card_id,cluster,history,current_poi,prediction,ground_truth,reason,hit,processing_time,status
040001429C4C85,3,"['Arena', 'Santa Anastasia', 'Teatro Romano']",Giardino Giusti,"['Museo Conte', 'Centro Fotografia', 'Museo Storia', 'AMO', 'Casa Giulietta']",Castelvecchio,strategy_nearest,False,0.019303321838378906,success
0400004A9C4C85,1,"['Arena', 'Torre Lamberti']",Casa Giulietta,"['Centro Fotografia', 'Sighseeing', 'Museo Conte', 'Museo Radio', 'Palazzo della Ragione']",Palazzo della Ragione,strategy_nearest,True,0.027059078216552734,success
0400034A9C4C85,3,"['Torre Lamberti', 'Casa Giulietta']",Teatro Romano,"['Santa Anastasia', 'Duomo', 'AMO', 'Palazzo della Ragione', 'Museo Conte']",Duomo,strategy_nearest,True,0.08278989791870117,success
0400014A9C4C85,0,['Arena'],Casa Giulietta,"['Centro Fotografia', 'Sighseeing', 'Torre Lamberti', 'Museo Conte', 'Museo Radio']",Torre Lamberti,strategy_nearest,True,0.0821990966796875,success
0400084A9C4C85,1,['Arena'],Santa Anastasia,"['AMO', 'Museo Conte', 'Palazzo della Ragione', 'Teatro Romano', 'Centro Fotografia']",Torre Lamberti,strategy_nearest,False,0.01901388168334961,success
040038429C4C81,3,"['Arena', 'Torre Lamberti']",Santa Anastasia,"['AMO', 'Museo Conte', 'Palazzo della Ragione', 'Teatro Romano', 'Centro Fotografia']",Duomo,strategy_nearest,False,0.0018889904022216797,success
04000B4A9C4C85,3,['Arena'],Santa Anastasia,"['AMO', 'Museo Conte', 'Palazzo della Ragione', 'Teatro Romano', 'Centro Fotografia']",Duomo,strategy_nearest,False,0.0628809928894043,success
0400094A9C4C85,3,"['Arena', 'Casa Giulietta']",Torre Lamberti,"['Sighseeing', 'Centro Fotografia', 'Museo Conte', 'Palazzo della Ragione', 'AMO']",Santa Anastasia,strategy_nearest,False,0.08242297172546387,success
040050429C4C81,1,"['Arena', 'San Fermo', 'Teatro Romano', 'Duomo', 'Santa Anastasia']",Torre Lamberti,"['Sighseeing', 'Centro Fotografia', 'Museo Conte', 'Casa Giulietta', 'Palazzo della Ragione']",Palazzo della Ragione,strategy_nearest,True,0.07567286491394043,success
0400493A9C4C81,3,"['Giardino Giusti', 'Teatro Romano']",San Fermo,"['Museo Storia', 'Museo Radio', 'Casa Giulietta', 'Centro Fotografia', 'Arena']",Arena,strategy_nearest,True,0.013716936111450195,success
04000D429C4C85,1,"['Casa Giulietta', 'Torre Lamberti', 'Palazzo della Ragione']",Arena,"['Verona Tour', 'Museo Lapidario', 'Museo Radio', 'San Fermo', 'Sighseeing']",Santa Anastasia,strategy_nearest,False,0.022281169891357422,success
04004F3A9C4C81,3,"['Arena', 'Castelvecchio', 'Teatro Romano']",Giardino Giusti,"['Santa Anastasia', 'Museo Conte', 'Centro Fotografia', 'Museo Storia', 'AMO']",Casa Giulietta,strategy_nearest,False,0.06846117973327637,success
04006B3A9C4C81,0,['Arena'],Casa Giulietta,"['Centro Fotografia', 'Sighseeing', 'Torre Lamberti', 'Museo Conte', 'Museo Radio']",Castelvecchio,strategy_nearest,False,0.008091926574707031,success
0400754A9C4C81,3,"['Tomba Giulietta', 'Arena', 'Castelvecchio']",Casa Giulietta,"['Centro Fotografia', 'Sighseeing', 'Torre Lamberti', 'Museo Conte', 'Museo Radio']",Torre Lamberti,strategy_nearest,True,0.007133960723876953,success
0400774A9C4C81,0,['Arena'],Torre Lamberti,"['Sighseeing', 'Centro Fotografia', 'Museo Conte', 'Casa Giulietta', 'Palazzo della Ragione']",Casa Giulietta,strategy_nearest,True,0.08957886695861816,success
0400784A9C4C81,3,"['Torre Lamberti', 'Duomo']",Teatro Romano,"['Santa Anastasia', 'AMO', 'Palazzo della Ragione', 'Museo Conte', 'Centro Fotografia']",Arena,strategy_nearest,False,0.007586002349853516,success
04007A429C4C81,1,"['Tomba Giulietta', 'Arena']",Palazzo della Ragione,"['AMO', 'Museo Conte', 'Torre Lamberti', 'Centro Fotografia', 'Sighseeing']",Torre Lamberti,strategy_nearest,True,0.007220029830932617,success
04007A4A9C4C81,1,"['Casa Giulietta', 'Torre Lamberti']",Palazzo della Ragione,"['AMO', 'Museo Conte', 'Centro Fotografia', 'Sighseeing', 'Santa Anastasia']",Santa Anastasia,strategy_nearest,True,0.012913703918457031,success
040089429C4C81,3,"['Arena', 'Casa Giulietta']",Santa Anastasia,"['AMO', 'Museo Conte', 'Palazzo della Ragione', 'Teatro Romano', 'Centro Fotografia']",Duomo,strategy_nearest,False,0.008008956909179688,success
04007E3A9C4C81,2,['Castelvecchio'],Casa Giulietta,"['Centro Fotografia', 'Sighseeing', 'Torre Lamberti', 'Museo Conte', 'Museo Radio']",San Fermo,strategy_nearest,False,0.01531219482421875,success
04007D4A9C4C81,1,"['Duomo', 'Santa Anastasia']",Palazzo della Ragione,"['AMO', 'Museo Conte', 'Torre Lamberti', 'Centro Fotografia', 'Sighseeing']",Casa Giulietta,strategy_nearest,False,0.013723134994506836,success
04008E429C4C81,1,"['Arena', 'Casa Giulietta', 'Palazzo della Ragione']",Torre Lamberti,"['Sighseeing', 'Centro Fotografia', 'Museo Conte', 'AMO', 'Museo Miniscalchi']",Teatro Romano,strategy_nearest,False,0.01637411117553711,success
040097429C4C81,0,['Arena'],Casa Giulietta,"['Centro Fotografia', 'Sighseeing', 'Torre Lamberti', 'Museo Conte', 'Museo Radio']",Torre Lamberti,strategy_nearest,True,0.023534059524536133,success
0400B04A9C4C81,0,['Arena'],Casa Giulietta,"['Centro Fotografia', 'Sighseeing', 'Torre Lamberti', 'Museo Conte', 'Museo Radio']",Torre Lamberti,strategy_nearest,True,0.0018460750579833984,success
0400AE4A9C4C81,2,['Castelvecchio'],Santa Anastasia,"['AMO', 'Museo Conte', 'Palazzo della Ragione', 'Teatro Romano', 'Centro Fotografia']",Teatro Romano,strategy_nearest,True,0.0014300346374511719,success
0400B94A9C4C81,0,['Arena'],Castelvecchio,"['Museo Lapidario', 'Verona Tour', 'Museo Radio', 'San Zeno', 'Sighseeing']",Casa Giulietta,strategy_nearest,False,0.00168609619140625,success
0400B64A9C4C81,4,"['Arena', 'Museo Lapidario', 'Castelvecchio', 'Duomo', 'Santa Anastasia']",Torre Lamberti,"['Sighseeing', 'Centro Fotografia', 'Museo Conte', 'Casa Giulietta', 'Palazzo della Ragione']",Casa Giulietta,strategy_nearest,True,0.0028421878814697266,success
0400BE4A9C4C81,3,['Arena'],Castelvecchio,"['Museo Lapidario', 'Verona Tour', 'Museo Radio', 'San Zeno', 'Sighseeing']",Santa Anastasia,strategy_nearest,False,0.0018587112426757812,success
0400B84A9C4C81,3,['Arena'],Casa Giulietta,"['Centro Fotografia', 'Sighseeing', 'Torre Lamberti', 'Museo Conte', 'Museo Radio']",Torre Lamberti,strategy_nearest,True,0.002794027328491211,success
0400C93A9C4C81,0,"['Castelvecchio', 'Arena']",Casa Giulietta,"['Centro Fotografia', 'Sighseeing', 'Torre Lamberti', 'Museo Conte', 'Museo Radio']",Torre Lamberti,strategy_nearest,True,0.002660036087036133,success
0400CD4A9C4C81,1,['Arena'],Casa Giulietta,"['Centro Fotografia', 'Sighseeing', 'Torre Lamberti', 'Museo Conte', 'Museo Radio']",Torre Lamberti,strategy_nearest,True,0.001661062240600586,success
0400AD4A9C4C81,2,['Casa Giulietta'],Torre Lamberti,"['Sighseeing', 'Centro Fotografia', 'Museo Conte', 'Palazzo della Ragione', 'AMO']",Santa Anastasia,strategy_nearest,False,0.009262800216674805,success
0400D04A9C4C81,3,"['Arena', 'Museo Lapidario', 'Casa Giulietta', 'Torre Lamberti']",Santa Anastasia,"['AMO', 'Museo Conte', 'Palazzo della Ragione', 'Teatro Romano', 'Centro Fotografia']",Teatro Romano,strategy_nearest,True,0.002768993377685547,success
0400CF3A9C4C81,0,['Casa Giulietta'],Torre Lamberti,"['Sighseeing', 'Centro Fotografia', 'Museo Conte', 'Palazzo della Ragione', 'AMO']",Arena,strategy_nearest,False,0.002042055130004883,success
0400E94A9C4C81,3,['Arena'],Santa Anastasia,"['AMO', 'Museo Conte', 'Palazzo della Ragione', 'Teatro Romano', 'Centro Fotografia']",Duomo,strategy_nearest,False,0.0010988712310791016,success
0400F03A9C4C81,1,"['Arena', 'Casa Giulietta', 'Santa Anastasia', 'Duomo']",Teatro Romano,"['AMO', 'Palazzo della Ragione', 'Museo Conte', 'Centro Fotografia', 'Museo Miniscalchi']",Palazzo della Ragione,strategy_nearest,True,0.002189159393310547,success
0400D53A9C4C81,3,"['Arena', 'Casa Giulietta', 'Torre Lamberti']",Santa Anastasia,"['AMO', 'Museo Conte', 'Palazzo della Ragione', 'Teatro Romano', 'Centro Fotografia']",Teatro Romano,strategy_nearest,True,0.005464792251586914,success
0400E8429C4C81,1,"['Arena', 'Museo Lapidario', 'Casa Giulietta', 'San Fermo']",Torre Lamberti,"['Sighseeing', 'Centro Fotografia', 'Museo Conte', 'Palazzo della Ragione', 'AMO']",Palazzo della Ragione,strategy_nearest,True,0.0029840469360351562,success
0400F84A9C4C81,2,"['San Fermo', 'Casa Giulietta', 'Torre Lamberti']",Santa Anastasia,"['AMO', 'Museo Conte', 'Palazzo della Ragione', 'Teatro Romano', 'Centro Fotografia']",Teatro Romano,strategy_nearest,True,0.0029420852661132812,success
0401084A9C4C85,1,"['Casa Giulietta', 'Santa Anastasia', 'Duomo', 'Palazzo della Ragione']",Torre Lamberti,"['Sighseeing', 'Centro Fotografia', 'Museo Conte', 'AMO', 'Museo Miniscalchi']",Arena,strategy_nearest,False,0.002660989761352539,success
0400F9429C4C81,3,"['Santa Anastasia', 'Teatro Romano']",Duomo,"['AMO', 'Museo Miniscalchi', 'Palazzo della Ragione', 'Museo Conte', 'Torre Lamberti']",Castelvecchio,strategy_nearest,False,0.0035719871520996094,success
0401104A9C4C85,1,"['Arena', 'Casa Giulietta', 'Palazzo della Ragione', 'Torre Lamberti']",Duomo,"['AMO', 'Museo Miniscalchi', 'Santa Anastasia', 'Teatro Romano', 'Museo Conte']",Teatro Romano,strategy_nearest,True,0.0030341148376464844,success
0400FB3A9C4C81,1,"['Castelvecchio', 'Arena']",Casa Giulietta,"['Centro Fotografia', 'Sighseeing', 'Torre Lamberti', 'Museo Conte', 'Museo Radio']",Torre Lamberti,strategy_nearest,True,0.0019321441650390625,success
04013C429C4C81,3,['Arena'],Casa Giulietta,"['Centro Fotografia', 'Sighseeing', 'Torre Lamberti', 'Museo Conte', 'Museo Radio']",Torre Lamberti,strategy_nearest,True,0.0027251243591308594,success
0401384A9C4C81,3,"['Arena', 'Casa Giulietta', 'Torre Lamberti']",Teatro Romano,"['Santa Anastasia', 'Duomo', 'AMO', 'Palazzo della Ragione', 'Museo Conte']",Castelvecchio,strategy_nearest,False,0.0021398067474365234,success
04012D429C4C81,1,"['Castelvecchio', 'Arena']",Duomo,"['AMO', 'Museo Miniscalchi', 'Santa Anastasia', 'Teatro Romano', 'Palazzo della Ragione']",Torre Lamberti,strategy_nearest,False,0.0021131038665771484,success
0401413A9C4C81,1,"['Arena', 'Casa Giulietta', 'Palazzo della Ragione']",Santa Anastasia,"['AMO', 'Museo Conte', 'Teatro Romano', 'Centro Fotografia', 'Duomo']",Duomo,strategy_nearest,True,0.0032880306243896484,success
04014F3A9C4C81,3,"['Santa Anastasia', 'Duomo']",Casa Giulietta,"['Centro Fotografia', 'Sighseeing', 'Torre Lamberti', 'Museo Conte', 'Museo Radio']",San Fermo,strategy_nearest,False,0.0015530586242675781,success
040145429C4C81,0,['Casa Giulietta'],Arena,"['Verona Tour', 'Museo Lapidario', 'Museo Radio', 'San Fermo', 'Sighseeing']",Castelvecchio,strategy_nearest,False,0.002794027328491211,success
04014F429C4C81,2,"['Castelvecchio', 'Duomo']",Teatro Romano,"['Santa Anastasia', 'AMO', 'Palazzo della Ragione', 'Museo Conte', 'Centro Fotografia']",Casa Giulietta,strategy_nearest,False,0.002004861831665039,success
04014C3A9C4C81,0,['Castelvecchio'],Casa Giulietta,"['Centro Fotografia', 'Sighseeing', 'Torre Lamberti', 'Museo Conte', 'Museo Radio']",Duomo,strategy_nearest,False,0.0034308433532714844,success
0401514A9C4C81,3,"['Arena', 'Casa Giulietta']",Santa Anastasia,"['AMO', 'Museo Conte', 'Palazzo della Ragione', 'Teatro Romano', 'Centro Fotografia']",Duomo,strategy_nearest,False,0.002086162567138672,success
0401673A9C4C81,1,"['Arena', 'Torre Lamberti', 'Palazzo della Ragione']",Casa Giulietta,"['Centro Fotografia', 'Sighseeing', 'Museo Conte', 'Museo Radio', 'San Fermo']",Tomba Giulietta,strategy_nearest,False,0.0034499168395996094,success
04016E3A9C4C81,3,"['Arena', 'Duomo']",Santa Anastasia,"['AMO', 'Museo Conte', 'Palazzo della Ragione', 'Teatro Romano', 'Centro Fotografia']",Casa Giulietta,strategy_nearest,False,0.002146005630493164,success
040172429C4C81,0,['Castelvecchio'],Arena,"['Verona Tour', 'Museo Lapidario', 'Museo Radio', 'San Fermo', 'Casa Giulietta']",Casa Giulietta,strategy_nearest,True,0.0033180713653564453,success
040181429C4C81,1,"['Arena', 'Castelvecchio']",Casa Giulietta,"['Centro Fotografia', 'Sighseeing', 'Torre Lamberti', 'Museo Conte', 'Museo Radio']",Duomo,strategy_nearest,False,0.002694845199584961,success
040179429C4C81,0,['Arena'],Casa Giulietta,"['Centro Fotografia', 'Sighseeing', 'Torre Lamberti', 'Museo Conte', 'Museo Radio']",Castelvecchio,strategy_nearest,False,0.003225088119506836,success
04017D3A9C4C81,3,"['Santa Anastasia', 'Torre Lamberti']",Duomo,"['AMO', 'Museo Miniscalchi', 'Teatro Romano', 'Palazzo della Ragione', 'Museo Conte']",Arena,strategy_nearest,False,0.001898050308227539,success
0401884A9C4C81,0,['Arena'],Torre Lamberti,"['Sighseeing', 'Centro Fotografia', 'Museo Conte', 'Casa Giulietta', 'Palazzo della Ragione']",Casa Giulietta,strategy_nearest,True,0.0026979446411132812,success
040197429C4C81,3,"['Casa Giulietta', 'Santa Anastasia']",Duomo,"['AMO', 'Museo Miniscalchi', 'Teatro Romano', 'Palazzo della Ragione', 'Museo Conte']",Torre Lamberti,strategy_nearest,False,0.0025758743286132812,success
0401853A9C4C81,1,"['Arena', 'Castelvecchio', 'Teatro Romano']",Casa Giulietta,"['Centro Fotografia', 'Sighseeing', 'Torre Lamberti', 'Museo Conte', 'Museo Radio']",Palazzo della Ragione,strategy_nearest,False,0.0031778812408447266,success
0401944A9C4C81,3,['Castelvecchio'],Arena,"['Verona Tour', 'Museo Lapidario', 'Museo Radio', 'San Fermo', 'Casa Giulietta']",Santa Anastasia,strategy_nearest,False,0.0020380020141601562,success
0401B24A9C4C81,0,"['Museo Lapidario', 'Arena']",Casa Giulietta,"['Centro Fotografia', 'Sighseeing', 'Torre Lamberti', 'Museo Conte', 'Museo Radio']",Torre Lamberti,strategy_nearest,True,0.0013842582702636719,success
0401A74A9C4C81,2,['Casa Giulietta'],Torre Lamberti,"['Sighseeing', 'Centro Fotografia', 'Museo Conte', 'Palazzo della Ragione', 'AMO']",Santa Anastasia,strategy_nearest,False,0.0027511119842529297,success
0401AC3A9C4C81,0,['Arena'],Casa Giulietta,"['Centro Fotografia', 'Sighseeing', 'Torre Lamberti', 'Museo Conte', 'Museo Radio']",Santa Anastasia,strategy_nearest,False,0.0033020973205566406,success
0401AF4A9C4C81,1,"['Palazzo della Ragione', 'Casa Giulietta']",Arena,"['Verona Tour', 'Museo Lapidario', 'Museo Radio', 'San Fermo', 'Sighseeing']",Santa Anastasia,strategy_nearest,False,0.0020570755004882812,success
0401BB4A9C4C81,0,"['Arena', 'Casa Giulietta']",Museo Storia,"['San Fermo', 'Museo Radio', 'Centro Fotografia', 'Tomba Giulietta', 'Torre Lamberti']",Tomba Giulietta,strategy_nearest,True,0.0014581680297851562,success
0401B54A9C4C81,2,['Casa Giulietta'],Santa Anastasia,"['AMO', 'Museo Conte', 'Palazzo della Ragione', 'Teatro Romano', 'Centro Fotografia']",Duomo,strategy_nearest,False,0.0021409988403320312,success
0401BD3A9C4C81,0,['Torre Lamberti'],Casa Giulietta,"['Centro Fotografia', 'Sighseeing', 'Museo Conte', 'Museo Radio', 'Palazzo della Ragione']",Arena,strategy_nearest,False,0.002580881118774414,success
0401B74A9C4C81,2,"['Casa Giulietta', 'Santa Anastasia']",Castelvecchio,"['Museo Lapidario', 'Verona Tour', 'Arena', 'Museo Radio', 'San Zeno']",San Zeno,strategy_nearest,True,0.0034148693084716797,success
0401CC4A9C4C81,0,"['Tomba Giulietta', 'San Fermo']",Casa Giulietta,"['Centro Fotografia', 'Sighseeing', 'Torre Lamberti', 'Museo Conte', 'Museo Radio']",Arena,strategy_nearest,False,0.001378774642944336,success
0401C54A9C4C81,0,['Arena'],Casa Giulietta,"['Centro Fotografia', 'Sighseeing', 'Torre Lamberti', 'Museo Conte', 'Museo Radio']",Torre Lamberti,strategy_nearest,True,0.0020499229431152344,success
0401BE4A9C4C81,1,"['Arena', 'Casa Giulietta']",Palazzo della Ragione,"['AMO', 'Museo Conte', 'Torre Lamberti', 'Centro Fotografia', 'Sighseeing']",Torre Lamberti,strategy_nearest,True,0.0039408206939697266,success
0401C2429C4C81,0,['Arena'],Castelvecchio,"['Museo Lapidario', 'Verona Tour', 'Museo Radio', 'San Zeno', 'Sighseeing']",Casa Giulietta,strategy_nearest,False,0.003328084945678711,success
0401CD4A9C4C81,0,['San Fermo'],Casa Giulietta,"['Centro Fotografia', 'Sighseeing', 'Torre Lamberti', 'Museo Conte', 'Museo Radio']",Duomo,strategy_nearest,False,0.0027551651000976562,success
0401D8429C4C81,1,"['Arena', 'Torre Lamberti']",Palazzo della Ragione,"['AMO', 'Museo Conte', 'Centro Fotografia', 'Sighseeing', 'Santa Anastasia']",Giardino Giusti,strategy_nearest,False,0.003171682357788086,success
0401D13A9C4C81,3,"['Arena', 'Casa Giulietta', 'Torre Lamberti']",Santa Anastasia,"['AMO', 'Museo Conte', 'Palazzo della Ragione', 'Teatro Romano', 'Centro Fotografia']",Duomo,strategy_nearest,False,0.0021371841430664062,success
0401DB429C4C81,1,"['Duomo', 'Casa Giulietta', 'Castelvecchio']",Arena,"['Verona Tour', 'Museo Lapidario', 'Museo Radio', 'San Fermo', 'Sighseeing']",Palazzo della Ragione,strategy_nearest,False,0.0013790130615234375,success
0401E9429C4C81,0,"['Arena', 'Castelvecchio']",Tomba Giulietta,"['San Fermo', 'Museo Storia', 'Museo Lapidario', 'Museo Radio', 'Verona Tour']",Casa Giulietta,strategy_nearest,False,0.0021920204162597656,success
0401ED4A9C4C81,1,['Arena'],Casa Giulietta,"['Centro Fotografia', 'Sighseeing', 'Torre Lamberti', 'Museo Conte', 'Museo Radio']",Santa Anastasia,strategy_nearest,False,0.0027441978454589844,success
0401F63A9C4C81,2,['Tomba Giulietta'],Castelvecchio,"['Museo Lapidario', 'Verona Tour', 'Arena', 'Museo Radio', 'San Zeno']",Torre Lamberti,strategy_nearest,False,0.0013790130615234375,success
0401F04A9C4C81,0,['Arena'],Torre Lamberti,"['Sighseeing', 'Centro Fotografia', 'Museo Conte', 'Casa Giulietta', 'Palazzo della Ragione']",Casa Giulietta,strategy_nearest,True,0.0033102035522460938,success
0401FB429C4C81,3,"['Arena', 'Casa Giulietta']",Torre Lamberti,"['Sighseeing', 'Centro Fotografia', 'Museo Conte', 'Palazzo della Ragione', 'AMO']",Duomo,strategy_nearest,False,0.003412008285522461,success
0401FB4A9C4C81,0,"['Arena', 'Casa Giulietta']",Teatro Romano,"['Santa Anastasia', 'Duomo', 'AMO', 'Palazzo della Ragione', 'Museo Conte']",Duomo,strategy_nearest,True,0.0015900135040283203,success
0401FF4A9C4C81,1,"['Arena', 'Museo Lapidario', 'Casa Giulietta']",Palazzo della Ragione,"['AMO', 'Museo Conte', 'Torre Lamberti', 'Centro Fotografia', 'Sighseeing']",Torre Lamberti,strategy_nearest,True,0.0021538734436035156,success
0401F8429C4C81,0,['Arena'],Castelvecchio,"['Museo Lapidario', 'Verona Tour', 'Museo Radio', 'San Zeno', 'Sighseeing']",Casa Giulietta,strategy_nearest,False,0.0028281211853027344,success
0402024A9C4C85,2,['Casa Giulietta'],Teatro Romano,"['Santa Anastasia', 'Duomo', 'AMO', 'Palazzo della Ragione', 'Museo Conte']",Duomo,strategy_nearest,True,0.0015387535095214844,success
0402004A9C4C85,3,"['Arena', 'Castelvecchio', 'Santa Anastasia']",Tomba Giulietta,"['San Fermo', 'Museo Storia', 'Museo Lapidario', 'Museo Radio', 'Verona Tour']",San Fermo,strategy_nearest,True,0.002750873565673828,success
0402034A9C4C85,0,['Arena'],Casa Giulietta,"['Centro Fotografia', 'Sighseeing', 'Torre Lamberti', 'Museo Conte', 'Museo Radio']",Torre Lamberti,strategy_nearest,True,0.0032782554626464844,success
0402044A9C4C85,1,"['Palazzo della Ragione', 'Torre Lamberti', 'Casa Giulietta']",Arena,"['Verona Tour', 'Museo Lapidario', 'Museo Radio', 'San Fermo', 'Sighseeing']",Castelvecchio,strategy_nearest,False,0.0020139217376708984,success
04020F4A9C4C85,2,['Palazzo della Ragione'],Santa Anastasia,"['AMO', 'Museo Conte', 'Teatro Romano', 'Centro Fotografia', 'Duomo']",San Zeno,strategy_nearest,False,0.0026459693908691406,success
04022D429C4C81,3,['Castelvecchio'],Arena,"['Verona Tour', 'Museo Lapidario', 'Museo Radio', 'San Fermo', 'Casa Giulietta']",San Fermo,strategy_nearest,True,0.0031838417053222656,success
04020E429C4C85,0,['Arena'],Duomo,"['AMO', 'Museo Miniscalchi', 'Santa Anastasia', 'Teatro Romano', 'Palazzo della Ragione']",Casa Giulietta,strategy_nearest,False,0.0019750595092773438,success
04020D429C4C85,1,"['Arena', 'Torre Lamberti', 'Santa Anastasia']",Duomo,"['AMO', 'Museo Miniscalchi', 'Teatro Romano', 'Palazzo della Ragione', 'Museo Conte']",Teatro Romano,strategy_nearest,True,0.0013949871063232422,success
040246429C4C81,3,"['Duomo', 'Santa Anastasia']",Casa Giulietta,"['Centro Fotografia', 'Sighseeing', 'Torre Lamberti', 'Museo Conte', 'Museo Radio']",Arena,strategy_nearest,False,0.0022110939025878906,success
0402663A9C4C81,3,"['Arena', 'Museo Lapidario', 'Casa Giulietta']",Torre Lamberti,"['Sighseeing', 'Centro Fotografia', 'Museo Conte', 'Palazzo della Ragione', 'AMO']",Teatro Romano,strategy_nearest,False,0.002733945846557617,success
0402473A9C4C81,0,['Arena'],Casa Giulietta,"['Centro Fotografia', 'Sighseeing', 'Torre Lamberti', 'Museo Conte', 'Museo Radio']",Castelvecchio,strategy_nearest,False,0.0015790462493896484,success
0402323A9C4C81,1,"['Santa Anastasia', 'Duomo', 'Arena']",Castelvecchio,"['Museo Lapidario', 'Verona Tour', 'Museo Radio', 'San Zeno', 'Sighseeing']",Casa Giulietta,strategy_nearest,False,0.0034759044647216797,success
040275429C4C81,0,['Arena'],Casa Giulietta,"['Centro Fotografia', 'Sighseeing', 'Torre Lamberti', 'Museo Conte', 'Museo Radio']",Castelvecchio,strategy_nearest,False,0.0026209354400634766,success
0402784A9C4C81,1,['Arena'],Palazzo della Ragione,"['AMO', 'Museo Conte', 'Torre Lamberti', 'Centro Fotografia', 'Sighseeing']",Casa Giulietta,strategy_nearest,False,0.0014472007751464844,success
0402984A9C4C81,0,"['Castelvecchio', 'Torre Lamberti']",Casa Giulietta,"['Centro Fotografia', 'Sighseeing', 'Museo Conte', 'Museo Radio', 'Palazzo della Ragione']",Arena,strategy_nearest,False,0.0019791126251220703,success
0402724A9C4C81,0,['Arena'],Casa Giulietta,"['Centro Fotografia', 'Sighseeing', 'Torre Lamberti', 'Museo Conte', 'Museo Radio']",Torre Lamberti,strategy_nearest,True,0.0045261383056640625,success
0402AD3A9C4C81,0,['Casa Giulietta'],Arena,"['Verona Tour', 'Museo Lapidario', 'Museo Radio', 'San Fermo', 'Sighseeing']",Torre Lamberti,strategy_nearest,False,0.0026869773864746094,success
0402AB3A9C4C81,1,"['Arena', 'Casa Giulietta', 'Torre Lamberti']",Palazzo della Ragione,"['AMO', 'Museo Conte', 'Centro Fotografia', 'Sighseeing', 'Santa Anastasia']",Santa Anastasia,strategy_nearest,True,0.002223968505859375,success
0402AE3A9C4C81,0,['Casa Giulietta'],Arena,"['Verona Tour', 'Museo Lapidario', 'Museo Radio', 'San Fermo', 'Sighseeing']",Tomba Giulietta,strategy_nearest,False,0.003198862075805664,success
04029A429C4C81,1,"['Duomo', 'Torre Lamberti']",Palazzo della Ragione,"['AMO', 'Museo Conte', 'Centro Fotografia', 'Sighseeing', 'Santa Anastasia']",Arena,strategy_nearest,False,0.002357959747314453,success
0402B54A9C4C81,2,"['Casa Giulietta', 'Torre Lamberti']",Torre Lamberti,"['Sighseeing', 'Centro Fotografia', 'Museo Conte', 'Palazzo della Ragione', 'AMO']",Palazzo della Ragione,strategy_nearest,True,0.0021038055419921875,success
0402B8429C4C81,1,"['Arena', 'Casa Giulietta']",Castelvecchio,"['Museo Lapidario', 'Verona Tour', 'Museo Radio', 'San Zeno', 'Sighseeing']",Torre Lamberti,strategy_nearest,False,0.0013918876647949219,success
0402AF3A9C4C81,3,"['Arena', 'Casa Giulietta']",Torre Lamberti,"['Sighseeing', 'Centro Fotografia', 'Museo Conte', 'Palazzo della Ragione', 'AMO']",Teatro Romano,strategy_nearest,False,0.002789020538330078,success
0402B53A9C4C81,1,"['Arena', 'Casa Giulietta', 'Teatro Romano', 'Duomo']",Palazzo della Ragione,"['AMO', 'Museo Conte', 'Torre Lamberti', 'Centro Fotografia', 'Sighseeing']",Torre Lamberti,strategy_nearest,True,0.003463268280029297,success
0402BA4A9C4C81,3,"['Teatro Romano', 'Santa Anastasia']",Torre Lamberti,"['Sighseeing', 'Centro Fotografia', 'Museo Conte', 'Casa Giulietta', 'Palazzo della Ragione']",Arena,strategy_nearest,False,0.0021829605102539062,success
0402C03A9C4C81,0,"['Arena', 'Castelvecchio']",Teatro Romano,"['Santa Anastasia', 'Duomo', 'AMO', 'Palazzo della Ragione', 'Museo Conte']",Torre Lamberti,strategy_nearest,False,0.0033118724822998047,success
0402BF4A9C4C81,0,['Arena'],Casa Giulietta,"['Centro Fotografia', 'Sighseeing', 'Torre Lamberti', 'Museo Conte', 'Museo Radio']",Torre Lamberti,strategy_nearest,True,0.0027921199798583984,success
0402C2429C4C81,0,['Arena'],Castelvecchio,"['Museo Lapidario', 'Verona Tour', 'Museo Radio', 'San Zeno', 'Sighseeing']",Casa Giulietta,strategy_nearest,False,0.0024390220642089844,success
0402CD3A9C4C81,0,"['Castelvecchio', 'Arena']",Duomo,"['AMO', 'Museo Miniscalchi', 'Santa Anastasia', 'Teatro Romano', 'Palazzo della Ragione']",Torre Lamberti,strategy_nearest,False,0.0014750957489013672,success
0402D03A9C4C81,3,"['Castelvecchio', 'Arena', 'Torre Lamberti']",Santa Anastasia,"['AMO', 'Museo Conte', 'Palazzo della Ragione', 'Teatro Romano', 'Centro Fotografia']",Casa Giulietta,strategy_nearest,False,0.0028460025787353516,success
0402F8429C4C81,0,['San Zeno'],Tomba Giulietta,"['San Fermo', 'Museo Storia', 'Arena', 'Museo Lapidario', 'Museo Radio']",Arena,strategy_nearest,True,0.0022220611572265625,success
0402F03A9C4C81,3,"['Castelvecchio', 'Arena', 'Casa Giulietta']",Santa Anastasia,"['AMO', 'Museo Conte', 'Palazzo della Ragione', 'Teatro Romano', 'Centro Fotografia']",Teatro Romano,strategy_nearest,True,0.0030498504638671875,success
0402E93A9C4C81,3,"['Arena', 'Casa Giulietta']",Torre Lamberti,"['Sighseeing', 'Centro Fotografia', 'Museo Conte', 'Palazzo della Ragione', 'AMO']",Santa Anastasia,strategy_nearest,False,0.0061380863189697266,success
0402ED4A9C4C81,1,"['Arena', 'Tomba Giulietta']",Casa Giulietta,"['Centro Fotografia', 'Sighseeing', 'Torre Lamberti', 'Museo Conte', 'Museo Radio']",San Fermo,strategy_nearest,False,0.001856088638305664,success
0403024A9C4C85,1,"['Arena', 'Torre Lamberti']",Palazzo della Ragione,"['AMO', 'Museo Conte', 'Centro Fotografia', 'Sighseeing', 'Santa Anastasia']",Santa Anastasia,strategy_nearest,True,0.0025098323822021484,success
0403004A9C4C85,3,"['Teatro Romano', 'Santa Anastasia']",Torre Lamberti,"['Sighseeing', 'Centro Fotografia', 'Museo Conte', 'Casa Giulietta', 'Palazzo della Ragione']",Arena,strategy_nearest,False,0.0020508766174316406,success
0402FB4A9C4C81,0,['Arena'],Torre Lamberti,"['Sighseeing', 'Centro Fotografia', 'Museo Conte', 'Casa Giulietta', 'Palazzo della Ragione']",Castelvecchio,strategy_nearest,False,0.0026819705963134766,success
04032E3A9C4C81,2,['Casa Giulietta'],Torre Lamberti,"['Sighseeing', 'Centro Fotografia', 'Museo Conte', 'Palazzo della Ragione', 'AMO']",San Fermo,strategy_nearest,False,0.002026081085205078,success
04032D3A9C4C81,3,['Arena'],Torre Lamberti,"['Sighseeing', 'Centro Fotografia', 'Museo Conte', 'Casa Giulietta', 'Palazzo della Ragione']",Duomo,strategy_nearest,False,0.0014977455139160156,success
04030E4A9C4C85,0,['Arena'],Casa Giulietta,"['Centro Fotografia', 'Sighseeing', 'Torre Lamberti', 'Museo Conte', 'Museo Radio']",San Zeno,strategy_nearest,False,0.0034859180450439453,success
0403044A9C4C85,0,"['Castelvecchio', 'Arena']",San Zeno,"['Verona Tour', 'Museo Lapidario', 'Museo Miniscalchi', 'Sighseeing', 'Museo Radio']",Casa Giulietta,strategy_nearest,False,0.005280971527099609,success
0403394A9C4C81,1,"['San Zeno', 'Castelvecchio', 'Arena']",Santa Anastasia,"['AMO', 'Museo Conte', 'Palazzo della Ragione', 'Teatro Romano', 'Centro Fotografia']",Duomo,strategy_nearest,False,0.0020210742950439453,success
04033C4A9C4C81,2,['San Fermo'],Tomba Giulietta,"['Museo Storia', 'Arena', 'Museo Lapidario', 'Museo Radio', 'Verona Tour']",Santa Anastasia,strategy_nearest,False,0.0026481151580810547,success
04033A4A9C4C81,1,"['San Zeno', 'Castelvecchio']",Arena,"['Verona Tour', 'Museo Lapidario', 'Museo Radio', 'San Fermo', 'Casa Giulietta']",Santa Anastasia,strategy_nearest,False,0.0033321380615234375,success
04032F429C4C81,0,"['Casa Giulietta', 'Torre Lamberti']",Tomba Giulietta,"['San Fermo', 'Museo Storia', 'Arena', 'Museo Lapidario', 'Museo Radio']",Arena,strategy_nearest,True,0.0035610198974609375,success
0403643A9C4C81,3,"['Castelvecchio', 'Arena']",Casa Giulietta,"['Centro Fotografia', 'Sighseeing', 'Torre Lamberti', 'Museo Conte', 'Museo Radio']",Duomo,strategy_nearest,False,0.002877950668334961,success
0403583A9C4C81,3,"['Arena', 'Tomba Giulietta', 'San Fermo', 'Casa Giulietta']",Torre Lamberti,"['Sighseeing', 'Centro Fotografia', 'Museo Conte', 'Palazzo della Ragione', 'AMO']",Santa Anastasia,strategy_nearest,False,0.0023300647735595703,success
04034C3A9C4C81,3,"['Castelvecchio', 'Arena', 'San Fermo']",Teatro Romano,"['Santa Anastasia', 'Duomo', 'AMO', 'Palazzo della Ragione', 'Museo Conte']",Duomo,strategy_nearest,True,0.003747224807739258,success
04034A3A9C4C81,2,"['Duomo', 'Torre Lamberti']",Giardino Giusti,"['Santa Anastasia', 'Teatro Romano', 'Museo Conte', 'Centro Fotografia', 'Museo Storia']",San Zeno,strategy_nearest,False,0.003101348876953125,success
04036E429C4C81,0,"['Arena', 'Museo Lapidario']",Castelvecchio,"['Verona Tour', 'Museo Radio', 'San Zeno', 'Sighseeing', 'Museo Miniscalchi']",Casa Giulietta,strategy_nearest,False,0.002092123031616211,success
04036C3A9C4C81,0,"['Castelvecchio', 'Duomo']",Casa Giulietta,"['Centro Fotografia', 'Sighseeing', 'Torre Lamberti', 'Museo Conte', 'Museo Radio']",San Fermo,strategy_nearest,False,0.0028972625732421875,success
0403663A9C4C81,3,"['Arena', 'Santa Anastasia']",Teatro Romano,"['Duomo', 'AMO', 'Palazzo della Ragione', 'Museo Conte', 'Centro Fotografia']",San Zeno,strategy_nearest,False,0.0016927719116210938,success
040370429C4C81,3,['Arena'],Santa Anastasia,"['AMO', 'Museo Conte', 'Palazzo della Ragione', 'Teatro Romano', 'Centro Fotografia']",Torre Lamberti,strategy_nearest,False,0.003498077392578125,success
04038A429C4C81,1,"['Arena', 'Casa Giulietta', 'Palazzo della Ragione']",Tomba Giulietta,"['San Fermo', 'Museo Storia', 'Museo Lapidario', 'Museo Radio', 'Verona Tour']",Museo Lapidario,strategy_nearest,True,0.0029311180114746094,success
0403754A9C4C81,3,"['San Fermo', 'Torre Lamberti', 'Duomo']",Teatro Romano,"['Santa Anastasia', 'AMO', 'Palazzo della Ragione', 'Museo Conte', 'Centro Fotografia']",Santa Anastasia,strategy_nearest,True,0.0016360282897949219,success
04038D4A9C4C81,3,['Arena'],Casa Giulietta,"['Centro Fotografia', 'Sighseeing', 'Torre Lamberti', 'Museo Conte', 'Museo Radio']",Santa Anastasia,strategy_nearest,False,0.003523111343383789,success
04039E429C4C81,3,"['Casa Giulietta', 'Torre Lamberti']",Santa Anastasia,"['AMO', 'Museo Conte', 'Palazzo della Ragione', 'Teatro Romano', 'Centro Fotografia']",Duomo,strategy_nearest,False,0.002106904983520508,success
0403B63A9C4C81,3,['Arena'],Torre Lamberti,"['Sighseeing', 'Centro Fotografia', 'Museo Conte', 'Casa Giulietta', 'Palazzo della Ragione']",Santa Anastasia,strategy_nearest,False,0.003340005874633789,success
0403A2429C4C81,3,"['Arena', 'Casa Giulietta']",Torre Lamberti,"['Sighseeing', 'Centro Fotografia', 'Museo Conte', 'Palazzo della Ragione', 'AMO']",Santa Anastasia,strategy_nearest,False,0.0035037994384765625,success
0403AB4A9C4C81,3,"['San Zeno', 'Teatro Romano', 'Duomo']",Santa Anastasia,"['AMO', 'Museo Conte', 'Palazzo della Ragione', 'Centro Fotografia', 'Torre Lamberti']",Arena,strategy_nearest,False,0.0019860267639160156,success
0403AE429C4C81,0,"['Castelvecchio', 'Casa Giulietta']",San Fermo,"['Museo Storia', 'Museo Radio', 'Centro Fotografia', 'Arena', 'Sighseeing']",Arena,strategy_nearest,True,0.0013649463653564453,success
0403CF3A9C4C81,2,['Torre Lamberti'],Casa Giulietta,"['Centro Fotografia', 'Sighseeing', 'Museo Conte', 'Museo Radio', 'Palazzo della Ragione']",Duomo,strategy_nearest,False,0.002874135971069336,success
0403D23A9C4C81,3,"['Arena', 'Casa Giulietta']",Santa Anastasia,"['AMO', 'Museo Conte', 'Palazzo della Ragione', 'Teatro Romano', 'Centro Fotografia']",Torre Lamberti,strategy_nearest,False,0.0033562183380126953,success
0403C74A9C4C81,0,['Arena'],Castelvecchio,"['Museo Lapidario', 'Verona Tour', 'Museo Radio', 'San Zeno', 'Sighseeing']",Casa Giulietta,strategy_nearest,False,0.0023140907287597656,success
0403BA4A9C4C81,3,['Arena'],Santa Anastasia,"['AMO', 'Museo Conte', 'Palazzo della Ragione', 'Teatro Romano', 'Centro Fotografia']",Duomo,strategy_nearest,False,0.0015859603881835938,success
0403E3429C4C81,0,"['Arena', 'Museo Lapidario']",Casa Giulietta,"['Centro Fotografia', 'Sighseeing', 'Torre Lamberti', 'Museo Conte', 'Museo Radio']",Torre Lamberti,strategy_nearest,True,0.002285003662109375,success
0403DA429C4C81,4,"['Arena', 'Museo Lapidario', 'Castelvecchio', 'Duomo', 'Santa Anastasia']",Torre Lamberti,"['Sighseeing', 'Centro Fotografia', 'Museo Conte', 'Casa Giulietta', 'Palazzo della Ragione']",Casa Giulietta,strategy_nearest,True,0.0017197132110595703,success
0403EF4A9C4C81,1,"['Arena', 'Casa Giulietta']",Palazzo della Ragione,"['AMO', 'Museo Conte', 'Torre Lamberti', 'Centro Fotografia', 'Sighseeing']",Museo Storia,strategy_nearest,False,0.0028312206268310547,success
0403F03A9C4C81,3,"['Castelvecchio', 'Arena']",Casa Giulietta,"['Centro Fotografia', 'Sighseeing', 'Torre Lamberti', 'Museo Conte', 'Museo Radio']",Santa Anastasia,strategy_nearest,False,0.003231048583984375,success
0403FF429C4C81,0,['Arena'],Casa Giulietta,"['Centro Fotografia', 'Sighseeing', 'Torre Lamberti', 'Museo Conte', 'Museo Radio']",Torre Lamberti,strategy_nearest,True,0.003387928009033203,success
0403FB4A9C4C81,3,"['Arena', 'Casa Giulietta']",Santa Anastasia,"['AMO', 'Museo Conte', 'Palazzo della Ragione', 'Teatro Romano', 'Centro Fotografia']",Duomo,strategy_nearest,False,0.002844095230102539,success
0404024A9C4C85,0,['Arena'],Museo Lapidario,"['Verona Tour', 'Castelvecchio', 'Museo Radio', 'San Fermo', 'Casa Giulietta']",Castelvecchio,strategy_nearest,True,0.0021381378173828125,success
0403F54A9C4C81,3,"['Arena', 'Museo Lapidario']",Castelvecchio,"['Verona Tour', 'Museo Radio', 'San Zeno', 'Sighseeing', 'Museo Miniscalchi']",Casa Giulietta,strategy_nearest,False,0.0016908645629882812,success
040402C27B3F85,0,"['Arena', 'Casa Giulietta']",Torre Lamberti,"['Sighseeing', 'Centro Fotografia', 'Museo Conte', 'Palazzo della Ragione', 'AMO']",Giardino Giusti,strategy_nearest,False,0.001644134521484375,success
040449429C4C81,0,"['Casa Giulietta', 'Arena']",Tomba Giulietta,"['San Fermo', 'Museo Storia', 'Museo Lapidario', 'Museo Radio', 'Verona Tour']",Duomo,strategy_nearest,False,0.0025701522827148438,success
040437429C4C81,0,['Castelvecchio'],Arena,"['Verona Tour', 'Museo Lapidario', 'Museo Radio', 'San Fermo', 'Casa Giulietta']",Casa Giulietta,strategy_nearest,True,0.003314971923828125,success
04042B429C4C81,0,['Casa Giulietta'],Arena,"['Verona Tour', 'Museo Lapidario', 'Museo Radio', 'San Fermo', 'Sighseeing']",Tomba Giulietta,strategy_nearest,False,0.002189159393310547,success
040476429C4C81,0,['Arena'],Casa Giulietta,"['Centro Fotografia', 'Sighseeing', 'Torre Lamberti', 'Museo Conte', 'Museo Radio']",Santa Anastasia,strategy_nearest,False,0.0015387535095214844,success
04046C3A9C4C81,0,['Arena'],Castelvecchio,"['Museo Lapidario', 'Verona Tour', 'Museo Radio', 'San Zeno', 'Sighseeing']",Casa Giulietta,strategy_nearest,False,0.0021958351135253906,success
0404503A9C4C81,0,['San Zeno'],Casa Giulietta,"['Centro Fotografia', 'Sighseeing', 'Torre Lamberti', 'Museo Conte', 'Museo Radio']",Arena,strategy_nearest,False,0.003548145294189453,success
04047A4A9C4C81,3,"['Torre Lamberti', 'Santa Anastasia']",Duomo,"['AMO', 'Museo Miniscalchi', 'Teatro Romano', 'Palazzo della Ragione', 'Museo Conte']",Castelvecchio,strategy_nearest,False,0.002760171890258789,success
04049A4A9C4C81,3,"['Castelvecchio', 'Arena', 'Teatro Romano']",Duomo,"['AMO', 'Museo Miniscalchi', 'Santa Anastasia', 'Palazzo della Ragione', 'Museo Conte']",Santa Anastasia,strategy_nearest,True,0.0022721290588378906,success
040497429C4C81,2,['Casa Giulietta'],Torre Lamberti,"['Sighseeing', 'Centro Fotografia', 'Museo Conte', 'Palazzo della Ragione', 'AMO']",Duomo,strategy_nearest,False,0.0035240650177001953,success
04049E4A9C4C81,2,"['Casa Giulietta', 'Torre Lamberti']",Santa Anastasia,"['AMO', 'Museo Conte', 'Palazzo della Ragione', 'Teatro Romano', 'Centro Fotografia']",Castelvecchio,strategy_nearest,False,0.002685070037841797,success
0404824A9C4C81,3,"['Arena', 'Casa Giulietta']",Santa Anastasia,"['AMO', 'Museo Conte', 'Palazzo della Ragione', 'Teatro Romano', 'Centro Fotografia']",Duomo,strategy_nearest,False,0.0017762184143066406,success
0404AC4A9C4C81,3,"['Arena', 'Casa Giulietta']",Santa Anastasia,"['AMO', 'Museo Conte', 'Palazzo della Ragione', 'Teatro Romano', 'Centro Fotografia']",Duomo,strategy_nearest,False,0.0026900768280029297,success
0404A44A9C4C81,0,['Arena'],Tomba Giulietta,"['San Fermo', 'Museo Storia', 'Museo Lapidario', 'Museo Radio', 'Verona Tour']",Casa Giulietta,strategy_nearest,False,0.0015888214111328125,success
0404A1429C4C81,3,"['Arena', 'Torre Lamberti']",Santa Anastasia,"['AMO', 'Museo Conte', 'Palazzo della Ragione', 'Teatro Romano', 'Centro Fotografia']",Duomo,strategy_nearest,False,0.0022058486938476562,success
0404AD3A9C4C81,3,"['Arena', 'Casa Giulietta']",San Fermo,"['Museo Storia', 'Museo Radio', 'Centro Fotografia', 'Sighseeing', 'Torre Lamberti']",Santa Anastasia,strategy_nearest,False,0.0032172203063964844,success
0404B14A9C4C81,0,['Arena'],Museo Lapidario,"['Verona Tour', 'Castelvecchio', 'Museo Radio', 'San Fermo', 'Casa Giulietta']",Castelvecchio,strategy_nearest,True,0.002823352813720703,success
0404B34A9C4C81,2,['Casa Giulietta'],Torre Lamberti,"['Sighseeing', 'Centro Fotografia', 'Museo Conte', 'Palazzo della Ragione', 'AMO']",Santa Anastasia,strategy_nearest,False,0.00400090217590332,success
0404C74A9C4C81,3,"['Arena', 'Torre Lamberti']",Casa Giulietta,"['Centro Fotografia', 'Sighseeing', 'Museo Conte', 'Museo Radio', 'Palazzo della Ragione']",Teatro Romano,strategy_nearest,False,0.0026569366455078125,success
0404B74A9C4C81,0,['Arena'],Casa Giulietta,"['Centro Fotografia', 'Sighseeing', 'Torre Lamberti', 'Museo Conte', 'Museo Radio']",Tomba Giulietta,strategy_nearest,False,0.0015611648559570312,success
0404D83A9C4C81,3,"['Arena', 'Casa Giulietta']",Santa Anastasia,"['AMO', 'Museo Conte', 'Palazzo della Ragione', 'Teatro Romano', 'Centro Fotografia']",Duomo,strategy_nearest,False,0.0025968551635742188,success
0404CE3A9C4C81,0,['Arena'],Casa Giulietta,"['Centro Fotografia', 'Sighseeing', 'Torre Lamberti', 'Museo Conte', 'Museo Radio']",Torre Lamberti,strategy_nearest,True,0.0016491413116455078,success
0404D14A9C4C81,3,"['Arena', 'San Fermo']",Casa Giulietta,"['Centro Fotografia', 'Sighseeing', 'Torre Lamberti', 'Museo Conte', 'Museo Radio']",Torre Lamberti,strategy_nearest,True,0.003377199172973633,success
0404CF4A9C4C81,0,['Casa Giulietta'],Arena,"['Verona Tour', 'Museo Lapidario', 'Museo Radio', 'San Fermo', 'Sighseeing']",Tomba Giulietta,strategy_nearest,False,0.0022249221801757812,success
0404E93A9C4C81,3,"['Arena', 'Casa Giulietta']",Torre Lamberti,"['Sighseeing', 'Centro Fotografia', 'Museo Conte', 'Palazzo della Ragione', 'AMO']",Santa Anastasia,strategy_nearest,False,0.0034439563751220703,success
0404E7429C4C81,0,['Arena'],Duomo,"['AMO', 'Museo Miniscalchi', 'Santa Anastasia', 'Teatro Romano', 'Palazzo della Ragione']",Teatro Romano,strategy_nearest,True,0.002875089645385742,success
0404F54A9C4C81,1,"['Arena', 'Museo Lapidario', 'Castelvecchio']",Casa Giulietta,"['Centro Fotografia', 'Sighseeing', 'Torre Lamberti', 'Museo Conte', 'Museo Radio']",Torre Lamberti,strategy_nearest,True,0.0020470619201660156,success
0404F5429C4C81,3,"['Tomba Giulietta', 'Santa Anastasia', 'Duomo']",Giardino Giusti,"['Teatro Romano', 'Museo Conte', 'Centro Fotografia', 'Museo Storia', 'AMO']",Casa Giulietta,strategy_nearest,False,0.0015778541564941406,success
0404FD4A9C4C81,1,"['Arena', 'Casa Giulietta']",San Fermo,"['Museo Storia', 'Museo Radio', 'Centro Fotografia', 'Sighseeing', 'Torre Lamberti']",Palazzo della Ragione,strategy_nearest,False,0.0013718605041503906,success
0404F64A9C4C81,3,"['Arena', 'Arena', 'Torre Lamberti']",Casa Giulietta,"['Centro Fotografia', 'Sighseeing', 'Museo Conte', 'Museo Radio', 'Palazzo della Ragione']",Santa Anastasia,strategy_nearest,False,0.003354787826538086,success
0404FC429C4C81,0,"['Museo Lapidario', 'Castelvecchio']",Duomo,"['AMO', 'Museo Miniscalchi', 'Santa Anastasia', 'Teatro Romano', 'Palazzo della Ragione']",Arena,strategy_nearest,False,0.0026502609252929688,success
0404FC3A9C4C81,1,"['Arena', 'Torre Lamberti']",Palazzo della Ragione,"['AMO', 'Museo Conte', 'Centro Fotografia', 'Sighseeing', 'Santa Anastasia']",Santa Anastasia,strategy_nearest,True,0.0021622180938720703,success
0405014A9C4C85,3,"['Arena', 'Casa Giulietta', 'Teatro Romano']",Duomo,"['AMO', 'Museo Miniscalchi', 'Santa Anastasia', 'Palazzo della Ragione', 'Museo Conte']",Santa Anastasia,strategy_nearest,True,0.003351926803588867,success
040502429C4C85,3,"['Castelvecchio', 'Casa Giulietta']",Arena,"['Verona Tour', 'Museo Lapidario', 'Museo Radio', 'San Fermo', 'Sighseeing']",Tomba Giulietta,strategy_nearest,False,0.0015811920166015625,success
0405043A9C4C85,0,"['Museo Lapidario', 'San Fermo', 'Museo Storia']",Tomba Giulietta,"['Arena', 'Museo Radio', 'Verona Tour', 'Casa Giulietta', 'Castelvecchio']",Casa Giulietta,strategy_nearest,True,0.00255584716796875,success
0404FE4A9C4C81,1,"['Arena', 'Casa Giulietta']",Torre Lamberti,"['Sighseeing', 'Centro Fotografia', 'Museo Conte', 'Palazzo della Ragione', 'AMO']",Palazzo della Ragione,strategy_nearest,True,0.0022411346435546875,success
04050B4A9C4C85,0,"['Castelvecchio', 'Arena']",Casa Giulietta,"['Centro Fotografia', 'Sighseeing', 'Torre Lamberti', 'Museo Conte', 'Museo Radio']",Torre Lamberti,strategy_nearest,True,0.0021178722381591797,success
04050C4A9C4C85,0,['Castelvecchio'],Santa Anastasia,"['AMO', 'Museo Conte', 'Palazzo della Ragione', 'Teatro Romano', 'Centro Fotografia']",Casa Giulietta,strategy_nearest,False,0.0014147758483886719,success
0405094A9C4C85,1,"['Arena', 'Casa Giulietta']",Torre Lamberti,"['Sighseeing', 'Centro Fotografia', 'Museo Conte', 'Palazzo della Ragione', 'AMO']",Palazzo della Ragione,strategy_nearest,True,0.0027501583099365234,success
04050A4A9C4C85,1,"['Arena', 'Casa Giulietta']",Palazzo della Ragione,"['AMO', 'Museo Conte', 'Torre Lamberti', 'Centro Fotografia', 'Sighseeing']",Torre Lamberti,strategy_nearest,True,0.003304004669189453,success
04053B4A9C4C81,1,"['Arena', 'Casa Giulietta', 'Santa Anastasia', 'San Fermo']",Teatro Romano,"['Duomo', 'AMO', 'Palazzo della Ragione', 'Museo Conte', 'Centro Fotografia']",Duomo,strategy_nearest,True,0.0013248920440673828,success
0405473A9C4C81,3,"['Arena', 'Casa Giulietta']",Torre Lamberti,"['Sighseeing', 'Centro Fotografia', 'Museo Conte', 'Palazzo della Ragione', 'AMO']",Santa Anastasia,strategy_nearest,False,0.002588987350463867,success
0405393A9C4C81,2,"['Duomo', 'Torre Lamberti']",Giardino Giusti,"['Santa Anastasia', 'Teatro Romano', 'Museo Conte', 'Centro Fotografia', 'Museo Storia']",San Zeno,strategy_nearest,False,0.0022547245025634766,success
0405423A9C4C81,0,['Arena'],Casa Giulietta,"['Centro Fotografia', 'Sighseeing', 'Torre Lamberti', 'Museo Conte', 'Museo Radio']",Torre Lamberti,strategy_nearest,True,0.003431081771850586,success
0405543A9C4C81,3,"['Arena', 'Casa Giulietta']",Teatro Romano,"['Santa Anastasia', 'Duomo', 'AMO', 'Palazzo della Ragione', 'Museo Conte']",Torre Lamberti,strategy_nearest,False,0.0034532546997070312,success
040556429C4C81,1,"['Teatro Romano', 'Duomo', 'Casa Giulietta', 'Arena']",Museo Lapidario,"['Verona Tour', 'Castelvecchio', 'Museo Radio', 'San Fermo', 'Tomba Giulietta']",Castelvecchio,strategy_nearest,True,0.0027730464935302734,success
0405603A9C4C81,2,"['Torre Lamberti', 'Palazzo della Ragione', 'Castelvecchio']",Casa Giulietta,"['Centro Fotografia', 'Sighseeing', 'Museo Conte', 'Museo Radio', 'San Fermo']",Santa Anastasia,strategy_nearest,False,0.0020399093627929688,success
04054A429C4C81,3,"['San Zeno', 'Castelvecchio', 'Arena']",Casa Giulietta,"['Centro Fotografia', 'Sighseeing', 'Torre Lamberti', 'Museo Conte', 'Museo Radio']",Torre Lamberti,strategy_nearest,True,0.0035600662231445312,success
0405824A9C4C81,0,['Arena'],Casa Giulietta,"['Centro Fotografia', 'Sighseeing', 'Torre Lamberti', 'Museo Conte', 'Museo Radio']",San Fermo,strategy_nearest,False,0.0032110214233398438,success
04056C3A9C4C81,0,['Castelvecchio'],Arena,"['Verona Tour', 'Museo Lapidario', 'Museo Radio', 'San Fermo', 'Casa Giulietta']",Casa Giulietta,strategy_nearest,True,0.0027267932891845703,success
0405683A9C4C81,0,['Arena'],Casa Giulietta,"['Centro Fotografia', 'Sighseeing', 'Torre Lamberti', 'Museo Conte', 'Museo Radio']",Museo Lapidario,strategy_nearest,False,0.0023200511932373047,success
04056A3A9C4C81,1,"['Palazzo della Ragione', 'Casa Giulietta']",Arena,"['Verona Tour', 'Museo Lapidario', 'Museo Radio', 'San Fermo', 'Sighseeing']",Torre Lamberti,strategy_nearest,False,0.0016798973083496094,success
04058A429C4C81,3,"['Teatro Romano', 'Duomo']",Torre Lamberti,"['Sighseeing', 'Centro Fotografia', 'Museo Conte', 'Casa Giulietta', 'Palazzo della Ragione']",Castelvecchio,strategy_nearest,False,0.001360177993774414,success
04058E4A9C4C81,1,['Arena'],Casa Giulietta,"['Centro Fotografia', 'Sighseeing', 'Torre Lamberti', 'Museo Conte', 'Museo Radio']",Palazzo della Ragione,strategy_nearest,False,0.0021359920501708984,success
040597429C4C81,2,"['Castelvecchio', 'Casa Giulietta']",Santa Anastasia,"['AMO', 'Museo Conte', 'Palazzo della Ragione', 'Teatro Romano', 'Centro Fotografia']",Duomo,strategy_nearest,False,0.0027008056640625,success
0405A44A9C4C81,0,['Arena'],Casa Giulietta,"['Centro Fotografia', 'Sighseeing', 'Torre Lamberti', 'Museo Conte', 'Museo Radio']",Tomba Giulietta,strategy_nearest,False,0.003353118896484375,success
0405AC4A9C4C81,3,"['Arena', 'Castelvecchio', 'Duomo']",Teatro Romano,"['Santa Anastasia', 'AMO', 'Palazzo della Ragione', 'Museo Conte', 'Centro Fotografia']",Santa Anastasia,strategy_nearest,True,0.0019528865814208984,success
0405A63A9C4C81,0,['Castelvecchio'],Arena,"['Verona Tour', 'Museo Lapidario', 'Museo Radio', 'San Fermo', 'Casa Giulietta']",Torre Lamberti,strategy_nearest,False,0.0026721954345703125,success
0405AE4A9C4C81,2,['Casa Giulietta'],Torre Lamberti,"['Sighseeing', 'Centro Fotografia', 'Museo Conte', 'Palazzo della Ragione', 'AMO']",Santa Anastasia,strategy_nearest,False,0.0025339126586914062,success
0405AF3A9C4C81,0,['Arena'],Casa Giulietta,"['Centro Fotografia', 'Sighseeing', 'Torre Lamberti', 'Museo Conte', 'Museo Radio']",Torre Lamberti,strategy_nearest,True,0.003365039825439453,success
0405B44A9C4C81,1,"['Arena', 'Casa Giulietta', 'Castelvecchio']",Tomba Giulietta,"['San Fermo', 'Museo Storia', 'Museo Lapidario', 'Museo Radio', 'Verona Tour']",Torre Lamberti,strategy_nearest,False,0.002666950225830078,success
0405BC3A9C4C81,0,['Arena'],Casa Giulietta,"['Centro Fotografia', 'Sighseeing', 'Torre Lamberti', 'Museo Conte', 'Museo Radio']",Tomba Giulietta,strategy_nearest,False,0.003339052200317383,success
0405CF4A9C4C81,2,['Museo Lapidario'],Casa Giulietta,"['Centro Fotografia', 'Sighseeing', 'Torre Lamberti', 'Museo Conte', 'Museo Radio']",Torre Lamberti,strategy_nearest,True,0.002718210220336914,success
0405D33A9C4C81,0,['Arena'],Museo Lapidario,"['Verona Tour', 'Castelvecchio', 'Museo Radio', 'San Fermo', 'Casa Giulietta']",Casa Giulietta,strategy_nearest,True,0.003134012222290039,success
0405D3429C4C81,1,"['Torre Lamberti', 'Palazzo della Ragione', 'Santa Anastasia']",Teatro Romano,"['Duomo', 'AMO', 'Museo Conte', 'Centro Fotografia', 'Museo Miniscalchi']",Arena,strategy_nearest,False,0.002525806427001953,success
0405D14A9C4C81,3,"['Tomba Giulietta', 'San Zeno']",Arena,"['Verona Tour', 'Museo Lapidario', 'Museo Radio', 'San Fermo', 'Casa Giulietta']",Casa Giulietta,strategy_nearest,True,0.0031812191009521484,success
0405F34A9C4C81,0,['Arena'],Torre Lamberti,"['Sighseeing', 'Centro Fotografia', 'Museo Conte', 'Casa Giulietta', 'Palazzo della Ragione']",Casa Giulietta,strategy_nearest,True,0.0017611980438232422,success
0405F54A9C4C81,2,['Casa Giulietta'],Santa Anastasia,"['AMO', 'Museo Conte', 'Palazzo della Ragione', 'Teatro Romano', 'Centro Fotografia']",Teatro Romano,strategy_nearest,True,0.002602100372314453,success
0405F24A9C4C81,0,['Arena'],Museo Lapidario,"['Verona Tour', 'Castelvecchio', 'Museo Radio', 'San Fermo', 'Casa Giulietta']",Castelvecchio,strategy_nearest,True,0.003393888473510742,success
0405FD4A9C4C81,0,"['Arena', 'Castelvecchio']",Torre Lamberti,"['Sighseeing', 'Centro Fotografia', 'Museo Conte', 'Casa Giulietta', 'Palazzo della Ragione']",Casa Giulietta,strategy_nearest,True,0.0019109249114990234,success
0405FA4A9C4C81,0,['Arena'],Casa Giulietta,"['Centro Fotografia', 'Sighseeing', 'Torre Lamberti', 'Museo Conte', 'Museo Radio']",Torre Lamberti,strategy_nearest,True,0.003263235092163086,success
0405FE429C4C81,0,['Casa Giulietta'],Arena,"['Verona Tour', 'Museo Lapidario', 'Museo Radio', 'San Fermo', 'Sighseeing']",Duomo,strategy_nearest,False,0.003197908401489258,success
0405F64A9C4C81,3,"['Museo Lapidario', 'Arena']",Casa Giulietta,"['Centro Fotografia', 'Sighseeing', 'Torre Lamberti', 'Museo Conte', 'Museo Radio']",Torre Lamberti,strategy_nearest,True,0.0028772354125976562,success
04069A429C4C80,0,['Castelvecchio'],Arena,"['Verona Tour', 'Museo Lapidario', 'Museo Radio', 'San Fermo', 'Casa Giulietta']",Casa Giulietta,strategy_nearest,True,0.0019829273223876953,success
0405FE4A9C4C81,0,['Teatro Romano'],Arena,"['Verona Tour', 'Museo Lapidario', 'Museo Radio', 'San Fermo', 'Casa Giulietta']",Casa Giulietta,strategy_nearest,True,0.003384113311767578,success
0406403A9C4C81,0,['Castelvecchio'],Casa Giulietta,"['Centro Fotografia', 'Sighseeing', 'Torre Lamberti', 'Museo Conte', 'Museo Radio']",Arena,strategy_nearest,False,0.0014116764068603516,success
04060A4A9C4C85,0,['Arena'],Museo Lapidario,"['Verona Tour', 'Castelvecchio', 'Museo Radio', 'San Fermo', 'Casa Giulietta']",Castelvecchio,strategy_nearest,True,0.003942966461181641,success
04069C4A9C4C80,0,['Arena'],Castelvecchio,"['Museo Lapidario', 'Verona Tour', 'Museo Radio', 'San Zeno', 'Sighseeing']",Casa Giulietta,strategy_nearest,False,0.0013511180877685547,success
0407014A9C4C85,3,"['Arena', 'Santa Anastasia']",Torre Lamberti,"['Sighseeing', 'Centro Fotografia', 'Museo Conte', 'Casa Giulietta', 'Palazzo della Ragione']",Teatro Romano,strategy_nearest,False,0.0025548934936523438,success
0406C74A9C4C81,1,"['Castelvecchio', 'Arena']",Casa Giulietta,"['Centro Fotografia', 'Sighseeing', 'Torre Lamberti', 'Museo Conte', 'Museo Radio']",Torre Lamberti,strategy_nearest,True,0.003365755081176758,success
0406C94A9C4C81,3,"['Arena', 'Castelvecchio']",Duomo,"['AMO', 'Museo Miniscalchi', 'Santa Anastasia', 'Teatro Romano', 'Palazzo della Ragione']",Santa Anastasia,strategy_nearest,True,0.0020627975463867188,success
04072D3A9C4C81,3,"['Tomba Giulietta', 'Teatro Romano', 'Castelvecchio']",Arena,"['Verona Tour', 'Museo Lapidario', 'Museo Radio', 'San Fermo', 'Casa Giulietta']",San Zeno,strategy_nearest,False,0.0013740062713623047,success
040705429C4C85,3,"['Arena', 'Casa Giulietta', 'Torre Lamberti']",Castelvecchio,"['Museo Lapidario', 'Verona Tour', 'Museo Radio', 'San Zeno', 'Sighseeing']",Santa Anastasia,strategy_nearest,False,0.0027658939361572266,success
040704429C4C85,1,"['Arena', 'Torre Lamberti', 'Palazzo della Ragione']",Santa Anastasia,"['AMO', 'Museo Conte', 'Teatro Romano', 'Centro Fotografia', 'Duomo']",San Zeno,strategy_nearest,False,0.004624843597412109,success
0407054A9C4C85,0,['Arena'],Torre Lamberti,"['Sighseeing', 'Centro Fotografia', 'Museo Conte', 'Casa Giulietta', 'Palazzo della Ragione']",Casa Giulietta,strategy_nearest,True,0.0021550655364990234,success
0407423A9C4C81,0,['Arena'],Casa Giulietta,"['Centro Fotografia', 'Sighseeing', 'Torre Lamberti', 'Museo Conte', 'Museo Radio']",Castelvecchio,strategy_nearest,False,0.0021021366119384766,success
040733429C4C81,2,['Casa Giulietta'],Palazzo della Ragione,"['AMO', 'Museo Conte', 'Torre Lamberti', 'Centro Fotografia', 'Sighseeing']",Teatro Romano,strategy_nearest,False,0.0019919872283935547,success
0407394A9C4C81,1,"['San Zeno', 'Castelvecchio']",Arena,"['Verona Tour', 'Museo Lapidario', 'Museo Radio', 'San Fermo', 'Casa Giulietta']",Santa Anastasia,strategy_nearest,False,0.0027840137481689453,success
0407443A9C4C81,3,"['Arena', 'Casa Giulietta']",Torre Lamberti,"['Sighseeing', 'Centro Fotografia', 'Museo Conte', 'Palazzo della Ragione', 'AMO']",Santa Anastasia,strategy_nearest,False,0.0032122135162353516,success
0407523A9C4C81,3,['Castelvecchio'],Arena,"['Verona Tour', 'Museo Lapidario', 'Museo Radio', 'San Fermo', 'Casa Giulietta']",San Fermo,strategy_nearest,True,0.001306772232055664,success
04074E3A9C4C81,3,"['Teatro Romano', 'Santa Anastasia', 'Duomo']",Torre Lamberti,"['Sighseeing', 'Centro Fotografia', 'Museo Conte', 'Casa Giulietta', 'Palazzo della Ragione']",Casa Giulietta,strategy_nearest,True,0.002624034881591797,success
04076E3A9C4C81,1,"['Arena', 'Casa Giulietta']",Torre Lamberti,"['Sighseeing', 'Centro Fotografia', 'Museo Conte', 'Palazzo della Ragione', 'AMO']",Palazzo della Ragione,strategy_nearest,True,0.003201007843017578,success
0407573A9C4C81,0,['Arena'],Torre Lamberti,"['Sighseeing', 'Centro Fotografia', 'Museo Conte', 'Casa Giulietta', 'Palazzo della Ragione']",Casa Giulietta,strategy_nearest,True,0.002733945846557617,success
04076F3A9C4C81,0,['Arena'],Castelvecchio,"['Museo Lapidario', 'Verona Tour', 'Museo Radio', 'San Zeno', 'Sighseeing']",Casa Giulietta,strategy_nearest,False,0.002588987350463867,success
040777429C4C81,3,"['Casa Giulietta', 'Santa Anastasia', 'Duomo']",Arena,"['Verona Tour', 'Museo Lapidario', 'Museo Radio', 'San Fermo', 'Sighseeing']",Tomba Giulietta,strategy_nearest,False,0.0020537376403808594,success
0407744A9C4C81,2,['Casa Giulietta'],Santa Anastasia,"['AMO', 'Museo Conte', 'Palazzo della Ragione', 'Teatro Romano', 'Centro Fotografia']",Torre Lamberti,strategy_nearest,False,0.0027081966400146484,success
0407774A9C4C81,2,['Casa Giulietta'],Santa Anastasia,"['AMO', 'Museo Conte', 'Palazzo della Ragione', 'Teatro Romano', 'Centro Fotografia']",Teatro Romano,strategy_nearest,True,0.003324270248413086,success
0407914A9C4C81,3,"['Arena', 'Casa Giulietta', 'Santa Anastasia']",Duomo,"['AMO', 'Museo Miniscalchi', 'Teatro Romano', 'Palazzo della Ragione', 'Museo Conte']",Teatro Romano,strategy_nearest,True,0.0015900135040283203,success
04078F429C4C81,0,"['Arena', 'Casa Giulietta']",Tomba Giulietta,"['San Fermo', 'Museo Storia', 'Museo Lapidario', 'Museo Radio', 'Verona Tour']",San Zeno,strategy_nearest,False,0.003826141357421875,success
0407934A9C4C81,0,"['Arena', 'Casa Giulietta']",Torre Lamberti,"['Sighseeing', 'Centro Fotografia', 'Museo Conte', 'Palazzo della Ragione', 'AMO']",Giardino Giusti,strategy_nearest,False,0.0024509429931640625,success
040798429C4C81,1,"['Palazzo della Ragione', 'Torre Lamberti']",Castelvecchio,"['Museo Lapidario', 'Verona Tour', 'Arena', 'Museo Radio', 'San Zeno']",Arena,strategy_nearest,True,0.0015451908111572266,success
040799429C4C81,0,"['Arena', 'Torre Lamberti']",Casa Giulietta,"['Centro Fotografia', 'Sighseeing', 'Museo Conte', 'Museo Radio', 'Palazzo della Ragione']",Castelvecchio,strategy_nearest,False,0.0033800601959228516,success
0407994A9C4C80,3,"['Arena', 'Torre Lamberti']",Castelvecchio,"['Museo Lapidario', 'Verona Tour', 'Museo Radio', 'San Zeno', 'Sighseeing']",Teatro Romano,strategy_nearest,False,0.0026521682739257812,success
0407954A9C4C81,1,"['Arena', 'Torre Lamberti']",Palazzo della Ragione,"['AMO', 'Museo Conte', 'Centro Fotografia', 'Sighseeing', 'Santa Anastasia']",Santa Anastasia,strategy_nearest,True,0.004366874694824219,success
04079C429C4C81,1,"['Casa Giulietta', 'Torre Lamberti']",Palazzo della Ragione,"['AMO', 'Museo Conte', 'Centro Fotografia', 'Sighseeing', 'Santa Anastasia']",Arena,strategy_nearest,False,0.0028328895568847656,success
04079D4A9C4C81,3,"['Arena', 'Castelvecchio', 'Museo Lapidario']",Casa Giulietta,"['Centro Fotografia', 'Sighseeing', 'Torre Lamberti', 'Museo Conte', 'Museo Radio']",Torre Lamberti,strategy_nearest,True,0.0016031265258789062,success
0407994A9C4C81,3,"['Arena', 'Casa Giulietta']",Santa Anastasia,"['AMO', 'Museo Conte', 'Palazzo della Ragione', 'Teatro Romano', 'Centro Fotografia']",Duomo,strategy_nearest,False,0.002273082733154297,success
0407A14A9C4C80,3,['Arena'],Casa Giulietta,"['Centro Fotografia', 'Sighseeing', 'Torre Lamberti', 'Museo Conte', 'Museo Radio']",Torre Lamberti,strategy_nearest,True,0.003329038619995117,success
0407AD4A9C4C80,2,['Casa Giulietta'],Santa Anastasia,"['AMO', 'Museo Conte', 'Palazzo della Ragione', 'Teatro Romano', 'Centro Fotografia']",Duomo,strategy_nearest,False,0.0013780593872070312,success
0407AC3A9C4C81,0,['Santa Anastasia'],Arena,"['Verona Tour', 'Museo Lapidario', 'Museo Radio', 'San Fermo', 'Casa Giulietta']",Castelvecchio,strategy_nearest,False,0.001993894577026367,success
0407A63A9C4C81,3,['Casa Giulietta'],Teatro Romano,"['Santa Anastasia', 'Duomo', 'AMO', 'Palazzo della Ragione', 'Museo Conte']",Santa Anastasia,strategy_nearest,True,0.003936052322387695,success
0407A5429C4C81,3,['Arena'],Casa Giulietta,"['Centro Fotografia', 'Sighseeing', 'Torre Lamberti', 'Museo Conte', 'Museo Radio']",Santa Anastasia,strategy_nearest,False,0.0033419132232666016,success
0407AF4A9C4C81,3,"['Arena', 'Torre Lamberti']",San Fermo,"['Museo Storia', 'Museo Radio', 'Casa Giulietta', 'Centro Fotografia', 'Sighseeing']",Duomo,strategy_nearest,False,0.0021550655364990234,success
0407B34A9C4C81,3,"['Arena', 'Castelvecchio']",Torre Lamberti,"['Sighseeing', 'Centro Fotografia', 'Museo Conte', 'Casa Giulietta', 'Palazzo della Ragione']",Casa Giulietta,strategy_nearest,True,0.002134084701538086,success
0407B73A9C4C81,2,"['Casa Giulietta', 'Torre Lamberti']",Santa Anastasia,"['AMO', 'Museo Conte', 'Palazzo della Ragione', 'Teatro Romano', 'Centro Fotografia']",Duomo,strategy_nearest,False,0.003244161605834961,success
0407B53A9C4C81,1,['Palazzo della Ragione'],Torre Lamberti,"['Sighseeing', 'Centro Fotografia', 'Museo Conte', 'Casa Giulietta', 'AMO']",Arena,strategy_nearest,False,0.0026929378509521484,success
0407D23A9C4C81,1,"['Arena', 'Castelvecchio', 'San Zeno', 'Torre Lamberti', 'Palazzo della Ragione', 'Casa Giulietta']",Tomba Giulietta,"['San Fermo', 'Museo Storia', 'Museo Lapidario', 'Museo Radio', 'Verona Tour']",Teatro Romano,strategy_nearest,False,0.0017659664154052734,success
0407B94A9C4C81,3,"['Arena', 'Casa Giulietta']",Torre Lamberti,"['Sighseeing', 'Centro Fotografia', 'Museo Conte', 'Palazzo della Ragione', 'AMO']",Santa Anastasia,strategy_nearest,False,0.0026519298553466797,success
0407D24A9C4C81,1,"['Tomba Giulietta', 'Casa Giulietta', 'Torre Lamberti', 'Palazzo della Ragione']",Arena,"['Verona Tour', 'Museo Lapidario', 'Museo Radio', 'San Fermo', 'Sighseeing']",Santa Anastasia,strategy_nearest,False,0.0024628639221191406,success
0407D3429C4C81,3,"['San Zeno', 'Castelvecchio']",Arena,"['Verona Tour', 'Museo Lapidario', 'Museo Radio', 'San Fermo', 'Casa Giulietta']",Casa Giulietta,strategy_nearest,True,0.003050088882446289,success
0407E94A9C4C81,0,['Arena'],Casa Giulietta,"['Centro Fotografia', 'Sighseeing', 'Torre Lamberti', 'Museo Conte', 'Museo Radio']",Torre Lamberti,strategy_nearest,True,0.0019140243530273438,success
0407DE429C4C81,3,"['Arena', 'Torre Lamberti', 'Casa Giulietta']",Tomba Giulietta,"['San Fermo', 'Museo Storia', 'Museo Lapidario', 'Museo Radio', 'Verona Tour']",Casa Giulietta,strategy_nearest,False,0.002665996551513672,success
0407E5429C4C81,1,"['Arena', 'Casa Giulietta', 'Santa Anastasia']",Teatro Romano,"['Duomo', 'AMO', 'Palazzo della Ragione', 'Museo Conte', 'Centro Fotografia']",Torre Lamberti,strategy_nearest,False,0.003396272659301758,success
0407EF4A9C4C81,2,['Casa Giulietta'],Torre Lamberti,"['Sighseeing', 'Centro Fotografia', 'Museo Conte', 'Palazzo della Ragione', 'AMO']",Castelvecchio,strategy_nearest,False,0.0019159317016601562,success
0407F24A9C4C81,0,['Arena'],Museo Lapidario,"['Verona Tour', 'Castelvecchio', 'Museo Radio', 'San Fermo', 'Casa Giulietta']",Castelvecchio,strategy_nearest,True,0.002858400344848633,success
0407FA4A9C4C81,0,"['Giardino Giusti', 'Teatro Romano']",Duomo,"['AMO', 'Museo Miniscalchi', 'Santa Anastasia', 'Palazzo della Ragione', 'Museo Conte']",Arena,strategy_nearest,False,0.0028448104858398438,success
0408014A9C4C85,0,['Casa Giulietta'],Teatro Romano,"['Santa Anastasia', 'Duomo', 'AMO', 'Palazzo della Ragione', 'Museo Conte']",Arena,strategy_nearest,False,0.0022110939025878906,success
0408054A9C4C85,1,"['Arena', 'Teatro Romano', 'Duomo']",Santa Anastasia,"['AMO', 'Museo Conte', 'Palazzo della Ragione', 'Centro Fotografia', 'Torre Lamberti']",Torre Lamberti,strategy_nearest,True,0.002707958221435547,success
0408333A9C4C81,3,"['Arena', 'Casa Giulietta', 'Torre Lamberti']",Santa Anastasia,"['AMO', 'Museo Conte', 'Palazzo della Ragione', 'Teatro Romano', 'Centro Fotografia']",Duomo,strategy_nearest,False,0.0012128353118896484,success
04082E3A9C4C81,0,"['Teatro Romano', 'Castelvecchio']",San Zeno,"['Verona Tour', 'Museo Lapidario', 'Arena', 'Museo Miniscalchi', 'Sighseeing']",Arena,strategy_nearest,True,0.002775907516479492,success
040834429C4C81,1,"['Arena', 'Casa Giulietta']",Palazzo della Ragione,"['AMO', 'Museo Conte', 'Torre Lamberti', 'Centro Fotografia', 'Sighseeing']",Teatro Romano,strategy_nearest,False,0.0032639503479003906,success
04083E429C4C81,1,"['Arena', 'Teatro Romano']",Casa Giulietta,"['Centro Fotografia', 'Sighseeing', 'Torre Lamberti', 'Museo Conte', 'Museo Radio']",Torre Lamberti,strategy_nearest,True,0.0021877288818359375,success
04083C4A9C4C81,1,"['Arena', 'Casa Giulietta', 'Torre Lamberti']",Palazzo della Ragione,"['AMO', 'Museo Conte', 'Centro Fotografia', 'Sighseeing', 'Santa Anastasia']",Santa Anastasia,strategy_nearest,True,0.003409147262573242,success
040846429C4C81,1,"['Arena', 'Casa Giulietta']",Torre Lamberti,"['Sighseeing', 'Centro Fotografia', 'Museo Conte', 'Palazzo della Ragione', 'AMO']",Palazzo della Ragione,strategy_nearest,True,0.0032029151916503906,success
040845429C4C81,1,['Arena'],Casa Giulietta,"['Centro Fotografia', 'Sighseeing', 'Torre Lamberti', 'Museo Conte', 'Museo Radio']",Palazzo della Ragione,strategy_nearest,False,0.0015673637390136719,success
04084F4A9C4C81,3,"['Arena', 'San Fermo']",Casa Giulietta,"['Centro Fotografia', 'Sighseeing', 'Torre Lamberti', 'Museo Conte', 'Museo Radio']",Torre Lamberti,strategy_nearest,True,0.002779245376586914,success
040849429C4C81,0,['Casa Giulietta'],Torre Lamberti,"['Sighseeing', 'Centro Fotografia', 'Museo Conte', 'Palazzo della Ragione', 'AMO']",Arena,strategy_nearest,False,0.0016181468963623047,success
04085A3A9C4C81,0,"['Arena', 'Teatro Romano']",Castelvecchio,"['Museo Lapidario', 'Verona Tour', 'Museo Radio', 'San Zeno', 'Sighseeing']",Torre Lamberti,strategy_nearest,False,0.0021131038665771484,success
04086A4A9C4C81,0,['Arena'],Museo Lapidario,"['Verona Tour', 'Castelvecchio', 'Museo Radio', 'San Fermo', 'Casa Giulietta']",Casa Giulietta,strategy_nearest,True,0.0032567977905273438,success
040890429C4C80,1,"['Arena', 'Casa Giulietta']",Santa Anastasia,"['AMO', 'Museo Conte', 'Palazzo della Ragione', 'Teatro Romano', 'Centro Fotografia']",Torre Lamberti,strategy_nearest,False,0.0020232200622558594,success
0408894A9C4C80,3,"['Arena', 'Castelvecchio', 'San Zeno']",Casa Giulietta,"['Centro Fotografia', 'Sighseeing', 'Torre Lamberti', 'Museo Conte', 'Museo Radio']",Torre Lamberti,strategy_nearest,True,0.0039899349212646484,success
04087E3A9C4C81,2,['Castelvecchio'],Casa Giulietta,"['Centro Fotografia', 'Sighseeing', 'Torre Lamberti', 'Museo Conte', 'Museo Radio']",Torre Lamberti,strategy_nearest,True,0.003403902053833008,success
04088B4A9C4C80,1,"['San Zeno', 'Castelvecchio', 'Arena']",Santa Anastasia,"['AMO', 'Museo Conte', 'Palazzo della Ragione', 'Teatro Romano', 'Centro Fotografia']",Casa Giulietta,strategy_nearest,False,0.0015330314636230469,success
0408934A9C4C81,0,['Arena'],Torre Lamberti,"['Sighseeing', 'Centro Fotografia', 'Museo Conte', 'Casa Giulietta', 'Palazzo della Ragione']",Casa Giulietta,strategy_nearest,True,0.0013768672943115234,success
0408954A9C4C81,3,"['Arena', 'Casa Giulietta']",Teatro Romano,"['Santa Anastasia', 'Duomo', 'AMO', 'Palazzo della Ragione', 'Museo Conte']",Santa Anastasia,strategy_nearest,True,0.002025127410888672,success
0408994A9C4C81,0,['Arena'],Casa Giulietta,"['Centro Fotografia', 'Sighseeing', 'Torre Lamberti', 'Museo Conte', 'Museo Radio']",Castelvecchio,strategy_nearest,False,0.002688884735107422,success
04089B4A9C4C80,2,['Casa Giulietta'],Torre Lamberti,"['Sighseeing', 'Centro Fotografia', 'Museo Conte', 'Palazzo della Ragione', 'AMO']",Santa Anastasia,strategy_nearest,False,0.003355741500854492,success
0408A73A9C4C81,3,['Arena'],Casa Giulietta,"['Centro Fotografia', 'Sighseeing', 'Torre Lamberti', 'Museo Conte', 'Museo Radio']",Santa Anastasia,strategy_nearest,False,0.0013911724090576172,success
0408A4429C4C80,3,"['Arena', 'Torre Lamberti']",Casa Giulietta,"['Centro Fotografia', 'Sighseeing', 'Museo Conte', 'Museo Radio', 'Palazzo della Ragione']",Santa Anastasia,strategy_nearest,False,0.0031821727752685547,success
0408A0429C4C81,3,"['Arena', 'Tomba Giulietta']",Teatro Romano,"['Santa Anastasia', 'Duomo', 'AMO', 'Palazzo della Ragione', 'Museo Conte']",Santa Anastasia,strategy_nearest,True,0.0033740997314453125,success
0408A14A9C4C81,1,"['Teatro Romano', 'Duomo']",Torre Lamberti,"['Sighseeing', 'Centro Fotografia', 'Museo Conte', 'Casa Giulietta', 'Palazzo della Ragione']",Palazzo della Ragione,strategy_nearest,True,0.0039310455322265625,success
0408A7429C4C81,1,"['Castelvecchio', 'Museo Lapidario', 'Arena', 'Palazzo della Ragione']",Torre Lamberti,"['Sighseeing', 'Centro Fotografia', 'Museo Conte', 'Casa Giulietta', 'AMO']",Santa Anastasia,strategy_nearest,False,0.0027201175689697266,success
0408AF4A9C4C80,1,['Arena'],Palazzo della Ragione,"['AMO', 'Museo Conte', 'Torre Lamberti', 'Centro Fotografia', 'Sighseeing']",Torre Lamberti,strategy_nearest,True,0.0013408660888671875,success
0408AE4A9C4C80,1,['Arena'],Palazzo della Ragione,"['AMO', 'Museo Conte', 'Torre Lamberti', 'Centro Fotografia', 'Sighseeing']",Torre Lamberti,strategy_nearest,True,0.0020318031311035156,success
0408AD4A9C4C81,2,['Casa Giulietta'],Torre Lamberti,"['Sighseeing', 'Centro Fotografia', 'Museo Conte', 'Palazzo della Ragione', 'AMO']",Santa Anastasia,strategy_nearest,False,0.003278970718383789,success
0408B04A9C4C80,2,['Castelvecchio'],Palazzo della Ragione,"['AMO', 'Museo Conte', 'Torre Lamberti', 'Centro Fotografia', 'Sighseeing']",Teatro Romano,strategy_nearest,False,0.002235889434814453,success
0408B13A9C4C81,1,"['Arena', 'Museo Lapidario']",Torre Lamberti,"['Sighseeing', 'Centro Fotografia', 'Museo Conte', 'Casa Giulietta', 'Palazzo della Ragione']",Palazzo della Ragione,strategy_nearest,True,0.0027458667755126953,success
0408B04A9C4C81,0,['Castelvecchio'],Arena,"['Verona Tour', 'Museo Lapidario', 'Museo Radio', 'San Fermo', 'Casa Giulietta']",Casa Giulietta,strategy_nearest,True,0.0016109943389892578,success
0408B23A9C4C81,3,"['Arena', 'Santa Anastasia']",Teatro Romano,"['Duomo', 'AMO', 'Palazzo della Ragione', 'Museo Conte', 'Centro Fotografia']",Duomo,strategy_nearest,True,0.005482912063598633,success
0408BD4A9C4C81,1,"['Tomba Giulietta', 'Arena']",Casa Giulietta,"['Centro Fotografia', 'Sighseeing', 'Torre Lamberti', 'Museo Conte', 'Museo Radio']",Palazzo della Ragione,strategy_nearest,False,0.0015308856964111328,success
0408B53A9C4C81,0,"['Arena', 'Casa Giulietta']",Torre Lamberti,"['Sighseeing', 'Centro Fotografia', 'Museo Conte', 'Palazzo della Ragione', 'AMO']",Castelvecchio,strategy_nearest,False,0.002964019775390625,success
0408B64A9C4C81,0,"['Arena', 'Casa Giulietta']",Torre Lamberti,"['Sighseeing', 'Centro Fotografia', 'Museo Conte', 'Palazzo della Ragione', 'AMO']",Castelvecchio,strategy_nearest,False,0.0037178993225097656,success
0408B34A9C4C80,2,"['Casa Giulietta', 'Torre Lamberti']",Duomo,"['AMO', 'Museo Miniscalchi', 'Santa Anastasia', 'Teatro Romano', 'Palazzo della Ragione']",Castelvecchio,strategy_nearest,False,0.0024530887603759766,success
0408D73A9C4C81,3,"['Arena', 'Arena']",Castelvecchio,"['Museo Lapidario', 'Verona Tour', 'Museo Radio', 'San Zeno', 'Sighseeing']",Torre Lamberti,strategy_nearest,False,0.0024640560150146484,success
0408D03A9C4C81,2,['Castelvecchio'],Palazzo della Ragione,"['AMO', 'Museo Conte', 'Torre Lamberti', 'Centro Fotografia', 'Sighseeing']",Torre Lamberti,strategy_nearest,True,0.0021648406982421875,success
0408D53A9C4C81,1,"['Arena', 'Torre Lamberti']",Palazzo della Ragione,"['AMO', 'Museo Conte', 'Centro Fotografia', 'Sighseeing', 'Santa Anastasia']",Santa Anastasia,strategy_nearest,True,0.0027408599853515625,success
0408DC429C4C81,1,"['Duomo', 'Casa Giulietta']",Palazzo della Ragione,"['AMO', 'Museo Conte', 'Torre Lamberti', 'Centro Fotografia', 'Sighseeing']",Torre Lamberti,strategy_nearest,True,0.0018787384033203125,success
0408D7429C4C81,4,"['Arena', 'Museo Lapidario', 'Castelvecchio', 'Duomo', 'Santa Anastasia']",Torre Lamberti,"['Sighseeing', 'Centro Fotografia', 'Museo Conte', 'Casa Giulietta', 'Palazzo della Ragione']",Casa Giulietta,strategy_nearest,True,0.003652811050415039,success
0408E33A9C4C81,3,"['Casa Giulietta', 'Torre Lamberti', 'Arena']",Castelvecchio,"['Museo Lapidario', 'Verona Tour', 'Museo Radio', 'San Zeno', 'Sighseeing']",San Zeno,strategy_nearest,True,0.00337982177734375,success
0408DD429C4C81,1,"['Casa Giulietta', 'Palazzo della Ragione', 'Torre Lamberti']",Castelvecchio,"['Museo Lapidario', 'Verona Tour', 'Arena', 'Museo Radio', 'San Zeno']",Santa Anastasia,strategy_nearest,False,0.0025091171264648438,success
0408E5429C4C81,1,"['Arena', 'Castelvecchio', 'Teatro Romano']",Santa Anastasia,"['AMO', 'Museo Conte', 'Palazzo della Ragione', 'Centro Fotografia', 'Duomo']",Torre Lamberti,strategy_nearest,False,0.001844167709350586,success
0408E73A9C4C81,1,['Palazzo della Ragione'],Torre Lamberti,"['Sighseeing', 'Centro Fotografia', 'Museo Conte', 'Casa Giulietta', 'AMO']",Casa Giulietta,strategy_nearest,True,0.0025131702423095703,success
0408E9429C4C81,1,"['Museo Lapidario', 'Palazzo della Ragione', 'San Fermo', 'Museo Storia', 'Castelvecchio']",Arena,"['Verona Tour', 'Museo Radio', 'Casa Giulietta', 'Sighseeing', 'Torre Lamberti']",Casa Giulietta,strategy_nearest,True,0.0027768611907958984,success
0408EA429C4C81,3,"['Arena', 'Casa Giulietta']",Santa Anastasia,"['AMO', 'Museo Conte', 'Palazzo della Ragione', 'Teatro Romano', 'Centro Fotografia']",Duomo,strategy_nearest,False,0.0020160675048828125,success
0408EE4A9C4C81,0,['Arena'],Casa Giulietta,"['Centro Fotografia', 'Sighseeing', 'Torre Lamberti', 'Museo Conte', 'Museo Radio']",Torre Lamberti,strategy_nearest,True,0.0042040348052978516,success
0408EF3A9C4C81,2,"['Castelvecchio', 'San Zeno', 'Torre Lamberti', 'Palazzo della Ragione']",Santa Anastasia,"['AMO', 'Museo Conte', 'Teatro Romano', 'Centro Fotografia', 'Duomo']",Duomo,strategy_nearest,True,0.0019779205322265625,success
0408ED429C4C81,0,"['Arena', 'Casa Giulietta']",Teatro Romano,"['Santa Anastasia', 'Duomo', 'AMO', 'Palazzo della Ragione', 'Museo Conte']",Duomo,strategy_nearest,True,0.003404855728149414,success
0408F34A9C4C81,3,"['Casa Giulietta', 'Castelvecchio', 'Arena', 'Tomba Giulietta']",San Fermo,"['Museo Storia', 'Museo Radio', 'Centro Fotografia', 'Sighseeing', 'Torre Lamberti']",Torre Lamberti,strategy_nearest,True,0.002583026885986328,success
0408F6429C4C81,2,"['Santa Anastasia', 'Duomo']",Teatro Romano,"['AMO', 'Palazzo della Ragione', 'Museo Conte', 'Centro Fotografia', 'Museo Miniscalchi']",Giardino Giusti,strategy_nearest,False,0.002765178680419922,success
0408F74A9C4C81,1,"['Arena', 'Casa Giulietta']",San Fermo,"['Museo Storia', 'Museo Radio', 'Centro Fotografia', 'Sighseeing', 'Torre Lamberti']",Palazzo della Ragione,strategy_nearest,False,0.0020639896392822266,success
0408F84A9C4C81,3,"['Arena', 'Casa Giulietta']",Torre Lamberti,"['Sighseeing', 'Centro Fotografia', 'Museo Conte', 'Palazzo della Ragione', 'AMO']",Santa Anastasia,strategy_nearest,False,0.003197908401489258,success
0409014A9C4C85,1,['Arena'],Casa Giulietta,"['Centro Fotografia', 'Sighseeing', 'Torre Lamberti', 'Museo Conte', 'Museo Radio']",Torre Lamberti,strategy_nearest,True,0.0023992061614990234,success
0409004A9C4C85,0,"['Teatro Romano', 'Casa Giulietta', 'Torre Lamberti']",San Fermo,"['Museo Storia', 'Museo Radio', 'Centro Fotografia', 'Arena', 'Sighseeing']",Arena,strategy_nearest,True,0.0018382072448730469,success
0409034A9C4C85,0,['Castelvecchio'],Santa Anastasia,"['AMO', 'Museo Conte', 'Palazzo della Ragione', 'Teatro Romano', 'Centro Fotografia']",Casa Giulietta,strategy_nearest,False,0.003632783889770508,success
040938429C4C81,1,"['Arena', 'Casa Giulietta', 'Torre Lamberti']",Palazzo della Ragione,"['AMO', 'Museo Conte', 'Centro Fotografia', 'Sighseeing', 'Santa Anastasia']",Duomo,strategy_nearest,False,0.004546165466308594,success
04093E429C4C81,1,"['Arena', 'Casa Giulietta', 'Palazzo della Ragione', 'Torre Lamberti']",Santa Anastasia,"['AMO', 'Museo Conte', 'Teatro Romano', 'Centro Fotografia', 'Duomo']",Duomo,strategy_nearest,True,0.0012507438659667969,success
040941429C4C81,2,"['Torre Lamberti', 'Santa Anastasia']",Duomo,"['AMO', 'Museo Miniscalchi', 'Teatro Romano', 'Palazzo della Ragione', 'Museo Conte']",San Zeno,strategy_nearest,False,0.0025517940521240234,success
0409443A9C4C81,1,"['Arena', 'Castelvecchio', 'Torre Lamberti', 'Casa Giulietta']",Duomo,"['AMO', 'Museo Miniscalchi', 'Santa Anastasia', 'Teatro Romano', 'Palazzo della Ragione']",Santa Anastasia,strategy_nearest,True,0.002627849578857422,success
0409493A9C4C81,1,"['Palazzo della Ragione', 'Torre Lamberti']",Arena,"['Verona Tour', 'Museo Lapidario', 'Museo Radio', 'San Fermo', 'Casa Giulietta']",San Fermo,strategy_nearest,True,0.001344919204711914,success
040945429C4C81,2,['Casa Giulietta'],Torre Lamberti,"['Sighseeing', 'Centro Fotografia', 'Museo Conte', 'Palazzo della Ragione', 'AMO']",Santa Anastasia,strategy_nearest,False,0.0020101070404052734,success
04094A4A9C4C81,1,"['Arena', 'Torre Lamberti']",Palazzo della Ragione,"['AMO', 'Museo Conte', 'Centro Fotografia', 'Sighseeing', 'Santa Anastasia']",Casa Giulietta,strategy_nearest,False,0.0034520626068115234,success
0409543A9C4C81,2,['Casa Giulietta'],Duomo,"['AMO', 'Museo Miniscalchi', 'Santa Anastasia', 'Teatro Romano', 'Palazzo della Ragione']",Torre Lamberti,strategy_nearest,False,0.003566741943359375,success
040971429C4C81,3,"['Arena', 'Casa Giulietta']",Torre Lamberti,"['Sighseeing', 'Centro Fotografia', 'Museo Conte', 'Palazzo della Ragione', 'AMO']",Santa Anastasia,strategy_nearest,False,0.00222015380859375,success
0409754A9C4C81,0,['Arena'],Torre Lamberti,"['Sighseeing', 'Centro Fotografia', 'Museo Conte', 'Casa Giulietta', 'Palazzo della Ragione']",Casa Giulietta,strategy_nearest,True,0.0028638839721679688,success
040972429C4C81,0,"['Torre Lamberti', 'Casa Giulietta']",Arena,"['Verona Tour', 'Museo Lapidario', 'Museo Radio', 'San Fermo', 'Sighseeing']",Castelvecchio,strategy_nearest,False,0.002733945846557617,success
04097D4A9C4C81,4,"['Santa Anastasia', 'Casa Giulietta', 'Arena']",Museo Lapidario,"['Verona Tour', 'Castelvecchio', 'Museo Radio', 'San Fermo', 'Tomba Giulietta']",Museo Radio,strategy_nearest,True,0.0021839141845703125,success
0409864A9C4C80,0,"['Arena', 'Torre Lamberti']",Casa Giulietta,"['Centro Fotografia', 'Sighseeing', 'Museo Conte', 'Museo Radio', 'Palazzo della Ragione']",San Fermo,strategy_nearest,False,0.0027399063110351562,success
04097A4A9C4C81,3,['Casa Giulietta'],Duomo,"['AMO', 'Museo Miniscalchi', 'Santa Anastasia', 'Teatro Romano', 'Palazzo della Ragione']",Santa Anastasia,strategy_nearest,True,0.004054069519042969,success
04098B4A9C4C81,0,['Arena'],Casa Giulietta,"['Centro Fotografia', 'Sighseeing', 'Torre Lamberti', 'Museo Conte', 'Museo Radio']",Castelvecchio,strategy_nearest,False,0.0014798641204833984,success
0409954A9C4C80,0,['Arena'],Teatro Romano,"['Santa Anastasia', 'Duomo', 'AMO', 'Palazzo della Ragione', 'Museo Conte']",Duomo,strategy_nearest,True,0.001405954360961914,success
040994429C4C81,1,"['Arena', 'Santa Anastasia']",Duomo,"['AMO', 'Museo Miniscalchi', 'Teatro Romano', 'Palazzo della Ragione', 'Museo Conte']",Palazzo della Ragione,strategy_nearest,True,0.003347158432006836,success
040994429C4C80,0,['Arena'],Casa Giulietta,"['Centro Fotografia', 'Sighseeing', 'Torre Lamberti', 'Museo Conte', 'Museo Radio']",Teatro Romano,strategy_nearest,False,0.0027909278869628906,success
040995429C4C80,0,['Arena'],Torre Lamberti,"['Sighseeing', 'Centro Fotografia', 'Museo Conte', 'Casa Giulietta', 'Palazzo della Ragione']",Teatro Romano,strategy_nearest,False,0.0032150745391845703,success
04099D429C4C80,1,"['Casa Giulietta', 'San Fermo', 'Arena']",Castelvecchio,"['Museo Lapidario', 'Verona Tour', 'Museo Radio', 'San Zeno', 'Sighseeing']",Duomo,strategy_nearest,False,0.0015511512756347656,success
0409A14A9C4C80,3,"['Arena', 'Santa Anastasia']",Torre Lamberti,"['Sighseeing', 'Centro Fotografia', 'Museo Conte', 'Casa Giulietta', 'Palazzo della Ragione']",Casa Giulietta,strategy_nearest,True,0.0025920867919921875,success
0409994A9C4C81,2,['Casa Giulietta'],Torre Lamberti,"['Sighseeing', 'Centro Fotografia', 'Museo Conte', 'Palazzo della Ragione', 'AMO']",Duomo,strategy_nearest,False,0.00344085693359375,success
04099A429C4C80,1,"['Duomo', 'Torre Lamberti']",Palazzo della Ragione,"['AMO', 'Museo Conte', 'Centro Fotografia', 'Sighseeing', 'Santa Anastasia']",Arena,strategy_nearest,False,0.0021729469299316406,success
0409A14A9C4C81,0,['Teatro Romano'],Casa Giulietta,"['Centro Fotografia', 'Sighseeing', 'Torre Lamberti', 'Museo Conte', 'Museo Radio']",Arena,strategy_nearest,False,0.0033621788024902344,success
0409AA429C4C80,3,"['Arena', 'Tomba Giulietta']",Duomo,"['AMO', 'Museo Miniscalchi', 'Santa Anastasia', 'Teatro Romano', 'Palazzo della Ragione']",Santa Anastasia,strategy_nearest,True,0.001516103744506836,success
0409AD429C4C80,0,['Castelvecchio'],Arena,"['Verona Tour', 'Museo Lapidario', 'Museo Radio', 'San Fermo', 'Casa Giulietta']",Torre Lamberti,strategy_nearest,False,0.0020122528076171875,success
0409A4429C4C81,1,"['Arena', 'Museo Lapidario']",Torre Lamberti,"['Sighseeing', 'Centro Fotografia', 'Museo Conte', 'Casa Giulietta', 'Palazzo della Ragione']",Palazzo della Ragione,strategy_nearest,True,0.003933906555175781,success
0409AF4A9C4C81,3,"['Arena', 'Castelvecchio']",Torre Lamberti,"['Sighseeing', 'Centro Fotografia', 'Museo Conte', 'Casa Giulietta', 'Palazzo della Ragione']",Duomo,strategy_nearest,False,0.001531839370727539,success
0409AE3A9C4C81,0,['Casa Giulietta'],Santa Anastasia,"['AMO', 'Museo Conte', 'Palazzo della Ragione', 'Teatro Romano', 'Centro Fotografia']",Arena,strategy_nearest,False,0.0027670860290527344,success
0409AD4A9C4C80,0,['Arena'],Torre Lamberti,"['Sighseeing', 'Centro Fotografia', 'Museo Conte', 'Casa Giulietta', 'Palazzo della Ragione']",Teatro Romano,strategy_nearest,False,0.0035037994384765625,success
0409AF4A9C4C80,2,"['Palazzo della Ragione', 'Torre Lamberti']",Santa Anastasia,"['AMO', 'Museo Conte', 'Teatro Romano', 'Centro Fotografia', 'Duomo']",Duomo,strategy_nearest,True,0.002149343490600586,success
0409B04A9C4C81,3,"['Arena', 'Casa Giulietta', 'Santa Anastasia']",Duomo,"['AMO', 'Museo Miniscalchi', 'Teatro Romano', 'Palazzo della Ragione', 'Museo Conte']",Teatro Romano,strategy_nearest,True,0.0025742053985595703,success
0409B04A9C4C80,0,['Arena'],Casa Giulietta,"['Centro Fotografia', 'Sighseeing', 'Torre Lamberti', 'Museo Conte', 'Museo Radio']",Teatro Romano,strategy_nearest,False,0.003944873809814453,success
0409B64A9C4C80,3,"['Arena', 'Torre Lamberti']",Casa Giulietta,"['Centro Fotografia', 'Sighseeing', 'Museo Conte', 'Museo Radio', 'Palazzo della Ragione']",Santa Anastasia,strategy_nearest,False,0.0025260448455810547,success
0409B34A9C4C81,2,['Casa Giulietta'],Torre Lamberti,"['Sighseeing', 'Centro Fotografia', 'Museo Conte', 'Palazzo della Ragione', 'AMO']",Duomo,strategy_nearest,False,0.0012888908386230469,success
0409C54A9C4C81,3,['Arena'],Casa Giulietta,"['Centro Fotografia', 'Sighseeing', 'Torre Lamberti', 'Museo Conte', 'Museo Radio']",Santa Anastasia,strategy_nearest,False,0.0019652843475341797,success
0409C04A9C4C81,3,"['Arena', 'Torre Lamberti']",Santa Anastasia,"['AMO', 'Museo Conte', 'Palazzo della Ragione', 'Teatro Romano', 'Centro Fotografia']",Duomo,strategy_nearest,False,0.0014939308166503906,success
0409B84A9C4C81,2,"['Casa Giulietta', 'Torre Lamberti', 'Palazzo della Ragione']",Santa Anastasia,"['AMO', 'Museo Conte', 'Teatro Romano', 'Centro Fotografia', 'Duomo']",Duomo,strategy_nearest,True,0.003297090530395508,success
0409BB4A9C4C81,0,['Arena'],Casa Giulietta,"['Centro Fotografia', 'Sighseeing', 'Torre Lamberti', 'Museo Conte', 'Museo Radio']",Torre Lamberti,strategy_nearest,True,0.0026917457580566406,success
0409CE4A9C4C81,0,['Arena'],Torre Lamberti,"['Sighseeing', 'Centro Fotografia', 'Museo Conte', 'Casa Giulietta', 'Palazzo della Ragione']",Duomo,strategy_nearest,False,0.0014162063598632812,success
0409CC3A9C4C81,3,"['Castelvecchio', 'Arena']",Tomba Giulietta,"['San Fermo', 'Museo Storia', 'Museo Lapidario', 'Museo Radio', 'Verona Tour']",Casa Giulietta,strategy_nearest,False,0.0021009445190429688,success
0409CB3A9C4C81,3,"['Castelvecchio', 'Arena']",Tomba Giulietta,"['San Fermo', 'Museo Storia', 'Museo Lapidario', 'Museo Radio', 'Verona Tour']",Casa Giulietta,strategy_nearest,False,0.002794027328491211,success
0409CB4A9C4C81,0,['Arena'],Torre Lamberti,"['Sighseeing', 'Centro Fotografia', 'Museo Conte', 'Casa Giulietta', 'Palazzo della Ragione']",Duomo,strategy_nearest,False,0.003414154052734375,success
0409EE3A9C4C81,3,"['Casa Giulietta', 'Teatro Romano']",Arena,"['Verona Tour', 'Museo Lapidario', 'Museo Radio', 'San Fermo', 'Sighseeing']",Santa Anastasia,strategy_nearest,False,0.0021309852600097656,success
0409F24A9C4C81,0,['Arena'],Casa Giulietta,"['Centro Fotografia', 'Sighseeing', 'Torre Lamberti', 'Museo Conte', 'Museo Radio']",Torre Lamberti,strategy_nearest,True,0.002572774887084961,success
0409D43A9C4C81,3,['Arena'],Casa Giulietta,"['Centro Fotografia', 'Sighseeing', 'Torre Lamberti', 'Museo Conte', 'Museo Radio']",Santa Anastasia,strategy_nearest,False,0.002819061279296875,success
0409E5429C4C81,1,"['Arena', 'Castelvecchio']",Casa Giulietta,"['Centro Fotografia', 'Sighseeing', 'Torre Lamberti', 'Museo Conte', 'Museo Radio']",Torre Lamberti,strategy_nearest,True,0.0040972232818603516,success
0409FF3A9C4C81,0,['Arena'],Casa Giulietta,"['Centro Fotografia', 'Sighseeing', 'Torre Lamberti', 'Museo Conte', 'Museo Radio']",Santa Anastasia,strategy_nearest,False,0.0019371509552001953,success
0409F74A9C4C81,2,"['Castelvecchio', 'San Zeno']",Santa Anastasia,"['AMO', 'Museo Conte', 'Palazzo della Ragione', 'Teatro Romano', 'Centro Fotografia']",Teatro Romano,strategy_nearest,True,0.0025489330291748047,success
040A064A9C4C85,1,"['Arena', 'Teatro Romano', 'Duomo']",Santa Anastasia,"['AMO', 'Museo Conte', 'Palazzo della Ragione', 'Centro Fotografia', 'Torre Lamberti']",Torre Lamberti,strategy_nearest,True,0.0032618045806884766,success
040A034A9C4C85,0,['Arena'],Casa Giulietta,"['Centro Fotografia', 'Sighseeing', 'Torre Lamberti', 'Museo Conte', 'Museo Radio']",Torre Lamberti,strategy_nearest,True,0.002586841583251953,success
040A413A9C4C81,0,['Arena'],Casa Giulietta,"['Centro Fotografia', 'Sighseeing', 'Torre Lamberti', 'Museo Conte', 'Museo Radio']",Torre Lamberti,strategy_nearest,True,0.002043008804321289,success
040A303A9C4C81,0,['Arena'],Museo Lapidario,"['Verona Tour', 'Castelvecchio', 'Museo Radio', 'San Fermo', 'Casa Giulietta']",Duomo,strategy_nearest,False,0.0032660961151123047,success
040A433A9C4C81,1,"['Tomba Giulietta', 'San Fermo', 'Casa Giulietta', 'Castelvecchio', 'Torre Lamberti']",Palazzo della Ragione,"['AMO', 'Museo Conte', 'Centro Fotografia', 'Sighseeing', 'Santa Anastasia']",Santa Anastasia,strategy_nearest,True,0.0018820762634277344,success
040A473A9C4C81,3,"['Arena', 'Torre Lamberti']",San Fermo,"['Museo Storia', 'Museo Radio', 'Casa Giulietta', 'Centro Fotografia', 'Sighseeing']",Casa Giulietta,strategy_nearest,True,0.0032389163970947266,success
040A4A3A9C4C81,1,"['Palazzo della Ragione', 'Torre Lamberti']",Arena,"['Verona Tour', 'Museo Lapidario', 'Museo Radio', 'San Fermo', 'Casa Giulietta']",San Fermo,strategy_nearest,True,0.0028028488159179688,success
040A4C3A9C4C81,2,['Santa Anastasia'],Palazzo della Ragione,"['AMO', 'Museo Conte', 'Torre Lamberti', 'Centro Fotografia', 'Sighseeing']",Torre Lamberti,strategy_nearest,True,0.0021886825561523438,success
040A4D429C4C81,1,"['Arena', 'Palazzo della Ragione', 'Torre Lamberti']",Santa Anastasia,"['AMO', 'Museo Conte', 'Teatro Romano', 'Centro Fotografia', 'Duomo']",Duomo,strategy_nearest,True,0.0031909942626953125,success
040A4E4A9C4C81,0,['Arena'],Casa Giulietta,"['Centro Fotografia', 'Sighseeing', 'Torre Lamberti', 'Museo Conte', 'Museo Radio']",Torre Lamberti,strategy_nearest,True,0.0025861263275146484,success
040A75429C4C81,0,['Arena'],Casa Giulietta,"['Centro Fotografia', 'Sighseeing', 'Torre Lamberti', 'Museo Conte', 'Museo Radio']",Castelvecchio,strategy_nearest,False,0.003156900405883789,success
040A65429C4C81,3,"['Santa Anastasia', 'Duomo']",Arena,"['Verona Tour', 'Museo Lapidario', 'Museo Radio', 'San Fermo', 'Casa Giulietta']",Tomba Giulietta,strategy_nearest,False,0.002713918685913086,success
040A6E3A9C4C81,3,"['Arena', 'Santa Anastasia']",Duomo,"['AMO', 'Museo Miniscalchi', 'Teatro Romano', 'Palazzo della Ragione', 'Museo Conte']",Casa Giulietta,strategy_nearest,False,0.002006053924560547,success
040A4F3A9C4C81,0,['Arena'],Casa Giulietta,"['Centro Fotografia', 'Sighseeing', 'Torre Lamberti', 'Museo Conte', 'Museo Radio']",Teatro Romano,strategy_nearest,False,0.0015637874603271484,success
040A754A9C4C81,0,['Arena'],Casa Giulietta,"['Centro Fotografia', 'Sighseeing', 'Torre Lamberti', 'Museo Conte', 'Museo Radio']",Castelvecchio,strategy_nearest,False,0.0015649795532226562,success
040A7C429C4C80,0,['Castelvecchio'],Arena,"['Verona Tour', 'Museo Lapidario', 'Museo Radio', 'San Fermo', 'Casa Giulietta']",Torre Lamberti,strategy_nearest,False,0.0033388137817382812,success
040A7D429C4C80,0,['Castelvecchio'],Arena,"['Verona Tour', 'Museo Lapidario', 'Museo Radio', 'San Fermo', 'Casa Giulietta']",Torre Lamberti,strategy_nearest,False,0.0019750595092773438,success
040A7D3A9C4C81,2,['Santa Anastasia'],Duomo,"['AMO', 'Museo Miniscalchi', 'Teatro Romano', 'Palazzo della Ragione', 'Museo Conte']",Torre Lamberti,strategy_nearest,False,0.002614736557006836,success
040A824A9C4C81,3,"['Arena', 'Casa Giulietta']",Torre Lamberti,"['Sighseeing', 'Centro Fotografia', 'Museo Conte', 'Palazzo della Ragione', 'AMO']",Santa Anastasia,strategy_nearest,False,0.0012810230255126953,success
040A833A9C4C80,3,['Arena'],Casa Giulietta,"['Centro Fotografia', 'Sighseeing', 'Torre Lamberti', 'Museo Conte', 'Museo Radio']",Torre Lamberti,strategy_nearest,True,0.0026879310607910156,success
040A803A9C4C81,3,"['Duomo', 'Teatro Romano']",Torre Lamberti,"['Sighseeing', 'Centro Fotografia', 'Museo Conte', 'Casa Giulietta', 'Palazzo della Ragione']",Arena,strategy_nearest,False,0.003173828125,success
040A8B4A9C4C80,2,"['Duomo', 'Teatro Romano']",Casa Giulietta,"['Centro Fotografia', 'Sighseeing', 'Torre Lamberti', 'Museo Conte', 'Museo Radio']",Torre Lamberti,strategy_nearest,True,0.0032057762145996094,success
040A9B429C4C81,0,['Casa Giulietta'],Torre Lamberti,"['Sighseeing', 'Centro Fotografia', 'Museo Conte', 'Palazzo della Ragione', 'AMO']",Arena,strategy_nearest,False,0.0032279491424560547,success
040A9F4A9C4C80,1,"['Arena', 'Casa Giulietta']",Palazzo della Ragione,"['AMO', 'Museo Conte', 'Torre Lamberti', 'Centro Fotografia', 'Sighseeing']",Duomo,strategy_nearest,False,0.00261688232421875,success
040AA04A9C4C80,1,"['Arena', 'Casa Giulietta']",Torre Lamberti,"['Sighseeing', 'Centro Fotografia', 'Museo Conte', 'Palazzo della Ragione', 'AMO']",Palazzo della Ragione,strategy_nearest,True,0.0019969940185546875,success
040A96429C4C80,0,['Arena'],Casa Giulietta,"['Centro Fotografia', 'Sighseeing', 'Torre Lamberti', 'Museo Conte', 'Museo Radio']",Torre Lamberti,strategy_nearest,True,0.0027930736541748047,success
040AA4429C4C81,1,"['Arena', 'Castelvecchio', 'Casa Giulietta']",Santa Anastasia,"['AMO', 'Museo Conte', 'Palazzo della Ragione', 'Teatro Romano', 'Centro Fotografia']",Duomo,strategy_nearest,False,0.0025720596313476562,success
040AA24A9C4C81,1,"['Castelvecchio', 'Arena']",Casa Giulietta,"['Centro Fotografia', 'Sighseeing', 'Torre Lamberti', 'Museo Conte', 'Museo Radio']",Torre Lamberti,strategy_nearest,True,0.003309011459350586,success
040AA53A9C4C81,2,['Casa Giulietta'],Duomo,"['AMO', 'Museo Miniscalchi', 'Santa Anastasia', 'Teatro Romano', 'Palazzo della Ragione']",San Zeno,strategy_nearest,False,0.001971006393432617,success
040AA14A9C4C81,2,['Casa Giulietta'],Santa Anastasia,"['AMO', 'Museo Conte', 'Palazzo della Ragione', 'Teatro Romano', 'Centro Fotografia']",Duomo,strategy_nearest,False,0.0015730857849121094,success
040AA63A9C4C80,3,['Arena'],Santa Anastasia,"['AMO', 'Museo Conte', 'Palazzo della Ragione', 'Teatro Romano', 'Centro Fotografia']",Duomo,strategy_nearest,False,0.0013649463653564453,success
040AAA429C4C80,3,"['Arena', 'Casa Giulietta', 'Santa Anastasia']",Duomo,"['AMO', 'Museo Miniscalchi', 'Teatro Romano', 'Palazzo della Ragione', 'Museo Conte']",Teatro Romano,strategy_nearest,True,0.002508878707885742,success
040AB04A9C4C80,3,"['Castelvecchio', 'San Zeno', 'Arena']",Casa Giulietta,"['Centro Fotografia', 'Sighseeing', 'Torre Lamberti', 'Museo Conte', 'Museo Radio']",Torre Lamberti,strategy_nearest,True,0.0018680095672607422,success
040AB54A9C4C81,3,"['Arena', 'Casa Giulietta']",Torre Lamberti,"['Sighseeing', 'Centro Fotografia', 'Museo Conte', 'Palazzo della Ragione', 'AMO']",Duomo,strategy_nearest,False,0.003283262252807617,success
040AB64A9C4C81,3,"['Arena', 'Casa Giulietta']",Teatro Romano,"['Santa Anastasia', 'Duomo', 'AMO', 'Palazzo della Ragione', 'Museo Conte']",Duomo,strategy_nearest,True,0.0018482208251953125,success
040AB74A9C4C81,0,['Castelvecchio'],Arena,"['Verona Tour', 'Museo Lapidario', 'Museo Radio', 'San Fermo', 'Casa Giulietta']",Casa Giulietta,strategy_nearest,True,0.0027539730072021484,success
040ABA4A9C4C80,3,"['Arena', 'Tomba Giulietta']",Torre Lamberti,"['Sighseeing', 'Centro Fotografia', 'Museo Conte', 'Casa Giulietta', 'Palazzo della Ragione']",Teatro Romano,strategy_nearest,False,0.003328084945678711,success
040ABB4A9C4C81,1,"['Arena', 'Torre Lamberti']",Palazzo della Ragione,"['AMO', 'Museo Conte', 'Centro Fotografia', 'Sighseeing', 'Santa Anastasia']",Santa Anastasia,strategy_nearest,True,0.0024869441986083984,success
040ABC4A9C4C81,2,['San Zeno'],Castelvecchio,"['Museo Lapidario', 'Verona Tour', 'Arena', 'Museo Radio', 'Sighseeing']",Casa Giulietta,strategy_nearest,False,0.00220489501953125,success
040ACB4A9C4C81,0,['Arena'],Castelvecchio,"['Museo Lapidario', 'Verona Tour', 'Museo Radio', 'San Zeno', 'Sighseeing']",Casa Giulietta,strategy_nearest,False,0.00196075439453125,success
040AC54A9C4C81,3,"['Arena', 'Casa Giulietta']",Giardino Giusti,"['Santa Anastasia', 'Teatro Romano', 'Museo Conte', 'Centro Fotografia', 'Museo Storia']",Duomo,strategy_nearest,False,0.0027539730072021484,success
040ACC3A9C4C81,0,"['Arena', 'Casa Giulietta']",Castelvecchio,"['Museo Lapidario', 'Verona Tour', 'Museo Radio', 'San Zeno', 'Sighseeing']",Torre Lamberti,strategy_nearest,False,0.002763986587524414,success
040ABE4A9C4C81,0,['Arena'],Casa Giulietta,"['Centro Fotografia', 'Sighseeing', 'Torre Lamberti', 'Museo Conte', 'Museo Radio']",Duomo,strategy_nearest,False,0.00463104248046875,success
040ACD3A9C4C81,2,['Torre Lamberti'],Teatro Romano,"['Santa Anastasia', 'Duomo', 'AMO', 'Palazzo della Ragione', 'Museo Conte']",Santa Anastasia,strategy_nearest,True,0.002933979034423828,success
040ACE429C4C81,0,['Arena'],Casa Giulietta,"['Centro Fotografia', 'Sighseeing', 'Torre Lamberti', 'Museo Conte', 'Museo Radio']",Palazzo della Ragione,strategy_nearest,False,0.0025839805603027344,success
040ACD4A9C4C81,0,['Arena'],Torre Lamberti,"['Sighseeing', 'Centro Fotografia', 'Museo Conte', 'Casa Giulietta', 'Palazzo della Ragione']",Casa Giulietta,strategy_nearest,True,0.0016329288482666016,success
040AD04A9C4C81,3,"['Arena', 'Museo Lapidario', 'Casa Giulietta', 'Torre Lamberti']",Santa Anastasia,"['AMO', 'Museo Conte', 'Palazzo della Ragione', 'Teatro Romano', 'Centro Fotografia']",Teatro Romano,strategy_nearest,True,0.003103971481323242,success
040AD2429C4C81,3,"['Teatro Romano', 'Duomo', 'Santa Anastasia']",Torre Lamberti,"['Sighseeing', 'Centro Fotografia', 'Museo Conte', 'Casa Giulietta', 'Palazzo della Ragione']",Casa Giulietta,strategy_nearest,True,0.0032749176025390625,success
040AF04A9C4C81,1,"['Arena', 'Casa Giulietta', 'Santa Anastasia']",Duomo,"['AMO', 'Museo Miniscalchi', 'Teatro Romano', 'Palazzo della Ragione', 'Museo Conte']",Castelvecchio,strategy_nearest,False,0.003464221954345703,success
040AF74A9C4C81,1,['Palazzo della Ragione'],Torre Lamberti,"['Sighseeing', 'Centro Fotografia', 'Museo Conte', 'Casa Giulietta', 'AMO']",Casa Giulietta,strategy_nearest,True,0.0030601024627685547,success
040AFF429C4C81,0,"['Arena', 'Torre Lamberti']",Casa Giulietta,"['Centro Fotografia', 'Sighseeing', 'Museo Conte', 'Museo Radio', 'Palazzo della Ragione']",Tomba Giulietta,strategy_nearest,False,0.0022089481353759766,success
040ADC3A9C4C81,0,"['Casa Giulietta', 'San Fermo']",Arena,"['Verona Tour', 'Museo Lapidario', 'Museo Radio', 'Sighseeing', 'Castelvecchio']",Tomba Giulietta,strategy_nearest,False,0.002496004104614258,success
040B023A9C4C85,3,"['Torre Lamberti', 'Santa Anastasia']",Duomo,"['AMO', 'Museo Miniscalchi', 'Teatro Romano', 'Palazzo della Ragione', 'Museo Conte']",Castelvecchio,strategy_nearest,False,0.001476287841796875,success
040AFF4A9C4C81,0,"['Arena', 'Casa Giulietta']",Castelvecchio,"['Museo Lapidario', 'Verona Tour', 'Museo Radio', 'San Zeno', 'Sighseeing']",San Zeno,strategy_nearest,True,0.003036975860595703,success
040B004A9C4C85,1,"['Arena', 'Torre Lamberti']",Casa Giulietta,"['Centro Fotografia', 'Sighseeing', 'Museo Conte', 'Museo Radio', 'Palazzo della Ragione']",Palazzo della Ragione,strategy_nearest,True,0.003637075424194336,success
040B024A9C4C85,1,"['Arena', 'Casa Giulietta']",Torre Lamberti,"['Sighseeing', 'Centro Fotografia', 'Museo Conte', 'Palazzo della Ragione', 'AMO']",Palazzo della Ragione,strategy_nearest,True,0.00327301025390625,success
040B3E3A9C4C81,3,"['Santa Anastasia', 'Casa Giulietta', 'San Fermo', 'Tomba Giulietta']",San Zeno,"['Castelvecchio', 'Verona Tour', 'Museo Lapidario', 'Arena', 'Museo Miniscalchi']",Arena,strategy_nearest,True,0.002234220504760742,success
040B42429C4C81,0,['Arena'],Duomo,"['AMO', 'Museo Miniscalchi', 'Santa Anastasia', 'Teatro Romano', 'Palazzo della Ragione']",Teatro Romano,strategy_nearest,True,0.0016090869903564453,success
040B45429C4C81,0,['Arena'],Castelvecchio,"['Museo Lapidario', 'Verona Tour', 'Museo Radio', 'San Zeno', 'Sighseeing']",Casa Giulietta,strategy_nearest,False,0.00267791748046875,success
040B034A9C4C85,0,['Castelvecchio'],Arena,"['Verona Tour', 'Museo Lapidario', 'Museo Radio', 'San Fermo', 'Casa Giulietta']",Casa Giulietta,strategy_nearest,True,0.0035719871520996094,success
040B4D4A9C4C81,1,"['Arena', 'Casa Giulietta']",Torre Lamberti,"['Sighseeing', 'Centro Fotografia', 'Museo Conte', 'Palazzo della Ragione', 'AMO']",Palazzo della Ragione,strategy_nearest,True,0.0034787654876708984,success
040B713A9C4C81,3,"['Arena', 'Santa Anastasia']",Duomo,"['AMO', 'Museo Miniscalchi', 'Teatro Romano', 'Palazzo della Ragione', 'Museo Conte']",Teatro Romano,strategy_nearest,True,0.0026421546936035156,success
040B4E3A9C4C81,2,['Casa Giulietta'],Santa Anastasia,"['AMO', 'Museo Conte', 'Palazzo della Ragione', 'Teatro Romano', 'Centro Fotografia']",Teatro Romano,strategy_nearest,True,0.003513813018798828,success
040B4F3A9C4C81,1,"['San Zeno', 'Arena', 'Palazzo della Ragione']",Torre Lamberti,"['Sighseeing', 'Centro Fotografia', 'Museo Conte', 'Casa Giulietta', 'AMO']",Castelvecchio,strategy_nearest,False,0.0016422271728515625,success
040B854A9C4C80,2,['Casa Giulietta'],Santa Anastasia,"['AMO', 'Museo Conte', 'Palazzo della Ragione', 'Teatro Romano', 'Centro Fotografia']",Duomo,strategy_nearest,False,0.0013630390167236328,success
040B7A4A9C4C81,2,['San Zeno'],Castelvecchio,"['Museo Lapidario', 'Verona Tour', 'Arena', 'Museo Radio', 'Sighseeing']",Casa Giulietta,strategy_nearest,False,0.0034110546112060547,success
040B8A4A9C4C81,0,"['Arena', 'Casa Giulietta']",Torre Lamberti,"['Sighseeing', 'Centro Fotografia', 'Museo Conte', 'Palazzo della Ragione', 'AMO']",Tomba Giulietta,strategy_nearest,False,0.003253936767578125,success
040B834A9C4C80,0,"['Arena', 'Casa Giulietta']",Torre Lamberti,"['Sighseeing', 'Centro Fotografia', 'Museo Conte', 'Palazzo della Ragione', 'AMO']",Tomba Giulietta,strategy_nearest,False,0.0026319026947021484,success
040B8D429C4C81,0,['Arena'],Casa Giulietta,"['Centro Fotografia', 'Sighseeing', 'Torre Lamberti', 'Museo Conte', 'Museo Radio']",Castelvecchio,strategy_nearest,False,0.0020170211791992188,success
040B934A9C4C81,3,"['Castelvecchio', 'Santa Anastasia']",Duomo,"['AMO', 'Museo Miniscalchi', 'Teatro Romano', 'Palazzo della Ragione', 'Museo Conte']",Casa Giulietta,strategy_nearest,False,0.0032138824462890625,success
040B8D429C4C80,3,"['Arena', 'Casa Giulietta']",Torre Lamberti,"['Sighseeing', 'Centro Fotografia', 'Museo Conte', 'Palazzo della Ragione', 'AMO']",Santa Anastasia,strategy_nearest,False,0.0027790069580078125,success
040B8E429C4C81,3,"['Arena', 'Casa Giulietta']",Santa Anastasia,"['AMO', 'Museo Conte', 'Palazzo della Ragione', 'Teatro Romano', 'Centro Fotografia']",Teatro Romano,strategy_nearest,True,0.0027408599853515625,success
040BA2429C4C81,0,['Casa Giulietta'],Arena,"['Verona Tour', 'Museo Lapidario', 'Museo Radio', 'San Fermo', 'Sighseeing']",Castelvecchio,strategy_nearest,False,0.0012691020965576172,success
040B9D429C4C81,2,['Castelvecchio'],Casa Giulietta,"['Centro Fotografia', 'Sighseeing', 'Torre Lamberti', 'Museo Conte', 'Museo Radio']",Tomba Giulietta,strategy_nearest,False,0.0031328201293945312,success
040BA24A9C4C80,1,"['Arena', 'Casa Giulietta']",Palazzo della Ragione,"['AMO', 'Museo Conte', 'Torre Lamberti', 'Centro Fotografia', 'Sighseeing']",Torre Lamberti,strategy_nearest,True,0.002586841583251953,success
040BA73A9C4C80,0,"['Arena', 'Casa Giulietta']",Torre Lamberti,"['Sighseeing', 'Centro Fotografia', 'Museo Conte', 'Palazzo della Ragione', 'AMO']",Teatro Romano,strategy_nearest,False,0.003117084503173828,success
040BAC3A9C4C81,3,"['Duomo', 'Teatro Romano']",Casa Giulietta,"['Centro Fotografia', 'Sighseeing', 'Torre Lamberti', 'Museo Conte', 'Museo Radio']",Torre Lamberti,strategy_nearest,True,0.0017712116241455078,success
040BB2429C4C80,1,"['Arena', 'Torre Lamberti']",Palazzo della Ragione,"['AMO', 'Museo Conte', 'Centro Fotografia', 'Sighseeing', 'Santa Anastasia']",Casa Giulietta,strategy_nearest,False,0.0025370121002197266,success
040BB4429C4C80,3,['Arena'],Casa Giulietta,"['Centro Fotografia', 'Sighseeing', 'Torre Lamberti', 'Museo Conte', 'Museo Radio']",Torre Lamberti,strategy_nearest,True,0.004265785217285156,success
040BB54A9C4C81,3,"['Arena', 'Casa Giulietta']",Torre Lamberti,"['Sighseeing', 'Centro Fotografia', 'Museo Conte', 'Palazzo della Ragione', 'AMO']",Teatro Romano,strategy_nearest,False,0.002463817596435547,success
040BBA4A9C4C81,3,"['Arena', 'San Zeno']",Torre Lamberti,"['Sighseeing', 'Centro Fotografia', 'Museo Conte', 'Casa Giulietta', 'Palazzo della Ragione']",Santa Anastasia,strategy_nearest,False,0.0018839836120605469,success
040BB83A9C4C80,3,"['Tomba Giulietta', 'Casa Giulietta', 'Santa Anastasia']",Arena,"['Verona Tour', 'Museo Lapidario', 'Museo Radio', 'San Fermo', 'Sighseeing']",Giardino Giusti,strategy_nearest,False,0.0038280487060546875,success
040BBB3A9C4C80,3,"['Arena', 'Casa Giulietta']",Torre Lamberti,"['Sighseeing', 'Centro Fotografia', 'Museo Conte', 'Palazzo della Ragione', 'AMO']",Santa Anastasia,strategy_nearest,False,0.002179861068725586,success
040BBC4A9C4C80,0,['Arena'],Casa Giulietta,"['Centro Fotografia', 'Sighseeing', 'Torre Lamberti', 'Museo Conte', 'Museo Radio']",San Fermo,strategy_nearest,False,0.0023927688598632812,success
040BBE4A9C4C80,2,['Casa Giulietta'],Santa Anastasia,"['AMO', 'Museo Conte', 'Palazzo della Ragione', 'Teatro Romano', 'Centro Fotografia']",Duomo,strategy_nearest,False,0.0017168521881103516,success
040BBD3A9C4C81,2,['Castelvecchio'],Torre Lamberti,"['Sighseeing', 'Centro Fotografia', 'Museo Conte', 'Casa Giulietta', 'Palazzo della Ragione']",Santa Anastasia,strategy_nearest,False,0.0032570362091064453,success
040BBE4A9C4C81,0,"['Tomba Giulietta', 'Arena']",Casa Giulietta,"['Centro Fotografia', 'Sighseeing', 'Torre Lamberti', 'Museo Conte', 'Museo Radio']",Castelvecchio,strategy_nearest,False,0.003231048583984375,success
040BC03A9C4C80,1,['Arena'],Castelvecchio,"['Museo Lapidario', 'Verona Tour', 'Museo Radio', 'San Zeno', 'Sighseeing']",Torre Lamberti,strategy_nearest,False,0.002511262893676758,success
040BBF4A9C4C80,3,"['Arena', 'Casa Giulietta']",Torre Lamberti,"['Sighseeing', 'Centro Fotografia', 'Museo Conte', 'Palazzo della Ragione', 'AMO']",Santa Anastasia,strategy_nearest,False,0.00339508056640625,success
040BC24A9C4C81,0,['Arena'],Casa Giulietta,"['Centro Fotografia', 'Sighseeing', 'Torre Lamberti', 'Museo Conte', 'Museo Radio']",Duomo,strategy_nearest,False,0.0030698776245117188,success
040BC74A9C4C81,1,"['Castelvecchio', 'Arena']",Casa Giulietta,"['Centro Fotografia', 'Sighseeing', 'Torre Lamberti', 'Museo Conte', 'Museo Radio']",Torre Lamberti,strategy_nearest,True,0.0030100345611572266,success
040BCD4A9C4C81,1,"['Arena', 'Museo Lapidario', 'Casa Giulietta']",Torre Lamberti,"['Sighseeing', 'Centro Fotografia', 'Museo Conte', 'Palazzo della Ragione', 'AMO']",Palazzo della Ragione,strategy_nearest,True,0.003282785415649414,success
040BD04A9C4C81,0,['Arena'],Teatro Romano,"['Santa Anastasia', 'Duomo', 'AMO', 'Palazzo della Ragione', 'Museo Conte']",Castelvecchio,strategy_nearest,False,0.0025310516357421875,success
040BCD429C4C81,0,['Castelvecchio'],Casa Giulietta,"['Centro Fotografia', 'Sighseeing', 'Torre Lamberti', 'Museo Conte', 'Museo Radio']",Tomba Giulietta,strategy_nearest,False,0.002814054489135742,success
040BDC429C4C81,1,"['Arena', 'Casa Giulietta', 'Tomba Giulietta', 'San Fermo', 'Torre Lamberti', 'Palazzo della Ragione']",Duomo,"['AMO', 'Museo Miniscalchi', 'Santa Anastasia', 'Teatro Romano', 'Museo Conte']",Castelvecchio,strategy_nearest,False,0.0031290054321289062,success
040BF23A9C4C81,1,"['Arena', 'Santa Anastasia']",Palazzo della Ragione,"['AMO', 'Museo Conte', 'Torre Lamberti', 'Centro Fotografia', 'Sighseeing']",Torre Lamberti,strategy_nearest,True,0.002638101577758789,success
040BF74A9C4C81,0,['Arena'],Casa Giulietta,"['Centro Fotografia', 'Sighseeing', 'Torre Lamberti', 'Museo Conte', 'Museo Radio']",Torre Lamberti,strategy_nearest,True,0.0019040107727050781,success
040BF8429C4C81,1,"['Tomba Giulietta', 'Arena', 'Casa Giulietta']",San Fermo,"['Museo Storia', 'Museo Radio', 'Centro Fotografia', 'Sighseeing', 'Torre Lamberti']",Torre Lamberti,strategy_nearest,True,0.002711772918701172,success
040BEA3A9C4C81,0,['Arena'],Torre Lamberti,"['Sighseeing', 'Centro Fotografia', 'Museo Conte', 'Casa Giulietta', 'Palazzo della Ragione']",Casa Giulietta,strategy_nearest,True,0.004167318344116211,success
040C024A9C4C85,3,['Arena'],Casa Giulietta,"['Centro Fotografia', 'Sighseeing', 'Torre Lamberti', 'Museo Conte', 'Museo Radio']",Santa Anastasia,strategy_nearest,False,0.002054929733276367,success
040C31429C4C81,3,['Santa Anastasia'],Arena,"['Verona Tour', 'Museo Lapidario', 'Museo Radio', 'San Fermo', 'Casa Giulietta']",Duomo,strategy_nearest,False,0.0013875961303710938,success
040BFB4A9C4C81,0,"['Arena', 'Castelvecchio']",Torre Lamberti,"['Sighseeing', 'Centro Fotografia', 'Museo Conte', 'Casa Giulietta', 'Palazzo della Ragione']",Casa Giulietta,strategy_nearest,True,0.0045697689056396484,success
040C004A9C4C85,2,['Casa Giulietta'],Santa Anastasia,"['AMO', 'Museo Conte', 'Palazzo della Ragione', 'Teatro Romano', 'Centro Fotografia']",Duomo,strategy_nearest,False,0.0038640499114990234,success
040C3A4A9C4C81,3,"['Arena', 'Casa Giulietta', 'Duomo']",Teatro Romano,"['Santa Anastasia', 'AMO', 'Palazzo della Ragione', 'Museo Conte', 'Centro Fotografia']",Castelvecchio,strategy_nearest,False,0.0033538341522216797,success
040C33429C4C81,3,"['Arena', 'Casa Giulietta', 'Santa Anastasia']",Duomo,"['AMO', 'Museo Miniscalchi', 'Teatro Romano', 'Palazzo della Ragione', 'Museo Conte']",Tomba Giulietta,strategy_nearest,False,0.0028209686279296875,success
040C3C429C4C81,3,"['Castelvecchio', 'Torre Lamberti']",Santa Anastasia,"['AMO', 'Museo Conte', 'Palazzo della Ragione', 'Teatro Romano', 'Centro Fotografia']",Duomo,strategy_nearest,False,0.002112865447998047,success
040C39429C4C81,3,"['Arena', 'Tomba Giulietta']",Casa Giulietta,"['Centro Fotografia', 'Sighseeing', 'Torre Lamberti', 'Museo Conte', 'Museo Radio']",Santa Anastasia,strategy_nearest,False,0.0016219615936279297,success
040C4E3A9C4C81,0,['Arena'],Castelvecchio,"['Museo Lapidario', 'Verona Tour', 'Museo Radio', 'San Zeno', 'Sighseeing']",Santa Anastasia,strategy_nearest,False,0.001911163330078125,success
040C4D4A9C4C81,0,['Arena'],Casa Giulietta,"['Centro Fotografia', 'Sighseeing', 'Torre Lamberti', 'Museo Conte', 'Museo Radio']",Duomo,strategy_nearest,False,0.002620220184326172,success
040C443A9C4C81,1,['Palazzo della Ragione'],Arena,"['Verona Tour', 'Museo Lapidario', 'Museo Radio', 'San Fermo', 'Casa Giulietta']",Castelvecchio,strategy_nearest,False,0.0014591217041015625,success
040C573A9C4C81,3,"['Casa Giulietta', 'Santa Anastasia']",Duomo,"['AMO', 'Museo Miniscalchi', 'Teatro Romano', 'Palazzo della Ragione', 'Museo Conte']",Teatro Romano,strategy_nearest,True,0.003306865692138672,success
040C6C429C4C81,0,"['Casa Giulietta', 'Arena']",Teatro Romano,"['Santa Anastasia', 'Duomo', 'AMO', 'Palazzo della Ragione', 'Museo Conte']",Torre Lamberti,strategy_nearest,False,0.001987934112548828,success
040C663A9C4C81,3,"['Arena', 'San Fermo', 'Casa Giulietta']",Torre Lamberti,"['Sighseeing', 'Centro Fotografia', 'Museo Conte', 'Palazzo della Ragione', 'AMO']",Santa Anastasia,strategy_nearest,False,0.0034139156341552734,success
040C6D3A9C4C81,0,"['Arena', 'Castelvecchio']",San Zeno,"['Verona Tour', 'Museo Lapidario', 'Museo Miniscalchi', 'Sighseeing', 'Museo Radio']",Casa Giulietta,strategy_nearest,False,0.001935720443725586,success
040C74429C4C80,0,['Arena'],Castelvecchio,"['Museo Lapidario', 'Verona Tour', 'Museo Radio', 'San Zeno', 'Sighseeing']",Santa Anastasia,strategy_nearest,False,0.0032851696014404297,success
040C784A9C4C81,3,"['Arena', 'Torre Lamberti']",Santa Anastasia,"['AMO', 'Museo Conte', 'Palazzo della Ragione', 'Teatro Romano', 'Centro Fotografia']",Duomo,strategy_nearest,False,0.002198934555053711,success
040C7E3A9C4C80,0,['Arena'],Casa Giulietta,"['Centro Fotografia', 'Sighseeing', 'Torre Lamberti', 'Museo Conte', 'Museo Radio']",Castelvecchio,strategy_nearest,False,0.0023250579833984375,success
040C7E3A9C4C81,0,['Castelvecchio'],Teatro Romano,"['Santa Anastasia', 'Duomo', 'AMO', 'Palazzo della Ragione', 'Museo Conte']",Duomo,strategy_nearest,True,0.002496004104614258,success
040C803A9C4C80,0,['Castelvecchio'],Arena,"['Verona Tour', 'Museo Lapidario', 'Museo Radio', 'San Fermo', 'Casa Giulietta']",Casa Giulietta,strategy_nearest,True,0.003345966339111328,success
040C984A9C4C81,3,"['Castelvecchio', 'Torre Lamberti']",Museo Lapidario,"['Verona Tour', 'Arena', 'Museo Radio', 'San Fermo', 'Casa Giulietta']",Arena,strategy_nearest,True,0.001992940902709961,success
040C9C429C4C81,2,['Castelvecchio'],San Zeno,"['Verona Tour', 'Museo Lapidario', 'Arena', 'Museo Miniscalchi', 'Sighseeing']",Santa Anastasia,strategy_nearest,False,0.003156900405883789,success
040C9C4A9C4C81,0,['Arena'],Santa Anastasia,"['AMO', 'Museo Conte', 'Palazzo della Ragione', 'Teatro Romano', 'Centro Fotografia']",Castelvecchio,strategy_nearest,False,0.0030100345611572266,success
040CA34A9C4C80,0,['Teatro Romano'],Castelvecchio,"['Museo Lapidario', 'Verona Tour', 'Arena', 'Museo Radio', 'San Zeno']",Arena,strategy_nearest,True,0.002716064453125,success
040CA2429C4C81,0,['Arena'],Tomba Giulietta,"['San Fermo', 'Museo Storia', 'Museo Lapidario', 'Museo Radio', 'Verona Tour']",San Fermo,strategy_nearest,True,0.003429889678955078,success
040CA93A9C4C80,0,"['Arena', 'Museo Lapidario']",Castelvecchio,"['Verona Tour', 'Museo Radio', 'San Zeno', 'Sighseeing', 'Museo Miniscalchi']",San Zeno,strategy_nearest,True,0.0031769275665283203,success
040CB63A9C4C81,3,"['Arena', 'Casa Giulietta']",Torre Lamberti,"['Sighseeing', 'Centro Fotografia', 'Museo Conte', 'Palazzo della Ragione', 'AMO']",Santa Anastasia,strategy_nearest,False,0.0017690658569335938,success
040CB03A9C4C81,3,"['Arena', 'Casa Giulietta']",Torre Lamberti,"['Sighseeing', 'Centro Fotografia', 'Museo Conte', 'Palazzo della Ragione', 'AMO']",Duomo,strategy_nearest,False,0.0025069713592529297,success
040CAC4A9C4C80,3,"['Arena', 'Casa Giulietta']",Torre Lamberti,"['Sighseeing', 'Centro Fotografia', 'Museo Conte', 'Palazzo della Ragione', 'AMO']",Teatro Romano,strategy_nearest,False,0.00459599494934082,success
040CBA4A9C4C81,3,"['Teatro Romano', 'Duomo', 'Santa Anastasia']",Arena,"['Verona Tour', 'Museo Lapidario', 'Museo Radio', 'San Fermo', 'Casa Giulietta']",Casa Giulietta,strategy_nearest,True,0.0014500617980957031,success
040CBC429C4C80,3,"['Arena', 'San Zeno']",Torre Lamberti,"['Sighseeing', 'Centro Fotografia', 'Museo Conte', 'Casa Giulietta', 'Palazzo della Ragione']",Santa Anastasia,strategy_nearest,False,0.0025818347930908203,success
040CBA429C4C81,0,['Arena'],Torre Lamberti,"['Sighseeing', 'Centro Fotografia', 'Museo Conte', 'Casa Giulietta', 'Palazzo della Ragione']",Casa Giulietta,strategy_nearest,True,0.0027000904083251953,success
040CB84A9C4C80,3,"['Teatro Romano', 'Santa Anastasia']",Torre Lamberti,"['Sighseeing', 'Centro Fotografia', 'Museo Conte', 'Casa Giulietta', 'Palazzo della Ragione']",Arena,strategy_nearest,False,0.005194902420043945,success
040CC54A9C4C81,0,"['Arena', 'Casa Giulietta']",Museo Storia,"['San Fermo', 'Museo Radio', 'Centro Fotografia', 'Tomba Giulietta', 'Torre Lamberti']",Tomba Giulietta,strategy_nearest,True,0.002747774124145508,success
040CC74A9C4C81,3,['Arena'],Santa Anastasia,"['AMO', 'Museo Conte', 'Palazzo della Ragione', 'Teatro Romano', 'Centro Fotografia']",Teatro Romano,strategy_nearest,True,0.0033309459686279297,success
040CC94A9C4C81,3,"['Arena', 'Torre Lamberti']",Casa Giulietta,"['Centro Fotografia', 'Sighseeing', 'Museo Conte', 'Museo Radio', 'Palazzo della Ragione']",Duomo,strategy_nearest,False,0.002026081085205078,success
040CBC4A9C4C81,0,['Arena'],Casa Giulietta,"['Centro Fotografia', 'Sighseeing', 'Torre Lamberti', 'Museo Conte', 'Museo Radio']",Torre Lamberti,strategy_nearest,True,0.0015957355499267578,success
040CD7429C4C81,0,"['Arena', 'Casa Giulietta']",Tomba Giulietta,"['San Fermo', 'Museo Storia', 'Museo Lapidario', 'Museo Radio', 'Verona Tour']",Castelvecchio,strategy_nearest,False,0.0019230842590332031,success
040CD73A9C4C81,3,"['Arena', 'Santa Anastasia', 'Duomo']",Torre Lamberti,"['Sighseeing', 'Centro Fotografia', 'Museo Conte', 'Casa Giulietta', 'Palazzo della Ragione']",Casa Giulietta,strategy_nearest,True,0.0027670860290527344,success
040CCD4A9C4C81,0,['Arena'],Torre Lamberti,"['Sighseeing', 'Centro Fotografia', 'Museo Conte', 'Casa Giulietta', 'Palazzo della Ragione']",Duomo,strategy_nearest,False,0.001371145248413086,success
040CDC429C4C81,3,"['Arena', 'Casa Giulietta']",Castelvecchio,"['Museo Lapidario', 'Verona Tour', 'Museo Radio', 'San Zeno', 'Sighseeing']",Torre Lamberti,strategy_nearest,False,0.0033311843872070312,success
040D02429C4C85,3,"['Arena', 'San Zeno']",Teatro Romano,"['Santa Anastasia', 'Duomo', 'AMO', 'Palazzo della Ragione', 'Museo Conte']",Duomo,strategy_nearest,True,0.001989126205444336,success
040CE7429C4C81,0,['Arena'],Casa Giulietta,"['Centro Fotografia', 'Sighseeing', 'Torre Lamberti', 'Museo Conte', 'Museo Radio']",Palazzo della Ragione,strategy_nearest,False,0.0028150081634521484,success
040CFE3A9C4C81,1,"['Arena', 'Casa Giulietta']",Palazzo della Ragione,"['AMO', 'Museo Conte', 'Torre Lamberti', 'Centro Fotografia', 'Sighseeing']",Santa Anastasia,strategy_nearest,False,0.0032150745391845703,success
040CF54A9C4C81,0,['Arena'],Casa Giulietta,"['Centro Fotografia', 'Sighseeing', 'Torre Lamberti', 'Museo Conte', 'Museo Radio']",Torre Lamberti,strategy_nearest,True,0.003328084945678711,success
040D024A9C4C85,6,"['Verona Tour', 'Casa Giulietta']",Arena,"['Museo Lapidario', 'Museo Radio', 'San Fermo', 'Sighseeing', 'Castelvecchio']",Tomba Giulietta,strategy_nearest,False,0.0016090869903564453,success
040D35429C4C81,1,"['San Zeno', 'Castelvecchio', 'Santa Anastasia']",Duomo,"['AMO', 'Museo Miniscalchi', 'Teatro Romano', 'Palazzo della Ragione', 'Museo Conte']",Arena,strategy_nearest,False,0.0021750926971435547,success
040D404A9C4C81,3,['Arena'],Santa Anastasia,"['AMO', 'Museo Conte', 'Palazzo della Ragione', 'Teatro Romano', 'Centro Fotografia']",Duomo,strategy_nearest,False,0.0027570724487304688,success
040D3A4A9C4C81,3,"['Arena', 'Casa Giulietta', 'Duomo']",Teatro Romano,"['Santa Anastasia', 'AMO', 'Palazzo della Ragione', 'Museo Conte', 'Centro Fotografia']",Castelvecchio,strategy_nearest,False,0.0034890174865722656,success
040D4F3A9C4C81,3,"['Castelvecchio', 'Arena']",Casa Giulietta,"['Centro Fotografia', 'Sighseeing', 'Torre Lamberti', 'Museo Conte', 'Museo Radio']",Santa Anastasia,strategy_nearest,False,0.004522800445556641,success
040D6C3A9C4C81,1,"['Castelvecchio', 'Casa Giulietta']",Torre Lamberti,"['Sighseeing', 'Centro Fotografia', 'Museo Conte', 'Palazzo della Ragione', 'AMO']",Palazzo della Ragione,strategy_nearest,True,0.0031790733337402344,success
040D6C429C4C81,3,"['Casa Giulietta', 'Arena', 'Castelvecchio']",San Zeno,"['Verona Tour', 'Museo Lapidario', 'Museo Miniscalchi', 'Sighseeing', 'Museo Radio']",Teatro Romano,strategy_nearest,False,0.0013728141784667969,success
040D524A9C4C81,2,['Casa Giulietta'],Santa Anastasia,"['AMO', 'Museo Conte', 'Palazzo della Ragione', 'Teatro Romano', 'Centro Fotografia']",Duomo,strategy_nearest,False,0.0032999515533447266,success
040D7C4A9C4C80,0,"['Castelvecchio', 'Teatro Romano']",Giardino Giusti,"['Santa Anastasia', 'Museo Conte', 'Centro Fotografia', 'Museo Storia', 'AMO']",Casa Giulietta,strategy_nearest,False,0.0027229785919189453,success
040D79429C4C81,1,['Arena'],Casa Giulietta,"['Centro Fotografia', 'Sighseeing', 'Torre Lamberti', 'Museo Conte', 'Museo Radio']",Torre Lamberti,strategy_nearest,True,0.0016260147094726562,success
040D7E3A9C4C81,1,"['Castelvecchio', 'Arena', 'Museo Storia']",Tomba Giulietta,"['San Fermo', 'Museo Lapidario', 'Museo Radio', 'Verona Tour', 'Casa Giulietta']",Casa Giulietta,strategy_nearest,True,0.0019669532775878906,success
040D7A4A9C4C81,1,['Casa Giulietta'],Palazzo della Ragione,"['AMO', 'Museo Conte', 'Torre Lamberti', 'Centro Fotografia', 'Sighseeing']",Arena,strategy_nearest,False,0.003373861312866211,success
040D83429C4C80,0,['Arena'],Castelvecchio,"['Museo Lapidario', 'Verona Tour', 'Museo Radio', 'San Zeno', 'Sighseeing']",Casa Giulietta,strategy_nearest,False,0.0033698081970214844,success
040D8A4A9C4C81,3,"['Arena', 'Museo Lapidario', 'Castelvecchio']",Duomo,"['AMO', 'Museo Miniscalchi', 'Santa Anastasia', 'Teatro Romano', 'Palazzo della Ragione']",Teatro Romano,strategy_nearest,True,0.002008199691772461,success
040D853A9C4C81,1,"['Arena', 'Casa Giulietta']",Palazzo della Ragione,"['AMO', 'Museo Conte', 'Torre Lamberti', 'Centro Fotografia', 'Sighseeing']",Teatro Romano,strategy_nearest,False,0.0027480125427246094,success
040D7E4A9C4C81,0,['Santa Anastasia'],Casa Giulietta,"['Centro Fotografia', 'Sighseeing', 'Torre Lamberti', 'Museo Conte', 'Museo Radio']",Arena,strategy_nearest,False,0.0016319751739501953,success
040D8D4A9C4C80,1,"['Arena', 'Duomo', 'Teatro Romano']",Santa Anastasia,"['AMO', 'Museo Conte', 'Palazzo della Ragione', 'Centro Fotografia', 'Torre Lamberti']",Casa Giulietta,strategy_nearest,False,0.0016140937805175781,success
040D944A9C4C80,0,['Arena'],Teatro Romano,"['Santa Anastasia', 'Duomo', 'AMO', 'Palazzo della Ragione', 'Museo Conte']",Casa Giulietta,strategy_nearest,False,0.002178192138671875,success
040D954A9C4C80,3,"['Arena', 'Casa Giulietta']",Santa Anastasia,"['AMO', 'Museo Conte', 'Palazzo della Ragione', 'Teatro Romano', 'Centro Fotografia']",Duomo,strategy_nearest,False,0.0027251243591308594,success
040D97429C4C81,0,['Arena'],Casa Giulietta,"['Centro Fotografia', 'Sighseeing', 'Torre Lamberti', 'Museo Conte', 'Museo Radio']",Duomo,strategy_nearest,False,0.0032439231872558594,success
040D9A4A9C4C81,3,['Arena'],Santa Anastasia,"['AMO', 'Museo Conte', 'Palazzo della Ragione', 'Teatro Romano', 'Centro Fotografia']",Teatro Romano,strategy_nearest,True,0.0022928714752197266,success
040D9C429C4C81,0,['Casa Giulietta'],Arena,"['Verona Tour', 'Museo Lapidario', 'Museo Radio', 'San Fermo', 'Sighseeing']",Castelvecchio,strategy_nearest,False,0.0032477378845214844,success
040D9B429C4C81,0,"['Arena', 'Casa Giulietta']",Teatro Romano,"['Santa Anastasia', 'Duomo', 'AMO', 'Palazzo della Ragione', 'Museo Conte']",Tomba Giulietta,strategy_nearest,False,0.00167083740234375,success
040D9D429C4C81,1,"['Casa Giulietta', 'Palazzo della Ragione']",Torre Lamberti,"['Sighseeing', 'Centro Fotografia', 'Museo Conte', 'AMO', 'Museo Miniscalchi']",San Fermo,strategy_nearest,False,0.0025987625122070312,success
040DA63A9C4C81,0,['Duomo'],Teatro Romano,"['Santa Anastasia', 'AMO', 'Palazzo della Ragione', 'Museo Conte', 'Centro Fotografia']",Arena,strategy_nearest,False,0.0021750926971435547,success
040DA53A9C4C81,3,"['Arena', 'Casa Giulietta']",Torre Lamberti,"['Sighseeing', 'Centro Fotografia', 'Museo Conte', 'Palazzo della Ragione', 'AMO']",Santa Anastasia,strategy_nearest,False,0.001600027084350586,success
040DAC3A9C4C81,3,"['Castelvecchio', 'Arena']",Casa Giulietta,"['Centro Fotografia', 'Sighseeing', 'Torre Lamberti', 'Museo Conte', 'Museo Radio']",Torre Lamberti,strategy_nearest,True,0.002619028091430664,success
040DAC4A9C4C80,0,['Arena'],Museo Lapidario,"['Verona Tour', 'Castelvecchio', 'Museo Radio', 'San Fermo', 'Casa Giulietta']",Castelvecchio,strategy_nearest,True,0.003222942352294922,success
040DB14A9C4C81,3,"['Arena', 'Casa Giulietta']",Torre Lamberti,"['Sighseeing', 'Centro Fotografia', 'Museo Conte', 'Palazzo della Ragione', 'AMO']",Teatro Romano,strategy_nearest,False,0.0020170211791992188,success
040DB13A9C4C80,1,"['Palazzo della Ragione', 'Torre Lamberti', 'San Fermo']",Tomba Giulietta,"['Museo Storia', 'Arena', 'Museo Lapidario', 'Museo Radio', 'Verona Tour']",Arena,strategy_nearest,True,0.0013000965118408203,success
040DB24A9C4C80,1,"['Arena', 'Casa Giulietta']",San Fermo,"['Museo Storia', 'Museo Radio', 'Centro Fotografia', 'Sighseeing', 'Torre Lamberti']",Palazzo della Ragione,strategy_nearest,False,0.0026323795318603516,success
040DB4429C4C80,0,['Arena'],Casa Giulietta,"['Centro Fotografia', 'Sighseeing', 'Torre Lamberti', 'Museo Conte', 'Museo Radio']",Teatro Romano,strategy_nearest,False,0.0029969215393066406,success
040DBA429C4C80,3,"['Arena', 'Casa Giulietta']",San Fermo,"['Museo Storia', 'Museo Radio', 'Centro Fotografia', 'Sighseeing', 'Torre Lamberti']",Santa Anastasia,strategy_nearest,False,0.0018188953399658203,success
040DBC4A9C4C81,3,"['Arena', 'Torre Lamberti']",Santa Anastasia,"['AMO', 'Museo Conte', 'Palazzo della Ragione', 'Teatro Romano', 'Centro Fotografia']",Casa Giulietta,strategy_nearest,False,0.00244903564453125,success
040DB44A9C4C80,1,"['Arena', 'Palazzo della Ragione']",Torre Lamberti,"['Sighseeing', 'Centro Fotografia', 'Museo Conte', 'Casa Giulietta', 'AMO']",Santa Anastasia,strategy_nearest,False,0.002596139907836914,success
040DC44A9C4C81,0,"['Castelvecchio', 'San Zeno']",Torre Lamberti,"['Sighseeing', 'Centro Fotografia', 'Museo Conte', 'Casa Giulietta', 'Palazzo della Ragione']",Casa Giulietta,strategy_nearest,True,0.003385305404663086,success
040DC64A9C4C80,0,['Arena'],Casa Giulietta,"['Centro Fotografia', 'Sighseeing', 'Torre Lamberti', 'Museo Conte', 'Museo Radio']",Torre Lamberti,strategy_nearest,True,0.0017781257629394531,success
040DC53A9C4C80,0,"['Arena', 'Castelvecchio']",Casa Giulietta,"['Centro Fotografia', 'Sighseeing', 'Torre Lamberti', 'Museo Conte', 'Museo Radio']",Torre Lamberti,strategy_nearest,True,0.003340005874633789,success
040DC64A9C4C81,3,"['Torre Lamberti', 'Casa Giulietta', 'Castelvecchio']",San Zeno,"['Verona Tour', 'Museo Lapidario', 'Arena', 'Museo Miniscalchi', 'Sighseeing']",Arena,strategy_nearest,True,0.0031080245971679688,success
040DD14A9C4C81,0,['Arena'],Torre Lamberti,"['Sighseeing', 'Centro Fotografia', 'Museo Conte', 'Casa Giulietta', 'Palazzo della Ragione']",Casa Giulietta,strategy_nearest,True,0.002162933349609375,success
040DD8429C4C81,1,"['Arena', 'Santa Anastasia', 'Casa Giulietta']",Castelvecchio,"['Museo Lapidario', 'Verona Tour', 'Museo Radio', 'San Zeno', 'Sighseeing']",San Zeno,strategy_nearest,True,0.0013928413391113281,success
040DC74A9C4C80,1,['Arena'],Casa Giulietta,"['Centro Fotografia', 'Sighseeing', 'Torre Lamberti', 'Museo Conte', 'Museo Radio']",Torre Lamberti,strategy_nearest,True,0.0046977996826171875,success
040DC94A9C4C81,1,"['Arena', 'Casa Giulietta']",Castelvecchio,"['Museo Lapidario', 'Verona Tour', 'Museo Radio', 'San Zeno', 'Sighseeing']",Palazzo della Ragione,strategy_nearest,False,0.0027849674224853516,success
040DEF3A9C4C81,3,"['Casa Giulietta', 'Arena', 'Museo Storia']",San Fermo,"['Museo Radio', 'Centro Fotografia', 'Sighseeing', 'Torre Lamberti', 'Museo Conte']",Torre Lamberti,strategy_nearest,True,0.002007007598876953,success
040DF34A9C4C81,3,"['Arena', 'Casa Giulietta', 'Teatro Romano']",San Fermo,"['Museo Storia', 'Museo Radio', 'Centro Fotografia', 'Sighseeing', 'Torre Lamberti']",Museo Storia,strategy_nearest,True,0.0025718212127685547,success
040DE3429C4C81,0,"['Arena', 'Museo Lapidario', 'Castelvecchio']",Casa Giulietta,"['Centro Fotografia', 'Sighseeing', 'Torre Lamberti', 'Museo Conte', 'Museo Radio']",San Fermo,strategy_nearest,False,0.0021262168884277344,success
040DE03A9C4C81,3,"['Casa Giulietta', 'Arena']",San Fermo,"['Museo Storia', 'Museo Radio', 'Centro Fotografia', 'Sighseeing', 'Torre Lamberti']",Santa Anastasia,strategy_nearest,False,0.003907918930053711,success
040DFF4A9C4C81,1,"['Casa Giulietta', 'Torre Lamberti']",Palazzo della Ragione,"['AMO', 'Museo Conte', 'Centro Fotografia', 'Sighseeing', 'Santa Anastasia']",Arena,strategy_nearest,False,0.0015289783477783203,success
040DFC4A9C4C81,0,['Arena'],Santa Anastasia,"['AMO', 'Museo Conte', 'Palazzo della Ragione', 'Teatro Romano', 'Centro Fotografia']",Castelvecchio,strategy_nearest,False,0.0027997493743896484,success
040E044A9C4C85,0,['Castelvecchio'],Santa Anastasia,"['AMO', 'Museo Conte', 'Palazzo della Ragione', 'Teatro Romano', 'Centro Fotografia']",Casa Giulietta,strategy_nearest,False,0.0020139217376708984,success
040DFD4A9C4C81,3,['Santa Anastasia'],Duomo,"['AMO', 'Museo Miniscalchi', 'Teatro Romano', 'Palazzo della Ragione', 'Museo Conte']",Casa Giulietta,strategy_nearest,False,0.003384113311767578,success
040E333A9C4C81,3,"['Arena', 'Casa Giulietta']",Duomo,"['AMO', 'Museo Miniscalchi', 'Santa Anastasia', 'Teatro Romano', 'Palazzo della Ragione']",Santa Anastasia,strategy_nearest,True,0.004621028900146484,success
040E503A9C4C81,0,"['Teatro Romano', 'Casa Giulietta']",Torre Lamberti,"['Sighseeing', 'Centro Fotografia', 'Museo Conte', 'Palazzo della Ragione', 'AMO']",Tomba Giulietta,strategy_nearest,False,0.00208282470703125,success
040E45429C4C81,0,"['San Fermo', 'Casa Giulietta']",Duomo,"['AMO', 'Museo Miniscalchi', 'Santa Anastasia', 'Teatro Romano', 'Palazzo della Ragione']",Castelvecchio,strategy_nearest,False,0.0015921592712402344,success
040E49429C4C81,0,"['Casa Giulietta', 'Torre Lamberti']",Arena,"['Verona Tour', 'Museo Lapidario', 'Museo Radio', 'San Fermo', 'Sighseeing']",Castelvecchio,strategy_nearest,False,0.0027599334716796875,success
040E70429C4C80,3,"['Arena', 'Castelvecchio']",Santa Anastasia,"['AMO', 'Museo Conte', 'Palazzo della Ragione', 'Teatro Romano', 'Centro Fotografia']",Duomo,strategy_nearest,False,0.0026900768280029297,success
040E72429C4C81,0,['San Zeno'],Castelvecchio,"['Museo Lapidario', 'Verona Tour', 'Arena', 'Museo Radio', 'Sighseeing']",Casa Giulietta,strategy_nearest,False,0.0020287036895751953,success
040E6E4A9C4C81,0,['Tomba Giulietta'],Casa Giulietta,"['Centro Fotografia', 'Sighseeing', 'Torre Lamberti', 'Museo Conte', 'Museo Radio']",Arena,strategy_nearest,False,0.003408193588256836,success
040E653A9C4C81,3,"['Arena', 'Castelvecchio', 'Torre Lamberti']",Casa Giulietta,"['Centro Fotografia', 'Sighseeing', 'Museo Conte', 'Museo Radio', 'Palazzo della Ragione']",Giardino Giusti,strategy_nearest,False,0.0016319751739501953,success
040E7A429C4C81,1,"['Arena', 'Torre Lamberti', 'Palazzo della Ragione']",Santa Anastasia,"['AMO', 'Museo Conte', 'Teatro Romano', 'Centro Fotografia', 'Duomo']",Teatro Romano,strategy_nearest,True,0.0013308525085449219,success
040E73429C4C80,3,['Arena'],Casa Giulietta,"['Centro Fotografia', 'Sighseeing', 'Torre Lamberti', 'Museo Conte', 'Museo Radio']",Santa Anastasia,strategy_nearest,False,0.002602100372314453,success
040E774A9C4C81,1,['Arena'],Castelvecchio,"['Museo Lapidario', 'Verona Tour', 'Museo Radio', 'San Zeno', 'Sighseeing']",Palazzo della Ragione,strategy_nearest,False,0.0027441978454589844,success
040E7B4A9C4C81,3,"['Teatro Romano', 'Duomo', 'Santa Anastasia']",Casa Giulietta,"['Centro Fotografia', 'Sighseeing', 'Torre Lamberti', 'Museo Conte', 'Museo Radio']",Arena,strategy_nearest,False,0.003287076950073242,success
040E8C429C4C81,0,['Arena'],Torre Lamberti,"['Sighseeing', 'Centro Fotografia', 'Museo Conte', 'Casa Giulietta', 'Palazzo della Ragione']",Duomo,strategy_nearest,False,0.0013797283172607422,success
040E7D3A9C4C81,0,['Duomo'],Arena,"['Verona Tour', 'Museo Lapidario', 'Museo Radio', 'San Fermo', 'Casa Giulietta']",Casa Giulietta,strategy_nearest,True,0.003918886184692383,success
040E82429C4C80,3,"['Teatro Romano', 'Arena']",Castelvecchio,"['Museo Lapidario', 'Verona Tour', 'Museo Radio', 'San Zeno', 'Sighseeing']",San Zeno,strategy_nearest,True,0.0032629966735839844,success
040E7C4A9C4C80,0,['Arena'],Casa Giulietta,"['Centro Fotografia', 'Sighseeing', 'Torre Lamberti', 'Museo Conte', 'Museo Radio']",Museo Lapidario,strategy_nearest,False,0.003358125686645508,success
040E914A9C4C80,1,"['Arena', 'Torre Lamberti', 'Palazzo della Ragione']",Casa Giulietta,"['Centro Fotografia', 'Sighseeing', 'Museo Conte', 'Museo Radio', 'San Fermo']",San Fermo,strategy_nearest,True,0.0016160011291503906,success
040E954A9C4C80,0,"['Museo Lapidario', 'Arena']",Castelvecchio,"['Verona Tour', 'Museo Radio', 'San Zeno', 'Sighseeing', 'Museo Miniscalchi']",Duomo,strategy_nearest,False,0.0027840137481689453,success
040E99429C4C80,3,['Castelvecchio'],Santa Anastasia,"['AMO', 'Museo Conte', 'Palazzo della Ragione', 'Teatro Romano', 'Centro Fotografia']",Duomo,strategy_nearest,False,0.002167224884033203,success
040E994A9C4C80,0,['Castelvecchio'],Casa Giulietta,"['Centro Fotografia', 'Sighseeing', 'Torre Lamberti', 'Museo Conte', 'Museo Radio']",Arena,strategy_nearest,False,0.003329038619995117,success
040E9A429C4C80,0,['Arena'],Casa Giulietta,"['Centro Fotografia', 'Sighseeing', 'Torre Lamberti', 'Museo Conte', 'Museo Radio']",Torre Lamberti,strategy_nearest,True,0.002100229263305664,success
040E9E4A9C4C80,0,"['Arena', 'Museo Lapidario']",Castelvecchio,"['Verona Tour', 'Museo Radio', 'San Zeno', 'Sighseeing', 'Museo Miniscalchi']",Casa Giulietta,strategy_nearest,False,0.002576112747192383,success
040E9B429C4C80,3,['Arena'],Casa Giulietta,"['Centro Fotografia', 'Sighseeing', 'Torre Lamberti', 'Museo Conte', 'Museo Radio']",Torre Lamberti,strategy_nearest,True,0.003278017044067383,success
040E9A429C4C81,1,"['Palazzo della Ragione', 'Torre Lamberti', 'Casa Giulietta']",Santa Anastasia,"['AMO', 'Museo Conte', 'Teatro Romano', 'Centro Fotografia', 'Duomo']",Duomo,strategy_nearest,True,0.001363992691040039,success
040EAC4A9C4C80,0,['Arena'],Casa Giulietta,"['Centro Fotografia', 'Sighseeing', 'Torre Lamberti', 'Museo Conte', 'Museo Radio']",Torre Lamberti,strategy_nearest,True,0.001544952392578125,success
040EAC4A9C4C81,0,['Arena'],Casa Giulietta,"['Centro Fotografia', 'Sighseeing', 'Torre Lamberti', 'Museo Conte', 'Museo Radio']",San Zeno,strategy_nearest,False,0.002585887908935547,success
040EA73A9C4C80,1,"['Arena', 'Castelvecchio']",Casa Giulietta,"['Centro Fotografia', 'Sighseeing', 'Torre Lamberti', 'Museo Conte', 'Museo Radio']",Torre Lamberti,strategy_nearest,True,0.0021581649780273438,success
040EA1429C4C80,3,"['Casa Giulietta', 'Santa Anastasia']",Duomo,"['AMO', 'Museo Miniscalchi', 'Teatro Romano', 'Palazzo della Ragione', 'Museo Conte']",Arena,strategy_nearest,False,0.004542112350463867,success
040EAD4A9C4C80,2,['Santa Anastasia'],Giardino Giusti,"['Teatro Romano', 'Museo Conte', 'Centro Fotografia', 'Museo Storia', 'AMO']",Castelvecchio,strategy_nearest,False,0.001499176025390625,success
040EAD3A9C4C81,0,['Casa Giulietta'],Tomba Giulietta,"['San Fermo', 'Museo Storia', 'Arena', 'Museo Lapidario', 'Museo Radio']",Arena,strategy_nearest,True,0.004519939422607422,success
040EB03A9C4C81,1,"['Casa Giulietta', 'Palazzo della Ragione']",Torre Lamberti,"['Sighseeing', 'Centro Fotografia', 'Museo Conte', 'AMO', 'Museo Miniscalchi']",Tomba Giulietta,strategy_nearest,False,0.0019540786743164062,success
040EAE3A9C4C81,0,['Arena'],Castelvecchio,"['Museo Lapidario', 'Verona Tour', 'Museo Radio', 'San Zeno', 'Sighseeing']",Casa Giulietta,strategy_nearest,False,0.0026559829711914062,success
040EB44A9C4C80,0,['Castelvecchio'],Arena,"['Verona Tour', 'Museo Lapidario', 'Museo Radio', 'San Fermo', 'Casa Giulietta']",Casa Giulietta,strategy_nearest,True,0.002805948257446289,success
040EB64A9C4C80,3,['Arena'],Casa Giulietta,"['Centro Fotografia', 'Sighseeing', 'Torre Lamberti', 'Museo Conte', 'Museo Radio']",Torre Lamberti,strategy_nearest,True,0.002180814743041992,success
040EB14A9C4C80,0,['Arena'],Santa Anastasia,"['AMO', 'Museo Conte', 'Palazzo della Ragione', 'Teatro Romano', 'Centro Fotografia']",Casa Giulietta,strategy_nearest,False,0.003522157669067383,success
040EBD3A9C4C80,0,['Arena'],Casa Giulietta,"['Centro Fotografia', 'Sighseeing', 'Torre Lamberti', 'Museo Conte', 'Museo Radio']",Torre Lamberti,strategy_nearest,True,0.0015549659729003906,success
040EC13A9C4C80,3,"['Casa Giulietta', 'San Zeno']",Arena,"['Verona Tour', 'Museo Lapidario', 'Museo Radio', 'San Fermo', 'Sighseeing']",Torre Lamberti,strategy_nearest,False,0.0028142929077148438,success
040EC1429C4C80,0,['Arena'],Casa Giulietta,"['Centro Fotografia', 'Sighseeing', 'Torre Lamberti', 'Museo Conte', 'Museo Radio']",San Fermo,strategy_nearest,False,0.0027451515197753906,success
040EC14A9C4C80,0,"['Arena', 'Museo Lapidario']",Castelvecchio,"['Verona Tour', 'Museo Radio', 'San Zeno', 'Sighseeing', 'Museo Miniscalchi']",Tomba Giulietta,strategy_nearest,False,0.003255128860473633,success
040EC04A9C4C81,3,"['Arena', 'Casa Giulietta']",Torre Lamberti,"['Sighseeing', 'Centro Fotografia', 'Museo Conte', 'Palazzo della Ragione', 'AMO']",Duomo,strategy_nearest,False,0.002246856689453125,success
040EC74A9C4C81,1,['Arena'],Casa Giulietta,"['Centro Fotografia', 'Sighseeing', 'Torre Lamberti', 'Museo Conte', 'Museo Radio']",Torre Lamberti,strategy_nearest,True,0.0013828277587890625,success
040EC74A9C4C80,0,['Arena'],Casa Giulietta,"['Centro Fotografia', 'Sighseeing', 'Torre Lamberti', 'Museo Conte', 'Museo Radio']",Torre Lamberti,strategy_nearest,True,0.0021660327911376953,success
040EC44A9C4C81,1,"['Arena', 'Casa Giulietta', 'Torre Lamberti']",Palazzo della Ragione,"['AMO', 'Museo Conte', 'Centro Fotografia', 'Sighseeing', 'Santa Anastasia']",Santa Anastasia,strategy_nearest,True,0.002769947052001953,success
040EC24A9C4C80,1,"['Arena', 'Casa Giulietta']",Palazzo della Ragione,"['AMO', 'Museo Conte', 'Torre Lamberti', 'Centro Fotografia', 'Sighseeing']",Torre Lamberti,strategy_nearest,True,0.003384828567504883,success
040EC84A9C4C80,1,"['Arena', 'Casa Giulietta']",Torre Lamberti,"['Sighseeing', 'Centro Fotografia', 'Museo Conte', 'Palazzo della Ragione', 'AMO']",Palazzo della Ragione,strategy_nearest,True,0.002801179885864258,success
040ED14A9C4C81,3,['Arena'],Torre Lamberti,"['Sighseeing', 'Centro Fotografia', 'Museo Conte', 'Casa Giulietta', 'Palazzo della Ragione']",Casa Giulietta,strategy_nearest,True,0.0019969940185546875,success
040EC94A9C4C80,0,['Arena'],Museo Lapidario,"['Verona Tour', 'Castelvecchio', 'Museo Radio', 'San Fermo', 'Casa Giulietta']",Museo Storia,strategy_nearest,False,0.00160980224609375,success
040ECF4A9C4C81,0,['Arena'],Casa Giulietta,"['Centro Fotografia', 'Sighseeing', 'Torre Lamberti', 'Museo Conte', 'Museo Radio']",Tomba Giulietta,strategy_nearest,False,0.0033416748046875,success
040ED93A9C4C81,1,"['Arena', 'Casa Giulietta']",Palazzo della Ragione,"['AMO', 'Museo Conte', 'Torre Lamberti', 'Centro Fotografia', 'Sighseeing']",Torre Lamberti,strategy_nearest,True,0.001383066177368164,success
040EE2429C4C81,1,"['Castelvecchio', 'Arena', 'Casa Giulietta']",Palazzo della Ragione,"['AMO', 'Museo Conte', 'Torre Lamberti', 'Centro Fotografia', 'Sighseeing']",Duomo,strategy_nearest,False,0.0019309520721435547,success
040EE5429C4C81,1,"['Arena', 'Casa Giulietta', 'Santa Anastasia']",Teatro Romano,"['Duomo', 'AMO', 'Palazzo della Ragione', 'Museo Conte', 'Centro Fotografia']",Torre Lamberti,strategy_nearest,False,0.0028879642486572266,success
040EE7429C4C81,0,['Arena'],Casa Giulietta,"['Centro Fotografia', 'Sighseeing', 'Torre Lamberti', 'Museo Conte', 'Museo Radio']",Palazzo della Ragione,strategy_nearest,False,0.0034029483795166016,success
040EE93A9C4C81,3,"['Arena', 'Casa Giulietta']",Santa Anastasia,"['AMO', 'Museo Conte', 'Palazzo della Ragione', 'Teatro Romano', 'Centro Fotografia']",Torre Lamberti,strategy_nearest,False,0.0013990402221679688,success
040EF34A9C4C81,3,"['Arena', 'San Fermo', 'Santa Anastasia']",Casa Giulietta,"['Centro Fotografia', 'Sighseeing', 'Torre Lamberti', 'Museo Conte', 'Museo Radio']",Castelvecchio,strategy_nearest,False,0.0019159317016601562,success
040EEF3A9C4C81,0,['Arena'],Casa Giulietta,"['Centro Fotografia', 'Sighseeing', 'Torre Lamberti', 'Museo Conte', 'Museo Radio']",Castelvecchio,strategy_nearest,False,0.0029408931732177734,success
040EF24A9C4C81,3,"['Arena', 'Casa Giulietta']",Torre Lamberti,"['Sighseeing', 'Centro Fotografia', 'Museo Conte', 'Palazzo della Ragione', 'AMO']",Santa Anastasia,strategy_nearest,False,0.0035219192504882812,success
040EFD4A9C4C81,0,"['Arena', 'Museo Lapidario']",Castelvecchio,"['Verona Tour', 'Museo Radio', 'San Zeno', 'Sighseeing', 'Museo Miniscalchi']",Torre Lamberti,strategy_nearest,False,0.0015969276428222656,success
040F014A9C4C85,3,"['Teatro Romano', 'Duomo', 'Museo Lapidario', 'Arena']",San Zeno,"['Castelvecchio', 'Verona Tour', 'Museo Miniscalchi', 'Sighseeing', 'Museo Radio']",Castelvecchio,strategy_nearest,True,0.003242969512939453,success
040EF9429C4C81,0,"['Arena', 'Casa Giulietta']",Torre Lamberti,"['Sighseeing', 'Centro Fotografia', 'Museo Conte', 'Palazzo della Ragione', 'AMO']",Tomba Giulietta,strategy_nearest,False,0.002947092056274414,success
040EFC3A9C4C81,0,['Arena'],Casa Giulietta,"['Centro Fotografia', 'Sighseeing', 'Torre Lamberti', 'Museo Conte', 'Museo Radio']",Castelvecchio,strategy_nearest,False,0.0029020309448242188,success
040F503A9C4C81,2,"['Casa Giulietta', 'Torre Lamberti']",Santa Anastasia,"['AMO', 'Museo Conte', 'Palazzo della Ragione', 'Teatro Romano', 'Centro Fotografia']",Teatro Romano,strategy_nearest,True,0.0017168521881103516,success
040F49429C4C81,3,['Santa Anastasia'],Teatro Romano,"['Duomo', 'AMO', 'Palazzo della Ragione', 'Museo Conte', 'Centro Fotografia']",Duomo,strategy_nearest,True,0.002390146255493164,success
040F4E3A9C4C81,0,['Castelvecchio'],Arena,"['Verona Tour', 'Museo Lapidario', 'Museo Radio', 'San Fermo', 'Casa Giulietta']",Casa Giulietta,strategy_nearest,True,0.002985239028930664,success
040F50429C4C81,3,"['Arena', 'Casa Giulietta', 'Torre Lamberti']",Santa Anastasia,"['AMO', 'Museo Conte', 'Palazzo della Ragione', 'Teatro Romano', 'Centro Fotografia']",Teatro Romano,strategy_nearest,True,0.0040819644927978516,success
040F6C3A9C4C81,1,"['Arena', 'Casa Giulietta', 'San Fermo', 'Museo Storia', 'Tomba Giulietta']",Teatro Romano,"['Santa Anastasia', 'Duomo', 'AMO', 'Palazzo della Ragione', 'Museo Conte']",Santa Anastasia,strategy_nearest,True,0.004189014434814453,success
040F693A9C4C80,3,"['Casa Giulietta', 'Arena']",Santa Anastasia,"['AMO', 'Museo Conte', 'Palazzo della Ragione', 'Teatro Romano', 'Centro Fotografia']",Giardino Giusti,strategy_nearest,False,0.0026390552520751953,success
040F693A9C4C81,1,"['Casa Giulietta', 'Castelvecchio', 'San Zeno']",Arena,"['Verona Tour', 'Museo Lapidario', 'Museo Radio', 'San Fermo', 'Sighseeing']",Teatro Romano,strategy_nearest,False,0.0037081241607666016,success
040F774A9C4C81,1,['Arena'],Palazzo della Ragione,"['AMO', 'Museo Conte', 'Torre Lamberti', 'Centro Fotografia', 'Sighseeing']",Casa Giulietta,strategy_nearest,False,0.0023751258850097656,success
040F7A429C4C81,3,"['Arena', 'Castelvecchio']",Santa Anastasia,"['AMO', 'Museo Conte', 'Palazzo della Ragione', 'Teatro Romano', 'Centro Fotografia']",Duomo,strategy_nearest,False,0.0030651092529296875,success
040F73429C4C81,3,"['Arena', 'Casa Giulietta']",Santa Anastasia,"['AMO', 'Museo Conte', 'Palazzo della Ragione', 'Teatro Romano', 'Centro Fotografia']",Duomo,strategy_nearest,False,0.0031909942626953125,success
040F77429C4C81,0,"['Arena', 'Museo Lapidario']",Castelvecchio,"['Verona Tour', 'Museo Radio', 'San Zeno', 'Sighseeing', 'Museo Miniscalchi']",Torre Lamberti,strategy_nearest,False,0.0040130615234375,success
040F8B429C4C81,3,"['Arena', 'Torre Lamberti']",Santa Anastasia,"['AMO', 'Museo Conte', 'Palazzo della Ragione', 'Teatro Romano', 'Centro Fotografia']",Casa Giulietta,strategy_nearest,False,0.0016918182373046875,success
040F8A429C4C81,0,['Castelvecchio'],Arena,"['Verona Tour', 'Museo Lapidario', 'Museo Radio', 'San Fermo', 'Casa Giulietta']",Casa Giulietta,strategy_nearest,True,0.003092050552368164,success
040F834A9C4C80,0,['Arena'],Castelvecchio,"['Museo Lapidario', 'Verona Tour', 'Museo Radio', 'San Zeno', 'Sighseeing']",Casa Giulietta,strategy_nearest,False,0.002557039260864258,success
040F8D3A9C4C80,3,"['Arena', 'San Fermo', 'Casa Giulietta', 'Torre Lamberti']",Santa Anastasia,"['AMO', 'Museo Conte', 'Palazzo della Ragione', 'Teatro Romano', 'Centro Fotografia']",Teatro Romano,strategy_nearest,True,0.0031538009643554688,success
040F994A9C4C81,3,"['Arena', 'Casa Giulietta']",Torre Lamberti,"['Sighseeing', 'Centro Fotografia', 'Museo Conte', 'Palazzo della Ragione', 'AMO']",Santa Anastasia,strategy_nearest,False,0.005206108093261719,success
040F9B429C4C80,3,"['Casa Giulietta', 'San Zeno']",Arena,"['Verona Tour', 'Museo Lapidario', 'Museo Radio', 'San Fermo', 'Sighseeing']",Torre Lamberti,strategy_nearest,False,0.0017397403717041016,success
040F9A4A9C4C81,3,['Arena'],Santa Anastasia,"['AMO', 'Museo Conte', 'Palazzo della Ragione', 'Teatro Romano', 'Centro Fotografia']",Teatro Romano,strategy_nearest,True,0.002687215805053711,success
040F8E4A9C4C80,0,['Arena'],Castelvecchio,"['Museo Lapidario', 'Verona Tour', 'Museo Radio', 'San Zeno', 'Sighseeing']",Casa Giulietta,strategy_nearest,False,0.0045969486236572266,success
040F9B4A9C4C80,3,"['Arena', 'San Fermo', 'Casa Giulietta']",Torre Lamberti,"['Sighseeing', 'Centro Fotografia', 'Museo Conte', 'Palazzo della Ragione', 'AMO']",Santa Anastasia,strategy_nearest,False,0.002064943313598633,success
040F9D429C4C80,3,"['Casa Giulietta', 'Torre Lamberti']",Santa Anastasia,"['AMO', 'Museo Conte', 'Palazzo della Ragione', 'Teatro Romano', 'Centro Fotografia']",Duomo,strategy_nearest,False,0.004690885543823242,success
040F9D4A9C4C80,0,"['Arena', 'Casa Giulietta']",Torre Lamberti,"['Sighseeing', 'Centro Fotografia', 'Museo Conte', 'Palazzo della Ragione', 'AMO']",Duomo,strategy_nearest,False,0.0038487911224365234,success
040F9D4A9C4C81,3,"['Arena', 'Tomba Giulietta']",San Fermo,"['Museo Storia', 'Museo Radio', 'Casa Giulietta', 'Centro Fotografia', 'Sighseeing']",Casa Giulietta,strategy_nearest,True,0.003175973892211914,success
040FA0429C4C80,0,['Casa Giulietta'],Torre Lamberti,"['Sighseeing', 'Centro Fotografia', 'Museo Conte', 'Palazzo della Ragione', 'AMO']",Arena,strategy_nearest,False,0.00189208984375,success
040F9F429C4C80,0,['Casa Giulietta'],San Fermo,"['Museo Storia', 'Museo Radio', 'Centro Fotografia', 'Arena', 'Sighseeing']",Arena,strategy_nearest,True,0.003429889678955078,success
040FA04A9C4C80,0,['Casa Giulietta'],Arena,"['Verona Tour', 'Museo Lapidario', 'Museo Radio', 'San Fermo', 'Sighseeing']",Castelvecchio,strategy_nearest,False,0.002596139907836914,success
040FA14A9C4C80,0,['Arena'],Casa Giulietta,"['Centro Fotografia', 'Sighseeing', 'Torre Lamberti', 'Museo Conte', 'Museo Radio']",Torre Lamberti,strategy_nearest,True,0.0037910938262939453,success
040FAC3A9C4C80,0,['Museo Lapidario'],Arena,"['Verona Tour', 'Museo Radio', 'San Fermo', 'Casa Giulietta', 'Sighseeing']",Casa Giulietta,strategy_nearest,True,0.002130270004272461,success
040FAB3A9C4C81,0,['Castelvecchio'],San Zeno,"['Verona Tour', 'Museo Lapidario', 'Arena', 'Museo Miniscalchi', 'Sighseeing']",Arena,strategy_nearest,True,0.003467082977294922,success
040FA24A9C4C81,3,"['Arena', 'Museo Lapidario', 'Castelvecchio']",Santa Anastasia,"['AMO', 'Museo Conte', 'Palazzo della Ragione', 'Teatro Romano', 'Centro Fotografia']",Duomo,strategy_nearest,False,0.00269317626953125,success
040FA4429C4C81,0,"['Arena', 'Casa Giulietta']",Torre Lamberti,"['Sighseeing', 'Centro Fotografia', 'Museo Conte', 'Palazzo della Ragione', 'AMO']",Castelvecchio,strategy_nearest,False,0.004311800003051758,success
040FAD4A9C4C81,0,['Arena'],Torre Lamberti,"['Sighseeing', 'Centro Fotografia', 'Museo Conte', 'Casa Giulietta', 'Palazzo della Ragione']",Duomo,strategy_nearest,False,0.002665996551513672,success
040FAD4A9C4C80,1,"['Casa Giulietta', 'Santa Anastasia']",Castelvecchio,"['Museo Lapidario', 'Verona Tour', 'Arena', 'Museo Radio', 'San Zeno']",Arena,strategy_nearest,True,0.003325939178466797,success
040FAC4A9C4C80,3,"['Arena', 'Santa Anastasia']",Teatro Romano,"['Duomo', 'AMO', 'Palazzo della Ragione', 'Museo Conte', 'Centro Fotografia']",Giardino Giusti,strategy_nearest,False,0.0021419525146484375,success
040FAC4A9C4C81,0,['Arena'],Casa Giulietta,"['Centro Fotografia', 'Sighseeing', 'Torre Lamberti', 'Museo Conte', 'Museo Radio']",Torre Lamberti,strategy_nearest,True,0.0040149688720703125,success
040FB13A9C4C81,3,"['Torre Lamberti', 'Casa Giulietta', 'Santa Anastasia']",Duomo,"['AMO', 'Museo Miniscalchi', 'Teatro Romano', 'Palazzo della Ragione', 'Museo Conte']",Arena,strategy_nearest,False,0.0030260086059570312,success
040FB04A9C4C81,1,"['Arena', 'Teatro Romano']",Duomo,"['AMO', 'Museo Miniscalchi', 'Santa Anastasia', 'Palazzo della Ragione', 'Museo Conte']",Casa Giulietta,strategy_nearest,False,0.0025129318237304688,success
040FAE4A9C4C81,0,"['Arena', 'Casa Giulietta']",Torre Lamberti,"['Sighseeing', 'Centro Fotografia', 'Museo Conte', 'Palazzo della Ragione', 'AMO']",Teatro Romano,strategy_nearest,False,0.003920793533325195,success
040FAE4A9C4C80,0,['Castelvecchio'],Torre Lamberti,"['Sighseeing', 'Centro Fotografia', 'Museo Conte', 'Casa Giulietta', 'Palazzo della Ragione']",Arena,strategy_nearest,False,0.001949310302734375,success
040FB14A9C4C81,1,['Arena'],Casa Giulietta,"['Centro Fotografia', 'Sighseeing', 'Torre Lamberti', 'Museo Conte', 'Museo Radio']",Torre Lamberti,strategy_nearest,True,0.0035638809204101562,success
040FB24A9C4C81,3,"['Arena', 'Casa Giulietta']",Torre Lamberti,"['Sighseeing', 'Centro Fotografia', 'Museo Conte', 'Palazzo della Ragione', 'AMO']",Santa Anastasia,strategy_nearest,False,0.00156402587890625,success
040FB34A9C4C80,0,['Arena'],Castelvecchio,"['Museo Lapidario', 'Verona Tour', 'Museo Radio', 'San Zeno', 'Sighseeing']",Casa Giulietta,strategy_nearest,False,0.0021638870239257812,success
040FB8429C4C80,3,"['Arena', 'Torre Lamberti', 'Casa Giulietta']",Santa Anastasia,"['AMO', 'Museo Conte', 'Palazzo della Ragione', 'Teatro Romano', 'Centro Fotografia']",Duomo,strategy_nearest,False,0.0029449462890625,success
040FB64A9C4C81,1,"['Arena', 'Casa Giulietta']",Torre Lamberti,"['Sighseeing', 'Centro Fotografia', 'Museo Conte', 'Palazzo della Ragione', 'AMO']",Palazzo della Ragione,strategy_nearest,True,0.00574803352355957,success
040FBD4A9C4C80,1,"['Arena', 'Casa Giulietta']",Palazzo della Ragione,"['AMO', 'Museo Conte', 'Torre Lamberti', 'Centro Fotografia', 'Sighseeing']",Torre Lamberti,strategy_nearest,True,0.0015337467193603516,success
040FBD3A9C4C80,0,['Torre Lamberti'],Arena,"['Verona Tour', 'Museo Lapidario', 'Museo Radio', 'San Fermo', 'Casa Giulietta']",Teatro Romano,strategy_nearest,False,0.002337217330932617,success
040FC04A9C4C81,2,"['Torre Lamberti', 'Palazzo della Ragione', 'Santa Anastasia']",Duomo,"['AMO', 'Museo Miniscalchi', 'Teatro Romano', 'Museo Conte', 'Centro Fotografia']",Casa Giulietta,strategy_nearest,False,0.001344919204711914,success
040FC1429C4C80,0,['Tomba Giulietta'],Arena,"['Verona Tour', 'Museo Lapidario', 'Museo Radio', 'San Fermo', 'Casa Giulietta']",Casa Giulietta,strategy_nearest,True,0.0032720565795898438,success
040FC4BA7B3F80,0,['Museo Lapidario'],Castelvecchio,"['Verona Tour', 'Arena', 'Museo Radio', 'San Zeno', 'Sighseeing']",Arena,strategy_nearest,True,0.0023081302642822266,success
040FC3429C4C80,0,['Arena'],Arena,"['Verona Tour', 'Museo Lapidario', 'Museo Radio', 'San Fermo', 'Casa Giulietta']",San Zeno,strategy_nearest,False,0.003930807113647461,success
040FC94A9C4C81,3,['Arena'],Casa Giulietta,"['Centro Fotografia', 'Sighseeing', 'Torre Lamberti', 'Museo Conte', 'Museo Radio']",Teatro Romano,strategy_nearest,False,0.002786874771118164,success
040FCE4A9C4C80,3,"['Castelvecchio', 'Duomo', 'Teatro Romano']",Santa Anastasia,"['AMO', 'Museo Conte', 'Palazzo della Ragione', 'Centro Fotografia', 'Torre Lamberti']",Casa Giulietta,strategy_nearest,False,0.002104043960571289,success
040FCD3A9C4C80,3,"['Arena', 'San Fermo']",Torre Lamberti,"['Sighseeing', 'Centro Fotografia', 'Museo Conte', 'Casa Giulietta', 'Palazzo della Ragione']",Casa Giulietta,strategy_nearest,True,0.0037031173706054688,success
040FD0429C4C81,3,"['Arena', 'Casa Giulietta']",Santa Anastasia,"['AMO', 'Museo Conte', 'Palazzo della Ragione', 'Teatro Romano', 'Centro Fotografia']",Castelvecchio,strategy_nearest,False,0.002330780029296875,success
040FF54A9C4C81,3,"['Arena', 'Santa Anastasia']",Duomo,"['AMO', 'Museo Miniscalchi', 'Teatro Romano', 'Palazzo della Ragione', 'Museo Conte']",San Zeno,strategy_nearest,False,0.002494335174560547,success
040FFA429C4C81,1,"['Arena', 'Santa Anastasia', 'Duomo']",Casa Giulietta,"['Centro Fotografia', 'Sighseeing', 'Torre Lamberti', 'Museo Conte', 'Museo Radio']",Palazzo della Ragione,strategy_nearest,False,0.0028510093688964844,success
040FFA4A9C4C81,0,['Arena'],Castelvecchio,"['Museo Lapidario', 'Verona Tour', 'Museo Radio', 'San Zeno', 'Sighseeing']",Tomba Giulietta,strategy_nearest,False,0.003055095672607422,success
04103D3A9C4C81,3,"['Arena', 'Casa Giulietta']",Santa Anastasia,"['AMO', 'Museo Conte', 'Palazzo della Ragione', 'Teatro Romano', 'Centro Fotografia']",Torre Lamberti,strategy_nearest,False,0.003504037857055664,success
0410014A9C4C85,0,"['Teatro Romano', 'Casa Giulietta']",Torre Lamberti,"['Sighseeing', 'Centro Fotografia', 'Museo Conte', 'Palazzo della Ragione', 'AMO']",Arena,strategy_nearest,False,0.0020999908447265625,success
0410513A9C4C81,3,['Casa Giulietta'],Torre Lamberti,"['Sighseeing', 'Centro Fotografia', 'Museo Conte', 'Palazzo della Ragione', 'AMO']",Santa Anastasia,strategy_nearest,False,0.0034079551696777344,success
041046429C4C81,3,['Duomo'],Santa Anastasia,"['AMO', 'Museo Conte', 'Palazzo della Ragione', 'Teatro Romano', 'Centro Fotografia']",Arena,strategy_nearest,False,0.002834796905517578,success
0410403A9C4C81,1,"['Arena', 'Castelvecchio']",Casa Giulietta,"['Centro Fotografia', 'Sighseeing', 'Torre Lamberti', 'Museo Conte', 'Museo Radio']",Santa Anastasia,strategy_nearest,False,0.0013039112091064453,success
04104A4A9C4C81,1,"['Arena', 'Palazzo della Ragione']",Torre Lamberti,"['Sighseeing', 'Centro Fotografia', 'Museo Conte', 'Casa Giulietta', 'AMO']",Santa Anastasia,strategy_nearest,False,0.002213001251220703,success
04105E3A9C4C81,1,"['Duomo', 'Palazzo della Ragione', 'Casa Giulietta']",Arena,"['Verona Tour', 'Museo Lapidario', 'Museo Radio', 'San Fermo', 'Sighseeing']",Castelvecchio,strategy_nearest,False,0.0027573108673095703,success
0410524A9C4C81,0,['Arena'],Casa Giulietta,"['Centro Fotografia', 'Sighseeing', 'Torre Lamberti', 'Museo Conte', 'Museo Radio']",Teatro Romano,strategy_nearest,False,0.002271890640258789,success
0410563A9C4C81,0,['Casa Giulietta'],Arena,"['Verona Tour', 'Museo Lapidario', 'Museo Radio', 'San Fermo', 'Sighseeing']",Tomba Giulietta,strategy_nearest,False,0.0014810562133789062,success
04106B3A9C4C80,0,"['Arena', 'Castelvecchio']",San Zeno,"['Verona Tour', 'Museo Lapidario', 'Museo Miniscalchi', 'Sighseeing', 'Museo Radio']",Casa Giulietta,strategy_nearest,False,0.0034291744232177734,success
04106D429C4C80,0,['Casa Giulietta'],Torre Lamberti,"['Sighseeing', 'Centro Fotografia', 'Museo Conte', 'Palazzo della Ragione', 'AMO']",Arena,strategy_nearest,False,0.0027229785919189453,success
041077429C4C81,1,"['Arena', 'Casa Giulietta']",Torre Lamberti,"['Sighseeing', 'Centro Fotografia', 'Museo Conte', 'Palazzo della Ragione', 'AMO']",Palazzo della Ragione,strategy_nearest,True,0.0032792091369628906,success
0410774A9C4C81,3,"['Arena', 'Casa Giulietta']",Tomba Giulietta,"['San Fermo', 'Museo Storia', 'Museo Lapidario', 'Museo Radio', 'Verona Tour']",San Fermo,strategy_nearest,True,0.003384113311767578,success
0410744A9C4C80,3,"['Arena', 'Casa Giulietta']",Museo Storia,"['San Fermo', 'Museo Radio', 'Centro Fotografia', 'Tomba Giulietta', 'Torre Lamberti']",San Fermo,strategy_nearest,True,0.0020890235900878906,success
04107B4A9C4C80,1,"['Duomo', 'San Fermo', 'Arena']",Palazzo della Ragione,"['AMO', 'Museo Conte', 'Torre Lamberti', 'Centro Fotografia', 'Sighseeing']",Torre Lamberti,strategy_nearest,True,0.0023849010467529297,success
04107E3A9C4C80,3,"['Arena', 'Castelvecchio']",Casa Giulietta,"['Centro Fotografia', 'Sighseeing', 'Torre Lamberti', 'Museo Conte', 'Museo Radio']",Santa Anastasia,strategy_nearest,False,0.002454042434692383,success
0410843A9C4C80,1,"['Arena', 'Museo Lapidario', 'Castelvecchio']",Palazzo della Ragione,"['AMO', 'Museo Conte', 'Torre Lamberti', 'Centro Fotografia', 'Sighseeing']",Palazzo della Ragione,strategy_nearest,False,0.002483844757080078,success
04107E3A9C4C81,1,"['Duomo', 'Palazzo della Ragione', 'Casa Giulietta']",San Fermo,"['Museo Storia', 'Museo Radio', 'Centro Fotografia', 'Arena', 'Sighseeing']",Tomba Giulietta,strategy_nearest,False,0.0031659603118896484,success
0410853A9C4C81,1,"['Arena', 'Castelvecchio', 'Teatro Romano']",Casa Giulietta,"['Centro Fotografia', 'Sighseeing', 'Torre Lamberti', 'Museo Conte', 'Museo Radio']",Palazzo della Ragione,strategy_nearest,False,0.003119230270385742,success
0410873A9C4C80,3,"['Teatro Romano', 'Arena']",Castelvecchio,"['Museo Lapidario', 'Verona Tour', 'Museo Radio', 'San Zeno', 'Sighseeing']",San Zeno,strategy_nearest,True,0.0020389556884765625,success
04108B4A9C4C80,1,"['Arena', 'Torre Lamberti', 'Palazzo della Ragione']",Duomo,"['AMO', 'Museo Miniscalchi', 'Santa Anastasia', 'Teatro Romano', 'Museo Conte']",San Fermo,strategy_nearest,False,0.00244903564453125,success
0410974A9C4C81,3,"['Castelvecchio', 'Arena']",Casa Giulietta,"['Centro Fotografia', 'Sighseeing', 'Torre Lamberti', 'Museo Conte', 'Museo Radio']",Torre Lamberti,strategy_nearest,True,0.002629995346069336,success
041099429C4C81,0,"['Duomo', 'Casa Giulietta']",Arena,"['Verona Tour', 'Museo Lapidario', 'Museo Radio', 'San Fermo', 'Sighseeing']",San Zeno,strategy_nearest,False,0.0029408931732177734,success
0410934A9C4C80,2,['Casa Giulietta'],Torre Lamberti,"['Sighseeing', 'Centro Fotografia', 'Museo Conte', 'Palazzo della Ragione', 'AMO']",Castelvecchio,strategy_nearest,False,0.0027036666870117188,success
0410934A9C4C81,3,['Castelvecchio'],Arena,"['Verona Tour', 'Museo Lapidario', 'Museo Radio', 'San Fermo', 'Casa Giulietta']",Santa Anastasia,strategy_nearest,False,0.003454923629760742,success
04109D429C4C80,1,"['Arena', 'Casa Giulietta', 'Torre Lamberti']",Palazzo della Ragione,"['AMO', 'Museo Conte', 'Centro Fotografia', 'Sighseeing', 'Santa Anastasia']",Santa Anastasia,strategy_nearest,True,0.002660036087036133,success
04109B4A9C4C81,0,['Arena'],Casa Giulietta,"['Centro Fotografia', 'Sighseeing', 'Torre Lamberti', 'Museo Conte', 'Museo Radio']",Torre Lamberti,strategy_nearest,True,0.0014772415161132812,success
04109A429C4C80,1,"['Arena', 'Tomba Giulietta', 'Casa Giulietta']",Palazzo della Ragione,"['AMO', 'Museo Conte', 'Torre Lamberti', 'Centro Fotografia', 'Sighseeing']",Torre Lamberti,strategy_nearest,True,0.002115011215209961,success
04109E429C4C80,3,"['Arena', 'Casa Giulietta']",Duomo,"['AMO', 'Museo Miniscalchi', 'Santa Anastasia', 'Teatro Romano', 'Palazzo della Ragione']",Teatro Romano,strategy_nearest,True,0.0033919811248779297,success
0410A04A9C4C80,0,"['Arena', 'Museo Lapidario', 'Castelvecchio']",San Zeno,"['Verona Tour', 'Museo Miniscalchi', 'Sighseeing', 'Museo Radio', 'Torre Lamberti']",Casa Giulietta,strategy_nearest,False,0.0018351078033447266,success
0410A24A9C4C81,0,['Arena'],Tomba Giulietta,"['San Fermo', 'Museo Storia', 'Museo Lapidario', 'Museo Radio', 'Verona Tour']",Casa Giulietta,strategy_nearest,False,0.0025641918182373047,success
0410A3429C4C81,1,"['Arena', 'Castelvecchio', 'Casa Giulietta']",Santa Anastasia,"['AMO', 'Museo Conte', 'Palazzo della Ragione', 'Teatro Romano', 'Centro Fotografia']",Duomo,strategy_nearest,False,0.002742767333984375,success
0410A5429C4C81,1,"['Arena', 'Casa Giulietta']",Palazzo della Ragione,"['AMO', 'Museo Conte', 'Torre Lamberti', 'Centro Fotografia', 'Sighseeing']",Torre Lamberti,strategy_nearest,True,0.003381013870239258,success
0410A8429C4C81,3,"['Arena', 'Casa Giulietta']",Duomo,"['AMO', 'Museo Miniscalchi', 'Santa Anastasia', 'Teatro Romano', 'Palazzo della Ragione']",Teatro Romano,strategy_nearest,True,0.002936124801635742,success
0410AA3A9C4C80,1,['Arena'],Casa Giulietta,"['Centro Fotografia', 'Sighseeing', 'Torre Lamberti', 'Museo Conte', 'Museo Radio']",Torre Lamberti,strategy_nearest,True,0.004783153533935547,success
0410AD4A9C4C81,3,"['Arena', 'Casa Giulietta']",Santa Anastasia,"['AMO', 'Museo Conte', 'Palazzo della Ragione', 'Teatro Romano', 'Centro Fotografia']",Duomo,strategy_nearest,False,0.001312255859375,success
0410AD4A9C4C80,3,"['Arena', 'Tomba Giulietta']",Casa Giulietta,"['Centro Fotografia', 'Sighseeing', 'Torre Lamberti', 'Museo Conte', 'Museo Radio']",Santa Anastasia,strategy_nearest,False,0.002550840377807617,success
0410AE3A9C4C81,0,['Casa Giulietta'],Arena,"['Verona Tour', 'Museo Lapidario', 'Museo Radio', 'San Fermo', 'Sighseeing']",Castelvecchio,strategy_nearest,False,0.0033788681030273438,success
0410AE4A9C4C80,0,['Arena'],Torre Lamberti,"['Sighseeing', 'Centro Fotografia', 'Museo Conte', 'Casa Giulietta', 'Palazzo della Ragione']",Casa Giulietta,strategy_nearest,True,0.001600027084350586,success
0410B04A9C4C81,0,['Arena'],Casa Giulietta,"['Centro Fotografia', 'Sighseeing', 'Torre Lamberti', 'Museo Conte', 'Museo Radio']",Torre Lamberti,strategy_nearest,True,0.002624034881591797,success
0410B04A9C4C80,3,"['Arena', 'Museo Lapidario', 'Castelvecchio']",Torre Lamberti,"['Sighseeing', 'Centro Fotografia', 'Museo Conte', 'Casa Giulietta', 'Palazzo della Ragione']",Casa Giulietta,strategy_nearest,True,0.003422975540161133,success
0410B24A9C4C80,3,"['Arena', 'Torre Lamberti']",Casa Giulietta,"['Centro Fotografia', 'Sighseeing', 'Museo Conte', 'Museo Radio', 'Palazzo della Ragione']",Teatro Romano,strategy_nearest,False,0.002232074737548828,success
0410B8429C4C80,1,['Torre Lamberti'],Palazzo della Ragione,"['AMO', 'Museo Conte', 'Centro Fotografia', 'Sighseeing', 'Santa Anastasia']",Casa Giulietta,strategy_nearest,False,0.002695798873901367,success
0410B23A9C4C81,3,['Arena'],Santa Anastasia,"['AMO', 'Museo Conte', 'Palazzo della Ragione', 'Teatro Romano', 'Centro Fotografia']",Duomo,strategy_nearest,False,0.004395008087158203,success
0410B24A9C4C81,3,"['Arena', 'Casa Giulietta']",Santa Anastasia,"['AMO', 'Museo Conte', 'Palazzo della Ragione', 'Teatro Romano', 'Centro Fotografia']",Castelvecchio,strategy_nearest,False,0.0027298927307128906,success
0410B94A9C4C80,2,['Palazzo della Ragione'],Torre Lamberti,"['Sighseeing', 'Centro Fotografia', 'Museo Conte', 'Casa Giulietta', 'AMO']",Casa Giulietta,strategy_nearest,True,0.003197193145751953,success
0410C03A9C4C80,2,['Palazzo della Ragione'],Torre Lamberti,"['Sighseeing', 'Centro Fotografia', 'Museo Conte', 'Casa Giulietta', 'AMO']",Casa Giulietta,strategy_nearest,True,0.0025043487548828125,success
0410BD4A9C4C80,1,"['Arena', 'Casa Giulietta']",Palazzo della Ragione,"['AMO', 'Museo Conte', 'Torre Lamberti', 'Centro Fotografia', 'Sighseeing']",Torre Lamberti,strategy_nearest,True,0.0017979145050048828,success
0410C1429C4C80,0,"['Castelvecchio', 'Casa Giulietta']",Arena,"['Verona Tour', 'Museo Lapidario', 'Museo Radio', 'San Fermo', 'Sighseeing']",Torre Lamberti,strategy_nearest,False,0.0024521350860595703,success
0410C24A9C4C81,0,['Castelvecchio'],Casa Giulietta,"['Centro Fotografia', 'Sighseeing', 'Torre Lamberti', 'Museo Conte', 'Museo Radio']",Arena,strategy_nearest,False,0.003252267837524414,success
0410C4429C4C80,3,['Arena'],Casa Giulietta,"['Centro Fotografia', 'Sighseeing', 'Torre Lamberti', 'Museo Conte', 'Museo Radio']",Teatro Romano,strategy_nearest,False,0.0033102035522460938,success
0410CA4A9C4C80,3,"['Castelvecchio', 'Duomo']",Santa Anastasia,"['AMO', 'Museo Conte', 'Palazzo della Ragione', 'Teatro Romano', 'Centro Fotografia']",San Zeno,strategy_nearest,False,0.0020856857299804688,success
0410CE4A9C4C80,0,"['Arena', 'Casa Giulietta']",Teatro Romano,"['Santa Anastasia', 'Duomo', 'AMO', 'Palazzo della Ragione', 'Museo Conte']",Torre Lamberti,strategy_nearest,False,0.003116130828857422,success
0410CE4A9C4C81,4,"['Arena', 'Casa Giulietta']",Tomba Giulietta,"['San Fermo', 'Museo Storia', 'Museo Lapidario', 'Museo Radio', 'Verona Tour']",Museo Radio,strategy_nearest,True,0.003099203109741211,success
0410D4429C4C81,1,"['Palazzo della Ragione', 'Torre Lamberti']",Duomo,"['AMO', 'Museo Miniscalchi', 'Santa Anastasia', 'Teatro Romano', 'Museo Conte']",Casa Giulietta,strategy_nearest,False,0.0020809173583984375,success
0410E5429C4C81,1,"['Arena', 'Castelvecchio']",Casa Giulietta,"['Centro Fotografia', 'Sighseeing', 'Torre Lamberti', 'Museo Conte', 'Museo Radio']",Torre Lamberti,strategy_nearest,True,0.0033898353576660156,success
0410CF3A9C4C80,2,"['Torre Lamberti', 'Palazzo della Ragione']",Casa Giulietta,"['Centro Fotografia', 'Sighseeing', 'Museo Conte', 'Museo Radio', 'San Fermo']",Tomba Giulietta,strategy_nearest,False,0.0034422874450683594,success
0410F74A9C4C81,0,"['Tomba Giulietta', 'Arena']",Castelvecchio,"['Museo Lapidario', 'Verona Tour', 'Museo Radio', 'San Zeno', 'Sighseeing']",Teatro Romano,strategy_nearest,False,0.002641916275024414,success
0410E7429C4C81,4,"['Museo Lapidario', 'Castelvecchio', 'Museo Radio', 'Tomba Giulietta', 'Museo Storia']",Casa Giulietta,"['Centro Fotografia', 'Sighseeing', 'Torre Lamberti', 'Museo Conte', 'Palazzo della Ragione']",Torre Lamberti,strategy_nearest,True,0.003473997116088867,success
0410EE4A9C4C81,0,"['Arena', 'Museo Lapidario']",Tomba Giulietta,"['San Fermo', 'Museo Storia', 'Museo Radio', 'Verona Tour', 'Casa Giulietta']",San Fermo,strategy_nearest,True,0.0027430057525634766,success
041101429C4C85,3,"['Museo Lapidario', 'Arena', 'Castelvecchio']",Santa Anastasia,"['AMO', 'Museo Conte', 'Palazzo della Ragione', 'Teatro Romano', 'Centro Fotografia']",San Fermo,strategy_nearest,False,0.003286123275756836,success
041136429C4C81,3,"['Santa Anastasia', 'Teatro Romano', 'Duomo']",Giardino Giusti,"['Museo Conte', 'Centro Fotografia', 'Museo Storia', 'AMO', 'Casa Giulietta']",Arena,strategy_nearest,False,0.0028870105743408203,success
041145429C4C81,0,['Casa Giulietta'],Arena,"['Verona Tour', 'Museo Lapidario', 'Museo Radio', 'San Fermo', 'Sighseeing']",Castelvecchio,strategy_nearest,False,0.002768993377685547,success
04114B3A9C4C81,0,['Casa Giulietta'],Arena,"['Verona Tour', 'Museo Lapidario', 'Museo Radio', 'San Fermo', 'Sighseeing']",Teatro Romano,strategy_nearest,False,0.0032591819763183594,success
0411413A9C4C81,3,"['Castelvecchio', 'Santa Anastasia', 'Torre Lamberti']",Tomba Giulietta,"['San Fermo', 'Museo Storia', 'Arena', 'Museo Lapidario', 'Museo Radio']",Arena,strategy_nearest,True,0.0022630691528320312,success
04115A3A9C4C81,3,"['Arena', 'Teatro Romano', 'Duomo']",Casa Giulietta,"['Centro Fotografia', 'Sighseeing', 'Torre Lamberti', 'Museo Conte', 'Museo Radio']",Torre Lamberti,strategy_nearest,True,0.0017809867858886719,success
04116A429C4C80,0,"['Casa Giulietta', 'Arena']",Tomba Giulietta,"['San Fermo', 'Museo Storia', 'Museo Lapidario', 'Museo Radio', 'Verona Tour']",Teatro Romano,strategy_nearest,False,0.003275156021118164,success
041159429C4C81,0,['Arena'],Torre Lamberti,"['Sighseeing', 'Centro Fotografia', 'Museo Conte', 'Casa Giulietta', 'Palazzo della Ragione']",Casa Giulietta,strategy_nearest,True,0.0025970935821533203,success
0411643A9C4C81,0,"['Arena', 'Tomba Giulietta']",Castelvecchio,"['Museo Lapidario', 'Verona Tour', 'Museo Radio', 'San Zeno', 'Sighseeing']",Duomo,strategy_nearest,False,0.002744913101196289,success
0411744A9C4C80,0,"['Arena', 'Torre Lamberti']",Casa Giulietta,"['Centro Fotografia', 'Sighseeing', 'Museo Conte', 'Museo Radio', 'Palazzo della Ragione']",San Fermo,strategy_nearest,False,0.002405881881713867,success
04117D4A9C4C80,3,['Arena'],San Fermo,"['Museo Storia', 'Museo Radio', 'Casa Giulietta', 'Centro Fotografia', 'Sighseeing']",Casa Giulietta,strategy_nearest,True,0.002512216567993164,success
04117C4A9C4C80,0,['Duomo'],Teatro Romano,"['Santa Anastasia', 'AMO', 'Palazzo della Ragione', 'Museo Conte', 'Centro Fotografia']",Arena,strategy_nearest,False,0.0019359588623046875,success
04117F3A9C4C80,3,['Santa Anastasia'],Duomo,"['AMO', 'Museo Miniscalchi', 'Teatro Romano', 'Palazzo della Ragione', 'Museo Conte']",Casa Giulietta,strategy_nearest,False,0.003610849380493164,success
0411854A9C4C81,3,"['Arena', 'Casa Giulietta']",Santa Anastasia,"['AMO', 'Museo Conte', 'Palazzo della Ragione', 'Teatro Romano', 'Centro Fotografia']",Teatro Romano,strategy_nearest,True,0.002131938934326172,success
0411884A9C4C80,0,['Arena'],Casa Giulietta,"['Centro Fotografia', 'Sighseeing', 'Torre Lamberti', 'Museo Conte', 'Museo Radio']",Torre Lamberti,strategy_nearest,True,0.002597808837890625,success
041188429C4C80,3,"['Arena', 'Casa Giulietta']",Torre Lamberti,"['Sighseeing', 'Centro Fotografia', 'Museo Conte', 'Palazzo della Ragione', 'AMO']",Santa Anastasia,strategy_nearest,False,0.0033621788024902344,success
04118B4A9C4C80,3,"['Arena', 'Casa Giulietta']",Torre Lamberti,"['Sighseeing', 'Centro Fotografia', 'Museo Conte', 'Palazzo della Ragione', 'AMO']",Santa Anastasia,strategy_nearest,False,0.003597736358642578,success
0411934A9C4C80,1,"['Arena', 'Palazzo della Ragione']",Torre Lamberti,"['Sighseeing', 'Centro Fotografia', 'Museo Conte', 'Casa Giulietta', 'AMO']",Santa Anastasia,strategy_nearest,False,0.002276182174682617,success
04118E429C4C80,2,['Santa Anastasia'],Casa Giulietta,"['Centro Fotografia', 'Sighseeing', 'Torre Lamberti', 'Museo Conte', 'Museo Radio']",Teatro Romano,strategy_nearest,False,0.0035779476165771484,success
04118C429C4C80,0,['Arena'],Casa Giulietta,"['Centro Fotografia', 'Sighseeing', 'Torre Lamberti', 'Museo Conte', 'Museo Radio']",Tomba Giulietta,strategy_nearest,False,0.002371072769165039,success
0411A63A9C4C81,0,['Arena'],Casa Giulietta,"['Centro Fotografia', 'Sighseeing', 'Torre Lamberti', 'Museo Conte', 'Museo Radio']",Castelvecchio,strategy_nearest,False,0.0021479129791259766,success
0411944A9C4C81,3,['Casa Giulietta'],Santa Anastasia,"['AMO', 'Museo Conte', 'Palazzo della Ragione', 'Teatro Romano', 'Centro Fotografia']",Arena,strategy_nearest,False,0.002434968948364258,success
0411A34A9C4C81,1,"['Arena', 'Castelvecchio', 'Teatro Romano']",Santa Anastasia,"['AMO', 'Museo Conte', 'Palazzo della Ragione', 'Centro Fotografia', 'Duomo']",Palazzo della Ragione,strategy_nearest,True,0.003551959991455078,success
0411A34A9C4C80,2,"['Casa Giulietta', 'Torre Lamberti', 'Palazzo della Ragione', 'Santa Anastasia']",Duomo,"['AMO', 'Museo Miniscalchi', 'Teatro Romano', 'Museo Conte', 'Centro Fotografia']",Teatro Romano,strategy_nearest,True,0.003662109375,success
0411AD4A9C4C81,1,"['Arena', 'Teatro Romano', 'Palazzo della Ragione']",Torre Lamberti,"['Sighseeing', 'Centro Fotografia', 'Museo Conte', 'Casa Giulietta', 'AMO']",Casa Giulietta,strategy_nearest,True,0.0011508464813232422,success
0411AD3A9C4C81,1,"['Arena', 'Casa Giulietta', 'Torre Lamberti']",Palazzo della Ragione,"['AMO', 'Museo Conte', 'Centro Fotografia', 'Sighseeing', 'Santa Anastasia']",Teatro Romano,strategy_nearest,False,0.004076957702636719,success
0411B24A9C4C81,0,"['Teatro Romano', 'Casa Giulietta']",Torre Lamberti,"['Sighseeing', 'Centro Fotografia', 'Museo Conte', 'Palazzo della Ragione', 'AMO']",San Fermo,strategy_nearest,False,0.002023935317993164,success
0411AE4A9C4C81,0,"['Arena', 'Casa Giulietta']",Torre Lamberti,"['Sighseeing', 'Centro Fotografia', 'Museo Conte', 'Palazzo della Ragione', 'AMO']",Teatro Romano,strategy_nearest,False,0.003398895263671875,success
0411B34A9C4C81,3,"['San Zeno', 'Duomo']",Santa Anastasia,"['AMO', 'Museo Conte', 'Palazzo della Ragione', 'Teatro Romano', 'Centro Fotografia']",Arena,strategy_nearest,False,0.0017960071563720703,success
0411B6429C4C80,0,['Castelvecchio'],Arena,"['Verona Tour', 'Museo Lapidario', 'Museo Radio', 'San Fermo', 'Casa Giulietta']",Casa Giulietta,strategy_nearest,True,0.0032389163970947266,success
0411B6429C4C81,0,['Arena'],Teatro Romano,"['Santa Anastasia', 'Duomo', 'AMO', 'Palazzo della Ragione', 'Museo Conte']",Tomba Giulietta,strategy_nearest,False,0.0030961036682128906,success
0411B33A9C4C81,2,['Castelvecchio'],Teatro Romano,"['Santa Anastasia', 'Duomo', 'AMO', 'Palazzo della Ragione', 'Museo Conte']",Santa Anastasia,strategy_nearest,True,0.0025589466094970703,success
0411B64A9C4C81,1,"['Arena', 'Casa Giulietta']",Torre Lamberti,"['Sighseeing', 'Centro Fotografia', 'Museo Conte', 'Palazzo della Ragione', 'AMO']",Palazzo della Ragione,strategy_nearest,True,0.0046160221099853516,success
0411B93A9C4C80,3,['Arena'],Torre Lamberti,"['Sighseeing', 'Centro Fotografia', 'Museo Conte', 'Casa Giulietta', 'Palazzo della Ragione']",Santa Anastasia,strategy_nearest,False,0.002171039581298828,success
0411BD4A9C4C81,1,"['Arena', 'Torre Lamberti']",Palazzo della Ragione,"['AMO', 'Museo Conte', 'Centro Fotografia', 'Sighseeing', 'Santa Anastasia']",Santa Anastasia,strategy_nearest,True,0.0026121139526367188,success
0411B83A9C4C81,2,"['Casa Giulietta', 'Santa Anastasia']",Duomo,"['AMO', 'Museo Miniscalchi', 'Teatro Romano', 'Palazzo della Ragione', 'Museo Conte']",Teatro Romano,strategy_nearest,True,0.00220489501953125,success
0411C04A9C4C80,0,['Arena'],Casa Giulietta,"['Centro Fotografia', 'Sighseeing', 'Torre Lamberti', 'Museo Conte', 'Museo Radio']",Castelvecchio,strategy_nearest,False,0.0022242069244384766,success
0411C04A9C4C81,0,['Arena'],Casa Giulietta,"['Centro Fotografia', 'Sighseeing', 'Torre Lamberti', 'Museo Conte', 'Museo Radio']",Santa Anastasia,strategy_nearest,False,0.0033893585205078125,success
0411C24A9C4C80,3,"['Arena', 'Casa Giulietta', 'Teatro Romano']",Duomo,"['AMO', 'Museo Miniscalchi', 'Santa Anastasia', 'Palazzo della Ragione', 'Museo Conte']",Castelvecchio,strategy_nearest,False,0.0015370845794677734,success
0411C24A9C4C81,3,"['Castelvecchio', 'Arena']",Casa Giulietta,"['Centro Fotografia', 'Sighseeing', 'Torre Lamberti', 'Museo Conte', 'Museo Radio']",Santa Anastasia,strategy_nearest,False,0.0026369094848632812,success
0411CD4A9C4C81,0,"['Arena', 'Casa Giulietta']",Santa Anastasia,"['AMO', 'Museo Conte', 'Palazzo della Ragione', 'Teatro Romano', 'Centro Fotografia']",Castelvecchio,strategy_nearest,False,0.0019447803497314453,success
0411CA4A9C4C81,0,"['Castelvecchio', 'Casa Giulietta']",Torre Lamberti,"['Sighseeing', 'Centro Fotografia', 'Museo Conte', 'Palazzo della Ragione', 'AMO']",Arena,strategy_nearest,False,0.0014929771423339844,success
0411CB4A9C4C81,1,"['Arena', 'Museo Lapidario', 'Castelvecchio']",Casa Giulietta,"['Centro Fotografia', 'Sighseeing', 'Torre Lamberti', 'Museo Conte', 'Museo Radio']",Palazzo della Ragione,strategy_nearest,False,0.0028231143951416016,success
0411CE4A9C4C80,0,['Arena'],Museo Lapidario,"['Verona Tour', 'Castelvecchio', 'Museo Radio', 'San Fermo', 'Casa Giulietta']",Castelvecchio,strategy_nearest,True,0.003432035446166992,success
0411D53A9C4C81,0,['Arena'],Torre Lamberti,"['Sighseeing', 'Centro Fotografia', 'Museo Conte', 'Casa Giulietta', 'Palazzo della Ragione']",Teatro Romano,strategy_nearest,False,0.001878976821899414,success
0411D23A9C4C81,1,"['Arena', 'Casa Giulietta']",Palazzo della Ragione,"['AMO', 'Museo Conte', 'Torre Lamberti', 'Centro Fotografia', 'Sighseeing']",Santa Anastasia,strategy_nearest,False,0.0039920806884765625,success
0411D24A9C4C81,0,"['Arena', 'Casa Giulietta']",Teatro Romano,"['Santa Anastasia', 'Duomo', 'AMO', 'Palazzo della Ragione', 'Museo Conte']",Torre Lamberti,strategy_nearest,False,0.002643108367919922,success
0411D73A9C4C81,1,['Arena'],Castelvecchio,"['Museo Lapidario', 'Verona Tour', 'Museo Radio', 'San Zeno', 'Sighseeing']",Santa Anastasia,strategy_nearest,False,0.002788066864013672,success
0411DE429C4C81,1,"['Arena', 'Duomo', 'Casa Giulietta']",Museo Lapidario,"['Verona Tour', 'Castelvecchio', 'Museo Radio', 'San Fermo', 'Tomba Giulietta']",Arena,strategy_nearest,False,0.0019259452819824219,success
0411ED4A9C4C81,0,['Torre Lamberti'],Arena,"['Verona Tour', 'Museo Lapidario', 'Museo Radio', 'San Fermo', 'Casa Giulietta']",Casa Giulietta,strategy_nearest,True,0.0030918121337890625,success
0411DA3A9C4C81,3,"['Arena', 'Casa Giulietta']",Torre Lamberti,"['Sighseeing', 'Centro Fotografia', 'Museo Conte', 'Palazzo della Ragione', 'AMO']",Teatro Romano,strategy_nearest,False,0.0032770633697509766,success
0411E2429C4C81,2,"['Casa Giulietta', 'San Zeno', 'Castelvecchio']",Torre Lamberti,"['Sighseeing', 'Centro Fotografia', 'Museo Conte', 'Palazzo della Ragione', 'AMO']",Santa Anastasia,strategy_nearest,False,0.0025632381439208984,success
0411E83A9C4C81,1,['Arena'],Casa Giulietta,"['Centro Fotografia', 'Sighseeing', 'Torre Lamberti', 'Museo Conte', 'Museo Radio']",Torre Lamberti,strategy_nearest,True,0.0034029483795166016,success
041245429C4C81,0,['Arena'],Tomba Giulietta,"['San Fermo', 'Museo Storia', 'Museo Lapidario', 'Museo Radio', 'Verona Tour']",Casa Giulietta,strategy_nearest,False,0.0014379024505615234,success
0411EE4A9C4C81,0,['Arena'],Casa Giulietta,"['Centro Fotografia', 'Sighseeing', 'Torre Lamberti', 'Museo Conte', 'Museo Radio']",Torre Lamberti,strategy_nearest,True,0.0033998489379882812,success
0412014A9C4C85,1,['Arena'],Casa Giulietta,"['Centro Fotografia', 'Sighseeing', 'Torre Lamberti', 'Museo Conte', 'Museo Radio']",Torre Lamberti,strategy_nearest,True,0.0027489662170410156,success
0411FA429C4C81,3,"['Torre Lamberti', 'Duomo', 'Santa Anastasia']",Arena,"['Verona Tour', 'Museo Lapidario', 'Museo Radio', 'San Fermo', 'Casa Giulietta']",San Zeno,strategy_nearest,False,0.002170085906982422,success
04126B429C4C81,1,"['Casa Giulietta', 'Arena']",Torre Lamberti,"['Sighseeing', 'Centro Fotografia', 'Museo Conte', 'Palazzo della Ragione', 'AMO']",Palazzo della Ragione,strategy_nearest,True,0.0035789012908935547,success
041246429C4C81,1,"['Arena', 'Casa Giulietta']",Torre Lamberti,"['Sighseeing', 'Centro Fotografia', 'Museo Conte', 'Palazzo della Ragione', 'AMO']",Palazzo della Ragione,strategy_nearest,True,0.0029947757720947266,success
0412553A9C4C81,3,"['Teatro Romano', 'Duomo', 'Castelvecchio']",Arena,"['Verona Tour', 'Museo Lapidario', 'Museo Radio', 'San Fermo', 'Casa Giulietta']",Casa Giulietta,strategy_nearest,True,0.002367258071899414,success
04126F3A9C4C81,6,"['Teatro Romano', 'Verona Tour']",Castelvecchio,"['Museo Lapidario', 'Arena', 'Museo Radio', 'San Zeno', 'Sighseeing']",Arena,strategy_nearest,True,0.001641988754272461,success
041284429C4C81,0,['Arena'],Casa Giulietta,"['Centro Fotografia', 'Sighseeing', 'Torre Lamberti', 'Museo Conte', 'Museo Radio']",Torre Lamberti,strategy_nearest,True,0.002008199691772461,success
0412784A9C4C81,3,"['Arena', 'Casa Giulietta']",Torre Lamberti,"['Sighseeing', 'Centro Fotografia', 'Museo Conte', 'Palazzo della Ragione', 'AMO']",Santa Anastasia,strategy_nearest,False,0.0028481483459472656,success
0412764A9C4C80,0,['Arena'],Casa Giulietta,"['Centro Fotografia', 'Sighseeing', 'Torre Lamberti', 'Museo Conte', 'Museo Radio']",Santa Anastasia,strategy_nearest,False,0.0034770965576171875,success
0412754A9C4C81,0,['Arena'],Tomba Giulietta,"['San Fermo', 'Museo Storia', 'Museo Lapidario', 'Museo Radio', 'Verona Tour']",Casa Giulietta,strategy_nearest,False,0.0016651153564453125,success
04128C429C4C80,3,"['Santa Anastasia', 'Casa Giulietta']",Arena,"['Verona Tour', 'Museo Lapidario', 'Museo Radio', 'San Fermo', 'Sighseeing']",Torre Lamberti,strategy_nearest,False,0.004575252532958984,success
041292429C4C80,0,['Arena'],San Fermo,"['Museo Storia', 'Museo Radio', 'Casa Giulietta', 'Centro Fotografia', 'Sighseeing']",Casa Giulietta,strategy_nearest,True,0.0021698474884033203,success
041296429C4C81,0,['Casa Giulietta'],Arena,"['Verona Tour', 'Museo Lapidario', 'Museo Radio', 'San Fermo', 'Sighseeing']",Teatro Romano,strategy_nearest,False,0.0013880729675292969,success
041295429C4C80,1,"['Arena', 'Casa Giulietta']",Palazzo della Ragione,"['AMO', 'Museo Conte', 'Torre Lamberti', 'Centro Fotografia', 'Sighseeing']",Torre Lamberti,strategy_nearest,True,0.00273895263671875,success
0412984A9C4C80,0,['Arena'],San Zeno,"['Castelvecchio', 'Verona Tour', 'Museo Lapidario', 'Museo Miniscalchi', 'Sighseeing']",Casa Giulietta,strategy_nearest,False,0.0027060508728027344,success
0412974A9C4C81,3,"['Arena', 'Castelvecchio', 'Duomo']",San Fermo,"['Museo Storia', 'Museo Radio', 'Casa Giulietta', 'Centro Fotografia', 'Sighseeing']",Torre Lamberti,strategy_nearest,False,0.0014071464538574219,success
041298429C4C80,0,['Arena'],Casa Giulietta,"['Centro Fotografia', 'Sighseeing', 'Torre Lamberti', 'Museo Conte', 'Museo Radio']",Tomba Giulietta,strategy_nearest,False,0.002178668975830078,success
0412A74A9C4C81,0,['Arena'],Teatro Romano,"['Santa Anastasia', 'Duomo', 'AMO', 'Palazzo della Ragione', 'Museo Conte']",Duomo,strategy_nearest,True,0.0031659603118896484,success
0412AE3A9C4C81,0,['Arena'],Castelvecchio,"['Museo Lapidario', 'Verona Tour', 'Museo Radio', 'San Zeno', 'Sighseeing']",Casa Giulietta,strategy_nearest,False,0.0025949478149414062,success
0412AE3A9C4C80,3,['Casa Giulietta'],Arena,"['Verona Tour', 'Museo Lapidario', 'Museo Radio', 'San Fermo', 'Sighseeing']",Santa Anastasia,strategy_nearest,False,0.0021479129791259766,success
0412AD4A9C4C81,3,"['Tomba Giulietta', 'Casa Giulietta']",Santa Anastasia,"['AMO', 'Museo Conte', 'Palazzo della Ragione', 'Teatro Romano', 'Centro Fotografia']",Duomo,strategy_nearest,False,0.0015149116516113281,success
0412AA429C4C80,0,['Arena'],Casa Giulietta,"['Centro Fotografia', 'Sighseeing', 'Torre Lamberti', 'Museo Conte', 'Museo Radio']",San Fermo,strategy_nearest,False,0.0035240650177001953,success
0412B04A9C4C80,0,['Arena'],Torre Lamberti,"['Sighseeing', 'Centro Fotografia', 'Museo Conte', 'Casa Giulietta', 'Palazzo della Ragione']",Casa Giulietta,strategy_nearest,True,0.0021190643310546875,success
0412AE4A9C4C81,2,['San Fermo'],Torre Lamberti,"['Sighseeing', 'Centro Fotografia', 'Museo Conte', 'Casa Giulietta', 'Palazzo della Ragione']",Teatro Romano,strategy_nearest,False,0.0033731460571289062,success
0412AF4A9C4C81,3,"['Castelvecchio', 'San Zeno', 'Arena']",Casa Giulietta,"['Centro Fotografia', 'Sighseeing', 'Torre Lamberti', 'Museo Conte', 'Museo Radio']",Torre Lamberti,strategy_nearest,True,0.002064943313598633,success
0412B1429C4C80,0,"['Arena', 'Casa Giulietta']",Torre Lamberti,"['Sighseeing', 'Centro Fotografia', 'Museo Conte', 'Palazzo della Ragione', 'AMO']",Castelvecchio,strategy_nearest,False,0.0035529136657714844,success
0412B34A9C4C80,3,"['Arena', 'Torre Lamberti', 'Santa Anastasia']",Duomo,"['AMO', 'Museo Miniscalchi', 'Teatro Romano', 'Palazzo della Ragione', 'Museo Conte']",Teatro Romano,strategy_nearest,True,0.0018858909606933594,success
0412B54A9C4C81,1,"['Arena', 'Casa Giulietta', 'Torre Lamberti']",Palazzo della Ragione,"['AMO', 'Museo Conte', 'Centro Fotografia', 'Sighseeing', 'Santa Anastasia']",Santa Anastasia,strategy_nearest,True,0.002643108367919922,success
0412B64A9C4C81,1,"['Arena', 'Casa Giulietta']",Torre Lamberti,"['Sighseeing', 'Centro Fotografia', 'Museo Conte', 'Palazzo della Ragione', 'AMO']",Palazzo della Ragione,strategy_nearest,True,0.0027379989624023438,success
0412B74A9C4C80,3,"['Arena', 'Torre Lamberti']",Casa Giulietta,"['Centro Fotografia', 'Sighseeing', 'Museo Conte', 'Museo Radio', 'Palazzo della Ragione']",Teatro Romano,strategy_nearest,False,0.0032110214233398438,success
0412BA4A9C4C81,3,"['Arena', 'San Fermo', 'Torre Lamberti']",Santa Anastasia,"['AMO', 'Museo Conte', 'Palazzo della Ragione', 'Teatro Romano', 'Centro Fotografia']",Teatro Romano,strategy_nearest,True,0.002389192581176758,success
0412BE3A9C4C81,0,['Arena'],Casa Giulietta,"['Centro Fotografia', 'Sighseeing', 'Torre Lamberti', 'Museo Conte', 'Museo Radio']",Teatro Romano,strategy_nearest,False,0.0025191307067871094,success
0412B74A9C4C81,3,"['Teatro Romano', 'Duomo', 'Santa Anastasia']",Torre Lamberti,"['Sighseeing', 'Centro Fotografia', 'Museo Conte', 'Casa Giulietta', 'Palazzo della Ragione']",Casa Giulietta,strategy_nearest,True,0.0032567977905273438,success
0412BC4A9C4C80,1,"['Arena', 'Castelvecchio']",San Zeno,"['Verona Tour', 'Museo Lapidario', 'Museo Miniscalchi', 'Sighseeing', 'Museo Radio']",Torre Lamberti,strategy_nearest,False,0.003368854522705078,success
0412BF4A9C4C80,3,"['Arena', 'Casa Giulietta']",Torre Lamberti,"['Sighseeing', 'Centro Fotografia', 'Museo Conte', 'Palazzo della Ragione', 'AMO']",Teatro Romano,strategy_nearest,False,0.002295970916748047,success
0412C24A9C4C80,0,['Arena'],Casa Giulietta,"['Centro Fotografia', 'Sighseeing', 'Torre Lamberti', 'Museo Conte', 'Museo Radio']",Castelvecchio,strategy_nearest,False,0.003172159194946289,success
0412CA4A9C4C80,0,"['Arena', 'Museo Lapidario']",Castelvecchio,"['Verona Tour', 'Museo Radio', 'San Zeno', 'Sighseeing', 'Museo Miniscalchi']",Casa Giulietta,strategy_nearest,False,0.0019497871398925781,success
0412CE3A9C4C80,0,['Arena'],Teatro Romano,"['Santa Anastasia', 'Duomo', 'AMO', 'Palazzo della Ragione', 'Museo Conte']",Giardino Giusti,strategy_nearest,False,0.0013089179992675781,success
0412CA4A9C4C81,0,"['Arena', 'Casa Giulietta']",Teatro Romano,"['Santa Anastasia', 'Duomo', 'AMO', 'Palazzo della Ragione', 'Museo Conte']",Castelvecchio,strategy_nearest,False,0.00362396240234375,success
0412CB4A9C4C80,0,['Arena'],Casa Giulietta,"['Centro Fotografia', 'Sighseeing', 'Torre Lamberti', 'Museo Conte', 'Museo Radio']",Torre Lamberti,strategy_nearest,True,0.004015922546386719,success
0412CE4A9C4C80,0,"['Arena', 'Casa Giulietta']",Giardino Giusti,"['Santa Anastasia', 'Teatro Romano', 'Museo Conte', 'Centro Fotografia', 'Museo Storia']",Teatro Romano,strategy_nearest,True,0.0032148361206054688,success
0412CE4A9C4C81,2,['Torre Lamberti'],Santa Anastasia,"['AMO', 'Museo Conte', 'Palazzo della Ragione', 'Teatro Romano', 'Centro Fotografia']",Casa Giulietta,strategy_nearest,False,0.0035400390625,success
0412D04A9C4C81,0,['Arena'],Casa Giulietta,"['Centro Fotografia', 'Sighseeing', 'Torre Lamberti', 'Museo Conte', 'Museo Radio']",Tomba Giulietta,strategy_nearest,False,0.0016880035400390625,success
0412D13A9C4C80,0,"['Arena', 'Castelvecchio']",Duomo,"['AMO', 'Museo Miniscalchi', 'Santa Anastasia', 'Teatro Romano', 'Palazzo della Ragione']",Torre Lamberti,strategy_nearest,False,0.0022399425506591797,success
0412D2429C4C81,3,"['Teatro Romano', 'Duomo', 'Santa Anastasia']",Torre Lamberti,"['Sighseeing', 'Centro Fotografia', 'Museo Conte', 'Casa Giulietta', 'Palazzo della Ragione']",Casa Giulietta,strategy_nearest,True,0.0026900768280029297,success
0412DC429C4C81,1,"['Teatro Romano', 'Arena', 'Casa Giulietta', 'Santa Anastasia']",Duomo,"['AMO', 'Museo Miniscalchi', 'Palazzo della Ragione', 'Museo Conte', 'Torre Lamberti']",Palazzo della Ragione,strategy_nearest,True,0.002209901809692383,success
0412EA4A9C4C81,2,['Casa Giulietta'],Duomo,"['AMO', 'Museo Miniscalchi', 'Santa Anastasia', 'Teatro Romano', 'Palazzo della Ragione']",Teatro Romano,strategy_nearest,True,0.002772808074951172,success
0412EB3A9C4C81,0,['Arena'],Casa Giulietta,"['Centro Fotografia', 'Sighseeing', 'Torre Lamberti', 'Museo Conte', 'Museo Radio']",Castelvecchio,strategy_nearest,False,0.0032613277435302734,success
0412DD3A9C4C81,1,"['Casa Giulietta', 'Arena']",Tomba Giulietta,"['San Fermo', 'Museo Storia', 'Museo Lapidario', 'Museo Radio', 'Verona Tour']",Palazzo della Ragione,strategy_nearest,False,0.0016219615936279297,success
0412FB4A9C4C81,0,['Arena'],Casa Giulietta,"['Centro Fotografia', 'Sighseeing', 'Torre Lamberti', 'Museo Conte', 'Museo Radio']",Duomo,strategy_nearest,False,0.0026397705078125,success
0412F84A9C4C81,0,"['Tomba Giulietta', 'Arena']",Castelvecchio,"['Museo Lapidario', 'Verona Tour', 'Museo Radio', 'San Zeno', 'Sighseeing']",Teatro Romano,strategy_nearest,False,0.0015909671783447266,success
0412ED4A9C4C81,0,['Arena'],Casa Giulietta,"['Centro Fotografia', 'Sighseeing', 'Torre Lamberti', 'Museo Conte', 'Museo Radio']",Castelvecchio,strategy_nearest,False,0.002299070358276367,success
0412F74A9C4C81,1,"['Arena', 'Torre Lamberti']",Palazzo della Ragione,"['AMO', 'Museo Conte', 'Centro Fotografia', 'Sighseeing', 'Santa Anastasia']",Casa Giulietta,strategy_nearest,False,0.0034520626068115234,success
04133F3A9C4C81,1,"['Arena', 'Torre Lamberti', 'Palazzo della Ragione', 'Santa Anastasia', 'Casa Giulietta', 'San Fermo']",Tomba Giulietta,"['Museo Storia', 'Museo Lapidario', 'Museo Radio', 'Verona Tour', 'Castelvecchio']",Museo Lapidario,strategy_nearest,True,0.0027670860290527344,success
0413004A9C4C85,0,"['Arena', 'Castelvecchio']",Duomo,"['AMO', 'Museo Miniscalchi', 'Santa Anastasia', 'Teatro Romano', 'Palazzo della Ragione']",Casa Giulietta,strategy_nearest,False,0.0022089481353759766,success
041346429C4C81,3,"['Arena', 'Casa Giulietta']",Torre Lamberti,"['Sighseeing', 'Centro Fotografia', 'Museo Conte', 'Palazzo della Ragione', 'AMO']",Santa Anastasia,strategy_nearest,False,0.003171205520629883,success
0413463A9C4C81,3,"['Castelvecchio', 'Arena']",Torre Lamberti,"['Sighseeing', 'Centro Fotografia', 'Museo Conte', 'Casa Giulietta', 'Palazzo della Ragione']",Casa Giulietta,strategy_nearest,True,0.0015742778778076172,success
041350429C4C81,2,"['Castelvecchio', 'Duomo']",Teatro Romano,"['Santa Anastasia', 'AMO', 'Palazzo della Ragione', 'Museo Conte', 'Centro Fotografia']",Casa Giulietta,strategy_nearest,False,0.0019481182098388672,success
04134E4A9C4C81,0,"['Arena', 'Casa Giulietta']",Torre Lamberti,"['Sighseeing', 'Centro Fotografia', 'Museo Conte', 'Palazzo della Ragione', 'AMO']",Duomo,strategy_nearest,False,0.0015721321105957031,success
04134D3A9C4C81,1,"['Arena', 'Casa Giulietta']",Palazzo della Ragione,"['AMO', 'Museo Conte', 'Torre Lamberti', 'Centro Fotografia', 'Sighseeing']",Castelvecchio,strategy_nearest,False,0.0035741329193115234,success
0413503A9C4C81,3,"['Santa Anastasia', 'Torre Lamberti']",Casa Giulietta,"['Centro Fotografia', 'Sighseeing', 'Museo Conte', 'Museo Radio', 'Palazzo della Ragione']",San Fermo,strategy_nearest,False,0.002708911895751953,success
041375429C4C81,0,['Arena'],Casa Giulietta,"['Centro Fotografia', 'Sighseeing', 'Torre Lamberti', 'Museo Conte', 'Museo Radio']",Castelvecchio,strategy_nearest,False,0.0022881031036376953,success
041377429C4C80,3,"['Arena', 'Torre Lamberti']",Santa Anastasia,"['AMO', 'Museo Conte', 'Palazzo della Ragione', 'Teatro Romano', 'Centro Fotografia']",Duomo,strategy_nearest,False,0.002087831497192383,success
04136C3A9C4C80,3,"['Arena', 'Castelvecchio', 'Santa Anastasia']",Duomo,"['AMO', 'Museo Miniscalchi', 'Teatro Romano', 'Palazzo della Ragione', 'Museo Conte']",Casa Giulietta,strategy_nearest,False,0.0035719871520996094,success
0413784A9C4C81,0,"['Arena', 'Castelvecchio']",San Zeno,"['Verona Tour', 'Museo Lapidario', 'Museo Miniscalchi', 'Sighseeing', 'Museo Radio']",Casa Giulietta,strategy_nearest,False,0.003306150436401367,success
04137C4A9C4C80,3,"['Castelvecchio', 'Arena', 'Duomo']",Santa Anastasia,"['AMO', 'Museo Conte', 'Palazzo della Ragione', 'Teatro Romano', 'Centro Fotografia']",Casa Giulietta,strategy_nearest,False,0.001895904541015625,success
0413863A9C4C80,1,"['Arena', 'Casa Giulietta']",Palazzo della Ragione,"['AMO', 'Museo Conte', 'Torre Lamberti', 'Centro Fotografia', 'Sighseeing']",Santa Anastasia,strategy_nearest,False,0.0031630992889404297,success
0413834A9C4C81,0,['Arena'],Casa Giulietta,"['Centro Fotografia', 'Sighseeing', 'Torre Lamberti', 'Museo Conte', 'Museo Radio']",Duomo,strategy_nearest,False,0.003278970718383789,success
041378BA7B3F80,3,"['Museo Lapidario', 'Castelvecchio']",Arena,"['Verona Tour', 'Museo Radio', 'San Fermo', 'Casa Giulietta', 'Sighseeing']",Santa Anastasia,strategy_nearest,False,0.0033829212188720703,success
0413954A9C4C80,0,"['Arena', 'Casa Giulietta']",Torre Lamberti,"['Sighseeing', 'Centro Fotografia', 'Museo Conte', 'Palazzo della Ragione', 'AMO']",Giardino Giusti,strategy_nearest,False,0.002536773681640625,success
041393429C4C80,0,['Arena'],San Fermo,"['Museo Storia', 'Museo Radio', 'Casa Giulietta', 'Centro Fotografia', 'Sighseeing']",Casa Giulietta,strategy_nearest,True,0.001569986343383789,success
0413934A9C4C80,0,['Arena'],Casa Giulietta,"['Centro Fotografia', 'Sighseeing', 'Torre Lamberti', 'Museo Conte', 'Museo Radio']",Teatro Romano,strategy_nearest,False,0.0034470558166503906,success
041395429C4C80,3,"['Casa Giulietta', 'Torre Lamberti']",Santa Anastasia,"['AMO', 'Museo Conte', 'Palazzo della Ragione', 'Teatro Romano', 'Centro Fotografia']",Teatro Romano,strategy_nearest,True,0.002071857452392578,success
041396429C4C80,3,"['Arena', 'Casa Giulietta']",Torre Lamberti,"['Sighseeing', 'Centro Fotografia', 'Museo Conte', 'Palazzo della Ragione', 'AMO']",Santa Anastasia,strategy_nearest,False,0.001990079879760742,success
041396429C4C81,3,"['Casa Giulietta', 'San Zeno']",Arena,"['Verona Tour', 'Museo Lapidario', 'Museo Radio', 'San Fermo', 'Sighseeing']",Torre Lamberti,strategy_nearest,False,0.003359079360961914,success
04139A4A9C4C80,1,"['Arena', 'Casa Giulietta']",Torre Lamberti,"['Sighseeing', 'Centro Fotografia', 'Museo Conte', 'Palazzo della Ragione', 'AMO']",Palazzo della Ragione,strategy_nearest,True,0.002049684524536133,success
04139B429C4C81,0,"['Castelvecchio', 'Arena']",Tomba Giulietta,"['San Fermo', 'Museo Storia', 'Museo Lapidario', 'Museo Radio', 'Verona Tour']",Casa Giulietta,strategy_nearest,False,0.0034341812133789062,success
04139D4A9C4C81,3,"['Arena', 'Castelvecchio']",Torre Lamberti,"['Sighseeing', 'Centro Fotografia', 'Museo Conte', 'Casa Giulietta', 'Palazzo della Ragione']",Casa Giulietta,strategy_nearest,True,0.0018739700317382812,success
04139C429C4C81,0,['Arena'],Casa Giulietta,"['Centro Fotografia', 'Sighseeing', 'Torre Lamberti', 'Museo Conte', 'Museo Radio']",Duomo,strategy_nearest,False,0.002655029296875,success
04139E4A9C4C81,1,"['Arena', 'Palazzo della Ragione']",Torre Lamberti,"['Sighseeing', 'Centro Fotografia', 'Museo Conte', 'Casa Giulietta', 'AMO']",Casa Giulietta,strategy_nearest,True,0.0032176971435546875,success
0413A24A9C4C80,3,['Arena'],Museo Lapidario,"['Verona Tour', 'Castelvecchio', 'Museo Radio', 'San Fermo', 'Casa Giulietta']",Santa Anastasia,strategy_nearest,False,0.00284576416015625,success
0413A34A9C4C80,3,"['Arena', 'Casa Giulietta']",Santa Anastasia,"['AMO', 'Museo Conte', 'Palazzo della Ragione', 'Teatro Romano', 'Centro Fotografia']",Torre Lamberti,strategy_nearest,False,0.0028591156005859375,success
0413A44A9C4C80,0,['Casa Giulietta'],Duomo,"['AMO', 'Museo Miniscalchi', 'Santa Anastasia', 'Teatro Romano', 'Palazzo della Ragione']",Teatro Romano,strategy_nearest,True,0.0034308433532714844,success
0413AC3A9C4C81,0,['Arena'],Casa Giulietta,"['Centro Fotografia', 'Sighseeing', 'Torre Lamberti', 'Museo Conte', 'Museo Radio']",Teatro Romano,strategy_nearest,False,0.003264904022216797,success
0413B4429C4C80,0,['Castelvecchio'],Arena,"['Verona Tour', 'Museo Lapidario', 'Museo Radio', 'San Fermo', 'Casa Giulietta']",Casa Giulietta,strategy_nearest,True,0.0026140213012695312,success
0413B53A9C4C81,2,['Palazzo della Ragione'],Torre Lamberti,"['Sighseeing', 'Centro Fotografia', 'Museo Conte', 'Casa Giulietta', 'AMO']",Casa Giulietta,strategy_nearest,True,0.0028231143951416016,success
0413B54A9C4C81,2,"['Casa Giulietta', 'Torre Lamberti']",Palazzo della Ragione,"['AMO', 'Museo Conte', 'Centro Fotografia', 'Sighseeing', 'Santa Anastasia']",Santa Anastasia,strategy_nearest,True,0.002588987350463867,success
0413B54A9C4C80,0,['Arena'],Casa Giulietta,"['Centro Fotografia', 'Sighseeing', 'Torre Lamberti', 'Museo Conte', 'Museo Radio']",Torre Lamberti,strategy_nearest,True,0.003453969955444336,success
0413C24A9C4C81,0,['Arena'],San Fermo,"['Museo Storia', 'Museo Radio', 'Casa Giulietta', 'Centro Fotografia', 'Sighseeing']",Casa Giulietta,strategy_nearest,True,0.0012631416320800781,success
0413B74A9C4C80,0,['Casa Giulietta'],Arena,"['Verona Tour', 'Museo Lapidario', 'Museo Radio', 'San Fermo', 'Sighseeing']",Torre Lamberti,strategy_nearest,False,0.0031969547271728516,success
0413B9429C4C81,0,['Castelvecchio'],Arena,"['Verona Tour', 'Museo Lapidario', 'Museo Radio', 'San Fermo', 'Casa Giulietta']",Casa Giulietta,strategy_nearest,True,0.002596139907836914,success
0413C54A9C4C80,2,['Castelvecchio'],Torre Lamberti,"['Sighseeing', 'Centro Fotografia', 'Museo Conte', 'Casa Giulietta', 'Palazzo della Ragione']",Casa Giulietta,strategy_nearest,True,0.003239870071411133,success
0413C74A9C4C81,0,"['Arena', 'Casa Giulietta']",Torre Lamberti,"['Sighseeing', 'Centro Fotografia', 'Museo Conte', 'Palazzo della Ragione', 'AMO']",Castelvecchio,strategy_nearest,False,0.002048969268798828,success
0413C54A9C4C81,0,"['Arena', 'Castelvecchio']",Museo Lapidario,"['Verona Tour', 'Museo Radio', 'San Fermo', 'Casa Giulietta', 'Tomba Giulietta']",Casa Giulietta,strategy_nearest,True,0.0034182071685791016,success
0413C84A9C4C80,0,"['Arena', 'Casa Giulietta']",Torre Lamberti,"['Sighseeing', 'Centro Fotografia', 'Museo Conte', 'Palazzo della Ragione', 'AMO']",Castelvecchio,strategy_nearest,False,0.001954793930053711,success
0413C93A9C4C80,0,['Arena'],Casa Giulietta,"['Centro Fotografia', 'Sighseeing', 'Torre Lamberti', 'Museo Conte', 'Museo Radio']",Castelvecchio,strategy_nearest,False,0.0033059120178222656,success
0413C93A9C4C81,0,['Arena'],Casa Giulietta,"['Centro Fotografia', 'Sighseeing', 'Torre Lamberti', 'Museo Conte', 'Museo Radio']",Castelvecchio,strategy_nearest,False,0.001934051513671875,success
0413CB3A9C4C80,1,['Arena'],Torre Lamberti,"['Sighseeing', 'Centro Fotografia', 'Museo Conte', 'Casa Giulietta', 'Palazzo della Ragione']",Palazzo della Ragione,strategy_nearest,True,0.0027310848236083984,success
0413D03A9C4C81,1,"['Arena', 'Casa Giulietta']",Castelvecchio,"['Museo Lapidario', 'Verona Tour', 'Museo Radio', 'San Zeno', 'Sighseeing']",San Zeno,strategy_nearest,True,0.0033049583435058594,success
0413CB4A9C4C81,3,"['Torre Lamberti', 'Casa Giulietta']",Santa Anastasia,"['AMO', 'Museo Conte', 'Palazzo della Ragione', 'Teatro Romano', 'Centro Fotografia']",Duomo,strategy_nearest,False,0.0026569366455078125,success
0413E83A9C4C81,0,['Arena'],Casa Giulietta,"['Centro Fotografia', 'Sighseeing', 'Torre Lamberti', 'Museo Conte', 'Museo Radio']",San Zeno,strategy_nearest,False,0.004125833511352539,success
0413E9429C4C81,1,"['Arena', 'Museo Lapidario', 'Castelvecchio', 'San Zeno']",Santa Anastasia,"['AMO', 'Museo Conte', 'Palazzo della Ragione', 'Teatro Romano', 'Centro Fotografia']",Casa Giulietta,strategy_nearest,False,0.003452301025390625,success
0413F93A9C4C81,2,"['Tomba Giulietta', 'San Fermo', 'Torre Lamberti']",Santa Anastasia,"['AMO', 'Museo Conte', 'Palazzo della Ragione', 'Teatro Romano', 'Centro Fotografia']",Duomo,strategy_nearest,False,0.0020380020141601562,success
0413EA429C4C81,1,"['Arena', 'Casa Giulietta', 'San Fermo']",Torre Lamberti,"['Sighseeing', 'Centro Fotografia', 'Museo Conte', 'Palazzo della Ragione', 'AMO']",Palazzo della Ragione,strategy_nearest,True,0.0015952587127685547,success
04143C4A9C4C81,3,['Santa Anastasia'],Torre Lamberti,"['Sighseeing', 'Centro Fotografia', 'Museo Conte', 'Casa Giulietta', 'Palazzo della Ragione']",Arena,strategy_nearest,False,0.001538991928100586,success
0413FF4A9C4C81,3,"['Arena', 'Casa Giulietta', 'Torre Lamberti']",Santa Anastasia,"['AMO', 'Museo Conte', 'Palazzo della Ragione', 'Teatro Romano', 'Centro Fotografia']",Duomo,strategy_nearest,False,0.002146005630493164,success
0414433A9C4C81,0,['Arena'],Casa Giulietta,"['Centro Fotografia', 'Sighseeing', 'Torre Lamberti', 'Museo Conte', 'Museo Radio']",Teatro Romano,strategy_nearest,False,0.0025949478149414062,success
0413FE4A9C4C81,0,['Arena'],Casa Giulietta,"['Centro Fotografia', 'Sighseeing', 'Torre Lamberti', 'Museo Conte', 'Museo Radio']",Teatro Romano,strategy_nearest,False,0.003376007080078125,success
04144E4A9C4C81,3,"['Arena', 'San Fermo', 'Casa Giulietta', 'Torre Lamberti']",Santa Anastasia,"['AMO', 'Museo Conte', 'Palazzo della Ragione', 'Teatro Romano', 'Centro Fotografia']",Giardino Giusti,strategy_nearest,False,0.0021429061889648438,success
041448429C4C81,0,['Casa Giulietta'],Torre Lamberti,"['Sighseeing', 'Centro Fotografia', 'Museo Conte', 'Palazzo della Ragione', 'AMO']",Arena,strategy_nearest,False,0.0016121864318847656,success
041445429C4C81,2,"['Tomba Giulietta', 'Casa Giulietta']",Duomo,"['AMO', 'Museo Miniscalchi', 'Santa Anastasia', 'Teatro Romano', 'Palazzo della Ragione']",Giardino Giusti,strategy_nearest,False,0.0028638839721679688,success
04144A429C4C81,3,"['Casa Giulietta', 'Santa Anastasia']",Duomo,"['AMO', 'Museo Miniscalchi', 'Teatro Romano', 'Palazzo della Ragione', 'Museo Conte']",Castelvecchio,strategy_nearest,False,0.0034627914428710938,success
0414534A9C4C81,1,"['Duomo', 'Torre Lamberti']",Palazzo della Ragione,"['AMO', 'Museo Conte', 'Centro Fotografia', 'Sighseeing', 'Santa Anastasia']",Castelvecchio,strategy_nearest,False,0.003376007080078125,success
04146B3A9C4C81,0,['Castelvecchio'],Tomba Giulietta,"['San Fermo', 'Museo Storia', 'Arena', 'Museo Lapidario', 'Museo Radio']",Casa Giulietta,strategy_nearest,False,0.002050161361694336,success
041455429C4C81,3,"['Castelvecchio', 'San Fermo', 'Torre Lamberti']",Santa Anastasia,"['AMO', 'Museo Conte', 'Palazzo della Ragione', 'Teatro Romano', 'Centro Fotografia']",Teatro Romano,strategy_nearest,True,0.0033721923828125,success
0414533A9C4C81,3,['Arena'],Santa Anastasia,"['AMO', 'Museo Conte', 'Palazzo della Ragione', 'Teatro Romano', 'Centro Fotografia']",Teatro Romano,strategy_nearest,True,0.0028772354125976562,success
0414804A9C4C80,3,"['Torre Lamberti', 'Casa Giulietta']",Santa Anastasia,"['AMO', 'Museo Conte', 'Palazzo della Ragione', 'Teatro Romano', 'Centro Fotografia']",Arena,strategy_nearest,False,0.0033998489379882812,success
041483429C4C81,1,"['Arena', 'Casa Giulietta']",Palazzo della Ragione,"['AMO', 'Museo Conte', 'Torre Lamberti', 'Centro Fotografia', 'Sighseeing']",Torre Lamberti,strategy_nearest,True,0.0026400089263916016,success
04146E3A9C4C80,3,"['Castelvecchio', 'Arena', 'Casa Giulietta']",Torre Lamberti,"['Sighseeing', 'Centro Fotografia', 'Museo Conte', 'Palazzo della Ragione', 'AMO']",Duomo,strategy_nearest,False,0.002228975296020508,success
041474429C4C81,1,['Casa Giulietta'],Palazzo della Ragione,"['AMO', 'Museo Conte', 'Torre Lamberti', 'Centro Fotografia', 'Sighseeing']",Torre Lamberti,strategy_nearest,True,0.002855062484741211,success
0414944A9C4C81,3,"['Arena', 'Casa Giulietta']",Torre Lamberti,"['Sighseeing', 'Centro Fotografia', 'Museo Conte', 'Palazzo della Ragione', 'AMO']",Santa Anastasia,strategy_nearest,False,0.002003908157348633,success
04148E429C4C80,3,"['Arena', 'Casa Giulietta']",Santa Anastasia,"['AMO', 'Museo Conte', 'Palazzo della Ragione', 'Teatro Romano', 'Centro Fotografia']",Teatro Romano,strategy_nearest,True,0.0027778148651123047,success
04148C429C4C81,3,"['Arena', 'Torre Lamberti', 'Duomo']",Teatro Romano,"['Santa Anastasia', 'AMO', 'Palazzo della Ragione', 'Museo Conte', 'Centro Fotografia']",Casa Giulietta,strategy_nearest,False,0.001580953598022461,success
0414914A9C4C81,0,['Arena'],Casa Giulietta,"['Centro Fotografia', 'Sighseeing', 'Torre Lamberti', 'Museo Conte', 'Museo Radio']",Santa Anastasia,strategy_nearest,False,0.003361940383911133,success
04149F4A9C4C80,0,['Torre Lamberti'],Arena,"['Verona Tour', 'Museo Lapidario', 'Museo Radio', 'San Fermo', 'Casa Giulietta']",Teatro Romano,strategy_nearest,False,0.002019166946411133,success
0414984A9C4C80,1,"['Arena', 'Casa Giulietta']",Torre Lamberti,"['Sighseeing', 'Centro Fotografia', 'Museo Conte', 'Palazzo della Ragione', 'AMO']",Palazzo della Ragione,strategy_nearest,True,0.003300189971923828,success
04149C429C4C80,3,"['Torre Lamberti', 'Arena']",Castelvecchio,"['Museo Lapidario', 'Verona Tour', 'Museo Radio', 'San Zeno', 'Sighseeing']",Duomo,strategy_nearest,False,0.0026721954345703125,success
041495BA7B3F80,0,['Museo Lapidario'],Castelvecchio,"['Verona Tour', 'Arena', 'Museo Radio', 'San Zeno', 'Sighseeing']",Arena,strategy_nearest,True,0.0027599334716796875,success
0414B13A9C4C81,3,"['Arena', 'Casa Giulietta']",Santa Anastasia,"['AMO', 'Museo Conte', 'Palazzo della Ragione', 'Teatro Romano', 'Centro Fotografia']",Duomo,strategy_nearest,False,0.002790212631225586,success
0414B63A9C4C81,1,['Torre Lamberti'],Arena,"['Verona Tour', 'Museo Lapidario', 'Museo Radio', 'San Fermo', 'Casa Giulietta']",Teatro Romano,strategy_nearest,False,0.0031728744506835938,success
0414B43A9C4C80,1,['Palazzo della Ragione'],Torre Lamberti,"['Sighseeing', 'Centro Fotografia', 'Museo Conte', 'Casa Giulietta', 'AMO']",Arena,strategy_nearest,False,0.002174854278564453,success
0414B44A9C4C80,3,['Arena'],Casa Giulietta,"['Centro Fotografia', 'Sighseeing', 'Torre Lamberti', 'Museo Conte', 'Museo Radio']",Santa Anastasia,strategy_nearest,False,0.0015599727630615234,success
0414B83A9C4C81,0,['Casa Giulietta'],Arena,"['Verona Tour', 'Museo Lapidario', 'Museo Radio', 'San Fermo', 'Sighseeing']",Castelvecchio,strategy_nearest,False,0.0033669471740722656,success
0414C44A9C4C80,3,"['Arena', 'Casa Giulietta']",Tomba Giulietta,"['San Fermo', 'Museo Storia', 'Museo Lapidario', 'Museo Radio', 'Verona Tour']",Santa Anastasia,strategy_nearest,False,0.0014719963073730469,success
0414C64A9C4C81,2,['Torre Lamberti'],Casa Giulietta,"['Centro Fotografia', 'Sighseeing', 'Museo Conte', 'Museo Radio', 'Palazzo della Ragione']",Santa Anastasia,strategy_nearest,False,0.001977205276489258,success
0414B84A9C4C81,2,"['Torre Lamberti', 'Santa Anastasia']",Duomo,"['AMO', 'Museo Miniscalchi', 'Teatro Romano', 'Palazzo della Ragione', 'Museo Conte']",Casa Giulietta,strategy_nearest,False,0.0032668113708496094,success
0414C84A9C4C81,0,['Arena'],Casa Giulietta,"['Centro Fotografia', 'Sighseeing', 'Torre Lamberti', 'Museo Conte', 'Museo Radio']",Santa Anastasia,strategy_nearest,False,0.0016510486602783203,success
0414C84A9C4C80,0,['Arena'],Teatro Romano,"['Santa Anastasia', 'Duomo', 'AMO', 'Palazzo della Ragione', 'Museo Conte']",Casa Giulietta,strategy_nearest,False,0.0028569698333740234,success
0414C93A9C4C80,0,"['Arena', 'Casa Giulietta']",Teatro Romano,"['Santa Anastasia', 'Duomo', 'AMO', 'Palazzo della Ragione', 'Museo Conte']",Duomo,strategy_nearest,True,0.0021691322326660156,success
0414C74A9C4C80,0,['Arena'],San Fermo,"['Museo Storia', 'Museo Radio', 'Casa Giulietta', 'Centro Fotografia', 'Sighseeing']",Torre Lamberti,strategy_nearest,False,0.0035779476165771484,success
0414CB4A9C4C80,3,"['Arena', 'Museo Lapidario']",Castelvecchio,"['Verona Tour', 'Museo Radio', 'San Zeno', 'Sighseeing', 'Museo Miniscalchi']",Torre Lamberti,strategy_nearest,False,0.0021140575408935547,success
0414CB4A9C4C81,1,"['Arena', 'Casa Giulietta', 'Torre Lamberti']",Palazzo della Ragione,"['AMO', 'Museo Conte', 'Centro Fotografia', 'Sighseeing', 'Santa Anastasia']",Santa Anastasia,strategy_nearest,True,0.0012638568878173828,success
0414D2429C4C80,3,"['Duomo', 'Casa Giulietta', 'Arena', 'Castelvecchio']",Teatro Romano,"['Santa Anastasia', 'AMO', 'Palazzo della Ragione', 'Museo Conte', 'Centro Fotografia']",Tomba Giulietta,strategy_nearest,False,0.0032770633697509766,success
0414C94A9C4C81,0,['Arena'],Casa Giulietta,"['Centro Fotografia', 'Sighseeing', 'Torre Lamberti', 'Museo Conte', 'Museo Radio']",Santa Anastasia,strategy_nearest,False,0.003448009490966797,success
0414D63A9C4C81,0,['Arena'],Casa Giulietta,"['Centro Fotografia', 'Sighseeing', 'Torre Lamberti', 'Museo Conte', 'Museo Radio']",Torre Lamberti,strategy_nearest,True,0.002019166946411133,success
0414D63A9C4C80,0,['Museo Lapidario'],Arena,"['Verona Tour', 'Museo Radio', 'San Fermo', 'Casa Giulietta', 'Sighseeing']",Teatro Romano,strategy_nearest,False,0.0020029544830322266,success
0414D3429C4C80,0,"['Arena', 'Castelvecchio']",Torre Lamberti,"['Sighseeing', 'Centro Fotografia', 'Museo Conte', 'Casa Giulietta', 'Palazzo della Ragione']",Casa Giulietta,strategy_nearest,True,0.004032135009765625,success
0414DA3A9C4C81,3,"['Arena', 'Casa Giulietta', 'Torre Lamberti']",Santa Anastasia,"['AMO', 'Museo Conte', 'Palazzo della Ragione', 'Teatro Romano', 'Centro Fotografia']",Teatro Romano,strategy_nearest,True,0.003197908401489258,success
0414DB3A9C4C81,1,"['Santa Anastasia', 'Palazzo della Ragione']",Torre Lamberti,"['Sighseeing', 'Centro Fotografia', 'Museo Conte', 'Casa Giulietta', 'AMO']",Casa Giulietta,strategy_nearest,True,0.0028727054595947266,success
0414FA429C4C81,3,['Castelvecchio'],Teatro Romano,"['Santa Anastasia', 'Duomo', 'AMO', 'Palazzo della Ragione', 'Museo Conte']",Santa Anastasia,strategy_nearest,True,0.002209901809692383,success
0414F9429C4C81,3,"['Arena', 'Casa Giulietta', 'Santa Anastasia']",Teatro Romano,"['Duomo', 'AMO', 'Palazzo della Ragione', 'Museo Conte', 'Centro Fotografia']",San Zeno,strategy_nearest,False,0.003448963165283203,success
0414FB429C4C81,2,"['Casa Giulietta', 'Palazzo della Ragione']",Torre Lamberti,"['Sighseeing', 'Centro Fotografia', 'Museo Conte', 'AMO', 'Museo Miniscalchi']",Castelvecchio,strategy_nearest,False,0.0032901763916015625,success
04154D3A9C4C81,1,"['Palazzo della Ragione', 'Teatro Romano', 'Santa Anastasia', 'Casa Giulietta']",Duomo,"['AMO', 'Museo Miniscalchi', 'Museo Conte', 'Torre Lamberti', 'Centro Fotografia']",Arena,strategy_nearest,False,0.002630949020385742,success
0414FE4A9C4C81,0,['Teatro Romano'],Torre Lamberti,"['Sighseeing', 'Centro Fotografia', 'Museo Conte', 'Casa Giulietta', 'Palazzo della Ragione']",Casa Giulietta,strategy_nearest,True,0.0022459030151367188,success
04154A429C4C81,3,"['San Zeno', 'Duomo', 'Santa Anastasia', 'San Fermo']",Museo Storia,"['Museo Radio', 'Casa Giulietta', 'Centro Fotografia', 'Tomba Giulietta', 'Arena']",Torre Lamberti,strategy_nearest,False,0.002131938934326172,success
04153A4A9C4C81,3,"['Arena', 'Duomo']",Teatro Romano,"['Santa Anastasia', 'AMO', 'Palazzo della Ragione', 'Museo Conte', 'Centro Fotografia']",Giardino Giusti,strategy_nearest,False,0.00401616096496582,success
0415524A9C4C81,3,"['Arena', 'Casa Giulietta']",Teatro Romano,"['Santa Anastasia', 'Duomo', 'AMO', 'Palazzo della Ragione', 'Museo Conte']",Castelvecchio,strategy_nearest,False,0.002228975296020508,success
0415503A9C4C81,2,['Casa Giulietta'],Palazzo della Ragione,"['AMO', 'Museo Conte', 'Torre Lamberti', 'Centro Fotografia', 'Sighseeing']",Santa Anastasia,strategy_nearest,False,0.0016722679138183594,success
04155B3A9C4C81,1,"['Palazzo della Ragione', 'Torre Lamberti']",Teatro Romano,"['Santa Anastasia', 'Duomo', 'AMO', 'Museo Conte', 'Centro Fotografia']",Castelvecchio,strategy_nearest,False,0.0026481151580810547,success
04154E4A9C4C81,0,"['Arena', 'Casa Giulietta']",Torre Lamberti,"['Sighseeing', 'Centro Fotografia', 'Museo Conte', 'Palazzo della Ragione', 'AMO']",Duomo,strategy_nearest,False,0.003609895706176758,success
041576429C4C81,0,['Arena'],Casa Giulietta,"['Centro Fotografia', 'Sighseeing', 'Torre Lamberti', 'Museo Conte', 'Museo Radio']",Santa Anastasia,strategy_nearest,False,0.0021979808807373047,success
041590429C4C81,3,"['Museo Lapidario', 'Castelvecchio', 'San Zeno']",Casa Giulietta,"['Centro Fotografia', 'Sighseeing', 'Torre Lamberti', 'Museo Conte', 'Museo Radio']",Santa Anastasia,strategy_nearest,False,0.003284931182861328,success
0415764A9C4C80,1,['Arena'],Casa Giulietta,"['Centro Fotografia', 'Sighseeing', 'Torre Lamberti', 'Museo Conte', 'Museo Radio']",Palazzo della Ragione,strategy_nearest,False,0.002151966094970703,success
04156C3A9C4C81,0,['Castelvecchio'],Arena,"['Verona Tour', 'Museo Lapidario', 'Museo Radio', 'San Fermo', 'Casa Giulietta']",Casa Giulietta,strategy_nearest,True,0.004056692123413086,success
0415964A9C4C80,1,"['Arena', 'Teatro Romano', 'Duomo']",Santa Anastasia,"['AMO', 'Museo Conte', 'Palazzo della Ragione', 'Centro Fotografia', 'Torre Lamberti']",Palazzo della Ragione,strategy_nearest,True,0.002763032913208008,success
04159F429C4C81,1,['Palazzo della Ragione'],Casa Giulietta,"['Centro Fotografia', 'Sighseeing', 'Torre Lamberti', 'Museo Conte', 'Museo Radio']",San Fermo,strategy_nearest,False,0.0014541149139404297,success
0415954A9C4C80,0,"['Museo Lapidario', 'Castelvecchio']",Arena,"['Verona Tour', 'Museo Radio', 'San Fermo', 'Casa Giulietta', 'Sighseeing']",Casa Giulietta,strategy_nearest,True,0.0028040409088134766,success
0415A0429C4C81,3,"['Casa Giulietta', 'Arena']",Tomba Giulietta,"['San Fermo', 'Museo Storia', 'Museo Lapidario', 'Museo Radio', 'Verona Tour']",Castelvecchio,strategy_nearest,False,0.003300905227661133,success
0415A1429C4C81,3,"['Arena', 'Castelvecchio', 'Torre Lamberti']",Casa Giulietta,"['Centro Fotografia', 'Sighseeing', 'Museo Conte', 'Museo Radio', 'Palazzo della Ragione']",San Fermo,strategy_nearest,False,0.0020198822021484375,success
0415B44A9C4C81,3,"['Arena', 'Casa Giulietta']",Torre Lamberti,"['Sighseeing', 'Centro Fotografia', 'Museo Conte', 'Palazzo della Ragione', 'AMO']",Santa Anastasia,strategy_nearest,False,0.003140687942504883,success
0415B14A9C4C80,2,['Teatro Romano'],San Fermo,"['Museo Storia', 'Museo Radio', 'Casa Giulietta', 'Centro Fotografia', 'Arena']",Castelvecchio,strategy_nearest,False,0.002695798873901367,success
0415AE4A9C4C80,3,['Arena'],Torre Lamberti,"['Sighseeing', 'Centro Fotografia', 'Museo Conte', 'Casa Giulietta', 'Palazzo della Ragione']",Santa Anastasia,strategy_nearest,False,0.002807140350341797,success
0415B54A9C4C81,1,"['Arena', 'Casa Giulietta']",Palazzo della Ragione,"['AMO', 'Museo Conte', 'Torre Lamberti', 'Centro Fotografia', 'Sighseeing']",Torre Lamberti,strategy_nearest,True,0.0013151168823242188,success
0415B73A9C4C80,2,['Torre Lamberti'],Santa Anastasia,"['AMO', 'Museo Conte', 'Palazzo della Ragione', 'Teatro Romano', 'Centro Fotografia']",Teatro Romano,strategy_nearest,True,0.002637147903442383,success
0415B54A9C4C80,2,"['Casa Giulietta', 'Torre Lamberti', 'Palazzo della Ragione']",Santa Anastasia,"['AMO', 'Museo Conte', 'Teatro Romano', 'Centro Fotografia', 'Duomo']",Duomo,strategy_nearest,True,0.0019860267639160156,success
0415B83A9C4C81,3,['Arena'],Casa Giulietta,"['Centro Fotografia', 'Sighseeing', 'Torre Lamberti', 'Museo Conte', 'Museo Radio']",Torre Lamberti,strategy_nearest,True,0.003348827362060547,success
0415B84A9C4C80,0,['Teatro Romano'],Arena,"['Verona Tour', 'Museo Lapidario', 'Museo Radio', 'San Fermo', 'Casa Giulietta']",Torre Lamberti,strategy_nearest,False,0.0023620128631591797,success
0415C64A9C4C80,0,['Castelvecchio'],Casa Giulietta,"['Centro Fotografia', 'Sighseeing', 'Torre Lamberti', 'Museo Conte', 'Museo Radio']",Torre Lamberti,strategy_nearest,True,0.0023298263549804688,success
0415C64A9C4C81,0,"['Arena', 'Tomba Giulietta']",Duomo,"['AMO', 'Museo Miniscalchi', 'Santa Anastasia', 'Teatro Romano', 'Palazzo della Ragione']",Teatro Romano,strategy_nearest,True,0.003287076950073242,success
0415CB429C4C81,3,"['Duomo', 'Santa Anastasia', 'Casa Giulietta']",Arena,"['Verona Tour', 'Museo Lapidario', 'Museo Radio', 'San Fermo', 'Sighseeing']",Teatro Romano,strategy_nearest,False,0.001772165298461914,success
0415C74A9C4C81,1,"['Museo Lapidario', 'Arena', 'Torre Lamberti']",Palazzo della Ragione,"['AMO', 'Museo Conte', 'Centro Fotografia', 'Sighseeing', 'Santa Anastasia']",Santa Anastasia,strategy_nearest,True,0.0025529861450195312,success
0415CC429C4C81,2,"['Santa Anastasia', 'Casa Giulietta']",Castelvecchio,"['Museo Lapidario', 'Verona Tour', 'Arena', 'Museo Radio', 'San Zeno']",San Fermo,strategy_nearest,False,0.003200054168701172,success
0415CBBA7B3F80,3,['Museo Lapidario'],Arena,"['Verona Tour', 'Museo Radio', 'San Fermo', 'Casa Giulietta', 'Sighseeing']",Santa Anastasia,strategy_nearest,False,0.003141164779663086,success
0415CE429C4C80,0,"['Teatro Romano', 'Arena']",Torre Lamberti,"['Sighseeing', 'Centro Fotografia', 'Museo Conte', 'Casa Giulietta', 'Palazzo della Ragione']",Casa Giulietta,strategy_nearest,True,0.0025720596313476562,success
0415D6429C4C80,1,"['Arena', 'Palazzo della Ragione']",Santa Anastasia,"['AMO', 'Museo Conte', 'Teatro Romano', 'Centro Fotografia', 'Duomo']",Duomo,strategy_nearest,True,0.0022530555725097656,success
0415D8429C4C80,1,"['Arena', 'Casa Giulietta', 'Palazzo della Ragione', 'Torre Lamberti']",Santa Anastasia,"['AMO', 'Museo Conte', 'Teatro Romano', 'Centro Fotografia', 'Duomo']",Teatro Romano,strategy_nearest,True,0.002830982208251953,success
0415D14A9C4C81,3,['Arena'],Torre Lamberti,"['Sighseeing', 'Centro Fotografia', 'Museo Conte', 'Casa Giulietta', 'Palazzo della Ragione']",Casa Giulietta,strategy_nearest,True,0.0035610198974609375,success
0415D13A9C4C81,4,"['Arena', 'Museo Lapidario']",Castelvecchio,"['Verona Tour', 'Museo Radio', 'San Zeno', 'Sighseeing', 'Museo Miniscalchi']",Casa Giulietta,strategy_nearest,False,0.0016982555389404297,success
0415D93A9C4C81,3,"['Castelvecchio', 'San Zeno']",Duomo,"['AMO', 'Museo Miniscalchi', 'Santa Anastasia', 'Teatro Romano', 'Palazzo della Ragione']",Santa Anastasia,strategy_nearest,True,0.0035758018493652344,success
0415D9429C4C80,3,"['Arena', 'Castelvecchio', 'San Zeno']",Casa Giulietta,"['Centro Fotografia', 'Sighseeing', 'Torre Lamberti', 'Museo Conte', 'Museo Radio']",Teatro Romano,strategy_nearest,False,0.004177093505859375,success
0415E43A9C4C81,1,"['Casa Giulietta', 'Arena']",Tomba Giulietta,"['San Fermo', 'Museo Storia', 'Museo Lapidario', 'Museo Radio', 'Verona Tour']",Palazzo della Ragione,strategy_nearest,False,0.00226593017578125,success
0415FB429C4C81,3,"['Castelvecchio', 'Arena']",Torre Lamberti,"['Sighseeing', 'Centro Fotografia', 'Museo Conte', 'Casa Giulietta', 'Palazzo della Ragione']",Casa Giulietta,strategy_nearest,True,0.0014400482177734375,success
04163E429C4C81,0,"['Casa Giulietta', 'Arena']",Tomba Giulietta,"['San Fermo', 'Museo Storia', 'Museo Lapidario', 'Museo Radio', 'Verona Tour']",Teatro Romano,strategy_nearest,False,0.001268148422241211,success
0415FB4A9C4C81,0,['Arena'],Casa Giulietta,"['Centro Fotografia', 'Sighseeing', 'Torre Lamberti', 'Museo Conte', 'Museo Radio']",Teatro Romano,strategy_nearest,False,0.0020830631256103516,success
0416403A9C4C81,1,"['Castelvecchio', 'Tomba Giulietta', 'Arena']",Teatro Romano,"['Santa Anastasia', 'Duomo', 'AMO', 'Palazzo della Ragione', 'Museo Conte']",Santa Anastasia,strategy_nearest,True,0.003386974334716797,success
04163F3A9C4C81,0,"['Arena', 'Duomo']",Casa Giulietta,"['Centro Fotografia', 'Sighseeing', 'Torre Lamberti', 'Museo Conte', 'Museo Radio']",Tomba Giulietta,strategy_nearest,False,0.0028390884399414062,success
041643429C4C81,3,"['Arena', 'Torre Lamberti']",Santa Anastasia,"['AMO', 'Museo Conte', 'Palazzo della Ragione', 'Teatro Romano', 'Centro Fotografia']",Duomo,strategy_nearest,False,0.0025331974029541016,success
0416513A9C4C81,1,"['San Zeno', 'Arena', 'Palazzo della Ragione']",Torre Lamberti,"['Sighseeing', 'Centro Fotografia', 'Museo Conte', 'Casa Giulietta', 'AMO']",Castelvecchio,strategy_nearest,False,0.003183126449584961,success
0416523A9C4C81,0,"['Casa Giulietta', 'San Fermo']",Tomba Giulietta,"['Museo Storia', 'Arena', 'Museo Lapidario', 'Museo Radio', 'Verona Tour']",Arena,strategy_nearest,True,0.0028617382049560547,success
041659429C4C81,0,['Casa Giulietta'],Arena,"['Verona Tour', 'Museo Lapidario', 'Museo Radio', 'San Fermo', 'Sighseeing']",Castelvecchio,strategy_nearest,False,0.0032501220703125,success
04166C3A9C4C81,2,['Casa Giulietta'],Tomba Giulietta,"['San Fermo', 'Museo Storia', 'Arena', 'Museo Lapidario', 'Museo Radio']",Torre Lamberti,strategy_nearest,False,0.0033779144287109375,success
041676429C4C80,0,['Arena'],Casa Giulietta,"['Centro Fotografia', 'Sighseeing', 'Torre Lamberti', 'Museo Conte', 'Museo Radio']",Torre Lamberti,strategy_nearest,True,0.0023517608642578125,success
041673429C4C81,3,"['Arena', 'Museo Lapidario']",San Fermo,"['Museo Storia', 'Museo Radio', 'Casa Giulietta', 'Centro Fotografia', 'Sighseeing']",Casa Giulietta,strategy_nearest,True,0.0029778480529785156,success
0416764A9C4C81,0,['Arena'],Casa Giulietta,"['Centro Fotografia', 'Sighseeing', 'Torre Lamberti', 'Museo Conte', 'Museo Radio']",Teatro Romano,strategy_nearest,False,0.003038167953491211,success
0416774A9C4C81,3,"['Tomba Giulietta', 'Arena', 'Casa Giulietta']",Duomo,"['AMO', 'Museo Miniscalchi', 'Santa Anastasia', 'Teatro Romano', 'Palazzo della Ragione']",Torre Lamberti,strategy_nearest,False,0.0025398731231689453,success
04167A429C4C81,3,"['Tomba Giulietta', 'Casa Giulietta']",Castelvecchio,"['Museo Lapidario', 'Verona Tour', 'Arena', 'Museo Radio', 'San Zeno']",Arena,strategy_nearest,True,0.0024509429931640625,success
04167F3A9C4C81,3,['Santa Anastasia'],San Zeno,"['Castelvecchio', 'Verona Tour', 'Museo Lapidario', 'Arena', 'Museo Miniscalchi']",Arena,strategy_nearest,True,0.0025207996368408203,success
0416903A9C4C81,3,"['San Zeno', 'Torre Lamberti', 'Casa Giulietta']",San Fermo,"['Museo Storia', 'Museo Radio', 'Centro Fotografia', 'Arena', 'Sighseeing']",Duomo,strategy_nearest,False,0.0032110214233398438,success
041698429C4C81,0,['Castelvecchio'],Torre Lamberti,"['Sighseeing', 'Centro Fotografia', 'Museo Conte', 'Casa Giulietta', 'Palazzo della Ragione']",Duomo,strategy_nearest,False,0.0018417835235595703,success
04167C3A9C4C80,3,"['Santa Anastasia', 'San Fermo', 'Teatro Romano']",Casa Giulietta,"['Centro Fotografia', 'Sighseeing', 'Torre Lamberti', 'Museo Conte', 'Museo Radio']",Arena,strategy_nearest,False,0.0032432079315185547,success
041690429C4C80,0,['Arena'],Casa Giulietta,"['Centro Fotografia', 'Sighseeing', 'Torre Lamberti', 'Museo Conte', 'Museo Radio']",Teatro Romano,strategy_nearest,False,0.0031969547271728516,success
04169A4A9C4C81,3,['Arena'],Santa Anastasia,"['AMO', 'Museo Conte', 'Palazzo della Ragione', 'Teatro Romano', 'Centro Fotografia']",Teatro Romano,strategy_nearest,True,0.0017020702362060547,success
0416A44A9C4C80,2,['Castelvecchio'],Palazzo della Ragione,"['AMO', 'Museo Conte', 'Torre Lamberti', 'Centro Fotografia', 'Sighseeing']",Casa Giulietta,strategy_nearest,False,0.0019011497497558594,success
04169FBA7B3F80,1,"['Arena', 'Casa Giulietta']",Santa Anastasia,"['AMO', 'Museo Conte', 'Palazzo della Ragione', 'Teatro Romano', 'Centro Fotografia']",Palazzo della Ragione,strategy_nearest,True,0.003487825393676758,success
0416A1429C4C81,6,['Santa Anastasia'],Teatro Romano,"['Duomo', 'AMO', 'Palazzo della Ragione', 'Museo Conte', 'Centro Fotografia']",Duomo,strategy_nearest,True,0.0033910274505615234,success
0416AD4A9C4C80,1,"['Arena', 'Casa Giulietta']",Palazzo della Ragione,"['AMO', 'Museo Conte', 'Torre Lamberti', 'Centro Fotografia', 'Sighseeing']",Torre Lamberti,strategy_nearest,True,0.0019059181213378906,success
0416AE3A9C4C81,2,['Tomba Giulietta'],Castelvecchio,"['Museo Lapidario', 'Verona Tour', 'Arena', 'Museo Radio', 'San Zeno']",San Zeno,strategy_nearest,True,0.002772092819213867,success
0416A63A9C4C81,0,['Arena'],Casa Giulietta,"['Centro Fotografia', 'Sighseeing', 'Torre Lamberti', 'Museo Conte', 'Museo Radio']",Torre Lamberti,strategy_nearest,True,0.004027843475341797,success
0416AE4A9C4C80,3,"['Tomba Giulietta', 'Arena', 'San Fermo']",Teatro Romano,"['Santa Anastasia', 'Duomo', 'AMO', 'Palazzo della Ragione', 'Museo Conte']",Duomo,strategy_nearest,True,0.0030829906463623047,success
0416B3429C4C80,0,['Arena'],Castelvecchio,"['Museo Lapidario', 'Verona Tour', 'Museo Radio', 'San Zeno', 'Sighseeing']",Casa Giulietta,strategy_nearest,False,0.0022840499877929688,success
0416B64A9C4C80,0,['Arena'],Casa Giulietta,"['Centro Fotografia', 'Sighseeing', 'Torre Lamberti', 'Museo Conte', 'Museo Radio']",Castelvecchio,strategy_nearest,False,0.002670764923095703,success
0416B44A9C4C80,1,"['Arena', 'Casa Giulietta']",Palazzo della Ragione,"['AMO', 'Museo Conte', 'Torre Lamberti', 'Centro Fotografia', 'Sighseeing']",Torre Lamberti,strategy_nearest,True,0.0021080970764160156,success
0416BD3A9C4C80,3,"['Arena', 'Santa Anastasia', 'Duomo']",Casa Giulietta,"['Centro Fotografia', 'Sighseeing', 'Torre Lamberti', 'Museo Conte', 'Museo Radio']",San Fermo,strategy_nearest,False,0.0032880306243896484,success
0416BD4A9C4C80,0,"['Arena', 'Castelvecchio']",Giardino Giusti,"['Santa Anastasia', 'Teatro Romano', 'Museo Conte', 'Centro Fotografia', 'Museo Storia']",Teatro Romano,strategy_nearest,True,0.003313779830932617,success
0416C04A9C4C80,3,"['Arena', 'Casa Giulietta']",Santa Anastasia,"['AMO', 'Museo Conte', 'Palazzo della Ragione', 'Teatro Romano', 'Centro Fotografia']",Torre Lamberti,strategy_nearest,False,0.0020651817321777344,success
0416C03A9C4C80,0,['Arena'],Castelvecchio,"['Museo Lapidario', 'Verona Tour', 'Museo Radio', 'San Zeno', 'Sighseeing']",Casa Giulietta,strategy_nearest,False,0.003289937973022461,success
0416C64A9C4C80,0,['Arena'],Casa Giulietta,"['Centro Fotografia', 'Sighseeing', 'Torre Lamberti', 'Museo Conte', 'Museo Radio']",Santa Anastasia,strategy_nearest,False,0.003200054168701172,success
0416CE3A9C4C80,0,['Arena'],Castelvecchio,"['Museo Lapidario', 'Verona Tour', 'Museo Radio', 'San Zeno', 'Sighseeing']",Torre Lamberti,strategy_nearest,False,0.003863096237182617,success
0416C84A9C4C81,0,['Castelvecchio'],Arena,"['Verona Tour', 'Museo Lapidario', 'Museo Radio', 'San Fermo', 'Casa Giulietta']",Santa Anastasia,strategy_nearest,False,0.002624988555908203,success
0416C84A9C4C80,0,"['Arena', 'Casa Giulietta']",Torre Lamberti,"['Sighseeing', 'Centro Fotografia', 'Museo Conte', 'Palazzo della Ragione', 'AMO']",Castelvecchio,strategy_nearest,False,0.0019488334655761719,success
0416C64A9C4C81,2,['Casa Giulietta'],Santa Anastasia,"['AMO', 'Museo Conte', 'Palazzo della Ragione', 'Teatro Romano', 'Centro Fotografia']",Duomo,strategy_nearest,False,0.0040171146392822266,success
0416CF4A9C4C80,1,"['Arena', 'Castelvecchio', 'Casa Giulietta']",Torre Lamberti,"['Sighseeing', 'Centro Fotografia', 'Museo Conte', 'Palazzo della Ragione', 'AMO']",Palazzo della Ragione,strategy_nearest,True,0.0013918876647949219,success
0416D03A9C4C80,3,"['San Zeno', 'Castelvecchio']",Arena,"['Verona Tour', 'Museo Lapidario', 'Museo Radio', 'San Fermo', 'Casa Giulietta']",Tomba Giulietta,strategy_nearest,False,0.003422975540161133,success
0416D24A9C4C81,0,['Arena'],Casa Giulietta,"['Centro Fotografia', 'Sighseeing', 'Torre Lamberti', 'Museo Conte', 'Museo Radio']",Duomo,strategy_nearest,False,0.0026292800903320312,success
0416D14A9C4C81,0,"['Arena', 'Castelvecchio']",Casa Giulietta,"['Centro Fotografia', 'Sighseeing', 'Torre Lamberti', 'Museo Conte', 'Museo Radio']",Duomo,strategy_nearest,False,0.0021750926971435547,success
0417413A9C4C81,0,['Arena'],Casa Giulietta,"['Centro Fotografia', 'Sighseeing', 'Torre Lamberti', 'Museo Conte', 'Museo Radio']",Torre Lamberti,strategy_nearest,True,0.00273895263671875,success
0416DD429C4C81,1,"['Arena', 'Castelvecchio', 'Torre Lamberti']",Palazzo della Ragione,"['AMO', 'Museo Conte', 'Centro Fotografia', 'Sighseeing', 'Santa Anastasia']",Santa Anastasia,strategy_nearest,True,0.0015559196472167969,success
0416D4429C4C80,3,"['Castelvecchio', 'San Zeno', 'Teatro Romano', 'Duomo']",Arena,"['Verona Tour', 'Museo Lapidario', 'Museo Radio', 'San Fermo', 'Casa Giulietta']",Torre Lamberti,strategy_nearest,False,0.0034759044647216797,success
0417443A9C4C81,3,"['San Zeno', 'Casa Giulietta']",Torre Lamberti,"['Sighseeing', 'Centro Fotografia', 'Museo Conte', 'Palazzo della Ragione', 'AMO']",Duomo,strategy_nearest,False,0.002028226852416992,success
041745429C4C81,3,"['San Fermo', 'Arena', 'Casa Giulietta']",Torre Lamberti,"['Sighseeing', 'Centro Fotografia', 'Museo Conte', 'Palazzo della Ragione', 'AMO']",Santa Anastasia,strategy_nearest,False,0.0033349990844726562,success
04174C3A9C4C81,3,"['Casa Giulietta', 'Arena']",Tomba Giulietta,"['San Fermo', 'Museo Storia', 'Museo Lapidario', 'Museo Radio', 'Verona Tour']",Museo Storia,strategy_nearest,True,0.001399993896484375,success
0417493A9C4C81,1,"['Castelvecchio', 'Tomba Giulietta', 'Arena']",Teatro Romano,"['Santa Anastasia', 'Duomo', 'AMO', 'Palazzo della Ragione', 'Museo Conte']",Torre Lamberti,strategy_nearest,False,0.0027189254760742188,success
0417504A9C4C81,3,"['Arena', 'San Fermo']",Casa Giulietta,"['Centro Fotografia', 'Sighseeing', 'Torre Lamberti', 'Museo Conte', 'Museo Radio']",Torre Lamberti,strategy_nearest,True,0.003287076950073242,success
04176B429C4C81,0,['Arena'],Casa Giulietta,"['Centro Fotografia', 'Sighseeing', 'Torre Lamberti', 'Museo Conte', 'Museo Radio']",San Fermo,strategy_nearest,False,0.0019779205322265625,success
0417734A9C4C81,3,"['Arena', 'Casa Giulietta', 'San Fermo']",Torre Lamberti,"['Sighseeing', 'Centro Fotografia', 'Museo Conte', 'Palazzo della Ragione', 'AMO']",Santa Anastasia,strategy_nearest,False,0.0019698143005371094,success
041773429C4C80,3,['Arena'],Casa Giulietta,"['Centro Fotografia', 'Sighseeing', 'Torre Lamberti', 'Museo Conte', 'Museo Radio']",Santa Anastasia,strategy_nearest,False,0.0034062862396240234,success
0417533A9C4C81,0,['Casa Giulietta'],Castelvecchio,"['Museo Lapidario', 'Verona Tour', 'Arena', 'Museo Radio', 'San Zeno']",Arena,strategy_nearest,True,0.0034160614013671875,success
041777429C4C81,3,"['Arena', 'Casa Giulietta']",Santa Anastasia,"['AMO', 'Museo Conte', 'Palazzo della Ragione', 'Teatro Romano', 'Centro Fotografia']",Duomo,strategy_nearest,False,0.0019910335540771484,success
0417874A9C4C80,0,['Arena'],Casa Giulietta,"['Centro Fotografia', 'Sighseeing', 'Torre Lamberti', 'Museo Conte', 'Museo Radio']",Duomo,strategy_nearest,False,0.002572774887084961,success
0417884A9C4C80,0,['Arena'],Casa Giulietta,"['Centro Fotografia', 'Sighseeing', 'Torre Lamberti', 'Museo Conte', 'Museo Radio']",Castelvecchio,strategy_nearest,False,0.002746105194091797,success
04178C429C4C81,0,['Arena'],Castelvecchio,"['Museo Lapidario', 'Verona Tour', 'Museo Radio', 'San Zeno', 'Sighseeing']",Torre Lamberti,strategy_nearest,False,0.003331899642944336,success
0417954A9C4C80,0,"['Arena', 'Casa Giulietta']",Torre Lamberti,"['Sighseeing', 'Centro Fotografia', 'Museo Conte', 'Palazzo della Ragione', 'AMO']",Duomo,strategy_nearest,False,0.0024230480194091797,success
0417974A9C4C80,3,"['Castelvecchio', 'Arena']",Casa Giulietta,"['Centro Fotografia', 'Sighseeing', 'Torre Lamberti', 'Museo Conte', 'Museo Radio']",Torre Lamberti,strategy_nearest,True,0.0038700103759765625,success
04179A4A9C4C81,3,"['Arena', 'Casa Giulietta']",Torre Lamberti,"['Sighseeing', 'Centro Fotografia', 'Museo Conte', 'Palazzo della Ragione', 'AMO']",Duomo,strategy_nearest,False,0.0025043487548828125,success
0417A1429C4C80,3,"['Casa Giulietta', 'Casa Giulietta', 'Torre Lamberti']",Santa Anastasia,"['AMO', 'Museo Conte', 'Palazzo della Ragione', 'Teatro Romano', 'Centro Fotografia']",Duomo,strategy_nearest,False,0.002424001693725586,success
04179B429C4C81,1,"['Casa Giulietta', 'Arena', 'Tomba Giulietta']",Torre Lamberti,"['Sighseeing', 'Centro Fotografia', 'Museo Conte', 'Palazzo della Ragione', 'AMO']",Palazzo della Ragione,strategy_nearest,True,0.004194021224975586,success
0417A14A9C4C80,2,['Casa Giulietta'],Castelvecchio,"['Museo Lapidario', 'Verona Tour', 'Arena', 'Museo Radio', 'San Zeno']",Palazzo della Ragione,strategy_nearest,False,0.0025839805603027344,success
0417AD4A9C4C81,2,['Casa Giulietta'],Torre Lamberti,"['Sighseeing', 'Centro Fotografia', 'Museo Conte', 'Palazzo della Ragione', 'AMO']",Santa Anastasia,strategy_nearest,False,0.0019431114196777344,success
0417AD3A9C4C81,2,['Casa Giulietta'],Torre Lamberti,"['Sighseeing', 'Centro Fotografia', 'Museo Conte', 'Palazzo della Ragione', 'AMO']",Duomo,strategy_nearest,False,0.004007816314697266,success
0417AE3A9C4C81,0,['Casa Giulietta'],Teatro Romano,"['Santa Anastasia', 'Duomo', 'AMO', 'Palazzo della Ragione', 'Museo Conte']",Tomba Giulietta,strategy_nearest,False,0.0032510757446289062,success
0417AE4A9C4C80,2,['Teatro Romano'],Santa Anastasia,"['AMO', 'Museo Conte', 'Palazzo della Ragione', 'Centro Fotografia', 'Duomo']",Torre Lamberti,strategy_nearest,False,0.003133058547973633,success
0417B53A9C4C80,0,['Arena'],Casa Giulietta,"['Centro Fotografia', 'Sighseeing', 'Torre Lamberti', 'Museo Conte', 'Museo Radio']",Castelvecchio,strategy_nearest,False,0.003271341323852539,success
0417AF3A9C4C81,1,['Arena'],Casa Giulietta,"['Centro Fotografia', 'Sighseeing', 'Torre Lamberti', 'Museo Conte', 'Museo Radio']",Torre Lamberti,strategy_nearest,True,0.003008127212524414,success
0417B24A9C4C80,3,"['Arena', 'Casa Giulietta']",Torre Lamberti,"['Sighseeing', 'Centro Fotografia', 'Museo Conte', 'Palazzo della Ragione', 'AMO']",Teatro Romano,strategy_nearest,False,0.0033867359161376953,success
0417B64A9C4C80,0,['Arena'],Casa Giulietta,"['Centro Fotografia', 'Sighseeing', 'Torre Lamberti', 'Museo Conte', 'Museo Radio']",Santa Anastasia,strategy_nearest,False,0.0020427703857421875,success
0417BD3A9C4C80,0,['Torre Lamberti'],Arena,"['Verona Tour', 'Museo Lapidario', 'Museo Radio', 'San Fermo', 'Casa Giulietta']",Teatro Romano,strategy_nearest,False,0.0028448104858398438,success
0417BB4A9C4C81,3,"['Arena', 'Casa Giulietta']",Teatro Romano,"['Santa Anastasia', 'Duomo', 'AMO', 'Palazzo della Ragione', 'Museo Conte']",Duomo,strategy_nearest,True,0.002307891845703125,success
0417B64A9C4C81,0,['Casa Giulietta'],Castelvecchio,"['Museo Lapidario', 'Verona Tour', 'Arena', 'Museo Radio', 'San Zeno']",Arena,strategy_nearest,True,0.0017337799072265625,success
0417BD4A9C4C80,2,['Santa Anastasia'],Duomo,"['AMO', 'Museo Miniscalchi', 'Teatro Romano', 'Palazzo della Ragione', 'Museo Conte']",Casa Giulietta,strategy_nearest,False,0.0034279823303222656,success
0417C1429C4C80,2,['Palazzo della Ragione'],Torre Lamberti,"['Sighseeing', 'Centro Fotografia', 'Museo Conte', 'Casa Giulietta', 'AMO']",Casa Giulietta,strategy_nearest,True,0.003238201141357422,success
0417C14A9C4C80,1,"['Castelvecchio', 'Arena']",Palazzo della Ragione,"['AMO', 'Museo Conte', 'Torre Lamberti', 'Centro Fotografia', 'Sighseeing']",Torre Lamberti,strategy_nearest,True,0.0020160675048828125,success
0417BD4A9C4C81,1,"['Arena', 'Torre Lamberti']",Palazzo della Ragione,"['AMO', 'Museo Conte', 'Centro Fotografia', 'Sighseeing', 'Santa Anastasia']",Duomo,strategy_nearest,False,0.0034401416778564453,success
0417BE3A9C4C81,1,"['Arena', 'Casa Giulietta', 'Torre Lamberti']",Palazzo della Ragione,"['AMO', 'Museo Conte', 'Centro Fotografia', 'Sighseeing', 'Santa Anastasia']",Santa Anastasia,strategy_nearest,True,0.0022308826446533203,success
0417C24A9C4C80,0,['Arena'],Castelvecchio,"['Museo Lapidario', 'Verona Tour', 'Museo Radio', 'San Zeno', 'Sighseeing']",Casa Giulietta,strategy_nearest,False,0.0028450489044189453,success
0417CA4A9C4C81,0,['Arena'],Castelvecchio,"['Museo Lapidario', 'Verona Tour', 'Museo Radio', 'San Zeno', 'Sighseeing']",Casa Giulietta,strategy_nearest,False,0.002007007598876953,success
0417C34A9C4C81,0,['Arena'],Casa Giulietta,"['Centro Fotografia', 'Sighseeing', 'Torre Lamberti', 'Museo Conte', 'Museo Radio']",Teatro Romano,strategy_nearest,False,0.003392934799194336,success
0417CA4A9C4C80,0,"['Arena', 'Museo Lapidario']",Castelvecchio,"['Verona Tour', 'Museo Radio', 'San Zeno', 'Sighseeing', 'Museo Miniscalchi']",Casa Giulietta,strategy_nearest,False,0.0015828609466552734,success
0417CB429C4C81,3,['Santa Anastasia'],Torre Lamberti,"['Sighseeing', 'Centro Fotografia', 'Museo Conte', 'Casa Giulietta', 'Palazzo della Ragione']",Arena,strategy_nearest,False,0.0016400814056396484,success
0417CF4A9C4C81,3,"['Arena', 'Casa Giulietta']",Santa Anastasia,"['AMO', 'Museo Conte', 'Palazzo della Ragione', 'Teatro Romano', 'Centro Fotografia']",Duomo,strategy_nearest,False,0.003301858901977539,success
0417CF429C4C80,0,"['San Zeno', 'Casa Giulietta']",Torre Lamberti,"['Sighseeing', 'Centro Fotografia', 'Museo Conte', 'Palazzo della Ragione', 'AMO']",San Fermo,strategy_nearest,False,0.002783060073852539,success
0417CE4A9C4C80,3,"['Castelvecchio', 'Arena']",Casa Giulietta,"['Centro Fotografia', 'Sighseeing', 'Torre Lamberti', 'Museo Conte', 'Museo Radio']",Santa Anastasia,strategy_nearest,False,0.002235889434814453,success
0418423A9C4C81,1,"['Castelvecchio', 'San Zeno', 'Duomo', 'Santa Anastasia', 'Palazzo della Ragione']",Casa Giulietta,"['Centro Fotografia', 'Sighseeing', 'Torre Lamberti', 'Museo Conte', 'Museo Radio']",Museo Lapidario,strategy_nearest,False,0.0015900135040283203,success
0417D3429C4C80,1,"['Arena', 'Castelvecchio']",Teatro Romano,"['Santa Anastasia', 'Duomo', 'AMO', 'Palazzo della Ragione', 'Museo Conte']",Palazzo della Ragione,strategy_nearest,True,0.003477811813354492,success
0417DD429C4C80,3,"['Museo Lapidario', 'Castelvecchio', 'Arena']",Casa Giulietta,"['Centro Fotografia', 'Sighseeing', 'Torre Lamberti', 'Museo Conte', 'Museo Radio']",Torre Lamberti,strategy_nearest,True,0.002212047576904297,success
041846429C4C81,0,['Arena'],Casa Giulietta,"['Centro Fotografia', 'Sighseeing', 'Torre Lamberti', 'Museo Conte', 'Museo Radio']",Palazzo della Ragione,strategy_nearest,False,0.0026319026947021484,success
0418514A9C4C81,2,['Casa Giulietta'],Santa Anastasia,"['AMO', 'Museo Conte', 'Palazzo della Ragione', 'Teatro Romano', 'Centro Fotografia']",Duomo,strategy_nearest,False,0.001352071762084961,success
0418563A9C4C81,0,['Arena'],Casa Giulietta,"['Centro Fotografia', 'Sighseeing', 'Torre Lamberti', 'Museo Conte', 'Museo Radio']",Torre Lamberti,strategy_nearest,True,0.0019707679748535156,success
0418483A9C4C81,1,"['Arena', 'Casa Giulietta', 'Palazzo della Ragione', 'Santa Anastasia']",Tomba Giulietta,"['San Fermo', 'Museo Storia', 'Museo Lapidario', 'Museo Radio', 'Verona Tour']",Giardino Giusti,strategy_nearest,False,0.0040972232818603516,success
0418553A9C4C81,1,"['Arena', 'Duomo']",Teatro Romano,"['Santa Anastasia', 'AMO', 'Palazzo della Ragione', 'Museo Conte', 'Centro Fotografia']",Palazzo della Ragione,strategy_nearest,True,0.003396749496459961,success
041859429C4C81,3,"['Santa Anastasia', 'Duomo']",Torre Lamberti,"['Sighseeing', 'Centro Fotografia', 'Museo Conte', 'Casa Giulietta', 'Palazzo della Ragione']",Casa Giulietta,strategy_nearest,True,0.003924846649169922,success
041877429C4C81,0,"['Arena', 'Museo Lapidario']",Castelvecchio,"['Verona Tour', 'Museo Radio', 'San Zeno', 'Sighseeing', 'Museo Miniscalchi']",Torre Lamberti,strategy_nearest,False,0.0013911724090576172,success
0418614A9C4C80,3,"['Arena', 'Casa Giulietta']",Santa Anastasia,"['AMO', 'Museo Conte', 'Palazzo della Ragione', 'Teatro Romano', 'Centro Fotografia']",Duomo,strategy_nearest,False,0.0032300949096679688,success
04185A3A9C4C81,0,"['Castelvecchio', 'Arena']",Tomba Giulietta,"['San Fermo', 'Museo Storia', 'Museo Lapidario', 'Museo Radio', 'Verona Tour']",Museo Storia,strategy_nearest,True,0.0027267932891845703,success
04188F4A9C4C81,1,"['Casa Giulietta', 'Palazzo della Ragione']",Torre Lamberti,"['Sighseeing', 'Centro Fotografia', 'Museo Conte', 'AMO', 'Museo Miniscalchi']",Arena,strategy_nearest,False,0.0013189315795898438,success
0418934A9C4C81,0,['Arena'],Casa Giulietta,"['Centro Fotografia', 'Sighseeing', 'Torre Lamberti', 'Museo Conte', 'Museo Radio']",Castelvecchio,strategy_nearest,False,0.0026760101318359375,success
04187D3A9C4C81,3,"['Arena', 'San Fermo', 'Casa Giulietta']",Torre Lamberti,"['Sighseeing', 'Centro Fotografia', 'Museo Conte', 'Palazzo della Ragione', 'AMO']",Duomo,strategy_nearest,False,0.002593994140625,success
041898429C4C81,1,"['Arena', 'Casa Giulietta', 'Torre Lamberti']",Palazzo della Ragione,"['AMO', 'Museo Conte', 'Centro Fotografia', 'Sighseeing', 'Santa Anastasia']",Castelvecchio,strategy_nearest,False,0.0033500194549560547,success
0418A44A9C4C80,0,['Arena'],Museo Lapidario,"['Verona Tour', 'Castelvecchio', 'Museo Radio', 'San Fermo', 'Casa Giulietta']",Castelvecchio,strategy_nearest,True,0.0017859935760498047,success
0418A34A9C4C81,0,['Arena'],Casa Giulietta,"['Centro Fotografia', 'Sighseeing', 'Torre Lamberti', 'Museo Conte', 'Museo Radio']",Tomba Giulietta,strategy_nearest,False,0.002413034439086914,success
0418A74A9C4C81,0,['Castelvecchio'],Arena,"['Verona Tour', 'Museo Lapidario', 'Museo Radio', 'San Fermo', 'Casa Giulietta']",Casa Giulietta,strategy_nearest,True,0.002714872360229492,success
0418A5429C4C80,3,['Torre Lamberti'],Santa Anastasia,"['AMO', 'Museo Conte', 'Palazzo della Ragione', 'Teatro Romano', 'Centro Fotografia']",Duomo,strategy_nearest,False,0.0036110877990722656,success
0418AB3A9C4C81,3,"['Torre Lamberti', 'Santa Anastasia', 'Teatro Romano']",Duomo,"['AMO', 'Museo Miniscalchi', 'Palazzo della Ragione', 'Museo Conte', 'Centro Fotografia']",Casa Giulietta,strategy_nearest,False,0.0027141571044921875,success
0418AD4A9C4C81,2,['Casa Giulietta'],Palazzo della Ragione,"['AMO', 'Museo Conte', 'Torre Lamberti', 'Centro Fotografia', 'Sighseeing']",Duomo,strategy_nearest,False,0.003201007843017578,success
0418AE3A9C4C81,0,"['Casa Giulietta', 'Teatro Romano']",Duomo,"['AMO', 'Museo Miniscalchi', 'Santa Anastasia', 'Palazzo della Ragione', 'Museo Conte']",Castelvecchio,strategy_nearest,False,0.003437042236328125,success
0418B04A9C4C81,1,"['Arena', 'Tomba Giulietta']",Torre Lamberti,"['Sighseeing', 'Centro Fotografia', 'Museo Conte', 'Casa Giulietta', 'Palazzo della Ragione']",Palazzo della Ragione,strategy_nearest,True,0.0015230178833007812,success
0418B13A9C4C81,0,['Castelvecchio'],Arena,"['Verona Tour', 'Museo Lapidario', 'Museo Radio', 'San Fermo', 'Casa Giulietta']",Casa Giulietta,strategy_nearest,True,0.0028972625732421875,success
0418B23A9C4C81,0,"['Arena', 'Torre Lamberti']",Casa Giulietta,"['Centro Fotografia', 'Sighseeing', 'Museo Conte', 'Museo Radio', 'Palazzo della Ragione']",Tomba Giulietta,strategy_nearest,False,0.003476858139038086,success
0418CB429C4C81,1,"['Torre Lamberti', 'Castelvecchio', 'San Zeno']",Arena,"['Verona Tour', 'Museo Lapidario', 'Museo Radio', 'San Fermo', 'Casa Giulietta']",Teatro Romano,strategy_nearest,False,0.0025589466094970703,success
0418B24A9C4C81,3,"['Arena', 'Museo Lapidario']",Castelvecchio,"['Verona Tour', 'Museo Radio', 'San Zeno', 'Sighseeing', 'Museo Miniscalchi']",Casa Giulietta,strategy_nearest,False,0.0026531219482421875,success
0418BB4A9C4C81,3,"['Arena', 'Torre Lamberti']",Santa Anastasia,"['AMO', 'Museo Conte', 'Palazzo della Ragione', 'Teatro Romano', 'Centro Fotografia']",Casa Giulietta,strategy_nearest,False,0.004021167755126953,success
0418CA4A9C4C81,0,['Casa Giulietta'],Santa Anastasia,"['AMO', 'Museo Conte', 'Palazzo della Ragione', 'Teatro Romano', 'Centro Fotografia']",Arena,strategy_nearest,False,0.0027556419372558594,success
0418CF4A9C4C81,0,['Arena'],Casa Giulietta,"['Centro Fotografia', 'Sighseeing', 'Torre Lamberti', 'Museo Conte', 'Museo Radio']",Torre Lamberti,strategy_nearest,True,0.0020842552185058594,success
0418CF3A9C4C81,1,"['Arena', 'Tomba Giulietta', 'Castelvecchio']",San Zeno,"['Verona Tour', 'Museo Lapidario', 'Museo Miniscalchi', 'Sighseeing', 'Museo Radio']",Torre Lamberti,strategy_nearest,False,0.0027959346771240234,success
0418D14A9C4C81,0,['Arena'],Casa Giulietta,"['Centro Fotografia', 'Sighseeing', 'Torre Lamberti', 'Museo Conte', 'Museo Radio']",Santa Anastasia,strategy_nearest,False,0.0032501220703125,success
0418CC4A9C4C81,0,"['Arena', 'Torre Lamberti']",Teatro Romano,"['Santa Anastasia', 'Duomo', 'AMO', 'Palazzo della Ragione', 'Museo Conte']",Giardino Giusti,strategy_nearest,False,0.0014789104461669922,success
0419573A9C4C80,0,['Arena'],Duomo,"['AMO', 'Museo Miniscalchi', 'Santa Anastasia', 'Teatro Romano', 'Palazzo della Ragione']",Teatro Romano,strategy_nearest,True,0.0027871131896972656,success
0419593A9C4C80,3,"['Museo Lapidario', 'Castelvecchio', 'Casa Giulietta']",Torre Lamberti,"['Sighseeing', 'Centro Fotografia', 'Museo Conte', 'Palazzo della Ragione', 'AMO']",Arena,strategy_nearest,False,0.0020020008087158203,success
0418E3429C4C81,2,['Duomo'],Castelvecchio,"['Museo Lapidario', 'Verona Tour', 'Arena', 'Museo Radio', 'San Zeno']",San Zeno,strategy_nearest,True,0.0022339820861816406,success
0419494A9C4C81,0,['Arena'],Casa Giulietta,"['Centro Fotografia', 'Sighseeing', 'Torre Lamberti', 'Museo Conte', 'Museo Radio']",Torre Lamberti,strategy_nearest,True,0.004017353057861328,success
04196A429C4C81,0,['Arena'],Casa Giulietta,"['Centro Fotografia', 'Sighseeing', 'Torre Lamberti', 'Museo Conte', 'Museo Radio']",Santa Anastasia,strategy_nearest,False,0.0014307498931884766,success
0419693A9C4C81,0,['Casa Giulietta'],Torre Lamberti,"['Sighseeing', 'Centro Fotografia', 'Museo Conte', 'Palazzo della Ragione', 'AMO']",Arena,strategy_nearest,False,0.0021429061889648438,success
0419744A9C4C80,3,"['Arena', 'Castelvecchio']",San Zeno,"['Verona Tour', 'Museo Lapidario', 'Museo Miniscalchi', 'Sighseeing', 'Museo Radio']",Duomo,strategy_nearest,False,0.0026082992553710938,success
0419683A9C4C80,0,['Casa Giulietta'],Torre Lamberti,"['Sighseeing', 'Centro Fotografia', 'Museo Conte', 'Palazzo della Ragione', 'AMO']",Arena,strategy_nearest,False,0.003580808639526367,success
0419754A9C4C81,0,['Arena'],Casa Giulietta,"['Centro Fotografia', 'Sighseeing', 'Torre Lamberti', 'Museo Conte', 'Museo Radio']",Santa Anastasia,strategy_nearest,False,0.0027091503143310547,success
04197B4A9C4C80,3,"['Arena', 'San Fermo', 'Santa Anastasia']",Duomo,"['AMO', 'Museo Miniscalchi', 'Teatro Romano', 'Palazzo della Ragione', 'Museo Conte']",Torre Lamberti,strategy_nearest,False,0.001863241195678711,success
04197C3A9C4C81,1,"['Arena', 'Casa Giulietta']",Torre Lamberti,"['Sighseeing', 'Centro Fotografia', 'Museo Conte', 'Palazzo della Ragione', 'AMO']",Palazzo della Ragione,strategy_nearest,True,0.0024950504302978516,success
04197D4A9C4C80,3,"['Arena', 'Casa Giulietta']",Torre Lamberti,"['Sighseeing', 'Centro Fotografia', 'Museo Conte', 'Palazzo della Ragione', 'AMO']",Duomo,strategy_nearest,False,0.003158092498779297,success
0419854A9C4C80,0,"['Arena', 'Castelvecchio']",Torre Lamberti,"['Sighseeing', 'Centro Fotografia', 'Museo Conte', 'Casa Giulietta', 'Palazzo della Ragione']",Casa Giulietta,strategy_nearest,True,0.0027370452880859375,success
041980429C4C81,3,"['Museo Storia', 'San Fermo']",Santa Anastasia,"['AMO', 'Museo Conte', 'Palazzo della Ragione', 'Teatro Romano', 'Centro Fotografia']",Arena,strategy_nearest,False,0.003406047821044922,success
0419864A9C4C81,0,"['Arena', 'Castelvecchio']",Torre Lamberti,"['Sighseeing', 'Centro Fotografia', 'Museo Conte', 'Casa Giulietta', 'Palazzo della Ragione']",Casa Giulietta,strategy_nearest,True,0.003197193145751953,success
0419864A9C4C80,0,['Arena'],Casa Giulietta,"['Centro Fotografia', 'Sighseeing', 'Torre Lamberti', 'Museo Conte', 'Museo Radio']",Torre Lamberti,strategy_nearest,True,0.002067089080810547,success
041988429C4C81,3,['Arena'],Torre Lamberti,"['Sighseeing', 'Centro Fotografia', 'Museo Conte', 'Casa Giulietta', 'Palazzo della Ragione']",Santa Anastasia,strategy_nearest,False,0.002185344696044922,success
04198B4A9C4C80,0,['Arena'],Museo Lapidario,"['Verona Tour', 'Castelvecchio', 'Museo Radio', 'San Fermo', 'Casa Giulietta']",Castelvecchio,strategy_nearest,True,0.0014410018920898438,success
041988429C4C80,1,"['Arena', 'Casa Giulietta']",Tomba Giulietta,"['San Fermo', 'Museo Storia', 'Museo Lapidario', 'Museo Radio', 'Verona Tour']",Torre Lamberti,strategy_nearest,False,0.0034041404724121094,success
0419894A9C4C80,3,"['Arena', 'Santa Anastasia']",Duomo,"['AMO', 'Museo Miniscalchi', 'Teatro Romano', 'Palazzo della Ragione', 'Museo Conte']",Castelvecchio,strategy_nearest,False,0.0033140182495117188,success
04198C429C4C80,0,['Arena'],Casa Giulietta,"['Centro Fotografia', 'Sighseeing', 'Torre Lamberti', 'Museo Conte', 'Museo Radio']",Duomo,strategy_nearest,False,0.002721071243286133,success
0419994A9C4C81,3,"['Arena', 'Casa Giulietta']",Torre Lamberti,"['Sighseeing', 'Centro Fotografia', 'Museo Conte', 'Palazzo della Ragione', 'AMO']",Castelvecchio,strategy_nearest,False,0.002063274383544922,success
0419954A9C4C80,0,"['Teatro Romano', 'Casa Giulietta', 'Torre Lamberti']",Arena,"['Verona Tour', 'Museo Lapidario', 'Museo Radio', 'San Fermo', 'Sighseeing']",Tomba Giulietta,strategy_nearest,False,0.0032927989959716797,success
0419A0429C4C80,0,['Castelvecchio'],Casa Giulietta,"['Centro Fotografia', 'Sighseeing', 'Torre Lamberti', 'Museo Conte', 'Museo Radio']",Arena,strategy_nearest,False,0.0014119148254394531,success
0419A24A9C4C81,1,"['Teatro Romano', 'Santa Anastasia']",Arena,"['Verona Tour', 'Museo Lapidario', 'Museo Radio', 'San Fermo', 'Casa Giulietta']",Torre Lamberti,strategy_nearest,False,0.001651763916015625,success
0419A64A9C4C81,0,"['Castelvecchio', 'Arena']",Torre Lamberti,"['Sighseeing', 'Centro Fotografia', 'Museo Conte', 'Casa Giulietta', 'Palazzo della Ragione']",Casa Giulietta,strategy_nearest,True,0.0034601688385009766,success
0419A73A9C4C81,3,['Santa Anastasia'],Torre Lamberti,"['Sighseeing', 'Centro Fotografia', 'Museo Conte', 'Casa Giulietta', 'Palazzo della Ragione']",Casa Giulietta,strategy_nearest,True,0.002200603485107422,success
0419AE4A9C4C81,3,"['Arena', 'Museo Lapidario', 'Tomba Giulietta']",San Fermo,"['Museo Storia', 'Museo Radio', 'Casa Giulietta', 'Centro Fotografia', 'Sighseeing']",Casa Giulietta,strategy_nearest,True,0.0027861595153808594,success
0419B04A9C4C80,2,['Casa Giulietta'],Torre Lamberti,"['Sighseeing', 'Centro Fotografia', 'Museo Conte', 'Palazzo della Ragione', 'AMO']",Castelvecchio,strategy_nearest,False,0.003401041030883789,success
0419B24A9C4C81,1,"['Arena', 'Museo Lapidario', 'Castelvecchio', 'Torre Lamberti']",Palazzo della Ragione,"['AMO', 'Museo Conte', 'Centro Fotografia', 'Sighseeing', 'Santa Anastasia']",Casa Giulietta,strategy_nearest,False,0.0014679431915283203,success
0419B24A9C4C80,1,"['Arena', 'Torre Lamberti']",Palazzo della Ragione,"['AMO', 'Museo Conte', 'Centro Fotografia', 'Sighseeing', 'Santa Anastasia']",Casa Giulietta,strategy_nearest,False,0.0020971298217773438,success
0419B34A9C4C80,0,['Arena'],Casa Giulietta,"['Centro Fotografia', 'Sighseeing', 'Torre Lamberti', 'Museo Conte', 'Museo Radio']",Torre Lamberti,strategy_nearest,True,0.0033597946166992188,success
0419B53A9C4C81,3,"['Torre Lamberti', 'Casa Giulietta', 'Santa Anastasia']",Duomo,"['AMO', 'Museo Miniscalchi', 'Teatro Romano', 'Palazzo della Ragione', 'Museo Conte']",Teatro Romano,strategy_nearest,True,0.0032029151916503906,success
0419B43A9C4C80,0,['Arena'],Casa Giulietta,"['Centro Fotografia', 'Sighseeing', 'Torre Lamberti', 'Museo Conte', 'Museo Radio']",Teatro Romano,strategy_nearest,False,0.0020360946655273438,success
0419B34A9C4C81,0,['Arena'],Castelvecchio,"['Museo Lapidario', 'Verona Tour', 'Museo Radio', 'San Zeno', 'Sighseeing']",Casa Giulietta,strategy_nearest,False,0.0026559829711914062,success
0419B64A9C4C81,3,"['Arena', 'Casa Giulietta']",Torre Lamberti,"['Sighseeing', 'Centro Fotografia', 'Museo Conte', 'Palazzo della Ragione', 'AMO']",Santa Anastasia,strategy_nearest,False,0.003256082534790039,success
0419B93A9C4C81,1,"['Arena', 'Tomba Giulietta']",Palazzo della Ragione,"['AMO', 'Museo Conte', 'Torre Lamberti', 'Centro Fotografia', 'Sighseeing']",Torre Lamberti,strategy_nearest,True,0.002052783966064453,success
0419BA4A9C4C81,1,"['Arena', 'Museo Lapidario']",Casa Giulietta,"['Centro Fotografia', 'Sighseeing', 'Torre Lamberti', 'Museo Conte', 'Museo Radio']",Torre Lamberti,strategy_nearest,True,0.002723217010498047,success
0419BB429C4C80,3,"['Arena', 'Casa Giulietta', 'Torre Lamberti']",Duomo,"['AMO', 'Museo Miniscalchi', 'Santa Anastasia', 'Teatro Romano', 'Palazzo della Ragione']",Teatro Romano,strategy_nearest,True,0.003206968307495117,success
0419C23A9C4C80,3,"['Arena', 'Casa Giulietta']",Torre Lamberti,"['Sighseeing', 'Centro Fotografia', 'Museo Conte', 'Palazzo della Ragione', 'AMO']",Santa Anastasia,strategy_nearest,False,0.0027358531951904297,success
0419C1429C4C81,1,"['Casa Giulietta', 'Arena']",Palazzo della Ragione,"['AMO', 'Museo Conte', 'Torre Lamberti', 'Centro Fotografia', 'Sighseeing']",Duomo,strategy_nearest,False,0.003457784652709961,success
0419CA4A9C4C80,0,['Arena'],Casa Giulietta,"['Centro Fotografia', 'Sighseeing', 'Torre Lamberti', 'Museo Conte', 'Museo Radio']",Torre Lamberti,strategy_nearest,True,0.0019989013671875,success
0419C14A9C4C80,0,['Arena'],Duomo,"['AMO', 'Museo Miniscalchi', 'Santa Anastasia', 'Teatro Romano', 'Palazzo della Ragione']",Castelvecchio,strategy_nearest,False,0.00453495979309082,success
0419CE429C4C80,0,['Teatro Romano'],San Zeno,"['Castelvecchio', 'Verona Tour', 'Museo Lapidario', 'Arena', 'Museo Miniscalchi']",Arena,strategy_nearest,True,0.0015900135040283203,success
0419CE4A9C4C80,0,"['Arena', 'Casa Giulietta']",Santa Anastasia,"['AMO', 'Museo Conte', 'Palazzo della Ragione', 'Teatro Romano', 'Centro Fotografia']",Museo Lapidario,strategy_nearest,False,0.0033860206604003906,success
0419CE4A9C4C81,0,['Arena'],Casa Giulietta,"['Centro Fotografia', 'Sighseeing', 'Torre Lamberti', 'Museo Conte', 'Museo Radio']",Torre Lamberti,strategy_nearest,True,0.0027141571044921875,success
0419CD4A9C4C81,1,"['Casa Giulietta', 'Torre Lamberti']",Palazzo della Ragione,"['AMO', 'Museo Conte', 'Centro Fotografia', 'Sighseeing', 'Santa Anastasia']",Castelvecchio,strategy_nearest,False,0.0022530555725097656,success
0419DA429C4C81,3,['Teatro Romano'],Santa Anastasia,"['AMO', 'Museo Conte', 'Palazzo della Ragione', 'Centro Fotografia', 'Duomo']",Arena,strategy_nearest,False,0.002682209014892578,success
0419D73A9C4C81,0,['Castelvecchio'],Arena,"['Verona Tour', 'Museo Lapidario', 'Museo Radio', 'San Fermo', 'Casa Giulietta']",Casa Giulietta,strategy_nearest,True,0.002206087112426758,success
0419DA3A9C4C81,4,"['Castelvecchio', 'Arena', 'Torre Lamberti', 'San Fermo', 'Museo Storia']",Tomba Giulietta,"['Museo Lapidario', 'Museo Radio', 'Verona Tour', 'Casa Giulietta', 'Sighseeing']",Museo Radio,strategy_nearest,True,0.0013570785522460938,success
0419DB429C4C81,0,"['Arena', 'Castelvecchio']",Torre Lamberti,"['Sighseeing', 'Centro Fotografia', 'Museo Conte', 'Casa Giulietta', 'Palazzo della Ragione']",Casa Giulietta,strategy_nearest,True,0.0032281875610351562,success
0419DC429C4C81,3,"['Arena', 'Casa Giulietta']",Torre Lamberti,"['Sighseeing', 'Centro Fotografia', 'Museo Conte', 'Palazzo della Ragione', 'AMO']",Santa Anastasia,strategy_nearest,False,0.002198934555053711,success
041A534A9C4C80,0,['Arena'],Casa Giulietta,"['Centro Fotografia', 'Sighseeing', 'Torre Lamberti', 'Museo Conte', 'Museo Radio']",Torre Lamberti,strategy_nearest,True,0.0019800662994384766,success
041A433A9C4C81,0,['Arena'],Casa Giulietta,"['Centro Fotografia', 'Sighseeing', 'Torre Lamberti', 'Museo Conte', 'Museo Radio']",Castelvecchio,strategy_nearest,False,0.003322124481201172,success
0419E03A9C4C81,1,"['Casa Giulietta', 'Palazzo della Ragione', 'Torre Lamberti']",Santa Anastasia,"['AMO', 'Museo Conte', 'Teatro Romano', 'Centro Fotografia', 'Duomo']",Duomo,strategy_nearest,True,0.0034019947052001953,success
041A694A9C4C81,0,['Arena'],Museo Lapidario,"['Verona Tour', 'Castelvecchio', 'Museo Radio', 'San Fermo', 'Casa Giulietta']",Casa Giulietta,strategy_nearest,True,0.0028417110443115234,success
041A673A9C4C80,3,"['Casa Giulietta', 'Castelvecchio', 'Arena', 'Tomba Giulietta']",Museo Storia,"['San Fermo', 'Museo Radio', 'Centro Fotografia', 'Torre Lamberti', 'Sighseeing']",Teatro Romano,strategy_nearest,False,0.003468036651611328,success
041A6F3A9C4C80,2,['Palazzo della Ragione'],Castelvecchio,"['Museo Lapidario', 'Verona Tour', 'Arena', 'Museo Radio', 'San Zeno']",San Zeno,strategy_nearest,True,0.0020160675048828125,success
041A57429C4C80,3,"['Arena', 'Torre Lamberti']",Casa Giulietta,"['Centro Fotografia', 'Sighseeing', 'Museo Conte', 'Museo Radio', 'Palazzo della Ragione']",Santa Anastasia,strategy_nearest,False,0.002836942672729492,success
041A7D429C4C80,0,['Castelvecchio'],Arena,"['Verona Tour', 'Museo Lapidario', 'Museo Radio', 'San Fermo', 'Casa Giulietta']",Torre Lamberti,strategy_nearest,False,0.0032668113708496094,success
041A784A9C4C81,0,['Museo Lapidario'],Arena,"['Verona Tour', 'Museo Radio', 'San Fermo', 'Casa Giulietta', 'Sighseeing']",Teatro Romano,strategy_nearest,False,0.002331972122192383,success
041A70429C4C80,0,"['Casa Giulietta', 'Torre Lamberti']",Arena,"['Verona Tour', 'Museo Lapidario', 'Museo Radio', 'San Fermo', 'Sighseeing']",Duomo,strategy_nearest,False,0.002920866012573242,success
041A7D3A9C4C81,0,"['Casa Giulietta', 'Arena']",Museo Lapidario,"['Verona Tour', 'Castelvecchio', 'Museo Radio', 'San Fermo', 'Tomba Giulietta']",Castelvecchio,strategy_nearest,True,0.0016939640045166016,success
041A80429C4C81,2,['Museo Storia'],Casa Giulietta,"['Centro Fotografia', 'Sighseeing', 'Torre Lamberti', 'Museo Conte', 'Museo Radio']",Tomba Giulietta,strategy_nearest,False,0.0020411014556884766,success
041A7E3A9C4C80,3,"['Arena', 'Casa Giulietta', 'Torre Lamberti']",Santa Anastasia,"['AMO', 'Museo Conte', 'Palazzo della Ragione', 'Teatro Romano', 'Centro Fotografia']",Teatro Romano,strategy_nearest,True,0.002895832061767578,success
041A7F3A9C4C80,0,['Arena'],San Zeno,"['Castelvecchio', 'Verona Tour', 'Museo Lapidario', 'Museo Miniscalchi', 'Sighseeing']",Castelvecchio,strategy_nearest,True,0.003438234329223633,success
041A7E3A9C4C81,2,"['Casa Giulietta', 'Casa Giulietta']",Torre Lamberti,"['Sighseeing', 'Centro Fotografia', 'Museo Conte', 'Palazzo della Ragione', 'AMO']",Duomo,strategy_nearest,False,0.0016481876373291016,success
041A8B4A9C4C80,0,"['Tomba Giulietta', 'Arena']",Torre Lamberti,"['Sighseeing', 'Centro Fotografia', 'Museo Conte', 'Casa Giulietta', 'Palazzo della Ragione']",Casa Giulietta,strategy_nearest,True,0.0022699832916259766,success
041A974A9C4C80,1,"['Arena', 'Casa Giulietta', 'Palazzo della Ragione']",Torre Lamberti,"['Sighseeing', 'Centro Fotografia', 'Museo Conte', 'AMO', 'Museo Miniscalchi']",Santa Anastasia,strategy_nearest,False,0.001458883285522461,success
041A95429C4C81,0,"['Arena', 'Casa Giulietta']",Castelvecchio,"['Museo Lapidario', 'Verona Tour', 'Museo Radio', 'San Zeno', 'Sighseeing']",Teatro Romano,strategy_nearest,False,0.0034780502319335938,success
041A954A9C4C81,3,"['Arena', 'Castelvecchio']",Santa Anastasia,"['AMO', 'Museo Conte', 'Palazzo della Ragione', 'Teatro Romano', 'Centro Fotografia']",Duomo,strategy_nearest,False,0.0027971267700195312,success
041A9F429C4C80,0,['Casa Giulietta'],Torre Lamberti,"['Sighseeing', 'Centro Fotografia', 'Museo Conte', 'Palazzo della Ragione', 'AMO']",Arena,strategy_nearest,False,0.003337860107421875,success
041A9A429C4C81,2,['Santa Anastasia'],Duomo,"['AMO', 'Museo Miniscalchi', 'Teatro Romano', 'Palazzo della Ragione', 'Museo Conte']",Teatro Romano,strategy_nearest,True,0.0040018558502197266,success
041A9B4A9C4C81,0,['Arena'],Casa Giulietta,"['Centro Fotografia', 'Sighseeing', 'Torre Lamberti', 'Museo Conte', 'Museo Radio']",Torre Lamberti,strategy_nearest,True,0.001589059829711914,success
041AA63A9C4C80,3,['Arena'],San Fermo,"['Museo Storia', 'Museo Radio', 'Casa Giulietta', 'Centro Fotografia', 'Sighseeing']",Duomo,strategy_nearest,False,0.0019969940185546875,success
041AB04A9C4C80,0,['Arena'],Casa Giulietta,"['Centro Fotografia', 'Sighseeing', 'Torre Lamberti', 'Museo Conte', 'Museo Radio']",Torre Lamberti,strategy_nearest,True,0.0026900768280029297,success
041AAF4A9C4C81,0,['Arena'],Casa Giulietta,"['Centro Fotografia', 'Sighseeing', 'Torre Lamberti', 'Museo Conte', 'Museo Radio']",Torre Lamberti,strategy_nearest,True,0.0015721321105957031,success
041AB1429C4C81,3,"['Arena', 'Castelvecchio']",Duomo,"['AMO', 'Museo Miniscalchi', 'Santa Anastasia', 'Teatro Romano', 'Palazzo della Ragione']",Santa Anastasia,strategy_nearest,True,0.0032949447631835938,success
041AAE4A9C4C81,3,"['Arena', 'Torre Lamberti']",Casa Giulietta,"['Centro Fotografia', 'Sighseeing', 'Museo Conte', 'Museo Radio', 'Palazzo della Ragione']",Santa Anastasia,strategy_nearest,False,0.0022211074829101562,success
041AB33A9C4C81,2,"['Palazzo della Ragione', 'Santa Anastasia']",Castelvecchio,"['Museo Lapidario', 'Verona Tour', 'Arena', 'Museo Radio', 'San Zeno']",San Zeno,strategy_nearest,True,0.001997232437133789,success
041AB34A9C4C80,3,"['Castelvecchio', 'Museo Lapidario', 'Arena']",Teatro Romano,"['Santa Anastasia', 'Duomo', 'AMO', 'Palazzo della Ragione', 'Museo Conte']",Duomo,strategy_nearest,True,0.002779245376586914,success
041AB64A9C4C80,1,"['Castelvecchio', 'Arena']",Tomba Giulietta,"['San Fermo', 'Museo Storia', 'Museo Lapidario', 'Museo Radio', 'Verona Tour']",Casa Giulietta,strategy_nearest,False,0.0026400089263916016,success
041AB34A9C4C81,3,"['Arena', 'Torre Lamberti', 'Santa Anastasia']",Duomo,"['AMO', 'Museo Miniscalchi', 'Teatro Romano', 'Palazzo della Ragione', 'Museo Conte']",Teatro Romano,strategy_nearest,True,0.003348112106323242,success
041AC34A9C4C81,3,['Casa Giulietta'],Arena,"['Verona Tour', 'Museo Lapidario', 'Museo Radio', 'San Fermo', 'Sighseeing']",Santa Anastasia,strategy_nearest,False,0.0018837451934814453,success
041ABB4A9C4C80,1,"['Arena', 'Tomba Giulietta', 'Castelvecchio']",Palazzo della Ragione,"['AMO', 'Museo Conte', 'Torre Lamberti', 'Centro Fotografia', 'Sighseeing']",Teatro Romano,strategy_nearest,False,0.0031998157501220703,success
041AC04A9C4C80,1,['Arena'],Torre Lamberti,"['Sighseeing', 'Centro Fotografia', 'Museo Conte', 'Casa Giulietta', 'Palazzo della Ragione']",Palazzo della Ragione,strategy_nearest,True,0.003367900848388672,success
041AB9429C4C81,3,"['Arena', 'Museo Lapidario', 'Castelvecchio']",Casa Giulietta,"['Centro Fotografia', 'Sighseeing', 'Torre Lamberti', 'Museo Conte', 'Museo Radio']",Duomo,strategy_nearest,False,0.002471923828125,success
041ACD4A9C4C81,1,['Arena'],Torre Lamberti,"['Sighseeing', 'Centro Fotografia', 'Museo Conte', 'Casa Giulietta', 'Palazzo della Ragione']",Palazzo della Ragione,strategy_nearest,True,0.001394033432006836,success
041ACC4A9C4C80,0,['Arena'],Casa Giulietta,"['Centro Fotografia', 'Sighseeing', 'Torre Lamberti', 'Museo Conte', 'Museo Radio']",Torre Lamberti,strategy_nearest,True,0.003426074981689453,success
041ACC4A9C4C81,3,"['Arena', 'Torre Lamberti']",Casa Giulietta,"['Centro Fotografia', 'Sighseeing', 'Museo Conte', 'Museo Radio', 'Palazzo della Ragione']",Santa Anastasia,strategy_nearest,False,0.0039980411529541016,success
041ACD429C4C81,1,"['Arena', 'Castelvecchio']",Palazzo della Ragione,"['AMO', 'Museo Conte', 'Torre Lamberti', 'Centro Fotografia', 'Sighseeing']",Torre Lamberti,strategy_nearest,True,0.0021359920501708984,success
041ACF429C4C80,0,"['Teatro Romano', 'Casa Giulietta']",Arena,"['Verona Tour', 'Museo Lapidario', 'Museo Radio', 'San Fermo', 'Sighseeing']",Torre Lamberti,strategy_nearest,False,0.0026290416717529297,success
041AD03A9C4C80,3,"['San Fermo', 'Torre Lamberti', 'Santa Anastasia', 'Duomo']",Teatro Romano,"['AMO', 'Palazzo della Ragione', 'Museo Conte', 'Centro Fotografia', 'Museo Miniscalchi']",Arena,strategy_nearest,False,0.0019788742065429688,success
041ACF3A9C4C81,0,['Tomba Giulietta'],Teatro Romano,"['Santa Anastasia', 'Duomo', 'AMO', 'Palazzo della Ragione', 'Museo Conte']",Arena,strategy_nearest,False,0.0014500617980957031,success
041AD04A9C4C81,0,"['Arena', 'Casa Giulietta']",San Fermo,"['Museo Storia', 'Museo Radio', 'Centro Fotografia', 'Sighseeing', 'Torre Lamberti']",Teatro Romano,strategy_nearest,False,0.003368854522705078,success
041B433A9C4C81,3,"['Arena', 'Arena']",Torre Lamberti,"['Sighseeing', 'Centro Fotografia', 'Museo Conte', 'Casa Giulietta', 'Palazzo della Ragione']",Santa Anastasia,strategy_nearest,False,0.0026628971099853516,success
041B503A9C4C81,0,['Casa Giulietta'],Torre Lamberti,"['Sighseeing', 'Centro Fotografia', 'Museo Conte', 'Palazzo della Ragione', 'AMO']",Arena,strategy_nearest,False,0.0018491744995117188,success
041B534A9C4C80,0,"['Arena', 'Castelvecchio']",Casa Giulietta,"['Centro Fotografia', 'Sighseeing', 'Torre Lamberti', 'Museo Conte', 'Museo Radio']",Torre Lamberti,strategy_nearest,True,0.0025441646575927734,success
041B55429C4C80,1,"['Casa Giulietta', 'Palazzo della Ragione', 'Torre Lamberti', 'Arena']",Castelvecchio,"['Museo Lapidario', 'Verona Tour', 'Museo Radio', 'San Zeno', 'Sighseeing']",Teatro Romano,strategy_nearest,False,0.003125905990600586,success
041B5A3A9C4C80,2,['Casa Giulietta'],Teatro Romano,"['Santa Anastasia', 'Duomo', 'AMO', 'Palazzo della Ragione', 'Museo Conte']",Duomo,strategy_nearest,True,0.0035271644592285156,success
041B5B429C4C81,2,['Casa Giulietta'],Torre Lamberti,"['Sighseeing', 'Centro Fotografia', 'Museo Conte', 'Palazzo della Ragione', 'AMO']",Castelvecchio,strategy_nearest,False,0.0027382373809814453,success
041B613A9C4C81,1,['Palazzo della Ragione'],Torre Lamberti,"['Sighseeing', 'Centro Fotografia', 'Museo Conte', 'Casa Giulietta', 'AMO']",Casa Giulietta,strategy_nearest,True,0.0024251937866210938,success
041B72429C4C80,0,['Arena'],Casa Giulietta,"['Centro Fotografia', 'Sighseeing', 'Torre Lamberti', 'Museo Conte', 'Museo Radio']",Tomba Giulietta,strategy_nearest,False,0.003412961959838867,success
041B70429C4C80,0,['Arena'],San Fermo,"['Museo Storia', 'Museo Radio', 'Casa Giulietta', 'Centro Fotografia', 'Sighseeing']",Casa Giulietta,strategy_nearest,True,0.002669095993041992,success
041B6F3A9C4C81,3,"['Arena', 'Duomo']",Santa Anastasia,"['AMO', 'Museo Conte', 'Palazzo della Ragione', 'Teatro Romano', 'Centro Fotografia']",Casa Giulietta,strategy_nearest,False,0.0030698776245117188,success
041B76429C4C81,2,"['Torre Lamberti', 'Palazzo della Ragione']",Teatro Romano,"['Santa Anastasia', 'Duomo', 'AMO', 'Museo Conte', 'Centro Fotografia']",Duomo,strategy_nearest,True,0.003287076950073242,success
041B7E4A9C4C81,1,"['Castelvecchio', 'Arena']",Torre Lamberti,"['Sighseeing', 'Centro Fotografia', 'Museo Conte', 'Casa Giulietta', 'Palazzo della Ragione']",Palazzo della Ragione,strategy_nearest,True,0.002223968505859375,success
041B7C4A9C4C80,3,"['Arena', 'Casa Giulietta', 'Torre Lamberti']",Santa Anastasia,"['AMO', 'Museo Conte', 'Palazzo della Ragione', 'Teatro Romano', 'Centro Fotografia']",Castelvecchio,strategy_nearest,False,0.0034990310668945312,success
041B8A4A9C4C80,1,"['Torre Lamberti', 'Palazzo della Ragione']",Arena,"['Verona Tour', 'Museo Lapidario', 'Museo Radio', 'San Fermo', 'Casa Giulietta']",Santa Anastasia,strategy_nearest,False,0.002087116241455078,success
041B873A9C4C80,1,"['Arena', 'Casa Giulietta']",Torre Lamberti,"['Sighseeing', 'Centro Fotografia', 'Museo Conte', 'Palazzo della Ragione', 'AMO']",Palazzo della Ragione,strategy_nearest,True,0.0033249855041503906,success
041B934A9C4C80,0,"['Arena', 'Castelvecchio']",Duomo,"['AMO', 'Museo Miniscalchi', 'Santa Anastasia', 'Teatro Romano', 'Palazzo della Ragione']",Teatro Romano,strategy_nearest,True,0.0022258758544921875,success
041BA24A9C4C81,3,"['Arena', 'Casa Giulietta']",Torre Lamberti,"['Sighseeing', 'Centro Fotografia', 'Museo Conte', 'Palazzo della Ragione', 'AMO']",Duomo,strategy_nearest,False,0.0026350021362304688,success
041B94429C4C80,0,"['Castelvecchio', 'Duomo']",Torre Lamberti,"['Sighseeing', 'Centro Fotografia', 'Museo Conte', 'Casa Giulietta', 'Palazzo della Ragione']",Casa Giulietta,strategy_nearest,True,0.0034155845642089844,success
041B8B4A9C4C81,3,"['Arena', 'Casa Giulietta']",Torre Lamberti,"['Sighseeing', 'Centro Fotografia', 'Museo Conte', 'Palazzo della Ragione', 'AMO']",Santa Anastasia,strategy_nearest,False,0.001672983169555664,success
041BA63A9C4C81,3,"['Arena', 'Museo Lapidario']",Castelvecchio,"['Verona Tour', 'Museo Radio', 'San Zeno', 'Sighseeing', 'Museo Miniscalchi']",Casa Giulietta,strategy_nearest,False,0.0033478736877441406,success
041BA34A9C4C80,2,['Casa Giulietta'],Palazzo della Ragione,"['AMO', 'Museo Conte', 'Torre Lamberti', 'Centro Fotografia', 'Sighseeing']",Torre Lamberti,strategy_nearest,True,0.0033788681030273438,success
041BB54A9C4C80,1,"['Arena', 'Torre Lamberti']",Palazzo della Ragione,"['AMO', 'Museo Conte', 'Centro Fotografia', 'Sighseeing', 'Santa Anastasia']",Casa Giulietta,strategy_nearest,False,0.001383066177368164,success
041BA53A9C4C81,1,"['Castelvecchio', 'Arena', 'Tomba Giulietta']",San Fermo,"['Museo Storia', 'Museo Radio', 'Casa Giulietta', 'Centro Fotografia', 'Sighseeing']",Casa Giulietta,strategy_nearest,True,0.00220489501953125,success
041BB74A9C4C80,0,['Casa Giulietta'],Arena,"['Verona Tour', 'Museo Lapidario', 'Museo Radio', 'San Fermo', 'Sighseeing']",Torre Lamberti,strategy_nearest,False,0.0027201175689697266,success
041BB7429C4C81,1,"['Arena', 'Casa Giulietta']",Palazzo della Ragione,"['AMO', 'Museo Conte', 'Torre Lamberti', 'Centro Fotografia', 'Sighseeing']",Santa Anastasia,strategy_nearest,False,0.0021560192108154297,success
041BB8429C4C80,3,"['Arena', 'Torre Lamberti']",Santa Anastasia,"['AMO', 'Museo Conte', 'Palazzo della Ragione', 'Teatro Romano', 'Centro Fotografia']",Duomo,strategy_nearest,False,0.0013020038604736328,success
041BBABA7B3F80,0,['Museo Lapidario'],Castelvecchio,"['Verona Tour', 'Arena', 'Museo Radio', 'San Zeno', 'Sighseeing']",Arena,strategy_nearest,True,0.0031728744506835938,success
041BC2429C4C80,1,"['Arena', 'Torre Lamberti', 'Palazzo della Ragione']",Casa Giulietta,"['Centro Fotografia', 'Sighseeing', 'Museo Conte', 'Museo Radio', 'San Fermo']",Santa Anastasia,strategy_nearest,False,0.002054929733276367,success
041BBF4A9C4C80,3,"['Arena', 'Casa Giulietta']",Torre Lamberti,"['Sighseeing', 'Centro Fotografia', 'Museo Conte', 'Palazzo della Ragione', 'AMO']",Duomo,strategy_nearest,False,0.003339052200317383,success
041BC23A9C4C81,3,"['Casa Giulietta', 'Santa Anastasia']",Teatro Romano,"['Duomo', 'AMO', 'Palazzo della Ragione', 'Museo Conte', 'Centro Fotografia']",Torre Lamberti,strategy_nearest,False,0.0014948844909667969,success
041BC24A9C4C80,0,['Arena'],Casa Giulietta,"['Centro Fotografia', 'Sighseeing', 'Torre Lamberti', 'Museo Conte', 'Museo Radio']",Teatro Romano,strategy_nearest,False,0.003541707992553711,success
041BC24A9C4C81,2,['Castelvecchio'],Casa Giulietta,"['Centro Fotografia', 'Sighseeing', 'Torre Lamberti', 'Museo Conte', 'Museo Radio']",Teatro Romano,strategy_nearest,False,0.00183868408203125,success
041BC54A9C4C81,3,"['Castelvecchio', 'Arena']",Casa Giulietta,"['Centro Fotografia', 'Sighseeing', 'Torre Lamberti', 'Museo Conte', 'Museo Radio']",Torre Lamberti,strategy_nearest,True,0.002974987030029297,success
041BC74A9C4C81,2,['Tomba Giulietta'],Casa Giulietta,"['Centro Fotografia', 'Sighseeing', 'Torre Lamberti', 'Museo Conte', 'Museo Radio']",Torre Lamberti,strategy_nearest,True,0.0030121803283691406,success
041BC64A9C4C81,0,['Arena'],Torre Lamberti,"['Sighseeing', 'Centro Fotografia', 'Museo Conte', 'Casa Giulietta', 'Palazzo della Ragione']",Casa Giulietta,strategy_nearest,True,0.003480672836303711,success
041BC74A9C4C80,0,['Arena'],Teatro Romano,"['Santa Anastasia', 'Duomo', 'AMO', 'Palazzo della Ragione', 'Museo Conte']",San Fermo,strategy_nearest,False,0.0033178329467773438,success
041BCE3A9C4C80,2,"['Castelvecchio', 'Duomo']",Teatro Romano,"['Santa Anastasia', 'AMO', 'Palazzo della Ragione', 'Museo Conte', 'Centro Fotografia']",Torre Lamberti,strategy_nearest,False,0.0026030540466308594,success
041BCE4A9C4C80,1,['Castelvecchio'],Museo Lapidario,"['Verona Tour', 'Arena', 'Museo Radio', 'San Fermo', 'Casa Giulietta']",Palazzo della Ragione,strategy_nearest,False,0.0029790401458740234,success
041BCC4A9C4C80,0,"['Arena', 'Casa Giulietta']",Teatro Romano,"['Santa Anastasia', 'Duomo', 'AMO', 'Palazzo della Ragione', 'Museo Conte']",Teatro Romano,strategy_nearest,False,0.0020401477813720703,success
041BCB4A9C4C81,0,['Arena'],Torre Lamberti,"['Sighseeing', 'Centro Fotografia', 'Museo Conte', 'Casa Giulietta', 'Palazzo della Ragione']",Casa Giulietta,strategy_nearest,True,0.0025968551635742188,success
041BD03A9C4C80,2,"['San Zeno', 'Castelvecchio']",Tomba Giulietta,"['San Fermo', 'Museo Storia', 'Arena', 'Museo Lapidario', 'Museo Radio']",Casa Giulietta,strategy_nearest,False,0.002151012420654297,success
041BCF3A9C4C81,0,['Tomba Giulietta'],Teatro Romano,"['Santa Anastasia', 'Duomo', 'AMO', 'Palazzo della Ragione', 'Museo Conte']",Arena,strategy_nearest,False,0.002218008041381836,success
041BCF429C4C80,3,"['Torre Lamberti', 'Teatro Romano']",Santa Anastasia,"['AMO', 'Museo Conte', 'Palazzo della Ragione', 'Centro Fotografia', 'Duomo']",Casa Giulietta,strategy_nearest,False,0.0033419132232666016,success
041BD03A9C4C81,2,"['Castelvecchio', 'Torre Lamberti', 'Palazzo della Ragione', 'Santa Anastasia']",Museo Lapidario,"['Verona Tour', 'Arena', 'Museo Radio', 'San Fermo', 'Casa Giulietta']",Casa Giulietta,strategy_nearest,True,0.0025589466094970703,success
041BD04A9C4C80,1,"['Arena', 'Teatro Romano']",Duomo,"['AMO', 'Museo Miniscalchi', 'Santa Anastasia', 'Palazzo della Ragione', 'Museo Conte']",Torre Lamberti,strategy_nearest,False,0.0028510093688964844,success
041BDD3A9C4C81,3,"['Casa Giulietta', 'Torre Lamberti', 'Santa Anastasia']",Duomo,"['AMO', 'Museo Miniscalchi', 'Teatro Romano', 'Palazzo della Ragione', 'Museo Conte']",San Fermo,strategy_nearest,False,0.003361940383911133,success
041BD8429C4C80,2,"['Torre Lamberti', 'Casa Giulietta']",Duomo,"['AMO', 'Museo Miniscalchi', 'Santa Anastasia', 'Teatro Romano', 'Palazzo della Ragione']",Castelvecchio,strategy_nearest,False,0.0021920204162597656,success
041BD43A9C4C80,0,['Arena'],Casa Giulietta,"['Centro Fotografia', 'Sighseeing', 'Torre Lamberti', 'Museo Conte', 'Museo Radio']",Torre Lamberti,strategy_nearest,True,0.0016350746154785156,success
041C47429C4C81,0,"['Casa Giulietta', 'Arena']",Teatro Romano,"['Santa Anastasia', 'Duomo', 'AMO', 'Palazzo della Ragione', 'Museo Conte']",Torre Lamberti,strategy_nearest,False,0.0012462139129638672,success
041C484A9C4C81,3,"['Arena', 'Santa Anastasia']",Duomo,"['AMO', 'Museo Miniscalchi', 'Teatro Romano', 'Palazzo della Ragione', 'Museo Conte']",Torre Lamberti,strategy_nearest,False,0.002643108367919922,success
041BE63A9C4C80,0,['Arena'],Torre Lamberti,"['Sighseeing', 'Centro Fotografia', 'Museo Conte', 'Casa Giulietta', 'Palazzo della Ragione']",San Fermo,strategy_nearest,False,0.0034999847412109375,success
041C444A9C4C81,0,"['Tomba Giulietta', 'San Fermo']",Casa Giulietta,"['Centro Fotografia', 'Sighseeing', 'Torre Lamberti', 'Museo Conte', 'Museo Radio']",Arena,strategy_nearest,False,0.0022487640380859375,success
041C653A9C4C80,3,"['Castelvecchio', 'Arena']",Torre Lamberti,"['Sighseeing', 'Centro Fotografia', 'Museo Conte', 'Casa Giulietta', 'Palazzo della Ragione']",Santa Anastasia,strategy_nearest,False,0.0026569366455078125,success
041C4D3A9C4C81,2,['Casa Giulietta'],Santa Anastasia,"['AMO', 'Museo Conte', 'Palazzo della Ragione', 'Teatro Romano', 'Centro Fotografia']",Teatro Romano,strategy_nearest,True,0.0028400421142578125,success
041C5E3A9C4C81,1,"['Arena', 'Torre Lamberti']",Palazzo della Ragione,"['AMO', 'Museo Conte', 'Centro Fotografia', 'Sighseeing', 'Santa Anastasia']",Santa Anastasia,strategy_nearest,True,0.003980875015258789,success
041C653A9C4C81,1,"['Casa Giulietta', 'Arena']",Castelvecchio,"['Museo Lapidario', 'Verona Tour', 'Museo Radio', 'San Zeno', 'Sighseeing']",Palazzo della Ragione,strategy_nearest,False,0.002006053924560547,success
041C873A9C4C80,3,"['Arena', 'Casa Giulietta', 'Santa Anastasia']",Duomo,"['AMO', 'Museo Miniscalchi', 'Teatro Romano', 'Palazzo della Ragione', 'Museo Conte']",Teatro Romano,strategy_nearest,True,0.0013892650604248047,success
041C743A9C4C81,3,"['Arena', 'Casa Giulietta', 'Torre Lamberti']",Santa Anastasia,"['AMO', 'Museo Conte', 'Palazzo della Ragione', 'Teatro Romano', 'Centro Fotografia']",Duomo,strategy_nearest,False,0.0027837753295898438,success
041C7D4A9C4C80,3,['Santa Anastasia'],Duomo,"['AMO', 'Museo Miniscalchi', 'Teatro Romano', 'Palazzo della Ragione', 'Museo Conte']",Casa Giulietta,strategy_nearest,False,0.002146005630493164,success
041C7A4A9C4C80,2,['Duomo'],Teatro Romano,"['Santa Anastasia', 'AMO', 'Palazzo della Ragione', 'Museo Conte', 'Centro Fotografia']",San Fermo,strategy_nearest,False,0.0033812522888183594,success
041C924A9C4C81,1,"['Casa Giulietta', 'Palazzo della Ragione']",Torre Lamberti,"['Sighseeing', 'Centro Fotografia', 'Museo Conte', 'AMO', 'Museo Miniscalchi']",Arena,strategy_nearest,False,0.0027730464935302734,success
041C984A9C4C81,3,"['Arena', 'San Zeno', 'Casa Giulietta']",San Fermo,"['Museo Storia', 'Museo Radio', 'Centro Fotografia', 'Sighseeing', 'Torre Lamberti']",Santa Anastasia,strategy_nearest,False,0.002623319625854492,success
041C9A4A9C4C80,1,"['Arena', 'Casa Giulietta', 'Santa Anastasia']",Duomo,"['AMO', 'Museo Miniscalchi', 'Teatro Romano', 'Palazzo della Ragione', 'Museo Conte']",Torre Lamberti,strategy_nearest,False,0.001422882080078125,success
041C95429C4C80,0,['Casa Giulietta'],Arena,"['Verona Tour', 'Museo Lapidario', 'Museo Radio', 'San Fermo', 'Sighseeing']",San Zeno,strategy_nearest,False,0.003358125686645508,success
041C9D429C4C80,3,"['Arena', 'Torre Lamberti']",Santa Anastasia,"['AMO', 'Museo Conte', 'Palazzo della Ragione', 'Teatro Romano', 'Centro Fotografia']",Duomo,strategy_nearest,False,0.0013568401336669922,success
041CA1429C4C81,3,"['Casa Giulietta', 'Torre Lamberti']",Santa Anastasia,"['AMO', 'Museo Conte', 'Palazzo della Ragione', 'Teatro Romano', 'Centro Fotografia']",Duomo,strategy_nearest,False,0.003225088119506836,success
041C9E429C4C80,3,"['Casa Giulietta', 'Torre Lamberti']",Arena,"['Verona Tour', 'Museo Lapidario', 'Museo Radio', 'San Fermo', 'Sighseeing']",Castelvecchio,strategy_nearest,False,0.0027341842651367188,success
041C9C4A9C4C80,3,"['Arena', 'Torre Lamberti']",Santa Anastasia,"['AMO', 'Museo Conte', 'Palazzo della Ragione', 'Teatro Romano', 'Centro Fotografia']",San Zeno,strategy_nearest,False,0.0020270347595214844,success
041CA34A9C4C80,0,['Arena'],Casa Giulietta,"['Centro Fotografia', 'Sighseeing', 'Torre Lamberti', 'Museo Conte', 'Museo Radio']",Torre Lamberti,strategy_nearest,True,0.0011968612670898438,success
041CA2429C4C81,0,['Arena'],Casa Giulietta,"['Centro Fotografia', 'Sighseeing', 'Torre Lamberti', 'Museo Conte', 'Museo Radio']",Duomo,strategy_nearest,False,0.0030808448791503906,success
041CA53A9C4C81,0,['Castelvecchio'],Arena,"['Verona Tour', 'Museo Lapidario', 'Museo Radio', 'San Fermo', 'Casa Giulietta']",Casa Giulietta,strategy_nearest,True,0.0025582313537597656,success
041CAD3A9C4C81,0,['Casa Giulietta'],Arena,"['Verona Tour', 'Museo Lapidario', 'Museo Radio', 'San Fermo', 'Sighseeing']",Torre Lamberti,strategy_nearest,False,0.003036022186279297,success
041CB63A9C4C81,1,['Palazzo della Ragione'],Torre Lamberti,"['Sighseeing', 'Centro Fotografia', 'Museo Conte', 'Casa Giulietta', 'AMO']",Arena,strategy_nearest,False,0.003213167190551758,success
041CB2429C4C80,3,"['Arena', 'Museo Lapidario', 'San Zeno']",Castelvecchio,"['Verona Tour', 'Museo Radio', 'Sighseeing', 'Museo Miniscalchi', 'Torre Lamberti']",Duomo,strategy_nearest,False,0.00477910041809082,success
041CB74A9C4C80,1,"['Palazzo della Ragione', 'Torre Lamberti']",Arena,"['Verona Tour', 'Museo Lapidario', 'Museo Radio', 'San Fermo', 'Casa Giulietta']",Duomo,strategy_nearest,False,0.0014069080352783203,success
041CB54A9C4C80,0,['Casa Giulietta'],Castelvecchio,"['Museo Lapidario', 'Verona Tour', 'Arena', 'Museo Radio', 'San Zeno']",Arena,strategy_nearest,True,0.003511190414428711,success
041CB74A9C4C81,0,"['Arena', 'Casa Giulietta']",Teatro Romano,"['Santa Anastasia', 'Duomo', 'AMO', 'Palazzo della Ragione', 'Museo Conte']",Duomo,strategy_nearest,True,0.0028028488159179688,success
041CBA4A9C4C81,3,"['Arena', 'Torre Lamberti']",Casa Giulietta,"['Centro Fotografia', 'Sighseeing', 'Museo Conte', 'Museo Radio', 'Palazzo della Ragione']",Duomo,strategy_nearest,False,0.003226041793823242,success
041CBA429C4C81,3,['Arena'],Casa Giulietta,"['Centro Fotografia', 'Sighseeing', 'Torre Lamberti', 'Museo Conte', 'Museo Radio']",Duomo,strategy_nearest,False,0.0016021728515625,success
041CBA4A9C4C80,3,"['Arena', 'Casa Giulietta']",Teatro Romano,"['Santa Anastasia', 'Duomo', 'AMO', 'Palazzo della Ragione', 'Museo Conte']",Duomo,strategy_nearest,True,0.0020530223846435547,success
041CBC4A9C4C81,3,"['Arena', 'Casa Giulietta']",Teatro Romano,"['Santa Anastasia', 'Duomo', 'AMO', 'Palazzo della Ragione', 'Museo Conte']",Duomo,strategy_nearest,True,0.001626729965209961,success
041CC74A9C4C80,1,"['Arena', 'Casa Giulietta']",Torre Lamberti,"['Sighseeing', 'Centro Fotografia', 'Museo Conte', 'Palazzo della Ragione', 'AMO']",Palazzo della Ragione,strategy_nearest,True,0.0020492076873779297,success
041CBE4A9C4C80,2,"['Castelvecchio', 'Casa Giulietta']",Torre Lamberti,"['Sighseeing', 'Centro Fotografia', 'Museo Conte', 'Palazzo della Ragione', 'AMO']",Santa Anastasia,strategy_nearest,False,0.002782106399536133,success
041CC64A9C4C81,1,"['San Zeno', 'Arena']",Santa Anastasia,"['AMO', 'Museo Conte', 'Palazzo della Ragione', 'Teatro Romano', 'Centro Fotografia']",Duomo,strategy_nearest,False,0.0033299922943115234,success
041CC84A9C4C81,0,['Casa Giulietta'],Santa Anastasia,"['AMO', 'Museo Conte', 'Palazzo della Ragione', 'Teatro Romano', 'Centro Fotografia']",Arena,strategy_nearest,False,0.002858877182006836,success
041CCE3A9C4C81,0,"['Teatro Romano', 'Casa Giulietta']",Arena,"['Verona Tour', 'Museo Lapidario', 'Museo Radio', 'San Fermo', 'Sighseeing']",Castelvecchio,strategy_nearest,False,0.0034580230712890625,success
041CC74A9C4C81,0,['Arena'],Casa Giulietta,"['Centro Fotografia', 'Sighseeing', 'Torre Lamberti', 'Museo Conte', 'Museo Radio']",Torre Lamberti,strategy_nearest,True,0.0016870498657226562,success
041CD03A9C4C81,4,"['Palazzo della Ragione', 'Torre Lamberti', 'Casa Giulietta']",Arena,"['Verona Tour', 'Museo Lapidario', 'Museo Radio', 'San Fermo', 'Sighseeing']",Museo Lapidario,strategy_nearest,True,0.0021429061889648438,success
041CD2429C4C80,1,"['Arena', 'Castelvecchio']",Teatro Romano,"['Santa Anastasia', 'Duomo', 'AMO', 'Palazzo della Ragione', 'Museo Conte']",Palazzo della Ragione,strategy_nearest,True,0.002771139144897461,success
041CD5429C4C80,1,"['Arena', 'Santa Anastasia']",Casa Giulietta,"['Centro Fotografia', 'Sighseeing', 'Torre Lamberti', 'Museo Conte', 'Museo Radio']",Teatro Romano,strategy_nearest,False,0.003340005874633789,success
041CD1429C4C80,0,"['Arena', 'Casa Giulietta']",Museo Lapidario,"['Verona Tour', 'Castelvecchio', 'Museo Radio', 'San Fermo', 'Tomba Giulietta']",Tomba Giulietta,strategy_nearest,True,0.0016300678253173828,success
041CD9429C4C80,1,"['Arena', 'Casa Giulietta', 'Torre Lamberti']",Palazzo della Ragione,"['AMO', 'Museo Conte', 'Centro Fotografia', 'Sighseeing', 'Santa Anastasia']",Duomo,strategy_nearest,False,0.001987934112548828,success
041D78429C4C80,0,['Arena'],Museo Lapidario,"['Verona Tour', 'Castelvecchio', 'Museo Radio', 'San Fermo', 'Casa Giulietta']",Casa Giulietta,strategy_nearest,True,0.00150299072265625,success
041D4E3A9C4C81,0,['Arena'],Casa Giulietta,"['Centro Fotografia', 'Sighseeing', 'Torre Lamberti', 'Museo Conte', 'Museo Radio']",Castelvecchio,strategy_nearest,False,0.0033888816833496094,success
041D6A429C4C81,0,['Arena'],Museo Lapidario,"['Verona Tour', 'Castelvecchio', 'Museo Radio', 'San Fermo', 'Casa Giulietta']",Tomba Giulietta,strategy_nearest,False,0.0021753311157226562,success
041CE4429C4C80,0,['Torre Lamberti'],Teatro Romano,"['Santa Anastasia', 'Duomo', 'AMO', 'Palazzo della Ragione', 'Museo Conte']",Casa Giulietta,strategy_nearest,False,0.0028290748596191406,success
041D7E429C4C81,2,['Castelvecchio'],Torre Lamberti,"['Sighseeing', 'Centro Fotografia', 'Museo Conte', 'Casa Giulietta', 'Palazzo della Ragione']",Casa Giulietta,strategy_nearest,True,0.002012014389038086,success
041D7A4A9C4C80,3,"['Arena', 'Casa Giulietta', 'Torre Lamberti']",Santa Anastasia,"['AMO', 'Museo Conte', 'Palazzo della Ragione', 'Teatro Romano', 'Centro Fotografia']",Castelvecchio,strategy_nearest,False,0.003365755081176758,success
041D7E3A9C4C81,2,['Castelvecchio'],Torre Lamberti,"['Sighseeing', 'Centro Fotografia', 'Museo Conte', 'Casa Giulietta', 'Palazzo della Ragione']",Casa Giulietta,strategy_nearest,True,0.0015540122985839844,success
041D794A9C4C80,3,['Casa Giulietta'],Duomo,"['AMO', 'Museo Miniscalchi', 'Santa Anastasia', 'Teatro Romano', 'Palazzo della Ragione']",Santa Anastasia,strategy_nearest,True,0.002804994583129883,success
041D7E4A9C4C81,2,['Torre Lamberti'],Santa Anastasia,"['AMO', 'Museo Conte', 'Palazzo della Ragione', 'Teatro Romano', 'Centro Fotografia']",Duomo,strategy_nearest,False,0.0015628337860107422,success
041D8D429C4C81,0,['Casa Giulietta'],Arena,"['Verona Tour', 'Museo Lapidario', 'Museo Radio', 'San Fermo', 'Sighseeing']",San Zeno,strategy_nearest,False,0.0020411014556884766,success
041D8B429C4C80,3,['Arena'],Casa Giulietta,"['Centro Fotografia', 'Sighseeing', 'Torre Lamberti', 'Museo Conte', 'Museo Radio']",Santa Anastasia,strategy_nearest,False,0.002696990966796875,success
041D813A9C4C81,1,"['Arena', 'Museo Lapidario', 'Castelvecchio']",Palazzo della Ragione,"['AMO', 'Museo Conte', 'Torre Lamberti', 'Centro Fotografia', 'Sighseeing']",Torre Lamberti,strategy_nearest,True,0.0033457279205322266,success
041D904A9C4C81,2,['Museo Lapidario'],Castelvecchio,"['Verona Tour', 'Arena', 'Museo Radio', 'San Zeno', 'Sighseeing']",Santa Anastasia,strategy_nearest,False,0.002772808074951172,success
041D964A9C4C80,0,"['Arena', 'Museo Lapidario']",Tomba Giulietta,"['San Fermo', 'Museo Storia', 'Museo Radio', 'Verona Tour', 'Casa Giulietta']",Casa Giulietta,strategy_nearest,True,0.0031309127807617188,success
041D924A9C4C80,3,"['Arena', 'Casa Giulietta']",Torre Lamberti,"['Sighseeing', 'Centro Fotografia', 'Museo Conte', 'Palazzo della Ragione', 'AMO']",Santa Anastasia,strategy_nearest,False,0.0021309852600097656,success
041D8D4A9C4C81,2,"['Castelvecchio', 'Santa Anastasia', 'Duomo']",Casa Giulietta,"['Centro Fotografia', 'Sighseeing', 'Torre Lamberti', 'Museo Conte', 'Museo Radio']",Torre Lamberti,strategy_nearest,True,0.0014438629150390625,success
041D97429C4C81,1,"['Arena', 'Casa Giulietta', 'Duomo']",Torre Lamberti,"['Sighseeing', 'Centro Fotografia', 'Museo Conte', 'Palazzo della Ragione', 'AMO']",Palazzo della Ragione,strategy_nearest,True,0.0021162033081054688,success
041D964A9C4C81,3,"['Arena', 'Casa Giulietta']",Santa Anastasia,"['AMO', 'Museo Conte', 'Palazzo della Ragione', 'Teatro Romano', 'Centro Fotografia']",Teatro Romano,strategy_nearest,True,0.0013689994812011719,success
041D98429C4C81,0,['Castelvecchio'],Arena,"['Verona Tour', 'Museo Lapidario', 'Museo Radio', 'San Fermo', 'Casa Giulietta']",Casa Giulietta,strategy_nearest,True,0.0027420520782470703,success
041D99429C4C81,0,"['Arena', 'Casa Giulietta']",Teatro Romano,"['Santa Anastasia', 'Duomo', 'AMO', 'Palazzo della Ragione', 'Museo Conte']",Castelvecchio,strategy_nearest,False,0.00327301025390625,success
041D9A4A9C4C81,0,"['Arena', 'Casa Giulietta']",Torre Lamberti,"['Sighseeing', 'Centro Fotografia', 'Museo Conte', 'Palazzo della Ragione', 'AMO']",Duomo,strategy_nearest,False,0.0021660327911376953,success
041DA04A9C4C80,0,['Teatro Romano'],Arena,"['Verona Tour', 'Museo Lapidario', 'Museo Radio', 'San Fermo', 'Casa Giulietta']",Castelvecchio,strategy_nearest,False,0.0019788742065429688,success
041D9D4A9C4C81,0,['Teatro Romano'],Torre Lamberti,"['Sighseeing', 'Centro Fotografia', 'Museo Conte', 'Casa Giulietta', 'Palazzo della Ragione']",Casa Giulietta,strategy_nearest,True,0.0033178329467773438,success
041D9E429C4C80,0,['Casa Giulietta'],Torre Lamberti,"['Sighseeing', 'Centro Fotografia', 'Museo Conte', 'Palazzo della Ragione', 'AMO']",Castelvecchio,strategy_nearest,False,0.003186941146850586,success
041DA2429C4C81,3,['Arena'],San Zeno,"['Castelvecchio', 'Verona Tour', 'Museo Lapidario', 'Museo Miniscalchi', 'Sighseeing']",Santa Anastasia,strategy_nearest,False,0.0027840137481689453,success
041DA44A9C4C80,1,"['Arena', 'Torre Lamberti']",Palazzo della Ragione,"['AMO', 'Museo Conte', 'Centro Fotografia', 'Sighseeing', 'Santa Anastasia']",Casa Giulietta,strategy_nearest,False,0.002170085906982422,success
041DA73A9C4C80,3,"['Arena', 'San Fermo']",Casa Giulietta,"['Centro Fotografia', 'Sighseeing', 'Torre Lamberti', 'Museo Conte', 'Museo Radio']",Torre Lamberti,strategy_nearest,True,0.003239154815673828,success
041DA53A9C4C81,0,['Arena'],Castelvecchio,"['Museo Lapidario', 'Verona Tour', 'Museo Radio', 'San Zeno', 'Sighseeing']",Torre Lamberti,strategy_nearest,False,0.0015044212341308594,success
041DAA3A9C4C81,1,"['Santa Anastasia', 'Duomo', 'Palazzo della Ragione']",Torre Lamberti,"['Sighseeing', 'Centro Fotografia', 'Museo Conte', 'Casa Giulietta', 'AMO']",Casa Giulietta,strategy_nearest,True,0.0021309852600097656,success
041DAF429C4C81,2,['Castelvecchio'],San Zeno,"['Verona Tour', 'Museo Lapidario', 'Arena', 'Museo Miniscalchi', 'Sighseeing']",Santa Anastasia,strategy_nearest,False,0.0026061534881591797,success
041DB44A9C4C80,3,['Arena'],Torre Lamberti,"['Sighseeing', 'Centro Fotografia', 'Museo Conte', 'Casa Giulietta', 'Palazzo della Ragione']",Duomo,strategy_nearest,False,0.003201007843017578,success
041DA74A9C4C80,0,['Castelvecchio'],Arena,"['Verona Tour', 'Museo Lapidario', 'Museo Radio', 'San Fermo', 'Casa Giulietta']",Casa Giulietta,strategy_nearest,True,0.0015969276428222656,success
041DB83A9C4C81,1,"['Torre Lamberti', 'Palazzo della Ragione', 'Santa Anastasia']",Duomo,"['AMO', 'Museo Miniscalchi', 'Teatro Romano', 'Museo Conte', 'Centro Fotografia']",Arena,strategy_nearest,False,0.002404928207397461,success
041DB84A9C4C80,3,['Arena'],Casa Giulietta,"['Centro Fotografia', 'Sighseeing', 'Torre Lamberti', 'Museo Conte', 'Museo Radio']",Santa Anastasia,strategy_nearest,False,0.0017838478088378906,success
041DBA3A9C4C81,0,"['Giardino Giusti', 'Arena']",Casa Giulietta,"['Centro Fotografia', 'Sighseeing', 'Torre Lamberti', 'Museo Conte', 'Museo Radio']",Torre Lamberti,strategy_nearest,True,0.003445148468017578,success
041DBA4A9C4C80,0,['Arena'],Casa Giulietta,"['Centro Fotografia', 'Sighseeing', 'Torre Lamberti', 'Museo Conte', 'Museo Radio']",Teatro Romano,strategy_nearest,False,0.0027310848236083984,success
041DC1429C4C81,1,"['Arena', 'Casa Giulietta']",Teatro Romano,"['Santa Anastasia', 'Duomo', 'AMO', 'Palazzo della Ragione', 'Museo Conte']",Torre Lamberti,strategy_nearest,False,0.002177000045776367,success
041DC44A9C4C81,3,"['Arena', 'Museo Lapidario']",Castelvecchio,"['Verona Tour', 'Museo Radio', 'San Zeno', 'Sighseeing', 'Museo Miniscalchi']",Casa Giulietta,strategy_nearest,False,0.0015559196472167969,success
041DC53A9C4C80,0,"['Arena', 'Castelvecchio']",Duomo,"['AMO', 'Museo Miniscalchi', 'Santa Anastasia', 'Teatro Romano', 'Palazzo della Ragione']",Teatro Romano,strategy_nearest,True,0.002593994140625,success
041DBF4A9C4C80,3,"['Arena', 'Castelvecchio']",San Fermo,"['Museo Storia', 'Museo Radio', 'Casa Giulietta', 'Centro Fotografia', 'Sighseeing']",Torre Lamberti,strategy_nearest,False,0.004010915756225586,success
041DC74A9C4C81,1,"['Castelvecchio', 'Arena', 'Casa Giulietta']",Palazzo della Ragione,"['AMO', 'Museo Conte', 'Torre Lamberti', 'Centro Fotografia', 'Sighseeing']",Torre Lamberti,strategy_nearest,True,0.002151966094970703,success
041DCC4A9C4C80,0,['Arena'],Casa Giulietta,"['Centro Fotografia', 'Sighseeing', 'Torre Lamberti', 'Museo Conte', 'Museo Radio']",Torre Lamberti,strategy_nearest,True,0.002574920654296875,success
041DC73A9C4C81,1,"['Arena', 'Casa Giulietta']",Torre Lamberti,"['Sighseeing', 'Centro Fotografia', 'Museo Conte', 'Palazzo della Ragione', 'AMO']",Palazzo della Ragione,strategy_nearest,True,0.003481149673461914,success
041DC84A9C4C80,0,['Arena'],Torre Lamberti,"['Sighseeing', 'Centro Fotografia', 'Museo Conte', 'Casa Giulietta', 'Palazzo della Ragione']",Teatro Romano,strategy_nearest,False,0.0014472007751464844,success
041DD23A9C4C81,0,['Arena'],Castelvecchio,"['Museo Lapidario', 'Verona Tour', 'Museo Radio', 'San Zeno', 'Sighseeing']",Casa Giulietta,strategy_nearest,False,0.0020999908447265625,success
041DD14A9C4C81,3,['Arena'],Casa Giulietta,"['Centro Fotografia', 'Sighseeing', 'Torre Lamberti', 'Museo Conte', 'Museo Radio']",Torre Lamberti,strategy_nearest,True,0.0033240318298339844,success
041DCD4A9C4C80,3,['Arena'],Torre Lamberti,"['Sighseeing', 'Centro Fotografia', 'Museo Conte', 'Casa Giulietta', 'Palazzo della Ragione']",Casa Giulietta,strategy_nearest,True,0.00237274169921875,success
041DD33A9C4C80,0,['Arena'],Castelvecchio,"['Museo Lapidario', 'Verona Tour', 'Museo Radio', 'San Zeno', 'Sighseeing']",Casa Giulietta,strategy_nearest,False,0.0026879310607910156,success
041DD73A9C4C81,0,['Arena'],Casa Giulietta,"['Centro Fotografia', 'Sighseeing', 'Torre Lamberti', 'Museo Conte', 'Museo Radio']",San Zeno,strategy_nearest,False,0.0016040802001953125,success
041DDE429C4C81,0,"['Arena', 'San Zeno']",Casa Giulietta,"['Centro Fotografia', 'Sighseeing', 'Torre Lamberti', 'Museo Conte', 'Museo Radio']",Torre Lamberti,strategy_nearest,True,0.002057790756225586,success
041DDF429C4C80,1,"['Arena', 'San Fermo', 'Museo Storia', 'Palazzo della Ragione']",Torre Lamberti,"['Sighseeing', 'Centro Fotografia', 'Museo Conte', 'Casa Giulietta', 'AMO']",Castelvecchio,strategy_nearest,False,0.003233194351196289,success
041DD93A9C4C81,0,"['Casa Giulietta', 'Teatro Romano']",Castelvecchio,"['Museo Lapidario', 'Verona Tour', 'Arena', 'Museo Radio', 'San Zeno']",Arena,strategy_nearest,True,0.0028018951416015625,success
041E523A9C4C80,1,"['Castelvecchio', 'Arena']",Casa Giulietta,"['Centro Fotografia', 'Sighseeing', 'Torre Lamberti', 'Museo Conte', 'Museo Radio']",Palazzo della Ragione,strategy_nearest,False,0.002176046371459961,success
041E553A9C4C80,3,"['Santa Anastasia', 'Torre Lamberti']",Casa Giulietta,"['Centro Fotografia', 'Sighseeing', 'Museo Conte', 'Museo Radio', 'Palazzo della Ragione']",Arena,strategy_nearest,False,0.001379251480102539,success
041DE0429C4C81,3,"['Casa Giulietta', 'Teatro Romano', 'Duomo']",Santa Anastasia,"['AMO', 'Museo Conte', 'Palazzo della Ragione', 'Centro Fotografia', 'Torre Lamberti']",Arena,strategy_nearest,False,0.0028159618377685547,success
041E523A9C4C81,0,['Casa Giulietta'],Torre Lamberti,"['Sighseeing', 'Centro Fotografia', 'Museo Conte', 'Palazzo della Ragione', 'AMO']",Arena,strategy_nearest,False,0.003404855728149414,success
041E77429C4C80,3,['Arena'],Santa Anastasia,"['AMO', 'Museo Conte', 'Palazzo della Ragione', 'Teatro Romano', 'Centro Fotografia']",Casa Giulietta,strategy_nearest,False,0.0021712779998779297,success
041E7D3A9C4C81,3,"['Santa Anastasia', 'Duomo']",Torre Lamberti,"['Sighseeing', 'Centro Fotografia', 'Museo Conte', 'Casa Giulietta', 'Palazzo della Ragione']",Casa Giulietta,strategy_nearest,True,0.0027229785919189453,success
041E613A9C4C81,3,"['Arena', 'Santa Anastasia']",San Zeno,"['Castelvecchio', 'Verona Tour', 'Museo Lapidario', 'Museo Miniscalchi', 'Sighseeing']",Tomba Giulietta,strategy_nearest,False,0.0022220611572265625,success
041E6F3A9C4C81,3,"['Castelvecchio', 'Casa Giulietta', 'San Zeno']",Torre Lamberti,"['Sighseeing', 'Centro Fotografia', 'Museo Conte', 'Palazzo della Ragione', 'AMO']",Santa Anastasia,strategy_nearest,False,0.003432035446166992,success
041E994A9C4C81,0,['Arena'],Casa Giulietta,"['Centro Fotografia', 'Sighseeing', 'Torre Lamberti', 'Museo Conte', 'Museo Radio']",Santa Anastasia,strategy_nearest,False,0.0031991004943847656,success
041E9A429C4C80,0,['Arena'],Casa Giulietta,"['Centro Fotografia', 'Sighseeing', 'Torre Lamberti', 'Museo Conte', 'Museo Radio']",Santa Anastasia,strategy_nearest,False,0.0025527477264404297,success
041E90429C4C80,0,['Arena'],Casa Giulietta,"['Centro Fotografia', 'Sighseeing', 'Torre Lamberti', 'Museo Conte', 'Museo Radio']",Torre Lamberti,strategy_nearest,True,0.0032880306243896484,success
041E984A9C4C80,0,['Arena'],Torre Lamberti,"['Sighseeing', 'Centro Fotografia', 'Museo Conte', 'Casa Giulietta', 'Palazzo della Ragione']",Duomo,strategy_nearest,False,0.0014870166778564453,success
041E9B429C4C81,0,['Casa Giulietta'],Arena,"['Verona Tour', 'Museo Lapidario', 'Museo Radio', 'San Fermo', 'Sighseeing']",Castelvecchio,strategy_nearest,False,0.0014410018920898438,success
041E9D4A9C4C80,3,['Torre Lamberti'],Santa Anastasia,"['AMO', 'Museo Conte', 'Palazzo della Ragione', 'Teatro Romano', 'Centro Fotografia']",Castelvecchio,strategy_nearest,False,0.0026671886444091797,success
041E9A4A9C4C80,3,"['Tomba Giulietta', 'Arena', 'Castelvecchio']",Duomo,"['AMO', 'Museo Miniscalchi', 'Santa Anastasia', 'Teatro Romano', 'Palazzo della Ragione']",Santa Anastasia,strategy_nearest,True,0.002201080322265625,success
041E9A4A9C4C81,1,"['Arena', 'Casa Giulietta']",Palazzo della Ragione,"['AMO', 'Museo Conte', 'Torre Lamberti', 'Centro Fotografia', 'Sighseeing']",Duomo,strategy_nearest,False,0.003457784652709961,success
041EAE3A9C4C81,0,['Arena'],San Fermo,"['Museo Storia', 'Museo Radio', 'Casa Giulietta', 'Centro Fotografia', 'Sighseeing']",Casa Giulietta,strategy_nearest,True,0.0026280879974365234,success
041E9F429C4C81,1,"['Castelvecchio', 'Arena', 'Palazzo della Ragione']",Torre Lamberti,"['Sighseeing', 'Centro Fotografia', 'Museo Conte', 'Casa Giulietta', 'AMO']",Santa Anastasia,strategy_nearest,False,0.002209901809692383,success
041EA34A9C4C80,1,"['Arena', 'Casa Giulietta']",Palazzo della Ragione,"['AMO', 'Museo Conte', 'Torre Lamberti', 'Centro Fotografia', 'Sighseeing']",Torre Lamberti,strategy_nearest,True,0.002058267593383789,success
041EA1429C4C81,3,"['Arena', 'Casa Giulietta']",Torre Lamberti,"['Sighseeing', 'Centro Fotografia', 'Museo Conte', 'Palazzo della Ragione', 'AMO']",Santa Anastasia,strategy_nearest,False,0.0040209293365478516,success
041EB24A9C4C80,2,['San Fermo'],Torre Lamberti,"['Sighseeing', 'Centro Fotografia', 'Museo Conte', 'Casa Giulietta', 'Palazzo della Ragione']",Teatro Romano,strategy_nearest,False,0.0021429061889648438,success
041EB14A9C4C81,0,['Arena'],San Fermo,"['Museo Storia', 'Museo Radio', 'Casa Giulietta', 'Centro Fotografia', 'Sighseeing']",Torre Lamberti,strategy_nearest,False,0.0016062259674072266,success
041EB04A9C4C81,1,"['Arena', 'Castelvecchio']",San Fermo,"['Museo Storia', 'Museo Radio', 'Casa Giulietta', 'Centro Fotografia', 'Sighseeing']",Torre Lamberti,strategy_nearest,False,0.002880096435546875,success
041EB44A9C4C81,0,['Arena'],Santa Anastasia,"['AMO', 'Museo Conte', 'Palazzo della Ragione', 'Teatro Romano', 'Centro Fotografia']",Casa Giulietta,strategy_nearest,False,0.003258943557739258,success
041EBB3A9C4C80,0,['Arena'],Casa Giulietta,"['Centro Fotografia', 'Sighseeing', 'Torre Lamberti', 'Museo Conte', 'Museo Radio']",Torre Lamberti,strategy_nearest,True,0.0021338462829589844,success
041EBC3A9C4C80,3,"['Arena', 'Duomo']",Santa Anastasia,"['AMO', 'Museo Conte', 'Palazzo della Ragione', 'Teatro Romano', 'Centro Fotografia']",Casa Giulietta,strategy_nearest,False,0.0014300346374511719,success
041EB94A9C4C80,3,"['Teatro Romano', 'Duomo']",Santa Anastasia,"['AMO', 'Museo Conte', 'Palazzo della Ragione', 'Centro Fotografia', 'Torre Lamberti']",Torre Lamberti,strategy_nearest,True,0.0039479732513427734,success
041EB5429C4C80,2,"['Castelvecchio', 'Museo Lapidario', 'San Zeno']",Duomo,"['AMO', 'Museo Miniscalchi', 'Santa Anastasia', 'Teatro Romano', 'Palazzo della Ragione']",Santa Anastasia,strategy_nearest,True,0.0033838748931884766,success
041EBC4A9C4C80,3,['Arena'],Castelvecchio,"['Museo Lapidario', 'Verona Tour', 'Museo Radio', 'San Zeno', 'Sighseeing']",Santa Anastasia,strategy_nearest,False,0.0016219615936279297,success
041EC13A9C4C80,0,['Castelvecchio'],Torre Lamberti,"['Sighseeing', 'Centro Fotografia', 'Museo Conte', 'Casa Giulietta', 'Palazzo della Ragione']",Casa Giulietta,strategy_nearest,True,0.0033540725708007812,success
041EC04A9C4C81,0,"['Arena', 'Torre Lamberti']",Casa Giulietta,"['Centro Fotografia', 'Sighseeing', 'Museo Conte', 'Museo Radio', 'Palazzo della Ragione']",Castelvecchio,strategy_nearest,False,0.0027840137481689453,success
041EC14A9C4C80,0,"['Arena', 'San Fermo']",Teatro Romano,"['Santa Anastasia', 'Duomo', 'AMO', 'Palazzo della Ragione', 'Museo Conte']",Castelvecchio,strategy_nearest,False,0.0021381378173828125,success
041EC3429C4C80,0,['Arena'],Castelvecchio,"['Museo Lapidario', 'Verona Tour', 'Museo Radio', 'San Zeno', 'Sighseeing']",Torre Lamberti,strategy_nearest,False,0.0016179084777832031,success
041EC64A9C4C80,3,"['Arena', 'Castelvecchio']",Torre Lamberti,"['Sighseeing', 'Centro Fotografia', 'Museo Conte', 'Casa Giulietta', 'Palazzo della Ragione']",Casa Giulietta,strategy_nearest,True,0.0027768611907958984,success
041EC74A9C4C80,0,['Arena'],Castelvecchio,"['Museo Lapidario', 'Verona Tour', 'Museo Radio', 'San Zeno', 'Sighseeing']",Casa Giulietta,strategy_nearest,False,0.0032529830932617188,success
041EC64A9C4C81,2,['Castelvecchio'],San Zeno,"['Verona Tour', 'Museo Lapidario', 'Arena', 'Museo Miniscalchi', 'Sighseeing']",Casa Giulietta,strategy_nearest,False,0.0021779537200927734,success
041ECE3A9C4C80,0,['Arena'],Casa Giulietta,"['Centro Fotografia', 'Sighseeing', 'Torre Lamberti', 'Museo Conte', 'Museo Radio']",Duomo,strategy_nearest,False,0.0014200210571289062,success
041EC84A9C4C81,3,"['Castelvecchio', 'Arena']",Casa Giulietta,"['Centro Fotografia', 'Sighseeing', 'Torre Lamberti', 'Museo Conte', 'Museo Radio']",Torre Lamberti,strategy_nearest,True,0.002644062042236328,success
041EC74A9C4C81,1,"['Arena', 'Palazzo della Ragione']",Torre Lamberti,"['Sighseeing', 'Centro Fotografia', 'Museo Conte', 'Casa Giulietta', 'AMO']",Casa Giulietta,strategy_nearest,True,0.003549337387084961,success
041ECE3A9C4C81,0,['Arena'],Castelvecchio,"['Museo Lapidario', 'Verona Tour', 'Museo Radio', 'San Zeno', 'Sighseeing']",San Fermo,strategy_nearest,False,0.0033757686614990234,success
041ECF4A9C4C81,3,"['Arena', 'Casa Giulietta']",Torre Lamberti,"['Sighseeing', 'Centro Fotografia', 'Museo Conte', 'Palazzo della Ragione', 'AMO']",Santa Anastasia,strategy_nearest,False,0.0017249584197998047,success
041ED14A9C4C81,1,"['Arena', 'Casa Giulietta']",Palazzo della Ragione,"['AMO', 'Museo Conte', 'Torre Lamberti', 'Centro Fotografia', 'Sighseeing']",Torre Lamberti,strategy_nearest,True,0.0025739669799804688,success
041ED14A9C4C80,0,['Arena'],Casa Giulietta,"['Centro Fotografia', 'Sighseeing', 'Torre Lamberti', 'Museo Conte', 'Museo Radio']",Castelvecchio,strategy_nearest,False,0.0020117759704589844,success
041ECF3A9C4C81,0,['Tomba Giulietta'],Teatro Romano,"['Santa Anastasia', 'Duomo', 'AMO', 'Palazzo della Ragione', 'Museo Conte']",Arena,strategy_nearest,False,0.0047550201416015625,success
041ED3429C4C80,0,['Arena'],Castelvecchio,"['Museo Lapidario', 'Verona Tour', 'Museo Radio', 'San Zeno', 'Sighseeing']",Torre Lamberti,strategy_nearest,False,0.002094745635986328,success
041ED4429C4C81,1,"['Arena', 'Casa Giulietta', 'Torre Lamberti', 'Palazzo della Ragione']",Santa Anastasia,"['AMO', 'Museo Conte', 'Teatro Romano', 'Centro Fotografia', 'Duomo']",Duomo,strategy_nearest,True,0.0027141571044921875,success
041EDA3A9C4C80,0,"['Arena', 'Castelvecchio']",Casa Giulietta,"['Centro Fotografia', 'Sighseeing', 'Torre Lamberti', 'Museo Conte', 'Museo Radio']",Duomo,strategy_nearest,False,0.003943920135498047,success
041EDD429C4C80,1,"['San Zeno', 'Duomo', 'Casa Giulietta']",Palazzo della Ragione,"['AMO', 'Museo Conte', 'Torre Lamberti', 'Centro Fotografia', 'Sighseeing']",Torre Lamberti,strategy_nearest,True,0.0026788711547851562,success
041F514A9C4C81,0,['Arena'],Casa Giulietta,"['Centro Fotografia', 'Sighseeing', 'Torre Lamberti', 'Museo Conte', 'Museo Radio']",Teatro Romano,strategy_nearest,False,0.0026488304138183594,success
041F513A9C4C81,0,['Arena'],Casa Giulietta,"['Centro Fotografia', 'Sighseeing', 'Torre Lamberti', 'Museo Conte', 'Museo Radio']",Castelvecchio,strategy_nearest,False,0.0027861595153808594,success
041F553A9C4C80,3,"['Castelvecchio', 'Arena', 'Casa Giulietta']",Torre Lamberti,"['Sighseeing', 'Centro Fotografia', 'Museo Conte', 'Palazzo della Ragione', 'AMO']",Santa Anastasia,strategy_nearest,False,0.0032341480255126953,success
041F4F3A9C4C81,3,"['Arena', 'Castelvecchio', 'Teatro Romano']",Giardino Giusti,"['Santa Anastasia', 'Museo Conte', 'Centro Fotografia', 'Museo Storia', 'AMO']",Casa Giulietta,strategy_nearest,False,0.0027191638946533203,success
041F8B3A9C4C81,2,"['Palazzo della Ragione', 'Torre Lamberti']",Casa Giulietta,"['Centro Fotografia', 'Sighseeing', 'Museo Conte', 'Museo Radio', 'San Fermo']",Duomo,strategy_nearest,False,0.0026319026947021484,success
041F653A9C4C81,0,['Arena'],Santa Anastasia,"['AMO', 'Museo Conte', 'Palazzo della Ragione', 'Teatro Romano', 'Centro Fotografia']",Castelvecchio,strategy_nearest,False,0.0022170543670654297,success
041F874A9C4C80,1,"['Arena', 'Palazzo della Ragione', 'Torre Lamberti']",Casa Giulietta,"['Centro Fotografia', 'Sighseeing', 'Museo Conte', 'Museo Radio', 'San Fermo']",Santa Anastasia,strategy_nearest,False,0.0032529830932617188,success
041F844A9C4C80,0,['Arena'],Casa Giulietta,"['Centro Fotografia', 'Sighseeing', 'Torre Lamberti', 'Museo Conte', 'Museo Radio']",Torre Lamberti,strategy_nearest,True,0.0021102428436279297,success
041F8F429C4C80,0,['Arena'],Casa Giulietta,"['Centro Fotografia', 'Sighseeing', 'Torre Lamberti', 'Museo Conte', 'Museo Radio']",Castelvecchio,strategy_nearest,False,0.0022630691528320312,success
041F984A9C4C80,1,"['Arena', 'Teatro Romano', 'Duomo']",Santa Anastasia,"['AMO', 'Museo Conte', 'Palazzo della Ragione', 'Centro Fotografia', 'Torre Lamberti']",Palazzo della Ragione,strategy_nearest,True,0.0027437210083007812,success
041F8D429C4C81,0,['Arena'],Casa Giulietta,"['Centro Fotografia', 'Sighseeing', 'Torre Lamberti', 'Museo Conte', 'Museo Radio']",Teatro Romano,strategy_nearest,False,0.0035860538482666016,success
041F91429C4C81,1,"['Castelvecchio', 'Arena']",Casa Giulietta,"['Centro Fotografia', 'Sighseeing', 'Torre Lamberti', 'Museo Conte', 'Museo Radio']",Santa Anastasia,strategy_nearest,False,0.0016541481018066406,success
041F9C429C4C80,0,"['Casa Giulietta', 'Arena']",Castelvecchio,"['Museo Lapidario', 'Verona Tour', 'Museo Radio', 'San Zeno', 'Sighseeing']",Teatro Romano,strategy_nearest,False,0.002763032913208008,success
041FAD4A9C4C81,3,"['Duomo', 'Arena', 'Casa Giulietta']",Museo Storia,"['San Fermo', 'Museo Radio', 'Centro Fotografia', 'Tomba Giulietta', 'Torre Lamberti']",San Fermo,strategy_nearest,True,0.0031528472900390625,success
041F9B429C4C80,3,"['Casa Giulietta', 'Santa Anastasia']",Duomo,"['AMO', 'Museo Miniscalchi', 'Teatro Romano', 'Palazzo della Ragione', 'Museo Conte']",Arena,strategy_nearest,False,0.003412961959838867,success
041FA64A9C4C80,1,"['Casa Giulietta', 'Torre Lamberti']",Palazzo della Ragione,"['AMO', 'Museo Conte', 'Centro Fotografia', 'Sighseeing', 'Santa Anastasia']",Arena,strategy_nearest,False,0.0014612674713134766,success
041FAE3A9C4C81,3,['Casa Giulietta'],Santa Anastasia,"['AMO', 'Museo Conte', 'Palazzo della Ragione', 'Teatro Romano', 'Centro Fotografia']",Duomo,strategy_nearest,False,0.0015609264373779297,success
041FAE429C4C80,3,"['Arena', 'Casa Giulietta']",Torre Lamberti,"['Sighseeing', 'Centro Fotografia', 'Museo Conte', 'Palazzo della Ragione', 'AMO']",Duomo,strategy_nearest,False,0.002129077911376953,success
041FB13A9C4C81,3,"['Arena', 'Torre Lamberti', 'Casa Giulietta']",Duomo,"['AMO', 'Museo Miniscalchi', 'Santa Anastasia', 'Teatro Romano', 'Palazzo della Ragione']",Tomba Giulietta,strategy_nearest,False,0.0026428699493408203,success
041FB3429C4C80,0,"['Arena', 'Castelvecchio']",Torre Lamberti,"['Sighseeing', 'Centro Fotografia', 'Museo Conte', 'Casa Giulietta', 'Palazzo della Ragione']",Casa Giulietta,strategy_nearest,True,0.003198862075805664,success
041FB44A9C4C81,0,"['Castelvecchio', 'Arena']",San Zeno,"['Verona Tour', 'Museo Lapidario', 'Museo Miniscalchi', 'Sighseeing', 'Museo Radio']",Torre Lamberti,strategy_nearest,False,0.002187967300415039,success
041FB43A9C4C80,0,"['Arena', 'San Zeno']",Torre Lamberti,"['Sighseeing', 'Centro Fotografia', 'Museo Conte', 'Casa Giulietta', 'Palazzo della Ragione']",Teatro Romano,strategy_nearest,False,0.0033860206604003906,success
041FB34A9C4C81,1,"['Arena', 'Torre Lamberti']",Palazzo della Ragione,"['AMO', 'Museo Conte', 'Centro Fotografia', 'Sighseeing', 'Santa Anastasia']",Casa Giulietta,strategy_nearest,False,0.0022330284118652344,success
041FB53A9C4C81,1,"['Palazzo della Ragione', 'Torre Lamberti']",Casa Giulietta,"['Centro Fotografia', 'Sighseeing', 'Museo Conte', 'Museo Radio', 'San Fermo']",Arena,strategy_nearest,False,0.003284931182861328,success
041FB8429C4C80,3,"['Arena', 'Casa Giulietta']",Torre Lamberti,"['Sighseeing', 'Centro Fotografia', 'Museo Conte', 'Palazzo della Ragione', 'AMO']",Santa Anastasia,strategy_nearest,False,0.002804994583129883,success
041FBB4A9C4C81,0,['Arena'],Castelvecchio,"['Museo Lapidario', 'Verona Tour', 'Museo Radio', 'San Zeno', 'Sighseeing']",Casa Giulietta,strategy_nearest,False,0.0015292167663574219,success
041FBD3A9C4C80,0,['Arena'],Casa Giulietta,"['Centro Fotografia', 'Sighseeing', 'Torre Lamberti', 'Museo Conte', 'Museo Radio']",Castelvecchio,strategy_nearest,False,0.001991748809814453,success
041FB94A9C4C81,4,"['Arena', 'Tomba Giulietta', 'Museo Radio']",Museo Lapidario,"['Verona Tour', 'Castelvecchio', 'San Fermo', 'Casa Giulietta', 'Sighseeing']",Torre Lamberti,strategy_nearest,False,0.0033731460571289062,success
041FC34A9C4C81,0,['Arena'],Casa Giulietta,"['Centro Fotografia', 'Sighseeing', 'Torre Lamberti', 'Museo Conte', 'Museo Radio']",Tomba Giulietta,strategy_nearest,False,0.0028400421142578125,success
041FBE3A9C4C80,1,['Palazzo della Ragione'],Torre Lamberti,"['Sighseeing', 'Centro Fotografia', 'Museo Conte', 'Casa Giulietta', 'AMO']",Arena,strategy_nearest,False,0.002336740493774414,success
041FC04A9C4C80,3,"['Arena', 'Casa Giulietta']",Torre Lamberti,"['Sighseeing', 'Centro Fotografia', 'Museo Conte', 'Palazzo della Ragione', 'AMO']",Duomo,strategy_nearest,False,0.003595113754272461,success
041FC14A9C4C80,0,"['Arena', 'Museo Lapidario']",Castelvecchio,"['Verona Tour', 'Museo Radio', 'San Zeno', 'Sighseeing', 'Museo Miniscalchi']",Casa Giulietta,strategy_nearest,False,0.0015838146209716797,success
041FC44A9C4C81,0,['Arena'],San Fermo,"['Museo Storia', 'Museo Radio', 'Casa Giulietta', 'Centro Fotografia', 'Sighseeing']",Casa Giulietta,strategy_nearest,True,0.0033669471740722656,success
041FE8429C4C80,3,"['Teatro Romano', 'Arena']",San Zeno,"['Castelvecchio', 'Verona Tour', 'Museo Lapidario', 'Museo Miniscalchi', 'Sighseeing']",Duomo,strategy_nearest,False,0.001416921615600586,success
041FCA4A9C4C81,1,"['Arena', 'Casa Giulietta']",Torre Lamberti,"['Sighseeing', 'Centro Fotografia', 'Museo Conte', 'Palazzo della Ragione', 'AMO']",Palazzo della Ragione,strategy_nearest,True,0.002151966094970703,success
041FD0429C4C80,1,"['Arena', 'Casa Giulietta']",San Fermo,"['Museo Storia', 'Museo Radio', 'Centro Fotografia', 'Sighseeing', 'Torre Lamberti']",Torre Lamberti,strategy_nearest,True,0.003298044204711914,success
04206A429C4C81,1,"['Arena', 'Torre Lamberti']",Palazzo della Ragione,"['AMO', 'Museo Conte', 'Centro Fotografia', 'Sighseeing', 'Santa Anastasia']",Casa Giulietta,strategy_nearest,False,0.0021190643310546875,success
0420613A9C4C80,1,"['Santa Anastasia', 'Duomo', 'Torre Lamberti']",Palazzo della Ragione,"['AMO', 'Museo Conte', 'Centro Fotografia', 'Sighseeing', 'Museo Miniscalchi']",Casa Giulietta,strategy_nearest,False,0.0015568733215332031,success
04206B3A9C4C81,1,"['Arena', 'Torre Lamberti', 'Casa Giulietta', 'Santa Anastasia']",Duomo,"['AMO', 'Museo Miniscalchi', 'Teatro Romano', 'Palazzo della Ragione', 'Museo Conte']",Teatro Romano,strategy_nearest,True,0.0026781558990478516,success
04206D4A9C4C81,3,"['Tomba Giulietta', 'Arena', 'San Fermo']",Teatro Romano,"['Santa Anastasia', 'Duomo', 'AMO', 'Palazzo della Ragione', 'Museo Conte']",Duomo,strategy_nearest,True,0.0032100677490234375,success
0420774A9C4C81,0,['Arena'],Casa Giulietta,"['Centro Fotografia', 'Sighseeing', 'Torre Lamberti', 'Museo Conte', 'Museo Radio']",Castelvecchio,strategy_nearest,False,0.0026328563690185547,success
04207C4A9C4C80,1,"['Castelvecchio', 'San Zeno']",Arena,"['Verona Tour', 'Museo Lapidario', 'Museo Radio', 'San Fermo', 'Casa Giulietta']",Torre Lamberti,strategy_nearest,False,0.0019519329071044922,success
042075429C4C80,0,['Arena'],Museo Lapidario,"['Verona Tour', 'Castelvecchio', 'Museo Radio', 'San Fermo', 'Casa Giulietta']",Casa Giulietta,strategy_nearest,True,0.0038809776306152344,success
0420744A9C4C80,0,['Arena'],Casa Giulietta,"['Centro Fotografia', 'Sighseeing', 'Torre Lamberti', 'Museo Conte', 'Museo Radio']",Castelvecchio,strategy_nearest,False,0.002135038375854492,success
04207D4A9C4C81,2,['Duomo'],Casa Giulietta,"['Centro Fotografia', 'Sighseeing', 'Torre Lamberti', 'Museo Conte', 'Museo Radio']",Palazzo della Ragione,strategy_nearest,False,0.0021800994873046875,success
0420843A9C4C81,3,"['Torre Lamberti', 'Santa Anastasia']",Duomo,"['AMO', 'Museo Miniscalchi', 'Teatro Romano', 'Palazzo della Ragione', 'Museo Conte']",Casa Giulietta,strategy_nearest,False,0.0033631324768066406,success
0420874A9C4C81,3,"['Arena', 'Casa Giulietta']",Santa Anastasia,"['AMO', 'Museo Conte', 'Palazzo della Ragione', 'Teatro Romano', 'Centro Fotografia']",Duomo,strategy_nearest,False,0.0026092529296875,success
04207D4A9C4C80,0,"['Castelvecchio', 'Casa Giulietta']",Teatro Romano,"['Santa Anastasia', 'Duomo', 'AMO', 'Palazzo della Ragione', 'Museo Conte']",Arena,strategy_nearest,False,0.002225160598754883,success
04208F429C4C80,0,['Arena'],Castelvecchio,"['Museo Lapidario', 'Verona Tour', 'Museo Radio', 'San Zeno', 'Sighseeing']",Casa Giulietta,strategy_nearest,False,0.0011608600616455078,success
04208C4A9C4C80,2,"['Castelvecchio', 'San Zeno']",Torre Lamberti,"['Sighseeing', 'Centro Fotografia', 'Museo Conte', 'Casa Giulietta', 'Palazzo della Ragione']",Santa Anastasia,strategy_nearest,False,0.002981901168823242,success
042093429C4C81,1,"['Arena', 'Palazzo della Ragione']",Torre Lamberti,"['Sighseeing', 'Centro Fotografia', 'Museo Conte', 'Casa Giulietta', 'AMO']",Santa Anastasia,strategy_nearest,False,0.0020601749420166016,success
04208C4A9C4C81,3,"['Arena', 'Casa Giulietta']",Torre Lamberti,"['Sighseeing', 'Centro Fotografia', 'Museo Conte', 'Palazzo della Ragione', 'AMO']",Santa Anastasia,strategy_nearest,False,0.003698110580444336,success
0420954A9C4C80,0,['Arena'],Casa Giulietta,"['Centro Fotografia', 'Sighseeing', 'Torre Lamberti', 'Museo Conte', 'Museo Radio']",Museo Lapidario,strategy_nearest,False,0.0017452239990234375,success
04209A429C4C81,0,['Castelvecchio'],Casa Giulietta,"['Centro Fotografia', 'Sighseeing', 'Torre Lamberti', 'Museo Conte', 'Museo Radio']",Arena,strategy_nearest,False,0.003036022186279297,success
0420994A9C4C81,0,['Arena'],Casa Giulietta,"['Centro Fotografia', 'Sighseeing', 'Torre Lamberti', 'Museo Conte', 'Museo Radio']",Castelvecchio,strategy_nearest,False,0.0025539398193359375,success
04209B429C4C81,1,"['Teatro Romano', 'Santa Anastasia', 'Duomo']",Castelvecchio,"['Museo Lapidario', 'Verona Tour', 'Arena', 'Museo Radio', 'San Zeno']",Arena,strategy_nearest,True,0.002454042434692383,success
0420A0429C4C81,1,"['Castelvecchio', 'Arena']",Casa Giulietta,"['Centro Fotografia', 'Sighseeing', 'Torre Lamberti', 'Museo Conte', 'Museo Radio']",Santa Anastasia,strategy_nearest,False,0.001928091049194336,success
0420A1429C4C80,3,"['Casa Giulietta', 'Torre Lamberti']",Arena,"['Verona Tour', 'Museo Lapidario', 'Museo Radio', 'San Fermo', 'Sighseeing']",Santa Anastasia,strategy_nearest,False,0.002946138381958008,success
0420A14A9C4C80,1,"['Casa Giulietta', 'Arena']",Torre Lamberti,"['Sighseeing', 'Centro Fotografia', 'Museo Conte', 'Palazzo della Ragione', 'AMO']",Palazzo della Ragione,strategy_nearest,True,0.0033600330352783203,success
0420A73A9C4C80,3,"['Arena', 'San Fermo']",Santa Anastasia,"['AMO', 'Museo Conte', 'Palazzo della Ragione', 'Teatro Romano', 'Centro Fotografia']",Duomo,strategy_nearest,False,0.002490997314453125,success
0420A14A9C4C81,0,['Tomba Giulietta'],Arena,"['Verona Tour', 'Museo Lapidario', 'Museo Radio', 'San Fermo', 'Casa Giulietta']",Casa Giulietta,strategy_nearest,True,0.0039441585540771484,success
0420AC4A9C4C80,3,['Arena'],Santa Anastasia,"['AMO', 'Museo Conte', 'Palazzo della Ragione', 'Teatro Romano', 'Centro Fotografia']",Duomo,strategy_nearest,False,0.0019180774688720703,success
0420AD4A9C4C80,1,"['Arena', 'Museo Lapidario']",Torre Lamberti,"['Sighseeing', 'Centro Fotografia', 'Museo Conte', 'Casa Giulietta', 'Palazzo della Ragione']",Palazzo della Ragione,strategy_nearest,True,0.0025250911712646484,success
0420AC4A9C4C81,1,"['Arena', 'Casa Giulietta', 'Torre Lamberti']",Palazzo della Ragione,"['AMO', 'Museo Conte', 'Centro Fotografia', 'Sighseeing', 'Santa Anastasia']",Tomba Giulietta,strategy_nearest,False,0.003255128860473633,success
0420A94A9C4C80,1,"['Torre Lamberti', 'Arena', 'Museo Lapidario', 'Castelvecchio', 'Duomo']",Santa Anastasia,"['AMO', 'Museo Conte', 'Palazzo della Ragione', 'Teatro Romano', 'Centro Fotografia']",Casa Giulietta,strategy_nearest,False,0.0033431053161621094,success
0420AD4A9C4C81,0,['Casa Giulietta'],Torre Lamberti,"['Sighseeing', 'Centro Fotografia', 'Museo Conte', 'Palazzo della Ragione', 'AMO']",Arena,strategy_nearest,False,0.002275228500366211,success
0420AE4A9C4C81,0,['San Zeno'],Casa Giulietta,"['Centro Fotografia', 'Sighseeing', 'Torre Lamberti', 'Museo Conte', 'Museo Radio']",Arena,strategy_nearest,False,0.0029277801513671875,success
0420AE4A9C4C80,0,"['Arena', 'Casa Giulietta']",Torre Lamberti,"['Sighseeing', 'Centro Fotografia', 'Museo Conte', 'Palazzo della Ragione', 'AMO']",Castelvecchio,strategy_nearest,False,0.0015170574188232422,success
0420AF4A9C4C81,1,"['Arena', 'San Fermo']",Palazzo della Ragione,"['AMO', 'Museo Conte', 'Torre Lamberti', 'Centro Fotografia', 'Sighseeing']",Santa Anastasia,strategy_nearest,False,0.003515958786010742,success
0420B04A9C4C80,3,"['Arena', 'Casa Giulietta']",Torre Lamberti,"['Sighseeing', 'Centro Fotografia', 'Museo Conte', 'Palazzo della Ragione', 'AMO']",Santa Anastasia,strategy_nearest,False,0.0017180442810058594,success
0420B23A9C4C81,2,"['Torre Lamberti', 'San Fermo']",Museo Lapidario,"['Verona Tour', 'Arena', 'Castelvecchio', 'Museo Radio', 'Casa Giulietta']",Santa Anastasia,strategy_nearest,False,0.002402067184448242,success
0420B64A9C4C81,0,['Arena'],Castelvecchio,"['Museo Lapidario', 'Verona Tour', 'Museo Radio', 'San Zeno', 'Sighseeing']",Casa Giulietta,strategy_nearest,False,0.0014111995697021484,success
0420B34A9C4C81,0,"['Arena', 'Casa Giulietta']",Teatro Romano,"['Santa Anastasia', 'Duomo', 'AMO', 'Palazzo della Ragione', 'Museo Conte']",Torre Lamberti,strategy_nearest,False,0.004027128219604492,success
0420B64A9C4C80,1,"['Arena', 'Palazzo della Ragione']",Torre Lamberti,"['Sighseeing', 'Centro Fotografia', 'Museo Conte', 'Casa Giulietta', 'AMO']",Casa Giulietta,strategy_nearest,True,0.002056121826171875,success
0420B43A9C4C81,1,['Arena'],Palazzo della Ragione,"['AMO', 'Museo Conte', 'Torre Lamberti', 'Centro Fotografia', 'Sighseeing']",Torre Lamberti,strategy_nearest,True,0.0040912628173828125,success
0420B73A9C4C81,0,['Casa Giulietta'],Teatro Romano,"['Santa Anastasia', 'Duomo', 'AMO', 'Palazzo della Ragione', 'Museo Conte']",Arena,strategy_nearest,False,0.0018010139465332031,success
0420BB4A9C4C81,3,"['Santa Anastasia', 'Duomo']",Castelvecchio,"['Museo Lapidario', 'Verona Tour', 'Arena', 'Museo Radio', 'San Zeno']",Arena,strategy_nearest,True,0.002710103988647461,success
0420BF3A9C4C81,3,"['Arena', 'Casa Giulietta']",Torre Lamberti,"['Sighseeing', 'Centro Fotografia', 'Museo Conte', 'Palazzo della Ragione', 'AMO']",Santa Anastasia,strategy_nearest,False,0.002724170684814453,success
0420C04A9C4C81,3,"['Arena', 'Castelvecchio']",Casa Giulietta,"['Centro Fotografia', 'Sighseeing', 'Torre Lamberti', 'Museo Conte', 'Museo Radio']",San Fermo,strategy_nearest,False,0.003412961959838867,success
0420C24A9C4C81,0,['Arena'],Casa Giulietta,"['Centro Fotografia', 'Sighseeing', 'Torre Lamberti', 'Museo Conte', 'Museo Radio']",Santa Anastasia,strategy_nearest,False,0.002354860305786133,success
0420C14A9C4C81,1,"['Arena', 'Casa Giulietta', 'Palazzo della Ragione', 'Torre Lamberti']",Santa Anastasia,"['AMO', 'Museo Conte', 'Teatro Romano', 'Centro Fotografia', 'Duomo']",Duomo,strategy_nearest,True,0.0033309459686279297,success
0420CE4A9C4C81,0,"['Arena', 'Torre Lamberti']",Castelvecchio,"['Museo Lapidario', 'Verona Tour', 'Museo Radio', 'San Zeno', 'Sighseeing']",Casa Giulietta,strategy_nearest,False,0.002459287643432617,success
0420CA4A9C4C81,3,['Arena'],Torre Lamberti,"['Sighseeing', 'Centro Fotografia', 'Museo Conte', 'Casa Giulietta', 'Palazzo della Ragione']",Santa Anastasia,strategy_nearest,False,0.0039522647857666016,success
0420D33A9C4C81,1,"['Arena', 'San Fermo', 'Casa Giulietta']",Palazzo della Ragione,"['AMO', 'Museo Conte', 'Torre Lamberti', 'Centro Fotografia', 'Sighseeing']",Torre Lamberti,strategy_nearest,True,0.0031850337982177734,success
0420D14A9C4C80,0,['Tomba Giulietta'],Casa Giulietta,"['Centro Fotografia', 'Sighseeing', 'Torre Lamberti', 'Museo Conte', 'Museo Radio']",Torre Lamberti,strategy_nearest,True,0.0019290447235107422,success
0420D04A9C4C81,0,['Arena'],Castelvecchio,"['Museo Lapidario', 'Verona Tour', 'Museo Radio', 'San Zeno', 'Sighseeing']",Museo Storia,strategy_nearest,False,0.003353118896484375,success
0420D14A9C4C81,0,['Arena'],Casa Giulietta,"['Centro Fotografia', 'Sighseeing', 'Torre Lamberti', 'Museo Conte', 'Museo Radio']",Teatro Romano,strategy_nearest,False,0.002706289291381836,success
0420E84A9C4C80,0,['Arena'],Torre Lamberti,"['Sighseeing', 'Centro Fotografia', 'Museo Conte', 'Casa Giulietta', 'Palazzo della Ragione']",Casa Giulietta,strategy_nearest,True,0.0012578964233398438,success
0420E4429C4C81,1,"['Arena', 'San Fermo', 'Teatro Romano', 'Castelvecchio']",Casa Giulietta,"['Centro Fotografia', 'Sighseeing', 'Torre Lamberti', 'Museo Conte', 'Museo Radio']",Torre Lamberti,strategy_nearest,True,0.002856016159057617,success
0420EA4A9C4C80,2,"['Castelvecchio', 'Casa Giulietta']",Santa Anastasia,"['AMO', 'Museo Conte', 'Palazzo della Ragione', 'Teatro Romano', 'Centro Fotografia']",Duomo,strategy_nearest,False,0.0020651817321777344,success
0420D83A9C4C80,3,"['Arena', 'Torre Lamberti', 'Santa Anastasia']",Duomo,"['AMO', 'Museo Miniscalchi', 'Teatro Romano', 'Palazzo della Ragione', 'Museo Conte']",Casa Giulietta,strategy_nearest,False,0.0034770965576171875,success
0421643A9C4C81,3,"['Casa Giulietta', 'Santa Anastasia']",Duomo,"['AMO', 'Museo Miniscalchi', 'Teatro Romano', 'Palazzo della Ragione', 'Museo Conte']",Arena,strategy_nearest,False,0.0019779205322265625,success
04215A3A9C4C80,1,"['Palazzo della Ragione', 'Torre Lamberti', 'Duomo']",Teatro Romano,"['Santa Anastasia', 'AMO', 'Museo Conte', 'Centro Fotografia', 'Museo Miniscalchi']",Castelvecchio,strategy_nearest,False,0.0013339519500732422,success
0421533A9C4C81,3,"['Casa Giulietta', 'Santa Anastasia']",Tomba Giulietta,"['San Fermo', 'Museo Storia', 'Arena', 'Museo Lapidario', 'Museo Radio']",San Zeno,strategy_nearest,False,0.0038330554962158203,success
04216A429C4C81,0,['Arena'],Castelvecchio,"['Museo Lapidario', 'Verona Tour', 'Museo Radio', 'San Zeno', 'Sighseeing']",Torre Lamberti,strategy_nearest,False,0.0032989978790283203,success
0421754A9C4C81,0,['Arena'],Casa Giulietta,"['Centro Fotografia', 'Sighseeing', 'Torre Lamberti', 'Museo Conte', 'Museo Radio']",Santa Anastasia,strategy_nearest,False,0.0026061534881591797,success
04216C429C4C80,2,"['Tomba Giulietta', 'Castelvecchio']",Casa Giulietta,"['Centro Fotografia', 'Sighseeing', 'Torre Lamberti', 'Museo Conte', 'Museo Radio']",Teatro Romano,strategy_nearest,False,0.002293825149536133,success
042173429C4C80,0,['Castelvecchio'],Arena,"['Verona Tour', 'Museo Lapidario', 'Museo Radio', 'San Fermo', 'Casa Giulietta']",Casa Giulietta,strategy_nearest,True,0.002147197723388672,success
0421724A9C4C81,3,"['Arena', 'Casa Giulietta']",Santa Anastasia,"['AMO', 'Museo Conte', 'Palazzo della Ragione', 'Teatro Romano', 'Centro Fotografia']",Teatro Romano,strategy_nearest,True,0.003520965576171875,success
04217C4A9C4C80,2,['Duomo'],Santa Anastasia,"['AMO', 'Museo Conte', 'Palazzo della Ragione', 'Teatro Romano', 'Centro Fotografia']",San Fermo,strategy_nearest,False,0.001798868179321289,success
0421884A9C4C80,3,['Arena'],Casa Giulietta,"['Centro Fotografia', 'Sighseeing', 'Torre Lamberti', 'Museo Conte', 'Museo Radio']",Santa Anastasia,strategy_nearest,False,0.002622842788696289,success
0421904A9C4C81,0,['Arena'],Casa Giulietta,"['Centro Fotografia', 'Sighseeing', 'Torre Lamberti', 'Museo Conte', 'Museo Radio']",Duomo,strategy_nearest,False,0.0033690929412841797,success
04217E429C4C80,0,['Arena'],Casa Giulietta,"['Centro Fotografia', 'Sighseeing', 'Torre Lamberti', 'Museo Conte', 'Museo Radio']",Torre Lamberti,strategy_nearest,True,0.002750873565673828,success
0421A14A9C4C81,3,"['Castelvecchio', 'Arena']",Santa Anastasia,"['AMO', 'Museo Conte', 'Palazzo della Ragione', 'Teatro Romano', 'Centro Fotografia']",Torre Lamberti,strategy_nearest,False,0.002597808837890625,success
04219D429C4C80,1,['Palazzo della Ragione'],Torre Lamberti,"['Sighseeing', 'Centro Fotografia', 'Museo Conte', 'Casa Giulietta', 'AMO']",Arena,strategy_nearest,False,0.0039958953857421875,success
0421944A9C4C81,0,['Arena'],Casa Giulietta,"['Centro Fotografia', 'Sighseeing', 'Torre Lamberti', 'Museo Conte', 'Museo Radio']",Duomo,strategy_nearest,False,0.0016629695892333984,success
0421A3429C4C80,3,['Arena'],Duomo,"['AMO', 'Museo Miniscalchi', 'Santa Anastasia', 'Teatro Romano', 'Palazzo della Ragione']",Castelvecchio,strategy_nearest,False,0.002003908157348633,success
0421A5429C4C80,0,"['Arena', 'Castelvecchio']",Torre Lamberti,"['Sighseeing', 'Centro Fotografia', 'Museo Conte', 'Casa Giulietta', 'Palazzo della Ragione']",Casa Giulietta,strategy_nearest,True,0.0016639232635498047,success
0421AF4A9C4C81,1,"['Palazzo della Ragione', 'Torre Lamberti']",Arena,"['Verona Tour', 'Museo Lapidario', 'Museo Radio', 'San Fermo', 'Casa Giulietta']",Santa Anastasia,strategy_nearest,False,0.0022089481353759766,success
0421AD4A9C4C80,0,['Arena'],Casa Giulietta,"['Centro Fotografia', 'Sighseeing', 'Torre Lamberti', 'Museo Conte', 'Museo Radio']",Torre Lamberti,strategy_nearest,True,0.0028390884399414062,success
0421B04A9C4C81,0,['Arena'],Santa Anastasia,"['AMO', 'Museo Conte', 'Palazzo della Ragione', 'Teatro Romano', 'Centro Fotografia']",Casa Giulietta,strategy_nearest,False,0.0033309459686279297,success
0421B74A9C4C80,0,"['Castelvecchio', 'Arena']",Museo Lapidario,"['Verona Tour', 'Museo Radio', 'San Fermo', 'Casa Giulietta', 'Tomba Giulietta']",Casa Giulietta,strategy_nearest,True,0.002001047134399414,success
0421B14A9C4C80,0,['Castelvecchio'],Arena,"['Verona Tour', 'Museo Lapidario', 'Museo Radio', 'San Fermo', 'Casa Giulietta']",Casa Giulietta,strategy_nearest,True,0.0034019947052001953,success
0421B84A9C4C81,0,"['Arena', 'Museo Lapidario']",Torre Lamberti,"['Sighseeing', 'Centro Fotografia', 'Museo Conte', 'Casa Giulietta', 'Palazzo della Ragione']",Casa Giulietta,strategy_nearest,True,0.0020589828491210938,success
0421BD4A9C4C80,3,"['Arena', 'Casa Giulietta']",Torre Lamberti,"['Sighseeing', 'Centro Fotografia', 'Museo Conte', 'Palazzo della Ragione', 'AMO']",Santa Anastasia,strategy_nearest,False,0.0034470558166503906,success
0421C04A9C4C81,3,"['Santa Anastasia', 'Duomo']",Castelvecchio,"['Museo Lapidario', 'Verona Tour', 'Arena', 'Museo Radio', 'San Zeno']",Arena,strategy_nearest,True,0.0018389225006103516,success
0421C24A9C4C80,0,['Castelvecchio'],San Zeno,"['Verona Tour', 'Museo Lapidario', 'Arena', 'Museo Miniscalchi', 'Sighseeing']",Casa Giulietta,strategy_nearest,False,0.002412080764770508,success
0421C24A9C4C81,1,"['Arena', 'San Fermo', 'Casa Giulietta']",Torre Lamberti,"['Sighseeing', 'Centro Fotografia', 'Museo Conte', 'Palazzo della Ragione', 'AMO']",Palazzo della Ragione,strategy_nearest,True,0.0031938552856445312,success
0421C53A9C4C80,0,"['Arena', 'Casa Giulietta']",Teatro Romano,"['Santa Anastasia', 'Duomo', 'AMO', 'Palazzo della Ragione', 'Museo Conte']",Duomo,strategy_nearest,True,0.0027790069580078125,success
0421CB4A9C4C81,3,"['Arena', 'Casa Giulietta']",Santa Anastasia,"['AMO', 'Museo Conte', 'Palazzo della Ragione', 'Teatro Romano', 'Centro Fotografia']",Duomo,strategy_nearest,False,0.0012197494506835938,success
0421C44A9C4C80,0,['Arena'],Castelvecchio,"['Museo Lapidario', 'Verona Tour', 'Museo Radio', 'San Zeno', 'Sighseeing']",Teatro Romano,strategy_nearest,False,0.003406047821044922,success
0421CD4A9C4C81,3,"['Arena', 'Torre Lamberti']",Casa Giulietta,"['Centro Fotografia', 'Sighseeing', 'Museo Conte', 'Museo Radio', 'Palazzo della Ragione']",Duomo,strategy_nearest,False,0.0033528804779052734,success
0421CE4A9C4C80,0,['Arena'],Castelvecchio,"['Museo Lapidario', 'Verona Tour', 'Museo Radio', 'San Zeno', 'Sighseeing']",Casa Giulietta,strategy_nearest,False,0.001847982406616211,success
0421CE4A9C4C81,1,['Arena'],Torre Lamberti,"['Sighseeing', 'Centro Fotografia', 'Museo Conte', 'Casa Giulietta', 'Palazzo della Ragione']",Palazzo della Ragione,strategy_nearest,True,0.002541065216064453,success
0421D04A9C4C80,3,"['Arena', 'Casa Giulietta', 'Teatro Romano']",Castelvecchio,"['Museo Lapidario', 'Verona Tour', 'Museo Radio', 'San Zeno', 'Sighseeing']",Arena,strategy_nearest,False,0.002704143524169922,success
0421D04A9C4C81,3,"['Arena', 'San Zeno', 'Castelvecchio']",Museo Lapidario,"['Verona Tour', 'Museo Radio', 'San Fermo', 'Casa Giulietta', 'Tomba Giulietta']",Casa Giulietta,strategy_nearest,True,0.003185272216796875,success
0421D13A9C4C81,2,"['Torre Lamberti', 'Palazzo della Ragione']",Santa Anastasia,"['AMO', 'Museo Conte', 'Teatro Romano', 'Centro Fotografia', 'Duomo']",Duomo,strategy_nearest,True,0.003072977066040039,success
0421D24A9C4C81,0,['Arena'],Casa Giulietta,"['Centro Fotografia', 'Sighseeing', 'Torre Lamberti', 'Museo Conte', 'Museo Radio']",Tomba Giulietta,strategy_nearest,False,0.0020837783813476562,success
0421D83A9C4C80,3,"['Arena', 'Torre Lamberti']",Duomo,"['AMO', 'Museo Miniscalchi', 'Santa Anastasia', 'Teatro Romano', 'Palazzo della Ragione']",Santa Anastasia,strategy_nearest,True,0.003270864486694336,success
0421D14A9C4C80,1,"['Arena', 'Casa Giulietta', 'Torre Lamberti']",Palazzo della Ragione,"['AMO', 'Museo Conte', 'Centro Fotografia', 'Sighseeing', 'Santa Anastasia']",Santa Anastasia,strategy_nearest,True,0.0027360916137695312,success
0421D93A9C4C80,0,['Arena'],Casa Giulietta,"['Centro Fotografia', 'Sighseeing', 'Torre Lamberti', 'Museo Conte', 'Museo Radio']",Teatro Romano,strategy_nearest,False,0.002343893051147461,success
0421DB3A9C4C80,1,"['Arena', 'Torre Lamberti', 'Palazzo della Ragione']",San Fermo,"['Museo Storia', 'Museo Radio', 'Casa Giulietta', 'Centro Fotografia', 'Sighseeing']",Casa Giulietta,strategy_nearest,True,0.0026040077209472656,success
0421DE429C4C80,0,"['Arena', 'Casa Giulietta']",Castelvecchio,"['Museo Lapidario', 'Verona Tour', 'Museo Radio', 'San Zeno', 'Sighseeing']",Torre Lamberti,strategy_nearest,False,0.002468109130859375,success
0421ED429C4C80,3,['Arena'],Casa Giulietta,"['Centro Fotografia', 'Sighseeing', 'Torre Lamberti', 'Museo Conte', 'Museo Radio']",Santa Anastasia,strategy_nearest,False,0.0019669532775878906,success
0421ED4A9C4C80,1,"['Arena', 'Palazzo della Ragione']",Torre Lamberti,"['Sighseeing', 'Centro Fotografia', 'Museo Conte', 'Casa Giulietta', 'AMO']",Casa Giulietta,strategy_nearest,True,0.0025022029876708984,success
0421EC4A9C4C80,1,"['Arena', 'Palazzo della Ragione']",Torre Lamberti,"['Sighseeing', 'Centro Fotografia', 'Museo Conte', 'Casa Giulietta', 'AMO']",Santa Anastasia,strategy_nearest,False,0.003431081771850586,success
0421EE4A9C4C80,3,"['Teatro Romano', 'Santa Anastasia']",Casa Giulietta,"['Centro Fotografia', 'Sighseeing', 'Torre Lamberti', 'Museo Conte', 'Museo Radio']",Arena,strategy_nearest,False,0.0033102035522460938,success
042270429C4C80,0,"['Arena', 'Castelvecchio']",Torre Lamberti,"['Sighseeing', 'Centro Fotografia', 'Museo Conte', 'Casa Giulietta', 'Palazzo della Ragione']",Casa Giulietta,strategy_nearest,True,0.00202178955078125,success
0422633A9C4C80,3,"['Castelvecchio', 'Arena']",Torre Lamberti,"['Sighseeing', 'Centro Fotografia', 'Museo Conte', 'Casa Giulietta', 'Palazzo della Ragione']",Santa Anastasia,strategy_nearest,False,0.002033233642578125,success
04225F3A9C4C80,3,"['Casa Giulietta', 'Museo Storia', 'Castelvecchio']",Arena,"['Verona Tour', 'Museo Lapidario', 'Museo Radio', 'San Fermo', 'Sighseeing']",Torre Lamberti,strategy_nearest,False,0.0035431385040283203,success
0422754A9C4C81,0,['Arena'],Casa Giulietta,"['Centro Fotografia', 'Sighseeing', 'Torre Lamberti', 'Museo Conte', 'Museo Radio']",Santa Anastasia,strategy_nearest,False,0.0031981468200683594,success
04227C3A9C4C81,3,['Arena'],Casa Giulietta,"['Centro Fotografia', 'Sighseeing', 'Torre Lamberti', 'Museo Conte', 'Museo Radio']",Santa Anastasia,strategy_nearest,False,0.0015680789947509766,success
0422824A9C4C81,0,['Arena'],Casa Giulietta,"['Centro Fotografia', 'Sighseeing', 'Torre Lamberti', 'Museo Conte', 'Museo Radio']",Tomba Giulietta,strategy_nearest,False,0.0026640892028808594,success
042276429C4C80,1,"['Arena', 'Casa Giulietta']",Torre Lamberti,"['Sighseeing', 'Centro Fotografia', 'Museo Conte', 'Palazzo della Ragione', 'AMO']",Palazzo della Ragione,strategy_nearest,True,0.004173755645751953,success
04227D3A9C4C81,2,['Santa Anastasia'],Duomo,"['AMO', 'Museo Miniscalchi', 'Teatro Romano', 'Palazzo della Ragione', 'Museo Conte']",Torre Lamberti,strategy_nearest,False,0.0022079944610595703,success
04228E3A9C4C80,0,"['Arena', 'Casa Giulietta']",Duomo,"['AMO', 'Museo Miniscalchi', 'Santa Anastasia', 'Teatro Romano', 'Palazzo della Ragione']",Castelvecchio,strategy_nearest,False,0.002020120620727539,success
04228B4A9C4C80,3,"['San Fermo', 'Teatro Romano']",Duomo,"['AMO', 'Museo Miniscalchi', 'Santa Anastasia', 'Palazzo della Ragione', 'Museo Conte']",Torre Lamberti,strategy_nearest,False,0.003358125686645508,success
0422914A9C4C81,0,['Casa Giulietta'],Arena,"['Verona Tour', 'Museo Lapidario', 'Museo Radio', 'San Fermo', 'Sighseeing']",Castelvecchio,strategy_nearest,False,0.00140380859375,success
042298429C4C81,1,"['Arena', 'Casa Giulietta', 'Torre Lamberti']",Palazzo della Ragione,"['AMO', 'Museo Conte', 'Centro Fotografia', 'Sighseeing', 'Santa Anastasia']",Castelvecchio,strategy_nearest,False,0.0028998851776123047,success
04229D429C4C80,1,"['Palazzo della Ragione', 'Arena']",Castelvecchio,"['Museo Lapidario', 'Verona Tour', 'Museo Radio', 'San Zeno', 'Sighseeing']",Teatro Romano,strategy_nearest,False,0.002440929412841797,success
0422A7429C4C81,1,"['Arena', 'Museo Lapidario', 'Casa Giulietta', 'Torre Lamberti']",Tomba Giulietta,"['San Fermo', 'Museo Storia', 'Museo Radio', 'Verona Tour', 'Castelvecchio']",San Fermo,strategy_nearest,True,0.0025920867919921875,success
04229E429C4C80,3,['Arena'],Casa Giulietta,"['Centro Fotografia', 'Sighseeing', 'Torre Lamberti', 'Museo Conte', 'Museo Radio']",Santa Anastasia,strategy_nearest,False,0.003631114959716797,success
0422A63A9C4C80,2,['Torre Lamberti'],Santa Anastasia,"['AMO', 'Museo Conte', 'Palazzo della Ragione', 'Teatro Romano', 'Centro Fotografia']",Duomo,strategy_nearest,False,0.0020139217376708984,success
0422A0429C4C81,3,"['Casa Giulietta', 'Santa Anastasia']",Duomo,"['AMO', 'Museo Miniscalchi', 'Teatro Romano', 'Palazzo della Ragione', 'Museo Conte']",Arena,strategy_nearest,False,0.004075765609741211,success
0422AE3A9C4C81,1,"['Arena', 'Torre Lamberti', 'Palazzo della Ragione']",Santa Anastasia,"['AMO', 'Museo Conte', 'Teatro Romano', 'Centro Fotografia', 'Duomo']",Duomo,strategy_nearest,True,0.0015211105346679688,success
0422AA429C4C81,4,"['Arena', 'Museo Lapidario', 'Museo Radio', 'Tomba Giulietta']",San Fermo,"['Museo Storia', 'Casa Giulietta', 'Centro Fotografia', 'Sighseeing', 'Torre Lamberti']",Casa Giulietta,strategy_nearest,True,0.002852201461791992,success
0422AD4A9C4C80,3,"['Arena', 'Casa Giulietta']",Santa Anastasia,"['AMO', 'Museo Conte', 'Palazzo della Ragione', 'Teatro Romano', 'Centro Fotografia']",Duomo,strategy_nearest,False,0.0034639835357666016,success
0422AD4A9C4C81,0,['Castelvecchio'],Arena,"['Verona Tour', 'Museo Lapidario', 'Museo Radio', 'San Fermo', 'Casa Giulietta']",Casa Giulietta,strategy_nearest,True,0.003535032272338867,success
0422AF4A9C4C81,0,['Arena'],Casa Giulietta,"['Centro Fotografia', 'Sighseeing', 'Torre Lamberti', 'Museo Conte', 'Museo Radio']",Castelvecchio,strategy_nearest,False,0.0019571781158447266,success
0422B04A9C4C80,0,"['Tomba Giulietta', 'Teatro Romano']",Casa Giulietta,"['Centro Fotografia', 'Sighseeing', 'Torre Lamberti', 'Museo Conte', 'Museo Radio']",Arena,strategy_nearest,False,0.0020570755004882812,success
0422AE4A9C4C81,0,"['Teatro Romano', 'Casa Giulietta']",Torre Lamberti,"['Sighseeing', 'Centro Fotografia', 'Museo Conte', 'Palazzo della Ragione', 'AMO']",San Fermo,strategy_nearest,False,0.00403594970703125,success
0422B34A9C4C80,1,"['Arena', 'Casa Giulietta']",Torre Lamberti,"['Sighseeing', 'Centro Fotografia', 'Museo Conte', 'Palazzo della Ragione', 'AMO']",Palazzo della Ragione,strategy_nearest,True,0.002201080322265625,success
0422B63A9C4C80,3,['Arena'],Casa Giulietta,"['Centro Fotografia', 'Sighseeing', 'Torre Lamberti', 'Museo Conte', 'Museo Radio']",Santa Anastasia,strategy_nearest,False,0.0023720264434814453,success
0422B3429C4C81,0,['Castelvecchio'],Arena,"['Verona Tour', 'Museo Lapidario', 'Museo Radio', 'San Fermo', 'Casa Giulietta']",Casa Giulietta,strategy_nearest,True,0.003383159637451172,success
0422B7429C4C81,1,"['Arena', 'Museo Lapidario', 'Castelvecchio']",Palazzo della Ragione,"['AMO', 'Museo Conte', 'Torre Lamberti', 'Centro Fotografia', 'Sighseeing']",Torre Lamberti,strategy_nearest,True,0.0021750926971435547,success
0422B64A9C4C81,3,"['Arena', 'Santa Anastasia']",Duomo,"['AMO', 'Museo Miniscalchi', 'Teatro Romano', 'Palazzo della Ragione', 'Museo Conte']",Torre Lamberti,strategy_nearest,False,0.00156402587890625,success
0422B64A9C4C80,3,['Arena'],Casa Giulietta,"['Centro Fotografia', 'Sighseeing', 'Torre Lamberti', 'Museo Conte', 'Museo Radio']",Torre Lamberti,strategy_nearest,True,0.00519871711730957,success
0422B74A9C4C81,3,"['Arena', 'Casa Giulietta']",Santa Anastasia,"['AMO', 'Museo Conte', 'Palazzo della Ragione', 'Teatro Romano', 'Centro Fotografia']",Duomo,strategy_nearest,False,0.002766847610473633,success
0422B8429C4C80,1,['Arena'],Casa Giulietta,"['Centro Fotografia', 'Sighseeing', 'Torre Lamberti', 'Museo Conte', 'Museo Radio']",Palazzo della Ragione,strategy_nearest,False,0.002391815185546875,success
0422B94A9C4C81,1,"['Arena', 'Casa Giulietta']",Torre Lamberti,"['Sighseeing', 'Centro Fotografia', 'Museo Conte', 'Palazzo della Ragione', 'AMO']",Palazzo della Ragione,strategy_nearest,True,0.0027589797973632812,success
0422BC4A9C4C81,3,"['Arena', 'Museo Lapidario']",Teatro Romano,"['Santa Anastasia', 'Duomo', 'AMO', 'Palazzo della Ragione', 'Museo Conte']",Duomo,strategy_nearest,True,0.002626657485961914,success
0422BC3A9C4C81,0,['Arena'],Casa Giulietta,"['Centro Fotografia', 'Sighseeing', 'Torre Lamberti', 'Museo Conte', 'Museo Radio']",Duomo,strategy_nearest,False,0.004034996032714844,success
0422BA4A9C4C80,0,['Arena'],Casa Giulietta,"['Centro Fotografia', 'Sighseeing', 'Torre Lamberti', 'Museo Conte', 'Museo Radio']",Castelvecchio,strategy_nearest,False,0.0035610198974609375,success
0422BD4A9C4C81,1,"['Arena', 'Casa Giulietta']",Palazzo della Ragione,"['AMO', 'Museo Conte', 'Torre Lamberti', 'Centro Fotografia', 'Sighseeing']",Santa Anastasia,strategy_nearest,False,0.0023949146270751953,success
0422BE4A9C4C81,0,['Arena'],Castelvecchio,"['Museo Lapidario', 'Verona Tour', 'Museo Radio', 'San Zeno', 'Sighseeing']",San Zeno,strategy_nearest,True,0.0022232532501220703,success
0422C54A9C4C81,3,"['Arena', 'Torre Lamberti']",Santa Anastasia,"['AMO', 'Museo Conte', 'Palazzo della Ragione', 'Teatro Romano', 'Centro Fotografia']",Teatro Romano,strategy_nearest,True,0.0026171207427978516,success
0422C44A9C4C80,3,['Arena'],Torre Lamberti,"['Sighseeing', 'Centro Fotografia', 'Museo Conte', 'Casa Giulietta', 'Palazzo della Ragione']",Santa Anastasia,strategy_nearest,False,0.0036468505859375,success
0422CC4A9C4C81,1,"['Arena', 'Casa Giulietta']",Torre Lamberti,"['Sighseeing', 'Centro Fotografia', 'Museo Conte', 'Palazzo della Ragione', 'AMO']",Palazzo della Ragione,strategy_nearest,True,0.0029947757720947266,success
0422D03A9C4C81,0,"['Arena', 'Museo Lapidario']",Castelvecchio,"['Verona Tour', 'Museo Radio', 'San Zeno', 'Sighseeing', 'Museo Miniscalchi']",San Fermo,strategy_nearest,False,0.0027391910552978516,success
0422CD4A9C4C81,3,"['Arena', 'Casa Giulietta']",Santa Anastasia,"['AMO', 'Museo Conte', 'Palazzo della Ragione', 'Teatro Romano', 'Centro Fotografia']",Duomo,strategy_nearest,False,0.0041599273681640625,success
0422CE4A9C4C81,1,"['Arena', 'Palazzo della Ragione']",Castelvecchio,"['Museo Lapidario', 'Verona Tour', 'Museo Radio', 'San Zeno', 'Sighseeing']",Casa Giulietta,strategy_nearest,False,0.0027840137481689453,success
0422CD429C4C81,3,"['Castelvecchio', 'Casa Giulietta']",Arena,"['Verona Tour', 'Museo Lapidario', 'Museo Radio', 'San Fermo', 'Sighseeing']",Tomba Giulietta,strategy_nearest,False,0.003637075424194336,success
0422D2429C4C80,1,"['Santa Anastasia', 'Casa Giulietta', 'Tomba Giulietta']",Arena,"['Verona Tour', 'Museo Lapidario', 'Museo Radio', 'San Fermo', 'Sighseeing']",Palazzo della Ragione,strategy_nearest,False,0.0025260448455810547,success
0422D04A9C4C81,3,"['Arena', 'Casa Giulietta']",Museo Storia,"['San Fermo', 'Museo Radio', 'Centro Fotografia', 'Tomba Giulietta', 'Torre Lamberti']",San Fermo,strategy_nearest,True,0.0019359588623046875,success
0422D33A9C4C80,0,['Tomba Giulietta'],Castelvecchio,"['Museo Lapidario', 'Verona Tour', 'Arena', 'Museo Radio', 'San Zeno']",Arena,strategy_nearest,True,0.003014802932739258,success
0422DC3A9C4C81,1,"['Arena', 'Casa Giulietta', 'Torre Lamberti', 'Santa Anastasia']",Duomo,"['AMO', 'Museo Miniscalchi', 'Teatro Romano', 'Palazzo della Ragione', 'Museo Conte']",Teatro Romano,strategy_nearest,True,0.003643035888671875,success
0422DD429C4C80,0,['Arena'],Casa Giulietta,"['Centro Fotografia', 'Sighseeing', 'Torre Lamberti', 'Museo Conte', 'Museo Radio']",Castelvecchio,strategy_nearest,False,0.0018758773803710938,success
042356429C4C80,1,"['Arena', 'Torre Lamberti', 'Palazzo della Ragione']",Palazzo della Ragione,"['AMO', 'Museo Conte', 'Centro Fotografia', 'Sighseeing', 'Santa Anastasia']",Teatro Romano,strategy_nearest,False,0.003428220748901367,success
0422EF3A9C4C80,3,"['Arena', 'Casa Giulietta']",Teatro Romano,"['Santa Anastasia', 'Duomo', 'AMO', 'Palazzo della Ragione', 'Museo Conte']",Duomo,strategy_nearest,True,0.003046274185180664,success
0423504A9C4C81,0,['Arena'],Torre Lamberti,"['Sighseeing', 'Centro Fotografia', 'Museo Conte', 'Casa Giulietta', 'Palazzo della Ragione']",Casa Giulietta,strategy_nearest,True,0.002370119094848633,success
042359429C4C81,3,"['Arena', 'Torre Lamberti', 'Casa Giulietta', 'San Fermo']",Tomba Giulietta,"['Museo Storia', 'Museo Lapidario', 'Museo Radio', 'Verona Tour', 'Castelvecchio']",Castelvecchio,strategy_nearest,True,0.002409219741821289,success
0423653A9C4C81,1,"['Castelvecchio', 'Casa Giulietta']",Arena,"['Verona Tour', 'Museo Lapidario', 'Museo Radio', 'San Fermo', 'Sighseeing']",Palazzo della Ragione,strategy_nearest,False,0.0028138160705566406,success
0423754A9C4C80,1,"['San Zeno', 'Santa Anastasia']",Casa Giulietta,"['Centro Fotografia', 'Sighseeing', 'Torre Lamberti', 'Museo Conte', 'Museo Radio']",Arena,strategy_nearest,False,0.003429889678955078,success
04235F3A9C4C80,1,"['Arena', 'Castelvecchio', 'San Zeno', 'Santa Anastasia']",Casa Giulietta,"['Centro Fotografia', 'Sighseeing', 'Torre Lamberti', 'Museo Conte', 'Museo Radio']",Torre Lamberti,strategy_nearest,True,0.0017528533935546875,success
04237E4A9C4C81,3,"['Duomo', 'Santa Anastasia']",Casa Giulietta,"['Centro Fotografia', 'Sighseeing', 'Torre Lamberti', 'Museo Conte', 'Museo Radio']",Arena,strategy_nearest,False,0.0022149085998535156,success
0423803A9C4C80,3,"['Santa Anastasia', 'Duomo', 'Torre Lamberti']",Casa Giulietta,"['Centro Fotografia', 'Sighseeing', 'Museo Conte', 'Museo Radio', 'Palazzo della Ragione']",Castelvecchio,strategy_nearest,False,0.0028841495513916016,success
0423784A9C4C81,0,['Arena'],Museo Lapidario,"['Verona Tour', 'Castelvecchio', 'Museo Radio', 'San Fermo', 'Casa Giulietta']",Castelvecchio,strategy_nearest,True,0.0016760826110839844,success
04237C4A9C4C80,3,['Santa Anastasia'],Duomo,"['AMO', 'Museo Miniscalchi', 'Teatro Romano', 'Palazzo della Ragione', 'Museo Conte']",Castelvecchio,strategy_nearest,False,0.003679990768432617,success
0423854A9C4C80,0,['Arena'],Torre Lamberti,"['Sighseeing', 'Centro Fotografia', 'Museo Conte', 'Casa Giulietta', 'Palazzo della Ragione']",Casa Giulietta,strategy_nearest,True,0.0017781257629394531,success
04238B4A9C4C81,3,"['Arena', 'Casa Giulietta']",Santa Anastasia,"['AMO', 'Museo Conte', 'Palazzo della Ragione', 'Teatro Romano', 'Centro Fotografia']",Teatro Romano,strategy_nearest,True,0.003014802932739258,success
04238B3A9C4C81,3,"['Torre Lamberti', 'Santa Anastasia']",Duomo,"['AMO', 'Museo Miniscalchi', 'Teatro Romano', 'Palazzo della Ragione', 'Museo Conte']",Teatro Romano,strategy_nearest,True,0.0025610923767089844,success
04238C429C4C80,3,"['Arena', 'Casa Giulietta']",Torre Lamberti,"['Sighseeing', 'Centro Fotografia', 'Museo Conte', 'Palazzo della Ragione', 'AMO']",Santa Anastasia,strategy_nearest,False,0.003328084945678711,success
042392429C4C81,2,['Torre Lamberti'],Santa Anastasia,"['AMO', 'Museo Conte', 'Palazzo della Ragione', 'Teatro Romano', 'Centro Fotografia']",Duomo,strategy_nearest,False,0.0022859573364257812,success
0423924A9C4C80,0,['Arena'],Casa Giulietta,"['Centro Fotografia', 'Sighseeing', 'Torre Lamberti', 'Museo Conte', 'Museo Radio']",Teatro Romano,strategy_nearest,False,0.002975940704345703,success
0423924A9C4C81,0,['Arena'],Castelvecchio,"['Museo Lapidario', 'Verona Tour', 'Museo Radio', 'San Zeno', 'Sighseeing']",Casa Giulietta,strategy_nearest,False,0.0013189315795898438,success
04238D429C4C81,0,['Arena'],Museo Lapidario,"['Verona Tour', 'Castelvecchio', 'Museo Radio', 'San Fermo', 'Casa Giulietta']",Duomo,strategy_nearest,False,0.0036580562591552734,success
042395429C4C80,0,['Arena'],Castelvecchio,"['Museo Lapidario', 'Verona Tour', 'Museo Radio', 'San Zeno', 'Sighseeing']",Teatro Romano,strategy_nearest,False,0.002816915512084961,success
0423954A9C4C80,3,['Casa Giulietta'],Santa Anastasia,"['AMO', 'Museo Conte', 'Palazzo della Ragione', 'Teatro Romano', 'Centro Fotografia']",Duomo,strategy_nearest,False,0.0021021366119384766,success
042395429C4C81,3,['Arena'],Arena,"['Verona Tour', 'Museo Lapidario', 'Museo Radio', 'San Fermo', 'Casa Giulietta']",Torre Lamberti,strategy_nearest,False,0.003470182418823242,success
04239A429C4C80,2,"['Santa Anastasia', 'Teatro Romano', 'Castelvecchio']",Torre Lamberti,"['Sighseeing', 'Centro Fotografia', 'Museo Conte', 'Casa Giulietta', 'Palazzo della Ragione']",Casa Giulietta,strategy_nearest,True,0.002714872360229492,success
04239F429C4C80,1,['Arena'],Casa Giulietta,"['Centro Fotografia', 'Sighseeing', 'Torre Lamberti', 'Museo Conte', 'Museo Radio']",Palazzo della Ragione,strategy_nearest,False,0.002004861831665039,success
04239C429C4C81,0,['Arena'],Casa Giulietta,"['Centro Fotografia', 'Sighseeing', 'Torre Lamberti', 'Museo Conte', 'Museo Radio']",Torre Lamberti,strategy_nearest,True,0.004590034484863281,success
04239E429C4C80,1,"['Casa Giulietta', 'Palazzo della Ragione', 'Torre Lamberti']",Castelvecchio,"['Museo Lapidario', 'Verona Tour', 'Arena', 'Museo Radio', 'San Zeno']",Arena,strategy_nearest,True,0.0033540725708007812,success
04239F429C4C81,0,['Castelvecchio'],Teatro Romano,"['Santa Anastasia', 'Duomo', 'AMO', 'Palazzo della Ragione', 'Museo Conte']",Arena,strategy_nearest,False,0.0013949871063232422,success
04239F4A9C4C80,0,['Casa Giulietta'],Santa Anastasia,"['AMO', 'Museo Conte', 'Palazzo della Ragione', 'Teatro Romano', 'Centro Fotografia']",Arena,strategy_nearest,False,0.0016849040985107422,success
0423B54A9C4C81,2,['Castelvecchio'],Casa Giulietta,"['Centro Fotografia', 'Sighseeing', 'Torre Lamberti', 'Museo Conte', 'Museo Radio']",Torre Lamberti,strategy_nearest,True,0.0020012855529785156,success
0423A0429C4C81,3,"['Casa Giulietta', 'Santa Anastasia']",Duomo,"['AMO', 'Museo Miniscalchi', 'Teatro Romano', 'Palazzo della Ragione', 'Museo Conte']",Arena,strategy_nearest,False,0.003443002700805664,success
0423AF4A9C4C80,3,['Arena'],Teatro Romano,"['Santa Anastasia', 'Duomo', 'AMO', 'Palazzo della Ragione', 'Museo Conte']",Casa Giulietta,strategy_nearest,False,0.002696990966796875,success
0423B84A9C4C80,0,['Arena'],Casa Giulietta,"['Centro Fotografia', 'Sighseeing', 'Torre Lamberti', 'Museo Conte', 'Museo Radio']",Teatro Romano,strategy_nearest,False,0.0021381378173828125,success
0423BC4A9C4C80,0,['Arena'],Teatro Romano,"['Santa Anastasia', 'Duomo', 'AMO', 'Palazzo della Ragione', 'Museo Conte']",Duomo,strategy_nearest,True,0.0014278888702392578,success
0423B74A9C4C81,3,"['Arena', 'Casa Giulietta']",Santa Anastasia,"['AMO', 'Museo Conte', 'Palazzo della Ragione', 'Teatro Romano', 'Centro Fotografia']",Duomo,strategy_nearest,False,0.0027861595153808594,success
0423BE3A9C4C81,3,"['Arena', 'Casa Giulietta']",Torre Lamberti,"['Sighseeing', 'Centro Fotografia', 'Museo Conte', 'Palazzo della Ragione', 'AMO']",Santa Anastasia,strategy_nearest,False,0.003242015838623047,success
0423C54A9C4C81,3,"['Arena', 'Casa Giulietta', 'Giardino Giusti']",Duomo,"['AMO', 'Museo Miniscalchi', 'Santa Anastasia', 'Teatro Romano', 'Palazzo della Ragione']",Santa Anastasia,strategy_nearest,True,0.0020868778228759766,success
0423C34A9C4C80,1,"['Arena', 'Torre Lamberti', 'Palazzo della Ragione']",Casa Giulietta,"['Centro Fotografia', 'Sighseeing', 'Museo Conte', 'Museo Radio', 'San Fermo']",Teatro Romano,strategy_nearest,False,0.0015411376953125,success
0423BF4A9C4C80,2,['Casa Giulietta'],Castelvecchio,"['Museo Lapidario', 'Verona Tour', 'Arena', 'Museo Radio', 'San Zeno']",Tomba Giulietta,strategy_nearest,False,0.003662109375,success
0423CB3A9C4C80,1,"['Casa Giulietta', 'Torre Lamberti']",Palazzo della Ragione,"['AMO', 'Museo Conte', 'Centro Fotografia', 'Sighseeing', 'Santa Anastasia']",Castelvecchio,strategy_nearest,False,0.003364086151123047,success
0423CB4A9C4C81,0,"['Arena', 'Castelvecchio']",Casa Giulietta,"['Centro Fotografia', 'Sighseeing', 'Torre Lamberti', 'Museo Conte', 'Museo Radio']",Torre Lamberti,strategy_nearest,True,0.0024890899658203125,success
0423CB4A9C4C80,2,"['Castelvecchio', 'Casa Giulietta']",Santa Anastasia,"['AMO', 'Museo Conte', 'Palazzo della Ragione', 'Teatro Romano', 'Centro Fotografia']",Teatro Romano,strategy_nearest,True,0.0017409324645996094,success
0423CC4A9C4C80,3,"['Arena', 'Casa Giulietta']",Santa Anastasia,"['AMO', 'Museo Conte', 'Palazzo della Ragione', 'Teatro Romano', 'Centro Fotografia']",Duomo,strategy_nearest,False,0.0030901432037353516,success
0423CC4A9C4C81,0,['Arena'],Torre Lamberti,"['Sighseeing', 'Centro Fotografia', 'Museo Conte', 'Casa Giulietta', 'Palazzo della Ragione']",Casa Giulietta,strategy_nearest,True,0.0035178661346435547,success
0423CE4A9C4C80,1,"['Castelvecchio', 'Museo Lapidario', 'Palazzo della Ragione']",Torre Lamberti,"['Sighseeing', 'Centro Fotografia', 'Museo Conte', 'Casa Giulietta', 'AMO']",Duomo,strategy_nearest,False,0.002747774124145508,success
0423D03A9C4C81,3,"['Arena', 'Museo Lapidario', 'Casa Giulietta']",Torre Lamberti,"['Sighseeing', 'Centro Fotografia', 'Museo Conte', 'Palazzo della Ragione', 'AMO']",San Fermo,strategy_nearest,False,0.0030410289764404297,success
0423CD4A9C4C80,0,['Arena'],Torre Lamberti,"['Sighseeing', 'Centro Fotografia', 'Museo Conte', 'Casa Giulietta', 'Palazzo della Ragione']",Teatro Romano,strategy_nearest,False,0.0011796951293945312,success
0423CD429C4C81,0,"['Arena', 'Castelvecchio']",Tomba Giulietta,"['San Fermo', 'Museo Storia', 'Museo Lapidario', 'Museo Radio', 'Verona Tour']",Casa Giulietta,strategy_nearest,False,0.0027740001678466797,success
0423D04A9C4C80,1,"['Arena', 'Casa Giulietta']",Palazzo della Ragione,"['AMO', 'Museo Conte', 'Torre Lamberti', 'Centro Fotografia', 'Sighseeing']",Torre Lamberti,strategy_nearest,True,0.0022017955780029297,success
0423D04A9C4C81,0,['Arena'],Casa Giulietta,"['Centro Fotografia', 'Sighseeing', 'Torre Lamberti', 'Museo Conte', 'Museo Radio']",Teatro Romano,strategy_nearest,False,0.0013649463653564453,success
0423D33A9C4C80,3,"['Arena', 'Torre Lamberti', 'Duomo']",Santa Anastasia,"['AMO', 'Museo Conte', 'Palazzo della Ragione', 'Teatro Romano', 'Centro Fotografia']",Teatro Romano,strategy_nearest,True,0.002791166305541992,success
0423D0429C4C81,1,"['Santa Anastasia', 'Teatro Romano']",Arena,"['Verona Tour', 'Museo Lapidario', 'Museo Radio', 'San Fermo', 'Casa Giulietta']",Palazzo della Ragione,strategy_nearest,False,0.0036039352416992188,success
0423D63A9C4C80,3,"['Arena', 'Castelvecchio', 'Casa Giulietta']",Torre Lamberti,"['Sighseeing', 'Centro Fotografia', 'Museo Conte', 'Palazzo della Ragione', 'AMO']",Santa Anastasia,strategy_nearest,False,0.002026081085205078,success
0423DD3A9C4C81,0,"['Casa Giulietta', 'Torre Lamberti']",Castelvecchio,"['Museo Lapidario', 'Verona Tour', 'Arena', 'Museo Radio', 'San Zeno']",Arena,strategy_nearest,True,0.003144979476928711,success
0423DB429C4C81,1,"['Arena', 'Museo Lapidario', 'Torre Lamberti', 'Palazzo della Ragione']",Santa Anastasia,"['AMO', 'Museo Conte', 'Teatro Romano', 'Centro Fotografia', 'Duomo']",Casa Giulietta,strategy_nearest,False,0.0026979446411132812,success
0423D5429C4C81,1,"['Arena', 'Casa Giulietta']",Torre Lamberti,"['Sighseeing', 'Centro Fotografia', 'Museo Conte', 'Palazzo della Ragione', 'AMO']",Palazzo della Ragione,strategy_nearest,True,0.003461122512817383,success
0423F03A9C4C80,0,"['Castelvecchio', 'Teatro Romano']",Duomo,"['AMO', 'Museo Miniscalchi', 'Santa Anastasia', 'Palazzo della Ragione', 'Museo Conte']",Casa Giulietta,strategy_nearest,False,0.003131866455078125,success
0423ED4A9C4C80,3,"['Arena', 'Museo Lapidario', 'Casa Giulietta']",Tomba Giulietta,"['San Fermo', 'Museo Storia', 'Museo Radio', 'Verona Tour', 'Castelvecchio']",Santa Anastasia,strategy_nearest,False,0.0013382434844970703,success
0423E43A9C4C81,0,"['San Fermo', 'Castelvecchio']",Arena,"['Verona Tour', 'Museo Lapidario', 'Museo Radio', 'Casa Giulietta', 'Sighseeing']",Casa Giulietta,strategy_nearest,True,0.0021266937255859375,success
0423E2429C4C81,1,"['Arena', 'San Zeno', 'Castelvecchio', 'Tomba Giulietta']",Casa Giulietta,"['Centro Fotografia', 'Sighseeing', 'Torre Lamberti', 'Museo Conte', 'Museo Radio']",Palazzo della Ragione,strategy_nearest,False,0.0028002262115478516,success
04244E4A9C4C81,1,['Arena'],Casa Giulietta,"['Centro Fotografia', 'Sighseeing', 'Torre Lamberti', 'Museo Conte', 'Museo Radio']",Torre Lamberti,strategy_nearest,True,0.001483917236328125,success
0423F0429C4C80,3,"['Arena', 'Casa Giulietta']",Teatro Romano,"['Santa Anastasia', 'Duomo', 'AMO', 'Palazzo della Ragione', 'Museo Conte']",Torre Lamberti,strategy_nearest,False,0.0028228759765625,success
0423F04A9C4C80,0,"['Arena', 'Castelvecchio']",Casa Giulietta,"['Centro Fotografia', 'Sighseeing', 'Torre Lamberti', 'Museo Conte', 'Museo Radio']",Giardino Giusti,strategy_nearest,False,0.0020792484283447266,success
0424603A9C4C80,3,"['Casa Giulietta', 'Arena']",Santa Anastasia,"['AMO', 'Museo Conte', 'Palazzo della Ragione', 'Teatro Romano', 'Centro Fotografia']",San Zeno,strategy_nearest,False,0.0032770633697509766,success
0424683A9C4C81,2,"['Torre Lamberti', 'Palazzo della Ragione', 'Casa Giulietta', 'Tomba Giulietta']",Santa Anastasia,"['AMO', 'Museo Conte', 'Teatro Romano', 'Centro Fotografia', 'Duomo']",Duomo,strategy_nearest,True,0.0021767616271972656,success
0424754A9C4C80,1,"['Arena', 'Castelvecchio']",Palazzo della Ragione,"['AMO', 'Museo Conte', 'Torre Lamberti', 'Centro Fotografia', 'Sighseeing']",Torre Lamberti,strategy_nearest,True,0.002651214599609375,success
04246F3A9C4C80,0,"['Arena', 'Casa Giulietta']",Duomo,"['AMO', 'Museo Miniscalchi', 'Santa Anastasia', 'Teatro Romano', 'Palazzo della Ragione']",Teatro Romano,strategy_nearest,True,0.004026174545288086,success
0424784A9C4C81,3,"['Arena', 'Casa Giulietta']",Torre Lamberti,"['Sighseeing', 'Centro Fotografia', 'Museo Conte', 'Palazzo della Ragione', 'AMO']",Santa Anastasia,strategy_nearest,False,0.002006053924560547,success
04248B3A9C4C81,3,"['Castelvecchio', 'Teatro Romano']",Duomo,"['AMO', 'Museo Miniscalchi', 'Santa Anastasia', 'Palazzo della Ragione', 'Museo Conte']",Torre Lamberti,strategy_nearest,False,0.0014150142669677734,success
0424834A9C4C80,0,['Arena'],Castelvecchio,"['Museo Lapidario', 'Verona Tour', 'Museo Radio', 'San Zeno', 'Sighseeing']",Casa Giulietta,strategy_nearest,False,0.002273082733154297,success
0424813A9C4C81,3,"['Santa Anastasia', 'Duomo', 'Torre Lamberti']",Casa Giulietta,"['Centro Fotografia', 'Sighseeing', 'Museo Conte', 'Museo Radio', 'Palazzo della Ragione']",Castelvecchio,strategy_nearest,False,0.0036318302154541016,success
042494429C4C80,0,['Arena'],Museo Lapidario,"['Verona Tour', 'Castelvecchio', 'Museo Radio', 'San Fermo', 'Casa Giulietta']",Duomo,strategy_nearest,False,0.003343820571899414,success
04249A429C4C80,3,['Arena'],Casa Giulietta,"['Centro Fotografia', 'Sighseeing', 'Torre Lamberti', 'Museo Conte', 'Museo Radio']",Torre Lamberti,strategy_nearest,True,0.0031599998474121094,success
0424964A9C4C80,3,"['San Zeno', 'Torre Lamberti']",Santa Anastasia,"['AMO', 'Museo Conte', 'Palazzo della Ragione', 'Teatro Romano', 'Centro Fotografia']",Teatro Romano,strategy_nearest,True,0.0012390613555908203,success
0424944A9C4C81,1,"['Castelvecchio', 'Arena', 'Santa Anastasia', 'Duomo']",Torre Lamberti,"['Sighseeing', 'Centro Fotografia', 'Museo Conte', 'Casa Giulietta', 'Palazzo della Ragione']",Palazzo della Ragione,strategy_nearest,True,0.0028069019317626953,success
0424944A9C4C80,3,"['Castelvecchio', 'Torre Lamberti', 'Casa Giulietta']",Teatro Romano,"['Santa Anastasia', 'Duomo', 'AMO', 'Palazzo della Ragione', 'Museo Conte']",Duomo,strategy_nearest,True,0.004066944122314453,success
04249C4A9C4C81,2,['Casa Giulietta'],Torre Lamberti,"['Sighseeing', 'Centro Fotografia', 'Museo Conte', 'Palazzo della Ragione', 'AMO']",Duomo,strategy_nearest,False,0.003209829330444336,success
04249A429C4C81,0,"['Casa Giulietta', 'Torre Lamberti']",Castelvecchio,"['Museo Lapidario', 'Verona Tour', 'Arena', 'Museo Radio', 'San Zeno']",Arena,strategy_nearest,True,0.0013911724090576172,success
04249C4A9C4C80,2,['Casa Giulietta'],Torre Lamberti,"['Sighseeing', 'Centro Fotografia', 'Museo Conte', 'Palazzo della Ragione', 'AMO']",Castelvecchio,strategy_nearest,False,0.0019168853759765625,success
04249A4A9C4C80,3,"['Arena', 'Casa Giulietta', 'San Fermo']",Santa Anastasia,"['AMO', 'Museo Conte', 'Palazzo della Ragione', 'Teatro Romano', 'Centro Fotografia']",Duomo,strategy_nearest,False,0.0027680397033691406,success
0424A44A9C4C81,3,"['Arena', 'Museo Lapidario', 'Castelvecchio']",Casa Giulietta,"['Centro Fotografia', 'Sighseeing', 'Torre Lamberti', 'Museo Conte', 'Museo Radio']",Torre Lamberti,strategy_nearest,True,0.002752065658569336,success
0424A34A9C4C80,3,"['Arena', 'Castelvecchio', 'Torre Lamberti']",Casa Giulietta,"['Centro Fotografia', 'Sighseeing', 'Museo Conte', 'Museo Radio', 'Palazzo della Ragione']",Santa Anastasia,strategy_nearest,False,0.0022118091583251953,success
0424A24A9C4C81,3,['Casa Giulietta'],Santa Anastasia,"['AMO', 'Museo Conte', 'Palazzo della Ragione', 'Teatro Romano', 'Centro Fotografia']",Teatro Romano,strategy_nearest,True,0.0036716461181640625,success
04249E429C4C81,3,['Arena'],Torre Lamberti,"['Sighseeing', 'Centro Fotografia', 'Museo Conte', 'Casa Giulietta', 'Palazzo della Ragione']",Casa Giulietta,strategy_nearest,True,0.0016407966613769531,success
0424A94A9C4C81,3,"['Arena', 'Torre Lamberti']",Santa Anastasia,"['AMO', 'Museo Conte', 'Palazzo della Ragione', 'Teatro Romano', 'Centro Fotografia']",Duomo,strategy_nearest,False,0.0021619796752929688,success
0424AB429C4C80,3,"['Arena', 'Giardino Giusti']",Duomo,"['AMO', 'Museo Miniscalchi', 'Santa Anastasia', 'Teatro Romano', 'Palazzo della Ragione']",Santa Anastasia,strategy_nearest,True,0.002727985382080078,success
0424B2429C4C81,0,['Arena'],Casa Giulietta,"['Centro Fotografia', 'Sighseeing', 'Torre Lamberti', 'Museo Conte', 'Museo Radio']",Santa Anastasia,strategy_nearest,False,0.003306865692138672,success
0424B23A9C4C80,0,['Arena'],Casa Giulietta,"['Centro Fotografia', 'Sighseeing', 'Torre Lamberti', 'Museo Conte', 'Museo Radio']",Torre Lamberti,strategy_nearest,True,0.0015039443969726562,success
0424B63A9C4C81,3,"['Arena', 'Castelvecchio']",Duomo,"['AMO', 'Museo Miniscalchi', 'Santa Anastasia', 'Teatro Romano', 'Palazzo della Ragione']",Santa Anastasia,strategy_nearest,True,0.0018961429595947266,success
0424B34A9C4C80,1,"['Arena', 'Casa Giulietta']",Torre Lamberti,"['Sighseeing', 'Centro Fotografia', 'Museo Conte', 'Palazzo della Ragione', 'AMO']",Palazzo della Ragione,strategy_nearest,True,0.0026350021362304688,success
0424B74A9C4C81,1,"['Arena', 'Museo Lapidario']",Torre Lamberti,"['Sighseeing', 'Centro Fotografia', 'Museo Conte', 'Casa Giulietta', 'Palazzo della Ragione']",Palazzo della Ragione,strategy_nearest,True,0.0024938583374023438,success
0424B83A9C4C81,3,"['Arena', 'Tomba Giulietta']",Torre Lamberti,"['Sighseeing', 'Centro Fotografia', 'Museo Conte', 'Casa Giulietta', 'Palazzo della Ragione']",Duomo,strategy_nearest,False,0.0037109851837158203,success
0424B84A9C4C80,0,['Teatro Romano'],Duomo,"['AMO', 'Museo Miniscalchi', 'Santa Anastasia', 'Palazzo della Ragione', 'Museo Conte']",Arena,strategy_nearest,False,0.002933979034423828,success
0424BE4A9C4C81,3,"['Arena', 'Casa Giulietta']",Torre Lamberti,"['Sighseeing', 'Centro Fotografia', 'Museo Conte', 'Palazzo della Ragione', 'AMO']",Teatro Romano,strategy_nearest,False,0.002805948257446289,success
0424BF4A9C4C80,0,['Arena'],Casa Giulietta,"['Centro Fotografia', 'Sighseeing', 'Torre Lamberti', 'Museo Conte', 'Museo Radio']",San Zeno,strategy_nearest,False,0.0033800601959228516,success
0424C64A9C4C81,0,['Castelvecchio'],Arena,"['Verona Tour', 'Museo Lapidario', 'Museo Radio', 'San Fermo', 'Casa Giulietta']",Torre Lamberti,strategy_nearest,False,0.0027828216552734375,success
0424C64A9C4C80,0,"['Arena', 'Casa Giulietta']",Castelvecchio,"['Museo Lapidario', 'Verona Tour', 'Museo Radio', 'San Zeno', 'Sighseeing']",Teatro Romano,strategy_nearest,False,0.001622915267944336,success
0424C8429C4C81,0,['Casa Giulietta'],Arena,"['Verona Tour', 'Museo Lapidario', 'Museo Radio', 'San Fermo', 'Sighseeing']",Santa Anastasia,strategy_nearest,False,0.0020720958709716797,success
0424C74A9C4C80,0,['Arena'],Torre Lamberti,"['Sighseeing', 'Centro Fotografia', 'Museo Conte', 'Casa Giulietta', 'Palazzo della Ragione']",Casa Giulietta,strategy_nearest,True,0.00350189208984375,success
0424C84A9C4C80,3,['Arena'],Casa Giulietta,"['Centro Fotografia', 'Sighseeing', 'Torre Lamberti', 'Museo Conte', 'Museo Radio']",Santa Anastasia,strategy_nearest,False,0.002695798873901367,success
0424C93A9C4C81,1,['Arena'],Torre Lamberti,"['Sighseeing', 'Centro Fotografia', 'Museo Conte', 'Casa Giulietta', 'Palazzo della Ragione']",Palazzo della Ragione,strategy_nearest,True,0.002741098403930664,success
0424C93A9C4C80,0,"['Castelvecchio', 'Arena']",Casa Giulietta,"['Centro Fotografia', 'Sighseeing', 'Torre Lamberti', 'Museo Conte', 'Museo Radio']",Torre Lamberti,strategy_nearest,True,0.0019030570983886719,success
0424CA3A9C4C80,1,"['Arena', 'Palazzo della Ragione']",Casa Giulietta,"['Centro Fotografia', 'Sighseeing', 'Torre Lamberti', 'Museo Conte', 'Museo Radio']",Duomo,strategy_nearest,False,0.0031118392944335938,success
0424CC4A9C4C80,0,['Arena'],Casa Giulietta,"['Centro Fotografia', 'Sighseeing', 'Torre Lamberti', 'Museo Conte', 'Museo Radio']",San Zeno,strategy_nearest,False,0.001811981201171875,success
0424D13A9C4C81,0,['Castelvecchio'],Arena,"['Verona Tour', 'Museo Lapidario', 'Museo Radio', 'San Fermo', 'Casa Giulietta']",Casa Giulietta,strategy_nearest,True,0.002574920654296875,success
0424D13A9C4C80,3,"['San Zeno', 'Castelvecchio']",Arena,"['Verona Tour', 'Museo Lapidario', 'Museo Radio', 'San Fermo', 'Casa Giulietta']",Tomba Giulietta,strategy_nearest,False,0.0026521682739257812,success
0424DB429C4C80,1,"['Arena', 'Casa Giulietta']",Castelvecchio,"['Museo Lapidario', 'Verona Tour', 'Museo Radio', 'San Zeno', 'Sighseeing']",Palazzo della Ragione,strategy_nearest,False,0.0034837722778320312,success
0424DB429C4C81,1,"['Arena', 'Castelvecchio']",San Zeno,"['Verona Tour', 'Museo Lapidario', 'Museo Miniscalchi', 'Sighseeing', 'Museo Radio']",Casa Giulietta,strategy_nearest,False,0.002969980239868164,success
0424DC429C4C81,0,['Arena'],Casa Giulietta,"['Centro Fotografia', 'Sighseeing', 'Torre Lamberti', 'Museo Conte', 'Museo Radio']",Castelvecchio,strategy_nearest,False,0.0026061534881591797,success
0424EC3A9C4C80,0,['Arena'],Casa Giulietta,"['Centro Fotografia', 'Sighseeing', 'Torre Lamberti', 'Museo Conte', 'Museo Radio']",Tomba Giulietta,strategy_nearest,False,0.002777099609375,success
0424ED4A9C4C80,0,['Casa Giulietta'],Teatro Romano,"['Santa Anastasia', 'Duomo', 'AMO', 'Palazzo della Ragione', 'Museo Conte']",Arena,strategy_nearest,False,0.00186920166015625,success
0424F0429C4C80,4,"['Arena', 'Casa Giulietta']",Torre Lamberti,"['Sighseeing', 'Centro Fotografia', 'Museo Conte', 'Palazzo della Ragione', 'AMO']",Duomo,strategy_nearest,False,0.003144979476928711,success
0425584A9C4C80,3,['Casa Giulietta'],Arena,"['Verona Tour', 'Museo Lapidario', 'Museo Radio', 'San Fermo', 'Sighseeing']",Santa Anastasia,strategy_nearest,False,0.0030591487884521484,success
0425684A9C4C80,2,['Teatro Romano'],Duomo,"['AMO', 'Museo Miniscalchi', 'Santa Anastasia', 'Palazzo della Ragione', 'Museo Conte']",Castelvecchio,strategy_nearest,False,0.001708984375,success
0425683A9C4C81,1,"['Arena', 'Palazzo della Ragione', 'Casa Giulietta']",San Fermo,"['Museo Storia', 'Museo Radio', 'Centro Fotografia', 'Sighseeing', 'Torre Lamberti']",Museo Storia,strategy_nearest,True,0.0034270286560058594,success
042569429C4C81,2,['Torre Lamberti'],Palazzo della Ragione,"['AMO', 'Museo Conte', 'Centro Fotografia', 'Sighseeing', 'Santa Anastasia']",Santa Anastasia,strategy_nearest,True,0.0031151771545410156,success
042572429C4C80,1,"['Arena', 'Torre Lamberti']",Palazzo della Ragione,"['AMO', 'Museo Conte', 'Centro Fotografia', 'Sighseeing', 'Santa Anastasia']",Casa Giulietta,strategy_nearest,False,0.0018818378448486328,success
04256D3A9C4C81,1,"['Arena', 'Casa Giulietta', 'San Fermo', 'Museo Storia']",Tomba Giulietta,"['Museo Lapidario', 'Museo Radio', 'Verona Tour', 'Castelvecchio', 'Sighseeing']",Teatro Romano,strategy_nearest,False,0.0030438899993896484,success
04256D429C4C80,0,['Tomba Giulietta'],Arena,"['Verona Tour', 'Museo Lapidario', 'Museo Radio', 'San Fermo', 'Casa Giulietta']",Casa Giulietta,strategy_nearest,True,0.0031740665435791016,success
042575429C4C80,0,['Arena'],Castelvecchio,"['Museo Lapidario', 'Verona Tour', 'Museo Radio', 'San Zeno', 'Sighseeing']",Duomo,strategy_nearest,False,0.0032248497009277344,success
0425764A9C4C80,3,"['Arena', 'Casa Giulietta']",Santa Anastasia,"['AMO', 'Museo Conte', 'Palazzo della Ragione', 'Teatro Romano', 'Centro Fotografia']",Teatro Romano,strategy_nearest,True,0.001980304718017578,success
0425764A9C4C81,0,"['Arena', 'Casa Giulietta']",Teatro Romano,"['Santa Anastasia', 'Duomo', 'AMO', 'Palazzo della Ragione', 'Museo Conte']",Duomo,strategy_nearest,True,0.003325223922729492,success
042576429C4C80,1,"['Arena', 'Torre Lamberti']",Palazzo della Ragione,"['AMO', 'Museo Conte', 'Centro Fotografia', 'Sighseeing', 'Santa Anastasia']",Teatro Romano,strategy_nearest,False,0.002774953842163086,success
042577429C4C80,0,['Arena'],Casa Giulietta,"['Centro Fotografia', 'Sighseeing', 'Torre Lamberti', 'Museo Conte', 'Museo Radio']",Teatro Romano,strategy_nearest,False,0.002962350845336914,success
0425794A9C4C81,3,"['Arena', 'Tomba Giulietta']",Teatro Romano,"['Santa Anastasia', 'Duomo', 'AMO', 'Palazzo della Ragione', 'Museo Conte']",Santa Anastasia,strategy_nearest,True,0.002588033676147461,success
04257B4A9C4C80,3,"['Castelvecchio', 'Casa Giulietta']",Torre Lamberti,"['Sighseeing', 'Centro Fotografia', 'Museo Conte', 'Palazzo della Ragione', 'AMO']",Santa Anastasia,strategy_nearest,False,0.0019638538360595703,success
0425924A9C4C80,0,['Arena'],Casa Giulietta,"['Centro Fotografia', 'Sighseeing', 'Torre Lamberti', 'Museo Conte', 'Museo Radio']",Teatro Romano,strategy_nearest,False,0.002562999725341797,success
0425944A9C4C80,3,"['Arena', 'Casa Giulietta', 'San Fermo']",Santa Anastasia,"['AMO', 'Museo Conte', 'Palazzo della Ragione', 'Teatro Romano', 'Centro Fotografia']",Duomo,strategy_nearest,False,0.0031070709228515625,success
04259A429C4C80,2,"['Casa Giulietta', 'Torre Lamberti']",Palazzo della Ragione,"['AMO', 'Museo Conte', 'Centro Fotografia', 'Sighseeing', 'Santa Anastasia']",Santa Anastasia,strategy_nearest,True,0.002496004104614258,success
042595429C4C81,3,"['Arena', 'Casa Giulietta']",Santa Anastasia,"['AMO', 'Museo Conte', 'Palazzo della Ragione', 'Teatro Romano', 'Centro Fotografia']",Teatro Romano,strategy_nearest,True,0.002028942108154297,success
0425954A9C4C80,3,"['Museo Lapidario', 'Arena', 'Castelvecchio']",Santa Anastasia,"['AMO', 'Museo Conte', 'Palazzo della Ragione', 'Teatro Romano', 'Centro Fotografia']",Duomo,strategy_nearest,False,0.003330707550048828,success
04259C4A9C4C80,2,"['Castelvecchio', 'Casa Giulietta']",Santa Anastasia,"['AMO', 'Museo Conte', 'Palazzo della Ragione', 'Teatro Romano', 'Centro Fotografia']",Teatro Romano,strategy_nearest,True,0.0030312538146972656,success
0425A14A9C4C80,1,"['Casa Giulietta', 'Palazzo della Ragione', 'Torre Lamberti']",Santa Anastasia,"['AMO', 'Museo Conte', 'Teatro Romano', 'Centro Fotografia', 'Duomo']",Duomo,strategy_nearest,True,0.0019359588623046875,success
0425A1429C4C80,2,"['Casa Giulietta', 'Torre Lamberti']",Duomo,"['AMO', 'Museo Miniscalchi', 'Santa Anastasia', 'Teatro Romano', 'Palazzo della Ragione']",Santa Anastasia,strategy_nearest,True,0.00267791748046875,success
0425A24A9C4C80,0,['Arena'],Castelvecchio,"['Museo Lapidario', 'Verona Tour', 'Museo Radio', 'San Zeno', 'Sighseeing']",Santa Anastasia,strategy_nearest,False,0.003289937973022461,success
0425A53A9C4C81,2,"['Casa Giulietta', 'Torre Lamberti']",Palazzo della Ragione,"['AMO', 'Museo Conte', 'Centro Fotografia', 'Sighseeing', 'Santa Anastasia']",Santa Anastasia,strategy_nearest,True,0.0026140213012695312,success
0425AB3A9C4C80,0,['Teatro Romano'],Torre Lamberti,"['Sighseeing', 'Centro Fotografia', 'Museo Conte', 'Casa Giulietta', 'Palazzo della Ragione']",Casa Giulietta,strategy_nearest,True,0.0031821727752685547,success
0425A9429C4C80,1,"['Arena', 'Casa Giulietta', 'Palazzo della Ragione']",Torre Lamberti,"['Sighseeing', 'Centro Fotografia', 'Museo Conte', 'AMO', 'Museo Miniscalchi']",San Fermo,strategy_nearest,False,0.0021381378173828125,success
0425A73A9C4C81,0,['San Zeno'],Torre Lamberti,"['Sighseeing', 'Centro Fotografia', 'Museo Conte', 'Casa Giulietta', 'Palazzo della Ragione']",Casa Giulietta,strategy_nearest,True,0.002195119857788086,success
0425A54A9C4C80,2,"['Casa Giulietta', 'Torre Lamberti']",Palazzo della Ragione,"['AMO', 'Museo Conte', 'Centro Fotografia', 'Sighseeing', 'Santa Anastasia']",Teatro Romano,strategy_nearest,False,0.0034041404724121094,success
0425AC4A9C4C80,0,['Arena'],Casa Giulietta,"['Centro Fotografia', 'Sighseeing', 'Torre Lamberti', 'Museo Conte', 'Museo Radio']",Castelvecchio,strategy_nearest,False,0.0022509098052978516,success
0425B43A9C4C81,3,['Arena'],Castelvecchio,"['Museo Lapidario', 'Verona Tour', 'Museo Radio', 'San Zeno', 'Sighseeing']",Santa Anastasia,strategy_nearest,False,0.00339508056640625,success
0425B33A9C4C80,3,"['Arena', 'Castelvecchio', 'Teatro Romano']",Duomo,"['AMO', 'Museo Miniscalchi', 'Santa Anastasia', 'Palazzo della Ragione', 'Museo Conte']",Casa Giulietta,strategy_nearest,False,0.001631021499633789,success
0425B44A9C4C80,0,['Arena'],Tomba Giulietta,"['San Fermo', 'Museo Storia', 'Museo Lapidario', 'Museo Radio', 'Verona Tour']",Torre Lamberti,strategy_nearest,False,0.0027420520782470703,success
0425B84A9C4C80,0,"['Teatro Romano', 'Museo Storia']",San Fermo,"['Museo Radio', 'Casa Giulietta', 'Centro Fotografia', 'Arena', 'Sighseeing']",Arena,strategy_nearest,True,0.002156972885131836,success
0425BA429C4C81,3,['Arena'],Santa Anastasia,"['AMO', 'Museo Conte', 'Palazzo della Ragione', 'Teatro Romano', 'Centro Fotografia']",Duomo,strategy_nearest,False,0.0034308433532714844,success
0425B5429C4C80,0,['Castelvecchio'],Arena,"['Verona Tour', 'Museo Lapidario', 'Museo Radio', 'San Fermo', 'Casa Giulietta']",Casa Giulietta,strategy_nearest,True,0.0014200210571289062,success
0425BC4A9C4C80,3,"['Arena', 'Casa Giulietta']",Teatro Romano,"['Santa Anastasia', 'Duomo', 'AMO', 'Palazzo della Ragione', 'Museo Conte']",Santa Anastasia,strategy_nearest,True,0.002638101577758789,success
0425BF4A9C4C80,3,"['Arena', 'Castelvecchio', 'San Fermo']",Casa Giulietta,"['Centro Fotografia', 'Sighseeing', 'Torre Lamberti', 'Museo Conte', 'Museo Radio']",Torre Lamberti,strategy_nearest,True,0.003358125686645508,success
0425C44A9C4C81,3,"['Arena', 'Castelvecchio']",Casa Giulietta,"['Centro Fotografia', 'Sighseeing', 'Torre Lamberti', 'Museo Conte', 'Museo Radio']",San Fermo,strategy_nearest,False,0.001260995864868164,success
0425C03A9C4C80,0,['Arena'],Museo Lapidario,"['Verona Tour', 'Castelvecchio', 'Museo Radio', 'San Fermo', 'Casa Giulietta']",Castelvecchio,strategy_nearest,True,0.0020606517791748047,success
0425C74A9C4C80,1,"['Arena', 'Castelvecchio']",Santa Anastasia,"['AMO', 'Museo Conte', 'Palazzo della Ragione', 'Teatro Romano', 'Centro Fotografia']",Casa Giulietta,strategy_nearest,False,0.0031812191009521484,success
0425C74A9C4C81,2,"['Castelvecchio', 'Santa Anastasia']",Casa Giulietta,"['Centro Fotografia', 'Sighseeing', 'Torre Lamberti', 'Museo Conte', 'Museo Radio']",Torre Lamberti,strategy_nearest,True,0.0022020339965820312,success
0425C84A9C4C81,1,"['Castelvecchio', 'Arena', 'Casa Giulietta']",Palazzo della Ragione,"['AMO', 'Museo Conte', 'Torre Lamberti', 'Centro Fotografia', 'Sighseeing']",Torre Lamberti,strategy_nearest,True,0.0027947425842285156,success
0425C84A9C4C80,0,['Arena'],Casa Giulietta,"['Centro Fotografia', 'Sighseeing', 'Torre Lamberti', 'Museo Conte', 'Museo Radio']",Duomo,strategy_nearest,False,0.0021691322326660156,success
0425C94A9C4C80,0,['Arena'],Castelvecchio,"['Museo Lapidario', 'Verona Tour', 'Museo Radio', 'San Zeno', 'Sighseeing']",Casa Giulietta,strategy_nearest,False,0.0034151077270507812,success
0425D83A9C4C81,3,"['Arena', 'Casa Giulietta', 'Santa Anastasia']",Duomo,"['AMO', 'Museo Miniscalchi', 'Teatro Romano', 'Palazzo della Ragione', 'Museo Conte']",Torre Lamberti,strategy_nearest,False,0.0018999576568603516,success
0425DA3A9C4C81,3,"['Castelvecchio', 'San Zeno', 'Casa Giulietta', 'San Fermo']",Torre Lamberti,"['Sighseeing', 'Centro Fotografia', 'Museo Conte', 'Palazzo della Ragione', 'AMO']",Santa Anastasia,strategy_nearest,False,0.004130125045776367,success
0425D9429C4C80,0,['Arena'],Teatro Romano,"['Santa Anastasia', 'Duomo', 'AMO', 'Palazzo della Ragione', 'Museo Conte']",Casa Giulietta,strategy_nearest,False,0.002706289291381836,success
0425CD4A9C4C80,0,['Tomba Giulietta'],Arena,"['Verona Tour', 'Museo Lapidario', 'Museo Radio', 'San Fermo', 'Casa Giulietta']",Casa Giulietta,strategy_nearest,True,0.0036568641662597656,success
0425ED3A9C4C80,0,"['Arena', 'Casa Giulietta']",Teatro Romano,"['Santa Anastasia', 'Duomo', 'AMO', 'Palazzo della Ragione', 'Museo Conte']",Duomo,strategy_nearest,True,0.002145051956176758,success
0425DC429C4C81,3,"['Casa Giulietta', 'Teatro Romano', 'Duomo']",Santa Anastasia,"['AMO', 'Museo Conte', 'Palazzo della Ragione', 'Centro Fotografia', 'Torre Lamberti']",Arena,strategy_nearest,False,0.0015201568603515625,success
0425DF429C4C81,1,"['Arena', 'Museo Lapidario', 'Castelvecchio', 'Santa Anastasia']",Duomo,"['AMO', 'Museo Miniscalchi', 'Teatro Romano', 'Palazzo della Ragione', 'Museo Conte']",Teatro Romano,strategy_nearest,True,0.003045797348022461,success
0425F0429C4C80,3,"['Arena', 'Torre Lamberti']",Casa Giulietta,"['Centro Fotografia', 'Sighseeing', 'Museo Conte', 'Museo Radio', 'Palazzo della Ragione']",Duomo,strategy_nearest,False,0.0037310123443603516,success
0425F34A9C4C80,1,"['Arena', 'Palazzo della Ragione', 'Torre Lamberti']",Casa Giulietta,"['Centro Fotografia', 'Sighseeing', 'Museo Conte', 'Museo Radio', 'San Fermo']",Duomo,strategy_nearest,False,0.0020818710327148438,success
0425F14A9C4C80,3,"['Castelvecchio', 'Arena']",Casa Giulietta,"['Centro Fotografia', 'Sighseeing', 'Torre Lamberti', 'Museo Conte', 'Museo Radio']",Torre Lamberti,strategy_nearest,True,0.002849102020263672,success
0426553A9C4C80,0,['Castelvecchio'],Arena,"['Verona Tour', 'Museo Lapidario', 'Museo Radio', 'San Fermo', 'Casa Giulietta']",Casa Giulietta,strategy_nearest,True,0.0028409957885742188,success
0425F54A9C4C80,1,"['Arena', 'Casa Giulietta']",Torre Lamberti,"['Sighseeing', 'Centro Fotografia', 'Museo Conte', 'Palazzo della Ragione', 'AMO']",Palazzo della Ragione,strategy_nearest,True,0.0018091201782226562,success
0426613A9C4C80,1,"['Castelvecchio', 'San Zeno', 'Teatro Romano']",Santa Anastasia,"['AMO', 'Museo Conte', 'Palazzo della Ragione', 'Centro Fotografia', 'Duomo']",Duomo,strategy_nearest,True,0.0041158199310302734,success
0426643A9C4C81,3,"['Arena', 'Casa Giulietta']",Santa Anastasia,"['AMO', 'Museo Conte', 'Palazzo della Ragione', 'Teatro Romano', 'Centro Fotografia']",Castelvecchio,strategy_nearest,False,0.0031938552856445312,success
0426653A9C4C80,3,"['Castelvecchio', 'Arena', 'Casa Giulietta']",Tomba Giulietta,"['San Fermo', 'Museo Storia', 'Museo Lapidario', 'Museo Radio', 'Verona Tour']",Teatro Romano,strategy_nearest,False,0.0023658275604248047,success
042676429C4C81,3,"['Arena', 'Casa Giulietta', 'Santa Anastasia']",Duomo,"['AMO', 'Museo Miniscalchi', 'Teatro Romano', 'Palazzo della Ragione', 'Museo Conte']",Duomo,strategy_nearest,False,0.002959012985229492,success
0426764A9C4C80,0,['Castelvecchio'],Casa Giulietta,"['Centro Fotografia', 'Sighseeing', 'Torre Lamberti', 'Museo Conte', 'Museo Radio']",Arena,strategy_nearest,False,0.001703023910522461,success
0426774A9C4C81,0,['Arena'],Casa Giulietta,"['Centro Fotografia', 'Sighseeing', 'Torre Lamberti', 'Museo Conte', 'Museo Radio']",Teatro Romano,strategy_nearest,False,0.003531932830810547,success
04267E3A9C4C80,3,"['Arena', 'Torre Lamberti']",Santa Anastasia,"['AMO', 'Museo Conte', 'Palazzo della Ragione', 'Teatro Romano', 'Centro Fotografia']",Duomo,strategy_nearest,False,0.0035278797149658203,success
04267F3A9C4C81,2,"['San Fermo', 'Santa Anastasia', 'Duomo']",Torre Lamberti,"['Sighseeing', 'Centro Fotografia', 'Museo Conte', 'Casa Giulietta', 'Palazzo della Ragione']",Palazzo della Ragione,strategy_nearest,True,0.002250194549560547,success
04267C3A9C4C81,1,"['Arena', 'Casa Giulietta']",Torre Lamberti,"['Sighseeing', 'Centro Fotografia', 'Museo Conte', 'Palazzo della Ragione', 'AMO']",Palazzo della Ragione,strategy_nearest,True,0.002338886260986328,success
0426964A9C4C80,0,['Arena'],Casa Giulietta,"['Centro Fotografia', 'Sighseeing', 'Torre Lamberti', 'Museo Conte', 'Museo Radio']",Santa Anastasia,strategy_nearest,False,0.003292083740234375,success
042697429C4C81,1,['Arena'],Torre Lamberti,"['Sighseeing', 'Centro Fotografia', 'Museo Conte', 'Casa Giulietta', 'Palazzo della Ragione']",Palazzo della Ragione,strategy_nearest,True,0.0029702186584472656,success
0426984A9C4C80,0,['Castelvecchio'],Casa Giulietta,"['Centro Fotografia', 'Sighseeing', 'Torre Lamberti', 'Museo Conte', 'Museo Radio']",Arena,strategy_nearest,False,0.0017158985137939453,success
04269A4A9C4C80,3,"['Arena', 'Casa Giulietta']",Torre Lamberti,"['Sighseeing', 'Centro Fotografia', 'Museo Conte', 'Palazzo della Ragione', 'AMO']",Santa Anastasia,strategy_nearest,False,0.0028009414672851562,success
0426994A9C4C81,3,"['Arena', 'Casa Giulietta', 'Museo Lapidario']",Castelvecchio,"['Verona Tour', 'Museo Radio', 'San Zeno', 'Sighseeing', 'Museo Miniscalchi']",Santa Anastasia,strategy_nearest,False,0.003840923309326172,success
04269D4A9C4C81,0,['Arena'],Casa Giulietta,"['Centro Fotografia', 'Sighseeing', 'Torre Lamberti', 'Museo Conte', 'Museo Radio']",Torre Lamberti,strategy_nearest,True,0.0014638900756835938,success
04269F429C4C81,3,['Arena'],Torre Lamberti,"['Sighseeing', 'Centro Fotografia', 'Museo Conte', 'Casa Giulietta', 'Palazzo della Ragione']",Santa Anastasia,strategy_nearest,False,0.0028128623962402344,success
0426A4429C4C80,0,['Castelvecchio'],Torre Lamberti,"['Sighseeing', 'Centro Fotografia', 'Museo Conte', 'Casa Giulietta', 'Palazzo della Ragione']",Casa Giulietta,strategy_nearest,True,0.003064870834350586,success
04269E429C4C81,0,['Arena'],Casa Giulietta,"['Centro Fotografia', 'Sighseeing', 'Torre Lamberti', 'Museo Conte', 'Museo Radio']",Torre Lamberti,strategy_nearest,True,0.0026051998138427734,success
0426A53A9C4C81,1,"['Arena', 'Casa Giulietta']",Torre Lamberti,"['Sighseeing', 'Centro Fotografia', 'Museo Conte', 'Palazzo della Ragione', 'AMO']",Palazzo della Ragione,strategy_nearest,True,0.002599000930786133,success
0426A63A9C4C80,3,['Casa Giulietta'],Santa Anastasia,"['AMO', 'Museo Conte', 'Palazzo della Ragione', 'Teatro Romano', 'Centro Fotografia']",Torre Lamberti,strategy_nearest,False,0.002663135528564453,success
0426A9429C4C80,1,"['Arena', 'Museo Lapidario', 'Casa Giulietta']",Torre Lamberti,"['Sighseeing', 'Centro Fotografia', 'Museo Conte', 'Palazzo della Ragione', 'AMO']",Palazzo della Ragione,strategy_nearest,True,0.0024971961975097656,success
0426A93A9C4C80,1,"['Casa Giulietta', 'Torre Lamberti', 'Palazzo della Ragione', 'Santa Anastasia']",Duomo,"['AMO', 'Museo Miniscalchi', 'Teatro Romano', 'Museo Conte', 'Centro Fotografia']",Teatro Romano,strategy_nearest,True,0.0027239322662353516,success
0426AC4A9C4C80,0,['Arena'],Casa Giulietta,"['Centro Fotografia', 'Sighseeing', 'Torre Lamberti', 'Museo Conte', 'Museo Radio']",Torre Lamberti,strategy_nearest,True,0.003422260284423828,success
0426B14A9C4C80,1,"['Arena', 'Castelvecchio', 'Torre Lamberti']",Palazzo della Ragione,"['AMO', 'Museo Conte', 'Centro Fotografia', 'Sighseeing', 'Santa Anastasia']",Casa Giulietta,strategy_nearest,False,0.0018548965454101562,success
0426B44A9C4C80,0,['Tomba Giulietta'],Arena,"['Verona Tour', 'Museo Lapidario', 'Museo Radio', 'San Fermo', 'Casa Giulietta']",Torre Lamberti,strategy_nearest,False,0.00292205810546875,success
0426B44A9C4C81,0,['Castelvecchio'],Santa Anastasia,"['AMO', 'Museo Conte', 'Palazzo della Ragione', 'Teatro Romano', 'Centro Fotografia']",Casa Giulietta,strategy_nearest,False,0.003287076950073242,success
0426B94A9C4C80,3,"['Arena', 'Castelvecchio', 'San Zeno']",Duomo,"['AMO', 'Museo Miniscalchi', 'Santa Anastasia', 'Teatro Romano', 'Palazzo della Ragione']",Santa Anastasia,strategy_nearest,True,0.003229856491088867,success
0426B84A9C4C80,3,['Arena'],Santa Anastasia,"['AMO', 'Museo Conte', 'Palazzo della Ragione', 'Teatro Romano', 'Centro Fotografia']",Duomo,strategy_nearest,False,0.002681255340576172,success
0426C74A9C4C80,0,['Castelvecchio'],Casa Giulietta,"['Centro Fotografia', 'Sighseeing', 'Torre Lamberti', 'Museo Conte', 'Museo Radio']",Torre Lamberti,strategy_nearest,True,0.0030488967895507812,success
0426C64A9C4C80,0,['Arena'],Castelvecchio,"['Museo Lapidario', 'Verona Tour', 'Museo Radio', 'San Zeno', 'Sighseeing']",Casa Giulietta,strategy_nearest,False,0.0028181076049804688,success
0426BF3A9C4C80,3,"['Tomba Giulietta', 'Arena', 'Casa Giulietta']",Torre Lamberti,"['Sighseeing', 'Centro Fotografia', 'Museo Conte', 'Palazzo della Ragione', 'AMO']",Santa Anastasia,strategy_nearest,False,0.003409862518310547,success
0426C13A9C4C80,1,"['Torre Lamberti', 'Palazzo della Ragione']",Casa Giulietta,"['Centro Fotografia', 'Sighseeing', 'Museo Conte', 'Museo Radio', 'San Fermo']",Santa Anastasia,strategy_nearest,False,0.0034792423248291016,success
0426C94A9C4C81,0,['Arena'],Casa Giulietta,"['Centro Fotografia', 'Sighseeing', 'Torre Lamberti', 'Museo Conte', 'Museo Radio']",Torre Lamberti,strategy_nearest,True,0.001444101333618164,success
0426C74A9C4C81,3,"['Castelvecchio', 'San Fermo']",Santa Anastasia,"['AMO', 'Museo Conte', 'Palazzo della Ragione', 'Teatro Romano', 'Centro Fotografia']",Casa Giulietta,strategy_nearest,False,0.0028963088989257812,success
0426CF4A9C4C80,0,"['Arena', 'Casa Giulietta']",Torre Lamberti,"['Sighseeing', 'Centro Fotografia', 'Museo Conte', 'Palazzo della Ragione', 'AMO']",Castelvecchio,strategy_nearest,False,0.0021948814392089844,success
0426D0429C4C81,1,['Arena'],Palazzo della Ragione,"['AMO', 'Museo Conte', 'Torre Lamberti', 'Centro Fotografia', 'Sighseeing']",Torre Lamberti,strategy_nearest,True,0.0035130977630615234,success
0426D14A9C4C81,1,['Arena'],Casa Giulietta,"['Centro Fotografia', 'Sighseeing', 'Torre Lamberti', 'Museo Conte', 'Museo Radio']",Torre Lamberti,strategy_nearest,True,0.0018780231475830078,success
0426E1429C4C81,3,"['Arena', 'Casa Giulietta', 'San Zeno']",Castelvecchio,"['Museo Lapidario', 'Verona Tour', 'Museo Radio', 'Sighseeing', 'Museo Miniscalchi']",Torre Lamberti,strategy_nearest,False,0.0031740665435791016,success
0426D33A9C4C81,0,['Arena'],Museo Lapidario,"['Verona Tour', 'Castelvecchio', 'Museo Radio', 'San Fermo', 'Casa Giulietta']",Casa Giulietta,strategy_nearest,True,0.0027179718017578125,success
0426E5429C4C80,3,"['Arena', 'Torre Lamberti', 'Santa Anastasia', 'San Fermo']",Museo Storia,"['Museo Radio', 'Casa Giulietta', 'Centro Fotografia', 'Tomba Giulietta', 'Sighseeing']",Casa Giulietta,strategy_nearest,True,0.0032339096069335938,success
0426E63A9C4C80,3,"['Santa Anastasia', 'Torre Lamberti']",Casa Giulietta,"['Centro Fotografia', 'Sighseeing', 'Museo Conte', 'Museo Radio', 'Palazzo della Ragione']",Arena,strategy_nearest,False,0.00273895263671875,success
04275A3A9C4C81,1,"['Museo Lapidario', 'Arena', 'Casa Giulietta', 'Torre Lamberti']",Palazzo della Ragione,"['AMO', 'Museo Conte', 'Centro Fotografia', 'Sighseeing', 'Santa Anastasia']",Santa Anastasia,strategy_nearest,True,0.0018968582153320312,success
0426F24A9C4C80,0,['Arena'],Casa Giulietta,"['Centro Fotografia', 'Sighseeing', 'Torre Lamberti', 'Museo Conte', 'Museo Radio']",Tomba Giulietta,strategy_nearest,False,0.0027709007263183594,success
0426F23A9C4C80,0,['Castelvecchio'],Arena,"['Verona Tour', 'Museo Lapidario', 'Museo Radio', 'San Fermo', 'Casa Giulietta']",Casa Giulietta,strategy_nearest,True,0.004164934158325195,success
04275B3A9C4C81,3,"['Arena', 'Casa Giulietta']",Santa Anastasia,"['AMO', 'Museo Conte', 'Palazzo della Ragione', 'Teatro Romano', 'Centro Fotografia']",Teatro Romano,strategy_nearest,True,0.003162860870361328,success
04276D3A9C4C81,1,"['Castelvecchio', 'Casa Giulietta', 'Arena', 'Tomba Giulietta', 'San Fermo']",Duomo,"['AMO', 'Museo Miniscalchi', 'Santa Anastasia', 'Teatro Romano', 'Palazzo della Ragione']",Teatro Romano,strategy_nearest,True,0.002663850784301758,success
04276E3A9C4C80,2,['Castelvecchio'],Palazzo della Ragione,"['AMO', 'Museo Conte', 'Torre Lamberti', 'Centro Fotografia', 'Sighseeing']",Torre Lamberti,strategy_nearest,True,0.003482818603515625,success
0427723A9C4C80,0,['Arena'],Casa Giulietta,"['Centro Fotografia', 'Sighseeing', 'Torre Lamberti', 'Museo Conte', 'Museo Radio']",Castelvecchio,strategy_nearest,False,0.0027778148651123047,success
04277A429C4C81,0,['Arena'],San Fermo,"['Museo Storia', 'Museo Radio', 'Casa Giulietta', 'Centro Fotografia', 'Sighseeing']",Casa Giulietta,strategy_nearest,True,0.0025930404663085938,success
0427774A9C4C81,0,['Arena'],Casa Giulietta,"['Centro Fotografia', 'Sighseeing', 'Torre Lamberti', 'Museo Conte', 'Museo Radio']",Torre Lamberti,strategy_nearest,True,0.0014219284057617188,success
042772429C4C81,0,"['Casa Giulietta', 'Torre Lamberti']",Arena,"['Verona Tour', 'Museo Lapidario', 'Museo Radio', 'San Fermo', 'Sighseeing']",Duomo,strategy_nearest,False,0.002213001251220703,success
0427744A9C4C80,1,"['Arena', 'Castelvecchio']",Palazzo della Ragione,"['AMO', 'Museo Conte', 'Torre Lamberti', 'Centro Fotografia', 'Sighseeing']",Casa Giulietta,strategy_nearest,False,0.003451108932495117,success
04277F3A9C4C80,2,"['Casa Giulietta', 'Torre Lamberti']",Palazzo della Ragione,"['AMO', 'Museo Conte', 'Centro Fotografia', 'Sighseeing', 'Santa Anastasia']",Museo Lapidario,strategy_nearest,False,0.0013310909271240234,success
04277D3A9C4C80,0,['Torre Lamberti'],Arena,"['Verona Tour', 'Museo Lapidario', 'Museo Radio', 'San Fermo', 'Casa Giulietta']",Teatro Romano,strategy_nearest,False,0.002699136734008789,success
04277A4A9C4C81,3,"['Arena', 'Teatro Romano']",Duomo,"['AMO', 'Museo Miniscalchi', 'Santa Anastasia', 'Palazzo della Ragione', 'Museo Conte']",Santa Anastasia,strategy_nearest,True,0.003337860107421875,success
0427803A9C4C80,3,"['Castelvecchio', 'Arena']",Santa Anastasia,"['AMO', 'Museo Conte', 'Palazzo della Ragione', 'Teatro Romano', 'Centro Fotografia']",Teatro Romano,strategy_nearest,True,0.0031120777130126953,success
0427894A9C4C80,0,['Arena'],Casa Giulietta,"['Centro Fotografia', 'Sighseeing', 'Torre Lamberti', 'Museo Conte', 'Museo Radio']",Castelvecchio,strategy_nearest,False,0.0012922286987304688,success
04278D429C4C80,0,['Arena'],Torre Lamberti,"['Sighseeing', 'Centro Fotografia', 'Museo Conte', 'Casa Giulietta', 'Palazzo della Ragione']",Teatro Romano,strategy_nearest,False,0.003322124481201172,success
0427884A9C4C81,0,"['Museo Lapidario', 'Castelvecchio']",Arena,"['Verona Tour', 'Museo Radio', 'San Fermo', 'Casa Giulietta', 'Sighseeing']",Casa Giulietta,strategy_nearest,True,0.002858877182006836,success
04278E429C4C80,2,"['Teatro Romano', 'Duomo']",Torre Lamberti,"['Sighseeing', 'Centro Fotografia', 'Museo Conte', 'Casa Giulietta', 'Palazzo della Ragione']",Castelvecchio,strategy_nearest,False,0.002613067626953125,success
042797429C4C81,0,"['Arena', 'Casa Giulietta']",Torre Lamberti,"['Sighseeing', 'Centro Fotografia', 'Museo Conte', 'Palazzo della Ragione', 'AMO']",Castelvecchio,strategy_nearest,False,0.0019989013671875,success
0427924A9C4C80,0,['Arena'],Casa Giulietta,"['Centro Fotografia', 'Sighseeing', 'Torre Lamberti', 'Museo Conte', 'Museo Radio']",Tomba Giulietta,strategy_nearest,False,0.002759218215942383,success
04278E4A9C4C80,0,['Arena'],Casa Giulietta,"['Centro Fotografia', 'Sighseeing', 'Torre Lamberti', 'Museo Conte', 'Museo Radio']",Tomba Giulietta,strategy_nearest,False,0.0015959739685058594,success
0427924A9C4C81,0,['Arena'],Casa Giulietta,"['Centro Fotografia', 'Sighseeing', 'Torre Lamberti', 'Museo Conte', 'Museo Radio']",Torre Lamberti,strategy_nearest,True,0.0032999515533447266,success
04279B4A9C4C81,0,['Arena'],Castelvecchio,"['Museo Lapidario', 'Verona Tour', 'Museo Radio', 'San Zeno', 'Sighseeing']",Casa Giulietta,strategy_nearest,False,0.001316070556640625,success
0427A0429C4C81,0,['Casa Giulietta'],Arena,"['Verona Tour', 'Museo Lapidario', 'Museo Radio', 'San Fermo', 'Sighseeing']",Teatro Romano,strategy_nearest,False,0.00261688232421875,success
0427974A9C4C81,2,"['Teatro Romano', 'Duomo']",Torre Lamberti,"['Sighseeing', 'Centro Fotografia', 'Museo Conte', 'Casa Giulietta', 'Palazzo della Ragione']",San Fermo,strategy_nearest,False,0.002302885055541992,success
04279B4A9C4C80,2,['Tomba Giulietta'],Castelvecchio,"['Museo Lapidario', 'Verona Tour', 'Arena', 'Museo Radio', 'San Zeno']",San Zeno,strategy_nearest,True,0.0035429000854492188,success
0427A4429C4C80,3,"['Santa Anastasia', 'Duomo']",Torre Lamberti,"['Sighseeing', 'Centro Fotografia', 'Museo Conte', 'Casa Giulietta', 'Palazzo della Ragione']",Casa Giulietta,strategy_nearest,True,0.002010822296142578,success
0427A54A9C4C80,1,['Arena'],Casa Giulietta,"['Centro Fotografia', 'Sighseeing', 'Torre Lamberti', 'Museo Conte', 'Museo Radio']",Torre Lamberti,strategy_nearest,True,0.003309965133666992,success
0427A2429C4C80,0,"['Giardino Giusti', 'Arena']",Casa Giulietta,"['Centro Fotografia', 'Sighseeing', 'Torre Lamberti', 'Museo Conte', 'Museo Radio']",Torre Lamberti,strategy_nearest,True,0.0028181076049804688,success
0427AD4A9C4C81,1,"['Castelvecchio', 'Arena']",Palazzo della Ragione,"['AMO', 'Museo Conte', 'Torre Lamberti', 'Centro Fotografia', 'Sighseeing']",Torre Lamberti,strategy_nearest,True,0.002637147903442383,success
0427AE3A9C4C81,1,"['Casa Giulietta', 'Palazzo della Ragione']",Arena,"['Verona Tour', 'Museo Lapidario', 'Museo Radio', 'San Fermo', 'Sighseeing']",Tomba Giulietta,strategy_nearest,False,0.002270936965942383,success
0427B14A9C4C80,1,"['Arena', 'Palazzo della Ragione']",Torre Lamberti,"['Sighseeing', 'Centro Fotografia', 'Museo Conte', 'Casa Giulietta', 'AMO']",Casa Giulietta,strategy_nearest,True,0.002105712890625,success
0427B24A9C4C81,1,"['Tomba Giulietta', 'Arena']",Castelvecchio,"['Museo Lapidario', 'Verona Tour', 'Museo Radio', 'San Zeno', 'Sighseeing']",San Zeno,strategy_nearest,True,0.0027320384979248047,success
0427AF4A9C4C81,0,['Arena'],Casa Giulietta,"['Centro Fotografia', 'Sighseeing', 'Torre Lamberti', 'Museo Conte', 'Museo Radio']",Duomo,strategy_nearest,False,0.003576040267944336,success
0427B44A9C4C81,0,['Arena'],Casa Giulietta,"['Centro Fotografia', 'Sighseeing', 'Torre Lamberti', 'Museo Conte', 'Museo Radio']",Tomba Giulietta,strategy_nearest,False,0.0022058486938476562,success
0427B94A9C4C81,2,['Casa Giulietta'],Torre Lamberti,"['Sighseeing', 'Centro Fotografia', 'Museo Conte', 'Palazzo della Ragione', 'AMO']",Duomo,strategy_nearest,False,0.00251007080078125,success
0427B64A9C4C80,1,"['Arena', 'Torre Lamberti', 'Palazzo della Ragione']",Duomo,"['AMO', 'Museo Miniscalchi', 'Santa Anastasia', 'Teatro Romano', 'Museo Conte']",Casa Giulietta,strategy_nearest,False,0.0033550262451171875,success
0427BB4A9C4C81,0,"['Arena', 'Torre Lamberti']",Castelvecchio,"['Museo Lapidario', 'Verona Tour', 'Museo Radio', 'San Zeno', 'Sighseeing']",Casa Giulietta,strategy_nearest,False,0.0028231143951416016,success
0427BA3A9C4C81,3,"['Tomba Giulietta', 'San Fermo', 'Teatro Romano']",Duomo,"['AMO', 'Museo Miniscalchi', 'Santa Anastasia', 'Palazzo della Ragione', 'Museo Conte']",Santa Anastasia,strategy_nearest,True,0.003204822540283203,success
0427C44A9C4C80,0,['Arena'],Torre Lamberti,"['Sighseeing', 'Centro Fotografia', 'Museo Conte', 'Casa Giulietta', 'Palazzo della Ragione']",Casa Giulietta,strategy_nearest,True,0.002068042755126953,success
0427BD4A9C4C80,0,"['Arena', 'Torre Lamberti']",Casa Giulietta,"['Centro Fotografia', 'Sighseeing', 'Museo Conte', 'Museo Radio', 'Palazzo della Ragione']",Castelvecchio,strategy_nearest,False,0.004077911376953125,success
0427BD4A9C4C81,3,"['Arena', 'Tomba Giulietta']",San Fermo,"['Museo Storia', 'Museo Radio', 'Casa Giulietta', 'Centro Fotografia', 'Sighseeing']",Casa Giulietta,strategy_nearest,True,0.0034499168395996094,success
0427C04A9C4C81,0,['Arena'],Casa Giulietta,"['Centro Fotografia', 'Sighseeing', 'Torre Lamberti', 'Museo Conte', 'Museo Radio']",San Fermo,strategy_nearest,False,0.0015289783477783203,success
0427CE4A9C4C81,0,['Arena'],Casa Giulietta,"['Centro Fotografia', 'Sighseeing', 'Torre Lamberti', 'Museo Conte', 'Museo Radio']",Torre Lamberti,strategy_nearest,True,0.0021398067474365234,success
0427C94A9C4C81,3,"['Arena', 'Casa Giulietta', 'Torre Lamberti']",Santa Anastasia,"['AMO', 'Museo Conte', 'Palazzo della Ragione', 'Teatro Romano', 'Centro Fotografia']",Duomo,strategy_nearest,False,0.001367807388305664,success
0427C94A9C4C80,0,['Arena'],Torre Lamberti,"['Sighseeing', 'Centro Fotografia', 'Museo Conte', 'Casa Giulietta', 'Palazzo della Ragione']",Teatro Romano,strategy_nearest,False,0.0028159618377685547,success
0427CF3A9C4C80,1,"['Duomo', 'Santa Anastasia', 'Torre Lamberti']",Palazzo della Ragione,"['AMO', 'Museo Conte', 'Centro Fotografia', 'Sighseeing', 'Museo Miniscalchi']",Teatro Romano,strategy_nearest,False,0.0033588409423828125,success
0427CF4A9C4C80,1,"['Arena', 'Castelvecchio', 'Casa Giulietta']",Torre Lamberti,"['Sighseeing', 'Centro Fotografia', 'Museo Conte', 'Palazzo della Ragione', 'AMO']",Palazzo della Ragione,strategy_nearest,True,0.0028018951416015625,success
0427CF3A9C4C81,1,"['Palazzo della Ragione', 'Torre Lamberti']",Arena,"['Verona Tour', 'Museo Lapidario', 'Museo Radio', 'San Fermo', 'Casa Giulietta']",Casa Giulietta,strategy_nearest,True,0.0022389888763427734,success
0427CF4A9C4C81,0,['Arena'],Casa Giulietta,"['Centro Fotografia', 'Sighseeing', 'Torre Lamberti', 'Museo Conte', 'Museo Radio']",Tomba Giulietta,strategy_nearest,False,0.003972291946411133,success
0427DA3A9C4C81,1,"['Arena', 'Casa Giulietta']",Torre Lamberti,"['Sighseeing', 'Centro Fotografia', 'Museo Conte', 'Palazzo della Ragione', 'AMO']",Palazzo della Ragione,strategy_nearest,True,0.0026509761810302734,success
0427E94A9C4C80,1,"['Arena', 'Casa Giulietta', 'Palazzo della Ragione']",Torre Lamberti,"['Sighseeing', 'Centro Fotografia', 'Museo Conte', 'AMO', 'Museo Miniscalchi']",Santa Anastasia,strategy_nearest,False,0.0013718605041503906,success
0427E73A9C4C80,1,"['Arena', 'Casa Giulietta', 'Santa Anastasia', 'Duomo']",Teatro Romano,"['AMO', 'Palazzo della Ragione', 'Museo Conte', 'Centro Fotografia', 'Museo Miniscalchi']",Palazzo della Ragione,strategy_nearest,True,0.002582073211669922,success
0427E63A9C4C80,3,"['Arena', 'Museo Lapidario', 'Castelvecchio']",Duomo,"['AMO', 'Museo Miniscalchi', 'Santa Anastasia', 'Teatro Romano', 'Palazzo della Ragione']",Teatro Romano,strategy_nearest,True,0.003228902816772461,success
0427EA429C4C80,1,"['Arena', 'Museo Lapidario', 'Castelvecchio', 'Santa Anastasia']",Duomo,"['AMO', 'Museo Miniscalchi', 'Teatro Romano', 'Palazzo della Ragione', 'Museo Conte']",Teatro Romano,strategy_nearest,True,0.003326892852783203,success
0427EF4A9C4C80,1,"['Torre Lamberti', 'Palazzo della Ragione', 'Casa Giulietta']",Santa Anastasia,"['AMO', 'Museo Conte', 'Teatro Romano', 'Centro Fotografia', 'Duomo']",Duomo,strategy_nearest,True,0.0034041404724121094,success
0427F54A9C4C80,1,"['Arena', 'Casa Giulietta']",Palazzo della Ragione,"['AMO', 'Museo Conte', 'Torre Lamberti', 'Centro Fotografia', 'Sighseeing']",Torre Lamberti,strategy_nearest,True,0.0013959407806396484,success
0427ED3A9C4C80,0,['Castelvecchio'],Arena,"['Verona Tour', 'Museo Lapidario', 'Museo Radio', 'San Fermo', 'Casa Giulietta']",Casa Giulietta,strategy_nearest,True,0.002847909927368164,success
0427F24A9C4C80,0,['Arena'],Casa Giulietta,"['Centro Fotografia', 'Sighseeing', 'Torre Lamberti', 'Museo Conte', 'Museo Radio']",Tomba Giulietta,strategy_nearest,False,0.00399017333984375,success
0428573A9C4C80,0,['Arena'],Casa Giulietta,"['Centro Fotografia', 'Sighseeing', 'Torre Lamberti', 'Museo Conte', 'Museo Radio']",Palazzo della Ragione,strategy_nearest,False,0.0014951229095458984,success
0427F6429C4C80,3,['San Zeno'],Arena,"['Verona Tour', 'Museo Lapidario', 'Museo Radio', 'San Fermo', 'Casa Giulietta']",Santa Anastasia,strategy_nearest,False,0.002947092056274414,success
04285D429C4C80,0,"['Duomo', 'Castelvecchio']",Museo Storia,"['San Fermo', 'Museo Radio', 'Casa Giulietta', 'Centro Fotografia', 'Tomba Giulietta']",Casa Giulietta,strategy_nearest,True,0.0033528804779052734,success
0428544A9C4C80,3,"['Arena', 'San Fermo']",Casa Giulietta,"['Centro Fotografia', 'Sighseeing', 'Torre Lamberti', 'Museo Conte', 'Museo Radio']",Torre Lamberti,strategy_nearest,True,0.003670930862426758,success
0428823A9C4C81,2,"['San Fermo', 'Casa Giulietta']",Santa Anastasia,"['AMO', 'Museo Conte', 'Palazzo della Ragione', 'Teatro Romano', 'Centro Fotografia']",Duomo,strategy_nearest,False,0.0026950836181640625,success
04286A3A9C4C80,1,['Palazzo della Ragione'],Casa Giulietta,"['Centro Fotografia', 'Sighseeing', 'Torre Lamberti', 'Museo Conte', 'Museo Radio']",Arena,strategy_nearest,False,0.0029249191284179688,success
0428874A9C4C80,1,"['Arena', 'Casa Giulietta']",Torre Lamberti,"['Sighseeing', 'Centro Fotografia', 'Museo Conte', 'Palazzo della Ragione', 'AMO']",Palazzo della Ragione,strategy_nearest,True,0.0020799636840820312,success
0428813A9C4C80,0,"['Duomo', 'Torre Lamberti']",Casa Giulietta,"['Centro Fotografia', 'Sighseeing', 'Museo Conte', 'Museo Radio', 'Palazzo della Ragione']",Arena,strategy_nearest,False,0.0034868717193603516,success
04288A4A9C4C80,3,['Duomo'],Santa Anastasia,"['AMO', 'Museo Conte', 'Palazzo della Ragione', 'Teatro Romano', 'Centro Fotografia']",Arena,strategy_nearest,False,0.0028481483459472656,success
042890429C4C80,1,"['Casa Giulietta', 'Palazzo della Ragione', 'Santa Anastasia']",Arena,"['Verona Tour', 'Museo Lapidario', 'Museo Radio', 'San Fermo', 'Sighseeing']",Castelvecchio,strategy_nearest,False,0.001580953598022461,success
0428944A9C4C80,3,"['Museo Lapidario', 'Arena', 'Casa Giulietta']",Torre Lamberti,"['Sighseeing', 'Centro Fotografia', 'Museo Conte', 'Palazzo della Ragione', 'AMO']",San Fermo,strategy_nearest,False,0.00269317626953125,success
04288E429C4C80,0,['Casa Giulietta'],Arena,"['Verona Tour', 'Museo Lapidario', 'Museo Radio', 'San Fermo', 'Sighseeing']",Castelvecchio,strategy_nearest,False,0.004008769989013672,success
04289E4A9C4C80,3,"['Arena', 'Casa Giulietta', 'Museo Lapidario']",Castelvecchio,"['Verona Tour', 'Museo Radio', 'San Zeno', 'Sighseeing', 'Museo Miniscalchi']",Santa Anastasia,strategy_nearest,False,0.0027382373809814453,success
0428A1429C4C80,1,"['Arena', 'Museo Lapidario']",Torre Lamberti,"['Sighseeing', 'Centro Fotografia', 'Museo Conte', 'Casa Giulietta', 'Palazzo della Ragione']",Palazzo della Ragione,strategy_nearest,True,0.0015299320220947266,success
0428A4429C4C81,0,['Arena'],Castelvecchio,"['Museo Lapidario', 'Verona Tour', 'Museo Radio', 'San Zeno', 'Sighseeing']",Museo Lapidario,strategy_nearest,True,0.0020182132720947266,success
0428974A9C4C80,0,"['Arena', 'Casa Giulietta']",Torre Lamberti,"['Sighseeing', 'Centro Fotografia', 'Museo Conte', 'Palazzo della Ragione', 'AMO']",Tomba Giulietta,strategy_nearest,False,0.003468751907348633,success
0428AD4A9C4C80,2,['Torre Lamberti'],Teatro Romano,"['Santa Anastasia', 'Duomo', 'AMO', 'Palazzo della Ragione', 'Museo Conte']",Duomo,strategy_nearest,True,0.0033800601959228516,success
0428AF4A9C4C80,2,"['Tomba Giulietta', 'San Fermo']",Casa Giulietta,"['Centro Fotografia', 'Sighseeing', 'Torre Lamberti', 'Museo Conte', 'Museo Radio']",Torre Lamberti,strategy_nearest,True,0.0018727779388427734,success
0428AE4A9C4C80,0,"['Arena', 'Torre Lamberti']",Casa Giulietta,"['Centro Fotografia', 'Sighseeing', 'Museo Conte', 'Museo Radio', 'Palazzo della Ragione']",Duomo,strategy_nearest,False,0.001990079879760742,success
0428B63A9C4C80,0,['Arena'],Casa Giulietta,"['Centro Fotografia', 'Sighseeing', 'Torre Lamberti', 'Museo Conte', 'Museo Radio']",Teatro Romano,strategy_nearest,False,0.0032820701599121094,success
0428B94A9C4C80,2,['Santa Anastasia'],Duomo,"['AMO', 'Museo Miniscalchi', 'Teatro Romano', 'Palazzo della Ragione', 'Museo Conte']",Teatro Romano,strategy_nearest,True,0.003056049346923828,success
0428BB4A9C4C80,1,"['Arena', 'Tomba Giulietta', 'Castelvecchio']",Palazzo della Ragione,"['AMO', 'Museo Conte', 'Torre Lamberti', 'Centro Fotografia', 'Sighseeing']",Teatro Romano,strategy_nearest,False,0.0035791397094726562,success
0428B64A9C4C80,3,"['Arena', 'San Zeno']",Castelvecchio,"['Museo Lapidario', 'Verona Tour', 'Museo Radio', 'Sighseeing', 'Museo Miniscalchi']",Santa Anastasia,strategy_nearest,False,0.0029180049896240234,success
0428B83A9C4C80,2,"['Casa Giulietta', 'Santa Anastasia']",Duomo,"['AMO', 'Museo Miniscalchi', 'Teatro Romano', 'Palazzo della Ragione', 'Museo Conte']",Teatro Romano,strategy_nearest,True,0.0013730525970458984,success
0428C24A9C4C80,1,['Arena'],Castelvecchio,"['Museo Lapidario', 'Verona Tour', 'Museo Radio', 'San Zeno', 'Sighseeing']",Casa Giulietta,strategy_nearest,False,0.0022988319396972656,success
0428C13A9C4C80,1,"['Arena', 'Museo Lapidario']",Palazzo della Ragione,"['AMO', 'Museo Conte', 'Torre Lamberti', 'Centro Fotografia', 'Sighseeing']",Duomo,strategy_nearest,False,0.0030357837677001953,success
0428C1429C4C80,2,['Palazzo della Ragione'],Casa Giulietta,"['Centro Fotografia', 'Sighseeing', 'Torre Lamberti', 'Museo Conte', 'Museo Radio']",Castelvecchio,strategy_nearest,False,0.0017600059509277344,success
0428C34A9C4C80,3,"['Arena', 'Casa Giulietta']",Santa Anastasia,"['AMO', 'Museo Conte', 'Palazzo della Ragione', 'Teatro Romano', 'Centro Fotografia']",Duomo,strategy_nearest,False,0.003428936004638672,success
0428E3429C4C80,3,"['Arena', 'Castelvecchio']",San Fermo,"['Museo Storia', 'Museo Radio', 'Casa Giulietta', 'Centro Fotografia', 'Sighseeing']",Teatro Romano,strategy_nearest,False,0.0028281211853027344,success
0428F13A9C4C80,0,"['San Zeno', 'San Fermo']",Arena,"['Verona Tour', 'Museo Lapidario', 'Museo Radio', 'Casa Giulietta', 'Sighseeing']",Torre Lamberti,strategy_nearest,False,0.0026619434356689453,success
0428EF429C4C80,2,['Torre Lamberti'],Teatro Romano,"['Santa Anastasia', 'Duomo', 'AMO', 'Palazzo della Ragione', 'Museo Conte']",San Zeno,strategy_nearest,False,0.003529071807861328,success
0428F03A9C4C80,3,"['Arena', 'Tomba Giulietta', 'San Fermo']",Teatro Romano,"['Santa Anastasia', 'Duomo', 'AMO', 'Palazzo della Ragione', 'Museo Conte']",Duomo,strategy_nearest,True,0.0013649463653564453,success
0428F64A9C4C80,0,['Arena'],Casa Giulietta,"['Centro Fotografia', 'Sighseeing', 'Torre Lamberti', 'Museo Conte', 'Museo Radio']",Tomba Giulietta,strategy_nearest,False,0.0020139217376708984,success
0428F2429C4C80,2,['Teatro Romano'],Duomo,"['AMO', 'Museo Miniscalchi', 'Santa Anastasia', 'Palazzo della Ragione', 'Museo Conte']",Santa Anastasia,strategy_nearest,True,0.003988027572631836,success
0428F44A9C4C80,1,['Arena'],Casa Giulietta,"['Centro Fotografia', 'Sighseeing', 'Torre Lamberti', 'Museo Conte', 'Museo Radio']",Torre Lamberti,strategy_nearest,True,0.001519918441772461,success
0428F1429C4C80,0,['Arena'],Torre Lamberti,"['Sighseeing', 'Centro Fotografia', 'Museo Conte', 'Casa Giulietta', 'Palazzo della Ragione']",Castelvecchio,strategy_nearest,False,0.004064083099365234,success
04296A4A9C4C81,3,"['Arena', 'Casa Giulietta', 'San Fermo']",Torre Lamberti,"['Sighseeing', 'Centro Fotografia', 'Museo Conte', 'Palazzo della Ragione', 'AMO']",Santa Anastasia,strategy_nearest,False,0.002193927764892578,success
0429623A9C4C81,3,"['Torre Lamberti', 'Arena']",Castelvecchio,"['Museo Lapidario', 'Verona Tour', 'Museo Radio', 'San Zeno', 'Sighseeing']",Teatro Romano,strategy_nearest,False,0.0034837722778320312,success
04296E3A9C4C81,3,"['Casa Giulietta', 'Torre Lamberti']",Arena,"['Verona Tour', 'Museo Lapidario', 'Museo Radio', 'San Fermo', 'Sighseeing']",Duomo,strategy_nearest,False,0.002620220184326172,success
0429603A9C4C81,3,"['Arena', 'Museo Lapidario', 'Castelvecchio']",Casa Giulietta,"['Centro Fotografia', 'Sighseeing', 'Torre Lamberti', 'Museo Conte', 'Museo Radio']",Tomba Giulietta,strategy_nearest,False,0.0014770030975341797,success
042971429C4C80,0,['Arena'],Castelvecchio,"['Museo Lapidario', 'Verona Tour', 'Museo Radio', 'San Zeno', 'Sighseeing']",San Zeno,strategy_nearest,True,0.0022258758544921875,success
04297D4A9C4C80,3,"['Santa Anastasia', 'Torre Lamberti']",Casa Giulietta,"['Centro Fotografia', 'Sighseeing', 'Museo Conte', 'Museo Radio', 'Palazzo della Ragione']",Arena,strategy_nearest,False,0.0013821125030517578,success
0429784A9C4C80,1,['Casa Giulietta'],Palazzo della Ragione,"['AMO', 'Museo Conte', 'Torre Lamberti', 'Centro Fotografia', 'Sighseeing']",Arena,strategy_nearest,False,0.003512144088745117,success
04297E3A9C4C81,3,['Duomo'],Santa Anastasia,"['AMO', 'Museo Conte', 'Palazzo della Ragione', 'Teatro Romano', 'Centro Fotografia']",Arena,strategy_nearest,False,0.0026390552520751953,success
0429803A9C4C80,0,['Castelvecchio'],Arena,"['Verona Tour', 'Museo Lapidario', 'Museo Radio', 'San Fermo', 'Casa Giulietta']",Casa Giulietta,strategy_nearest,True,0.0025408267974853516,success
04298B429C4C80,0,['Castelvecchio'],Casa Giulietta,"['Centro Fotografia', 'Sighseeing', 'Torre Lamberti', 'Museo Conte', 'Museo Radio']",Torre Lamberti,strategy_nearest,True,0.002749204635620117,success
04298B4A9C4C80,3,"['Arena', 'Casa Giulietta']",Torre Lamberti,"['Sighseeing', 'Centro Fotografia', 'Museo Conte', 'Palazzo della Ragione', 'AMO']",Santa Anastasia,strategy_nearest,False,0.0026502609252929688,success
0429904A9C4C80,3,"['Torre Lamberti', 'Santa Anastasia', 'Teatro Romano']",Duomo,"['AMO', 'Museo Miniscalchi', 'Palazzo della Ragione', 'Museo Conte', 'Centro Fotografia']",Casa Giulietta,strategy_nearest,False,0.003340005874633789,success
042994429C4C81,0,['Arena'],Casa Giulietta,"['Centro Fotografia', 'Sighseeing', 'Torre Lamberti', 'Museo Conte', 'Museo Radio']",Torre Lamberti,strategy_nearest,True,0.003283977508544922,success
0429994A9C4C80,2,"['Castelvecchio', 'Casa Giulietta']",Santa Anastasia,"['AMO', 'Museo Conte', 'Palazzo della Ragione', 'Teatro Romano', 'Centro Fotografia']",Duomo,strategy_nearest,False,0.001363992691040039,success
0429934A9C4C80,0,['Arena'],Teatro Romano,"['Santa Anastasia', 'Duomo', 'AMO', 'Palazzo della Ragione', 'Museo Conte']",Casa Giulietta,strategy_nearest,False,0.003974199295043945,success
0429974A9C4C81,1,"['Arena', 'Museo Lapidario', 'Casa Giulietta']",Torre Lamberti,"['Sighseeing', 'Centro Fotografia', 'Museo Conte', 'Palazzo della Ragione', 'AMO']",Palazzo della Ragione,strategy_nearest,True,0.003158092498779297,success
0429A0429C4C80,0,['Arena'],Torre Lamberti,"['Sighseeing', 'Centro Fotografia', 'Museo Conte', 'Casa Giulietta', 'Palazzo della Ragione']",Teatro Romano,strategy_nearest,False,0.002849102020263672,success
0429AC3A9C4C80,0,['Arena'],Castelvecchio,"['Museo Lapidario', 'Verona Tour', 'Museo Radio', 'San Zeno', 'Sighseeing']",Casa Giulietta,strategy_nearest,False,0.0034139156341552734,success
0429AC4A9C4C81,0,['Castelvecchio'],Arena,"['Verona Tour', 'Museo Lapidario', 'Museo Radio', 'San Fermo', 'Casa Giulietta']",Tomba Giulietta,strategy_nearest,False,0.0013580322265625,success
04299B429C4C80,0,"['Casa Giulietta', 'Torre Lamberti']",Arena,"['Verona Tour', 'Museo Lapidario', 'Museo Radio', 'San Fermo', 'Sighseeing']",Duomo,strategy_nearest,False,0.0023119449615478516,success
0429AE4A9C4C80,3,"['Tomba Giulietta', 'Arena']",Casa Giulietta,"['Centro Fotografia', 'Sighseeing', 'Torre Lamberti', 'Museo Conte', 'Museo Radio']",Torre Lamberti,strategy_nearest,True,0.0013918876647949219,success
0429AE3A9C4C81,1,"['Casa Giulietta', 'Torre Lamberti', 'Palazzo della Ragione']",Arena,"['Verona Tour', 'Museo Lapidario', 'Museo Radio', 'San Fermo', 'Sighseeing']",Castelvecchio,strategy_nearest,False,0.002187013626098633,success
0429B04A9C4C81,0,['Arena'],Casa Giulietta,"['Centro Fotografia', 'Sighseeing', 'Torre Lamberti', 'Museo Conte', 'Museo Radio']",Torre Lamberti,strategy_nearest,True,0.003314971923828125,success
0429AF4A9C4C81,1,"['Arena', 'Casa Giulietta', 'Palazzo della Ragione']",Santa Anastasia,"['AMO', 'Museo Conte', 'Teatro Romano', 'Centro Fotografia', 'Duomo']",Teatro Romano,strategy_nearest,True,0.0027909278869628906,success
0429B2429C4C80,1,"['Arena', 'Museo Lapidario', 'Casa Giulietta']",Torre Lamberti,"['Sighseeing', 'Centro Fotografia', 'Museo Conte', 'Palazzo della Ragione', 'AMO']",Palazzo della Ragione,strategy_nearest,True,0.0013849735260009766,success
0429B34A9C4C81,1,"['Arena', 'Casa Giulietta']",Torre Lamberti,"['Sighseeing', 'Centro Fotografia', 'Museo Conte', 'Palazzo della Ragione', 'AMO']",Palazzo della Ragione,strategy_nearest,True,0.003267049789428711,success
0429B14A9C4C80,1,"['Arena', 'Palazzo della Ragione']",Torre Lamberti,"['Sighseeing', 'Centro Fotografia', 'Museo Conte', 'Casa Giulietta', 'AMO']",Casa Giulietta,strategy_nearest,True,0.0034847259521484375,success
0429B14A9C4C81,0,['Museo Lapidario'],Arena,"['Verona Tour', 'Museo Radio', 'San Fermo', 'Casa Giulietta', 'Sighseeing']",Duomo,strategy_nearest,False,0.0028209686279296875,success
0429B64A9C4C80,3,"['Arena', 'Castelvecchio']",Torre Lamberti,"['Sighseeing', 'Centro Fotografia', 'Museo Conte', 'Casa Giulietta', 'Palazzo della Ragione']",Casa Giulietta,strategy_nearest,True,0.0021932125091552734,success
0429B63A9C4C80,1,"['Casa Giulietta', 'Arena']",Palazzo della Ragione,"['AMO', 'Museo Conte', 'Torre Lamberti', 'Centro Fotografia', 'Sighseeing']",Torre Lamberti,strategy_nearest,True,0.0028219223022460938,success
0429B94A9C4C81,0,['Arena'],Casa Giulietta,"['Centro Fotografia', 'Sighseeing', 'Torre Lamberti', 'Museo Conte', 'Museo Radio']",Torre Lamberti,strategy_nearest,True,0.0033948421478271484,success
0429B44A9C4C81,0,['Arena'],Casa Giulietta,"['Centro Fotografia', 'Sighseeing', 'Torre Lamberti', 'Museo Conte', 'Museo Radio']",Castelvecchio,strategy_nearest,False,0.0017468929290771484,success
0429BB4A9C4C81,3,"['Arena', 'Casa Giulietta']",Torre Lamberti,"['Sighseeing', 'Centro Fotografia', 'Museo Conte', 'Palazzo della Ragione', 'AMO']",Santa Anastasia,strategy_nearest,False,0.0019779205322265625,success
0429C14A9C4C80,0,['Castelvecchio'],Arena,"['Verona Tour', 'Museo Lapidario', 'Museo Radio', 'San Fermo', 'Casa Giulietta']",Casa Giulietta,strategy_nearest,True,0.0026009082794189453,success
0429BF3A9C4C80,0,['Casa Giulietta'],Arena,"['Verona Tour', 'Museo Lapidario', 'Museo Radio', 'San Fermo', 'Sighseeing']",Castelvecchio,strategy_nearest,False,0.004048347473144531,success
0429C03A9C4C80,2,"['Palazzo della Ragione', 'Torre Lamberti']",Santa Anastasia,"['AMO', 'Museo Conte', 'Teatro Romano', 'Centro Fotografia', 'Duomo']",Duomo,strategy_nearest,True,0.0020799636840820312,success
0429C34A9C4C80,1,"['Arena', 'Casa Giulietta']",Santa Anastasia,"['AMO', 'Museo Conte', 'Palazzo della Ragione', 'Teatro Romano', 'Centro Fotografia']",Palazzo della Ragione,strategy_nearest,True,0.002238035202026367,success
0429CC4A9C4C81,3,"['Torre Lamberti', 'Santa Anastasia']",Teatro Romano,"['Duomo', 'AMO', 'Palazzo della Ragione', 'Museo Conte', 'Centro Fotografia']",Duomo,strategy_nearest,True,0.002624034881591797,success
0429CA4A9C4C81,1,"['Castelvecchio', 'Arena', 'Casa Giulietta', 'Torre Lamberti']",Palazzo della Ragione,"['AMO', 'Museo Conte', 'Centro Fotografia', 'Sighseeing', 'Santa Anastasia']",Santa Anastasia,strategy_nearest,True,0.002176046371459961,success
0429CA4A9C4C80,3,"['Castelvecchio', 'San Fermo']",Santa Anastasia,"['AMO', 'Museo Conte', 'Palazzo della Ragione', 'Teatro Romano', 'Centro Fotografia']",Casa Giulietta,strategy_nearest,False,0.003400087356567383,success
0429CD3A9C4C81,3,"['Santa Anastasia', 'Torre Lamberti']",Casa Giulietta,"['Centro Fotografia', 'Sighseeing', 'Museo Conte', 'Museo Radio', 'Palazzo della Ragione']",Arena,strategy_nearest,False,0.002240896224975586,success
0429D04A9C4C80,0,['Arena'],Casa Giulietta,"['Centro Fotografia', 'Sighseeing', 'Torre Lamberti', 'Museo Conte', 'Museo Radio']",Castelvecchio,strategy_nearest,False,0.0034508705139160156,success
0429CF4A9C4C81,2,"['Casa Giulietta', 'Torre Lamberti']",Duomo,"['AMO', 'Museo Miniscalchi', 'Santa Anastasia', 'Teatro Romano', 'Palazzo della Ragione']",Tomba Giulietta,strategy_nearest,False,0.001608133316040039,success
0429D24A9C4C81,3,"['Arena', 'Casa Giulietta', 'Santa Anastasia']",Teatro Romano,"['Duomo', 'AMO', 'Palazzo della Ragione', 'Museo Conte', 'Centro Fotografia']",Duomo,strategy_nearest,True,0.0026214122772216797,success
0429D63A9C4C81,4,"['Arena', 'San Fermo', 'Santa Anastasia']",Museo Radio,"['Casa Giulietta', 'Sighseeing', 'Torre Lamberti', 'Centro Fotografia', 'Verona Tour']",Tomba Giulietta,strategy_nearest,False,0.002680063247680664,success
0429D83A9C4C80,3,['Arena'],Torre Lamberti,"['Sighseeing', 'Centro Fotografia', 'Museo Conte', 'Casa Giulietta', 'Palazzo della Ragione']",Duomo,strategy_nearest,False,0.003242969512939453,success
0429F24A9C4C80,0,['Arena'],Casa Giulietta,"['Centro Fotografia', 'Sighseeing', 'Torre Lamberti', 'Museo Conte', 'Museo Radio']",Torre Lamberti,strategy_nearest,True,0.0020101070404052734,success
0429D4429C4C80,3,"['Arena', 'Casa Giulietta', 'Tomba Giulietta']",Castelvecchio,"['Museo Lapidario', 'Verona Tour', 'Museo Radio', 'San Zeno', 'Sighseeing']",Duomo,strategy_nearest,False,0.0027968883514404297,success
042A713A9C4C80,3,"['Museo Lapidario', 'Castelvecchio', 'Teatro Romano']",Duomo,"['AMO', 'Museo Miniscalchi', 'Santa Anastasia', 'Palazzo della Ragione', 'Museo Conte']",Casa Giulietta,strategy_nearest,False,0.0013937950134277344,success
042A6B3A9C4C81,1,"['Arena', 'Torre Lamberti', 'Casa Giulietta']",Santa Anastasia,"['AMO', 'Museo Conte', 'Palazzo della Ragione', 'Teatro Romano', 'Centro Fotografia']",Teatro Romano,strategy_nearest,True,0.0021300315856933594,success
042A643A9C4C81,3,"['Arena', 'Museo Lapidario', 'Tomba Giulietta', 'San Fermo', 'Museo Storia']",Casa Giulietta,"['Centro Fotografia', 'Sighseeing', 'Torre Lamberti', 'Museo Conte', 'Museo Radio']",Teatro Romano,strategy_nearest,False,0.002741098403930664,success
0429F64A9C4C80,2,['Museo Lapidario'],Castelvecchio,"['Verona Tour', 'Arena', 'Museo Radio', 'San Zeno', 'Sighseeing']",Casa Giulietta,strategy_nearest,False,0.003384113311767578,success
042A76429C4C80,0,['Arena'],Castelvecchio,"['Museo Lapidario', 'Verona Tour', 'Museo Radio', 'San Zeno', 'Sighseeing']",Teatro Romano,strategy_nearest,False,0.0015120506286621094,success
042A774A9C4C81,0,['Arena'],Castelvecchio,"['Museo Lapidario', 'Verona Tour', 'Museo Radio', 'San Zeno', 'Sighseeing']",Casa Giulietta,strategy_nearest,False,0.002791881561279297,success
042A784A9C4C81,0,['Arena'],Castelvecchio,"['Museo Lapidario', 'Verona Tour', 'Museo Radio', 'San Zeno', 'Sighseeing']",Casa Giulietta,strategy_nearest,False,0.0020380020141601562,success
042A754A9C4C80,3,"['Arena', 'Casa Giulietta']",Torre Lamberti,"['Sighseeing', 'Centro Fotografia', 'Museo Conte', 'Palazzo della Ragione', 'AMO']",Santa Anastasia,strategy_nearest,False,0.004128932952880859,success
042A7A4A9C4C80,2,"['Casa Giulietta', 'Santa Anastasia']",Teatro Romano,"['Duomo', 'AMO', 'Palazzo della Ragione', 'Museo Conte', 'Centro Fotografia']",Duomo,strategy_nearest,True,0.0022020339965820312,success
042A7B4A9C4C80,0,['Castelvecchio'],Arena,"['Verona Tour', 'Museo Lapidario', 'Museo Radio', 'San Fermo', 'Casa Giulietta']",Casa Giulietta,strategy_nearest,True,0.0032951831817626953,success
042A7C3A9C4C80,1,"['Castelvecchio', 'Torre Lamberti', 'Palazzo della Ragione']",Santa Anastasia,"['AMO', 'Museo Conte', 'Teatro Romano', 'Centro Fotografia', 'Duomo']",Arena,strategy_nearest,False,0.0020148754119873047,success
042A7A429C4C81,0,['Arena'],Castelvecchio,"['Museo Lapidario', 'Verona Tour', 'Museo Radio', 'San Zeno', 'Sighseeing']",Casa Giulietta,strategy_nearest,False,0.003419160842895508,success
042A824A9C4C80,0,['Arena'],Casa Giulietta,"['Centro Fotografia', 'Sighseeing', 'Torre Lamberti', 'Museo Conte', 'Museo Radio']",Torre Lamberti,strategy_nearest,True,0.002753019332885742,success
042A8C4A9C4C80,0,['Arena'],Casa Giulietta,"['Centro Fotografia', 'Sighseeing', 'Torre Lamberti', 'Museo Conte', 'Museo Radio']",Castelvecchio,strategy_nearest,False,0.003139019012451172,success
042A7D4A9C4C81,1,"['Castelvecchio', 'Arena']",Torre Lamberti,"['Sighseeing', 'Centro Fotografia', 'Museo Conte', 'Casa Giulietta', 'Palazzo della Ragione']",Palazzo della Ragione,strategy_nearest,True,0.0016047954559326172,success
042A7D429C4C80,0,['Castelvecchio'],Arena,"['Verona Tour', 'Museo Lapidario', 'Museo Radio', 'San Fermo', 'Casa Giulietta']",Torre Lamberti,strategy_nearest,False,0.0022389888763427734,success
042A954A9C4C80,0,"['Arena', 'Castelvecchio']",Torre Lamberti,"['Sighseeing', 'Centro Fotografia', 'Museo Conte', 'Casa Giulietta', 'Palazzo della Ragione']",Duomo,strategy_nearest,False,0.0025746822357177734,success
042A8E4A9C4C81,3,"['Arena', 'San Fermo', 'Casa Giulietta']",Torre Lamberti,"['Sighseeing', 'Centro Fotografia', 'Museo Conte', 'Palazzo della Ragione', 'AMO']",Santa Anastasia,strategy_nearest,False,0.0016031265258789062,success
042A934A9C4C81,3,"['Torre Lamberti', 'Casa Giulietta']",Teatro Romano,"['Santa Anastasia', 'Duomo', 'AMO', 'Palazzo della Ragione', 'Museo Conte']",Duomo,strategy_nearest,True,0.0021657943725585938,success
042A944A9C4C80,3,"['Museo Lapidario', 'Arena', 'Casa Giulietta']",Torre Lamberti,"['Sighseeing', 'Centro Fotografia', 'Museo Conte', 'Palazzo della Ragione', 'AMO']",San Fermo,strategy_nearest,False,0.0032889842987060547,success
042A97429C4C80,3,"['Casa Giulietta', 'Torre Lamberti']",Santa Anastasia,"['AMO', 'Museo Conte', 'Palazzo della Ragione', 'Teatro Romano', 'Centro Fotografia']",Duomo,strategy_nearest,False,0.001600027084350586,success
042A994A9C4C81,0,['Arena'],Casa Giulietta,"['Centro Fotografia', 'Sighseeing', 'Torre Lamberti', 'Museo Conte', 'Museo Radio']",Torre Lamberti,strategy_nearest,True,0.002168893814086914,success
042AA04A9C4C81,0,['Arena'],Casa Giulietta,"['Centro Fotografia', 'Sighseeing', 'Torre Lamberti', 'Museo Conte', 'Museo Radio']",Castelvecchio,strategy_nearest,False,0.0025670528411865234,success
042A954A9C4C81,1,"['Arena', 'Castelvecchio', 'Torre Lamberti']",Palazzo della Ragione,"['AMO', 'Museo Conte', 'Centro Fotografia', 'Sighseeing', 'Santa Anastasia']",Santa Anastasia,strategy_nearest,True,0.0034270286560058594,success
042AAE3A9C4C81,0,['Arena'],Casa Giulietta,"['Centro Fotografia', 'Sighseeing', 'Torre Lamberti', 'Museo Conte', 'Museo Radio']",Duomo,strategy_nearest,False,0.0025908946990966797,success
042AA93A9C4C80,0,['Arena'],Torre Lamberti,"['Sighseeing', 'Centro Fotografia', 'Museo Conte', 'Casa Giulietta', 'Palazzo della Ragione']",Castelvecchio,strategy_nearest,False,0.0014429092407226562,success
042AA5429C4C81,3,['Arena'],Casa Giulietta,"['Centro Fotografia', 'Sighseeing', 'Torre Lamberti', 'Museo Conte', 'Museo Radio']",Torre Lamberti,strategy_nearest,True,0.0026938915252685547,success
042AB04A9C4C81,0,['Castelvecchio'],Arena,"['Verona Tour', 'Museo Lapidario', 'Museo Radio', 'San Fermo', 'Casa Giulietta']",Casa Giulietta,strategy_nearest,True,0.0032508373260498047,success
042AB43A9C4C81,3,"['Arena', 'Torre Lamberti']",Santa Anastasia,"['AMO', 'Museo Conte', 'Palazzo della Ragione', 'Teatro Romano', 'Centro Fotografia']",Duomo,strategy_nearest,False,0.0024192333221435547,success
042AB1429C4C81,2,['Palazzo della Ragione'],Torre Lamberti,"['Sighseeing', 'Centro Fotografia', 'Museo Conte', 'Casa Giulietta', 'AMO']",Casa Giulietta,strategy_nearest,True,0.001631021499633789,success
042AB64A9C4C80,1,"['San Fermo', 'Casa Giulietta']",Torre Lamberti,"['Sighseeing', 'Centro Fotografia', 'Museo Conte', 'Palazzo della Ragione', 'AMO']",Palazzo della Ragione,strategy_nearest,True,0.0033922195434570312,success
042AB73A9C4C80,0,['Torre Lamberti'],Casa Giulietta,"['Centro Fotografia', 'Sighseeing', 'Museo Conte', 'Museo Radio', 'Palazzo della Ragione']",Arena,strategy_nearest,False,0.0025589466094970703,success
042AB6429C4C80,3,['Arena'],Santa Anastasia,"['AMO', 'Museo Conte', 'Palazzo della Ragione', 'Teatro Romano', 'Centro Fotografia']",Teatro Romano,strategy_nearest,True,0.0027000904083251953,success
042AB74A9C4C80,3,"['Arena', 'Casa Giulietta']",Torre Lamberti,"['Sighseeing', 'Centro Fotografia', 'Museo Conte', 'Palazzo della Ragione', 'AMO']",Santa Anastasia,strategy_nearest,False,0.0031828880310058594,success
042AB93A9C4C80,0,['Arena'],Casa Giulietta,"['Centro Fotografia', 'Sighseeing', 'Torre Lamberti', 'Museo Conte', 'Museo Radio']",Duomo,strategy_nearest,False,0.0017709732055664062,success
042AB94A9C4C81,0,['Arena'],Casa Giulietta,"['Centro Fotografia', 'Sighseeing', 'Torre Lamberti', 'Museo Conte', 'Museo Radio']",Torre Lamberti,strategy_nearest,True,0.0033028125762939453,success
042AB84A9C4C81,0,['Teatro Romano'],Tomba Giulietta,"['San Fermo', 'Museo Storia', 'Arena', 'Museo Lapidario', 'Museo Radio']",Museo Lapidario,strategy_nearest,True,0.0033469200134277344,success
042ABA4A9C4C80,3,"['Castelvecchio', 'Arena']",Casa Giulietta,"['Centro Fotografia', 'Sighseeing', 'Torre Lamberti', 'Museo Conte', 'Museo Radio']",Torre Lamberti,strategy_nearest,True,0.00302886962890625,success
042AC2429C4C81,0,['Arena'],San Zeno,"['Castelvecchio', 'Verona Tour', 'Museo Lapidario', 'Museo Miniscalchi', 'Sighseeing']",Torre Lamberti,strategy_nearest,False,0.002740144729614258,success
042ABB4A9C4C81,3,"['Arena', 'San Fermo', 'Santa Anastasia']",Teatro Romano,"['Duomo', 'AMO', 'Palazzo della Ragione', 'Museo Conte', 'Centro Fotografia']",Duomo,strategy_nearest,True,0.001611948013305664,success
042ABE4A9C4C81,0,['Arena'],Museo Lapidario,"['Verona Tour', 'Castelvecchio', 'Museo Radio', 'San Fermo', 'Casa Giulietta']",Teatro Romano,strategy_nearest,False,0.002176046371459961,success
042AC34A9C4C80,3,"['Arena', 'Casa Giulietta']",Santa Anastasia,"['AMO', 'Museo Conte', 'Palazzo della Ragione', 'Teatro Romano', 'Centro Fotografia']",Duomo,strategy_nearest,False,0.0031807422637939453,success
042ACA4A9C4C81,3,"['Arena', 'Torre Lamberti']",Casa Giulietta,"['Centro Fotografia', 'Sighseeing', 'Museo Conte', 'Museo Radio', 'Palazzo della Ragione']",Santa Anastasia,strategy_nearest,False,0.0019080638885498047,success
042ACB429C4C81,0,['Casa Giulietta'],Arena,"['Verona Tour', 'Museo Lapidario', 'Museo Radio', 'San Fermo', 'Sighseeing']",San Zeno,strategy_nearest,False,0.002869844436645508,success
042ACB4A9C4C81,1,"['Arena', 'Casa Giulietta']",Palazzo della Ragione,"['AMO', 'Museo Conte', 'Torre Lamberti', 'Centro Fotografia', 'Sighseeing']",Torre Lamberti,strategy_nearest,True,0.0016202926635742188,success
042ACC4A9C4C80,3,"['Duomo', 'Casa Giulietta']",Santa Anastasia,"['AMO', 'Museo Conte', 'Palazzo della Ragione', 'Teatro Romano', 'Centro Fotografia']",Torre Lamberti,strategy_nearest,False,0.002154111862182617,success
042ACD4A9C4C81,3,"['Arena', 'Casa Giulietta']",Santa Anastasia,"['AMO', 'Museo Conte', 'Palazzo della Ragione', 'Teatro Romano', 'Centro Fotografia']",Duomo,strategy_nearest,False,0.0034477710723876953,success
042AD43A9C4C81,3,"['Arena', 'Torre Lamberti', 'Santa Anastasia']",Teatro Romano,"['Duomo', 'AMO', 'Palazzo della Ragione', 'Museo Conte', 'Centro Fotografia']",Casa Giulietta,strategy_nearest,False,0.001226186752319336,success
042AD03A9C4C81,3,"['Arena', 'Casa Giulietta']",Torre Lamberti,"['Sighseeing', 'Centro Fotografia', 'Museo Conte', 'Palazzo della Ragione', 'AMO']",Teatro Romano,strategy_nearest,False,0.0027399063110351562,success
042ACE4A9C4C81,2,"['Museo Lapidario', 'Casa Giulietta']",Torre Lamberti,"['Sighseeing', 'Centro Fotografia', 'Museo Conte', 'Palazzo della Ragione', 'AMO']",Palazzo della Ragione,strategy_nearest,True,0.0034189224243164062,success
042AD73A9C4C81,1,"['Arena', 'Giardino Giusti', 'Teatro Romano']",Casa Giulietta,"['Centro Fotografia', 'Sighseeing', 'Torre Lamberti', 'Museo Conte', 'Museo Radio']",Torre Lamberti,strategy_nearest,True,0.003448009490966797,success
042ADA429C4C80,0,['Arena'],Castelvecchio,"['Museo Lapidario', 'Verona Tour', 'Museo Radio', 'San Zeno', 'Sighseeing']",Casa Giulietta,strategy_nearest,False,0.0033562183380126953,success
042ADD429C4C81,3,"['Museo Storia', 'Giardino Giusti', 'Teatro Romano', 'Duomo']",Museo Lapidario,"['Verona Tour', 'Arena', 'Castelvecchio', 'Museo Radio', 'San Fermo']",Tomba Giulietta,strategy_nearest,False,0.003448963165283203,success
042ADE429C4C80,1,"['Palazzo della Ragione', 'Torre Lamberti', 'Casa Giulietta', 'Duomo']",Santa Anastasia,"['AMO', 'Museo Conte', 'Teatro Romano', 'Centro Fotografia', 'Sighseeing']",Teatro Romano,strategy_nearest,True,0.0020449161529541016,success
042AE83A9C4C80,1,['Arena'],Casa Giulietta,"['Centro Fotografia', 'Sighseeing', 'Torre Lamberti', 'Museo Conte', 'Museo Radio']",Torre Lamberti,strategy_nearest,True,0.0033273696899414062,success
042AE84A9C4C80,3,['Arena'],Casa Giulietta,"['Centro Fotografia', 'Sighseeing', 'Torre Lamberti', 'Museo Conte', 'Museo Radio']",Santa Anastasia,strategy_nearest,False,0.0027778148651123047,success
042AF44A9C4C80,2,['Casa Giulietta'],Torre Lamberti,"['Sighseeing', 'Centro Fotografia', 'Museo Conte', 'Palazzo della Ragione', 'AMO']",Duomo,strategy_nearest,False,0.0014662742614746094,success
042AF84A9C4C80,0,"['Giardino Giusti', 'Teatro Romano']",Duomo,"['AMO', 'Museo Miniscalchi', 'Santa Anastasia', 'Palazzo della Ragione', 'Museo Conte']",Arena,strategy_nearest,False,0.002538919448852539,success
042AED4A9C4C80,2,['Casa Giulietta'],Torre Lamberti,"['Sighseeing', 'Centro Fotografia', 'Museo Conte', 'Palazzo della Ragione', 'AMO']",Santa Anastasia,strategy_nearest,False,0.003983020782470703,success
042B7B3A9C4C81,0,['Arena'],Casa Giulietta,"['Centro Fotografia', 'Sighseeing', 'Torre Lamberti', 'Museo Conte', 'Museo Radio']",Torre Lamberti,strategy_nearest,True,0.0012857913970947266,success
042B75429C4C81,2,"['Castelvecchio', 'San Zeno']",Palazzo della Ragione,"['AMO', 'Museo Conte', 'Torre Lamberti', 'Centro Fotografia', 'Sighseeing']",Santa Anastasia,strategy_nearest,False,0.002621889114379883,success
042B6D3A9C4C80,0,"['Arena', 'Castelvecchio']",Santa Anastasia,"['AMO', 'Museo Conte', 'Palazzo della Ragione', 'Teatro Romano', 'Centro Fotografia']",Casa Giulietta,strategy_nearest,False,0.003284931182861328,success
042B7C4A9C4C81,3,"['Castelvecchio', 'Arena', 'Casa Giulietta']",Torre Lamberti,"['Sighseeing', 'Centro Fotografia', 'Museo Conte', 'Palazzo della Ragione', 'AMO']",Tomba Giulietta,strategy_nearest,False,0.0034012794494628906,success
042B7D3A9C4C81,3,"['Santa Anastasia', 'Duomo']",Castelvecchio,"['Museo Lapidario', 'Verona Tour', 'Arena', 'Museo Radio', 'San Zeno']",Torre Lamberti,strategy_nearest,False,0.003943204879760742,success
042B7D4A9C4C81,3,"['Casa Giulietta', 'San Fermo', 'Teatro Romano']",Duomo,"['AMO', 'Museo Miniscalchi', 'Santa Anastasia', 'Palazzo della Ragione', 'Museo Conte']",Santa Anastasia,strategy_nearest,True,0.0018298625946044922,success
042B7D4A9C4C80,3,"['Duomo', 'Santa Anastasia']",Casa Giulietta,"['Centro Fotografia', 'Sighseeing', 'Torre Lamberti', 'Museo Conte', 'Museo Radio']",Arena,strategy_nearest,False,0.0025300979614257812,success
042B813A9C4C80,1,"['Arena', 'Palazzo della Ragione', 'Torre Lamberti']",Casa Giulietta,"['Centro Fotografia', 'Sighseeing', 'Museo Conte', 'Museo Radio', 'San Fermo']",Santa Anastasia,strategy_nearest,False,0.0028090476989746094,success
042B833A9C4C80,0,['Casa Giulietta'],Castelvecchio,"['Museo Lapidario', 'Verona Tour', 'Arena', 'Museo Radio', 'San Zeno']",Arena,strategy_nearest,True,0.0020759105682373047,success
042B824A9C4C80,2,['San Zeno'],Castelvecchio,"['Museo Lapidario', 'Verona Tour', 'Arena', 'Museo Radio', 'Sighseeing']",Teatro Romano,strategy_nearest,False,0.0027060508728027344,success
042B8C429C4C80,1,"['Arena', 'Casa Giulietta', 'Teatro Romano', 'Duomo']",Palazzo della Ragione,"['AMO', 'Museo Conte', 'Torre Lamberti', 'Centro Fotografia', 'Sighseeing']",Torre Lamberti,strategy_nearest,True,0.003367900848388672,success
042B8E4A9C4C80,0,['Arena'],Casa Giulietta,"['Centro Fotografia', 'Sighseeing', 'Torre Lamberti', 'Museo Conte', 'Museo Radio']",Santa Anastasia,strategy_nearest,False,0.002907276153564453,success
042B94429C4C80,0,['Arena'],Casa Giulietta,"['Centro Fotografia', 'Sighseeing', 'Torre Lamberti', 'Museo Conte', 'Museo Radio']",Duomo,strategy_nearest,False,0.0026531219482421875,success
042B95429C4C80,0,['Arena'],Casa Giulietta,"['Centro Fotografia', 'Sighseeing', 'Torre Lamberti', 'Museo Conte', 'Museo Radio']",Duomo,strategy_nearest,False,0.0031697750091552734,success
042B9F4A9C4C81,0,['Casa Giulietta'],Arena,"['Verona Tour', 'Museo Lapidario', 'Museo Radio', 'San Fermo', 'Sighseeing']",Tomba Giulietta,strategy_nearest,False,0.003968954086303711,success
042BA63A9C4C80,2,"['Museo Lapidario', 'Castelvecchio']",Duomo,"['AMO', 'Museo Miniscalchi', 'Santa Anastasia', 'Teatro Romano', 'Palazzo della Ragione']",Torre Lamberti,strategy_nearest,False,0.003256082534790039,success
042BA3429C4C81,3,['Arena'],Casa Giulietta,"['Centro Fotografia', 'Sighseeing', 'Torre Lamberti', 'Museo Conte', 'Museo Radio']",Santa Anastasia,strategy_nearest,False,0.002399921417236328,success
042BA93A9C4C81,3,"['Duomo', 'Teatro Romano']",Casa Giulietta,"['Centro Fotografia', 'Sighseeing', 'Torre Lamberti', 'Museo Conte', 'Museo Radio']",Torre Lamberti,strategy_nearest,True,0.0032529830932617188,success
042BAD3A9C4C81,2,['Castelvecchio'],Casa Giulietta,"['Centro Fotografia', 'Sighseeing', 'Torre Lamberti', 'Museo Conte', 'Museo Radio']",Santa Anastasia,strategy_nearest,False,0.0025861263275146484,success
042BAF4A9C4C80,1,"['Arena', 'Casa Giulietta', 'Palazzo della Ragione']",Santa Anastasia,"['AMO', 'Museo Conte', 'Teatro Romano', 'Centro Fotografia', 'Duomo']",Duomo,strategy_nearest,True,0.0026171207427978516,success
042BAD4A9C4C80,0,['Arena'],Casa Giulietta,"['Centro Fotografia', 'Sighseeing', 'Torre Lamberti', 'Museo Conte', 'Museo Radio']",Teatro Romano,strategy_nearest,False,0.0020699501037597656,success
042BB24A9C4C81,0,['Arena'],Casa Giulietta,"['Centro Fotografia', 'Sighseeing', 'Torre Lamberti', 'Museo Conte', 'Museo Radio']",Torre Lamberti,strategy_nearest,True,0.003297090530395508,success
042BB04A9C4C80,3,"['Arena', 'Casa Giulietta']",Santa Anastasia,"['AMO', 'Museo Conte', 'Palazzo della Ragione', 'Teatro Romano', 'Centro Fotografia']",Duomo,strategy_nearest,False,0.0033431053161621094,success
042BB64A9C4C81,1,"['Arena', 'Torre Lamberti']",Palazzo della Ragione,"['AMO', 'Museo Conte', 'Centro Fotografia', 'Sighseeing', 'Santa Anastasia']",Santa Anastasia,strategy_nearest,True,0.002652883529663086,success
042BB94A9C4C81,3,"['Arena', 'Tomba Giulietta', 'Tomba Giulietta']",Casa Giulietta,"['Centro Fotografia', 'Sighseeing', 'Torre Lamberti', 'Museo Conte', 'Museo Radio']",Torre Lamberti,strategy_nearest,True,0.002588033676147461,success
042BB74A9C4C80,1,"['Arena', 'Museo Lapidario', 'Castelvecchio', 'Torre Lamberti']",Palazzo della Ragione,"['AMO', 'Museo Conte', 'Centro Fotografia', 'Sighseeing', 'Santa Anastasia']",Casa Giulietta,strategy_nearest,False,0.003353118896484375,success
042BB8429C4C81,0,['Arena'],Casa Giulietta,"['Centro Fotografia', 'Sighseeing', 'Torre Lamberti', 'Museo Conte', 'Museo Radio']",Torre Lamberti,strategy_nearest,True,0.003422975540161133,success
042BBB4A9C4C80,1,['Arena'],Casa Giulietta,"['Centro Fotografia', 'Sighseeing', 'Torre Lamberti', 'Museo Conte', 'Museo Radio']",Palazzo della Ragione,strategy_nearest,False,0.0023980140686035156,success
042BC03A9C4C81,1,"['Arena', 'Palazzo della Ragione']",Torre Lamberti,"['Sighseeing', 'Centro Fotografia', 'Museo Conte', 'Casa Giulietta', 'AMO']",Casa Giulietta,strategy_nearest,True,0.0015778541564941406,success
042BBF4A9C4C80,3,"['Arena', 'Museo Lapidario']",Duomo,"['AMO', 'Museo Miniscalchi', 'Santa Anastasia', 'Teatro Romano', 'Palazzo della Ragione']",Santa Anastasia,strategy_nearest,True,0.0024530887603759766,success
042BC24A9C4C80,0,['Arena'],Museo Lapidario,"['Verona Tour', 'Castelvecchio', 'Museo Radio', 'San Fermo', 'Casa Giulietta']",Castelvecchio,strategy_nearest,True,0.001911163330078125,success
042BC34A9C4C81,0,['Arena'],Casa Giulietta,"['Centro Fotografia', 'Sighseeing', 'Torre Lamberti', 'Museo Conte', 'Museo Radio']",Torre Lamberti,strategy_nearest,True,0.0031249523162841797,success
042BC2429C4C81,1,"['Castelvecchio', 'Arena']",Casa Giulietta,"['Centro Fotografia', 'Sighseeing', 'Torre Lamberti', 'Museo Conte', 'Museo Radio']",Torre Lamberti,strategy_nearest,True,0.003607034683227539,success
042BC24A9C4C81,3,"['Arena', 'Casa Giulietta']",Tomba Giulietta,"['San Fermo', 'Museo Storia', 'Museo Lapidario', 'Museo Radio', 'Verona Tour']",Santa Anastasia,strategy_nearest,False,0.0027701854705810547,success
042BC44A9C4C81,1,"['Arena', 'Santa Anastasia']",Casa Giulietta,"['Centro Fotografia', 'Sighseeing', 'Torre Lamberti', 'Museo Conte', 'Museo Radio']",Palazzo della Ragione,strategy_nearest,False,0.002328157424926758,success
042BC54A9C4C80,1,['Arena'],Torre Lamberti,"['Sighseeing', 'Centro Fotografia', 'Museo Conte', 'Casa Giulietta', 'Palazzo della Ragione']",Palazzo della Ragione,strategy_nearest,True,0.0028009414672851562,success
042BC84A9C4C81,1,"['Castelvecchio', 'Arena', 'Casa Giulietta']",Palazzo della Ragione,"['AMO', 'Museo Conte', 'Torre Lamberti', 'Centro Fotografia', 'Sighseeing']",Torre Lamberti,strategy_nearest,True,0.003359079360961914,success
042BC74A9C4C81,3,['Arena'],Santa Anastasia,"['AMO', 'Museo Conte', 'Palazzo della Ragione', 'Teatro Romano', 'Centro Fotografia']",Teatro Romano,strategy_nearest,True,0.0020999908447265625,success
042BCC4A9C4C80,0,['Arena'],Torre Lamberti,"['Sighseeing', 'Centro Fotografia', 'Museo Conte', 'Casa Giulietta', 'Palazzo della Ragione']",Casa Giulietta,strategy_nearest,True,0.002839803695678711,success
042BCD4A9C4C80,3,"['Torre Lamberti', 'Santa Anastasia']",Teatro Romano,"['Duomo', 'AMO', 'Palazzo della Ragione', 'Museo Conte', 'Centro Fotografia']",Duomo,strategy_nearest,True,0.0016360282897949219,success
042BCD4A9C4C81,0,"['Arena', 'San Fermo']",Casa Giulietta,"['Centro Fotografia', 'Sighseeing', 'Torre Lamberti', 'Museo Conte', 'Museo Radio']",Torre Lamberti,strategy_nearest,True,0.0024912357330322266,success
042BCF429C4C80,3,"['Arena', 'Torre Lamberti', 'Casa Giulietta']",San Fermo,"['Museo Storia', 'Museo Radio', 'Centro Fotografia', 'Sighseeing', 'Museo Conte']",Castelvecchio,strategy_nearest,False,0.002479076385498047,success
042BCE429C4C80,0,['San Zeno'],Casa Giulietta,"['Centro Fotografia', 'Sighseeing', 'Torre Lamberti', 'Museo Conte', 'Museo Radio']",Torre Lamberti,strategy_nearest,True,0.0034160614013671875,success
042BD04A9C4C81,0,['Arena'],Casa Giulietta,"['Centro Fotografia', 'Sighseeing', 'Torre Lamberti', 'Museo Conte', 'Museo Radio']",Santa Anastasia,strategy_nearest,False,0.003226757049560547,success
042BDC3A9C4C80,2,['Casa Giulietta'],Duomo,"['AMO', 'Museo Miniscalchi', 'Santa Anastasia', 'Teatro Romano', 'Palazzo della Ragione']",Castelvecchio,strategy_nearest,False,0.003134012222290039,success
042BD93A9C4C81,0,['Arena'],Torre Lamberti,"['Sighseeing', 'Centro Fotografia', 'Museo Conte', 'Casa Giulietta', 'Palazzo della Ragione']",Teatro Romano,strategy_nearest,False,0.0031697750091552734,success
042BF6429C4C80,3,"['Museo Storia', 'Arena']",San Fermo,"['Museo Radio', 'Casa Giulietta', 'Centro Fotografia', 'Sighseeing', 'Torre Lamberti']",Santa Anastasia,strategy_nearest,False,0.003172159194946289,success
042BEE4A9C4C80,0,['Arena'],Casa Giulietta,"['Centro Fotografia', 'Sighseeing', 'Torre Lamberti', 'Museo Conte', 'Museo Radio']",Torre Lamberti,strategy_nearest,True,0.0034530162811279297,success
042C534A9C4C80,2,['Casa Giulietta'],Santa Anastasia,"['AMO', 'Museo Conte', 'Palazzo della Ragione', 'Teatro Romano', 'Centro Fotografia']",Duomo,strategy_nearest,False,0.002446889877319336,success
042C653A9C4C80,1,"['Arena', 'Torre Lamberti', 'Palazzo della Ragione']",Casa Giulietta,"['Centro Fotografia', 'Sighseeing', 'Museo Conte', 'Museo Radio', 'San Fermo']",Tomba Giulietta,strategy_nearest,False,0.0028810501098632812,success
042C7D3A9C4C81,2,['Castelvecchio'],Casa Giulietta,"['Centro Fotografia', 'Sighseeing', 'Torre Lamberti', 'Museo Conte', 'Museo Radio']",Torre Lamberti,strategy_nearest,True,0.0027039051055908203,success
042C76429C4C81,2,"['Torre Lamberti', 'Palazzo della Ragione']",Teatro Romano,"['Santa Anastasia', 'Duomo', 'AMO', 'Museo Conte', 'Centro Fotografia']",Duomo,strategy_nearest,True,0.002611875534057617,success
042C784A9C4C81,0,"['Arena', 'Museo Storia']",Casa Giulietta,"['Centro Fotografia', 'Sighseeing', 'Torre Lamberti', 'Museo Conte', 'Museo Radio']",Castelvecchio,strategy_nearest,False,0.001989126205444336,success
042C7D429C4C80,0,"['Castelvecchio', 'Arena']",Torre Lamberti,"['Sighseeing', 'Centro Fotografia', 'Museo Conte', 'Casa Giulietta', 'Palazzo della Ragione']",Casa Giulietta,strategy_nearest,True,0.003239154815673828,success
042C7D4A9C4C81,0,['Castelvecchio'],Arena,"['Verona Tour', 'Museo Lapidario', 'Museo Radio', 'San Fermo', 'Casa Giulietta']",Casa Giulietta,strategy_nearest,True,0.0016100406646728516,success
042C8A4A9C4C81,0,"['Arena', 'Casa Giulietta']",Torre Lamberti,"['Sighseeing', 'Centro Fotografia', 'Museo Conte', 'Palazzo della Ragione', 'AMO']",Duomo,strategy_nearest,False,0.0019593238830566406,success
042C8A4A9C4C80,0,['Arena'],Casa Giulietta,"['Centro Fotografia', 'Sighseeing', 'Torre Lamberti', 'Museo Conte', 'Museo Radio']",Duomo,strategy_nearest,False,0.0027070045471191406,success
042C834A9C4C80,2,['San Zeno'],Castelvecchio,"['Museo Lapidario', 'Verona Tour', 'Arena', 'Museo Radio', 'Sighseeing']",Teatro Romano,strategy_nearest,False,0.00335693359375,success
042C8B429C4C81,0,['Arena'],Castelvecchio,"['Museo Lapidario', 'Verona Tour', 'Museo Radio', 'San Zeno', 'Sighseeing']",Santa Anastasia,strategy_nearest,False,0.0032448768615722656,success
042C8C429C4C80,0,['Arena'],Casa Giulietta,"['Centro Fotografia', 'Sighseeing', 'Torre Lamberti', 'Museo Conte', 'Museo Radio']",Teatro Romano,strategy_nearest,False,0.003108978271484375,success
042C8D4A9C4C81,0,['Arena'],Casa Giulietta,"['Centro Fotografia', 'Sighseeing', 'Torre Lamberti', 'Museo Conte', 'Museo Radio']",Palazzo della Ragione,strategy_nearest,False,0.0018570423126220703,success
042C924A9C4C80,0,['Arena'],Casa Giulietta,"['Centro Fotografia', 'Sighseeing', 'Torre Lamberti', 'Museo Conte', 'Museo Radio']",Torre Lamberti,strategy_nearest,True,0.0033516883850097656,success
042C944A9C4C80,2,['Casa Giulietta'],Castelvecchio,"['Museo Lapidario', 'Verona Tour', 'Arena', 'Museo Radio', 'San Zeno']",Tomba Giulietta,strategy_nearest,False,0.002647876739501953,success
042C944A9C4C81,3,"['Arena', 'Casa Giulietta']",Torre Lamberti,"['Sighseeing', 'Centro Fotografia', 'Museo Conte', 'Palazzo della Ragione', 'AMO']",Santa Anastasia,strategy_nearest,False,0.0032961368560791016,success
042C934A9C4C80,1,"['Arena', 'Castelvecchio', 'Casa Giulietta']",Torre Lamberti,"['Sighseeing', 'Centro Fotografia', 'Museo Conte', 'Palazzo della Ragione', 'AMO']",Palazzo della Ragione,strategy_nearest,True,0.0020787715911865234,success
042C95429C4C80,3,"['Casa Giulietta', 'Arena']",Santa Anastasia,"['AMO', 'Museo Conte', 'Palazzo della Ragione', 'Teatro Romano', 'Centro Fotografia']",Teatro Romano,strategy_nearest,True,0.0031790733337402344,success
042C9C4A9C4C80,1,"['Arena', 'Casa Giulietta']",Torre Lamberti,"['Sighseeing', 'Centro Fotografia', 'Museo Conte', 'Palazzo della Ragione', 'AMO']",Palazzo della Ragione,strategy_nearest,True,0.002727985382080078,success
042C9E429C4C80,0,['Casa Giulietta'],Torre Lamberti,"['Sighseeing', 'Centro Fotografia', 'Museo Conte', 'Palazzo della Ragione', 'AMO']",Arena,strategy_nearest,False,0.001531839370727539,success
042C9F4A9C4C80,3,"['Arena', 'Casa Giulietta', 'Torre Lamberti']",Santa Anastasia,"['AMO', 'Museo Conte', 'Palazzo della Ragione', 'Teatro Romano', 'Centro Fotografia']",Duomo,strategy_nearest,False,0.0019750595092773438,success
042C964A9C4C81,1,"['Arena', 'Castelvecchio', 'Torre Lamberti']",Palazzo della Ragione,"['AMO', 'Museo Conte', 'Centro Fotografia', 'Sighseeing', 'Santa Anastasia']",Duomo,strategy_nearest,False,0.004631996154785156,success
042CA04A9C4C81,0,"['San Fermo', 'Casa Giulietta']",Arena,"['Verona Tour', 'Museo Lapidario', 'Museo Radio', 'Sighseeing', 'Castelvecchio']",Tomba Giulietta,strategy_nearest,False,0.003919839859008789,success
042CA34A9C4C80,0,['Tomba Giulietta'],Arena,"['Verona Tour', 'Museo Lapidario', 'Museo Radio', 'San Fermo', 'Casa Giulietta']",Casa Giulietta,strategy_nearest,True,0.0013461112976074219,success
042CA04A9C4C80,3,['Casa Giulietta'],Santa Anastasia,"['AMO', 'Museo Conte', 'Palazzo della Ragione', 'Teatro Romano', 'Centro Fotografia']",Teatro Romano,strategy_nearest,True,0.0027780532836914062,success
042CA24A9C4C81,3,"['Teatro Romano', 'Santa Anastasia', 'Duomo']",Torre Lamberti,"['Sighseeing', 'Centro Fotografia', 'Museo Conte', 'Casa Giulietta', 'Palazzo della Ragione']",Casa Giulietta,strategy_nearest,True,0.002635955810546875,success
042CAA4A9C4C81,0,['Casa Giulietta'],Santa Anastasia,"['AMO', 'Museo Conte', 'Palazzo della Ragione', 'Teatro Romano', 'Centro Fotografia']",Arena,strategy_nearest,False,0.0013208389282226562,success
042CAD3A9C4C81,3,['Arena'],Santa Anastasia,"['AMO', 'Museo Conte', 'Palazzo della Ragione', 'Teatro Romano', 'Centro Fotografia']",Duomo,strategy_nearest,False,0.0026450157165527344,success
042CA44A9C4C81,3,"['Arena', 'Casa Giulietta']",Santa Anastasia,"['AMO', 'Museo Conte', 'Palazzo della Ragione', 'Teatro Romano', 'Centro Fotografia']",Torre Lamberti,strategy_nearest,False,0.002096891403198242,success
042CAF3A9C4C81,3,"['Arena', 'Casa Giulietta']",Santa Anastasia,"['AMO', 'Museo Conte', 'Palazzo della Ragione', 'Teatro Romano', 'Centro Fotografia']",Duomo,strategy_nearest,False,0.0032160282135009766,success
042CB53A9C4C81,3,"['Arena', 'Torre Lamberti']",Santa Anastasia,"['AMO', 'Museo Conte', 'Palazzo della Ragione', 'Teatro Romano', 'Centro Fotografia']",Duomo,strategy_nearest,False,0.001956939697265625,success
042CB23A9C4C81,1,"['Arena', 'Casa Giulietta']",Torre Lamberti,"['Sighseeing', 'Centro Fotografia', 'Museo Conte', 'Palazzo della Ragione', 'AMO']",Palazzo della Ragione,strategy_nearest,True,0.0028069019317626953,success
042CB03A9C4C81,3,"['Santa Anastasia', 'Casa Giulietta']",Arena,"['Verona Tour', 'Museo Lapidario', 'Museo Radio', 'San Fermo', 'Sighseeing']",Torre Lamberti,strategy_nearest,False,0.0015099048614501953,success
042CB44A9C4C80,1,"['Arena', 'Palazzo della Ragione']",Casa Giulietta,"['Centro Fotografia', 'Sighseeing', 'Torre Lamberti', 'Museo Conte', 'Museo Radio']",Santa Anastasia,strategy_nearest,False,0.003306150436401367,success
042CB54A9C4C80,3,"['Arena', 'Casa Giulietta', 'Torre Lamberti']",Castelvecchio,"['Museo Lapidario', 'Verona Tour', 'Museo Radio', 'San Zeno', 'Sighseeing']",Santa Anastasia,strategy_nearest,False,0.0025110244750976562,success
042CB74A9C4C80,2,"['Casa Giulietta', 'Torre Lamberti']",Palazzo della Ragione,"['AMO', 'Museo Conte', 'Centro Fotografia', 'Sighseeing', 'Santa Anastasia']",Teatro Romano,strategy_nearest,False,0.0020139217376708984,success
042CB74A9C4C81,0,['Castelvecchio'],Arena,"['Verona Tour', 'Museo Lapidario', 'Museo Radio', 'San Fermo', 'Casa Giulietta']",Casa Giulietta,strategy_nearest,True,0.0025861263275146484,success
042CB63A9C4C81,3,['Arena'],Castelvecchio,"['Museo Lapidario', 'Verona Tour', 'Museo Radio', 'San Zeno', 'Sighseeing']",Teatro Romano,strategy_nearest,False,0.0034151077270507812,success
042CB83A9C4C80,1,"['Arena', 'Casa Giulietta']",Torre Lamberti,"['Sighseeing', 'Centro Fotografia', 'Museo Conte', 'Palazzo della Ragione', 'AMO']",Palazzo della Ragione,strategy_nearest,True,0.0022547245025634766,success
042CBA3A9C4C81,3,['Castelvecchio'],Arena,"['Verona Tour', 'Museo Lapidario', 'Museo Radio', 'San Fermo', 'Casa Giulietta']",Santa Anastasia,strategy_nearest,False,0.0025250911712646484,success
042CBC4A9C4C80,3,"['Arena', 'Casa Giulietta', 'Santa Anastasia']",Duomo,"['AMO', 'Museo Miniscalchi', 'Teatro Romano', 'Palazzo della Ragione', 'Museo Conte']",Teatro Romano,strategy_nearest,True,0.0033111572265625,success
042CBC4A9C4C81,3,['Arena'],Casa Giulietta,"['Centro Fotografia', 'Sighseeing', 'Torre Lamberti', 'Museo Conte', 'Museo Radio']",Santa Anastasia,strategy_nearest,False,0.003119230270385742,success
042CBA4A9C4C80,3,"['Arena', 'Casa Giulietta']",Torre Lamberti,"['Sighseeing', 'Centro Fotografia', 'Museo Conte', 'Palazzo della Ragione', 'AMO']",Santa Anastasia,strategy_nearest,False,0.0026938915252685547,success
042CC64A9C4C81,4,"['Arena', 'Casa Giulietta', 'Palazzo della Ragione']",Torre Lamberti,"['Sighseeing', 'Centro Fotografia', 'Museo Conte', 'AMO', 'Museo Miniscalchi']",Santa Anastasia,strategy_nearest,False,0.0030028820037841797,success
042CC94A9C4C81,3,"['Arena', 'Santa Anastasia']",Duomo,"['AMO', 'Museo Miniscalchi', 'Teatro Romano', 'Palazzo della Ragione', 'Museo Conte']",Casa Giulietta,strategy_nearest,False,0.0026149749755859375,success
042CC74A9C4C81,2,"['Castelvecchio', 'Casa Giulietta']",Torre Lamberti,"['Sighseeing', 'Centro Fotografia', 'Museo Conte', 'Palazzo della Ragione', 'AMO']",Palazzo della Ragione,strategy_nearest,True,0.0026581287384033203,success
042CCF3A9C4C80,0,['Arena'],Castelvecchio,"['Museo Lapidario', 'Verona Tour', 'Museo Radio', 'San Zeno', 'Sighseeing']",San Fermo,strategy_nearest,False,0.003117799758911133,success
042CCF3A9C4C81,1,"['Palazzo della Ragione', 'Torre Lamberti']",Castelvecchio,"['Museo Lapidario', 'Verona Tour', 'Arena', 'Museo Radio', 'San Zeno']",Arena,strategy_nearest,True,0.0030710697174072266,success
042CD04A9C4C81,0,"['Arena', 'Museo Lapidario', 'Tomba Giulietta']",San Fermo,"['Museo Storia', 'Museo Radio', 'Casa Giulietta', 'Centro Fotografia', 'Sighseeing']",Casa Giulietta,strategy_nearest,True,0.002439737319946289,success
042CD04A9C4C80,0,['Arena'],Casa Giulietta,"['Centro Fotografia', 'Sighseeing', 'Torre Lamberti', 'Museo Conte', 'Museo Radio']",Torre Lamberti,strategy_nearest,True,0.002732992172241211,success
042CD5429C4C81,0,"['Teatro Romano', 'Giardino Giusti']",Casa Giulietta,"['Centro Fotografia', 'Sighseeing', 'Torre Lamberti', 'Museo Conte', 'Museo Radio']",Torre Lamberti,strategy_nearest,True,0.0030698776245117188,success
042CD83A9C4C81,3,['Arena'],Santa Anastasia,"['AMO', 'Museo Conte', 'Palazzo della Ragione', 'Teatro Romano', 'Centro Fotografia']",San Fermo,strategy_nearest,False,0.0028867721557617188,success
042CE23A9C4C80,0,['Arena'],Tomba Giulietta,"['San Fermo', 'Museo Storia', 'Museo Lapidario', 'Museo Radio', 'Verona Tour']",Castelvecchio,strategy_nearest,False,0.002047300338745117,success
042CD8429C4C80,1,"['Arena', 'Torre Lamberti', 'Santa Anastasia', 'Casa Giulietta', 'Teatro Romano']",Duomo,"['AMO', 'Museo Miniscalchi', 'Palazzo della Ragione', 'Museo Conte', 'Centro Fotografia']",Castelvecchio,strategy_nearest,False,0.0033910274505615234,success
042CE63A9C4C80,3,"['Arena', 'Casa Giulietta']",Santa Anastasia,"['AMO', 'Museo Conte', 'Palazzo della Ragione', 'Teatro Romano', 'Centro Fotografia']",Teatro Romano,strategy_nearest,True,0.0031890869140625,success
042CEF3A9C4C80,0,['Arena'],San Zeno,"['Castelvecchio', 'Verona Tour', 'Museo Lapidario', 'Museo Miniscalchi', 'Sighseeing']",Teatro Romano,strategy_nearest,False,0.0012402534484863281,success
042CEB4A9C4C80,0,['Arena'],Casa Giulietta,"['Centro Fotografia', 'Sighseeing', 'Torre Lamberti', 'Museo Conte', 'Museo Radio']",Torre Lamberti,strategy_nearest,True,0.0038721561431884766,success
042CED4A9C4C80,2,['Museo Lapidario'],Castelvecchio,"['Verona Tour', 'Arena', 'Museo Radio', 'San Zeno', 'Sighseeing']",Casa Giulietta,strategy_nearest,False,0.0021219253540039062,success
042CF8429C4C80,3,"['Arena', 'Museo Lapidario', 'Duomo']",Santa Anastasia,"['AMO', 'Museo Conte', 'Palazzo della Ragione', 'Teatro Romano', 'Centro Fotografia']",San Zeno,strategy_nearest,False,0.003280162811279297,success
042D393A9C4C80,0,['Arena'],Casa Giulietta,"['Centro Fotografia', 'Sighseeing', 'Torre Lamberti', 'Museo Conte', 'Museo Radio']",Tomba Giulietta,strategy_nearest,False,0.001734018325805664,success
042D523A9C4C80,3,"['Santa Anastasia', 'Torre Lamberti']",Casa Giulietta,"['Centro Fotografia', 'Sighseeing', 'Museo Conte', 'Museo Radio', 'Palazzo della Ragione']",Arena,strategy_nearest,False,0.0024728775024414062,success
042D563A9C4C80,3,"['Arena', 'Casa Giulietta']",Torre Lamberti,"['Sighseeing', 'Centro Fotografia', 'Museo Conte', 'Palazzo della Ragione', 'AMO']",Santa Anastasia,strategy_nearest,False,0.0040590763092041016,success
042D653A9C4C81,1,"['Arena', 'Santa Anastasia', 'Duomo']",San Fermo,"['Museo Storia', 'Museo Radio', 'Casa Giulietta', 'Centro Fotografia', 'Sighseeing']",Torre Lamberti,strategy_nearest,False,0.0023279190063476562,success
042D693A9C4C81,1,"['Palazzo della Ragione', 'Torre Lamberti']",Casa Giulietta,"['Centro Fotografia', 'Sighseeing', 'Museo Conte', 'Museo Radio', 'San Fermo']",Castelvecchio,strategy_nearest,False,0.0030870437622070312,success
042D6E3A9C4C81,2,"['Museo Lapidario', 'Torre Lamberti', 'Palazzo della Ragione']",Casa Giulietta,"['Centro Fotografia', 'Sighseeing', 'Museo Conte', 'Museo Radio', 'San Fermo']",Santa Anastasia,strategy_nearest,False,0.004096031188964844,success
042D784A9C4C81,3,"['Arena', 'Casa Giulietta']",Torre Lamberti,"['Sighseeing', 'Centro Fotografia', 'Museo Conte', 'Palazzo della Ragione', 'AMO']",Duomo,strategy_nearest,False,0.0012359619140625,success
042D7B4A9C4C81,3,"['Arena', 'Museo Lapidario']",Castelvecchio,"['Verona Tour', 'Museo Radio', 'San Zeno', 'Sighseeing', 'Museo Miniscalchi']",Casa Giulietta,strategy_nearest,False,0.00321197509765625,success
042D74429C4C81,3,['Santa Anastasia'],Torre Lamberti,"['Sighseeing', 'Centro Fotografia', 'Museo Conte', 'Casa Giulietta', 'Palazzo della Ragione']",Casa Giulietta,strategy_nearest,True,0.0032966136932373047,success
042D7E4A9C4C81,0,['Castelvecchio'],Arena,"['Verona Tour', 'Museo Lapidario', 'Museo Radio', 'San Fermo', 'Casa Giulietta']",Casa Giulietta,strategy_nearest,True,0.0012669563293457031,success
042D7E3A9C4C81,2,['Castelvecchio'],San Zeno,"['Verona Tour', 'Museo Lapidario', 'Arena', 'Museo Miniscalchi', 'Sighseeing']",Tomba Giulietta,strategy_nearest,False,0.002032041549682617,success
042D82429C4C81,0,['Arena'],Casa Giulietta,"['Centro Fotografia', 'Sighseeing', 'Torre Lamberti', 'Museo Conte', 'Museo Radio']",Torre Lamberti,strategy_nearest,True,0.00267791748046875,success
042D95429C4C81,3,"['Arena', 'Casa Giulietta']",Torre Lamberti,"['Sighseeing', 'Centro Fotografia', 'Museo Conte', 'Palazzo della Ragione', 'AMO']",Duomo,strategy_nearest,False,0.0032501220703125,success
042D9A429C4C80,0,['Casa Giulietta'],Casa Giulietta,"['Centro Fotografia', 'Sighseeing', 'Torre Lamberti', 'Museo Conte', 'Museo Radio']",Torre Lamberti,strategy_nearest,True,0.0013899803161621094,success
042D97429C4C81,3,"['Casa Giulietta', 'Torre Lamberti', 'Duomo']",Teatro Romano,"['Santa Anastasia', 'AMO', 'Palazzo della Ragione', 'Museo Conte', 'Centro Fotografia']",Arena,strategy_nearest,False,0.0034198760986328125,success
042D97429C4C80,0,['Castelvecchio'],Arena,"['Verona Tour', 'Museo Lapidario', 'Museo Radio', 'San Fermo', 'Casa Giulietta']",Torre Lamberti,strategy_nearest,False,0.003470897674560547,success
042D984A9C4C80,0,['Arena'],Castelvecchio,"['Museo Lapidario', 'Verona Tour', 'Museo Radio', 'San Zeno', 'Sighseeing']",Casa Giulietta,strategy_nearest,False,0.0033791065216064453,success
042D9D4A9C4C81,3,"['Arena', 'Torre Lamberti', 'Santa Anastasia']",Teatro Romano,"['Duomo', 'AMO', 'Palazzo della Ragione', 'Museo Conte', 'Centro Fotografia']",Duomo,strategy_nearest,True,0.0028412342071533203,success
042DB44A9C4C80,0,"['Arena', 'Casa Giulietta']",Teatro Romano,"['Santa Anastasia', 'Duomo', 'AMO', 'Palazzo della Ragione', 'Museo Conte']",Torre Lamberti,strategy_nearest,False,0.0026900768280029297,success
042DB2429C4C81,0,['Arena'],Casa Giulietta,"['Centro Fotografia', 'Sighseeing', 'Torre Lamberti', 'Museo Conte', 'Museo Radio']",San Fermo,strategy_nearest,False,0.002172231674194336,success
042DAD3A9C4C81,0,['Casa Giulietta'],Duomo,"['AMO', 'Museo Miniscalchi', 'Santa Anastasia', 'Teatro Romano', 'Palazzo della Ragione']",Arena,strategy_nearest,False,0.0034880638122558594,success
042DB83A9C4C81,0,['Arena'],Casa Giulietta,"['Centro Fotografia', 'Sighseeing', 'Torre Lamberti', 'Museo Conte', 'Museo Radio']",Duomo,strategy_nearest,False,0.0013699531555175781,success
042DB53A9C4C81,1,"['Castelvecchio', 'Arena', 'Tomba Giulietta']",Casa Giulietta,"['Centro Fotografia', 'Sighseeing', 'Torre Lamberti', 'Museo Conte', 'Museo Radio']",Torre Lamberti,strategy_nearest,True,0.002604961395263672,success
042DB83A9C4C80,0,"['Arena', 'Castelvecchio']",Casa Giulietta,"['Centro Fotografia', 'Sighseeing', 'Torre Lamberti', 'Museo Conte', 'Museo Radio']",Torre Lamberti,strategy_nearest,True,0.003345966339111328,success
042DBA4A9C4C80,0,['Arena'],Torre Lamberti,"['Sighseeing', 'Centro Fotografia', 'Museo Conte', 'Casa Giulietta', 'Palazzo della Ragione']",Casa Giulietta,strategy_nearest,True,0.0032739639282226562,success
042DBE4A9C4C81,0,['Arena'],Casa Giulietta,"['Centro Fotografia', 'Sighseeing', 'Torre Lamberti', 'Museo Conte', 'Museo Radio']",San Fermo,strategy_nearest,False,0.0022280216217041016,success
042DC63A9C4C80,1,"['Arena', 'Museo Lapidario', 'Duomo']",Santa Anastasia,"['AMO', 'Museo Conte', 'Palazzo della Ragione', 'Teatro Romano', 'Centro Fotografia']",Torre Lamberti,strategy_nearest,False,0.0023720264434814453,success
042DC64A9C4C81,3,"['Arena', 'Casa Giulietta']",Santa Anastasia,"['AMO', 'Museo Conte', 'Palazzo della Ragione', 'Teatro Romano', 'Centro Fotografia']",Duomo,strategy_nearest,False,0.0023670196533203125,success
042DC74A9C4C80,0,['Arena'],Torre Lamberti,"['Sighseeing', 'Centro Fotografia', 'Museo Conte', 'Casa Giulietta', 'Palazzo della Ragione']",Casa Giulietta,strategy_nearest,True,0.0033369064331054688,success
042DC74A9C4C81,0,['Arena'],Casa Giulietta,"['Centro Fotografia', 'Sighseeing', 'Torre Lamberti', 'Museo Conte', 'Museo Radio']",Torre Lamberti,strategy_nearest,True,0.002626180648803711,success
042DC84A9C4C81,0,"['Arena', 'Casa Giulietta']",Torre Lamberti,"['Sighseeing', 'Centro Fotografia', 'Museo Conte', 'Palazzo della Ragione', 'AMO']",Teatro Romano,strategy_nearest,False,0.003467082977294922,success
042DCC4A9C4C80,0,['Arena'],Torre Lamberti,"['Sighseeing', 'Centro Fotografia', 'Museo Conte', 'Casa Giulietta', 'Palazzo della Ragione']",Casa Giulietta,strategy_nearest,True,0.0026540756225585938,success
042DC94A9C4C81,3,"['Torre Lamberti', 'Casa Giulietta']",Santa Anastasia,"['AMO', 'Museo Conte', 'Palazzo della Ragione', 'Teatro Romano', 'Centro Fotografia']",Castelvecchio,strategy_nearest,False,0.0031881332397460938,success
042DCF3A9C4C81,0,"['Torre Lamberti', 'Duomo']",Casa Giulietta,"['Centro Fotografia', 'Sighseeing', 'Museo Conte', 'Museo Radio', 'Palazzo della Ragione']",Arena,strategy_nearest,False,0.003167867660522461,success
042DCF429C4C81,0,"['Arena', 'Casa Giulietta']",San Fermo,"['Museo Storia', 'Museo Radio', 'Centro Fotografia', 'Sighseeing', 'Torre Lamberti']",San Zeno,strategy_nearest,False,0.003191232681274414,success
042DD13A9C4C81,4,"['Arena', 'Casa Giulietta', 'Duomo']",Torre Lamberti,"['Sighseeing', 'Centro Fotografia', 'Museo Conte', 'Palazzo della Ragione', 'AMO']",Palazzo della Ragione,strategy_nearest,True,0.002888917922973633,success
042DD1429C4C81,3,"['Teatro Romano', 'Santa Anastasia']",Duomo,"['AMO', 'Museo Miniscalchi', 'Palazzo della Ragione', 'Museo Conte', 'Torre Lamberti']",San Fermo,strategy_nearest,False,0.0034339427947998047,success
042DD2429C4C80,0,['Teatro Romano'],Castelvecchio,"['Museo Lapidario', 'Verona Tour', 'Arena', 'Museo Radio', 'San Zeno']",Torre Lamberti,strategy_nearest,False,0.0018639564514160156,success
042DF34A9C4C80,3,"['Arena', 'Torre Lamberti']",Casa Giulietta,"['Centro Fotografia', 'Sighseeing', 'Museo Conte', 'Museo Radio', 'Palazzo della Ragione']",Santa Anastasia,strategy_nearest,False,0.0031957626342773438,success
042DEF4A9C4C80,2,"['Casa Giulietta', 'Palazzo della Ragione']",Museo Storia,"['San Fermo', 'Museo Radio', 'Centro Fotografia', 'Tomba Giulietta', 'Arena']",Tomba Giulietta,strategy_nearest,True,0.0027320384979248047,success
042DDE3A9C4C80,0,"['Casa Giulietta', 'Arena']",Teatro Romano,"['Santa Anastasia', 'Duomo', 'AMO', 'Palazzo della Ragione', 'Museo Conte']",Castelvecchio,strategy_nearest,False,0.002785921096801758,success
042DD3429C4C80,1,"['Arena', 'Torre Lamberti']",Palazzo della Ragione,"['AMO', 'Museo Conte', 'Centro Fotografia', 'Sighseeing', 'Santa Anastasia']",Santa Anastasia,strategy_nearest,True,0.002241849899291992,success
042DFD4A9C4C80,0,['Arena'],Casa Giulietta,"['Centro Fotografia', 'Sighseeing', 'Torre Lamberti', 'Museo Conte', 'Museo Radio']",Torre Lamberti,strategy_nearest,True,0.0022220611572265625,success
042E3C4A9C4C80,1,"['Torre Lamberti', 'Palazzo della Ragione', 'Casa Giulietta']",Arena,"['Verona Tour', 'Museo Lapidario', 'Museo Radio', 'San Fermo', 'Sighseeing']",Castelvecchio,strategy_nearest,False,0.0015490055084228516,success
042DF74A9C4C80,3,['Arena'],Casa Giulietta,"['Centro Fotografia', 'Sighseeing', 'Torre Lamberti', 'Museo Conte', 'Museo Radio']",Torre Lamberti,strategy_nearest,True,0.0028879642486572266,success
042DF5429C4C80,1,"['Arena', 'Palazzo della Ragione']",Casa Giulietta,"['Centro Fotografia', 'Sighseeing', 'Torre Lamberti', 'Museo Conte', 'Museo Radio']",Casa Giulietta,strategy_nearest,False,0.0035581588745117188,success
042E6C429C4C80,3,"['Arena', 'San Fermo', 'Casa Giulietta']",Santa Anastasia,"['AMO', 'Museo Conte', 'Palazzo della Ragione', 'Teatro Romano', 'Centro Fotografia']",Teatro Romano,strategy_nearest,True,0.0015249252319335938,success
042E503A9C4C80,0,['Arena'],Casa Giulietta,"['Centro Fotografia', 'Sighseeing', 'Torre Lamberti', 'Museo Conte', 'Museo Radio']",Castelvecchio,strategy_nearest,False,0.0034062862396240234,success
042E75429C4C80,0,['Arena'],Casa Giulietta,"['Centro Fotografia', 'Sighseeing', 'Torre Lamberti', 'Museo Conte', 'Museo Radio']",Santa Anastasia,strategy_nearest,False,0.002622842788696289,success
042E663A9C4C80,3,"['Arena', 'Casa Giulietta', 'Tomba Giulietta']",Teatro Romano,"['Santa Anastasia', 'Duomo', 'AMO', 'Palazzo della Ragione', 'Museo Conte']",Duomo,strategy_nearest,True,0.003980875015258789,success
042E7B4A9C4C80,1,"['Teatro Romano', 'Arena', 'Torre Lamberti']",Palazzo della Ragione,"['AMO', 'Museo Conte', 'Centro Fotografia', 'Sighseeing', 'Santa Anastasia']",Santa Anastasia,strategy_nearest,True,0.0021550655364990234,success
042E7A4A9C4C80,0,['Duomo'],Casa Giulietta,"['Centro Fotografia', 'Sighseeing', 'Torre Lamberti', 'Museo Conte', 'Museo Radio']",Arena,strategy_nearest,False,0.0015480518341064453,success
042E7C3A9C4C80,3,"['Santa Anastasia', 'Duomo']",Torre Lamberti,"['Sighseeing', 'Centro Fotografia', 'Museo Conte', 'Casa Giulietta', 'Palazzo della Ragione']",Casa Giulietta,strategy_nearest,True,0.0025429725646972656,success
042E7B3A9C4C81,3,"['Arena', 'Casa Giulietta']",Torre Lamberti,"['Sighseeing', 'Centro Fotografia', 'Museo Conte', 'Palazzo della Ragione', 'AMO']",Castelvecchio,strategy_nearest,False,0.0033538341522216797,success
042E984A9C4C81,2,"['Museo Lapidario', 'Casa Giulietta', 'Torre Lamberti']",Palazzo della Ragione,"['AMO', 'Museo Conte', 'Centro Fotografia', 'Sighseeing', 'Santa Anastasia']",Santa Anastasia,strategy_nearest,True,0.0015559196472167969,success
042E944A9C4C80,1,"['Arena', 'Casa Giulietta']",Torre Lamberti,"['Sighseeing', 'Centro Fotografia', 'Museo Conte', 'Palazzo della Ragione', 'AMO']",Palazzo della Ragione,strategy_nearest,True,0.0033380985260009766,success
042E894A9C4C81,1,['Torre Lamberti'],Palazzo della Ragione,"['AMO', 'Museo Conte', 'Centro Fotografia', 'Sighseeing', 'Santa Anastasia']",Arena,strategy_nearest,False,0.0027799606323242188,success
042E88429C4C81,0,['Arena'],Casa Giulietta,"['Centro Fotografia', 'Sighseeing', 'Torre Lamberti', 'Museo Conte', 'Museo Radio']",Teatro Romano,strategy_nearest,False,0.002218961715698242,success
042E9E429C4C80,0,"['Casa Giulietta', 'Torre Lamberti']",Arena,"['Verona Tour', 'Museo Lapidario', 'Museo Radio', 'San Fermo', 'Sighseeing']",Castelvecchio,strategy_nearest,False,0.0020380020141601562,success
042E9E429C4C81,0,['Casa Giulietta'],Arena,"['Verona Tour', 'Museo Lapidario', 'Museo Radio', 'San Fermo', 'Sighseeing']",Castelvecchio,strategy_nearest,False,0.0013968944549560547,success
042E9D4A9C4C80,0,['Arena'],Castelvecchio,"['Museo Lapidario', 'Verona Tour', 'Museo Radio', 'San Zeno', 'Sighseeing']",Casa Giulietta,strategy_nearest,False,0.0026848316192626953,success
042E9D4A9C4C81,1,['Arena'],Teatro Romano,"['Santa Anastasia', 'Duomo', 'AMO', 'Palazzo della Ragione', 'Museo Conte']",Palazzo della Ragione,strategy_nearest,True,0.0033521652221679688,success
042EA44A9C4C80,2,['Castelvecchio'],Casa Giulietta,"['Centro Fotografia', 'Sighseeing', 'Torre Lamberti', 'Museo Conte', 'Museo Radio']",Tomba Giulietta,strategy_nearest,False,0.0019228458404541016,success
042E9F429C4C80,0,['Casa Giulietta'],Arena,"['Verona Tour', 'Museo Lapidario', 'Museo Radio', 'San Fermo', 'Sighseeing']",San Fermo,strategy_nearest,True,0.002584695816040039,success
042EA94A9C4C80,3,"['Arena', 'Museo Lapidario', 'Casa Giulietta']",Torre Lamberti,"['Sighseeing', 'Centro Fotografia', 'Museo Conte', 'Palazzo della Ragione', 'AMO']",Santa Anastasia,strategy_nearest,False,0.0024590492248535156,success
042EAE4A9C4C80,0,['Arena'],Casa Giulietta,"['Centro Fotografia', 'Sighseeing', 'Torre Lamberti', 'Museo Conte', 'Museo Radio']",Torre Lamberti,strategy_nearest,True,0.0018849372863769531,success
042EAF429C4C80,0,['Arena'],Casa Giulietta,"['Centro Fotografia', 'Sighseeing', 'Torre Lamberti', 'Museo Conte', 'Museo Radio']",Castelvecchio,strategy_nearest,False,0.002035856246948242,success
042EAB429C4C81,0,['Arena'],Casa Giulietta,"['Centro Fotografia', 'Sighseeing', 'Torre Lamberti', 'Museo Conte', 'Museo Radio']",Castelvecchio,strategy_nearest,False,0.005124092102050781,success
042EB14A9C4C81,3,"['Arena', 'Casa Giulietta']",Santa Anastasia,"['AMO', 'Museo Conte', 'Palazzo della Ragione', 'Teatro Romano', 'Centro Fotografia']",Duomo,strategy_nearest,False,0.0032110214233398438,success
042EBC429C4C81,0,"['Castelvecchio', 'Arena']",Torre Lamberti,"['Sighseeing', 'Centro Fotografia', 'Museo Conte', 'Casa Giulietta', 'Palazzo della Ragione']",Casa Giulietta,strategy_nearest,True,0.0033080577850341797,success
042EBC3A9C4C80,3,"['Arena', 'Castelvecchio', 'Casa Giulietta']",Torre Lamberti,"['Sighseeing', 'Centro Fotografia', 'Museo Conte', 'Palazzo della Ragione', 'AMO']",Santa Anastasia,strategy_nearest,False,0.0045278072357177734,success
042EBE3A9C4C80,1,"['Arena', 'San Fermo', 'Casa Giulietta']",Torre Lamberti,"['Sighseeing', 'Centro Fotografia', 'Museo Conte', 'Palazzo della Ragione', 'AMO']",Palazzo della Ragione,strategy_nearest,True,0.0015299320220947266,success
042EC0429C4C80,0,"['Teatro Romano', 'Casa Giulietta', 'Torre Lamberti']",Arena,"['Verona Tour', 'Museo Lapidario', 'Museo Radio', 'San Fermo', 'Sighseeing']",Tomba Giulietta,strategy_nearest,False,0.0020532608032226562,success
042EC3429C4C80,0,['Arena'],Casa Giulietta,"['Centro Fotografia', 'Sighseeing', 'Torre Lamberti', 'Museo Conte', 'Museo Radio']",San Fermo,strategy_nearest,False,0.002231121063232422,success
042EC54A9C4C81,0,['Castelvecchio'],Arena,"['Verona Tour', 'Museo Lapidario', 'Museo Radio', 'San Fermo', 'Casa Giulietta']",Casa Giulietta,strategy_nearest,True,0.001608133316040039,success
042EC74A9C4C81,0,"['Arena', 'Casa Giulietta']",Castelvecchio,"['Museo Lapidario', 'Verona Tour', 'Museo Radio', 'San Zeno', 'Sighseeing']",Teatro Romano,strategy_nearest,False,0.003206968307495117,success
042EC64A9C4C80,0,"['Arena', 'Casa Giulietta']",Torre Lamberti,"['Sighseeing', 'Centro Fotografia', 'Museo Conte', 'Palazzo della Ragione', 'AMO']",Teatro Romano,strategy_nearest,False,0.0028018951416015625,success
042EC94A9C4C81,1,"['Arena', 'Casa Giulietta']",Palazzo della Ragione,"['AMO', 'Museo Conte', 'Torre Lamberti', 'Centro Fotografia', 'Sighseeing']",Torre Lamberti,strategy_nearest,True,0.0013880729675292969,success
042EC84A9C4C81,3,"['Arena', 'Casa Giulietta']",Santa Anastasia,"['AMO', 'Museo Conte', 'Palazzo della Ragione', 'Teatro Romano', 'Centro Fotografia']",Duomo,strategy_nearest,False,0.004010200500488281,success
042ECF3A9C4C81,3,"['Torre Lamberti', 'San Zeno']",Arena,"['Verona Tour', 'Museo Lapidario', 'Museo Radio', 'San Fermo', 'Casa Giulietta']",Santa Anastasia,strategy_nearest,False,0.0020427703857421875,success
042ED13A9C4C81,1,"['Arena', 'Casa Giulietta', 'Palazzo della Ragione']",Torre Lamberti,"['Sighseeing', 'Centro Fotografia', 'Museo Conte', 'AMO', 'Museo Miniscalchi']",San Fermo,strategy_nearest,False,0.0032978057861328125,success
042ED53A9C4C81,3,"['Arena', 'Casa Giulietta', 'Torre Lamberti']",Santa Anastasia,"['AMO', 'Museo Conte', 'Palazzo della Ragione', 'Teatro Romano', 'Centro Fotografia']",Teatro Romano,strategy_nearest,True,0.0021789073944091797,success
042EE23A9C4C80,3,"['Santa Anastasia', 'Castelvecchio']",Arena,"['Verona Tour', 'Museo Lapidario', 'Museo Radio', 'San Fermo', 'Casa Giulietta']",San Zeno,strategy_nearest,False,0.0019350051879882812,success
042EE1429C4C80,0,"['Arena', 'San Fermo']",Casa Giulietta,"['Centro Fotografia', 'Sighseeing', 'Torre Lamberti', 'Museo Conte', 'Museo Radio']",Teatro Romano,strategy_nearest,False,0.0034499168395996094,success
042EE8429C4C80,0,['Arena'],Casa Giulietta,"['Centro Fotografia', 'Sighseeing', 'Torre Lamberti', 'Museo Conte', 'Museo Radio']",Duomo,strategy_nearest,False,0.003055095672607422,success
042EE4429C4C80,1,"['Arena', 'Tomba Giulietta', 'Castelvecchio']",San Zeno,"['Verona Tour', 'Museo Lapidario', 'Museo Miniscalchi', 'Sighseeing', 'Museo Radio']",Torre Lamberti,strategy_nearest,False,0.0033240318298339844,success
042EE94A9C4C80,3,"['Arena', 'Casa Giulietta']",Tomba Giulietta,"['San Fermo', 'Museo Storia', 'Museo Lapidario', 'Museo Radio', 'Verona Tour']",San Fermo,strategy_nearest,True,0.0022580623626708984,success
042EEF4A9C4C80,0,['Arena'],Torre Lamberti,"['Sighseeing', 'Centro Fotografia', 'Museo Conte', 'Casa Giulietta', 'Palazzo della Ragione']",Casa Giulietta,strategy_nearest,True,0.0025000572204589844,success
042EF14A9C4C80,0,['Arena'],Torre Lamberti,"['Sighseeing', 'Centro Fotografia', 'Museo Conte', 'Casa Giulietta', 'Palazzo della Ragione']",Casa Giulietta,strategy_nearest,True,0.0026559829711914062,success
042EF24A9C4C80,3,"['Santa Anastasia', 'Duomo']",Casa Giulietta,"['Centro Fotografia', 'Sighseeing', 'Torre Lamberti', 'Museo Conte', 'Museo Radio']",Arena,strategy_nearest,False,0.003119945526123047,success
042EF94A9C4C80,0,['Arena'],Casa Giulietta,"['Centro Fotografia', 'Sighseeing', 'Torre Lamberti', 'Museo Conte', 'Museo Radio']",Torre Lamberti,strategy_nearest,True,0.004212141036987305,success
042EFC4A9C4C80,3,"['Museo Lapidario', 'Teatro Romano', 'Duomo']",Santa Anastasia,"['AMO', 'Museo Conte', 'Palazzo della Ragione', 'Centro Fotografia', 'Torre Lamberti']",Casa Giulietta,strategy_nearest,False,0.0019462108612060547,success
042EFE4A9C4C80,0,['Castelvecchio'],Arena,"['Verona Tour', 'Museo Lapidario', 'Museo Radio', 'San Fermo', 'Casa Giulietta']",Casa Giulietta,strategy_nearest,True,0.003359079360961914,success
042EFF4A9C4C80,0,['Arena'],Castelvecchio,"['Museo Lapidario', 'Verona Tour', 'Museo Radio', 'San Zeno', 'Sighseeing']",Casa Giulietta,strategy_nearest,False,0.0026848316192626953,success
042F683A9C4C81,3,"['Torre Lamberti', 'Casa Giulietta']",Arena,"['Verona Tour', 'Museo Lapidario', 'Museo Radio', 'San Fermo', 'Sighseeing']",Santa Anastasia,strategy_nearest,False,0.0014538764953613281,success
042F684A9C4C80,3,"['Arena', 'Castelvecchio']",Torre Lamberti,"['Sighseeing', 'Centro Fotografia', 'Museo Conte', 'Casa Giulietta', 'Palazzo della Ragione']",Casa Giulietta,strategy_nearest,True,0.001986265182495117,success
042F374A9C4C80,3,"['Arena', 'Torre Lamberti']",Casa Giulietta,"['Centro Fotografia', 'Sighseeing', 'Museo Conte', 'Museo Radio', 'Palazzo della Ragione']",San Fermo,strategy_nearest,False,0.0046100616455078125,success
042F4C4A9C4C80,0,['Arena'],Castelvecchio,"['Museo Lapidario', 'Verona Tour', 'Museo Radio', 'San Zeno', 'Sighseeing']",Casa Giulietta,strategy_nearest,False,0.0028159618377685547,success
042F774A9C4C81,1,"['Arena', 'Torre Lamberti', 'Palazzo della Ragione', 'Casa Giulietta']",Santa Anastasia,"['AMO', 'Museo Conte', 'Teatro Romano', 'Centro Fotografia', 'Duomo']",Duomo,strategy_nearest,True,0.0027132034301757812,success
042F6C3A9C4C81,1,"['Arena', 'Museo Lapidario', 'Casa Giulietta']",Torre Lamberti,"['Sighseeing', 'Centro Fotografia', 'Museo Conte', 'Palazzo della Ragione', 'AMO']",Palazzo della Ragione,strategy_nearest,True,0.002796173095703125,success
042F6D3A9C4C81,0,"['Castelvecchio', 'Casa Giulietta']",Torre Lamberti,"['Sighseeing', 'Centro Fotografia', 'Museo Conte', 'Palazzo della Ragione', 'AMO']",Arena,strategy_nearest,False,0.003459930419921875,success
042F7D4A9C4C80,1,"['Arena', 'Casa Giulietta']",Torre Lamberti,"['Sighseeing', 'Centro Fotografia', 'Museo Conte', 'Palazzo della Ragione', 'AMO']",Palazzo della Ragione,strategy_nearest,True,0.001940011978149414,success
042F894A9C4C80,0,['Arena'],Casa Giulietta,"['Centro Fotografia', 'Sighseeing', 'Torre Lamberti', 'Museo Conte', 'Museo Radio']",Torre Lamberti,strategy_nearest,True,0.001722097396850586,success
042F814A9C4C80,3,"['Arena', 'Casa Giulietta', 'Torre Lamberti']",Santa Anastasia,"['AMO', 'Museo Conte', 'Palazzo della Ragione', 'Teatro Romano', 'Centro Fotografia']",Duomo,strategy_nearest,False,0.0033316612243652344,success
042F8B429C4C80,4,"['Arena', 'Museo Lapidario', 'Tomba Giulietta', 'Museo Radio', 'San Fermo']",Giardino Giusti,"['Santa Anastasia', 'Teatro Romano', 'Museo Conte', 'Centro Fotografia', 'Museo Storia']",Teatro Romano,strategy_nearest,True,0.002025127410888672,success
042F8D4A9C4C80,3,"['Duomo', 'Santa Anastasia', 'Torre Lamberti', 'Casa Giulietta']",Arena,"['Verona Tour', 'Museo Lapidario', 'Museo Radio', 'San Fermo', 'Sighseeing']",San Zeno,strategy_nearest,False,0.0032248497009277344,success
042F904A9C4C80,2,['Casa Giulietta'],Santa Anastasia,"['AMO', 'Museo Conte', 'Palazzo della Ragione', 'Teatro Romano', 'Centro Fotografia']",Teatro Romano,strategy_nearest,True,0.003313779830932617,success
042F964A9C4C80,1,"['Arena', 'Casa Giulietta']",Palazzo della Ragione,"['AMO', 'Museo Conte', 'Torre Lamberti', 'Centro Fotografia', 'Sighseeing']",Teatro Romano,strategy_nearest,False,0.0025916099548339844,success
042F954A9C4C80,1,"['Arena', 'Palazzo della Ragione', 'Torre Lamberti']",Santa Anastasia,"['AMO', 'Museo Conte', 'Teatro Romano', 'Centro Fotografia', 'Duomo']",Duomo,strategy_nearest,True,0.002719879150390625,success
042F984A9C4C81,3,"['Castelvecchio', 'Arena']",Casa Giulietta,"['Centro Fotografia', 'Sighseeing', 'Torre Lamberti', 'Museo Conte', 'Museo Radio']",Torre Lamberti,strategy_nearest,True,0.0031549930572509766,success
042F9C429C4C80,0,['Casa Giulietta'],Teatro Romano,"['Santa Anastasia', 'Duomo', 'AMO', 'Palazzo della Ragione', 'Museo Conte']",Arena,strategy_nearest,False,0.003114938735961914,success
042F9B4A9C4C80,0,['Arena'],Casa Giulietta,"['Centro Fotografia', 'Sighseeing', 'Torre Lamberti', 'Museo Conte', 'Museo Radio']",Castelvecchio,strategy_nearest,False,0.0026407241821289062,success
042F994A9C4C81,1,['Castelvecchio'],Arena,"['Verona Tour', 'Museo Lapidario', 'Museo Radio', 'San Fermo', 'Casa Giulietta']",Casa Giulietta,strategy_nearest,True,0.002154111862182617,success
042F9A4A9C4C81,1,"['Arena', 'Casa Giulietta']",Palazzo della Ragione,"['AMO', 'Museo Conte', 'Torre Lamberti', 'Centro Fotografia', 'Sighseeing']",Duomo,strategy_nearest,False,0.001538991928100586,success
042FA34A9C4C81,3,"['Arena', 'Museo Lapidario', 'Castelvecchio']",Casa Giulietta,"['Centro Fotografia', 'Sighseeing', 'Torre Lamberti', 'Museo Conte', 'Museo Radio']",Torre Lamberti,strategy_nearest,True,0.0013167858123779297,success
042F9C429C4C81,3,['Arena'],Torre Lamberti,"['Sighseeing', 'Centro Fotografia', 'Museo Conte', 'Casa Giulietta', 'Palazzo della Ragione']",Casa Giulietta,strategy_nearest,True,0.002107858657836914,success
042FA83A9C4C81,3,"['Arena', 'Casa Giulietta']",Santa Anastasia,"['AMO', 'Museo Conte', 'Palazzo della Ragione', 'Teatro Romano', 'Centro Fotografia']",Teatro Romano,strategy_nearest,True,0.002727031707763672,success
042FA93A9C4C81,1,"['Casa Giulietta', 'Palazzo della Ragione', 'Torre Lamberti']",Arena,"['Verona Tour', 'Museo Lapidario', 'Museo Radio', 'San Fermo', 'Sighseeing']",San Fermo,strategy_nearest,True,0.003200054168701172,success
042FB14A9C4C81,0,['Arena'],Castelvecchio,"['Museo Lapidario', 'Verona Tour', 'Museo Radio', 'San Zeno', 'Sighseeing']",Casa Giulietta,strategy_nearest,False,0.002382040023803711,success
042FAE4A9C4C80,0,['Arena'],Casa Giulietta,"['Centro Fotografia', 'Sighseeing', 'Torre Lamberti', 'Museo Conte', 'Museo Radio']",Tomba Giulietta,strategy_nearest,False,0.0012340545654296875,success
042FAC4A9C4C80,3,"['Arena', 'Casa Giulietta', 'Teatro Romano']",Duomo,"['AMO', 'Museo Miniscalchi', 'Santa Anastasia', 'Palazzo della Ragione', 'Museo Conte']",Santa Anastasia,strategy_nearest,True,0.0031023025512695312,success
042FB64A9C4C80,3,['Arena'],Casa Giulietta,"['Centro Fotografia', 'Sighseeing', 'Torre Lamberti', 'Museo Conte', 'Museo Radio']",Torre Lamberti,strategy_nearest,True,0.0020351409912109375,success
042FB44A9C4C81,0,['Arena'],Casa Giulietta,"['Centro Fotografia', 'Sighseeing', 'Torre Lamberti', 'Museo Conte', 'Museo Radio']",Giardino Giusti,strategy_nearest,False,0.0027778148651123047,success
042FB33A9C4C80,0,['Arena'],Casa Giulietta,"['Centro Fotografia', 'Sighseeing', 'Torre Lamberti', 'Museo Conte', 'Museo Radio']",Tomba Giulietta,strategy_nearest,False,0.0033919811248779297,success
042FBA3A9C4C81,0,['Arena'],Casa Giulietta,"['Centro Fotografia', 'Sighseeing', 'Torre Lamberti', 'Museo Conte', 'Museo Radio']",Santa Anastasia,strategy_nearest,False,0.001399993896484375,success
042FC04A9C4C80,3,['Casa Giulietta'],Arena,"['Verona Tour', 'Museo Lapidario', 'Museo Radio', 'San Fermo', 'Sighseeing']",Santa Anastasia,strategy_nearest,False,0.002000093460083008,success
042FBDC27B3F81,3,"['Museo Lapidario', 'Castelvecchio']",Arena,"['Verona Tour', 'Museo Radio', 'San Fermo', 'Casa Giulietta', 'Sighseeing']",Santa Anastasia,strategy_nearest,False,0.0016090869903564453,success
042FC03A9C4C81,1,"['Arena', 'Casa Giulietta']",Palazzo della Ragione,"['AMO', 'Museo Conte', 'Torre Lamberti', 'Centro Fotografia', 'Sighseeing']",Torre Lamberti,strategy_nearest,True,0.002760171890258789,success
042FBC4A9C4C81,3,['Arena'],Casa Giulietta,"['Centro Fotografia', 'Sighseeing', 'Torre Lamberti', 'Museo Conte', 'Museo Radio']",Santa Anastasia,strategy_nearest,False,0.004640102386474609,success
042FC3429C4C80,0,"['Arena', 'Casa Giulietta']",San Fermo,"['Museo Storia', 'Museo Radio', 'Centro Fotografia', 'Sighseeing', 'Torre Lamberti']",Teatro Romano,strategy_nearest,False,0.0015499591827392578,success
042FC54A9C4C81,0,['Arena'],Casa Giulietta,"['Centro Fotografia', 'Sighseeing', 'Torre Lamberti', 'Museo Conte', 'Museo Radio']",Castelvecchio,strategy_nearest,False,0.0020868778228759766,success
042FC1429C4C80,3,"['Arena', 'Casa Giulietta']",Torre Lamberti,"['Sighseeing', 'Centro Fotografia', 'Museo Conte', 'Palazzo della Ragione', 'AMO']",Santa Anastasia,strategy_nearest,False,0.0034580230712890625,success
042FC14A9C4C80,0,['Arena'],Casa Giulietta,"['Centro Fotografia', 'Sighseeing', 'Torre Lamberti', 'Museo Conte', 'Museo Radio']",Castelvecchio,strategy_nearest,False,0.004012107849121094,success
042FC94A9C4C80,1,['Arena'],Torre Lamberti,"['Sighseeing', 'Centro Fotografia', 'Museo Conte', 'Casa Giulietta', 'Palazzo della Ragione']",Palazzo della Ragione,strategy_nearest,True,0.0021750926971435547,success
042FC94A9C4C81,3,"['Arena', 'Castelvecchio']",Duomo,"['AMO', 'Museo Miniscalchi', 'Santa Anastasia', 'Teatro Romano', 'Palazzo della Ragione']",Santa Anastasia,strategy_nearest,True,0.0015633106231689453,success
042FCB3A9C4C80,2,"['Palazzo della Ragione', 'Torre Lamberti']",Santa Anastasia,"['AMO', 'Museo Conte', 'Teatro Romano', 'Centro Fotografia', 'Duomo']",Duomo,strategy_nearest,True,0.0027091503143310547,success
042FCD3A9C4C81,0,['Arena'],Torre Lamberti,"['Sighseeing', 'Centro Fotografia', 'Museo Conte', 'Casa Giulietta', 'Palazzo della Ragione']",Casa Giulietta,strategy_nearest,True,0.0031549930572509766,success
042FCF4A9C4C80,3,"['Castelvecchio', 'Arena', 'Casa Giulietta']",Teatro Romano,"['Santa Anastasia', 'Duomo', 'AMO', 'Palazzo della Ragione', 'Museo Conte']",Duomo,strategy_nearest,True,0.0021359920501708984,success
042FD4429C4C80,3,"['Arena', 'Casa Giulietta', 'Giardino Giusti']",Castelvecchio,"['Museo Lapidario', 'Verona Tour', 'Museo Radio', 'San Zeno', 'Sighseeing']",Torre Lamberti,strategy_nearest,False,0.0025632381439208984,success
042FD14A9C4C81,0,['Arena'],Torre Lamberti,"['Sighseeing', 'Centro Fotografia', 'Museo Conte', 'Casa Giulietta', 'Palazzo della Ragione']",Casa Giulietta,strategy_nearest,True,0.001413106918334961,success
042FD13A9C4C81,1,"['Arena', 'Palazzo della Ragione', 'Santa Anastasia', 'Castelvecchio']",Tomba Giulietta,"['San Fermo', 'Museo Storia', 'Museo Lapidario', 'Museo Radio', 'Verona Tour']",Museo Storia,strategy_nearest,True,0.003317117691040039,success
042FD8429C4C80,3,"['Arena', 'Torre Lamberti']",Santa Anastasia,"['AMO', 'Museo Conte', 'Palazzo della Ragione', 'Teatro Romano', 'Centro Fotografia']",Duomo,strategy_nearest,False,0.0013401508331298828,success
042FD6429C4C80,3,"['Teatro Romano', 'Arena']",Casa Giulietta,"['Centro Fotografia', 'Sighseeing', 'Torre Lamberti', 'Museo Conte', 'Museo Radio']",Santa Anastasia,strategy_nearest,False,0.002012014389038086,success
042FD4429C4C81,1,"['Tomba Giulietta', 'Palazzo della Ragione']",Arena,"['Verona Tour', 'Museo Lapidario', 'Museo Radio', 'San Fermo', 'Casa Giulietta']",Teatro Romano,strategy_nearest,False,0.0038101673126220703,success
042FE94A9C4C80,3,"['Arena', 'Casa Giulietta']",Torre Lamberti,"['Sighseeing', 'Centro Fotografia', 'Museo Conte', 'Palazzo della Ragione', 'AMO']",Santa Anastasia,strategy_nearest,False,0.0033490657806396484,success
042FF14A9C4C80,1,"['Arena', 'Casa Giulietta']",Castelvecchio,"['Museo Lapidario', 'Verona Tour', 'Museo Radio', 'San Zeno', 'Sighseeing']",Palazzo della Ragione,strategy_nearest,False,0.0023391246795654297,success
042FF63A9C4C80,3,"['Museo Lapidario', 'Arena', 'Casa Giulietta']",Torre Lamberti,"['Sighseeing', 'Centro Fotografia', 'Museo Conte', 'Palazzo della Ragione', 'AMO']",Duomo,strategy_nearest,False,0.002643108367919922,success
042FF54A9C4C80,3,"['Arena', 'Santa Anastasia']",Duomo,"['AMO', 'Museo Miniscalchi', 'Teatro Romano', 'Palazzo della Ragione', 'Museo Conte']",Teatro Romano,strategy_nearest,True,0.0035409927368164062,success
042FF74A9C4C80,3,"['Casa Giulietta', 'Torre Lamberti', 'Teatro Romano']",Duomo,"['AMO', 'Museo Miniscalchi', 'Santa Anastasia', 'Palazzo della Ragione', 'Museo Conte']",Arena,strategy_nearest,False,0.0033011436462402344,success
042FFA429C4C80,3,['Arena'],Casa Giulietta,"['Centro Fotografia', 'Sighseeing', 'Torre Lamberti', 'Museo Conte', 'Museo Radio']",Santa Anastasia,strategy_nearest,False,0.0031480789184570312,success
0430014A9C4C84,1,"['Arena', 'Teatro Romano']",Santa Anastasia,"['AMO', 'Museo Conte', 'Palazzo della Ragione', 'Centro Fotografia', 'Duomo']",Castelvecchio,strategy_nearest,False,0.0025179386138916016,success
042FFC3A9C4C80,0,['Arena'],Torre Lamberti,"['Sighseeing', 'Centro Fotografia', 'Museo Conte', 'Casa Giulietta', 'Palazzo della Ragione']",Casa Giulietta,strategy_nearest,True,0.0014438629150390625,success
042FFC4A9C4C80,0,['Arena'],Castelvecchio,"['Museo Lapidario', 'Verona Tour', 'Museo Radio', 'San Zeno', 'Sighseeing']",Casa Giulietta,strategy_nearest,False,0.002025127410888672,success
042FFE4A9C4C80,3,"['Arena', 'Torre Lamberti', 'Casa Giulietta']",Teatro Romano,"['Santa Anastasia', 'Duomo', 'AMO', 'Palazzo della Ragione', 'Museo Conte']",Duomo,strategy_nearest,True,0.003245830535888672,success
04303A4A9C4C80,2,"['Castelvecchio', 'Palazzo della Ragione']",Torre Lamberti,"['Sighseeing', 'Centro Fotografia', 'Museo Conte', 'Casa Giulietta', 'AMO']",San Fermo,strategy_nearest,False,0.002233266830444336,success
0430593A9C4C80,0,['Arena'],Castelvecchio,"['Museo Lapidario', 'Verona Tour', 'Museo Radio', 'San Zeno', 'Sighseeing']",Torre Lamberti,strategy_nearest,False,0.0032911300659179688,success
0430663A9C4C80,3,"['Arena', 'Tomba Giulietta', 'Castelvecchio', 'Torre Lamberti', 'Casa Giulietta']",San Fermo,"['Museo Storia', 'Museo Radio', 'Centro Fotografia', 'Sighseeing', 'Museo Conte']",Teatro Romano,strategy_nearest,False,0.0025720596313476562,success
0430584A9C4C80,3,"['Arena', 'Castelvecchio']",Santa Anastasia,"['AMO', 'Museo Conte', 'Palazzo della Ragione', 'Teatro Romano', 'Centro Fotografia']",Teatro Romano,strategy_nearest,True,0.0016179084777832031,success
04306B3A9C4C80,0,['Arena'],Castelvecchio,"['Museo Lapidario', 'Verona Tour', 'Museo Radio', 'San Zeno', 'Sighseeing']",Torre Lamberti,strategy_nearest,False,0.0020139217376708984,success
04306C429C4C81,1,"['Tomba Giulietta', 'Arena', 'Casa Giulietta']",Castelvecchio,"['Museo Lapidario', 'Verona Tour', 'Museo Radio', 'San Zeno', 'Sighseeing']",Torre Lamberti,strategy_nearest,False,0.003278970718383789,success
0430673A9C4C80,1,"['Casa Giulietta', 'Palazzo della Ragione', 'Torre Lamberti', 'Santa Anastasia']",Duomo,"['AMO', 'Museo Miniscalchi', 'Teatro Romano', 'Museo Conte', 'Centro Fotografia']",Teatro Romano,strategy_nearest,True,0.0014882087707519531,success
04306F3A9C4C80,1,"['Arena', 'Castelvecchio', 'Casa Giulietta']",Torre Lamberti,"['Sighseeing', 'Centro Fotografia', 'Museo Conte', 'Palazzo della Ragione', 'AMO']",Palazzo della Ragione,strategy_nearest,True,0.0026369094848632812,success
043076429C4C81,1,"['Casa Giulietta', 'Palazzo della Ragione', 'Torre Lamberti']",Santa Anastasia,"['AMO', 'Museo Conte', 'Teatro Romano', 'Centro Fotografia', 'Duomo']",Duomo,strategy_nearest,True,0.002763032913208008,success
0430784A9C4C80,3,"['Santa Anastasia', 'Duomo', 'Torre Lamberti']",Casa Giulietta,"['Centro Fotografia', 'Sighseeing', 'Museo Conte', 'Museo Radio', 'Palazzo della Ragione']",Arena,strategy_nearest,False,0.0031702518463134766,success
0430774A9C4C81,3,"['Tomba Giulietta', 'Arena', 'Castelvecchio']",Casa Giulietta,"['Centro Fotografia', 'Sighseeing', 'Torre Lamberti', 'Museo Conte', 'Museo Radio']",Torre Lamberti,strategy_nearest,True,0.0015671253204345703,success
04306F4A9C4C80,1,['Palazzo della Ragione'],Torre Lamberti,"['Sighseeing', 'Centro Fotografia', 'Museo Conte', 'Casa Giulietta', 'AMO']",Arena,strategy_nearest,False,0.0022041797637939453,success
0430813A9C4C80,2,"['Casa Giulietta', 'Santa Anastasia']",Duomo,"['AMO', 'Museo Miniscalchi', 'Teatro Romano', 'Palazzo della Ragione', 'Museo Conte']",Teatro Romano,strategy_nearest,True,0.0027959346771240234,success
0430873A9C4C81,3,['Arena'],Casa Giulietta,"['Centro Fotografia', 'Sighseeing', 'Torre Lamberti', 'Museo Conte', 'Museo Radio']",Torre Lamberti,strategy_nearest,True,0.0021271705627441406,success
0430864A9C4C80,0,['Arena'],Casa Giulietta,"['Centro Fotografia', 'Sighseeing', 'Torre Lamberti', 'Museo Conte', 'Museo Radio']",Torre Lamberti,strategy_nearest,True,0.001573801040649414,success
0430854A9C4C81,3,"['Arena', 'Casa Giulietta']",Santa Anastasia,"['AMO', 'Museo Conte', 'Palazzo della Ragione', 'Teatro Romano', 'Centro Fotografia']",Teatro Romano,strategy_nearest,True,0.003406047821044922,success
0430974A9C4C80,3,"['Arena', 'Casa Giulietta']",Teatro Romano,"['Santa Anastasia', 'Duomo', 'AMO', 'Palazzo della Ragione', 'Museo Conte']",Santa Anastasia,strategy_nearest,True,0.002552032470703125,success
0430954A9C4C81,1,"['Arena', 'Casa Giulietta', 'Palazzo della Ragione']",Torre Lamberti,"['Sighseeing', 'Centro Fotografia', 'Museo Conte', 'AMO', 'Museo Miniscalchi']",Santa Anastasia,strategy_nearest,False,0.0014050006866455078,success
04308F3A9C4C80,3,"['Museo Lapidario', 'Arena']",Casa Giulietta,"['Centro Fotografia', 'Sighseeing', 'Torre Lamberti', 'Museo Conte', 'Museo Radio']",Torre Lamberti,strategy_nearest,True,0.003289937973022461,success
04308A429C4C80,1,['Arena'],Torre Lamberti,"['Sighseeing', 'Centro Fotografia', 'Museo Conte', 'Casa Giulietta', 'Palazzo della Ragione']",Palazzo della Ragione,strategy_nearest,True,0.002769947052001953,success
04309C429C4C80,0,['Casa Giulietta'],Casa Giulietta,"['Centro Fotografia', 'Sighseeing', 'Torre Lamberti', 'Museo Conte', 'Museo Radio']",Torre Lamberti,strategy_nearest,True,0.0021240711212158203,success
04309A429C4C81,1,"['Arena', 'Casa Giulietta', 'Torre Lamberti']",Palazzo della Ragione,"['AMO', 'Museo Conte', 'Centro Fotografia', 'Sighseeing', 'Santa Anastasia']",Santa Anastasia,strategy_nearest,True,0.003354310989379883,success
04309A4A9C4C81,3,"['Casa Giulietta', 'Torre Lamberti', 'Santa Anastasia']",Duomo,"['AMO', 'Museo Miniscalchi', 'Teatro Romano', 'Palazzo della Ragione', 'Museo Conte']",Teatro Romano,strategy_nearest,True,0.0015521049499511719,success
0430A53A9C4C81,3,"['Castelvecchio', 'Arena']",Torre Lamberti,"['Sighseeing', 'Centro Fotografia', 'Museo Conte', 'Casa Giulietta', 'Palazzo della Ragione']",Santa Anastasia,strategy_nearest,False,0.002568960189819336,success
0430A73A9C4C81,3,"['San Zeno', 'Duomo', 'Santa Anastasia']",Torre Lamberti,"['Sighseeing', 'Centro Fotografia', 'Museo Conte', 'Casa Giulietta', 'Palazzo della Ragione']",Arena,strategy_nearest,False,0.001444101333618164,success
0430AF3A9C4C81,3,"['Arena', 'Casa Giulietta']",Santa Anastasia,"['AMO', 'Museo Conte', 'Palazzo della Ragione', 'Teatro Romano', 'Centro Fotografia']",Duomo,strategy_nearest,False,0.0020020008087158203,success
0430AF4A9C4C81,0,['Castelvecchio'],Torre Lamberti,"['Sighseeing', 'Centro Fotografia', 'Museo Conte', 'Casa Giulietta', 'Palazzo della Ragione']",Casa Giulietta,strategy_nearest,True,0.003338336944580078,success
0430AE4A9C4C81,0,['Castelvecchio'],Casa Giulietta,"['Centro Fotografia', 'Sighseeing', 'Torre Lamberti', 'Museo Conte', 'Museo Radio']",Tomba Giulietta,strategy_nearest,False,0.002762317657470703,success
0430B04A9C4C81,3,"['Arena', 'Casa Giulietta']",Santa Anastasia,"['AMO', 'Museo Conte', 'Palazzo della Ragione', 'Teatro Romano', 'Centro Fotografia']",Duomo,strategy_nearest,False,0.002566814422607422,success
0430B43A9C4C80,0,['Arena'],Casa Giulietta,"['Centro Fotografia', 'Sighseeing', 'Torre Lamberti', 'Museo Conte', 'Museo Radio']",Castelvecchio,strategy_nearest,False,0.0020117759704589844,success
0430B23A9C4C80,0,['Arena'],Casa Giulietta,"['Centro Fotografia', 'Sighseeing', 'Torre Lamberti', 'Museo Conte', 'Museo Radio']",Torre Lamberti,strategy_nearest,True,0.003928661346435547,success
0430B3429C4C80,1,['Arena'],Casa Giulietta,"['Centro Fotografia', 'Sighseeing', 'Torre Lamberti', 'Museo Conte', 'Museo Radio']",Torre Lamberti,strategy_nearest,True,0.002627849578857422,success
0430BD4A9C4C81,1,"['Arena', 'Casa Giulietta']",Torre Lamberti,"['Sighseeing', 'Centro Fotografia', 'Museo Conte', 'Palazzo della Ragione', 'AMO']",Palazzo della Ragione,strategy_nearest,True,0.0014369487762451172,success
0430B64A9C4C80,3,"['Arena', 'Casa Giulietta']",Santa Anastasia,"['AMO', 'Museo Conte', 'Palazzo della Ragione', 'Teatro Romano', 'Centro Fotografia']",Castelvecchio,strategy_nearest,False,0.00279998779296875,success
0430C0429C4C81,0,"['Arena', 'Torre Lamberti']",Teatro Romano,"['Santa Anastasia', 'Duomo', 'AMO', 'Palazzo della Ragione', 'Museo Conte']",Giardino Giusti,strategy_nearest,False,0.0020799636840820312,success
0430C83A9C4C80,2,['Torre Lamberti'],Santa Anastasia,"['AMO', 'Museo Conte', 'Palazzo della Ragione', 'Teatro Romano', 'Centro Fotografia']",Duomo,strategy_nearest,False,0.0023260116577148438,success
0430B44A9C4C81,2,['Casa Giulietta'],Palazzo della Ragione,"['AMO', 'Museo Conte', 'Torre Lamberti', 'Centro Fotografia', 'Sighseeing']",Torre Lamberti,strategy_nearest,True,0.0035309791564941406,success
0430C1429C4C80,3,"['Arena', 'Castelvecchio', 'Tomba Giulietta']",Casa Giulietta,"['Centro Fotografia', 'Sighseeing', 'Torre Lamberti', 'Museo Conte', 'Museo Radio']",Santa Anastasia,strategy_nearest,False,0.0021932125091552734,success
0430CA4A9C4C80,3,"['Arena', 'Casa Giulietta']",Santa Anastasia,"['AMO', 'Museo Conte', 'Palazzo della Ragione', 'Teatro Romano', 'Centro Fotografia']",Duomo,strategy_nearest,False,0.0027337074279785156,success
0430CE4A9C4C80,0,['Arena'],Torre Lamberti,"['Sighseeing', 'Centro Fotografia', 'Museo Conte', 'Casa Giulietta', 'Palazzo della Ragione']",Casa Giulietta,strategy_nearest,True,0.002396106719970703,success
0430CC3A9C4C80,3,"['Arena', 'Casa Giulietta', 'Giardino Giusti']",Teatro Romano,"['Santa Anastasia', 'Duomo', 'AMO', 'Palazzo della Ragione', 'Museo Conte']",Duomo,strategy_nearest,True,0.002065896987915039,success
0430CB429C4C81,1,"['Duomo', 'Santa Anastasia', 'Castelvecchio', 'Museo Lapidario', 'Tomba Giulietta', 'San Fermo']",Giardino Giusti,"['Teatro Romano', 'Museo Conte', 'Centro Fotografia', 'Museo Storia', 'AMO']",Teatro Romano,strategy_nearest,True,0.0033500194549560547,success
0430CF4A9C4C81,1,"['Arena', 'Castelvecchio']",Duomo,"['AMO', 'Museo Miniscalchi', 'Santa Anastasia', 'Teatro Romano', 'Palazzo della Ragione']",Casa Giulietta,strategy_nearest,False,0.0021660327911376953,success
0430CF4A9C4C80,3,"['Arena', 'Torre Lamberti']",Santa Anastasia,"['AMO', 'Museo Conte', 'Palazzo della Ragione', 'Teatro Romano', 'Centro Fotografia']",Duomo,strategy_nearest,False,0.0033850669860839844,success
0430D13A9C4C80,3,"['San Zeno', 'Castelvecchio']",Arena,"['Verona Tour', 'Museo Lapidario', 'Museo Radio', 'San Fermo', 'Casa Giulietta']",Tomba Giulietta,strategy_nearest,False,0.0019741058349609375,success
0430D03A9C4C80,2,['Casa Giulietta'],Torre Lamberti,"['Sighseeing', 'Centro Fotografia', 'Museo Conte', 'Palazzo della Ragione', 'AMO']",Santa Anastasia,strategy_nearest,False,0.003262042999267578,success
0430D14A9C4C81,0,['Arena'],Casa Giulietta,"['Centro Fotografia', 'Sighseeing', 'Torre Lamberti', 'Museo Conte', 'Museo Radio']",Torre Lamberti,strategy_nearest,True,0.002229928970336914,success
0430D3429C4C80,1,"['Arena', 'Casa Giulietta']",San Fermo,"['Museo Storia', 'Museo Radio', 'Centro Fotografia', 'Sighseeing', 'Torre Lamberti']",Torre Lamberti,strategy_nearest,True,0.0016090869903564453,success
0430E0429C4C80,3,"['Arena', 'Santa Anastasia', 'San Fermo']",Castelvecchio,"['Museo Lapidario', 'Verona Tour', 'Museo Radio', 'San Zeno', 'Sighseeing']",San Zeno,strategy_nearest,True,0.0026001930236816406,success
0430DF429C4C80,3,"['Casa Giulietta', 'San Zeno']",Santa Anastasia,"['AMO', 'Museo Conte', 'Palazzo della Ragione', 'Teatro Romano', 'Centro Fotografia']",Duomo,strategy_nearest,False,0.0034487247467041016,success
0430EF4A9C4C80,3,"['Arena', 'Casa Giulietta']",Torre Lamberti,"['Sighseeing', 'Centro Fotografia', 'Museo Conte', 'Palazzo della Ragione', 'AMO']",Santa Anastasia,strategy_nearest,False,0.001995086669921875,success
0430E83A9C4C80,3,"['Castelvecchio', 'San Zeno', 'Casa Giulietta']",Duomo,"['AMO', 'Museo Miniscalchi', 'Santa Anastasia', 'Teatro Romano', 'Palazzo della Ragione']",Santa Anastasia,strategy_nearest,True,0.003278017044067383,success
0430EE3A9C4C80,1,"['Arena', 'Casa Giulietta', 'Torre Lamberti']",Palazzo della Ragione,"['AMO', 'Museo Conte', 'Centro Fotografia', 'Sighseeing', 'Santa Anastasia']",Castelvecchio,strategy_nearest,False,0.001987934112548828,success
0430F64A9C4C80,1,['Arena'],Torre Lamberti,"['Sighseeing', 'Centro Fotografia', 'Museo Conte', 'Casa Giulietta', 'Palazzo della Ragione']",Palazzo della Ragione,strategy_nearest,True,0.002694845199584961,success
0430F2429C4C80,1,"['Museo Lapidario', 'Arena', 'San Fermo']",Casa Giulietta,"['Centro Fotografia', 'Sighseeing', 'Torre Lamberti', 'Museo Conte', 'Museo Radio']",Palazzo della Ragione,strategy_nearest,False,0.002680063247680664,success
0430FA429C4C80,3,"['Duomo', 'Arena', 'Casa Giulietta']",Torre Lamberti,"['Sighseeing', 'Centro Fotografia', 'Museo Conte', 'Palazzo della Ragione', 'AMO']",Teatro Romano,strategy_nearest,False,0.002646207809448242,success
0430FB429C4C80,3,"['Museo Lapidario', 'Arena', 'San Fermo', 'San Zeno', 'Castelvecchio']",Santa Anastasia,"['AMO', 'Museo Conte', 'Palazzo della Ragione', 'Teatro Romano', 'Centro Fotografia']",Duomo,strategy_nearest,False,0.0032808780670166016,success
043166429C4C80,0,['Casa Giulietta'],Torre Lamberti,"['Sighseeing', 'Centro Fotografia', 'Museo Conte', 'Palazzo della Ragione', 'AMO']",Arena,strategy_nearest,False,0.00145721435546875,success
0430FD4A9C4C80,3,"['Arena', 'Castelvecchio']",Torre Lamberti,"['Sighseeing', 'Centro Fotografia', 'Museo Conte', 'Casa Giulietta', 'Palazzo della Ragione']",Casa Giulietta,strategy_nearest,True,0.004187822341918945,success
0431383A9C4C80,3,"['Castelvecchio', 'Santa Anastasia']",Torre Lamberti,"['Sighseeing', 'Centro Fotografia', 'Museo Conte', 'Casa Giulietta', 'Palazzo della Ragione']",Casa Giulietta,strategy_nearest,True,0.002917766571044922,success
043171429C4C81,0,['San Zeno'],Arena,"['Verona Tour', 'Museo Lapidario', 'Museo Radio', 'San Fermo', 'Casa Giulietta']",Casa Giulietta,strategy_nearest,True,0.002961874008178711,success
04316C3A9C4C81,1,"['Palazzo della Ragione', 'Torre Lamberti', 'Santa Anastasia']",Duomo,"['AMO', 'Museo Miniscalchi', 'Teatro Romano', 'Museo Conte', 'Centro Fotografia']",Teatro Romano,strategy_nearest,True,0.002235889434814453,success
04317B4A9C4C81,3,"['Santa Anastasia', 'Casa Giulietta']",San Fermo,"['Museo Storia', 'Museo Radio', 'Centro Fotografia', 'Arena', 'Sighseeing']",Arena,strategy_nearest,True,0.003551006317138672,success
04316C429C4C80,3,"['San Fermo', 'Casa Giulietta']",Santa Anastasia,"['AMO', 'Museo Conte', 'Palazzo della Ragione', 'Teatro Romano', 'Centro Fotografia']",Duomo,strategy_nearest,False,0.004564046859741211,success
043194429C4C80,0,['Castelvecchio'],Arena,"['Verona Tour', 'Museo Lapidario', 'Museo Radio', 'San Fermo', 'Casa Giulietta']",Casa Giulietta,strategy_nearest,True,0.003679037094116211,success
0431954A9C4C81,0,['Arena'],Casa Giulietta,"['Centro Fotografia', 'Sighseeing', 'Torre Lamberti', 'Museo Conte', 'Museo Radio']",Duomo,strategy_nearest,False,0.0028772354125976562,success
04317E429C4C80,0,['Arena'],Casa Giulietta,"['Centro Fotografia', 'Sighseeing', 'Torre Lamberti', 'Museo Conte', 'Museo Radio']",Torre Lamberti,strategy_nearest,True,0.0030939579010009766,success
043192429C4C80,0,['Arena'],Casa Giulietta,"['Centro Fotografia', 'Sighseeing', 'Torre Lamberti', 'Museo Conte', 'Museo Radio']",Teatro Romano,strategy_nearest,False,0.001384735107421875,success
0431974A9C4C80,0,"['Arena', 'Museo Lapidario']",Castelvecchio,"['Verona Tour', 'Museo Radio', 'San Zeno', 'Sighseeing', 'Museo Miniscalchi']",Casa Giulietta,strategy_nearest,False,0.0016410350799560547,success
0431994A9C4C80,2,"['Castelvecchio', 'Casa Giulietta', 'Torre Lamberti']",Palazzo della Ragione,"['AMO', 'Museo Conte', 'Centro Fotografia', 'Sighseeing', 'Santa Anastasia']",Santa Anastasia,strategy_nearest,True,0.0022249221801757812,success
0431994A9C4C81,0,"['Arena', 'Casa Giulietta']",Torre Lamberti,"['Sighseeing', 'Centro Fotografia', 'Museo Conte', 'Palazzo della Ragione', 'AMO']",Duomo,strategy_nearest,False,0.0036280155181884766,success
043199429C4C80,3,"['Casa Giulietta', 'Santa Anastasia']",Duomo,"['AMO', 'Museo Miniscalchi', 'Teatro Romano', 'Palazzo della Ragione', 'Museo Conte']",Arena,strategy_nearest,False,0.002895832061767578,success
0431A94A9C4C81,0,"['Casa Giulietta', 'Arena']",Tomba Giulietta,"['San Fermo', 'Museo Storia', 'Museo Lapidario', 'Museo Radio', 'Verona Tour']",Museo Storia,strategy_nearest,True,0.003589153289794922,success
0431ADC27B3F81,0,['Museo Lapidario'],Castelvecchio,"['Verona Tour', 'Arena', 'Museo Radio', 'San Zeno', 'Sighseeing']",Arena,strategy_nearest,True,0.003278017044067383,success
04319A429C4C81,0,['Arena'],Torre Lamberti,"['Sighseeing', 'Centro Fotografia', 'Museo Conte', 'Casa Giulietta', 'Palazzo della Ragione']",Duomo,strategy_nearest,False,0.0022611618041992188,success
0431AD4A9C4C80,1,['Arena'],Casa Giulietta,"['Centro Fotografia', 'Sighseeing', 'Torre Lamberti', 'Museo Conte', 'Museo Radio']",Torre Lamberti,strategy_nearest,True,0.001940011978149414,success
0431AF4A9C4C81,1,"['Museo Lapidario', 'Arena', 'Casa Giulietta', 'Palazzo della Ragione']",Torre Lamberti,"['Sighseeing', 'Centro Fotografia', 'Museo Conte', 'AMO', 'Museo Miniscalchi']",Santa Anastasia,strategy_nearest,False,0.0012819766998291016,success
0431B03A9C4C80,0,"['Arena', 'Teatro Romano']",Torre Lamberti,"['Sighseeing', 'Centro Fotografia', 'Museo Conte', 'Casa Giulietta', 'Palazzo della Ragione']",Casa Giulietta,strategy_nearest,True,0.0032110214233398438,success
0431AF4A9C4C80,3,"['Arena', 'Castelvecchio']",Duomo,"['AMO', 'Museo Miniscalchi', 'Santa Anastasia', 'Teatro Romano', 'Palazzo della Ragione']",Santa Anastasia,strategy_nearest,True,0.0021409988403320312,success
0431AE4A9C4C81,2,"['Palazzo della Ragione', 'Torre Lamberti']",Santa Anastasia,"['AMO', 'Museo Conte', 'Teatro Romano', 'Centro Fotografia', 'Duomo']",Duomo,strategy_nearest,True,0.002805948257446289,success
0431B13A9C4C80,0,['Arena'],Casa Giulietta,"['Centro Fotografia', 'Sighseeing', 'Torre Lamberti', 'Museo Conte', 'Museo Radio']",Castelvecchio,strategy_nearest,False,0.003410816192626953,success
0431B24A9C4C81,2,['Santa Anastasia'],Torre Lamberti,"['Sighseeing', 'Centro Fotografia', 'Museo Conte', 'Casa Giulietta', 'Palazzo della Ragione']",Casa Giulietta,strategy_nearest,True,0.002689838409423828,success
0431B24A9C4C80,3,"['Arena', 'Casa Giulietta']",Torre Lamberti,"['Sighseeing', 'Centro Fotografia', 'Museo Conte', 'Palazzo della Ragione', 'AMO']",Santa Anastasia,strategy_nearest,False,0.001577138900756836,success
0431B04A9C4C80,1,"['Arena', 'Casa Giulietta']",Torre Lamberti,"['Sighseeing', 'Centro Fotografia', 'Museo Conte', 'Palazzo della Ragione', 'AMO']",Palazzo della Ragione,strategy_nearest,True,0.002225160598754883,success
0431B44A9C4C81,3,"['Arena', 'Casa Giulietta', 'Torre Lamberti']",Santa Anastasia,"['AMO', 'Museo Conte', 'Palazzo della Ragione', 'Teatro Romano', 'Centro Fotografia']",Duomo,strategy_nearest,False,0.0021190643310546875,success
0431BB4A9C4C80,0,"['Arena', 'San Fermo']",Castelvecchio,"['Museo Lapidario', 'Verona Tour', 'Museo Radio', 'San Zeno', 'Sighseeing']",Museo Lapidario,strategy_nearest,True,0.002557992935180664,success
0431BA3A9C4C80,0,"['Castelvecchio', 'Arena']",Casa Giulietta,"['Centro Fotografia', 'Sighseeing', 'Torre Lamberti', 'Museo Conte', 'Museo Radio']",Torre Lamberti,strategy_nearest,True,0.0034570693969726562,success
0431B64A9C4C80,3,['Arena'],Casa Giulietta,"['Centro Fotografia', 'Sighseeing', 'Torre Lamberti', 'Museo Conte', 'Museo Radio']",Torre Lamberti,strategy_nearest,True,0.001394033432006836,success
0431C2429C4C80,3,"['Arena', 'Casa Giulietta']",Torre Lamberti,"['Sighseeing', 'Centro Fotografia', 'Museo Conte', 'Palazzo della Ragione', 'AMO']",Santa Anastasia,strategy_nearest,False,0.0021028518676757812,success
0431C0429C4C81,0,['Tomba Giulietta'],Arena,"['Verona Tour', 'Museo Lapidario', 'Museo Radio', 'San Fermo', 'Casa Giulietta']",Casa Giulietta,strategy_nearest,True,0.002279043197631836,success
0431C1429C4C81,0,['Arena'],Casa Giulietta,"['Centro Fotografia', 'Sighseeing', 'Torre Lamberti', 'Museo Conte', 'Museo Radio']",Torre Lamberti,strategy_nearest,True,0.004119157791137695,success
0431C14A9C4C80,3,"['Arena', 'Casa Giulietta', 'Teatro Romano']",Castelvecchio,"['Museo Lapidario', 'Verona Tour', 'Museo Radio', 'San Zeno', 'Sighseeing']",Torre Lamberti,strategy_nearest,False,0.0027849674224853516,success
0431C34A9C4C80,3,"['Arena', 'Casa Giulietta']",Santa Anastasia,"['AMO', 'Museo Conte', 'Palazzo della Ragione', 'Teatro Romano', 'Centro Fotografia']",Teatro Romano,strategy_nearest,True,0.002225160598754883,success
0431CA4A9C4C80,0,['Arena'],Casa Giulietta,"['Centro Fotografia', 'Sighseeing', 'Torre Lamberti', 'Museo Conte', 'Museo Radio']",Torre Lamberti,strategy_nearest,True,0.0033769607543945312,success
0431CC429C4C80,1,"['Arena', 'Casa Giulietta']",Torre Lamberti,"['Sighseeing', 'Centro Fotografia', 'Museo Conte', 'Palazzo della Ragione', 'AMO']",Palazzo della Ragione,strategy_nearest,True,0.0027608871459960938,success
0431CC4A9C4C81,3,"['Arena', 'Casa Giulietta']",Santa Anastasia,"['AMO', 'Museo Conte', 'Palazzo della Ragione', 'Teatro Romano', 'Centro Fotografia']",Duomo,strategy_nearest,False,0.0019712448120117188,success
0431D24A9C4C80,2,['Casa Giulietta'],Torre Lamberti,"['Sighseeing', 'Centro Fotografia', 'Museo Conte', 'Palazzo della Ragione', 'AMO']",Duomo,strategy_nearest,False,0.003262042999267578,success
0431E83A9C4C80,1,"['Castelvecchio', 'Arena', 'Torre Lamberti']",Torre Lamberti,"['Sighseeing', 'Centro Fotografia', 'Museo Conte', 'Casa Giulietta', 'Palazzo della Ragione']",Palazzo della Ragione,strategy_nearest,True,0.0019550323486328125,success
0431CD3A9C4C81,2,['Torre Lamberti'],Teatro Romano,"['Santa Anastasia', 'Duomo', 'AMO', 'Palazzo della Ragione', 'Museo Conte']",Santa Anastasia,strategy_nearest,True,0.0027756690979003906,success
0431CE4A9C4C81,0,['Arena'],Casa Giulietta,"['Centro Fotografia', 'Sighseeing', 'Torre Lamberti', 'Museo Conte', 'Museo Radio']",Teatro Romano,strategy_nearest,False,0.001550912857055664,success
0432343A9C4C80,3,"['Tomba Giulietta', 'Arena', 'Casa Giulietta']",Torre Lamberti,"['Sighseeing', 'Centro Fotografia', 'Museo Conte', 'Palazzo della Ragione', 'AMO']",Castelvecchio,strategy_nearest,False,0.0020380020141601562,success
0431F1429C4C80,0,['Arena'],Casa Giulietta,"['Centro Fotografia', 'Sighseeing', 'Torre Lamberti', 'Museo Conte', 'Museo Radio']",Torre Lamberti,strategy_nearest,True,0.002777099609375,success
04323B429C4C80,2,"['Tomba Giulietta', 'Castelvecchio']",Casa Giulietta,"['Centro Fotografia', 'Sighseeing', 'Torre Lamberti', 'Museo Conte', 'Museo Radio']",Teatro Romano,strategy_nearest,False,0.0032808780670166016,success
0431F64A9C4C80,1,"['Casa Giulietta', 'Palazzo della Ragione']",Castelvecchio,"['Museo Lapidario', 'Verona Tour', 'Arena', 'Museo Radio', 'San Zeno']",Arena,strategy_nearest,True,0.0014908313751220703,success
0432593A9C4C80,3,"['Museo Lapidario', 'Arena', 'Casa Giulietta']",Torre Lamberti,"['Sighseeing', 'Centro Fotografia', 'Museo Conte', 'Palazzo della Ragione', 'AMO']",Santa Anastasia,strategy_nearest,False,0.002740144729614258,success
043265429C4C80,3,"['Castelvecchio', 'Arena']",Museo Lapidario,"['Verona Tour', 'Museo Radio', 'San Fermo', 'Casa Giulietta', 'Tomba Giulietta']",Casa Giulietta,strategy_nearest,True,0.003294229507446289,success
0432673A9C4C80,1,"['Castelvecchio', 'Arena']",Casa Giulietta,"['Centro Fotografia', 'Sighseeing', 'Torre Lamberti', 'Museo Conte', 'Museo Radio']",Palazzo della Ragione,strategy_nearest,False,0.0025758743286132812,success
04324F3A9C4C80,0,['Castelvecchio'],Arena,"['Verona Tour', 'Museo Lapidario', 'Museo Radio', 'San Fermo', 'Casa Giulietta']",San Zeno,strategy_nearest,False,0.0021750926971435547,success
04327A429C4C80,1,"['Arena', 'Casa Giulietta', 'Torre Lamberti']",Palazzo della Ragione,"['AMO', 'Museo Conte', 'Centro Fotografia', 'Sighseeing', 'Santa Anastasia']",Santa Anastasia,strategy_nearest,True,0.002361774444580078,success
04327D4A9C4C81,0,['Casa Giulietta'],Arena,"['Verona Tour', 'Museo Lapidario', 'Museo Radio', 'San Fermo', 'Sighseeing']",Torre Lamberti,strategy_nearest,False,0.0032939910888671875,success
04326A429C4C81,0,['Arena'],Castelvecchio,"['Museo Lapidario', 'Verona Tour', 'Museo Radio', 'San Zeno', 'Sighseeing']",Casa Giulietta,strategy_nearest,False,0.00416111946105957,success
04327C4A9C4C80,2,['Duomo'],San Fermo,"['Museo Storia', 'Museo Radio', 'Casa Giulietta', 'Centro Fotografia', 'Arena']",San Zeno,strategy_nearest,False,0.0015339851379394531,success
0432803A9C4C81,2,"['Duomo', 'Teatro Romano']",Castelvecchio,"['Museo Lapidario', 'Verona Tour', 'Arena', 'Museo Radio', 'San Zeno']",San Zeno,strategy_nearest,True,0.0013523101806640625,success
0432823A9C4C80,2,"['Casa Giulietta', 'Torre Lamberti']",Palazzo della Ragione,"['AMO', 'Museo Conte', 'Centro Fotografia', 'Sighseeing', 'Santa Anastasia']",Museo Lapidario,strategy_nearest,False,0.0026459693908691406,success
04327F429C4C80,3,"['Arena', 'Museo Lapidario', 'Castelvecchio', 'Casa Giulietta']",Tomba Giulietta,"['San Fermo', 'Museo Storia', 'Museo Radio', 'Verona Tour', 'Sighseeing']",San Fermo,strategy_nearest,True,0.002199888229370117,success
0432874A9C4C80,0,"['Arena', 'Casa Giulietta']",Torre Lamberti,"['Sighseeing', 'Centro Fotografia', 'Museo Conte', 'Palazzo della Ragione', 'AMO']",Castelvecchio,strategy_nearest,False,0.003164052963256836,success
04328A3A9C4C81,0,['Arena'],Castelvecchio,"['Museo Lapidario', 'Verona Tour', 'Museo Radio', 'San Zeno', 'Sighseeing']",Giardino Giusti,strategy_nearest,False,0.002216815948486328,success
04328B4A9C4C81,0,"['Arena', 'Museo Lapidario']",Castelvecchio,"['Verona Tour', 'Museo Radio', 'San Zeno', 'Sighseeing', 'Museo Miniscalchi']",Tomba Giulietta,strategy_nearest,False,0.002722024917602539,success
0432934A9C4C80,1,"['Arena', 'Casa Giulietta', 'Torre Lamberti']",Palazzo della Ragione,"['AMO', 'Museo Conte', 'Centro Fotografia', 'Sighseeing', 'Santa Anastasia']",Santa Anastasia,strategy_nearest,True,0.003201007843017578,success
043293429C4C80,3,"['Casa Giulietta', 'Torre Lamberti']",Santa Anastasia,"['AMO', 'Museo Conte', 'Palazzo della Ragione', 'Teatro Romano', 'Centro Fotografia']",Teatro Romano,strategy_nearest,True,0.0013508796691894531,success
0432994A9C4C81,2,['Casa Giulietta'],Torre Lamberti,"['Sighseeing', 'Centro Fotografia', 'Museo Conte', 'Palazzo della Ragione', 'AMO']",Duomo,strategy_nearest,False,0.0012958049774169922,success
043296429C4C80,3,"['Arena', 'Torre Lamberti']",Casa Giulietta,"['Centro Fotografia', 'Sighseeing', 'Museo Conte', 'Museo Radio', 'Palazzo della Ragione']",Santa Anastasia,strategy_nearest,False,0.0034558773040771484,success
04329A429C4C80,0,['Casa Giulietta'],Santa Anastasia,"['AMO', 'Museo Conte', 'Palazzo della Ragione', 'Teatro Romano', 'Centro Fotografia']",Arena,strategy_nearest,False,0.001966714859008789,success
0432954A9C4C81,2,['Casa Giulietta'],Torre Lamberti,"['Sighseeing', 'Centro Fotografia', 'Museo Conte', 'Palazzo della Ragione', 'AMO']",Duomo,strategy_nearest,False,0.0034029483795166016,success
04329E429C4C81,1,"['Arena', 'Museo Lapidario']",Torre Lamberti,"['Sighseeing', 'Centro Fotografia', 'Museo Conte', 'Casa Giulietta', 'Palazzo della Ragione']",Palazzo della Ragione,strategy_nearest,True,0.002525806427001953,success
04329E429C4C80,1,['Palazzo della Ragione'],Torre Lamberti,"['Sighseeing', 'Centro Fotografia', 'Museo Conte', 'Casa Giulietta', 'AMO']",Teatro Romano,strategy_nearest,False,0.002646923065185547,success
0432A04A9C4C81,1,"['Casa Giulietta', 'Torre Lamberti', 'Palazzo della Ragione']",Santa Anastasia,"['AMO', 'Museo Conte', 'Teatro Romano', 'Centro Fotografia', 'Duomo']",Teatro Romano,strategy_nearest,True,0.0013148784637451172,success
0432A2429C4C80,1,"['Arena', 'Santa Anastasia']",Duomo,"['AMO', 'Museo Miniscalchi', 'Teatro Romano', 'Palazzo della Ragione', 'Museo Conte']",Palazzo della Ragione,strategy_nearest,True,0.003215789794921875,success
0432AD4A9C4C81,3,['Arena'],Casa Giulietta,"['Centro Fotografia', 'Sighseeing', 'Torre Lamberti', 'Museo Conte', 'Museo Radio']",Santa Anastasia,strategy_nearest,False,0.0021839141845703125,success
0432AB3A9C4C81,1,"['Casa Giulietta', 'Torre Lamberti', 'Palazzo della Ragione', 'Santa Anastasia']",Duomo,"['AMO', 'Museo Miniscalchi', 'Teatro Romano', 'Museo Conte', 'Centro Fotografia']",Teatro Romano,strategy_nearest,True,0.003498077392578125,success
0432AE4A9C4C81,0,"['Tomba Giulietta', 'Teatro Romano']",Casa Giulietta,"['Centro Fotografia', 'Sighseeing', 'Torre Lamberti', 'Museo Conte', 'Museo Radio']",Arena,strategy_nearest,False,0.002621173858642578,success
0432A53A9C4C81,3,"['Casa Giulietta', 'Casa Giulietta']",Teatro Romano,"['Santa Anastasia', 'Duomo', 'AMO', 'Palazzo della Ragione', 'Museo Conte']",Santa Anastasia,strategy_nearest,True,0.002145051956176758,success
0432B73A9C4C80,0,['Casa Giulietta'],Torre Lamberti,"['Sighseeing', 'Centro Fotografia', 'Museo Conte', 'Palazzo della Ragione', 'AMO']",Arena,strategy_nearest,False,0.0013580322265625,success
0432B24A9C4C81,0,['Casa Giulietta'],Castelvecchio,"['Museo Lapidario', 'Verona Tour', 'Arena', 'Museo Radio', 'San Zeno']",Arena,strategy_nearest,True,0.0033521652221679688,success
0432B64A9C4C81,3,"['Arena', 'Casa Giulietta']",Torre Lamberti,"['Sighseeing', 'Centro Fotografia', 'Museo Conte', 'Palazzo della Ragione', 'AMO']",Teatro Romano,strategy_nearest,False,0.0021431446075439453,success
0432B04A9C4C80,1,"['Castelvecchio', 'Palazzo della Ragione', 'Casa Giulietta']",Arena,"['Verona Tour', 'Museo Lapidario', 'Museo Radio', 'San Fermo', 'Sighseeing']",San Fermo,strategy_nearest,True,0.0027811527252197266,success
0432C23A9C4C80,3,"['Arena', 'Torre Lamberti']",Santa Anastasia,"['AMO', 'Museo Conte', 'Palazzo della Ragione', 'Teatro Romano', 'Centro Fotografia']",Duomo,strategy_nearest,False,0.0020160675048828125,success
0432BD3A9C4C81,0,['Casa Giulietta'],Torre Lamberti,"['Sighseeing', 'Centro Fotografia', 'Museo Conte', 'Palazzo della Ragione', 'AMO']",Arena,strategy_nearest,False,0.0034079551696777344,success
0432BE4A9C4C81,1,['Arena'],Casa Giulietta,"['Centro Fotografia', 'Sighseeing', 'Torre Lamberti', 'Museo Conte', 'Museo Radio']",Palazzo della Ragione,strategy_nearest,False,0.002763986587524414,success
0432BD4A9C4C80,1,"['Arena', 'Casa Giulietta']",Torre Lamberti,"['Sighseeing', 'Centro Fotografia', 'Museo Conte', 'Palazzo della Ragione', 'AMO']",Palazzo della Ragione,strategy_nearest,True,0.0016071796417236328,success
0432C93A9C4C81,2,"['Palazzo della Ragione', 'Torre Lamberti']",Santa Anastasia,"['AMO', 'Museo Conte', 'Teatro Romano', 'Centro Fotografia', 'Duomo']",Duomo,strategy_nearest,True,0.0033059120178222656,success
0432CB4A9C4C81,3,"['Torre Lamberti', 'Casa Giulietta']",Santa Anastasia,"['AMO', 'Museo Conte', 'Palazzo della Ragione', 'Teatro Romano', 'Centro Fotografia']",Duomo,strategy_nearest,False,0.0020322799682617188,success
0432C44A9C4C80,0,['Arena'],Casa Giulietta,"['Centro Fotografia', 'Sighseeing', 'Torre Lamberti', 'Museo Conte', 'Museo Radio']",Castelvecchio,strategy_nearest,False,0.002832174301147461,success
0432C54A9C4C80,1,"['Arena', 'Torre Lamberti', 'Palazzo della Ragione']",San Zeno,"['Castelvecchio', 'Verona Tour', 'Museo Lapidario', 'Museo Miniscalchi', 'Sighseeing']",Castelvecchio,strategy_nearest,True,0.0012049674987792969,success
0432CC4A9C4C81,0,"['Arena', 'Casa Giulietta']",Duomo,"['AMO', 'Museo Miniscalchi', 'Santa Anastasia', 'Teatro Romano', 'Palazzo della Ragione']",Teatro Romano,strategy_nearest,True,0.002170085906982422,success
0432CD3A9C4C81,0,['Arena'],Torre Lamberti,"['Sighseeing', 'Centro Fotografia', 'Museo Conte', 'Casa Giulietta', 'Palazzo della Ragione']",Casa Giulietta,strategy_nearest,True,0.003361225128173828,success
0432D03A9C4C80,0,"['Arena', 'Casa Giulietta']",Tomba Giulietta,"['San Fermo', 'Museo Storia', 'Museo Lapidario', 'Museo Radio', 'Verona Tour']",Castelvecchio,strategy_nearest,False,0.001405954360961914,success
0432CE4A9C4C80,3,"['Arena', 'Casa Giulietta']",Santa Anastasia,"['AMO', 'Museo Conte', 'Palazzo della Ragione', 'Teatro Romano', 'Centro Fotografia']",Duomo,strategy_nearest,False,0.002643108367919922,success
0432E8429C4C80,3,"['Arena', 'San Zeno', 'Casa Giulietta']",Torre Lamberti,"['Sighseeing', 'Centro Fotografia', 'Museo Conte', 'Palazzo della Ragione', 'AMO']",Santa Anastasia,strategy_nearest,False,0.0020411014556884766,success
0432D1429C4C80,3,"['Arena', 'Casa Giulietta']",Santa Anastasia,"['AMO', 'Museo Conte', 'Palazzo della Ragione', 'Teatro Romano', 'Centro Fotografia']",Castelvecchio,strategy_nearest,False,0.0033931732177734375,success
0432D04A9C4C80,0,['Arena'],Casa Giulietta,"['Centro Fotografia', 'Sighseeing', 'Torre Lamberti', 'Museo Conte', 'Museo Radio']",Teatro Romano,strategy_nearest,False,0.0028700828552246094,success
0432D13A9C4C80,3,['Arena'],Casa Giulietta,"['Centro Fotografia', 'Sighseeing', 'Torre Lamberti', 'Museo Conte', 'Museo Radio']",Santa Anastasia,strategy_nearest,False,0.00162506103515625,success
0432E9429C4C80,2,"['Casa Giulietta', 'Teatro Romano']",Torre Lamberti,"['Sighseeing', 'Centro Fotografia', 'Museo Conte', 'Palazzo della Ragione', 'AMO']",Palazzo della Ragione,strategy_nearest,True,0.003465890884399414,success
0432EB4A9C4C80,3,"['San Fermo', 'Santa Anastasia', 'Duomo']",Teatro Romano,"['AMO', 'Palazzo della Ragione', 'Museo Conte', 'Centro Fotografia', 'Museo Miniscalchi']",Arena,strategy_nearest,False,0.0027959346771240234,success
0432ED4A9C4C80,1,"['Arena', 'Castelvecchio']",Casa Giulietta,"['Centro Fotografia', 'Sighseeing', 'Torre Lamberti', 'Museo Conte', 'Museo Radio']",Teatro Romano,strategy_nearest,False,0.0021750926971435547,success
0432F04A9C4C80,1,"['Arena', 'Casa Giulietta']",Palazzo della Ragione,"['AMO', 'Museo Conte', 'Torre Lamberti', 'Centro Fotografia', 'Sighseeing']",Torre Lamberti,strategy_nearest,True,0.0014069080352783203,success
0432F43A9C4C80,1,"['Tomba Giulietta', 'Arena', 'Casa Giulietta']",Torre Lamberti,"['Sighseeing', 'Centro Fotografia', 'Museo Conte', 'Palazzo della Ragione', 'AMO']",Santa Anastasia,strategy_nearest,False,0.0027980804443359375,success
0432F6429C4C80,1,"['Arena', 'Casa Giulietta', 'Teatro Romano']",Castelvecchio,"['Museo Lapidario', 'Verona Tour', 'Museo Radio', 'San Zeno', 'Sighseeing']",Torre Lamberti,strategy_nearest,False,0.0022118091583251953,success
0433004A9C4C84,3,['Arena'],Casa Giulietta,"['Centro Fotografia', 'Sighseeing', 'Torre Lamberti', 'Museo Conte', 'Museo Radio']",Torre Lamberti,strategy_nearest,True,0.0013890266418457031,success
043300429C4C84,2,['Torre Lamberti'],Teatro Romano,"['Santa Anastasia', 'Duomo', 'AMO', 'Palazzo della Ragione', 'Museo Conte']",San Zeno,strategy_nearest,False,0.0033991336822509766,success
0433034A9C4C84,2,"['Torre Lamberti', 'Duomo']",Casa Giulietta,"['Centro Fotografia', 'Sighseeing', 'Museo Conte', 'Museo Radio', 'Palazzo della Ragione']",Museo Storia,strategy_nearest,False,0.0016760826110839844,success
0433444A9C4C80,3,"['Arena', 'Casa Giulietta']",Torre Lamberti,"['Sighseeing', 'Centro Fotografia', 'Museo Conte', 'Palazzo della Ragione', 'AMO']",San Zeno,strategy_nearest,False,0.0018839836120605469,success
0433583A9C4C80,3,"['Museo Storia', 'San Fermo', 'Casa Giulietta']",Torre Lamberti,"['Sighseeing', 'Centro Fotografia', 'Museo Conte', 'Palazzo della Ragione', 'AMO']",Arena,strategy_nearest,False,0.0032930374145507812,success
0433334A9C4C80,3,"['Arena', 'Castelvecchio', 'Casa Giulietta']",Torre Lamberti,"['Sighseeing', 'Centro Fotografia', 'Museo Conte', 'Palazzo della Ragione', 'AMO']",Santa Anastasia,strategy_nearest,False,0.0027189254760742188,success
04336C3A9C4C81,3,"['Arena', 'Santa Anastasia', 'Teatro Romano']",Duomo,"['AMO', 'Museo Miniscalchi', 'Palazzo della Ragione', 'Museo Conte', 'Torre Lamberti']",Torre Lamberti,strategy_nearest,True,0.0030219554901123047,success
04336C429C4C81,1,"['Casa Giulietta', 'Castelvecchio', 'Arena']",Teatro Romano,"['Santa Anastasia', 'Duomo', 'AMO', 'Palazzo della Ragione', 'Museo Conte']",Tomba Giulietta,strategy_nearest,False,0.0034089088439941406,success
043376429C4C80,3,"['Arena', 'Museo Lapidario']",San Fermo,"['Museo Storia', 'Museo Radio', 'Casa Giulietta', 'Centro Fotografia', 'Sighseeing']",Casa Giulietta,strategy_nearest,True,0.0020079612731933594,success
0433754A9C4C81,0,['Arena'],Casa Giulietta,"['Centro Fotografia', 'Sighseeing', 'Torre Lamberti', 'Museo Conte', 'Museo Radio']",Torre Lamberti,strategy_nearest,True,0.0034837722778320312,success
0433794A9C4C81,2,"['Museo Lapidario', 'Castelvecchio']",Duomo,"['AMO', 'Museo Miniscalchi', 'Santa Anastasia', 'Teatro Romano', 'Palazzo della Ragione']",Torre Lamberti,strategy_nearest,False,0.0029692649841308594,success
0433873A9C4C80,3,"['Torre Lamberti', 'Santa Anastasia']",Duomo,"['AMO', 'Museo Miniscalchi', 'Teatro Romano', 'Palazzo della Ragione', 'Museo Conte']",Casa Giulietta,strategy_nearest,False,0.0031659603118896484,success
04337E4A9C4C81,0,['Castelvecchio'],Arena,"['Verona Tour', 'Museo Lapidario', 'Museo Radio', 'San Fermo', 'Casa Giulietta']",Casa Giulietta,strategy_nearest,True,0.0026650428771972656,success
04338C429C4C80,1,"['Arena', 'Casa Giulietta']",Torre Lamberti,"['Sighseeing', 'Centro Fotografia', 'Museo Conte', 'Palazzo della Ragione', 'AMO']",Palazzo della Ragione,strategy_nearest,True,0.004504680633544922,success
04338C4A9C4C80,0,['Arena'],Museo Lapidario,"['Verona Tour', 'Castelvecchio', 'Museo Radio', 'San Fermo', 'Casa Giulietta']",Santa Anastasia,strategy_nearest,False,0.001980304718017578,success
04338C429C4C81,1,"['Arena', 'Palazzo della Ragione']",Torre Lamberti,"['Sighseeing', 'Centro Fotografia', 'Museo Conte', 'Casa Giulietta', 'AMO']",Casa Giulietta,strategy_nearest,True,0.0014128684997558594,success
043389429C4C80,3,"['Casa Giulietta', 'Santa Anastasia']",Teatro Romano,"['Duomo', 'AMO', 'Palazzo della Ragione', 'Museo Conte', 'Centro Fotografia']",Arena,strategy_nearest,False,0.003981113433837891,success
04339C429C4C81,0,['Castelvecchio'],Arena,"['Verona Tour', 'Museo Lapidario', 'Museo Radio', 'San Fermo', 'Casa Giulietta']",Casa Giulietta,strategy_nearest,True,0.0013501644134521484,success
04339F429C4C81,0,"['Casa Giulietta', 'Torre Lamberti']",Arena,"['Verona Tour', 'Museo Lapidario', 'Museo Radio', 'San Fermo', 'Sighseeing']",Arena,strategy_nearest,False,0.0031812191009521484,success
043390429C4C80,3,"['Arena', 'San Zeno']",Casa Giulietta,"['Centro Fotografia', 'Sighseeing', 'Torre Lamberti', 'Museo Conte', 'Museo Radio']",Torre Lamberti,strategy_nearest,True,0.002855062484741211,success
043395429C4C80,3,"['Casa Giulietta', 'Torre Lamberti']",Santa Anastasia,"['AMO', 'Museo Conte', 'Palazzo della Ragione', 'Teatro Romano', 'Centro Fotografia']",Teatro Romano,strategy_nearest,True,0.0020329952239990234,success
0433AD4A9C4C80,0,['Arena'],Torre Lamberti,"['Sighseeing', 'Centro Fotografia', 'Museo Conte', 'Casa Giulietta', 'Palazzo della Ragione']",Casa Giulietta,strategy_nearest,True,0.002132892608642578,success
0433A4429C4C81,2,"['Castelvecchio', 'Santa Anastasia']",Casa Giulietta,"['Centro Fotografia', 'Sighseeing', 'Torre Lamberti', 'Museo Conte', 'Museo Radio']",Torre Lamberti,strategy_nearest,True,0.0016279220581054688,success
04339F4A9C4C80,0,['Arena'],Casa Giulietta,"['Centro Fotografia', 'Sighseeing', 'Torre Lamberti', 'Museo Conte', 'Museo Radio']",Tomba Giulietta,strategy_nearest,False,0.004673957824707031,success
0433A73A9C4C80,0,['Arena'],Casa Giulietta,"['Centro Fotografia', 'Sighseeing', 'Torre Lamberti', 'Museo Conte', 'Museo Radio']",Teatro Romano,strategy_nearest,False,0.002749204635620117,success
0433B04A9C4C81,2,['Tomba Giulietta'],Torre Lamberti,"['Sighseeing', 'Centro Fotografia', 'Museo Conte', 'Casa Giulietta', 'Palazzo della Ragione']",Palazzo della Ragione,strategy_nearest,True,0.0022351741790771484,success
0433B34A9C4C80,3,"['Arena', 'Castelvecchio', 'Tomba Giulietta', 'San Fermo']",Casa Giulietta,"['Centro Fotografia', 'Sighseeing', 'Torre Lamberti', 'Museo Conte', 'Museo Radio']",Torre Lamberti,strategy_nearest,True,0.004068136215209961,success
0433B43A9C4C80,1,"['Castelvecchio', 'San Zeno']",Arena,"['Verona Tour', 'Museo Lapidario', 'Museo Radio', 'San Fermo', 'Casa Giulietta']",Casa Giulietta,strategy_nearest,True,0.002698183059692383,success
0433B34A9C4C81,3,"['Arena', 'San Fermo']",Museo Storia,"['Museo Radio', 'Casa Giulietta', 'Centro Fotografia', 'Tomba Giulietta', 'Torre Lamberti']",Torre Lamberti,strategy_nearest,True,0.0022611618041992188,success
0433B54A9C4C81,0,['Arena'],Casa Giulietta,"['Centro Fotografia', 'Sighseeing', 'Torre Lamberti', 'Museo Conte', 'Museo Radio']",Castelvecchio,strategy_nearest,False,0.0012538433074951172,success
0433B74A9C4C80,3,['Arena'],Casa Giulietta,"['Centro Fotografia', 'Sighseeing', 'Torre Lamberti', 'Museo Conte', 'Museo Radio']",Santa Anastasia,strategy_nearest,False,0.0025739669799804688,success
0433B43A9C4C81,3,['Arena'],Casa Giulietta,"['Centro Fotografia', 'Sighseeing', 'Torre Lamberti', 'Museo Conte', 'Museo Radio']",Santa Anastasia,strategy_nearest,False,0.0020661354064941406,success
0433B64A9C4C81,0,['Arena'],Casa Giulietta,"['Centro Fotografia', 'Sighseeing', 'Torre Lamberti', 'Museo Conte', 'Museo Radio']",Torre Lamberti,strategy_nearest,True,0.003450155258178711,success
0433C4429C4C81,0,['Arena'],Torre Lamberti,"['Sighseeing', 'Centro Fotografia', 'Museo Conte', 'Casa Giulietta', 'Palazzo della Ragione']",Casa Giulietta,strategy_nearest,True,0.0033109188079833984,success
0433BF4A9C4C81,3,"['Arena', 'Tomba Giulietta']",San Fermo,"['Museo Storia', 'Museo Radio', 'Casa Giulietta', 'Centro Fotografia', 'Sighseeing']",Casa Giulietta,strategy_nearest,True,0.0027511119842529297,success
0433BC4A9C4C80,0,"['Arena', 'Casa Giulietta']",San Fermo,"['Museo Storia', 'Museo Radio', 'Centro Fotografia', 'Sighseeing', 'Torre Lamberti']",Teatro Romano,strategy_nearest,False,0.002008199691772461,success
0433C44A9C4C80,0,"['Arena', 'Museo Lapidario']",Casa Giulietta,"['Centro Fotografia', 'Sighseeing', 'Torre Lamberti', 'Museo Conte', 'Museo Radio']",Torre Lamberti,strategy_nearest,True,0.003343820571899414,success
0433C84A9C4C81,0,['Castelvecchio'],Arena,"['Verona Tour', 'Museo Lapidario', 'Museo Radio', 'San Fermo', 'Casa Giulietta']",Santa Anastasia,strategy_nearest,False,0.002722024917602539,success
0433C64A9C4C81,0,['Castelvecchio'],Arena,"['Verona Tour', 'Museo Lapidario', 'Museo Radio', 'San Fermo', 'Casa Giulietta']",Torre Lamberti,strategy_nearest,False,0.0040318965911865234,success
0433C74A9C4C81,0,['Castelvecchio'],Arena,"['Verona Tour', 'Museo Lapidario', 'Museo Radio', 'San Fermo', 'Casa Giulietta']",Duomo,strategy_nearest,False,0.0033757686614990234,success
0433CA4A9C4C81,0,['Arena'],Museo Lapidario,"['Verona Tour', 'Castelvecchio', 'Museo Radio', 'San Fermo', 'Casa Giulietta']",Castelvecchio,strategy_nearest,True,0.0013310909271240234,success
0433CB4A9C4C81,3,"['Museo Lapidario', 'Casa Giulietta']",Torre Lamberti,"['Sighseeing', 'Centro Fotografia', 'Museo Conte', 'Palazzo della Ragione', 'AMO']",Arena,strategy_nearest,False,0.0013720989227294922,success
0433CB4A9C4C80,1,"['Castelvecchio', 'Teatro Romano', 'Santa Anastasia', 'Duomo']",Palazzo della Ragione,"['AMO', 'Museo Conte', 'Torre Lamberti', 'Centro Fotografia', 'Sighseeing']",Torre Lamberti,strategy_nearest,True,0.002173900604248047,success
0433CD4A9C4C80,1,['Arena'],Torre Lamberti,"['Sighseeing', 'Centro Fotografia', 'Museo Conte', 'Casa Giulietta', 'Palazzo della Ragione']",Palazzo della Ragione,strategy_nearest,True,0.0026192665100097656,success
0433CC4A9C4C80,0,['Arena'],Casa Giulietta,"['Centro Fotografia', 'Sighseeing', 'Torre Lamberti', 'Museo Conte', 'Museo Radio']",Torre Lamberti,strategy_nearest,True,0.003358125686645508,success
0433E8429C4C80,3,"['Castelvecchio', 'Arena']",Torre Lamberti,"['Sighseeing', 'Centro Fotografia', 'Museo Conte', 'Casa Giulietta', 'Palazzo della Ragione']",Casa Giulietta,strategy_nearest,True,0.0026230812072753906,success
0433CE4A9C4C80,0,['Arena'],Teatro Romano,"['Santa Anastasia', 'Duomo', 'AMO', 'Palazzo della Ragione', 'Museo Conte']",Duomo,strategy_nearest,True,0.004636049270629883,success
0433D04A9C4C80,3,"['Arena', 'Casa Giulietta', 'Torre Lamberti']",Santa Anastasia,"['AMO', 'Museo Conte', 'Palazzo della Ragione', 'Teatro Romano', 'Centro Fotografia']",Teatro Romano,strategy_nearest,True,0.002816915512084961,success
0433D13A9C4C80,3,"['Arena', 'Arena']",Castelvecchio,"['Museo Lapidario', 'Verona Tour', 'Museo Radio', 'San Zeno', 'Sighseeing']",Torre Lamberti,strategy_nearest,False,0.0016210079193115234,success
0433F04A9C4C80,1,"['Arena', 'Casa Giulietta']",Torre Lamberti,"['Sighseeing', 'Centro Fotografia', 'Museo Conte', 'Palazzo della Ragione', 'AMO']",Palazzo della Ragione,strategy_nearest,True,0.0021979808807373047,success
0433EC4A9C4C80,3,"['Arena', 'Castelvecchio']",Duomo,"['AMO', 'Museo Miniscalchi', 'Santa Anastasia', 'Teatro Romano', 'Palazzo della Ragione']",Santa Anastasia,strategy_nearest,True,0.0034759044647216797,success
0433ED3A9C4C80,1,['Arena'],Casa Giulietta,"['Centro Fotografia', 'Sighseeing', 'Torre Lamberti', 'Museo Conte', 'Museo Radio']",Palazzo della Ragione,strategy_nearest,False,0.0016491413116455078,success
0433F23A9C4C80,2,['Castelvecchio'],Torre Lamberti,"['Sighseeing', 'Centro Fotografia', 'Museo Conte', 'Casa Giulietta', 'Palazzo della Ragione']",Palazzo della Ragione,strategy_nearest,True,0.002652883529663086,success
043436429C4C80,1,"['Arena', 'Torre Lamberti', 'Palazzo della Ragione']",Teatro Romano,"['Santa Anastasia', 'Duomo', 'AMO', 'Museo Conte', 'Centro Fotografia']",Castelvecchio,strategy_nearest,False,0.002141237258911133,success
0434044A9C4C84,0,['Arena'],Casa Giulietta,"['Centro Fotografia', 'Sighseeing', 'Torre Lamberti', 'Museo Conte', 'Museo Radio']",Torre Lamberti,strategy_nearest,True,0.0027701854705810547,success
0433F7429C4C80,3,"['Arena', 'Santa Anastasia']",Duomo,"['AMO', 'Museo Miniscalchi', 'Teatro Romano', 'Palazzo della Ragione', 'Museo Conte']",Casa Giulietta,strategy_nearest,False,0.0035169124603271484,success
043440429C4C80,0,"['Museo Storia', 'Torre Lamberti']",Casa Giulietta,"['Centro Fotografia', 'Sighseeing', 'Museo Conte', 'Museo Radio', 'Palazzo della Ragione']",Castelvecchio,strategy_nearest,False,0.001428842544555664,success
0434454A9C4C80,0,['Arena'],Casa Giulietta,"['Centro Fotografia', 'Sighseeing', 'Torre Lamberti', 'Museo Conte', 'Museo Radio']",Teatro Romano,strategy_nearest,False,0.0018172264099121094,success
0434423A9C4C80,0,['Torre Lamberti'],Casa Giulietta,"['Centro Fotografia', 'Sighseeing', 'Museo Conte', 'Museo Radio', 'Palazzo della Ragione']",Arena,strategy_nearest,False,0.0033388137817382812,success
0434613A9C4C80,2,"['Torre Lamberti', 'Torre Lamberti']",Palazzo della Ragione,"['AMO', 'Museo Conte', 'Centro Fotografia', 'Sighseeing', 'Santa Anastasia']",Santa Anastasia,strategy_nearest,True,0.0031311511993408203,success
0434503A9C4C80,0,"['Arena', 'Duomo']",Casa Giulietta,"['Centro Fotografia', 'Sighseeing', 'Torre Lamberti', 'Museo Conte', 'Museo Radio']",Tomba Giulietta,strategy_nearest,False,0.0018439292907714844,success
0434663A9C4C80,0,"['Castelvecchio', 'Casa Giulietta']",Torre Lamberti,"['Sighseeing', 'Centro Fotografia', 'Museo Conte', 'Palazzo della Ragione', 'AMO']",Arena,strategy_nearest,False,0.002763032913208008,success
0434764A9C4C80,3,"['Arena', 'Tomba Giulietta']",Teatro Romano,"['Santa Anastasia', 'Duomo', 'AMO', 'Palazzo della Ragione', 'Museo Conte']",Santa Anastasia,strategy_nearest,True,0.002132892608642578,success
0434784A9C4C81,2,['Casa Giulietta'],Torre Lamberti,"['Sighseeing', 'Centro Fotografia', 'Museo Conte', 'Palazzo della Ragione', 'AMO']",Duomo,strategy_nearest,False,0.003253936767578125,success
0434794A9C4C81,3,"['Castelvecchio', 'Arena']",Casa Giulietta,"['Centro Fotografia', 'Sighseeing', 'Torre Lamberti', 'Museo Conte', 'Museo Radio']",Torre Lamberti,strategy_nearest,True,0.0013780593872070312,success
043481429C4C81,0,['Arena'],Casa Giulietta,"['Centro Fotografia', 'Sighseeing', 'Torre Lamberti', 'Museo Conte', 'Museo Radio']",Santa Anastasia,strategy_nearest,False,0.0014500617980957031,success
04347F3A9C4C81,2,"['Casa Giulietta', 'Santa Anastasia']",Duomo,"['AMO', 'Museo Miniscalchi', 'Teatro Romano', 'Palazzo della Ragione', 'Museo Conte']",Teatro Romano,strategy_nearest,True,0.0030052661895751953,success
0434813A9C4C80,2,['Santa Anastasia'],Casa Giulietta,"['Centro Fotografia', 'Sighseeing', 'Torre Lamberti', 'Museo Conte', 'Museo Radio']",Casa Giulietta,strategy_nearest,False,0.0023071765899658203,success
043482429C4C80,3,"['Arena', 'Torre Lamberti']",Santa Anastasia,"['AMO', 'Museo Conte', 'Palazzo della Ragione', 'Teatro Romano', 'Centro Fotografia']",Duomo,strategy_nearest,False,0.0035352706909179688,success
04348D3A9C4C81,0,['Arena'],San Zeno,"['Castelvecchio', 'Verona Tour', 'Museo Lapidario', 'Museo Miniscalchi', 'Sighseeing']",Castelvecchio,strategy_nearest,True,0.002737760543823242,success
04348D4A9C4C80,1,"['Arena', 'Casa Giulietta']",Torre Lamberti,"['Sighseeing', 'Centro Fotografia', 'Museo Conte', 'Palazzo della Ragione', 'AMO']",Palazzo della Ragione,strategy_nearest,True,0.001397848129272461,success
043491429C4C80,3,"['Arena', 'Casa Giulietta']",Santa Anastasia,"['AMO', 'Museo Conte', 'Palazzo della Ragione', 'Teatro Romano', 'Centro Fotografia']",Duomo,strategy_nearest,False,0.002807140350341797,success
043496429C4C81,0,['Giardino Giusti'],Arena,"['Verona Tour', 'Museo Lapidario', 'Museo Radio', 'San Fermo', 'Casa Giulietta']",Castelvecchio,strategy_nearest,False,0.003370046615600586,success
04349A429C4C80,1,"['Castelvecchio', 'Casa Giulietta']",Torre Lamberti,"['Sighseeing', 'Centro Fotografia', 'Museo Conte', 'Palazzo della Ragione', 'AMO']",Palazzo della Ragione,strategy_nearest,True,0.002794981002807617,success
04349A429C4C81,0,['Casa Giulietta'],San Fermo,"['Museo Storia', 'Museo Radio', 'Centro Fotografia', 'Arena', 'Sighseeing']",Arena,strategy_nearest,True,0.0027310848236083984,success
04349F429C4C80,0,"['Arena', 'Casa Giulietta']",Tomba Giulietta,"['San Fermo', 'Museo Storia', 'Museo Lapidario', 'Museo Radio', 'Verona Tour']",Torre Lamberti,strategy_nearest,False,0.0031309127807617188,success
04349C4A9C4C80,2,"['Castelvecchio', 'Torre Lamberti']",Santa Anastasia,"['AMO', 'Museo Conte', 'Palazzo della Ragione', 'Teatro Romano', 'Centro Fotografia']",Duomo,strategy_nearest,False,0.0026612281799316406,success
0434A53A9C4C81,0,['Castelvecchio'],Arena,"['Verona Tour', 'Museo Lapidario', 'Museo Radio', 'San Fermo', 'Casa Giulietta']",Casa Giulietta,strategy_nearest,True,0.001961946487426758,success
0434A14A9C4C80,1,['Teatro Romano'],Palazzo della Ragione,"['AMO', 'Museo Conte', 'Torre Lamberti', 'Centro Fotografia', 'Sighseeing']",Torre Lamberti,strategy_nearest,True,0.0027980804443359375,success
0434A54A9C4C80,1,['Arena'],Casa Giulietta,"['Centro Fotografia', 'Sighseeing', 'Torre Lamberti', 'Museo Conte', 'Museo Radio']",Torre Lamberti,strategy_nearest,True,0.0017406940460205078,success
0434B34A9C4C81,3,"['Arena', 'Casa Giulietta']",Torre Lamberti,"['Sighseeing', 'Centro Fotografia', 'Museo Conte', 'Palazzo della Ragione', 'AMO']",Teatro Romano,strategy_nearest,False,0.0016481876373291016,success
0434B74A9C4C80,2,"['Casa Giulietta', 'Torre Lamberti']",Palazzo della Ragione,"['AMO', 'Museo Conte', 'Centro Fotografia', 'Sighseeing', 'Santa Anastasia']",Santa Anastasia,strategy_nearest,True,0.0032219886779785156,success
0434B54A9C4C80,0,['Castelvecchio'],Arena,"['Verona Tour', 'Museo Lapidario', 'Museo Radio', 'San Fermo', 'Casa Giulietta']",Casa Giulietta,strategy_nearest,True,0.0024869441986083984,success
0434B44A9C4C80,3,"['Arena', 'Casa Giulietta']",Torre Lamberti,"['Sighseeing', 'Centro Fotografia', 'Museo Conte', 'Palazzo della Ragione', 'AMO']",Santa Anastasia,strategy_nearest,False,0.0019080638885498047,success
0434B2429C4C80,0,"['Arena', 'Casa Giulietta']",Torre Lamberti,"['Sighseeing', 'Centro Fotografia', 'Museo Conte', 'Palazzo della Ragione', 'AMO']",Castelvecchio,strategy_nearest,False,0.004565000534057617,success
0434BE3A9C4C80,0,['Castelvecchio'],Arena,"['Verona Tour', 'Museo Lapidario', 'Museo Radio', 'San Fermo', 'Casa Giulietta']",Casa Giulietta,strategy_nearest,True,0.0034821033477783203,success
0434B9429C4C81,1,"['Castelvecchio', 'Arena', 'Casa Giulietta']",Santa Anastasia,"['AMO', 'Museo Conte', 'Palazzo della Ragione', 'Teatro Romano', 'Centro Fotografia']",Duomo,strategy_nearest,False,0.0017158985137939453,success
0434BE4A9C4C81,0,"['Tomba Giulietta', 'Arena']",Torre Lamberti,"['Sighseeing', 'Centro Fotografia', 'Museo Conte', 'Casa Giulietta', 'Palazzo della Ragione']",Casa Giulietta,strategy_nearest,True,0.0021979808807373047,success
0434BF4A9C4C81,3,"['Castelvecchio', 'Arena']",Casa Giulietta,"['Centro Fotografia', 'Sighseeing', 'Torre Lamberti', 'Museo Conte', 'Museo Radio']",Torre Lamberti,strategy_nearest,True,0.0027260780334472656,success
0434C84A9C4C80,2,['Torre Lamberti'],Tomba Giulietta,"['San Fermo', 'Museo Storia', 'Arena', 'Museo Lapidario', 'Museo Radio']",Castelvecchio,strategy_nearest,False,0.0023081302642822266,success
0434C74A9C4C81,3,"['Castelvecchio', 'San Fermo']",Santa Anastasia,"['AMO', 'Museo Conte', 'Palazzo della Ragione', 'Teatro Romano', 'Centro Fotografia']",Casa Giulietta,strategy_nearest,False,0.0016078948974609375,success
0434C2429C4C81,1,"['Arena', 'Casa Giulietta']",Palazzo della Ragione,"['AMO', 'Museo Conte', 'Torre Lamberti', 'Centro Fotografia', 'Sighseeing']",Santa Anastasia,strategy_nearest,False,0.0029859542846679688,success
0434CC4A9C4C80,0,['Tomba Giulietta'],Arena,"['Verona Tour', 'Museo Lapidario', 'Museo Radio', 'San Fermo', 'Casa Giulietta']",Castelvecchio,strategy_nearest,False,0.0018041133880615234,success
0434C94A9C4C80,0,['Arena'],Casa Giulietta,"['Centro Fotografia', 'Sighseeing', 'Torre Lamberti', 'Museo Conte', 'Museo Radio']",Castelvecchio,strategy_nearest,False,0.0034978389739990234,success
0434CF429C4C80,3,"['Teatro Romano', 'Santa Anastasia']",Duomo,"['AMO', 'Museo Miniscalchi', 'Palazzo della Ragione', 'Museo Conte', 'Torre Lamberti']",San Fermo,strategy_nearest,False,0.002523183822631836,success
0434D63A9C4C80,3,"['Arena', 'Torre Lamberti']",Casa Giulietta,"['Centro Fotografia', 'Sighseeing', 'Museo Conte', 'Museo Radio', 'Palazzo della Ragione']",Santa Anastasia,strategy_nearest,False,0.003052949905395508,success
0434D9429C4C80,1,"['Arena', 'Teatro Romano', 'Torre Lamberti', 'Palazzo della Ragione', 'Santa Anastasia', 'Duomo']",Museo Storia,"['San Fermo', 'Museo Radio', 'Casa Giulietta', 'Centro Fotografia', 'Tomba Giulietta']",San Fermo,strategy_nearest,True,0.001989126205444336,success
0434DE429C4C80,0,"['Castelvecchio', 'Arena']",Tomba Giulietta,"['San Fermo', 'Museo Storia', 'Museo Lapidario', 'Museo Radio', 'Verona Tour']",Museo Storia,strategy_nearest,True,0.0033752918243408203,success
0434E9429C4C80,3,['Arena'],Santa Anastasia,"['AMO', 'Museo Conte', 'Palazzo della Ragione', 'Teatro Romano', 'Centro Fotografia']",Teatro Romano,strategy_nearest,True,0.002398967742919922,success
0434D6429C4C80,1,"['Arena', 'Torre Lamberti']",Palazzo della Ragione,"['AMO', 'Museo Conte', 'Centro Fotografia', 'Sighseeing', 'Santa Anastasia']",Giardino Giusti,strategy_nearest,False,0.002093791961669922,success
0434EB4A9C4C80,1,"['Torre Lamberti', 'Palazzo della Ragione']",Casa Giulietta,"['Centro Fotografia', 'Sighseeing', 'Museo Conte', 'Museo Radio', 'San Fermo']",Arena,strategy_nearest,False,0.0023212432861328125,success
0434EC4A9C4C80,1,"['Tomba Giulietta', 'Casa Giulietta', 'Torre Lamberti', 'Palazzo della Ragione']",Arena,"['Verona Tour', 'Museo Lapidario', 'Museo Radio', 'San Fermo', 'Sighseeing']",Santa Anastasia,strategy_nearest,False,0.0028057098388671875,success
0434EC3A9C4C80,0,"['Castelvecchio', 'Casa Giulietta']",Arena,"['Verona Tour', 'Museo Lapidario', 'Museo Radio', 'San Fermo', 'Sighseeing']",Torre Lamberti,strategy_nearest,False,0.001425027847290039,success
0434F5429C4C80,0,"['Arena', 'Casa Giulietta', 'Torre Lamberti']",Arena,"['Verona Tour', 'Museo Lapidario', 'Museo Radio', 'San Fermo', 'Sighseeing']",Tomba Giulietta,strategy_nearest,False,0.003412008285522461,success
0434FB4A9C4C80,0,['Arena'],Casa Giulietta,"['Centro Fotografia', 'Sighseeing', 'Torre Lamberti', 'Museo Conte', 'Museo Radio']",Torre Lamberti,strategy_nearest,True,0.0024611949920654297,success
0434F6429C4C80,3,"['Arena', 'San Fermo']",Santa Anastasia,"['AMO', 'Museo Conte', 'Palazzo della Ragione', 'Teatro Romano', 'Centro Fotografia']",Duomo,strategy_nearest,False,0.001332998275756836,success
0434FB3A9C4C80,1,"['Castelvecchio', 'Arena']",Casa Giulietta,"['Centro Fotografia', 'Sighseeing', 'Torre Lamberti', 'Museo Conte', 'Museo Radio']",Torre Lamberti,strategy_nearest,True,0.001978158950805664,success
0434FF4A9C4C80,3,"['Santa Anastasia', 'Duomo']",Teatro Romano,"['AMO', 'Palazzo della Ragione', 'Museo Conte', 'Centro Fotografia', 'Museo Miniscalchi']",Casa Giulietta,strategy_nearest,False,0.0033316612243652344,success
0435034A9C4C84,2,['Torre Lamberti'],Duomo,"['AMO', 'Museo Miniscalchi', 'Santa Anastasia', 'Teatro Romano', 'Palazzo della Ragione']",Teatro Romano,strategy_nearest,True,0.0021219253540039062,success
043534429C4C80,3,"['Torre Lamberti', 'Casa Giulietta']",Santa Anastasia,"['AMO', 'Museo Conte', 'Palazzo della Ragione', 'Teatro Romano', 'Centro Fotografia']",Arena,strategy_nearest,False,0.002849102020263672,success
0435353A9C4C80,0,['Arena'],Casa Giulietta,"['Centro Fotografia', 'Sighseeing', 'Torre Lamberti', 'Museo Conte', 'Museo Radio']",Castelvecchio,strategy_nearest,False,0.0033059120178222656,success
0435024A9C4C84,0,['Arena'],Castelvecchio,"['Museo Lapidario', 'Verona Tour', 'Museo Radio', 'San Zeno', 'Sighseeing']",Teatro Romano,strategy_nearest,False,0.0029380321502685547,success
0435554A9C4C80,2,"['Casa Giulietta', 'San Fermo']",Torre Lamberti,"['Sighseeing', 'Centro Fotografia', 'Museo Conte', 'Palazzo della Ragione', 'AMO']",Palazzo della Ragione,strategy_nearest,True,0.0022110939025878906,success
0435764A9C4C81,0,"['Tomba Giulietta', 'Arena']",Castelvecchio,"['Museo Lapidario', 'Verona Tour', 'Museo Radio', 'San Zeno', 'Sighseeing']",Casa Giulietta,strategy_nearest,False,0.0027158260345458984,success
0435663A9C4C80,3,"['Arena', 'Castelvecchio', 'Tomba Giulietta', 'San Fermo']",Torre Lamberti,"['Sighseeing', 'Centro Fotografia', 'Museo Conte', 'Casa Giulietta', 'Palazzo della Ragione']",Santa Anastasia,strategy_nearest,False,0.0033559799194335938,success
04353D4A9C4C80,1,"['Arena', 'Casa Giulietta']",Palazzo della Ragione,"['AMO', 'Museo Conte', 'Torre Lamberti', 'Centro Fotografia', 'Sighseeing']",Duomo,strategy_nearest,False,0.0023162364959716797,success
0435784A9C4C81,0,['Museo Lapidario'],Arena,"['Verona Tour', 'Museo Radio', 'San Fermo', 'Casa Giulietta', 'Sighseeing']",Teatro Romano,strategy_nearest,False,0.0017790794372558594,success
04357E3A9C4C81,0,['Torre Lamberti'],Casa Giulietta,"['Centro Fotografia', 'Sighseeing', 'Museo Conte', 'Museo Radio', 'Palazzo della Ragione']",Arena,strategy_nearest,False,0.0020880699157714844,success
0435793A9C4C81,0,['Casa Giulietta'],Arena,"['Verona Tour', 'Museo Lapidario', 'Museo Radio', 'San Fermo', 'Sighseeing']",Castelvecchio,strategy_nearest,False,0.0029168128967285156,success
04357C4A9C4C81,0,['Castelvecchio'],Arena,"['Verona Tour', 'Museo Lapidario', 'Museo Radio', 'San Fermo', 'Casa Giulietta']",Casa Giulietta,strategy_nearest,True,0.003467082977294922,success
0435813A9C4C80,3,"['Arena', 'San Zeno']",Castelvecchio,"['Museo Lapidario', 'Verona Tour', 'Museo Radio', 'Sighseeing', 'Museo Miniscalchi']",Duomo,strategy_nearest,False,0.0030908584594726562,success
0435924A9C4C81,0,['Arena'],Castelvecchio,"['Museo Lapidario', 'Verona Tour', 'Museo Radio', 'San Zeno', 'Sighseeing']",Torre Lamberti,strategy_nearest,False,0.002713918685913086,success
043581429C4C81,2,['Torre Lamberti'],Palazzo della Ragione,"['AMO', 'Museo Conte', 'Centro Fotografia', 'Sighseeing', 'Santa Anastasia']",Casa Giulietta,strategy_nearest,False,0.0024640560150146484,success
043587429C4C81,0,['Arena'],Casa Giulietta,"['Centro Fotografia', 'Sighseeing', 'Torre Lamberti', 'Museo Conte', 'Museo Radio']",Teatro Romano,strategy_nearest,False,0.003492116928100586,success
0435824A9C4C80,0,['Arena'],Casa Giulietta,"['Centro Fotografia', 'Sighseeing', 'Torre Lamberti', 'Museo Conte', 'Museo Radio']",San Zeno,strategy_nearest,False,0.002312898635864258,success
0435A54A9C4C80,0,['Arena'],Casa Giulietta,"['Centro Fotografia', 'Sighseeing', 'Torre Lamberti', 'Museo Conte', 'Museo Radio']",Torre Lamberti,strategy_nearest,True,0.0028302669525146484,success
0435A24A9C4C81,3,['Casa Giulietta'],Santa Anastasia,"['AMO', 'Museo Conte', 'Palazzo della Ragione', 'Teatro Romano', 'Centro Fotografia']",Teatro Romano,strategy_nearest,True,0.0016870498657226562,success
0435A6429C4C81,3,"['Arena', 'San Fermo', 'Casa Giulietta']",Santa Anastasia,"['AMO', 'Museo Conte', 'Palazzo della Ragione', 'Teatro Romano', 'Centro Fotografia']",Duomo,strategy_nearest,False,0.003301858901977539,success
04359C4A9C4C80,0,['Arena'],Casa Giulietta,"['Centro Fotografia', 'Sighseeing', 'Torre Lamberti', 'Museo Conte', 'Museo Radio']",Torre Lamberti,strategy_nearest,True,0.0023229122161865234,success
0435AA4A9C4C81,3,['Casa Giulietta'],Torre Lamberti,"['Sighseeing', 'Centro Fotografia', 'Museo Conte', 'Palazzo della Ragione', 'AMO']",Santa Anastasia,strategy_nearest,False,0.002207040786743164,success
0435AA3A9C4C80,3,"['Torre Lamberti', 'Casa Giulietta']",Santa Anastasia,"['AMO', 'Museo Conte', 'Palazzo della Ragione', 'Teatro Romano', 'Centro Fotografia']",Arena,strategy_nearest,False,0.0016052722930908203,success
0435AC4A9C4C80,3,['Arena'],Casa Giulietta,"['Centro Fotografia', 'Sighseeing', 'Torre Lamberti', 'Museo Conte', 'Museo Radio']",Santa Anastasia,strategy_nearest,False,0.0029981136322021484,success
0435B2429C4C81,3,['Arena'],Casa Giulietta,"['Centro Fotografia', 'Sighseeing', 'Torre Lamberti', 'Museo Conte', 'Museo Radio']",Santa Anastasia,strategy_nearest,False,0.0029141902923583984,success
0435BC429C4C80,1,"['Arena', 'Torre Lamberti', 'Palazzo della Ragione']",Casa Giulietta,"['Centro Fotografia', 'Sighseeing', 'Museo Conte', 'Museo Radio', 'San Fermo']",Santa Anastasia,strategy_nearest,False,0.002048969268798828,success
0435B74A9C4C81,3,"['Arena', 'Casa Giulietta']",Torre Lamberti,"['Sighseeing', 'Centro Fotografia', 'Museo Conte', 'Palazzo della Ragione', 'AMO']",Santa Anastasia,strategy_nearest,False,0.0015451908111572266,success
0435B84A9C4C81,1,"['Arena', 'Casa Giulietta']",Torre Lamberti,"['Sighseeing', 'Centro Fotografia', 'Museo Conte', 'Palazzo della Ragione', 'AMO']",Palazzo della Ragione,strategy_nearest,True,0.0027692317962646484,success
0435B44A9C4C80,0,['Arena'],Casa Giulietta,"['Centro Fotografia', 'Sighseeing', 'Torre Lamberti', 'Museo Conte', 'Museo Radio']",Torre Lamberti,strategy_nearest,True,0.004256010055541992,success
0435BE4A9C4C81,1,"['Arena', 'Torre Lamberti']",Palazzo della Ragione,"['AMO', 'Museo Conte', 'Centro Fotografia', 'Sighseeing', 'Santa Anastasia']",Santa Anastasia,strategy_nearest,True,0.003475189208984375,success
0435BC4A9C4C80,1,"['Arena', 'Palazzo della Ragione']",Torre Lamberti,"['Sighseeing', 'Centro Fotografia', 'Museo Conte', 'Casa Giulietta', 'AMO']",Casa Giulietta,strategy_nearest,True,0.0022830963134765625,success
0435C54A9C4C80,0,"['Arena', 'Torre Lamberti']",Casa Giulietta,"['Centro Fotografia', 'Sighseeing', 'Museo Conte', 'Museo Radio', 'Palazzo della Ragione']",San Zeno,strategy_nearest,False,0.0020689964294433594,success
0435BF4A9C4C80,0,['Arena'],Torre Lamberti,"['Sighseeing', 'Centro Fotografia', 'Museo Conte', 'Casa Giulietta', 'Palazzo della Ragione']",Casa Giulietta,strategy_nearest,True,0.0033762454986572266,success
0435CD4A9C4C80,1,"['Arena', 'Palazzo della Ragione']",Torre Lamberti,"['Sighseeing', 'Centro Fotografia', 'Museo Conte', 'Casa Giulietta', 'AMO']",Casa Giulietta,strategy_nearest,True,0.001348733901977539,success
0435CB4A9C4C80,0,['Arena'],Casa Giulietta,"['Centro Fotografia', 'Sighseeing', 'Torre Lamberti', 'Museo Conte', 'Museo Radio']",Torre Lamberti,strategy_nearest,True,0.0028061866760253906,success
0435C74A9C4C80,0,"['Arena', 'Castelvecchio']",Teatro Romano,"['Santa Anastasia', 'Duomo', 'AMO', 'Palazzo della Ragione', 'Museo Conte']",Casa Giulietta,strategy_nearest,False,0.0022509098052978516,success
0435C54A9C4C81,0,['Castelvecchio'],Arena,"['Verona Tour', 'Museo Lapidario', 'Museo Radio', 'San Fermo', 'Casa Giulietta']",Casa Giulietta,strategy_nearest,True,0.003593921661376953,success
0435CF3A9C4C80,1,"['Arena', 'Castelvecchio', 'Torre Lamberti']",Palazzo della Ragione,"['AMO', 'Museo Conte', 'Centro Fotografia', 'Sighseeing', 'Santa Anastasia']",Casa Giulietta,strategy_nearest,False,0.002061128616333008,success
0435D03A9C4C80,0,['Castelvecchio'],Arena,"['Verona Tour', 'Museo Lapidario', 'Museo Radio', 'San Fermo', 'Casa Giulietta']",Torre Lamberti,strategy_nearest,False,0.002538919448852539,success
0435CF4A9C4C80,0,['Arena'],San Zeno,"['Castelvecchio', 'Verona Tour', 'Museo Lapidario', 'Museo Miniscalchi', 'Sighseeing']",Torre Lamberti,strategy_nearest,False,0.001264333724975586,success
0435D33A9C4C80,1,"['Arena', 'Castelvecchio', 'Casa Giulietta']",Torre Lamberti,"['Sighseeing', 'Centro Fotografia', 'Museo Conte', 'Palazzo della Ragione', 'AMO']",Palazzo della Ragione,strategy_nearest,True,0.0038030147552490234,success
0435EB4A9C4C80,0,"['Giardino Giusti', 'San Zeno']",Museo Storia,"['San Fermo', 'Museo Radio', 'Casa Giulietta', 'Centro Fotografia', 'Tomba Giulietta']",Arena,strategy_nearest,False,0.002624034881591797,success
0435DF429C4C80,3,"['Casa Giulietta', 'San Zeno']",Santa Anastasia,"['AMO', 'Museo Conte', 'Palazzo della Ragione', 'Teatro Romano', 'Centro Fotografia']",Duomo,strategy_nearest,False,0.0019838809967041016,success
0435EF4A9C4C80,1,"['Arena', 'Castelvecchio']",Duomo,"['AMO', 'Museo Miniscalchi', 'Santa Anastasia', 'Teatro Romano', 'Palazzo della Ragione']",Casa Giulietta,strategy_nearest,False,0.0031719207763671875,success
0435F54A9C4C80,0,"['Arena', 'Castelvecchio']",Casa Giulietta,"['Centro Fotografia', 'Sighseeing', 'Torre Lamberti', 'Museo Conte', 'Museo Radio']",Torre Lamberti,strategy_nearest,True,0.0012989044189453125,success
0435F34A9C4C80,3,"['Arena', 'Casa Giulietta']",Torre Lamberti,"['Sighseeing', 'Centro Fotografia', 'Museo Conte', 'Palazzo della Ragione', 'AMO']",Santa Anastasia,strategy_nearest,False,0.0026900768280029297,success
0435F4429C4C80,2,"['San Zeno', 'Castelvecchio']",Santa Anastasia,"['AMO', 'Museo Conte', 'Palazzo della Ragione', 'Teatro Romano', 'Centro Fotografia']",Duomo,strategy_nearest,False,0.0033071041107177734,success
0435F3429C4C80,2,"['San Zeno', 'Castelvecchio', 'Casa Giulietta', 'Teatro Romano']",Duomo,"['AMO', 'Museo Miniscalchi', 'Santa Anastasia', 'Palazzo della Ragione', 'Museo Conte']",Torre Lamberti,strategy_nearest,False,0.003938198089599609,success
0435FE4A9C4C80,3,['Castelvecchio'],Arena,"['Verona Tour', 'Museo Lapidario', 'Museo Radio', 'San Fermo', 'Casa Giulietta']",Santa Anastasia,strategy_nearest,False,0.0021429061889648438,success
0435F94A9C4C80,3,"['Duomo', 'Santa Anastasia']",Castelvecchio,"['Museo Lapidario', 'Verona Tour', 'Arena', 'Museo Radio', 'San Zeno']",San Zeno,strategy_nearest,True,0.0015130043029785156,success
0435F7429C4C80,1,"['Arena', 'Torre Lamberti']",Palazzo della Ragione,"['AMO', 'Museo Conte', 'Centro Fotografia', 'Sighseeing', 'Santa Anastasia']",Casa Giulietta,strategy_nearest,False,0.002905130386352539,success
0435FEBA7B3F80,1,"['Arena', 'Casa Giulietta']",Santa Anastasia,"['AMO', 'Museo Conte', 'Palazzo della Ragione', 'Teatro Romano', 'Centro Fotografia']",Palazzo della Ragione,strategy_nearest,True,0.003381013870239258,success
043600429C4C84,2,['Torre Lamberti'],Teatro Romano,"['Santa Anastasia', 'Duomo', 'AMO', 'Palazzo della Ragione', 'Museo Conte']",San Zeno,strategy_nearest,False,0.0011839866638183594,success
0436024A9C4C84,1,"['Arena', 'Museo Lapidario', 'Casa Giulietta']",Torre Lamberti,"['Sighseeing', 'Centro Fotografia', 'Museo Conte', 'Palazzo della Ragione', 'AMO']",Palazzo della Ragione,strategy_nearest,True,0.0019919872283935547,success
0435FF4A9C4C80,0,['Teatro Romano'],Casa Giulietta,"['Centro Fotografia', 'Sighseeing', 'Torre Lamberti', 'Museo Conte', 'Museo Radio']",Arena,strategy_nearest,False,0.0029480457305908203,success
0436044A9C4C84,0,['Arena'],Duomo,"['AMO', 'Museo Miniscalchi', 'Santa Anastasia', 'Teatro Romano', 'Palazzo della Ragione']",Casa Giulietta,strategy_nearest,False,0.0033957958221435547,success
043606429C4C84,0,"['Castelvecchio', 'Teatro Romano', 'Torre Lamberti']",Casa Giulietta,"['Centro Fotografia', 'Sighseeing', 'Museo Conte', 'Museo Radio', 'Palazzo della Ragione']",Arena,strategy_nearest,False,0.0026092529296875,success
0436304A9C4C80,1,"['Arena', 'Casa Giulietta', 'San Fermo', 'Torre Lamberti']",Palazzo della Ragione,"['AMO', 'Museo Conte', 'Centro Fotografia', 'Sighseeing', 'Santa Anastasia']",Castelvecchio,strategy_nearest,False,0.0025942325592041016,success
043647429C4C80,0,['Arena'],Castelvecchio,"['Museo Lapidario', 'Verona Tour', 'Museo Radio', 'San Zeno', 'Sighseeing']",Casa Giulietta,strategy_nearest,False,0.0023660659790039062,success
043635BA7B3F80,0,['Arena'],Castelvecchio,"['Museo Lapidario', 'Verona Tour', 'Museo Radio', 'San Zeno', 'Sighseeing']",Torre Lamberti,strategy_nearest,False,0.0036008358001708984,success
0436503A9C4C80,3,"['Arena', 'Casa Giulietta']",Torre Lamberti,"['Sighseeing', 'Centro Fotografia', 'Museo Conte', 'Palazzo della Ragione', 'AMO']",Santa Anastasia,strategy_nearest,False,0.0031380653381347656,success
0436764A9C4C80,1,['Arena'],Casa Giulietta,"['Centro Fotografia', 'Sighseeing', 'Torre Lamberti', 'Museo Conte', 'Museo Radio']",Palazzo della Ragione,strategy_nearest,False,0.0024597644805908203,success
04366F3A9C4C80,0,['Arena'],Casa Giulietta,"['Centro Fotografia', 'Sighseeing', 'Torre Lamberti', 'Museo Conte', 'Museo Radio']",San Zeno,strategy_nearest,False,0.0022220611572265625,success
04368E4A9C4C80,2,"['Castelvecchio', 'Casa Giulietta']",Santa Anastasia,"['AMO', 'Museo Conte', 'Palazzo della Ragione', 'Teatro Romano', 'Centro Fotografia']",Duomo,strategy_nearest,False,0.0012869834899902344,success
043698429C4C80,1,"['Palazzo della Ragione', 'Torre Lamberti']",Castelvecchio,"['Museo Lapidario', 'Verona Tour', 'Arena', 'Museo Radio', 'San Zeno']",Arena,strategy_nearest,True,0.002958059310913086,success
04368A4A9C4C80,3,"['Arena', 'Castelvecchio']",Casa Giulietta,"['Centro Fotografia', 'Sighseeing', 'Torre Lamberti', 'Museo Conte', 'Museo Radio']",San Fermo,strategy_nearest,False,0.003432035446166992,success
0436894A9C4C81,2,['Museo Lapidario'],Castelvecchio,"['Verona Tour', 'Arena', 'Museo Radio', 'San Zeno', 'Sighseeing']",Casa Giulietta,strategy_nearest,False,0.003587961196899414,success
04369B429C4C80,0,"['Duomo', 'Casa Giulietta']",Torre Lamberti,"['Sighseeing', 'Centro Fotografia', 'Museo Conte', 'Palazzo della Ragione', 'AMO']",Arena,strategy_nearest,False,0.0014140605926513672,success
04369A429C4C80,0,['Castelvecchio'],Arena,"['Verona Tour', 'Museo Lapidario', 'Museo Radio', 'San Fermo', 'Casa Giulietta']",Casa Giulietta,strategy_nearest,True,0.002079010009765625,success
0436984A9C4C80,0,['Arena'],Casa Giulietta,"['Centro Fotografia', 'Sighseeing', 'Torre Lamberti', 'Museo Conte', 'Museo Radio']",Tomba Giulietta,strategy_nearest,False,0.0029277801513671875,success
04369C429C4C81,1,"['Casa Giulietta', 'Palazzo della Ragione']",Torre Lamberti,"['Sighseeing', 'Centro Fotografia', 'Museo Conte', 'AMO', 'Museo Miniscalchi']",Castelvecchio,strategy_nearest,False,0.0035462379455566406,success
04369D4A9C4C80,3,"['Arena', 'Casa Giulietta']",Santa Anastasia,"['AMO', 'Museo Conte', 'Palazzo della Ragione', 'Teatro Romano', 'Centro Fotografia']",Duomo,strategy_nearest,False,0.0027637481689453125,success
04369D429C4C81,0,['Arena'],Castelvecchio,"['Museo Lapidario', 'Verona Tour', 'Museo Radio', 'San Zeno', 'Sighseeing']",Casa Giulietta,strategy_nearest,False,0.0021741390228271484,success
0436AB429C4C81,0,['Arena'],Casa Giulietta,"['Centro Fotografia', 'Sighseeing', 'Torre Lamberti', 'Museo Conte', 'Museo Radio']",Torre Lamberti,strategy_nearest,True,0.0032930374145507812,success
0436A24A9C4C80,3,"['Arena', 'Casa Giulietta']",Torre Lamberti,"['Sighseeing', 'Centro Fotografia', 'Museo Conte', 'Palazzo della Ragione', 'AMO']",Santa Anastasia,strategy_nearest,False,0.002748250961303711,success
0436AD4A9C4C80,3,"['Arena', 'Santa Anastasia']",Teatro Romano,"['Duomo', 'AMO', 'Palazzo della Ragione', 'Museo Conte', 'Centro Fotografia']",Giardino Giusti,strategy_nearest,False,0.001995086669921875,success
0436AC4A9C4C80,1,['Arena'],Casa Giulietta,"['Centro Fotografia', 'Sighseeing', 'Torre Lamberti', 'Museo Conte', 'Museo Radio']",Torre Lamberti,strategy_nearest,True,0.0025358200073242188,success
0436B24A9C4C80,0,['Arena'],Casa Giulietta,"['Centro Fotografia', 'Sighseeing', 'Torre Lamberti', 'Museo Conte', 'Museo Radio']",Castelvecchio,strategy_nearest,False,0.0030701160430908203,success
0436B44A9C4C80,0,['Arena'],Museo Lapidario,"['Verona Tour', 'Castelvecchio', 'Museo Radio', 'San Fermo', 'Casa Giulietta']",Santa Anastasia,strategy_nearest,False,0.0035719871520996094,success
0436B74A9C4C81,0,['Arena'],San Fermo,"['Museo Storia', 'Museo Radio', 'Casa Giulietta', 'Centro Fotografia', 'Sighseeing']",Teatro Romano,strategy_nearest,False,0.0013310909271240234,success
0436B83A9C4C80,0,['Arena'],Castelvecchio,"['Museo Lapidario', 'Verona Tour', 'Museo Radio', 'San Zeno', 'Sighseeing']",Casa Giulietta,strategy_nearest,False,0.002638101577758789,success
0436B44A9C4C81,0,['Arena'],Palazzo della Ragione,"['AMO', 'Museo Conte', 'Torre Lamberti', 'Centro Fotografia', 'Sighseeing']",Casa Giulietta,strategy_nearest,False,0.001967906951904297,success
0436BC4A9C4C80,3,"['Arena', 'Casa Giulietta']",Torre Lamberti,"['Sighseeing', 'Centro Fotografia', 'Museo Conte', 'Palazzo della Ragione', 'AMO']",Santa Anastasia,strategy_nearest,False,0.0020360946655273438,success
0436BA4A9C4C81,0,"['Arena', 'Museo Lapidario']",Castelvecchio,"['Verona Tour', 'Museo Radio', 'San Zeno', 'Sighseeing', 'Museo Miniscalchi']",Casa Giulietta,strategy_nearest,False,0.003490924835205078,success
0436C14A9C4C80,0,['Arena'],Torre Lamberti,"['Sighseeing', 'Centro Fotografia', 'Museo Conte', 'Casa Giulietta', 'Palazzo della Ragione']",Casa Giulietta,strategy_nearest,True,0.002374887466430664,success
0436BC4A9C4C81,3,"['Arena', 'San Fermo', 'Casa Giulietta']",Teatro Romano,"['Santa Anastasia', 'Duomo', 'AMO', 'Palazzo della Ragione', 'Museo Conte']",Tomba Giulietta,strategy_nearest,False,0.0034570693969726562,success
0436C84A9C4C80,2,['Casa Giulietta'],Duomo,"['AMO', 'Museo Miniscalchi', 'Santa Anastasia', 'Teatro Romano', 'Palazzo della Ragione']",Santa Anastasia,strategy_nearest,True,0.002507925033569336,success
0436C74A9C4C80,1,"['Arena', 'Torre Lamberti']",Palazzo della Ragione,"['AMO', 'Museo Conte', 'Centro Fotografia', 'Sighseeing', 'Santa Anastasia']",Casa Giulietta,strategy_nearest,False,0.0014300346374511719,success
0436CE3A9C4C80,2,['Teatro Romano'],Giardino Giusti,"['Santa Anastasia', 'Museo Conte', 'Centro Fotografia', 'Museo Storia', 'AMO']",Museo Storia,strategy_nearest,True,0.0031158924102783203,success
0436CF4A9C4C80,3,['Arena'],Torre Lamberti,"['Sighseeing', 'Centro Fotografia', 'Museo Conte', 'Casa Giulietta', 'Palazzo della Ragione']",Santa Anastasia,strategy_nearest,False,0.0036940574645996094,success
0436D73A9C4C80,0,['Torre Lamberti'],Arena,"['Verona Tour', 'Museo Lapidario', 'Museo Radio', 'San Fermo', 'Casa Giulietta']",Castelvecchio,strategy_nearest,False,0.0017468929290771484,success
0436F34A9C4C80,3,"['Arena', 'Casa Giulietta']",Torre Lamberti,"['Sighseeing', 'Centro Fotografia', 'Museo Conte', 'Palazzo della Ragione', 'AMO']",Santa Anastasia,strategy_nearest,False,0.0026960372924804688,success
0436DC3A9C4C80,3,"['Arena', 'Torre Lamberti', 'Santa Anastasia']",Teatro Romano,"['Duomo', 'AMO', 'Palazzo della Ragione', 'Museo Conte', 'Centro Fotografia']",Casa Giulietta,strategy_nearest,False,0.004131793975830078,success
0436DC429C4C80,1,"['Arena', 'Duomo']",Torre Lamberti,"['Sighseeing', 'Centro Fotografia', 'Museo Conte', 'Casa Giulietta', 'Palazzo della Ragione']",Palazzo della Ragione,strategy_nearest,True,0.0019261837005615234,success
0436FA4A9C4C80,3,"['Arena', 'Casa Giulietta']",Santa Anastasia,"['AMO', 'Museo Conte', 'Palazzo della Ragione', 'Teatro Romano', 'Centro Fotografia']",Teatro Romano,strategy_nearest,True,0.0026140213012695312,success
0436F83A9C4C80,3,"['Arena', 'Duomo']",Torre Lamberti,"['Sighseeing', 'Centro Fotografia', 'Museo Conte', 'Casa Giulietta', 'Palazzo della Ragione']",San Zeno,strategy_nearest,False,0.0014941692352294922,success
0436F4429C4C80,1,"['Arena', 'Torre Lamberti', 'Palazzo della Ragione', 'Casa Giulietta', 'Duomo']",Santa Anastasia,"['AMO', 'Museo Conte', 'Teatro Romano', 'Centro Fotografia', 'Sighseeing']",Tomba Giulietta,strategy_nearest,False,0.0034322738647460938,success
0436FC4A9C4C80,3,"['Museo Lapidario', 'Arena', 'Casa Giulietta']",Torre Lamberti,"['Sighseeing', 'Centro Fotografia', 'Museo Conte', 'Palazzo della Ragione', 'AMO']",Santa Anastasia,strategy_nearest,False,0.0017139911651611328,success
0436FE4A9C4C80,1,['Arena'],Palazzo della Ragione,"['AMO', 'Museo Conte', 'Torre Lamberti', 'Centro Fotografia', 'Sighseeing']",Casa Giulietta,strategy_nearest,False,0.003471851348876953,success
043701429C4C84,2,['Torre Lamberti'],Teatro Romano,"['Santa Anastasia', 'Duomo', 'AMO', 'Palazzo della Ragione', 'Museo Conte']",San Zeno,strategy_nearest,False,0.0018100738525390625,success
0437054A9C4C84,3,"['Arena', 'Museo Lapidario']",Santa Anastasia,"['AMO', 'Museo Conte', 'Palazzo della Ragione', 'Teatro Romano', 'Centro Fotografia']",Casa Giulietta,strategy_nearest,False,0.0027408599853515625,success
0437364A9C4C80,4,"['Giardino Giusti', 'Teatro Romano', 'Santa Anastasia', 'Casa Giulietta', 'San Zeno']",Arena,"['Verona Tour', 'Museo Lapidario', 'Museo Radio', 'San Fermo', 'Sighseeing']",Castelvecchio,strategy_nearest,False,0.0017571449279785156,success
0437084A9C4C84,0,['Arena'],Castelvecchio,"['Museo Lapidario', 'Verona Tour', 'Museo Radio', 'San Zeno', 'Sighseeing']",Casa Giulietta,strategy_nearest,False,0.002595186233520508,success
0437374A9C4C80,3,"['Torre Lamberti', 'San Fermo', 'Santa Anastasia']",San Zeno,"['Castelvecchio', 'Verona Tour', 'Museo Lapidario', 'Arena', 'Museo Miniscalchi']",Castelvecchio,strategy_nearest,True,0.002302885055541992,success
04373C429C4C80,0,['Arena'],Casa Giulietta,"['Centro Fotografia', 'Sighseeing', 'Torre Lamberti', 'Museo Conte', 'Museo Radio']",Santa Anastasia,strategy_nearest,False,0.002087116241455078,success
043746429C4C80,0,['Arena'],Castelvecchio,"['Museo Lapidario', 'Verona Tour', 'Museo Radio', 'San Zeno', 'Sighseeing']",San Zeno,strategy_nearest,True,0.0028181076049804688,success
043764BA7B3F80,2,['Palazzo della Ragione'],Torre Lamberti,"['Sighseeing', 'Centro Fotografia', 'Museo Conte', 'Casa Giulietta', 'AMO']",Casa Giulietta,strategy_nearest,True,0.0025229454040527344,success
0437553A9C4C80,0,['Arena'],Torre Lamberti,"['Sighseeing', 'Centro Fotografia', 'Museo Conte', 'Casa Giulietta', 'Palazzo della Ragione']",Casa Giulietta,strategy_nearest,True,0.001219034194946289,success
0437503A9C4C80,3,"['Arena', 'Casa Giulietta']",Santa Anastasia,"['AMO', 'Museo Conte', 'Palazzo della Ragione', 'Teatro Romano', 'Centro Fotografia']",Teatro Romano,strategy_nearest,True,0.003821134567260742,success
04376F429C4C80,3,"['Arena', 'Castelvecchio', 'Casa Giulietta']",San Fermo,"['Museo Storia', 'Museo Radio', 'Centro Fotografia', 'Sighseeing', 'Torre Lamberti']",Torre Lamberti,strategy_nearest,True,0.002145051956176758,success
0437744A9C4C80,0,['Arena'],Casa Giulietta,"['Centro Fotografia', 'Sighseeing', 'Torre Lamberti', 'Museo Conte', 'Museo Radio']",Castelvecchio,strategy_nearest,False,0.003271818161010742,success
04376C3A9C4C80,0,['Castelvecchio'],Arena,"['Verona Tour', 'Museo Lapidario', 'Museo Radio', 'San Fermo', 'Casa Giulietta']",Torre Lamberti,strategy_nearest,False,0.0029561519622802734,success
0437673A9C4C80,2,"['Castelvecchio', 'San Zeno']",Museo Lapidario,"['Verona Tour', 'Arena', 'Museo Radio', 'San Fermo', 'Casa Giulietta']",Santa Anastasia,strategy_nearest,False,0.0028133392333984375,success
04377B429C4C80,3,['Torre Lamberti'],Santa Anastasia,"['AMO', 'Museo Conte', 'Palazzo della Ragione', 'Teatro Romano', 'Centro Fotografia']",Arena,strategy_nearest,False,0.0022797584533691406,success
04377D4A9C4C80,0,['Casa Giulietta'],Teatro Romano,"['Santa Anastasia', 'Duomo', 'AMO', 'Palazzo della Ragione', 'Museo Conte']",Arena,strategy_nearest,False,0.0014328956604003906,success
0437874A9C4C81,3,"['Arena', 'Casa Giulietta', 'Torre Lamberti']",Santa Anastasia,"['AMO', 'Museo Conte', 'Palazzo della Ragione', 'Teatro Romano', 'Centro Fotografia']",Duomo,strategy_nearest,False,0.0027740001678466797,success
043777429C4C80,1,"['Tomba Giulietta', 'Castelvecchio', 'Arena']",Casa Giulietta,"['Centro Fotografia', 'Sighseeing', 'Torre Lamberti', 'Museo Conte', 'Museo Radio']",Torre Lamberti,strategy_nearest,True,0.003638029098510742,success
04378B429C4C80,3,"['Arena', 'Casa Giulietta', 'Torre Lamberti']",Duomo,"['AMO', 'Museo Miniscalchi', 'Santa Anastasia', 'Teatro Romano', 'Palazzo della Ragione']",San Fermo,strategy_nearest,False,0.0011048316955566406,success
04378E4A9C4C80,3,['Arena'],Santa Anastasia,"['AMO', 'Museo Conte', 'Palazzo della Ragione', 'Teatro Romano', 'Centro Fotografia']",Duomo,strategy_nearest,False,0.002259969711303711,success
0437914A9C4C81,0,['Arena'],Teatro Romano,"['Santa Anastasia', 'Duomo', 'AMO', 'Palazzo della Ragione', 'Museo Conte']",Casa Giulietta,strategy_nearest,False,0.002655029296875,success
04378F429C4C81,1,"['Castelvecchio', 'Teatro Romano']",Palazzo della Ragione,"['AMO', 'Museo Conte', 'Torre Lamberti', 'Centro Fotografia', 'Sighseeing']",Casa Giulietta,strategy_nearest,False,0.0034019947052001953,success
0437984A9C4C81,0,['Castelvecchio'],Arena,"['Verona Tour', 'Museo Lapidario', 'Museo Radio', 'San Fermo', 'Casa Giulietta']",Tomba Giulietta,strategy_nearest,False,0.0015079975128173828,success
04379A429C4C80,3,"['Arena', 'Torre Lamberti']",Santa Anastasia,"['AMO', 'Museo Conte', 'Palazzo della Ragione', 'Teatro Romano', 'Centro Fotografia']",Teatro Romano,strategy_nearest,True,0.002986907958984375,success
043792429C4C80,3,"['Arena', 'Casa Giulietta']",Santa Anastasia,"['AMO', 'Museo Conte', 'Palazzo della Ragione', 'Teatro Romano', 'Centro Fotografia']",Duomo,strategy_nearest,False,0.0028400421142578125,success
04379C429C4C80,3,"['Casa Giulietta', 'Arena']",Castelvecchio,"['Museo Lapidario', 'Verona Tour', 'Museo Radio', 'San Zeno', 'Sighseeing']",Santa Anastasia,strategy_nearest,False,0.003420114517211914,success
0437A34A9C4C81,1,"['Castelvecchio', 'San Zeno']",Arena,"['Verona Tour', 'Museo Lapidario', 'Museo Radio', 'San Fermo', 'Casa Giulietta']",Torre Lamberti,strategy_nearest,False,0.002662181854248047,success
04379E429C4C81,3,"['Castelvecchio', 'Arena']",Casa Giulietta,"['Centro Fotografia', 'Sighseeing', 'Torre Lamberti', 'Museo Conte', 'Museo Radio']",Torre Lamberti,strategy_nearest,True,0.0033111572265625,success
04379D4A9C4C81,1,"['Castelvecchio', 'Museo Lapidario', 'Arena', 'Tomba Giulietta', 'San Fermo']",Casa Giulietta,"['Centro Fotografia', 'Sighseeing', 'Torre Lamberti', 'Museo Conte', 'Museo Radio']",Torre Lamberti,strategy_nearest,True,0.0022852420806884766,success
04379D429C4C81,1,"['Castelvecchio', 'Arena']",Torre Lamberti,"['Sighseeing', 'Centro Fotografia', 'Museo Conte', 'Casa Giulietta', 'Palazzo della Ragione']",Casa Giulietta,strategy_nearest,True,0.0013949871063232422,success
0437A74A9C4C81,0,['Castelvecchio'],Arena,"['Verona Tour', 'Museo Lapidario', 'Museo Radio', 'San Fermo', 'Casa Giulietta']",Torre Lamberti,strategy_nearest,False,0.0017337799072265625,success
0437B24A9C4C80,0,"['Arena', 'Casa Giulietta']",Giardino Giusti,"['Santa Anastasia', 'Teatro Romano', 'Museo Conte', 'Centro Fotografia', 'Museo Storia']",Teatro Romano,strategy_nearest,True,0.0026941299438476562,success
0437B14A9C4C80,0,"['Castelvecchio', 'Arena']",Torre Lamberti,"['Sighseeing', 'Centro Fotografia', 'Museo Conte', 'Casa Giulietta', 'Palazzo della Ragione']",Casa Giulietta,strategy_nearest,True,0.0035257339477539062,success
0437A84A9C4C81,3,"['Castelvecchio', 'Arena']",Casa Giulietta,"['Centro Fotografia', 'Sighseeing', 'Torre Lamberti', 'Museo Conte', 'Museo Radio']",Torre Lamberti,strategy_nearest,True,0.0023000240325927734,success
0437B44A9C4C80,3,"['Arena', 'Casa Giulietta']",Torre Lamberti,"['Sighseeing', 'Centro Fotografia', 'Museo Conte', 'Palazzo della Ragione', 'AMO']",Santa Anastasia,strategy_nearest,False,0.001992940902709961,success
0437B4429C4C81,0,"['Castelvecchio', 'Casa Giulietta']",San Fermo,"['Museo Storia', 'Museo Radio', 'Centro Fotografia', 'Arena', 'Sighseeing']",Arena,strategy_nearest,True,0.0014040470123291016,success
0437B54A9C4C80,0,"['Arena', 'Casa Giulietta']",Torre Lamberti,"['Sighseeing', 'Centro Fotografia', 'Museo Conte', 'Palazzo della Ragione', 'AMO']",Duomo,strategy_nearest,False,0.002602100372314453,success
0437B44A9C4C81,0,['Casa Giulietta'],Castelvecchio,"['Museo Lapidario', 'Verona Tour', 'Arena', 'Museo Radio', 'San Zeno']",Torre Lamberti,strategy_nearest,False,0.003648042678833008,success
0437BC4A9C4C81,0,['Arena'],Castelvecchio,"['Museo Lapidario', 'Verona Tour', 'Museo Radio', 'San Zeno', 'Sighseeing']",Casa Giulietta,strategy_nearest,False,0.002727985382080078,success
0437B94A9C4C80,0,['Arena'],Castelvecchio,"['Museo Lapidario', 'Verona Tour', 'Museo Radio', 'San Zeno', 'Sighseeing']",Casa Giulietta,strategy_nearest,False,0.0021338462829589844,success
0437BE3A9C4C80,1,"['Castelvecchio', 'San Zeno']",Arena,"['Verona Tour', 'Museo Lapidario', 'Museo Radio', 'San Fermo', 'Casa Giulietta']",Casa Giulietta,strategy_nearest,True,0.0020411014556884766,success
0437B63A9C4C80,2,['Casa Giulietta'],Torre Lamberti,"['Sighseeing', 'Centro Fotografia', 'Museo Conte', 'Palazzo della Ragione', 'AMO']",Palazzo della Ragione,strategy_nearest,True,0.004153728485107422,success
0437CF3A9C4C80,0,['Torre Lamberti'],Casa Giulietta,"['Centro Fotografia', 'Sighseeing', 'Museo Conte', 'Museo Radio', 'Palazzo della Ragione']",Arena,strategy_nearest,False,0.0020720958709716797,success
0437C94A9C4C80,1,"['Arena', 'Casa Giulietta']",Castelvecchio,"['Museo Lapidario', 'Verona Tour', 'Museo Radio', 'San Zeno', 'Sighseeing']",Palazzo della Ragione,strategy_nearest,False,0.0029230117797851562,success
0437C04A9C4C80,0,['Tomba Giulietta'],Arena,"['Verona Tour', 'Museo Lapidario', 'Museo Radio', 'San Fermo', 'Casa Giulietta']",Casa Giulietta,strategy_nearest,True,0.003545045852661133,success
0437CE3A9C4C80,2,['Casa Giulietta'],Teatro Romano,"['Santa Anastasia', 'Duomo', 'AMO', 'Palazzo della Ragione', 'Museo Conte']",Duomo,strategy_nearest,True,0.001631021499633789,success
0437CF4A9C4C80,1,"['Arena', 'Torre Lamberti']",Palazzo della Ragione,"['AMO', 'Museo Conte', 'Centro Fotografia', 'Sighseeing', 'Santa Anastasia']",Casa Giulietta,strategy_nearest,False,0.0015292167663574219,success
0437D03A9C4C80,3,"['San Zeno', 'Castelvecchio']",Arena,"['Verona Tour', 'Museo Lapidario', 'Museo Radio', 'San Fermo', 'Casa Giulietta']",Tomba Giulietta,strategy_nearest,False,0.002248048782348633,success
0437EC3A9C4C80,0,"['Castelvecchio', 'Casa Giulietta']",Arena,"['Verona Tour', 'Museo Lapidario', 'Museo Radio', 'San Fermo', 'Sighseeing']",Torre Lamberti,strategy_nearest,False,0.002862215042114258,success
0437EC429C4C80,0,"['Torre Lamberti', 'Castelvecchio']",Casa Giulietta,"['Centro Fotografia', 'Sighseeing', 'Museo Conte', 'Museo Radio', 'Palazzo della Ragione']",Arena,strategy_nearest,False,0.0033898353576660156,success
0437FD4A9C4C80,3,"['Arena', 'Casa Giulietta']",Santa Anastasia,"['AMO', 'Museo Conte', 'Palazzo della Ragione', 'Teatro Romano', 'Centro Fotografia']",Duomo,strategy_nearest,False,0.0028200149536132812,success
0437EF4A9C4C80,0,['Arena'],Casa Giulietta,"['Centro Fotografia', 'Sighseeing', 'Torre Lamberti', 'Museo Conte', 'Museo Radio']",Castelvecchio,strategy_nearest,False,0.0029959678649902344,success
0437F3429C4C80,1,"['Casa Giulietta', 'Arena']",Giardino Giusti,"['Santa Anastasia', 'Teatro Romano', 'Museo Conte', 'Centro Fotografia', 'Museo Storia']",San Fermo,strategy_nearest,False,0.0037260055541992188,success
0438364A9C4C80,0,['Arena'],Casa Giulietta,"['Centro Fotografia', 'Sighseeing', 'Torre Lamberti', 'Museo Conte', 'Museo Radio']",Castelvecchio,strategy_nearest,False,0.0015249252319335938,success
04383F3A9C4C80,1,"['Arena', 'Museo Lapidario', 'Castelvecchio', 'Torre Lamberti']",Palazzo della Ragione,"['AMO', 'Museo Conte', 'Centro Fotografia', 'Sighseeing', 'Santa Anastasia']",Casa Giulietta,strategy_nearest,False,0.0019488334655761719,success
0438434A9C4C80,0,['Arena'],Torre Lamberti,"['Sighseeing', 'Centro Fotografia', 'Museo Conte', 'Casa Giulietta', 'Palazzo della Ragione']",Casa Giulietta,strategy_nearest,True,0.002782106399536133,success
0438414A9C4C80,0,['Arena'],Castelvecchio,"['Museo Lapidario', 'Verona Tour', 'Museo Radio', 'San Zeno', 'Sighseeing']",Casa Giulietta,strategy_nearest,False,0.0028769969940185547,success
0438444A9C4C80,1,"['Museo Lapidario', 'Castelvecchio']",Torre Lamberti,"['Sighseeing', 'Centro Fotografia', 'Museo Conte', 'Casa Giulietta', 'Palazzo della Ragione']",Palazzo della Ragione,strategy_nearest,True,0.0034029483795166016,success
04384F3A9C4C80,3,"['Arena', 'Torre Lamberti']",Santa Anastasia,"['AMO', 'Museo Conte', 'Palazzo della Ragione', 'Teatro Romano', 'Centro Fotografia']",Duomo,strategy_nearest,False,0.002293109893798828,success
0438744A9C4C80,3,"['Arena', 'Torre Lamberti']",Casa Giulietta,"['Centro Fotografia', 'Sighseeing', 'Museo Conte', 'Museo Radio', 'Palazzo della Ragione']",Santa Anastasia,strategy_nearest,False,0.0028450489044189453,success
043884429C4C80,2,['Casa Giulietta'],Tomba Giulietta,"['San Fermo', 'Museo Storia', 'Arena', 'Museo Lapidario', 'Museo Radio']",Castelvecchio,strategy_nearest,False,0.004317283630371094,success
04388C4A9C4C81,0,['Arena'],Torre Lamberti,"['Sighseeing', 'Centro Fotografia', 'Museo Conte', 'Casa Giulietta', 'Palazzo della Ragione']",Casa Giulietta,strategy_nearest,True,0.002597808837890625,success
04388D429C4C81,0,['Arena'],Casa Giulietta,"['Centro Fotografia', 'Sighseeing', 'Torre Lamberti', 'Museo Conte', 'Museo Radio']",Torre Lamberti,strategy_nearest,True,0.0029897689819335938,success
04388D4A9C4C80,3,"['Arena', 'San Fermo', 'Casa Giulietta']",Torre Lamberti,"['Sighseeing', 'Centro Fotografia', 'Museo Conte', 'Palazzo della Ragione', 'AMO']",Santa Anastasia,strategy_nearest,False,0.0015239715576171875,success
0438954A9C4C80,0,"['Castelvecchio', 'San Fermo']",Casa Giulietta,"['Centro Fotografia', 'Sighseeing', 'Torre Lamberti', 'Museo Conte', 'Museo Radio']",Torre Lamberti,strategy_nearest,True,0.0034110546112060547,success
0438994A9C4C81,0,"['Arena', 'Casa Giulietta']",Torre Lamberti,"['Sighseeing', 'Centro Fotografia', 'Museo Conte', 'Palazzo della Ragione', 'AMO']",Duomo,strategy_nearest,False,0.0020868778228759766,success
0438A0429C4C80,0,['Castelvecchio'],Casa Giulietta,"['Centro Fotografia', 'Sighseeing', 'Torre Lamberti', 'Museo Conte', 'Museo Radio']",Arena,strategy_nearest,False,0.0026807785034179688,success
0438AC3A9C4C80,0,"['San Fermo', 'Casa Giulietta']",Torre Lamberti,"['Sighseeing', 'Centro Fotografia', 'Museo Conte', 'Palazzo della Ragione', 'AMO']",Castelvecchio,strategy_nearest,False,0.0027267932891845703,success
0438AA429C4C80,0,['Arena'],Casa Giulietta,"['Centro Fotografia', 'Sighseeing', 'Torre Lamberti', 'Museo Conte', 'Museo Radio']",Tomba Giulietta,strategy_nearest,False,0.002021312713623047,success
0438A4429C4C81,3,"['Castelvecchio', 'Santa Anastasia']",Torre Lamberti,"['Sighseeing', 'Centro Fotografia', 'Museo Conte', 'Casa Giulietta', 'Palazzo della Ragione']",Duomo,strategy_nearest,False,0.002730131149291992,success
0438AC4A9C4C80,3,['Arena'],Casa Giulietta,"['Centro Fotografia', 'Sighseeing', 'Torre Lamberti', 'Museo Conte', 'Museo Radio']",Torre Lamberti,strategy_nearest,True,0.0032808780670166016,success
0438AD4A9C4C80,0,"['Arena', 'Castelvecchio']",Teatro Romano,"['Santa Anastasia', 'Duomo', 'AMO', 'Palazzo della Ragione', 'Museo Conte']",Duomo,strategy_nearest,True,0.0015151500701904297,success
0438AE429C4C81,3,"['Arena', 'Casa Giulietta']",Torre Lamberti,"['Sighseeing', 'Centro Fotografia', 'Museo Conte', 'Palazzo della Ragione', 'AMO']",Duomo,strategy_nearest,False,0.002260923385620117,success
0438AE4A9C4C81,1,"['Arena', 'Castelvecchio', 'Torre Lamberti']",Palazzo della Ragione,"['AMO', 'Museo Conte', 'Centro Fotografia', 'Sighseeing', 'Santa Anastasia']",Casa Giulietta,strategy_nearest,False,0.002802133560180664,success
0438B04A9C4C81,3,"['Arena', 'Casa Giulietta']",Torre Lamberti,"['Sighseeing', 'Centro Fotografia', 'Museo Conte', 'Palazzo della Ragione', 'AMO']",Santa Anastasia,strategy_nearest,False,0.0032639503479003906,success
0438BB4A9C4C80,0,['Arena'],Casa Giulietta,"['Centro Fotografia', 'Sighseeing', 'Torre Lamberti', 'Museo Conte', 'Museo Radio']",Castelvecchio,strategy_nearest,False,0.002624988555908203,success
0438B24A9C4C80,0,['Arena'],Casa Giulietta,"['Centro Fotografia', 'Sighseeing', 'Torre Lamberti', 'Museo Conte', 'Museo Radio']",Castelvecchio,strategy_nearest,False,0.0028688907623291016,success
0438B3429C4C80,3,"['Arena', 'Torre Lamberti', 'Casa Giulietta']",Santa Anastasia,"['AMO', 'Museo Conte', 'Palazzo della Ragione', 'Teatro Romano', 'Centro Fotografia']",Duomo,strategy_nearest,False,0.0014090538024902344,success
0438B64A9C4C80,1,['Castelvecchio'],Palazzo della Ragione,"['AMO', 'Museo Conte', 'Torre Lamberti', 'Centro Fotografia', 'Sighseeing']",Arena,strategy_nearest,False,0.003329753875732422,success
0438EA4A9C4C80,2,['Casa Giulietta'],Santa Anastasia,"['AMO', 'Museo Conte', 'Palazzo della Ragione', 'Teatro Romano', 'Centro Fotografia']",Castelvecchio,strategy_nearest,False,0.0025479793548583984,success
0438CE4A9C4C80,0,"['Arena', 'Casa Giulietta']",Giardino Giusti,"['Santa Anastasia', 'Teatro Romano', 'Museo Conte', 'Centro Fotografia', 'Museo Storia']",Teatro Romano,strategy_nearest,True,0.002212047576904297,success
0438D93A9C4C80,1,"['Arena', 'Casa Giulietta', 'Palazzo della Ragione']",Torre Lamberti,"['Sighseeing', 'Centro Fotografia', 'Museo Conte', 'AMO', 'Museo Miniscalchi']",Santa Anastasia,strategy_nearest,False,0.0014481544494628906,success
0438DE429C4C80,1,"['Casa Giulietta', 'Arena', 'Torre Lamberti', 'Palazzo della Ragione', 'Castelvecchio']",San Zeno,"['Verona Tour', 'Museo Lapidario', 'Museo Miniscalchi', 'Sighseeing', 'Museo Radio']",Tomba Giulietta,strategy_nearest,False,0.0035560131072998047,success
0438F24A9C4C80,0,['Arena'],Casa Giulietta,"['Centro Fotografia', 'Sighseeing', 'Torre Lamberti', 'Museo Conte', 'Museo Radio']",Torre Lamberti,strategy_nearest,True,0.002672910690307617,success
0438EC3A9C4C80,0,['Castelvecchio'],Torre Lamberti,"['Sighseeing', 'Centro Fotografia', 'Museo Conte', 'Casa Giulietta', 'Palazzo della Ragione']",Casa Giulietta,strategy_nearest,True,0.002180814743041992,success
0438F34A9C4C80,3,"['Arena', 'Tomba Giulietta', 'San Fermo']",Casa Giulietta,"['Centro Fotografia', 'Sighseeing', 'Torre Lamberti', 'Museo Conte', 'Museo Radio']",Torre Lamberti,strategy_nearest,True,0.002749919891357422,success
0438FC3A9C4C80,1,"['Arena', 'Tomba Giulietta']",Palazzo della Ragione,"['AMO', 'Museo Conte', 'Torre Lamberti', 'Centro Fotografia', 'Sighseeing']",Torre Lamberti,strategy_nearest,True,0.0034248828887939453,success
0438FD4A9C4C80,2,['Castelvecchio'],Casa Giulietta,"['Centro Fotografia', 'Sighseeing', 'Torre Lamberti', 'Museo Conte', 'Museo Radio']",San Fermo,strategy_nearest,False,0.0019078254699707031,success
04392D429C4C80,2,['Casa Giulietta'],Palazzo della Ragione,"['AMO', 'Museo Conte', 'Torre Lamberti', 'Centro Fotografia', 'Sighseeing']",Torre Lamberti,strategy_nearest,True,0.0034332275390625,success
0438FC4A9C4C80,3,"['Arena', 'Casa Giulietta']",Santa Anastasia,"['AMO', 'Museo Conte', 'Palazzo della Ragione', 'Teatro Romano', 'Centro Fotografia']",Teatro Romano,strategy_nearest,True,0.0028679370880126953,success
04392F429C4C80,2,['San Zeno'],Teatro Romano,"['Santa Anastasia', 'Duomo', 'AMO', 'Palazzo della Ragione', 'Museo Conte']",San Fermo,strategy_nearest,False,0.002655029296875,success
04394CBA7B3F80,0,['Museo Lapidario'],Castelvecchio,"['Verona Tour', 'Arena', 'Museo Radio', 'San Zeno', 'Sighseeing']",Arena,strategy_nearest,True,0.0020439624786376953,success
0439423A9C4C80,3,"['Santa Anastasia', 'Torre Lamberti']",Castelvecchio,"['Museo Lapidario', 'Verona Tour', 'Arena', 'Museo Radio', 'San Zeno']",Arena,strategy_nearest,True,0.002813100814819336,success
04394F3A9C4C80,3,"['Arena', 'Torre Lamberti']",Santa Anastasia,"['AMO', 'Museo Conte', 'Palazzo della Ragione', 'Teatro Romano', 'Centro Fotografia']",Duomo,strategy_nearest,False,0.0034918785095214844,success
0439314A9C4C80,1,"['Arena', 'Casa Giulietta', 'San Fermo', 'Torre Lamberti']",Palazzo della Ragione,"['AMO', 'Museo Conte', 'Centro Fotografia', 'Sighseeing', 'Santa Anastasia']",Castelvecchio,strategy_nearest,False,0.0015189647674560547,success
0439673A9C4C80,3,"['Casa Giulietta', 'Castelvecchio', 'Arena', 'Tomba Giulietta']",Museo Storia,"['San Fermo', 'Museo Radio', 'Centro Fotografia', 'Torre Lamberti', 'Sighseeing']",Teatro Romano,strategy_nearest,False,0.0017371177673339844,success
04397A429C4C80,0,['Arena'],Casa Giulietta,"['Centro Fotografia', 'Sighseeing', 'Torre Lamberti', 'Museo Conte', 'Museo Radio']",Castelvecchio,strategy_nearest,False,0.003736257553100586,success
04396E429C4C80,0,"['Casa Giulietta', 'Arena']",Teatro Romano,"['Santa Anastasia', 'Duomo', 'AMO', 'Palazzo della Ragione', 'Museo Conte']",Castelvecchio,strategy_nearest,False,0.002658843994140625,success
0439514A9C4C80,3,"['Arena', 'Casa Giulietta']",Santa Anastasia,"['AMO', 'Museo Conte', 'Palazzo della Ragione', 'Teatro Romano', 'Centro Fotografia']",Duomo,strategy_nearest,False,0.003312826156616211,success
04397F3A9C4C80,3,['Santa Anastasia'],Duomo,"['AMO', 'Museo Miniscalchi', 'Teatro Romano', 'Palazzo della Ragione', 'Museo Conte']",Casa Giulietta,strategy_nearest,False,0.0032491683959960938,success
0439853A9C4C80,3,"['Arena', 'Casa Giulietta']",Santa Anastasia,"['AMO', 'Museo Conte', 'Palazzo della Ragione', 'Teatro Romano', 'Centro Fotografia']",Duomo,strategy_nearest,False,0.002184152603149414,success
0439864A9C4C81,0,"['Arena', 'Castelvecchio']",Teatro Romano,"['Santa Anastasia', 'Duomo', 'AMO', 'Palazzo della Ragione', 'Museo Conte']",Casa Giulietta,strategy_nearest,False,0.002808094024658203,success
04397F429C4C80,3,"['Arena', 'Torre Lamberti', 'Santa Anastasia']",Duomo,"['AMO', 'Museo Miniscalchi', 'Teatro Romano', 'Palazzo della Ragione', 'Museo Conte']",Teatro Romano,strategy_nearest,True,0.0036449432373046875,success
043987429C4C81,0,['Arena'],Casa Giulietta,"['Centro Fotografia', 'Sighseeing', 'Torre Lamberti', 'Museo Conte', 'Museo Radio']",Duomo,strategy_nearest,False,0.0024559497833251953,success
0439874A9C4C80,2,['Casa Giulietta'],Torre Lamberti,"['Sighseeing', 'Centro Fotografia', 'Museo Conte', 'Palazzo della Ragione', 'AMO']",Duomo,strategy_nearest,False,0.0026259422302246094,success
043988429C4C80,3,"['Arena', 'Casa Giulietta', 'Torre Lamberti']",Santa Anastasia,"['AMO', 'Museo Conte', 'Palazzo della Ragione', 'Teatro Romano', 'Centro Fotografia']",Duomo,strategy_nearest,False,0.0032219886779785156,success
04398B429C4C81,0,['Arena'],Casa Giulietta,"['Centro Fotografia', 'Sighseeing', 'Torre Lamberti', 'Museo Conte', 'Museo Radio']",Torre Lamberti,strategy_nearest,True,0.0030059814453125,success
04398F4A9C4C80,0,['Arena'],Casa Giulietta,"['Centro Fotografia', 'Sighseeing', 'Torre Lamberti', 'Museo Conte', 'Museo Radio']",Teatro Romano,strategy_nearest,False,0.0028150081634521484,success
0439914A9C4C81,0,['Arena'],Casa Giulietta,"['Centro Fotografia', 'Sighseeing', 'Torre Lamberti', 'Museo Conte', 'Museo Radio']",Santa Anastasia,strategy_nearest,False,0.0032188892364501953,success
0439934A9C4C80,3,"['Castelvecchio', 'Santa Anastasia']",Duomo,"['AMO', 'Museo Miniscalchi', 'Teatro Romano', 'Palazzo della Ragione', 'Museo Conte']",Casa Giulietta,strategy_nearest,False,0.0025336742401123047,success
0439934A9C4C81,2,"['Teatro Romano', 'Duomo']",Torre Lamberti,"['Sighseeing', 'Centro Fotografia', 'Museo Conte', 'Casa Giulietta', 'Palazzo della Ragione']",San Fermo,strategy_nearest,False,0.0033309459686279297,success
0439954A9C4C80,3,"['Arena', 'Torre Lamberti', 'Casa Giulietta']",San Zeno,"['Castelvecchio', 'Verona Tour', 'Museo Lapidario', 'Museo Miniscalchi', 'Sighseeing']",San Fermo,strategy_nearest,False,0.002004861831665039,success
04399B4A9C4C80,0,['Arena'],Torre Lamberti,"['Sighseeing', 'Centro Fotografia', 'Museo Conte', 'Casa Giulietta', 'Palazzo della Ragione']",Casa Giulietta,strategy_nearest,True,0.003379344940185547,success
04399D429C4C81,0,['Casa Giulietta'],Torre Lamberti,"['Sighseeing', 'Centro Fotografia', 'Museo Conte', 'Palazzo della Ragione', 'AMO']",Arena,strategy_nearest,False,0.0026407241821289062,success
04399E4A9C4C81,3,['Arena'],Torre Lamberti,"['Sighseeing', 'Centro Fotografia', 'Museo Conte', 'Casa Giulietta', 'Palazzo della Ragione']",Santa Anastasia,strategy_nearest,False,0.0032320022583007812,success
0439AD4A9C4C81,3,"['Arena', 'Casa Giulietta', 'Santa Anastasia']",Duomo,"['AMO', 'Museo Miniscalchi', 'Teatro Romano', 'Palazzo della Ragione', 'Museo Conte']",Torre Lamberti,strategy_nearest,False,0.0026471614837646484,success
0439B04A9C4C80,3,"['Arena', 'Museo Lapidario', 'Castelvecchio']",Torre Lamberti,"['Sighseeing', 'Centro Fotografia', 'Museo Conte', 'Casa Giulietta', 'Palazzo della Ragione']",Casa Giulietta,strategy_nearest,True,0.0032968521118164062,success
0439AF4A9C4C80,0,"['Arena', 'Castelvecchio']",Duomo,"['AMO', 'Museo Miniscalchi', 'Santa Anastasia', 'Teatro Romano', 'Palazzo della Ragione']",Teatro Romano,strategy_nearest,True,0.002039194107055664,success
0439A0429C4C81,1,['Arena'],Casa Giulietta,"['Centro Fotografia', 'Sighseeing', 'Torre Lamberti', 'Museo Conte', 'Museo Radio']",Palazzo della Ragione,strategy_nearest,False,0.0020759105682373047,success
0439B7429C4C80,3,"['Duomo', 'Santa Anastasia']",Casa Giulietta,"['Centro Fotografia', 'Sighseeing', 'Torre Lamberti', 'Museo Conte', 'Museo Radio']",Castelvecchio,strategy_nearest,False,0.0015380382537841797,success
0439B93A9C4C80,0,['Casa Giulietta'],Torre Lamberti,"['Sighseeing', 'Centro Fotografia', 'Museo Conte', 'Palazzo della Ragione', 'AMO']",Arena,strategy_nearest,False,0.0025789737701416016,success
0439B83A9C4C80,0,['Torre Lamberti'],Duomo,"['AMO', 'Museo Miniscalchi', 'Santa Anastasia', 'Teatro Romano', 'Palazzo della Ragione']",Arena,strategy_nearest,False,0.0021119117736816406,success
0439B14A9C4C81,0,['Arena'],Duomo,"['AMO', 'Museo Miniscalchi', 'Santa Anastasia', 'Teatro Romano', 'Palazzo della Ragione']",Castelvecchio,strategy_nearest,False,0.003962993621826172,success
0439C14A9C4C80,3,"['Torre Lamberti', 'Casa Giulietta']",Santa Anastasia,"['AMO', 'Museo Conte', 'Palazzo della Ragione', 'Teatro Romano', 'Centro Fotografia']",Castelvecchio,strategy_nearest,False,0.0013461112976074219,success
0439C04A9C4C80,0,['Arena'],Santa Anastasia,"['AMO', 'Museo Conte', 'Palazzo della Ragione', 'Teatro Romano', 'Centro Fotografia']",Casa Giulietta,strategy_nearest,False,0.002051830291748047,success
0439C03A9C4C80,1,['Arena'],Casa Giulietta,"['Centro Fotografia', 'Sighseeing', 'Torre Lamberti', 'Museo Conte', 'Museo Radio']",Torre Lamberti,strategy_nearest,True,0.0027179718017578125,success
0439BF3A9C4C80,0,['Arena'],Casa Giulietta,"['Centro Fotografia', 'Sighseeing', 'Torre Lamberti', 'Museo Conte', 'Museo Radio']",San Fermo,strategy_nearest,False,0.0034360885620117188,success
0439C6BA7B3F80,0,['Museo Lapidario'],Castelvecchio,"['Verona Tour', 'Arena', 'Museo Radio', 'San Zeno', 'Sighseeing']",Arena,strategy_nearest,True,0.002229928970336914,success
0439CA3A9C4C80,1,"['Casa Giulietta', 'Torre Lamberti']",Palazzo della Ragione,"['AMO', 'Museo Conte', 'Centro Fotografia', 'Sighseeing', 'Santa Anastasia']",Castelvecchio,strategy_nearest,False,0.0034041404724121094,success
0439CB429C4C80,0,"['Castelvecchio', 'Arena']",Duomo,"['AMO', 'Museo Miniscalchi', 'Santa Anastasia', 'Teatro Romano', 'Palazzo della Ragione']",Torre Lamberti,strategy_nearest,False,0.0032851696014404297,success
0439CA4A9C4C80,0,['Arena'],Casa Giulietta,"['Centro Fotografia', 'Sighseeing', 'Torre Lamberti', 'Museo Conte', 'Museo Radio']",Torre Lamberti,strategy_nearest,True,0.0020570755004882812,success
0439CF4A9C4C80,3,['Arena'],San Zeno,"['Castelvecchio', 'Verona Tour', 'Museo Lapidario', 'Museo Miniscalchi', 'Sighseeing']",Casa Giulietta,strategy_nearest,False,0.0024459362030029297,success
0439CE4A9C4C80,1,"['Arena', 'Museo Lapidario', 'Castelvecchio', 'Duomo']",Teatro Romano,"['Santa Anastasia', 'AMO', 'Palazzo della Ragione', 'Museo Conte', 'Centro Fotografia']",Casa Giulietta,strategy_nearest,False,0.0019409656524658203,success
0439CDBA7B3F80,3,"['Museo Lapidario', 'Castelvecchio']",Arena,"['Verona Tour', 'Museo Radio', 'San Fermo', 'Casa Giulietta', 'Sighseeing']",Santa Anastasia,strategy_nearest,False,0.0025980472564697266,success
0439E0BA7B3F80,0,['Museo Lapidario'],Castelvecchio,"['Verona Tour', 'Arena', 'Museo Radio', 'San Zeno', 'Sighseeing']",Arena,strategy_nearest,True,0.0016851425170898438,success
0439D24A9C4C80,3,['Arena'],Torre Lamberti,"['Sighseeing', 'Centro Fotografia', 'Museo Conte', 'Casa Giulietta', 'Palazzo della Ragione']",Santa Anastasia,strategy_nearest,False,0.003326892852783203,success
0439E8BA7B3F80,0,['Museo Lapidario'],Castelvecchio,"['Verona Tour', 'Arena', 'Museo Radio', 'San Zeno', 'Sighseeing']",Arena,strategy_nearest,True,0.0024750232696533203,success
0439EA429C4C80,3,"['Arena', 'Casa Giulietta', 'Santa Anastasia']",Duomo,"['AMO', 'Museo Miniscalchi', 'Teatro Romano', 'Palazzo della Ragione', 'Museo Conte']",Teatro Romano,strategy_nearest,True,0.0024259090423583984,success
0439EE4A9C4C80,0,['Arena'],Castelvecchio,"['Museo Lapidario', 'Verona Tour', 'Museo Radio', 'San Zeno', 'Sighseeing']",Casa Giulietta,strategy_nearest,False,0.001965045928955078,success
0439EC4A9C4C80,0,['Arena'],Castelvecchio,"['Museo Lapidario', 'Verona Tour', 'Museo Radio', 'San Zeno', 'Sighseeing']",Casa Giulietta,strategy_nearest,False,0.002763986587524414,success
0439F44A9C4C80,3,"['Arena', 'Casa Giulietta']",Torre Lamberti,"['Sighseeing', 'Centro Fotografia', 'Museo Conte', 'Palazzo della Ragione', 'AMO']",Santa Anastasia,strategy_nearest,False,0.002732992172241211,success
0439F83A9C4C80,3,['Castelvecchio'],Arena,"['Verona Tour', 'Museo Lapidario', 'Museo Radio', 'San Fermo', 'Casa Giulietta']",Santa Anastasia,strategy_nearest,False,0.0029828548431396484,success
0439FC4A9C4C80,0,['Arena'],Casa Giulietta,"['Centro Fotografia', 'Sighseeing', 'Torre Lamberti', 'Museo Conte', 'Museo Radio']",Castelvecchio,strategy_nearest,False,0.0024089813232421875,success
0439FF3A9C4C80,0,['Arena'],Torre Lamberti,"['Sighseeing', 'Centro Fotografia', 'Museo Conte', 'Casa Giulietta', 'Palazzo della Ragione']",Casa Giulietta,strategy_nearest,True,0.0029420852661132812,success
043A8B4A9C4C81,3,"['Arena', 'Duomo']",Teatro Romano,"['Santa Anastasia', 'AMO', 'Palazzo della Ragione', 'Museo Conte', 'Centro Fotografia']",Casa Giulietta,strategy_nearest,False,0.0025610923767089844,success
043A40429C4C80,1,"['Arena', 'Palazzo della Ragione']",Torre Lamberti,"['Sighseeing', 'Centro Fotografia', 'Museo Conte', 'Casa Giulietta', 'AMO']",Duomo,strategy_nearest,False,0.0032930374145507812,success
043A8E429C4C81,3,['Arena'],Torre Lamberti,"['Sighseeing', 'Centro Fotografia', 'Museo Conte', 'Casa Giulietta', 'Palazzo della Ragione']",Santa Anastasia,strategy_nearest,False,0.002413034439086914,success
043A8F429C4C81,0,"['Castelvecchio', 'San Zeno']",Arena,"['Verona Tour', 'Museo Lapidario', 'Museo Radio', 'San Fermo', 'Casa Giulietta']",Casa Giulietta,strategy_nearest,True,0.003297090530395508,success
043A934A9C4C81,0,['Castelvecchio'],Arena,"['Verona Tour', 'Museo Lapidario', 'Museo Radio', 'San Fermo', 'Casa Giulietta']",Casa Giulietta,strategy_nearest,True,0.0024919509887695312,success
043A924A9C4C81,0,['Arena'],Casa Giulietta,"['Centro Fotografia', 'Sighseeing', 'Torre Lamberti', 'Museo Conte', 'Museo Radio']",Duomo,strategy_nearest,False,0.003415822982788086,success
043A904A9C4C81,3,"['Arena', 'Casa Giulietta', 'San Fermo']",Torre Lamberti,"['Sighseeing', 'Centro Fotografia', 'Museo Conte', 'Palazzo della Ragione', 'AMO']",Santa Anastasia,strategy_nearest,False,0.002753019332885742,success
043A9E4A9C4C81,0,['Arena'],Casa Giulietta,"['Centro Fotografia', 'Sighseeing', 'Torre Lamberti', 'Museo Conte', 'Museo Radio']",Duomo,strategy_nearest,False,0.002523183822631836,success
043A9A429C4C81,1,"['Arena', 'Casa Giulietta', 'Palazzo della Ragione', 'Torre Lamberti']",Santa Anastasia,"['AMO', 'Museo Conte', 'Teatro Romano', 'Centro Fotografia', 'Duomo']",Duomo,strategy_nearest,True,0.0022258758544921875,success
043A9F4A9C4C81,0,"['Arena', 'Casa Giulietta']",San Fermo,"['Museo Storia', 'Museo Radio', 'Centro Fotografia', 'Sighseeing', 'Torre Lamberti']",Castelvecchio,strategy_nearest,False,0.0025053024291992188,success
043B034A9C4C84,0,['Arena'],Casa Giulietta,"['Centro Fotografia', 'Sighseeing', 'Torre Lamberti', 'Museo Conte', 'Museo Radio']",Torre Lamberti,strategy_nearest,True,0.003256082534790039,success
043AA63A9C4C80,3,"['Torre Lamberti', 'Santa Anastasia']",Duomo,"['AMO', 'Museo Miniscalchi', 'Teatro Romano', 'Palazzo della Ragione', 'Museo Conte']",Arena,strategy_nearest,False,0.003776073455810547,success
043B004A9C4C84,1,"['Arena', 'Casa Giulietta']",Palazzo della Ragione,"['AMO', 'Museo Conte', 'Torre Lamberti', 'Centro Fotografia', 'Sighseeing']",Santa Anastasia,strategy_nearest,False,0.0035598278045654297,success
043B02429C4C84,3,"['Museo Lapidario', 'Castelvecchio', 'Casa Giulietta']",Torre Lamberti,"['Sighseeing', 'Centro Fotografia', 'Museo Conte', 'Palazzo della Ragione', 'AMO']",Arena,strategy_nearest,False,0.0022668838500976562,success
043B393A9C4C80,0,['Torre Lamberti'],Teatro Romano,"['Santa Anastasia', 'Duomo', 'AMO', 'Palazzo della Ragione', 'Museo Conte']",Casa Giulietta,strategy_nearest,False,0.0013289451599121094,success
043B343A9C4C80,3,"['Castelvecchio', 'Arena']",Santa Anastasia,"['AMO', 'Museo Conte', 'Palazzo della Ragione', 'Teatro Romano', 'Centro Fotografia']",Duomo,strategy_nearest,False,0.002170085906982422,success
043B413A9C4C80,0,['Arena'],Casa Giulietta,"['Centro Fotografia', 'Sighseeing', 'Torre Lamberti', 'Museo Conte', 'Museo Radio']",Torre Lamberti,strategy_nearest,True,0.0026552677154541016,success
043B404A9C4C80,3,"['Arena', 'Castelvecchio']",Torre Lamberti,"['Sighseeing', 'Centro Fotografia', 'Museo Conte', 'Casa Giulietta', 'Palazzo della Ragione']",Casa Giulietta,strategy_nearest,True,0.003374814987182617,success
043B494A9C4C80,1,"['Arena', 'Casa Giulietta', 'Tomba Giulietta']",Torre Lamberti,"['Sighseeing', 'Centro Fotografia', 'Museo Conte', 'Palazzo della Ragione', 'AMO']",Palazzo della Ragione,strategy_nearest,True,0.0026559829711914062,success
043B453A9C4C80,0,['Arena'],Museo Lapidario,"['Verona Tour', 'Castelvecchio', 'Museo Radio', 'San Fermo', 'Casa Giulietta']",Casa Giulietta,strategy_nearest,True,0.002429962158203125,success
043B53429C4C80,1,"['Arena', 'Casa Giulietta', 'Palazzo della Ragione', 'Torre Lamberti']",Santa Anastasia,"['AMO', 'Museo Conte', 'Teatro Romano', 'Centro Fotografia', 'Duomo']",Duomo,strategy_nearest,True,0.0026121139526367188,success
043B514A9C4C80,3,"['Arena', 'Casa Giulietta']",Teatro Romano,"['Santa Anastasia', 'Duomo', 'AMO', 'Palazzo della Ragione', 'Museo Conte']",Castelvecchio,strategy_nearest,False,0.003348827362060547,success
043B5A3A9C4C80,3,"['Arena', 'Santa Anastasia']",Duomo,"['AMO', 'Museo Miniscalchi', 'Teatro Romano', 'Palazzo della Ragione', 'Museo Conte']",San Zeno,strategy_nearest,False,0.0032439231872558594,success
043B74429C4C80,3,['Arena'],Santa Anastasia,"['AMO', 'Museo Conte', 'Palazzo della Ragione', 'Teatro Romano', 'Centro Fotografia']",Torre Lamberti,strategy_nearest,False,0.001415252685546875,success
043B593A9C4C80,3,"['Arena', 'Teatro Romano', 'Duomo']",Casa Giulietta,"['Centro Fotografia', 'Sighseeing', 'Torre Lamberti', 'Museo Conte', 'Museo Radio']",Torre Lamberti,strategy_nearest,True,0.0033168792724609375,success
043B7B4A9C4C80,3,"['Castelvecchio', 'Arena', 'Museo Lapidario']",Casa Giulietta,"['Centro Fotografia', 'Sighseeing', 'Torre Lamberti', 'Museo Conte', 'Museo Radio']",Torre Lamberti,strategy_nearest,True,0.003197908401489258,success
043B884A9C4C80,0,"['Arena', 'Casa Giulietta']",Torre Lamberti,"['Sighseeing', 'Centro Fotografia', 'Museo Conte', 'Palazzo della Ragione', 'AMO']",Duomo,strategy_nearest,False,0.004008293151855469,success
043B8BBA7B3F80,0,['Museo Lapidario'],Castelvecchio,"['Verona Tour', 'Arena', 'Museo Radio', 'San Zeno', 'Sighseeing']",Arena,strategy_nearest,True,0.001528024673461914,success
043B954A9C4C80,0,"['Arena', 'Museo Lapidario']",Castelvecchio,"['Verona Tour', 'Museo Radio', 'San Zeno', 'Sighseeing', 'Museo Miniscalchi']",Casa Giulietta,strategy_nearest,False,0.0026879310607910156,success
043B834A9C4C80,0,"['Arena', 'Torre Lamberti']",Casa Giulietta,"['Centro Fotografia', 'Sighseeing', 'Museo Conte', 'Museo Radio', 'Palazzo della Ragione']",San Fermo,strategy_nearest,False,0.0027778148651123047,success
043BA34A9C4C81,1,"['Arena', 'Castelvecchio', 'Teatro Romano', 'Santa Anastasia']",Palazzo della Ragione,"['AMO', 'Museo Conte', 'Torre Lamberti', 'Centro Fotografia', 'Sighseeing']",Torre Lamberti,strategy_nearest,True,0.0019719600677490234,success
043B9B429C4C80,0,"['Casa Giulietta', 'Torre Lamberti']",Arena,"['Verona Tour', 'Museo Lapidario', 'Museo Radio', 'San Fermo', 'Sighseeing']",Duomo,strategy_nearest,False,0.002782106399536133,success
043B954A9C4C81,0,"['Arena', 'Casa Giulietta']",Torre Lamberti,"['Sighseeing', 'Centro Fotografia', 'Museo Conte', 'Palazzo della Ragione', 'AMO']",Castelvecchio,strategy_nearest,False,0.0016379356384277344,success
043B97429C4C80,0,['Arena'],Castelvecchio,"['Museo Lapidario', 'Verona Tour', 'Museo Radio', 'San Zeno', 'Sighseeing']",Casa Giulietta,strategy_nearest,False,0.0035240650177001953,success
043BB3429C4C80,4,"['Arena', 'San Fermo']",Torre Lamberti,"['Sighseeing', 'Centro Fotografia', 'Museo Conte', 'Casa Giulietta', 'Palazzo della Ragione']",Santa Anastasia,strategy_nearest,False,0.0034792423248291016,success
043BBA4A9C4C80,0,['Arena'],Castelvecchio,"['Museo Lapidario', 'Verona Tour', 'Museo Radio', 'San Zeno', 'Sighseeing']",San Zeno,strategy_nearest,True,0.0033690929412841797,success
043BBF3A9C4C80,0,"['Arena', 'Casa Giulietta']",Torre Lamberti,"['Sighseeing', 'Centro Fotografia', 'Museo Conte', 'Palazzo della Ragione', 'AMO']",Castelvecchio,strategy_nearest,False,0.0021178722381591797,success
043BAF4A9C4C80,0,['Arena'],Casa Giulietta,"['Centro Fotografia', 'Sighseeing', 'Torre Lamberti', 'Museo Conte', 'Museo Radio']",Castelvecchio,strategy_nearest,False,0.0023529529571533203,success
043BBF4A9C4C80,3,['Arena'],Santa Anastasia,"['AMO', 'Museo Conte', 'Palazzo della Ragione', 'Teatro Romano', 'Centro Fotografia']",Teatro Romano,strategy_nearest,True,0.0010399818420410156,success
043BCA4A9C4C80,0,['Arena'],Tomba Giulietta,"['San Fermo', 'Museo Storia', 'Museo Lapidario', 'Museo Radio', 'Verona Tour']",Casa Giulietta,strategy_nearest,False,0.0027887821197509766,success
043BD2429C4C80,0,"['Arena', 'Museo Lapidario']",San Zeno,"['Castelvecchio', 'Verona Tour', 'Museo Miniscalchi', 'Sighseeing', 'Museo Radio']",Castelvecchio,strategy_nearest,True,0.0019989013671875,success
043BD63A9C4C80,1,"['Arena', 'San Zeno', 'Torre Lamberti', 'Palazzo della Ragione']",Casa Giulietta,"['Centro Fotografia', 'Sighseeing', 'Museo Conte', 'Museo Radio', 'San Fermo']",Santa Anastasia,strategy_nearest,False,0.0032579898834228516,success
043BDC3A9C4C80,3,"['Arena', 'Santa Anastasia']",Teatro Romano,"['Duomo', 'AMO', 'Palazzo della Ragione', 'Museo Conte', 'Centro Fotografia']",Duomo,strategy_nearest,True,0.0028541088104248047,success
043BEC4A9C4C80,3,"['Arena', 'Castelvecchio', 'Casa Giulietta']",Santa Anastasia,"['AMO', 'Museo Conte', 'Palazzo della Ragione', 'Teatro Romano', 'Centro Fotografia']",Duomo,strategy_nearest,False,0.002146005630493164,success
043BF13A9C4C80,3,"['Arena', 'Torre Lamberti']",Santa Anastasia,"['AMO', 'Museo Conte', 'Palazzo della Ragione', 'Teatro Romano', 'Centro Fotografia']",Duomo,strategy_nearest,False,0.0026807785034179688,success
043BEE4A9C4C80,0,['Arena'],Torre Lamberti,"['Sighseeing', 'Centro Fotografia', 'Museo Conte', 'Casa Giulietta', 'Palazzo della Ragione']",Casa Giulietta,strategy_nearest,True,0.0033369064331054688,success
043BF53A9C4C80,0,['Arena'],Casa Giulietta,"['Centro Fotografia', 'Sighseeing', 'Torre Lamberti', 'Museo Conte', 'Museo Radio']",Torre Lamberti,strategy_nearest,True,0.0032758712768554688,success
043C044A9C4C84,0,"['Arena', 'Casa Giulietta']",Giardino Giusti,"['Santa Anastasia', 'Teatro Romano', 'Museo Conte', 'Centro Fotografia', 'Museo Storia']",Teatro Romano,strategy_nearest,True,0.0027070045471191406,success
043C004A9C4C84,0,"['Arena', 'Casa Giulietta']",Torre Lamberti,"['Sighseeing', 'Centro Fotografia', 'Museo Conte', 'Palazzo della Ragione', 'AMO']",Tomba Giulietta,strategy_nearest,False,0.0034210681915283203,success
043C0A4A9C4C84,1,"['Arena', 'Torre Lamberti']",Palazzo della Ragione,"['AMO', 'Museo Conte', 'Centro Fotografia', 'Sighseeing', 'Santa Anastasia']",Casa Giulietta,strategy_nearest,False,0.0038919448852539062,success
043C0B4A9C4C84,2,['Casa Giulietta'],Torre Lamberti,"['Sighseeing', 'Centro Fotografia', 'Museo Conte', 'Palazzo della Ragione', 'AMO']",Santa Anastasia,strategy_nearest,False,0.0013899803161621094,success
043C0C429C4C84,3,"['Torre Lamberti', 'Santa Anastasia']",Casa Giulietta,"['Centro Fotografia', 'Sighseeing', 'Museo Conte', 'Museo Radio', 'Palazzo della Ragione']",San Fermo,strategy_nearest,False,0.002808094024658203,success
043C314A9C4C80,3,"['Arena', 'San Fermo', 'Santa Anastasia']",Duomo,"['AMO', 'Museo Miniscalchi', 'Teatro Romano', 'Palazzo della Ragione', 'Museo Conte']",Castelvecchio,strategy_nearest,False,0.0026340484619140625,success
043C2A3A9C4C80,0,['Castelvecchio'],San Zeno,"['Verona Tour', 'Museo Lapidario', 'Arena', 'Museo Miniscalchi', 'Sighseeing']",Arena,strategy_nearest,True,0.0015599727630615234,success
043C0C4A9C4C84,2,['Castelvecchio'],Casa Giulietta,"['Centro Fotografia', 'Sighseeing', 'Torre Lamberti', 'Museo Conte', 'Museo Radio']",Santa Anastasia,strategy_nearest,False,0.003426074981689453,success
043C5F429C4C80,0,"['Torre Lamberti', 'Casa Giulietta']",Arena,"['Verona Tour', 'Museo Lapidario', 'Museo Radio', 'San Fermo', 'Sighseeing']",Castelvecchio,strategy_nearest,False,0.002029895782470703,success
043C4D3A9C4C80,3,"['San Zeno', 'Duomo', 'Santa Anastasia']",San Fermo,"['Museo Storia', 'Museo Radio', 'Casa Giulietta', 'Centro Fotografia', 'Arena']",Arena,strategy_nearest,True,0.002804994583129883,success
043C3F429C4C80,3,"['Arena', 'Museo Lapidario']",Castelvecchio,"['Verona Tour', 'Museo Radio', 'San Zeno', 'Sighseeing', 'Museo Miniscalchi']",Santa Anastasia,strategy_nearest,False,0.004621028900146484,success
043C593A9C4C80,1,"['Museo Lapidario', 'Palazzo della Ragione']",Arena,"['Verona Tour', 'Museo Radio', 'San Fermo', 'Casa Giulietta', 'Sighseeing']",Casa Giulietta,strategy_nearest,True,0.001519918441772461,success
043C754A9C4C80,0,['Arena'],Casa Giulietta,"['Centro Fotografia', 'Sighseeing', 'Torre Lamberti', 'Museo Conte', 'Museo Radio']",Duomo,strategy_nearest,False,0.0021080970764160156,success
043C843A9C4C80,0,"['Arena', 'Casa Giulietta']",Torre Lamberti,"['Sighseeing', 'Centro Fotografia', 'Museo Conte', 'Palazzo della Ragione', 'AMO']",Castelvecchio,strategy_nearest,False,0.001363992691040039,success
043C74429C4C80,3,"['Arena', 'Casa Giulietta']",Torre Lamberti,"['Sighseeing', 'Centro Fotografia', 'Museo Conte', 'Palazzo della Ragione', 'AMO']",Santa Anastasia,strategy_nearest,False,0.002794027328491211,success
043C733A9C4C80,0,"['Museo Lapidario', 'Arena']",Tomba Giulietta,"['San Fermo', 'Museo Storia', 'Museo Radio', 'Verona Tour', 'Casa Giulietta']",San Fermo,strategy_nearest,True,0.0034668445587158203,success
043C91429C4C80,3,"['Arena', 'Santa Anastasia']",Duomo,"['AMO', 'Museo Miniscalchi', 'Teatro Romano', 'Palazzo della Ragione', 'Museo Conte']",San Zeno,strategy_nearest,False,0.0021224021911621094,success
043C8F4A9C4C80,3,['Arena'],Santa Anastasia,"['AMO', 'Museo Conte', 'Palazzo della Ragione', 'Teatro Romano', 'Centro Fotografia']",Duomo,strategy_nearest,False,0.003371000289916992,success
043C8B4A9C4C80,2,['Museo Lapidario'],Castelvecchio,"['Verona Tour', 'Arena', 'Museo Radio', 'San Zeno', 'Sighseeing']",Casa Giulietta,strategy_nearest,False,0.004042863845825195,success
043C924A9C4C80,2,['Museo Lapidario'],Castelvecchio,"['Verona Tour', 'Arena', 'Museo Radio', 'San Zeno', 'Sighseeing']",Casa Giulietta,strategy_nearest,False,0.0014050006866455078,success
043CAD4A9C4C80,3,"['Arena', 'Casa Giulietta', 'Torre Lamberti']",Santa Anastasia,"['AMO', 'Museo Conte', 'Palazzo della Ragione', 'Teatro Romano', 'Centro Fotografia']",Duomo,strategy_nearest,False,0.0022728443145751953,success
043C944A9C4C80,0,['Arena'],Casa Giulietta,"['Centro Fotografia', 'Sighseeing', 'Torre Lamberti', 'Museo Conte', 'Museo Radio']",Castelvecchio,strategy_nearest,False,0.002897024154663086,success
043C99429C4C80,1,"['Casa Giulietta', 'Santa Anastasia']",Duomo,"['AMO', 'Museo Miniscalchi', 'Teatro Romano', 'Palazzo della Ragione', 'Museo Conte']",Palazzo della Ragione,strategy_nearest,True,0.003493070602416992,success
043CAF4A9C4C80,0,['Arena'],Castelvecchio,"['Museo Lapidario', 'Verona Tour', 'Museo Radio', 'San Zeno', 'Sighseeing']",Casa Giulietta,strategy_nearest,False,0.0015017986297607422,success
043CB6429C4C80,0,"['Arena', 'Museo Lapidario', 'Castelvecchio']",Torre Lamberti,"['Sighseeing', 'Centro Fotografia', 'Museo Conte', 'Casa Giulietta', 'Palazzo della Ragione']",Casa Giulietta,strategy_nearest,True,0.002741098403930664,success
043CB84A9C4C80,1,"['Arena', 'Museo Lapidario']",Casa Giulietta,"['Centro Fotografia', 'Sighseeing', 'Torre Lamberti', 'Museo Conte', 'Museo Radio']",Torre Lamberti,strategy_nearest,True,0.0031681060791015625,success
043CB73A9C4C80,1,"['Arena', 'Casa Giulietta', 'Teatro Romano']",Torre Lamberti,"['Sighseeing', 'Centro Fotografia', 'Museo Conte', 'Palazzo della Ragione', 'AMO']",Palazzo della Ragione,strategy_nearest,True,0.0021321773529052734,success
043CB63A9C4C80,0,"['Casa Giulietta', 'San Fermo']",Arena,"['Verona Tour', 'Museo Lapidario', 'Museo Radio', 'Sighseeing', 'Castelvecchio']",Castelvecchio,strategy_nearest,True,0.001622915267944336,success
043CBC4A9C4C80,3,"['Arena', 'Casa Giulietta']",Torre Lamberti,"['Sighseeing', 'Centro Fotografia', 'Museo Conte', 'Palazzo della Ragione', 'AMO']",Santa Anastasia,strategy_nearest,False,0.002198934555053711,success
043CC84A9C4C80,2,"['Castelvecchio', 'Casa Giulietta']",Museo Storia,"['San Fermo', 'Museo Radio', 'Centro Fotografia', 'Tomba Giulietta', 'Arena']",San Fermo,strategy_nearest,True,0.0027031898498535156,success
043CC74A9C4C80,2,['Castelvecchio'],Santa Anastasia,"['AMO', 'Museo Conte', 'Palazzo della Ragione', 'Teatro Romano', 'Centro Fotografia']",Duomo,strategy_nearest,False,0.0015459060668945312,success
043CBA4A9C4C80,0,['Arena'],Casa Giulietta,"['Centro Fotografia', 'Sighseeing', 'Torre Lamberti', 'Museo Conte', 'Museo Radio']",Santa Anastasia,strategy_nearest,False,0.003994941711425781,success
043CE83A9C4C80,3,"['Arena', 'Torre Lamberti']",Santa Anastasia,"['AMO', 'Museo Conte', 'Palazzo della Ragione', 'Teatro Romano', 'Centro Fotografia']",Duomo,strategy_nearest,False,0.002051830291748047,success
043CDC3A9C4C80,0,['Casa Giulietta'],Torre Lamberti,"['Sighseeing', 'Centro Fotografia', 'Museo Conte', 'Palazzo della Ragione', 'AMO']",Arena,strategy_nearest,False,0.0016219615936279297,success
043CE53A9C4C80,1,"['Arena', 'Castelvecchio']",Casa Giulietta,"['Centro Fotografia', 'Sighseeing', 'Torre Lamberti', 'Museo Conte', 'Museo Radio']",Palazzo della Ragione,strategy_nearest,False,0.0033888816833496094,success
043CE1429C4C80,3,"['Teatro Romano', 'Giardino Giusti', 'Santa Anastasia']",Duomo,"['AMO', 'Museo Miniscalchi', 'Palazzo della Ragione', 'Museo Conte', 'Torre Lamberti']",Torre Lamberti,strategy_nearest,True,0.0028200149536132812,success
043CF53A9C4C80,1,"['Arena', 'Palazzo della Ragione', 'Torre Lamberti']",Casa Giulietta,"['Centro Fotografia', 'Sighseeing', 'Museo Conte', 'Museo Radio', 'San Fermo']",Santa Anastasia,strategy_nearest,False,0.001528024673461914,success
043CE8429C4C80,3,"['Arena', 'Santa Anastasia', 'San Fermo']",Castelvecchio,"['Museo Lapidario', 'Verona Tour', 'Museo Radio', 'San Zeno', 'Sighseeing']",San Zeno,strategy_nearest,True,0.00398707389831543,success
043CFB3A9C4C80,0,['Castelvecchio'],Casa Giulietta,"['Centro Fotografia', 'Sighseeing', 'Torre Lamberti', 'Museo Conte', 'Museo Radio']",Arena,strategy_nearest,False,0.0019829273223876953,success
043CF04A9C4C80,1,"['Arena', 'Casa Giulietta']",Tomba Giulietta,"['San Fermo', 'Museo Storia', 'Museo Lapidario', 'Museo Radio', 'Verona Tour']",Palazzo della Ragione,strategy_nearest,False,0.003385782241821289,success
043D024A9C4C84,3,"['Arena', 'Torre Lamberti', 'Santa Anastasia']",Teatro Romano,"['Duomo', 'AMO', 'Palazzo della Ragione', 'Museo Conte', 'Centro Fotografia']",Duomo,strategy_nearest,True,0.0027217864990234375,success
043CFF4A9C4C80,1,"['Teatro Romano', 'Giardino Giusti', 'Santa Anastasia']",Palazzo della Ragione,"['AMO', 'Museo Conte', 'Torre Lamberti', 'Centro Fotografia', 'Sighseeing']",Casa Giulietta,strategy_nearest,False,0.0023093223571777344,success
043D013A9C4C84,3,"['San Zeno', 'Castelvecchio']",Arena,"['Verona Tour', 'Museo Lapidario', 'Museo Radio', 'San Fermo', 'Casa Giulietta']",Casa Giulietta,strategy_nearest,True,0.003498077392578125,success
043D044A9C4C84,0,['Arena'],Casa Giulietta,"['Centro Fotografia', 'Sighseeing', 'Torre Lamberti', 'Museo Conte', 'Museo Radio']",Torre Lamberti,strategy_nearest,True,0.0014290809631347656,success
043D06429C4C84,0,['Arena'],Casa Giulietta,"['Centro Fotografia', 'Sighseeing', 'Torre Lamberti', 'Museo Conte', 'Museo Radio']",Torre Lamberti,strategy_nearest,True,0.003309965133666992,success
043D094A9C4C84,3,"['Teatro Romano', 'Duomo']",Torre Lamberti,"['Sighseeing', 'Centro Fotografia', 'Museo Conte', 'Casa Giulietta', 'Palazzo della Ragione']",Casa Giulietta,strategy_nearest,True,0.0020918846130371094,success
043D08429C4C84,0,['Arena'],Casa Giulietta,"['Centro Fotografia', 'Sighseeing', 'Torre Lamberti', 'Museo Conte', 'Museo Radio']",Torre Lamberti,strategy_nearest,True,0.0015158653259277344,success
043D0B4A9C4C84,3,"['Arena', 'Casa Giulietta']",Teatro Romano,"['Santa Anastasia', 'Duomo', 'AMO', 'Palazzo della Ragione', 'Museo Conte']",Santa Anastasia,strategy_nearest,True,0.003148794174194336,success
043D323A9C4C80,3,"['Arena', 'Castelvecchio']",Torre Lamberti,"['Sighseeing', 'Centro Fotografia', 'Museo Conte', 'Casa Giulietta', 'Palazzo della Ragione']",Teatro Romano,strategy_nearest,False,0.0019571781158447266,success
043D2A429C4C80,2,['Casa Giulietta'],San Fermo,"['Museo Storia', 'Museo Radio', 'Centro Fotografia', 'Arena', 'Sighseeing']",Tomba Giulietta,strategy_nearest,False,0.0015459060668945312,success
043D0E429C4C84,0,['Arena'],Casa Giulietta,"['Centro Fotografia', 'Sighseeing', 'Torre Lamberti', 'Museo Conte', 'Museo Radio']",Torre Lamberti,strategy_nearest,True,0.0027518272399902344,success
043D0D4A9C4C84,3,"['Arena', 'Museo Lapidario', 'Castelvecchio', 'Santa Anastasia']",Duomo,"['AMO', 'Museo Miniscalchi', 'Teatro Romano', 'Palazzo della Ragione', 'Museo Conte']",Teatro Romano,strategy_nearest,True,0.004071950912475586,success
043D404A9C4C80,3,"['Arena', 'Tomba Giulietta']",San Fermo,"['Museo Storia', 'Museo Radio', 'Casa Giulietta', 'Centro Fotografia', 'Sighseeing']",Casa Giulietta,strategy_nearest,True,0.003145933151245117,success
043D433A9C4C80,3,['San Zeno'],Arena,"['Verona Tour', 'Museo Lapidario', 'Museo Radio', 'San Fermo', 'Casa Giulietta']",Torre Lamberti,strategy_nearest,False,0.002569913864135742,success
043D483A9C4C80,3,"['Teatro Romano', 'Castelvecchio', 'Arena']",Museo Lapidario,"['Verona Tour', 'Museo Radio', 'San Fermo', 'Casa Giulietta', 'Tomba Giulietta']",San Zeno,strategy_nearest,False,0.0031812191009521484,success
043D45429C4C80,2,['San Fermo'],Casa Giulietta,"['Centro Fotografia', 'Sighseeing', 'Torre Lamberti', 'Museo Conte', 'Museo Radio']",Santa Anastasia,strategy_nearest,False,0.0012979507446289062,success
043D7E4A9C4C80,3,"['Torre Lamberti', 'Santa Anastasia']",Duomo,"['AMO', 'Museo Miniscalchi', 'Teatro Romano', 'Palazzo della Ragione', 'Museo Conte']",Teatro Romano,strategy_nearest,True,0.0012412071228027344,success
043D7D4A9C4C80,0,['Casa Giulietta'],Arena,"['Verona Tour', 'Museo Lapidario', 'Museo Radio', 'San Fermo', 'Sighseeing']",Torre Lamberti,strategy_nearest,False,0.0026988983154296875,success
043D863A9C4C80,3,"['Arena', 'Casa Giulietta']",Santa Anastasia,"['AMO', 'Museo Conte', 'Palazzo della Ragione', 'Teatro Romano', 'Centro Fotografia']",Duomo,strategy_nearest,False,0.0033180713653564453,success
043D79429C4C80,0,['Tomba Giulietta'],Arena,"['Verona Tour', 'Museo Lapidario', 'Museo Radio', 'San Fermo', 'Casa Giulietta']",Casa Giulietta,strategy_nearest,True,0.003361940383911133,success
043D8A4A9C4C80,3,"['Arena', 'Museo Lapidario', 'Castelvecchio']",Duomo,"['AMO', 'Museo Miniscalchi', 'Santa Anastasia', 'Teatro Romano', 'Palazzo della Ragione']",Teatro Romano,strategy_nearest,True,0.0018570423126220703,success
043D8C3A9C4C80,1,"['San Fermo', 'Casa Giulietta', 'Palazzo della Ragione']",Torre Lamberti,"['Sighseeing', 'Centro Fotografia', 'Museo Conte', 'AMO', 'Museo Miniscalchi']",Arena,strategy_nearest,False,0.0025649070739746094,success
043DB04A9C4C80,1,"['Arena', 'Casa Giulietta']",Torre Lamberti,"['Sighseeing', 'Centro Fotografia', 'Museo Conte', 'Palazzo della Ragione', 'AMO']",Palazzo della Ragione,strategy_nearest,True,0.002440929412841797,success
043D944A9C4C80,0,['Arena'],Santa Anastasia,"['AMO', 'Museo Conte', 'Palazzo della Ragione', 'Teatro Romano', 'Centro Fotografia']",Casa Giulietta,strategy_nearest,False,0.0032949447631835938,success
043DBA4A9C4C80,3,"['Arena', 'San Fermo']",Torre Lamberti,"['Sighseeing', 'Centro Fotografia', 'Museo Conte', 'Casa Giulietta', 'Palazzo della Ragione']",Santa Anastasia,strategy_nearest,False,0.0017919540405273438,success
043DC94A9C4C80,0,"['Arena', 'Museo Lapidario']",Casa Giulietta,"['Centro Fotografia', 'Sighseeing', 'Torre Lamberti', 'Museo Conte', 'Museo Radio']",Torre Lamberti,strategy_nearest,True,0.0032320022583007812,success
043DB63A9C4C80,1,"['Arena', 'Palazzo della Ragione']",Santa Anastasia,"['AMO', 'Museo Conte', 'Teatro Romano', 'Centro Fotografia', 'Duomo']",Casa Giulietta,strategy_nearest,False,0.003462076187133789,success
043DBD3A9C4C80,1,"['Arena', 'Palazzo della Ragione']",Torre Lamberti,"['Sighseeing', 'Centro Fotografia', 'Museo Conte', 'Casa Giulietta', 'AMO']",Casa Giulietta,strategy_nearest,True,0.002730131149291992,success
043DD04A9C4C80,3,"['Arena', 'Casa Giulietta', 'Torre Lamberti']",Santa Anastasia,"['AMO', 'Museo Conte', 'Palazzo della Ragione', 'Teatro Romano', 'Centro Fotografia']",Duomo,strategy_nearest,False,0.0018818378448486328,success
043DCC4A9C4C80,0,['Arena'],Casa Giulietta,"['Centro Fotografia', 'Sighseeing', 'Torre Lamberti', 'Museo Conte', 'Museo Radio']",Torre Lamberti,strategy_nearest,True,0.001470804214477539,success
043DDD429C4C80,0,['Arena'],Casa Giulietta,"['Centro Fotografia', 'Sighseeing', 'Torre Lamberti', 'Museo Conte', 'Museo Radio']",Castelvecchio,strategy_nearest,False,0.0033159255981445312,success
043DCD4A9C4C80,3,"['Castelvecchio', 'Duomo', 'Teatro Romano']",Santa Anastasia,"['AMO', 'Museo Conte', 'Palazzo della Ragione', 'Centro Fotografia', 'Torre Lamberti']",Casa Giulietta,strategy_nearest,False,0.0028569698333740234,success
043DEF3A9C4C80,3,"['Arena', 'Torre Lamberti']",Santa Anastasia,"['AMO', 'Museo Conte', 'Palazzo della Ragione', 'Teatro Romano', 'Centro Fotografia']",Duomo,strategy_nearest,False,0.0027298927307128906,success
043DEB429C4C80,3,"['Arena', 'Castelvecchio', 'San Zeno']",San Fermo,"['Museo Storia', 'Museo Radio', 'Casa Giulietta', 'Centro Fotografia', 'Sighseeing']",Casa Giulietta,strategy_nearest,True,0.004667758941650391,success
043DF04A9C4C80,1,"['Arena', 'Casa Giulietta']",Palazzo della Ragione,"['AMO', 'Museo Conte', 'Torre Lamberti', 'Centro Fotografia', 'Sighseeing']",Teatro Romano,strategy_nearest,False,0.0014178752899169922,success
043DED429C4C80,1,"['Arena', 'Museo Lapidario', 'Castelvecchio', 'Torre Lamberti', 'Palazzo della Ragione']",Casa Giulietta,"['Centro Fotografia', 'Sighseeing', 'Museo Conte', 'Museo Radio', 'San Fermo']",Tomba Giulietta,strategy_nearest,False,0.0021622180938720703,success
043DFD429C4C80,3,['Santa Anastasia'],Casa Giulietta,"['Centro Fotografia', 'Sighseeing', 'Torre Lamberti', 'Museo Conte', 'Museo Radio']",San Fermo,strategy_nearest,False,0.0021409988403320312,success
043DFB429C4C80,3,"['Arena', 'Torre Lamberti']",Casa Giulietta,"['Centro Fotografia', 'Sighseeing', 'Museo Conte', 'Museo Radio', 'Palazzo della Ragione']",Tomba Giulietta,strategy_nearest,False,0.0015711784362792969,success
043DFB3A9C4C80,1,"['Tomba Giulietta', 'Arena']",Torre Lamberti,"['Sighseeing', 'Centro Fotografia', 'Museo Conte', 'Casa Giulietta', 'Palazzo della Ragione']",Palazzo della Ragione,strategy_nearest,True,0.002846956253051758,success
043E004A9C4C84,3,"['Arena', 'Torre Lamberti']",Casa Giulietta,"['Centro Fotografia', 'Sighseeing', 'Museo Conte', 'Museo Radio', 'Palazzo della Ragione']",Santa Anastasia,strategy_nearest,False,0.0032570362091064453,success
043E0E4A9C4C84,3,"['Arena', 'Torre Lamberti']",Santa Anastasia,"['AMO', 'Museo Conte', 'Palazzo della Ragione', 'Teatro Romano', 'Centro Fotografia']",Duomo,strategy_nearest,False,0.0014791488647460938,success
043E044A9C4C84,1,"['Arena', 'Casa Giulietta', 'Palazzo della Ragione', 'Torre Lamberti']",Santa Anastasia,"['AMO', 'Museo Conte', 'Teatro Romano', 'Centro Fotografia', 'Duomo']",Duomo,strategy_nearest,True,0.0028078556060791016,success
043E294A9C4C80,3,"['Arena', 'Casa Giulietta', 'San Zeno']",Castelvecchio,"['Museo Lapidario', 'Verona Tour', 'Museo Radio', 'Sighseeing', 'Museo Miniscalchi']",Torre Lamberti,strategy_nearest,False,0.00315093994140625,success
043E024A9C4C84,3,['Arena'],Santa Anastasia,"['AMO', 'Museo Conte', 'Palazzo della Ragione', 'Teatro Romano', 'Centro Fotografia']",Duomo,strategy_nearest,False,0.002270936965942383,success
043E3B3A9C4C80,2,"['Casa Giulietta', 'Torre Lamberti', 'Santa Anastasia']",Teatro Romano,"['Duomo', 'AMO', 'Palazzo della Ragione', 'Museo Conte', 'Centro Fotografia']",Giardino Giusti,strategy_nearest,False,0.0027740001678466797,success
043E754A9C4C80,0,"['Arena', 'Castelvecchio']",Casa Giulietta,"['Centro Fotografia', 'Sighseeing', 'Torre Lamberti', 'Museo Conte', 'Museo Radio']",Teatro Romano,strategy_nearest,False,0.0013580322265625,success
043E3D429C4C80,0,['Museo Lapidario'],Arena,"['Verona Tour', 'Museo Radio', 'San Fermo', 'Casa Giulietta', 'Sighseeing']",Teatro Romano,strategy_nearest,False,0.002165079116821289,success
043E534A9C4C80,0,['Arena'],Casa Giulietta,"['Centro Fotografia', 'Sighseeing', 'Torre Lamberti', 'Museo Conte', 'Museo Radio']",Torre Lamberti,strategy_nearest,True,0.003339052200317383,success
043E7B4A9C4C80,1,"['Teatro Romano', 'Santa Anastasia']",Palazzo della Ragione,"['AMO', 'Museo Conte', 'Torre Lamberti', 'Centro Fotografia', 'Sighseeing']",Torre Lamberti,strategy_nearest,True,0.0013318061828613281,success
043E7C4A9C4C80,3,"['Arena', 'San Fermo']",Casa Giulietta,"['Centro Fotografia', 'Sighseeing', 'Torre Lamberti', 'Museo Conte', 'Museo Radio']",Santa Anastasia,strategy_nearest,False,0.0026361942291259766,success
043E7B429C4C80,3,"['Tomba Giulietta', 'Arena', 'Casa Giulietta']",Torre Lamberti,"['Sighseeing', 'Centro Fotografia', 'Museo Conte', 'Palazzo della Ragione', 'AMO']",Santa Anastasia,strategy_nearest,False,0.0034770965576171875,success
043E764A9C4C80,3,"['Arena', 'Casa Giulietta', 'Torre Lamberti']",Santa Anastasia,"['AMO', 'Museo Conte', 'Palazzo della Ragione', 'Teatro Romano', 'Centro Fotografia']",Teatro Romano,strategy_nearest,True,0.0028810501098632812,success
043E8D3A9C4C80,2,['Casa Giulietta'],Santa Anastasia,"['AMO', 'Museo Conte', 'Palazzo della Ragione', 'Teatro Romano', 'Centro Fotografia']",Duomo,strategy_nearest,False,0.0027480125427246094,success
043EA24A9C4C80,0,['Arena'],Teatro Romano,"['Santa Anastasia', 'Duomo', 'AMO', 'Palazzo della Ragione', 'Museo Conte']",Duomo,strategy_nearest,True,0.002293825149536133,success
043E944A9C4C80,3,"['Arena', 'Castelvecchio']",Torre Lamberti,"['Sighseeing', 'Centro Fotografia', 'Museo Conte', 'Casa Giulietta', 'Palazzo della Ragione']",Casa Giulietta,strategy_nearest,True,0.0023431777954101562,success
043E9A429C4C80,0,"['Teatro Romano', 'Torre Lamberti']",Casa Giulietta,"['Centro Fotografia', 'Sighseeing', 'Museo Conte', 'Museo Radio', 'Palazzo della Ragione']",Castelvecchio,strategy_nearest,False,0.002485990524291992,success
043EA5429C4C80,1,"['Arena', 'Museo Lapidario']",Torre Lamberti,"['Sighseeing', 'Centro Fotografia', 'Museo Conte', 'Casa Giulietta', 'Palazzo della Ragione']",Palazzo della Ragione,strategy_nearest,True,0.0031561851501464844,success
043EAC4A9C4C80,2,"['Castelvecchio', 'San Zeno']",Duomo,"['AMO', 'Museo Miniscalchi', 'Santa Anastasia', 'Teatro Romano', 'Palazzo della Ragione']",Palazzo della Ragione,strategy_nearest,True,0.0019779205322265625,success
043EA54A9C4C80,1,"['Arena', 'Castelvecchio', 'Torre Lamberti', 'Palazzo della Ragione']",Casa Giulietta,"['Centro Fotografia', 'Sighseeing', 'Museo Conte', 'Museo Radio', 'San Fermo']",Santa Anastasia,strategy_nearest,False,0.0027341842651367188,success
043EB34A9C4C80,1,"['Arena', 'Casa Giulietta', 'Torre Lamberti']",Palazzo della Ragione,"['AMO', 'Museo Conte', 'Centro Fotografia', 'Sighseeing', 'Santa Anastasia']",Santa Anastasia,strategy_nearest,True,0.0031249523162841797,success
043EBE4A9C4C80,3,['Castelvecchio'],Arena,"['Verona Tour', 'Museo Lapidario', 'Museo Radio', 'San Fermo', 'Casa Giulietta']",Santa Anastasia,strategy_nearest,False,0.0025789737701416016,success
043EB4429C4C80,0,['Castelvecchio'],Arena,"['Verona Tour', 'Museo Lapidario', 'Museo Radio', 'San Fermo', 'Casa Giulietta']",Casa Giulietta,strategy_nearest,True,0.002833127975463867,success
043EBC4A9C4C80,0,"['Arena', 'Museo Lapidario']",Casa Giulietta,"['Centro Fotografia', 'Sighseeing', 'Torre Lamberti', 'Museo Conte', 'Museo Radio']",Museo Storia,strategy_nearest,False,0.0015468597412109375,success
043EB54A9C4C80,1,"['Arena', 'Casa Giulietta', 'Santa Anastasia']",Duomo,"['AMO', 'Museo Miniscalchi', 'Teatro Romano', 'Palazzo della Ragione', 'Museo Conte']",Teatro Romano,strategy_nearest,True,0.0033788681030273438,success
043EDC429C4C80,3,"['Museo Lapidario', 'Castelvecchio', 'Arena']",Casa Giulietta,"['Centro Fotografia', 'Sighseeing', 'Torre Lamberti', 'Museo Conte', 'Museo Radio']",Torre Lamberti,strategy_nearest,True,0.0020568370819091797,success
043ECC4A9C4C80,0,"['Arena', 'Casa Giulietta']",Duomo,"['AMO', 'Museo Miniscalchi', 'Santa Anastasia', 'Teatro Romano', 'Palazzo della Ragione']",Teatro Romano,strategy_nearest,True,0.001538991928100586,success
043EBF4A9C4C80,0,"['Arena', 'Torre Lamberti']",Casa Giulietta,"['Centro Fotografia', 'Sighseeing', 'Museo Conte', 'Museo Radio', 'Palazzo della Ragione']",Castelvecchio,strategy_nearest,False,0.003937721252441406,success
043EC74A9C4C80,0,"['Arena', 'Castelvecchio']",Casa Giulietta,"['Centro Fotografia', 'Sighseeing', 'Torre Lamberti', 'Museo Conte', 'Museo Radio']",Torre Lamberti,strategy_nearest,True,0.002768993377685547,success
043EE94A9C4C80,3,"['Arena', 'Casa Giulietta']",Museo Storia,"['San Fermo', 'Museo Radio', 'Centro Fotografia', 'Tomba Giulietta', 'Torre Lamberti']",San Fermo,strategy_nearest,True,0.003319978713989258,success
043EDF429C4C80,2,['Casa Giulietta'],San Fermo,"['Museo Storia', 'Museo Radio', 'Centro Fotografia', 'Arena', 'Sighseeing']",Santa Anastasia,strategy_nearest,False,0.0027887821197509766,success
043EF14A9C4C80,0,['San Fermo'],Casa Giulietta,"['Centro Fotografia', 'Sighseeing', 'Torre Lamberti', 'Museo Conte', 'Museo Radio']",Duomo,strategy_nearest,False,0.0015370845794677734,success
043EF33A9C4C80,1,"['Arena', 'Santa Anastasia', 'Duomo', 'Teatro Romano']",Palazzo della Ragione,"['AMO', 'Museo Conte', 'Torre Lamberti', 'Centro Fotografia', 'Sighseeing']",Torre Lamberti,strategy_nearest,True,0.0019638538360595703,success
043EF8429C4C80,3,"['Casa Giulietta', 'Arena']",Duomo,"['AMO', 'Museo Miniscalchi', 'Santa Anastasia', 'Teatro Romano', 'Palazzo della Ragione']",Santa Anastasia,strategy_nearest,True,0.002074003219604492,success
043EF54A9C4C80,0,"['Arena', 'Casa Giulietta']",Torre Lamberti,"['Sighseeing', 'Centro Fotografia', 'Museo Conte', 'Palazzo della Ragione', 'AMO']",Duomo,strategy_nearest,False,0.002721071243286133,success
043EFD4A9C4C80,2,['Casa Giulietta'],Santa Anastasia,"['AMO', 'Museo Conte', 'Palazzo della Ragione', 'Teatro Romano', 'Centro Fotografia']",Castelvecchio,strategy_nearest,False,0.0032491683959960938,success
043EFE4A9C4C80,1,"['Arena', 'Casa Giulietta']",San Fermo,"['Museo Storia', 'Museo Radio', 'Centro Fotografia', 'Sighseeing', 'Torre Lamberti']",Palazzo della Ragione,strategy_nearest,False,0.0014121532440185547,success
043F044A9C4C84,0,['Castelvecchio'],Arena,"['Verona Tour', 'Museo Lapidario', 'Museo Radio', 'San Fermo', 'Casa Giulietta']",Casa Giulietta,strategy_nearest,True,0.0033903121948242188,success
043F0D4A9C4C84,1,"['Arena', 'Casa Giulietta', 'Torre Lamberti']",Palazzo della Ragione,"['AMO', 'Museo Conte', 'Centro Fotografia', 'Sighseeing', 'Santa Anastasia']",Santa Anastasia,strategy_nearest,True,0.002638101577758789,success
043F024A9C4C84,1,"['Arena', 'Torre Lamberti', 'Palazzo della Ragione']",Casa Giulietta,"['Centro Fotografia', 'Sighseeing', 'Museo Conte', 'Museo Radio', 'San Fermo']",San Fermo,strategy_nearest,True,0.002151012420654297,success
043F00429C4C84,2,['Torre Lamberti'],Teatro Romano,"['Santa Anastasia', 'Duomo', 'AMO', 'Palazzo della Ragione', 'Museo Conte']",San Zeno,strategy_nearest,False,0.002674102783203125,success
043F0E429C4C84,1,"['Casa Giulietta', 'Torre Lamberti', 'Palazzo della Ragione', 'Teatro Romano']",San Fermo,"['Museo Storia', 'Museo Radio', 'Centro Fotografia', 'Arena', 'Sighseeing']",Tomba Giulietta,strategy_nearest,False,0.0019941329956054688,success
043F2A429C4C80,2,['Castelvecchio'],Torre Lamberti,"['Sighseeing', 'Centro Fotografia', 'Museo Conte', 'Casa Giulietta', 'Palazzo della Ragione']",Casa Giulietta,strategy_nearest,True,0.0013611316680908203,success
043F2D3A9C4C80,3,"['Castelvecchio', 'San Fermo']",Tomba Giulietta,"['Museo Storia', 'Arena', 'Museo Lapidario', 'Museo Radio', 'Verona Tour']",Arena,strategy_nearest,True,0.003267049789428711,success
043F0E4A9C4C84,0,['Castelvecchio'],Casa Giulietta,"['Centro Fotografia', 'Sighseeing', 'Torre Lamberti', 'Museo Conte', 'Museo Radio']",Tomba Giulietta,strategy_nearest,False,0.0028188228607177734,success
043F2F429C4C80,0,['Casa Giulietta'],Arena,"['Verona Tour', 'Museo Lapidario', 'Museo Radio', 'San Fermo', 'Sighseeing']",Castelvecchio,strategy_nearest,False,0.002312898635864258,success
043F3B3A9C4C80,1,"['San Zeno', 'Arena', 'Casa Giulietta', 'Teatro Romano', 'Duomo']",Santa Anastasia,"['AMO', 'Museo Conte', 'Palazzo della Ragione', 'Centro Fotografia', 'Torre Lamberti']",Torre Lamberti,strategy_nearest,True,0.0020837783813476562,success
043F30429C4C80,0,['Arena'],Santa Anastasia,"['AMO', 'Museo Conte', 'Palazzo della Ragione', 'Teatro Romano', 'Centro Fotografia']",Casa Giulietta,strategy_nearest,False,0.004129886627197266,success
043F3C4A9C4C80,1,"['Arena', 'Casa Giulietta']",Palazzo della Ragione,"['AMO', 'Museo Conte', 'Torre Lamberti', 'Centro Fotografia', 'Sighseeing']",Santa Anastasia,strategy_nearest,False,0.003393888473510742,success
043F414A9C4C80,1,"['Arena', 'Castelvecchio', 'Torre Lamberti']",Palazzo della Ragione,"['AMO', 'Museo Conte', 'Centro Fotografia', 'Sighseeing', 'Santa Anastasia']",Casa Giulietta,strategy_nearest,False,0.0028238296508789062,success
043F503A9C4C80,2,['Casa Giulietta'],Duomo,"['AMO', 'Museo Miniscalchi', 'Santa Anastasia', 'Teatro Romano', 'Palazzo della Ragione']",Teatro Romano,strategy_nearest,True,0.002765655517578125,success
043F4D4A9C4C80,0,['Arena'],Castelvecchio,"['Museo Lapidario', 'Verona Tour', 'Museo Radio', 'San Zeno', 'Sighseeing']",Casa Giulietta,strategy_nearest,False,0.003180980682373047,success
043F6C3A9C4C80,0,"['Castelvecchio', 'Casa Giulietta']",Torre Lamberti,"['Sighseeing', 'Centro Fotografia', 'Museo Conte', 'Palazzo della Ragione', 'AMO']",Arena,strategy_nearest,False,0.003223896026611328,success
043F50429C4C80,1,"['Castelvecchio', 'Santa Anastasia']",Duomo,"['AMO', 'Museo Miniscalchi', 'Teatro Romano', 'Palazzo della Ragione', 'Museo Conte']",Arena,strategy_nearest,False,0.0031440258026123047,success
043F6D3A9C4C80,1,"['Arena', 'Castelvecchio']",Casa Giulietta,"['Centro Fotografia', 'Sighseeing', 'Torre Lamberti', 'Museo Conte', 'Museo Radio']",Torre Lamberti,strategy_nearest,True,0.002585172653198242,success
043F7A4A9C4C80,3,"['Torre Lamberti', 'Santa Anastasia']",Duomo,"['AMO', 'Museo Miniscalchi', 'Teatro Romano', 'Palazzo della Ragione', 'Museo Conte']",Arena,strategy_nearest,False,0.0026237964630126953,success
043F7C3A9C4C80,3,"['Santa Anastasia', 'Casa Giulietta']",San Fermo,"['Museo Storia', 'Museo Radio', 'Centro Fotografia', 'Arena', 'Sighseeing']",Arena,strategy_nearest,True,0.002565145492553711,success
043F99429C4C80,0,['Arena'],Casa Giulietta,"['Centro Fotografia', 'Sighseeing', 'Torre Lamberti', 'Museo Conte', 'Museo Radio']",Torre Lamberti,strategy_nearest,True,0.002859830856323242,success
043F9B429C4C80,0,['Arena'],Casa Giulietta,"['Centro Fotografia', 'Sighseeing', 'Torre Lamberti', 'Museo Conte', 'Museo Radio']",Torre Lamberti,strategy_nearest,True,0.0031900405883789062,success
043F9A4A9C4C80,3,"['Castelvecchio', 'Arena']",Museo Lapidario,"['Verona Tour', 'Museo Radio', 'San Fermo', 'Casa Giulietta', 'Tomba Giulietta']",Casa Giulietta,strategy_nearest,True,0.002817869186401367,success
043FAC4A9C4C80,0,['Castelvecchio'],Torre Lamberti,"['Sighseeing', 'Centro Fotografia', 'Museo Conte', 'Casa Giulietta', 'Palazzo della Ragione']",Arena,strategy_nearest,False,0.0013818740844726562,success
043FA73A9C4C80,0,"['Arena', 'Casa Giulietta']",Torre Lamberti,"['Sighseeing', 'Centro Fotografia', 'Museo Conte', 'Palazzo della Ragione', 'AMO']",Teatro Romano,strategy_nearest,False,0.002141237258911133,success
043FA14A9C4C80,0,['Casa Giulietta'],Arena,"['Verona Tour', 'Museo Lapidario', 'Museo Radio', 'San Fermo', 'Sighseeing']",Castelvecchio,strategy_nearest,False,0.003381967544555664,success
043F9C429C4C80,2,['Casa Giulietta'],Castelvecchio,"['Museo Lapidario', 'Verona Tour', 'Arena', 'Museo Radio', 'San Zeno']",Santa Anastasia,strategy_nearest,False,0.004720926284790039,success
043FB14A9C4C80,1,['Castelvecchio'],Arena,"['Verona Tour', 'Museo Lapidario', 'Museo Radio', 'San Fermo', 'Casa Giulietta']",Palazzo della Ragione,strategy_nearest,False,0.0022017955780029297,success
043FB4429C4C80,0,['Castelvecchio'],Castelvecchio,"['Museo Lapidario', 'Verona Tour', 'Arena', 'Museo Radio', 'San Zeno']",Arena,strategy_nearest,True,0.001992940902709961,success
043FB34A9C4C80,3,"['Castelvecchio', 'Museo Lapidario', 'Arena']",Teatro Romano,"['Santa Anastasia', 'Duomo', 'AMO', 'Palazzo della Ragione', 'Museo Conte']",Duomo,strategy_nearest,True,0.0033299922943115234,success
043FB54A9C4C80,3,"['Arena', 'Casa Giulietta']",Santa Anastasia,"['AMO', 'Museo Conte', 'Palazzo della Ragione', 'Teatro Romano', 'Centro Fotografia']",Duomo,strategy_nearest,False,0.0026149749755859375,success
043FD14A9C4C80,0,['Tomba Giulietta'],Arena,"['Verona Tour', 'Museo Lapidario', 'Museo Radio', 'San Fermo', 'Casa Giulietta']",Castelvecchio,strategy_nearest,False,0.0014050006866455078,success
043FBF3A9C4C80,0,['Arena'],Casa Giulietta,"['Centro Fotografia', 'Sighseeing', 'Torre Lamberti', 'Museo Conte', 'Museo Radio']",San Fermo,strategy_nearest,False,0.004065036773681641,success
043FC53A9C4C80,1,"['Arena', 'Museo Lapidario']",Palazzo della Ragione,"['AMO', 'Museo Conte', 'Torre Lamberti', 'Centro Fotografia', 'Sighseeing']",Duomo,strategy_nearest,False,0.002763032913208008,success
043FC14A9C4C80,0,['Castelvecchio'],Arena,"['Verona Tour', 'Museo Lapidario', 'Museo Radio', 'San Fermo', 'Casa Giulietta']",Duomo,strategy_nearest,False,0.00467991828918457,success
043FEE3A9C4C80,0,['Castelvecchio'],Arena,"['Verona Tour', 'Museo Lapidario', 'Museo Radio', 'San Fermo', 'Casa Giulietta']",Casa Giulietta,strategy_nearest,True,0.0014319419860839844,success
043FE94A9C4C80,1,['Casa Giulietta'],Arena,"['Verona Tour', 'Museo Lapidario', 'Museo Radio', 'San Fermo', 'Sighseeing']",Castelvecchio,strategy_nearest,False,0.003332853317260742,success
043FEF429C4C80,0,"['Castelvecchio', 'San Zeno', 'Arena']",Museo Lapidario,"['Verona Tour', 'Museo Radio', 'San Fermo', 'Casa Giulietta', 'Tomba Giulietta']",Tomba Giulietta,strategy_nearest,True,0.0019779205322265625,success
043FD6429C4C80,1,"['Arena', 'Castelvecchio', 'Museo Lapidario', 'Casa Giulietta']",Teatro Romano,"['Santa Anastasia', 'Duomo', 'AMO', 'Palazzo della Ragione', 'Museo Conte']",Palazzo della Ragione,strategy_nearest,True,0.003968954086303711,success
043FF54A9C4C80,0,['Castelvecchio'],Arena,"['Verona Tour', 'Museo Lapidario', 'Museo Radio', 'San Fermo', 'Casa Giulietta']",Casa Giulietta,strategy_nearest,True,0.002810239791870117,success
043FF93A9C4C80,1,"['Tomba Giulietta', 'Arena']",Torre Lamberti,"['Sighseeing', 'Centro Fotografia', 'Museo Conte', 'Casa Giulietta', 'Palazzo della Ragione']",Palazzo della Ragione,strategy_nearest,True,0.0032927989959716797,success
043FF24A9C4C80,0,['Arena'],Casa Giulietta,"['Centro Fotografia', 'Sighseeing', 'Torre Lamberti', 'Museo Conte', 'Museo Radio']",Torre Lamberti,strategy_nearest,True,0.0016651153564453125,success
043FEF4A9C4C80,0,"['Arena', 'Castelvecchio']",Casa Giulietta,"['Centro Fotografia', 'Sighseeing', 'Torre Lamberti', 'Museo Conte', 'Museo Radio']",San Fermo,strategy_nearest,False,0.0028657913208007812,success
043FFD4A9C4C80,0,['Arena'],Casa Giulietta,"['Centro Fotografia', 'Sighseeing', 'Torre Lamberti', 'Museo Conte', 'Museo Radio']",Torre Lamberti,strategy_nearest,True,0.001374959945678711,success
0440014A9C4C84,0,"['Arena', 'Casa Giulietta']",Torre Lamberti,"['Sighseeing', 'Centro Fotografia', 'Museo Conte', 'Palazzo della Ragione', 'AMO']",Tomba Giulietta,strategy_nearest,False,0.0031821727752685547,success
043FF94A9C4C80,3,"['San Fermo', 'Torre Lamberti', 'Santa Anastasia', 'Teatro Romano']",Duomo,"['AMO', 'Museo Miniscalchi', 'Palazzo della Ragione', 'Museo Conte', 'Centro Fotografia']",Casa Giulietta,strategy_nearest,False,0.0028231143951416016,success
043FFD429C4C80,0,"['Castelvecchio', 'Arena']",Casa Giulietta,"['Centro Fotografia', 'Sighseeing', 'Torre Lamberti', 'Museo Conte', 'Museo Radio']",San Fermo,strategy_nearest,False,0.002140045166015625,success
04402F3A9C4C80,1,"['Casa Giulietta', 'Palazzo della Ragione', 'Torre Lamberti', 'Tomba Giulietta']",Museo Lapidario,"['Verona Tour', 'Arena', 'Castelvecchio', 'Museo Radio', 'San Fermo']",Castelvecchio,strategy_nearest,True,0.002613067626953125,success
0440373A9C4C80,0,"['Teatro Romano', 'Casa Giulietta']",Castelvecchio,"['Museo Lapidario', 'Verona Tour', 'Arena', 'Museo Radio', 'San Zeno']",San Zeno,strategy_nearest,True,0.003427267074584961,success
04402F429C4C80,0,"['Teatro Romano', 'Arena']",San Fermo,"['Museo Storia', 'Museo Radio', 'Casa Giulietta', 'Centro Fotografia', 'Sighseeing']",Tomba Giulietta,strategy_nearest,False,0.0019528865814208984,success
0440374A9C4C80,0,"['Castelvecchio', 'Casa Giulietta']",Arena,"['Verona Tour', 'Museo Lapidario', 'Museo Radio', 'San Fermo', 'Sighseeing']",San Fermo,strategy_nearest,True,0.004191160202026367,success
0440443A9C4C80,2,['Casa Giulietta'],Castelvecchio,"['Museo Lapidario', 'Verona Tour', 'Arena', 'Museo Radio', 'San Zeno']",Torre Lamberti,strategy_nearest,False,0.001195669174194336,success
044046429C4C80,3,"['Santa Anastasia', 'Duomo']",Castelvecchio,"['Museo Lapidario', 'Verona Tour', 'Arena', 'Museo Radio', 'San Zeno']",Castelvecchio,strategy_nearest,False,0.002577066421508789,success
044044429C4C80,3,['Arena'],Casa Giulietta,"['Centro Fotografia', 'Sighseeing', 'Torre Lamberti', 'Museo Conte', 'Museo Radio']",San Fermo,strategy_nearest,False,0.0020492076873779297,success
044047429C4C80,0,"['Castelvecchio', 'Arena']",Torre Lamberti,"['Sighseeing', 'Centro Fotografia', 'Museo Conte', 'Casa Giulietta', 'Palazzo della Ragione']",Casa Giulietta,strategy_nearest,True,0.003551006317138672,success
04406D3A9C4C80,3,"['Arena', 'Casa Giulietta', 'Teatro Romano']",Museo Storia,"['San Fermo', 'Museo Radio', 'Centro Fotografia', 'Tomba Giulietta', 'Torre Lamberti']",Tomba Giulietta,strategy_nearest,True,0.002015829086303711,success
044077429C4C80,1,"['Tomba Giulietta', 'Arena', 'Torre Lamberti', 'Casa Giulietta']",Santa Anastasia,"['AMO', 'Museo Conte', 'Palazzo della Ragione', 'Teatro Romano', 'Centro Fotografia']",Duomo,strategy_nearest,False,0.0019478797912597656,success
0440594A9C4C80,1,"['San Zeno', 'Castelvecchio', 'Santa Anastasia', 'Duomo']",Torre Lamberti,"['Sighseeing', 'Centro Fotografia', 'Museo Conte', 'Casa Giulietta', 'Palazzo della Ragione']",Palazzo della Ragione,strategy_nearest,True,0.0034787654876708984,success
04407D3A9C4C80,0,"['Castelvecchio', 'Arena']",Torre Lamberti,"['Sighseeing', 'Centro Fotografia', 'Museo Conte', 'Casa Giulietta', 'Palazzo della Ragione']",Teatro Romano,strategy_nearest,False,0.003384113311767578,success
0440984A9C4C80,3,"['Casa Giulietta', 'Arena']",Castelvecchio,"['Museo Lapidario', 'Verona Tour', 'Museo Radio', 'San Zeno', 'Sighseeing']",Torre Lamberti,strategy_nearest,False,0.0025339126586914062,success
0440874A9C4C80,3,['Arena'],San Zeno,"['Castelvecchio', 'Verona Tour', 'Museo Lapidario', 'Museo Miniscalchi', 'Sighseeing']",Torre Lamberti,strategy_nearest,False,0.002630949020385742,success
0440A24A9C4C80,1,"['Teatro Romano', 'Torre Lamberti']",Palazzo della Ragione,"['AMO', 'Museo Conte', 'Centro Fotografia', 'Sighseeing', 'Santa Anastasia']",Casa Giulietta,strategy_nearest,False,0.0031418800354003906,success
0440A34A9C4C80,0,['Casa Giulietta'],Torre Lamberti,"['Sighseeing', 'Centro Fotografia', 'Museo Conte', 'Palazzo della Ragione', 'AMO']",Arena,strategy_nearest,False,0.0032808780670166016,success
0440A4429C4C80,0,['Torre Lamberti'],Casa Giulietta,"['Centro Fotografia', 'Sighseeing', 'Museo Conte', 'Museo Radio', 'Palazzo della Ragione']",Arena,strategy_nearest,False,0.002541065216064453,success
0440B44A9C4C80,1,"['Castelvecchio', 'Arena', 'Museo Lapidario']",Casa Giulietta,"['Centro Fotografia', 'Sighseeing', 'Torre Lamberti', 'Museo Conte', 'Museo Radio']",Torre Lamberti,strategy_nearest,True,0.0025811195373535156,success
0440B24A9C4C80,2,"['Castelvecchio', 'Casa Giulietta']",Duomo,"['AMO', 'Museo Miniscalchi', 'Santa Anastasia', 'Teatro Romano', 'Palazzo della Ragione']",Teatro Romano,strategy_nearest,True,0.003487110137939453,success
0440B73A9C4C80,0,['Arena'],Casa Giulietta,"['Centro Fotografia', 'Sighseeing', 'Torre Lamberti', 'Museo Conte', 'Museo Radio']",Teatro Romano,strategy_nearest,False,0.003961086273193359,success
0440BD4A9C4C80,0,['Arena'],Torre Lamberti,"['Sighseeing', 'Centro Fotografia', 'Museo Conte', 'Casa Giulietta', 'Palazzo della Ragione']",Casa Giulietta,strategy_nearest,True,0.001893758773803711,success
0440BD3A9C4C80,0,['Arena'],Casa Giulietta,"['Centro Fotografia', 'Sighseeing', 'Torre Lamberti', 'Museo Conte', 'Museo Radio']",Teatro Romano,strategy_nearest,False,0.0025720596313476562,success
0440C04A9C4C80,1,['Arena'],Torre Lamberti,"['Sighseeing', 'Centro Fotografia', 'Museo Conte', 'Casa Giulietta', 'Palazzo della Ragione']",Palazzo della Ragione,strategy_nearest,True,0.002688884735107422,success
0440CE429C4C80,0,"['Castelvecchio', 'San Zeno']",Arena,"['Verona Tour', 'Museo Lapidario', 'Museo Radio', 'San Fermo', 'Casa Giulietta']",San Fermo,strategy_nearest,True,0.002640962600708008,success
0440C4429C4C80,1,['Arena'],Casa Giulietta,"['Centro Fotografia', 'Sighseeing', 'Torre Lamberti', 'Museo Conte', 'Museo Radio']",Torre Lamberti,strategy_nearest,True,0.001177072525024414,success
0440D14A9C4C80,3,"['Arena', 'Museo Lapidario']",Castelvecchio,"['Verona Tour', 'Museo Radio', 'San Zeno', 'Sighseeing', 'Museo Miniscalchi']",Torre Lamberti,strategy_nearest,False,0.0034313201904296875,success
0440DB3A9C4C80,1,"['Arena', 'Casa Giulietta']",Castelvecchio,"['Museo Lapidario', 'Verona Tour', 'Museo Radio', 'San Zeno', 'Sighseeing']",San Zeno,strategy_nearest,True,0.0026559829711914062,success
0440DD429C4C80,1,"['Arena', 'Casa Giulietta', 'Castelvecchio', 'Teatro Romano']",San Fermo,"['Museo Storia', 'Museo Radio', 'Centro Fotografia', 'Sighseeing', 'Torre Lamberti']",Torre Lamberti,strategy_nearest,True,0.0026192665100097656,success
0440D9429C4C80,0,['Castelvecchio'],Arena,"['Verona Tour', 'Museo Lapidario', 'Museo Radio', 'San Fermo', 'Casa Giulietta']",Casa Giulietta,strategy_nearest,True,0.0020470619201660156,success
0440E63A9C4C80,0,['Arena'],Castelvecchio,"['Museo Lapidario', 'Verona Tour', 'Museo Radio', 'San Zeno', 'Sighseeing']",Casa Giulietta,strategy_nearest,False,0.0032150745391845703,success
0440F14A9C4C80,1,['Arena'],Torre Lamberti,"['Sighseeing', 'Centro Fotografia', 'Museo Conte', 'Casa Giulietta', 'Palazzo della Ragione']",Palazzo della Ragione,strategy_nearest,True,0.0013687610626220703,success
0440EF429C4C80,3,['Arena'],Casa Giulietta,"['Centro Fotografia', 'Sighseeing', 'Torre Lamberti', 'Museo Conte', 'Museo Radio']",Santa Anastasia,strategy_nearest,False,0.003351926803588867,success
0440F03A9C4C80,0,['Castelvecchio'],Arena,"['Verona Tour', 'Museo Lapidario', 'Museo Radio', 'San Fermo', 'Casa Giulietta']",Casa Giulietta,strategy_nearest,True,0.0021538734436035156,success
0440E93A9C4C80,3,"['Arena', 'Casa Giulietta', 'Torre Lamberti']",Teatro Romano,"['Santa Anastasia', 'Duomo', 'AMO', 'Palazzo della Ragione', 'Museo Conte']",Duomo,strategy_nearest,True,0.003961801528930664,success
0440F9429C4C80,3,"['Arena', 'Museo Lapidario', 'Duomo']",Santa Anastasia,"['AMO', 'Museo Conte', 'Palazzo della Ragione', 'Teatro Romano', 'Centro Fotografia']",San Zeno,strategy_nearest,False,0.0032329559326171875,success
0440F34A9C4C80,0,['Arena'],San Zeno,"['Castelvecchio', 'Verona Tour', 'Museo Lapidario', 'Museo Miniscalchi', 'Sighseeing']",Casa Giulietta,strategy_nearest,False,0.002190113067626953,success
0440F24A9C4C80,3,"['Arena', 'San Fermo']",Torre Lamberti,"['Sighseeing', 'Centro Fotografia', 'Museo Conte', 'Casa Giulietta', 'Palazzo della Ragione']",Duomo,strategy_nearest,False,0.00162506103515625,success
0440F74A9C4C80,1,['Arena'],Casa Giulietta,"['Centro Fotografia', 'Sighseeing', 'Torre Lamberti', 'Museo Conte', 'Museo Radio']",Palazzo della Ragione,strategy_nearest,False,0.0027189254760742188,success
0440FA4A9C4C80,0,['Museo Lapidario'],Arena,"['Verona Tour', 'Museo Radio', 'San Fermo', 'Casa Giulietta', 'Sighseeing']",Casa Giulietta,strategy_nearest,True,0.002151012420654297,success
0441014A9C4C84,1,"['Arena', 'Palazzo della Ragione']",Torre Lamberti,"['Sighseeing', 'Centro Fotografia', 'Museo Conte', 'Casa Giulietta', 'AMO']",Casa Giulietta,strategy_nearest,True,0.003168821334838867,success
0440FE4A9C4C80,3,"['Arena', 'Castelvecchio']",Casa Giulietta,"['Centro Fotografia', 'Sighseeing', 'Torre Lamberti', 'Museo Conte', 'Museo Radio']",Santa Anastasia,strategy_nearest,False,0.0015332698822021484,success
044101429C4C84,2,['Torre Lamberti'],Teatro Romano,"['Santa Anastasia', 'Duomo', 'AMO', 'Palazzo della Ragione', 'Museo Conte']",San Zeno,strategy_nearest,False,0.002680063247680664,success
04410A4A9C4C84,3,['Arena'],Torre Lamberti,"['Sighseeing', 'Centro Fotografia', 'Museo Conte', 'Casa Giulietta', 'Palazzo della Ragione']",Santa Anastasia,strategy_nearest,False,0.0021178722381591797,success
0441084A9C4C84,0,['Arena'],Teatro Romano,"['Santa Anastasia', 'Duomo', 'AMO', 'Palazzo della Ragione', 'Museo Conte']",Casa Giulietta,strategy_nearest,False,0.0027370452880859375,success
0441054A9C4C84,1,"['Arena', 'Casa Giulietta', 'Palazzo della Ragione', 'Torre Lamberti']",Santa Anastasia,"['AMO', 'Museo Conte', 'Teatro Romano', 'Centro Fotografia', 'Duomo']",Duomo,strategy_nearest,True,0.004620075225830078,success
0441104A9C4C84,0,['Arena'],Museo Lapidario,"['Verona Tour', 'Castelvecchio', 'Museo Radio', 'San Fermo', 'Casa Giulietta']",Casa Giulietta,strategy_nearest,True,0.0013780593872070312,success
0441283A9C4C80,3,"['Arena', 'San Fermo', 'Torre Lamberti']",Santa Anastasia,"['AMO', 'Museo Conte', 'Palazzo della Ragione', 'Teatro Romano', 'Centro Fotografia']",Duomo,strategy_nearest,False,0.0023849010467529297,success
0441284A9C4C80,3,"['Arena', 'Castelvecchio', 'San Zeno', 'Teatro Romano']",Santa Anastasia,"['AMO', 'Museo Conte', 'Palazzo della Ragione', 'Centro Fotografia', 'Duomo']",Torre Lamberti,strategy_nearest,False,0.0015659332275390625,success
04412A3A9C4C80,0,"['Castelvecchio', 'Arena']",Casa Giulietta,"['Centro Fotografia', 'Sighseeing', 'Torre Lamberti', 'Museo Conte', 'Museo Radio']",Duomo,strategy_nearest,False,0.002901315689086914,success
0441364A9C4C80,0,"['Museo Lapidario', 'Castelvecchio']",Arena,"['Verona Tour', 'Museo Radio', 'San Fermo', 'Casa Giulietta', 'Sighseeing']",Casa Giulietta,strategy_nearest,True,0.003303050994873047,success
0441413A9C4C80,1,"['Arena', 'Museo Lapidario', 'Castelvecchio']",Torre Lamberti,"['Sighseeing', 'Centro Fotografia', 'Museo Conte', 'Casa Giulietta', 'Palazzo della Ragione']",Palazzo della Ragione,strategy_nearest,True,0.0027437210083007812,success
044146429C4C80,2,['Teatro Romano'],Duomo,"['AMO', 'Museo Miniscalchi', 'Santa Anastasia', 'Palazzo della Ragione', 'Museo Conte']",Museo Lapidario,strategy_nearest,False,0.0015268325805664062,success
04414C3A9C4C80,0,['Castelvecchio'],Arena,"['Verona Tour', 'Museo Lapidario', 'Museo Radio', 'San Fermo', 'Casa Giulietta']",Casa Giulietta,strategy_nearest,True,0.0032351016998291016,success
0441403A9C4C80,3,"['Santa Anastasia', 'Duomo', 'Casa Giulietta', 'Teatro Romano']",Giardino Giusti,"['Museo Conte', 'Centro Fotografia', 'Museo Storia', 'AMO', 'Palazzo della Ragione']",San Zeno,strategy_nearest,False,0.0021791458129882812,success
044176429C4C80,0,['Teatro Romano'],Arena,"['Verona Tour', 'Museo Lapidario', 'Museo Radio', 'San Fermo', 'Casa Giulietta']",Tomba Giulietta,strategy_nearest,False,0.0022170543670654297,success
0441774A9C4C80,0,['Arena'],Torre Lamberti,"['Sighseeing', 'Centro Fotografia', 'Museo Conte', 'Casa Giulietta', 'Palazzo della Ragione']",Casa Giulietta,strategy_nearest,True,0.0033872127532958984,success
0441593A9C4C80,3,"['Castelvecchio', 'Santa Anastasia']",Duomo,"['AMO', 'Museo Miniscalchi', 'Teatro Romano', 'Palazzo della Ragione', 'Museo Conte']",Arena,strategy_nearest,False,0.002279996871948242,success
0441673A9C4C80,3,['Arena'],Torre Lamberti,"['Sighseeing', 'Centro Fotografia', 'Museo Conte', 'Casa Giulietta', 'Palazzo della Ragione']",Santa Anastasia,strategy_nearest,False,0.0028808116912841797,success
04418A429C4C80,2,['Torre Lamberti'],Palazzo della Ragione,"['AMO', 'Museo Conte', 'Centro Fotografia', 'Sighseeing', 'Santa Anastasia']",Casa Giulietta,strategy_nearest,False,0.00275421142578125,success
044184429C4C80,3,['San Fermo'],Santa Anastasia,"['AMO', 'Museo Conte', 'Palazzo della Ragione', 'Teatro Romano', 'Centro Fotografia']",Casa Giulietta,strategy_nearest,False,0.002803802490234375,success
044199429C4C80,1,"['Arena', 'Casa Giulietta', 'Torre Lamberti']",Palazzo della Ragione,"['AMO', 'Museo Conte', 'Centro Fotografia', 'Sighseeing', 'Santa Anastasia']",Santa Anastasia,strategy_nearest,True,0.0015468597412109375,success
04419A429C4C80,1,"['Arena', 'Casa Giulietta']",Torre Lamberti,"['Sighseeing', 'Centro Fotografia', 'Museo Conte', 'Palazzo della Ragione', 'AMO']",Palazzo della Ragione,strategy_nearest,True,0.003284931182861328,success
04419D429C4C80,3,"['Casa Giulietta', 'Arena']",Santa Anastasia,"['AMO', 'Museo Conte', 'Palazzo della Ragione', 'Teatro Romano', 'Centro Fotografia']",Castelvecchio,strategy_nearest,False,0.0020461082458496094,success
0441AC4A9C4C80,0,"['Tomba Giulietta', 'San Fermo']",Casa Giulietta,"['Centro Fotografia', 'Sighseeing', 'Torre Lamberti', 'Museo Conte', 'Museo Radio']",Arena,strategy_nearest,False,0.003429889678955078,success
0441AD4A9C4C80,2,"['Casa Giulietta', 'Torre Lamberti']",Santa Anastasia,"['AMO', 'Museo Conte', 'Palazzo della Ragione', 'Teatro Romano', 'Centro Fotografia']",Duomo,strategy_nearest,False,0.002743959426879883,success
04419F4A9C4C80,3,"['Teatro Romano', 'Santa Anastasia']",Torre Lamberti,"['Sighseeing', 'Centro Fotografia', 'Museo Conte', 'Casa Giulietta', 'Palazzo della Ragione']",Casa Giulietta,strategy_nearest,True,0.0026319026947021484,success
0441AE4A9C4C80,3,"['Arena', 'Casa Giulietta']",Santa Anastasia,"['AMO', 'Museo Conte', 'Palazzo della Ragione', 'Teatro Romano', 'Centro Fotografia']",Torre Lamberti,strategy_nearest,False,0.0018568038940429688,success
0441B13A9C4C80,0,['Arena'],Casa Giulietta,"['Centro Fotografia', 'Sighseeing', 'Torre Lamberti', 'Museo Conte', 'Museo Radio']",Duomo,strategy_nearest,False,0.0025768280029296875,success
0441AF4A9C4C80,2,['Castelvecchio'],Casa Giulietta,"['Centro Fotografia', 'Sighseeing', 'Torre Lamberti', 'Museo Conte', 'Museo Radio']",Santa Anastasia,strategy_nearest,False,0.002023935317993164,success
0441B14A9C4C80,3,"['Arena', 'Casa Giulietta']",Torre Lamberti,"['Sighseeing', 'Centro Fotografia', 'Museo Conte', 'Palazzo della Ragione', 'AMO']",Duomo,strategy_nearest,False,0.0030851364135742188,success
0441B24A9C4C80,3,"['Castelvecchio', 'Arena']",Torre Lamberti,"['Sighseeing', 'Centro Fotografia', 'Museo Conte', 'Casa Giulietta', 'Palazzo della Ragione']",Casa Giulietta,strategy_nearest,True,0.002638101577758789,success
0441B23A9C4C80,0,"['Arena', 'Duomo']",Torre Lamberti,"['Sighseeing', 'Centro Fotografia', 'Museo Conte', 'Casa Giulietta', 'Palazzo della Ragione']",Casa Giulietta,strategy_nearest,True,0.0025589466094970703,success
0441B64A9C4C80,3,"['Arena', 'Casa Giulietta']",Santa Anastasia,"['AMO', 'Museo Conte', 'Palazzo della Ragione', 'Teatro Romano', 'Centro Fotografia']",Teatro Romano,strategy_nearest,True,0.0031740665435791016,success
0441BB4A9C4C80,0,['Castelvecchio'],Casa Giulietta,"['Centro Fotografia', 'Sighseeing', 'Torre Lamberti', 'Museo Conte', 'Museo Radio']",San Zeno,strategy_nearest,False,0.002474069595336914,success
0441BE3A9C4C80,3,"['Santa Anastasia', 'Teatro Romano', 'Duomo']",Casa Giulietta,"['Centro Fotografia', 'Sighseeing', 'Torre Lamberti', 'Museo Conte', 'Museo Radio']",Arena,strategy_nearest,False,0.0018029212951660156,success
0441CF4A9C4C80,2,['Casa Giulietta'],Santa Anastasia,"['AMO', 'Museo Conte', 'Palazzo della Ragione', 'Teatro Romano', 'Centro Fotografia']",Teatro Romano,strategy_nearest,True,0.002485990524291992,success
0441D73A9C4C80,0,"['Castelvecchio', 'Arena']",Casa Giulietta,"['Centro Fotografia', 'Sighseeing', 'Torre Lamberti', 'Museo Conte', 'Museo Radio']",Torre Lamberti,strategy_nearest,True,0.002209901809692383,success
0441E33A9C4C80,0,"['Casa Giulietta', 'Teatro Romano']",Arena,"['Verona Tour', 'Museo Lapidario', 'Museo Radio', 'San Fermo', 'Sighseeing']",Castelvecchio,strategy_nearest,False,0.002732992172241211,success
0441C24A9C4C80,3,['Arena'],Torre Lamberti,"['Sighseeing', 'Centro Fotografia', 'Museo Conte', 'Casa Giulietta', 'Palazzo della Ragione']",Santa Anastasia,strategy_nearest,False,0.0052568912506103516,success
0441E5429C4C80,0,"['Arena', 'Casa Giulietta']",Torre Lamberti,"['Sighseeing', 'Centro Fotografia', 'Museo Conte', 'Palazzo della Ragione', 'AMO']",Duomo,strategy_nearest,False,0.0027742385864257812,success
0441F54A9C4C80,0,['Arena'],San Fermo,"['Museo Storia', 'Museo Radio', 'Casa Giulietta', 'Centro Fotografia', 'Sighseeing']",Teatro Romano,strategy_nearest,False,0.0022771358489990234,success
044207429C4C84,3,"['Arena', 'Torre Lamberti']",Santa Anastasia,"['AMO', 'Museo Conte', 'Palazzo della Ragione', 'Teatro Romano', 'Centro Fotografia']",San Zeno,strategy_nearest,False,0.0019807815551757812,success
0441FB3A9C4C80,3,"['Tomba Giulietta', 'Arena']",Casa Giulietta,"['Centro Fotografia', 'Sighseeing', 'Torre Lamberti', 'Museo Conte', 'Museo Radio']",Torre Lamberti,strategy_nearest,True,0.0036821365356445312,success
044208429C4C84,1,"['Arena', 'Torre Lamberti']",Palazzo della Ragione,"['AMO', 'Museo Conte', 'Centro Fotografia', 'Sighseeing', 'Santa Anastasia']",Giardino Giusti,strategy_nearest,False,0.002377033233642578,success
0442084A9C4C84,1,"['Arena', 'Casa Giulietta']",Torre Lamberti,"['Sighseeing', 'Centro Fotografia', 'Museo Conte', 'Palazzo della Ragione', 'AMO']",Palazzo della Ragione,strategy_nearest,True,0.0033049583435058594,success
0441FD4A9C4C80,3,"['Arena', 'Casa Giulietta']",Torre Lamberti,"['Sighseeing', 'Centro Fotografia', 'Museo Conte', 'Palazzo della Ragione', 'AMO']",Santa Anastasia,strategy_nearest,False,0.0030028820037841797,success
0442094A9C4C84,3,['Arena'],Torre Lamberti,"['Sighseeing', 'Centro Fotografia', 'Museo Conte', 'Casa Giulietta', 'Palazzo della Ragione']",Duomo,strategy_nearest,False,0.0018792152404785156,success
0442403A9C4C80,1,"['Castelvecchio', 'Arena', 'Casa Giulietta', 'Palazzo della Ragione', 'San Fermo']",Museo Storia,"['Museo Radio', 'Centro Fotografia', 'Tomba Giulietta', 'Torre Lamberti', 'Sighseeing']",Teatro Romano,strategy_nearest,False,0.0027332305908203125,success
04423F3A9C4C80,1,"['Arena', 'Museo Lapidario', 'Castelvecchio', 'Torre Lamberti']",Palazzo della Ragione,"['AMO', 'Museo Conte', 'Centro Fotografia', 'Sighseeing', 'Santa Anastasia']",Casa Giulietta,strategy_nearest,False,0.0025789737701416016,success
044248BA7B3F80,3,"['Museo Lapidario', 'Castelvecchio']",Arena,"['Verona Tour', 'Museo Radio', 'San Fermo', 'Casa Giulietta', 'Sighseeing']",Santa Anastasia,strategy_nearest,False,0.003316164016723633,success
04424F3A9C4C80,3,"['Castelvecchio', 'Arena']",Casa Giulietta,"['Centro Fotografia', 'Sighseeing', 'Torre Lamberti', 'Museo Conte', 'Museo Radio']",Santa Anastasia,strategy_nearest,False,0.0022957324981689453,success
0442503A9C4C80,1,"['Arena', 'Santa Anastasia', 'Duomo']",Teatro Romano,"['AMO', 'Palazzo della Ragione', 'Museo Conte', 'Centro Fotografia', 'Museo Miniscalchi']",Palazzo della Ragione,strategy_nearest,True,0.002145051956176758,success
04426C3A9C4C80,0,['Castelvecchio'],Arena,"['Verona Tour', 'Museo Lapidario', 'Museo Radio', 'San Fermo', 'Casa Giulietta']",Casa Giulietta,strategy_nearest,True,0.0034439563751220703,success
04426C429C4C80,1,"['San Zeno', 'Castelvecchio', 'Arena', 'Casa Giulietta']",Palazzo della Ragione,"['AMO', 'Museo Conte', 'Torre Lamberti', 'Centro Fotografia', 'Sighseeing']",Torre Lamberti,strategy_nearest,True,0.0027272701263427734,success
04427E429C4C80,1,"['Arena', 'Museo Lapidario', 'Castelvecchio', 'Torre Lamberti']",Palazzo della Ragione,"['AMO', 'Museo Conte', 'Centro Fotografia', 'Sighseeing', 'Santa Anastasia']",Casa Giulietta,strategy_nearest,False,0.003112316131591797,success
0442914A9C4C80,3,"['San Fermo', 'Teatro Romano', 'Duomo']",Santa Anastasia,"['AMO', 'Museo Conte', 'Palazzo della Ragione', 'Centro Fotografia', 'Torre Lamberti']",Torre Lamberti,strategy_nearest,True,0.0025129318237304688,success
044289429C4C80,1,"['Arena', 'Casa Giulietta']",Palazzo della Ragione,"['AMO', 'Museo Conte', 'Torre Lamberti', 'Centro Fotografia', 'Sighseeing']",Torre Lamberti,strategy_nearest,True,0.0034050941467285156,success
0442813A9C4C80,3,"['Santa Anastasia', 'Casa Giulietta']",San Fermo,"['Museo Storia', 'Museo Radio', 'Centro Fotografia', 'Arena', 'Sighseeing']",Arena,strategy_nearest,True,0.0022089481353759766,success
044292429C4C80,3,"['Casa Giulietta', 'Santa Anastasia']",Duomo,"['AMO', 'Museo Miniscalchi', 'Teatro Romano', 'Palazzo della Ragione', 'Museo Conte']",Arena,strategy_nearest,False,0.0031478404998779297,success
0442934A9C4C80,1,['Castelvecchio'],Arena,"['Verona Tour', 'Museo Lapidario', 'Museo Radio', 'San Fermo', 'Casa Giulietta']",Casa Giulietta,strategy_nearest,True,0.002349853515625,success
044293429C4C80,0,['Arena'],Casa Giulietta,"['Centro Fotografia', 'Sighseeing', 'Torre Lamberti', 'Museo Conte', 'Museo Radio']",Teatro Romano,strategy_nearest,False,0.002401113510131836,success
0442974A9C4C80,0,['Arena'],Castelvecchio,"['Museo Lapidario', 'Verona Tour', 'Museo Radio', 'San Zeno', 'Sighseeing']",Casa Giulietta,strategy_nearest,False,0.002835988998413086,success
04429A429C4C80,0,['Arena'],Casa Giulietta,"['Centro Fotografia', 'Sighseeing', 'Torre Lamberti', 'Museo Conte', 'Museo Radio']",Torre Lamberti,strategy_nearest,True,0.003184795379638672,success
0442A24A9C4C80,3,"['Casa Giulietta', 'Torre Lamberti', 'Santa Anastasia']",Duomo,"['AMO', 'Museo Miniscalchi', 'Teatro Romano', 'Palazzo della Ragione', 'Museo Conte']",Teatro Romano,strategy_nearest,True,0.0025670528411865234,success
0442954A9C4C80,1,"['Arena', 'Torre Lamberti']",Palazzo della Ragione,"['AMO', 'Museo Conte', 'Centro Fotografia', 'Sighseeing', 'Santa Anastasia']",Casa Giulietta,strategy_nearest,False,0.002716064453125,success
0442B14A9C4C80,2,"['Palazzo della Ragione', 'Torre Lamberti']",Casa Giulietta,"['Centro Fotografia', 'Sighseeing', 'Museo Conte', 'Museo Radio', 'San Fermo']",Santa Anastasia,strategy_nearest,False,0.002749919891357422,success
0442AF4A9C4C80,3,"['Arena', 'Casa Giulietta']",Santa Anastasia,"['AMO', 'Museo Conte', 'Palazzo della Ragione', 'Teatro Romano', 'Centro Fotografia']",Duomo,strategy_nearest,False,0.0014369487762451172,success
0442B94A9C4C80,1,"['Arena', 'Casa Giulietta']",Torre Lamberti,"['Sighseeing', 'Centro Fotografia', 'Museo Conte', 'Palazzo della Ragione', 'AMO']",Palazzo della Ragione,strategy_nearest,True,0.0019369125366210938,success
0442C04A9C4C80,0,['Arena'],Torre Lamberti,"['Sighseeing', 'Centro Fotografia', 'Museo Conte', 'Casa Giulietta', 'Palazzo della Ragione']",Teatro Romano,strategy_nearest,False,0.003300189971923828,success
0442C14A9C4C80,0,['Arena'],Casa Giulietta,"['Centro Fotografia', 'Sighseeing', 'Torre Lamberti', 'Museo Conte', 'Museo Radio']",Castelvecchio,strategy_nearest,False,0.00279998779296875,success
0442D14A9C4C80,0,['Arena'],Torre Lamberti,"['Sighseeing', 'Centro Fotografia', 'Museo Conte', 'Casa Giulietta', 'Palazzo della Ragione']",Castelvecchio,strategy_nearest,False,0.0012149810791015625,success
0442CA4A9C4C80,0,['Arena'],Casa Giulietta,"['Centro Fotografia', 'Sighseeing', 'Torre Lamberti', 'Museo Conte', 'Museo Radio']",Torre Lamberti,strategy_nearest,True,0.003345012664794922,success
0442D3429C4C80,3,"['Teatro Romano', 'Giardino Giusti', 'Santa Anastasia']",Duomo,"['AMO', 'Museo Miniscalchi', 'Palazzo della Ragione', 'Museo Conte', 'Torre Lamberti']",Torre Lamberti,strategy_nearest,True,0.003397226333618164,success
0442E03A9C4C80,3,"['Castelvecchio', 'Arena']",Torre Lamberti,"['Sighseeing', 'Centro Fotografia', 'Museo Conte', 'Casa Giulietta', 'Palazzo della Ragione']",Casa Giulietta,strategy_nearest,True,0.002319812774658203,success
0442E83A9C4C80,0,['Arena'],Casa Giulietta,"['Centro Fotografia', 'Sighseeing', 'Torre Lamberti', 'Museo Conte', 'Museo Radio']",San Zeno,strategy_nearest,False,0.002398967742919922,success
0442DA429C4C80,0,['Arena'],Casa Giulietta,"['Centro Fotografia', 'Sighseeing', 'Torre Lamberti', 'Museo Conte', 'Museo Radio']",Castelvecchio,strategy_nearest,False,0.00180816650390625,success
0442E8BA7B3F80,3,"['Museo Lapidario', 'Castelvecchio']",Arena,"['Verona Tour', 'Museo Radio', 'San Fermo', 'Casa Giulietta', 'Sighseeing']",Santa Anastasia,strategy_nearest,False,0.002012968063354492,success
0442EC4A9C4C80,0,['Arena'],San Fermo,"['Museo Storia', 'Museo Radio', 'Casa Giulietta', 'Centro Fotografia', 'Sighseeing']",Casa Giulietta,strategy_nearest,True,0.002766132354736328,success
0442F24A9C4C80,3,"['Arena', 'Santa Anastasia']",Duomo,"['AMO', 'Museo Miniscalchi', 'Teatro Romano', 'Palazzo della Ragione', 'Museo Conte']",Casa Giulietta,strategy_nearest,False,0.002619028091430664,success
0442FE429C4C80,0,"['Casa Giulietta', 'Torre Lamberti']",San Fermo,"['Museo Storia', 'Museo Radio', 'Centro Fotografia', 'Arena', 'Sighseeing']",Castelvecchio,strategy_nearest,False,0.0032110214233398438,success
0443084A9C4C84,0,['Arena'],Casa Giulietta,"['Centro Fotografia', 'Sighseeing', 'Torre Lamberti', 'Museo Conte', 'Museo Radio']",Tomba Giulietta,strategy_nearest,False,0.002707958221435547,success
0443094A9C4C84,3,"['Casa Giulietta', 'Torre Lamberti']",Santa Anastasia,"['AMO', 'Museo Conte', 'Palazzo della Ragione', 'Teatro Romano', 'Centro Fotografia']",Duomo,strategy_nearest,False,0.0032279491424560547,success
0443004A9C4C84,3,['Arena'],Castelvecchio,"['Museo Lapidario', 'Verona Tour', 'Museo Radio', 'San Zeno', 'Sighseeing']",Duomo,strategy_nearest,False,0.0026121139526367188,success
044312429C4C84,2,['Palazzo della Ragione'],Torre Lamberti,"['Sighseeing', 'Centro Fotografia', 'Museo Conte', 'Casa Giulietta', 'AMO']",Castelvecchio,strategy_nearest,False,0.0021479129791259766,success
0443384A9C4C80,3,"['San Fermo', 'Torre Lamberti']",Museo Lapidario,"['Verona Tour', 'Arena', 'Castelvecchio', 'Museo Radio', 'Casa Giulietta']",Arena,strategy_nearest,True,0.0015249252319335938,success
04433C429C4C80,0,['Arena'],Castelvecchio,"['Museo Lapidario', 'Verona Tour', 'Museo Radio', 'San Zeno', 'Sighseeing']",Torre Lamberti,strategy_nearest,False,0.0025892257690429688,success
04430A4A9C4C84,3,['Arena'],Santa Anastasia,"['AMO', 'Museo Conte', 'Palazzo della Ragione', 'Teatro Romano', 'Centro Fotografia']",Teatro Romano,strategy_nearest,True,0.005645751953125,success
044347429C4C80,2,"['Santa Anastasia', 'Teatro Romano']",Torre Lamberti,"['Sighseeing', 'Centro Fotografia', 'Museo Conte', 'Casa Giulietta', 'Palazzo della Ragione']",Casa Giulietta,strategy_nearest,True,0.0026912689208984375,success
04434B429C4C80,0,['Casa Giulietta'],Duomo,"['AMO', 'Museo Miniscalchi', 'Santa Anastasia', 'Teatro Romano', 'Palazzo della Ragione']",Castelvecchio,strategy_nearest,False,0.0013821125030517578,success
0443483A9C4C80,3,"['Teatro Romano', 'Castelvecchio', 'Arena', 'Museo Lapidario']",San Zeno,"['Verona Tour', 'Museo Miniscalchi', 'Sighseeing', 'Museo Radio', 'Torre Lamberti']",Casa Giulietta,strategy_nearest,False,0.003307819366455078,success
0443413A9C4C80,0,"['Arena', 'Castelvecchio']",Torre Lamberti,"['Sighseeing', 'Centro Fotografia', 'Museo Conte', 'Casa Giulietta', 'Palazzo della Ragione']",Teatro Romano,strategy_nearest,False,0.0039980411529541016,success
0443553A9C4C80,2,['Teatro Romano'],Casa Giulietta,"['Centro Fotografia', 'Sighseeing', 'Torre Lamberti', 'Museo Conte', 'Museo Radio']",Castelvecchio,strategy_nearest,False,0.0020110607147216797,success
04434D3A9C4C80,0,"['Castelvecchio', 'Arena']",Casa Giulietta,"['Centro Fotografia', 'Sighseeing', 'Torre Lamberti', 'Museo Conte', 'Museo Radio']",Torre Lamberti,strategy_nearest,True,0.002129793167114258,success
04436F3A9C4C80,3,"['Torre Lamberti', 'Castelvecchio', 'Arena']",Tomba Giulietta,"['San Fermo', 'Museo Storia', 'Museo Lapidario', 'Museo Radio', 'Verona Tour']",San Fermo,strategy_nearest,True,0.002588033676147461,success
0443754A9C4C80,3,"['San Zeno', 'Santa Anastasia', 'Casa Giulietta']",Arena,"['Verona Tour', 'Museo Lapidario', 'Museo Radio', 'San Fermo', 'Sighseeing']",Teatro Romano,strategy_nearest,False,0.003408193588256836,success
04437F3A9C4C80,0,"['San Zeno', 'Arena']",Castelvecchio,"['Museo Lapidario', 'Verona Tour', 'Museo Radio', 'Sighseeing', 'Museo Miniscalchi']",Casa Giulietta,strategy_nearest,False,0.0015649795532226562,success
04437C4A9C4C80,1,"['San Fermo', 'Casa Giulietta']",Palazzo della Ragione,"['AMO', 'Museo Conte', 'Torre Lamberti', 'Centro Fotografia', 'Sighseeing']",Arena,strategy_nearest,False,0.0034339427947998047,success
0443884A9C4C80,1,"['Arena', 'Torre Lamberti']",Palazzo della Ragione,"['AMO', 'Museo Conte', 'Centro Fotografia', 'Sighseeing', 'Santa Anastasia']",Casa Giulietta,strategy_nearest,False,0.0030951499938964844,success
04438C4A9C4C80,3,"['Arena', 'Museo Lapidario']",Duomo,"['AMO', 'Museo Miniscalchi', 'Santa Anastasia', 'Teatro Romano', 'Palazzo della Ragione']",Santa Anastasia,strategy_nearest,True,0.003101825714111328,success
044394429C4C80,0,['Arena'],Casa Giulietta,"['Centro Fotografia', 'Sighseeing', 'Torre Lamberti', 'Museo Conte', 'Museo Radio']",Torre Lamberti,strategy_nearest,True,0.0027239322662353516,success
044393429C4C80,3,"['Castelvecchio', 'Arena', 'Torre Lamberti']",Santa Anastasia,"['AMO', 'Museo Conte', 'Palazzo della Ragione', 'Teatro Romano', 'Centro Fotografia']",Duomo,strategy_nearest,False,0.0019130706787109375,success
044390429C4C80,0,['Arena'],Casa Giulietta,"['Centro Fotografia', 'Sighseeing', 'Torre Lamberti', 'Museo Conte', 'Museo Radio']",Palazzo della Ragione,strategy_nearest,False,0.00417780876159668,success
0443954A9C4C80,0,['Arena'],Casa Giulietta,"['Centro Fotografia', 'Sighseeing', 'Torre Lamberti', 'Museo Conte', 'Museo Radio']",Museo Lapidario,strategy_nearest,False,0.0024149417877197266,success
0443A24A9C4C80,3,"['Arena', 'Casa Giulietta', 'San Zeno']",Duomo,"['AMO', 'Museo Miniscalchi', 'Santa Anastasia', 'Teatro Romano', 'Palazzo della Ragione']",Teatro Romano,strategy_nearest,True,0.002080202102661133,success
0443B64A9C4C80,0,['Arena'],Casa Giulietta,"['Centro Fotografia', 'Sighseeing', 'Torre Lamberti', 'Museo Conte', 'Museo Radio']",Santa Anastasia,strategy_nearest,False,0.0032258033752441406,success
0443AD4A9C4C80,2,['Casa Giulietta'],Torre Lamberti,"['Sighseeing', 'Centro Fotografia', 'Museo Conte', 'Palazzo della Ragione', 'AMO']",Santa Anastasia,strategy_nearest,False,0.002810955047607422,success
0443B1429C4C80,0,['Arena'],Casa Giulietta,"['Centro Fotografia', 'Sighseeing', 'Torre Lamberti', 'Museo Conte', 'Museo Radio']",Torre Lamberti,strategy_nearest,True,0.002791881561279297,success
0443BF4A9C4C80,1,"['Arena', 'Torre Lamberti', 'Palazzo della Ragione']",San Fermo,"['Museo Storia', 'Museo Radio', 'Casa Giulietta', 'Centro Fotografia', 'Sighseeing']",Santa Anastasia,strategy_nearest,False,0.0013170242309570312,success
0443C34A9C4C80,1,['Arena'],Casa Giulietta,"['Centro Fotografia', 'Sighseeing', 'Torre Lamberti', 'Museo Conte', 'Museo Radio']",Palazzo della Ragione,strategy_nearest,False,0.0026922225952148438,success
0443B93A9C4C80,1,"['Arena', 'San Fermo', 'Giardino Giusti', 'Teatro Romano']",Duomo,"['AMO', 'Museo Miniscalchi', 'Santa Anastasia', 'Palazzo della Ragione', 'Museo Conte']",Santa Anastasia,strategy_nearest,True,0.0034122467041015625,success
0443C74A9C4C80,2,"['Casa Giulietta', 'Duomo']",Castelvecchio,"['Museo Lapidario', 'Verona Tour', 'Arena', 'Museo Radio', 'San Zeno']",Torre Lamberti,strategy_nearest,False,0.0033071041107177734,success
0443CD4A9C4C80,1,"['Arena', 'Casa Giulietta']",Palazzo della Ragione,"['AMO', 'Museo Conte', 'Torre Lamberti', 'Centro Fotografia', 'Sighseeing']",Torre Lamberti,strategy_nearest,True,0.0013148784637451172,success
0443CC4A9C4C80,0,"['Arena', 'San Fermo']",Casa Giulietta,"['Centro Fotografia', 'Sighseeing', 'Torre Lamberti', 'Museo Conte', 'Museo Radio']",Torre Lamberti,strategy_nearest,True,0.002608060836791992,success
0443D24A9C4C80,0,['Castelvecchio'],Arena,"['Verona Tour', 'Museo Lapidario', 'Museo Radio', 'San Fermo', 'Casa Giulietta']",Casa Giulietta,strategy_nearest,True,0.0027022361755371094,success
0443D4429C4C80,1,"['Arena', 'Casa Giulietta', 'Torre Lamberti', 'Santa Anastasia']",Duomo,"['AMO', 'Museo Miniscalchi', 'Teatro Romano', 'Palazzo della Ragione', 'Museo Conte']",Teatro Romano,strategy_nearest,True,0.003325223922729492,success
0443DC429C4C80,3,"['Torre Lamberti', 'Teatro Romano']",Santa Anastasia,"['AMO', 'Museo Conte', 'Palazzo della Ragione', 'Centro Fotografia', 'Duomo']",Casa Giulietta,strategy_nearest,False,0.0019979476928710938,success
0443DC3A9C4C80,3,"['Castelvecchio', 'San Zeno', 'Torre Lamberti']",Santa Anastasia,"['AMO', 'Museo Conte', 'Palazzo della Ragione', 'Teatro Romano', 'Centro Fotografia']",Teatro Romano,strategy_nearest,True,0.0034360885620117188,success
0443EB429C4C80,0,"['Arena', 'Casa Giulietta', 'Tomba Giulietta']",Castelvecchio,"['Museo Lapidario', 'Verona Tour', 'Museo Radio', 'San Zeno', 'Sighseeing']",Museo Lapidario,strategy_nearest,True,0.0033669471740722656,success
0443E9429C4C80,1,"['Arena', 'Casa Giulietta', 'Teatro Romano']",Duomo,"['AMO', 'Museo Miniscalchi', 'Santa Anastasia', 'Palazzo della Ragione', 'Museo Conte']",Torre Lamberti,strategy_nearest,False,0.0027611255645751953,success
0443F83A9C4C80,0,['Arena'],Torre Lamberti,"['Sighseeing', 'Centro Fotografia', 'Museo Conte', 'Casa Giulietta', 'Palazzo della Ragione']",Teatro Romano,strategy_nearest,False,0.0026788711547851562,success
0443F6429C4C80,1,"['Arena', 'Castelvecchio', 'San Zeno']",Casa Giulietta,"['Centro Fotografia', 'Sighseeing', 'Torre Lamberti', 'Museo Conte', 'Museo Radio']",Santa Anastasia,strategy_nearest,False,0.002544879913330078,success
0444003A9C4C84,0,['Casa Giulietta'],Arena,"['Verona Tour', 'Museo Lapidario', 'Museo Radio', 'San Fermo', 'Sighseeing']",Castelvecchio,strategy_nearest,False,0.002639293670654297,success
0444063A9C4C84,0,"['Museo Lapidario', 'Arena']",Castelvecchio,"['Verona Tour', 'Museo Radio', 'San Zeno', 'Sighseeing', 'Museo Miniscalchi']",Teatro Romano,strategy_nearest,False,0.001996755599975586,success
0444024A9C4C84,3,"['Arena', 'Casa Giulietta']",Torre Lamberti,"['Sighseeing', 'Centro Fotografia', 'Museo Conte', 'Palazzo della Ragione', 'AMO']",Santa Anastasia,strategy_nearest,False,0.0034029483795166016,success
0444034A9C4C84,0,"['Castelvecchio', 'Arena']",Tomba Giulietta,"['San Fermo', 'Museo Storia', 'Museo Lapidario', 'Museo Radio', 'Verona Tour']",Casa Giulietta,strategy_nearest,False,0.002788066864013672,success
04440B4A9C4C84,1,"['Arena', 'Casa Giulietta']",Torre Lamberti,"['Sighseeing', 'Centro Fotografia', 'Museo Conte', 'Palazzo della Ragione', 'AMO']",Palazzo della Ragione,strategy_nearest,True,0.003314971923828125,success
04440C429C4C84,3,"['Arena', 'Casa Giulietta', 'Torre Lamberti']",Santa Anastasia,"['AMO', 'Museo Conte', 'Palazzo della Ragione', 'Teatro Romano', 'Centro Fotografia']",Duomo,strategy_nearest,False,0.0016617774963378906,success
04440D4A9C4C84,0,['Arena'],Teatro Romano,"['Santa Anastasia', 'Duomo', 'AMO', 'Palazzo della Ragione', 'Museo Conte']",Casa Giulietta,strategy_nearest,False,0.00284576416015625,success
0444114A9C4C84,0,['San Zeno'],Arena,"['Verona Tour', 'Museo Lapidario', 'Museo Radio', 'San Fermo', 'Casa Giulietta']",Casa Giulietta,strategy_nearest,True,0.002774953842163086,success
044412429C4C84,0,['Torre Lamberti'],Casa Giulietta,"['Centro Fotografia', 'Sighseeing', 'Museo Conte', 'Museo Radio', 'Palazzo della Ragione']",Castelvecchio,strategy_nearest,False,0.0032241344451904297,success
0444264A9C4C80,3,"['Arena', 'Casa Giulietta', 'San Zeno']",Castelvecchio,"['Museo Lapidario', 'Verona Tour', 'Museo Radio', 'Sighseeing', 'Museo Miniscalchi']",Torre Lamberti,strategy_nearest,False,0.0045871734619140625,success
04442F429C4C80,1,"['Teatro Romano', 'Casa Giulietta', 'Duomo']",Castelvecchio,"['Museo Lapidario', 'Verona Tour', 'Arena', 'Museo Radio', 'San Zeno']",Arena,strategy_nearest,True,0.002553701400756836,success
0444404A9C4C80,0,"['Tomba Giulietta', 'Castelvecchio']",Torre Lamberti,"['Sighseeing', 'Centro Fotografia', 'Museo Conte', 'Casa Giulietta', 'Palazzo della Ragione']",Casa Giulietta,strategy_nearest,True,0.0032198429107666016,success
04443E3A9C4C80,1,"['Torre Lamberti', 'Palazzo della Ragione', 'Santa Anastasia', 'Casa Giulietta', 'San Fermo']",Tomba Giulietta,"['Museo Storia', 'Arena', 'Museo Lapidario', 'Museo Radio', 'Verona Tour']",Museo Lapidario,strategy_nearest,True,0.0013360977172851562,success
0444563A9C4C80,3,"['Castelvecchio', 'Arena', 'San Fermo']",Duomo,"['AMO', 'Museo Miniscalchi', 'Santa Anastasia', 'Teatro Romano', 'Palazzo della Ragione']",Teatro Romano,strategy_nearest,True,0.0021500587463378906,success
04444E4A9C4C80,0,['Arena'],Castelvecchio,"['Museo Lapidario', 'Verona Tour', 'Museo Radio', 'San Zeno', 'Sighseeing']",Casa Giulietta,strategy_nearest,False,0.002209186553955078,success
0444523A9C4C80,3,"['Teatro Romano', 'Santa Anastasia']",Arena,"['Verona Tour', 'Museo Lapidario', 'Museo Radio', 'San Fermo', 'Casa Giulietta']",Casa Giulietta,strategy_nearest,True,0.002853870391845703,success
044470429C4C80,3,"['Arena', 'Casa Giulietta']",Duomo,"['AMO', 'Museo Miniscalchi', 'Santa Anastasia', 'Teatro Romano', 'Palazzo della Ragione']",Teatro Romano,strategy_nearest,True,0.003304004669189453,success
0444884A9C4C80,0,['Arena'],Casa Giulietta,"['Centro Fotografia', 'Sighseeing', 'Torre Lamberti', 'Museo Conte', 'Museo Radio']",Torre Lamberti,strategy_nearest,True,0.003427267074584961,success
0444754A9C4C80,1,"['Arena', 'Casa Giulietta']",Palazzo della Ragione,"['AMO', 'Museo Conte', 'Torre Lamberti', 'Centro Fotografia', 'Sighseeing']",Torre Lamberti,strategy_nearest,True,0.0036530494689941406,success
044479429C4C80,3,"['Tomba Giulietta', 'Arena']",Casa Giulietta,"['Centro Fotografia', 'Sighseeing', 'Torre Lamberti', 'Museo Conte', 'Museo Radio']",Santa Anastasia,strategy_nearest,False,0.0035681724548339844,success
04447C4A9C4C80,1,"['Duomo', 'Santa Anastasia']",Palazzo della Ragione,"['AMO', 'Museo Conte', 'Torre Lamberti', 'Centro Fotografia', 'Sighseeing']",Casa Giulietta,strategy_nearest,False,0.0016908645629882812,success
044495429C4C80,1,"['Casa Giulietta', 'Palazzo della Ragione', 'Santa Anastasia', 'Arena']",Castelvecchio,"['Museo Lapidario', 'Verona Tour', 'Museo Radio', 'San Zeno', 'Sighseeing']",San Zeno,strategy_nearest,True,0.001977682113647461,success
04448F4A9C4C80,0,"['Arena', 'Museo Lapidario', 'Castelvecchio']",San Zeno,"['Verona Tour', 'Museo Miniscalchi', 'Sighseeing', 'Museo Radio', 'Torre Lamberti']",Torre Lamberti,strategy_nearest,True,0.0028040409088134766,success
04448A4A9C4C80,1,"['San Zeno', 'Castelvecchio', 'Arena']",Santa Anastasia,"['AMO', 'Museo Conte', 'Palazzo della Ragione', 'Teatro Romano', 'Centro Fotografia']",Casa Giulietta,strategy_nearest,False,0.003426790237426758,success
0444944A9C4C80,3,"['Arena', 'Torre Lamberti', 'Casa Giulietta']",San Zeno,"['Castelvecchio', 'Verona Tour', 'Museo Lapidario', 'Museo Miniscalchi', 'Sighseeing']",San Fermo,strategy_nearest,False,0.0014910697937011719,success
04449B429C4C80,3,['Castelvecchio'],Arena,"['Verona Tour', 'Museo Lapidario', 'Museo Radio', 'San Fermo', 'Casa Giulietta']",Teatro Romano,strategy_nearest,False,0.0022411346435546875,success
04449F429C4C80,1,"['Casa Giulietta', 'San Fermo', 'Museo Storia']",Arena,"['Verona Tour', 'Museo Lapidario', 'Museo Radio', 'Sighseeing', 'Castelvecchio']",Castelvecchio,strategy_nearest,True,0.002810239791870117,success
0444954A9C4C80,1,"['Arena', 'Casa Giulietta']",Torre Lamberti,"['Sighseeing', 'Centro Fotografia', 'Museo Conte', 'Palazzo della Ragione', 'AMO']",Palazzo della Ragione,strategy_nearest,True,0.0016849040985107422,success
0444A54A9C4C80,0,['Arena'],Castelvecchio,"['Museo Lapidario', 'Verona Tour', 'Museo Radio', 'San Zeno', 'Sighseeing']",Torre Lamberti,strategy_nearest,False,0.0033111572265625,success
0444BD3A9C4C80,1,"['Arena', 'Museo Lapidario', 'Castelvecchio']",Palazzo della Ragione,"['AMO', 'Museo Conte', 'Torre Lamberti', 'Centro Fotografia', 'Sighseeing']",Torre Lamberti,strategy_nearest,True,0.002680063247680664,success
0444BC4A9C4C80,0,['Arena'],Teatro Romano,"['Santa Anastasia', 'Duomo', 'AMO', 'Palazzo della Ragione', 'Museo Conte']",Duomo,strategy_nearest,True,0.0021500587463378906,success
0444B7429C4C80,1,['Arena'],Casa Giulietta,"['Centro Fotografia', 'Sighseeing', 'Torre Lamberti', 'Museo Conte', 'Museo Radio']",Palazzo della Ragione,strategy_nearest,False,0.0019941329956054688,success
0444B9429C4C80,3,['Arena'],Santa Anastasia,"['AMO', 'Museo Conte', 'Palazzo della Ragione', 'Teatro Romano', 'Centro Fotografia']",Torre Lamberti,strategy_nearest,False,0.00360107421875,success
0444BF4A9C4C80,1,"['Arena', 'Torre Lamberti', 'Palazzo della Ragione']",San Fermo,"['Museo Storia', 'Museo Radio', 'Casa Giulietta', 'Centro Fotografia', 'Sighseeing']",Santa Anastasia,strategy_nearest,False,0.002919912338256836,success
0444C94A9C4C80,0,['Arena'],Castelvecchio,"['Museo Lapidario', 'Verona Tour', 'Museo Radio', 'San Zeno', 'Sighseeing']",Torre Lamberti,strategy_nearest,False,0.0024268627166748047,success
0444C54A9C4C80,3,"['Arena', 'San Zeno']",Casa Giulietta,"['Centro Fotografia', 'Sighseeing', 'Torre Lamberti', 'Museo Conte', 'Museo Radio']",Santa Anastasia,strategy_nearest,False,0.0021371841430664062,success
0444C64A9C4C80,0,['Arena'],Casa Giulietta,"['Centro Fotografia', 'Sighseeing', 'Torre Lamberti', 'Museo Conte', 'Museo Radio']",Torre Lamberti,strategy_nearest,True,0.004040956497192383,success
0444CA4A9C4C80,0,"['Arena', 'Castelvecchio']",Torre Lamberti,"['Sighseeing', 'Centro Fotografia', 'Museo Conte', 'Casa Giulietta', 'Palazzo della Ragione']",Casa Giulietta,strategy_nearest,True,0.001995086669921875,success
0444D04A9C4C80,0,"['Tomba Giulietta', 'Arena']",Casa Giulietta,"['Centro Fotografia', 'Sighseeing', 'Torre Lamberti', 'Museo Conte', 'Museo Radio']",Teatro Romano,strategy_nearest,False,0.002489805221557617,success
0444CC4A9C4C80,3,"['Arena', 'Santa Anastasia']",Duomo,"['AMO', 'Museo Miniscalchi', 'Teatro Romano', 'Palazzo della Ragione', 'Museo Conte']",Torre Lamberti,strategy_nearest,False,0.002930164337158203,success
0444E2429C4C80,1,"['Arena', 'Casa Giulietta', 'Torre Lamberti']",Palazzo della Ragione,"['AMO', 'Museo Conte', 'Centro Fotografia', 'Sighseeing', 'Santa Anastasia']",Duomo,strategy_nearest,False,0.003340005874633789,success
0444EB4A9C4C80,2,"['Castelvecchio', 'Casa Giulietta']",Santa Anastasia,"['AMO', 'Museo Conte', 'Palazzo della Ragione', 'Teatro Romano', 'Centro Fotografia']",Duomo,strategy_nearest,False,0.003443002700805664,success
0444EE4A9C4C80,1,"['Arena', 'Casa Giulietta', 'Santa Anastasia']",Duomo,"['AMO', 'Museo Miniscalchi', 'Teatro Romano', 'Palazzo della Ragione', 'Museo Conte']",Castelvecchio,strategy_nearest,False,0.0027027130126953125,success
0444FB3A9C4C80,3,"['Arena', 'Santa Anastasia']",Duomo,"['AMO', 'Museo Miniscalchi', 'Teatro Romano', 'Palazzo della Ragione', 'Museo Conte']",Torre Lamberti,strategy_nearest,False,0.0020551681518554688,success
044500429C4C84,2,['Torre Lamberti'],Teatro Romano,"['Santa Anastasia', 'Duomo', 'AMO', 'Palazzo della Ragione', 'Museo Conte']",San Zeno,strategy_nearest,False,0.0015070438385009766,success
0445024A9C4C84,0,['Castelvecchio'],Torre Lamberti,"['Sighseeing', 'Centro Fotografia', 'Museo Conte', 'Casa Giulietta', 'Palazzo della Ragione']",Arena,strategy_nearest,False,0.003233194351196289,success
0444FF4A9C4C80,0,['Torre Lamberti'],Arena,"['Verona Tour', 'Museo Lapidario', 'Museo Radio', 'San Fermo', 'Casa Giulietta']",Casa Giulietta,strategy_nearest,True,0.003545999526977539,success
0445004A9C4C84,3,"['Arena', 'San Zeno']",Torre Lamberti,"['Sighseeing', 'Centro Fotografia', 'Museo Conte', 'Casa Giulietta', 'Palazzo della Ragione']",Santa Anastasia,strategy_nearest,False,0.0021309852600097656,success
0445094A9C4C84,1,"['Arena', 'Casa Giulietta']",Torre Lamberti,"['Sighseeing', 'Centro Fotografia', 'Museo Conte', 'Palazzo della Ragione', 'AMO']",Palazzo della Ragione,strategy_nearest,True,0.0022008419036865234,success
04450E4A9C4C84,1,"['Palazzo della Ragione', 'Torre Lamberti', 'Santa Anastasia']",Duomo,"['AMO', 'Museo Miniscalchi', 'Teatro Romano', 'Museo Conte', 'Centro Fotografia']",Castelvecchio,strategy_nearest,False,0.001461029052734375,success
04450B4A9C4C84,2,['Casa Giulietta'],Torre Lamberti,"['Sighseeing', 'Centro Fotografia', 'Museo Conte', 'Palazzo della Ragione', 'AMO']",Santa Anastasia,strategy_nearest,False,0.0028138160705566406,success
044512429C4C84,1,['Arena'],Casa Giulietta,"['Centro Fotografia', 'Sighseeing', 'Torre Lamberti', 'Museo Conte', 'Museo Radio']",Tomba Giulietta,strategy_nearest,False,0.003410816192626953,success
04452B4A9C4C80,3,"['Duomo', 'Arena', 'Torre Lamberti']",Casa Giulietta,"['Centro Fotografia', 'Sighseeing', 'Museo Conte', 'Museo Radio', 'Palazzo della Ragione']",Castelvecchio,strategy_nearest,False,0.0026531219482421875,success
044512BA7B3F84,3,"['Museo Lapidario', 'Castelvecchio']",Arena,"['Verona Tour', 'Museo Radio', 'San Fermo', 'Casa Giulietta', 'Sighseeing']",Santa Anastasia,strategy_nearest,False,0.004778861999511719,success
0445244A9C4C80,3,"['Arena', 'Santa Anastasia', 'Duomo']",Casa Giulietta,"['Centro Fotografia', 'Sighseeing', 'Torre Lamberti', 'Museo Conte', 'Museo Radio']",Torre Lamberti,strategy_nearest,True,0.0028061866760253906,success
0445274A9C4C80,1,"['Castelvecchio', 'San Zeno', 'Arena', 'Casa Giulietta']",Duomo,"['AMO', 'Museo Miniscalchi', 'Santa Anastasia', 'Teatro Romano', 'Palazzo della Ragione']",Teatro Romano,strategy_nearest,True,0.0012578964233398438,success
0445373A9C4C80,0,['Arena'],Casa Giulietta,"['Centro Fotografia', 'Sighseeing', 'Torre Lamberti', 'Museo Conte', 'Museo Radio']",Palazzo della Ragione,strategy_nearest,False,0.001764059066772461,success
0445374A9C4C80,3,"['Torre Lamberti', 'San Fermo', 'Santa Anastasia']",San Zeno,"['Castelvecchio', 'Verona Tour', 'Museo Lapidario', 'Arena', 'Museo Miniscalchi']",Castelvecchio,strategy_nearest,True,0.0019459724426269531,success
04453E3A9C4C80,2,"['Castelvecchio', 'Santa Anastasia', 'Duomo']",Casa Giulietta,"['Centro Fotografia', 'Sighseeing', 'Torre Lamberti', 'Museo Conte', 'Museo Radio']",Museo Lapidario,strategy_nearest,False,0.003184080123901367,success
0445524A9C4C80,0,['Arena'],Casa Giulietta,"['Centro Fotografia', 'Sighseeing', 'Torre Lamberti', 'Museo Conte', 'Museo Radio']",Torre Lamberti,strategy_nearest,True,0.0028781890869140625,success
04453D4A9C4C80,1,['Arena'],Casa Giulietta,"['Centro Fotografia', 'Sighseeing', 'Torre Lamberti', 'Museo Conte', 'Museo Radio']",Palazzo della Ragione,strategy_nearest,False,0.002876758575439453,success
0445404A9C4C80,3,['Arena'],Santa Anastasia,"['AMO', 'Museo Conte', 'Palazzo della Ragione', 'Teatro Romano', 'Centro Fotografia']",Duomo,strategy_nearest,False,0.0024912357330322266,success
0445563A9C4C80,3,['Santa Anastasia'],Casa Giulietta,"['Centro Fotografia', 'Sighseeing', 'Torre Lamberti', 'Museo Conte', 'Museo Radio']",San Fermo,strategy_nearest,False,0.002711057662963867,success
04456D429C4C80,3,"['Duomo', 'Santa Anastasia']",Casa Giulietta,"['Centro Fotografia', 'Sighseeing', 'Torre Lamberti', 'Museo Conte', 'Museo Radio']",Arena,strategy_nearest,False,0.0026769638061523438,success
04457D4A9C4C80,1,"['San Fermo', 'Casa Giulietta']",Palazzo della Ragione,"['AMO', 'Museo Conte', 'Torre Lamberti', 'Centro Fotografia', 'Sighseeing']",Arena,strategy_nearest,False,0.0014078617095947266,success
04459B429C4C80,0,['Arena'],Casa Giulietta,"['Centro Fotografia', 'Sighseeing', 'Torre Lamberti', 'Museo Conte', 'Museo Radio']",Torre Lamberti,strategy_nearest,True,0.0013010501861572266,success
04459D429C4C80,1,"['Palazzo della Ragione', 'Arena']",Castelvecchio,"['Museo Lapidario', 'Verona Tour', 'Museo Radio', 'San Zeno', 'Sighseeing']",Teatro Romano,strategy_nearest,False,0.002641916275024414,success
04458B429C4C80,0,"['Arena', 'Casa Giulietta']",Torre Lamberti,"['Sighseeing', 'Centro Fotografia', 'Museo Conte', 'Palazzo della Ragione', 'AMO']",Museo Lapidario,strategy_nearest,False,0.004598855972290039,success
04459F4A9C4C80,0,['Castelvecchio'],Casa Giulietta,"['Centro Fotografia', 'Sighseeing', 'Torre Lamberti', 'Museo Conte', 'Museo Radio']",Arena,strategy_nearest,False,0.0030362606048583984,success
0445A54A9C4C80,1,"['Arena', 'Casa Giulietta', 'Torre Lamberti']",Palazzo della Ragione,"['AMO', 'Museo Conte', 'Centro Fotografia', 'Sighseeing', 'Santa Anastasia']",Castelvecchio,strategy_nearest,False,0.0022110939025878906,success
0445AB4A9C4C80,3,['Torre Lamberti'],Casa Giulietta,"['Centro Fotografia', 'Sighseeing', 'Museo Conte', 'Museo Radio', 'Palazzo della Ragione']",Santa Anastasia,strategy_nearest,False,0.0028481483459472656,success
0445B4429C4C80,0,['Castelvecchio'],Arena,"['Verona Tour', 'Museo Lapidario', 'Museo Radio', 'San Fermo', 'Casa Giulietta']",Casa Giulietta,strategy_nearest,True,0.0014109611511230469,success
0445B7429C4C80,1,['Torre Lamberti'],Casa Giulietta,"['Centro Fotografia', 'Sighseeing', 'Museo Conte', 'Museo Radio', 'Palazzo della Ragione']",Palazzo della Ragione,strategy_nearest,True,0.006095170974731445,success
0445B74A9C4C80,0,['Arena'],Castelvecchio,"['Museo Lapidario', 'Verona Tour', 'Museo Radio', 'San Zeno', 'Sighseeing']",Casa Giulietta,strategy_nearest,False,0.006986856460571289,success
0445B84A9C4C80,0,"['Teatro Romano', 'Casa Giulietta']",Arena,"['Verona Tour', 'Museo Lapidario', 'Museo Radio', 'San Fermo', 'Sighseeing']",Castelvecchio,strategy_nearest,False,0.006044149398803711,success
0445B44A9C4C80,0,['Arena'],Castelvecchio,"['Museo Lapidario', 'Verona Tour', 'Museo Radio', 'San Zeno', 'Sighseeing']",Santa Anastasia,strategy_nearest,False,0.020218849182128906,success
0445A4429C4C80,1,"['Arena', 'Casa Giulietta', 'Duomo']",Torre Lamberti,"['Sighseeing', 'Centro Fotografia', 'Museo Conte', 'Palazzo della Ragione', 'AMO']",Palazzo della Ragione,strategy_nearest,True,0.024258136749267578,success
0445BC4A9C4C80,1,"['Arena', 'Torre Lamberti', 'Palazzo della Ragione']",Santa Anastasia,"['AMO', 'Museo Conte', 'Teatro Romano', 'Centro Fotografia', 'Duomo']",Duomo,strategy_nearest,True,0.007299900054931641,success
0445C03A9C4C80,1,"['Arena', 'San Fermo', 'Giardino Giusti', 'Teatro Romano']",Duomo,"['AMO', 'Museo Miniscalchi', 'Santa Anastasia', 'Palazzo della Ragione', 'Museo Conte']",Santa Anastasia,strategy_nearest,True,0.0027208328247070312,success
0445D1429C4C80,0,"['Arena', 'Casa Giulietta']",Museo Lapidario,"['Verona Tour', 'Castelvecchio', 'Museo Radio', 'San Fermo', 'Tomba Giulietta']",Tomba Giulietta,strategy_nearest,True,0.00374603271484375,success
0445DA429C4C80,2,"['Teatro Romano', 'Casa Giulietta', 'Santa Anastasia']",Duomo,"['AMO', 'Museo Miniscalchi', 'Palazzo della Ragione', 'Museo Conte', 'Torre Lamberti']",Palazzo della Ragione,strategy_nearest,True,0.004469871520996094,success
0445E13A9C4C80,2,"['Casa Giulietta', 'Torre Lamberti']",Palazzo della Ragione,"['AMO', 'Museo Conte', 'Centro Fotografia', 'Sighseeing', 'Santa Anastasia']",Santa Anastasia,strategy_nearest,True,0.00138092041015625,success
0445E2429C4C80,0,"['Arena', 'Castelvecchio']",Casa Giulietta,"['Centro Fotografia', 'Sighseeing', 'Torre Lamberti', 'Museo Conte', 'Museo Radio']",Teatro Romano,strategy_nearest,False,0.0023212432861328125,success
0445EA4A9C4C80,2,"['Casa Giulietta', 'Torre Lamberti']",Teatro Romano,"['Santa Anastasia', 'Duomo', 'AMO', 'Palazzo della Ragione', 'Museo Conte']",Duomo,strategy_nearest,True,0.0034551620483398438,success
0445E94A9C4C80,3,"['Arena', 'Torre Lamberti']",San Fermo,"['Museo Storia', 'Museo Radio', 'Casa Giulietta', 'Centro Fotografia', 'Sighseeing']",Duomo,strategy_nearest,False,0.0030531883239746094,success
0445EC3A9C4C80,3,"['Arena', 'Casa Giulietta']",Torre Lamberti,"['Sighseeing', 'Centro Fotografia', 'Museo Conte', 'Palazzo della Ragione', 'AMO']",Santa Anastasia,strategy_nearest,False,0.0028781890869140625,success
0445F0429C4C80,0,['Arena'],Casa Giulietta,"['Centro Fotografia', 'Sighseeing', 'Torre Lamberti', 'Museo Conte', 'Museo Radio']",Torre Lamberti,strategy_nearest,True,0.0027120113372802734,success
0445EE429C4C80,1,"['Castelvecchio', 'Arena']",Casa Giulietta,"['Centro Fotografia', 'Sighseeing', 'Torre Lamberti', 'Museo Conte', 'Museo Radio']",Palazzo della Ragione,strategy_nearest,False,0.0022001266479492188,success
0445FE4A9C4C80,0,['Arena'],Casa Giulietta,"['Centro Fotografia', 'Sighseeing', 'Torre Lamberti', 'Museo Conte', 'Museo Radio']",Duomo,strategy_nearest,False,0.0033452510833740234,success
04460F429C4C84,0,['Arena'],Casa Giulietta,"['Centro Fotografia', 'Sighseeing', 'Torre Lamberti', 'Museo Conte', 'Museo Radio']",Santa Anastasia,strategy_nearest,False,0.0021381378173828125,success
044612429C4C84,0,['Arena'],Torre Lamberti,"['Sighseeing', 'Centro Fotografia', 'Museo Conte', 'Casa Giulietta', 'Palazzo della Ragione']",Casa Giulietta,strategy_nearest,True,0.002706766128540039,success
0445FF4A9C4C80,0,['Arena'],Casa Giulietta,"['Centro Fotografia', 'Sighseeing', 'Torre Lamberti', 'Museo Conte', 'Museo Radio']",Castelvecchio,strategy_nearest,False,0.004210233688354492,success
0446034A9C4C84,0,['Casa Giulietta'],Torre Lamberti,"['Sighseeing', 'Centro Fotografia', 'Museo Conte', 'Palazzo della Ragione', 'AMO']",Arena,strategy_nearest,False,0.0020449161529541016,success
044647429C4C80,0,"['Arena', 'Casa Giulietta']",Torre Lamberti,"['Sighseeing', 'Centro Fotografia', 'Museo Conte', 'Palazzo della Ragione', 'AMO']",Castelvecchio,strategy_nearest,False,0.0014081001281738281,success
0446374A9C4C80,0,"['Arena', 'Casa Giulietta']",Torre Lamberti,"['Sighseeing', 'Centro Fotografia', 'Museo Conte', 'Palazzo della Ragione', 'AMO']",Teatro Romano,strategy_nearest,False,0.002696990966796875,success
044613429C4C84,0,['Arena'],Duomo,"['AMO', 'Museo Miniscalchi', 'Santa Anastasia', 'Teatro Romano', 'Palazzo della Ragione']",San Zeno,strategy_nearest,False,0.0028162002563476562,success
0446353A9C4C80,0,"['Arena', 'Torre Lamberti']",Casa Giulietta,"['Centro Fotografia', 'Sighseeing', 'Museo Conte', 'Museo Radio', 'Palazzo della Ragione']",Tomba Giulietta,strategy_nearest,False,0.0034742355346679688,success
04465A429C4C80,2,"['Torre Lamberti', 'Casa Giulietta', 'San Fermo']",Tomba Giulietta,"['Museo Storia', 'Arena', 'Museo Lapidario', 'Museo Radio', 'Verona Tour']",Castelvecchio,strategy_nearest,False,0.0022919178009033203,success
0446563A9C4C80,0,['Arena'],Santa Anastasia,"['AMO', 'Museo Conte', 'Palazzo della Ragione', 'Teatro Romano', 'Centro Fotografia']",Casa Giulietta,strategy_nearest,False,0.0017163753509521484,success
04465A3A9C4C80,2,"['Casa Giulietta', 'Palazzo della Ragione']",Santa Anastasia,"['AMO', 'Museo Conte', 'Teatro Romano', 'Centro Fotografia', 'Duomo']",Giardino Giusti,strategy_nearest,False,0.0029599666595458984,success
0446754A9C4C80,0,"['Arena', 'Museo Lapidario']",Castelvecchio,"['Verona Tour', 'Museo Radio', 'San Zeno', 'Sighseeing', 'Museo Miniscalchi']",Casa Giulietta,strategy_nearest,False,0.0033540725708007812,success
04467C4A9C4C80,3,"['Santa Anastasia', 'Teatro Romano']",Arena,"['Verona Tour', 'Museo Lapidario', 'Museo Radio', 'San Fermo', 'Casa Giulietta']",Casa Giulietta,strategy_nearest,True,0.0027201175689697266,success
04467A4A9C4C80,3,"['Torre Lamberti', 'Santa Anastasia']",Duomo,"['AMO', 'Museo Miniscalchi', 'Teatro Romano', 'Palazzo della Ragione', 'Museo Conte']",Teatro Romano,strategy_nearest,True,0.0016498565673828125,success
04468D4A9C4C80,1,"['Castelvecchio', 'Museo Lapidario']",Arena,"['Verona Tour', 'Museo Radio', 'San Fermo', 'Casa Giulietta', 'Sighseeing']",Casa Giulietta,strategy_nearest,True,0.0029981136322021484,success
04468A4A9C4C80,0,['Arena'],Castelvecchio,"['Museo Lapidario', 'Verona Tour', 'Museo Radio', 'San Zeno', 'Sighseeing']",Casa Giulietta,strategy_nearest,False,0.003880023956298828,success
0446984A9C4C80,0,['Arena'],San Zeno,"['Castelvecchio', 'Verona Tour', 'Museo Lapidario', 'Museo Miniscalchi', 'Sighseeing']",Casa Giulietta,strategy_nearest,False,0.0024530887603759766,success
044698429C4C80,3,"['Casa Giulietta', 'Torre Lamberti']",Santa Anastasia,"['AMO', 'Museo Conte', 'Palazzo della Ragione', 'Teatro Romano', 'Centro Fotografia']",Teatro Romano,strategy_nearest,True,0.0018558502197265625,success
04469A429C4C80,1,"['Casa Giulietta', 'Arena']",Teatro Romano,"['Santa Anastasia', 'Duomo', 'AMO', 'Palazzo della Ragione', 'Museo Conte']",Duomo,strategy_nearest,True,0.003526926040649414,success
0446924A9C4C80,0,['Arena'],Casa Giulietta,"['Centro Fotografia', 'Sighseeing', 'Torre Lamberti', 'Museo Conte', 'Museo Radio']",Torre Lamberti,strategy_nearest,True,0.00322723388671875,success
0446AC3A9C4C80,0,['Arena'],Casa Giulietta,"['Centro Fotografia', 'Sighseeing', 'Torre Lamberti', 'Museo Conte', 'Museo Radio']",Castelvecchio,strategy_nearest,False,0.0013611316680908203,success
0446AC4A9C4C80,3,"['Arena', 'Castelvecchio']",Duomo,"['AMO', 'Museo Miniscalchi', 'Santa Anastasia', 'Teatro Romano', 'Palazzo della Ragione']",Santa Anastasia,strategy_nearest,True,0.0028629302978515625,success
04469B429C4C80,1,"['Arena', 'Casa Giulietta']",Palazzo della Ragione,"['AMO', 'Museo Conte', 'Torre Lamberti', 'Centro Fotografia', 'Sighseeing']",Castelvecchio,strategy_nearest,False,0.002167224884033203,success
0446B54A9C4C80,2,['Museo Lapidario'],Castelvecchio,"['Verona Tour', 'Arena', 'Museo Radio', 'San Zeno', 'Sighseeing']",Duomo,strategy_nearest,False,0.003216981887817383,success
0446B83A9C4C80,3,['Arena'],Santa Anastasia,"['AMO', 'Museo Conte', 'Palazzo della Ragione', 'Teatro Romano', 'Centro Fotografia']",Duomo,strategy_nearest,False,0.003141164779663086,success
0446B63A9C4C80,0,['Arena'],Casa Giulietta,"['Centro Fotografia', 'Sighseeing', 'Torre Lamberti', 'Museo Conte', 'Museo Radio']",Teatro Romano,strategy_nearest,False,0.0026171207427978516,success
0446B84A9C4C80,0,['Teatro Romano'],Arena,"['Verona Tour', 'Museo Lapidario', 'Museo Radio', 'San Fermo', 'Casa Giulietta']",Casa Giulietta,strategy_nearest,True,0.0017750263214111328,success
0446C03A9C4C80,3,"['Torre Lamberti', 'Santa Anastasia']",Duomo,"['AMO', 'Museo Miniscalchi', 'Teatro Romano', 'Palazzo della Ragione', 'Museo Conte']",Casa Giulietta,strategy_nearest,False,0.003589153289794922,success
0446C3429C4C80,3,"['Arena', 'Casa Giulietta']",Torre Lamberti,"['Sighseeing', 'Centro Fotografia', 'Museo Conte', 'Palazzo della Ragione', 'AMO']",Santa Anastasia,strategy_nearest,False,0.0014832019805908203,success
0446C13A9C4C80,0,"['Arena', 'Duomo']",Castelvecchio,"['Museo Lapidario', 'Verona Tour', 'Museo Radio', 'San Zeno', 'Sighseeing']",Casa Giulietta,strategy_nearest,False,0.0023233890533447266,success
0446C84A9C4C80,2,['Casa Giulietta'],Santa Anastasia,"['AMO', 'Museo Conte', 'Palazzo della Ragione', 'Teatro Romano', 'Centro Fotografia']",Duomo,strategy_nearest,False,0.0027408599853515625,success
0446C54A9C4C80,1,"['Arena', 'San Fermo', 'Casa Giulietta']",Teatro Romano,"['Santa Anastasia', 'Duomo', 'AMO', 'Palazzo della Ragione', 'Museo Conte']",Tomba Giulietta,strategy_nearest,False,0.0035858154296875,success
0446D53A9C4C80,3,"['Arena', 'Casa Giulietta', 'Santa Anastasia']",Duomo,"['AMO', 'Museo Miniscalchi', 'Teatro Romano', 'Palazzo della Ragione', 'Museo Conte']",Torre Lamberti,strategy_nearest,False,0.0013289451599121094,success
0446D93A9C4C80,3,"['Arena', 'Castelvecchio']",Santa Anastasia,"['AMO', 'Museo Conte', 'Palazzo della Ragione', 'Teatro Romano', 'Centro Fotografia']",Duomo,strategy_nearest,False,0.0033028125762939453,success
0446CC4A9C4C80,3,"['Arena', 'Santa Anastasia']",Duomo,"['AMO', 'Museo Miniscalchi', 'Teatro Romano', 'Palazzo della Ragione', 'Museo Conte']",Torre Lamberti,strategy_nearest,False,0.00298309326171875,success
0446D03A9C4C80,0,['Castelvecchio'],Arena,"['Verona Tour', 'Museo Lapidario', 'Museo Radio', 'San Fermo', 'Casa Giulietta']",Casa Giulietta,strategy_nearest,True,0.002913951873779297,success
0446EF4A9C4C80,0,['Arena'],Casa Giulietta,"['Centro Fotografia', 'Sighseeing', 'Torre Lamberti', 'Museo Conte', 'Museo Radio']",Santa Anastasia,strategy_nearest,False,0.0024068355560302734,success
0446F13A9C4C80,0,['Castelvecchio'],Arena,"['Verona Tour', 'Museo Lapidario', 'Museo Radio', 'San Fermo', 'Casa Giulietta']",San Zeno,strategy_nearest,False,0.0015969276428222656,success
0446E94A9C4C80,3,"['Arena', 'Casa Giulietta']",Torre Lamberti,"['Sighseeing', 'Centro Fotografia', 'Museo Conte', 'Palazzo della Ragione', 'AMO']",Duomo,strategy_nearest,False,0.003754854202270508,success
0446DF429C4C80,2,['Casa Giulietta'],Duomo,"['AMO', 'Museo Miniscalchi', 'Santa Anastasia', 'Teatro Romano', 'Palazzo della Ragione']",Teatro Romano,strategy_nearest,True,0.0031087398529052734,success
0446FB429C4C80,0,"['Arena', 'Casa Giulietta']",Tomba Giulietta,"['San Fermo', 'Museo Storia', 'Museo Lapidario', 'Museo Radio', 'Verona Tour']",Teatro Romano,strategy_nearest,False,0.002435922622680664,success
0446F33A9C4C80,3,"['Arena', 'Santa Anastasia']",Teatro Romano,"['Duomo', 'AMO', 'Palazzo della Ragione', 'Museo Conte', 'Centro Fotografia']",Torre Lamberti,strategy_nearest,False,0.0016198158264160156,success
0446F94A9C4C80,0,['Arena'],Casa Giulietta,"['Centro Fotografia', 'Sighseeing', 'Torre Lamberti', 'Museo Conte', 'Museo Radio']",Torre Lamberti,strategy_nearest,True,0.003130197525024414,success
0447044A9C4C84,0,['Arena'],Castelvecchio,"['Museo Lapidario', 'Verona Tour', 'Museo Radio', 'San Zeno', 'Sighseeing']",Teatro Romano,strategy_nearest,False,0.0034999847412109375,success
04470E4A9C4C84,3,"['Arena', 'Casa Giulietta']",Torre Lamberti,"['Sighseeing', 'Centro Fotografia', 'Museo Conte', 'Palazzo della Ragione', 'AMO']",Santa Anastasia,strategy_nearest,False,0.0020830631256103516,success
044708429C4C84,3,"['San Zeno', 'Arena', 'Tomba Giulietta']",Giardino Giusti,"['Santa Anastasia', 'Teatro Romano', 'Museo Conte', 'Centro Fotografia', 'Museo Storia']",Teatro Romano,strategy_nearest,True,0.0036139488220214844,success
04470D4A9C4C84,1,"['Arena', 'Torre Lamberti']",Palazzo della Ragione,"['AMO', 'Museo Conte', 'Centro Fotografia', 'Sighseeing', 'Santa Anastasia']",Teatro Romano,strategy_nearest,False,0.002804994583129883,success
04470A429C4C84,0,['Arena'],Castelvecchio,"['Museo Lapidario', 'Verona Tour', 'Museo Radio', 'San Zeno', 'Sighseeing']",Casa Giulietta,strategy_nearest,False,0.0017428398132324219,success
04472B429C4C80,1,"['Castelvecchio', 'Casa Giulietta']",Palazzo della Ragione,"['AMO', 'Museo Conte', 'Torre Lamberti', 'Centro Fotografia', 'Sighseeing']",Torre Lamberti,strategy_nearest,True,0.0023899078369140625,success
0447303A9C4C80,3,"['Arena', 'San Zeno']",Castelvecchio,"['Museo Lapidario', 'Verona Tour', 'Museo Radio', 'Sighseeing', 'Museo Miniscalchi']",Torre Lamberti,strategy_nearest,False,0.00287628173828125,success
04470F4A9C4C84,0,"['Castelvecchio', 'Torre Lamberti']",Arena,"['Verona Tour', 'Museo Lapidario', 'Museo Radio', 'San Fermo', 'Casa Giulietta']",Casa Giulietta,strategy_nearest,True,0.0016720294952392578,success
0447403A9C4C80,3,"['Santa Anastasia', 'Casa Giulietta', 'Teatro Romano', 'Giardino Giusti']",San Zeno,"['Castelvecchio', 'Verona Tour', 'Museo Lapidario', 'Arena', 'Museo Miniscalchi']",Castelvecchio,strategy_nearest,True,0.0035021305084228516,success
0447603A9C4C80,1,['Palazzo della Ragione'],Castelvecchio,"['Museo Lapidario', 'Verona Tour', 'Arena', 'Museo Radio', 'San Zeno']",Santa Anastasia,strategy_nearest,False,0.0034470558166503906,success
0447414A9C4C80,0,['Arena'],Casa Giulietta,"['Centro Fotografia', 'Sighseeing', 'Torre Lamberti', 'Museo Conte', 'Museo Radio']",Teatro Romano,strategy_nearest,False,0.0023469924926757812,success
0447493A9C4C80,1,"['Arena', 'San Fermo', 'Casa Giulietta']",Santa Anastasia,"['AMO', 'Museo Conte', 'Palazzo della Ragione', 'Teatro Romano', 'Centro Fotografia']",Palazzo della Ragione,strategy_nearest,True,0.0030851364135742188,success
0447543A9C4C80,0,['Castelvecchio'],Arena,"['Verona Tour', 'Museo Lapidario', 'Museo Radio', 'San Fermo', 'Casa Giulietta']",Casa Giulietta,strategy_nearest,True,0.0022389888763427734,success
044773429C4C80,0,['Arena'],Castelvecchio,"['Museo Lapidario', 'Verona Tour', 'Museo Radio', 'San Zeno', 'Sighseeing']",Torre Lamberti,strategy_nearest,False,0.0017840862274169922,success
044775429C4C80,0,['Arena'],Castelvecchio,"['Museo Lapidario', 'Verona Tour', 'Museo Radio', 'San Zeno', 'Sighseeing']",Duomo,strategy_nearest,False,0.00232696533203125,success
04477D3A9C4C80,1,"['Santa Anastasia', 'Palazzo della Ragione']",Torre Lamberti,"['Sighseeing', 'Centro Fotografia', 'Museo Conte', 'Casa Giulietta', 'AMO']",Casa Giulietta,strategy_nearest,True,0.0035560131072998047,success
0447633A9C4C80,2,"['Torre Lamberti', 'Teatro Romano']",Casa Giulietta,"['Centro Fotografia', 'Sighseeing', 'Museo Conte', 'Museo Radio', 'Palazzo della Ragione']",Giardino Giusti,strategy_nearest,False,0.003108978271484375,success
04479F429C4C80,3,"['Castelvecchio', 'Arena', 'Casa Giulietta']",Tomba Giulietta,"['San Fermo', 'Museo Storia', 'Museo Lapidario', 'Museo Radio', 'Verona Tour']",San Fermo,strategy_nearest,True,0.0029458999633789062,success
04478D4A9C4C80,0,['Torre Lamberti'],Casa Giulietta,"['Centro Fotografia', 'Sighseeing', 'Museo Conte', 'Museo Radio', 'Palazzo della Ragione']",Arena,strategy_nearest,False,0.0024759769439697266,success
04478C429C4C80,3,"['Arena', 'Casa Giulietta', 'Duomo']",Teatro Romano,"['Santa Anastasia', 'AMO', 'Palazzo della Ragione', 'Museo Conte', 'Centro Fotografia']",Santa Anastasia,strategy_nearest,True,0.0037908554077148438,success
0447984A9C4C80,1,"['Arena', 'Casa Giulietta']",Torre Lamberti,"['Sighseeing', 'Centro Fotografia', 'Museo Conte', 'Palazzo della Ragione', 'AMO']",Palazzo della Ragione,strategy_nearest,True,0.0018279552459716797,success
0447B34A9C4C80,0,['Arena'],Torre Lamberti,"['Sighseeing', 'Centro Fotografia', 'Museo Conte', 'Casa Giulietta', 'Palazzo della Ragione']",San Fermo,strategy_nearest,False,0.0015158653259277344,success
0447AE4A9C4C80,3,"['Arena', 'Casa Giulietta', 'Santa Anastasia']",Duomo,"['AMO', 'Museo Miniscalchi', 'Teatro Romano', 'Palazzo della Ragione', 'Museo Conte']",Torre Lamberti,strategy_nearest,False,0.002183198928833008,success
0447A1429C4C80,0,['Arena'],Torre Lamberti,"['Sighseeing', 'Centro Fotografia', 'Museo Conte', 'Casa Giulietta', 'Palazzo della Ragione']",Duomo,strategy_nearest,False,0.0030901432037353516,success
0447B44A9C4C80,3,"['Arena', 'Casa Giulietta']",Castelvecchio,"['Museo Lapidario', 'Verona Tour', 'Museo Radio', 'San Zeno', 'Sighseeing']",San Zeno,strategy_nearest,True,0.003612995147705078,success
0447B73A9C4C80,2,"['Casa Giulietta', 'Torre Lamberti']",Santa Anastasia,"['AMO', 'Museo Conte', 'Palazzo della Ragione', 'Teatro Romano', 'Centro Fotografia']",Duomo,strategy_nearest,False,0.001711130142211914,success
0447B84A9C4C80,0,['Arena'],Castelvecchio,"['Museo Lapidario', 'Verona Tour', 'Museo Radio', 'San Zeno', 'Sighseeing']",Casa Giulietta,strategy_nearest,False,0.0033130645751953125,success
0447BB3A9C4C80,0,['Arena'],Casa Giulietta,"['Centro Fotografia', 'Sighseeing', 'Torre Lamberti', 'Museo Conte', 'Museo Radio']",Torre Lamberti,strategy_nearest,True,0.0019426345825195312,success
0447CF4A9C4C80,3,['Castelvecchio'],Arena,"['Verona Tour', 'Museo Lapidario', 'Museo Radio', 'San Fermo', 'Casa Giulietta']",San Fermo,strategy_nearest,True,0.0020380020141601562,success
0447C0429C4C80,0,['Arena'],Torre Lamberti,"['Sighseeing', 'Centro Fotografia', 'Museo Conte', 'Casa Giulietta', 'Palazzo della Ragione']",Casa Giulietta,strategy_nearest,True,0.0034570693969726562,success
0447C14A9C4C80,3,"['Arena', 'Casa Giulietta']",Torre Lamberti,"['Sighseeing', 'Centro Fotografia', 'Museo Conte', 'Palazzo della Ragione', 'AMO']",Santa Anastasia,strategy_nearest,False,0.0027189254760742188,success
0447BC4A9C4C80,0,"['Tomba Giulietta', 'Arena']",Casa Giulietta,"['Centro Fotografia', 'Sighseeing', 'Torre Lamberti', 'Museo Conte', 'Museo Radio']",Teatro Romano,strategy_nearest,False,0.003050088882446289,success
0447D3429C4C80,1,"['Casa Giulietta', 'Tomba Giulietta', 'Palazzo della Ragione']",Arena,"['Verona Tour', 'Museo Lapidario', 'Museo Radio', 'San Fermo', 'Sighseeing']",Teatro Romano,strategy_nearest,False,0.0016508102416992188,success
0447DF429C4C80,3,"['Arena', 'San Fermo', 'Teatro Romano']",Duomo,"['AMO', 'Museo Miniscalchi', 'Santa Anastasia', 'Palazzo della Ragione', 'Museo Conte']",Castelvecchio,strategy_nearest,False,0.0021910667419433594,success
0447E83A9C4C80,0,['Arena'],Casa Giulietta,"['Centro Fotografia', 'Sighseeing', 'Torre Lamberti', 'Museo Conte', 'Museo Radio']",San Zeno,strategy_nearest,False,0.0032777786254882812,success
0447DF3A9C4C80,0,"['Casa Giulietta', 'Torre Lamberti']",Castelvecchio,"['Museo Lapidario', 'Verona Tour', 'Arena', 'Museo Radio', 'San Zeno']",Arena,strategy_nearest,True,0.002919912338256836,success
0447F2429C4C80,3,"['Torre Lamberti', 'Casa Giulietta', 'San Fermo', 'Arena']",Castelvecchio,"['Museo Lapidario', 'Verona Tour', 'Museo Radio', 'San Zeno', 'Sighseeing']",San Zeno,strategy_nearest,True,0.00208282470703125,success
0447ED429C4C80,0,"['Arena', 'Casa Giulietta']",San Fermo,"['Museo Storia', 'Museo Radio', 'Centro Fotografia', 'Sighseeing', 'Torre Lamberti']",Giardino Giusti,strategy_nearest,False,0.0015909671783447266,success
0447E94A9C4C80,0,"['Arena', 'Casa Giulietta']",Torre Lamberti,"['Sighseeing', 'Centro Fotografia', 'Museo Conte', 'Palazzo della Ragione', 'AMO']",Duomo,strategy_nearest,False,0.0029129981994628906,success
0447F3429C4C80,0,"['Teatro Romano', 'Casa Giulietta', 'Arena']",San Zeno,"['Castelvecchio', 'Verona Tour', 'Museo Lapidario', 'Museo Miniscalchi', 'Sighseeing']",Castelvecchio,strategy_nearest,True,0.003339052200317383,success
0447F54A9C4C80,0,['Arena'],Castelvecchio,"['Museo Lapidario', 'Verona Tour', 'Museo Radio', 'San Zeno', 'Sighseeing']",Torre Lamberti,strategy_nearest,False,0.0029408931732177734,success
0447F64A9C4C80,1,"['Arena', 'Casa Giulietta']",Torre Lamberti,"['Sighseeing', 'Centro Fotografia', 'Museo Conte', 'Palazzo della Ragione', 'AMO']",Palazzo della Ragione,strategy_nearest,True,0.0022928714752197266,success
0447F94A9C4C80,3,"['San Fermo', 'Torre Lamberti', 'Santa Anastasia', 'Teatro Romano']",Duomo,"['AMO', 'Museo Miniscalchi', 'Palazzo della Ragione', 'Museo Conte', 'Centro Fotografia']",Casa Giulietta,strategy_nearest,False,0.003343820571899414,success
0447F74A9C4C80,0,['Arena'],Casa Giulietta,"['Centro Fotografia', 'Sighseeing', 'Torre Lamberti', 'Museo Conte', 'Museo Radio']",Tomba Giulietta,strategy_nearest,False,0.0016622543334960938,success
0447FD4A9C4C80,0,['Castelvecchio'],Arena,"['Verona Tour', 'Museo Lapidario', 'Museo Radio', 'San Fermo', 'Casa Giulietta']",Torre Lamberti,strategy_nearest,False,0.002534151077270508,success
0447FB3A9C4C80,3,"['Castelvecchio', 'Arena']",Casa Giulietta,"['Centro Fotografia', 'Sighseeing', 'Torre Lamberti', 'Museo Conte', 'Museo Radio']",Santa Anastasia,strategy_nearest,False,0.001984119415283203,success
0448074A9C4C84,0,['Arena'],Casa Giulietta,"['Centro Fotografia', 'Sighseeing', 'Torre Lamberti', 'Museo Conte', 'Museo Radio']",Torre Lamberti,strategy_nearest,True,0.002958059310913086,success
0447FE4A9C4C80,2,['San Fermo'],Casa Giulietta,"['Centro Fotografia', 'Sighseeing', 'Torre Lamberti', 'Museo Conte', 'Museo Radio']",Santa Anastasia,strategy_nearest,False,0.003949880599975586,success
04480A429C4C84,1,['Arena'],Palazzo della Ragione,"['AMO', 'Museo Conte', 'Torre Lamberti', 'Centro Fotografia', 'Sighseeing']",Castelvecchio,strategy_nearest,False,0.0018968582153320312,success
04480C3A9C4C84,4,['Arena'],Museo Radio,"['Casa Giulietta', 'San Fermo', 'Sighseeing', 'Torre Lamberti', 'Centro Fotografia']",Tomba Giulietta,strategy_nearest,False,0.0019910335540771484,success
0448084A9C4C84,3,['Teatro Romano'],Santa Anastasia,"['AMO', 'Museo Conte', 'Palazzo della Ragione', 'Centro Fotografia', 'Duomo']",Casa Giulietta,strategy_nearest,False,0.0036211013793945312,success
04480D429C4C84,1,"['Casa Giulietta', 'San Fermo', 'Duomo']",Torre Lamberti,"['Sighseeing', 'Centro Fotografia', 'Museo Conte', 'Palazzo della Ragione', 'AMO']",Palazzo della Ragione,strategy_nearest,True,0.004191160202026367,success
04482EBA7B3F80,3,"['Museo Lapidario', 'Castelvecchio']",Arena,"['Verona Tour', 'Museo Radio', 'San Fermo', 'Casa Giulietta', 'Sighseeing']",Santa Anastasia,strategy_nearest,False,0.002402782440185547,success
0448283A9C4C80,3,"['Casa Giulietta', 'Teatro Romano', 'Arena']",Museo Lapidario,"['Verona Tour', 'Castelvecchio', 'Museo Radio', 'San Fermo', 'Tomba Giulietta']",Castelvecchio,strategy_nearest,True,0.0020270347595214844,success
0448294A9C4C80,1,['Casa Giulietta'],Palazzo della Ragione,"['AMO', 'Museo Conte', 'Torre Lamberti', 'Centro Fotografia', 'Sighseeing']",Arena,strategy_nearest,False,0.0031571388244628906,success
0448384A9C4C80,3,"['Santa Anastasia', 'Torre Lamberti']",Arena,"['Verona Tour', 'Museo Lapidario', 'Museo Radio', 'San Fermo', 'Casa Giulietta']",San Fermo,strategy_nearest,True,0.0016551017761230469,success
04483A3A9C4C80,2,"['San Zeno', 'Casa Giulietta']",San Fermo,"['Museo Storia', 'Museo Radio', 'Centro Fotografia', 'Arena', 'Sighseeing']",Duomo,strategy_nearest,False,0.003663778305053711,success
04483F3A9C4C80,1,"['Arena', 'Palazzo della Ragione']",Torre Lamberti,"['Sighseeing', 'Centro Fotografia', 'Museo Conte', 'Casa Giulietta', 'AMO']",Castelvecchio,strategy_nearest,False,0.0021250247955322266,success
04483B4A9C4C80,3,"['Arena', 'Casa Giulietta', 'Torre Lamberti']",Castelvecchio,"['Museo Lapidario', 'Verona Tour', 'Museo Radio', 'San Zeno', 'Sighseeing']",Museo Lapidario,strategy_nearest,True,0.0029091835021972656,success
0448414A9C4C80,3,"['Arena', 'Casa Giulietta']",Torre Lamberti,"['Sighseeing', 'Centro Fotografia', 'Museo Conte', 'Palazzo della Ragione', 'AMO']",Santa Anastasia,strategy_nearest,False,0.002232074737548828,success
0448443A9C4C80,3,"['Arena', 'Castelvecchio']",Casa Giulietta,"['Centro Fotografia', 'Sighseeing', 'Torre Lamberti', 'Museo Conte', 'Museo Radio']",Teatro Romano,strategy_nearest,False,0.0013549327850341797,success
0448774A9C4C80,0,['Castelvecchio'],Casa Giulietta,"['Centro Fotografia', 'Sighseeing', 'Torre Lamberti', 'Museo Conte', 'Museo Radio']",Arena,strategy_nearest,False,0.0028243064880371094,success
0448543A9C4C80,0,"['Casa Giulietta', 'Arena']",Tomba Giulietta,"['San Fermo', 'Museo Storia', 'Museo Lapidario', 'Museo Radio', 'Verona Tour']",Castelvecchio,strategy_nearest,False,0.003679037094116211,success
0448904A9C4C80,0,['Arena'],Casa Giulietta,"['Centro Fotografia', 'Sighseeing', 'Torre Lamberti', 'Museo Conte', 'Museo Radio']",Tomba Giulietta,strategy_nearest,False,0.0021560192108154297,success
0448864A9C4C80,1,"['Arena', 'Casa Giulietta']",Torre Lamberti,"['Sighseeing', 'Centro Fotografia', 'Museo Conte', 'Palazzo della Ragione', 'AMO']",Palazzo della Ragione,strategy_nearest,True,0.0018398761749267578,success
0448894A9C4C80,0,['Castelvecchio'],Teatro Romano,"['Santa Anastasia', 'Duomo', 'AMO', 'Palazzo della Ragione', 'Museo Conte']",Arena,strategy_nearest,False,0.0028541088104248047,success
044892429C4C80,1,"['Arena', 'Palazzo della Ragione']",Torre Lamberti,"['Sighseeing', 'Centro Fotografia', 'Museo Conte', 'Casa Giulietta', 'AMO']",Duomo,strategy_nearest,False,0.003297090530395508,success
04489C429C4C80,3,"['Casa Giulietta', 'Arena']",Santa Anastasia,"['AMO', 'Museo Conte', 'Palazzo della Ragione', 'Teatro Romano', 'Centro Fotografia']",Castelvecchio,strategy_nearest,False,0.0022058486938476562,success
044899429C4C80,1,['Casa Giulietta'],Torre Lamberti,"['Sighseeing', 'Centro Fotografia', 'Museo Conte', 'Palazzo della Ragione', 'AMO']",Palazzo della Ragione,strategy_nearest,True,0.0014438629150390625,success
0448964A9C4C80,0,"['Arena', 'Museo Lapidario']",Castelvecchio,"['Verona Tour', 'Museo Radio', 'San Zeno', 'Sighseeing', 'Museo Miniscalchi']",Casa Giulietta,strategy_nearest,False,0.0029959678649902344,success
04489D429C4C80,0,"['Casa Giulietta', 'Arena']",Castelvecchio,"['Museo Lapidario', 'Verona Tour', 'Museo Radio', 'San Zeno', 'Sighseeing']",Teatro Romano,strategy_nearest,False,0.003367900848388672,success
0448A4429C4C80,3,['Arena'],San Zeno,"['Castelvecchio', 'Verona Tour', 'Museo Lapidario', 'Museo Miniscalchi', 'Sighseeing']",Santa Anastasia,strategy_nearest,False,0.001508951187133789,success
0448A64A9C4C80,3,"['Casa Giulietta', 'Santa Anastasia']",Duomo,"['AMO', 'Museo Miniscalchi', 'Teatro Romano', 'Palazzo della Ragione', 'Museo Conte']",Arena,strategy_nearest,False,0.0029790401458740234,success
0448A93A9C4C80,3,['Arena'],Torre Lamberti,"['Sighseeing', 'Centro Fotografia', 'Museo Conte', 'Casa Giulietta', 'Palazzo della Ragione']",Santa Anastasia,strategy_nearest,False,0.001995086669921875,success
0448AC4A9C4C80,0,['Arena'],Casa Giulietta,"['Centro Fotografia', 'Sighseeing', 'Torre Lamberti', 'Museo Conte', 'Museo Radio']",Teatro Romano,strategy_nearest,False,0.003509044647216797,success
0448B54A9C4C80,3,"['Arena', 'Casa Giulietta']",Torre Lamberti,"['Sighseeing', 'Centro Fotografia', 'Museo Conte', 'Palazzo della Ragione', 'AMO']",Teatro Romano,strategy_nearest,False,0.0014350414276123047,success
0448BD3A9C4C80,2,['Casa Giulietta'],Teatro Romano,"['Santa Anastasia', 'Duomo', 'AMO', 'Palazzo della Ragione', 'Museo Conte']",Duomo,strategy_nearest,True,0.0022139549255371094,success
0448B94A9C4C80,0,['Teatro Romano'],Arena,"['Verona Tour', 'Museo Lapidario', 'Museo Radio', 'San Fermo', 'Casa Giulietta']",Casa Giulietta,strategy_nearest,True,0.0029549598693847656,success
0448B04A9C4C80,3,"['Castelvecchio', 'Teatro Romano']",Arena,"['Verona Tour', 'Museo Lapidario', 'Museo Radio', 'San Fermo', 'Casa Giulietta']",Torre Lamberti,strategy_nearest,False,0.003876209259033203,success
0448DE429C4C80,1,"['Museo Lapidario', 'Arena', 'Casa Giulietta', 'Torre Lamberti', 'Palazzo della Ragione']",San Fermo,"['Museo Storia', 'Museo Radio', 'Centro Fotografia', 'Sighseeing', 'Museo Conte']",Santa Anastasia,strategy_nearest,False,0.0029218196868896484,success
0448D4429C4C80,3,"['Duomo', 'Casa Giulietta', 'Arena', 'Castelvecchio']",Teatro Romano,"['Santa Anastasia', 'AMO', 'Palazzo della Ragione', 'Museo Conte', 'Centro Fotografia']",Tomba Giulietta,strategy_nearest,False,0.002290010452270508,success
0448EB429C4C80,3,"['Arena', 'Casa Giulietta']",Torre Lamberti,"['Sighseeing', 'Centro Fotografia', 'Museo Conte', 'Palazzo della Ragione', 'AMO']",Castelvecchio,strategy_nearest,False,0.0034360885620117188,success
0448CF4A9C4C80,3,"['Arena', 'Torre Lamberti']",Casa Giulietta,"['Centro Fotografia', 'Sighseeing', 'Museo Conte', 'Museo Radio', 'Palazzo della Ragione']",Duomo,strategy_nearest,False,0.0019268989562988281,success
0448F1429C4C80,0,['Arena'],Casa Giulietta,"['Centro Fotografia', 'Sighseeing', 'Torre Lamberti', 'Museo Conte', 'Museo Radio']",Castelvecchio,strategy_nearest,False,0.002160787582397461,success
0448EF4A9C4C80,3,"['Arena', 'Casa Giulietta']",Teatro Romano,"['Santa Anastasia', 'Duomo', 'AMO', 'Palazzo della Ragione', 'Museo Conte']",Castelvecchio,strategy_nearest,False,0.002109050750732422,success
0448F14A9C4C80,1,"['Arena', 'Casa Giulietta']",San Fermo,"['Museo Storia', 'Museo Radio', 'Centro Fotografia', 'Sighseeing', 'Torre Lamberti']",Palazzo della Ragione,strategy_nearest,False,0.002827167510986328,success
0448F54A9C4C80,0,['Arena'],Casa Giulietta,"['Centro Fotografia', 'Sighseeing', 'Torre Lamberti', 'Museo Conte', 'Museo Radio']",Tomba Giulietta,strategy_nearest,False,0.003470182418823242,success
0448FD429C4C80,1,"['Arena', 'Castelvecchio', 'San Zeno']",Casa Giulietta,"['Centro Fotografia', 'Sighseeing', 'Torre Lamberti', 'Museo Conte', 'Museo Radio']",Teatro Romano,strategy_nearest,False,0.0022840499877929688,success
0448F6429C4C80,0,['Arena'],Casa Giulietta,"['Centro Fotografia', 'Sighseeing', 'Torre Lamberti', 'Museo Conte', 'Museo Radio']",San Fermo,strategy_nearest,False,0.00368499755859375,success
0449014A9C4C84,3,['Arena'],Casa Giulietta,"['Centro Fotografia', 'Sighseeing', 'Torre Lamberti', 'Museo Conte', 'Museo Radio']",Santa Anastasia,strategy_nearest,False,0.0015139579772949219,success
0448F64A9C4C80,3,"['Arena', 'San Zeno']",Castelvecchio,"['Museo Lapidario', 'Verona Tour', 'Museo Radio', 'Sighseeing', 'Museo Miniscalchi']",Torre Lamberti,strategy_nearest,False,0.0036258697509765625,success
0449054A9C4C84,3,"['Arena', 'Museo Lapidario']",Santa Anastasia,"['AMO', 'Museo Conte', 'Palazzo della Ragione', 'Teatro Romano', 'Centro Fotografia']",Duomo,strategy_nearest,False,0.0011417865753173828,success
0449104A9C4C84,0,['Arena'],Casa Giulietta,"['Centro Fotografia', 'Sighseeing', 'Torre Lamberti', 'Museo Conte', 'Museo Radio']",Teatro Romano,strategy_nearest,False,0.002178192138671875,success
0449084A9C4C84,3,"['Teatro Romano', 'Giardino Giusti']",Santa Anastasia,"['AMO', 'Museo Conte', 'Palazzo della Ragione', 'Centro Fotografia', 'Duomo']",Castelvecchio,strategy_nearest,False,0.0035238265991210938,success
04490A4A9C4C84,3,['Arena'],Santa Anastasia,"['AMO', 'Museo Conte', 'Palazzo della Ragione', 'Teatro Romano', 'Centro Fotografia']",Teatro Romano,strategy_nearest,True,0.0028488636016845703,success
04493A4A9C4C80,3,"['Arena', 'Museo Lapidario', 'Torre Lamberti']",Santa Anastasia,"['AMO', 'Museo Conte', 'Palazzo della Ragione', 'Teatro Romano', 'Centro Fotografia']",Casa Giulietta,strategy_nearest,False,0.0013980865478515625,success
0449234A9C4C80,0,['Arena'],Castelvecchio,"['Museo Lapidario', 'Verona Tour', 'Museo Radio', 'San Zeno', 'Sighseeing']",San Zeno,strategy_nearest,True,0.002296924591064453,success
0449394A9C4C80,0,"['Arena', 'Torre Lamberti']",Casa Giulietta,"['Centro Fotografia', 'Sighseeing', 'Museo Conte', 'Museo Radio', 'Palazzo della Ragione']",Castelvecchio,strategy_nearest,False,0.0029740333557128906,success
0449274A9C4C80,3,"['Arena', 'Torre Lamberti']",Santa Anastasia,"['AMO', 'Museo Conte', 'Palazzo della Ragione', 'Teatro Romano', 'Centro Fotografia']",Castelvecchio,strategy_nearest,False,0.003757953643798828,success
04493B3A9C4C80,3,"['San Zeno', 'Duomo']",Castelvecchio,"['Museo Lapidario', 'Verona Tour', 'Arena', 'Museo Radio', 'Sighseeing']",Arena,strategy_nearest,True,0.0017192363739013672,success
04493F3A9C4C80,0,"['Arena', 'Casa Giulietta']",San Fermo,"['Museo Storia', 'Museo Radio', 'Centro Fotografia', 'Sighseeing', 'Torre Lamberti']",Teatro Romano,strategy_nearest,False,0.002062082290649414,success
04493C4A9C4C80,3,"['Arena', 'Casa Giulietta']",Santa Anastasia,"['AMO', 'Museo Conte', 'Palazzo della Ragione', 'Teatro Romano', 'Centro Fotografia']",Duomo,strategy_nearest,False,0.002868175506591797,success
04494D4A9C4C80,2,"['Casa Giulietta', 'Santa Anastasia']",Duomo,"['AMO', 'Museo Miniscalchi', 'Teatro Romano', 'Palazzo della Ragione', 'Museo Conte']",Torre Lamberti,strategy_nearest,False,0.003567934036254883,success
04494C3A9C4C80,2,"['San Zeno', 'Casa Giulietta']",Torre Lamberti,"['Sighseeing', 'Centro Fotografia', 'Museo Conte', 'Palazzo della Ragione', 'AMO']",Santa Anastasia,strategy_nearest,False,0.00180816650390625,success
0449434A9C4C80,0,['Arena'],Casa Giulietta,"['Centro Fotografia', 'Sighseeing', 'Torre Lamberti', 'Museo Conte', 'Museo Radio']",Torre Lamberti,strategy_nearest,True,0.0027539730072021484,success
04494D3A9C4C80,3,"['Torre Lamberti', 'Santa Anastasia']",Duomo,"['AMO', 'Museo Miniscalchi', 'Teatro Romano', 'Palazzo della Ragione', 'Museo Conte']",Arena,strategy_nearest,False,0.003208160400390625,success
04494F4A9C4C80,2,"['Casa Giulietta', 'Torre Lamberti']",Palazzo della Ragione,"['AMO', 'Museo Conte', 'Centro Fotografia', 'Sighseeing', 'Santa Anastasia']",Santa Anastasia,strategy_nearest,True,0.0025899410247802734,success
04494F3A9C4C80,1,"['Arena', 'Museo Lapidario', 'Castelvecchio']",Santa Anastasia,"['AMO', 'Museo Conte', 'Palazzo della Ragione', 'Teatro Romano', 'Centro Fotografia']",Torre Lamberti,strategy_nearest,False,0.0033111572265625,success
04496B429C4C80,1,"['Arena', 'Casa Giulietta', 'Santa Anastasia']",Teatro Romano,"['Duomo', 'AMO', 'Palazzo della Ragione', 'Museo Conte', 'Centro Fotografia']",Palazzo della Ragione,strategy_nearest,True,0.003651857376098633,success
044959429C4C80,1,"['Santa Anastasia', 'Teatro Romano', 'Duomo']",Torre Lamberti,"['Sighseeing', 'Centro Fotografia', 'Museo Conte', 'Casa Giulietta', 'Palazzo della Ragione']",Palazzo della Ragione,strategy_nearest,True,0.0019006729125976562,success
0449874A9C4C80,1,"['Arena', 'Torre Lamberti']",Palazzo della Ragione,"['AMO', 'Museo Conte', 'Centro Fotografia', 'Sighseeing', 'Santa Anastasia']",Museo Storia,strategy_nearest,False,0.002135038375854492,success
04497B4A9C4C80,0,"['San Zeno', 'Arena']",Torre Lamberti,"['Sighseeing', 'Centro Fotografia', 'Museo Conte', 'Casa Giulietta', 'Palazzo della Ragione']",Casa Giulietta,strategy_nearest,True,0.0017940998077392578,success
04497F4A9C4C80,3,"['Arena', 'Santa Anastasia']",Torre Lamberti,"['Sighseeing', 'Centro Fotografia', 'Museo Conte', 'Casa Giulietta', 'Palazzo della Ragione']",Casa Giulietta,strategy_nearest,True,0.0028531551361083984,success
04497D4A9C4C80,3,['Arena'],Torre Lamberti,"['Sighseeing', 'Centro Fotografia', 'Museo Conte', 'Casa Giulietta', 'Palazzo della Ragione']",Santa Anastasia,strategy_nearest,False,0.0036292076110839844,success
0449974A9C4C80,0,['Torre Lamberti'],Arena,"['Verona Tour', 'Museo Lapidario', 'Museo Radio', 'San Fermo', 'Casa Giulietta']",Teatro Romano,strategy_nearest,False,0.0020170211791992188,success
044993429C4C80,3,"['Castelvecchio', 'Arena', 'Torre Lamberti']",Santa Anastasia,"['AMO', 'Museo Conte', 'Palazzo della Ragione', 'Teatro Romano', 'Centro Fotografia']",Duomo,strategy_nearest,False,0.002186298370361328,success
044998429C4C80,6,"['Arena', 'Santa Anastasia']",Teatro Romano,"['Duomo', 'AMO', 'Palazzo della Ragione', 'Museo Conte', 'Centro Fotografia']",Duomo,strategy_nearest,True,0.0035660266876220703,success
0449954A9C4C80,1,['Arena'],Torre Lamberti,"['Sighseeing', 'Centro Fotografia', 'Museo Conte', 'Casa Giulietta', 'Palazzo della Ragione']",Palazzo della Ragione,strategy_nearest,True,0.0031838417053222656,success
0449AE3A9C4C80,1,"['Casa Giulietta', 'Palazzo della Ragione']",Torre Lamberti,"['Sighseeing', 'Centro Fotografia', 'Museo Conte', 'AMO', 'Museo Miniscalchi']",Tomba Giulietta,strategy_nearest,False,0.0032508373260498047,success
0449A0429C4C80,0,['Castelvecchio'],Casa Giulietta,"['Centro Fotografia', 'Sighseeing', 'Torre Lamberti', 'Museo Conte', 'Museo Radio']",Arena,strategy_nearest,False,0.0022509098052978516,success
04499E4A9C4C80,0,"['Arena', 'Castelvecchio']",Torre Lamberti,"['Sighseeing', 'Centro Fotografia', 'Museo Conte', 'Casa Giulietta', 'Palazzo della Ragione']",Casa Giulietta,strategy_nearest,True,0.0023000240325927734,success
0449AC4A9C4C80,0,['Arena'],Casa Giulietta,"['Centro Fotografia', 'Sighseeing', 'Torre Lamberti', 'Museo Conte', 'Museo Radio']",Torre Lamberti,strategy_nearest,True,0.0028181076049804688,success
0449B64A9C4C80,2,['Castelvecchio'],Palazzo della Ragione,"['AMO', 'Museo Conte', 'Torre Lamberti', 'Centro Fotografia', 'Sighseeing']",Torre Lamberti,strategy_nearest,True,0.0023069381713867188,success
0449B14A9C4C80,1,"['Arena', 'Casa Giulietta']",Torre Lamberti,"['Sighseeing', 'Centro Fotografia', 'Museo Conte', 'Palazzo della Ragione', 'AMO']",Palazzo della Ragione,strategy_nearest,True,0.0017600059509277344,success
0449B94A9C4C80,3,"['Torre Lamberti', 'Casa Giulietta', 'Arena']",Castelvecchio,"['Museo Lapidario', 'Verona Tour', 'Museo Radio', 'San Zeno', 'Sighseeing']",Santa Anastasia,strategy_nearest,False,0.0034341812133789062,success
0449C1429C4C80,2,['San Zeno'],Castelvecchio,"['Museo Lapidario', 'Verona Tour', 'Arena', 'Museo Radio', 'Sighseeing']",Duomo,strategy_nearest,False,0.00275421142578125,success
0449D13A9C4C80,2,"['Castelvecchio', 'San Zeno']",Duomo,"['AMO', 'Museo Miniscalchi', 'Santa Anastasia', 'Teatro Romano', 'Palazzo della Ragione']",Santa Anastasia,strategy_nearest,True,0.0021278858184814453,success
0449DB429C4C80,3,['Arena'],Santa Anastasia,"['AMO', 'Museo Conte', 'Palazzo della Ragione', 'Teatro Romano', 'Centro Fotografia']",Duomo,strategy_nearest,False,0.002496957778930664,success
0449D03A9C4C80,1,"['Palazzo della Ragione', 'Torre Lamberti']",Duomo,"['AMO', 'Museo Miniscalchi', 'Santa Anastasia', 'Teatro Romano', 'Museo Conte']",Casa Giulietta,strategy_nearest,False,0.003464937210083008,success
0449C4429C4C80,2,['Casa Giulietta'],Torre Lamberti,"['Sighseeing', 'Centro Fotografia', 'Museo Conte', 'Palazzo della Ragione', 'AMO']",Palazzo della Ragione,strategy_nearest,True,0.001583099365234375,success
0449E8429C4C80,3,"['Arena', 'San Zeno', 'Casa Giulietta']",Torre Lamberti,"['Sighseeing', 'Centro Fotografia', 'Museo Conte', 'Palazzo della Ragione', 'AMO']",Santa Anastasia,strategy_nearest,False,0.0013120174407958984,success
0449DF429C4C80,1,"['Casa Giulietta', 'Palazzo della Ragione', 'Torre Lamberti']",Castelvecchio,"['Museo Lapidario', 'Verona Tour', 'Arena', 'Museo Radio', 'San Zeno']",Santa Anastasia,strategy_nearest,False,0.002458810806274414,success
0449F1429C4C80,0,['Arena'],Casa Giulietta,"['Centro Fotografia', 'Sighseeing', 'Torre Lamberti', 'Museo Conte', 'Museo Radio']",Castelvecchio,strategy_nearest,False,0.0027060508728027344,success
0449E9429C4C80,1,"['Arena', 'San Fermo', 'Casa Giulietta', 'Torre Lamberti']",Palazzo della Ragione,"['AMO', 'Museo Conte', 'Centro Fotografia', 'Sighseeing', 'Santa Anastasia']",Santa Anastasia,strategy_nearest,True,0.0034911632537841797,success
0449FC4A9C4C80,3,"['Arena', 'Castelvecchio', 'Casa Giulietta']",Teatro Romano,"['Santa Anastasia', 'Duomo', 'AMO', 'Palazzo della Ragione', 'Museo Conte']",Santa Anastasia,strategy_nearest,True,0.002805948257446289,success
0449F7429C4C80,3,"['Arena', 'Santa Anastasia']",Duomo,"['AMO', 'Museo Miniscalchi', 'Teatro Romano', 'Palazzo della Ragione', 'Museo Conte']",Casa Giulietta,strategy_nearest,False,0.0017616748809814453,success
044A014A9C4C84,4,"['Arena', 'Tomba Giulietta', 'Museo Radio']",Museo Lapidario,"['Verona Tour', 'Castelvecchio', 'San Fermo', 'Casa Giulietta', 'Sighseeing']",Torre Lamberti,strategy_nearest,False,0.0020329952239990234,success
044A064A9C4C84,0,"['Arena', 'San Fermo']",Casa Giulietta,"['Centro Fotografia', 'Sighseeing', 'Torre Lamberti', 'Museo Conte', 'Museo Radio']",Tomba Giulietta,strategy_nearest,False,0.003140687942504883,success
044A104A9C4C84,0,['Arena'],Casa Giulietta,"['Centro Fotografia', 'Sighseeing', 'Torre Lamberti', 'Museo Conte', 'Museo Radio']",Torre Lamberti,strategy_nearest,True,0.0017659664154052734,success
044A20BA7B3F80,0,['Arena'],Casa Giulietta,"['Centro Fotografia', 'Sighseeing', 'Torre Lamberti', 'Museo Conte', 'Museo Radio']",Giardino Giusti,strategy_nearest,False,0.002223968505859375,success
044A153A9C4C84,0,['Museo Lapidario'],Castelvecchio,"['Verona Tour', 'Arena', 'Museo Radio', 'San Zeno', 'Sighseeing']",Arena,strategy_nearest,True,0.003515005111694336,success
044A294A9C4C80,0,['Arena'],Casa Giulietta,"['Centro Fotografia', 'Sighseeing', 'Torre Lamberti', 'Museo Conte', 'Museo Radio']",Castelvecchio,strategy_nearest,False,0.0027549266815185547,success
044A504A9C4C80,0,['Arena'],Casa Giulietta,"['Centro Fotografia', 'Sighseeing', 'Torre Lamberti', 'Museo Conte', 'Museo Radio']",Tomba Giulietta,strategy_nearest,False,0.002196073532104492,success
044A2C3A9C4C80,0,['Arena'],Casa Giulietta,"['Centro Fotografia', 'Sighseeing', 'Torre Lamberti', 'Museo Conte', 'Museo Radio']",Museo Storia,strategy_nearest,False,0.001917123794555664,success
044A2E429C4C80,0,['San Fermo'],Arena,"['Verona Tour', 'Museo Lapidario', 'Museo Radio', 'Casa Giulietta', 'Sighseeing']",Castelvecchio,strategy_nearest,False,0.0030930042266845703,success
044A4C3A9C4C80,0,['Arena'],Casa Giulietta,"['Centro Fotografia', 'Sighseeing', 'Torre Lamberti', 'Museo Conte', 'Museo Radio']",Torre Lamberti,strategy_nearest,True,0.003663778305053711,success
044A6B3A9C4C80,3,"['Tomba Giulietta', 'San Fermo', 'Teatro Romano', 'Arena']",Torre Lamberti,"['Sighseeing', 'Centro Fotografia', 'Museo Conte', 'Casa Giulietta', 'Palazzo della Ragione']",Santa Anastasia,strategy_nearest,False,0.0027840137481689453,success
044A553A9C4C80,3,"['Arena', 'Casa Giulietta']",Torre Lamberti,"['Sighseeing', 'Centro Fotografia', 'Museo Conte', 'Palazzo della Ragione', 'AMO']",Santa Anastasia,strategy_nearest,False,0.0035338401794433594,success
044A563A9C4C80,1,"['Casa Giulietta', 'Palazzo della Ragione', 'Torre Lamberti']",San Zeno,"['Castelvecchio', 'Verona Tour', 'Museo Lapidario', 'Arena', 'Museo Miniscalchi']",Castelvecchio,strategy_nearest,True,0.0016601085662841797,success
044A744A9C4C80,3,"['Arena', 'Casa Giulietta']",Torre Lamberti,"['Sighseeing', 'Centro Fotografia', 'Museo Conte', 'Palazzo della Ragione', 'AMO']",Santa Anastasia,strategy_nearest,False,0.002088785171508789,success
044A77429C4C80,0,['Castelvecchio'],Arena,"['Verona Tour', 'Museo Lapidario', 'Museo Radio', 'San Fermo', 'Casa Giulietta']",Casa Giulietta,strategy_nearest,True,0.0017948150634765625,success
044A774A9C4C80,1,"['Arena', 'Torre Lamberti']",Palazzo della Ragione,"['AMO', 'Museo Conte', 'Centro Fotografia', 'Sighseeing', 'Santa Anastasia']",Casa Giulietta,strategy_nearest,False,0.0029239654541015625,success
044A7D4A9C4C80,2,['Santa Anastasia'],Torre Lamberti,"['Sighseeing', 'Centro Fotografia', 'Museo Conte', 'Casa Giulietta', 'Palazzo della Ragione']",Casa Giulietta,strategy_nearest,True,0.0021800994873046875,success
044A7D3A9C4C80,3,"['Arena', 'Casa Giulietta', 'Torre Lamberti']",Duomo,"['AMO', 'Museo Miniscalchi', 'Santa Anastasia', 'Teatro Romano', 'Palazzo della Ragione']",Santa Anastasia,strategy_nearest,True,0.0034868717193603516,success
044A874A9C4C80,0,['Arena'],Torre Lamberti,"['Sighseeing', 'Centro Fotografia', 'Museo Conte', 'Casa Giulietta', 'Palazzo della Ragione']",Casa Giulietta,strategy_nearest,True,0.0023119449615478516,success
044A8B4A9C4C80,0,['Arena'],Torre Lamberti,"['Sighseeing', 'Centro Fotografia', 'Museo Conte', 'Casa Giulietta', 'Palazzo della Ragione']",Duomo,strategy_nearest,False,0.0015819072723388672,success
044A8D3A9C4C80,0,['Arena'],Castelvecchio,"['Museo Lapidario', 'Verona Tour', 'Museo Radio', 'San Zeno', 'Sighseeing']",Torre Lamberti,strategy_nearest,False,0.0033109188079833984,success
044A884A9C4C80,2,['Casa Giulietta'],Santa Anastasia,"['AMO', 'Museo Conte', 'Palazzo della Ragione', 'Teatro Romano', 'Centro Fotografia']",Torre Lamberti,strategy_nearest,False,0.0028700828552246094,success
044A90429C4C80,3,"['Casa Giulietta', 'San Fermo']",Castelvecchio,"['Museo Lapidario', 'Verona Tour', 'Arena', 'Museo Radio', 'San Zeno']",Arena,strategy_nearest,True,0.0014948844909667969,success
044A9A429C4C80,0,['Arena'],Casa Giulietta,"['Centro Fotografia', 'Sighseeing', 'Torre Lamberti', 'Museo Conte', 'Museo Radio']",Torre Lamberti,strategy_nearest,True,0.0021119117736816406,success
044A954A9C4C80,0,['Duomo'],Arena,"['Verona Tour', 'Museo Lapidario', 'Museo Radio', 'San Fermo', 'Casa Giulietta']",Castelvecchio,strategy_nearest,False,0.0029311180114746094,success
044AA0429C4C80,1,"['Arena', 'Casa Giulietta']",Palazzo della Ragione,"['AMO', 'Museo Conte', 'Torre Lamberti', 'Centro Fotografia', 'Sighseeing']",Santa Anastasia,strategy_nearest,False,0.003381967544555664,success
044AB04A9C4C80,1,"['Arena', 'Casa Giulietta']",Torre Lamberti,"['Sighseeing', 'Centro Fotografia', 'Museo Conte', 'Palazzo della Ragione', 'AMO']",Palazzo della Ragione,strategy_nearest,True,0.0019981861114501953,success
044AAD4A9C4C80,0,"['Castelvecchio', 'Arena']",Casa Giulietta,"['Centro Fotografia', 'Sighseeing', 'Torre Lamberti', 'Museo Conte', 'Museo Radio']",Torre Lamberti,strategy_nearest,True,0.0019550323486328125,success
044AB24A9C4C80,1,"['Arena', 'Torre Lamberti', 'Palazzo della Ragione']",Santa Anastasia,"['AMO', 'Museo Conte', 'Teatro Romano', 'Centro Fotografia', 'Duomo']",Teatro Romano,strategy_nearest,True,0.0027010440826416016,success
044AB64A9C4C80,0,['Arena'],Casa Giulietta,"['Centro Fotografia', 'Sighseeing', 'Torre Lamberti', 'Museo Conte', 'Museo Radio']",Torre Lamberti,strategy_nearest,True,0.0033409595489501953,success
044AB93A9C4C80,0,"['Arena', 'Casa Giulietta']",Torre Lamberti,"['Sighseeing', 'Centro Fotografia', 'Museo Conte', 'Palazzo della Ragione', 'AMO']",Teatro Romano,strategy_nearest,False,0.0015816688537597656,success
044ABD429C4C80,1,['Torre Lamberti'],Palazzo della Ragione,"['AMO', 'Museo Conte', 'Centro Fotografia', 'Sighseeing', 'Santa Anastasia']",Arena,strategy_nearest,False,0.002650737762451172,success
044AB74A9C4C80,0,['Arena'],Castelvecchio,"['Museo Lapidario', 'Verona Tour', 'Museo Radio', 'San Zeno', 'Sighseeing']",San Zeno,strategy_nearest,True,0.002904653549194336,success
044AB94A9C4C80,1,"['Teatro Romano', 'Duomo', 'Torre Lamberti']",Palazzo della Ragione,"['AMO', 'Museo Conte', 'Centro Fotografia', 'Sighseeing', 'Santa Anastasia']",Casa Giulietta,strategy_nearest,False,0.0034689903259277344,success
044AC34A9C4C80,0,['Arena'],Museo Lapidario,"['Verona Tour', 'Castelvecchio', 'Museo Radio', 'San Fermo', 'Casa Giulietta']",Castelvecchio,strategy_nearest,True,0.0015559196472167969,success
044ACF3A9C4C80,1,"['Santa Anastasia', 'Duomo', 'Palazzo della Ragione']",Torre Lamberti,"['Sighseeing', 'Centro Fotografia', 'Museo Conte', 'Casa Giulietta', 'AMO']",Casa Giulietta,strategy_nearest,True,0.002048015594482422,success
044ACF4A9C4C80,0,['Arena'],Castelvecchio,"['Museo Lapidario', 'Verona Tour', 'Museo Radio', 'San Zeno', 'Sighseeing']",Casa Giulietta,strategy_nearest,False,0.003281831741333008,success
044ABEBA7B3F80,3,"['Arena', 'Torre Lamberti', 'Casa Giulietta']",San Fermo,"['Museo Storia', 'Museo Radio', 'Centro Fotografia', 'Sighseeing', 'Museo Conte']",Tomba Giulietta,strategy_nearest,False,0.0028710365295410156,success
044AD1429C4C80,0,['Castelvecchio'],Casa Giulietta,"['Centro Fotografia', 'Sighseeing', 'Torre Lamberti', 'Museo Conte', 'Museo Radio']",Tomba Giulietta,strategy_nearest,False,0.0015292167663574219,success
044AD43A9C4C80,3,"['Arena', 'Casa Giulietta']",Santa Anastasia,"['AMO', 'Museo Conte', 'Palazzo della Ragione', 'Teatro Romano', 'Centro Fotografia']",Teatro Romano,strategy_nearest,True,0.0019412040710449219,success
044AD24A9C4C80,3,['Arena'],Casa Giulietta,"['Centro Fotografia', 'Sighseeing', 'Torre Lamberti', 'Museo Conte', 'Museo Radio']",Torre Lamberti,strategy_nearest,True,0.0028128623962402344,success
044AD4429C4C80,3,"['Arena', 'Santa Anastasia', 'San Fermo']",Casa Giulietta,"['Centro Fotografia', 'Sighseeing', 'Torre Lamberti', 'Museo Conte', 'Museo Radio']",Tomba Giulietta,strategy_nearest,False,0.0033762454986572266,success
044AE33A9C4C80,2,['Casa Giulietta'],Duomo,"['AMO', 'Museo Miniscalchi', 'Santa Anastasia', 'Teatro Romano', 'Palazzo della Ragione']",Castelvecchio,strategy_nearest,False,0.0020651817321777344,success
044AE23A9C4C80,1,"['Casa Giulietta', 'Palazzo della Ragione']",Torre Lamberti,"['Sighseeing', 'Centro Fotografia', 'Museo Conte', 'AMO', 'Museo Miniscalchi']",Duomo,strategy_nearest,False,0.0030128955841064453,success
044AEE4A9C4C80,0,['Arena'],Casa Giulietta,"['Centro Fotografia', 'Sighseeing', 'Torre Lamberti', 'Museo Conte', 'Museo Radio']",San Zeno,strategy_nearest,False,0.0027980804443359375,success
044AEB4A9C4C80,1,"['Arena', 'San Fermo']",Casa Giulietta,"['Centro Fotografia', 'Sighseeing', 'Torre Lamberti', 'Museo Conte', 'Museo Radio']",Palazzo della Ragione,strategy_nearest,False,0.0036017894744873047,success
044AF6429C4C80,3,"['Arena', 'Santa Anastasia']",Duomo,"['AMO', 'Museo Miniscalchi', 'Teatro Romano', 'Palazzo della Ragione', 'Museo Conte']",Casa Giulietta,strategy_nearest,False,0.002602100372314453,success
044AF34A9C4C80,3,['Arena'],Santa Anastasia,"['AMO', 'Museo Conte', 'Palazzo della Ragione', 'Teatro Romano', 'Centro Fotografia']",Torre Lamberti,strategy_nearest,False,0.0015017986297607422,success
044AEF3A9C4C80,1,"['Castelvecchio', 'Torre Lamberti']",Palazzo della Ragione,"['AMO', 'Museo Conte', 'Centro Fotografia', 'Sighseeing', 'Santa Anastasia']",Casa Giulietta,strategy_nearest,False,0.002925872802734375,success
044AF24A9C4C80,3,"['Arena', 'San Fermo']",Torre Lamberti,"['Sighseeing', 'Centro Fotografia', 'Museo Conte', 'Casa Giulietta', 'Palazzo della Ragione']",Duomo,strategy_nearest,False,0.004068136215209961,success
044AFC4A9C4C80,3,['Arena'],Santa Anastasia,"['AMO', 'Museo Conte', 'Palazzo della Ragione', 'Teatro Romano', 'Centro Fotografia']",Duomo,strategy_nearest,False,0.0015940666198730469,success
044B014A9C4C84,0,['Arena'],Casa Giulietta,"['Centro Fotografia', 'Sighseeing', 'Torre Lamberti', 'Museo Conte', 'Museo Radio']",Teatro Romano,strategy_nearest,False,0.0032351016998291016,success
044AF64A9C4C80,0,['Arena'],Palazzo della Ragione,"['AMO', 'Museo Conte', 'Torre Lamberti', 'Centro Fotografia', 'Sighseeing']",Casa Giulietta,strategy_nearest,False,0.0028891563415527344,success
044B004A9C4C84,0,['Arena'],Casa Giulietta,"['Centro Fotografia', 'Sighseeing', 'Torre Lamberti', 'Museo Conte', 'Museo Radio']",Duomo,strategy_nearest,False,0.00214385986328125,success
044B064A9C4C84,0,['Arena'],Casa Giulietta,"['Centro Fotografia', 'Sighseeing', 'Torre Lamberti', 'Museo Conte', 'Museo Radio']",Teatro Romano,strategy_nearest,False,0.0020101070404052734,success
044B023A9C4C84,1,"['Palazzo della Ragione', 'Torre Lamberti', 'Casa Giulietta']",Arena,"['Verona Tour', 'Museo Lapidario', 'Museo Radio', 'San Fermo', 'Sighseeing']",Castelvecchio,strategy_nearest,False,0.0034301280975341797,success
044B034A9C4C84,3,['Arena'],Casa Giulietta,"['Centro Fotografia', 'Sighseeing', 'Torre Lamberti', 'Museo Conte', 'Museo Radio']",Torre Lamberti,strategy_nearest,True,0.0014460086822509766,success
044B094A9C4C84,0,['Arena'],Casa Giulietta,"['Centro Fotografia', 'Sighseeing', 'Torre Lamberti', 'Museo Conte', 'Museo Radio']",Teatro Romano,strategy_nearest,False,0.0026481151580810547,success
044B0B4A9C4C84,1,"['Arena', 'Teatro Romano', 'Duomo']",Santa Anastasia,"['AMO', 'Museo Conte', 'Palazzo della Ragione', 'Centro Fotografia', 'Torre Lamberti']",Torre Lamberti,strategy_nearest,True,0.0016298294067382812,success
044B0A4A9C4C84,3,"['Duomo', 'San Fermo', 'Arena']",Casa Giulietta,"['Centro Fotografia', 'Sighseeing', 'Torre Lamberti', 'Museo Conte', 'Museo Radio']",Torre Lamberti,strategy_nearest,True,0.002228975296020508,success
044B244A9C4C80,3,"['Santa Anastasia', 'Torre Lamberti', 'Arena']",Tomba Giulietta,"['San Fermo', 'Museo Storia', 'Museo Lapidario', 'Museo Radio', 'Verona Tour']",Casa Giulietta,strategy_nearest,False,0.0027132034301757812,success
044B14429C4C84,3,"['Arena', 'Casa Giulietta']",Santa Anastasia,"['AMO', 'Museo Conte', 'Palazzo della Ragione', 'Teatro Romano', 'Centro Fotografia']",Teatro Romano,strategy_nearest,True,0.0034379959106445312,success
044B39429C4C80,3,"['Museo Lapidario', 'Arena']",Castelvecchio,"['Verona Tour', 'Museo Radio', 'San Zeno', 'Sighseeing', 'Museo Miniscalchi']",Santa Anastasia,strategy_nearest,False,0.0011358261108398438,success
044B40429C4C80,1,['Arena'],Torre Lamberti,"['Sighseeing', 'Centro Fotografia', 'Museo Conte', 'Casa Giulietta', 'Palazzo della Ragione']",Palazzo della Ragione,strategy_nearest,True,0.002040863037109375,success
044B3C429C4C80,1,"['Arena', 'Casa Giulietta']",Torre Lamberti,"['Sighseeing', 'Centro Fotografia', 'Museo Conte', 'Palazzo della Ragione', 'AMO']",Palazzo della Ragione,strategy_nearest,True,0.0026650428771972656,success
044B444A9C4C80,3,"['Arena', 'Santa Anastasia']",Duomo,"['AMO', 'Museo Miniscalchi', 'Teatro Romano', 'Palazzo della Ragione', 'Museo Conte']",Torre Lamberti,strategy_nearest,False,0.003103017807006836,success
044B5D3A9C4C80,3,"['Santa Anastasia', 'Duomo', 'Teatro Romano', 'Casa Giulietta']",Castelvecchio,"['Museo Lapidario', 'Verona Tour', 'Arena', 'Museo Radio', 'San Zeno']",Arena,strategy_nearest,True,0.0013530254364013672,success
044B61429C4C80,1,"['Casa Giulietta', 'Castelvecchio', 'Santa Anastasia', 'Arena']",Teatro Romano,"['Duomo', 'AMO', 'Palazzo della Ragione', 'Museo Conte', 'Centro Fotografia']",Tomba Giulietta,strategy_nearest,False,0.003185749053955078,success
044B564A9C4C80,1,"['Arena', 'Casa Giulietta']",Santa Anastasia,"['AMO', 'Museo Conte', 'Palazzo della Ragione', 'Teatro Romano', 'Centro Fotografia']",Palazzo della Ragione,strategy_nearest,True,0.0019500255584716797,success
044B4D3A9C4C80,0,"['Casa Giulietta', 'Tomba Giulietta']",Arena,"['Verona Tour', 'Museo Lapidario', 'Museo Radio', 'San Fermo', 'Sighseeing']",Torre Lamberti,strategy_nearest,False,0.0027709007263183594,success
044B71429C4C80,1,"['Casa Giulietta', 'Torre Lamberti', 'Palazzo della Ragione']",Santa Anastasia,"['AMO', 'Museo Conte', 'Teatro Romano', 'Centro Fotografia', 'Duomo']",Duomo,strategy_nearest,True,0.0017023086547851562,success
044B6A429C4C80,0,"['Museo Storia', 'Torre Lamberti']",Casa Giulietta,"['Centro Fotografia', 'Sighseeing', 'Museo Conte', 'Museo Radio', 'Palazzo della Ragione']",Castelvecchio,strategy_nearest,False,0.002378702163696289,success
044B6F3A9C4C80,0,"['Arena', 'Casa Giulietta']",Duomo,"['AMO', 'Museo Miniscalchi', 'Santa Anastasia', 'Teatro Romano', 'Palazzo della Ragione']",Teatro Romano,strategy_nearest,True,0.002905130386352539,success
044B7C3A9C4C80,3,"['Santa Anastasia', 'Casa Giulietta']",San Fermo,"['Museo Storia', 'Museo Radio', 'Centro Fotografia', 'Arena', 'Sighseeing']",Arena,strategy_nearest,True,0.0035109519958496094,success
044B7C4A9C4C80,3,"['Duomo', 'Teatro Romano']",Casa Giulietta,"['Centro Fotografia', 'Sighseeing', 'Torre Lamberti', 'Museo Conte', 'Museo Radio']",Arena,strategy_nearest,False,0.0014009475708007812,success
044B8B429C4C80,0,['Arena'],Museo Lapidario,"['Verona Tour', 'Castelvecchio', 'Museo Radio', 'San Fermo', 'Casa Giulietta']",Duomo,strategy_nearest,False,0.0020380020141601562,success
044B7E429C4C80,1,"['Arena', 'Museo Lapidario', 'Castelvecchio', 'Torre Lamberti']",Palazzo della Ragione,"['AMO', 'Museo Conte', 'Centro Fotografia', 'Sighseeing', 'Santa Anastasia']",Casa Giulietta,strategy_nearest,False,0.002833843231201172,success
044B884A9C4C80,3,['Arena'],San Zeno,"['Castelvecchio', 'Verona Tour', 'Museo Lapidario', 'Museo Miniscalchi', 'Sighseeing']",Torre Lamberti,strategy_nearest,False,0.0032639503479003906,success
044B8C4A9C4C80,1,"['Arena', 'Casa Giulietta', 'Torre Lamberti']",Palazzo della Ragione,"['AMO', 'Museo Conte', 'Centro Fotografia', 'Sighseeing', 'Santa Anastasia']",San Fermo,strategy_nearest,False,0.001519918441772461,success
044B8B4A9C4C80,3,"['Arena', 'Castelvecchio']",Casa Giulietta,"['Centro Fotografia', 'Sighseeing', 'Torre Lamberti', 'Museo Conte', 'Museo Radio']",Torre Lamberti,strategy_nearest,True,0.0027971267700195312,success
044BA14A9C4C80,0,['Arena'],Santa Anastasia,"['AMO', 'Museo Conte', 'Palazzo della Ragione', 'Teatro Romano', 'Centro Fotografia']",Castelvecchio,strategy_nearest,False,0.002027750015258789,success
044BA24A9C4C80,2,['Casa Giulietta'],Santa Anastasia,"['AMO', 'Museo Conte', 'Palazzo della Ragione', 'Teatro Romano', 'Centro Fotografia']",Duomo,strategy_nearest,False,0.003511190414428711,success
044BAD4A9C4C80,0,['Casa Giulietta'],Castelvecchio,"['Museo Lapidario', 'Verona Tour', 'Arena', 'Museo Radio', 'San Zeno']",Torre Lamberti,strategy_nearest,False,0.001965045928955078,success
044BA93A9C4C80,0,['Arena'],Castelvecchio,"['Museo Lapidario', 'Verona Tour', 'Museo Radio', 'San Zeno', 'Sighseeing']",Torre Lamberti,strategy_nearest,False,0.0026121139526367188,success
044BAF4A9C4C80,0,['Arena'],Castelvecchio,"['Museo Lapidario', 'Verona Tour', 'Museo Radio', 'San Zeno', 'Sighseeing']",Teatro Romano,strategy_nearest,False,0.0031778812408447266,success
044BB04A9C4C80,1,"['Castelvecchio', 'San Zeno']",Arena,"['Verona Tour', 'Museo Lapidario', 'Museo Radio', 'San Fermo', 'Casa Giulietta']",Tomba Giulietta,strategy_nearest,False,0.002427816390991211,success
044BB74A9C4C80,2,['Castelvecchio'],Duomo,"['AMO', 'Museo Miniscalchi', 'Santa Anastasia', 'Teatro Romano', 'Palazzo della Ragione']",Teatro Romano,strategy_nearest,True,0.002785205841064453,success
044BBC3A9C4C80,3,"['Arena', 'Santa Anastasia']",Casa Giulietta,"['Centro Fotografia', 'Sighseeing', 'Torre Lamberti', 'Museo Conte', 'Museo Radio']",San Fermo,strategy_nearest,False,0.002630949020385742,success
044BBD4A9C4C80,2,"['Museo Lapidario', 'Casa Giulietta']",Torre Lamberti,"['Sighseeing', 'Centro Fotografia', 'Museo Conte', 'Palazzo della Ragione', 'AMO']",Palazzo della Ragione,strategy_nearest,True,0.00315093994140625,success
044BBF4A9C4C80,0,['San Zeno'],Castelvecchio,"['Museo Lapidario', 'Verona Tour', 'Arena', 'Museo Radio', 'Sighseeing']",Arena,strategy_nearest,True,0.0017592906951904297,success
044BC73A9C4C80,2,"['Casa Giulietta', 'San Fermo']",Santa Anastasia,"['AMO', 'Museo Conte', 'Palazzo della Ragione', 'Teatro Romano', 'Centro Fotografia']",Duomo,strategy_nearest,False,0.0022699832916259766,success
044BC34A9C4C80,0,['Arena'],Casa Giulietta,"['Centro Fotografia', 'Sighseeing', 'Torre Lamberti', 'Museo Conte', 'Museo Radio']",Santa Anastasia,strategy_nearest,False,0.0029108524322509766,success
044BC74A9C4C80,2,['Castelvecchio'],Torre Lamberti,"['Sighseeing', 'Centro Fotografia', 'Museo Conte', 'Casa Giulietta', 'Palazzo della Ragione']",Casa Giulietta,strategy_nearest,True,0.0033111572265625,success
044BCA4A9C4C80,0,['Arena'],Casa Giulietta,"['Centro Fotografia', 'Sighseeing', 'Torre Lamberti', 'Museo Conte', 'Museo Radio']",Santa Anastasia,strategy_nearest,False,0.0017850399017333984,success
044BCC4A9C4C80,0,['Arena'],San Zeno,"['Castelvecchio', 'Verona Tour', 'Museo Lapidario', 'Museo Miniscalchi', 'Sighseeing']",Duomo,strategy_nearest,False,0.0026030540466308594,success
044BCD4A9C4C80,3,['Arena'],Santa Anastasia,"['AMO', 'Museo Conte', 'Palazzo della Ragione', 'Teatro Romano', 'Centro Fotografia']",Teatro Romano,strategy_nearest,True,0.003175973892211914,success
044BD23A9C4C80,0,"['Arena', 'Teatro Romano']",Casa Giulietta,"['Centro Fotografia', 'Sighseeing', 'Torre Lamberti', 'Museo Conte', 'Museo Radio']",Tomba Giulietta,strategy_nearest,False,0.0036830902099609375,success
044BE0429C4C80,1,"['Arena', 'Palazzo della Ragione', 'Torre Lamberti']",Casa Giulietta,"['Centro Fotografia', 'Sighseeing', 'Museo Conte', 'Museo Radio', 'San Fermo']",Santa Anastasia,strategy_nearest,False,0.0031180381774902344,success
044BEC3A9C4C80,1,"['Castelvecchio', 'Torre Lamberti', 'Palazzo della Ragione', 'Santa Anastasia']",Teatro Romano,"['Duomo', 'AMO', 'Museo Conte', 'Centro Fotografia', 'Museo Miniscalchi']",Duomo,strategy_nearest,True,0.0018200874328613281,success
044BD24A9C4C80,3,"['Castelvecchio', 'Arena']",Casa Giulietta,"['Centro Fotografia', 'Sighseeing', 'Torre Lamberti', 'Museo Conte', 'Museo Radio']",Torre Lamberti,strategy_nearest,True,0.004488945007324219,success
044BEC4A9C4C80,0,['Arena'],Torre Lamberti,"['Sighseeing', 'Centro Fotografia', 'Museo Conte', 'Casa Giulietta', 'Palazzo della Ragione']",Casa Giulietta,strategy_nearest,True,0.0028748512268066406,success
044BED3A9C4C80,3,"['Arena', 'Casa Giulietta']",Teatro Romano,"['Santa Anastasia', 'Duomo', 'AMO', 'Palazzo della Ragione', 'Museo Conte']",Duomo,strategy_nearest,True,0.0015959739685058594,success
044BED4A9C4C80,0,"['Tomba Giulietta', 'Arena']",Casa Giulietta,"['Centro Fotografia', 'Sighseeing', 'Torre Lamberti', 'Museo Conte', 'Museo Radio']",Teatro Romano,strategy_nearest,False,0.0022199153900146484,success
044BF0429C4C80,0,"['Castelvecchio', 'Torre Lamberti']",Arena,"['Verona Tour', 'Museo Lapidario', 'Museo Radio', 'San Fermo', 'Casa Giulietta']",Casa Giulietta,strategy_nearest,True,0.0035200119018554688,success
044BEE4A9C4C80,1,"['Arena', 'Casa Giulietta', 'Santa Anastasia']",Duomo,"['AMO', 'Museo Miniscalchi', 'Teatro Romano', 'Palazzo della Ragione', 'Museo Conte']",Castelvecchio,strategy_nearest,False,0.002914905548095703,success
044BF6429C4C80,1,"['Arena', 'Santa Anastasia', 'Duomo', 'Teatro Romano']",Palazzo della Ragione,"['AMO', 'Museo Conte', 'Torre Lamberti', 'Centro Fotografia', 'Sighseeing']",Torre Lamberti,strategy_nearest,True,0.001772165298461914,success
044BF84A9C4C80,2,['Casa Giulietta'],Torre Lamberti,"['Sighseeing', 'Centro Fotografia', 'Museo Conte', 'Palazzo della Ragione', 'AMO']",Palazzo della Ragione,strategy_nearest,True,0.0024538040161132812,success
044BFD429C4C80,1,"['Arena', 'Casa Giulietta', 'Castelvecchio']",Torre Lamberti,"['Sighseeing', 'Centro Fotografia', 'Museo Conte', 'Palazzo della Ragione', 'AMO']",Palazzo della Ragione,strategy_nearest,True,0.002959012985229492,success
044BF4429C4C80,3,"['Arena', 'Torre Lamberti', 'Casa Giulietta']",San Fermo,"['Museo Storia', 'Museo Radio', 'Centro Fotografia', 'Sighseeing', 'Museo Conte']",Castelvecchio,strategy_nearest,False,0.004426717758178711,success
044C004A9C4C84,3,"['Arena', 'Casa Giulietta']",Torre Lamberti,"['Sighseeing', 'Centro Fotografia', 'Museo Conte', 'Palazzo della Ragione', 'AMO']",Santa Anastasia,strategy_nearest,False,0.0011758804321289062,success
044C0A429C4C84,2,"['Museo Lapidario', 'Castelvecchio']",Duomo,"['AMO', 'Museo Miniscalchi', 'Santa Anastasia', 'Teatro Romano', 'Palazzo della Ragione']",Teatro Romano,strategy_nearest,True,0.0021860599517822266,success
044C094A9C4C84,0,['Casa Giulietta'],Santa Anastasia,"['AMO', 'Museo Conte', 'Palazzo della Ragione', 'Teatro Romano', 'Centro Fotografia']",Arena,strategy_nearest,False,0.00279998779296875,success
044C0A4A9C4C84,1,"['Arena', 'Casa Giulietta']",Torre Lamberti,"['Sighseeing', 'Centro Fotografia', 'Museo Conte', 'Palazzo della Ragione', 'AMO']",Palazzo della Ragione,strategy_nearest,True,0.0037889480590820312,success
044C0B4A9C4C84,3,"['Arena', 'Castelvecchio']",Torre Lamberti,"['Sighseeing', 'Centro Fotografia', 'Museo Conte', 'Casa Giulietta', 'Palazzo della Ragione']",Santa Anastasia,strategy_nearest,False,0.0033600330352783203,success
044C104A9C4C84,2,['Castelvecchio'],Torre Lamberti,"['Sighseeing', 'Centro Fotografia', 'Museo Conte', 'Casa Giulietta', 'Palazzo della Ragione']",Duomo,strategy_nearest,False,0.0030782222747802734,success
044C2E3A9C4C80,0,['Arena'],Casa Giulietta,"['Centro Fotografia', 'Sighseeing', 'Torre Lamberti', 'Museo Conte', 'Museo Radio']",Teatro Romano,strategy_nearest,False,0.002246856689453125,success
044C2B429C4C80,3,['Arena'],Santa Anastasia,"['AMO', 'Museo Conte', 'Palazzo della Ragione', 'Teatro Romano', 'Centro Fotografia']",Duomo,strategy_nearest,False,0.0016241073608398438,success
044C13429C4C84,3,"['Arena', 'Casa Giulietta']",Torre Lamberti,"['Sighseeing', 'Centro Fotografia', 'Museo Conte', 'Palazzo della Ragione', 'AMO']",Santa Anastasia,strategy_nearest,False,0.003676891326904297,success
044C4E4A9C4C80,0,['Arena'],Casa Giulietta,"['Centro Fotografia', 'Sighseeing', 'Torre Lamberti', 'Museo Conte', 'Museo Radio']",Torre Lamberti,strategy_nearest,True,0.0015957355499267578,success
044C36429C4C80,3,"['San Zeno', 'Castelvecchio']",Arena,"['Verona Tour', 'Museo Lapidario', 'Museo Radio', 'San Fermo', 'Casa Giulietta']",Teatro Romano,strategy_nearest,False,0.0024330615997314453,success
044C504A9C4C80,2,['Casa Giulietta'],Santa Anastasia,"['AMO', 'Museo Conte', 'Palazzo della Ragione', 'Teatro Romano', 'Centro Fotografia']",Torre Lamberti,strategy_nearest,False,0.0028069019317626953,success
044C373A9C4C80,3,"['Arena', 'Casa Giulietta']",Santa Anastasia,"['AMO', 'Museo Conte', 'Palazzo della Ragione', 'Teatro Romano', 'Centro Fotografia']",Duomo,strategy_nearest,False,0.003660917282104492,success
044C78429C4C80,0,['Arena'],Casa Giulietta,"['Centro Fotografia', 'Sighseeing', 'Torre Lamberti', 'Museo Conte', 'Museo Radio']",Castelvecchio,strategy_nearest,False,0.0015130043029785156,success
044C543A9C4C80,2,['Casa Giulietta'],Tomba Giulietta,"['San Fermo', 'Museo Storia', 'Arena', 'Museo Lapidario', 'Museo Radio']",Castelvecchio,strategy_nearest,False,0.0023741722106933594,success
044C72429C4C80,3,['Arena'],Casa Giulietta,"['Centro Fotografia', 'Sighseeing', 'Torre Lamberti', 'Museo Conte', 'Museo Radio']",Santa Anastasia,strategy_nearest,False,0.003023862838745117,success
044C79429C4C80,1,"['Tomba Giulietta', 'Arena', 'Torre Lamberti']",Palazzo della Ragione,"['AMO', 'Museo Conte', 'Centro Fotografia', 'Sighseeing', 'Santa Anastasia']",Santa Anastasia,strategy_nearest,True,0.003437042236328125,success
044C7A4A9C4C80,0,['Castelvecchio'],Arena,"['Verona Tour', 'Museo Lapidario', 'Museo Radio', 'San Fermo', 'Casa Giulietta']",Casa Giulietta,strategy_nearest,True,0.003726959228515625,success
044C7C4A9C4C80,1,"['Santa Anastasia', 'Duomo', 'Casa Giulietta']",Torre Lamberti,"['Sighseeing', 'Centro Fotografia', 'Museo Conte', 'Palazzo della Ragione', 'AMO']",Palazzo della Ragione,strategy_nearest,True,0.0015871524810791016,success
044C794A9C4C80,0,"['Duomo', 'Castelvecchio']",San Zeno,"['Verona Tour', 'Museo Lapidario', 'Arena', 'Museo Miniscalchi', 'Sighseeing']",Arena,strategy_nearest,True,0.003131866455078125,success
044C7C3A9C4C80,3,"['Santa Anastasia', 'San Zeno']",Castelvecchio,"['Museo Lapidario', 'Verona Tour', 'Arena', 'Museo Radio', 'Sighseeing']",Arena,strategy_nearest,True,0.002429962158203125,success
044C7D4A9C4C80,3,"['Santa Anastasia', 'Torre Lamberti']",Casa Giulietta,"['Centro Fotografia', 'Sighseeing', 'Museo Conte', 'Museo Radio', 'Palazzo della Ragione']",Arena,strategy_nearest,False,0.0014030933380126953,success
044C8F3A9C4C80,1,"['Arena', 'Casa Giulietta']",Palazzo della Ragione,"['AMO', 'Museo Conte', 'Torre Lamberti', 'Centro Fotografia', 'Sighseeing']",Teatro Romano,strategy_nearest,False,0.0030007362365722656,success
044C89429C4C80,2,['Torre Lamberti'],Casa Giulietta,"['Centro Fotografia', 'Sighseeing', 'Museo Conte', 'Museo Radio', 'Palazzo della Ragione']",Duomo,strategy_nearest,False,0.0023539066314697266,success
044C90429C4C80,3,"['Arena', 'Casa Giulietta', 'Santa Anastasia']",Duomo,"['AMO', 'Museo Miniscalchi', 'Teatro Romano', 'Palazzo della Ragione', 'Museo Conte']",Giardino Giusti,strategy_nearest,False,0.0035200119018554688,success
044CBC429C4C80,1,['Torre Lamberti'],Palazzo della Ragione,"['AMO', 'Museo Conte', 'Centro Fotografia', 'Sighseeing', 'Santa Anastasia']",Casa Giulietta,strategy_nearest,False,0.0029811859130859375,success
044CA54A9C4C80,2,"['Casa Giulietta', 'Santa Anastasia']",Teatro Romano,"['Duomo', 'AMO', 'Palazzo della Ragione', 'Museo Conte', 'Centro Fotografia']",Duomo,strategy_nearest,True,0.0024559497833251953,success
044CB74A9C4C80,0,['Arena'],Casa Giulietta,"['Centro Fotografia', 'Sighseeing', 'Torre Lamberti', 'Museo Conte', 'Museo Radio']",Torre Lamberti,strategy_nearest,True,0.0037169456481933594,success
044CBF4A9C4C80,1,"['Arena', 'Casa Giulietta']",Torre Lamberti,"['Sighseeing', 'Centro Fotografia', 'Museo Conte', 'Palazzo della Ragione', 'AMO']",Palazzo della Ragione,strategy_nearest,True,0.0016431808471679688,success
044CC84A9C4C80,0,['Arena'],Casa Giulietta,"['Centro Fotografia', 'Sighseeing', 'Torre Lamberti', 'Museo Conte', 'Museo Radio']",Castelvecchio,strategy_nearest,False,0.0019350051879882812,success
044CC74A9C4C80,1,"['San Zeno', 'Arena']",Duomo,"['AMO', 'Museo Miniscalchi', 'Santa Anastasia', 'Teatro Romano', 'Palazzo della Ragione']",Palazzo della Ragione,strategy_nearest,True,0.003412961959838867,success
044CC44A9C4C80,0,['Arena'],Castelvecchio,"['Museo Lapidario', 'Verona Tour', 'Museo Radio', 'San Zeno', 'Sighseeing']",Casa Giulietta,strategy_nearest,False,0.0026917457580566406,success
044CC34A9C4C80,0,['Arena'],Museo Lapidario,"['Verona Tour', 'Castelvecchio', 'Museo Radio', 'San Fermo', 'Casa Giulietta']",Castelvecchio,strategy_nearest,True,0.00427699089050293,success
044CEB4A9C4C80,1,"['Arena', 'San Fermo']",Casa Giulietta,"['Centro Fotografia', 'Sighseeing', 'Torre Lamberti', 'Museo Conte', 'Museo Radio']",Palazzo della Ragione,strategy_nearest,False,0.0023169517517089844,success
044CCE4A9C4C80,0,"['Arena', 'Torre Lamberti']",Casa Giulietta,"['Centro Fotografia', 'Sighseeing', 'Museo Conte', 'Museo Radio', 'Palazzo della Ragione']",Teatro Romano,strategy_nearest,False,0.0016179084777832031,success
044CEE3A9C4C80,1,"['Arena', 'Santa Anastasia', 'Palazzo della Ragione']",Torre Lamberti,"['Sighseeing', 'Centro Fotografia', 'Museo Conte', 'Casa Giulietta', 'AMO']",Teatro Romano,strategy_nearest,False,0.002908945083618164,success
044CF04A9C4C80,0,['Arena'],Casa Giulietta,"['Centro Fotografia', 'Sighseeing', 'Torre Lamberti', 'Museo Conte', 'Museo Radio']",Duomo,strategy_nearest,False,0.0034220218658447266,success
044CFD3A9C4C80,1,"['Castelvecchio', 'Torre Lamberti', 'Palazzo della Ragione']",Arena,"['Verona Tour', 'Museo Lapidario', 'Museo Radio', 'San Fermo', 'Casa Giulietta']",Tomba Giulietta,strategy_nearest,False,0.0019860267639160156,success
044CFB4A9C4C80,0,['Tomba Giulietta'],Casa Giulietta,"['Centro Fotografia', 'Sighseeing', 'Torre Lamberti', 'Museo Conte', 'Museo Radio']",Arena,strategy_nearest,False,0.0027031898498535156,success
044CFF4A9C4C80,3,"['Tomba Giulietta', 'San Fermo']",Duomo,"['AMO', 'Museo Miniscalchi', 'Santa Anastasia', 'Teatro Romano', 'Palazzo della Ragione']",Teatro Romano,strategy_nearest,True,0.002839803695678711,success
044D094A9C4C84,0,"['Arena', 'Casa Giulietta']",Castelvecchio,"['Museo Lapidario', 'Verona Tour', 'Museo Radio', 'San Zeno', 'Sighseeing']",Duomo,strategy_nearest,False,0.0035512447357177734,success
044D0B4A9C4C84,3,"['San Zeno', 'Castelvecchio']",Arena,"['Verona Tour', 'Museo Lapidario', 'Museo Radio', 'San Fermo', 'Casa Giulietta']",Casa Giulietta,strategy_nearest,True,0.0021529197692871094,success
044D034A9C4C84,0,['Castelvecchio'],Casa Giulietta,"['Centro Fotografia', 'Sighseeing', 'Torre Lamberti', 'Museo Conte', 'Museo Radio']",Arena,strategy_nearest,False,0.0035932064056396484,success
044D0D429C4C84,6,['Arena'],Teatro Romano,"['Santa Anastasia', 'Duomo', 'AMO', 'Palazzo della Ragione', 'Museo Conte']",Duomo,strategy_nearest,True,0.002552032470703125,success
044D0EBA7B3F84,0,['Museo Lapidario'],Castelvecchio,"['Verona Tour', 'Arena', 'Museo Radio', 'San Zeno', 'Sighseeing']",Arena,strategy_nearest,True,0.0015931129455566406,success
044D0D4A9C4C84,0,['Arena'],Torre Lamberti,"['Sighseeing', 'Centro Fotografia', 'Museo Conte', 'Casa Giulietta', 'Palazzo della Ragione']",Casa Giulietta,strategy_nearest,True,0.0031571388244628906,success
044D0E429C4C84,3,['Arena'],Casa Giulietta,"['Centro Fotografia', 'Sighseeing', 'Torre Lamberti', 'Museo Conte', 'Museo Radio']",Torre Lamberti,strategy_nearest,True,0.003927946090698242,success
044D114A9C4C84,3,"['Arena', 'Casa Giulietta', 'Duomo']",Teatro Romano,"['Santa Anastasia', 'AMO', 'Palazzo della Ragione', 'Museo Conte', 'Centro Fotografia']",Museo Lapidario,strategy_nearest,False,0.0023651123046875,success
044D20429C4C80,3,['Arena'],Castelvecchio,"['Museo Lapidario', 'Verona Tour', 'Museo Radio', 'San Zeno', 'Sighseeing']",San Fermo,strategy_nearest,False,0.003843069076538086,success
044D21429C4C80,1,"['Castelvecchio', 'Palazzo della Ragione', 'Torre Lamberti', 'Arena']",Casa Giulietta,"['Centro Fotografia', 'Sighseeing', 'Museo Conte', 'Museo Radio', 'San Fermo']",Santa Anastasia,strategy_nearest,False,0.002341747283935547,success
044D333A9C4C80,1,"['San Zeno', 'Castelvecchio', 'Teatro Romano', 'Museo Lapidario']",Arena,"['Verona Tour', 'Museo Radio', 'San Fermo', 'Casa Giulietta', 'Sighseeing']",Casa Giulietta,strategy_nearest,True,0.0035867691040039062,success
044D463A9C4C80,3,"['Castelvecchio', 'San Zeno', 'Tomba Giulietta']",San Fermo,"['Museo Storia', 'Museo Radio', 'Casa Giulietta', 'Centro Fotografia', 'Arena']",Casa Giulietta,strategy_nearest,True,0.003542661666870117,success
044D3D4A9C4C80,1,"['Arena', 'Casa Giulietta', 'Palazzo della Ragione']",Torre Lamberti,"['Sighseeing', 'Centro Fotografia', 'Museo Conte', 'AMO', 'Museo Miniscalchi']",Santa Anastasia,strategy_nearest,False,0.0029478073120117188,success
044D374A9C4C80,3,"['Torre Lamberti', 'San Fermo', 'Santa Anastasia']",San Zeno,"['Castelvecchio', 'Verona Tour', 'Museo Lapidario', 'Arena', 'Museo Miniscalchi']",Castelvecchio,strategy_nearest,True,0.002274751663208008,success
044D4A3A9C4C80,3,"['San Fermo', 'Arena']",Torre Lamberti,"['Sighseeing', 'Centro Fotografia', 'Museo Conte', 'Casa Giulietta', 'Palazzo della Ragione']",Duomo,strategy_nearest,False,0.003538846969604492,success
044D4D3A9C4C80,0,['Casa Giulietta'],Torre Lamberti,"['Sighseeing', 'Centro Fotografia', 'Museo Conte', 'Palazzo della Ragione', 'AMO']",Arena,strategy_nearest,False,0.0011501312255859375,success
044D4B429C4C80,3,"['Duomo', 'Torre Lamberti']",Casa Giulietta,"['Centro Fotografia', 'Sighseeing', 'Museo Conte', 'Museo Radio', 'Palazzo della Ragione']",Teatro Romano,strategy_nearest,False,0.002109050750732422,success
044D553A9C4C80,3,"['Arena', 'Torre Lamberti', 'Casa Giulietta']",Santa Anastasia,"['AMO', 'Museo Conte', 'Palazzo della Ragione', 'Teatro Romano', 'Centro Fotografia']",Duomo,strategy_nearest,False,0.0028390884399414062,success
044D56429C4C80,0,"['Arena', 'Casa Giulietta']",Castelvecchio,"['Museo Lapidario', 'Verona Tour', 'Museo Radio', 'San Zeno', 'Sighseeing']",Torre Lamberti,strategy_nearest,False,0.0029060840606689453,success
044D6F3A9C4C80,3,"['Teatro Romano', 'San Fermo', 'Arena']",Santa Anastasia,"['AMO', 'Museo Conte', 'Palazzo della Ragione', 'Centro Fotografia', 'Duomo']",San Zeno,strategy_nearest,False,0.0023102760314941406,success
044D78429C4C80,1,"['Arena', 'Casa Giulietta', 'Torre Lamberti']",Palazzo della Ragione,"['AMO', 'Museo Conte', 'Centro Fotografia', 'Sighseeing', 'Santa Anastasia']",Santa Anastasia,strategy_nearest,True,0.0024979114532470703,success
044D764A9C4C80,0,['Arena'],Casa Giulietta,"['Centro Fotografia', 'Sighseeing', 'Torre Lamberti', 'Museo Conte', 'Museo Radio']",Santa Anastasia,strategy_nearest,False,0.0030319690704345703,success
044DA2429C4C80,1,"['Castelvecchio', 'Arena']",Casa Giulietta,"['Centro Fotografia', 'Sighseeing', 'Torre Lamberti', 'Museo Conte', 'Museo Radio']",Santa Anastasia,strategy_nearest,False,0.0014100074768066406,success
044D9A4A9C4C80,0,"['Arena', 'Museo Lapidario']",Castelvecchio,"['Verona Tour', 'Museo Radio', 'San Zeno', 'Sighseeing', 'Museo Miniscalchi']",San Zeno,strategy_nearest,True,0.003654003143310547,success
044D9C4A9C4C80,1,"['Arena', 'Palazzo della Ragione', 'Torre Lamberti']",Casa Giulietta,"['Centro Fotografia', 'Sighseeing', 'Museo Conte', 'Museo Radio', 'San Fermo']",Santa Anastasia,strategy_nearest,False,0.0030639171600341797,success
044DA34A9C4C80,3,"['Castelvecchio', 'Arena']",Casa Giulietta,"['Centro Fotografia', 'Sighseeing', 'Torre Lamberti', 'Museo Conte', 'Museo Radio']",Torre Lamberti,strategy_nearest,True,0.003139972686767578,success
044DA4429C4C80,0,['Arena'],Casa Giulietta,"['Centro Fotografia', 'Sighseeing', 'Torre Lamberti', 'Museo Conte', 'Museo Radio']",Duomo,strategy_nearest,False,0.0014529228210449219,success
044DB74A9C4C80,0,['Arena'],Casa Giulietta,"['Centro Fotografia', 'Sighseeing', 'Torre Lamberti', 'Museo Conte', 'Museo Radio']",Torre Lamberti,strategy_nearest,True,0.002895832061767578,success
044DBC4A9C4C80,0,"['Arena', 'Museo Lapidario', 'Casa Giulietta']",Torre Lamberti,"['Sighseeing', 'Centro Fotografia', 'Museo Conte', 'Palazzo della Ragione', 'AMO']",Museo Storia,strategy_nearest,False,0.003387928009033203,success
044DB54A9C4C80,1,"['Arena', 'Palazzo della Ragione']",Torre Lamberti,"['Sighseeing', 'Centro Fotografia', 'Museo Conte', 'Casa Giulietta', 'AMO']",Casa Giulietta,strategy_nearest,True,0.002363920211791992,success
044DBE4A9C4C80,0,['Casa Giulietta'],Arena,"['Verona Tour', 'Museo Lapidario', 'Museo Radio', 'San Fermo', 'Sighseeing']",Castelvecchio,strategy_nearest,False,0.0013968944549560547,success
044DC44A9C4C80,0,['Arena'],Casa Giulietta,"['Centro Fotografia', 'Sighseeing', 'Torre Lamberti', 'Museo Conte', 'Museo Radio']",Castelvecchio,strategy_nearest,False,0.0034661293029785156,success
044DCF3A9C4C80,0,['Arena'],Teatro Romano,"['Santa Anastasia', 'Duomo', 'AMO', 'Palazzo della Ragione', 'Museo Conte']",Giardino Giusti,strategy_nearest,False,0.0027799606323242188,success
044DBE3A9C4C80,0,['Arena'],Casa Giulietta,"['Centro Fotografia', 'Sighseeing', 'Torre Lamberti', 'Museo Conte', 'Museo Radio']",Teatro Romano,strategy_nearest,False,0.0023040771484375,success
044DE94A9C4C80,0,['Casa Giulietta'],Arena,"['Verona Tour', 'Museo Lapidario', 'Museo Radio', 'San Fermo', 'Sighseeing']",Castelvecchio,strategy_nearest,False,0.0022890567779541016,success
044DCF429C4C80,1,"['Arena', 'Casa Giulietta', 'Santa Anastasia', 'Castelvecchio']",San Zeno,"['Verona Tour', 'Museo Lapidario', 'Museo Miniscalchi', 'Sighseeing', 'Museo Radio']",Duomo,strategy_nearest,False,0.0017788410186767578,success
044DEB429C4C80,1,"['Arena', 'Torre Lamberti', 'Santa Anastasia', 'Casa Giulietta', 'Teatro Romano']",Duomo,"['AMO', 'Museo Miniscalchi', 'Palazzo della Ragione', 'Museo Conte', 'Centro Fotografia']",Castelvecchio,strategy_nearest,False,0.003330707550048828,success
044DD83A9C4C80,1,"['Santa Anastasia', 'Casa Giulietta', 'Arena']",Castelvecchio,"['Museo Lapidario', 'Verona Tour', 'Museo Radio', 'San Zeno', 'Sighseeing']",Palazzo della Ragione,strategy_nearest,False,0.0030307769775390625,success
044DED3A9C4C80,0,"['Casa Giulietta', 'Torre Lamberti']",Teatro Romano,"['Santa Anastasia', 'Duomo', 'AMO', 'Palazzo della Ragione', 'Museo Conte']",Arena,strategy_nearest,False,0.002199888229370117,success
044DEB4A9C4C80,3,"['Arena', 'Casa Giulietta']",Torre Lamberti,"['Sighseeing', 'Centro Fotografia', 'Museo Conte', 'Palazzo della Ragione', 'AMO']",Santa Anastasia,strategy_nearest,False,0.0017871856689453125,success
044DEE4A9C4C80,0,['Arena'],Casa Giulietta,"['Centro Fotografia', 'Sighseeing', 'Torre Lamberti', 'Museo Conte', 'Museo Radio']",Santa Anastasia,strategy_nearest,False,0.0027408599853515625,success
044DEC4A9C4C80,0,['Torre Lamberti'],Arena,"['Verona Tour', 'Museo Lapidario', 'Museo Radio', 'San Fermo', 'Casa Giulietta']",Casa Giulietta,strategy_nearest,True,0.0036020278930664062,success
044DFB3A9C4C80,1,"['Tomba Giulietta', 'Arena']",Torre Lamberti,"['Sighseeing', 'Centro Fotografia', 'Museo Conte', 'Casa Giulietta', 'Palazzo della Ragione']",Palazzo della Ragione,strategy_nearest,True,0.002767801284790039,success
044DF23A9C4C80,1,"['Arena', 'Torre Lamberti']",Palazzo della Ragione,"['AMO', 'Museo Conte', 'Centro Fotografia', 'Sighseeing', 'Santa Anastasia']",Casa Giulietta,strategy_nearest,False,0.001425027847290039,success
044DF9429C4C80,1,"['Arena', 'Casa Giulietta', 'Castelvecchio']",Torre Lamberti,"['Sighseeing', 'Centro Fotografia', 'Museo Conte', 'Palazzo della Ragione', 'AMO']",Palazzo della Ragione,strategy_nearest,True,0.0035719871520996094,success
044DF04A9C4C80,0,['Arena'],Casa Giulietta,"['Centro Fotografia', 'Sighseeing', 'Torre Lamberti', 'Museo Conte', 'Museo Radio']",Castelvecchio,strategy_nearest,False,0.0022630691528320312,success
044DFE4A9C4C80,1,"['Arena', 'Museo Lapidario']",Castelvecchio,"['Verona Tour', 'Museo Radio', 'San Zeno', 'Sighseeing', 'Museo Miniscalchi']",Torre Lamberti,strategy_nearest,False,0.0020830631256103516,success
044DFF4A9C4C80,0,['Castelvecchio'],Arena,"['Verona Tour', 'Museo Lapidario', 'Museo Radio', 'San Fermo', 'Casa Giulietta']",Casa Giulietta,strategy_nearest,True,0.0021398067474365234,success
044E024A9C4C84,0,['Arena'],Castelvecchio,"['Museo Lapidario', 'Verona Tour', 'Museo Radio', 'San Zeno', 'Sighseeing']",Torre Lamberti,strategy_nearest,False,0.003635883331298828,success
044E004A9C4C84,3,['Arena'],Casa Giulietta,"['Centro Fotografia', 'Sighseeing', 'Torre Lamberti', 'Museo Conte', 'Museo Radio']",Santa Anastasia,strategy_nearest,False,0.0030846595764160156,success
044E034A9C4C84,0,['Arena'],Torre Lamberti,"['Sighseeing', 'Centro Fotografia', 'Museo Conte', 'Casa Giulietta', 'Palazzo della Ragione']",Casa Giulietta,strategy_nearest,True,0.0020492076873779297,success
044E114A9C4C84,0,['Castelvecchio'],Arena,"['Verona Tour', 'Museo Lapidario', 'Museo Radio', 'San Fermo', 'Casa Giulietta']",Teatro Romano,strategy_nearest,False,0.002537965774536133,success
044E0E4A9C4C84,0,"['Torre Lamberti', 'Casa Giulietta']",San Fermo,"['Museo Storia', 'Museo Radio', 'Centro Fotografia', 'Arena', 'Sighseeing']",Castelvecchio,strategy_nearest,False,0.003253936767578125,success
044E14429C4C84,0,['Arena'],Torre Lamberti,"['Sighseeing', 'Centro Fotografia', 'Museo Conte', 'Casa Giulietta', 'Palazzo della Ragione']",Casa Giulietta,strategy_nearest,True,0.002393007278442383,success
044E25429C4C80,3,"['San Zeno', 'Castelvecchio', 'Arena']",San Fermo,"['Museo Storia', 'Museo Radio', 'Casa Giulietta', 'Centro Fotografia', 'Sighseeing']",Teatro Romano,strategy_nearest,False,0.003458261489868164,success
044E2C429C4C80,1,"['Casa Giulietta', 'Castelvecchio']",Arena,"['Verona Tour', 'Museo Lapidario', 'Museo Radio', 'San Fermo', 'Sighseeing']",Palazzo della Ragione,strategy_nearest,False,0.00197601318359375,success
044E3B4A9C4C80,0,['Arena'],Casa Giulietta,"['Centro Fotografia', 'Sighseeing', 'Torre Lamberti', 'Museo Conte', 'Museo Radio']",Torre Lamberti,strategy_nearest,True,0.003248929977416992,success
044E533A9C4C80,3,['Casa Giulietta'],Torre Lamberti,"['Sighseeing', 'Centro Fotografia', 'Museo Conte', 'Palazzo della Ragione', 'AMO']",Santa Anastasia,strategy_nearest,False,0.0029230117797851562,success
044E71429C4C80,3,"['Arena', 'Castelvecchio']",Santa Anastasia,"['AMO', 'Museo Conte', 'Palazzo della Ragione', 'Teatro Romano', 'Centro Fotografia']",Duomo,strategy_nearest,False,0.003324747085571289,success
044E653A9C4C80,3,"['Arena', 'Castelvecchio', 'Torre Lamberti']",Casa Giulietta,"['Centro Fotografia', 'Sighseeing', 'Museo Conte', 'Museo Radio', 'Palazzo della Ragione']",Giardino Giusti,strategy_nearest,False,0.0028841495513916016,success
044E75429C4C80,1,"['San Zeno', 'Castelvecchio']",Arena,"['Verona Tour', 'Museo Lapidario', 'Museo Radio', 'San Fermo', 'Casa Giulietta']",Casa Giulietta,strategy_nearest,True,0.0023338794708251953,success
044E7C4A9C4C80,0,"['Torre Lamberti', 'Casa Giulietta']",San Fermo,"['Museo Storia', 'Museo Radio', 'Centro Fotografia', 'Arena', 'Sighseeing']",Arena,strategy_nearest,True,0.0022339820861816406,success
044E8A4A9C4C80,0,['Arena'],Castelvecchio,"['Museo Lapidario', 'Verona Tour', 'Museo Radio', 'San Zeno', 'Sighseeing']",Casa Giulietta,strategy_nearest,False,0.0033538341522216797,success
044E7D4A9C4C80,0,['Casa Giulietta'],Teatro Romano,"['Santa Anastasia', 'Duomo', 'AMO', 'Palazzo della Ragione', 'Museo Conte']",Arena,strategy_nearest,False,0.0028989315032958984,success
044E9F4A9C4C80,0,['Arena'],Casa Giulietta,"['Centro Fotografia', 'Sighseeing', 'Torre Lamberti', 'Museo Conte', 'Museo Radio']",Teatro Romano,strategy_nearest,False,0.002399921417236328,success
044EA1429C4C80,0,['Casa Giulietta'],Torre Lamberti,"['Sighseeing', 'Centro Fotografia', 'Museo Conte', 'Palazzo della Ragione', 'AMO']",Arena,strategy_nearest,False,0.002969980239868164,success
044EA63A9C4C80,0,"['Arena', 'Museo Lapidario']",Castelvecchio,"['Verona Tour', 'Museo Radio', 'San Zeno', 'Sighseeing', 'Museo Miniscalchi']",San Zeno,strategy_nearest,True,0.0034210681915283203,success
044E9A4A9C4C80,0,"['Arena', 'Casa Giulietta']",Torre Lamberti,"['Sighseeing', 'Centro Fotografia', 'Museo Conte', 'Palazzo della Ragione', 'AMO']",Duomo,strategy_nearest,False,0.0024509429931640625,success
044EB54A9C4C80,0,['Teatro Romano'],Torre Lamberti,"['Sighseeing', 'Centro Fotografia', 'Museo Conte', 'Casa Giulietta', 'Palazzo della Ragione']",Arena,strategy_nearest,False,0.002357006072998047,success
044EB4429C4C80,1,"['Arena', 'Museo Lapidario', 'Castelvecchio', 'Palazzo della Ragione']",Torre Lamberti,"['Sighseeing', 'Centro Fotografia', 'Museo Conte', 'Casa Giulietta', 'AMO']",Casa Giulietta,strategy_nearest,True,0.003790140151977539,success
044EB63A9C4C80,0,['Casa Giulietta'],Torre Lamberti,"['Sighseeing', 'Centro Fotografia', 'Museo Conte', 'Palazzo della Ragione', 'AMO']",Arena,strategy_nearest,False,0.0016219615936279297,success
044EB34A9C4C80,1,"['San Zeno', 'Castelvecchio', 'Arena', 'Casa Giulietta']",Torre Lamberti,"['Sighseeing', 'Centro Fotografia', 'Museo Conte', 'Palazzo della Ragione', 'AMO']",Palazzo della Ragione,strategy_nearest,True,0.003180980682373047,success
044EB84A9C4C80,0,['Arena'],Castelvecchio,"['Museo Lapidario', 'Verona Tour', 'Museo Radio', 'San Zeno', 'Sighseeing']",Torre Lamberti,strategy_nearest,False,0.003086090087890625,success
044EBA4A9C4C80,3,"['Arena', 'San Fermo']",Torre Lamberti,"['Sighseeing', 'Centro Fotografia', 'Museo Conte', 'Casa Giulietta', 'Palazzo della Ragione']",Santa Anastasia,strategy_nearest,False,0.0016999244689941406,success
044EC13A9C4C80,0,['Arena'],Museo Lapidario,"['Verona Tour', 'Castelvecchio', 'Museo Radio', 'San Fermo', 'Casa Giulietta']",Duomo,strategy_nearest,False,0.003337860107421875,success
044EBE4A9C4C80,0,['Arena'],Casa Giulietta,"['Centro Fotografia', 'Sighseeing', 'Torre Lamberti', 'Museo Conte', 'Museo Radio']",Tomba Giulietta,strategy_nearest,False,0.0028700828552246094,success
044ED13A9C4C80,1,"['Arena', 'Casa Giulietta', 'Palazzo della Ragione']",Torre Lamberti,"['Sighseeing', 'Centro Fotografia', 'Museo Conte', 'AMO', 'Museo Miniscalchi']",Santa Anastasia,strategy_nearest,False,0.002196073532104492,success
044EC64A9C4C80,0,['Arena'],Castelvecchio,"['Museo Lapidario', 'Verona Tour', 'Museo Radio', 'San Zeno', 'Sighseeing']",San Zeno,strategy_nearest,True,0.0017168521881103516,success
044ED2429C4C80,0,['Arena'],Castelvecchio,"['Museo Lapidario', 'Verona Tour', 'Museo Radio', 'San Zeno', 'Sighseeing']",Duomo,strategy_nearest,False,0.002766132354736328,success
044ED9429C4C80,2,['Torre Lamberti'],Casa Giulietta,"['Centro Fotografia', 'Sighseeing', 'Museo Conte', 'Museo Radio', 'Palazzo della Ragione']",Duomo,strategy_nearest,False,0.003531217575073242,success
044EF14A9C4C80,3,"['Arena', 'Castelvecchio', 'Casa Giulietta']",Santa Anastasia,"['AMO', 'Museo Conte', 'Palazzo della Ragione', 'Teatro Romano', 'Centro Fotografia']",Duomo,strategy_nearest,False,0.0023491382598876953,success
044EEC3A9C4C80,3,"['Arena', 'Casa Giulietta']",Santa Anastasia,"['AMO', 'Museo Conte', 'Palazzo della Ragione', 'Teatro Romano', 'Centro Fotografia']",Duomo,strategy_nearest,False,0.003050088882446289,success
044EE94A9C4C80,0,['Arena'],Casa Giulietta,"['Centro Fotografia', 'Sighseeing', 'Torre Lamberti', 'Museo Conte', 'Museo Radio']",Teatro Romano,strategy_nearest,False,0.001585245132446289,success
044EF3429C4C80,1,"['Arena', 'Casa Giulietta', 'Palazzo della Ragione', 'Torre Lamberti']",Santa Anastasia,"['AMO', 'Museo Conte', 'Teatro Romano', 'Centro Fotografia', 'Duomo']",Duomo,strategy_nearest,True,0.003873109817504883,success
044EF4429C4C80,1,"['Arena', 'Torre Lamberti', 'Palazzo della Ragione', 'Casa Giulietta']",Duomo,"['AMO', 'Museo Miniscalchi', 'Santa Anastasia', 'Teatro Romano', 'Museo Conte']",Santa Anastasia,strategy_nearest,True,0.00400996208190918,success
044EFB4A9C4C80,3,"['Arena', 'Casa Giulietta']",Santa Anastasia,"['AMO', 'Museo Conte', 'Palazzo della Ragione', 'Teatro Romano', 'Centro Fotografia']",Duomo,strategy_nearest,False,0.0026197433471679688,success
044EFD4A9C4C80,0,['Arena'],Casa Giulietta,"['Centro Fotografia', 'Sighseeing', 'Torre Lamberti', 'Museo Conte', 'Museo Radio']",Torre Lamberti,strategy_nearest,True,0.0018210411071777344,success
044EFF4A9C4C80,3,"['Teatro Romano', 'Casa Giulietta']",Arena,"['Verona Tour', 'Museo Lapidario', 'Museo Radio', 'San Fermo', 'Sighseeing']",San Fermo,strategy_nearest,True,0.0034139156341552734,success
044F0B429C4C84,0,"['Casa Giulietta', 'Tomba Giulietta']",Santa Anastasia,"['AMO', 'Museo Conte', 'Palazzo della Ragione', 'Teatro Romano', 'Centro Fotografia']",Arena,strategy_nearest,False,0.0028548240661621094,success
044F044A9C4C84,3,"['Arena', 'Casa Giulietta']",Torre Lamberti,"['Sighseeing', 'Centro Fotografia', 'Museo Conte', 'Palazzo della Ragione', 'AMO']",Santa Anastasia,strategy_nearest,False,0.002034902572631836,success
044F0D4A9C4C84,0,"['Arena', 'Casa Giulietta']",Torre Lamberti,"['Sighseeing', 'Centro Fotografia', 'Museo Conte', 'Palazzo della Ragione', 'AMO']",Castelvecchio,strategy_nearest,False,0.002710103988647461,success
044F0E4A9C4C84,3,['Arena'],Santa Anastasia,"['AMO', 'Museo Conte', 'Palazzo della Ragione', 'Teatro Romano', 'Centro Fotografia']",Casa Giulietta,strategy_nearest,False,0.0026569366455078125,success
044F114A9C4C84,0,['Casa Giulietta'],Castelvecchio,"['Museo Lapidario', 'Verona Tour', 'Arena', 'Museo Radio', 'San Zeno']",Arena,strategy_nearest,True,0.0022258758544921875,success
044F0F429C4C84,2,['Torre Lamberti'],Casa Giulietta,"['Centro Fotografia', 'Sighseeing', 'Museo Conte', 'Museo Radio', 'Palazzo della Ragione']",Santa Anastasia,strategy_nearest,False,0.0025539398193359375,success
044F0F4A9C4C84,3,"['Arena', 'Castelvecchio']",Teatro Romano,"['Santa Anastasia', 'Duomo', 'AMO', 'Palazzo della Ragione', 'Museo Conte']",Duomo,strategy_nearest,True,0.003222942352294922,success
044F14429C4C84,1,"['Arena', 'Castelvecchio', 'Casa Giulietta']",Torre Lamberti,"['Sighseeing', 'Centro Fotografia', 'Museo Conte', 'Palazzo della Ragione', 'AMO']",Palazzo della Ragione,strategy_nearest,True,0.0021140575408935547,success
044F124A9C4C84,1,"['Castelvecchio', 'Arena']",Palazzo della Ragione,"['AMO', 'Museo Conte', 'Torre Lamberti', 'Centro Fotografia', 'Sighseeing']",Torre Lamberti,strategy_nearest,True,0.002679109573364258,success
044F2A429C4C80,3,"['Casa Giulietta', 'Santa Anastasia']",San Fermo,"['Museo Storia', 'Museo Radio', 'Centro Fotografia', 'Arena', 'Sighseeing']",Tomba Giulietta,strategy_nearest,False,0.003387928009033203,success
044F24BA7B3F80,0,['Arena'],Casa Giulietta,"['Centro Fotografia', 'Sighseeing', 'Torre Lamberti', 'Museo Conte', 'Museo Radio']",Teatro Romano,strategy_nearest,False,0.0028591156005859375,success
044F3DBA7B3F80,0,"['Arena', 'Casa Giulietta']",Torre Lamberti,"['Sighseeing', 'Centro Fotografia', 'Museo Conte', 'Palazzo della Ragione', 'AMO']",Giardino Giusti,strategy_nearest,False,0.0034301280975341797,success
044F2C429C4C80,3,"['Arena', 'Teatro Romano']",Santa Anastasia,"['AMO', 'Museo Conte', 'Palazzo della Ragione', 'Centro Fotografia', 'Duomo']",Castelvecchio,strategy_nearest,False,0.0019299983978271484,success
044F2C3A9C4C80,2,"['Duomo', 'Teatro Romano']",Castelvecchio,"['Museo Lapidario', 'Verona Tour', 'Arena', 'Museo Radio', 'San Zeno']",Torre Lamberti,strategy_nearest,False,0.0028128623962402344,success
044F46429C4C80,3,['Arena'],Castelvecchio,"['Museo Lapidario', 'Verona Tour', 'Museo Radio', 'San Zeno', 'Sighseeing']",Duomo,strategy_nearest,False,0.003322124481201172,success
044F52BA7B3F80,0,"['Arena', 'Casa Giulietta']",Torre Lamberti,"['Sighseeing', 'Centro Fotografia', 'Museo Conte', 'Palazzo della Ragione', 'AMO']",Giardino Giusti,strategy_nearest,False,0.0030601024627685547,success
044F79429C4C80,0,['Arena'],Casa Giulietta,"['Centro Fotografia', 'Sighseeing', 'Torre Lamberti', 'Museo Conte', 'Museo Radio']",Tomba Giulietta,strategy_nearest,False,0.003542184829711914,success
044F503A9C4C80,0,"['Casa Giulietta', 'Torre Lamberti']",Arena,"['Verona Tour', 'Museo Lapidario', 'Museo Radio', 'San Fermo', 'Sighseeing']",Castelvecchio,strategy_nearest,False,0.0017821788787841797,success
044F524A9C4C80,0,['Arena'],Casa Giulietta,"['Centro Fotografia', 'Sighseeing', 'Torre Lamberti', 'Museo Conte', 'Museo Radio']",Casa Giulietta,strategy_nearest,False,0.0025529861450195312,success
044F794A9C4C80,3,"['Teatro Romano', 'Duomo', 'Santa Anastasia']",Torre Lamberti,"['Sighseeing', 'Centro Fotografia', 'Museo Conte', 'Casa Giulietta', 'Palazzo della Ragione']",Casa Giulietta,strategy_nearest,True,0.0018029212951660156,success
044F844A9C4C80,3,"['Arena', 'Castelvecchio', 'San Zeno']",Casa Giulietta,"['Centro Fotografia', 'Sighseeing', 'Torre Lamberti', 'Museo Conte', 'Museo Radio']",Torre Lamberti,strategy_nearest,True,0.002373218536376953,success
044F8E4A9C4C80,0,['Arena'],Castelvecchio,"['Museo Lapidario', 'Verona Tour', 'Museo Radio', 'San Zeno', 'Sighseeing']",San Zeno,strategy_nearest,True,0.0029299259185791016,success
044F8A4A9C4C80,0,['Arena'],Museo Lapidario,"['Verona Tour', 'Castelvecchio', 'Museo Radio', 'San Fermo', 'Casa Giulietta']",Castelvecchio,strategy_nearest,True,0.003660917282104492,success
044FA2429C4C80,2,['Castelvecchio'],Duomo,"['AMO', 'Museo Miniscalchi', 'Santa Anastasia', 'Teatro Romano', 'Palazzo della Ragione']",Torre Lamberti,strategy_nearest,False,0.003802061080932617,success
044F944A9C4C80,1,['Arena'],Torre Lamberti,"['Sighseeing', 'Centro Fotografia', 'Museo Conte', 'Casa Giulietta', 'Palazzo della Ragione']",Palazzo della Ragione,strategy_nearest,True,0.001940011978149414,success
044FA4429C4C80,1,['Palazzo della Ragione'],Torre Lamberti,"['Sighseeing', 'Centro Fotografia', 'Museo Conte', 'Casa Giulietta', 'AMO']",Arena,strategy_nearest,False,0.0023429393768310547,success
044FA0429C4C80,1,['Palazzo della Ragione'],Torre Lamberti,"['Sighseeing', 'Centro Fotografia', 'Museo Conte', 'Casa Giulietta', 'AMO']",Arena,strategy_nearest,False,0.003222227096557617,success
044FB14A9C4C80,3,"['Castelvecchio', 'Arena']",Casa Giulietta,"['Centro Fotografia', 'Sighseeing', 'Torre Lamberti', 'Museo Conte', 'Museo Radio']",Torre Lamberti,strategy_nearest,True,0.0021469593048095703,success
044FAE4A9C4C80,0,['Arena'],Torre Lamberti,"['Sighseeing', 'Centro Fotografia', 'Museo Conte', 'Casa Giulietta', 'Palazzo della Ragione']",Casa Giulietta,strategy_nearest,True,0.0035660266876220703,success
044FA83A9C4C80,3,"['Santa Anastasia', 'Duomo']",Teatro Romano,"['AMO', 'Palazzo della Ragione', 'Museo Conte', 'Centro Fotografia', 'Museo Miniscalchi']",Arena,strategy_nearest,False,0.0012030601501464844,success
044FAC4A9C4C80,1,"['Castelvecchio', 'Arena']",Palazzo della Ragione,"['AMO', 'Museo Conte', 'Torre Lamberti', 'Centro Fotografia', 'Sighseeing']",Torre Lamberti,strategy_nearest,True,0.0029239654541015625,success
044FB24A9C4C80,1,"['Arena', 'Casa Giulietta']",Torre Lamberti,"['Sighseeing', 'Centro Fotografia', 'Museo Conte', 'Palazzo della Ragione', 'AMO']",Palazzo della Ragione,strategy_nearest,True,0.0040073394775390625,success
044FB54A9C4C80,3,['Arena'],Casa Giulietta,"['Centro Fotografia', 'Sighseeing', 'Torre Lamberti', 'Museo Conte', 'Museo Radio']",Santa Anastasia,strategy_nearest,False,0.0030279159545898438,success
044FB3BA7B3F80,2,['Casa Giulietta'],Torre Lamberti,"['Sighseeing', 'Centro Fotografia', 'Museo Conte', 'Palazzo della Ragione', 'AMO']",Santa Anastasia,strategy_nearest,False,0.0025839805603027344,success
044FB34A9C4C80,1,"['Arena', 'Torre Lamberti', 'Palazzo della Ragione']",Santa Anastasia,"['AMO', 'Museo Conte', 'Teatro Romano', 'Centro Fotografia', 'Duomo']",Duomo,strategy_nearest,True,0.0019698143005371094,success
044FBC4A9C4C80,1,"['Arena', 'Castelvecchio']",San Zeno,"['Verona Tour', 'Museo Lapidario', 'Museo Miniscalchi', 'Sighseeing', 'Museo Radio']",Torre Lamberti,strategy_nearest,False,0.0024077892303466797,success
044FBF3A9C4C80,0,['Arena'],Torre Lamberti,"['Sighseeing', 'Centro Fotografia', 'Museo Conte', 'Casa Giulietta', 'Palazzo della Ragione']",Casa Giulietta,strategy_nearest,True,0.0028612613677978516,success
044FB84A9C4C80,3,"['Teatro Romano', 'Duomo']",Santa Anastasia,"['AMO', 'Museo Conte', 'Palazzo della Ragione', 'Centro Fotografia', 'Torre Lamberti']",Torre Lamberti,strategy_nearest,True,0.001699209213256836,success
044FB63A9C4C80,1,"['Casa Giulietta', 'Torre Lamberti']",Palazzo della Ragione,"['AMO', 'Museo Conte', 'Centro Fotografia', 'Sighseeing', 'Santa Anastasia']",Arena,strategy_nearest,False,0.003740072250366211,success
044FCDBA7B3F80,0,['Arena'],Casa Giulietta,"['Centro Fotografia', 'Sighseeing', 'Torre Lamberti', 'Museo Conte', 'Museo Radio']",Teatro Romano,strategy_nearest,False,0.0029757022857666016,success
044FD3429C4C80,0,"['Arena', 'Torre Lamberti']",Casa Giulietta,"['Centro Fotografia', 'Sighseeing', 'Museo Conte', 'Museo Radio', 'Palazzo della Ragione']",Teatro Romano,strategy_nearest,False,0.003536224365234375,success
044FCF4A9C4C80,3,['Arena'],Torre Lamberti,"['Sighseeing', 'Centro Fotografia', 'Museo Conte', 'Casa Giulietta', 'Palazzo della Ragione']",Santa Anastasia,strategy_nearest,False,0.002151966094970703,success
044FC6BA7B3F80,0,"['Arena', 'Casa Giulietta']",Torre Lamberti,"['Sighseeing', 'Centro Fotografia', 'Museo Conte', 'Palazzo della Ragione', 'AMO']",Giardino Giusti,strategy_nearest,False,0.0014460086822509766,success
044FEC429C4C80,2,"['Casa Giulietta', 'San Fermo']",Torre Lamberti,"['Sighseeing', 'Centro Fotografia', 'Museo Conte', 'Palazzo della Ragione', 'AMO']",Palazzo della Ragione,strategy_nearest,True,0.001961946487426758,success
044FD8429C4C80,3,"['Arena', 'Casa Giulietta', 'San Zeno']",Duomo,"['AMO', 'Museo Miniscalchi', 'Santa Anastasia', 'Teatro Romano', 'Palazzo della Ragione']",Torre Lamberti,strategy_nearest,False,0.0035448074340820312,success
044FD3BA7B3F80,0,['Arena'],Casa Giulietta,"['Centro Fotografia', 'Sighseeing', 'Torre Lamberti', 'Museo Conte', 'Museo Radio']",Teatro Romano,strategy_nearest,False,0.0018062591552734375,success
044FDC429C4C80,3,"['Arena', 'Castelvecchio']",Santa Anastasia,"['AMO', 'Museo Conte', 'Palazzo della Ragione', 'Teatro Romano', 'Centro Fotografia']",Duomo,strategy_nearest,False,0.0029098987579345703,success
044FF24A9C4C80,0,['Arena'],Casa Giulietta,"['Centro Fotografia', 'Sighseeing', 'Torre Lamberti', 'Museo Conte', 'Museo Radio']",Torre Lamberti,strategy_nearest,True,0.0031647682189941406,success
044FF53A9C4C80,0,['Arena'],Teatro Romano,"['Santa Anastasia', 'Duomo', 'AMO', 'Palazzo della Ragione', 'Museo Conte']",Castelvecchio,strategy_nearest,False,0.0037560462951660156,success
044FF14A9C4C80,0,['Arena'],Casa Giulietta,"['Centro Fotografia', 'Sighseeing', 'Torre Lamberti', 'Museo Conte', 'Museo Radio']",Torre Lamberti,strategy_nearest,True,0.001950979232788086,success
044FF54A9C4C80,3,"['Santa Anastasia', 'Duomo']",Casa Giulietta,"['Centro Fotografia', 'Sighseeing', 'Torre Lamberti', 'Museo Conte', 'Museo Radio']",Arena,strategy_nearest,False,0.002316713333129883,success
044FF9429C4C80,1,"['Arena', 'Torre Lamberti']",Palazzo della Ragione,"['AMO', 'Museo Conte', 'Centro Fotografia', 'Sighseeing', 'Santa Anastasia']",Castelvecchio,strategy_nearest,False,0.0034868717193603516,success
044FF64A9C4C80,0,['Arena'],Tomba Giulietta,"['San Fermo', 'Museo Storia', 'Museo Lapidario', 'Museo Radio', 'Verona Tour']",San Fermo,strategy_nearest,True,0.0024499893188476562,success
044FF7429C4C80,3,"['Santa Anastasia', 'Castelvecchio']",San Fermo,"['Museo Storia', 'Museo Radio', 'Casa Giulietta', 'Centro Fotografia', 'Arena']",Duomo,strategy_nearest,False,0.002979755401611328,success
044FF74A9C4C80,3,"['San Zeno', 'Castelvecchio']",Duomo,"['AMO', 'Museo Miniscalchi', 'Santa Anastasia', 'Teatro Romano', 'Palazzo della Ragione']",Teatro Romano,strategy_nearest,True,0.0016756057739257812,success
044FFB429C4C80,1,"['San Zeno', 'Castelvecchio', 'Santa Anastasia', 'Teatro Romano', 'Museo Lapidario']",Arena,"['Verona Tour', 'Museo Radio', 'San Fermo', 'Casa Giulietta', 'Sighseeing']",Casa Giulietta,strategy_nearest,True,0.0015099048614501953,success
0450014A9C4C84,0,['Duomo'],Torre Lamberti,"['Sighseeing', 'Centro Fotografia', 'Museo Conte', 'Casa Giulietta', 'Palazzo della Ragione']",Casa Giulietta,strategy_nearest,True,0.0029480457305908203,success
04500F429C4C84,3,"['Arena', 'Torre Lamberti']",Casa Giulietta,"['Centro Fotografia', 'Sighseeing', 'Museo Conte', 'Museo Radio', 'Palazzo della Ragione']",Santa Anastasia,strategy_nearest,False,0.0035359859466552734,success
044FF94A9C4C80,0,['Arena'],Casa Giulietta,"['Centro Fotografia', 'Sighseeing', 'Torre Lamberti', 'Museo Conte', 'Museo Radio']",Castelvecchio,strategy_nearest,False,0.0024480819702148438,success
0450114A9C4C84,3,"['Torre Lamberti', 'Santa Anastasia', 'Duomo']",Castelvecchio,"['Museo Lapidario', 'Verona Tour', 'Arena', 'Museo Radio', 'San Zeno']",Arena,strategy_nearest,True,0.0017299652099609375,success
045013429C4C84,0,"['Arena', 'Casa Giulietta']",Castelvecchio,"['Museo Lapidario', 'Verona Tour', 'Museo Radio', 'San Zeno', 'Sighseeing']",Torre Lamberti,strategy_nearest,False,0.003437042236328125,success
045012429C4C84,0,['Arena'],Torre Lamberti,"['Sighseeing', 'Centro Fotografia', 'Museo Conte', 'Casa Giulietta', 'Palazzo della Ragione']",Casa Giulietta,strategy_nearest,True,0.0029802322387695312,success
045019BA7B3F84,0,['Arena'],Casa Giulietta,"['Centro Fotografia', 'Sighseeing', 'Torre Lamberti', 'Museo Conte', 'Museo Radio']",Torre Lamberti,strategy_nearest,True,0.002162933349609375,success
04501A3A9C4C84,3,"['Museo Lapidario', 'Castelvecchio', 'San Zeno']",Casa Giulietta,"['Centro Fotografia', 'Sighseeing', 'Torre Lamberti', 'Museo Conte', 'Museo Radio']",Santa Anastasia,strategy_nearest,False,0.0031707286834716797,success
04501D4A9C4C80,3,"['Arena', 'Duomo']",Teatro Romano,"['Santa Anastasia', 'AMO', 'Palazzo della Ragione', 'Museo Conte', 'Centro Fotografia']",San Zeno,strategy_nearest,False,0.0016260147094726562,success
04501D429C4C80,1,"['Casa Giulietta', 'Arena']",Torre Lamberti,"['Sighseeing', 'Centro Fotografia', 'Museo Conte', 'Palazzo della Ragione', 'AMO']",Palazzo della Ragione,strategy_nearest,True,0.0037109851837158203,success
045021BA7B3F80,3,"['Arena', 'Casa Giulietta']",Torre Lamberti,"['Sighseeing', 'Centro Fotografia', 'Museo Conte', 'Palazzo della Ragione', 'AMO']",Santa Anastasia,strategy_nearest,False,0.0022928714752197266,success
0450374A9C4C80,3,"['San Zeno', 'Castelvecchio']",Torre Lamberti,"['Sighseeing', 'Centro Fotografia', 'Museo Conte', 'Casa Giulietta', 'Palazzo della Ragione']",Arena,strategy_nearest,False,0.0031681060791015625,success
045024BA7B3F80,0,['Arena'],Casa Giulietta,"['Centro Fotografia', 'Sighseeing', 'Torre Lamberti', 'Museo Conte', 'Museo Radio']",Teatro Romano,strategy_nearest,False,0.001806020736694336,success
04503D429C4C80,0,['Museo Lapidario'],Arena,"['Verona Tour', 'Museo Radio', 'San Fermo', 'Casa Giulietta', 'Sighseeing']",Teatro Romano,strategy_nearest,False,0.0033872127532958984,success
04502C3A9C4C80,3,"['Duomo', 'San Fermo']",Casa Giulietta,"['Centro Fotografia', 'Sighseeing', 'Torre Lamberti', 'Museo Conte', 'Museo Radio']",Arena,strategy_nearest,False,0.002621173858642578,success
045047429C4C80,1,"['Arena', 'Torre Lamberti']",Palazzo della Ragione,"['AMO', 'Museo Conte', 'Centro Fotografia', 'Sighseeing', 'Santa Anastasia']",Museo Lapidario,strategy_nearest,False,0.003201007843017578,success
045046429C4C80,0,['Arena'],Duomo,"['AMO', 'Museo Miniscalchi', 'Santa Anastasia', 'Teatro Romano', 'Palazzo della Ragione']",Teatro Romano,strategy_nearest,True,0.0016160011291503906,success
0450424A9C4C80,1,"['Arena', 'Castelvecchio', 'Duomo', 'Santa Anastasia']",Torre Lamberti,"['Sighseeing', 'Centro Fotografia', 'Museo Conte', 'Casa Giulietta', 'Palazzo della Ragione']",Palazzo della Ragione,strategy_nearest,True,0.0026471614837646484,success
04504B429C4C80,3,"['Arena', 'Torre Lamberti', 'Casa Giulietta']",Tomba Giulietta,"['San Fermo', 'Museo Storia', 'Museo Lapidario', 'Museo Radio', 'Verona Tour']",Santa Anastasia,strategy_nearest,False,0.003751993179321289,success
045057BA7B3F80,0,"['Arena', 'Casa Giulietta']",Torre Lamberti,"['Sighseeing', 'Centro Fotografia', 'Museo Conte', 'Palazzo della Ragione', 'AMO']",Giardino Giusti,strategy_nearest,False,0.0018298625946044922,success
0450774A9C4C80,2,"['Casa Giulietta', 'Torre Lamberti']",Palazzo della Ragione,"['AMO', 'Museo Conte', 'Centro Fotografia', 'Sighseeing', 'Santa Anastasia']",Teatro Romano,strategy_nearest,False,0.002960205078125,success
04504D4A9C4C80,1,"['Arena', 'Torre Lamberti']",Palazzo della Ragione,"['AMO', 'Museo Conte', 'Centro Fotografia', 'Sighseeing', 'Santa Anastasia']",Casa Giulietta,strategy_nearest,False,0.002527952194213867,success
04505DBA7B3F80,3,"['Arena', 'Casa Giulietta', 'San Fermo']",Tomba Giulietta,"['Museo Storia', 'Museo Lapidario', 'Museo Radio', 'Verona Tour', 'Castelvecchio']",Castelvecchio,strategy_nearest,True,0.003761768341064453,success
0450974A9C4C80,0,"['Arena', 'Casa Giulietta']",San Fermo,"['Museo Storia', 'Museo Radio', 'Centro Fotografia', 'Sighseeing', 'Torre Lamberti']",Tomba Giulietta,strategy_nearest,False,0.002293825149536133,success
0450883A9C4C80,3,"['Arena', 'Casa Giulietta']",Torre Lamberti,"['Sighseeing', 'Centro Fotografia', 'Museo Conte', 'Palazzo della Ragione', 'AMO']",Santa Anastasia,strategy_nearest,False,0.003264904022216797,success
04508D4A9C4C80,3,"['Arena', 'Castelvecchio']",San Zeno,"['Verona Tour', 'Museo Lapidario', 'Museo Miniscalchi', 'Sighseeing', 'Museo Radio']",Torre Lamberti,strategy_nearest,False,0.0018742084503173828,success
0450904A9C4C80,0,"['Arena', 'Torre Lamberti']",Duomo,"['AMO', 'Museo Miniscalchi', 'Santa Anastasia', 'Teatro Romano', 'Palazzo della Ragione']",Casa Giulietta,strategy_nearest,False,0.003690958023071289,success
0450A1429C4C80,3,['Arena'],Torre Lamberti,"['Sighseeing', 'Centro Fotografia', 'Museo Conte', 'Casa Giulietta', 'Palazzo della Ragione']",Santa Anastasia,strategy_nearest,False,0.0017299652099609375,success
04509A4A9C4C80,3,"['Arena', 'Torre Lamberti']",Santa Anastasia,"['AMO', 'Museo Conte', 'Palazzo della Ragione', 'Teatro Romano', 'Centro Fotografia']",Duomo,strategy_nearest,False,0.002446889877319336,success
04509F429C4C80,1,"['Castelvecchio', 'Arena', 'Palazzo della Ragione']",Torre Lamberti,"['Sighseeing', 'Centro Fotografia', 'Museo Conte', 'Casa Giulietta', 'AMO']",Santa Anastasia,strategy_nearest,False,0.0030498504638671875,success
0450A34A9C4C80,2,['Teatro Romano'],Castelvecchio,"['Museo Lapidario', 'Verona Tour', 'Arena', 'Museo Radio', 'San Zeno']",San Zeno,strategy_nearest,True,0.003543853759765625,success
0450B24A9C4C80,0,['Arena'],Torre Lamberti,"['Sighseeing', 'Centro Fotografia', 'Museo Conte', 'Casa Giulietta', 'Palazzo della Ragione']",Casa Giulietta,strategy_nearest,True,0.0015461444854736328,success
0450AC4A9C4C80,3,"['Arena', 'Casa Giulietta']",Torre Lamberti,"['Sighseeing', 'Centro Fotografia', 'Museo Conte', 'Palazzo della Ragione', 'AMO']",Santa Anastasia,strategy_nearest,False,0.0023651123046875,success
0450B54A9C4C80,0,"['Arena', 'Castelvecchio']",San Zeno,"['Verona Tour', 'Museo Lapidario', 'Museo Miniscalchi', 'Sighseeing', 'Museo Radio']",Casa Giulietta,strategy_nearest,False,0.0034029483795166016,success
0450B04A9C4C80,2,['Castelvecchio'],Palazzo della Ragione,"['AMO', 'Museo Conte', 'Torre Lamberti', 'Centro Fotografia', 'Sighseeing']",Teatro Romano,strategy_nearest,False,0.002988100051879883,success
0450C4429C4C80,2,['Casa Giulietta'],Teatro Romano,"['Santa Anastasia', 'Duomo', 'AMO', 'Palazzo della Ragione', 'Museo Conte']",Santa Anastasia,strategy_nearest,True,0.0034389495849609375,success
0450B94A9C4C80,0,['Arena'],Casa Giulietta,"['Centro Fotografia', 'Sighseeing', 'Torre Lamberti', 'Museo Conte', 'Museo Radio']",Torre Lamberti,strategy_nearest,True,0.0024068355560302734,success
0450C3429C4C80,0,['Arena'],Castelvecchio,"['Museo Lapidario', 'Verona Tour', 'Museo Radio', 'San Zeno', 'Sighseeing']",Casa Giulietta,strategy_nearest,False,0.00296783447265625,success
0450B64A9C4C80,2,['Casa Giulietta'],Torre Lamberti,"['Sighseeing', 'Centro Fotografia', 'Museo Conte', 'Palazzo della Ragione', 'AMO']",Santa Anastasia,strategy_nearest,False,0.0018041133880615234,success
0450D14A9C4C80,3,"['Arena', 'Castelvecchio', 'Casa Giulietta']",Torre Lamberti,"['Sighseeing', 'Centro Fotografia', 'Museo Conte', 'Palazzo della Ragione', 'AMO']",Santa Anastasia,strategy_nearest,False,0.0017638206481933594,success
0450D24A9C4C80,0,['Arena'],Castelvecchio,"['Museo Lapidario', 'Verona Tour', 'Museo Radio', 'San Zeno', 'Sighseeing']",Casa Giulietta,strategy_nearest,False,0.0023622512817382812,success
0450CB3A9C4C80,1,['Arena'],Torre Lamberti,"['Sighseeing', 'Centro Fotografia', 'Museo Conte', 'Casa Giulietta', 'Palazzo della Ragione']",Palazzo della Ragione,strategy_nearest,True,0.003087282180786133,success
0450D8429C4C80,3,"['Arena', 'San Fermo', 'Santa Anastasia', 'Torre Lamberti']",Duomo,"['AMO', 'Museo Miniscalchi', 'Teatro Romano', 'Palazzo della Ragione', 'Museo Conte']",Tomba Giulietta,strategy_nearest,False,0.003531932830810547,success
0450EF3A9C4C80,3,"['Arena', 'Casa Giulietta']",Santa Anastasia,"['AMO', 'Museo Conte', 'Palazzo della Ragione', 'Teatro Romano', 'Centro Fotografia']",Duomo,strategy_nearest,False,0.0013887882232666016,success
0450EF4A9C4C80,0,"['Arena', 'Casa Giulietta']",Duomo,"['AMO', 'Museo Miniscalchi', 'Santa Anastasia', 'Teatro Romano', 'Palazzo della Ragione']",Tomba Giulietta,strategy_nearest,False,0.003239870071411133,success
0450EB3A9C4C80,0,['Arena'],Museo Lapidario,"['Verona Tour', 'Castelvecchio', 'Museo Radio', 'San Fermo', 'Casa Giulietta']",Duomo,strategy_nearest,False,0.0032117366790771484,success
0450F64A9C4C80,3,"['Arena', 'Museo Lapidario', 'Casa Giulietta', 'Tomba Giulietta']",Santa Anastasia,"['AMO', 'Museo Conte', 'Palazzo della Ragione', 'Teatro Romano', 'Centro Fotografia']",Torre Lamberti,strategy_nearest,False,0.0029439926147460938,success
0450FB3A9C4C80,0,"['Arena', 'Torre Lamberti']",San Fermo,"['Museo Storia', 'Museo Radio', 'Casa Giulietta', 'Centro Fotografia', 'Sighseeing']",Teatro Romano,strategy_nearest,False,0.0029909610748291016,success
0450FC4A9C4C80,0,['Arena'],Casa Giulietta,"['Centro Fotografia', 'Sighseeing', 'Torre Lamberti', 'Museo Conte', 'Museo Radio']",Torre Lamberti,strategy_nearest,True,0.0032472610473632812,success
045101429C4C84,2,['Torre Lamberti'],Teatro Romano,"['Santa Anastasia', 'Duomo', 'AMO', 'Palazzo della Ragione', 'Museo Conte']",San Zeno,strategy_nearest,False,0.0028879642486572266,success
045104429C4C84,1,"['Casa Giulietta', 'Arena', 'Museo Lapidario', 'Castelvecchio', 'San Zeno']",Tomba Giulietta,"['San Fermo', 'Museo Storia', 'Museo Radio', 'Verona Tour', 'Sighseeing']",Duomo,strategy_nearest,False,0.0029501914978027344,success
0451054A9C4C84,2,['Casa Giulietta'],Torre Lamberti,"['Sighseeing', 'Centro Fotografia', 'Museo Conte', 'Palazzo della Ragione', 'AMO']",Santa Anastasia,strategy_nearest,False,0.0036721229553222656,success
0451084A9C4C84,0,['Arena'],Casa Giulietta,"['Centro Fotografia', 'Sighseeing', 'Torre Lamberti', 'Museo Conte', 'Museo Radio']",Teatro Romano,strategy_nearest,False,0.0030510425567626953,success
04510B429C4C84,3,"['Tomba Giulietta', 'Arena']",Casa Giulietta,"['Centro Fotografia', 'Sighseeing', 'Torre Lamberti', 'Museo Conte', 'Museo Radio']",Santa Anastasia,strategy_nearest,False,0.0016210079193115234,success
04510C429C4C84,1,"['Palazzo della Ragione', 'Torre Lamberti', 'Santa Anastasia']",Duomo,"['AMO', 'Museo Miniscalchi', 'Teatro Romano', 'Museo Conte', 'Centro Fotografia']",Teatro Romano,strategy_nearest,True,0.003820180892944336,success
045110429C4C84,0,['Arena'],Casa Giulietta,"['Centro Fotografia', 'Sighseeing', 'Torre Lamberti', 'Museo Conte', 'Museo Radio']",Teatro Romano,strategy_nearest,False,0.0028879642486572266,success
04513B3A9C4C80,2,['San Zeno'],Santa Anastasia,"['AMO', 'Museo Conte', 'Palazzo della Ragione', 'Teatro Romano', 'Centro Fotografia']",Teatro Romano,strategy_nearest,True,0.0014450550079345703,success
04512B429C4C80,0,"['Castelvecchio', 'Torre Lamberti']",Arena,"['Verona Tour', 'Museo Lapidario', 'Museo Radio', 'San Fermo', 'Casa Giulietta']",Casa Giulietta,strategy_nearest,True,0.002981901168823242,success
04514B429C4C80,3,"['Arena', 'Torre Lamberti', 'Casa Giulietta', 'San Fermo']",Teatro Romano,"['Santa Anastasia', 'Duomo', 'AMO', 'Palazzo della Ragione', 'Museo Conte']",Castelvecchio,strategy_nearest,False,0.0027539730072021484,success
0451594A9C4C80,0,"['Arena', 'Casa Giulietta']",Santa Anastasia,"['AMO', 'Museo Conte', 'Palazzo della Ragione', 'Teatro Romano', 'Centro Fotografia']",Museo Lapidario,strategy_nearest,False,0.0030159950256347656,success
0451553A9C4C80,0,['Torre Lamberti'],Arena,"['Verona Tour', 'Museo Lapidario', 'Museo Radio', 'San Fermo', 'Casa Giulietta']",Castelvecchio,strategy_nearest,False,0.004344940185546875,success
04516F429C4C80,1,['Arena'],Castelvecchio,"['Museo Lapidario', 'Verona Tour', 'Museo Radio', 'San Zeno', 'Sighseeing']",Torre Lamberti,strategy_nearest,False,0.004096031188964844,success
0451744A9C4C80,2,['Casa Giulietta'],Torre Lamberti,"['Sighseeing', 'Centro Fotografia', 'Museo Conte', 'Palazzo della Ragione', 'AMO']",Santa Anastasia,strategy_nearest,False,0.002561807632446289,success
04517A429C4C80,0,['Arena'],Casa Giulietta,"['Centro Fotografia', 'Sighseeing', 'Torre Lamberti', 'Museo Conte', 'Museo Radio']",Torre Lamberti,strategy_nearest,True,0.002512216567993164,success
04517D4A9C4C80,3,"['Arena', 'Teatro Romano']",Duomo,"['AMO', 'Museo Miniscalchi', 'Santa Anastasia', 'Palazzo della Ragione', 'Museo Conte']",Santa Anastasia,strategy_nearest,True,0.0032231807708740234,success
0451774A9C4C80,2,['Teatro Romano'],Duomo,"['AMO', 'Museo Miniscalchi', 'Santa Anastasia', 'Palazzo della Ragione', 'Museo Conte']",Castelvecchio,strategy_nearest,False,0.0015850067138671875,success
04518B429C4C80,1,"['Teatro Romano', 'Arena']",Torre Lamberti,"['Sighseeing', 'Centro Fotografia', 'Museo Conte', 'Casa Giulietta', 'Palazzo della Ragione']",Palazzo della Ragione,strategy_nearest,True,0.0032629966735839844,success
04518E4A9C4C80,0,"['Arena', 'Museo Lapidario']",Castelvecchio,"['Verona Tour', 'Museo Radio', 'San Zeno', 'Sighseeing', 'Museo Miniscalchi']",Casa Giulietta,strategy_nearest,False,0.0015599727630615234,success
04519D429C4C80,0,['Casa Giulietta'],Arena,"['Verona Tour', 'Museo Lapidario', 'Museo Radio', 'San Fermo', 'Sighseeing']",Santa Anastasia,strategy_nearest,False,0.0028810501098632812,success
04519C429C4C80,1,"['Casa Giulietta', 'Palazzo della Ragione', 'Torre Lamberti']",Teatro Romano,"['Santa Anastasia', 'Duomo', 'AMO', 'Museo Conte', 'Centro Fotografia']",Duomo,strategy_nearest,True,0.002457857131958008,success
04519E4A9C4C80,3,"['Arena', 'Torre Lamberti', 'Casa Giulietta']",Santa Anastasia,"['AMO', 'Museo Conte', 'Palazzo della Ragione', 'Teatro Romano', 'Centro Fotografia']",Duomo,strategy_nearest,False,0.0034456253051757812,success
0451A93A9C4C80,3,"['Arena', 'Museo Lapidario']",Castelvecchio,"['Verona Tour', 'Museo Radio', 'San Zeno', 'Sighseeing', 'Museo Miniscalchi']",Casa Giulietta,strategy_nearest,False,0.001341104507446289,success
0451AC4A9C4C80,1,"['Arena', 'San Fermo', 'Palazzo della Ragione']",Torre Lamberti,"['Sighseeing', 'Centro Fotografia', 'Museo Conte', 'Casa Giulietta', 'AMO']",Santa Anastasia,strategy_nearest,False,0.0022041797637939453,success
0451AE3A9C4C80,0,['Casa Giulietta'],Arena,"['Verona Tour', 'Museo Lapidario', 'Museo Radio', 'San Fermo', 'Sighseeing']",Castelvecchio,strategy_nearest,False,0.0030150413513183594,success
0451AE4A9C4C80,3,"['Arena', 'Torre Lamberti']",San Fermo,"['Museo Storia', 'Museo Radio', 'Casa Giulietta', 'Centro Fotografia', 'Sighseeing']",Duomo,strategy_nearest,False,0.003632068634033203,success
0451B64A9C4C80,2,['Castelvecchio'],Torre Lamberti,"['Sighseeing', 'Centro Fotografia', 'Museo Conte', 'Casa Giulietta', 'Palazzo della Ragione']",Casa Giulietta,strategy_nearest,True,0.002329111099243164,success
0451BD4A9C4C80,3,['Arena'],Casa Giulietta,"['Centro Fotografia', 'Sighseeing', 'Torre Lamberti', 'Museo Conte', 'Museo Radio']",Santa Anastasia,strategy_nearest,False,0.0016109943389892578,success
0451BF3A9C4C80,0,['Arena'],Casa Giulietta,"['Centro Fotografia', 'Sighseeing', 'Torre Lamberti', 'Museo Conte', 'Museo Radio']",Castelvecchio,strategy_nearest,False,0.003493070602416992,success
0451BB4A9C4C80,0,['Arena'],Casa Giulietta,"['Centro Fotografia', 'Sighseeing', 'Torre Lamberti', 'Museo Conte', 'Museo Radio']",Santa Anastasia,strategy_nearest,False,0.0031158924102783203,success
0451C34A9C4C80,0,['Arena'],Teatro Romano,"['Santa Anastasia', 'Duomo', 'AMO', 'Palazzo della Ragione', 'Museo Conte']",Duomo,strategy_nearest,True,0.0015249252319335938,success
0451CE4A9C4C80,0,['Arena'],Casa Giulietta,"['Centro Fotografia', 'Sighseeing', 'Torre Lamberti', 'Museo Conte', 'Museo Radio']",Castelvecchio,strategy_nearest,False,0.0021278858184814453,success
0451C3429C4C80,1,['Arena'],Palazzo della Ragione,"['AMO', 'Museo Conte', 'Torre Lamberti', 'Centro Fotografia', 'Sighseeing']",Casa Giulietta,strategy_nearest,False,0.0036056041717529297,success
0451C1429C4C80,1,"['Arena', 'Santa Anastasia']",Palazzo della Ragione,"['AMO', 'Museo Conte', 'Torre Lamberti', 'Centro Fotografia', 'Sighseeing']",Torre Lamberti,strategy_nearest,True,0.004308938980102539,success
0451CF429C4C80,2,['Santa Anastasia'],Duomo,"['AMO', 'Museo Miniscalchi', 'Teatro Romano', 'Palazzo della Ragione', 'Museo Conte']",Torre Lamberti,strategy_nearest,False,0.0021371841430664062,success
0451D0429C4C80,3,"['Torre Lamberti', 'Teatro Romano']",Santa Anastasia,"['AMO', 'Museo Conte', 'Palazzo della Ragione', 'Centro Fotografia', 'Duomo']",Casa Giulietta,strategy_nearest,False,0.0014510154724121094,success
0451CF4A9C4C80,0,['Arena'],Torre Lamberti,"['Sighseeing', 'Centro Fotografia', 'Museo Conte', 'Casa Giulietta', 'Palazzo della Ragione']",Casa Giulietta,strategy_nearest,True,0.0030679702758789062,success
0451D13A9C4C80,1,"['Arena', 'Castelvecchio']",Santa Anastasia,"['AMO', 'Museo Conte', 'Palazzo della Ragione', 'Teatro Romano', 'Centro Fotografia']",Torre Lamberti,strategy_nearest,False,0.003512144088745117,success
0451D4429C4C80,3,"['San Zeno', 'Castelvecchio']",Arena,"['Verona Tour', 'Museo Lapidario', 'Museo Radio', 'San Fermo', 'Casa Giulietta']",Casa Giulietta,strategy_nearest,True,0.002911806106567383,success
0451DE429C4C80,3,"['Torre Lamberti', 'Teatro Romano']",Santa Anastasia,"['AMO', 'Museo Conte', 'Palazzo della Ragione', 'Centro Fotografia', 'Duomo']",Casa Giulietta,strategy_nearest,False,0.001455068588256836,success
0451F14A9C4C80,0,"['Arena', 'San Fermo']",Casa Giulietta,"['Centro Fotografia', 'Sighseeing', 'Torre Lamberti', 'Museo Conte', 'Museo Radio']",Torre Lamberti,strategy_nearest,True,0.0035009384155273438,success
0451ED3A9C4C80,1,['Castelvecchio'],Arena,"['Verona Tour', 'Museo Lapidario', 'Museo Radio', 'San Fermo', 'Casa Giulietta']",Torre Lamberti,strategy_nearest,False,0.0029969215393066406,success
0452084A9C4C84,1,"['Arena', 'Casa Giulietta']",Torre Lamberti,"['Sighseeing', 'Centro Fotografia', 'Museo Conte', 'Palazzo della Ragione', 'AMO']",Palazzo della Ragione,strategy_nearest,True,0.0033621788024902344,success
045207429C4C84,0,"['Arena', 'Castelvecchio']",Casa Giulietta,"['Centro Fotografia', 'Sighseeing', 'Torre Lamberti', 'Museo Conte', 'Museo Radio']",Duomo,strategy_nearest,False,0.002856016159057617,success
0451F24A9C4C80,1,['Arena'],Torre Lamberti,"['Sighseeing', 'Centro Fotografia', 'Museo Conte', 'Casa Giulietta', 'Palazzo della Ragione']",Palazzo della Ragione,strategy_nearest,True,0.0036292076110839844,success
0451FD4A9C4C80,3,"['Arena', 'Casa Giulietta']",Santa Anastasia,"['AMO', 'Museo Conte', 'Palazzo della Ragione', 'Teatro Romano', 'Centro Fotografia']",Duomo,strategy_nearest,False,0.001644134521484375,success
0452094A9C4C84,0,['Arena'],Casa Giulietta,"['Centro Fotografia', 'Sighseeing', 'Torre Lamberti', 'Museo Conte', 'Museo Radio']",Tomba Giulietta,strategy_nearest,False,0.0022439956665039062,success
045210429C4C84,0,['Arena'],Torre Lamberti,"['Sighseeing', 'Centro Fotografia', 'Museo Conte', 'Casa Giulietta', 'Palazzo della Ragione']",Casa Giulietta,strategy_nearest,True,0.0014040470123291016,success
0452183A9C4C84,0,['Arena'],Castelvecchio,"['Museo Lapidario', 'Verona Tour', 'Museo Radio', 'San Zeno', 'Sighseeing']",Casa Giulietta,strategy_nearest,False,0.0036439895629882812,success
04520D429C4C84,1,"['Arena', 'Duomo', 'Castelvecchio']",Museo Lapidario,"['Verona Tour', 'Museo Radio', 'San Fermo', 'Casa Giulietta', 'Tomba Giulietta']",Casa Giulietta,strategy_nearest,True,0.0031070709228515625,success
0452193A9C4C84,1,"['Museo Lapidario', 'Castelvecchio', 'Duomo']",Torre Lamberti,"['Sighseeing', 'Centro Fotografia', 'Museo Conte', 'Casa Giulietta', 'Palazzo della Ragione']",Palazzo della Ragione,strategy_nearest,True,0.0037758350372314453,success
0452204A9C4C80,1,"['Arena', 'Casa Giulietta']",Palazzo della Ragione,"['AMO', 'Museo Conte', 'Torre Lamberti', 'Centro Fotografia', 'Sighseeing']",Santa Anastasia,strategy_nearest,False,0.0029630661010742188,success
045224429C4C80,2,"['San Zeno', 'Castelvecchio']",Santa Anastasia,"['AMO', 'Museo Conte', 'Palazzo della Ragione', 'Teatro Romano', 'Centro Fotografia']",Teatro Romano,strategy_nearest,True,0.003620147705078125,success
04521C429C4C80,3,"['Casa Giulietta', 'Santa Anastasia']",San Fermo,"['Museo Storia', 'Museo Radio', 'Centro Fotografia', 'Arena', 'Sighseeing']",Tomba Giulietta,strategy_nearest,False,0.0021009445190429688,success
0452244A9C4C80,3,"['Arena', 'Casa Giulietta']",Santa Anastasia,"['AMO', 'Museo Conte', 'Palazzo della Ragione', 'Teatro Romano', 'Centro Fotografia']",Teatro Romano,strategy_nearest,True,0.002457141876220703,success
0452293A9C4C80,3,"['Santa Anastasia', 'Duomo']",Torre Lamberti,"['Sighseeing', 'Centro Fotografia', 'Museo Conte', 'Casa Giulietta', 'Palazzo della Ragione']",Casa Giulietta,strategy_nearest,True,0.002808809280395508,success
04522F429C4C80,2,"['Museo Lapidario', 'San Zeno']",Castelvecchio,"['Verona Tour', 'Arena', 'Museo Radio', 'Sighseeing', 'Museo Miniscalchi']",San Fermo,strategy_nearest,False,0.0021181106567382812,success
045247429C4C80,2,['San Fermo'],Tomba Giulietta,"['Museo Storia', 'Arena', 'Museo Lapidario', 'Museo Radio', 'Verona Tour']",Casa Giulietta,strategy_nearest,False,0.003470182418823242,success
04526A429C4C80,3,"['Casa Giulietta', 'Torre Lamberti']",Arena,"['Verona Tour', 'Museo Lapidario', 'Museo Radio', 'San Fermo', 'Sighseeing']",Castelvecchio,strategy_nearest,False,0.0016598701477050781,success
04524D3A9C4C80,3,"['Torre Lamberti', 'Casa Giulietta']",Arena,"['Verona Tour', 'Museo Lapidario', 'Museo Radio', 'San Fermo', 'Sighseeing']",Santa Anastasia,strategy_nearest,False,0.0031919479370117188,success
045271429C4C80,0,"['Arena', 'Casa Giulietta']",Torre Lamberti,"['Sighseeing', 'Centro Fotografia', 'Museo Conte', 'Palazzo della Ragione', 'AMO']",Tomba Giulietta,strategy_nearest,False,0.0029058456420898438,success
0452794A9C4C80,0,"['Teatro Romano', 'Torre Lamberti']",Arena,"['Verona Tour', 'Museo Lapidario', 'Museo Radio', 'San Fermo', 'Casa Giulietta']",Tomba Giulietta,strategy_nearest,False,0.003226041793823242,success
0452863A9C4C80,3,"['Teatro Romano', 'Arena']",Castelvecchio,"['Museo Lapidario', 'Verona Tour', 'Museo Radio', 'San Zeno', 'Sighseeing']",San Zeno,strategy_nearest,True,0.002330780029296875,success
0452884A9C4C80,3,['Arena'],San Zeno,"['Castelvecchio', 'Verona Tour', 'Museo Lapidario', 'Museo Miniscalchi', 'Sighseeing']",Torre Lamberti,strategy_nearest,False,0.0036008358001708984,success
04527D4A9C4C80,3,"['Santa Anastasia', 'Duomo']",Castelvecchio,"['Museo Lapidario', 'Verona Tour', 'Arena', 'Museo Radio', 'San Zeno']",Casa Giulietta,strategy_nearest,False,0.0018072128295898438,success
0452904A9C4C80,0,['Arena'],Casa Giulietta,"['Centro Fotografia', 'Sighseeing', 'Torre Lamberti', 'Museo Conte', 'Museo Radio']",Tomba Giulietta,strategy_nearest,False,0.0028972625732421875,success
0452A0429C4C80,0,"['Arena', 'Casa Giulietta']",Torre Lamberti,"['Sighseeing', 'Centro Fotografia', 'Museo Conte', 'Palazzo della Ragione', 'AMO']",Duomo,strategy_nearest,False,0.0028541088104248047,success
0452974A9C4C80,3,"['San Zeno', 'Torre Lamberti']",Santa Anastasia,"['AMO', 'Museo Conte', 'Palazzo della Ragione', 'Teatro Romano', 'Centro Fotografia']",Teatro Romano,strategy_nearest,True,0.0022101402282714844,success
0452954A9C4C80,0,"['Arena', 'Castelvecchio']",Casa Giulietta,"['Centro Fotografia', 'Sighseeing', 'Torre Lamberti', 'Museo Conte', 'Museo Radio']",Torre Lamberti,strategy_nearest,True,0.0023398399353027344,success
0452A84A9C4C80,0,['Arena'],Casa Giulietta,"['Centro Fotografia', 'Sighseeing', 'Torre Lamberti', 'Museo Conte', 'Museo Radio']",Santa Anastasia,strategy_nearest,False,0.0036478042602539062,success
0452AD4A9C4C80,0,['Arena'],Museo Lapidario,"['Verona Tour', 'Castelvecchio', 'Museo Radio', 'San Fermo', 'Casa Giulietta']",Castelvecchio,strategy_nearest,True,0.002006053924560547,success
0452AA3A9C4C80,1,"['Arena', 'Castelvecchio', 'San Zeno']",Torre Lamberti,"['Sighseeing', 'Centro Fotografia', 'Museo Conte', 'Casa Giulietta', 'Palazzo della Ragione']",Palazzo della Ragione,strategy_nearest,True,0.002730131149291992,success
0452AF4A9C4C80,2,"['Teatro Romano', 'Santa Anastasia']",Torre Lamberti,"['Sighseeing', 'Centro Fotografia', 'Museo Conte', 'Casa Giulietta', 'Palazzo della Ragione']",San Fermo,strategy_nearest,False,0.003309965133666992,success
0452B04A9C4C80,1,"['Arena', 'Casa Giulietta']",Torre Lamberti,"['Sighseeing', 'Centro Fotografia', 'Museo Conte', 'Palazzo della Ragione', 'AMO']",Palazzo della Ragione,strategy_nearest,True,0.0025811195373535156,success
0452B14A9C4C80,3,"['Castelvecchio', 'Arena', 'Casa Giulietta']",Torre Lamberti,"['Sighseeing', 'Centro Fotografia', 'Museo Conte', 'Palazzo della Ragione', 'AMO']",Duomo,strategy_nearest,False,0.0025420188903808594,success
0452B83A9C4C80,3,['Arena'],Torre Lamberti,"['Sighseeing', 'Centro Fotografia', 'Museo Conte', 'Casa Giulietta', 'Palazzo della Ragione']",Santa Anastasia,strategy_nearest,False,0.0025610923767089844,success
0452B64A9C4C80,0,['Arena'],Casa Giulietta,"['Centro Fotografia', 'Sighseeing', 'Torre Lamberti', 'Museo Conte', 'Museo Radio']",Castelvecchio,strategy_nearest,False,0.0032308101654052734,success
0452B94A9C4C80,3,"['Arena', 'Museo Lapidario', 'Casa Giulietta']",Torre Lamberti,"['Sighseeing', 'Centro Fotografia', 'Museo Conte', 'Palazzo della Ragione', 'AMO']",Santa Anastasia,strategy_nearest,False,0.002216815948486328,success
0452B8429C4C80,0,['Arena'],Castelvecchio,"['Museo Lapidario', 'Verona Tour', 'Museo Radio', 'San Zeno', 'Sighseeing']",Casa Giulietta,strategy_nearest,False,0.002256155014038086,success
0452BB429C4C80,3,"['Tomba Giulietta', 'San Fermo', 'Casa Giulietta']",Torre Lamberti,"['Sighseeing', 'Centro Fotografia', 'Museo Conte', 'Palazzo della Ragione', 'AMO']",Santa Anastasia,strategy_nearest,False,0.00344085693359375,success
0452C04A9C4C80,1,"['Arena', 'Casa Giulietta']",Torre Lamberti,"['Sighseeing', 'Centro Fotografia', 'Museo Conte', 'Palazzo della Ragione', 'AMO']",Palazzo della Ragione,strategy_nearest,True,0.0026619434356689453,success
0452CA4A9C4C80,0,['Arena'],Casa Giulietta,"['Centro Fotografia', 'Sighseeing', 'Torre Lamberti', 'Museo Conte', 'Museo Radio']",Santa Anastasia,strategy_nearest,False,0.0022249221801757812,success
0452D3429C4C80,0,"['Casa Giulietta', 'Arena']",Castelvecchio,"['Museo Lapidario', 'Verona Tour', 'Museo Radio', 'San Zeno', 'Sighseeing']",Torre Lamberti,strategy_nearest,False,0.0014300346374511719,success
0452CF4A9C4C80,0,['Castelvecchio'],Casa Giulietta,"['Centro Fotografia', 'Sighseeing', 'Torre Lamberti', 'Museo Conte', 'Museo Radio']",Arena,strategy_nearest,False,0.0027098655700683594,success
0452CE3A9C4C80,3,"['Santa Anastasia', 'Torre Lamberti']",Casa Giulietta,"['Centro Fotografia', 'Sighseeing', 'Museo Conte', 'Museo Radio', 'Palazzo della Ragione']",Arena,strategy_nearest,False,0.003476858139038086,success
0452F44A9C4C80,1,"['Arena', 'Torre Lamberti', 'Palazzo della Ragione']",Santa Anastasia,"['AMO', 'Museo Conte', 'Teatro Romano', 'Centro Fotografia', 'Duomo']",Duomo,strategy_nearest,True,0.0021991729736328125,success
0452F7429C4C80,4,"['Arena', 'Torre Lamberti', 'Palazzo della Ragione', 'Casa Giulietta', 'Santa Anastasia']",Duomo,"['AMO', 'Museo Miniscalchi', 'Teatro Romano', 'Museo Conte', 'Centro Fotografia']",Teatro Romano,strategy_nearest,True,0.0014789104461669922,success
0452F24A9C4C80,3,"['Arena', 'Arena']",San Fermo,"['Museo Storia', 'Museo Radio', 'Casa Giulietta', 'Centro Fotografia', 'Sighseeing']",Santa Anastasia,strategy_nearest,False,0.0028710365295410156,success
0452E9429C4C80,3,['Arena'],Santa Anastasia,"['AMO', 'Museo Conte', 'Palazzo della Ragione', 'Teatro Romano', 'Centro Fotografia']",Duomo,strategy_nearest,False,0.004960060119628906,success
0452FC4A9C4C80,1,"['Arena', 'Casa Giulietta', 'Torre Lamberti']",Palazzo della Ragione,"['AMO', 'Museo Conte', 'Centro Fotografia', 'Sighseeing', 'Santa Anastasia']",Santa Anastasia,strategy_nearest,True,0.0025038719177246094,success
0452F74A9C4C80,3,"['Casa Giulietta', 'Santa Anastasia']",Teatro Romano,"['Duomo', 'AMO', 'Palazzo della Ragione', 'Museo Conte', 'Centro Fotografia']",Arena,strategy_nearest,False,0.0016880035400390625,success
04530A4A9C4C84,1,"['Arena', 'Palazzo della Ragione']",Teatro Romano,"['Santa Anastasia', 'Duomo', 'AMO', 'Museo Conte', 'Centro Fotografia']",Casa Giulietta,strategy_nearest,False,0.002068042755126953,success
0453014A9C4C84,1,"['Arena', 'Castelvecchio', 'Casa Giulietta']",Santa Anastasia,"['AMO', 'Museo Conte', 'Palazzo della Ragione', 'Teatro Romano', 'Centro Fotografia']",Torre Lamberti,strategy_nearest,False,0.0028891563415527344,success
045301429C4C84,2,['Torre Lamberti'],Teatro Romano,"['Santa Anastasia', 'Duomo', 'AMO', 'Palazzo della Ragione', 'Museo Conte']",San Zeno,strategy_nearest,False,0.005074024200439453,success
0453094A9C4C84,3,"['Arena', 'Torre Lamberti']",Casa Giulietta,"['Centro Fotografia', 'Sighseeing', 'Museo Conte', 'Museo Radio', 'Palazzo della Ragione']",Santa Anastasia,strategy_nearest,False,0.001567840576171875,success
04530C4A9C4C84,0,['Casa Giulietta'],Arena,"['Verona Tour', 'Museo Lapidario', 'Museo Radio', 'San Fermo', 'Sighseeing']",Tomba Giulietta,strategy_nearest,False,0.0022008419036865234,success
04530E429C4C84,3,"['Arena', 'Casa Giulietta']",Santa Anastasia,"['AMO', 'Museo Conte', 'Palazzo della Ragione', 'Teatro Romano', 'Centro Fotografia']",Teatro Romano,strategy_nearest,True,0.0015070438385009766,success
0453104A9C4C84,1,"['Castelvecchio', 'Arena', 'Museo Lapidario']",Casa Giulietta,"['Centro Fotografia', 'Sighseeing', 'Torre Lamberti', 'Museo Conte', 'Museo Radio']",Torre Lamberti,strategy_nearest,True,0.002652883529663086,success
04530B4A9C4C84,3,"['Arena', 'Torre Lamberti', 'Santa Anastasia']",Duomo,"['AMO', 'Museo Miniscalchi', 'Teatro Romano', 'Palazzo della Ragione', 'Museo Conte']",Teatro Romano,strategy_nearest,True,0.004099845886230469,success
0453193A9C4C84,0,"['Museo Lapidario', 'Castelvecchio', 'Teatro Romano']",Casa Giulietta,"['Centro Fotografia', 'Sighseeing', 'Torre Lamberti', 'Museo Conte', 'Museo Radio']",Tomba Giulietta,strategy_nearest,False,0.0022199153900146484,success
045312429C4C84,3,"['Castelvecchio', 'Duomo']",Teatro Romano,"['Santa Anastasia', 'AMO', 'Palazzo della Ragione', 'Museo Conte', 'Centro Fotografia']",Arena,strategy_nearest,False,0.002021312713623047,success
04534C3A9C4C80,2,['Castelvecchio'],Casa Giulietta,"['Centro Fotografia', 'Sighseeing', 'Torre Lamberti', 'Museo Conte', 'Museo Radio']",Santa Anastasia,strategy_nearest,False,0.003206968307495117,success
04533E429C4C80,1,"['Arena', 'Casa Giulietta', 'Torre Lamberti']",Santa Anastasia,"['AMO', 'Museo Conte', 'Palazzo della Ragione', 'Teatro Romano', 'Centro Fotografia']",Duomo,strategy_nearest,False,0.002832174301147461,success
045367429C4C80,0,"['Casa Giulietta', 'Torre Lamberti']",Giardino Giusti,"['Santa Anastasia', 'Teatro Romano', 'Museo Conte', 'Centro Fotografia', 'Museo Storia']",Teatro Romano,strategy_nearest,True,0.001405954360961914,success
0453533A9C4C80,0,['Casa Giulietta'],Arena,"['Verona Tour', 'Museo Lapidario', 'Museo Radio', 'San Fermo', 'Sighseeing']",Tomba Giulietta,strategy_nearest,False,0.0022308826446533203,success
0453553A9C4C80,3,"['Santa Anastasia', 'Torre Lamberti']",Casa Giulietta,"['Centro Fotografia', 'Sighseeing', 'Museo Conte', 'Museo Radio', 'Palazzo della Ragione']",Arena,strategy_nearest,False,0.0034029483795166016,success
04534D3A9C4C80,1,"['Casa Giulietta', 'Castelvecchio']",Arena,"['Verona Tour', 'Museo Lapidario', 'Museo Radio', 'San Fermo', 'Sighseeing']",Palazzo della Ragione,strategy_nearest,False,0.004038333892822266,success
0453784A9C4C80,1,"['Arena', 'Torre Lamberti']",Palazzo della Ragione,"['AMO', 'Museo Conte', 'Centro Fotografia', 'Sighseeing', 'Santa Anastasia']",Castelvecchio,strategy_nearest,False,0.0028150081634521484,success
04537F3A9C4C80,1,"['Santa Anastasia', 'Palazzo della Ragione']",Torre Lamberti,"['Sighseeing', 'Centro Fotografia', 'Museo Conte', 'Casa Giulietta', 'AMO']",Casa Giulietta,strategy_nearest,True,0.002199888229370117,success
0453934A9C4C80,1,['Arena'],Torre Lamberti,"['Sighseeing', 'Centro Fotografia', 'Museo Conte', 'Casa Giulietta', 'Palazzo della Ragione']",Palazzo della Ragione,strategy_nearest,True,0.0015850067138671875,success
045395429C4C80,0,"['Castelvecchio', 'Arena']",Casa Giulietta,"['Centro Fotografia', 'Sighseeing', 'Torre Lamberti', 'Museo Conte', 'Museo Radio']",Duomo,strategy_nearest,False,0.0033500194549560547,success
0453A24A9C4C80,2,['Casa Giulietta'],Santa Anastasia,"['AMO', 'Museo Conte', 'Palazzo della Ragione', 'Teatro Romano', 'Centro Fotografia']",Duomo,strategy_nearest,False,0.002115964889526367,success
0453AC3A9C4C80,3,['Arena'],Santa Anastasia,"['AMO', 'Museo Conte', 'Palazzo della Ragione', 'Teatro Romano', 'Centro Fotografia']",Duomo,strategy_nearest,False,0.0026082992553710938,success
0453AD4A9C4C80,2,['Torre Lamberti'],Duomo,"['AMO', 'Museo Miniscalchi', 'Santa Anastasia', 'Teatro Romano', 'Palazzo della Ragione']",San Zeno,strategy_nearest,False,0.001995086669921875,success
0453A74A9C4C80,0,['Teatro Romano'],Casa Giulietta,"['Centro Fotografia', 'Sighseeing', 'Torre Lamberti', 'Museo Conte', 'Museo Radio']",Arena,strategy_nearest,False,0.0035028457641601562,success
0453B04A9C4C80,0,['Arena'],Casa Giulietta,"['Centro Fotografia', 'Sighseeing', 'Torre Lamberti', 'Museo Conte', 'Museo Radio']",Torre Lamberti,strategy_nearest,True,0.001706838607788086,success
0453B63A9C4C80,2,['Casa Giulietta'],Torre Lamberti,"['Sighseeing', 'Centro Fotografia', 'Museo Conte', 'Palazzo della Ragione', 'AMO']",Palazzo della Ragione,strategy_nearest,True,0.0033371448516845703,success
0453B8429C4C80,0,"['Arena', 'Museo Lapidario', 'Castelvecchio']",Torre Lamberti,"['Sighseeing', 'Centro Fotografia', 'Museo Conte', 'Casa Giulietta', 'Palazzo della Ragione']",Casa Giulietta,strategy_nearest,True,0.0025510787963867188,success
0453B93A9C4C80,1,"['Arena', 'Castelvecchio', 'Duomo', 'Teatro Romano']",Santa Anastasia,"['AMO', 'Museo Conte', 'Palazzo della Ragione', 'Centro Fotografia', 'Torre Lamberti']",Torre Lamberti,strategy_nearest,True,0.003181934356689453,success
0453BD4A9C4C80,0,['Arena'],Casa Giulietta,"['Centro Fotografia', 'Sighseeing', 'Torre Lamberti', 'Museo Conte', 'Museo Radio']",Torre Lamberti,strategy_nearest,True,0.002003908157348633,success
0453BE4A9C4C80,3,"['Arena', 'Casa Giulietta']",Torre Lamberti,"['Sighseeing', 'Centro Fotografia', 'Museo Conte', 'Palazzo della Ragione', 'AMO']",Duomo,strategy_nearest,False,0.0026030540466308594,success
0453C24A9C4C80,0,['Arena'],Casa Giulietta,"['Centro Fotografia', 'Sighseeing', 'Torre Lamberti', 'Museo Conte', 'Museo Radio']",Castelvecchio,strategy_nearest,False,0.0023260116577148438,success
0453BF3A9C4C80,0,"['Arena', 'Museo Storia']",San Fermo,"['Museo Radio', 'Casa Giulietta', 'Centro Fotografia', 'Sighseeing', 'Torre Lamberti']",Tomba Giulietta,strategy_nearest,False,0.004138946533203125,success
0453C84A9C4C80,0,"['Arena', 'Casa Giulietta']",Duomo,"['AMO', 'Museo Miniscalchi', 'Santa Anastasia', 'Teatro Romano', 'Palazzo della Ragione']",Teatro Romano,strategy_nearest,True,0.0022139549255371094,success
0453CE3A9C4C80,0,['Arena'],Teatro Romano,"['Santa Anastasia', 'Duomo', 'AMO', 'Palazzo della Ragione', 'Museo Conte']",Giardino Giusti,strategy_nearest,False,0.0031800270080566406,success
0453CA4A9C4C80,2,['Casa Giulietta'],Santa Anastasia,"['AMO', 'Museo Conte', 'Palazzo della Ragione', 'Teatro Romano', 'Centro Fotografia']",Duomo,strategy_nearest,False,0.002614736557006836,success
0453CF429C4C80,3,"['Castelvecchio', 'Duomo', 'Teatro Romano']",Arena,"['Verona Tour', 'Museo Lapidario', 'Museo Radio', 'San Fermo', 'Casa Giulietta']",Casa Giulietta,strategy_nearest,True,0.0023179054260253906,success
0453CE4A9C4C80,1,['Arena'],Torre Lamberti,"['Sighseeing', 'Centro Fotografia', 'Museo Conte', 'Casa Giulietta', 'Palazzo della Ragione']",Palazzo della Ragione,strategy_nearest,True,0.003181934356689453,success
0453D24A9C4C80,1,"['Santa Anastasia', 'Duomo', 'Castelvecchio']",San Zeno,"['Verona Tour', 'Museo Lapidario', 'Arena', 'Museo Miniscalchi', 'Sighseeing']",Palazzo della Ragione,strategy_nearest,False,0.002399921417236328,success
0453EE429C4C80,0,['Teatro Romano'],San Zeno,"['Castelvecchio', 'Verona Tour', 'Museo Lapidario', 'Arena', 'Museo Miniscalchi']",Torre Lamberti,strategy_nearest,False,0.002596139907836914,success
0453EC429C4C80,0,['Arena'],Casa Giulietta,"['Centro Fotografia', 'Sighseeing', 'Torre Lamberti', 'Museo Conte', 'Museo Radio']",Torre Lamberti,strategy_nearest,True,0.002635955810546875,success
0453F33A9C4C80,0,['Arena'],Casa Giulietta,"['Centro Fotografia', 'Sighseeing', 'Torre Lamberti', 'Museo Conte', 'Museo Radio']",Castelvecchio,strategy_nearest,False,0.002428770065307617,success
0453F44A9C4C80,0,['Arena'],Castelvecchio,"['Museo Lapidario', 'Verona Tour', 'Museo Radio', 'San Zeno', 'Sighseeing']",San Zeno,strategy_nearest,True,0.0033330917358398438,success
0453F5429C4C80,1,"['Arena', 'Torre Lamberti', 'Palazzo della Ragione', 'Casa Giulietta', 'Duomo']",Santa Anastasia,"['AMO', 'Museo Conte', 'Teatro Romano', 'Centro Fotografia', 'Sighseeing']",Tomba Giulietta,strategy_nearest,False,0.0025568008422851562,success
0453F84A9C4C80,0,"['Arena', 'Casa Giulietta']",Castelvecchio,"['Museo Lapidario', 'Verona Tour', 'Museo Radio', 'San Zeno', 'Sighseeing']",San Zeno,strategy_nearest,True,0.0035979747772216797,success
045400429C4C84,1,"['Teatro Romano', 'Tomba Giulietta', 'Museo Lapidario']",San Fermo,"['Museo Storia', 'Museo Radio', 'Casa Giulietta', 'Centro Fotografia', 'Arena']",Palazzo della Ragione,strategy_nearest,False,0.0031659603118896484,success
0453F9429C4C80,3,"['Casa Giulietta', 'Arena']",Duomo,"['AMO', 'Museo Miniscalchi', 'Santa Anastasia', 'Teatro Romano', 'Palazzo della Ragione']",Santa Anastasia,strategy_nearest,True,0.002033233642578125,success
0453F93A9C4C80,0,"['Museo Lapidario', 'Arena']",Casa Giulietta,"['Centro Fotografia', 'Sighseeing', 'Torre Lamberti', 'Museo Conte', 'Museo Radio']",Torre Lamberti,strategy_nearest,True,0.0035500526428222656,success
0454024A9C4C84,0,['Arena'],Casa Giulietta,"['Centro Fotografia', 'Sighseeing', 'Torre Lamberti', 'Museo Conte', 'Museo Radio']",Castelvecchio,strategy_nearest,False,0.0015339851379394531,success
0454004A9C4C84,1,['Arena'],Palazzo della Ragione,"['AMO', 'Museo Conte', 'Torre Lamberti', 'Centro Fotografia', 'Sighseeing']",Torre Lamberti,strategy_nearest,True,0.004702091217041016,success
0454044A9C4C84,3,"['Arena', 'Castelvecchio']",Casa Giulietta,"['Centro Fotografia', 'Sighseeing', 'Torre Lamberti', 'Museo Conte', 'Museo Radio']",Torre Lamberti,strategy_nearest,True,0.0020399093627929688,success
045401429C4C84,4,"['Teatro Romano', 'Duomo', 'Casa Giulietta', 'Arena']",Museo Radio,"['San Fermo', 'Sighseeing', 'Torre Lamberti', 'Centro Fotografia', 'Verona Tour']",Tomba Giulietta,strategy_nearest,False,0.002851247787475586,success
04540C429C4C84,3,"['Arena', 'Casa Giulietta', 'Torre Lamberti']",Santa Anastasia,"['AMO', 'Museo Conte', 'Palazzo della Ragione', 'Teatro Romano', 'Centro Fotografia']",Duomo,strategy_nearest,False,0.0014100074768066406,success
0454064A9C4C84,0,['Arena'],Casa Giulietta,"['Centro Fotografia', 'Sighseeing', 'Torre Lamberti', 'Museo Conte', 'Museo Radio']",Torre Lamberti,strategy_nearest,True,0.0022058486938476562,success
045406429C4C84,1,"['Arena', 'Palazzo della Ragione', 'Torre Lamberti']",Casa Giulietta,"['Centro Fotografia', 'Sighseeing', 'Museo Conte', 'Museo Radio', 'San Fermo']",Giardino Giusti,strategy_nearest,False,0.0034668445587158203,success
04540B429C4C84,1,"['Arena', 'Torre Lamberti', 'Santa Anastasia']",Duomo,"['AMO', 'Museo Miniscalchi', 'Teatro Romano', 'Palazzo della Ragione', 'Museo Conte']",Teatro Romano,strategy_nearest,True,0.0034780502319335938,success
0454104A9C4C84,0,"['Arena', 'Castelvecchio']",Duomo,"['AMO', 'Museo Miniscalchi', 'Santa Anastasia', 'Teatro Romano', 'Palazzo della Ragione']",Teatro Romano,strategy_nearest,True,0.0019199848175048828,success
04540C4A9C4C84,1,"['Arena', 'Casa Giulietta']",Torre Lamberti,"['Sighseeing', 'Centro Fotografia', 'Museo Conte', 'Palazzo della Ragione', 'AMO']",Palazzo della Ragione,strategy_nearest,True,0.0034019947052001953,success
0454204A9C4C80,1,"['San Fermo', 'Museo Storia', 'Torre Lamberti', 'Santa Anastasia']",Teatro Romano,"['Duomo', 'AMO', 'Palazzo della Ragione', 'Museo Conte', 'Centro Fotografia']",Duomo,strategy_nearest,True,0.003214120864868164,success
0454143A9C4C84,0,"['Museo Lapidario', 'Arena']",Castelvecchio,"['Verona Tour', 'Museo Radio', 'San Zeno', 'Sighseeing', 'Museo Miniscalchi']",Torre Lamberti,strategy_nearest,False,0.0027420520782470703,success
0454283A9C4C80,0,"['Torre Lamberti', 'Casa Giulietta']",Arena,"['Verona Tour', 'Museo Lapidario', 'Museo Radio', 'San Fermo', 'Sighseeing']",Tomba Giulietta,strategy_nearest,False,0.0015330314636230469,success
0454254A9C4C80,3,"['Casa Giulietta', 'San Fermo']",Santa Anastasia,"['AMO', 'Museo Conte', 'Palazzo della Ragione', 'Teatro Romano', 'Centro Fotografia']",Arena,strategy_nearest,False,0.004541158676147461,success
045426429C4C80,3,"['Teatro Romano', 'Arena']",Duomo,"['AMO', 'Museo Miniscalchi', 'Santa Anastasia', 'Palazzo della Ragione', 'Museo Conte']",Santa Anastasia,strategy_nearest,True,0.00215911865234375,success
0454603A9C4C80,3,"['Arena', 'Museo Lapidario', 'Castelvecchio']",Casa Giulietta,"['Centro Fotografia', 'Sighseeing', 'Torre Lamberti', 'Museo Conte', 'Museo Radio']",Tomba Giulietta,strategy_nearest,False,0.002580881118774414,success
04547A4A9C4C80,3,"['Santa Anastasia', 'Duomo', 'Teatro Romano']",Casa Giulietta,"['Centro Fotografia', 'Sighseeing', 'Torre Lamberti', 'Museo Conte', 'Museo Radio']",Arena,strategy_nearest,False,0.002161741256713867,success
04547D4A9C4C80,0,['Castelvecchio'],Arena,"['Verona Tour', 'Museo Lapidario', 'Museo Radio', 'San Fermo', 'Casa Giulietta']",Casa Giulietta,strategy_nearest,True,0.0032711029052734375,success
04546F3A9C4C80,0,"['Arena', 'Castelvecchio']",Tomba Giulietta,"['San Fermo', 'Museo Storia', 'Museo Lapidario', 'Museo Radio', 'Verona Tour']",Casa Giulietta,strategy_nearest,False,0.0027849674224853516,success
04548E3A9C4C80,3,"['Arena', 'Castelvecchio']",San Fermo,"['Museo Storia', 'Museo Radio', 'Casa Giulietta', 'Centro Fotografia', 'Sighseeing']",Teatro Romano,strategy_nearest,False,0.0014119148254394531,success
045497429C4C80,3,"['Casa Giulietta', 'Torre Lamberti']",Santa Anastasia,"['AMO', 'Museo Conte', 'Palazzo della Ragione', 'Teatro Romano', 'Centro Fotografia']",Teatro Romano,strategy_nearest,True,0.0021970272064208984,success
0454954A9C4C80,3,"['Arena', 'Castelvecchio']",Torre Lamberti,"['Sighseeing', 'Centro Fotografia', 'Museo Conte', 'Casa Giulietta', 'Palazzo della Ragione']",Casa Giulietta,strategy_nearest,True,0.0016429424285888672,success
0454A14A9C4C80,0,"['Teatro Romano', 'Torre Lamberti']",Casa Giulietta,"['Centro Fotografia', 'Sighseeing', 'Museo Conte', 'Museo Radio', 'Palazzo della Ragione']",Arena,strategy_nearest,False,0.0027642250061035156,success
0454BC4A9C4C80,0,['Arena'],Casa Giulietta,"['Centro Fotografia', 'Sighseeing', 'Torre Lamberti', 'Museo Conte', 'Museo Radio']",Duomo,strategy_nearest,False,0.0032050609588623047,success
0454C64A9C4C80,0,['Arena'],Casa Giulietta,"['Centro Fotografia', 'Sighseeing', 'Torre Lamberti', 'Museo Conte', 'Museo Radio']",San Zeno,strategy_nearest,False,0.002009153366088867,success
0454C54A9C4C80,0,"['Arena', 'Casa Giulietta']",Torre Lamberti,"['Sighseeing', 'Centro Fotografia', 'Museo Conte', 'Palazzo della Ragione', 'AMO']",Castelvecchio,strategy_nearest,False,0.0014729499816894531,success
0454BD3A9C4C80,3,"['Casa Giulietta', 'Torre Lamberti']",Arena,"['Verona Tour', 'Museo Lapidario', 'Museo Radio', 'San Fermo', 'Sighseeing']",Duomo,strategy_nearest,False,0.0027549266815185547,success
0454C44A9C4C80,3,['Arena'],Torre Lamberti,"['Sighseeing', 'Centro Fotografia', 'Museo Conte', 'Casa Giulietta', 'Palazzo della Ragione']",Casa Giulietta,strategy_nearest,True,0.0033600330352783203,success
0454CC4A9C4C80,3,['Arena'],Torre Lamberti,"['Sighseeing', 'Centro Fotografia', 'Museo Conte', 'Casa Giulietta', 'Palazzo della Ragione']",Casa Giulietta,strategy_nearest,True,0.0014600753784179688,success
0454C84A9C4C80,3,['Arena'],Casa Giulietta,"['Centro Fotografia', 'Sighseeing', 'Torre Lamberti', 'Museo Conte', 'Museo Radio']",Santa Anastasia,strategy_nearest,False,0.003983259201049805,success
0454D23A9C4C80,0,['Santa Anastasia'],Casa Giulietta,"['Centro Fotografia', 'Sighseeing', 'Torre Lamberti', 'Museo Conte', 'Museo Radio']",Arena,strategy_nearest,False,0.0032351016998291016,success
0454C94A9C4C80,1,"['Arena', 'Torre Lamberti']",Palazzo della Ragione,"['AMO', 'Museo Conte', 'Centro Fotografia', 'Sighseeing', 'Santa Anastasia']",Casa Giulietta,strategy_nearest,False,0.0027801990509033203,success
0454ED429C4C80,3,['Arena'],Casa Giulietta,"['Centro Fotografia', 'Sighseeing', 'Torre Lamberti', 'Museo Conte', 'Museo Radio']",Santa Anastasia,strategy_nearest,False,0.001483917236328125,success
0454DC429C4C80,0,['Arena'],Casa Giulietta,"['Centro Fotografia', 'Sighseeing', 'Torre Lamberti', 'Museo Conte', 'Museo Radio']",Castelvecchio,strategy_nearest,False,0.002830982208251953,success
0454E9429C4C80,3,"['Castelvecchio', 'Duomo', 'Santa Anastasia']",Torre Lamberti,"['Sighseeing', 'Centro Fotografia', 'Museo Conte', 'Casa Giulietta', 'Palazzo della Ragione']",Casa Giulietta,strategy_nearest,True,0.003531932830810547,success
0454F33A9C4C80,1,"['Castelvecchio', 'Arena', 'Casa Giulietta']",Torre Lamberti,"['Sighseeing', 'Centro Fotografia', 'Museo Conte', 'Palazzo della Ragione', 'AMO']",Palazzo della Ragione,strategy_nearest,True,0.002003908157348633,success
0454F63A9C4C80,0,['Arena'],Casa Giulietta,"['Centro Fotografia', 'Sighseeing', 'Torre Lamberti', 'Museo Conte', 'Museo Radio']",Torre Lamberti,strategy_nearest,True,0.0012488365173339844,success
0454F44A9C4C80,3,"['Tomba Giulietta', 'Arena']",Casa Giulietta,"['Centro Fotografia', 'Sighseeing', 'Torre Lamberti', 'Museo Conte', 'Museo Radio']",Santa Anastasia,strategy_nearest,False,0.002707958221435547,success
0454F3429C4C80,3,"['Castelvecchio', 'Torre Lamberti', 'Santa Anastasia']",San Fermo,"['Museo Storia', 'Museo Radio', 'Casa Giulietta', 'Centro Fotografia', 'Arena']",Arena,strategy_nearest,True,0.003409147262573242,success
0454F6429C4C80,3,['Arena'],Torre Lamberti,"['Sighseeing', 'Centro Fotografia', 'Museo Conte', 'Casa Giulietta', 'Palazzo della Ragione']",Santa Anastasia,strategy_nearest,False,0.0033071041107177734,success
0455034A9C4C84,3,"['Arena', 'Casa Giulietta']",Santa Anastasia,"['AMO', 'Museo Conte', 'Palazzo della Ragione', 'Teatro Romano', 'Centro Fotografia']",Duomo,strategy_nearest,False,0.0026090145111083984,success
0455024A9C4C84,0,['Arena'],Casa Giulietta,"['Centro Fotografia', 'Sighseeing', 'Torre Lamberti', 'Museo Conte', 'Museo Radio']",Duomo,strategy_nearest,False,0.0014519691467285156,success
0455004A9C4C84,3,"['Teatro Romano', 'Duomo', 'Museo Lapidario', 'Arena']",San Zeno,"['Castelvecchio', 'Verona Tour', 'Museo Miniscalchi', 'Sighseeing', 'Museo Radio']",Castelvecchio,strategy_nearest,True,0.0027246475219726562,success
0454F73A9C4C80,1,"['Arena', 'Tomba Giulietta']",Palazzo della Ragione,"['AMO', 'Museo Conte', 'Torre Lamberti', 'Centro Fotografia', 'Sighseeing']",Torre Lamberti,strategy_nearest,True,0.004583835601806641,success
045506429C4C84,0,"['Arena', 'Arena']",Castelvecchio,"['Museo Lapidario', 'Verona Tour', 'Museo Radio', 'San Zeno', 'Sighseeing']",Duomo,strategy_nearest,False,0.0028400421142578125,success
04550B429C4C84,0,"['Arena', 'Casa Giulietta']",Castelvecchio,"['Museo Lapidario', 'Verona Tour', 'Museo Radio', 'San Zeno', 'Sighseeing']",San Fermo,strategy_nearest,False,0.0016260147094726562,success
04550B4A9C4C84,1,"['Arena', 'Casa Giulietta', 'San Fermo']",Torre Lamberti,"['Sighseeing', 'Centro Fotografia', 'Museo Conte', 'Palazzo della Ragione', 'AMO']",Palazzo della Ragione,strategy_nearest,True,0.0033159255981445312,success
0455094A9C4C84,0,['Arena'],Casa Giulietta,"['Centro Fotografia', 'Sighseeing', 'Torre Lamberti', 'Museo Conte', 'Museo Radio']",Teatro Romano,strategy_nearest,False,0.0022547245025634766,success
04550E429C4C84,1,"['Arena', 'Casa Giulietta']",Torre Lamberti,"['Sighseeing', 'Centro Fotografia', 'Museo Conte', 'Palazzo della Ragione', 'AMO']",Castelvecchio,strategy_nearest,False,0.00222015380859375,success
045511429C4C84,3,"['Arena', 'Casa Giulietta']",Torre Lamberti,"['Sighseeing', 'Centro Fotografia', 'Museo Conte', 'Palazzo della Ragione', 'AMO']",Santa Anastasia,strategy_nearest,False,0.0015299320220947266,success
0455114A9C4C84,3,"['Arena', 'Casa Giulietta', 'Duomo']",Santa Anastasia,"['AMO', 'Museo Conte', 'Palazzo della Ragione', 'Teatro Romano', 'Centro Fotografia']",Torre Lamberti,strategy_nearest,False,0.0025970935821533203,success
04550F4A9C4C84,0,['Castelvecchio'],Arena,"['Verona Tour', 'Museo Lapidario', 'Museo Radio', 'San Fermo', 'Casa Giulietta']",Torre Lamberti,strategy_nearest,False,0.0034122467041015625,success
045518429C4C84,0,['Arena'],Duomo,"['AMO', 'Museo Miniscalchi', 'Santa Anastasia', 'Teatro Romano', 'Palazzo della Ragione']",Casa Giulietta,strategy_nearest,False,0.002794027328491211,success
045516429C4C84,1,"['Arena', 'Casa Giulietta']",Torre Lamberti,"['Sighseeing', 'Centro Fotografia', 'Museo Conte', 'Palazzo della Ragione', 'AMO']",Palazzo della Ragione,strategy_nearest,True,0.0016579627990722656,success
0455263A9C4C80,3,"['Arena', 'Torre Lamberti']",Casa Giulietta,"['Centro Fotografia', 'Sighseeing', 'Museo Conte', 'Museo Radio', 'Palazzo della Ragione']",Santa Anastasia,strategy_nearest,False,0.003239154815673828,success
0455124A9C4C84,3,"['Arena', 'Casa Giulietta']",Santa Anastasia,"['AMO', 'Museo Conte', 'Palazzo della Ragione', 'Teatro Romano', 'Centro Fotografia']",San Fermo,strategy_nearest,False,0.0022859573364257812,success
04552D429C4C80,0,['Casa Giulietta'],Arena,"['Verona Tour', 'Museo Lapidario', 'Museo Radio', 'San Fermo', 'Sighseeing']",Tomba Giulietta,strategy_nearest,False,0.0021698474884033203,success
0455404A9C4C80,1,['Arena'],Torre Lamberti,"['Sighseeing', 'Centro Fotografia', 'Museo Conte', 'Casa Giulietta', 'Palazzo della Ragione']",Palazzo della Ragione,strategy_nearest,True,0.003262758255004883,success
04552F429C4C80,3,"['Arena', 'San Fermo', 'Torre Lamberti']",Santa Anastasia,"['AMO', 'Museo Conte', 'Palazzo della Ragione', 'Teatro Romano', 'Centro Fotografia']",Duomo,strategy_nearest,False,0.0015401840209960938,success
04553B4A9C4C80,1,"['Arena', 'Museo Lapidario', 'Castelvecchio']",Santa Anastasia,"['AMO', 'Museo Conte', 'Palazzo della Ragione', 'Teatro Romano', 'Centro Fotografia']",Duomo,strategy_nearest,False,0.002766847610473633,success
04556D3A9C4C80,0,['Arena'],Casa Giulietta,"['Centro Fotografia', 'Sighseeing', 'Torre Lamberti', 'Museo Conte', 'Museo Radio']",Castelvecchio,strategy_nearest,False,0.002767324447631836,success
045547429C4C80,1,"['Arena', 'Castelvecchio']",San Zeno,"['Verona Tour', 'Museo Lapidario', 'Museo Miniscalchi', 'Sighseeing', 'Museo Radio']",Torre Lamberti,strategy_nearest,False,0.0034339427947998047,success
04555C3A9C4C80,0,"['Arena', 'Castelvecchio']",Casa Giulietta,"['Centro Fotografia', 'Sighseeing', 'Torre Lamberti', 'Museo Conte', 'Museo Radio']",Teatro Romano,strategy_nearest,False,0.0016219615936279297,success
04556F3A9C4C80,1,"['San Zeno', 'Castelvecchio', 'Santa Anastasia']",Duomo,"['AMO', 'Museo Miniscalchi', 'Teatro Romano', 'Palazzo della Ragione', 'Museo Conte']",Arena,strategy_nearest,False,0.0020720958709716797,success
0455764A9C4C80,0,['Arena'],Casa Giulietta,"['Centro Fotografia', 'Sighseeing', 'Torre Lamberti', 'Museo Conte', 'Museo Radio']",Castelvecchio,strategy_nearest,False,0.0021109580993652344,success
045572429C4C80,0,['Arena'],Museo Lapidario,"['Verona Tour', 'Castelvecchio', 'Museo Radio', 'San Fermo', 'Casa Giulietta']",Casa Giulietta,strategy_nearest,True,0.0013997554779052734,success
04557C3A9C4C80,3,"['Santa Anastasia', 'Torre Lamberti']",Casa Giulietta,"['Centro Fotografia', 'Sighseeing', 'Museo Conte', 'Museo Radio', 'Palazzo della Ragione']",San Fermo,strategy_nearest,False,0.0026929378509521484,success
045589429C4C80,1,"['Castelvecchio', 'San Zeno']",Arena,"['Verona Tour', 'Museo Lapidario', 'Museo Radio', 'San Fermo', 'Casa Giulietta']",Casa Giulietta,strategy_nearest,True,0.0032508373260498047,success
04559B429C4C80,2,"['Castelvecchio', 'Torre Lamberti', 'Casa Giulietta']",Santa Anastasia,"['AMO', 'Museo Conte', 'Palazzo della Ragione', 'Teatro Romano', 'Centro Fotografia']",Duomo,strategy_nearest,False,0.0027518272399902344,success
04558A4A9C4C80,1,"['Arena', 'Casa Giulietta', 'Torre Lamberti']",Palazzo della Ragione,"['AMO', 'Museo Conte', 'Centro Fotografia', 'Sighseeing', 'Santa Anastasia']",San Fermo,strategy_nearest,False,0.00347900390625,success
0455944A9C4C80,0,['Castelvecchio'],Arena,"['Verona Tour', 'Museo Lapidario', 'Museo Radio', 'San Fermo', 'Casa Giulietta']",Casa Giulietta,strategy_nearest,True,0.0015637874603271484,success
04558D4A9C4C80,1,"['Palazzo della Ragione', 'Torre Lamberti']",Casa Giulietta,"['Centro Fotografia', 'Sighseeing', 'Museo Conte', 'Museo Radio', 'San Fermo']",San Fermo,strategy_nearest,True,0.004098653793334961,success
0455B34A9C4C80,0,"['Castelvecchio', 'Arena']",Museo Lapidario,"['Verona Tour', 'Museo Radio', 'San Fermo', 'Casa Giulietta', 'Tomba Giulietta']",Casa Giulietta,strategy_nearest,True,0.0021262168884277344,success
04559C4A9C4C80,0,['Arena'],Casa Giulietta,"['Centro Fotografia', 'Sighseeing', 'Torre Lamberti', 'Museo Conte', 'Museo Radio']",Castelvecchio,strategy_nearest,False,0.0017783641815185547,success
0455AD3A9C4C80,2,['Casa Giulietta'],Torre Lamberti,"['Sighseeing', 'Centro Fotografia', 'Museo Conte', 'Palazzo della Ragione', 'AMO']",San Zeno,strategy_nearest,False,0.0029230117797851562,success
04559D429C4C80,0,['Arena'],Castelvecchio,"['Museo Lapidario', 'Verona Tour', 'Museo Radio', 'San Zeno', 'Sighseeing']",Casa Giulietta,strategy_nearest,False,0.003616809844970703,success
0455BA4A9C4C80,1,['Arena'],Casa Giulietta,"['Centro Fotografia', 'Sighseeing', 'Torre Lamberti', 'Museo Conte', 'Museo Radio']",Duomo,strategy_nearest,False,0.0021359920501708984,success
0455C03A9C4C80,2,['Museo Lapidario'],Castelvecchio,"['Verona Tour', 'Arena', 'Museo Radio', 'San Zeno', 'Sighseeing']",Casa Giulietta,strategy_nearest,False,0.0027158260345458984,success
0455B9429C4C80,1,"['Arena', 'Museo Lapidario', 'Castelvecchio']",San Zeno,"['Verona Tour', 'Museo Miniscalchi', 'Sighseeing', 'Museo Radio', 'Torre Lamberti']",Teatro Romano,strategy_nearest,False,0.002315044403076172,success
0455C44A9C4C80,3,['Arena'],Torre Lamberti,"['Sighseeing', 'Centro Fotografia', 'Museo Conte', 'Casa Giulietta', 'Palazzo della Ragione']",Santa Anastasia,strategy_nearest,False,0.003406047821044922,success
0455C74A9C4C80,3,['Arena'],Santa Anastasia,"['AMO', 'Museo Conte', 'Palazzo della Ragione', 'Teatro Romano', 'Centro Fotografia']",Teatro Romano,strategy_nearest,True,0.0017049312591552734,success
0455CF3A9C4C80,2,"['Castelvecchio', 'Duomo']",Teatro Romano,"['Santa Anastasia', 'AMO', 'Palazzo della Ragione', 'Museo Conte', 'Centro Fotografia']",Torre Lamberti,strategy_nearest,False,0.003258228302001953,success
0455C84A9C4C80,0,['Arena'],San Zeno,"['Castelvecchio', 'Verona Tour', 'Museo Lapidario', 'Museo Miniscalchi', 'Sighseeing']",Torre Lamberti,strategy_nearest,False,0.0029239654541015625,success
0455D23A9C4C80,3,"['Arena', 'Torre Lamberti', 'Duomo']",Santa Anastasia,"['AMO', 'Museo Conte', 'Palazzo della Ragione', 'Teatro Romano', 'Centro Fotografia']",Teatro Romano,strategy_nearest,True,0.002876758575439453,success
0455CB4A9C4C80,0,['Arena'],Casa Giulietta,"['Centro Fotografia', 'Sighseeing', 'Torre Lamberti', 'Museo Conte', 'Museo Radio']",Santa Anastasia,strategy_nearest,False,0.0033731460571289062,success
0455E83A9C4C80,3,"['Arena', 'San Fermo']",Casa Giulietta,"['Centro Fotografia', 'Sighseeing', 'Torre Lamberti', 'Museo Conte', 'Museo Radio']",Santa Anastasia,strategy_nearest,False,0.002742767333984375,success
0455E1429C4C80,1,"['Arena', 'Castelvecchio', 'San Zeno', 'Torre Lamberti', 'Palazzo della Ragione']",Casa Giulietta,"['Centro Fotografia', 'Sighseeing', 'Museo Conte', 'Museo Radio', 'San Fermo']",Santa Anastasia,strategy_nearest,False,0.002012968063354492,success
0455EA4A9C4C80,3,['Torre Lamberti'],Santa Anastasia,"['AMO', 'Museo Conte', 'Palazzo della Ragione', 'Teatro Romano', 'Centro Fotografia']",Teatro Romano,strategy_nearest,True,0.0026869773864746094,success
0455EC3A9C4C80,1,"['Arena', 'Castelvecchio', 'Torre Lamberti']",Palazzo della Ragione,"['AMO', 'Museo Conte', 'Centro Fotografia', 'Sighseeing', 'Santa Anastasia']",Santa Anastasia,strategy_nearest,True,0.0033729076385498047,success
0455ED3A9C4C80,0,['Castelvecchio'],Arena,"['Verona Tour', 'Museo Lapidario', 'Museo Radio', 'San Fermo', 'Casa Giulietta']",Casa Giulietta,strategy_nearest,True,0.0026149749755859375,success
0455FC3A9C4C80,3,['Santa Anastasia'],Duomo,"['AMO', 'Museo Miniscalchi', 'Teatro Romano', 'Palazzo della Ragione', 'Museo Conte']",Casa Giulietta,strategy_nearest,False,0.001856088638305664,success
0455ED4A9C4C80,3,['Arena'],Castelvecchio,"['Museo Lapidario', 'Verona Tour', 'Museo Radio', 'San Zeno', 'Sighseeing']",Santa Anastasia,strategy_nearest,False,0.0033991336822509766,success
0455FC429C4C80,3,"['Castelvecchio', 'Duomo', 'Casa Giulietta']",Arena,"['Verona Tour', 'Museo Lapidario', 'Museo Radio', 'San Fermo', 'Sighseeing']",Teatro Romano,strategy_nearest,False,0.0039861202239990234,success
0455FE4A9C4C80,3,"['Teatro Romano', 'Casa Giulietta']",Arena,"['Verona Tour', 'Museo Lapidario', 'Museo Radio', 'San Fermo', 'Sighseeing']",San Fermo,strategy_nearest,True,0.0033888816833496094,success
045600429C4C84,2,['Castelvecchio'],Santa Anastasia,"['AMO', 'Museo Conte', 'Palazzo della Ragione', 'Teatro Romano', 'Centro Fotografia']",Teatro Romano,strategy_nearest,True,0.003335237503051758,success
0456024A9C4C84,2,['San Fermo'],Casa Giulietta,"['Centro Fotografia', 'Sighseeing', 'Torre Lamberti', 'Museo Conte', 'Museo Radio']",Santa Anastasia,strategy_nearest,False,0.0028619766235351562,success
0456004A9C4C84,0,['Museo Lapidario'],Arena,"['Verona Tour', 'Museo Radio', 'San Fermo', 'Casa Giulietta', 'Sighseeing']",Casa Giulietta,strategy_nearest,True,0.002275705337524414,success
045604429C4C84,1,"['Arena', 'Castelvecchio', 'Torre Lamberti']",Palazzo della Ragione,"['AMO', 'Museo Conte', 'Centro Fotografia', 'Sighseeing', 'Santa Anastasia']",Tomba Giulietta,strategy_nearest,False,0.003271818161010742,success
0456034A9C4C84,0,['Castelvecchio'],Arena,"['Verona Tour', 'Museo Lapidario', 'Museo Radio', 'San Fermo', 'Casa Giulietta']",Casa Giulietta,strategy_nearest,True,0.0015790462493896484,success
04560E4A9C4C84,3,['Arena'],Casa Giulietta,"['Centro Fotografia', 'Sighseeing', 'Torre Lamberti', 'Museo Conte', 'Museo Radio']",Torre Lamberti,strategy_nearest,True,0.0014338493347167969,success
04560D4A9C4C84,3,"['Castelvecchio', 'Torre Lamberti', 'Santa Anastasia']",Duomo,"['AMO', 'Museo Miniscalchi', 'Teatro Romano', 'Palazzo della Ragione', 'Museo Conte']",Casa Giulietta,strategy_nearest,False,0.0021822452545166016,success
04560F4A9C4C84,0,['Arena'],Casa Giulietta,"['Centro Fotografia', 'Sighseeing', 'Torre Lamberti', 'Museo Conte', 'Museo Radio']",Torre Lamberti,strategy_nearest,True,0.0027451515197753906,success
0456114A9C4C84,0,['Arena'],Castelvecchio,"['Museo Lapidario', 'Verona Tour', 'Museo Radio', 'San Zeno', 'Sighseeing']",Casa Giulietta,strategy_nearest,False,0.003275156021118164,success
04562F429C4C80,1,"['Casa Giulietta', 'Torre Lamberti', 'Palazzo della Ragione', 'Santa Anastasia']",Giardino Giusti,"['Teatro Romano', 'Museo Conte', 'Centro Fotografia', 'Museo Storia', 'AMO']",Teatro Romano,strategy_nearest,True,0.001445770263671875,success
045630429C4C80,0,['Casa Giulietta'],Santa Anastasia,"['AMO', 'Museo Conte', 'Palazzo della Ragione', 'Teatro Romano', 'Centro Fotografia']",Arena,strategy_nearest,False,0.0025987625122070312,success
0456264A9C4C80,1,"['Arena', 'Casa Giulietta', 'San Zeno', 'Castelvecchio']",Torre Lamberti,"['Sighseeing', 'Centro Fotografia', 'Museo Conte', 'Palazzo della Ragione', 'AMO']",Torre Lamberti,strategy_nearest,False,0.004008769989013672,success
04561B3A9C4C80,3,"['Arena', 'Castelvecchio']",Santa Anastasia,"['AMO', 'Museo Conte', 'Palazzo della Ragione', 'Teatro Romano', 'Centro Fotografia']",Casa Giulietta,strategy_nearest,False,0.0033729076385498047,success
04563A3A9C4C80,1,"['San Zeno', 'Arena', 'Casa Giulietta', 'Teatro Romano', 'Duomo']",Santa Anastasia,"['AMO', 'Museo Conte', 'Palazzo della Ragione', 'Centro Fotografia', 'Torre Lamberti']",Torre Lamberti,strategy_nearest,True,0.0021009445190429688,success
0456343A9C4C80,0,['Arena'],Torre Lamberti,"['Sighseeing', 'Centro Fotografia', 'Museo Conte', 'Casa Giulietta', 'Palazzo della Ragione']",Casa Giulietta,strategy_nearest,True,0.0027348995208740234,success
0456484A9C4C80,3,['Arena'],Casa Giulietta,"['Centro Fotografia', 'Sighseeing', 'Torre Lamberti', 'Museo Conte', 'Museo Radio']",Santa Anastasia,strategy_nearest,False,0.002492189407348633,success
045646429C4C80,1,"['Arena', 'Torre Lamberti']",Palazzo della Ragione,"['AMO', 'Museo Conte', 'Centro Fotografia', 'Sighseeing', 'Santa Anastasia']",Museo Lapidario,strategy_nearest,False,0.003407716751098633,success
0456503A9C4C80,3,"['Castelvecchio', 'Arena', 'Casa Giulietta']",Torre Lamberti,"['Sighseeing', 'Centro Fotografia', 'Museo Conte', 'Palazzo della Ragione', 'AMO']",Santa Anastasia,strategy_nearest,False,0.0033309459686279297,success
04564C4A9C4C80,0,"['Arena', 'Casa Giulietta']",Duomo,"['AMO', 'Museo Miniscalchi', 'Santa Anastasia', 'Teatro Romano', 'Palazzo della Ragione']",Torre Lamberti,strategy_nearest,False,0.00403285026550293,success
0456684A9C4C80,3,"['Arena', 'Casa Giulietta']",Torre Lamberti,"['Sighseeing', 'Centro Fotografia', 'Museo Conte', 'Palazzo della Ragione', 'AMO']",Santa Anastasia,strategy_nearest,False,0.0033330917358398438,success
04565F3A9C4C80,3,"['Casa Giulietta', 'Arena']",Santa Anastasia,"['AMO', 'Museo Conte', 'Palazzo della Ragione', 'Teatro Romano', 'Centro Fotografia']",San Zeno,strategy_nearest,False,0.00144195556640625,success
0456784A9C4C80,2,"['Casa Giulietta', 'Torre Lamberti']",Santa Anastasia,"['AMO', 'Museo Conte', 'Palazzo della Ragione', 'Teatro Romano', 'Centro Fotografia']",Teatro Romano,strategy_nearest,True,0.0021381378173828125,success
04568A4A9C4C80,3,['Arena'],Torre Lamberti,"['Sighseeing', 'Centro Fotografia', 'Museo Conte', 'Casa Giulietta', 'Palazzo della Ragione']",Santa Anastasia,strategy_nearest,False,0.0026090145111083984,success
04567E4A9C4C80,3,"['Castelvecchio', 'Arena', 'Museo Lapidario', 'Casa Giulietta']",Torre Lamberti,"['Sighseeing', 'Centro Fotografia', 'Museo Conte', 'Palazzo della Ragione', 'AMO']",Tomba Giulietta,strategy_nearest,False,0.003983974456787109,success
04568D4A9C4C80,1,"['Palazzo della Ragione', 'Torre Lamberti']",Casa Giulietta,"['Centro Fotografia', 'Sighseeing', 'Museo Conte', 'Museo Radio', 'San Fermo']",San Fermo,strategy_nearest,True,0.0020339488983154297,success
04569A4A9C4C80,3,['Arena'],Torre Lamberti,"['Sighseeing', 'Centro Fotografia', 'Museo Conte', 'Casa Giulietta', 'Palazzo della Ragione']",Santa Anastasia,strategy_nearest,False,0.0015540122985839844,success
04568F4A9C4C80,3,"['Arena', 'Castelvecchio', 'San Zeno']",Tomba Giulietta,"['San Fermo', 'Museo Storia', 'Museo Lapidario', 'Museo Radio', 'Verona Tour']",San Fermo,strategy_nearest,True,0.0034470558166503906,success
04569C4A9C4C80,2,"['Tomba Giulietta', 'Casa Giulietta']",Palazzo della Ragione,"['AMO', 'Museo Conte', 'Torre Lamberti', 'Centro Fotografia', 'Sighseeing']",Torre Lamberti,strategy_nearest,True,0.002015829086303711,success
0456914A9C4C80,3,"['Arena', 'Santa Anastasia']",Duomo,"['AMO', 'Museo Miniscalchi', 'Teatro Romano', 'Palazzo della Ragione', 'Museo Conte']",Torre Lamberti,strategy_nearest,False,0.0040187835693359375,success
0456B3429C4C80,1,"['Arena', 'Casa Giulietta']",Palazzo della Ragione,"['AMO', 'Museo Conte', 'Torre Lamberti', 'Centro Fotografia', 'Sighseeing']",Torre Lamberti,strategy_nearest,True,0.0014488697052001953,success
0456BC4A9C4C80,0,['Arena'],Torre Lamberti,"['Sighseeing', 'Centro Fotografia', 'Museo Conte', 'Casa Giulietta', 'Palazzo della Ragione']",Casa Giulietta,strategy_nearest,True,0.002679109573364258,success
0456BE3A9C4C80,2,['Santa Anastasia'],Duomo,"['AMO', 'Museo Miniscalchi', 'Teatro Romano', 'Palazzo della Ragione', 'Museo Conte']",Casa Giulietta,strategy_nearest,False,0.0032320022583007812,success
0456BA4A9C4C80,3,"['Teatro Romano', 'Santa Anastasia']",Casa Giulietta,"['Centro Fotografia', 'Sighseeing', 'Torre Lamberti', 'Museo Conte', 'Museo Radio']",Torre Lamberti,strategy_nearest,True,0.002174854278564453,success
0456C64A9C4C80,0,['Casa Giulietta'],Santa Anastasia,"['AMO', 'Museo Conte', 'Palazzo della Ragione', 'Teatro Romano', 'Centro Fotografia']",Arena,strategy_nearest,False,0.0028879642486572266,success
0456CC3A9C4C80,0,['Castelvecchio'],Casa Giulietta,"['Centro Fotografia', 'Sighseeing', 'Torre Lamberti', 'Museo Conte', 'Museo Radio']",Arena,strategy_nearest,False,0.0027658939361572266,success
0456C74A9C4C80,2,['Torre Lamberti'],Casa Giulietta,"['Centro Fotografia', 'Sighseeing', 'Museo Conte', 'Museo Radio', 'Palazzo della Ragione']",Teatro Romano,strategy_nearest,False,0.00226593017578125,success
0456CC4A9C4C80,2,['Casa Giulietta'],Santa Anastasia,"['AMO', 'Museo Conte', 'Palazzo della Ragione', 'Teatro Romano', 'Centro Fotografia']",Teatro Romano,strategy_nearest,True,0.003519296646118164,success
0456D2429C4C80,0,['Arena'],Castelvecchio,"['Museo Lapidario', 'Verona Tour', 'Museo Radio', 'San Zeno', 'Sighseeing']",Teatro Romano,strategy_nearest,False,0.001245260238647461,success
0456D13A9C4C80,1,"['Arena', 'Casa Giulietta']",Torre Lamberti,"['Sighseeing', 'Centro Fotografia', 'Museo Conte', 'Palazzo della Ragione', 'AMO']",Palazzo della Ragione,strategy_nearest,True,0.0026090145111083984,success
0456D63A9C4C80,0,['Arena'],Giardino Giusti,"['Santa Anastasia', 'Teatro Romano', 'Museo Conte', 'Centro Fotografia', 'Museo Storia']",Torre Lamberti,strategy_nearest,False,0.003339052200317383,success
0456CF429C4C80,3,"['Arena', 'Santa Anastasia']",Duomo,"['AMO', 'Museo Miniscalchi', 'Teatro Romano', 'Palazzo della Ragione', 'Museo Conte']",Casa Giulietta,strategy_nearest,False,0.0035500526428222656,success
0456E94A9C4C80,3,"['Arena', 'Casa Giulietta']",Torre Lamberti,"['Sighseeing', 'Centro Fotografia', 'Museo Conte', 'Palazzo della Ragione', 'AMO']",Duomo,strategy_nearest,False,0.0022301673889160156,success
0456F04A9C4C80,3,"['Castelvecchio', 'Arena']",Torre Lamberti,"['Sighseeing', 'Centro Fotografia', 'Museo Conte', 'Casa Giulietta', 'Palazzo della Ragione']",Teatro Romano,strategy_nearest,False,0.0023758411407470703,success
0456FE4A9C4C80,3,"['Teatro Romano', 'Arena']",San Fermo,"['Museo Storia', 'Museo Radio', 'Casa Giulietta', 'Centro Fotografia', 'Sighseeing']",Torre Lamberti,strategy_nearest,False,0.0018286705017089844,success
0456F94A9C4C80,0,['Arena'],Casa Giulietta,"['Centro Fotografia', 'Sighseeing', 'Torre Lamberti', 'Museo Conte', 'Museo Radio']",Torre Lamberti,strategy_nearest,True,0.0031998157501220703,success
0457024A9C4C84,1,"['Arena', 'Palazzo della Ragione']",Torre Lamberti,"['Sighseeing', 'Centro Fotografia', 'Museo Conte', 'Casa Giulietta', 'AMO']",Casa Giulietta,strategy_nearest,True,0.0031337738037109375,success
04571D4A9C4C80,2,"['Santa Anastasia', 'Duomo', 'Teatro Romano']",Castelvecchio,"['Museo Lapidario', 'Verona Tour', 'Arena', 'Museo Radio', 'San Zeno']",San Zeno,strategy_nearest,True,0.0024819374084472656,success
045718429C4C84,2,['Casa Giulietta'],Santa Anastasia,"['AMO', 'Museo Conte', 'Palazzo della Ragione', 'Teatro Romano', 'Centro Fotografia']",Duomo,strategy_nearest,False,0.0023648738861083984,success
04571C429C4C84,1,"['Arena', 'Torre Lamberti']",Palazzo della Ragione,"['AMO', 'Museo Conte', 'Centro Fotografia', 'Sighseeing', 'Santa Anastasia']",Casa Giulietta,strategy_nearest,False,0.003325939178466797,success
04572D4A9C4C80,3,"['Arena', 'San Fermo']",Casa Giulietta,"['Centro Fotografia', 'Sighseeing', 'Torre Lamberti', 'Museo Conte', 'Museo Radio']",Castelvecchio,strategy_nearest,False,0.0031518936157226562,success
0457364A9C4C80,3,"['Santa Anastasia', 'Torre Lamberti']",Arena,"['Verona Tour', 'Museo Lapidario', 'Museo Radio', 'San Fermo', 'Casa Giulietta']",Casa Giulietta,strategy_nearest,True,0.001600027084350586,success
045746429C4C80,0,['Arena'],Casa Giulietta,"['Centro Fotografia', 'Sighseeing', 'Torre Lamberti', 'Museo Conte', 'Museo Radio']",Palazzo della Ragione,strategy_nearest,False,0.0027441978454589844,success
0457764A9C4C80,0,"['Arena', 'Casa Giulietta']",Teatro Romano,"['Santa Anastasia', 'Duomo', 'AMO', 'Palazzo della Ragione', 'Museo Conte']",Duomo,strategy_nearest,True,0.0030710697174072266,success
0457374A9C4C80,3,"['Arena', 'Torre Lamberti']",Santa Anastasia,"['AMO', 'Museo Conte', 'Palazzo della Ragione', 'Teatro Romano', 'Centro Fotografia']",Duomo,strategy_nearest,False,0.0034058094024658203,success
04576D3A9C4C80,3,"['Arena', 'Casa Giulietta', 'Teatro Romano']",Museo Storia,"['San Fermo', 'Museo Radio', 'Centro Fotografia', 'Tomba Giulietta', 'Torre Lamberti']",Tomba Giulietta,strategy_nearest,True,0.0032682418823242188,success
04577A4A9C4C80,3,"['Castelvecchio', 'Arena', 'Museo Lapidario', 'Casa Giulietta']",Torre Lamberti,"['Sighseeing', 'Centro Fotografia', 'Museo Conte', 'Palazzo della Ragione', 'AMO']",Tomba Giulietta,strategy_nearest,False,0.002264738082885742,success
04577F3A9C4C80,1,"['Casa Giulietta', 'Arena']",Torre Lamberti,"['Sighseeing', 'Centro Fotografia', 'Museo Conte', 'Palazzo della Ragione', 'AMO']",Palazzo della Ragione,strategy_nearest,True,0.002511262893676758,success
04577B4A9C4C80,3,['Arena'],Torre Lamberti,"['Sighseeing', 'Centro Fotografia', 'Museo Conte', 'Casa Giulietta', 'Palazzo della Ragione']",Casa Giulietta,strategy_nearest,True,0.0020532608032226562,success
04577D3A9C4C80,3,"['Santa Anastasia', 'Duomo', 'Torre Lamberti']",Casa Giulietta,"['Centro Fotografia', 'Sighseeing', 'Museo Conte', 'Museo Radio', 'Palazzo della Ragione']",San Fermo,strategy_nearest,False,0.0034399032592773438,success
04578C429C4C80,4,['Arena'],Casa Giulietta,"['Centro Fotografia', 'Sighseeing', 'Torre Lamberti', 'Museo Conte', 'Museo Radio']",Museo Radio,strategy_nearest,True,0.0027399063110351562,success
04578A4A9C4C80,3,['Arena'],Torre Lamberti,"['Sighseeing', 'Centro Fotografia', 'Museo Conte', 'Casa Giulietta', 'Palazzo della Ragione']",Santa Anastasia,strategy_nearest,False,0.0028159618377685547,success
045792429C4C80,0,['Castelvecchio'],Arena,"['Verona Tour', 'Museo Lapidario', 'Museo Radio', 'San Fermo', 'Casa Giulietta']",Casa Giulietta,strategy_nearest,True,0.003244161605834961,success
0457984A9C4C80,3,"['Arena', 'Casa Giulietta']",Santa Anastasia,"['AMO', 'Museo Conte', 'Palazzo della Ragione', 'Teatro Romano', 'Centro Fotografia']",Duomo,strategy_nearest,False,0.002584218978881836,success
0457A34A9C4C80,3,"['Arena', 'Castelvecchio', 'Torre Lamberti']",Casa Giulietta,"['Centro Fotografia', 'Sighseeing', 'Museo Conte', 'Museo Radio', 'Palazzo della Ragione']",Santa Anastasia,strategy_nearest,False,0.002477884292602539,success
0457A63A9C4C80,3,"['Arena', 'San Fermo']",Casa Giulietta,"['Centro Fotografia', 'Sighseeing', 'Torre Lamberti', 'Museo Conte', 'Museo Radio']",Torre Lamberti,strategy_nearest,True,0.0018277168273925781,success
0457A9429C4C80,1,['Arena'],Torre Lamberti,"['Sighseeing', 'Centro Fotografia', 'Museo Conte', 'Casa Giulietta', 'Palazzo della Ragione']",Palazzo della Ragione,strategy_nearest,True,0.0033941268920898438,success
0457AC4A9C4C80,2,"['Castelvecchio', 'Torre Lamberti']",Casa Giulietta,"['Centro Fotografia', 'Sighseeing', 'Museo Conte', 'Museo Radio', 'Palazzo della Ragione']",Teatro Romano,strategy_nearest,False,0.0035347938537597656,success
0457B33A9C4C80,3,"['Arena', 'Torre Lamberti', 'Casa Giulietta']",Museo Storia,"['San Fermo', 'Museo Radio', 'Centro Fotografia', 'Tomba Giulietta', 'Sighseeing']",San Fermo,strategy_nearest,True,0.003323078155517578,success
0457B44A9C4C80,0,['Casa Giulietta'],Arena,"['Verona Tour', 'Museo Lapidario', 'Museo Radio', 'San Fermo', 'Sighseeing']",Castelvecchio,strategy_nearest,False,0.003167867660522461,success
0457B24A9C4C80,0,['Arena'],Torre Lamberti,"['Sighseeing', 'Centro Fotografia', 'Museo Conte', 'Casa Giulietta', 'Palazzo della Ragione']",Casa Giulietta,strategy_nearest,True,0.002772092819213867,success
0457B84A9C4C80,0,['Castelvecchio'],Arena,"['Verona Tour', 'Museo Lapidario', 'Museo Radio', 'San Fermo', 'Casa Giulietta']",Casa Giulietta,strategy_nearest,True,0.0023071765899658203,success
0457C94A9C4C80,3,"['Arena', 'Torre Lamberti', 'Casa Giulietta']",Castelvecchio,"['Museo Lapidario', 'Verona Tour', 'Museo Radio', 'San Zeno', 'Sighseeing']",San Zeno,strategy_nearest,True,0.002891063690185547,success
0457C2429C4C80,3,['Arena'],Santa Anastasia,"['AMO', 'Museo Conte', 'Palazzo della Ragione', 'Teatro Romano', 'Centro Fotografia']",Duomo,strategy_nearest,False,0.002000093460083008,success
0457BC4A9C4C80,0,['Arena'],Casa Giulietta,"['Centro Fotografia', 'Sighseeing', 'Torre Lamberti', 'Museo Conte', 'Museo Radio']",Torre Lamberti,strategy_nearest,True,0.0028281211853027344,success
0457C54A9C4C80,0,['Arena'],Castelvecchio,"['Museo Lapidario', 'Verona Tour', 'Museo Radio', 'San Zeno', 'Sighseeing']",Casa Giulietta,strategy_nearest,False,0.003314971923828125,success
0457DF429C4C80,1,"['Arena', 'Santa Anastasia', 'Duomo']",Casa Giulietta,"['Centro Fotografia', 'Sighseeing', 'Torre Lamberti', 'Museo Conte', 'Museo Radio']",Museo Lapidario,strategy_nearest,False,0.0020117759704589844,success
0457DE429C4C80,3,['Arena'],Casa Giulietta,"['Centro Fotografia', 'Sighseeing', 'Torre Lamberti', 'Museo Conte', 'Museo Radio']",Santa Anastasia,strategy_nearest,False,0.0015931129455566406,success
0457CF4A9C4C80,3,"['Arena', 'Santa Anastasia']",Duomo,"['AMO', 'Museo Miniscalchi', 'Teatro Romano', 'Palazzo della Ragione', 'Museo Conte']",Casa Giulietta,strategy_nearest,False,0.002875804901123047,success
0457D14A9C4C80,3,['Arena'],Casa Giulietta,"['Centro Fotografia', 'Sighseeing', 'Torre Lamberti', 'Museo Conte', 'Museo Radio']",Torre Lamberti,strategy_nearest,True,0.0034742355346679688,success
0457EF3A9C4C80,1,"['Castelvecchio', 'Duomo']",Torre Lamberti,"['Sighseeing', 'Centro Fotografia', 'Museo Conte', 'Casa Giulietta', 'Palazzo della Ragione']",Palazzo della Ragione,strategy_nearest,True,0.0019571781158447266,success
0457EC3A9C4C80,1,"['Castelvecchio', 'Duomo']",Torre Lamberti,"['Sighseeing', 'Centro Fotografia', 'Museo Conte', 'Casa Giulietta', 'Palazzo della Ragione']",Palazzo della Ragione,strategy_nearest,True,0.0014252662658691406,success
0457E93A9C4C80,3,"['Castelvecchio', 'Arena']",Santa Anastasia,"['AMO', 'Museo Conte', 'Palazzo della Ragione', 'Teatro Romano', 'Centro Fotografia']",Duomo,strategy_nearest,False,0.00448298454284668,success
0457E94A9C4C80,1,['Arena'],Casa Giulietta,"['Centro Fotografia', 'Sighseeing', 'Torre Lamberti', 'Museo Conte', 'Museo Radio']",Palazzo della Ragione,strategy_nearest,False,0.0026361942291259766,success
0457F64A9C4C80,0,"['Arena', 'Castelvecchio']",Torre Lamberti,"['Sighseeing', 'Centro Fotografia', 'Museo Conte', 'Casa Giulietta', 'Palazzo della Ragione']",Casa Giulietta,strategy_nearest,True,0.001497030258178711,success
0457FB4A9C4C80,0,"['Arena', 'Santa Anastasia']",Casa Giulietta,"['Centro Fotografia', 'Sighseeing', 'Torre Lamberti', 'Museo Conte', 'Museo Radio']",Tomba Giulietta,strategy_nearest,False,0.002092123031616211,success
0457F74A9C4C80,0,['Arena'],Palazzo della Ragione,"['AMO', 'Museo Conte', 'Torre Lamberti', 'Centro Fotografia', 'Sighseeing']",Casa Giulietta,strategy_nearest,False,0.0034339427947998047,success
0457F94A9C4C80,1,"['Arena', 'Casa Giulietta']",Torre Lamberti,"['Sighseeing', 'Centro Fotografia', 'Museo Conte', 'Palazzo della Ragione', 'AMO']",Palazzo della Ragione,strategy_nearest,True,0.0027551651000976562,success
0457FD4A9C4C80,3,['Arena'],Santa Anastasia,"['AMO', 'Museo Conte', 'Palazzo della Ragione', 'Teatro Romano', 'Centro Fotografia']",Duomo,strategy_nearest,False,0.002839803695678711,success
0457FE4A9C4C80,3,"['Arena', 'San Fermo', 'Teatro Romano']",Duomo,"['AMO', 'Museo Miniscalchi', 'Santa Anastasia', 'Palazzo della Ragione', 'Museo Conte']",Torre Lamberti,strategy_nearest,False,0.002151012420654297,success
0458014A9C4C84,0,['Arena'],San Zeno,"['Castelvecchio', 'Verona Tour', 'Museo Lapidario', 'Museo Miniscalchi', 'Sighseeing']",Castelvecchio,strategy_nearest,True,0.0032961368560791016,success
0457FF4A9C4C80,1,"['Arena', 'Museo Lapidario', 'Casa Giulietta']",Palazzo della Ragione,"['AMO', 'Museo Conte', 'Torre Lamberti', 'Centro Fotografia', 'Sighseeing']",Torre Lamberti,strategy_nearest,True,0.0028340816497802734,success
0458054A9C4C84,0,['Casa Giulietta'],Torre Lamberti,"['Sighseeing', 'Centro Fotografia', 'Museo Conte', 'Palazzo della Ragione', 'AMO']",Arena,strategy_nearest,False,0.00290679931640625,success
04580A3A9C4C84,3,"['Museo Lapidario', 'Arena']",Castelvecchio,"['Verona Tour', 'Museo Radio', 'San Zeno', 'Sighseeing', 'Museo Miniscalchi']",Santa Anastasia,strategy_nearest,False,0.0033342838287353516,success
0458124A9C4C84,0,['Teatro Romano'],Duomo,"['AMO', 'Museo Miniscalchi', 'Santa Anastasia', 'Palazzo della Ragione', 'Museo Conte']",Castelvecchio,strategy_nearest,False,0.0030100345611572266,success
0458114A9C4C84,2,['Casa Giulietta'],Torre Lamberti,"['Sighseeing', 'Centro Fotografia', 'Museo Conte', 'Palazzo della Ragione', 'AMO']",Palazzo della Ragione,strategy_nearest,True,0.0024411678314208984,success
045813429C4C84,2,"['Torre Lamberti', 'Palazzo della Ragione', 'Casa Giulietta']",Castelvecchio,"['Museo Lapidario', 'Verona Tour', 'Arena', 'Museo Radio', 'San Zeno']",San Zeno,strategy_nearest,True,0.0034596920013427734,success
04581A429C4C84,0,['Arena'],Casa Giulietta,"['Centro Fotografia', 'Sighseeing', 'Torre Lamberti', 'Museo Conte', 'Museo Radio']",Santa Anastasia,strategy_nearest,False,0.002019166946411133,success
0458184A9C4C80,1,"['Casa Giulietta', 'Arena', 'Museo Lapidario', 'Castelvecchio', 'San Zeno']",Tomba Giulietta,"['San Fermo', 'Museo Storia', 'Museo Radio', 'Verona Tour', 'Sighseeing']",Duomo,strategy_nearest,False,0.0027480125427246094,success
045819429C4C84,0,['Tomba Giulietta'],Arena,"['Verona Tour', 'Museo Lapidario', 'Museo Radio', 'San Fermo', 'Casa Giulietta']",Casa Giulietta,strategy_nearest,True,0.0033538341522216797,success
04583F3A9C4C80,0,"['Arena', 'Casa Giulietta']",San Fermo,"['Museo Storia', 'Museo Radio', 'Centro Fotografia', 'Sighseeing', 'Torre Lamberti']",Teatro Romano,strategy_nearest,False,0.001332998275756836,success
045820429C4C80,1,"['Arena', 'Casa Giulietta', 'Santa Anastasia']",Duomo,"['AMO', 'Museo Miniscalchi', 'Teatro Romano', 'Palazzo della Ragione', 'Museo Conte']",Teatro Romano,strategy_nearest,True,0.003961086273193359,success
0458234A9C4C80,3,"['Casa Giulietta', 'San Fermo', 'Santa Anastasia']",Arena,"['Verona Tour', 'Museo Lapidario', 'Museo Radio', 'Sighseeing', 'Castelvecchio']",Torre Lamberti,strategy_nearest,False,0.0027511119842529297,success
045841429C4C80,0,['Castelvecchio'],Arena,"['Verona Tour', 'Museo Lapidario', 'Museo Radio', 'San Fermo', 'Casa Giulietta']",Arena,strategy_nearest,False,0.0033740997314453125,success
04586C429C4C80,2,"['Tomba Giulietta', 'Castelvecchio']",Casa Giulietta,"['Centro Fotografia', 'Sighseeing', 'Torre Lamberti', 'Museo Conte', 'Museo Radio']",Teatro Romano,strategy_nearest,False,0.001828908920288086,success
045845429C4C80,3,"['San Fermo', 'Arena', 'Casa Giulietta']",Torre Lamberti,"['Sighseeing', 'Centro Fotografia', 'Museo Conte', 'Palazzo della Ragione', 'AMO']",Santa Anastasia,strategy_nearest,False,0.0026149749755859375,success
04586D429C4C80,0,"['Arena', 'Casa Giulietta']",Torre Lamberti,"['Sighseeing', 'Centro Fotografia', 'Museo Conte', 'Palazzo della Ragione', 'AMO']",Duomo,strategy_nearest,False,0.0033791065216064453,success
0458814A9C4C80,2,['Casa Giulietta'],Torre Lamberti,"['Sighseeing', 'Centro Fotografia', 'Museo Conte', 'Palazzo della Ragione', 'AMO']",Castelvecchio,strategy_nearest,False,0.003158092498779297,success
0458874A9C4C80,1,"['Arena', 'Torre Lamberti']",Palazzo della Ragione,"['AMO', 'Museo Conte', 'Centro Fotografia', 'Sighseeing', 'Santa Anastasia']",Museo Storia,strategy_nearest,False,0.002421855926513672,success
04588E3A9C4C80,0,['Arena'],Casa Giulietta,"['Centro Fotografia', 'Sighseeing', 'Torre Lamberti', 'Museo Conte', 'Museo Radio']",Santa Anastasia,strategy_nearest,False,0.003058195114135742,success
0458964A9C4C80,3,"['Arena', 'Casa Giulietta', 'Torre Lamberti']",Castelvecchio,"['Museo Lapidario', 'Verona Tour', 'Museo Radio', 'San Zeno', 'Sighseeing']",Teatro Romano,strategy_nearest,False,0.0022890567779541016,success
0458974A9C4C80,3,"['Torre Lamberti', 'Torre Lamberti', 'Santa Anastasia', 'Teatro Romano']",Duomo,"['AMO', 'Museo Miniscalchi', 'Palazzo della Ragione', 'Museo Conte', 'Centro Fotografia']",Castelvecchio,strategy_nearest,False,0.0032987594604492188,success
045899429C4C80,0,"['Casa Giulietta', 'Torre Lamberti']",Arena,"['Verona Tour', 'Museo Lapidario', 'Museo Radio', 'San Fermo', 'Sighseeing']",Tomba Giulietta,strategy_nearest,False,0.0024967193603515625,success
04589A4A9C4C80,3,"['Arena', 'Santa Anastasia']",Duomo,"['AMO', 'Museo Miniscalchi', 'Teatro Romano', 'Palazzo della Ragione', 'Museo Conte']",Teatro Romano,strategy_nearest,True,0.0024759769439697266,success
04589C4A9C4C80,2,"['Castelvecchio', 'Torre Lamberti']",Santa Anastasia,"['AMO', 'Museo Conte', 'Palazzo della Ragione', 'Teatro Romano', 'Centro Fotografia']",Duomo,strategy_nearest,False,0.003306865692138672,success
04589E429C4C80,1,"['Arena', 'Palazzo della Ragione', 'Torre Lamberti', 'Casa Giulietta']",San Fermo,"['Museo Storia', 'Museo Radio', 'Centro Fotografia', 'Sighseeing', 'Museo Conte']",Teatro Romano,strategy_nearest,False,0.0020308494567871094,success
0458A04A9C4C80,1,"['Arena', 'Castelvecchio']",Casa Giulietta,"['Centro Fotografia', 'Sighseeing', 'Torre Lamberti', 'Museo Conte', 'Museo Radio']",Palazzo della Ragione,strategy_nearest,False,0.0032677650451660156,success
0458AE429C4C80,1,['Arena'],Casa Giulietta,"['Centro Fotografia', 'Sighseeing', 'Torre Lamberti', 'Museo Conte', 'Museo Radio']",Torre Lamberti,strategy_nearest,True,0.002864837646484375,success
0458C14A9C4C80,0,['Arena'],Torre Lamberti,"['Sighseeing', 'Centro Fotografia', 'Museo Conte', 'Casa Giulietta', 'Palazzo della Ragione']",Teatro Romano,strategy_nearest,False,0.0020189285278320312,success
0458B63A9C4C80,1,"['Casa Giulietta', 'Torre Lamberti']",Palazzo della Ragione,"['AMO', 'Museo Conte', 'Centro Fotografia', 'Sighseeing', 'Santa Anastasia']",Santa Anastasia,strategy_nearest,True,0.0026311874389648438,success
0458AE4A9C4C80,3,"['Arena', 'Casa Giulietta']",Torre Lamberti,"['Sighseeing', 'Centro Fotografia', 'Museo Conte', 'Palazzo della Ragione', 'AMO']",Santa Anastasia,strategy_nearest,False,0.004000186920166016,success
0458CF4A9C4C80,3,['Castelvecchio'],Arena,"['Verona Tour', 'Museo Lapidario', 'Museo Radio', 'San Fermo', 'Casa Giulietta']",San Fermo,strategy_nearest,True,0.0020859241485595703,success
0458D1429C4C80,1,"['San Zeno', 'Castelvecchio', 'Arena', 'Casa Giulietta', 'San Fermo']",Torre Lamberti,"['Sighseeing', 'Centro Fotografia', 'Museo Conte', 'Palazzo della Ragione', 'AMO']",Palazzo della Ragione,strategy_nearest,True,0.002593994140625,success
0458CD3A9C4C80,0,['Arena'],Casa Giulietta,"['Centro Fotografia', 'Sighseeing', 'Torre Lamberti', 'Museo Conte', 'Museo Radio']",Castelvecchio,strategy_nearest,False,0.004569053649902344,success
0458D14A9C4C80,0,"['Arena', 'Casa Giulietta']",Torre Lamberti,"['Sighseeing', 'Centro Fotografia', 'Museo Conte', 'Palazzo della Ragione', 'AMO']",Castelvecchio,strategy_nearest,False,0.0031838417053222656,success
0458D24A9C4C80,0,['Castelvecchio'],Arena,"['Verona Tour', 'Museo Lapidario', 'Museo Radio', 'San Fermo', 'Casa Giulietta']",Casa Giulietta,strategy_nearest,True,0.002827167510986328,success
0458D8429C4C80,3,"['Arena', 'Casa Giulietta', 'Torre Lamberti']",Castelvecchio,"['Museo Lapidario', 'Verona Tour', 'Museo Radio', 'San Zeno', 'Sighseeing']",Santa Anastasia,strategy_nearest,False,0.0027620792388916016,success
0458D73A9C4C80,1,"['Palazzo della Ragione', 'Torre Lamberti']",Santa Anastasia,"['AMO', 'Museo Conte', 'Teatro Romano', 'Centro Fotografia', 'Duomo']",Teatro Romano,strategy_nearest,True,0.003986835479736328,success
0458D9429C4C80,0,['Castelvecchio'],Arena,"['Verona Tour', 'Museo Lapidario', 'Museo Radio', 'San Fermo', 'Casa Giulietta']",Casa Giulietta,strategy_nearest,True,0.0013761520385742188,success
0458E8429C4C80,1,"['Museo Lapidario', 'Arena', 'Casa Giulietta', 'Torre Lamberti', 'Palazzo della Ragione']",San Fermo,"['Museo Storia', 'Museo Radio', 'Centro Fotografia', 'Sighseeing', 'Museo Conte']",Santa Anastasia,strategy_nearest,False,0.0021882057189941406,success
0458E9429C4C80,3,"['Teatro Romano', 'Duomo', 'Torre Lamberti', 'Santa Anastasia', 'Casa Giulietta']",Museo Storia,"['San Fermo', 'Museo Radio', 'Centro Fotografia', 'Tomba Giulietta', 'Arena']",Museo Lapidario,strategy_nearest,False,0.0026009082794189453,success
0458E63A9C4C80,0,['Casa Giulietta'],Torre Lamberti,"['Sighseeing', 'Centro Fotografia', 'Museo Conte', 'Palazzo della Ragione', 'AMO']",Arena,strategy_nearest,False,0.0034532546997070312,success
0458E3429C4C80,3,"['Arena', 'Castelvecchio']",San Fermo,"['Museo Storia', 'Museo Radio', 'Casa Giulietta', 'Centro Fotografia', 'Sighseeing']",Teatro Romano,strategy_nearest,False,0.0015938282012939453,success
0458EC429C4C80,2,"['Castelvecchio', 'Duomo']",Teatro Romano,"['Santa Anastasia', 'AMO', 'Palazzo della Ragione', 'Museo Conte', 'Centro Fotografia']",Santa Anastasia,strategy_nearest,True,0.0019931793212890625,success
0458F2429C4C80,1,"['Arena', 'Palazzo della Ragione']",Casa Giulietta,"['Centro Fotografia', 'Sighseeing', 'Torre Lamberti', 'Museo Conte', 'Museo Radio']",Castelvecchio,strategy_nearest,False,0.002496957778930664,success
0458EF4A9C4C80,0,['Arena'],Torre Lamberti,"['Sighseeing', 'Centro Fotografia', 'Museo Conte', 'Casa Giulietta', 'Palazzo della Ragione']",Casa Giulietta,strategy_nearest,True,0.002598285675048828,success
0458F24A9C4C80,0,['Arena'],Casa Giulietta,"['Centro Fotografia', 'Sighseeing', 'Torre Lamberti', 'Museo Conte', 'Museo Radio']",Torre Lamberti,strategy_nearest,True,0.0033140182495117188,success
045901429C4C84,2,['Torre Lamberti'],Teatro Romano,"['Santa Anastasia', 'Duomo', 'AMO', 'Palazzo della Ragione', 'Museo Conte']",San Zeno,strategy_nearest,False,0.0033288002014160156,success
0458F6429C4C80,3,['San Zeno'],Arena,"['Verona Tour', 'Museo Lapidario', 'Museo Radio', 'San Fermo', 'Casa Giulietta']",Santa Anastasia,strategy_nearest,False,0.0022649765014648438,success
045910429C4C84,3,"['Arena', 'Torre Lamberti']",Santa Anastasia,"['AMO', 'Museo Conte', 'Palazzo della Ragione', 'Teatro Romano', 'Centro Fotografia']",Duomo,strategy_nearest,False,0.0031049251556396484,success
04590A4A9C4C84,3,['Arena'],Santa Anastasia,"['AMO', 'Museo Conte', 'Palazzo della Ragione', 'Teatro Romano', 'Centro Fotografia']",Teatro Romano,strategy_nearest,True,0.0026388168334960938,success
0459173A9C4C80,3,"['Arena', 'Castelvecchio']",San Zeno,"['Verona Tour', 'Museo Lapidario', 'Museo Miniscalchi', 'Sighseeing', 'Museo Radio']",Torre Lamberti,strategy_nearest,False,0.002195119857788086,success
0459184A9C4C80,1,"['Casa Giulietta', 'Arena', 'Castelvecchio']",San Fermo,"['Museo Storia', 'Museo Radio', 'Centro Fotografia', 'Sighseeing', 'Torre Lamberti']",Palazzo della Ragione,strategy_nearest,False,0.0026960372924804688,success
045912429C4C84,3,"['Arena', 'Casa Giulietta', 'Santa Anastasia', 'Castelvecchio']",Duomo,"['AMO', 'Museo Miniscalchi', 'Teatro Romano', 'Palazzo della Ragione', 'Museo Conte']",San Fermo,strategy_nearest,False,0.0016360282897949219,success
045917429C4C80,0,['Torre Lamberti'],San Fermo,"['Museo Storia', 'Museo Radio', 'Casa Giulietta', 'Centro Fotografia', 'Arena']",Arena,strategy_nearest,True,0.003442049026489258,success
0459434A9C4C80,0,['Arena'],Casa Giulietta,"['Centro Fotografia', 'Sighseeing', 'Torre Lamberti', 'Museo Conte', 'Museo Radio']",Torre Lamberti,strategy_nearest,True,0.0026891231536865234,success
04594F4A9C4C80,0,['Arena'],Casa Giulietta,"['Centro Fotografia', 'Sighseeing', 'Torre Lamberti', 'Museo Conte', 'Museo Radio']",Tomba Giulietta,strategy_nearest,False,0.003200054168701172,success
04593A3A9C4C80,0,"['Giardino Giusti', 'Teatro Romano']",Duomo,"['AMO', 'Museo Miniscalchi', 'Santa Anastasia', 'Palazzo della Ragione', 'Museo Conte']",Casa Giulietta,strategy_nearest,False,0.0034019947052001953,success
045940429C4C80,0,"['Arena', 'Casa Giulietta']",Torre Lamberti,"['Sighseeing', 'Centro Fotografia', 'Museo Conte', 'Palazzo della Ragione', 'AMO']",Teatro Romano,strategy_nearest,False,0.0021829605102539062,success
045950429C4C80,1,"['Arena', 'Casa Giulietta', 'San Fermo', 'Giardino Giusti']",Teatro Romano,"['Santa Anastasia', 'Duomo', 'AMO', 'Palazzo della Ragione', 'Museo Conte']",Torre Lamberti,strategy_nearest,False,0.002872943878173828,success
0459884A9C4C80,3,"['Arena', 'Casa Giulietta']",Torre Lamberti,"['Sighseeing', 'Centro Fotografia', 'Museo Conte', 'Palazzo della Ragione', 'AMO']",Santa Anastasia,strategy_nearest,False,0.0022079944610595703,success
0459974A9C4C80,2,['Casa Giulietta'],Santa Anastasia,"['AMO', 'Museo Conte', 'Palazzo della Ragione', 'Teatro Romano', 'Centro Fotografia']",Duomo,strategy_nearest,False,0.001461029052734375,success
045977429C4C80,0,['Arena'],Casa Giulietta,"['Centro Fotografia', 'Sighseeing', 'Torre Lamberti', 'Museo Conte', 'Museo Radio']",Torre Lamberti,strategy_nearest,True,0.003610849380493164,success
0459984A9C4C80,0,"['Arena', 'Casa Giulietta', 'Torre Lamberti']",Teatro Romano,"['Santa Anastasia', 'Duomo', 'AMO', 'Palazzo della Ragione', 'Museo Conte']",San Fermo,strategy_nearest,False,0.0025720596313476562,success
04599B429C4C80,0,['Casa Giulietta'],Arena,"['Verona Tour', 'Museo Lapidario', 'Museo Radio', 'San Fermo', 'Sighseeing']",Castelvecchio,strategy_nearest,False,0.0018091201782226562,success
0459B14A9C4C80,1,['Palazzo della Ragione'],Torre Lamberti,"['Sighseeing', 'Centro Fotografia', 'Museo Conte', 'Casa Giulietta', 'AMO']",Arena,strategy_nearest,False,0.0026397705078125,success
0459AC4A9C4C80,3,"['Torre Lamberti', 'Santa Anastasia', 'Duomo']",Castelvecchio,"['Museo Lapidario', 'Verona Tour', 'Arena', 'Museo Radio', 'San Zeno']",San Zeno,strategy_nearest,True,0.003301858901977539,success
0459B73A9C4C80,1,"['Casa Giulietta', 'Palazzo della Ragione']",Arena,"['Verona Tour', 'Museo Lapidario', 'Museo Radio', 'San Fermo', 'Sighseeing']",Tomba Giulietta,strategy_nearest,False,0.0027289390563964844,success
0459B64A9C4C80,3,"['Arena', 'Casa Giulietta']",Torre Lamberti,"['Sighseeing', 'Centro Fotografia', 'Museo Conte', 'Palazzo della Ragione', 'AMO']",Santa Anastasia,strategy_nearest,False,0.002772092819213867,success
0459C04A9C4C80,3,"['Arena', 'Tomba Giulietta']",San Fermo,"['Museo Storia', 'Museo Radio', 'Casa Giulietta', 'Centro Fotografia', 'Sighseeing']",Casa Giulietta,strategy_nearest,True,0.0014750957489013672,success
0459B24A9C4C80,0,['Castelvecchio'],Casa Giulietta,"['Centro Fotografia', 'Sighseeing', 'Torre Lamberti', 'Museo Conte', 'Museo Radio']",Arena,strategy_nearest,False,0.004579782485961914,success
0459D0429C4C80,1,"['Santa Anastasia', 'Castelvecchio', 'San Fermo']",Duomo,"['AMO', 'Museo Miniscalchi', 'Teatro Romano', 'Palazzo della Ragione', 'Museo Conte']",Palazzo della Ragione,strategy_nearest,True,0.002668142318725586,success
0459CF4A9C4C80,1,['Arena'],Palazzo della Ragione,"['AMO', 'Museo Conte', 'Torre Lamberti', 'Centro Fotografia', 'Sighseeing']",Torre Lamberti,strategy_nearest,True,0.0015690326690673828,success
0459C34A9C4C80,0,['Arena'],Casa Giulietta,"['Centro Fotografia', 'Sighseeing', 'Torre Lamberti', 'Museo Conte', 'Museo Radio']",Castelvecchio,strategy_nearest,False,0.0034830570220947266,success
0459C14A9C4C80,0,['Arena'],Casa Giulietta,"['Centro Fotografia', 'Sighseeing', 'Torre Lamberti', 'Museo Conte', 'Museo Radio']",Castelvecchio,strategy_nearest,False,0.002222776412963867,success
0459D3429C4C80,1,"['Casa Giulietta', 'Tomba Giulietta', 'Arena', 'Museo Lapidario']",Castelvecchio,"['Verona Tour', 'Museo Radio', 'San Zeno', 'Sighseeing', 'Museo Miniscalchi']",San Fermo,strategy_nearest,False,0.002062082290649414,success
0459D4429C4C80,1,"['Arena', 'Santa Anastasia', 'Duomo']",Casa Giulietta,"['Centro Fotografia', 'Sighseeing', 'Torre Lamberti', 'Museo Conte', 'Museo Radio']",Teatro Romano,strategy_nearest,False,0.0020508766174316406,success
0459D14A9C4C80,1,"['Arena', 'Casa Giulietta']",Palazzo della Ragione,"['AMO', 'Museo Conte', 'Torre Lamberti', 'Centro Fotografia', 'Sighseeing']",Torre Lamberti,strategy_nearest,True,0.003362894058227539,success
0459DC429C4C80,1,"['Arena', 'Casa Giulietta', 'Castelvecchio', 'Teatro Romano']",San Fermo,"['Museo Storia', 'Museo Radio', 'Centro Fotografia', 'Sighseeing', 'Torre Lamberti']",Torre Lamberti,strategy_nearest,True,0.0032241344451904297,success
0459EA429C4C80,3,"['Arena', 'Casa Giulietta', 'Santa Anastasia']",Duomo,"['AMO', 'Museo Miniscalchi', 'Teatro Romano', 'Palazzo della Ragione', 'Museo Conte']",Teatro Romano,strategy_nearest,True,0.002034902572631836,success
0459E7429C4C80,1,"['Arena', 'Casa Giulietta', 'Teatro Romano']",Torre Lamberti,"['Sighseeing', 'Centro Fotografia', 'Museo Conte', 'Palazzo della Ragione', 'AMO']",Palazzo della Ragione,strategy_nearest,True,0.001978158950805664,success
0459DF429C4C80,1,"['Arena', 'Casa Giulietta', 'Palazzo della Ragione']",Torre Lamberti,"['Sighseeing', 'Centro Fotografia', 'Museo Conte', 'AMO', 'Museo Miniscalchi']",Teatro Romano,strategy_nearest,False,0.004618167877197266,success
0459EF4A9C4C80,0,"['Arena', 'Tomba Giulietta']",Castelvecchio,"['Museo Lapidario', 'Verona Tour', 'Museo Radio', 'San Zeno', 'Sighseeing']",Casa Giulietta,strategy_nearest,False,0.0032732486724853516,success
0459F74A9C4C80,3,"['Arena', 'San Zeno']",Castelvecchio,"['Museo Lapidario', 'Verona Tour', 'Museo Radio', 'Sighseeing', 'Museo Miniscalchi']",Torre Lamberti,strategy_nearest,False,0.0022552013397216797,success
0459FD429C4C80,2,"['Casa Giulietta', 'Duomo', 'Teatro Romano']",Castelvecchio,"['Museo Lapidario', 'Verona Tour', 'Arena', 'Museo Radio', 'San Zeno']",Torre Lamberti,strategy_nearest,False,0.0020210742950439453,success
0459FA429C4C80,1,['Santa Anastasia'],Palazzo della Ragione,"['AMO', 'Museo Conte', 'Torre Lamberti', 'Centro Fotografia', 'Sighseeing']",San Zeno,strategy_nearest,False,0.004149198532104492,success
045A084A9C4C84,2,['San Zeno'],Castelvecchio,"['Museo Lapidario', 'Verona Tour', 'Arena', 'Museo Radio', 'Sighseeing']",Casa Giulietta,strategy_nearest,False,0.002599000930786133,success
045A094A9C4C84,1,['Arena'],Castelvecchio,"['Museo Lapidario', 'Verona Tour', 'Museo Radio', 'San Zeno', 'Sighseeing']",Palazzo della Ragione,strategy_nearest,False,0.00307464599609375,success
045A0B4A9C4C84,0,['Arena'],Casa Giulietta,"['Centro Fotografia', 'Sighseeing', 'Torre Lamberti', 'Museo Conte', 'Museo Radio']",Tomba Giulietta,strategy_nearest,False,0.003269195556640625,success
045A0C4A9C4C84,1,"['Arena', 'Casa Giulietta', 'San Fermo']",Torre Lamberti,"['Sighseeing', 'Centro Fotografia', 'Museo Conte', 'Palazzo della Ragione', 'AMO']",Palazzo della Ragione,strategy_nearest,True,0.003304004669189453,success
045A0E429C4C84,2,"['Casa Giulietta', 'Torre Lamberti']",Santa Anastasia,"['AMO', 'Museo Conte', 'Palazzo della Ragione', 'Teatro Romano', 'Centro Fotografia']",Duomo,strategy_nearest,False,0.00267791748046875,success
045A0F429C4C84,0,"['Tomba Giulietta', 'Castelvecchio', 'San Zeno']",Casa Giulietta,"['Centro Fotografia', 'Sighseeing', 'Torre Lamberti', 'Museo Conte', 'Museo Radio']",Arena,strategy_nearest,False,0.0029799938201904297,success
045A184A9C4C80,3,"['Casa Giulietta', 'Santa Anastasia', 'Duomo', 'Torre Lamberti']",San Fermo,"['Museo Storia', 'Museo Radio', 'Centro Fotografia', 'Arena', 'Sighseeing']",San Zeno,strategy_nearest,False,0.0019199848175048828,success
045A12429C4C84,1,"['Casa Giulietta', 'Palazzo della Ragione']",Arena,"['Verona Tour', 'Museo Lapidario', 'Museo Radio', 'San Fermo', 'Sighseeing']",Castelvecchio,strategy_nearest,False,0.0026807785034179688,success
045A274A9C4C80,3,"['Santa Anastasia', 'Teatro Romano']",Arena,"['Verona Tour', 'Museo Lapidario', 'Museo Radio', 'San Fermo', 'Casa Giulietta']",Casa Giulietta,strategy_nearest,True,0.003038167953491211,success
045A403A9C4C80,3,"['Duomo', 'Castelvecchio', 'Torre Lamberti']",Casa Giulietta,"['Centro Fotografia', 'Sighseeing', 'Museo Conte', 'Museo Radio', 'Palazzo della Ragione']",Arena,strategy_nearest,False,0.003025054931640625,success
045A404A9C4C80,1,"['Arena', 'Castelvecchio']",Palazzo della Ragione,"['AMO', 'Museo Conte', 'Torre Lamberti', 'Centro Fotografia', 'Sighseeing']",Torre Lamberti,strategy_nearest,True,0.0027799606323242188,success
045A414A9C4C80,3,"['Arena', 'Casa Giulietta']",Santa Anastasia,"['AMO', 'Museo Conte', 'Palazzo della Ragione', 'Teatro Romano', 'Centro Fotografia']",Teatro Romano,strategy_nearest,True,0.002032041549682617,success
045A45429C4C80,0,['Castelvecchio'],Arena,"['Verona Tour', 'Museo Lapidario', 'Museo Radio', 'San Fermo', 'Casa Giulietta']",Teatro Romano,strategy_nearest,False,0.003187894821166992,success
045A40429C4C80,1,"['Arena', 'Casa Giulietta', 'Torre Lamberti']",Palazzo della Ragione,"['AMO', 'Museo Conte', 'Centro Fotografia', 'Sighseeing', 'Santa Anastasia']",Santa Anastasia,strategy_nearest,True,0.004200935363769531,success
045A483A9C4C80,1,"['Arena', 'San Fermo', 'Casa Giulietta']",Santa Anastasia,"['AMO', 'Museo Conte', 'Palazzo della Ragione', 'Teatro Romano', 'Centro Fotografia']",Palazzo della Ragione,strategy_nearest,True,0.0034379959106445312,success
045A49429C4C80,0,['Arena'],Santa Anastasia,"['AMO', 'Museo Conte', 'Palazzo della Ragione', 'Teatro Romano', 'Centro Fotografia']",Castelvecchio,strategy_nearest,False,0.002792835235595703,success
045A504A9C4C80,3,"['Arena', 'Casa Giulietta']",Torre Lamberti,"['Sighseeing', 'Centro Fotografia', 'Museo Conte', 'Palazzo della Ragione', 'AMO']",San Zeno,strategy_nearest,False,0.003422975540161133,success
045A523A9C4C80,3,"['Duomo', 'Torre Lamberti', 'Casa Giulietta']",Arena,"['Verona Tour', 'Museo Lapidario', 'Museo Radio', 'San Fermo', 'Sighseeing']",Tomba Giulietta,strategy_nearest,False,0.0013861656188964844,success
045A533A9C4C80,0,['Casa Giulietta'],Torre Lamberti,"['Sighseeing', 'Centro Fotografia', 'Museo Conte', 'Palazzo della Ragione', 'AMO']",Arena,strategy_nearest,False,0.0027189254760742188,success
045A6C429C4C80,3,"['San Fermo', 'Casa Giulietta']",Santa Anastasia,"['AMO', 'Museo Conte', 'Palazzo della Ragione', 'Teatro Romano', 'Centro Fotografia']",Duomo,strategy_nearest,False,0.0015060901641845703,success
045A6E3A9C4C80,3,"['Arena', 'Casa Giulietta', 'Museo Storia']",Torre Lamberti,"['Sighseeing', 'Centro Fotografia', 'Museo Conte', 'Palazzo della Ragione', 'AMO']",Santa Anastasia,strategy_nearest,False,0.002750873565673828,success
045A6F429C4C80,3,"['Arena', 'Casa Giulietta', 'Teatro Romano']",Duomo,"['AMO', 'Museo Miniscalchi', 'Santa Anastasia', 'Palazzo della Ragione', 'Museo Conte']",Santa Anastasia,strategy_nearest,True,0.003228902816772461,success
045A74429C4C80,0,['Arena'],Casa Giulietta,"['Centro Fotografia', 'Sighseeing', 'Torre Lamberti', 'Museo Conte', 'Museo Radio']",Castelvecchio,strategy_nearest,False,0.0027871131896972656,success
045A7A429C4C80,0,['Castelvecchio'],Casa Giulietta,"['Centro Fotografia', 'Sighseeing', 'Torre Lamberti', 'Museo Conte', 'Museo Radio']",Torre Lamberti,strategy_nearest,True,0.003255128860473633,success
045A7B3A9C4C80,3,"['Casa Giulietta', 'Torre Lamberti']",Arena,"['Verona Tour', 'Museo Lapidario', 'Museo Radio', 'San Fermo', 'Sighseeing']",Santa Anastasia,strategy_nearest,False,0.00255584716796875,success
045A75429C4C80,0,['Castelvecchio'],San Zeno,"['Verona Tour', 'Museo Lapidario', 'Arena', 'Museo Miniscalchi', 'Sighseeing']",Arena,strategy_nearest,True,0.002758026123046875,success
045A8F429C4C80,0,['Arena'],Casa Giulietta,"['Centro Fotografia', 'Sighseeing', 'Torre Lamberti', 'Museo Conte', 'Museo Radio']",Castelvecchio,strategy_nearest,False,0.0026450157165527344,success
045A813A9C4C80,0,['Duomo'],Teatro Romano,"['Santa Anastasia', 'AMO', 'Palazzo della Ragione', 'Museo Conte', 'Centro Fotografia']",Arena,strategy_nearest,False,0.001598358154296875,success
045A8C429C4C80,3,"['Arena', 'Casa Giulietta']",Torre Lamberti,"['Sighseeing', 'Centro Fotografia', 'Museo Conte', 'Palazzo della Ragione', 'AMO']",Santa Anastasia,strategy_nearest,False,0.003345966339111328,success
045A8C4A9C4C80,3,"['Arena', 'Torre Lamberti']",Santa Anastasia,"['AMO', 'Museo Conte', 'Palazzo della Ragione', 'Teatro Romano', 'Centro Fotografia']",Duomo,strategy_nearest,False,0.002131938934326172,success
045A924A9C4C80,0,"['Museo Lapidario', 'Castelvecchio']",Arena,"['Verona Tour', 'Museo Radio', 'San Fermo', 'Casa Giulietta', 'Sighseeing']",Casa Giulietta,strategy_nearest,True,0.0017962455749511719,success
045A904A9C4C80,3,"['Arena', 'Castelvecchio']",Santa Anastasia,"['AMO', 'Museo Conte', 'Palazzo della Ragione', 'Teatro Romano', 'Centro Fotografia']",Duomo,strategy_nearest,False,0.0012669563293457031,success
045A94429C4C80,0,"['Arena', 'Museo Lapidario']",Castelvecchio,"['Verona Tour', 'Museo Radio', 'San Zeno', 'Sighseeing', 'Museo Miniscalchi']",Giardino Giusti,strategy_nearest,False,0.0026912689208984375,success
045A954A9C4C80,0,"['Arena', 'Castelvecchio']",Duomo,"['AMO', 'Museo Miniscalchi', 'Santa Anastasia', 'Teatro Romano', 'Palazzo della Ragione']",Teatro Romano,strategy_nearest,True,0.0032279491424560547,success
045AA0429C4C80,1,"['Arena', 'Santa Anastasia']",Duomo,"['AMO', 'Museo Miniscalchi', 'Teatro Romano', 'Palazzo della Ragione', 'Museo Conte']",Palazzo della Ragione,strategy_nearest,True,0.004567861557006836,success
045AAC3A9C4C80,0,['Casa Giulietta'],Arena,"['Verona Tour', 'Museo Lapidario', 'Museo Radio', 'San Fermo', 'Sighseeing']",Tomba Giulietta,strategy_nearest,False,0.0033447742462158203,success
045AAD4A9C4C80,1,"['Arena', 'Casa Giulietta', 'Torre Lamberti']",Palazzo della Ragione,"['AMO', 'Museo Conte', 'Centro Fotografia', 'Sighseeing', 'Santa Anastasia']",Santa Anastasia,strategy_nearest,True,0.0014040470123291016,success
045AAD3A9C4C80,3,['Arena'],Santa Anastasia,"['AMO', 'Museo Conte', 'Palazzo della Ragione', 'Teatro Romano', 'Centro Fotografia']",Duomo,strategy_nearest,False,0.0021157264709472656,success
045AB64A9C4C80,3,"['Arena', 'Casa Giulietta']",Santa Anastasia,"['AMO', 'Museo Conte', 'Palazzo della Ragione', 'Teatro Romano', 'Centro Fotografia']",Duomo,strategy_nearest,False,0.002112150192260742,success
045AAE4A9C4C80,3,"['Museo Lapidario', 'Arena', 'Castelvecchio', 'Torre Lamberti']",Santa Anastasia,"['AMO', 'Museo Conte', 'Palazzo della Ragione', 'Teatro Romano', 'Centro Fotografia']",Duomo,strategy_nearest,False,0.002857208251953125,success
045AAF4A9C4C80,0,['Arena'],Casa Giulietta,"['Centro Fotografia', 'Sighseeing', 'Torre Lamberti', 'Museo Conte', 'Museo Radio']",Torre Lamberti,strategy_nearest,True,0.0016279220581054688,success
045AB04A9C4C80,0,['Arena'],Tomba Giulietta,"['San Fermo', 'Museo Storia', 'Museo Lapidario', 'Museo Radio', 'Verona Tour']",Casa Giulietta,strategy_nearest,False,0.003386974334716797,success
045AB93A9C4C80,2,['Palazzo della Ragione'],Torre Lamberti,"['Sighseeing', 'Centro Fotografia', 'Museo Conte', 'Casa Giulietta', 'AMO']",Casa Giulietta,strategy_nearest,True,0.002635955810546875,success
045ABB429C4C80,3,"['Tomba Giulietta', 'San Fermo', 'Casa Giulietta']",Torre Lamberti,"['Sighseeing', 'Centro Fotografia', 'Museo Conte', 'Palazzo della Ragione', 'AMO']",Santa Anastasia,strategy_nearest,False,0.0032219886779785156,success
045AB7429C4C80,0,['Arena'],Casa Giulietta,"['Centro Fotografia', 'Sighseeing', 'Torre Lamberti', 'Museo Conte', 'Museo Radio']",Santa Anastasia,strategy_nearest,False,0.003324747085571289,success
045AB8429C4C80,3,"['Duomo', 'Santa Anastasia']",Casa Giulietta,"['Centro Fotografia', 'Sighseeing', 'Torre Lamberti', 'Museo Conte', 'Museo Radio']",Castelvecchio,strategy_nearest,False,0.0014629364013671875,success
045ACE4A9C4C80,1,['Arena'],Torre Lamberti,"['Sighseeing', 'Centro Fotografia', 'Museo Conte', 'Casa Giulietta', 'Palazzo della Ragione']",Palazzo della Ragione,strategy_nearest,True,0.0013928413391113281,success
045AC14A9C4C80,2,"['Torre Lamberti', 'Palazzo della Ragione']",Santa Anastasia,"['AMO', 'Museo Conte', 'Teatro Romano', 'Centro Fotografia', 'Duomo']",Duomo,strategy_nearest,True,0.0021359920501708984,success
045AD53A9C4C80,1,"['Arena', 'Santa Anastasia', 'Torre Lamberti']",Palazzo della Ragione,"['AMO', 'Museo Conte', 'Centro Fotografia', 'Sighseeing', 'Museo Miniscalchi']",Duomo,strategy_nearest,False,0.003214120864868164,success
045ACF4A9C4C80,3,"['Arena', 'Casa Giulietta']",Giardino Giusti,"['Santa Anastasia', 'Teatro Romano', 'Museo Conte', 'Centro Fotografia', 'Museo Storia']",Duomo,strategy_nearest,False,0.0026938915252685547,success
045AE13A9C4C80,0,['Arena'],Casa Giulietta,"['Centro Fotografia', 'Sighseeing', 'Torre Lamberti', 'Museo Conte', 'Museo Radio']",Torre Lamberti,strategy_nearest,True,0.00273895263671875,success
045AE7429C4C80,1,"['Castelvecchio', 'Arena']",Torre Lamberti,"['Sighseeing', 'Centro Fotografia', 'Museo Conte', 'Casa Giulietta', 'Palazzo della Ragione']",Palazzo della Ragione,strategy_nearest,True,0.001528024673461914,success
045AEC429C4C80,0,['Arena'],Casa Giulietta,"['Centro Fotografia', 'Sighseeing', 'Torre Lamberti', 'Museo Conte', 'Museo Radio']",Palazzo della Ragione,strategy_nearest,False,0.0020122528076171875,success
045ADE429C4C80,0,['Arena'],Casa Giulietta,"['Centro Fotografia', 'Sighseeing', 'Torre Lamberti', 'Museo Conte', 'Museo Radio']",San Fermo,strategy_nearest,False,0.004547834396362305,success
045AF7429C4C80,3,"['Arena', 'Torre Lamberti']",Santa Anastasia,"['AMO', 'Museo Conte', 'Palazzo della Ragione', 'Teatro Romano', 'Centro Fotografia']",San Fermo,strategy_nearest,False,0.002724885940551758,success
045AF6429C4C80,1,"['Arena', 'Casa Giulietta', 'Torre Lamberti', 'Palazzo della Ragione', 'Santa Anastasia']",Duomo,"['AMO', 'Museo Miniscalchi', 'Teatro Romano', 'Museo Conte', 'Centro Fotografia']",Castelvecchio,strategy_nearest,False,0.0015749931335449219,success
045B004A9C4C84,6,['Verona Tour'],Casa Giulietta,"['Centro Fotografia', 'Sighseeing', 'Torre Lamberti', 'Museo Conte', 'Museo Radio']",Arena,strategy_nearest,False,0.001977205276489258,success
045AED4A9C4C80,0,['Arena'],Casa Giulietta,"['Centro Fotografia', 'Sighseeing', 'Torre Lamberti', 'Museo Conte', 'Museo Radio']",Duomo,strategy_nearest,False,0.0033609867095947266,success
045B094A9C4C84,3,"['Arena', 'Casa Giulietta']",Torre Lamberti,"['Sighseeing', 'Centro Fotografia', 'Museo Conte', 'Palazzo della Ragione', 'AMO']",Santa Anastasia,strategy_nearest,False,0.0032868385314941406,success
045B0B4A9C4C84,0,['Arena'],Teatro Romano,"['Santa Anastasia', 'Duomo', 'AMO', 'Palazzo della Ragione', 'Museo Conte']",Duomo,strategy_nearest,True,0.0013968944549560547,success
045B014A9C4C84,0,"['Arena', 'San Zeno']",Castelvecchio,"['Museo Lapidario', 'Verona Tour', 'Museo Radio', 'Sighseeing', 'Museo Miniscalchi']",Torre Lamberti,strategy_nearest,False,0.002148866653442383,success
045B034A9C4C84,3,['Arena'],Casa Giulietta,"['Centro Fotografia', 'Sighseeing', 'Torre Lamberti', 'Museo Conte', 'Museo Radio']",Torre Lamberti,strategy_nearest,True,0.0027227401733398438,success
045B21429C4C84,0,"['Castelvecchio', 'Arena']",Casa Giulietta,"['Centro Fotografia', 'Sighseeing', 'Torre Lamberti', 'Museo Conte', 'Museo Radio']",Torre Lamberti,strategy_nearest,True,0.0014171600341796875,success
045B204A9C4C80,1,"['San Fermo', 'Museo Storia', 'Torre Lamberti']",Santa Anastasia,"['AMO', 'Museo Conte', 'Palazzo della Ragione', 'Teatro Romano', 'Centro Fotografia']",Teatro Romano,strategy_nearest,True,0.002046823501586914,success
045B1A429C4C84,1,"['Casa Giulietta', 'Torre Lamberti', 'Palazzo della Ragione']",Teatro Romano,"['Santa Anastasia', 'Duomo', 'AMO', 'Museo Conte', 'Centro Fotografia']",Arena,strategy_nearest,False,0.0032787322998046875,success
045B0F429C4C84,0,['Casa Giulietta'],Palazzo della Ragione,"['AMO', 'Museo Conte', 'Torre Lamberti', 'Centro Fotografia', 'Sighseeing']",Arena,strategy_nearest,False,0.0027680397033691406,success
045B32429C4C80,3,"['Duomo', 'Arena']",Torre Lamberti,"['Sighseeing', 'Centro Fotografia', 'Museo Conte', 'Casa Giulietta', 'Palazzo della Ragione']",Teatro Romano,strategy_nearest,False,0.0020170211791992188,success
045B333A9C4C80,0,['Arena'],Casa Giulietta,"['Centro Fotografia', 'Sighseeing', 'Torre Lamberti', 'Museo Conte', 'Museo Radio']",Castelvecchio,strategy_nearest,False,0.0013890266418457031,success
045B2A429C4C80,0,['Arena'],Casa Giulietta,"['Centro Fotografia', 'Sighseeing', 'Torre Lamberti', 'Museo Conte', 'Museo Radio']",Castelvecchio,strategy_nearest,False,0.0032858848571777344,success
045B283A9C4C80,0,['Castelvecchio'],Arena,"['Verona Tour', 'Museo Lapidario', 'Museo Radio', 'San Fermo', 'Casa Giulietta']",Duomo,strategy_nearest,False,0.003328084945678711,success
045B383A9C4C80,3,"['Castelvecchio', 'Arena', 'San Fermo']",Teatro Romano,"['Santa Anastasia', 'Duomo', 'AMO', 'Palazzo della Ragione', 'Museo Conte']",Duomo,strategy_nearest,True,0.003345966339111328,success
045B483A9C4C80,3,"['Arena', 'Santa Anastasia', 'Castelvecchio']",Duomo,"['AMO', 'Museo Miniscalchi', 'Teatro Romano', 'Palazzo della Ragione', 'Museo Conte']",Casa Giulietta,strategy_nearest,False,0.0033500194549560547,success
045B504A9C4C80,0,['Arena'],Casa Giulietta,"['Centro Fotografia', 'Sighseeing', 'Torre Lamberti', 'Museo Conte', 'Museo Radio']",Duomo,strategy_nearest,False,0.0019757747650146484,success
045B363A9C4C80,0,['Torre Lamberti'],Casa Giulietta,"['Centro Fotografia', 'Sighseeing', 'Museo Conte', 'Museo Radio', 'Palazzo della Ragione']",Arena,strategy_nearest,False,0.0027441978454589844,success
045B784A9C4C80,1,['Arena'],Casa Giulietta,"['Centro Fotografia', 'Sighseeing', 'Torre Lamberti', 'Museo Conte', 'Museo Radio']",Palazzo della Ragione,strategy_nearest,False,0.0033559799194335938,success
045B70429C4C80,0,['Arena'],Castelvecchio,"['Museo Lapidario', 'Verona Tour', 'Museo Radio', 'San Zeno', 'Sighseeing']",Casa Giulietta,strategy_nearest,False,0.002196788787841797,success
045B573A9C4C80,0,['Arena'],Torre Lamberti,"['Sighseeing', 'Centro Fotografia', 'Museo Conte', 'Casa Giulietta', 'Palazzo della Ragione']",Casa Giulietta,strategy_nearest,True,0.0034279823303222656,success
045B7B4A9C4C80,0,['Castelvecchio'],Arena,"['Verona Tour', 'Museo Lapidario', 'Museo Radio', 'San Fermo', 'Casa Giulietta']",Casa Giulietta,strategy_nearest,True,0.001367807388305664,success
045B93429C4C80,3,['Arena'],Santa Anastasia,"['AMO', 'Museo Conte', 'Palazzo della Ragione', 'Teatro Romano', 'Centro Fotografia']",Duomo,strategy_nearest,False,0.0014810562133789062,success
045B99429C4C80,3,"['Casa Giulietta', 'Santa Anastasia']",Duomo,"['AMO', 'Museo Miniscalchi', 'Teatro Romano', 'Palazzo della Ragione', 'Museo Conte']",Arena,strategy_nearest,False,0.0032029151916503906,success
045BB04A9C4C80,1,['Torre Lamberti'],Palazzo della Ragione,"['AMO', 'Museo Conte', 'Centro Fotografia', 'Sighseeing', 'Santa Anastasia']",Duomo,strategy_nearest,False,0.002568960189819336,success
045B90429C4C80,3,"['Arena', 'Casa Giulietta']",Torre Lamberti,"['Sighseeing', 'Centro Fotografia', 'Museo Conte', 'Palazzo della Ragione', 'AMO']",Duomo,strategy_nearest,False,0.002177000045776367,success
045BB74A9C4C80,1,"['Arena', 'Castelvecchio']",Casa Giulietta,"['Centro Fotografia', 'Sighseeing', 'Torre Lamberti', 'Museo Conte', 'Museo Radio']",Palazzo della Ragione,strategy_nearest,False,0.0021491050720214844,success
045BB64A9C4C80,0,['Arena'],Casa Giulietta,"['Centro Fotografia', 'Sighseeing', 'Torre Lamberti', 'Museo Conte', 'Museo Radio']",Santa Anastasia,strategy_nearest,False,0.001589059829711914,success
045BBE3A9C4C80,3,"['Arena', 'Casa Giulietta']",Torre Lamberti,"['Sighseeing', 'Centro Fotografia', 'Museo Conte', 'Palazzo della Ragione', 'AMO']",Santa Anastasia,strategy_nearest,False,0.0027136802673339844,success
045BC1429C4C80,0,['Arena'],Casa Giulietta,"['Centro Fotografia', 'Sighseeing', 'Torre Lamberti', 'Museo Conte', 'Museo Radio']",Teatro Romano,strategy_nearest,False,0.003195047378540039,success
045BCA4A9C4C80,1,"['Arena', 'Casa Giulietta']",Palazzo della Ragione,"['AMO', 'Museo Conte', 'Torre Lamberti', 'Centro Fotografia', 'Sighseeing']",Torre Lamberti,strategy_nearest,True,0.0015079975128173828,success
045BCF429C4C80,3,"['Museo Lapidario', 'Castelvecchio']",Arena,"['Verona Tour', 'Museo Radio', 'San Fermo', 'Casa Giulietta', 'Sighseeing']",Duomo,strategy_nearest,False,0.0019931793212890625,success
045BC64A9C4C80,0,['Arena'],Casa Giulietta,"['Centro Fotografia', 'Sighseeing', 'Torre Lamberti', 'Museo Conte', 'Museo Radio']",Torre Lamberti,strategy_nearest,True,0.0032939910888671875,success
045BCC4A9C4C80,0,"['Arena', 'Casa Giulietta']",Torre Lamberti,"['Sighseeing', 'Centro Fotografia', 'Museo Conte', 'Palazzo della Ragione', 'AMO']",Castelvecchio,strategy_nearest,False,0.0026640892028808594,success
045BD93A9C4C80,3,"['Arena', 'Torre Lamberti']",Tomba Giulietta,"['San Fermo', 'Museo Storia', 'Museo Lapidario', 'Museo Radio', 'Verona Tour']",Santa Anastasia,strategy_nearest,False,0.00350189208984375,success
045BE93A9C4C80,0,['Arena'],Casa Giulietta,"['Centro Fotografia', 'Sighseeing', 'Torre Lamberti', 'Museo Conte', 'Museo Radio']",Castelvecchio,strategy_nearest,False,0.0026891231536865234,success
045BD24A9C4C80,0,['Castelvecchio'],Arena,"['Verona Tour', 'Museo Lapidario', 'Museo Radio', 'San Fermo', 'Casa Giulietta']",Casa Giulietta,strategy_nearest,True,0.0016829967498779297,success
045BE83A9C4C80,0,['Castelvecchio'],Arena,"['Verona Tour', 'Museo Lapidario', 'Museo Radio', 'San Fermo', 'Casa Giulietta']",Casa Giulietta,strategy_nearest,True,0.002153158187866211,success
045BF44A9C4C80,0,"['Arena', 'Castelvecchio']",Torre Lamberti,"['Sighseeing', 'Centro Fotografia', 'Museo Conte', 'Casa Giulietta', 'Palazzo della Ragione']",Casa Giulietta,strategy_nearest,True,0.0021810531616210938,success
045BFA3A9C4C80,0,['Arena'],Casa Giulietta,"['Centro Fotografia', 'Sighseeing', 'Torre Lamberti', 'Museo Conte', 'Museo Radio']",Tomba Giulietta,strategy_nearest,False,0.0025739669799804688,success
045BED429C4C80,3,['Arena'],Casa Giulietta,"['Centro Fotografia', 'Sighseeing', 'Torre Lamberti', 'Museo Conte', 'Museo Radio']",Santa Anastasia,strategy_nearest,False,0.0016140937805175781,success
045BF84A9C4C80,3,"['Arena', 'Casa Giulietta']",Torre Lamberti,"['Sighseeing', 'Centro Fotografia', 'Museo Conte', 'Palazzo della Ragione', 'AMO']",Duomo,strategy_nearest,False,0.0033240318298339844,success
045C0B4A9C4C84,0,['Arena'],Casa Giulietta,"['Centro Fotografia', 'Sighseeing', 'Torre Lamberti', 'Museo Conte', 'Museo Radio']",Teatro Romano,strategy_nearest,False,0.0014438629150390625,success
045C853A9C4C80,0,['Arena'],Casa Giulietta,"['Centro Fotografia', 'Sighseeing', 'Torre Lamberti', 'Museo Conte', 'Museo Radio']",Teatro Romano,strategy_nearest,False,0.003126859664916992,success
045C0D4A9C4C84,0,['Arena'],Casa Giulietta,"['Centro Fotografia', 'Sighseeing', 'Torre Lamberti', 'Museo Conte', 'Museo Radio']",Tomba Giulietta,strategy_nearest,False,0.002090930938720703,success
045C1D3A9C4C80,0,['Arena'],Casa Giulietta,"['Centro Fotografia', 'Sighseeing', 'Torre Lamberti', 'Museo Conte', 'Museo Radio']",Torre Lamberti,strategy_nearest,True,0.0026280879974365234,success
045CC84A9C4C80,2,['Casa Giulietta'],Castelvecchio,"['Museo Lapidario', 'Verona Tour', 'Arena', 'Museo Radio', 'San Zeno']",Teatro Romano,strategy_nearest,False,0.0033888816833496094,success
045CC94A9C4C80,0,['Arena'],Castelvecchio,"['Museo Lapidario', 'Verona Tour', 'Museo Radio', 'San Zeno', 'Sighseeing']",Casa Giulietta,strategy_nearest,False,0.002171039581298828,success
045D004A9C4C84,1,"['Palazzo della Ragione', 'Torre Lamberti', 'Casa Giulietta']",Arena,"['Verona Tour', 'Museo Lapidario', 'Museo Radio', 'San Fermo', 'Sighseeing']",Castelvecchio,strategy_nearest,False,0.002688884735107422,success
045CC74A9C4C80,3,"['Castelvecchio', 'Arena']",Casa Giulietta,"['Centro Fotografia', 'Sighseeing', 'Torre Lamberti', 'Museo Conte', 'Museo Radio']",Torre Lamberti,strategy_nearest,True,0.0016450881958007812,success
045D044A9C4C84,1,"['Teatro Romano', 'Arena']",Casa Giulietta,"['Centro Fotografia', 'Sighseeing', 'Torre Lamberti', 'Museo Conte', 'Museo Radio']",Palazzo della Ragione,strategy_nearest,False,0.0013890266418457031,success
045D064A9C4C84,3,"['Duomo', 'Santa Anastasia']",Casa Giulietta,"['Centro Fotografia', 'Sighseeing', 'Torre Lamberti', 'Museo Conte', 'Museo Radio']",Castelvecchio,strategy_nearest,False,0.0021648406982421875,success
045D0A429C4C84,3,"['Arena', 'Casa Giulietta']",Torre Lamberti,"['Sighseeing', 'Centro Fotografia', 'Museo Conte', 'Palazzo della Ragione', 'AMO']",Santa Anastasia,strategy_nearest,False,0.002726316452026367,success
045D0B429C4C84,1,"['Arena', 'Castelvecchio', 'Casa Giulietta', 'Museo Lapidario', 'Tomba Giulietta']",Torre Lamberti,"['Sighseeing', 'Centro Fotografia', 'Museo Conte', 'Palazzo della Ragione', 'AMO']",Palazzo della Ragione,strategy_nearest,True,0.0031349658966064453,success
045D0F429C4C84,1,"['Castelvecchio', 'Teatro Romano', 'Duomo']",Arena,"['Verona Tour', 'Museo Lapidario', 'Museo Radio', 'San Fermo', 'Casa Giulietta']",Casa Giulietta,strategy_nearest,True,0.0021219253540039062,success
045D0B4A9C4C84,3,['Arena'],Casa Giulietta,"['Centro Fotografia', 'Sighseeing', 'Torre Lamberti', 'Museo Conte', 'Museo Radio']",Torre Lamberti,strategy_nearest,True,0.0015621185302734375,success
045D184A9C4C80,1,"['Arena', 'Torre Lamberti', 'Palazzo della Ragione']",Casa Giulietta,"['Centro Fotografia', 'Sighseeing', 'Museo Conte', 'Museo Radio', 'San Fermo']",San Zeno,strategy_nearest,False,0.0026330947875976562,success
045D20429C4C80,2,['Castelvecchio'],San Fermo,"['Museo Storia', 'Museo Radio', 'Casa Giulietta', 'Centro Fotografia', 'Arena']",Duomo,strategy_nearest,False,0.0031862258911132812,success
045D20429C4C84,0,['Castelvecchio'],Torre Lamberti,"['Sighseeing', 'Centro Fotografia', 'Museo Conte', 'Casa Giulietta', 'Palazzo della Ragione']",Casa Giulietta,strategy_nearest,True,0.003461122512817383,success
045D324A9C4C80,1,"['Palazzo della Ragione', 'Torre Lamberti', 'Casa Giulietta', 'Santa Anastasia', 'Teatro Romano']",Duomo,"['AMO', 'Museo Miniscalchi', 'Museo Conte', 'Centro Fotografia', 'Sighseeing']",Tomba Giulietta,strategy_nearest,False,0.0015461444854736328,success
045D2C429C4C80,2,['Casa Giulietta'],Giardino Giusti,"['Santa Anastasia', 'Teatro Romano', 'Museo Conte', 'Centro Fotografia', 'Museo Storia']",Teatro Romano,strategy_nearest,True,0.002765178680419922,success
045D293A9C4C80,3,"['Museo Storia', 'Teatro Romano', 'Duomo']",Santa Anastasia,"['AMO', 'Museo Conte', 'Palazzo della Ragione', 'Centro Fotografia', 'Torre Lamberti']",Casa Giulietta,strategy_nearest,False,0.004284381866455078,success
045D423A9C4C80,3,"['Arena', 'Torre Lamberti']",Casa Giulietta,"['Centro Fotografia', 'Sighseeing', 'Museo Conte', 'Museo Radio', 'Palazzo della Ragione']",Castelvecchio,strategy_nearest,False,0.0015783309936523438,success
045D444A9C4C80,2,['Museo Storia'],San Fermo,"['Museo Radio', 'Casa Giulietta', 'Centro Fotografia', 'Arena', 'Sighseeing']",Torre Lamberti,strategy_nearest,False,0.0026030540466308594,success
045D533A9C4C80,0,['Casa Giulietta'],Arena,"['Verona Tour', 'Museo Lapidario', 'Museo Radio', 'San Fermo', 'Sighseeing']",Tomba Giulietta,strategy_nearest,False,0.0034399032592773438,success
045D6F429C4C80,0,"['Arena', 'Museo Lapidario']",Castelvecchio,"['Verona Tour', 'Museo Radio', 'San Zeno', 'Sighseeing', 'Museo Miniscalchi']",Casa Giulietta,strategy_nearest,False,0.0020029544830322266,success
045D754A9C4C80,1,"['Arena', 'Palazzo della Ragione', 'Torre Lamberti']",Santa Anastasia,"['AMO', 'Museo Conte', 'Teatro Romano', 'Centro Fotografia', 'Duomo']",Teatro Romano,strategy_nearest,True,0.003305196762084961,success
045D76429C4C80,3,"['Arena', 'Torre Lamberti']",Santa Anastasia,"['AMO', 'Museo Conte', 'Palazzo della Ragione', 'Teatro Romano', 'Centro Fotografia']",Duomo,strategy_nearest,False,0.002985239028930664,success
045D96429C4C80,2,"['Castelvecchio', 'Duomo']",Santa Anastasia,"['AMO', 'Museo Conte', 'Palazzo della Ragione', 'Teatro Romano', 'Centro Fotografia']",Torre Lamberti,strategy_nearest,False,0.002742767333984375,success
045D9A429C4C80,1,"['Arena', 'Casa Giulietta']",Palazzo della Ragione,"['AMO', 'Museo Conte', 'Torre Lamberti', 'Centro Fotografia', 'Sighseeing']",Torre Lamberti,strategy_nearest,True,0.0027341842651367188,success
045D9B4A9C4C80,3,"['Museo Lapidario', 'Arena']",Casa Giulietta,"['Centro Fotografia', 'Sighseeing', 'Torre Lamberti', 'Museo Conte', 'Museo Radio']",Castelvecchio,strategy_nearest,False,0.003278970718383789,success
045D9D429C4C80,1,"['Arena', 'Casa Giulietta']",Torre Lamberti,"['Sighseeing', 'Centro Fotografia', 'Museo Conte', 'Palazzo della Ragione', 'AMO']",Palazzo della Ragione,strategy_nearest,True,0.0032501220703125,success
045DA84A9C4C80,3,"['Santa Anastasia', 'Teatro Romano', 'Duomo']",Casa Giulietta,"['Centro Fotografia', 'Sighseeing', 'Torre Lamberti', 'Museo Conte', 'Museo Radio']",Arena,strategy_nearest,False,0.002454996109008789,success
045DAF4A9C4C80,1,"['Arena', 'Castelvecchio']",Palazzo della Ragione,"['AMO', 'Museo Conte', 'Torre Lamberti', 'Centro Fotografia', 'Sighseeing']",Torre Lamberti,strategy_nearest,True,0.00310516357421875,success
045DB33A9C4C80,0,"['Tomba Giulietta', 'Arena']",Casa Giulietta,"['Centro Fotografia', 'Sighseeing', 'Torre Lamberti', 'Museo Conte', 'Museo Radio']",Castelvecchio,strategy_nearest,False,0.0021228790283203125,success
045DAD429C4C80,3,['Arena'],Casa Giulietta,"['Centro Fotografia', 'Sighseeing', 'Torre Lamberti', 'Museo Conte', 'Museo Radio']",Santa Anastasia,strategy_nearest,False,0.0032629966735839844,success
045DB74A9C4C80,0,['Arena'],Tomba Giulietta,"['San Fermo', 'Museo Storia', 'Museo Lapidario', 'Museo Radio', 'Verona Tour']",Casa Giulietta,strategy_nearest,False,0.0023980140686035156,success
045DC74A9C4C80,3,"['Castelvecchio', 'Arena', 'Casa Giulietta']",Torre Lamberti,"['Sighseeing', 'Centro Fotografia', 'Museo Conte', 'Palazzo della Ragione', 'AMO']",Santa Anastasia,strategy_nearest,False,0.0028390884399414062,success
045DC63A9C4C80,1,"['Arena', 'Museo Lapidario', 'Duomo']",Santa Anastasia,"['AMO', 'Museo Conte', 'Palazzo della Ragione', 'Teatro Romano', 'Centro Fotografia']",Torre Lamberti,strategy_nearest,False,0.0017819404602050781,success
045DBE4A9C4C80,0,['Arena'],Casa Giulietta,"['Centro Fotografia', 'Sighseeing', 'Torre Lamberti', 'Museo Conte', 'Museo Radio']",Teatro Romano,strategy_nearest,False,0.003443002700805664,success
045DC64A9C4C80,1,"['Arena', 'Torre Lamberti', 'Palazzo della Ragione']",San Zeno,"['Castelvecchio', 'Verona Tour', 'Museo Lapidario', 'Museo Miniscalchi', 'Sighseeing']",Castelvecchio,strategy_nearest,True,0.002501249313354492,success
045DD73A9C4C80,1,"['Arena', 'Torre Lamberti', 'Palazzo della Ragione']",Santa Anastasia,"['AMO', 'Museo Conte', 'Teatro Romano', 'Centro Fotografia', 'Duomo']",Duomo,strategy_nearest,True,0.00197601318359375,success
045DD04A9C4C80,3,['Arena'],Casa Giulietta,"['Centro Fotografia', 'Sighseeing', 'Torre Lamberti', 'Museo Conte', 'Museo Radio']",Santa Anastasia,strategy_nearest,False,0.0014238357543945312,success
045DD03A9C4C80,3,"['Museo Storia', 'Tomba Giulietta', 'Santa Anastasia']",Duomo,"['AMO', 'Museo Miniscalchi', 'Teatro Romano', 'Palazzo della Ragione', 'Museo Conte']",Casa Giulietta,strategy_nearest,False,0.0027561187744140625,success
045DCD4A9C4C80,3,['Arena'],Casa Giulietta,"['Centro Fotografia', 'Sighseeing', 'Torre Lamberti', 'Museo Conte', 'Museo Radio']",Santa Anastasia,strategy_nearest,False,0.0034089088439941406,success
045DEB4A9C4C80,3,"['Tomba Giulietta', 'Arena', 'Casa Giulietta']",Duomo,"['AMO', 'Museo Miniscalchi', 'Santa Anastasia', 'Teatro Romano', 'Palazzo della Ragione']",Torre Lamberti,strategy_nearest,False,0.0020339488983154297,success
045DEC3A9C4C80,0,"['San Zeno', 'San Fermo']",Arena,"['Verona Tour', 'Museo Lapidario', 'Museo Radio', 'Casa Giulietta', 'Sighseeing']",Torre Lamberti,strategy_nearest,False,0.0012989044189453125,success
045DE93A9C4C80,2,"['San Zeno', 'Castelvecchio', 'Torre Lamberti']",Casa Giulietta,"['Centro Fotografia', 'Sighseeing', 'Museo Conte', 'Museo Radio', 'Palazzo della Ragione']",Santa Anastasia,strategy_nearest,False,0.0028982162475585938,success
045DEC4A9C4C80,0,['Arena'],Casa Giulietta,"['Centro Fotografia', 'Sighseeing', 'Torre Lamberti', 'Museo Conte', 'Museo Radio']",Tomba Giulietta,strategy_nearest,False,0.003376007080078125,success
045DEF429C4C80,3,"['Castelvecchio', 'Arena']",Torre Lamberti,"['Sighseeing', 'Centro Fotografia', 'Museo Conte', 'Casa Giulietta', 'Palazzo della Ragione']",Casa Giulietta,strategy_nearest,True,0.0026738643646240234,success
045DED4A9C4C80,3,"['Casa Giulietta', 'San Fermo']",Santa Anastasia,"['AMO', 'Museo Conte', 'Palazzo della Ragione', 'Teatro Romano', 'Centro Fotografia']",Castelvecchio,strategy_nearest,False,0.0026900768280029297,success
045DEE429C4C80,3,"['Arena', 'Casa Giulietta']",Torre Lamberti,"['Sighseeing', 'Centro Fotografia', 'Museo Conte', 'Palazzo della Ragione', 'AMO']",Santa Anastasia,strategy_nearest,False,0.0033559799194335938,success
045DF53A9C4C80,2,"['Castelvecchio', 'Torre Lamberti']",Santa Anastasia,"['AMO', 'Museo Conte', 'Palazzo della Ragione', 'Teatro Romano', 'Centro Fotografia']",Duomo,strategy_nearest,False,0.0033299922943115234,success
045DF5429C4C80,3,"['Torre Lamberti', 'Duomo', 'Santa Anastasia']",Arena,"['Verona Tour', 'Museo Lapidario', 'Museo Radio', 'San Fermo', 'Casa Giulietta']",San Zeno,strategy_nearest,False,0.0022268295288085938,success
045E00429C4C84,2,['Torre Lamberti'],Teatro Romano,"['Santa Anastasia', 'Duomo', 'AMO', 'Palazzo della Ragione', 'Museo Conte']",San Zeno,strategy_nearest,False,0.0024781227111816406,success
045DFF4A9C4C80,2,"['Tomba Giulietta', 'Casa Giulietta']",Teatro Romano,"['Santa Anastasia', 'Duomo', 'AMO', 'Palazzo della Ragione', 'Museo Conte']",Santa Anastasia,strategy_nearest,True,0.0032830238342285156,success
045E024A9C4C84,1,['Torre Lamberti'],Arena,"['Verona Tour', 'Museo Lapidario', 'Museo Radio', 'San Fermo', 'Casa Giulietta']",Palazzo della Ragione,strategy_nearest,False,0.0031888484954833984,success
045E094A9C4C84,0,['Arena'],Casa Giulietta,"['Centro Fotografia', 'Sighseeing', 'Torre Lamberti', 'Museo Conte', 'Museo Radio']",Duomo,strategy_nearest,False,0.0032072067260742188,success
045E034A9C4C84,0,['Arena'],Torre Lamberti,"['Sighseeing', 'Centro Fotografia', 'Museo Conte', 'Casa Giulietta', 'Palazzo della Ragione']",Duomo,strategy_nearest,False,0.0026290416717529297,success
045E0B429C4C84,2,['Torre Lamberti'],Casa Giulietta,"['Centro Fotografia', 'Sighseeing', 'Museo Conte', 'Museo Radio', 'Palazzo della Ragione']",Teatro Romano,strategy_nearest,False,0.0027227401733398438,success
045E0D4A9C4C84,3,"['Arena', 'Casa Giulietta']",Torre Lamberti,"['Sighseeing', 'Centro Fotografia', 'Museo Conte', 'Palazzo della Ragione', 'AMO']",Santa Anastasia,strategy_nearest,False,0.003192901611328125,success
045E0E429C4C84,1,"['Arena', 'Casa Giulietta', 'Torre Lamberti']",Santa Anastasia,"['AMO', 'Museo Conte', 'Palazzo della Ragione', 'Teatro Romano', 'Centro Fotografia']",Tomba Giulietta,strategy_nearest,False,0.002541065216064453,success
045E17429C4C80,0,['Arena'],Torre Lamberti,"['Sighseeing', 'Centro Fotografia', 'Museo Conte', 'Casa Giulietta', 'Palazzo della Ragione']",Casa Giulietta,strategy_nearest,True,0.003020048141479492,success
045E164A9C4C80,2,['Casa Giulietta'],Torre Lamberti,"['Sighseeing', 'Centro Fotografia', 'Museo Conte', 'Palazzo della Ragione', 'AMO']",Castelvecchio,strategy_nearest,False,0.003084897994995117,success
045E173A9C4C80,0,['Arena'],Torre Lamberti,"['Sighseeing', 'Centro Fotografia', 'Museo Conte', 'Casa Giulietta', 'Palazzo della Ragione']",Teatro Romano,strategy_nearest,False,0.0025370121002197266,success
045E283A9C4C80,0,"['Santa Anastasia', 'Arena']",Castelvecchio,"['Museo Lapidario', 'Verona Tour', 'Museo Radio', 'San Zeno', 'Sighseeing']",Tomba Giulietta,strategy_nearest,False,0.001255035400390625,success
045E22429C4C80,3,"['Arena', 'Torre Lamberti', 'Santa Anastasia', 'Casa Giulietta']",Castelvecchio,"['Museo Lapidario', 'Verona Tour', 'Museo Radio', 'San Zeno', 'Sighseeing']",San Zeno,strategy_nearest,True,0.0033571720123291016,success
045E2E429C4C80,3,['Santa Anastasia'],Casa Giulietta,"['Centro Fotografia', 'Sighseeing', 'Torre Lamberti', 'Museo Conte', 'Museo Radio']",San Fermo,strategy_nearest,False,0.0024650096893310547,success
045E2D429C4C80,3,"['San Fermo', 'Santa Anastasia']",Arena,"['Verona Tour', 'Museo Lapidario', 'Museo Radio', 'Casa Giulietta', 'Sighseeing']",Museo Lapidario,strategy_nearest,True,0.003320932388305664,success
045E483A9C4C80,0,['Arena'],Casa Giulietta,"['Centro Fotografia', 'Sighseeing', 'Torre Lamberti', 'Museo Conte', 'Museo Radio']",Teatro Romano,strategy_nearest,False,0.0025262832641601562,success
045E303A9C4C80,0,['Arena'],Casa Giulietta,"['Centro Fotografia', 'Sighseeing', 'Torre Lamberti', 'Museo Conte', 'Museo Radio']",Castelvecchio,strategy_nearest,False,0.003339052200317383,success
045E45429C4C80,3,"['Torre Lamberti', 'Duomo', 'Santa Anastasia']",Arena,"['Verona Tour', 'Museo Lapidario', 'Museo Radio', 'San Fermo', 'Casa Giulietta']",Casa Giulietta,strategy_nearest,True,0.0033118724822998047,success
045E363A9C4C80,1,"['Arena', 'Castelvecchio', 'Palazzo della Ragione']",Torre Lamberti,"['Sighseeing', 'Centro Fotografia', 'Museo Conte', 'Casa Giulietta', 'AMO']",Santa Anastasia,strategy_nearest,False,0.002393007278442383,success
045E493A9C4C80,3,"['Castelvecchio', 'Arena']",Torre Lamberti,"['Sighseeing', 'Centro Fotografia', 'Museo Conte', 'Casa Giulietta', 'Palazzo della Ragione']",Casa Giulietta,strategy_nearest,True,0.0033202171325683594,success
045E4B429C4C80,0,"['Casa Giulietta', 'Torre Lamberti']",Duomo,"['AMO', 'Museo Miniscalchi', 'Santa Anastasia', 'Teatro Romano', 'Palazzo della Ragione']",Castelvecchio,strategy_nearest,False,0.003201007843017578,success
045E48429C4C80,3,"['Casa Giulietta', 'Torre Lamberti']",Teatro Romano,"['Santa Anastasia', 'Duomo', 'AMO', 'Palazzo della Ragione', 'Museo Conte']",Duomo,strategy_nearest,True,0.002758026123046875,success
045E4F3A9C4C80,0,"['Castelvecchio', 'Castelvecchio']",Arena,"['Verona Tour', 'Museo Lapidario', 'Museo Radio', 'San Fermo', 'Casa Giulietta']",Casa Giulietta,strategy_nearest,True,0.0014159679412841797,success
045E533A9C4C80,3,"['Casa Giulietta', 'Torre Lamberti']",Duomo,"['AMO', 'Museo Miniscalchi', 'Santa Anastasia', 'Teatro Romano', 'Palazzo della Ragione']",Teatro Romano,strategy_nearest,True,0.0015659332275390625,success
045E603A9C4C80,3,"['Torre Lamberti', 'Casa Giulietta', 'Duomo', 'Arena']",San Zeno,"['Castelvecchio', 'Verona Tour', 'Museo Lapidario', 'Museo Miniscalchi', 'Sighseeing']",Castelvecchio,strategy_nearest,True,0.002027750015258789,success
045E513A9C4C80,0,['Casa Giulietta'],Arena,"['Verona Tour', 'Museo Lapidario', 'Museo Radio', 'San Fermo', 'Sighseeing']",Tomba Giulietta,strategy_nearest,False,0.0033919811248779297,success
045E6C3A9C4C80,0,['Castelvecchio'],Casa Giulietta,"['Centro Fotografia', 'Sighseeing', 'Torre Lamberti', 'Museo Conte', 'Museo Radio']",Arena,strategy_nearest,False,0.0031440258026123047,success
045E77429C4C80,2,['Casa Giulietta'],Santa Anastasia,"['AMO', 'Museo Conte', 'Palazzo della Ragione', 'Teatro Romano', 'Centro Fotografia']",Duomo,strategy_nearest,False,0.0028228759765625,success
045E8D4A9C4C80,1,"['Arena', 'Torre Lamberti']",Palazzo della Ragione,"['AMO', 'Museo Conte', 'Centro Fotografia', 'Sighseeing', 'Santa Anastasia']",Santa Anastasia,strategy_nearest,True,0.002162933349609375,success
045E964A9C4C80,3,['Arena'],Casa Giulietta,"['Centro Fotografia', 'Sighseeing', 'Torre Lamberti', 'Museo Conte', 'Museo Radio']",Torre Lamberti,strategy_nearest,True,0.0026972293853759766,success
045E784A9C4C80,0,"['Arena', 'Castelvecchio']",San Zeno,"['Verona Tour', 'Museo Lapidario', 'Museo Miniscalchi', 'Sighseeing', 'Museo Radio']",Casa Giulietta,strategy_nearest,False,0.003523111343383789,success
045EA4429C4C80,3,['Torre Lamberti'],Santa Anastasia,"['AMO', 'Museo Conte', 'Palazzo della Ragione', 'Teatro Romano', 'Centro Fotografia']",Duomo,strategy_nearest,False,0.0033721923828125,success
045EB53A9C4C80,0,"['Teatro Romano', 'Casa Giulietta', 'Torre Lamberti']",Arena,"['Verona Tour', 'Museo Lapidario', 'Museo Radio', 'San Fermo', 'Sighseeing']",Tomba Giulietta,strategy_nearest,False,0.003203153610229492,success
045EA64A9C4C80,0,['Casa Giulietta'],Arena,"['Verona Tour', 'Museo Lapidario', 'Museo Radio', 'San Fermo', 'Sighseeing']",Castelvecchio,strategy_nearest,False,0.002000093460083008,success
045EB23A9C4C80,1,['Palazzo della Ragione'],Torre Lamberti,"['Sighseeing', 'Centro Fotografia', 'Museo Conte', 'Casa Giulietta', 'AMO']",Arena,strategy_nearest,False,0.002566814422607422,success
045EB54A9C4C80,2,"['Casa Giulietta', 'Torre Lamberti', 'Palazzo della Ragione']",Santa Anastasia,"['AMO', 'Museo Conte', 'Teatro Romano', 'Centro Fotografia', 'Duomo']",Duomo,strategy_nearest,True,0.0029070377349853516,success
045EB9429C4C80,0,"['Arena', 'Casa Giulietta']",Tomba Giulietta,"['San Fermo', 'Museo Storia', 'Museo Lapidario', 'Museo Radio', 'Verona Tour']",San Fermo,strategy_nearest,True,0.002711057662963867,success
045EB74A9C4C80,0,['Arena'],Casa Giulietta,"['Centro Fotografia', 'Sighseeing', 'Torre Lamberti', 'Museo Conte', 'Museo Radio']",Duomo,strategy_nearest,False,0.0035848617553710938,success
045EB63A9C4C80,1,['Arena'],Palazzo della Ragione,"['AMO', 'Museo Conte', 'Torre Lamberti', 'Centro Fotografia', 'Sighseeing']",Torre Lamberti,strategy_nearest,True,0.001664876937866211,success
045EBC4A9C4C80,1,"['Arena', 'Torre Lamberti']",Palazzo della Ragione,"['AMO', 'Museo Conte', 'Centro Fotografia', 'Sighseeing', 'Santa Anastasia']",Castelvecchio,strategy_nearest,False,0.0020859241485595703,success
045EBE3A9C4C80,0,"['Arena', 'Castelvecchio']",Duomo,"['AMO', 'Museo Miniscalchi', 'Santa Anastasia', 'Teatro Romano', 'Palazzo della Ragione']",Teatro Romano,strategy_nearest,True,0.0024750232696533203,success
045EBD3A9C4C80,1,"['Casa Giulietta', 'Torre Lamberti', 'Palazzo della Ragione']",Teatro Romano,"['Santa Anastasia', 'Duomo', 'AMO', 'Museo Conte', 'Centro Fotografia']",Duomo,strategy_nearest,True,0.0026519298553466797,success
045EC74A9C4C80,0,['Arena'],Casa Giulietta,"['Centro Fotografia', 'Sighseeing', 'Torre Lamberti', 'Museo Conte', 'Museo Radio']",Torre Lamberti,strategy_nearest,True,0.0034151077270507812,success
045ECC429C4C80,1,"['Santa Anastasia', 'Torre Lamberti', 'Casa Giulietta', 'San Fermo']",Castelvecchio,"['Museo Lapidario', 'Verona Tour', 'Arena', 'Museo Radio', 'San Zeno']",Arena,strategy_nearest,True,0.0026788711547851562,success
045ED04A9C4C80,0,['Arena'],Castelvecchio,"['Museo Lapidario', 'Verona Tour', 'Museo Radio', 'San Zeno', 'Sighseeing']",San Zeno,strategy_nearest,True,0.0029990673065185547,success
045EC84A9C4C80,0,['Tomba Giulietta'],Arena,"['Verona Tour', 'Museo Lapidario', 'Museo Radio', 'San Fermo', 'Casa Giulietta']",Casa Giulietta,strategy_nearest,True,0.0034332275390625,success
045ECB4A9C4C80,0,['Arena'],Duomo,"['AMO', 'Museo Miniscalchi', 'Santa Anastasia', 'Teatro Romano', 'Palazzo della Ragione']",Teatro Romano,strategy_nearest,True,0.0021970272064208984,success
045EE93A9C4C80,1,['Arena'],Palazzo della Ragione,"['AMO', 'Museo Conte', 'Torre Lamberti', 'Centro Fotografia', 'Sighseeing']",Casa Giulietta,strategy_nearest,False,0.0027480125427246094,success
045EEA4A9C4C80,1,"['Arena', 'Casa Giulietta']",Torre Lamberti,"['Sighseeing', 'Centro Fotografia', 'Museo Conte', 'Palazzo della Ragione', 'AMO']",Palazzo della Ragione,strategy_nearest,True,0.0021162033081054688,success
045ED63A9C4C80,3,"['Arena', 'San Fermo']",Santa Anastasia,"['AMO', 'Museo Conte', 'Palazzo della Ragione', 'Teatro Romano', 'Centro Fotografia']",Duomo,strategy_nearest,False,0.0015909671783447266,success
045EED4A9C4C80,0,['Arena'],Casa Giulietta,"['Centro Fotografia', 'Sighseeing', 'Torre Lamberti', 'Museo Conte', 'Museo Radio']",Duomo,strategy_nearest,False,0.0031981468200683594,success
045EFE4A9C4C80,1,"['Palazzo della Ragione', 'Torre Lamberti']",Arena,"['Verona Tour', 'Museo Lapidario', 'Museo Radio', 'San Fermo', 'Casa Giulietta']",Castelvecchio,strategy_nearest,False,0.0020720958709716797,success
045F004A9C4C84,0,"['Museo Lapidario', 'Arena']",Casa Giulietta,"['Centro Fotografia', 'Sighseeing', 'Torre Lamberti', 'Museo Conte', 'Museo Radio']",Teatro Romano,strategy_nearest,False,0.0014090538024902344,success
045EEF429C4C80,2,"['Tomba Giulietta', 'Castelvecchio', 'Museo Lapidario']",Torre Lamberti,"['Sighseeing', 'Centro Fotografia', 'Museo Conte', 'Casa Giulietta', 'Palazzo della Ragione']",Palazzo della Ragione,strategy_nearest,True,0.002756834030151367,success
045EF04A9C4C80,1,"['Museo Lapidario', 'Arena', 'Casa Giulietta']",Palazzo della Ragione,"['AMO', 'Museo Conte', 'Torre Lamberti', 'Centro Fotografia', 'Sighseeing']",Torre Lamberti,strategy_nearest,True,0.003379344940185547,success
045F084A9C4C84,3,['Arena'],Torre Lamberti,"['Sighseeing', 'Centro Fotografia', 'Museo Conte', 'Casa Giulietta', 'Palazzo della Ragione']",Teatro Romano,strategy_nearest,False,0.00217437744140625,success
045F0D4A9C4C84,1,['Palazzo della Ragione'],Arena,"['Verona Tour', 'Museo Lapidario', 'Museo Radio', 'San Fermo', 'Casa Giulietta']",Santa Anastasia,strategy_nearest,False,0.0032629966735839844,success
045F0E429C4C84,0,"['Arena', 'Casa Giulietta']",Tomba Giulietta,"['San Fermo', 'Museo Storia', 'Museo Lapidario', 'Museo Radio', 'Verona Tour']",Castelvecchio,strategy_nearest,False,0.0019588470458984375,success
045F034A9C4C84,1,"['Arena', 'Torre Lamberti', 'Palazzo della Ragione']",Casa Giulietta,"['Centro Fotografia', 'Sighseeing', 'Museo Conte', 'Museo Radio', 'San Fermo']",Santa Anastasia,strategy_nearest,False,0.003981113433837891,success
045F14429C4C84,0,['Arena'],Museo Lapidario,"['Verona Tour', 'Castelvecchio', 'Museo Radio', 'San Fermo', 'Casa Giulietta']",Castelvecchio,strategy_nearest,True,0.002733945846557617,success
045F17429C4C84,1,"['Arena', 'Casa Giulietta']",Torre Lamberti,"['Sighseeing', 'Centro Fotografia', 'Museo Conte', 'Palazzo della Ragione', 'AMO']",Palazzo della Ragione,strategy_nearest,True,0.0032830238342285156,success
045F0E4A9C4C84,2,"['San Fermo', 'Museo Storia']",Torre Lamberti,"['Sighseeing', 'Centro Fotografia', 'Museo Conte', 'Casa Giulietta', 'Palazzo della Ragione']",Santa Anastasia,strategy_nearest,False,0.0021598339080810547,success
045F194A9C4C80,2,"['San Fermo', 'Torre Lamberti', 'Palazzo della Ragione']",Castelvecchio,"['Museo Lapidario', 'Verona Tour', 'Arena', 'Museo Radio', 'San Zeno']",Duomo,strategy_nearest,False,0.0013689994812011719,success
045F354A9C4C80,3,"['Arena', 'Torre Lamberti', 'Santa Anastasia', 'Casa Giulietta']",Castelvecchio,"['Museo Lapidario', 'Verona Tour', 'Museo Radio', 'San Zeno', 'Sighseeing']",San Zeno,strategy_nearest,True,0.0015208721160888672,success
045F2E3A9C4C80,0,['Arena'],San Zeno,"['Castelvecchio', 'Verona Tour', 'Museo Lapidario', 'Museo Miniscalchi', 'Sighseeing']",Castelvecchio,strategy_nearest,True,0.0021359920501708984,success
045F23429C4C80,1,"['Arena', 'Casa Giulietta', 'Torre Lamberti']",Palazzo della Ragione,"['AMO', 'Museo Conte', 'Centro Fotografia', 'Sighseeing', 'Santa Anastasia']",Santa Anastasia,strategy_nearest,True,0.002741098403930664,success
045F423A9C4C80,3,"['San Zeno', 'Castelvecchio', 'Casa Giulietta']",Arena,"['Verona Tour', 'Museo Lapidario', 'Museo Radio', 'San Fermo', 'Sighseeing']",Torre Lamberti,strategy_nearest,False,0.003134012222290039,success
045F784A9C4C80,3,"['Arena', 'Casa Giulietta']",Tomba Giulietta,"['San Fermo', 'Museo Storia', 'Museo Lapidario', 'Museo Radio', 'Verona Tour']",San Fermo,strategy_nearest,True,0.0014438629150390625,success
045F83429C4C80,1,"['Arena', 'Torre Lamberti', 'Palazzo della Ragione']",Casa Giulietta,"['Centro Fotografia', 'Sighseeing', 'Museo Conte', 'Museo Radio', 'San Fermo']",Duomo,strategy_nearest,False,0.002549886703491211,success
045F533A9C4C80,0,"['Castelvecchio', 'Arena']",Casa Giulietta,"['Centro Fotografia', 'Sighseeing', 'Torre Lamberti', 'Museo Conte', 'Museo Radio']",Museo Lapidario,strategy_nearest,False,0.0020940303802490234,success
045F76429C4C80,0,['Arena'],Casa Giulietta,"['Centro Fotografia', 'Sighseeing', 'Torre Lamberti', 'Museo Conte', 'Museo Radio']",Duomo,strategy_nearest,False,0.0032880306243896484,success
045F9C4A9C4C80,3,"['Tomba Giulietta', 'Arena', 'Museo Lapidario']",Castelvecchio,"['Verona Tour', 'Museo Radio', 'San Zeno', 'Sighseeing', 'Museo Miniscalchi']",Casa Giulietta,strategy_nearest,False,0.0021288394927978516,success
045F9E429C4C80,1,"['Casa Giulietta', 'Castelvecchio', 'Arena']",Santa Anastasia,"['AMO', 'Museo Conte', 'Palazzo della Ragione', 'Teatro Romano', 'Centro Fotografia']",Duomo,strategy_nearest,False,0.0014519691467285156,success
045F964A9C4C80,0,"['Arena', 'Casa Giulietta']",Torre Lamberti,"['Sighseeing', 'Centro Fotografia', 'Museo Conte', 'Palazzo della Ragione', 'AMO']",Castelvecchio,strategy_nearest,False,0.0033910274505615234,success
045F8E4A9C4C80,1,"['Arena', 'Casa Giulietta']",Torre Lamberti,"['Sighseeing', 'Centro Fotografia', 'Museo Conte', 'Palazzo della Ragione', 'AMO']",Palazzo della Ragione,strategy_nearest,True,0.0033779144287109375,success
045FA3429C4C80,1,"['Palazzo della Ragione', 'Torre Lamberti']",Castelvecchio,"['Museo Lapidario', 'Verona Tour', 'Arena', 'Museo Radio', 'San Zeno']",Duomo,strategy_nearest,False,0.001966238021850586,success
045FA14A9C4C80,1,"['Casa Giulietta', 'Arena']",Torre Lamberti,"['Sighseeing', 'Centro Fotografia', 'Museo Conte', 'Palazzo della Ragione', 'AMO']",Palazzo della Ragione,strategy_nearest,True,0.0021250247955322266,success
045FA1429C4C80,1,"['Arena', 'Casa Giulietta', 'Torre Lamberti']",Palazzo della Ragione,"['AMO', 'Museo Conte', 'Centro Fotografia', 'Sighseeing', 'Santa Anastasia']",Santa Anastasia,strategy_nearest,True,0.003916025161743164,success
045FA24A9C4C80,3,"['Arena', 'Tomba Giulietta', 'San Fermo']",Teatro Romano,"['Santa Anastasia', 'Duomo', 'AMO', 'Palazzo della Ragione', 'Museo Conte']",Duomo,strategy_nearest,True,0.002579212188720703,success
045FA34A9C4C80,0,['Arena'],Casa Giulietta,"['Centro Fotografia', 'Sighseeing', 'Torre Lamberti', 'Museo Conte', 'Museo Radio']",Torre Lamberti,strategy_nearest,True,0.0033118724822998047,success
045FAC4A9C4C80,1,"['Arena', 'Casa Giulietta']",Torre Lamberti,"['Sighseeing', 'Centro Fotografia', 'Museo Conte', 'Palazzo della Ragione', 'AMO']",Palazzo della Ragione,strategy_nearest,True,0.001416921615600586,success
045FAE429C4C80,0,['Castelvecchio'],Casa Giulietta,"['Centro Fotografia', 'Sighseeing', 'Torre Lamberti', 'Museo Conte', 'Museo Radio']",Arena,strategy_nearest,False,0.0019609928131103516,success
045FA84A9C4C80,3,['Torre Lamberti'],Santa Anastasia,"['AMO', 'Museo Conte', 'Palazzo della Ragione', 'Teatro Romano', 'Centro Fotografia']",Arena,strategy_nearest,False,0.0027017593383789062,success
045FBC3A9C4C80,3,"['Castelvecchio', 'Arena']",Casa Giulietta,"['Centro Fotografia', 'Sighseeing', 'Torre Lamberti', 'Museo Conte', 'Museo Radio']",Duomo,strategy_nearest,False,0.001338958740234375,success
045FB83A9C4C80,1,"['Arena', 'San Zeno']",Casa Giulietta,"['Centro Fotografia', 'Sighseeing', 'Torre Lamberti', 'Museo Conte', 'Museo Radio']",Torre Lamberti,strategy_nearest,True,0.0026280879974365234,success
045FB5429C4C80,0,['Arena'],Castelvecchio,"['Museo Lapidario', 'Verona Tour', 'Museo Radio', 'San Zeno', 'Sighseeing']",Casa Giulietta,strategy_nearest,False,0.002135038375854492,success
045FB74A9C4C80,3,"['Castelvecchio', 'Teatro Romano']",Arena,"['Verona Tour', 'Museo Lapidario', 'Museo Radio', 'San Fermo', 'Casa Giulietta']",Torre Lamberti,strategy_nearest,False,0.0033020973205566406,success
045FC0429C4C80,3,"['Arena', 'Castelvecchio', 'Museo Lapidario']",Tomba Giulietta,"['San Fermo', 'Museo Storia', 'Museo Radio', 'Verona Tour', 'Casa Giulietta']",Casa Giulietta,strategy_nearest,True,0.0012900829315185547,success
045FC94A9C4C80,0,"['Arena', 'Museo Lapidario']",Castelvecchio,"['Verona Tour', 'Museo Radio', 'San Zeno', 'Sighseeing', 'Museo Miniscalchi']",Casa Giulietta,strategy_nearest,False,0.003098011016845703,success
045FBC4A9C4C80,3,['Arena'],Torre Lamberti,"['Sighseeing', 'Centro Fotografia', 'Museo Conte', 'Casa Giulietta', 'Palazzo della Ragione']",Casa Giulietta,strategy_nearest,True,0.0028107166290283203,success
045FC03A9C4C80,3,"['Torre Lamberti', 'Duomo']",Teatro Romano,"['Santa Anastasia', 'AMO', 'Palazzo della Ragione', 'Museo Conte', 'Centro Fotografia']",Arena,strategy_nearest,False,0.0026998519897460938,success
045FD23A9C4C80,0,"['Arena', 'Tomba Giulietta']",Casa Giulietta,"['Centro Fotografia', 'Sighseeing', 'Torre Lamberti', 'Museo Conte', 'Museo Radio']",Torre Lamberti,strategy_nearest,True,0.002783060073852539,success
045FD63A9C4C80,0,['Arena'],Giardino Giusti,"['Santa Anastasia', 'Teatro Romano', 'Museo Conte', 'Centro Fotografia', 'Museo Storia']",Torre Lamberti,strategy_nearest,False,0.0015099048614501953,success
045FD2429C4C80,3,"['Teatro Romano', 'Duomo', 'Santa Anastasia']",Torre Lamberti,"['Sighseeing', 'Centro Fotografia', 'Museo Conte', 'Casa Giulietta', 'Palazzo della Ragione']",Casa Giulietta,strategy_nearest,True,0.002168893814086914,success
045FD43A9C4C80,0,['Arena'],Teatro Romano,"['Santa Anastasia', 'Duomo', 'AMO', 'Palazzo della Ragione', 'Museo Conte']",Tomba Giulietta,strategy_nearest,False,0.0034170150756835938,success
045FDC3A9C4C80,0,['Casa Giulietta'],Arena,"['Verona Tour', 'Museo Lapidario', 'Museo Radio', 'San Fermo', 'Sighseeing']",Torre Lamberti,strategy_nearest,False,0.0019237995147705078,success
045FD73A9C4C80,3,"['Arena', 'Torre Lamberti', 'Santa Anastasia']",Duomo,"['AMO', 'Museo Miniscalchi', 'Teatro Romano', 'Palazzo della Ragione', 'Museo Conte']",Casa Giulietta,strategy_nearest,False,0.0020651817321777344,success
045FD6429C4C80,4,"['Arena', 'Casa Giulietta', 'Teatro Romano']",Castelvecchio,"['Museo Lapidario', 'Verona Tour', 'Museo Radio', 'San Zeno', 'Sighseeing']",Tomba Giulietta,strategy_nearest,False,0.003428220748901367,success
045FDF429C4C80,1,"['Teatro Romano', 'Duomo', 'Santa Anastasia', 'Torre Lamberti']",Palazzo della Ragione,"['AMO', 'Museo Conte', 'Centro Fotografia', 'Sighseeing', 'Museo Miniscalchi']",Castelvecchio,strategy_nearest,False,0.003364086151123047,success
045FE73A9C4C80,0,['Arena'],Casa Giulietta,"['Centro Fotografia', 'Sighseeing', 'Torre Lamberti', 'Museo Conte', 'Museo Radio']",Santa Anastasia,strategy_nearest,False,0.001940011978149414,success
045FE3429C4C80,1,"['Arena', 'Casa Giulietta', 'Santa Anastasia']",Duomo,"['AMO', 'Museo Miniscalchi', 'Teatro Romano', 'Palazzo della Ragione', 'Museo Conte']",Torre Lamberti,strategy_nearest,False,0.0026509761810302734,success
045FE8429C4C80,3,"['Arena', 'Duomo', 'Santa Anastasia']",Torre Lamberti,"['Sighseeing', 'Centro Fotografia', 'Museo Conte', 'Casa Giulietta', 'Palazzo della Ragione']",San Zeno,strategy_nearest,False,0.0032362937927246094,success
045FFD4A9C4C80,1,['Arena'],Casa Giulietta,"['Centro Fotografia', 'Sighseeing', 'Torre Lamberti', 'Museo Conte', 'Museo Radio']",Torre Lamberti,strategy_nearest,True,0.0017390251159667969,success
045FEA4A9C4C80,3,['Arena'],Casa Giulietta,"['Centro Fotografia', 'Sighseeing', 'Torre Lamberti', 'Museo Conte', 'Museo Radio']",Santa Anastasia,strategy_nearest,False,0.003080129623413086,success
045FF14A9C4C80,0,['Arena'],Castelvecchio,"['Museo Lapidario', 'Verona Tour', 'Museo Radio', 'San Zeno', 'Sighseeing']",Casa Giulietta,strategy_nearest,False,0.0037810802459716797,success
046000429C4C84,2,['Torre Lamberti'],Teatro Romano,"['Santa Anastasia', 'Duomo', 'AMO', 'Palazzo della Ragione', 'Museo Conte']",San Zeno,strategy_nearest,False,0.002039194107055664,success
0460024A9C4C84,2,['Casa Giulietta'],Torre Lamberti,"['Sighseeing', 'Centro Fotografia', 'Museo Conte', 'Palazzo della Ragione', 'AMO']",Santa Anastasia,strategy_nearest,False,0.0032088756561279297,success
045FFE4A9C4C80,3,"['Arena', 'Torre Lamberti']",Santa Anastasia,"['AMO', 'Museo Conte', 'Palazzo della Ragione', 'Teatro Romano', 'Centro Fotografia']",Teatro Romano,strategy_nearest,True,0.0041217803955078125,success
046013429C4C84,3,"['Castelvecchio', 'Torre Lamberti', 'Casa Giulietta']",Santa Anastasia,"['AMO', 'Museo Conte', 'Palazzo della Ragione', 'Teatro Romano', 'Centro Fotografia']",Duomo,strategy_nearest,False,0.0031652450561523438,success
0460044A9C4C84,3,"['Arena', 'Casa Giulietta', 'Torre Lamberti']",Santa Anastasia,"['AMO', 'Museo Conte', 'Palazzo della Ragione', 'Teatro Romano', 'Centro Fotografia']",Duomo,strategy_nearest,False,0.0034248828887939453,success
04600F4A9C4C84,4,"['Arena', 'Tomba Giulietta', 'Museo Radio', 'Casa Giulietta', 'Torre Lamberti']",Palazzo della Ragione,"['AMO', 'Museo Conte', 'Centro Fotografia', 'Sighseeing', 'Santa Anastasia']",Santa Anastasia,strategy_nearest,True,0.0015218257904052734,success
04600E4A9C4C84,0,"['Torre Lamberti', 'Casa Giulietta']",San Fermo,"['Museo Storia', 'Museo Radio', 'Centro Fotografia', 'Arena', 'Sighseeing']",Castelvecchio,strategy_nearest,False,0.002218008041381836,success
046015429C4C84,0,['Castelvecchio'],Arena,"['Verona Tour', 'Museo Lapidario', 'Museo Radio', 'San Fermo', 'Casa Giulietta']",San Fermo,strategy_nearest,True,0.002777099609375,success
046019429C4C84,0,['Arena'],Castelvecchio,"['Museo Lapidario', 'Verona Tour', 'Museo Radio', 'San Zeno', 'Sighseeing']",Duomo,strategy_nearest,False,0.0015797615051269531,success
04601D3A9C4C80,3,"['San Zeno', 'Duomo', 'Santa Anastasia', 'San Fermo']",Museo Storia,"['Museo Radio', 'Casa Giulietta', 'Centro Fotografia', 'Tomba Giulietta', 'Arena']",Torre Lamberti,strategy_nearest,False,0.0033447742462158203,success
046016429C4C84,2,"['Museo Lapidario', 'Teatro Romano', 'Duomo']",Santa Anastasia,"['AMO', 'Museo Conte', 'Palazzo della Ragione', 'Centro Fotografia', 'Torre Lamberti']",Torre Lamberti,strategy_nearest,True,0.0021610260009765625,success
0460254A9C4C80,2,['Castelvecchio'],Casa Giulietta,"['Centro Fotografia', 'Sighseeing', 'Torre Lamberti', 'Museo Conte', 'Museo Radio']",San Fermo,strategy_nearest,False,0.0026178359985351562,success
04601E4A9C4C80,2,['Santa Anastasia'],Duomo,"['AMO', 'Museo Miniscalchi', 'Teatro Romano', 'Palazzo della Ragione', 'Museo Conte']",Castelvecchio,strategy_nearest,False,0.0026950836181640625,success
046023429C4C84,1,"['San Fermo', 'Casa Giulietta', 'Arena', 'Teatro Romano']",Torre Lamberti,"['Sighseeing', 'Centro Fotografia', 'Museo Conte', 'Palazzo della Ragione', 'AMO']",Palazzo della Ragione,strategy_nearest,True,0.003293275833129883,success
04602D429C4C80,0,"['Castelvecchio', 'Torre Lamberti']",Arena,"['Verona Tour', 'Museo Lapidario', 'Museo Radio', 'San Fermo', 'Casa Giulietta']",Casa Giulietta,strategy_nearest,True,0.0014178752899169922,success
0460343A9C4C80,3,"['Arena', 'Torre Lamberti', 'Casa Giulietta']",Castelvecchio,"['Museo Lapidario', 'Verona Tour', 'Museo Radio', 'San Zeno', 'Sighseeing']",Museo Lapidario,strategy_nearest,True,0.002780914306640625,success
0460533A9C4C80,0,"['Duomo', 'Teatro Romano']",Arena,"['Verona Tour', 'Museo Lapidario', 'Museo Radio', 'San Fermo', 'Casa Giulietta']",Castelvecchio,strategy_nearest,False,0.0013689994812011719,success
0460344A9C4C80,1,"['Arena', 'Museo Lapidario', 'Castelvecchio']",Torre Lamberti,"['Sighseeing', 'Centro Fotografia', 'Museo Conte', 'Casa Giulietta', 'Palazzo della Ragione']",Palazzo della Ragione,strategy_nearest,True,0.0027768611907958984,success
0460453A9C4C80,1,"['Tomba Giulietta', 'San Fermo', 'Casa Giulietta', 'Castelvecchio']",Torre Lamberti,"['Sighseeing', 'Centro Fotografia', 'Museo Conte', 'Palazzo della Ragione', 'AMO']",Palazzo della Ragione,strategy_nearest,True,0.003386259078979492,success
046079429C4C80,0,['Tomba Giulietta'],Casa Giulietta,"['Centro Fotografia', 'Sighseeing', 'Torre Lamberti', 'Museo Conte', 'Museo Radio']",Torre Lamberti,strategy_nearest,True,0.0027081966400146484,success
04607B429C4C80,1,"['Tomba Giulietta', 'Arena', 'Torre Lamberti', 'Palazzo della Ragione']",Santa Anastasia,"['AMO', 'Museo Conte', 'Teatro Romano', 'Centro Fotografia', 'Duomo']",Duomo,strategy_nearest,True,0.001377105712890625,success
04606F3A9C4C80,0,['Castelvecchio'],San Zeno,"['Verona Tour', 'Museo Lapidario', 'Arena', 'Museo Miniscalchi', 'Sighseeing']",Arena,strategy_nearest,True,0.003939151763916016,success
04607D3A9C4C80,0,['Teatro Romano'],Duomo,"['AMO', 'Museo Miniscalchi', 'Santa Anastasia', 'Palazzo della Ragione', 'Museo Conte']",Arena,strategy_nearest,False,0.0033521652221679688,success
04608A4A9C4C80,1,"['Arena', 'Casa Giulietta']",Torre Lamberti,"['Sighseeing', 'Centro Fotografia', 'Museo Conte', 'Palazzo della Ragione', 'AMO']",Palazzo della Ragione,strategy_nearest,True,0.0025370121002197266,success
04607F3A9C4C80,3,"['Santa Anastasia', 'San Fermo', 'Teatro Romano']",Casa Giulietta,"['Centro Fotografia', 'Sighseeing', 'Torre Lamberti', 'Museo Conte', 'Museo Radio']",Arena,strategy_nearest,False,0.0026187896728515625,success
0460964A9C4C80,3,['Casa Giulietta'],Santa Anastasia,"['AMO', 'Museo Conte', 'Palazzo della Ragione', 'Teatro Romano', 'Centro Fotografia']",Duomo,strategy_nearest,False,0.0032579898834228516,success
0460883A9C4C80,3,"['Arena', 'Casa Giulietta']",Torre Lamberti,"['Sighseeing', 'Centro Fotografia', 'Museo Conte', 'Palazzo della Ragione', 'AMO']",Santa Anastasia,strategy_nearest,False,0.00334930419921875,success
04609D4A9C4C80,0,['Arena'],Casa Giulietta,"['Centro Fotografia', 'Sighseeing', 'Torre Lamberti', 'Museo Conte', 'Museo Radio']",Torre Lamberti,strategy_nearest,True,0.0033600330352783203,success
0460A14A9C4C80,0,['Casa Giulietta'],Torre Lamberti,"['Sighseeing', 'Centro Fotografia', 'Museo Conte', 'Palazzo della Ragione', 'AMO']",Teatro Romano,strategy_nearest,False,0.0018801689147949219,success
04609F4A9C4C80,0,['Arena'],Casa Giulietta,"['Centro Fotografia', 'Sighseeing', 'Torre Lamberti', 'Museo Conte', 'Museo Radio']",Torre Lamberti,strategy_nearest,True,0.002012968063354492,success
0460AC3A9C4C80,0,['Arena'],Castelvecchio,"['Museo Lapidario', 'Verona Tour', 'Museo Radio', 'San Zeno', 'Sighseeing']",Casa Giulietta,strategy_nearest,False,0.0032129287719726562,success
0460B44A9C4C80,3,"['Castelvecchio', 'Arena']",Casa Giulietta,"['Centro Fotografia', 'Sighseeing', 'Torre Lamberti', 'Museo Conte', 'Museo Radio']",Santa Anastasia,strategy_nearest,False,0.0014510154724121094,success
0460B14A9C4C80,1,"['Arena', 'Castelvecchio', 'Torre Lamberti']",Palazzo della Ragione,"['AMO', 'Museo Conte', 'Centro Fotografia', 'Sighseeing', 'Santa Anastasia']",Casa Giulietta,strategy_nearest,False,0.0033850669860839844,success
0460B24A9C4C80,1,['Arena'],Palazzo della Ragione,"['AMO', 'Museo Conte', 'Torre Lamberti', 'Centro Fotografia', 'Sighseeing']",Casa Giulietta,strategy_nearest,False,0.0027790069580078125,success
0460BA429C4C80,0,['Arena'],Torre Lamberti,"['Sighseeing', 'Centro Fotografia', 'Museo Conte', 'Casa Giulietta', 'Palazzo della Ragione']",Casa Giulietta,strategy_nearest,True,0.00341796875,success
0460C3429C4C80,0,['Castelvecchio'],Arena,"['Verona Tour', 'Museo Lapidario', 'Museo Radio', 'San Fermo', 'Casa Giulietta']",Torre Lamberti,strategy_nearest,False,0.001728057861328125,success
0460C44A9C4C80,0,['Arena'],Casa Giulietta,"['Centro Fotografia', 'Sighseeing', 'Torre Lamberti', 'Museo Conte', 'Museo Radio']",Castelvecchio,strategy_nearest,False,0.002579927444458008,success
0460D23A9C4C80,2,['Casa Giulietta'],Santa Anastasia,"['AMO', 'Museo Conte', 'Palazzo della Ragione', 'Teatro Romano', 'Centro Fotografia']",Duomo,strategy_nearest,False,0.002599000930786133,success
0460D03A9C4C80,1,"['Palazzo della Ragione', 'Santa Anastasia']",Duomo,"['AMO', 'Museo Miniscalchi', 'Teatro Romano', 'Museo Conte', 'Torre Lamberti']",Teatro Romano,strategy_nearest,True,0.004102230072021484,success
0460E03A9C4C80,1,['Casa Giulietta'],Arena,"['Verona Tour', 'Museo Lapidario', 'Museo Radio', 'San Fermo', 'Sighseeing']",Palazzo della Ragione,strategy_nearest,False,0.0023529529571533203,success
0460DB429C4C80,3,"['Arena', 'Castelvecchio']",Duomo,"['AMO', 'Museo Miniscalchi', 'Santa Anastasia', 'Teatro Romano', 'Palazzo della Ragione']",Santa Anastasia,strategy_nearest,True,0.0030078887939453125,success
0460E5429C4C80,3,['Teatro Romano'],Santa Anastasia,"['AMO', 'Museo Conte', 'Palazzo della Ragione', 'Centro Fotografia', 'Duomo']",Casa Giulietta,strategy_nearest,False,0.0029921531677246094,success
0460E8429C4C80,3,"['Casa Giulietta', 'Arena', 'Museo Lapidario']",Castelvecchio,"['Verona Tour', 'Museo Radio', 'San Zeno', 'Sighseeing', 'Museo Miniscalchi']",San Zeno,strategy_nearest,True,0.002429962158203125,success
0460E94A9C4C80,3,"['Arena', 'Torre Lamberti']",Casa Giulietta,"['Centro Fotografia', 'Sighseeing', 'Museo Conte', 'Museo Radio', 'Palazzo della Ragione']",Castelvecchio,strategy_nearest,False,0.0028717517852783203,success
0460EF4A9C4C80,0,['Arena'],Castelvecchio,"['Museo Lapidario', 'Verona Tour', 'Museo Radio', 'San Zeno', 'Sighseeing']",San Zeno,strategy_nearest,True,0.004040956497192383,success
0460F34A9C4C80,2,['Torre Lamberti'],Casa Giulietta,"['Centro Fotografia', 'Sighseeing', 'Museo Conte', 'Museo Radio', 'Palazzo della Ragione']",Santa Anastasia,strategy_nearest,False,0.002639293670654297,success
0460F14A9C4C80,0,['Arena'],Casa Giulietta,"['Centro Fotografia', 'Sighseeing', 'Torre Lamberti', 'Museo Conte', 'Museo Radio']",Castelvecchio,strategy_nearest,False,0.0027239322662353516,success
0460F64A9C4C80,1,['Arena'],Torre Lamberti,"['Sighseeing', 'Centro Fotografia', 'Museo Conte', 'Casa Giulietta', 'Palazzo della Ragione']",Palazzo della Ragione,strategy_nearest,True,0.0031287670135498047,success
0460F94A9C4C80,3,"['Arena', 'Teatro Romano']",Duomo,"['AMO', 'Museo Miniscalchi', 'Santa Anastasia', 'Palazzo della Ragione', 'Museo Conte']",Casa Giulietta,strategy_nearest,False,0.002679109573364258,success
0460FB4A9C4C80,0,"['Arena', 'Torre Lamberti']",Casa Giulietta,"['Centro Fotografia', 'Sighseeing', 'Museo Conte', 'Museo Radio', 'Palazzo della Ragione']",San Fermo,strategy_nearest,False,0.0020351409912109375,success
0460FC429C4C80,3,"['Arena', 'Casa Giulietta', 'Castelvecchio', 'Santa Anastasia']",Teatro Romano,"['Duomo', 'AMO', 'Palazzo della Ragione', 'Museo Conte', 'Centro Fotografia']",San Zeno,strategy_nearest,False,0.00335693359375,success
0460FC4A9C4C80,0,['Arena'],Casa Giulietta,"['Centro Fotografia', 'Sighseeing', 'Torre Lamberti', 'Museo Conte', 'Museo Radio']",Castelvecchio,strategy_nearest,False,0.0019147396087646484,success
0460FE4A9C4C80,3,"['Arena', 'Castelvecchio']",Casa Giulietta,"['Centro Fotografia', 'Sighseeing', 'Torre Lamberti', 'Museo Conte', 'Museo Radio']",Santa Anastasia,strategy_nearest,False,0.003324747085571289,success
0461074A9C4C84,1,['Arena'],Casa Giulietta,"['Centro Fotografia', 'Sighseeing', 'Torre Lamberti', 'Museo Conte', 'Museo Radio']",Palazzo della Ragione,strategy_nearest,False,0.003361940383911133,success
0461014A9C4C84,1,"['Arena', 'Tomba Giulietta', 'San Fermo', 'Casa Giulietta']",Torre Lamberti,"['Sighseeing', 'Centro Fotografia', 'Museo Conte', 'Palazzo della Ragione', 'AMO']",Palazzo della Ragione,strategy_nearest,True,0.0020749568939208984,success
04610A4A9C4C84,0,['Arena'],Torre Lamberti,"['Sighseeing', 'Centro Fotografia', 'Museo Conte', 'Casa Giulietta', 'Palazzo della Ragione']",Casa Giulietta,strategy_nearest,True,0.0023620128631591797,success
0461093A9C4C84,0,"['Museo Lapidario', 'Arena']",Casa Giulietta,"['Centro Fotografia', 'Sighseeing', 'Torre Lamberti', 'Museo Conte', 'Museo Radio']",Torre Lamberti,strategy_nearest,True,0.0017981529235839844,success
0461184A9C4C80,1,"['Casa Giulietta', 'Teatro Romano', 'Palazzo della Ragione']",Torre Lamberti,"['Sighseeing', 'Centro Fotografia', 'Museo Conte', 'AMO', 'Museo Miniscalchi']",Arena,strategy_nearest,False,0.0019757747650146484,success
04610F429C4C84,3,['Arena'],Casa Giulietta,"['Centro Fotografia', 'Sighseeing', 'Torre Lamberti', 'Museo Conte', 'Museo Radio']",Santa Anastasia,strategy_nearest,False,0.004860877990722656,success
046118429C4C80,3,['Casa Giulietta'],Duomo,"['AMO', 'Museo Miniscalchi', 'Santa Anastasia', 'Teatro Romano', 'Palazzo della Ragione']",Santa Anastasia,strategy_nearest,True,0.0014257431030273438,success
046111429C4C84,0,"['Arena', 'Casa Giulietta']",Castelvecchio,"['Museo Lapidario', 'Verona Tour', 'Museo Radio', 'San Zeno', 'Sighseeing']",Torre Lamberti,strategy_nearest,False,0.003943920135498047,success
0461333A9C4C80,3,"['Castelvecchio', 'Arena']",Casa Giulietta,"['Centro Fotografia', 'Sighseeing', 'Torre Lamberti', 'Museo Conte', 'Museo Radio']",Torre Lamberti,strategy_nearest,True,0.0032720565795898438,success
04611A3A9C4C84,0,['Museo Lapidario'],Arena,"['Verona Tour', 'Museo Radio', 'San Fermo', 'Casa Giulietta', 'Sighseeing']",Casa Giulietta,strategy_nearest,True,0.0015192031860351562,success
0461414A9C4C80,0,['Arena'],Torre Lamberti,"['Sighseeing', 'Centro Fotografia', 'Museo Conte', 'Casa Giulietta', 'Palazzo della Ragione']",Casa Giulietta,strategy_nearest,True,0.0020210742950439453,success
046133429C4C80,0,"['Arena', 'Casa Giulietta']",Museo Storia,"['San Fermo', 'Museo Radio', 'Centro Fotografia', 'Tomba Giulietta', 'Torre Lamberti']",Torre Lamberti,strategy_nearest,True,0.002669811248779297,success
0461433A9C4C80,2,"['Castelvecchio', 'Casa Giulietta']",Tomba Giulietta,"['San Fermo', 'Museo Storia', 'Arena', 'Museo Lapidario', 'Museo Radio']",Teatro Romano,strategy_nearest,False,0.0016350746154785156,success
0461453A9C4C80,3,"['Castelvecchio', 'Teatro Romano']",Duomo,"['AMO', 'Museo Miniscalchi', 'Santa Anastasia', 'Palazzo della Ragione', 'Museo Conte']",Casa Giulietta,strategy_nearest,False,0.0034220218658447266,success
04614A429C4C80,1,"['San Fermo', 'Casa Giulietta']",Palazzo della Ragione,"['AMO', 'Museo Conte', 'Torre Lamberti', 'Centro Fotografia', 'Sighseeing']",Arena,strategy_nearest,False,0.002747058868408203,success
046146429C4C80,2,['Museo Lapidario'],Castelvecchio,"['Verona Tour', 'Arena', 'Museo Radio', 'San Zeno', 'Sighseeing']",Casa Giulietta,strategy_nearest,False,0.0021860599517822266,success
04614D3A9C4C80,1,['Arena'],Casa Giulietta,"['Centro Fotografia', 'Sighseeing', 'Torre Lamberti', 'Museo Conte', 'Museo Radio']",Palazzo della Ragione,strategy_nearest,False,0.002189159393310547,success
04614B3A9C4C80,1,"['Castelvecchio', 'Arena', 'Casa Giulietta']",Palazzo della Ragione,"['AMO', 'Museo Conte', 'Torre Lamberti', 'Centro Fotografia', 'Sighseeing']",Torre Lamberti,strategy_nearest,True,0.0022258758544921875,success
0461524A9C4C80,3,"['Arena', 'Casa Giulietta']",San Zeno,"['Castelvecchio', 'Verona Tour', 'Museo Lapidario', 'Museo Miniscalchi', 'Sighseeing']",Castelvecchio,strategy_nearest,True,0.0026798248291015625,success
0461543A9C4C80,3,"['Casa Giulietta', 'Teatro Romano']",Duomo,"['AMO', 'Museo Miniscalchi', 'Santa Anastasia', 'Palazzo della Ragione', 'Museo Conte']",Torre Lamberti,strategy_nearest,False,0.003245115280151367,success
0461764A9C4C80,2,['Torre Lamberti'],Casa Giulietta,"['Centro Fotografia', 'Sighseeing', 'Museo Conte', 'Museo Radio', 'Palazzo della Ragione']",San Fermo,strategy_nearest,False,0.0027022361755371094,success
0461684A9C4C80,0,['Casa Giulietta'],Torre Lamberti,"['Sighseeing', 'Centro Fotografia', 'Museo Conte', 'Palazzo della Ragione', 'AMO']",Arena,strategy_nearest,False,0.002836942672729492,success
04616E3A9C4C80,1,"['Arena', 'Castelvecchio']",Casa Giulietta,"['Centro Fotografia', 'Sighseeing', 'Torre Lamberti', 'Museo Conte', 'Museo Radio']",Torre Lamberti,strategy_nearest,True,0.0033578872680664062,success
04616B3A9C4C80,1,"['Castelvecchio', 'Casa Giulietta']",Torre Lamberti,"['Sighseeing', 'Centro Fotografia', 'Museo Conte', 'Palazzo della Ragione', 'AMO']",Palazzo della Ragione,strategy_nearest,True,0.002215147018432617,success
0461833A9C4C80,3,['Castelvecchio'],Arena,"['Verona Tour', 'Museo Lapidario', 'Museo Radio', 'San Fermo', 'Casa Giulietta']",Santa Anastasia,strategy_nearest,False,0.0025610923767089844,success
0461823A9C4C80,0,"['Arena', 'Casa Giulietta']",Castelvecchio,"['Museo Lapidario', 'Verona Tour', 'Museo Radio', 'San Zeno', 'Sighseeing']",Teatro Romano,strategy_nearest,False,0.0021169185638427734,success
04617D3A9C4C80,2,['Castelvecchio'],Torre Lamberti,"['Sighseeing', 'Centro Fotografia', 'Museo Conte', 'Casa Giulietta', 'Palazzo della Ragione']",Palazzo della Ragione,strategy_nearest,True,0.0015571117401123047,success
04617A4A9C4C80,2,"['Casa Giulietta', 'Torre Lamberti']",Santa Anastasia,"['AMO', 'Museo Conte', 'Palazzo della Ragione', 'Teatro Romano', 'Centro Fotografia']",Teatro Romano,strategy_nearest,True,0.0034067630767822266,success
04619D4A9C4C80,1,"['Arena', 'Torre Lamberti']",Palazzo della Ragione,"['AMO', 'Museo Conte', 'Centro Fotografia', 'Sighseeing', 'Santa Anastasia']",Santa Anastasia,strategy_nearest,True,0.0014660358428955078,success
0461984A9C4C80,2,['Casa Giulietta'],Castelvecchio,"['Museo Lapidario', 'Verona Tour', 'Arena', 'Museo Radio', 'San Zeno']",Tomba Giulietta,strategy_nearest,False,0.0028378963470458984,success
046199429C4C80,0,"['Casa Giulietta', 'Torre Lamberti']",Arena,"['Verona Tour', 'Museo Lapidario', 'Museo Radio', 'San Fermo', 'Sighseeing']",Tomba Giulietta,strategy_nearest,False,0.0028107166290283203,success
0461894A9C4C80,0,"['Arena', 'Museo Lapidario']",Castelvecchio,"['Verona Tour', 'Museo Radio', 'San Zeno', 'Sighseeing', 'Museo Miniscalchi']",Casa Giulietta,strategy_nearest,False,0.0041179656982421875,success
0461AC4A9C4C80,1,"['Arena', 'Torre Lamberti']",Palazzo della Ragione,"['AMO', 'Museo Conte', 'Centro Fotografia', 'Sighseeing', 'Santa Anastasia']",Teatro Romano,strategy_nearest,False,0.002618074417114258,success
0461AD4A9C4C80,0,['Arena'],Casa Giulietta,"['Centro Fotografia', 'Sighseeing', 'Torre Lamberti', 'Museo Conte', 'Museo Radio']",Torre Lamberti,strategy_nearest,True,0.0031921863555908203,success
0461A34A9C4C80,0,"['Arena', 'Casa Giulietta']",Torre Lamberti,"['Sighseeing', 'Centro Fotografia', 'Museo Conte', 'Palazzo della Ragione', 'AMO']",Castelvecchio,strategy_nearest,False,0.0033228397369384766,success
0461B44A9C4C80,0,['Arena'],Torre Lamberti,"['Sighseeing', 'Centro Fotografia', 'Museo Conte', 'Casa Giulietta', 'Palazzo della Ragione']",Casa Giulietta,strategy_nearest,True,0.00140380859375,success
0461B54A9C4C80,1,['Arena'],Torre Lamberti,"['Sighseeing', 'Centro Fotografia', 'Museo Conte', 'Casa Giulietta', 'Palazzo della Ragione']",Palazzo della Ragione,strategy_nearest,True,0.0013937950134277344,success
0461CF429C4C80,3,"['San Zeno', 'Duomo', 'Santa Anastasia', 'San Fermo', 'Arena']",Castelvecchio,"['Museo Lapidario', 'Verona Tour', 'Museo Radio', 'Sighseeing', 'Museo Miniscalchi']",Casa Giulietta,strategy_nearest,False,0.002664327621459961,success
0461C04A9C4C80,1,"['Arena', 'Museo Lapidario']",Casa Giulietta,"['Centro Fotografia', 'Sighseeing', 'Torre Lamberti', 'Museo Conte', 'Museo Radio']",Torre Lamberti,strategy_nearest,True,0.0019598007202148438,success
0461CF4A9C4C80,3,"['Castelvecchio', 'Arena', 'Casa Giulietta']",Teatro Romano,"['Santa Anastasia', 'Duomo', 'AMO', 'Palazzo della Ragione', 'Museo Conte']",Duomo,strategy_nearest,True,0.0032067298889160156,success
0461D4429C4C80,3,"['Arena', 'Casa Giulietta', 'Giardino Giusti']",Castelvecchio,"['Museo Lapidario', 'Verona Tour', 'Museo Radio', 'San Zeno', 'Sighseeing']",Torre Lamberti,strategy_nearest,False,0.0020160675048828125,success
0461D3429C4C80,1,"['Teatro Romano', 'Santa Anastasia', 'Palazzo della Ragione', 'Torre Lamberti']",Casa Giulietta,"['Centro Fotografia', 'Sighseeing', 'Museo Conte', 'Museo Radio', 'San Fermo']",San Zeno,strategy_nearest,False,0.0039010047912597656,success
0461DA3A9C4C80,0,['Arena'],Castelvecchio,"['Museo Lapidario', 'Verona Tour', 'Museo Radio', 'San Zeno', 'Sighseeing']",Casa Giulietta,strategy_nearest,False,0.0025839805603027344,success
0461D03A9C4C80,3,"['Arena', 'Museo Lapidario', 'Castelvecchio']",San Zeno,"['Verona Tour', 'Museo Miniscalchi', 'Sighseeing', 'Museo Radio', 'Torre Lamberti']",Duomo,strategy_nearest,False,0.002161741256713867,success
0461DC3A9C4C80,1,"['Arena', 'Casa Giulietta', 'Torre Lamberti']",Palazzo della Ragione,"['AMO', 'Museo Conte', 'Centro Fotografia', 'Sighseeing', 'Santa Anastasia']",Santa Anastasia,strategy_nearest,True,0.00273895263671875,success
0461DD429C4C80,1,"['Arena', 'Casa Giulietta']",Teatro Romano,"['Santa Anastasia', 'Duomo', 'AMO', 'Palazzo della Ragione', 'Museo Conte']",Santa Anastasia,strategy_nearest,True,0.0019888877868652344,success
0461E5429C4C80,3,"['Teatro Romano', 'Teatro Romano']",Castelvecchio,"['Museo Lapidario', 'Verona Tour', 'Arena', 'Museo Radio', 'San Zeno']",San Zeno,strategy_nearest,True,0.001374959945678711,success
0461E7429C4C80,0,['Arena'],Casa Giulietta,"['Centro Fotografia', 'Sighseeing', 'Torre Lamberti', 'Museo Conte', 'Museo Radio']",Tomba Giulietta,strategy_nearest,False,0.0034339427947998047,success
0461F64A9C4C80,1,"['Casa Giulietta', 'Palazzo della Ragione']",Castelvecchio,"['Museo Lapidario', 'Verona Tour', 'Arena', 'Museo Radio', 'San Zeno']",Arena,strategy_nearest,True,0.0023012161254882812,success
0461F6429C4C80,0,['Arena'],Casa Giulietta,"['Centro Fotografia', 'Sighseeing', 'Torre Lamberti', 'Museo Conte', 'Museo Radio']",Palazzo della Ragione,strategy_nearest,False,0.0029299259185791016,success
0461FC4A9C4C80,0,['Arena'],Casa Giulietta,"['Centro Fotografia', 'Sighseeing', 'Torre Lamberti', 'Museo Conte', 'Museo Radio']",Duomo,strategy_nearest,False,0.0025773048400878906,success
0461FC429C4C80,1,"['Arena', 'Torre Lamberti', 'Palazzo della Ragione', 'Santa Anastasia']",Duomo,"['AMO', 'Museo Miniscalchi', 'Teatro Romano', 'Museo Conte', 'Centro Fotografia']",Teatro Romano,strategy_nearest,True,0.004032135009765625,success
0462054A9C4C84,3,"['Arena', 'Casa Giulietta']",Torre Lamberti,"['Sighseeing', 'Centro Fotografia', 'Museo Conte', 'Palazzo della Ragione', 'AMO']",Santa Anastasia,strategy_nearest,False,0.00150299072265625,success
04620D429C4C84,3,"['Arena', 'Castelvecchio']",Santa Anastasia,"['AMO', 'Museo Conte', 'Palazzo della Ragione', 'Teatro Romano', 'Centro Fotografia']",Casa Giulietta,strategy_nearest,False,0.0032472610473632812,success
0462014A9C4C84,3,"['Teatro Romano', 'Santa Anastasia']",Casa Giulietta,"['Centro Fotografia', 'Sighseeing', 'Torre Lamberti', 'Museo Conte', 'Museo Radio']",Torre Lamberti,strategy_nearest,True,0.002833843231201172,success
0461FE4A9C4C80,3,"['Castelvecchio', 'Arena']",Santa Anastasia,"['AMO', 'Museo Conte', 'Palazzo della Ragione', 'Teatro Romano', 'Centro Fotografia']",Duomo,strategy_nearest,False,0.002146005630493164,success
0462144A9C4C80,3,"['Castelvecchio', 'Arena', 'Casa Giulietta']",Torre Lamberti,"['Sighseeing', 'Centro Fotografia', 'Museo Conte', 'Palazzo della Ragione', 'AMO']",Giardino Giusti,strategy_nearest,False,0.002096891403198242,success
046213429C4C84,0,['Arena'],Casa Giulietta,"['Centro Fotografia', 'Sighseeing', 'Torre Lamberti', 'Museo Conte', 'Museo Radio']",Torre Lamberti,strategy_nearest,True,0.0028579235076904297,success
0462194A9C4C80,4,"['Castelvecchio', 'Arena', 'Museo Lapidario', 'Museo Radio', 'Tomba Giulietta', 'Teatro Romano']",Giardino Giusti,"['Santa Anastasia', 'Museo Conte', 'Centro Fotografia', 'Museo Storia', 'AMO']",Casa Giulietta,strategy_nearest,False,0.0033631324768066406,success
04621E3A9C4C84,0,['Castelvecchio'],Arena,"['Verona Tour', 'Museo Lapidario', 'Museo Radio', 'San Fermo', 'Casa Giulietta']",Duomo,strategy_nearest,False,0.0025000572204589844,success
046221429C4C80,1,"['Arena', 'Museo Lapidario', 'Castelvecchio']",Santa Anastasia,"['AMO', 'Museo Conte', 'Palazzo della Ragione', 'Teatro Romano', 'Centro Fotografia']",Torre Lamberti,strategy_nearest,False,0.0031957626342773438,success
04622D429C4C80,2,['Duomo'],Torre Lamberti,"['Sighseeing', 'Centro Fotografia', 'Museo Conte', 'Casa Giulietta', 'Palazzo della Ragione']",Palazzo della Ragione,strategy_nearest,True,0.0031130313873291016,success
046224429C4C84,0,['Casa Giulietta'],Arena,"['Verona Tour', 'Museo Lapidario', 'Museo Radio', 'San Fermo', 'Sighseeing']",Tomba Giulietta,strategy_nearest,False,0.0026378631591796875,success
04621E4A9C4C80,1,"['Arena', 'Palazzo della Ragione', 'Torre Lamberti', 'San Fermo']",Casa Giulietta,"['Centro Fotografia', 'Sighseeing', 'Museo Conte', 'Museo Radio', 'AMO']",Castelvecchio,strategy_nearest,False,0.0026488304138183594,success
04623E429C4C80,0,['Arena'],Santa Anastasia,"['AMO', 'Museo Conte', 'Palazzo della Ragione', 'Teatro Romano', 'Centro Fotografia']",Castelvecchio,strategy_nearest,False,0.003348827362060547,success
0462404A9C4C80,1,"['Arena', 'Casa Giulietta']",Torre Lamberti,"['Sighseeing', 'Centro Fotografia', 'Museo Conte', 'Palazzo della Ragione', 'AMO']",Palazzo della Ragione,strategy_nearest,True,0.0021469593048095703,success
04623A3A9C4C80,0,"['Torre Lamberti', 'Casa Giulietta']",Arena,"['Verona Tour', 'Museo Lapidario', 'Museo Radio', 'San Fermo', 'Sighseeing']",Teatro Romano,strategy_nearest,False,0.0027828216552734375,success
046245429C4C80,3,"['Museo Storia', 'San Fermo']",Santa Anastasia,"['AMO', 'Museo Conte', 'Palazzo della Ragione', 'Teatro Romano', 'Centro Fotografia']",Arena,strategy_nearest,False,0.001374959945678711,success
0462744A9C4C80,3,"['Torre Lamberti', 'Santa Anastasia', 'Duomo']",Casa Giulietta,"['Centro Fotografia', 'Sighseeing', 'Museo Conte', 'Museo Radio', 'Palazzo della Ragione']",Arena,strategy_nearest,False,0.001589059829711914,success
04626C3A9C4C80,3,"['Castelvecchio', 'Santa Anastasia', 'Casa Giulietta', 'Museo Storia', 'Giardino Giusti']",Teatro Romano,"['Duomo', 'AMO', 'Palazzo della Ragione', 'Museo Conte', 'Centro Fotografia']",Tomba Giulietta,strategy_nearest,False,0.003359079360961914,success
046247429C4C80,1,['Arena'],Casa Giulietta,"['Centro Fotografia', 'Sighseeing', 'Torre Lamberti', 'Museo Conte', 'Museo Radio']",Torre Lamberti,strategy_nearest,True,0.002273082733154297,success
0462693A9C4C80,1,"['Castelvecchio', 'Casa Giulietta', 'Arena', 'Palazzo della Ragione']",Museo Lapidario,"['Verona Tour', 'Museo Radio', 'San Fermo', 'Tomba Giulietta', 'Sighseeing']",San Fermo,strategy_nearest,True,0.0028412342071533203,success
04627D429C4C80,1,"['San Fermo', 'Casa Giulietta', 'Palazzo della Ragione']",Torre Lamberti,"['Sighseeing', 'Centro Fotografia', 'Museo Conte', 'AMO', 'Museo Miniscalchi']",Arena,strategy_nearest,False,0.0014162063598632812,success
046275429C4C80,0,['Arena'],Castelvecchio,"['Museo Lapidario', 'Verona Tour', 'Museo Radio', 'San Zeno', 'Sighseeing']",Casa Giulietta,strategy_nearest,False,0.0020439624786376953,success
046293429C4C80,3,"['Arena', 'Santa Anastasia']",Casa Giulietta,"['Centro Fotografia', 'Sighseeing', 'Torre Lamberti', 'Museo Conte', 'Museo Radio']",San Fermo,strategy_nearest,False,0.002782106399536133,success
04629D4A9C4C80,3,"['Arena', 'Torre Lamberti']",Santa Anastasia,"['AMO', 'Museo Conte', 'Palazzo della Ragione', 'Teatro Romano', 'Centro Fotografia']",San Zeno,strategy_nearest,False,0.0033769607543945312,success
0462AC4A9C4C80,1,"['Arena', 'Casa Giulietta', 'Torre Lamberti']",Palazzo della Ragione,"['AMO', 'Museo Conte', 'Centro Fotografia', 'Sighseeing', 'Santa Anastasia']",Santa Anastasia,strategy_nearest,True,0.002399921417236328,success
0462A74A9C4C80,1,"['Casa Giulietta', 'Torre Lamberti']",Palazzo della Ragione,"['AMO', 'Museo Conte', 'Centro Fotografia', 'Sighseeing', 'Santa Anastasia']",Arena,strategy_nearest,False,0.0026199817657470703,success
0462AD4A9C4C80,1,['Palazzo della Ragione'],Arena,"['Verona Tour', 'Museo Lapidario', 'Museo Radio', 'San Fermo', 'Casa Giulietta']",Santa Anastasia,strategy_nearest,False,0.0032677650451660156,success
0462AE4A9C4C80,3,"['Arena', 'Casa Giulietta', 'Torre Lamberti']",Santa Anastasia,"['AMO', 'Museo Conte', 'Palazzo della Ragione', 'Teatro Romano', 'Centro Fotografia']",Duomo,strategy_nearest,False,0.0033011436462402344,success
0462AF4A9C4C80,2,"['Museo Lapidario', 'Castelvecchio']",Teatro Romano,"['Santa Anastasia', 'Duomo', 'AMO', 'Palazzo della Ragione', 'Museo Conte']",Torre Lamberti,strategy_nearest,False,0.002393960952758789,success
0462B44A9C4C80,3,"['Arena', 'Casa Giulietta']",Torre Lamberti,"['Sighseeing', 'Centro Fotografia', 'Museo Conte', 'Palazzo della Ragione', 'AMO']",Santa Anastasia,strategy_nearest,False,0.002727031707763672,success
0462B6429C4C80,1,['Arena'],Casa Giulietta,"['Centro Fotografia', 'Sighseeing', 'Torre Lamberti', 'Museo Conte', 'Museo Radio']",Duomo,strategy_nearest,False,0.003314971923828125,success
0462B24A9C4C80,1,"['Arena', 'Torre Lamberti']",Palazzo della Ragione,"['AMO', 'Museo Conte', 'Centro Fotografia', 'Sighseeing', 'Santa Anastasia']",Casa Giulietta,strategy_nearest,False,0.002672910690307617,success
0462BD3A9C4C80,3,"['Arena', 'Casa Giulietta', 'Torre Lamberti']",Santa Anastasia,"['AMO', 'Museo Conte', 'Palazzo della Ragione', 'Teatro Romano', 'Centro Fotografia']",Duomo,strategy_nearest,False,0.0020148754119873047,success
0462C03A9C4C80,0,['Arena'],Castelvecchio,"['Museo Lapidario', 'Verona Tour', 'Museo Radio', 'San Zeno', 'Sighseeing']",Santa Anastasia,strategy_nearest,False,0.0018658638000488281,success
0462BD4A9C4C80,3,"['Arena', 'Torre Lamberti']",Santa Anastasia,"['AMO', 'Museo Conte', 'Palazzo della Ragione', 'Teatro Romano', 'Centro Fotografia']",Duomo,strategy_nearest,False,0.0034961700439453125,success
0462C34A9C4C80,0,"['Arena', 'Castelvecchio']",Torre Lamberti,"['Sighseeing', 'Centro Fotografia', 'Museo Conte', 'Casa Giulietta', 'Palazzo della Ragione']",Casa Giulietta,strategy_nearest,True,0.0034379959106445312,success
0462D33A9C4C80,1,"['Arena', 'Castelvecchio', 'Casa Giulietta']",Torre Lamberti,"['Sighseeing', 'Centro Fotografia', 'Museo Conte', 'Palazzo della Ragione', 'AMO']",Palazzo della Ragione,strategy_nearest,True,0.002344846725463867,success
0462D3429C4C80,0,['Teatro Romano'],Castelvecchio,"['Museo Lapidario', 'Verona Tour', 'Arena', 'Museo Radio', 'San Zeno']",Torre Lamberti,strategy_nearest,False,0.0034401416778564453,success
0462DC429C4C80,3,"['Arena', 'Casa Giulietta', 'San Fermo']",San Zeno,"['Castelvecchio', 'Verona Tour', 'Museo Lapidario', 'Museo Miniscalchi', 'Sighseeing']",Castelvecchio,strategy_nearest,True,0.0025899410247802734,success
0462E93A9C4C80,1,"['Arena', 'Castelvecchio', 'Torre Lamberti']",Palazzo della Ragione,"['AMO', 'Museo Conte', 'Centro Fotografia', 'Sighseeing', 'Santa Anastasia']",Casa Giulietta,strategy_nearest,False,0.003984928131103516,success
0462E9429C4C80,3,"['Torre Lamberti', 'Casa Giulietta', 'Santa Anastasia', 'Duomo']",Arena,"['Verona Tour', 'Museo Lapidario', 'Museo Radio', 'San Fermo', 'Sighseeing']",Castelvecchio,strategy_nearest,False,0.002588033676147461,success
0462ED3A9C4C80,3,"['Arena', 'Casa Giulietta', 'Torre Lamberti']",Santa Anastasia,"['AMO', 'Museo Conte', 'Palazzo della Ragione', 'Teatro Romano', 'Centro Fotografia']",Duomo,strategy_nearest,False,0.002444028854370117,success
0462EF429C4C80,0,['Castelvecchio'],San Zeno,"['Verona Tour', 'Museo Lapidario', 'Arena', 'Museo Miniscalchi', 'Sighseeing']",Arena,strategy_nearest,True,0.0018138885498046875,success
0462F14A9C4C80,0,['Arena'],Casa Giulietta,"['Centro Fotografia', 'Sighseeing', 'Torre Lamberti', 'Museo Conte', 'Museo Radio']",Torre Lamberti,strategy_nearest,True,0.0022878646850585938,success
0462F24A9C4C80,0,['Arena'],Casa Giulietta,"['Centro Fotografia', 'Sighseeing', 'Torre Lamberti', 'Museo Conte', 'Museo Radio']",Duomo,strategy_nearest,False,0.003323793411254883,success
0462FC4A9C4C80,1,"['Arena', 'Casa Giulietta']",Palazzo della Ragione,"['AMO', 'Museo Conte', 'Torre Lamberti', 'Centro Fotografia', 'Sighseeing']",Torre Lamberti,strategy_nearest,True,0.0025429725646972656,success
0462F64A9C4C80,3,['Arena'],Santa Anastasia,"['AMO', 'Museo Conte', 'Palazzo della Ragione', 'Teatro Romano', 'Centro Fotografia']",Torre Lamberti,strategy_nearest,False,0.003220081329345703,success
0462FD429C4C80,1,"['Arena', 'Castelvecchio', 'San Zeno']",Casa Giulietta,"['Centro Fotografia', 'Sighseeing', 'Torre Lamberti', 'Museo Conte', 'Museo Radio']",Teatro Romano,strategy_nearest,False,0.0029129981994628906,success
0462FD4A9C4C80,3,['Arena'],Torre Lamberti,"['Sighseeing', 'Centro Fotografia', 'Museo Conte', 'Casa Giulietta', 'Palazzo della Ragione']",Santa Anastasia,strategy_nearest,False,0.0024118423461914062,success
04630B429C4C84,1,"['Arena', 'Casa Giulietta']",Palazzo della Ragione,"['AMO', 'Museo Conte', 'Torre Lamberti', 'Centro Fotografia', 'Sighseeing']",Torre Lamberti,strategy_nearest,True,0.002511739730834961,success
0463014A9C4C84,3,"['Casa Giulietta', 'Torre Lamberti']",Santa Anastasia,"['AMO', 'Museo Conte', 'Palazzo della Ragione', 'Teatro Romano', 'Centro Fotografia']",Duomo,strategy_nearest,False,0.003513813018798828,success
04630B4A9C4C84,1,"['Duomo', 'Arena', 'Torre Lamberti']",Palazzo della Ragione,"['AMO', 'Museo Conte', 'Centro Fotografia', 'Sighseeing', 'Santa Anastasia']",Casa Giulietta,strategy_nearest,False,0.003091096878051758,success
04630C4A9C4C84,0,"['Castelvecchio', 'Arena']",San Zeno,"['Verona Tour', 'Museo Lapidario', 'Museo Miniscalchi', 'Sighseeing', 'Museo Radio']",Torre Lamberti,strategy_nearest,False,0.003873109817504883,success
04630D429C4C84,1,"['Palazzo della Ragione', 'Torre Lamberti', 'Santa Anastasia']",Duomo,"['AMO', 'Museo Miniscalchi', 'Teatro Romano', 'Museo Conte', 'Centro Fotografia']",Arena,strategy_nearest,False,0.0017499923706054688,success
04630F429C4C84,3,"['Castelvecchio', 'Arena', 'Torre Lamberti']",Santa Anastasia,"['AMO', 'Museo Conte', 'Palazzo della Ragione', 'Teatro Romano', 'Centro Fotografia']",Casa Giulietta,strategy_nearest,False,0.0030350685119628906,success
0463104A9C4C84,0,['Arena'],Casa Giulietta,"['Centro Fotografia', 'Sighseeing', 'Torre Lamberti', 'Museo Conte', 'Museo Radio']",Torre Lamberti,strategy_nearest,True,0.002988100051879883,success
0463133A9C4C80,1,"['Arena', 'Castelvecchio', 'Museo Lapidario', 'Casa Giulietta']",Santa Anastasia,"['AMO', 'Museo Conte', 'Palazzo della Ragione', 'Teatro Romano', 'Centro Fotografia']",Teatro Romano,strategy_nearest,True,0.0023822784423828125,success
0463173A9C4C80,1,"['Arena', 'Casa Giulietta', 'Torre Lamberti']",Palazzo della Ragione,"['AMO', 'Museo Conte', 'Centro Fotografia', 'Sighseeing', 'Santa Anastasia']",Museo Lapidario,strategy_nearest,False,0.0025107860565185547,success
046315429C4C84,0,['Arena'],Casa Giulietta,"['Centro Fotografia', 'Sighseeing', 'Torre Lamberti', 'Museo Conte', 'Museo Radio']",Santa Anastasia,strategy_nearest,False,0.0034308433532714844,success
04631D429C4C84,1,"['Arena', 'Casa Giulietta', 'Tomba Giulietta']",Castelvecchio,"['Museo Lapidario', 'Verona Tour', 'Museo Radio', 'San Zeno', 'Sighseeing']",Duomo,strategy_nearest,False,0.002991914749145508,success
0463194A9C4C80,3,"['Casa Giulietta', 'Arena']",San Zeno,"['Castelvecchio', 'Verona Tour', 'Museo Lapidario', 'Museo Miniscalchi', 'Sighseeing']",Castelvecchio,strategy_nearest,True,0.003331899642944336,success
04632D429C4C80,2,['Torre Lamberti'],Santa Anastasia,"['AMO', 'Museo Conte', 'Palazzo della Ragione', 'Teatro Romano', 'Centro Fotografia']",Duomo,strategy_nearest,False,0.0025680065155029297,success
04632E3A9C4C80,0,['Castelvecchio'],Arena,"['Verona Tour', 'Museo Lapidario', 'Museo Radio', 'San Fermo', 'Casa Giulietta']",Casa Giulietta,strategy_nearest,True,0.0030698776245117188,success
0463203A9C4C80,0,['Arena'],Santa Anastasia,"['AMO', 'Museo Conte', 'Palazzo della Ragione', 'Teatro Romano', 'Centro Fotografia']",Casa Giulietta,strategy_nearest,False,0.002773284912109375,success
04632A429C4C80,0,['Casa Giulietta'],Arena,"['Verona Tour', 'Museo Lapidario', 'Museo Radio', 'San Fermo', 'Sighseeing']",Castelvecchio,strategy_nearest,False,0.002671957015991211,success
046340429C4C80,0,['Castelvecchio'],Arena,"['Verona Tour', 'Museo Lapidario', 'Museo Radio', 'San Fermo', 'Casa Giulietta']",Teatro Romano,strategy_nearest,False,0.0014541149139404297,success
04634C3A9C4C80,0,['Teatro Romano'],Casa Giulietta,"['Centro Fotografia', 'Sighseeing', 'Torre Lamberti', 'Museo Conte', 'Museo Radio']",Arena,strategy_nearest,False,0.0026361942291259766,success
04633A429C4C80,0,['Museo Lapidario'],Arena,"['Verona Tour', 'Museo Radio', 'San Fermo', 'Casa Giulietta', 'Sighseeing']",Teatro Romano,strategy_nearest,False,0.0027990341186523438,success
04633F429C4C80,0,['Arena'],Casa Giulietta,"['Centro Fotografia', 'Sighseeing', 'Torre Lamberti', 'Museo Conte', 'Museo Radio']",Duomo,strategy_nearest,False,0.003493070602416992,success
04634F3A9C4C80,0,['Casa Giulietta'],Arena,"['Verona Tour', 'Museo Lapidario', 'Museo Radio', 'San Fermo', 'Sighseeing']",Castelvecchio,strategy_nearest,False,0.0017628669738769531,success
046351429C4C80,3,"['Arena', 'Castelvecchio', 'Teatro Romano']",San Zeno,"['Verona Tour', 'Museo Lapidario', 'Museo Miniscalchi', 'Sighseeing', 'Museo Radio']",Duomo,strategy_nearest,False,0.0027060508728027344,success
0463794A9C4C80,0,"['Casa Giulietta', 'Arena']",San Fermo,"['Museo Storia', 'Museo Radio', 'Centro Fotografia', 'Sighseeing', 'Torre Lamberti']",Castelvecchio,strategy_nearest,False,0.0025129318237304688,success
04636D3A9C4C80,0,"['Castelvecchio', 'Casa Giulietta']",Teatro Romano,"['Santa Anastasia', 'Duomo', 'AMO', 'Palazzo della Ragione', 'Museo Conte']",Arena,strategy_nearest,False,0.003437042236328125,success
0463863A9C4C80,0,['Teatro Romano'],Arena,"['Verona Tour', 'Museo Lapidario', 'Museo Radio', 'San Fermo', 'Casa Giulietta']",Castelvecchio,strategy_nearest,False,0.002695798873901367,success
0463864A9C4C80,1,"['Arena', 'Casa Giulietta']",Torre Lamberti,"['Sighseeing', 'Centro Fotografia', 'Museo Conte', 'Palazzo della Ragione', 'AMO']",Palazzo della Ragione,strategy_nearest,True,0.0020971298217773438,success
04639D4A9C4C80,0,['Arena'],Casa Giulietta,"['Centro Fotografia', 'Sighseeing', 'Torre Lamberti', 'Museo Conte', 'Museo Radio']",Santa Anastasia,strategy_nearest,False,0.003183126449584961,success
046394429C4C80,1,"['Casa Giulietta', 'Torre Lamberti']",Palazzo della Ragione,"['AMO', 'Museo Conte', 'Centro Fotografia', 'Sighseeing', 'Santa Anastasia']",Arena,strategy_nearest,False,0.0026438236236572266,success
0463884A9C4C80,0,['Arena'],Casa Giulietta,"['Centro Fotografia', 'Sighseeing', 'Torre Lamberti', 'Museo Conte', 'Museo Radio']",Castelvecchio,strategy_nearest,False,0.002780914306640625,success
0463A0429C4C80,2,"['Casa Giulietta', 'Castelvecchio']",Santa Anastasia,"['AMO', 'Museo Conte', 'Palazzo della Ragione', 'Teatro Romano', 'Centro Fotografia']",Duomo,strategy_nearest,False,0.0021219253540039062,success
0463AF4A9C4C80,0,['Arena'],Casa Giulietta,"['Centro Fotografia', 'Sighseeing', 'Torre Lamberti', 'Museo Conte', 'Museo Radio']",Torre Lamberti,strategy_nearest,True,0.0013649463653564453,success
0463B04A9C4C80,3,"['Arena', 'Casa Giulietta']",Torre Lamberti,"['Sighseeing', 'Centro Fotografia', 'Museo Conte', 'Palazzo della Ragione', 'AMO']",Santa Anastasia,strategy_nearest,False,0.0026578903198242188,success
0463B24A9C4C80,2,['Casa Giulietta'],Palazzo della Ragione,"['AMO', 'Museo Conte', 'Torre Lamberti', 'Centro Fotografia', 'Sighseeing']",Torre Lamberti,strategy_nearest,True,0.003136873245239258,success
0463B64A9C4C80,3,"['Castelvecchio', 'Arena', 'Torre Lamberti']",Casa Giulietta,"['Centro Fotografia', 'Sighseeing', 'Museo Conte', 'Museo Radio', 'Palazzo della Ragione']",Duomo,strategy_nearest,False,0.002146005630493164,success
0463BD4A9C4C80,3,"['Arena', 'Casa Giulietta']",Teatro Romano,"['Santa Anastasia', 'Duomo', 'AMO', 'Palazzo della Ragione', 'Museo Conte']",Santa Anastasia,strategy_nearest,True,0.001374959945678711,success
0463B43A9C4C80,3,['Santa Anastasia'],San Fermo,"['Museo Storia', 'Museo Radio', 'Casa Giulietta', 'Centro Fotografia', 'Arena']",Arena,strategy_nearest,True,0.0027561187744140625,success
0463BB4A9C4C80,3,"['Arena', 'Tomba Giulietta']",Torre Lamberti,"['Sighseeing', 'Centro Fotografia', 'Museo Conte', 'Casa Giulietta', 'Palazzo della Ragione']",Teatro Romano,strategy_nearest,False,0.0033690929412841797,success
0463C24A9C4C80,3,"['Castelvecchio', 'Arena']",Casa Giulietta,"['Centro Fotografia', 'Sighseeing', 'Torre Lamberti', 'Museo Conte', 'Museo Radio']",Torre Lamberti,strategy_nearest,True,0.0027608871459960938,success
0463C34A9C4C80,0,"['Arena', 'Castelvecchio']",Torre Lamberti,"['Sighseeing', 'Centro Fotografia', 'Museo Conte', 'Casa Giulietta', 'Palazzo della Ragione']",Casa Giulietta,strategy_nearest,True,0.0013489723205566406,success
0463BF3A9C4C80,1,"['Arena', 'Casa Giulietta', 'Teatro Romano']",Torre Lamberti,"['Sighseeing', 'Centro Fotografia', 'Museo Conte', 'Palazzo della Ragione', 'AMO']",Palazzo della Ragione,strategy_nearest,True,0.0034308433532714844,success
0463CA4A9C4C80,0,['Arena'],Casa Giulietta,"['Centro Fotografia', 'Sighseeing', 'Torre Lamberti', 'Museo Conte', 'Museo Radio']",Duomo,strategy_nearest,False,0.003366231918334961,success
0463D13A9C4C80,2,['San Fermo'],Santa Anastasia,"['AMO', 'Museo Conte', 'Palazzo della Ragione', 'Teatro Romano', 'Centro Fotografia']",Duomo,strategy_nearest,False,0.002357006072998047,success
0463D03A9C4C80,3,"['Arena', 'Casa Giulietta']",Torre Lamberti,"['Sighseeing', 'Centro Fotografia', 'Museo Conte', 'Palazzo della Ragione', 'AMO']",Santa Anastasia,strategy_nearest,False,0.0024008750915527344,success
0463D3429C4C80,0,"['Arena', 'Castelvecchio']",Casa Giulietta,"['Centro Fotografia', 'Sighseeing', 'Torre Lamberti', 'Museo Conte', 'Museo Radio']",Tomba Giulietta,strategy_nearest,False,0.0025959014892578125,success
0463D24A9C4C80,0,['Arena'],Casa Giulietta,"['Centro Fotografia', 'Sighseeing', 'Torre Lamberti', 'Museo Conte', 'Museo Radio']",Teatro Romano,strategy_nearest,False,0.003446817398071289,success
0463D14A9C4C80,1,"['Arena', 'Casa Giulietta', 'Torre Lamberti', 'Palazzo della Ragione']",Palazzo della Ragione,"['AMO', 'Museo Conte', 'Centro Fotografia', 'Sighseeing', 'Santa Anastasia']",Santa Anastasia,strategy_nearest,True,0.0033779144287109375,success
0463D4429C4C80,3,"['Arena', 'Santa Anastasia']",Torre Lamberti,"['Sighseeing', 'Centro Fotografia', 'Museo Conte', 'Casa Giulietta', 'Palazzo della Ragione']",Castelvecchio,strategy_nearest,False,0.0029137134552001953,success
0463EB4A9C4C80,3,"['Arena', 'San Fermo', 'Casa Giulietta']",Torre Lamberti,"['Sighseeing', 'Centro Fotografia', 'Museo Conte', 'Palazzo della Ragione', 'AMO']",Santa Anastasia,strategy_nearest,False,0.0013589859008789062,success
0463E63A9C4C80,1,"['Arena', 'Castelvecchio', 'Torre Lamberti']",Palazzo della Ragione,"['AMO', 'Museo Conte', 'Centro Fotografia', 'Sighseeing', 'Santa Anastasia']",Casa Giulietta,strategy_nearest,False,0.0038318634033203125,success
0463E7429C4C80,3,"['Arena', 'Santa Anastasia']",Duomo,"['AMO', 'Museo Miniscalchi', 'Teatro Romano', 'Palazzo della Ragione', 'Museo Conte']",Teatro Romano,strategy_nearest,True,0.0019698143005371094,success
0463DE429C4C80,3,"['Arena', 'Castelvecchio', 'Casa Giulietta', 'Torre Lamberti']",Santa Anastasia,"['AMO', 'Museo Conte', 'Palazzo della Ragione', 'Teatro Romano', 'Centro Fotografia']",Giardino Giusti,strategy_nearest,False,0.0032880306243896484,success
0463F24A9C4C80,3,"['Arena', 'Torre Lamberti']",Casa Giulietta,"['Centro Fotografia', 'Sighseeing', 'Museo Conte', 'Museo Radio', 'Palazzo della Ragione']",Duomo,strategy_nearest,False,0.0022008419036865234,success
0463F34A9C4C80,0,"['Arena', 'Casa Giulietta']",Tomba Giulietta,"['San Fermo', 'Museo Storia', 'Museo Lapidario', 'Museo Radio', 'Verona Tour']",Teatro Romano,strategy_nearest,False,0.002753019332885742,success
0463F7429C4C80,1,"['Arena', 'Palazzo della Ragione']",Torre Lamberti,"['Sighseeing', 'Centro Fotografia', 'Museo Conte', 'Casa Giulietta', 'AMO']",Casa Giulietta,strategy_nearest,True,0.001377105712890625,success
0463F6429C4C80,1,"['Arena', 'Casa Giulietta', 'Palazzo della Ragione']",Torre Lamberti,"['Sighseeing', 'Centro Fotografia', 'Museo Conte', 'AMO', 'Museo Miniscalchi']",Santa Anastasia,strategy_nearest,False,0.003317117691040039,success
0464004A9C4C84,0,['Tomba Giulietta'],Arena,"['Verona Tour', 'Museo Lapidario', 'Museo Radio', 'San Fermo', 'Casa Giulietta']",Torre Lamberti,strategy_nearest,False,0.0013790130615234375,success
0464034A9C4C84,3,['Arena'],Casa Giulietta,"['Centro Fotografia', 'Sighseeing', 'Torre Lamberti', 'Museo Conte', 'Museo Radio']",Santa Anastasia,strategy_nearest,False,0.003136157989501953,success
0463F84A9C4C80,0,"['Museo Lapidario', 'Arena']",Casa Giulietta,"['Centro Fotografia', 'Sighseeing', 'Torre Lamberti', 'Museo Conte', 'Museo Radio']",Castelvecchio,strategy_nearest,False,0.0027620792388916016,success
0464014A9C4C84,0,"['Arena', 'Museo Lapidario']",Casa Giulietta,"['Centro Fotografia', 'Sighseeing', 'Torre Lamberti', 'Museo Conte', 'Museo Radio']",Torre Lamberti,strategy_nearest,True,0.002096891403198242,success
0464094A9C4C84,1,"['Arena', 'Casa Giulietta']",Torre Lamberti,"['Sighseeing', 'Centro Fotografia', 'Museo Conte', 'Palazzo della Ragione', 'AMO']",Palazzo della Ragione,strategy_nearest,True,0.0021529197692871094,success
04640C4A9C4C84,4,"['Tomba Giulietta', 'Museo Radio']",Arena,"['Verona Tour', 'Museo Lapidario', 'San Fermo', 'Casa Giulietta', 'Sighseeing']",Castelvecchio,strategy_nearest,False,0.0013890266418457031,success
04640B4A9C4C84,0,"['Arena', 'Casa Giulietta']",Torre Lamberti,"['Sighseeing', 'Centro Fotografia', 'Museo Conte', 'Palazzo della Ragione', 'AMO']",Teatro Romano,strategy_nearest,False,0.002635955810546875,success
04640A4A9C4C84,0,['Arena'],Torre Lamberti,"['Sighseeing', 'Centro Fotografia', 'Museo Conte', 'Casa Giulietta', 'Palazzo della Ragione']",Casa Giulietta,strategy_nearest,True,0.0032949447631835938,success
0464184A9C4C80,3,"['Arena', 'Tomba Giulietta', 'Castelvecchio', 'Torre Lamberti', 'Casa Giulietta']",San Fermo,"['Museo Storia', 'Museo Radio', 'Centro Fotografia', 'Sighseeing', 'Museo Conte']",Teatro Romano,strategy_nearest,False,0.0021848678588867188,success
0464194A9C4C80,3,"['Arena', 'Torre Lamberti', 'Casa Giulietta']",Santa Anastasia,"['AMO', 'Museo Conte', 'Palazzo della Ragione', 'Teatro Romano', 'Centro Fotografia']",Duomo,strategy_nearest,False,0.002660989761352539,success
046419429C4C84,2,"['Castelvecchio', 'Casa Giulietta']",Torre Lamberti,"['Sighseeing', 'Centro Fotografia', 'Museo Conte', 'Palazzo della Ragione', 'AMO']",Tomba Giulietta,strategy_nearest,False,0.0015270709991455078,success
046413429C4C84,1,"['Arena', 'Torre Lamberti']",Palazzo della Ragione,"['AMO', 'Museo Conte', 'Centro Fotografia', 'Sighseeing', 'Santa Anastasia']",Casa Giulietta,strategy_nearest,False,0.003454923629760742,success
046425429C4C84,3,"['Torre Lamberti', 'Teatro Romano']",Santa Anastasia,"['AMO', 'Museo Conte', 'Palazzo della Ragione', 'Centro Fotografia', 'Duomo']",Castelvecchio,strategy_nearest,False,0.0021016597747802734,success
04642E3A9C4C80,2,['Castelvecchio'],Casa Giulietta,"['Centro Fotografia', 'Sighseeing', 'Torre Lamberti', 'Museo Conte', 'Museo Radio']",Tomba Giulietta,strategy_nearest,False,0.002618074417114258,success
0464224A9C4C80,1,"['Casa Giulietta', 'Palazzo della Ragione', 'Torre Lamberti']",Castelvecchio,"['Museo Lapidario', 'Verona Tour', 'Arena', 'Museo Radio', 'San Zeno']",Arena,strategy_nearest,True,0.002927064895629883,success
0464244A9C4C80,1,"['Arena', 'Casa Giulietta']",Palazzo della Ragione,"['AMO', 'Museo Conte', 'Torre Lamberti', 'Centro Fotografia', 'Sighseeing']",San Zeno,strategy_nearest,False,0.004302263259887695,success
04642F429C4C80,3,"['Casa Giulietta', 'Santa Anastasia', 'Duomo']",San Zeno,"['Castelvecchio', 'Verona Tour', 'Museo Lapidario', 'Arena', 'Museo Miniscalchi']",Castelvecchio,strategy_nearest,True,0.0020720958709716797,success
04643E3A9C4C80,3,"['Santa Anastasia', 'Torre Lamberti', 'Arena']",Castelvecchio,"['Museo Lapidario', 'Verona Tour', 'Museo Radio', 'San Zeno', 'Sighseeing']",San Zeno,strategy_nearest,True,0.0033721923828125,success
0464423A9C4C80,3,"['San Zeno', 'Castelvecchio', 'Santa Anastasia']",Torre Lamberti,"['Sighseeing', 'Centro Fotografia', 'Museo Conte', 'Casa Giulietta', 'Palazzo della Ragione']",Tomba Giulietta,strategy_nearest,False,0.0018620491027832031,success
046448429C4C80,1,"['Casa Giulietta', 'Palazzo della Ragione']",Santa Anastasia,"['AMO', 'Museo Conte', 'Teatro Romano', 'Centro Fotografia', 'Duomo']",Duomo,strategy_nearest,True,0.003325223922729492,success
04646E429C4C80,0,['Arena'],Casa Giulietta,"['Centro Fotografia', 'Sighseeing', 'Torre Lamberti', 'Museo Conte', 'Museo Radio']",Santa Anastasia,strategy_nearest,False,0.0020051002502441406,success
0464583A9C4C80,1,"['Arena', 'Casa Giulietta']",Palazzo della Ragione,"['AMO', 'Museo Conte', 'Torre Lamberti', 'Centro Fotografia', 'Sighseeing']",Torre Lamberti,strategy_nearest,True,0.003389120101928711,success
0464534A9C4C80,3,"['Arena', 'Casa Giulietta']",Santa Anastasia,"['AMO', 'Museo Conte', 'Palazzo della Ragione', 'Teatro Romano', 'Centro Fotografia']",Duomo,strategy_nearest,False,0.002151012420654297,success
0464934A9C4C80,0,['Arena'],Casa Giulietta,"['Centro Fotografia', 'Sighseeing', 'Torre Lamberti', 'Museo Conte', 'Museo Radio']",Tomba Giulietta,strategy_nearest,False,0.002099275588989258,success
0464884A9C4C80,3,['Arena'],San Zeno,"['Castelvecchio', 'Verona Tour', 'Museo Lapidario', 'Museo Miniscalchi', 'Sighseeing']",Torre Lamberti,strategy_nearest,False,0.0033941268920898438,success
04648D3A9C4C80,0,['Arena'],Casa Giulietta,"['Centro Fotografia', 'Sighseeing', 'Torre Lamberti', 'Museo Conte', 'Museo Radio']",Duomo,strategy_nearest,False,0.0033490657806396484,success
04647A4A9C4C80,0,['Teatro Romano'],Casa Giulietta,"['Centro Fotografia', 'Sighseeing', 'Torre Lamberti', 'Museo Conte', 'Museo Radio']",Arena,strategy_nearest,False,0.003426074981689453,success
0464B04A9C4C80,2,"['Casa Giulietta', 'Palazzo della Ragione', 'Duomo']",Santa Anastasia,"['AMO', 'Museo Conte', 'Teatro Romano', 'Centro Fotografia', 'Torre Lamberti']",Teatro Romano,strategy_nearest,True,0.0014052391052246094,success
04649A429C4C80,0,"['Castelvecchio', 'Arena']",Casa Giulietta,"['Centro Fotografia', 'Sighseeing', 'Torre Lamberti', 'Museo Conte', 'Museo Radio']",Torre Lamberti,strategy_nearest,True,0.0022487640380859375,success
0464A14A9C4C80,3,['Arena'],Torre Lamberti,"['Sighseeing', 'Centro Fotografia', 'Museo Conte', 'Casa Giulietta', 'Palazzo della Ragione']",Casa Giulietta,strategy_nearest,True,0.002827882766723633,success
04649F429C4C80,1,"['Casa Giulietta', 'Palazzo della Ragione']",Torre Lamberti,"['Sighseeing', 'Centro Fotografia', 'Museo Conte', 'AMO', 'Museo Miniscalchi']",Castelvecchio,strategy_nearest,False,0.0035729408264160156,success
0464BA4A9C4C80,0,"['Duomo', 'Casa Giulietta']",Arena,"['Verona Tour', 'Museo Lapidario', 'Museo Radio', 'San Fermo', 'Sighseeing']",Teatro Romano,strategy_nearest,False,0.0018050670623779297,success
0464BE3A9C4C80,0,['Arena'],Casa Giulietta,"['Centro Fotografia', 'Sighseeing', 'Torre Lamberti', 'Museo Conte', 'Museo Radio']",Santa Anastasia,strategy_nearest,False,0.002605915069580078,success
0464BD4A9C4C80,2,['Casa Giulietta'],Torre Lamberti,"['Sighseeing', 'Centro Fotografia', 'Museo Conte', 'Palazzo della Ragione', 'AMO']",Santa Anastasia,strategy_nearest,False,0.0020313262939453125,success
0464BC3A9C4C80,0,['Arena'],Castelvecchio,"['Museo Lapidario', 'Verona Tour', 'Museo Radio', 'San Zeno', 'Sighseeing']",Casa Giulietta,strategy_nearest,False,0.004017829895019531,success
0464C04A9C4C80,1,"['Arena', 'Museo Lapidario']",Casa Giulietta,"['Centro Fotografia', 'Sighseeing', 'Torre Lamberti', 'Museo Conte', 'Museo Radio']",Torre Lamberti,strategy_nearest,True,0.0013098716735839844,success
0464C84A9C4C80,3,"['Arena', 'Museo Lapidario']",Casa Giulietta,"['Centro Fotografia', 'Sighseeing', 'Torre Lamberti', 'Museo Conte', 'Museo Radio']",Santa Anastasia,strategy_nearest,False,0.0032148361206054688,success
0464C34A9C4C80,3,"['Arena', 'Casa Giulietta']",Santa Anastasia,"['AMO', 'Museo Conte', 'Palazzo della Ragione', 'Teatro Romano', 'Centro Fotografia']",Duomo,strategy_nearest,False,0.002792835235595703,success
0464BF3A9C4C80,3,['Arena'],Torre Lamberti,"['Sighseeing', 'Centro Fotografia', 'Museo Conte', 'Casa Giulietta', 'Palazzo della Ragione']",Santa Anastasia,strategy_nearest,False,0.0027899742126464844,success
0464CB4A9C4C80,2,"['Torre Lamberti', 'Palazzo della Ragione']",Casa Giulietta,"['Centro Fotografia', 'Sighseeing', 'Museo Conte', 'Museo Radio', 'San Fermo']",Santa Anastasia,strategy_nearest,False,0.0013210773468017578,success
0464C94A9C4C80,0,['Arena'],Casa Giulietta,"['Centro Fotografia', 'Sighseeing', 'Torre Lamberti', 'Museo Conte', 'Museo Radio']",Santa Anastasia,strategy_nearest,False,0.0038499832153320312,success
0464CA4A9C4C80,1,"['Castelvecchio', 'Arena', 'Casa Giulietta']",Palazzo della Ragione,"['AMO', 'Museo Conte', 'Torre Lamberti', 'Centro Fotografia', 'Sighseeing']",Torre Lamberti,strategy_nearest,True,0.0019490718841552734,success
0464CD4A9C4C80,3,"['Arena', 'Casa Giulietta']",Torre Lamberti,"['Sighseeing', 'Centro Fotografia', 'Museo Conte', 'Palazzo della Ragione', 'AMO']",Santa Anastasia,strategy_nearest,False,0.0031249523162841797,success
0464D23A9C4C80,0,['Arena'],Museo Lapidario,"['Verona Tour', 'Castelvecchio', 'Museo Radio', 'San Fermo', 'Casa Giulietta']",Duomo,strategy_nearest,False,0.002744913101196289,success
0464D63A9C4C80,0,['Arena'],Casa Giulietta,"['Centro Fotografia', 'Sighseeing', 'Torre Lamberti', 'Museo Conte', 'Museo Radio']",Castelvecchio,strategy_nearest,False,0.001268148422241211,success
0464D13A9C4C80,0,['Giardino Giusti'],Arena,"['Verona Tour', 'Museo Lapidario', 'Museo Radio', 'San Fermo', 'Casa Giulietta']",Castelvecchio,strategy_nearest,False,0.0034711360931396484,success
0464D93A9C4C80,1,"['Arena', 'Palazzo della Ragione']",Torre Lamberti,"['Sighseeing', 'Centro Fotografia', 'Museo Conte', 'Casa Giulietta', 'AMO']",Duomo,strategy_nearest,False,0.0033447742462158203,success
0464EE4A9C4C80,3,"['Arena', 'Casa Giulietta']",Torre Lamberti,"['Sighseeing', 'Centro Fotografia', 'Museo Conte', 'Palazzo della Ragione', 'AMO']",Santa Anastasia,strategy_nearest,False,0.002680063247680664,success
0464F5429C4C80,1,"['Casa Giulietta', 'Tomba Giulietta', 'San Fermo']",San Zeno,"['Castelvecchio', 'Verona Tour', 'Museo Lapidario', 'Arena', 'Museo Miniscalchi']",Arena,strategy_nearest,True,0.001390695571899414,success
0464EB4A9C4C80,2,['Torre Lamberti'],Santa Anastasia,"['AMO', 'Museo Conte', 'Palazzo della Ragione', 'Teatro Romano', 'Centro Fotografia']",Teatro Romano,strategy_nearest,True,0.004606962203979492,success
0464DD3A9C4C80,0,['San Zeno'],Casa Giulietta,"['Centro Fotografia', 'Sighseeing', 'Torre Lamberti', 'Museo Conte', 'Museo Radio']",Arena,strategy_nearest,False,0.0040781497955322266,success
0465004A9C4C84,1,"['Arena', 'Casa Giulietta']",Palazzo della Ragione,"['AMO', 'Museo Conte', 'Torre Lamberti', 'Centro Fotografia', 'Sighseeing']",Santa Anastasia,strategy_nearest,False,0.0015838146209716797,success
0464F74A9C4C80,0,['Arena'],Castelvecchio,"['Museo Lapidario', 'Verona Tour', 'Museo Radio', 'San Zeno', 'Sighseeing']",Casa Giulietta,strategy_nearest,False,0.0034248828887939453,success
0465024A9C4C84,0,['Arena'],Casa Giulietta,"['Centro Fotografia', 'Sighseeing', 'Torre Lamberti', 'Museo Conte', 'Museo Radio']",Torre Lamberti,strategy_nearest,True,0.002747058868408203,success
0465044A9C4C84,0,['Torre Lamberti'],Arena,"['Verona Tour', 'Museo Lapidario', 'Museo Radio', 'San Fermo', 'Casa Giulietta']",Teatro Romano,strategy_nearest,False,0.0034728050231933594,success
04650B4A9C4C84,0,['Duomo'],Torre Lamberti,"['Sighseeing', 'Centro Fotografia', 'Museo Conte', 'Casa Giulietta', 'Palazzo della Ragione']",Casa Giulietta,strategy_nearest,True,0.0018832683563232422,success
046507429C4C84,1,"['Arena', 'San Fermo', 'Casa Giulietta']",Palazzo della Ragione,"['AMO', 'Museo Conte', 'Torre Lamberti', 'Centro Fotografia', 'Sighseeing']",Torre Lamberti,strategy_nearest,True,0.0025610923767089844,success
0465094A9C4C84,0,['Arena'],Palazzo della Ragione,"['AMO', 'Museo Conte', 'Torre Lamberti', 'Centro Fotografia', 'Sighseeing']",Casa Giulietta,strategy_nearest,False,0.003283977508544922,success
04650D4A9C4C84,0,"['Arena', 'Casa Giulietta']",Torre Lamberti,"['Sighseeing', 'Centro Fotografia', 'Museo Conte', 'Palazzo della Ragione', 'AMO']",Castelvecchio,strategy_nearest,False,0.0032372474670410156,success
046517429C4C80,0,['Arena'],Casa Giulietta,"['Centro Fotografia', 'Sighseeing', 'Torre Lamberti', 'Museo Conte', 'Museo Radio']",Torre Lamberti,strategy_nearest,True,0.0013909339904785156,success
04650E3A9C4C84,1,"['Arena', 'Torre Lamberti']",Palazzo della Ragione,"['AMO', 'Museo Conte', 'Centro Fotografia', 'Sighseeing', 'Santa Anastasia']",Santa Anastasia,strategy_nearest,True,0.003359079360961914,success
0465144A9C4C80,3,"['Casa Giulietta', 'San Zeno', 'Teatro Romano']",Arena,"['Verona Tour', 'Museo Lapidario', 'Museo Radio', 'San Fermo', 'Sighseeing']",Tomba Giulietta,strategy_nearest,False,0.002130270004272461,success
0465104A9C4C84,2,"['Casa Giulietta', 'Torre Lamberti']",Palazzo della Ragione,"['AMO', 'Museo Conte', 'Centro Fotografia', 'Sighseeing', 'Santa Anastasia']",Teatro Romano,strategy_nearest,False,0.0039370059967041016,success
046522429C4C84,3,"['Arena', 'Giardino Giusti']",Duomo,"['AMO', 'Museo Miniscalchi', 'Santa Anastasia', 'Teatro Romano', 'Palazzo della Ragione']",Santa Anastasia,strategy_nearest,True,0.0026051998138427734,success
04651E429C4C84,1,"['San Fermo', 'Casa Giulietta', 'Palazzo della Ragione', 'Torre Lamberti']",Arena,"['Verona Tour', 'Museo Lapidario', 'Museo Radio', 'Sighseeing', 'Castelvecchio']",San Zeno,strategy_nearest,False,0.0021338462829589844,success
046524429C4C84,3,"['Arena', 'Castelvecchio']",San Fermo,"['Museo Storia', 'Museo Radio', 'Casa Giulietta', 'Centro Fotografia', 'Sighseeing']",Torre Lamberti,strategy_nearest,False,0.003239870071411133,success
046521429C4C84,1,"['Castelvecchio', 'Arena', 'Casa Giulietta', 'Torre Lamberti']",Palazzo della Ragione,"['AMO', 'Museo Conte', 'Centro Fotografia', 'Sighseeing', 'Santa Anastasia']",Santa Anastasia,strategy_nearest,True,0.0014729499816894531,success
0465314A9C4C80,3,"['Arena', 'Castelvecchio', 'Casa Giulietta']",San Fermo,"['Museo Storia', 'Museo Radio', 'Centro Fotografia', 'Sighseeing', 'Torre Lamberti']",Santa Anastasia,strategy_nearest,False,0.0026099681854248047,success
04652B4A9C4C80,3,"['Arena', 'Torre Lamberti', 'Casa Giulietta']",Santa Anastasia,"['AMO', 'Museo Conte', 'Palazzo della Ragione', 'Teatro Romano', 'Centro Fotografia']",Duomo,strategy_nearest,False,0.0026030540466308594,success
04652D3A9C4C80,1,"['Tomba Giulietta', 'San Fermo', 'Casa Giulietta', 'Castelvecchio', 'Torre Lamberti']",Palazzo della Ragione,"['AMO', 'Museo Conte', 'Centro Fotografia', 'Sighseeing', 'Santa Anastasia']",Santa Anastasia,strategy_nearest,True,0.0019278526306152344,success
0465354A9C4C80,3,"['Arena', 'Museo Lapidario', 'Torre Lamberti']",Santa Anastasia,"['AMO', 'Museo Conte', 'Palazzo della Ragione', 'Teatro Romano', 'Centro Fotografia']",Casa Giulietta,strategy_nearest,False,0.0033118724822998047,success
0465483A9C4C80,0,['Arena'],Casa Giulietta,"['Centro Fotografia', 'Sighseeing', 'Torre Lamberti', 'Museo Conte', 'Museo Radio']",Teatro Romano,strategy_nearest,False,0.001641988754272461,success
0465523A9C4C80,3,"['Santa Anastasia', 'Torre Lamberti']",Casa Giulietta,"['Centro Fotografia', 'Sighseeing', 'Museo Conte', 'Museo Radio', 'Palazzo della Ragione']",Arena,strategy_nearest,False,0.0032198429107666016,success
04655A3A9C4C80,1,"['Palazzo della Ragione', 'Torre Lamberti', 'Duomo']",Teatro Romano,"['Santa Anastasia', 'AMO', 'Museo Conte', 'Centro Fotografia', 'Museo Miniscalchi']",Castelvecchio,strategy_nearest,False,0.0026001930236816406,success
04656E3A9C4C80,3,"['Santa Anastasia', 'Duomo']",Arena,"['Verona Tour', 'Museo Lapidario', 'Museo Radio', 'San Fermo', 'Casa Giulietta']",Teatro Romano,strategy_nearest,False,0.003401041030883789,success
046574429C4C80,0,['Arena'],Casa Giulietta,"['Centro Fotografia', 'Sighseeing', 'Torre Lamberti', 'Museo Conte', 'Museo Radio']",Santa Anastasia,strategy_nearest,False,0.0031249523162841797,success
0465754A9C4C80,0,['Arena'],Casa Giulietta,"['Centro Fotografia', 'Sighseeing', 'Torre Lamberti', 'Museo Conte', 'Museo Radio']",Teatro Romano,strategy_nearest,False,0.002711057662963867,success
0465784A9C4C80,3,['Arena'],Casa Giulietta,"['Centro Fotografia', 'Sighseeing', 'Torre Lamberti', 'Museo Conte', 'Museo Radio']",Santa Anastasia,strategy_nearest,False,0.002952098846435547,success
04657D4A9C4C80,0,['Arena'],Casa Giulietta,"['Centro Fotografia', 'Sighseeing', 'Torre Lamberti', 'Museo Conte', 'Museo Radio']",Torre Lamberti,strategy_nearest,True,0.0023751258850097656,success
0465813A9C4C80,3,"['San Zeno', 'Casa Giulietta']",Arena,"['Verona Tour', 'Museo Lapidario', 'Museo Radio', 'San Fermo', 'Sighseeing']",Santa Anastasia,strategy_nearest,False,0.002997159957885742,success
046594429C4C80,1,"['Duomo', 'Palazzo della Ragione', 'Casa Giulietta']",San Zeno,"['Castelvecchio', 'Verona Tour', 'Museo Lapidario', 'Arena', 'Museo Miniscalchi']",Torre Lamberti,strategy_nearest,False,0.0024611949920654297,success
0465A54A9C4C80,3,"['Arena', 'Tomba Giulietta']",San Fermo,"['Museo Storia', 'Museo Radio', 'Casa Giulietta', 'Centro Fotografia', 'Sighseeing']",Casa Giulietta,strategy_nearest,True,0.002051115036010742,success
0465A14A9C4C80,3,"['Teatro Romano', 'Duomo']",Casa Giulietta,"['Centro Fotografia', 'Sighseeing', 'Torre Lamberti', 'Museo Conte', 'Museo Radio']",Arena,strategy_nearest,False,0.0033969879150390625,success
04659F429C4C80,0,['Casa Giulietta'],Arena,"['Verona Tour', 'Museo Lapidario', 'Museo Radio', 'San Fermo', 'Sighseeing']",Castelvecchio,strategy_nearest,False,0.004813671112060547,success
0465AE3A9C4C80,0,"['Arena', 'Casa Giulietta']",Teatro Romano,"['Santa Anastasia', 'Duomo', 'AMO', 'Palazzo della Ragione', 'Museo Conte']",Duomo,strategy_nearest,True,0.0033080577850341797,success
0465A93A9C4C80,0,['Arena'],Casa Giulietta,"['Centro Fotografia', 'Sighseeing', 'Torre Lamberti', 'Museo Conte', 'Museo Radio']",Torre Lamberti,strategy_nearest,True,0.005158901214599609,success
0465BA4A9C4C80,3,"['Arena', 'Castelvecchio']",Duomo,"['AMO', 'Museo Miniscalchi', 'Santa Anastasia', 'Teatro Romano', 'Palazzo della Ragione']",Santa Anastasia,strategy_nearest,True,0.0013909339904785156,success
0465B3429C4C80,1,"['Arena', 'Casa Giulietta', 'Palazzo della Ragione', 'Torre Lamberti']",Santa Anastasia,"['AMO', 'Museo Conte', 'Teatro Romano', 'Centro Fotografia', 'Duomo']",Duomo,strategy_nearest,True,0.0026140213012695312,success
0465C4429C4C80,0,['Arena'],Casa Giulietta,"['Centro Fotografia', 'Sighseeing', 'Torre Lamberti', 'Museo Conte', 'Museo Radio']",Torre Lamberti,strategy_nearest,True,0.0015077590942382812,success
0465C34A9C4C80,1,"['Arena', 'San Fermo', 'Casa Giulietta']",Torre Lamberti,"['Sighseeing', 'Centro Fotografia', 'Museo Conte', 'Palazzo della Ragione', 'AMO']",Palazzo della Ragione,strategy_nearest,True,0.0027930736541748047,success
0465C24A9C4C80,0,"['Castelvecchio', 'Arena']",San Zeno,"['Verona Tour', 'Museo Lapidario', 'Museo Miniscalchi', 'Sighseeing', 'Museo Radio']",Casa Giulietta,strategy_nearest,False,0.0034339427947998047,success
0465BD4A9C4C80,4,"['Arena', 'Casa Giulietta']",Tomba Giulietta,"['San Fermo', 'Museo Storia', 'Museo Lapidario', 'Museo Radio', 'Verona Tour']",Museo Radio,strategy_nearest,True,0.0022301673889160156,success
0465C94A9C4C80,1,"['Arena', 'Casa Giulietta', 'Torre Lamberti']",Palazzo della Ragione,"['AMO', 'Museo Conte', 'Centro Fotografia', 'Sighseeing', 'Santa Anastasia']",Santa Anastasia,strategy_nearest,True,0.0026121139526367188,success
0465C84A9C4C80,0,['Tomba Giulietta'],Arena,"['Verona Tour', 'Museo Lapidario', 'Museo Radio', 'San Fermo', 'Casa Giulietta']",Casa Giulietta,strategy_nearest,True,0.0032579898834228516,success
0465CA4A9C4C80,1,"['Arena', 'Casa Giulietta', 'Santa Anastasia']",Duomo,"['AMO', 'Museo Miniscalchi', 'Teatro Romano', 'Palazzo della Ragione', 'Museo Conte']",Torre Lamberti,strategy_nearest,False,0.0012726783752441406,success
0465CC3A9C4C80,0,['Torre Lamberti'],Casa Giulietta,"['Centro Fotografia', 'Sighseeing', 'Museo Conte', 'Museo Radio', 'Palazzo della Ragione']",Arena,strategy_nearest,False,0.003320932388305664,success
0465CD4A9C4C80,1,"['Arena', 'San Fermo']",Casa Giulietta,"['Centro Fotografia', 'Sighseeing', 'Torre Lamberti', 'Museo Conte', 'Museo Radio']",Torre Lamberti,strategy_nearest,True,0.002768993377685547,success
0465CE4A9C4C80,3,['Arena'],Casa Giulietta,"['Centro Fotografia', 'Sighseeing', 'Torre Lamberti', 'Museo Conte', 'Museo Radio']",Santa Anastasia,strategy_nearest,False,0.003931999206542969,success
0465D1429C4C80,3,"['Arena', 'Casa Giulietta']",San Fermo,"['Museo Storia', 'Museo Radio', 'Centro Fotografia', 'Sighseeing', 'Torre Lamberti']",Torre Lamberti,strategy_nearest,True,0.0033121109008789062,success
0465D9429C4C80,0,"['Arena', 'Casa Giulietta']",Castelvecchio,"['Museo Lapidario', 'Verona Tour', 'Museo Radio', 'San Zeno', 'Sighseeing']",Torre Lamberti,strategy_nearest,False,0.0013937950134277344,success
0465E4429C4C80,3,"['San Fermo', 'Arena', 'Castelvecchio']",San Zeno,"['Verona Tour', 'Museo Lapidario', 'Museo Miniscalchi', 'Sighseeing', 'Museo Radio']",Duomo,strategy_nearest,False,0.0033719539642333984,success
0465E2429C4C80,2,['Casa Giulietta'],San Fermo,"['Museo Storia', 'Museo Radio', 'Centro Fotografia', 'Arena', 'Sighseeing']",Santa Anastasia,strategy_nearest,False,0.001611948013305664,success
0465E8429C4C80,3,"['Arena', 'Casa Giulietta', 'Torre Lamberti']",Santa Anastasia,"['AMO', 'Museo Conte', 'Palazzo della Ragione', 'Teatro Romano', 'Centro Fotografia']",San Fermo,strategy_nearest,False,0.00261688232421875,success
0465E0429C4C80,2,['Casa Giulietta'],Torre Lamberti,"['Sighseeing', 'Centro Fotografia', 'Museo Conte', 'Palazzo della Ragione', 'AMO']",Palazzo della Ragione,strategy_nearest,True,0.0022530555725097656,success
0465FD429C4C80,3,"['Arena', 'Duomo']",Santa Anastasia,"['AMO', 'Museo Conte', 'Palazzo della Ragione', 'Teatro Romano', 'Centro Fotografia']",Teatro Romano,strategy_nearest,True,0.002129077911376953,success
0465F33A9C4C80,1,"['Castelvecchio', 'Arena', 'Casa Giulietta']",Torre Lamberti,"['Sighseeing', 'Centro Fotografia', 'Museo Conte', 'Palazzo della Ragione', 'AMO']",Palazzo della Ragione,strategy_nearest,True,0.001422882080078125,success
0466004A9C4C84,1,"['Arena', 'Torre Lamberti', 'Palazzo della Ragione']",Santa Anastasia,"['AMO', 'Museo Conte', 'Teatro Romano', 'Centro Fotografia', 'Duomo']",Duomo,strategy_nearest,True,0.002827167510986328,success
0466034A9C4C84,1,"['Arena', 'Castelvecchio', 'Casa Giulietta']",Santa Anastasia,"['AMO', 'Museo Conte', 'Palazzo della Ragione', 'Teatro Romano', 'Centro Fotografia']",Torre Lamberti,strategy_nearest,False,0.0032651424407958984,success
0466084A9C4C84,0,"['Arena', 'Castelvecchio']",Giardino Giusti,"['Santa Anastasia', 'Teatro Romano', 'Museo Conte', 'Centro Fotografia', 'Museo Storia']",Torre Lamberti,strategy_nearest,False,0.002360105514526367,success
04660B429C4C84,1,"['Arena', 'Casa Giulietta', 'Museo Storia', 'San Fermo']",Teatro Romano,"['Santa Anastasia', 'Duomo', 'AMO', 'Palazzo della Ragione', 'Museo Conte']",Castelvecchio,strategy_nearest,False,0.002476930618286133,success
0466094A9C4C84,0,['Arena'],Torre Lamberti,"['Sighseeing', 'Centro Fotografia', 'Museo Conte', 'Casa Giulietta', 'Palazzo della Ragione']",Casa Giulietta,strategy_nearest,True,0.003155231475830078,success
0466114A9C4C84,1,"['Arena', 'Casa Giulietta']",Torre Lamberti,"['Sighseeing', 'Centro Fotografia', 'Museo Conte', 'Palazzo della Ragione', 'AMO']",Palazzo della Ragione,strategy_nearest,True,0.002977132797241211,success
046614429C4C84,3,"['Arena', 'Santa Anastasia']",Duomo,"['AMO', 'Museo Miniscalchi', 'Teatro Romano', 'Palazzo della Ragione', 'Museo Conte']",San Zeno,strategy_nearest,False,0.003943920135498047,success
0466173A9C4C84,3,"['Arena', 'San Fermo']",Casa Giulietta,"['Centro Fotografia', 'Sighseeing', 'Torre Lamberti', 'Museo Conte', 'Museo Radio']",Santa Anastasia,strategy_nearest,False,0.0031800270080566406,success
0466163A9C4C80,2,"['San Zeno', 'Castelvecchio']",Santa Anastasia,"['AMO', 'Museo Conte', 'Palazzo della Ragione', 'Teatro Romano', 'Centro Fotografia']",Teatro Romano,strategy_nearest,True,0.001909017562866211,success
046624429C4C84,3,"['Castelvecchio', 'Arena']",Casa Giulietta,"['Centro Fotografia', 'Sighseeing', 'Torre Lamberti', 'Museo Conte', 'Museo Radio']",Teatro Romano,strategy_nearest,False,0.0028488636016845703,success
0466294A9C4C80,3,['Arena'],Torre Lamberti,"['Sighseeing', 'Centro Fotografia', 'Museo Conte', 'Casa Giulietta', 'Palazzo della Ragione']",Santa Anastasia,strategy_nearest,False,0.0018129348754882812,success
04662C429C4C80,1,"['Casa Giulietta', 'Torre Lamberti', 'Palazzo della Ragione']",Arena,"['Verona Tour', 'Museo Lapidario', 'Museo Radio', 'San Fermo', 'Sighseeing']",San Fermo,strategy_nearest,True,0.0023889541625976562,success
04662E3A9C4C80,0,"['Casa Giulietta', 'Torre Lamberti']",Arena,"['Verona Tour', 'Museo Lapidario', 'Museo Radio', 'San Fermo', 'Sighseeing']",San Zeno,strategy_nearest,False,0.0043201446533203125,success
04663D4A9C4C80,3,"['Arena', 'Teatro Romano']",Torre Lamberti,"['Sighseeing', 'Centro Fotografia', 'Museo Conte', 'Casa Giulietta', 'Palazzo della Ragione']",Duomo,strategy_nearest,False,0.0026760101318359375,success
0466333A9C4C80,3,"['Arena', 'Castelvecchio']",Casa Giulietta,"['Centro Fotografia', 'Sighseeing', 'Torre Lamberti', 'Museo Conte', 'Museo Radio']",Torre Lamberti,strategy_nearest,True,0.0027229785919189453,success
0466643A9C4C80,3,"['Arena', 'Casa Giulietta']",Santa Anastasia,"['AMO', 'Museo Conte', 'Palazzo della Ragione', 'Teatro Romano', 'Centro Fotografia']",Castelvecchio,strategy_nearest,False,0.003246784210205078,success
0466784A9C4C80,3,"['Arena', 'Casa Giulietta']",Torre Lamberti,"['Sighseeing', 'Centro Fotografia', 'Museo Conte', 'Palazzo della Ragione', 'AMO']",Santa Anastasia,strategy_nearest,False,0.0022630691528320312,success
0466A4429C4C80,3,"['Arena', 'Casa Giulietta', 'Torre Lamberti']",Santa Anastasia,"['AMO', 'Museo Conte', 'Palazzo della Ragione', 'Teatro Romano', 'Centro Fotografia']",Duomo,strategy_nearest,False,0.0018579959869384766,success
046689429C4C80,3,['Santa Anastasia'],Casa Giulietta,"['Centro Fotografia', 'Sighseeing', 'Torre Lamberti', 'Museo Conte', 'Museo Radio']",Arena,strategy_nearest,False,0.0034449100494384766,success
0466A24A9C4C80,1,"['Castelvecchio', 'San Zeno']",Arena,"['Verona Tour', 'Museo Lapidario', 'Museo Radio', 'San Fermo', 'Casa Giulietta']",Torre Lamberti,strategy_nearest,False,0.0027687549591064453,success
0466B03A9C4C80,1,['Palazzo della Ragione'],Torre Lamberti,"['Sighseeing', 'Centro Fotografia', 'Museo Conte', 'Casa Giulietta', 'AMO']",Casa Giulietta,strategy_nearest,True,0.002780914306640625,success
0466B23A9C4C80,1,"['Palazzo della Ragione', 'Torre Lamberti', 'Santa Anastasia']",Duomo,"['AMO', 'Museo Miniscalchi', 'Teatro Romano', 'Museo Conte', 'Centro Fotografia']",San Zeno,strategy_nearest,False,0.0024220943450927734,success
0466B74A9C4C80,1,"['Arena', 'San Fermo', 'Casa Giulietta']",Palazzo della Ragione,"['AMO', 'Museo Conte', 'Torre Lamberti', 'Centro Fotografia', 'Sighseeing']",Torre Lamberti,strategy_nearest,True,0.0026369094848632812,success
0466B54A9C4C80,1,['Arena'],Torre Lamberti,"['Sighseeing', 'Centro Fotografia', 'Museo Conte', 'Casa Giulietta', 'Palazzo della Ragione']",Palazzo della Ragione,strategy_nearest,True,0.003342151641845703,success
0466B84A9C4C80,3,"['Castelvecchio', 'Arena']",Casa Giulietta,"['Centro Fotografia', 'Sighseeing', 'Torre Lamberti', 'Museo Conte', 'Museo Radio']",Santa Anastasia,strategy_nearest,False,0.0030698776245117188,success
0466BC429C4C80,0,"['Castelvecchio', 'Arena']",Torre Lamberti,"['Sighseeing', 'Centro Fotografia', 'Museo Conte', 'Casa Giulietta', 'Palazzo della Ragione']",Casa Giulietta,strategy_nearest,True,0.0029277801513671875,success
0466C54A9C4C80,1,"['Arena', 'Museo Lapidario', 'Castelvecchio']",Casa Giulietta,"['Centro Fotografia', 'Sighseeing', 'Torre Lamberti', 'Museo Conte', 'Museo Radio']",Palazzo della Ragione,strategy_nearest,False,0.003219127655029297,success
0466BE4A9C4C80,2,"['Torre Lamberti', 'Palazzo della Ragione', 'Santa Anastasia']",Duomo,"['AMO', 'Museo Miniscalchi', 'Teatro Romano', 'Museo Conte', 'Centro Fotografia']",Casa Giulietta,strategy_nearest,False,0.002939939498901367,success
0466BA4A9C4C80,0,"['San Fermo', 'Torre Lamberti']",Arena,"['Verona Tour', 'Museo Lapidario', 'Museo Radio', 'Casa Giulietta', 'Sighseeing']",Casa Giulietta,strategy_nearest,True,0.0029528141021728516,success
0466C94A9C4C80,3,"['Casa Giulietta', 'Torre Lamberti', 'Santa Anastasia', 'Teatro Romano']",Duomo,"['AMO', 'Museo Miniscalchi', 'Palazzo della Ragione', 'Museo Conte', 'Centro Fotografia']",Arena,strategy_nearest,False,0.002177000045776367,success
0466C74A9C4C80,3,"['Torre Lamberti', 'Casa Giulietta', 'Castelvecchio']",San Zeno,"['Verona Tour', 'Museo Lapidario', 'Arena', 'Museo Miniscalchi', 'Sighseeing']",Arena,strategy_nearest,True,0.0016279220581054688,success
0466C64A9C4C80,3,"['Arena', 'Casa Giulietta']",Santa Anastasia,"['AMO', 'Museo Conte', 'Palazzo della Ragione', 'Teatro Romano', 'Centro Fotografia']",Duomo,strategy_nearest,False,0.003592967987060547,success
0466CB4A9C4C80,3,['Arena'],Casa Giulietta,"['Centro Fotografia', 'Sighseeing', 'Torre Lamberti', 'Museo Conte', 'Museo Radio']",San Fermo,strategy_nearest,False,0.0027170181274414062,success
0466D63A9C4C80,1,"['Arena', 'Casa Giulietta', 'Palazzo della Ragione']",Torre Lamberti,"['Sighseeing', 'Centro Fotografia', 'Museo Conte', 'AMO', 'Museo Miniscalchi']",Santa Anastasia,strategy_nearest,False,0.0018610954284667969,success
0466CD4A9C4C80,3,"['Arena', 'Casa Giulietta']",Castelvecchio,"['Museo Lapidario', 'Verona Tour', 'Museo Radio', 'San Zeno', 'Sighseeing']",Duomo,strategy_nearest,False,0.004107952117919922,success
0466E0429C4C80,0,['Casa Giulietta'],Santa Anastasia,"['AMO', 'Museo Conte', 'Palazzo della Ragione', 'Teatro Romano', 'Centro Fotografia']",Arena,strategy_nearest,False,0.003240823745727539,success
0466D04A9C4C80,1,"['Arena', 'Casa Giulietta']",Palazzo della Ragione,"['AMO', 'Museo Conte', 'Torre Lamberti', 'Centro Fotografia', 'Sighseeing']",Torre Lamberti,strategy_nearest,True,0.0014262199401855469,success
0466E1429C4C80,0,['Arena'],Teatro Romano,"['Santa Anastasia', 'Duomo', 'AMO', 'Palazzo della Ragione', 'Museo Conte']",Casa Giulietta,strategy_nearest,False,0.002796649932861328,success
0466E94A9C4C80,2,"['Casa Giulietta', 'Torre Lamberti']",Santa Anastasia,"['AMO', 'Museo Conte', 'Palazzo della Ragione', 'Teatro Romano', 'Centro Fotografia']",Teatro Romano,strategy_nearest,True,0.002794027328491211,success
0466EC4A9C4C80,3,['Arena'],Casa Giulietta,"['Centro Fotografia', 'Sighseeing', 'Torre Lamberti', 'Museo Conte', 'Museo Radio']",Santa Anastasia,strategy_nearest,False,0.0015799999237060547,success
0466FB4A9C4C80,3,"['Arena', 'Casa Giulietta']",Santa Anastasia,"['AMO', 'Museo Conte', 'Palazzo della Ragione', 'Teatro Romano', 'Centro Fotografia']",Duomo,strategy_nearest,False,0.0033752918243408203,success
0466FD429C4C80,1,"['Museo Lapidario', 'Palazzo della Ragione']",Arena,"['Verona Tour', 'Museo Radio', 'San Fermo', 'Casa Giulietta', 'Sighseeing']",Casa Giulietta,strategy_nearest,True,0.0019779205322265625,success
0466FF4A9C4C80,3,"['Arena', 'Casa Giulietta']",Torre Lamberti,"['Sighseeing', 'Centro Fotografia', 'Museo Conte', 'Palazzo della Ragione', 'AMO']",Santa Anastasia,strategy_nearest,False,0.0033631324768066406,success
0467024A9C4C84,0,['Arena'],Casa Giulietta,"['Centro Fotografia', 'Sighseeing', 'Torre Lamberti', 'Museo Conte', 'Museo Radio']",Castelvecchio,strategy_nearest,False,0.003042936325073242,success
0467004A9C4C84,1,"['Arena', 'Teatro Romano', 'Torre Lamberti']",Palazzo della Ragione,"['AMO', 'Museo Conte', 'Centro Fotografia', 'Sighseeing', 'Santa Anastasia']",Santa Anastasia,strategy_nearest,True,0.002035856246948242,success
0467094A9C4C84,0,['Teatro Romano'],Duomo,"['AMO', 'Museo Miniscalchi', 'Santa Anastasia', 'Palazzo della Ragione', 'Museo Conte']",Castelvecchio,strategy_nearest,False,0.001466989517211914,success
0467084A9C4C84,1,"['Arena', 'San Fermo']",Palazzo della Ragione,"['AMO', 'Museo Conte', 'Torre Lamberti', 'Centro Fotografia', 'Sighseeing']",Santa Anastasia,strategy_nearest,False,0.0027709007263183594,success
0467034A9C4C84,0,['Arena'],Casa Giulietta,"['Centro Fotografia', 'Sighseeing', 'Torre Lamberti', 'Museo Conte', 'Museo Radio']",Torre Lamberti,strategy_nearest,True,0.00406193733215332,success
04670D4A9C4C84,1,"['Castelvecchio', 'Arena', 'Casa Giulietta']",Torre Lamberti,"['Sighseeing', 'Centro Fotografia', 'Museo Conte', 'Palazzo della Ragione', 'AMO']",Palazzo della Ragione,strategy_nearest,True,0.0026471614837646484,success
046711429C4C84,0,['Arena'],Casa Giulietta,"['Centro Fotografia', 'Sighseeing', 'Torre Lamberti', 'Museo Conte', 'Museo Radio']",Castelvecchio,strategy_nearest,False,0.003450155258178711,success
0467114A9C4C80,0,['Arena'],Torre Lamberti,"['Sighseeing', 'Centro Fotografia', 'Museo Conte', 'Casa Giulietta', 'Palazzo della Ragione']",Casa Giulietta,strategy_nearest,True,0.003386259078979492,success
0467124A9C4C80,0,['Arena'],Duomo,"['AMO', 'Museo Miniscalchi', 'Santa Anastasia', 'Teatro Romano', 'Palazzo della Ragione']",Casa Giulietta,strategy_nearest,False,0.0013990402221679688,success
0467114A9C4C84,3,"['Arena', 'Casa Giulietta']",Torre Lamberti,"['Sighseeing', 'Centro Fotografia', 'Museo Conte', 'Palazzo della Ragione', 'AMO']",Teatro Romano,strategy_nearest,False,0.003491640090942383,success
046717429C4C84,1,"['Arena', 'Casa Giulietta', 'Torre Lamberti']",Santa Anastasia,"['AMO', 'Museo Conte', 'Palazzo della Ragione', 'Teatro Romano', 'Centro Fotografia']",Duomo,strategy_nearest,False,0.003329038619995117,success
04674C4A9C4C80,1,"['Arena', 'Torre Lamberti']",Palazzo della Ragione,"['AMO', 'Museo Conte', 'Centro Fotografia', 'Sighseeing', 'Santa Anastasia']",Casa Giulietta,strategy_nearest,False,0.0019788742065429688,success
04673A3A9C4C80,0,"['Giardino Giusti', 'Teatro Romano']",Duomo,"['AMO', 'Museo Miniscalchi', 'Santa Anastasia', 'Palazzo della Ragione', 'Museo Conte']",Casa Giulietta,strategy_nearest,False,0.0014019012451171875,success
0467293A9C4C80,1,"['Casa Giulietta', 'Palazzo della Ragione', 'Santa Anastasia', 'Arena', 'Torre Lamberti']",Teatro Romano,"['Duomo', 'AMO', 'Museo Conte', 'Centro Fotografia', 'Museo Miniscalchi']",Duomo,strategy_nearest,True,0.0039021968841552734,success
0467754A9C4C80,0,"['Arena', 'Torre Lamberti']",Casa Giulietta,"['Centro Fotografia', 'Sighseeing', 'Museo Conte', 'Museo Radio', 'Palazzo della Ragione']",San Fermo,strategy_nearest,False,0.0013971328735351562,success
046770429C4C80,0,['Tomba Giulietta'],Arena,"['Verona Tour', 'Museo Lapidario', 'Museo Radio', 'San Fermo', 'Casa Giulietta']",Casa Giulietta,strategy_nearest,True,0.002610921859741211,success
0467653A9C4C80,1,"['Arena', 'Palazzo della Ragione']",Casa Giulietta,"['Centro Fotografia', 'Sighseeing', 'Torre Lamberti', 'Museo Conte', 'Museo Radio']",Teatro Romano,strategy_nearest,False,0.0020449161529541016,success
0467613A9C4C80,0,['Arena'],Castelvecchio,"['Museo Lapidario', 'Verona Tour', 'Museo Radio', 'San Zeno', 'Sighseeing']",Duomo,strategy_nearest,False,0.003953695297241211,success
04677C4A9C4C80,3,"['Santa Anastasia', 'Duomo']",Castelvecchio,"['Museo Lapidario', 'Verona Tour', 'Arena', 'Museo Radio', 'San Zeno']",San Fermo,strategy_nearest,False,0.0012598037719726562,success
04677F429C4C80,1,['Arena'],Santa Anastasia,"['AMO', 'Museo Conte', 'Palazzo della Ragione', 'Teatro Romano', 'Centro Fotografia']",Torre Lamberti,strategy_nearest,False,0.0031790733337402344,success
0467764A9C4C80,3,"['Arena', 'Torre Lamberti']",Casa Giulietta,"['Centro Fotografia', 'Sighseeing', 'Museo Conte', 'Museo Radio', 'Palazzo della Ragione']",Tomba Giulietta,strategy_nearest,False,0.0026209354400634766,success
04677B4A9C4C80,1,"['Casa Giulietta', 'Palazzo della Ragione']",Torre Lamberti,"['Sighseeing', 'Centro Fotografia', 'Museo Conte', 'AMO', 'Museo Miniscalchi']",Santa Anastasia,strategy_nearest,False,0.0033779144287109375,success
046784429C4C80,2,['Museo Storia'],Casa Giulietta,"['Centro Fotografia', 'Sighseeing', 'Torre Lamberti', 'Museo Conte', 'Museo Radio']",Tomba Giulietta,strategy_nearest,False,0.002128124237060547,success
046797429C4C80,0,"['Arena', 'Casa Giulietta']",Teatro Romano,"['Santa Anastasia', 'Duomo', 'AMO', 'Palazzo della Ragione', 'Museo Conte']",Duomo,strategy_nearest,True,0.0026979446411132812,success
046786429C4C80,3,"['Arena', 'Casa Giulietta', 'Torre Lamberti']",Santa Anastasia,"['AMO', 'Museo Conte', 'Palazzo della Ragione', 'Teatro Romano', 'Centro Fotografia']",Teatro Romano,strategy_nearest,True,0.0014989376068115234,success
04679A429C4C80,0,['Casa Giulietta'],San Fermo,"['Museo Storia', 'Museo Radio', 'Centro Fotografia', 'Arena', 'Sighseeing']",Arena,strategy_nearest,True,0.003228902816772461,success
04679B429C4C80,0,"['Castelvecchio', 'Arena']",Casa Giulietta,"['Centro Fotografia', 'Sighseeing', 'Torre Lamberti', 'Museo Conte', 'Museo Radio']",Duomo,strategy_nearest,False,0.0015838146209716797,success
0467A1429C4C80,0,['Castelvecchio'],Arena,"['Verona Tour', 'Museo Lapidario', 'Museo Radio', 'San Fermo', 'Casa Giulietta']",Torre Lamberti,strategy_nearest,False,0.0020847320556640625,success
0467A54A9C4C80,3,"['Castelvecchio', 'Casa Giulietta']",Torre Lamberti,"['Sighseeing', 'Centro Fotografia', 'Museo Conte', 'Palazzo della Ragione', 'AMO']",Santa Anastasia,strategy_nearest,False,0.0025610923767089844,success
04679D429C4C80,1,"['Palazzo della Ragione', 'Torre Lamberti', 'Casa Giulietta', 'Arena']",Museo Lapidario,"['Verona Tour', 'Castelvecchio', 'Museo Radio', 'San Fermo', 'Tomba Giulietta']",Castelvecchio,strategy_nearest,True,0.003337860107421875,success
0467B03A9C4C80,1,['Arena'],Palazzo della Ragione,"['AMO', 'Museo Conte', 'Torre Lamberti', 'Centro Fotografia', 'Sighseeing']",Torre Lamberti,strategy_nearest,True,0.0016078948974609375,success
0467B3429C4C80,3,"['Arena', 'Casa Giulietta']",Torre Lamberti,"['Sighseeing', 'Centro Fotografia', 'Museo Conte', 'Palazzo della Ragione', 'AMO']",Santa Anastasia,strategy_nearest,False,0.002765178680419922,success
0467B5429C4C80,0,"['Arena', 'Museo Lapidario']",Castelvecchio,"['Verona Tour', 'Museo Radio', 'San Zeno', 'Sighseeing', 'Museo Miniscalchi']",San Fermo,strategy_nearest,False,0.0021190643310546875,success
0467B43A9C4C80,0,"['Arena', 'Castelvecchio']",Casa Giulietta,"['Centro Fotografia', 'Sighseeing', 'Torre Lamberti', 'Museo Conte', 'Museo Radio']",Torre Lamberti,strategy_nearest,True,0.0033278465270996094,success
0467BA4A9C4C80,3,"['Torre Lamberti', 'Casa Giulietta', 'Arena']",Castelvecchio,"['Museo Lapidario', 'Verona Tour', 'Museo Radio', 'San Zeno', 'Sighseeing']",Santa Anastasia,strategy_nearest,False,0.0016226768493652344,success
0467BB3A9C4C80,3,"['Arena', 'Torre Lamberti']",Duomo,"['AMO', 'Museo Miniscalchi', 'Santa Anastasia', 'Teatro Romano', 'Palazzo della Ragione']",San Zeno,strategy_nearest,False,0.0021839141845703125,success
0467BE4A9C4C80,1,"['Casa Giulietta', 'Torre Lamberti']",Palazzo della Ragione,"['AMO', 'Museo Conte', 'Centro Fotografia', 'Sighseeing', 'Santa Anastasia']",Castelvecchio,strategy_nearest,False,0.003353118896484375,success
0467C54A9C4C80,2,"['Castelvecchio', 'Casa Giulietta']",Torre Lamberti,"['Sighseeing', 'Centro Fotografia', 'Museo Conte', 'Palazzo della Ragione', 'AMO']",Palazzo della Ragione,strategy_nearest,True,0.002711057662963867,success
0467CA3A9C4C80,0,"['Casa Giulietta', 'Tomba Giulietta']",Arena,"['Verona Tour', 'Museo Lapidario', 'Museo Radio', 'San Fermo', 'Sighseeing']",Teatro Romano,strategy_nearest,False,0.003286123275756836,success
0467CD4A9C4C80,1,"['Tomba Giulietta', 'San Fermo', 'Casa Giulietta', 'Palazzo della Ragione']",Torre Lamberti,"['Sighseeing', 'Centro Fotografia', 'Museo Conte', 'AMO', 'Museo Miniscalchi']",Santa Anastasia,strategy_nearest,False,0.00209808349609375,success
0467E1429C4C80,1,"['Arena', 'San Zeno', 'Castelvecchio', 'Tomba Giulietta']",Casa Giulietta,"['Centro Fotografia', 'Sighseeing', 'Torre Lamberti', 'Museo Conte', 'Museo Radio']",Palazzo della Ragione,strategy_nearest,False,0.0031380653381347656,success
0467D63A9C4C80,1,"['Arena', 'Museo Lapidario', 'Castelvecchio', 'Duomo']",San Zeno,"['Verona Tour', 'Museo Miniscalchi', 'Sighseeing', 'Museo Radio', 'Torre Lamberti']",San Fermo,strategy_nearest,False,0.001299142837524414,success
0467E63A9C4C80,0,"['Arena', 'Castelvecchio']",San Zeno,"['Verona Tour', 'Museo Lapidario', 'Museo Miniscalchi', 'Sighseeing', 'Museo Radio']",Casa Giulietta,strategy_nearest,False,0.0018720626831054688,success
0467EC3A9C4C80,3,"['Arena', 'Castelvecchio', 'Duomo']",Teatro Romano,"['Santa Anastasia', 'AMO', 'Palazzo della Ragione', 'Museo Conte', 'Centro Fotografia']",Santa Anastasia,strategy_nearest,True,0.0026597976684570312,success
0467E83A9C4C80,0,['Arena'],Casa Giulietta,"['Centro Fotografia', 'Sighseeing', 'Torre Lamberti', 'Museo Conte', 'Museo Radio']",Palazzo della Ragione,strategy_nearest,False,0.0020940303802490234,success
0467F54A9C4C80,3,"['Arena', 'San Fermo']",Santa Anastasia,"['AMO', 'Museo Conte', 'Palazzo della Ragione', 'Teatro Romano', 'Centro Fotografia']",Casa Giulietta,strategy_nearest,False,0.003270864486694336,success
046802429C4C84,3,"['Castelvecchio', 'Arena', 'Santa Anastasia']",Duomo,"['AMO', 'Museo Miniscalchi', 'Teatro Romano', 'Palazzo della Ragione', 'Museo Conte']",Teatro Romano,strategy_nearest,True,0.0013968944549560547,success
0467F8429C4C80,1,"['Arena', 'Museo Lapidario', 'Castelvecchio']",Santa Anastasia,"['AMO', 'Museo Conte', 'Palazzo della Ragione', 'Teatro Romano', 'Centro Fotografia']",San Fermo,strategy_nearest,False,0.0027933120727539062,success
04680E4A9C4C84,3,"['Arena', 'Castelvecchio']",Torre Lamberti,"['Sighseeing', 'Centro Fotografia', 'Museo Conte', 'Casa Giulietta', 'Palazzo della Ragione']",Duomo,strategy_nearest,False,0.002557039260864258,success
0467F7429C4C80,1,"['Arena', 'Museo Lapidario', 'Castelvecchio']",Santa Anastasia,"['AMO', 'Museo Conte', 'Palazzo della Ragione', 'Teatro Romano', 'Centro Fotografia']",San Fermo,strategy_nearest,False,0.004000186920166016,success
046824429C4C80,2,"['Museo Lapidario', 'Teatro Romano', 'Duomo']",Santa Anastasia,"['AMO', 'Museo Conte', 'Palazzo della Ragione', 'Centro Fotografia', 'Torre Lamberti']",San Fermo,strategy_nearest,False,0.002566099166870117,success
04681D429C4C84,1,"['Arena', 'Palazzo della Ragione']",Torre Lamberti,"['Sighseeing', 'Centro Fotografia', 'Museo Conte', 'Casa Giulietta', 'AMO']",Santa Anastasia,strategy_nearest,False,0.0020279884338378906,success
046811429C4C84,0,['Arena'],Torre Lamberti,"['Sighseeing', 'Centro Fotografia', 'Museo Conte', 'Casa Giulietta', 'Palazzo della Ragione']",Casa Giulietta,strategy_nearest,True,0.0015532970428466797,success
0468163A9C4C80,1,"['Palazzo della Ragione', 'Arena', 'Casa Giulietta']",Giardino Giusti,"['Santa Anastasia', 'Teatro Romano', 'Museo Conte', 'Centro Fotografia', 'Museo Storia']",Teatro Romano,strategy_nearest,True,0.0035047531127929688,success
04682A4A9C4C80,3,"['Arena', 'Castelvecchio', 'Casa Giulietta', 'Giardino Giusti']",Teatro Romano,"['Santa Anastasia', 'Duomo', 'AMO', 'Palazzo della Ragione', 'Museo Conte']",Duomo,strategy_nearest,True,0.0033197402954101562,success
04682F429C4C80,1,"['Casa Giulietta', 'Torre Lamberti']",Palazzo della Ragione,"['AMO', 'Museo Conte', 'Centro Fotografia', 'Sighseeing', 'Santa Anastasia']",Santa Anastasia,strategy_nearest,True,0.001463174819946289,success
0468264A9C4C80,3,['Arena'],San Zeno,"['Castelvecchio', 'Verona Tour', 'Museo Lapidario', 'Museo Miniscalchi', 'Sighseeing']",Santa Anastasia,strategy_nearest,False,0.002752065658569336,success
04683F4A9C4C80,2,['Castelvecchio'],Tomba Giulietta,"['San Fermo', 'Museo Storia', 'Arena', 'Museo Lapidario', 'Museo Radio']",Casa Giulietta,strategy_nearest,False,0.0031349658966064453,success
046847429C4C80,0,['Arena'],Duomo,"['AMO', 'Museo Miniscalchi', 'Santa Anastasia', 'Teatro Romano', 'Palazzo della Ragione']",Teatro Romano,strategy_nearest,True,0.00335693359375,success
04684C3A9C4C80,3,"['Tomba Giulietta', 'San Fermo', 'Teatro Romano']",Santa Anastasia,"['AMO', 'Museo Conte', 'Palazzo della Ragione', 'Centro Fotografia', 'Duomo']",Castelvecchio,strategy_nearest,False,0.002039670944213867,success
04684A3A9C4C80,1,"['Castelvecchio', 'Arena', 'Casa Giulietta']",Palazzo della Ragione,"['AMO', 'Museo Conte', 'Torre Lamberti', 'Centro Fotografia', 'Sighseeing']",Torre Lamberti,strategy_nearest,True,0.001497030258178711,success
0468453A9C4C80,2,['Torre Lamberti'],Casa Giulietta,"['Centro Fotografia', 'Sighseeing', 'Museo Conte', 'Museo Radio', 'Palazzo della Ragione']",Castelvecchio,strategy_nearest,False,0.0027840137481689453,success
0468733A9C4C80,3,['Arena'],Casa Giulietta,"['Centro Fotografia', 'Sighseeing', 'Torre Lamberti', 'Museo Conte', 'Museo Radio']",Santa Anastasia,strategy_nearest,False,0.0020761489868164062,success
0468524A9C4C80,3,['Arena'],Torre Lamberti,"['Sighseeing', 'Centro Fotografia', 'Museo Conte', 'Casa Giulietta', 'Palazzo della Ragione']",Casa Giulietta,strategy_nearest,True,0.0026950836181640625,success
04687D3A9C4C80,3,['Santa Anastasia'],Duomo,"['AMO', 'Museo Miniscalchi', 'Teatro Romano', 'Palazzo della Ragione', 'Museo Conte']",Casa Giulietta,strategy_nearest,False,0.0014050006866455078,success
0468764A9C4C80,3,['Arena'],Casa Giulietta,"['Centro Fotografia', 'Sighseeing', 'Torre Lamberti', 'Museo Conte', 'Museo Radio']",Torre Lamberti,strategy_nearest,True,0.0033750534057617188,success
0468954A9C4C80,3,"['Arena', 'San Fermo', 'Casa Giulietta']",Torre Lamberti,"['Sighseeing', 'Centro Fotografia', 'Museo Conte', 'Palazzo della Ragione', 'AMO']",Santa Anastasia,strategy_nearest,False,0.0012888908386230469,success
04688E4A9C4C80,0,['Arena'],Castelvecchio,"['Museo Lapidario', 'Verona Tour', 'Museo Radio', 'San Zeno', 'Sighseeing']",Casa Giulietta,strategy_nearest,False,0.002741098403930664,success
04687D4A9C4C80,0,['Arena'],Casa Giulietta,"['Centro Fotografia', 'Sighseeing', 'Torre Lamberti', 'Museo Conte', 'Museo Radio']",Duomo,strategy_nearest,False,0.0033919811248779297,success
0468964A9C4C80,3,['Castelvecchio'],Arena,"['Verona Tour', 'Museo Lapidario', 'Museo Radio', 'San Fermo', 'Casa Giulietta']",Torre Lamberti,strategy_nearest,False,0.0032439231872558594,success
04689A4A9C4C80,0,['Arena'],Casa Giulietta,"['Centro Fotografia', 'Sighseeing', 'Torre Lamberti', 'Museo Conte', 'Museo Radio']",Torre Lamberti,strategy_nearest,True,0.002051830291748047,success
0468AC4A9C4C80,0,"['Torre Lamberti', 'Teatro Romano']",Casa Giulietta,"['Centro Fotografia', 'Sighseeing', 'Museo Conte', 'Museo Radio', 'Palazzo della Ragione']",Arena,strategy_nearest,False,0.0019960403442382812,success
0468A44A9C4C80,3,"['Castelvecchio', 'Arena']",Casa Giulietta,"['Centro Fotografia', 'Sighseeing', 'Torre Lamberti', 'Museo Conte', 'Museo Radio']",Torre Lamberti,strategy_nearest,True,0.003322124481201172,success
04689C429C4C80,3,"['Casa Giulietta', 'Arena']",Castelvecchio,"['Museo Lapidario', 'Verona Tour', 'Museo Radio', 'San Zeno', 'Sighseeing']",Santa Anastasia,strategy_nearest,False,0.002727985382080078,success
0468AE4A9C4C80,0,['Arena'],Castelvecchio,"['Museo Lapidario', 'Verona Tour', 'Museo Radio', 'San Zeno', 'Sighseeing']",Casa Giulietta,strategy_nearest,False,0.0028159618377685547,success
0468B54A9C4C80,0,['Arena'],Casa Giulietta,"['Centro Fotografia', 'Sighseeing', 'Torre Lamberti', 'Museo Conte', 'Museo Radio']",Castelvecchio,strategy_nearest,False,0.002171039581298828,success
0468B74A9C4C80,3,['Arena'],Torre Lamberti,"['Sighseeing', 'Centro Fotografia', 'Museo Conte', 'Casa Giulietta', 'Palazzo della Ragione']",Santa Anastasia,strategy_nearest,False,0.0027649402618408203,success
0468B84A9C4C80,0,['Teatro Romano'],Duomo,"['AMO', 'Museo Miniscalchi', 'Santa Anastasia', 'Palazzo della Ragione', 'Museo Conte']",Arena,strategy_nearest,False,0.003269195556640625,success
0468BC4A9C4C80,0,['Arena'],Torre Lamberti,"['Sighseeing', 'Centro Fotografia', 'Museo Conte', 'Casa Giulietta', 'Palazzo della Ragione']",Casa Giulietta,strategy_nearest,True,0.00465083122253418,success
0468CF3A9C4C80,2,['Casa Giulietta'],Torre Lamberti,"['Sighseeing', 'Centro Fotografia', 'Museo Conte', 'Palazzo della Ragione', 'AMO']",Duomo,strategy_nearest,False,0.0026710033416748047,success
0468C2429C4C80,3,['Arena'],Santa Anastasia,"['AMO', 'Museo Conte', 'Palazzo della Ragione', 'Teatro Romano', 'Centro Fotografia']",Duomo,strategy_nearest,False,0.00220489501953125,success
0468C54A9C4C80,1,['Palazzo della Ragione'],Torre Lamberti,"['Sighseeing', 'Centro Fotografia', 'Museo Conte', 'Casa Giulietta', 'AMO']",Casa Giulietta,strategy_nearest,True,0.0021419525146484375,success
0468D3429C4C80,3,"['Arena', 'Museo Lapidario', 'Castelvecchio', 'Casa Giulietta']",Santa Anastasia,"['AMO', 'Museo Conte', 'Palazzo della Ragione', 'Teatro Romano', 'Centro Fotografia']",Teatro Romano,strategy_nearest,True,0.0021860599517822266,success
0468DB3A9C4C80,1,"['Arena', 'Torre Lamberti', 'Palazzo della Ragione']",San Fermo,"['Museo Storia', 'Museo Radio', 'Casa Giulietta', 'Centro Fotografia', 'Sighseeing']",Casa Giulietta,strategy_nearest,True,0.003185272216796875,success
0468D23A9C4C80,0,"['Castelvecchio', 'Arena']",Teatro Romano,"['Santa Anastasia', 'Duomo', 'AMO', 'Palazzo della Ragione', 'Museo Conte']",Duomo,strategy_nearest,True,0.0016126632690429688,success
0468D8429C4C80,2,['Torre Lamberti'],Casa Giulietta,"['Centro Fotografia', 'Sighseeing', 'Museo Conte', 'Museo Radio', 'Palazzo della Ragione']",Duomo,strategy_nearest,False,0.002758026123046875,success
0468ED3A9C4C80,1,"['Arena', 'Museo Lapidario', 'Castelvecchio', 'Torre Lamberti']",Palazzo della Ragione,"['AMO', 'Museo Conte', 'Centro Fotografia', 'Sighseeing', 'Santa Anastasia']",Teatro Romano,strategy_nearest,False,0.002732992172241211,success
0468E5429C4C80,1,"['Castelvecchio', 'Torre Lamberti']",Palazzo della Ragione,"['AMO', 'Museo Conte', 'Centro Fotografia', 'Sighseeing', 'Santa Anastasia']",Santa Anastasia,strategy_nearest,True,0.0033829212188720703,success
0468F24A9C4C80,0,['Arena'],Casa Giulietta,"['Centro Fotografia', 'Sighseeing', 'Torre Lamberti', 'Museo Conte', 'Museo Radio']",Teatro Romano,strategy_nearest,False,0.001415252685546875,success
0468F14A9C4C80,1,"['Arena', 'Casa Giulietta']",Palazzo della Ragione,"['AMO', 'Museo Conte', 'Torre Lamberti', 'Centro Fotografia', 'Sighseeing']",Torre Lamberti,strategy_nearest,True,0.002119302749633789,success
0468FB4A9C4C80,3,"['Tomba Giulietta', 'Arena', 'San Zeno']",Santa Anastasia,"['AMO', 'Museo Conte', 'Palazzo della Ragione', 'Teatro Romano', 'Centro Fotografia']",Torre Lamberti,strategy_nearest,False,0.0015408992767333984,success
0468F54A9C4C80,0,['Arena'],Casa Giulietta,"['Centro Fotografia', 'Sighseeing', 'Torre Lamberti', 'Museo Conte', 'Museo Radio']",Tomba Giulietta,strategy_nearest,False,0.002790212631225586,success
0468FD4A9C4C80,1,['Arena'],Torre Lamberti,"['Sighseeing', 'Centro Fotografia', 'Museo Conte', 'Casa Giulietta', 'Palazzo della Ragione']",Palazzo della Ragione,strategy_nearest,True,0.003177165985107422,success
0468F94A9C4C80,0,['Arena'],Casa Giulietta,"['Centro Fotografia', 'Sighseeing', 'Torre Lamberti', 'Museo Conte', 'Museo Radio']",Duomo,strategy_nearest,False,0.0027582645416259766,success
0468FE4A9C4C80,2,['Teatro Romano'],Duomo,"['AMO', 'Museo Miniscalchi', 'Santa Anastasia', 'Palazzo della Ragione', 'Museo Conte']",Santa Anastasia,strategy_nearest,True,0.0033080577850341797,success
0468FF4A9C4C80,0,['Arena'],Casa Giulietta,"['Centro Fotografia', 'Sighseeing', 'Torre Lamberti', 'Museo Conte', 'Museo Radio']",Torre Lamberti,strategy_nearest,True,0.002110004425048828,success
046903429C4C84,1,"['Arena', 'Casa Giulietta', 'Torre Lamberti']",Palazzo della Ragione,"['AMO', 'Museo Conte', 'Centro Fotografia', 'Sighseeing', 'Santa Anastasia']",Santa Anastasia,strategy_nearest,True,0.003201007843017578,success
0469014A9C4C84,0,['Arena'],Casa Giulietta,"['Centro Fotografia', 'Sighseeing', 'Torre Lamberti', 'Museo Conte', 'Museo Radio']",Teatro Romano,strategy_nearest,False,0.0014729499816894531,success
046911429C4C84,3,"['Arena', 'Casa Giulietta']",Duomo,"['AMO', 'Museo Miniscalchi', 'Santa Anastasia', 'Teatro Romano', 'Palazzo della Ragione']",Torre Lamberti,strategy_nearest,False,0.002171039581298828,success
04690A4A9C4C84,2,['Casa Giulietta'],Torre Lamberti,"['Sighseeing', 'Centro Fotografia', 'Museo Conte', 'Palazzo della Ragione', 'AMO']",Santa Anastasia,strategy_nearest,False,0.0027980804443359375,success
0469054A9C4C84,0,['Arena'],Casa Giulietta,"['Centro Fotografia', 'Sighseeing', 'Torre Lamberti', 'Museo Conte', 'Museo Radio']",Torre Lamberti,strategy_nearest,True,0.0022590160369873047,success
0469114A9C4C84,2,"['Casa Giulietta', 'Torre Lamberti']",Santa Anastasia,"['AMO', 'Museo Conte', 'Palazzo della Ragione', 'Teatro Romano', 'Centro Fotografia']",Duomo,strategy_nearest,False,0.0032720565795898438,success
0469124A9C4C84,2,"['Casa Giulietta', 'Torre Lamberti', 'Palazzo della Ragione']",Santa Anastasia,"['AMO', 'Museo Conte', 'Teatro Romano', 'Centro Fotografia', 'Duomo']",Duomo,strategy_nearest,True,0.0016760826110839844,success
0469163A9C4C80,0,"['Casa Giulietta', 'Arena']",Castelvecchio,"['Museo Lapidario', 'Verona Tour', 'Museo Radio', 'San Zeno', 'Sighseeing']",Tomba Giulietta,strategy_nearest,False,0.0022542476654052734,success
04691A3A9C4C80,4,"['Arena', 'Museo Lapidario', 'Castelvecchio', 'Duomo', 'Casa Giulietta']",Torre Lamberti,"['Sighseeing', 'Centro Fotografia', 'Museo Conte', 'Palazzo della Ragione', 'AMO']",Palazzo della Ragione,strategy_nearest,True,0.0027680397033691406,success
04691C3A9C4C80,0,['Arena'],Casa Giulietta,"['Centro Fotografia', 'Sighseeing', 'Torre Lamberti', 'Museo Conte', 'Museo Radio']",Teatro Romano,strategy_nearest,False,0.003255128860473633,success
046927429C4C84,2,['Castelvecchio'],Casa Giulietta,"['Centro Fotografia', 'Sighseeing', 'Torre Lamberti', 'Museo Conte', 'Museo Radio']",Tomba Giulietta,strategy_nearest,False,0.0039017200469970703,success
04692A3A9C4C80,3,"['Teatro Romano', 'Castelvecchio']",Arena,"['Verona Tour', 'Museo Lapidario', 'Museo Radio', 'San Fermo', 'Casa Giulietta']",Casa Giulietta,strategy_nearest,True,0.0013892650604248047,success
0469263A9C4C80,3,"['Casa Giulietta', 'Torre Lamberti']",Santa Anastasia,"['AMO', 'Museo Conte', 'Palazzo della Ragione', 'Teatro Romano', 'Centro Fotografia']",Teatro Romano,strategy_nearest,True,0.0033600330352783203,success
0469283A9C4C80,2,['Duomo'],Torre Lamberti,"['Sighseeing', 'Centro Fotografia', 'Museo Conte', 'Casa Giulietta', 'Palazzo della Ragione']",Palazzo della Ragione,strategy_nearest,True,0.002020120620727539,success
04692C3A9C4C80,3,"['Casa Giulietta', 'Tomba Giulietta', 'Teatro Romano']",Castelvecchio,"['Museo Lapidario', 'Verona Tour', 'Arena', 'Museo Radio', 'San Zeno']",Arena,strategy_nearest,True,0.0019030570983886719,success
0469333A9C4C80,1,"['Arena', 'Casa Giulietta']",Torre Lamberti,"['Sighseeing', 'Centro Fotografia', 'Museo Conte', 'Palazzo della Ragione', 'AMO']",Palazzo della Ragione,strategy_nearest,True,0.0012841224670410156,success
04693B3A9C4C80,3,['Santa Anastasia'],Duomo,"['AMO', 'Museo Miniscalchi', 'Teatro Romano', 'Palazzo della Ragione', 'Museo Conte']",Arena,strategy_nearest,False,0.0024781227111816406,success
0469384A9C4C80,3,"['Arena', 'Casa Giulietta']",Santa Anastasia,"['AMO', 'Museo Conte', 'Palazzo della Ragione', 'Teatro Romano', 'Centro Fotografia']",Castelvecchio,strategy_nearest,False,0.003470182418823242,success
04693B4A9C4C80,0,['Arena'],Casa Giulietta,"['Centro Fotografia', 'Sighseeing', 'Torre Lamberti', 'Museo Conte', 'Museo Radio']",Torre Lamberti,strategy_nearest,True,0.0026078224182128906,success
0469433A9C4C80,1,"['Castelvecchio', 'Torre Lamberti', 'Santa Anastasia']",Duomo,"['AMO', 'Museo Miniscalchi', 'Teatro Romano', 'Palazzo della Ragione', 'Museo Conte']",Palazzo della Ragione,strategy_nearest,True,0.0024933815002441406,success
0469414A9C4C80,3,"['Arena', 'Casa Giulietta']",Torre Lamberti,"['Sighseeing', 'Centro Fotografia', 'Museo Conte', 'Palazzo della Ragione', 'AMO']",Santa Anastasia,strategy_nearest,False,0.003217935562133789,success
04693F3A9C4C80,1,"['Arena', 'Castelvecchio']",Casa Giulietta,"['Centro Fotografia', 'Sighseeing', 'Torre Lamberti', 'Museo Conte', 'Museo Radio']",Santa Anastasia,strategy_nearest,False,0.003300189971923828,success
046953429C4C80,1,"['Casa Giulietta', 'Palazzo della Ragione', 'Torre Lamberti', 'Arena']",Castelvecchio,"['Museo Lapidario', 'Verona Tour', 'Museo Radio', 'San Zeno', 'Sighseeing']",Teatro Romano,strategy_nearest,False,0.0020110607147216797,success
046944429C4C80,3,['Arena'],Casa Giulietta,"['Centro Fotografia', 'Sighseeing', 'Torre Lamberti', 'Museo Conte', 'Museo Radio']",Torre Lamberti,strategy_nearest,True,0.004031181335449219,success
04694C3A9C4C80,3,"['Tomba Giulietta', 'Museo Storia', 'San Fermo']",Casa Giulietta,"['Centro Fotografia', 'Sighseeing', 'Torre Lamberti', 'Museo Conte', 'Museo Radio']",Torre Lamberti,strategy_nearest,True,0.00152587890625,success
046946429C4C80,1,['Arena'],Casa Giulietta,"['Centro Fotografia', 'Sighseeing', 'Torre Lamberti', 'Museo Conte', 'Museo Radio']",Palazzo della Ragione,strategy_nearest,False,0.0033240318298339844,success
0469813A9C4C80,0,"['Duomo', 'Arena']",Casa Giulietta,"['Centro Fotografia', 'Sighseeing', 'Torre Lamberti', 'Museo Conte', 'Museo Radio']",Torre Lamberti,strategy_nearest,True,0.002593994140625,success
0469774A9C4C80,3,"['Arena', 'Tomba Giulietta']",San Fermo,"['Museo Storia', 'Museo Radio', 'Casa Giulietta', 'Centro Fotografia', 'Sighseeing']",Casa Giulietta,strategy_nearest,True,0.00337982177734375,success
0469764A9C4C80,0,['Arena'],Casa Giulietta,"['Centro Fotografia', 'Sighseeing', 'Torre Lamberti', 'Museo Conte', 'Museo Radio']",Santa Anastasia,strategy_nearest,False,0.0015358924865722656,success
0469653A9C4C80,0,"['Casa Giulietta', 'Duomo']",Torre Lamberti,"['Sighseeing', 'Centro Fotografia', 'Museo Conte', 'Palazzo della Ragione', 'AMO']",Arena,strategy_nearest,False,0.0021631717681884766,success
046992429C4C80,1,"['Casa Giulietta', 'Torre Lamberti']",Palazzo della Ragione,"['AMO', 'Museo Conte', 'Centro Fotografia', 'Sighseeing', 'Santa Anastasia']",Castelvecchio,strategy_nearest,False,0.0011911392211914062,success
0469874A9C4C80,0,"['Arena', 'Casa Giulietta']",Torre Lamberti,"['Sighseeing', 'Centro Fotografia', 'Museo Conte', 'Palazzo della Ragione', 'AMO']",Tomba Giulietta,strategy_nearest,False,0.0021309852600097656,success
0469984A9C4C80,3,['Arena'],Torre Lamberti,"['Sighseeing', 'Centro Fotografia', 'Museo Conte', 'Casa Giulietta', 'Palazzo della Ragione']",Duomo,strategy_nearest,False,0.0027000904083251953,success
04699A4A9C4C80,0,['Arena'],Casa Giulietta,"['Centro Fotografia', 'Sighseeing', 'Torre Lamberti', 'Museo Conte', 'Museo Radio']",Giardino Giusti,strategy_nearest,False,0.0033562183380126953,success
0469AB3A9C4C80,1,"['Torre Lamberti', 'Palazzo della Ragione']",Tomba Giulietta,"['San Fermo', 'Museo Storia', 'Arena', 'Museo Lapidario', 'Museo Radio']",Arena,strategy_nearest,True,0.0014009475708007812,success
0469A44A9C4C80,0,['Castelvecchio'],Arena,"['Verona Tour', 'Museo Lapidario', 'Museo Radio', 'San Fermo', 'Casa Giulietta']",Duomo,strategy_nearest,False,0.003359079360961914,success
0469A7429C4C80,1,"['Castelvecchio', 'Museo Lapidario', 'Arena', 'Palazzo della Ragione']",Torre Lamberti,"['Sighseeing', 'Centro Fotografia', 'Museo Conte', 'Casa Giulietta', 'AMO']",Santa Anastasia,strategy_nearest,False,0.0032052993774414062,success
0469A0429C4C80,0,"['Arena', 'Torre Lamberti']",Casa Giulietta,"['Centro Fotografia', 'Sighseeing', 'Museo Conte', 'Museo Radio', 'Palazzo della Ragione']",Tomba Giulietta,strategy_nearest,False,0.003975391387939453,success
0469B33A9C4C80,3,"['Arena', 'Casa Giulietta']",Torre Lamberti,"['Sighseeing', 'Centro Fotografia', 'Museo Conte', 'Palazzo della Ragione', 'AMO']",Santa Anastasia,strategy_nearest,False,0.0025920867919921875,success
0469AE4A9C4C80,3,"['Tomba Giulietta', 'Arena']",Casa Giulietta,"['Centro Fotografia', 'Sighseeing', 'Torre Lamberti', 'Museo Conte', 'Museo Radio']",Torre Lamberti,strategy_nearest,True,0.002162933349609375,success
0469B14A9C4C80,0,['Arena'],Casa Giulietta,"['Centro Fotografia', 'Sighseeing', 'Torre Lamberti', 'Museo Conte', 'Museo Radio']",Teatro Romano,strategy_nearest,False,0.0014917850494384766,success
0469B04A9C4C80,0,"['Tomba Giulietta', 'Teatro Romano']",Casa Giulietta,"['Centro Fotografia', 'Sighseeing', 'Torre Lamberti', 'Museo Conte', 'Museo Radio']",Arena,strategy_nearest,False,0.0033872127532958984,success
0469B34A9C4C80,1,"['Arena', 'San Fermo', 'Duomo']",Torre Lamberti,"['Sighseeing', 'Centro Fotografia', 'Museo Conte', 'Casa Giulietta', 'Palazzo della Ragione']",Palazzo della Ragione,strategy_nearest,True,0.0033769607543945312,success
0469B44A9C4C80,0,['Arena'],Castelvecchio,"['Museo Lapidario', 'Verona Tour', 'Museo Radio', 'San Zeno', 'Sighseeing']",San Zeno,strategy_nearest,True,0.0026009082794189453,success
0469C3429C4C80,1,"['Palazzo della Ragione', 'Torre Lamberti']",Casa Giulietta,"['Centro Fotografia', 'Sighseeing', 'Museo Conte', 'Museo Radio', 'San Fermo']",Arena,strategy_nearest,False,0.003213167190551758,success
0469C1429C4C80,3,"['Arena', 'Casa Giulietta']",Santa Anastasia,"['AMO', 'Museo Conte', 'Palazzo della Ragione', 'Teatro Romano', 'Centro Fotografia']",Teatro Romano,strategy_nearest,True,0.0013780593872070312,success
0469E1429C4C80,1,"['Casa Giulietta', 'Palazzo della Ragione', 'Santa Anastasia', 'Duomo']",Arena,"['Verona Tour', 'Museo Lapidario', 'Museo Radio', 'San Fermo', 'Sighseeing']",Duomo,strategy_nearest,False,0.0013709068298339844,success
0469DB3A9C4C80,0,['Arena'],Castelvecchio,"['Museo Lapidario', 'Verona Tour', 'Museo Radio', 'San Zeno', 'Sighseeing']",Casa Giulietta,strategy_nearest,False,0.001990795135498047,success
0469CF4A9C4C80,3,"['Castelvecchio', 'Arena', 'Casa Giulietta']",Teatro Romano,"['Santa Anastasia', 'Duomo', 'AMO', 'Palazzo della Ragione', 'Museo Conte']",Duomo,strategy_nearest,True,0.003906965255737305,success
0469D13A9C4C80,0,"['Arena', 'Castelvecchio']",Torre Lamberti,"['Sighseeing', 'Centro Fotografia', 'Museo Conte', 'Casa Giulietta', 'Palazzo della Ragione']",Casa Giulietta,strategy_nearest,True,0.003268003463745117,success
0469F64A9C4C80,0,"['Arena', 'Casa Giulietta']",Santa Anastasia,"['AMO', 'Museo Conte', 'Palazzo della Ragione', 'Teatro Romano', 'Centro Fotografia']",Tomba Giulietta,strategy_nearest,False,0.0019881725311279297,success
0469F24A9C4C80,0,['Arena'],Casa Giulietta,"['Centro Fotografia', 'Sighseeing', 'Torre Lamberti', 'Museo Conte', 'Museo Radio']",Castelvecchio,strategy_nearest,False,0.001505136489868164,success
0469F14A9C4C80,3,"['Arena', 'Casa Giulietta']",Torre Lamberti,"['Sighseeing', 'Centro Fotografia', 'Museo Conte', 'Palazzo della Ragione', 'AMO']",Santa Anastasia,strategy_nearest,False,0.0027828216552734375,success
0469F94A9C4C80,2,"['Castelvecchio', 'San Zeno']",Santa Anastasia,"['AMO', 'Museo Conte', 'Palazzo della Ragione', 'Teatro Romano', 'Centro Fotografia']",Teatro Romano,strategy_nearest,True,0.0032858848571777344,success
0469FE429C4C80,1,['Arena'],Palazzo della Ragione,"['AMO', 'Museo Conte', 'Torre Lamberti', 'Centro Fotografia', 'Sighseeing']",Castelvecchio,strategy_nearest,False,0.0027451515197753906,success
046A054A9C4C84,1,"['Arena', 'Torre Lamberti', 'Palazzo della Ragione']",Santa Anastasia,"['AMO', 'Museo Conte', 'Teatro Romano', 'Centro Fotografia', 'Duomo']",Duomo,strategy_nearest,True,0.0013530254364013672,success
0469FE4A9C4C80,1,"['Casa Giulietta', 'Torre Lamberti']",Palazzo della Ragione,"['AMO', 'Museo Conte', 'Centro Fotografia', 'Sighseeing', 'Santa Anastasia']",Arena,strategy_nearest,False,0.002647876739501953,success
0469FD3A9C4C80,0,['Arena'],Castelvecchio,"['Museo Lapidario', 'Verona Tour', 'Museo Radio', 'San Zeno', 'Sighseeing']",Casa Giulietta,strategy_nearest,False,0.0045659542083740234,success
046A11429C4C84,3,"['Castelvecchio', 'Santa Anastasia', 'Duomo', 'Torre Lamberti']",Casa Giulietta,"['Centro Fotografia', 'Sighseeing', 'Museo Conte', 'Museo Radio', 'Palazzo della Ragione']",San Fermo,strategy_nearest,False,0.0025620460510253906,success
046A0B4A9C4C84,3,"['Santa Anastasia', 'Duomo']",Teatro Romano,"['AMO', 'Palazzo della Ragione', 'Museo Conte', 'Centro Fotografia', 'Museo Miniscalchi']",Casa Giulietta,strategy_nearest,False,0.0015969276428222656,success
046A0A429C4C84,0,['Torre Lamberti'],Casa Giulietta,"['Centro Fotografia', 'Sighseeing', 'Museo Conte', 'Museo Radio', 'Palazzo della Ragione']",Arena,strategy_nearest,False,0.0033609867095947266,success
046A104A9C4C84,0,['Arena'],Casa Giulietta,"['Centro Fotografia', 'Sighseeing', 'Torre Lamberti', 'Museo Conte', 'Museo Radio']",Torre Lamberti,strategy_nearest,True,0.0021338462829589844,success
046A13429C4C84,3,"['Arena', 'Castelvecchio', 'Casa Giulietta', 'Torre Lamberti']",Santa Anastasia,"['AMO', 'Museo Conte', 'Palazzo della Ragione', 'Teatro Romano', 'Centro Fotografia']",Tomba Giulietta,strategy_nearest,False,0.0021429061889648438,success
046A21429C4C80,3,"['Arena', 'Casa Giulietta']",Santa Anastasia,"['AMO', 'Museo Conte', 'Palazzo della Ragione', 'Teatro Romano', 'Centro Fotografia']",Teatro Romano,strategy_nearest,True,0.0013492107391357422,success
046A1F429C4C84,1,"['Arena', 'Casa Giulietta']",Torre Lamberti,"['Sighseeing', 'Centro Fotografia', 'Museo Conte', 'Palazzo della Ragione', 'AMO']",Palazzo della Ragione,strategy_nearest,True,0.0026290416717529297,success
046A19429C4C80,0,['Arena'],Casa Giulietta,"['Centro Fotografia', 'Sighseeing', 'Torre Lamberti', 'Museo Conte', 'Museo Radio']",Torre Lamberti,strategy_nearest,True,0.0033998489379882812,success
046A263A9C4C84,3,"['Santa Anastasia', 'San Fermo']",Castelvecchio,"['Museo Lapidario', 'Verona Tour', 'Arena', 'Museo Radio', 'San Zeno']",Arena,strategy_nearest,True,0.0027267932891845703,success
046A6A429C4C80,3,"['Casa Giulietta', 'Arena']",Castelvecchio,"['Museo Lapidario', 'Verona Tour', 'Museo Radio', 'San Zeno', 'Sighseeing']",San Zeno,strategy_nearest,True,0.0013661384582519531,success
046A4A429C4C80,0,['Santa Anastasia'],Casa Giulietta,"['Centro Fotografia', 'Sighseeing', 'Torre Lamberti', 'Museo Conte', 'Museo Radio']",Arena,strategy_nearest,False,0.0026128292083740234,success
046A3F3A9C4C80,3,['Arena'],San Fermo,"['Museo Storia', 'Museo Radio', 'Casa Giulietta', 'Centro Fotografia', 'Sighseeing']",Teatro Romano,strategy_nearest,False,0.003940105438232422,success
046A6B429C4C80,0,"['Arena', 'Castelvecchio']",Torre Lamberti,"['Sighseeing', 'Centro Fotografia', 'Museo Conte', 'Casa Giulietta', 'Palazzo della Ragione']",Casa Giulietta,strategy_nearest,True,0.0026311874389648438,success
046A813A9C4C80,0,['Arena'],Castelvecchio,"['Museo Lapidario', 'Verona Tour', 'Museo Radio', 'San Zeno', 'Sighseeing']",Casa Giulietta,strategy_nearest,False,0.0031719207763671875,success
046A7D4A9C4C80,3,"['Casa Giulietta', 'Arena']",Santa Anastasia,"['AMO', 'Museo Conte', 'Palazzo della Ragione', 'Teatro Romano', 'Centro Fotografia']",Duomo,strategy_nearest,False,0.0020961761474609375,success
046A77429C4C80,1,"['Arena', 'Casa Giulietta', 'Palazzo della Ragione']",Torre Lamberti,"['Sighseeing', 'Centro Fotografia', 'Museo Conte', 'AMO', 'Museo Miniscalchi']",Santa Anastasia,strategy_nearest,False,0.0027227401733398438,success
046A974A9C4C80,0,['Casa Giulietta'],Duomo,"['AMO', 'Museo Miniscalchi', 'Santa Anastasia', 'Teatro Romano', 'Palazzo della Ragione']",Arena,strategy_nearest,False,0.0027048587799072266,success
046A82429C4C80,1,"['Arena', 'Castelvecchio']",Casa Giulietta,"['Centro Fotografia', 'Sighseeing', 'Torre Lamberti', 'Museo Conte', 'Museo Radio']",Duomo,strategy_nearest,False,0.004580974578857422,success
046A9E429C4C80,3,['Castelvecchio'],Arena,"['Verona Tour', 'Museo Lapidario', 'Museo Radio', 'San Fermo', 'Casa Giulietta']",Santa Anastasia,strategy_nearest,False,0.0013680458068847656,success
046A9B4A9C4C80,1,['Arena'],Palazzo della Ragione,"['AMO', 'Museo Conte', 'Torre Lamberti', 'Centro Fotografia', 'Sighseeing']",Duomo,strategy_nearest,False,0.002094268798828125,success
046AB23A9C4C80,0,['Arena'],Casa Giulietta,"['Centro Fotografia', 'Sighseeing', 'Torre Lamberti', 'Museo Conte', 'Museo Radio']",Torre Lamberti,strategy_nearest,True,0.0025739669799804688,success
046AA2429C4C80,2,['Casa Giulietta'],San Fermo,"['Museo Storia', 'Museo Radio', 'Centro Fotografia', 'Arena', 'Sighseeing']",Tomba Giulietta,strategy_nearest,False,0.0032770633697509766,success
046AAC4A9C4C80,0,"['Torre Lamberti', 'Duomo']",Casa Giulietta,"['Centro Fotografia', 'Sighseeing', 'Museo Conte', 'Museo Radio', 'Palazzo della Ragione']",Arena,strategy_nearest,False,0.0020711421966552734,success
046AAE4A9C4C80,0,['Arena'],Casa Giulietta,"['Centro Fotografia', 'Sighseeing', 'Torre Lamberti', 'Museo Conte', 'Museo Radio']",Teatro Romano,strategy_nearest,False,0.001463174819946289,success
046AC04A9C4C80,3,"['Arena', 'San Fermo']",Casa Giulietta,"['Centro Fotografia', 'Sighseeing', 'Torre Lamberti', 'Museo Conte', 'Museo Radio']",Santa Anastasia,strategy_nearest,False,0.0013501644134521484,success
046AB43A9C4C80,3,"['Arena', 'Museo Lapidario', 'San Zeno']",Castelvecchio,"['Verona Tour', 'Museo Radio', 'Sighseeing', 'Museo Miniscalchi', 'Torre Lamberti']",Duomo,strategy_nearest,False,0.0033669471740722656,success
046AB44A9C4C80,3,"['Castelvecchio', 'Arena']",Casa Giulietta,"['Centro Fotografia', 'Sighseeing', 'Torre Lamberti', 'Museo Conte', 'Museo Radio']",Santa Anastasia,strategy_nearest,False,0.0027468204498291016,success
046AB34A9C4C80,1,"['Arena', 'Casa Giulietta']",Torre Lamberti,"['Sighseeing', 'Centro Fotografia', 'Museo Conte', 'Palazzo della Ragione', 'AMO']",Palazzo della Ragione,strategy_nearest,True,0.0021767616271972656,success
046AC34A9C4C80,0,['Arena'],Teatro Romano,"['Santa Anastasia', 'Duomo', 'AMO', 'Palazzo della Ragione', 'Museo Conte']",Duomo,strategy_nearest,True,0.0015990734100341797,success
046ACA4A9C4C80,0,['Arena'],Casa Giulietta,"['Centro Fotografia', 'Sighseeing', 'Torre Lamberti', 'Museo Conte', 'Museo Radio']",Torre Lamberti,strategy_nearest,True,0.002020120620727539,success
046AC14A9C4C80,0,"['Arena', 'Museo Lapidario']",Duomo,"['AMO', 'Museo Miniscalchi', 'Santa Anastasia', 'Teatro Romano', 'Palazzo della Ragione']",Teatro Romano,strategy_nearest,True,0.00469207763671875,success
046AC44A9C4C80,2,['Torre Lamberti'],Tomba Giulietta,"['San Fermo', 'Museo Storia', 'Arena', 'Museo Lapidario', 'Museo Radio']",Castelvecchio,strategy_nearest,False,0.0027589797973632812,success
046AD3429C4C80,3,"['San Zeno', 'Castelvecchio']",Arena,"['Verona Tour', 'Museo Lapidario', 'Museo Radio', 'San Fermo', 'Casa Giulietta']",Casa Giulietta,strategy_nearest,True,0.0019860267639160156,success
046AD5429C4C80,1,"['Arena', 'Casa Giulietta', 'Santa Anastasia', 'Castelvecchio']",San Zeno,"['Verona Tour', 'Museo Lapidario', 'Museo Miniscalchi', 'Sighseeing', 'Museo Radio']",Duomo,strategy_nearest,False,0.001852273941040039,success
046AEB4A9C4C80,3,"['San Fermo', 'Santa Anastasia', 'Duomo']",Teatro Romano,"['AMO', 'Palazzo della Ragione', 'Museo Conte', 'Centro Fotografia', 'Museo Miniscalchi']",Arena,strategy_nearest,False,0.0025987625122070312,success
046AD13A9C4C80,0,['Castelvecchio'],Arena,"['Verona Tour', 'Museo Lapidario', 'Museo Radio', 'San Fermo', 'Casa Giulietta']",Casa Giulietta,strategy_nearest,True,0.0040318965911865234,success
046AF24A9C4C80,0,['Arena'],Casa Giulietta,"['Centro Fotografia', 'Sighseeing', 'Torre Lamberti', 'Museo Conte', 'Museo Radio']",Torre Lamberti,strategy_nearest,True,0.0020558834075927734,success
046AF14A9C4C80,0,['Arena'],Duomo,"['AMO', 'Museo Miniscalchi', 'Santa Anastasia', 'Teatro Romano', 'Palazzo della Ragione']",Teatro Romano,strategy_nearest,True,0.003339052200317383,success
046AF34A9C4C80,3,['Arena'],Casa Giulietta,"['Centro Fotografia', 'Sighseeing', 'Torre Lamberti', 'Museo Conte', 'Museo Radio']",Santa Anastasia,strategy_nearest,False,0.003301858901977539,success
046AF13A9C4C80,0,"['Castelvecchio', 'Teatro Romano']",Duomo,"['AMO', 'Museo Miniscalchi', 'Santa Anastasia', 'Palazzo della Ragione', 'Museo Conte']",Casa Giulietta,strategy_nearest,False,0.002783060073852539,success
046AF54A9C4C80,2,"['Museo Lapidario', 'Casa Giulietta']",Torre Lamberti,"['Sighseeing', 'Centro Fotografia', 'Museo Conte', 'Palazzo della Ragione', 'AMO']",Santa Anastasia,strategy_nearest,False,0.0026319026947021484,success
046AF64A9C4C80,1,"['San Fermo', 'Casa Giulietta']",Torre Lamberti,"['Sighseeing', 'Centro Fotografia', 'Museo Conte', 'Palazzo della Ragione', 'AMO']",Palazzo della Ragione,strategy_nearest,True,0.002017974853515625,success
046AFC429C4C80,2,"['Duomo', 'Santa Anastasia']",Teatro Romano,"['AMO', 'Palazzo della Ragione', 'Museo Conte', 'Centro Fotografia', 'Museo Miniscalchi']",Tomba Giulietta,strategy_nearest,False,0.002507925033569336,success
046AFC4A9C4C80,3,"['Arena', 'Casa Giulietta']",Torre Lamberti,"['Sighseeing', 'Centro Fotografia', 'Museo Conte', 'Palazzo della Ragione', 'AMO']",Santa Anastasia,strategy_nearest,False,0.003340005874633789,success
046B0B4A9C4C84,1,"['Casa Giulietta', 'Tomba Giulietta']",San Fermo,"['Museo Storia', 'Museo Radio', 'Centro Fotografia', 'Arena', 'Sighseeing']",Arena,strategy_nearest,True,0.0019681453704833984,success
046B0A4A9C4C84,1,"['Arena', 'Palazzo della Ragione']",Torre Lamberti,"['Sighseeing', 'Centro Fotografia', 'Museo Conte', 'Casa Giulietta', 'AMO']",Teatro Romano,strategy_nearest,False,0.0020058155059814453,success
046B054A9C4C84,3,"['Arena', 'Castelvecchio']",Casa Giulietta,"['Centro Fotografia', 'Sighseeing', 'Torre Lamberti', 'Museo Conte', 'Museo Radio']",Torre Lamberti,strategy_nearest,True,0.0033218860626220703,success
046B03429C4C84,0,"['Arena', 'Tomba Giulietta']",Casa Giulietta,"['Centro Fotografia', 'Sighseeing', 'Torre Lamberti', 'Museo Conte', 'Museo Radio']",Torre Lamberti,strategy_nearest,True,0.004017829895019531,success
046B1E429C4C84,1,"['Arena', 'Castelvecchio']",Torre Lamberti,"['Sighseeing', 'Centro Fotografia', 'Museo Conte', 'Casa Giulietta', 'Palazzo della Ragione']",Palazzo della Ragione,strategy_nearest,True,0.0022389888763427734,success
046B223A9C4C84,0,['Castelvecchio'],Arena,"['Verona Tour', 'Museo Lapidario', 'Museo Radio', 'San Fermo', 'Casa Giulietta']",Torre Lamberti,strategy_nearest,False,0.0026102066040039062,success
046B20429C4C80,0,['Arena'],Casa Giulietta,"['Centro Fotografia', 'Sighseeing', 'Torre Lamberti', 'Museo Conte', 'Museo Radio']",Castelvecchio,strategy_nearest,False,0.002167940139770508,success
046B14429C4C84,3,"['Casa Giulietta', 'Torre Lamberti', 'Teatro Romano', 'Castelvecchio']",Tomba Giulietta,"['San Fermo', 'Museo Storia', 'Arena', 'Museo Lapidario', 'Museo Radio']",Duomo,strategy_nearest,False,0.004040241241455078,success
046B303A9C4C80,3,['Arena'],Casa Giulietta,"['Centro Fotografia', 'Sighseeing', 'Torre Lamberti', 'Museo Conte', 'Museo Radio']",Torre Lamberti,strategy_nearest,True,0.0021429061889648438,success
046B333A9C4C80,0,['Arena'],Casa Giulietta,"['Centro Fotografia', 'Sighseeing', 'Torre Lamberti', 'Museo Conte', 'Museo Radio']",Torre Lamberti,strategy_nearest,True,0.001486063003540039,success
046B25429C4C84,3,"['Teatro Romano', 'Santa Anastasia', 'Duomo']",Torre Lamberti,"['Sighseeing', 'Centro Fotografia', 'Museo Conte', 'Casa Giulietta', 'Palazzo della Ragione']",Casa Giulietta,strategy_nearest,True,0.002758026123046875,success
046B483A9C4C80,0,"['Arena', 'Casa Giulietta']",Duomo,"['AMO', 'Museo Miniscalchi', 'Santa Anastasia', 'Teatro Romano', 'Palazzo della Ragione']",Museo Lapidario,strategy_nearest,False,0.0031952857971191406,success
046B57429C4C80,0,['Arena'],Torre Lamberti,"['Sighseeing', 'Centro Fotografia', 'Museo Conte', 'Casa Giulietta', 'Palazzo della Ragione']",Casa Giulietta,strategy_nearest,True,0.002330780029296875,success
046B7C4A9C4C80,3,"['Casa Giulietta', 'Santa Anastasia']",Duomo,"['AMO', 'Museo Miniscalchi', 'Teatro Romano', 'Palazzo della Ragione', 'Museo Conte']",Arena,strategy_nearest,False,0.004252195358276367,success
046B7B3A9C4C80,3,['Santa Anastasia'],Casa Giulietta,"['Centro Fotografia', 'Sighseeing', 'Torre Lamberti', 'Museo Conte', 'Museo Radio']",Arena,strategy_nearest,False,0.0030252933502197266,success
046B98429C4C80,1,"['Arena', 'Casa Giulietta', 'Palazzo della Ragione', 'Torre Lamberti']",Santa Anastasia,"['AMO', 'Museo Conte', 'Teatro Romano', 'Centro Fotografia', 'Duomo']",Teatro Romano,strategy_nearest,True,0.002051115036010742,success
046B833A9C4C80,3,"['Casa Giulietta', 'Santa Anastasia']",Duomo,"['AMO', 'Museo Miniscalchi', 'Teatro Romano', 'Palazzo della Ragione', 'Museo Conte']",Arena,strategy_nearest,False,0.0027990341186523438,success
046B93429C4C80,0,['Casa Giulietta'],Torre Lamberti,"['Sighseeing', 'Centro Fotografia', 'Museo Conte', 'Palazzo della Ragione', 'AMO']",Arena,strategy_nearest,False,0.0015888214111328125,success
046B7E429C4C80,3,"['Santa Anastasia', 'Duomo']",Torre Lamberti,"['Sighseeing', 'Centro Fotografia', 'Museo Conte', 'Casa Giulietta', 'Palazzo della Ragione']",Castelvecchio,strategy_nearest,False,0.0034689903259277344,success
046B994A9C4C80,0,['Arena'],Casa Giulietta,"['Centro Fotografia', 'Sighseeing', 'Torre Lamberti', 'Museo Conte', 'Museo Radio']",Castelvecchio,strategy_nearest,False,0.001329183578491211,success
046B9B4A9C4C80,0,['Arena'],Casa Giulietta,"['Centro Fotografia', 'Sighseeing', 'Torre Lamberti', 'Museo Conte', 'Museo Radio']",Torre Lamberti,strategy_nearest,True,0.0019428730010986328,success
046B9E429C4C80,0,['Arena'],Torre Lamberti,"['Sighseeing', 'Centro Fotografia', 'Museo Conte', 'Casa Giulietta', 'Palazzo della Ragione']",Casa Giulietta,strategy_nearest,True,0.003481149673461914,success
046BAF4A9C4C80,0,['Arena'],Casa Giulietta,"['Centro Fotografia', 'Sighseeing', 'Torre Lamberti', 'Museo Conte', 'Museo Radio']",Torre Lamberti,strategy_nearest,True,0.0024111270904541016,success
046BB04A9C4C80,0,['Arena'],Casa Giulietta,"['Centro Fotografia', 'Sighseeing', 'Torre Lamberti', 'Museo Conte', 'Museo Radio']",Teatro Romano,strategy_nearest,False,0.0035572052001953125,success
046BB24A9C4C80,0,['Arena'],Castelvecchio,"['Museo Lapidario', 'Verona Tour', 'Museo Radio', 'San Zeno', 'Sighseeing']",Santa Anastasia,strategy_nearest,False,0.0024831295013427734,success
046BB83A9C4C80,3,['Arena'],Castelvecchio,"['Museo Lapidario', 'Verona Tour', 'Museo Radio', 'San Zeno', 'Sighseeing']",Torre Lamberti,strategy_nearest,False,0.0025811195373535156,success
046BC24A9C4C80,0,['Castelvecchio'],San Zeno,"['Verona Tour', 'Museo Lapidario', 'Arena', 'Museo Miniscalchi', 'Sighseeing']",Arena,strategy_nearest,True,0.0039730072021484375,success
046BC34A9C4C80,1,"['Arena', 'Casa Giulietta']",Torre Lamberti,"['Sighseeing', 'Centro Fotografia', 'Museo Conte', 'Palazzo della Ragione', 'AMO']",Palazzo della Ragione,strategy_nearest,True,0.002368927001953125,success
046BB94A9C4C80,1,"['Teatro Romano', 'Duomo', 'Torre Lamberti']",Palazzo della Ragione,"['AMO', 'Museo Conte', 'Centro Fotografia', 'Sighseeing', 'Santa Anastasia']",Casa Giulietta,strategy_nearest,False,0.003394603729248047,success
046BBA3A9C4C80,1,"['Palazzo della Ragione', 'Torre Lamberti', 'San Fermo']",Tomba Giulietta,"['Museo Storia', 'Arena', 'Museo Lapidario', 'Museo Radio', 'Verona Tour']",Arena,strategy_nearest,True,0.0025086402893066406,success
046BC74A9C4C80,0,['Arena'],Torre Lamberti,"['Sighseeing', 'Centro Fotografia', 'Museo Conte', 'Casa Giulietta', 'Palazzo della Ragione']",Teatro Romano,strategy_nearest,False,0.0022459030151367188,success
046BD33A9C4C80,1,"['Arena', 'Palazzo della Ragione', 'Torre Lamberti']",Casa Giulietta,"['Centro Fotografia', 'Sighseeing', 'Museo Conte', 'Museo Radio', 'San Fermo']",Giardino Giusti,strategy_nearest,False,0.0033462047576904297,success
046BD13A9C4C80,1,"['Arena', 'Museo Lapidario', 'Casa Giulietta']",Torre Lamberti,"['Sighseeing', 'Centro Fotografia', 'Museo Conte', 'Palazzo della Ragione', 'AMO']",Palazzo della Ragione,strategy_nearest,True,0.0013279914855957031,success
046BC64A9C4C80,3,"['Arena', 'Casa Giulietta']",Castelvecchio,"['Museo Lapidario', 'Verona Tour', 'Museo Radio', 'San Zeno', 'Sighseeing']",San Zeno,strategy_nearest,True,0.003052234649658203,success
046BEE4A9C4C80,0,['Arena'],Torre Lamberti,"['Sighseeing', 'Centro Fotografia', 'Museo Conte', 'Casa Giulietta', 'Palazzo della Ragione']",Casa Giulietta,strategy_nearest,True,0.002124786376953125,success
046BD4429C4C80,3,"['Arena', 'Torre Lamberti', 'Casa Giulietta']",Santa Anastasia,"['AMO', 'Museo Conte', 'Palazzo della Ragione', 'Teatro Romano', 'Centro Fotografia']",Teatro Romano,strategy_nearest,True,0.0029151439666748047,success
046BEE429C4C80,0,"['Arena', 'Casa Giulietta']",Duomo,"['AMO', 'Museo Miniscalchi', 'Santa Anastasia', 'Teatro Romano', 'Palazzo della Ragione']",Teatro Romano,strategy_nearest,True,0.00273895263671875,success
046BF13A9C4C80,2,['Castelvecchio'],Casa Giulietta,"['Centro Fotografia', 'Sighseeing', 'Torre Lamberti', 'Museo Conte', 'Museo Radio']",Torre Lamberti,strategy_nearest,True,0.0031800270080566406,success
046BF6429C4C80,1,"['Arena', 'Torre Lamberti']",Palazzo della Ragione,"['AMO', 'Museo Conte', 'Centro Fotografia', 'Sighseeing', 'Santa Anastasia']",Casa Giulietta,strategy_nearest,False,0.0016410350799560547,success
046BF24A9C4C80,3,"['Arena', 'San Fermo', 'Casa Giulietta']",Santa Anastasia,"['AMO', 'Museo Conte', 'Palazzo della Ragione', 'Teatro Romano', 'Centro Fotografia']",Duomo,strategy_nearest,False,0.002260923385620117,success
046BF64A9C4C80,0,"['Arena', 'Casa Giulietta']",Castelvecchio,"['Museo Lapidario', 'Verona Tour', 'Museo Radio', 'San Zeno', 'Sighseeing']",Teatro Romano,strategy_nearest,False,0.002780914306640625,success
046BFC429C4C80,1,"['Museo Lapidario', 'Arena', 'San Fermo', 'Casa Giulietta', 'Torre Lamberti']",Palazzo della Ragione,"['AMO', 'Museo Conte', 'Centro Fotografia', 'Sighseeing', 'Santa Anastasia']",Santa Anastasia,strategy_nearest,True,0.0034339427947998047,success
046BFF429C4C80,3,"['Santa Anastasia', 'Torre Lamberti', 'San Fermo', 'Arena']",Casa Giulietta,"['Centro Fotografia', 'Sighseeing', 'Museo Conte', 'Museo Radio', 'Palazzo della Ragione']",Teatro Romano,strategy_nearest,False,0.0027489662170410156,success
046C014A9C4C84,3,"['Arena', 'Casa Giulietta']",Torre Lamberti,"['Sighseeing', 'Centro Fotografia', 'Museo Conte', 'Palazzo della Ragione', 'AMO']",Santa Anastasia,strategy_nearest,False,0.0013740062713623047,success
046BFC4A9C4C80,1,"['Arena', 'Casa Giulietta']",Palazzo della Ragione,"['AMO', 'Museo Conte', 'Torre Lamberti', 'Centro Fotografia', 'Sighseeing']",Torre Lamberti,strategy_nearest,True,0.003957271575927734,success
046C004A9C4C84,0,['Teatro Romano'],Castelvecchio,"['Museo Lapidario', 'Verona Tour', 'Arena', 'Museo Radio', 'San Zeno']",Arena,strategy_nearest,True,0.0033011436462402344,success
046C034A9C4C84,0,['Arena'],Casa Giulietta,"['Centro Fotografia', 'Sighseeing', 'Torre Lamberti', 'Museo Conte', 'Museo Radio']",Tomba Giulietta,strategy_nearest,False,0.0015463829040527344,success
046C0A429C4C84,0,"['Tomba Giulietta', 'Casa Giulietta']",Torre Lamberti,"['Sighseeing', 'Centro Fotografia', 'Museo Conte', 'Palazzo della Ragione', 'AMO']",Arena,strategy_nearest,False,0.0025873184204101562,success
046C07429C4C84,2,"['Palazzo della Ragione', 'Torre Lamberti']",Santa Anastasia,"['AMO', 'Museo Conte', 'Teatro Romano', 'Centro Fotografia', 'Duomo']",Teatro Romano,strategy_nearest,True,0.0021250247955322266,success
046C094A9C4C84,1,"['Arena', 'Casa Giulietta']",Torre Lamberti,"['Sighseeing', 'Centro Fotografia', 'Museo Conte', 'Palazzo della Ragione', 'AMO']",Palazzo della Ragione,strategy_nearest,True,0.003220796585083008,success
046C15429C4C84,3,"['Arena', 'Casa Giulietta', 'Santa Anastasia']",Duomo,"['AMO', 'Museo Miniscalchi', 'Teatro Romano', 'Palazzo della Ragione', 'Museo Conte']",Teatro Romano,strategy_nearest,True,0.0013661384582519531,success
046C13429C4C84,1,"['Palazzo della Ragione', 'Torre Lamberti']",Casa Giulietta,"['Centro Fotografia', 'Sighseeing', 'Museo Conte', 'Museo Radio', 'San Fermo']",Arena,strategy_nearest,False,0.0027129650115966797,success
046C0A4A9C4C84,3,"['Museo Lapidario', 'Arena', 'Castelvecchio', 'Torre Lamberti']",Santa Anastasia,"['AMO', 'Museo Conte', 'Palazzo della Ragione', 'Teatro Romano', 'Centro Fotografia']",Duomo,strategy_nearest,False,0.0027687549591064453,success
046C0E429C4C84,0,['Arena'],Torre Lamberti,"['Sighseeing', 'Centro Fotografia', 'Museo Conte', 'Casa Giulietta', 'Palazzo della Ragione']",Casa Giulietta,strategy_nearest,True,0.003372669219970703,success
046C21429C4C84,0,['Casa Giulietta'],Arena,"['Verona Tour', 'Museo Lapidario', 'Museo Radio', 'San Fermo', 'Sighseeing']",Castelvecchio,strategy_nearest,False,0.0016169548034667969,success
046C1D3A9C4C80,1,"['Castelvecchio', 'Arena', 'Teatro Romano', 'Duomo']",Torre Lamberti,"['Sighseeing', 'Centro Fotografia', 'Museo Conte', 'Casa Giulietta', 'Palazzo della Ragione']",Casa Giulietta,strategy_nearest,True,0.002833127975463867,success
046C253A9C4C84,3,"['Duomo', 'Torre Lamberti', 'Casa Giulietta']",San Fermo,"['Museo Storia', 'Museo Radio', 'Centro Fotografia', 'Arena', 'Sighseeing']",Arena,strategy_nearest,True,0.003248929977416992,success
046C234A9C4C80,1,"['Duomo', 'Arena']",Castelvecchio,"['Museo Lapidario', 'Verona Tour', 'Museo Radio', 'San Zeno', 'Sighseeing']",Santa Anastasia,strategy_nearest,False,0.002731800079345703,success
046C293A9C4C80,1,"['Castelvecchio', 'Teatro Romano', 'Duomo', 'Torre Lamberti']",San Fermo,"['Museo Storia', 'Museo Radio', 'Casa Giulietta', 'Centro Fotografia', 'Arena']",Tomba Giulietta,strategy_nearest,False,0.0032792091369628906,success
046C27429C4C84,1,"['Arena', 'Casa Giulietta', 'Duomo']",Castelvecchio,"['Museo Lapidario', 'Verona Tour', 'Museo Radio', 'San Zeno', 'Sighseeing']",Tomba Giulietta,strategy_nearest,False,0.0027179718017578125,success
046C373A9C4C80,1,"['Palazzo della Ragione', 'Torre Lamberti']",Santa Anastasia,"['AMO', 'Museo Conte', 'Teatro Romano', 'Centro Fotografia', 'Duomo']",Teatro Romano,strategy_nearest,True,0.0014190673828125,success
046C273A9C4C80,4,"['Castelvecchio', 'Casa Giulietta', 'Santa Anastasia', 'Duomo', 'Teatro Romano', 'San Zeno']",Palazzo della Ragione,"['AMO', 'Museo Conte', 'Torre Lamberti', 'Centro Fotografia', 'Sighseeing']",Torre Lamberti,strategy_nearest,True,0.003330230712890625,success
046C47429C4C80,1,"['Arena', 'Museo Lapidario', 'Castelvecchio', 'San Zeno', 'Teatro Romano']",Duomo,"['AMO', 'Museo Miniscalchi', 'Santa Anastasia', 'Palazzo della Ragione', 'Museo Conte']",Santa Anastasia,strategy_nearest,True,0.002134084701538086,success
046C4F3A9C4C80,3,"['Castelvecchio', 'San Zeno', 'Torre Lamberti']",Duomo,"['AMO', 'Museo Miniscalchi', 'Santa Anastasia', 'Teatro Romano', 'Palazzo della Ragione']",Teatro Romano,strategy_nearest,True,0.002521038055419922,success
046C423A9C4C80,3,"['Arena', 'Casa Giulietta']",Torre Lamberti,"['Sighseeing', 'Centro Fotografia', 'Museo Conte', 'Palazzo della Ragione', 'AMO']",Santa Anastasia,strategy_nearest,False,0.0015997886657714844,success
046C483A9C4C80,0,['Arena'],Torre Lamberti,"['Sighseeing', 'Centro Fotografia', 'Museo Conte', 'Casa Giulietta', 'Palazzo della Ragione']",Duomo,strategy_nearest,False,0.003278017044067383,success
046C534A9C4C80,3,"['Arena', 'Casa Giulietta']",Santa Anastasia,"['AMO', 'Museo Conte', 'Palazzo della Ragione', 'Teatro Romano', 'Centro Fotografia']",Duomo,strategy_nearest,False,0.0026738643646240234,success
046C56429C4C80,2,"['Santa Anastasia', 'Teatro Romano']",Torre Lamberti,"['Sighseeing', 'Centro Fotografia', 'Museo Conte', 'Casa Giulietta', 'Palazzo della Ragione']",Casa Giulietta,strategy_nearest,True,0.0019779205322265625,success
046C503A9C4C80,3,"['Castelvecchio', 'San Zeno', 'Arena', 'Casa Giulietta']",Torre Lamberti,"['Sighseeing', 'Centro Fotografia', 'Museo Conte', 'Palazzo della Ragione', 'AMO']",Santa Anastasia,strategy_nearest,False,0.0015790462493896484,success
046C514A9C4C80,3,['Arena'],Santa Anastasia,"['AMO', 'Museo Conte', 'Palazzo della Ragione', 'Teatro Romano', 'Centro Fotografia']",Duomo,strategy_nearest,False,0.003366231918334961,success
046C73429C4C80,1,"['Arena', 'Museo Lapidario', 'Casa Giulietta', 'Torre Lamberti']",Palazzo della Ragione,"['AMO', 'Museo Conte', 'Centro Fotografia', 'Sighseeing', 'Santa Anastasia']",Santa Anastasia,strategy_nearest,True,0.003921985626220703,success
046C754A9C4C80,0,['Arena'],Castelvecchio,"['Museo Lapidario', 'Verona Tour', 'Museo Radio', 'San Zeno', 'Sighseeing']",Casa Giulietta,strategy_nearest,False,0.0027267932891845703,success
046C794A9C4C80,0,['Torre Lamberti'],Casa Giulietta,"['Centro Fotografia', 'Sighseeing', 'Museo Conte', 'Museo Radio', 'Palazzo della Ragione']",Arena,strategy_nearest,False,0.0015196800231933594,success
046C874A9C4C80,2,['Casa Giulietta'],Torre Lamberti,"['Sighseeing', 'Centro Fotografia', 'Museo Conte', 'Palazzo della Ragione', 'AMO']",Duomo,strategy_nearest,False,0.0019390583038330078,success
046C8C4A9C4C80,0,['Castelvecchio'],Arena,"['Verona Tour', 'Museo Lapidario', 'Museo Radio', 'San Fermo', 'Casa Giulietta']",Casa Giulietta,strategy_nearest,True,0.0028209686279296875,success
046CAF4A9C4C80,3,"['Arena', 'Casa Giulietta']",Torre Lamberti,"['Sighseeing', 'Centro Fotografia', 'Museo Conte', 'Palazzo della Ragione', 'AMO']",Santa Anastasia,strategy_nearest,False,0.0021686553955078125,success
046CB6429C4C80,3,['Arena'],Casa Giulietta,"['Centro Fotografia', 'Sighseeing', 'Torre Lamberti', 'Museo Conte', 'Museo Radio']",Duomo,strategy_nearest,False,0.0034837722778320312,success
046CAD4A9C4C80,3,"['Arena', 'Casa Giulietta', 'Torre Lamberti']",Teatro Romano,"['Santa Anastasia', 'Duomo', 'AMO', 'Palazzo della Ragione', 'Museo Conte']",Duomo,strategy_nearest,True,0.0015959739685058594,success
046CBE3A9C4C80,3,"['Arena', 'Castelvecchio', 'Casa Giulietta']",Torre Lamberti,"['Sighseeing', 'Centro Fotografia', 'Museo Conte', 'Palazzo della Ragione', 'AMO']",Santa Anastasia,strategy_nearest,False,0.001455068588256836,success
046CBE429C4C80,0,['Arena'],Torre Lamberti,"['Sighseeing', 'Centro Fotografia', 'Museo Conte', 'Casa Giulietta', 'Palazzo della Ragione']",Casa Giulietta,strategy_nearest,True,0.001977205276489258,success
046CBC429C4C80,0,['Arena'],Museo Lapidario,"['Verona Tour', 'Castelvecchio', 'Museo Radio', 'San Fermo', 'Casa Giulietta']",Casa Giulietta,strategy_nearest,True,0.003374814987182617,success
046CB7429C4C80,0,['Arena'],Casa Giulietta,"['Centro Fotografia', 'Sighseeing', 'Torre Lamberti', 'Museo Conte', 'Museo Radio']",Castelvecchio,strategy_nearest,False,0.0039958953857421875,success
046CC24A9C4C80,3,"['Castelvecchio', 'Arena']",Casa Giulietta,"['Centro Fotografia', 'Sighseeing', 'Torre Lamberti', 'Museo Conte', 'Museo Radio']",Torre Lamberti,strategy_nearest,True,0.0021920204162597656,success
046CCB4A9C4C80,0,['Arena'],Castelvecchio,"['Museo Lapidario', 'Verona Tour', 'Museo Radio', 'San Zeno', 'Sighseeing']",San Zeno,strategy_nearest,True,0.00138092041015625,success
046CC74A9C4C80,1,"['Castelvecchio', 'Arena', 'Casa Giulietta']",Palazzo della Ragione,"['AMO', 'Museo Conte', 'Torre Lamberti', 'Centro Fotografia', 'Sighseeing']",Torre Lamberti,strategy_nearest,True,0.0027549266815185547,success
046CC84A9C4C80,1,['Castelvecchio'],Arena,"['Verona Tour', 'Museo Lapidario', 'Museo Radio', 'San Fermo', 'Casa Giulietta']",Torre Lamberti,strategy_nearest,False,0.003314971923828125,success
046CCD4A9C4C80,1,['Arena'],Torre Lamberti,"['Sighseeing', 'Centro Fotografia', 'Museo Conte', 'Casa Giulietta', 'Palazzo della Ragione']",Palazzo della Ragione,strategy_nearest,True,0.003368854522705078,success
046CCE3A9C4C80,3,"['Arena', 'Casa Giulietta', 'Santa Anastasia']",Duomo,"['AMO', 'Museo Miniscalchi', 'Teatro Romano', 'Palazzo della Ragione', 'Museo Conte']",Teatro Romano,strategy_nearest,True,0.0015270709991455078,success
046CCC4A9C4C80,1,['Arena'],Casa Giulietta,"['Centro Fotografia', 'Sighseeing', 'Torre Lamberti', 'Museo Conte', 'Museo Radio']",Torre Lamberti,strategy_nearest,True,0.002807140350341797,success
046CD24A9C4C80,0,['San Fermo'],Casa Giulietta,"['Centro Fotografia', 'Sighseeing', 'Torre Lamberti', 'Museo Conte', 'Museo Radio']",Arena,strategy_nearest,False,0.0020558834075927734,success
046CD93A9C4C80,1,"['Arena', 'Torre Lamberti', 'Palazzo della Ragione']",Santa Anastasia,"['AMO', 'Museo Conte', 'Teatro Romano', 'Centro Fotografia', 'Duomo']",Duomo,strategy_nearest,True,0.0032498836517333984,success
046CD83A9C4C80,0,['Castelvecchio'],Arena,"['Verona Tour', 'Museo Lapidario', 'Museo Radio', 'San Fermo', 'Casa Giulietta']",Torre Lamberti,strategy_nearest,False,0.0015671253204345703,success
046CE7429C4C80,1,"['Arena', 'Museo Lapidario', 'Castelvecchio', 'Santa Anastasia']",Duomo,"['AMO', 'Museo Miniscalchi', 'Teatro Romano', 'Palazzo della Ragione', 'Museo Conte']",Teatro Romano,strategy_nearest,True,0.0026340484619140625,success
046CEB4A9C4C80,2,"['Torre Lamberti', 'Palazzo della Ragione']",Santa Anastasia,"['AMO', 'Museo Conte', 'Teatro Romano', 'Centro Fotografia', 'Duomo']",Duomo,strategy_nearest,True,0.001990079879760742,success
046D024A9C4C84,3,['Arena'],Casa Giulietta,"['Centro Fotografia', 'Sighseeing', 'Torre Lamberti', 'Museo Conte', 'Museo Radio']",Santa Anastasia,strategy_nearest,False,0.0013689994812011719,success
046CF84A9C4C80,1,"['Arena', 'Palazzo della Ragione', 'Torre Lamberti', 'Casa Giulietta']",Tomba Giulietta,"['San Fermo', 'Museo Storia', 'Museo Lapidario', 'Museo Radio', 'Verona Tour']",Castelvecchio,strategy_nearest,False,0.001984119415283203,success
046CF13A9C4C80,0,['Casa Giulietta'],Arena,"['Verona Tour', 'Museo Lapidario', 'Museo Radio', 'San Fermo', 'Sighseeing']",San Zeno,strategy_nearest,False,0.00331878662109375,success
046CF4429C4C80,3,"['Castelvecchio', 'Arena']",Torre Lamberti,"['Sighseeing', 'Centro Fotografia', 'Museo Conte', 'Casa Giulietta', 'Palazzo della Ragione']",Casa Giulietta,strategy_nearest,True,0.002704143524169922,success
046D0D4A9C4C84,0,['Arena'],Casa Giulietta,"['Centro Fotografia', 'Sighseeing', 'Torre Lamberti', 'Museo Conte', 'Museo Radio']",San Zeno,strategy_nearest,False,0.0020160675048828125,success
046D034A9C4C84,3,"['Arena', 'Casa Giulietta']",Torre Lamberti,"['Sighseeing', 'Centro Fotografia', 'Museo Conte', 'Palazzo della Ragione', 'AMO']",Santa Anastasia,strategy_nearest,False,0.0027048587799072266,success
046D0E4A9C4C84,3,['Arena'],Torre Lamberti,"['Sighseeing', 'Centro Fotografia', 'Museo Conte', 'Casa Giulietta', 'Palazzo della Ragione']",Santa Anastasia,strategy_nearest,False,0.001361846923828125,success
046D094A9C4C84,2,['Castelvecchio'],Torre Lamberti,"['Sighseeing', 'Centro Fotografia', 'Museo Conte', 'Casa Giulietta', 'Palazzo della Ragione']",Teatro Romano,strategy_nearest,False,0.0032668113708496094,success
046D1C429C4C84,0,"['Arena', 'Torre Lamberti']",Casa Giulietta,"['Centro Fotografia', 'Sighseeing', 'Museo Conte', 'Museo Radio', 'Palazzo della Ragione']",Museo Lapidario,strategy_nearest,False,0.0013849735260009766,success
046D1F4A9C4C80,1,"['Castelvecchio', 'Palazzo della Ragione', 'Arena', 'Casa Giulietta']",Santa Anastasia,"['AMO', 'Museo Conte', 'Teatro Romano', 'Centro Fotografia', 'Duomo']",Duomo,strategy_nearest,True,0.0018949508666992188,success
046D1F429C4C84,0,['Teatro Romano'],Duomo,"['AMO', 'Museo Miniscalchi', 'Santa Anastasia', 'Palazzo della Ragione', 'Museo Conte']",Arena,strategy_nearest,False,0.0027577877044677734,success
046D274A9C4C80,2,"['Casa Giulietta', 'Torre Lamberti']",Giardino Giusti,"['Santa Anastasia', 'Teatro Romano', 'Museo Conte', 'Centro Fotografia', 'Museo Storia']",Santa Anastasia,strategy_nearest,True,0.003328084945678711,success
046D353A9C4C80,0,"['Arena', 'Torre Lamberti']",Casa Giulietta,"['Centro Fotografia', 'Sighseeing', 'Museo Conte', 'Museo Radio', 'Palazzo della Ragione']",Castelvecchio,strategy_nearest,False,0.0025107860565185547,success
046D2D429C4C80,0,['San Zeno'],Casa Giulietta,"['Centro Fotografia', 'Sighseeing', 'Torre Lamberti', 'Museo Conte', 'Museo Radio']",Arena,strategy_nearest,False,0.0020117759704589844,success
046D2C429C4C80,2,['Casa Giulietta'],Castelvecchio,"['Museo Lapidario', 'Verona Tour', 'Arena', 'Museo Radio', 'San Zeno']",Museo Storia,strategy_nearest,False,0.003905057907104492,success
046D38429C4C80,1,"['Santa Anastasia', 'Palazzo della Ragione']",Torre Lamberti,"['Sighseeing', 'Centro Fotografia', 'Museo Conte', 'Casa Giulietta', 'AMO']",Casa Giulietta,strategy_nearest,True,0.0034606456756591797,success
046D483A9C4C80,1,"['Arena', 'Casa Giulietta', 'Museo Lapidario', 'Castelvecchio']",San Zeno,"['Verona Tour', 'Museo Miniscalchi', 'Sighseeing', 'Museo Radio', 'Torre Lamberti']",Palazzo della Ragione,strategy_nearest,False,0.002727985382080078,success
046D404A9C4C80,0,"['Tomba Giulietta', 'Arena']",Castelvecchio,"['Museo Lapidario', 'Verona Tour', 'Museo Radio', 'San Zeno', 'Sighseeing']",Casa Giulietta,strategy_nearest,False,0.0026111602783203125,success
046D543A9C4C80,3,"['Arena', 'Torre Lamberti']",Casa Giulietta,"['Centro Fotografia', 'Sighseeing', 'Museo Conte', 'Museo Radio', 'Palazzo della Ragione']",Santa Anastasia,strategy_nearest,False,0.003144979476928711,success
046D74429C4C80,3,"['Museo Lapidario', 'Arena']",Casa Giulietta,"['Centro Fotografia', 'Sighseeing', 'Torre Lamberti', 'Museo Conte', 'Museo Radio']",Torre Lamberti,strategy_nearest,True,0.0013010501861572266,success
046D6D3A9C4C80,2,['Casa Giulietta'],Tomba Giulietta,"['San Fermo', 'Museo Storia', 'Arena', 'Museo Lapidario', 'Museo Radio']",Torre Lamberti,strategy_nearest,False,0.003300905227661133,success
046D553A9C4C80,3,"['Teatro Romano', 'Santa Anastasia']",Casa Giulietta,"['Centro Fotografia', 'Sighseeing', 'Torre Lamberti', 'Museo Conte', 'Museo Radio']",Torre Lamberti,strategy_nearest,True,0.003383159637451172,success
046D76429C4C80,0,"['Tomba Giulietta', 'Arena']",Casa Giulietta,"['Centro Fotografia', 'Sighseeing', 'Torre Lamberti', 'Museo Conte', 'Museo Radio']",Duomo,strategy_nearest,False,0.0032269954681396484,success
046D7D3A9C4C80,0,"['Duomo', 'Torre Lamberti']",Casa Giulietta,"['Centro Fotografia', 'Sighseeing', 'Museo Conte', 'Museo Radio', 'Palazzo della Ragione']",Arena,strategy_nearest,False,0.0020558834075927734,success
046D8A4A9C4C80,2,['Casa Giulietta'],Palazzo della Ragione,"['AMO', 'Museo Conte', 'Torre Lamberti', 'Centro Fotografia', 'Sighseeing']",Torre Lamberti,strategy_nearest,True,0.0013518333435058594,success
046D7C4A9C4C80,3,"['Duomo', 'Santa Anastasia']",Casa Giulietta,"['Centro Fotografia', 'Sighseeing', 'Torre Lamberti', 'Museo Conte', 'Museo Radio']",Arena,strategy_nearest,False,0.0039920806884765625,success
046D784A9C4C80,0,['Arena'],Museo Lapidario,"['Verona Tour', 'Castelvecchio', 'Museo Radio', 'San Fermo', 'Casa Giulietta']",Torre Lamberti,strategy_nearest,False,0.003381013870239258,success
046DB23A9C4C80,0,"['Teatro Romano', 'Casa Giulietta', 'Torre Lamberti']",Arena,"['Verona Tour', 'Museo Lapidario', 'Museo Radio', 'San Fermo', 'Sighseeing']",Tomba Giulietta,strategy_nearest,False,0.002663850784301758,success
046D944A9C4C80,3,"['Arena', 'Casa Giulietta', 'San Fermo']",Santa Anastasia,"['AMO', 'Museo Conte', 'Palazzo della Ragione', 'Teatro Romano', 'Centro Fotografia']",Duomo,strategy_nearest,False,0.002190113067626953,success
046DA04A9C4C80,2,['Casa Giulietta'],Santa Anastasia,"['AMO', 'Museo Conte', 'Palazzo della Ragione', 'Teatro Romano', 'Centro Fotografia']",Teatro Romano,strategy_nearest,True,0.00215911865234375,success
046D924A9C4C80,0,"['Arena', 'Castelvecchio']",Casa Giulietta,"['Centro Fotografia', 'Sighseeing', 'Torre Lamberti', 'Museo Conte', 'Museo Radio']",Torre Lamberti,strategy_nearest,True,0.004604816436767578,success
046DBB4A9C4C80,0,['Arena'],Castelvecchio,"['Museo Lapidario', 'Verona Tour', 'Museo Radio', 'San Zeno', 'Sighseeing']",San Zeno,strategy_nearest,True,0.002714872360229492,success
046DBA4A9C4C80,3,['Arena'],Duomo,"['AMO', 'Museo Miniscalchi', 'Santa Anastasia', 'Teatro Romano', 'Palazzo della Ragione']",Santa Anastasia,strategy_nearest,True,0.002151966094970703,success
046DCC4A9C4C80,0,['Arena'],Casa Giulietta,"['Centro Fotografia', 'Sighseeing', 'Torre Lamberti', 'Museo Conte', 'Museo Radio']",Teatro Romano,strategy_nearest,False,0.0013742446899414062,success
046DC74A9C4C80,3,"['Arena', 'Casa Giulietta']",Torre Lamberti,"['Sighseeing', 'Centro Fotografia', 'Museo Conte', 'Palazzo della Ragione', 'AMO']",Teatro Romano,strategy_nearest,False,0.003278970718383789,success
046DE4429C4C80,3,"['Arena', 'Torre Lamberti']",Duomo,"['AMO', 'Museo Miniscalchi', 'Santa Anastasia', 'Teatro Romano', 'Palazzo della Ragione']",Teatro Romano,strategy_nearest,True,0.002007007598876953,success
046DCD4A9C4C80,0,['Arena'],Casa Giulietta,"['Centro Fotografia', 'Sighseeing', 'Torre Lamberti', 'Museo Conte', 'Museo Radio']",Teatro Romano,strategy_nearest,False,0.0022132396697998047,success
046DD93A9C4C80,0,['Arena'],Casa Giulietta,"['Centro Fotografia', 'Sighseeing', 'Torre Lamberti', 'Museo Conte', 'Museo Radio']",Torre Lamberti,strategy_nearest,True,0.002733945846557617,success
046DD33A9C4C80,1,"['Arena', 'Santa Anastasia', 'Torre Lamberti']",Palazzo della Ragione,"['AMO', 'Museo Conte', 'Centro Fotografia', 'Sighseeing', 'Museo Miniscalchi']",Duomo,strategy_nearest,False,0.0033371448516845703,success
046DEE4A9C4C80,0,"['Arena', 'Museo Lapidario']",Tomba Giulietta,"['San Fermo', 'Museo Storia', 'Museo Radio', 'Verona Tour', 'Casa Giulietta']",San Fermo,strategy_nearest,True,0.0021359920501708984,success
046DEA4A9C4C80,2,['Casa Giulietta'],Santa Anastasia,"['AMO', 'Museo Conte', 'Palazzo della Ragione', 'Teatro Romano', 'Centro Fotografia']",Duomo,strategy_nearest,False,0.0015711784362792969,success
046DF7429C4C80,0,"['Arena', 'Casa Giulietta']",Teatro Romano,"['Santa Anastasia', 'Duomo', 'AMO', 'Palazzo della Ragione', 'Museo Conte']",Museo Storia,strategy_nearest,False,0.002641916275024414,success
046DEA429C4C80,3,"['Arena', 'Torre Lamberti']",Santa Anastasia,"['AMO', 'Museo Conte', 'Palazzo della Ragione', 'Teatro Romano', 'Centro Fotografia']",San Fermo,strategy_nearest,False,0.0033559799194335938,success
046E004A9C4C84,4,"['Torre Lamberti', 'Casa Giulietta', 'Palazzo della Ragione']",Arena,"['Verona Tour', 'Museo Lapidario', 'Museo Radio', 'San Fermo', 'Sighseeing']",Castelvecchio,strategy_nearest,False,0.0013811588287353516,success
046DFF4A9C4C80,1,"['Torre Lamberti', 'Palazzo della Ragione', 'Casa Giulietta']",Santa Anastasia,"['AMO', 'Museo Conte', 'Teatro Romano', 'Centro Fotografia', 'Duomo']",Duomo,strategy_nearest,True,0.002869129180908203,success
046DFB429C4C80,1,"['Santa Anastasia', 'Casa Giulietta']",Palazzo della Ragione,"['AMO', 'Museo Conte', 'Torre Lamberti', 'Centro Fotografia', 'Sighseeing']",San Zeno,strategy_nearest,False,0.002161264419555664,success
046E094A9C4C84,0,['Arena'],Casa Giulietta,"['Centro Fotografia', 'Sighseeing', 'Torre Lamberti', 'Museo Conte', 'Museo Radio']",Castelvecchio,strategy_nearest,False,0.003498077392578125,success
046E11429C4C84,0,['Arena'],Castelvecchio,"['Museo Lapidario', 'Verona Tour', 'Museo Radio', 'San Zeno', 'Sighseeing']",Casa Giulietta,strategy_nearest,False,0.0017879009246826172,success
046E124A9C4C84,1,"['Arena', 'Casa Giulietta', 'San Fermo']",Palazzo della Ragione,"['AMO', 'Museo Conte', 'Torre Lamberti', 'Centro Fotografia', 'Sighseeing']",Torre Lamberti,strategy_nearest,True,0.002418994903564453,success
046E0E429C4C84,0,['Castelvecchio'],Arena,"['Verona Tour', 'Museo Lapidario', 'Museo Radio', 'San Fermo', 'Casa Giulietta']",Casa Giulietta,strategy_nearest,True,0.0024139881134033203,success
046E114A9C4C84,0,['Arena'],Teatro Romano,"['Santa Anastasia', 'Duomo', 'AMO', 'Palazzo della Ragione', 'Museo Conte']",Giardino Giusti,strategy_nearest,False,0.00384521484375,success
046E173A9C4C84,0,"['Arena', 'Museo Lapidario']",Castelvecchio,"['Verona Tour', 'Museo Radio', 'San Zeno', 'Sighseeing', 'Museo Miniscalchi']",Casa Giulietta,strategy_nearest,False,0.0027778148651123047,success
046E2C429C4C80,3,"['Arena', 'Teatro Romano']",Santa Anastasia,"['AMO', 'Museo Conte', 'Palazzo della Ragione', 'Centro Fotografia', 'Duomo']",Castelvecchio,strategy_nearest,False,0.0027189254760742188,success
046E2E3A9C4C80,3,"['Duomo', 'Santa Anastasia', 'San Fermo']",Casa Giulietta,"['Centro Fotografia', 'Sighseeing', 'Torre Lamberti', 'Museo Conte', 'Museo Radio']",Arena,strategy_nearest,False,0.003239154815673828,success
046E163A9C4C84,0,"['Arena', 'Museo Lapidario']",Castelvecchio,"['Verona Tour', 'Museo Radio', 'San Zeno', 'Sighseeing', 'Museo Miniscalchi']",Casa Giulietta,strategy_nearest,False,0.0028221607208251953,success
046E344A9C4C80,1,"['Museo Lapidario', 'Castelvecchio', 'San Zeno', 'Arena', 'San Fermo']",Casa Giulietta,"['Centro Fotografia', 'Sighseeing', 'Torre Lamberti', 'Museo Conte', 'Museo Radio']",Torre Lamberti,strategy_nearest,True,0.003226041793823242,success
046E34429C4C80,1,"['Arena', 'Castelvecchio', 'Casa Giulietta']",San Fermo,"['Museo Storia', 'Museo Radio', 'Centro Fotografia', 'Sighseeing', 'Torre Lamberti']",Duomo,strategy_nearest,False,0.002067089080810547,success
046E2E429C4C80,0,['San Zeno'],Casa Giulietta,"['Centro Fotografia', 'Sighseeing', 'Torre Lamberti', 'Museo Conte', 'Museo Radio']",Arena,strategy_nearest,False,0.0039501190185546875,success
046E45429C4C80,3,"['San Fermo', 'Giardino Giusti', 'Teatro Romano']",Duomo,"['AMO', 'Museo Miniscalchi', 'Santa Anastasia', 'Palazzo della Ragione', 'Museo Conte']",Santa Anastasia,strategy_nearest,True,0.001416921615600586,success
046E4E4A9C4C80,1,"['Arena', 'Palazzo della Ragione', 'Torre Lamberti']",Casa Giulietta,"['Centro Fotografia', 'Sighseeing', 'Museo Conte', 'Museo Radio', 'San Fermo']",Santa Anastasia,strategy_nearest,False,0.0021491050720214844,success
046E523A9C4C80,3,"['Teatro Romano', 'Santa Anastasia']",Casa Giulietta,"['Centro Fotografia', 'Sighseeing', 'Torre Lamberti', 'Museo Conte', 'Museo Radio']",Torre Lamberti,strategy_nearest,True,0.002669095993041992,success
046E483A9C4C80,3,['Arena'],Castelvecchio,"['Museo Lapidario', 'Verona Tour', 'Museo Radio', 'San Zeno', 'Sighseeing']",Santa Anastasia,strategy_nearest,False,0.0014309883117675781,success
046E573A9C4C80,2,"['Torre Lamberti', 'Santa Anastasia']",Teatro Romano,"['Duomo', 'AMO', 'Palazzo della Ragione', 'Museo Conte', 'Centro Fotografia']",Duomo,strategy_nearest,True,0.0031690597534179688,success
046E76429C4C80,0,['Arena'],Casa Giulietta,"['Centro Fotografia', 'Sighseeing', 'Torre Lamberti', 'Museo Conte', 'Museo Radio']",Santa Anastasia,strategy_nearest,False,0.0021753311157226562,success
046E764A9C4C80,0,"['Arena', 'Castelvecchio']",Casa Giulietta,"['Centro Fotografia', 'Sighseeing', 'Torre Lamberti', 'Museo Conte', 'Museo Radio']",Teatro Romano,strategy_nearest,False,0.0015099048614501953,success
046E70429C4C80,3,['Duomo'],Santa Anastasia,"['AMO', 'Museo Conte', 'Palazzo della Ragione', 'Teatro Romano', 'Centro Fotografia']",Arena,strategy_nearest,False,0.0027878284454345703,success
046E8D429C4C80,1,['Arena'],Casa Giulietta,"['Centro Fotografia', 'Sighseeing', 'Torre Lamberti', 'Museo Conte', 'Museo Radio']",Palazzo della Ragione,strategy_nearest,False,0.0032949447631835938,success
046EB23A9C4C80,0,['Arena'],Casa Giulietta,"['Centro Fotografia', 'Sighseeing', 'Torre Lamberti', 'Museo Conte', 'Museo Radio']",Duomo,strategy_nearest,False,0.0015528202056884766,success
046E924A9C4C80,0,['Arena'],Casa Giulietta,"['Centro Fotografia', 'Sighseeing', 'Torre Lamberti', 'Museo Conte', 'Museo Radio']",Duomo,strategy_nearest,False,0.002797842025756836,success
046EB33A9C4C80,0,['Arena'],Casa Giulietta,"['Centro Fotografia', 'Sighseeing', 'Torre Lamberti', 'Museo Conte', 'Museo Radio']",San Fermo,strategy_nearest,False,0.0032541751861572266,success
046E9F4A9C4C80,0,"['Arena', 'Museo Lapidario']",Castelvecchio,"['Verona Tour', 'Museo Radio', 'San Zeno', 'Sighseeing', 'Museo Miniscalchi']",Casa Giulietta,strategy_nearest,False,0.0033659934997558594,success
046EB53A9C4C80,3,"['Arena', 'Museo Lapidario']",Casa Giulietta,"['Centro Fotografia', 'Sighseeing', 'Torre Lamberti', 'Museo Conte', 'Museo Radio']",Torre Lamberti,strategy_nearest,True,0.002007007598876953,success
046EB63A9C4C80,1,"['Palazzo della Ragione', 'Torre Lamberti', 'Santa Anastasia']",Duomo,"['AMO', 'Museo Miniscalchi', 'Teatro Romano', 'Museo Conte', 'Centro Fotografia']",Casa Giulietta,strategy_nearest,False,0.002485036849975586,success
046EB54A9C4C80,1,"['Arena', 'Torre Lamberti']",Palazzo della Ragione,"['AMO', 'Museo Conte', 'Centro Fotografia', 'Sighseeing', 'Santa Anastasia']",Duomo,strategy_nearest,False,0.0025680065155029297,success
046EBE3A9C4C80,0,['Castelvecchio'],Arena,"['Verona Tour', 'Museo Lapidario', 'Museo Radio', 'San Fermo', 'Casa Giulietta']",Torre Lamberti,strategy_nearest,False,0.0015990734100341797,success
046EB74A9C4C80,2,"['Santa Anastasia', 'Duomo']",Castelvecchio,"['Museo Lapidario', 'Verona Tour', 'Arena', 'Museo Radio', 'San Zeno']",San Zeno,strategy_nearest,True,0.0033521652221679688,success
046EC64A9C4C80,3,"['Arena', 'Castelvecchio']",Santa Anastasia,"['AMO', 'Museo Conte', 'Palazzo della Ragione', 'Teatro Romano', 'Centro Fotografia']",Duomo,strategy_nearest,False,0.0031549930572509766,success
046EBA4A9C4C80,3,['Arena'],Duomo,"['AMO', 'Museo Miniscalchi', 'Santa Anastasia', 'Teatro Romano', 'Palazzo della Ragione']",Santa Anastasia,strategy_nearest,True,0.002710103988647461,success
046ECD4A9C4C80,3,"['Arena', 'Casa Giulietta']",Teatro Romano,"['Santa Anastasia', 'Duomo', 'AMO', 'Palazzo della Ragione', 'Museo Conte']",Duomo,strategy_nearest,True,0.0014998912811279297,success
046ECC4A9C4C80,0,['Arena'],Torre Lamberti,"['Sighseeing', 'Centro Fotografia', 'Museo Conte', 'Casa Giulietta', 'Palazzo della Ragione']",Casa Giulietta,strategy_nearest,True,0.0033919811248779297,success
046ED2429C4C80,0,"['Arena', 'Museo Lapidario']",San Zeno,"['Castelvecchio', 'Verona Tour', 'Museo Miniscalchi', 'Sighseeing', 'Museo Radio']",Castelvecchio,strategy_nearest,True,0.0020139217376708984,success
046EC94A9C4C80,2,['Torre Lamberti'],Casa Giulietta,"['Centro Fotografia', 'Sighseeing', 'Museo Conte', 'Museo Radio', 'Palazzo della Ragione']",Santa Anastasia,strategy_nearest,False,0.004868030548095703,success
046EE4429C4C80,3,['Arena'],Santa Anastasia,"['AMO', 'Museo Conte', 'Palazzo della Ragione', 'Teatro Romano', 'Centro Fotografia']",Duomo,strategy_nearest,False,0.0017893314361572266,success
046EE1429C4C80,3,"['Arena', 'Casa Giulietta']",Torre Lamberti,"['Sighseeing', 'Centro Fotografia', 'Museo Conte', 'Palazzo della Ragione', 'AMO']",Tomba Giulietta,strategy_nearest,False,0.0025589466094970703,success
046EE93A9C4C80,3,"['Castelvecchio', 'Arena']",Casa Giulietta,"['Centro Fotografia', 'Sighseeing', 'Torre Lamberti', 'Museo Conte', 'Museo Radio']",Torre Lamberti,strategy_nearest,True,0.0031609535217285156,success
046EF4429C4C80,2,"['Castelvecchio', 'Casa Giulietta', 'Torre Lamberti', 'Palazzo della Ragione', 'Santa Anastasia']",Teatro Romano,"['Duomo', 'AMO', 'Museo Conte', 'Centro Fotografia', 'Museo Miniscalchi']",Duomo,strategy_nearest,True,0.0019140243530273438,success
046EED4A9C4C80,3,"['Arena', 'Casa Giulietta']",Santa Anastasia,"['AMO', 'Museo Conte', 'Palazzo della Ragione', 'Teatro Romano', 'Centro Fotografia']",Torre Lamberti,strategy_nearest,False,0.004194021224975586,success
046EFB429C4C80,3,"['Arena', 'Torre Lamberti', 'Casa Giulietta']",Santa Anastasia,"['AMO', 'Museo Conte', 'Palazzo della Ragione', 'Teatro Romano', 'Centro Fotografia']",Teatro Romano,strategy_nearest,True,0.003871917724609375,success
046EFE4A9C4C80,0,['Arena'],Casa Giulietta,"['Centro Fotografia', 'Sighseeing', 'Torre Lamberti', 'Museo Conte', 'Museo Radio']",Tomba Giulietta,strategy_nearest,False,0.0024368762969970703,success
046F024A9C4C84,0,['Arena'],Casa Giulietta,"['Centro Fotografia', 'Sighseeing', 'Torre Lamberti', 'Museo Conte', 'Museo Radio']",Torre Lamberti,strategy_nearest,True,0.001888275146484375,success
046F004A9C4C84,1,"['Arena', 'Palazzo della Ragione']",Casa Giulietta,"['Centro Fotografia', 'Sighseeing', 'Torre Lamberti', 'Museo Conte', 'Museo Radio']",Castelvecchio,strategy_nearest,False,0.003789186477661133,success
046EFF4A9C4C80,0,['Torre Lamberti'],Arena,"['Verona Tour', 'Museo Lapidario', 'Museo Radio', 'San Fermo', 'Casa Giulietta']",Casa Giulietta,strategy_nearest,True,0.0026340484619140625,success
046F044A9C4C84,1,"['Teatro Romano', 'Palazzo della Ragione', 'Torre Lamberti', 'Casa Giulietta']",Arena,"['Verona Tour', 'Museo Lapidario', 'Museo Radio', 'San Fermo', 'Sighseeing']",Castelvecchio,strategy_nearest,False,0.0031752586364746094,success
046F0F4A9C4C84,0,['Arena'],Teatro Romano,"['Santa Anastasia', 'Duomo', 'AMO', 'Palazzo della Ragione', 'Museo Conte']",Torre Lamberti,strategy_nearest,False,0.0015218257904052734,success
046F084A9C4C84,6,"['Verona Tour', 'Casa Giulietta']",Arena,"['Museo Lapidario', 'Museo Radio', 'San Fermo', 'Sighseeing', 'Castelvecchio']",Tomba Giulietta,strategy_nearest,False,0.0027611255645751953,success
046F0E4A9C4C84,0,"['Castelvecchio', 'Torre Lamberti']",Arena,"['Verona Tour', 'Museo Lapidario', 'Museo Radio', 'San Fermo', 'Casa Giulietta']",Casa Giulietta,strategy_nearest,True,0.0027511119842529297,success
046F10429C4C84,1,"['Casa Giulietta', 'Museo Lapidario', 'Castelvecchio', 'Duomo']",Santa Anastasia,"['AMO', 'Museo Conte', 'Palazzo della Ragione', 'Teatro Romano', 'Centro Fotografia']",Torre Lamberti,strategy_nearest,False,0.0033941268920898438,success
046F114A9C4C84,2,"['Casa Giulietta', 'Torre Lamberti']",Castelvecchio,"['Museo Lapidario', 'Verona Tour', 'Arena', 'Museo Radio', 'San Zeno']",Santa Anastasia,strategy_nearest,False,0.0016047954559326172,success
046F12429C4C84,3,"['Tomba Giulietta', 'San Fermo', 'Casa Giulietta']",Santa Anastasia,"['AMO', 'Museo Conte', 'Palazzo della Ragione', 'Teatro Romano', 'Centro Fotografia']",Duomo,strategy_nearest,False,0.0034799575805664062,success
046F15429C4C84,1,['Castelvecchio'],Arena,"['Verona Tour', 'Museo Lapidario', 'Museo Radio', 'San Fermo', 'Casa Giulietta']",Torre Lamberti,strategy_nearest,False,0.001806020736694336,success
046F124A9C4C80,1,"['Torre Lamberti', 'Teatro Romano', 'Arena']",Castelvecchio,"['Museo Lapidario', 'Verona Tour', 'Museo Radio', 'San Zeno', 'Sighseeing']",Casa Giulietta,strategy_nearest,False,0.0046939849853515625,success
046F253A9C4C84,3,"['Santa Anastasia', 'San Zeno']",Castelvecchio,"['Museo Lapidario', 'Verona Tour', 'Arena', 'Museo Radio', 'Sighseeing']",Arena,strategy_nearest,True,0.0023980140686035156,success
046F384A9C4C80,0,['Torre Lamberti'],Arena,"['Verona Tour', 'Museo Lapidario', 'Museo Radio', 'San Fermo', 'Casa Giulietta']",Casa Giulietta,strategy_nearest,True,0.0021109580993652344,success
046F363A9C4C80,3,"['Castelvecchio', 'Santa Anastasia', 'Duomo', 'San Zeno']",Teatro Romano,"['AMO', 'Palazzo della Ragione', 'Museo Conte', 'Centro Fotografia', 'Museo Miniscalchi']",Arena,strategy_nearest,False,0.0020170211791992188,success
046F3D429C4C80,1,"['Arena', 'Castelvecchio', 'Casa Giulietta']",San Fermo,"['Museo Storia', 'Museo Radio', 'Centro Fotografia', 'Sighseeing', 'Torre Lamberti']",Duomo,strategy_nearest,False,0.003223896026611328,success
046F25429C4C84,1,"['Castelvecchio', 'Arena']",Casa Giulietta,"['Centro Fotografia', 'Sighseeing', 'Torre Lamberti', 'Museo Conte', 'Museo Radio']",Palazzo della Ragione,strategy_nearest,False,0.004030942916870117,success
046F3F3A9C4C80,3,"['Arena', 'Castelvecchio', 'Duomo']",Santa Anastasia,"['AMO', 'Museo Conte', 'Palazzo della Ragione', 'Teatro Romano', 'Centro Fotografia']",Tomba Giulietta,strategy_nearest,False,0.0028009414672851562,success
046F584A9C4C80,3,['Casa Giulietta'],Arena,"['Verona Tour', 'Museo Lapidario', 'Museo Radio', 'San Fermo', 'Sighseeing']",Santa Anastasia,strategy_nearest,False,0.0020940303802490234,success
046F4F3A9C4C80,2,['Castelvecchio'],Casa Giulietta,"['Centro Fotografia', 'Sighseeing', 'Torre Lamberti', 'Museo Conte', 'Museo Radio']",Santa Anastasia,strategy_nearest,False,0.002743959426879883,success
046F4C429C4C80,3,"['Teatro Romano', 'Arena']",Duomo,"['AMO', 'Museo Miniscalchi', 'Santa Anastasia', 'Palazzo della Ragione', 'Museo Conte']",Santa Anastasia,strategy_nearest,True,0.004090070724487305,success
046F7B4A9C4C80,3,"['Arena', 'Casa Giulietta']",Torre Lamberti,"['Sighseeing', 'Centro Fotografia', 'Museo Conte', 'Palazzo della Ragione', 'AMO']",Santa Anastasia,strategy_nearest,False,0.002228260040283203,success
046F683A9C4C80,0,['Castelvecchio'],Tomba Giulietta,"['San Fermo', 'Museo Storia', 'Arena', 'Museo Lapidario', 'Museo Radio']",Casa Giulietta,strategy_nearest,False,0.004664897918701172,success
046F7C4A9C4C80,3,['Castelvecchio'],San Fermo,"['Museo Storia', 'Museo Radio', 'Casa Giulietta', 'Centro Fotografia', 'Arena']",Arena,strategy_nearest,True,0.0027420520782470703,success
046F70429C4C80,3,"['Museo Lapidario', 'Arena']",Casa Giulietta,"['Centro Fotografia', 'Sighseeing', 'Torre Lamberti', 'Museo Conte', 'Museo Radio']",Torre Lamberti,strategy_nearest,True,0.0022878646850585938,success
046F924A9C4C80,2,"['Casa Giulietta', 'Torre Lamberti']",Duomo,"['AMO', 'Museo Miniscalchi', 'Santa Anastasia', 'Teatro Romano', 'Palazzo della Ragione']",Castelvecchio,strategy_nearest,False,0.0013418197631835938,success
046F99429C4C80,1,"['Casa Giulietta', 'Arena', 'Tomba Giulietta']",Castelvecchio,"['Museo Lapidario', 'Verona Tour', 'Museo Radio', 'San Zeno', 'Sighseeing']",Teatro Romano,strategy_nearest,False,0.0026879310607910156,success
046F893A9C4C80,1,"['Arena', 'Casa Giulietta', 'Torre Lamberti', 'Palazzo della Ragione']",Teatro Romano,"['Santa Anastasia', 'Duomo', 'AMO', 'Museo Conte', 'Centro Fotografia']",Duomo,strategy_nearest,True,0.0032308101654052734,success
046FA5429C4C80,3,['Arena'],Casa Giulietta,"['Centro Fotografia', 'Sighseeing', 'Torre Lamberti', 'Museo Conte', 'Museo Radio']",Santa Anastasia,strategy_nearest,False,0.003350973129272461,success
046FB13A9C4C80,0,['Arena'],Casa Giulietta,"['Centro Fotografia', 'Sighseeing', 'Torre Lamberti', 'Museo Conte', 'Museo Radio']",Teatro Romano,strategy_nearest,False,0.001811981201171875,success
046FB43A9C4C80,0,['Arena'],Giardino Giusti,"['Santa Anastasia', 'Teatro Romano', 'Museo Conte', 'Centro Fotografia', 'Museo Storia']",Teatro Romano,strategy_nearest,True,0.0024330615997314453,success
046FB74A9C4C80,0,['Arena'],Teatro Romano,"['Santa Anastasia', 'Duomo', 'AMO', 'Palazzo della Ragione', 'Museo Conte']",Torre Lamberti,strategy_nearest,False,0.0031800270080566406,success
046FB93A9C4C80,0,['Castelvecchio'],Arena,"['Verona Tour', 'Museo Lapidario', 'Museo Radio', 'San Fermo', 'Casa Giulietta']",Casa Giulietta,strategy_nearest,True,0.0026750564575195312,success
046FB84A9C4C80,0,['Arena'],Casa Giulietta,"['Centro Fotografia', 'Sighseeing', 'Torre Lamberti', 'Museo Conte', 'Museo Radio']",Torre Lamberti,strategy_nearest,True,0.003406047821044922,success
046FBA4A9C4C80,0,['Arena'],Casa Giulietta,"['Centro Fotografia', 'Sighseeing', 'Torre Lamberti', 'Museo Conte', 'Museo Radio']",Santa Anastasia,strategy_nearest,False,0.003248929977416992,success
046FBF4A9C4C80,0,['Arena'],Casa Giulietta,"['Centro Fotografia', 'Sighseeing', 'Torre Lamberti', 'Museo Conte', 'Museo Radio']",Castelvecchio,strategy_nearest,False,0.0030601024627685547,success
046FCD4A9C4C80,0,"['Arena', 'Casa Giulietta']",Duomo,"['AMO', 'Museo Miniscalchi', 'Santa Anastasia', 'Teatro Romano', 'Palazzo della Ragione']",Castelvecchio,strategy_nearest,False,0.003398895263671875,success
046FD63A9C4C80,1,"['Arena', 'Castelvecchio', 'San Zeno', 'Santa Anastasia']",Casa Giulietta,"['Centro Fotografia', 'Sighseeing', 'Torre Lamberti', 'Museo Conte', 'Museo Radio']",Torre Lamberti,strategy_nearest,True,0.0032219886779785156,success
046FD23A9C4C80,2,['Castelvecchio'],Torre Lamberti,"['Sighseeing', 'Centro Fotografia', 'Museo Conte', 'Casa Giulietta', 'Palazzo della Ragione']",Casa Giulietta,strategy_nearest,True,0.002701997756958008,success
046FD13A9C4C80,3,"['Arena', 'Tomba Giulietta', 'Casa Giulietta']",Torre Lamberti,"['Sighseeing', 'Centro Fotografia', 'Museo Conte', 'Palazzo della Ragione', 'AMO']",San Fermo,strategy_nearest,False,0.002174854278564453,success
046FE94A9C4C80,3,"['San Zeno', 'Arena']",San Fermo,"['Museo Storia', 'Museo Radio', 'Casa Giulietta', 'Centro Fotografia', 'Sighseeing']",Casa Giulietta,strategy_nearest,True,0.0013887882232666016,success
046FDB429C4C80,1,"['Palazzo della Ragione', 'Torre Lamberti']",Tomba Giulietta,"['San Fermo', 'Museo Storia', 'Arena', 'Museo Lapidario', 'Museo Radio']",Castelvecchio,strategy_nearest,False,0.0027990341186523438,success
046FE4429C4C80,1,"['Torre Lamberti', 'Palazzo della Ragione', 'San Fermo']",Tomba Giulietta,"['Museo Storia', 'Arena', 'Museo Lapidario', 'Museo Radio', 'Verona Tour']",San Zeno,strategy_nearest,False,0.0034737586975097656,success
046FE23A9C4C80,0,['Casa Giulietta'],Torre Lamberti,"['Sighseeing', 'Centro Fotografia', 'Museo Conte', 'Palazzo della Ragione', 'AMO']",Arena,strategy_nearest,False,0.0022020339965820312,success
046FEA429C4C80,1,"['Arena', 'Casa Giulietta', 'Santa Anastasia', 'Duomo']",Teatro Romano,"['AMO', 'Palazzo della Ragione', 'Museo Conte', 'Centro Fotografia', 'Museo Miniscalchi']",Palazzo della Ragione,strategy_nearest,True,0.0019676685333251953,success
046FEF4A9C4C80,0,['Arena'],Casa Giulietta,"['Centro Fotografia', 'Sighseeing', 'Torre Lamberti', 'Museo Conte', 'Museo Radio']",Duomo,strategy_nearest,False,0.0018460750579833984,success
046FF73A9C4C80,3,"['Museo Lapidario', 'Arena', 'Casa Giulietta']",Torre Lamberti,"['Sighseeing', 'Centro Fotografia', 'Museo Conte', 'Palazzo della Ragione', 'AMO']",Duomo,strategy_nearest,False,0.0031859874725341797,success
046FEA4A9C4C80,2,['Casa Giulietta'],Torre Lamberti,"['Sighseeing', 'Centro Fotografia', 'Museo Conte', 'Palazzo della Ragione', 'AMO']",Castelvecchio,strategy_nearest,False,0.0032918453216552734,success
046FF94A9C4C80,3,"['Arena', 'Castelvecchio', 'Duomo']",San Zeno,"['Verona Tour', 'Museo Lapidario', 'Museo Miniscalchi', 'Sighseeing', 'Museo Radio']",Torre Lamberti,strategy_nearest,False,0.002694845199584961,success
046FFC429C4C80,3,"['Arena', 'Casa Giulietta', 'Castelvecchio', 'Santa Anastasia']",Teatro Romano,"['Duomo', 'AMO', 'Palazzo della Ragione', 'Museo Conte', 'Centro Fotografia']",San Zeno,strategy_nearest,False,0.001416921615600586,success
046FF93A9C4C80,3,"['Castelvecchio', 'Arena']",Santa Anastasia,"['AMO', 'Museo Conte', 'Palazzo della Ragione', 'Teatro Romano', 'Centro Fotografia']",Teatro Romano,strategy_nearest,True,0.003942966461181641,success
046FFD4A9C4C80,3,"['Arena', 'Casa Giulietta']",Torre Lamberti,"['Sighseeing', 'Centro Fotografia', 'Museo Conte', 'Palazzo della Ragione', 'AMO']",Santa Anastasia,strategy_nearest,False,0.0031349658966064453,success
0470024A9C4C84,3,['Arena'],Casa Giulietta,"['Centro Fotografia', 'Sighseeing', 'Torre Lamberti', 'Museo Conte', 'Museo Radio']",Torre Lamberti,strategy_nearest,True,0.0015759468078613281,success
046FFF4A9C4C80,0,"['Duomo', 'Casa Giulietta']",Arena,"['Verona Tour', 'Museo Lapidario', 'Museo Radio', 'San Fermo', 'Sighseeing']",Castelvecchio,strategy_nearest,False,0.002789020538330078,success
0470084A9C4C84,3,['Casa Giulietta'],Torre Lamberti,"['Sighseeing', 'Centro Fotografia', 'Museo Conte', 'Palazzo della Ragione', 'AMO']",Santa Anastasia,strategy_nearest,False,0.003345966339111328,success
04700E4A9C4C84,3,"['Arena', 'Casa Giulietta']",Santa Anastasia,"['AMO', 'Museo Conte', 'Palazzo della Ragione', 'Teatro Romano', 'Centro Fotografia']",Duomo,strategy_nearest,False,0.001959085464477539,success
047011429C4C84,3,"['Arena', 'San Fermo', 'Casa Giulietta']",Torre Lamberti,"['Sighseeing', 'Centro Fotografia', 'Museo Conte', 'Palazzo della Ragione', 'AMO']",Santa Anastasia,strategy_nearest,False,0.0033979415893554688,success
0470123A9C4C80,3,"['Arena', 'Casa Giulietta', 'Santa Anastasia']",Duomo,"['AMO', 'Museo Miniscalchi', 'Teatro Romano', 'Palazzo della Ragione', 'Museo Conte']",Teatro Romano,strategy_nearest,True,0.0015530586242675781,success
0470124A9C4C80,3,"['Arena', 'Museo Lapidario', 'Castelvecchio', 'San Zeno']",Torre Lamberti,"['Sighseeing', 'Centro Fotografia', 'Museo Conte', 'Casa Giulietta', 'Palazzo della Ragione']",Santa Anastasia,strategy_nearest,False,0.001973867416381836,success
0470114A9C4C84,0,"['Arena', 'Museo Lapidario']",Castelvecchio,"['Verona Tour', 'Museo Radio', 'San Zeno', 'Sighseeing', 'Museo Miniscalchi']",Casa Giulietta,strategy_nearest,False,0.003340005874633789,success
047026429C4C84,3,"['Giardino Giusti', 'Duomo', 'Santa Anastasia']",Torre Lamberti,"['Sighseeing', 'Centro Fotografia', 'Museo Conte', 'Casa Giulietta', 'Palazzo della Ragione']",Casa Giulietta,strategy_nearest,True,0.0019850730895996094,success
0470194A9C4C80,2,"['San Fermo', 'Torre Lamberti', 'Palazzo della Ragione']",Castelvecchio,"['Museo Lapidario', 'Verona Tour', 'Arena', 'Museo Radio', 'San Zeno']",Duomo,strategy_nearest,False,0.001505136489868164,success
047019429C4C84,0,['Arena'],Museo Lapidario,"['Verona Tour', 'Castelvecchio', 'Museo Radio', 'San Fermo', 'Casa Giulietta']",Santa Anastasia,strategy_nearest,False,0.0027251243591308594,success
04701E429C4C84,1,"['Palazzo della Ragione', 'Torre Lamberti']",Arena,"['Verona Tour', 'Museo Lapidario', 'Museo Radio', 'San Fermo', 'Casa Giulietta']",Casa Giulietta,strategy_nearest,True,0.003319978713989258,success
04702C3A9C4C80,0,['Arena'],Casa Giulietta,"['Centro Fotografia', 'Sighseeing', 'Torre Lamberti', 'Museo Conte', 'Museo Radio']",Castelvecchio,strategy_nearest,False,0.002619028091430664,success
047027429C4C84,0,['Arena'],Torre Lamberti,"['Sighseeing', 'Centro Fotografia', 'Museo Conte', 'Casa Giulietta', 'Palazzo della Ragione']",Casa Giulietta,strategy_nearest,True,0.002724170684814453,success
04702A4A9C4C80,3,"['San Zeno', 'Duomo', 'Santa Anastasia', 'Torre Lamberti']",Casa Giulietta,"['Centro Fotografia', 'Sighseeing', 'Museo Conte', 'Museo Radio', 'Palazzo della Ragione']",Arena,strategy_nearest,False,0.001966238021850586,success
04702E3A9C4C80,1,"['Museo Lapidario', 'San Fermo', 'Museo Storia', 'Castelvecchio']",Casa Giulietta,"['Centro Fotografia', 'Sighseeing', 'Torre Lamberti', 'Museo Conte', 'Museo Radio']",Santa Anastasia,strategy_nearest,False,0.0031969547271728516,success
0470594A9C4C80,3,['Casa Giulietta'],Arena,"['Verona Tour', 'Museo Lapidario', 'Museo Radio', 'San Fermo', 'Sighseeing']",Santa Anastasia,strategy_nearest,False,0.0013921260833740234,success
0470433A9C4C80,1,"['Tomba Giulietta', 'San Fermo', 'Casa Giulietta', 'Castelvecchio', 'Torre Lamberti']",Palazzo della Ragione,"['AMO', 'Museo Conte', 'Centro Fotografia', 'Sighseeing', 'Santa Anastasia']",Santa Anastasia,strategy_nearest,True,0.0038809776306152344,success
04703E429C4C80,3,"['Arena', 'Castelvecchio']",San Zeno,"['Verona Tour', 'Museo Lapidario', 'Museo Miniscalchi', 'Sighseeing', 'Museo Radio']",Duomo,strategy_nearest,False,0.0033240318298339844,success
0470463A9C4C80,3,"['Arena', 'Casa Giulietta', 'Santa Anastasia']",Duomo,"['AMO', 'Museo Miniscalchi', 'Teatro Romano', 'Palazzo della Ragione', 'Museo Conte']",Teatro Romano,strategy_nearest,True,0.002019166946411133,success
04709A4A9C4C80,3,['Arena'],Torre Lamberti,"['Sighseeing', 'Centro Fotografia', 'Museo Conte', 'Casa Giulietta', 'Palazzo della Ragione']",Santa Anastasia,strategy_nearest,False,0.0026619434356689453,success
0470813A9C4C80,3,"['Castelvecchio', 'Arena']",Santa Anastasia,"['AMO', 'Museo Conte', 'Palazzo della Ragione', 'Teatro Romano', 'Centro Fotografia']",Teatro Romano,strategy_nearest,True,0.0023190975189208984,success
0470944A9C4C80,3,"['Arena', 'Casa Giulietta', 'San Fermo']",Santa Anastasia,"['AMO', 'Museo Conte', 'Palazzo della Ragione', 'Teatro Romano', 'Centro Fotografia']",Duomo,strategy_nearest,False,0.0035300254821777344,success
0470AE4A9C4C80,1,"['Arena', 'Palazzo della Ragione']",Torre Lamberti,"['Sighseeing', 'Centro Fotografia', 'Museo Conte', 'Casa Giulietta', 'AMO']",Casa Giulietta,strategy_nearest,True,0.0014400482177734375,success
0470B44A9C4C80,0,['Arena'],Casa Giulietta,"['Centro Fotografia', 'Sighseeing', 'Torre Lamberti', 'Museo Conte', 'Museo Radio']",Torre Lamberti,strategy_nearest,True,0.001352071762084961,success
0470B14A9C4C80,0,['Arena'],Casa Giulietta,"['Centro Fotografia', 'Sighseeing', 'Torre Lamberti', 'Museo Conte', 'Museo Radio']",Teatro Romano,strategy_nearest,False,0.0033159255981445312,success
0470B33A9C4C80,1,['Arena'],Palazzo della Ragione,"['AMO', 'Museo Conte', 'Torre Lamberti', 'Centro Fotografia', 'Sighseeing']",Torre Lamberti,strategy_nearest,True,0.0027010440826416016,success
0470B54A9C4C80,3,"['Arena', 'Casa Giulietta']",Santa Anastasia,"['AMO', 'Museo Conte', 'Palazzo della Ragione', 'Teatro Romano', 'Centro Fotografia']",Teatro Romano,strategy_nearest,True,0.0034770965576171875,success
0470C13A9C4C80,0,"['Arena', 'Duomo']",Castelvecchio,"['Museo Lapidario', 'Verona Tour', 'Museo Radio', 'San Zeno', 'Sighseeing']",Casa Giulietta,strategy_nearest,False,0.0020678043365478516,success
0470C54A9C4C80,0,['Arena'],Casa Giulietta,"['Centro Fotografia', 'Sighseeing', 'Torre Lamberti', 'Museo Conte', 'Museo Radio']",Castelvecchio,strategy_nearest,False,0.0025091171264648438,success
0470BC4A9C4C80,1,"['Arena', 'Torre Lamberti']",Palazzo della Ragione,"['AMO', 'Museo Conte', 'Centro Fotografia', 'Sighseeing', 'Santa Anastasia']",Duomo,strategy_nearest,False,0.003317117691040039,success
0470C83A9C4C80,0,"['San Fermo', 'Casa Giulietta']",Torre Lamberti,"['Sighseeing', 'Centro Fotografia', 'Museo Conte', 'Palazzo della Ragione', 'AMO']",Castelvecchio,strategy_nearest,False,0.0027790069580078125,success
0470CF4A9C4C80,3,['Arena'],Casa Giulietta,"['Centro Fotografia', 'Sighseeing', 'Torre Lamberti', 'Museo Conte', 'Museo Radio']",Santa Anastasia,strategy_nearest,False,0.0015599727630615234,success
0470D8429C4C80,1,"['Arena', 'Santa Anastasia', 'Casa Giulietta']",Castelvecchio,"['Museo Lapidario', 'Verona Tour', 'Museo Radio', 'San Zeno', 'Sighseeing']",San Zeno,strategy_nearest,True,0.0031549930572509766,success
0470D14A9C4C80,3,"['Arena', 'Casa Giulietta']",Santa Anastasia,"['AMO', 'Museo Conte', 'Palazzo della Ragione', 'Teatro Romano', 'Centro Fotografia']",San Fermo,strategy_nearest,False,0.002711772918701172,success
0470EF4A9C4C80,0,"['Arena', 'Castelvecchio']",Museo Lapidario,"['Verona Tour', 'Museo Radio', 'San Fermo', 'Casa Giulietta', 'Tomba Giulietta']",Casa Giulietta,strategy_nearest,True,0.0018291473388671875,success
0470E3429C4C80,0,['Arena'],Casa Giulietta,"['Centro Fotografia', 'Sighseeing', 'Torre Lamberti', 'Museo Conte', 'Museo Radio']",Giardino Giusti,strategy_nearest,False,0.0014042854309082031,success
0470F34A9C4C80,0,['Arena'],Casa Giulietta,"['Centro Fotografia', 'Sighseeing', 'Torre Lamberti', 'Museo Conte', 'Museo Radio']",Castelvecchio,strategy_nearest,False,0.0033049583435058594,success
0470EB3A9C4C80,3,"['Arena', 'San Fermo']",Torre Lamberti,"['Sighseeing', 'Centro Fotografia', 'Museo Conte', 'Casa Giulietta', 'Palazzo della Ragione']",Casa Giulietta,strategy_nearest,True,0.0026040077209472656,success
0470FA429C4C80,3,"['Arena', 'San Zeno', 'Torre Lamberti']",Teatro Romano,"['Santa Anastasia', 'Duomo', 'AMO', 'Palazzo della Ragione', 'Museo Conte']",Santa Anastasia,strategy_nearest,True,0.0025060176849365234,success
0470F64A9C4C80,3,"['San Zeno', 'Castelvecchio']",Duomo,"['AMO', 'Museo Miniscalchi', 'Santa Anastasia', 'Teatro Romano', 'Palazzo della Ragione']",Teatro Romano,strategy_nearest,True,0.0025420188903808594,success
0470FC429C4C80,3,"['Castelvecchio', 'San Zeno']",Teatro Romano,"['Santa Anastasia', 'Duomo', 'AMO', 'Palazzo della Ragione', 'Museo Conte']",Santa Anastasia,strategy_nearest,True,0.0025310516357421875,success
0471054A9C4C84,0,['Arena'],Casa Giulietta,"['Centro Fotografia', 'Sighseeing', 'Torre Lamberti', 'Museo Conte', 'Museo Radio']",Torre Lamberti,strategy_nearest,True,0.0020599365234375,success
0470FF4A9C4C80,0,['Arena'],Casa Giulietta,"['Centro Fotografia', 'Sighseeing', 'Torre Lamberti', 'Museo Conte', 'Museo Radio']",Castelvecchio,strategy_nearest,False,0.002694845199584961,success
0470FB4A9C4C80,1,['Arena'],Casa Giulietta,"['Centro Fotografia', 'Sighseeing', 'Torre Lamberti', 'Museo Conte', 'Museo Radio']",Duomo,strategy_nearest,False,0.004853963851928711,success
0471084A9C4C84,3,['Arena'],Casa Giulietta,"['Centro Fotografia', 'Sighseeing', 'Torre Lamberti', 'Museo Conte', 'Museo Radio']",Santa Anastasia,strategy_nearest,False,0.0027730464935302734,success
04711A429C4C84,2,"['Casa Giulietta', 'Torre Lamberti']",Santa Anastasia,"['AMO', 'Museo Conte', 'Palazzo della Ragione', 'Teatro Romano', 'Centro Fotografia']",Teatro Romano,strategy_nearest,True,0.002434968948364258,success
047123429C4C84,1,"['San Fermo', 'Casa Giulietta', 'Arena', 'Teatro Romano']",Torre Lamberti,"['Sighseeing', 'Centro Fotografia', 'Museo Conte', 'Palazzo della Ragione', 'AMO']",Palazzo della Ragione,strategy_nearest,True,0.0019240379333496094,success
047121429C4C80,0,"['Teatro Romano', 'Arena']",San Fermo,"['Museo Storia', 'Museo Radio', 'Casa Giulietta', 'Centro Fotografia', 'Sighseeing']",Tomba Giulietta,strategy_nearest,False,0.0032231807708740234,success
0471234A9C4C80,2,"['Torre Lamberti', 'Giardino Giusti']",Teatro Romano,"['Santa Anastasia', 'Duomo', 'AMO', 'Palazzo della Ragione', 'Museo Conte']",San Zeno,strategy_nearest,False,0.003475189208984375,success
047126429C4C84,1,"['Arena', 'Casa Giulietta']",Santa Anastasia,"['AMO', 'Museo Conte', 'Palazzo della Ragione', 'Teatro Romano', 'Centro Fotografia']",Torre Lamberti,strategy_nearest,False,0.003103017807006836,success
047128429C4C84,3,"['Arena', 'Torre Lamberti']",Santa Anastasia,"['AMO', 'Museo Conte', 'Palazzo della Ragione', 'Teatro Romano', 'Centro Fotografia']",Casa Giulietta,strategy_nearest,False,0.0024399757385253906,success
04713F3A9C4C80,1,"['Castelvecchio', 'Arena', 'Casa Giulietta', 'San Zeno', 'Tomba Giulietta']",San Fermo,"['Museo Storia', 'Museo Radio', 'Centro Fotografia', 'Sighseeing', 'Torre Lamberti']",Giardino Giusti,strategy_nearest,False,0.002048969268798828,success
04713C4A9C4C80,1,"['Duomo', 'Santa Anastasia', 'Castelvecchio', 'Museo Lapidario', 'Tomba Giulietta', 'San Fermo']",Giardino Giusti,"['Teatro Romano', 'Museo Conte', 'Centro Fotografia', 'Museo Storia', 'AMO']",Teatro Romano,strategy_nearest,True,0.004402875900268555,success
04712B3A9C4C80,0,"['Casa Giulietta', 'Arena']",Tomba Giulietta,"['San Fermo', 'Museo Storia', 'Museo Lapidario', 'Museo Radio', 'Verona Tour']",Santa Anastasia,strategy_nearest,False,0.0033359527587890625,success
0471443A9C4C80,1,"['Palazzo della Ragione', 'Torre Lamberti']",Arena,"['Verona Tour', 'Museo Lapidario', 'Museo Radio', 'San Fermo', 'Casa Giulietta']",Castelvecchio,strategy_nearest,False,0.002547025680541992,success
04714C4A9C4C80,3,"['Casa Giulietta', 'Santa Anastasia']",Duomo,"['AMO', 'Museo Miniscalchi', 'Teatro Romano', 'Palazzo della Ragione', 'Museo Conte']",Castelvecchio,strategy_nearest,False,0.0015501976013183594,success
04714D3A9C4C80,0,['Casa Giulietta'],Arena,"['Verona Tour', 'Museo Lapidario', 'Museo Radio', 'San Fermo', 'Sighseeing']",Torre Lamberti,strategy_nearest,False,0.0026979446411132812,success
047146429C4C80,2,"['San Zeno', 'Castelvecchio']",Torre Lamberti,"['Sighseeing', 'Centro Fotografia', 'Museo Conte', 'Casa Giulietta', 'Palazzo della Ragione']",Casa Giulietta,strategy_nearest,True,0.002165079116821289,success
0471543A9C4C80,1,"['Casa Giulietta', 'Arena']",Tomba Giulietta,"['San Fermo', 'Museo Storia', 'Museo Lapidario', 'Museo Radio', 'Verona Tour']",Palazzo della Ragione,strategy_nearest,False,0.0032508373260498047,success
04717B3A9C4C80,2,"['Museo Lapidario', 'Casa Giulietta', 'San Fermo']",Giardino Giusti,"['Santa Anastasia', 'Teatro Romano', 'Museo Conte', 'Centro Fotografia', 'Museo Storia']",Teatro Romano,strategy_nearest,True,0.0013968944549560547,success
047171429C4C80,0,['Casa Giulietta'],Arena,"['Verona Tour', 'Museo Lapidario', 'Museo Radio', 'San Fermo', 'Sighseeing']",Teatro Romano,strategy_nearest,False,0.0027649402618408203,success
04716D429C4C80,0,"['Arena', 'Tomba Giulietta']",Casa Giulietta,"['Centro Fotografia', 'Sighseeing', 'Torre Lamberti', 'Museo Conte', 'Museo Radio']",Torre Lamberti,strategy_nearest,True,0.0027718544006347656,success
0471764A9C4C80,3,"['Arena', 'Casa Giulietta']",Torre Lamberti,"['Sighseeing', 'Centro Fotografia', 'Museo Conte', 'Palazzo della Ragione', 'AMO']",Duomo,strategy_nearest,False,0.003337860107421875,success
04719C429C4C80,2,['Casa Giulietta'],Castelvecchio,"['Museo Lapidario', 'Verona Tour', 'Arena', 'Museo Radio', 'San Zeno']",Santa Anastasia,strategy_nearest,False,0.001241922378540039,success
0471813A9C4C80,3,['Santa Anastasia'],Teatro Romano,"['Duomo', 'AMO', 'Palazzo della Ragione', 'Museo Conte', 'Centro Fotografia']",Duomo,strategy_nearest,True,0.0033080577850341797,success
0471994A9C4C80,0,['Arena'],Casa Giulietta,"['Centro Fotografia', 'Sighseeing', 'Torre Lamberti', 'Museo Conte', 'Museo Radio']",Torre Lamberti,strategy_nearest,True,0.0026998519897460938,success
04719E4A9C4C80,1,['Arena'],Torre Lamberti,"['Sighseeing', 'Centro Fotografia', 'Museo Conte', 'Casa Giulietta', 'Palazzo della Ragione']",Casa Giulietta,strategy_nearest,True,0.0033690929412841797,success
0471A73A9C4C80,0,['Arena'],Casa Giulietta,"['Centro Fotografia', 'Sighseeing', 'Torre Lamberti', 'Museo Conte', 'Museo Radio']",Teatro Romano,strategy_nearest,False,0.0018439292907714844,success
0471A34A9C4C80,0,"['Teatro Romano', 'Casa Giulietta']",Duomo,"['AMO', 'Museo Miniscalchi', 'Santa Anastasia', 'Palazzo della Ragione', 'Museo Conte']",Arena,strategy_nearest,False,0.002596139907836914,success
0471A84A9C4C80,1,"['Arena', 'Casa Giulietta']",Palazzo della Ragione,"['AMO', 'Museo Conte', 'Torre Lamberti', 'Centro Fotografia', 'Sighseeing']",Torre Lamberti,strategy_nearest,True,0.003201007843017578,success
0471AC3A9C4C80,0,"['Teatro Romano', 'Torre Lamberti']",Arena,"['Verona Tour', 'Museo Lapidario', 'Museo Radio', 'San Fermo', 'Casa Giulietta']",Tomba Giulietta,strategy_nearest,False,0.001985788345336914,success
0471A9429C4C80,0,['Arena'],Casa Giulietta,"['Centro Fotografia', 'Sighseeing', 'Torre Lamberti', 'Museo Conte', 'Museo Radio']",San Fermo,strategy_nearest,False,0.004536151885986328,success
0471B24A9C4C80,3,"['Arena', 'Casa Giulietta']",Castelvecchio,"['Museo Lapidario', 'Verona Tour', 'Museo Radio', 'San Zeno', 'Sighseeing']",San Zeno,strategy_nearest,True,0.00308990478515625,success
0471AC4A9C4C80,1,"['Arena', 'Casa Giulietta']",Torre Lamberti,"['Sighseeing', 'Centro Fotografia', 'Museo Conte', 'Palazzo della Ragione', 'AMO']",Palazzo della Ragione,strategy_nearest,True,0.002482175827026367,success
0471B94A9C4C80,1,['Arena'],Torre Lamberti,"['Sighseeing', 'Centro Fotografia', 'Museo Conte', 'Casa Giulietta', 'Palazzo della Ragione']",Palazzo della Ragione,strategy_nearest,True,0.002727031707763672,success
0471C04A9C4C80,3,"['Arena', 'Casa Giulietta']",Santa Anastasia,"['AMO', 'Museo Conte', 'Palazzo della Ragione', 'Teatro Romano', 'Centro Fotografia']",Duomo,strategy_nearest,False,0.001394033432006836,success
0471B44A9C4C80,3,"['Arena', 'Teatro Romano']",Duomo,"['AMO', 'Museo Miniscalchi', 'Santa Anastasia', 'Palazzo della Ragione', 'Museo Conte']",San Fermo,strategy_nearest,False,0.0039479732513427734,success
0471CA3A9C4C80,3,"['Arena', 'Torre Lamberti']",Santa Anastasia,"['AMO', 'Museo Conte', 'Palazzo della Ragione', 'Teatro Romano', 'Centro Fotografia']",Duomo,strategy_nearest,False,0.00255584716796875,success
0471D24A9C4C80,1,"['Arena', 'Torre Lamberti', 'Duomo']",Casa Giulietta,"['Centro Fotografia', 'Sighseeing', 'Museo Conte', 'Museo Radio', 'Palazzo della Ragione']",San Fermo,strategy_nearest,False,0.0014979839324951172,success
0471D43A9C4C80,2,"['Santa Anastasia', 'San Fermo']",Castelvecchio,"['Museo Lapidario', 'Verona Tour', 'Arena', 'Museo Radio', 'San Zeno']",Casa Giulietta,strategy_nearest,False,0.0032091140747070312,success
0471CD3A9C4C80,1,"['Torre Lamberti', 'Palazzo della Ragione']",Casa Giulietta,"['Centro Fotografia', 'Sighseeing', 'Museo Conte', 'Museo Radio', 'San Fermo']",Duomo,strategy_nearest,False,0.002740144729614258,success
0471D14A9C4C80,0,['Arena'],Torre Lamberti,"['Sighseeing', 'Centro Fotografia', 'Museo Conte', 'Casa Giulietta', 'Palazzo della Ragione']",Castelvecchio,strategy_nearest,False,0.0028362274169921875,success
0471E13A9C4C80,1,"['Casa Giulietta', 'San Fermo']",Arena,"['Verona Tour', 'Museo Lapidario', 'Museo Radio', 'Sighseeing', 'Castelvecchio']",Palazzo della Ragione,strategy_nearest,False,0.0022580623626708984,success
0471E7429C4C80,0,"['Arena', 'Castelvecchio', 'Casa Giulietta']",Torre Lamberti,"['Sighseeing', 'Centro Fotografia', 'Museo Conte', 'Palazzo della Ragione', 'AMO']",Teatro Romano,strategy_nearest,False,0.002038717269897461,success
0471E5429C4C80,3,"['Teatro Romano', 'Duomo', 'Santa Anastasia']",Torre Lamberti,"['Sighseeing', 'Centro Fotografia', 'Museo Conte', 'Casa Giulietta', 'Palazzo della Ragione']",Casa Giulietta,strategy_nearest,True,0.0032770633697509766,success
0471E8429C4C80,4,"['Castelvecchio', 'Arena', 'Torre Lamberti', 'Palazzo della Ragione', 'Museo Lapidario', 'Museo Radio']",Tomba Giulietta,"['San Fermo', 'Museo Storia', 'Verona Tour', 'Casa Giulietta', 'Sighseeing']",Museo Storia,strategy_nearest,True,0.002610921859741211,success
0471FC429C4C80,2,['San Zeno'],Castelvecchio,"['Museo Lapidario', 'Verona Tour', 'Arena', 'Museo Radio', 'Sighseeing']",Duomo,strategy_nearest,False,0.0026099681854248047,success
0471EE3A9C4C80,1,"['Arena', 'Castelvecchio']",Casa Giulietta,"['Centro Fotografia', 'Sighseeing', 'Torre Lamberti', 'Museo Conte', 'Museo Radio']",Palazzo della Ragione,strategy_nearest,False,0.004034996032714844,success
0471F94A9C4C80,0,"['Arena', 'Casa Giulietta']",Castelvecchio,"['Museo Lapidario', 'Verona Tour', 'Museo Radio', 'San Zeno', 'Sighseeing']",San Zeno,strategy_nearest,True,0.0034139156341552734,success
0471F43A9C4C80,0,['Arena'],San Zeno,"['Castelvecchio', 'Verona Tour', 'Museo Lapidario', 'Museo Miniscalchi', 'Sighseeing']",Teatro Romano,strategy_nearest,False,0.001583099365234375,success
0471FE4A9C4C80,0,['Museo Lapidario'],Arena,"['Verona Tour', 'Museo Radio', 'San Fermo', 'Casa Giulietta', 'Sighseeing']",Duomo,strategy_nearest,False,0.0040247440338134766,success
0472014A9C4C84,0,['Arena'],Casa Giulietta,"['Centro Fotografia', 'Sighseeing', 'Torre Lamberti', 'Museo Conte', 'Museo Radio']",Castelvecchio,strategy_nearest,False,0.0014748573303222656,success
0472054A9C4C84,1,['Arena'],Casa Giulietta,"['Centro Fotografia', 'Sighseeing', 'Torre Lamberti', 'Museo Conte', 'Museo Radio']",Palazzo della Ragione,strategy_nearest,False,0.002652883529663086,success
047201429C4C84,0,"['Arena', 'Castelvecchio']",Tomba Giulietta,"['San Fermo', 'Museo Storia', 'Museo Lapidario', 'Museo Radio', 'Verona Tour']",Casa Giulietta,strategy_nearest,False,0.002780914306640625,success
04720A4A9C4C84,0,['Teatro Romano'],Torre Lamberti,"['Sighseeing', 'Centro Fotografia', 'Museo Conte', 'Casa Giulietta', 'Palazzo della Ragione']",Casa Giulietta,strategy_nearest,True,0.0030961036682128906,success
04720B4A9C4C84,0,['Arena'],Castelvecchio,"['Museo Lapidario', 'Verona Tour', 'Museo Radio', 'San Zeno', 'Sighseeing']",Casa Giulietta,strategy_nearest,False,0.0036699771881103516,success
0472144A9C4C80,2,['Castelvecchio'],Casa Giulietta,"['Centro Fotografia', 'Sighseeing', 'Torre Lamberti', 'Museo Conte', 'Museo Radio']",Teatro Romano,strategy_nearest,False,0.0023767948150634766,success
047206429C4C84,0,['Castelvecchio'],Arena,"['Verona Tour', 'Museo Lapidario', 'Museo Radio', 'San Fermo', 'Casa Giulietta']",Tomba Giulietta,strategy_nearest,False,0.001978158950805664,success
0472163A9C4C84,0,['Museo Lapidario'],Arena,"['Verona Tour', 'Museo Radio', 'San Fermo', 'Casa Giulietta', 'Sighseeing']",Casa Giulietta,strategy_nearest,True,0.0028717517852783203,success
047215429C4C84,3,"['Teatro Romano', 'Casa Giulietta']",Arena,"['Verona Tour', 'Museo Lapidario', 'Museo Radio', 'San Fermo', 'Sighseeing']",Castelvecchio,strategy_nearest,False,0.0022101402282714844,success
0472163A9C4C80,2,"['Palazzo della Ragione', 'Santa Anastasia']",Duomo,"['AMO', 'Museo Miniscalchi', 'Teatro Romano', 'Museo Conte', 'Torre Lamberti']",Torre Lamberti,strategy_nearest,True,0.0011827945709228516,success
04721C429C4C84,3,"['Santa Anastasia', 'Teatro Romano', 'Duomo']",Castelvecchio,"['Museo Lapidario', 'Verona Tour', 'Arena', 'Museo Radio', 'San Zeno']",Casa Giulietta,strategy_nearest,False,0.0030927658081054688,success
047231429C4C80,0,"['Casa Giulietta', 'Torre Lamberti', 'Teatro Romano']",Arena,"['Verona Tour', 'Museo Lapidario', 'Museo Radio', 'San Fermo', 'Sighseeing']",Castelvecchio,strategy_nearest,False,0.0029630661010742188,success
047220429C4C80,1,"['Teatro Romano', 'Casa Giulietta']",Torre Lamberti,"['Sighseeing', 'Centro Fotografia', 'Museo Conte', 'Palazzo della Ragione', 'AMO']",Palazzo della Ragione,strategy_nearest,True,0.00429534912109375,success
0472284A9C4C80,3,"['San Zeno', 'Arena', 'Tomba Giulietta']",Giardino Giusti,"['Santa Anastasia', 'Teatro Romano', 'Museo Conte', 'Centro Fotografia', 'Museo Storia']",Teatro Romano,strategy_nearest,True,0.0049359798431396484,success
0472364A9C4C80,1,"['Arena', 'Museo Lapidario', 'Castelvecchio']",Torre Lamberti,"['Sighseeing', 'Centro Fotografia', 'Museo Conte', 'Casa Giulietta', 'Palazzo della Ragione']",Palazzo della Ragione,strategy_nearest,True,0.002209186553955078,success
04723A3A9C4C80,0,"['Giardino Giusti', 'Teatro Romano']",Duomo,"['AMO', 'Museo Miniscalchi', 'Santa Anastasia', 'Palazzo della Ragione', 'Museo Conte']",Casa Giulietta,strategy_nearest,False,0.0022118091583251953,success
04723B4A9C4C80,3,"['Santa Anastasia', 'Casa Giulietta']",Castelvecchio,"['Museo Lapidario', 'Verona Tour', 'Arena', 'Museo Radio', 'San Zeno']",Museo Lapidario,strategy_nearest,True,0.0026092529296875,success
04723E429C4C80,3,"['Arena', 'Torre Lamberti']",Casa Giulietta,"['Centro Fotografia', 'Sighseeing', 'Museo Conte', 'Museo Radio', 'Palazzo della Ragione']",Santa Anastasia,strategy_nearest,False,0.0027179718017578125,success
047241429C4C80,0,['Arena'],Castelvecchio,"['Museo Lapidario', 'Verona Tour', 'Museo Radio', 'San Zeno', 'Sighseeing']",San Zeno,strategy_nearest,True,0.002628803253173828,success
04724C3A9C4C80,1,"['Castelvecchio', 'Arena']",Casa Giulietta,"['Centro Fotografia', 'Sighseeing', 'Torre Lamberti', 'Museo Conte', 'Museo Radio']",Palazzo della Ragione,strategy_nearest,False,0.003238201141357422,success
0472774A9C4C80,2,['Castelvecchio'],Casa Giulietta,"['Centro Fotografia', 'Sighseeing', 'Torre Lamberti', 'Museo Conte', 'Museo Radio']",Teatro Romano,strategy_nearest,False,0.0030570030212402344,success
04726B3A9C4C80,3,"['Arena', 'Castelvecchio']",Santa Anastasia,"['AMO', 'Museo Conte', 'Palazzo della Ragione', 'Teatro Romano', 'Centro Fotografia']",Duomo,strategy_nearest,False,0.0026619434356689453,success
0472744A9C4C80,3,"['Arena', 'Castelvecchio']",San Zeno,"['Verona Tour', 'Museo Lapidario', 'Museo Miniscalchi', 'Sighseeing', 'Museo Radio']",Duomo,strategy_nearest,False,0.003384828567504883,success
04729B429C4C80,0,['Casa Giulietta'],Arena,"['Verona Tour', 'Museo Lapidario', 'Museo Radio', 'San Fermo', 'Sighseeing']",Castelvecchio,strategy_nearest,False,0.003020048141479492,success
04729E429C4C80,0,"['Castelvecchio', 'Arena']",Duomo,"['AMO', 'Museo Miniscalchi', 'Santa Anastasia', 'Teatro Romano', 'Palazzo della Ragione']",Teatro Romano,strategy_nearest,True,0.0020270347595214844,success
04729E4A9C4C80,0,['Arena'],Castelvecchio,"['Museo Lapidario', 'Verona Tour', 'Museo Radio', 'San Zeno', 'Sighseeing']",Torre Lamberti,strategy_nearest,False,0.0033080577850341797,success
04729C429C4C80,0,['Casa Giulietta'],Torre Lamberti,"['Sighseeing', 'Centro Fotografia', 'Museo Conte', 'Palazzo della Ragione', 'AMO']",Arena,strategy_nearest,False,0.002848386764526367,success
0472AD4A9C4C80,1,"['Castelvecchio', 'Arena']",Palazzo della Ragione,"['AMO', 'Museo Conte', 'Torre Lamberti', 'Centro Fotografia', 'Sighseeing']",Torre Lamberti,strategy_nearest,True,0.003264904022216797,success
0472B24A9C4C80,3,"['Duomo', 'Arena', 'Castelvecchio']",Casa Giulietta,"['Centro Fotografia', 'Sighseeing', 'Torre Lamberti', 'Museo Conte', 'Museo Radio']",Teatro Romano,strategy_nearest,False,0.0013899803161621094,success
0472B04A9C4C80,1,"['Arena', 'Castelvecchio']",San Fermo,"['Museo Storia', 'Museo Radio', 'Casa Giulietta', 'Centro Fotografia', 'Sighseeing']",Torre Lamberti,strategy_nearest,False,0.0033228397369384766,success
0472AE4A9C4C80,0,['Arena'],Casa Giulietta,"['Centro Fotografia', 'Sighseeing', 'Torre Lamberti', 'Museo Conte', 'Museo Radio']",Torre Lamberti,strategy_nearest,True,0.002759218215942383,success
0472B14A9C4C80,3,"['Arena', 'Casa Giulietta', 'Torre Lamberti']",Teatro Romano,"['Santa Anastasia', 'Duomo', 'AMO', 'Palazzo della Ragione', 'Museo Conte']",Duomo,strategy_nearest,True,0.0033140182495117188,success
0472B64A9C4C80,2,['Castelvecchio'],Casa Giulietta,"['Centro Fotografia', 'Sighseeing', 'Torre Lamberti', 'Museo Conte', 'Museo Radio']",Palazzo della Ragione,strategy_nearest,False,0.0014510154724121094,success
0472B6429C4C80,3,"['Arena', 'Casa Giulietta', 'Torre Lamberti']",Teatro Romano,"['Santa Anastasia', 'Duomo', 'AMO', 'Palazzo della Ragione', 'Museo Conte']",Duomo,strategy_nearest,True,0.0039310455322265625,success
0472B63A9C4C80,0,['Arena'],Casa Giulietta,"['Centro Fotografia', 'Sighseeing', 'Torre Lamberti', 'Museo Conte', 'Museo Radio']",Torre Lamberti,strategy_nearest,True,0.002752065658569336,success
0472BE3A9C4C80,0,['Arena'],Casa Giulietta,"['Centro Fotografia', 'Sighseeing', 'Torre Lamberti', 'Museo Conte', 'Museo Radio']",Castelvecchio,strategy_nearest,False,0.0026040077209472656,success
0472D03A9C4C80,3,['Torre Lamberti'],Santa Anastasia,"['AMO', 'Museo Conte', 'Palazzo della Ragione', 'Teatro Romano', 'Centro Fotografia']",Giardino Giusti,strategy_nearest,False,0.0027208328247070312,success
0472CB3A9C4C80,3,"['Casa Giulietta', 'Santa Anastasia']",Teatro Romano,"['Duomo', 'AMO', 'Palazzo della Ragione', 'Museo Conte', 'Centro Fotografia']",Torre Lamberti,strategy_nearest,False,0.0033330917358398438,success
0472D13A9C4C80,3,"['Arena', 'Casa Giulietta']",Santa Anastasia,"['AMO', 'Museo Conte', 'Palazzo della Ragione', 'Teatro Romano', 'Centro Fotografia']",Torre Lamberti,strategy_nearest,False,0.0019829273223876953,success
0472C03A9C4C80,0,['Casa Giulietta'],Teatro Romano,"['Santa Anastasia', 'Duomo', 'AMO', 'Palazzo della Ragione', 'Museo Conte']",Torre Lamberti,strategy_nearest,False,0.0021800994873046875,success
0472D3429C4C80,0,"['Arena', 'Torre Lamberti']",Casa Giulietta,"['Centro Fotografia', 'Sighseeing', 'Museo Conte', 'Museo Radio', 'Palazzo della Ragione']",Teatro Romano,strategy_nearest,False,0.0015170574188232422,success
0472D43A9C4C80,0,['Museo Lapidario'],Arena,"['Verona Tour', 'Museo Radio', 'San Fermo', 'Casa Giulietta', 'Sighseeing']",Teatro Romano,strategy_nearest,False,0.002604961395263672,success
0472D23A9C4C80,3,"['Arena', 'Torre Lamberti', 'Duomo']",Santa Anastasia,"['AMO', 'Museo Conte', 'Palazzo della Ragione', 'Teatro Romano', 'Centro Fotografia']",Teatro Romano,strategy_nearest,True,0.003326892852783203,success
0472D14A9C4C80,2,['Casa Giulietta'],Torre Lamberti,"['Sighseeing', 'Centro Fotografia', 'Museo Conte', 'Palazzo della Ragione', 'AMO']",Duomo,strategy_nearest,False,0.0021600723266601562,success
0472F24A9C4C80,0,['Arena'],Casa Giulietta,"['Centro Fotografia', 'Sighseeing', 'Torre Lamberti', 'Museo Conte', 'Museo Radio']",Castelvecchio,strategy_nearest,False,0.0012969970703125,success
0472EE429C4C80,3,"['Castelvecchio', 'Teatro Romano']",Santa Anastasia,"['AMO', 'Museo Conte', 'Palazzo della Ragione', 'Centro Fotografia', 'Duomo']",Torre Lamberti,strategy_nearest,False,0.0035600662231445312,success
0472EF4A9C4C80,1,"['Arena', 'Casa Giulietta', 'Torre Lamberti', 'Palazzo della Ragione']",Santa Anastasia,"['AMO', 'Museo Conte', 'Teatro Romano', 'Centro Fotografia', 'Duomo']",Tomba Giulietta,strategy_nearest,False,0.0023097991943359375,success
0472E7429C4C80,3,"['Teatro Romano', 'Santa Anastasia', 'San Zeno']",Casa Giulietta,"['Centro Fotografia', 'Sighseeing', 'Torre Lamberti', 'Museo Conte', 'Museo Radio']",Duomo,strategy_nearest,False,0.004144906997680664,success
0472F6429C4C80,0,['Arena'],Casa Giulietta,"['Centro Fotografia', 'Sighseeing', 'Torre Lamberti', 'Museo Conte', 'Museo Radio']",San Fermo,strategy_nearest,False,0.002711057662963867,success
0472F34A9C4C80,0,['Arena'],Museo Lapidario,"['Verona Tour', 'Castelvecchio', 'Museo Radio', 'San Fermo', 'Casa Giulietta']",Castelvecchio,strategy_nearest,True,0.0033788681030273438,success
0472F54A9C4C80,3,['Arena'],Casa Giulietta,"['Centro Fotografia', 'Sighseeing', 'Torre Lamberti', 'Museo Conte', 'Museo Radio']",Santa Anastasia,strategy_nearest,False,0.0015900135040283203,success
0472F64A9C4C80,0,"['Torre Lamberti', 'Duomo']",Casa Giulietta,"['Centro Fotografia', 'Sighseeing', 'Museo Conte', 'Museo Radio', 'Palazzo della Ragione']",Arena,strategy_nearest,False,0.0034568309783935547,success
0472F74A9C4C80,3,"['Arena', 'Museo Lapidario']",Castelvecchio,"['Verona Tour', 'Museo Radio', 'San Zeno', 'Sighseeing', 'Museo Miniscalchi']",Casa Giulietta,strategy_nearest,False,0.0025022029876708984,success
0472FC4A9C4C80,1,"['Arena', 'Torre Lamberti', 'Palazzo della Ragione']",Casa Giulietta,"['Centro Fotografia', 'Sighseeing', 'Museo Conte', 'Museo Radio', 'San Fermo']",Santa Anastasia,strategy_nearest,False,0.0028409957885742188,success
0472F7429C4C80,1,"['Arena', 'Castelvecchio', 'San Fermo', 'Tomba Giulietta']",San Zeno,"['Verona Tour', 'Museo Lapidario', 'Museo Miniscalchi', 'Sighseeing', 'Museo Radio']",Palazzo della Ragione,strategy_nearest,False,0.0019080638885498047,success
0472F8429C4C80,3,"['Arena', 'San Fermo', 'Castelvecchio']",Santa Anastasia,"['AMO', 'Museo Conte', 'Palazzo della Ragione', 'Teatro Romano', 'Centro Fotografia']",Duomo,strategy_nearest,False,0.0026917457580566406,success
0472FD4A9C4C80,3,['Arena'],Torre Lamberti,"['Sighseeing', 'Centro Fotografia', 'Museo Conte', 'Casa Giulietta', 'Palazzo della Ragione']",Santa Anastasia,strategy_nearest,False,0.0022389888763427734,success
04730A4A9C4C84,1,"['Arena', 'Teatro Romano', 'Torre Lamberti']",Palazzo della Ragione,"['AMO', 'Museo Conte', 'Centro Fotografia', 'Sighseeing', 'Santa Anastasia']",Santa Anastasia,strategy_nearest,True,0.0021219253540039062,success
04730A429C4C84,3,"['Arena', 'Casa Giulietta']",Torre Lamberti,"['Sighseeing', 'Centro Fotografia', 'Museo Conte', 'Palazzo della Ragione', 'AMO']",Santa Anastasia,strategy_nearest,False,0.002780914306640625,success
047301429C4C84,3,"['Arena', 'Casa Giulietta', 'Torre Lamberti']",Castelvecchio,"['Museo Lapidario', 'Verona Tour', 'Museo Radio', 'San Zeno', 'Sighseeing']",Santa Anastasia,strategy_nearest,False,0.0034492015838623047,success
04730B4A9C4C84,2,['Castelvecchio'],Torre Lamberti,"['Sighseeing', 'Centro Fotografia', 'Museo Conte', 'Casa Giulietta', 'Palazzo della Ragione']",Duomo,strategy_nearest,False,0.0027561187744140625,success
04730D429C4C84,1,"['Arena', 'Museo Lapidario', 'Palazzo della Ragione']",Torre Lamberti,"['Sighseeing', 'Centro Fotografia', 'Museo Conte', 'Casa Giulietta', 'AMO']",Casa Giulietta,strategy_nearest,True,0.0024688243865966797,success
0473104A9C4C84,3,"['Torre Lamberti', 'Duomo']",Castelvecchio,"['Museo Lapidario', 'Verona Tour', 'Arena', 'Museo Radio', 'San Zeno']",Arena,strategy_nearest,True,0.004005908966064453,success
0473144A9C4C80,3,"['Tomba Giulietta', 'San Fermo', 'Teatro Romano', 'Arena']",Torre Lamberti,"['Sighseeing', 'Centro Fotografia', 'Museo Conte', 'Casa Giulietta', 'Palazzo della Ragione']",Santa Anastasia,strategy_nearest,False,0.002500772476196289,success
047313429C4C84,1,"['Duomo', 'Teatro Romano', 'Casa Giulietta', 'Arena', 'Tomba Giulietta']",San Fermo,"['Museo Storia', 'Museo Radio', 'Centro Fotografia', 'Sighseeing', 'Torre Lamberti']",Torre Lamberti,strategy_nearest,True,0.0021538734436035156,success
0473184A9C4C80,2,"['San Fermo', 'Torre Lamberti']",Palazzo della Ragione,"['AMO', 'Museo Conte', 'Centro Fotografia', 'Sighseeing', 'Santa Anastasia']",Duomo,strategy_nearest,False,0.0027799606323242188,success
047317429C4C80,3,['Casa Giulietta'],Duomo,"['AMO', 'Museo Miniscalchi', 'Santa Anastasia', 'Teatro Romano', 'Palazzo della Ragione']",Santa Anastasia,strategy_nearest,True,0.0039789676666259766,success
0473263A9C4C80,3,"['Casa Giulietta', 'Santa Anastasia']",Duomo,"['AMO', 'Museo Miniscalchi', 'Teatro Romano', 'Palazzo della Ragione', 'Museo Conte']",Castelvecchio,strategy_nearest,False,0.0014209747314453125,success
04732A3A9C4C80,3,"['Santa Anastasia', 'Torre Lamberti', 'Casa Giulietta', 'San Fermo']",Arena,"['Verona Tour', 'Museo Lapidario', 'Museo Radio', 'Sighseeing', 'Castelvecchio']",Museo Lapidario,strategy_nearest,True,0.0031871795654296875,success
04732F429C4C80,0,['Castelvecchio'],Arena,"['Verona Tour', 'Museo Lapidario', 'Museo Radio', 'San Fermo', 'Casa Giulietta']",Casa Giulietta,strategy_nearest,True,0.0027649402618408203,success
047340429C4C80,1,"['Arena', 'Casa Giulietta', 'Torre Lamberti']",Palazzo della Ragione,"['AMO', 'Museo Conte', 'Centro Fotografia', 'Sighseeing', 'Santa Anastasia']",Santa Anastasia,strategy_nearest,True,0.0015671253204345703,success
047344429C4C80,2,"['Torre Lamberti', 'Casa Giulietta', 'Castelvecchio']",San Fermo,"['Museo Storia', 'Museo Radio', 'Centro Fotografia', 'Arena', 'Sighseeing']",Duomo,strategy_nearest,False,0.0026369094848632812,success
047341429C4C80,0,['Arena'],Tomba Giulietta,"['San Fermo', 'Museo Storia', 'Museo Lapidario', 'Museo Radio', 'Verona Tour']",Casa Giulietta,strategy_nearest,False,0.003312826156616211,success
04734F4A9C4C80,1,"['Arena', 'Museo Lapidario', 'Castelvecchio', 'San Zeno']",Santa Anastasia,"['AMO', 'Museo Conte', 'Palazzo della Ragione', 'Teatro Romano', 'Centro Fotografia']",Duomo,strategy_nearest,False,0.0016150474548339844,success
0473643A9C4C80,0,"['Arena', 'Tomba Giulietta']",Castelvecchio,"['Museo Lapidario', 'Verona Tour', 'Museo Radio', 'San Zeno', 'Sighseeing']",Duomo,strategy_nearest,False,0.0033071041107177734,success
0473553A9C4C80,0,['Casa Giulietta'],Arena,"['Verona Tour', 'Museo Lapidario', 'Museo Radio', 'San Fermo', 'Sighseeing']",Tomba Giulietta,strategy_nearest,False,0.0027740001678466797,success
0473593A9C4C80,2,"['Teatro Romano', 'Santa Anastasia']",Casa Giulietta,"['Centro Fotografia', 'Sighseeing', 'Torre Lamberti', 'Museo Conte', 'Museo Radio']",San Zeno,strategy_nearest,False,0.0021469593048095703,success
04737B4A9C4C80,2,['San Zeno'],Torre Lamberti,"['Sighseeing', 'Centro Fotografia', 'Museo Conte', 'Casa Giulietta', 'Palazzo della Ragione']",Torre Lamberti,strategy_nearest,False,0.0013041496276855469,success
04737B3A9C4C80,2,['Casa Giulietta'],Torre Lamberti,"['Sighseeing', 'Centro Fotografia', 'Museo Conte', 'Palazzo della Ragione', 'AMO']",Santa Anastasia,strategy_nearest,False,0.002023935317993164,success
047371429C4C80,3,"['Santa Anastasia', 'Duomo', 'Casa Giulietta']",Casa Giulietta,"['Centro Fotografia', 'Sighseeing', 'Torre Lamberti', 'Museo Conte', 'Museo Radio']",Arena,strategy_nearest,False,0.0028150081634521484,success
04737F3A9C4C80,3,"['Santa Anastasia', 'Duomo']",Torre Lamberti,"['Sighseeing', 'Centro Fotografia', 'Museo Conte', 'Casa Giulietta', 'Palazzo della Ragione']",Casa Giulietta,strategy_nearest,True,0.0033059120178222656,success
047381429C4C80,1,"['Arena', 'Casa Giulietta', 'Palazzo della Ragione']",Torre Lamberti,"['Sighseeing', 'Centro Fotografia', 'Museo Conte', 'AMO', 'Museo Miniscalchi']",Santa Anastasia,strategy_nearest,False,0.0012829303741455078,success
04737F429C4C80,0,['Arena'],Torre Lamberti,"['Sighseeing', 'Centro Fotografia', 'Museo Conte', 'Casa Giulietta', 'Palazzo della Ragione']",Casa Giulietta,strategy_nearest,True,0.003398895263671875,success
0473813A9C4C80,3,"['Arena', 'Castelvecchio', 'San Zeno']",Torre Lamberti,"['Sighseeing', 'Centro Fotografia', 'Museo Conte', 'Casa Giulietta', 'Palazzo della Ragione']",Santa Anastasia,strategy_nearest,False,0.003991127014160156,success
0473814A9C4C80,1,"['Arena', 'Casa Giulietta', 'Torre Lamberti']",Palazzo della Ragione,"['AMO', 'Museo Conte', 'Centro Fotografia', 'Sighseeing', 'Santa Anastasia']",Santa Anastasia,strategy_nearest,True,0.002603769302368164,success
04739B4A9C4C80,1,['Arena'],Palazzo della Ragione,"['AMO', 'Museo Conte', 'Torre Lamberti', 'Centro Fotografia', 'Sighseeing']",Duomo,strategy_nearest,False,0.0015828609466552734,success
04739D429C4C80,0,['Castelvecchio'],Arena,"['Verona Tour', 'Museo Lapidario', 'Museo Radio', 'San Fermo', 'Casa Giulietta']",Casa Giulietta,strategy_nearest,True,0.002755880355834961,success
04739A429C4C80,2,"['Casa Giulietta', 'Torre Lamberti']",Palazzo della Ragione,"['AMO', 'Museo Conte', 'Centro Fotografia', 'Sighseeing', 'Santa Anastasia']",San Fermo,strategy_nearest,False,0.0021970272064208984,success
047383429C4C80,2,['Museo Storia'],Casa Giulietta,"['Centro Fotografia', 'Sighseeing', 'Torre Lamberti', 'Museo Conte', 'Museo Radio']",Tomba Giulietta,strategy_nearest,False,0.004648923873901367,success
0473AF4A9C4C80,3,"['Arena', 'Torre Lamberti']",Santa Anastasia,"['AMO', 'Museo Conte', 'Palazzo della Ragione', 'Teatro Romano', 'Centro Fotografia']",Teatro Romano,strategy_nearest,True,0.001990079879760742,success
0473AD429C4C80,3,"['Casa Giulietta', 'Arena']",Torre Lamberti,"['Sighseeing', 'Centro Fotografia', 'Museo Conte', 'Palazzo della Ragione', 'AMO']",Santa Anastasia,strategy_nearest,False,0.003932952880859375,success
04739E4A9C4C80,1,['Arena'],Torre Lamberti,"['Sighseeing', 'Centro Fotografia', 'Museo Conte', 'Casa Giulietta', 'Palazzo della Ragione']",Casa Giulietta,strategy_nearest,True,0.003955841064453125,success
0473AD4A9C4C80,0,['Castelvecchio'],Arena,"['Verona Tour', 'Museo Lapidario', 'Museo Radio', 'San Fermo', 'Casa Giulietta']",Casa Giulietta,strategy_nearest,True,0.001519918441772461,success
0473B1429C4C80,0,['Castelvecchio'],Torre Lamberti,"['Sighseeing', 'Centro Fotografia', 'Museo Conte', 'Casa Giulietta', 'Palazzo della Ragione']",Casa Giulietta,strategy_nearest,True,0.002767801284790039,success
0473B44A9C4C80,0,['Arena'],Castelvecchio,"['Museo Lapidario', 'Verona Tour', 'Museo Radio', 'San Zeno', 'Sighseeing']",San Zeno,strategy_nearest,True,0.001954793930053711,success
0473B04A9C4C80,2,['Santa Anastasia'],Torre Lamberti,"['Sighseeing', 'Centro Fotografia', 'Museo Conte', 'Casa Giulietta', 'Palazzo della Ragione']",Casa Giulietta,strategy_nearest,True,0.0014259815216064453,success
0473B63A9C4C80,3,"['Arena', 'Casa Giulietta']",Santa Anastasia,"['AMO', 'Museo Conte', 'Palazzo della Ragione', 'Teatro Romano', 'Centro Fotografia']",Teatro Romano,strategy_nearest,True,0.0033719539642333984,success
0473BC3A9C4C80,0,['Arena'],Castelvecchio,"['Museo Lapidario', 'Verona Tour', 'Museo Radio', 'San Zeno', 'Sighseeing']",Casa Giulietta,strategy_nearest,False,0.0014939308166503906,success
0473B8429C4C80,0,"['Arena', 'Casa Giulietta']",Torre Lamberti,"['Sighseeing', 'Centro Fotografia', 'Museo Conte', 'Palazzo della Ragione', 'AMO']",Castelvecchio,strategy_nearest,False,0.0031669139862060547,success
0473BD429C4C80,1,"['Palazzo della Ragione', 'Torre Lamberti', 'Casa Giulietta']",Arena,"['Verona Tour', 'Museo Lapidario', 'Museo Radio', 'San Fermo', 'Sighseeing']",Castelvecchio,strategy_nearest,False,0.0025162696838378906,success
0473BD4A9C4C80,3,"['Tomba Giulietta', 'Arena']",Casa Giulietta,"['Centro Fotografia', 'Sighseeing', 'Torre Lamberti', 'Museo Conte', 'Museo Radio']",Santa Anastasia,strategy_nearest,False,0.0025670528411865234,success
0473C03A9C4C80,0,"['Casa Giulietta', 'Arena']",Tomba Giulietta,"['San Fermo', 'Museo Storia', 'Museo Lapidario', 'Museo Radio', 'Verona Tour']",Castelvecchio,strategy_nearest,False,0.0031359195709228516,success
0473C14A9C4C80,0,['Arena'],Casa Giulietta,"['Centro Fotografia', 'Sighseeing', 'Torre Lamberti', 'Museo Conte', 'Museo Radio']",Torre Lamberti,strategy_nearest,True,0.002490997314453125,success
0473C04A9C4C80,1,"['Arena', 'San Fermo', 'Casa Giulietta']",Torre Lamberti,"['Sighseeing', 'Centro Fotografia', 'Museo Conte', 'Palazzo della Ragione', 'AMO']",Palazzo della Ragione,strategy_nearest,True,0.003159046173095703,success
0473C34A9C4C80,3,"['Arena', 'Casa Giulietta']",Santa Anastasia,"['AMO', 'Museo Conte', 'Palazzo della Ragione', 'Teatro Romano', 'Centro Fotografia']",Duomo,strategy_nearest,False,0.0021359920501708984,success
0473CE4A9C4C80,2,['Santa Anastasia'],Duomo,"['AMO', 'Museo Miniscalchi', 'Teatro Romano', 'Palazzo della Ragione', 'Museo Conte']",Casa Giulietta,strategy_nearest,False,0.0018057823181152344,success
0473D24A9C4C80,3,"['Tomba Giulietta', 'San Fermo']",Casa Giulietta,"['Centro Fotografia', 'Sighseeing', 'Torre Lamberti', 'Museo Conte', 'Museo Radio']",Torre Lamberti,strategy_nearest,True,0.003097057342529297,success
0473D03A9C4C80,3,"['Castelvecchio', 'Arena']",Casa Giulietta,"['Centro Fotografia', 'Sighseeing', 'Torre Lamberti', 'Museo Conte', 'Museo Radio']",Torre Lamberti,strategy_nearest,True,0.0020978450775146484,success
0473D53A9C4C80,3,"['Arena', 'Duomo']",Torre Lamberti,"['Sighseeing', 'Centro Fotografia', 'Museo Conte', 'Casa Giulietta', 'Palazzo della Ragione']",Santa Anastasia,strategy_nearest,False,0.0027992725372314453,success
0473C84A9C4C80,0,['Arena'],Duomo,"['AMO', 'Museo Miniscalchi', 'Santa Anastasia', 'Teatro Romano', 'Palazzo della Ragione']",Teatro Romano,strategy_nearest,True,0.004225015640258789,success
0473DC429C4C80,3,"['San Zeno', 'Castelvecchio', 'Torre Lamberti']",Duomo,"['AMO', 'Museo Miniscalchi', 'Santa Anastasia', 'Teatro Romano', 'Palazzo della Ragione']",Santa Anastasia,strategy_nearest,True,0.001821756362915039,success
0473E9429C4C80,3,"['San Fermo', 'Museo Storia', 'Torre Lamberti']",Casa Giulietta,"['Centro Fotografia', 'Sighseeing', 'Museo Conte', 'Museo Radio', 'Palazzo della Ragione']",Arena,strategy_nearest,False,0.0024750232696533203,success
0473E5429C4C80,2,['Casa Giulietta'],Torre Lamberti,"['Sighseeing', 'Centro Fotografia', 'Museo Conte', 'Palazzo della Ragione', 'AMO']",Palazzo della Ragione,strategy_nearest,True,0.002744913101196289,success
0473E7429C4C80,1,"['Arena', 'Museo Lapidario', 'Castelvecchio', 'Santa Anastasia']",Duomo,"['AMO', 'Museo Miniscalchi', 'Teatro Romano', 'Palazzo della Ragione', 'Museo Conte']",Teatro Romano,strategy_nearest,True,0.0031621456146240234,success
0473EC3A9C4C80,0,['Arena'],Casa Giulietta,"['Centro Fotografia', 'Sighseeing', 'Torre Lamberti', 'Museo Conte', 'Museo Radio']",Castelvecchio,strategy_nearest,False,0.0028829574584960938,success
0473F64A9C4C80,0,['Arena'],Casa Giulietta,"['Centro Fotografia', 'Sighseeing', 'Torre Lamberti', 'Museo Conte', 'Museo Radio']",Tomba Giulietta,strategy_nearest,False,0.0026018619537353516,success
0473FC4A9C4C80,1,"['Arena', 'Castelvecchio']",Casa Giulietta,"['Centro Fotografia', 'Sighseeing', 'Torre Lamberti', 'Museo Conte', 'Museo Radio']",Torre Lamberti,strategy_nearest,True,0.0026051998138427734,success
0474014A9C4C84,2,['Torre Lamberti'],Santa Anastasia,"['AMO', 'Museo Conte', 'Palazzo della Ragione', 'Teatro Romano', 'Centro Fotografia']",Duomo,strategy_nearest,False,0.0025589466094970703,success
0474034A9C4C84,3,"['Duomo', 'Casa Giulietta']",Torre Lamberti,"['Sighseeing', 'Centro Fotografia', 'Museo Conte', 'Palazzo della Ragione', 'AMO']",Arena,strategy_nearest,False,0.0022559165954589844,success
0474004A9C4C84,1,"['Teatro Romano', 'Giardino Giusti', 'Santa Anastasia']",Palazzo della Ragione,"['AMO', 'Museo Conte', 'Torre Lamberti', 'Centro Fotografia', 'Sighseeing']",Casa Giulietta,strategy_nearest,False,0.00420832633972168,success
0474094A9C4C84,2,['Casa Giulietta'],Teatro Romano,"['Santa Anastasia', 'Duomo', 'AMO', 'Palazzo della Ragione', 'Museo Conte']",Giardino Giusti,strategy_nearest,False,0.0023751258850097656,success
0474054A9C4C84,0,['Arena'],Casa Giulietta,"['Centro Fotografia', 'Sighseeing', 'Torre Lamberti', 'Museo Conte', 'Museo Radio']",Tomba Giulietta,strategy_nearest,False,0.0032150745391845703,success
04740B429C4C84,1,"['Arena', 'Castelvecchio', 'Casa Giulietta', 'Santa Anastasia', 'Museo Lapidario']",Tomba Giulietta,"['San Fermo', 'Museo Storia', 'Museo Radio', 'Verona Tour', 'Sighseeing']",Torre Lamberti,strategy_nearest,False,0.003362894058227539,success
04740A4A9C4C84,0,['Castelvecchio'],Torre Lamberti,"['Sighseeing', 'Centro Fotografia', 'Museo Conte', 'Casa Giulietta', 'Palazzo della Ragione']",Arena,strategy_nearest,False,0.00427699089050293,success
04740C429C4C84,0,['Arena'],San Zeno,"['Castelvecchio', 'Verona Tour', 'Museo Lapidario', 'Museo Miniscalchi', 'Sighseeing']",Teatro Romano,strategy_nearest,False,0.001416921615600586,success
04740C4A9C4C84,1,"['Casa Giulietta', 'Palazzo della Ragione']",Torre Lamberti,"['Sighseeing', 'Centro Fotografia', 'Museo Conte', 'AMO', 'Museo Miniscalchi']",Teatro Romano,strategy_nearest,False,0.003130197525024414,success
047419429C4C84,3,"['Arena', 'Santa Anastasia']",Duomo,"['AMO', 'Museo Miniscalchi', 'Teatro Romano', 'Palazzo della Ragione', 'Museo Conte']",Casa Giulietta,strategy_nearest,False,0.002585172653198242,success
047412429C4C80,0,['Casa Giulietta'],Arena,"['Verona Tour', 'Museo Lapidario', 'Museo Radio', 'San Fermo', 'Sighseeing']",Duomo,strategy_nearest,False,0.002135753631591797,success
0474273A9C4C80,1,"['Casa Giulietta', 'Tomba Giulietta', 'Castelvecchio']",Arena,"['Verona Tour', 'Museo Lapidario', 'Museo Radio', 'San Fermo', 'Sighseeing']",Torre Lamberti,strategy_nearest,False,0.001394033432006836,success
0474143A9C4C80,0,['Arena'],Casa Giulietta,"['Centro Fotografia', 'Sighseeing', 'Torre Lamberti', 'Museo Conte', 'Museo Radio']",Santa Anastasia,strategy_nearest,False,0.0032989978790283203,success
0474754A9C4C80,1,"['Arena', 'Casa Giulietta']",Torre Lamberti,"['Sighseeing', 'Centro Fotografia', 'Museo Conte', 'Palazzo della Ragione', 'AMO']",Palazzo della Ragione,strategy_nearest,True,0.0021140575408935547,success
04744F4A9C4C80,1,"['Arena', 'Casa Giulietta']",Torre Lamberti,"['Sighseeing', 'Centro Fotografia', 'Museo Conte', 'Palazzo della Ragione', 'AMO']",Palazzo della Ragione,strategy_nearest,True,0.002808094024658203,success
04747C4A9C4C80,1,"['Castelvecchio', 'Arena']",Torre Lamberti,"['Sighseeing', 'Centro Fotografia', 'Museo Conte', 'Casa Giulietta', 'Palazzo della Ragione']",Palazzo della Ragione,strategy_nearest,True,0.0014562606811523438,success
0474353A9C4C80,0,['Arena'],Torre Lamberti,"['Sighseeing', 'Centro Fotografia', 'Museo Conte', 'Casa Giulietta', 'Palazzo della Ragione']",Casa Giulietta,strategy_nearest,True,0.0034837722778320312,success
04748E3A9C4C80,2,['Casa Giulietta'],Torre Lamberti,"['Sighseeing', 'Centro Fotografia', 'Museo Conte', 'Palazzo della Ragione', 'AMO']",Santa Anastasia,strategy_nearest,False,0.0026099681854248047,success
0474904A9C4C80,1,"['Arena', 'Torre Lamberti', 'Palazzo della Ragione']",Casa Giulietta,"['Centro Fotografia', 'Sighseeing', 'Museo Conte', 'Museo Radio', 'San Fermo']",San Fermo,strategy_nearest,True,0.0027418136596679688,success
0474934A9C4C80,1,"['Arena', 'Casa Giulietta']",Torre Lamberti,"['Sighseeing', 'Centro Fotografia', 'Museo Conte', 'Palazzo della Ragione', 'AMO']",Palazzo della Ragione,strategy_nearest,True,0.0026438236236572266,success
047492429C4C80,0,"['Arena', 'Museo Lapidario']",Castelvecchio,"['Verona Tour', 'Museo Radio', 'San Zeno', 'Sighseeing', 'Museo Miniscalchi']",Giardino Giusti,strategy_nearest,False,0.003293275833129883,success
04749C429C4C80,0,['Arena'],Castelvecchio,"['Museo Lapidario', 'Verona Tour', 'Museo Radio', 'San Zeno', 'Sighseeing']",Duomo,strategy_nearest,False,0.0027670860290527344,success
0474974A9C4C80,2,['Casa Giulietta'],Castelvecchio,"['Museo Lapidario', 'Verona Tour', 'Arena', 'Museo Radio', 'San Zeno']",Duomo,strategy_nearest,False,0.0045659542083740234,success
0474AA429C4C80,0,['Arena'],Casa Giulietta,"['Centro Fotografia', 'Sighseeing', 'Torre Lamberti', 'Museo Conte', 'Museo Radio']",Duomo,strategy_nearest,False,0.0015358924865722656,success
0474B04A9C4C80,0,['Arena'],Tomba Giulietta,"['San Fermo', 'Museo Storia', 'Museo Lapidario', 'Museo Radio', 'Verona Tour']",Santa Anastasia,strategy_nearest,False,0.003325939178466797,success
0474C04A9C4C80,3,"['Arena', 'San Fermo', 'Casa Giulietta']",Santa Anastasia,"['AMO', 'Museo Conte', 'Palazzo della Ragione', 'Teatro Romano', 'Centro Fotografia']",Duomo,strategy_nearest,False,0.0012469291687011719,success
0474BC3A9C4C80,0,"['Arena', 'Castelvecchio']",San Fermo,"['Museo Storia', 'Museo Radio', 'Casa Giulietta', 'Centro Fotografia', 'Sighseeing']",Torre Lamberti,strategy_nearest,False,0.002694845199584961,success
0474C34A9C4C80,1,"['Arena', 'Santa Anastasia']",Casa Giulietta,"['Centro Fotografia', 'Sighseeing', 'Torre Lamberti', 'Museo Conte', 'Museo Radio']",Palazzo della Ragione,strategy_nearest,False,0.0033049583435058594,success
0474B24A9C4C80,0,['Casa Giulietta'],Arena,"['Verona Tour', 'Museo Lapidario', 'Museo Radio', 'San Fermo', 'Sighseeing']",Castelvecchio,strategy_nearest,False,0.0033948421478271484,success
0474C84A9C4C80,3,"['Arena', 'Museo Lapidario']",Castelvecchio,"['Verona Tour', 'Museo Radio', 'San Zeno', 'Sighseeing', 'Museo Miniscalchi']",Torre Lamberti,strategy_nearest,False,0.0023229122161865234,success
0474CB4A9C4C80,3,"['Arena', 'San Fermo']",Casa Giulietta,"['Centro Fotografia', 'Sighseeing', 'Torre Lamberti', 'Museo Conte', 'Museo Radio']",Santa Anastasia,strategy_nearest,False,0.002499103546142578,success
0474C94A9C4C80,1,['Arena'],Casa Giulietta,"['Centro Fotografia', 'Sighseeing', 'Torre Lamberti', 'Museo Conte', 'Museo Radio']",Palazzo della Ragione,strategy_nearest,False,0.0019540786743164062,success
0474CC4A9C4C80,0,['Arena'],Casa Giulietta,"['Centro Fotografia', 'Sighseeing', 'Torre Lamberti', 'Museo Conte', 'Museo Radio']",Torre Lamberti,strategy_nearest,True,0.003072977066040039,success
0474E7429C4C80,1,"['Arena', 'Casa Giulietta']",Torre Lamberti,"['Sighseeing', 'Centro Fotografia', 'Museo Conte', 'Palazzo della Ragione', 'AMO']",Palazzo della Ragione,strategy_nearest,True,0.0025920867919921875,success
0474CD4A9C4C80,0,['Arena'],Castelvecchio,"['Museo Lapidario', 'Verona Tour', 'Museo Radio', 'San Zeno', 'Sighseeing']",San Zeno,strategy_nearest,True,0.003943920135498047,success
0474CE4A9C4C80,3,"['Castelvecchio', 'Arena']",Casa Giulietta,"['Centro Fotografia', 'Sighseeing', 'Torre Lamberti', 'Museo Conte', 'Museo Radio']",Santa Anastasia,strategy_nearest,False,0.0027320384979248047,success
0474D04A9C4C80,1,"['Arena', 'Casa Giulietta']",Palazzo della Ragione,"['AMO', 'Museo Conte', 'Torre Lamberti', 'Centro Fotografia', 'Sighseeing']",Santa Anastasia,strategy_nearest,False,0.0014421939849853516,success
0474F04A9C4C80,3,['Arena'],Castelvecchio,"['Museo Lapidario', 'Verona Tour', 'Museo Radio', 'San Zeno', 'Sighseeing']",Santa Anastasia,strategy_nearest,False,0.0012149810791015625,success
047500429C4C84,1,"['Casa Giulietta', 'Palazzo della Ragione', 'Castelvecchio', 'Tomba Giulietta']",Arena,"['Verona Tour', 'Museo Lapidario', 'Museo Radio', 'San Fermo', 'Sighseeing']",San Zeno,strategy_nearest,False,0.0026099681854248047,success
0474F84A9C4C80,3,"['Arena', 'Casa Giulietta']",Torre Lamberti,"['Sighseeing', 'Centro Fotografia', 'Museo Conte', 'Palazzo della Ragione', 'AMO']",Santa Anastasia,strategy_nearest,False,0.002064228057861328,success
0474F1429C4C80,3,"['Arena', 'Santa Anastasia']",San Fermo,"['Museo Storia', 'Museo Radio', 'Casa Giulietta', 'Centro Fotografia', 'Sighseeing']",Teatro Romano,strategy_nearest,False,0.0034558773040771484,success
0475064A9C4C84,1,"['Arena', 'Palazzo della Ragione', 'Torre Lamberti']",Casa Giulietta,"['Centro Fotografia', 'Sighseeing', 'Museo Conte', 'Museo Radio', 'San Fermo']",Giardino Giusti,strategy_nearest,False,0.0019299983978271484,success
0475004A9C4C84,1,"['Arena', 'Palazzo della Ragione']",Torre Lamberti,"['Sighseeing', 'Centro Fotografia', 'Museo Conte', 'Casa Giulietta', 'AMO']",Casa Giulietta,strategy_nearest,True,0.003226757049560547,success
0475024A9C4C84,0,['Arena'],Casa Giulietta,"['Centro Fotografia', 'Sighseeing', 'Torre Lamberti', 'Museo Conte', 'Museo Radio']",Teatro Romano,strategy_nearest,False,0.003531932830810547,success
0475094A9C4C84,3,"['Arena', 'Casa Giulietta']",Santa Anastasia,"['AMO', 'Museo Conte', 'Palazzo della Ragione', 'Teatro Romano', 'Centro Fotografia']",Tomba Giulietta,strategy_nearest,False,0.003426074981689453,success
04750B4A9C4C84,1,"['Arena', 'Casa Giulietta']",Castelvecchio,"['Museo Lapidario', 'Verona Tour', 'Museo Radio', 'San Zeno', 'Sighseeing']",Torre Lamberti,strategy_nearest,False,0.0023479461669921875,success
04750E4A9C4C84,3,"['Arena', 'Casa Giulietta', 'Torre Lamberti']",Santa Anastasia,"['AMO', 'Museo Conte', 'Palazzo della Ragione', 'Teatro Romano', 'Centro Fotografia']",Duomo,strategy_nearest,False,0.0030989646911621094,success
04750F4A9C4C84,3,"['Duomo', 'Arena', 'Casa Giulietta']",Museo Storia,"['San Fermo', 'Museo Radio', 'Centro Fotografia', 'Tomba Giulietta', 'Torre Lamberti']",San Fermo,strategy_nearest,True,0.0024597644805908203,success
0475154A9C4C80,1,"['Arena', 'Torre Lamberti', 'Palazzo della Ragione', 'Casa Giulietta', 'Tomba Giulietta']",Santa Anastasia,"['AMO', 'Museo Conte', 'Teatro Romano', 'Centro Fotografia', 'Duomo']",Duomo,strategy_nearest,True,0.0026149749755859375,success
047516429C4C80,3,"['Teatro Romano', 'Castelvecchio']",Arena,"['Verona Tour', 'Museo Lapidario', 'Museo Radio', 'San Fermo', 'Casa Giulietta']",Casa Giulietta,strategy_nearest,True,0.0024178028106689453,success
0475184A9C4C80,1,"['Casa Giulietta', 'Palazzo della Ragione']",Arena,"['Verona Tour', 'Museo Lapidario', 'Museo Radio', 'San Fermo', 'Sighseeing']",Teatro Romano,strategy_nearest,False,0.0034499168395996094,success
0475253A9C4C84,3,"['Arena', 'Casa Giulietta', 'Torre Lamberti']",Duomo,"['AMO', 'Museo Miniscalchi', 'Santa Anastasia', 'Teatro Romano', 'Palazzo della Ragione']",Santa Anastasia,strategy_nearest,True,0.0029952526092529297,success
047526429C4C84,2,['Castelvecchio'],Casa Giulietta,"['Centro Fotografia', 'Sighseeing', 'Torre Lamberti', 'Museo Conte', 'Museo Radio']",Tomba Giulietta,strategy_nearest,False,0.0026950836181640625,success
0475283A9C4C80,2,"['Casa Giulietta', 'Torre Lamberti']",Palazzo della Ragione,"['AMO', 'Museo Conte', 'Centro Fotografia', 'Sighseeing', 'Santa Anastasia']",Santa Anastasia,strategy_nearest,True,0.0032820701599121094,success
04752A3A9C4C80,3,"['Teatro Romano', 'Duomo']",Santa Anastasia,"['AMO', 'Museo Conte', 'Palazzo della Ragione', 'Centro Fotografia', 'Torre Lamberti']",Casa Giulietta,strategy_nearest,False,0.002591848373413086,success
04754D4A9C4C80,1,['Arena'],Casa Giulietta,"['Centro Fotografia', 'Sighseeing', 'Torre Lamberti', 'Museo Conte', 'Museo Radio']",Torre Lamberti,strategy_nearest,True,0.003191232681274414,success
0475514A9C4C80,3,['Arena'],San Fermo,"['Museo Storia', 'Museo Radio', 'Casa Giulietta', 'Centro Fotografia', 'Sighseeing']",Torre Lamberti,strategy_nearest,False,0.0027399063110351562,success
0475503A9C4C80,1,"['Arena', 'Museo Lapidario']",Torre Lamberti,"['Sighseeing', 'Centro Fotografia', 'Museo Conte', 'Casa Giulietta', 'Palazzo della Ragione']",Palazzo della Ragione,strategy_nearest,True,0.002843141555786133,success
0475683A9C4C80,1,"['Castelvecchio', 'Arena']",Casa Giulietta,"['Centro Fotografia', 'Sighseeing', 'Torre Lamberti', 'Museo Conte', 'Museo Radio']",Palazzo della Ragione,strategy_nearest,False,0.003217935562133789,success
04756B429C4C80,1,"['Santa Anastasia', 'Duomo', 'Teatro Romano', 'Casa Giulietta']",Castelvecchio,"['Museo Lapidario', 'Verona Tour', 'Arena', 'Museo Radio', 'San Zeno']",Arena,strategy_nearest,True,0.003025054931640625,success
047571429C4C80,1,"['Arena', 'Castelvecchio', 'Torre Lamberti']",Palazzo della Ragione,"['AMO', 'Museo Conte', 'Centro Fotografia', 'Sighseeing', 'Santa Anastasia']",Duomo,strategy_nearest,False,0.0025281906127929688,success
04757C4A9C4C80,2,"['Museo Lapidario', 'Castelvecchio']",San Zeno,"['Verona Tour', 'Arena', 'Museo Miniscalchi', 'Sighseeing', 'Museo Radio']",Duomo,strategy_nearest,False,0.0026710033416748047,success
0475754A9C4C80,1,"['Arena', 'Casa Giulietta']",Torre Lamberti,"['Sighseeing', 'Centro Fotografia', 'Museo Conte', 'Palazzo della Ragione', 'AMO']",Palazzo della Ragione,strategy_nearest,True,0.0034101009368896484,success
0475813A9C4C80,3,"['Santa Anastasia', 'Casa Giulietta']",San Fermo,"['Museo Storia', 'Museo Radio', 'Centro Fotografia', 'Arena', 'Sighseeing']",Arena,strategy_nearest,True,0.0032308101654052734,success
04758F4A9C4C80,0,"['Casa Giulietta', 'Castelvecchio']",Duomo,"['AMO', 'Museo Miniscalchi', 'Santa Anastasia', 'Teatro Romano', 'Palazzo della Ragione']",Torre Lamberti,strategy_nearest,False,0.002878904342651367,success
047595429C4C80,1,"['Arena', 'Casa Giulietta']",Torre Lamberti,"['Sighseeing', 'Centro Fotografia', 'Museo Conte', 'Palazzo della Ragione', 'AMO']",Palazzo della Ragione,strategy_nearest,True,0.0023789405822753906,success
04759B4A9C4C80,3,"['Arena', 'Torre Lamberti', 'Casa Giulietta']",Santa Anastasia,"['AMO', 'Museo Conte', 'Palazzo della Ragione', 'Teatro Romano', 'Centro Fotografia']",Duomo,strategy_nearest,False,0.0030040740966796875,success
04759A429C4C80,1,"['Palazzo della Ragione', 'Torre Lamberti', 'Santa Anastasia', 'San Fermo']",Casa Giulietta,"['Centro Fotografia', 'Sighseeing', 'Museo Conte', 'Museo Radio', 'AMO']",Duomo,strategy_nearest,False,0.0020868778228759766,success
047596429C4C80,3,"['Arena', 'San Fermo', 'Casa Giulietta']",Santa Anastasia,"['AMO', 'Museo Conte', 'Palazzo della Ragione', 'Teatro Romano', 'Centro Fotografia']",Castelvecchio,strategy_nearest,False,0.0038940906524658203,success
04759F429C4C80,1,"['Casa Giulietta', 'Palazzo della Ragione', 'Torre Lamberti']",Castelvecchio,"['Museo Lapidario', 'Verona Tour', 'Arena', 'Museo Radio', 'San Zeno']",Arena,strategy_nearest,True,0.0030770301818847656,success
0475B2429C4C80,1,"['Arena', 'Torre Lamberti']",Palazzo della Ragione,"['AMO', 'Museo Conte', 'Centro Fotografia', 'Sighseeing', 'Santa Anastasia']",Casa Giulietta,strategy_nearest,False,0.0028557777404785156,success
0475B33A9C4C80,3,"['Arena', 'Casa Giulietta']",Tomba Giulietta,"['San Fermo', 'Museo Storia', 'Museo Lapidario', 'Museo Radio', 'Verona Tour']",Santa Anastasia,strategy_nearest,False,0.0034332275390625,success
0475BA4A9C4C80,3,['Arena'],Casa Giulietta,"['Centro Fotografia', 'Sighseeing', 'Torre Lamberti', 'Museo Conte', 'Museo Radio']",Santa Anastasia,strategy_nearest,False,0.003303050994873047,success
0475B7429C4C80,0,"['Arena', 'Casa Giulietta']",Tomba Giulietta,"['San Fermo', 'Museo Storia', 'Museo Lapidario', 'Museo Radio', 'Verona Tour']",San Fermo,strategy_nearest,True,0.0015919208526611328,success
0475BC4A9C4C80,0,"['Arena', 'San Fermo']",Castelvecchio,"['Museo Lapidario', 'Verona Tour', 'Museo Radio', 'San Zeno', 'Sighseeing']",Museo Lapidario,strategy_nearest,True,0.002187013626098633,success
0475C34A9C4C80,3,"['Arena', 'Casa Giulietta']",Duomo,"['AMO', 'Museo Miniscalchi', 'Santa Anastasia', 'Teatro Romano', 'Palazzo della Ragione']",Santa Anastasia,strategy_nearest,True,0.0015721321105957031,success
0475C64A9C4C80,0,"['Arena', 'Castelvecchio']",Torre Lamberti,"['Sighseeing', 'Centro Fotografia', 'Museo Conte', 'Casa Giulietta', 'Palazzo della Ragione']",Casa Giulietta,strategy_nearest,True,0.002725839614868164,success
0475C74A9C4C80,3,"['Arena', 'Casa Giulietta']",Torre Lamberti,"['Sighseeing', 'Centro Fotografia', 'Museo Conte', 'Palazzo della Ragione', 'AMO']",Santa Anastasia,strategy_nearest,False,0.0031728744506835938,success
0475CC4A9C4C80,1,"['Arena', 'Museo Lapidario', 'Castelvecchio', 'Duomo']",Teatro Romano,"['Santa Anastasia', 'AMO', 'Palazzo della Ragione', 'Museo Conte', 'Centro Fotografia']",Casa Giulietta,strategy_nearest,False,0.001506805419921875,success
0475C84A9C4C80,1,"['Arena', 'Castelvecchio', 'Casa Giulietta', 'Teatro Romano']",Tomba Giulietta,"['San Fermo', 'Museo Storia', 'Museo Lapidario', 'Museo Radio', 'Verona Tour']",Torre Lamberti,strategy_nearest,False,0.003313779830932617,success
0475E13A9C4C80,0,"['Casa Giulietta', 'Torre Lamberti']",Castelvecchio,"['Museo Lapidario', 'Verona Tour', 'Arena', 'Museo Radio', 'San Zeno']",Arena,strategy_nearest,True,0.0020072460174560547,success
0475DA3A9C4C80,0,['Arena'],Casa Giulietta,"['Centro Fotografia', 'Sighseeing', 'Torre Lamberti', 'Museo Conte', 'Museo Radio']",Teatro Romano,strategy_nearest,False,0.002660989761352539,success
0475F44A9C4C80,0,['Arena'],San Fermo,"['Museo Storia', 'Museo Radio', 'Casa Giulietta', 'Centro Fotografia', 'Sighseeing']",Giardino Giusti,strategy_nearest,False,0.0020627975463867188,success
0475F23A9C4C80,0,['Castelvecchio'],Arena,"['Verona Tour', 'Museo Lapidario', 'Museo Radio', 'San Fermo', 'Casa Giulietta']",Casa Giulietta,strategy_nearest,True,0.0027761459350585938,success
0475EE4A9C4C80,0,['Arena'],Casa Giulietta,"['Centro Fotografia', 'Sighseeing', 'Torre Lamberti', 'Museo Conte', 'Museo Radio']",Torre Lamberti,strategy_nearest,True,0.0014770030975341797,success
0475FC429C4C80,3,"['Arena', 'Santa Anastasia']",Torre Lamberti,"['Sighseeing', 'Centro Fotografia', 'Museo Conte', 'Casa Giulietta', 'Palazzo della Ragione']",Castelvecchio,strategy_nearest,False,0.003231048583984375,success
0476084A9C4C84,3,"['Arena', 'Castelvecchio']",Santa Anastasia,"['AMO', 'Museo Conte', 'Palazzo della Ragione', 'Teatro Romano', 'Centro Fotografia']",Duomo,strategy_nearest,False,0.0026290416717529297,success
0475FF429C4C80,3,"['Santa Anastasia', 'Torre Lamberti', 'San Fermo', 'Arena']",Casa Giulietta,"['Centro Fotografia', 'Sighseeing', 'Museo Conte', 'Museo Radio', 'Palazzo della Ragione']",Teatro Romano,strategy_nearest,False,0.0033681392669677734,success
047602429C4C84,2,"['Casa Giulietta', 'Santa Anastasia']",Teatro Romano,"['Duomo', 'AMO', 'Palazzo della Ragione', 'Museo Conte', 'Centro Fotografia']",San Zeno,strategy_nearest,False,0.001583099365234375,success
0476024A9C4C84,3,"['Teatro Romano', 'Duomo']",Torre Lamberti,"['Sighseeing', 'Centro Fotografia', 'Museo Conte', 'Casa Giulietta', 'Palazzo della Ragione']",Casa Giulietta,strategy_nearest,True,0.0033881664276123047,success
0476134A9C4C80,3,"['San Fermo', 'Casa Giulietta', 'Santa Anastasia']",Duomo,"['AMO', 'Museo Miniscalchi', 'Teatro Romano', 'Palazzo della Ragione', 'Museo Conte']",Castelvecchio,strategy_nearest,False,0.0015480518341064453,success
04760F429C4C84,1,"['Castelvecchio', 'Arena']",Casa Giulietta,"['Centro Fotografia', 'Sighseeing', 'Torre Lamberti', 'Museo Conte', 'Museo Radio']",Torre Lamberti,strategy_nearest,True,0.0028350353240966797,success
0476114A9C4C84,3,"['Arena', 'Casa Giulietta']",Santa Anastasia,"['AMO', 'Museo Conte', 'Palazzo della Ragione', 'Teatro Romano', 'Centro Fotografia']",Duomo,strategy_nearest,False,0.0033631324768066406,success
047616429C4C84,3,"['Duomo', 'Santa Anastasia', 'Torre Lamberti']",Casa Giulietta,"['Centro Fotografia', 'Sighseeing', 'Museo Conte', 'Museo Radio', 'Palazzo della Ragione']",Teatro Romano,strategy_nearest,False,0.0032660961151123047,success
047622429C4C84,0,"['Castelvecchio', 'Arena']",Casa Giulietta,"['Centro Fotografia', 'Sighseeing', 'Torre Lamberti', 'Museo Conte', 'Museo Radio']",Torre Lamberti,strategy_nearest,True,0.0015909671783447266,success
04761F429C4C84,1,"['Arena', 'Casa Giulietta']",Palazzo della Ragione,"['AMO', 'Museo Conte', 'Torre Lamberti', 'Centro Fotografia', 'Sighseeing']",Torre Lamberti,strategy_nearest,True,0.0033788681030273438,success
047626429C4C84,0,"['Arena', 'Casa Giulietta']",Teatro Romano,"['Santa Anastasia', 'Duomo', 'AMO', 'Palazzo della Ragione', 'Museo Conte']",Tomba Giulietta,strategy_nearest,False,0.0021691322326660156,success
0476323A9C4C80,3,"['Arena', 'Museo Lapidario']",Castelvecchio,"['Verona Tour', 'Museo Radio', 'San Zeno', 'Sighseeing', 'Museo Miniscalchi']",San Fermo,strategy_nearest,False,0.003287792205810547,success
047647429C4C80,3,"['Arena', 'San Fermo']",Santa Anastasia,"['AMO', 'Museo Conte', 'Palazzo della Ragione', 'Teatro Romano', 'Centro Fotografia']",San Zeno,strategy_nearest,False,0.0014150142669677734,success
0476353A9C4C80,0,['Arena'],Casa Giulietta,"['Centro Fotografia', 'Sighseeing', 'Torre Lamberti', 'Museo Conte', 'Museo Radio']",Teatro Romano,strategy_nearest,False,0.0027780532836914062,success
047636429C4C80,1,"['Arena', 'Palazzo della Ragione']",Torre Lamberti,"['Sighseeing', 'Centro Fotografia', 'Museo Conte', 'Casa Giulietta', 'AMO']",Duomo,strategy_nearest,False,0.0027501583099365234,success
0476454A9C4C80,1,"['Arena', 'Museo Lapidario', 'Torre Lamberti', 'Palazzo della Ragione']",Casa Giulietta,"['Centro Fotografia', 'Sighseeing', 'Museo Conte', 'Museo Radio', 'San Fermo']",Santa Anastasia,strategy_nearest,False,0.003364086151123047,success
047649429C4C80,0,['San Zeno'],Casa Giulietta,"['Centro Fotografia', 'Sighseeing', 'Torre Lamberti', 'Museo Conte', 'Museo Radio']",Arena,strategy_nearest,False,0.0015339851379394531,success
0476493A9C4C80,3,"['Casa Giulietta', 'Santa Anastasia', 'Duomo']",Teatro Romano,"['AMO', 'Palazzo della Ragione', 'Museo Conte', 'Centro Fotografia', 'Museo Miniscalchi']",Arena,strategy_nearest,False,0.003355264663696289,success
0476483A9C4C80,1,"['Arena', 'Casa Giulietta', 'Museo Lapidario', 'Castelvecchio']",San Zeno,"['Verona Tour', 'Museo Miniscalchi', 'Sighseeing', 'Museo Radio', 'Torre Lamberti']",Palazzo della Ragione,strategy_nearest,False,0.00279998779296875,success
04764F3A9C4C80,0,['Arena'],Museo Lapidario,"['Verona Tour', 'Castelvecchio', 'Museo Radio', 'San Fermo', 'Casa Giulietta']",Castelvecchio,strategy_nearest,True,0.0031998157501220703,success
0476663A9C4C80,2,"['Castelvecchio', 'Casa Giulietta', 'Torre Lamberti']",Palazzo della Ragione,"['AMO', 'Museo Conte', 'Centro Fotografia', 'Sighseeing', 'Santa Anastasia']",Santa Anastasia,strategy_nearest,True,0.0015811920166015625,success
0476524A9C4C80,1,"['Arena', 'Casa Giulietta']",Torre Lamberti,"['Sighseeing', 'Centro Fotografia', 'Museo Conte', 'Palazzo della Ragione', 'AMO']",Palazzo della Ragione,strategy_nearest,True,0.002196073532104492,success
0476794A9C4C80,0,"['Duomo', 'Castelvecchio']",San Zeno,"['Verona Tour', 'Museo Lapidario', 'Arena', 'Museo Miniscalchi', 'Sighseeing']",Arena,strategy_nearest,True,0.002750873565673828,success
04766A429C4C80,0,"['Casa Giulietta', 'Arena']",Museo Lapidario,"['Verona Tour', 'Castelvecchio', 'Museo Radio', 'San Fermo', 'Tomba Giulietta']",Tomba Giulietta,strategy_nearest,True,0.003420114517211914,success
047692429C4C80,0,"['Museo Lapidario', 'Arena']",Tomba Giulietta,"['San Fermo', 'Museo Storia', 'Museo Radio', 'Verona Tour', 'Casa Giulietta']",San Fermo,strategy_nearest,True,0.003142833709716797,success
04767F3A9C4C80,2,"['Casa Giulietta', 'Torre Lamberti']",Duomo,"['AMO', 'Museo Miniscalchi', 'Santa Anastasia', 'Teatro Romano', 'Palazzo della Ragione']",Teatro Romano,strategy_nearest,True,0.0013232231140136719,success
04767D4A9C4C80,3,['Santa Anastasia'],Duomo,"['AMO', 'Museo Miniscalchi', 'Teatro Romano', 'Palazzo della Ragione', 'Museo Conte']",Casa Giulietta,strategy_nearest,False,0.003197908401489258,success
04767C4A9C4C80,3,['Santa Anastasia'],Casa Giulietta,"['Centro Fotografia', 'Sighseeing', 'Torre Lamberti', 'Museo Conte', 'Museo Radio']",Torre Lamberti,strategy_nearest,True,0.00401616096496582,success
0476A14A9C4C80,0,['Teatro Romano'],Torre Lamberti,"['Sighseeing', 'Centro Fotografia', 'Museo Conte', 'Casa Giulietta', 'Palazzo della Ragione']",Castelvecchio,strategy_nearest,False,0.002135753631591797,success
04769F429C4C80,0,['Castelvecchio'],Casa Giulietta,"['Centro Fotografia', 'Sighseeing', 'Torre Lamberti', 'Museo Conte', 'Museo Radio']",Arena,strategy_nearest,False,0.0027468204498291016,success
0476A4429C4C80,3,"['Arena', 'Casa Giulietta']",Santa Anastasia,"['AMO', 'Museo Conte', 'Palazzo della Ragione', 'Teatro Romano', 'Centro Fotografia']",Teatro Romano,strategy_nearest,True,0.0013709068298339844,success
04769A4A9C4C80,3,"['Arena', 'Casa Giulietta', 'San Fermo']",Santa Anastasia,"['AMO', 'Museo Conte', 'Palazzo della Ragione', 'Teatro Romano', 'Centro Fotografia']",Duomo,strategy_nearest,False,0.0034470558166503906,success
0476B2429C4C80,0,['Arena'],Casa Giulietta,"['Centro Fotografia', 'Sighseeing', 'Torre Lamberti', 'Museo Conte', 'Museo Radio']",Santa Anastasia,strategy_nearest,False,0.00339508056640625,success
0476B74A9C4C80,2,['Casa Giulietta'],Torre Lamberti,"['Sighseeing', 'Centro Fotografia', 'Museo Conte', 'Palazzo della Ragione', 'AMO']",Santa Anastasia,strategy_nearest,False,0.0027840137481689453,success
0476B84A9C4C80,3,"['Torre Lamberti', 'Duomo', 'Teatro Romano']",Santa Anastasia,"['AMO', 'Museo Conte', 'Palazzo della Ragione', 'Centro Fotografia', 'Sighseeing']",Casa Giulietta,strategy_nearest,False,0.0014410018920898438,success
0476BA429C4C80,0,['Casa Giulietta'],Arena,"['Verona Tour', 'Museo Lapidario', 'Museo Radio', 'San Fermo', 'Sighseeing']",Castelvecchio,strategy_nearest,False,0.003204822540283203,success
0476C74A9C4C80,2,['Teatro Romano'],San Fermo,"['Museo Storia', 'Museo Radio', 'Casa Giulietta', 'Centro Fotografia', 'Arena']",San Zeno,strategy_nearest,False,0.001505136489868164,success
0476C84A9C4C80,3,"['Arena', 'Casa Giulietta']",Santa Anastasia,"['AMO', 'Museo Conte', 'Palazzo della Ragione', 'Teatro Romano', 'Centro Fotografia']",Teatro Romano,strategy_nearest,True,0.0028259754180908203,success
0476D63A9C4C80,0,['Arena'],Giardino Giusti,"['Santa Anastasia', 'Teatro Romano', 'Museo Conte', 'Centro Fotografia', 'Museo Storia']",Torre Lamberti,strategy_nearest,False,0.002012968063354492,success
0476CD4A9C4C80,3,"['Arena', 'Casa Giulietta']",Santa Anastasia,"['AMO', 'Museo Conte', 'Palazzo della Ragione', 'Teatro Romano', 'Centro Fotografia']",Duomo,strategy_nearest,False,0.003409862518310547,success
0476D73A9C4C80,1,"['Castelvecchio', 'Palazzo della Ragione']",Santa Anastasia,"['AMO', 'Museo Conte', 'Teatro Romano', 'Centro Fotografia', 'Duomo']",Arena,strategy_nearest,False,0.0046079158782958984,success
0476E1429C4C80,2,['Duomo'],Casa Giulietta,"['Centro Fotografia', 'Sighseeing', 'Torre Lamberti', 'Museo Conte', 'Museo Radio']",Teatro Romano,strategy_nearest,False,0.0014672279357910156,success
0476DC429C4C80,3,['Torre Lamberti'],Arena,"['Verona Tour', 'Museo Lapidario', 'Museo Radio', 'San Fermo', 'Casa Giulietta']",Tomba Giulietta,strategy_nearest,False,0.004118919372558594,success
0476DD3A9C4C80,0,['Arena'],Casa Giulietta,"['Centro Fotografia', 'Sighseeing', 'Torre Lamberti', 'Museo Conte', 'Museo Radio']",Duomo,strategy_nearest,False,0.002160787582397461,success
0476ED3A9C4C80,0,"['Arena', 'Casa Giulietta']",Teatro Romano,"['Santa Anastasia', 'Duomo', 'AMO', 'Palazzo della Ragione', 'Museo Conte']",Duomo,strategy_nearest,True,0.001997709274291992,success
0476E94A9C4C80,0,"['Teatro Romano', 'Casa Giulietta']",Torre Lamberti,"['Sighseeing', 'Centro Fotografia', 'Museo Conte', 'Palazzo della Ragione', 'AMO']",Arena,strategy_nearest,False,0.0027430057525634766,success
0476FE4A9C4C80,2,['Casa Giulietta'],Santa Anastasia,"['AMO', 'Museo Conte', 'Palazzo della Ragione', 'Teatro Romano', 'Centro Fotografia']",Tomba Giulietta,strategy_nearest,False,0.0026578903198242188,success
0476FF4A9C4C80,0,['Castelvecchio'],Arena,"['Verona Tour', 'Museo Lapidario', 'Museo Radio', 'San Fermo', 'Casa Giulietta']",Casa Giulietta,strategy_nearest,True,0.003287076950073242,success
0477094A9C4C84,3,['Arena'],Casa Giulietta,"['Centro Fotografia', 'Sighseeing', 'Torre Lamberti', 'Museo Conte', 'Museo Radio']",Santa Anastasia,strategy_nearest,False,0.002029895782470703,success
0477034A9C4C84,2,"['Casa Giulietta', 'Torre Lamberti', 'Palazzo della Ragione']",Santa Anastasia,"['AMO', 'Museo Conte', 'Teatro Romano', 'Centro Fotografia', 'Duomo']",Teatro Romano,strategy_nearest,True,0.0021820068359375,success
0477044A9C4C84,2,['Casa Giulietta'],Casa Giulietta,"['Centro Fotografia', 'Sighseeing', 'Torre Lamberti', 'Museo Conte', 'Museo Radio']",Tomba Giulietta,strategy_nearest,False,0.002658843994140625,success
0477004A9C4C84,3,"['Teatro Romano', 'Duomo', 'Santa Anastasia']",Torre Lamberti,"['Sighseeing', 'Centro Fotografia', 'Museo Conte', 'Casa Giulietta', 'Palazzo della Ragione']",Casa Giulietta,strategy_nearest,True,0.0046007633209228516,success
0477134A9C4C80,3,"['Arena', 'Duomo', 'Santa Anastasia', 'Torre Lamberti']",Casa Giulietta,"['Centro Fotografia', 'Sighseeing', 'Museo Conte', 'Museo Radio', 'Palazzo della Ragione']",Teatro Romano,strategy_nearest,False,0.001363992691040039,success
047713429C4C84,0,"['Arena', 'San Fermo']",Casa Giulietta,"['Centro Fotografia', 'Sighseeing', 'Torre Lamberti', 'Museo Conte', 'Museo Radio']",Torre Lamberti,strategy_nearest,True,0.0026590824127197266,success
04770A429C4C84,0,"['Arena', 'Castelvecchio']",Casa Giulietta,"['Centro Fotografia', 'Sighseeing', 'Torre Lamberti', 'Museo Conte', 'Museo Radio']",Teatro Romano,strategy_nearest,False,0.0021581649780273438,success
0477114A9C4C84,3,"['Teatro Romano', 'Duomo']",Santa Anastasia,"['AMO', 'Museo Conte', 'Palazzo della Ragione', 'Centro Fotografia', 'Torre Lamberti']",Casa Giulietta,strategy_nearest,False,0.003370046615600586,success
04771B3A9C4C80,2,"['Castelvecchio', 'Santa Anastasia']",Casa Giulietta,"['Centro Fotografia', 'Sighseeing', 'Torre Lamberti', 'Museo Conte', 'Museo Radio']",Duomo,strategy_nearest,False,0.0032079219818115234,success
0477193A9C4C80,3,"['Arena', 'Castelvecchio']",Santa Anastasia,"['AMO', 'Museo Conte', 'Palazzo della Ragione', 'Teatro Romano', 'Centro Fotografia']",Teatro Romano,strategy_nearest,True,0.0027511119842529297,success
047719429C4C80,3,"['Santa Anastasia', 'San Fermo']",Castelvecchio,"['Museo Lapidario', 'Verona Tour', 'Arena', 'Museo Radio', 'San Zeno']",Arena,strategy_nearest,True,0.0026407241821289062,success
04771F3A9C4C80,1,"['Arena', 'Casa Giulietta']",Palazzo della Ragione,"['AMO', 'Museo Conte', 'Torre Lamberti', 'Centro Fotografia', 'Sighseeing']",Castelvecchio,strategy_nearest,False,0.001416921615600586,success
04771F429C4C84,3,"['Casa Giulietta', 'Torre Lamberti', 'Teatro Romano', 'Castelvecchio', 'Tomba Giulietta']",Duomo,"['AMO', 'Museo Miniscalchi', 'Santa Anastasia', 'Palazzo della Ragione', 'Museo Conte']",Santa Anastasia,strategy_nearest,True,0.0021719932556152344,success
0477253A9C4C84,0,['Castelvecchio'],Duomo,"['AMO', 'Museo Miniscalchi', 'Santa Anastasia', 'Teatro Romano', 'Palazzo della Ragione']",Arena,strategy_nearest,False,0.003261089324951172,success
04772D3A9C4C80,3,"['Arena', 'Castelvecchio']",Casa Giulietta,"['Centro Fotografia', 'Sighseeing', 'Torre Lamberti', 'Museo Conte', 'Museo Radio']",Torre Lamberti,strategy_nearest,True,0.001360177993774414,success
0477213A9C4C84,0,['Museo Lapidario'],Arena,"['Verona Tour', 'Museo Radio', 'San Fermo', 'Casa Giulietta', 'Sighseeing']",Casa Giulietta,strategy_nearest,True,0.0027360916137695312,success
04774D3A9C4C80,0,"['Casa Giulietta', 'Tomba Giulietta']",Arena,"['Verona Tour', 'Museo Lapidario', 'Museo Radio', 'San Fermo', 'Sighseeing']",Torre Lamberti,strategy_nearest,False,0.0020318031311035156,success
04773B4A9C4C80,1,"['Casa Giulietta', 'Arena']",Giardino Giusti,"['Santa Anastasia', 'Teatro Romano', 'Museo Conte', 'Centro Fotografia', 'Museo Storia']",San Fermo,strategy_nearest,False,0.0015571117401123047,success
04772D429C4C80,3,['Castelvecchio'],Arena,"['Verona Tour', 'Museo Lapidario', 'Museo Radio', 'San Fermo', 'Casa Giulietta']",San Fermo,strategy_nearest,True,0.0028128623962402344,success
0477503A9C4C80,3,"['Castelvecchio', 'Arena', 'Casa Giulietta']",Torre Lamberti,"['Sighseeing', 'Centro Fotografia', 'Museo Conte', 'Palazzo della Ragione', 'AMO']",Santa Anastasia,strategy_nearest,False,0.003332853317260742,success
04777B3A9C4C80,1,"['Castelvecchio', 'Museo Lapidario']",Arena,"['Verona Tour', 'Museo Radio', 'San Fermo', 'Casa Giulietta', 'Sighseeing']",Casa Giulietta,strategy_nearest,True,0.002568960189819336,success
04776B429C4C80,0,['Arena'],Casa Giulietta,"['Centro Fotografia', 'Sighseeing', 'Torre Lamberti', 'Museo Conte', 'Museo Radio']",San Fermo,strategy_nearest,False,0.003896951675415039,success
0477563A9C4C80,1,"['Arena', 'Torre Lamberti']",Palazzo della Ragione,"['AMO', 'Museo Conte', 'Centro Fotografia', 'Sighseeing', 'Santa Anastasia']",Santa Anastasia,strategy_nearest,True,0.0027971267700195312,success
0477754A9C4C80,1,"['Arena', 'Palazzo della Ragione', 'Torre Lamberti']",Santa Anastasia,"['AMO', 'Museo Conte', 'Teatro Romano', 'Centro Fotografia', 'Duomo']",Teatro Romano,strategy_nearest,True,0.002051115036010742,success
04778A4A9C4C80,0,"['Casa Giulietta', 'Torre Lamberti']",Arena,"['Verona Tour', 'Museo Lapidario', 'Museo Radio', 'San Fermo', 'Sighseeing']",Duomo,strategy_nearest,False,0.0027587413787841797,success
04778E4A9C4C80,3,"['Arena', 'Torre Lamberti']",Santa Anastasia,"['AMO', 'Museo Conte', 'Palazzo della Ragione', 'Teatro Romano', 'Centro Fotografia']",Duomo,strategy_nearest,False,0.002004861831665039,success
04777B4A9C4C80,0,['Arena'],Casa Giulietta,"['Centro Fotografia', 'Sighseeing', 'Torre Lamberti', 'Museo Conte', 'Museo Radio']",Torre Lamberti,strategy_nearest,True,0.0042018890380859375,success
04777F3A9C4C80,0,['Duomo'],Arena,"['Verona Tour', 'Museo Lapidario', 'Museo Radio', 'San Fermo', 'Casa Giulietta']",Casa Giulietta,strategy_nearest,True,0.0015950202941894531,success
0477B54A9C4C80,2,['Museo Lapidario'],Castelvecchio,"['Verona Tour', 'Arena', 'Museo Radio', 'San Zeno', 'Sighseeing']",Duomo,strategy_nearest,False,0.003307819366455078,success
0477AC4A9C4C80,0,['Arena'],Casa Giulietta,"['Centro Fotografia', 'Sighseeing', 'Torre Lamberti', 'Museo Conte', 'Museo Radio']",Torre Lamberti,strategy_nearest,True,0.002744913101196289,success
0477B74A9C4C80,0,['Arena'],Casa Giulietta,"['Centro Fotografia', 'Sighseeing', 'Torre Lamberti', 'Museo Conte', 'Museo Radio']",Castelvecchio,strategy_nearest,False,0.0013051033020019531,success
0477BA4A9C4C80,0,['Arena'],Castelvecchio,"['Museo Lapidario', 'Verona Tour', 'Museo Radio', 'San Zeno', 'Sighseeing']",Santa Anastasia,strategy_nearest,False,0.0033729076385498047,success
0477CD4A9C4C80,0,['San Fermo'],Casa Giulietta,"['Centro Fotografia', 'Sighseeing', 'Torre Lamberti', 'Museo Conte', 'Museo Radio']",Duomo,strategy_nearest,False,0.002393007278442383,success
0477C03A9C4C80,3,"['Arena', 'Castelvecchio', 'San Fermo']",Casa Giulietta,"['Centro Fotografia', 'Sighseeing', 'Torre Lamberti', 'Museo Conte', 'Museo Radio']",Torre Lamberti,strategy_nearest,True,0.0019729137420654297,success
0477D23A9C4C80,0,['Arena'],Casa Giulietta,"['Centro Fotografia', 'Sighseeing', 'Torre Lamberti', 'Museo Conte', 'Museo Radio']",Castelvecchio,strategy_nearest,False,0.003981828689575195,success
0477DC429C4C80,3,"['Teatro Romano', 'Castelvecchio']",San Zeno,"['Verona Tour', 'Museo Lapidario', 'Arena', 'Museo Miniscalchi', 'Sighseeing']",Arena,strategy_nearest,True,0.0020411014556884766,success
0477D8429C4C80,0,['Arena'],Casa Giulietta,"['Centro Fotografia', 'Sighseeing', 'Torre Lamberti', 'Museo Conte', 'Museo Radio']",Castelvecchio,strategy_nearest,False,0.0034029483795166016,success
0477D03A9C4C80,1,['Arena'],Palazzo della Ragione,"['AMO', 'Museo Conte', 'Torre Lamberti', 'Centro Fotografia', 'Sighseeing']",Torre Lamberti,strategy_nearest,True,0.003787994384765625,success
0477EE3A9C4C80,1,"['Castelvecchio', 'Museo Lapidario', 'Arena', 'Casa Giulietta', 'Palazzo della Ragione']",Torre Lamberti,"['Sighseeing', 'Centro Fotografia', 'Museo Conte', 'AMO', 'Museo Miniscalchi']",Santa Anastasia,strategy_nearest,False,0.0025930404663085938,success
0477E93A9C4C80,2,['Torre Lamberti'],San Fermo,"['Museo Storia', 'Museo Radio', 'Casa Giulietta', 'Centro Fotografia', 'Arena']",Teatro Romano,strategy_nearest,False,0.0020301342010498047,success
0477E4429C4C80,0,"['Arena', 'Casa Giulietta']",San Fermo,"['Museo Storia', 'Museo Radio', 'Centro Fotografia', 'Sighseeing', 'Torre Lamberti']",Tomba Giulietta,strategy_nearest,False,0.0021948814392089844,success
0477E8429C4C80,0,"['Castelvecchio', 'San Zeno']",Arena,"['Verona Tour', 'Museo Lapidario', 'Museo Radio', 'San Fermo', 'Casa Giulietta']",San Fermo,strategy_nearest,True,0.003939151763916016,success
0477F04A9C4C80,1,"['Arena', 'Casa Giulietta']",Palazzo della Ragione,"['AMO', 'Museo Conte', 'Torre Lamberti', 'Centro Fotografia', 'Sighseeing']",Torre Lamberti,strategy_nearest,True,0.0016300678253173828,success
0477F9429C4C80,0,['Castelvecchio'],Arena,"['Verona Tour', 'Museo Lapidario', 'Museo Radio', 'San Fermo', 'Casa Giulietta']",Casa Giulietta,strategy_nearest,True,0.002202272415161133,success
0477FA429C4C80,1,"['Palazzo della Ragione', 'Casa Giulietta']",Tomba Giulietta,"['San Fermo', 'Museo Storia', 'Arena', 'Museo Lapidario', 'Museo Radio']",Arena,strategy_nearest,True,0.0028290748596191406,success
0477FD4A9C4C80,3,['Arena'],Santa Anastasia,"['AMO', 'Museo Conte', 'Palazzo della Ragione', 'Teatro Romano', 'Centro Fotografia']",Duomo,strategy_nearest,False,0.0033299922943115234,success
0478013A9C4C84,0,"['Museo Lapidario', 'San Fermo', 'Museo Storia']",Tomba Giulietta,"['Arena', 'Museo Radio', 'Verona Tour', 'Casa Giulietta', 'Castelvecchio']",Casa Giulietta,strategy_nearest,True,0.002277851104736328,success
0478044A9C4C84,2,['Santa Anastasia'],Duomo,"['AMO', 'Museo Miniscalchi', 'Teatro Romano', 'Palazzo della Ragione', 'Museo Conte']",Casa Giulietta,strategy_nearest,False,0.0019390583038330078,success
0478024A9C4C84,0,"['Duomo', 'Casa Giulietta']",Arena,"['Verona Tour', 'Museo Lapidario', 'Museo Radio', 'San Fermo', 'Sighseeing']",Tomba Giulietta,strategy_nearest,False,0.003284931182861328,success
0478084A9C4C84,1,"['Arena', 'Torre Lamberti']",Palazzo della Ragione,"['AMO', 'Museo Conte', 'Centro Fotografia', 'Sighseeing', 'Santa Anastasia']",Castelvecchio,strategy_nearest,False,0.003971099853515625,success
04780C4A9C4C80,2,"['Castelvecchio', 'Palazzo della Ragione']",Torre Lamberti,"['Sighseeing', 'Centro Fotografia', 'Museo Conte', 'Casa Giulietta', 'AMO']",San Fermo,strategy_nearest,False,0.0017011165618896484,success
04780B4A9C4C80,3,"['Casa Giulietta', 'Arena']",Tomba Giulietta,"['San Fermo', 'Museo Storia', 'Museo Lapidario', 'Museo Radio', 'Verona Tour']",Santa Anastasia,strategy_nearest,False,0.004057884216308594,success
04780D429C4C84,1,"['Arena', 'Duomo', 'Castelvecchio']",Museo Lapidario,"['Verona Tour', 'Museo Radio', 'San Fermo', 'Casa Giulietta', 'Tomba Giulietta']",Casa Giulietta,strategy_nearest,True,0.0032830238342285156,success
04780D4A9C4C80,0,['Torre Lamberti'],Casa Giulietta,"['Centro Fotografia', 'Sighseeing', 'Museo Conte', 'Museo Radio', 'Palazzo della Ragione']",San Fermo,strategy_nearest,False,0.002279996871948242,success
0478124A9C4C84,0,['Arena'],Casa Giulietta,"['Centro Fotografia', 'Sighseeing', 'Torre Lamberti', 'Museo Conte', 'Museo Radio']",Torre Lamberti,strategy_nearest,True,0.003068208694458008,success
047815429C4C84,0,"['Arena', 'San Fermo']",Casa Giulietta,"['Centro Fotografia', 'Sighseeing', 'Torre Lamberti', 'Museo Conte', 'Museo Radio']",Torre Lamberti,strategy_nearest,True,0.0034799575805664062,success
047819429C4C84,3,"['Arena', 'Santa Anastasia']",Teatro Romano,"['Duomo', 'AMO', 'Palazzo della Ragione', 'Museo Conte', 'Centro Fotografia']",Casa Giulietta,strategy_nearest,False,0.002992868423461914,success
047818429C4C84,1,"['Arena', 'Casa Giulietta', 'Palazzo della Ragione']",Torre Lamberti,"['Sighseeing', 'Centro Fotografia', 'Museo Conte', 'AMO', 'Museo Miniscalchi']",Santa Anastasia,strategy_nearest,False,0.0032470226287841797,success
0478174A9C4C80,3,"['Arena', 'Castelvecchio']",Santa Anastasia,"['AMO', 'Museo Conte', 'Palazzo della Ragione', 'Teatro Romano', 'Centro Fotografia']",Duomo,strategy_nearest,False,0.002655029296875,success
04781D429C4C84,3,"['Arena', 'Casa Giulietta', 'Torre Lamberti']",Santa Anastasia,"['AMO', 'Museo Conte', 'Palazzo della Ragione', 'Teatro Romano', 'Centro Fotografia']",Duomo,strategy_nearest,False,0.002716064453125,success
04781A3A9C4C80,3,"['San Fermo', 'Teatro Romano', 'Casa Giulietta']",Arena,"['Verona Tour', 'Museo Lapidario', 'Museo Radio', 'Sighseeing', 'Castelvecchio']",Torre Lamberti,strategy_nearest,False,0.0025701522827148438,success
0478243A9C4C84,3,"['San Zeno', 'Arena', 'Castelvecchio']",Torre Lamberti,"['Sighseeing', 'Centro Fotografia', 'Museo Conte', 'Casa Giulietta', 'Palazzo della Ragione']",Santa Anastasia,strategy_nearest,False,0.0021049976348876953,success
047824429C4C84,3,"['Museo Storia', 'Teatro Romano', 'Duomo', 'Santa Anastasia']",San Fermo,"['Museo Radio', 'Casa Giulietta', 'Centro Fotografia', 'Arena', 'Sighseeing']",Casa Giulietta,strategy_nearest,True,0.0031807422637939453,success
0478273A9C4C80,3,"['Casa Giulietta', 'Torre Lamberti', 'Santa Anastasia']",Duomo,"['AMO', 'Museo Miniscalchi', 'Teatro Romano', 'Palazzo della Ragione', 'Museo Conte']",San Fermo,strategy_nearest,False,0.002045869827270508,success
047828429C4C84,0,['Casa Giulietta'],Arena,"['Verona Tour', 'Museo Lapidario', 'Museo Radio', 'San Fermo', 'Sighseeing']",Tomba Giulietta,strategy_nearest,False,0.0026111602783203125,success
0478253A9C4C84,1,"['Duomo', 'Palazzo della Ragione']",Torre Lamberti,"['Sighseeing', 'Centro Fotografia', 'Museo Conte', 'Casa Giulietta', 'AMO']",Casa Giulietta,strategy_nearest,True,0.0038759708404541016,success
04782E3A9C4C80,0,['Arena'],Casa Giulietta,"['Centro Fotografia', 'Sighseeing', 'Torre Lamberti', 'Museo Conte', 'Museo Radio']",San Fermo,strategy_nearest,False,0.0014278888702392578,success
04783B3A9C4C80,2,"['San Zeno', 'Casa Giulietta']",San Fermo,"['Museo Storia', 'Museo Radio', 'Centro Fotografia', 'Arena', 'Sighseeing']",Duomo,strategy_nearest,False,0.0027539730072021484,success
047841429C4C80,3,"['Arena', 'Castelvecchio', 'San Zeno']",Tomba Giulietta,"['San Fermo', 'Museo Storia', 'Museo Lapidario', 'Museo Radio', 'Verona Tour']",San Fermo,strategy_nearest,True,0.003299713134765625,success
0478414A9C4C80,3,"['Arena', 'Torre Lamberti', 'San Fermo']",Santa Anastasia,"['AMO', 'Museo Conte', 'Palazzo della Ragione', 'Teatro Romano', 'Centro Fotografia']",Duomo,strategy_nearest,False,0.001344919204711914,success
04783B4A9C4C80,3,"['Arena', 'Casa Giulietta', 'Torre Lamberti']",Castelvecchio,"['Museo Lapidario', 'Verona Tour', 'Museo Radio', 'San Zeno', 'Sighseeing']",Museo Lapidario,strategy_nearest,True,0.0021331310272216797,success
047846429C4C80,2,"['San Zeno', 'Castelvecchio']",Torre Lamberti,"['Sighseeing', 'Centro Fotografia', 'Museo Conte', 'Casa Giulietta', 'Palazzo della Ragione']",Casa Giulietta,strategy_nearest,True,0.0027740001678466797,success
0478433A9C4C80,3,"['San Zeno', 'Castelvecchio', 'Casa Giulietta']",Arena,"['Verona Tour', 'Museo Lapidario', 'Museo Radio', 'San Fermo', 'Sighseeing']",Torre Lamberti,strategy_nearest,False,0.0033979415893554688,success
0478493A9C4C80,0,['Casa Giulietta'],Arena,"['Verona Tour', 'Museo Lapidario', 'Museo Radio', 'San Fermo', 'Sighseeing']",San Zeno,strategy_nearest,False,0.0021598339080810547,success
0478503A9C4C80,0,['Duomo'],Teatro Romano,"['Santa Anastasia', 'AMO', 'Palazzo della Ragione', 'Museo Conte', 'Centro Fotografia']",Arena,strategy_nearest,False,0.0013880729675292969,success
04786B429C4C80,1,"['Arena', 'Castelvecchio']",Torre Lamberti,"['Sighseeing', 'Centro Fotografia', 'Museo Conte', 'Casa Giulietta', 'Palazzo della Ragione']",Palazzo della Ragione,strategy_nearest,True,0.0014331340789794922,success
04787B4A9C4C80,3,['Casa Giulietta'],Arena,"['Verona Tour', 'Museo Lapidario', 'Museo Radio', 'San Fermo', 'Sighseeing']",Santa Anastasia,strategy_nearest,False,0.002012968063354492,success
0478524A9C4C80,3,['Arena'],Torre Lamberti,"['Sighseeing', 'Centro Fotografia', 'Museo Conte', 'Casa Giulietta', 'Palazzo della Ragione']",Casa Giulietta,strategy_nearest,True,0.002759218215942383,success
04786B3A9C4C80,3,"['Castelvecchio', 'Arena', 'Casa Giulietta']",Torre Lamberti,"['Sighseeing', 'Centro Fotografia', 'Museo Conte', 'Palazzo della Ragione', 'AMO']",Duomo,strategy_nearest,False,0.003434896469116211,success
04787D3A9C4C80,0,"['Castelvecchio', 'Arena']",Torre Lamberti,"['Sighseeing', 'Centro Fotografia', 'Museo Conte', 'Casa Giulietta', 'Palazzo della Ragione']",Teatro Romano,strategy_nearest,False,0.0017631053924560547,success
04787F3A9C4C80,0,"['San Fermo', 'Casa Giulietta']",Arena,"['Verona Tour', 'Museo Lapidario', 'Museo Radio', 'Sighseeing', 'Castelvecchio']",Tomba Giulietta,strategy_nearest,False,0.0027608871459960938,success
0478964A9C4C80,0,['Arena'],Casa Giulietta,"['Centro Fotografia', 'Sighseeing', 'Torre Lamberti', 'Museo Conte', 'Museo Radio']",Torre Lamberti,strategy_nearest,True,0.0027010440826416016,success
04788E3A9C4C80,1,"['Arena', 'Casa Giulietta']",Palazzo della Ragione,"['AMO', 'Museo Conte', 'Torre Lamberti', 'Centro Fotografia', 'Sighseeing']",Teatro Romano,strategy_nearest,False,0.0033330917358398438,success
047898429C4C80,3,"['Castelvecchio', 'Arena']",Casa Giulietta,"['Centro Fotografia', 'Sighseeing', 'Torre Lamberti', 'Museo Conte', 'Museo Radio']",San Fermo,strategy_nearest,False,0.002891063690185547,success
04789D4A9C4C80,0,['Arena'],Castelvecchio,"['Museo Lapidario', 'Verona Tour', 'Museo Radio', 'San Zeno', 'Sighseeing']",Casa Giulietta,strategy_nearest,False,0.002593994140625,success
04789A429C4C80,2,"['Casa Giulietta', 'Torre Lamberti']",Palazzo della Ragione,"['AMO', 'Museo Conte', 'Centro Fotografia', 'Sighseeing', 'Santa Anastasia']",San Zeno,strategy_nearest,False,0.0035219192504882812,success
0478A04A9C4C80,1,"['Arena', 'Castelvecchio']",Casa Giulietta,"['Centro Fotografia', 'Sighseeing', 'Torre Lamberti', 'Museo Conte', 'Museo Radio']",Torre Lamberti,strategy_nearest,True,0.003081083297729492,success
04789A4A9C4C80,3,"['Duomo', 'Santa Anastasia']",Casa Giulietta,"['Centro Fotografia', 'Sighseeing', 'Torre Lamberti', 'Museo Conte', 'Museo Radio']",Arena,strategy_nearest,False,0.0034329891204833984,success
0478A2429C4C80,1,"['Casa Giulietta', 'Palazzo della Ragione']",Santa Anastasia,"['AMO', 'Museo Conte', 'Teatro Romano', 'Centro Fotografia', 'Duomo']",Duomo,strategy_nearest,True,0.002279043197631836,success
0478A5429C4C80,0,['Torre Lamberti'],Duomo,"['AMO', 'Museo Miniscalchi', 'Santa Anastasia', 'Teatro Romano', 'Palazzo della Ragione']",Castelvecchio,strategy_nearest,False,0.0027251243591308594,success
0478A34A9C4C80,0,"['Castelvecchio', 'Casa Giulietta']",Teatro Romano,"['Santa Anastasia', 'Duomo', 'AMO', 'Palazzo della Ragione', 'Museo Conte']",Arena,strategy_nearest,False,0.004563093185424805,success
0478B14A9C4C80,0,"['Castelvecchio', 'Torre Lamberti']",Arena,"['Verona Tour', 'Museo Lapidario', 'Museo Radio', 'San Fermo', 'Casa Giulietta']",Casa Giulietta,strategy_nearest,True,0.002009153366088867,success
0478B4429C4C80,0,['Arena'],Casa Giulietta,"['Centro Fotografia', 'Sighseeing', 'Torre Lamberti', 'Museo Conte', 'Museo Radio']",Teatro Romano,strategy_nearest,False,0.0016131401062011719,success
0478B43A9C4C80,3,"['Arena', 'Casa Giulietta', 'Torre Lamberti']",Duomo,"['AMO', 'Museo Miniscalchi', 'Santa Anastasia', 'Teatro Romano', 'Palazzo della Ragione']",San Fermo,strategy_nearest,False,0.004029273986816406,success
0478CA3A9C4C80,3,"['Torre Lamberti', 'Santa Anastasia']",Casa Giulietta,"['Centro Fotografia', 'Sighseeing', 'Museo Conte', 'Museo Radio', 'Palazzo della Ragione']",Arena,strategy_nearest,False,0.002638101577758789,success
0478BC4A9C4C80,1,"['Arena', 'Palazzo della Ragione']",Torre Lamberti,"['Sighseeing', 'Centro Fotografia', 'Museo Conte', 'Casa Giulietta', 'AMO']",Casa Giulietta,strategy_nearest,True,0.0034401416778564453,success
0478D03A9C4C80,1,['Palazzo della Ragione'],Torre Lamberti,"['Sighseeing', 'Centro Fotografia', 'Museo Conte', 'Casa Giulietta', 'AMO']",Arena,strategy_nearest,False,0.002794981002807617,success
0478D7429C4C80,0,['Arena'],Casa Giulietta,"['Centro Fotografia', 'Sighseeing', 'Torre Lamberti', 'Museo Conte', 'Museo Radio']",Castelvecchio,strategy_nearest,False,0.0014047622680664062,success
0478CF4A9C4C80,2,['Castelvecchio'],Casa Giulietta,"['Centro Fotografia', 'Sighseeing', 'Torre Lamberti', 'Museo Conte', 'Museo Radio']",Museo Lapidario,strategy_nearest,False,0.0034911632537841797,success
0478DA3A9C4C80,1,"['Casa Giulietta', 'San Fermo', 'Duomo']",Torre Lamberti,"['Sighseeing', 'Centro Fotografia', 'Museo Conte', 'Palazzo della Ragione', 'AMO']",Palazzo della Ragione,strategy_nearest,True,0.0032608509063720703,success
0478F34A9C4C80,2,"['Casa Giulietta', 'San Fermo']",Tomba Giulietta,"['Museo Storia', 'Arena', 'Museo Lapidario', 'Museo Radio', 'Verona Tour']",Santa Anastasia,strategy_nearest,False,0.00189971923828125,success
0478EE3A9C4C80,0,['Castelvecchio'],Arena,"['Verona Tour', 'Museo Lapidario', 'Museo Radio', 'San Fermo', 'Casa Giulietta']",Casa Giulietta,strategy_nearest,True,0.003915071487426758,success
0478EF4A9C4C80,0,['Arena'],Casa Giulietta,"['Centro Fotografia', 'Sighseeing', 'Torre Lamberti', 'Museo Conte', 'Museo Radio']",Tomba Giulietta,strategy_nearest,False,0.001911163330078125,success
0478F6429C4C80,1,"['Arena', 'Castelvecchio']",Torre Lamberti,"['Sighseeing', 'Centro Fotografia', 'Museo Conte', 'Casa Giulietta', 'Palazzo della Ragione']",Palazzo della Ragione,strategy_nearest,True,0.0032880306243896484,success
0478F94A9C4C80,0,['Arena'],Casa Giulietta,"['Centro Fotografia', 'Sighseeing', 'Torre Lamberti', 'Museo Conte', 'Museo Radio']",Torre Lamberti,strategy_nearest,True,0.0015752315521240234,success
0478FD3A9C4C80,3,"['Castelvecchio', 'Arena']",Santa Anastasia,"['AMO', 'Museo Conte', 'Palazzo della Ragione', 'Teatro Romano', 'Centro Fotografia']",Duomo,strategy_nearest,False,0.0019447803497314453,success
0478FC429C4C80,3,"['Arena', 'Casa Giulietta']",Santa Anastasia,"['AMO', 'Museo Conte', 'Palazzo della Ragione', 'Teatro Romano', 'Centro Fotografia']",Castelvecchio,strategy_nearest,False,0.0033919811248779297,success
0479054A9C4C84,1,"['Arena', 'Palazzo della Ragione', 'Torre Lamberti']",Casa Giulietta,"['Centro Fotografia', 'Sighseeing', 'Museo Conte', 'Museo Radio', 'San Fermo']",Castelvecchio,strategy_nearest,False,0.003046751022338867,success
0478FE4A9C4C80,3,"['Arena', 'Teatro Romano']",Duomo,"['AMO', 'Museo Miniscalchi', 'Santa Anastasia', 'Palazzo della Ragione', 'Museo Conte']",San Fermo,strategy_nearest,False,0.0032291412353515625,success
0479114A9C4C84,3,"['Arena', 'Casa Giulietta']",Santa Anastasia,"['AMO', 'Museo Conte', 'Palazzo della Ragione', 'Teatro Romano', 'Centro Fotografia']",San Fermo,strategy_nearest,False,0.0023660659790039062,success
0479194A9C4C80,1,"['Casa Giulietta', 'San Fermo', 'Castelvecchio']",Arena,"['Verona Tour', 'Museo Lapidario', 'Museo Radio', 'Sighseeing', 'Torre Lamberti']",Palazzo della Ragione,strategy_nearest,False,0.0021958351135253906,success
0479144A9C4C80,3,"['Arena', 'Museo Lapidario', 'San Fermo', 'Casa Giulietta']",Santa Anastasia,"['AMO', 'Museo Conte', 'Palazzo della Ragione', 'Teatro Romano', 'Centro Fotografia']",Torre Lamberti,strategy_nearest,False,0.003529071807861328,success
04791C429C4C84,0,"['Arena', 'Casa Giulietta']",Torre Lamberti,"['Sighseeing', 'Centro Fotografia', 'Museo Conte', 'Palazzo della Ragione', 'AMO']",Teatro Romano,strategy_nearest,False,0.002429962158203125,success
04791C3A9C4C80,3,"['Arena', 'Castelvecchio', 'San Zeno']",Duomo,"['AMO', 'Museo Miniscalchi', 'Santa Anastasia', 'Teatro Romano', 'Palazzo della Ragione']",Teatro Romano,strategy_nearest,True,0.003981828689575195,success
04792A429C4C80,2,"['Casa Giulietta', 'Palazzo della Ragione']",Santa Anastasia,"['AMO', 'Museo Conte', 'Teatro Romano', 'Centro Fotografia', 'Duomo']",Tomba Giulietta,strategy_nearest,False,0.002193927764892578,success
047946429C4C80,1,['Arena'],Casa Giulietta,"['Centro Fotografia', 'Sighseeing', 'Torre Lamberti', 'Museo Conte', 'Museo Radio']",Torre Lamberti,strategy_nearest,True,0.0027320384979248047,success
04792F429C4C80,3,"['Arena', 'Casa Giulietta', 'Torre Lamberti']",Santa Anastasia,"['AMO', 'Museo Conte', 'Palazzo della Ragione', 'Teatro Romano', 'Centro Fotografia']",Duomo,strategy_nearest,False,0.0033409595489501953,success
047926429C4C84,3,"['Giardino Giusti', 'Duomo', 'Santa Anastasia']",Torre Lamberti,"['Sighseeing', 'Centro Fotografia', 'Museo Conte', 'Casa Giulietta', 'Palazzo della Ragione']",Casa Giulietta,strategy_nearest,True,0.0034139156341552734,success
0479653A9C4C80,3,"['Arena', 'Museo Lapidario', 'Tomba Giulietta', 'San Fermo', 'Museo Storia']",Casa Giulietta,"['Centro Fotografia', 'Sighseeing', 'Torre Lamberti', 'Museo Conte', 'Museo Radio']",Teatro Romano,strategy_nearest,False,0.0015761852264404297,success
04794A3A9C4C80,3,['Teatro Romano'],Santa Anastasia,"['AMO', 'Museo Conte', 'Palazzo della Ragione', 'Centro Fotografia', 'Duomo']",Torre Lamberti,strategy_nearest,False,0.002240896224975586,success
04794D3A9C4C80,0,['San Zeno'],Casa Giulietta,"['Centro Fotografia', 'Sighseeing', 'Torre Lamberti', 'Museo Conte', 'Museo Radio']",Arena,strategy_nearest,False,0.002808094024658203,success
04796C429C4C80,0,['Tomba Giulietta'],Arena,"['Verona Tour', 'Museo Lapidario', 'Museo Radio', 'San Fermo', 'Casa Giulietta']",Casa Giulietta,strategy_nearest,True,0.0033578872680664062,success
047975429C4C80,2,['Castelvecchio'],Casa Giulietta,"['Centro Fotografia', 'Sighseeing', 'Torre Lamberti', 'Museo Conte', 'Museo Radio']",Santa Anastasia,strategy_nearest,False,0.002727985382080078,success
0479764A9C4C80,3,['Arena'],Casa Giulietta,"['Centro Fotografia', 'Sighseeing', 'Torre Lamberti', 'Museo Conte', 'Museo Radio']",Torre Lamberti,strategy_nearest,True,0.001519918441772461,success
0479774A9C4C80,3,"['Santa Anastasia', 'Duomo']",Torre Lamberti,"['Sighseeing', 'Centro Fotografia', 'Museo Conte', 'Casa Giulietta', 'Palazzo della Ragione']",Casa Giulietta,strategy_nearest,True,0.0031838417053222656,success
04796D3A9C4C80,1,"['Casa Giulietta', 'Palazzo della Ragione']",Arena,"['Verona Tour', 'Museo Lapidario', 'Museo Radio', 'San Fermo', 'Sighseeing']",Teatro Romano,strategy_nearest,False,0.0033521652221679688,success
04798A429C4C80,0,['Arena'],Casa Giulietta,"['Centro Fotografia', 'Sighseeing', 'Torre Lamberti', 'Museo Conte', 'Museo Radio']",Torre Lamberti,strategy_nearest,True,0.0021152496337890625,success
0479803A9C4C80,2,"['Casa Giulietta', 'Santa Anastasia']",Duomo,"['AMO', 'Museo Miniscalchi', 'Teatro Romano', 'Palazzo della Ragione', 'Museo Conte']",Teatro Romano,strategy_nearest,True,0.0027730464935302734,success
0479904A9C4C80,0,['Arena'],Torre Lamberti,"['Sighseeing', 'Centro Fotografia', 'Museo Conte', 'Casa Giulietta', 'Palazzo della Ragione']",Casa Giulietta,strategy_nearest,True,0.0014140605926513672,success
04799A429C4C80,0,['Casa Giulietta'],Duomo,"['AMO', 'Museo Miniscalchi', 'Santa Anastasia', 'Teatro Romano', 'Palazzo della Ragione']",Torre Lamberti,strategy_nearest,False,0.0032210350036621094,success
0479B44A9C4C80,1,"['Arena', 'Casa Giulietta', 'Torre Lamberti']",Palazzo della Ragione,"['AMO', 'Museo Conte', 'Centro Fotografia', 'Sighseeing', 'Santa Anastasia']",Santa Anastasia,strategy_nearest,True,0.0019812583923339844,success
0479B24A9C4C80,0,['Arena'],Casa Giulietta,"['Centro Fotografia', 'Sighseeing', 'Torre Lamberti', 'Museo Conte', 'Museo Radio']",Tomba Giulietta,strategy_nearest,False,0.0014619827270507812,success
04799F429C4C80,0,['Castelvecchio'],Casa Giulietta,"['Centro Fotografia', 'Sighseeing', 'Torre Lamberti', 'Museo Conte', 'Museo Radio']",Arena,strategy_nearest,False,0.003261089324951172,success
04799E429C4C80,3,"['Castelvecchio', 'Arena']",Casa Giulietta,"['Centro Fotografia', 'Sighseeing', 'Torre Lamberti', 'Museo Conte', 'Museo Radio']",Santa Anastasia,strategy_nearest,False,0.0032939910888671875,success
0479D14A9C4C80,3,"['Arena', 'Casa Giulietta']",Santa Anastasia,"['AMO', 'Museo Conte', 'Palazzo della Ragione', 'Teatro Romano', 'Centro Fotografia']",San Fermo,strategy_nearest,False,0.002112150192260742,success
0479C1429C4C80,1,['Arena'],Palazzo della Ragione,"['AMO', 'Museo Conte', 'Torre Lamberti', 'Centro Fotografia', 'Sighseeing']",Casa Giulietta,strategy_nearest,False,0.0027930736541748047,success
0479CF4A9C4C80,3,"['Castelvecchio', 'Arena']",Casa Giulietta,"['Centro Fotografia', 'Sighseeing', 'Torre Lamberti', 'Museo Conte', 'Museo Radio']",Santa Anastasia,strategy_nearest,False,0.0015881061553955078,success
0479B64A9C4C80,1,['Castelvecchio'],Palazzo della Ragione,"['AMO', 'Museo Conte', 'Torre Lamberti', 'Centro Fotografia', 'Sighseeing']",Arena,strategy_nearest,False,0.003416776657104492,success
0479D63A9C4C80,3,"['Arena', 'Tomba Giulietta', 'San Zeno']",Santa Anastasia,"['AMO', 'Museo Conte', 'Palazzo della Ragione', 'Teatro Romano', 'Centro Fotografia']",Torre Lamberti,strategy_nearest,False,0.003325939178466797,success
0479D83A9C4C80,1,['Torre Lamberti'],Casa Giulietta,"['Centro Fotografia', 'Sighseeing', 'Museo Conte', 'Museo Radio', 'Palazzo della Ragione']",Palazzo della Ragione,strategy_nearest,True,0.00202178955078125,success
0479D24A9C4C80,0,['Arena'],Torre Lamberti,"['Sighseeing', 'Centro Fotografia', 'Museo Conte', 'Casa Giulietta', 'Palazzo della Ragione']",Duomo,strategy_nearest,False,0.001589059829711914,success
0479D3429C4C80,0,"['Arena', 'Castelvecchio']",Casa Giulietta,"['Centro Fotografia', 'Sighseeing', 'Torre Lamberti', 'Museo Conte', 'Museo Radio']",Tomba Giulietta,strategy_nearest,False,0.0027687549591064453,success
0479E7429C4C80,0,"['Arena', 'Casa Giulietta']",San Fermo,"['Museo Storia', 'Museo Radio', 'Centro Fotografia', 'Sighseeing', 'Torre Lamberti']",Tomba Giulietta,strategy_nearest,False,0.0020470619201660156,success
0479D8429C4C80,0,"['Arena', 'Casa Giulietta', 'Torre Lamberti']",Arena,"['Verona Tour', 'Museo Lapidario', 'Museo Radio', 'San Fermo', 'Sighseeing']",Tomba Giulietta,strategy_nearest,False,0.0014820098876953125,success
0479E8429C4C80,4,"['Museo Lapidario', 'Castelvecchio', 'Museo Radio', 'Tomba Giulietta', 'Museo Storia']",Casa Giulietta,"['Centro Fotografia', 'Sighseeing', 'Torre Lamberti', 'Museo Conte', 'Palazzo della Ragione']",Torre Lamberti,strategy_nearest,True,0.0027158260345458984,success
0479F13A9C4C80,3,['Arena'],Casa Giulietta,"['Centro Fotografia', 'Sighseeing', 'Torre Lamberti', 'Museo Conte', 'Museo Radio']",Santa Anastasia,strategy_nearest,False,0.0032682418823242188,success
0479F24A9C4C80,0,['Arena'],Casa Giulietta,"['Centro Fotografia', 'Sighseeing', 'Torre Lamberti', 'Museo Conte', 'Museo Radio']",Duomo,strategy_nearest,False,0.003492116928100586,success
0479FE4A9C4C80,1,"['Arena', 'San Fermo', 'Casa Giulietta', 'Palazzo della Ragione']",Torre Lamberti,"['Sighseeing', 'Centro Fotografia', 'Museo Conte', 'AMO', 'Museo Miniscalchi']",Santa Anastasia,strategy_nearest,False,0.0014257431030273438,success
0479F3429C4C80,0,['Arena'],Casa Giulietta,"['Centro Fotografia', 'Sighseeing', 'Torre Lamberti', 'Museo Conte', 'Museo Radio']",Teatro Romano,strategy_nearest,False,0.002814054489135742,success
0479F7429C4C80,1,"['Museo Lapidario', 'Arena']",Castelvecchio,"['Verona Tour', 'Museo Radio', 'San Zeno', 'Sighseeing', 'Museo Miniscalchi']",Palazzo della Ragione,strategy_nearest,False,0.003339052200317383,success
047A0A4A9C4C84,1,"['Arena', 'Casa Giulietta', 'Castelvecchio']",Torre Lamberti,"['Sighseeing', 'Centro Fotografia', 'Museo Conte', 'Palazzo della Ragione', 'AMO']",Palazzo della Ragione,strategy_nearest,True,0.0022268295288085938,success
047A054A9C4C84,0,['Arena'],Casa Giulietta,"['Centro Fotografia', 'Sighseeing', 'Torre Lamberti', 'Museo Conte', 'Museo Radio']",Castelvecchio,strategy_nearest,False,0.0041773319244384766,success
047A014A9C4C84,1,"['Arena', 'Castelvecchio', 'Tomba Giulietta']",Casa Giulietta,"['Centro Fotografia', 'Sighseeing', 'Torre Lamberti', 'Museo Conte', 'Museo Radio']",Palazzo della Ragione,strategy_nearest,False,0.002888917922973633,success
047A0B4A9C4C84,1,"['Arena', 'Palazzo della Ragione']",Torre Lamberti,"['Sighseeing', 'Centro Fotografia', 'Museo Conte', 'Casa Giulietta', 'AMO']",Casa Giulietta,strategy_nearest,True,0.0027430057525634766,success
047A0C4A9C4C84,2,"['Castelvecchio', 'Casa Giulietta']",Duomo,"['AMO', 'Museo Miniscalchi', 'Santa Anastasia', 'Teatro Romano', 'Palazzo della Ragione']",Teatro Romano,strategy_nearest,True,0.0023779869079589844,success
047A104A9C4C84,3,"['Arena', 'Casa Giulietta']",Santa Anastasia,"['AMO', 'Museo Conte', 'Palazzo della Ragione', 'Teatro Romano', 'Centro Fotografia']",Duomo,strategy_nearest,False,0.0019872188568115234,success
047A143A9C4C84,1,"['Museo Lapidario', 'Arena', 'Casa Giulietta']",Palazzo della Ragione,"['AMO', 'Museo Conte', 'Torre Lamberti', 'Centro Fotografia', 'Sighseeing']",Santa Anastasia,strategy_nearest,False,0.0027370452880859375,success
047A1E3A9C4C80,0,['San Zeno'],Casa Giulietta,"['Centro Fotografia', 'Sighseeing', 'Torre Lamberti', 'Museo Conte', 'Museo Radio']",Arena,strategy_nearest,False,0.003217935562133789,success
047A20429C4C80,0,['Arena'],Casa Giulietta,"['Centro Fotografia', 'Sighseeing', 'Torre Lamberti', 'Museo Conte', 'Museo Radio']",Torre Lamberti,strategy_nearest,True,0.003225088119506836,success
047A243A9C4C84,0,"['Arena', 'Casa Giulietta']",Torre Lamberti,"['Sighseeing', 'Centro Fotografia', 'Museo Conte', 'Palazzo della Ragione', 'AMO']",Castelvecchio,strategy_nearest,False,0.0024619102478027344,success
047A2B4A9C4C80,1,"['Museo Storia', 'Museo Lapidario', 'Castelvecchio', 'Casa Giulietta']",Palazzo della Ragione,"['AMO', 'Museo Conte', 'Torre Lamberti', 'Centro Fotografia', 'Sighseeing']",Torre Lamberti,strategy_nearest,True,0.0023651123046875,success
047A26429C4C84,1,"['Arena', 'Casa Giulietta', 'Castelvecchio']",Santa Anastasia,"['AMO', 'Museo Conte', 'Palazzo della Ragione', 'Teatro Romano', 'Centro Fotografia']",Duomo,strategy_nearest,False,0.003165006637573242,success
047A2C3A9C4C80,0,['Arena'],Casa Giulietta,"['Centro Fotografia', 'Sighseeing', 'Torre Lamberti', 'Museo Conte', 'Museo Radio']",Castelvecchio,strategy_nearest,False,0.0024712085723876953,success
047A2F429C4C80,2,"['Casa Giulietta', 'Tomba Giulietta']",Torre Lamberti,"['Sighseeing', 'Centro Fotografia', 'Museo Conte', 'Palazzo della Ragione', 'AMO']",Palazzo della Ragione,strategy_nearest,True,0.0030362606048583984,success
047A333A9C4C80,3,"['Arena', 'Santa Anastasia', 'Duomo']",Casa Giulietta,"['Centro Fotografia', 'Sighseeing', 'Torre Lamberti', 'Museo Conte', 'Museo Radio']",Castelvecchio,strategy_nearest,False,0.0025739669799804688,success
047A3B3A9C4C80,3,"['San Zeno', 'Duomo']",Castelvecchio,"['Museo Lapidario', 'Verona Tour', 'Arena', 'Museo Radio', 'Sighseeing']",Arena,strategy_nearest,True,0.0027780532836914062,success
047A52429C4C80,0,"['Tomba Giulietta', 'Arena']",Castelvecchio,"['Museo Lapidario', 'Verona Tour', 'Museo Radio', 'San Zeno', 'Sighseeing']",Casa Giulietta,strategy_nearest,False,0.002460002899169922,success
047A4F3A9C4C80,3,"['San Fermo', 'Santa Anastasia']",Arena,"['Verona Tour', 'Museo Lapidario', 'Museo Radio', 'Casa Giulietta', 'Sighseeing']",Museo Lapidario,strategy_nearest,True,0.003330230712890625,success
047A584A9C4C80,3,"['Arena', 'San Fermo']",Casa Giulietta,"['Centro Fotografia', 'Sighseeing', 'Torre Lamberti', 'Museo Conte', 'Museo Radio']",Torre Lamberti,strategy_nearest,True,0.0031380653381347656,success
047A66429C4C80,1,"['Casa Giulietta', 'Torre Lamberti']",Palazzo della Ragione,"['AMO', 'Museo Conte', 'Centro Fotografia', 'Sighseeing', 'Santa Anastasia']",Santa Anastasia,strategy_nearest,True,0.003408193588256836,success
047A6C3A9C4C80,3,"['Castelvecchio', 'Duomo', 'San Zeno']",Teatro Romano,"['Santa Anastasia', 'AMO', 'Palazzo della Ragione', 'Museo Conte', 'Centro Fotografia']",Arena,strategy_nearest,False,0.0021638870239257812,success
047A84429C4C80,1,"['Arena', 'Casa Giulietta']",Palazzo della Ragione,"['AMO', 'Museo Conte', 'Torre Lamberti', 'Centro Fotografia', 'Sighseeing']",Torre Lamberti,strategy_nearest,True,0.003367900848388672,success
047A8F4A9C4C80,0,['Castelvecchio'],Arena,"['Verona Tour', 'Museo Lapidario', 'Museo Radio', 'San Fermo', 'Casa Giulietta']",Casa Giulietta,strategy_nearest,True,0.002835988998413086,success
047AB13A9C4C80,0,['Arena'],Giardino Giusti,"['Santa Anastasia', 'Teatro Romano', 'Museo Conte', 'Centro Fotografia', 'Museo Storia']",Teatro Romano,strategy_nearest,True,0.002537965774536133,success
047A9D429C4C80,1,"['Casa Giulietta', 'Palazzo della Ragione']",San Fermo,"['Museo Storia', 'Museo Radio', 'Centro Fotografia', 'Arena', 'Sighseeing']",Tomba Giulietta,strategy_nearest,False,0.004086017608642578,success
047A91429C4C80,2,['Castelvecchio'],Duomo,"['AMO', 'Museo Miniscalchi', 'Santa Anastasia', 'Teatro Romano', 'Palazzo della Ragione']",Torre Lamberti,strategy_nearest,False,0.0028460025787353516,success
047AA34A9C4C80,2,['Casa Giulietta'],Torre Lamberti,"['Sighseeing', 'Centro Fotografia', 'Museo Conte', 'Palazzo della Ragione', 'AMO']",Teatro Romano,strategy_nearest,False,0.002733945846557617,success
047AB23A9C4C80,0,['Arena'],Casa Giulietta,"['Centro Fotografia', 'Sighseeing', 'Torre Lamberti', 'Museo Conte', 'Museo Radio']",Santa Anastasia,strategy_nearest,False,0.002810955047607422,success
047AB63A9C4C80,0,['Arena'],Casa Giulietta,"['Centro Fotografia', 'Sighseeing', 'Torre Lamberti', 'Museo Conte', 'Museo Radio']",Torre Lamberti,strategy_nearest,True,0.001377105712890625,success
047AB44A9C4C80,0,['Arena'],Casa Giulietta,"['Centro Fotografia', 'Sighseeing', 'Torre Lamberti', 'Museo Conte', 'Museo Radio']",Torre Lamberti,strategy_nearest,True,0.0021660327911376953,success
047AB14A9C4C80,1,"['Arena', 'Castelvecchio', 'Torre Lamberti']",Palazzo della Ragione,"['AMO', 'Museo Conte', 'Centro Fotografia', 'Sighseeing', 'Santa Anastasia']",Casa Giulietta,strategy_nearest,False,0.0035648345947265625,success
047AB6429C4C80,0,"['Arena', 'Casa Giulietta']",Torre Lamberti,"['Sighseeing', 'Centro Fotografia', 'Museo Conte', 'Palazzo della Ragione', 'AMO']",Duomo,strategy_nearest,False,0.002002239227294922,success
047ABD4A9C4C80,3,"['Arena', 'Casa Giulietta', 'Santa Anastasia']",Duomo,"['AMO', 'Museo Miniscalchi', 'Teatro Romano', 'Palazzo della Ragione', 'Museo Conte']",Teatro Romano,strategy_nearest,True,0.0025720596313476562,success
047AC14A9C4C80,2,['Santa Anastasia'],Teatro Romano,"['Duomo', 'AMO', 'Palazzo della Ragione', 'Museo Conte', 'Centro Fotografia']",San Zeno,strategy_nearest,False,0.003120899200439453,success
047AC33A9C4C80,1,"['Arena', 'Museo Lapidario', 'Castelvecchio']",Torre Lamberti,"['Sighseeing', 'Centro Fotografia', 'Museo Conte', 'Casa Giulietta', 'Palazzo della Ragione']",Torre Lamberti,strategy_nearest,False,0.0032930374145507812,success
047ACA4A9C4C80,0,"['Arena', 'Castelvecchio']",Torre Lamberti,"['Sighseeing', 'Centro Fotografia', 'Museo Conte', 'Casa Giulietta', 'Palazzo della Ragione']",Casa Giulietta,strategy_nearest,True,0.002749919891357422,success
047AC34A9C4C80,3,['Castelvecchio'],Arena,"['Verona Tour', 'Museo Lapidario', 'Museo Radio', 'San Fermo', 'Casa Giulietta']",Santa Anastasia,strategy_nearest,False,0.002077817916870117,success
047ACE3A9C4C80,0,['Casa Giulietta'],Arena,"['Verona Tour', 'Museo Lapidario', 'Museo Radio', 'San Fermo', 'Sighseeing']",Castelvecchio,strategy_nearest,False,0.003323078155517578,success
047ACC3A9C4C80,1,"['Palazzo della Ragione', 'Torre Lamberti']",Casa Giulietta,"['Centro Fotografia', 'Sighseeing', 'Museo Conte', 'Museo Radio', 'San Fermo']",Arena,strategy_nearest,False,0.0027163028717041016,success
047ACF4A9C4C80,1,"['Arena', 'Museo Lapidario', 'Castelvecchio', 'San Zeno']",Santa Anastasia,"['AMO', 'Museo Conte', 'Palazzo della Ragione', 'Teatro Romano', 'Centro Fotografia']",Duomo,strategy_nearest,False,0.002435922622680664,success
047AD14A9C4C80,3,"['Arena', 'Torre Lamberti', 'Casa Giulietta']",Tomba Giulietta,"['San Fermo', 'Museo Storia', 'Museo Lapidario', 'Museo Radio', 'Verona Tour']",Santa Anastasia,strategy_nearest,False,0.003253936767578125,success
047AD13A9C4C80,3,"['San Zeno', 'Castelvecchio']",Arena,"['Verona Tour', 'Museo Lapidario', 'Museo Radio', 'San Fermo', 'Casa Giulietta']",Tomba Giulietta,strategy_nearest,False,0.0033981800079345703,success
047AD24A9C4C80,0,['Arena'],San Fermo,"['Museo Storia', 'Museo Radio', 'Casa Giulietta', 'Centro Fotografia', 'Sighseeing']",Casa Giulietta,strategy_nearest,True,0.0018689632415771484,success
047AE13A9C4C80,0,"['Casa Giulietta', 'Tomba Giulietta']",Arena,"['Verona Tour', 'Museo Lapidario', 'Museo Radio', 'San Fermo', 'Sighseeing']",Teatro Romano,strategy_nearest,False,0.0013968944549560547,success
047ADF429C4C80,3,"['Arena', 'Torre Lamberti', 'Casa Giulietta']",Tomba Giulietta,"['San Fermo', 'Museo Storia', 'Museo Lapidario', 'Museo Radio', 'Verona Tour']",Santa Anastasia,strategy_nearest,False,0.0026450157165527344,success
047ADA429C4C80,1,"['Torre Lamberti', 'Duomo', 'Arena']",Teatro Romano,"['Santa Anastasia', 'AMO', 'Palazzo della Ragione', 'Museo Conte', 'Centro Fotografia']",Palazzo della Ragione,strategy_nearest,True,0.0032889842987060547,success
047AD3429C4C80,0,['Arena'],Castelvecchio,"['Museo Lapidario', 'Verona Tour', 'Museo Radio', 'San Zeno', 'Sighseeing']",Teatro Romano,strategy_nearest,False,0.003907680511474609,success
047AEF4A9C4C80,0,['Arena'],Casa Giulietta,"['Centro Fotografia', 'Sighseeing', 'Torre Lamberti', 'Museo Conte', 'Museo Radio']",Arena,strategy_nearest,False,0.0018160343170166016,success
047AEA429C4C80,3,"['Arena', 'Casa Giulietta', 'Santa Anastasia']",Duomo,"['AMO', 'Museo Miniscalchi', 'Teatro Romano', 'Palazzo della Ragione', 'Museo Conte']",Teatro Romano,strategy_nearest,True,0.0033311843872070312,success
047AF2429C4C80,1,"['Museo Lapidario', 'Arena', 'San Fermo']",Casa Giulietta,"['Centro Fotografia', 'Sighseeing', 'Torre Lamberti', 'Museo Conte', 'Museo Radio']",Palazzo della Ragione,strategy_nearest,False,0.0026891231536865234,success
047AF54A9C4C80,3,['Arena'],Casa Giulietta,"['Centro Fotografia', 'Sighseeing', 'Torre Lamberti', 'Museo Conte', 'Museo Radio']",Santa Anastasia,strategy_nearest,False,0.0032548904418945312,success
047AFA429C4C80,1,"['Arena', 'Casa Giulietta', 'Torre Lamberti']",Palazzo della Ragione,"['AMO', 'Museo Conte', 'Centro Fotografia', 'Sighseeing', 'Santa Anastasia']",Santa Anastasia,strategy_nearest,True,0.002627134323120117,success
047AF74A9C4C80,0,['Tomba Giulietta'],Arena,"['Verona Tour', 'Museo Lapidario', 'Museo Radio', 'San Fermo', 'Casa Giulietta']",Casa Giulietta,strategy_nearest,True,0.0028009414672851562,success
047AF94A9C4C80,3,"['Castelvecchio', 'Arena']",Torre Lamberti,"['Sighseeing', 'Centro Fotografia', 'Museo Conte', 'Casa Giulietta', 'Palazzo della Ragione']",Santa Anastasia,strategy_nearest,False,0.0015499591827392578,success
047AF64A9C4C80,1,"['Arena', 'Casa Giulietta']",Torre Lamberti,"['Sighseeing', 'Centro Fotografia', 'Museo Conte', 'Palazzo della Ragione', 'AMO']",Palazzo della Ragione,strategy_nearest,True,0.004698991775512695,success
047B0C4A9C4C84,1,"['Duomo', 'Arena', 'Torre Lamberti']",Palazzo della Ragione,"['AMO', 'Museo Conte', 'Centro Fotografia', 'Sighseeing', 'Santa Anastasia']",Casa Giulietta,strategy_nearest,False,0.0020477771759033203,success
047B0B4A9C4C84,1,['Arena'],Casa Giulietta,"['Centro Fotografia', 'Sighseeing', 'Torre Lamberti', 'Museo Conte', 'Museo Radio']",Palazzo della Ragione,strategy_nearest,False,0.002752065658569336,success
047B00429C4C84,0,['Arena'],Casa Giulietta,"['Centro Fotografia', 'Sighseeing', 'Torre Lamberti', 'Museo Conte', 'Museo Radio']",Castelvecchio,strategy_nearest,False,0.0022089481353759766,success
047B0A4A9C4C84,0,"['Arena', 'Castelvecchio']",Teatro Romano,"['Santa Anastasia', 'Duomo', 'AMO', 'Palazzo della Ragione', 'Museo Conte']",Duomo,strategy_nearest,True,0.00409698486328125,success
047B104A9C4C80,1,"['Arena', 'Casa Giulietta']",Torre Lamberti,"['Sighseeing', 'Centro Fotografia', 'Museo Conte', 'Palazzo della Ragione', 'AMO']",Palazzo della Ragione,strategy_nearest,True,0.003401041030883789,success
047B12429C4C84,1,"['Palazzo della Ragione', 'Torre Lamberti']",Arena,"['Verona Tour', 'Museo Lapidario', 'Museo Radio', 'San Fermo', 'Casa Giulietta']",Castelvecchio,strategy_nearest,False,0.0021753311157226562,success
047B0D4A9C4C80,1,"['Casa Giulietta', 'Torre Lamberti', 'Palazzo della Ragione', 'Santa Anastasia']",Duomo,"['AMO', 'Museo Miniscalchi', 'Teatro Romano', 'Museo Conte', 'Centro Fotografia']",Arena,strategy_nearest,False,0.0041620731353759766,success
047B183A9C4C84,1,"['Arena', 'Casa Giulietta', 'Torre Lamberti', 'Palazzo della Ragione']",Castelvecchio,"['Museo Lapidario', 'Verona Tour', 'Museo Radio', 'San Zeno', 'Sighseeing']",San Zeno,strategy_nearest,True,0.0020339488983154297,success
047B1D3A9C4C80,1,"['Castelvecchio', 'Arena', 'Teatro Romano', 'Duomo']",Torre Lamberti,"['Sighseeing', 'Centro Fotografia', 'Museo Conte', 'Casa Giulietta', 'Palazzo della Ragione']",Casa Giulietta,strategy_nearest,True,0.0020170211791992188,success
047B184A9C4C80,3,"['Casa Giulietta', 'Santa Anastasia', 'Duomo', 'Torre Lamberti']",San Fermo,"['Museo Storia', 'Museo Radio', 'Centro Fotografia', 'Arena', 'Sighseeing']",San Zeno,strategy_nearest,False,0.002022266387939453,success
047B19429C4C84,3,['Arena'],Casa Giulietta,"['Centro Fotografia', 'Sighseeing', 'Torre Lamberti', 'Museo Conte', 'Museo Radio']",Santa Anastasia,strategy_nearest,False,0.0034110546112060547,success
047B21429C4C84,0,['Casa Giulietta'],Arena,"['Verona Tour', 'Museo Lapidario', 'Museo Radio', 'San Fermo', 'Sighseeing']",Castelvecchio,strategy_nearest,False,0.003348112106323242,success
047B24429C4C84,1,"['Arena', 'Museo Lapidario', 'Torre Lamberti']",Palazzo della Ragione,"['AMO', 'Museo Conte', 'Centro Fotografia', 'Sighseeing', 'Santa Anastasia']",Santa Anastasia,strategy_nearest,True,0.0022940635681152344,success
047B25429C4C84,1,"['Santa Anastasia', 'Duomo', 'Arena']",Castelvecchio,"['Museo Lapidario', 'Verona Tour', 'Museo Radio', 'San Zeno', 'Sighseeing']",Casa Giulietta,strategy_nearest,False,0.003156900405883789,success
047B253A9C4C84,3,"['Santa Anastasia', 'Duomo']",San Fermo,"['Museo Storia', 'Museo Radio', 'Casa Giulietta', 'Centro Fotografia', 'Arena']",Casa Giulietta,strategy_nearest,True,0.002599000930786133,success
047B263A9C4C84,2,['Santa Anastasia'],Duomo,"['AMO', 'Museo Miniscalchi', 'Teatro Romano', 'Palazzo della Ragione', 'Museo Conte']",Torre Lamberti,strategy_nearest,False,0.0031900405883789062,success
047B29429C4C84,3,"['Arena', 'Torre Lamberti']",Santa Anastasia,"['AMO', 'Museo Conte', 'Palazzo della Ragione', 'Teatro Romano', 'Centro Fotografia']",Duomo,strategy_nearest,False,0.002110004425048828,success
047B2A4A9C4C80,1,"['Museo Storia', 'Museo Lapidario', 'Castelvecchio', 'Casa Giulietta']",Palazzo della Ragione,"['AMO', 'Museo Conte', 'Torre Lamberti', 'Centro Fotografia', 'Sighseeing']",Torre Lamberti,strategy_nearest,True,0.0024101734161376953,success
047B264A9C4C80,3,"['Duomo', 'Arena']",Castelvecchio,"['Museo Lapidario', 'Verona Tour', 'Museo Radio', 'San Zeno', 'Sighseeing']",San Zeno,strategy_nearest,True,0.004578828811645508,success
047B4F3A9C4C80,3,"['Arena', 'Casa Giulietta', 'Santa Anastasia']",Duomo,"['AMO', 'Museo Miniscalchi', 'Teatro Romano', 'Palazzo della Ragione', 'Museo Conte']",Teatro Romano,strategy_nearest,True,0.002652883529663086,success
047B57429C4C80,1,"['Castelvecchio', 'Torre Lamberti', 'Palazzo della Ragione']",Duomo,"['AMO', 'Museo Miniscalchi', 'Santa Anastasia', 'Teatro Romano', 'Museo Conte']",Museo Storia,strategy_nearest,False,0.003198862075805664,success
047B2B4A9C4C80,2,"['Palazzo della Ragione', 'Santa Anastasia']",San Zeno,"['Castelvecchio', 'Verona Tour', 'Museo Lapidario', 'Arena', 'Museo Miniscalchi']",Castelvecchio,strategy_nearest,True,0.0031859874725341797,success
047B394A9C4C80,3,"['Arena', 'Casa Giulietta', 'Santa Anastasia']",Duomo,"['AMO', 'Museo Miniscalchi', 'Teatro Romano', 'Palazzo della Ragione', 'Museo Conte']",Torre Lamberti,strategy_nearest,False,0.002686023712158203,success
047B77429C4C80,0,"['Tomba Giulietta', 'Arena']",Casa Giulietta,"['Centro Fotografia', 'Sighseeing', 'Torre Lamberti', 'Museo Conte', 'Museo Radio']",Duomo,strategy_nearest,False,0.001569986343383789,success
047B774A9C4C80,3,"['Torre Lamberti', 'Santa Anastasia']",Duomo,"['AMO', 'Museo Miniscalchi', 'Teatro Romano', 'Palazzo della Ragione', 'Museo Conte']",San Fermo,strategy_nearest,False,0.001986980438232422,success
047B603A9C4C80,1,"['Santa Anastasia', 'San Fermo', 'Arena', 'San Zeno']",Duomo,"['AMO', 'Museo Miniscalchi', 'Teatro Romano', 'Palazzo della Ragione', 'Museo Conte']",Castelvecchio,strategy_nearest,False,0.003386974334716797,success
047B763A9C4C80,1,"['Arena', 'Casa Giulietta']",Palazzo della Ragione,"['AMO', 'Museo Conte', 'Torre Lamberti', 'Centro Fotografia', 'Sighseeing']",Teatro Romano,strategy_nearest,False,0.003381967544555664,success
047B974A9C4C80,0,['Arena'],Casa Giulietta,"['Centro Fotografia', 'Sighseeing', 'Torre Lamberti', 'Museo Conte', 'Museo Radio']",Castelvecchio,strategy_nearest,False,0.002763032913208008,success
047B9E4A9C4C80,3,"['Castelvecchio', 'Casa Giulietta', 'Torre Lamberti']",Arena,"['Verona Tour', 'Museo Lapidario', 'Museo Radio', 'San Fermo', 'Sighseeing']",Giardino Giusti,strategy_nearest,False,0.0020737648010253906,success
047B8B4A9C4C80,1,"['Arena', 'Casa Giulietta', 'Torre Lamberti']",Palazzo della Ragione,"['AMO', 'Museo Conte', 'Centro Fotografia', 'Sighseeing', 'Santa Anastasia']",Santa Anastasia,strategy_nearest,True,0.0022029876708984375,success
047B9B429C4C80,3,"['Casa Giulietta', 'Torre Lamberti']",Arena,"['Verona Tour', 'Museo Lapidario', 'Museo Radio', 'San Fermo', 'Sighseeing']",Castelvecchio,strategy_nearest,False,0.003345012664794922,success
047BB44A9C4C80,3,"['Arena', 'Torre Lamberti']",Santa Anastasia,"['AMO', 'Museo Conte', 'Palazzo della Ragione', 'Teatro Romano', 'Centro Fotografia']",Teatro Romano,strategy_nearest,True,0.002070188522338867,success
047BA74A9C4C80,1,"['Arena', 'Museo Lapidario', 'Castelvecchio']",Duomo,"['AMO', 'Museo Miniscalchi', 'Santa Anastasia', 'Teatro Romano', 'Palazzo della Ragione']",Santa Anastasia,strategy_nearest,True,0.002129077911376953,success
047BB24A9C4C80,3,"['Arena', 'Casa Giulietta']",Torre Lamberti,"['Sighseeing', 'Centro Fotografia', 'Museo Conte', 'Palazzo della Ragione', 'AMO']",San Fermo,strategy_nearest,False,0.002727985382080078,success
047BB64A9C4C80,1,"['Arena', 'Casa Giulietta']",Torre Lamberti,"['Sighseeing', 'Centro Fotografia', 'Museo Conte', 'Palazzo della Ragione', 'AMO']",Palazzo della Ragione,strategy_nearest,True,0.003245830535888672,success
047BC03A9C4C80,1,['Arena'],Castelvecchio,"['Museo Lapidario', 'Verona Tour', 'Museo Radio', 'San Zeno', 'Sighseeing']",Torre Lamberti,strategy_nearest,False,0.001275777816772461,success
047BBB4A9C4C80,3,"['Arena', 'Casa Giulietta']",Teatro Romano,"['Santa Anastasia', 'Duomo', 'AMO', 'Palazzo della Ragione', 'Museo Conte']",Duomo,strategy_nearest,True,0.003984928131103516,success
047BBD4A9C4C80,3,['Arena'],Torre Lamberti,"['Sighseeing', 'Centro Fotografia', 'Museo Conte', 'Casa Giulietta', 'Palazzo della Ragione']",Santa Anastasia,strategy_nearest,False,0.002727031707763672,success
047BC64A9C4C80,2,['Castelvecchio'],Torre Lamberti,"['Sighseeing', 'Centro Fotografia', 'Museo Conte', 'Casa Giulietta', 'Palazzo della Ragione']",Casa Giulietta,strategy_nearest,True,0.0033338069915771484,success
047BD04A9C4C80,1,"['Museo Lapidario', 'Arena', 'Casa Giulietta']",Palazzo della Ragione,"['AMO', 'Museo Conte', 'Torre Lamberti', 'Centro Fotografia', 'Sighseeing']",Santa Anastasia,strategy_nearest,False,0.002586841583251953,success
047BCA4A9C4C80,1,"['Arena', 'Torre Lamberti', 'Palazzo della Ragione']",San Zeno,"['Castelvecchio', 'Verona Tour', 'Museo Lapidario', 'Museo Miniscalchi', 'Sighseeing']",Castelvecchio,strategy_nearest,True,0.0019359588623046875,success
047BD03A9C4C80,1,"['Arena', 'Casa Giulietta']",Torre Lamberti,"['Sighseeing', 'Centro Fotografia', 'Museo Conte', 'Palazzo della Ragione', 'AMO']",Palazzo della Ragione,strategy_nearest,True,0.0032570362091064453,success
047BCF4A9C4C80,2,['San Fermo'],Casa Giulietta,"['Centro Fotografia', 'Sighseeing', 'Torre Lamberti', 'Museo Conte', 'Museo Radio']",Torre Lamberti,strategy_nearest,True,0.002772092819213867,success
047BDE429C4C80,1,"['Arena', 'San Fermo', 'Museo Storia', 'Palazzo della Ragione', 'Torre Lamberti']",Castelvecchio,"['Museo Lapidario', 'Verona Tour', 'Museo Radio', 'San Zeno', 'Sighseeing']",San Zeno,strategy_nearest,True,0.002568960189819336,success
047BD24A9C4C80,3,['Arena'],Casa Giulietta,"['Centro Fotografia', 'Sighseeing', 'Torre Lamberti', 'Museo Conte', 'Museo Radio']",Torre Lamberti,strategy_nearest,True,0.0027790069580078125,success
047BD4429C4C80,3,"['Arena', 'Santa Anastasia', 'Torre Lamberti']",Castelvecchio,"['Museo Lapidario', 'Verona Tour', 'Museo Radio', 'San Zeno', 'Sighseeing']",Casa Giulietta,strategy_nearest,False,0.0015840530395507812,success
047BD83A9C4C80,0,['Arena'],Casa Giulietta,"['Centro Fotografia', 'Sighseeing', 'Torre Lamberti', 'Museo Conte', 'Museo Radio']",Torre Lamberti,strategy_nearest,True,0.003341197967529297,success
047BE9429C4C80,1,"['Arena', 'Museo Lapidario', 'Casa Giulietta']",Santa Anastasia,"['AMO', 'Museo Conte', 'Palazzo della Ragione', 'Teatro Romano', 'Centro Fotografia']",Duomo,strategy_nearest,False,0.00222015380859375,success
047BF24A9C4C80,3,['Arena'],Casa Giulietta,"['Centro Fotografia', 'Sighseeing', 'Torre Lamberti', 'Museo Conte', 'Museo Radio']",Santa Anastasia,strategy_nearest,False,0.002050161361694336,success
047BEE4A9C4C80,0,['Arena'],Torre Lamberti,"['Sighseeing', 'Centro Fotografia', 'Museo Conte', 'Casa Giulietta', 'Palazzo della Ragione']",San Fermo,strategy_nearest,False,0.00275421142578125,success
047BEB429C4C80,3,"['Castelvecchio', 'Arena']",Casa Giulietta,"['Centro Fotografia', 'Sighseeing', 'Torre Lamberti', 'Museo Conte', 'Museo Radio']",Torre Lamberti,strategy_nearest,True,0.0033750534057617188,success
047BF84A9C4C80,3,"['Arena', 'Castelvecchio']",Teatro Romano,"['Santa Anastasia', 'Duomo', 'AMO', 'Palazzo della Ragione', 'Museo Conte']",Duomo,strategy_nearest,True,0.0022001266479492188,success
047C054A9C4C84,0,['Arena'],Torre Lamberti,"['Sighseeing', 'Centro Fotografia', 'Museo Conte', 'Casa Giulietta', 'Palazzo della Ragione']",Casa Giulietta,strategy_nearest,True,0.0031681060791015625,success
047C004A9C4C84,0,['Arena'],Casa Giulietta,"['Centro Fotografia', 'Sighseeing', 'Torre Lamberti', 'Museo Conte', 'Museo Radio']",Tomba Giulietta,strategy_nearest,False,0.0015788078308105469,success
047BF34A9C4C80,0,"['Museo Lapidario', 'Arena']",Casa Giulietta,"['Centro Fotografia', 'Sighseeing', 'Torre Lamberti', 'Museo Conte', 'Museo Radio']",Duomo,strategy_nearest,False,0.002816915512084961,success
047C094A9C4C84,0,['Arena'],Torre Lamberti,"['Sighseeing', 'Centro Fotografia', 'Museo Conte', 'Casa Giulietta', 'Palazzo della Ragione']",Casa Giulietta,strategy_nearest,True,0.0026731491088867188,success
047C064A9C4C84,1,"['Arena', 'Casa Giulietta']",Palazzo della Ragione,"['AMO', 'Museo Conte', 'Torre Lamberti', 'Centro Fotografia', 'Sighseeing']",Torre Lamberti,strategy_nearest,True,0.002184152603149414,success
047C0A4A9C4C84,1,"['Arena', 'Torre Lamberti']",Palazzo della Ragione,"['AMO', 'Museo Conte', 'Centro Fotografia', 'Sighseeing', 'Santa Anastasia']",Santa Anastasia,strategy_nearest,True,0.0013916492462158203,success
047C093A9C4C84,2,['Museo Lapidario'],Casa Giulietta,"['Centro Fotografia', 'Sighseeing', 'Torre Lamberti', 'Museo Conte', 'Museo Radio']",Santa Anastasia,strategy_nearest,False,0.003345966339111328,success
047C0B4A9C4C84,1,"['Arena', 'Torre Lamberti']",Palazzo della Ragione,"['AMO', 'Museo Conte', 'Centro Fotografia', 'Sighseeing', 'Santa Anastasia']",Duomo,strategy_nearest,False,0.001560211181640625,success
047C0D429C4C84,3,"['Arena', 'Casa Giulietta', 'Duomo']",Giardino Giusti,"['Santa Anastasia', 'Teatro Romano', 'Museo Conte', 'Centro Fotografia', 'Museo Storia']",San Fermo,strategy_nearest,False,0.002110004425048828,success
047C0C4A9C4C84,3,"['Arena', 'Casa Giulietta']",Torre Lamberti,"['Sighseeing', 'Centro Fotografia', 'Museo Conte', 'Palazzo della Ragione', 'AMO']",Santa Anastasia,strategy_nearest,False,0.0029010772705078125,success
047C12429C4C84,0,['Arena'],Casa Giulietta,"['Centro Fotografia', 'Sighseeing', 'Torre Lamberti', 'Museo Conte', 'Museo Radio']",Torre Lamberti,strategy_nearest,True,0.0031478404998779297,success
047C183A9C4C84,0,['Arena'],Casa Giulietta,"['Centro Fotografia', 'Sighseeing', 'Torre Lamberti', 'Museo Conte', 'Museo Radio']",Teatro Romano,strategy_nearest,False,0.0022389888763427734,success
047C20429C4C80,1,"['Arena', 'Casa Giulietta']",Palazzo della Ragione,"['AMO', 'Museo Conte', 'Torre Lamberti', 'Centro Fotografia', 'Sighseeing']",Torre Lamberti,strategy_nearest,True,0.001631021499633789,success
047C27429C4C84,1,"['Arena', 'Castelvecchio', 'San Zeno', 'Torre Lamberti', 'Palazzo della Ragione']",Casa Giulietta,"['Centro Fotografia', 'Sighseeing', 'Museo Conte', 'Museo Radio', 'San Fermo']",Tomba Giulietta,strategy_nearest,False,0.00327301025390625,success
047C26429C4C84,0,['Arena'],Casa Giulietta,"['Centro Fotografia', 'Sighseeing', 'Torre Lamberti', 'Museo Conte', 'Museo Radio']",Torre Lamberti,strategy_nearest,True,0.0028221607208251953,success
047C384A9C4C80,1,"['Arena', 'San Zeno', 'Teatro Romano']",Santa Anastasia,"['AMO', 'Museo Conte', 'Palazzo della Ragione', 'Centro Fotografia', 'Duomo']",Duomo,strategy_nearest,True,0.0019261837005615234,success
047C2F3A9C4C80,1,['Arena'],Duomo,"['AMO', 'Museo Miniscalchi', 'Santa Anastasia', 'Teatro Romano', 'Palazzo della Ragione']",Santa Anastasia,strategy_nearest,True,0.0026421546936035156,success
047C33429C4C80,1,"['Arena', 'Torre Lamberti']",Palazzo della Ragione,"['AMO', 'Museo Conte', 'Centro Fotografia', 'Sighseeing', 'Santa Anastasia']",Teatro Romano,strategy_nearest,False,0.002546072006225586,success
047C483A9C4C80,0,['Torre Lamberti'],Casa Giulietta,"['Centro Fotografia', 'Sighseeing', 'Museo Conte', 'Museo Radio', 'Palazzo della Ragione']",Castelvecchio,strategy_nearest,False,0.003342866897583008,success
047C573A9C4C80,2,['Casa Giulietta'],Castelvecchio,"['Museo Lapidario', 'Verona Tour', 'Arena', 'Museo Radio', 'San Zeno']",Tomba Giulietta,strategy_nearest,False,0.0018401145935058594,success
047C643A9C4C80,3,"['Arena', 'Santa Anastasia']",Teatro Romano,"['Duomo', 'AMO', 'Palazzo della Ragione', 'Museo Conte', 'Centro Fotografia']",San Zeno,strategy_nearest,False,0.0024919509887695312,success
047C49429C4C80,1,"['Castelvecchio', 'Torre Lamberti']",Palazzo della Ragione,"['AMO', 'Museo Conte', 'Centro Fotografia', 'Sighseeing', 'Santa Anastasia']",Duomo,strategy_nearest,False,0.002827882766723633,success
047C593A9C4C80,1,"['Arena', 'Castelvecchio', 'Casa Giulietta', 'Santa Anastasia', 'Museo Lapidario']",Tomba Giulietta,"['San Fermo', 'Museo Storia', 'Museo Radio', 'Verona Tour', 'Sighseeing']",Torre Lamberti,strategy_nearest,False,0.004221916198730469,success
047C6E3A9C4C80,3,"['Castelvecchio', 'Casa Giulietta']",Arena,"['Verona Tour', 'Museo Lapidario', 'Museo Radio', 'San Fermo', 'Sighseeing']",Tomba Giulietta,strategy_nearest,False,0.003075122833251953,success
047C76429C4C80,3,"['Arena', 'Casa Giulietta']",Duomo,"['AMO', 'Museo Miniscalchi', 'Santa Anastasia', 'Teatro Romano', 'Palazzo della Ragione']",San Zeno,strategy_nearest,False,0.0013070106506347656,success
047C6F3A9C4C80,3,"['Teatro Romano', 'San Fermo', 'Arena']",Santa Anastasia,"['AMO', 'Museo Conte', 'Palazzo della Ragione', 'Centro Fotografia', 'Duomo']",San Zeno,strategy_nearest,False,0.003208160400390625,success
047C754A9C4C80,3,['Arena'],Casa Giulietta,"['Centro Fotografia', 'Sighseeing', 'Torre Lamberti', 'Museo Conte', 'Museo Radio']",Torre Lamberti,strategy_nearest,True,0.0033769607543945312,success
047C784A9C4C80,0,"['Tomba Giulietta', 'Castelvecchio']",San Zeno,"['Verona Tour', 'Museo Lapidario', 'Arena', 'Museo Miniscalchi', 'Sighseeing']",Arena,strategy_nearest,True,0.0033559799194335938,success
047C82429C4C80,0,['Arena'],Casa Giulietta,"['Centro Fotografia', 'Sighseeing', 'Torre Lamberti', 'Museo Conte', 'Museo Radio']",Santa Anastasia,strategy_nearest,False,0.002618074417114258,success
047C7C4A9C4C80,0,['Arena'],Casa Giulietta,"['Centro Fotografia', 'Sighseeing', 'Torre Lamberti', 'Museo Conte', 'Museo Radio']",Torre Lamberti,strategy_nearest,True,0.002254962921142578,success
047C8A3A9C4C80,0,['Arena'],Casa Giulietta,"['Centro Fotografia', 'Sighseeing', 'Torre Lamberti', 'Museo Conte', 'Museo Radio']",Torre Lamberti,strategy_nearest,True,0.0032529830932617188,success
047C8E4A9C4C80,3,['Arena'],San Fermo,"['Museo Storia', 'Museo Radio', 'Casa Giulietta', 'Centro Fotografia', 'Sighseeing']",Santa Anastasia,strategy_nearest,False,0.0030939579010009766,success
047CAF4A9C4C80,0,['Arena'],Casa Giulietta,"['Centro Fotografia', 'Sighseeing', 'Torre Lamberti', 'Museo Conte', 'Museo Radio']",Torre Lamberti,strategy_nearest,True,0.002009153366088867,success
047CAD4A9C4C80,0,['Arena'],Casa Giulietta,"['Centro Fotografia', 'Sighseeing', 'Torre Lamberti', 'Museo Conte', 'Museo Radio']",Torre Lamberti,strategy_nearest,True,0.0033049583435058594,success
047C9A429C4C80,2,"['Casa Giulietta', 'Castelvecchio']",Santa Anastasia,"['AMO', 'Museo Conte', 'Palazzo della Ragione', 'Teatro Romano', 'Centro Fotografia']",Duomo,strategy_nearest,False,0.002160310745239258,success
047C934A9C4C80,3,"['Arena', 'Casa Giulietta']",Torre Lamberti,"['Sighseeing', 'Centro Fotografia', 'Museo Conte', 'Palazzo della Ragione', 'AMO']",Santa Anastasia,strategy_nearest,False,0.003962993621826172,success
047CC43A9C4C80,1,"['Arena', 'Museo Lapidario']",Castelvecchio,"['Verona Tour', 'Museo Radio', 'San Zeno', 'Sighseeing', 'Museo Miniscalchi']",Torre Lamberti,strategy_nearest,False,0.001554727554321289,success
047CC74A9C4C80,1,"['Arena', 'Torre Lamberti']",Palazzo della Ragione,"['AMO', 'Museo Conte', 'Centro Fotografia', 'Sighseeing', 'Santa Anastasia']",Casa Giulietta,strategy_nearest,False,0.0025758743286132812,success
047CC04A9C4C80,0,['Arena'],Torre Lamberti,"['Sighseeing', 'Centro Fotografia', 'Museo Conte', 'Casa Giulietta', 'Palazzo della Ragione']",Casa Giulietta,strategy_nearest,True,0.002167940139770508,success
047CB93A9C4C80,0,['Arena'],Torre Lamberti,"['Sighseeing', 'Centro Fotografia', 'Museo Conte', 'Casa Giulietta', 'Palazzo della Ragione']",Teatro Romano,strategy_nearest,False,0.0034339427947998047,success
047CC94A9C4C80,3,"['Arena', 'Casa Giulietta']",Tomba Giulietta,"['San Fermo', 'Museo Storia', 'Museo Lapidario', 'Museo Radio', 'Verona Tour']",Santa Anastasia,strategy_nearest,False,0.0013880729675292969,success
047CCA3A9C4C80,0,['Casa Giulietta'],Torre Lamberti,"['Sighseeing', 'Centro Fotografia', 'Museo Conte', 'Palazzo della Ragione', 'AMO']",Arena,strategy_nearest,False,0.0026297569274902344,success
047CC84A9C4C80,0,['Arena'],Casa Giulietta,"['Centro Fotografia', 'Sighseeing', 'Torre Lamberti', 'Museo Conte', 'Museo Radio']",Torre Lamberti,strategy_nearest,True,0.00273895263671875,success
047CCC4A9C4C80,0,['Arena'],Castelvecchio,"['Museo Lapidario', 'Verona Tour', 'Museo Radio', 'San Zeno', 'Sighseeing']",Casa Giulietta,strategy_nearest,False,0.0033071041107177734,success
047CCE3A9C4C80,0,['Castelvecchio'],Arena,"['Verona Tour', 'Museo Lapidario', 'Museo Radio', 'San Fermo', 'Casa Giulietta']",Casa Giulietta,strategy_nearest,True,0.0017609596252441406,success
047CCD4A9C4C80,0,['Arena'],Castelvecchio,"['Museo Lapidario', 'Verona Tour', 'Museo Radio', 'San Zeno', 'Sighseeing']",Casa Giulietta,strategy_nearest,False,0.002490997314453125,success
047CD04A9C4C80,3,"['Arena', 'Castelvecchio']",Duomo,"['AMO', 'Museo Miniscalchi', 'Santa Anastasia', 'Teatro Romano', 'Palazzo della Ragione']",Santa Anastasia,strategy_nearest,True,0.0031299591064453125,success
047CD1429C4C80,1,"['Arena', 'Castelvecchio', 'San Zeno']",Casa Giulietta,"['Centro Fotografia', 'Sighseeing', 'Torre Lamberti', 'Museo Conte', 'Museo Radio']",Torre Lamberti,strategy_nearest,True,0.0031280517578125,success
047CD63A9C4C80,3,"['Arena', 'Casa Giulietta', 'Torre Lamberti']",Santa Anastasia,"['AMO', 'Museo Conte', 'Palazzo della Ragione', 'Teatro Romano', 'Centro Fotografia']",Teatro Romano,strategy_nearest,True,0.0031621456146240234,success
047CF74A9C4C80,1,"['Arena', 'Torre Lamberti']",Palazzo della Ragione,"['AMO', 'Museo Conte', 'Centro Fotografia', 'Sighseeing', 'Santa Anastasia']",Casa Giulietta,strategy_nearest,False,0.003306865692138672,success
047CF84A9C4C80,1,"['Museo Lapidario', 'Arena']",Santa Anastasia,"['AMO', 'Museo Conte', 'Palazzo della Ragione', 'Teatro Romano', 'Centro Fotografia']",Duomo,strategy_nearest,False,0.002257823944091797,success
047CF83A9C4C80,1,"['Castelvecchio', 'Palazzo della Ragione', 'Torre Lamberti']",Casa Giulietta,"['Centro Fotografia', 'Sighseeing', 'Museo Conte', 'Museo Radio', 'San Fermo']",Teatro Romano,strategy_nearest,False,0.0039501190185546875,success
047D004A9C4C84,3,"['Teatro Romano', 'Duomo']",Torre Lamberti,"['Sighseeing', 'Centro Fotografia', 'Museo Conte', 'Casa Giulietta', 'Palazzo della Ragione']",Casa Giulietta,strategy_nearest,True,0.0034842491149902344,success
047D044A9C4C84,3,"['Arena', 'Torre Lamberti', 'Santa Anastasia']",Teatro Romano,"['Duomo', 'AMO', 'Palazzo della Ragione', 'Museo Conte', 'Centro Fotografia']",Duomo,strategy_nearest,True,0.0023250579833984375,success
047D094A9C4C84,3,"['Arena', 'Casa Giulietta']",Torre Lamberti,"['Sighseeing', 'Centro Fotografia', 'Museo Conte', 'Palazzo della Ragione', 'AMO']",Santa Anastasia,strategy_nearest,False,0.003139972686767578,success
047D0D4A9C4C84,1,"['Arena', 'Casa Giulietta']",Torre Lamberti,"['Sighseeing', 'Centro Fotografia', 'Museo Conte', 'Palazzo della Ragione', 'AMO']",Palazzo della Ragione,strategy_nearest,True,0.0018229484558105469,success
047D0B4A9C4C84,3,['Arena'],Casa Giulietta,"['Centro Fotografia', 'Sighseeing', 'Torre Lamberti', 'Museo Conte', 'Museo Radio']",Santa Anastasia,strategy_nearest,False,0.004194021224975586,success
047D0E4A9C4C80,3,"['Arena', 'Castelvecchio']",San Zeno,"['Verona Tour', 'Museo Lapidario', 'Museo Miniscalchi', 'Sighseeing', 'Museo Radio']",Duomo,strategy_nearest,False,0.0033440589904785156,success
047D153A9C4C80,1,"['Casa Giulietta', 'Torre Lamberti', 'Palazzo della Ragione', 'San Fermo']",Santa Anastasia,"['AMO', 'Museo Conte', 'Teatro Romano', 'Centro Fotografia', 'Duomo']",Duomo,strategy_nearest,True,0.002995014190673828,success
047D164A9C4C80,4,"['Arena', 'Casa Giulietta', 'Santa Anastasia', 'Torre Lamberti', 'Palazzo della Ragione']",Castelvecchio,"['Museo Lapidario', 'Verona Tour', 'Museo Radio', 'San Zeno', 'Sighseeing']",San Zeno,strategy_nearest,True,0.0033011436462402344,success
047D18429C4C84,1,"['San Zeno', 'Castelvecchio', 'Casa Giulietta', 'Arena', 'Torre Lamberti']",Palazzo della Ragione,"['AMO', 'Museo Conte', 'Centro Fotografia', 'Sighseeing', 'Santa Anastasia']",Duomo,strategy_nearest,False,0.003091096878051758,success
047D184A9C4C80,1,"['Teatro Romano', 'Palazzo della Ragione', 'Casa Giulietta', 'Arena', 'Santa Anastasia']",Torre Lamberti,"['Sighseeing', 'Centro Fotografia', 'Museo Conte', 'AMO', 'Museo Miniscalchi']",Duomo,strategy_nearest,False,0.003167867660522461,success
047D1F4A9C4C80,1,"['Arena', 'Casa Giulietta', 'Torre Lamberti']",Palazzo della Ragione,"['AMO', 'Museo Conte', 'Centro Fotografia', 'Sighseeing', 'Santa Anastasia']",Santa Anastasia,strategy_nearest,True,0.002534151077270508,success
047D244A9C4C80,2,"['Casa Giulietta', 'Santa Anastasia']",Teatro Romano,"['Duomo', 'AMO', 'Palazzo della Ragione', 'Museo Conte', 'Centro Fotografia']",Torre Lamberti,strategy_nearest,False,0.0027036666870117188,success
047D363A9C4C80,3,"['Arena', 'Castelvecchio']",Torre Lamberti,"['Sighseeing', 'Centro Fotografia', 'Museo Conte', 'Casa Giulietta', 'Palazzo della Ragione']",Teatro Romano,strategy_nearest,False,0.0025758743286132812,success
047D21429C4C84,0,['Castelvecchio'],Arena,"['Verona Tour', 'Museo Lapidario', 'Museo Radio', 'San Fermo', 'Casa Giulietta']",Casa Giulietta,strategy_nearest,True,0.0041370391845703125,success
047D2C429C4C80,1,"['Castelvecchio', 'Arena']",Duomo,"['AMO', 'Museo Miniscalchi', 'Santa Anastasia', 'Teatro Romano', 'Palazzo della Ragione']",Torre Lamberti,strategy_nearest,False,0.003196239471435547,success
047D44429C4C80,2,"['Santa Anastasia', 'Torre Lamberti', 'Casa Giulietta']",Duomo,"['AMO', 'Museo Miniscalchi', 'Teatro Romano', 'Palazzo della Ragione', 'Museo Conte']",Teatro Romano,strategy_nearest,True,0.0025987625122070312,success
047D3E3A9C4C80,3,"['Santa Anastasia', 'Duomo']",Arena,"['Verona Tour', 'Museo Lapidario', 'Museo Radio', 'San Fermo', 'Casa Giulietta']",Teatro Romano,strategy_nearest,False,0.0033910274505615234,success
047D3F3A9C4C80,1,['Arena'],Torre Lamberti,"['Sighseeing', 'Centro Fotografia', 'Museo Conte', 'Casa Giulietta', 'Palazzo della Ragione']",Palazzo della Ragione,strategy_nearest,True,0.0021851062774658203,success
047D393A9C4C80,3,['Teatro Romano'],Santa Anastasia,"['AMO', 'Museo Conte', 'Palazzo della Ragione', 'Centro Fotografia', 'Duomo']",Torre Lamberti,strategy_nearest,False,0.0016608238220214844,success
047D7D3A9C4C80,1,"['Castelvecchio', 'Torre Lamberti']",Palazzo della Ragione,"['AMO', 'Museo Conte', 'Centro Fotografia', 'Sighseeing', 'Santa Anastasia']",Santa Anastasia,strategy_nearest,True,0.0013530254364013672,success
047D51429C4C80,3,"['Arena', 'Casa Giulietta']",Torre Lamberti,"['Sighseeing', 'Centro Fotografia', 'Museo Conte', 'Palazzo della Ragione', 'AMO']",Santa Anastasia,strategy_nearest,False,0.002750873565673828,success
047D643A9C4C80,3,"['Teatro Romano', 'Duomo']",San Zeno,"['Castelvecchio', 'Verona Tour', 'Museo Lapidario', 'Arena', 'Museo Miniscalchi']",Arena,strategy_nearest,True,0.0021409988403320312,success
047D7C3A9C4C80,1,"['Duomo', 'Torre Lamberti']",Palazzo della Ragione,"['AMO', 'Museo Conte', 'Centro Fotografia', 'Sighseeing', 'Santa Anastasia']",Casa Giulietta,strategy_nearest,False,0.0033359527587890625,success
047D8F4A9C4C80,0,['Arena'],Casa Giulietta,"['Centro Fotografia', 'Sighseeing', 'Torre Lamberti', 'Museo Conte', 'Museo Radio']",Teatro Romano,strategy_nearest,False,0.0028781890869140625,success
047D8C4A9C4C80,0,['Arena'],Casa Giulietta,"['Centro Fotografia', 'Sighseeing', 'Torre Lamberti', 'Museo Conte', 'Museo Radio']",Palazzo della Ragione,strategy_nearest,False,0.00222015380859375,success
047D98429C4C80,0,['Arena'],Casa Giulietta,"['Centro Fotografia', 'Sighseeing', 'Torre Lamberti', 'Museo Conte', 'Museo Radio']",Castelvecchio,strategy_nearest,False,0.002725839614868164,success
047D90429C4C80,0,"['Casa Giulietta', 'Torre Lamberti']",Arena,"['Verona Tour', 'Museo Lapidario', 'Museo Radio', 'San Fermo', 'Sighseeing']",Museo Lapidario,strategy_nearest,True,0.004153251647949219,success
047DAC3A9C4C80,3,"['Santa Anastasia', 'Duomo']",Arena,"['Verona Tour', 'Museo Lapidario', 'Museo Radio', 'San Fermo', 'Casa Giulietta']",Castelvecchio,strategy_nearest,False,0.003257274627685547,success
047DA63A9C4C80,1,"['Arena', 'Castelvecchio', 'San Zeno']",Torre Lamberti,"['Sighseeing', 'Centro Fotografia', 'Museo Conte', 'Casa Giulietta', 'Palazzo della Ragione']",Palazzo della Ragione,strategy_nearest,True,0.0019767284393310547,success
047DBA4A9C4C80,2,"['Casa Giulietta', 'Santa Anastasia']",Torre Lamberti,"['Sighseeing', 'Centro Fotografia', 'Museo Conte', 'Palazzo della Ragione', 'AMO']",Palazzo della Ragione,strategy_nearest,True,0.002544879913330078,success
047D9E429C4C80,1,"['Casa Giulietta', 'Torre Lamberti', 'Palazzo della Ragione']",Santa Anastasia,"['AMO', 'Museo Conte', 'Teatro Romano', 'Centro Fotografia', 'Duomo']",Duomo,strategy_nearest,True,0.003403902053833008,success
047DC2429C4C80,0,['Torre Lamberti'],Duomo,"['AMO', 'Museo Miniscalchi', 'Santa Anastasia', 'Teatro Romano', 'Palazzo della Ragione']",Castelvecchio,strategy_nearest,False,0.002053976058959961,success
047DBC4A9C4C80,3,['Arena'],Torre Lamberti,"['Sighseeing', 'Centro Fotografia', 'Museo Conte', 'Casa Giulietta', 'Palazzo della Ragione']",Casa Giulietta,strategy_nearest,True,0.0016460418701171875,success
047DBD429C4C80,0,['Arena'],Casa Giulietta,"['Centro Fotografia', 'Sighseeing', 'Torre Lamberti', 'Museo Conte', 'Museo Radio']",Torre Lamberti,strategy_nearest,True,0.003438234329223633,success
047DC03A9C4C80,1,"['Arena', 'Museo Lapidario']",Palazzo della Ragione,"['AMO', 'Museo Conte', 'Torre Lamberti', 'Centro Fotografia', 'Sighseeing']",Duomo,strategy_nearest,False,0.0027730464935302734,success
047DC94A9C4C80,0,['Arena'],Casa Giulietta,"['Centro Fotografia', 'Sighseeing', 'Torre Lamberti', 'Museo Conte', 'Museo Radio']",Castelvecchio,strategy_nearest,False,0.0027132034301757812,success
047DCC429C4C80,3,['Santa Anastasia'],Torre Lamberti,"['Sighseeing', 'Centro Fotografia', 'Museo Conte', 'Casa Giulietta', 'Palazzo della Ragione']",Arena,strategy_nearest,False,0.0019903182983398438,success
047DC74A9C4C80,0,['Arena'],Casa Giulietta,"['Centro Fotografia', 'Sighseeing', 'Torre Lamberti', 'Museo Conte', 'Museo Radio']",Castelvecchio,strategy_nearest,False,0.003358125686645508,success
047DC64A9C4C80,1,"['Castelvecchio', 'Arena']",Teatro Romano,"['Santa Anastasia', 'Duomo', 'AMO', 'Palazzo della Ragione', 'Museo Conte']",San Zeno,strategy_nearest,False,0.0027740001678466797,success
047DD03A9C4C80,3,"['Arena', 'Castelvecchio', 'Duomo']",Santa Anastasia,"['AMO', 'Museo Conte', 'Palazzo della Ragione', 'Teatro Romano', 'Centro Fotografia']",Casa Giulietta,strategy_nearest,False,0.001544952392578125,success
047DCC4A9C4C80,1,"['Arena', 'Palazzo della Ragione']",Torre Lamberti,"['Sighseeing', 'Centro Fotografia', 'Museo Conte', 'Casa Giulietta', 'AMO']",Torre Lamberti,strategy_nearest,False,0.002771139144897461,success
047DD0429C4C80,0,['Castelvecchio'],Arena,"['Verona Tour', 'Museo Lapidario', 'Museo Radio', 'San Fermo', 'Casa Giulietta']",Santa Anastasia,strategy_nearest,False,0.0033147335052490234,success
047DCE4A9C4C80,1,"['Arena', 'Casa Giulietta']",Torre Lamberti,"['Sighseeing', 'Centro Fotografia', 'Museo Conte', 'Palazzo della Ragione', 'AMO']",Palazzo della Ragione,strategy_nearest,True,0.00273895263671875,success
047DFD3A9C4C80,1,"['Tomba Giulietta', 'Arena', 'Torre Lamberti', 'Palazzo della Ragione']",Santa Anastasia,"['AMO', 'Museo Conte', 'Teatro Romano', 'Centro Fotografia', 'Duomo']",Duomo,strategy_nearest,True,0.002543926239013672,success
047DD04A9C4C80,3,"['Arena', 'Casa Giulietta']",Torre Lamberti,"['Sighseeing', 'Centro Fotografia', 'Museo Conte', 'Palazzo della Ragione', 'AMO']",Duomo,strategy_nearest,False,0.0027701854705810547,success
047DF44A9C4C80,0,['Arena'],Casa Giulietta,"['Centro Fotografia', 'Sighseeing', 'Torre Lamberti', 'Museo Conte', 'Museo Radio']",Santa Anastasia,strategy_nearest,False,0.0014812946319580078,success
047DDC429C4C80,0,['Torre Lamberti'],Arena,"['Verona Tour', 'Museo Lapidario', 'Museo Radio', 'San Fermo', 'Casa Giulietta']",Tomba Giulietta,strategy_nearest,False,0.0033419132232666016,success
047E0D4A9C4C84,0,['Arena'],Casa Giulietta,"['Centro Fotografia', 'Sighseeing', 'Torre Lamberti', 'Museo Conte', 'Museo Radio']",Teatro Romano,strategy_nearest,False,0.0014438629150390625,success
047DFF4A9C4C80,1,"['Castelvecchio', 'Arena', 'Casa Giulietta']",Santa Anastasia,"['AMO', 'Museo Conte', 'Palazzo della Ragione', 'Teatro Romano', 'Centro Fotografia']",Teatro Romano,strategy_nearest,True,0.0027740001678466797,success
047E0D429C4C84,1,"['Arena', 'Palazzo della Ragione']",Torre Lamberti,"['Sighseeing', 'Centro Fotografia', 'Museo Conte', 'Casa Giulietta', 'AMO']",Santa Anastasia,strategy_nearest,False,0.002708911895751953,success
047EA4429C4C80,1,"['Arena', 'Tomba Giulietta']",Casa Giulietta,"['Centro Fotografia', 'Sighseeing', 'Torre Lamberti', 'Museo Conte', 'Museo Radio']",Palazzo della Ragione,strategy_nearest,False,0.0033059120178222656,success
047EA63A9C4C80,3,"['San Zeno', 'Castelvecchio']",Arena,"['Verona Tour', 'Museo Lapidario', 'Museo Radio', 'San Fermo', 'Casa Giulietta']",Torre Lamberti,strategy_nearest,False,0.0017578601837158203,success
047EE8429C4C80,3,"['Arena', 'Torre Lamberti']",Duomo,"['AMO', 'Museo Miniscalchi', 'Santa Anastasia', 'Teatro Romano', 'Palazzo della Ragione']",Teatro Romano,strategy_nearest,True,0.002006053924560547,success
047EC64A9C4C80,0,['Arena'],Casa Giulietta,"['Centro Fotografia', 'Sighseeing', 'Torre Lamberti', 'Museo Conte', 'Museo Radio']",Torre Lamberti,strategy_nearest,True,0.0033447742462158203,success
047EC94A9C4C80,0,['Arena'],Casa Giulietta,"['Centro Fotografia', 'Sighseeing', 'Torre Lamberti', 'Museo Conte', 'Museo Radio']",Castelvecchio,strategy_nearest,False,0.0033180713653564453,success
047F024A9C4C84,0,"['Castelvecchio', 'Arena']",Casa Giulietta,"['Centro Fotografia', 'Sighseeing', 'Torre Lamberti', 'Museo Conte', 'Museo Radio']",Torre Lamberti,strategy_nearest,True,0.0032281875610351562,success
047F0B4A9C4C80,0,"['Teatro Romano', 'Giardino Giusti']",Casa Giulietta,"['Centro Fotografia', 'Sighseeing', 'Torre Lamberti', 'Museo Conte', 'Museo Radio']",Torre Lamberti,strategy_nearest,True,0.002637147903442383,success
047F034A9C4C84,0,['Arena'],Casa Giulietta,"['Centro Fotografia', 'Sighseeing', 'Torre Lamberti', 'Museo Conte', 'Museo Radio']",Teatro Romano,strategy_nearest,False,0.0032601356506347656,success
047F0C429C4C84,1,"['Arena', 'Santa Anastasia', 'Duomo', 'Torre Lamberti']",Palazzo della Ragione,"['AMO', 'Museo Conte', 'Centro Fotografia', 'Sighseeing', 'Museo Miniscalchi']",Casa Giulietta,strategy_nearest,False,0.0033349990844726562,success
047F0E429C4C84,1,"['Palazzo della Ragione', 'Torre Lamberti', 'Arena']",Tomba Giulietta,"['San Fermo', 'Museo Storia', 'Museo Lapidario', 'Museo Radio', 'Verona Tour']",Casa Giulietta,strategy_nearest,False,0.002109050750732422,success
047F154A9C4C80,3,"['Casa Giulietta', 'Santa Anastasia', 'Duomo', 'Torre Lamberti']",Castelvecchio,"['Museo Lapidario', 'Verona Tour', 'Arena', 'Museo Radio', 'San Zeno']",Arena,strategy_nearest,True,0.0033059120178222656,success
047F1E429C4C84,1,"['Arena', 'Casa Giulietta', 'Tomba Giulietta']",Castelvecchio,"['Museo Lapidario', 'Verona Tour', 'Museo Radio', 'San Zeno', 'Sighseeing']",Duomo,strategy_nearest,False,0.0031850337982177734,success
047F17429C4C84,3,"['Arena', 'Casa Giulietta']",Santa Anastasia,"['AMO', 'Museo Conte', 'Palazzo della Ragione', 'Teatro Romano', 'Centro Fotografia']",Teatro Romano,strategy_nearest,True,0.0019500255584716797,success
047F233A9C4C84,0,['Castelvecchio'],Arena,"['Verona Tour', 'Museo Lapidario', 'Museo Radio', 'San Fermo', 'Casa Giulietta']",Duomo,strategy_nearest,False,0.002683877944946289,success
047F4D3A9C4C80,3,"['Torre Lamberti', 'Santa Anastasia']",Duomo,"['AMO', 'Museo Miniscalchi', 'Teatro Romano', 'Palazzo della Ragione', 'Museo Conte']",Arena,strategy_nearest,False,0.0025048255920410156,success
047F3F4A9C4C80,3,"['Arena', 'Casa Giulietta']",Torre Lamberti,"['Sighseeing', 'Centro Fotografia', 'Museo Conte', 'Palazzo della Ragione', 'AMO']",Duomo,strategy_nearest,False,0.00333404541015625,success
047F26429C4C84,3,['Arena'],Santa Anastasia,"['AMO', 'Museo Conte', 'Palazzo della Ragione', 'Teatro Romano', 'Centro Fotografia']",Teatro Romano,strategy_nearest,True,0.002702951431274414,success
047F513A9C4C80,0,['Teatro Romano'],Casa Giulietta,"['Centro Fotografia', 'Sighseeing', 'Torre Lamberti', 'Museo Conte', 'Museo Radio']",Castelvecchio,strategy_nearest,False,0.002724170684814453,success
047F71429C4C80,1,"['Casa Giulietta', 'Torre Lamberti']",Palazzo della Ragione,"['AMO', 'Museo Conte', 'Centro Fotografia', 'Sighseeing', 'Santa Anastasia']",Santa Anastasia,strategy_nearest,True,0.002550840377807617,success
047F5B3A9C4C80,1,"['Palazzo della Ragione', 'Torre Lamberti', 'Duomo']",Teatro Romano,"['Santa Anastasia', 'AMO', 'Museo Conte', 'Centro Fotografia', 'Museo Miniscalchi']",Castelvecchio,strategy_nearest,False,0.0014047622680664062,success
047F593A9C4C80,1,"['Arena', 'Torre Lamberti']",Palazzo della Ragione,"['AMO', 'Museo Conte', 'Centro Fotografia', 'Sighseeing', 'Santa Anastasia']",Duomo,strategy_nearest,False,0.0038709640502929688,success
047F8D4A9C4C80,1,"['Arena', 'Casa Giulietta']",Torre Lamberti,"['Sighseeing', 'Centro Fotografia', 'Museo Conte', 'Palazzo della Ragione', 'AMO']",Palazzo della Ragione,strategy_nearest,True,0.0025930404663085938,success
047F7B4A9C4C80,0,['Castelvecchio'],Arena,"['Verona Tour', 'Museo Lapidario', 'Museo Radio', 'San Fermo', 'Casa Giulietta']",Casa Giulietta,strategy_nearest,True,0.0016057491302490234,success
047F8A4A9C4C80,0,"['Tomba Giulietta', 'Arena']",Torre Lamberti,"['Sighseeing', 'Centro Fotografia', 'Museo Conte', 'Casa Giulietta', 'Palazzo della Ragione']",Casa Giulietta,strategy_nearest,True,0.003386259078979492,success
047F79429C4C80,0,['Tomba Giulietta'],Casa Giulietta,"['Centro Fotografia', 'Sighseeing', 'Torre Lamberti', 'Museo Conte', 'Museo Radio']",Torre Lamberti,strategy_nearest,True,0.002228975296020508,success
047F984A9C4C80,3,['Arena'],San Zeno,"['Castelvecchio', 'Verona Tour', 'Museo Lapidario', 'Museo Miniscalchi', 'Sighseeing']",Teatro Romano,strategy_nearest,False,0.0028371810913085938,success
047F944A9C4C80,0,['Arena'],Casa Giulietta,"['Centro Fotografia', 'Sighseeing', 'Torre Lamberti', 'Museo Conte', 'Museo Radio']",Castelvecchio,strategy_nearest,False,0.0035119056701660156,success
047F9D429C4C80,3,"['Castelvecchio', 'Museo Lapidario', 'Arena']",Casa Giulietta,"['Centro Fotografia', 'Sighseeing', 'Torre Lamberti', 'Museo Conte', 'Museo Radio']",Torre Lamberti,strategy_nearest,True,0.0015420913696289062,success
047F9E429C4C80,0,['Casa Giulietta'],Arena,"['Verona Tour', 'Museo Lapidario', 'Museo Radio', 'San Fermo', 'Sighseeing']",Castelvecchio,strategy_nearest,False,0.0031991004943847656,success
047FBF4A9C4C80,1,"['Arena', 'Teatro Romano', 'Santa Anastasia']",Palazzo della Ragione,"['AMO', 'Museo Conte', 'Torre Lamberti', 'Centro Fotografia', 'Sighseeing']",Casa Giulietta,strategy_nearest,False,0.001394033432006836,success
047FB74A9C4C80,0,['Arena'],Casa Giulietta,"['Centro Fotografia', 'Sighseeing', 'Torre Lamberti', 'Museo Conte', 'Museo Radio']",Torre Lamberti,strategy_nearest,True,0.002689838409423828,success
047FB9429C4C80,3,"['Arena', 'Casa Giulietta', 'Torre Lamberti']",Teatro Romano,"['Santa Anastasia', 'Duomo', 'AMO', 'Palazzo della Ragione', 'Museo Conte']",Duomo,strategy_nearest,True,0.0020780563354492188,success
047FA04A9C4C80,3,"['Arena', 'Casa Giulietta']",Torre Lamberti,"['Sighseeing', 'Centro Fotografia', 'Museo Conte', 'Palazzo della Ragione', 'AMO']",Duomo,strategy_nearest,False,0.0033712387084960938,success
047FCC3A9C4C80,1,"['Palazzo della Ragione', 'Torre Lamberti']",Casa Giulietta,"['Centro Fotografia', 'Sighseeing', 'Museo Conte', 'Museo Radio', 'San Fermo']",Arena,strategy_nearest,False,0.002931833267211914,success
047FCD4A9C4C80,3,"['Arena', 'Casa Giulietta']",Duomo,"['AMO', 'Museo Miniscalchi', 'Santa Anastasia', 'Teatro Romano', 'Palazzo della Ragione']",Santa Anastasia,strategy_nearest,True,0.0015101432800292969,success
047FD6429C4C80,4,"['Arena', 'Casa Giulietta', 'Teatro Romano']",Castelvecchio,"['Museo Lapidario', 'Verona Tour', 'Museo Radio', 'San Zeno', 'Sighseeing']",Tomba Giulietta,strategy_nearest,False,0.0032820701599121094,success
047FC94A9C4C80,3,['Arena'],Teatro Romano,"['Santa Anastasia', 'Duomo', 'AMO', 'Palazzo della Ragione', 'Museo Conte']",San Fermo,strategy_nearest,False,0.0023949146270751953,success
047FE94A9C4C80,0,"['Arena', 'Casa Giulietta']",Torre Lamberti,"['Sighseeing', 'Centro Fotografia', 'Museo Conte', 'Palazzo della Ragione', 'AMO']",Duomo,strategy_nearest,False,0.00327301025390625,success
047FE1429C4C80,0,['Arena'],Casa Giulietta,"['Centro Fotografia', 'Sighseeing', 'Torre Lamberti', 'Museo Conte', 'Museo Radio']",Teatro Romano,strategy_nearest,False,0.0016682147979736328,success
047FE8429C4C80,0,['Castelvecchio'],Casa Giulietta,"['Centro Fotografia', 'Sighseeing', 'Torre Lamberti', 'Museo Conte', 'Museo Radio']",Arena,strategy_nearest,False,0.002835988998413086,success
047FE93A9C4C80,0,['Arena'],Casa Giulietta,"['Centro Fotografia', 'Sighseeing', 'Torre Lamberti', 'Museo Conte', 'Museo Radio']",Castelvecchio,strategy_nearest,False,0.002218008041381836,success
047FEC3A9C4C80,2,['Casa Giulietta'],Santa Anastasia,"['AMO', 'Museo Conte', 'Palazzo della Ragione', 'Teatro Romano', 'Centro Fotografia']",Duomo,strategy_nearest,False,0.001664876937866211,success
047FF04A9C4C80,6,"['Arena', 'Casa Giulietta', 'Torre Lamberti', 'Santa Anastasia']",Duomo,"['AMO', 'Museo Miniscalchi', 'Teatro Romano', 'Palazzo della Ragione', 'Museo Conte']",Castelvecchio,strategy_nearest,False,0.0028009414672851562,success
047FF33A9C4C80,1,"['Arena', 'Casa Giulietta', 'Torre Lamberti']",Palazzo della Ragione,"['AMO', 'Museo Conte', 'Centro Fotografia', 'Sighseeing', 'Santa Anastasia']",Santa Anastasia,strategy_nearest,True,0.0020020008087158203,success
047FEE4A9C4C80,0,"['Arena', 'Casa Giulietta']",Castelvecchio,"['Museo Lapidario', 'Verona Tour', 'Museo Radio', 'San Zeno', 'Sighseeing']",Tomba Giulietta,strategy_nearest,False,0.0034148693084716797,success
047FF74A9C4C80,1,"['Arena', 'Museo Lapidario', 'Castelvecchio']",Casa Giulietta,"['Centro Fotografia', 'Sighseeing', 'Torre Lamberti', 'Museo Conte', 'Museo Radio']",Torre Lamberti,strategy_nearest,True,0.0015478134155273438,success
047FFE4A9C4C80,3,['Arena'],Castelvecchio,"['Museo Lapidario', 'Verona Tour', 'Museo Radio', 'San Zeno', 'Sighseeing']",Duomo,strategy_nearest,False,0.002128124237060547,success
0480004A9C4C84,3,"['Arena', 'Duomo', 'Teatro Romano']",Santa Anastasia,"['AMO', 'Museo Conte', 'Palazzo della Ragione', 'Centro Fotografia', 'Torre Lamberti']",Casa Giulietta,strategy_nearest,False,0.003320932388305664,success
0480034A9C4C84,1,"['Arena', 'Torre Lamberti']",Palazzo della Ragione,"['AMO', 'Museo Conte', 'Centro Fotografia', 'Sighseeing', 'Santa Anastasia']",Santa Anastasia,strategy_nearest,True,0.0025780200958251953,success
0480044A9C4C84,0,['Arena'],Castelvecchio,"['Museo Lapidario', 'Verona Tour', 'Museo Radio', 'San Zeno', 'Sighseeing']",Torre Lamberti,strategy_nearest,False,0.0033299922943115234,success
04800B429C4C84,3,"['Tomba Giulietta', 'Museo Lapidario', 'Arena', 'Duomo']",Teatro Romano,"['Santa Anastasia', 'AMO', 'Palazzo della Ragione', 'Museo Conte', 'Centro Fotografia']",Santa Anastasia,strategy_nearest,True,0.0020771026611328125,success
04800E3A9C4C80,3,"['Arena', 'Castelvecchio', 'Torre Lamberti']",Santa Anastasia,"['AMO', 'Museo Conte', 'Palazzo della Ragione', 'Teatro Romano', 'Centro Fotografia']",Duomo,strategy_nearest,False,0.0014190673828125,success
04800B429C4C80,3,"['Arena', 'Casa Giulietta']",Santa Anastasia,"['AMO', 'Museo Conte', 'Palazzo della Ragione', 'Teatro Romano', 'Centro Fotografia']",Castelvecchio,strategy_nearest,False,0.003335237503051758,success
0480124A9C4C80,1,"['Museo Lapidario', 'Arena', 'Castelvecchio']",Tomba Giulietta,"['San Fermo', 'Museo Storia', 'Museo Radio', 'Verona Tour', 'Casa Giulietta']",San Fermo,strategy_nearest,True,0.0014178752899169922,success
04800F429C4C84,0,['Arena'],Casa Giulietta,"['Centro Fotografia', 'Sighseeing', 'Torre Lamberti', 'Museo Conte', 'Museo Radio']",Torre Lamberti,strategy_nearest,True,0.0026421546936035156,success
048014429C4C84,3,"['Castelvecchio', 'Torre Lamberti', 'Casa Giulietta']",Santa Anastasia,"['AMO', 'Museo Conte', 'Palazzo della Ragione', 'Teatro Romano', 'Centro Fotografia']",Duomo,strategy_nearest,False,0.0025098323822021484,success
0480153A9C4C80,1,"['Museo Lapidario', 'Castelvecchio', 'San Zeno', 'Arena', 'San Fermo']",Casa Giulietta,"['Centro Fotografia', 'Sighseeing', 'Torre Lamberti', 'Museo Conte', 'Museo Radio']",Torre Lamberti,strategy_nearest,True,0.0033359527587890625,success
048018429C4C84,3,"['Arena', 'Castelvecchio']",Casa Giulietta,"['Centro Fotografia', 'Sighseeing', 'Torre Lamberti', 'Museo Conte', 'Museo Radio']",Torre Lamberti,strategy_nearest,True,0.0017960071563720703,success
048023429C4C80,3,"['Santa Anastasia', 'Duomo', 'Teatro Romano']",Arena,"['Verona Tour', 'Museo Lapidario', 'Museo Radio', 'San Fermo', 'Casa Giulietta']",Castelvecchio,strategy_nearest,False,0.002549886703491211,success
0480243A9C4C84,2,['Santa Anastasia'],Duomo,"['AMO', 'Museo Miniscalchi', 'Teatro Romano', 'Palazzo della Ragione', 'Museo Conte']",Torre Lamberti,strategy_nearest,False,0.0031380653381347656,success
04802A4A9C4C80,1,"['Palazzo della Ragione', 'Torre Lamberti', 'Casa Giulietta', 'San Fermo']",Tomba Giulietta,"['Museo Storia', 'Arena', 'Museo Lapidario', 'Museo Radio', 'Verona Tour']",Arena,strategy_nearest,True,0.0017142295837402344,success
0480284A9C4C80,3,"['Santa Anastasia', 'Teatro Romano']",Arena,"['Verona Tour', 'Museo Lapidario', 'Museo Radio', 'San Fermo', 'Casa Giulietta']",Casa Giulietta,strategy_nearest,True,0.003732919692993164,success
04802D4A9C4C80,3,"['Arena', 'Castelvecchio', 'San Zeno', 'Teatro Romano']",Santa Anastasia,"['AMO', 'Museo Conte', 'Palazzo della Ragione', 'Centro Fotografia', 'Duomo']",Torre Lamberti,strategy_nearest,False,0.003101825714111328,success
04802F3A9C4C80,1,"['Arena', 'Casa Giulietta']",Palazzo della Ragione,"['AMO', 'Museo Conte', 'Torre Lamberti', 'Centro Fotografia', 'Sighseeing']",Castelvecchio,strategy_nearest,False,0.002955913543701172,success
048032429C4C80,3,"['Arena', 'Castelvecchio', 'Teatro Romano']",San Zeno,"['Verona Tour', 'Museo Lapidario', 'Museo Miniscalchi', 'Sighseeing', 'Museo Radio']",Duomo,strategy_nearest,False,0.002294778823852539,success
0480414A9C4C80,3,['Arena'],Casa Giulietta,"['Centro Fotografia', 'Sighseeing', 'Torre Lamberti', 'Museo Conte', 'Museo Radio']",Santa Anastasia,strategy_nearest,False,0.003237009048461914,success
0480503A9C4C80,3,"['Castelvecchio', 'Arena']",Casa Giulietta,"['Centro Fotografia', 'Sighseeing', 'Torre Lamberti', 'Museo Conte', 'Museo Radio']",Torre Lamberti,strategy_nearest,True,0.0024480819702148438,success
048046429C4C80,1,"['Arena', 'Palazzo della Ragione', 'Torre Lamberti']",Santa Anastasia,"['AMO', 'Museo Conte', 'Teatro Romano', 'Centro Fotografia', 'Duomo']",Duomo,strategy_nearest,True,0.0030930042266845703,success
0480443A9C4C80,3,"['San Fermo', 'Giardino Giusti', 'Teatro Romano']",Duomo,"['AMO', 'Museo Miniscalchi', 'Santa Anastasia', 'Palazzo della Ragione', 'Museo Conte']",Santa Anastasia,strategy_nearest,True,0.002746105194091797,success
0480573A9C4C80,2,"['San Zeno', 'Castelvecchio']",Casa Giulietta,"['Centro Fotografia', 'Sighseeing', 'Torre Lamberti', 'Museo Conte', 'Museo Radio']",Torre Lamberti,strategy_nearest,True,0.003184080123901367,success
0480653A9C4C80,1,"['Arena', 'Palazzo della Ragione']",Casa Giulietta,"['Centro Fotografia', 'Sighseeing', 'Torre Lamberti', 'Museo Conte', 'Museo Radio']",Teatro Romano,strategy_nearest,False,0.002537965774536133,success
0480663A9C4C80,1,"['Arena', 'Museo Lapidario', 'Tomba Giulietta']",San Fermo,"['Museo Storia', 'Museo Radio', 'Casa Giulietta', 'Centro Fotografia', 'Sighseeing']",Palazzo della Ragione,strategy_nearest,False,0.002624988555908203,success
04806B3A9C4C80,2,['Santa Anastasia'],Tomba Giulietta,"['San Fermo', 'Museo Storia', 'Arena', 'Museo Lapidario', 'Museo Radio']",Giardino Giusti,strategy_nearest,False,0.0031681060791015625,success
048078429C4C80,1,"['Tomba Giulietta', 'Arena', 'Torre Lamberti', 'Palazzo della Ragione']",Santa Anastasia,"['AMO', 'Museo Conte', 'Teatro Romano', 'Centro Fotografia', 'Duomo']",Duomo,strategy_nearest,True,0.0038788318634033203,success
0480893A9C4C80,3,['Arena'],Casa Giulietta,"['Centro Fotografia', 'Sighseeing', 'Torre Lamberti', 'Museo Conte', 'Museo Radio']",Torre Lamberti,strategy_nearest,True,0.001959085464477539,success
0480754A9C4C80,0,['Arena'],Casa Giulietta,"['Centro Fotografia', 'Sighseeing', 'Torre Lamberti', 'Museo Conte', 'Museo Radio']",Duomo,strategy_nearest,False,0.0028181076049804688,success
04807A4A9C4C80,0,['San Zeno'],Casa Giulietta,"['Centro Fotografia', 'Sighseeing', 'Torre Lamberti', 'Museo Conte', 'Museo Radio']",Castelvecchio,strategy_nearest,False,0.0032668113708496094,success
04808A4A9C4C80,3,"['Arena', 'Casa Giulietta']",Santa Anastasia,"['AMO', 'Museo Conte', 'Palazzo della Ragione', 'Teatro Romano', 'Centro Fotografia']",Duomo,strategy_nearest,False,0.002647876739501953,success
048099429C4C80,1,"['Arena', 'Casa Giulietta']",Santa Anastasia,"['AMO', 'Museo Conte', 'Palazzo della Ragione', 'Teatro Romano', 'Centro Fotografia']",Torre Lamberti,strategy_nearest,False,0.003442049026489258,success
048095429C4C80,2,['Castelvecchio'],San Zeno,"['Verona Tour', 'Museo Lapidario', 'Arena', 'Museo Miniscalchi', 'Sighseeing']",Teatro Romano,strategy_nearest,False,0.0028791427612304688,success
04809C429C4C80,1,"['Palazzo della Ragione', 'Torre Lamberti', 'Casa Giulietta']",Arena,"['Verona Tour', 'Museo Lapidario', 'Museo Radio', 'San Fermo', 'Sighseeing']",Museo Lapidario,strategy_nearest,True,0.001631021499633789,success
04809D429C4C80,3,"['Castelvecchio', 'San Zeno', 'Duomo', 'Santa Anastasia']",Casa Giulietta,"['Centro Fotografia', 'Sighseeing', 'Torre Lamberti', 'Museo Conte', 'Museo Radio']",Torre Lamberti,strategy_nearest,True,0.0020868778228759766,success
0480A9429C4C80,0,['Castelvecchio'],Casa Giulietta,"['Centro Fotografia', 'Sighseeing', 'Torre Lamberti', 'Museo Conte', 'Museo Radio']",Arena,strategy_nearest,False,0.0020112991333007812,success
0480A04A9C4C80,3,['Arena'],Casa Giulietta,"['Centro Fotografia', 'Sighseeing', 'Torre Lamberti', 'Museo Conte', 'Museo Radio']",Torre Lamberti,strategy_nearest,True,0.0014829635620117188,success
0480AB429C4C80,0,"['Arena', 'Torre Lamberti']",Casa Giulietta,"['Centro Fotografia', 'Sighseeing', 'Museo Conte', 'Museo Radio', 'Palazzo della Ragione']",Teatro Romano,strategy_nearest,False,0.0025568008422851562,success
0480A54A9C4C80,3,"['Casa Giulietta', 'Santa Anastasia']",Teatro Romano,"['Duomo', 'AMO', 'Palazzo della Ragione', 'Museo Conte', 'Centro Fotografia']",Torre Lamberti,strategy_nearest,False,0.0033512115478515625,success
0480B43A9C4C80,3,['Santa Anastasia'],San Fermo,"['Museo Storia', 'Museo Radio', 'Casa Giulietta', 'Centro Fotografia', 'Arena']",Arena,strategy_nearest,True,0.0027289390563964844,success
0480B63A9C4C80,0,"['Arena', 'Castelvecchio']",Casa Giulietta,"['Centro Fotografia', 'Sighseeing', 'Torre Lamberti', 'Museo Conte', 'Museo Radio']",Teatro Romano,strategy_nearest,False,0.0020112991333007812,success
0480AC4A9C4C80,3,"['Arena', 'Castelvecchio']",Duomo,"['AMO', 'Museo Miniscalchi', 'Santa Anastasia', 'Teatro Romano', 'Palazzo della Ragione']",Teatro Romano,strategy_nearest,True,0.002257823944091797,success
0480AF429C4C80,1,"['Arena', 'Casa Giulietta']",Torre Lamberti,"['Sighseeing', 'Centro Fotografia', 'Museo Conte', 'Palazzo della Ragione', 'AMO']",Palazzo della Ragione,strategy_nearest,True,0.0035130977630615234,success
0480BA429C4C80,3,"['Arena', 'Tomba Giulietta']",Teatro Romano,"['Santa Anastasia', 'Duomo', 'AMO', 'Palazzo della Ragione', 'Museo Conte']",Santa Anastasia,strategy_nearest,True,0.0019681453704833984,success
0480B93A9C4C80,3,"['Arena', 'Museo Lapidario']",Castelvecchio,"['Verona Tour', 'Museo Radio', 'San Zeno', 'Sighseeing', 'Museo Miniscalchi']",Santa Anastasia,strategy_nearest,False,0.00333404541015625,success
0480B84A9C4C80,0,['Arena'],Casa Giulietta,"['Centro Fotografia', 'Sighseeing', 'Torre Lamberti', 'Museo Conte', 'Museo Radio']",Torre Lamberti,strategy_nearest,True,0.002125978469848633,success
0480BA4A9C4C80,0,"['Duomo', 'Casa Giulietta']",Arena,"['Verona Tour', 'Museo Lapidario', 'Museo Radio', 'San Fermo', 'Sighseeing']",Teatro Romano,strategy_nearest,False,0.0032236576080322266,success
0480CC4A9C4C80,1,"['Tomba Giulietta', 'San Fermo', 'Casa Giulietta', 'Palazzo della Ragione']",Torre Lamberti,"['Sighseeing', 'Centro Fotografia', 'Museo Conte', 'AMO', 'Museo Miniscalchi']",Santa Anastasia,strategy_nearest,False,0.0020918846130371094,success
0480BC4A9C4C80,3,"['Arena', 'Museo Lapidario']",Duomo,"['AMO', 'Museo Miniscalchi', 'Santa Anastasia', 'Teatro Romano', 'Palazzo della Ragione']",Santa Anastasia,strategy_nearest,True,0.0027399063110351562,success
0480CD4A9C4C80,0,['Arena'],Casa Giulietta,"['Centro Fotografia', 'Sighseeing', 'Torre Lamberti', 'Museo Conte', 'Museo Radio']",Duomo,strategy_nearest,False,0.0032470226287841797,success
0480C5429C4C80,0,"['Arena', 'Torre Lamberti']",Casa Giulietta,"['Centro Fotografia', 'Sighseeing', 'Museo Conte', 'Museo Radio', 'Palazzo della Ragione']",Tomba Giulietta,strategy_nearest,False,0.003412961959838867,success
0480D23A9C4C80,0,['Arena'],Casa Giulietta,"['Centro Fotografia', 'Sighseeing', 'Torre Lamberti', 'Museo Conte', 'Museo Radio']",Castelvecchio,strategy_nearest,False,0.002696990966796875,success
0480D53A9C4C80,3,"['Arena', 'Casa Giulietta', 'Torre Lamberti']",Santa Anastasia,"['AMO', 'Museo Conte', 'Palazzo della Ragione', 'Teatro Romano', 'Centro Fotografia']",Teatro Romano,strategy_nearest,True,0.0033140182495117188,success
0480D03A9C4C80,3,"['Arena', 'Castelvecchio', 'Casa Giulietta']",Torre Lamberti,"['Sighseeing', 'Centro Fotografia', 'Museo Conte', 'Palazzo della Ragione', 'AMO']",Santa Anastasia,strategy_nearest,False,0.0027780532836914062,success
0480CF429C4C80,3,"['Teatro Romano', 'Duomo', 'Santa Anastasia']",Torre Lamberti,"['Sighseeing', 'Centro Fotografia', 'Museo Conte', 'Casa Giulietta', 'Palazzo della Ragione']",Casa Giulietta,strategy_nearest,True,0.0028350353240966797,success
0480E4429C4C80,1,"['Arena', 'Casa Giulietta', 'Santa Anastasia', 'Duomo']",Teatro Romano,"['AMO', 'Palazzo della Ragione', 'Museo Conte', 'Centro Fotografia', 'Museo Miniscalchi']",Torre Lamberti,strategy_nearest,False,0.0014522075653076172,success
0480DC3A9C4C80,0,['Casa Giulietta'],Arena,"['Verona Tour', 'Museo Lapidario', 'Museo Radio', 'San Fermo', 'Sighseeing']",Torre Lamberti,strategy_nearest,False,0.002063274383544922,success
0480EA429C4C80,1,"['Teatro Romano', 'Duomo', 'Arena', 'Castelvecchio']",Castelvecchio,"['Museo Lapidario', 'Verona Tour', 'Museo Radio', 'San Zeno', 'Sighseeing']",Santa Anastasia,strategy_nearest,False,0.0026197433471679688,success
0480D9429C4C80,3,"['Arena', 'Castelvecchio', 'Torre Lamberti', 'Casa Giulietta', 'Museo Lapidario']",San Zeno,"['Verona Tour', 'Museo Miniscalchi', 'Sighseeing', 'Museo Radio', 'Palazzo della Ragione']",Duomo,strategy_nearest,False,0.004005908966064453,success
0480F4429C4C80,3,"['Arena', 'Torre Lamberti', 'Santa Anastasia']",Duomo,"['AMO', 'Museo Miniscalchi', 'Teatro Romano', 'Palazzo della Ragione', 'Museo Conte']",Teatro Romano,strategy_nearest,True,0.004064083099365234,success
0480F9429C4C80,2,['Santa Anastasia'],Duomo,"['AMO', 'Museo Miniscalchi', 'Teatro Romano', 'Palazzo della Ragione', 'Museo Conte']",Castelvecchio,strategy_nearest,False,0.0014541149139404297,success
0480F6429C4C80,3,"['Arena', 'Torre Lamberti']",Casa Giulietta,"['Centro Fotografia', 'Sighseeing', 'Museo Conte', 'Museo Radio', 'Palazzo della Ragione']",Santa Anastasia,strategy_nearest,False,0.0022039413452148438,success
0480F14A9C4C80,0,['Arena'],Casa Giulietta,"['Centro Fotografia', 'Sighseeing', 'Torre Lamberti', 'Museo Conte', 'Museo Radio']",Castelvecchio,strategy_nearest,False,0.003503084182739258,success
0480FC429C4C80,0,['Arena'],Casa Giulietta,"['Centro Fotografia', 'Sighseeing', 'Torre Lamberti', 'Museo Conte', 'Museo Radio']",Santa Anastasia,strategy_nearest,False,0.001560211181640625,success
0480FE4A9C4C80,0,['Arena'],Casa Giulietta,"['Centro Fotografia', 'Sighseeing', 'Torre Lamberti', 'Museo Conte', 'Museo Radio']",Duomo,strategy_nearest,False,0.002023935317993164,success
0480F94A9C4C80,3,"['Arena', 'Casa Giulietta']",Torre Lamberti,"['Sighseeing', 'Centro Fotografia', 'Museo Conte', 'Palazzo della Ragione', 'AMO']",Santa Anastasia,strategy_nearest,False,0.003365755081176758,success
0480FD429C4C80,0,"['Castelvecchio', 'Arena']",Casa Giulietta,"['Centro Fotografia', 'Sighseeing', 'Torre Lamberti', 'Museo Conte', 'Museo Radio']",San Fermo,strategy_nearest,False,0.002730131149291992,success
0481084A9C4C84,3,['Casa Giulietta'],Torre Lamberti,"['Sighseeing', 'Centro Fotografia', 'Museo Conte', 'Palazzo della Ragione', 'AMO']",Santa Anastasia,strategy_nearest,False,0.002170085906982422,success
04810F3A9C4C80,0,['Arena'],Castelvecchio,"['Museo Lapidario', 'Verona Tour', 'Museo Radio', 'San Zeno', 'Sighseeing']",Casa Giulietta,strategy_nearest,False,0.0026497840881347656,success
0481094A9C4C84,2,['Casa Giulietta'],Palazzo della Ragione,"['AMO', 'Museo Conte', 'Torre Lamberti', 'Centro Fotografia', 'Sighseeing']",Torre Lamberti,strategy_nearest,True,0.003325939178466797,success
04810D4A9C4C80,3,"['Santa Anastasia', 'Torre Lamberti', 'Casa Giulietta', 'San Fermo']",Arena,"['Verona Tour', 'Museo Lapidario', 'Museo Radio', 'Sighseeing', 'Castelvecchio']",Museo Lapidario,strategy_nearest,True,0.0014989376068115234,success
048113429C4C84,1,"['Arena', 'Casa Giulietta']",Castelvecchio,"['Museo Lapidario', 'Verona Tour', 'Museo Radio', 'San Zeno', 'Sighseeing']",Torre Lamberti,strategy_nearest,False,0.0014510154724121094,success
0481123A9C4C80,2,"['Duomo', 'Teatro Romano']",Santa Anastasia,"['AMO', 'Museo Conte', 'Palazzo della Ragione', 'Centro Fotografia', 'Torre Lamberti']",Palazzo della Ragione,strategy_nearest,True,0.0021059513092041016,success
04810F429C4C84,3,"['Arena', 'Torre Lamberti']",Casa Giulietta,"['Centro Fotografia', 'Sighseeing', 'Museo Conte', 'Museo Radio', 'Palazzo della Ragione']",Santa Anastasia,strategy_nearest,False,0.0033271312713623047,success
0481144A9C4C80,3,"['Casa Giulietta', 'Arena']",Santa Anastasia,"['AMO', 'Museo Conte', 'Palazzo della Ragione', 'Teatro Romano', 'Centro Fotografia']",Duomo,strategy_nearest,False,0.0025472640991210938,success
048118429C4C84,0,['Castelvecchio'],Arena,"['Verona Tour', 'Museo Lapidario', 'Museo Radio', 'San Fermo', 'Casa Giulietta']",Casa Giulietta,strategy_nearest,True,0.001584768295288086,success
0481184A9C4C80,0,"['Arena', 'Castelvecchio']",Duomo,"['AMO', 'Museo Miniscalchi', 'Santa Anastasia', 'Teatro Romano', 'Palazzo della Ragione']",Casa Giulietta,strategy_nearest,False,0.002157926559448242,success
04811D4A9C4C80,0,"['Museo Lapidario', 'Arena', 'Castelvecchio']",Casa Giulietta,"['Centro Fotografia', 'Sighseeing', 'Torre Lamberti', 'Museo Conte', 'Museo Radio']",Torre Lamberti,strategy_nearest,True,0.0026357173919677734,success
0481163A9C4C80,0,['Torre Lamberti'],Arena,"['Verona Tour', 'Museo Lapidario', 'Museo Radio', 'San Fermo', 'Casa Giulietta']",Teatro Romano,strategy_nearest,False,0.004015922546386719,success
0481273A9C4C80,3,"['Casa Giulietta', 'Arena', 'Castelvecchio']",San Fermo,"['Museo Storia', 'Museo Radio', 'Centro Fotografia', 'Sighseeing', 'Torre Lamberti']",Santa Anastasia,strategy_nearest,False,0.0014910697937011719,success
0481254A9C4C80,2,"['Museo Lapidario', 'Palazzo della Ragione']",Torre Lamberti,"['Sighseeing', 'Centro Fotografia', 'Museo Conte', 'Casa Giulietta', 'AMO']",Santa Anastasia,strategy_nearest,False,0.0021560192108154297,success
0481203A9C4C80,2,"['Casa Giulietta', 'Santa Anastasia']",Teatro Romano,"['Duomo', 'AMO', 'Palazzo della Ragione', 'Museo Conte', 'Centro Fotografia']",Duomo,strategy_nearest,True,0.004577159881591797,success
04811E3A9C4C80,3,"['Duomo', 'Santa Anastasia']",Casa Giulietta,"['Centro Fotografia', 'Sighseeing', 'Torre Lamberti', 'Museo Conte', 'Museo Radio']",Arena,strategy_nearest,False,0.004006147384643555,success
0481343A9C4C80,0,"['Casa Giulietta', 'Torre Lamberti']",San Fermo,"['Museo Storia', 'Museo Radio', 'Centro Fotografia', 'Arena', 'Sighseeing']",Castelvecchio,strategy_nearest,False,0.0021257400512695312,success
04813F3A9C4C80,1,"['Arena', 'Castelvecchio']",Teatro Romano,"['Santa Anastasia', 'Duomo', 'AMO', 'Palazzo della Ragione', 'Museo Conte']",Santa Anastasia,strategy_nearest,True,0.0027048587799072266,success
04813B4A9C4C80,1,"['Arena', 'Palazzo della Ragione', 'Torre Lamberti', 'San Fermo']",Casa Giulietta,"['Centro Fotografia', 'Sighseeing', 'Museo Conte', 'Museo Radio', 'AMO']",Castelvecchio,strategy_nearest,False,0.0015091896057128906,success
04814B3A9C4C80,0,['Torre Lamberti'],Teatro Romano,"['Santa Anastasia', 'Duomo', 'AMO', 'Palazzo della Ragione', 'Museo Conte']",Casa Giulietta,strategy_nearest,False,0.0033228397369384766,success
04816D429C4C80,3,['Arena'],Santa Anastasia,"['AMO', 'Museo Conte', 'Palazzo della Ragione', 'Teatro Romano', 'Centro Fotografia']",Duomo,strategy_nearest,False,0.002065896987915039,success
0481824A9C4C80,3,"['Duomo', 'Santa Anastasia']",Casa Giulietta,"['Centro Fotografia', 'Sighseeing', 'Torre Lamberti', 'Museo Conte', 'Museo Radio']",Arena,strategy_nearest,False,0.0013761520385742188,success
04814F3A9C4C80,1,['Arena'],Casa Giulietta,"['Centro Fotografia', 'Sighseeing', 'Torre Lamberti', 'Museo Conte', 'Museo Radio']",Palazzo della Ragione,strategy_nearest,False,0.003993034362792969,success
0481543A9C4C80,3,"['Arena', 'Santa Anastasia']",Castelvecchio,"['Museo Lapidario', 'Verona Tour', 'Museo Radio', 'San Zeno', 'Sighseeing']",Teatro Romano,strategy_nearest,False,0.0033791065216064453,success
04819A4A9C4C80,3,"['Tomba Giulietta', 'Arena', 'Castelvecchio']",Duomo,"['AMO', 'Museo Miniscalchi', 'Santa Anastasia', 'Teatro Romano', 'Palazzo della Ragione']",Santa Anastasia,strategy_nearest,True,0.00160980224609375,success
0481A34A9C4C80,0,['Torre Lamberti'],Arena,"['Verona Tour', 'Museo Lapidario', 'Museo Radio', 'San Fermo', 'Casa Giulietta']",Castelvecchio,strategy_nearest,False,0.002176046371459961,success
0481AE4A9C4C80,3,"['Castelvecchio', 'Arena', 'Casa Giulietta']",Torre Lamberti,"['Sighseeing', 'Centro Fotografia', 'Museo Conte', 'Palazzo della Ragione', 'AMO']",Santa Anastasia,strategy_nearest,False,0.0026900768280029297,success
0481A54A9C4C80,0,"['Arena', 'Casa Giulietta', 'Torre Lamberti']",Duomo,"['AMO', 'Museo Miniscalchi', 'Santa Anastasia', 'Teatro Romano', 'Palazzo della Ragione']",Castelvecchio,strategy_nearest,False,0.0033957958221435547,success
0481B84A9C4C80,3,"['Arena', 'Casa Giulietta']",Torre Lamberti,"['Sighseeing', 'Centro Fotografia', 'Museo Conte', 'Palazzo della Ragione', 'AMO']",Santa Anastasia,strategy_nearest,False,0.0027000904083251953,success
0481B74A9C4C80,0,['Arena'],Casa Giulietta,"['Centro Fotografia', 'Sighseeing', 'Torre Lamberti', 'Museo Conte', 'Museo Radio']",Santa Anastasia,strategy_nearest,False,0.0035049915313720703,success
0481B44A9C4C80,0,['Arena'],Museo Lapidario,"['Verona Tour', 'Castelvecchio', 'Museo Radio', 'San Fermo', 'Casa Giulietta']",Santa Anastasia,strategy_nearest,False,0.0029947757720947266,success
0481B54A9C4C80,1,"['Teatro Romano', 'Duomo', 'Santa Anastasia', 'Casa Giulietta']",Arena,"['Verona Tour', 'Museo Lapidario', 'Museo Radio', 'San Fermo', 'Sighseeing']",Castelvecchio,strategy_nearest,False,0.002346038818359375,success
0481C3429C4C80,1,"['Casa Giulietta', 'Arena']",Torre Lamberti,"['Sighseeing', 'Centro Fotografia', 'Museo Conte', 'Palazzo della Ragione', 'AMO']",Palazzo della Ragione,strategy_nearest,True,0.0021440982818603516,success
0481D0429C4C80,0,['Casa Giulietta'],Arena,"['Verona Tour', 'Museo Lapidario', 'Museo Radio', 'San Fermo', 'Sighseeing']",Tomba Giulietta,strategy_nearest,False,0.0014579296112060547,success
0481C14A9C4C80,1,['Arena'],Casa Giulietta,"['Centro Fotografia', 'Sighseeing', 'Torre Lamberti', 'Museo Conte', 'Museo Radio']",Palazzo della Ragione,strategy_nearest,False,0.003404855728149414,success
0481CE3A9C4C80,3,"['Arena', 'Casa Giulietta']",Santa Anastasia,"['AMO', 'Museo Conte', 'Palazzo della Ragione', 'Teatro Romano', 'Centro Fotografia']",Teatro Romano,strategy_nearest,True,0.0035560131072998047,success
0481D9429C4C80,2,['Casa Giulietta'],Santa Anastasia,"['AMO', 'Museo Conte', 'Palazzo della Ragione', 'Teatro Romano', 'Centro Fotografia']",Duomo,strategy_nearest,False,0.0019037723541259766,success
0481E4429C4C80,1,"['Arena', 'Santa Anastasia', 'Palazzo della Ragione', 'Torre Lamberti']",Casa Giulietta,"['Centro Fotografia', 'Sighseeing', 'Museo Conte', 'Museo Radio', 'San Fermo']",Castelvecchio,strategy_nearest,False,0.0024347305297851562,success
0481E5429C4C80,1,"['Museo Lapidario', 'Arena', 'Castelvecchio', 'Palazzo della Ragione']",Torre Lamberti,"['Sighseeing', 'Centro Fotografia', 'Museo Conte', 'Casa Giulietta', 'AMO']",Casa Giulietta,strategy_nearest,True,0.0026886463165283203,success
0481EF3A9C4C80,0,"['Castelvecchio', 'Museo Lapidario']",San Zeno,"['Verona Tour', 'Arena', 'Museo Miniscalchi', 'Sighseeing', 'Museo Radio']",Arena,strategy_nearest,True,0.002724170684814453,success
0481EF4A9C4C80,1,"['Tomba Giulietta', 'San Fermo', 'Casa Giulietta', 'Palazzo della Ragione']",Torre Lamberti,"['Sighseeing', 'Centro Fotografia', 'Museo Conte', 'AMO', 'Museo Miniscalchi']",Santa Anastasia,strategy_nearest,False,0.001895904541015625,success
0481F3429C4C80,3,"['Arena', 'San Zeno', 'Torre Lamberti']",Teatro Romano,"['Santa Anastasia', 'Duomo', 'AMO', 'Palazzo della Ragione', 'Museo Conte']",Santa Anastasia,strategy_nearest,True,0.0032491683959960938,success
0481F34A9C4C80,1,"['Arena', 'Casa Giulietta', 'Torre Lamberti']",Palazzo della Ragione,"['AMO', 'Museo Conte', 'Centro Fotografia', 'Sighseeing', 'Santa Anastasia']",Santa Anastasia,strategy_nearest,True,0.0030317306518554688,success
0481F8429C4C80,3,"['Arena', 'Torre Lamberti', 'Santa Anastasia']",Duomo,"['AMO', 'Museo Miniscalchi', 'Teatro Romano', 'Palazzo della Ragione', 'Museo Conte']",Teatro Romano,strategy_nearest,True,0.0026781558990478516,success
0481FC429C4C80,1,"['Castelvecchio', 'Duomo', 'Casa Giulietta']",Arena,"['Verona Tour', 'Museo Lapidario', 'Museo Radio', 'San Fermo', 'Sighseeing']",Teatro Romano,strategy_nearest,False,0.0025920867919921875,success
0481FE4A9C4C80,0,"['Duomo', 'Casa Giulietta']",Arena,"['Verona Tour', 'Museo Lapidario', 'Museo Radio', 'San Fermo', 'Sighseeing']",Castelvecchio,strategy_nearest,False,0.002563953399658203,success
0482074A9C4C84,3,"['Arena', 'Casa Giulietta']",Santa Anastasia,"['AMO', 'Museo Conte', 'Palazzo della Ragione', 'Teatro Romano', 'Centro Fotografia']",Duomo,strategy_nearest,False,0.0026159286499023438,success
048207429C4C84,3,"['Torre Lamberti', 'Casa Giulietta']",Santa Anastasia,"['AMO', 'Museo Conte', 'Palazzo della Ragione', 'Teatro Romano', 'Centro Fotografia']",Arena,strategy_nearest,False,0.0019698143005371094,success
0482084A9C4C84,2,['Castelvecchio'],San Zeno,"['Verona Tour', 'Museo Lapidario', 'Arena', 'Museo Miniscalchi', 'Sighseeing']",Santa Anastasia,strategy_nearest,False,0.0032072067260742188,success
0482054A9C4C84,0,['Arena'],Torre Lamberti,"['Sighseeing', 'Centro Fotografia', 'Museo Conte', 'Casa Giulietta', 'Palazzo della Ragione']",Casa Giulietta,strategy_nearest,True,0.004945039749145508,success
0482114A9C4C84,3,"['Arena', 'Teatro Romano']",Torre Lamberti,"['Sighseeing', 'Centro Fotografia', 'Museo Conte', 'Casa Giulietta', 'Palazzo della Ragione']",Casa Giulietta,strategy_nearest,True,0.0019838809967041016,success
04820C4A9C4C84,3,"['Arena', 'Casa Giulietta']",Torre Lamberti,"['Sighseeing', 'Centro Fotografia', 'Museo Conte', 'Palazzo della Ragione', 'AMO']",Santa Anastasia,strategy_nearest,False,0.002137899398803711,success
04820F429C4C84,3,"['Arena', 'San Fermo', 'Casa Giulietta']",Torre Lamberti,"['Sighseeing', 'Centro Fotografia', 'Museo Conte', 'Palazzo della Ragione', 'AMO']",Santa Anastasia,strategy_nearest,False,0.0032529830932617188,success
04820B4A9C4C84,0,['Arena'],Torre Lamberti,"['Sighseeing', 'Centro Fotografia', 'Museo Conte', 'Casa Giulietta', 'Palazzo della Ragione']",Casa Giulietta,strategy_nearest,True,0.00400996208190918,success
04823B429C4C80,0,['Casa Giulietta'],Torre Lamberti,"['Sighseeing', 'Centro Fotografia', 'Museo Conte', 'Palazzo della Ragione', 'AMO']",Arena,strategy_nearest,False,0.002604961395263672,success
04821C429C4C84,1,"['Duomo', 'Arena']",Casa Giulietta,"['Centro Fotografia', 'Sighseeing', 'Torre Lamberti', 'Museo Conte', 'Museo Radio']",Torre Lamberti,strategy_nearest,True,0.0016078948974609375,success
0482124A9C4C84,3,"['Torre Lamberti', 'Santa Anastasia', 'Duomo']",Castelvecchio,"['Museo Lapidario', 'Verona Tour', 'Arena', 'Museo Radio', 'San Zeno']",San Zeno,strategy_nearest,True,0.003415822982788086,success
0482273A9C4C84,2,['Castelvecchio'],San Zeno,"['Verona Tour', 'Museo Lapidario', 'Arena', 'Museo Miniscalchi', 'Sighseeing']",Tomba Giulietta,strategy_nearest,False,0.0034749507904052734,success
048246429C4C80,0,"['Torre Lamberti', 'Duomo']",Casa Giulietta,"['Centro Fotografia', 'Sighseeing', 'Museo Conte', 'Museo Radio', 'Palazzo della Ragione']",Arena,strategy_nearest,False,0.0028378963470458984,success
0482653A9C4C80,1,"['Arena', 'Castelvecchio', 'Casa Giulietta']",San Fermo,"['Museo Storia', 'Museo Radio', 'Centro Fotografia', 'Sighseeing', 'Torre Lamberti']",Torre Lamberti,strategy_nearest,True,0.0018727779388427734,success
04826C429C4C80,3,"['Santa Anastasia', 'Duomo']",Torre Lamberti,"['Sighseeing', 'Centro Fotografia', 'Museo Conte', 'Casa Giulietta', 'Palazzo della Ragione']",Castelvecchio,strategy_nearest,False,0.002801179885864258,success
04826D429C4C80,3,"['Tomba Giulietta', 'Arena']",Casa Giulietta,"['Centro Fotografia', 'Sighseeing', 'Torre Lamberti', 'Museo Conte', 'Museo Radio']",Santa Anastasia,strategy_nearest,False,0.0033740997314453125,success
04828E4A9C4C80,0,"['Arena', 'Torre Lamberti']",Duomo,"['AMO', 'Museo Miniscalchi', 'Santa Anastasia', 'Teatro Romano', 'Palazzo della Ragione']",Casa Giulietta,strategy_nearest,False,0.0015361309051513672,success
04828E429C4C80,1,['Arena'],Torre Lamberti,"['Sighseeing', 'Centro Fotografia', 'Museo Conte', 'Casa Giulietta', 'Palazzo della Ragione']",Palazzo della Ragione,strategy_nearest,True,0.0027780532836914062,success
0482744A9C4C80,3,"['Arena', 'Castelvecchio']",San Zeno,"['Verona Tour', 'Museo Lapidario', 'Museo Miniscalchi', 'Sighseeing', 'Museo Radio']",Duomo,strategy_nearest,False,0.003985881805419922,success
0482994A9C4C80,0,"['Arena', 'Casa Giulietta']",Torre Lamberti,"['Sighseeing', 'Centro Fotografia', 'Museo Conte', 'Palazzo della Ragione', 'AMO']",Tomba Giulietta,strategy_nearest,False,0.003269195556640625,success
0482A7429C4C80,3,"['Castelvecchio', 'Arena']",Torre Lamberti,"['Sighseeing', 'Centro Fotografia', 'Museo Conte', 'Casa Giulietta', 'Palazzo della Ragione']",Santa Anastasia,strategy_nearest,False,0.0021140575408935547,success
0482B04A9C4C80,0,['Torre Lamberti'],Casa Giulietta,"['Centro Fotografia', 'Sighseeing', 'Museo Conte', 'Museo Radio', 'Palazzo della Ragione']",Arena,strategy_nearest,False,0.0026230812072753906,success
0482A04A9C4C80,0,['Arena'],Casa Giulietta,"['Centro Fotografia', 'Sighseeing', 'Torre Lamberti', 'Museo Conte', 'Museo Radio']",Santa Anastasia,strategy_nearest,False,0.0022170543670654297,success
0482A34A9C4C80,3,"['Teatro Romano', 'Casa Giulietta', 'Torre Lamberti']",Castelvecchio,"['Museo Lapidario', 'Verona Tour', 'Arena', 'Museo Radio', 'San Zeno']",Museo Lapidario,strategy_nearest,True,0.0039517879486083984,success
0482B14A9C4C80,1,"['Arena', 'San Fermo', 'Casa Giulietta']",Palazzo della Ragione,"['AMO', 'Museo Conte', 'Torre Lamberti', 'Centro Fotografia', 'Sighseeing']",Torre Lamberti,strategy_nearest,True,0.0027430057525634766,success
0482B3429C4C80,0,['Arena'],Torre Lamberti,"['Sighseeing', 'Centro Fotografia', 'Museo Conte', 'Casa Giulietta', 'Palazzo della Ragione']",Casa Giulietta,strategy_nearest,True,0.0015287399291992188,success
0482C1429C4C80,1,['Arena'],Palazzo della Ragione,"['AMO', 'Museo Conte', 'Torre Lamberti', 'Centro Fotografia', 'Sighseeing']",Casa Giulietta,strategy_nearest,False,0.002096891403198242,success
0482CC3A9C4C80,0,['Castelvecchio'],Arena,"['Verona Tour', 'Museo Lapidario', 'Museo Radio', 'San Fermo', 'Casa Giulietta']",Casa Giulietta,strategy_nearest,True,0.0032041072845458984,success
0482CE3A9C4C80,1,"['Arena', 'Castelvecchio']",Casa Giulietta,"['Centro Fotografia', 'Sighseeing', 'Torre Lamberti', 'Museo Conte', 'Museo Radio']",Palazzo della Ragione,strategy_nearest,False,0.002184152603149414,success
0482D73A9C4C80,0,['Arena'],Casa Giulietta,"['Centro Fotografia', 'Sighseeing', 'Torre Lamberti', 'Museo Conte', 'Museo Radio']",Torre Lamberti,strategy_nearest,True,0.0025680065155029297,success
0482D24A9C4C80,3,"['Arena', 'Casa Giulietta']",Torre Lamberti,"['Sighseeing', 'Centro Fotografia', 'Museo Conte', 'Palazzo della Ragione', 'AMO']",Santa Anastasia,strategy_nearest,False,0.0021381378173828125,success
0482CF4A9C4C80,1,"['Castelvecchio', 'Arena']",Casa Giulietta,"['Centro Fotografia', 'Sighseeing', 'Torre Lamberti', 'Museo Conte', 'Museo Radio']",Palazzo della Ragione,strategy_nearest,False,0.0033419132232666016,success
0482E9429C4C80,1,"['Arena', 'Casa Giulietta', 'Torre Lamberti', 'Santa Anastasia']",Duomo,"['AMO', 'Museo Miniscalchi', 'Teatro Romano', 'Palazzo della Ragione', 'Museo Conte']",Teatro Romano,strategy_nearest,True,0.0020809173583984375,success
0482E5429C4C80,1,"['Museo Lapidario', 'Arena', 'Castelvecchio', 'Palazzo della Ragione']",Casa Giulietta,"['Centro Fotografia', 'Sighseeing', 'Torre Lamberti', 'Museo Conte', 'Museo Radio']",Santa Anastasia,strategy_nearest,False,0.003445863723754883,success
0482E8BA7B3F80,2,['Museo Lapidario'],Torre Lamberti,"['Sighseeing', 'Centro Fotografia', 'Museo Conte', 'Casa Giulietta', 'Palazzo della Ragione']",Palazzo della Ragione,strategy_nearest,True,0.0016057491302490234,success
0482EB4A9C4C80,0,['Arena'],Casa Giulietta,"['Centro Fotografia', 'Sighseeing', 'Torre Lamberti', 'Museo Conte', 'Museo Radio']",Torre Lamberti,strategy_nearest,True,0.0026018619537353516,success
0482F13A9C4C80,0,['Casa Giulietta'],Arena,"['Verona Tour', 'Museo Lapidario', 'Museo Radio', 'San Fermo', 'Sighseeing']",San Zeno,strategy_nearest,False,0.002103090286254883,success
0482F6429C4C80,1,"['Tomba Giulietta', 'San Fermo', 'Duomo']",Castelvecchio,"['Museo Lapidario', 'Verona Tour', 'Arena', 'Museo Radio', 'San Zeno']",Arena,strategy_nearest,True,0.001413106918334961,success
0482EF4A9C4C80,0,"['Arena', 'Torre Lamberti']",Casa Giulietta,"['Centro Fotografia', 'Sighseeing', 'Museo Conte', 'Museo Radio', 'Palazzo della Ragione']",Duomo,strategy_nearest,False,0.0033762454986572266,success
0482ED429C4C80,3,"['Castelvecchio', 'San Zeno', 'Arena']",Torre Lamberti,"['Sighseeing', 'Centro Fotografia', 'Museo Conte', 'Casa Giulietta', 'Palazzo della Ragione']",Santa Anastasia,strategy_nearest,False,0.003987312316894531,success
048305429C4C84,3,"['Arena', 'Castelvecchio']",Casa Giulietta,"['Centro Fotografia', 'Sighseeing', 'Torre Lamberti', 'Museo Conte', 'Museo Radio']",Santa Anastasia,strategy_nearest,False,0.0015120506286621094,success
048301429C4C84,1,"['Arena', 'Palazzo della Ragione', 'Torre Lamberti']",Casa Giulietta,"['Centro Fotografia', 'Sighseeing', 'Museo Conte', 'Museo Radio', 'San Fermo']",Santa Anastasia,strategy_nearest,False,0.003957033157348633,success
0483054A9C4C84,0,['Arena'],Casa Giulietta,"['Centro Fotografia', 'Sighseeing', 'Torre Lamberti', 'Museo Conte', 'Museo Radio']",Castelvecchio,strategy_nearest,False,0.0026390552520751953,success
0482F94A9C4C80,2,['Casa Giulietta'],Torre Lamberti,"['Sighseeing', 'Centro Fotografia', 'Museo Conte', 'Palazzo della Ragione', 'AMO']",Duomo,strategy_nearest,False,0.003407001495361328,success
04830C429C4C84,1,"['Casa Giulietta', 'Arena']",Duomo,"['AMO', 'Museo Miniscalchi', 'Santa Anastasia', 'Teatro Romano', 'Palazzo della Ragione']",Torre Lamberti,strategy_nearest,False,0.002679109573364258,success
04830B4A9C4C84,1,"['Arena', 'Palazzo della Ragione']",Torre Lamberti,"['Sighseeing', 'Centro Fotografia', 'Museo Conte', 'Casa Giulietta', 'AMO']",Casa Giulietta,strategy_nearest,True,0.002084970474243164,success
0483084A9C4C84,3,"['Arena', 'Torre Lamberti']",Santa Anastasia,"['AMO', 'Museo Conte', 'Palazzo della Ragione', 'Teatro Romano', 'Centro Fotografia']",Duomo,strategy_nearest,False,0.0015151500701904297,success
04830D429C4C84,3,"['Arena', 'Torre Lamberti']",Santa Anastasia,"['AMO', 'Museo Conte', 'Palazzo della Ragione', 'Teatro Romano', 'Centro Fotografia']",Duomo,strategy_nearest,False,0.0032520294189453125,success
04830F429C4C84,3,['Torre Lamberti'],Santa Anastasia,"['AMO', 'Museo Conte', 'Palazzo della Ragione', 'Teatro Romano', 'Centro Fotografia']",Giardino Giusti,strategy_nearest,False,0.0019741058349609375,success
0483163A9C4C80,1,"['Palazzo della Ragione', 'Torre Lamberti', 'Castelvecchio']",San Zeno,"['Verona Tour', 'Museo Lapidario', 'Arena', 'Museo Miniscalchi', 'Sighseeing']",Arena,strategy_nearest,True,0.0031681060791015625,success
048310429C4C84,0,['Castelvecchio'],Arena,"['Verona Tour', 'Museo Lapidario', 'Museo Radio', 'San Fermo', 'Casa Giulietta']",San Fermo,strategy_nearest,True,0.002050161361694336,success
04830E3A9C4C80,0,['Arena'],Casa Giulietta,"['Centro Fotografia', 'Sighseeing', 'Torre Lamberti', 'Museo Conte', 'Museo Radio']",San Fermo,strategy_nearest,False,0.00337982177734375,success
0483184A9C4C80,2,"['Duomo', 'Teatro Romano']",Castelvecchio,"['Museo Lapidario', 'Verona Tour', 'Arena', 'Museo Radio', 'San Zeno']",San Zeno,strategy_nearest,True,0.0033500194549560547,success
048320429C4C84,3,"['Teatro Romano', 'Duomo']",Arena,"['Verona Tour', 'Museo Lapidario', 'Museo Radio', 'San Fermo', 'Casa Giulietta']",Castelvecchio,strategy_nearest,False,0.0014388561248779297,success
048325429C4C84,0,['Santa Anastasia'],Casa Giulietta,"['Centro Fotografia', 'Sighseeing', 'Torre Lamberti', 'Museo Conte', 'Museo Radio']",Arena,strategy_nearest,False,0.0026092529296875,success
04831D4A9C4C80,0,['Arena'],Duomo,"['AMO', 'Museo Miniscalchi', 'Santa Anastasia', 'Teatro Romano', 'Palazzo della Ragione']",Casa Giulietta,strategy_nearest,False,0.002148151397705078,success
04833D4A9C4C80,3,"['Arena', 'Casa Giulietta', 'Santa Anastasia']",Giardino Giusti,"['Teatro Romano', 'Museo Conte', 'Centro Fotografia', 'Museo Storia', 'AMO']",Duomo,strategy_nearest,False,0.0019986629486083984,success
0483273A9C4C84,3,['Santa Anastasia'],Duomo,"['AMO', 'Museo Miniscalchi', 'Teatro Romano', 'Palazzo della Ragione', 'Museo Conte']",Arena,strategy_nearest,False,0.002713918685913086,success
0483434A9C4C80,2,"['Casa Giulietta', 'San Fermo']",Torre Lamberti,"['Sighseeing', 'Centro Fotografia', 'Museo Conte', 'Palazzo della Ragione', 'AMO']",Palazzo della Ragione,strategy_nearest,True,0.0013988018035888672,success
0483273A9C4C80,3,"['Casa Giulietta', 'Arena', 'Castelvecchio']",San Fermo,"['Museo Storia', 'Museo Radio', 'Centro Fotografia', 'Sighseeing', 'Torre Lamberti']",Santa Anastasia,strategy_nearest,False,0.003398895263671875,success
0483863A9C4C80,3,"['Teatro Romano', 'Arena']",Castelvecchio,"['Museo Lapidario', 'Verona Tour', 'Museo Radio', 'San Zeno', 'Sighseeing']",San Zeno,strategy_nearest,True,0.0019731521606445312,success
04836B429C4C80,3,"['Arena', 'Casa Giulietta']",Torre Lamberti,"['Sighseeing', 'Centro Fotografia', 'Museo Conte', 'Palazzo della Ragione', 'AMO']",Santa Anastasia,strategy_nearest,False,0.0015630722045898438,success
04834A429C4C80,2,"['Casa Giulietta', 'Santa Anastasia']",Torre Lamberti,"['Sighseeing', 'Centro Fotografia', 'Museo Conte', 'Palazzo della Ragione', 'AMO']",Castelvecchio,strategy_nearest,False,0.0034258365631103516,success
048366BA7B3F80,0,['Arena'],Castelvecchio,"['Museo Lapidario', 'Verona Tour', 'Museo Radio', 'San Zeno', 'Sighseeing']",Torre Lamberti,strategy_nearest,False,0.004012107849121094,success
048391429C4C80,0,"['Casa Giulietta', 'Torre Lamberti']",Arena,"['Verona Tour', 'Museo Lapidario', 'Museo Radio', 'San Fermo', 'Sighseeing']",Museo Lapidario,strategy_nearest,True,0.003943204879760742,success
04839B429C4C80,0,['Casa Giulietta'],Teatro Romano,"['Santa Anastasia', 'Duomo', 'AMO', 'Palazzo della Ragione', 'Museo Conte']",Arena,strategy_nearest,False,0.0015370845794677734,success
0483A24A9C4C80,0,['Teatro Romano'],Casa Giulietta,"['Centro Fotografia', 'Sighseeing', 'Torre Lamberti', 'Museo Conte', 'Museo Radio']",Arena,strategy_nearest,False,0.002104043960571289,success
0483A34A9C4C80,2,"['Casa Giulietta', 'Torre Lamberti']",Santa Anastasia,"['AMO', 'Museo Conte', 'Palazzo della Ragione', 'Teatro Romano', 'Centro Fotografia']",Teatro Romano,strategy_nearest,True,0.0031299591064453125,success
0483B04A9C4C80,0,"['Arena', 'Casa Giulietta']",Torre Lamberti,"['Sighseeing', 'Centro Fotografia', 'Museo Conte', 'Palazzo della Ragione', 'AMO']",Museo Lapidario,strategy_nearest,False,0.0016698837280273438,success
0483B44A9C4C80,0,"['Arena', 'Casa Giulietta']",Torre Lamberti,"['Sighseeing', 'Centro Fotografia', 'Museo Conte', 'Palazzo della Ragione', 'AMO']",Duomo,strategy_nearest,False,0.0033960342407226562,success
0483B34A9C4C80,1,"['Arena', 'Casa Giulietta']",Santa Anastasia,"['AMO', 'Museo Conte', 'Palazzo della Ragione', 'Teatro Romano', 'Centro Fotografia']",Castelvecchio,strategy_nearest,False,0.002215862274169922,success
0483B14A9C4C80,1,['Arena'],Casa Giulietta,"['Centro Fotografia', 'Sighseeing', 'Torre Lamberti', 'Museo Conte', 'Museo Radio']",Palazzo della Ragione,strategy_nearest,False,0.0028607845306396484,success
0483BD4A9C4C80,0,['Arena'],Torre Lamberti,"['Sighseeing', 'Centro Fotografia', 'Museo Conte', 'Casa Giulietta', 'Palazzo della Ragione']",Casa Giulietta,strategy_nearest,True,0.0015418529510498047,success
0483B64A9C4C80,0,['Arena'],Casa Giulietta,"['Centro Fotografia', 'Sighseeing', 'Torre Lamberti', 'Museo Conte', 'Museo Radio']",Santa Anastasia,strategy_nearest,False,0.002804279327392578,success
0483C23A9C4C80,3,['Arena'],Casa Giulietta,"['Centro Fotografia', 'Sighseeing', 'Torre Lamberti', 'Museo Conte', 'Museo Radio']",Santa Anastasia,strategy_nearest,False,0.0032639503479003906,success
0483C04A9C4C80,1,"['Arena', 'San Fermo', 'Casa Giulietta']",Torre Lamberti,"['Sighseeing', 'Centro Fotografia', 'Museo Conte', 'Palazzo della Ragione', 'AMO']",Palazzo della Ragione,strategy_nearest,True,0.0020678043365478516,success
0483C64A9C4C80,0,['Arena'],Casa Giulietta,"['Centro Fotografia', 'Sighseeing', 'Torre Lamberti', 'Museo Conte', 'Museo Radio']",Duomo,strategy_nearest,False,0.0027167797088623047,success
0483C74A9C4C80,3,"['Arena', 'Casa Giulietta']",Duomo,"['AMO', 'Museo Miniscalchi', 'Santa Anastasia', 'Teatro Romano', 'Palazzo della Ragione']",Santa Anastasia,strategy_nearest,True,0.0014216899871826172,success
0483C34A9C4C80,2,['Casa Giulietta'],Santa Anastasia,"['AMO', 'Museo Conte', 'Palazzo della Ragione', 'Teatro Romano', 'Centro Fotografia']",Castelvecchio,strategy_nearest,False,0.003931283950805664,success
0483C84A9C4C80,1,['Arena'],Casa Giulietta,"['Centro Fotografia', 'Sighseeing', 'Torre Lamberti', 'Museo Conte', 'Museo Radio']",Torre Lamberti,strategy_nearest,True,0.002578258514404297,success
0483E9429C4C80,3,"['Teatro Romano', 'Arena', 'Torre Lamberti']",Casa Giulietta,"['Centro Fotografia', 'Sighseeing', 'Museo Conte', 'Museo Radio', 'Palazzo della Ragione']",San Fermo,strategy_nearest,False,0.0020799636840820312,success
0483CF4A9C4C80,3,['Arena'],Casa Giulietta,"['Centro Fotografia', 'Sighseeing', 'Torre Lamberti', 'Museo Conte', 'Museo Radio']",Santa Anastasia,strategy_nearest,False,0.0016031265258789062,success
0483E7C27B3F80,0,"['Teatro Romano', 'Arena']",Giardino Giusti,"['Santa Anastasia', 'Museo Conte', 'Centro Fotografia', 'Museo Storia', 'AMO']",San Zeno,strategy_nearest,False,0.0027959346771240234,success
0483D14A9C4C80,0,['Arena'],Casa Giulietta,"['Centro Fotografia', 'Sighseeing', 'Torre Lamberti', 'Museo Conte', 'Museo Radio']",Torre Lamberti,strategy_nearest,True,0.0034568309783935547,success
0483EF4A9C4C80,0,"['Arena', 'Tomba Giulietta']",Museo Lapidario,"['Verona Tour', 'Castelvecchio', 'Museo Radio', 'San Fermo', 'Casa Giulietta']",Castelvecchio,strategy_nearest,True,0.003310680389404297,success
0483F24A9C4C80,0,['Arena'],Duomo,"['AMO', 'Museo Miniscalchi', 'Santa Anastasia', 'Teatro Romano', 'Palazzo della Ragione']",Castelvecchio,strategy_nearest,False,0.0027008056640625,success
0483EC3A9C4C80,0,['Castelvecchio'],Casa Giulietta,"['Centro Fotografia', 'Sighseeing', 'Torre Lamberti', 'Museo Conte', 'Museo Radio']",Arena,strategy_nearest,False,0.0028219223022460938,success
0483EB4A9C4C80,0,"['Arena', 'Casa Giulietta']",Torre Lamberti,"['Sighseeing', 'Centro Fotografia', 'Museo Conte', 'Palazzo della Ragione', 'AMO']",Castelvecchio,strategy_nearest,False,0.0028700828552246094,success
0483F34A9C4C80,3,"['Arena', 'Casa Giulietta']",Torre Lamberti,"['Sighseeing', 'Centro Fotografia', 'Museo Conte', 'Palazzo della Ragione', 'AMO']",Santa Anastasia,strategy_nearest,False,0.00133514404296875,success
0483F6429C4C80,1,"['Arena', 'Castelvecchio']",Palazzo della Ragione,"['AMO', 'Museo Conte', 'Torre Lamberti', 'Centro Fotografia', 'Sighseeing']",Torre Lamberti,strategy_nearest,True,0.0027298927307128906,success
0483FD429C4C80,2,"['San Zeno', 'Duomo']",Castelvecchio,"['Museo Lapidario', 'Verona Tour', 'Arena', 'Museo Radio', 'Sighseeing']",Torre Lamberti,strategy_nearest,False,0.0032939910888671875,success
0483F94A9C4C80,2,['Casa Giulietta'],Torre Lamberti,"['Sighseeing', 'Centro Fotografia', 'Museo Conte', 'Palazzo della Ragione', 'AMO']",Santa Anastasia,strategy_nearest,False,0.002093791961669922,success
0484094A9C4C80,0,"['Arena', 'Museo Lapidario']",Castelvecchio,"['Verona Tour', 'Museo Radio', 'San Zeno', 'Sighseeing', 'Museo Miniscalchi']",Casa Giulietta,strategy_nearest,False,0.0026140213012695312,success
04840A4A9C4C84,3,"['Arena', 'Torre Lamberti']",Santa Anastasia,"['AMO', 'Museo Conte', 'Palazzo della Ragione', 'Teatro Romano', 'Centro Fotografia']",Duomo,strategy_nearest,False,0.0019447803497314453,success
0484014A9C4C84,0,"['Museo Lapidario', 'Arena']",Casa Giulietta,"['Centro Fotografia', 'Sighseeing', 'Torre Lamberti', 'Museo Conte', 'Museo Radio']",Torre Lamberti,strategy_nearest,True,0.0033740997314453125,success
0484054A9C4C84,0,['Arena'],Casa Giulietta,"['Centro Fotografia', 'Sighseeing', 'Torre Lamberti', 'Museo Conte', 'Museo Radio']",Torre Lamberti,strategy_nearest,True,0.004030942916870117,success
048411429C4C80,1,"['Casa Giulietta', 'Torre Lamberti']",Palazzo della Ragione,"['AMO', 'Museo Conte', 'Centro Fotografia', 'Sighseeing', 'Santa Anastasia']",Arena,strategy_nearest,False,0.0019998550415039062,success
04840B4A9C4C84,3,"['Arena', 'Casa Giulietta']",Santa Anastasia,"['AMO', 'Museo Conte', 'Palazzo della Ragione', 'Teatro Romano', 'Centro Fotografia']",Duomo,strategy_nearest,False,0.0034339427947998047,success
04840C429C4C84,1,"['Duomo', 'Teatro Romano', 'Casa Giulietta', 'Arena', 'Tomba Giulietta']",San Fermo,"['Museo Storia', 'Museo Radio', 'Centro Fotografia', 'Sighseeing', 'Torre Lamberti']",Torre Lamberti,strategy_nearest,True,0.002190113067626953,success
04840D429C4C80,0,['Teatro Romano'],Castelvecchio,"['Museo Lapidario', 'Verona Tour', 'Arena', 'Museo Radio', 'San Zeno']",Torre Lamberti,strategy_nearest,False,0.003957033157348633,success
048413429C4C84,3,"['Castelvecchio', 'Teatro Romano']",Duomo,"['AMO', 'Museo Miniscalchi', 'Santa Anastasia', 'Palazzo della Ragione', 'Museo Conte']",Casa Giulietta,strategy_nearest,False,0.002744913101196289,success
0484183A9C4C84,1,"['Arena', 'Casa Giulietta', 'Torre Lamberti', 'Palazzo della Ragione']",Castelvecchio,"['Museo Lapidario', 'Verona Tour', 'Museo Radio', 'San Zeno', 'Sighseeing']",San Zeno,strategy_nearest,True,0.0028133392333984375,success
04841FBA7B3F80,3,"['Museo Lapidario', 'Castelvecchio']",Arena,"['Verona Tour', 'Museo Radio', 'San Fermo', 'Casa Giulietta', 'Sighseeing']",Santa Anastasia,strategy_nearest,False,0.003219127655029297,success
04841C3A9C4C80,2,"['Casa Giulietta', 'Palazzo della Ragione', 'Santa Anastasia']",Duomo,"['AMO', 'Museo Miniscalchi', 'Teatro Romano', 'Museo Conte', 'Torre Lamberti']",Castelvecchio,strategy_nearest,False,0.0021288394927978516,success
048427429C4C84,0,['Arena'],Casa Giulietta,"['Centro Fotografia', 'Sighseeing', 'Torre Lamberti', 'Museo Conte', 'Museo Radio']",Tomba Giulietta,strategy_nearest,False,0.002500772476196289,success
048425429C4C84,4,"['Arena', 'Casa Giulietta', 'San Fermo', 'Giardino Giusti', 'Teatro Romano']",Castelvecchio,"['Museo Lapidario', 'Verona Tour', 'Museo Radio', 'San Zeno', 'Sighseeing']",Torre Lamberti,strategy_nearest,False,0.001971006393432617,success
0484204A9C4C80,1,"['Museo Lapidario', 'Castelvecchio', 'San Zeno', 'Arena', 'Tomba Giulietta', 'Duomo']",Santa Anastasia,"['AMO', 'Museo Conte', 'Palazzo della Ragione', 'Teatro Romano', 'Centro Fotografia']",Torre Lamberti,strategy_nearest,False,0.0014090538024902344,success
048428429C4C84,0,['Arena'],Castelvecchio,"['Museo Lapidario', 'Verona Tour', 'Museo Radio', 'San Zeno', 'Sighseeing']",Tomba Giulietta,strategy_nearest,False,0.003253936767578125,success
0484364A9C4C80,1,"['Arena', 'San Zeno', 'Teatro Romano']",Santa Anastasia,"['AMO', 'Museo Conte', 'Palazzo della Ragione', 'Centro Fotografia', 'Duomo']",Duomo,strategy_nearest,True,0.00273895263671875,success
0484293A9C4C80,0,"['Castelvecchio', 'Arena']",Casa Giulietta,"['Centro Fotografia', 'Sighseeing', 'Torre Lamberti', 'Museo Conte', 'Museo Radio']",Duomo,strategy_nearest,False,0.0033609867095947266,success
04844F3A9C4C80,0,"['Arena', 'Tomba Giulietta']",San Fermo,"['Museo Storia', 'Museo Radio', 'Casa Giulietta', 'Centro Fotografia', 'Sighseeing']",Casa Giulietta,strategy_nearest,True,0.0031499862670898438,success
0484394A9C4C80,1,"['Arena', 'San Zeno']",Castelvecchio,"['Museo Lapidario', 'Verona Tour', 'Museo Radio', 'Sighseeing', 'Museo Miniscalchi']",Torre Lamberti,strategy_nearest,False,0.0015201568603515625,success
04846C3A9C4C80,1,"['Arena', 'Casa Giulietta', 'Torre Lamberti']",Palazzo della Ragione,"['AMO', 'Museo Conte', 'Centro Fotografia', 'Sighseeing', 'Santa Anastasia']",Duomo,strategy_nearest,False,0.003371715545654297,success
0484513A9C4C80,3,"['Duomo', 'Teatro Romano']",Casa Giulietta,"['Centro Fotografia', 'Sighseeing', 'Torre Lamberti', 'Museo Conte', 'Museo Radio']",San Fermo,strategy_nearest,False,0.0034029483795166016,success
0484663A9C4C80,3,"['Arena', 'Casa Giulietta']",Teatro Romano,"['Santa Anastasia', 'Duomo', 'AMO', 'Palazzo della Ragione', 'Museo Conte']",Torre Lamberti,strategy_nearest,False,0.0016109943389892578,success
048473429C4C80,0,['Arena'],Torre Lamberti,"['Sighseeing', 'Centro Fotografia', 'Museo Conte', 'Casa Giulietta', 'Palazzo della Ragione']",Teatro Romano,strategy_nearest,False,0.0020339488983154297,success
04849E429C4C80,2,"['Castelvecchio', 'Museo Lapidario', 'Casa Giulietta']",Torre Lamberti,"['Sighseeing', 'Centro Fotografia', 'Museo Conte', 'Palazzo della Ragione', 'AMO']",Santa Anastasia,strategy_nearest,False,0.0025670528411865234,success
04848F4A9C4C80,3,"['Arena', 'Castelvecchio']",Duomo,"['AMO', 'Museo Miniscalchi', 'Santa Anastasia', 'Teatro Romano', 'Palazzo della Ragione']",Teatro Romano,strategy_nearest,True,0.0020537376403808594,success
0484774A9C4C80,0,['Arena'],Torre Lamberti,"['Sighseeing', 'Centro Fotografia', 'Museo Conte', 'Casa Giulietta', 'Palazzo della Ragione']",Casa Giulietta,strategy_nearest,True,0.0014688968658447266,success
04848B4A9C4C80,0,"['Casa Giulietta', 'Torre Lamberti']",Arena,"['Verona Tour', 'Museo Lapidario', 'Museo Radio', 'San Fermo', 'Sighseeing']",Duomo,strategy_nearest,False,0.0034532546997070312,success
0484AE4A9C4C80,3,['Arena'],Teatro Romano,"['Santa Anastasia', 'Duomo', 'AMO', 'Palazzo della Ragione', 'Museo Conte']",Casa Giulietta,strategy_nearest,False,0.0027611255645751953,success
0484BB4A9C4C80,0,['Arena'],Torre Lamberti,"['Sighseeing', 'Centro Fotografia', 'Museo Conte', 'Casa Giulietta', 'Palazzo della Ragione']",Casa Giulietta,strategy_nearest,True,0.003270864486694336,success
0484B94A9C4C80,3,"['Arena', 'Santa Anastasia', 'Duomo']",Teatro Romano,"['AMO', 'Palazzo della Ragione', 'Museo Conte', 'Centro Fotografia', 'Museo Miniscalchi']",Torre Lamberti,strategy_nearest,False,0.0015549659729003906,success
04849E4A9C4C80,3,"['Tomba Giulietta', 'Arena', 'Castelvecchio']",Duomo,"['AMO', 'Museo Miniscalchi', 'Santa Anastasia', 'Teatro Romano', 'Palazzo della Ragione']",Santa Anastasia,strategy_nearest,True,0.002794981002807617,success
0484CF429C4C80,1,"['Arena', 'Castelvecchio', 'San Zeno']",Teatro Romano,"['Santa Anastasia', 'Duomo', 'AMO', 'Palazzo della Ragione', 'Museo Conte']",Torre Lamberti,strategy_nearest,False,0.0013399124145507812,success
0484CE4A9C4C80,3,"['Duomo', 'Casa Giulietta']",Santa Anastasia,"['AMO', 'Museo Conte', 'Palazzo della Ragione', 'Teatro Romano', 'Centro Fotografia']",Torre Lamberti,strategy_nearest,False,0.0020520687103271484,success
0484C34A9C4C80,0,"['Arena', 'Museo Lapidario']",Castelvecchio,"['Verona Tour', 'Museo Radio', 'San Zeno', 'Sighseeing', 'Museo Miniscalchi']",Tomba Giulietta,strategy_nearest,False,0.00279998779296875,success
0484CA3A9C4C80,0,['Casa Giulietta'],Torre Lamberti,"['Sighseeing', 'Centro Fotografia', 'Museo Conte', 'Palazzo della Ragione', 'AMO']",Arena,strategy_nearest,False,0.0033719539642333984,success
0484EA3A9C4C80,1,['Arena'],Casa Giulietta,"['Centro Fotografia', 'Sighseeing', 'Torre Lamberti', 'Museo Conte', 'Museo Radio']",Palazzo della Ragione,strategy_nearest,False,0.0045070648193359375,success
0484F34A9C4C80,1,"['Arena', 'Casa Giulietta', 'Torre Lamberti']",Palazzo della Ragione,"['AMO', 'Museo Conte', 'Centro Fotografia', 'Sighseeing', 'Santa Anastasia']",Santa Anastasia,strategy_nearest,True,0.001466989517211914,success
0484F6429C4C80,2,"['Tomba Giulietta', 'Castelvecchio']",San Zeno,"['Verona Tour', 'Museo Lapidario', 'Arena', 'Museo Miniscalchi', 'Sighseeing']",Casa Giulietta,strategy_nearest,False,0.001986980438232422,success
0484CF4A9C4C80,0,"['Arena', 'Torre Lamberti']",Casa Giulietta,"['Centro Fotografia', 'Sighseeing', 'Museo Conte', 'Museo Radio', 'Palazzo della Ragione']",Teatro Romano,strategy_nearest,False,0.003944873809814453,success
0485014A9C4C84,0,"['Arena', 'Tomba Giulietta', 'Casa Giulietta']",Torre Lamberti,"['Sighseeing', 'Centro Fotografia', 'Museo Conte', 'Palazzo della Ragione', 'AMO']",Castelvecchio,strategy_nearest,False,0.001519918441772461,success
0484F74A9C4C80,0,"['Arena', 'Tomba Giulietta']",Casa Giulietta,"['Centro Fotografia', 'Sighseeing', 'Torre Lamberti', 'Museo Conte', 'Museo Radio']",Torre Lamberti,strategy_nearest,True,0.002154111862182617,success
0484F64A9C4C80,0,"['Arena', 'Castelvecchio']",Casa Giulietta,"['Centro Fotografia', 'Sighseeing', 'Torre Lamberti', 'Museo Conte', 'Museo Radio']",Museo Lapidario,strategy_nearest,False,0.002794027328491211,success
0485034A9C4C84,1,"['Arena', 'Casa Giulietta', 'Santa Anastasia', 'Duomo']",Torre Lamberti,"['Sighseeing', 'Centro Fotografia', 'Museo Conte', 'Palazzo della Ragione', 'AMO']",Palazzo della Ragione,strategy_nearest,True,0.0032248497009277344,success
0485064A9C4C84,1,"['Casa Giulietta', 'Santa Anastasia', 'Duomo']",Palazzo della Ragione,"['AMO', 'Museo Conte', 'Torre Lamberti', 'Centro Fotografia', 'Sighseeing']",Torre Lamberti,strategy_nearest,True,0.0033521652221679688,success
04850B429C4C84,0,"['Arena', 'Tomba Giulietta']",Casa Giulietta,"['Centro Fotografia', 'Sighseeing', 'Torre Lamberti', 'Museo Conte', 'Museo Radio']",Castelvecchio,strategy_nearest,False,0.0039141178131103516,success
04850B4A9C4C84,2,['Castelvecchio'],Casa Giulietta,"['Centro Fotografia', 'Sighseeing', 'Torre Lamberti', 'Museo Conte', 'Museo Radio']",Santa Anastasia,strategy_nearest,False,0.0021140575408935547,success
04850C4A9C4C80,1,"['Casa Giulietta', 'Torre Lamberti', 'Palazzo della Ragione']",Duomo,"['AMO', 'Museo Miniscalchi', 'Santa Anastasia', 'Teatro Romano', 'Museo Conte']",Arena,strategy_nearest,False,0.0014240741729736328,success
048512429C4C84,0,['Arena'],Casa Giulietta,"['Centro Fotografia', 'Sighseeing', 'Torre Lamberti', 'Museo Conte', 'Museo Radio']",Torre Lamberti,strategy_nearest,True,0.002201080322265625,success
0485143A9C4C80,3,"['Arena', 'Casa Giulietta', 'Santa Anastasia', 'Museo Storia']",San Fermo,"['Museo Radio', 'Centro Fotografia', 'Sighseeing', 'Torre Lamberti', 'Museo Conte']",Tomba Giulietta,strategy_nearest,False,0.002750873565673828,success
0485254A9C4C80,1,"['Teatro Romano', 'Duomo', 'Arena']",Castelvecchio,"['Museo Lapidario', 'Verona Tour', 'Museo Radio', 'San Zeno', 'Sighseeing']",Santa Anastasia,strategy_nearest,False,0.0013630390167236328,success
048513429C4C84,1,"['Arena', 'Casa Giulietta', 'Palazzo della Ragione', 'Torre Lamberti']",Santa Anastasia,"['AMO', 'Museo Conte', 'Teatro Romano', 'Centro Fotografia', 'Duomo']",Tomba Giulietta,strategy_nearest,False,0.0034241676330566406,success
0485364A9C4C80,1,"['Arena', 'Museo Lapidario', 'Castelvecchio', 'Teatro Romano']",Torre Lamberti,"['Sighseeing', 'Centro Fotografia', 'Museo Conte', 'Casa Giulietta', 'Palazzo della Ragione']",Casa Giulietta,strategy_nearest,True,0.001546621322631836,success
048526429C4C84,0,['Arena'],Torre Lamberti,"['Sighseeing', 'Centro Fotografia', 'Museo Conte', 'Casa Giulietta', 'Palazzo della Ragione']",Casa Giulietta,strategy_nearest,True,0.003392934799194336,success
0485314A9C4C80,0,"['Arena', 'Museo Lapidario']",Santa Anastasia,"['AMO', 'Museo Conte', 'Palazzo della Ragione', 'Teatro Romano', 'Centro Fotografia']",Casa Giulietta,strategy_nearest,False,0.0027811527252197266,success
0485374A9C4C80,0,['Castelvecchio'],Arena,"['Verona Tour', 'Museo Lapidario', 'Museo Radio', 'San Fermo', 'Casa Giulietta']",Santa Anastasia,strategy_nearest,False,0.0033757686614990234,success
0485483A9C4C80,1,"['Arena', 'Casa Giulietta', 'Palazzo della Ragione']",Castelvecchio,"['Museo Lapidario', 'Verona Tour', 'Museo Radio', 'San Zeno', 'Sighseeing']",Teatro Romano,strategy_nearest,False,0.002722024917602539,success
0485453A9C4C80,2,['San Zeno'],Santa Anastasia,"['AMO', 'Museo Conte', 'Palazzo della Ragione', 'Teatro Romano', 'Centro Fotografia']",Teatro Romano,strategy_nearest,True,0.0018529891967773438,success
04856D3A9C4C80,0,['Arena'],Castelvecchio,"['Museo Lapidario', 'Verona Tour', 'Museo Radio', 'San Zeno', 'Sighseeing']",Casa Giulietta,strategy_nearest,False,0.002765178680419922,success
04856E3A9C4C80,1,"['Casa Giulietta', 'Arena', 'Torre Lamberti']",Palazzo della Ragione,"['AMO', 'Museo Conte', 'Centro Fotografia', 'Sighseeing', 'Santa Anastasia']",Teatro Romano,strategy_nearest,False,0.0031108856201171875,success
0485754A9C4C80,0,['Arena'],Santa Anastasia,"['AMO', 'Museo Conte', 'Palazzo della Ragione', 'Teatro Romano', 'Centro Fotografia']",Casa Giulietta,strategy_nearest,False,0.0022079944610595703,success
0485884A9C4C80,1,"['Arena', 'Museo Lapidario', 'Castelvecchio']",Torre Lamberti,"['Sighseeing', 'Centro Fotografia', 'Museo Conte', 'Casa Giulietta', 'Palazzo della Ragione']",Palazzo della Ragione,strategy_nearest,True,0.001374959945678711,success
04857F4A9C4C80,0,['Arena'],Tomba Giulietta,"['San Fermo', 'Museo Storia', 'Museo Lapidario', 'Museo Radio', 'Verona Tour']",Teatro Romano,strategy_nearest,False,0.0021009445190429688,success
0485784A9C4C80,0,['Arena'],Casa Giulietta,"['Centro Fotografia', 'Sighseeing', 'Torre Lamberti', 'Museo Conte', 'Museo Radio']",Teatro Romano,strategy_nearest,False,0.005513906478881836,success
04857F429C4C80,0,['Arena'],Casa Giulietta,"['Centro Fotografia', 'Sighseeing', 'Torre Lamberti', 'Museo Conte', 'Museo Radio']",Tomba Giulietta,strategy_nearest,False,0.003393888473510742,success
048589429C4C80,2,['Casa Giulietta'],Torre Lamberti,"['Sighseeing', 'Centro Fotografia', 'Museo Conte', 'Palazzo della Ragione', 'AMO']",Duomo,strategy_nearest,False,0.002882242202758789,success
04858E429C4C80,1,"['Arena', 'Casa Giulietta']",Tomba Giulietta,"['San Fermo', 'Museo Storia', 'Museo Lapidario', 'Museo Radio', 'Verona Tour']",Torre Lamberti,strategy_nearest,False,0.002270936965942383,success
048590429C4C80,3,"['Casa Giulietta', 'Torre Lamberti']",Santa Anastasia,"['AMO', 'Museo Conte', 'Palazzo della Ragione', 'Teatro Romano', 'Centro Fotografia']",Duomo,strategy_nearest,False,0.0027670860290527344,success
048595429C4C80,0,['Casa Giulietta'],Torre Lamberti,"['Sighseeing', 'Centro Fotografia', 'Museo Conte', 'Palazzo della Ragione', 'AMO']",Teatro Romano,strategy_nearest,False,0.0032880306243896484,success
04859D429C4C80,3,['Arena'],San Fermo,"['Museo Storia', 'Museo Radio', 'Casa Giulietta', 'Centro Fotografia', 'Sighseeing']",Casa Giulietta,strategy_nearest,True,0.0016512870788574219,success
0485B7429C4C80,2,['Casa Giulietta'],Palazzo della Ragione,"['AMO', 'Museo Conte', 'Torre Lamberti', 'Centro Fotografia', 'Sighseeing']",Torre Lamberti,strategy_nearest,True,0.002048015594482422,success
0485B6429C4C80,3,['Arena'],Casa Giulietta,"['Centro Fotografia', 'Sighseeing', 'Torre Lamberti', 'Museo Conte', 'Museo Radio']",Santa Anastasia,strategy_nearest,False,0.0034689903259277344,success
0485A24A9C4C80,3,"['Giardino Giusti', 'Duomo']",Santa Anastasia,"['AMO', 'Museo Conte', 'Palazzo della Ragione', 'Teatro Romano', 'Centro Fotografia']",Castelvecchio,strategy_nearest,False,0.0028259754180908203,success
0485B9429C4C80,1,"['Castelvecchio', 'Arena', 'Casa Giulietta']",Torre Lamberti,"['Sighseeing', 'Centro Fotografia', 'Museo Conte', 'Palazzo della Ragione', 'AMO']",Palazzo della Ragione,strategy_nearest,True,0.0033998489379882812,success
0485CA4A9C4C80,0,['Casa Giulietta'],Santa Anastasia,"['AMO', 'Museo Conte', 'Palazzo della Ragione', 'Teatro Romano', 'Centro Fotografia']",Arena,strategy_nearest,False,0.0033011436462402344,success
0485BA4A9C4C80,3,['Arena'],Duomo,"['AMO', 'Museo Miniscalchi', 'Santa Anastasia', 'Teatro Romano', 'Palazzo della Ragione']",Santa Anastasia,strategy_nearest,True,0.002771139144897461,success
0485CD4A9C4C80,3,"['Arena', 'Casa Giulietta']",Torre Lamberti,"['Sighseeing', 'Centro Fotografia', 'Museo Conte', 'Palazzo della Ragione', 'AMO']",Santa Anastasia,strategy_nearest,False,0.0013840198516845703,success
0485D24A9C4C80,3,"['Tomba Giulietta', 'San Fermo']",Casa Giulietta,"['Centro Fotografia', 'Sighseeing', 'Torre Lamberti', 'Museo Conte', 'Museo Radio']",Torre Lamberti,strategy_nearest,True,0.001291036605834961,success
0485D03A9C4C80,0,['Torre Lamberti'],Casa Giulietta,"['Centro Fotografia', 'Sighseeing', 'Museo Conte', 'Museo Radio', 'Palazzo della Ragione']",Arena,strategy_nearest,False,0.002809762954711914,success
0485CE4A9C4C80,3,"['Arena', 'Casa Giulietta']",Torre Lamberti,"['Sighseeing', 'Centro Fotografia', 'Museo Conte', 'Palazzo della Ragione', 'AMO']",Santa Anastasia,strategy_nearest,False,0.0020780563354492188,success
0485D93A9C4C80,3,['Arena'],Santa Anastasia,"['AMO', 'Museo Conte', 'Palazzo della Ragione', 'Teatro Romano', 'Centro Fotografia']",Duomo,strategy_nearest,False,0.003412961959838867,success
0485EB4A9C4C80,2,['Torre Lamberti'],Santa Anastasia,"['AMO', 'Museo Conte', 'Palazzo della Ragione', 'Teatro Romano', 'Centro Fotografia']",Teatro Romano,strategy_nearest,True,0.002782106399536133,success
0485ED3A9C4C80,1,"['Arena', 'Castelvecchio', 'Torre Lamberti']",Palazzo della Ragione,"['AMO', 'Museo Conte', 'Centro Fotografia', 'Sighseeing', 'Santa Anastasia']",Santa Anastasia,strategy_nearest,True,0.0019741058349609375,success
0485E03A9C4C80,1,"['Casa Giulietta', 'Palazzo della Ragione']",Torre Lamberti,"['Sighseeing', 'Centro Fotografia', 'Museo Conte', 'AMO', 'Museo Miniscalchi']",Teatro Romano,strategy_nearest,False,0.0043294429779052734,success
0485F9429C4C80,1,"['Teatro Romano', 'Tomba Giulietta', 'Museo Lapidario']",San Fermo,"['Museo Storia', 'Museo Radio', 'Casa Giulietta', 'Centro Fotografia', 'Arena']",Palazzo della Ragione,strategy_nearest,False,0.0023889541625976562,success
0485EE4A9C4C80,0,['Arena'],Casa Giulietta,"['Centro Fotografia', 'Sighseeing', 'Torre Lamberti', 'Museo Conte', 'Museo Radio']",Duomo,strategy_nearest,False,0.003323793411254883,success
0485FC429C4C80,3,"['Museo Storia', 'Torre Lamberti', 'Arena']",San Fermo,"['Museo Radio', 'Casa Giulietta', 'Centro Fotografia', 'Sighseeing', 'Museo Conte']",Santa Anastasia,strategy_nearest,False,0.0019049644470214844,success
0486004A9C4C84,0,['Castelvecchio'],Arena,"['Verona Tour', 'Museo Lapidario', 'Museo Radio', 'San Fermo', 'Casa Giulietta']",Casa Giulietta,strategy_nearest,True,0.002629995346069336,success
0486064A9C4C84,1,"['Arena', 'Casa Giulietta']",Torre Lamberti,"['Sighseeing', 'Centro Fotografia', 'Museo Conte', 'Palazzo della Ragione', 'AMO']",Palazzo della Ragione,strategy_nearest,True,0.0024170875549316406,success
048602429C4C84,3,"['Castelvecchio', 'Arena', 'Santa Anastasia']",Duomo,"['AMO', 'Museo Miniscalchi', 'Teatro Romano', 'Palazzo della Ragione', 'Museo Conte']",Teatro Romano,strategy_nearest,True,0.0024650096893310547,success
0486094A9C4C80,1,"['Arena', 'Castelvecchio', 'San Zeno', 'Duomo', 'Teatro Romano']",Tomba Giulietta,"['San Fermo', 'Museo Storia', 'Museo Lapidario', 'Museo Radio', 'Verona Tour']",Casa Giulietta,strategy_nearest,False,0.0026001930236816406,success
04860B429C4C84,1,"['Arena', 'Casa Giulietta']",Torre Lamberti,"['Sighseeing', 'Centro Fotografia', 'Museo Conte', 'Palazzo della Ragione', 'AMO']",Palazzo della Ragione,strategy_nearest,True,0.0031108856201171875,success
048612429C4C80,1,"['Casa Giulietta', 'Torre Lamberti', 'Palazzo della Ragione', 'Santa Anastasia']",Duomo,"['AMO', 'Museo Miniscalchi', 'Teatro Romano', 'Museo Conte', 'Centro Fotografia']",Arena,strategy_nearest,False,0.0015711784362792969,success
04860F4A9C4C84,1,['Arena'],Torre Lamberti,"['Sighseeing', 'Centro Fotografia', 'Museo Conte', 'Casa Giulietta', 'Palazzo della Ragione']",Palazzo della Ragione,strategy_nearest,True,0.003426074981689453,success
0486143A9C4C80,0,['Arena'],Torre Lamberti,"['Sighseeing', 'Centro Fotografia', 'Museo Conte', 'Casa Giulietta', 'Palazzo della Ragione']",Casa Giulietta,strategy_nearest,True,0.0020399093627929688,success
04860D429C4C84,3,['Arena'],Casa Giulietta,"['Centro Fotografia', 'Sighseeing', 'Torre Lamberti', 'Museo Conte', 'Museo Radio']",Santa Anastasia,strategy_nearest,False,0.004107952117919922,success
048623429C4C84,0,['Arena'],Museo Lapidario,"['Verona Tour', 'Castelvecchio', 'Museo Radio', 'San Fermo', 'Casa Giulietta']",Duomo,strategy_nearest,False,0.0013201236724853516,success
0486214A9C4C80,1,"['Casa Giulietta', 'Palazzo della Ragione', 'Torre Lamberti']",Castelvecchio,"['Museo Lapidario', 'Verona Tour', 'Arena', 'Museo Radio', 'San Zeno']",Arena,strategy_nearest,True,0.0026187896728515625,success
048628429C4C80,0,"['Casa Giulietta', 'Teatro Romano']",Arena,"['Verona Tour', 'Museo Lapidario', 'Museo Radio', 'San Fermo', 'Sighseeing']",Castelvecchio,strategy_nearest,False,0.0023980140686035156,success
0486253A9C4C80,1,"['Casa Giulietta', 'Castelvecchio', 'Arena', 'San Fermo']",Palazzo della Ragione,"['AMO', 'Museo Conte', 'Torre Lamberti', 'Centro Fotografia', 'Sighseeing']",Torre Lamberti,strategy_nearest,True,0.0033617019653320312,success
0486313A9C4C80,0,['Arena'],Castelvecchio,"['Museo Lapidario', 'Verona Tour', 'Museo Radio', 'San Zeno', 'Sighseeing']",Casa Giulietta,strategy_nearest,False,0.0020041465759277344,success
04862F429C4C80,1,"['Casa Giulietta', 'Torre Lamberti', 'Santa Anastasia', 'Duomo']",Teatro Romano,"['AMO', 'Palazzo della Ragione', 'Museo Conte', 'Centro Fotografia', 'Museo Miniscalchi']",Castelvecchio,strategy_nearest,False,0.0015459060668945312,success
04862C429C4C80,0,['Casa Giulietta'],Arena,"['Verona Tour', 'Museo Lapidario', 'Museo Radio', 'San Fermo', 'Sighseeing']",Tomba Giulietta,strategy_nearest,False,0.004038810729980469,success
04862E3A9C4C80,2,['Casa Giulietta'],Torre Lamberti,"['Sighseeing', 'Centro Fotografia', 'Museo Conte', 'Palazzo della Ragione', 'AMO']",San Zeno,strategy_nearest,False,0.0034317970275878906,success
04863F3A9C4C80,1,"['Teatro Romano', 'Giardino Giusti', 'San Fermo', 'Santa Anastasia', 'Duomo']",Torre Lamberti,"['Sighseeing', 'Centro Fotografia', 'Museo Conte', 'Casa Giulietta', 'Palazzo della Ragione']",Palazzo della Ragione,strategy_nearest,True,0.002789020538330078,success
0486363A9C4C80,3,"['Arena', 'Torre Lamberti', 'Casa Giulietta']",Duomo,"['AMO', 'Museo Miniscalchi', 'Santa Anastasia', 'Teatro Romano', 'Palazzo della Ragione']",San Fermo,strategy_nearest,False,0.002205371856689453,success
0486533A9C4C80,0,"['Casa Giulietta', 'San Fermo']",Tomba Giulietta,"['Museo Storia', 'Arena', 'Museo Lapidario', 'Museo Radio', 'Verona Tour']",Arena,strategy_nearest,True,0.0033130645751953125,success
04863B4A9C4C80,3,"['Santa Anastasia', 'Casa Giulietta']",Castelvecchio,"['Museo Lapidario', 'Verona Tour', 'Arena', 'Museo Radio', 'San Zeno']",Museo Lapidario,strategy_nearest,True,0.0028319358825683594,success
04865B3A9C4C80,1,"['Palazzo della Ragione', 'Torre Lamberti', 'Arena']",Tomba Giulietta,"['San Fermo', 'Museo Storia', 'Museo Lapidario', 'Museo Radio', 'Verona Tour']",Museo Storia,strategy_nearest,True,0.002005338668823242,success
048659429C4C80,3,"['Arena', 'Torre Lamberti', 'Casa Giulietta']",Castelvecchio,"['Museo Lapidario', 'Verona Tour', 'Museo Radio', 'San Zeno', 'Sighseeing']",San Zeno,strategy_nearest,True,0.0021157264709472656,success
04865A3A9C4C80,3,"['Teatro Romano', 'Santa Anastasia', 'Casa Giulietta']",San Zeno,"['Castelvecchio', 'Verona Tour', 'Museo Lapidario', 'Arena', 'Museo Miniscalchi']",Castelvecchio,strategy_nearest,True,0.003412961959838867,success
048669429C4C80,0,['Arena'],Casa Giulietta,"['Centro Fotografia', 'Sighseeing', 'Torre Lamberti', 'Museo Conte', 'Museo Radio']",Torre Lamberti,strategy_nearest,True,0.0033469200134277344,success
0486713A9C4C80,2,['Torre Lamberti'],Casa Giulietta,"['Centro Fotografia', 'Sighseeing', 'Museo Conte', 'Museo Radio', 'Palazzo della Ragione']",Giardino Giusti,strategy_nearest,False,0.002665281295776367,success
0486754A9C4C80,0,['Arena'],Casa Giulietta,"['Centro Fotografia', 'Sighseeing', 'Torre Lamberti', 'Museo Conte', 'Museo Radio']",Torre Lamberti,strategy_nearest,True,0.002707958221435547,success
048673429C4C80,3,"['Arena', 'Casa Giulietta', 'Teatro Romano']",Duomo,"['AMO', 'Museo Miniscalchi', 'Santa Anastasia', 'Palazzo della Ragione', 'Museo Conte']",Santa Anastasia,strategy_nearest,True,0.0035240650177001953,success
0486833A9C4C80,0,['Arena'],Casa Giulietta,"['Centro Fotografia', 'Sighseeing', 'Torre Lamberti', 'Museo Conte', 'Museo Radio']",Teatro Romano,strategy_nearest,False,0.0034737586975097656,success
0486884A9C4C80,3,"['Arena', 'Castelvecchio', 'San Zeno']",Casa Giulietta,"['Centro Fotografia', 'Sighseeing', 'Torre Lamberti', 'Museo Conte', 'Museo Radio']",Torre Lamberti,strategy_nearest,True,0.0024209022521972656,success
04868A4A9C4C80,1,['Arena'],Casa Giulietta,"['Centro Fotografia', 'Sighseeing', 'Torre Lamberti', 'Museo Conte', 'Museo Radio']",Palazzo della Ragione,strategy_nearest,False,0.0021839141845703125,success
0486974A9C4C80,0,['Arena'],Castelvecchio,"['Museo Lapidario', 'Verona Tour', 'Museo Radio', 'San Zeno', 'Sighseeing']",Casa Giulietta,strategy_nearest,False,0.0031430721282958984,success
048694429C4C80,2,['Castelvecchio'],Duomo,"['AMO', 'Museo Miniscalchi', 'Santa Anastasia', 'Teatro Romano', 'Palazzo della Ragione']",Torre Lamberti,strategy_nearest,False,0.0025739669799804688,success
0486BA4A9C4C80,3,"['Arena', 'San Fermo']",Torre Lamberti,"['Sighseeing', 'Centro Fotografia', 'Museo Conte', 'Casa Giulietta', 'Palazzo della Ragione']",Santa Anastasia,strategy_nearest,False,0.00328826904296875,success
0486B8429C4C80,2,['Tomba Giulietta'],Castelvecchio,"['Museo Lapidario', 'Verona Tour', 'Arena', 'Museo Radio', 'San Zeno']",Teatro Romano,strategy_nearest,False,0.0014598369598388672,success
0486A2429C4C80,0,['Arena'],Casa Giulietta,"['Centro Fotografia', 'Sighseeing', 'Torre Lamberti', 'Museo Conte', 'Museo Radio']",Torre Lamberti,strategy_nearest,True,0.002780914306640625,success
048698429C4C80,3,['Arena'],Casa Giulietta,"['Centro Fotografia', 'Sighseeing', 'Torre Lamberti', 'Museo Conte', 'Museo Radio']",Torre Lamberti,strategy_nearest,True,0.004675149917602539,success
0486BB4A9C4C80,3,['Arena'],Torre Lamberti,"['Sighseeing', 'Centro Fotografia', 'Museo Conte', 'Casa Giulietta', 'Palazzo della Ragione']",Santa Anastasia,strategy_nearest,False,0.002366781234741211,success
0486BC4A9C4C80,0,['Arena'],Casa Giulietta,"['Centro Fotografia', 'Sighseeing', 'Torre Lamberti', 'Museo Conte', 'Museo Radio']",Santa Anastasia,strategy_nearest,False,0.0017409324645996094,success
0486BE429C4C80,2,['Tomba Giulietta'],Castelvecchio,"['Museo Lapidario', 'Verona Tour', 'Arena', 'Museo Radio', 'San Zeno']",Teatro Romano,strategy_nearest,False,0.0029070377349853516,success
0486BE4A9C4C80,3,"['Arena', 'Torre Lamberti']",Santa Anastasia,"['AMO', 'Museo Conte', 'Palazzo della Ragione', 'Teatro Romano', 'Centro Fotografia']",Teatro Romano,strategy_nearest,True,0.0032660961151123047,success
0486CB4A9C4C80,2,"['Castelvecchio', 'Teatro Romano', 'Santa Anastasia', 'Duomo']",Palazzo della Ragione,"['AMO', 'Museo Conte', 'Torre Lamberti', 'Centro Fotografia', 'Sighseeing']",Torre Lamberti,strategy_nearest,True,0.0014040470123291016,success
0486C44A9C4C80,2,"['Casa Giulietta', 'Santa Anastasia']",Torre Lamberti,"['Sighseeing', 'Centro Fotografia', 'Museo Conte', 'Palazzo della Ragione', 'AMO']",Palazzo della Ragione,strategy_nearest,True,0.0033826828002929688,success
0486C84A9C4C80,3,"['Arena', 'Torre Lamberti']",Casa Giulietta,"['Centro Fotografia', 'Sighseeing', 'Museo Conte', 'Museo Radio', 'Palazzo della Ragione']",Santa Anastasia,strategy_nearest,False,0.0021042823791503906,success
0486C74A9C4C80,0,['Arena'],Torre Lamberti,"['Sighseeing', 'Centro Fotografia', 'Museo Conte', 'Casa Giulietta', 'Palazzo della Ragione']",Castelvecchio,strategy_nearest,False,0.0033910274505615234,success
0486D04A9C4C80,0,"['Arena', 'Tomba Giulietta']",Museo Lapidario,"['Verona Tour', 'Castelvecchio', 'Museo Radio', 'San Fermo', 'Casa Giulietta']",Castelvecchio,strategy_nearest,True,0.002716064453125,success
0486CC4A9C4C80,3,"['Arena', 'Casa Giulietta']",Torre Lamberti,"['Sighseeing', 'Centro Fotografia', 'Museo Conte', 'Palazzo della Ragione', 'AMO']",Santa Anastasia,strategy_nearest,False,0.0035767555236816406,success
0486CE4A9C4C80,0,['Arena'],Torre Lamberti,"['Sighseeing', 'Centro Fotografia', 'Museo Conte', 'Casa Giulietta', 'Palazzo della Ragione']",Duomo,strategy_nearest,False,0.0023272037506103516,success
0486CD4A9C4C80,0,['Arena'],Casa Giulietta,"['Centro Fotografia', 'Sighseeing', 'Torre Lamberti', 'Museo Conte', 'Museo Radio']",Torre Lamberti,strategy_nearest,True,0.0017528533935546875,success
0486D2429C4C80,1,"['Arena', 'Torre Lamberti']",Palazzo della Ragione,"['AMO', 'Museo Conte', 'Centro Fotografia', 'Sighseeing', 'Santa Anastasia']",Santa Anastasia,strategy_nearest,True,0.0014667510986328125,success
0486D73A9C4C80,1,"['Arena', 'Casa Giulietta']",Palazzo della Ragione,"['AMO', 'Museo Conte', 'Torre Lamberti', 'Centro Fotografia', 'Sighseeing']",Torre Lamberti,strategy_nearest,True,0.0032210350036621094,success
0486E2429C4C80,3,"['Arena', 'Casa Giulietta', 'Santa Anastasia']",Duomo,"['AMO', 'Museo Miniscalchi', 'Teatro Romano', 'Palazzo della Ragione', 'Museo Conte']",Teatro Romano,strategy_nearest,True,0.0025968551635742188,success
0486D53A9C4C80,3,"['Arena', 'Duomo']",Torre Lamberti,"['Sighseeing', 'Centro Fotografia', 'Museo Conte', 'Casa Giulietta', 'Palazzo della Ragione']",Santa Anastasia,strategy_nearest,False,0.002196073532104492,success
0486F23A9C4C80,1,"['Castelvecchio', 'Torre Lamberti']",Palazzo della Ragione,"['AMO', 'Museo Conte', 'Centro Fotografia', 'Sighseeing', 'Santa Anastasia']",Santa Anastasia,strategy_nearest,True,0.001954793930053711,success
0486ED4A9C4C80,3,"['Arena', 'Santa Anastasia']",Duomo,"['AMO', 'Museo Miniscalchi', 'Teatro Romano', 'Palazzo della Ragione', 'Museo Conte']",Casa Giulietta,strategy_nearest,False,0.0027098655700683594,success
0486F53A9C4C80,0,['Tomba Giulietta'],Arena,"['Verona Tour', 'Museo Lapidario', 'Museo Radio', 'San Fermo', 'Casa Giulietta']",Casa Giulietta,strategy_nearest,True,0.0034401416778564453,success
0486F7429C4C80,1,"['Arena', 'Castelvecchio', 'San Fermo']",Duomo,"['AMO', 'Museo Miniscalchi', 'Santa Anastasia', 'Teatro Romano', 'Palazzo della Ragione']",San Zeno,strategy_nearest,False,0.0018298625946044922,success
0486E94A9C4C80,0,['Arena'],Casa Giulietta,"['Centro Fotografia', 'Sighseeing', 'Torre Lamberti', 'Museo Conte', 'Museo Radio']",San Zeno,strategy_nearest,False,0.0015099048614501953,success
0486FD429C4C80,0,"['Museo Lapidario', 'Castelvecchio']",Duomo,"['AMO', 'Museo Miniscalchi', 'Santa Anastasia', 'Teatro Romano', 'Palazzo della Ragione']",Arena,strategy_nearest,False,0.002783060073852539,success
0486FC429C4C80,1,"['Tomba Giulietta', 'Arena', 'Casa Giulietta', 'Teatro Romano']",Duomo,"['AMO', 'Museo Miniscalchi', 'Santa Anastasia', 'Palazzo della Ragione', 'Museo Conte']",Santa Anastasia,strategy_nearest,True,0.0026578903198242188,success
0487004A9C4C84,1,['Arena'],Palazzo della Ragione,"['AMO', 'Museo Conte', 'Torre Lamberti', 'Centro Fotografia', 'Sighseeing']",Torre Lamberti,strategy_nearest,True,0.002582073211669922,success
0487024A9C4C84,2,['Casa Giulietta'],Torre Lamberti,"['Sighseeing', 'Centro Fotografia', 'Museo Conte', 'Palazzo della Ragione', 'AMO']",Santa Anastasia,strategy_nearest,False,0.0032300949096679688,success
0487044A9C4C84,1,"['Arena', 'Casa Giulietta', 'Torre Lamberti']",Palazzo della Ragione,"['AMO', 'Museo Conte', 'Centro Fotografia', 'Sighseeing', 'Santa Anastasia']",Santa Anastasia,strategy_nearest,True,0.002563953399658203,success
0487084A9C4C80,1,"['Casa Giulietta', 'Torre Lamberti', 'Palazzo della Ragione', 'Teatro Romano']",Duomo,"['AMO', 'Museo Miniscalchi', 'Santa Anastasia', 'Museo Conte', 'Centro Fotografia']",Arena,strategy_nearest,False,0.002447843551635742,success
0487064A9C4C84,1,['Arena'],Casa Giulietta,"['Centro Fotografia', 'Sighseeing', 'Torre Lamberti', 'Museo Conte', 'Museo Radio']",Palazzo della Ragione,strategy_nearest,False,0.0032689571380615234,success
0487094A9C4C84,1,"['Castelvecchio', 'Casa Giulietta']",Arena,"['Verona Tour', 'Museo Lapidario', 'Museo Radio', 'San Fermo', 'Sighseeing']",Torre Lamberti,strategy_nearest,False,0.002920866012573242,success
04870E4A9C4C84,0,['Arena'],Castelvecchio,"['Museo Lapidario', 'Verona Tour', 'Museo Radio', 'San Zeno', 'Sighseeing']",Casa Giulietta,strategy_nearest,False,0.002619028091430664,success
0487143A9C4C80,1,"['Casa Giulietta', 'Torre Lamberti', 'Palazzo della Ragione', 'Santa Anastasia']",Arena,"['Verona Tour', 'Museo Lapidario', 'Museo Radio', 'San Fermo', 'Sighseeing']",Castelvecchio,strategy_nearest,False,0.0031082630157470703,success
048713429C4C84,0,['Arena'],Casa Giulietta,"['Centro Fotografia', 'Sighseeing', 'Torre Lamberti', 'Museo Conte', 'Museo Radio']",Torre Lamberti,strategy_nearest,True,0.0028429031372070312,success
0487154A9C4C80,1,"['Teatro Romano', 'Duomo', 'Casa Giulietta', 'Torre Lamberti']",Palazzo della Ragione,"['AMO', 'Museo Conte', 'Centro Fotografia', 'Sighseeing', 'Santa Anastasia']",Arena,strategy_nearest,False,0.003156900405883789,success
0487163A9C4C84,0,"['Arena', 'Castelvecchio']",Casa Giulietta,"['Centro Fotografia', 'Sighseeing', 'Torre Lamberti', 'Museo Conte', 'Museo Radio']",Torre Lamberti,strategy_nearest,True,0.0031769275665283203,success
0487144A9C4C80,0,['Museo Lapidario'],Castelvecchio,"['Verona Tour', 'Arena', 'Museo Radio', 'San Zeno', 'Sighseeing']",Arena,strategy_nearest,True,0.0026502609252929688,success
0487163A9C4C80,3,"['Arena', 'Casa Giulietta', 'Santa Anastasia', 'Castelvecchio']",Duomo,"['AMO', 'Museo Miniscalchi', 'Teatro Romano', 'Palazzo della Ragione', 'Museo Conte']",San Fermo,strategy_nearest,False,0.002675294876098633,success
04871B429C4C84,0,['Arena'],Casa Giulietta,"['Centro Fotografia', 'Sighseeing', 'Torre Lamberti', 'Museo Conte', 'Museo Radio']",Castelvecchio,strategy_nearest,False,0.002151012420654297,success
048717429C4C84,0,"['Duomo', 'Casa Giulietta']",Torre Lamberti,"['Sighseeing', 'Centro Fotografia', 'Museo Conte', 'Palazzo della Ragione', 'AMO']",Arena,strategy_nearest,False,0.0034182071685791016,success
04871C429C4C84,0,['Arena'],Torre Lamberti,"['Sighseeing', 'Centro Fotografia', 'Museo Conte', 'Casa Giulietta', 'Palazzo della Ragione']",Casa Giulietta,strategy_nearest,True,0.002653837203979492,success
04871A3A9C4C80,1,"['Arena', 'Torre Lamberti', 'Palazzo della Ragione', 'Casa Giulietta', 'Duomo']",Santa Anastasia,"['AMO', 'Museo Conte', 'Teatro Romano', 'Centro Fotografia', 'Sighseeing']",Tomba Giulietta,strategy_nearest,False,0.0016021728515625,success
0487263A9C4C84,3,"['Santa Anastasia', 'Duomo', 'San Fermo']",Museo Storia,"['Museo Radio', 'Casa Giulietta', 'Centro Fotografia', 'Tomba Giulietta', 'Arena']",Casa Giulietta,strategy_nearest,True,0.003114938735961914,success
0487244A9C4C80,0,['Arena'],Duomo,"['AMO', 'Museo Miniscalchi', 'Santa Anastasia', 'Teatro Romano', 'Palazzo della Ragione']",Arena,strategy_nearest,False,0.001580953598022461,success
04871D4A9C4C80,2,"['San Fermo', 'Torre Lamberti', 'Palazzo della Ragione']",Castelvecchio,"['Museo Lapidario', 'Verona Tour', 'Arena', 'Museo Radio', 'San Zeno']",Duomo,strategy_nearest,False,0.0022270679473876953,success
04871E4A9C4C80,2,"['Museo Lapidario', 'Palazzo della Ragione']",Torre Lamberti,"['Sighseeing', 'Centro Fotografia', 'Museo Conte', 'Casa Giulietta', 'AMO']",Santa Anastasia,strategy_nearest,False,0.002780914306640625,success
04872D3A9C4C80,1,"['Casa Giulietta', 'Palazzo della Ragione', 'Santa Anastasia', 'Arena', 'Torre Lamberti']",Teatro Romano,"['Duomo', 'AMO', 'Museo Conte', 'Centro Fotografia', 'Museo Miniscalchi']",Duomo,strategy_nearest,True,0.002130270004272461,success
0487273A9C4C84,1,"['Santa Anastasia', 'Castelvecchio', 'Arena']",Casa Giulietta,"['Centro Fotografia', 'Sighseeing', 'Torre Lamberti', 'Museo Conte', 'Museo Radio']",Teatro Romano,strategy_nearest,False,0.0015017986297607422,success
0487414A9C4C80,0,"['Giardino Giusti', 'San Zeno']",Museo Storia,"['San Fermo', 'Museo Radio', 'Casa Giulietta', 'Centro Fotografia', 'Tomba Giulietta']",Arena,strategy_nearest,False,0.0032470226287841797,success
0487274A9C4C80,2,"['Castelvecchio', 'Torre Lamberti']",Santa Anastasia,"['AMO', 'Museo Conte', 'Palazzo della Ragione', 'Teatro Romano', 'Centro Fotografia']",Duomo,strategy_nearest,False,0.0027856826782226562,success
04875A3A9C4C80,3,"['Arena', 'Casa Giulietta', 'Torre Lamberti']",Santa Anastasia,"['AMO', 'Museo Conte', 'Palazzo della Ragione', 'Teatro Romano', 'Centro Fotografia']",Duomo,strategy_nearest,False,0.0019190311431884766,success
048747429C4C80,1,"['Casa Giulietta', 'Torre Lamberti', 'Santa Anastasia', 'Tomba Giulietta', 'Castelvecchio']",San Zeno,"['Verona Tour', 'Museo Lapidario', 'Arena', 'Museo Miniscalchi', 'Sighseeing']",Arena,strategy_nearest,True,0.0013480186462402344,success
04875B3A9C4C80,3,"['Arena', 'Museo Lapidario', 'Castelvecchio', 'Torre Lamberti']",Casa Giulietta,"['Centro Fotografia', 'Sighseeing', 'Museo Conte', 'Museo Radio', 'Palazzo della Ragione']",San Fermo,strategy_nearest,False,0.003270864486694336,success
0487433A9C4C80,3,"['San Zeno', 'Casa Giulietta']",Torre Lamberti,"['Sighseeing', 'Centro Fotografia', 'Museo Conte', 'Palazzo della Ragione', 'AMO']",Duomo,strategy_nearest,False,0.003548860549926758,success
04878B3A9C4C80,3,"['San Zeno', 'Castelvecchio']",San Fermo,"['Museo Storia', 'Museo Radio', 'Casa Giulietta', 'Centro Fotografia', 'Arena']",Arena,strategy_nearest,True,0.002065896987915039,success
048777429C4C80,3,"['Arena', 'Casa Giulietta']",Castelvecchio,"['Museo Lapidario', 'Verona Tour', 'Museo Radio', 'San Zeno', 'Sighseeing']",San Zeno,strategy_nearest,True,0.004241228103637695,success
0487784A9C4C80,0,"['Arena', 'Casa Giulietta']",San Fermo,"['Museo Storia', 'Museo Radio', 'Centro Fotografia', 'Sighseeing', 'Torre Lamberti']",Torre Lamberti,strategy_nearest,True,0.002588987350463867,success
0487924A9C4C80,1,"['Arena', 'Casa Giulietta']",San Fermo,"['Museo Storia', 'Museo Radio', 'Centro Fotografia', 'Sighseeing', 'Torre Lamberti']",Palazzo della Ragione,strategy_nearest,False,0.0032367706298828125,success
0487A5429C4C80,3,"['Santa Anastasia', 'Duomo']",Torre Lamberti,"['Sighseeing', 'Centro Fotografia', 'Museo Conte', 'Casa Giulietta', 'Palazzo della Ragione']",Casa Giulietta,strategy_nearest,True,0.0028028488159179688,success
0487A93A9C4C80,0,['Arena'],Casa Giulietta,"['Centro Fotografia', 'Sighseeing', 'Torre Lamberti', 'Museo Conte', 'Museo Radio']",Torre Lamberti,strategy_nearest,True,0.002135038375854492,success
04879C429C4C80,3,"['Arena', 'Santa Anastasia', 'Duomo']",Casa Giulietta,"['Centro Fotografia', 'Sighseeing', 'Torre Lamberti', 'Museo Conte', 'Museo Radio']",Castelvecchio,strategy_nearest,False,0.0026979446411132812,success
0487B2429C4C80,1,"['Arena', 'Torre Lamberti']",Palazzo della Ragione,"['AMO', 'Museo Conte', 'Centro Fotografia', 'Sighseeing', 'Santa Anastasia']",Casa Giulietta,strategy_nearest,False,0.0033762454986572266,success
0487B63A9C4C80,0,"['Arena', 'Casa Giulietta']",Castelvecchio,"['Museo Lapidario', 'Verona Tour', 'Museo Radio', 'San Zeno', 'Sighseeing']",San Fermo,strategy_nearest,False,0.0018000602722167969,success
0487B84A9C4C80,0,['Arena'],Castelvecchio,"['Museo Lapidario', 'Verona Tour', 'Museo Radio', 'San Zeno', 'Sighseeing']",Casa Giulietta,strategy_nearest,False,0.0032329559326171875,success
0487BA4A9C4C80,3,"['Arena', 'Tomba Giulietta', 'Casa Giulietta']",Torre Lamberti,"['Sighseeing', 'Centro Fotografia', 'Museo Conte', 'Palazzo della Ragione', 'AMO']",Santa Anastasia,strategy_nearest,False,0.0026209354400634766,success
0487B54A9C4C80,3,"['Teatro Romano', 'Santa Anastasia']",Torre Lamberti,"['Sighseeing', 'Centro Fotografia', 'Museo Conte', 'Casa Giulietta', 'Palazzo della Ragione']",San Zeno,strategy_nearest,False,0.002895832061767578,success
0487BE4A9C4C80,0,['Tomba Giulietta'],Arena,"['Verona Tour', 'Museo Lapidario', 'Museo Radio', 'San Fermo', 'Casa Giulietta']",Casa Giulietta,strategy_nearest,True,0.0013670921325683594,success
0487BE429C4C80,1,"['Palazzo della Ragione', 'Torre Lamberti']",Casa Giulietta,"['Centro Fotografia', 'Sighseeing', 'Museo Conte', 'Museo Radio', 'San Fermo']",Arena,strategy_nearest,False,0.0028269290924072266,success
0487C03A9C4C80,2,['Castelvecchio'],Casa Giulietta,"['Centro Fotografia', 'Sighseeing', 'Torre Lamberti', 'Museo Conte', 'Museo Radio']",Torre Lamberti,strategy_nearest,True,0.003343820571899414,success
0487BC4A9C4C80,0,['Arena'],Casa Giulietta,"['Centro Fotografia', 'Sighseeing', 'Torre Lamberti', 'Museo Conte', 'Museo Radio']",Duomo,strategy_nearest,False,0.0022568702697753906,success
0487CB3A9C4C80,1,"['Casa Giulietta', 'Torre Lamberti', 'Palazzo della Ragione']",Santa Anastasia,"['AMO', 'Museo Conte', 'Teatro Romano', 'Centro Fotografia', 'Duomo']",Duomo,strategy_nearest,True,0.0027070045471191406,success
0487E83A9C4C80,2,"['Castelvecchio', 'Casa Giulietta']",Santa Anastasia,"['AMO', 'Museo Conte', 'Palazzo della Ragione', 'Teatro Romano', 'Centro Fotografia']",Duomo,strategy_nearest,False,0.0013740062713623047,success
0487D04A9C4C80,3,"['Casa Giulietta', 'San Fermo']",Santa Anastasia,"['AMO', 'Museo Conte', 'Palazzo della Ragione', 'Teatro Romano', 'Centro Fotografia']",Castelvecchio,strategy_nearest,False,0.0033321380615234375,success
0487E94A9C4C80,3,['Arena'],Santa Anastasia,"['AMO', 'Museo Conte', 'Palazzo della Ragione', 'Teatro Romano', 'Centro Fotografia']",Duomo,strategy_nearest,False,0.0034623146057128906,success
0487EA4A9C4C80,3,['Torre Lamberti'],Santa Anastasia,"['AMO', 'Museo Conte', 'Palazzo della Ragione', 'Teatro Romano', 'Centro Fotografia']",Teatro Romano,strategy_nearest,True,0.002415180206298828,success
0487EB429C4C80,2,"['Casa Giulietta', 'Torre Lamberti']",Castelvecchio,"['Museo Lapidario', 'Verona Tour', 'Arena', 'Museo Radio', 'San Zeno']",Duomo,strategy_nearest,False,0.0027151107788085938,success
0487FE4A9C4C80,1,['Arena'],Casa Giulietta,"['Centro Fotografia', 'Sighseeing', 'Torre Lamberti', 'Museo Conte', 'Museo Radio']",Palazzo della Ragione,strategy_nearest,False,0.0019941329956054688,success
0487ED4A9C4C80,3,"['Arena', 'Castelvecchio']",Duomo,"['AMO', 'Museo Miniscalchi', 'Santa Anastasia', 'Teatro Romano', 'Palazzo della Ragione']",Teatro Romano,strategy_nearest,True,0.0048105716705322266,success
0487EE4A9C4C80,3,"['Arena', 'Torre Lamberti']",Casa Giulietta,"['Centro Fotografia', 'Sighseeing', 'Museo Conte', 'Museo Radio', 'Palazzo della Ragione']",Duomo,strategy_nearest,False,0.003323793411254883,success
0488004A9C4C84,0,['Teatro Romano'],Casa Giulietta,"['Centro Fotografia', 'Sighseeing', 'Torre Lamberti', 'Museo Conte', 'Museo Radio']",Arena,strategy_nearest,False,0.0019981861114501953,success
0487FF4A9C4C80,1,"['Arena', 'Palazzo della Ragione']",Castelvecchio,"['Museo Lapidario', 'Verona Tour', 'Museo Radio', 'San Zeno', 'Sighseeing']",Santa Anastasia,strategy_nearest,False,0.0041010379791259766,success
0488024A9C4C84,0,"['Castelvecchio', 'Arena']",Casa Giulietta,"['Centro Fotografia', 'Sighseeing', 'Torre Lamberti', 'Museo Conte', 'Museo Radio']",Torre Lamberti,strategy_nearest,True,0.0013759136199951172,success
048803429C4C84,3,"['Santa Anastasia', 'Teatro Romano']",Duomo,"['AMO', 'Museo Miniscalchi', 'Palazzo della Ragione', 'Museo Conte', 'Torre Lamberti']",Castelvecchio,strategy_nearest,False,0.002863168716430664,success
04880E3A9C4C80,1,"['Arena', 'Museo Lapidario', 'Castelvecchio', 'Santa Anastasia']",Duomo,"['AMO', 'Museo Miniscalchi', 'Teatro Romano', 'Palazzo della Ragione', 'Museo Conte']",Teatro Romano,strategy_nearest,True,0.002112865447998047,success
04880A429C4C84,0,"['Arena', 'Castelvecchio']",San Zeno,"['Verona Tour', 'Museo Lapidario', 'Museo Miniscalchi', 'Sighseeing', 'Museo Radio']",Casa Giulietta,strategy_nearest,False,0.002805948257446289,success
0488044A9C4C84,1,"['Arena', 'Torre Lamberti']",Palazzo della Ragione,"['AMO', 'Museo Conte', 'Centro Fotografia', 'Sighseeing', 'Santa Anastasia']",Casa Giulietta,strategy_nearest,False,0.004770755767822266,success
04880F429C4C84,0,['Arena'],Torre Lamberti,"['Sighseeing', 'Centro Fotografia', 'Museo Conte', 'Casa Giulietta', 'Palazzo della Ragione']",Casa Giulietta,strategy_nearest,True,0.002621889114379883,success
0488133A9C4C80,3,"['Arena', 'Santa Anastasia', 'Duomo']",Casa Giulietta,"['Centro Fotografia', 'Sighseeing', 'Torre Lamberti', 'Museo Conte', 'Museo Radio']",Torre Lamberti,strategy_nearest,True,0.003470897674560547,success
0488144A9C4C80,3,"['Teatro Romano', 'Santa Anastasia', 'San Fermo']",Casa Giulietta,"['Centro Fotografia', 'Sighseeing', 'Torre Lamberti', 'Museo Conte', 'Museo Radio']",Arena,strategy_nearest,False,0.00222015380859375,success
048812429C4C80,1,"['Casa Giulietta', 'Arena']",Castelvecchio,"['Museo Lapidario', 'Verona Tour', 'Museo Radio', 'San Zeno', 'Sighseeing']",Santa Anastasia,strategy_nearest,False,0.002961874008178711,success
04881C429C4C84,1,"['Palazzo della Ragione', 'Torre Lamberti', 'Santa Anastasia']",Duomo,"['AMO', 'Museo Miniscalchi', 'Teatro Romano', 'Museo Conte', 'Centro Fotografia']",Arena,strategy_nearest,False,0.003322124481201172,success
048826429C4C80,3,"['Casa Giulietta', 'Arena']",Castelvecchio,"['Museo Lapidario', 'Verona Tour', 'Museo Radio', 'San Zeno', 'Sighseeing']",Giardino Giusti,strategy_nearest,False,0.0013699531555175781,success
0488233A9C4C84,1,"['Castelvecchio', 'Arena', 'Torre Lamberti']",Torre Lamberti,"['Sighseeing', 'Centro Fotografia', 'Museo Conte', 'Casa Giulietta', 'Palazzo della Ragione']",Palazzo della Ragione,strategy_nearest,True,0.002785921096801758,success
0488263A9C4C84,0,['Torre Lamberti'],Casa Giulietta,"['Centro Fotografia', 'Sighseeing', 'Museo Conte', 'Museo Radio', 'Palazzo della Ragione']",Arena,strategy_nearest,False,0.0021638870239257812,success
048820429C4C84,0,['Arena'],Casa Giulietta,"['Centro Fotografia', 'Sighseeing', 'Torre Lamberti', 'Museo Conte', 'Museo Radio']",Palazzo della Ragione,strategy_nearest,False,0.0034058094024658203,success
04882F429C4C80,3,"['Casa Giulietta', 'Arena']",Castelvecchio,"['Museo Lapidario', 'Verona Tour', 'Museo Radio', 'San Zeno', 'Sighseeing']",Giardino Giusti,strategy_nearest,False,0.002227783203125,success
048829429C4C84,0,"['Tomba Giulietta', 'San Fermo', 'Casa Giulietta']",Duomo,"['AMO', 'Museo Miniscalchi', 'Santa Anastasia', 'Teatro Romano', 'Palazzo della Ragione']",Arena,strategy_nearest,False,0.002897977828979492,success
04883A3A9C4C80,3,"['Santa Anastasia', 'Teatro Romano']",Arena,"['Verona Tour', 'Museo Lapidario', 'Museo Radio', 'San Fermo', 'Casa Giulietta']",Duomo,strategy_nearest,False,0.0033898353576660156,success
0488294A9C4C80,0,['Arena'],San Zeno,"['Castelvecchio', 'Verona Tour', 'Museo Lapidario', 'Museo Miniscalchi', 'Sighseeing']",Castelvecchio,strategy_nearest,True,0.0016651153564453125,success
0488503A9C4C80,1,"['Casa Giulietta', 'Palazzo della Ragione']",Torre Lamberti,"['Sighseeing', 'Centro Fotografia', 'Museo Conte', 'AMO', 'Museo Miniscalchi']",Arena,strategy_nearest,False,0.00244903564453125,success
048844429C4C80,1,"['Arena', 'Castelvecchio', 'Museo Lapidario', 'Casa Giulietta']",Torre Lamberti,"['Sighseeing', 'Centro Fotografia', 'Museo Conte', 'Palazzo della Ragione', 'AMO']",Palazzo della Ragione,strategy_nearest,True,0.0018768310546875,success
0488584A9C4C80,3,"['Arena', 'Casa Giulietta']",Torre Lamberti,"['Sighseeing', 'Centro Fotografia', 'Museo Conte', 'Palazzo della Ragione', 'AMO']",Santa Anastasia,strategy_nearest,False,0.002766847610473633,success
0488534A9C4C80,3,['Arena'],Casa Giulietta,"['Centro Fotografia', 'Sighseeing', 'Torre Lamberti', 'Museo Conte', 'Museo Radio']",Santa Anastasia,strategy_nearest,False,0.0037839412689208984,success
04886F3A9C4C80,0,['Duomo'],Casa Giulietta,"['Centro Fotografia', 'Sighseeing', 'Torre Lamberti', 'Museo Conte', 'Museo Radio']",Teatro Romano,strategy_nearest,False,0.002516031265258789,success
0488663A9C4C80,3,"['Casa Giulietta', 'Santa Anastasia', 'Duomo']",Arena,"['Verona Tour', 'Museo Lapidario', 'Museo Radio', 'San Fermo', 'Sighseeing']",San Zeno,strategy_nearest,False,0.003364086151123047,success
04887F4A9C4C80,0,['Arena'],Torre Lamberti,"['Sighseeing', 'Centro Fotografia', 'Museo Conte', 'Casa Giulietta', 'Palazzo della Ragione']",Casa Giulietta,strategy_nearest,True,0.0026397705078125,success
04887B4A9C4C80,3,"['Casa Giulietta', 'Torre Lamberti']",Arena,"['Verona Tour', 'Museo Lapidario', 'Museo Radio', 'San Fermo', 'Sighseeing']",Santa Anastasia,strategy_nearest,False,0.003270864486694336,success
04887B3A9C4C80,0,['Duomo'],Arena,"['Verona Tour', 'Museo Lapidario', 'Museo Radio', 'San Fermo', 'Casa Giulietta']",Casa Giulietta,strategy_nearest,True,0.002782106399536133,success
0488754A9C4C80,3,['Arena'],Casa Giulietta,"['Centro Fotografia', 'Sighseeing', 'Torre Lamberti', 'Museo Conte', 'Museo Radio']",Torre Lamberti,strategy_nearest,True,0.0034623146057128906,success
0488984A9C4C80,3,"['Arena', 'Casa Giulietta', 'Torre Lamberti']",Santa Anastasia,"['AMO', 'Museo Conte', 'Palazzo della Ragione', 'Teatro Romano', 'Centro Fotografia']",Castelvecchio,strategy_nearest,False,0.0021119117736816406,success
04889A4A9C4C80,1,['Arena'],Castelvecchio,"['Museo Lapidario', 'Verona Tour', 'Museo Radio', 'San Zeno', 'Sighseeing']",Palazzo della Ragione,strategy_nearest,False,0.0014121532440185547,success
0488843A9C4C80,0,['Arena'],Casa Giulietta,"['Centro Fotografia', 'Sighseeing', 'Torre Lamberti', 'Museo Conte', 'Museo Radio']",Teatro Romano,strategy_nearest,False,0.0028290748596191406,success
0488944A9C4C80,3,"['Castelvecchio', 'Torre Lamberti', 'Casa Giulietta']",Teatro Romano,"['Santa Anastasia', 'Duomo', 'AMO', 'Palazzo della Ragione', 'Museo Conte']",Duomo,strategy_nearest,True,0.00357818603515625,success
04889D4A9C4C80,0,['Arena'],Santa Anastasia,"['AMO', 'Museo Conte', 'Palazzo della Ragione', 'Teatro Romano', 'Centro Fotografia']",Casa Giulietta,strategy_nearest,False,0.0022089481353759766,success
0488A4429C4C80,3,"['Arena', 'Casa Giulietta', 'Giardino Giusti']",Teatro Romano,"['Santa Anastasia', 'Duomo', 'AMO', 'Palazzo della Ragione', 'Museo Conte']",Duomo,strategy_nearest,True,0.0025298595428466797,success
0488A04A9C4C80,0,['Arena'],Casa Giulietta,"['Centro Fotografia', 'Sighseeing', 'Torre Lamberti', 'Museo Conte', 'Museo Radio']",Teatro Romano,strategy_nearest,False,0.002613067626953125,success
04889F4A9C4C80,3,"['Arena', 'Casa Giulietta', 'Torre Lamberti']",Santa Anastasia,"['AMO', 'Museo Conte', 'Palazzo della Ragione', 'Teatro Romano', 'Centro Fotografia']",Duomo,strategy_nearest,False,0.003432035446166992,success
0488B03A9C4C80,0,['Arena'],Casa Giulietta,"['Centro Fotografia', 'Sighseeing', 'Torre Lamberti', 'Museo Conte', 'Museo Radio']",Tomba Giulietta,strategy_nearest,False,0.003278017044067383,success
0488B23A9C4C80,2,"['Palazzo della Ragione', 'Santa Anastasia']",Castelvecchio,"['Museo Lapidario', 'Verona Tour', 'Arena', 'Museo Radio', 'San Zeno']",San Zeno,strategy_nearest,True,0.002740144729614258,success
0488B3429C4C80,3,"['Arena', 'Casa Giulietta']",Torre Lamberti,"['Sighseeing', 'Centro Fotografia', 'Museo Conte', 'Palazzo della Ragione', 'AMO']",Santa Anastasia,strategy_nearest,False,0.0021131038665771484,success
0488B43A9C4C80,3,"['Duomo', 'San Fermo', 'Arena']",Museo Lapidario,"['Verona Tour', 'Castelvecchio', 'Museo Radio', 'Casa Giulietta', 'Tomba Giulietta']",Castelvecchio,strategy_nearest,True,0.0025501251220703125,success
0488BC4A9C4C80,0,['Arena'],Casa Giulietta,"['Centro Fotografia', 'Sighseeing', 'Torre Lamberti', 'Museo Conte', 'Museo Radio']",Teatro Romano,strategy_nearest,False,0.001867055892944336,success
0488B74A9C4C80,0,['Arena'],Casa Giulietta,"['Centro Fotografia', 'Sighseeing', 'Torre Lamberti', 'Museo Conte', 'Museo Radio']",Torre Lamberti,strategy_nearest,True,0.003957271575927734,success
0488BA429C4C80,2,['San Fermo'],Santa Anastasia,"['AMO', 'Museo Conte', 'Palazzo della Ragione', 'Teatro Romano', 'Centro Fotografia']",Duomo,strategy_nearest,False,0.0031392574310302734,success
0488CB3A9C4C80,2,"['Castelvecchio', 'Casa Giulietta']",Santa Anastasia,"['AMO', 'Museo Conte', 'Palazzo della Ragione', 'Teatro Romano', 'Centro Fotografia']",Duomo,strategy_nearest,False,0.0031669139862060547,success
0488CB4A9C4C80,0,['Arena'],Castelvecchio,"['Museo Lapidario', 'Verona Tour', 'Museo Radio', 'San Zeno', 'Sighseeing']",Casa Giulietta,strategy_nearest,False,0.003117084503173828,success
0488D03A9C4C80,1,['Arena'],Casa Giulietta,"['Centro Fotografia', 'Sighseeing', 'Torre Lamberti', 'Museo Conte', 'Museo Radio']",Duomo,strategy_nearest,False,0.0018963813781738281,success
0488C43A9C4C80,0,"['Arena', 'Castelvecchio']",Duomo,"['AMO', 'Museo Miniscalchi', 'Santa Anastasia', 'Teatro Romano', 'Palazzo della Ragione']",Teatro Romano,strategy_nearest,True,0.00572514533996582,success
0488F4429C4C80,3,"['Arena', 'Casa Giulietta']",Castelvecchio,"['Museo Lapidario', 'Verona Tour', 'Museo Radio', 'San Zeno', 'Sighseeing']",Santa Anastasia,strategy_nearest,False,0.0032320022583007812,success
0488DF429C4C80,0,['Casa Giulietta'],Arena,"['Verona Tour', 'Museo Lapidario', 'Museo Radio', 'San Fermo', 'Sighseeing']",Castelvecchio,strategy_nearest,False,0.002117156982421875,success
0488D83A9C4C80,3,"['Arena', 'San Fermo']",Santa Anastasia,"['AMO', 'Museo Conte', 'Palazzo della Ragione', 'Teatro Romano', 'Centro Fotografia']",Duomo,strategy_nearest,False,0.0022110939025878906,success
0488DC3A9C4C80,0,['Duomo'],Arena,"['Verona Tour', 'Museo Lapidario', 'Museo Radio', 'San Fermo', 'Casa Giulietta']",Casa Giulietta,strategy_nearest,True,0.003396749496459961,success
0488FB429C4C80,3,"['Santa Anastasia', 'Duomo', 'Teatro Romano', 'Torre Lamberti']",San Fermo,"['Museo Storia', 'Museo Radio', 'Casa Giulietta', 'Centro Fotografia', 'Arena']",Tomba Giulietta,strategy_nearest,False,0.0021529197692871094,success
0488FF4A9C4C80,1,"['Palazzo della Ragione', 'Torre Lamberti']",Arena,"['Verona Tour', 'Museo Lapidario', 'Museo Radio', 'San Fermo', 'Casa Giulietta']",Castelvecchio,strategy_nearest,False,0.0026068687438964844,success
0488FE4A9C4C80,1,"['Arena', 'Museo Lapidario']",Castelvecchio,"['Verona Tour', 'Museo Radio', 'San Zeno', 'Sighseeing', 'Museo Miniscalchi']",Torre Lamberti,strategy_nearest,False,0.0013148784637451172,success
0488F5429C4C80,0,"['Castelvecchio', 'Duomo']",Teatro Romano,"['Santa Anastasia', 'AMO', 'Palazzo della Ragione', 'Museo Conte', 'Centro Fotografia']",Casa Giulietta,strategy_nearest,False,0.0034759044647216797,success
0489084A9C4C80,0,['Arena'],Casa Giulietta,"['Centro Fotografia', 'Sighseeing', 'Torre Lamberti', 'Museo Conte', 'Museo Radio']",Duomo,strategy_nearest,False,0.002705812454223633,success
0489024A9C4C84,0,['Arena'],Casa Giulietta,"['Centro Fotografia', 'Sighseeing', 'Torre Lamberti', 'Museo Conte', 'Museo Radio']",Teatro Romano,strategy_nearest,False,0.0033957958221435547,success
04890C4A9C4C80,1,"['Arena', 'Palazzo della Ragione']",Torre Lamberti,"['Sighseeing', 'Centro Fotografia', 'Museo Conte', 'Casa Giulietta', 'AMO']",Casa Giulietta,strategy_nearest,True,0.003213167190551758,success
04890E4A9C4C84,1,"['Arena', 'Casa Giulietta']",Torre Lamberti,"['Sighseeing', 'Centro Fotografia', 'Museo Conte', 'Palazzo della Ragione', 'AMO']",Palazzo della Ragione,strategy_nearest,True,0.0013840198516845703,success
04891D429C4C84,0,"['Tomba Giulietta', 'Arena']",Casa Giulietta,"['Centro Fotografia', 'Sighseeing', 'Torre Lamberti', 'Museo Conte', 'Museo Radio']",Castelvecchio,strategy_nearest,False,0.0014290809631347656,success
0489184A9C4C80,3,['Giardino Giusti'],Teatro Romano,"['Santa Anastasia', 'Duomo', 'AMO', 'Palazzo della Ragione', 'Museo Conte']",Santa Anastasia,strategy_nearest,True,0.0027179718017578125,success
048917429C4C84,0,['Arena'],Casa Giulietta,"['Centro Fotografia', 'Sighseeing', 'Torre Lamberti', 'Museo Conte', 'Museo Radio']",Castelvecchio,strategy_nearest,False,0.0022068023681640625,success
04890F4A9C4C84,0,"['Tomba Giulietta', 'San Fermo']",Casa Giulietta,"['Centro Fotografia', 'Sighseeing', 'Torre Lamberti', 'Museo Conte', 'Museo Radio']",Arena,strategy_nearest,False,0.004036903381347656,success
048921429C4C80,0,"['Arena', 'Casa Giulietta']",Torre Lamberti,"['Sighseeing', 'Centro Fotografia', 'Museo Conte', 'Palazzo della Ragione', 'AMO']",Teatro Romano,strategy_nearest,False,0.0015177726745605469,success
048924429C4C84,0,['Santa Anastasia'],Casa Giulietta,"['Centro Fotografia', 'Sighseeing', 'Torre Lamberti', 'Museo Conte', 'Museo Radio']",Arena,strategy_nearest,False,0.0023050308227539062,success
04891F429C4C84,3,"['Arena', 'Casa Giulietta']",Duomo,"['AMO', 'Museo Miniscalchi', 'Santa Anastasia', 'Teatro Romano', 'Palazzo della Ragione']",Torre Lamberti,strategy_nearest,False,0.0029287338256835938,success
048925429C4C84,0,"['Castelvecchio', 'Arena']",Tomba Giulietta,"['San Fermo', 'Museo Storia', 'Museo Lapidario', 'Museo Radio', 'Verona Tour']",Teatro Romano,strategy_nearest,False,0.003245115280151367,success
048977429C4C80,3,"['Tomba Giulietta', 'Casa Giulietta']",Castelvecchio,"['Museo Lapidario', 'Verona Tour', 'Arena', 'Museo Radio', 'San Zeno']",Arena,strategy_nearest,True,0.0026581287384033203,success
048969429C4C80,0,['Arena'],Castelvecchio,"['Museo Lapidario', 'Verona Tour', 'Museo Radio', 'San Zeno', 'Sighseeing']",Casa Giulietta,strategy_nearest,False,0.001371145248413086,success
04893A3A9C4C80,0,"['Torre Lamberti', 'Casa Giulietta']",Arena,"['Verona Tour', 'Museo Lapidario', 'Museo Radio', 'San Fermo', 'Sighseeing']",Teatro Romano,strategy_nearest,False,0.002254009246826172,success
04897B4A9C4C80,3,"['Casa Giulietta', 'Arena']",Santa Anastasia,"['AMO', 'Museo Conte', 'Palazzo della Ragione', 'Teatro Romano', 'Centro Fotografia']",Duomo,strategy_nearest,False,0.0033452510833740234,success
04898A4A9C4C80,3,"['Arena', 'Casa Giulietta']",Torre Lamberti,"['Sighseeing', 'Centro Fotografia', 'Museo Conte', 'Palazzo della Ragione', 'AMO']",Castelvecchio,strategy_nearest,False,0.0032858848571777344,success
0489843A9C4C80,3,"['Arena', 'Castelvecchio', 'San Zeno']",Torre Lamberti,"['Sighseeing', 'Centro Fotografia', 'Museo Conte', 'Casa Giulietta', 'Palazzo della Ragione']",Santa Anastasia,strategy_nearest,False,0.002599000930786133,success
04897F3A9C4C80,2,"['Casa Giulietta', 'Torre Lamberti', 'Palazzo della Ragione']",Santa Anastasia,"['AMO', 'Museo Conte', 'Teatro Romano', 'Centro Fotografia', 'Duomo']",Teatro Romano,strategy_nearest,True,0.002061128616333008,success
0489964A9C4C80,3,"['Duomo', 'Santa Anastasia']",Casa Giulietta,"['Centro Fotografia', 'Sighseeing', 'Torre Lamberti', 'Museo Conte', 'Museo Radio']",Arena,strategy_nearest,False,0.003111124038696289,success
04899F4A9C4C80,3,"['Arena', 'Casa Giulietta', 'Torre Lamberti']",Santa Anastasia,"['AMO', 'Museo Conte', 'Palazzo della Ragione', 'Teatro Romano', 'Centro Fotografia']",Duomo,strategy_nearest,False,0.0019998550415039062,success
0489984A9C4C80,1,"['Arena', 'Teatro Romano', 'Duomo']",Santa Anastasia,"['AMO', 'Museo Conte', 'Palazzo della Ragione', 'Centro Fotografia', 'Torre Lamberti']",Palazzo della Ragione,strategy_nearest,True,0.004026174545288086,success
04899E4A9C4C80,3,['Arena'],Torre Lamberti,"['Sighseeing', 'Centro Fotografia', 'Museo Conte', 'Casa Giulietta', 'Palazzo della Ragione']",Casa Giulietta,strategy_nearest,True,0.0027921199798583984,success
048999429C4C80,2,['Duomo'],Castelvecchio,"['Museo Lapidario', 'Verona Tour', 'Arena', 'Museo Radio', 'San Zeno']",San Zeno,strategy_nearest,True,0.0022192001342773438,success
0489B43A9C4C80,0,['Arena'],Casa Giulietta,"['Centro Fotografia', 'Sighseeing', 'Torre Lamberti', 'Museo Conte', 'Museo Radio']",Castelvecchio,strategy_nearest,False,0.0027332305908203125,success
0489AE4A9C4C80,0,['Arena'],Casa Giulietta,"['Centro Fotografia', 'Sighseeing', 'Torre Lamberti', 'Museo Conte', 'Museo Radio']",Teatro Romano,strategy_nearest,False,0.0021529197692871094,success
0489A04A9C4C80,3,"['Castelvecchio', 'Arena']",Casa Giulietta,"['Centro Fotografia', 'Sighseeing', 'Torre Lamberti', 'Museo Conte', 'Museo Radio']",Torre Lamberti,strategy_nearest,True,0.0015270709991455078,success
0489B73A9C4C80,3,"['Casa Giulietta', 'Santa Anastasia', 'Duomo']",San Fermo,"['Museo Storia', 'Museo Radio', 'Centro Fotografia', 'Arena', 'Sighseeing']",Tomba Giulietta,strategy_nearest,False,0.0033490657806396484,success
0489BE3A9C4C80,3,"['Arena', 'Tomba Giulietta']",Casa Giulietta,"['Centro Fotografia', 'Sighseeing', 'Torre Lamberti', 'Museo Conte', 'Museo Radio']",Duomo,strategy_nearest,False,0.002164125442504883,success
0489CD3A9C4C80,0,['Arena'],Torre Lamberti,"['Sighseeing', 'Centro Fotografia', 'Museo Conte', 'Casa Giulietta', 'Palazzo della Ragione']",Casa Giulietta,strategy_nearest,True,0.0026798248291015625,success
0489BC4A9C4C80,0,['Arena'],Casa Giulietta,"['Centro Fotografia', 'Sighseeing', 'Torre Lamberti', 'Museo Conte', 'Museo Radio']",Torre Lamberti,strategy_nearest,True,0.0017261505126953125,success
0489B93A9C4C80,1,['Arena'],Casa Giulietta,"['Centro Fotografia', 'Sighseeing', 'Torre Lamberti', 'Museo Conte', 'Museo Radio']",Palazzo della Ragione,strategy_nearest,False,0.0036001205444335938,success
0489CF4A9C4C80,0,"['Arena', 'Torre Lamberti']",Casa Giulietta,"['Centro Fotografia', 'Sighseeing', 'Museo Conte', 'Museo Radio', 'Palazzo della Ragione']",Teatro Romano,strategy_nearest,False,0.002821207046508789,success
0489D63A9C4C80,2,['Casa Giulietta'],Torre Lamberti,"['Sighseeing', 'Centro Fotografia', 'Museo Conte', 'Palazzo della Ragione', 'AMO']",Santa Anastasia,strategy_nearest,False,0.001455068588256836,success
0489D14A9C4C80,0,['Arena'],Casa Giulietta,"['Centro Fotografia', 'Sighseeing', 'Torre Lamberti', 'Museo Conte', 'Museo Radio']",Duomo,strategy_nearest,False,0.0027909278869628906,success
0489D5429C4C80,3,"['Arena', 'Castelvecchio']",Duomo,"['AMO', 'Museo Miniscalchi', 'Santa Anastasia', 'Teatro Romano', 'Palazzo della Ragione']",San Zeno,strategy_nearest,False,0.003371000289916992,success
0489F34A9C4C80,3,['Arena'],Santa Anastasia,"['AMO', 'Museo Conte', 'Palazzo della Ragione', 'Teatro Romano', 'Centro Fotografia']",Duomo,strategy_nearest,False,0.0015099048614501953,success
0489F94A9C4C80,3,"['Arena', 'Casa Giulietta']",Teatro Romano,"['Santa Anastasia', 'Duomo', 'AMO', 'Palazzo della Ragione', 'Museo Conte']",Duomo,strategy_nearest,True,0.002027750015258789,success
0489F5429C4C80,0,['Arena'],Casa Giulietta,"['Centro Fotografia', 'Sighseeing', 'Torre Lamberti', 'Museo Conte', 'Museo Radio']",Torre Lamberti,strategy_nearest,True,0.002974987030029297,success
0489FB4A9C4C80,2,['Tomba Giulietta'],Teatro Romano,"['Santa Anastasia', 'Duomo', 'AMO', 'Palazzo della Ragione', 'Museo Conte']",Castelvecchio,strategy_nearest,False,0.0034160614013671875,success
0489FD4A9C4C80,3,"['Museo Lapidario', 'Arena', 'Casa Giulietta']",Torre Lamberti,"['Sighseeing', 'Centro Fotografia', 'Museo Conte', 'Palazzo della Ragione', 'AMO']",Santa Anastasia,strategy_nearest,False,0.0026161670684814453,success
0489FF4A9C4C80,0,"['Museo Lapidario', 'Arena']",Casa Giulietta,"['Centro Fotografia', 'Sighseeing', 'Torre Lamberti', 'Museo Conte', 'Museo Radio']",Teatro Romano,strategy_nearest,False,0.0024690628051757812,success
0489FE4A9C4C80,1,"['Castelvecchio', 'Arena', 'Casa Giulietta']",Santa Anastasia,"['AMO', 'Museo Conte', 'Palazzo della Ragione', 'Teatro Romano', 'Centro Fotografia']",Teatro Romano,strategy_nearest,True,0.003963947296142578,success
048A014A9C4C84,1,['Arena'],Palazzo della Ragione,"['AMO', 'Museo Conte', 'Torre Lamberti', 'Centro Fotografia', 'Sighseeing']",Teatro Romano,strategy_nearest,False,0.003322124481201172,success
048A084A9C4C84,3,"['Arena', 'Torre Lamberti']",Casa Giulietta,"['Centro Fotografia', 'Sighseeing', 'Museo Conte', 'Museo Radio', 'Palazzo della Ragione']",Santa Anastasia,strategy_nearest,False,0.003381013870239258,success
048A054A9C4C84,1,"['Arena', 'Casa Giulietta', 'Tomba Giulietta', 'Castelvecchio', 'Duomo']",Santa Anastasia,"['AMO', 'Museo Conte', 'Palazzo della Ragione', 'Teatro Romano', 'Centro Fotografia']",Teatro Romano,strategy_nearest,True,0.0024831295013427734,success
048A0B4A9C4C84,2,['Castelvecchio'],Casa Giulietta,"['Centro Fotografia', 'Sighseeing', 'Torre Lamberti', 'Museo Conte', 'Museo Radio']",Santa Anastasia,strategy_nearest,False,0.0032889842987060547,success
048A0B429C4C84,1,"['Arena', 'Casa Giulietta']",Palazzo della Ragione,"['AMO', 'Museo Conte', 'Torre Lamberti', 'Centro Fotografia', 'Sighseeing']",Torre Lamberti,strategy_nearest,True,0.0025398731231689453,success
048A0D4A9C4C80,1,"['Arena', 'Torre Lamberti', 'Palazzo della Ragione']",Castelvecchio,"['Museo Lapidario', 'Verona Tour', 'Museo Radio', 'San Zeno', 'Sighseeing']",Casa Giulietta,strategy_nearest,False,0.002109050750732422,success
048A0D429C4C84,1,"['Arena', 'Torre Lamberti', 'Palazzo della Ragione']",Casa Giulietta,"['Centro Fotografia', 'Sighseeing', 'Museo Conte', 'Museo Radio', 'San Fermo']",Castelvecchio,strategy_nearest,False,0.0027430057525634766,success
048A114A9C4C80,3,"['Arena', 'Casa Giulietta']",Torre Lamberti,"['Sighseeing', 'Centro Fotografia', 'Museo Conte', 'Palazzo della Ragione', 'AMO']",Teatro Romano,strategy_nearest,False,0.0027370452880859375,success
048A14429C4C84,1,"['Torre Lamberti', 'Palazzo della Ragione']",Casa Giulietta,"['Centro Fotografia', 'Sighseeing', 'Museo Conte', 'Museo Radio', 'San Fermo']",Arena,strategy_nearest,False,0.0034151077270507812,success
048A17429C4C84,0,"['Torre Lamberti', 'Castelvecchio']",Arena,"['Verona Tour', 'Museo Lapidario', 'Museo Radio', 'San Fermo', 'Casa Giulietta']",Casa Giulietta,strategy_nearest,True,0.0022499561309814453,success
048A1B429C4C84,2,"['Casa Giulietta', 'Torre Lamberti', 'Duomo']",Santa Anastasia,"['AMO', 'Museo Conte', 'Palazzo della Ragione', 'Teatro Romano', 'Centro Fotografia']",San Zeno,strategy_nearest,False,0.0026340484619140625,success
048A20429C4C80,3,"['Teatro Romano', 'Duomo', 'Castelvecchio']",Arena,"['Verona Tour', 'Museo Lapidario', 'Museo Radio', 'San Fermo', 'Casa Giulietta']",Casa Giulietta,strategy_nearest,True,0.0026366710662841797,success
048A1D3A9C4C80,0,['San Zeno'],Casa Giulietta,"['Centro Fotografia', 'Sighseeing', 'Torre Lamberti', 'Museo Conte', 'Museo Radio']",Arena,strategy_nearest,False,0.0033507347106933594,success
048A23429C4C84,0,['Arena'],Castelvecchio,"['Museo Lapidario', 'Verona Tour', 'Museo Radio', 'San Zeno', 'Sighseeing']",Casa Giulietta,strategy_nearest,False,0.0018222332000732422,success
048A22429C4C84,2,"['Castelvecchio', 'Casa Giulietta', 'Duomo', 'Teatro Romano']",Torre Lamberti,"['Sighseeing', 'Centro Fotografia', 'Museo Conte', 'Palazzo della Ragione', 'AMO']",Palazzo della Ragione,strategy_nearest,True,0.0025010108947753906,success
048A263A9C4C84,3,"['Arena', 'Castelvecchio', 'Torre Lamberti']",Santa Anastasia,"['AMO', 'Museo Conte', 'Palazzo della Ragione', 'Teatro Romano', 'Centro Fotografia']",Duomo,strategy_nearest,False,0.0023908615112304688,success
048A26429C4C84,3,"['Teatro Romano', 'Santa Anastasia', 'Duomo']",Torre Lamberti,"['Sighseeing', 'Centro Fotografia', 'Museo Conte', 'Casa Giulietta', 'Palazzo della Ragione']",Casa Giulietta,strategy_nearest,True,0.0031900405883789062,success
048A273A9C4C80,1,"['Casa Giulietta', 'Palazzo della Ragione', 'Torre Lamberti', 'Santa Anastasia']",Duomo,"['AMO', 'Museo Miniscalchi', 'Teatro Romano', 'Museo Conte', 'Centro Fotografia']",Teatro Romano,strategy_nearest,True,0.002577066421508789,success
048A27429C4C84,0,['Arena'],Torre Lamberti,"['Sighseeing', 'Centro Fotografia', 'Museo Conte', 'Casa Giulietta', 'Palazzo della Ragione']",Casa Giulietta,strategy_nearest,True,0.0033490657806396484,success
048A2C429C4C80,1,"['Castelvecchio', 'Torre Lamberti', 'Palazzo della Ragione']",Duomo,"['AMO', 'Museo Miniscalchi', 'Santa Anastasia', 'Teatro Romano', 'Museo Conte']",Museo Storia,strategy_nearest,False,0.0029859542846679688,success
048A4B429C4C80,1,"['Casa Giulietta', 'Arena']",Tomba Giulietta,"['San Fermo', 'Museo Storia', 'Museo Lapidario', 'Museo Radio', 'Verona Tour']",Castelvecchio,strategy_nearest,False,0.00339508056640625,success
048A32429C4C80,1,"['Casa Giulietta', 'Arena']",Torre Lamberti,"['Sighseeing', 'Centro Fotografia', 'Museo Conte', 'Palazzo della Ragione', 'AMO']",Palazzo della Ragione,strategy_nearest,True,0.0031280517578125,success
048A503A9C4C80,0,"['Castelvecchio', 'Torre Lamberti']",Arena,"['Verona Tour', 'Museo Lapidario', 'Museo Radio', 'San Fermo', 'Casa Giulietta']",Casa Giulietta,strategy_nearest,True,0.0034008026123046875,success
048A653A9C4C80,1,"['Palazzo della Ragione', 'Torre Lamberti', 'Santa Anastasia']",Duomo,"['AMO', 'Museo Miniscalchi', 'Teatro Romano', 'Museo Conte', 'Centro Fotografia']",Casa Giulietta,strategy_nearest,False,0.0018968582153320312,success
048A6A3A9C4C80,1,"['Palazzo della Ragione', 'Torre Lamberti', 'Arena', 'Casa Giulietta']",Santa Anastasia,"['AMO', 'Museo Conte', 'Teatro Romano', 'Centro Fotografia', 'Duomo']",San Zeno,strategy_nearest,False,0.002177000045776367,success
048A744A9C4C80,0,"['Arena', 'Museo Lapidario']",Castelvecchio,"['Verona Tour', 'Museo Radio', 'San Zeno', 'Sighseeing', 'Museo Miniscalchi']",Torre Lamberti,strategy_nearest,False,0.002763032913208008,success
048A89429C4C80,3,"['Arena', 'Casa Giulietta']",Torre Lamberti,"['Sighseeing', 'Centro Fotografia', 'Museo Conte', 'Palazzo della Ragione', 'AMO']",Santa Anastasia,strategy_nearest,False,0.0031900405883789062,success
048A774A9C4C80,0,['Arena'],Torre Lamberti,"['Sighseeing', 'Centro Fotografia', 'Museo Conte', 'Casa Giulietta', 'Palazzo della Ragione']",Giardino Giusti,strategy_nearest,False,0.002742767333984375,success
048A894A9C4C80,2,"['Casa Giulietta', 'Santa Anastasia']",Torre Lamberti,"['Sighseeing', 'Centro Fotografia', 'Museo Conte', 'Palazzo della Ragione', 'AMO']",Torre Lamberti,strategy_nearest,False,0.0013921260833740234,success
048A9C429C4C80,3,['Arena'],Casa Giulietta,"['Centro Fotografia', 'Sighseeing', 'Torre Lamberti', 'Museo Conte', 'Museo Radio']",Torre Lamberti,strategy_nearest,True,0.003200054168701172,success
048A8E4A9C4C80,0,['Castelvecchio'],Arena,"['Verona Tour', 'Museo Lapidario', 'Museo Radio', 'San Fermo', 'Casa Giulietta']",Casa Giulietta,strategy_nearest,True,0.001978158950805664,success
048A9A4A9C4C80,0,['Arena'],Casa Giulietta,"['Centro Fotografia', 'Sighseeing', 'Torre Lamberti', 'Museo Conte', 'Museo Radio']",Giardino Giusti,strategy_nearest,False,0.002730131149291992,success
048A9E429C4C80,1,['Arena'],Torre Lamberti,"['Sighseeing', 'Centro Fotografia', 'Museo Conte', 'Casa Giulietta', 'Palazzo della Ragione']",Palazzo della Ragione,strategy_nearest,True,0.0015900135040283203,success
048AA93A9C4C80,1,"['Teatro Romano', 'Arena', 'Torre Lamberti']",Palazzo della Ragione,"['AMO', 'Museo Conte', 'Centro Fotografia', 'Sighseeing', 'Santa Anastasia']",Santa Anastasia,strategy_nearest,True,0.0020949840545654297,success
048AA3429C4C80,3,"['Arena', 'Castelvecchio']",Teatro Romano,"['Santa Anastasia', 'Duomo', 'AMO', 'Palazzo della Ragione', 'Museo Conte']",Santa Anastasia,strategy_nearest,True,0.002783060073852539,success
048A9C4A9C4C80,0,['Arena'],Museo Lapidario,"['Verona Tour', 'Castelvecchio', 'Museo Radio', 'San Fermo', 'Casa Giulietta']",Castelvecchio,strategy_nearest,True,0.003481626510620117,success
048AAE4A9C4C80,0,['Arena'],Torre Lamberti,"['Sighseeing', 'Centro Fotografia', 'Museo Conte', 'Casa Giulietta', 'Palazzo della Ragione']",Duomo,strategy_nearest,False,0.002849102020263672,success
048AB04A9C4C80,3,"['Arena', 'Torre Lamberti', 'Casa Giulietta']",Santa Anastasia,"['AMO', 'Museo Conte', 'Palazzo della Ragione', 'Teatro Romano', 'Centro Fotografia']",Teatro Romano,strategy_nearest,True,0.0027582645416259766,success
048AAD4A9C4C80,3,"['Arena', 'Casa Giulietta', 'Torre Lamberti']",Santa Anastasia,"['AMO', 'Museo Conte', 'Palazzo della Ragione', 'Teatro Romano', 'Centro Fotografia']",Duomo,strategy_nearest,False,0.004831790924072266,success
048AB24A9C4C80,3,"['Arena', 'Casa Giulietta', 'San Fermo']",Torre Lamberti,"['Sighseeing', 'Centro Fotografia', 'Museo Conte', 'Palazzo della Ragione', 'AMO']",Tomba Giulietta,strategy_nearest,False,0.0015530586242675781,success
048AB44A9C4C80,1,"['Castelvecchio', 'Arena', 'Santa Anastasia', 'Duomo']",Torre Lamberti,"['Sighseeing', 'Centro Fotografia', 'Museo Conte', 'Casa Giulietta', 'Palazzo della Ragione']",Palazzo della Ragione,strategy_nearest,True,0.0032999515533447266,success
048AB33A9C4C80,3,['Arena'],Casa Giulietta,"['Centro Fotografia', 'Sighseeing', 'Torre Lamberti', 'Museo Conte', 'Museo Radio']",Santa Anastasia,strategy_nearest,False,0.001898050308227539,success
048AC33A9C4C80,3,"['Arena', 'Casa Giulietta']",Torre Lamberti,"['Sighseeing', 'Centro Fotografia', 'Museo Conte', 'Palazzo della Ragione', 'AMO']",Santa Anastasia,strategy_nearest,False,0.0019860267639160156,success
048AC54A9C4C80,0,['Arena'],San Zeno,"['Castelvecchio', 'Verona Tour', 'Museo Lapidario', 'Museo Miniscalchi', 'Sighseeing']",Casa Giulietta,strategy_nearest,False,0.0035588741302490234,success
048AE1429C4C80,0,['Arena'],Casa Giulietta,"['Centro Fotografia', 'Sighseeing', 'Torre Lamberti', 'Museo Conte', 'Museo Radio']",Teatro Romano,strategy_nearest,False,0.0019540786743164062,success
048ACB3A9C4C80,0,['Arena'],San Zeno,"['Castelvecchio', 'Verona Tour', 'Museo Lapidario', 'Museo Miniscalchi', 'Sighseeing']",Castelvecchio,strategy_nearest,True,0.002766132354736328,success
048AEC429C4C80,1,"['Arena', 'Casa Giulietta', 'San Fermo']",Torre Lamberti,"['Sighseeing', 'Centro Fotografia', 'Museo Conte', 'Palazzo della Ragione', 'AMO']",Palazzo della Ragione,strategy_nearest,True,0.0033371448516845703,success
048AF34A9C4C80,0,['Arena'],Casa Giulietta,"['Centro Fotografia', 'Sighseeing', 'Torre Lamberti', 'Museo Conte', 'Museo Radio']",Teatro Romano,strategy_nearest,False,0.0023081302642822266,success
048AED3A9C4C80,3,"['Arena', 'Casa Giulietta']",Teatro Romano,"['Santa Anastasia', 'Duomo', 'AMO', 'Palazzo della Ragione', 'Museo Conte']",Duomo,strategy_nearest,True,0.003003835678100586,success
048AF94A9C4C80,3,"['Tomba Giulietta', 'Arena']",Torre Lamberti,"['Sighseeing', 'Centro Fotografia', 'Museo Conte', 'Casa Giulietta', 'Palazzo della Ragione']",Santa Anastasia,strategy_nearest,False,0.003237009048461914,success
048B023A9C4C84,0,"['Museo Lapidario', 'Arena']",Tomba Giulietta,"['San Fermo', 'Museo Storia', 'Museo Radio', 'Verona Tour', 'Casa Giulietta']",San Fermo,strategy_nearest,True,0.0018198490142822266,success
048B054A9C4C84,0,['Arena'],Casa Giulietta,"['Centro Fotografia', 'Sighseeing', 'Torre Lamberti', 'Museo Conte', 'Museo Radio']",Torre Lamberti,strategy_nearest,True,0.0024330615997314453,success
048B084A9C4C80,0,['Arena'],Teatro Romano,"['Santa Anastasia', 'Duomo', 'AMO', 'Palazzo della Ragione', 'Museo Conte']",Tomba Giulietta,strategy_nearest,False,0.0028657913208007812,success
048B0A4A9C4C84,1,"['Arena', 'Casa Giulietta']",Torre Lamberti,"['Sighseeing', 'Centro Fotografia', 'Museo Conte', 'Palazzo della Ragione', 'AMO']",Palazzo della Ragione,strategy_nearest,True,0.003154277801513672,success
048AFE4A9C4C80,0,['Arena'],Casa Giulietta,"['Centro Fotografia', 'Sighseeing', 'Torre Lamberti', 'Museo Conte', 'Museo Radio']",Torre Lamberti,strategy_nearest,True,0.003973960876464844,success
048B0A429C4C84,0,"['Arena', 'Casa Giulietta']",Torre Lamberti,"['Sighseeing', 'Centro Fotografia', 'Museo Conte', 'Palazzo della Ragione', 'AMO']",Castelvecchio,strategy_nearest,False,0.002911806106567383,success
048B27429C4C84,1,"['Castelvecchio', 'Arena', 'Casa Giulietta']",Palazzo della Ragione,"['AMO', 'Museo Conte', 'Torre Lamberti', 'Centro Fotografia', 'Sighseeing']",Torre Lamberti,strategy_nearest,True,0.001458883285522461,success
048B16429C4C84,2,['Torre Lamberti'],Casa Giulietta,"['Centro Fotografia', 'Sighseeing', 'Museo Conte', 'Museo Radio', 'Palazzo della Ragione']",Teatro Romano,strategy_nearest,False,0.003403186798095703,success
048B1D3A9C4C84,0,['Castelvecchio'],Duomo,"['AMO', 'Museo Miniscalchi', 'Santa Anastasia', 'Teatro Romano', 'Palazzo della Ragione']",Arena,strategy_nearest,False,0.002707958221435547,success
048B434A9C4C80,1,"['Arena', 'Casa Giulietta', 'Santa Anastasia']",Torre Lamberti,"['Sighseeing', 'Centro Fotografia', 'Museo Conte', 'Palazzo della Ragione', 'AMO']",Palazzo della Ragione,strategy_nearest,True,0.0022439956665039062,success
048B3A429C4C80,3,['Arena'],San Fermo,"['Museo Storia', 'Museo Radio', 'Casa Giulietta', 'Centro Fotografia', 'Sighseeing']",Santa Anastasia,strategy_nearest,False,0.003398895263671875,success
048B4A4A9C4C80,3,['Arena'],Casa Giulietta,"['Centro Fotografia', 'Sighseeing', 'Torre Lamberti', 'Museo Conte', 'Museo Radio']",Torre Lamberti,strategy_nearest,True,0.002001047134399414,success
048B4B429C4C80,3,"['Casa Giulietta', 'Torre Lamberti']",Santa Anastasia,"['AMO', 'Museo Conte', 'Palazzo della Ragione', 'Teatro Romano', 'Centro Fotografia']",Teatro Romano,strategy_nearest,True,0.002577066421508789,success
048B573A9C4C80,2,['Duomo'],San Fermo,"['Museo Storia', 'Museo Radio', 'Casa Giulietta', 'Centro Fotografia', 'Arena']",Castelvecchio,strategy_nearest,False,0.003305196762084961,success
048B4F3A9C4C80,0,['Castelvecchio'],Torre Lamberti,"['Sighseeing', 'Centro Fotografia', 'Museo Conte', 'Casa Giulietta', 'Palazzo della Ragione']",Arena,strategy_nearest,False,0.002850055694580078,success
048B774A9C4C80,0,"['Arena', 'Casa Giulietta']",San Fermo,"['Museo Storia', 'Museo Radio', 'Centro Fotografia', 'Sighseeing', 'Torre Lamberti']",Torre Lamberti,strategy_nearest,True,0.0025031566619873047,success
048B593A9C4C80,0,"['Museo Lapidario', 'Arena', 'Castelvecchio']",Casa Giulietta,"['Centro Fotografia', 'Sighseeing', 'Torre Lamberti', 'Museo Conte', 'Museo Radio']",Torre Lamberti,strategy_nearest,True,0.002585887908935547,success
048B6B429C4C80,0,['Arena'],San Fermo,"['Museo Storia', 'Museo Radio', 'Casa Giulietta', 'Centro Fotografia', 'Sighseeing']",Casa Giulietta,strategy_nearest,True,0.003257274627685547,success
048B7A4A9C4C80,1,"['Arena', 'Palazzo della Ragione']",Torre Lamberti,"['Sighseeing', 'Centro Fotografia', 'Museo Conte', 'Casa Giulietta', 'AMO']",Casa Giulietta,strategy_nearest,True,0.0028259754180908203,success
048B813A9C4C80,3,"['Castelvecchio', 'Santa Anastasia']",Casa Giulietta,"['Centro Fotografia', 'Sighseeing', 'Torre Lamberti', 'Museo Conte', 'Museo Radio']",Arena,strategy_nearest,False,0.0032999515533447266,success
048B794A9C4C80,0,['Arena'],Casa Giulietta,"['Centro Fotografia', 'Sighseeing', 'Torre Lamberti', 'Museo Conte', 'Museo Radio']",San Fermo,strategy_nearest,False,0.0035181045532226562,success
048B7C4A9C4C80,3,"['Casa Giulietta', 'Santa Anastasia']",Duomo,"['AMO', 'Museo Miniscalchi', 'Teatro Romano', 'Palazzo della Ragione', 'Museo Conte']",Arena,strategy_nearest,False,0.002233743667602539,success
048B884A9C4C80,3,"['Arena', 'Castelvecchio']",Duomo,"['AMO', 'Museo Miniscalchi', 'Santa Anastasia', 'Teatro Romano', 'Palazzo della Ragione']",Santa Anastasia,strategy_nearest,True,0.0015189647674560547,success
048B954A9C4C80,1,"['Arena', 'Casa Giulietta']",Torre Lamberti,"['Sighseeing', 'Centro Fotografia', 'Museo Conte', 'Palazzo della Ragione', 'AMO']",Palazzo della Ragione,strategy_nearest,True,0.0027761459350585938,success
048B9B4A9C4C80,0,['Arena'],Casa Giulietta,"['Centro Fotografia', 'Sighseeing', 'Torre Lamberti', 'Museo Conte', 'Museo Radio']",Torre Lamberti,strategy_nearest,True,0.0019969940185546875,success
048B8F3A9C4C80,0,['Arena'],Casa Giulietta,"['Centro Fotografia', 'Sighseeing', 'Torre Lamberti', 'Museo Conte', 'Museo Radio']",Castelvecchio,strategy_nearest,False,0.003618001937866211,success
048BAC4A9C4C80,1,"['Museo Lapidario', 'Arena']",San Fermo,"['Museo Storia', 'Museo Radio', 'Casa Giulietta', 'Centro Fotografia', 'Sighseeing']",Palazzo della Ragione,strategy_nearest,False,0.0019388198852539062,success
048B9C429C4C80,1,"['Arena', 'Museo Storia']",Duomo,"['AMO', 'Museo Miniscalchi', 'Santa Anastasia', 'Teatro Romano', 'Palazzo della Ragione']",Torre Lamberti,strategy_nearest,False,0.0026407241821289062,success
048BA5429C4C80,0,['Arena'],Castelvecchio,"['Museo Lapidario', 'Verona Tour', 'Museo Radio', 'San Zeno', 'Sighseeing']",Casa Giulietta,strategy_nearest,False,0.003587961196899414,success
048BAD4A9C4C80,0,['Arena'],Tomba Giulietta,"['San Fermo', 'Museo Storia', 'Museo Lapidario', 'Museo Radio', 'Verona Tour']",Casa Giulietta,strategy_nearest,False,0.003298044204711914,success
048BAF4A9C4C80,0,['Museo Lapidario'],Arena,"['Verona Tour', 'Museo Radio', 'San Fermo', 'Casa Giulietta', 'Sighseeing']",Duomo,strategy_nearest,False,0.003201007843017578,success
048BB04A9C4C80,1,"['Arena', 'Casa Giulietta']",Castelvecchio,"['Museo Lapidario', 'Verona Tour', 'Museo Radio', 'San Zeno', 'Sighseeing']",Museo Lapidario,strategy_nearest,True,0.0024499893188476562,success
048BB14A9C4C80,0,['Arena'],Casa Giulietta,"['Centro Fotografia', 'Sighseeing', 'Torre Lamberti', 'Museo Conte', 'Museo Radio']",Tomba Giulietta,strategy_nearest,False,0.0025968551635742188,success
048BB64A9C4C80,3,['Arena'],Casa Giulietta,"['Centro Fotografia', 'Sighseeing', 'Torre Lamberti', 'Museo Conte', 'Museo Radio']",Torre Lamberti,strategy_nearest,True,0.0018620491027832031,success
048BB13A9C4C80,0,['Arena'],Casa Giulietta,"['Centro Fotografia', 'Sighseeing', 'Torre Lamberti', 'Museo Conte', 'Museo Radio']",Teatro Romano,strategy_nearest,False,0.004278898239135742,success
048BB34A9C4C80,0,['Arena'],Tomba Giulietta,"['San Fermo', 'Museo Storia', 'Museo Lapidario', 'Museo Radio', 'Verona Tour']",Torre Lamberti,strategy_nearest,False,0.003358125686645508,success
048BBD4A9C4C80,0,['Arena'],Torre Lamberti,"['Sighseeing', 'Centro Fotografia', 'Museo Conte', 'Casa Giulietta', 'Palazzo della Ragione']",Casa Giulietta,strategy_nearest,True,0.003336191177368164,success
048BC74A9C4C80,1,"['Castelvecchio', 'Arena', 'Casa Giulietta', 'Torre Lamberti']",Palazzo della Ragione,"['AMO', 'Museo Conte', 'Centro Fotografia', 'Sighseeing', 'Santa Anastasia']",Santa Anastasia,strategy_nearest,True,0.003239870071411133,success
048BB94A9C4C80,0,['Arena'],Casa Giulietta,"['Centro Fotografia', 'Sighseeing', 'Torre Lamberti', 'Museo Conte', 'Museo Radio']",Castelvecchio,strategy_nearest,False,0.003355264663696289,success
048BC64A9C4C80,1,"['Arena', 'Torre Lamberti', 'Palazzo della Ragione']",San Zeno,"['Castelvecchio', 'Verona Tour', 'Museo Lapidario', 'Museo Miniscalchi', 'Sighseeing']",Castelvecchio,strategy_nearest,True,0.0021049976348876953,success
048BCF4A9C4C80,2,['Castelvecchio'],Casa Giulietta,"['Centro Fotografia', 'Sighseeing', 'Torre Lamberti', 'Museo Conte', 'Museo Radio']",Museo Lapidario,strategy_nearest,False,0.002134084701538086,success
048BC84A9C4C80,0,"['Arena', 'Museo Lapidario']",Castelvecchio,"['Verona Tour', 'Museo Radio', 'San Zeno', 'Sighseeing', 'Museo Miniscalchi']",Casa Giulietta,strategy_nearest,False,0.003400087356567383,success
048BCE4A9C4C80,1,"['Arena', 'Casa Giulietta']",San Fermo,"['Museo Storia', 'Museo Radio', 'Centro Fotografia', 'Sighseeing', 'Torre Lamberti']",Palazzo della Ragione,strategy_nearest,False,0.0027511119842529297,success
048BCB3A9C4C80,1,"['Casa Giulietta', 'Torre Lamberti']",Palazzo della Ragione,"['AMO', 'Museo Conte', 'Centro Fotografia', 'Sighseeing', 'Santa Anastasia']",Duomo,strategy_nearest,False,0.0016219615936279297,success
048BD3429C4C80,3,"['Arena', 'San Fermo', 'Teatro Romano']",Duomo,"['AMO', 'Museo Miniscalchi', 'Santa Anastasia', 'Palazzo della Ragione', 'Museo Conte']",Castelvecchio,strategy_nearest,False,0.0015611648559570312,success
048BD03A9C4C80,3,"['Arena', 'Casa Giulietta', 'Torre Lamberti']",Santa Anastasia,"['AMO', 'Museo Conte', 'Palazzo della Ragione', 'Teatro Romano', 'Centro Fotografia']",Duomo,strategy_nearest,False,0.002838134765625,success
048BD83A9C4C80,3,"['Arena', 'Torre Lamberti', 'Santa Anastasia']",Duomo,"['AMO', 'Museo Miniscalchi', 'Teatro Romano', 'Palazzo della Ragione', 'Museo Conte']",Casa Giulietta,strategy_nearest,False,0.0019698143005371094,success
048BD14A9C4C80,2,['Castelvecchio'],Teatro Romano,"['Santa Anastasia', 'Duomo', 'AMO', 'Palazzo della Ragione', 'Museo Conte']",Casa Giulietta,strategy_nearest,False,0.003495931625366211,success
048BEB4A9C4C80,3,"['Arena', 'Casa Giulietta']",Torre Lamberti,"['Sighseeing', 'Centro Fotografia', 'Museo Conte', 'Palazzo della Ragione', 'AMO']",Santa Anastasia,strategy_nearest,False,0.0019097328186035156,success
048BDE429C4C80,3,"['Arena', 'San Fermo', 'Casa Giulietta', 'Santa Anastasia']",Torre Lamberti,"['Sighseeing', 'Centro Fotografia', 'Museo Conte', 'Palazzo della Ragione', 'AMO']",Duomo,strategy_nearest,False,0.002590179443359375,success
048BEE3A9C4C80,3,"['Arena', 'Casa Giulietta', 'Torre Lamberti']",Castelvecchio,"['Museo Lapidario', 'Verona Tour', 'Museo Radio', 'San Zeno', 'Sighseeing']",Santa Anastasia,strategy_nearest,False,0.0026960372924804688,success
048BEF429C4C80,2,['Torre Lamberti'],Teatro Romano,"['Santa Anastasia', 'Duomo', 'AMO', 'Palazzo della Ragione', 'Museo Conte']",San Zeno,strategy_nearest,False,0.0029859542846679688,success
048BF34A9C4C80,0,['Tomba Giulietta'],Arena,"['Verona Tour', 'Museo Lapidario', 'Museo Radio', 'San Fermo', 'Casa Giulietta']",Casa Giulietta,strategy_nearest,True,0.0024840831756591797,success
048BF43A9C4C80,0,['Arena'],Casa Giulietta,"['Centro Fotografia', 'Sighseeing', 'Torre Lamberti', 'Museo Conte', 'Museo Radio']",Castelvecchio,strategy_nearest,False,0.003057241439819336,success
048BFC429C4C80,1,"['Tomba Giulietta', 'Arena', 'Casa Giulietta', 'Teatro Romano']",Duomo,"['AMO', 'Museo Miniscalchi', 'Santa Anastasia', 'Palazzo della Ragione', 'Museo Conte']",Santa Anastasia,strategy_nearest,True,0.00399470329284668,success
048BFD4A9C4C80,3,"['Arena', 'Casa Giulietta']",Santa Anastasia,"['AMO', 'Museo Conte', 'Palazzo della Ragione', 'Teatro Romano', 'Centro Fotografia']",Duomo,strategy_nearest,False,0.0023572444915771484,success
048C014A9C4C84,3,"['Arena', 'Casa Giulietta']",Torre Lamberti,"['Sighseeing', 'Centro Fotografia', 'Museo Conte', 'Palazzo della Ragione', 'AMO']",Santa Anastasia,strategy_nearest,False,0.002791881561279297,success
048C054A9C4C84,1,['Arena'],Torre Lamberti,"['Sighseeing', 'Centro Fotografia', 'Museo Conte', 'Casa Giulietta', 'Palazzo della Ragione']",Palazzo della Ragione,strategy_nearest,True,0.003034830093383789,success
048C06429C4C84,1,"['Museo Lapidario', 'Castelvecchio', 'San Zeno', 'Arena', 'Tomba Giulietta', 'Duomo']",Santa Anastasia,"['AMO', 'Museo Conte', 'Palazzo della Ragione', 'Teatro Romano', 'Centro Fotografia']",Torre Lamberti,strategy_nearest,False,0.0026938915252685547,success
048C0C4A9C4C84,0,['Casa Giulietta'],Arena,"['Verona Tour', 'Museo Lapidario', 'Museo Radio', 'San Fermo', 'Sighseeing']",Tomba Giulietta,strategy_nearest,False,0.0025169849395751953,success
048C114A9C4C80,1,"['Museo Lapidario', 'Teatro Romano', 'Duomo']",Palazzo della Ragione,"['AMO', 'Museo Conte', 'Torre Lamberti', 'Centro Fotografia', 'Sighseeing']",Casa Giulietta,strategy_nearest,False,0.002385854721069336,success
048C12429C4C84,3,"['Arena', 'San Zeno']",Castelvecchio,"['Museo Lapidario', 'Verona Tour', 'Museo Radio', 'Sighseeing', 'Museo Miniscalchi']",Torre Lamberti,strategy_nearest,False,0.0031578540802001953,success
048C173A9C4C84,0,['Arena'],Torre Lamberti,"['Sighseeing', 'Centro Fotografia', 'Museo Conte', 'Casa Giulietta', 'Palazzo della Ragione']",Duomo,strategy_nearest,False,0.0032498836517333984,success
048C1C3A9C4C80,1,"['Arena', 'Castelvecchio', 'Casa Giulietta']",Torre Lamberti,"['Sighseeing', 'Centro Fotografia', 'Museo Conte', 'Palazzo della Ragione', 'AMO']",Palazzo della Ragione,strategy_nearest,True,0.0031049251556396484,success
048C14429C4C84,3,"['Torre Lamberti', 'Arena']",Castelvecchio,"['Museo Lapidario', 'Verona Tour', 'Museo Radio', 'San Zeno', 'Sighseeing']",Teatro Romano,strategy_nearest,False,0.002649068832397461,success
048C1C3A9C4C84,0,['Arena'],San Zeno,"['Castelvecchio', 'Verona Tour', 'Museo Lapidario', 'Museo Miniscalchi', 'Sighseeing']",Castelvecchio,strategy_nearest,True,0.002933025360107422,success
048C39429C4C80,3,"['Arena', 'Torre Lamberti', 'Casa Giulietta']",Tomba Giulietta,"['San Fermo', 'Museo Storia', 'Museo Lapidario', 'Museo Radio', 'Verona Tour']",Santa Anastasia,strategy_nearest,False,0.003206968307495117,success
048C2A4A9C4C80,0,['Arena'],Casa Giulietta,"['Centro Fotografia', 'Sighseeing', 'Torre Lamberti', 'Museo Conte', 'Museo Radio']",Castelvecchio,strategy_nearest,False,0.0026569366455078125,success
048C1F4A9C4C80,0,"['Arena', 'Casa Giulietta']",Tomba Giulietta,"['San Fermo', 'Museo Storia', 'Museo Lapidario', 'Museo Radio', 'Verona Tour']",Castelvecchio,strategy_nearest,False,0.0028531551361083984,success
048C26429C4C84,3,"['Arena', 'Casa Giulietta', 'Castelvecchio']",Tomba Giulietta,"['San Fermo', 'Museo Storia', 'Museo Lapidario', 'Museo Radio', 'Verona Tour']",San Fermo,strategy_nearest,True,0.002750873565673828,success
048C403A9C4C80,0,['Castelvecchio'],Casa Giulietta,"['Centro Fotografia', 'Sighseeing', 'Torre Lamberti', 'Museo Conte', 'Museo Radio']",Torre Lamberti,strategy_nearest,True,0.001489877700805664,success
048C404A9C4C80,0,"['Tomba Giulietta', 'Arena']",Castelvecchio,"['Museo Lapidario', 'Verona Tour', 'Museo Radio', 'San Zeno', 'Sighseeing']",Casa Giulietta,strategy_nearest,False,0.002694845199584961,success
048C3E3A9C4C80,3,"['Santa Anastasia', 'Torre Lamberti', 'Arena']",Castelvecchio,"['Museo Lapidario', 'Verona Tour', 'Museo Radio', 'San Zeno', 'Sighseeing']",San Zeno,strategy_nearest,True,0.0022950172424316406,success
048C45429C4C80,3,['Arena'],Casa Giulietta,"['Centro Fotografia', 'Sighseeing', 'Torre Lamberti', 'Museo Conte', 'Museo Radio']",San Fermo,strategy_nearest,False,0.00339508056640625,success
048C553A9C4C80,2,"['Casa Giulietta', 'Tomba Giulietta']",Torre Lamberti,"['Sighseeing', 'Centro Fotografia', 'Museo Conte', 'Palazzo della Ragione', 'AMO']",Palazzo della Ragione,strategy_nearest,True,0.002432107925415039,success
048C4B429C4C80,3,"['Casa Giulietta', 'Torre Lamberti', 'Arena']",Castelvecchio,"['Museo Lapidario', 'Verona Tour', 'Museo Radio', 'San Zeno', 'Sighseeing']",San Zeno,strategy_nearest,True,0.0018413066864013672,success
048C593A9C4C80,0,"['Teatro Romano', 'Castelvecchio']",San Zeno,"['Verona Tour', 'Museo Lapidario', 'Arena', 'Museo Miniscalchi', 'Sighseeing']",Arena,strategy_nearest,True,0.0024580955505371094,success
048C6C3A9C4C80,1,"['Arena', 'Castelvecchio', 'Torre Lamberti']",Palazzo della Ragione,"['AMO', 'Museo Conte', 'Centro Fotografia', 'Sighseeing', 'Santa Anastasia']",Casa Giulietta,strategy_nearest,False,0.001811981201171875,success
048C5B3A9C4C80,3,"['Arena', 'Museo Lapidario', 'Castelvecchio', 'Torre Lamberti']",Casa Giulietta,"['Centro Fotografia', 'Sighseeing', 'Museo Conte', 'Museo Radio', 'Palazzo della Ragione']",San Fermo,strategy_nearest,False,0.00409388542175293,success
048C6D3A9C4C80,1,"['San Zeno', 'Duomo', 'Santa Anastasia', 'Torre Lamberti']",Casa Giulietta,"['Centro Fotografia', 'Sighseeing', 'Museo Conte', 'Museo Radio', 'Palazzo della Ragione']",Museo Lapidario,strategy_nearest,False,0.003134012222290039,success
048C744A9C4C80,1,"['Arena', 'Torre Lamberti']",Palazzo della Ragione,"['AMO', 'Museo Conte', 'Centro Fotografia', 'Sighseeing', 'Santa Anastasia']",Santa Anastasia,strategy_nearest,True,0.002290964126586914,success
048C88429C4C80,2,['Santa Anastasia'],Casa Giulietta,"['Centro Fotografia', 'Sighseeing', 'Torre Lamberti', 'Museo Conte', 'Museo Radio']",Teatro Romano,strategy_nearest,False,0.001911163330078125,success
048C7B3A9C4C80,3,"['Santa Anastasia', 'Casa Giulietta']",San Fermo,"['Museo Storia', 'Museo Radio', 'Centro Fotografia', 'Arena', 'Sighseeing']",Arena,strategy_nearest,True,0.0039958953857421875,success
048C82429C4C80,0,['Arena'],Casa Giulietta,"['Centro Fotografia', 'Sighseeing', 'Torre Lamberti', 'Museo Conte', 'Museo Radio']",Castelvecchio,strategy_nearest,False,0.0033769607543945312,success
048C894A9C4C80,0,['Arena'],Casa Giulietta,"['Centro Fotografia', 'Sighseeing', 'Torre Lamberti', 'Museo Conte', 'Museo Radio']",Torre Lamberti,strategy_nearest,True,0.002749919891357422,success
048C8E3A9C4C80,1,"['Duomo', 'Palazzo della Ragione', 'Casa Giulietta']",San Fermo,"['Museo Storia', 'Museo Radio', 'Centro Fotografia', 'Arena', 'Sighseeing']",Tomba Giulietta,strategy_nearest,False,0.001461029052734375,success
048C884A9C4C80,0,['Arena'],Casa Giulietta,"['Centro Fotografia', 'Sighseeing', 'Torre Lamberti', 'Museo Conte', 'Museo Radio']",Torre Lamberti,strategy_nearest,True,0.0027747154235839844,success
048C934A9C4C80,3,['Arena'],Santa Anastasia,"['AMO', 'Museo Conte', 'Palazzo della Ragione', 'Teatro Romano', 'Centro Fotografia']",Casa Giulietta,strategy_nearest,False,0.0035309791564941406,success
048C9E4A9C4C80,3,['Arena'],Torre Lamberti,"['Sighseeing', 'Centro Fotografia', 'Museo Conte', 'Casa Giulietta', 'Palazzo della Ragione']",Casa Giulietta,strategy_nearest,True,0.0016939640045166016,success
048C994A9C4C80,0,['Arena'],Castelvecchio,"['Museo Lapidario', 'Verona Tour', 'Museo Radio', 'San Zeno', 'Sighseeing']",Torre Lamberti,strategy_nearest,False,0.002734661102294922,success
048C9F4A9C4C80,0,['Arena'],Casa Giulietta,"['Centro Fotografia', 'Sighseeing', 'Torre Lamberti', 'Museo Conte', 'Museo Radio']",Torre Lamberti,strategy_nearest,True,0.0032639503479003906,success
048CA64A9C4C80,3,"['Arena', 'Castelvecchio']",Casa Giulietta,"['Centro Fotografia', 'Sighseeing', 'Torre Lamberti', 'Museo Conte', 'Museo Radio']",Teatro Romano,strategy_nearest,False,0.003173828125,success
048CA0429C4C80,3,"['Arena', 'Torre Lamberti']",Duomo,"['AMO', 'Museo Miniscalchi', 'Santa Anastasia', 'Teatro Romano', 'Palazzo della Ragione']",San Zeno,strategy_nearest,False,0.0027289390563964844,success
048CAC3A9C4C80,0,['Arena'],Casa Giulietta,"['Centro Fotografia', 'Sighseeing', 'Torre Lamberti', 'Museo Conte', 'Museo Radio']",Duomo,strategy_nearest,False,0.0031538009643554688,success
048CAD429C4C80,1,['Arena'],San Fermo,"['Museo Storia', 'Museo Radio', 'Casa Giulietta', 'Centro Fotografia', 'Sighseeing']",Torre Lamberti,strategy_nearest,False,0.002933025360107422,success
048CAF4A9C4C80,3,"['Arena', 'Museo Lapidario']",Castelvecchio,"['Verona Tour', 'Museo Radio', 'San Zeno', 'Sighseeing', 'Museo Miniscalchi']",Casa Giulietta,strategy_nearest,False,0.003988027572631836,success
048CB24A9C4C80,0,"['Arena', 'Museo Lapidario']",Torre Lamberti,"['Sighseeing', 'Centro Fotografia', 'Museo Conte', 'Casa Giulietta', 'Palazzo della Ragione']",Casa Giulietta,strategy_nearest,True,0.0019450187683105469,success
048CAE4A9C4C80,3,"['Arena', 'Torre Lamberti']",Teatro Romano,"['Santa Anastasia', 'Duomo', 'AMO', 'Palazzo della Ragione', 'Museo Conte']",Duomo,strategy_nearest,True,0.003412961959838867,success
048CB64A9C4C80,1,['Palazzo della Ragione'],Arena,"['Verona Tour', 'Museo Lapidario', 'Museo Radio', 'San Fermo', 'Casa Giulietta']",Santa Anastasia,strategy_nearest,False,0.0015108585357666016,success
048CB44A9C4C80,2,"['Casa Giulietta', 'Torre Lamberti']",Palazzo della Ragione,"['AMO', 'Museo Conte', 'Centro Fotografia', 'Sighseeing', 'Santa Anastasia']",Santa Anastasia,strategy_nearest,True,0.002145051956176758,success
048CB43A9C4C80,1,['Arena'],Torre Lamberti,"['Sighseeing', 'Centro Fotografia', 'Museo Conte', 'Casa Giulietta', 'Palazzo della Ragione']",Palazzo della Ragione,strategy_nearest,True,0.003450155258178711,success
048CB7429C4C80,0,['Arena'],Casa Giulietta,"['Centro Fotografia', 'Sighseeing', 'Torre Lamberti', 'Museo Conte', 'Museo Radio']",Castelvecchio,strategy_nearest,False,0.0032320022583007812,success
048CB8429C4C80,3,"['Arena', 'Casa Giulietta', 'Torre Lamberti']",Teatro Romano,"['Santa Anastasia', 'Duomo', 'AMO', 'Palazzo della Ragione', 'Museo Conte']",Santa Anastasia,strategy_nearest,True,0.003961086273193359,success
048CBB4A9C4C80,0,"['Arena', 'Castelvecchio']",Teatro Romano,"['Santa Anastasia', 'Duomo', 'AMO', 'Palazzo della Ragione', 'Museo Conte']",Casa Giulietta,strategy_nearest,False,0.0015211105346679688,success
048CBC3A9C4C80,1,"['Casa Giulietta', 'Torre Lamberti', 'Palazzo della Ragione']",Santa Anastasia,"['AMO', 'Museo Conte', 'Teatro Romano', 'Centro Fotografia', 'Duomo']",Teatro Romano,strategy_nearest,True,0.0020139217376708984,success
048CB93A9C4C80,0,"['Arena', 'Castelvecchio']",Teatro Romano,"['Santa Anastasia', 'Duomo', 'AMO', 'Palazzo della Ragione', 'Museo Conte']",Torre Lamberti,strategy_nearest,False,0.0033681392669677734,success
048CC14A9C4C80,1,"['Arena', 'Casa Giulietta']",Palazzo della Ragione,"['AMO', 'Museo Conte', 'Torre Lamberti', 'Centro Fotografia', 'Sighseeing']",Torre Lamberti,strategy_nearest,True,0.001378774642944336,success
048CC04A9C4C80,0,['Arena'],Casa Giulietta,"['Centro Fotografia', 'Sighseeing', 'Torre Lamberti', 'Museo Conte', 'Museo Radio']",Santa Anastasia,strategy_nearest,False,0.002279996871948242,success
048CC74A9C4C80,3,"['Museo Lapidario', 'Arena']",Casa Giulietta,"['Centro Fotografia', 'Sighseeing', 'Torre Lamberti', 'Museo Conte', 'Museo Radio']",Santa Anastasia,strategy_nearest,False,0.002624988555908203,success
048CC64A9C4C80,0,['Arena'],Torre Lamberti,"['Sighseeing', 'Centro Fotografia', 'Museo Conte', 'Casa Giulietta', 'Palazzo della Ragione']",Casa Giulietta,strategy_nearest,True,0.003344297409057617,success
048CCF4A9C4C80,3,['San Zeno'],Torre Lamberti,"['Sighseeing', 'Centro Fotografia', 'Museo Conte', 'Casa Giulietta', 'Palazzo della Ragione']",Duomo,strategy_nearest,False,0.0034477710723876953,success
048CD13A9C4C80,1,"['Arena', 'Museo Lapidario']",Torre Lamberti,"['Sighseeing', 'Centro Fotografia', 'Museo Conte', 'Casa Giulietta', 'Palazzo della Ragione']",Palazzo della Ragione,strategy_nearest,True,0.0020329952239990234,success
048CD04A9C4C80,1,"['Arena', 'Tomba Giulietta']",Casa Giulietta,"['Centro Fotografia', 'Sighseeing', 'Torre Lamberti', 'Museo Conte', 'Museo Radio']",San Fermo,strategy_nearest,False,0.0020971298217773438,success
048CD4429C4C80,3,"['Arena', 'Santa Anastasia', 'San Fermo']",Casa Giulietta,"['Centro Fotografia', 'Sighseeing', 'Torre Lamberti', 'Museo Conte', 'Museo Radio']",Tomba Giulietta,strategy_nearest,False,0.00339508056640625,success
048CD63A9C4C80,0,['Arena'],Giardino Giusti,"['Santa Anastasia', 'Teatro Romano', 'Museo Conte', 'Centro Fotografia', 'Museo Storia']",Torre Lamberti,strategy_nearest,False,0.0034999847412109375,success
048CDD429C4C80,0,['Arena'],Casa Giulietta,"['Centro Fotografia', 'Sighseeing', 'Torre Lamberti', 'Museo Conte', 'Museo Radio']",Castelvecchio,strategy_nearest,False,0.0027823448181152344,success
048CD8429C4C80,1,"['Giardino Giusti', 'Arena', 'Palazzo della Ragione']",Torre Lamberti,"['Sighseeing', 'Centro Fotografia', 'Museo Conte', 'Casa Giulietta', 'AMO']",Casa Giulietta,strategy_nearest,True,0.002254009246826172,success
048CE1429C4C80,0,['Arena'],Casa Giulietta,"['Centro Fotografia', 'Sighseeing', 'Torre Lamberti', 'Museo Conte', 'Museo Radio']",Torre Lamberti,strategy_nearest,True,0.0033998489379882812,success
048CE5429C4C80,3,"['Castelvecchio', 'Duomo']",Teatro Romano,"['Santa Anastasia', 'AMO', 'Palazzo della Ragione', 'Museo Conte', 'Centro Fotografia']",Arena,strategy_nearest,False,0.001750946044921875,success
048CF74A9C4C80,3,['Arena'],Santa Anastasia,"['AMO', 'Museo Conte', 'Palazzo della Ragione', 'Teatro Romano', 'Centro Fotografia']",Teatro Romano,strategy_nearest,True,0.0021178722381591797,success
048CEC3A9C4C80,3,"['Arena', 'Torre Lamberti']",Santa Anastasia,"['AMO', 'Museo Conte', 'Palazzo della Ragione', 'Teatro Romano', 'Centro Fotografia']",Duomo,strategy_nearest,False,0.0035550594329833984,success
048CF84A9C4C80,3,"['Castelvecchio', 'Arena']",Torre Lamberti,"['Sighseeing', 'Centro Fotografia', 'Museo Conte', 'Casa Giulietta', 'Palazzo della Ragione']",Santa Anastasia,strategy_nearest,False,0.003337860107421875,success
048D084A9C4C80,1,"['Duomo', 'Palazzo della Ragione', 'Casa Giulietta']",Arena,"['Verona Tour', 'Museo Lapidario', 'Museo Radio', 'San Fermo', 'Sighseeing']",Castelvecchio,strategy_nearest,False,0.003076791763305664,success
048D014A9C4C84,0,['Arena'],Casa Giulietta,"['Centro Fotografia', 'Sighseeing', 'Torre Lamberti', 'Museo Conte', 'Museo Radio']",Castelvecchio,strategy_nearest,False,0.0030031204223632812,success
048D0B4A9C4C84,3,"['Santa Anastasia', 'Duomo']",San Fermo,"['Museo Storia', 'Museo Radio', 'Casa Giulietta', 'Centro Fotografia', 'Arena']",Arena,strategy_nearest,True,0.0025310516357421875,success
048D0D429C4C84,3,"['Arena', 'Teatro Romano', 'Duomo']",Casa Giulietta,"['Centro Fotografia', 'Sighseeing', 'Torre Lamberti', 'Museo Conte', 'Museo Radio']",Castelvecchio,strategy_nearest,False,0.0033998489379882812,success
048D0E429C4C84,1,"['Castelvecchio', 'Arena', 'Casa Giulietta']",Torre Lamberti,"['Sighseeing', 'Centro Fotografia', 'Museo Conte', 'Palazzo della Ragione', 'AMO']",Palazzo della Ragione,strategy_nearest,True,0.0025458335876464844,success
048D0E4A9C4C80,1,"['Arena', 'Casa Giulietta', 'Torre Lamberti']",Palazzo della Ragione,"['AMO', 'Museo Conte', 'Centro Fotografia', 'Sighseeing', 'Santa Anastasia']",Santa Anastasia,strategy_nearest,True,0.0017371177673339844,success
048D12429C4C84,3,"['Arena', 'Casa Giulietta']",Torre Lamberti,"['Sighseeing', 'Centro Fotografia', 'Museo Conte', 'Palazzo della Ragione', 'AMO']",Santa Anastasia,strategy_nearest,False,0.003187894821166992,success
048D13429C4C84,2,['Castelvecchio'],Casa Giulietta,"['Centro Fotografia', 'Sighseeing', 'Torre Lamberti', 'Museo Conte', 'Museo Radio']",Palazzo della Ragione,strategy_nearest,False,0.0032880306243896484,success
048D1C429C4C84,1,"['Arena', 'Casa Giulietta']",Torre Lamberti,"['Sighseeing', 'Centro Fotografia', 'Museo Conte', 'Palazzo della Ragione', 'AMO']",Palazzo della Ragione,strategy_nearest,True,0.0025420188903808594,success
048D1A3A9C4C80,3,"['Arena', 'Casa Giulietta']",Santa Anastasia,"['AMO', 'Museo Conte', 'Palazzo della Ragione', 'Teatro Romano', 'Centro Fotografia']",Teatro Romano,strategy_nearest,True,0.0017800331115722656,success
048D1A429C4C84,3,"['Arena', 'Duomo']",Santa Anastasia,"['AMO', 'Museo Conte', 'Palazzo della Ragione', 'Teatro Romano', 'Centro Fotografia']",Teatro Romano,strategy_nearest,True,0.003975868225097656,success
048D253A9C4C84,4,"['Santa Anastasia', 'Duomo', 'Casa Giulietta', 'Torre Lamberti']",Palazzo della Ragione,"['AMO', 'Museo Conte', 'Centro Fotografia', 'Sighseeing', 'Museo Miniscalchi']",Arena,strategy_nearest,False,0.0019249916076660156,success
048D1F4A9C4C80,1,['Arena'],Casa Giulietta,"['Centro Fotografia', 'Sighseeing', 'Torre Lamberti', 'Museo Conte', 'Museo Radio']",Palazzo della Ragione,strategy_nearest,False,0.0020558834075927734,success
048D224A9C4C80,3,"['Castelvecchio', 'Museo Storia', 'Teatro Romano']",Santa Anastasia,"['AMO', 'Museo Conte', 'Palazzo della Ragione', 'Centro Fotografia', 'Duomo']",Torre Lamberti,strategy_nearest,False,0.0032341480255126953,success
048D284A9C4C80,0,['Arena'],Casa Giulietta,"['Centro Fotografia', 'Sighseeing', 'Torre Lamberti', 'Museo Conte', 'Museo Radio']",Castelvecchio,strategy_nearest,False,0.003332853317260742,success
048D2A4A9C4C80,3,"['Arena', 'Torre Lamberti']",Santa Anastasia,"['AMO', 'Museo Conte', 'Palazzo della Ragione', 'Teatro Romano', 'Centro Fotografia']",Castelvecchio,strategy_nearest,False,0.002398967742919922,success
048D2C3A9C4C80,1,"['Arena', 'Casa Giulietta']",Palazzo della Ragione,"['AMO', 'Museo Conte', 'Torre Lamberti', 'Centro Fotografia', 'Sighseeing']",Santa Anastasia,strategy_nearest,False,0.0027229785919189453,success
048D353A9C4C80,2,['Castelvecchio'],Casa Giulietta,"['Centro Fotografia', 'Sighseeing', 'Torre Lamberti', 'Museo Conte', 'Museo Radio']",Tomba Giulietta,strategy_nearest,False,0.003339052200317383,success
048D364A9C4C80,1,"['Arena', 'Casa Giulietta']",Palazzo della Ragione,"['AMO', 'Museo Conte', 'Torre Lamberti', 'Centro Fotografia', 'Sighseeing']",Castelvecchio,strategy_nearest,False,0.0024690628051757812,success
048D45429C4C80,0,['Casa Giulietta'],Arena,"['Verona Tour', 'Museo Lapidario', 'Museo Radio', 'San Fermo', 'Sighseeing']",Castelvecchio,strategy_nearest,False,0.003072023391723633,success
048D4F3A9C4C80,3,"['Arena', 'Castelvecchio', 'Duomo']",Santa Anastasia,"['AMO', 'Museo Conte', 'Palazzo della Ragione', 'Teatro Romano', 'Centro Fotografia']",Tomba Giulietta,strategy_nearest,False,0.0033769607543945312,success
048D473A9C4C80,0,['Arena'],Casa Giulietta,"['Centro Fotografia', 'Sighseeing', 'Torre Lamberti', 'Museo Conte', 'Museo Radio']",Tomba Giulietta,strategy_nearest,False,0.0024290084838867188,success
048D514A9C4C80,0,['Arena'],Casa Giulietta,"['Centro Fotografia', 'Sighseeing', 'Torre Lamberti', 'Museo Conte', 'Museo Radio']",Torre Lamberti,strategy_nearest,True,0.002508878707885742,success
048D593A9C4C80,1,"['Palazzo della Ragione', 'Torre Lamberti', 'Arena']",Tomba Giulietta,"['San Fermo', 'Museo Storia', 'Museo Lapidario', 'Museo Radio', 'Verona Tour']",Museo Storia,strategy_nearest,True,0.0031960010528564453,success
048D754A9C4C80,0,['Arena'],Casa Giulietta,"['Centro Fotografia', 'Sighseeing', 'Torre Lamberti', 'Museo Conte', 'Museo Radio']",Teatro Romano,strategy_nearest,False,0.0033042430877685547,success
048D7C4A9C4C80,2,['Duomo'],Casa Giulietta,"['Centro Fotografia', 'Sighseeing', 'Torre Lamberti', 'Museo Conte', 'Museo Radio']",Palazzo della Ragione,strategy_nearest,False,0.0019478797912597656,success
048D90429C4C80,0,['Castelvecchio'],Arena,"['Verona Tour', 'Museo Lapidario', 'Museo Radio', 'San Fermo', 'Casa Giulietta']",Casa Giulietta,strategy_nearest,True,0.002580881118774414,success
048D95429C4C80,0,['Arena'],Casa Giulietta,"['Centro Fotografia', 'Sighseeing', 'Torre Lamberti', 'Museo Conte', 'Museo Radio']",Torre Lamberti,strategy_nearest,True,0.002537965774536133,success
048D924A9C4C80,0,['Arena'],San Fermo,"['Museo Storia', 'Museo Radio', 'Casa Giulietta', 'Centro Fotografia', 'Sighseeing']",Castelvecchio,strategy_nearest,False,0.003153085708618164,success
048D99429C4C80,1,"['Casa Giulietta', 'Torre Lamberti', 'Palazzo della Ragione']",Duomo,"['AMO', 'Museo Miniscalchi', 'Santa Anastasia', 'Teatro Romano', 'Museo Conte']",Teatro Romano,strategy_nearest,True,0.0017781257629394531,success
048D9B429C4C80,3,"['Santa Anastasia', 'Duomo', 'Tomba Giulietta']",Castelvecchio,"['Museo Lapidario', 'Verona Tour', 'Arena', 'Museo Radio', 'San Zeno']",Teatro Romano,strategy_nearest,False,0.0031280517578125,success
048DA5429C4C80,1,"['Arena', 'Casa Giulietta', 'Torre Lamberti']",Palazzo della Ragione,"['AMO', 'Museo Conte', 'Centro Fotografia', 'Sighseeing', 'Santa Anastasia']",Santa Anastasia,strategy_nearest,True,0.0032091140747070312,success
048D9F4A9C4C80,0,['Arena'],Casa Giulietta,"['Centro Fotografia', 'Sighseeing', 'Torre Lamberti', 'Museo Conte', 'Museo Radio']",Santa Anastasia,strategy_nearest,False,0.002740144729614258,success
048DB04A9C4C80,0,['Arena'],Casa Giulietta,"['Centro Fotografia', 'Sighseeing', 'Torre Lamberti', 'Museo Conte', 'Museo Radio']",Tomba Giulietta,strategy_nearest,False,0.0031731128692626953,success
048DAF4A9C4C80,0,['Arena'],Casa Giulietta,"['Centro Fotografia', 'Sighseeing', 'Torre Lamberti', 'Museo Conte', 'Museo Radio']",Tomba Giulietta,strategy_nearest,False,0.0020008087158203125,success
048DB64A9C4C80,1,['Arena'],Casa Giulietta,"['Centro Fotografia', 'Sighseeing', 'Torre Lamberti', 'Museo Conte', 'Museo Radio']",Torre Lamberti,strategy_nearest,True,0.0019898414611816406,success
048DB6429C4C80,3,"['Arena', 'Casa Giulietta', 'Torre Lamberti']",Teatro Romano,"['Santa Anastasia', 'Duomo', 'AMO', 'Palazzo della Ragione', 'Museo Conte']",Duomo,strategy_nearest,True,0.001940011978149414,success
048DB34A9C4C80,0,['Arena'],Torre Lamberti,"['Sighseeing', 'Centro Fotografia', 'Museo Conte', 'Casa Giulietta', 'Palazzo della Ragione']",Casa Giulietta,strategy_nearest,True,0.003385782241821289,success
048DB83A9C4C80,2,['Casa Giulietta'],Torre Lamberti,"['Sighseeing', 'Centro Fotografia', 'Museo Conte', 'Palazzo della Ragione', 'AMO']",Tomba Giulietta,strategy_nearest,False,0.0032889842987060547,success
048DBA4A9C4C80,1,"['Arena', 'Castelvecchio']",Palazzo della Ragione,"['AMO', 'Museo Conte', 'Torre Lamberti', 'Centro Fotografia', 'Sighseeing']",Torre Lamberti,strategy_nearest,True,0.003943204879760742,success
048DBC429C4C80,3,"['Arena', 'Casa Giulietta', 'Torre Lamberti']",Duomo,"['AMO', 'Museo Miniscalchi', 'Santa Anastasia', 'Teatro Romano', 'Palazzo della Ragione']",Teatro Romano,strategy_nearest,True,0.0027298927307128906,success
048DB93A9C4C80,0,['Arena'],Museo Lapidario,"['Verona Tour', 'Castelvecchio', 'Museo Radio', 'San Fermo', 'Casa Giulietta']",Castelvecchio,strategy_nearest,True,0.002817869186401367,success
048DBD4A9C4C80,0,['Arena'],Casa Giulietta,"['Centro Fotografia', 'Sighseeing', 'Torre Lamberti', 'Museo Conte', 'Museo Radio']",Torre Lamberti,strategy_nearest,True,0.002022981643676758,success
048DC04A9C4C80,2,['Castelvecchio'],Casa Giulietta,"['Centro Fotografia', 'Sighseeing', 'Torre Lamberti', 'Museo Conte', 'Museo Radio']",Torre Lamberti,strategy_nearest,True,0.001644134521484375,success
048DC84A9C4C80,0,['Arena'],Palazzo della Ragione,"['AMO', 'Museo Conte', 'Torre Lamberti', 'Centro Fotografia', 'Sighseeing']",Casa Giulietta,strategy_nearest,False,0.0021080970764160156,success
048DC44A9C4C80,1,"['Arena', 'Casa Giulietta']",Torre Lamberti,"['Sighseeing', 'Centro Fotografia', 'Museo Conte', 'Palazzo della Ragione', 'AMO']",Palazzo della Ragione,strategy_nearest,True,0.0028541088104248047,success
048DC64A9C4C80,2,['Castelvecchio'],Torre Lamberti,"['Sighseeing', 'Centro Fotografia', 'Museo Conte', 'Casa Giulietta', 'Palazzo della Ragione']",Casa Giulietta,strategy_nearest,True,0.003435850143432617,success
048DD4429C4C80,1,['Arena'],Torre Lamberti,"['Sighseeing', 'Centro Fotografia', 'Museo Conte', 'Casa Giulietta', 'Palazzo della Ragione']",Palazzo della Ragione,strategy_nearest,True,0.003928184509277344,success
048DEB4A9C4C80,1,"['Arena', 'Casa Giulietta']",Torre Lamberti,"['Sighseeing', 'Centro Fotografia', 'Museo Conte', 'Palazzo della Ragione', 'AMO']",Palazzo della Ragione,strategy_nearest,True,0.002062082290649414,success
048DED4A9C4C80,0,['Arena'],Arena,"['Verona Tour', 'Museo Lapidario', 'Museo Radio', 'San Fermo', 'Casa Giulietta']",Casa Giulietta,strategy_nearest,True,0.0014400482177734375,success
048DEE4A9C4C80,0,"['Arena', 'Castelvecchio']",Casa Giulietta,"['Centro Fotografia', 'Sighseeing', 'Torre Lamberti', 'Museo Conte', 'Museo Radio']",San Fermo,strategy_nearest,False,0.0031812191009521484,success
048DF44A9C4C80,0,"['Arena', 'Museo Lapidario']",Castelvecchio,"['Verona Tour', 'Museo Radio', 'San Zeno', 'Sighseeing', 'Museo Miniscalchi']",Casa Giulietta,strategy_nearest,False,0.002161741256713867,success
048DF7429C4C80,1,"['Arena', 'Castelvecchio', 'Tomba Giulietta', 'Casa Giulietta']",Torre Lamberti,"['Sighseeing', 'Centro Fotografia', 'Museo Conte', 'Palazzo della Ragione', 'AMO']",Palazzo della Ragione,strategy_nearest,True,0.002724885940551758,success
048DF04A9C4C80,0,['Arena'],Casa Giulietta,"['Centro Fotografia', 'Sighseeing', 'Torre Lamberti', 'Museo Conte', 'Museo Radio']",Duomo,strategy_nearest,False,0.0033669471740722656,success
048DF84A9C4C80,3,"['Arena', 'Castelvecchio']",Teatro Romano,"['Santa Anastasia', 'Duomo', 'AMO', 'Palazzo della Ragione', 'Museo Conte']",Duomo,strategy_nearest,True,0.001528024673461914,success
048E044A9C4C84,0,['Arena'],Casa Giulietta,"['Centro Fotografia', 'Sighseeing', 'Torre Lamberti', 'Museo Conte', 'Museo Radio']",Teatro Romano,strategy_nearest,False,0.0014660358428955078,success
048E034A9C4C84,3,['Arena'],Casa Giulietta,"['Centro Fotografia', 'Sighseeing', 'Torre Lamberti', 'Museo Conte', 'Museo Radio']",San Fermo,strategy_nearest,False,0.0028340816497802734,success
048E00429C4C84,1,"['Casa Giulietta', 'Palazzo della Ragione', 'Castelvecchio']",Arena,"['Verona Tour', 'Museo Lapidario', 'Museo Radio', 'San Fermo', 'Sighseeing']",San Zeno,strategy_nearest,False,0.002268075942993164,success
048E064A9C4C84,3,"['Arena', 'Casa Giulietta']",Teatro Romano,"['Santa Anastasia', 'Duomo', 'AMO', 'Palazzo della Ragione', 'Museo Conte']",Duomo,strategy_nearest,True,0.0035469532012939453,success
048E104A9C4C84,3,"['Arena', 'Casa Giulietta']",Santa Anastasia,"['AMO', 'Museo Conte', 'Palazzo della Ragione', 'Teatro Romano', 'Centro Fotografia']",San Fermo,strategy_nearest,False,0.0032880306243896484,success
048E094A9C4C84,3,['Teatro Romano'],Santa Anastasia,"['AMO', 'Museo Conte', 'Palazzo della Ragione', 'Centro Fotografia', 'Duomo']",Casa Giulietta,strategy_nearest,False,0.003576040267944336,success
048E0F4A9C4C84,2,"['Castelvecchio', 'Casa Giulietta']",Torre Lamberti,"['Sighseeing', 'Centro Fotografia', 'Museo Conte', 'Palazzo della Ragione', 'AMO']",Palazzo della Ragione,strategy_nearest,True,0.0027871131896972656,success
048E0E4A9C4C84,1,"['Casa Giulietta', 'Arena']",Palazzo della Ragione,"['AMO', 'Museo Conte', 'Torre Lamberti', 'Centro Fotografia', 'Sighseeing']",Duomo,strategy_nearest,False,0.0022568702697753906,success
048E21429C4C84,0,"['Castelvecchio', 'Torre Lamberti']",Teatro Romano,"['Santa Anastasia', 'Duomo', 'AMO', 'Palazzo della Ragione', 'Museo Conte']",Arena,strategy_nearest,False,0.0015659332275390625,success
048E234A9C4C80,3,"['Casa Giulietta', 'Arena']",Torre Lamberti,"['Sighseeing', 'Centro Fotografia', 'Museo Conte', 'Palazzo della Ragione', 'AMO']",Santa Anastasia,strategy_nearest,False,0.0032320022583007812,success
048E1E429C4C84,1,"['San Fermo', 'Casa Giulietta', 'Palazzo della Ragione', 'Torre Lamberti']",Arena,"['Verona Tour', 'Museo Lapidario', 'Museo Radio', 'Sighseeing', 'Castelvecchio']",San Zeno,strategy_nearest,False,0.0022492408752441406,success
048E20429C4C84,1,['Arena'],Torre Lamberti,"['Sighseeing', 'Centro Fotografia', 'Museo Conte', 'Casa Giulietta', 'Palazzo della Ragione']",Palazzo della Ragione,strategy_nearest,True,0.0027799606323242188,success
048E254A9C4C80,4,"['Museo Radio', 'Tomba Giulietta', 'Arena', 'Casa Giulietta']",Palazzo della Ragione,"['AMO', 'Museo Conte', 'Torre Lamberti', 'Centro Fotografia', 'Sighseeing']",Torre Lamberti,strategy_nearest,True,0.002786874771118164,success
048E293A9C4C80,1,"['Casa Giulietta', 'Tomba Giulietta', 'Castelvecchio']",San Zeno,"['Verona Tour', 'Museo Lapidario', 'Arena', 'Museo Miniscalchi', 'Sighseeing']",Arena,strategy_nearest,True,0.0014598369598388672,success
048E24429C4C84,0,"['Castelvecchio', 'Arena']",Tomba Giulietta,"['San Fermo', 'Museo Storia', 'Museo Lapidario', 'Museo Radio', 'Verona Tour']",Teatro Romano,strategy_nearest,False,0.0027959346771240234,success
048E28429C4C84,3,['Santa Anastasia'],Duomo,"['AMO', 'Museo Miniscalchi', 'Teatro Romano', 'Palazzo della Ragione', 'Museo Conte']",Casa Giulietta,strategy_nearest,False,0.0034339427947998047,success
048E333A9C4C80,3,"['Castelvecchio', 'Duomo', 'Teatro Romano']",Arena,"['Verona Tour', 'Museo Lapidario', 'Museo Radio', 'San Fermo', 'Casa Giulietta']",Casa Giulietta,strategy_nearest,True,0.003401041030883789,success
048E2F429C4C80,3,"['Torre Lamberti', 'Santa Anastasia', 'Duomo']",Teatro Romano,"['AMO', 'Palazzo della Ragione', 'Museo Conte', 'Centro Fotografia', 'Museo Miniscalchi']",Giardino Giusti,strategy_nearest,False,0.0031180381774902344,success
048E314A9C4C80,0,"['Arena', 'Castelvecchio']",San Zeno,"['Verona Tour', 'Museo Lapidario', 'Museo Miniscalchi', 'Sighseeing', 'Museo Radio']",San Fermo,strategy_nearest,False,0.004117012023925781,success
048E2D3A9C4C80,2,['Casa Giulietta'],Torre Lamberti,"['Sighseeing', 'Centro Fotografia', 'Museo Conte', 'Palazzo della Ragione', 'AMO']",Palazzo della Ragione,strategy_nearest,True,0.001978158950805664,success
048E453A9C4C80,1,"['Castelvecchio', 'Arena', 'Casa Giulietta', 'San Zeno', 'Tomba Giulietta']",San Fermo,"['Museo Storia', 'Museo Radio', 'Centro Fotografia', 'Sighseeing', 'Torre Lamberti']",Giardino Giusti,strategy_nearest,False,0.0014109611511230469,success
048E403A9C4C80,3,"['Santa Anastasia', 'Duomo']",Arena,"['Verona Tour', 'Museo Lapidario', 'Museo Radio', 'San Fermo', 'Casa Giulietta']",Teatro Romano,strategy_nearest,False,0.0031561851501464844,success
048E533A9C4C80,3,"['San Zeno', 'Duomo', 'Santa Anastasia']",San Fermo,"['Museo Storia', 'Museo Radio', 'Casa Giulietta', 'Centro Fotografia', 'Arena']",Casa Giulietta,strategy_nearest,True,0.003902912139892578,success
048E483A9C4C80,0,['Arena'],Castelvecchio,"['Museo Lapidario', 'Verona Tour', 'Museo Radio', 'San Zeno', 'Sighseeing']",Casa Giulietta,strategy_nearest,False,0.002151966094970703,success
048E72429C4C80,0,['Castelvecchio'],Arena,"['Verona Tour', 'Museo Lapidario', 'Museo Radio', 'San Fermo', 'Casa Giulietta']",Casa Giulietta,strategy_nearest,True,0.0013990402221679688,success
048E683A9C4C80,3,"['Casa Giulietta', 'Arena', 'Santa Anastasia']",Teatro Romano,"['Duomo', 'AMO', 'Palazzo della Ragione', 'Museo Conte', 'Centro Fotografia']",Duomo,strategy_nearest,True,0.0029959678649902344,success
048E6E3A9C4C80,0,['Castelvecchio'],Arena,"['Verona Tour', 'Museo Lapidario', 'Museo Radio', 'San Fermo', 'Casa Giulietta']",Teatro Romano,strategy_nearest,False,0.003699779510498047,success
048E73429C4C80,3,"['Casa Giulietta', 'Torre Lamberti']",Arena,"['Verona Tour', 'Museo Lapidario', 'Museo Radio', 'San Fermo', 'Sighseeing']",Castelvecchio,strategy_nearest,False,0.003429889678955078,success
048E96429C4C80,3,"['Castelvecchio', 'Arena', 'Tomba Giulietta', 'Casa Giulietta']",Torre Lamberti,"['Sighseeing', 'Centro Fotografia', 'Museo Conte', 'Palazzo della Ragione', 'AMO']",Giardino Giusti,strategy_nearest,False,0.0020890235900878906,success
048E8C4A9C4C80,2,"['Duomo', 'Santa Anastasia', 'Torre Lamberti', 'Casa Giulietta']",San Zeno,"['Castelvecchio', 'Verona Tour', 'Museo Lapidario', 'Arena', 'Museo Miniscalchi']",Castelvecchio,strategy_nearest,True,0.004163026809692383,success
048E954A9C4C80,3,"['Arena', 'Casa Giulietta']",Torre Lamberti,"['Sighseeing', 'Centro Fotografia', 'Museo Conte', 'Palazzo della Ragione', 'AMO']",Teatro Romano,strategy_nearest,False,0.0028390884399414062,success
048E94429C4C80,3,['Arena'],Casa Giulietta,"['Centro Fotografia', 'Sighseeing', 'Torre Lamberti', 'Museo Conte', 'Museo Radio']",Santa Anastasia,strategy_nearest,False,0.002290964126586914,success
048EB84A9C4C80,3,"['Arena', 'Torre Lamberti', 'Casa Giulietta']",Duomo,"['AMO', 'Museo Miniscalchi', 'Santa Anastasia', 'Teatro Romano', 'Palazzo della Ragione']",Teatro Romano,strategy_nearest,True,0.002051830291748047,success
048E974A9C4C80,0,['Arena'],San Zeno,"['Castelvecchio', 'Verona Tour', 'Museo Lapidario', 'Museo Miniscalchi', 'Sighseeing']",Casa Giulietta,strategy_nearest,False,0.0035588741302490234,success
048E98429C4C80,3,"['Teatro Romano', 'Duomo', 'Santa Anastasia', 'Torre Lamberti']",Casa Giulietta,"['Centro Fotografia', 'Sighseeing', 'Museo Conte', 'Museo Radio', 'Palazzo della Ragione']",San Fermo,strategy_nearest,False,0.0016503334045410156,success
048E9B429C4C80,0,['Arena'],Casa Giulietta,"['Centro Fotografia', 'Sighseeing', 'Torre Lamberti', 'Museo Conte', 'Museo Radio']",Teatro Romano,strategy_nearest,False,0.002843141555786133,success
048EBA4A9C4C80,0,['Arena'],Casa Giulietta,"['Centro Fotografia', 'Sighseeing', 'Torre Lamberti', 'Museo Conte', 'Museo Radio']",Castelvecchio,strategy_nearest,False,0.0022721290588378906,success
048EBB4A9C4C80,1,['Arena'],Palazzo della Ragione,"['AMO', 'Museo Conte', 'Torre Lamberti', 'Centro Fotografia', 'Sighseeing']",Torre Lamberti,strategy_nearest,True,0.0020699501037597656,success
048EBC4A9C4C80,3,"['Arena', 'Santa Anastasia']",Duomo,"['AMO', 'Museo Miniscalchi', 'Teatro Romano', 'Palazzo della Ragione', 'Museo Conte']",Teatro Romano,strategy_nearest,True,0.0028340816497802734,success
048EC94A9C4C80,0,['Arena'],Casa Giulietta,"['Centro Fotografia', 'Sighseeing', 'Torre Lamberti', 'Museo Conte', 'Museo Radio']",Santa Anastasia,strategy_nearest,False,0.003181934356689453,success
048ECC4A9C4C80,0,['Arena'],Casa Giulietta,"['Centro Fotografia', 'Sighseeing', 'Torre Lamberti', 'Museo Conte', 'Museo Radio']",Santa Anastasia,strategy_nearest,False,0.0025260448455810547,success
048ECE4A9C4C80,0,['Arena'],San Zeno,"['Castelvecchio', 'Verona Tour', 'Museo Lapidario', 'Museo Miniscalchi', 'Sighseeing']",Casa Giulietta,strategy_nearest,False,0.0020749568939208984,success
048ECD4A9C4C80,0,['Arena'],Casa Giulietta,"['Centro Fotografia', 'Sighseeing', 'Torre Lamberti', 'Museo Conte', 'Museo Radio']",Torre Lamberti,strategy_nearest,True,0.004312992095947266,success
048ED03A9C4C80,3,"['Arena', 'Castelvecchio', 'San Zeno', 'Casa Giulietta']",Torre Lamberti,"['Sighseeing', 'Centro Fotografia', 'Museo Conte', 'Palazzo della Ragione', 'AMO']",San Fermo,strategy_nearest,False,0.0026412010192871094,success
048ED63A9C4C80,0,['Arena'],Casa Giulietta,"['Centro Fotografia', 'Sighseeing', 'Torre Lamberti', 'Museo Conte', 'Museo Radio']",Santa Anastasia,strategy_nearest,False,0.003345012664794922,success
048EEB429C4C80,3,"['Arena', 'San Zeno']",Castelvecchio,"['Museo Lapidario', 'Verona Tour', 'Museo Radio', 'Sighseeing', 'Museo Miniscalchi']",Casa Giulietta,strategy_nearest,False,0.003355741500854492,success
048EF44A9C4C80,1,['Arena'],Casa Giulietta,"['Centro Fotografia', 'Sighseeing', 'Torre Lamberti', 'Museo Conte', 'Museo Radio']",Torre Lamberti,strategy_nearest,True,0.0032367706298828125,success
048EEA4A9C4C80,3,"['Arena', 'Casa Giulietta']",Santa Anastasia,"['AMO', 'Museo Conte', 'Palazzo della Ragione', 'Teatro Romano', 'Centro Fotografia']",Duomo,strategy_nearest,False,0.0028040409088134766,success
048EDC429C4C80,1,"['Castelvecchio', 'Arena']",Torre Lamberti,"['Sighseeing', 'Centro Fotografia', 'Museo Conte', 'Casa Giulietta', 'Palazzo della Ragione']",Palazzo della Ragione,strategy_nearest,True,0.0022389888763427734,success
048F01429C4C84,0,['Arena'],Teatro Romano,"['Santa Anastasia', 'Duomo', 'AMO', 'Palazzo della Ragione', 'Museo Conte']",Casa Giulietta,strategy_nearest,False,0.0020749568939208984,success
048EF6429C4C80,0,['Arena'],Torre Lamberti,"['Sighseeing', 'Centro Fotografia', 'Museo Conte', 'Casa Giulietta', 'Palazzo della Ragione']",Casa Giulietta,strategy_nearest,True,0.002917766571044922,success
048EFB4A9C4C80,0,['Arena'],Castelvecchio,"['Museo Lapidario', 'Verona Tour', 'Museo Radio', 'San Zeno', 'Sighseeing']",Teatro Romano,strategy_nearest,False,0.0016970634460449219,success
048EFF4A9C4C80,0,['Arena'],Casa Giulietta,"['Centro Fotografia', 'Sighseeing', 'Torre Lamberti', 'Museo Conte', 'Museo Radio']",Duomo,strategy_nearest,False,0.0034418106079101562,success
048F0D4A9C4C84,3,"['Castelvecchio', 'Arena']",Casa Giulietta,"['Centro Fotografia', 'Sighseeing', 'Torre Lamberti', 'Museo Conte', 'Museo Radio']",Santa Anastasia,strategy_nearest,False,0.0020368099212646484,success
048F024A9C4C84,0,"['Arena', 'Tomba Giulietta', 'Casa Giulietta']",Torre Lamberti,"['Sighseeing', 'Centro Fotografia', 'Museo Conte', 'Palazzo della Ragione', 'AMO']",Castelvecchio,strategy_nearest,False,0.00403285026550293,success
048F094A9C4C84,0,['Arena'],Torre Lamberti,"['Sighseeing', 'Centro Fotografia', 'Museo Conte', 'Casa Giulietta', 'Palazzo della Ragione']",Casa Giulietta,strategy_nearest,True,0.0015728473663330078,success
048F034A9C4C84,1,"['Arena', 'Torre Lamberti']",Palazzo della Ragione,"['AMO', 'Museo Conte', 'Centro Fotografia', 'Sighseeing', 'Santa Anastasia']",Santa Anastasia,strategy_nearest,True,0.0027930736541748047,success
048F0F4A9C4C84,1,"['Palazzo della Ragione', 'Torre Lamberti', 'Santa Anastasia']",Duomo,"['AMO', 'Museo Miniscalchi', 'Teatro Romano', 'Museo Conte', 'Centro Fotografia']",Castelvecchio,strategy_nearest,False,0.003614187240600586,success
048F143A9C4C80,3,"['Arena', 'Casa Giulietta', 'Santa Anastasia', 'Museo Storia']",San Fermo,"['Museo Radio', 'Centro Fotografia', 'Sighseeing', 'Torre Lamberti', 'Museo Conte']",Tomba Giulietta,strategy_nearest,False,0.002699136734008789,success
048F11429C4C84,3,"['Arena', 'Casa Giulietta']",Santa Anastasia,"['AMO', 'Museo Conte', 'Palazzo della Ragione', 'Teatro Romano', 'Centro Fotografia']",Duomo,strategy_nearest,False,0.0022759437561035156,success
048F0E4A9C4C84,1,['Arena'],Torre Lamberti,"['Sighseeing', 'Centro Fotografia', 'Museo Conte', 'Casa Giulietta', 'Palazzo della Ragione']",Palazzo della Ragione,strategy_nearest,True,0.001811981201171875,success
048F17429C4C84,1,"['Palazzo della Ragione', 'Torre Lamberti', 'Arena']",Tomba Giulietta,"['San Fermo', 'Museo Storia', 'Museo Lapidario', 'Museo Radio', 'Verona Tour']",Casa Giulietta,strategy_nearest,False,0.001641988754272461,success
048F28429C4C84,3,"['Arena', 'Duomo']",Santa Anastasia,"['AMO', 'Museo Conte', 'Palazzo della Ragione', 'Teatro Romano', 'Centro Fotografia']",Casa Giulietta,strategy_nearest,False,0.0024640560150146484,success
048F1A3A9C4C80,3,"['Arena', 'Casa Giulietta']",Santa Anastasia,"['AMO', 'Museo Conte', 'Palazzo della Ragione', 'Teatro Romano', 'Centro Fotografia']",Teatro Romano,strategy_nearest,True,0.0033881664276123047,success
048F2D3A9C4C80,1,"['Arena', 'Casa Giulietta', 'Castelvecchio']",San Zeno,"['Verona Tour', 'Museo Lapidario', 'Museo Miniscalchi', 'Sighseeing', 'Museo Radio']",Duomo,strategy_nearest,False,0.0040130615234375,success
048F2E429C4C80,3,"['Torre Lamberti', 'Santa Anastasia', 'Duomo']",Casa Giulietta,"['Centro Fotografia', 'Sighseeing', 'Museo Conte', 'Museo Radio', 'Palazzo della Ragione']",Castelvecchio,strategy_nearest,False,0.0037641525268554688,success
048F30429C4C80,0,['Arena'],Castelvecchio,"['Museo Lapidario', 'Verona Tour', 'Museo Radio', 'San Zeno', 'Sighseeing']",Museo Lapidario,strategy_nearest,True,0.0020339488983154297,success
048F45429C4C80,4,"['San Fermo', 'Torre Lamberti', 'Giardino Giusti', 'Teatro Romano']",Duomo,"['AMO', 'Museo Miniscalchi', 'Santa Anastasia', 'Palazzo della Ragione', 'Museo Conte']",Arena,strategy_nearest,False,0.0030078887939453125,success
048F34429C4C80,0,['Tomba Giulietta'],Arena,"['Verona Tour', 'Museo Lapidario', 'Museo Radio', 'San Fermo', 'Casa Giulietta']",Castelvecchio,strategy_nearest,False,0.003196239471435547,success
048F484A9C4C80,0,['Arena'],Torre Lamberti,"['Sighseeing', 'Centro Fotografia', 'Museo Conte', 'Casa Giulietta', 'Palazzo della Ragione']",Casa Giulietta,strategy_nearest,True,0.002292156219482422,success
048F53429C4C80,1,"['Arena', 'Castelvecchio', 'San Fermo']",Casa Giulietta,"['Centro Fotografia', 'Sighseeing', 'Torre Lamberti', 'Museo Conte', 'Museo Radio']",Palazzo della Ragione,strategy_nearest,False,0.002073049545288086,success
048F49429C4C80,1,"['Casa Giulietta', 'Palazzo della Ragione', 'Torre Lamberti']",Arena,"['Verona Tour', 'Museo Lapidario', 'Museo Radio', 'San Fermo', 'Sighseeing']",San Fermo,strategy_nearest,True,0.003580808639526367,success
048F47429C4C80,3,"['Arena', 'San Fermo']",Santa Anastasia,"['AMO', 'Museo Conte', 'Palazzo della Ragione', 'Teatro Romano', 'Centro Fotografia']",San Zeno,strategy_nearest,False,0.003573894500732422,success
048F784A9C4C80,0,['Arena'],Casa Giulietta,"['Centro Fotografia', 'Sighseeing', 'Torre Lamberti', 'Museo Conte', 'Museo Radio']",Teatro Romano,strategy_nearest,False,0.0021660327911376953,success
048F7B4A9C4C80,3,"['Castelvecchio', 'Arena', 'Duomo']",Santa Anastasia,"['AMO', 'Museo Conte', 'Palazzo della Ragione', 'Teatro Romano', 'Centro Fotografia']",Casa Giulietta,strategy_nearest,False,0.003355741500854492,success
048F79429C4C80,2,"['Tomba Giulietta', 'Casa Giulietta']",Santa Anastasia,"['AMO', 'Museo Conte', 'Palazzo della Ragione', 'Teatro Romano', 'Centro Fotografia']",Duomo,strategy_nearest,False,0.0028831958770751953,success
048F754A9C4C80,0,"['Arena', 'Museo Lapidario']",Castelvecchio,"['Verona Tour', 'Museo Radio', 'San Zeno', 'Sighseeing', 'Museo Miniscalchi']",Casa Giulietta,strategy_nearest,False,0.002933025360107422,success
048F833A9C4C80,2,"['Castelvecchio', 'Giardino Giusti']",Teatro Romano,"['Santa Anastasia', 'Duomo', 'AMO', 'Palazzo della Ragione', 'Museo Conte']",Palazzo della Ragione,strategy_nearest,True,0.001360177993774414,success
048F7C4A9C4C80,3,"['Arena', 'Casa Giulietta']",Torre Lamberti,"['Sighseeing', 'Centro Fotografia', 'Museo Conte', 'Palazzo della Ragione', 'AMO']",Santa Anastasia,strategy_nearest,False,0.002232074737548828,success
048F7D3A9C4C80,2,"['Casa Giulietta', 'Torre Lamberti', 'Torre Lamberti']",Palazzo della Ragione,"['AMO', 'Museo Conte', 'Centro Fotografia', 'Sighseeing', 'Santa Anastasia']",Tomba Giulietta,strategy_nearest,False,0.0027718544006347656,success
048F8D429C4C80,0,['Arena'],Casa Giulietta,"['Centro Fotografia', 'Sighseeing', 'Torre Lamberti', 'Museo Conte', 'Museo Radio']",Castelvecchio,strategy_nearest,False,0.003912925720214844,success
048FA4429C4C80,1,"['Arena', 'Museo Lapidario']",Torre Lamberti,"['Sighseeing', 'Centro Fotografia', 'Museo Conte', 'Casa Giulietta', 'Palazzo della Ragione']",Palazzo della Ragione,strategy_nearest,True,0.0032770633697509766,success
048F9F429C4C80,1,"['Castelvecchio', 'Arena', 'Tomba Giulietta', 'Casa Giulietta']",Casa Giulietta,"['Centro Fotografia', 'Sighseeing', 'Torre Lamberti', 'Museo Conte', 'Museo Radio']",Palazzo della Ragione,strategy_nearest,False,0.0027740001678466797,success
048FA14A9C4C80,0,['Casa Giulietta'],Arena,"['Verona Tour', 'Museo Lapidario', 'Museo Radio', 'San Fermo', 'Sighseeing']",Tomba Giulietta,strategy_nearest,False,0.002779245376586914,success
048FAB4A9C4C80,2,"['Casa Giulietta', 'Santa Anastasia']",Duomo,"['AMO', 'Museo Miniscalchi', 'Teatro Romano', 'Palazzo della Ragione', 'Museo Conte']",Torre Lamberti,strategy_nearest,False,0.0022268295288085938,success
048FB84A9C4C80,1,"['Arena', 'Tomba Giulietta']",Torre Lamberti,"['Sighseeing', 'Centro Fotografia', 'Museo Conte', 'Casa Giulietta', 'Palazzo della Ragione']",Palazzo della Ragione,strategy_nearest,True,0.0027627944946289062,success
048FBA4A9C4C80,3,['Arena'],Casa Giulietta,"['Centro Fotografia', 'Sighseeing', 'Torre Lamberti', 'Museo Conte', 'Museo Radio']",Santa Anastasia,strategy_nearest,False,0.0020799636840820312,success
048FB2429C4C80,2,['Castelvecchio'],San Zeno,"['Verona Tour', 'Museo Lapidario', 'Arena', 'Museo Miniscalchi', 'Sighseeing']",Teatro Romano,strategy_nearest,False,0.0033769607543945312,success
048FCD4A9C4C80,0,['Arena'],Torre Lamberti,"['Sighseeing', 'Centro Fotografia', 'Museo Conte', 'Casa Giulietta', 'Palazzo della Ragione']",Duomo,strategy_nearest,False,0.0014300346374511719,success
048FBE4A9C4C80,3,"['Arena', 'San Fermo']",Casa Giulietta,"['Centro Fotografia', 'Sighseeing', 'Torre Lamberti', 'Museo Conte', 'Museo Radio']",Santa Anastasia,strategy_nearest,False,0.0027959346771240234,success
048FCC4A9C4C80,0,['Arena'],Casa Giulietta,"['Centro Fotografia', 'Sighseeing', 'Torre Lamberti', 'Museo Conte', 'Museo Radio']",Santa Anastasia,strategy_nearest,False,0.002151012420654297,success
048FC93A9C4C80,1,"['Santa Anastasia', 'Torre Lamberti', 'Palazzo della Ragione']",Casa Giulietta,"['Centro Fotografia', 'Sighseeing', 'Museo Conte', 'Museo Radio', 'San Fermo']",Duomo,strategy_nearest,False,0.003545999526977539,success
048FD04A9C4C80,0,['Arena'],Castelvecchio,"['Museo Lapidario', 'Verona Tour', 'Museo Radio', 'San Zeno', 'Sighseeing']",Casa Giulietta,strategy_nearest,False,0.0016219615936279297,success
048FD7429C4C80,1,"['Arena', 'Casa Giulietta']",Castelvecchio,"['Museo Lapidario', 'Verona Tour', 'Museo Radio', 'San Zeno', 'Sighseeing']",Palazzo della Ragione,strategy_nearest,False,0.002624988555908203,success
048FEE4A9C4C80,0,['Arena'],Casa Giulietta,"['Centro Fotografia', 'Sighseeing', 'Torre Lamberti', 'Museo Conte', 'Museo Radio']",Teatro Romano,strategy_nearest,False,0.0031359195709228516,success
048FD8429C4C80,0,['Teatro Romano'],San Zeno,"['Castelvecchio', 'Verona Tour', 'Museo Lapidario', 'Arena', 'Museo Miniscalchi']",Torre Lamberti,strategy_nearest,False,0.0026061534881591797,success
048FF13A9C4C80,3,"['Arena', 'Casa Giulietta', 'Torre Lamberti']",Santa Anastasia,"['AMO', 'Museo Conte', 'Palazzo della Ragione', 'Teatro Romano', 'Centro Fotografia']",Duomo,strategy_nearest,False,0.0030579566955566406,success
048FFF4A9C4C80,1,"['Arena', 'Casa Giulietta']",Palazzo della Ragione,"['AMO', 'Museo Conte', 'Torre Lamberti', 'Centro Fotografia', 'Sighseeing']",Teatro Romano,strategy_nearest,False,0.0012958049774169922,success
048FF3429C4C80,2,"['Castelvecchio', 'San Zeno', 'Casa Giulietta', 'Teatro Romano']",Duomo,"['AMO', 'Museo Miniscalchi', 'Santa Anastasia', 'Palazzo della Ragione', 'Museo Conte']",Torre Lamberti,strategy_nearest,False,0.0027687549591064453,success
048FF93A9C4C80,0,['Arena'],Castelvecchio,"['Museo Lapidario', 'Verona Tour', 'Museo Radio', 'San Zeno', 'Sighseeing']",Torre Lamberti,strategy_nearest,False,0.003265857696533203,success
0490024A9C4C84,1,"['Arena', 'Casa Giulietta']",Torre Lamberti,"['Sighseeing', 'Centro Fotografia', 'Museo Conte', 'Palazzo della Ragione', 'AMO']",Palazzo della Ragione,strategy_nearest,True,0.0027549266815185547,success
04900B429C4C84,0,"['Tomba Giulietta', 'Casa Giulietta']",Torre Lamberti,"['Sighseeing', 'Centro Fotografia', 'Museo Conte', 'Palazzo della Ragione', 'AMO']",Arena,strategy_nearest,False,0.002798795700073242,success
04900D3A9C4C84,0,['Museo Lapidario'],Castelvecchio,"['Verona Tour', 'Arena', 'Museo Radio', 'San Zeno', 'Sighseeing']",Arena,strategy_nearest,True,0.0027871131896972656,success
04900F4A9C4C84,1,"['Arena', 'Casa Giulietta', 'Torre Lamberti']",Palazzo della Ragione,"['AMO', 'Museo Conte', 'Centro Fotografia', 'Sighseeing', 'Santa Anastasia']",Santa Anastasia,strategy_nearest,True,0.0033500194549560547,success
0490113A9C4C84,2,"['Museo Lapidario', 'Torre Lamberti']",Palazzo della Ragione,"['AMO', 'Museo Conte', 'Centro Fotografia', 'Sighseeing', 'Santa Anastasia']",Casa Giulietta,strategy_nearest,False,0.004029035568237305,success
0490133A9C4C80,1,"['Arena', 'Casa Giulietta', 'Torre Lamberti', 'Palazzo della Ragione']",Museo Lapidario,"['Verona Tour', 'Castelvecchio', 'Museo Radio', 'San Fermo', 'Tomba Giulietta']",Castelvecchio,strategy_nearest,True,0.0020608901977539062,success
0490143A9C4C80,1,"['Arena', 'Torre Lamberti']",Palazzo della Ragione,"['AMO', 'Museo Conte', 'Centro Fotografia', 'Sighseeing', 'Santa Anastasia']",Santa Anastasia,strategy_nearest,True,0.003301858901977539,success
0490114A9C4C84,3,"['Arena', 'Casa Giulietta', 'Torre Lamberti']",Santa Anastasia,"['AMO', 'Museo Conte', 'Palazzo della Ragione', 'Teatro Romano', 'Centro Fotografia']",Castelvecchio,strategy_nearest,False,0.002101898193359375,success
04901D429C4C84,0,['Arena'],Museo Lapidario,"['Verona Tour', 'Castelvecchio', 'Museo Radio', 'San Fermo', 'Casa Giulietta']",Castelvecchio,strategy_nearest,True,0.001352071762084961,success
0490154A9C4C80,6,"['Casa Giulietta', 'Tomba Giulietta', 'Santa Anastasia', 'Duomo']",Giardino Giusti,"['Teatro Romano', 'Museo Conte', 'Centro Fotografia', 'Museo Storia', 'AMO']",Torre Lamberti,strategy_nearest,False,0.003199338912963867,success
049016429C4C84,3,"['San Zeno', 'Castelvecchio']",Arena,"['Verona Tour', 'Museo Lapidario', 'Museo Radio', 'San Fermo', 'Casa Giulietta']",Tomba Giulietta,strategy_nearest,False,0.002583026885986328,success
049022429C4C84,3,"['Arena', 'Casa Giulietta', 'Torre Lamberti']",Santa Anastasia,"['AMO', 'Museo Conte', 'Palazzo della Ragione', 'Teatro Romano', 'Centro Fotografia']",Duomo,strategy_nearest,False,0.003336191177368164,success
04902A429C4C84,0,['Arena'],Castelvecchio,"['Museo Lapidario', 'Verona Tour', 'Museo Radio', 'San Zeno', 'Sighseeing']",Casa Giulietta,strategy_nearest,False,0.001909017562866211,success
04902C3A9C4C80,3,"['Arena', 'Santa Anastasia']",Duomo,"['AMO', 'Museo Miniscalchi', 'Teatro Romano', 'Palazzo della Ragione', 'Museo Conte']",Casa Giulietta,strategy_nearest,False,0.003180980682373047,success
049028429C4C84,0,['Arena'],Duomo,"['AMO', 'Museo Miniscalchi', 'Santa Anastasia', 'Teatro Romano', 'Palazzo della Ragione']",Casa Giulietta,strategy_nearest,False,0.0026891231536865234,success
04902E4A9C4C80,3,"['Arena', 'Castelvecchio', 'Casa Giulietta']",San Fermo,"['Museo Storia', 'Museo Radio', 'Centro Fotografia', 'Sighseeing', 'Torre Lamberti']",Santa Anastasia,strategy_nearest,False,0.0030410289764404297,success
049030429C4C80,3,"['Castelvecchio', 'Casa Giulietta', 'Torre Lamberti']",Arena,"['Verona Tour', 'Museo Lapidario', 'Museo Radio', 'San Fermo', 'Sighseeing']",Duomo,strategy_nearest,False,0.003350973129272461,success
04903A3A9C4C80,3,"['Teatro Romano', 'Castelvecchio', 'Arena', 'Museo Lapidario']",San Zeno,"['Verona Tour', 'Museo Miniscalchi', 'Sighseeing', 'Museo Radio', 'Torre Lamberti']",Casa Giulietta,strategy_nearest,False,0.0026781558990478516,success
04903B4A9C4C80,1,"['Arena', 'Casa Giulietta', 'Palazzo della Ragione', 'Torre Lamberti']",Santa Anastasia,"['AMO', 'Museo Conte', 'Teatro Romano', 'Centro Fotografia', 'Duomo']",Duomo,strategy_nearest,True,0.0027649402618408203,success
04903F3A9C4C80,3,"['Arena', 'Casa Giulietta']",San Fermo,"['Museo Storia', 'Museo Radio', 'Centro Fotografia', 'Sighseeing', 'Torre Lamberti']",Santa Anastasia,strategy_nearest,False,0.003095865249633789,success
04906B429C4C80,1,['Arena'],Castelvecchio,"['Museo Lapidario', 'Verona Tour', 'Museo Radio', 'San Zeno', 'Sighseeing']",Torre Lamberti,strategy_nearest,False,0.0019788742065429688,success
0490403A9C4C80,1,"['Castelvecchio', 'Arena', 'Casa Giulietta', 'Palazzo della Ragione', 'San Fermo']",Museo Storia,"['Museo Radio', 'Centro Fotografia', 'Tomba Giulietta', 'Torre Lamberti', 'Sighseeing']",Teatro Romano,strategy_nearest,False,0.004049777984619141,success
0490503A9C4C80,3,['Santa Anastasia'],Duomo,"['AMO', 'Museo Miniscalchi', 'Teatro Romano', 'Palazzo della Ragione', 'Museo Conte']",Casa Giulietta,strategy_nearest,False,0.0014617443084716797,success
049049429C4C80,3,"['Casa Giulietta', 'Duomo']",Torre Lamberti,"['Sighseeing', 'Centro Fotografia', 'Museo Conte', 'Palazzo della Ragione', 'AMO']",Arena,strategy_nearest,False,0.00472712516784668,success
049073429C4C80,1,"['Arena', 'Torre Lamberti']",Palazzo della Ragione,"['AMO', 'Museo Conte', 'Centro Fotografia', 'Sighseeing', 'Santa Anastasia']",Teatro Romano,strategy_nearest,False,0.0020151138305664062,success
04907B4A9C4C80,0,['Teatro Romano'],Duomo,"['AMO', 'Museo Miniscalchi', 'Santa Anastasia', 'Palazzo della Ragione', 'Museo Conte']",Casa Giulietta,strategy_nearest,False,0.0031321048736572266,success
049070429C4C80,0,"['Castelvecchio', 'Arena']",Teatro Romano,"['Santa Anastasia', 'Duomo', 'AMO', 'Palazzo della Ragione', 'Museo Conte']",Duomo,strategy_nearest,True,0.0020880699157714844,success
04906D3A9C4C80,1,"['Casa Giulietta', 'Torre Lamberti', 'Palazzo della Ragione', 'Teatro Romano']",Duomo,"['AMO', 'Museo Miniscalchi', 'Santa Anastasia', 'Museo Conte', 'Centro Fotografia']",Arena,strategy_nearest,False,0.0033888816833496094,success
0490843A9C4C80,3,"['Teatro Romano', 'Arena']",Castelvecchio,"['Museo Lapidario', 'Verona Tour', 'Museo Radio', 'San Zeno', 'Sighseeing']",San Zeno,strategy_nearest,True,0.002753019332885742,success
0490873A9C4C80,0,['Castelvecchio'],Duomo,"['AMO', 'Museo Miniscalchi', 'Santa Anastasia', 'Teatro Romano', 'Palazzo della Ragione']",Arena,strategy_nearest,False,0.0013971328735351562,success
0490854A9C4C80,1,"['Arena', 'Castelvecchio', 'Palazzo della Ragione']",Torre Lamberti,"['Sighseeing', 'Centro Fotografia', 'Museo Conte', 'Casa Giulietta', 'AMO']",Casa Giulietta,strategy_nearest,True,0.002074003219604492,success
04907C3A9C4C80,2,['Castelvecchio'],Torre Lamberti,"['Sighseeing', 'Centro Fotografia', 'Museo Conte', 'Casa Giulietta', 'Palazzo della Ragione']",Casa Giulietta,strategy_nearest,True,0.004563808441162109,success
04908A4A9C4C80,3,"['Arena', 'Torre Lamberti']",Santa Anastasia,"['AMO', 'Museo Conte', 'Palazzo della Ragione', 'Teatro Romano', 'Centro Fotografia']",Duomo,strategy_nearest,False,0.002269744873046875,success
04908D4A9C4C80,3,"['Arena', 'Casa Giulietta']",Torre Lamberti,"['Sighseeing', 'Centro Fotografia', 'Museo Conte', 'Palazzo della Ragione', 'AMO']",Castelvecchio,strategy_nearest,False,0.0013091564178466797,success
04908E4A9C4C80,2,"['Castelvecchio', 'Casa Giulietta']",Santa Anastasia,"['AMO', 'Museo Conte', 'Palazzo della Ragione', 'Teatro Romano', 'Centro Fotografia']",Duomo,strategy_nearest,False,0.003465890884399414,success
04909A4A9C4C80,2,"['San Fermo', 'Casa Giulietta']",Torre Lamberti,"['Sighseeing', 'Centro Fotografia', 'Museo Conte', 'Palazzo della Ragione', 'AMO']",Santa Anastasia,strategy_nearest,False,0.0027158260345458984,success
0490A3429C4C80,3,"['Arena', 'Castelvecchio', 'San Fermo']",Casa Giulietta,"['Centro Fotografia', 'Sighseeing', 'Torre Lamberti', 'Museo Conte', 'Museo Radio']",Torre Lamberti,strategy_nearest,True,0.0026640892028808594,success
0490AC4A9C4C80,0,['Castelvecchio'],Arena,"['Verona Tour', 'Museo Lapidario', 'Museo Radio', 'San Fermo', 'Casa Giulietta']",Casa Giulietta,strategy_nearest,True,0.0021643638610839844,success
0490A9429C4C80,1,"['Arena', 'Casa Giulietta', 'Palazzo della Ragione']",Torre Lamberti,"['Sighseeing', 'Centro Fotografia', 'Museo Conte', 'AMO', 'Museo Miniscalchi']",Santa Anastasia,strategy_nearest,False,0.0027887821197509766,success
0490B23A9C4C80,1,"['Castelvecchio', 'Torre Lamberti']",Palazzo della Ragione,"['AMO', 'Museo Conte', 'Centro Fotografia', 'Sighseeing', 'Santa Anastasia']",Casa Giulietta,strategy_nearest,False,0.0034041404724121094,success
0490B43A9C4C80,2,"['Torre Lamberti', 'San Fermo']",Museo Lapidario,"['Verona Tour', 'Arena', 'Castelvecchio', 'Museo Radio', 'Casa Giulietta']",Santa Anastasia,strategy_nearest,False,0.003414154052734375,success
0490B74A9C4C80,0,"['Giardino Giusti', 'Casa Giulietta']",Castelvecchio,"['Museo Lapidario', 'Verona Tour', 'Arena', 'Museo Radio', 'San Zeno']",Torre Lamberti,strategy_nearest,False,0.002002239227294922,success
0490BC4A9C4C80,3,['Arena'],Santa Anastasia,"['AMO', 'Museo Conte', 'Palazzo della Ragione', 'Teatro Romano', 'Centro Fotografia']",Teatro Romano,strategy_nearest,True,0.0033800601959228516,success
0490B4429C4C80,0,['Arena'],Casa Giulietta,"['Centro Fotografia', 'Sighseeing', 'Torre Lamberti', 'Museo Conte', 'Museo Radio']",Torre Lamberti,strategy_nearest,True,0.0026628971099853516,success
0490C03A9C4C80,2,"['Tomba Giulietta', 'San Fermo']",Torre Lamberti,"['Sighseeing', 'Centro Fotografia', 'Museo Conte', 'Casa Giulietta', 'Palazzo della Ragione']",Santa Anastasia,strategy_nearest,False,0.002508878707885742,success
0490CC4A9C4C80,0,['Arena'],Castelvecchio,"['Museo Lapidario', 'Verona Tour', 'Museo Radio', 'San Zeno', 'Sighseeing']",Casa Giulietta,strategy_nearest,False,0.0018208026885986328,success
0490D63A9C4C80,1,"['Santa Anastasia', 'Casa Giulietta', 'Arena', 'Castelvecchio']",San Zeno,"['Verona Tour', 'Museo Lapidario', 'Museo Miniscalchi', 'Sighseeing', 'Museo Radio']",Palazzo della Ragione,strategy_nearest,False,0.002582073211669922,success
0490E4429C4C80,0,['Arena'],Castelvecchio,"['Museo Lapidario', 'Verona Tour', 'Museo Radio', 'San Zeno', 'Sighseeing']",Duomo,strategy_nearest,False,0.0025398731231689453,success
0490EE429C4C80,1,"['Castelvecchio', 'Arena']",Casa Giulietta,"['Centro Fotografia', 'Sighseeing', 'Torre Lamberti', 'Museo Conte', 'Museo Radio']",Palazzo della Ragione,strategy_nearest,False,0.00384521484375,success
0490EF4A9C4C80,2,"['Museo Lapidario', 'Museo Lapidario']",Torre Lamberti,"['Sighseeing', 'Centro Fotografia', 'Museo Conte', 'Casa Giulietta', 'Palazzo della Ragione']",Casa Giulietta,strategy_nearest,True,0.0022552013397216797,success
0490DB429C4C80,0,['Arena'],Casa Giulietta,"['Centro Fotografia', 'Sighseeing', 'Torre Lamberti', 'Museo Conte', 'Museo Radio']",Tomba Giulietta,strategy_nearest,False,0.0032613277435302734,success
0490F94A9C4C80,3,"['Arena', 'Torre Lamberti']",Casa Giulietta,"['Centro Fotografia', 'Sighseeing', 'Museo Conte', 'Museo Radio', 'Palazzo della Ragione']",Santa Anastasia,strategy_nearest,False,0.0027930736541748047,success
04910A429C4C84,1,['Tomba Giulietta'],Arena,"['Verona Tour', 'Museo Lapidario', 'Museo Radio', 'San Fermo', 'Casa Giulietta']",Casa Giulietta,strategy_nearest,True,0.0014269351959228516,success
0491094A9C4C84,2,['Casa Giulietta'],Torre Lamberti,"['Sighseeing', 'Centro Fotografia', 'Museo Conte', 'Palazzo della Ragione', 'AMO']",Palazzo della Ragione,strategy_nearest,True,0.0034220218658447266,success
0490F8429C4C80,0,['Arena'],Casa Giulietta,"['Centro Fotografia', 'Sighseeing', 'Torre Lamberti', 'Museo Conte', 'Museo Radio']",Torre Lamberti,strategy_nearest,True,0.002267122268676758,success
04910A4A9C4C84,3,"['Castelvecchio', 'Teatro Romano']",Santa Anastasia,"['AMO', 'Museo Conte', 'Palazzo della Ragione', 'Centro Fotografia', 'Duomo']",Casa Giulietta,strategy_nearest,False,0.002625703811645508,success
04910C4A9C4C84,0,"['San Fermo', 'Torre Lamberti']",Arena,"['Verona Tour', 'Museo Lapidario', 'Museo Radio', 'Casa Giulietta', 'Sighseeing']",Casa Giulietta,strategy_nearest,True,0.002009153366088867,success
04910E3A9C4C80,3,"['Arena', 'Castelvecchio', 'Casa Giulietta', 'Santa Anastasia']",Duomo,"['AMO', 'Museo Miniscalchi', 'Teatro Romano', 'Palazzo della Ragione', 'Museo Conte']",Teatro Romano,strategy_nearest,True,0.0032999515533447266,success
04910D4A9C4C80,3,"['Santa Anastasia', 'Torre Lamberti', 'Casa Giulietta', 'San Fermo']",Arena,"['Verona Tour', 'Museo Lapidario', 'Museo Radio', 'Sighseeing', 'Castelvecchio']",Museo Lapidario,strategy_nearest,True,0.002769947052001953,success
0491133A9C4C80,3,['Arena'],Santa Anastasia,"['AMO', 'Museo Conte', 'Palazzo della Ragione', 'Teatro Romano', 'Centro Fotografia']",Duomo,strategy_nearest,False,0.002195119857788086,success
0491154A9C4C80,3,"['Casa Giulietta', 'Torre Lamberti', 'Santa Anastasia', 'Duomo', 'Torre Lamberti']",Castelvecchio,"['Museo Lapidario', 'Verona Tour', 'Arena', 'Museo Radio', 'San Zeno']",Arena,strategy_nearest,True,0.003312826156616211,success
0491183A9C4C84,0,['Arena'],Casa Giulietta,"['Centro Fotografia', 'Sighseeing', 'Torre Lamberti', 'Museo Conte', 'Museo Radio']",Teatro Romano,strategy_nearest,False,0.0025739669799804688,success
0491143A9C4C80,1,"['Palazzo della Ragione', 'Torre Lamberti']",Santa Anastasia,"['AMO', 'Museo Conte', 'Teatro Romano', 'Centro Fotografia', 'Duomo']",Arena,strategy_nearest,False,0.002752065658569336,success
0491243A9C4C84,3,"['Torre Lamberti', 'Santa Anastasia']",Duomo,"['AMO', 'Museo Miniscalchi', 'Teatro Romano', 'Palazzo della Ragione', 'Museo Conte']",Arena,strategy_nearest,False,0.0026988983154296875,success
04911F429C4C84,3,"['Casa Giulietta', 'Arena']",Torre Lamberti,"['Sighseeing', 'Centro Fotografia', 'Museo Conte', 'Palazzo della Ragione', 'AMO']",Santa Anastasia,strategy_nearest,False,0.001689910888671875,success
04912A429C4C84,0,['Casa Giulietta'],Duomo,"['AMO', 'Museo Miniscalchi', 'Santa Anastasia', 'Teatro Romano', 'Palazzo della Ragione']",Torre Lamberti,strategy_nearest,False,0.003099203109741211,success
049126429C4C84,0,['Arena'],Castelvecchio,"['Museo Lapidario', 'Verona Tour', 'Museo Radio', 'San Zeno', 'Sighseeing']",Casa Giulietta,strategy_nearest,False,0.002106904983520508,success
049146429C4C80,3,['Duomo'],Santa Anastasia,"['AMO', 'Museo Conte', 'Palazzo della Ragione', 'Teatro Romano', 'Centro Fotografia']",Arena,strategy_nearest,False,0.003200054168701172,success
04912D3A9C4C80,0,['Arena'],Casa Giulietta,"['Centro Fotografia', 'Sighseeing', 'Torre Lamberti', 'Museo Conte', 'Museo Radio']",Castelvecchio,strategy_nearest,False,0.0034699440002441406,success
049139429C4C80,0,['Arena'],Casa Giulietta,"['Centro Fotografia', 'Sighseeing', 'Torre Lamberti', 'Museo Conte', 'Museo Radio']",Teatro Romano,strategy_nearest,False,0.002148151397705078,success
04912F429C4C80,2,['Casa Giulietta'],Giardino Giusti,"['Santa Anastasia', 'Teatro Romano', 'Museo Conte', 'Centro Fotografia', 'Museo Storia']",Teatro Romano,strategy_nearest,True,0.0022580623626708984,success
04917B4A9C4C80,1,"['Arena', 'Castelvecchio']",San Zeno,"['Verona Tour', 'Museo Lapidario', 'Museo Miniscalchi', 'Sighseeing', 'Museo Radio']",Palazzo della Ragione,strategy_nearest,False,0.0027000904083251953,success
0491653A9C4C80,3,"['Arena', 'Duomo']",San Zeno,"['Castelvecchio', 'Verona Tour', 'Museo Lapidario', 'Museo Miniscalchi', 'Sighseeing']",San Fermo,strategy_nearest,False,0.0017600059509277344,success
04914A429C4C80,3,"['Duomo', 'Torre Lamberti']",Casa Giulietta,"['Centro Fotografia', 'Sighseeing', 'Museo Conte', 'Museo Radio', 'Palazzo della Ragione']",Teatro Romano,strategy_nearest,False,0.002415895462036133,success
0491894A9C4C80,0,['Arena'],Casa Giulietta,"['Centro Fotografia', 'Sighseeing', 'Torre Lamberti', 'Museo Conte', 'Museo Radio']",Duomo,strategy_nearest,False,0.0028967857360839844,success
04914F3A9C4C80,0,['Casa Giulietta'],Arena,"['Verona Tour', 'Museo Lapidario', 'Museo Radio', 'San Fermo', 'Sighseeing']",Castelvecchio,strategy_nearest,False,0.004063844680786133,success
04917F3A9C4C80,3,"['Santa Anastasia', 'Duomo', 'Torre Lamberti']",Casa Giulietta,"['Centro Fotografia', 'Sighseeing', 'Museo Conte', 'Museo Radio', 'Palazzo della Ragione']",Castelvecchio,strategy_nearest,False,0.002276897430419922,success
0491B44A9C4C80,3,"['Arena', 'Casa Giulietta']",San Fermo,"['Museo Storia', 'Museo Radio', 'Centro Fotografia', 'Sighseeing', 'Torre Lamberti']",Santa Anastasia,strategy_nearest,False,0.0029230117797851562,success
0491A63A9C4C80,3,"['Arena', 'San Fermo']",Santa Anastasia,"['AMO', 'Museo Conte', 'Palazzo della Ragione', 'Teatro Romano', 'Centro Fotografia']",Duomo,strategy_nearest,False,0.0036020278930664062,success
0491A0429C4C80,3,"['Arena', 'San Fermo']",Casa Giulietta,"['Centro Fotografia', 'Sighseeing', 'Torre Lamberti', 'Museo Conte', 'Museo Radio']",Santa Anastasia,strategy_nearest,False,0.0028591156005859375,success
0491A7429C4C80,3,['Arena'],Casa Giulietta,"['Centro Fotografia', 'Sighseeing', 'Torre Lamberti', 'Museo Conte', 'Museo Radio']",Santa Anastasia,strategy_nearest,False,0.0023839473724365234,success
0491B73A9C4C80,1,"['Casa Giulietta', 'Arena']",Palazzo della Ragione,"['AMO', 'Museo Conte', 'Torre Lamberti', 'Centro Fotografia', 'Sighseeing']",Torre Lamberti,strategy_nearest,True,0.0015592575073242188,success
0491BC4A9C4C80,0,['Arena'],Castelvecchio,"['Museo Lapidario', 'Verona Tour', 'Museo Radio', 'San Zeno', 'Sighseeing']",Casa Giulietta,strategy_nearest,False,0.0026519298553466797,success
0491B93A9C4C80,3,"['Arena', 'Casa Giulietta', 'San Fermo']",Teatro Romano,"['Santa Anastasia', 'Duomo', 'AMO', 'Palazzo della Ragione', 'Museo Conte']",Duomo,strategy_nearest,True,0.0032939910888671875,success
0491B74A9C4C80,3,"['Arena', 'San Fermo']",Casa Giulietta,"['Centro Fotografia', 'Sighseeing', 'Torre Lamberti', 'Museo Conte', 'Museo Radio']",Teatro Romano,strategy_nearest,False,0.002249002456665039,success
0491D93A9C4C80,0,['Arena'],Casa Giulietta,"['Centro Fotografia', 'Sighseeing', 'Torre Lamberti', 'Museo Conte', 'Museo Radio']",Castelvecchio,strategy_nearest,False,0.0016031265258789062,success
0491EC429C4C80,0,"['Arena', 'Casa Giulietta']",San Fermo,"['Museo Storia', 'Museo Radio', 'Centro Fotografia', 'Sighseeing', 'Torre Lamberti']",Giardino Giusti,strategy_nearest,False,0.002092123031616211,success
0491CF3A9C4C80,0,['Arena'],Casa Giulietta,"['Centro Fotografia', 'Sighseeing', 'Torre Lamberti', 'Museo Conte', 'Museo Radio']",Torre Lamberti,strategy_nearest,True,0.003039121627807617,success
0491E43A9C4C80,1,"['Santa Anastasia', 'Palazzo della Ragione']",Torre Lamberti,"['Sighseeing', 'Centro Fotografia', 'Museo Conte', 'Casa Giulietta', 'AMO']",Casa Giulietta,strategy_nearest,True,0.0034630298614501953,success
0491F8429C4C80,3,['Santa Anastasia'],Teatro Romano,"['Duomo', 'AMO', 'Palazzo della Ragione', 'Museo Conte', 'Centro Fotografia']",Duomo,strategy_nearest,True,0.001806020736694336,success
0491F14A9C4C80,0,['Arena'],Castelvecchio,"['Museo Lapidario', 'Verona Tour', 'Museo Radio', 'San Zeno', 'Sighseeing']",Casa Giulietta,strategy_nearest,False,0.003939151763916016,success
0491FD4A9C4C80,0,['Castelvecchio'],Arena,"['Verona Tour', 'Museo Lapidario', 'Museo Radio', 'San Fermo', 'Casa Giulietta']",Casa Giulietta,strategy_nearest,True,0.0036568641662597656,success
0491F9429C4C80,3,"['Castelvecchio', 'Arena']",Casa Giulietta,"['Centro Fotografia', 'Sighseeing', 'Torre Lamberti', 'Museo Conte', 'Museo Radio']",Santa Anastasia,strategy_nearest,False,0.0032701492309570312,success
0492054A9C4C84,2,['Casa Giulietta'],Torre Lamberti,"['Sighseeing', 'Centro Fotografia', 'Museo Conte', 'Palazzo della Ragione', 'AMO']",Santa Anastasia,strategy_nearest,False,0.002588033676147461,success
0491FE4A9C4C80,2,"['Castelvecchio', 'Casa Giulietta']",Torre Lamberti,"['Sighseeing', 'Centro Fotografia', 'Museo Conte', 'Palazzo della Ragione', 'AMO']",Santa Anastasia,strategy_nearest,False,0.0020439624786376953,success
0492014A9C4C84,3,['Arena'],Santa Anastasia,"['AMO', 'Museo Conte', 'Palazzo della Ragione', 'Teatro Romano', 'Centro Fotografia']",Duomo,strategy_nearest,False,0.001993894577026367,success
049206429C4C84,1,"['Castelvecchio', 'Arena']",San Zeno,"['Verona Tour', 'Museo Lapidario', 'Museo Miniscalchi', 'Sighseeing', 'Museo Radio']",Torre Lamberti,strategy_nearest,False,0.003275156021118164,success
04921D4A9C4C80,3,"['Arena', 'Santa Anastasia']",Teatro Romano,"['Duomo', 'AMO', 'Palazzo della Ragione', 'Museo Conte', 'Centro Fotografia']",Torre Lamberti,strategy_nearest,False,0.0027320384979248047,success
0492194A9C4C80,1,"['Arena', 'Casa Giulietta', 'Castelvecchio']",Santa Anastasia,"['AMO', 'Museo Conte', 'Palazzo della Ragione', 'Teatro Romano', 'Centro Fotografia']",Duomo,strategy_nearest,False,0.0034170150756835938,success
04920C429C4C80,3,"['Arena', 'Casa Giulietta']",Santa Anastasia,"['AMO', 'Museo Conte', 'Palazzo della Ragione', 'Teatro Romano', 'Centro Fotografia']",Castelvecchio,strategy_nearest,False,0.002254009246826172,success
0492084A9C4C84,0,['Arena'],Castelvecchio,"['Museo Lapidario', 'Verona Tour', 'Museo Radio', 'San Zeno', 'Sighseeing']",Casa Giulietta,strategy_nearest,False,0.0016970634460449219,success
049222429C4C84,1,"['Castelvecchio', 'Arena', 'Casa Giulietta', 'Duomo']",Teatro Romano,"['Santa Anastasia', 'AMO', 'Palazzo della Ragione', 'Museo Conte', 'Centro Fotografia']",Torre Lamberti,strategy_nearest,False,0.0022668838500976562,success
0492283A9C4C80,2,['San Fermo'],Tomba Giulietta,"['Museo Storia', 'Arena', 'Museo Lapidario', 'Museo Radio', 'Verona Tour']",Santa Anastasia,strategy_nearest,False,0.003278017044067383,success
049226429C4C84,2,"['Casa Giulietta', 'Torre Lamberti', 'Palazzo della Ragione']",Castelvecchio,"['Museo Lapidario', 'Verona Tour', 'Arena', 'Museo Radio', 'San Zeno']",San Zeno,strategy_nearest,True,0.002811908721923828,success
049224429C4C84,1,"['Duomo', 'Arena', 'Castelvecchio']",Casa Giulietta,"['Centro Fotografia', 'Sighseeing', 'Torre Lamberti', 'Museo Conte', 'Museo Radio']",San Zeno,strategy_nearest,False,0.0015990734100341797,success
04922F429C4C80,0,['Casa Giulietta'],Arena,"['Verona Tour', 'Museo Lapidario', 'Museo Radio', 'San Fermo', 'Sighseeing']",Castelvecchio,strategy_nearest,False,0.0033631324768066406,success
0492284A9C4C80,3,['Arena'],Casa Giulietta,"['Centro Fotografia', 'Sighseeing', 'Torre Lamberti', 'Museo Conte', 'Museo Radio']",Santa Anastasia,strategy_nearest,False,0.002794027328491211,success
04922B429C4C80,3,"['San Fermo', 'Torre Lamberti', 'Santa Anastasia', 'Duomo']",Casa Giulietta,"['Centro Fotografia', 'Sighseeing', 'Museo Conte', 'Museo Radio', 'Palazzo della Ragione']",Castelvecchio,strategy_nearest,False,0.002193927764892578,success
049236429C4C80,0,['Tomba Giulietta'],Arena,"['Verona Tour', 'Museo Lapidario', 'Museo Radio', 'San Fermo', 'Casa Giulietta']",Casa Giulietta,strategy_nearest,True,0.0015239715576171875,success
04926E3A9C4C80,1,"['Arena', 'Castelvecchio', 'San Zeno', 'Santa Anastasia', 'Duomo', 'Teatro Romano']",Tomba Giulietta,"['San Fermo', 'Museo Storia', 'Museo Lapidario', 'Museo Radio', 'Verona Tour']",Casa Giulietta,strategy_nearest,False,0.0018987655639648438,success
04927D3A9C4C80,3,"['Santa Anastasia', 'Duomo']",Torre Lamberti,"['Sighseeing', 'Centro Fotografia', 'Museo Conte', 'Casa Giulietta', 'Palazzo della Ragione']",Casa Giulietta,strategy_nearest,True,0.003270864486694336,success
0492653A9C4C80,2,"['Santa Anastasia', 'San Fermo']",Tomba Giulietta,"['Museo Storia', 'Arena', 'Museo Lapidario', 'Museo Radio', 'Verona Tour']",Giardino Giusti,strategy_nearest,False,0.0014910697937011719,success
049247429C4C80,0,['Arena'],Torre Lamberti,"['Sighseeing', 'Centro Fotografia', 'Museo Conte', 'Casa Giulietta', 'Palazzo della Ragione']",Castelvecchio,strategy_nearest,False,0.002669095993041992,success
04927D4A9C4C80,0,['Arena'],Santa Anastasia,"['AMO', 'Museo Conte', 'Palazzo della Ragione', 'Teatro Romano', 'Centro Fotografia']",Casa Giulietta,strategy_nearest,False,0.0016629695892333984,success
04927F3A9C4C80,3,"['Santa Anastasia', 'San Fermo']",Castelvecchio,"['Museo Lapidario', 'Verona Tour', 'Arena', 'Museo Radio', 'San Zeno']",Arena,strategy_nearest,True,0.0020678043365478516,success
0492874A9C4C80,3,"['Arena', 'Casa Giulietta']",Torre Lamberti,"['Sighseeing', 'Centro Fotografia', 'Museo Conte', 'Palazzo della Ragione', 'AMO']",Santa Anastasia,strategy_nearest,False,0.0033600330352783203,success
04928D429C4C80,3,['Santa Anastasia'],San Zeno,"['Castelvecchio', 'Verona Tour', 'Museo Lapidario', 'Arena', 'Museo Miniscalchi']",Arena,strategy_nearest,True,0.0026330947875976562,success
04928E429C4C80,1,['Torre Lamberti'],Arena,"['Verona Tour', 'Museo Lapidario', 'Museo Radio', 'San Fermo', 'Casa Giulietta']",Teatro Romano,strategy_nearest,False,0.003347158432006836,success
04929A4A9C4C80,0,"['Tomba Giulietta', 'Arena']",Castelvecchio,"['Museo Lapidario', 'Verona Tour', 'Museo Radio', 'San Zeno', 'Sighseeing']",Duomo,strategy_nearest,False,0.0033121109008789062,success
0492924A9C4C80,0,['Casa Giulietta'],Arena,"['Verona Tour', 'Museo Lapidario', 'Museo Radio', 'San Fermo', 'Sighseeing']",Castelvecchio,strategy_nearest,False,0.003297090530395508,success
04929A429C4C80,0,['Arena'],Casa Giulietta,"['Centro Fotografia', 'Sighseeing', 'Torre Lamberti', 'Museo Conte', 'Museo Radio']",San Fermo,strategy_nearest,False,0.002805948257446289,success
04929C4A9C4C80,0,['Arena'],Casa Giulietta,"['Centro Fotografia', 'Sighseeing', 'Torre Lamberti', 'Museo Conte', 'Museo Radio']",Teatro Romano,strategy_nearest,False,0.002268075942993164,success
0492A34A9C4C80,3,"['Arena', 'Casa Giulietta', 'San Zeno']",Duomo,"['AMO', 'Museo Miniscalchi', 'Santa Anastasia', 'Teatro Romano', 'Palazzo della Ragione']",Teatro Romano,strategy_nearest,True,0.0033600330352783203,success
0492AB429C4C80,1,"['Arena', 'Torre Lamberti']",Palazzo della Ragione,"['AMO', 'Museo Conte', 'Centro Fotografia', 'Sighseeing', 'Santa Anastasia']",Casa Giulietta,strategy_nearest,False,0.0024890899658203125,success
0492AA3A9C4C80,0,"['Torre Lamberti', 'Casa Giulietta']",Arena,"['Verona Tour', 'Museo Lapidario', 'Museo Radio', 'San Fermo', 'Sighseeing']",Castelvecchio,strategy_nearest,False,0.002168893814086914,success
0492AC4A9C4C80,2,['Torre Lamberti'],Duomo,"['AMO', 'Museo Miniscalchi', 'Santa Anastasia', 'Teatro Romano', 'Palazzo della Ragione']",San Zeno,strategy_nearest,False,0.002834796905517578,success
0492C04A9C4C80,1,['Arena'],Casa Giulietta,"['Centro Fotografia', 'Sighseeing', 'Torre Lamberti', 'Museo Conte', 'Museo Radio']",Palazzo della Ragione,strategy_nearest,False,0.002880096435546875,success
0492CA3A9C4C80,0,"['Arena', 'Castelvecchio']",Torre Lamberti,"['Sighseeing', 'Centro Fotografia', 'Museo Conte', 'Casa Giulietta', 'Palazzo della Ragione']",Casa Giulietta,strategy_nearest,True,0.0013849735260009766,success
0492B14A9C4C80,2,['Castelvecchio'],Duomo,"['AMO', 'Museo Miniscalchi', 'Santa Anastasia', 'Teatro Romano', 'Palazzo della Ragione']",Teatro Romano,strategy_nearest,True,0.0036029815673828125,success
0492CB429C4C80,3,['Santa Anastasia'],Torre Lamberti,"['Sighseeing', 'Centro Fotografia', 'Museo Conte', 'Casa Giulietta', 'Palazzo della Ragione']",Arena,strategy_nearest,False,0.0034492015838623047,success
0492CF4A9C4C80,1,"['Castelvecchio', 'Casa Giulietta']",Torre Lamberti,"['Sighseeing', 'Centro Fotografia', 'Museo Conte', 'Palazzo della Ragione', 'AMO']",Palazzo della Ragione,strategy_nearest,True,0.002847909927368164,success
0492D8429C4C80,1,"['Arena', 'Casa Giulietta', 'San Fermo']",Palazzo della Ragione,"['AMO', 'Museo Conte', 'Torre Lamberti', 'Centro Fotografia', 'Sighseeing']",Torre Lamberti,strategy_nearest,True,0.0026018619537353516,success
0492D0429C4C80,0,"['Arena', 'Casa Giulietta']",Museo Lapidario,"['Verona Tour', 'Castelvecchio', 'Museo Radio', 'San Fermo', 'Tomba Giulietta']",Tomba Giulietta,strategy_nearest,True,0.003957033157348633,success
0492D14A9C4C80,2,"['Casa Giulietta', 'Torre Lamberti']",Santa Anastasia,"['AMO', 'Museo Conte', 'Palazzo della Ragione', 'Teatro Romano', 'Centro Fotografia']",Teatro Romano,strategy_nearest,True,0.0020580291748046875,success
0492E0429C4C80,1,"['Arena', 'Palazzo della Ragione']",Santa Anastasia,"['AMO', 'Museo Conte', 'Teatro Romano', 'Centro Fotografia', 'Duomo']",Duomo,strategy_nearest,True,0.0020329952239990234,success
0492EB4A9C4C80,3,"['Arena', 'Casa Giulietta']",Torre Lamberti,"['Sighseeing', 'Centro Fotografia', 'Museo Conte', 'Palazzo della Ragione', 'AMO']",Santa Anastasia,strategy_nearest,False,0.0026731491088867188,success
0492E73A9C4C80,1,['Arena'],Torre Lamberti,"['Sighseeing', 'Centro Fotografia', 'Museo Conte', 'Casa Giulietta', 'Palazzo della Ragione']",Palazzo della Ragione,strategy_nearest,True,0.0033440589904785156,success
0492E9429C4C80,1,"['Museo Lapidario', 'Palazzo della Ragione', 'San Fermo', 'Museo Storia', 'Castelvecchio']",Arena,"['Verona Tour', 'Museo Radio', 'Casa Giulietta', 'Sighseeing', 'Torre Lamberti']",Casa Giulietta,strategy_nearest,True,0.002122163772583008,success
0492EF4A9C4C80,0,['Arena'],Casa Giulietta,"['Centro Fotografia', 'Sighseeing', 'Torre Lamberti', 'Museo Conte', 'Museo Radio']",Arena,strategy_nearest,False,0.0046291351318359375,success
0492F03A9C4C80,0,['Arena'],Torre Lamberti,"['Sighseeing', 'Centro Fotografia', 'Museo Conte', 'Casa Giulietta', 'Palazzo della Ragione']",Casa Giulietta,strategy_nearest,True,0.002142190933227539,success
0492F2429C4C80,2,"['Castelvecchio', 'Torre Lamberti']",Santa Anastasia,"['AMO', 'Museo Conte', 'Palazzo della Ragione', 'Teatro Romano', 'Centro Fotografia']",Duomo,strategy_nearest,False,0.0013561248779296875,success
0492F34A9C4C80,1,"['Arena', 'Casa Giulietta']",Torre Lamberti,"['Sighseeing', 'Centro Fotografia', 'Museo Conte', 'Palazzo della Ragione', 'AMO']",Palazzo della Ragione,strategy_nearest,True,0.0032830238342285156,success
0492FE4A9C4C80,1,"['Casa Giulietta', 'Palazzo della Ragione']",Torre Lamberti,"['Sighseeing', 'Centro Fotografia', 'Museo Conte', 'AMO', 'Museo Miniscalchi']",Teatro Romano,strategy_nearest,False,0.002173900604248047,success
0492F94A9C4C80,1,"['Arena', 'Casa Giulietta']",Teatro Romano,"['Santa Anastasia', 'Duomo', 'AMO', 'Palazzo della Ragione', 'Museo Conte']",Castelvecchio,strategy_nearest,False,0.0034019947052001953,success
0492F64A9C4C80,3,"['Arena', 'Casa Giulietta']",Torre Lamberti,"['Sighseeing', 'Centro Fotografia', 'Museo Conte', 'Palazzo della Ragione', 'AMO']",Santa Anastasia,strategy_nearest,False,0.002836942672729492,success
0493014A9C4C84,3,"['Arena', 'Casa Giulietta']",Santa Anastasia,"['AMO', 'Museo Conte', 'Palazzo della Ragione', 'Teatro Romano', 'Centro Fotografia']",Duomo,strategy_nearest,False,0.003464937210083008,success
0493054A9C4C84,0,['Castelvecchio'],Arena,"['Verona Tour', 'Museo Lapidario', 'Museo Radio', 'San Fermo', 'Casa Giulietta']",Torre Lamberti,strategy_nearest,False,0.0022399425506591797,success
04930D429C4C84,1,"['Palazzo della Ragione', 'Torre Lamberti']",Casa Giulietta,"['Centro Fotografia', 'Sighseeing', 'Museo Conte', 'Museo Radio', 'San Fermo']",Arena,strategy_nearest,False,0.0026199817657470703,success
04930B4A9C4C84,0,['Arena'],Casa Giulietta,"['Centro Fotografia', 'Sighseeing', 'Torre Lamberti', 'Museo Conte', 'Museo Radio']",Torre Lamberti,strategy_nearest,True,0.002763986587524414,success
0493084A9C4C80,1,"['Arena', 'Palazzo della Ragione', 'Santa Anastasia', 'Museo Storia', 'Casa Giulietta']",Museo Lapidario,"['Verona Tour', 'Castelvecchio', 'Museo Radio', 'San Fermo', 'Tomba Giulietta']",Giardino Giusti,strategy_nearest,False,0.004045963287353516,success
04930E3A9C4C84,1,"['Arena', 'Torre Lamberti']",Palazzo della Ragione,"['AMO', 'Museo Conte', 'Centro Fotografia', 'Sighseeing', 'Santa Anastasia']",Santa Anastasia,strategy_nearest,True,0.0015816688537597656,success
04931F429C4C84,0,['Arena'],Duomo,"['AMO', 'Museo Miniscalchi', 'Santa Anastasia', 'Teatro Romano', 'Palazzo della Ragione']",Casa Giulietta,strategy_nearest,False,0.003114938735961914,success
0493184A9C4C80,2,"['Casa Giulietta', 'Castelvecchio', 'San Zeno']",Teatro Romano,"['Santa Anastasia', 'Duomo', 'AMO', 'Palazzo della Ragione', 'Museo Conte']",Torre Lamberti,strategy_nearest,False,0.003918886184692383,success
049312429C4C84,2,['Casa Giulietta'],Duomo,"['AMO', 'Museo Miniscalchi', 'Santa Anastasia', 'Teatro Romano', 'Palazzo della Ragione']",Teatro Romano,strategy_nearest,True,0.0025777816772460938,success
0493263A9C4C84,3,['Castelvecchio'],Arena,"['Verona Tour', 'Museo Lapidario', 'Museo Radio', 'San Fermo', 'Casa Giulietta']",Torre Lamberti,strategy_nearest,False,0.0020821094512939453,success
049333429C4C80,3,"['San Fermo', 'Museo Storia', 'Tomba Giulietta', 'Arena']",Casa Giulietta,"['Centro Fotografia', 'Sighseeing', 'Torre Lamberti', 'Museo Conte', 'Museo Radio']",Torre Lamberti,strategy_nearest,True,0.00269317626953125,success
0493244A9C4C80,3,"['Arena', 'Santa Anastasia', 'Teatro Romano']",Torre Lamberti,"['Sighseeing', 'Centro Fotografia', 'Museo Conte', 'Casa Giulietta', 'Palazzo della Ragione']",San Zeno,strategy_nearest,False,0.0029108524322509766,success
049331429C4C80,0,['Arena'],Castelvecchio,"['Museo Lapidario', 'Verona Tour', 'Museo Radio', 'San Zeno', 'Sighseeing']",Teatro Romano,strategy_nearest,False,0.003409862518310547,success
0493553A9C4C80,0,"['Teatro Romano', 'Casa Giulietta']",Torre Lamberti,"['Sighseeing', 'Centro Fotografia', 'Museo Conte', 'Palazzo della Ragione', 'AMO']",Tomba Giulietta,strategy_nearest,False,0.002686023712158203,success
049346429C4C80,3,"['Arena', 'Torre Lamberti', 'Casa Giulietta', 'San Fermo']",Teatro Romano,"['Santa Anastasia', 'Duomo', 'AMO', 'Palazzo della Ragione', 'Museo Conte']",Castelvecchio,strategy_nearest,False,0.002239227294921875,success
049336429C4C80,1,"['San Zeno', 'Santa Anastasia', 'Duomo', 'Torre Lamberti']",Palazzo della Ragione,"['AMO', 'Museo Conte', 'Centro Fotografia', 'Sighseeing', 'Museo Miniscalchi']",Arena,strategy_nearest,False,0.003526926040649414,success
0493374A9C4C80,0,['Arena'],Casa Giulietta,"['Centro Fotografia', 'Sighseeing', 'Torre Lamberti', 'Museo Conte', 'Museo Radio']",Castelvecchio,strategy_nearest,False,0.0016589164733886719,success
0493813A9C4C80,1,"['Casa Giulietta', 'Arena']",Torre Lamberti,"['Sighseeing', 'Centro Fotografia', 'Museo Conte', 'Palazzo della Ragione', 'AMO']",Palazzo della Ragione,strategy_nearest,True,0.002741098403930664,success
049357429C4C80,1,"['Casa Giulietta', 'Arena']",Torre Lamberti,"['Sighseeing', 'Centro Fotografia', 'Museo Conte', 'Palazzo della Ragione', 'AMO']",Palazzo della Ragione,strategy_nearest,True,0.0041577816009521484,success
04937D4A9C4C80,0,['Arena'],Casa Giulietta,"['Centro Fotografia', 'Sighseeing', 'Torre Lamberti', 'Museo Conte', 'Museo Radio']",Castelvecchio,strategy_nearest,False,0.002215862274169922,success
0493774A9C4C80,0,"['Tomba Giulietta', 'Arena']",Castelvecchio,"['Museo Lapidario', 'Verona Tour', 'Museo Radio', 'San Zeno', 'Sighseeing']",Casa Giulietta,strategy_nearest,False,0.001569986343383789,success
049392429C4C80,0,['Arena'],Duomo,"['AMO', 'Museo Miniscalchi', 'Santa Anastasia', 'Teatro Romano', 'Palazzo della Ragione']",Castelvecchio,strategy_nearest,False,0.0021200180053710938,success
0493874A9C4C80,0,['Arena'],Casa Giulietta,"['Centro Fotografia', 'Sighseeing', 'Torre Lamberti', 'Museo Conte', 'Museo Radio']",Torre Lamberti,strategy_nearest,True,0.0014650821685791016,success
0493944A9C4C80,3,"['Arena', 'Castelvecchio']",San Zeno,"['Verona Tour', 'Museo Lapidario', 'Museo Miniscalchi', 'Sighseeing', 'Museo Radio']",Duomo,strategy_nearest,False,0.0026040077209472656,success
0493974A9C4C80,1,['Arena'],Torre Lamberti,"['Sighseeing', 'Centro Fotografia', 'Museo Conte', 'Casa Giulietta', 'Palazzo della Ragione']",Palazzo della Ragione,strategy_nearest,True,0.0033888816833496094,success
0493A34A9C4C80,3,"['Castelvecchio', 'Arena']",Santa Anastasia,"['AMO', 'Museo Conte', 'Palazzo della Ragione', 'Teatro Romano', 'Centro Fotografia']",Casa Giulietta,strategy_nearest,False,0.002460002899169922,success
0493A83A9C4C80,1,['Casa Giulietta'],Palazzo della Ragione,"['AMO', 'Museo Conte', 'Torre Lamberti', 'Centro Fotografia', 'Sighseeing']",Torre Lamberti,strategy_nearest,True,0.0017459392547607422,success
0493A74A9C4C80,3,"['Arena', 'Museo Lapidario', 'Casa Giulietta']",Torre Lamberti,"['Sighseeing', 'Centro Fotografia', 'Museo Conte', 'Palazzo della Ragione', 'AMO']",Santa Anastasia,strategy_nearest,False,0.003267049789428711,success
0493B04A9C4C80,0,['Arena'],Castelvecchio,"['Museo Lapidario', 'Verona Tour', 'Museo Radio', 'San Zeno', 'Sighseeing']",Casa Giulietta,strategy_nearest,False,0.0031938552856445312,success
0493B24A9C4C80,3,['Arena'],Casa Giulietta,"['Centro Fotografia', 'Sighseeing', 'Torre Lamberti', 'Museo Conte', 'Museo Radio']",Santa Anastasia,strategy_nearest,False,0.0033028125762939453,success
0493B23A9C4C80,0,['Arena'],Casa Giulietta,"['Centro Fotografia', 'Sighseeing', 'Torre Lamberti', 'Museo Conte', 'Museo Radio']",Teatro Romano,strategy_nearest,False,0.0021669864654541016,success
0493B34A9C4C80,1,"['Torre Lamberti', 'Palazzo della Ragione']",Santa Anastasia,"['AMO', 'Museo Conte', 'Teatro Romano', 'Centro Fotografia', 'Duomo']",Duomo,strategy_nearest,True,0.0031731128692626953,success
0493B13A9C4C80,3,"['Castelvecchio', 'San Zeno', 'Duomo']",Santa Anastasia,"['AMO', 'Museo Conte', 'Palazzo della Ragione', 'Teatro Romano', 'Centro Fotografia']",Casa Giulietta,strategy_nearest,False,0.004218101501464844,success
0493B64A9C4C80,2,['Casa Giulietta'],Torre Lamberti,"['Sighseeing', 'Centro Fotografia', 'Museo Conte', 'Palazzo della Ragione', 'AMO']",Teatro Romano,strategy_nearest,False,0.003522157669067383,success
0493BD4A9C4C80,1,"['Arena', 'Casa Giulietta']",Torre Lamberti,"['Sighseeing', 'Centro Fotografia', 'Museo Conte', 'Palazzo della Ragione', 'AMO']",Palazzo della Ragione,strategy_nearest,True,0.00341033935546875,success
0493BB4A9C4C80,0,"['Arena', 'Museo Lapidario']",Castelvecchio,"['Verona Tour', 'Museo Radio', 'San Zeno', 'Sighseeing', 'Museo Miniscalchi']",Torre Lamberti,strategy_nearest,False,0.002178192138671875,success
0493B44A9C4C80,1,"['Arena', 'Castelvecchio']",Casa Giulietta,"['Centro Fotografia', 'Sighseeing', 'Torre Lamberti', 'Museo Conte', 'Museo Radio']",Palazzo della Ragione,strategy_nearest,False,0.0017888545989990234,success
0493C04A9C4C80,0,['Arena'],Museo Lapidario,"['Verona Tour', 'Castelvecchio', 'Museo Radio', 'San Fermo', 'Casa Giulietta']",Castelvecchio,strategy_nearest,True,0.0025467872619628906,success
0493BE3A9C4C80,3,"['Arena', 'Santa Anastasia']",San Zeno,"['Castelvecchio', 'Verona Tour', 'Museo Lapidario', 'Museo Miniscalchi', 'Sighseeing']",Castelvecchio,strategy_nearest,True,0.0037927627563476562,success
0493C54A9C4C80,3,"['Castelvecchio', 'Arena']",Casa Giulietta,"['Centro Fotografia', 'Sighseeing', 'Torre Lamberti', 'Museo Conte', 'Museo Radio']",Torre Lamberti,strategy_nearest,True,0.003686189651489258,success
0493C1429C4C80,3,"['Arena', 'Casa Giulietta']",Santa Anastasia,"['AMO', 'Museo Conte', 'Palazzo della Ragione', 'Teatro Romano', 'Centro Fotografia']",Teatro Romano,strategy_nearest,True,0.001917123794555664,success
0493D24A9C4C80,1,"['Arena', 'Casa Giulietta', 'Torre Lamberti']",Palazzo della Ragione,"['AMO', 'Museo Conte', 'Centro Fotografia', 'Sighseeing', 'Santa Anastasia']",Santa Anastasia,strategy_nearest,True,0.0020961761474609375,success
0493D14A9C4C80,4,"['Museo Radio', 'Tomba Giulietta', 'San Fermo']",Casa Giulietta,"['Centro Fotografia', 'Sighseeing', 'Torre Lamberti', 'Museo Conte', 'Palazzo della Ragione']",Santa Anastasia,strategy_nearest,False,0.00286102294921875,success
0493DF3A9C4C80,1,"['Duomo', 'Teatro Romano', 'Casa Giulietta', 'Arena']",Torre Lamberti,"['Sighseeing', 'Centro Fotografia', 'Museo Conte', 'Palazzo della Ragione', 'AMO']",Palazzo della Ragione,strategy_nearest,True,0.002685070037841797,success
0493E2429C4C80,1,"['Arena', 'Casa Giulietta', 'Palazzo della Ragione']",Duomo,"['AMO', 'Museo Miniscalchi', 'Santa Anastasia', 'Teatro Romano', 'Museo Conte']",Santa Anastasia,strategy_nearest,True,0.003448009490966797,success
0493E9429C4C80,1,"['Arena', 'Castelvecchio', 'San Zeno', 'Torre Lamberti', 'Palazzo della Ragione']",Casa Giulietta,"['Centro Fotografia', 'Sighseeing', 'Museo Conte', 'Museo Radio', 'San Fermo']",Santa Anastasia,strategy_nearest,False,0.0023348331451416016,success
0493E83A9C4C80,0,['Castelvecchio'],Arena,"['Verona Tour', 'Museo Lapidario', 'Museo Radio', 'San Fermo', 'Casa Giulietta']",Casa Giulietta,strategy_nearest,True,0.00302886962890625,success
0494054A9C4C84,3,"['Arena', 'Casa Giulietta']",Santa Anastasia,"['AMO', 'Museo Conte', 'Palazzo della Ragione', 'Teatro Romano', 'Centro Fotografia']",Teatro Romano,strategy_nearest,True,0.002022981643676758,success
0493F54A9C4C80,1,"['Arena', 'Castelvecchio']",Palazzo della Ragione,"['AMO', 'Museo Conte', 'Torre Lamberti', 'Centro Fotografia', 'Sighseeing']",Casa Giulietta,strategy_nearest,False,0.002843141555786133,success
0493FA429C4C80,3,"['Museo Lapidario', 'Arena', 'Casa Giulietta']",Santa Anastasia,"['AMO', 'Museo Conte', 'Palazzo della Ragione', 'Teatro Romano', 'Centro Fotografia']",Duomo,strategy_nearest,False,0.003454923629760742,success
0493F94A9C4C80,0,['Arena'],Casa Giulietta,"['Centro Fotografia', 'Sighseeing', 'Torre Lamberti', 'Museo Conte', 'Museo Radio']",Castelvecchio,strategy_nearest,False,0.0015859603881835938,success
0494064A9C4C84,1,"['Arena', 'Casa Giulietta']",San Fermo,"['Museo Storia', 'Museo Radio', 'Centro Fotografia', 'Sighseeing', 'Torre Lamberti']",Palazzo della Ragione,strategy_nearest,False,0.002670764923095703,success
049407429C4C80,3,"['Casa Giulietta', 'Teatro Romano', 'Arena']",Museo Lapidario,"['Verona Tour', 'Castelvecchio', 'Museo Radio', 'San Fermo', 'Tomba Giulietta']",Castelvecchio,strategy_nearest,True,0.003512144088745117,success
04940E4A9C4C80,2,"['Museo Lapidario', 'Casa Giulietta', 'Torre Lamberti']",Palazzo della Ragione,"['AMO', 'Museo Conte', 'Centro Fotografia', 'Sighseeing', 'Santa Anastasia']",Teatro Romano,strategy_nearest,False,0.0021681785583496094,success
0494094A9C4C80,1,"['Arena', 'Castelvecchio', 'Torre Lamberti']",Palazzo della Ragione,"['AMO', 'Museo Conte', 'Centro Fotografia', 'Sighseeing', 'Santa Anastasia']",Casa Giulietta,strategy_nearest,False,0.0030231475830078125,success
04940A4A9C4C84,3,['Arena'],Torre Lamberti,"['Sighseeing', 'Centro Fotografia', 'Museo Conte', 'Casa Giulietta', 'Palazzo della Ragione']",Teatro Romano,strategy_nearest,False,0.001753091812133789,success
04940C4A9C4C84,1,"['Museo Lapidario', 'Teatro Romano', 'Santa Anastasia', 'Torre Lamberti']",Palazzo della Ragione,"['AMO', 'Museo Conte', 'Centro Fotografia', 'Sighseeing', 'Museo Miniscalchi']",Casa Giulietta,strategy_nearest,False,0.0035300254821777344,success
0494164A9C4C80,1,"['Museo Lapidario', 'Arena', 'Castelvecchio', 'Tomba Giulietta']",San Fermo,"['Museo Storia', 'Museo Radio', 'Casa Giulietta', 'Centro Fotografia', 'Sighseeing']",Duomo,strategy_nearest,False,0.0015151500701904297,success
0494193A9C4C84,0,['Castelvecchio'],Arena,"['Verona Tour', 'Museo Lapidario', 'Museo Radio', 'San Fermo', 'Casa Giulietta']",Casa Giulietta,strategy_nearest,True,0.002891063690185547,success
049421429C4C84,0,['Arena'],Casa Giulietta,"['Centro Fotografia', 'Sighseeing', 'Torre Lamberti', 'Museo Conte', 'Museo Radio']",Torre Lamberti,strategy_nearest,True,0.003366231918334961,success
04940F429C4C80,0,"['Casa Giulietta', 'Arena']",Tomba Giulietta,"['San Fermo', 'Museo Storia', 'Museo Lapidario', 'Museo Radio', 'Verona Tour']",Santa Anastasia,strategy_nearest,False,0.0021677017211914062,success
049422429C4C80,1,"['Arena', 'Museo Lapidario']",Torre Lamberti,"['Sighseeing', 'Centro Fotografia', 'Museo Conte', 'Casa Giulietta', 'Palazzo della Ragione']",Palazzo della Ragione,strategy_nearest,True,0.0026738643646240234,success
0494234A9C4C80,3,"['Casa Giulietta', 'San Fermo']",Santa Anastasia,"['AMO', 'Museo Conte', 'Palazzo della Ragione', 'Teatro Romano', 'Centro Fotografia']",Arena,strategy_nearest,False,0.0033440589904785156,success
049425429C4C84,3,"['Santa Anastasia', 'Duomo', 'San Zeno']",Castelvecchio,"['Museo Lapidario', 'Verona Tour', 'Arena', 'Museo Radio', 'Sighseeing']",Arena,strategy_nearest,True,0.0021190643310546875,success
049429429C4C84,3,['Arena'],Santa Anastasia,"['AMO', 'Museo Conte', 'Palazzo della Ragione', 'Teatro Romano', 'Centro Fotografia']",Teatro Romano,strategy_nearest,True,0.002685070037841797,success
0494353A9C4C80,0,"['Arena', 'Museo Lapidario']",Castelvecchio,"['Verona Tour', 'Museo Radio', 'San Zeno', 'Sighseeing', 'Museo Miniscalchi']",Casa Giulietta,strategy_nearest,False,0.0021979808807373047,success
04944F3A9C4C80,3,"['Arena', 'Casa Giulietta', 'Santa Anastasia']",Duomo,"['AMO', 'Museo Miniscalchi', 'Teatro Romano', 'Palazzo della Ragione', 'Museo Conte']",Teatro Romano,strategy_nearest,True,0.0013833045959472656,success
04942F429C4C80,2,['Casa Giulietta'],Castelvecchio,"['Museo Lapidario', 'Verona Tour', 'Arena', 'Museo Radio', 'San Zeno']",Torre Lamberti,strategy_nearest,False,0.0034110546112060547,success
0494404A9C4C80,3,"['Arena', 'Casa Giulietta']",Santa Anastasia,"['AMO', 'Museo Conte', 'Palazzo della Ragione', 'Teatro Romano', 'Centro Fotografia']",Duomo,strategy_nearest,False,0.0027179718017578125,success
0494523A9C4C80,1,"['Castelvecchio', 'Teatro Romano', 'Casa Giulietta']",Arena,"['Verona Tour', 'Museo Lapidario', 'Museo Radio', 'San Fermo', 'Sighseeing']",Tomba Giulietta,strategy_nearest,False,0.0016472339630126953,success
04946F3A9C4C80,1,"['Teatro Romano', 'Casa Giulietta', 'Torre Lamberti', 'Palazzo della Ragione']",Arena,"['Verona Tour', 'Museo Lapidario', 'Museo Radio', 'San Fermo', 'Sighseeing']",Tomba Giulietta,strategy_nearest,False,0.0020401477813720703,success
04945A3A9C4C80,0,['Torre Lamberti'],Arena,"['Verona Tour', 'Museo Lapidario', 'Museo Radio', 'San Fermo', 'Casa Giulietta']",Castelvecchio,strategy_nearest,False,0.002801179885864258,success
04947A429C4C80,1,"['Arena', 'Casa Giulietta', 'Torre Lamberti']",Palazzo della Ragione,"['AMO', 'Museo Conte', 'Centro Fotografia', 'Sighseeing', 'Santa Anastasia']",Santa Anastasia,strategy_nearest,True,0.002853870391845703,success
04947B3A9C4C80,1,"['Duomo', 'Santa Anastasia']",Arena,"['Verona Tour', 'Museo Lapidario', 'Museo Radio', 'San Fermo', 'Casa Giulietta']",Castelvecchio,strategy_nearest,False,0.0025758743286132812,success
04947A4A9C4C80,3,['Arena'],Torre Lamberti,"['Sighseeing', 'Centro Fotografia', 'Museo Conte', 'Casa Giulietta', 'Palazzo della Ragione']",Santa Anastasia,strategy_nearest,False,0.0019371509552001953,success
04948F4A9C4C80,0,"['Arena', 'Castelvecchio']",Duomo,"['AMO', 'Museo Miniscalchi', 'Santa Anastasia', 'Teatro Romano', 'Palazzo della Ragione']",Teatro Romano,strategy_nearest,True,0.0023763179779052734,success
0494883A9C4C80,0,['Arena'],Castelvecchio,"['Museo Lapidario', 'Verona Tour', 'Museo Radio', 'San Zeno', 'Sighseeing']",Casa Giulietta,strategy_nearest,False,0.0031609535217285156,success
0494934A9C4C80,0,['Arena'],Casa Giulietta,"['Centro Fotografia', 'Sighseeing', 'Torre Lamberti', 'Museo Conte', 'Museo Radio']",Tomba Giulietta,strategy_nearest,False,0.003197908401489258,success
049494429C4C80,1,"['Arena', 'Casa Giulietta']",Palazzo della Ragione,"['AMO', 'Museo Conte', 'Torre Lamberti', 'Centro Fotografia', 'Sighseeing']",Torre Lamberti,strategy_nearest,True,0.0018351078033447266,success
0494A0429C4C80,3,"['Castelvecchio', 'Arena']",Casa Giulietta,"['Centro Fotografia', 'Sighseeing', 'Torre Lamberti', 'Museo Conte', 'Museo Radio']",Santa Anastasia,strategy_nearest,False,0.0033648014068603516,success
04949E4A9C4C80,0,['Arena'],Santa Anastasia,"['AMO', 'Museo Conte', 'Palazzo della Ragione', 'Teatro Romano', 'Centro Fotografia']",Castelvecchio,strategy_nearest,False,0.0026760101318359375,success
0494A34A9C4C80,0,"['Teatro Romano', 'Casa Giulietta']",Duomo,"['AMO', 'Museo Miniscalchi', 'Santa Anastasia', 'Palazzo della Ragione', 'Museo Conte']",Arena,strategy_nearest,False,0.0026810169219970703,success
0494A8429C4C80,3,['Arena'],Santa Anastasia,"['AMO', 'Museo Conte', 'Palazzo della Ragione', 'Teatro Romano', 'Centro Fotografia']",San Fermo,strategy_nearest,False,0.003339052200317383,success
0494AD3A9C4C80,0,['Arena'],Casa Giulietta,"['Centro Fotografia', 'Sighseeing', 'Torre Lamberti', 'Museo Conte', 'Museo Radio']",Castelvecchio,strategy_nearest,False,0.0017819404602050781,success
0494AD429C4C80,0,['Castelvecchio'],Arena,"['Verona Tour', 'Museo Lapidario', 'Museo Radio', 'San Fermo', 'Casa Giulietta']",Casa Giulietta,strategy_nearest,True,0.0027151107788085938,success
0494AF4A9C4C80,0,"['Arena', 'Museo Lapidario']",Castelvecchio,"['Verona Tour', 'Museo Radio', 'San Zeno', 'Sighseeing', 'Museo Miniscalchi']",Teatro Romano,strategy_nearest,False,0.002705097198486328,success
0494B23A9C4C80,0,['Arena'],Casa Giulietta,"['Centro Fotografia', 'Sighseeing', 'Torre Lamberti', 'Museo Conte', 'Museo Radio']",Santa Anastasia,strategy_nearest,False,0.0022988319396972656,success
0494B14A9C4C80,0,['Arena'],Casa Giulietta,"['Centro Fotografia', 'Sighseeing', 'Torre Lamberti', 'Museo Conte', 'Museo Radio']",Torre Lamberti,strategy_nearest,True,0.0038242340087890625,success
0494B6429C4C80,3,"['Arena', 'Casa Giulietta']",Torre Lamberti,"['Sighseeing', 'Centro Fotografia', 'Museo Conte', 'Palazzo della Ragione', 'AMO']",Teatro Romano,strategy_nearest,False,0.0035011768341064453,success
0494B94A9C4C80,3,"['Teatro Romano', 'Duomo']",Torre Lamberti,"['Sighseeing', 'Centro Fotografia', 'Museo Conte', 'Casa Giulietta', 'Palazzo della Ragione']",Arena,strategy_nearest,False,0.0021729469299316406,success
0494BD4A9C4C80,0,['Arena'],Casa Giulietta,"['Centro Fotografia', 'Sighseeing', 'Torre Lamberti', 'Museo Conte', 'Museo Radio']",Tomba Giulietta,strategy_nearest,False,0.0032482147216796875,success
0494B24A9C4C80,1,"['Arena', 'Palazzo della Ragione']",Torre Lamberti,"['Sighseeing', 'Centro Fotografia', 'Museo Conte', 'Casa Giulietta', 'AMO']",Casa Giulietta,strategy_nearest,True,0.002649068832397461,success
0494C44A9C4C80,3,"['Castelvecchio', 'Arena']",Casa Giulietta,"['Centro Fotografia', 'Sighseeing', 'Torre Lamberti', 'Museo Conte', 'Museo Radio']",Santa Anastasia,strategy_nearest,False,0.002145051956176758,success
0494C64A9C4C80,0,['Arena'],Torre Lamberti,"['Sighseeing', 'Centro Fotografia', 'Museo Conte', 'Casa Giulietta', 'Palazzo della Ragione']",Casa Giulietta,strategy_nearest,True,0.0027091503143310547,success
0494C84A9C4C80,1,"['Arena', 'Casa Giulietta']",Palazzo della Ragione,"['AMO', 'Museo Conte', 'Torre Lamberti', 'Centro Fotografia', 'Sighseeing']",Torre Lamberti,strategy_nearest,True,0.001355886459350586,success
0494C34A9C4C80,1,"['Arena', 'Torre Lamberti']",Palazzo della Ragione,"['AMO', 'Museo Conte', 'Centro Fotografia', 'Sighseeing', 'Santa Anastasia']",Santa Anastasia,strategy_nearest,True,0.0033769607543945312,success
0494D14A9C4C80,0,['Arena'],Casa Giulietta,"['Centro Fotografia', 'Sighseeing', 'Torre Lamberti', 'Museo Conte', 'Museo Radio']",Torre Lamberti,strategy_nearest,True,0.0014700889587402344,success
0494D04A9C4C80,3,['Arena'],Casa Giulietta,"['Centro Fotografia', 'Sighseeing', 'Torre Lamberti', 'Museo Conte', 'Museo Radio']",Torre Lamberti,strategy_nearest,True,0.002206087112426758,success
0494CD429C4C80,0,['Castelvecchio'],Arena,"['Verona Tour', 'Museo Lapidario', 'Museo Radio', 'San Fermo', 'Casa Giulietta']",Casa Giulietta,strategy_nearest,True,0.003625154495239258,success
0494CE4A9C4C80,0,['Arena'],Castelvecchio,"['Museo Lapidario', 'Verona Tour', 'Museo Radio', 'San Zeno', 'Sighseeing']",Casa Giulietta,strategy_nearest,False,0.0028929710388183594,success
0494D53A9C4C80,2,"['Casa Giulietta', 'Torre Lamberti']",Santa Anastasia,"['AMO', 'Museo Conte', 'Palazzo della Ragione', 'Teatro Romano', 'Centro Fotografia']",Duomo,strategy_nearest,False,0.003283977508544922,success
0494D33A9C4C80,1,"['Arena', 'Castelvecchio', 'San Zeno']",Torre Lamberti,"['Sighseeing', 'Centro Fotografia', 'Museo Conte', 'Casa Giulietta', 'Palazzo della Ragione']",Palazzo della Ragione,strategy_nearest,True,0.002836942672729492,success
0494EB4A9C4C80,2,"['Torre Lamberti', 'Palazzo della Ragione']",Santa Anastasia,"['AMO', 'Museo Conte', 'Teatro Romano', 'Centro Fotografia', 'Duomo']",Duomo,strategy_nearest,True,0.0026009082794189453,success
0494D24A9C4C80,0,['Arena'],Castelvecchio,"['Museo Lapidario', 'Verona Tour', 'Museo Radio', 'San Zeno', 'Sighseeing']",San Zeno,strategy_nearest,True,0.0022928714752197266,success
0494F24A9C4C80,3,"['Arena', 'Castelvecchio']",Torre Lamberti,"['Sighseeing', 'Centro Fotografia', 'Museo Conte', 'Casa Giulietta', 'Palazzo della Ragione']",Santa Anastasia,strategy_nearest,False,0.002218961715698242,success
0494F34A9C4C80,3,"['Casa Giulietta', 'Castelvecchio', 'Arena']",Tomba Giulietta,"['San Fermo', 'Museo Storia', 'Museo Lapidario', 'Museo Radio', 'Verona Tour']",San Fermo,strategy_nearest,True,0.0014119148254394531,success
0494EE4A9C4C80,0,['Arena'],Casa Giulietta,"['Centro Fotografia', 'Sighseeing', 'Torre Lamberti', 'Museo Conte', 'Museo Radio']",Museo Lapidario,strategy_nearest,False,0.0029010772705078125,success
0494F3429C4C80,0,"['Museo Lapidario', 'Castelvecchio']",Arena,"['Verona Tour', 'Museo Radio', 'San Fermo', 'Casa Giulietta', 'Sighseeing']",Duomo,strategy_nearest,False,0.0034427642822265625,success
0494FD429C4C80,1,"['Arena', 'Castelvecchio', 'San Zeno']",Casa Giulietta,"['Centro Fotografia', 'Sighseeing', 'Torre Lamberti', 'Museo Conte', 'Museo Radio']",Teatro Romano,strategy_nearest,False,0.0021479129791259766,success
0495023A9C4C84,1,"['Casa Giulietta', 'Arena']",Palazzo della Ragione,"['AMO', 'Museo Conte', 'Torre Lamberti', 'Centro Fotografia', 'Sighseeing']",Santa Anastasia,strategy_nearest,False,0.003183126449584961,success
0494F84A9C4C80,1,"['Arena', 'Museo Lapidario', 'Castelvecchio']",Casa Giulietta,"['Centro Fotografia', 'Sighseeing', 'Torre Lamberti', 'Museo Conte', 'Museo Radio']",Torre Lamberti,strategy_nearest,True,0.002701997756958008,success
0495014A9C4C84,3,"['Arena', 'San Zeno']",Torre Lamberti,"['Sighseeing', 'Centro Fotografia', 'Museo Conte', 'Casa Giulietta', 'Palazzo della Ragione']",Santa Anastasia,strategy_nearest,False,0.002674102783203125,success
0495034A9C4C84,3,"['Castelvecchio', 'Arena']",Casa Giulietta,"['Centro Fotografia', 'Sighseeing', 'Torre Lamberti', 'Museo Conte', 'Museo Radio']",Santa Anastasia,strategy_nearest,False,0.0020563602447509766,success
04950D429C4C84,3,"['Arena', 'Casa Giulietta', 'Torre Lamberti']",Santa Anastasia,"['AMO', 'Museo Conte', 'Palazzo della Ragione', 'Teatro Romano', 'Centro Fotografia']",Teatro Romano,strategy_nearest,True,0.002758026123046875,success
0495064A9C4C84,3,"['Arena', 'Teatro Romano']",Santa Anastasia,"['AMO', 'Museo Conte', 'Palazzo della Ragione', 'Centro Fotografia', 'Duomo']",Duomo,strategy_nearest,True,0.0021538734436035156,success
04950D4A9C4C84,0,['Arena'],Castelvecchio,"['Museo Lapidario', 'Verona Tour', 'Museo Radio', 'San Zeno', 'Sighseeing']",Casa Giulietta,strategy_nearest,False,0.003172159194946289,success
04950E4A9C4C80,2,"['Museo Lapidario', 'Casa Giulietta', 'Torre Lamberti']",Palazzo della Ragione,"['AMO', 'Museo Conte', 'Centro Fotografia', 'Sighseeing', 'Santa Anastasia']",Teatro Romano,strategy_nearest,False,0.002286672592163086,success
049512429C4C84,2,"['Tomba Giulietta', 'Castelvecchio']",Casa Giulietta,"['Centro Fotografia', 'Sighseeing', 'Torre Lamberti', 'Museo Conte', 'Museo Radio']",Museo Lapidario,strategy_nearest,False,0.0014760494232177734,success
0495134A9C4C80,3,"['Arena', 'Museo Lapidario', 'San Fermo', 'Casa Giulietta']",Santa Anastasia,"['AMO', 'Museo Conte', 'Palazzo della Ragione', 'Teatro Romano', 'Centro Fotografia']",Torre Lamberti,strategy_nearest,False,0.0032601356506347656,success
0495104A9C4C84,0,['Arena'],Casa Giulietta,"['Centro Fotografia', 'Sighseeing', 'Torre Lamberti', 'Museo Conte', 'Museo Radio']",Torre Lamberti,strategy_nearest,True,0.0028519630432128906,success
0495163A9C4C80,0,['Arena'],Casa Giulietta,"['Centro Fotografia', 'Sighseeing', 'Torre Lamberti', 'Museo Conte', 'Museo Radio']",Tomba Giulietta,strategy_nearest,False,0.0020809173583984375,success
049518429C4C84,0,['Teatro Romano'],Torre Lamberti,"['Sighseeing', 'Centro Fotografia', 'Museo Conte', 'Casa Giulietta', 'Palazzo della Ragione']",Casa Giulietta,strategy_nearest,True,0.001300811767578125,success
0495144A9C4C80,0,['Casa Giulietta'],Torre Lamberti,"['Sighseeing', 'Centro Fotografia', 'Museo Conte', 'Palazzo della Ragione', 'AMO']",Arena,strategy_nearest,False,0.0033407211303710938,success
0495224A9C4C80,1,"['Duomo', 'Arena']",Castelvecchio,"['Museo Lapidario', 'Verona Tour', 'Museo Radio', 'San Zeno', 'Sighseeing']",Santa Anastasia,strategy_nearest,False,0.0032579898834228516,success
04952C3A9C4C80,3,"['Arena', 'Casa Giulietta']",Torre Lamberti,"['Sighseeing', 'Centro Fotografia', 'Museo Conte', 'Palazzo della Ragione', 'AMO']",Santa Anastasia,strategy_nearest,False,0.003960132598876953,success
049528429C4C80,0,"['Arena', 'Torre Lamberti']",Casa Giulietta,"['Centro Fotografia', 'Sighseeing', 'Museo Conte', 'Museo Radio', 'Palazzo della Ragione']",Castelvecchio,strategy_nearest,False,0.0027921199798583984,success
04952C429C4C80,1,"['Arena', 'Torre Lamberti']",Palazzo della Ragione,"['AMO', 'Museo Conte', 'Centro Fotografia', 'Sighseeing', 'Santa Anastasia']",Santa Anastasia,strategy_nearest,True,0.002637147903442383,success
0495243A9C4C84,0,['Arena'],Casa Giulietta,"['Centro Fotografia', 'Sighseeing', 'Torre Lamberti', 'Museo Conte', 'Museo Radio']",Santa Anastasia,strategy_nearest,False,0.0022330284118652344,success
049550429C4C80,3,"['Arena', 'Casa Giulietta']",Torre Lamberti,"['Sighseeing', 'Centro Fotografia', 'Museo Conte', 'Palazzo della Ragione', 'AMO']",Santa Anastasia,strategy_nearest,False,0.0020139217376708984,success
04954F429C4C80,3,['Castelvecchio'],Santa Anastasia,"['AMO', 'Museo Conte', 'Palazzo della Ragione', 'Teatro Romano', 'Centro Fotografia']",Arena,strategy_nearest,False,0.0015728473663330078,success
0495483A9C4C80,1,"['Arena', 'Casa Giulietta', 'Palazzo della Ragione']",Santa Anastasia,"['AMO', 'Museo Conte', 'Teatro Romano', 'Centro Fotografia', 'Duomo']",Duomo,strategy_nearest,True,0.002819061279296875,success
04953A429C4C80,1,"['Castelvecchio', 'Arena']",Casa Giulietta,"['Centro Fotografia', 'Sighseeing', 'Torre Lamberti', 'Museo Conte', 'Museo Radio']",Palazzo della Ragione,strategy_nearest,False,0.0035409927368164062,success
0495754A9C4C80,3,"['Arena', 'Casa Giulietta']",Santa Anastasia,"['AMO', 'Museo Conte', 'Palazzo della Ragione', 'Teatro Romano', 'Centro Fotografia']",Duomo,strategy_nearest,False,0.003961801528930664,success
04958F4A9C4C80,3,"['Arena', 'San Fermo', 'Casa Giulietta']",Santa Anastasia,"['AMO', 'Museo Conte', 'Palazzo della Ragione', 'Teatro Romano', 'Centro Fotografia']",Teatro Romano,strategy_nearest,True,0.002020120620727539,success
0495514A9C4C80,3,"['Arena', 'San Fermo']",Casa Giulietta,"['Centro Fotografia', 'Sighseeing', 'Torre Lamberti', 'Museo Conte', 'Museo Radio']",Torre Lamberti,strategy_nearest,True,0.003406047821044922,success
04958C4A9C4C80,3,['Arena'],Torre Lamberti,"['Sighseeing', 'Centro Fotografia', 'Museo Conte', 'Casa Giulietta', 'Palazzo della Ragione']",Santa Anastasia,strategy_nearest,False,0.0015299320220947266,success
049594429C4C80,2,['Castelvecchio'],Casa Giulietta,"['Centro Fotografia', 'Sighseeing', 'Torre Lamberti', 'Museo Conte', 'Museo Radio']",Torre Lamberti,strategy_nearest,True,0.0015039443969726562,success
0495A8429C4C80,1,"['Casa Giulietta', 'Torre Lamberti']",Palazzo della Ragione,"['AMO', 'Museo Conte', 'Centro Fotografia', 'Sighseeing', 'Santa Anastasia']",Teatro Romano,strategy_nearest,False,0.0027878284454345703,success
04959E429C4C80,4,"['Arena', 'Museo Lapidario', 'Tomba Giulietta', 'Museo Radio']",San Fermo,"['Museo Storia', 'Casa Giulietta', 'Centro Fotografia', 'Sighseeing', 'Torre Lamberti']",Giardino Giusti,strategy_nearest,False,0.0022220611572265625,success
0495B04A9C4C80,1,['Torre Lamberti'],Palazzo della Ragione,"['AMO', 'Museo Conte', 'Centro Fotografia', 'Sighseeing', 'Santa Anastasia']",Duomo,strategy_nearest,False,0.0022139549255371094,success
0495AD4A9C4C80,3,"['San Zeno', 'Castelvecchio', 'Arena']",Casa Giulietta,"['Centro Fotografia', 'Sighseeing', 'Torre Lamberti', 'Museo Conte', 'Museo Radio']",Torre Lamberti,strategy_nearest,True,0.0033850669860839844,success
0495BA4A9C4C80,0,"['Castelvecchio', 'Arena']",Torre Lamberti,"['Sighseeing', 'Centro Fotografia', 'Museo Conte', 'Casa Giulietta', 'Palazzo della Ragione']",Teatro Romano,strategy_nearest,False,0.003099203109741211,success
0495B1429C4C80,0,['Arena'],Casa Giulietta,"['Centro Fotografia', 'Sighseeing', 'Torre Lamberti', 'Museo Conte', 'Museo Radio']",Torre Lamberti,strategy_nearest,True,0.0034182071685791016,success
0495B33A9C4C80,3,['Arena'],Casa Giulietta,"['Centro Fotografia', 'Sighseeing', 'Torre Lamberti', 'Museo Conte', 'Museo Radio']",Santa Anastasia,strategy_nearest,False,0.0026013851165771484,success
0495B83A9C4C80,0,['Arena'],Casa Giulietta,"['Centro Fotografia', 'Sighseeing', 'Torre Lamberti', 'Museo Conte', 'Museo Radio']",San Fermo,strategy_nearest,False,0.002537965774536133,success
0495BD4A9C4C80,0,['Arena'],Casa Giulietta,"['Centro Fotografia', 'Sighseeing', 'Torre Lamberti', 'Museo Conte', 'Museo Radio']",Torre Lamberti,strategy_nearest,True,0.0023920536041259766,success
0495BE4A9C4C80,0,['Arena'],Castelvecchio,"['Museo Lapidario', 'Verona Tour', 'Museo Radio', 'San Zeno', 'Sighseeing']",Casa Giulietta,strategy_nearest,False,0.0036058425903320312,success
0495C04A9C4C80,0,['Arena'],Casa Giulietta,"['Centro Fotografia', 'Sighseeing', 'Torre Lamberti', 'Museo Conte', 'Museo Radio']",Teatro Romano,strategy_nearest,False,0.0029387474060058594,success
0495C74A9C4C80,2,"['Casa Giulietta', 'Santa Anastasia']",Torre Lamberti,"['Sighseeing', 'Centro Fotografia', 'Museo Conte', 'Palazzo della Ragione', 'AMO']",Palazzo della Ragione,strategy_nearest,True,0.001644134521484375,success
0495CE4A9C4C80,3,"['Castelvecchio', 'San Zeno']",Santa Anastasia,"['AMO', 'Museo Conte', 'Palazzo della Ragione', 'Teatro Romano', 'Centro Fotografia']",Casa Giulietta,strategy_nearest,False,0.002026081085205078,success
0495CC3A9C4C80,3,"['Duomo', 'San Fermo', 'Casa Giulietta']",Torre Lamberti,"['Sighseeing', 'Centro Fotografia', 'Museo Conte', 'Palazzo della Ragione', 'AMO']",Castelvecchio,strategy_nearest,False,0.0028569698333740234,success
0495C84A9C4C80,3,"['Arena', 'Torre Lamberti']",Casa Giulietta,"['Centro Fotografia', 'Sighseeing', 'Museo Conte', 'Museo Radio', 'Palazzo della Ragione']",Teatro Romano,strategy_nearest,False,0.004072904586791992,success
0495CD4A9C4C80,1,"['Arena', 'San Fermo']",Casa Giulietta,"['Centro Fotografia', 'Sighseeing', 'Torre Lamberti', 'Museo Conte', 'Museo Radio']",Torre Lamberti,strategy_nearest,True,0.001569986343383789,success
0495D03A9C4C80,0,['Arena'],Casa Giulietta,"['Centro Fotografia', 'Sighseeing', 'Torre Lamberti', 'Museo Conte', 'Museo Radio']",Santa Anastasia,strategy_nearest,False,0.0029799938201904297,success
0495EE4A9C4C80,0,['Arena'],Casa Giulietta,"['Centro Fotografia', 'Sighseeing', 'Torre Lamberti', 'Museo Conte', 'Museo Radio']",Santa Anastasia,strategy_nearest,False,0.002233266830444336,success
0495E73A9C4C80,0,['Arena'],Torre Lamberti,"['Sighseeing', 'Centro Fotografia', 'Museo Conte', 'Casa Giulietta', 'Palazzo della Ragione']",Teatro Romano,strategy_nearest,False,0.003671884536743164,success
0495D04A9C4C80,0,['Arena'],Castelvecchio,"['Museo Lapidario', 'Verona Tour', 'Museo Radio', 'San Zeno', 'Sighseeing']",Casa Giulietta,strategy_nearest,False,0.002936124801635742,success
0495FA429C4C80,3,"['Teatro Romano', 'Duomo', 'San Zeno', 'Castelvecchio']",Santa Anastasia,"['AMO', 'Museo Conte', 'Palazzo della Ragione', 'Centro Fotografia', 'Torre Lamberti']",Torre Lamberti,strategy_nearest,True,0.0023927688598632812,success
0496003A9C4C84,0,['Arena'],Casa Giulietta,"['Centro Fotografia', 'Sighseeing', 'Torre Lamberti', 'Museo Conte', 'Museo Radio']",Torre Lamberti,strategy_nearest,True,0.002468109130859375,success
0495F13A9C4C80,1,"['Arena', 'Casa Giulietta']",Palazzo della Ragione,"['AMO', 'Museo Conte', 'Torre Lamberti', 'Centro Fotografia', 'Sighseeing']",Santa Anastasia,strategy_nearest,False,0.0018548965454101562,success
0496023A9C4C84,0,['Casa Giulietta'],Arena,"['Verona Tour', 'Museo Lapidario', 'Museo Radio', 'San Fermo', 'Sighseeing']",Castelvecchio,strategy_nearest,False,0.0034630298614501953,success
0496044A9C4C84,0,['Arena'],Castelvecchio,"['Museo Lapidario', 'Verona Tour', 'Museo Radio', 'San Zeno', 'Sighseeing']",Casa Giulietta,strategy_nearest,False,0.0027379989624023438,success
0496064A9C4C84,3,['Arena'],Casa Giulietta,"['Centro Fotografia', 'Sighseeing', 'Torre Lamberti', 'Museo Conte', 'Museo Radio']",Santa Anastasia,strategy_nearest,False,0.002470254898071289,success
0496094A9C4C84,1,"['Teatro Romano', 'Santa Anastasia']",Palazzo della Ragione,"['AMO', 'Museo Conte', 'Torre Lamberti', 'Centro Fotografia', 'Sighseeing']",Casa Giulietta,strategy_nearest,False,0.0024330615997314453,success
04960F4A9C4C84,0,['Castelvecchio'],Torre Lamberti,"['Sighseeing', 'Centro Fotografia', 'Museo Conte', 'Casa Giulietta', 'Palazzo della Ragione']",Casa Giulietta,strategy_nearest,True,0.0021238327026367188,success
0496104A9C4C80,3,"['Arena', 'Castelvecchio']",Santa Anastasia,"['AMO', 'Museo Conte', 'Palazzo della Ragione', 'Teatro Romano', 'Centro Fotografia']",Duomo,strategy_nearest,False,0.003473043441772461,success
04960C429C4C84,1,"['Arena', 'Casa Giulietta', 'Castelvecchio']",Duomo,"['AMO', 'Museo Miniscalchi', 'Santa Anastasia', 'Teatro Romano', 'Palazzo della Ragione']",Torre Lamberti,strategy_nearest,False,0.0029380321502685547,success
049614429C4C84,2,['Castelvecchio'],Casa Giulietta,"['Centro Fotografia', 'Sighseeing', 'Torre Lamberti', 'Museo Conte', 'Museo Radio']",Teatro Romano,strategy_nearest,False,0.002688884735107422,success
04961C3A9C4C84,0,"['Arena', 'Casa Giulietta']",Torre Lamberti,"['Sighseeing', 'Centro Fotografia', 'Museo Conte', 'Palazzo della Ragione', 'AMO']",Castelvecchio,strategy_nearest,False,0.0027718544006347656,success
0496154A9C4C80,1,"['Arena', 'Santa Anastasia', 'Casa Giulietta', 'Duomo']",Castelvecchio,"['Museo Lapidario', 'Verona Tour', 'Museo Radio', 'San Zeno', 'Sighseeing']",San Zeno,strategy_nearest,True,0.0028429031372070312,success
0496243A9C4C84,0,['Castelvecchio'],Duomo,"['AMO', 'Museo Miniscalchi', 'Santa Anastasia', 'Teatro Romano', 'Palazzo della Ragione']",Arena,strategy_nearest,False,0.0031752586364746094,success
049622429C4C84,2,"['Casa Giulietta', 'Palazzo della Ragione']",Torre Lamberti,"['Sighseeing', 'Centro Fotografia', 'Museo Conte', 'AMO', 'Museo Miniscalchi']",Santa Anastasia,strategy_nearest,False,0.0016109943389892578,success
049636429C4C80,1,"['Arena', 'Castelvecchio', 'San Zeno']",Torre Lamberti,"['Sighseeing', 'Centro Fotografia', 'Museo Conte', 'Casa Giulietta', 'Palazzo della Ragione']",Palazzo della Ragione,strategy_nearest,True,0.003397226333618164,success
0496483A9C4C80,1,"['Castelvecchio', 'Casa Giulietta', 'Palazzo della Ragione', 'Torre Lamberti']",Tomba Giulietta,"['San Fermo', 'Museo Storia', 'Arena', 'Museo Lapidario', 'Museo Radio']",Arena,strategy_nearest,True,0.0020449161529541016,success
04962E429C4C80,2,['Duomo'],San Fermo,"['Museo Storia', 'Museo Radio', 'Casa Giulietta', 'Centro Fotografia', 'Arena']",Castelvecchio,strategy_nearest,False,0.0022852420806884766,success
0496313A9C4C80,0,"['Casa Giulietta', 'Arena']",Castelvecchio,"['Museo Lapidario', 'Verona Tour', 'Museo Radio', 'San Zeno', 'Sighseeing']",Teatro Romano,strategy_nearest,False,0.002843141555786133,success
049679429C4C80,2,"['Tomba Giulietta', 'Casa Giulietta', 'Torre Lamberti']",Santa Anastasia,"['AMO', 'Museo Conte', 'Palazzo della Ragione', 'Teatro Romano', 'Centro Fotografia']",Duomo,strategy_nearest,False,0.0021369457244873047,success
0496533A9C4C80,0,['Casa Giulietta'],Tomba Giulietta,"['San Fermo', 'Museo Storia', 'Arena', 'Museo Lapidario', 'Museo Radio']",San Zeno,strategy_nearest,False,0.0012531280517578125,success
0496803A9C4C80,0,['San Zeno'],Arena,"['Verona Tour', 'Museo Lapidario', 'Museo Radio', 'San Fermo', 'Casa Giulietta']",Casa Giulietta,strategy_nearest,True,0.003278970718383789,success
0496944A9C4C80,2,"['Castelvecchio', 'Casa Giulietta']",Santa Anastasia,"['AMO', 'Museo Conte', 'Palazzo della Ragione', 'Teatro Romano', 'Centro Fotografia']",Teatro Romano,strategy_nearest,True,0.0026569366455078125,success
04969A429C4C80,1,"['Casa Giulietta', 'Arena']",Teatro Romano,"['Santa Anastasia', 'Duomo', 'AMO', 'Palazzo della Ragione', 'Museo Conte']",Duomo,strategy_nearest,True,0.0033750534057617188,success
0496964A9C4C80,0,['Casa Giulietta'],Arena,"['Verona Tour', 'Museo Lapidario', 'Museo Radio', 'San Fermo', 'Sighseeing']",Tomba Giulietta,strategy_nearest,False,0.0016200542449951172,success
04969D429C4C80,0,"['Arena', 'Casa Giulietta']",Torre Lamberti,"['Sighseeing', 'Centro Fotografia', 'Museo Conte', 'Palazzo della Ragione', 'AMO']",Teatro Romano,strategy_nearest,False,0.0027408599853515625,success
049696429C4C80,0,['Casa Giulietta'],Torre Lamberti,"['Sighseeing', 'Centro Fotografia', 'Museo Conte', 'Palazzo della Ragione', 'AMO']",Arena,strategy_nearest,False,0.0034449100494384766,success
0496AF4A9C4C80,0,['Casa Giulietta'],Torre Lamberti,"['Sighseeing', 'Centro Fotografia', 'Museo Conte', 'Palazzo della Ragione', 'AMO']",Arena,strategy_nearest,False,0.002039194107055664,success
04969F4A9C4C80,0,['Castelvecchio'],Arena,"['Verona Tour', 'Museo Lapidario', 'Museo Radio', 'San Fermo', 'Casa Giulietta']",Torre Lamberti,strategy_nearest,False,0.0014829635620117188,success
0496B34A9C4C80,0,"['Teatro Romano', 'Castelvecchio']",Arena,"['Verona Tour', 'Museo Lapidario', 'Museo Radio', 'San Fermo', 'Casa Giulietta']",Casa Giulietta,strategy_nearest,True,0.003309011459350586,success
0496A4429C4C80,0,['Arena'],Castelvecchio,"['Museo Lapidario', 'Verona Tour', 'Museo Radio', 'San Zeno', 'Sighseeing']",Casa Giulietta,strategy_nearest,False,0.0028820037841796875,success
0496B74A9C4C80,2,['Tomba Giulietta'],Casa Giulietta,"['Centro Fotografia', 'Sighseeing', 'Torre Lamberti', 'Museo Conte', 'Museo Radio']",Santa Anastasia,strategy_nearest,False,0.0026009082794189453,success
0496B6429C4C80,3,['Arena'],Casa Giulietta,"['Centro Fotografia', 'Sighseeing', 'Torre Lamberti', 'Museo Conte', 'Museo Radio']",Santa Anastasia,strategy_nearest,False,0.002683877944946289,success
0496B84A9C4C80,0,['Arena'],Casa Giulietta,"['Centro Fotografia', 'Sighseeing', 'Torre Lamberti', 'Museo Conte', 'Museo Radio']",Teatro Romano,strategy_nearest,False,0.0026748180389404297,success
0496BD4A9C4C80,0,['Arena'],Castelvecchio,"['Museo Lapidario', 'Verona Tour', 'Museo Radio', 'San Zeno', 'Sighseeing']",Casa Giulietta,strategy_nearest,False,0.003270864486694336,success
0496C74A9C4C80,0,['Arena'],Casa Giulietta,"['Centro Fotografia', 'Sighseeing', 'Torre Lamberti', 'Museo Conte', 'Museo Radio']",Santa Anastasia,strategy_nearest,False,0.004064083099365234,success
0496CA4A9C4C80,1,['Arena'],Palazzo della Ragione,"['AMO', 'Museo Conte', 'Torre Lamberti', 'Centro Fotografia', 'Sighseeing']",Torre Lamberti,strategy_nearest,True,0.0032439231872558594,success
0496C94A9C4C80,2,['Casa Giulietta'],Torre Lamberti,"['Sighseeing', 'Centro Fotografia', 'Museo Conte', 'Palazzo della Ragione', 'AMO']",Tomba Giulietta,strategy_nearest,False,0.002111196517944336,success
0496C84A9C4C80,0,['Arena'],Museo Lapidario,"['Verona Tour', 'Castelvecchio', 'Museo Radio', 'San Fermo', 'Casa Giulietta']",Castelvecchio,strategy_nearest,True,0.002270221710205078,success
0496CE4A9C4C80,1,"['Arena', 'Casa Giulietta', 'Torre Lamberti']",Palazzo della Ragione,"['AMO', 'Museo Conte', 'Centro Fotografia', 'Sighseeing', 'Santa Anastasia']",Santa Anastasia,strategy_nearest,True,0.002652883529663086,success
0496D9429C4C80,1,"['Arena', 'Santa Anastasia', 'Duomo', 'Torre Lamberti']",Palazzo della Ragione,"['AMO', 'Museo Conte', 'Centro Fotografia', 'Sighseeing', 'Museo Miniscalchi']",Casa Giulietta,strategy_nearest,False,0.0013880729675292969,success
0496CD4A9C4C80,3,['Arena'],San Fermo,"['Museo Storia', 'Museo Radio', 'Casa Giulietta', 'Centro Fotografia', 'Sighseeing']",Torre Lamberti,strategy_nearest,False,0.0034220218658447266,success
0496CC4A9C4C80,3,"['Arena', 'Torre Lamberti']",Santa Anastasia,"['AMO', 'Museo Conte', 'Palazzo della Ragione', 'Teatro Romano', 'Centro Fotografia']",Teatro Romano,strategy_nearest,True,0.002164125442504883,success
0496E0429C4C80,0,['Arena'],Casa Giulietta,"['Centro Fotografia', 'Sighseeing', 'Torre Lamberti', 'Museo Conte', 'Museo Radio']",Castelvecchio,strategy_nearest,False,0.0020139217376708984,success
0496DD429C4C80,3,"['Museo Lapidario', 'Arena', 'Castelvecchio']",Teatro Romano,"['Santa Anastasia', 'Duomo', 'AMO', 'Palazzo della Ragione', 'Museo Conte']",Casa Giulietta,strategy_nearest,False,0.0034110546112060547,success
0496F44A9C4C80,0,['Arena'],Casa Giulietta,"['Centro Fotografia', 'Sighseeing', 'Torre Lamberti', 'Museo Conte', 'Museo Radio']",Torre Lamberti,strategy_nearest,True,0.0033278465270996094,success
0496E33A9C4C80,3,"['Santa Anastasia', 'Castelvecchio']",Arena,"['Verona Tour', 'Museo Lapidario', 'Museo Radio', 'San Fermo', 'Casa Giulietta']",San Zeno,strategy_nearest,False,0.0020439624786376953,success
0497024A9C4C84,3,['Arena'],Casa Giulietta,"['Centro Fotografia', 'Sighseeing', 'Torre Lamberti', 'Museo Conte', 'Museo Radio']",Torre Lamberti,strategy_nearest,True,0.00267791748046875,success
0497044A9C4C84,3,['Santa Anastasia'],Torre Lamberti,"['Sighseeing', 'Centro Fotografia', 'Museo Conte', 'Casa Giulietta', 'Palazzo della Ragione']",Arena,strategy_nearest,False,0.0034689903259277344,success
0497064A9C4C80,0,"['Arena', 'Castelvecchio']",Tomba Giulietta,"['San Fermo', 'Museo Storia', 'Museo Lapidario', 'Museo Radio', 'Verona Tour']",Casa Giulietta,strategy_nearest,False,0.0013709068298339844,success
0497094A9C4C80,0,"['Museo Lapidario', 'Castelvecchio']",Arena,"['Verona Tour', 'Museo Radio', 'San Fermo', 'Casa Giulietta', 'Sighseeing']",Casa Giulietta,strategy_nearest,True,0.0033588409423828125,success
04970B429C4C84,1,"['Arena', 'Casa Giulietta']",Torre Lamberti,"['Sighseeing', 'Centro Fotografia', 'Museo Conte', 'Palazzo della Ragione', 'AMO']",Palazzo della Ragione,strategy_nearest,True,0.002145051956176758,success
049711429C4C84,1,['Castelvecchio'],Arena,"['Verona Tour', 'Museo Lapidario', 'Museo Radio', 'San Fermo', 'Casa Giulietta']",Torre Lamberti,strategy_nearest,False,0.003365755081176758,success
04970D4A9C4C84,1,"['Arena', 'Casa Giulietta']",Torre Lamberti,"['Sighseeing', 'Centro Fotografia', 'Museo Conte', 'Palazzo della Ragione', 'AMO']",Palazzo della Ragione,strategy_nearest,True,0.003314971923828125,success
0497114A9C4C84,3,"['Arena', 'Tomba Giulietta']",Casa Giulietta,"['Centro Fotografia', 'Sighseeing', 'Torre Lamberti', 'Museo Conte', 'Museo Radio']",Santa Anastasia,strategy_nearest,False,0.002441883087158203,success
0497094A9C4C84,0,['Arena'],Museo Lapidario,"['Verona Tour', 'Castelvecchio', 'Museo Radio', 'San Fermo', 'Casa Giulietta']",Castelvecchio,strategy_nearest,True,0.003428936004638672,success
0497153A9C4C80,3,['Arena'],Casa Giulietta,"['Centro Fotografia', 'Sighseeing', 'Torre Lamberti', 'Museo Conte', 'Museo Radio']",Santa Anastasia,strategy_nearest,False,0.0026149749755859375,success
049713429C4C84,0,['Arena'],Torre Lamberti,"['Sighseeing', 'Centro Fotografia', 'Museo Conte', 'Casa Giulietta', 'Palazzo della Ragione']",Casa Giulietta,strategy_nearest,True,0.0020160675048828125,success
04971A3A9C4C80,0,['Arena'],Casa Giulietta,"['Centro Fotografia', 'Sighseeing', 'Torre Lamberti', 'Museo Conte', 'Museo Radio']",San Fermo,strategy_nearest,False,0.0024459362030029297,success
04971E3A9C4C80,0,['San Zeno'],Casa Giulietta,"['Centro Fotografia', 'Sighseeing', 'Torre Lamberti', 'Museo Conte', 'Museo Radio']",Arena,strategy_nearest,False,0.0031921863555908203,success
049720429C4C84,1,"['Arena', 'Castelvecchio']",Casa Giulietta,"['Centro Fotografia', 'Sighseeing', 'Torre Lamberti', 'Museo Conte', 'Museo Radio']",Palazzo della Ragione,strategy_nearest,False,0.002317190170288086,success
049721429C4C84,0,"['Castelvecchio', 'Arena']",Tomba Giulietta,"['San Fermo', 'Museo Storia', 'Museo Lapidario', 'Museo Radio', 'Verona Tour']",Teatro Romano,strategy_nearest,False,0.0032448768615722656,success
04972B429C4C80,0,"['Casa Giulietta', 'Arena']",Tomba Giulietta,"['San Fermo', 'Museo Storia', 'Museo Lapidario', 'Museo Radio', 'Verona Tour']",Castelvecchio,strategy_nearest,False,0.002052783966064453,success
049726429C4C84,1,"['Castelvecchio', 'Duomo']",Torre Lamberti,"['Sighseeing', 'Centro Fotografia', 'Museo Conte', 'Casa Giulietta', 'Palazzo della Ragione']",Palazzo della Ragione,strategy_nearest,True,0.002780914306640625,success
0497253A9C4C80,1,"['Arena', 'Torre Lamberti', 'Palazzo della Ragione', 'Casa Giulietta']",San Fermo,"['Museo Storia', 'Museo Radio', 'Centro Fotografia', 'Sighseeing', 'Museo Conte']",Teatro Romano,strategy_nearest,False,0.0046100616455078125,success
04973F4A9C4C80,3,"['Arena', 'Casa Giulietta', 'Torre Lamberti', 'Santa Anastasia']",Teatro Romano,"['Duomo', 'AMO', 'Palazzo della Ragione', 'Museo Conte', 'Centro Fotografia']",Duomo,strategy_nearest,True,0.0020020008087158203,success
049730429C4C80,0,"['Teatro Romano', 'Arena']",San Fermo,"['Museo Storia', 'Museo Radio', 'Casa Giulietta', 'Centro Fotografia', 'Sighseeing']",Tomba Giulietta,strategy_nearest,False,0.0025031566619873047,success
0497414A9C4C80,3,['Castelvecchio'],Arena,"['Verona Tour', 'Museo Lapidario', 'Museo Radio', 'San Fermo', 'Casa Giulietta']",Torre Lamberti,strategy_nearest,False,0.0027761459350585938,success
0497454A9C4C80,1,"['Museo Lapidario', 'Castelvecchio']",Torre Lamberti,"['Sighseeing', 'Centro Fotografia', 'Museo Conte', 'Casa Giulietta', 'Palazzo della Ragione']",Palazzo della Ragione,strategy_nearest,True,0.0034558773040771484,success
0497493A9C4C80,3,"['Santa Anastasia', 'Casa Giulietta', 'Arena']",Duomo,"['AMO', 'Museo Miniscalchi', 'Teatro Romano', 'Palazzo della Ragione', 'Museo Conte']",San Fermo,strategy_nearest,False,0.0026481151580810547,success
04974D4A9C4C80,3,"['Arena', 'Casa Giulietta']",Teatro Romano,"['Santa Anastasia', 'Duomo', 'AMO', 'Palazzo della Ragione', 'Museo Conte']",Santa Anastasia,strategy_nearest,True,0.003422975540161133,success
0497683A9C4C80,3,"['Casa Giulietta', 'Arena', 'Santa Anastasia']",Teatro Romano,"['Duomo', 'AMO', 'Palazzo della Ragione', 'Museo Conte', 'Centro Fotografia']",Duomo,strategy_nearest,True,0.0031299591064453125,success
0497503A9C4C80,3,"['San Zeno', 'Duomo', 'Santa Anastasia']",San Fermo,"['Museo Storia', 'Museo Radio', 'Casa Giulietta', 'Centro Fotografia', 'Arena']",Casa Giulietta,strategy_nearest,True,0.0033669471740722656,success
0497754A9C4C80,2,['San Zeno'],Torre Lamberti,"['Sighseeing', 'Centro Fotografia', 'Museo Conte', 'Casa Giulietta', 'Palazzo della Ragione']",Teatro Romano,strategy_nearest,False,0.0031070709228515625,success
049776429C4C80,0,['Arena'],Casa Giulietta,"['Centro Fotografia', 'Sighseeing', 'Torre Lamberti', 'Museo Conte', 'Museo Radio']",Duomo,strategy_nearest,False,0.0030341148376464844,success
04977D4A9C4C80,2,['Casa Giulietta'],Torre Lamberti,"['Sighseeing', 'Centro Fotografia', 'Museo Conte', 'Palazzo della Ragione', 'AMO']",San Zeno,strategy_nearest,False,0.0025408267974853516,success
0497784A9C4C80,1,['Arena'],Palazzo della Ragione,"['AMO', 'Museo Conte', 'Torre Lamberti', 'Centro Fotografia', 'Sighseeing']",Casa Giulietta,strategy_nearest,False,0.002838134765625,success
04977B429C4C80,1,"['Tomba Giulietta', 'Arena', 'Torre Lamberti', 'Palazzo della Ragione']",Santa Anastasia,"['AMO', 'Museo Conte', 'Teatro Romano', 'Centro Fotografia', 'Duomo']",Duomo,strategy_nearest,True,0.003264904022216797,success
04978B4A9C4C80,1,"['Arena', 'Casa Giulietta', 'Torre Lamberti']",Palazzo della Ragione,"['AMO', 'Museo Conte', 'Centro Fotografia', 'Sighseeing', 'Santa Anastasia']",Santa Anastasia,strategy_nearest,True,0.003332853317260742,success
0497934A9C4C80,3,"['Castelvecchio', 'Santa Anastasia']",Duomo,"['AMO', 'Museo Miniscalchi', 'Teatro Romano', 'Palazzo della Ragione', 'Museo Conte']",Casa Giulietta,strategy_nearest,False,0.003385305404663086,success
0497A63A9C4C80,4,"['Casa Giulietta', 'Torre Lamberti', 'Duomo', 'Teatro Romano']",Castelvecchio,"['Museo Lapidario', 'Verona Tour', 'Arena', 'Museo Radio', 'San Zeno']",Tomba Giulietta,strategy_nearest,False,0.001428842544555664,success
0497A5429C4C80,1,"['Arena', 'Torre Lamberti']",Palazzo della Ragione,"['AMO', 'Museo Conte', 'Centro Fotografia', 'Sighseeing', 'Santa Anastasia']",Castelvecchio,strategy_nearest,False,0.003226757049560547,success
04979E429C4C80,1,"['Casa Giulietta', 'Castelvecchio']",Arena,"['Verona Tour', 'Museo Lapidario', 'Museo Radio', 'San Fermo', 'Sighseeing']",Santa Anastasia,strategy_nearest,False,0.0027811527252197266,success
0497B74A9C4C80,0,['Arena'],Castelvecchio,"['Museo Lapidario', 'Verona Tour', 'Museo Radio', 'San Zeno', 'Sighseeing']",Casa Giulietta,strategy_nearest,False,0.002807140350341797,success
0497B9429C4C80,1,['Arena'],Casa Giulietta,"['Centro Fotografia', 'Sighseeing', 'Torre Lamberti', 'Museo Conte', 'Museo Radio']",Palazzo della Ragione,strategy_nearest,False,0.003229856491088867,success
0497AB429C4C80,3,"['Arena', 'Castelvecchio', 'Torre Lamberti']",Casa Giulietta,"['Centro Fotografia', 'Sighseeing', 'Museo Conte', 'Museo Radio', 'Palazzo della Ragione']",Santa Anastasia,strategy_nearest,False,0.0017163753509521484,success
0497B63A9C4C80,0,"['Arena', 'Castelvecchio']",Casa Giulietta,"['Centro Fotografia', 'Sighseeing', 'Torre Lamberti', 'Museo Conte', 'Museo Radio']",Teatro Romano,strategy_nearest,False,0.002277851104736328,success
0497CB3A9C4C80,1,"['Casa Giulietta', 'Palazzo della Ragione']",Torre Lamberti,"['Sighseeing', 'Centro Fotografia', 'Museo Conte', 'AMO', 'Museo Miniscalchi']",Teatro Romano,strategy_nearest,False,0.0026748180389404297,success
0497BE4A9C4C80,0,"['Tomba Giulietta', 'Arena']",Torre Lamberti,"['Sighseeing', 'Centro Fotografia', 'Museo Conte', 'Casa Giulietta', 'Palazzo della Ragione']",Casa Giulietta,strategy_nearest,True,0.002154827117919922,success
0497BC4A9C4C80,1,['Arena'],Palazzo della Ragione,"['AMO', 'Museo Conte', 'Torre Lamberti', 'Centro Fotografia', 'Sighseeing']",Torre Lamberti,strategy_nearest,True,0.0015490055084228516,success
0497CC4A9C4C80,3,"['Arena', 'San Fermo']",Casa Giulietta,"['Centro Fotografia', 'Sighseeing', 'Torre Lamberti', 'Museo Conte', 'Museo Radio']",Torre Lamberti,strategy_nearest,True,0.0031507015228271484,success
0497EA4A9C4C80,0,['Castelvecchio'],Arena,"['Verona Tour', 'Museo Lapidario', 'Museo Radio', 'San Fermo', 'Casa Giulietta']",Torre Lamberti,strategy_nearest,False,0.0013937950134277344,success
0497DA429C4C80,3,['Arena'],Casa Giulietta,"['Centro Fotografia', 'Sighseeing', 'Torre Lamberti', 'Museo Conte', 'Museo Radio']",Duomo,strategy_nearest,False,0.002112865447998047,success
0497D03A9C4C80,3,"['Arena', 'Torre Lamberti']",Casa Giulietta,"['Centro Fotografia', 'Sighseeing', 'Museo Conte', 'Museo Radio', 'Palazzo della Ragione']",Castelvecchio,strategy_nearest,False,0.003937959671020508,success
0497D04A9C4C80,0,['Arena'],Casa Giulietta,"['Centro Fotografia', 'Sighseeing', 'Torre Lamberti', 'Museo Conte', 'Museo Radio']",Duomo,strategy_nearest,False,0.0027320384979248047,success
0497F5429C4C80,3,"['Arena', 'San Zeno', 'Castelvecchio']",Santa Anastasia,"['AMO', 'Museo Conte', 'Palazzo della Ragione', 'Teatro Romano', 'Centro Fotografia']",Duomo,strategy_nearest,False,0.0025839805603027344,success
0497F04A9C4C80,0,['San Fermo'],Casa Giulietta,"['Centro Fotografia', 'Sighseeing', 'Torre Lamberti', 'Museo Conte', 'Museo Radio']",Duomo,strategy_nearest,False,0.002009868621826172,success
0497FC3A9C4C80,0,"['Castelvecchio', 'Casa Giulietta']",Arena,"['Verona Tour', 'Museo Lapidario', 'Museo Radio', 'San Fermo', 'Sighseeing']",Torre Lamberti,strategy_nearest,False,0.0012688636779785156,success
0497FC429C4C80,3,"['Arena', 'Santa Anastasia']",Duomo,"['AMO', 'Museo Miniscalchi', 'Teatro Romano', 'Palazzo della Ragione', 'Museo Conte']",Casa Giulietta,strategy_nearest,False,0.0033049583435058594,success
0497FE4A9C4C80,1,"['Palazzo della Ragione', 'Torre Lamberti', 'Casa Giulietta']",Arena,"['Verona Tour', 'Museo Lapidario', 'Museo Radio', 'San Fermo', 'Sighseeing']",Castelvecchio,strategy_nearest,False,0.0022840499877929688,success
0498004A9C4C84,0,['Arena'],Casa Giulietta,"['Centro Fotografia', 'Sighseeing', 'Torre Lamberti', 'Museo Conte', 'Museo Radio']",Teatro Romano,strategy_nearest,False,0.0021445751190185547,success
04980A429C4C84,0,['Arena'],Teatro Romano,"['Santa Anastasia', 'Duomo', 'AMO', 'Palazzo della Ragione', 'Museo Conte']",Museo Storia,strategy_nearest,False,0.0032923221588134766,success
0497FF4A9C4C80,1,['Palazzo della Ragione'],Torre Lamberti,"['Sighseeing', 'Centro Fotografia', 'Museo Conte', 'Casa Giulietta', 'AMO']",Arena,strategy_nearest,False,0.003443002700805664,success
04980E4A9C4C84,0,['Arena'],Casa Giulietta,"['Centro Fotografia', 'Sighseeing', 'Torre Lamberti', 'Museo Conte', 'Museo Radio']",Duomo,strategy_nearest,False,0.0017480850219726562,success
04980D429C4C84,3,"['Casa Giulietta', 'Duomo', 'Teatro Romano', 'Santa Anastasia']",San Fermo,"['Museo Storia', 'Museo Radio', 'Centro Fotografia', 'Arena', 'Sighseeing']",Tomba Giulietta,strategy_nearest,False,0.0033469200134277344,success
049812429C4C84,0,['Arena'],Castelvecchio,"['Museo Lapidario', 'Verona Tour', 'Museo Radio', 'San Zeno', 'Sighseeing']",Casa Giulietta,strategy_nearest,False,0.002682924270629883,success
0498114A9C4C84,3,"['Arena', 'Casa Giulietta', 'Torre Lamberti']",Santa Anastasia,"['AMO', 'Museo Conte', 'Palazzo della Ragione', 'Teatro Romano', 'Centro Fotografia']",Castelvecchio,strategy_nearest,False,0.003376007080078125,success
0498124A9C4C84,3,"['Arena', 'Teatro Romano']",Torre Lamberti,"['Sighseeing', 'Centro Fotografia', 'Museo Conte', 'Casa Giulietta', 'Palazzo della Ragione']",Casa Giulietta,strategy_nearest,True,0.002505064010620117,success
04981B429C4C84,2,"['Tomba Giulietta', 'Castelvecchio', 'Casa Giulietta']",Museo Lapidario,"['Verona Tour', 'Arena', 'Museo Radio', 'San Fermo', 'Sighseeing']",Santa Anastasia,strategy_nearest,False,0.0026400089263916016,success
04981C429C4C84,0,['Torre Lamberti'],Arena,"['Verona Tour', 'Museo Lapidario', 'Museo Radio', 'San Fermo', 'Casa Giulietta']",San Zeno,strategy_nearest,False,0.0031261444091796875,success
049816429C4C84,2,"['Duomo', 'Teatro Romano']",Castelvecchio,"['Museo Lapidario', 'Verona Tour', 'Arena', 'Museo Radio', 'San Zeno']",Torre Lamberti,strategy_nearest,False,0.003287076950073242,success
04981F429C4C84,3,['Castelvecchio'],Santa Anastasia,"['AMO', 'Museo Conte', 'Palazzo della Ragione', 'Teatro Romano', 'Centro Fotografia']",Duomo,strategy_nearest,False,0.0023789405822753906,success
049823429C4C84,1,"['Arena', 'Castelvecchio', 'Casa Giulietta', 'Teatro Romano']",Duomo,"['AMO', 'Museo Miniscalchi', 'Santa Anastasia', 'Palazzo della Ragione', 'Museo Conte']",Palazzo della Ragione,strategy_nearest,True,0.0026857852935791016,success
049826429C4C80,2,['San Zeno'],Castelvecchio,"['Museo Lapidario', 'Verona Tour', 'Arena', 'Museo Radio', 'Sighseeing']",Santa Anastasia,strategy_nearest,False,0.0020639896392822266,success
04982D3A9C4C80,0,"['Tomba Giulietta', 'San Fermo', 'Casa Giulietta']",Duomo,"['AMO', 'Museo Miniscalchi', 'Santa Anastasia', 'Teatro Romano', 'Palazzo della Ragione']",Arena,strategy_nearest,False,0.0031571388244628906,success
049845429C4C80,1,"['Arena', 'Castelvecchio', 'Casa Giulietta']",Torre Lamberti,"['Sighseeing', 'Centro Fotografia', 'Museo Conte', 'Palazzo della Ragione', 'AMO']",Palazzo della Ragione,strategy_nearest,True,0.0032880306243896484,success
04984A3A9C4C80,0,"['Castelvecchio', 'Arena']",Casa Giulietta,"['Centro Fotografia', 'Sighseeing', 'Torre Lamberti', 'Museo Conte', 'Museo Radio']",Museo Lapidario,strategy_nearest,False,0.0025489330291748047,success
0498483A9C4C80,1,"['Castelvecchio', 'Casa Giulietta', 'Palazzo della Ragione', 'Torre Lamberti']",Tomba Giulietta,"['San Fermo', 'Museo Storia', 'Arena', 'Museo Lapidario', 'Museo Radio']",Arena,strategy_nearest,True,0.003444194793701172,success
04984B3A9C4C80,3,"['Arena', 'Casa Giulietta', 'Santa Anastasia']",Duomo,"['AMO', 'Museo Miniscalchi', 'Teatro Romano', 'Palazzo della Ragione', 'Museo Conte']",Teatro Romano,strategy_nearest,True,0.003010272979736328,success
0498633A9C4C80,1,"['Castelvecchio', 'San Zeno', 'Arena', 'Santa Anastasia']",Casa Giulietta,"['Centro Fotografia', 'Sighseeing', 'Torre Lamberti', 'Museo Conte', 'Museo Radio']",Museo Lapidario,strategy_nearest,False,0.0019311904907226562,success
04984E4A9C4C80,0,['Arena'],Casa Giulietta,"['Centro Fotografia', 'Sighseeing', 'Torre Lamberti', 'Museo Conte', 'Museo Radio']",Torre Lamberti,strategy_nearest,True,0.003320932388305664,success
0498553A9C4C80,3,"['Arena', 'Torre Lamberti']",Casa Giulietta,"['Centro Fotografia', 'Sighseeing', 'Museo Conte', 'Museo Radio', 'Palazzo della Ragione']",Santa Anastasia,strategy_nearest,False,0.0014252662658691406,success
04986B3A9C4C80,2,['Castelvecchio'],Casa Giulietta,"['Centro Fotografia', 'Sighseeing', 'Torre Lamberti', 'Museo Conte', 'Museo Radio']",Teatro Romano,strategy_nearest,False,0.003428936004638672,success
04986D429C4C80,3,"['Arena', 'San Fermo', 'Casa Giulietta']",Torre Lamberti,"['Sighseeing', 'Centro Fotografia', 'Museo Conte', 'Palazzo della Ragione', 'AMO']",Teatro Romano,strategy_nearest,False,0.0018451213836669922,success
04987A4A9C4C80,3,"['Santa Anastasia', 'Duomo', 'Torre Lamberti']",Casa Giulietta,"['Centro Fotografia', 'Sighseeing', 'Museo Conte', 'Museo Radio', 'Palazzo della Ragione']",Arena,strategy_nearest,False,0.002435922622680664,success
0498754A9C4C80,0,"['Arena', 'San Zeno']",Torre Lamberti,"['Sighseeing', 'Centro Fotografia', 'Museo Conte', 'Casa Giulietta', 'Palazzo della Ragione']",Teatro Romano,strategy_nearest,False,0.002635955810546875,success
0498843A9C4C80,3,"['Arena', 'Casa Giulietta']",Castelvecchio,"['Museo Lapidario', 'Verona Tour', 'Museo Radio', 'San Zeno', 'Sighseeing']",San Zeno,strategy_nearest,True,0.0031881332397460938,success
04987C4A9C4C80,2,['Duomo'],Casa Giulietta,"['Centro Fotografia', 'Sighseeing', 'Torre Lamberti', 'Museo Conte', 'Museo Radio']",Castelvecchio,strategy_nearest,False,0.002447843551635742,success
049895429C4C80,3,"['Arena', 'Torre Lamberti']",Santa Anastasia,"['AMO', 'Museo Conte', 'Palazzo della Ragione', 'Teatro Romano', 'Centro Fotografia']",Duomo,strategy_nearest,False,0.002583026885986328,success
04989A4A9C4C80,3,"['Arena', 'Museo Lapidario', 'Casa Giulietta']",Torre Lamberti,"['Sighseeing', 'Centro Fotografia', 'Museo Conte', 'Palazzo della Ragione', 'AMO']",Santa Anastasia,strategy_nearest,False,0.003186941146850586,success
0498A5429C4C80,0,['Torre Lamberti'],Duomo,"['AMO', 'Museo Miniscalchi', 'Santa Anastasia', 'Teatro Romano', 'Palazzo della Ragione']",Castelvecchio,strategy_nearest,False,0.0020418167114257812,success
0498A83A9C4C80,0,['Torre Lamberti'],Casa Giulietta,"['Centro Fotografia', 'Sighseeing', 'Museo Conte', 'Museo Radio', 'Palazzo della Ragione']",Arena,strategy_nearest,False,0.0020186901092529297,success
04989B429C4C80,0,['Arena'],Castelvecchio,"['Museo Lapidario', 'Verona Tour', 'Museo Radio', 'San Zeno', 'Sighseeing']",Casa Giulietta,strategy_nearest,False,0.0041828155517578125,success
04989D4A9C4C80,0,"['Arena', 'Casa Giulietta']",Tomba Giulietta,"['San Fermo', 'Museo Storia', 'Museo Lapidario', 'Museo Radio', 'Verona Tour']",Museo Storia,strategy_nearest,True,0.004781961441040039,success
0498BE4A9C4C80,0,['Arena'],Castelvecchio,"['Museo Lapidario', 'Verona Tour', 'Museo Radio', 'San Zeno', 'Sighseeing']",Casa Giulietta,strategy_nearest,False,0.0033111572265625,success
0498B54A9C4C80,3,"['Torre Lamberti', 'Santa Anastasia']",Duomo,"['AMO', 'Museo Miniscalchi', 'Teatro Romano', 'Palazzo della Ragione', 'Museo Conte']",Arena,strategy_nearest,False,0.0022411346435546875,success
0498B03A9C4C80,0,['Arena'],Santa Anastasia,"['AMO', 'Museo Conte', 'Palazzo della Ragione', 'Teatro Romano', 'Centro Fotografia']",Casa Giulietta,strategy_nearest,False,0.003432035446166992,success
0498B83A9C4C80,3,"['Tomba Giulietta', 'Casa Giulietta', 'Santa Anastasia']",Arena,"['Verona Tour', 'Museo Lapidario', 'Museo Radio', 'San Fermo', 'Sighseeing']",Giardino Giusti,strategy_nearest,False,0.0015947818756103516,success
0498BF3A9C4C80,3,"['Arena', 'Tomba Giulietta']",Casa Giulietta,"['Centro Fotografia', 'Sighseeing', 'Torre Lamberti', 'Museo Conte', 'Museo Radio']",Duomo,strategy_nearest,False,0.002802133560180664,success
0498C2429C4C80,0,['Arena'],Castelvecchio,"['Museo Lapidario', 'Verona Tour', 'Museo Radio', 'San Zeno', 'Sighseeing']",Duomo,strategy_nearest,False,0.0021181106567382812,success
0498BF4A9C4C80,0,['Arena'],San Fermo,"['Museo Storia', 'Museo Radio', 'Casa Giulietta', 'Centro Fotografia', 'Sighseeing']",Casa Giulietta,strategy_nearest,True,0.003367900848388672,success
0498C54A9C4C80,0,"['Castelvecchio', 'Casa Giulietta']",Torre Lamberti,"['Sighseeing', 'Centro Fotografia', 'Museo Conte', 'Palazzo della Ragione', 'AMO']",Arena,strategy_nearest,False,0.0013990402221679688,success
0498CB3A9C4C80,1,"['Castelvecchio', 'Arena']",Palazzo della Ragione,"['AMO', 'Museo Conte', 'Torre Lamberti', 'Centro Fotografia', 'Sighseeing']",Santa Anastasia,strategy_nearest,False,0.0020051002502441406,success
0498CB4A9C4C80,0,['Arena'],Casa Giulietta,"['Centro Fotografia', 'Sighseeing', 'Torre Lamberti', 'Museo Conte', 'Museo Radio']",Torre Lamberti,strategy_nearest,True,0.0019199848175048828,success
0498CC4A9C4C80,1,"['Arena', 'Casa Giulietta']",San Fermo,"['Museo Storia', 'Museo Radio', 'Centro Fotografia', 'Sighseeing', 'Torre Lamberti']",Palazzo della Ragione,strategy_nearest,False,0.002680063247680664,success
0498D13A9C4C80,0,['Arena'],Casa Giulietta,"['Centro Fotografia', 'Sighseeing', 'Torre Lamberti', 'Museo Conte', 'Museo Radio']",Teatro Romano,strategy_nearest,False,0.0033478736877441406,success
0498D23A9C4C80,3,"['Arena', 'Castelvecchio', 'San Zeno']",Duomo,"['AMO', 'Museo Miniscalchi', 'Santa Anastasia', 'Teatro Romano', 'Palazzo della Ragione']",Santa Anastasia,strategy_nearest,True,0.0024080276489257812,success
0498D9429C4C80,3,"['San Fermo', 'Museo Storia', 'Torre Lamberti']",Casa Giulietta,"['Centro Fotografia', 'Sighseeing', 'Museo Conte', 'Museo Radio', 'Palazzo della Ragione']",Arena,strategy_nearest,False,0.002583742141723633,success
0498DC429C4C80,3,"['Arena', 'Casa Giulietta', 'Torre Lamberti']",Santa Anastasia,"['AMO', 'Museo Conte', 'Palazzo della Ragione', 'Teatro Romano', 'Centro Fotografia']",San Fermo,strategy_nearest,False,0.0030908584594726562,success
0498E3429C4C80,3,"['Arena', 'Casa Giulietta', 'Torre Lamberti', 'Santa Anastasia']",Tomba Giulietta,"['San Fermo', 'Museo Storia', 'Museo Lapidario', 'Museo Radio', 'Verona Tour']",Castelvecchio,strategy_nearest,False,0.0031731128692626953,success
0498E43A9C4C80,1,"['Duomo', 'Teatro Romano', 'Casa Giulietta', 'Arena']",Torre Lamberti,"['Sighseeing', 'Centro Fotografia', 'Museo Conte', 'Palazzo della Ragione', 'AMO']",Santa Anastasia,strategy_nearest,False,0.003292083740234375,success
0498ED4A9C4C80,0,['Arena'],Castelvecchio,"['Museo Lapidario', 'Verona Tour', 'Museo Radio', 'San Zeno', 'Sighseeing']",Casa Giulietta,strategy_nearest,False,0.0020437240600585938,success
0498EF4A9C4C80,3,"['Arena', 'Teatro Romano']",Duomo,"['AMO', 'Museo Miniscalchi', 'Santa Anastasia', 'Palazzo della Ragione', 'Museo Conte']",Torre Lamberti,strategy_nearest,False,0.0032510757446289062,success
0498F9429C4C80,1,"['Arena', 'Museo Lapidario', 'San Fermo', 'Castelvecchio', 'Tomba Giulietta', 'Casa Giulietta']",Torre Lamberti,"['Sighseeing', 'Centro Fotografia', 'Museo Conte', 'Palazzo della Ragione', 'AMO']",Palazzo della Ragione,strategy_nearest,True,0.002691030502319336,success
0499024A9C4C84,0,"['Museo Lapidario', 'Arena']",Casa Giulietta,"['Centro Fotografia', 'Sighseeing', 'Torre Lamberti', 'Museo Conte', 'Museo Radio']",Torre Lamberti,strategy_nearest,True,0.0026710033416748047,success
0499044A9C4C84,0,['Arena'],Duomo,"['AMO', 'Museo Miniscalchi', 'Santa Anastasia', 'Teatro Romano', 'Palazzo della Ragione']",Casa Giulietta,strategy_nearest,False,0.0032367706298828125,success
0499023A9C4C84,3,"['Torre Lamberti', 'Santa Anastasia']",Duomo,"['AMO', 'Museo Miniscalchi', 'Teatro Romano', 'Palazzo della Ragione', 'Museo Conte']",Castelvecchio,strategy_nearest,False,0.002123117446899414,success
04990E4A9C4C84,3,"['Arena', 'Casa Giulietta']",Torre Lamberti,"['Sighseeing', 'Centro Fotografia', 'Museo Conte', 'Palazzo della Ragione', 'AMO']",Santa Anastasia,strategy_nearest,False,0.0019221305847167969,success
04990B429C4C84,0,['Giardino Giusti'],Torre Lamberti,"['Sighseeing', 'Centro Fotografia', 'Museo Conte', 'Casa Giulietta', 'Palazzo della Ragione']",Arena,strategy_nearest,False,0.003323793411254883,success
04990A429C4C80,2,['Duomo'],Torre Lamberti,"['Sighseeing', 'Centro Fotografia', 'Museo Conte', 'Casa Giulietta', 'Palazzo della Ragione']",Palazzo della Ragione,strategy_nearest,True,0.0032138824462890625,success
04990F429C4C84,3,"['Arena', 'Casa Giulietta']",Santa Anastasia,"['AMO', 'Museo Conte', 'Palazzo della Ragione', 'Teatro Romano', 'Centro Fotografia']",Teatro Romano,strategy_nearest,True,0.003264904022216797,success
04990F4A9C4C84,0,['Castelvecchio'],Torre Lamberti,"['Sighseeing', 'Centro Fotografia', 'Museo Conte', 'Casa Giulietta', 'Palazzo della Ragione']",Arena,strategy_nearest,False,0.0025408267974853516,success
0499113A9C4C80,1,"['Arena', 'Castelvecchio', 'Museo Lapidario', 'Casa Giulietta']",Santa Anastasia,"['AMO', 'Museo Conte', 'Palazzo della Ragione', 'Teatro Romano', 'Centro Fotografia']",Teatro Romano,strategy_nearest,True,0.0018808841705322266,success
049914429C4C84,0,['Arena'],Casa Giulietta,"['Centro Fotografia', 'Sighseeing', 'Torre Lamberti', 'Museo Conte', 'Museo Radio']",Torre Lamberti,strategy_nearest,True,0.0026001930236816406,success
049915429C4C84,0,"['Arena', 'Casa Giulietta']",Duomo,"['AMO', 'Museo Miniscalchi', 'Santa Anastasia', 'Teatro Romano', 'Palazzo della Ragione']",Teatro Romano,strategy_nearest,True,0.0022590160369873047,success
049919429C4C84,3,"['Arena', 'Santa Anastasia']",Duomo,"['AMO', 'Museo Miniscalchi', 'Teatro Romano', 'Palazzo della Ragione', 'Museo Conte']",Casa Giulietta,strategy_nearest,False,0.003392934799194336,success
049920429C4C84,3,"['Duomo', 'Teatro Romano']",Torre Lamberti,"['Sighseeing', 'Centro Fotografia', 'Museo Conte', 'Casa Giulietta', 'Palazzo della Ragione']",Arena,strategy_nearest,False,0.0025429725646972656,success
04992F429C4C80,0,"['Casa Giulietta', 'Arena']",Tomba Giulietta,"['San Fermo', 'Museo Storia', 'Museo Lapidario', 'Museo Radio', 'Verona Tour']",Castelvecchio,strategy_nearest,False,0.003373861312866211,success
049942429C4C80,0,['Arena'],Casa Giulietta,"['Centro Fotografia', 'Sighseeing', 'Torre Lamberti', 'Museo Conte', 'Museo Radio']",Duomo,strategy_nearest,False,0.0031747817993164062,success
04996C3A9C4C80,2,['Castelvecchio'],Casa Giulietta,"['Centro Fotografia', 'Sighseeing', 'Torre Lamberti', 'Museo Conte', 'Museo Radio']",Teatro Romano,strategy_nearest,False,0.0031020641326904297,success
0499593A9C4C80,0,"['Castelvecchio', 'Arena']",Tomba Giulietta,"['San Fermo', 'Museo Storia', 'Museo Lapidario', 'Museo Radio', 'Verona Tour']",Museo Storia,strategy_nearest,True,0.0023500919342041016,success
0499714A9C4C80,3,"['Arena', 'Casa Giulietta']",Santa Anastasia,"['AMO', 'Museo Conte', 'Palazzo della Ragione', 'Teatro Romano', 'Centro Fotografia']",Teatro Romano,strategy_nearest,True,0.0032329559326171875,success
04998A3A9C4C80,0,['Arena'],Casa Giulietta,"['Centro Fotografia', 'Sighseeing', 'Torre Lamberti', 'Museo Conte', 'Museo Radio']",Torre Lamberti,strategy_nearest,True,0.002518177032470703,success
049979429C4C80,0,"['Arena', 'Casa Giulietta']",Torre Lamberti,"['Sighseeing', 'Centro Fotografia', 'Museo Conte', 'Palazzo della Ragione', 'AMO']",Tomba Giulietta,strategy_nearest,False,0.0023758411407470703,success
0499944A9C4C80,0,['Arena'],Teatro Romano,"['Santa Anastasia', 'Duomo', 'AMO', 'Palazzo della Ragione', 'Museo Conte']",Duomo,strategy_nearest,True,0.0034160614013671875,success
049998429C4C80,0,['Castelvecchio'],Casa Giulietta,"['Centro Fotografia', 'Sighseeing', 'Torre Lamberti', 'Museo Conte', 'Museo Radio']",Arena,strategy_nearest,False,0.0023648738861083984,success
0499984A9C4C80,3,"['Castelvecchio', 'Torre Lamberti']",Museo Lapidario,"['Verona Tour', 'Arena', 'Museo Radio', 'San Fermo', 'Casa Giulietta']",Arena,strategy_nearest,True,0.002979278564453125,success
04999F429C4C80,0,"['Castelvecchio', 'Arena']",Casa Giulietta,"['Centro Fotografia', 'Sighseeing', 'Torre Lamberti', 'Museo Conte', 'Museo Radio']",Torre Lamberti,strategy_nearest,True,0.003191232681274414,success
04999C4A9C4C80,0,['Arena'],Castelvecchio,"['Museo Lapidario', 'Verona Tour', 'Museo Radio', 'San Zeno', 'Sighseeing']",Torre Lamberti,strategy_nearest,False,0.002482891082763672,success
04999A4A9C4C80,3,"['Duomo', 'Santa Anastasia']",Casa Giulietta,"['Centro Fotografia', 'Sighseeing', 'Torre Lamberti', 'Museo Conte', 'Museo Radio']",Arena,strategy_nearest,False,0.003258228302001953,success
0499A24A9C4C80,0,['Museo Lapidario'],Arena,"['Verona Tour', 'Museo Radio', 'San Fermo', 'Casa Giulietta', 'Sighseeing']",Casa Giulietta,strategy_nearest,True,0.0013070106506347656,success
0499A44A9C4C80,3,"['Castelvecchio', 'Arena']",Casa Giulietta,"['Centro Fotografia', 'Sighseeing', 'Torre Lamberti', 'Museo Conte', 'Museo Radio']",Torre Lamberti,strategy_nearest,True,0.002647876739501953,success
0499A34A9C4C80,3,"['Teatro Romano', 'Santa Anastasia', 'Duomo']",Torre Lamberti,"['Sighseeing', 'Centro Fotografia', 'Museo Conte', 'Casa Giulietta', 'Palazzo della Ragione']",Casa Giulietta,strategy_nearest,True,0.0019609928131103516,success
0499A74A9C4C80,3,"['Duomo', 'Santa Anastasia']",Casa Giulietta,"['Centro Fotografia', 'Sighseeing', 'Torre Lamberti', 'Museo Conte', 'Museo Radio']",Arena,strategy_nearest,False,0.0033512115478515625,success
0499AE4A9C4C80,0,['Arena'],Torre Lamberti,"['Sighseeing', 'Centro Fotografia', 'Museo Conte', 'Casa Giulietta', 'Palazzo della Ragione']",Casa Giulietta,strategy_nearest,True,0.002468109130859375,success
0499B54A9C4C80,3,"['Arena', 'Castelvecchio']",Torre Lamberti,"['Sighseeing', 'Centro Fotografia', 'Museo Conte', 'Casa Giulietta', 'Palazzo della Ragione']",Santa Anastasia,strategy_nearest,False,0.0031948089599609375,success
0499AC3A9C4C80,0,['Arena'],Casa Giulietta,"['Centro Fotografia', 'Sighseeing', 'Torre Lamberti', 'Museo Conte', 'Museo Radio']",Teatro Romano,strategy_nearest,False,0.002546072006225586,success
0499C14A9C4C80,3,"['Castelvecchio', 'Museo Lapidario', 'Arena']",Torre Lamberti,"['Sighseeing', 'Centro Fotografia', 'Museo Conte', 'Casa Giulietta', 'Palazzo della Ragione']",Casa Giulietta,strategy_nearest,True,0.0045413970947265625,success
0499CF4A9C4C80,0,['Castelvecchio'],Casa Giulietta,"['Centro Fotografia', 'Sighseeing', 'Torre Lamberti', 'Museo Conte', 'Museo Radio']",Arena,strategy_nearest,False,0.0018460750579833984,success
0499D93A9C4C80,0,"['Castelvecchio', 'Arena']",Casa Giulietta,"['Centro Fotografia', 'Sighseeing', 'Torre Lamberti', 'Museo Conte', 'Museo Radio']",Duomo,strategy_nearest,False,0.003314971923828125,success
0499C2429C4C80,1,"['Arena', 'Casa Giulietta']",Teatro Romano,"['Santa Anastasia', 'Duomo', 'AMO', 'Palazzo della Ragione', 'Museo Conte']",Torre Lamberti,strategy_nearest,False,0.0019960403442382812,success
0499ED3A9C4C80,1,"['Arena', 'Casa Giulietta']",Palazzo della Ragione,"['AMO', 'Museo Conte', 'Torre Lamberti', 'Centro Fotografia', 'Sighseeing']",Torre Lamberti,strategy_nearest,True,0.0018091201782226562,success
0499F33A9C4C80,0,['Arena'],Casa Giulietta,"['Centro Fotografia', 'Sighseeing', 'Torre Lamberti', 'Museo Conte', 'Museo Radio']",Santa Anastasia,strategy_nearest,False,0.002399921417236328,success
0499F34A9C4C80,3,['Arena'],Casa Giulietta,"['Centro Fotografia', 'Sighseeing', 'Torre Lamberti', 'Museo Conte', 'Museo Radio']",Santa Anastasia,strategy_nearest,False,0.0033609867095947266,success
0499F5429C4C80,0,"['Arena', 'San Fermo']",Casa Giulietta,"['Centro Fotografia', 'Sighseeing', 'Torre Lamberti', 'Museo Conte', 'Museo Radio']",Teatro Romano,strategy_nearest,False,0.002424001693725586,success
0499F64A9C4C80,3,"['Arena', 'Santa Anastasia']",Duomo,"['AMO', 'Museo Miniscalchi', 'Teatro Romano', 'Palazzo della Ragione', 'Museo Conte']",San Zeno,strategy_nearest,False,0.0028252601623535156,success
0499FC429C4C80,0,"['Museo Lapidario', 'Castelvecchio']",Casa Giulietta,"['Centro Fotografia', 'Sighseeing', 'Torre Lamberti', 'Museo Conte', 'Museo Radio']",Museo Storia,strategy_nearest,False,0.004045963287353516,success
0499FD4A9C4C80,3,['Arena'],Santa Anastasia,"['AMO', 'Museo Conte', 'Palazzo della Ragione', 'Teatro Romano', 'Centro Fotografia']",Duomo,strategy_nearest,False,0.002106904983520508,success
0499FF4A9C4C80,2,['Casa Giulietta'],Torre Lamberti,"['Sighseeing', 'Centro Fotografia', 'Museo Conte', 'Palazzo della Ragione', 'AMO']",Santa Anastasia,strategy_nearest,False,0.003339052200317383,success
049A023A9C4C84,0,['Casa Giulietta'],Arena,"['Verona Tour', 'Museo Lapidario', 'Museo Radio', 'San Fermo', 'Sighseeing']",Castelvecchio,strategy_nearest,False,0.0021491050720214844,success
049A084A9C4C84,0,['Santa Anastasia'],Arena,"['Verona Tour', 'Museo Lapidario', 'Museo Radio', 'San Fermo', 'Casa Giulietta']",Casa Giulietta,strategy_nearest,True,0.002674102783203125,success
049A0A4A9C4C84,0,['Castelvecchio'],Arena,"['Verona Tour', 'Museo Lapidario', 'Museo Radio', 'San Fermo', 'Casa Giulietta']",Torre Lamberti,strategy_nearest,False,0.0033500194549560547,success
049A02429C4C84,3,"['Castelvecchio', 'San Zeno', 'Torre Lamberti']",Santa Anastasia,"['AMO', 'Museo Conte', 'Palazzo della Ragione', 'Teatro Romano', 'Centro Fotografia']",Teatro Romano,strategy_nearest,True,0.0028400421142578125,success
049A0B4A9C4C80,3,"['Teatro Romano', 'Casa Giulietta', 'Duomo']",Castelvecchio,"['Museo Lapidario', 'Verona Tour', 'Arena', 'Museo Radio', 'San Zeno']",Arena,strategy_nearest,True,0.0020856857299804688,success
049A124A9C4C84,1,"['Arena', 'Casa Giulietta', 'San Fermo']",Palazzo della Ragione,"['AMO', 'Museo Conte', 'Torre Lamberti', 'Centro Fotografia', 'Sighseeing']",Torre Lamberti,strategy_nearest,True,0.002042055130004883,success
049A0D3A9C4C84,0,"['Castelvecchio', 'Arena']",Casa Giulietta,"['Centro Fotografia', 'Sighseeing', 'Torre Lamberti', 'Museo Conte', 'Museo Radio']",Duomo,strategy_nearest,False,0.0033719539642333984,success
049A114A9C4C84,3,"['Torre Lamberti', 'Santa Anastasia', 'Duomo']",Castelvecchio,"['Museo Lapidario', 'Verona Tour', 'Arena', 'Museo Radio', 'San Zeno']",Arena,strategy_nearest,True,0.003288745880126953,success
049A353A9C4C80,1,"['Castelvecchio', 'Arena', 'Casa Giulietta', 'San Fermo']",Santa Anastasia,"['AMO', 'Museo Conte', 'Palazzo della Ragione', 'Teatro Romano', 'Centro Fotografia']",Duomo,strategy_nearest,False,0.002222776412963867,success
049A44429C4C80,0,['Arena'],Casa Giulietta,"['Centro Fotografia', 'Sighseeing', 'Torre Lamberti', 'Museo Conte', 'Museo Radio']",Santa Anastasia,strategy_nearest,False,0.002026081085205078,success
049A16429C4C84,3,['Arena'],Santa Anastasia,"['AMO', 'Museo Conte', 'Palazzo della Ragione', 'Teatro Romano', 'Centro Fotografia']",Duomo,strategy_nearest,False,0.0053272247314453125,success
049A374A9C4C80,3,"['Arena', 'Torre Lamberti']",San Fermo,"['Museo Storia', 'Museo Radio', 'Casa Giulietta', 'Centro Fotografia', 'Sighseeing']",Museo Lapidario,strategy_nearest,False,0.0028820037841796875,success
049A7B4A9C4C80,3,"['Casa Giulietta', 'Arena']",Santa Anastasia,"['AMO', 'Museo Conte', 'Palazzo della Ragione', 'Teatro Romano', 'Centro Fotografia']",Duomo,strategy_nearest,False,0.002880096435546875,success
049A573A9C4C80,3,"['Arena', 'Casa Giulietta']",Torre Lamberti,"['Sighseeing', 'Centro Fotografia', 'Museo Conte', 'Palazzo della Ragione', 'AMO']",Santa Anastasia,strategy_nearest,False,0.0026001930236816406,success
049A45429C4C80,2,['San Fermo'],Casa Giulietta,"['Centro Fotografia', 'Sighseeing', 'Torre Lamberti', 'Museo Conte', 'Museo Radio']",Santa Anastasia,strategy_nearest,False,0.003525972366333008,success
049A743A9C4C80,1,"['Casa Giulietta', 'Palazzo della Ragione', 'Duomo']",Torre Lamberti,"['Sighseeing', 'Centro Fotografia', 'Museo Conte', 'AMO', 'Museo Miniscalchi']",Castelvecchio,strategy_nearest,False,0.0036118030548095703,success
049A984A9C4C80,0,['Arena'],Castelvecchio,"['Museo Lapidario', 'Verona Tour', 'Museo Radio', 'San Zeno', 'Sighseeing']",Torre Lamberti,strategy_nearest,False,0.0014848709106445312,success
049A7D3A9C4C80,0,['Arena'],Castelvecchio,"['Museo Lapidario', 'Verona Tour', 'Museo Radio', 'San Zeno', 'Sighseeing']",Tomba Giulietta,strategy_nearest,False,0.0022940635681152344,success
049A7D4A9C4C80,0,['Arena'],Casa Giulietta,"['Centro Fotografia', 'Sighseeing', 'Torre Lamberti', 'Museo Conte', 'Museo Radio']",Castelvecchio,strategy_nearest,False,0.003042936325073242,success
049A99429C4C80,1,"['Arena', 'Casa Giulietta', 'Torre Lamberti']",Palazzo della Ragione,"['AMO', 'Museo Conte', 'Centro Fotografia', 'Sighseeing', 'Santa Anastasia']",Santa Anastasia,strategy_nearest,True,0.0035021305084228516,success
049A994A9C4C80,3,"['Arena', 'Casa Giulietta']",Torre Lamberti,"['Sighseeing', 'Centro Fotografia', 'Museo Conte', 'Palazzo della Ragione', 'AMO']",Santa Anastasia,strategy_nearest,False,0.0016870498657226562,success
049AA0429C4C80,0,['Arena'],Casa Giulietta,"['Centro Fotografia', 'Sighseeing', 'Torre Lamberti', 'Museo Conte', 'Museo Radio']",Tomba Giulietta,strategy_nearest,False,0.0022788047790527344,success
049AAE3A9C4C80,0,"['Arena', 'Museo Lapidario']",Duomo,"['AMO', 'Museo Miniscalchi', 'Santa Anastasia', 'Teatro Romano', 'Palazzo della Ragione']",Torre Lamberti,strategy_nearest,False,0.0033578872680664062,success
049AA24A9C4C80,3,"['Arena', 'Museo Lapidario']",Castelvecchio,"['Verona Tour', 'Museo Radio', 'San Zeno', 'Sighseeing', 'Museo Miniscalchi']",Casa Giulietta,strategy_nearest,False,0.002767801284790039,success
049AAE429C4C80,0,['Castelvecchio'],Arena,"['Verona Tour', 'Museo Lapidario', 'Museo Radio', 'San Fermo', 'Casa Giulietta']",Casa Giulietta,strategy_nearest,True,0.002401113510131836,success
049AAE4A9C4C80,0,['Arena'],Castelvecchio,"['Museo Lapidario', 'Verona Tour', 'Museo Radio', 'San Zeno', 'Sighseeing']",San Zeno,strategy_nearest,True,0.003362894058227539,success
049AB14A9C4C80,0,"['Arena', 'Casa Giulietta']",Duomo,"['AMO', 'Museo Miniscalchi', 'Santa Anastasia', 'Teatro Romano', 'Palazzo della Ragione']",Tomba Giulietta,strategy_nearest,False,0.002033710479736328,success
049AB44A9C4C80,3,"['Arena', 'Casa Giulietta']",Torre Lamberti,"['Sighseeing', 'Centro Fotografia', 'Museo Conte', 'Palazzo della Ragione', 'AMO']",Santa Anastasia,strategy_nearest,False,0.003365039825439453,success
049AB54A9C4C80,3,"['Arena', 'Castelvecchio', 'Casa Giulietta']",San Zeno,"['Verona Tour', 'Museo Lapidario', 'Museo Miniscalchi', 'Sighseeing', 'Museo Radio']",Teatro Romano,strategy_nearest,False,0.002747774124145508,success
049AC04A9C4C80,1,"['Arena', 'Casa Giulietta']",Palazzo della Ragione,"['AMO', 'Museo Conte', 'Torre Lamberti', 'Centro Fotografia', 'Sighseeing']",Santa Anastasia,strategy_nearest,False,0.0025610923767089844,success
049AB64A9C4C80,1,"['Castelvecchio', 'Arena']",Tomba Giulietta,"['San Fermo', 'Museo Storia', 'Museo Lapidario', 'Museo Radio', 'Verona Tour']",Casa Giulietta,strategy_nearest,False,0.0021224021911621094,success
049AD13A9C4C80,1,"['Casa Giulietta', 'Torre Lamberti']",Palazzo della Ragione,"['AMO', 'Museo Conte', 'Centro Fotografia', 'Sighseeing', 'Santa Anastasia']",Arena,strategy_nearest,False,0.002557039260864258,success
049AD03A9C4C80,0,['Arena'],Casa Giulietta,"['Centro Fotografia', 'Sighseeing', 'Torre Lamberti', 'Museo Conte', 'Museo Radio']",Torre Lamberti,strategy_nearest,True,0.003445863723754883,success
049AD33A9C4C80,0,['Arena'],Casa Giulietta,"['Centro Fotografia', 'Sighseeing', 'Torre Lamberti', 'Museo Conte', 'Museo Radio']",Teatro Romano,strategy_nearest,False,0.002699136734008789,success
049AD8429C4C80,1,"['Arena', 'Casa Giulietta', 'Torre Lamberti', 'Palazzo della Ragione', 'Santa Anastasia']",Duomo,"['AMO', 'Museo Miniscalchi', 'Teatro Romano', 'Museo Conte', 'Centro Fotografia']",Castelvecchio,strategy_nearest,False,0.0032720565795898438,success
049AE9429C4C80,0,['Arena'],Duomo,"['AMO', 'Museo Miniscalchi', 'Santa Anastasia', 'Teatro Romano', 'Palazzo della Ragione']",Casa Giulietta,strategy_nearest,False,0.003191232681274414,success
049AE4429C4C80,0,['Castelvecchio'],Arena,"['Verona Tour', 'Museo Lapidario', 'Museo Radio', 'San Fermo', 'Casa Giulietta']",Teatro Romano,strategy_nearest,False,0.0024940967559814453,success
049AF43A9C4C80,1,"['Arena', 'Tomba Giulietta']",Palazzo della Ragione,"['AMO', 'Museo Conte', 'Torre Lamberti', 'Centro Fotografia', 'Sighseeing']",Torre Lamberti,strategy_nearest,True,0.003072023391723633,success
049AF0429C4C80,0,"['Arena', 'Teatro Romano']",Castelvecchio,"['Museo Lapidario', 'Verona Tour', 'Museo Radio', 'San Zeno', 'Sighseeing']",Torre Lamberti,strategy_nearest,False,0.0028040409088134766,success
049AF64A9C4C80,3,"['Arena', 'Castelvecchio']",Torre Lamberti,"['Sighseeing', 'Centro Fotografia', 'Museo Conte', 'Casa Giulietta', 'Palazzo della Ragione']",Casa Giulietta,strategy_nearest,True,0.002743244171142578,success
049AF94A9C4C80,1,['Palazzo della Ragione'],Torre Lamberti,"['Sighseeing', 'Centro Fotografia', 'Museo Conte', 'Casa Giulietta', 'AMO']",Casa Giulietta,strategy_nearest,True,0.002583026885986328,success
049AF5429C4C80,3,"['Arena', 'Castelvecchio']",San Zeno,"['Verona Tour', 'Museo Lapidario', 'Museo Miniscalchi', 'Sighseeing', 'Museo Radio']",Torre Lamberti,strategy_nearest,False,0.003384113311767578,success
049AF9429C4C80,0,['Arena'],San Zeno,"['Castelvecchio', 'Verona Tour', 'Museo Lapidario', 'Museo Miniscalchi', 'Sighseeing']",Torre Lamberti,strategy_nearest,False,0.0033500194549560547,success
049AFA429C4C80,3,"['Arena', 'Casa Giulietta']",San Zeno,"['Castelvecchio', 'Verona Tour', 'Museo Lapidario', 'Museo Miniscalchi', 'Sighseeing']",Duomo,strategy_nearest,False,0.0018811225891113281,success
049AFC4A9C4C80,1,"['Arena', 'Casa Giulietta']",Torre Lamberti,"['Sighseeing', 'Centro Fotografia', 'Museo Conte', 'Palazzo della Ragione', 'AMO']",Palazzo della Ragione,strategy_nearest,True,0.002454996109008789,success
049AFD4A9C4C80,0,"['Torre Lamberti', 'Arena']",Castelvecchio,"['Museo Lapidario', 'Verona Tour', 'Museo Radio', 'San Zeno', 'Sighseeing']",Tomba Giulietta,strategy_nearest,False,0.002942800521850586,success
049B054A9C4C84,0,"['Arena', 'Casa Giulietta']",Castelvecchio,"['Museo Lapidario', 'Verona Tour', 'Museo Radio', 'San Zeno', 'Sighseeing']",Duomo,strategy_nearest,False,0.00461125373840332,success
049B084A9C4C84,3,"['Arena', 'Casa Giulietta']",Torre Lamberti,"['Sighseeing', 'Centro Fotografia', 'Museo Conte', 'Palazzo della Ragione', 'AMO']",Santa Anastasia,strategy_nearest,False,0.002096891403198242,success
049B094A9C4C80,0,"['Arena', 'Museo Lapidario']",Castelvecchio,"['Verona Tour', 'Museo Radio', 'San Zeno', 'Sighseeing', 'Museo Miniscalchi']",Casa Giulietta,strategy_nearest,False,0.0025091171264648438,success
049B0B429C4C84,0,['Arena'],Castelvecchio,"['Museo Lapidario', 'Verona Tour', 'Museo Radio', 'San Zeno', 'Sighseeing']",Museo Lapidario,strategy_nearest,True,0.001814126968383789,success
049B0A429C4C84,1,['Arena'],Casa Giulietta,"['Centro Fotografia', 'Sighseeing', 'Torre Lamberti', 'Museo Conte', 'Museo Radio']",Santa Anastasia,strategy_nearest,False,0.003173828125,success
049B0A4A9C4C84,0,['Arena'],Torre Lamberti,"['Sighseeing', 'Centro Fotografia', 'Museo Conte', 'Casa Giulietta', 'Palazzo della Ragione']",Duomo,strategy_nearest,False,0.002624988555908203,success
049B0B4A9C4C84,0,"['Museo Lapidario', 'Arena']",Casa Giulietta,"['Centro Fotografia', 'Sighseeing', 'Torre Lamberti', 'Museo Conte', 'Museo Radio']",Tomba Giulietta,strategy_nearest,False,0.0032041072845458984,success
049B0E3A9C4C80,1,"['Arena', 'Museo Lapidario', 'Castelvecchio']",Santa Anastasia,"['AMO', 'Museo Conte', 'Palazzo della Ragione', 'Teatro Romano', 'Centro Fotografia']",Duomo,strategy_nearest,False,0.003415822982788086,success
049B0E429C4C84,1,"['Arena', 'Tomba Giulietta']",Castelvecchio,"['Museo Lapidario', 'Verona Tour', 'Museo Radio', 'San Zeno', 'Sighseeing']",Torre Lamberti,strategy_nearest,False,0.0019478797912597656,success
049B16429C4C84,0,['Arena'],Museo Lapidario,"['Verona Tour', 'Castelvecchio', 'Museo Radio', 'San Fermo', 'Casa Giulietta']",Duomo,strategy_nearest,False,0.003228902816772461,success
049B26429C4C84,1,"['Arena', 'Castelvecchio', 'Torre Lamberti']",Palazzo della Ragione,"['AMO', 'Museo Conte', 'Centro Fotografia', 'Sighseeing', 'Santa Anastasia']",Santa Anastasia,strategy_nearest,True,0.001850128173828125,success
049B23429C4C84,1,"['Castelvecchio', 'Arena', 'Casa Giulietta', 'Duomo']",Teatro Romano,"['Santa Anastasia', 'AMO', 'Palazzo della Ragione', 'Museo Conte', 'Centro Fotografia']",Torre Lamberti,strategy_nearest,False,0.003251791000366211,success
049B224A9C4C80,3,['Torre Lamberti'],Arena,"['Verona Tour', 'Museo Lapidario', 'Museo Radio', 'San Fermo', 'Casa Giulietta']",Duomo,strategy_nearest,False,0.002977132797241211,success
049B28429C4C84,0,['Arena'],Casa Giulietta,"['Centro Fotografia', 'Sighseeing', 'Torre Lamberti', 'Museo Conte', 'Museo Radio']",Palazzo della Ragione,strategy_nearest,False,0.002440929412841797,success
049B2F429C4C80,0,['Casa Giulietta'],Arena,"['Verona Tour', 'Museo Lapidario', 'Museo Radio', 'San Fermo', 'Sighseeing']",Castelvecchio,strategy_nearest,False,0.002051115036010742,success
049B2B429C4C80,1,"['Casa Giulietta', 'Palazzo della Ragione', 'Torre Lamberti', 'San Fermo', 'Tomba Giulietta']",Arena,"['Verona Tour', 'Museo Lapidario', 'Museo Radio', 'Sighseeing', 'Castelvecchio']",Castelvecchio,strategy_nearest,True,0.00335693359375,success
049B2C3A9C4C80,0,['Arena'],Casa Giulietta,"['Centro Fotografia', 'Sighseeing', 'Torre Lamberti', 'Museo Conte', 'Museo Radio']",Tomba Giulietta,strategy_nearest,False,0.0015332698822021484,success
049B29429C4C80,3,"['Arena', 'Casa Giulietta']",Torre Lamberti,"['Sighseeing', 'Centro Fotografia', 'Museo Conte', 'Palazzo della Ragione', 'AMO']",Santa Anastasia,strategy_nearest,False,0.004601716995239258,success
049B374A9C4C80,0,['Museo Lapidario'],Castelvecchio,"['Verona Tour', 'Arena', 'Museo Radio', 'San Zeno', 'Sighseeing']",Arena,strategy_nearest,True,0.0012328624725341797,success
049B35429C4C80,3,['Arena'],Casa Giulietta,"['Centro Fotografia', 'Sighseeing', 'Torre Lamberti', 'Museo Conte', 'Museo Radio']",Santa Anastasia,strategy_nearest,False,0.002187013626098633,success
049B503A9C4C80,3,"['Castelvecchio', 'Casa Giulietta']",Santa Anastasia,"['AMO', 'Museo Conte', 'Palazzo della Ragione', 'Teatro Romano', 'Centro Fotografia']",Duomo,strategy_nearest,False,0.002679109573364258,success
049B553A9C4C80,2,['Casa Giulietta'],Duomo,"['AMO', 'Museo Miniscalchi', 'Santa Anastasia', 'Teatro Romano', 'Palazzo della Ragione']",Teatro Romano,strategy_nearest,True,0.0033769607543945312,success
049B563A9C4C80,3,"['Arena', 'Casa Giulietta']",Teatro Romano,"['Santa Anastasia', 'Duomo', 'AMO', 'Palazzo della Ragione', 'Museo Conte']",Torre Lamberti,strategy_nearest,False,0.0022509098052978516,success
049B5F3A9C4C80,0,['Castelvecchio'],Santa Anastasia,"['AMO', 'Museo Conte', 'Palazzo della Ragione', 'Teatro Romano', 'Centro Fotografia']",Arena,strategy_nearest,False,0.002530813217163086,success
049B66429C4C80,2,['Casa Giulietta'],Torre Lamberti,"['Sighseeing', 'Centro Fotografia', 'Museo Conte', 'Palazzo della Ragione', 'AMO']",Castelvecchio,strategy_nearest,False,0.0030260086059570312,success
049B573A9C4C80,3,['Castelvecchio'],Arena,"['Verona Tour', 'Museo Lapidario', 'Museo Radio', 'San Fermo', 'Casa Giulietta']",San Fermo,strategy_nearest,True,0.00368499755859375,success
049B653A9C4C80,3,"['Arena', 'Casa Giulietta', 'Tomba Giulietta']",Teatro Romano,"['Santa Anastasia', 'Duomo', 'AMO', 'Palazzo della Ragione', 'Museo Conte']",Duomo,strategy_nearest,True,0.003525257110595703,success
049B6B429C4C80,1,"['Tomba Giulietta', 'San Fermo', 'Casa Giulietta', 'Torre Lamberti']",Palazzo della Ragione,"['AMO', 'Museo Conte', 'Centro Fotografia', 'Sighseeing', 'Santa Anastasia']",Arena,strategy_nearest,False,0.003100872039794922,success
049B7A429C4C80,0,['Arena'],Casa Giulietta,"['Centro Fotografia', 'Sighseeing', 'Torre Lamberti', 'Museo Conte', 'Museo Radio']",Santa Anastasia,strategy_nearest,False,0.0025780200958251953,success
049B874A9C4C80,0,['Arena'],Casa Giulietta,"['Centro Fotografia', 'Sighseeing', 'Torre Lamberti', 'Museo Conte', 'Museo Radio']",Torre Lamberti,strategy_nearest,True,0.001953125,success
049B9C429C4C80,0,['Arena'],Castelvecchio,"['Museo Lapidario', 'Verona Tour', 'Museo Radio', 'San Zeno', 'Sighseeing']",Casa Giulietta,strategy_nearest,False,0.0030829906463623047,success
049B9F429C4C80,0,['Casa Giulietta'],San Fermo,"['Museo Storia', 'Museo Radio', 'Centro Fotografia', 'Arena', 'Sighseeing']",Arena,strategy_nearest,True,0.0030930042266845703,success
049BB14A9C4C80,0,['Castelvecchio'],Arena,"['Verona Tour', 'Museo Lapidario', 'Museo Radio', 'San Fermo', 'Casa Giulietta']",Casa Giulietta,strategy_nearest,True,0.004117012023925781,success
049BB23A9C4C80,0,['Arena'],Torre Lamberti,"['Sighseeing', 'Centro Fotografia', 'Museo Conte', 'Casa Giulietta', 'Palazzo della Ragione']",Torre Lamberti,strategy_nearest,False,0.0034461021423339844,success
049BB94A9C4C80,0,"['Teatro Romano', 'Arena']",San Fermo,"['Museo Storia', 'Museo Radio', 'Casa Giulietta', 'Centro Fotografia', 'Sighseeing']",Casa Giulietta,strategy_nearest,True,0.0020720958709716797,success
049BB44A9C4C80,1,"['Arena', 'Teatro Romano']",Duomo,"['AMO', 'Museo Miniscalchi', 'Santa Anastasia', 'Palazzo della Ragione', 'Museo Conte']",Casa Giulietta,strategy_nearest,False,0.001628875732421875,success
049BC0429C4C80,3,"['Castelvecchio', 'Arena']",Santa Anastasia,"['AMO', 'Museo Conte', 'Palazzo della Ragione', 'Teatro Romano', 'Centro Fotografia']",Casa Giulietta,strategy_nearest,False,0.002213001251220703,success
049BC1429C4C80,0,['Arena'],Casa Giulietta,"['Centro Fotografia', 'Sighseeing', 'Torre Lamberti', 'Museo Conte', 'Museo Radio']",Teatro Romano,strategy_nearest,False,0.002780914306640625,success
049BC74A9C4C80,0,['Casa Giulietta'],Santa Anastasia,"['AMO', 'Museo Conte', 'Palazzo della Ragione', 'Teatro Romano', 'Centro Fotografia']",Arena,strategy_nearest,False,0.0014007091522216797,success
049BC34A9C4C80,1,"['Arena', 'Teatro Romano', 'Santa Anastasia']",Palazzo della Ragione,"['AMO', 'Museo Conte', 'Torre Lamberti', 'Centro Fotografia', 'Sighseeing']",Casa Giulietta,strategy_nearest,False,0.003507852554321289,success
049BC84A9C4C80,3,"['Arena', 'Casa Giulietta']",Santa Anastasia,"['AMO', 'Museo Conte', 'Palazzo della Ragione', 'Teatro Romano', 'Centro Fotografia']",Teatro Romano,strategy_nearest,True,0.003301858901977539,success
049BCA3A9C4C80,0,['Arena'],Museo Lapidario,"['Verona Tour', 'Castelvecchio', 'Museo Radio', 'San Fermo', 'Casa Giulietta']",Torre Lamberti,strategy_nearest,False,0.0026879310607910156,success
049BCB429C4C80,4,"['Teatro Romano', 'Torre Lamberti', 'Casa Giulietta', 'Arena', 'Giardino Giusti']",Castelvecchio,"['Museo Lapidario', 'Verona Tour', 'Museo Radio', 'San Zeno', 'Sighseeing']",Palazzo della Ragione,strategy_nearest,False,0.0038650035858154297,success
049BD13A9C4C80,1,"['Torre Lamberti', 'Palazzo della Ragione', 'Santa Anastasia']",Teatro Romano,"['Duomo', 'AMO', 'Museo Conte', 'Centro Fotografia', 'Museo Miniscalchi']",Arena,strategy_nearest,False,0.0013897418975830078,success
049BE83A9C4C80,1,"['Palazzo della Ragione', 'Casa Giulietta']",Santa Anastasia,"['AMO', 'Museo Conte', 'Teatro Romano', 'Centro Fotografia', 'Duomo']",Duomo,strategy_nearest,True,0.0015218257904052734,success
049BE73A9C4C80,0,['Arena'],Casa Giulietta,"['Centro Fotografia', 'Sighseeing', 'Torre Lamberti', 'Museo Conte', 'Museo Radio']",San Zeno,strategy_nearest,False,0.0033347606658935547,success
049BEE3A9C4C80,0,"['Arena', 'Casa Giulietta']",Teatro Romano,"['Santa Anastasia', 'Duomo', 'AMO', 'Palazzo della Ragione', 'Museo Conte']",Duomo,strategy_nearest,True,0.0020151138305664062,success
049BD24A9C4C80,0,"['Arena', 'Casa Giulietta']",Duomo,"['AMO', 'Museo Miniscalchi', 'Santa Anastasia', 'Teatro Romano', 'Palazzo della Ragione']",Teatro Romano,strategy_nearest,True,0.003981113433837891,success
049BF1429C4C80,3,"['Arena', 'Castelvecchio', 'San Zeno']",San Fermo,"['Museo Storia', 'Museo Radio', 'Casa Giulietta', 'Centro Fotografia', 'Sighseeing']",Casa Giulietta,strategy_nearest,True,0.00273895263671875,success
049BF13A9C4C80,3,"['Castelvecchio', 'Arena']",Santa Anastasia,"['AMO', 'Museo Conte', 'Palazzo della Ragione', 'Teatro Romano', 'Centro Fotografia']",Teatro Romano,strategy_nearest,True,0.0014548301696777344,success
049BF9429C4C80,3,"['Museo Lapidario', 'Castelvecchio', 'Arena']",Tomba Giulietta,"['San Fermo', 'Museo Storia', 'Museo Radio', 'Verona Tour', 'Casa Giulietta']",Duomo,strategy_nearest,False,0.0019037723541259766,success
049BFC3A9C4C80,0,"['Castelvecchio', 'Arena']",Tomba Giulietta,"['San Fermo', 'Museo Storia', 'Museo Lapidario', 'Museo Radio', 'Verona Tour']",Casa Giulietta,strategy_nearest,False,0.0032491683959960938,success
049C014A9C4C84,1,['Arena'],Casa Giulietta,"['Centro Fotografia', 'Sighseeing', 'Torre Lamberti', 'Museo Conte', 'Museo Radio']",Palazzo della Ragione,strategy_nearest,False,0.003275156021118164,success
049BFC4A9C4C80,0,['Arena'],Torre Lamberti,"['Sighseeing', 'Centro Fotografia', 'Museo Conte', 'Casa Giulietta', 'Palazzo della Ragione']",Castelvecchio,strategy_nearest,False,0.0016720294952392578,success
049BFD4A9C4C80,0,['Arena'],Casa Giulietta,"['Centro Fotografia', 'Sighseeing', 'Torre Lamberti', 'Museo Conte', 'Museo Radio']",Teatro Romano,strategy_nearest,False,0.0025649070739746094,success
049C053A9C4C84,0,['Museo Lapidario'],Castelvecchio,"['Verona Tour', 'Arena', 'Museo Radio', 'San Zeno', 'Sighseeing']",Arena,strategy_nearest,True,0.0032749176025390625,success
049C084A9C4C80,0,['Arena'],Casa Giulietta,"['Centro Fotografia', 'Sighseeing', 'Torre Lamberti', 'Museo Conte', 'Museo Radio']",Torre Lamberti,strategy_nearest,True,0.0017161369323730469,success
049C084A9C4C84,0,['Casa Giulietta'],Santa Anastasia,"['AMO', 'Museo Conte', 'Palazzo della Ragione', 'Teatro Romano', 'Centro Fotografia']",Arena,strategy_nearest,False,0.0025491714477539062,success
049C064A9C4C84,0,['Arena'],Torre Lamberti,"['Sighseeing', 'Centro Fotografia', 'Museo Conte', 'Casa Giulietta', 'Palazzo della Ragione']",Duomo,strategy_nearest,False,0.003313302993774414,success
049C0C429C4C84,1,"['Casa Giulietta', 'Torre Lamberti', 'Palazzo della Ragione']",Arena,"['Verona Tour', 'Museo Lapidario', 'Museo Radio', 'San Fermo', 'Sighseeing']",Santa Anastasia,strategy_nearest,False,0.0013580322265625,success
049C0A4A9C4C84,3,"['Casa Giulietta', 'Santa Anastasia']",Teatro Romano,"['Duomo', 'AMO', 'Palazzo della Ragione', 'Museo Conte', 'Centro Fotografia']",Castelvecchio,strategy_nearest,False,0.00403594970703125,success
049C0A429C4C84,1,"['Casa Giulietta', 'Torre Lamberti', 'Palazzo della Ragione']",Santa Anastasia,"['AMO', 'Museo Conte', 'Teatro Romano', 'Centro Fotografia', 'Duomo']",Teatro Romano,strategy_nearest,True,0.0046901702880859375,success
049C104A9C4C84,0,['Arena'],Casa Giulietta,"['Centro Fotografia', 'Sighseeing', 'Torre Lamberti', 'Museo Conte', 'Museo Radio']",Torre Lamberti,strategy_nearest,True,0.0020961761474609375,success
049C12429C4C84,0,"['Arena', 'Castelvecchio']",San Zeno,"['Verona Tour', 'Museo Lapidario', 'Museo Miniscalchi', 'Sighseeing', 'Museo Radio']",Casa Giulietta,strategy_nearest,False,0.0027997493743896484,success
049C1E429C4C84,3,"['Arena', 'Casa Giulietta', 'Torre Lamberti']",Santa Anastasia,"['AMO', 'Museo Conte', 'Palazzo della Ragione', 'Teatro Romano', 'Centro Fotografia']",Duomo,strategy_nearest,False,0.0033049583435058594,success
049C204A9C4C80,1,"['Arena', 'Casa Giulietta', 'Palazzo della Ragione']",Santa Anastasia,"['AMO', 'Museo Conte', 'Teatro Romano', 'Centro Fotografia', 'Duomo']",Duomo,strategy_nearest,True,0.0021042823791503906,success
049C224A9C4C80,3,"['Santa Anastasia', 'Duomo']",Casa Giulietta,"['Centro Fotografia', 'Sighseeing', 'Torre Lamberti', 'Museo Conte', 'Museo Radio']",Teatro Romano,strategy_nearest,False,0.003377199172973633,success
049C23429C4C84,0,['Castelvecchio'],Torre Lamberti,"['Sighseeing', 'Centro Fotografia', 'Museo Conte', 'Casa Giulietta', 'Palazzo della Ragione']",Casa Giulietta,strategy_nearest,True,0.002852201461791992,success
049C2B429C4C80,1,"['Casa Giulietta', 'Torre Lamberti', 'Palazzo della Ragione', 'Santa Anastasia']",Duomo,"['AMO', 'Museo Miniscalchi', 'Teatro Romano', 'Museo Conte', 'Centro Fotografia']",Arena,strategy_nearest,False,0.0033562183380126953,success
049C253A9C4C84,4,"['Santa Anastasia', 'Duomo', 'Casa Giulietta', 'Torre Lamberti']",Palazzo della Ragione,"['AMO', 'Museo Conte', 'Centro Fotografia', 'Sighseeing', 'Museo Miniscalchi']",Arena,strategy_nearest,False,0.0023920536041259766,success
049C2D429C4C80,3,"['Arena', 'Casa Giulietta', 'Torre Lamberti']",Santa Anastasia,"['AMO', 'Museo Conte', 'Palazzo della Ragione', 'Teatro Romano', 'Centro Fotografia']",Duomo,strategy_nearest,False,0.003147125244140625,success
049C2E3A9C4C80,2,['Torre Lamberti'],Teatro Romano,"['Santa Anastasia', 'Duomo', 'AMO', 'Palazzo della Ragione', 'Museo Conte']",Giardino Giusti,strategy_nearest,False,0.0024099349975585938,success
049C35429C4C80,0,['Arena'],Casa Giulietta,"['Centro Fotografia', 'Sighseeing', 'Torre Lamberti', 'Museo Conte', 'Museo Radio']",Torre Lamberti,strategy_nearest,True,0.0025339126586914062,success
049C2E429C4C80,1,"['Castelvecchio', 'Arena']",Duomo,"['AMO', 'Museo Miniscalchi', 'Santa Anastasia', 'Teatro Romano', 'Palazzo della Ragione']",Torre Lamberti,strategy_nearest,False,0.002373933792114258,success
049C513A9C4C80,2,['Casa Giulietta'],Duomo,"['AMO', 'Museo Miniscalchi', 'Santa Anastasia', 'Teatro Romano', 'Palazzo della Ragione']",Teatro Romano,strategy_nearest,True,0.003368854522705078,success
049C5A3A9C4C80,3,"['Arena', 'Arena']",Santa Anastasia,"['AMO', 'Museo Conte', 'Palazzo della Ragione', 'Teatro Romano', 'Centro Fotografia']",Teatro Romano,strategy_nearest,True,0.0025489330291748047,success
049C563A9C4C80,3,"['Casa Giulietta', 'Duomo']",Teatro Romano,"['Santa Anastasia', 'AMO', 'Palazzo della Ragione', 'Museo Conte', 'Centro Fotografia']",San Fermo,strategy_nearest,False,0.0035429000854492188,success
049C573A9C4C80,6,"['Verona Tour', 'Arena']",Casa Giulietta,"['Centro Fotografia', 'Sighseeing', 'Torre Lamberti', 'Museo Conte', 'Museo Radio']",Castelvecchio,strategy_nearest,False,0.0032999515533447266,success
049C603A9C4C80,3,"['Santa Anastasia', 'Duomo', 'Teatro Romano', 'Casa Giulietta']",Castelvecchio,"['Museo Lapidario', 'Verona Tour', 'Arena', 'Museo Radio', 'San Zeno']",Arena,strategy_nearest,True,0.0031540393829345703,success
049C81429C4C80,3,['Arena'],Castelvecchio,"['Museo Lapidario', 'Verona Tour', 'Museo Radio', 'San Zeno', 'Sighseeing']",Teatro Romano,strategy_nearest,False,0.0030243396759033203,success
049C7D4A9C4C80,3,"['Santa Anastasia', 'Duomo']",Castelvecchio,"['Museo Lapidario', 'Verona Tour', 'Arena', 'Museo Radio', 'San Zeno']",Casa Giulietta,strategy_nearest,False,0.0019719600677490234,success
049C7F4A9C4C80,1,"['San Zeno', 'Castelvecchio', 'Arena']",Casa Giulietta,"['Centro Fotografia', 'Sighseeing', 'Torre Lamberti', 'Museo Conte', 'Museo Radio']",Tomba Giulietta,strategy_nearest,False,0.0025207996368408203,success
049C833A9C4C80,0,['Casa Giulietta'],Arena,"['Verona Tour', 'Museo Lapidario', 'Museo Radio', 'San Fermo', 'Sighseeing']",Castelvecchio,strategy_nearest,False,0.0031239986419677734,success
049C9A429C4C80,1,"['Arena', 'Casa Giulietta']",Palazzo della Ragione,"['AMO', 'Museo Conte', 'Torre Lamberti', 'Centro Fotografia', 'Sighseeing']",Torre Lamberti,strategy_nearest,True,0.00197601318359375,success
049C9B429C4C80,3,"['Casa Giulietta', 'Torre Lamberti']",Arena,"['Verona Tour', 'Museo Lapidario', 'Museo Radio', 'San Fermo', 'Sighseeing']",Castelvecchio,strategy_nearest,False,0.0024487972259521484,success
049C994A9C4C80,3,['Arena'],Casa Giulietta,"['Centro Fotografia', 'Sighseeing', 'Torre Lamberti', 'Museo Conte', 'Museo Radio']",Santa Anastasia,strategy_nearest,False,0.002753019332885742,success
049CAD4A9C4C80,1,"['Palazzo della Ragione', 'Torre Lamberti']",Arena,"['Verona Tour', 'Museo Lapidario', 'Museo Radio', 'San Fermo', 'Casa Giulietta']",Santa Anastasia,strategy_nearest,False,0.001798868179321289,success
049C9F429C4C80,0,['Teatro Romano'],Arena,"['Verona Tour', 'Museo Lapidario', 'Museo Radio', 'San Fermo', 'Casa Giulietta']",Casa Giulietta,strategy_nearest,True,0.003094911575317383,success
049CA34A9C4C80,0,['Arena'],Casa Giulietta,"['Centro Fotografia', 'Sighseeing', 'Torre Lamberti', 'Museo Conte', 'Museo Radio']",Torre Lamberti,strategy_nearest,True,0.0025081634521484375,success
049CAE4A9C4C80,3,"['Arena', 'Torre Lamberti']",Casa Giulietta,"['Centro Fotografia', 'Sighseeing', 'Museo Conte', 'Museo Radio', 'Palazzo della Ragione']",Santa Anastasia,strategy_nearest,False,0.0026056766510009766,success
049CAF4A9C4C80,0,['Arena'],Casa Giulietta,"['Centro Fotografia', 'Sighseeing', 'Torre Lamberti', 'Museo Conte', 'Museo Radio']",Duomo,strategy_nearest,False,0.0023810863494873047,success
049CB14A9C4C80,3,"['Arena', 'Castelvecchio', 'Museo Lapidario']",Tomba Giulietta,"['San Fermo', 'Museo Storia', 'Museo Radio', 'Verona Tour', 'Casa Giulietta']",San Fermo,strategy_nearest,True,0.004045009613037109,success
049CB34A9C4C80,1,"['Arena', 'Torre Lamberti', 'Palazzo della Ragione']",Casa Giulietta,"['Centro Fotografia', 'Sighseeing', 'Museo Conte', 'Museo Radio', 'San Fermo']",Santa Anastasia,strategy_nearest,False,0.002537965774536133,success
049CB8429C4C80,0,['Duomo'],Casa Giulietta,"['Centro Fotografia', 'Sighseeing', 'Torre Lamberti', 'Museo Conte', 'Museo Radio']",Arena,strategy_nearest,False,0.003365039825439453,success
049CB64A9C4C80,0,['Teatro Romano'],Duomo,"['AMO', 'Museo Miniscalchi', 'Santa Anastasia', 'Palazzo della Ragione', 'Museo Conte']",Casa Giulietta,strategy_nearest,False,0.0033271312713623047,success
049CB94A9C4C80,0,"['Arena', 'Casa Giulietta']",Teatro Romano,"['Santa Anastasia', 'Duomo', 'AMO', 'Palazzo della Ragione', 'Museo Conte']",Tomba Giulietta,strategy_nearest,False,0.002504110336303711,success
049CBB4A9C4C80,0,['Arena'],Casa Giulietta,"['Centro Fotografia', 'Sighseeing', 'Torre Lamberti', 'Museo Conte', 'Museo Radio']",Torre Lamberti,strategy_nearest,True,0.002991914749145508,success
049CBD429C4C80,0,"['Teatro Romano', 'Casa Giulietta', 'Torre Lamberti']",Arena,"['Verona Tour', 'Museo Lapidario', 'Museo Radio', 'San Fermo', 'Sighseeing']",Tomba Giulietta,strategy_nearest,False,0.0018050670623779297,success
049CBC3A9C4C80,0,['San Zeno'],Arena,"['Verona Tour', 'Museo Lapidario', 'Museo Radio', 'San Fermo', 'Casa Giulietta']",Casa Giulietta,strategy_nearest,True,0.0035400390625,success
049CC14A9C4C80,2,['Casa Giulietta'],Santa Anastasia,"['AMO', 'Museo Conte', 'Palazzo della Ragione', 'Teatro Romano', 'Centro Fotografia']",Teatro Romano,strategy_nearest,True,0.003383636474609375,success
049CC03A9C4C80,3,['Torre Lamberti'],Casa Giulietta,"['Centro Fotografia', 'Sighseeing', 'Museo Conte', 'Museo Radio', 'Palazzo della Ragione']",Santa Anastasia,strategy_nearest,False,0.003323793411254883,success
049CC84A9C4C80,0,['Arena'],Casa Giulietta,"['Centro Fotografia', 'Sighseeing', 'Torre Lamberti', 'Museo Conte', 'Museo Radio']",Duomo,strategy_nearest,False,0.0018880367279052734,success
049CC64A9C4C80,4,"['Arena', 'Casa Giulietta', 'Palazzo della Ragione']",Torre Lamberti,"['Sighseeing', 'Centro Fotografia', 'Museo Conte', 'AMO', 'Museo Miniscalchi']",Santa Anastasia,strategy_nearest,False,0.004539012908935547,success
049CC8429C4C80,1,"['Castelvecchio', 'Museo Lapidario', 'Arena']",Casa Giulietta,"['Centro Fotografia', 'Sighseeing', 'Torre Lamberti', 'Museo Conte', 'Museo Radio']",Torre Lamberti,strategy_nearest,True,0.0019237995147705078,success
049CCA4A9C4C80,3,"['Arena', 'Casa Giulietta']",San Fermo,"['Museo Storia', 'Museo Radio', 'Centro Fotografia', 'Sighseeing', 'Torre Lamberti']",Duomo,strategy_nearest,False,0.003190755844116211,success
049CCF429C4C80,1,"['Arena', 'Castelvecchio', 'San Zeno']",Teatro Romano,"['Santa Anastasia', 'Duomo', 'AMO', 'Palazzo della Ragione', 'Museo Conte']",Torre Lamberti,strategy_nearest,False,0.0027887821197509766,success
049CD24A9C4C80,1,"['Palazzo della Ragione', 'Torre Lamberti', 'Casa Giulietta']",Santa Anastasia,"['AMO', 'Museo Conte', 'Teatro Romano', 'Centro Fotografia', 'Duomo']",Duomo,strategy_nearest,True,0.0029218196868896484,success
049CD0429C4C80,1,"['Santa Anastasia', 'Torre Lamberti', 'Arena', 'San Zeno']",Giardino Giusti,"['Teatro Romano', 'Museo Conte', 'Centro Fotografia', 'Museo Storia', 'AMO']",Teatro Romano,strategy_nearest,True,0.0031719207763671875,success
049CD14A9C4C80,3,"['Castelvecchio', 'Duomo']",Santa Anastasia,"['AMO', 'Museo Conte', 'Palazzo della Ragione', 'Teatro Romano', 'Centro Fotografia']",Casa Giulietta,strategy_nearest,False,0.002521991729736328,success
049CD43A9C4C80,3,"['Arena', 'Torre Lamberti']",Tomba Giulietta,"['San Fermo', 'Museo Storia', 'Museo Lapidario', 'Museo Radio', 'Verona Tour']",Santa Anastasia,strategy_nearest,False,0.002101898193359375,success
049CEA4A9C4C80,0,['Arena'],Casa Giulietta,"['Centro Fotografia', 'Sighseeing', 'Torre Lamberti', 'Museo Conte', 'Museo Radio']",Santa Anastasia,strategy_nearest,False,0.0019881725311279297,success
049CEF3A9C4C80,2,"['Castelvecchio', 'Casa Giulietta']",Torre Lamberti,"['Sighseeing', 'Centro Fotografia', 'Museo Conte', 'Palazzo della Ragione', 'AMO']",Tomba Giulietta,strategy_nearest,False,0.0025856494903564453,success
049CF34A9C4C80,1,"['Arena', 'Palazzo della Ragione']",Torre Lamberti,"['Sighseeing', 'Centro Fotografia', 'Museo Conte', 'Casa Giulietta', 'AMO']",Casa Giulietta,strategy_nearest,True,0.0033850669860839844,success
049D04429C4C84,1,"['Museo Lapidario', 'Palazzo della Ragione']",Arena,"['Verona Tour', 'Museo Radio', 'San Fermo', 'Casa Giulietta', 'Sighseeing']",Casa Giulietta,strategy_nearest,True,0.0018939971923828125,success
049D014A9C4C84,3,"['Castelvecchio', 'San Fermo', 'Tomba Giulietta']",Arena,"['Verona Tour', 'Museo Lapidario', 'Museo Radio', 'Casa Giulietta', 'Sighseeing']",Casa Giulietta,strategy_nearest,True,0.003345966339111328,success
049D054A9C4C84,0,['Arena'],Casa Giulietta,"['Centro Fotografia', 'Sighseeing', 'Torre Lamberti', 'Museo Conte', 'Museo Radio']",Torre Lamberti,strategy_nearest,True,0.0033769607543945312,success
049D004A9C4C84,1,"['Arena', 'Casa Giulietta']",San Fermo,"['Museo Storia', 'Museo Radio', 'Centro Fotografia', 'Sighseeing', 'Torre Lamberti']",Palazzo della Ragione,strategy_nearest,False,0.0036013126373291016,success
049D0B4A9C4C84,0,['Castelvecchio'],Arena,"['Verona Tour', 'Museo Lapidario', 'Museo Radio', 'San Fermo', 'Casa Giulietta']",Casa Giulietta,strategy_nearest,True,0.0016140937805175781,success
049D1A429C4C84,0,['Arena'],Castelvecchio,"['Museo Lapidario', 'Verona Tour', 'Museo Radio', 'San Zeno', 'Sighseeing']",Casa Giulietta,strategy_nearest,False,0.00267791748046875,success
049D1C429C4C84,3,['Torre Lamberti'],Casa Giulietta,"['Centro Fotografia', 'Sighseeing', 'Museo Conte', 'Museo Radio', 'Palazzo della Ragione']",Santa Anastasia,strategy_nearest,False,0.002933025360107422,success
049D25429C4C84,3,"['Castelvecchio', 'Arena']",Casa Giulietta,"['Centro Fotografia', 'Sighseeing', 'Torre Lamberti', 'Museo Conte', 'Museo Radio']",Teatro Romano,strategy_nearest,False,0.002460002899169922,success
049D20429C4C80,1,"['Arena', 'Casa Giulietta', 'Teatro Romano']",Duomo,"['AMO', 'Museo Miniscalchi', 'Santa Anastasia', 'Palazzo della Ragione', 'Museo Conte']",Santa Anastasia,strategy_nearest,True,0.003258228302001953,success
049D3D429C4C80,0,['Casa Giulietta'],Torre Lamberti,"['Sighseeing', 'Centro Fotografia', 'Museo Conte', 'Palazzo della Ragione', 'AMO']",Arena,strategy_nearest,False,0.00234222412109375,success
049D404A9C4C80,3,"['Arena', 'Tomba Giulietta']",Teatro Romano,"['Santa Anastasia', 'Duomo', 'AMO', 'Palazzo della Ragione', 'Museo Conte']",Santa Anastasia,strategy_nearest,True,0.003400087356567383,success
049D2D429C4C80,0,['Santa Anastasia'],Arena,"['Verona Tour', 'Museo Lapidario', 'Museo Radio', 'San Fermo', 'Casa Giulietta']",Castelvecchio,strategy_nearest,False,0.004873991012573242,success
049D364A9C4C80,0,"['Castelvecchio', 'Casa Giulietta', 'Arena']",Casa Giulietta,"['Centro Fotografia', 'Sighseeing', 'Torre Lamberti', 'Museo Conte', 'Museo Radio']",Torre Lamberti,strategy_nearest,True,0.0011796951293945312,success
049D454A9C4C80,1,"['Arena', 'Casa Giulietta', 'Torre Lamberti']",Palazzo della Ragione,"['AMO', 'Museo Conte', 'Centro Fotografia', 'Sighseeing', 'Santa Anastasia']",Santa Anastasia,strategy_nearest,True,0.0013260841369628906,success
049D423A9C4C80,3,"['Santa Anastasia', 'Torre Lamberti']",Castelvecchio,"['Museo Lapidario', 'Verona Tour', 'Arena', 'Museo Radio', 'San Zeno']",Arena,strategy_nearest,True,0.0020890235900878906,success
049D45429C4C80,3,"['Arena', 'Casa Giulietta']",Torre Lamberti,"['Sighseeing', 'Centro Fotografia', 'Museo Conte', 'Palazzo della Ragione', 'AMO']",Santa Anastasia,strategy_nearest,False,0.0028879642486572266,success
049D4E3A9C4C80,0,['Castelvecchio'],Giardino Giusti,"['Santa Anastasia', 'Teatro Romano', 'Museo Conte', 'Centro Fotografia', 'Museo Storia']",Casa Giulietta,strategy_nearest,False,0.0034151077270507812,success
049D4F4A9C4C80,0,['Arena'],Casa Giulietta,"['Centro Fotografia', 'Sighseeing', 'Torre Lamberti', 'Museo Conte', 'Museo Radio']",Castelvecchio,strategy_nearest,False,0.0022630691528320312,success
049D6D3A9C4C80,2,"['San Fermo', 'Casa Giulietta', 'Torre Lamberti']",Santa Anastasia,"['AMO', 'Museo Conte', 'Palazzo della Ragione', 'Teatro Romano', 'Centro Fotografia']",Teatro Romano,strategy_nearest,True,0.002543210983276367,success
049D5C429C4C80,3,['Castelvecchio'],Santa Anastasia,"['AMO', 'Museo Conte', 'Palazzo della Ragione', 'Teatro Romano', 'Centro Fotografia']",Arena,strategy_nearest,False,0.0026009082794189453,success
049D754A9C4C80,3,"['Arena', 'Casa Giulietta']",Torre Lamberti,"['Sighseeing', 'Centro Fotografia', 'Museo Conte', 'Palazzo della Ragione', 'AMO']",Santa Anastasia,strategy_nearest,False,0.002991199493408203,success
049D543A9C4C80,1,"['Arena', 'Casa Giulietta']",Torre Lamberti,"['Sighseeing', 'Centro Fotografia', 'Museo Conte', 'Palazzo della Ragione', 'AMO']",Palazzo della Ragione,strategy_nearest,True,0.004214048385620117,success
049D7D4A9C4C80,1,"['Castelvecchio', 'Casa Giulietta']",Torre Lamberti,"['Sighseeing', 'Centro Fotografia', 'Museo Conte', 'Palazzo della Ragione', 'AMO']",Palazzo della Ragione,strategy_nearest,True,0.0032320022583007812,success
049D88429C4C80,0,['Arena'],Torre Lamberti,"['Sighseeing', 'Centro Fotografia', 'Museo Conte', 'Casa Giulietta', 'Palazzo della Ragione']",Duomo,strategy_nearest,False,0.002490997314453125,success
049D8B4A9C4C80,1,"['Casa Giulietta', 'Palazzo della Ragione', 'Torre Lamberti']",Santa Anastasia,"['AMO', 'Museo Conte', 'Teatro Romano', 'Centro Fotografia', 'Duomo']",Duomo,strategy_nearest,True,0.0020606517791748047,success
049D89429C4C80,0,['Arena'],Casa Giulietta,"['Centro Fotografia', 'Sighseeing', 'Torre Lamberti', 'Museo Conte', 'Museo Radio']",Castelvecchio,strategy_nearest,False,0.003368854522705078,success
049D9D429C4C80,3,"['Torre Lamberti', 'Arena']",Castelvecchio,"['Museo Lapidario', 'Verona Tour', 'Museo Radio', 'San Zeno', 'Sighseeing']",San Zeno,strategy_nearest,True,0.003229856491088867,success
049D934A9C4C80,0,"['Castelvecchio', 'Museo Lapidario']",Arena,"['Verona Tour', 'Museo Radio', 'San Fermo', 'Casa Giulietta', 'Sighseeing']",Casa Giulietta,strategy_nearest,True,0.0026628971099853516,success
049DA2429C4C80,3,"['Arena', 'Torre Lamberti']",Teatro Romano,"['Santa Anastasia', 'Duomo', 'AMO', 'Palazzo della Ragione', 'Museo Conte']",Duomo,strategy_nearest,True,0.003936767578125,success
049DAF4A9C4C80,1,"['Arena', 'Palazzo della Ragione']",Torre Lamberti,"['Sighseeing', 'Centro Fotografia', 'Museo Conte', 'Casa Giulietta', 'AMO']",Duomo,strategy_nearest,False,0.0020492076873779297,success
049DA5429C4C80,0,['Arena'],Casa Giulietta,"['Centro Fotografia', 'Sighseeing', 'Torre Lamberti', 'Museo Conte', 'Museo Radio']",Torre Lamberti,strategy_nearest,True,0.0013260841369628906,success
049DB04A9C4C80,0,['Arena'],Casa Giulietta,"['Centro Fotografia', 'Sighseeing', 'Torre Lamberti', 'Museo Conte', 'Museo Radio']",Museo Lapidario,strategy_nearest,False,0.003325939178466797,success
049DB33A9C4C80,0,['Arena'],Casa Giulietta,"['Centro Fotografia', 'Sighseeing', 'Torre Lamberti', 'Museo Conte', 'Museo Radio']",Casa Giulietta,strategy_nearest,False,0.00164794921875,success
049DB83A9C4C80,0,['Arena'],Casa Giulietta,"['Centro Fotografia', 'Sighseeing', 'Torre Lamberti', 'Museo Conte', 'Museo Radio']",Duomo,strategy_nearest,False,0.0030384063720703125,success
049DB64A9C4C80,0,['Arena'],Casa Giulietta,"['Centro Fotografia', 'Sighseeing', 'Torre Lamberti', 'Museo Conte', 'Museo Radio']",Torre Lamberti,strategy_nearest,True,0.002560853958129883,success
049DBA4A9C4C80,3,"['Arena', 'Museo Lapidario', 'Casa Giulietta']",Torre Lamberti,"['Sighseeing', 'Centro Fotografia', 'Museo Conte', 'Palazzo della Ragione', 'AMO']",Santa Anastasia,strategy_nearest,False,0.003183126449584961,success
049DC1429C4C80,0,['Castelvecchio'],Arena,"['Verona Tour', 'Museo Lapidario', 'Museo Radio', 'San Fermo', 'Casa Giulietta']",Casa Giulietta,strategy_nearest,True,0.0026922225952148438,success
049DC44A9C4C80,3,"['Arena', 'Casa Giulietta']",Santa Anastasia,"['AMO', 'Museo Conte', 'Palazzo della Ragione', 'Teatro Romano', 'Centro Fotografia']",Teatro Romano,strategy_nearest,True,0.0030608177185058594,success
049DC2429C4C80,0,['Arena'],Casa Giulietta,"['Centro Fotografia', 'Sighseeing', 'Torre Lamberti', 'Museo Conte', 'Museo Radio']",Torre Lamberti,strategy_nearest,True,0.0019168853759765625,success
049DC74A9C4C80,0,['Arena'],Casa Giulietta,"['Centro Fotografia', 'Sighseeing', 'Torre Lamberti', 'Museo Conte', 'Museo Radio']",Torre Lamberti,strategy_nearest,True,0.0029380321502685547,success
049DC94A9C4C80,2,['Casa Giulietta'],Palazzo della Ragione,"['AMO', 'Museo Conte', 'Torre Lamberti', 'Centro Fotografia', 'Sighseeing']",Torre Lamberti,strategy_nearest,True,0.002582073211669922,success
049DCB4A9C4C80,1,"['Arena', 'Torre Lamberti', 'Palazzo della Ragione']",Casa Giulietta,"['Centro Fotografia', 'Sighseeing', 'Museo Conte', 'Museo Radio', 'San Fermo']",Santa Anastasia,strategy_nearest,False,0.002560853958129883,success
049DCE4A9C4C80,0,"['Arena', 'San Fermo']",Teatro Romano,"['Santa Anastasia', 'Duomo', 'AMO', 'Palazzo della Ragione', 'Museo Conte']",Castelvecchio,strategy_nearest,False,0.003366231918334961,success
049DD04A9C4C80,1,['Arena'],Casa Giulietta,"['Centro Fotografia', 'Sighseeing', 'Torre Lamberti', 'Museo Conte', 'Museo Radio']",Torre Lamberti,strategy_nearest,True,0.0031440258026123047,success
049DD24A9C4C80,2,"['Museo Lapidario', 'Torre Lamberti']",Casa Giulietta,"['Centro Fotografia', 'Sighseeing', 'Museo Conte', 'Museo Radio', 'Palazzo della Ragione']",San Fermo,strategy_nearest,False,0.003933906555175781,success
049DD9429C4C80,0,['Arena'],Castelvecchio,"['Museo Lapidario', 'Verona Tour', 'Museo Radio', 'San Zeno', 'Sighseeing']",Torre Lamberti,strategy_nearest,False,0.0023529529571533203,success
049DE94A9C4C80,3,"['Arena', 'Casa Giulietta']",Tomba Giulietta,"['San Fermo', 'Museo Storia', 'Museo Lapidario', 'Museo Radio', 'Verona Tour']",San Fermo,strategy_nearest,True,0.0031423568725585938,success
049DEA4A9C4C80,2,"['Casa Giulietta', 'Torre Lamberti']",Teatro Romano,"['Santa Anastasia', 'Duomo', 'AMO', 'Palazzo della Ragione', 'Museo Conte']",Duomo,strategy_nearest,True,0.0031561851501464844,success
049DF24A9C4C80,0,['Arena'],Casa Giulietta,"['Centro Fotografia', 'Sighseeing', 'Torre Lamberti', 'Museo Conte', 'Museo Radio']",Castelvecchio,strategy_nearest,False,0.0033409595489501953,success
049DF7429C4C80,2,"['Torre Lamberti', 'Duomo']",Teatro Romano,"['Santa Anastasia', 'AMO', 'Palazzo della Ragione', 'Museo Conte', 'Centro Fotografia']",Santa Anastasia,strategy_nearest,True,0.0018630027770996094,success
049DF44A9C4C80,3,['Arena'],Santa Anastasia,"['AMO', 'Museo Conte', 'Palazzo della Ragione', 'Teatro Romano', 'Centro Fotografia']",Teatro Romano,strategy_nearest,True,0.00390625,success
049E024A9C4C84,0,['Arena'],Santa Anastasia,"['AMO', 'Museo Conte', 'Palazzo della Ragione', 'Teatro Romano', 'Centro Fotografia']",Casa Giulietta,strategy_nearest,False,0.0020132064819335938,success
049DFF429C4C80,3,"['Torre Lamberti', 'Santa Anastasia', 'Duomo']",Castelvecchio,"['Museo Lapidario', 'Verona Tour', 'Arena', 'Museo Radio', 'San Zeno']",San Zeno,strategy_nearest,True,0.0033638477325439453,success
049DF84A9C4C80,3,"['Arena', 'Casa Giulietta']",Torre Lamberti,"['Sighseeing', 'Centro Fotografia', 'Museo Conte', 'Palazzo della Ragione', 'AMO']",Santa Anastasia,strategy_nearest,False,0.0045931339263916016,success
049E004A9C4C84,3,"['Arena', 'Torre Lamberti']",Casa Giulietta,"['Centro Fotografia', 'Sighseeing', 'Museo Conte', 'Museo Radio', 'Palazzo della Ragione']",Santa Anastasia,strategy_nearest,False,0.001531839370727539,success
049E0D4A9C4C84,0,['Arena'],Casa Giulietta,"['Centro Fotografia', 'Sighseeing', 'Torre Lamberti', 'Museo Conte', 'Museo Radio']",Castelvecchio,strategy_nearest,False,0.002809762954711914,success
049E16429C4C84,3,"['Duomo', 'Santa Anastasia', 'Torre Lamberti']",Casa Giulietta,"['Centro Fotografia', 'Sighseeing', 'Museo Conte', 'Museo Radio', 'Palazzo della Ragione']",Teatro Romano,strategy_nearest,False,0.003280162811279297,success
049E044A9C4C84,3,"['Arena', 'San Fermo', 'Teatro Romano']",Duomo,"['AMO', 'Museo Miniscalchi', 'Santa Anastasia', 'Palazzo della Ragione', 'Museo Conte']",Torre Lamberti,strategy_nearest,False,0.0022461414337158203,success
049E15429C4C84,0,['Arena'],Torre Lamberti,"['Sighseeing', 'Centro Fotografia', 'Museo Conte', 'Casa Giulietta', 'Palazzo della Ragione']",Casa Giulietta,strategy_nearest,True,0.0014438629150390625,success
049E21429C4C84,0,"['Castelvecchio', 'Arena']",Tomba Giulietta,"['San Fermo', 'Museo Storia', 'Museo Lapidario', 'Museo Radio', 'Verona Tour']",Teatro Romano,strategy_nearest,False,0.0020780563354492188,success
049E20429C4C80,1,"['Arena', 'Casa Giulietta']",Tomba Giulietta,"['San Fermo', 'Museo Storia', 'Museo Lapidario', 'Museo Radio', 'Verona Tour']",Torre Lamberti,strategy_nearest,False,0.0014770030975341797,success
049E164A9C4C80,0,"['Arena', 'Castelvecchio']",San Zeno,"['Verona Tour', 'Museo Lapidario', 'Museo Miniscalchi', 'Sighseeing', 'Museo Radio']",Museo Lapidario,strategy_nearest,True,0.003426074981689453,success
049E26429C4C84,1,"['Arena', 'Casa Giulietta', 'Palazzo della Ragione']",Torre Lamberti,"['Sighseeing', 'Centro Fotografia', 'Museo Conte', 'AMO', 'Museo Miniscalchi']",Santa Anastasia,strategy_nearest,False,0.003196239471435547,success
049E283A9C4C80,0,['San Zeno'],Casa Giulietta,"['Centro Fotografia', 'Sighseeing', 'Torre Lamberti', 'Museo Conte', 'Museo Radio']",Arena,strategy_nearest,False,0.003284931182861328,success
049E2E429C4C80,0,['Arena'],Giardino Giusti,"['Santa Anastasia', 'Teatro Romano', 'Museo Conte', 'Centro Fotografia', 'Museo Storia']",Teatro Romano,strategy_nearest,True,0.0019769668579101562,success
049E313A9C4C80,0,"['Casa Giulietta', 'Arena']",Castelvecchio,"['Museo Lapidario', 'Verona Tour', 'Museo Radio', 'San Zeno', 'Sighseeing']",Teatro Romano,strategy_nearest,False,0.0029349327087402344,success
049E28429C4C84,0,['Arena'],Duomo,"['AMO', 'Museo Miniscalchi', 'Santa Anastasia', 'Teatro Romano', 'Palazzo della Ragione']",Casa Giulietta,strategy_nearest,False,0.001447916030883789,success
049E3B429C4C80,2,"['Casa Giulietta', 'Palazzo della Ragione', 'Torre Lamberti', 'Santa Anastasia']",Duomo,"['AMO', 'Museo Miniscalchi', 'Teatro Romano', 'Museo Conte', 'Centro Fotografia']",Teatro Romano,strategy_nearest,True,0.0015270709991455078,success
049E3F3A9C4C80,1,"['Arena', 'Casa Giulietta', 'Torre Lamberti']",Palazzo della Ragione,"['AMO', 'Museo Conte', 'Centro Fotografia', 'Sighseeing', 'Santa Anastasia']",Santa Anastasia,strategy_nearest,True,0.002665996551513672,success
049E3F4A9C4C80,2,"['Tomba Giulietta', 'Casa Giulietta']",Torre Lamberti,"['Sighseeing', 'Centro Fotografia', 'Museo Conte', 'Palazzo della Ragione', 'AMO']",Teatro Romano,strategy_nearest,False,0.0019609928131103516,success
049E4D4A9C4C80,3,['Arena'],Casa Giulietta,"['Centro Fotografia', 'Sighseeing', 'Torre Lamberti', 'Museo Conte', 'Museo Radio']",Torre Lamberti,strategy_nearest,True,0.0009729862213134766,success
049E513A9C4C80,2,['Casa Giulietta'],Duomo,"['AMO', 'Museo Miniscalchi', 'Santa Anastasia', 'Teatro Romano', 'Palazzo della Ragione']",Teatro Romano,strategy_nearest,True,0.0015571117401123047,success
049E6F3A9C4C80,3,"['Arena', 'Casa Giulietta']",San Zeno,"['Castelvecchio', 'Verona Tour', 'Museo Lapidario', 'Museo Miniscalchi', 'Sighseeing']",Duomo,strategy_nearest,False,0.0022978782653808594,success
049E70429C4C80,0,"['Arena', 'Casa Giulietta']",Torre Lamberti,"['Sighseeing', 'Centro Fotografia', 'Museo Conte', 'Palazzo della Ragione', 'AMO']",Castelvecchio,strategy_nearest,False,0.002821683883666992,success
049E754A9C4C80,3,"['Arena', 'Casa Giulietta']",San Fermo,"['Museo Storia', 'Museo Radio', 'Centro Fotografia', 'Sighseeing', 'Torre Lamberti']",Santa Anastasia,strategy_nearest,False,0.0032868385314941406,success
049E7D4A9C4C80,3,['Santa Anastasia'],Duomo,"['AMO', 'Museo Miniscalchi', 'Teatro Romano', 'Palazzo della Ragione', 'Museo Conte']",Casa Giulietta,strategy_nearest,False,0.0015916824340820312,success
049E873A9C4C80,0,['Arena'],San Fermo,"['Museo Storia', 'Museo Radio', 'Casa Giulietta', 'Centro Fotografia', 'Sighseeing']",Casa Giulietta,strategy_nearest,True,0.0022296905517578125,success
049E7C429C4C80,3,"['Arena', 'Casa Giulietta', 'Santa Anastasia']",Duomo,"['AMO', 'Museo Miniscalchi', 'Teatro Romano', 'Palazzo della Ragione', 'Museo Conte']",Teatro Romano,strategy_nearest,True,0.0030868053436279297,success
049E90429C4C80,0,['Arena'],Casa Giulietta,"['Centro Fotografia', 'Sighseeing', 'Torre Lamberti', 'Museo Conte', 'Museo Radio']",Torre Lamberti,strategy_nearest,True,0.003445148468017578,success
049E914A9C4C80,3,['Duomo'],Santa Anastasia,"['AMO', 'Museo Conte', 'Palazzo della Ragione', 'Teatro Romano', 'Centro Fotografia']",Arena,strategy_nearest,False,0.001338958740234375,success
049E924A9C4C80,1,"['Arena', 'Casa Giulietta']",San Fermo,"['Museo Storia', 'Museo Radio', 'Centro Fotografia', 'Sighseeing', 'Torre Lamberti']",Palazzo della Ragione,strategy_nearest,False,0.0018229484558105469,success
049E974A9C4C80,0,['Arena'],Casa Giulietta,"['Centro Fotografia', 'Sighseeing', 'Torre Lamberti', 'Museo Conte', 'Museo Radio']",Castelvecchio,strategy_nearest,False,0.0022318363189697266,success
049E95429C4C80,3,"['Arena', 'Casa Giulietta']",Santa Anastasia,"['AMO', 'Museo Conte', 'Palazzo della Ragione', 'Teatro Romano', 'Centro Fotografia']",Teatro Romano,strategy_nearest,True,0.0014438629150390625,success
049E99429C4C80,1,"['Casa Giulietta', 'Torre Lamberti']",Palazzo della Ragione,"['AMO', 'Museo Conte', 'Centro Fotografia', 'Sighseeing', 'Santa Anastasia']",Arena,strategy_nearest,False,0.0030608177185058594,success
049E964A9C4C80,2,['Casa Giulietta'],Santa Anastasia,"['AMO', 'Museo Conte', 'Palazzo della Ragione', 'Teatro Romano', 'Centro Fotografia']",Duomo,strategy_nearest,False,0.003926992416381836,success
049EA04A9C4C80,0,['Arena'],Casa Giulietta,"['Centro Fotografia', 'Sighseeing', 'Torre Lamberti', 'Museo Conte', 'Museo Radio']",Torre Lamberti,strategy_nearest,True,0.0018200874328613281,success
049EAF4A9C4C80,2,['Torre Lamberti'],San Fermo,"['Museo Storia', 'Museo Radio', 'Casa Giulietta', 'Centro Fotografia', 'Arena']",Teatro Romano,strategy_nearest,False,0.0021920204162597656,success
049EAE3A9C4C80,3,"['Arena', 'Casa Giulietta']",Torre Lamberti,"['Sighseeing', 'Centro Fotografia', 'Museo Conte', 'Palazzo della Ragione', 'AMO']",Santa Anastasia,strategy_nearest,False,0.002846956253051758,success
049EA5429C4C80,1,"['Arena', 'Casa Giulietta']",Teatro Romano,"['Santa Anastasia', 'Duomo', 'AMO', 'Palazzo della Ragione', 'Museo Conte']",Castelvecchio,strategy_nearest,False,0.003634929656982422,success
049EB74A9C4C80,3,"['Arena', 'Casa Giulietta']",Santa Anastasia,"['AMO', 'Museo Conte', 'Palazzo della Ragione', 'Teatro Romano', 'Centro Fotografia']",Castelvecchio,strategy_nearest,False,0.0020029544830322266,success
049EB33A9C4C80,1,['Arena'],Palazzo della Ragione,"['AMO', 'Museo Conte', 'Torre Lamberti', 'Centro Fotografia', 'Sighseeing']",Torre Lamberti,strategy_nearest,True,0.0015492439270019531,success
049EB34A9C4C80,0,['Casa Giulietta'],Arena,"['Verona Tour', 'Museo Lapidario', 'Museo Radio', 'San Fermo', 'Sighseeing']",Castelvecchio,strategy_nearest,False,0.003367900848388672,success
049EB5429C4C80,0,"['Arena', 'Casa Giulietta']",Torre Lamberti,"['Sighseeing', 'Centro Fotografia', 'Museo Conte', 'Palazzo della Ragione', 'AMO']",Castelvecchio,strategy_nearest,False,0.0026428699493408203,success
049EC64A9C4C80,0,"['Arena', 'Torre Lamberti']",Casa Giulietta,"['Centro Fotografia', 'Sighseeing', 'Museo Conte', 'Museo Radio', 'Palazzo della Ragione']",Teatro Romano,strategy_nearest,False,0.002137899398803711,success
049EC84A9C4C80,0,['Arena'],Palazzo della Ragione,"['AMO', 'Museo Conte', 'Torre Lamberti', 'Centro Fotografia', 'Sighseeing']",Casa Giulietta,strategy_nearest,False,0.0015130043029785156,success
049ECB4A9C4C80,0,"['Arena', 'Casa Giulietta']",Teatro Romano,"['Santa Anastasia', 'Duomo', 'AMO', 'Palazzo della Ragione', 'Museo Conte']",Duomo,strategy_nearest,True,0.0031850337982177734,success
049EC94A9C4C80,0,['Arena'],Casa Giulietta,"['Centro Fotografia', 'Sighseeing', 'Torre Lamberti', 'Museo Conte', 'Museo Radio']",Teatro Romano,strategy_nearest,False,0.0026421546936035156,success
049ECE4A9C4C80,0,['Arena'],Casa Giulietta,"['Centro Fotografia', 'Sighseeing', 'Torre Lamberti', 'Museo Conte', 'Museo Radio']",Torre Lamberti,strategy_nearest,True,0.001378774642944336,success
049ECD4A9C4C80,0,"['Arena', 'San Fermo']",Casa Giulietta,"['Centro Fotografia', 'Sighseeing', 'Torre Lamberti', 'Museo Conte', 'Museo Radio']",Torre Lamberti,strategy_nearest,True,0.0020399093627929688,success
049ECC4A9C4C80,3,"['Arena', 'Castelvecchio', 'San Zeno', 'Duomo']",Santa Anastasia,"['AMO', 'Museo Conte', 'Palazzo della Ragione', 'Teatro Romano', 'Centro Fotografia']",Teatro Romano,strategy_nearest,True,0.0028679370880126953,success
049ED13A9C4C80,1,"['Casa Giulietta', 'Torre Lamberti']",Palazzo della Ragione,"['AMO', 'Museo Conte', 'Centro Fotografia', 'Sighseeing', 'Santa Anastasia']",Arena,strategy_nearest,False,0.003216266632080078,success
049EFF429C4C80,3,['Santa Anastasia'],Duomo,"['AMO', 'Museo Miniscalchi', 'Teatro Romano', 'Palazzo della Ragione', 'Museo Conte']",Arena,strategy_nearest,False,0.003495931625366211,success
049EDD3A9C4C80,0,"['Casa Giulietta', 'Teatro Romano']",Arena,"['Verona Tour', 'Museo Lapidario', 'Museo Radio', 'San Fermo', 'Sighseeing']",Castelvecchio,strategy_nearest,False,0.0018548965454101562,success
049EE2429C4C80,2,"['Casa Giulietta', 'Torre Lamberti', 'Santa Anastasia']",Teatro Romano,"['Duomo', 'AMO', 'Palazzo della Ragione', 'Museo Conte', 'Centro Fotografia']",San Zeno,strategy_nearest,False,0.0029540061950683594,success
049F024A9C4C84,3,['Arena'],Casa Giulietta,"['Centro Fotografia', 'Sighseeing', 'Torre Lamberti', 'Museo Conte', 'Museo Radio']",Santa Anastasia,strategy_nearest,False,0.00202178955078125,success
049F0D3A9C4C84,4,['Arena'],Museo Radio,"['Casa Giulietta', 'San Fermo', 'Sighseeing', 'Torre Lamberti', 'Centro Fotografia']",Tomba Giulietta,strategy_nearest,False,0.0021779537200927734,success
049F064A9C4C80,1,"['Arena', 'Casa Giulietta', 'Torre Lamberti']",Palazzo della Ragione,"['AMO', 'Museo Conte', 'Centro Fotografia', 'Sighseeing', 'Santa Anastasia']",Santa Anastasia,strategy_nearest,True,0.001661062240600586,success
049F064A9C4C84,3,"['Arena', 'Casa Giulietta']",Santa Anastasia,"['AMO', 'Museo Conte', 'Palazzo della Ragione', 'Teatro Romano', 'Centro Fotografia']",Teatro Romano,strategy_nearest,True,0.0029532909393310547,success
049F103A9C4C80,3,"['Arena', 'Casa Giulietta', 'Santa Anastasia']",Giardino Giusti,"['Teatro Romano', 'Museo Conte', 'Centro Fotografia', 'Museo Storia', 'AMO']",Duomo,strategy_nearest,False,0.003282308578491211,success
049F113A9C4C80,1,"['Palazzo della Ragione', 'Arena', 'Casa Giulietta']",Giardino Giusti,"['Santa Anastasia', 'Teatro Romano', 'Museo Conte', 'Centro Fotografia', 'Museo Storia']",Teatro Romano,strategy_nearest,True,0.001600027084350586,success
049F13429C4C84,1,"['Arena', 'Torre Lamberti']",Palazzo della Ragione,"['AMO', 'Museo Conte', 'Centro Fotografia', 'Sighseeing', 'Santa Anastasia']",Casa Giulietta,strategy_nearest,False,0.001992940902709961,success
049F1F429C4C84,0,"['Arena', 'Casa Giulietta']",Torre Lamberti,"['Sighseeing', 'Centro Fotografia', 'Museo Conte', 'Palazzo della Ragione', 'AMO']",Teatro Romano,strategy_nearest,False,0.003220081329345703,success
049F11429C4C84,0,['Arena'],Torre Lamberti,"['Sighseeing', 'Centro Fotografia', 'Museo Conte', 'Casa Giulietta', 'Palazzo della Ragione']",Casa Giulietta,strategy_nearest,True,0.0028548240661621094,success
049F27429C4C84,3,"['Castelvecchio', 'Arena', 'Casa Giulietta']",Torre Lamberti,"['Sighseeing', 'Centro Fotografia', 'Museo Conte', 'Palazzo della Ragione', 'AMO']",Duomo,strategy_nearest,False,0.0011920928955078125,success
049F274A9C4C80,3,"['Torre Lamberti', 'Santa Anastasia', 'Duomo']",Casa Giulietta,"['Centro Fotografia', 'Sighseeing', 'Museo Conte', 'Museo Radio', 'Palazzo della Ragione']",Teatro Romano,strategy_nearest,False,0.0024149417877197266,success
049F2F3A9C4C80,0,['Arena'],Casa Giulietta,"['Centro Fotografia', 'Sighseeing', 'Torre Lamberti', 'Museo Conte', 'Museo Radio']",Tomba Giulietta,strategy_nearest,False,0.0031821727752685547,success
049F343A9C4C80,0,['Arena'],Torre Lamberti,"['Sighseeing', 'Centro Fotografia', 'Museo Conte', 'Casa Giulietta', 'Palazzo della Ragione']",Casa Giulietta,strategy_nearest,True,0.0037169456481933594,success
049F3B3A9C4C80,3,"['Tomba Giulietta', 'San Fermo', 'Santa Anastasia']",Duomo,"['AMO', 'Museo Miniscalchi', 'Teatro Romano', 'Palazzo della Ragione', 'Museo Conte']",Teatro Romano,strategy_nearest,True,0.0034608840942382812,success
049F3D3A9C4C80,3,"['Santa Anastasia', 'Torre Lamberti']",Castelvecchio,"['Museo Lapidario', 'Verona Tour', 'Arena', 'Museo Radio', 'San Zeno']",Arena,strategy_nearest,True,0.001834869384765625,success
049F4F3A9C4C80,2,"['Castelvecchio', 'Casa Giulietta']",Tomba Giulietta,"['San Fermo', 'Museo Storia', 'Arena', 'Museo Lapidario', 'Museo Radio']",Teatro Romano,strategy_nearest,False,0.0020880699157714844,success
049F4E4A9C4C80,0,['Arena'],Casa Giulietta,"['Centro Fotografia', 'Sighseeing', 'Torre Lamberti', 'Museo Conte', 'Museo Radio']",Duomo,strategy_nearest,False,0.0030059814453125,success
049F47429C4C80,1,"['Arena', 'Tomba Giulietta']",Castelvecchio,"['Museo Lapidario', 'Verona Tour', 'Museo Radio', 'San Zeno', 'Sighseeing']",Teatro Romano,strategy_nearest,False,0.0036270618438720703,success
049F8A4A9C4C80,3,"['Duomo', 'Teatro Romano']",Casa Giulietta,"['Centro Fotografia', 'Sighseeing', 'Torre Lamberti', 'Museo Conte', 'Museo Radio']",Torre Lamberti,strategy_nearest,True,0.0013070106506347656,success
049FA4429C4C80,0,['Casa Giulietta'],Arena,"['Verona Tour', 'Museo Lapidario', 'Museo Radio', 'San Fermo', 'Sighseeing']",Castelvecchio,strategy_nearest,False,0.0027430057525634766,success
049F70429C4C80,0,['Arena'],Casa Giulietta,"['Centro Fotografia', 'Sighseeing', 'Torre Lamberti', 'Museo Conte', 'Museo Radio']",Castelvecchio,strategy_nearest,False,0.004187107086181641,success
049F95429C4C80,0,['Arena'],Casa Giulietta,"['Centro Fotografia', 'Sighseeing', 'Torre Lamberti', 'Museo Conte', 'Museo Radio']",Duomo,strategy_nearest,False,0.0034291744232177734,success
049FBA4A9C4C80,2,['Casa Giulietta'],Palazzo della Ragione,"['AMO', 'Museo Conte', 'Torre Lamberti', 'Centro Fotografia', 'Sighseeing']",Torre Lamberti,strategy_nearest,True,0.0033419132232666016,success
049FB23A9C4C80,0,['Arena'],Torre Lamberti,"['Sighseeing', 'Centro Fotografia', 'Museo Conte', 'Casa Giulietta', 'Palazzo della Ragione']",Casa Giulietta,strategy_nearest,True,0.0029740333557128906,success
049FB53A9C4C80,3,['Arena'],Casa Giulietta,"['Centro Fotografia', 'Sighseeing', 'Torre Lamberti', 'Museo Conte', 'Museo Radio']",Santa Anastasia,strategy_nearest,False,0.0013990402221679688,success
049FA83A9C4C80,0,['San Zeno'],Torre Lamberti,"['Sighseeing', 'Centro Fotografia', 'Museo Conte', 'Casa Giulietta', 'Palazzo della Ragione']",Casa Giulietta,strategy_nearest,True,0.002290964126586914,success
049FC94A9C4C80,3,"['Arena', 'Casa Giulietta']",Santa Anastasia,"['AMO', 'Museo Conte', 'Palazzo della Ragione', 'Teatro Romano', 'Centro Fotografia']",Duomo,strategy_nearest,False,0.0014710426330566406,success
049FD04A9C4C80,0,"['Tomba Giulietta', 'Arena']",Castelvecchio,"['Museo Lapidario', 'Verona Tour', 'Museo Radio', 'San Zeno', 'Sighseeing']",San Zeno,strategy_nearest,True,0.003507852554321289,success
049FBC4A9C4C80,1,"['Arena', 'Casa Giulietta', 'Torre Lamberti']",Palazzo della Ragione,"['AMO', 'Museo Conte', 'Centro Fotografia', 'Sighseeing', 'Santa Anastasia']",Santa Anastasia,strategy_nearest,True,0.0022530555725097656,success
049FD2429C4C80,3,"['Arena', 'Casa Giulietta']",Torre Lamberti,"['Sighseeing', 'Centro Fotografia', 'Museo Conte', 'Palazzo della Ragione', 'AMO']",Santa Anastasia,strategy_nearest,False,0.0026900768280029297,success
049FEC3A9C4C80,3,"['Arena', 'Teatro Romano']",Duomo,"['AMO', 'Museo Miniscalchi', 'Santa Anastasia', 'Palazzo della Ragione', 'Museo Conte']",San Zeno,strategy_nearest,False,0.0020287036895751953,success
049FE1429C4C80,3,"['Arena', 'Castelvecchio']",Duomo,"['AMO', 'Museo Miniscalchi', 'Santa Anastasia', 'Teatro Romano', 'Palazzo della Ragione']",San Zeno,strategy_nearest,False,0.001622915267944336,success
049FE94A9C4C80,0,"['Casa Giulietta', 'Teatro Romano']",Duomo,"['AMO', 'Museo Miniscalchi', 'Santa Anastasia', 'Palazzo della Ragione', 'Museo Conte']",Arena,strategy_nearest,False,0.002717256546020508,success
049FDC429C4C80,3,"['San Fermo', 'Santa Anastasia', 'Duomo', 'Teatro Romano']",Casa Giulietta,"['Centro Fotografia', 'Sighseeing', 'Torre Lamberti', 'Museo Conte', 'Museo Radio']",Tomba Giulietta,strategy_nearest,False,0.004227161407470703,success
049FF13A9C4C80,3,"['Arena', 'Casa Giulietta']",Torre Lamberti,"['Sighseeing', 'Centro Fotografia', 'Museo Conte', 'Palazzo della Ragione', 'AMO']",Duomo,strategy_nearest,False,0.0022439956665039062,success
049FFB429C4C80,1,"['Arena', 'Torre Lamberti', 'Palazzo della Ragione', 'Casa Giulietta']",San Zeno,"['Castelvecchio', 'Verona Tour', 'Museo Lapidario', 'Museo Miniscalchi', 'Sighseeing']",Castelvecchio,strategy_nearest,True,0.0033669471740722656,success
049FF04A9C4C80,0,['Arena'],Duomo,"['AMO', 'Museo Miniscalchi', 'Santa Anastasia', 'Teatro Romano', 'Palazzo della Ragione']",Teatro Romano,strategy_nearest,True,0.0028710365295410156,success
049FF83A9C4C80,0,"['Museo Lapidario', 'Arena']",Castelvecchio,"['Verona Tour', 'Museo Radio', 'San Zeno', 'Sighseeing', 'Museo Miniscalchi']",Torre Lamberti,strategy_nearest,False,0.0026619434356689453,success
049FFF4A9C4C80,1,"['Arena', 'Casa Giulietta']",Torre Lamberti,"['Sighseeing', 'Centro Fotografia', 'Museo Conte', 'Palazzo della Ragione', 'AMO']",Palazzo della Ragione,strategy_nearest,True,0.0016400814056396484,success
049FFE4A9C4C80,3,"['Arena', 'Castelvecchio', 'Santa Anastasia']",Tomba Giulietta,"['San Fermo', 'Museo Storia', 'Museo Lapidario', 'Museo Radio', 'Verona Tour']",San Fermo,strategy_nearest,True,0.004303932189941406,success
04A0A4429C4C80,1,"['Palazzo della Ragione', 'Torre Lamberti']",Castelvecchio,"['Museo Lapidario', 'Verona Tour', 'Arena', 'Museo Radio', 'San Zeno']",Arena,strategy_nearest,True,0.0028510093688964844,success
04A0EA429C4C80,1,"['Arena', 'Casa Giulietta', 'Torre Lamberti', 'Palazzo della Ragione']",Tomba Giulietta,"['San Fermo', 'Museo Storia', 'Museo Lapidario', 'Museo Radio', 'Verona Tour']",Santa Anastasia,strategy_nearest,False,0.0020971298217773438,success
04A10C4A9C4C80,2,"['Castelvecchio', 'Casa Giulietta']",Palazzo della Ragione,"['AMO', 'Museo Conte', 'Torre Lamberti', 'Centro Fotografia', 'Sighseeing']",Torre Lamberti,strategy_nearest,True,0.0022580623626708984,success
04A10C429C4C84,0,['Arena'],Casa Giulietta,"['Centro Fotografia', 'Sighseeing', 'Torre Lamberti', 'Museo Conte', 'Museo Radio']",Torre Lamberti,strategy_nearest,True,0.002959012985229492,success
04A1024A9C4C84,2,"['Tomba Giulietta', 'Casa Giulietta']",Torre Lamberti,"['Sighseeing', 'Centro Fotografia', 'Museo Conte', 'Palazzo della Ragione', 'AMO']",Santa Anastasia,strategy_nearest,False,0.0017042160034179688,success
04A1124A9C4C84,3,['Arena'],Casa Giulietta,"['Centro Fotografia', 'Sighseeing', 'Torre Lamberti', 'Museo Conte', 'Museo Radio']",Santa Anastasia,strategy_nearest,False,0.003365755081176758,success
04A115429C4C84,3,"['Arena', 'Museo Lapidario', 'Castelvecchio']",Torre Lamberti,"['Sighseeing', 'Centro Fotografia', 'Museo Conte', 'Casa Giulietta', 'Palazzo della Ragione']",Teatro Romano,strategy_nearest,False,0.0021779537200927734,success
04A113429C4C84,1,"['Arena', 'Casa Giulietta', 'Torre Lamberti']",Palazzo della Ragione,"['AMO', 'Museo Conte', 'Centro Fotografia', 'Sighseeing', 'Santa Anastasia']",Museo Lapidario,strategy_nearest,False,0.00151824951171875,success
04A11C429C4C84,0,['Arena'],Torre Lamberti,"['Sighseeing', 'Centro Fotografia', 'Museo Conte', 'Casa Giulietta', 'Palazzo della Ragione']",Casa Giulietta,strategy_nearest,True,0.002804994583129883,success
04A11F429C4C84,1,"['Arena', 'Palazzo della Ragione']",Torre Lamberti,"['Sighseeing', 'Centro Fotografia', 'Museo Conte', 'Casa Giulietta', 'AMO']",Casa Giulietta,strategy_nearest,True,0.003554105758666992,success
04A1263A9C4C84,1,"['Castelvecchio', 'Arena']",Torre Lamberti,"['Sighseeing', 'Centro Fotografia', 'Museo Conte', 'Casa Giulietta', 'Palazzo della Ragione']",Palazzo della Ragione,strategy_nearest,True,0.002257108688354492,success
04A126429C4C84,2,"['Castelvecchio', 'Palazzo della Ragione']",Torre Lamberti,"['Sighseeing', 'Centro Fotografia', 'Museo Conte', 'Casa Giulietta', 'AMO']",Santa Anastasia,strategy_nearest,False,0.0028409957885742188,success
04A12B4A9C4C80,0,"['Arena', 'Castelvecchio']",Duomo,"['AMO', 'Museo Miniscalchi', 'Santa Anastasia', 'Teatro Romano', 'Palazzo della Ragione']",Casa Giulietta,strategy_nearest,False,0.003264188766479492,success
04A124429C4C84,1,"['Castelvecchio', 'Arena', 'Casa Giulietta', 'Duomo']",Teatro Romano,"['Santa Anastasia', 'AMO', 'Palazzo della Ragione', 'Museo Conte', 'Centro Fotografia']",Torre Lamberti,strategy_nearest,False,0.004147052764892578,success
04A132429C4C80,2,"['Tomba Giulietta', 'Casa Giulietta']",Duomo,"['AMO', 'Museo Miniscalchi', 'Santa Anastasia', 'Teatro Romano', 'Palazzo della Ragione']",Giardino Giusti,strategy_nearest,False,0.0026760101318359375,success
04A130429C4C80,1,"['Castelvecchio', 'Arena', 'Teatro Romano', 'Duomo']",Torre Lamberti,"['Sighseeing', 'Centro Fotografia', 'Museo Conte', 'Casa Giulietta', 'Palazzo della Ragione']",Casa Giulietta,strategy_nearest,True,0.0035169124603271484,success
04A1314A9C4C80,3,"['Arena', 'Castelvecchio', 'Casa Giulietta']",San Fermo,"['Museo Storia', 'Museo Radio', 'Centro Fotografia', 'Sighseeing', 'Torre Lamberti']",Santa Anastasia,strategy_nearest,False,0.001638174057006836,success
04A1303A9C4C80,0,"['Arena', 'Casa Giulietta']",Tomba Giulietta,"['San Fermo', 'Museo Storia', 'Museo Lapidario', 'Museo Radio', 'Verona Tour']",Teatro Romano,strategy_nearest,False,0.0029211044311523438,success
04A146429C4C80,3,"['San Fermo', 'Casa Giulietta', 'Santa Anastasia']",Duomo,"['AMO', 'Museo Miniscalchi', 'Teatro Romano', 'Palazzo della Ragione', 'Museo Conte']",Teatro Romano,strategy_nearest,True,0.0014750957489013672,success
04A1493A9C4C80,1,"['Arena', 'Museo Lapidario', 'Torre Lamberti', 'Palazzo della Ragione', 'Casa Giulietta']",Castelvecchio,"['Verona Tour', 'Museo Radio', 'San Zeno', 'Sighseeing', 'Museo Miniscalchi']",Santa Anastasia,strategy_nearest,False,0.002743959426879883,success
04A13A3A9C4C80,2,"['Castelvecchio', 'Santa Anastasia', 'Duomo']",Casa Giulietta,"['Centro Fotografia', 'Sighseeing', 'Torre Lamberti', 'Museo Conte', 'Museo Radio']",Museo Lapidario,strategy_nearest,False,0.0021250247955322266,success
04A1334A9C4C80,1,"['Palazzo della Ragione', 'Torre Lamberti']",Santa Anastasia,"['AMO', 'Museo Conte', 'Teatro Romano', 'Centro Fotografia', 'Duomo']",Duomo,strategy_nearest,True,0.003751039505004883,success
04A14E4A9C4C80,1,"['Arena', 'Castelvecchio']",Casa Giulietta,"['Centro Fotografia', 'Sighseeing', 'Torre Lamberti', 'Museo Conte', 'Museo Radio']",Palazzo della Ragione,strategy_nearest,False,0.0018579959869384766,success
04A158429C4C80,3,"['Casa Giulietta', 'Torre Lamberti', 'Santa Anastasia']",Duomo,"['AMO', 'Museo Miniscalchi', 'Teatro Romano', 'Palazzo della Ragione', 'Museo Conte']",Teatro Romano,strategy_nearest,True,0.002621889114379883,success
04A1784A9C4C80,0,['Arena'],Museo Lapidario,"['Verona Tour', 'Castelvecchio', 'Museo Radio', 'San Fermo', 'Casa Giulietta']",Castelvecchio,strategy_nearest,True,0.003206968307495117,success
04A1754A9C4C80,1,"['Arena', 'Casa Giulietta']",Palazzo della Ragione,"['AMO', 'Museo Conte', 'Torre Lamberti', 'Centro Fotografia', 'Sighseeing']",Torre Lamberti,strategy_nearest,True,0.002788066864013672,success
04A1964A9C4C80,3,"['Arena', 'Casa Giulietta']",Santa Anastasia,"['AMO', 'Museo Conte', 'Palazzo della Ragione', 'Teatro Romano', 'Centro Fotografia']",Teatro Romano,strategy_nearest,True,0.003818988800048828,success
04A19D4A9C4C80,0,['Arena'],Santa Anastasia,"['AMO', 'Museo Conte', 'Palazzo della Ragione', 'Teatro Romano', 'Centro Fotografia']",Casa Giulietta,strategy_nearest,False,0.0019156932830810547,success
04A1A04A9C4C80,0,"['Torre Lamberti', 'Duomo']",Casa Giulietta,"['Centro Fotografia', 'Sighseeing', 'Museo Conte', 'Museo Radio', 'Palazzo della Ragione']",Arena,strategy_nearest,False,0.002164125442504883,success
04A1863A9C4C80,1,"['Arena', 'Museo Lapidario', 'Casa Giulietta']",Palazzo della Ragione,"['AMO', 'Museo Conte', 'Torre Lamberti', 'Centro Fotografia', 'Sighseeing']",Torre Lamberti,strategy_nearest,True,0.0022940635681152344,success
04A1B74A9C4C80,3,"['Arena', 'Castelvecchio']",Duomo,"['AMO', 'Museo Miniscalchi', 'Santa Anastasia', 'Teatro Romano', 'Palazzo della Ragione']",Santa Anastasia,strategy_nearest,True,0.0013911724090576172,success
04A1A44A9C4C80,0,['Castelvecchio'],Arena,"['Verona Tour', 'Museo Lapidario', 'Museo Radio', 'San Fermo', 'Casa Giulietta']",Casa Giulietta,strategy_nearest,True,0.003961801528930664,success
04A1B63A9C4C80,1,"['Palazzo della Ragione', 'Torre Lamberti']",Castelvecchio,"['Museo Lapidario', 'Verona Tour', 'Arena', 'Museo Radio', 'San Zeno']",Duomo,strategy_nearest,False,0.002637147903442383,success
04A1A9429C4C80,1,['Arena'],Casa Giulietta,"['Centro Fotografia', 'Sighseeing', 'Torre Lamberti', 'Museo Conte', 'Museo Radio']",Torre Lamberti,strategy_nearest,True,0.002754688262939453,success
04A1D83A9C4C80,0,['Arena'],Torre Lamberti,"['Sighseeing', 'Centro Fotografia', 'Museo Conte', 'Casa Giulietta', 'Palazzo della Ragione']",Casa Giulietta,strategy_nearest,True,0.0016889572143554688,success
04A1BA4A9C4C80,0,['Castelvecchio'],Arena,"['Verona Tour', 'Museo Lapidario', 'Museo Radio', 'San Fermo', 'Casa Giulietta']",Casa Giulietta,strategy_nearest,True,0.0035812854766845703,success
04A1EC3A9C4C80,1,"['Arena', 'Santa Anastasia', 'Palazzo della Ragione']",Torre Lamberti,"['Sighseeing', 'Centro Fotografia', 'Museo Conte', 'Casa Giulietta', 'AMO']",Teatro Romano,strategy_nearest,False,0.0027480125427246094,success
04A1DC3A9C4C80,0,['Casa Giulietta'],Torre Lamberti,"['Sighseeing', 'Centro Fotografia', 'Museo Conte', 'Palazzo della Ragione', 'AMO']",Arena,strategy_nearest,False,0.002279043197631836,success
04A1F04A9C4C80,0,['Arena'],Casa Giulietta,"['Centro Fotografia', 'Sighseeing', 'Torre Lamberti', 'Museo Conte', 'Museo Radio']",Castelvecchio,strategy_nearest,False,0.001622915267944336,success
04A1F7429C4C80,0,"['Arena', 'Casa Giulietta']",Torre Lamberti,"['Sighseeing', 'Centro Fotografia', 'Museo Conte', 'Palazzo della Ragione', 'AMO']",Tomba Giulietta,strategy_nearest,False,0.002003908157348633,success
04A1F1429C4C80,0,['Arena'],Casa Giulietta,"['Centro Fotografia', 'Sighseeing', 'Torre Lamberti', 'Museo Conte', 'Museo Radio']",Torre Lamberti,strategy_nearest,True,0.003400087356567383,success
04A1F13A9C4C80,1,"['Castelvecchio', 'Arena', 'Tomba Giulietta']",Casa Giulietta,"['Centro Fotografia', 'Sighseeing', 'Torre Lamberti', 'Museo Conte', 'Museo Radio']",Torre Lamberti,strategy_nearest,True,0.00284576416015625,success
04A20A429C4C84,0,['Tomba Giulietta'],Casa Giulietta,"['Centro Fotografia', 'Sighseeing', 'Torre Lamberti', 'Museo Conte', 'Museo Radio']",Arena,strategy_nearest,False,0.00156402587890625,success
04A20C4A9C4C84,0,['Arena'],Casa Giulietta,"['Centro Fotografia', 'Sighseeing', 'Torre Lamberti', 'Museo Conte', 'Museo Radio']",Giardino Giusti,strategy_nearest,False,0.0026509761810302734,success
04A1F9429C4C80,0,['Arena'],Casa Giulietta,"['Centro Fotografia', 'Sighseeing', 'Torre Lamberti', 'Museo Conte', 'Museo Radio']",Castelvecchio,strategy_nearest,False,0.003490924835205078,success
04A2024A9C4C84,0,['Arena'],Castelvecchio,"['Museo Lapidario', 'Verona Tour', 'Museo Radio', 'San Zeno', 'Sighseeing']",Torre Lamberti,strategy_nearest,False,0.004039287567138672,success
04A2113A9C4C80,1,"['Arena', 'Casa Giulietta']",Palazzo della Ragione,"['AMO', 'Museo Conte', 'Torre Lamberti', 'Centro Fotografia', 'Sighseeing']",Torre Lamberti,strategy_nearest,True,0.0012998580932617188,success
04A20E3A9C4C80,3,"['Arena', 'Teatro Romano']",Torre Lamberti,"['Sighseeing', 'Centro Fotografia', 'Museo Conte', 'Casa Giulietta', 'Palazzo della Ragione']",Duomo,strategy_nearest,False,0.0028989315032958984,success
04A20F429C4C84,1,"['Arena', 'Casa Giulietta']",Palazzo della Ragione,"['AMO', 'Museo Conte', 'Torre Lamberti', 'Centro Fotografia', 'Sighseeing']",Torre Lamberti,strategy_nearest,True,0.0022058486938476562,success
04A2124A9C4C80,3,"['Arena', 'Museo Lapidario', 'Castelvecchio', 'San Zeno']",Torre Lamberti,"['Sighseeing', 'Centro Fotografia', 'Museo Conte', 'Casa Giulietta', 'Palazzo della Ragione']",Santa Anastasia,strategy_nearest,False,0.0032601356506347656,success
04A213429C4C84,0,['Arena'],Casa Giulietta,"['Centro Fotografia', 'Sighseeing', 'Torre Lamberti', 'Museo Conte', 'Museo Radio']",Casa Giulietta,strategy_nearest,False,0.0025920867919921875,success
04A2153A9C4C84,0,['Museo Lapidario'],Arena,"['Verona Tour', 'Museo Radio', 'San Fermo', 'Casa Giulietta', 'Sighseeing']",Casa Giulietta,strategy_nearest,True,0.0026960372924804688,success
04A2154A9C4C80,3,"['Casa Giulietta', 'Arena', 'Castelvecchio']",Santa Anastasia,"['AMO', 'Museo Conte', 'Palazzo della Ragione', 'Teatro Romano', 'Centro Fotografia']",Duomo,strategy_nearest,False,0.0018970966339111328,success
04A216429C4C80,3,"['Torre Lamberti', 'Arena']",Santa Anastasia,"['AMO', 'Museo Conte', 'Palazzo della Ragione', 'Teatro Romano', 'Centro Fotografia']",Duomo,strategy_nearest,False,0.003371000289916992,success
04A21B429C4C84,2,"['San Fermo', 'Torre Lamberti', 'Casa Giulietta', 'San Zeno']",Castelvecchio,"['Museo Lapidario', 'Verona Tour', 'Arena', 'Museo Radio', 'Sighseeing']",Santa Anastasia,strategy_nearest,False,0.00347900390625,success
04A2183A9C4C80,2,['Duomo'],Torre Lamberti,"['Sighseeing', 'Centro Fotografia', 'Museo Conte', 'Casa Giulietta', 'Palazzo della Ragione']",Casa Giulietta,strategy_nearest,True,0.0029540061950683594,success
04A21C429C4C84,3,"['San Zeno', 'San Fermo', 'Casa Giulietta']",Santa Anastasia,"['AMO', 'Museo Conte', 'Palazzo della Ragione', 'Teatro Romano', 'Centro Fotografia']",Duomo,strategy_nearest,False,0.001371145248413086,success
04A224429C4C84,3,"['Arena', 'Torre Lamberti']",Santa Anastasia,"['AMO', 'Museo Conte', 'Palazzo della Ragione', 'Teatro Romano', 'Centro Fotografia']",Casa Giulietta,strategy_nearest,False,0.0033311843872070312,success
04A227429C4C84,2,['Torre Lamberti'],Casa Giulietta,"['Centro Fotografia', 'Sighseeing', 'Museo Conte', 'Museo Radio', 'Palazzo della Ragione']",Castelvecchio,strategy_nearest,False,0.0022780895233154297,success
04A246429C4C80,2,['San Fermo'],Tomba Giulietta,"['Museo Storia', 'Arena', 'Museo Lapidario', 'Museo Radio', 'Verona Tour']",Casa Giulietta,strategy_nearest,False,0.0021581649780273438,success
04A2503A9C4C80,3,"['Casa Giulietta', 'Teatro Romano']",Duomo,"['AMO', 'Museo Miniscalchi', 'Santa Anastasia', 'Palazzo della Ragione', 'Museo Conte']",Arena,strategy_nearest,False,0.0026090145111083984,success
04A23B3A9C4C80,0,"['San Zeno', 'Castelvecchio']",Arena,"['Verona Tour', 'Museo Lapidario', 'Museo Radio', 'San Fermo', 'Casa Giulietta']",Casa Giulietta,strategy_nearest,True,0.004019021987915039,success
04A2653A9C4C80,1,"['Castelvecchio', 'San Zeno', 'Torre Lamberti', 'Palazzo della Ragione']",Santa Anastasia,"['AMO', 'Museo Conte', 'Teatro Romano', 'Centro Fotografia', 'Duomo']",Duomo,strategy_nearest,True,0.0028307437896728516,success
04A275429C4C80,0,['Tomba Giulietta'],Arena,"['Verona Tour', 'Museo Lapidario', 'Museo Radio', 'San Fermo', 'Casa Giulietta']",Casa Giulietta,strategy_nearest,True,0.003309011459350586,success
04A25B3A9C4C80,3,['Arena'],Santa Anastasia,"['AMO', 'Museo Conte', 'Palazzo della Ragione', 'Teatro Romano', 'Centro Fotografia']",Casa Giulietta,strategy_nearest,False,0.0015871524810791016,success
04A26A3A9C4C80,3,"['Torre Lamberti', 'Arena', 'San Zeno', 'Castelvecchio', 'Santa Anastasia']",Duomo,"['AMO', 'Museo Miniscalchi', 'Teatro Romano', 'Palazzo della Ragione', 'Museo Conte']",Teatro Romano,strategy_nearest,True,0.0022530555725097656,success
04A27F3A9C4C80,3,"['San Zeno', 'Castelvecchio']",Arena,"['Verona Tour', 'Museo Lapidario', 'Museo Radio', 'San Fermo', 'Casa Giulietta']",Casa Giulietta,strategy_nearest,True,0.001264810562133789,success
04A2764A9C4C80,0,['Arena'],Casa Giulietta,"['Centro Fotografia', 'Sighseeing', 'Torre Lamberti', 'Museo Conte', 'Museo Radio']",Castelvecchio,strategy_nearest,False,0.002744913101196289,success
04A2944A9C4C80,1,"['Castelvecchio', 'Arena', 'Torre Lamberti']",Palazzo della Ragione,"['AMO', 'Museo Conte', 'Centro Fotografia', 'Sighseeing', 'Santa Anastasia']",Teatro Romano,strategy_nearest,False,0.003488779067993164,success
04A29A4A9C4C80,3,"['Arena', 'Casa Giulietta']",San Fermo,"['Museo Storia', 'Museo Radio', 'Centro Fotografia', 'Sighseeing', 'Torre Lamberti']",Santa Anastasia,strategy_nearest,False,0.002596139907836914,success
04A29C4A9C4C80,1,"['Arena', 'Museo Lapidario', 'Casa Giulietta']",Torre Lamberti,"['Sighseeing', 'Centro Fotografia', 'Museo Conte', 'Palazzo della Ragione', 'AMO']",Palazzo della Ragione,strategy_nearest,True,0.002471923828125,success
04A29D4A9C4C80,0,['Teatro Romano'],Torre Lamberti,"['Sighseeing', 'Centro Fotografia', 'Museo Conte', 'Casa Giulietta', 'Palazzo della Ragione']",Casa Giulietta,strategy_nearest,True,0.0031108856201171875,success
04A2A34A9C4C80,0,"['Arena', 'Casa Giulietta']",Torre Lamberti,"['Sighseeing', 'Centro Fotografia', 'Museo Conte', 'Palazzo della Ragione', 'AMO']",Castelvecchio,strategy_nearest,False,0.002374887466430664,success
04A2A7429C4C80,0,['Arena'],Torre Lamberti,"['Sighseeing', 'Centro Fotografia', 'Museo Conte', 'Casa Giulietta', 'Palazzo della Ragione']",Duomo,strategy_nearest,False,0.0031659603118896484,success
04A2AC4A9C4C80,1,"['Arena', 'Casa Giulietta', 'Torre Lamberti']",Palazzo della Ragione,"['AMO', 'Museo Conte', 'Centro Fotografia', 'Sighseeing', 'Santa Anastasia']",Santa Anastasia,strategy_nearest,True,0.0026671886444091797,success
04A2B74A9C4C80,0,['Castelvecchio'],Arena,"['Verona Tour', 'Museo Lapidario', 'Museo Radio', 'San Fermo', 'Casa Giulietta']",Casa Giulietta,strategy_nearest,True,0.00255584716796875,success
04A2B14A9C4C80,0,['Arena'],Casa Giulietta,"['Centro Fotografia', 'Sighseeing', 'Torre Lamberti', 'Museo Conte', 'Museo Radio']",Teatro Romano,strategy_nearest,False,0.004410982131958008,success
04A2B54A9C4C80,0,"['Arena', 'Casa Giulietta']",Torre Lamberti,"['Sighseeing', 'Centro Fotografia', 'Museo Conte', 'Palazzo della Ragione', 'AMO']",Teatro Romano,strategy_nearest,False,0.001374959945678711,success
04A2BC4A9C4C80,1,"['Arena', 'Casa Giulietta', 'Torre Lamberti']",Palazzo della Ragione,"['AMO', 'Museo Conte', 'Centro Fotografia', 'Sighseeing', 'Santa Anastasia']",Santa Anastasia,strategy_nearest,True,0.003419160842895508,success
04A2C0429C4C80,1,"['Castelvecchio', 'Arena']",Casa Giulietta,"['Centro Fotografia', 'Sighseeing', 'Torre Lamberti', 'Museo Conte', 'Museo Radio']",Torre Lamberti,strategy_nearest,True,0.0018801689147949219,success
04A2CB429C4C80,1,"['San Zeno', 'Castelvecchio', 'Arena', 'San Fermo']",Museo Lapidario,"['Verona Tour', 'Museo Radio', 'Casa Giulietta', 'Tomba Giulietta', 'Sighseeing']",Teatro Romano,strategy_nearest,False,0.002618074417114258,success
04A2BF3A9C4C80,4,"['Arena', 'Casa Giulietta', 'San Fermo']",Museo Storia,"['Museo Radio', 'Centro Fotografia', 'Tomba Giulietta', 'Torre Lamberti', 'Sighseeing']",Tomba Giulietta,strategy_nearest,True,0.002882719039916992,success
04A2CF4A9C4C80,0,"['Arena', 'Casa Giulietta']",Duomo,"['AMO', 'Museo Miniscalchi', 'Santa Anastasia', 'Teatro Romano', 'Palazzo della Ragione']",Castelvecchio,strategy_nearest,False,0.0032761096954345703,success
04A2D14A9C4C80,3,"['Arena', 'Museo Lapidario']",Castelvecchio,"['Verona Tour', 'Museo Radio', 'San Zeno', 'Sighseeing', 'Museo Miniscalchi']",Teatro Romano,strategy_nearest,False,0.0035109519958496094,success
04A2D33A9C4C80,0,"['Arena', 'Museo Lapidario']",Castelvecchio,"['Verona Tour', 'Museo Radio', 'San Zeno', 'Sighseeing', 'Museo Miniscalchi']",San Zeno,strategy_nearest,True,0.002249002456665039,success
04A2D63A9C4C80,2,['Casa Giulietta'],Torre Lamberti,"['Sighseeing', 'Centro Fotografia', 'Museo Conte', 'Palazzo della Ragione', 'AMO']",Santa Anastasia,strategy_nearest,False,0.0014951229095458984,success
04A2D9429C4C80,2,"['Torre Lamberti', 'Casa Giulietta']",Duomo,"['AMO', 'Museo Miniscalchi', 'Santa Anastasia', 'Teatro Romano', 'Palazzo della Ragione']",Castelvecchio,strategy_nearest,False,0.0032727718353271484,success
04A2DD3A9C4C80,0,"['Arena', 'Casa Giulietta']",Teatro Romano,"['Santa Anastasia', 'Duomo', 'AMO', 'Palazzo della Ragione', 'Museo Conte']",Castelvecchio,strategy_nearest,False,0.0029120445251464844,success
04A2F64A9C4C80,1,['Arena'],Torre Lamberti,"['Sighseeing', 'Centro Fotografia', 'Museo Conte', 'Casa Giulietta', 'Palazzo della Ragione']",Palazzo della Ragione,strategy_nearest,True,0.0013921260833740234,success
04A2F1429C4C80,6,"['Arena', 'Casa Giulietta', 'Palazzo della Ragione']",Torre Lamberti,"['Sighseeing', 'Centro Fotografia', 'Museo Conte', 'AMO', 'Museo Miniscalchi']",Verona Tour,strategy_nearest,False,0.002875089645385742,success
04A2F74A9C4C80,0,['Arena'],Casa Giulietta,"['Centro Fotografia', 'Sighseeing', 'Torre Lamberti', 'Museo Conte', 'Museo Radio']",Torre Lamberti,strategy_nearest,True,0.003309011459350586,success
04A2F94A9C4C80,0,"['Torre Lamberti', 'Museo Storia', 'Arena']",Casa Giulietta,"['Centro Fotografia', 'Sighseeing', 'Museo Conte', 'Museo Radio', 'Palazzo della Ragione']",Teatro Romano,strategy_nearest,False,0.002412080764770508,success
04A3014A9C4C84,3,['Arena'],San Fermo,"['Museo Storia', 'Museo Radio', 'Casa Giulietta', 'Centro Fotografia', 'Sighseeing']",Torre Lamberti,strategy_nearest,False,0.002238035202026367,success
04A2FF4A9C4C80,1,['Arena'],Palazzo della Ragione,"['AMO', 'Museo Conte', 'Torre Lamberti', 'Centro Fotografia', 'Sighseeing']",Teatro Romano,strategy_nearest,False,0.003486156463623047,success
04A2FE4A9C4C80,1,"['Arena', 'Torre Lamberti']",Palazzo della Ragione,"['AMO', 'Museo Conte', 'Centro Fotografia', 'Sighseeing', 'Santa Anastasia']",Casa Giulietta,strategy_nearest,False,0.0029401779174804688,success
04A3094A9C4C84,0,['Arena'],Casa Giulietta,"['Centro Fotografia', 'Sighseeing', 'Torre Lamberti', 'Museo Conte', 'Museo Radio']",Castelvecchio,strategy_nearest,False,0.0021240711212158203,success
04A30B429C4C84,0,['Tomba Giulietta'],Casa Giulietta,"['Centro Fotografia', 'Sighseeing', 'Torre Lamberti', 'Museo Conte', 'Museo Radio']",Arena,strategy_nearest,False,0.0025179386138916016,success
04A30A4A9C4C84,3,"['Teatro Romano', 'Giardino Giusti']",Santa Anastasia,"['AMO', 'Museo Conte', 'Palazzo della Ragione', 'Centro Fotografia', 'Duomo']",Duomo,strategy_nearest,True,0.0014770030975341797,success
04A30B4A9C4C84,1,"['Arena', 'Casa Giulietta']",Torre Lamberti,"['Sighseeing', 'Centro Fotografia', 'Museo Conte', 'Palazzo della Ragione', 'AMO']",Palazzo della Ragione,strategy_nearest,True,0.003465890884399414,success
04A30F429C4C84,0,['Arena'],Casa Giulietta,"['Centro Fotografia', 'Sighseeing', 'Torre Lamberti', 'Museo Conte', 'Museo Radio']",Torre Lamberti,strategy_nearest,True,0.0019941329956054688,success
04A30C4A9C4C84,0,"['Arena', 'Duomo']",Castelvecchio,"['Museo Lapidario', 'Verona Tour', 'Museo Radio', 'San Zeno', 'Sighseeing']",San Zeno,strategy_nearest,True,0.002695798873901367,success
04A3113A9C4C80,0,['Arena'],Torre Lamberti,"['Sighseeing', 'Centro Fotografia', 'Museo Conte', 'Casa Giulietta', 'Palazzo della Ragione']",Casa Giulietta,strategy_nearest,True,0.0031261444091796875,success
04A3143A9C4C80,1,"['Palazzo della Ragione', 'Torre Lamberti']",Santa Anastasia,"['AMO', 'Museo Conte', 'Teatro Romano', 'Centro Fotografia', 'Duomo']",Arena,strategy_nearest,False,0.0029218196868896484,success
04A3124A9C4C80,1,"['Arena', 'Museo Lapidario', 'Castelvecchio']",Torre Lamberti,"['Sighseeing', 'Centro Fotografia', 'Museo Conte', 'Casa Giulietta', 'Palazzo della Ragione']",Palazzo della Ragione,strategy_nearest,True,0.0029871463775634766,success
04A324429C4C84,1,"['Arena', 'Casa Giulietta', 'Duomo', 'Teatro Romano']",Torre Lamberti,"['Sighseeing', 'Centro Fotografia', 'Museo Conte', 'Palazzo della Ragione', 'AMO']",Palazzo della Ragione,strategy_nearest,True,0.0030739307403564453,success
04A31C3A9C4C80,3,"['Arena', 'San Zeno', 'Santa Anastasia']",Duomo,"['AMO', 'Museo Miniscalchi', 'Teatro Romano', 'Palazzo della Ragione', 'Museo Conte']",Casa Giulietta,strategy_nearest,False,0.0028138160705566406,success
04A3303A9C4C80,0,['Arena'],Casa Giulietta,"['Centro Fotografia', 'Sighseeing', 'Torre Lamberti', 'Museo Conte', 'Museo Radio']",Torre Lamberti,strategy_nearest,True,0.0032401084899902344,success
04A3254A9C4C80,0,['San Zeno'],Arena,"['Verona Tour', 'Museo Lapidario', 'Museo Radio', 'San Fermo', 'Casa Giulietta']",Casa Giulietta,strategy_nearest,True,0.0018858909606933594,success
04A3374A9C4C80,4,"['Giardino Giusti', 'Teatro Romano', 'Santa Anastasia', 'Casa Giulietta', 'San Zeno']",Arena,"['Verona Tour', 'Museo Lapidario', 'Museo Radio', 'San Fermo', 'Sighseeing']",Castelvecchio,strategy_nearest,False,0.0016679763793945312,success
04A33A429C4C80,1,"['Castelvecchio', 'Arena']",Casa Giulietta,"['Centro Fotografia', 'Sighseeing', 'Torre Lamberti', 'Museo Conte', 'Museo Radio']",Palazzo della Ragione,strategy_nearest,False,0.0034418106079101562,success
04A33C4A9C4C80,1,"['Arena', 'Torre Lamberti', 'Palazzo della Ragione', 'Casa Giulietta', 'Duomo']",Santa Anastasia,"['AMO', 'Museo Conte', 'Teatro Romano', 'Centro Fotografia', 'Sighseeing']",Tomba Giulietta,strategy_nearest,False,0.0034160614013671875,success
04A3404A9C4C80,0,"['Tomba Giulietta', 'Arena']",Castelvecchio,"['Museo Lapidario', 'Verona Tour', 'Museo Radio', 'San Zeno', 'Sighseeing']",Casa Giulietta,strategy_nearest,False,0.0019719600677490234,success
04A3653A9C4C80,2,"['Castelvecchio', 'San Fermo', 'Torre Lamberti']",Santa Anastasia,"['AMO', 'Museo Conte', 'Palazzo della Ragione', 'Teatro Romano', 'Centro Fotografia']",Teatro Romano,strategy_nearest,True,0.0027871131896972656,success
04A34B429C4C80,0,['Teatro Romano'],Casa Giulietta,"['Centro Fotografia', 'Sighseeing', 'Torre Lamberti', 'Museo Conte', 'Museo Radio']",Arena,strategy_nearest,False,0.003429889678955078,success
04A345429C4C80,3,"['Casa Giulietta', 'Santa Anastasia']",Duomo,"['AMO', 'Museo Miniscalchi', 'Teatro Romano', 'Palazzo della Ragione', 'Museo Conte']",Arena,strategy_nearest,False,0.002841949462890625,success
04A37D3A9C4C80,0,['Castelvecchio'],Teatro Romano,"['Santa Anastasia', 'Duomo', 'AMO', 'Palazzo della Ragione', 'Museo Conte']",Duomo,strategy_nearest,True,0.0014951229095458984,success
04A3894A9C4C80,1,"['Arena', 'Torre Lamberti']",Palazzo della Ragione,"['AMO', 'Museo Conte', 'Centro Fotografia', 'Sighseeing', 'Santa Anastasia']",Casa Giulietta,strategy_nearest,False,0.0014789104461669922,success
04A37E3A9C4C80,2,['Santa Anastasia'],Duomo,"['AMO', 'Museo Miniscalchi', 'Teatro Romano', 'Palazzo della Ragione', 'Museo Conte']",Castelvecchio,strategy_nearest,False,0.0021753311157226562,success
04A37F3A9C4C80,3,"['San Zeno', 'Casa Giulietta']",Arena,"['Verona Tour', 'Museo Lapidario', 'Museo Radio', 'San Fermo', 'Sighseeing']",Santa Anastasia,strategy_nearest,False,0.003386974334716797,success
04A37D4A9C4C80,0,['Arena'],San Zeno,"['Castelvecchio', 'Verona Tour', 'Museo Lapidario', 'Museo Miniscalchi', 'Sighseeing']",Castelvecchio,strategy_nearest,True,0.0028650760650634766,success
04A38D4A9C4C80,2,"['Casa Giulietta', 'Santa Anastasia', 'Duomo']",Teatro Romano,"['AMO', 'Palazzo della Ragione', 'Museo Conte', 'Centro Fotografia', 'Museo Miniscalchi']",Torre Lamberti,strategy_nearest,False,0.0027518272399902344,success
04A3904A9C4C80,0,['Arena'],Casa Giulietta,"['Centro Fotografia', 'Sighseeing', 'Torre Lamberti', 'Museo Conte', 'Museo Radio']",Santa Anastasia,strategy_nearest,False,0.0020799636840820312,success
04A39A4A9C4C80,2,"['Torre Lamberti', 'Palazzo della Ragione']",Santa Anastasia,"['AMO', 'Museo Conte', 'Teatro Romano', 'Centro Fotografia', 'Duomo']",Duomo,strategy_nearest,True,0.0034008026123046875,success
04A39C429C4C80,0,['Casa Giulietta'],Arena,"['Verona Tour', 'Museo Lapidario', 'Museo Radio', 'San Fermo', 'Sighseeing']",Castelvecchio,strategy_nearest,False,0.002696990966796875,success
04A39C4A9C4C80,3,"['Tomba Giulietta', 'Arena', 'Museo Lapidario']",Castelvecchio,"['Verona Tour', 'Museo Radio', 'San Zeno', 'Sighseeing', 'Museo Miniscalchi']",Casa Giulietta,strategy_nearest,False,0.003222942352294922,success
04A39F4A9C4C80,1,"['Castelvecchio', 'Museo Lapidario', 'Arena', 'San Fermo']",Casa Giulietta,"['Centro Fotografia', 'Sighseeing', 'Torre Lamberti', 'Museo Conte', 'Museo Radio']",Torre Lamberti,strategy_nearest,True,0.0037240982055664062,success
04A3AE3A9C4C80,0,['Arena'],Casa Giulietta,"['Centro Fotografia', 'Sighseeing', 'Torre Lamberti', 'Museo Conte', 'Museo Radio']",Torre Lamberti,strategy_nearest,True,0.00327301025390625,success
04A3A3429C4C80,1,"['Castelvecchio', 'Arena']",Torre Lamberti,"['Sighseeing', 'Centro Fotografia', 'Museo Conte', 'Casa Giulietta', 'Palazzo della Ragione']",Casa Giulietta,strategy_nearest,True,0.0013098716735839844,success
04A3B3429C4C80,0,"['Torre Lamberti', 'Casa Giulietta']",Arena,"['Verona Tour', 'Museo Lapidario', 'Museo Radio', 'San Fermo', 'Sighseeing']",Castelvecchio,strategy_nearest,False,0.0026700496673583984,success
04A3B64A9C4C80,3,"['Arena', 'Casa Giulietta', 'San Fermo']",Torre Lamberti,"['Sighseeing', 'Centro Fotografia', 'Museo Conte', 'Palazzo della Ragione', 'AMO']",Tomba Giulietta,strategy_nearest,False,0.0020318031311035156,success
04A3B24A9C4C80,3,"['Arena', 'Casa Giulietta']",San Fermo,"['Museo Storia', 'Museo Radio', 'Centro Fotografia', 'Sighseeing', 'Torre Lamberti']",Santa Anastasia,strategy_nearest,False,0.0022220611572265625,success
04A3C1429C4C80,0,"['Arena', 'San Zeno']",Casa Giulietta,"['Centro Fotografia', 'Sighseeing', 'Torre Lamberti', 'Museo Conte', 'Museo Radio']",Castelvecchio,strategy_nearest,False,0.0015759468078613281,success
04A3B14A9C4C80,0,['Arena'],Castelvecchio,"['Museo Lapidario', 'Verona Tour', 'Museo Radio', 'San Zeno', 'Sighseeing']",Casa Giulietta,strategy_nearest,False,0.004207134246826172,success
04A3C54A9C4C80,0,['Arena'],Museo Lapidario,"['Verona Tour', 'Castelvecchio', 'Museo Radio', 'San Fermo', 'Casa Giulietta']",Castelvecchio,strategy_nearest,True,0.0026061534881591797,success
04A3B73A9C4C80,3,['Arena'],Giardino Giusti,"['Santa Anastasia', 'Teatro Romano', 'Museo Conte', 'Centro Fotografia', 'Museo Storia']",Teatro Romano,strategy_nearest,True,0.0027561187744140625,success
04A3C74A9C4C80,3,"['Arena', 'Casa Giulietta']",Tomba Giulietta,"['San Fermo', 'Museo Storia', 'Museo Lapidario', 'Museo Radio', 'Verona Tour']",Santa Anastasia,strategy_nearest,False,0.0028228759765625,success
04A3C84A9C4C80,3,['Arena'],San Zeno,"['Castelvecchio', 'Verona Tour', 'Museo Lapidario', 'Museo Miniscalchi', 'Sighseeing']",Santa Anastasia,strategy_nearest,False,0.0034780502319335938,success
04A3C93A9C4C80,3,"['San Fermo', 'Duomo']",Santa Anastasia,"['AMO', 'Museo Conte', 'Palazzo della Ragione', 'Teatro Romano', 'Centro Fotografia']",Casa Giulietta,strategy_nearest,False,0.00238800048828125,success
04A3CE3A9C4C80,0,['Arena'],Torre Lamberti,"['Sighseeing', 'Centro Fotografia', 'Museo Conte', 'Casa Giulietta', 'Palazzo della Ragione']",Teatro Romano,strategy_nearest,False,0.0029959678649902344,success
04A3D14A9C4C80,1,"['Arena', 'Casa Giulietta']",Palazzo della Ragione,"['AMO', 'Museo Conte', 'Torre Lamberti', 'Centro Fotografia', 'Sighseeing']",Santa Anastasia,strategy_nearest,False,0.002490997314453125,success
04A3D8429C4C80,1,"['Arena', 'Castelvecchio', 'San Zeno']",Casa Giulietta,"['Centro Fotografia', 'Sighseeing', 'Torre Lamberti', 'Museo Conte', 'Museo Radio']",Santa Anastasia,strategy_nearest,False,0.002891063690185547,success
04A3EB429C4C80,1,"['Arena', 'Teatro Romano', 'Torre Lamberti', 'Palazzo della Ragione', 'Santa Anastasia', 'Duomo']",Museo Storia,"['San Fermo', 'Museo Radio', 'Casa Giulietta', 'Centro Fotografia', 'Tomba Giulietta']",San Fermo,strategy_nearest,True,0.0015940666198730469,success
04A3EA4A9C4C80,1,"['Torre Lamberti', 'Palazzo della Ragione']",Casa Giulietta,"['Centro Fotografia', 'Sighseeing', 'Museo Conte', 'Museo Radio', 'San Fermo']",Arena,strategy_nearest,False,0.0027933120727539062,success
04A3F14A9C4C80,0,"['Arena', 'Casa Giulietta']",Castelvecchio,"['Museo Lapidario', 'Verona Tour', 'Museo Radio', 'San Zeno', 'Sighseeing']",Tomba Giulietta,strategy_nearest,False,0.00267791748046875,success
04A3F6429C4C80,1,"['Casa Giulietta', 'Palazzo della Ragione', 'Arena']",Castelvecchio,"['Museo Lapidario', 'Verona Tour', 'Museo Radio', 'San Zeno', 'Sighseeing']",Torre Lamberti,strategy_nearest,False,0.0033648014068603516,success
04A3FC4A9C4C80,3,"['Arena', 'Torre Lamberti']",Casa Giulietta,"['Centro Fotografia', 'Sighseeing', 'Museo Conte', 'Museo Radio', 'Palazzo della Ragione']",Santa Anastasia,strategy_nearest,False,0.0018858909606933594,success
04A3FE4A9C4C80,0,['Teatro Romano'],Arena,"['Verona Tour', 'Museo Lapidario', 'Museo Radio', 'San Fermo', 'Casa Giulietta']",Torre Lamberti,strategy_nearest,False,0.002583026885986328,success
04A3F94A9C4C80,0,['Arena'],Torre Lamberti,"['Sighseeing', 'Centro Fotografia', 'Museo Conte', 'Casa Giulietta', 'Palazzo della Ragione']",Casa Giulietta,strategy_nearest,True,0.0025632381439208984,success
04A3FA429C4C80,0,['Arena'],Casa Giulietta,"['Centro Fotografia', 'Sighseeing', 'Torre Lamberti', 'Museo Conte', 'Museo Radio']",Santa Anastasia,strategy_nearest,False,0.004086971282958984,success
04A4014A9C4C84,0,['Arena'],Teatro Romano,"['Santa Anastasia', 'Duomo', 'AMO', 'Palazzo della Ragione', 'Museo Conte']",Duomo,strategy_nearest,True,0.0022246837615966797,success
04A4054A9C4C84,3,"['Arena', 'Castelvecchio', 'Tomba Giulietta', 'San Fermo']",Casa Giulietta,"['Centro Fotografia', 'Sighseeing', 'Torre Lamberti', 'Museo Conte', 'Museo Radio']",Torre Lamberti,strategy_nearest,True,0.0019600391387939453,success
04A4074A9C4C80,3,"['Arena', 'Casa Giulietta', 'Torre Lamberti']",Santa Anastasia,"['AMO', 'Museo Conte', 'Palazzo della Ragione', 'Teatro Romano', 'Centro Fotografia']",Duomo,strategy_nearest,False,0.0025610923767089844,success
04A40A4A9C4C84,1,"['Arena', 'Casa Giulietta']",Castelvecchio,"['Museo Lapidario', 'Verona Tour', 'Museo Radio', 'San Zeno', 'Sighseeing']",Torre Lamberti,strategy_nearest,False,0.0026831626892089844,success
04A409429C4C84,0,['Arena'],Castelvecchio,"['Museo Lapidario', 'Verona Tour', 'Museo Radio', 'San Zeno', 'Sighseeing']",Teatro Romano,strategy_nearest,False,0.004731178283691406,success
04A40B4A9C4C84,1,"['Arena', 'Casa Giulietta']",Torre Lamberti,"['Sighseeing', 'Centro Fotografia', 'Museo Conte', 'Palazzo della Ragione', 'AMO']",Palazzo della Ragione,strategy_nearest,True,0.0014281272888183594,success
04A40D429C4C84,0,['Castelvecchio'],Arena,"['Verona Tour', 'Museo Lapidario', 'Museo Radio', 'San Fermo', 'Casa Giulietta']",Casa Giulietta,strategy_nearest,True,0.00257110595703125,success
04A4153A9C4C80,0,['Torre Lamberti'],Arena,"['Verona Tour', 'Museo Lapidario', 'Museo Radio', 'San Fermo', 'Casa Giulietta']",Teatro Romano,strategy_nearest,False,0.0015232563018798828,success
04A410429C4C84,0,['Tomba Giulietta'],Castelvecchio,"['Museo Lapidario', 'Verona Tour', 'Arena', 'Museo Radio', 'San Zeno']",Arena,strategy_nearest,True,0.002371072769165039,success
04A41A4A9C4C80,3,"['Arena', 'Castelvecchio', 'Torre Lamberti']",Casa Giulietta,"['Centro Fotografia', 'Sighseeing', 'Museo Conte', 'Museo Radio', 'Palazzo della Ragione']",Teatro Romano,strategy_nearest,False,0.002778768539428711,success
04A41B429C4C84,1,"['Arena', 'Torre Lamberti']",Palazzo della Ragione,"['AMO', 'Museo Conte', 'Centro Fotografia', 'Sighseeing', 'Santa Anastasia']",Casa Giulietta,strategy_nearest,False,0.0032629966735839844,success
04A436429C4C80,2,"['Torre Lamberti', 'San Fermo']",Duomo,"['AMO', 'Museo Miniscalchi', 'Santa Anastasia', 'Teatro Romano', 'Palazzo della Ragione']",Giardino Giusti,strategy_nearest,False,0.002105712890625,success
04A4373A9C4C80,0,['Arena'],Casa Giulietta,"['Centro Fotografia', 'Sighseeing', 'Torre Lamberti', 'Museo Conte', 'Museo Radio']",Teatro Romano,strategy_nearest,False,0.0025908946990966797,success
04A426429C4C84,1,"['Arena', 'Casa Giulietta', 'Castelvecchio', 'Santa Anastasia', 'Duomo']",Palazzo della Ragione,"['AMO', 'Museo Conte', 'Torre Lamberti', 'Centro Fotografia', 'Sighseeing']",Torre Lamberti,strategy_nearest,True,0.0016303062438964844,success
04A42E429C4C80,2,['San Zeno'],Castelvecchio,"['Museo Lapidario', 'Verona Tour', 'Arena', 'Museo Radio', 'Sighseeing']",Casa Giulietta,strategy_nearest,False,0.0033969879150390625,success
04A445429C4C80,0,['Arena'],Casa Giulietta,"['Centro Fotografia', 'Sighseeing', 'Torre Lamberti', 'Museo Conte', 'Museo Radio']",Castelvecchio,strategy_nearest,False,0.0020329952239990234,success
04A43F3A9C4C80,3,"['Castelvecchio', 'San Zeno', 'Torre Lamberti']",Santa Anastasia,"['AMO', 'Museo Conte', 'Palazzo della Ragione', 'Teatro Romano', 'Centro Fotografia']",Duomo,strategy_nearest,False,0.0021691322326660156,success
04A4404A9C4C80,0,"['Tomba Giulietta', 'Arena']",Castelvecchio,"['Museo Lapidario', 'Verona Tour', 'Museo Radio', 'San Zeno', 'Sighseeing']",Casa Giulietta,strategy_nearest,False,0.004044771194458008,success
04A4503A9C4C80,2,['Santa Anastasia'],Duomo,"['AMO', 'Museo Miniscalchi', 'Teatro Romano', 'Palazzo della Ragione', 'Museo Conte']",Casa Giulietta,strategy_nearest,False,0.0022220611572265625,success
04A44C429C4C80,3,"['Museo Storia', 'San Fermo', 'San Zeno']",Castelvecchio,"['Museo Lapidario', 'Verona Tour', 'Arena', 'Museo Radio', 'Sighseeing']",Arena,strategy_nearest,True,0.002624034881591797,success
04A4684A9C4C80,0,['Casa Giulietta'],Torre Lamberti,"['Sighseeing', 'Centro Fotografia', 'Museo Conte', 'Palazzo della Ragione', 'AMO']",Arena,strategy_nearest,False,0.002134084701538086,success
04A477429C4C80,3,['Arena'],Santa Anastasia,"['AMO', 'Museo Conte', 'Palazzo della Ragione', 'Teatro Romano', 'Centro Fotografia']",Casa Giulietta,strategy_nearest,False,0.0027730464935302734,success
04A4774A9C4C80,3,"['Torre Lamberti', 'Santa Anastasia', 'Duomo']",Casa Giulietta,"['Centro Fotografia', 'Sighseeing', 'Museo Conte', 'Museo Radio', 'Palazzo della Ragione']",Arena,strategy_nearest,False,0.0025870800018310547,success
04A47C4A9C4C80,3,['Teatro Romano'],Arena,"['Verona Tour', 'Museo Lapidario', 'Museo Radio', 'San Fermo', 'Casa Giulietta']",Torre Lamberti,strategy_nearest,False,0.0031461715698242188,success
04A481429C4C80,0,['Arena'],Museo Lapidario,"['Verona Tour', 'Castelvecchio', 'Museo Radio', 'San Fermo', 'Casa Giulietta']",Castelvecchio,strategy_nearest,True,0.0024547576904296875,success
04A4914A9C4C80,1,"['Torre Lamberti', 'Palazzo della Ragione']",Arena,"['Verona Tour', 'Museo Lapidario', 'Museo Radio', 'San Fermo', 'Casa Giulietta']",Casa Giulietta,strategy_nearest,True,0.0021920204162597656,success
04A482429C4C80,1,"['Arena', 'Palazzo della Ragione']",Casa Giulietta,"['Centro Fotografia', 'Sighseeing', 'Torre Lamberti', 'Museo Conte', 'Museo Radio']",Teatro Romano,strategy_nearest,False,0.0035789012908935547,success
04A493429C4C80,4,"['Arena', 'Museo Lapidario']",Castelvecchio,"['Verona Tour', 'Museo Radio', 'San Zeno', 'Sighseeing', 'Museo Miniscalchi']",Casa Giulietta,strategy_nearest,False,0.0033190250396728516,success
04A49B429C4C80,1,"['Casa Giulietta', 'Palazzo della Ragione']",Torre Lamberti,"['Sighseeing', 'Centro Fotografia', 'Museo Conte', 'AMO', 'Museo Miniscalchi']",Castelvecchio,strategy_nearest,False,0.003130197525024414,success
04A49E429C4C80,3,['Arena'],Torre Lamberti,"['Sighseeing', 'Centro Fotografia', 'Museo Conte', 'Casa Giulietta', 'Palazzo della Ragione']",Santa Anastasia,strategy_nearest,False,0.00287628173828125,success
04A49C429C4C80,1,"['Casa Giulietta', 'Palazzo della Ragione', 'Torre Lamberti']",Santa Anastasia,"['AMO', 'Museo Conte', 'Teatro Romano', 'Centro Fotografia', 'Duomo']",Teatro Romano,strategy_nearest,True,0.0023031234741210938,success
04A49E4A9C4C80,0,['Teatro Romano'],Torre Lamberti,"['Sighseeing', 'Centro Fotografia', 'Museo Conte', 'Casa Giulietta', 'Palazzo della Ragione']",Casa Giulietta,strategy_nearest,True,0.00144195556640625,success
04A4A34A9C4C80,3,"['Arena', 'Casa Giulietta']",Torre Lamberti,"['Sighseeing', 'Centro Fotografia', 'Museo Conte', 'Palazzo della Ragione', 'AMO']",Santa Anastasia,strategy_nearest,False,0.003072023391723633,success
04A4AE4A9C4C80,3,"['Arena', 'Castelvecchio']",Duomo,"['AMO', 'Museo Miniscalchi', 'Santa Anastasia', 'Teatro Romano', 'Palazzo della Ragione']",Santa Anastasia,strategy_nearest,True,0.0027751922607421875,success
04A4AD4A9C4C80,1,"['Arena', 'Casa Giulietta', 'Torre Lamberti', 'Palazzo della Ragione']",Teatro Romano,"['Santa Anastasia', 'Duomo', 'AMO', 'Museo Conte', 'Centro Fotografia']",Duomo,strategy_nearest,True,0.0023627281188964844,success
04A4B24A9C4C80,2,['Santa Anastasia'],Duomo,"['AMO', 'Museo Miniscalchi', 'Teatro Romano', 'Palazzo della Ragione', 'Museo Conte']",Torre Lamberti,strategy_nearest,False,0.0034329891204833984,success
04A4BB4A9C4C80,3,['Arena'],Torre Lamberti,"['Sighseeing', 'Centro Fotografia', 'Museo Conte', 'Casa Giulietta', 'Palazzo della Ragione']",Santa Anastasia,strategy_nearest,False,0.003159046173095703,success
04A4C94A9C4C80,0,['Arena'],Casa Giulietta,"['Centro Fotografia', 'Sighseeing', 'Torre Lamberti', 'Museo Conte', 'Museo Radio']",Santa Anastasia,strategy_nearest,False,0.003202199935913086,success
04A4C04A9C4C80,0,"['Arena', 'Casa Giulietta']",Teatro Romano,"['Santa Anastasia', 'Duomo', 'AMO', 'Palazzo della Ragione', 'Museo Conte']",Duomo,strategy_nearest,True,0.0019791126251220703,success
04A4C0429C4C80,0,"['Arena', 'Casa Giulietta']",Teatro Romano,"['Santa Anastasia', 'Duomo', 'AMO', 'Palazzo della Ragione', 'Museo Conte']",Tomba Giulietta,strategy_nearest,False,0.003370046615600586,success
04A4CA4A9C4C80,3,"['Arena', 'Santa Anastasia']",Duomo,"['AMO', 'Museo Miniscalchi', 'Teatro Romano', 'Palazzo della Ragione', 'Museo Conte']",Casa Giulietta,strategy_nearest,False,0.0020139217376708984,success
04A4CF4A9C4C80,1,"['Castelvecchio', 'Museo Lapidario', 'Palazzo della Ragione']",Torre Lamberti,"['Sighseeing', 'Centro Fotografia', 'Museo Conte', 'Casa Giulietta', 'AMO']",Duomo,strategy_nearest,False,0.0032122135162353516,success
04A4CE4A9C4C80,0,['Arena'],Casa Giulietta,"['Centro Fotografia', 'Sighseeing', 'Torre Lamberti', 'Museo Conte', 'Museo Radio']",Torre Lamberti,strategy_nearest,True,0.0028519630432128906,success
04A4CA429C4C80,3,['Torre Lamberti'],Santa Anastasia,"['AMO', 'Museo Conte', 'Palazzo della Ragione', 'Teatro Romano', 'Centro Fotografia']",Duomo,strategy_nearest,False,0.0029518604278564453,success
04A4D83A9C4C80,1,"['Museo Lapidario', 'Arena', 'Casa Giulietta', 'Torre Lamberti']",Palazzo della Ragione,"['AMO', 'Museo Conte', 'Centro Fotografia', 'Sighseeing', 'Santa Anastasia']",Santa Anastasia,strategy_nearest,True,0.0022079944610595703,success
04A4E6429C4C80,2,['Casa Giulietta'],Tomba Giulietta,"['San Fermo', 'Museo Storia', 'Arena', 'Museo Lapidario', 'Museo Radio']",Torre Lamberti,strategy_nearest,False,0.0015017986297607422,success
04A4D14A9C4C80,0,['Arena'],Casa Giulietta,"['Centro Fotografia', 'Sighseeing', 'Torre Lamberti', 'Museo Conte', 'Museo Radio']",Castelvecchio,strategy_nearest,False,0.004134178161621094,success
04A4F64A9C4C80,0,['Castelvecchio'],Arena,"['Verona Tour', 'Museo Lapidario', 'Museo Radio', 'San Fermo', 'Casa Giulietta']",Casa Giulietta,strategy_nearest,True,0.0035169124603271484,success
04A5014A9C4C84,2,['Casa Giulietta'],Torre Lamberti,"['Sighseeing', 'Centro Fotografia', 'Museo Conte', 'Palazzo della Ragione', 'AMO']",San Zeno,strategy_nearest,False,0.0034422874450683594,success
04A5054A9C4C84,0,['Arena'],Casa Giulietta,"['Centro Fotografia', 'Sighseeing', 'Torre Lamberti', 'Museo Conte', 'Museo Radio']",Teatro Romano,strategy_nearest,False,0.0014519691467285156,success
04A4FD4A9C4C80,0,['Arena'],Casa Giulietta,"['Centro Fotografia', 'Sighseeing', 'Torre Lamberti', 'Museo Conte', 'Museo Radio']",Teatro Romano,strategy_nearest,False,0.002907991409301758,success
04A4FC3A9C4C80,1,['Castelvecchio'],Arena,"['Verona Tour', 'Museo Lapidario', 'Museo Radio', 'San Fermo', 'Casa Giulietta']",Casa Giulietta,strategy_nearest,True,0.0035288333892822266,success
04A50A4A9C4C84,0,['Arena'],Casa Giulietta,"['Centro Fotografia', 'Sighseeing', 'Torre Lamberti', 'Museo Conte', 'Museo Radio']",Torre Lamberti,strategy_nearest,True,0.002179861068725586,success
04A50C4A9C4C84,1,"['Casa Giulietta', 'Santa Anastasia']",Castelvecchio,"['Museo Lapidario', 'Verona Tour', 'Arena', 'Museo Radio', 'San Zeno']",Arena,strategy_nearest,True,0.0014379024505615234,success
04A5064A9C4C84,0,['Arena'],Casa Giulietta,"['Centro Fotografia', 'Sighseeing', 'Torre Lamberti', 'Museo Conte', 'Museo Radio']",Santa Anastasia,strategy_nearest,False,0.0028772354125976562,success
04A510429C4C80,0,['Casa Giulietta'],Arena,"['Verona Tour', 'Museo Lapidario', 'Museo Radio', 'San Fermo', 'Sighseeing']",Castelvecchio,strategy_nearest,False,0.0018367767333984375,success
04A5084A9C4C84,1,"['Teatro Romano', 'Palazzo della Ragione', 'Torre Lamberti', 'Casa Giulietta']",Arena,"['Verona Tour', 'Museo Lapidario', 'Museo Radio', 'San Fermo', 'Sighseeing']",Castelvecchio,strategy_nearest,False,0.003675222396850586,success
04A50D4A9C4C84,3,"['Arena', 'Castelvecchio', 'Museo Lapidario']",Tomba Giulietta,"['San Fermo', 'Museo Storia', 'Museo Radio', 'Verona Tour', 'Casa Giulietta']",San Fermo,strategy_nearest,True,0.002460956573486328,success
04A513429C4C84,1,"['Castelvecchio', 'Teatro Romano', 'Duomo']",Arena,"['Verona Tour', 'Museo Lapidario', 'Museo Radio', 'San Fermo', 'Casa Giulietta']",Casa Giulietta,strategy_nearest,True,0.0031461715698242188,success
04A52E4A9C4C80,1,"['Casa Giulietta', 'San Fermo', 'Castelvecchio']",Arena,"['Verona Tour', 'Museo Lapidario', 'Museo Radio', 'Sighseeing', 'Torre Lamberti']",Palazzo della Ragione,strategy_nearest,False,0.0033600330352783203,success
04A522429C4C80,3,"['Torre Lamberti', 'Duomo']",Teatro Romano,"['Santa Anastasia', 'AMO', 'Palazzo della Ragione', 'Museo Conte', 'Centro Fotografia']",Castelvecchio,strategy_nearest,False,0.00400996208190918,success
04A52D429C4C80,3,"['Casa Giulietta', 'Teatro Romano']",Duomo,"['AMO', 'Museo Miniscalchi', 'Santa Anastasia', 'Palazzo della Ragione', 'Museo Conte']",Arena,strategy_nearest,False,0.0028030872344970703,success
04A535429C4C80,3,['Arena'],Casa Giulietta,"['Centro Fotografia', 'Sighseeing', 'Torre Lamberti', 'Museo Conte', 'Museo Radio']",Torre Lamberti,strategy_nearest,True,0.0014181137084960938,success
04A545429C4C80,3,"['Santa Anastasia', 'Torre Lamberti']",Arena,"['Verona Tour', 'Museo Lapidario', 'Museo Radio', 'San Fermo', 'Casa Giulietta']",Casa Giulietta,strategy_nearest,True,0.0015349388122558594,success
04A53C429C4C80,3,"['San Fermo', 'Museo Storia', 'Tomba Giulietta', 'Arena']",Casa Giulietta,"['Centro Fotografia', 'Sighseeing', 'Torre Lamberti', 'Museo Conte', 'Museo Radio']",Torre Lamberti,strategy_nearest,True,0.003593921661376953,success
04A5523A9C4C80,4,"['Teatro Romano', 'Torre Lamberti', 'Casa Giulietta', 'Arena', 'Giardino Giusti']",Castelvecchio,"['Museo Lapidario', 'Verona Tour', 'Museo Radio', 'San Zeno', 'Sighseeing']",Palazzo della Ragione,strategy_nearest,False,0.0020301342010498047,success
04A5423A9C4C80,0,['Arena'],Casa Giulietta,"['Centro Fotografia', 'Sighseeing', 'Torre Lamberti', 'Museo Conte', 'Museo Radio']",Castelvecchio,strategy_nearest,False,0.0029189586639404297,success
04A568429C4C80,1,"['Santa Anastasia', 'Teatro Romano', 'Duomo']",Torre Lamberti,"['Sighseeing', 'Centro Fotografia', 'Museo Conte', 'Casa Giulietta', 'Palazzo della Ragione']",Palazzo della Ragione,strategy_nearest,True,0.0028722286224365234,success
04A5553A9C4C80,0,['Duomo'],Casa Giulietta,"['Centro Fotografia', 'Sighseeing', 'Torre Lamberti', 'Museo Conte', 'Museo Radio']",Arena,strategy_nearest,False,0.0021491050720214844,success
04A56A3A9C4C80,3,"['Torre Lamberti', 'Arena', 'San Zeno', 'Castelvecchio', 'Santa Anastasia']",Duomo,"['AMO', 'Museo Miniscalchi', 'Teatro Romano', 'Palazzo della Ragione', 'Museo Conte']",Teatro Romano,strategy_nearest,True,0.0021750926971435547,success
04A5884A9C4C80,0,['Arena'],Casa Giulietta,"['Centro Fotografia', 'Sighseeing', 'Torre Lamberti', 'Museo Conte', 'Museo Radio']",Castelvecchio,strategy_nearest,False,0.0033490657806396484,success
04A58E3A9C4C80,0,['Casa Giulietta'],Arena,"['Verona Tour', 'Museo Lapidario', 'Museo Radio', 'San Fermo', 'Sighseeing']",Castelvecchio,strategy_nearest,False,0.0012819766998291016,success
04A589429C4C80,3,"['Arena', 'Casa Giulietta']",Torre Lamberti,"['Sighseeing', 'Centro Fotografia', 'Museo Conte', 'Palazzo della Ragione', 'AMO']",Santa Anastasia,strategy_nearest,False,0.0027761459350585938,success
04A5934A9C4C80,3,['Arena'],Santa Anastasia,"['AMO', 'Museo Conte', 'Palazzo della Ragione', 'Teatro Romano', 'Centro Fotografia']",Duomo,strategy_nearest,False,0.003289937973022461,success
04A58B4A9C4C80,1,"['Arena', 'Casa Giulietta', 'Torre Lamberti']",Palazzo della Ragione,"['AMO', 'Museo Conte', 'Centro Fotografia', 'Sighseeing', 'Santa Anastasia']",Santa Anastasia,strategy_nearest,True,0.0033948421478271484,success
04A594429C4C80,3,"['Arena', 'Torre Lamberti']",Santa Anastasia,"['AMO', 'Museo Conte', 'Palazzo della Ragione', 'Teatro Romano', 'Centro Fotografia']",Duomo,strategy_nearest,False,0.0017447471618652344,success
04A5A54A9C4C80,0,"['Casa Giulietta', 'Giardino Giusti']",Torre Lamberti,"['Sighseeing', 'Centro Fotografia', 'Museo Conte', 'Palazzo della Ragione', 'AMO']",Arena,strategy_nearest,False,0.001965761184692383,success
04A5A24A9C4C80,1,"['Arena', 'Castelvecchio']",Palazzo della Ragione,"['AMO', 'Museo Conte', 'Torre Lamberti', 'Centro Fotografia', 'Sighseeing']",Torre Lamberti,strategy_nearest,True,0.0026960372924804688,success
04A5AD4A9C4C80,3,"['Arena', 'Casa Giulietta']",Torre Lamberti,"['Sighseeing', 'Centro Fotografia', 'Museo Conte', 'Palazzo della Ragione', 'AMO']",Castelvecchio,strategy_nearest,False,0.0017862319946289062,success
04A5A73A9C4C80,0,['Arena'],Casa Giulietta,"['Centro Fotografia', 'Sighseeing', 'Torre Lamberti', 'Museo Conte', 'Museo Radio']",Castelvecchio,strategy_nearest,False,0.0024199485778808594,success
04A597429C4C80,0,['Arena'],Casa Giulietta,"['Centro Fotografia', 'Sighseeing', 'Torre Lamberti', 'Museo Conte', 'Museo Radio']",Duomo,strategy_nearest,False,0.0035169124603271484,success
04A5B24A9C4C80,0,"['Teatro Romano', 'Casa Giulietta']",Torre Lamberti,"['Sighseeing', 'Centro Fotografia', 'Museo Conte', 'Palazzo della Ragione', 'AMO']",San Fermo,strategy_nearest,False,0.0024111270904541016,success
04A5B93A9C4C80,1,['Arena'],Palazzo della Ragione,"['AMO', 'Museo Conte', 'Torre Lamberti', 'Centro Fotografia', 'Sighseeing']",Torre Lamberti,strategy_nearest,True,0.0032520294189453125,success
04A5B64A9C4C80,0,['Casa Giulietta'],Arena,"['Verona Tour', 'Museo Lapidario', 'Museo Radio', 'San Fermo', 'Sighseeing']",Torre Lamberti,strategy_nearest,False,0.0017650127410888672,success
04A5BD4A9C4C80,3,"['Arena', 'Torre Lamberti']",Santa Anastasia,"['AMO', 'Museo Conte', 'Palazzo della Ragione', 'Teatro Romano', 'Centro Fotografia']",Duomo,strategy_nearest,False,0.0017032623291015625,success
04A5C64A9C4C80,1,"['Arena', 'Casa Giulietta', 'Santa Anastasia', 'Duomo']",Torre Lamberti,"['Sighseeing', 'Centro Fotografia', 'Museo Conte', 'Palazzo della Ragione', 'AMO']",Palazzo della Ragione,strategy_nearest,True,0.002115964889526367,success
04A5C54A9C4C80,3,"['Castelvecchio', 'Arena']",Casa Giulietta,"['Centro Fotografia', 'Sighseeing', 'Torre Lamberti', 'Museo Conte', 'Museo Radio']",Torre Lamberti,strategy_nearest,True,0.0028438568115234375,success
04A5D14A9C4C80,0,['Arena'],Casa Giulietta,"['Centro Fotografia', 'Sighseeing', 'Torre Lamberti', 'Museo Conte', 'Museo Radio']",Arena,strategy_nearest,False,0.002418041229248047,success
04A5D03A9C4C80,3,"['Arena', 'Castelvecchio', 'San Zeno']",Casa Giulietta,"['Centro Fotografia', 'Sighseeing', 'Torre Lamberti', 'Museo Conte', 'Museo Radio']",Duomo,strategy_nearest,False,0.00339508056640625,success
04A5D24A9C4C80,1,"['Arena', 'Casa Giulietta', 'Palazzo della Ragione']",Santa Anastasia,"['AMO', 'Museo Conte', 'Teatro Romano', 'Centro Fotografia', 'Duomo']",Teatro Romano,strategy_nearest,True,0.0034189224243164062,success
04A5EC3A9C4C80,3,"['Arena', 'Castelvecchio', 'Duomo']",Teatro Romano,"['Santa Anastasia', 'AMO', 'Palazzo della Ragione', 'Museo Conte', 'Centro Fotografia']",Casa Giulietta,strategy_nearest,False,0.0014350414276123047,success
04A5E94A9C4C80,3,"['Arena', 'Casa Giulietta']",Torre Lamberti,"['Sighseeing', 'Centro Fotografia', 'Museo Conte', 'Palazzo della Ragione', 'AMO']",Duomo,strategy_nearest,False,0.0033380985260009766,success
04A5E83A9C4C80,0,"['Arena', 'Duomo']",Castelvecchio,"['Museo Lapidario', 'Verona Tour', 'Museo Radio', 'San Zeno', 'Sighseeing']",Casa Giulietta,strategy_nearest,False,0.0028061866760253906,success
04A5F43A9C4C80,1,"['Arena', 'Casa Giulietta']",Tomba Giulietta,"['San Fermo', 'Museo Storia', 'Museo Lapidario', 'Museo Radio', 'Verona Tour']",Torre Lamberti,strategy_nearest,False,0.0013132095336914062,success
04A5F0429C4C80,3,['Arena'],Castelvecchio,"['Museo Lapidario', 'Verona Tour', 'Museo Radio', 'San Zeno', 'Sighseeing']",Duomo,strategy_nearest,False,0.002908945083618164,success
04A5EE4A9C4C80,3,"['Arena', 'Museo Lapidario']",Torre Lamberti,"['Sighseeing', 'Centro Fotografia', 'Museo Conte', 'Casa Giulietta', 'Palazzo della Ragione']",Santa Anastasia,strategy_nearest,False,0.0023040771484375,success
04A5F34A9C4C80,0,['Arena'],Casa Giulietta,"['Centro Fotografia', 'Sighseeing', 'Torre Lamberti', 'Museo Conte', 'Museo Radio']",Torre Lamberti,strategy_nearest,True,0.003609180450439453,success
04A5F93A9C4C80,0,"['Arena', 'Torre Lamberti']",San Fermo,"['Museo Storia', 'Museo Radio', 'Casa Giulietta', 'Centro Fotografia', 'Sighseeing']",Teatro Romano,strategy_nearest,False,0.0018029212951660156,success
04A5F64A9C4C80,3,['Arena'],Casa Giulietta,"['Centro Fotografia', 'Sighseeing', 'Torre Lamberti', 'Museo Conte', 'Museo Radio']",Santa Anastasia,strategy_nearest,False,0.002560138702392578,success
04A6014A9C4C84,3,['Arena'],San Fermo,"['Museo Storia', 'Museo Radio', 'Casa Giulietta', 'Centro Fotografia', 'Sighseeing']",Torre Lamberti,strategy_nearest,False,0.003264904022216797,success
04A5F9429C4C80,1,"['Museo Lapidario', 'Palazzo della Ragione']",Arena,"['Verona Tour', 'Museo Radio', 'San Fermo', 'Casa Giulietta', 'Sighseeing']",Casa Giulietta,strategy_nearest,True,0.003306865692138672,success
04A605429C4C84,1,['Palazzo della Ragione'],Duomo,"['AMO', 'Museo Miniscalchi', 'Santa Anastasia', 'Teatro Romano', 'Museo Conte']",Arena,strategy_nearest,False,0.0027778148651123047,success
04A606429C4C80,0,['Casa Giulietta'],Torre Lamberti,"['Sighseeing', 'Centro Fotografia', 'Museo Conte', 'Palazzo della Ragione', 'AMO']",Arena,strategy_nearest,False,0.003275156021118164,success
04A6054A9C4C84,1,"['Arena', 'Casa Giulietta']",San Fermo,"['Museo Storia', 'Museo Radio', 'Centro Fotografia', 'Sighseeing', 'Torre Lamberti']",Palazzo della Ragione,strategy_nearest,False,0.0027840137481689453,success
04A6064A9C4C84,1,['Torre Lamberti'],Palazzo della Ragione,"['AMO', 'Museo Conte', 'Centro Fotografia', 'Sighseeing', 'Santa Anastasia']",Casa Giulietta,strategy_nearest,False,0.002034902572631836,success
04A60D4A9C4C84,3,"['Castelvecchio', 'Arena']",Casa Giulietta,"['Centro Fotografia', 'Sighseeing', 'Torre Lamberti', 'Museo Conte', 'Museo Radio']",Santa Anastasia,strategy_nearest,False,0.0014498233795166016,success
04A609429C4C84,0,['Arena'],Casa Giulietta,"['Centro Fotografia', 'Sighseeing', 'Torre Lamberti', 'Museo Conte', 'Museo Radio']",Torre Lamberti,strategy_nearest,True,0.002918720245361328,success
04A60E429C4C84,0,['Castelvecchio'],Arena,"['Verona Tour', 'Museo Lapidario', 'Museo Radio', 'San Fermo', 'Casa Giulietta']",Casa Giulietta,strategy_nearest,True,0.0020139217376708984,success
04A614429C4C84,3,"['Arena', 'Casa Giulietta']",Torre Lamberti,"['Sighseeing', 'Centro Fotografia', 'Museo Conte', 'Palazzo della Ragione', 'AMO']",Santa Anastasia,strategy_nearest,False,0.003576993942260742,success
04A6173A9C4C80,2,['Torre Lamberti'],Casa Giulietta,"['Centro Fotografia', 'Sighseeing', 'Museo Conte', 'Museo Radio', 'Palazzo della Ragione']",Castelvecchio,strategy_nearest,False,0.0017728805541992188,success
04A616429C4C84,2,"['San Zeno', 'Duomo']",Castelvecchio,"['Museo Lapidario', 'Verona Tour', 'Arena', 'Museo Radio', 'Sighseeing']",Torre Lamberti,strategy_nearest,False,0.0033729076385498047,success
04A624429C4C84,0,['Arena'],Museo Lapidario,"['Verona Tour', 'Castelvecchio', 'Museo Radio', 'San Fermo', 'Casa Giulietta']",Duomo,strategy_nearest,False,0.0032787322998046875,success
04A6323A9C4C80,3,"['Arena', 'Casa Giulietta']",Teatro Romano,"['Santa Anastasia', 'Duomo', 'AMO', 'Palazzo della Ragione', 'Museo Conte']",Santa Anastasia,strategy_nearest,True,0.002485990524291992,success
04A61B429C4C84,1,['Castelvecchio'],Arena,"['Verona Tour', 'Museo Lapidario', 'Museo Radio', 'San Fermo', 'Casa Giulietta']",Palazzo della Ragione,strategy_nearest,False,0.0031931400299072266,success
04A6293A9C4C80,0,['Casa Giulietta'],Arena,"['Verona Tour', 'Museo Lapidario', 'Museo Radio', 'San Fermo', 'Sighseeing']",Castelvecchio,strategy_nearest,False,0.0033190250396728516,success
04A6363A9C4C80,1,"['Casa Giulietta', 'San Fermo', 'Arena']",Castelvecchio,"['Museo Lapidario', 'Verona Tour', 'Museo Radio', 'San Zeno', 'Sighseeing']",Duomo,strategy_nearest,False,0.002396106719970703,success
04A658429C4C80,1,"['Casa Giulietta', 'Palazzo della Ragione']",Torre Lamberti,"['Sighseeing', 'Centro Fotografia', 'Museo Conte', 'AMO', 'Museo Miniscalchi']",Duomo,strategy_nearest,False,0.002444028854370117,success
04A63F3A9C4C80,0,['Castelvecchio'],Casa Giulietta,"['Centro Fotografia', 'Sighseeing', 'Torre Lamberti', 'Museo Conte', 'Museo Radio']",Arena,strategy_nearest,False,0.002429962158203125,success
04A6563A9C4C80,3,"['San Zeno', 'San Fermo']",Santa Anastasia,"['AMO', 'Museo Conte', 'Palazzo della Ragione', 'Teatro Romano', 'Centro Fotografia']",Casa Giulietta,strategy_nearest,False,0.0032351016998291016,success
04A6724A9C4C80,3,"['Arena', 'Museo Lapidario', 'Castelvecchio']",Casa Giulietta,"['Centro Fotografia', 'Sighseeing', 'Torre Lamberti', 'Museo Conte', 'Museo Radio']",Duomo,strategy_nearest,False,0.0023119449615478516,success
04A680429C4C80,0,"['Castelvecchio', 'Castelvecchio']",Arena,"['Verona Tour', 'Museo Lapidario', 'Museo Radio', 'San Fermo', 'Casa Giulietta']",Torre Lamberti,strategy_nearest,False,0.0021598339080810547,success
04A6784A9C4C80,1,"['Arena', 'Casa Giulietta']",Palazzo della Ragione,"['AMO', 'Museo Conte', 'Torre Lamberti', 'Centro Fotografia', 'Sighseeing']",Torre Lamberti,strategy_nearest,True,0.003471851348876953,success
04A689429C4C80,0,"['Teatro Romano', 'Casa Giulietta']",Torre Lamberti,"['Sighseeing', 'Centro Fotografia', 'Museo Conte', 'Palazzo della Ragione', 'AMO']",Arena,strategy_nearest,False,0.004045009613037109,success
04A68A429C4C80,3,"['Arena', 'Casa Giulietta', 'Duomo']",Teatro Romano,"['Santa Anastasia', 'AMO', 'Palazzo della Ragione', 'Museo Conte', 'Centro Fotografia']",Santa Anastasia,strategy_nearest,True,0.0024487972259521484,success
04A69C429C4C80,1,"['Castelvecchio', 'Arena']",Torre Lamberti,"['Sighseeing', 'Centro Fotografia', 'Museo Conte', 'Casa Giulietta', 'Palazzo della Ragione']",Torre Lamberti,strategy_nearest,False,0.0021979808807373047,success
04A68B4A9C4C80,0,['Arena'],Casa Giulietta,"['Centro Fotografia', 'Sighseeing', 'Torre Lamberti', 'Museo Conte', 'Museo Radio']",Torre Lamberti,strategy_nearest,True,0.0028460025787353516,success
04A6A24A9C4C80,0,['Arena'],Casa Giulietta,"['Centro Fotografia', 'Sighseeing', 'Torre Lamberti', 'Museo Conte', 'Museo Radio']",Teatro Romano,strategy_nearest,False,0.002424001693725586,success
04A69B429C4C80,0,['Casa Giulietta'],San Fermo,"['Museo Storia', 'Museo Radio', 'Centro Fotografia', 'Arena', 'Sighseeing']",Arena,strategy_nearest,True,0.004904985427856445,success
04A6BF4A9C4C80,3,['Arena'],Santa Anastasia,"['AMO', 'Museo Conte', 'Palazzo della Ragione', 'Teatro Romano', 'Centro Fotografia']",Teatro Romano,strategy_nearest,True,0.0020799636840820312,success
04A6B64A9C4C80,3,"['Arena', 'Torre Lamberti']",Casa Giulietta,"['Centro Fotografia', 'Sighseeing', 'Museo Conte', 'Museo Radio', 'Palazzo della Ragione']",Santa Anastasia,strategy_nearest,False,0.002262115478515625,success
04A6A93A9C4C80,0,"['Teatro Romano', 'Torre Lamberti']",Arena,"['Verona Tour', 'Museo Lapidario', 'Museo Radio', 'San Fermo', 'Casa Giulietta']",Tomba Giulietta,strategy_nearest,False,0.004095792770385742,success
04A6BC429C4C80,3,"['Arena', 'Casa Giulietta', 'Torre Lamberti']",Duomo,"['AMO', 'Museo Miniscalchi', 'Santa Anastasia', 'Teatro Romano', 'Palazzo della Ragione']",Teatro Romano,strategy_nearest,True,0.003406047821044922,success
04A6C64A9C4C80,1,"['Arena', 'Torre Lamberti']",Palazzo della Ragione,"['AMO', 'Museo Conte', 'Centro Fotografia', 'Sighseeing', 'Santa Anastasia']",Duomo,strategy_nearest,False,0.0020301342010498047,success
04A6C24A9C4C80,3,"['Castelvecchio', 'Arena']",Torre Lamberti,"['Sighseeing', 'Centro Fotografia', 'Museo Conte', 'Casa Giulietta', 'Palazzo della Ragione']",Santa Anastasia,strategy_nearest,False,0.0014729499816894531,success
04A6CA4A9C4C80,0,['Arena'],Casa Giulietta,"['Centro Fotografia', 'Sighseeing', 'Torre Lamberti', 'Museo Conte', 'Museo Radio']",Duomo,strategy_nearest,False,0.0033829212188720703,success
04A6C04A9C4C80,1,"['Museo Lapidario', 'Arena', 'Tomba Giulietta']",Castelvecchio,"['Verona Tour', 'Museo Radio', 'San Zeno', 'Sighseeing', 'Museo Miniscalchi']",Casa Giulietta,strategy_nearest,False,0.0035240650177001953,success
04A6CE429C4C80,1,"['Duomo', 'Teatro Romano', 'Casa Giulietta']",Tomba Giulietta,"['San Fermo', 'Museo Storia', 'Arena', 'Museo Lapidario', 'Museo Radio']",Arena,strategy_nearest,True,0.002002239227294922,success
04A6D03A9C4C80,2,['Castelvecchio'],Casa Giulietta,"['Centro Fotografia', 'Sighseeing', 'Torre Lamberti', 'Museo Conte', 'Museo Radio']",San Zeno,strategy_nearest,False,0.0025081634521484375,success
04A6CD4A9C4C80,1,"['Arena', 'Casa Giulietta', 'Palazzo della Ragione', 'Torre Lamberti']",Santa Anastasia,"['AMO', 'Museo Conte', 'Teatro Romano', 'Centro Fotografia', 'Duomo']",Duomo,strategy_nearest,True,0.003435850143432617,success
04A6E7429C4C80,3,"['Santa Anastasia', 'Duomo', 'Teatro Romano', 'Torre Lamberti']",San Fermo,"['Museo Storia', 'Museo Radio', 'Casa Giulietta', 'Centro Fotografia', 'Arena']",Tomba Giulietta,strategy_nearest,False,0.0017647743225097656,success
04A6D93A9C4C80,1,['Arena'],Casa Giulietta,"['Centro Fotografia', 'Sighseeing', 'Torre Lamberti', 'Museo Conte', 'Museo Radio']",Torre Lamberti,strategy_nearest,True,0.003381013870239258,success
04A6DE429C4C80,3,"['Arena', 'San Fermo', 'Casa Giulietta', 'Santa Anastasia']",Torre Lamberti,"['Sighseeing', 'Centro Fotografia', 'Museo Conte', 'Palazzo della Ragione', 'AMO']",Duomo,strategy_nearest,False,0.0034322738647460938,success
04A6E94A9C4C80,1,"['Arena', 'Casa Giulietta']",Palazzo della Ragione,"['AMO', 'Museo Conte', 'Torre Lamberti', 'Centro Fotografia', 'Sighseeing']",Torre Lamberti,strategy_nearest,True,0.0032486915588378906,success
04A6F24A9C4C80,3,"['Arena', 'Casa Giulietta']",Torre Lamberti,"['Sighseeing', 'Centro Fotografia', 'Museo Conte', 'Palazzo della Ragione', 'AMO']",Duomo,strategy_nearest,False,0.0024819374084472656,success
04A6EB3A9C4C80,0,['Castelvecchio'],Arena,"['Verona Tour', 'Museo Lapidario', 'Museo Radio', 'San Fermo', 'Casa Giulietta']",Casa Giulietta,strategy_nearest,True,0.0032629966735839844,success
04A700429C4C84,2,"['Torre Lamberti', 'Palazzo della Ragione']",Santa Anastasia,"['AMO', 'Museo Conte', 'Teatro Romano', 'Centro Fotografia', 'Duomo']",San Zeno,strategy_nearest,False,0.0023000240325927734,success
04A6F6429C4C80,3,"['Torre Lamberti', 'Museo Storia', 'Teatro Romano']",Duomo,"['AMO', 'Museo Miniscalchi', 'Santa Anastasia', 'Palazzo della Ragione', 'Museo Conte']",Casa Giulietta,strategy_nearest,False,0.003098011016845703,success
04A7064A9C4C84,2,['Casa Giulietta'],Palazzo della Ragione,"['AMO', 'Museo Conte', 'Torre Lamberti', 'Centro Fotografia', 'Sighseeing']",Torre Lamberti,strategy_nearest,True,0.002357006072998047,success
04A7084A9C4C84,2,['Casa Giulietta'],Tomba Giulietta,"['San Fermo', 'Museo Storia', 'Arena', 'Museo Lapidario', 'Museo Radio']",San Zeno,strategy_nearest,False,0.002769947052001953,success
04A70C429C4C84,1,"['Torre Lamberti', 'Palazzo della Ragione', 'San Fermo']",Tomba Giulietta,"['Museo Storia', 'Arena', 'Museo Lapidario', 'Museo Radio', 'Verona Tour']",San Zeno,strategy_nearest,False,0.0027327537536621094,success
04A70F429C4C84,4,"['Museo Lapidario', 'Tomba Giulietta', 'Museo Radio', 'Castelvecchio']",Casa Giulietta,"['Centro Fotografia', 'Sighseeing', 'Torre Lamberti', 'Museo Conte', 'Palazzo della Ragione']",Torre Lamberti,strategy_nearest,True,0.0026979446411132812,success
04A70E4A9C4C84,0,['Arena'],Casa Giulietta,"['Centro Fotografia', 'Sighseeing', 'Torre Lamberti', 'Museo Conte', 'Museo Radio']",Torre Lamberti,strategy_nearest,True,0.0033490657806396484,success
04A70F4A9C4C84,3,"['Arena', 'Torre Lamberti']",Santa Anastasia,"['AMO', 'Museo Conte', 'Palazzo della Ragione', 'Teatro Romano', 'Centro Fotografia']",Duomo,strategy_nearest,False,0.0027756690979003906,success
04A7104A9C4C84,3,"['Arena', 'Museo Lapidario']",Torre Lamberti,"['Sighseeing', 'Centro Fotografia', 'Museo Conte', 'Casa Giulietta', 'Palazzo della Ragione']",Duomo,strategy_nearest,False,0.0035517215728759766,success
04A713429C4C84,1,"['Arena', 'Casa Giulietta', 'Palazzo della Ragione', 'Torre Lamberti']",Santa Anastasia,"['AMO', 'Museo Conte', 'Teatro Romano', 'Centro Fotografia', 'Duomo']",Tomba Giulietta,strategy_nearest,False,0.0025060176849365234,success
04A71B429C4C84,1,"['Arena', 'Museo Lapidario']",Torre Lamberti,"['Sighseeing', 'Centro Fotografia', 'Museo Conte', 'Casa Giulietta', 'Palazzo della Ragione']",Palazzo della Ragione,strategy_nearest,True,0.0025560855865478516,success
04A720429C4C80,1,"['Teatro Romano', 'Casa Giulietta']",Torre Lamberti,"['Sighseeing', 'Centro Fotografia', 'Museo Conte', 'Palazzo della Ragione', 'AMO']",Palazzo della Ragione,strategy_nearest,True,0.003445863723754883,success
04A7243A9C4C84,0,['Teatro Romano'],Duomo,"['AMO', 'Museo Miniscalchi', 'Santa Anastasia', 'Palazzo della Ragione', 'Museo Conte']",Casa Giulietta,strategy_nearest,False,0.0025310516357421875,success
04A7284A9C4C80,0,"['Casa Giulietta', 'San Fermo']",Tomba Giulietta,"['Museo Storia', 'Arena', 'Museo Lapidario', 'Museo Radio', 'Verona Tour']",Teatro Romano,strategy_nearest,False,0.0031671524047851562,success
04A74F3A9C4C80,0,"['Arena', 'Tomba Giulietta']",San Fermo,"['Museo Storia', 'Museo Radio', 'Casa Giulietta', 'Centro Fotografia', 'Sighseeing']",Casa Giulietta,strategy_nearest,True,0.002373933792114258,success
04A7504A9C4C80,3,"['Arena', 'Casa Giulietta']",Santa Anastasia,"['AMO', 'Museo Conte', 'Palazzo della Ragione', 'Teatro Romano', 'Centro Fotografia']",Duomo,strategy_nearest,False,0.0027649402618408203,success
04A7483A9C4C80,1,"['Arena', 'Museo Lapidario', 'Castelvecchio', 'Torre Lamberti']",Palazzo della Ragione,"['AMO', 'Museo Conte', 'Centro Fotografia', 'Sighseeing', 'Santa Anastasia']",Casa Giulietta,strategy_nearest,False,0.004311084747314453,success
04A735429C4C80,3,['Arena'],Casa Giulietta,"['Centro Fotografia', 'Sighseeing', 'Torre Lamberti', 'Museo Conte', 'Museo Radio']",Torre Lamberti,strategy_nearest,True,0.0030968189239501953,success
04A7574A9C4C80,0,"['Arena', 'Casa Giulietta']",Casa Giulietta,"['Centro Fotografia', 'Sighseeing', 'Torre Lamberti', 'Museo Conte', 'Museo Radio']",Torre Lamberti,strategy_nearest,True,0.0033419132232666016,success
04A7534A9C4C80,0,['Arena'],Castelvecchio,"['Museo Lapidario', 'Verona Tour', 'Museo Radio', 'San Zeno', 'Sighseeing']",Casa Giulietta,strategy_nearest,False,0.00278472900390625,success
04A763429C4C80,3,"['Museo Storia', 'San Fermo', 'San Zeno']",Castelvecchio,"['Museo Lapidario', 'Verona Tour', 'Arena', 'Museo Radio', 'Sighseeing']",Arena,strategy_nearest,True,0.0015227794647216797,success
04A7784A9C4C80,3,"['Arena', 'Casa Giulietta']",Tomba Giulietta,"['San Fermo', 'Museo Storia', 'Museo Lapidario', 'Museo Radio', 'Verona Tour']",Santa Anastasia,strategy_nearest,False,0.0032300949096679688,success
04A791429C4C80,3,"['Castelvecchio', 'Arena', 'Tomba Giulietta']",Santa Anastasia,"['AMO', 'Museo Conte', 'Palazzo della Ragione', 'Teatro Romano', 'Centro Fotografia']",Teatro Romano,strategy_nearest,True,0.0026891231536865234,success
04A790429C4C80,1,['Castelvecchio'],Arena,"['Verona Tour', 'Museo Lapidario', 'Museo Radio', 'San Fermo', 'Casa Giulietta']",Palazzo della Ragione,strategy_nearest,False,0.003390073776245117,success
04A77F3A9C4C80,0,"['Casa Giulietta', 'Torre Lamberti']",Arena,"['Verona Tour', 'Museo Lapidario', 'Museo Radio', 'San Fermo', 'Sighseeing']",Castelvecchio,strategy_nearest,False,0.0028710365295410156,success
04A78F4A9C4C80,2,['Casa Giulietta'],Castelvecchio,"['Museo Lapidario', 'Verona Tour', 'Arena', 'Museo Radio', 'San Zeno']",Torre Lamberti,strategy_nearest,False,0.002254009246826172,success
04A79B4A9C4C80,2,"['Palazzo della Ragione', 'Torre Lamberti']",Casa Giulietta,"['Centro Fotografia', 'Sighseeing', 'Museo Conte', 'Museo Radio', 'San Fermo']",Santa Anastasia,strategy_nearest,False,0.0027039051055908203,success
04A7944A9C4C80,3,"['Arena', 'Casa Giulietta']",Torre Lamberti,"['Sighseeing', 'Centro Fotografia', 'Museo Conte', 'Palazzo della Ragione', 'AMO']",Castelvecchio,strategy_nearest,False,0.002131223678588867,success
04A7A24A9C4C80,3,"['Teatro Romano', 'Duomo', 'Santa Anastasia']",Casa Giulietta,"['Centro Fotografia', 'Sighseeing', 'Torre Lamberti', 'Museo Conte', 'Museo Radio']",Arena,strategy_nearest,False,0.0014941692352294922,success
04A7AF4A9C4C80,1,"['Museo Lapidario', 'Arena', 'Casa Giulietta', 'Palazzo della Ragione']",Torre Lamberti,"['Sighseeing', 'Centro Fotografia', 'Museo Conte', 'AMO', 'Museo Miniscalchi']",Santa Anastasia,strategy_nearest,False,0.0032167434692382812,success
04A7B7429C4C80,3,"['Arena', 'Tomba Giulietta', 'San Zeno']",Santa Anastasia,"['AMO', 'Museo Conte', 'Palazzo della Ragione', 'Teatro Romano', 'Centro Fotografia']",Torre Lamberti,strategy_nearest,False,0.002171754837036133,success
04A7BC4A9C4C80,0,"['Arena', 'Casa Giulietta']",Torre Lamberti,"['Sighseeing', 'Centro Fotografia', 'Museo Conte', 'Palazzo della Ragione', 'AMO']",Castelvecchio,strategy_nearest,False,0.0027818679809570312,success
04A7B34A9C4C80,0,['Arena'],Casa Giulietta,"['Centro Fotografia', 'Sighseeing', 'Torre Lamberti', 'Museo Conte', 'Museo Radio']",Teatro Romano,strategy_nearest,False,0.004140138626098633,success
04A7C2429C4C80,0,['Arena'],Casa Giulietta,"['Centro Fotografia', 'Sighseeing', 'Torre Lamberti', 'Museo Conte', 'Museo Radio']",Torre Lamberti,strategy_nearest,True,0.0014319419860839844,success
04A7C24A9C4C80,0,['Castelvecchio'],San Zeno,"['Verona Tour', 'Museo Lapidario', 'Arena', 'Museo Miniscalchi', 'Sighseeing']",Arena,strategy_nearest,True,0.00255584716796875,success
04A7C94A9C4C80,0,['Arena'],Casa Giulietta,"['Centro Fotografia', 'Sighseeing', 'Torre Lamberti', 'Museo Conte', 'Museo Radio']",Santa Anastasia,strategy_nearest,False,0.002218961715698242,success
04A7CB4A9C4C80,3,"['Santa Anastasia', 'Duomo']",San Fermo,"['Museo Storia', 'Museo Radio', 'Casa Giulietta', 'Centro Fotografia', 'Arena']",Arena,strategy_nearest,True,0.0027360916137695312,success
04A7CD4A9C4C80,0,"['Arena', 'Museo Lapidario']",Casa Giulietta,"['Centro Fotografia', 'Sighseeing', 'Torre Lamberti', 'Museo Conte', 'Museo Radio']",Torre Lamberti,strategy_nearest,True,0.0031778812408447266,success
04A7D13A9C4C80,2,"['Casa Giulietta', 'Torre Lamberti', 'Castelvecchio']",San Zeno,"['Verona Tour', 'Museo Lapidario', 'Arena', 'Museo Miniscalchi', 'Sighseeing']",Santa Anastasia,strategy_nearest,False,0.0027120113372802734,success
04A7D33A9C4C80,0,['Arena'],Casa Giulietta,"['Centro Fotografia', 'Sighseeing', 'Torre Lamberti', 'Museo Conte', 'Museo Radio']",Teatro Romano,strategy_nearest,False,0.003287076950073242,success
04A7CE4A9C4C80,0,['Arena'],Museo Lapidario,"['Verona Tour', 'Castelvecchio', 'Museo Radio', 'San Fermo', 'Casa Giulietta']",Torre Lamberti,strategy_nearest,False,0.002249002456665039,success
04A7D04A9C4C80,0,['Arena'],Casa Giulietta,"['Centro Fotografia', 'Sighseeing', 'Torre Lamberti', 'Museo Conte', 'Museo Radio']",Castelvecchio,strategy_nearest,False,0.0021638870239257812,success
04A7F04A9C4C80,2,"['Casa Giulietta', 'Teatro Romano']",San Zeno,"['Castelvecchio', 'Verona Tour', 'Museo Lapidario', 'Arena', 'Museo Miniscalchi']",Torre Lamberti,strategy_nearest,False,0.0029098987579345703,success
04A7E94A9C4C80,2,"['Museo Lapidario', 'Torre Lamberti']",Palazzo della Ragione,"['AMO', 'Museo Conte', 'Centro Fotografia', 'Sighseeing', 'Santa Anastasia']",Casa Giulietta,strategy_nearest,False,0.002343893051147461,success
04A7F74A9C4C80,2,['Santa Anastasia'],Teatro Romano,"['Duomo', 'AMO', 'Palazzo della Ragione', 'Museo Conte', 'Centro Fotografia']",San Zeno,strategy_nearest,False,0.00148773193359375,success
04A8024A9C4C84,1,"['Arena', 'Palazzo della Ragione']",Torre Lamberti,"['Sighseeing', 'Centro Fotografia', 'Museo Conte', 'Casa Giulietta', 'AMO']",Teatro Romano,strategy_nearest,False,0.003307819366455078,success
04A8044A9C4C84,0,['Arena'],Casa Giulietta,"['Centro Fotografia', 'Sighseeing', 'Torre Lamberti', 'Museo Conte', 'Museo Radio']",Teatro Romano,strategy_nearest,False,0.0016300678253173828,success
04A8064A9C4C80,1,"['Casa Giulietta', 'Santa Anastasia', 'Arena']",Duomo,"['AMO', 'Museo Miniscalchi', 'Teatro Romano', 'Palazzo della Ragione', 'Museo Conte']",San Zeno,strategy_nearest,False,0.002115011215209961,success
04A805429C4C84,1,"['Giardino Giusti', 'Torre Lamberti', 'Palazzo della Ragione', 'Castelvecchio']",Duomo,"['AMO', 'Museo Miniscalchi', 'Santa Anastasia', 'Teatro Romano', 'Museo Conte']",Teatro Romano,strategy_nearest,True,0.0029408931732177734,success
04A807429C4C80,3,"['Arena', 'Casa Giulietta', 'Torre Lamberti']",Duomo,"['AMO', 'Museo Miniscalchi', 'Santa Anastasia', 'Teatro Romano', 'Palazzo della Ragione']",Castelvecchio,strategy_nearest,False,0.002935171127319336,success
04A8064A9C4C84,3,"['Museo Lapidario', 'Arena']",Santa Anastasia,"['AMO', 'Museo Conte', 'Palazzo della Ragione', 'Teatro Romano', 'Centro Fotografia']",Duomo,strategy_nearest,False,0.0035948753356933594,success
04A80F4A9C4C84,2,"['Castelvecchio', 'Torre Lamberti']",Casa Giulietta,"['Centro Fotografia', 'Sighseeing', 'Museo Conte', 'Museo Radio', 'Palazzo della Ragione']",Teatro Romano,strategy_nearest,False,0.003278017044067383,success
04A8084A9C4C84,3,"['Arena', 'Casa Giulietta']",Torre Lamberti,"['Sighseeing', 'Centro Fotografia', 'Museo Conte', 'Palazzo della Ragione', 'AMO']",Santa Anastasia,strategy_nearest,False,0.0022852420806884766,success
04A80E4A9C4C84,0,['Arena'],Casa Giulietta,"['Centro Fotografia', 'Sighseeing', 'Torre Lamberti', 'Museo Conte', 'Museo Radio']",Tomba Giulietta,strategy_nearest,False,0.003968000411987305,success
04A80F429C4C84,0,['Arena'],Casa Giulietta,"['Centro Fotografia', 'Sighseeing', 'Torre Lamberti', 'Museo Conte', 'Museo Radio']",Castelvecchio,strategy_nearest,False,0.002093791961669922,success
04A816429C4C84,0,"['Arena', 'Castelvecchio']",Duomo,"['AMO', 'Museo Miniscalchi', 'Santa Anastasia', 'Teatro Romano', 'Palazzo della Ragione']",Torre Lamberti,strategy_nearest,False,0.002187967300415039,success
04A815429C4C80,2,['Teatro Romano'],Duomo,"['AMO', 'Museo Miniscalchi', 'Santa Anastasia', 'Palazzo della Ragione', 'Museo Conte']",Torre Lamberti,strategy_nearest,False,0.0035631656646728516,success
04A828429C4C84,3,"['Giardino Giusti', 'Duomo', 'Santa Anastasia']",Torre Lamberti,"['Sighseeing', 'Centro Fotografia', 'Museo Conte', 'Casa Giulietta', 'Palazzo della Ragione']",Casa Giulietta,strategy_nearest,True,0.002622365951538086,success
04A81E3A9C4C80,3,"['Duomo', 'Santa Anastasia']",Casa Giulietta,"['Centro Fotografia', 'Sighseeing', 'Torre Lamberti', 'Museo Conte', 'Museo Radio']",Arena,strategy_nearest,False,0.0013599395751953125,success
04A8343A9C4C80,3,"['Arena', 'Torre Lamberti', 'Casa Giulietta']",Duomo,"['AMO', 'Museo Miniscalchi', 'Santa Anastasia', 'Teatro Romano', 'Palazzo della Ragione']",San Fermo,strategy_nearest,False,0.0022573471069335938,success
04A8353A9C4C80,0,['Casa Giulietta'],Torre Lamberti,"['Sighseeing', 'Centro Fotografia', 'Museo Conte', 'Palazzo della Ragione', 'AMO']",Arena,strategy_nearest,False,0.0018029212951660156,success
04A8454A9C4C80,0,['Arena'],Castelvecchio,"['Museo Lapidario', 'Verona Tour', 'Museo Radio', 'San Zeno', 'Sighseeing']",Casa Giulietta,strategy_nearest,False,0.002665996551513672,success
04A84E4A9C4C80,1,['Arena'],Casa Giulietta,"['Centro Fotografia', 'Sighseeing', 'Torre Lamberti', 'Museo Conte', 'Museo Radio']",Torre Lamberti,strategy_nearest,True,0.0031290054321289062,success
04A873429C4C80,0,['Castelvecchio'],Casa Giulietta,"['Centro Fotografia', 'Sighseeing', 'Torre Lamberti', 'Museo Conte', 'Museo Radio']",Torre Lamberti,strategy_nearest,True,0.0029821395874023438,success
04A8784A9C4C80,0,['Arena'],Casa Giulietta,"['Centro Fotografia', 'Sighseeing', 'Torre Lamberti', 'Museo Conte', 'Museo Radio']",Teatro Romano,strategy_nearest,False,0.003053903579711914,success
04A88B4A9C4C80,2,['Museo Lapidario'],Castelvecchio,"['Verona Tour', 'Arena', 'Museo Radio', 'San Zeno', 'Sighseeing']",Casa Giulietta,strategy_nearest,False,0.002399921417236328,success
04A88D429C4C80,3,"['Teatro Romano', 'Duomo']",Torre Lamberti,"['Sighseeing', 'Centro Fotografia', 'Museo Conte', 'Casa Giulietta', 'Palazzo della Ragione']",Castelvecchio,strategy_nearest,False,0.0026090145111083984,success
04A88D4A9C4C80,0,"['Arena', 'Museo Lapidario']",Castelvecchio,"['Verona Tour', 'Museo Radio', 'San Zeno', 'Sighseeing', 'Museo Miniscalchi']",Casa Giulietta,strategy_nearest,False,0.0032911300659179688,success
04A88F4A9C4C80,3,"['Arena', 'Torre Lamberti']",Santa Anastasia,"['AMO', 'Museo Conte', 'Palazzo della Ragione', 'Teatro Romano', 'Centro Fotografia']",Duomo,strategy_nearest,False,0.002313852310180664,success
04A8964A9C4C80,0,"['Castelvecchio', 'Arena']",Tomba Giulietta,"['San Fermo', 'Museo Storia', 'Museo Lapidario', 'Museo Radio', 'Verona Tour']",Santa Anastasia,strategy_nearest,False,0.0024890899658203125,success
04A8984A9C4C80,1,"['Arena', 'Teatro Romano', 'Duomo']",Santa Anastasia,"['AMO', 'Museo Conte', 'Palazzo della Ragione', 'Centro Fotografia', 'Torre Lamberti']",Palazzo della Ragione,strategy_nearest,True,0.0035712718963623047,success
04A89A4A9C4C80,1,"['Arena', 'Casa Giulietta']",Torre Lamberti,"['Sighseeing', 'Centro Fotografia', 'Museo Conte', 'Palazzo della Ragione', 'AMO']",Palazzo della Ragione,strategy_nearest,True,0.0018002986907958984,success
04A8A54A9C4C80,0,"['Arena', 'Casa Giulietta', 'Torre Lamberti']",Duomo,"['AMO', 'Museo Miniscalchi', 'Santa Anastasia', 'Teatro Romano', 'Palazzo della Ragione']",Castelvecchio,strategy_nearest,False,0.0023407936096191406,success
04A89F429C4C80,0,"['Castelvecchio', 'Arena']",Casa Giulietta,"['Centro Fotografia', 'Sighseeing', 'Torre Lamberti', 'Museo Conte', 'Museo Radio']",Torre Lamberti,strategy_nearest,True,0.0032291412353515625,success
04A8B74A9C4C80,1,"['Arena', 'Teatro Romano']",Duomo,"['AMO', 'Museo Miniscalchi', 'Santa Anastasia', 'Palazzo della Ragione', 'Museo Conte']",Torre Lamberti,strategy_nearest,False,0.002096891403198242,success
04A8B2429C4C80,0,['Castelvecchio'],Duomo,"['AMO', 'Museo Miniscalchi', 'Santa Anastasia', 'Teatro Romano', 'Palazzo della Ragione']",Arena,strategy_nearest,False,0.0034711360931396484,success
04A8BC4A9C4C80,1,['Arena'],Palazzo della Ragione,"['AMO', 'Museo Conte', 'Torre Lamberti', 'Centro Fotografia', 'Sighseeing']",Torre Lamberti,strategy_nearest,True,0.002791166305541992,success
04A8C24A9C4C80,3,"['Castelvecchio', 'Arena']",Torre Lamberti,"['Sighseeing', 'Centro Fotografia', 'Museo Conte', 'Casa Giulietta', 'Palazzo della Ragione']",Santa Anastasia,strategy_nearest,False,0.0033369064331054688,success
04A8CD4A9C4C80,0,['San Fermo'],Casa Giulietta,"['Centro Fotografia', 'Sighseeing', 'Torre Lamberti', 'Museo Conte', 'Museo Radio']",Duomo,strategy_nearest,False,0.0023071765899658203,success
04A8CF429C4C80,1,"['Arena', 'Casa Giulietta', 'Palazzo della Ragione']",Torre Lamberti,"['Sighseeing', 'Centro Fotografia', 'Museo Conte', 'AMO', 'Museo Miniscalchi']",Santa Anastasia,strategy_nearest,False,0.0028328895568847656,success
04A8D1429C4C80,3,['Teatro Romano'],Santa Anastasia,"['AMO', 'Museo Conte', 'Palazzo della Ragione', 'Centro Fotografia', 'Duomo']",Arena,strategy_nearest,False,0.0028619766235351562,success
04A8D03A9C4C80,1,"['Arena', 'Casa Giulietta']",Castelvecchio,"['Museo Lapidario', 'Verona Tour', 'Museo Radio', 'San Zeno', 'Sighseeing']",Torre Lamberti,strategy_nearest,False,0.0035238265991210938,success
04A8D04A9C4C80,0,['Arena'],Casa Giulietta,"['Centro Fotografia', 'Sighseeing', 'Torre Lamberti', 'Museo Conte', 'Museo Radio']",Duomo,strategy_nearest,False,0.002819061279296875,success
04A8E4429C4C80,1,"['Arena', 'Casa Giulietta', 'Santa Anastasia', 'Duomo']",Teatro Romano,"['AMO', 'Palazzo della Ragione', 'Museo Conte', 'Centro Fotografia', 'Museo Miniscalchi']",Torre Lamberti,strategy_nearest,False,0.0027599334716796875,success
04A8D93A9C4C80,3,"['Arena', 'Casa Giulietta']",Tomba Giulietta,"['San Fermo', 'Museo Storia', 'Museo Lapidario', 'Museo Radio', 'Verona Tour']",Castelvecchio,strategy_nearest,False,0.002206087112426758,success
04A8E8429C4C80,1,"['Arena', 'Torre Lamberti', 'Palazzo della Ragione', 'Casa Giulietta']",San Fermo,"['Museo Storia', 'Museo Radio', 'Centro Fotografia', 'Sighseeing', 'Museo Conte']",Museo Storia,strategy_nearest,True,0.0032579898834228516,success
04A8E94A9C4C80,2,['Torre Lamberti'],Palazzo della Ragione,"['AMO', 'Museo Conte', 'Centro Fotografia', 'Sighseeing', 'Santa Anastasia']",Castelvecchio,strategy_nearest,False,0.0014410018920898438,success
04A8EB3A9C4C80,1,"['Arena', 'Casa Giulietta', 'Torre Lamberti']",Santa Anastasia,"['AMO', 'Museo Conte', 'Palazzo della Ragione', 'Teatro Romano', 'Centro Fotografia']",Tomba Giulietta,strategy_nearest,False,0.0015921592712402344,success
04A8F03A9C4C80,0,['Castelvecchio'],Casa Giulietta,"['Centro Fotografia', 'Sighseeing', 'Torre Lamberti', 'Museo Conte', 'Museo Radio']",Torre Lamberti,strategy_nearest,True,0.002743959426879883,success
04A8EA429C4C80,3,"['Arena', 'Casa Giulietta']",Santa Anastasia,"['AMO', 'Museo Conte', 'Palazzo della Ragione', 'Teatro Romano', 'Centro Fotografia']",Duomo,strategy_nearest,False,0.002816915512084961,success
04A8F2429C4C80,3,"['Arena', 'Santa Anastasia']",Duomo,"['AMO', 'Museo Miniscalchi', 'Teatro Romano', 'Palazzo della Ragione', 'Museo Conte']",Casa Giulietta,strategy_nearest,False,0.003209829330444336,success
04A9004A9C4C84,1,['Arena'],Castelvecchio,"['Museo Lapidario', 'Verona Tour', 'Museo Radio', 'San Zeno', 'Sighseeing']",Casa Giulietta,strategy_nearest,False,0.0020868778228759766,success
04A8FE4A9C4C80,3,"['Arena', 'Casa Giulietta']",Torre Lamberti,"['Sighseeing', 'Centro Fotografia', 'Museo Conte', 'Palazzo della Ragione', 'AMO']",Santa Anastasia,strategy_nearest,False,0.001583099365234375,success
04A901429C4C84,1,"['Castelvecchio', 'Arena', 'Casa Giulietta', 'Palazzo della Ragione']",Torre Lamberti,"['Sighseeing', 'Centro Fotografia', 'Museo Conte', 'AMO', 'Museo Miniscalchi']",Teatro Romano,strategy_nearest,False,0.0033490657806396484,success
04A8F83A9C4C80,0,"['Museo Lapidario', 'Arena']",Castelvecchio,"['Verona Tour', 'Museo Radio', 'San Zeno', 'Sighseeing', 'Museo Miniscalchi']",Casa Giulietta,strategy_nearest,False,0.0030570030212402344,success
04A9034A9C4C84,1,"['Arena', 'Palazzo della Ragione']",Torre Lamberti,"['Sighseeing', 'Centro Fotografia', 'Museo Conte', 'Casa Giulietta', 'AMO']",Santa Anastasia,strategy_nearest,False,0.002576112747192383,success
04A9024A9C4C84,3,"['Arena', 'Casa Giulietta']",Santa Anastasia,"['AMO', 'Museo Conte', 'Palazzo della Ragione', 'Teatro Romano', 'Centro Fotografia']",Duomo,strategy_nearest,False,0.0025827884674072266,success
04A9064A9C4C80,0,"['Arena', 'Casa Giulietta']",Duomo,"['AMO', 'Museo Miniscalchi', 'Santa Anastasia', 'Teatro Romano', 'Palazzo della Ragione']",Teatro Romano,strategy_nearest,True,0.0026776790618896484,success
04A9074A9C4C80,0,['Arena'],Casa Giulietta,"['Centro Fotografia', 'Sighseeing', 'Torre Lamberti', 'Museo Conte', 'Museo Radio']",Castelvecchio,strategy_nearest,False,0.0035462379455566406,success
04A9094A9C4C84,3,"['Arena', 'Casa Giulietta']",Torre Lamberti,"['Sighseeing', 'Centro Fotografia', 'Museo Conte', 'Palazzo della Ragione', 'AMO']",Duomo,strategy_nearest,False,0.002633810043334961,success
04A90B3A9C4C84,0,['Castelvecchio'],Arena,"['Verona Tour', 'Museo Lapidario', 'Museo Radio', 'San Fermo', 'Casa Giulietta']",Casa Giulietta,strategy_nearest,True,0.002856016159057617,success
04A90F4A9C4C84,1,"['Palazzo della Ragione', 'Torre Lamberti', 'Santa Anastasia']",Duomo,"['AMO', 'Museo Miniscalchi', 'Teatro Romano', 'Museo Conte', 'Centro Fotografia']",Castelvecchio,strategy_nearest,False,0.002215862274169922,success
04A90C4A9C4C80,0,"['Arena', 'Duomo']",Castelvecchio,"['Museo Lapidario', 'Verona Tour', 'Museo Radio', 'San Zeno', 'Sighseeing']",Casa Giulietta,strategy_nearest,False,0.0016560554504394531,success
04A913429C4C84,0,['Arena'],Casa Giulietta,"['Centro Fotografia', 'Sighseeing', 'Torre Lamberti', 'Museo Conte', 'Museo Radio']",Torre Lamberti,strategy_nearest,True,0.0032911300659179688,success
04A91C429C4C84,0,['Torre Lamberti'],Casa Giulietta,"['Centro Fotografia', 'Sighseeing', 'Museo Conte', 'Museo Radio', 'Palazzo della Ragione']",Arena,strategy_nearest,False,0.002254009246826172,success
04A916429C4C84,4,"['Torre Lamberti', 'Casa Giulietta', 'Tomba Giulietta']",Museo Radio,"['San Fermo', 'Arena', 'Sighseeing', 'Centro Fotografia', 'Verona Tour']",Arena,strategy_nearest,True,0.0016529560089111328,success
04A916429C4C80,0,['Arena'],Torre Lamberti,"['Sighseeing', 'Centro Fotografia', 'Museo Conte', 'Casa Giulietta', 'Palazzo della Ragione']",Casa Giulietta,strategy_nearest,True,0.0030651092529296875,success
04A91F429C4C84,0,['Arena'],Castelvecchio,"['Museo Lapidario', 'Verona Tour', 'Museo Radio', 'San Zeno', 'Sighseeing']",Giardino Giusti,strategy_nearest,False,0.0035431385040283203,success
04A9204A9C4C80,3,"['Casa Giulietta', 'Torre Lamberti']",Giardino Giusti,"['Santa Anastasia', 'Teatro Romano', 'Museo Conte', 'Centro Fotografia', 'Museo Storia']",Duomo,strategy_nearest,False,0.002858877182006836,success
04A9313A9C4C80,2,"['Casa Giulietta', 'Torre Lamberti']",Palazzo della Ragione,"['AMO', 'Museo Conte', 'Centro Fotografia', 'Sighseeing', 'Santa Anastasia']",Duomo,strategy_nearest,False,0.0034329891204833984,success
04A93B4A9C4C80,6,"['Arena', 'Casa Giulietta', 'Tomba Giulietta', 'Santa Anastasia', 'Duomo']",Giardino Giusti,"['Teatro Romano', 'Museo Conte', 'Centro Fotografia', 'Museo Storia', 'AMO']",Torre Lamberti,strategy_nearest,False,0.003345012664794922,success
04A9334A9C4C80,2,"['Palazzo della Ragione', 'Santa Anastasia']",San Zeno,"['Castelvecchio', 'Verona Tour', 'Museo Lapidario', 'Arena', 'Museo Miniscalchi']",Castelvecchio,strategy_nearest,True,0.0015139579772949219,success
04A946429C4C80,3,['Arena'],Castelvecchio,"['Museo Lapidario', 'Verona Tour', 'Museo Radio', 'San Zeno', 'Sighseeing']",Duomo,strategy_nearest,False,0.002048015594482422,success
04A9403A9C4C80,3,"['Arena', 'Castelvecchio', 'San Zeno', 'Duomo']",Teatro Romano,"['Santa Anastasia', 'AMO', 'Palazzo della Ragione', 'Museo Conte', 'Centro Fotografia']",Torre Lamberti,strategy_nearest,False,0.002146005630493164,success
04A93C429C4C80,0,['Museo Lapidario'],Arena,"['Verona Tour', 'Museo Radio', 'San Fermo', 'Casa Giulietta', 'Sighseeing']",Teatro Romano,strategy_nearest,False,0.0036149024963378906,success
04A947429C4C80,0,"['Casa Giulietta', 'San Fermo']",Arena,"['Verona Tour', 'Museo Lapidario', 'Museo Radio', 'Sighseeing', 'Castelvecchio']",Tomba Giulietta,strategy_nearest,False,0.0035369396209716797,success
04A94E3A9C4C80,3,"['Arena', 'Casa Giulietta', 'Torre Lamberti']",Santa Anastasia,"['AMO', 'Museo Conte', 'Palazzo della Ragione', 'Teatro Romano', 'Centro Fotografia']",Duomo,strategy_nearest,False,0.002639293670654297,success
04A94B3A9C4C80,3,['Arena'],Torre Lamberti,"['Sighseeing', 'Centro Fotografia', 'Museo Conte', 'Casa Giulietta', 'Palazzo della Ragione']",Duomo,strategy_nearest,False,0.002329111099243164,success
04A9584A9C4C80,3,"['Arena', 'Casa Giulietta']",Torre Lamberti,"['Sighseeing', 'Centro Fotografia', 'Museo Conte', 'Palazzo della Ragione', 'AMO']",Santa Anastasia,strategy_nearest,False,0.0025658607482910156,success
04A9794A9C4C80,0,['Arena'],Casa Giulietta,"['Centro Fotografia', 'Sighseeing', 'Torre Lamberti', 'Museo Conte', 'Museo Radio']",Torre Lamberti,strategy_nearest,True,0.0031707286834716797,success
04A98D4A9C4C80,2,['Casa Giulietta'],Torre Lamberti,"['Sighseeing', 'Centro Fotografia', 'Museo Conte', 'Palazzo della Ragione', 'AMO']",Santa Anastasia,strategy_nearest,False,0.002711057662963867,success
04A98A4A9C4C80,3,"['Museo Lapidario', 'Arena']",Casa Giulietta,"['Centro Fotografia', 'Sighseeing', 'Torre Lamberti', 'Museo Conte', 'Museo Radio']",Castelvecchio,strategy_nearest,False,0.0022268295288085938,success
04A97C3A9C4C80,3,"['Teatro Romano', 'Duomo']",Santa Anastasia,"['AMO', 'Museo Conte', 'Palazzo della Ragione', 'Centro Fotografia', 'Torre Lamberti']",Arena,strategy_nearest,False,0.0021691322326660156,success
04A98E3A9C4C80,1,"['Casa Giulietta', 'Arena']",Palazzo della Ragione,"['AMO', 'Museo Conte', 'Torre Lamberti', 'Centro Fotografia', 'Sighseeing']",Torre Lamberti,strategy_nearest,True,0.003371000289916992,success
04A990429C4C80,0,['Arena'],Casa Giulietta,"['Centro Fotografia', 'Sighseeing', 'Torre Lamberti', 'Museo Conte', 'Museo Radio']",Torre Lamberti,strategy_nearest,True,0.002749919891357422,success
04A9A44A9C4C80,0,['Castelvecchio'],Arena,"['Verona Tour', 'Museo Lapidario', 'Museo Radio', 'San Fermo', 'Casa Giulietta']",Duomo,strategy_nearest,False,0.0014138221740722656,success
04A99D4A9C4C80,0,"['Arena', 'Castelvecchio']",Museo Lapidario,"['Verona Tour', 'Museo Radio', 'San Fermo', 'Casa Giulietta', 'Tomba Giulietta']",Casa Giulietta,strategy_nearest,True,0.002949237823486328,success
04A9AAC27B3F80,1,"['Palazzo della Ragione', 'Museo Lapidario', 'Tomba Giulietta', 'Casa Giulietta', 'San Zeno']",Teatro Romano,"['Santa Anastasia', 'Duomo', 'AMO', 'Museo Conte', 'Centro Fotografia']",Duomo,strategy_nearest,True,0.0033757686614990234,success
04A9AC4A9C4C80,0,"['Castelvecchio', 'Arena']",Casa Giulietta,"['Centro Fotografia', 'Sighseeing', 'Torre Lamberti', 'Museo Conte', 'Museo Radio']",Tomba Giulietta,strategy_nearest,False,0.002824068069458008,success
04A9AB3A9C4C80,0,['Arena'],Tomba Giulietta,"['San Fermo', 'Museo Storia', 'Museo Lapidario', 'Museo Radio', 'Verona Tour']",Teatro Romano,strategy_nearest,False,0.0022628307342529297,success
04A9BD3A9C4C80,3,"['Casa Giulietta', 'San Fermo']",Santa Anastasia,"['AMO', 'Museo Conte', 'Palazzo della Ragione', 'Teatro Romano', 'Centro Fotografia']",Duomo,strategy_nearest,False,0.0033020973205566406,success
04A9B0C27B3F80,1,"['Palazzo della Ragione', 'Museo Lapidario', 'Tomba Giulietta', 'Casa Giulietta', 'San Zeno']",Teatro Romano,"['Santa Anastasia', 'Duomo', 'AMO', 'Museo Conte', 'Centro Fotografia']",Castelvecchio,strategy_nearest,False,0.0027930736541748047,success
04A9CB4A9C4C80,2,['Castelvecchio'],San Zeno,"['Verona Tour', 'Museo Lapidario', 'Arena', 'Museo Miniscalchi', 'Sighseeing']",Casa Giulietta,strategy_nearest,False,0.002788066864013672,success
04A9E03A9C4C80,1,"['Casa Giulietta', 'Arena']",Castelvecchio,"['Museo Lapidario', 'Verona Tour', 'Museo Radio', 'San Zeno', 'Sighseeing']",Santa Anastasia,strategy_nearest,False,0.002084970474243164,success
04A9BE4A9C4C80,1,"['Arena', 'Casa Giulietta']",Palazzo della Ragione,"['AMO', 'Museo Conte', 'Torre Lamberti', 'Centro Fotografia', 'Sighseeing']",Torre Lamberti,strategy_nearest,True,0.002315044403076172,success
04A9CD4A9C4C80,3,"['Arena', 'Casa Giulietta']",Castelvecchio,"['Museo Lapidario', 'Verona Tour', 'Museo Radio', 'San Zeno', 'Sighseeing']",Duomo,strategy_nearest,False,0.0034720897674560547,success
04A9E83A9C4C80,0,['Arena'],Casa Giulietta,"['Centro Fotografia', 'Sighseeing', 'Torre Lamberti', 'Museo Conte', 'Museo Radio']",Torre Lamberti,strategy_nearest,True,0.0019919872283935547,success
04A9E8429C4C80,3,"['Castelvecchio', 'Duomo', 'Santa Anastasia']",Torre Lamberti,"['Sighseeing', 'Centro Fotografia', 'Museo Conte', 'Casa Giulietta', 'Palazzo della Ragione']",Casa Giulietta,strategy_nearest,True,0.002546072006225586,success
04A9E13A9C4C80,0,['Arena'],Casa Giulietta,"['Centro Fotografia', 'Sighseeing', 'Torre Lamberti', 'Museo Conte', 'Museo Radio']",Torre Lamberti,strategy_nearest,True,0.003525972366333008,success
04A9EF4A9C4C80,3,"['Arena', 'Arena']",Casa Giulietta,"['Centro Fotografia', 'Sighseeing', 'Torre Lamberti', 'Museo Conte', 'Museo Radio']",Torre Lamberti,strategy_nearest,True,0.0032482147216796875,success
04A9F83A9C4C80,0,['Tomba Giulietta'],Arena,"['Verona Tour', 'Museo Lapidario', 'Museo Radio', 'San Fermo', 'Casa Giulietta']",Casa Giulietta,strategy_nearest,True,0.002160787582397461,success
04A9F74A9C4C80,0,['Castelvecchio'],Arena,"['Verona Tour', 'Museo Lapidario', 'Museo Radio', 'San Fermo', 'Casa Giulietta']",Torre Lamberti,strategy_nearest,False,0.004058122634887695,success
04A9FF4A9C4C80,0,"['Arena', 'Torre Lamberti']",Casa Giulietta,"['Centro Fotografia', 'Sighseeing', 'Museo Conte', 'Museo Radio', 'Palazzo della Ragione']",Duomo,strategy_nearest,False,0.0015480518341064453,success
04A9F23A9C4C80,0,['Arena'],Casa Giulietta,"['Centro Fotografia', 'Sighseeing', 'Torre Lamberti', 'Museo Conte', 'Museo Radio']",Torre Lamberti,strategy_nearest,True,0.0047419071197509766,success
04AA0A429C4C84,3,"['Arena', 'Duomo']",San Fermo,"['Museo Storia', 'Museo Radio', 'Casa Giulietta', 'Centro Fotografia', 'Sighseeing']",Museo Storia,strategy_nearest,True,0.002259969711303711,success
04AA0A4A9C4C84,0,['Castelvecchio'],Arena,"['Verona Tour', 'Museo Lapidario', 'Museo Radio', 'San Fermo', 'Casa Giulietta']",Torre Lamberti,strategy_nearest,False,0.0031881332397460938,success
04AA024A9C4C84,0,['Arena'],Castelvecchio,"['Museo Lapidario', 'Verona Tour', 'Museo Radio', 'San Zeno', 'Sighseeing']",Casa Giulietta,strategy_nearest,False,0.002346038818359375,success
04AA044A9C4C84,2,['Casa Giulietta'],Teatro Romano,"['Santa Anastasia', 'Duomo', 'AMO', 'Palazzo della Ragione', 'Museo Conte']",Santa Anastasia,strategy_nearest,True,0.0035119056701660156,success
04AA124A9C4C84,3,"['Torre Lamberti', 'Santa Anastasia', 'Duomo']",Castelvecchio,"['Museo Lapidario', 'Verona Tour', 'Arena', 'Museo Radio', 'San Zeno']",Arena,strategy_nearest,True,0.001461029052734375,success
04AA1F429C4C84,1,"['Arena', 'Torre Lamberti']",Palazzo della Ragione,"['AMO', 'Museo Conte', 'Centro Fotografia', 'Sighseeing', 'Santa Anastasia']",Casa Giulietta,strategy_nearest,False,0.0019941329956054688,success
04AA1B3A9C4C80,3,"['Santa Anastasia', 'Duomo']",Torre Lamberti,"['Sighseeing', 'Centro Fotografia', 'Museo Conte', 'Casa Giulietta', 'Palazzo della Ragione']",Casa Giulietta,strategy_nearest,True,0.0026988983154296875,success
04AA203A9C4C80,1,"['Arena', 'Castelvecchio']",San Zeno,"['Verona Tour', 'Museo Lapidario', 'Museo Miniscalchi', 'Sighseeing', 'Museo Radio']",Palazzo della Ragione,strategy_nearest,False,0.003482818603515625,success
04AA25429C4C84,0,['Casa Giulietta'],Arena,"['Verona Tour', 'Museo Lapidario', 'Museo Radio', 'San Fermo', 'Sighseeing']",Teatro Romano,strategy_nearest,False,0.0018939971923828125,success
04AA253A9C4C80,1,"['Arena', 'Torre Lamberti']",Palazzo della Ragione,"['AMO', 'Museo Conte', 'Centro Fotografia', 'Sighseeing', 'Santa Anastasia']",Santa Anastasia,strategy_nearest,True,0.003364086151123047,success
04AA21429C4C80,1,['Arena'],Casa Giulietta,"['Centro Fotografia', 'Sighseeing', 'Torre Lamberti', 'Museo Conte', 'Museo Radio']",Palazzo della Ragione,strategy_nearest,False,0.0033600330352783203,success
04AA283A9C4C80,3,['Santa Anastasia'],Duomo,"['AMO', 'Museo Miniscalchi', 'Teatro Romano', 'Palazzo della Ragione', 'Museo Conte']",Arena,strategy_nearest,False,0.0020210742950439453,success
04AA3F429C4C80,0,['Museo Lapidario'],Arena,"['Verona Tour', 'Museo Radio', 'San Fermo', 'Casa Giulietta', 'Sighseeing']",Teatro Romano,strategy_nearest,False,0.0027298927307128906,success
04AA26429C4C84,1,"['Duomo', 'Arena']",Casa Giulietta,"['Centro Fotografia', 'Sighseeing', 'Torre Lamberti', 'Museo Conte', 'Museo Radio']",Torre Lamberti,strategy_nearest,True,0.0027828216552734375,success
04AA43429C4C80,3,"['Arena', 'Casa Giulietta']",Torre Lamberti,"['Sighseeing', 'Centro Fotografia', 'Museo Conte', 'Palazzo della Ragione', 'AMO']",Teatro Romano,strategy_nearest,False,0.0032651424407958984,success
04AA653A9C4C80,3,"['Castelvecchio', 'San Zeno', 'Arena']",Torre Lamberti,"['Sighseeing', 'Centro Fotografia', 'Museo Conte', 'Casa Giulietta', 'Palazzo della Ragione']",Casa Giulietta,strategy_nearest,True,0.0025091171264648438,success
04AA46429C4C80,3,"['San Fermo', 'Casa Giulietta', 'Santa Anastasia']",Duomo,"['AMO', 'Museo Miniscalchi', 'Teatro Romano', 'Palazzo della Ragione', 'Museo Conte']",Teatro Romano,strategy_nearest,True,0.0020580291748046875,success
04AA6C3A9C4C80,3,"['Castelvecchio', 'Santa Anastasia', 'Casa Giulietta', 'Museo Storia']",Giardino Giusti,"['Teatro Romano', 'Museo Conte', 'Centro Fotografia', 'AMO', 'Palazzo della Ragione']",Teatro Romano,strategy_nearest,True,0.0032601356506347656,success
04AA4B429C4C80,0,['Casa Giulietta'],Arena,"['Verona Tour', 'Museo Lapidario', 'Museo Radio', 'San Fermo', 'Sighseeing']",Teatro Romano,strategy_nearest,False,0.0026140213012695312,success
04AA6F3A9C4C80,1,"['San Zeno', 'Castelvecchio', 'Duomo']",Arena,"['Verona Tour', 'Museo Lapidario', 'Museo Radio', 'San Fermo', 'Casa Giulietta']",Casa Giulietta,strategy_nearest,True,0.00168609619140625,success
04AA79429C4C80,0,['Arena'],Casa Giulietta,"['Centro Fotografia', 'Sighseeing', 'Torre Lamberti', 'Museo Conte', 'Museo Radio']",Castelvecchio,strategy_nearest,False,0.0021581649780273438,success
04AA7F4A9C4C80,0,['Teatro Romano'],Arena,"['Verona Tour', 'Museo Lapidario', 'Museo Radio', 'San Fermo', 'Casa Giulietta']",Castelvecchio,strategy_nearest,False,0.0026397705078125,success
04AA7B4A9C4C80,3,"['Casa Giulietta', 'Torre Lamberti', 'Duomo']",Santa Anastasia,"['AMO', 'Museo Conte', 'Palazzo della Ragione', 'Teatro Romano', 'Centro Fotografia']",Arena,strategy_nearest,False,0.0035047531127929688,success
04AA833A9C4C80,3,"['San Zeno', 'Castelvecchio']",Arena,"['Verona Tour', 'Museo Lapidario', 'Museo Radio', 'San Fermo', 'Casa Giulietta']",Casa Giulietta,strategy_nearest,True,0.0027980804443359375,success
04AA97429C4C80,0,"['Arena', 'Casa Giulietta']",Torre Lamberti,"['Sighseeing', 'Centro Fotografia', 'Museo Conte', 'Palazzo della Ragione', 'AMO']",Castelvecchio,strategy_nearest,False,0.002343893051147461,success
04AA8D4A9C4C80,3,"['Arena', 'Casa Giulietta']",Santa Anastasia,"['AMO', 'Museo Conte', 'Palazzo della Ragione', 'Teatro Romano', 'Centro Fotografia']",Duomo,strategy_nearest,False,0.003198862075805664,success
04AA964A9C4C80,0,"['Arena', 'Casa Giulietta']",San Fermo,"['Museo Storia', 'Museo Radio', 'Centro Fotografia', 'Sighseeing', 'Torre Lamberti']",Tomba Giulietta,strategy_nearest,False,0.0025060176849365234,success
04AA984A9C4C80,0,['Arena'],Santa Anastasia,"['AMO', 'Museo Conte', 'Palazzo della Ragione', 'Teatro Romano', 'Centro Fotografia']",Casa Giulietta,strategy_nearest,False,0.003088235855102539,success
04AA9D4A9C4C80,1,"['Arena', 'Casa Giulietta']",Palazzo della Ragione,"['AMO', 'Museo Conte', 'Torre Lamberti', 'Centro Fotografia', 'Sighseeing']",Duomo,strategy_nearest,False,0.0018737316131591797,success
04AA9B429C4C80,3,"['Arena', 'Casa Giulietta']",Torre Lamberti,"['Sighseeing', 'Centro Fotografia', 'Museo Conte', 'Palazzo della Ragione', 'AMO']",Santa Anastasia,strategy_nearest,False,0.00279998779296875,success
04AAAC4A9C4C80,0,['Castelvecchio'],Arena,"['Verona Tour', 'Museo Lapidario', 'Museo Radio', 'San Fermo', 'Casa Giulietta']",Casa Giulietta,strategy_nearest,True,0.0021920204162597656,success
04AAA1429C4C80,0,['Arena'],Casa Giulietta,"['Centro Fotografia', 'Sighseeing', 'Torre Lamberti', 'Museo Conte', 'Museo Radio']",Castelvecchio,strategy_nearest,False,0.0030608177185058594,success
04AAB83A9C4C80,3,"['Arena', 'Tomba Giulietta']",Torre Lamberti,"['Sighseeing', 'Centro Fotografia', 'Museo Conte', 'Casa Giulietta', 'Palazzo della Ragione']",Duomo,strategy_nearest,False,0.0018601417541503906,success
04AAB74A9C4C80,0,"['Arena', 'Casa Giulietta']",Teatro Romano,"['Santa Anastasia', 'Duomo', 'AMO', 'Palazzo della Ragione', 'Museo Conte']",Torre Lamberti,strategy_nearest,False,0.0032639503479003906,success
04AABE3A9C4C80,2,"['Museo Lapidario', 'Castelvecchio']",Casa Giulietta,"['Centro Fotografia', 'Sighseeing', 'Torre Lamberti', 'Museo Conte', 'Museo Radio']",Museo Storia,strategy_nearest,False,0.003236055374145508,success
04AAB94A9C4C80,0,['Arena'],Castelvecchio,"['Museo Lapidario', 'Verona Tour', 'Museo Radio', 'San Zeno', 'Sighseeing']",Casa Giulietta,strategy_nearest,False,0.002638101577758789,success
04AABF3A9C4C80,2,"['Castelvecchio', 'San Zeno', 'Torre Lamberti']",Casa Giulietta,"['Centro Fotografia', 'Sighseeing', 'Museo Conte', 'Museo Radio', 'Palazzo della Ragione']",San Fermo,strategy_nearest,False,0.002547740936279297,success
04AADC429C4C80,1,"['Arena', 'Museo Lapidario', 'Torre Lamberti', 'Palazzo della Ragione']",Santa Anastasia,"['AMO', 'Museo Conte', 'Teatro Romano', 'Centro Fotografia', 'Duomo']",Casa Giulietta,strategy_nearest,False,0.0020837783813476562,success
04AADB429C4C80,3,"['Arena', 'Castelvecchio']",Duomo,"['AMO', 'Museo Miniscalchi', 'Santa Anastasia', 'Teatro Romano', 'Palazzo della Ragione']",Santa Anastasia,strategy_nearest,True,0.0019960403442382812,success
04AAE1429C4C80,1,['Arena'],Torre Lamberti,"['Sighseeing', 'Centro Fotografia', 'Museo Conte', 'Casa Giulietta', 'Palazzo della Ragione']",Palazzo della Ragione,strategy_nearest,True,0.003313302993774414,success
04AADF429C4C80,0,['Arena'],Casa Giulietta,"['Centro Fotografia', 'Sighseeing', 'Torre Lamberti', 'Museo Conte', 'Museo Radio']",Tomba Giulietta,strategy_nearest,False,0.0027761459350585938,success
04AAF6429C4C80,3,"['Castelvecchio', 'San Fermo']",Tomba Giulietta,"['Museo Storia', 'Arena', 'Museo Lapidario', 'Museo Radio', 'Verona Tour']",Arena,strategy_nearest,True,0.003332853317260742,success
04AAF3429C4C80,2,['Casa Giulietta'],Duomo,"['AMO', 'Museo Miniscalchi', 'Santa Anastasia', 'Teatro Romano', 'Palazzo della Ragione']",Teatro Romano,strategy_nearest,True,0.0022919178009033203,success
04AAF64A9C4C80,3,"['Arena', 'Castelvecchio']",Casa Giulietta,"['Centro Fotografia', 'Sighseeing', 'Torre Lamberti', 'Museo Conte', 'Museo Radio']",Santa Anastasia,strategy_nearest,False,0.0033550262451171875,success
04AAF7429C4C80,0,"['Arena', 'Casa Giulietta']",Tomba Giulietta,"['San Fermo', 'Museo Storia', 'Museo Lapidario', 'Museo Radio', 'Verona Tour']",Torre Lamberti,strategy_nearest,False,0.002686023712158203,success
04AAF74A9C4C80,0,['Torre Lamberti'],San Zeno,"['Castelvecchio', 'Verona Tour', 'Museo Lapidario', 'Arena', 'Museo Miniscalchi']",Arena,strategy_nearest,True,0.0016949176788330078,success
04AAF94A9C4C80,1,"['Museo Lapidario', 'Arena', 'Casa Giulietta']",Santa Anastasia,"['AMO', 'Museo Conte', 'Palazzo della Ragione', 'Teatro Romano', 'Centro Fotografia']",Duomo,strategy_nearest,False,0.002124786376953125,success
04AAFA429C4C80,3,"['Arena', 'Casa Giulietta']",San Fermo,"['Museo Storia', 'Museo Radio', 'Centro Fotografia', 'Sighseeing', 'Torre Lamberti']",Santa Anastasia,strategy_nearest,False,0.0027811527252197266,success
04AB014A9C4C84,3,['Santa Anastasia'],Torre Lamberti,"['Sighseeing', 'Centro Fotografia', 'Museo Conte', 'Casa Giulietta', 'Palazzo della Ragione']",Arena,strategy_nearest,False,0.002973794937133789,success
04AAFC4A9C4C80,1,['Arena'],Casa Giulietta,"['Centro Fotografia', 'Sighseeing', 'Torre Lamberti', 'Museo Conte', 'Museo Radio']",Duomo,strategy_nearest,False,0.003354787826538086,success
04AB06429C4C84,0,['Arena'],Casa Giulietta,"['Centro Fotografia', 'Sighseeing', 'Torre Lamberti', 'Museo Conte', 'Museo Radio']",Torre Lamberti,strategy_nearest,True,0.00454401969909668,success
04AB0A4A9C4C84,2,['Casa Giulietta'],Torre Lamberti,"['Sighseeing', 'Centro Fotografia', 'Museo Conte', 'Palazzo della Ragione', 'AMO']",Palazzo della Ragione,strategy_nearest,True,0.002638101577758789,success
04AB074A9C4C80,3,"['Arena', 'Casa Giulietta', 'Torre Lamberti', 'Santa Anastasia']",Duomo,"['AMO', 'Museo Miniscalchi', 'Teatro Romano', 'Palazzo della Ragione', 'Museo Conte']",Tomba Giulietta,strategy_nearest,False,0.00150299072265625,success
04AB054A9C4C84,0,['Arena'],Castelvecchio,"['Museo Lapidario', 'Verona Tour', 'Museo Radio', 'San Zeno', 'Sighseeing']",Duomo,strategy_nearest,False,0.004251241683959961,success
04AB0C4A9C4C84,2,"['Torre Lamberti', 'Santa Anastasia']",Duomo,"['AMO', 'Museo Miniscalchi', 'Teatro Romano', 'Palazzo della Ragione', 'Museo Conte']",Casa Giulietta,strategy_nearest,False,0.002964019775390625,success
04AB0F4A9C4C80,3,"['Teatro Romano', 'Giardino Giusti']",Arena,"['Verona Tour', 'Museo Lapidario', 'Museo Radio', 'San Fermo', 'Casa Giulietta']",Santa Anastasia,strategy_nearest,False,0.002254009246826172,success
04AB0F429C4C84,0,['Arena'],Casa Giulietta,"['Centro Fotografia', 'Sighseeing', 'Torre Lamberti', 'Museo Conte', 'Museo Radio']",Torre Lamberti,strategy_nearest,True,0.003618001937866211,success
04AB174A9C4C80,3,"['Arena', 'Torre Lamberti', 'Casa Giulietta']",San Fermo,"['Museo Storia', 'Museo Radio', 'Centro Fotografia', 'Sighseeing', 'Museo Conte']",Tomba Giulietta,strategy_nearest,False,0.0015072822570800781,success
04AB1B429C4C84,3,"['Arena', 'San Fermo', 'Torre Lamberti', 'Casa Giulietta']",San Zeno,"['Castelvecchio', 'Verona Tour', 'Museo Lapidario', 'Museo Miniscalchi', 'Sighseeing']",Castelvecchio,strategy_nearest,True,0.0025260448455810547,success
04AB1A3A9C4C80,3,"['Casa Giulietta', 'Torre Lamberti']",Arena,"['Verona Tour', 'Museo Lapidario', 'Museo Radio', 'San Fermo', 'Sighseeing']",Castelvecchio,strategy_nearest,False,0.0020170211791992188,success
04AB19429C4C84,2,['Duomo'],Santa Anastasia,"['AMO', 'Museo Conte', 'Palazzo della Ragione', 'Teatro Romano', 'Centro Fotografia']",Castelvecchio,strategy_nearest,False,0.0026161670684814453,success
04AB243A9C4C84,2,['Duomo'],Teatro Romano,"['Santa Anastasia', 'AMO', 'Palazzo della Ragione', 'Museo Conte', 'Centro Fotografia']",Museo Lapidario,strategy_nearest,False,0.003325939178466797,success
04AB303A9C4C80,0,['Arena'],Casa Giulietta,"['Centro Fotografia', 'Sighseeing', 'Torre Lamberti', 'Museo Conte', 'Museo Radio']",Teatro Romano,strategy_nearest,False,0.0017926692962646484,success
04AB363A9C4C80,3,"['Arena', 'Casa Giulietta']",Teatro Romano,"['Santa Anastasia', 'Duomo', 'AMO', 'Palazzo della Ragione', 'Museo Conte']",Santa Anastasia,strategy_nearest,True,0.0027129650115966797,success
04AB374A9C4C80,0,['Arena'],Castelvecchio,"['Museo Lapidario', 'Verona Tour', 'Museo Radio', 'San Zeno', 'Sighseeing']",Santa Anastasia,strategy_nearest,False,0.002524852752685547,success
04AB503A9C4C80,1,"['Casa Giulietta', 'Palazzo della Ragione', 'Duomo']",Torre Lamberti,"['Sighseeing', 'Centro Fotografia', 'Museo Conte', 'AMO', 'Museo Miniscalchi']",Castelvecchio,strategy_nearest,False,0.0026209354400634766,success
04AB45429C4C80,1,"['Arena', 'Castelvecchio', 'San Zeno']",Torre Lamberti,"['Sighseeing', 'Centro Fotografia', 'Museo Conte', 'Casa Giulietta', 'Palazzo della Ragione']",Palazzo della Ragione,strategy_nearest,True,0.004307985305786133,success
04AB553A9C4C80,1,"['Casa Giulietta', 'Palazzo della Ragione', 'Torre Lamberti']",San Zeno,"['Castelvecchio', 'Verona Tour', 'Museo Lapidario', 'Arena', 'Museo Miniscalchi']",Castelvecchio,strategy_nearest,True,0.0029060840606689453,success
04AB4F429C4C80,3,"['Castelvecchio', 'San Zeno', 'Duomo']",Casa Giulietta,"['Centro Fotografia', 'Sighseeing', 'Torre Lamberti', 'Museo Conte', 'Museo Radio']",Arena,strategy_nearest,False,0.0024712085723876953,success
04AB5C3A9C4C80,1,"['Arena', 'Palazzo della Ragione']",Torre Lamberti,"['Sighseeing', 'Centro Fotografia', 'Museo Conte', 'Casa Giulietta', 'AMO']",Casa Giulietta,strategy_nearest,True,0.0020427703857421875,success
04AB7D3A9C4C80,2,['Castelvecchio'],San Zeno,"['Verona Tour', 'Museo Lapidario', 'Arena', 'Museo Miniscalchi', 'Sighseeing']",Tomba Giulietta,strategy_nearest,False,0.002023935317993164,success
04AB984A9C4C80,1,"['Arena', 'Torre Lamberti']",Palazzo della Ragione,"['AMO', 'Museo Conte', 'Centro Fotografia', 'Sighseeing', 'Santa Anastasia']",Teatro Romano,strategy_nearest,False,0.002878904342651367,success
04AB994A9C4C80,0,"['Arena', 'Museo Lapidario']",Duomo,"['AMO', 'Museo Miniscalchi', 'Santa Anastasia', 'Teatro Romano', 'Palazzo della Ragione']",Torre Lamberti,strategy_nearest,False,0.0033380985260009766,success
04ABAC4A9C4C80,0,['Arena'],Casa Giulietta,"['Centro Fotografia', 'Sighseeing', 'Torre Lamberti', 'Museo Conte', 'Museo Radio']",Torre Lamberti,strategy_nearest,True,0.002313852310180664,success
04ABB04A9C4C80,1,"['Arena', 'Casa Giulietta', 'Torre Lamberti', 'Palazzo della Ragione']",Santa Anastasia,"['AMO', 'Museo Conte', 'Teatro Romano', 'Centro Fotografia', 'Duomo']",Teatro Romano,strategy_nearest,True,0.0030221939086914062,success
04ABB14A9C4C80,2,"['Palazzo della Ragione', 'Torre Lamberti']",Casa Giulietta,"['Centro Fotografia', 'Sighseeing', 'Museo Conte', 'Museo Radio', 'San Fermo']",Santa Anastasia,strategy_nearest,False,0.002727031707763672,success
04ABB24A9C4C80,3,['Arena'],Santa Anastasia,"['AMO', 'Museo Conte', 'Palazzo della Ragione', 'Teatro Romano', 'Centro Fotografia']",Teatro Romano,strategy_nearest,True,0.003551006317138672,success
04ABB64A9C4C80,3,"['Casa Giulietta', 'Castelvecchio']",Santa Anastasia,"['AMO', 'Museo Conte', 'Palazzo della Ragione', 'Teatro Romano', 'Centro Fotografia']",Arena,strategy_nearest,False,0.0017940998077392578,success
04ABCF3A9C4C80,0,['Torre Lamberti'],Casa Giulietta,"['Centro Fotografia', 'Sighseeing', 'Museo Conte', 'Museo Radio', 'Palazzo della Ragione']",Arena,strategy_nearest,False,0.002344369888305664,success
04ABD24A9C4C80,3,"['Arena', 'Casa Giulietta']",Santa Anastasia,"['AMO', 'Museo Conte', 'Palazzo della Ragione', 'Teatro Romano', 'Centro Fotografia']",Torre Lamberti,strategy_nearest,False,0.002753019332885742,success
04ABCF4A9C4C80,0,['Arena'],Castelvecchio,"['Museo Lapidario', 'Verona Tour', 'Museo Radio', 'San Zeno', 'Sighseeing']",Teatro Romano,strategy_nearest,False,0.002174854278564453,success
04ABD93A9C4C80,1,"['Teatro Romano', 'Torre Lamberti', 'Palazzo della Ragione']",Arena,"['Verona Tour', 'Museo Lapidario', 'Museo Radio', 'San Fermo', 'Casa Giulietta']",San Fermo,strategy_nearest,True,0.003309011459350586,success
04ABDA429C4C80,1,"['Torre Lamberti', 'Duomo', 'Arena']",Casa Giulietta,"['Centro Fotografia', 'Sighseeing', 'Museo Conte', 'Museo Radio', 'Palazzo della Ragione']",Teatro Romano,strategy_nearest,False,0.0033142566680908203,success
04ABEF429C4C80,0,['Arena'],Casa Giulietta,"['Centro Fotografia', 'Sighseeing', 'Torre Lamberti', 'Museo Conte', 'Museo Radio']",Teatro Romano,strategy_nearest,False,0.004209995269775391,success
04ABDC3A9C4C80,0,"['Teatro Romano', 'Casa Giulietta']",Arena,"['Verona Tour', 'Museo Lapidario', 'Museo Radio', 'San Fermo', 'Sighseeing']",Castelvecchio,strategy_nearest,False,0.003016948699951172,success
04ABF14A9C4C80,0,['Arena'],Castelvecchio,"['Museo Lapidario', 'Verona Tour', 'Museo Radio', 'San Zeno', 'Sighseeing']",Duomo,strategy_nearest,False,0.002691030502319336,success
04ABEF4A9C4C80,0,['Arena'],Casa Giulietta,"['Centro Fotografia', 'Sighseeing', 'Torre Lamberti', 'Museo Conte', 'Museo Radio']",Teatro Romano,strategy_nearest,False,0.0015208721160888672,success
04ABF34A9C4C80,1,['Arena'],Torre Lamberti,"['Sighseeing', 'Centro Fotografia', 'Museo Conte', 'Casa Giulietta', 'Palazzo della Ragione']",Palazzo della Ragione,strategy_nearest,True,0.002256155014038086,success
04ABF84A9C4C80,0,"['Museo Lapidario', 'Arena']",Casa Giulietta,"['Centro Fotografia', 'Sighseeing', 'Torre Lamberti', 'Museo Conte', 'Museo Radio']",Castelvecchio,strategy_nearest,False,0.001560211181640625,success
04ABF53A9C4C80,0,['Arena'],Casa Giulietta,"['Centro Fotografia', 'Sighseeing', 'Torre Lamberti', 'Museo Conte', 'Museo Radio']",Santa Anastasia,strategy_nearest,False,0.0035469532012939453,success
04ABF9429C4C80,1,"['Arena', 'Torre Lamberti']",Palazzo della Ragione,"['AMO', 'Museo Conte', 'Centro Fotografia', 'Sighseeing', 'Santa Anastasia']",Castelvecchio,strategy_nearest,False,0.0026311874389648438,success
04ABFA3A9C4C80,0,['Arena'],Casa Giulietta,"['Centro Fotografia', 'Sighseeing', 'Torre Lamberti', 'Museo Conte', 'Museo Radio']",Torre Lamberti,strategy_nearest,True,0.002919912338256836,success
04ABFA429C4C80,2,"['Duomo', 'Teatro Romano']",Giardino Giusti,"['Santa Anastasia', 'Museo Conte', 'Centro Fotografia', 'Museo Storia', 'AMO']",Torre Lamberti,strategy_nearest,False,0.002286672592163086,success
04ABFC429C4C80,3,"['Arena', 'Museo Lapidario', 'Tomba Giulietta', 'Casa Giulietta']",Torre Lamberti,"['Sighseeing', 'Centro Fotografia', 'Museo Conte', 'Palazzo della Ragione', 'AMO']",Santa Anastasia,strategy_nearest,False,0.0026481151580810547,success
04ABFC3A9C4C80,0,['Arena'],Casa Giulietta,"['Centro Fotografia', 'Sighseeing', 'Torre Lamberti', 'Museo Conte', 'Museo Radio']",Santa Anastasia,strategy_nearest,False,0.0034246444702148438,success
04AC00429C4C84,0,['Castelvecchio'],Arena,"['Verona Tour', 'Museo Lapidario', 'Museo Radio', 'San Fermo', 'Casa Giulietta']",Casa Giulietta,strategy_nearest,True,0.002722024917602539,success
04ABFD4A9C4C80,2,"['Casa Giulietta', 'Torre Lamberti']",Santa Anastasia,"['AMO', 'Museo Conte', 'Palazzo della Ragione', 'Teatro Romano', 'Centro Fotografia']",Duomo,strategy_nearest,False,0.0013959407806396484,success
04ABFC4A9C4C80,0,['Arena'],Casa Giulietta,"['Centro Fotografia', 'Sighseeing', 'Torre Lamberti', 'Museo Conte', 'Museo Radio']",Torre Lamberti,strategy_nearest,True,0.0027151107788085938,success
04AC014A9C4C84,3,"['Arena', 'Casa Giulietta']",Torre Lamberti,"['Sighseeing', 'Centro Fotografia', 'Museo Conte', 'Palazzo della Ragione', 'AMO']",Santa Anastasia,strategy_nearest,False,0.003422975540161133,success
04AC054A9C4C84,1,"['Arena', 'Casa Giulietta']",San Fermo,"['Museo Storia', 'Museo Radio', 'Centro Fotografia', 'Sighseeing', 'Torre Lamberti']",Palazzo della Ragione,strategy_nearest,False,0.0020351409912109375,success
04AC09429C4C84,3,"['Casa Giulietta', 'Castelvecchio', 'San Zeno', 'Arena']",Tomba Giulietta,"['San Fermo', 'Museo Storia', 'Museo Lapidario', 'Museo Radio', 'Verona Tour']",San Fermo,strategy_nearest,True,0.0035009384155273438,success
04AC0B429C4C84,0,"['Tomba Giulietta', 'Arena']",Casa Giulietta,"['Centro Fotografia', 'Sighseeing', 'Torre Lamberti', 'Museo Conte', 'Museo Radio']",Duomo,strategy_nearest,False,0.002702951431274414,success
04AC0B4A9C4C84,3,"['Arena', 'Casa Giulietta']",Teatro Romano,"['Santa Anastasia', 'Duomo', 'AMO', 'Palazzo della Ragione', 'Museo Conte']",Santa Anastasia,strategy_nearest,True,0.0033609867095947266,success
04AC114A9C4C80,0,['Arena'],Duomo,"['AMO', 'Museo Miniscalchi', 'Santa Anastasia', 'Teatro Romano', 'Palazzo della Ragione']",Casa Giulietta,strategy_nearest,False,0.0018990039825439453,success
04AC0C4A9C4C84,3,"['Casa Giulietta', 'Santa Anastasia']",Teatro Romano,"['Duomo', 'AMO', 'Palazzo della Ragione', 'Museo Conte', 'Centro Fotografia']",Castelvecchio,strategy_nearest,False,0.002634763717651367,success
04AC0E3A9C4C84,0,['Arena'],Museo Lapidario,"['Verona Tour', 'Castelvecchio', 'Museo Radio', 'San Fermo', 'Casa Giulietta']",Duomo,strategy_nearest,False,0.003185749053955078,success
04AC1A429C4C84,3,['Arena'],Santa Anastasia,"['AMO', 'Museo Conte', 'Palazzo della Ragione', 'Teatro Romano', 'Centro Fotografia']",Duomo,strategy_nearest,False,0.0033659934997558594,success
04AC21429C4C80,0,"['Arena', 'Casa Giulietta']",San Fermo,"['Museo Storia', 'Museo Radio', 'Centro Fotografia', 'Sighseeing', 'Torre Lamberti']",Tomba Giulietta,strategy_nearest,False,0.0019252300262451172,success
04AC22429C4C80,0,['Casa Giulietta'],Arena,"['Verona Tour', 'Museo Lapidario', 'Museo Radio', 'San Fermo', 'Sighseeing']",Castelvecchio,strategy_nearest,False,0.0030989646911621094,success
04AC213A9C4C80,3,"['Arena', 'Casa Giulietta']",Santa Anastasia,"['AMO', 'Museo Conte', 'Palazzo della Ragione', 'Teatro Romano', 'Centro Fotografia']",Teatro Romano,strategy_nearest,True,0.002866983413696289,success
04AC30429C4C80,0,"['Teatro Romano', 'Castelvecchio']",Casa Giulietta,"['Centro Fotografia', 'Sighseeing', 'Torre Lamberti', 'Museo Conte', 'Museo Radio']",Museo Storia,strategy_nearest,False,0.003981113433837891,success
04AC43429C4C80,0,['Arena'],San Fermo,"['Museo Storia', 'Museo Radio', 'Casa Giulietta', 'Centro Fotografia', 'Sighseeing']",Casa Giulietta,strategy_nearest,True,0.0032660961151123047,success
04AC284A9C4C80,3,"['Arena', 'San Fermo', 'Santa Anastasia']",Duomo,"['AMO', 'Museo Miniscalchi', 'Teatro Romano', 'Palazzo della Ragione', 'Museo Conte']",Castelvecchio,strategy_nearest,False,0.0034301280975341797,success
04AC374A9C4C80,3,"['San Fermo', 'Torre Lamberti']",Museo Lapidario,"['Verona Tour', 'Arena', 'Castelvecchio', 'Museo Radio', 'Casa Giulietta']",Arena,strategy_nearest,True,0.0013320446014404297,success
04AC563A9C4C80,3,"['Arena', 'San Fermo', 'Casa Giulietta']",Torre Lamberti,"['Sighseeing', 'Centro Fotografia', 'Museo Conte', 'Palazzo della Ragione', 'AMO']",Santa Anastasia,strategy_nearest,False,0.0018889904022216797,success
04AC4A429C4C80,4,"['Casa Giulietta', 'Torre Lamberti', 'Palazzo della Ragione', 'Santa Anastasia']",Teatro Romano,"['Duomo', 'AMO', 'Museo Conte', 'Centro Fotografia', 'Museo Miniscalchi']",Arena,strategy_nearest,False,0.003206968307495117,success
04AC573A9C4C80,3,"['San Zeno', 'Santa Anastasia']",Duomo,"['AMO', 'Museo Miniscalchi', 'Teatro Romano', 'Palazzo della Ragione', 'Museo Conte']",Arena,strategy_nearest,False,0.001316070556640625,success
04AC6C3A9C4C80,1,"['Arena', 'Castelvecchio', 'Torre Lamberti']",Palazzo della Ragione,"['AMO', 'Museo Conte', 'Centro Fotografia', 'Sighseeing', 'Santa Anastasia']",Casa Giulietta,strategy_nearest,False,0.003378152847290039,success
04AC7D3A9C4C80,3,"['Santa Anastasia', 'Duomo']",Torre Lamberti,"['Sighseeing', 'Centro Fotografia', 'Museo Conte', 'Casa Giulietta', 'Palazzo della Ragione']",Arena,strategy_nearest,False,0.0019268989562988281,success
04AC774A9C4C80,0,['Museo Lapidario'],Arena,"['Verona Tour', 'Museo Radio', 'San Fermo', 'Casa Giulietta', 'Sighseeing']",Teatro Romano,strategy_nearest,False,0.0026259422302246094,success
04AC7E429C4C80,3,"['Casa Giulietta', 'Duomo', 'Arena']",Tomba Giulietta,"['San Fermo', 'Museo Storia', 'Museo Lapidario', 'Museo Radio', 'Verona Tour']",Castelvecchio,strategy_nearest,False,0.0021986961364746094,success
04ACA6429C4C80,3,"['Arena', 'Casa Giulietta', 'Santa Anastasia']",Duomo,"['AMO', 'Museo Miniscalchi', 'Teatro Romano', 'Palazzo della Ragione', 'Museo Conte']",Teatro Romano,strategy_nearest,True,0.002421140670776367,success
04ACAD4A9C4C80,1,"['Arena', 'Casa Giulietta']",Torre Lamberti,"['Sighseeing', 'Centro Fotografia', 'Museo Conte', 'Palazzo della Ragione', 'AMO']",Palazzo della Ragione,strategy_nearest,True,0.002015352249145508,success
04ACAF4A9C4C80,3,"['Arena', 'Torre Lamberti']",Casa Giulietta,"['Centro Fotografia', 'Sighseeing', 'Museo Conte', 'Museo Radio', 'Palazzo della Ragione']",Santa Anastasia,strategy_nearest,False,0.0026040077209472656,success
04ACB13A9C4C80,3,"['Arena', 'Casa Giulietta']",Torre Lamberti,"['Sighseeing', 'Centro Fotografia', 'Museo Conte', 'Palazzo della Ragione', 'AMO']",Teatro Romano,strategy_nearest,False,0.002722024917602539,success
04ACB23A9C4C80,1,"['Torre Lamberti', 'Palazzo della Ragione', 'Santa Anastasia']",Duomo,"['AMO', 'Museo Miniscalchi', 'Teatro Romano', 'Museo Conte', 'Centro Fotografia']",Arena,strategy_nearest,False,0.003239154815673828,success
04ACB73A9C4C80,0,['San Zeno'],Arena,"['Verona Tour', 'Museo Lapidario', 'Museo Radio', 'San Fermo', 'Casa Giulietta']",Casa Giulietta,strategy_nearest,True,0.002424955368041992,success
04ACB64A9C4C80,1,"['Arena', 'Casa Giulietta', 'Torre Lamberti']",Palazzo della Ragione,"['AMO', 'Museo Conte', 'Centro Fotografia', 'Sighseeing', 'Santa Anastasia']",Duomo,strategy_nearest,False,0.003408193588256836,success
04ACBD4A9C4C80,3,"['Arena', 'Castelvecchio', 'Giardino Giusti']",Teatro Romano,"['Santa Anastasia', 'Duomo', 'AMO', 'Palazzo della Ragione', 'Museo Conte']",Torre Lamberti,strategy_nearest,False,0.003131866455078125,success
04ACB94A9C4C80,2,['Teatro Romano'],Duomo,"['AMO', 'Museo Miniscalchi', 'Santa Anastasia', 'Palazzo della Ragione', 'Museo Conte']",Casa Giulietta,strategy_nearest,False,0.0026407241821289062,success
04ACC04A9C4C80,3,"['Arena', 'Castelvecchio']",Casa Giulietta,"['Centro Fotografia', 'Sighseeing', 'Torre Lamberti', 'Museo Conte', 'Museo Radio']",Santa Anastasia,strategy_nearest,False,0.0021152496337890625,success
04ACC43A9C4C80,0,['Arena'],Castelvecchio,"['Museo Lapidario', 'Verona Tour', 'Museo Radio', 'San Zeno', 'Sighseeing']",Casa Giulietta,strategy_nearest,False,0.002601146697998047,success
04ACC14A9C4C80,0,['Tomba Giulietta'],Casa Giulietta,"['Centro Fotografia', 'Sighseeing', 'Torre Lamberti', 'Museo Conte', 'Museo Radio']",Arena,strategy_nearest,False,0.0034079551696777344,success
04ACC03A9C4C80,0,['Casa Giulietta'],Torre Lamberti,"['Sighseeing', 'Centro Fotografia', 'Museo Conte', 'Palazzo della Ragione', 'AMO']",Arena,strategy_nearest,False,0.0033669471740722656,success
04ACC94A9C4C80,0,['Arena'],Casa Giulietta,"['Centro Fotografia', 'Sighseeing', 'Torre Lamberti', 'Museo Conte', 'Museo Radio']",Castelvecchio,strategy_nearest,False,0.002112865447998047,success
04ACCF429C4C80,1,"['Torre Lamberti', 'Castelvecchio', 'San Zeno']",Arena,"['Verona Tour', 'Museo Lapidario', 'Museo Radio', 'San Fermo', 'Casa Giulietta']",Teatro Romano,strategy_nearest,False,0.002635955810546875,success
04ACC74A9C4C80,2,['Casa Giulietta'],Santa Anastasia,"['AMO', 'Museo Conte', 'Palazzo della Ragione', 'Teatro Romano', 'Centro Fotografia']",Duomo,strategy_nearest,False,0.0027709007263183594,success
04ACCF4A9C4C80,1,"['Castelvecchio', 'Museo Lapidario', 'Palazzo della Ragione']",Duomo,"['AMO', 'Museo Miniscalchi', 'Santa Anastasia', 'Teatro Romano', 'Museo Conte']",Teatro Romano,strategy_nearest,True,0.00333404541015625,success
04ACEF4A9C4C80,0,['Arena'],Casa Giulietta,"['Centro Fotografia', 'Sighseeing', 'Torre Lamberti', 'Museo Conte', 'Museo Radio']",San Fermo,strategy_nearest,False,0.0031659603118896484,success
04ACD73A9C4C80,1,"['Arena', 'Arena', 'Giardino Giusti', 'Teatro Romano']",Casa Giulietta,"['Centro Fotografia', 'Sighseeing', 'Torre Lamberti', 'Museo Conte', 'Museo Radio']",Torre Lamberti,strategy_nearest,True,0.0020461082458496094,success
04ACD24A9C4C80,3,"['Arena', 'Casa Giulietta', 'Tomba Giulietta']",Castelvecchio,"['Museo Lapidario', 'Verona Tour', 'Museo Radio', 'San Zeno', 'Sighseeing']",Santa Anastasia,strategy_nearest,False,0.003365755081176758,success
04ACD14A9C4C80,3,"['Duomo', 'Santa Anastasia']",Castelvecchio,"['Museo Lapidario', 'Verona Tour', 'Arena', 'Museo Radio', 'San Zeno']",San Zeno,strategy_nearest,True,0.002135038375854492,success
04ACFD4A9C4C80,0,"['Torre Lamberti', 'Arena']",Castelvecchio,"['Museo Lapidario', 'Verona Tour', 'Museo Radio', 'San Zeno', 'Sighseeing']",Tomba Giulietta,strategy_nearest,False,0.0027959346771240234,success
04ACFC4A9C4C80,1,"['Arena', 'Casa Giulietta']",Palazzo della Ragione,"['AMO', 'Museo Conte', 'Torre Lamberti', 'Centro Fotografia', 'Sighseeing']",Torre Lamberti,strategy_nearest,True,0.0034399032592773438,success
04AD013A9C4C84,3,"['Casa Giulietta', 'Arena']",San Zeno,"['Castelvecchio', 'Verona Tour', 'Museo Lapidario', 'Museo Miniscalchi', 'Sighseeing']",Duomo,strategy_nearest,False,0.0015141963958740234,success
04ACF13A9C4C80,2,['Castelvecchio'],Casa Giulietta,"['Centro Fotografia', 'Sighseeing', 'Torre Lamberti', 'Museo Conte', 'Museo Radio']",Torre Lamberti,strategy_nearest,True,0.002249002456665039,success
04AD064A9C4C84,4,"['Castelvecchio', 'Torre Lamberti', 'Palazzo della Ragione', 'Santa Anastasia']",Teatro Romano,"['Duomo', 'AMO', 'Museo Conte', 'Centro Fotografia', 'Museo Miniscalchi']",Duomo,strategy_nearest,True,0.0013871192932128906,success
04AD054A9C4C84,0,['Arena'],Santa Anastasia,"['AMO', 'Museo Conte', 'Palazzo della Ragione', 'Teatro Romano', 'Centro Fotografia']",Casa Giulietta,strategy_nearest,False,0.0020220279693603516,success
04AD0B4A9C4C84,3,"['San Zeno', 'Castelvecchio', 'Arena']",Casa Giulietta,"['Centro Fotografia', 'Sighseeing', 'Torre Lamberti', 'Museo Conte', 'Museo Radio']",Torre Lamberti,strategy_nearest,True,0.0033903121948242188,success
04AD053A9C4C84,2,"['Museo Lapidario', 'Casa Giulietta', 'San Fermo']",Giardino Giusti,"['Santa Anastasia', 'Teatro Romano', 'Museo Conte', 'Centro Fotografia', 'Museo Storia']",Teatro Romano,strategy_nearest,True,0.0029811859130859375,success
04AD0C4A9C4C84,0,['Arena'],Casa Giulietta,"['Centro Fotografia', 'Sighseeing', 'Torre Lamberti', 'Museo Conte', 'Museo Radio']",Torre Lamberti,strategy_nearest,True,0.002938985824584961,success
04AD0E429C4C84,0,['Torre Lamberti'],Arena,"['Verona Tour', 'Museo Lapidario', 'Museo Radio', 'San Fermo', 'Casa Giulietta']",Teatro Romano,strategy_nearest,False,0.003484010696411133,success
04AD104A9C4C84,1,"['Arena', 'Museo Lapidario', 'Castelvecchio']",Casa Giulietta,"['Centro Fotografia', 'Sighseeing', 'Torre Lamberti', 'Museo Conte', 'Museo Radio']",Santa Anastasia,strategy_nearest,False,0.0027709007263183594,success
04AD173A9C4C84,2,"['Casa Giulietta', 'Torre Lamberti']",Palazzo della Ragione,"['AMO', 'Museo Conte', 'Centro Fotografia', 'Sighseeing', 'Santa Anastasia']",Santa Anastasia,strategy_nearest,True,0.0031931400299072266,success
04AD233A9C4C84,3,"['Castelvecchio', 'San Zeno']",Duomo,"['AMO', 'Museo Miniscalchi', 'Santa Anastasia', 'Teatro Romano', 'Palazzo della Ragione']",Torre Lamberti,strategy_nearest,False,0.0013468265533447266,success
04AD1C3A9C4C80,0,['Arena'],Torre Lamberti,"['Sighseeing', 'Centro Fotografia', 'Museo Conte', 'Casa Giulietta', 'Palazzo della Ragione']",Casa Giulietta,strategy_nearest,True,0.0026290416717529297,success
04AD19429C4C84,0,"['Tomba Giulietta', 'Arena']",Casa Giulietta,"['Centro Fotografia', 'Sighseeing', 'Torre Lamberti', 'Museo Conte', 'Museo Radio']",Castelvecchio,strategy_nearest,False,0.0035021305084228516,success
04AD244A9C4C80,1,"['Teatro Romano', 'Palazzo della Ragione', 'Casa Giulietta', 'Arena']",Torre Lamberti,"['Sighseeing', 'Centro Fotografia', 'Museo Conte', 'AMO', 'Museo Miniscalchi']",Duomo,strategy_nearest,False,0.0034351348876953125,success
04AD274A9C4C80,2,"['Castelvecchio', 'Torre Lamberti']",Santa Anastasia,"['AMO', 'Museo Conte', 'Palazzo della Ragione', 'Teatro Romano', 'Centro Fotografia']",Duomo,strategy_nearest,False,0.0030770301818847656,success
04AD25429C4C84,1,"['Casa Giulietta', 'Torre Lamberti', 'Palazzo della Ragione', 'Arena']",Castelvecchio,"['Museo Lapidario', 'Verona Tour', 'Museo Radio', 'San Zeno', 'Sighseeing']",San Zeno,strategy_nearest,True,0.002379179000854492,success
04AD3D429C4C80,0,['Museo Lapidario'],Arena,"['Verona Tour', 'Museo Radio', 'San Fermo', 'Casa Giulietta', 'Sighseeing']",Teatro Romano,strategy_nearest,False,0.0030639171600341797,success
04AD643A9C4C80,3,"['Arena', 'Castelvecchio', 'Torre Lamberti']",Casa Giulietta,"['Centro Fotografia', 'Sighseeing', 'Museo Conte', 'Museo Radio', 'Palazzo della Ragione']",Giardino Giusti,strategy_nearest,False,0.002004384994506836,success
04AD574A9C4C80,0,['Arena'],Castelvecchio,"['Museo Lapidario', 'Verona Tour', 'Museo Radio', 'San Zeno', 'Sighseeing']",Casa Giulietta,strategy_nearest,False,0.002808094024658203,success
04AD483A9C4C80,3,"['Castelvecchio', 'San Zeno', 'Torre Lamberti']",Santa Anastasia,"['AMO', 'Museo Conte', 'Palazzo della Ragione', 'Teatro Romano', 'Centro Fotografia']",Duomo,strategy_nearest,False,0.0021789073944091797,success
04AD404A9C4C80,3,"['Tomba Giulietta', 'Arena']",Casa Giulietta,"['Centro Fotografia', 'Sighseeing', 'Torre Lamberti', 'Museo Conte', 'Museo Radio']",Torre Lamberti,strategy_nearest,True,0.004041910171508789,success
04AD6C429C4C80,2,['Tomba Giulietta'],Casa Giulietta,"['Centro Fotografia', 'Sighseeing', 'Torre Lamberti', 'Museo Conte', 'Museo Radio']",Torre Lamberti,strategy_nearest,True,0.0020112991333007812,success
04AD673A9C4C80,3,"['Torre Lamberti', 'San Zeno']",Arena,"['Verona Tour', 'Museo Lapidario', 'Museo Radio', 'San Fermo', 'Casa Giulietta']",Santa Anastasia,strategy_nearest,False,0.001483917236328125,success
04AD7C4A9C4C80,0,"['Torre Lamberti', 'Duomo']",Casa Giulietta,"['Centro Fotografia', 'Sighseeing', 'Museo Conte', 'Museo Radio', 'Palazzo della Ragione']",Arena,strategy_nearest,False,0.002599954605102539,success
04AD81429C4C80,0,['Arena'],Casa Giulietta,"['Centro Fotografia', 'Sighseeing', 'Torre Lamberti', 'Museo Conte', 'Museo Radio']",Tomba Giulietta,strategy_nearest,False,0.003337860107421875,success
04AD934A9C4C80,0,"['Castelvecchio', 'Museo Lapidario']",Arena,"['Verona Tour', 'Museo Radio', 'San Fermo', 'Casa Giulietta', 'Sighseeing']",Casa Giulietta,strategy_nearest,True,0.0028378963470458984,success
04AD994A9C4C80,0,['Torre Lamberti'],Castelvecchio,"['Museo Lapidario', 'Verona Tour', 'Arena', 'Museo Radio', 'San Zeno']",Arena,strategy_nearest,True,0.002516031265258789,success
04AD8D4A9C4C80,0,"['Museo Lapidario', 'Castelvecchio']",Arena,"['Verona Tour', 'Museo Radio', 'San Fermo', 'Casa Giulietta', 'Sighseeing']",Casa Giulietta,strategy_nearest,True,0.0022089481353759766,success
04ADB04A9C4C80,0,['Arena'],Castelvecchio,"['Museo Lapidario', 'Verona Tour', 'Museo Radio', 'San Zeno', 'Sighseeing']",Casa Giulietta,strategy_nearest,False,0.0015099048614501953,success
04ADA94A9C4C80,1,"['Casa Giulietta', 'Torre Lamberti']",Palazzo della Ragione,"['AMO', 'Museo Conte', 'Centro Fotografia', 'Sighseeing', 'Santa Anastasia']",Arena,strategy_nearest,False,0.004695892333984375,success
04ADB23A9C4C80,3,"['Torre Lamberti', 'Duomo']",Santa Anastasia,"['AMO', 'Museo Conte', 'Palazzo della Ragione', 'Teatro Romano', 'Centro Fotografia']",Casa Giulietta,strategy_nearest,False,0.003222942352294922,success
04ADAF4A9C4C80,3,"['Arena', 'Casa Giulietta']",Santa Anastasia,"['AMO', 'Museo Conte', 'Palazzo della Ragione', 'Teatro Romano', 'Centro Fotografia']",Teatro Romano,strategy_nearest,True,0.0021479129791259766,success
04ADB64A9C4C80,3,"['Arena', 'Torre Lamberti']",Casa Giulietta,"['Centro Fotografia', 'Sighseeing', 'Museo Conte', 'Museo Radio', 'Palazzo della Ragione']",Santa Anastasia,strategy_nearest,False,0.002702951431274414,success
04ADBD429C4C80,0,['Arena'],Casa Giulietta,"['Centro Fotografia', 'Sighseeing', 'Torre Lamberti', 'Museo Conte', 'Museo Radio']",Torre Lamberti,strategy_nearest,True,0.0020020008087158203,success
04ADB93A9C4C80,0,['Arena'],Casa Giulietta,"['Centro Fotografia', 'Sighseeing', 'Torre Lamberti', 'Museo Conte', 'Museo Radio']",Castelvecchio,strategy_nearest,False,0.003329038619995117,success
04ADB24A9C4C80,3,['Arena'],Casa Giulietta,"['Centro Fotografia', 'Sighseeing', 'Torre Lamberti', 'Museo Conte', 'Museo Radio']",Santa Anastasia,strategy_nearest,False,0.0018548965454101562,success
04ADC04A9C4C80,0,['Arena'],Casa Giulietta,"['Centro Fotografia', 'Sighseeing', 'Torre Lamberti', 'Museo Conte', 'Museo Radio']",Tomba Giulietta,strategy_nearest,False,0.002081155776977539,success
04ADC1429C4C80,3,['Arena'],Casa Giulietta,"['Centro Fotografia', 'Sighseeing', 'Torre Lamberti', 'Museo Conte', 'Museo Radio']",Teatro Romano,strategy_nearest,False,0.0015017986297607422,success
04ADBD4A9C4C80,3,"['Arena', 'San Fermo']",Santa Anastasia,"['AMO', 'Museo Conte', 'Palazzo della Ragione', 'Teatro Romano', 'Centro Fotografia']",Teatro Romano,strategy_nearest,True,0.004055976867675781,success
04ADC34A9C4C80,1,"['Arena', 'Casa Giulietta']",Santa Anastasia,"['AMO', 'Museo Conte', 'Palazzo della Ragione', 'Teatro Romano', 'Centro Fotografia']",Torre Lamberti,strategy_nearest,False,0.0025849342346191406,success
04ADC94A9C4C80,0,"['Arena', 'Museo Lapidario', 'Castelvecchio']",Casa Giulietta,"['Centro Fotografia', 'Sighseeing', 'Torre Lamberti', 'Museo Conte', 'Museo Radio']",Torre Lamberti,strategy_nearest,True,0.001397848129272461,success
04ADC54A9C4C80,1,"['Arena', 'Casa Giulietta']",Torre Lamberti,"['Sighseeing', 'Centro Fotografia', 'Museo Conte', 'Palazzo della Ragione', 'AMO']",Palazzo della Ragione,strategy_nearest,True,0.0034341812133789062,success
04ADC64A9C4C80,3,"['Arena', 'Torre Lamberti', 'Casa Giulietta']",Castelvecchio,"['Museo Lapidario', 'Verona Tour', 'Museo Radio', 'San Zeno', 'Sighseeing']",San Zeno,strategy_nearest,True,0.0034160614013671875,success
04ADC84A9C4C80,1,"['Castelvecchio', 'Arena']",Torre Lamberti,"['Sighseeing', 'Centro Fotografia', 'Museo Conte', 'Casa Giulietta', 'Palazzo della Ragione']",Palazzo della Ragione,strategy_nearest,True,0.0033440589904785156,success
04ADCF4A9C4C80,0,['Castelvecchio'],Casa Giulietta,"['Centro Fotografia', 'Sighseeing', 'Torre Lamberti', 'Museo Conte', 'Museo Radio']",Arena,strategy_nearest,False,0.0020520687103271484,success
04ADD13A9C4C80,0,['Arena'],Casa Giulietta,"['Centro Fotografia', 'Sighseeing', 'Torre Lamberti', 'Museo Conte', 'Museo Radio']",Torre Lamberti,strategy_nearest,True,0.002485990524291992,success
04ADCC4A9C4C80,1,"['Arena', 'Museo Lapidario', 'San Fermo', 'Casa Giulietta']",Palazzo della Ragione,"['AMO', 'Museo Conte', 'Torre Lamberti', 'Centro Fotografia', 'Sighseeing']",Torre Lamberti,strategy_nearest,True,0.002062082290649414,success
04ADDE429C4C80,2,['Casa Giulietta'],Torre Lamberti,"['Sighseeing', 'Centro Fotografia', 'Museo Conte', 'Palazzo della Ragione', 'AMO']",Palazzo della Ragione,strategy_nearest,True,0.002624988555908203,success
04ADD24A9C4C80,1,"['Tomba Giulietta', 'Casa Giulietta', 'Palazzo della Ragione']",Torre Lamberti,"['Sighseeing', 'Centro Fotografia', 'Museo Conte', 'AMO', 'Museo Miniscalchi']",Santa Anastasia,strategy_nearest,False,0.0019109249114990234,success
04ADD14A9C4C80,0,"['Arena', 'Castelvecchio']",Teatro Romano,"['Santa Anastasia', 'Duomo', 'AMO', 'Palazzo della Ragione', 'Museo Conte']",Casa Giulietta,strategy_nearest,False,0.003332853317260742,success
04ADE2429C4C80,0,"['Castelvecchio', 'Arena']",Casa Giulietta,"['Centro Fotografia', 'Sighseeing', 'Torre Lamberti', 'Museo Conte', 'Museo Radio']",Torre Lamberti,strategy_nearest,True,0.0021910667419433594,success
04ADE33A9C4C80,1,"['Casa Giulietta', 'Palazzo della Ragione']",Arena,"['Verona Tour', 'Museo Lapidario', 'Museo Radio', 'San Fermo', 'Sighseeing']",Castelvecchio,strategy_nearest,False,0.003992795944213867,success
04ADED429C4C80,3,"['Castelvecchio', 'San Zeno', 'Arena']",Torre Lamberti,"['Sighseeing', 'Centro Fotografia', 'Museo Conte', 'Casa Giulietta', 'Palazzo della Ragione']",Santa Anastasia,strategy_nearest,False,0.0015354156494140625,success
04ADF34A9C4C80,3,['Arena'],Casa Giulietta,"['Centro Fotografia', 'Sighseeing', 'Torre Lamberti', 'Museo Conte', 'Museo Radio']",Torre Lamberti,strategy_nearest,True,0.002646207809448242,success
04ADE83A9C4C80,0,['Arena'],Casa Giulietta,"['Centro Fotografia', 'Sighseeing', 'Torre Lamberti', 'Museo Conte', 'Museo Radio']",Torre Lamberti,strategy_nearest,True,0.0027799606323242188,success
04ADF64A9C4C80,0,['Arena'],San Zeno,"['Castelvecchio', 'Verona Tour', 'Museo Lapidario', 'Museo Miniscalchi', 'Sighseeing']",Duomo,strategy_nearest,False,0.0022771358489990234,success
04AE004A9C4C84,3,"['Arena', 'Teatro Romano']",Santa Anastasia,"['AMO', 'Museo Conte', 'Palazzo della Ragione', 'Centro Fotografia', 'Duomo']",Casa Giulietta,strategy_nearest,False,0.002856016159057617,success
04AE014A9C4C84,1,"['Arena', 'Teatro Romano']",Santa Anastasia,"['AMO', 'Museo Conte', 'Palazzo della Ragione', 'Centro Fotografia', 'Duomo']",Castelvecchio,strategy_nearest,False,0.0014977455139160156,success
04ADF4429C4C80,2,"['Castelvecchio', 'Casa Giulietta', 'Torre Lamberti', 'Palazzo della Ragione', 'Santa Anastasia']",Teatro Romano,"['Duomo', 'AMO', 'Museo Conte', 'Centro Fotografia', 'Museo Miniscalchi']",Duomo,strategy_nearest,True,0.003560304641723633,success
04AE064A9C4C84,3,"['Arena', 'Tomba Giulietta', 'Museo Storia']",San Fermo,"['Museo Radio', 'Casa Giulietta', 'Centro Fotografia', 'Sighseeing', 'Torre Lamberti']",Casa Giulietta,strategy_nearest,True,0.0018978118896484375,success
04AE054A9C4C84,0,['Arena'],Casa Giulietta,"['Centro Fotografia', 'Sighseeing', 'Torre Lamberti', 'Museo Conte', 'Museo Radio']",Teatro Romano,strategy_nearest,False,0.0014002323150634766,success
04AE05429C4C84,0,"['Casa Giulietta', 'Torre Lamberti']",Teatro Romano,"['Santa Anastasia', 'Duomo', 'AMO', 'Palazzo della Ragione', 'Museo Conte']",Arena,strategy_nearest,False,0.0026361942291259766,success
04AE0B4A9C4C84,3,"['Arena', 'Casa Giulietta']",Torre Lamberti,"['Sighseeing', 'Centro Fotografia', 'Museo Conte', 'Palazzo della Ragione', 'AMO']",Duomo,strategy_nearest,False,0.0033071041107177734,success
04AE133A9C4C80,1,"['Palazzo della Ragione', 'Torre Lamberti']",Castelvecchio,"['Museo Lapidario', 'Verona Tour', 'Arena', 'Museo Radio', 'San Zeno']",San Zeno,strategy_nearest,True,0.0021800994873046875,success
04AE104A9C4C84,4,"['Museo Radio', 'Tomba Giulietta', 'San Fermo']",Casa Giulietta,"['Centro Fotografia', 'Sighseeing', 'Torre Lamberti', 'Museo Conte', 'Palazzo della Ragione']",Santa Anastasia,strategy_nearest,False,0.0035147666931152344,success
04AE0C4A9C4C84,0,"['Arena', 'Casa Giulietta']",Torre Lamberti,"['Sighseeing', 'Centro Fotografia', 'Museo Conte', 'Palazzo della Ragione', 'AMO']",Tomba Giulietta,strategy_nearest,False,0.002199888229370117,success
04AE18429C4C84,0,['Arena'],Casa Giulietta,"['Centro Fotografia', 'Sighseeing', 'Torre Lamberti', 'Museo Conte', 'Museo Radio']",Castelvecchio,strategy_nearest,False,0.003366231918334961,success
04AE1B3A9C4C80,3,"['Arena', 'Tomba Giulietta', 'Casa Giulietta']",Torre Lamberti,"['Sighseeing', 'Centro Fotografia', 'Museo Conte', 'Palazzo della Ragione', 'AMO']",Duomo,strategy_nearest,False,0.0016989707946777344,success
04AE1C429C4C80,3,"['Duomo', 'Santa Anastasia', 'San Fermo']",Casa Giulietta,"['Centro Fotografia', 'Sighseeing', 'Torre Lamberti', 'Museo Conte', 'Museo Radio']",Arena,strategy_nearest,False,0.0033690929412841797,success
04AE21429C4C84,3,"['Santa Anastasia', 'Teatro Romano', 'Duomo']",Castelvecchio,"['Museo Lapidario', 'Verona Tour', 'Arena', 'Museo Radio', 'San Zeno']",Casa Giulietta,strategy_nearest,False,0.003147125244140625,success
04AE20429C4C80,0,"['Arena', 'Torre Lamberti']",Casa Giulietta,"['Centro Fotografia', 'Sighseeing', 'Museo Conte', 'Museo Radio', 'Palazzo della Ragione']",Castelvecchio,strategy_nearest,False,0.0020630359649658203,success
04AE253A9C4C84,3,"['Santa Anastasia', 'Casa Giulietta']",San Fermo,"['Museo Storia', 'Museo Radio', 'Centro Fotografia', 'Arena', 'Sighseeing']",Arena,strategy_nearest,True,0.002142190933227539,success
04AE244A9C4C80,1,"['Teatro Romano', 'Tomba Giulietta', 'Casa Giulietta']",Palazzo della Ragione,"['AMO', 'Museo Conte', 'Torre Lamberti', 'Centro Fotografia', 'Sighseeing']",Torre Lamberti,strategy_nearest,True,0.002721071243286133,success
04AE25429C4C84,0,['Casa Giulietta'],Torre Lamberti,"['Sighseeing', 'Centro Fotografia', 'Museo Conte', 'Palazzo della Ragione', 'AMO']",Arena,strategy_nearest,False,0.0027158260345458984,success
04AE26429C4C84,0,['Arena'],Torre Lamberti,"['Sighseeing', 'Centro Fotografia', 'Museo Conte', 'Casa Giulietta', 'Palazzo della Ragione']",Casa Giulietta,strategy_nearest,True,0.0033419132232666016,success
04AE273A9C4C80,3,"['Castelvecchio', 'Santa Anastasia']",Teatro Romano,"['Duomo', 'AMO', 'Palazzo della Ragione', 'Museo Conte', 'Centro Fotografia']",Arena,strategy_nearest,False,0.004562854766845703,success
04AE2C3A9C4C80,1,"['Arena', 'Castelvecchio']",Santa Anastasia,"['AMO', 'Museo Conte', 'Palazzo della Ragione', 'Teatro Romano', 'Centro Fotografia']",Duomo,strategy_nearest,False,0.0026450157165527344,success
04AE2C429C4C80,6,['Arena'],Verona Tour,"['Museo Lapidario', 'Castelvecchio', 'Museo Radio', 'Casa Giulietta', 'Sighseeing']",Castelvecchio,strategy_nearest,True,0.0013840198516845703,success
04AE27429C4C84,0,['Arena'],Casa Giulietta,"['Centro Fotografia', 'Sighseeing', 'Torre Lamberti', 'Museo Conte', 'Museo Radio']",Tomba Giulietta,strategy_nearest,False,0.003312826156616211,success
04AE363A9C4C80,1,"['Arena', 'Teatro Romano', 'Duomo']",Santa Anastasia,"['AMO', 'Museo Conte', 'Palazzo della Ragione', 'Centro Fotografia', 'Torre Lamberti']",Torre Lamberti,strategy_nearest,True,0.001544952392578125,success
04AE364A9C4C80,3,"['Santa Anastasia', 'Duomo']",Arena,"['Verona Tour', 'Museo Lapidario', 'Museo Radio', 'San Fermo', 'Casa Giulietta']",San Zeno,strategy_nearest,False,0.002621889114379883,success
04AE2E429C4C80,3,['Castelvecchio'],Arena,"['Verona Tour', 'Museo Lapidario', 'Museo Radio', 'San Fermo', 'Casa Giulietta']",San Fermo,strategy_nearest,True,0.0034160614013671875,success
04AE2F429C4C80,2,"['Teatro Romano', 'Duomo']",Santa Anastasia,"['AMO', 'Museo Conte', 'Palazzo della Ragione', 'Centro Fotografia', 'Torre Lamberti']",San Zeno,strategy_nearest,False,0.0021741390228271484,success
04AE423A9C4C80,3,"['Tomba Giulietta', 'San Fermo']",Teatro Romano,"['Santa Anastasia', 'Duomo', 'AMO', 'Palazzo della Ragione', 'Museo Conte']",Santa Anastasia,strategy_nearest,True,0.002583026885986328,success
04AE3D4A9C4C80,3,"['Castelvecchio', 'Arena']",Torre Lamberti,"['Sighseeing', 'Centro Fotografia', 'Museo Conte', 'Casa Giulietta', 'Palazzo della Ragione']",Santa Anastasia,strategy_nearest,False,0.002607107162475586,success
04AE484A9C4C80,2,"['Casa Giulietta', 'San Fermo']",Tomba Giulietta,"['Museo Storia', 'Arena', 'Museo Lapidario', 'Museo Radio', 'Verona Tour']",Santa Anastasia,strategy_nearest,False,0.0012590885162353516,success
04AE4A4A9C4C80,3,"['Arena', 'Casa Giulietta', 'Duomo']",Teatro Romano,"['Santa Anastasia', 'AMO', 'Palazzo della Ragione', 'Museo Conte', 'Centro Fotografia']",Museo Lapidario,strategy_nearest,False,0.0034019947052001953,success
04AE4C429C4C80,3,"['Santa Anastasia', 'San Fermo', 'Teatro Romano']",Casa Giulietta,"['Centro Fotografia', 'Sighseeing', 'Torre Lamberti', 'Museo Conte', 'Museo Radio']",Arena,strategy_nearest,False,0.001995086669921875,success
04AE583A9C4C80,0,"['Arena', 'Castelvecchio']",Casa Giulietta,"['Centro Fotografia', 'Sighseeing', 'Torre Lamberti', 'Museo Conte', 'Museo Radio']",Torre Lamberti,strategy_nearest,True,0.0025730133056640625,success
04AE6E3A9C4C80,1,"['Casa Giulietta', 'Arena', 'Torre Lamberti']",Palazzo della Ragione,"['AMO', 'Museo Conte', 'Centro Fotografia', 'Sighseeing', 'Santa Anastasia']",Teatro Romano,strategy_nearest,False,0.0026488304138183594,success
04AE6F429C4C80,0,"['Casa Giulietta', 'Torre Lamberti']",Arena,"['Verona Tour', 'Museo Lapidario', 'Museo Radio', 'San Fermo', 'Sighseeing']",Tomba Giulietta,strategy_nearest,False,0.0032546520233154297,success
04AE71429C4C80,0,['Teatro Romano'],Duomo,"['AMO', 'Museo Miniscalchi', 'Santa Anastasia', 'Palazzo della Ragione', 'Museo Conte']",Arena,strategy_nearest,False,0.0022058486938476562,success
04AE73429C4C80,3,"['Santa Anastasia', 'Duomo']",Casa Giulietta,"['Centro Fotografia', 'Sighseeing', 'Torre Lamberti', 'Museo Conte', 'Museo Radio']",Arena,strategy_nearest,False,0.002722024917602539,success
04AE774A9C4C80,3,"['Arena', 'Torre Lamberti']",Casa Giulietta,"['Centro Fotografia', 'Sighseeing', 'Museo Conte', 'Museo Radio', 'Palazzo della Ragione']",Castelvecchio,strategy_nearest,False,0.002853870391845703,success
04AE784A9C4C80,3,"['Arena', 'Castelvecchio']",San Zeno,"['Verona Tour', 'Museo Lapidario', 'Museo Miniscalchi', 'Sighseeing', 'Museo Radio']",Casa Giulietta,strategy_nearest,False,0.0031468868255615234,success
04AE8D3A9C4C80,0,['Arena'],Castelvecchio,"['Museo Lapidario', 'Verona Tour', 'Museo Radio', 'San Zeno', 'Sighseeing']",Torre Lamberti,strategy_nearest,False,0.0031120777130126953,success
04AE924A9C4C80,0,['Arena'],Casa Giulietta,"['Centro Fotografia', 'Sighseeing', 'Torre Lamberti', 'Museo Conte', 'Museo Radio']",Castelvecchio,strategy_nearest,False,0.0027692317962646484,success
04AE98429C4C80,3,"['Casa Giulietta', 'Torre Lamberti', 'Duomo']",Teatro Romano,"['Santa Anastasia', 'AMO', 'Palazzo della Ragione', 'Museo Conte', 'Centro Fotografia']",Arena,strategy_nearest,False,0.001374959945678711,success
04AE8E429C4C80,3,"['Torre Lamberti', 'Santa Anastasia']",Duomo,"['AMO', 'Museo Miniscalchi', 'Teatro Romano', 'Palazzo della Ragione', 'Museo Conte']",Teatro Romano,strategy_nearest,True,0.003383159637451172,success
04AE974A9C4C80,0,['Casa Giulietta'],Castelvecchio,"['Museo Lapidario', 'Verona Tour', 'Arena', 'Museo Radio', 'San Zeno']",Torre Lamberti,strategy_nearest,False,0.003876209259033203,success
04AE9E429C4C80,0,['Castelvecchio'],Teatro Romano,"['Santa Anastasia', 'Duomo', 'AMO', 'Palazzo della Ragione', 'Museo Conte']",Arena,strategy_nearest,False,0.002218008041381836,success
04AEAF4A9C4C80,2,['Casa Giulietta'],Torre Lamberti,"['Sighseeing', 'Centro Fotografia', 'Museo Conte', 'Palazzo della Ragione', 'AMO']",Santa Anastasia,strategy_nearest,False,0.0026581287384033203,success
04AEA44A9C4C80,2,"['Casa Giulietta', 'Torre Lamberti']",Palazzo della Ragione,"['AMO', 'Museo Conte', 'Centro Fotografia', 'Sighseeing', 'Santa Anastasia']",Tomba Giulietta,strategy_nearest,False,0.0016248226165771484,success
04AEAE3A9C4C80,0,['Arena'],Castelvecchio,"['Museo Lapidario', 'Verona Tour', 'Museo Radio', 'San Zeno', 'Sighseeing']",Casa Giulietta,strategy_nearest,False,0.003443002700805664,success
04AEB24A9C4C80,1,"['Arena', 'Casa Giulietta']",Torre Lamberti,"['Sighseeing', 'Centro Fotografia', 'Museo Conte', 'Palazzo della Ragione', 'AMO']",Palazzo della Ragione,strategy_nearest,True,0.0019261837005615234,success
04AEB34A9C4C80,0,['Arena'],Torre Lamberti,"['Sighseeing', 'Centro Fotografia', 'Museo Conte', 'Casa Giulietta', 'Palazzo della Ragione']",Casa Giulietta,strategy_nearest,True,0.0034008026123046875,success
04AEB83A9C4C80,1,['Arena'],Casa Giulietta,"['Centro Fotografia', 'Sighseeing', 'Torre Lamberti', 'Museo Conte', 'Museo Radio']",Torre Lamberti,strategy_nearest,True,0.0018658638000488281,success
04AEBB4A9C4C80,3,"['Arena', 'Casa Giulietta']",Torre Lamberti,"['Sighseeing', 'Centro Fotografia', 'Museo Conte', 'Palazzo della Ragione', 'AMO']",Teatro Romano,strategy_nearest,False,0.0034003257751464844,success
04AEC24A9C4C80,3,"['Arena', 'Casa Giulietta']",Torre Lamberti,"['Sighseeing', 'Centro Fotografia', 'Museo Conte', 'Palazzo della Ragione', 'AMO']",Santa Anastasia,strategy_nearest,False,0.0031270980834960938,success
04AEBD4A9C4C80,0,['Arena'],Torre Lamberti,"['Sighseeing', 'Centro Fotografia', 'Museo Conte', 'Casa Giulietta', 'Palazzo della Ragione']",Casa Giulietta,strategy_nearest,True,0.003086090087890625,success
04AEC54A9C4C80,0,['Arena'],Museo Lapidario,"['Verona Tour', 'Castelvecchio', 'Museo Radio', 'San Fermo', 'Casa Giulietta']",Castelvecchio,strategy_nearest,True,0.002471923828125,success
04AEC64A9C4C80,0,['Arena'],Castelvecchio,"['Museo Lapidario', 'Verona Tour', 'Museo Radio', 'San Zeno', 'Sighseeing']",Casa Giulietta,strategy_nearest,False,0.002232074737548828,success
04AEC84A9C4C80,3,['Arena'],San Zeno,"['Castelvecchio', 'Verona Tour', 'Museo Lapidario', 'Museo Miniscalchi', 'Sighseeing']",Santa Anastasia,strategy_nearest,False,0.002137899398803711,success
04AEC74A9C4C80,0,"['Arena', 'Casa Giulietta']",Torre Lamberti,"['Sighseeing', 'Centro Fotografia', 'Museo Conte', 'Palazzo della Ragione', 'AMO']",Teatro Romano,strategy_nearest,False,0.0027618408203125,success
04AEC94A9C4C80,2,"['Casa Giulietta', 'Torre Lamberti']",Santa Anastasia,"['AMO', 'Museo Conte', 'Palazzo della Ragione', 'Teatro Romano', 'Centro Fotografia']",Duomo,strategy_nearest,False,0.0031490325927734375,success
04AECA3A9C4C80,0,['Arena'],Casa Giulietta,"['Centro Fotografia', 'Sighseeing', 'Torre Lamberti', 'Museo Conte', 'Museo Radio']",Torre Lamberti,strategy_nearest,True,0.0029611587524414062,success
04AECD4A9C4C80,0,['Arena'],Torre Lamberti,"['Sighseeing', 'Centro Fotografia', 'Museo Conte', 'Casa Giulietta', 'Palazzo della Ragione']",Duomo,strategy_nearest,False,0.0018270015716552734,success
04AECA4A9C4C80,0,['Arena'],Casa Giulietta,"['Centro Fotografia', 'Sighseeing', 'Torre Lamberti', 'Museo Conte', 'Museo Radio']",Duomo,strategy_nearest,False,0.003350973129272461,success
04AECC4A9C4C80,0,"['Tomba Giulietta', 'Arena']",Museo Lapidario,"['Verona Tour', 'Castelvecchio', 'Museo Radio', 'San Fermo', 'Casa Giulietta']",Castelvecchio,strategy_nearest,True,0.003178834915161133,success
04AECF429C4C80,3,"['San Fermo', 'Santa Anastasia', 'Duomo', 'Teatro Romano']",Casa Giulietta,"['Centro Fotografia', 'Sighseeing', 'Torre Lamberti', 'Museo Conte', 'Museo Radio']",Tomba Giulietta,strategy_nearest,False,0.002229928970336914,success
04AED53A9C4C80,1,"['Castelvecchio', 'Arena']",Torre Lamberti,"['Sighseeing', 'Centro Fotografia', 'Museo Conte', 'Casa Giulietta', 'Palazzo della Ragione']",Torre Lamberti,strategy_nearest,False,0.0015518665313720703,success
04AECF3A9C4C80,2,['Palazzo della Ragione'],Casa Giulietta,"['Centro Fotografia', 'Sighseeing', 'Torre Lamberti', 'Museo Conte', 'Museo Radio']",Tomba Giulietta,strategy_nearest,False,0.004142045974731445,success
04AEDE429C4C80,0,['Arena'],Casa Giulietta,"['Centro Fotografia', 'Sighseeing', 'Torre Lamberti', 'Museo Conte', 'Museo Radio']",San Fermo,strategy_nearest,False,0.002651214599609375,success
04AEED4A9C4C80,0,"['Tomba Giulietta', 'Arena']",Casa Giulietta,"['Centro Fotografia', 'Sighseeing', 'Torre Lamberti', 'Museo Conte', 'Museo Radio']",Teatro Romano,strategy_nearest,False,0.0026988983154296875,success
04AEEA3A9C4C80,3,"['San Zeno', 'Castelvecchio', 'Arena']",Torre Lamberti,"['Sighseeing', 'Centro Fotografia', 'Museo Conte', 'Casa Giulietta', 'Palazzo della Ragione']",Casa Giulietta,strategy_nearest,True,0.002207040786743164,success
04AEEB3A9C4C80,0,['Arena'],Casa Giulietta,"['Centro Fotografia', 'Sighseeing', 'Torre Lamberti', 'Museo Conte', 'Museo Radio']",Santa Anastasia,strategy_nearest,False,0.0027899742126464844,success
04AEEE4A9C4C80,3,"['Arena', 'Museo Lapidario']",Torre Lamberti,"['Sighseeing', 'Centro Fotografia', 'Museo Conte', 'Casa Giulietta', 'Palazzo della Ragione']",Santa Anastasia,strategy_nearest,False,0.0031807422637939453,success
04AF034A9C4C84,0,['Arena'],Casa Giulietta,"['Centro Fotografia', 'Sighseeing', 'Torre Lamberti', 'Museo Conte', 'Museo Radio']",Castelvecchio,strategy_nearest,False,0.0014581680297851562,success
04AEF8429C4C80,1,"['Arena', 'Castelvecchio', 'San Zeno', 'Tomba Giulietta']",San Fermo,"['Museo Storia', 'Museo Radio', 'Casa Giulietta', 'Centro Fotografia', 'Sighseeing']",Casa Giulietta,strategy_nearest,True,0.0021538734436035156,success
04AF064A9C4C84,0,['Arena'],Castelvecchio,"['Museo Lapidario', 'Verona Tour', 'Museo Radio', 'San Zeno', 'Sighseeing']",Casa Giulietta,strategy_nearest,False,0.0032639503479003906,success
04AEF04A9C4C80,0,"['Arena', 'Torre Lamberti']",Castelvecchio,"['Museo Lapidario', 'Verona Tour', 'Museo Radio', 'San Zeno', 'Sighseeing']",Casa Giulietta,strategy_nearest,False,0.0029058456420898438,success
04AF0F4A9C4C84,0,['Arena'],Duomo,"['AMO', 'Museo Miniscalchi', 'Santa Anastasia', 'Teatro Romano', 'Palazzo della Ragione']",Casa Giulietta,strategy_nearest,False,0.0025510787963867188,success
04AF084A9C4C80,3,"['Castelvecchio', 'Casa Giulietta', 'San Zeno']",Torre Lamberti,"['Sighseeing', 'Centro Fotografia', 'Museo Conte', 'Palazzo della Ragione', 'AMO']",Santa Anastasia,strategy_nearest,False,0.003386974334716797,success
04AF0A429C4C80,0,['Casa Giulietta'],Arena,"['Verona Tour', 'Museo Lapidario', 'Museo Radio', 'San Fermo', 'Sighseeing']",Torre Lamberti,strategy_nearest,False,0.0021560192108154297,success
04AF0E4A9C4C80,0,['Arena'],Castelvecchio,"['Museo Lapidario', 'Verona Tour', 'Museo Radio', 'San Zeno', 'Sighseeing']",Casa Giulietta,strategy_nearest,False,0.00339508056640625,success
04AF1D3A9C4C80,1,"['Arena', 'Museo Lapidario']",Castelvecchio,"['Verona Tour', 'Museo Radio', 'San Zeno', 'Sighseeing', 'Museo Miniscalchi']",Palazzo della Ragione,strategy_nearest,False,0.001981973648071289,success
04AF19429C4C84,0,"['Tomba Giulietta', 'Arena']",Casa Giulietta,"['Centro Fotografia', 'Sighseeing', 'Torre Lamberti', 'Museo Conte', 'Museo Radio']",Castelvecchio,strategy_nearest,False,0.0014030933380126953,success
04AF164A9C4C80,3,"['Arena', 'Torre Lamberti', 'Casa Giulietta']",San Fermo,"['Museo Storia', 'Museo Radio', 'Centro Fotografia', 'Sighseeing', 'Museo Conte']",Tomba Giulietta,strategy_nearest,False,0.0038721561431884766,success
04AF12429C4C84,3,"['Arena', 'San Zeno']",Castelvecchio,"['Museo Lapidario', 'Verona Tour', 'Museo Radio', 'Sighseeing', 'Museo Miniscalchi']",Torre Lamberti,strategy_nearest,False,0.003313302993774414,success
04AF214A9C4C80,3,"['Castelvecchio', 'Museo Storia', 'Teatro Romano']",Santa Anastasia,"['AMO', 'Museo Conte', 'Palazzo della Ragione', 'Centro Fotografia', 'Duomo']",Torre Lamberti,strategy_nearest,False,0.002813100814819336,success
04AF313A9C4C80,3,"['Teatro Romano', 'Santa Anastasia']",Casa Giulietta,"['Centro Fotografia', 'Sighseeing', 'Torre Lamberti', 'Museo Conte', 'Museo Radio']",Castelvecchio,strategy_nearest,False,0.002080202102661133,success
04AF2F429C4C80,2,"['Teatro Romano', 'Duomo']",Santa Anastasia,"['AMO', 'Museo Conte', 'Palazzo della Ragione', 'Centro Fotografia', 'Torre Lamberti']",San Zeno,strategy_nearest,False,0.0033371448516845703,success
04AF293A9C4C80,3,"['Castelvecchio', 'Santa Anastasia']",Teatro Romano,"['Duomo', 'AMO', 'Palazzo della Ragione', 'Museo Conte', 'Centro Fotografia']",Arena,strategy_nearest,False,0.0015947818756103516,success
04AF49429C4C80,0,"['Casa Giulietta', 'Arena']",Tomba Giulietta,"['San Fermo', 'Museo Storia', 'Museo Lapidario', 'Museo Radio', 'Verona Tour']",Duomo,strategy_nearest,False,0.002135753631591797,success
04AF4F3A9C4C80,1,"['Arena', 'Santa Anastasia', 'Teatro Romano']",Casa Giulietta,"['Centro Fotografia', 'Sighseeing', 'Torre Lamberti', 'Museo Conte', 'Museo Radio']",Palazzo della Ragione,strategy_nearest,False,0.0013918876647949219,success
04AF4E4A9C4C80,1,"['Arena', 'Casa Giulietta']",Torre Lamberti,"['Sighseeing', 'Centro Fotografia', 'Museo Conte', 'Palazzo della Ragione', 'AMO']",Palazzo della Ragione,strategy_nearest,True,0.0025937557220458984,success
04AF3D3A9C4C80,3,['Teatro Romano'],Santa Anastasia,"['AMO', 'Museo Conte', 'Palazzo della Ragione', 'Centro Fotografia', 'Duomo']",Torre Lamberti,strategy_nearest,False,0.003353118896484375,success
04AF5A3A9C4C80,2,"['Casa Giulietta', 'Palazzo della Ragione']",Santa Anastasia,"['AMO', 'Museo Conte', 'Teatro Romano', 'Centro Fotografia', 'Duomo']",Giardino Giusti,strategy_nearest,False,0.0020389556884765625,success
04AF5E4A9C4C80,3,"['Arena', 'Casa Giulietta']",Santa Anastasia,"['AMO', 'Museo Conte', 'Palazzo della Ragione', 'Teatro Romano', 'Centro Fotografia']",Duomo,strategy_nearest,False,0.0021491050720214844,success
04AF683A9C4C80,1,"['Casa Giulietta', 'Palazzo della Ragione', 'Torre Lamberti', 'Santa Anastasia']",Duomo,"['AMO', 'Museo Miniscalchi', 'Teatro Romano', 'Museo Conte', 'Centro Fotografia']",Teatro Romano,strategy_nearest,True,0.003117799758911133,success
04AF633A9C4C80,2,"['Duomo', 'Teatro Romano']",Santa Anastasia,"['AMO', 'Museo Conte', 'Palazzo della Ragione', 'Centro Fotografia', 'Torre Lamberti']",Palazzo della Ragione,strategy_nearest,True,0.0026121139526367188,success
04AF8A4A9C4C80,3,"['Arena', 'Casa Giulietta']",Santa Anastasia,"['AMO', 'Museo Conte', 'Palazzo della Ragione', 'Teatro Romano', 'Centro Fotografia']",Castelvecchio,strategy_nearest,False,0.0012292861938476562,success
04AF7C4A9C4C80,3,['Castelvecchio'],San Fermo,"['Museo Storia', 'Museo Radio', 'Casa Giulietta', 'Centro Fotografia', 'Arena']",Arena,strategy_nearest,True,0.001821279525756836,success
04AF924A9C4C80,0,['Arena'],Casa Giulietta,"['Centro Fotografia', 'Sighseeing', 'Torre Lamberti', 'Museo Conte', 'Museo Radio']",Castelvecchio,strategy_nearest,False,0.0032660961151123047,success
04AF8D3A9C4C80,3,"['San Zeno', 'Torre Lamberti', 'Casa Giulietta']",San Fermo,"['Museo Storia', 'Museo Radio', 'Centro Fotografia', 'Arena', 'Sighseeing']",Duomo,strategy_nearest,False,0.002707958221435547,success
04AF93429C4C80,0,['Castelvecchio'],San Zeno,"['Verona Tour', 'Museo Lapidario', 'Arena', 'Museo Miniscalchi', 'Sighseeing']",Arena,strategy_nearest,True,0.0024237632751464844,success
04AF9E429C4C80,0,['Casa Giulietta'],Torre Lamberti,"['Sighseeing', 'Centro Fotografia', 'Museo Conte', 'Palazzo della Ragione', 'AMO']",Arena,strategy_nearest,False,0.0032351016998291016,success
04AFB5429C4C80,0,['Arena'],Casa Giulietta,"['Centro Fotografia', 'Sighseeing', 'Torre Lamberti', 'Museo Conte', 'Museo Radio']",Museo Storia,strategy_nearest,False,0.002524852752685547,success
04AFB6429C4C80,0,['Arena'],Casa Giulietta,"['Centro Fotografia', 'Sighseeing', 'Torre Lamberti', 'Museo Conte', 'Museo Radio']",Castelvecchio,strategy_nearest,False,0.0031049251556396484,success
04AFC94A9C4C80,3,"['Arena', 'Casa Giulietta']",San Fermo,"['Museo Storia', 'Museo Radio', 'Centro Fotografia', 'Sighseeing', 'Torre Lamberti']",Duomo,strategy_nearest,False,0.001953125,success
04AFC44A9C4C80,1,"['Arena', 'Casa Giulietta']",Torre Lamberti,"['Sighseeing', 'Centro Fotografia', 'Museo Conte', 'Palazzo della Ragione', 'AMO']",Palazzo della Ragione,strategy_nearest,True,0.002020120620727539,success
04AFBD4A9C4C80,1,"['Arena', 'Casa Giulietta', 'San Fermo']",Santa Anastasia,"['AMO', 'Museo Conte', 'Palazzo della Ragione', 'Teatro Romano', 'Centro Fotografia']",Duomo,strategy_nearest,False,0.003847837448120117,success
04AFCD4A9C4C80,1,['Arena'],Torre Lamberti,"['Sighseeing', 'Centro Fotografia', 'Museo Conte', 'Casa Giulietta', 'Palazzo della Ragione']",Palazzo della Ragione,strategy_nearest,True,0.0017261505126953125,success
04AFCB4A9C4C80,3,"['Arena', 'Casa Giulietta']",Santa Anastasia,"['AMO', 'Museo Conte', 'Palazzo della Ragione', 'Teatro Romano', 'Centro Fotografia']",Duomo,strategy_nearest,False,0.0018601417541503906,success
04AFCE4A9C4C80,1,"['Arena', 'Museo Lapidario', 'San Fermo', 'Casa Giulietta']",Palazzo della Ragione,"['AMO', 'Museo Conte', 'Torre Lamberti', 'Centro Fotografia', 'Sighseeing']",Torre Lamberti,strategy_nearest,True,0.0025217533111572266,success
04AFD04A9C4C80,1,"['Palazzo della Ragione', 'Torre Lamberti', 'Casa Giulietta']",Santa Anastasia,"['AMO', 'Museo Conte', 'Teatro Romano', 'Centro Fotografia', 'Duomo']",Duomo,strategy_nearest,True,0.0033893585205078125,success
04AFE0429C4C80,1,"['Museo Lapidario', 'Arena']",Palazzo della Ragione,"['AMO', 'Museo Conte', 'Torre Lamberti', 'Centro Fotografia', 'Sighseeing']",Torre Lamberti,strategy_nearest,True,0.0030379295349121094,success
04AFD53A9C4C80,1,"['Arena', 'Casa Giulietta', 'Palazzo della Ragione']",Torre Lamberti,"['Sighseeing', 'Centro Fotografia', 'Museo Conte', 'AMO', 'Museo Miniscalchi']",Santa Anastasia,strategy_nearest,False,0.002716064453125,success
04AFD5429C4C80,0,['Arena'],Casa Giulietta,"['Centro Fotografia', 'Sighseeing', 'Torre Lamberti', 'Museo Conte', 'Museo Radio']",Tomba Giulietta,strategy_nearest,False,0.0026459693908691406,success
04AFEE4A9C4C80,1,['Arena'],Casa Giulietta,"['Centro Fotografia', 'Sighseeing', 'Torre Lamberti', 'Museo Conte', 'Museo Radio']",Torre Lamberti,strategy_nearest,True,0.0015141963958740234,success
04AFF4429C4C80,1,"['Santa Anastasia', 'Casa Giulietta', 'Tomba Giulietta']",Arena,"['Verona Tour', 'Museo Lapidario', 'Museo Radio', 'San Fermo', 'Sighseeing']",Palazzo della Ragione,strategy_nearest,False,0.0032160282135009766,success
04AFE83A9C4C80,0,['Castelvecchio'],Casa Giulietta,"['Centro Fotografia', 'Sighseeing', 'Torre Lamberti', 'Museo Conte', 'Museo Radio']",Arena,strategy_nearest,False,0.002151012420654297,success
04AFF04A9C4C80,0,['Arena'],Torre Lamberti,"['Sighseeing', 'Centro Fotografia', 'Museo Conte', 'Casa Giulietta', 'Palazzo della Ragione']",Casa Giulietta,strategy_nearest,True,0.002718210220336914,success
04AFF74A9C4C80,3,"['Arena', 'Castelvecchio', 'Duomo']",San Zeno,"['Verona Tour', 'Museo Lapidario', 'Museo Miniscalchi', 'Sighseeing', 'Museo Radio']",Torre Lamberti,strategy_nearest,False,0.0028977394104003906,success
04B0004A9C4C84,1,"['Palazzo della Ragione', 'Casa Giulietta']",San Fermo,"['Museo Storia', 'Museo Radio', 'Centro Fotografia', 'Arena', 'Sighseeing']",Arena,strategy_nearest,True,0.0032851696014404297,success
04B001429C4C84,1,"['Castelvecchio', 'Arena', 'Casa Giulietta', 'Palazzo della Ragione']",Torre Lamberti,"['Sighseeing', 'Centro Fotografia', 'Museo Conte', 'AMO', 'Museo Miniscalchi']",Teatro Romano,strategy_nearest,False,0.001981019973754883,success
04AFFC3A9C4C80,3,"['Arena', 'Casa Giulietta']",Torre Lamberti,"['Sighseeing', 'Centro Fotografia', 'Museo Conte', 'Palazzo della Ragione', 'AMO']",Duomo,strategy_nearest,False,0.0027840137481689453,success
04B0024A9C4C84,3,"['Duomo', 'Arena']",Tomba Giulietta,"['San Fermo', 'Museo Storia', 'Museo Lapidario', 'Museo Radio', 'Verona Tour']",Torre Lamberti,strategy_nearest,False,0.0021979808807373047,success
04B0044A9C4C84,3,['Arena'],Casa Giulietta,"['Centro Fotografia', 'Sighseeing', 'Torre Lamberti', 'Museo Conte', 'Museo Radio']",Torre Lamberti,strategy_nearest,True,0.0033690929412841797,success
04B0064A9C4C84,3,"['Torre Lamberti', 'Santa Anastasia', 'Duomo']",Casa Giulietta,"['Centro Fotografia', 'Sighseeing', 'Museo Conte', 'Museo Radio', 'Palazzo della Ragione']",Arena,strategy_nearest,False,0.0014772415161132812,success
04B00C429C4C80,1,"['Casa Giulietta', 'Arena']",Castelvecchio,"['Museo Lapidario', 'Verona Tour', 'Museo Radio', 'San Zeno', 'Sighseeing']",Santa Anastasia,strategy_nearest,False,0.002562999725341797,success
04B0124A9C4C84,0,['Castelvecchio'],Arena,"['Verona Tour', 'Museo Lapidario', 'Museo Radio', 'San Fermo', 'Casa Giulietta']",Casa Giulietta,strategy_nearest,True,0.0020380020141601562,success
04B00CC27B3F84,0,['Casa Giulietta'],Torre Lamberti,"['Sighseeing', 'Centro Fotografia', 'Museo Conte', 'Palazzo della Ragione', 'AMO']",Teatro Romano,strategy_nearest,False,0.003448009490966797,success
04B00F429C4C84,0,['Castelvecchio'],Casa Giulietta,"['Centro Fotografia', 'Sighseeing', 'Torre Lamberti', 'Museo Conte', 'Museo Radio']",Torre Lamberti,strategy_nearest,True,0.002674102783203125,success
04B00E4A9C4C84,2,['Castelvecchio'],Torre Lamberti,"['Sighseeing', 'Centro Fotografia', 'Museo Conte', 'Casa Giulietta', 'Palazzo della Ragione']",Duomo,strategy_nearest,False,0.0016269683837890625,success
04B0173A9C4C84,0,['Museo Lapidario'],Arena,"['Verona Tour', 'Museo Radio', 'San Fermo', 'Casa Giulietta', 'Sighseeing']",Casa Giulietta,strategy_nearest,True,0.002797842025756836,success
04B024429C4C84,1,"['Casa Giulietta', 'Palazzo della Ragione', 'Torre Lamberti', 'Arena', 'Castelvecchio']",Tomba Giulietta,"['San Fermo', 'Museo Storia', 'Museo Lapidario', 'Museo Radio', 'Verona Tour']",San Fermo,strategy_nearest,True,0.003340005874633789,success
04B01E429C4C84,3,"['Duomo', 'Santa Anastasia', 'San Fermo']",Casa Giulietta,"['Centro Fotografia', 'Sighseeing', 'Torre Lamberti', 'Museo Conte', 'Museo Radio']",Arena,strategy_nearest,False,0.0015859603881835938,success
04B0333A9C4C80,3,"['Castelvecchio', 'Duomo', 'Teatro Romano']",Arena,"['Verona Tour', 'Museo Lapidario', 'Museo Radio', 'San Fermo', 'Casa Giulietta']",Casa Giulietta,strategy_nearest,True,0.002056121826171875,success
04B03E429C4C80,3,"['Castelvecchio', 'Torre Lamberti']",Santa Anastasia,"['AMO', 'Museo Conte', 'Palazzo della Ragione', 'Teatro Romano', 'Centro Fotografia']",Duomo,strategy_nearest,False,0.0024871826171875,success
04B0344A9C4C80,1,['Palazzo della Ragione'],Torre Lamberti,"['Sighseeing', 'Centro Fotografia', 'Museo Conte', 'Casa Giulietta', 'AMO']",Casa Giulietta,strategy_nearest,True,0.002049684524536133,success
04B0373A9C4C80,0,['Arena'],Casa Giulietta,"['Centro Fotografia', 'Sighseeing', 'Torre Lamberti', 'Museo Conte', 'Museo Radio']",Torre Lamberti,strategy_nearest,True,0.0014309883117675781,success
04B0453A9C4C80,2,['San Fermo'],Santa Anastasia,"['AMO', 'Museo Conte', 'Palazzo della Ragione', 'Teatro Romano', 'Centro Fotografia']",San Zeno,strategy_nearest,False,0.003314971923828125,success
04B046429C4C80,3,"['Casa Giulietta', 'Torre Lamberti']",Santa Anastasia,"['AMO', 'Museo Conte', 'Palazzo della Ragione', 'Teatro Romano', 'Centro Fotografia']",Duomo,strategy_nearest,False,0.001791238784790039,success
04B04E4A9C4C80,0,['Arena'],Casa Giulietta,"['Centro Fotografia', 'Sighseeing', 'Torre Lamberti', 'Museo Conte', 'Museo Radio']",Castelvecchio,strategy_nearest,False,0.002463102340698242,success
04B0524A9C4C80,0,['Arena'],Casa Giulietta,"['Centro Fotografia', 'Sighseeing', 'Torre Lamberti', 'Museo Conte', 'Museo Radio']",Torre Lamberti,strategy_nearest,True,0.0025000572204589844,success
04B0583A9C4C80,1,['Arena'],Torre Lamberti,"['Sighseeing', 'Centro Fotografia', 'Museo Conte', 'Casa Giulietta', 'Palazzo della Ragione']",Palazzo della Ragione,strategy_nearest,True,0.0018219947814941406,success
04B06C3A9C4C80,3,"['Castelvecchio', 'Arena', 'Casa Giulietta']",Torre Lamberti,"['Sighseeing', 'Centro Fotografia', 'Museo Conte', 'Palazzo della Ragione', 'AMO']",Duomo,strategy_nearest,False,0.0030808448791503906,success
04B0573A9C4C80,0,['Santa Anastasia'],Casa Giulietta,"['Centro Fotografia', 'Sighseeing', 'Torre Lamberti', 'Museo Conte', 'Museo Radio']",Arena,strategy_nearest,False,0.0034570693969726562,success
04B06D3A9C4C80,0,"['Museo Lapidario', 'Castelvecchio']",Arena,"['Verona Tour', 'Museo Radio', 'San Fermo', 'Casa Giulietta', 'Sighseeing']",Casa Giulietta,strategy_nearest,True,0.0033550262451171875,success
04B084429C4C80,3,['San Fermo'],Santa Anastasia,"['AMO', 'Museo Conte', 'Palazzo della Ragione', 'Teatro Romano', 'Centro Fotografia']",Casa Giulietta,strategy_nearest,False,0.0026721954345703125,success
04B095429C4C80,1,"['Casa Giulietta', 'Arena', 'Tomba Giulietta']",Castelvecchio,"['Museo Lapidario', 'Verona Tour', 'Museo Radio', 'San Zeno', 'Sighseeing']",Teatro Romano,strategy_nearest,False,0.001463174819946289,success
04B0984A9C4C80,0,"['Arena', 'Casa Giulietta']",Teatro Romano,"['Santa Anastasia', 'Duomo', 'AMO', 'Palazzo della Ragione', 'Museo Conte']",Duomo,strategy_nearest,True,0.0030901432037353516,success
04B0AB429C4C80,0,['Arena'],Casa Giulietta,"['Centro Fotografia', 'Sighseeing', 'Torre Lamberti', 'Museo Conte', 'Museo Radio']",Castelvecchio,strategy_nearest,False,0.002744913101196289,success
04B09A429C4C80,1,"['Palazzo della Ragione', 'Torre Lamberti', 'Santa Anastasia', 'San Fermo']",Casa Giulietta,"['Centro Fotografia', 'Sighseeing', 'Museo Conte', 'Museo Radio', 'AMO']",Duomo,strategy_nearest,False,0.0022330284118652344,success
04B0B54A9C4C80,0,"['Teatro Romano', 'Casa Giulietta']",Torre Lamberti,"['Sighseeing', 'Centro Fotografia', 'Museo Conte', 'Palazzo della Ragione', 'AMO']",San Fermo,strategy_nearest,False,0.0015020370483398438,success
04B0AB3A9C4C80,3,['Santa Anastasia'],Arena,"['Verona Tour', 'Museo Lapidario', 'Museo Radio', 'San Fermo', 'Casa Giulietta']",Duomo,strategy_nearest,False,0.003392934799194336,success
04B0C03A9C4C80,4,"['Arena', 'Casa Giulietta', 'San Fermo']",Museo Storia,"['Museo Radio', 'Centro Fotografia', 'Tomba Giulietta', 'Torre Lamberti', 'Sighseeing']",Tomba Giulietta,strategy_nearest,True,0.003328084945678711,success
04B0BE4A9C4C80,0,['Arena'],Casa Giulietta,"['Centro Fotografia', 'Sighseeing', 'Torre Lamberti', 'Museo Conte', 'Museo Radio']",Torre Lamberti,strategy_nearest,True,0.002763986587524414,success
04B0C13A9C4C80,0,"['Arena', 'Castelvecchio']",Torre Lamberti,"['Sighseeing', 'Centro Fotografia', 'Museo Conte', 'Casa Giulietta', 'Palazzo della Ragione']",Casa Giulietta,strategy_nearest,True,0.002065896987915039,success
04B0BC4A9C4C80,3,"['Arena', 'Castelvecchio']",Torre Lamberti,"['Sighseeing', 'Centro Fotografia', 'Museo Conte', 'Casa Giulietta', 'Palazzo della Ragione']",Casa Giulietta,strategy_nearest,True,0.0022008419036865234,success
04B0CC4A9C4C80,3,"['Arena', 'Casa Giulietta']",Santa Anastasia,"['AMO', 'Museo Conte', 'Palazzo della Ragione', 'Teatro Romano', 'Centro Fotografia']",Duomo,strategy_nearest,False,0.002151966094970703,success
04B0D04A9C4C80,1,"['Arena', 'Casa Giulietta']",Torre Lamberti,"['Sighseeing', 'Centro Fotografia', 'Museo Conte', 'Palazzo della Ragione', 'AMO']",Palazzo della Ragione,strategy_nearest,True,0.0015349388122558594,success
04B0E43A9C4C80,3,"['Casa Giulietta', 'Arena', 'Museo Lapidario']",Castelvecchio,"['Verona Tour', 'Museo Radio', 'San Zeno', 'Sighseeing', 'Museo Miniscalchi']",Santa Anastasia,strategy_nearest,False,0.0026328563690185547,success
04B0E4429C4C80,1,"['Arena', 'Arena', 'Arena']",Castelvecchio,"['Museo Lapidario', 'Verona Tour', 'Museo Radio', 'San Zeno', 'Sighseeing']",Torre Lamberti,strategy_nearest,False,0.003239154815673828,success
04B0E8429C4C80,1,"['Arena', 'Casa Giulietta', 'Teatro Romano']",Torre Lamberti,"['Sighseeing', 'Centro Fotografia', 'Museo Conte', 'Palazzo della Ragione', 'AMO']",Palazzo della Ragione,strategy_nearest,True,0.0025980472564697266,success
04B0E94A9C4C80,2,['Casa Giulietta'],Torre Lamberti,"['Sighseeing', 'Centro Fotografia', 'Museo Conte', 'Palazzo della Ragione', 'AMO']",Castelvecchio,strategy_nearest,False,0.001924753189086914,success
04B0F93A9C4C80,0,['Arena'],Casa Giulietta,"['Centro Fotografia', 'Sighseeing', 'Torre Lamberti', 'Museo Conte', 'Museo Radio']",Torre Lamberti,strategy_nearest,True,0.003259897232055664,success
04B0EE4A9C4C80,0,['Arena'],Casa Giulietta,"['Centro Fotografia', 'Sighseeing', 'Torre Lamberti', 'Museo Conte', 'Museo Radio']",Duomo,strategy_nearest,False,0.002696990966796875,success
04B0FB4A9C4C80,0,"['Teatro Romano', 'Torre Lamberti']",Casa Giulietta,"['Centro Fotografia', 'Sighseeing', 'Museo Conte', 'Museo Radio', 'Palazzo della Ragione']",Arena,strategy_nearest,False,0.0023899078369140625,success
04B1004A9C4C84,0,['Museo Lapidario'],Arena,"['Verona Tour', 'Museo Radio', 'San Fermo', 'Casa Giulietta', 'Sighseeing']",Duomo,strategy_nearest,False,0.0026590824127197266,success
04B0FC429C4C80,3,"['Arena', 'Santa Anastasia']",Duomo,"['AMO', 'Museo Miniscalchi', 'Teatro Romano', 'Palazzo della Ragione', 'Museo Conte']",Casa Giulietta,strategy_nearest,False,0.0026481151580810547,success
04B1024A9C4C84,0,['Tomba Giulietta'],Castelvecchio,"['Museo Lapidario', 'Verona Tour', 'Arena', 'Museo Radio', 'San Zeno']",Arena,strategy_nearest,True,0.0032110214233398438,success
04B10A429C4C84,3,"['Arena', 'Museo Lapidario', 'Castelvecchio', 'Torre Lamberti']",Casa Giulietta,"['Centro Fotografia', 'Sighseeing', 'Museo Conte', 'Museo Radio', 'Palazzo della Ragione']",Teatro Romano,strategy_nearest,False,0.0025069713592529297,success
04B1084A9C4C84,0,['Arena'],Museo Lapidario,"['Verona Tour', 'Castelvecchio', 'Museo Radio', 'San Fermo', 'Casa Giulietta']",Casa Giulietta,strategy_nearest,True,0.0021028518676757812,success
04B1044A9C4C84,3,"['Santa Anastasia', 'Duomo', 'Casa Giulietta']",Torre Lamberti,"['Sighseeing', 'Centro Fotografia', 'Museo Conte', 'Palazzo della Ragione', 'AMO']",Arena,strategy_nearest,False,0.0027561187744140625,success
04B1094A9C4C84,0,['Arena'],Castelvecchio,"['Museo Lapidario', 'Verona Tour', 'Museo Radio', 'San Zeno', 'Sighseeing']",Duomo,strategy_nearest,False,0.003297090530395508,success
04B10F4A9C4C84,2,['Santa Anastasia'],Giardino Giusti,"['Teatro Romano', 'Museo Conte', 'Centro Fotografia', 'Museo Storia', 'AMO']",San Zeno,strategy_nearest,False,0.0020728111267089844,success
04B1164A9C4C80,3,"['Castelvecchio', 'Casa Giulietta']",Santa Anastasia,"['AMO', 'Museo Conte', 'Palazzo della Ragione', 'Teatro Romano', 'Centro Fotografia']",Duomo,strategy_nearest,False,0.002541780471801758,success
04B110429C4C84,3,"['Arena', 'Castelvecchio']",Duomo,"['AMO', 'Museo Miniscalchi', 'Santa Anastasia', 'Teatro Romano', 'Palazzo della Ragione']",Casa Giulietta,strategy_nearest,False,0.003926992416381836,success
04B1113A9C4C80,3,"['Arena', 'Torre Lamberti']",Duomo,"['AMO', 'Museo Miniscalchi', 'Santa Anastasia', 'Teatro Romano', 'Palazzo della Ragione']",Casa Giulietta,strategy_nearest,False,0.0019037723541259766,success
04B119429C4C84,0,['Arena'],Casa Giulietta,"['Centro Fotografia', 'Sighseeing', 'Torre Lamberti', 'Museo Conte', 'Museo Radio']",Torre Lamberti,strategy_nearest,True,0.002660036087036133,success
04B1233A9C4C84,3,"['Castelvecchio', 'San Zeno']",Duomo,"['AMO', 'Museo Miniscalchi', 'Santa Anastasia', 'Teatro Romano', 'Palazzo della Ragione']",Torre Lamberti,strategy_nearest,False,0.003165006637573242,success
04B11D3A9C4C84,0,['Museo Lapidario'],Castelvecchio,"['Verona Tour', 'Arena', 'Museo Radio', 'San Zeno', 'Sighseeing']",Arena,strategy_nearest,True,0.0020351409912109375,success
04B1184A9C4C80,1,"['Casa Giulietta', 'Palazzo della Ragione', 'Torre Lamberti']",Museo Lapidario,"['Verona Tour', 'Arena', 'Castelvecchio', 'Museo Radio', 'San Fermo']",Arena,strategy_nearest,True,0.0025827884674072266,success
04B12D429C4C80,1,"['Castelvecchio', 'Torre Lamberti', 'Palazzo della Ragione']",Duomo,"['AMO', 'Museo Miniscalchi', 'Santa Anastasia', 'Teatro Romano', 'Museo Conte']",Museo Storia,strategy_nearest,False,0.0032608509063720703,success
04B12C429C4C80,0,['Casa Giulietta'],Santa Anastasia,"['AMO', 'Museo Conte', 'Palazzo della Ragione', 'Teatro Romano', 'Centro Fotografia']",Arena,strategy_nearest,False,0.0021338462829589844,success
04B128429C4C84,0,['Arena'],Duomo,"['AMO', 'Museo Miniscalchi', 'Santa Anastasia', 'Teatro Romano', 'Palazzo della Ragione']",Casa Giulietta,strategy_nearest,False,0.0016179084777832031,success
04B1263A9C4C84,3,['Castelvecchio'],Arena,"['Verona Tour', 'Museo Lapidario', 'Museo Radio', 'San Fermo', 'Casa Giulietta']",Torre Lamberti,strategy_nearest,False,0.003373861312866211,success
04B141429C4C80,0,['Castelvecchio'],Arena,"['Verona Tour', 'Museo Lapidario', 'Museo Radio', 'San Fermo', 'Casa Giulietta']",Teatro Romano,strategy_nearest,False,0.0014820098876953125,success
04B130429C4C80,3,"['Castelvecchio', 'Casa Giulietta', 'Torre Lamberti']",Arena,"['Verona Tour', 'Museo Lapidario', 'Museo Radio', 'San Fermo', 'Sighseeing']",Santa Anastasia,strategy_nearest,False,0.003378152847290039,success
04B1433A9C4C80,3,"['Arena', 'Casa Giulietta', 'Santa Anastasia']",Duomo,"['AMO', 'Museo Miniscalchi', 'Teatro Romano', 'Palazzo della Ragione', 'Museo Conte']",Teatro Romano,strategy_nearest,True,0.0026559829711914062,success
04B133429C4C80,0,"['Castelvecchio', 'Arena']",Casa Giulietta,"['Centro Fotografia', 'Sighseeing', 'Torre Lamberti', 'Museo Conte', 'Museo Radio']",Torre Lamberti,strategy_nearest,True,0.002115964889526367,success
04B1454A9C4C80,3,"['Arena', 'Santa Anastasia']",Duomo,"['AMO', 'Museo Miniscalchi', 'Teatro Romano', 'Palazzo della Ragione', 'Museo Conte']",Torre Lamberti,strategy_nearest,False,0.0020360946655273438,success
04B146429C4C80,3,"['Arena', 'Casa Giulietta']",Santa Anastasia,"['AMO', 'Museo Conte', 'Palazzo della Ragione', 'Teatro Romano', 'Centro Fotografia']",Duomo,strategy_nearest,False,0.002727985382080078,success
04B149429C4C80,0,"['Santa Anastasia', 'Casa Giulietta']",Arena,"['Verona Tour', 'Museo Lapidario', 'Museo Radio', 'San Fermo', 'Sighseeing']",Castelvecchio,strategy_nearest,False,0.001294851303100586,success
04B14C3A9C4C80,1,"['Castelvecchio', 'Duomo', 'Arena']",Casa Giulietta,"['Centro Fotografia', 'Sighseeing', 'Torre Lamberti', 'Museo Conte', 'Museo Radio']",Torre Lamberti,strategy_nearest,True,0.0032939910888671875,success
04B151429C4C80,0,"['Arena', 'Casa Giulietta']",Castelvecchio,"['Museo Lapidario', 'Verona Tour', 'Museo Radio', 'San Zeno', 'Sighseeing']",Torre Lamberti,strategy_nearest,False,0.003086090087890625,success
04B14E4A9C4C80,1,"['Arena', 'Castelvecchio']",Casa Giulietta,"['Centro Fotografia', 'Sighseeing', 'Torre Lamberti', 'Museo Conte', 'Museo Radio']",Palazzo della Ragione,strategy_nearest,False,0.00208282470703125,success
04B14C4A9C4C80,1,"['Arena', 'Castelvecchio', 'Duomo', 'Santa Anastasia']",Torre Lamberti,"['Sighseeing', 'Centro Fotografia', 'Museo Conte', 'Casa Giulietta', 'Palazzo della Ragione']",Palazzo della Ragione,strategy_nearest,True,0.0032999515533447266,success
04B1503A9C4C80,0,"['Casa Giulietta', 'Torre Lamberti']",Arena,"['Verona Tour', 'Museo Lapidario', 'Museo Radio', 'San Fermo', 'Sighseeing']",Castelvecchio,strategy_nearest,False,0.0026509761810302734,success
04B177429C4C80,1,"['Tomba Giulietta', 'San Fermo', 'Casa Giulietta', 'Torre Lamberti']",Palazzo della Ragione,"['AMO', 'Museo Conte', 'Centro Fotografia', 'Sighseeing', 'Santa Anastasia']",Arena,strategy_nearest,False,0.0015099048614501953,success
04B16F3A9C4C80,1,"['Casa Giulietta', 'Santa Anastasia', 'Arena']",Duomo,"['AMO', 'Museo Miniscalchi', 'Teatro Romano', 'Palazzo della Ragione', 'Museo Conte']",San Zeno,strategy_nearest,False,0.0033791065216064453,success
04B197429C4C80,2,['Torre Lamberti'],Santa Anastasia,"['AMO', 'Museo Conte', 'Palazzo della Ragione', 'Teatro Romano', 'Centro Fotografia']",Duomo,strategy_nearest,False,0.002590179443359375,success
04B16E3A9C4C80,3,"['Arena', 'Castelvecchio', 'Santa Anastasia']",Duomo,"['AMO', 'Museo Miniscalchi', 'Teatro Romano', 'Palazzo della Ragione', 'Museo Conte']",Casa Giulietta,strategy_nearest,False,0.002176046371459961,success
04B19D4A9C4C80,1,"['Arena', 'Casa Giulietta']",Palazzo della Ragione,"['AMO', 'Museo Conte', 'Torre Lamberti', 'Centro Fotografia', 'Sighseeing']",Duomo,strategy_nearest,False,0.0013461112976074219,success
04B19F429C4C80,0,['Castelvecchio'],Casa Giulietta,"['Centro Fotografia', 'Sighseeing', 'Torre Lamberti', 'Museo Conte', 'Museo Radio']",Torre Lamberti,strategy_nearest,True,0.002686023712158203,success
04B19A4A9C4C80,3,"['Arena', 'Casa Giulietta']",Torre Lamberti,"['Sighseeing', 'Centro Fotografia', 'Museo Conte', 'Palazzo della Ragione', 'AMO']",Santa Anastasia,strategy_nearest,False,0.002680063247680664,success
04B1AC3A9C4C80,3,"['Torre Lamberti', 'Santa Anastasia', 'Teatro Romano']",Duomo,"['AMO', 'Museo Miniscalchi', 'Palazzo della Ragione', 'Museo Conte', 'Centro Fotografia']",Casa Giulietta,strategy_nearest,False,0.0031311511993408203,success
04B1B33A9C4C80,3,"['Arena', 'Casa Giulietta']",Santa Anastasia,"['AMO', 'Museo Conte', 'Palazzo della Ragione', 'Teatro Romano', 'Centro Fotografia']",Duomo,strategy_nearest,False,0.0022220611572265625,success
04B1B43A9C4C80,3,"['Arena', 'Castelvecchio']",Duomo,"['AMO', 'Museo Miniscalchi', 'Santa Anastasia', 'Teatro Romano', 'Palazzo della Ragione']",Santa Anastasia,strategy_nearest,True,0.002527952194213867,success
04B1B34A9C4C80,0,"['Arena', 'Castelvecchio']",Duomo,"['AMO', 'Museo Miniscalchi', 'Santa Anastasia', 'Teatro Romano', 'Palazzo della Ragione']",Casa Giulietta,strategy_nearest,False,0.003608226776123047,success
04B1B84A9C4C80,3,"['Arena', 'Casa Giulietta', 'Santa Anastasia']",Duomo,"['AMO', 'Museo Miniscalchi', 'Teatro Romano', 'Palazzo della Ragione', 'Museo Conte']",Teatro Romano,strategy_nearest,True,0.003319978713989258,success
04B1B93A9C4C80,3,"['Arena', 'Casa Giulietta', 'Torre Lamberti']",Santa Anastasia,"['AMO', 'Museo Conte', 'Palazzo della Ragione', 'Teatro Romano', 'Centro Fotografia']",Duomo,strategy_nearest,False,0.0031311511993408203,success
04B1CC429C4C80,3,"['Santa Anastasia', 'Duomo']",Arena,"['Verona Tour', 'Museo Lapidario', 'Museo Radio', 'San Fermo', 'Casa Giulietta']",Torre Lamberti,strategy_nearest,False,0.0031266212463378906,success
04B1DB429C4C80,3,"['Arena', 'Castelvecchio']",Duomo,"['AMO', 'Museo Miniscalchi', 'Santa Anastasia', 'Teatro Romano', 'Palazzo della Ragione']",Teatro Romano,strategy_nearest,True,0.0021750926971435547,success
04B1E43A9C4C80,3,"['Casa Giulietta', 'Museo Storia', 'Castelvecchio']",Arena,"['Verona Tour', 'Museo Lapidario', 'Museo Radio', 'San Fermo', 'Sighseeing']",Torre Lamberti,strategy_nearest,False,0.002377033233642578,success
04B1D63A9C4C80,1,"['Arena', 'Museo Lapidario', 'Castelvecchio', 'Duomo']",San Zeno,"['Verona Tour', 'Museo Miniscalchi', 'Sighseeing', 'Museo Radio', 'Torre Lamberti']",San Fermo,strategy_nearest,False,0.003216266632080078,success
04B1E4429C4C80,1,"['Arena', 'Casa Giulietta', 'Santa Anastasia']",Duomo,"['AMO', 'Museo Miniscalchi', 'Teatro Romano', 'Palazzo della Ragione', 'Museo Conte']",Torre Lamberti,strategy_nearest,False,0.0035059452056884766,success
04B1ED429C4C80,1,"['Museo Lapidario', 'Castelvecchio', 'Arena']",San Fermo,"['Museo Storia', 'Museo Radio', 'Casa Giulietta', 'Centro Fotografia', 'Sighseeing']",Torre Lamberti,strategy_nearest,False,0.003276824951171875,success
04B1EA4A9C4C80,3,"['Arena', 'Casa Giulietta']",Santa Anastasia,"['AMO', 'Museo Conte', 'Palazzo della Ragione', 'Teatro Romano', 'Centro Fotografia']",Duomo,strategy_nearest,False,0.0019919872283935547,success
04B1E9429C4C80,2,"['Teatro Romano', 'Santa Anastasia', 'San Zeno']",Casa Giulietta,"['Centro Fotografia', 'Sighseeing', 'Torre Lamberti', 'Museo Conte', 'Museo Radio']",Duomo,strategy_nearest,False,0.003874063491821289,success
04B1EF4A9C4C80,1,"['Arena', 'San Fermo', 'Casa Giulietta']",Torre Lamberti,"['Sighseeing', 'Centro Fotografia', 'Museo Conte', 'Palazzo della Ragione', 'AMO']",Palazzo della Ragione,strategy_nearest,True,0.0016558170318603516,success
04B1F1429C4C80,3,"['Arena', 'Torre Lamberti']",Santa Anastasia,"['AMO', 'Museo Conte', 'Palazzo della Ragione', 'Teatro Romano', 'Centro Fotografia']",Duomo,strategy_nearest,False,0.0018286705017089844,success
04B1F04A9C4C80,1,['Arena'],Palazzo della Ragione,"['AMO', 'Museo Conte', 'Torre Lamberti', 'Centro Fotografia', 'Sighseeing']",Torre Lamberti,strategy_nearest,True,0.0027298927307128906,success
04B1F54A9C4C80,3,"['Arena', 'San Fermo']",Santa Anastasia,"['AMO', 'Museo Conte', 'Palazzo della Ragione', 'Teatro Romano', 'Centro Fotografia']",Casa Giulietta,strategy_nearest,False,0.0031499862670898438,success
04B1F7429C4C80,1,"['Casa Giulietta', 'Palazzo della Ragione', 'Arena']",Castelvecchio,"['Museo Lapidario', 'Verona Tour', 'Museo Radio', 'San Zeno', 'Sighseeing']",Torre Lamberti,strategy_nearest,False,0.0038390159606933594,success
04B1F83A9C4C80,2,['Casa Giulietta'],Santa Anastasia,"['AMO', 'Museo Conte', 'Palazzo della Ragione', 'Teatro Romano', 'Centro Fotografia']",Tomba Giulietta,strategy_nearest,False,0.0017898082733154297,success
04B1FB429C4C80,1,"['Arena', 'Castelvecchio']",Casa Giulietta,"['Centro Fotografia', 'Sighseeing', 'Torre Lamberti', 'Museo Conte', 'Museo Radio']",Palazzo della Ragione,strategy_nearest,False,0.0032858848571777344,success
04B1FB4A9C4C80,3,"['Arena', 'Castelvecchio', 'Casa Giulietta']",Teatro Romano,"['Santa Anastasia', 'Duomo', 'AMO', 'Palazzo della Ragione', 'Museo Conte']",Santa Anastasia,strategy_nearest,True,0.0035860538482666016,success
04B1FC429C4C80,1,"['Arena', 'Torre Lamberti', 'Palazzo della Ragione', 'Santa Anastasia']",Duomo,"['AMO', 'Museo Miniscalchi', 'Teatro Romano', 'Museo Conte', 'Centro Fotografia']",Teatro Romano,strategy_nearest,True,0.002892017364501953,success
04B2024A9C4C84,0,['Arena'],Casa Giulietta,"['Centro Fotografia', 'Sighseeing', 'Torre Lamberti', 'Museo Conte', 'Museo Radio']",Tomba Giulietta,strategy_nearest,False,0.002489805221557617,success
04B1FD4A9C4C80,1,"['Palazzo della Ragione', 'Torre Lamberti', 'Casa Giulietta']",Arena,"['Verona Tour', 'Museo Lapidario', 'Museo Radio', 'San Fermo', 'Sighseeing']",Castelvecchio,strategy_nearest,False,0.003982067108154297,success
04B2044A9C4C84,0,['Arena'],Casa Giulietta,"['Centro Fotografia', 'Sighseeing', 'Torre Lamberti', 'Museo Conte', 'Museo Radio']",Torre Lamberti,strategy_nearest,True,0.0030388832092285156,success
04B20A4A9C4C84,1,"['Arena', 'Castelvecchio']",Palazzo della Ragione,"['AMO', 'Museo Conte', 'Torre Lamberti', 'Centro Fotografia', 'Sighseeing']",Torre Lamberti,strategy_nearest,True,0.002763986587524414,success
04B2113A9C4C80,0,['Arena'],Casa Giulietta,"['Centro Fotografia', 'Sighseeing', 'Torre Lamberti', 'Museo Conte', 'Museo Radio']",Castelvecchio,strategy_nearest,False,0.0031058788299560547,success
04B20C4A9C4C80,3,"['Teatro Romano', 'Casa Giulietta', 'Duomo']",Castelvecchio,"['Museo Lapidario', 'Verona Tour', 'Arena', 'Museo Radio', 'San Zeno']",Arena,strategy_nearest,True,0.002663850784301758,success
04B20C429C4C84,2,"['Teatro Romano', 'Casa Giulietta']",Torre Lamberti,"['Sighseeing', 'Centro Fotografia', 'Museo Conte', 'Palazzo della Ragione', 'AMO']",Castelvecchio,strategy_nearest,False,0.00275421142578125,success
04B21D429C4C84,3,['Arena'],Casa Giulietta,"['Centro Fotografia', 'Sighseeing', 'Torre Lamberti', 'Museo Conte', 'Museo Radio']",Santa Anastasia,strategy_nearest,False,0.0027599334716796875,success
04B21F429C4C84,0,['Arena'],Castelvecchio,"['Museo Lapidario', 'Verona Tour', 'Museo Radio', 'San Zeno', 'Sighseeing']",Casa Giulietta,strategy_nearest,False,0.0015480518341064453,success
04B217429C4C80,2,['Casa Giulietta'],Tomba Giulietta,"['San Fermo', 'Museo Storia', 'Arena', 'Museo Lapidario', 'Museo Radio']",Teatro Romano,strategy_nearest,False,0.0021958351135253906,success
04B2124A9C4C84,0,['Arena'],Casa Giulietta,"['Centro Fotografia', 'Sighseeing', 'Torre Lamberti', 'Museo Conte', 'Museo Radio']",San Zeno,strategy_nearest,False,0.00339508056640625,success
04B221429C4C84,3,"['Arena', 'San Zeno']",Casa Giulietta,"['Centro Fotografia', 'Sighseeing', 'Torre Lamberti', 'Museo Conte', 'Museo Radio']",Torre Lamberti,strategy_nearest,True,0.0034551620483398438,success
04B2203A9C4C80,0,['Arena'],Santa Anastasia,"['AMO', 'Museo Conte', 'Palazzo della Ragione', 'Teatro Romano', 'Centro Fotografia']",Casa Giulietta,strategy_nearest,False,0.0023169517517089844,success
04B224429C4C84,3,"['Santa Anastasia', 'Duomo', 'San Zeno']",Castelvecchio,"['Museo Lapidario', 'Verona Tour', 'Arena', 'Museo Radio', 'Sighseeing']",Arena,strategy_nearest,True,0.001561880111694336,success
04B2214A9C4C80,0,['Arena'],Casa Giulietta,"['Centro Fotografia', 'Sighseeing', 'Torre Lamberti', 'Museo Conte', 'Museo Radio']",Tomba Giulietta,strategy_nearest,False,0.002870798110961914,success
04B273429C4C80,0,['Arena'],Casa Giulietta,"['Centro Fotografia', 'Sighseeing', 'Torre Lamberti', 'Museo Conte', 'Museo Radio']",Duomo,strategy_nearest,False,0.002048969268798828,success
04B226429C4C84,3,"['Teatro Romano', 'Santa Anastasia', 'Duomo']",Torre Lamberti,"['Sighseeing', 'Centro Fotografia', 'Museo Conte', 'Casa Giulietta', 'Palazzo della Ragione']",Casa Giulietta,strategy_nearest,True,0.002892017364501953,success
04B2253A9C4C84,0,['Duomo'],Castelvecchio,"['Museo Lapidario', 'Verona Tour', 'Arena', 'Museo Radio', 'San Zeno']",Arena,strategy_nearest,True,0.0015099048614501953,success
04B274429C4C80,1,"['Castelvecchio', 'Casa Giulietta']",Arena,"['Verona Tour', 'Museo Lapidario', 'Museo Radio', 'San Fermo', 'Sighseeing']",Torre Lamberti,strategy_nearest,False,0.0032503604888916016,success
04B27B4A9C4C80,0,"['Casa Giulietta', 'Giardino Giusti']",Torre Lamberti,"['Sighseeing', 'Centro Fotografia', 'Museo Conte', 'Palazzo della Ragione', 'AMO']",Arena,strategy_nearest,False,0.0028929710388183594,success
04B2833A9C4C80,0,['Arena'],Casa Giulietta,"['Centro Fotografia', 'Sighseeing', 'Torre Lamberti', 'Museo Conte', 'Museo Radio']",Teatro Romano,strategy_nearest,False,0.002192258834838867,success
04B27F3A9C4C80,1,"['San Zeno', 'Santa Anastasia']",Palazzo della Ragione,"['AMO', 'Museo Conte', 'Torre Lamberti', 'Centro Fotografia', 'Sighseeing']",Torre Lamberti,strategy_nearest,True,0.0028281211853027344,success
04B284429C4C80,0,['Arena'],Casa Giulietta,"['Centro Fotografia', 'Sighseeing', 'Torre Lamberti', 'Museo Conte', 'Museo Radio']",Torre Lamberti,strategy_nearest,True,0.00345611572265625,success
04B28A4A9C4C80,1,"['Arena', 'Casa Giulietta']",Torre Lamberti,"['Sighseeing', 'Centro Fotografia', 'Museo Conte', 'Palazzo della Ragione', 'AMO']",Palazzo della Ragione,strategy_nearest,True,0.0021011829376220703,success
04B28B429C4C80,1,"['Arena', 'Casa Giulietta', 'Santa Anastasia', 'Duomo']",Torre Lamberti,"['Sighseeing', 'Centro Fotografia', 'Museo Conte', 'Palazzo della Ragione', 'AMO']",Palazzo della Ragione,strategy_nearest,True,0.004017829895019531,success
04B2964A9C4C80,2,['Casa Giulietta'],Santa Anastasia,"['AMO', 'Museo Conte', 'Palazzo della Ragione', 'Teatro Romano', 'Centro Fotografia']",Duomo,strategy_nearest,False,0.0026712417602539062,success
04B2984A9C4C80,2,['Casa Giulietta'],Santa Anastasia,"['AMO', 'Museo Conte', 'Palazzo della Ragione', 'Teatro Romano', 'Centro Fotografia']",Castelvecchio,strategy_nearest,False,0.002624034881591797,success
04B2AC429C4C80,0,['Arena'],Casa Giulietta,"['Centro Fotografia', 'Sighseeing', 'Torre Lamberti', 'Museo Conte', 'Museo Radio']",Castelvecchio,strategy_nearest,False,0.003165006637573242,success
04B2A73A9C4C80,3,"['Arena', 'Casa Giulietta']",Torre Lamberti,"['Sighseeing', 'Centro Fotografia', 'Museo Conte', 'Palazzo della Ragione', 'AMO']",Santa Anastasia,strategy_nearest,False,0.0026907920837402344,success
04B2A0429C4C80,1,"['Castelvecchio', 'Arena', 'Tomba Giulietta']",Casa Giulietta,"['Centro Fotografia', 'Sighseeing', 'Torre Lamberti', 'Museo Conte', 'Museo Radio']",Palazzo della Ragione,strategy_nearest,False,0.0026650428771972656,success
04B2A5429C4C80,1,"['Arena', 'Palazzo della Ragione']",Torre Lamberti,"['Sighseeing', 'Centro Fotografia', 'Museo Conte', 'Casa Giulietta', 'AMO']",Duomo,strategy_nearest,False,0.002115964889526367,success
04B2B93A9C4C80,0,['Torre Lamberti'],Duomo,"['AMO', 'Museo Miniscalchi', 'Santa Anastasia', 'Teatro Romano', 'Palazzo della Ragione']",Arena,strategy_nearest,False,0.002722024917602539,success
04B2AE4A9C4C80,0,['Arena'],Castelvecchio,"['Museo Lapidario', 'Verona Tour', 'Museo Radio', 'San Zeno', 'Sighseeing']",Teatro Romano,strategy_nearest,False,0.0021996498107910156,success
04B2B44A9C4C80,3,"['Arena', 'Casa Giulietta']",Santa Anastasia,"['AMO', 'Museo Conte', 'Palazzo della Ragione', 'Teatro Romano', 'Centro Fotografia']",Duomo,strategy_nearest,False,0.0034258365631103516,success
04B2B94A9C4C80,0,['Teatro Romano'],Casa Giulietta,"['Centro Fotografia', 'Sighseeing', 'Torre Lamberti', 'Museo Conte', 'Museo Radio']",Arena,strategy_nearest,False,0.0013949871063232422,success
04B2BE3A9C4C80,3,"['Arena', 'Castelvecchio']",Casa Giulietta,"['Centro Fotografia', 'Sighseeing', 'Torre Lamberti', 'Museo Conte', 'Museo Radio']",Torre Lamberti,strategy_nearest,True,0.0019719600677490234,success
04B2C9429C4C80,0,['Casa Giulietta'],Santa Anastasia,"['AMO', 'Museo Conte', 'Palazzo della Ragione', 'Teatro Romano', 'Centro Fotografia']",Arena,strategy_nearest,False,0.0027132034301757812,success
04B2CF3A9C4C80,3,['Santa Anastasia'],Casa Giulietta,"['Centro Fotografia', 'Sighseeing', 'Torre Lamberti', 'Museo Conte', 'Museo Radio']",Torre Lamberti,strategy_nearest,True,0.003201007843017578,success
04B2CC3A9C4C80,0,['Castelvecchio'],Torre Lamberti,"['Sighseeing', 'Centro Fotografia', 'Museo Conte', 'Casa Giulietta', 'Palazzo della Ragione']",Casa Giulietta,strategy_nearest,True,0.002626657485961914,success
04B2DC429C4C80,1,"['Arena', 'Casa Giulietta']",Teatro Romano,"['Santa Anastasia', 'Duomo', 'AMO', 'Palazzo della Ragione', 'Museo Conte']",Santa Anastasia,strategy_nearest,True,0.00145721435546875,success
04B2DF429C4C80,3,"['Arena', 'Duomo', 'Santa Anastasia']",Torre Lamberti,"['Sighseeing', 'Centro Fotografia', 'Museo Conte', 'Casa Giulietta', 'Palazzo della Ragione']",San Zeno,strategy_nearest,False,0.002578258514404297,success
04B2D8429C4C80,0,['Arena'],Casa Giulietta,"['Centro Fotografia', 'Sighseeing', 'Torre Lamberti', 'Museo Conte', 'Museo Radio']",Castelvecchio,strategy_nearest,False,0.003548860549926758,success
04B2D23A9C4C80,2,['Castelvecchio'],Casa Giulietta,"['Centro Fotografia', 'Sighseeing', 'Torre Lamberti', 'Museo Conte', 'Museo Radio']",Tomba Giulietta,strategy_nearest,False,0.0034842491149902344,success
04B2E03A9C4C80,1,['Casa Giulietta'],Arena,"['Verona Tour', 'Museo Lapidario', 'Museo Radio', 'San Fermo', 'Sighseeing']",Palazzo della Ragione,strategy_nearest,False,0.0016210079193115234,success
04B2E33A9C4C80,0,['Arena'],Casa Giulietta,"['Centro Fotografia', 'Sighseeing', 'Torre Lamberti', 'Museo Conte', 'Museo Radio']",Palazzo della Ragione,strategy_nearest,False,0.002707958221435547,success
04B2E93A9C4C80,3,"['Castelvecchio', 'Arena']",Casa Giulietta,"['Centro Fotografia', 'Sighseeing', 'Torre Lamberti', 'Museo Conte', 'Museo Radio']",Torre Lamberti,strategy_nearest,True,0.002490997314453125,success
04B2E4429C4C80,0,['Castelvecchio'],Arena,"['Verona Tour', 'Museo Lapidario', 'Museo Radio', 'San Fermo', 'Casa Giulietta']",Teatro Romano,strategy_nearest,False,0.002782106399536133,success
04B2EB3A9C4C80,3,"['Arena', 'Casa Giulietta']",Torre Lamberti,"['Sighseeing', 'Centro Fotografia', 'Museo Conte', 'Palazzo della Ragione', 'AMO']",Castelvecchio,strategy_nearest,False,0.0030579566955566406,success
04B2EF4A9C4C80,0,['Arena'],Casa Giulietta,"['Centro Fotografia', 'Sighseeing', 'Torre Lamberti', 'Museo Conte', 'Museo Radio']",Castelvecchio,strategy_nearest,False,0.00222015380859375,success
04B2F6429C4C80,1,"['Arena', 'Casa Giulietta', 'Palazzo della Ragione']",Torre Lamberti,"['Sighseeing', 'Centro Fotografia', 'Museo Conte', 'AMO', 'Museo Miniscalchi']",Tomba Giulietta,strategy_nearest,False,0.003162860870361328,success
04B2F34A9C4C80,0,['Arena'],Tomba Giulietta,"['San Fermo', 'Museo Storia', 'Museo Lapidario', 'Museo Radio', 'Verona Tour']",San Fermo,strategy_nearest,True,0.002595186233520508,success
04B2F7429C4C80,3,"['San Fermo', 'Arena', 'Castelvecchio', 'San Zeno', 'Duomo']",Teatro Romano,"['Santa Anastasia', 'AMO', 'Palazzo della Ragione', 'Museo Conte', 'Centro Fotografia']",Giardino Giusti,strategy_nearest,False,0.002752065658569336,success
04B2FD4A9C4C80,3,"['Arena', 'Casa Giulietta', 'Torre Lamberti']",Santa Anastasia,"['AMO', 'Museo Conte', 'Palazzo della Ragione', 'Teatro Romano', 'Centro Fotografia']",Duomo,strategy_nearest,False,0.003289937973022461,success
04B3074A9C4C80,3,"['Arena', 'Casa Giulietta', 'Torre Lamberti']",Santa Anastasia,"['AMO', 'Museo Conte', 'Palazzo della Ragione', 'Teatro Romano', 'Centro Fotografia']",Duomo,strategy_nearest,False,0.002694845199584961,success
04B30A429C4C84,3,"['Arena', 'Casa Giulietta']",Torre Lamberti,"['Sighseeing', 'Centro Fotografia', 'Museo Conte', 'Palazzo della Ragione', 'AMO']",Santa Anastasia,strategy_nearest,False,0.0030350685119628906,success
04B30C4A9C4C84,3,"['Castelvecchio', 'Teatro Romano']",Arena,"['Verona Tour', 'Museo Lapidario', 'Museo Radio', 'San Fermo', 'Casa Giulietta']",Torre Lamberti,strategy_nearest,False,0.003345012664794922,success
04B30F3A9C4C80,0,['Arena'],Casa Giulietta,"['Centro Fotografia', 'Sighseeing', 'Torre Lamberti', 'Museo Conte', 'Museo Radio']",Torre Lamberti,strategy_nearest,True,0.002489805221557617,success
04B30B4A9C4C84,0,['Arena'],Casa Giulietta,"['Centro Fotografia', 'Sighseeing', 'Torre Lamberti', 'Museo Conte', 'Museo Radio']",Tomba Giulietta,strategy_nearest,False,0.0029900074005126953,success
04B3113A9C4C80,4,"['Arena', 'Museo Lapidario', 'Castelvecchio', 'Palazzo della Ragione']",Torre Lamberti,"['Sighseeing', 'Centro Fotografia', 'Museo Conte', 'Casa Giulietta', 'AMO']",Casa Giulietta,strategy_nearest,True,0.0032508373260498047,success
04B3143A9C4C80,3,"['Casa Giulietta', 'Santa Anastasia']",Duomo,"['AMO', 'Museo Miniscalchi', 'Teatro Romano', 'Palazzo della Ragione', 'Museo Conte']",Teatro Romano,strategy_nearest,True,0.0016739368438720703,success
04B3183A9C4C80,0,['Arena'],Casa Giulietta,"['Centro Fotografia', 'Sighseeing', 'Torre Lamberti', 'Museo Conte', 'Museo Radio']",Castelvecchio,strategy_nearest,False,0.002753019332885742,success
04B318429C4C80,0,['Casa Giulietta'],Arena,"['Verona Tour', 'Museo Lapidario', 'Museo Radio', 'San Fermo', 'Sighseeing']",Castelvecchio,strategy_nearest,False,0.0035619735717773438,success
04B324429C4C84,1,"['Santa Anastasia', 'Duomo', 'Arena']",Castelvecchio,"['Museo Lapidario', 'Verona Tour', 'Museo Radio', 'San Zeno', 'Sighseeing']",Casa Giulietta,strategy_nearest,False,0.0029420852661132812,success
04B31D429C4C84,0,['Castelvecchio'],Arena,"['Verona Tour', 'Museo Lapidario', 'Museo Radio', 'San Fermo', 'Casa Giulietta']",Casa Giulietta,strategy_nearest,True,0.0033690929412841797,success
04B32D3A9C4C80,0,['Castelvecchio'],Casa Giulietta,"['Centro Fotografia', 'Sighseeing', 'Torre Lamberti', 'Museo Conte', 'Museo Radio']",Torre Lamberti,strategy_nearest,True,0.0031061172485351562,success
04B3353A9C4C80,3,"['Casa Giulietta', 'Santa Anastasia']",Castelvecchio,"['Museo Lapidario', 'Verona Tour', 'Arena', 'Museo Radio', 'San Zeno']",Arena,strategy_nearest,True,0.002958059310913086,success
04B34E429C4C80,0,"['Duomo', 'Castelvecchio']",Museo Storia,"['San Fermo', 'Museo Radio', 'Casa Giulietta', 'Centro Fotografia', 'Tomba Giulietta']",Casa Giulietta,strategy_nearest,True,0.0031499862670898438,success
04B3413A9C4C80,2,"['San Zeno', 'San Fermo', 'Casa Giulietta', 'Torre Lamberti']",Castelvecchio,"['Museo Lapidario', 'Verona Tour', 'Arena', 'Museo Radio', 'Sighseeing']",Duomo,strategy_nearest,False,0.003577709197998047,success
04B34C4A9C4C80,3,['Arena'],Santa Anastasia,"['AMO', 'Museo Conte', 'Palazzo della Ragione', 'Teatro Romano', 'Centro Fotografia']",Duomo,strategy_nearest,False,0.0019598007202148438,success
04B3543A9C4C80,2,"['Torre Lamberti', 'Casa Giulietta']",Santa Anastasia,"['AMO', 'Museo Conte', 'Palazzo della Ragione', 'Teatro Romano', 'Centro Fotografia']",Duomo,strategy_nearest,False,0.0030350685119628906,success
04B3643A9C4C80,1,"['Castelvecchio', 'Arena']",Casa Giulietta,"['Centro Fotografia', 'Sighseeing', 'Torre Lamberti', 'Museo Conte', 'Museo Radio']",Torre Lamberti,strategy_nearest,True,0.002022981643676758,success
04B3663A9C4C80,0,"['Castelvecchio', 'Duomo']",Casa Giulietta,"['Centro Fotografia', 'Sighseeing', 'Torre Lamberti', 'Museo Conte', 'Museo Radio']",San Fermo,strategy_nearest,False,0.002602100372314453,success
04B36B429C4C80,0,['Arena'],Castelvecchio,"['Museo Lapidario', 'Verona Tour', 'Museo Radio', 'San Zeno', 'Sighseeing']",Casa Giulietta,strategy_nearest,False,0.0027320384979248047,success
04B36C3A9C4C80,3,"['Castelvecchio', 'Arena', 'Casa Giulietta']",Tomba Giulietta,"['San Fermo', 'Museo Storia', 'Museo Lapidario', 'Museo Radio', 'Verona Tour']",Teatro Romano,strategy_nearest,False,0.0033190250396728516,success
04B37A4A9C4C80,0,"['Teatro Romano', 'Torre Lamberti']",Casa Giulietta,"['Centro Fotografia', 'Sighseeing', 'Museo Conte', 'Museo Radio', 'Palazzo della Ragione']",Castelvecchio,strategy_nearest,False,0.002191305160522461,success
04B38D4A9C4C80,1,"['Arena', 'Torre Lamberti']",Palazzo della Ragione,"['AMO', 'Museo Conte', 'Centro Fotografia', 'Sighseeing', 'Santa Anastasia']",Castelvecchio,strategy_nearest,False,0.0031561851501464844,success
04B3894A9C4C80,3,"['Arena', 'Casa Giulietta']",Torre Lamberti,"['Sighseeing', 'Centro Fotografia', 'Museo Conte', 'Palazzo della Ragione', 'AMO']",Santa Anastasia,strategy_nearest,False,0.002643108367919922,success
04B38E4A9C4C80,0,['Castelvecchio'],Arena,"['Verona Tour', 'Museo Lapidario', 'Museo Radio', 'San Fermo', 'Casa Giulietta']",Casa Giulietta,strategy_nearest,True,0.0033080577850341797,success
04B3904A9C4C80,2,"['Castelvecchio', 'San Zeno']",Santa Anastasia,"['AMO', 'Museo Conte', 'Palazzo della Ragione', 'Teatro Romano', 'Centro Fotografia']",Casa Giulietta,strategy_nearest,False,0.003098726272583008,success
04B3A24A9C4C80,3,"['Castelvecchio', 'Duomo', 'Santa Anastasia']",Torre Lamberti,"['Sighseeing', 'Centro Fotografia', 'Museo Conte', 'Casa Giulietta', 'Palazzo della Ragione']",Casa Giulietta,strategy_nearest,True,0.0025959014892578125,success
04B3A64A9C4C80,1,"['Castelvecchio', 'Arena']",Casa Giulietta,"['Centro Fotografia', 'Sighseeing', 'Torre Lamberti', 'Museo Conte', 'Museo Radio']",Palazzo della Ragione,strategy_nearest,False,0.0030210018157958984,success
04B3AE4A9C4C80,3,"['Arena', 'Castelvecchio']",Duomo,"['AMO', 'Museo Miniscalchi', 'Santa Anastasia', 'Teatro Romano', 'Palazzo della Ragione']",Santa Anastasia,strategy_nearest,True,0.0026450157165527344,success
04B3B44A9C4C80,4,"['Tomba Giulietta', 'Museo Radio']",Arena,"['Verona Tour', 'Museo Lapidario', 'San Fermo', 'Casa Giulietta', 'Sighseeing']",Castelvecchio,strategy_nearest,False,0.0031740665435791016,success
04B3B14A9C4C80,0,['Casa Giulietta'],Castelvecchio,"['Museo Lapidario', 'Verona Tour', 'Arena', 'Museo Radio', 'San Zeno']",Arena,strategy_nearest,True,0.0017991065979003906,success
04B3B94A9C4C80,1,"['Arena', 'Torre Lamberti']",Palazzo della Ragione,"['AMO', 'Museo Conte', 'Centro Fotografia', 'Sighseeing', 'Santa Anastasia']",Castelvecchio,strategy_nearest,False,0.0030121803283691406,success
04B3C03A9C4C80,0,"['Arena', 'Casa Giulietta']",Castelvecchio,"['Museo Lapidario', 'Verona Tour', 'Museo Radio', 'San Zeno', 'Sighseeing']",Torre Lamberti,strategy_nearest,False,0.0025610923767089844,success
04B3C0429C4C80,3,"['Torre Lamberti', 'Santa Anastasia']",Duomo,"['AMO', 'Museo Miniscalchi', 'Teatro Romano', 'Palazzo della Ragione', 'Museo Conte']",Casa Giulietta,strategy_nearest,False,0.0024259090423583984,success
04B3C84A9C4C80,3,"['Arena', 'Museo Lapidario']",Castelvecchio,"['Verona Tour', 'Museo Radio', 'San Zeno', 'Sighseeing', 'Museo Miniscalchi']",Casa Giulietta,strategy_nearest,False,0.0023500919342041016,success
04B3C54A9C4C80,3,"['Arena', 'Castelvecchio']",Santa Anastasia,"['AMO', 'Museo Conte', 'Palazzo della Ragione', 'Teatro Romano', 'Centro Fotografia']",Duomo,strategy_nearest,False,0.003256082534790039,success
04B3D8429C4C80,0,['Arena'],Casa Giulietta,"['Centro Fotografia', 'Sighseeing', 'Torre Lamberti', 'Museo Conte', 'Museo Radio']",Castelvecchio,strategy_nearest,False,0.002444744110107422,success
04B3D14A9C4C80,1,"['Arena', 'Casa Giulietta']",Palazzo della Ragione,"['AMO', 'Museo Conte', 'Torre Lamberti', 'Centro Fotografia', 'Sighseeing']",Torre Lamberti,strategy_nearest,True,0.004096031188964844,success
04B3E1429C4C80,3,"['Castelvecchio', 'Arena']",Casa Giulietta,"['Centro Fotografia', 'Sighseeing', 'Torre Lamberti', 'Museo Conte', 'Museo Radio']",Torre Lamberti,strategy_nearest,True,0.003030061721801758,success
04B3F24A9C4C80,3,"['Arena', 'Museo Lapidario', 'Castelvecchio']",Casa Giulietta,"['Centro Fotografia', 'Sighseeing', 'Torre Lamberti', 'Museo Conte', 'Museo Radio']",Torre Lamberti,strategy_nearest,True,0.002008676528930664,success
04B3F14A9C4C80,0,['Arena'],Castelvecchio,"['Museo Lapidario', 'Verona Tour', 'Museo Radio', 'San Zeno', 'Sighseeing']",Casa Giulietta,strategy_nearest,False,0.0015621185302734375,success
04B3E3429C4C80,3,"['Arena', 'Casa Giulietta', 'Torre Lamberti', 'Santa Anastasia']",Tomba Giulietta,"['San Fermo', 'Museo Storia', 'Museo Lapidario', 'Museo Radio', 'Verona Tour']",Castelvecchio,strategy_nearest,False,0.004670143127441406,success
04B3E4429C4C80,3,['Arena'],Santa Anastasia,"['AMO', 'Museo Conte', 'Palazzo della Ragione', 'Teatro Romano', 'Centro Fotografia']",Teatro Romano,strategy_nearest,True,0.003445148468017578,success
04B3F34A9C4C80,2,['Casa Giulietta'],Duomo,"['AMO', 'Museo Miniscalchi', 'Santa Anastasia', 'Teatro Romano', 'Palazzo della Ragione']",Castelvecchio,strategy_nearest,False,0.002454996109008789,success
04B3F94A9C4C80,0,['Arena'],Casa Giulietta,"['Centro Fotografia', 'Sighseeing', 'Torre Lamberti', 'Museo Conte', 'Museo Radio']",Torre Lamberti,strategy_nearest,True,0.0027871131896972656,success
04B3FC3A9C4C80,0,"['Castelvecchio', 'Arena']",Torre Lamberti,"['Sighseeing', 'Centro Fotografia', 'Museo Conte', 'Casa Giulietta', 'Palazzo della Ragione']",Casa Giulietta,strategy_nearest,True,0.0033369064331054688,success
04B3F74A9C4C80,0,['Torre Lamberti'],San Zeno,"['Castelvecchio', 'Verona Tour', 'Museo Lapidario', 'Arena', 'Museo Miniscalchi']",Arena,strategy_nearest,True,0.0028297901153564453,success
04B3FC429C4C80,3,"['Castelvecchio', 'San Zeno']",Teatro Romano,"['Santa Anastasia', 'Duomo', 'AMO', 'Palazzo della Ragione', 'Museo Conte']",Santa Anastasia,strategy_nearest,True,0.0019240379333496094,success
04B40A4A9C4C84,3,"['Arena', 'Castelvecchio']",Duomo,"['AMO', 'Museo Miniscalchi', 'Santa Anastasia', 'Teatro Romano', 'Palazzo della Ragione']",Teatro Romano,strategy_nearest,True,0.0026781558990478516,success
04B4074A9C4C80,0,['Arena'],Teatro Romano,"['Santa Anastasia', 'Duomo', 'AMO', 'Palazzo della Ragione', 'Museo Conte']",Tomba Giulietta,strategy_nearest,False,0.0020918846130371094,success
04B406429C4C84,0,"['Castelvecchio', 'Torre Lamberti']",Casa Giulietta,"['Centro Fotografia', 'Sighseeing', 'Museo Conte', 'Museo Radio', 'Palazzo della Ragione']",Arena,strategy_nearest,False,0.003995180130004883,success
04B40B4A9C4C84,1,"['Arena', 'Casa Giulietta']",Torre Lamberti,"['Sighseeing', 'Centro Fotografia', 'Museo Conte', 'Palazzo della Ragione', 'AMO']",Palazzo della Ragione,strategy_nearest,True,0.003117084503173828,success
04B40C4A9C4C80,3,"['Teatro Romano', 'Santa Anastasia', 'San Fermo']",Casa Giulietta,"['Centro Fotografia', 'Sighseeing', 'Torre Lamberti', 'Museo Conte', 'Museo Radio']",Arena,strategy_nearest,False,0.0021071434020996094,success
04B413429C4C84,1,"['Arena', 'Casa Giulietta', 'Palazzo della Ragione', 'Torre Lamberti']",Santa Anastasia,"['AMO', 'Museo Conte', 'Teatro Romano', 'Centro Fotografia', 'Duomo']",Tomba Giulietta,strategy_nearest,False,0.0032362937927246094,success
04B4114A9C4C80,2,"['Torre Lamberti', 'Teatro Romano']",Casa Giulietta,"['Centro Fotografia', 'Sighseeing', 'Museo Conte', 'Museo Radio', 'Palazzo della Ragione']",Giardino Giusti,strategy_nearest,False,0.0026731491088867188,success
04B41C429C4C84,1,"['Palazzo della Ragione', 'Casa Giulietta']",Arena,"['Verona Tour', 'Museo Lapidario', 'Museo Radio', 'San Fermo', 'Sighseeing']",Tomba Giulietta,strategy_nearest,False,0.0021278858184814453,success
04B417429C4C84,3,"['San Fermo', 'Arena']",Castelvecchio,"['Museo Lapidario', 'Verona Tour', 'Museo Radio', 'San Zeno', 'Sighseeing']",San Zeno,strategy_nearest,True,0.004669904708862305,success
04B41C4A9C4C80,2,"['Casa Giulietta', 'San Fermo']",Santa Anastasia,"['AMO', 'Museo Conte', 'Palazzo della Ragione', 'Teatro Romano', 'Centro Fotografia']",Torre Lamberti,strategy_nearest,False,0.0015180110931396484,success
04B4184A9C4C80,1,"['Casa Giulietta', 'Arena', 'Castelvecchio']",San Fermo,"['Museo Storia', 'Museo Radio', 'Centro Fotografia', 'Sighseeing', 'Torre Lamberti']",Palazzo della Ragione,strategy_nearest,False,0.003564119338989258,success
04B41E429C4C84,3,"['Arena', 'Casa Giulietta']",Torre Lamberti,"['Sighseeing', 'Centro Fotografia', 'Museo Conte', 'Palazzo della Ragione', 'AMO']",Santa Anastasia,strategy_nearest,False,0.003390073776245117,success
04B4233A9C4C84,3,['Castelvecchio'],Torre Lamberti,"['Sighseeing', 'Centro Fotografia', 'Museo Conte', 'Casa Giulietta', 'Palazzo della Ragione']",Santa Anastasia,strategy_nearest,False,0.0033261775970458984,success
04B4273A9C4C84,0,"['Arena', 'Casa Giulietta']",Torre Lamberti,"['Sighseeing', 'Centro Fotografia', 'Museo Conte', 'Palazzo della Ragione', 'AMO']",Castelvecchio,strategy_nearest,False,0.0012590885162353516,success
04B42D3A9C4C80,3,"['Arena', 'Museo Lapidario']",Duomo,"['AMO', 'Museo Miniscalchi', 'Santa Anastasia', 'Teatro Romano', 'Palazzo della Ragione']",Teatro Romano,strategy_nearest,True,0.0033311843872070312,success
04B42E3A9C4C80,0,['Arena'],Tomba Giulietta,"['San Fermo', 'Museo Storia', 'Museo Lapidario', 'Museo Radio', 'Verona Tour']",Duomo,strategy_nearest,False,0.002263784408569336,success
04B4653A9C4C80,1,"['Castelvecchio', 'Casa Giulietta', 'Arena', 'Palazzo della Ragione']",Museo Lapidario,"['Verona Tour', 'Museo Radio', 'San Fermo', 'Tomba Giulietta', 'Sighseeing']",San Fermo,strategy_nearest,True,0.0024073123931884766,success
04B430429C4C80,0,['Castelvecchio'],Teatro Romano,"['Santa Anastasia', 'Duomo', 'AMO', 'Palazzo della Ragione', 'Museo Conte']",Arena,strategy_nearest,False,0.003961801528930664,success
04B441429C4C80,0,['Tomba Giulietta'],Arena,"['Verona Tour', 'Museo Lapidario', 'Museo Radio', 'San Fermo', 'Casa Giulietta']",Castelvecchio,strategy_nearest,False,0.0026102066040039062,success
04B46B429C4C80,3,"['Arena', 'Casa Giulietta']",Santa Anastasia,"['AMO', 'Museo Conte', 'Palazzo della Ragione', 'Teatro Romano', 'Centro Fotografia']",Duomo,strategy_nearest,False,0.0022470951080322266,success
04B4774A9C4C80,3,['Arena'],Santa Anastasia,"['AMO', 'Museo Conte', 'Palazzo della Ragione', 'Teatro Romano', 'Centro Fotografia']",Casa Giulietta,strategy_nearest,False,0.002487659454345703,success
04B477429C4C80,2,['Castelvecchio'],Casa Giulietta,"['Centro Fotografia', 'Sighseeing', 'Torre Lamberti', 'Museo Conte', 'Museo Radio']",Santa Anastasia,strategy_nearest,False,0.003217935562133789,success
04B46E3A9C4C80,2,"['Castelvecchio', 'Teatro Romano']",Casa Giulietta,"['Centro Fotografia', 'Sighseeing', 'Torre Lamberti', 'Museo Conte', 'Museo Radio']",Torre Lamberti,strategy_nearest,True,0.001741170883178711,success
04B49F429C4C80,3,"['Casa Giulietta', 'Santa Anastasia']",Duomo,"['AMO', 'Museo Miniscalchi', 'Teatro Romano', 'Palazzo della Ragione', 'Museo Conte']",Arena,strategy_nearest,False,0.0023260116577148438,success
04B4AE3A9C4C80,2,"['Casa Giulietta', 'Tomba Giulietta']",Castelvecchio,"['Museo Lapidario', 'Verona Tour', 'Arena', 'Museo Radio', 'San Zeno']",Santa Anastasia,strategy_nearest,False,0.0027420520782470703,success
04B4AD4A9C4C80,1,"['Arena', 'San Fermo', 'Casa Giulietta', 'Palazzo della Ragione']",Torre Lamberti,"['Sighseeing', 'Centro Fotografia', 'Museo Conte', 'AMO', 'Museo Miniscalchi']",Santa Anastasia,strategy_nearest,False,0.0027811527252197266,success
04B4AF429C4C80,1,"['Arena', 'Casa Giulietta', 'Teatro Romano']",Duomo,"['AMO', 'Museo Miniscalchi', 'Santa Anastasia', 'Palazzo della Ragione', 'Museo Conte']",Santa Anastasia,strategy_nearest,True,0.003397703170776367,success
04B4B3429C4C80,3,['Arena'],Casa Giulietta,"['Centro Fotografia', 'Sighseeing', 'Torre Lamberti', 'Museo Conte', 'Museo Radio']",Santa Anastasia,strategy_nearest,False,0.0020051002502441406,success
04B4B04A9C4C80,3,"['Castelvecchio', 'Teatro Romano']",Arena,"['Verona Tour', 'Museo Lapidario', 'Museo Radio', 'San Fermo', 'Casa Giulietta']",Torre Lamberti,strategy_nearest,False,0.003926992416381836,success
04B4D8429C4C80,0,['Arena'],Casa Giulietta,"['Centro Fotografia', 'Sighseeing', 'Torre Lamberti', 'Museo Conte', 'Museo Radio']",Castelvecchio,strategy_nearest,False,0.0022788047790527344,success
04B4D1429C4C80,1,"['San Zeno', 'Castelvecchio', 'Arena', 'Casa Giulietta', 'San Fermo']",Torre Lamberti,"['Sighseeing', 'Centro Fotografia', 'Museo Conte', 'Palazzo della Ragione', 'AMO']",Palazzo della Ragione,strategy_nearest,True,0.003065824508666992,success
04B4BD4A9C4C80,1,"['Arena', 'Casa Giulietta', 'San Fermo']",Santa Anastasia,"['AMO', 'Museo Conte', 'Palazzo della Ragione', 'Teatro Romano', 'Centro Fotografia']",Duomo,strategy_nearest,False,0.0032949447631835938,success
04B4DB429C4C80,0,"['Casa Giulietta', 'Tomba Giulietta']",Castelvecchio,"['Museo Lapidario', 'Verona Tour', 'Arena', 'Museo Radio', 'San Zeno']",Torre Lamberti,strategy_nearest,False,0.0016889572143554688,success
04B4DF429C4C80,0,['Casa Giulietta'],Arena,"['Verona Tour', 'Museo Lapidario', 'Museo Radio', 'San Fermo', 'Sighseeing']",Castelvecchio,strategy_nearest,False,0.0027730464935302734,success
04B4E2429C4C80,1,['Arena'],Teatro Romano,"['Santa Anastasia', 'Duomo', 'AMO', 'Palazzo della Ragione', 'Museo Conte']",Torre Lamberti,strategy_nearest,False,0.0019519329071044922,success
04B4EB429C4C80,1,"['Arena', 'Museo Lapidario', 'Castelvecchio', 'Santa Anastasia']",Duomo,"['AMO', 'Museo Miniscalchi', 'Teatro Romano', 'Palazzo della Ragione', 'Museo Conte']",Teatro Romano,strategy_nearest,True,0.0032880306243896484,success
04B4F94A9C4C80,0,"['Museo Lapidario', 'Arena']",Casa Giulietta,"['Centro Fotografia', 'Sighseeing', 'Torre Lamberti', 'Museo Conte', 'Museo Radio']",Castelvecchio,strategy_nearest,False,0.0013279914855957031,success
04B4F24A9C4C80,0,['Arena'],Castelvecchio,"['Museo Lapidario', 'Verona Tour', 'Museo Radio', 'San Zeno', 'Sighseeing']",San Zeno,strategy_nearest,True,0.0033330917358398438,success
04B4F14A9C4C80,1,"['Torre Lamberti', 'Palazzo della Ragione', 'Casa Giulietta']",Santa Anastasia,"['AMO', 'Museo Conte', 'Teatro Romano', 'Centro Fotografia', 'Duomo']",Duomo,strategy_nearest,True,0.0027468204498291016,success
04B4FC4A9C4C80,0,['Arena'],Castelvecchio,"['Museo Lapidario', 'Verona Tour', 'Museo Radio', 'San Zeno', 'Sighseeing']",Casa Giulietta,strategy_nearest,False,0.003422260284423828,success
04B5014A9C4C84,1,"['Arena', 'Castelvecchio', 'Tomba Giulietta']",Casa Giulietta,"['Centro Fotografia', 'Sighseeing', 'Torre Lamberti', 'Museo Conte', 'Museo Radio']",Palazzo della Ragione,strategy_nearest,False,0.0023970603942871094,success
04B4FD4A9C4C80,0,['Arena'],Casa Giulietta,"['Centro Fotografia', 'Sighseeing', 'Torre Lamberti', 'Museo Conte', 'Museo Radio']",Tomba Giulietta,strategy_nearest,False,0.002553224563598633,success
04B5074A9C4C80,1,"['Arena', 'Palazzo della Ragione', 'Museo Storia', 'Casa Giulietta']",Museo Lapidario,"['Verona Tour', 'Castelvecchio', 'Museo Radio', 'San Fermo', 'Tomba Giulietta']",Giardino Giusti,strategy_nearest,False,0.0015621185302734375,success
04B5054A9C4C84,0,['Teatro Romano'],Duomo,"['AMO', 'Museo Miniscalchi', 'Santa Anastasia', 'Palazzo della Ragione', 'Museo Conte']",Casa Giulietta,strategy_nearest,False,0.004287004470825195,success
04B50A4A9C4C84,1,"['Arena', 'Casa Giulietta']",Torre Lamberti,"['Sighseeing', 'Centro Fotografia', 'Museo Conte', 'Palazzo della Ragione', 'AMO']",Palazzo della Ragione,strategy_nearest,True,0.0019941329956054688,success
04B5084A9C4C80,3,"['Arena', 'Casa Giulietta', 'Torre Lamberti', 'Santa Anastasia']",Duomo,"['AMO', 'Museo Miniscalchi', 'Teatro Romano', 'Palazzo della Ragione', 'Museo Conte']",Tomba Giulietta,strategy_nearest,False,0.003371000289916992,success
04B50B4A9C4C84,0,['Arena'],Castelvecchio,"['Museo Lapidario', 'Verona Tour', 'Museo Radio', 'San Zeno', 'Sighseeing']",Torre Lamberti,strategy_nearest,False,0.0020742416381835938,success
04B50D429C4C84,1,"['Arena', 'Casa Giulietta']",Torre Lamberti,"['Sighseeing', 'Centro Fotografia', 'Museo Conte', 'Palazzo della Ragione', 'AMO']",Palazzo della Ragione,strategy_nearest,True,0.0034177303314208984,success
04B5104A9C4C84,0,['Castelvecchio'],Arena,"['Verona Tour', 'Museo Lapidario', 'Museo Radio', 'San Fermo', 'Casa Giulietta']",Casa Giulietta,strategy_nearest,True,0.002691984176635742,success
04B50E429C4C84,1,"['Palazzo della Ragione', 'Torre Lamberti', 'Casa Giulietta']",Arena,"['Verona Tour', 'Museo Lapidario', 'Museo Radio', 'San Fermo', 'Sighseeing']",Teatro Romano,strategy_nearest,False,0.0013380050659179688,success
04B5123A9C4C80,0,['Arena'],Santa Anastasia,"['AMO', 'Museo Conte', 'Palazzo della Ragione', 'Teatro Romano', 'Centro Fotografia']",Casa Giulietta,strategy_nearest,False,0.002254009246826172,success
04B514429C4C84,0,['Arena'],Casa Giulietta,"['Centro Fotografia', 'Sighseeing', 'Torre Lamberti', 'Museo Conte', 'Museo Radio']",Torre Lamberti,strategy_nearest,True,0.002153158187866211,success
04B512429C4C84,0,['Arena'],Casa Giulietta,"['Centro Fotografia', 'Sighseeing', 'Torre Lamberti', 'Museo Conte', 'Museo Radio']",Torre Lamberti,strategy_nearest,True,0.002763986587524414,success
04B518429C4C84,0,['Arena'],Duomo,"['AMO', 'Museo Miniscalchi', 'Santa Anastasia', 'Teatro Romano', 'Palazzo della Ragione']",Casa Giulietta,strategy_nearest,False,0.0033881664276123047,success
04B51A429C4C84,0,"['Arena', 'Casa Giulietta']",Museo Lapidario,"['Verona Tour', 'Castelvecchio', 'Museo Radio', 'San Fermo', 'Tomba Giulietta']",Tomba Giulietta,strategy_nearest,True,0.0029172897338867188,success
04B5264A9C4C80,0,['San Zeno'],Arena,"['Verona Tour', 'Museo Lapidario', 'Museo Radio', 'San Fermo', 'Casa Giulietta']",Casa Giulietta,strategy_nearest,True,0.0015690326690673828,success
04B527429C4C84,3,"['Arena', 'Casa Giulietta']",Torre Lamberti,"['Sighseeing', 'Centro Fotografia', 'Museo Conte', 'Palazzo della Ragione', 'AMO']",Duomo,strategy_nearest,False,0.002516031265258789,success
04B5204A9C4C80,0,"['Arena', 'Casa Giulietta']",Tomba Giulietta,"['San Fermo', 'Museo Storia', 'Museo Lapidario', 'Museo Radio', 'Verona Tour']",Castelvecchio,strategy_nearest,False,0.003276824951171875,success
04B5283A9C4C80,2,['Duomo'],Torre Lamberti,"['Sighseeing', 'Centro Fotografia', 'Museo Conte', 'Casa Giulietta', 'Palazzo della Ragione']",Palazzo della Ragione,strategy_nearest,True,0.0028128623962402344,success
04B53F3A9C4C80,0,['Castelvecchio'],Casa Giulietta,"['Centro Fotografia', 'Sighseeing', 'Torre Lamberti', 'Museo Conte', 'Museo Radio']",Arena,strategy_nearest,False,0.0027680397033691406,success
04B56C3A9C4C80,0,"['Castelvecchio', 'Casa Giulietta']",Teatro Romano,"['Santa Anastasia', 'Duomo', 'AMO', 'Palazzo della Ragione', 'Museo Conte']",Arena,strategy_nearest,False,0.0024759769439697266,success
04B5483A9C4C80,0,"['Arena', 'Casa Giulietta']",Castelvecchio,"['Museo Lapidario', 'Verona Tour', 'Museo Radio', 'San Zeno', 'Sighseeing']",San Zeno,strategy_nearest,True,0.00325775146484375,success
04B57A429C4C80,0,['Arena'],Casa Giulietta,"['Centro Fotografia', 'Sighseeing', 'Torre Lamberti', 'Museo Conte', 'Museo Radio']",Castelvecchio,strategy_nearest,False,0.0024461746215820312,success
04B5774A9C4C80,3,"['Santa Anastasia', 'San Zeno', 'Duomo']",San Fermo,"['Museo Storia', 'Museo Radio', 'Casa Giulietta', 'Centro Fotografia', 'Arena']",Arena,strategy_nearest,True,0.0019059181213378906,success
04B571429C4C80,3,"['Arena', 'Santa Anastasia']",Duomo,"['AMO', 'Museo Miniscalchi', 'Teatro Romano', 'Palazzo della Ragione', 'Museo Conte']",Teatro Romano,strategy_nearest,True,0.003201723098754883,success
04B57B4A9C4C80,3,['Arena'],Santa Anastasia,"['AMO', 'Museo Conte', 'Palazzo della Ragione', 'Teatro Romano', 'Centro Fotografia']",Duomo,strategy_nearest,False,0.0032532215118408203,success
04B58C4A9C4C80,3,"['Arena', 'Casa Giulietta']",Santa Anastasia,"['AMO', 'Museo Conte', 'Palazzo della Ragione', 'Teatro Romano', 'Centro Fotografia']",Castelvecchio,strategy_nearest,False,0.0019390583038330078,success
04B58E3A9C4C80,1,"['Arena', 'Museo Storia', 'Duomo']",Torre Lamberti,"['Sighseeing', 'Centro Fotografia', 'Museo Conte', 'Casa Giulietta', 'Palazzo della Ragione']",Palazzo della Ragione,strategy_nearest,True,0.0025682449340820312,success
04B59A429C4C80,0,['Arena'],Torre Lamberti,"['Sighseeing', 'Centro Fotografia', 'Museo Conte', 'Casa Giulietta', 'Palazzo della Ragione']",Duomo,strategy_nearest,False,0.002640962600708008,success
04B5AD4A9C4C80,3,['Arena'],Casa Giulietta,"['Centro Fotografia', 'Sighseeing', 'Torre Lamberti', 'Museo Conte', 'Museo Radio']",Santa Anastasia,strategy_nearest,False,0.0026428699493408203,success
04B5A04A9C4C80,1,"['Casa Giulietta', 'Palazzo della Ragione']",Torre Lamberti,"['Sighseeing', 'Centro Fotografia', 'Museo Conte', 'AMO', 'Museo Miniscalchi']",Duomo,strategy_nearest,False,0.0031571388244628906,success
04B5B7429C4C80,0,['Arena'],Casa Giulietta,"['Centro Fotografia', 'Sighseeing', 'Torre Lamberti', 'Museo Conte', 'Museo Radio']",Torre Lamberti,strategy_nearest,True,0.0017731189727783203,success
04B5B44A9C4C80,3,"['Arena', 'Castelvecchio']",Duomo,"['AMO', 'Museo Miniscalchi', 'Santa Anastasia', 'Teatro Romano', 'Palazzo della Ragione']",Santa Anastasia,strategy_nearest,True,0.0034379959106445312,success
04B5B94A9C4C80,1,['Arena'],Torre Lamberti,"['Sighseeing', 'Centro Fotografia', 'Museo Conte', 'Casa Giulietta', 'Palazzo della Ragione']",Palazzo della Ragione,strategy_nearest,True,0.002952098846435547,success
04B5B93A9C4C80,3,['Arena'],Torre Lamberti,"['Sighseeing', 'Centro Fotografia', 'Museo Conte', 'Casa Giulietta', 'Palazzo della Ragione']",Santa Anastasia,strategy_nearest,False,0.002315998077392578,success
04B5C54A9C4C80,0,['Arena'],Casa Giulietta,"['Centro Fotografia', 'Sighseeing', 'Torre Lamberti', 'Museo Conte', 'Museo Radio']",Duomo,strategy_nearest,False,0.002051115036010742,success
04B5CE4A9C4C80,1,['Arena'],Casa Giulietta,"['Centro Fotografia', 'Sighseeing', 'Torre Lamberti', 'Museo Conte', 'Museo Radio']",Torre Lamberti,strategy_nearest,True,0.003134012222290039,success
04B5C1429C4C80,0,['Arena'],Torre Lamberti,"['Sighseeing', 'Centro Fotografia', 'Museo Conte', 'Casa Giulietta', 'Palazzo della Ragione']",Casa Giulietta,strategy_nearest,True,0.0027892589569091797,success
04B5C03A9C4C80,1,['Arena'],Palazzo della Ragione,"['AMO', 'Museo Conte', 'Torre Lamberti', 'Centro Fotografia', 'Sighseeing']",Casa Giulietta,strategy_nearest,False,0.0014650821685791016,success
04B5DC429C4C80,1,"['Arena', 'Castelvecchio']",San Zeno,"['Verona Tour', 'Museo Lapidario', 'Museo Miniscalchi', 'Sighseeing', 'Museo Radio']",Casa Giulietta,strategy_nearest,False,0.002624988555908203,success
04B5E3429C4C80,3,"['Museo Lapidario', 'Arena']",Casa Giulietta,"['Centro Fotografia', 'Sighseeing', 'Torre Lamberti', 'Museo Conte', 'Museo Radio']",Santa Anastasia,strategy_nearest,False,0.0012862682342529297,success
04B5D04A9C4C80,3,['Arena'],Torre Lamberti,"['Sighseeing', 'Centro Fotografia', 'Museo Conte', 'Casa Giulietta', 'Palazzo della Ragione']",Santa Anastasia,strategy_nearest,False,0.0020720958709716797,success
04B5E5429C4C80,3,"['Arena', 'Castelvecchio', 'Casa Giulietta']",Torre Lamberti,"['Sighseeing', 'Centro Fotografia', 'Museo Conte', 'Palazzo della Ragione', 'AMO']",Santa Anastasia,strategy_nearest,False,0.0033669471740722656,success
04B5EB429C4C80,0,['Arena'],Casa Giulietta,"['Centro Fotografia', 'Sighseeing', 'Torre Lamberti', 'Museo Conte', 'Museo Radio']",Tomba Giulietta,strategy_nearest,False,0.0017590522766113281,success
04B5EE429C4C80,3,['Arena'],Casa Giulietta,"['Centro Fotografia', 'Sighseeing', 'Torre Lamberti', 'Museo Conte', 'Museo Radio']",Duomo,strategy_nearest,False,0.0026979446411132812,success
04B5F03A9C4C80,0,"['Castelvecchio', 'Arena']",Torre Lamberti,"['Sighseeing', 'Centro Fotografia', 'Museo Conte', 'Casa Giulietta', 'Palazzo della Ragione']",Casa Giulietta,strategy_nearest,True,0.002532958984375,success
04B5F5429C4C80,3,"['Arena', 'San Zeno']",Castelvecchio,"['Museo Lapidario', 'Verona Tour', 'Museo Radio', 'Sighseeing', 'Museo Miniscalchi']",Santa Anastasia,strategy_nearest,False,0.003298044204711914,success
04B5F34A9C4C80,3,"['Tomba Giulietta', 'Arena']",Casa Giulietta,"['Centro Fotografia', 'Sighseeing', 'Torre Lamberti', 'Museo Conte', 'Museo Radio']",Santa Anastasia,strategy_nearest,False,0.00243377685546875,success
04B5F7429C4C80,0,"['Arena', 'Casa Giulietta']",Tomba Giulietta,"['San Fermo', 'Museo Storia', 'Museo Lapidario', 'Museo Radio', 'Verona Tour']",Torre Lamberti,strategy_nearest,False,0.001589059829711914,success
04B5F8429C4C80,0,['Arena'],Castelvecchio,"['Museo Lapidario', 'Verona Tour', 'Museo Radio', 'San Zeno', 'Sighseeing']",San Zeno,strategy_nearest,True,0.0026311874389648438,success
04B5FC429C4C80,0,['Arena'],Torre Lamberti,"['Sighseeing', 'Centro Fotografia', 'Museo Conte', 'Casa Giulietta', 'Palazzo della Ragione']",Casa Giulietta,strategy_nearest,True,0.0025310516357421875,success
04B6054A9C4C84,1,"['Arena', 'Casa Giulietta']",Palazzo della Ragione,"['AMO', 'Museo Conte', 'Torre Lamberti', 'Centro Fotografia', 'Sighseeing']",Torre Lamberti,strategy_nearest,True,0.003280162811279297,success
04B6014A9C4C84,0,['Arena'],Casa Giulietta,"['Centro Fotografia', 'Sighseeing', 'Torre Lamberti', 'Museo Conte', 'Museo Radio']",Tomba Giulietta,strategy_nearest,False,0.0025780200958251953,success
04B612429C4C84,1,"['Castelvecchio', 'Arena', 'Casa Giulietta', 'San Fermo']",Santa Anastasia,"['AMO', 'Museo Conte', 'Palazzo della Ragione', 'Teatro Romano', 'Centro Fotografia']",Duomo,strategy_nearest,False,0.0022170543670654297,success
04B613429C4C84,3,"['Castelvecchio', 'Arena', 'San Fermo', 'Museo Storia']",Casa Giulietta,"['Centro Fotografia', 'Sighseeing', 'Torre Lamberti', 'Museo Conte', 'Museo Radio']",Torre Lamberti,strategy_nearest,True,0.002978086471557617,success
04B6144A9C4C80,3,"['Casa Giulietta', 'Arena']",Santa Anastasia,"['AMO', 'Museo Conte', 'Palazzo della Ragione', 'Teatro Romano', 'Centro Fotografia']",Duomo,strategy_nearest,False,0.0034027099609375,success
04B6154A9C4C80,3,"['Castelvecchio', 'Arena', 'Casa Giulietta']",Torre Lamberti,"['Sighseeing', 'Centro Fotografia', 'Museo Conte', 'Palazzo della Ragione', 'AMO']",Giardino Giusti,strategy_nearest,False,0.0019919872283935547,success
04B618429C4C84,0,"['Tomba Giulietta', 'Castelvecchio', 'San Zeno']",Casa Giulietta,"['Centro Fotografia', 'Sighseeing', 'Torre Lamberti', 'Museo Conte', 'Museo Radio']",Arena,strategy_nearest,False,0.0023241043090820312,success
04B6253A9C4C84,0,"['Duomo', 'Castelvecchio']",Arena,"['Verona Tour', 'Museo Lapidario', 'Museo Radio', 'San Fermo', 'Casa Giulietta']",Casa Giulietta,strategy_nearest,True,0.003386974334716797,success
04B62B429C4C80,2,['Castelvecchio'],Torre Lamberti,"['Sighseeing', 'Centro Fotografia', 'Museo Conte', 'Casa Giulietta', 'Palazzo della Ragione']",Casa Giulietta,strategy_nearest,True,0.003171205520629883,success
04B61D3A9C4C84,0,"['Museo Lapidario', 'Arena']",Casa Giulietta,"['Centro Fotografia', 'Sighseeing', 'Torre Lamberti', 'Museo Conte', 'Museo Radio']",Torre Lamberti,strategy_nearest,True,0.003309011459350586,success
04B628429C4C80,1,"['Casa Giulietta', 'Palazzo della Ragione', 'Torre Lamberti', 'San Fermo', 'Tomba Giulietta']",Arena,"['Verona Tour', 'Museo Lapidario', 'Museo Radio', 'Sighseeing', 'Castelvecchio']",Castelvecchio,strategy_nearest,True,0.001970052719116211,success
04B6333A9C4C80,0,['Castelvecchio'],Casa Giulietta,"['Centro Fotografia', 'Sighseeing', 'Torre Lamberti', 'Museo Conte', 'Museo Radio']",Arena,strategy_nearest,False,0.0026030540466308594,success
04B631429C4C80,1,"['Arena', 'Castelvecchio', 'Casa Giulietta']",Torre Lamberti,"['Sighseeing', 'Centro Fotografia', 'Museo Conte', 'Palazzo della Ragione', 'AMO']",Palazzo della Ragione,strategy_nearest,True,0.001600027084350586,success
04B632429C4C80,3,['Torre Lamberti'],Santa Anastasia,"['AMO', 'Museo Conte', 'Palazzo della Ragione', 'Teatro Romano', 'Centro Fotografia']",Duomo,strategy_nearest,False,0.002142190933227539,success
04B6314A9C4C80,0,['Casa Giulietta'],Torre Lamberti,"['Sighseeing', 'Centro Fotografia', 'Museo Conte', 'Palazzo della Ragione', 'AMO']",Arena,strategy_nearest,False,0.0034399032592773438,success
04B6504A9C4C80,1,"['Arena', 'Casa Giulietta']",San Fermo,"['Museo Storia', 'Museo Radio', 'Centro Fotografia', 'Sighseeing', 'Torre Lamberti']",Palazzo della Ragione,strategy_nearest,False,0.0020291805267333984,success
04B64E3A9C4C80,1,"['Castelvecchio', 'Arena', 'Casa Giulietta', 'Palazzo della Ragione']",Torre Lamberti,"['Sighseeing', 'Centro Fotografia', 'Museo Conte', 'AMO', 'Museo Miniscalchi']",Duomo,strategy_nearest,False,0.0027227401733398438,success
04B6443A9C4C80,1,"['Arena', 'Casa Giulietta', 'Torre Lamberti']",Palazzo della Ragione,"['AMO', 'Museo Conte', 'Centro Fotografia', 'Sighseeing', 'Santa Anastasia']",Santa Anastasia,strategy_nearest,True,0.002202749252319336,success
04B635429C4C80,0,['Arena'],Casa Giulietta,"['Centro Fotografia', 'Sighseeing', 'Torre Lamberti', 'Museo Conte', 'Museo Radio']",Teatro Romano,strategy_nearest,False,0.003977060317993164,success
04B6574A9C4C80,3,['Arena'],Casa Giulietta,"['Centro Fotografia', 'Sighseeing', 'Torre Lamberti', 'Museo Conte', 'Museo Radio']",Santa Anastasia,strategy_nearest,False,0.0027670860290527344,success
04B6613A9C4C80,1,"['Santa Anastasia', 'San Fermo', 'Arena', 'San Zeno']",Duomo,"['AMO', 'Museo Miniscalchi', 'Teatro Romano', 'Palazzo della Ragione', 'Museo Conte']",Castelvecchio,strategy_nearest,False,0.00209808349609375,success
04B6583A9C4C80,1,"['Arena', 'Casa Giulietta', 'Santa Anastasia']",Duomo,"['AMO', 'Museo Miniscalchi', 'Teatro Romano', 'Palazzo della Ragione', 'Museo Conte']",Teatro Romano,strategy_nearest,True,0.0016100406646728516,success
04B6643A9C4C80,1,"['Arena', 'Castelvecchio', 'Casa Giulietta', 'San Fermo']",Torre Lamberti,"['Sighseeing', 'Centro Fotografia', 'Museo Conte', 'Palazzo della Ragione', 'AMO']",Palazzo della Ragione,strategy_nearest,True,0.0030961036682128906,success
04B6874A9C4C80,3,['Arena'],San Zeno,"['Castelvecchio', 'Verona Tour', 'Museo Lapidario', 'Museo Miniscalchi', 'Sighseeing']",Torre Lamberti,strategy_nearest,False,0.0024068355560302734,success
04B6833A9C4C80,2,"['Castelvecchio', 'Giardino Giusti']",Teatro Romano,"['Santa Anastasia', 'Duomo', 'AMO', 'Palazzo della Ragione', 'Museo Conte']",Palazzo della Ragione,strategy_nearest,True,0.0020208358764648438,success
04B6863A9C4C80,1,"['Casa Giulietta', 'Torre Lamberti']",Palazzo della Ragione,"['AMO', 'Museo Conte', 'Centro Fotografia', 'Sighseeing', 'Santa Anastasia']",Santa Anastasia,strategy_nearest,True,0.001379251480102539,success
04B68C4A9C4C80,0,['Arena'],Casa Giulietta,"['Centro Fotografia', 'Sighseeing', 'Torre Lamberti', 'Museo Conte', 'Museo Radio']",Tomba Giulietta,strategy_nearest,False,0.003226041793823242,success
04B6954A9C4C80,1,"['Arena', 'Casa Giulietta']",Torre Lamberti,"['Sighseeing', 'Centro Fotografia', 'Museo Conte', 'Palazzo della Ragione', 'AMO']",Palazzo della Ragione,strategy_nearest,True,0.0015680789947509766,success
04B6994A9C4C80,3,['Arena'],Santa Anastasia,"['AMO', 'Museo Conte', 'Palazzo della Ragione', 'Teatro Romano', 'Centro Fotografia']",Teatro Romano,strategy_nearest,True,0.002012968063354492,success
04B6924A9C4C80,3,"['Teatro Romano', 'Torre Lamberti']",San Fermo,"['Museo Storia', 'Museo Radio', 'Casa Giulietta', 'Centro Fotografia', 'Arena']",San Zeno,strategy_nearest,False,0.003481149673461914,success
04B68F4A9C4C80,1,"['Palazzo della Ragione', 'Teatro Romano']",Duomo,"['AMO', 'Museo Miniscalchi', 'Santa Anastasia', 'Museo Conte', 'Torre Lamberti']",Castelvecchio,strategy_nearest,False,0.0036580562591552734,success
04B69B429C4C80,0,['Casa Giulietta'],Arena,"['Verona Tour', 'Museo Lapidario', 'Museo Radio', 'San Fermo', 'Sighseeing']",Castelvecchio,strategy_nearest,False,0.002141237258911133,success
04B6A14A9C4C80,1,['Teatro Romano'],Palazzo della Ragione,"['AMO', 'Museo Conte', 'Torre Lamberti', 'Centro Fotografia', 'Sighseeing']",Torre Lamberti,strategy_nearest,True,0.002766132354736328,success
04B6AD3A9C4C80,0,['Arena'],Casa Giulietta,"['Centro Fotografia', 'Sighseeing', 'Torre Lamberti', 'Museo Conte', 'Museo Radio']",Castelvecchio,strategy_nearest,False,0.0026350021362304688,success
04B6AD429C4C80,0,"['Arena', 'Torre Lamberti', 'Casa Giulietta']",Tomba Giulietta,"['San Fermo', 'Museo Storia', 'Museo Lapidario', 'Museo Radio', 'Verona Tour']",Castelvecchio,strategy_nearest,False,0.003228902816772461,success
04B6B04A9C4C80,0,['Arena'],Tomba Giulietta,"['San Fermo', 'Museo Storia', 'Museo Lapidario', 'Museo Radio', 'Verona Tour']",Santa Anastasia,strategy_nearest,False,0.002062082290649414,success
04B6AD4A9C4C80,3,"['Arena', 'Torre Lamberti']",Casa Giulietta,"['Centro Fotografia', 'Sighseeing', 'Museo Conte', 'Museo Radio', 'Palazzo della Ragione']",Santa Anastasia,strategy_nearest,False,0.002213716506958008,success
04B6B24A9C4C80,2,"['Casa Giulietta', 'Palazzo della Ragione']",Torre Lamberti,"['Sighseeing', 'Centro Fotografia', 'Museo Conte', 'AMO', 'Museo Miniscalchi']",Santa Anastasia,strategy_nearest,False,0.0025899410247802734,success
04B6AF4A9C4C80,1,"['Arena', 'Casa Giulietta', 'Torre Lamberti']",Palazzo della Ragione,"['AMO', 'Museo Conte', 'Centro Fotografia', 'Sighseeing', 'Santa Anastasia']",Santa Anastasia,strategy_nearest,True,0.0033872127532958984,success
04B6B84A9C4C80,0,['Arena'],Casa Giulietta,"['Centro Fotografia', 'Sighseeing', 'Torre Lamberti', 'Museo Conte', 'Museo Radio']",Torre Lamberti,strategy_nearest,True,0.00341796875,success
04B6BA4A9C4C80,3,"['Teatro Romano', 'Duomo']",Santa Anastasia,"['AMO', 'Museo Conte', 'Palazzo della Ragione', 'Centro Fotografia', 'Torre Lamberti']",Torre Lamberti,strategy_nearest,True,0.003932952880859375,success
04B6C84A9C4C80,3,"['Arena', 'Casa Giulietta']",Duomo,"['AMO', 'Museo Miniscalchi', 'Santa Anastasia', 'Teatro Romano', 'Palazzo della Ragione']",Castelvecchio,strategy_nearest,False,0.0013861656188964844,success
04B6C64A9C4C80,0,['Arena'],Museo Lapidario,"['Verona Tour', 'Castelvecchio', 'Museo Radio', 'San Fermo', 'Casa Giulietta']",Casa Giulietta,strategy_nearest,True,0.002683877944946289,success
04B6CE4A9C4C80,1,"['Arena', 'Torre Lamberti', 'Palazzo della Ragione']",San Zeno,"['Castelvecchio', 'Verona Tour', 'Museo Lapidario', 'Museo Miniscalchi', 'Sighseeing']",Castelvecchio,strategy_nearest,True,0.0033028125762939453,success
04B6D03A9C4C80,3,"['Arena', 'Torre Lamberti']",Santa Anastasia,"['AMO', 'Museo Conte', 'Palazzo della Ragione', 'Teatro Romano', 'Centro Fotografia']",Teatro Romano,strategy_nearest,True,0.002061128616333008,success
04B6D6429C4C80,3,"['Arena', 'Museo Lapidario', 'Castelvecchio', 'Casa Giulietta']",Santa Anastasia,"['AMO', 'Museo Conte', 'Palazzo della Ragione', 'Teatro Romano', 'Centro Fotografia']",Teatro Romano,strategy_nearest,True,0.0014469623565673828,success
04B6ED4A9C4C80,1,['Arena'],Casa Giulietta,"['Centro Fotografia', 'Sighseeing', 'Torre Lamberti', 'Museo Conte', 'Museo Radio']",Santa Anastasia,strategy_nearest,False,0.002552032470703125,success
04B6F24A9C4C80,0,['Arena'],Casa Giulietta,"['Centro Fotografia', 'Sighseeing', 'Torre Lamberti', 'Museo Conte', 'Museo Radio']",Castelvecchio,strategy_nearest,False,0.0014519691467285156,success
04B6F44A9C4C80,0,['San Fermo'],Casa Giulietta,"['Centro Fotografia', 'Sighseeing', 'Torre Lamberti', 'Museo Conte', 'Museo Radio']",Arena,strategy_nearest,False,0.0021381378173828125,success
04B700429C4C84,1,"['Arena', 'Casa Giulietta', 'Palazzo della Ragione']",Torre Lamberti,"['Sighseeing', 'Centro Fotografia', 'Museo Conte', 'AMO', 'Museo Miniscalchi']",Santa Anastasia,strategy_nearest,False,0.0026590824127197266,success
04B7024A9C4C84,3,"['Castelvecchio', 'San Fermo', 'Tomba Giulietta']",Arena,"['Verona Tour', 'Museo Lapidario', 'Museo Radio', 'Casa Giulietta', 'Sighseeing']",Casa Giulietta,strategy_nearest,True,0.003203868865966797,success
04B70B429C4C84,1,"['Arena', 'Casa Giulietta']",Torre Lamberti,"['Sighseeing', 'Centro Fotografia', 'Museo Conte', 'Palazzo della Ragione', 'AMO']",Palazzo della Ragione,strategy_nearest,True,0.0033690929412841797,success
04B7094A9C4C80,3,"['Santa Anastasia', 'Duomo']",Arena,"['Verona Tour', 'Museo Lapidario', 'Museo Radio', 'San Fermo', 'Casa Giulietta']",Teatro Romano,strategy_nearest,False,0.0033431053161621094,success
04B70E429C4C84,1,"['Palazzo della Ragione', 'Torre Lamberti']",Arena,"['Verona Tour', 'Museo Lapidario', 'Museo Radio', 'San Fermo', 'Casa Giulietta']",Casa Giulietta,strategy_nearest,True,0.0021371841430664062,success
04B70E4A9C4C84,1,"['Arena', 'Casa Giulietta', 'Torre Lamberti']",Palazzo della Ragione,"['AMO', 'Museo Conte', 'Centro Fotografia', 'Sighseeing', 'Santa Anastasia']",Tomba Giulietta,strategy_nearest,False,0.0013806819915771484,success
04B718429C4C84,0,"['Arena', 'Casa Giulietta']",Castelvecchio,"['Museo Lapidario', 'Verona Tour', 'Museo Radio', 'San Zeno', 'Sighseeing']",San Fermo,strategy_nearest,False,0.0027561187744140625,success
04B70F4A9C4C84,0,"['Arena', 'Castelvecchio']",Teatro Romano,"['Santa Anastasia', 'Duomo', 'AMO', 'Palazzo della Ragione', 'Museo Conte']",Duomo,strategy_nearest,True,0.002429962158203125,success
04B7164A9C4C80,1,"['Casa Giulietta', 'Palazzo della Ragione', 'Torre Lamberti']",Museo Lapidario,"['Verona Tour', 'Arena', 'Castelvecchio', 'Museo Radio', 'San Fermo']",Arena,strategy_nearest,True,0.003476858139038086,success
04B70F429C4C84,1,"['Torre Lamberti', 'Palazzo della Ragione', 'Duomo']",Teatro Romano,"['Santa Anastasia', 'AMO', 'Museo Conte', 'Centro Fotografia', 'Museo Miniscalchi']",Santa Anastasia,strategy_nearest,True,0.0018579959869384766,success
04B72C429C4C80,2,['Casa Giulietta'],Castelvecchio,"['Museo Lapidario', 'Verona Tour', 'Arena', 'Museo Radio', 'San Zeno']",Museo Storia,strategy_nearest,False,0.0015120506286621094,success
04B72A3A9C4C80,3,"['Casa Giulietta', 'Teatro Romano', 'Arena']",Museo Lapidario,"['Verona Tour', 'Castelvecchio', 'Museo Radio', 'San Fermo', 'Tomba Giulietta']",Castelvecchio,strategy_nearest,True,0.002290964126586914,success
04B73C429C4C80,0,['Arena'],Castelvecchio,"['Museo Lapidario', 'Verona Tour', 'Museo Radio', 'San Zeno', 'Sighseeing']",San Zeno,strategy_nearest,True,0.0026597976684570312,success
04B728429C4C84,1,"['Arena', 'Casa Giulietta', 'Duomo']",Castelvecchio,"['Museo Lapidario', 'Verona Tour', 'Museo Radio', 'San Zeno', 'Sighseeing']",Tomba Giulietta,strategy_nearest,False,0.003638029098510742,success
04B7453A9C4C80,0,['Casa Giulietta'],Arena,"['Verona Tour', 'Museo Lapidario', 'Museo Radio', 'San Fermo', 'Sighseeing']",San Zeno,strategy_nearest,False,0.0020411014556884766,success
04B744429C4C80,3,"['San Fermo', 'Casa Giulietta', 'Santa Anastasia']",Duomo,"['AMO', 'Museo Miniscalchi', 'Teatro Romano', 'Palazzo della Ragione', 'Museo Conte']",Castelvecchio,strategy_nearest,False,0.003468036651611328,success
04B73D4A9C4C80,3,"['Castelvecchio', 'Arena']",Torre Lamberti,"['Sighseeing', 'Centro Fotografia', 'Museo Conte', 'Casa Giulietta', 'Palazzo della Ragione']",Santa Anastasia,strategy_nearest,False,0.002279043197631836,success
04B74A4A9C4C80,1,"['Arena', 'Casa Giulietta', 'Tomba Giulietta']",Torre Lamberti,"['Sighseeing', 'Centro Fotografia', 'Museo Conte', 'Palazzo della Ragione', 'AMO']",Palazzo della Ragione,strategy_nearest,True,0.001959085464477539,success
04B74F4A9C4C80,1,"['Arena', 'Palazzo della Ragione', 'Torre Lamberti']",Casa Giulietta,"['Centro Fotografia', 'Sighseeing', 'Museo Conte', 'Museo Radio', 'San Fermo']",Santa Anastasia,strategy_nearest,False,0.002580881118774414,success
04B746429C4C80,2,['Tomba Giulietta'],Casa Giulietta,"['Centro Fotografia', 'Sighseeing', 'Torre Lamberti', 'Museo Conte', 'Museo Radio']",Torre Lamberti,strategy_nearest,True,0.0029349327087402344,success
04B7714A9C4C80,0,['Arena'],Casa Giulietta,"['Centro Fotografia', 'Sighseeing', 'Torre Lamberti', 'Museo Conte', 'Museo Radio']",Torre Lamberti,strategy_nearest,True,0.0032868385314941406,success
04B7723A9C4C80,3,"['Museo Lapidario', 'Arena', 'Casa Giulietta']",Torre Lamberti,"['Sighseeing', 'Centro Fotografia', 'Museo Conte', 'Palazzo della Ragione', 'AMO']",Santa Anastasia,strategy_nearest,False,0.0027840137481689453,success
04B778429C4C80,0,"['Tomba Giulietta', 'Arena']",Casa Giulietta,"['Centro Fotografia', 'Sighseeing', 'Torre Lamberti', 'Museo Conte', 'Museo Radio']",Duomo,strategy_nearest,False,0.0032248497009277344,success
04B7754A9C4C80,3,['Duomo'],Teatro Romano,"['Santa Anastasia', 'AMO', 'Palazzo della Ragione', 'Museo Conte', 'Centro Fotografia']",Giardino Giusti,strategy_nearest,False,0.002641916275024414,success
04B7794A9C4C80,0,['Arena'],Casa Giulietta,"['Centro Fotografia', 'Sighseeing', 'Torre Lamberti', 'Museo Conte', 'Museo Radio']",Teatro Romano,strategy_nearest,False,0.003529071807861328,success
04B7894A9C4C80,0,['Arena'],Casa Giulietta,"['Centro Fotografia', 'Sighseeing', 'Torre Lamberti', 'Museo Conte', 'Museo Radio']",Castelvecchio,strategy_nearest,False,0.003367185592651367,success
04B7873A9C4C80,1,"['Arena', 'Museo Lapidario', 'Castelvecchio']",Palazzo della Ragione,"['AMO', 'Museo Conte', 'Torre Lamberti', 'Centro Fotografia', 'Sighseeing']",Torre Lamberti,strategy_nearest,True,0.0020961761474609375,success
04B78B4A9C4C80,3,['Arena'],Torre Lamberti,"['Sighseeing', 'Centro Fotografia', 'Museo Conte', 'Casa Giulietta', 'Palazzo della Ragione']",Santa Anastasia,strategy_nearest,False,0.0024459362030029297,success
04B791429C4C80,0,['Castelvecchio'],Arena,"['Verona Tour', 'Museo Lapidario', 'Museo Radio', 'San Fermo', 'Casa Giulietta']",Casa Giulietta,strategy_nearest,True,0.0014047622680664062,success
04B7934A9C4C80,0,['Arena'],Casa Giulietta,"['Centro Fotografia', 'Sighseeing', 'Torre Lamberti', 'Museo Conte', 'Museo Radio']",Castelvecchio,strategy_nearest,False,0.0018820762634277344,success
04B78F4A9C4C80,0,['Arena'],Casa Giulietta,"['Centro Fotografia', 'Sighseeing', 'Torre Lamberti', 'Museo Conte', 'Museo Radio']",Castelvecchio,strategy_nearest,False,0.0028066635131835938,success
04B794429C4C80,0,['Arena'],Torre Lamberti,"['Sighseeing', 'Centro Fotografia', 'Museo Conte', 'Casa Giulietta', 'Palazzo della Ragione']",Casa Giulietta,strategy_nearest,True,0.0033338069915771484,success
04B79A429C4C80,0,"['Casa Giulietta', 'Arena']",Castelvecchio,"['Museo Lapidario', 'Verona Tour', 'Museo Radio', 'San Zeno', 'Sighseeing']",Tomba Giulietta,strategy_nearest,False,0.0032160282135009766,success
04B79B429C4C80,1,['Arena'],Palazzo della Ragione,"['AMO', 'Museo Conte', 'Torre Lamberti', 'Centro Fotografia', 'Sighseeing']",Torre Lamberti,strategy_nearest,True,0.0017719268798828125,success
04B7B24A9C4C80,0,['Arena'],Casa Giulietta,"['Centro Fotografia', 'Sighseeing', 'Torre Lamberti', 'Museo Conte', 'Museo Radio']",Torre Lamberti,strategy_nearest,True,0.003303050994873047,success
04B7B7429C4C80,1,"['Arena', 'Castelvecchio']",Casa Giulietta,"['Centro Fotografia', 'Sighseeing', 'Torre Lamberti', 'Museo Conte', 'Museo Radio']",Palazzo della Ragione,strategy_nearest,False,0.0027539730072021484,success
04B7B74A9C4C80,1,['Arena'],Palazzo della Ragione,"['AMO', 'Museo Conte', 'Torre Lamberti', 'Centro Fotografia', 'Sighseeing']",Torre Lamberti,strategy_nearest,True,0.0028009414672851562,success
04B7B93A9C4C80,0,['Arena'],Casa Giulietta,"['Centro Fotografia', 'Sighseeing', 'Torre Lamberti', 'Museo Conte', 'Museo Radio']",Torre Lamberti,strategy_nearest,True,0.003287076950073242,success
04B7C24A9C4C80,0,['Castelvecchio'],Arena,"['Verona Tour', 'Museo Lapidario', 'Museo Radio', 'San Fermo', 'Casa Giulietta']",Casa Giulietta,strategy_nearest,True,0.0014028549194335938,success
04B7BC4A9C4C80,3,"['Castelvecchio', 'Arena']",Casa Giulietta,"['Centro Fotografia', 'Sighseeing', 'Torre Lamberti', 'Museo Conte', 'Museo Radio']",Torre Lamberti,strategy_nearest,True,0.003286123275756836,success
04B7B9429C4C80,0,['Arena'],Casa Giulietta,"['Centro Fotografia', 'Sighseeing', 'Torre Lamberti', 'Museo Conte', 'Museo Radio']",Palazzo della Ragione,strategy_nearest,False,0.0045719146728515625,success
04B7CC4A9C4C80,3,"['Arena', 'Casa Giulietta']",Santa Anastasia,"['AMO', 'Museo Conte', 'Palazzo della Ragione', 'Teatro Romano', 'Centro Fotografia']",Teatro Romano,strategy_nearest,True,0.001997232437133789,success
04B7CE4A9C4C80,3,['Arena'],Torre Lamberti,"['Sighseeing', 'Centro Fotografia', 'Museo Conte', 'Casa Giulietta', 'Palazzo della Ragione']",Casa Giulietta,strategy_nearest,True,0.0026917457580566406,success
04B7D03A9C4C80,3,"['Tomba Giulietta', 'Museo Lapidario', 'Arena', 'Duomo']",Teatro Romano,"['Santa Anastasia', 'AMO', 'Palazzo della Ragione', 'Museo Conte', 'Centro Fotografia']",Santa Anastasia,strategy_nearest,True,0.00287628173828125,success
04B7D93A9C4C80,1,['Palazzo della Ragione'],Torre Lamberti,"['Sighseeing', 'Centro Fotografia', 'Museo Conte', 'Casa Giulietta', 'AMO']",Arena,strategy_nearest,False,0.0033130645751953125,success
04B7D13A9C4C80,3,"['Arena', 'Casa Giulietta']",Tomba Giulietta,"['San Fermo', 'Museo Storia', 'Museo Lapidario', 'Museo Radio', 'Verona Tour']",Castelvecchio,strategy_nearest,False,0.001318216323852539,success
04B7E94A9C4C80,0,"['Arena', 'Castelvecchio']",Casa Giulietta,"['Centro Fotografia', 'Sighseeing', 'Torre Lamberti', 'Museo Conte', 'Museo Radio']",Teatro Romano,strategy_nearest,False,0.001359701156616211,success
04B7E83A9C4C80,1,"['Palazzo della Ragione', 'Casa Giulietta']",Santa Anastasia,"['AMO', 'Museo Conte', 'Teatro Romano', 'Centro Fotografia', 'Duomo']",Duomo,strategy_nearest,True,0.002170085906982422,success
04B7DB429C4C80,2,"['Casa Giulietta', 'San Fermo']",Palazzo della Ragione,"['AMO', 'Museo Conte', 'Torre Lamberti', 'Centro Fotografia', 'Sighseeing']",Torre Lamberti,strategy_nearest,True,0.003377199172973633,success
04B7E8429C4C80,1,['Arena'],Torre Lamberti,"['Sighseeing', 'Centro Fotografia', 'Museo Conte', 'Casa Giulietta', 'Palazzo della Ragione']",Palazzo della Ragione,strategy_nearest,True,0.003386974334716797,success
04B7F7429C4C80,3,"['Arena', 'Santa Anastasia', 'Castelvecchio']",Teatro Romano,"['Duomo', 'AMO', 'Palazzo della Ragione', 'Museo Conte', 'Centro Fotografia']",Torre Lamberti,strategy_nearest,False,0.0021491050720214844,success
04B7FA429C4C80,3,"['Teatro Romano', 'Duomo', 'San Zeno']",Castelvecchio,"['Museo Lapidario', 'Verona Tour', 'Arena', 'Museo Radio', 'Sighseeing']",Santa Anastasia,strategy_nearest,False,0.0025489330291748047,success
04B7F83A9C4C80,1,['Casa Giulietta'],Palazzo della Ragione,"['AMO', 'Museo Conte', 'Torre Lamberti', 'Centro Fotografia', 'Sighseeing']",Torre Lamberti,strategy_nearest,True,0.002794027328491211,success
04B7F9429C4C80,3,"['Museo Lapidario', 'Arena', 'San Fermo', 'San Zeno', 'Castelvecchio']",Santa Anastasia,"['AMO', 'Museo Conte', 'Palazzo della Ragione', 'Teatro Romano', 'Centro Fotografia']",Duomo,strategy_nearest,False,0.003384113311767578,success
04B7FB4A9C4C80,3,"['Arena', 'Casa Giulietta']",Santa Anastasia,"['AMO', 'Museo Conte', 'Palazzo della Ragione', 'Teatro Romano', 'Centro Fotografia']",Duomo,strategy_nearest,False,0.0015959739685058594,success
04B800429C4C84,1,"['Arena', 'Casa Giulietta', 'Palazzo della Ragione']",Torre Lamberti,"['Sighseeing', 'Centro Fotografia', 'Museo Conte', 'AMO', 'Museo Miniscalchi']",Santa Anastasia,strategy_nearest,False,0.002444028854370117,success
04B801429C4C84,0,['Castelvecchio'],Arena,"['Verona Tour', 'Museo Lapidario', 'Museo Radio', 'San Fermo', 'Casa Giulietta']",Casa Giulietta,strategy_nearest,True,0.0026769638061523438,success
04B8024A9C4C84,0,"['Arena', 'Museo Lapidario']",Casa Giulietta,"['Centro Fotografia', 'Sighseeing', 'Torre Lamberti', 'Museo Conte', 'Museo Radio']",Torre Lamberti,strategy_nearest,True,0.0023980140686035156,success
04B8004A9C4C84,2,['Casa Giulietta'],Torre Lamberti,"['Sighseeing', 'Centro Fotografia', 'Museo Conte', 'Palazzo della Ragione', 'AMO']",Santa Anastasia,strategy_nearest,False,0.0041959285736083984,success
04B8044A9C4C84,3,['Santa Anastasia'],Torre Lamberti,"['Sighseeing', 'Centro Fotografia', 'Museo Conte', 'Casa Giulietta', 'Palazzo della Ragione']",Arena,strategy_nearest,False,0.003108978271484375,success
04B8064A9C4C84,3,"['Arena', 'Duomo']",Santa Anastasia,"['AMO', 'Museo Conte', 'Palazzo della Ragione', 'Teatro Romano', 'Centro Fotografia']",Casa Giulietta,strategy_nearest,False,0.002263784408569336,success
04B812429C4C84,1,"['Arena', 'Teatro Romano']",Casa Giulietta,"['Centro Fotografia', 'Sighseeing', 'Torre Lamberti', 'Museo Conte', 'Museo Radio']",Castelvecchio,strategy_nearest,False,0.002749919891357422,success
04B8124A9C4C84,1,"['Arena', 'Casa Giulietta', 'Torre Lamberti', 'Palazzo della Ragione']",Santa Anastasia,"['AMO', 'Museo Conte', 'Teatro Romano', 'Centro Fotografia', 'Duomo']",Duomo,strategy_nearest,True,0.0034186840057373047,success
04B8084A9C4C84,0,['Arena'],Torre Lamberti,"['Sighseeing', 'Centro Fotografia', 'Museo Conte', 'Casa Giulietta', 'Palazzo della Ragione']",Duomo,strategy_nearest,False,0.0034401416778564453,success
04B8134A9C4C80,3,"['Arena', 'Casa Giulietta']",Torre Lamberti,"['Sighseeing', 'Centro Fotografia', 'Museo Conte', 'Palazzo della Ragione', 'AMO']",Teatro Romano,strategy_nearest,False,0.003907918930053711,success
04B8143A9C4C80,3,['Arena'],Duomo,"['AMO', 'Museo Miniscalchi', 'Santa Anastasia', 'Teatro Romano', 'Palazzo della Ragione']",Giardino Giusti,strategy_nearest,False,0.0018029212951660156,success
04B8143A9C4C84,1,"['Museo Lapidario', 'Arena', 'Castelvecchio']",Duomo,"['AMO', 'Museo Miniscalchi', 'Santa Anastasia', 'Teatro Romano', 'Palazzo della Ragione']",Teatro Romano,strategy_nearest,True,0.002593994140625,success
04B818429C4C84,1,['Arena'],Torre Lamberti,"['Sighseeing', 'Centro Fotografia', 'Museo Conte', 'Casa Giulietta', 'Palazzo della Ragione']",Palazzo della Ragione,strategy_nearest,True,0.003081083297729492,success
04B81B3A9C4C80,3,"['San Zeno', 'Castelvecchio', 'Arena']",Casa Giulietta,"['Centro Fotografia', 'Sighseeing', 'Torre Lamberti', 'Museo Conte', 'Museo Radio']",Torre Lamberti,strategy_nearest,True,0.0032100677490234375,success
04B8273A9C4C84,1,"['Santa Anastasia', 'Castelvecchio', 'Arena']",Casa Giulietta,"['Centro Fotografia', 'Sighseeing', 'Torre Lamberti', 'Museo Conte', 'Museo Radio']",Teatro Romano,strategy_nearest,False,0.0018181800842285156,success
04B827429C4C84,1,"['Torre Lamberti', 'Palazzo della Ragione', 'San Fermo']",Tomba Giulietta,"['Museo Storia', 'Arena', 'Museo Lapidario', 'Museo Radio', 'Verona Tour']",San Zeno,strategy_nearest,False,0.00434112548828125,success
04B83D3A9C4C80,3,"['Castelvecchio', 'Museo Lapidario', 'Arena', 'San Fermo']",Casa Giulietta,"['Centro Fotografia', 'Sighseeing', 'Torre Lamberti', 'Museo Conte', 'Museo Radio']",Santa Anastasia,strategy_nearest,False,0.0030782222747802734,success
04B8314A9C4C80,1,"['Arena', 'Castelvecchio', 'Palazzo della Ragione']",Torre Lamberti,"['Sighseeing', 'Centro Fotografia', 'Museo Conte', 'Casa Giulietta', 'AMO']",Casa Giulietta,strategy_nearest,True,0.002655029296875,success
04B82D429C4C80,0,['Casa Giulietta'],Arena,"['Verona Tour', 'Museo Lapidario', 'Museo Radio', 'San Fermo', 'Sighseeing']",Torre Lamberti,strategy_nearest,False,0.002568960189819336,success
04B8563A9C4C80,0,['Arena'],Casa Giulietta,"['Centro Fotografia', 'Sighseeing', 'Torre Lamberti', 'Museo Conte', 'Museo Radio']",Palazzo della Ragione,strategy_nearest,False,0.0020368099212646484,success
04B8433A9C4C80,1,"['San Zeno', 'Castelvecchio', 'Casa Giulietta', 'Arena', 'Museo Lapidario', 'Santa Anastasia']",Duomo,"['AMO', 'Museo Miniscalchi', 'Teatro Romano', 'Palazzo della Ragione', 'Museo Conte']",Teatro Romano,strategy_nearest,True,0.0034220218658447266,success
04B844429C4C80,0,"['Tomba Giulietta', 'Casa Giulietta']",Duomo,"['AMO', 'Museo Miniscalchi', 'Santa Anastasia', 'Teatro Romano', 'Palazzo della Ragione']",Arena,strategy_nearest,False,0.0034029483795166016,success
04B8554A9C4C80,3,"['Arena', 'Casa Giulietta']",Teatro Romano,"['Santa Anastasia', 'Duomo', 'AMO', 'Palazzo della Ragione', 'Museo Conte']",Castelvecchio,strategy_nearest,False,0.0014872550964355469,success
04B87C4A9C4C80,3,"['Arena', 'Casa Giulietta']",Torre Lamberti,"['Sighseeing', 'Centro Fotografia', 'Museo Conte', 'Palazzo della Ragione', 'AMO']",Santa Anastasia,strategy_nearest,False,0.0015821456909179688,success
04B859429C4C80,3,"['Teatro Romano', 'Santa Anastasia', 'Casa Giulietta']",San Zeno,"['Castelvecchio', 'Verona Tour', 'Museo Lapidario', 'Arena', 'Museo Miniscalchi']",Castelvecchio,strategy_nearest,True,0.0022552013397216797,success
04B87D4A9C4C80,3,"['Castelvecchio', 'Arena']",Santa Anastasia,"['AMO', 'Museo Conte', 'Palazzo della Ragione', 'Teatro Romano', 'Centro Fotografia']",Casa Giulietta,strategy_nearest,False,0.0027599334716796875,success
04B890429C4C80,0,['Arena'],Teatro Romano,"['Santa Anastasia', 'Duomo', 'AMO', 'Palazzo della Ragione', 'Museo Conte']",Castelvecchio,strategy_nearest,False,0.003314971923828125,success
04B89A4A9C4C80,3,"['Casa Giulietta', 'Torre Lamberti', 'Santa Anastasia']",Duomo,"['AMO', 'Museo Miniscalchi', 'Teatro Romano', 'Palazzo della Ragione', 'Museo Conte']",Teatro Romano,strategy_nearest,True,0.0028748512268066406,success
04B8A83A9C4C80,0,['San Zeno'],Torre Lamberti,"['Sighseeing', 'Centro Fotografia', 'Museo Conte', 'Casa Giulietta', 'Palazzo della Ragione']",Casa Giulietta,strategy_nearest,True,0.0014891624450683594,success
04B89C4A9C4C80,0,['Arena'],Castelvecchio,"['Museo Lapidario', 'Verona Tour', 'Museo Radio', 'San Zeno', 'Sighseeing']",Torre Lamberti,strategy_nearest,False,0.0034797191619873047,success
04B8A93A9C4C80,3,"['Arena', 'Museo Lapidario']",Castelvecchio,"['Verona Tour', 'Museo Radio', 'San Zeno', 'Sighseeing', 'Museo Miniscalchi']",Casa Giulietta,strategy_nearest,False,0.003306865692138672,success
04B8B34A9C4C80,2,['Casa Giulietta'],Torre Lamberti,"['Sighseeing', 'Centro Fotografia', 'Museo Conte', 'Palazzo della Ragione', 'AMO']",Santa Anastasia,strategy_nearest,False,0.0026459693908691406,success
04B8B2429C4C80,3,"['Arena', 'Casa Giulietta']",Torre Lamberti,"['Sighseeing', 'Centro Fotografia', 'Museo Conte', 'Palazzo della Ragione', 'AMO']",Santa Anastasia,strategy_nearest,False,0.002516031265258789,success
04B8B54A9C4C80,1,"['Teatro Romano', 'Duomo', 'Santa Anastasia', 'Casa Giulietta']",Arena,"['Verona Tour', 'Museo Lapidario', 'Museo Radio', 'San Fermo', 'Sighseeing']",Castelvecchio,strategy_nearest,False,0.0031969547271728516,success
04B8B23A9C4C80,3,"['Arena', 'Casa Giulietta']",Torre Lamberti,"['Sighseeing', 'Centro Fotografia', 'Museo Conte', 'Palazzo della Ragione', 'AMO']",Duomo,strategy_nearest,False,0.0026400089263916016,success
04B8BC429C4C80,3,"['Arena', 'Casa Giulietta', 'Torre Lamberti']",Duomo,"['AMO', 'Museo Miniscalchi', 'Santa Anastasia', 'Teatro Romano', 'Palazzo della Ragione']",Teatro Romano,strategy_nearest,True,0.002190113067626953,success
04B8B74A9C4C80,1,"['Arena', 'Palazzo della Ragione']",Torre Lamberti,"['Sighseeing', 'Centro Fotografia', 'Museo Conte', 'Casa Giulietta', 'AMO']",Casa Giulietta,strategy_nearest,True,0.003487825393676758,success
04B8BA4A9C4C80,2,['Castelvecchio'],Santa Anastasia,"['AMO', 'Museo Conte', 'Palazzo della Ragione', 'Teatro Romano', 'Centro Fotografia']",Duomo,strategy_nearest,False,0.0028650760650634766,success
04B8BC4A9C4C80,0,"['Arena', 'Casa Giulietta']",Torre Lamberti,"['Sighseeing', 'Centro Fotografia', 'Museo Conte', 'Palazzo della Ragione', 'AMO']",Castelvecchio,strategy_nearest,False,0.0014410018920898438,success
04B8CB429C4C80,1,"['Arena', 'Castelvecchio', 'Torre Lamberti']",Palazzo della Ragione,"['AMO', 'Museo Conte', 'Centro Fotografia', 'Sighseeing', 'Santa Anastasia']",Casa Giulietta,strategy_nearest,False,0.0020112991333007812,success
04B8C93A9C4C80,0,"['Castelvecchio', 'Arena']",Casa Giulietta,"['Centro Fotografia', 'Sighseeing', 'Torre Lamberti', 'Museo Conte', 'Museo Radio']",Torre Lamberti,strategy_nearest,True,0.002810955047607422,success
04B8CC4A9C4C80,3,"['Arena', 'Torre Lamberti']",Casa Giulietta,"['Centro Fotografia', 'Sighseeing', 'Museo Conte', 'Museo Radio', 'Palazzo della Ragione']",Santa Anastasia,strategy_nearest,False,0.0013041496276855469,success
04B8D03A9C4C80,3,"['Arena', 'Casa Giulietta']",Santa Anastasia,"['AMO', 'Museo Conte', 'Palazzo della Ragione', 'Teatro Romano', 'Centro Fotografia']",Duomo,strategy_nearest,False,0.003403902053833008,success
04B8D2429C4C80,1,"['Arena', 'San Fermo', 'Casa Giulietta', 'Teatro Romano']",San Zeno,"['Castelvecchio', 'Verona Tour', 'Museo Lapidario', 'Museo Miniscalchi', 'Sighseeing']",Castelvecchio,strategy_nearest,True,0.001889944076538086,success
04B8D9429C4C80,0,['Arena'],Casa Giulietta,"['Centro Fotografia', 'Sighseeing', 'Torre Lamberti', 'Museo Conte', 'Museo Radio']",Torre Lamberti,strategy_nearest,True,0.0028619766235351562,success
04B8E93A9C4C80,2,"['Santa Anastasia', 'Torre Lamberti']",Casa Giulietta,"['Centro Fotografia', 'Sighseeing', 'Museo Conte', 'Museo Radio', 'Palazzo della Ragione']",Castelvecchio,strategy_nearest,False,0.002966165542602539,success
04B8E9429C4C80,0,['Arena'],Castelvecchio,"['Museo Lapidario', 'Verona Tour', 'Museo Radio', 'San Zeno', 'Sighseeing']",Museo Lapidario,strategy_nearest,True,0.002808094024658203,success
04B8EA429C4C80,0,"['Teatro Romano', 'Casa Giulietta']",Arena,"['Verona Tour', 'Museo Lapidario', 'Museo Radio', 'San Fermo', 'Sighseeing']",Torre Lamberti,strategy_nearest,False,0.0025053024291992188,success
04B8E8429C4C80,3,"['Arena', 'Casa Giulietta']",Castelvecchio,"['Museo Lapidario', 'Verona Tour', 'Museo Radio', 'San Zeno', 'Sighseeing']",Torre Lamberti,strategy_nearest,False,0.0033559799194335938,success
04B8EB429C4C80,0,['Arena'],Casa Giulietta,"['Centro Fotografia', 'Sighseeing', 'Torre Lamberti', 'Museo Conte', 'Museo Radio']",Torre Lamberti,strategy_nearest,True,0.0020110607147216797,success
04B8EE4A9C4C80,3,"['Castelvecchio', 'Arena']",Torre Lamberti,"['Sighseeing', 'Centro Fotografia', 'Museo Conte', 'Casa Giulietta', 'Palazzo della Ragione']",Teatro Romano,strategy_nearest,False,0.002596139907836914,success
04B8ED4A9C4C80,0,['Arena'],Casa Giulietta,"['Centro Fotografia', 'Sighseeing', 'Torre Lamberti', 'Museo Conte', 'Museo Radio']",Tomba Giulietta,strategy_nearest,False,0.0027179718017578125,success
04B8F74A9C4C80,0,"['Arena', 'Casa Giulietta']",Teatro Romano,"['Santa Anastasia', 'Duomo', 'AMO', 'Palazzo della Ragione', 'Museo Conte']",Castelvecchio,strategy_nearest,False,0.003354787826538086,success
04B8FC3A9C4C80,0,['Torre Lamberti'],Duomo,"['AMO', 'Museo Miniscalchi', 'Santa Anastasia', 'Teatro Romano', 'Palazzo della Ragione']",Castelvecchio,strategy_nearest,False,0.003408193588256836,success
04B8FF429C4C80,0,['Arena'],Casa Giulietta,"['Centro Fotografia', 'Sighseeing', 'Torre Lamberti', 'Museo Conte', 'Museo Radio']",Duomo,strategy_nearest,False,0.0019390583038330078,success
04B8FE429C4C80,4,"['Arena', 'Torre Lamberti', 'Palazzo della Ragione', 'Casa Giulietta', 'Santa Anastasia']",Duomo,"['AMO', 'Museo Miniscalchi', 'Teatro Romano', 'Museo Conte', 'Centro Fotografia']",Teatro Romano,strategy_nearest,True,0.003428936004638672,success
04B9004A9C4C84,3,"['Castelvecchio', 'Arena']",Santa Anastasia,"['AMO', 'Museo Conte', 'Palazzo della Ragione', 'Teatro Romano', 'Centro Fotografia']",Duomo,strategy_nearest,False,0.002872943878173828,success
04B9024A9C4C84,1,"['Arena', 'Palazzo della Ragione']",Torre Lamberti,"['Sighseeing', 'Centro Fotografia', 'Museo Conte', 'Casa Giulietta', 'AMO']",Teatro Romano,strategy_nearest,False,0.003439188003540039,success
04B9084A9C4C84,0,['Arena'],Castelvecchio,"['Museo Lapidario', 'Verona Tour', 'Museo Radio', 'San Zeno', 'Sighseeing']",Casa Giulietta,strategy_nearest,False,0.0020101070404052734,success
04B90D429C4C84,3,"['Arena', 'Castelvecchio', 'San Zeno']",Casa Giulietta,"['Centro Fotografia', 'Sighseeing', 'Torre Lamberti', 'Museo Conte', 'Museo Radio']",Duomo,strategy_nearest,False,0.0032782554626464844,success
04B9094A9C4C84,1,"['Arena', 'Casa Giulietta', 'Palazzo della Ragione', 'Torre Lamberti', 'Santa Anastasia']",Duomo,"['AMO', 'Museo Miniscalchi', 'Teatro Romano', 'Museo Conte', 'Centro Fotografia']",Teatro Romano,strategy_nearest,True,0.003387928009033203,success
04B91B3A9C4C80,2,['Teatro Romano'],Duomo,"['AMO', 'Museo Miniscalchi', 'Santa Anastasia', 'Palazzo della Ragione', 'Museo Conte']",Torre Lamberti,strategy_nearest,False,0.002031087875366211,success
04B916429C4C80,0,['Arena'],Casa Giulietta,"['Centro Fotografia', 'Sighseeing', 'Torre Lamberti', 'Museo Conte', 'Museo Radio']",Torre Lamberti,strategy_nearest,True,0.0026650428771972656,success
04B90F429C4C84,3,"['Arena', 'Casa Giulietta']",Torre Lamberti,"['Sighseeing', 'Centro Fotografia', 'Museo Conte', 'Palazzo della Ragione', 'AMO']",Santa Anastasia,strategy_nearest,False,0.003306150436401367,success
04B90D4A9C4C80,1,"['Museo Lapidario', 'Teatro Romano', 'Duomo']",Palazzo della Ragione,"['AMO', 'Museo Conte', 'Torre Lamberti', 'Centro Fotografia', 'Sighseeing']",Casa Giulietta,strategy_nearest,False,0.0028057098388671875,success
04B920429C4C80,1,"['Arena', 'Casa Giulietta', 'Torre Lamberti']",Palazzo della Ragione,"['AMO', 'Museo Conte', 'Centro Fotografia', 'Sighseeing', 'Santa Anastasia']",San Zeno,strategy_nearest,False,0.0022459030151367188,success
04B9253A9C4C80,3,"['Casa Giulietta', 'Torre Lamberti', 'Santa Anastasia']",Duomo,"['AMO', 'Museo Miniscalchi', 'Teatro Romano', 'Palazzo della Ragione', 'Museo Conte']",Teatro Romano,strategy_nearest,True,0.002830028533935547,success
04B923429C4C84,3,"['Arena', 'Casa Giulietta', 'Castelvecchio']",Tomba Giulietta,"['San Fermo', 'Museo Storia', 'Museo Lapidario', 'Museo Radio', 'Verona Tour']",San Fermo,strategy_nearest,True,0.0014348030090332031,success
04B9264A9C4C80,1,"['Teatro Romano', 'Tomba Giulietta', 'Casa Giulietta']",Palazzo della Ragione,"['AMO', 'Museo Conte', 'Torre Lamberti', 'Centro Fotografia', 'Sighseeing']",Torre Lamberti,strategy_nearest,True,0.003365039825439453,success
04B9274A9C4C80,3,"['Santa Anastasia', 'Torre Lamberti', 'Casa Giulietta', 'San Fermo']",Arena,"['Verona Tour', 'Museo Lapidario', 'Museo Radio', 'Sighseeing', 'Castelvecchio']",Museo Lapidario,strategy_nearest,True,0.002209186553955078,success
04B928429C4C84,3,"['Arena', 'Casa Giulietta']",Torre Lamberti,"['Sighseeing', 'Centro Fotografia', 'Museo Conte', 'Palazzo della Ragione', 'AMO']",Duomo,strategy_nearest,False,0.0023980140686035156,success
04B92F3A9C4C80,1,"['Arena', 'Casa Giulietta', 'Castelvecchio']",Torre Lamberti,"['Sighseeing', 'Centro Fotografia', 'Museo Conte', 'Palazzo della Ragione', 'AMO']",Santa Anastasia,strategy_nearest,False,0.002569913864135742,success
04B92C429C4C80,0,['Casa Giulietta'],Torre Lamberti,"['Sighseeing', 'Centro Fotografia', 'Museo Conte', 'Palazzo della Ragione', 'AMO']",Arena,strategy_nearest,False,0.0032529830932617188,success
04B9323A9C4C80,3,['Arena'],Duomo,"['AMO', 'Museo Miniscalchi', 'Santa Anastasia', 'Teatro Romano', 'Palazzo della Ragione']",Castelvecchio,strategy_nearest,False,0.0032072067260742188,success
04B9334A9C4C80,4,"['Arena', 'Museo Lapidario', 'Castelvecchio', 'Duomo', 'Casa Giulietta', 'Torre Lamberti']",Palazzo della Ragione,"['AMO', 'Museo Conte', 'Centro Fotografia', 'Sighseeing', 'Santa Anastasia']",Museo Radio,strategy_nearest,False,0.0025479793548583984,success
04B93E429C4C80,1,"['Palazzo della Ragione', 'Torre Lamberti', 'Arena']",Santa Anastasia,"['AMO', 'Museo Conte', 'Teatro Romano', 'Centro Fotografia', 'Duomo']",Duomo,strategy_nearest,True,0.0019381046295166016,success
04B93F4A9C4C80,0,"['Tomba Giulietta', 'Arena']",San Zeno,"['Castelvecchio', 'Verona Tour', 'Museo Lapidario', 'Museo Miniscalchi', 'Sighseeing']",Torre Lamberti,strategy_nearest,False,0.002710103988647461,success
04B9503A9C4C80,1,"['Casa Giulietta', 'Palazzo della Ragione', 'Torre Lamberti']",Santa Anastasia,"['AMO', 'Museo Conte', 'Teatro Romano', 'Centro Fotografia', 'Duomo']",Arena,strategy_nearest,False,0.003204822540283203,success
04B97B4A9C4C80,3,"['Casa Giulietta', 'Torre Lamberti']",Arena,"['Verona Tour', 'Museo Lapidario', 'Museo Radio', 'San Fermo', 'Sighseeing']",Santa Anastasia,strategy_nearest,False,0.0014116764068603516,success
04B9754A9C4C80,0,['Arena'],Casa Giulietta,"['Centro Fotografia', 'Sighseeing', 'Torre Lamberti', 'Museo Conte', 'Museo Radio']",Castelvecchio,strategy_nearest,False,0.003904104232788086,success
04B975429C4C80,1,"['Tomba Giulietta', 'Castelvecchio', 'Arena']",Casa Giulietta,"['Centro Fotografia', 'Sighseeing', 'Torre Lamberti', 'Museo Conte', 'Museo Radio']",Torre Lamberti,strategy_nearest,True,0.003335237503051758,success
04B95F3A9C4C80,3,"['Casa Giulietta', 'Arena']",Castelvecchio,"['Museo Lapidario', 'Verona Tour', 'Museo Radio', 'San Zeno', 'Sighseeing']",Torre Lamberti,strategy_nearest,False,0.0034749507904052734,success
04B98B429C4C80,0,['Arena'],Casa Giulietta,"['Centro Fotografia', 'Sighseeing', 'Torre Lamberti', 'Museo Conte', 'Museo Radio']",Torre Lamberti,strategy_nearest,True,0.0029408931732177734,success
04B9893A9C4C80,1,"['Arena', 'Casa Giulietta', 'Torre Lamberti', 'Palazzo della Ragione']",Teatro Romano,"['Santa Anastasia', 'Duomo', 'AMO', 'Museo Conte', 'Centro Fotografia']",Duomo,strategy_nearest,True,0.0023458003997802734,success
04B980429C4C80,0,['Arena'],Casa Giulietta,"['Centro Fotografia', 'Sighseeing', 'Torre Lamberti', 'Museo Conte', 'Museo Radio']",Santa Anastasia,strategy_nearest,False,0.001585245132446289,success
04B9944A9C4C80,2,['Castelvecchio'],Casa Giulietta,"['Centro Fotografia', 'Sighseeing', 'Torre Lamberti', 'Museo Conte', 'Museo Radio']",San Fermo,strategy_nearest,False,0.0035369396209716797,success
04B9954A9C4C80,1,"['Arena', 'Palazzo della Ragione']",Torre Lamberti,"['Sighseeing', 'Centro Fotografia', 'Museo Conte', 'Casa Giulietta', 'AMO']",Duomo,strategy_nearest,False,0.0028460025787353516,success
04B99A4A9C4C80,0,['Casa Giulietta'],Duomo,"['AMO', 'Museo Miniscalchi', 'Santa Anastasia', 'Teatro Romano', 'Palazzo della Ragione']",Arena,strategy_nearest,False,0.0034139156341552734,success
04B9A3429C4C80,0,"['Castelvecchio', 'Arena']",Casa Giulietta,"['Centro Fotografia', 'Sighseeing', 'Torre Lamberti', 'Museo Conte', 'Museo Radio']",Torre Lamberti,strategy_nearest,True,0.0014162063598632812,success
04B99E429C4C80,1,"['Casa Giulietta', 'Palazzo della Ragione']",Torre Lamberti,"['Sighseeing', 'Centro Fotografia', 'Museo Conte', 'AMO', 'Museo Miniscalchi']",Castelvecchio,strategy_nearest,False,0.003918886184692383,success
04B9B34A9C4C80,0,['Arena'],Castelvecchio,"['Museo Lapidario', 'Verona Tour', 'Museo Radio', 'San Zeno', 'Sighseeing']",Teatro Romano,strategy_nearest,False,0.0028312206268310547,success
04B9B74A9C4C80,3,"['Arena', 'Casa Giulietta']",Santa Anastasia,"['AMO', 'Museo Conte', 'Palazzo della Ragione', 'Teatro Romano', 'Centro Fotografia']",Duomo,strategy_nearest,False,0.0033180713653564453,success
04B9AE429C4C80,1,"['Teatro Romano', 'Torre Lamberti', 'Palazzo della Ragione']",Arena,"['Verona Tour', 'Museo Lapidario', 'Museo Radio', 'San Fermo', 'Casa Giulietta']",San Fermo,strategy_nearest,True,0.0016188621520996094,success
04B9B23A9C4C80,0,['Arena'],Torre Lamberti,"['Sighseeing', 'Centro Fotografia', 'Museo Conte', 'Casa Giulietta', 'Palazzo della Ragione']",Casa Giulietta,strategy_nearest,True,0.0022430419921875,success
04B9B84A9C4C80,2,['Casa Giulietta'],Santa Anastasia,"['AMO', 'Museo Conte', 'Palazzo della Ragione', 'Teatro Romano', 'Centro Fotografia']",Teatro Romano,strategy_nearest,True,0.0021986961364746094,success
04B9BC4A9C4C80,0,['Arena'],Castelvecchio,"['Museo Lapidario', 'Verona Tour', 'Museo Radio', 'San Zeno', 'Sighseeing']",Casa Giulietta,strategy_nearest,False,0.001561880111694336,success
04B9BF4A9C4C80,0,"['Castelvecchio', 'Torre Lamberti']",Teatro Romano,"['Santa Anastasia', 'Duomo', 'AMO', 'Palazzo della Ragione', 'Museo Conte']",Casa Giulietta,strategy_nearest,False,0.0033080577850341797,success
04B9BE4A9C4C80,3,"['Arena', 'Casa Giulietta']",Torre Lamberti,"['Sighseeing', 'Centro Fotografia', 'Museo Conte', 'Palazzo della Ragione', 'AMO']",Santa Anastasia,strategy_nearest,False,0.002666950225830078,success
04B9D23A9C4C80,3,"['Arena', 'Tomba Giulietta', 'San Fermo', 'Casa Giulietta']",Torre Lamberti,"['Sighseeing', 'Centro Fotografia', 'Museo Conte', 'Palazzo della Ragione', 'AMO']",Santa Anastasia,strategy_nearest,False,0.001420736312866211,success
04B9C44A9C4C80,0,"['Arena', 'Teatro Romano']",San Fermo,"['Museo Storia', 'Museo Radio', 'Casa Giulietta', 'Centro Fotografia', 'Sighseeing']",Casa Giulietta,strategy_nearest,True,0.0039577484130859375,success
04B9C03A9C4C80,2,['San Zeno'],Torre Lamberti,"['Sighseeing', 'Centro Fotografia', 'Museo Conte', 'Casa Giulietta', 'Palazzo della Ragione']",Palazzo della Ragione,strategy_nearest,True,0.0028448104858398438,success
04B9DF429C4C80,0,['Casa Giulietta'],Arena,"['Verona Tour', 'Museo Lapidario', 'Museo Radio', 'San Fermo', 'Sighseeing']",Castelvecchio,strategy_nearest,False,0.002638101577758789,success
04B9E1429C4C80,3,"['Arena', 'Castelvecchio', 'Casa Giulietta']",Torre Lamberti,"['Sighseeing', 'Centro Fotografia', 'Museo Conte', 'Palazzo della Ragione', 'AMO']",Santa Anastasia,strategy_nearest,False,0.0028748512268066406,success
04B9F14A9C4C80,0,['Arena'],Torre Lamberti,"['Sighseeing', 'Centro Fotografia', 'Museo Conte', 'Casa Giulietta', 'Palazzo della Ragione']",Casa Giulietta,strategy_nearest,True,0.0033981800079345703,success
04B9EF4A9C4C80,3,"['Arena', 'Casa Giulietta']",Torre Lamberti,"['Sighseeing', 'Centro Fotografia', 'Museo Conte', 'Palazzo della Ragione', 'AMO']",Santa Anastasia,strategy_nearest,False,0.0016148090362548828,success
04B9F43A9C4C80,3,"['Arena', 'Casa Giulietta']",Castelvecchio,"['Museo Lapidario', 'Verona Tour', 'Museo Radio', 'San Zeno', 'Sighseeing']",Teatro Romano,strategy_nearest,False,0.0021240711212158203,success
04B9FD4A9C4C80,0,['Arena'],Casa Giulietta,"['Centro Fotografia', 'Sighseeing', 'Torre Lamberti', 'Museo Conte', 'Museo Radio']",Torre Lamberti,strategy_nearest,True,0.001390695571899414,success
04B9F54A9C4C80,1,"['Arena', 'Torre Lamberti']",Palazzo della Ragione,"['AMO', 'Museo Conte', 'Centro Fotografia', 'Sighseeing', 'Santa Anastasia']",Casa Giulietta,strategy_nearest,False,0.003428936004638672,success
04B9FC429C4C80,2,"['Casa Giulietta', 'Duomo']",Teatro Romano,"['Santa Anastasia', 'AMO', 'Palazzo della Ragione', 'Museo Conte', 'Centro Fotografia']",Castelvecchio,strategy_nearest,False,0.0027823448181152344,success
04B9FA429C4C80,1,"['Arena', 'Santa Anastasia', 'Duomo']",Casa Giulietta,"['Centro Fotografia', 'Sighseeing', 'Torre Lamberti', 'Museo Conte', 'Museo Radio']",Palazzo della Ragione,strategy_nearest,False,0.002202749252319336,success
04BA094A9C4C84,0,['Arena'],Torre Lamberti,"['Sighseeing', 'Centro Fotografia', 'Museo Conte', 'Casa Giulietta', 'Palazzo della Ragione']",Casa Giulietta,strategy_nearest,True,0.0021200180053710938,success
04BA044A9C4C84,3,"['Arena', 'San Fermo']",Torre Lamberti,"['Sighseeing', 'Centro Fotografia', 'Museo Conte', 'Casa Giulietta', 'Palazzo della Ragione']",Santa Anastasia,strategy_nearest,False,0.0028791427612304688,success
04BA05429C4C84,0,['Arena'],Teatro Romano,"['Santa Anastasia', 'Duomo', 'AMO', 'Palazzo della Ragione', 'Museo Conte']",Duomo,strategy_nearest,True,0.0015799999237060547,success
04BA0A4A9C4C84,1,"['Arena', 'Castelvecchio', 'Casa Giulietta']",Torre Lamberti,"['Sighseeing', 'Centro Fotografia', 'Museo Conte', 'Palazzo della Ragione', 'AMO']",Palazzo della Ragione,strategy_nearest,True,0.0034890174865722656,success
04BA0D4A9C4C80,1,"['Arena', 'Castelvecchio']",Casa Giulietta,"['Centro Fotografia', 'Sighseeing', 'Torre Lamberti', 'Museo Conte', 'Museo Radio']",Palazzo della Ragione,strategy_nearest,False,0.001651763916015625,success
04BA1A4A9C4C80,3,"['Casa Giulietta', 'Arena', 'Tomba Giulietta']",San Fermo,"['Museo Storia', 'Museo Radio', 'Centro Fotografia', 'Sighseeing', 'Torre Lamberti']",Torre Lamberti,strategy_nearest,True,0.0026619434356689453,success
04BA23429C4C84,1,"['Arena', 'Castelvecchio', 'Casa Giulietta', 'Teatro Romano']",Duomo,"['AMO', 'Museo Miniscalchi', 'Santa Anastasia', 'Palazzo della Ragione', 'Museo Conte']",Palazzo della Ragione,strategy_nearest,True,0.002794027328491211,success
04BA21429C4C80,3,['Arena'],Santa Anastasia,"['AMO', 'Museo Conte', 'Palazzo della Ragione', 'Teatro Romano', 'Centro Fotografia']",Duomo,strategy_nearest,False,0.003237009048461914,success
04BA124A9C4C84,1,"['Arena', 'Tomba Giulietta', 'San Fermo', 'Casa Giulietta']",Torre Lamberti,"['Sighseeing', 'Centro Fotografia', 'Museo Conte', 'Palazzo della Ragione', 'AMO']",Palazzo della Ragione,strategy_nearest,True,0.0034329891204833984,success
04BA25429C4C84,0,['Castelvecchio'],Arena,"['Verona Tour', 'Museo Lapidario', 'Museo Radio', 'San Fermo', 'Casa Giulietta']",Tomba Giulietta,strategy_nearest,False,0.0028412342071533203,success
04BA313A9C4C80,2,['Casa Giulietta'],Torre Lamberti,"['Sighseeing', 'Centro Fotografia', 'Museo Conte', 'Palazzo della Ragione', 'AMO']",Duomo,strategy_nearest,False,0.0034139156341552734,success
04BA293A9C4C80,1,"['Casa Giulietta', 'Castelvecchio', 'Torre Lamberti']",Palazzo della Ragione,"['AMO', 'Museo Conte', 'Centro Fotografia', 'Sighseeing', 'Santa Anastasia']",Arena,strategy_nearest,False,0.0022430419921875,success
04BA383A9C4C80,4,"['Castelvecchio', 'Casa Giulietta', 'Torre Lamberti']",Teatro Romano,"['Santa Anastasia', 'Duomo', 'AMO', 'Palazzo della Ragione', 'Museo Conte']",Duomo,strategy_nearest,True,0.0014259815216064453,success
04BA45429C4C80,2,"['Torre Lamberti', 'Casa Giulietta', 'Castelvecchio']",San Fermo,"['Museo Storia', 'Museo Radio', 'Centro Fotografia', 'Arena', 'Sighseeing']",Duomo,strategy_nearest,False,0.0020542144775390625,success
04BA404A9C4C80,3,"['Arena', 'San Fermo']",Casa Giulietta,"['Centro Fotografia', 'Sighseeing', 'Torre Lamberti', 'Museo Conte', 'Museo Radio']",Torre Lamberti,strategy_nearest,True,0.0015060901641845703,success
04BA4A429C4C80,2,['Casa Giulietta'],Torre Lamberti,"['Sighseeing', 'Centro Fotografia', 'Museo Conte', 'Palazzo della Ragione', 'AMO']",Tomba Giulietta,strategy_nearest,False,0.0032911300659179688,success
04BA474A9C4C80,3,"['Castelvecchio', 'Arena']",San Fermo,"['Museo Storia', 'Museo Radio', 'Casa Giulietta', 'Centro Fotografia', 'Sighseeing']",Casa Giulietta,strategy_nearest,True,0.0026988983154296875,success
04BA523A9C4C80,0,['Arena'],Duomo,"['AMO', 'Museo Miniscalchi', 'Santa Anastasia', 'Teatro Romano', 'Palazzo della Ragione']",Castelvecchio,strategy_nearest,False,0.00286102294921875,success
04BA503A9C4C80,3,"['Casa Giulietta', 'Santa Anastasia']",Duomo,"['AMO', 'Museo Miniscalchi', 'Teatro Romano', 'Palazzo della Ragione', 'Museo Conte']",Teatro Romano,strategy_nearest,True,0.0022220611572265625,success
04BA573A9C4C80,1,"['Santa Anastasia', 'Arena', 'Torre Lamberti']",Casa Giulietta,"['Centro Fotografia', 'Sighseeing', 'Museo Conte', 'Museo Radio', 'Palazzo della Ragione']",San Zeno,strategy_nearest,False,0.0034132003784179688,success
04BA5C429C4C80,0,"['Casa Giulietta', 'Torre Lamberti']",Arena,"['Verona Tour', 'Museo Lapidario', 'Museo Radio', 'San Fermo', 'Sighseeing']",Castelvecchio,strategy_nearest,False,0.002778768539428711,success
04BA7B4A9C4C80,3,"['Arena', 'Museo Lapidario']",Castelvecchio,"['Verona Tour', 'Museo Radio', 'San Zeno', 'Sighseeing', 'Museo Miniscalchi']",Casa Giulietta,strategy_nearest,False,0.001459360122680664,success
04BA663A9C4C80,1,"['Arena', 'Museo Lapidario', 'Tomba Giulietta']",San Fermo,"['Museo Storia', 'Museo Radio', 'Casa Giulietta', 'Centro Fotografia', 'Sighseeing']",Palazzo della Ragione,strategy_nearest,False,0.003531932830810547,success
04BA8D3A9C4C80,3,"['Torre Lamberti', 'Santa Anastasia']",Duomo,"['AMO', 'Museo Miniscalchi', 'Teatro Romano', 'Palazzo della Ragione', 'Museo Conte']",Casa Giulietta,strategy_nearest,False,0.0028159618377685547,success
04BA8A4A9C4C80,3,"['Arena', 'Casa Giulietta']",Torre Lamberti,"['Sighseeing', 'Centro Fotografia', 'Museo Conte', 'Palazzo della Ragione', 'AMO']",Santa Anastasia,strategy_nearest,False,0.003620147705078125,success
04BA9D429C4C80,1,"['Casa Giulietta', 'Torre Lamberti']",Palazzo della Ragione,"['AMO', 'Museo Conte', 'Centro Fotografia', 'Sighseeing', 'Santa Anastasia']",Santa Anastasia,strategy_nearest,True,0.002414703369140625,success
04BA98429C4C80,1,['Casa Giulietta'],Torre Lamberti,"['Sighseeing', 'Centro Fotografia', 'Museo Conte', 'Palazzo della Ragione', 'AMO']",Palazzo della Ragione,strategy_nearest,True,0.0022878646850585938,success
04BAA0429C4C80,0,"['Castelvecchio', 'Arena']",Casa Giulietta,"['Centro Fotografia', 'Sighseeing', 'Torre Lamberti', 'Museo Conte', 'Museo Radio']",Teatro Romano,strategy_nearest,False,0.002688884735107422,success
04BAAB429C4C80,0,"['Arena', 'Torre Lamberti', 'Casa Giulietta']",Tomba Giulietta,"['San Fermo', 'Museo Storia', 'Museo Lapidario', 'Museo Radio', 'Verona Tour']",Castelvecchio,strategy_nearest,False,0.0023529529571533203,success
04BAAC429C4C80,1,['Arena'],Torre Lamberti,"['Sighseeing', 'Centro Fotografia', 'Museo Conte', 'Casa Giulietta', 'Palazzo della Ragione']",Palazzo della Ragione,strategy_nearest,True,0.0029091835021972656,success
04BAAE429C4C80,1,"['Teatro Romano', 'Torre Lamberti', 'Palazzo della Ragione']",Arena,"['Verona Tour', 'Museo Lapidario', 'Museo Radio', 'San Fermo', 'Casa Giulietta']",San Fermo,strategy_nearest,True,0.003827810287475586,success
04BAC23A9C4C80,3,"['Arena', 'Casa Giulietta', 'Torre Lamberti']",Santa Anastasia,"['AMO', 'Museo Conte', 'Palazzo della Ragione', 'Teatro Romano', 'Centro Fotografia']",Teatro Romano,strategy_nearest,True,0.003329038619995117,success
04BAB43A9C4C80,1,"['Arena', 'San Fermo', 'Casa Giulietta']",Palazzo della Ragione,"['AMO', 'Museo Conte', 'Torre Lamberti', 'Centro Fotografia', 'Sighseeing']",Torre Lamberti,strategy_nearest,True,0.0028641223907470703,success
04BAEA429C4C80,3,"['Santa Anastasia', 'Torre Lamberti', 'Arena']",Tomba Giulietta,"['San Fermo', 'Museo Storia', 'Museo Lapidario', 'Museo Radio', 'Verona Tour']",Casa Giulietta,strategy_nearest,False,0.002588033676147461,success
04BACF4A9C4C80,3,['Arena'],Castelvecchio,"['Museo Lapidario', 'Verona Tour', 'Museo Radio', 'San Zeno', 'Sighseeing']",Teatro Romano,strategy_nearest,False,0.0028579235076904297,success
04BAD03A9C4C80,0,['Arena'],Casa Giulietta,"['Centro Fotografia', 'Sighseeing', 'Torre Lamberti', 'Museo Conte', 'Museo Radio']",Torre Lamberti,strategy_nearest,True,0.0040547847747802734,success
04BAE9429C4C80,1,"['Teatro Romano', 'Palazzo della Ragione', 'Torre Lamberti', 'Santa Anastasia']",Casa Giulietta,"['Centro Fotografia', 'Sighseeing', 'Museo Conte', 'Museo Radio', 'San Fermo']",San Fermo,strategy_nearest,True,0.002138853073120117,success
04BAF54A9C4C80,2,['Casa Giulietta'],Santa Anastasia,"['AMO', 'Museo Conte', 'Palazzo della Ragione', 'Teatro Romano', 'Centro Fotografia']",Teatro Romano,strategy_nearest,True,0.0026030540466308594,success
04BAEF3A9C4C80,3,['Castelvecchio'],Arena,"['Verona Tour', 'Museo Lapidario', 'Museo Radio', 'San Fermo', 'Casa Giulietta']",Torre Lamberti,strategy_nearest,False,0.002836942672729492,success
04BAF34A9C4C80,3,"['Arena', 'San Fermo', 'Santa Anastasia']",Casa Giulietta,"['Centro Fotografia', 'Sighseeing', 'Torre Lamberti', 'Museo Conte', 'Museo Radio']",Castelvecchio,strategy_nearest,False,0.001600027084350586,success
04BAF53A9C4C80,0,['Arena'],Tomba Giulietta,"['San Fermo', 'Museo Storia', 'Museo Lapidario', 'Museo Radio', 'Verona Tour']",Giardino Giusti,strategy_nearest,False,0.0033957958221435547,success
04BAF9429C4C80,2,['Santa Anastasia'],Castelvecchio,"['Museo Lapidario', 'Verona Tour', 'Arena', 'Museo Radio', 'San Zeno']",Casa Giulietta,strategy_nearest,False,0.0028107166290283203,success
04BAFC4A9C4C80,0,['Arena'],Teatro Romano,"['Santa Anastasia', 'Duomo', 'AMO', 'Palazzo della Ragione', 'Museo Conte']",Castelvecchio,strategy_nearest,False,0.0013806819915771484,success
04BAFB4A9C4C80,0,['Arena'],Casa Giulietta,"['Centro Fotografia', 'Sighseeing', 'Torre Lamberti', 'Museo Conte', 'Museo Radio']",Torre Lamberti,strategy_nearest,True,0.003364086151123047,success
04BAF64A9C4C80,3,"['Casa Giulietta', 'Santa Anastasia']",Teatro Romano,"['Duomo', 'AMO', 'Palazzo della Ragione', 'Museo Conte', 'Centro Fotografia']",Arena,strategy_nearest,False,0.0022618770599365234,success
04BB01429C4C84,2,['Castelvecchio'],Santa Anastasia,"['AMO', 'Museo Conte', 'Palazzo della Ragione', 'Teatro Romano', 'Centro Fotografia']",Teatro Romano,strategy_nearest,True,0.0015642642974853516,success
04BAFE4A9C4C80,0,['Arena'],Casa Giulietta,"['Centro Fotografia', 'Sighseeing', 'Torre Lamberti', 'Museo Conte', 'Museo Radio']",Tomba Giulietta,strategy_nearest,False,0.0022001266479492188,success
04BB014A9C4C84,0,['Arena'],Casa Giulietta,"['Centro Fotografia', 'Sighseeing', 'Torre Lamberti', 'Museo Conte', 'Museo Radio']",Santa Anastasia,strategy_nearest,False,0.002707958221435547,success
04BB0B4A9C4C84,3,"['Arena', 'Casa Giulietta']",Torre Lamberti,"['Sighseeing', 'Centro Fotografia', 'Museo Conte', 'Palazzo della Ragione', 'AMO']",Santa Anastasia,strategy_nearest,False,0.003339052200317383,success
04BB0E429C4C84,0,['Arena'],Casa Giulietta,"['Centro Fotografia', 'Sighseeing', 'Torre Lamberti', 'Museo Conte', 'Museo Radio']",Torre Lamberti,strategy_nearest,True,0.0026772022247314453,success
04BB0F429C4C84,0,['Arena'],Casa Giulietta,"['Centro Fotografia', 'Sighseeing', 'Torre Lamberti', 'Museo Conte', 'Museo Radio']",Castelvecchio,strategy_nearest,False,0.002772808074951172,success
04BB0C4A9C4C84,0,['Arena'],Casa Giulietta,"['Centro Fotografia', 'Sighseeing', 'Torre Lamberti', 'Museo Conte', 'Museo Radio']",Teatro Romano,strategy_nearest,False,0.0020761489868164062,success
04BB114A9C4C80,0,['Arena'],Duomo,"['AMO', 'Museo Miniscalchi', 'Santa Anastasia', 'Teatro Romano', 'Palazzo della Ragione']",Casa Giulietta,strategy_nearest,False,0.00339508056640625,success
04BB25429C4C84,1,"['Arena', 'Castelvecchio']",Torre Lamberti,"['Sighseeing', 'Centro Fotografia', 'Museo Conte', 'Casa Giulietta', 'Palazzo della Ragione']",Palazzo della Ragione,strategy_nearest,True,0.0023751258850097656,success
04BB18429C4C84,3,"['Arena', 'Casa Giulietta']",Torre Lamberti,"['Sighseeing', 'Centro Fotografia', 'Museo Conte', 'Palazzo della Ragione', 'AMO']",Duomo,strategy_nearest,False,0.0024089813232421875,success
04BB26429C4C84,1,"['San Zeno', 'Castelvecchio', 'Arena', 'Santa Anastasia']",Palazzo della Ragione,"['AMO', 'Museo Conte', 'Torre Lamberti', 'Centro Fotografia', 'Sighseeing']",Torre Lamberti,strategy_nearest,True,0.0031921863555908203,success
04BB29429C4C84,0,['Arena'],Castelvecchio,"['Museo Lapidario', 'Verona Tour', 'Museo Radio', 'San Zeno', 'Sighseeing']",Casa Giulietta,strategy_nearest,False,0.0032329559326171875,success
04BB323A9C4C80,3,"['Castelvecchio', 'Arena']",Torre Lamberti,"['Sighseeing', 'Centro Fotografia', 'Museo Conte', 'Casa Giulietta', 'Palazzo della Ragione']",Casa Giulietta,strategy_nearest,True,0.0028641223907470703,success
04BB2D3A9C4C80,1,['Palazzo della Ragione'],Casa Giulietta,"['Centro Fotografia', 'Sighseeing', 'Torre Lamberti', 'Museo Conte', 'Museo Radio']",San Fermo,strategy_nearest,False,0.0032978057861328125,success
04BB2A429C4C80,1,"['Castelvecchio', 'Casa Giulietta']",Palazzo della Ragione,"['AMO', 'Museo Conte', 'Torre Lamberti', 'Centro Fotografia', 'Sighseeing']",Torre Lamberti,strategy_nearest,True,0.0025568008422851562,success
04BB3B3A9C4C80,3,"['Arena', 'Casa Giulietta']",Santa Anastasia,"['AMO', 'Museo Conte', 'Palazzo della Ragione', 'Teatro Romano', 'Centro Fotografia']",Teatro Romano,strategy_nearest,True,0.00267791748046875,success
04BB494A9C4C80,0,['Arena'],Casa Giulietta,"['Centro Fotografia', 'Sighseeing', 'Torre Lamberti', 'Museo Conte', 'Museo Radio']",Castelvecchio,strategy_nearest,False,0.0020918846130371094,success
04BB3E3A9C4C80,0,"['Duomo', 'Teatro Romano']",Arena,"['Verona Tour', 'Museo Lapidario', 'Museo Radio', 'San Fermo', 'Casa Giulietta']",Castelvecchio,strategy_nearest,False,0.0027501583099365234,success
04BB4D3A9C4C80,0,"['Arena', 'Castelvecchio', 'Teatro Romano']",Giardino Giusti,"['Santa Anastasia', 'Museo Conte', 'Centro Fotografia', 'Museo Storia', 'AMO']",Casa Giulietta,strategy_nearest,False,0.0033669471740722656,success
04BB503A9C4C80,1,"['Casa Giulietta', 'Palazzo della Ragione', 'Torre Lamberti']",Santa Anastasia,"['AMO', 'Museo Conte', 'Teatro Romano', 'Centro Fotografia', 'Duomo']",Arena,strategy_nearest,False,0.0019593238830566406,success
04BB653A9C4C80,3,"['Arena', 'Castelvecchio', 'Torre Lamberti']",Casa Giulietta,"['Centro Fotografia', 'Sighseeing', 'Museo Conte', 'Museo Radio', 'Palazzo della Ragione']",Giardino Giusti,strategy_nearest,False,0.002521038055419922,success
04BB6A3A9C4C80,1,"['Palazzo della Ragione', 'Casa Giulietta']",Arena,"['Verona Tour', 'Museo Lapidario', 'Museo Radio', 'San Fermo', 'Sighseeing']",Torre Lamberti,strategy_nearest,False,0.0033299922943115234,success
04BB794A9C4C80,0,['Arena'],Torre Lamberti,"['Sighseeing', 'Centro Fotografia', 'Museo Conte', 'Casa Giulietta', 'Palazzo della Ragione']",Casa Giulietta,strategy_nearest,True,0.002379894256591797,success
04BB774A9C4C80,3,"['Arena', 'Casa Giulietta']",San Fermo,"['Museo Storia', 'Museo Radio', 'Centro Fotografia', 'Sighseeing', 'Torre Lamberti']",Santa Anastasia,strategy_nearest,False,0.0038688182830810547,success
04BB7B3A9C4C80,0,['Torre Lamberti'],Casa Giulietta,"['Centro Fotografia', 'Sighseeing', 'Museo Conte', 'Museo Radio', 'Palazzo della Ragione']",Arena,strategy_nearest,False,0.002527952194213867,success
04BB6F3A9C4C80,3,"['Castelvecchio', 'Teatro Romano']",Santa Anastasia,"['AMO', 'Museo Conte', 'Palazzo della Ragione', 'Centro Fotografia', 'Duomo']",Torre Lamberti,strategy_nearest,False,0.0031731128692626953,success
04BB8D4A9C4C80,0,['Torre Lamberti'],Casa Giulietta,"['Centro Fotografia', 'Sighseeing', 'Museo Conte', 'Museo Radio', 'Palazzo della Ragione']",Arena,strategy_nearest,False,0.002132892608642578,success
04BB7F4A9C4C80,3,"['Duomo', 'Santa Anastasia']",Torre Lamberti,"['Sighseeing', 'Centro Fotografia', 'Museo Conte', 'Casa Giulietta', 'Palazzo della Ragione']",Arena,strategy_nearest,False,0.002851247787475586,success
04BB7E3A9C4C80,0,['Museo Lapidario'],Arena,"['Verona Tour', 'Museo Radio', 'San Fermo', 'Casa Giulietta', 'Sighseeing']",Casa Giulietta,strategy_nearest,True,0.004713296890258789,success
04BB82429C4C80,0,['Arena'],Casa Giulietta,"['Centro Fotografia', 'Sighseeing', 'Torre Lamberti', 'Museo Conte', 'Museo Radio']",Santa Anastasia,strategy_nearest,False,0.0016148090362548828,success
04BB9E4A9C4C80,0,"['Arena', 'Casa Giulietta']",Tomba Giulietta,"['San Fermo', 'Museo Storia', 'Museo Lapidario', 'Museo Radio', 'Verona Tour']",Museo Storia,strategy_nearest,True,0.0027120113372802734,success
04BBA2429C4C80,3,"['Arena', 'Castelvecchio', 'San Zeno']",Duomo,"['AMO', 'Museo Miniscalchi', 'Santa Anastasia', 'Teatro Romano', 'Palazzo della Ragione']",Teatro Romano,strategy_nearest,True,0.0013568401336669922,success
04BB984A9C4C80,3,"['Arena', 'Casa Giulietta']",Torre Lamberti,"['Sighseeing', 'Centro Fotografia', 'Museo Conte', 'Palazzo della Ragione', 'AMO']",Santa Anastasia,strategy_nearest,False,0.003242969512939453,success
04BBAE429C4C80,3,"['Arena', 'Casa Giulietta']",Torre Lamberti,"['Sighseeing', 'Centro Fotografia', 'Museo Conte', 'Palazzo della Ragione', 'AMO']",Santa Anastasia,strategy_nearest,False,0.003267049789428711,success
04BBAE4A9C4C80,2,"['Casa Giulietta', 'Santa Anastasia']",Duomo,"['AMO', 'Museo Miniscalchi', 'Teatro Romano', 'Palazzo della Ragione', 'Museo Conte']",Teatro Romano,strategy_nearest,True,0.002065896987915039,success
04BBB54A9C4C80,1,"['Arena', 'Torre Lamberti', 'Palazzo della Ragione']",Santa Anastasia,"['AMO', 'Museo Conte', 'Teatro Romano', 'Centro Fotografia', 'Duomo']",Teatro Romano,strategy_nearest,True,0.002051830291748047,success
04BBB73A9C4C80,1,"['Arena', 'Casa Giulietta']",Torre Lamberti,"['Sighseeing', 'Centro Fotografia', 'Museo Conte', 'Palazzo della Ragione', 'AMO']",Palazzo della Ragione,strategy_nearest,True,0.00321197509765625,success
04BBB04A9C4C80,0,['Arena'],Casa Giulietta,"['Centro Fotografia', 'Sighseeing', 'Torre Lamberti', 'Museo Conte', 'Museo Radio']",Torre Lamberti,strategy_nearest,True,0.0027310848236083984,success
04BBC04A9C4C80,0,['Arena'],Torre Lamberti,"['Sighseeing', 'Centro Fotografia', 'Museo Conte', 'Casa Giulietta', 'Palazzo della Ragione']",Casa Giulietta,strategy_nearest,True,0.002034902572631836,success
04BBD13A9C4C80,3,"['Arena', 'Santa Anastasia']",Teatro Romano,"['Duomo', 'AMO', 'Palazzo della Ragione', 'Museo Conte', 'Centro Fotografia']",Duomo,strategy_nearest,True,0.002747058868408203,success
04BBC84A9C4C80,0,['Arena'],Torre Lamberti,"['Sighseeing', 'Centro Fotografia', 'Museo Conte', 'Casa Giulietta', 'Palazzo della Ragione']",Casa Giulietta,strategy_nearest,True,0.0020301342010498047,success
04BBC44A9C4C80,0,"['Arena', 'Casa Giulietta']",Torre Lamberti,"['Sighseeing', 'Centro Fotografia', 'Museo Conte', 'Palazzo della Ragione', 'AMO']",Teatro Romano,strategy_nearest,False,0.0036427974700927734,success
04BBDF429C4C80,1,"['Casa Giulietta', 'Palazzo della Ragione', 'Santa Anastasia', 'Duomo']",Arena,"['Verona Tour', 'Museo Lapidario', 'Museo Radio', 'San Fermo', 'Sighseeing']",Duomo,strategy_nearest,False,0.0019690990447998047,success
04BBE3429C4C80,0,['Arena'],Casa Giulietta,"['Centro Fotografia', 'Sighseeing', 'Torre Lamberti', 'Museo Conte', 'Museo Radio']",Torre Lamberti,strategy_nearest,True,0.0033159255981445312,success
04BBDE3A9C4C80,3,"['Santa Anastasia', 'Duomo', 'Teatro Romano']",Arena,"['Verona Tour', 'Museo Lapidario', 'Museo Radio', 'San Fermo', 'Casa Giulietta']",Castelvecchio,strategy_nearest,False,0.0028429031372070312,success
04BBD14A9C4C80,0,['Arena'],Casa Giulietta,"['Centro Fotografia', 'Sighseeing', 'Torre Lamberti', 'Museo Conte', 'Museo Radio']",Torre Lamberti,strategy_nearest,True,0.0021529197692871094,success
04BBE43A9C4C80,0,['Casa Giulietta'],Torre Lamberti,"['Sighseeing', 'Centro Fotografia', 'Museo Conte', 'Palazzo della Ragione', 'AMO']",Arena,strategy_nearest,False,0.002285003662109375,success
04BBF14A9C4C80,0,['Arena'],Casa Giulietta,"['Centro Fotografia', 'Sighseeing', 'Torre Lamberti', 'Museo Conte', 'Museo Radio']",Castelvecchio,strategy_nearest,False,0.0020961761474609375,success
04BBF74A9C4C80,0,"['Arena', 'Casa Giulietta']",Tomba Giulietta,"['San Fermo', 'Museo Storia', 'Museo Lapidario', 'Museo Radio', 'Verona Tour']",Teatro Romano,strategy_nearest,False,0.002660989761352539,success
04BBF24A9C4C80,0,['Arena'],Casa Giulietta,"['Centro Fotografia', 'Sighseeing', 'Torre Lamberti', 'Museo Conte', 'Museo Radio']",Duomo,strategy_nearest,False,0.0033979415893554688,success
04BBFC429C4C80,1,"['Arena', 'Museo Lapidario', 'Castelvecchio', 'Duomo', 'Teatro Romano', 'Santa Anastasia']",Torre Lamberti,"['Sighseeing', 'Centro Fotografia', 'Museo Conte', 'Casa Giulietta', 'Palazzo della Ragione']",Palazzo della Ragione,strategy_nearest,True,0.002637147903442383,success
04BBFD4A9C4C80,0,"['Torre Lamberti', 'Arena']",Castelvecchio,"['Museo Lapidario', 'Verona Tour', 'Museo Radio', 'San Zeno', 'Sighseeing']",Tomba Giulietta,strategy_nearest,False,0.0032219886779785156,success
04BC02429C4C84,3,"['Arena', 'Teatro Romano', 'Duomo']",Santa Anastasia,"['AMO', 'Museo Conte', 'Palazzo della Ragione', 'Centro Fotografia', 'Torre Lamberti']",Castelvecchio,strategy_nearest,False,0.001316070556640625,success
04BC0B4A9C4C84,3,"['Arena', 'Castelvecchio']",Teatro Romano,"['Santa Anastasia', 'Duomo', 'AMO', 'Palazzo della Ragione', 'Museo Conte']",Duomo,strategy_nearest,True,0.00339508056640625,success
04BC0C4A9C4C80,3,"['Casa Giulietta', 'Arena']",San Zeno,"['Castelvecchio', 'Verona Tour', 'Museo Lapidario', 'Museo Miniscalchi', 'Sighseeing']",Castelvecchio,strategy_nearest,True,0.0017228126525878906,success
04BC0C4A9C4C84,0,"['Arena', 'Duomo']",Castelvecchio,"['Museo Lapidario', 'Verona Tour', 'Museo Radio', 'San Zeno', 'Sighseeing']",San Zeno,strategy_nearest,True,0.003918647766113281,success
04BC10429C4C84,1,"['Arena', 'Torre Lamberti']",Palazzo della Ragione,"['AMO', 'Museo Conte', 'Centro Fotografia', 'Sighseeing', 'Santa Anastasia']",Duomo,strategy_nearest,False,0.0020389556884765625,success
04BC0D429C4C84,2,['Castelvecchio'],Casa Giulietta,"['Centro Fotografia', 'Sighseeing', 'Torre Lamberti', 'Museo Conte', 'Museo Radio']",Tomba Giulietta,strategy_nearest,False,0.0026597976684570312,success
04BC173A9C4C84,0,['Museo Lapidario'],Arena,"['Verona Tour', 'Museo Radio', 'San Fermo', 'Casa Giulietta', 'Sighseeing']",Casa Giulietta,strategy_nearest,True,0.0016219615936279297,success
04BC1F3A9C4C84,3,"['Arena', 'Torre Lamberti']",Santa Anastasia,"['AMO', 'Museo Conte', 'Palazzo della Ragione', 'Teatro Romano', 'Centro Fotografia']",Duomo,strategy_nearest,False,0.0032150745391845703,success
04BC18429C4C84,3,"['Castelvecchio', 'Arena', 'Torre Lamberti']",Santa Anastasia,"['AMO', 'Museo Conte', 'Palazzo della Ragione', 'Teatro Romano', 'Centro Fotografia']",Casa Giulietta,strategy_nearest,False,0.002855062484741211,success
04BC184A9C4C80,0,"['Casa Giulietta', 'Duomo']",Tomba Giulietta,"['San Fermo', 'Museo Storia', 'Arena', 'Museo Lapidario', 'Museo Radio']",Arena,strategy_nearest,True,0.0021719932556152344,success
04BC2C3A9C4C80,0,['Arena'],Casa Giulietta,"['Centro Fotografia', 'Sighseeing', 'Torre Lamberti', 'Museo Conte', 'Museo Radio']",Torre Lamberti,strategy_nearest,True,0.0014960765838623047,success
04BC24429C4C80,1,"['Arena', 'Casa Giulietta', 'Torre Lamberti', 'Tomba Giulietta', 'Torre Lamberti']",Palazzo della Ragione,"['AMO', 'Museo Conte', 'Centro Fotografia', 'Sighseeing', 'Santa Anastasia']",Santa Anastasia,strategy_nearest,True,0.0028638839721679688,success
04BC20429C4C84,1,['Arena'],Torre Lamberti,"['Sighseeing', 'Centro Fotografia', 'Museo Conte', 'Casa Giulietta', 'Palazzo della Ragione']",Palazzo della Ragione,strategy_nearest,True,0.0022640228271484375,success
04BC323A9C4C80,0,['Arena'],Castelvecchio,"['Museo Lapidario', 'Verona Tour', 'Museo Radio', 'San Zeno', 'Sighseeing']",Giardino Giusti,strategy_nearest,False,0.003364086151123047,success
04BC504A9C4C80,1,"['Arena', 'Casa Giulietta']",Santa Anastasia,"['AMO', 'Museo Conte', 'Palazzo della Ragione', 'Teatro Romano', 'Centro Fotografia']",Palazzo della Ragione,strategy_nearest,True,0.0020208358764648438,success
04BC643A9C4C80,0,['Arena'],Casa Giulietta,"['Centro Fotografia', 'Sighseeing', 'Torre Lamberti', 'Museo Conte', 'Museo Radio']",Museo Lapidario,strategy_nearest,False,0.0025968551635742188,success
04BC3A4A9C4C80,3,"['Arena', 'Torre Lamberti', 'Santa Anastasia', 'San Fermo']",Museo Storia,"['Museo Radio', 'Casa Giulietta', 'Centro Fotografia', 'Tomba Giulietta', 'Sighseeing']",Casa Giulietta,strategy_nearest,True,0.0021560192108154297,success
04BC35429C4C80,3,['Arena'],Casa Giulietta,"['Centro Fotografia', 'Sighseeing', 'Torre Lamberti', 'Museo Conte', 'Museo Radio']",Santa Anastasia,strategy_nearest,False,0.0039899349212646484,success
04BC6DC27B3F80,0,['Museo Lapidario'],Castelvecchio,"['Verona Tour', 'Arena', 'Museo Radio', 'San Zeno', 'Sighseeing']",Arena,strategy_nearest,True,0.0016391277313232422,success
04BC6A3A9C4C80,1,['Palazzo della Ragione'],Casa Giulietta,"['Centro Fotografia', 'Sighseeing', 'Torre Lamberti', 'Museo Conte', 'Museo Radio']",Arena,strategy_nearest,False,0.0028901100158691406,success
04BC683A9C4C80,1,"['San Fermo', 'Santa Anastasia', 'Duomo', 'Tomba Giulietta', 'Museo Lapidario']",Castelvecchio,"['Verona Tour', 'Arena', 'Museo Radio', 'San Zeno', 'Sighseeing']",Arena,strategy_nearest,True,0.002330780029296875,success
04BC7C3A9C4C80,3,"['Santa Anastasia', 'Duomo', 'Torre Lamberti']",Casa Giulietta,"['Centro Fotografia', 'Sighseeing', 'Museo Conte', 'Museo Radio', 'Palazzo della Ragione']",Castelvecchio,strategy_nearest,False,0.0033228397369384766,success
04BC9D429C4C80,2,['Duomo'],Teatro Romano,"['Santa Anastasia', 'AMO', 'Palazzo della Ragione', 'Museo Conte', 'Centro Fotografia']",Museo Lapidario,strategy_nearest,False,0.0021581649780273438,success
04BC9E4A9C4C80,1,"['Castelvecchio', 'Museo Lapidario', 'Arena', 'Tomba Giulietta', 'San Fermo']",Casa Giulietta,"['Centro Fotografia', 'Sighseeing', 'Torre Lamberti', 'Museo Conte', 'Museo Radio']",Torre Lamberti,strategy_nearest,True,0.003222942352294922,success
04BC884A9C4C80,3,"['Arena', 'Casa Giulietta']",Torre Lamberti,"['Sighseeing', 'Centro Fotografia', 'Museo Conte', 'Palazzo della Ragione', 'AMO']",Santa Anastasia,strategy_nearest,False,0.0021550655364990234,success
04BC7D3A9C4C80,0,"['Casa Giulietta', 'Arena']",Museo Lapidario,"['Verona Tour', 'Castelvecchio', 'Museo Radio', 'San Fermo', 'Tomba Giulietta']",Castelvecchio,strategy_nearest,True,0.0034339427947998047,success
04BCAE3A9C4C80,0,['Casa Giulietta'],San Fermo,"['Museo Storia', 'Museo Radio', 'Centro Fotografia', 'Arena', 'Sighseeing']",Arena,strategy_nearest,True,0.0029320716857910156,success
04BCAF4A9C4C80,3,"['Arena', 'San Zeno']",Castelvecchio,"['Museo Lapidario', 'Verona Tour', 'Museo Radio', 'Sighseeing', 'Museo Miniscalchi']",Santa Anastasia,strategy_nearest,False,0.003493785858154297,success
04BCB04A9C4C80,0,['Arena'],Casa Giulietta,"['Centro Fotografia', 'Sighseeing', 'Torre Lamberti', 'Museo Conte', 'Museo Radio']",Tomba Giulietta,strategy_nearest,False,0.0029039382934570312,success
04BCB23A9C4C80,3,"['Arena', 'Torre Lamberti', 'Casa Giulietta']",Museo Storia,"['San Fermo', 'Museo Radio', 'Centro Fotografia', 'Tomba Giulietta', 'Sighseeing']",San Fermo,strategy_nearest,True,0.00347900390625,success
04BCB63A9C4C80,3,"['Arena', 'Casa Giulietta']",Tomba Giulietta,"['San Fermo', 'Museo Storia', 'Museo Lapidario', 'Museo Radio', 'Verona Tour']",Santa Anastasia,strategy_nearest,False,0.0016210079193115234,success
04BCBD4A9C4C80,0,['Arena'],Casa Giulietta,"['Centro Fotografia', 'Sighseeing', 'Torre Lamberti', 'Museo Conte', 'Museo Radio']",San Zeno,strategy_nearest,False,0.0020530223846435547,success
04BCC03A9C4C80,0,['Arena'],Castelvecchio,"['Museo Lapidario', 'Verona Tour', 'Museo Radio', 'San Zeno', 'Sighseeing']",Casa Giulietta,strategy_nearest,False,0.0027740001678466797,success
04BCC74A9C4C80,0,['Arena'],Museo Lapidario,"['Verona Tour', 'Castelvecchio', 'Museo Radio', 'San Fermo', 'Casa Giulietta']",Castelvecchio,strategy_nearest,True,0.003200054168701172,success
04BCC04A9C4C80,0,"['Castelvecchio', 'Torre Lamberti']",Teatro Romano,"['Santa Anastasia', 'Duomo', 'AMO', 'Palazzo della Ragione', 'Museo Conte']",Casa Giulietta,strategy_nearest,False,0.002179861068725586,success
04BCC1429C4C80,3,"['Arena', 'Torre Lamberti']",Casa Giulietta,"['Centro Fotografia', 'Sighseeing', 'Museo Conte', 'Museo Radio', 'Palazzo della Ragione']",Duomo,strategy_nearest,False,0.0015642642974853516,success
04BCCF429C4C80,1,"['Santa Anastasia', 'Torre Lamberti', 'Arena', 'San Zeno']",Giardino Giusti,"['Teatro Romano', 'Museo Conte', 'Centro Fotografia', 'Museo Storia', 'AMO']",Teatro Romano,strategy_nearest,True,0.0020911693572998047,success
04BCE5429C4C80,1,"['Arena', 'San Fermo', 'Casa Giulietta', 'Teatro Romano']",San Zeno,"['Castelvecchio', 'Verona Tour', 'Museo Lapidario', 'Museo Miniscalchi', 'Sighseeing']",Castelvecchio,strategy_nearest,True,0.0032830238342285156,success
04BCD9429C4C80,0,['Arena'],Castelvecchio,"['Museo Lapidario', 'Verona Tour', 'Museo Radio', 'San Zeno', 'Sighseeing']",Torre Lamberti,strategy_nearest,False,0.0015041828155517578,success
04BCCB429C4C80,1,"['San Zeno', 'Castelvecchio', 'Arena', 'San Fermo']",Museo Lapidario,"['Verona Tour', 'Museo Radio', 'Casa Giulietta', 'Tomba Giulietta', 'Sighseeing']",Teatro Romano,strategy_nearest,False,0.0028908252716064453,success
04BCEB4A9C4C80,3,"['Arena', 'Casa Giulietta']",Torre Lamberti,"['Sighseeing', 'Centro Fotografia', 'Museo Conte', 'Palazzo della Ragione', 'AMO']",Santa Anastasia,strategy_nearest,False,0.0022521018981933594,success
04BCEB429C4C80,1,['Arena'],Torre Lamberti,"['Sighseeing', 'Centro Fotografia', 'Museo Conte', 'Casa Giulietta', 'Palazzo della Ragione']",Palazzo della Ragione,strategy_nearest,True,0.0034949779510498047,success
04BCEF4A9C4C80,0,['Arena'],Casa Giulietta,"['Centro Fotografia', 'Sighseeing', 'Torre Lamberti', 'Museo Conte', 'Museo Radio']",Santa Anastasia,strategy_nearest,False,0.0027081966400146484,success
04BCE6C27B3F80,3,"['Museo Lapidario', 'Castelvecchio']",Arena,"['Verona Tour', 'Museo Radio', 'San Fermo', 'Casa Giulietta', 'Sighseeing']",Santa Anastasia,strategy_nearest,False,0.002351045608520508,success
04BCF84A9C4C80,1,"['Arena', 'Museo Lapidario', 'Castelvecchio']",Casa Giulietta,"['Centro Fotografia', 'Sighseeing', 'Torre Lamberti', 'Museo Conte', 'Museo Radio']",Torre Lamberti,strategy_nearest,True,0.0013859272003173828,success
04BCFC4A9C4C80,1,"['Arena', 'Castelvecchio']",Torre Lamberti,"['Sighseeing', 'Centro Fotografia', 'Museo Conte', 'Casa Giulietta', 'Palazzo della Ragione']",Palazzo della Ragione,strategy_nearest,True,0.0025250911712646484,success
04BCF13A9C4C80,1,"['Arena', 'Casa Giulietta']",Torre Lamberti,"['Sighseeing', 'Centro Fotografia', 'Museo Conte', 'Palazzo della Ragione', 'AMO']",Palazzo della Ragione,strategy_nearest,True,0.0020411014556884766,success
04BCFD3A9C4C80,0,"['Museo Lapidario', 'Arena']",Castelvecchio,"['Verona Tour', 'Museo Radio', 'San Zeno', 'Sighseeing', 'Museo Miniscalchi']",Casa Giulietta,strategy_nearest,False,0.003162860870361328,success
04BCFEC27B3F80,2,['Palazzo della Ragione'],Torre Lamberti,"['Sighseeing', 'Centro Fotografia', 'Museo Conte', 'Casa Giulietta', 'AMO']",Casa Giulietta,strategy_nearest,True,0.0026040077209472656,success
04BD0A4A9C4C84,0,['Arena'],Casa Giulietta,"['Centro Fotografia', 'Sighseeing', 'Torre Lamberti', 'Museo Conte', 'Museo Radio']",Torre Lamberti,strategy_nearest,True,0.003167867660522461,success
04BD054A9C4C84,2,['Casa Giulietta'],Torre Lamberti,"['Sighseeing', 'Centro Fotografia', 'Museo Conte', 'Palazzo della Ragione', 'AMO']",Giardino Giusti,strategy_nearest,False,0.0019838809967041016,success
04BD0D429C4C84,3,"['Arena', 'Casa Giulietta']",Torre Lamberti,"['Sighseeing', 'Centro Fotografia', 'Museo Conte', 'Palazzo della Ragione', 'AMO']",Santa Anastasia,strategy_nearest,False,0.003123044967651367,success
04BD123A9C4C80,6,"['Teatro Romano', 'Casa Giulietta']",Verona Tour,"['Museo Lapidario', 'Arena', 'Castelvecchio', 'Museo Radio', 'Sighseeing']",Castelvecchio,strategy_nearest,True,0.0028162002563476562,success
04BD13429C4C84,3,"['Arena', 'Museo Lapidario', 'Castelvecchio', 'Torre Lamberti']",Casa Giulietta,"['Centro Fotografia', 'Sighseeing', 'Museo Conte', 'Museo Radio', 'Palazzo della Ragione']",Teatro Romano,strategy_nearest,False,0.002591848373413086,success
04BD1D3A9C4C80,0,['Casa Giulietta'],Palazzo della Ragione,"['AMO', 'Museo Conte', 'Torre Lamberti', 'Centro Fotografia', 'Sighseeing']",Arena,strategy_nearest,False,0.003228902816772461,success
04BD263A9C4C80,3,"['Casa Giulietta', 'Santa Anastasia']",Duomo,"['AMO', 'Museo Miniscalchi', 'Teatro Romano', 'Palazzo della Ragione', 'Museo Conte']",Castelvecchio,strategy_nearest,False,0.003213167190551758,success
04BD27429C4C84,0,['Arena'],Casa Giulietta,"['Centro Fotografia', 'Sighseeing', 'Torre Lamberti', 'Museo Conte', 'Museo Radio']",Torre Lamberti,strategy_nearest,True,0.002454042434692383,success
04BD26429C4C84,1,"['Castelvecchio', 'Arena', 'Casa Giulietta', 'Torre Lamberti']",Palazzo della Ragione,"['AMO', 'Museo Conte', 'Centro Fotografia', 'Sighseeing', 'Santa Anastasia']",Duomo,strategy_nearest,False,0.0033490657806396484,success
04BD263A9C4C84,3,['Santa Anastasia'],Duomo,"['AMO', 'Museo Miniscalchi', 'Teatro Romano', 'Palazzo della Ragione', 'Museo Conte']",Arena,strategy_nearest,False,0.002629995346069336,success
04BD30429C4C80,0,['Casa Giulietta'],Torre Lamberti,"['Sighseeing', 'Centro Fotografia', 'Museo Conte', 'Palazzo della Ragione', 'AMO']",Arena,strategy_nearest,False,0.0024259090423583984,success
04BD2F3A9C4C80,1,"['Arena', 'Castelvecchio']",Torre Lamberti,"['Sighseeing', 'Centro Fotografia', 'Museo Conte', 'Casa Giulietta', 'Palazzo della Ragione']",Palazzo della Ragione,strategy_nearest,True,0.003120899200439453,success
04BD3F3A9C4C80,2,"['Castelvecchio', 'Casa Giulietta']",Teatro Romano,"['Santa Anastasia', 'Duomo', 'AMO', 'Palazzo della Ragione', 'Museo Conte']",Palazzo della Ragione,strategy_nearest,True,0.0018048286437988281,success
04BD5A3A9C4C80,3,"['Arena', 'Casa Giulietta']",San Fermo,"['Museo Storia', 'Museo Radio', 'Centro Fotografia', 'Sighseeing', 'Torre Lamberti']",Tomba Giulietta,strategy_nearest,False,0.001840829849243164,success
04BD4B429C4C80,3,['Castelvecchio'],San Zeno,"['Verona Tour', 'Museo Lapidario', 'Arena', 'Museo Miniscalchi', 'Sighseeing']",Santa Anastasia,strategy_nearest,False,0.002749919891357422,success
04BD4D3A9C4C80,1,"['Arena', 'Museo Lapidario', 'Torre Lamberti', 'Palazzo della Ragione', 'Casa Giulietta']",Castelvecchio,"['Verona Tour', 'Museo Radio', 'San Zeno', 'Sighseeing', 'Museo Miniscalchi']",Santa Anastasia,strategy_nearest,False,0.00286102294921875,success
04BD4E3A9C4C80,0,['Arena'],Castelvecchio,"['Museo Lapidario', 'Verona Tour', 'Museo Radio', 'San Zeno', 'Sighseeing']",Casa Giulietta,strategy_nearest,False,0.003448963165283203,success
04BD643A9C4C80,3,"['Arena', 'Duomo']",Torre Lamberti,"['Sighseeing', 'Centro Fotografia', 'Museo Conte', 'Casa Giulietta', 'Palazzo della Ragione']",Casa Giulietta,strategy_nearest,True,0.002213716506958008,success
04BD7D4A9C4C80,2,['Duomo'],Castelvecchio,"['Museo Lapidario', 'Verona Tour', 'Arena', 'Museo Radio', 'San Zeno']",Teatro Romano,strategy_nearest,False,0.0026619434356689453,success
04BD7C3A9C4C80,3,"['Duomo', 'Torre Lamberti', 'Casa Giulietta']",San Fermo,"['Museo Storia', 'Museo Radio', 'Centro Fotografia', 'Arena', 'Sighseeing']",San Zeno,strategy_nearest,False,0.002065896987915039,success
04BD774A9C4C80,0,['Arena'],Torre Lamberti,"['Sighseeing', 'Centro Fotografia', 'Museo Conte', 'Casa Giulietta', 'Palazzo della Ragione']",Castelvecchio,strategy_nearest,False,0.004158973693847656,success
04BD813A9C4C80,3,"['Castelvecchio', 'Santa Anastasia']",Casa Giulietta,"['Centro Fotografia', 'Sighseeing', 'Torre Lamberti', 'Museo Conte', 'Museo Radio']",Arena,strategy_nearest,False,0.003202199935913086,success
04BDA0429C4C80,0,"['Castelvecchio', 'Arena']",Casa Giulietta,"['Centro Fotografia', 'Sighseeing', 'Torre Lamberti', 'Museo Conte', 'Museo Radio']",Giardino Giusti,strategy_nearest,False,0.0014028549194335938,success
04BD97429C4C80,0,['Arena'],Casa Giulietta,"['Centro Fotografia', 'Sighseeing', 'Torre Lamberti', 'Museo Conte', 'Museo Radio']",Teatro Romano,strategy_nearest,False,0.004001140594482422,success
04BD9E4A9C4C80,2,['Museo Lapidario'],Castelvecchio,"['Verona Tour', 'Arena', 'Museo Radio', 'San Zeno', 'Sighseeing']",Torre Lamberti,strategy_nearest,False,0.00209808349609375,success
04BD934A9C4C80,1,['Arena'],Torre Lamberti,"['Sighseeing', 'Centro Fotografia', 'Museo Conte', 'Casa Giulietta', 'Palazzo della Ragione']",Palazzo della Ragione,strategy_nearest,True,0.0034341812133789062,success
04BDAC3A9C4C80,0,['Arena'],Castelvecchio,"['Museo Lapidario', 'Verona Tour', 'Museo Radio', 'San Zeno', 'Sighseeing']",Casa Giulietta,strategy_nearest,False,0.0027761459350585938,success
04BDA1429C4C80,0,"['Casa Giulietta', 'Arena']",Castelvecchio,"['Museo Lapidario', 'Verona Tour', 'Museo Radio', 'San Zeno', 'Sighseeing']",San Zeno,strategy_nearest,True,0.0046651363372802734,success
04BDAD4A9C4C80,0,['Arena'],Casa Giulietta,"['Centro Fotografia', 'Sighseeing', 'Torre Lamberti', 'Museo Conte', 'Museo Radio']",Torre Lamberti,strategy_nearest,True,0.002151966094970703,success
04BDAA429C4C80,0,['Duomo'],Torre Lamberti,"['Sighseeing', 'Centro Fotografia', 'Museo Conte', 'Casa Giulietta', 'Palazzo della Ragione']",Arena,strategy_nearest,False,0.001627206802368164,success
04BDAE4A9C4C80,1,"['Arena', 'Tomba Giulietta']",Torre Lamberti,"['Sighseeing', 'Centro Fotografia', 'Museo Conte', 'Casa Giulietta', 'Palazzo della Ragione']",Palazzo della Ragione,strategy_nearest,True,0.002249002456665039,success
04BDB93A9C4C80,0,['Arena'],Casa Giulietta,"['Centro Fotografia', 'Sighseeing', 'Torre Lamberti', 'Museo Conte', 'Museo Radio']",Teatro Romano,strategy_nearest,False,0.0021119117736816406,success
04BDB3429C4C80,0,"['Arena', 'Castelvecchio']",Santa Anastasia,"['AMO', 'Museo Conte', 'Palazzo della Ragione', 'Teatro Romano', 'Centro Fotografia']",Casa Giulietta,strategy_nearest,False,0.002816915512084961,success
04BDB73A9C4C80,2,"['Casa Giulietta', 'Tomba Giulietta']",Castelvecchio,"['Museo Lapidario', 'Verona Tour', 'Arena', 'Museo Radio', 'San Zeno']",Santa Anastasia,strategy_nearest,False,0.00337982177734375,success
04BDC54A9C4C80,0,"['Castelvecchio', 'Duomo']",Teatro Romano,"['Santa Anastasia', 'AMO', 'Palazzo della Ragione', 'Museo Conte', 'Centro Fotografia']",Casa Giulietta,strategy_nearest,False,0.0025336742401123047,success
04BDC84A9C4C80,3,"['Arena', 'Museo Lapidario']",Castelvecchio,"['Verona Tour', 'Museo Radio', 'San Zeno', 'Sighseeing', 'Museo Miniscalchi']",Torre Lamberti,strategy_nearest,False,0.003100156784057617,success
04BDC64A9C4C80,2,['Castelvecchio'],San Zeno,"['Verona Tour', 'Museo Lapidario', 'Arena', 'Museo Miniscalchi', 'Sighseeing']",Casa Giulietta,strategy_nearest,False,0.003742218017578125,success
04BDC0429C4C80,2,['San Zeno'],Castelvecchio,"['Museo Lapidario', 'Verona Tour', 'Arena', 'Museo Radio', 'Sighseeing']",Duomo,strategy_nearest,False,0.0020051002502441406,success
04BDD63A9C4C80,0,['Arena'],Castelvecchio,"['Museo Lapidario', 'Verona Tour', 'Museo Radio', 'San Zeno', 'Sighseeing']",Torre Lamberti,strategy_nearest,False,0.002095937728881836,success
04BDCF4A9C4C80,1,"['Arena', 'Casa Giulietta']",Torre Lamberti,"['Sighseeing', 'Centro Fotografia', 'Museo Conte', 'Palazzo della Ragione', 'AMO']",Palazzo della Ragione,strategy_nearest,True,0.0034880638122558594,success
04BDD04A9C4C80,0,"['Arena', 'Casa Giulietta']",Tomba Giulietta,"['San Fermo', 'Museo Storia', 'Museo Lapidario', 'Museo Radio', 'Verona Tour']",Castelvecchio,strategy_nearest,False,0.00286102294921875,success
04BDD14A9C4C80,3,['Arena'],Casa Giulietta,"['Centro Fotografia', 'Sighseeing', 'Torre Lamberti', 'Museo Conte', 'Museo Radio']",Teatro Romano,strategy_nearest,False,0.001519918441772461,success
04BDE5429C4C80,0,['Casa Giulietta'],Arena,"['Verona Tour', 'Museo Lapidario', 'Museo Radio', 'San Fermo', 'Sighseeing']",Castelvecchio,strategy_nearest,False,0.002765178680419922,success
04BDD83A9C4C80,3,"['Tomba Giulietta', 'Tomba Giulietta', 'Arena', 'Castelvecchio']",San Fermo,"['Museo Storia', 'Museo Radio', 'Casa Giulietta', 'Centro Fotografia', 'Sighseeing']",Casa Giulietta,strategy_nearest,True,0.0015208721160888672,success
04BDEB429C4C80,1,"['Arena', 'Museo Lapidario', 'Castelvecchio', 'San Zeno']",Santa Anastasia,"['AMO', 'Museo Conte', 'Palazzo della Ragione', 'Teatro Romano', 'Centro Fotografia']",Casa Giulietta,strategy_nearest,False,0.0020008087158203125,success
04BDEE429C4C80,3,['Arena'],Castelvecchio,"['Museo Lapidario', 'Verona Tour', 'Museo Radio', 'San Zeno', 'Sighseeing']",Duomo,strategy_nearest,False,0.0019450187683105469,success
04BDEB4A9C4C80,3,"['Arena', 'Casa Giulietta']",Torre Lamberti,"['Sighseeing', 'Centro Fotografia', 'Museo Conte', 'Palazzo della Ragione', 'AMO']",Santa Anastasia,strategy_nearest,False,0.005229949951171875,success
04BDEC3A9C4C80,3,"['Arena', 'Teatro Romano']",Duomo,"['AMO', 'Museo Miniscalchi', 'Santa Anastasia', 'Palazzo della Ragione', 'Museo Conte']",San Zeno,strategy_nearest,False,0.0013568401336669922,success
04BDEE4A9C4C80,0,['Arena'],Torre Lamberti,"['Sighseeing', 'Centro Fotografia', 'Museo Conte', 'Casa Giulietta', 'Palazzo della Ragione']",Casa Giulietta,strategy_nearest,True,0.0031087398529052734,success
04BDF24A9C4C80,0,"['Arena', 'Casa Giulietta']",Torre Lamberti,"['Sighseeing', 'Centro Fotografia', 'Museo Conte', 'Palazzo della Ragione', 'AMO']",Teatro Romano,strategy_nearest,False,0.0012059211730957031,success
04BDF23A9C4C80,0,['Arena'],Casa Giulietta,"['Centro Fotografia', 'Sighseeing', 'Torre Lamberti', 'Museo Conte', 'Museo Radio']",Castelvecchio,strategy_nearest,False,0.002573251724243164,success
04BDF34A9C4C80,0,['Arena'],Casa Giulietta,"['Centro Fotografia', 'Sighseeing', 'Torre Lamberti', 'Museo Conte', 'Museo Radio']",Duomo,strategy_nearest,False,0.0026988983154296875,success
04BDF4429C4C80,0,"['Castelvecchio', 'Duomo']",Teatro Romano,"['Santa Anastasia', 'AMO', 'Palazzo della Ragione', 'Museo Conte', 'Centro Fotografia']",Casa Giulietta,strategy_nearest,False,0.0032262802124023438,success
04BDFB3A9C4C80,0,"['Castelvecchio', 'Arena']",Casa Giulietta,"['Centro Fotografia', 'Sighseeing', 'Torre Lamberti', 'Museo Conte', 'Museo Radio']",Torre Lamberti,strategy_nearest,True,0.0024230480194091797,success
04BE004A9C4C84,1,['Palazzo della Ragione'],Torre Lamberti,"['Sighseeing', 'Centro Fotografia', 'Museo Conte', 'Casa Giulietta', 'AMO']",Arena,strategy_nearest,False,0.0026788711547851562,success
04BE014A9C4C84,0,['Arena'],Castelvecchio,"['Museo Lapidario', 'Verona Tour', 'Museo Radio', 'San Zeno', 'Sighseeing']",Torre Lamberti,strategy_nearest,False,0.0032770633697509766,success
04BE013A9C4C84,3,"['Arena', 'San Zeno']",Torre Lamberti,"['Sighseeing', 'Centro Fotografia', 'Museo Conte', 'Casa Giulietta', 'Palazzo della Ragione']",Santa Anastasia,strategy_nearest,False,0.0034029483795166016,success
04BE06429C4C84,3,"['Torre Lamberti', 'Casa Giulietta']",Arena,"['Verona Tour', 'Museo Lapidario', 'Museo Radio', 'San Fermo', 'Sighseeing']",Santa Anastasia,strategy_nearest,False,0.003031015396118164,success
04BE104A9C4C84,3,"['Arena', 'Casa Giulietta']",Torre Lamberti,"['Sighseeing', 'Centro Fotografia', 'Museo Conte', 'Palazzo della Ragione', 'AMO']",Castelvecchio,strategy_nearest,False,0.0013592243194580078,success
04BE0B4A9C4C84,2,['Palazzo della Ragione'],Torre Lamberti,"['Sighseeing', 'Centro Fotografia', 'Museo Conte', 'Casa Giulietta', 'AMO']",Casa Giulietta,strategy_nearest,True,0.0034639835357666016,success
04BE084A9C4C84,0,"['Arena', 'Castelvecchio']",San Zeno,"['Verona Tour', 'Museo Lapidario', 'Museo Miniscalchi', 'Sighseeing', 'Museo Radio']",Tomba Giulietta,strategy_nearest,False,0.0033800601959228516,success
04BE114A9C4C80,1,['Palazzo della Ragione'],Torre Lamberti,"['Sighseeing', 'Centro Fotografia', 'Museo Conte', 'Casa Giulietta', 'AMO']",Casa Giulietta,strategy_nearest,True,0.003187894821166992,success
04BE22429C4C84,0,"['Castelvecchio', 'Arena']",Tomba Giulietta,"['San Fermo', 'Museo Storia', 'Museo Lapidario', 'Museo Radio', 'Verona Tour']",Casa Giulietta,strategy_nearest,False,0.0033597946166992188,success
04BE163A9C4C80,2,"['San Zeno', 'Castelvecchio']",Santa Anastasia,"['AMO', 'Museo Conte', 'Palazzo della Ragione', 'Teatro Romano', 'Centro Fotografia']",Teatro Romano,strategy_nearest,True,0.0016469955444335938,success
04BE1C4A9C4C80,3,"['Arena', 'Castelvecchio', 'Torre Lamberti']",Casa Giulietta,"['Centro Fotografia', 'Sighseeing', 'Museo Conte', 'Museo Radio', 'Palazzo della Ragione']",Teatro Romano,strategy_nearest,False,0.0028040409088134766,success
04BE1C3A9C4C80,1,"['San Fermo', 'Arena', 'San Zeno']",Torre Lamberti,"['Sighseeing', 'Centro Fotografia', 'Museo Conte', 'Casa Giulietta', 'Palazzo della Ragione']",Palazzo della Ragione,strategy_nearest,True,0.0022339820861816406,success
04BE31429C4C80,3,['Santa Anastasia'],Arena,"['Verona Tour', 'Museo Lapidario', 'Museo Radio', 'San Fermo', 'Casa Giulietta']",Castelvecchio,strategy_nearest,False,0.002601146697998047,success
04BE394A9C4C80,3,"['Arena', 'Casa Giulietta']",Santa Anastasia,"['AMO', 'Museo Conte', 'Palazzo della Ragione', 'Teatro Romano', 'Centro Fotografia']",Castelvecchio,strategy_nearest,False,0.0013608932495117188,success
04BE2E3A9C4C80,0,"['Casa Giulietta', 'Torre Lamberti']",Arena,"['Verona Tour', 'Museo Lapidario', 'Museo Radio', 'San Fermo', 'Sighseeing']",Castelvecchio,strategy_nearest,False,0.0033261775970458984,success
04BE253A9C4C80,3,"['Casa Giulietta', 'Arena']",San Fermo,"['Museo Storia', 'Museo Radio', 'Centro Fotografia', 'Sighseeing', 'Torre Lamberti']",Santa Anastasia,strategy_nearest,False,0.0021288394927978516,success
04BE49429C4C80,1,"['Duomo', 'Palazzo della Ragione']",Torre Lamberti,"['Sighseeing', 'Centro Fotografia', 'Museo Conte', 'Casa Giulietta', 'AMO']",Casa Giulietta,strategy_nearest,True,0.001554250717163086,success
04BE3F4A9C4C80,2,['Castelvecchio'],Tomba Giulietta,"['San Fermo', 'Museo Storia', 'Arena', 'Museo Lapidario', 'Museo Radio']",Casa Giulietta,strategy_nearest,False,0.002177000045776367,success
04BE3B3A9C4C80,1,"['Arena', 'Casa Giulietta']",Torre Lamberti,"['Sighseeing', 'Centro Fotografia', 'Museo Conte', 'Palazzo della Ragione', 'AMO']",Palazzo della Ragione,strategy_nearest,True,0.002825021743774414,success
04BE4C3A9C4C80,0,['San Fermo'],Arena,"['Verona Tour', 'Museo Lapidario', 'Museo Radio', 'Casa Giulietta', 'Sighseeing']",Castelvecchio,strategy_nearest,False,0.003300189971923828,success
04BE754A9C4C80,3,['Arena'],Casa Giulietta,"['Centro Fotografia', 'Sighseeing', 'Torre Lamberti', 'Museo Conte', 'Museo Radio']",Santa Anastasia,strategy_nearest,False,0.0014019012451171875,success
04BE70429C4C80,1,"['Tomba Giulietta', 'Arena', 'Casa Giulietta']",Castelvecchio,"['Museo Lapidario', 'Verona Tour', 'Museo Radio', 'San Zeno', 'Sighseeing']",Torre Lamberti,strategy_nearest,False,0.002160787582397461,success
04BE643A9C4C80,1,"['Castelvecchio', 'San Zeno', 'Palazzo della Ragione']",Santa Anastasia,"['AMO', 'Museo Conte', 'Teatro Romano', 'Centro Fotografia', 'Duomo']",Duomo,strategy_nearest,True,0.004175901412963867,success
04BE4F3A9C4C80,3,"['Arena', 'Casa Giulietta', 'Santa Anastasia']",Duomo,"['AMO', 'Museo Miniscalchi', 'Teatro Romano', 'Palazzo della Ragione', 'Museo Conte']",Teatro Romano,strategy_nearest,True,0.0035347938537597656,success
04BE7D3A9C4C80,2,['Castelvecchio'],Torre Lamberti,"['Sighseeing', 'Centro Fotografia', 'Museo Conte', 'Casa Giulietta', 'Palazzo della Ragione']",Duomo,strategy_nearest,False,0.0034570693969726562,success
04BE76429C4C80,1,"['San Zeno', 'Castelvecchio']",Arena,"['Verona Tour', 'Museo Lapidario', 'Museo Radio', 'San Fermo', 'Casa Giulietta']",Casa Giulietta,strategy_nearest,True,0.0027620792388916016,success
04BE89429C4C80,2,['Duomo'],Teatro Romano,"['Santa Anastasia', 'AMO', 'Palazzo della Ragione', 'Museo Conte', 'Centro Fotografia']",Casa Giulietta,strategy_nearest,False,0.003242015838623047,success
04BE803A9C4C80,3,"['San Zeno', 'Arena']",San Fermo,"['Museo Storia', 'Museo Radio', 'Casa Giulietta', 'Centro Fotografia', 'Sighseeing']",Torre Lamberti,strategy_nearest,False,0.002113819122314453,success
04BE934A9C4C80,1,"['Arena', 'Torre Lamberti']",Palazzo della Ragione,"['AMO', 'Museo Conte', 'Centro Fotografia', 'Sighseeing', 'Santa Anastasia']",Casa Giulietta,strategy_nearest,False,0.0014142990112304688,success
04BE904A9C4C80,3,"['Casa Giulietta', 'Arena']",Castelvecchio,"['Museo Lapidario', 'Verona Tour', 'Museo Radio', 'San Zeno', 'Sighseeing']",Torre Lamberti,strategy_nearest,False,0.002765178680419922,success
04BE8C4A9C4C80,3,"['Arena', 'Casa Giulietta']",Santa Anastasia,"['AMO', 'Museo Conte', 'Palazzo della Ragione', 'Teatro Romano', 'Centro Fotografia']",Teatro Romano,strategy_nearest,True,0.0021851062774658203,success
04BE914A9C4C80,0,['Arena'],Casa Giulietta,"['Centro Fotografia', 'Sighseeing', 'Torre Lamberti', 'Museo Conte', 'Museo Radio']",Tomba Giulietta,strategy_nearest,False,0.003523111343383789,success
04BE994A9C4C80,3,"['Arena', 'Torre Lamberti']",Casa Giulietta,"['Centro Fotografia', 'Sighseeing', 'Museo Conte', 'Museo Radio', 'Palazzo della Ragione']",San Fermo,strategy_nearest,False,0.0027489662170410156,success
04BE94429C4C80,0,['Arena'],Casa Giulietta,"['Centro Fotografia', 'Sighseeing', 'Torre Lamberti', 'Museo Conte', 'Museo Radio']",Torre Lamberti,strategy_nearest,True,0.0025281906127929688,success
04BE9B429C4C80,3,"['Arena', 'Casa Giulietta']",Santa Anastasia,"['AMO', 'Museo Conte', 'Palazzo della Ragione', 'Teatro Romano', 'Centro Fotografia']",Duomo,strategy_nearest,False,0.002482891082763672,success
04BEA04A9C4C80,1,"['Arena', 'Castelvecchio']",Palazzo della Ragione,"['AMO', 'Museo Conte', 'Torre Lamberti', 'Centro Fotografia', 'Sighseeing']",Torre Lamberti,strategy_nearest,True,0.0032351016998291016,success
04BEB04A9C4C80,0,['Arena'],Casa Giulietta,"['Centro Fotografia', 'Sighseeing', 'Torre Lamberti', 'Museo Conte', 'Museo Radio']",Museo Lapidario,strategy_nearest,False,0.0021440982818603516,success
04BEAD3A9C4C80,3,['Arena'],Santa Anastasia,"['AMO', 'Museo Conte', 'Palazzo della Ragione', 'Teatro Romano', 'Centro Fotografia']",Torre Lamberti,strategy_nearest,False,0.0033991336822509766,success
04BEB83A9C4C80,3,"['Casa Giulietta', 'Santa Anastasia']",Duomo,"['AMO', 'Museo Miniscalchi', 'Teatro Romano', 'Palazzo della Ragione', 'Museo Conte']",Museo Storia,strategy_nearest,False,0.003324747085571289,success
04BEB93A9C4C80,0,['Arena'],Casa Giulietta,"['Centro Fotografia', 'Sighseeing', 'Torre Lamberti', 'Museo Conte', 'Museo Radio']",Teatro Romano,strategy_nearest,False,0.003179788589477539,success
04BEC24A9C4C80,0,['Arena'],Casa Giulietta,"['Centro Fotografia', 'Sighseeing', 'Torre Lamberti', 'Museo Conte', 'Museo Radio']",Castelvecchio,strategy_nearest,False,0.0030307769775390625,success
04BEBF3A9C4C80,1,"['Arena', 'San Fermo', 'Casa Giulietta']",Torre Lamberti,"['Sighseeing', 'Centro Fotografia', 'Museo Conte', 'Palazzo della Ragione', 'AMO']",Palazzo della Ragione,strategy_nearest,True,0.0023000240325927734,success
04BEBD4A9C4C80,0,['Arena'],Santa Anastasia,"['AMO', 'Museo Conte', 'Palazzo della Ragione', 'Teatro Romano', 'Centro Fotografia']",Casa Giulietta,strategy_nearest,False,0.0021538734436035156,success
04BEC94A9C4C80,0,['Arena'],Casa Giulietta,"['Centro Fotografia', 'Sighseeing', 'Torre Lamberti', 'Museo Conte', 'Museo Radio']",Teatro Romano,strategy_nearest,False,0.0027070045471191406,success
04BECD4A9C4C80,0,['Arena'],Torre Lamberti,"['Sighseeing', 'Centro Fotografia', 'Museo Conte', 'Casa Giulietta', 'Palazzo della Ragione']",Duomo,strategy_nearest,False,0.0013859272003173828,success
04BEC84A9C4C80,0,['Arena'],Casa Giulietta,"['Centro Fotografia', 'Sighseeing', 'Torre Lamberti', 'Museo Conte', 'Museo Radio']",San Fermo,strategy_nearest,False,0.0027971267700195312,success
04BECA4A9C4C80,2,"['Teatro Romano', 'Duomo']",Santa Anastasia,"['AMO', 'Museo Conte', 'Palazzo della Ragione', 'Centro Fotografia', 'Torre Lamberti']",Torre Lamberti,strategy_nearest,True,0.003283977508544922,success
04BED04A9C4C80,3,"['Arena', 'Santa Anastasia']",Duomo,"['AMO', 'Museo Miniscalchi', 'Teatro Romano', 'Palazzo della Ragione', 'Museo Conte']",Torre Lamberti,strategy_nearest,False,0.0015387535095214844,success
04BECE4A9C4C80,1,"['Arena', 'Casa Giulietta']",Torre Lamberti,"['Sighseeing', 'Centro Fotografia', 'Museo Conte', 'Palazzo della Ragione', 'AMO']",Palazzo della Ragione,strategy_nearest,True,0.0034291744232177734,success
04BED24A9C4C80,1,"['Santa Anastasia', 'Duomo', 'Castelvecchio']",San Zeno,"['Verona Tour', 'Museo Lapidario', 'Arena', 'Museo Miniscalchi', 'Sighseeing']",Palazzo della Ragione,strategy_nearest,False,0.0020401477813720703,success
04BECF3A9C4C80,3,"['Arena', 'Casa Giulietta']",Torre Lamberti,"['Sighseeing', 'Centro Fotografia', 'Museo Conte', 'Palazzo della Ragione', 'AMO']",Santa Anastasia,strategy_nearest,False,0.004059791564941406,success
04BEEE3A9C4C80,0,"['Castelvecchio', 'Museo Lapidario']",San Zeno,"['Verona Tour', 'Arena', 'Museo Miniscalchi', 'Sighseeing', 'Museo Radio']",Arena,strategy_nearest,True,0.002396106719970703,success
04BEE5429C4C80,3,"['Arena', 'Casa Giulietta']",Torre Lamberti,"['Sighseeing', 'Centro Fotografia', 'Museo Conte', 'Palazzo della Ragione', 'AMO']",Duomo,strategy_nearest,False,0.0038640499114990234,success
04BEE93A9C4C80,3,"['Arena', 'Torre Lamberti']",Casa Giulietta,"['Centro Fotografia', 'Sighseeing', 'Museo Conte', 'Museo Radio', 'Palazzo della Ragione']",Santa Anastasia,strategy_nearest,False,0.0038461685180664062,success
04BED63A9C4C80,0,['Museo Lapidario'],Arena,"['Verona Tour', 'Museo Radio', 'San Fermo', 'Casa Giulietta', 'Sighseeing']",Teatro Romano,strategy_nearest,False,0.002574920654296875,success
04BF004A9C4C84,0,['Arena'],Casa Giulietta,"['Centro Fotografia', 'Sighseeing', 'Torre Lamberti', 'Museo Conte', 'Museo Radio']",Castelvecchio,strategy_nearest,False,0.0026869773864746094,success
04BF00429C4C84,3,"['Castelvecchio', 'Teatro Romano', 'Torre Lamberti']",Casa Giulietta,"['Centro Fotografia', 'Sighseeing', 'Museo Conte', 'Museo Radio', 'Palazzo della Ragione']",Arena,strategy_nearest,False,0.0014331340789794922,success
04BEF0429C4C80,0,['Arena'],Casa Giulietta,"['Centro Fotografia', 'Sighseeing', 'Torre Lamberti', 'Museo Conte', 'Museo Radio']",Castelvecchio,strategy_nearest,False,0.003000974655151367,success
04BEFF429C4C80,1,"['San Fermo', 'Casa Giulietta', 'Castelvecchio']",San Zeno,"['Verona Tour', 'Museo Lapidario', 'Arena', 'Museo Miniscalchi', 'Sighseeing']",Arena,strategy_nearest,True,0.004286766052246094,success
04BF044A9C4C84,2,['San Fermo'],Palazzo della Ragione,"['AMO', 'Museo Conte', 'Torre Lamberti', 'Centro Fotografia', 'Sighseeing']",Santa Anastasia,strategy_nearest,False,0.0020427703857421875,success
04BF0B429C4C84,3,"['Arena', 'Museo Lapidario', 'Casa Giulietta']",Torre Lamberti,"['Sighseeing', 'Centro Fotografia', 'Museo Conte', 'Palazzo della Ragione', 'AMO']",San Fermo,strategy_nearest,False,0.0026488304138183594,success
04BF034A9C4C84,0,['Castelvecchio'],San Zeno,"['Verona Tour', 'Museo Lapidario', 'Arena', 'Museo Miniscalchi', 'Sighseeing']",Casa Giulietta,strategy_nearest,False,0.004041910171508789,success
04BF024A9C4C84,0,['Arena'],Casa Giulietta,"['Centro Fotografia', 'Sighseeing', 'Torre Lamberti', 'Museo Conte', 'Museo Radio']",Santa Anastasia,strategy_nearest,False,0.002202272415161133,success
04BF0E4A9C4C80,3,"['Santa Anastasia', 'Torre Lamberti', 'Casa Giulietta']",San Fermo,"['Museo Storia', 'Museo Radio', 'Centro Fotografia', 'Arena', 'Sighseeing']",Arena,strategy_nearest,True,0.0020821094512939453,success
04BF0F429C4C84,1,"['Casa Giulietta', 'Palazzo della Ragione']",Arena,"['Verona Tour', 'Museo Lapidario', 'Museo Radio', 'San Fermo', 'Sighseeing']",Castelvecchio,strategy_nearest,False,0.002681732177734375,success
04BF0F4A9C4C84,0,['Arena'],Casa Giulietta,"['Centro Fotografia', 'Sighseeing', 'Torre Lamberti', 'Museo Conte', 'Museo Radio']",Torre Lamberti,strategy_nearest,True,0.002821207046508789,success
04BF104A9C4C80,3,['Santa Anastasia'],Duomo,"['AMO', 'Museo Miniscalchi', 'Teatro Romano', 'Palazzo della Ragione', 'Museo Conte']",Arena,strategy_nearest,False,0.0034170150756835938,success
04BF14429C4C84,0,['Arena'],Casa Giulietta,"['Centro Fotografia', 'Sighseeing', 'Torre Lamberti', 'Museo Conte', 'Museo Radio']",Casa Giulietta,strategy_nearest,False,0.0026531219482421875,success
04BF15429C4C84,0,['Tomba Giulietta'],Arena,"['Verona Tour', 'Museo Lapidario', 'Museo Radio', 'San Fermo', 'Casa Giulietta']",Casa Giulietta,strategy_nearest,True,0.003056049346923828,success
04BF163A9C4C80,3,"['Arena', 'Tomba Giulietta', 'Casa Giulietta']",Torre Lamberti,"['Sighseeing', 'Centro Fotografia', 'Museo Conte', 'Palazzo della Ragione', 'AMO']",Duomo,strategy_nearest,False,0.002908945083618164,success
04BF273A9C4C80,3,"['Casa Giulietta', 'Arena']",Tomba Giulietta,"['San Fermo', 'Museo Storia', 'Museo Lapidario', 'Museo Radio', 'Verona Tour']",Santa Anastasia,strategy_nearest,False,0.0027000904083251953,success
04BF24429C4C84,0,['Castelvecchio'],Arena,"['Verona Tour', 'Museo Lapidario', 'Museo Radio', 'San Fermo', 'Casa Giulietta']",Casa Giulietta,strategy_nearest,True,0.003654003143310547,success
04BF273A9C4C84,0,"['Arena', 'Casa Giulietta']",Torre Lamberti,"['Sighseeing', 'Centro Fotografia', 'Museo Conte', 'Palazzo della Ragione', 'AMO']",Castelvecchio,strategy_nearest,False,0.0031991004943847656,success
04BF47429C4C80,3,"['Torre Lamberti', 'Duomo', 'Santa Anastasia']",Arena,"['Verona Tour', 'Museo Lapidario', 'Museo Radio', 'San Fermo', 'Casa Giulietta']",Casa Giulietta,strategy_nearest,True,0.0027909278869628906,success
04BF48429C4C80,0,"['Casa Giulietta', 'Torre Lamberti']",Arena,"['Verona Tour', 'Museo Lapidario', 'Museo Radio', 'San Fermo', 'Sighseeing']",Tomba Giulietta,strategy_nearest,False,0.002026081085205078,success
04BF323A9C4C80,0,"['Arena', 'Casa Giulietta']",Torre Lamberti,"['Sighseeing', 'Centro Fotografia', 'Museo Conte', 'Palazzo della Ragione', 'AMO']",Duomo,strategy_nearest,False,0.0035119056701660156,success
04BF3C429C4C80,0,['Museo Lapidario'],Arena,"['Verona Tour', 'Museo Radio', 'San Fermo', 'Casa Giulietta', 'Sighseeing']",Teatro Romano,strategy_nearest,False,0.0016160011291503906,success
04BF4A429C4C80,3,"['Santa Anastasia', 'Teatro Romano', 'Duomo']",Giardino Giusti,"['Museo Conte', 'Centro Fotografia', 'Museo Storia', 'AMO', 'Casa Giulietta']",Arena,strategy_nearest,False,0.0022101402282714844,success
04BF57429C4C80,2,"['Teatro Romano', 'San Zeno']",Santa Anastasia,"['AMO', 'Museo Conte', 'Palazzo della Ragione', 'Centro Fotografia', 'Duomo']",Duomo,strategy_nearest,True,0.002811908721923828,success
04BF523A9C4C80,3,"['Duomo', 'Torre Lamberti', 'Casa Giulietta']",Arena,"['Verona Tour', 'Museo Lapidario', 'Museo Radio', 'San Fermo', 'Sighseeing']",Tomba Giulietta,strategy_nearest,False,0.002235889434814453,success
04BF754A9C4C80,3,['Duomo'],Teatro Romano,"['Santa Anastasia', 'AMO', 'Palazzo della Ragione', 'Museo Conte', 'Centro Fotografia']",Giardino Giusti,strategy_nearest,False,0.003307819366455078,success
04BF99429C4C80,0,['Arena'],Castelvecchio,"['Museo Lapidario', 'Verona Tour', 'Museo Radio', 'San Zeno', 'Sighseeing']",Casa Giulietta,strategy_nearest,False,0.0020308494567871094,success
04BF914A9C4C80,3,"['Teatro Romano', 'Torre Lamberti']",San Fermo,"['Museo Storia', 'Museo Radio', 'Casa Giulietta', 'Centro Fotografia', 'Arena']",San Zeno,strategy_nearest,False,0.0023419857025146484,success
04BF9A429C4C80,1,"['Casa Giulietta', 'Casa Giulietta', 'Torre Lamberti']",Palazzo della Ragione,"['AMO', 'Museo Conte', 'Centro Fotografia', 'Sighseeing', 'Santa Anastasia']",Santa Anastasia,strategy_nearest,True,0.0027151107788085938,success
04BFAE3A9C4C80,0,['Arena'],Castelvecchio,"['Museo Lapidario', 'Verona Tour', 'Museo Radio', 'San Zeno', 'Sighseeing']",Casa Giulietta,strategy_nearest,False,0.003258228302001953,success
04BFB24A9C4C80,3,"['Arena', 'Casa Giulietta', 'Santa Anastasia', 'Arena']",Museo Lapidario,"['Verona Tour', 'Castelvecchio', 'Museo Radio', 'San Fermo', 'Tomba Giulietta']",Castelvecchio,strategy_nearest,True,0.0033452510833740234,success
04BFB34A9C4C80,0,['Castelvecchio'],Arena,"['Verona Tour', 'Museo Lapidario', 'Museo Radio', 'San Fermo', 'Casa Giulietta']",Casa Giulietta,strategy_nearest,True,0.0018341541290283203,success
04BFB6429C4C80,0,['Arena'],Casa Giulietta,"['Centro Fotografia', 'Sighseeing', 'Torre Lamberti', 'Museo Conte', 'Museo Radio']",Santa Anastasia,strategy_nearest,False,0.003286123275756836,success
04BFB7429C4C80,0,['Arena'],Casa Giulietta,"['Centro Fotografia', 'Sighseeing', 'Torre Lamberti', 'Museo Conte', 'Museo Radio']",Castelvecchio,strategy_nearest,False,0.002995014190673828,success
04BFBF4A9C4C80,0,['Arena'],Casa Giulietta,"['Centro Fotografia', 'Sighseeing', 'Torre Lamberti', 'Museo Conte', 'Museo Radio']",San Fermo,strategy_nearest,False,0.002429962158203125,success
04BFBD3A9C4C80,0,"['Arena', 'Museo Lapidario', 'Castelvecchio']",Casa Giulietta,"['Centro Fotografia', 'Sighseeing', 'Torre Lamberti', 'Museo Conte', 'Museo Radio']",Museo Storia,strategy_nearest,False,0.0016069412231445312,success
04BFCA4A9C4C80,0,"['Arena', 'Torre Lamberti']",Casa Giulietta,"['Centro Fotografia', 'Sighseeing', 'Museo Conte', 'Museo Radio', 'Palazzo della Ragione']",San Zeno,strategy_nearest,False,0.003271818161010742,success
04BFCC4A9C4C80,0,"['Tomba Giulietta', 'Arena']",Castelvecchio,"['Museo Lapidario', 'Verona Tour', 'Museo Radio', 'San Zeno', 'Sighseeing']",San Zeno,strategy_nearest,True,0.002707958221435547,success
04BFD04A9C4C80,0,['Arena'],Casa Giulietta,"['Centro Fotografia', 'Sighseeing', 'Torre Lamberti', 'Museo Conte', 'Museo Radio']",Castelvecchio,strategy_nearest,False,0.002404928207397461,success
04BFD7429C4C80,0,"['Arena', 'San Zeno']",Casa Giulietta,"['Centro Fotografia', 'Sighseeing', 'Torre Lamberti', 'Museo Conte', 'Museo Radio']",Torre Lamberti,strategy_nearest,True,0.002301931381225586,success
04BFE94A9C4C80,1,['Arena'],Torre Lamberti,"['Sighseeing', 'Centro Fotografia', 'Museo Conte', 'Casa Giulietta', 'Palazzo della Ragione']",Palazzo della Ragione,strategy_nearest,True,0.0026760101318359375,success
04BFE8429C4C80,0,['Casa Giulietta'],Arena,"['Verona Tour', 'Museo Lapidario', 'Museo Radio', 'San Fermo', 'Sighseeing']",Tomba Giulietta,strategy_nearest,False,0.003309011459350586,success
04BFEB429C4C80,1,"['Arena', 'Casa Giulietta', 'San Fermo']",Torre Lamberti,"['Sighseeing', 'Centro Fotografia', 'Museo Conte', 'Palazzo della Ragione', 'AMO']",Palazzo della Ragione,strategy_nearest,True,0.0033631324768066406,success
04BFED429C4C80,3,"['Arena', 'Santa Anastasia', 'Torre Lamberti']",Castelvecchio,"['Museo Lapidario', 'Verona Tour', 'Museo Radio', 'San Zeno', 'Sighseeing']",Casa Giulietta,strategy_nearest,False,0.0016570091247558594,success
04BFED4A9C4C80,3,"['Arena', 'Casa Giulietta']",Torre Lamberti,"['Sighseeing', 'Centro Fotografia', 'Museo Conte', 'Palazzo della Ragione', 'AMO']",Santa Anastasia,strategy_nearest,False,0.0025060176849365234,success
04BFF04A9C4C80,1,['Arena'],Casa Giulietta,"['Centro Fotografia', 'Sighseeing', 'Torre Lamberti', 'Museo Conte', 'Museo Radio']",Torre Lamberti,strategy_nearest,True,0.002513885498046875,success
04BFEE4A9C4C80,0,['Arena'],Teatro Romano,"['Santa Anastasia', 'Duomo', 'AMO', 'Palazzo della Ragione', 'Museo Conte']",Torre Lamberti,strategy_nearest,False,0.003401041030883789,success
04C000429C4C84,1,"['Arena', 'Casa Giulietta', 'Palazzo della Ragione']",Torre Lamberti,"['Sighseeing', 'Centro Fotografia', 'Museo Conte', 'AMO', 'Museo Miniscalchi']",Santa Anastasia,strategy_nearest,False,0.0027480125427246094,success
04C0004A9C4C84,3,"['Arena', 'Casa Giulietta']",Teatro Romano,"['Santa Anastasia', 'Duomo', 'AMO', 'Palazzo della Ragione', 'Museo Conte']",Santa Anastasia,strategy_nearest,True,0.0035169124603271484,success
04BFF53A9C4C80,0,['Tomba Giulietta'],Castelvecchio,"['Museo Lapidario', 'Verona Tour', 'Arena', 'Museo Radio', 'San Zeno']",Arena,strategy_nearest,True,0.0035669803619384766,success
04C0024A9C4C84,0,"['Teatro Romano', 'Duomo']",Castelvecchio,"['Museo Lapidario', 'Verona Tour', 'Arena', 'Museo Radio', 'San Zeno']",Arena,strategy_nearest,True,0.0029959678649902344,success
04C0064A9C4C84,1,"['Arena', 'Palazzo della Ragione', 'Torre Lamberti']",Casa Giulietta,"['Centro Fotografia', 'Sighseeing', 'Museo Conte', 'Museo Radio', 'San Fermo']",Giardino Giusti,strategy_nearest,False,0.002413034439086914,success
04C00E3A9C4C84,0,"['Casa Giulietta', 'Duomo']",Arena,"['Verona Tour', 'Museo Lapidario', 'Museo Radio', 'San Fermo', 'Sighseeing']",Museo Lapidario,strategy_nearest,True,0.001795053482055664,success
04C0084A9C4C84,3,['Arena'],Casa Giulietta,"['Centro Fotografia', 'Sighseeing', 'Torre Lamberti', 'Museo Conte', 'Museo Radio']",Torre Lamberti,strategy_nearest,True,0.002708911895751953,success
04C00E4A9C4C84,0,['Arena'],Casa Giulietta,"['Centro Fotografia', 'Sighseeing', 'Torre Lamberti', 'Museo Conte', 'Museo Radio']",Torre Lamberti,strategy_nearest,True,0.0035631656646728516,success
04C010429C4C84,3,['Arena'],Santa Anastasia,"['AMO', 'Museo Conte', 'Palazzo della Ragione', 'Teatro Romano', 'Centro Fotografia']",Duomo,strategy_nearest,False,0.0026738643646240234,success
04C00F4A9C4C84,0,['Castelvecchio'],Casa Giulietta,"['Centro Fotografia', 'Sighseeing', 'Torre Lamberti', 'Museo Conte', 'Museo Radio']",Tomba Giulietta,strategy_nearest,False,0.002730846405029297,success
04C0104A9C4C80,1,"['Palazzo della Ragione', 'Torre Lamberti']",Santa Anastasia,"['AMO', 'Museo Conte', 'Teatro Romano', 'Centro Fotografia', 'Duomo']",Duomo,strategy_nearest,True,0.0027899742126464844,success
04C0133A9C4C80,0,['Arena'],Casa Giulietta,"['Centro Fotografia', 'Sighseeing', 'Torre Lamberti', 'Museo Conte', 'Museo Radio']",Teatro Romano,strategy_nearest,False,0.003214120864868164,success
04C0173A9C4C80,0,"['Casa Giulietta', 'Arena']",Castelvecchio,"['Museo Lapidario', 'Verona Tour', 'Museo Radio', 'San Zeno', 'Sighseeing']",Tomba Giulietta,strategy_nearest,False,0.00197601318359375,success
04C0133A9C4C84,2,"['Museo Lapidario', 'Museo Lapidario']",Casa Giulietta,"['Centro Fotografia', 'Sighseeing', 'Torre Lamberti', 'Museo Conte', 'Museo Radio']",Santa Anastasia,strategy_nearest,False,0.0030159950256347656,success
04C0163A9C4C80,4,"['Arena', 'Museo Lapidario', 'Castelvecchio', 'Palazzo della Ragione']",Torre Lamberti,"['Sighseeing', 'Centro Fotografia', 'Museo Conte', 'Casa Giulietta', 'AMO']",Casa Giulietta,strategy_nearest,True,0.00339508056640625,success
04C015429C4C84,2,"['Museo Lapidario', 'Castelvecchio']",Torre Lamberti,"['Sighseeing', 'Centro Fotografia', 'Museo Conte', 'Casa Giulietta', 'Palazzo della Ragione']",Teatro Romano,strategy_nearest,False,0.004005908966064453,success
04C025429C4C80,0,"['Castelvecchio', 'Arena']",Casa Giulietta,"['Centro Fotografia', 'Sighseeing', 'Torre Lamberti', 'Museo Conte', 'Museo Radio']",Torre Lamberti,strategy_nearest,True,0.001338958740234375,success
04C017429C4C84,0,['Arena'],Torre Lamberti,"['Sighseeing', 'Centro Fotografia', 'Museo Conte', 'Casa Giulietta', 'Palazzo della Ragione']",Casa Giulietta,strategy_nearest,True,0.003226041793823242,success
04C02C429C4C80,0,"['Casa Giulietta', 'Torre Lamberti']",Tomba Giulietta,"['San Fermo', 'Museo Storia', 'Arena', 'Museo Lapidario', 'Museo Radio']",Arena,strategy_nearest,True,0.0032567977905273438,success
04C0233A9C4C84,0,['Castelvecchio'],Duomo,"['AMO', 'Museo Miniscalchi', 'Santa Anastasia', 'Teatro Romano', 'Palazzo della Ragione']",Arena,strategy_nearest,False,0.0028018951416015625,success
04C02E3A9C4C80,1,"['Arena', 'Casa Giulietta']",Teatro Romano,"['Santa Anastasia', 'Duomo', 'AMO', 'Palazzo della Ragione', 'Museo Conte']",Castelvecchio,strategy_nearest,False,0.00238800048828125,success
04C032429C4C80,0,['Casa Giulietta'],Arena,"['Verona Tour', 'Museo Lapidario', 'Museo Radio', 'San Fermo', 'Sighseeing']",Teatro Romano,strategy_nearest,False,0.0016849040985107422,success
04C03F3A9C4C80,3,"['Arena', 'San Fermo']",Torre Lamberti,"['Sighseeing', 'Centro Fotografia', 'Museo Conte', 'Casa Giulietta', 'Palazzo della Ragione']",Duomo,strategy_nearest,False,0.0035059452056884766,success
04C0484A9C4C80,2,"['San Fermo', 'Casa Giulietta']",Santa Anastasia,"['AMO', 'Museo Conte', 'Palazzo della Ragione', 'Teatro Romano', 'Centro Fotografia']",Duomo,strategy_nearest,False,0.0020020008087158203,success
04C0503A9C4C80,0,"['Castelvecchio', 'Torre Lamberti']",Arena,"['Verona Tour', 'Museo Lapidario', 'Museo Radio', 'San Fermo', 'Casa Giulietta']",Casa Giulietta,strategy_nearest,True,0.0031862258911132812,success
04C049429C4C80,0,"['Casa Giulietta', 'Torre Lamberti']",Giardino Giusti,"['Santa Anastasia', 'Teatro Romano', 'Museo Conte', 'Centro Fotografia', 'Museo Storia']",Teatro Romano,strategy_nearest,True,0.0032889842987060547,success
04C0754A9C4C80,0,['Arena'],Torre Lamberti,"['Sighseeing', 'Centro Fotografia', 'Museo Conte', 'Casa Giulietta', 'Palazzo della Ragione']",Castelvecchio,strategy_nearest,False,0.0023992061614990234,success
04C08D429C4C80,2,['Duomo'],Teatro Romano,"['Santa Anastasia', 'AMO', 'Palazzo della Ragione', 'Museo Conte', 'Centro Fotografia']",Casa Giulietta,strategy_nearest,False,0.0026400089263916016,success
04C0944A9C4C80,2,"['Castelvecchio', 'Casa Giulietta', 'Santa Anastasia']",Teatro Romano,"['Duomo', 'AMO', 'Palazzo della Ragione', 'Museo Conte', 'Centro Fotografia']",Duomo,strategy_nearest,True,0.0026590824127197266,success
04C0984A9C4C80,0,"['Castelvecchio', 'San Fermo']",Casa Giulietta,"['Centro Fotografia', 'Sighseeing', 'Torre Lamberti', 'Museo Conte', 'Museo Radio']",Torre Lamberti,strategy_nearest,True,0.0026988983154296875,success
04C09A4A9C4C80,0,['Arena'],Casa Giulietta,"['Centro Fotografia', 'Sighseeing', 'Torre Lamberti', 'Museo Conte', 'Museo Radio']",Castelvecchio,strategy_nearest,False,0.0021877288818359375,success
04C0964A9C4C80,3,"['Arena', 'Casa Giulietta']",Torre Lamberti,"['Sighseeing', 'Centro Fotografia', 'Museo Conte', 'Palazzo della Ragione', 'AMO']",Santa Anastasia,strategy_nearest,False,0.0033159255981445312,success
04C0A4429C4C80,1,['Arena'],Torre Lamberti,"['Sighseeing', 'Centro Fotografia', 'Museo Conte', 'Casa Giulietta', 'Palazzo della Ragione']",Palazzo della Ragione,strategy_nearest,True,0.0026938915252685547,success
04C0A04A9C4C80,3,['Arena'],Casa Giulietta,"['Centro Fotografia', 'Sighseeing', 'Torre Lamberti', 'Museo Conte', 'Museo Radio']",Torre Lamberti,strategy_nearest,True,0.002791881561279297,success
04C09C4A9C4C80,3,"['San Zeno', 'Santa Anastasia']",Duomo,"['AMO', 'Museo Miniscalchi', 'Teatro Romano', 'Palazzo della Ragione', 'Museo Conte']",Teatro Romano,strategy_nearest,True,0.0021331310272216797,success
04C0B23A9C4C80,0,"['Teatro Romano', 'Casa Giulietta', 'Torre Lamberti']",Arena,"['Verona Tour', 'Museo Lapidario', 'Museo Radio', 'San Fermo', 'Sighseeing']",Tomba Giulietta,strategy_nearest,False,0.00335693359375,success
04C0B84A9C4C80,3,"['Castelvecchio', 'Teatro Romano']",Santa Anastasia,"['AMO', 'Museo Conte', 'Palazzo della Ragione', 'Centro Fotografia', 'Duomo']",Casa Giulietta,strategy_nearest,False,0.0019991397857666016,success
04C0B54A9C4C80,3,"['Arena', 'Casa Giulietta']",Torre Lamberti,"['Sighseeing', 'Centro Fotografia', 'Museo Conte', 'Palazzo della Ragione', 'AMO']",Santa Anastasia,strategy_nearest,False,0.0028128623962402344,success
04C0BA4A9C4C80,0,['Arena'],Casa Giulietta,"['Centro Fotografia', 'Sighseeing', 'Torre Lamberti', 'Museo Conte', 'Museo Radio']",Castelvecchio,strategy_nearest,False,0.003372669219970703,success
04C0BC4A9C4C80,1,"['Arena', 'Casa Giulietta']",Palazzo della Ragione,"['AMO', 'Museo Conte', 'Torre Lamberti', 'Centro Fotografia', 'Sighseeing']",Torre Lamberti,strategy_nearest,True,0.0026292800903320312,success
04C0CD4A9C4C80,0,['Arena'],Castelvecchio,"['Museo Lapidario', 'Verona Tour', 'Museo Radio', 'San Zeno', 'Sighseeing']",Casa Giulietta,strategy_nearest,False,0.0025207996368408203,success
04C0CC4A9C4C80,1,['Arena'],Casa Giulietta,"['Centro Fotografia', 'Sighseeing', 'Torre Lamberti', 'Museo Conte', 'Museo Radio']",Torre Lamberti,strategy_nearest,True,0.0026340484619140625,success
04C0CB4A9C4C80,1,"['Arena', 'Casa Giulietta', 'San Fermo', 'Teatro Romano']",Duomo,"['AMO', 'Museo Miniscalchi', 'Santa Anastasia', 'Palazzo della Ragione', 'Museo Conte']",Palazzo della Ragione,strategy_nearest,True,0.0026559829711914062,success
04C0D0429C4C80,0,['Castelvecchio'],Arena,"['Verona Tour', 'Museo Lapidario', 'Museo Radio', 'San Fermo', 'Casa Giulietta']",Casa Giulietta,strategy_nearest,True,0.003213167190551758,success
04C0E1429C4C80,0,['Arena'],Castelvecchio,"['Museo Lapidario', 'Verona Tour', 'Museo Radio', 'San Zeno', 'Sighseeing']",Museo Lapidario,strategy_nearest,True,0.0021822452545166016,success
04C0EA429C4C80,0,['Arena'],Casa Giulietta,"['Centro Fotografia', 'Sighseeing', 'Torre Lamberti', 'Museo Conte', 'Museo Radio']",Torre Lamberti,strategy_nearest,True,0.0028018951416015625,success
04C0D04A9C4C80,0,['Arena'],Castelvecchio,"['Museo Lapidario', 'Verona Tour', 'Museo Radio', 'San Zeno', 'Sighseeing']",Casa Giulietta,strategy_nearest,False,0.0021691322326660156,success
04C0ED4A9C4C80,0,['Arena'],Casa Giulietta,"['Centro Fotografia', 'Sighseeing', 'Torre Lamberti', 'Museo Conte', 'Museo Radio']",Castelvecchio,strategy_nearest,False,0.0032448768615722656,success
04C0F74A9C4C80,3,"['Arena', 'Castelvecchio']",Teatro Romano,"['Santa Anastasia', 'Duomo', 'AMO', 'Palazzo della Ragione', 'Museo Conte']",Duomo,strategy_nearest,True,0.001444101333618164,success
04C0FE4A9C4C80,0,['Arena'],Casa Giulietta,"['Centro Fotografia', 'Sighseeing', 'Torre Lamberti', 'Museo Conte', 'Museo Radio']",Torre Lamberti,strategy_nearest,True,0.0027840137481689453,success
04C0FB4A9C4C80,3,"['Arena', 'San Fermo']",Giardino Giusti,"['Santa Anastasia', 'Teatro Romano', 'Museo Conte', 'Centro Fotografia', 'Museo Storia']",Teatro Romano,strategy_nearest,True,0.0020809173583984375,success
04C0FF4A9C4C80,1,"['Arena', 'Casa Giulietta', 'Torre Lamberti']",Palazzo della Ragione,"['AMO', 'Museo Conte', 'Centro Fotografia', 'Sighseeing', 'Santa Anastasia']",Santa Anastasia,strategy_nearest,True,0.0033867359161376953,success
04C102429C4C84,3,"['Arena', 'San Fermo', 'Castelvecchio']",Santa Anastasia,"['AMO', 'Museo Conte', 'Palazzo della Ragione', 'Teatro Romano', 'Centro Fotografia']",Duomo,strategy_nearest,False,0.0023736953735351562,success
04C1004A9C4C84,3,"['Arena', 'Castelvecchio']",Torre Lamberti,"['Sighseeing', 'Centro Fotografia', 'Museo Conte', 'Casa Giulietta', 'Palazzo della Ragione']",Santa Anastasia,strategy_nearest,False,0.0022001266479492188,success
04C1024A9C4C84,2,['Casa Giulietta'],Duomo,"['AMO', 'Museo Miniscalchi', 'Santa Anastasia', 'Teatro Romano', 'Palazzo della Ragione']",Santa Anastasia,strategy_nearest,True,0.0034177303314208984,success
04C1044A9C4C84,3,"['Casa Giulietta', 'Torre Lamberti']",Santa Anastasia,"['AMO', 'Museo Conte', 'Palazzo della Ragione', 'Teatro Romano', 'Centro Fotografia']",Duomo,strategy_nearest,False,0.0023941993713378906,success
04C1074A9C4C84,0,['Arena'],Casa Giulietta,"['Centro Fotografia', 'Sighseeing', 'Torre Lamberti', 'Museo Conte', 'Museo Radio']",Torre Lamberti,strategy_nearest,True,0.002395153045654297,success
04C1094A9C4C84,3,"['Arena', 'Castelvecchio']",Santa Anastasia,"['AMO', 'Museo Conte', 'Palazzo della Ragione', 'Teatro Romano', 'Centro Fotografia']",Duomo,strategy_nearest,False,0.002986907958984375,success
04C10D4A9C4C80,6,"['Verona Tour', 'Arena']",Casa Giulietta,"['Centro Fotografia', 'Sighseeing', 'Torre Lamberti', 'Museo Conte', 'Museo Radio']",Castelvecchio,strategy_nearest,False,0.002604961395263672,success
04C10F4A9C4C84,0,"['Castelvecchio', 'Torre Lamberti']",Museo Lapidario,"['Verona Tour', 'Arena', 'Museo Radio', 'San Fermo', 'Casa Giulietta']",Arena,strategy_nearest,True,0.0033071041107177734,success
04C1103A9C4C80,2,['Duomo'],Torre Lamberti,"['Sighseeing', 'Centro Fotografia', 'Museo Conte', 'Casa Giulietta', 'Palazzo della Ragione']",Casa Giulietta,strategy_nearest,True,0.0032057762145996094,success
04C1114A9C4C84,0,"['Torre Lamberti', 'Teatro Romano']",Casa Giulietta,"['Centro Fotografia', 'Sighseeing', 'Museo Conte', 'Museo Radio', 'Palazzo della Ragione']",Arena,strategy_nearest,False,0.0031397342681884766,success
04C110429C4C84,0,['Tomba Giulietta'],Castelvecchio,"['Museo Lapidario', 'Verona Tour', 'Arena', 'Museo Radio', 'San Zeno']",Arena,strategy_nearest,True,0.0033750534057617188,success
04C112429C4C84,3,"['Casa Giulietta', 'Arena']",Torre Lamberti,"['Sighseeing', 'Centro Fotografia', 'Museo Conte', 'Palazzo della Ragione', 'AMO']",Santa Anastasia,strategy_nearest,False,0.002446889877319336,success
04C1124A9C4C84,3,"['Arena', 'Casa Giulietta', 'Santa Anastasia']",Duomo,"['AMO', 'Museo Miniscalchi', 'Teatro Romano', 'Palazzo della Ragione', 'Museo Conte']",Teatro Romano,strategy_nearest,True,0.003144979476928711,success
04C1173A9C4C80,0,"['Casa Giulietta', 'Arena']",Castelvecchio,"['Museo Lapidario', 'Verona Tour', 'Museo Radio', 'San Zeno', 'Sighseeing']",Tomba Giulietta,strategy_nearest,False,0.0029838085174560547,success
04C11F429C4C84,0,['Arena'],Casa Giulietta,"['Centro Fotografia', 'Sighseeing', 'Torre Lamberti', 'Museo Conte', 'Museo Radio']",Teatro Romano,strategy_nearest,False,0.003367185592651367,success
04C121429C4C84,2,['Castelvecchio'],Casa Giulietta,"['Centro Fotografia', 'Sighseeing', 'Torre Lamberti', 'Museo Conte', 'Museo Radio']",Tomba Giulietta,strategy_nearest,False,0.00191497802734375,success
04C1214A9C4C80,3,"['Casa Giulietta', 'Arena', 'Castelvecchio']",Santa Anastasia,"['AMO', 'Museo Conte', 'Palazzo della Ragione', 'Teatro Romano', 'Centro Fotografia']",Teatro Romano,strategy_nearest,True,0.0033578872680664062,success
04C1283A9C4C80,0,['Castelvecchio'],Arena,"['Verona Tour', 'Museo Lapidario', 'Museo Radio', 'San Fermo', 'Casa Giulietta']",Duomo,strategy_nearest,False,0.0024347305297851562,success
04C1233A9C4C80,2,['Santa Anastasia'],Duomo,"['AMO', 'Museo Miniscalchi', 'Teatro Romano', 'Palazzo della Ragione', 'Museo Conte']",Castelvecchio,strategy_nearest,False,0.001825094223022461,success
04C133429C4C80,3,"['Castelvecchio', 'Casa Giulietta', 'Torre Lamberti', 'Arena']",Santa Anastasia,"['AMO', 'Museo Conte', 'Palazzo della Ragione', 'Teatro Romano', 'Centro Fotografia']",Duomo,strategy_nearest,False,0.0031671524047851562,success
04C141429C4C80,0,['Arena'],Casa Giulietta,"['Centro Fotografia', 'Sighseeing', 'Torre Lamberti', 'Museo Conte', 'Museo Radio']",Torre Lamberti,strategy_nearest,True,0.0030357837677001953,success
04C15A3A9C4C80,3,['Arena'],Santa Anastasia,"['AMO', 'Museo Conte', 'Palazzo della Ragione', 'Teatro Romano', 'Centro Fotografia']",Casa Giulietta,strategy_nearest,False,0.002407073974609375,success
04C1663A9C4C80,3,"['Castelvecchio', 'San Zeno', 'Arena']",Casa Giulietta,"['Centro Fotografia', 'Sighseeing', 'Torre Lamberti', 'Museo Conte', 'Museo Radio']",Torre Lamberti,strategy_nearest,True,0.0026350021362304688,success
04C179429C4C80,1,"['Arena', 'Castelvecchio', 'Torre Lamberti']",Palazzo della Ragione,"['AMO', 'Museo Conte', 'Centro Fotografia', 'Sighseeing', 'Santa Anastasia']",Duomo,strategy_nearest,False,0.003323078155517578,success
04C16D429C4C80,0,['San Zeno'],Castelvecchio,"['Museo Lapidario', 'Verona Tour', 'Arena', 'Museo Radio', 'Sighseeing']",Casa Giulietta,strategy_nearest,False,0.003637075424194336,success
04C173429C4C80,0,['Teatro Romano'],Duomo,"['AMO', 'Museo Miniscalchi', 'Santa Anastasia', 'Palazzo della Ragione', 'Museo Conte']",Arena,strategy_nearest,False,0.0020399093627929688,success
04C1964A9C4C80,0,['Arena'],Casa Giulietta,"['Centro Fotografia', 'Sighseeing', 'Torre Lamberti', 'Museo Conte', 'Museo Radio']",Museo Lapidario,strategy_nearest,False,0.0032958984375,success
04C19A4A9C4C80,2,['Casa Giulietta'],Santa Anastasia,"['AMO', 'Museo Conte', 'Palazzo della Ragione', 'Teatro Romano', 'Centro Fotografia']",Duomo,strategy_nearest,False,0.002201080322265625,success
04C19C429C4C80,0,"['Castelvecchio', 'Arena']",Casa Giulietta,"['Centro Fotografia', 'Sighseeing', 'Torre Lamberti', 'Museo Conte', 'Museo Radio']",Torre Lamberti,strategy_nearest,True,0.0033440589904785156,success
04C19F429C4C80,1,"['Castelvecchio', 'Arena']",Torre Lamberti,"['Sighseeing', 'Centro Fotografia', 'Museo Conte', 'Casa Giulietta', 'Palazzo della Ragione']",Casa Giulietta,strategy_nearest,True,0.002008676528930664,success
04C198429C4C80,1,"['Casa Giulietta', 'Torre Lamberti']",Palazzo della Ragione,"['AMO', 'Museo Conte', 'Centro Fotografia', 'Sighseeing', 'Santa Anastasia']",Castelvecchio,strategy_nearest,False,0.004015207290649414,success
04C1A84A9C4C80,3,['Torre Lamberti'],Santa Anastasia,"['AMO', 'Museo Conte', 'Palazzo della Ragione', 'Teatro Romano', 'Centro Fotografia']",Arena,strategy_nearest,False,0.002373218536376953,success
04C1B13A9C4C80,3,"['Arena', 'Casa Giulietta']",Santa Anastasia,"['AMO', 'Museo Conte', 'Palazzo della Ragione', 'Teatro Romano', 'Centro Fotografia']",Duomo,strategy_nearest,False,0.002688169479370117,success
04C1A3429C4C80,1,"['Arena', 'San Fermo']",Castelvecchio,"['Museo Lapidario', 'Verona Tour', 'Museo Radio', 'San Zeno', 'Sighseeing']",Torre Lamberti,strategy_nearest,False,0.001466989517211914,success
04C1AC4A9C4C80,3,['Arena'],Duomo,"['AMO', 'Museo Miniscalchi', 'Santa Anastasia', 'Teatro Romano', 'Palazzo della Ragione']",Santa Anastasia,strategy_nearest,True,0.0036399364471435547,success
04C1B2C27B3F80,1,"['Arena', 'Casa Giulietta']",Santa Anastasia,"['AMO', 'Museo Conte', 'Palazzo della Ragione', 'Teatro Romano', 'Centro Fotografia']",Palazzo della Ragione,strategy_nearest,True,0.0018029212951660156,success
04C1B84A9C4C80,3,['Arena'],Casa Giulietta,"['Centro Fotografia', 'Sighseeing', 'Torre Lamberti', 'Museo Conte', 'Museo Radio']",Santa Anastasia,strategy_nearest,False,0.0023691654205322266,success
04C1D03A9C4C80,1,"['Arena', 'Casa Giulietta', 'Torre Lamberti', 'Santa Anastasia']",Duomo,"['AMO', 'Museo Miniscalchi', 'Teatro Romano', 'Palazzo della Ragione', 'Museo Conte']",Teatro Romano,strategy_nearest,True,0.002066373825073242,success
04C1B93A9C4C80,1,"['Arena', 'Casa Giulietta']",Torre Lamberti,"['Sighseeing', 'Centro Fotografia', 'Museo Conte', 'Palazzo della Ragione', 'AMO']",Palazzo della Ragione,strategy_nearest,True,0.002814769744873047,success
04C1BC4A9C4C80,1,"['Arena', 'Casa Giulietta']",Torre Lamberti,"['Sighseeing', 'Centro Fotografia', 'Museo Conte', 'Palazzo della Ragione', 'AMO']",Palazzo della Ragione,strategy_nearest,True,0.003975868225097656,success
04C1D73A9C4C80,3,"['Arena', 'Torre Lamberti', 'Santa Anastasia']",Duomo,"['AMO', 'Museo Miniscalchi', 'Teatro Romano', 'Palazzo della Ragione', 'Museo Conte']",Casa Giulietta,strategy_nearest,False,0.003328084945678711,success
04C1E4429C4C80,3,"['Arena', 'Castelvecchio', 'San Fermo']",Santa Anastasia,"['AMO', 'Museo Conte', 'Palazzo della Ragione', 'Teatro Romano', 'Centro Fotografia']",Duomo,strategy_nearest,False,0.002798795700073242,success
04C1EF4A9C4C80,0,"['Arena', 'Museo Lapidario', 'Tomba Giulietta']",San Fermo,"['Museo Storia', 'Museo Radio', 'Casa Giulietta', 'Centro Fotografia', 'Sighseeing']",Casa Giulietta,strategy_nearest,True,0.0026030540466308594,success
04C1E73A9C4C80,0,['Arena'],Castelvecchio,"['Museo Lapidario', 'Verona Tour', 'Museo Radio', 'San Zeno', 'Sighseeing']",Torre Lamberti,strategy_nearest,False,0.003930091857910156,success
04C1ED4A9C4C80,1,['Arena'],Museo Lapidario,"['Verona Tour', 'Castelvecchio', 'Museo Radio', 'San Fermo', 'Casa Giulietta']",Palazzo della Ragione,strategy_nearest,False,0.0014591217041015625,success
04C1F04A9C4C80,0,['Arena'],Castelvecchio,"['Museo Lapidario', 'Verona Tour', 'Museo Radio', 'San Zeno', 'Sighseeing']",Casa Giulietta,strategy_nearest,False,0.001432180404663086,success
04C1F03A9C4C80,0,['Castelvecchio'],Arena,"['Verona Tour', 'Museo Lapidario', 'Museo Radio', 'San Fermo', 'Casa Giulietta']",Casa Giulietta,strategy_nearest,True,0.0021898746490478516,success
04C1F8429C4C80,2,"['San Fermo', 'Casa Giulietta']",Castelvecchio,"['Museo Lapidario', 'Verona Tour', 'Arena', 'Museo Radio', 'San Zeno']",Santa Anastasia,strategy_nearest,False,0.0032300949096679688,success
04C1F23A9C4C80,0,['Arena'],Casa Giulietta,"['Centro Fotografia', 'Sighseeing', 'Torre Lamberti', 'Museo Conte', 'Museo Radio']",Palazzo della Ragione,strategy_nearest,False,0.002721071243286133,success
04C1FD4A9C4C80,1,"['Arena', 'Casa Giulietta']",Palazzo della Ragione,"['AMO', 'Museo Conte', 'Torre Lamberti', 'Centro Fotografia', 'Sighseeing']",Torre Lamberti,strategy_nearest,True,0.0034637451171875,success
04C1FF4A9C4C80,0,['Arena'],Casa Giulietta,"['Centro Fotografia', 'Sighseeing', 'Torre Lamberti', 'Museo Conte', 'Museo Radio']",Teatro Romano,strategy_nearest,False,0.0019659996032714844,success
04C1FB429C4C80,0,"['Museo Lapidario', 'Castelvecchio']",Casa Giulietta,"['Centro Fotografia', 'Sighseeing', 'Torre Lamberti', 'Museo Conte', 'Museo Radio']",Museo Storia,strategy_nearest,False,0.0020699501037597656,success
04C2853A9C4C80,0,['Arena'],San Zeno,"['Castelvecchio', 'Verona Tour', 'Museo Lapidario', 'Museo Miniscalchi', 'Sighseeing']",Castelvecchio,strategy_nearest,True,0.003484964370727539,success
04C3024A9C4C84,1,"['Arena', 'Casa Giulietta']",San Fermo,"['Museo Storia', 'Museo Radio', 'Centro Fotografia', 'Sighseeing', 'Torre Lamberti']",Palazzo della Ragione,strategy_nearest,False,0.0016012191772460938,success
04C3044A9C4C84,4,"['Castelvecchio', 'Torre Lamberti', 'Palazzo della Ragione', 'Santa Anastasia', 'Teatro Romano']",Duomo,"['AMO', 'Museo Miniscalchi', 'Museo Conte', 'Centro Fotografia', 'Sighseeing']",Arena,strategy_nearest,False,0.0025720596313476562,success
04C3013A9C4C84,1,['Torre Lamberti'],Palazzo della Ragione,"['AMO', 'Museo Conte', 'Centro Fotografia', 'Sighseeing', 'Santa Anastasia']",Arena,strategy_nearest,False,0.0035161972045898438,success
04C30A429C4C84,3,"['Arena', 'Duomo']",San Fermo,"['Museo Storia', 'Museo Radio', 'Casa Giulietta', 'Centro Fotografia', 'Sighseeing']",Museo Storia,strategy_nearest,True,0.003008127212524414,success
04C30A429C4C80,0,['Casa Giulietta'],Palazzo della Ragione,"['AMO', 'Museo Conte', 'Torre Lamberti', 'Centro Fotografia', 'Sighseeing']",Arena,strategy_nearest,False,0.003306150436401367,success
04C30A4A9C4C84,3,['Arena'],Torre Lamberti,"['Sighseeing', 'Centro Fotografia', 'Museo Conte', 'Casa Giulietta', 'Palazzo della Ragione']",Santa Anastasia,strategy_nearest,False,0.003526926040649414,success
04C30B429C4C84,3,"['Arena', 'Casa Giulietta']",Castelvecchio,"['Museo Lapidario', 'Verona Tour', 'Museo Radio', 'San Zeno', 'Sighseeing']",Santa Anastasia,strategy_nearest,False,0.0018742084503173828,success
04C30E4A9C4C84,1,"['Duomo', 'Torre Lamberti']",Palazzo della Ragione,"['AMO', 'Museo Conte', 'Centro Fotografia', 'Sighseeing', 'Santa Anastasia']",Casa Giulietta,strategy_nearest,False,0.0025339126586914062,success
04C30F4A9C4C84,3,"['Arena', 'Casa Giulietta']",Santa Anastasia,"['AMO', 'Museo Conte', 'Palazzo della Ragione', 'Teatro Romano', 'Centro Fotografia']",Duomo,strategy_nearest,False,0.0023040771484375,success
04C310429C4C84,0,['Arena'],Casa Giulietta,"['Centro Fotografia', 'Sighseeing', 'Torre Lamberti', 'Museo Conte', 'Museo Radio']",Torre Lamberti,strategy_nearest,True,0.0026857852935791016,success
04C311429C4C84,0,['Arena'],Casa Giulietta,"['Centro Fotografia', 'Sighseeing', 'Torre Lamberti', 'Museo Conte', 'Museo Radio']",Torre Lamberti,strategy_nearest,True,0.002532958984375,success
04C3143A9C4C80,0,"['Casa Giulietta', 'Arena']",Castelvecchio,"['Museo Lapidario', 'Verona Tour', 'Museo Radio', 'San Zeno', 'Sighseeing']",Tomba Giulietta,strategy_nearest,False,0.0034401416778564453,success
04C322429C4C80,3,"['Arena', 'Casa Giulietta']",Teatro Romano,"['Santa Anastasia', 'Duomo', 'AMO', 'Palazzo della Ragione', 'Museo Conte']",Duomo,strategy_nearest,True,0.002560853958129883,success
04C318429C4C84,3,"['Arena', 'Casa Giulietta']",Torre Lamberti,"['Sighseeing', 'Centro Fotografia', 'Museo Conte', 'Palazzo della Ragione', 'AMO']",Santa Anastasia,strategy_nearest,False,0.0030870437622070312,success
04C3303A9C4C80,0,['Arena'],Torre Lamberti,"['Sighseeing', 'Centro Fotografia', 'Museo Conte', 'Casa Giulietta', 'Palazzo della Ragione']",Teatro Romano,strategy_nearest,False,0.0024509429931640625,success
04C326429C4C84,1,"['Tomba Giulietta', 'San Fermo', 'Duomo']",Castelvecchio,"['Museo Lapidario', 'Verona Tour', 'Arena', 'Museo Radio', 'San Zeno']",Arena,strategy_nearest,True,0.0022766590118408203,success
04C3523A9C4C80,0,['Casa Giulietta'],Arena,"['Verona Tour', 'Museo Lapidario', 'Museo Radio', 'San Fermo', 'Sighseeing']",Tomba Giulietta,strategy_nearest,False,0.0033631324768066406,success
04C33A4A9C4C80,1,"['San Zeno', 'Castelvecchio']",Arena,"['Verona Tour', 'Museo Lapidario', 'Museo Radio', 'San Fermo', 'Casa Giulietta']",Santa Anastasia,strategy_nearest,False,0.0025811195373535156,success
04C3524A9C4C80,3,"['Arena', 'Casa Giulietta']",Santa Anastasia,"['AMO', 'Museo Conte', 'Palazzo della Ragione', 'Teatro Romano', 'Centro Fotografia']",Duomo,strategy_nearest,False,0.002496004104614258,success
04C34B429C4C80,1,"['Casa Giulietta', 'Palazzo della Ragione', 'Torre Lamberti']",Santa Anastasia,"['AMO', 'Museo Conte', 'Teatro Romano', 'Centro Fotografia', 'Duomo']",Duomo,strategy_nearest,True,0.0028488636016845703,success
04C373429C4C80,3,"['Arena', 'Torre Lamberti']",Santa Anastasia,"['AMO', 'Museo Conte', 'Palazzo della Ragione', 'Teatro Romano', 'Centro Fotografia']",Duomo,strategy_nearest,False,0.002209901809692383,success
04C3854A9C4C80,0,['Arena'],Casa Giulietta,"['Centro Fotografia', 'Sighseeing', 'Torre Lamberti', 'Museo Conte', 'Museo Radio']",Torre Lamberti,strategy_nearest,True,0.002577066421508789,success
04C384429C4C80,1,"['Arena', 'Torre Lamberti', 'Palazzo della Ragione']",Santa Anastasia,"['AMO', 'Museo Conte', 'Teatro Romano', 'Centro Fotografia', 'Duomo']",Teatro Romano,strategy_nearest,True,0.0012979507446289062,success
04C3674A9C4C80,2,"['Casa Giulietta', 'Santa Anastasia']",Torre Lamberti,"['Sighseeing', 'Centro Fotografia', 'Museo Conte', 'Palazzo della Ragione', 'AMO']",Palazzo della Ragione,strategy_nearest,True,0.0034902095794677734,success
04C3AC429C4C80,1,"['Casa Giulietta', 'Torre Lamberti', 'Palazzo della Ragione']",Santa Anastasia,"['AMO', 'Museo Conte', 'Teatro Romano', 'Centro Fotografia', 'Duomo']",Teatro Romano,strategy_nearest,True,0.0020532608032226562,success
04C397429C4C80,1,"['Arena', 'Torre Lamberti']",Palazzo della Ragione,"['AMO', 'Museo Conte', 'Centro Fotografia', 'Sighseeing', 'Santa Anastasia']",Santa Anastasia,strategy_nearest,True,0.0029458999633789062,success
04C39B429C4C80,1,"['Castelvecchio', 'Palazzo della Ragione']",Torre Lamberti,"['Sighseeing', 'Centro Fotografia', 'Museo Conte', 'Casa Giulietta', 'AMO']",Casa Giulietta,strategy_nearest,True,0.001708984375,success
04C3A63A9C4C80,3,['Arena'],Torre Lamberti,"['Sighseeing', 'Centro Fotografia', 'Museo Conte', 'Casa Giulietta', 'Palazzo della Ragione']",Santa Anastasia,strategy_nearest,False,0.0035469532012939453,success
04C3B54A9C4C80,2,['Casa Giulietta'],Palazzo della Ragione,"['AMO', 'Museo Conte', 'Torre Lamberti', 'Centro Fotografia', 'Sighseeing']",Torre Lamberti,strategy_nearest,True,0.002671957015991211,success
04C3AE4A9C4C80,3,"['Arena', 'Casa Giulietta']",Torre Lamberti,"['Sighseeing', 'Centro Fotografia', 'Museo Conte', 'Palazzo della Ragione', 'AMO']",Duomo,strategy_nearest,False,0.0018420219421386719,success
04C3B14A9C4C80,0,['Arena'],Casa Giulietta,"['Centro Fotografia', 'Sighseeing', 'Torre Lamberti', 'Museo Conte', 'Museo Radio']",Tomba Giulietta,strategy_nearest,False,0.0028221607208251953,success
04C3D33A9C4C80,3,"['Arena', 'San Fermo', 'Casa Giulietta']",Santa Anastasia,"['AMO', 'Museo Conte', 'Palazzo della Ragione', 'Teatro Romano', 'Centro Fotografia']",Duomo,strategy_nearest,False,0.003351926803588867,success
04C3EF4A9C4C80,3,"['Arena', 'Casa Giulietta']",Torre Lamberti,"['Sighseeing', 'Centro Fotografia', 'Museo Conte', 'Palazzo della Ragione', 'AMO']",Santa Anastasia,strategy_nearest,False,0.0034329891204833984,success
04C3F1429C4C80,3,"['Arena', 'Castelvecchio']",Santa Anastasia,"['AMO', 'Museo Conte', 'Palazzo della Ragione', 'Teatro Romano', 'Centro Fotografia']",Duomo,strategy_nearest,False,0.002015352249145508,success
04C3F7429C4C80,1,"['Arena', 'Castelvecchio', 'Tomba Giulietta', 'San Fermo']",Casa Giulietta,"['Centro Fotografia', 'Sighseeing', 'Torre Lamberti', 'Museo Conte', 'Museo Radio']",Santa Anastasia,strategy_nearest,False,0.0033721923828125,success
04C3F34A9C4C80,1,['Arena'],Torre Lamberti,"['Sighseeing', 'Centro Fotografia', 'Museo Conte', 'Casa Giulietta', 'Palazzo della Ragione']",Palazzo della Ragione,strategy_nearest,True,0.0020029544830322266,success
04C3F74A9C4C80,3,"['Arena', 'Torre Lamberti']",Casa Giulietta,"['Centro Fotografia', 'Sighseeing', 'Museo Conte', 'Museo Radio', 'Palazzo della Ragione']",Santa Anastasia,strategy_nearest,False,0.0015749931335449219,success
04C3FD4A9C4C80,0,['Arena'],Torre Lamberti,"['Sighseeing', 'Centro Fotografia', 'Museo Conte', 'Casa Giulietta', 'Palazzo della Ragione']",Casa Giulietta,strategy_nearest,True,0.002789020538330078,success
04C4014A9C4C84,0,['Arena'],Torre Lamberti,"['Sighseeing', 'Centro Fotografia', 'Museo Conte', 'Casa Giulietta', 'Palazzo della Ragione']",Casa Giulietta,strategy_nearest,True,0.0025908946990966797,success
04C3F94A9C4C80,3,"['Arena', 'Casa Giulietta']",Torre Lamberti,"['Sighseeing', 'Centro Fotografia', 'Museo Conte', 'Palazzo della Ragione', 'AMO']",Santa Anastasia,strategy_nearest,False,0.0026760101318359375,success
04C406429C4C84,1,"['San Fermo', 'Museo Storia', 'Arena', 'Casa Giulietta', 'Torre Lamberti', 'Teatro Romano']",Duomo,"['AMO', 'Museo Miniscalchi', 'Santa Anastasia', 'Palazzo della Ragione', 'Museo Conte']",Castelvecchio,strategy_nearest,False,0.00335693359375,success
04C4094A9C4C84,0,['Arena'],Casa Giulietta,"['Centro Fotografia', 'Sighseeing', 'Torre Lamberti', 'Museo Conte', 'Museo Radio']",Castelvecchio,strategy_nearest,False,0.0023651123046875,success
04C40C4A9C4C84,1,['Torre Lamberti'],Arena,"['Verona Tour', 'Museo Lapidario', 'Museo Radio', 'San Fermo', 'Casa Giulietta']",Palazzo della Ragione,strategy_nearest,False,0.0035648345947265625,success
04C40A4A9C4C84,1,"['Arena', 'Castelvecchio', 'Casa Giulietta']",Torre Lamberti,"['Sighseeing', 'Centro Fotografia', 'Museo Conte', 'Palazzo della Ragione', 'AMO']",Palazzo della Ragione,strategy_nearest,True,0.0028238296508789062,success
04C4114A9C4C84,2,['Torre Lamberti'],Palazzo della Ragione,"['AMO', 'Museo Conte', 'Centro Fotografia', 'Sighseeing', 'Santa Anastasia']",Casa Giulietta,strategy_nearest,False,0.002512216567993164,success
04C4114A9C4C80,3,"['Arena', 'Casa Giulietta']",Torre Lamberti,"['Sighseeing', 'Centro Fotografia', 'Museo Conte', 'Palazzo della Ragione', 'AMO']",Teatro Romano,strategy_nearest,False,0.0034258365631103516,success
04C426429C4C84,1,"['Arena', 'Santa Anastasia']",Torre Lamberti,"['Sighseeing', 'Centro Fotografia', 'Museo Conte', 'Casa Giulietta', 'Palazzo della Ragione']",Palazzo della Ragione,strategy_nearest,True,0.0015559196472167969,success
04C421429C4C84,1,"['Casa Giulietta', 'Palazzo della Ragione', 'Torre Lamberti', 'Tomba Giulietta']",Museo Lapidario,"['Verona Tour', 'Arena', 'Castelvecchio', 'Museo Radio', 'San Fermo']",Castelvecchio,strategy_nearest,True,0.002273082733154297,success
04C4254A9C4C80,1,"['Arena', 'Castelvecchio', 'Palazzo della Ragione']",Torre Lamberti,"['Sighseeing', 'Centro Fotografia', 'Museo Conte', 'Casa Giulietta', 'AMO']",Casa Giulietta,strategy_nearest,True,0.002582073211669922,success
04C4343A9C4C80,3,"['Tomba Giulietta', 'Arena', 'Casa Giulietta']",Torre Lamberti,"['Sighseeing', 'Centro Fotografia', 'Museo Conte', 'Palazzo della Ragione', 'AMO']",Castelvecchio,strategy_nearest,False,0.0032167434692382812,success
04C4423A9C4C80,3,"['Arena', 'Duomo']",Santa Anastasia,"['AMO', 'Museo Conte', 'Palazzo della Ragione', 'Teatro Romano', 'Centro Fotografia']",Torre Lamberti,strategy_nearest,False,0.0025539398193359375,success
04C43B3A9C4C80,0,"['San Zeno', 'Castelvecchio']",Arena,"['Verona Tour', 'Museo Lapidario', 'Museo Radio', 'San Fermo', 'Casa Giulietta']",Casa Giulietta,strategy_nearest,True,0.003372669219970703,success
04C436429C4C80,0,['Casa Giulietta'],Arena,"['Verona Tour', 'Museo Lapidario', 'Museo Radio', 'San Fermo', 'Sighseeing']",Teatro Romano,strategy_nearest,False,0.0026979446411132812,success
04C4443A9C4C80,3,"['San Fermo', 'Casa Giulietta', 'Santa Anastasia', 'Duomo']",Teatro Romano,"['AMO', 'Palazzo della Ragione', 'Museo Conte', 'Centro Fotografia', 'Museo Miniscalchi']",Arena,strategy_nearest,False,0.003345012664794922,success
04C4494A9C4C80,1,"['Arena', 'Casa Giulietta', 'Santa Anastasia']",Torre Lamberti,"['Sighseeing', 'Centro Fotografia', 'Museo Conte', 'Palazzo della Ragione', 'AMO']",Palazzo della Ragione,strategy_nearest,True,0.0032880306243896484,success
04C444429C4C80,1,"['Palazzo della Ragione', 'Torre Lamberti']",Santa Anastasia,"['AMO', 'Museo Conte', 'Teatro Romano', 'Centro Fotografia', 'Duomo']",Duomo,strategy_nearest,True,0.0016779899597167969,success
04C44B429C4C80,1,"['Casa Giulietta', 'Torre Lamberti']",Palazzo della Ragione,"['AMO', 'Museo Conte', 'Centro Fotografia', 'Sighseeing', 'Santa Anastasia']",Arena,strategy_nearest,False,0.0018117427825927734,success
04C44C3A9C4C80,2,"['Museo Lapidario', 'San Zeno']",Castelvecchio,"['Verona Tour', 'Arena', 'Museo Radio', 'Sighseeing', 'Museo Miniscalchi']",San Fermo,strategy_nearest,False,0.002443075180053711,success
04C4573A9C4C80,2,['Duomo'],Casa Giulietta,"['Centro Fotografia', 'Sighseeing', 'Torre Lamberti', 'Museo Conte', 'Museo Radio']",Castelvecchio,strategy_nearest,False,0.0021119117736816406,success
04C45F3A9C4C80,3,"['Arena', 'Duomo']",Teatro Romano,"['Santa Anastasia', 'AMO', 'Palazzo della Ragione', 'Museo Conte', 'Centro Fotografia']",Giardino Giusti,strategy_nearest,False,0.002686023712158203,success
04C46C3A9C4C80,1,"['San Zeno', 'Duomo', 'Santa Anastasia', 'Torre Lamberti']",Casa Giulietta,"['Centro Fotografia', 'Sighseeing', 'Museo Conte', 'Museo Radio', 'Palazzo della Ragione']",Museo Lapidario,strategy_nearest,False,0.0033299922943115234,success
04C4864A9C4C80,1,"['Arena', 'Palazzo della Ragione']",Casa Giulietta,"['Centro Fotografia', 'Sighseeing', 'Torre Lamberti', 'Museo Conte', 'Museo Radio']",Santa Anastasia,strategy_nearest,False,0.0026090145111083984,success
04C473429C4C80,1,"['Arena', 'Casa Giulietta', 'Torre Lamberti']",Palazzo della Ragione,"['AMO', 'Museo Conte', 'Centro Fotografia', 'Sighseeing', 'Santa Anastasia']",Duomo,strategy_nearest,False,0.003957033157348633,success
04C47F3A9C4C80,0,"['San Zeno', 'Arena']",Castelvecchio,"['Museo Lapidario', 'Verona Tour', 'Museo Radio', 'Sighseeing', 'Museo Miniscalchi']",Casa Giulietta,strategy_nearest,False,0.0014679431915283203,success
04C475429C4C80,0,"['Tomba Giulietta', 'Arena']",Casa Giulietta,"['Centro Fotografia', 'Sighseeing', 'Torre Lamberti', 'Museo Conte', 'Museo Radio']",Duomo,strategy_nearest,False,0.004160881042480469,success
04C49E4A9C4C80,0,['Torre Lamberti'],Arena,"['Verona Tour', 'Museo Lapidario', 'Museo Radio', 'San Fermo', 'Casa Giulietta']",Castelvecchio,strategy_nearest,False,0.0018377304077148438,success
04C48E429C4C80,3,"['Duomo', 'San Fermo', 'Arena']",Museo Lapidario,"['Verona Tour', 'Castelvecchio', 'Museo Radio', 'Casa Giulietta', 'Tomba Giulietta']",Castelvecchio,strategy_nearest,True,0.0025970935821533203,success
04C4A0429C4C80,0,"['Castelvecchio', 'Arena']",Casa Giulietta,"['Centro Fotografia', 'Sighseeing', 'Torre Lamberti', 'Museo Conte', 'Museo Radio']",Teatro Romano,strategy_nearest,False,0.002593994140625,success
04C4B04A9C4C80,2,['Casa Giulietta'],Torre Lamberti,"['Sighseeing', 'Centro Fotografia', 'Museo Conte', 'Palazzo della Ragione', 'AMO']",Castelvecchio,strategy_nearest,False,0.001775979995727539,success
04C4AC4A9C4C80,3,"['Arena', 'Torre Lamberti', 'Casa Giulietta']",Santa Anastasia,"['AMO', 'Museo Conte', 'Palazzo della Ragione', 'Teatro Romano', 'Centro Fotografia']",Teatro Romano,strategy_nearest,True,0.0038661956787109375,success
04C4B14A9C4C80,0,['Castelvecchio'],Arena,"['Verona Tour', 'Museo Lapidario', 'Museo Radio', 'San Fermo', 'Casa Giulietta']",Casa Giulietta,strategy_nearest,True,0.0034942626953125,success
04C4B43A9C4C80,0,"['Casa Giulietta', 'San Fermo']",Arena,"['Verona Tour', 'Museo Lapidario', 'Museo Radio', 'Sighseeing', 'Castelvecchio']",Tomba Giulietta,strategy_nearest,False,0.003255128860473633,success
04C4B53A9C4C80,0,['Casa Giulietta'],Teatro Romano,"['Santa Anastasia', 'Duomo', 'AMO', 'Palazzo della Ragione', 'Museo Conte']",Arena,strategy_nearest,False,0.003080129623413086,success
04C4B54A9C4C80,3,['Arena'],Casa Giulietta,"['Centro Fotografia', 'Sighseeing', 'Torre Lamberti', 'Museo Conte', 'Museo Radio']",Santa Anastasia,strategy_nearest,False,0.003632783889770508,success
04C4B64A9C4C80,0,['Arena'],Castelvecchio,"['Museo Lapidario', 'Verona Tour', 'Museo Radio', 'San Zeno', 'Sighseeing']",Torre Lamberti,strategy_nearest,False,0.0028438568115234375,success
04C4C0429C4C80,0,"['Arena', 'San Zeno']",Casa Giulietta,"['Centro Fotografia', 'Sighseeing', 'Torre Lamberti', 'Museo Conte', 'Museo Radio']",Castelvecchio,strategy_nearest,False,0.002736806869506836,success
04C4C74A9C4C80,0,['Arena'],Torre Lamberti,"['Sighseeing', 'Centro Fotografia', 'Museo Conte', 'Casa Giulietta', 'Palazzo della Ragione']",Casa Giulietta,strategy_nearest,True,0.0028009414672851562,success
04C4CE3A9C4C80,0,['Castelvecchio'],Arena,"['Verona Tour', 'Museo Lapidario', 'Museo Radio', 'San Fermo', 'Casa Giulietta']",Casa Giulietta,strategy_nearest,True,0.0028197765350341797,success
04C4D24A9C4C80,3,"['Arena', 'Santa Anastasia']",Duomo,"['AMO', 'Museo Miniscalchi', 'Teatro Romano', 'Palazzo della Ragione', 'Museo Conte']",Teatro Romano,strategy_nearest,True,0.003081798553466797,success
04C4D0429C4C80,0,['Arena'],Casa Giulietta,"['Centro Fotografia', 'Sighseeing', 'Torre Lamberti', 'Museo Conte', 'Museo Radio']",Torre Lamberti,strategy_nearest,True,0.0029299259185791016,success
04C4D6429C4C80,0,['Arena'],Casa Giulietta,"['Centro Fotografia', 'Sighseeing', 'Torre Lamberti', 'Museo Conte', 'Museo Radio']",Castelvecchio,strategy_nearest,False,0.003329038619995117,success
04C4E4429C4C80,3,"['Santa Anastasia', 'Duomo']",Arena,"['Verona Tour', 'Museo Lapidario', 'Museo Radio', 'San Fermo', 'Casa Giulietta']",Teatro Romano,strategy_nearest,False,0.0019497871398925781,success
04C4DF3A9C4C80,1,"['Arena', 'Casa Giulietta']",Torre Lamberti,"['Sighseeing', 'Centro Fotografia', 'Museo Conte', 'Palazzo della Ragione', 'AMO']",Palazzo della Ragione,strategy_nearest,True,0.0026369094848632812,success
04C4DB3A9C4C80,0,['Castelvecchio'],Giardino Giusti,"['Santa Anastasia', 'Teatro Romano', 'Museo Conte', 'Centro Fotografia', 'Museo Storia']",Casa Giulietta,strategy_nearest,False,0.003648996353149414,success
04C4EB4A9C4C80,0,['Arena'],Casa Giulietta,"['Centro Fotografia', 'Sighseeing', 'Torre Lamberti', 'Museo Conte', 'Museo Radio']",Castelvecchio,strategy_nearest,False,0.0016078948974609375,success
04C4E83A9C4C80,0,['Castelvecchio'],Arena,"['Verona Tour', 'Museo Lapidario', 'Museo Radio', 'San Fermo', 'Casa Giulietta']",Casa Giulietta,strategy_nearest,True,0.003185749053955078,success
04C4F14A9C4C80,0,['Arena'],Casa Giulietta,"['Centro Fotografia', 'Sighseeing', 'Torre Lamberti', 'Museo Conte', 'Museo Radio']",Castelvecchio,strategy_nearest,False,0.002576112747192383,success
04C4EF4A9C4C80,1,['Arena'],Palazzo della Ragione,"['AMO', 'Museo Conte', 'Torre Lamberti', 'Centro Fotografia', 'Sighseeing']",Torre Lamberti,strategy_nearest,True,0.003381967544555664,success
04C4FA429C4C80,3,"['Arena', 'Casa Giulietta', 'Tomba Giulietta']",Castelvecchio,"['Museo Lapidario', 'Verona Tour', 'Museo Radio', 'San Zeno', 'Sighseeing']",Torre Lamberti,strategy_nearest,False,0.00269317626953125,success
04C4F34A9C4C80,0,"['Arena', 'Museo Lapidario']",Casa Giulietta,"['Centro Fotografia', 'Sighseeing', 'Torre Lamberti', 'Museo Conte', 'Museo Radio']",Tomba Giulietta,strategy_nearest,False,0.003438234329223633,success
04C5013A9C4C84,3,"['Museo Lapidario', 'Arena']",Castelvecchio,"['Verona Tour', 'Museo Radio', 'San Zeno', 'Sighseeing', 'Museo Miniscalchi']",Santa Anastasia,strategy_nearest,False,0.002290964126586914,success
04C5014A9C4C84,3,['Arena'],Casa Giulietta,"['Centro Fotografia', 'Sighseeing', 'Torre Lamberti', 'Museo Conte', 'Museo Radio']",Torre Lamberti,strategy_nearest,True,0.0027360916137695312,success
04C503C27B3F84,0,"['Museo Lapidario', 'Castelvecchio']",Arena,"['Verona Tour', 'Museo Radio', 'San Fermo', 'Casa Giulietta', 'Sighseeing']",Teatro Romano,strategy_nearest,False,0.0023717880249023438,success
04C5054A9C4C84,2,['Castelvecchio'],Palazzo della Ragione,"['AMO', 'Museo Conte', 'Torre Lamberti', 'Centro Fotografia', 'Sighseeing']",Torre Lamberti,strategy_nearest,True,0.002624034881591797,success
04C5094A9C4C84,0,['Arena'],Castelvecchio,"['Museo Lapidario', 'Verona Tour', 'Museo Radio', 'San Zeno', 'Sighseeing']",Casa Giulietta,strategy_nearest,False,0.0041429996490478516,success
04C50C4A9C4C84,3,"['Torre Lamberti', 'Santa Anastasia', 'Duomo']",Casa Giulietta,"['Centro Fotografia', 'Sighseeing', 'Museo Conte', 'Museo Radio', 'Palazzo della Ragione']",Arena,strategy_nearest,False,0.0032570362091064453,success
04C50B4A9C4C84,0,"['Duomo', 'Casa Giulietta']",Castelvecchio,"['Museo Lapidario', 'Verona Tour', 'Arena', 'Museo Radio', 'San Zeno']",Tomba Giulietta,strategy_nearest,False,0.0020051002502441406,success
04C50D429C4C84,0,['Torre Lamberti'],Arena,"['Verona Tour', 'Museo Lapidario', 'Museo Radio', 'San Fermo', 'Casa Giulietta']",San Zeno,strategy_nearest,False,0.0031278133392333984,success
04C50D4A9C4C84,0,['Arena'],Casa Giulietta,"['Centro Fotografia', 'Sighseeing', 'Torre Lamberti', 'Museo Conte', 'Museo Radio']",Castelvecchio,strategy_nearest,False,0.0024890899658203125,success
04C50D4A9C4C80,1,"['Casa Giulietta', 'Torre Lamberti', 'Palazzo della Ragione', 'San Fermo']",Santa Anastasia,"['AMO', 'Museo Conte', 'Teatro Romano', 'Centro Fotografia', 'Duomo']",Duomo,strategy_nearest,True,0.0025949478149414062,success
04C5114A9C4C80,2,['Santa Anastasia'],Duomo,"['AMO', 'Museo Miniscalchi', 'Teatro Romano', 'Palazzo della Ragione', 'Museo Conte']",Casa Giulietta,strategy_nearest,False,0.0032906532287597656,success
04C5194A9C4C80,0,"['Casa Giulietta', 'Torre Lamberti']",Arena,"['Verona Tour', 'Museo Lapidario', 'Museo Radio', 'San Fermo', 'Sighseeing']",Castelvecchio,strategy_nearest,False,0.0021753311157226562,success
04C5184A9C4C80,0,"['Casa Giulietta', 'Duomo']",Castelvecchio,"['Museo Lapidario', 'Verona Tour', 'Arena', 'Museo Radio', 'San Zeno']",Tomba Giulietta,strategy_nearest,False,0.0033197402954101562,success
04C522429C4C84,1,"['Castelvecchio', 'Arena', 'Casa Giulietta', 'Duomo']",Teatro Romano,"['Santa Anastasia', 'AMO', 'Palazzo della Ragione', 'Museo Conte', 'Centro Fotografia']",Torre Lamberti,strategy_nearest,False,0.002447843551635742,success
04C51F429C4C84,1,"['Arena', 'Casa Giulietta', 'Palazzo della Ragione']",Tomba Giulietta,"['San Fermo', 'Museo Storia', 'Museo Lapidario', 'Museo Radio', 'Verona Tour']",Museo Lapidario,strategy_nearest,True,0.0032660961151123047,success
04C5313A9C4C80,2,['Casa Giulietta'],Torre Lamberti,"['Sighseeing', 'Centro Fotografia', 'Museo Conte', 'Palazzo della Ragione', 'AMO']",Duomo,strategy_nearest,False,0.002579927444458008,success
04C525429C4C84,1,"['Arena', 'Casa Giulietta', 'Duomo']",Museo Lapidario,"['Verona Tour', 'Castelvecchio', 'Museo Radio', 'San Fermo', 'Tomba Giulietta']",Torre Lamberti,strategy_nearest,False,0.002856016159057617,success
04C529429C4C84,3,"['Arena', 'Duomo']",Santa Anastasia,"['AMO', 'Museo Conte', 'Palazzo della Ragione', 'Teatro Romano', 'Centro Fotografia']",Casa Giulietta,strategy_nearest,False,0.0027391910552978516,success
04C528429C4C84,0,"['Castelvecchio', 'Casa Giulietta']",Arena,"['Verona Tour', 'Museo Lapidario', 'Museo Radio', 'San Fermo', 'Sighseeing']",Torre Lamberti,strategy_nearest,False,0.003997087478637695,success
04C53E429C4C80,1,"['Palazzo della Ragione', 'Torre Lamberti']",Santa Anastasia,"['AMO', 'Museo Conte', 'Teatro Romano', 'Centro Fotografia', 'Duomo']",Duomo,strategy_nearest,True,0.0027701854705810547,success
04C5363A9C4C80,3,"['Arena', 'Torre Lamberti']",Santa Anastasia,"['AMO', 'Museo Conte', 'Palazzo della Ragione', 'Teatro Romano', 'Centro Fotografia']",Duomo,strategy_nearest,False,0.0016429424285888672,success
04C53F3A9C4C80,3,"['Duomo', 'Castelvecchio', 'Torre Lamberti']",Casa Giulietta,"['Centro Fotografia', 'Sighseeing', 'Museo Conte', 'Museo Radio', 'Palazzo della Ragione']",Arena,strategy_nearest,False,0.002148151397705078,success
04C5373A9C4C80,3,"['Arena', 'Casa Giulietta']",San Fermo,"['Museo Storia', 'Museo Radio', 'Centro Fotografia', 'Sighseeing', 'Torre Lamberti']",Santa Anastasia,strategy_nearest,False,0.003428936004638672,success
04C5483A9C4C80,3,"['Castelvecchio', 'Santa Anastasia']",Torre Lamberti,"['Sighseeing', 'Centro Fotografia', 'Museo Conte', 'Casa Giulietta', 'Palazzo della Ragione']",Casa Giulietta,strategy_nearest,True,0.0026149749755859375,success
04C5523A9C4C80,3,"['Duomo', 'Santa Anastasia', 'Casa Giulietta']",Arena,"['Verona Tour', 'Museo Lapidario', 'Museo Radio', 'San Fermo', 'Sighseeing']",Teatro Romano,strategy_nearest,False,0.0014362335205078125,success
04C5404A9C4C80,1,['Arena'],Torre Lamberti,"['Sighseeing', 'Centro Fotografia', 'Museo Conte', 'Casa Giulietta', 'Palazzo della Ragione']",Palazzo della Ragione,strategy_nearest,True,0.0026428699493408203,success
04C5553A9C4C80,3,"['Teatro Romano', 'Santa Anastasia']",Arena,"['Verona Tour', 'Museo Lapidario', 'Museo Radio', 'San Fermo', 'Casa Giulietta']",Casa Giulietta,strategy_nearest,True,0.003342151641845703,success
04C56C3A9C4C80,3,"['Castelvecchio', 'Arena', 'Casa Giulietta']",Torre Lamberti,"['Sighseeing', 'Centro Fotografia', 'Museo Conte', 'Palazzo della Ragione', 'AMO']",Duomo,strategy_nearest,False,0.0020601749420166016,success
04C582429C4C80,0,"['Arena', 'Casa Giulietta']",Teatro Romano,"['Santa Anastasia', 'Duomo', 'AMO', 'Palazzo della Ragione', 'Museo Conte']",Duomo,strategy_nearest,True,0.0031659603118896484,success
04C56B429C4C80,0,"['Arena', 'Casa Giulietta']",Teatro Romano,"['Santa Anastasia', 'Duomo', 'AMO', 'Palazzo della Ragione', 'Museo Conte']",Duomo,strategy_nearest,True,0.002840757369995117,success
04C56D3A9C4C80,0,['Castelvecchio'],Arena,"['Verona Tour', 'Museo Lapidario', 'Museo Radio', 'San Fermo', 'Casa Giulietta']",Torre Lamberti,strategy_nearest,False,0.002682924270629883,success
04C58F429C4C80,1,['Arena'],Palazzo della Ragione,"['AMO', 'Museo Conte', 'Torre Lamberti', 'Centro Fotografia', 'Sighseeing']",Torre Lamberti,strategy_nearest,True,0.002811908721923828,success
04C58F4A9C4C80,0,['Arena'],Torre Lamberti,"['Sighseeing', 'Centro Fotografia', 'Museo Conte', 'Casa Giulietta', 'Palazzo della Ragione']",Casa Giulietta,strategy_nearest,True,0.002051115036010742,success
04C5894A9C4C80,2,['Museo Lapidario'],Castelvecchio,"['Verona Tour', 'Arena', 'Museo Radio', 'San Zeno', 'Sighseeing']",Casa Giulietta,strategy_nearest,False,0.0016739368438720703,success
04C58A429C4C80,3,['Arena'],Casa Giulietta,"['Centro Fotografia', 'Sighseeing', 'Torre Lamberti', 'Museo Conte', 'Museo Radio']",Santa Anastasia,strategy_nearest,False,0.0037529468536376953,success
04C5974A9C4C80,3,"['Castelvecchio', 'Arena']",Casa Giulietta,"['Centro Fotografia', 'Sighseeing', 'Torre Lamberti', 'Museo Conte', 'Museo Radio']",Torre Lamberti,strategy_nearest,True,0.0017249584197998047,success
04C5A8429C4C80,1,['Arena'],Casa Giulietta,"['Centro Fotografia', 'Sighseeing', 'Torre Lamberti', 'Museo Conte', 'Museo Radio']",Palazzo della Ragione,strategy_nearest,False,0.0028772354125976562,success
04C59A429C4C80,1,"['Arena', 'Casa Giulietta', 'Torre Lamberti']",Palazzo della Ragione,"['AMO', 'Museo Conte', 'Centro Fotografia', 'Sighseeing', 'Santa Anastasia']",Santa Anastasia,strategy_nearest,True,0.004415988922119141,success
04C5AB3A9C4C80,3,"['Santa Anastasia', 'Duomo']",Arena,"['Verona Tour', 'Museo Lapidario', 'Museo Radio', 'San Fermo', 'Casa Giulietta']",Tomba Giulietta,strategy_nearest,False,0.002106904983520508,success
04C5AF4A9C4C80,0,"['Teatro Romano', 'Castelvecchio']",Arena,"['Verona Tour', 'Museo Lapidario', 'Museo Radio', 'San Fermo', 'Casa Giulietta']",Casa Giulietta,strategy_nearest,True,0.0032720565795898438,success
04C5B44A9C4C80,3,"['Arena', 'Casa Giulietta', 'Torre Lamberti']",Santa Anastasia,"['AMO', 'Museo Conte', 'Palazzo della Ragione', 'Teatro Romano', 'Centro Fotografia']",Duomo,strategy_nearest,False,0.002105712890625,success
04C5B24A9C4C80,1,"['Arena', 'Casa Giulietta']",Torre Lamberti,"['Sighseeing', 'Centro Fotografia', 'Museo Conte', 'Palazzo della Ragione', 'AMO']",Palazzo della Ragione,strategy_nearest,True,0.002171039581298828,success
04C5B64A9C4C80,0,['Arena'],Casa Giulietta,"['Centro Fotografia', 'Sighseeing', 'Torre Lamberti', 'Museo Conte', 'Museo Radio']",Tomba Giulietta,strategy_nearest,False,0.002574920654296875,success
04C5B23A9C4C80,0,['Arena'],Torre Lamberti,"['Sighseeing', 'Centro Fotografia', 'Museo Conte', 'Casa Giulietta', 'Palazzo della Ragione']",Casa Giulietta,strategy_nearest,True,0.0040509700775146484,success
04C5C43A9C4C80,3,"['Arena', 'Castelvecchio']",San Zeno,"['Verona Tour', 'Museo Lapidario', 'Museo Miniscalchi', 'Sighseeing', 'Museo Radio']",Torre Lamberti,strategy_nearest,False,0.0015189647674560547,success
04C5C84A9C4C80,0,"['Arena', 'Castelvecchio']",Casa Giulietta,"['Centro Fotografia', 'Sighseeing', 'Torre Lamberti', 'Museo Conte', 'Museo Radio']",Torre Lamberti,strategy_nearest,True,0.0019047260284423828,success
04C5C44A9C4C80,0,['Arena'],Casa Giulietta,"['Centro Fotografia', 'Sighseeing', 'Torre Lamberti', 'Museo Conte', 'Museo Radio']",Palazzo della Ragione,strategy_nearest,False,0.003271818161010742,success
04C5BE3A9C4C80,0,['Santa Anastasia'],Castelvecchio,"['Museo Lapidario', 'Verona Tour', 'Arena', 'Museo Radio', 'San Zeno']",Arena,strategy_nearest,True,0.003361940383911133,success
04C5C94A9C4C80,1,['Arena'],Casa Giulietta,"['Centro Fotografia', 'Sighseeing', 'Torre Lamberti', 'Museo Conte', 'Museo Radio']",Torre Lamberti,strategy_nearest,True,0.003609895706176758,success
04C5D14A9C4C80,0,['Arena'],Casa Giulietta,"['Centro Fotografia', 'Sighseeing', 'Torre Lamberti', 'Museo Conte', 'Museo Radio']",Duomo,strategy_nearest,False,0.0033240318298339844,success
04C5CA3A9C4C80,0,['Arena'],Casa Giulietta,"['Centro Fotografia', 'Sighseeing', 'Torre Lamberti', 'Museo Conte', 'Museo Radio']",Castelvecchio,strategy_nearest,False,0.002187013626098633,success
04C5CE4A9C4C80,0,['Arena'],Teatro Romano,"['Santa Anastasia', 'Duomo', 'AMO', 'Palazzo della Ragione', 'Museo Conte']",Casa Giulietta,strategy_nearest,False,0.002222299575805664,success
04C5D4429C4C80,3,"['Arena', 'Casa Giulietta', 'San Zeno']",Duomo,"['AMO', 'Museo Miniscalchi', 'Santa Anastasia', 'Teatro Romano', 'Palazzo della Ragione']",Torre Lamberti,strategy_nearest,False,0.0028138160705566406,success
04C5DE429C4C80,0,['Arena'],Duomo,"['AMO', 'Museo Miniscalchi', 'Santa Anastasia', 'Teatro Romano', 'Palazzo della Ragione']",Teatro Romano,strategy_nearest,True,0.0034203529357910156,success
04C5E3429C4C80,1,"['Arena', 'Castelvecchio']",Torre Lamberti,"['Sighseeing', 'Centro Fotografia', 'Museo Conte', 'Casa Giulietta', 'Palazzo della Ragione']",Palazzo della Ragione,strategy_nearest,True,0.0019910335540771484,success
04C5D24A9C4C80,0,['Arena'],Casa Giulietta,"['Centro Fotografia', 'Sighseeing', 'Torre Lamberti', 'Museo Conte', 'Museo Radio']",Castelvecchio,strategy_nearest,False,0.0016727447509765625,success
04C5E94A9C4C80,3,"['Arena', 'San Fermo']",Casa Giulietta,"['Centro Fotografia', 'Sighseeing', 'Torre Lamberti', 'Museo Conte', 'Museo Radio']",Teatro Romano,strategy_nearest,False,0.002112865447998047,success
04C5EB4A9C4C80,2,['Casa Giulietta'],Torre Lamberti,"['Sighseeing', 'Centro Fotografia', 'Museo Conte', 'Palazzo della Ragione', 'AMO']",Castelvecchio,strategy_nearest,False,0.003004312515258789,success
04C5EB429C4C80,0,['Arena'],Casa Giulietta,"['Centro Fotografia', 'Sighseeing', 'Torre Lamberti', 'Museo Conte', 'Museo Radio']",Duomo,strategy_nearest,False,0.0026769638061523438,success
04C5E5429C4C80,3,"['Arena', 'Casa Giulietta']",Duomo,"['AMO', 'Museo Miniscalchi', 'Santa Anastasia', 'Teatro Romano', 'Palazzo della Ragione']",Teatro Romano,strategy_nearest,True,0.0022330284118652344,success
04C5EF4A9C4C80,0,['Arena'],Santa Anastasia,"['AMO', 'Museo Conte', 'Palazzo della Ragione', 'Teatro Romano', 'Centro Fotografia']",Casa Giulietta,strategy_nearest,False,0.0020627975463867188,success
04C5F84A9C4C80,3,"['Arena', 'Arena', 'Torre Lamberti']",Casa Giulietta,"['Centro Fotografia', 'Sighseeing', 'Museo Conte', 'Museo Radio', 'Palazzo della Ragione']",Santa Anastasia,strategy_nearest,False,0.002593994140625,success
04C5FA429C4C80,3,"['Castelvecchio', 'San Zeno', 'Arena']",Duomo,"['AMO', 'Museo Miniscalchi', 'Santa Anastasia', 'Teatro Romano', 'Palazzo della Ragione']",Teatro Romano,strategy_nearest,True,0.003172636032104492,success
04C5F34A9C4C80,0,['Arena'],Torre Lamberti,"['Sighseeing', 'Centro Fotografia', 'Museo Conte', 'Casa Giulietta', 'Palazzo della Ragione']",Casa Giulietta,strategy_nearest,True,0.0019230842590332031,success
04C60A4A9C4C84,0,['Arena'],Casa Giulietta,"['Centro Fotografia', 'Sighseeing', 'Torre Lamberti', 'Museo Conte', 'Museo Radio']",Duomo,strategy_nearest,False,0.0021162033081054688,success
04C60D429C4C84,1,"['Palazzo della Ragione', 'Torre Lamberti']",Arena,"['Verona Tour', 'Museo Lapidario', 'Museo Radio', 'San Fermo', 'Casa Giulietta']",San Zeno,strategy_nearest,False,0.0026788711547851562,success
04C60D4A9C4C84,3,"['Arena', 'Casa Giulietta']",Santa Anastasia,"['AMO', 'Museo Conte', 'Palazzo della Ragione', 'Teatro Romano', 'Centro Fotografia']",Duomo,strategy_nearest,False,0.003226757049560547,success
04C6054A9C4C84,0,['Arena'],Casa Giulietta,"['Centro Fotografia', 'Sighseeing', 'Torre Lamberti', 'Museo Conte', 'Museo Radio']",Torre Lamberti,strategy_nearest,True,0.0021970272064208984,success
04C614429C4C84,1,"['Castelvecchio', 'Arena']",Casa Giulietta,"['Centro Fotografia', 'Sighseeing', 'Torre Lamberti', 'Museo Conte', 'Museo Radio']",Duomo,strategy_nearest,False,0.002629995346069336,success
04C621429C4C84,0,['Arena'],Casa Giulietta,"['Centro Fotografia', 'Sighseeing', 'Torre Lamberti', 'Museo Conte', 'Museo Radio']",Torre Lamberti,strategy_nearest,True,0.0014481544494628906,success
04C6224A9C4C80,1,['Arena'],Casa Giulietta,"['Centro Fotografia', 'Sighseeing', 'Torre Lamberti', 'Museo Conte', 'Museo Radio']",Palazzo della Ragione,strategy_nearest,False,0.001956939697265625,success
04C6263A9C4C80,1,"['Casa Giulietta', 'San Fermo']",Arena,"['Verona Tour', 'Museo Lapidario', 'Museo Radio', 'Sighseeing', 'Castelvecchio']",Palazzo della Ragione,strategy_nearest,False,0.0033669471740722656,success
04C62E4A9C4C80,0,"['Casa Giulietta', 'San Fermo']",Tomba Giulietta,"['Museo Storia', 'Arena', 'Museo Lapidario', 'Museo Radio', 'Verona Tour']",Teatro Romano,strategy_nearest,False,0.002777099609375,success
04C63C4A9C4C80,1,"['Castelvecchio', 'Teatro Romano', 'Casa Giulietta']",Palazzo della Ragione,"['AMO', 'Museo Conte', 'Torre Lamberti', 'Centro Fotografia', 'Sighseeing']",San Zeno,strategy_nearest,False,0.0026209354400634766,success
04C639429C4C80,1,"['Arena', 'Castelvecchio', 'Casa Giulietta']",San Fermo,"['Museo Storia', 'Museo Radio', 'Centro Fotografia', 'Sighseeing', 'Torre Lamberti']",Duomo,strategy_nearest,False,0.0013592243194580078,success
04C6413A9C4C80,3,"['Arena', 'Castelvecchio']",San Zeno,"['Verona Tour', 'Museo Lapidario', 'Museo Miniscalchi', 'Sighseeing', 'Museo Radio']",Teatro Romano,strategy_nearest,False,0.0032351016998291016,success
04C66D3A9C4C80,1,"['Arena', 'Casa Giulietta', 'San Fermo', 'Giardino Giusti']",Teatro Romano,"['Santa Anastasia', 'Duomo', 'AMO', 'Palazzo della Ragione', 'Museo Conte']",Torre Lamberti,strategy_nearest,False,0.002044200897216797,success
04C6683A9C4C80,2,"['Castelvecchio', 'San Zeno']",Museo Lapidario,"['Verona Tour', 'Arena', 'Museo Radio', 'San Fermo', 'Casa Giulietta']",Santa Anastasia,strategy_nearest,False,0.002712249755859375,success
04C6643A9C4C80,2,"['Palazzo della Ragione', 'Casa Giulietta']",San Fermo,"['Museo Storia', 'Museo Radio', 'Centro Fotografia', 'Arena', 'Sighseeing']",Museo Storia,strategy_nearest,True,0.0021703243255615234,success
04C65B3A9C4C80,3,"['Arena', 'Torre Lamberti', 'Casa Giulietta', 'San Zeno']",Castelvecchio,"['Museo Lapidario', 'Verona Tour', 'Museo Radio', 'Sighseeing', 'Museo Miniscalchi']",Santa Anastasia,strategy_nearest,False,0.004037141799926758,success
04C6774A9C4C80,3,"['Arena', 'Torre Lamberti', 'Casa Giulietta']",San Fermo,"['Museo Storia', 'Museo Radio', 'Centro Fotografia', 'Sighseeing', 'Museo Conte']",Santa Anastasia,strategy_nearest,False,0.0036270618438720703,success
04C67D3A9C4C80,3,"['Castelvecchio', 'Teatro Romano']",Duomo,"['AMO', 'Museo Miniscalchi', 'Santa Anastasia', 'Palazzo della Ragione', 'Museo Conte']",Torre Lamberti,strategy_nearest,False,0.002966165542602539,success
04C68E3A9C4C80,0,['Casa Giulietta'],Teatro Romano,"['Santa Anastasia', 'Duomo', 'AMO', 'Palazzo della Ragione', 'Museo Conte']",Arena,strategy_nearest,False,0.0021309852600097656,success
04C68C429C4C80,3,"['Arena', 'Tomba Giulietta', 'San Fermo']",Teatro Romano,"['Santa Anastasia', 'Duomo', 'AMO', 'Palazzo della Ragione', 'Museo Conte']",Duomo,strategy_nearest,True,0.0016989707946777344,success
04C69E429C4C80,0,"['Castelvecchio', 'Arena']",Casa Giulietta,"['Centro Fotografia', 'Sighseeing', 'Torre Lamberti', 'Museo Conte', 'Museo Radio']",Giardino Giusti,strategy_nearest,False,0.002646923065185547,success
04C6924A9C4C80,2,['Casa Giulietta'],Tomba Giulietta,"['San Fermo', 'Museo Storia', 'Arena', 'Museo Lapidario', 'Museo Radio']",Teatro Romano,strategy_nearest,False,0.001987934112548828,success
04C6A3429C4C80,0,['Castelvecchio'],Arena,"['Verona Tour', 'Museo Lapidario', 'Museo Radio', 'San Fermo', 'Casa Giulietta']",Casa Giulietta,strategy_nearest,True,0.002939939498901367,success
04C6A0429C4C80,0,['Arena'],Torre Lamberti,"['Sighseeing', 'Centro Fotografia', 'Museo Conte', 'Casa Giulietta', 'Palazzo della Ragione']",Casa Giulietta,strategy_nearest,True,0.00404810905456543,success
04C6A73A9C4C80,3,"['Arena', 'Casa Giulietta']",Santa Anastasia,"['AMO', 'Museo Conte', 'Palazzo della Ragione', 'Teatro Romano', 'Centro Fotografia']",Teatro Romano,strategy_nearest,True,0.0013709068298339844,success
04C6A4429C4C80,0,"['Torre Lamberti', 'Arena']",Museo Storia,"['San Fermo', 'Museo Radio', 'Casa Giulietta', 'Centro Fotografia', 'Tomba Giulietta']",Giardino Giusti,strategy_nearest,False,0.002998828887939453,success
04C6A8429C4C80,0,['Arena'],Casa Giulietta,"['Centro Fotografia', 'Sighseeing', 'Torre Lamberti', 'Museo Conte', 'Museo Radio']",Castelvecchio,strategy_nearest,False,0.002869844436645508,success
04C6A84A9C4C80,3,"['Torre Lamberti', 'Teatro Romano', 'Duomo']",Santa Anastasia,"['AMO', 'Museo Conte', 'Palazzo della Ragione', 'Centro Fotografia', 'Sighseeing']",Arena,strategy_nearest,False,0.003033161163330078,success
04C6AC3A9C4C80,1,"['Arena', 'Casa Giulietta']",Torre Lamberti,"['Sighseeing', 'Centro Fotografia', 'Museo Conte', 'Palazzo della Ragione', 'AMO']",Palazzo della Ragione,strategy_nearest,True,0.0023839473724365234,success
04C6AD4A9C4C80,3,['Arena'],Castelvecchio,"['Museo Lapidario', 'Verona Tour', 'Museo Radio', 'San Zeno', 'Sighseeing']",Torre Lamberti,strategy_nearest,False,0.002833843231201172,success
04C6AD3A9C4C80,1,"['Arena', 'Museo Lapidario', 'Casa Giulietta']",Torre Lamberti,"['Sighseeing', 'Centro Fotografia', 'Museo Conte', 'Palazzo della Ragione', 'AMO']",Palazzo della Ragione,strategy_nearest,True,0.0035200119018554688,success
04C6B14A9C4C80,3,"['Arena', 'Castelvecchio']",Torre Lamberti,"['Sighseeing', 'Centro Fotografia', 'Museo Conte', 'Casa Giulietta', 'Palazzo della Ragione']",Teatro Romano,strategy_nearest,False,0.002618074417114258,success
04C6B24A9C4C80,3,"['Arena', 'Torre Lamberti']",Santa Anastasia,"['AMO', 'Museo Conte', 'Palazzo della Ragione', 'Teatro Romano', 'Centro Fotografia']",Teatro Romano,strategy_nearest,True,0.0026748180389404297,success
04C6B23A9C4C80,2,"['Palazzo della Ragione', 'Torre Lamberti']",Teatro Romano,"['Santa Anastasia', 'Duomo', 'AMO', 'Museo Conte', 'Centro Fotografia']",Casa Giulietta,strategy_nearest,False,0.002301931381225586,success
04C6B44A9C4C80,3,"['Arena', 'Casa Giulietta']",Torre Lamberti,"['Sighseeing', 'Centro Fotografia', 'Museo Conte', 'Palazzo della Ragione', 'AMO']",Santa Anastasia,strategy_nearest,False,0.0027179718017578125,success
04C6B64A9C4C80,3,"['Arena', 'Casa Giulietta']",Santa Anastasia,"['AMO', 'Museo Conte', 'Palazzo della Ragione', 'Teatro Romano', 'Centro Fotografia']",Duomo,strategy_nearest,False,0.002193927764892578,success
04C6B93A9C4C80,2,['Torre Lamberti'],Santa Anastasia,"['AMO', 'Museo Conte', 'Palazzo della Ragione', 'Teatro Romano', 'Centro Fotografia']",Teatro Romano,strategy_nearest,True,0.004003763198852539,success
04C6BD4A9C4C80,3,"['Arena', 'Casa Giulietta']",Torre Lamberti,"['Sighseeing', 'Centro Fotografia', 'Museo Conte', 'Palazzo della Ragione', 'AMO']",Duomo,strategy_nearest,False,0.0025358200073242188,success
04C6B9429C4C80,0,"['Arena', 'Casa Giulietta']",Torre Lamberti,"['Sighseeing', 'Centro Fotografia', 'Museo Conte', 'Palazzo della Ragione', 'AMO']",Castelvecchio,strategy_nearest,False,0.002864837646484375,success
04C6C04A9C4C80,1,"['Arena', 'Museo Lapidario', 'Arena']",Tomba Giulietta,"['San Fermo', 'Museo Storia', 'Museo Radio', 'Verona Tour', 'Casa Giulietta']",Castelvecchio,strategy_nearest,False,0.004548788070678711,success
04C6C94A9C4C80,1,"['Arena', 'Palazzo della Ragione']",Torre Lamberti,"['Sighseeing', 'Centro Fotografia', 'Museo Conte', 'Casa Giulietta', 'AMO']",Casa Giulietta,strategy_nearest,True,0.0014221668243408203,success
04C6C44A9C4C80,0,['Casa Giulietta'],Teatro Romano,"['Santa Anastasia', 'Duomo', 'AMO', 'Palazzo della Ragione', 'Museo Conte']",Arena,strategy_nearest,False,0.0029571056365966797,success
04C6CC4A9C4C80,0,"['Arena', 'Museo Lapidario']",Castelvecchio,"['Verona Tour', 'Museo Radio', 'San Zeno', 'Sighseeing', 'Museo Miniscalchi']",Casa Giulietta,strategy_nearest,False,0.0032911300659179688,success
04C6D04A9C4C80,1,"['Arena', 'Casa Giulietta']",Torre Lamberti,"['Sighseeing', 'Centro Fotografia', 'Museo Conte', 'Palazzo della Ragione', 'AMO']",Palazzo della Ragione,strategy_nearest,True,0.0028591156005859375,success
04C6CF4A9C4C80,1,"['Castelvecchio', 'Arena']",Casa Giulietta,"['Centro Fotografia', 'Sighseeing', 'Torre Lamberti', 'Museo Conte', 'Museo Radio']",Palazzo della Ragione,strategy_nearest,False,0.0022640228271484375,success
04C6D23A9C4C80,1,['Arena'],Teatro Romano,"['Santa Anastasia', 'Duomo', 'AMO', 'Palazzo della Ragione', 'Museo Conte']",Torre Lamberti,strategy_nearest,False,0.002716064453125,success
04C6D3429C4C80,0,"['Arena', 'Castelvecchio']",Torre Lamberti,"['Sighseeing', 'Centro Fotografia', 'Museo Conte', 'Casa Giulietta', 'Palazzo della Ragione']",Casa Giulietta,strategy_nearest,True,0.0031709671020507812,success
04C6D6429C4C80,0,['Arena'],Casa Giulietta,"['Centro Fotografia', 'Sighseeing', 'Torre Lamberti', 'Museo Conte', 'Museo Radio']",Torre Lamberti,strategy_nearest,True,0.0020821094512939453,success
04C6EB3A9C4C80,3,"['Arena', 'Casa Giulietta']",Santa Anastasia,"['AMO', 'Museo Conte', 'Palazzo della Ragione', 'Teatro Romano', 'Centro Fotografia']",Duomo,strategy_nearest,False,0.0020198822021484375,success
04C6D8429C4C80,1,"['Palazzo della Ragione', 'Torre Lamberti']",Tomba Giulietta,"['San Fermo', 'Museo Storia', 'Arena', 'Museo Lapidario', 'Museo Radio']",Castelvecchio,strategy_nearest,False,0.0036432743072509766,success
04C6EE4A9C4C80,3,"['Castelvecchio', 'Duomo']",Santa Anastasia,"['AMO', 'Museo Conte', 'Palazzo della Ragione', 'Teatro Romano', 'Centro Fotografia']",Casa Giulietta,strategy_nearest,False,0.002389192581176758,success
04C6F4429C4C80,1,"['Teatro Romano', 'Palazzo della Ragione', 'Arena', 'Castelvecchio']",Duomo,"['AMO', 'Museo Miniscalchi', 'Santa Anastasia', 'Museo Conte', 'Torre Lamberti']",Casa Giulietta,strategy_nearest,False,0.003359079360961914,success
04C6F0429C4C80,3,"['Museo Lapidario', 'Arena', 'Casa Giulietta']",Torre Lamberti,"['Sighseeing', 'Centro Fotografia', 'Museo Conte', 'Palazzo della Ragione', 'AMO']",Santa Anastasia,strategy_nearest,False,0.002794027328491211,success
04C6ED429C4C80,3,"['Arena', 'Tomba Giulietta']",Castelvecchio,"['Museo Lapidario', 'Verona Tour', 'Museo Radio', 'San Zeno', 'Sighseeing']",Teatro Romano,strategy_nearest,False,0.002771139144897461,success
04C6F44A9C4C80,0,['Arena'],Castelvecchio,"['Museo Lapidario', 'Verona Tour', 'Museo Radio', 'San Zeno', 'Sighseeing']",San Zeno,strategy_nearest,True,0.002290010452270508,success
04C6F84A9C4C80,3,['Arena'],Casa Giulietta,"['Centro Fotografia', 'Sighseeing', 'Torre Lamberti', 'Museo Conte', 'Museo Radio']",Santa Anastasia,strategy_nearest,False,0.0015649795532226562,success
04C7014A9C4C84,0,['Arena'],Casa Giulietta,"['Centro Fotografia', 'Sighseeing', 'Torre Lamberti', 'Museo Conte', 'Museo Radio']",Tomba Giulietta,strategy_nearest,False,0.0036940574645996094,success
04C7034A9C4C84,0,['San Zeno'],Castelvecchio,"['Museo Lapidario', 'Verona Tour', 'Arena', 'Museo Radio', 'Sighseeing']",Casa Giulietta,strategy_nearest,False,0.0028066635131835938,success
04C70B4A9C4C84,0,['Castelvecchio'],Arena,"['Verona Tour', 'Museo Lapidario', 'Museo Radio', 'San Fermo', 'Casa Giulietta']",Casa Giulietta,strategy_nearest,True,0.0023000240325927734,success
04C70C4A9C4C84,1,"['Arena', 'Torre Lamberti', 'Palazzo della Ragione']",Santa Anastasia,"['AMO', 'Museo Conte', 'Teatro Romano', 'Centro Fotografia', 'Duomo']",Duomo,strategy_nearest,True,0.002723217010498047,success
04C7104A9C4C84,0,['Casa Giulietta'],Torre Lamberti,"['Sighseeing', 'Centro Fotografia', 'Museo Conte', 'Palazzo della Ragione', 'AMO']",Arena,strategy_nearest,False,0.0028162002563476562,success
04C71C429C4C84,1,"['Arena', 'Museo Lapidario', 'Casa Giulietta']",Torre Lamberti,"['Sighseeing', 'Centro Fotografia', 'Museo Conte', 'Palazzo della Ragione', 'AMO']",Palazzo della Ragione,strategy_nearest,True,0.0025129318237304688,success
04C714429C4C84,0,"['Arena', 'Torre Lamberti']",Casa Giulietta,"['Centro Fotografia', 'Sighseeing', 'Museo Conte', 'Museo Radio', 'Palazzo della Ragione']",Teatro Romano,strategy_nearest,False,0.003328084945678711,success
04C722429C4C84,0,"['Castelvecchio', 'Torre Lamberti']",Teatro Romano,"['Santa Anastasia', 'Duomo', 'AMO', 'Palazzo della Ragione', 'Museo Conte']",Arena,strategy_nearest,False,0.00350189208984375,success
04C7243A9C4C84,0,['Teatro Romano'],Duomo,"['AMO', 'Museo Miniscalchi', 'Santa Anastasia', 'Palazzo della Ragione', 'Museo Conte']",Casa Giulietta,strategy_nearest,False,0.0032820701599121094,success
04C7224A9C4C80,3,"['Casa Giulietta', 'Arena']",Torre Lamberti,"['Sighseeing', 'Centro Fotografia', 'Museo Conte', 'Palazzo della Ragione', 'AMO']",Santa Anastasia,strategy_nearest,False,0.002193927764892578,success
04C720429C4C84,3,"['Castelvecchio', 'Casa Giulietta']",Arena,"['Verona Tour', 'Museo Lapidario', 'Museo Radio', 'San Fermo', 'Sighseeing']",Santa Anastasia,strategy_nearest,False,0.0035161972045898438,success
04C726429C4C84,3,"['Arena', 'Torre Lamberti']",Santa Anastasia,"['AMO', 'Museo Conte', 'Palazzo della Ragione', 'Teatro Romano', 'Centro Fotografia']",Duomo,strategy_nearest,False,0.002140045166015625,success
04C7593A9C4C80,0,['Arena'],Castelvecchio,"['Museo Lapidario', 'Verona Tour', 'Museo Radio', 'San Zeno', 'Sighseeing']",Teatro Romano,strategy_nearest,False,0.002714872360229492,success
04C7643A9C4C80,3,['Santa Anastasia'],Duomo,"['AMO', 'Museo Miniscalchi', 'Teatro Romano', 'Palazzo della Ragione', 'Museo Conte']",Arena,strategy_nearest,False,0.0013322830200195312,success
04C776429C4C80,3,"['Arena', 'Castelvecchio']",Teatro Romano,"['Santa Anastasia', 'Duomo', 'AMO', 'Palazzo della Ragione', 'Museo Conte']",Teatro Romano,strategy_nearest,False,0.0034029483795166016,success
04C7794A9C4C80,2,['Casa Giulietta'],Torre Lamberti,"['Sighseeing', 'Centro Fotografia', 'Museo Conte', 'Palazzo della Ragione', 'AMO']",San Zeno,strategy_nearest,False,0.0028820037841796875,success
04C7813A9C4C80,3,"['Torre Lamberti', 'Santa Anastasia']",Duomo,"['AMO', 'Museo Miniscalchi', 'Teatro Romano', 'Palazzo della Ragione', 'Museo Conte']",Arena,strategy_nearest,False,0.0035278797149658203,success
04C787429C4C80,0,"['Arena', 'Casa Giulietta']",Torre Lamberti,"['Sighseeing', 'Centro Fotografia', 'Museo Conte', 'Palazzo della Ragione', 'AMO']",Duomo,strategy_nearest,False,0.001463174819946289,success
04C7954A9C4C80,0,['Arena'],Casa Giulietta,"['Centro Fotografia', 'Sighseeing', 'Torre Lamberti', 'Museo Conte', 'Museo Radio']",Tomba Giulietta,strategy_nearest,False,0.0033249855041503906,success
04C7B24A9C4C80,0,"['Arena', 'Casa Giulietta']",Torre Lamberti,"['Sighseeing', 'Centro Fotografia', 'Museo Conte', 'Palazzo della Ragione', 'AMO']",Castelvecchio,strategy_nearest,False,0.0020411014556884766,success
04C7A63A9C4C80,3,"['Arena', 'Casa Giulietta']",Torre Lamberti,"['Sighseeing', 'Centro Fotografia', 'Museo Conte', 'Palazzo della Ragione', 'AMO']",Duomo,strategy_nearest,False,0.003366231918334961,success
04C7A14A9C4C80,0,['Teatro Romano'],Torre Lamberti,"['Sighseeing', 'Centro Fotografia', 'Museo Conte', 'Casa Giulietta', 'Palazzo della Ragione']",Casa Giulietta,strategy_nearest,True,0.004142284393310547,success
04C7A4429C4C80,3,"['Arena', 'Casa Giulietta', 'Torre Lamberti']",Santa Anastasia,"['AMO', 'Museo Conte', 'Palazzo della Ragione', 'Teatro Romano', 'Centro Fotografia']",Teatro Romano,strategy_nearest,True,0.001615762710571289,success
04C7B93A9C4C80,1,['Arena'],Duomo,"['AMO', 'Museo Miniscalchi', 'Santa Anastasia', 'Teatro Romano', 'Palazzo della Ragione']",Santa Anastasia,strategy_nearest,True,0.00222015380859375,success
04C7BF3A9C4C80,3,"['Arena', 'Castelvecchio']",Duomo,"['AMO', 'Museo Miniscalchi', 'Santa Anastasia', 'Teatro Romano', 'Palazzo della Ragione']",Teatro Romano,strategy_nearest,True,0.003215789794921875,success
04C7B33A9C4C80,0,['Arena'],Casa Giulietta,"['Centro Fotografia', 'Sighseeing', 'Torre Lamberti', 'Museo Conte', 'Museo Radio']",Torre Lamberti,strategy_nearest,True,0.0028696060180664062,success
04C7B84A9C4C80,2,"['Torre Lamberti', 'Santa Anastasia']",Duomo,"['AMO', 'Museo Miniscalchi', 'Teatro Romano', 'Palazzo della Ragione', 'Museo Conte']",Casa Giulietta,strategy_nearest,False,0.0016748905181884766,success
04C7D24A9C4C80,3,"['Arena', 'Castelvecchio']",Casa Giulietta,"['Centro Fotografia', 'Sighseeing', 'Torre Lamberti', 'Museo Conte', 'Museo Radio']",Santa Anastasia,strategy_nearest,False,0.003686189651489258,success
04C7DB429C4C80,3,['Arena'],Santa Anastasia,"['AMO', 'Museo Conte', 'Palazzo della Ragione', 'Teatro Romano', 'Centro Fotografia']",Duomo,strategy_nearest,False,0.002457141876220703,success
04C7E8429C4C80,3,"['Arena', 'Casa Giulietta']",Torre Lamberti,"['Sighseeing', 'Centro Fotografia', 'Museo Conte', 'Palazzo della Ragione', 'AMO']",Duomo,strategy_nearest,False,0.0027360916137695312,success
04C7D23A9C4C80,0,['Arena'],Casa Giulietta,"['Centro Fotografia', 'Sighseeing', 'Torre Lamberti', 'Museo Conte', 'Museo Radio']",Torre Lamberti,strategy_nearest,True,0.001722097396850586,success
04C7E93A9C4C80,3,"['Arena', 'Torre Lamberti']",Casa Giulietta,"['Centro Fotografia', 'Sighseeing', 'Museo Conte', 'Museo Radio', 'Palazzo della Ragione']",Santa Anastasia,strategy_nearest,False,0.0015130043029785156,success
04C7EC3A9C4C80,2,"['Castelvecchio', 'Casa Giulietta']",Torre Lamberti,"['Sighseeing', 'Centro Fotografia', 'Museo Conte', 'Palazzo della Ragione', 'AMO']",Tomba Giulietta,strategy_nearest,False,0.0027730464935302734,success
04C7F0429C4C80,0,['Arena'],Casa Giulietta,"['Centro Fotografia', 'Sighseeing', 'Torre Lamberti', 'Museo Conte', 'Museo Radio']",Teatro Romano,strategy_nearest,False,0.0020821094512939453,success
04C7F84A9C4C80,2,"['San Fermo', 'Casa Giulietta']",Torre Lamberti,"['Sighseeing', 'Centro Fotografia', 'Museo Conte', 'Palazzo della Ragione', 'AMO']",Santa Anastasia,strategy_nearest,False,0.0017580986022949219,success
04C7F24A9C4C80,0,['Arena'],Casa Giulietta,"['Centro Fotografia', 'Sighseeing', 'Torre Lamberti', 'Museo Conte', 'Museo Radio']",Torre Lamberti,strategy_nearest,True,0.0035910606384277344,success
04C7F44A9C4C80,3,"['Arena', 'Torre Lamberti']",Casa Giulietta,"['Centro Fotografia', 'Sighseeing', 'Museo Conte', 'Museo Radio', 'Palazzo della Ragione']",Santa Anastasia,strategy_nearest,False,0.0036008358001708984,success
04C8004A9C4C84,1,"['Teatro Romano', 'Arena']",Casa Giulietta,"['Centro Fotografia', 'Sighseeing', 'Torre Lamberti', 'Museo Conte', 'Museo Radio']",Palazzo della Ragione,strategy_nearest,False,0.002655029296875,success
04C8044A9C4C84,0,"['Museo Lapidario', 'Arena']",Casa Giulietta,"['Centro Fotografia', 'Sighseeing', 'Torre Lamberti', 'Museo Conte', 'Museo Radio']",Torre Lamberti,strategy_nearest,True,0.00234222412109375,success
04C80C429C4C84,3,"['Museo Storia', 'Teatro Romano', 'Duomo', 'Santa Anastasia']",San Fermo,"['Museo Radio', 'Casa Giulietta', 'Centro Fotografia', 'Arena', 'Sighseeing']",Casa Giulietta,strategy_nearest,True,0.00279998779296875,success
04C8024A9C4C84,0,['Arena'],Torre Lamberti,"['Sighseeing', 'Centro Fotografia', 'Museo Conte', 'Casa Giulietta', 'Palazzo della Ragione']",Casa Giulietta,strategy_nearest,True,0.0033659934997558594,success
04C80E429C4C84,1,"['Arena', 'Casa Giulietta', 'Torre Lamberti']",Torre Lamberti,"['Sighseeing', 'Centro Fotografia', 'Museo Conte', 'Palazzo della Ragione', 'AMO']",Palazzo della Ragione,strategy_nearest,True,0.0032389163970947266,success
04C80F429C4C84,0,['Casa Giulietta'],Palazzo della Ragione,"['AMO', 'Museo Conte', 'Torre Lamberti', 'Centro Fotografia', 'Sighseeing']",Arena,strategy_nearest,False,0.003331899642944336,success
04C814429C4C84,0,['Castelvecchio'],Arena,"['Verona Tour', 'Museo Lapidario', 'Museo Radio', 'San Fermo', 'Casa Giulietta']",Casa Giulietta,strategy_nearest,True,0.0029549598693847656,success
04C80F4A9C4C84,1,"['Castelvecchio', 'Arena', 'Casa Giulietta']",Torre Lamberti,"['Sighseeing', 'Centro Fotografia', 'Museo Conte', 'Palazzo della Ragione', 'AMO']",Palazzo della Ragione,strategy_nearest,True,0.0026230812072753906,success
04C8163A9C4C80,3,"['Arena', 'Torre Lamberti']",Duomo,"['AMO', 'Museo Miniscalchi', 'Santa Anastasia', 'Teatro Romano', 'Palazzo della Ragione']",Casa Giulietta,strategy_nearest,False,0.003017902374267578,success
04C81F4A9C4C80,1,"['Arena', 'Casa Giulietta']",Palazzo della Ragione,"['AMO', 'Museo Conte', 'Torre Lamberti', 'Centro Fotografia', 'Sighseeing']",Santa Anastasia,strategy_nearest,False,0.003100156784057617,success
04C825429C4C84,0,"['Castelvecchio', 'Arena']",Tomba Giulietta,"['San Fermo', 'Museo Storia', 'Museo Lapidario', 'Museo Radio', 'Verona Tour']",Teatro Romano,strategy_nearest,False,0.001909017562866211,success
04C826429C4C84,1,"['Arena', 'Palazzo della Ragione']",Torre Lamberti,"['Sighseeing', 'Centro Fotografia', 'Museo Conte', 'Casa Giulietta', 'AMO']",Duomo,strategy_nearest,False,0.0027599334716796875,success
04C8273A9C4C80,0,"['Casa Giulietta', 'Torre Lamberti']",Duomo,"['AMO', 'Museo Miniscalchi', 'Santa Anastasia', 'Teatro Romano', 'Palazzo della Ragione']",Castelvecchio,strategy_nearest,False,0.002566099166870117,success
04C8273A9C4C84,0,"['Duomo', 'Torre Lamberti']",Arena,"['Verona Tour', 'Museo Lapidario', 'Museo Radio', 'San Fermo', 'Casa Giulietta']",Tomba Giulietta,strategy_nearest,False,0.0023860931396484375,success
04C8403A9C4C80,3,"['Arena', 'San Fermo']",Torre Lamberti,"['Sighseeing', 'Centro Fotografia', 'Museo Conte', 'Casa Giulietta', 'Palazzo della Ragione']",Duomo,strategy_nearest,False,0.0025949478149414062,success
04C8433A9C4C80,1,"['Duomo', 'Teatro Romano', 'Casa Giulietta', 'Arena']",Castelvecchio,"['Museo Lapidario', 'Verona Tour', 'Museo Radio', 'San Zeno', 'Sighseeing']",San Zeno,strategy_nearest,True,0.003100156784057617,success
04C827429C4C84,1,"['Arena', 'Tomba Giulietta', 'Castelvecchio']",San Zeno,"['Verona Tour', 'Museo Lapidario', 'Museo Miniscalchi', 'Sighseeing', 'Museo Radio']",Torre Lamberti,strategy_nearest,False,0.003130197525024414,success
04C8333A9C4C80,0,['Arena'],Casa Giulietta,"['Centro Fotografia', 'Sighseeing', 'Torre Lamberti', 'Museo Conte', 'Museo Radio']",Torre Lamberti,strategy_nearest,True,0.0034041404724121094,success
04C846429C4C80,0,['Arena'],Casa Giulietta,"['Centro Fotografia', 'Sighseeing', 'Torre Lamberti', 'Museo Conte', 'Museo Radio']",Santa Anastasia,strategy_nearest,False,0.0014128684997558594,success
04C8583A9C4C80,0,['Arena'],Casa Giulietta,"['Centro Fotografia', 'Sighseeing', 'Torre Lamberti', 'Museo Conte', 'Museo Radio']",Torre Lamberti,strategy_nearest,True,0.0030319690704345703,success
04C845429C4C80,0,['Arena'],Casa Giulietta,"['Centro Fotografia', 'Sighseeing', 'Torre Lamberti', 'Museo Conte', 'Museo Radio']",Castelvecchio,strategy_nearest,False,0.00350189208984375,success
04C84F3A9C4C80,3,['Santa Anastasia'],Torre Lamberti,"['Sighseeing', 'Centro Fotografia', 'Museo Conte', 'Casa Giulietta', 'Palazzo della Ragione']",Arena,strategy_nearest,False,0.002734661102294922,success
04C8794A9C4C80,0,['Duomo'],Teatro Romano,"['Santa Anastasia', 'AMO', 'Palazzo della Ragione', 'Museo Conte', 'Centro Fotografia']",Arena,strategy_nearest,False,0.0016021728515625,success
04C88A4A9C4C80,3,"['Arena', 'Casa Giulietta']",Santa Anastasia,"['AMO', 'Museo Conte', 'Palazzo della Ragione', 'Teatro Romano', 'Centro Fotografia']",Teatro Romano,strategy_nearest,True,0.0021886825561523438,success
04C879429C4C80,0,['Arena'],Museo Lapidario,"['Verona Tour', 'Castelvecchio', 'Museo Radio', 'San Fermo', 'Casa Giulietta']",Casa Giulietta,strategy_nearest,True,0.002874135971069336,success
04C88D3A9C4C80,2,"['Castelvecchio', 'San Zeno']",Duomo,"['AMO', 'Museo Miniscalchi', 'Santa Anastasia', 'Teatro Romano', 'Palazzo della Ragione']",Teatro Romano,strategy_nearest,True,0.0032858848571777344,success
04C894429C4C80,3,['Arena'],Casa Giulietta,"['Centro Fotografia', 'Sighseeing', 'Torre Lamberti', 'Museo Conte', 'Museo Radio']",Santa Anastasia,strategy_nearest,False,0.002849102020263672,success
04C899429C4C80,0,['Castelvecchio'],Arena,"['Verona Tour', 'Museo Lapidario', 'Museo Radio', 'San Fermo', 'Casa Giulietta']",Torre Lamberti,strategy_nearest,False,0.002148151397705078,success
04C88F4A9C4C80,0,['Arena'],Torre Lamberti,"['Sighseeing', 'Centro Fotografia', 'Museo Conte', 'Casa Giulietta', 'Palazzo della Ragione']",Casa Giulietta,strategy_nearest,True,0.0022962093353271484,success
04C8924A9C4C80,3,"['Arena', 'Casa Giulietta', 'San Fermo']",Castelvecchio,"['Museo Lapidario', 'Verona Tour', 'Museo Radio', 'San Zeno', 'Sighseeing']",Torre Lamberti,strategy_nearest,False,0.0034818649291992188,success
04C8B24A9C4C80,1,"['Arena', 'Casa Giulietta']",Torre Lamberti,"['Sighseeing', 'Centro Fotografia', 'Museo Conte', 'Palazzo della Ragione', 'AMO']",Palazzo della Ragione,strategy_nearest,True,0.0026082992553710938,success
04C89B429C4C80,0,['Arena'],Casa Giulietta,"['Centro Fotografia', 'Sighseeing', 'Torre Lamberti', 'Museo Conte', 'Museo Radio']",Castelvecchio,strategy_nearest,False,0.0033829212188720703,success
04C89D429C4C80,1,"['Castelvecchio', 'Palazzo della Ragione']",Torre Lamberti,"['Sighseeing', 'Centro Fotografia', 'Museo Conte', 'Casa Giulietta', 'AMO']",Casa Giulietta,strategy_nearest,True,0.0015690326690673828,success
04C8A4429C4C80,0,['Torre Lamberti'],Casa Giulietta,"['Centro Fotografia', 'Sighseeing', 'Museo Conte', 'Museo Radio', 'Palazzo della Ragione']",Arena,strategy_nearest,False,0.0021491050720214844,success
04C8B74A9C4C80,3,"['Arena', 'Casa Giulietta']",Santa Anastasia,"['AMO', 'Museo Conte', 'Palazzo della Ragione', 'Teatro Romano', 'Centro Fotografia']",Duomo,strategy_nearest,False,0.0019931793212890625,success
04C8CA4A9C4C80,1,"['Arena', 'Castelvecchio', 'Casa Giulietta']",Palazzo della Ragione,"['AMO', 'Museo Conte', 'Torre Lamberti', 'Centro Fotografia', 'Sighseeing']",Santa Anastasia,strategy_nearest,False,0.001302957534790039,success
04C8CE4A9C4C80,0,['Arena'],Casa Giulietta,"['Centro Fotografia', 'Sighseeing', 'Torre Lamberti', 'Museo Conte', 'Museo Radio']",Torre Lamberti,strategy_nearest,True,0.0034558773040771484,success
04C8BC4A9C4C80,1,"['Arena', 'Casa Giulietta']",Palazzo della Ragione,"['AMO', 'Museo Conte', 'Torre Lamberti', 'Centro Fotografia', 'Sighseeing']",Torre Lamberti,strategy_nearest,True,0.00261688232421875,success
04C8CF429C4C80,3,"['Teatro Romano', 'Duomo', 'Santa Anastasia']",Torre Lamberti,"['Sighseeing', 'Centro Fotografia', 'Museo Conte', 'Casa Giulietta', 'Palazzo della Ragione']",Casa Giulietta,strategy_nearest,True,0.002707242965698242,success
04C8D04A9C4C80,0,['Tomba Giulietta'],Arena,"['Verona Tour', 'Museo Lapidario', 'Museo Radio', 'San Fermo', 'Casa Giulietta']",Castelvecchio,strategy_nearest,False,0.0026679039001464844,success
04C8D13A9C4C80,3,"['Arena', 'Casa Giulietta', 'Torre Lamberti']",Castelvecchio,"['Museo Lapidario', 'Verona Tour', 'Museo Radio', 'San Zeno', 'Sighseeing']",San Zeno,strategy_nearest,True,0.0027120113372802734,success
04C8D83A9C4C80,1,"['Arena', 'Casa Giulietta']",Palazzo della Ragione,"['AMO', 'Museo Conte', 'Torre Lamberti', 'Centro Fotografia', 'Sighseeing']",Torre Lamberti,strategy_nearest,True,0.0033578872680664062,success
04C8E33A9C4C80,1,"['San Zeno', 'Arena', 'Torre Lamberti', 'Santa Anastasia']",Teatro Romano,"['Duomo', 'AMO', 'Palazzo della Ragione', 'Museo Conte', 'Centro Fotografia']",San Fermo,strategy_nearest,False,0.0032160282135009766,success
04C8DF3A9C4C80,2,['Casa Giulietta'],Castelvecchio,"['Museo Lapidario', 'Verona Tour', 'Arena', 'Museo Radio', 'San Zeno']",Tomba Giulietta,strategy_nearest,False,0.0027680397033691406,success
04C8EA3A9C4C80,0,['Castelvecchio'],Arena,"['Verona Tour', 'Museo Lapidario', 'Museo Radio', 'San Fermo', 'Casa Giulietta']",Casa Giulietta,strategy_nearest,True,0.0030939579010009766,success
04C8ED4A9C4C80,3,"['Arena', 'Casa Giulietta']",Torre Lamberti,"['Sighseeing', 'Centro Fotografia', 'Museo Conte', 'Palazzo della Ragione', 'AMO']",Santa Anastasia,strategy_nearest,False,0.004024028778076172,success
04C8F44A9C4C80,0,['Arena'],Museo Lapidario,"['Verona Tour', 'Castelvecchio', 'Museo Radio', 'San Fermo', 'Casa Giulietta']",Castelvecchio,strategy_nearest,True,0.002207040786743164,success
04C8FB4A9C4C80,3,"['Santa Anastasia', 'San Zeno', 'Duomo']",San Fermo,"['Museo Storia', 'Museo Radio', 'Casa Giulietta', 'Centro Fotografia', 'Arena']",Arena,strategy_nearest,True,0.0032989978790283203,success
04C8F04A9C4C80,0,['Arena'],Casa Giulietta,"['Centro Fotografia', 'Sighseeing', 'Torre Lamberti', 'Museo Conte', 'Museo Radio']",Torre Lamberti,strategy_nearest,True,0.0016248226165771484,success
04C90F429C4C84,0,['Arena'],Casa Giulietta,"['Centro Fotografia', 'Sighseeing', 'Torre Lamberti', 'Museo Conte', 'Museo Radio']",Tomba Giulietta,strategy_nearest,False,0.0015239715576171875,success
04C9004A9C4C84,0,['Arena'],Teatro Romano,"['Santa Anastasia', 'Duomo', 'AMO', 'Palazzo della Ragione', 'Museo Conte']",Duomo,strategy_nearest,True,0.002851247787475586,success
04C90F4A9C4C84,0,"['Casa Giulietta', 'Castelvecchio']",San Zeno,"['Verona Tour', 'Museo Lapidario', 'Arena', 'Museo Miniscalchi', 'Sighseeing']",Arena,strategy_nearest,True,0.0019609928131103516,success
04C90E4A9C4C84,3,"['Castelvecchio', 'Arena', 'Torre Lamberti']",Casa Giulietta,"['Centro Fotografia', 'Sighseeing', 'Museo Conte', 'Museo Radio', 'Palazzo della Ragione']",Duomo,strategy_nearest,False,0.0034568309783935547,success
04C9124A9C4C84,0,"['Arena', 'Torre Lamberti']",Casa Giulietta,"['Centro Fotografia', 'Sighseeing', 'Museo Conte', 'Museo Radio', 'Palazzo della Ragione']",Castelvecchio,strategy_nearest,False,0.0028009414672851562,success
04C9134A9C4C80,3,"['San Fermo', 'Casa Giulietta', 'Santa Anastasia']",Duomo,"['AMO', 'Museo Miniscalchi', 'Teatro Romano', 'Palazzo della Ragione', 'Museo Conte']",Castelvecchio,strategy_nearest,False,0.004065036773681641,success
04C9144A9C4C80,0,['Teatro Romano'],Casa Giulietta,"['Centro Fotografia', 'Sighseeing', 'Torre Lamberti', 'Museo Conte', 'Museo Radio']",Arena,strategy_nearest,False,0.0012989044189453125,success
04C9164A9C4C80,2,"['Casa Giulietta', 'Castelvecchio', 'Santa Anastasia']",Duomo,"['AMO', 'Museo Miniscalchi', 'Teatro Romano', 'Palazzo della Ragione', 'Museo Conte']",Teatro Romano,strategy_nearest,True,0.002655029296875,success
04C92C429C4C80,3,"['Casa Giulietta', 'Santa Anastasia', 'Duomo']",Teatro Romano,"['AMO', 'Palazzo della Ragione', 'Museo Conte', 'Centro Fotografia', 'Museo Miniscalchi']",Torre Lamberti,strategy_nearest,False,0.0015399456024169922,success
04C923429C4C84,3,"['Arena', 'Castelvecchio']",Casa Giulietta,"['Centro Fotografia', 'Sighseeing', 'Torre Lamberti', 'Museo Conte', 'Museo Radio']",Torre Lamberti,strategy_nearest,True,0.004039764404296875,success
04C9234A9C4C80,0,"['Arena', 'Torre Lamberti']",Castelvecchio,"['Museo Lapidario', 'Verona Tour', 'Museo Radio', 'San Zeno', 'Sighseeing']",Casa Giulietta,strategy_nearest,False,0.002196788787841797,success
04C93F4A9C4C80,2,['Museo Lapidario'],Casa Giulietta,"['Centro Fotografia', 'Sighseeing', 'Torre Lamberti', 'Museo Conte', 'Museo Radio']",Santa Anastasia,strategy_nearest,False,0.0034148693084716797,success
04C9403A9C4C80,1,"['Castelvecchio', 'Palazzo della Ragione']",Casa Giulietta,"['Centro Fotografia', 'Sighseeing', 'Torre Lamberti', 'Museo Conte', 'Museo Radio']",Arena,strategy_nearest,False,0.0016057491302490234,success
04C9473A9C4C80,2,['Casa Giulietta'],Palazzo della Ragione,"['AMO', 'Museo Conte', 'Torre Lamberti', 'Centro Fotografia', 'Sighseeing']",Torre Lamberti,strategy_nearest,True,0.003392934799194336,success
04C9794A9C4C80,0,['Arena'],Castelvecchio,"['Museo Lapidario', 'Verona Tour', 'Museo Radio', 'San Zeno', 'Sighseeing']",Torre Lamberti,strategy_nearest,False,0.0025217533111572266,success
04C97D3A9C4C80,0,['Torre Lamberti'],Arena,"['Verona Tour', 'Museo Lapidario', 'Museo Radio', 'San Fermo', 'Casa Giulietta']",Teatro Romano,strategy_nearest,False,0.0032100677490234375,success
04C97E4A9C4C80,0,['Duomo'],Teatro Romano,"['Santa Anastasia', 'AMO', 'Palazzo della Ragione', 'Museo Conte', 'Centro Fotografia']",Arena,strategy_nearest,False,0.002527952194213867,success
04C9964A9C4C80,0,"['Arena', 'Casa Giulietta']",San Fermo,"['Museo Storia', 'Museo Radio', 'Centro Fotografia', 'Sighseeing', 'Torre Lamberti']",Tomba Giulietta,strategy_nearest,False,0.003097057342529297,success
04C9914A9C4C80,2,['Castelvecchio'],San Zeno,"['Verona Tour', 'Museo Lapidario', 'Arena', 'Museo Miniscalchi', 'Sighseeing']",Casa Giulietta,strategy_nearest,False,0.0025882720947265625,success
04C9803A9C4C80,3,"['Santa Anastasia', 'Duomo', 'Torre Lamberti']",Casa Giulietta,"['Centro Fotografia', 'Sighseeing', 'Museo Conte', 'Museo Radio', 'Palazzo della Ragione']",Castelvecchio,strategy_nearest,False,0.002730131149291992,success
04C9984A9C4C80,3,"['Castelvecchio', 'Arena']",Casa Giulietta,"['Centro Fotografia', 'Sighseeing', 'Torre Lamberti', 'Museo Conte', 'Museo Radio']",Torre Lamberti,strategy_nearest,True,0.0014908313751220703,success
04C999429C4C80,1,"['Casa Giulietta', 'Santa Anastasia']",Duomo,"['AMO', 'Museo Miniscalchi', 'Teatro Romano', 'Palazzo della Ragione', 'Museo Conte']",Palazzo della Ragione,strategy_nearest,True,0.002828836441040039,success
04C99C4A9C4C80,1,"['Arena', 'Casa Giulietta']",Torre Lamberti,"['Sighseeing', 'Centro Fotografia', 'Museo Conte', 'Palazzo della Ragione', 'AMO']",Palazzo della Ragione,strategy_nearest,True,0.0020842552185058594,success
04C9A4429C4C80,0,['Arena'],Casa Giulietta,"['Centro Fotografia', 'Sighseeing', 'Torre Lamberti', 'Museo Conte', 'Museo Radio']",Duomo,strategy_nearest,False,0.0033648014068603516,success
04C9AE3A9C4C80,0,['Casa Giulietta'],Arena,"['Verona Tour', 'Museo Lapidario', 'Museo Radio', 'San Fermo', 'Sighseeing']",Castelvecchio,strategy_nearest,False,0.0021262168884277344,success
04C9A54A9C4C80,3,"['Casa Giulietta', 'Arena']",Castelvecchio,"['Museo Lapidario', 'Verona Tour', 'Museo Radio', 'San Zeno', 'Sighseeing']",San Zeno,strategy_nearest,True,0.0034880638122558594,success
04C9B74A9C4C80,0,['Arena'],Casa Giulietta,"['Centro Fotografia', 'Sighseeing', 'Torre Lamberti', 'Museo Conte', 'Museo Radio']",Castelvecchio,strategy_nearest,False,0.0021228790283203125,success
04C9B84A9C4C80,0,['Arena'],Casa Giulietta,"['Centro Fotografia', 'Sighseeing', 'Torre Lamberti', 'Museo Conte', 'Museo Radio']",Castelvecchio,strategy_nearest,False,0.003301858901977539,success
04C9C6429C4C80,1,"['Casa Giulietta', 'Torre Lamberti', 'Palazzo della Ragione']",Santa Anastasia,"['AMO', 'Museo Conte', 'Teatro Romano', 'Centro Fotografia', 'Duomo']",Duomo,strategy_nearest,True,0.0012950897216796875,success
04C9BA4A9C4C80,1,"['Teatro Romano', 'Duomo', 'Torre Lamberti']",Palazzo della Ragione,"['AMO', 'Museo Conte', 'Centro Fotografia', 'Sighseeing', 'Santa Anastasia']",Casa Giulietta,strategy_nearest,False,0.0029299259185791016,success
04C9BC4A9C4C80,0,['Arena'],Castelvecchio,"['Museo Lapidario', 'Verona Tour', 'Museo Radio', 'San Zeno', 'Sighseeing']",Casa Giulietta,strategy_nearest,False,0.003608226776123047,success
04C9CC4A9C4C80,2,"['Torre Lamberti', 'Casa Giulietta']",San Fermo,"['Museo Storia', 'Museo Radio', 'Centro Fotografia', 'Arena', 'Sighseeing']",Castelvecchio,strategy_nearest,False,0.002723217010498047,success
04C9D03A9C4C80,3,"['Duomo', 'Santa Anastasia']",Santa Anastasia,"['AMO', 'Museo Conte', 'Palazzo della Ragione', 'Teatro Romano', 'Centro Fotografia']",Arena,strategy_nearest,False,0.0027930736541748047,success
04C9D23A9C4C80,1,"['Casa Giulietta', 'Arena', 'Torre Lamberti', 'Palazzo della Ragione', 'Castelvecchio']",San Zeno,"['Verona Tour', 'Museo Lapidario', 'Museo Miniscalchi', 'Sighseeing', 'Museo Radio']",Tomba Giulietta,strategy_nearest,False,0.0024251937866210938,success
04C9E9429C4C80,0,['Arena'],Casa Giulietta,"['Centro Fotografia', 'Sighseeing', 'Torre Lamberti', 'Museo Conte', 'Museo Radio']",Torre Lamberti,strategy_nearest,True,0.0020008087158203125,success
04C9DA429C4C80,0,['Arena'],Casa Giulietta,"['Centro Fotografia', 'Sighseeing', 'Torre Lamberti', 'Museo Conte', 'Museo Radio']",Torre Lamberti,strategy_nearest,True,0.004846096038818359,success
04C9E4429C4C80,1,"['Arena', 'Santa Anastasia', 'Palazzo della Ragione', 'Torre Lamberti']",Casa Giulietta,"['Centro Fotografia', 'Sighseeing', 'Museo Conte', 'Museo Radio', 'San Fermo']",Castelvecchio,strategy_nearest,False,0.0033559799194335938,success
04C9E1429C4C80,3,"['Arena', 'Castelvecchio', 'Casa Giulietta']",Torre Lamberti,"['Sighseeing', 'Centro Fotografia', 'Museo Conte', 'Palazzo della Ragione', 'AMO']",Santa Anastasia,strategy_nearest,False,0.0030210018157958984,success
04C9EB429C4C80,3,"['Castelvecchio', 'Santa Anastasia']",Duomo,"['AMO', 'Museo Miniscalchi', 'Teatro Romano', 'Palazzo della Ragione', 'Museo Conte']",Arena,strategy_nearest,False,0.002252817153930664,success
04C9EE4A9C4C80,0,['Arena'],Casa Giulietta,"['Centro Fotografia', 'Sighseeing', 'Torre Lamberti', 'Museo Conte', 'Museo Radio']",Torre Lamberti,strategy_nearest,True,0.0028488636016845703,success
04C9F33A9C4C80,0,['Castelvecchio'],Arena,"['Verona Tour', 'Museo Lapidario', 'Museo Radio', 'San Fermo', 'Casa Giulietta']",Torre Lamberti,strategy_nearest,False,0.001383066177368164,success
04C9F13A9C4C80,1,"['Castelvecchio', 'Museo Lapidario', 'Arena', 'Casa Giulietta', 'Palazzo della Ragione']",Torre Lamberti,"['Sighseeing', 'Centro Fotografia', 'Museo Conte', 'AMO', 'Museo Miniscalchi']",Santa Anastasia,strategy_nearest,False,0.0033609867095947266,success
04C9FC3A9C4C80,1,"['Casa Giulietta', 'Arena']",Torre Lamberti,"['Sighseeing', 'Centro Fotografia', 'Museo Conte', 'Palazzo della Ragione', 'AMO']",Palazzo della Ragione,strategy_nearest,True,0.0021190643310546875,success
04C9FB4A9C4C80,3,"['Arena', 'Casa Giulietta']",Torre Lamberti,"['Sighseeing', 'Centro Fotografia', 'Museo Conte', 'Palazzo della Ragione', 'AMO']",Santa Anastasia,strategy_nearest,False,0.003392934799194336,success
04C9FA3A9C4C80,1,['Castelvecchio'],Arena,"['Verona Tour', 'Museo Lapidario', 'Museo Radio', 'San Fermo', 'Casa Giulietta']",Casa Giulietta,strategy_nearest,True,0.0016179084777832031,success
04C9F7429C4C80,3,"['Castelvecchio', 'Arena']",Casa Giulietta,"['Centro Fotografia', 'Sighseeing', 'Torre Lamberti', 'Museo Conte', 'Museo Radio']",Santa Anastasia,strategy_nearest,False,0.004074811935424805,success
04C9FF4A9C4C80,0,"['Museo Lapidario', 'Arena']",Casa Giulietta,"['Centro Fotografia', 'Sighseeing', 'Torre Lamberti', 'Museo Conte', 'Museo Radio']",Tomba Giulietta,strategy_nearest,False,0.0021638870239257812,success
04CA004A9C4C84,1,"['Arena', 'Casa Giulietta']",Palazzo della Ragione,"['AMO', 'Museo Conte', 'Torre Lamberti', 'Centro Fotografia', 'Sighseeing']",Torre Lamberti,strategy_nearest,True,0.0013499259948730469,success
04CA024A9C4C84,3,"['Arena', 'Casa Giulietta']",San Fermo,"['Museo Storia', 'Museo Radio', 'Centro Fotografia', 'Sighseeing', 'Torre Lamberti']",Santa Anastasia,strategy_nearest,False,0.0026450157165527344,success
04C9FC429C4C80,0,"['Museo Lapidario', 'Castelvecchio']",Casa Giulietta,"['Centro Fotografia', 'Sighseeing', 'Torre Lamberti', 'Museo Conte', 'Museo Radio']",Museo Storia,strategy_nearest,False,0.003515005111694336,success
04CA034A9C4C84,1,"['Palazzo della Ragione', 'Casa Giulietta']",San Fermo,"['Museo Storia', 'Museo Radio', 'Centro Fotografia', 'Arena', 'Sighseeing']",Arena,strategy_nearest,True,0.004019021987915039,success
04CA084A9C4C84,0,['Arena'],Casa Giulietta,"['Centro Fotografia', 'Sighseeing', 'Torre Lamberti', 'Museo Conte', 'Museo Radio']",Teatro Romano,strategy_nearest,False,0.0020530223846435547,success
04CA044A9C4C84,1,"['Arena', 'Museo Lapidario', 'Castelvecchio']",Casa Giulietta,"['Centro Fotografia', 'Sighseeing', 'Torre Lamberti', 'Museo Conte', 'Museo Radio']",Santa Anastasia,strategy_nearest,False,0.004002094268798828,success
04CA06429C4C84,0,['Arena'],Teatro Romano,"['Santa Anastasia', 'Duomo', 'AMO', 'Palazzo della Ragione', 'Museo Conte']",Casa Giulietta,strategy_nearest,False,0.0015218257904052734,success
04CA0D4A9C4C80,0,"['Arena', 'Casa Giulietta']",Torre Lamberti,"['Sighseeing', 'Centro Fotografia', 'Museo Conte', 'Palazzo della Ragione', 'AMO']",Castelvecchio,strategy_nearest,False,0.0022788047790527344,success
04CA0F4A9C4C84,2,"['Casa Giulietta', 'Torre Lamberti']",Teatro Romano,"['Santa Anastasia', 'Duomo', 'AMO', 'Palazzo della Ragione', 'Museo Conte']",Duomo,strategy_nearest,True,0.003309011459350586,success
04CA10429C4C84,4,"['Arena', 'Museo Lapidario', 'Tomba Giulietta', 'Museo Radio', 'Castelvecchio']",Casa Giulietta,"['Centro Fotografia', 'Sighseeing', 'Torre Lamberti', 'Museo Conte', 'Palazzo della Ragione']",Torre Lamberti,strategy_nearest,True,0.0026712417602539062,success
04CA0F429C4C84,0,"['Arena', 'Casa Giulietta', 'Torre Lamberti']",Museo Lapidario,"['Verona Tour', 'Castelvecchio', 'Museo Radio', 'San Fermo', 'Tomba Giulietta']",Castelvecchio,strategy_nearest,True,0.001645803451538086,success
04CA133A9C4C80,0,"['Museo Lapidario', 'Castelvecchio']",Arena,"['Verona Tour', 'Museo Radio', 'San Fermo', 'Casa Giulietta', 'Sighseeing']",Casa Giulietta,strategy_nearest,True,0.0015857219696044922,success
04CA13429C4C84,3,['Arena'],Santa Anastasia,"['AMO', 'Museo Conte', 'Palazzo della Ragione', 'Teatro Romano', 'Centro Fotografia']",Torre Lamberti,strategy_nearest,False,0.002920866012573242,success
04CA124A9C4C84,0,['Arena'],Casa Giulietta,"['Centro Fotografia', 'Sighseeing', 'Torre Lamberti', 'Museo Conte', 'Museo Radio']",Torre Lamberti,strategy_nearest,True,0.0022161006927490234,success
04CA18429C4C84,0,"['Arena', 'Casa Giulietta']",Duomo,"['AMO', 'Museo Miniscalchi', 'Santa Anastasia', 'Teatro Romano', 'Palazzo della Ragione']",Teatro Romano,strategy_nearest,True,0.003387928009033203,success
04CA1A429C4C84,3,['Arena'],Santa Anastasia,"['AMO', 'Museo Conte', 'Palazzo della Ragione', 'Teatro Romano', 'Centro Fotografia']",Duomo,strategy_nearest,False,0.0026350021362304688,success
04CA19429C4C84,0,['Castelvecchio'],Arena,"['Verona Tour', 'Museo Lapidario', 'Museo Radio', 'San Fermo', 'Casa Giulietta']",Casa Giulietta,strategy_nearest,True,0.0018696784973144531,success
04CA1B429C4C84,0,['Casa Giulietta'],Arena,"['Verona Tour', 'Museo Lapidario', 'Museo Radio', 'San Fermo', 'Sighseeing']",Castelvecchio,strategy_nearest,False,0.0026290416717529297,success
04CA1F429C4C84,3,"['Arena', 'Teatro Romano', 'Duomo']",Casa Giulietta,"['Centro Fotografia', 'Sighseeing', 'Torre Lamberti', 'Museo Conte', 'Museo Radio']",Castelvecchio,strategy_nearest,False,0.002766132354736328,success
04CA1D3A9C4C84,0,"['Arena', 'Casa Giulietta']",Torre Lamberti,"['Sighseeing', 'Centro Fotografia', 'Museo Conte', 'Palazzo della Ragione', 'AMO']",Museo Lapidario,strategy_nearest,False,0.0036017894744873047,success
04CA253A9C4C80,1,"['Arena', 'Castelvecchio', 'Casa Giulietta']",Torre Lamberti,"['Sighseeing', 'Centro Fotografia', 'Museo Conte', 'Palazzo della Ragione', 'AMO']",Palazzo della Ragione,strategy_nearest,True,0.0026330947875976562,success
04CA253A9C4C84,3,['Santa Anastasia'],San Zeno,"['Castelvecchio', 'Verona Tour', 'Museo Lapidario', 'Arena', 'Museo Miniscalchi']",Arena,strategy_nearest,True,0.0032930374145507812,success
04CA273A9C4C80,3,"['San Zeno', 'Teatro Romano', 'Duomo']",Santa Anastasia,"['AMO', 'Museo Conte', 'Palazzo della Ragione', 'Centro Fotografia', 'Torre Lamberti']",Arena,strategy_nearest,False,0.0020720958709716797,success
04CA4F3A9C4C80,1,"['Arena', 'Teatro Romano']",Casa Giulietta,"['Centro Fotografia', 'Sighseeing', 'Torre Lamberti', 'Museo Conte', 'Museo Radio']",Palazzo della Ragione,strategy_nearest,False,0.002650022506713867,success
04CA28429C4C84,3,"['Castelvecchio', 'Arena', 'Casa Giulietta']",Torre Lamberti,"['Sighseeing', 'Centro Fotografia', 'Museo Conte', 'Palazzo della Ragione', 'AMO']",Duomo,strategy_nearest,False,0.002691030502319336,success
04CA543A9C4C80,0,['Teatro Romano'],Arena,"['Verona Tour', 'Museo Lapidario', 'Museo Radio', 'San Fermo', 'Casa Giulietta']",Tomba Giulietta,strategy_nearest,False,0.0033559799194335938,success
04CA693A9C4C80,1,"['San Fermo', 'Santa Anastasia', 'Duomo', 'Tomba Giulietta', 'Museo Lapidario']",Castelvecchio,"['Verona Tour', 'Arena', 'Museo Radio', 'San Zeno', 'Sighseeing']",Arena,strategy_nearest,True,0.002950906753540039,success
04CA553A9C4C80,0,['Arena'],Casa Giulietta,"['Centro Fotografia', 'Sighseeing', 'Torre Lamberti', 'Museo Conte', 'Museo Radio']",Palazzo della Ragione,strategy_nearest,False,0.0036029815673828125,success
04CA6D3A9C4C80,2,['Palazzo della Ragione'],Castelvecchio,"['Museo Lapidario', 'Verona Tour', 'Arena', 'Museo Radio', 'San Zeno']",San Zeno,strategy_nearest,True,0.001547098159790039,success
04CA573A9C4C80,3,"['San Zeno', 'San Fermo']",Santa Anastasia,"['AMO', 'Museo Conte', 'Palazzo della Ragione', 'Teatro Romano', 'Centro Fotografia']",Casa Giulietta,strategy_nearest,False,0.00439906120300293,success
04CA6D429C4C80,1,"['Arena', 'Palazzo della Ragione']",Torre Lamberti,"['Sighseeing', 'Centro Fotografia', 'Museo Conte', 'Casa Giulietta', 'AMO']",Casa Giulietta,strategy_nearest,True,0.0020821094512939453,success
04CA794A9C4C80,4,"['Casa Giulietta', 'Torre Lamberti', 'Duomo', 'Teatro Romano']",Castelvecchio,"['Museo Lapidario', 'Verona Tour', 'Arena', 'Museo Radio', 'San Zeno']",Tomba Giulietta,strategy_nearest,False,0.0028340816497802734,success
04CA7D3A9C4C80,0,['Arena'],Casa Giulietta,"['Centro Fotografia', 'Sighseeing', 'Torre Lamberti', 'Museo Conte', 'Museo Radio']",Castelvecchio,strategy_nearest,False,0.003322124481201172,success
04CA764A9C4C80,0,"['Tomba Giulietta', 'Castelvecchio']",San Zeno,"['Verona Tour', 'Museo Lapidario', 'Arena', 'Museo Miniscalchi', 'Sighseeing']",Arena,strategy_nearest,True,0.0035431385040283203,success
04CA813A9C4C80,1,"['San Zeno', 'Duomo', 'Santa Anastasia']",Palazzo della Ragione,"['AMO', 'Museo Conte', 'Torre Lamberti', 'Centro Fotografia', 'Sighseeing']",Casa Giulietta,strategy_nearest,False,0.0020971298217773438,success
04CA7E4A9C4C80,1,"['Duomo', 'Santa Anastasia']",Palazzo della Ragione,"['AMO', 'Museo Conte', 'Torre Lamberti', 'Centro Fotografia', 'Sighseeing']",Casa Giulietta,strategy_nearest,False,0.004038810729980469,success
04CA803A9C4C80,3,"['Santa Anastasia', 'Duomo', 'Torre Lamberti']",Casa Giulietta,"['Centro Fotografia', 'Sighseeing', 'Museo Conte', 'Museo Radio', 'Palazzo della Ragione']",Castelvecchio,strategy_nearest,False,0.0013930797576904297,success
04CA883A9C4C80,0,['Arena'],Casa Giulietta,"['Centro Fotografia', 'Sighseeing', 'Torre Lamberti', 'Museo Conte', 'Museo Radio']",Torre Lamberti,strategy_nearest,True,0.0033910274505615234,success
04CA8B3A9C4C80,3,"['Arena', 'Castelvecchio', 'Torre Lamberti']",Santa Anastasia,"['AMO', 'Museo Conte', 'Palazzo della Ragione', 'Teatro Romano', 'Centro Fotografia']",Duomo,strategy_nearest,False,0.0028340816497802734,success
04CA89429C4C80,0,['Arena'],Casa Giulietta,"['Centro Fotografia', 'Sighseeing', 'Torre Lamberti', 'Museo Conte', 'Museo Radio']",Torre Lamberti,strategy_nearest,True,0.002251863479614258,success
04CA964A9C4C80,3,"['Arena', 'Castelvecchio']",Duomo,"['AMO', 'Museo Miniscalchi', 'Santa Anastasia', 'Teatro Romano', 'Palazzo della Ragione']",Teatro Romano,strategy_nearest,True,0.002627134323120117,success
04CA95429C4C80,1,"['Casa Giulietta', 'Torre Lamberti']",Palazzo della Ragione,"['AMO', 'Museo Conte', 'Centro Fotografia', 'Sighseeing', 'Santa Anastasia']",Arena,strategy_nearest,False,0.003422260284423828,success
04CAAE429C4C80,0,['Arena'],Casa Giulietta,"['Centro Fotografia', 'Sighseeing', 'Torre Lamberti', 'Museo Conte', 'Museo Radio']",Torre Lamberti,strategy_nearest,True,0.001402139663696289,success
04CAAC3A9C4C80,0,['Castelvecchio'],Arena,"['Verona Tour', 'Museo Lapidario', 'Museo Radio', 'San Fermo', 'Casa Giulietta']",Casa Giulietta,strategy_nearest,True,0.002126932144165039,success
04CAAB429C4C80,0,['Arena'],Casa Giulietta,"['Centro Fotografia', 'Sighseeing', 'Torre Lamberti', 'Museo Conte', 'Museo Radio']",Teatro Romano,strategy_nearest,False,0.004064083099365234,success
04CA984A9C4C80,0,"['Castelvecchio', 'Torre Lamberti']",Casa Giulietta,"['Centro Fotografia', 'Sighseeing', 'Museo Conte', 'Museo Radio', 'Palazzo della Ragione']",Arena,strategy_nearest,False,0.0040819644927978516,success
04CAB34A9C4C80,1,"['Arena', 'Casa Giulietta']",Torre Lamberti,"['Sighseeing', 'Centro Fotografia', 'Museo Conte', 'Palazzo della Ragione', 'AMO']",Palazzo della Ragione,strategy_nearest,True,0.0028390884399414062,success
04CAB33A9C4C80,3,"['Arena', 'Museo Lapidario']",Castelvecchio,"['Verona Tour', 'Museo Radio', 'San Zeno', 'Sighseeing', 'Museo Miniscalchi']",Santa Anastasia,strategy_nearest,False,0.00356292724609375,success
04CAB73A9C4C80,0,['Casa Giulietta'],Arena,"['Verona Tour', 'Museo Lapidario', 'Museo Radio', 'San Fermo', 'Sighseeing']",Tomba Giulietta,strategy_nearest,False,0.0032558441162109375,success
04CAB54A9C4C80,1,['Arena'],Palazzo della Ragione,"['AMO', 'Museo Conte', 'Torre Lamberti', 'Centro Fotografia', 'Sighseeing']",Torre Lamberti,strategy_nearest,True,0.0015959739685058594,success
04CAD63A9C4C80,0,['Arena'],Casa Giulietta,"['Centro Fotografia', 'Sighseeing', 'Torre Lamberti', 'Museo Conte', 'Museo Radio']",Giardino Giusti,strategy_nearest,False,0.002769947052001953,success
04CAB83A9C4C80,0,['Arena'],Casa Giulietta,"['Centro Fotografia', 'Sighseeing', 'Torre Lamberti', 'Museo Conte', 'Museo Radio']",Teatro Romano,strategy_nearest,False,0.0022249221801757812,success
04CAB84A9C4C80,1,"['Arena', 'Casa Giulietta', 'Torre Lamberti']",Palazzo della Ragione,"['AMO', 'Museo Conte', 'Centro Fotografia', 'Sighseeing', 'Santa Anastasia']",Santa Anastasia,strategy_nearest,True,0.001596212387084961,success
04CAE63A9C4C80,0,['Casa Giulietta'],Arena,"['Verona Tour', 'Museo Lapidario', 'Museo Radio', 'San Fermo', 'Sighseeing']",Tomba Giulietta,strategy_nearest,False,0.0033059120178222656,success
04CAF43A9C4C80,0,['Arena'],Casa Giulietta,"['Centro Fotografia', 'Sighseeing', 'Torre Lamberti', 'Museo Conte', 'Museo Radio']",Duomo,strategy_nearest,False,0.002817869186401367,success
04CAE93A9C4C80,3,"['Arena', 'Casa Giulietta']",Santa Anastasia,"['AMO', 'Museo Conte', 'Palazzo della Ragione', 'Teatro Romano', 'Centro Fotografia']",Teatro Romano,strategy_nearest,True,0.0035479068756103516,success
04CAF7429C4C80,0,"['Arena', 'Casa Giulietta']",San Fermo,"['Museo Storia', 'Museo Radio', 'Centro Fotografia', 'Sighseeing', 'Torre Lamberti']",San Zeno,strategy_nearest,False,0.0033152103424072266,success
04CAF04A9C4C80,3,"['Arena', 'Casa Giulietta']",Torre Lamberti,"['Sighseeing', 'Centro Fotografia', 'Museo Conte', 'Palazzo della Ragione', 'AMO']",Santa Anastasia,strategy_nearest,False,0.0021181106567382812,success
04CAFE4A9C4C80,2,['Museo Lapidario'],Torre Lamberti,"['Sighseeing', 'Centro Fotografia', 'Museo Conte', 'Casa Giulietta', 'Palazzo della Ragione']",Duomo,strategy_nearest,False,0.001516103744506836,success
04CAFF4A9C4C80,0,['Arena'],Castelvecchio,"['Museo Lapidario', 'Verona Tour', 'Museo Radio', 'San Zeno', 'Sighseeing']",Santa Anastasia,strategy_nearest,False,0.0032091140747070312,success
04CAF83A9C4C80,3,"['Tomba Giulietta', 'Arena']",Casa Giulietta,"['Centro Fotografia', 'Sighseeing', 'Torre Lamberti', 'Museo Conte', 'Museo Radio']",Torre Lamberti,strategy_nearest,True,0.004076957702636719,success
04CAF9429C4C80,3,"['Arena', 'San Zeno', 'Torre Lamberti']",Teatro Romano,"['Santa Anastasia', 'Duomo', 'AMO', 'Palazzo della Ragione', 'Museo Conte']",Santa Anastasia,strategy_nearest,True,0.0028426647186279297,success
04CB024A9C4C84,0,['Arena'],Casa Giulietta,"['Centro Fotografia', 'Sighseeing', 'Torre Lamberti', 'Museo Conte', 'Museo Radio']",Tomba Giulietta,strategy_nearest,False,0.0027871131896972656,success
04CB044A9C4C84,1,"['Castelvecchio', 'Arena']",Palazzo della Ragione,"['AMO', 'Museo Conte', 'Torre Lamberti', 'Centro Fotografia', 'Sighseeing']",Torre Lamberti,strategy_nearest,True,0.0034182071685791016,success
04CB094A9C4C84,0,['Arena'],Casa Giulietta,"['Centro Fotografia', 'Sighseeing', 'Torre Lamberti', 'Museo Conte', 'Museo Radio']",Torre Lamberti,strategy_nearest,True,0.0020401477813720703,success
04CB084A9C4C84,3,"['Duomo', 'San Fermo', 'Arena']",Casa Giulietta,"['Centro Fotografia', 'Sighseeing', 'Torre Lamberti', 'Museo Conte', 'Museo Radio']",Torre Lamberti,strategy_nearest,True,0.0015411376953125,success
04CB0A4A9C4C84,2,['Castelvecchio'],Torre Lamberti,"['Sighseeing', 'Centro Fotografia', 'Museo Conte', 'Casa Giulietta', 'Palazzo della Ragione']",Casa Giulietta,strategy_nearest,True,0.0018527507781982422,success
04CB0D429C4C84,3,"['Arena', 'Duomo', 'Castelvecchio']",Museo Lapidario,"['Verona Tour', 'Museo Radio', 'San Fermo', 'Casa Giulietta', 'Tomba Giulietta']",Casa Giulietta,strategy_nearest,True,0.0021419525146484375,success
04CB0F4A9C4C84,0,"['Castelvecchio', 'Arena']",Torre Lamberti,"['Sighseeing', 'Centro Fotografia', 'Museo Conte', 'Casa Giulietta', 'Palazzo della Ragione']",Teatro Romano,strategy_nearest,False,0.002716064453125,success
04CB18429C4C84,3,"['Arena', 'Casa Giulietta', 'Torre Lamberti']",Santa Anastasia,"['AMO', 'Museo Conte', 'Palazzo della Ragione', 'Teatro Romano', 'Centro Fotografia']",Teatro Romano,strategy_nearest,True,0.003227710723876953,success
04CB2C429C4C80,3,"['Casa Giulietta', 'Santa Anastasia', 'Duomo']",Teatro Romano,"['AMO', 'Palazzo della Ragione', 'Museo Conte', 'Centro Fotografia', 'Museo Miniscalchi']",Torre Lamberti,strategy_nearest,False,0.0015330314636230469,success
04CB36429C4C80,0,['Arena'],Casa Giulietta,"['Centro Fotografia', 'Sighseeing', 'Torre Lamberti', 'Museo Conte', 'Museo Radio']",Torre Lamberti,strategy_nearest,True,0.0032520294189453125,success
04CB29429C4C84,1,"['Arena', 'Casa Giulietta']",Santa Anastasia,"['AMO', 'Museo Conte', 'Palazzo della Ragione', 'Teatro Romano', 'Centro Fotografia']",Duomo,strategy_nearest,False,0.0027701854705810547,success
04CB263A9C4C84,0,['Torre Lamberti'],Casa Giulietta,"['Centro Fotografia', 'Sighseeing', 'Museo Conte', 'Museo Radio', 'Palazzo della Ragione']",Arena,strategy_nearest,False,0.003423929214477539,success
04CB3A4A9C4C80,2,['Castelvecchio'],Duomo,"['AMO', 'Museo Miniscalchi', 'Santa Anastasia', 'Teatro Romano', 'Palazzo della Ragione']",Santa Anastasia,strategy_nearest,True,0.0016739368438720703,success
04CB593A9C4C80,1,"['Arena', 'Palazzo della Ragione']",Torre Lamberti,"['Sighseeing', 'Centro Fotografia', 'Museo Conte', 'Casa Giulietta', 'AMO']",Casa Giulietta,strategy_nearest,True,0.0025904178619384766,success
04CB3B429C4C80,1,"['Arena', 'Teatro Romano']",Casa Giulietta,"['Centro Fotografia', 'Sighseeing', 'Torre Lamberti', 'Museo Conte', 'Museo Radio']",Torre Lamberti,strategy_nearest,True,0.002222776412963867,success
04CB4D4A9C4C80,3,['Arena'],San Fermo,"['Museo Storia', 'Museo Radio', 'Casa Giulietta', 'Centro Fotografia', 'Sighseeing']",Torre Lamberti,strategy_nearest,False,0.003312826156616211,success
04CB9E4A9C4C80,0,['Arena'],Casa Giulietta,"['Centro Fotografia', 'Sighseeing', 'Torre Lamberti', 'Museo Conte', 'Museo Radio']",Duomo,strategy_nearest,False,0.0019850730895996094,success
04CB7B4A9C4C80,1,"['Casa Giulietta', 'Torre Lamberti', 'Palazzo della Ragione']",Santa Anastasia,"['AMO', 'Museo Conte', 'Teatro Romano', 'Centro Fotografia', 'Duomo']",Teatro Romano,strategy_nearest,True,0.0027658939361572266,success
04CB9D4A9C4C80,3,"['Tomba Giulietta', 'Arena', 'Museo Lapidario']",Castelvecchio,"['Verona Tour', 'Museo Radio', 'San Zeno', 'Sighseeing', 'Museo Miniscalchi']",Casa Giulietta,strategy_nearest,False,0.003325939178466797,success
04CB8D4A9C4C80,1,"['Arena', 'Casa Giulietta']",Torre Lamberti,"['Sighseeing', 'Centro Fotografia', 'Museo Conte', 'Palazzo della Ragione', 'AMO']",Palazzo della Ragione,strategy_nearest,True,0.0015850067138671875,success
04CBB14A9C4C80,0,['Casa Giulietta'],Castelvecchio,"['Museo Lapidario', 'Verona Tour', 'Arena', 'Museo Radio', 'San Zeno']",Arena,strategy_nearest,True,0.0033042430877685547,success
04CBB74A9C4C80,3,"['Castelvecchio', 'Arena']",Duomo,"['AMO', 'Museo Miniscalchi', 'Santa Anastasia', 'Teatro Romano', 'Palazzo della Ragione']",Santa Anastasia,strategy_nearest,True,0.0019311904907226562,success
04CBB34A9C4C80,3,"['Arena', 'Castelvecchio']",Torre Lamberti,"['Sighseeing', 'Centro Fotografia', 'Museo Conte', 'Casa Giulietta', 'Palazzo della Ragione']",Casa Giulietta,strategy_nearest,True,0.001497030258178711,success
04CBB83A9C4C80,0,"['Casa Giulietta', 'Arena']",Tomba Giulietta,"['San Fermo', 'Museo Storia', 'Museo Lapidario', 'Museo Radio', 'Verona Tour']",Castelvecchio,strategy_nearest,False,0.0029387474060058594,success
04CBBC4A9C4C80,1,"['Arena', 'Casa Giulietta', 'Torre Lamberti']",Palazzo della Ragione,"['AMO', 'Museo Conte', 'Centro Fotografia', 'Sighseeing', 'Santa Anastasia']",Santa Anastasia,strategy_nearest,True,0.00183868408203125,success
04CBC44A9C4C80,3,['Arena'],Casa Giulietta,"['Centro Fotografia', 'Sighseeing', 'Torre Lamberti', 'Museo Conte', 'Museo Radio']",Santa Anastasia,strategy_nearest,False,0.0026509761810302734,success
04CBCF4A9C4C80,0,['Arena'],Casa Giulietta,"['Centro Fotografia', 'Sighseeing', 'Torre Lamberti', 'Museo Conte', 'Museo Radio']",Duomo,strategy_nearest,False,0.0032470226287841797,success
04CBC64A9C4C80,3,"['Arena', 'Casa Giulietta']",Santa Anastasia,"['AMO', 'Museo Conte', 'Palazzo della Ragione', 'Teatro Romano', 'Centro Fotografia']",Teatro Romano,strategy_nearest,True,0.002763986587524414,success
04CBD13A9C4C80,1,"['Castelvecchio', 'Arena']",Casa Giulietta,"['Centro Fotografia', 'Sighseeing', 'Torre Lamberti', 'Museo Conte', 'Museo Radio']",Torre Lamberti,strategy_nearest,True,0.00308990478515625,success
04CBD14A9C4C80,0,"['Arena', 'Castelvecchio']",Casa Giulietta,"['Centro Fotografia', 'Sighseeing', 'Torre Lamberti', 'Museo Conte', 'Museo Radio']",Duomo,strategy_nearest,False,0.0029129981994628906,success
04CBD23A9C4C80,3,"['Arena', 'Torre Lamberti', 'Casa Giulietta']",Duomo,"['AMO', 'Museo Miniscalchi', 'Santa Anastasia', 'Teatro Romano', 'Palazzo della Ragione']",San Fermo,strategy_nearest,False,0.0024309158325195312,success
04CBEB4A9C4C80,3,['Arena'],Casa Giulietta,"['Centro Fotografia', 'Sighseeing', 'Torre Lamberti', 'Museo Conte', 'Museo Radio']",Santa Anastasia,strategy_nearest,False,0.002499103546142578,success
04CBD3429C4C80,3,"['Arena', 'Castelvecchio', 'Torre Lamberti', 'Casa Giulietta']",Museo Lapidario,"['Verona Tour', 'Museo Radio', 'San Fermo', 'Tomba Giulietta', 'Sighseeing']",San Zeno,strategy_nearest,False,0.002424001693725586,success
04CBE1429C4C80,3,"['Arena', 'Castelvecchio', 'San Fermo']",Santa Anastasia,"['AMO', 'Museo Conte', 'Palazzo della Ragione', 'Teatro Romano', 'Centro Fotografia']",Duomo,strategy_nearest,False,0.0033011436462402344,success
04CBF33A9C4C80,0,['Arena'],Casa Giulietta,"['Centro Fotografia', 'Sighseeing', 'Torre Lamberti', 'Museo Conte', 'Museo Radio']",Torre Lamberti,strategy_nearest,True,0.0031709671020507812,success
04CBF3429C4C80,0,"['Teatro Romano', 'Casa Giulietta']",Castelvecchio,"['Museo Lapidario', 'Verona Tour', 'Arena', 'Museo Radio', 'San Zeno']",San Zeno,strategy_nearest,True,0.0016741752624511719,success
04CBFC4A9C4C80,0,['Museo Lapidario'],Arena,"['Verona Tour', 'Museo Radio', 'San Fermo', 'Casa Giulietta', 'Sighseeing']",Casa Giulietta,strategy_nearest,True,0.0018889904022216797,success
04CBF34A9C4C80,0,['Arena'],Casa Giulietta,"['Centro Fotografia', 'Sighseeing', 'Torre Lamberti', 'Museo Conte', 'Museo Radio']",Tomba Giulietta,strategy_nearest,False,0.003484010696411133,success
04CBF74A9C4C80,1,['Arena'],Torre Lamberti,"['Sighseeing', 'Centro Fotografia', 'Museo Conte', 'Casa Giulietta', 'Palazzo della Ragione']",Palazzo della Ragione,strategy_nearest,True,0.004004955291748047,success
04CBFE4A9C4C80,3,"['Arena', 'Casa Giulietta']",Teatro Romano,"['Santa Anastasia', 'Duomo', 'AMO', 'Palazzo della Ragione', 'Museo Conte']",Santa Anastasia,strategy_nearest,True,0.002874135971069336,success
04CC003A9C4C84,0,['Arena'],Casa Giulietta,"['Centro Fotografia', 'Sighseeing', 'Torre Lamberti', 'Museo Conte', 'Museo Radio']",San Fermo,strategy_nearest,False,0.0027718544006347656,success
04CBFF4A9C4C80,0,['San Zeno'],Arena,"['Verona Tour', 'Museo Lapidario', 'Museo Radio', 'San Fermo', 'Casa Giulietta']",Casa Giulietta,strategy_nearest,True,0.002825021743774414,success
04CC014A9C4C84,1,['Arena'],Casa Giulietta,"['Centro Fotografia', 'Sighseeing', 'Torre Lamberti', 'Museo Conte', 'Museo Radio']",Palazzo della Ragione,strategy_nearest,False,0.0033419132232666016,success
04CC0A4A9C4C84,3,"['Museo Lapidario', 'San Zeno', 'Castelvecchio', 'Arena']",San Fermo,"['Museo Storia', 'Museo Radio', 'Casa Giulietta', 'Centro Fotografia', 'Sighseeing']",Casa Giulietta,strategy_nearest,True,0.0025548934936523438,success
04CC054A9C4C84,0,['Arena'],Casa Giulietta,"['Centro Fotografia', 'Sighseeing', 'Torre Lamberti', 'Museo Conte', 'Museo Radio']",Tomba Giulietta,strategy_nearest,False,0.0030889511108398438,success
04CC094A9C4C84,1,"['Arena', 'Casa Giulietta']",Torre Lamberti,"['Sighseeing', 'Centro Fotografia', 'Museo Conte', 'Palazzo della Ragione', 'AMO']",Palazzo della Ragione,strategy_nearest,True,0.0032579898834228516,success
04CC174A9C4C80,1,"['Casa Giulietta', 'Teatro Romano', 'Palazzo della Ragione']",Torre Lamberti,"['Sighseeing', 'Centro Fotografia', 'Museo Conte', 'AMO', 'Museo Miniscalchi']",Arena,strategy_nearest,False,0.0014209747314453125,success
04CC114A9C4C84,0,['Arena'],Casa Giulietta,"['Centro Fotografia', 'Sighseeing', 'Torre Lamberti', 'Museo Conte', 'Museo Radio']",Teatro Romano,strategy_nearest,False,0.0020918846130371094,success
04CC0C4A9C4C80,1,"['Arena', 'Santa Anastasia', 'Casa Giulietta', 'Duomo']",Castelvecchio,"['Museo Lapidario', 'Verona Tour', 'Museo Radio', 'San Zeno', 'Sighseeing']",San Zeno,strategy_nearest,True,0.004411935806274414,success
04CC123A9C4C80,3,"['Arena', 'Castelvecchio', 'Torre Lamberti']",Santa Anastasia,"['AMO', 'Museo Conte', 'Palazzo della Ragione', 'Teatro Romano', 'Centro Fotografia']",Duomo,strategy_nearest,False,0.0033559799194335938,success
04CC183A9C4C80,1,"['Arena', 'Museo Lapidario', 'Castelvecchio']",Santa Anastasia,"['AMO', 'Museo Conte', 'Palazzo della Ragione', 'Teatro Romano', 'Centro Fotografia']",Duomo,strategy_nearest,False,0.003448009490966797,success
04CC24429C4C84,1,"['Casa Giulietta', 'Palazzo della Ragione', 'Torre Lamberti', 'Arena', 'Castelvecchio']",Tomba Giulietta,"['San Fermo', 'Museo Storia', 'Museo Lapidario', 'Museo Radio', 'Verona Tour']",San Fermo,strategy_nearest,True,0.0014109611511230469,success
04CC1B429C4C84,3,"['Arena', 'Museo Lapidario']",Castelvecchio,"['Verona Tour', 'Museo Radio', 'San Zeno', 'Sighseeing', 'Museo Miniscalchi']",San Fermo,strategy_nearest,False,0.003428220748901367,success
04CC1E429C4C84,0,['Arena'],Casa Giulietta,"['Centro Fotografia', 'Sighseeing', 'Torre Lamberti', 'Museo Conte', 'Museo Radio']",Castelvecchio,strategy_nearest,False,0.0032868385314941406,success
04CC28429C4C84,0,"['Castelvecchio', 'Casa Giulietta']",Arena,"['Verona Tour', 'Museo Lapidario', 'Museo Radio', 'San Fermo', 'Sighseeing']",Torre Lamberti,strategy_nearest,False,0.00321197509765625,success
04CC254A9C4C80,3,"['Arena', 'Casa Giulietta', 'Santa Anastasia']",Duomo,"['AMO', 'Museo Miniscalchi', 'Teatro Romano', 'Palazzo della Ragione', 'Museo Conte']",Torre Lamberti,strategy_nearest,False,0.0016226768493652344,success
04CC274A9C4C80,3,"['San Zeno', 'Duomo', 'Santa Anastasia', 'Torre Lamberti']",Casa Giulietta,"['Centro Fotografia', 'Sighseeing', 'Museo Conte', 'Museo Radio', 'Palazzo della Ragione']",Arena,strategy_nearest,False,0.0020599365234375,success
04CC273A9C4C84,3,['Castelvecchio'],Arena,"['Verona Tour', 'Museo Lapidario', 'Museo Radio', 'San Fermo', 'Casa Giulietta']",Santa Anastasia,strategy_nearest,False,0.002836942672729492,success
04CC353A9C4C80,4,"['Castelvecchio', 'Arena', 'Casa Giulietta', 'Torre Lamberti']",Teatro Romano,"['Santa Anastasia', 'Duomo', 'AMO', 'Palazzo della Ragione', 'Museo Conte']",Duomo,strategy_nearest,True,0.0022611618041992188,success
04CC3A4A9C4C80,3,"['Arena', 'Duomo']",Teatro Romano,"['Santa Anastasia', 'AMO', 'Palazzo della Ragione', 'Museo Conte', 'Centro Fotografia']",San Zeno,strategy_nearest,False,0.003403186798095703,success
04CC2D3A9C4C80,3,['Arena'],Santa Anastasia,"['AMO', 'Museo Conte', 'Palazzo della Ragione', 'Teatro Romano', 'Centro Fotografia']",Duomo,strategy_nearest,False,0.0029039382934570312,success
04CC374A9C4C80,1,"['Arena', 'Museo Lapidario', 'Castelvecchio']",Torre Lamberti,"['Sighseeing', 'Centro Fotografia', 'Museo Conte', 'Casa Giulietta', 'Palazzo della Ragione']",Palazzo della Ragione,strategy_nearest,True,0.0015759468078613281,success
04CC503A9C4C80,0,['Casa Giulietta'],Castelvecchio,"['Museo Lapidario', 'Verona Tour', 'Arena', 'Museo Radio', 'San Zeno']",Arena,strategy_nearest,True,0.002196073532104492,success
04CC524A9C4C80,3,['Arena'],Casa Giulietta,"['Centro Fotografia', 'Sighseeing', 'Torre Lamberti', 'Museo Conte', 'Museo Radio']",Santa Anastasia,strategy_nearest,False,0.0029098987579345703,success
04CC4A429C4C80,0,['Casa Giulietta'],Torre Lamberti,"['Sighseeing', 'Centro Fotografia', 'Museo Conte', 'Palazzo della Ragione', 'AMO']",Arena,strategy_nearest,False,0.0016260147094726562,success
04CC563A9C4C80,3,"['Duomo', 'Santa Anastasia']",Casa Giulietta,"['Centro Fotografia', 'Sighseeing', 'Torre Lamberti', 'Museo Conte', 'Museo Radio']",Arena,strategy_nearest,False,0.003507852554321289,success
04CC623A9C4C80,1,"['Arena', 'Casa Giulietta', 'Duomo']",Museo Lapidario,"['Verona Tour', 'Castelvecchio', 'Museo Radio', 'San Fermo', 'Tomba Giulietta']",Torre Lamberti,strategy_nearest,False,0.001968860626220703,success
04CC764A9C4C80,3,"['Castelvecchio', 'Arena']",Casa Giulietta,"['Centro Fotografia', 'Sighseeing', 'Torre Lamberti', 'Museo Conte', 'Museo Radio']",Torre Lamberti,strategy_nearest,True,0.003339052200317383,success
04CC6D3A9C4C80,3,"['Castelvecchio', 'Arena', 'Casa Giulietta']",Tomba Giulietta,"['San Fermo', 'Museo Storia', 'Museo Lapidario', 'Museo Radio', 'Verona Tour']",Teatro Romano,strategy_nearest,False,0.0027022361755371094,success
04CC573A9C4C80,0,"['Arena', 'Tomba Giulietta']",Castelvecchio,"['Museo Lapidario', 'Verona Tour', 'Museo Radio', 'San Zeno', 'Sighseeing']",Torre Lamberti,strategy_nearest,False,0.0033321380615234375,success
04CC81429C4C80,3,"['Castelvecchio', 'Arena']",Casa Giulietta,"['Centro Fotografia', 'Sighseeing', 'Torre Lamberti', 'Museo Conte', 'Museo Radio']",Santa Anastasia,strategy_nearest,False,0.002766132354736328,success
04CC7B4A9C4C80,0,['Arena'],Casa Giulietta,"['Centro Fotografia', 'Sighseeing', 'Torre Lamberti', 'Museo Conte', 'Museo Radio']",Castelvecchio,strategy_nearest,False,0.003515958786010742,success
04CC774A9C4C80,0,['Arena'],Casa Giulietta,"['Centro Fotografia', 'Sighseeing', 'Torre Lamberti', 'Museo Conte', 'Museo Radio']",Castelvecchio,strategy_nearest,False,0.0018351078033447266,success
04CC7C4A9C4C80,3,"['Teatro Romano', 'Duomo', 'Santa Anastasia']",Torre Lamberti,"['Sighseeing', 'Centro Fotografia', 'Museo Conte', 'Casa Giulietta', 'Palazzo della Ragione']",Arena,strategy_nearest,False,0.002232789993286133,success
04CC9B429C4C80,0,"['Casa Giulietta', 'Torre Lamberti']",Arena,"['Verona Tour', 'Museo Lapidario', 'Museo Radio', 'San Fermo', 'Sighseeing']",Duomo,strategy_nearest,False,0.0015747547149658203,success
04CC98C27B3F80,0,['Casa Giulietta'],Torre Lamberti,"['Sighseeing', 'Centro Fotografia', 'Museo Conte', 'Palazzo della Ragione', 'AMO']",Teatro Romano,strategy_nearest,False,0.0028209686279296875,success
04CC8E429C4C80,0,['Arena'],Tomba Giulietta,"['San Fermo', 'Museo Storia', 'Museo Lapidario', 'Museo Radio', 'Verona Tour']",San Fermo,strategy_nearest,True,0.0028967857360839844,success
04CCA1429C4C80,0,['Arena'],Castelvecchio,"['Museo Lapidario', 'Verona Tour', 'Museo Radio', 'San Zeno', 'Sighseeing']",Casa Giulietta,strategy_nearest,False,0.0032541751861572266,success
04CCA34A9C4C80,1,"['Teatro Romano', 'Santa Anastasia', 'Arena']",Castelvecchio,"['Museo Lapidario', 'Verona Tour', 'Museo Radio', 'San Zeno', 'Sighseeing']",Casa Giulietta,strategy_nearest,False,0.002744913101196289,success
04CCA24A9C4C80,3,"['Arena', 'Museo Lapidario', 'Castelvecchio']",Santa Anastasia,"['AMO', 'Museo Conte', 'Palazzo della Ragione', 'Teatro Romano', 'Centro Fotografia']",Duomo,strategy_nearest,False,0.001390695571899414,success
04CCA2429C4C80,2,['Casa Giulietta'],San Fermo,"['Museo Storia', 'Museo Radio', 'Centro Fotografia', 'Arena', 'Sighseeing']",Tomba Giulietta,strategy_nearest,False,0.002777099609375,success
04CCA6429C4C80,1,"['Arena', 'Casa Giulietta']",Torre Lamberti,"['Sighseeing', 'Centro Fotografia', 'Museo Conte', 'Palazzo della Ragione', 'AMO']",Palazzo della Ragione,strategy_nearest,True,0.0032062530517578125,success
04CCB04A9C4C80,0,['Casa Giulietta'],Castelvecchio,"['Museo Lapidario', 'Verona Tour', 'Arena', 'Museo Radio', 'San Zeno']",Arena,strategy_nearest,True,0.0027701854705810547,success
04CCAD4A9C4C80,0,['Castelvecchio'],Casa Giulietta,"['Centro Fotografia', 'Sighseeing', 'Torre Lamberti', 'Museo Conte', 'Museo Radio']",Tomba Giulietta,strategy_nearest,False,0.003509044647216797,success
04CCB54A9C4C80,4,"['Arena', 'Tomba Giulietta', 'Museo Radio', 'Casa Giulietta']",Torre Lamberti,"['Sighseeing', 'Centro Fotografia', 'Museo Conte', 'Palazzo della Ragione', 'AMO']",Palazzo della Ragione,strategy_nearest,True,0.0032079219818115234,success
04CCB14A9C4C80,1,"['Arena', 'Casa Giulietta', 'Torre Lamberti']",Palazzo della Ragione,"['AMO', 'Museo Conte', 'Centro Fotografia', 'Sighseeing', 'Santa Anastasia']",Santa Anastasia,strategy_nearest,True,0.0014920234680175781,success
04CCC44A9C4C80,3,"['Castelvecchio', 'Museo Lapidario', 'Arena']",Torre Lamberti,"['Sighseeing', 'Centro Fotografia', 'Museo Conte', 'Casa Giulietta', 'Palazzo della Ragione']",Casa Giulietta,strategy_nearest,True,0.0020411014556884766,success
04CCC74A9C4C80,3,"['Arena', 'Museo Lapidario']",Casa Giulietta,"['Centro Fotografia', 'Sighseeing', 'Torre Lamberti', 'Museo Conte', 'Museo Radio']",Santa Anastasia,strategy_nearest,False,0.0014107227325439453,success
04CCB64A9C4C80,1,['Arena'],Palazzo della Ragione,"['AMO', 'Museo Conte', 'Torre Lamberti', 'Centro Fotografia', 'Sighseeing']",Torre Lamberti,strategy_nearest,True,0.002702951431274414,success
04CCD0429C4C80,1,['Arena'],Palazzo della Ragione,"['AMO', 'Museo Conte', 'Torre Lamberti', 'Centro Fotografia', 'Sighseeing']",Torre Lamberti,strategy_nearest,True,0.003498077392578125,success
04CCD14A9C4C80,0,['Arena'],Casa Giulietta,"['Centro Fotografia', 'Sighseeing', 'Torre Lamberti', 'Museo Conte', 'Museo Radio']",Teatro Romano,strategy_nearest,False,0.001992940902709961,success
04CCD6429C4C80,3,"['Arena', 'San Zeno', 'Torre Lamberti']",Teatro Romano,"['Santa Anastasia', 'Duomo', 'AMO', 'Palazzo della Ragione', 'Museo Conte']",Santa Anastasia,strategy_nearest,True,0.002584695816040039,success
04CCE3429C4C80,0,"['Arena', 'Museo Lapidario', 'Castelvecchio']",Casa Giulietta,"['Centro Fotografia', 'Sighseeing', 'Torre Lamberti', 'Museo Conte', 'Museo Radio']",San Fermo,strategy_nearest,False,0.002286672592163086,success
04CCD83A9C4C80,1,"['Arena', 'Casa Giulietta']",Palazzo della Ragione,"['AMO', 'Museo Conte', 'Torre Lamberti', 'Centro Fotografia', 'Sighseeing']",Torre Lamberti,strategy_nearest,True,0.003995180130004883,success
04CCE43A9C4C80,1,"['Duomo', 'Santa Anastasia']",Arena,"['Verona Tour', 'Museo Lapidario', 'Museo Radio', 'San Fermo', 'Casa Giulietta']",Castelvecchio,strategy_nearest,False,0.0022308826446533203,success
04CCF7429C4C80,0,['San Zeno'],Tomba Giulietta,"['San Fermo', 'Museo Storia', 'Arena', 'Museo Lapidario', 'Museo Radio']",Arena,strategy_nearest,True,0.002568960189819336,success
04CCF34A9C4C80,0,['Arena'],Casa Giulietta,"['Centro Fotografia', 'Sighseeing', 'Torre Lamberti', 'Museo Conte', 'Museo Radio']",Tomba Giulietta,strategy_nearest,False,0.002644777297973633,success
04CCFE4A9C4C80,3,"['Castelvecchio', 'Arena']",Casa Giulietta,"['Centro Fotografia', 'Sighseeing', 'Torre Lamberti', 'Museo Conte', 'Museo Radio']",Santa Anastasia,strategy_nearest,False,0.0029027462005615234,success
04CCF8429C4C80,3,"['Arena', 'Casa Giulietta']",Castelvecchio,"['Museo Lapidario', 'Verona Tour', 'Museo Radio', 'San Zeno', 'Sighseeing']",Santa Anastasia,strategy_nearest,False,0.0025022029876708984,success
04CD0A4A9C4C84,0,"['Arena', 'Castelvecchio']",Giardino Giusti,"['Santa Anastasia', 'Teatro Romano', 'Museo Conte', 'Centro Fotografia', 'Museo Storia']",Torre Lamberti,strategy_nearest,False,0.002007722854614258,success
04CD014A9C4C84,0,"['Tomba Giulietta', 'Casa Giulietta']",Arena,"['Verona Tour', 'Museo Lapidario', 'Museo Radio', 'San Fermo', 'Sighseeing']",Torre Lamberti,strategy_nearest,False,0.003426790237426758,success
04CD023A9C4C84,0,['Arena'],Museo Lapidario,"['Verona Tour', 'Castelvecchio', 'Museo Radio', 'San Fermo', 'Casa Giulietta']",Casa Giulietta,strategy_nearest,True,0.004142045974731445,success
04CD094A9C4C84,0,['Arena'],Casa Giulietta,"['Centro Fotografia', 'Sighseeing', 'Torre Lamberti', 'Museo Conte', 'Museo Radio']",Torre Lamberti,strategy_nearest,True,0.0015609264373779297,success
04CD0B4A9C4C84,0,['Arena'],Castelvecchio,"['Museo Lapidario', 'Verona Tour', 'Museo Radio', 'San Zeno', 'Sighseeing']",Casa Giulietta,strategy_nearest,False,0.0015461444854736328,success
04CD13429C4C84,3,"['Arena', 'Torre Lamberti']",Casa Giulietta,"['Centro Fotografia', 'Sighseeing', 'Museo Conte', 'Museo Radio', 'Palazzo della Ragione']",Castelvecchio,strategy_nearest,False,0.002439737319946289,success
04CD164A9C4C80,1,"['Arena', 'Museo Lapidario', 'Casa Giulietta']",Torre Lamberti,"['Sighseeing', 'Centro Fotografia', 'Museo Conte', 'Palazzo della Ragione', 'AMO']",Palazzo della Ragione,strategy_nearest,True,0.0018329620361328125,success
04CD15429C4C84,1,"['Santa Anastasia', 'San Fermo', 'Arena']",Castelvecchio,"['Museo Lapidario', 'Verona Tour', 'Museo Radio', 'San Zeno', 'Sighseeing']",Palazzo della Ragione,strategy_nearest,False,0.003278017044067383,success
04CD194A9C4C80,3,['Arena'],Casa Giulietta,"['Centro Fotografia', 'Sighseeing', 'Torre Lamberti', 'Museo Conte', 'Museo Radio']",Torre Lamberti,strategy_nearest,True,0.0030672550201416016,success
04CD1A4A9C4C80,3,"['Arena', 'Casa Giulietta']",Santa Anastasia,"['AMO', 'Museo Conte', 'Palazzo della Ragione', 'Teatro Romano', 'Centro Fotografia']",Teatro Romano,strategy_nearest,True,0.0023980140686035156,success
04CD2D3A9C4C80,2,['Casa Giulietta'],Torre Lamberti,"['Sighseeing', 'Centro Fotografia', 'Museo Conte', 'Palazzo della Ragione', 'AMO']",San Fermo,strategy_nearest,False,0.001332998275756836,success
04CD204A9C4C80,1,"['Arena', 'Torre Lamberti', 'Palazzo della Ragione', 'Castelvecchio', 'Duomo']",Teatro Romano,"['Santa Anastasia', 'AMO', 'Museo Conte', 'Centro Fotografia', 'Museo Miniscalchi']",Santa Anastasia,strategy_nearest,True,0.003421783447265625,success
04CD33429C4C80,0,"['Teatro Romano', 'Castelvecchio']",Casa Giulietta,"['Centro Fotografia', 'Sighseeing', 'Torre Lamberti', 'Museo Conte', 'Museo Radio']",Museo Storia,strategy_nearest,False,0.0032329559326171875,success
04CD273A9C4C84,3,"['Duomo', 'Teatro Romano']",Arena,"['Verona Tour', 'Museo Lapidario', 'Museo Radio', 'San Fermo', 'Casa Giulietta']",San Zeno,strategy_nearest,False,0.003985881805419922,success
04CD3A4A9C4C80,3,"['Castelvecchio', 'Teatro Romano']",Santa Anastasia,"['AMO', 'Museo Conte', 'Palazzo della Ragione', 'Centro Fotografia', 'Duomo']",Torre Lamberti,strategy_nearest,False,0.0027840137481689453,success
04CD37429C4C80,3,"['Arena', 'Casa Giulietta']",Santa Anastasia,"['AMO', 'Museo Conte', 'Palazzo della Ragione', 'Teatro Romano', 'Centro Fotografia']",Duomo,strategy_nearest,False,0.0028998851776123047,success
04CD44429C4C80,1,"['Palazzo della Ragione', 'Torre Lamberti']",Casa Giulietta,"['Centro Fotografia', 'Sighseeing', 'Museo Conte', 'Museo Radio', 'San Fermo']",Arena,strategy_nearest,False,0.003299236297607422,success
04CD384A9C4C80,3,"['Arena', 'San Fermo', 'Casa Giulietta']",Santa Anastasia,"['AMO', 'Museo Conte', 'Palazzo della Ragione', 'Teatro Romano', 'Centro Fotografia']",Castelvecchio,strategy_nearest,False,0.0016620159149169922,success
04CD803A9C4C80,1,"['San Zeno', 'Santa Anastasia']",Palazzo della Ragione,"['AMO', 'Museo Conte', 'Torre Lamberti', 'Centro Fotografia', 'Sighseeing']",Torre Lamberti,strategy_nearest,True,0.002022981643676758,success
04CD45429C4C80,1,"['Torre Lamberti', 'Palazzo della Ragione', 'Santa Anastasia']",Teatro Romano,"['Duomo', 'AMO', 'Museo Conte', 'Centro Fotografia', 'Museo Miniscalchi']",Duomo,strategy_nearest,True,0.0034508705139160156,success
04CD774A9C4C80,2,"['San Zeno', 'Duomo', 'Santa Anastasia', 'Torre Lamberti']",Casa Giulietta,"['Centro Fotografia', 'Sighseeing', 'Museo Conte', 'Museo Radio', 'Palazzo della Ragione']",Castelvecchio,strategy_nearest,False,0.0015869140625,success
04CD4B429C4C80,0,"['San Zeno', 'Castelvecchio']",Arena,"['Verona Tour', 'Museo Lapidario', 'Museo Radio', 'San Fermo', 'Casa Giulietta']",Duomo,strategy_nearest,False,0.0028111934661865234,success
04CD8C4A9C4C80,3,"['Arena', 'Casa Giulietta']",Santa Anastasia,"['AMO', 'Museo Conte', 'Palazzo della Ragione', 'Teatro Romano', 'Centro Fotografia']",Teatro Romano,strategy_nearest,True,0.002862215042114258,success
04CDA3429C4C80,1,"['Arena', 'Casa Giulietta', 'Torre Lamberti']",Palazzo della Ragione,"['AMO', 'Museo Conte', 'Centro Fotografia', 'Sighseeing', 'Santa Anastasia']",Santa Anastasia,strategy_nearest,True,0.002178192138671875,success
04CDA63A9C4C80,3,"['Santa Anastasia', 'Duomo', 'Teatro Romano']",Casa Giulietta,"['Centro Fotografia', 'Sighseeing', 'Torre Lamberti', 'Museo Conte', 'Museo Radio']",Arena,strategy_nearest,False,0.0014739036560058594,success
04CDA04A9C4C80,0,"['Castelvecchio', 'Arena']",Torre Lamberti,"['Sighseeing', 'Centro Fotografia', 'Museo Conte', 'Casa Giulietta', 'Palazzo della Ragione']",Casa Giulietta,strategy_nearest,True,0.0034461021423339844,success
04CDBB4A9C4C80,3,['Arena'],Casa Giulietta,"['Centro Fotografia', 'Sighseeing', 'Torre Lamberti', 'Museo Conte', 'Museo Radio']",Santa Anastasia,strategy_nearest,False,0.0013380050659179688,success
04CDBD4A9C4C80,3,"['Arena', 'Casa Giulietta', 'Torre Lamberti']",Santa Anastasia,"['AMO', 'Museo Conte', 'Palazzo della Ragione', 'Teatro Romano', 'Centro Fotografia']",Duomo,strategy_nearest,False,0.0032508373260498047,success
04CDAD4A9C4C80,2,['Casa Giulietta'],Palazzo della Ragione,"['AMO', 'Museo Conte', 'Torre Lamberti', 'Centro Fotografia', 'Sighseeing']",Duomo,strategy_nearest,False,0.0028150081634521484,success
04CDAA429C4C80,2,['Casa Giulietta'],Torre Lamberti,"['Sighseeing', 'Centro Fotografia', 'Museo Conte', 'Palazzo della Ragione', 'AMO']",Teatro Romano,strategy_nearest,False,0.002267122268676758,success
04CDD13A9C4C80,1,"['Arena', 'Casa Giulietta', 'Torre Lamberti']",Santa Anastasia,"['AMO', 'Museo Conte', 'Palazzo della Ragione', 'Teatro Romano', 'Centro Fotografia']",Duomo,strategy_nearest,False,0.0028700828552246094,success
04CDD73A9C4C80,1,"['Arena', 'Santa Anastasia', 'Duomo']",San Fermo,"['Museo Storia', 'Museo Radio', 'Casa Giulietta', 'Centro Fotografia', 'Sighseeing']",Torre Lamberti,strategy_nearest,False,0.00269317626953125,success
04CDD14A9C4C80,0,['Arena'],Duomo,"['AMO', 'Museo Miniscalchi', 'Santa Anastasia', 'Teatro Romano', 'Palazzo della Ragione']",Castelvecchio,strategy_nearest,False,0.0016489028930664062,success
04CDD24A9C4C80,2,['Torre Lamberti'],Casa Giulietta,"['Centro Fotografia', 'Sighseeing', 'Museo Conte', 'Museo Radio', 'Palazzo della Ragione']",Teatro Romano,strategy_nearest,False,0.0034439563751220703,success
04CDE3429C4C80,0,"['Arena', 'Museo Lapidario']",Casa Giulietta,"['Centro Fotografia', 'Sighseeing', 'Torre Lamberti', 'Museo Conte', 'Museo Radio']",Torre Lamberti,strategy_nearest,True,0.0027120113372802734,success
04CDDE429C4C80,0,['Casa Giulietta'],Arena,"['Verona Tour', 'Museo Lapidario', 'Museo Radio', 'San Fermo', 'Sighseeing']",Castelvecchio,strategy_nearest,False,0.0033311843872070312,success
04CDD8429C4C80,0,['Arena'],San Fermo,"['Museo Storia', 'Museo Radio', 'Casa Giulietta', 'Centro Fotografia', 'Sighseeing']",Duomo,strategy_nearest,False,0.002846956253051758,success
04CDEB429C4C80,1,"['Arena', 'Casa Giulietta', 'Torre Lamberti', 'Palazzo della Ragione']",Tomba Giulietta,"['San Fermo', 'Museo Storia', 'Museo Lapidario', 'Museo Radio', 'Verona Tour']",Santa Anastasia,strategy_nearest,False,0.0021049976348876953,success
04CDF4429C4C80,3,"['Arena', 'Santa Anastasia', 'Teatro Romano']",Giardino Giusti,"['Museo Conte', 'Centro Fotografia', 'Museo Storia', 'AMO', 'Casa Giulietta']",San Zeno,strategy_nearest,False,0.0028841495513916016,success
04CDF5429C4C80,1,"['Tomba Giulietta', 'Arena', 'San Fermo', 'Casa Giulietta']",Torre Lamberti,"['Sighseeing', 'Centro Fotografia', 'Museo Conte', 'Palazzo della Ragione', 'AMO']",Palazzo della Ragione,strategy_nearest,True,0.001516103744506836,success
04CDF14A9C4C80,3,['Arena'],Torre Lamberti,"['Sighseeing', 'Centro Fotografia', 'Museo Conte', 'Casa Giulietta', 'Palazzo della Ragione']",Santa Anastasia,strategy_nearest,False,0.003507852554321289,success
04CDF6429C4C80,3,"['Arena', 'Castelvecchio', 'Torre Lamberti']",Santa Anastasia,"['AMO', 'Museo Conte', 'Palazzo della Ragione', 'Teatro Romano', 'Centro Fotografia']",Duomo,strategy_nearest,False,0.0020608901977539062,success
04CDF74A9C4C80,0,['Arena'],Casa Giulietta,"['Centro Fotografia', 'Sighseeing', 'Torre Lamberti', 'Museo Conte', 'Museo Radio']",Santa Anastasia,strategy_nearest,False,0.0020020008087158203,success
04CE054A9C4C84,3,"['Castelvecchio', 'Arena']",Torre Lamberti,"['Sighseeing', 'Centro Fotografia', 'Museo Conte', 'Casa Giulietta', 'Palazzo della Ragione']",Casa Giulietta,strategy_nearest,True,0.0025620460510253906,success
04CE06429C4C84,1,"['Palazzo della Ragione', 'Torre Lamberti']",Casa Giulietta,"['Centro Fotografia', 'Sighseeing', 'Museo Conte', 'Museo Radio', 'San Fermo']",Castelvecchio,strategy_nearest,False,0.0033180713653564453,success
04CDFD4A9C4C80,4,"['Tomba Giulietta', 'Museo Radio']",Museo Storia,"['San Fermo', 'Casa Giulietta', 'Centro Fotografia', 'Arena', 'Torre Lamberti']",Castelvecchio,strategy_nearest,False,0.0013861656188964844,success
04CE07429C4C84,0,"['Arena', 'Tomba Giulietta']",Casa Giulietta,"['Centro Fotografia', 'Sighseeing', 'Torre Lamberti', 'Museo Conte', 'Museo Radio']",Castelvecchio,strategy_nearest,False,0.0017347335815429688,success
04CE0A4A9C4C84,3,"['Arena', 'Castelvecchio']",Casa Giulietta,"['Centro Fotografia', 'Sighseeing', 'Torre Lamberti', 'Museo Conte', 'Museo Radio']",Torre Lamberti,strategy_nearest,True,0.0030281543731689453,success
04CE0B4A9C4C84,3,"['San Zeno', 'Castelvecchio', 'Arena']",Casa Giulietta,"['Centro Fotografia', 'Sighseeing', 'Torre Lamberti', 'Museo Conte', 'Museo Radio']",Torre Lamberti,strategy_nearest,True,0.003380298614501953,success
04CE094A9C4C84,1,['Arena'],Castelvecchio,"['Museo Lapidario', 'Verona Tour', 'Museo Radio', 'San Zeno', 'Sighseeing']",Torre Lamberti,strategy_nearest,False,0.0020101070404052734,success
04CE0D429C4C84,0,"['Arena', 'Torre Lamberti']",Casa Giulietta,"['Centro Fotografia', 'Sighseeing', 'Museo Conte', 'Museo Radio', 'Palazzo della Ragione']",Museo Lapidario,strategy_nearest,False,0.003203153610229492,success
04CE13429C4C84,3,"['Arena', 'Tomba Giulietta', 'Casa Giulietta']",Santa Anastasia,"['AMO', 'Museo Conte', 'Palazzo della Ragione', 'Teatro Romano', 'Centro Fotografia']",Castelvecchio,strategy_nearest,False,0.0034749507904052734,success
04CE144A9C4C80,3,"['Arena', 'Santa Anastasia', 'Casa Giulietta']",San Fermo,"['Museo Storia', 'Museo Radio', 'Centro Fotografia', 'Sighseeing', 'Torre Lamberti']",Duomo,strategy_nearest,False,0.0015668869018554688,success
04CE104A9C4C84,1,"['Arena', 'Teatro Romano', 'Palazzo della Ragione']",Torre Lamberti,"['Sighseeing', 'Centro Fotografia', 'Museo Conte', 'Casa Giulietta', 'AMO']",Casa Giulietta,strategy_nearest,True,0.0042629241943359375,success
04CE15429C4C84,0,['Arena'],Museo Lapidario,"['Verona Tour', 'Castelvecchio', 'Museo Radio', 'San Fermo', 'Casa Giulietta']",Castelvecchio,strategy_nearest,True,0.0021240711212158203,success
04CE7D4A9C4C80,0,['Arena'],Casa Giulietta,"['Centro Fotografia', 'Sighseeing', 'Torre Lamberti', 'Museo Conte', 'Museo Radio']",Duomo,strategy_nearest,False,0.0033941268920898438,success
04CE1C429C4C84,1,"['Santa Anastasia', 'San Fermo', 'Arena']",Castelvecchio,"['Museo Lapidario', 'Verona Tour', 'Museo Radio', 'San Zeno', 'Sighseeing']",Palazzo della Ragione,strategy_nearest,False,0.0018758773803710938,success
04CE2D3A9C4C80,1,"['Palazzo della Ragione', 'Torre Lamberti', 'Casa Giulietta', 'Duomo']",Santa Anastasia,"['AMO', 'Museo Conte', 'Teatro Romano', 'Centro Fotografia', 'Sighseeing']",Teatro Romano,strategy_nearest,True,0.0029706954956054688,success
04CE25429C4C84,2,"['Museo Lapidario', 'Torre Lamberti', 'Casa Giulietta']",San Fermo,"['Museo Storia', 'Museo Radio', 'Centro Fotografia', 'Arena', 'Sighseeing']",Castelvecchio,strategy_nearest,False,0.0023870468139648438,success
04CE883A9C4C80,1,"['Arena', 'Casa Giulietta', 'Palazzo della Ragione']",Torre Lamberti,"['Sighseeing', 'Centro Fotografia', 'Museo Conte', 'AMO', 'Museo Miniscalchi']",Teatro Romano,strategy_nearest,False,0.0014317035675048828,success
04CE914A9C4C80,1,"['Torre Lamberti', 'Palazzo della Ragione']",Arena,"['Verona Tour', 'Museo Lapidario', 'Museo Radio', 'San Fermo', 'Casa Giulietta']",Casa Giulietta,strategy_nearest,True,0.003300189971923828,success
04CE904A9C4C80,2,"['Castelvecchio', 'San Zeno', 'Santa Anastasia']",Casa Giulietta,"['Centro Fotografia', 'Sighseeing', 'Torre Lamberti', 'Museo Conte', 'Museo Radio']",San Fermo,strategy_nearest,False,0.0020759105682373047,success
04CE8F4A9C4C80,0,['Arena'],Teatro Romano,"['Santa Anastasia', 'Duomo', 'AMO', 'Palazzo della Ragione', 'Museo Conte']",Casa Giulietta,strategy_nearest,False,0.0028629302978515625,success
04CEA2429C4C80,0,['Casa Giulietta'],Arena,"['Verona Tour', 'Museo Lapidario', 'Museo Radio', 'San Fermo', 'Sighseeing']",Castelvecchio,strategy_nearest,False,0.0020830631256103516,success
04CE99429C4C80,0,"['Casa Giulietta', 'Arena']",Castelvecchio,"['Museo Lapidario', 'Verona Tour', 'Museo Radio', 'San Zeno', 'Sighseeing']",Tomba Giulietta,strategy_nearest,False,0.002734661102294922,success
04CE9E429C4C80,3,"['Arena', 'Casa Giulietta']",Torre Lamberti,"['Sighseeing', 'Centro Fotografia', 'Museo Conte', 'Palazzo della Ragione', 'AMO']",Tomba Giulietta,strategy_nearest,False,0.0033330917358398438,success
04CE954A9C4C80,0,['Arena'],Casa Giulietta,"['Centro Fotografia', 'Sighseeing', 'Torre Lamberti', 'Museo Conte', 'Museo Radio']",Tomba Giulietta,strategy_nearest,False,0.0028138160705566406,success
04CEAD4A9C4C80,1,"['Arena', 'Museo Lapidario', 'Torre Lamberti']",Palazzo della Ragione,"['AMO', 'Museo Conte', 'Centro Fotografia', 'Sighseeing', 'Santa Anastasia']",Casa Giulietta,strategy_nearest,False,0.0021772384643554688,success
04CEAD3A9C4C80,0,['Arena'],Casa Giulietta,"['Centro Fotografia', 'Sighseeing', 'Torre Lamberti', 'Museo Conte', 'Museo Radio']",Castelvecchio,strategy_nearest,False,0.003574848175048828,success
04CEA83A9C4C80,1,"['Santa Anastasia', 'Palazzo della Ragione']",Torre Lamberti,"['Sighseeing', 'Centro Fotografia', 'Museo Conte', 'Casa Giulietta', 'AMO']",Casa Giulietta,strategy_nearest,True,0.0020558834075927734,success
04CEAE4A9C4C80,2,['Casa Giulietta'],Torre Lamberti,"['Sighseeing', 'Centro Fotografia', 'Museo Conte', 'Palazzo della Ragione', 'AMO']",Palazzo della Ragione,strategy_nearest,True,0.0027513504028320312,success
04CEB04A9C4C80,3,"['Castelvecchio', 'San Zeno', 'Arena']",Casa Giulietta,"['Centro Fotografia', 'Sighseeing', 'Torre Lamberti', 'Museo Conte', 'Museo Radio']",Torre Lamberti,strategy_nearest,True,0.0022330284118652344,success
04CEB24A9C4C80,0,['Arena'],Castelvecchio,"['Museo Lapidario', 'Verona Tour', 'Museo Radio', 'San Zeno', 'Sighseeing']",Torre Lamberti,strategy_nearest,False,0.002834320068359375,success
04CEB3429C4C80,0,['Arena'],Casa Giulietta,"['Centro Fotografia', 'Sighseeing', 'Torre Lamberti', 'Museo Conte', 'Museo Radio']",Castelvecchio,strategy_nearest,False,0.001993894577026367,success
04CEB63A9C4C80,1,"['Palazzo della Ragione', 'Torre Lamberti', 'Santa Anastasia']",Duomo,"['AMO', 'Museo Miniscalchi', 'Teatro Romano', 'Museo Conte', 'Centro Fotografia']",Casa Giulietta,strategy_nearest,False,0.0027887821197509766,success
04CEB73A9C4C80,2,"['Casa Giulietta', 'Tomba Giulietta']",Castelvecchio,"['Museo Lapidario', 'Verona Tour', 'Arena', 'Museo Radio', 'San Zeno']",Santa Anastasia,strategy_nearest,False,0.0031168460845947266,success
04CECA4A9C4C80,3,"['Torre Lamberti', 'Santa Anastasia', 'Duomo']",Casa Giulietta,"['Centro Fotografia', 'Sighseeing', 'Museo Conte', 'Museo Radio', 'Palazzo della Ragione']",San Fermo,strategy_nearest,False,0.0026171207427978516,success
04CEBB429C4C80,3,"['Arena', 'Museo Lapidario']",Casa Giulietta,"['Centro Fotografia', 'Sighseeing', 'Torre Lamberti', 'Museo Conte', 'Museo Radio']",Torre Lamberti,strategy_nearest,True,0.0034379959106445312,success
04CEC84A9C4C80,1,['Arena'],Casa Giulietta,"['Centro Fotografia', 'Sighseeing', 'Torre Lamberti', 'Museo Conte', 'Museo Radio']",Palazzo della Ragione,strategy_nearest,False,0.0014567375183105469,success
04CEBF3A9C4C80,2,"['Tomba Giulietta', 'Museo Lapidario', 'Castelvecchio', 'Teatro Romano']",Duomo,"['AMO', 'Museo Miniscalchi', 'Santa Anastasia', 'Palazzo della Ragione', 'Museo Conte']",Santa Anastasia,strategy_nearest,True,0.003987789154052734,success
04CECC4A9C4C80,1,"['Arena', 'Palazzo della Ragione']",Torre Lamberti,"['Sighseeing', 'Centro Fotografia', 'Museo Conte', 'Casa Giulietta', 'AMO']",Casa Giulietta,strategy_nearest,True,0.002950906753540039,success
04CECB3A9C4C80,1,"['Castelvecchio', 'Arena']",Palazzo della Ragione,"['AMO', 'Museo Conte', 'Torre Lamberti', 'Centro Fotografia', 'Sighseeing']",Santa Anastasia,strategy_nearest,False,0.002972841262817383,success
04CECF4A9C4C80,3,['San Zeno'],Torre Lamberti,"['Sighseeing', 'Centro Fotografia', 'Museo Conte', 'Casa Giulietta', 'Palazzo della Ragione']",Duomo,strategy_nearest,False,0.0034520626068115234,success
04CED14A9C4C80,3,"['Arena', 'San Fermo']",Casa Giulietta,"['Centro Fotografia', 'Sighseeing', 'Torre Lamberti', 'Museo Conte', 'Museo Radio']",Santa Anastasia,strategy_nearest,False,0.0015621185302734375,success
04CED43A9C4C80,0,['Arena'],Casa Giulietta,"['Centro Fotografia', 'Sighseeing', 'Torre Lamberti', 'Museo Conte', 'Museo Radio']",Torre Lamberti,strategy_nearest,True,0.0014598369598388672,success
04CED24A9C4C80,1,"['Arena', 'Casa Giulietta', 'Torre Lamberti']",Palazzo della Ragione,"['AMO', 'Museo Conte', 'Centro Fotografia', 'Sighseeing', 'Santa Anastasia']",Santa Anastasia,strategy_nearest,True,0.0022521018981933594,success
04CEE5429C4C80,0,['Arena'],Casa Giulietta,"['Centro Fotografia', 'Sighseeing', 'Torre Lamberti', 'Museo Conte', 'Museo Radio']",Giardino Giusti,strategy_nearest,False,0.0033948421478271484,success
04CED93A9C4C80,1,"['Teatro Romano', 'Duomo', 'Santa Anastasia', 'Torre Lamberti']",Palazzo della Ragione,"['AMO', 'Museo Conte', 'Centro Fotografia', 'Sighseeing', 'Museo Miniscalchi']",Castelvecchio,strategy_nearest,False,0.0026929378509521484,success
04CEEE4A9C4C80,3,['Arena'],Santa Anastasia,"['AMO', 'Museo Conte', 'Palazzo della Ragione', 'Teatro Romano', 'Centro Fotografia']",Torre Lamberti,strategy_nearest,False,0.002733945846557617,success
04CEEE3A9C4C80,1,"['Castelvecchio', 'Torre Lamberti', 'Palazzo della Ragione', 'Santa Anastasia']",Teatro Romano,"['Duomo', 'AMO', 'Museo Conte', 'Centro Fotografia', 'Museo Miniscalchi']",Duomo,strategy_nearest,True,0.0027740001678466797,success
04CEF03A9C4C80,0,"['Arena', 'Casa Giulietta']",Teatro Romano,"['Santa Anastasia', 'Duomo', 'AMO', 'Palazzo della Ragione', 'Museo Conte']",Duomo,strategy_nearest,True,0.0025839805603027344,success
04CEF34A9C4C80,0,['Arena'],Casa Giulietta,"['Centro Fotografia', 'Sighseeing', 'Torre Lamberti', 'Museo Conte', 'Museo Radio']",Castelvecchio,strategy_nearest,False,0.0025169849395751953,success
04CEF24A9C4C80,3,"['Arena', 'Casa Giulietta']",Torre Lamberti,"['Sighseeing', 'Centro Fotografia', 'Museo Conte', 'Palazzo della Ragione', 'AMO']",Santa Anastasia,strategy_nearest,False,0.003461122512817383,success
04CEF6429C4C80,0,"['Arena', 'Casa Giulietta']",Torre Lamberti,"['Sighseeing', 'Centro Fotografia', 'Museo Conte', 'Palazzo della Ragione', 'AMO']",Castelvecchio,strategy_nearest,False,0.0035049915313720703,success
04CEF84A9C4C80,3,"['Arena', 'Teatro Romano']",Duomo,"['AMO', 'Museo Miniscalchi', 'Santa Anastasia', 'Palazzo della Ragione', 'Museo Conte']",Casa Giulietta,strategy_nearest,False,0.0019168853759765625,success
04CEFC4A9C4C80,0,['Arena'],Teatro Romano,"['Santa Anastasia', 'Duomo', 'AMO', 'Palazzo della Ragione', 'Museo Conte']",Castelvecchio,strategy_nearest,False,0.0026519298553466797,success
04CF004A9C4C84,0,['Arena'],Casa Giulietta,"['Centro Fotografia', 'Sighseeing', 'Torre Lamberti', 'Museo Conte', 'Museo Radio']",Torre Lamberti,strategy_nearest,True,0.0032892227172851562,success
04CF014A9C4C84,3,"['Arena', 'Casa Giulietta', 'Torre Lamberti']",Santa Anastasia,"['AMO', 'Museo Conte', 'Palazzo della Ragione', 'Teatro Romano', 'Centro Fotografia']",Duomo,strategy_nearest,False,0.0023658275604248047,success
04CF06429C4C84,0,['Arena'],Casa Giulietta,"['Centro Fotografia', 'Sighseeing', 'Torre Lamberti', 'Museo Conte', 'Museo Radio']",Torre Lamberti,strategy_nearest,True,0.0031981468200683594,success
04CF0B429C4C84,1,"['Arena', 'Duomo', 'Castelvecchio']",Museo Lapidario,"['Verona Tour', 'Museo Radio', 'San Fermo', 'Casa Giulietta', 'Tomba Giulietta']",Casa Giulietta,strategy_nearest,True,0.0030450820922851562,success
04CF104A9C4C84,2,['Tomba Giulietta'],Casa Giulietta,"['Centro Fotografia', 'Sighseeing', 'Torre Lamberti', 'Museo Conte', 'Museo Radio']",Santa Anastasia,strategy_nearest,False,0.0026679039001464844,success
04CF0C429C4C84,1,"['San Zeno', 'Castelvecchio', 'Casa Giulietta', 'Arena', 'Torre Lamberti']",Palazzo della Ragione,"['AMO', 'Museo Conte', 'Centro Fotografia', 'Sighseeing', 'Santa Anastasia']",Duomo,strategy_nearest,False,0.0035598278045654297,success
04CF13429C4C84,0,"['Arena', 'Castelvecchio']",Casa Giulietta,"['Centro Fotografia', 'Sighseeing', 'Torre Lamberti', 'Museo Conte', 'Museo Radio']",Teatro Romano,strategy_nearest,False,0.0031049251556396484,success
04CF18429C4C84,1,"['Duomo', 'Teatro Romano', 'Casa Giulietta', 'Arena', 'Tomba Giulietta']",San Fermo,"['Museo Storia', 'Museo Radio', 'Centro Fotografia', 'Sighseeing', 'Torre Lamberti']",Torre Lamberti,strategy_nearest,True,0.003954887390136719,success
04CF1E3A9C4C80,0,['Arena'],Casa Giulietta,"['Centro Fotografia', 'Sighseeing', 'Torre Lamberti', 'Museo Conte', 'Museo Radio']",Teatro Romano,strategy_nearest,False,0.001332998275756836,success
04CF1C429C4C84,1,['Palazzo della Ragione'],Torre Lamberti,"['Sighseeing', 'Centro Fotografia', 'Museo Conte', 'Casa Giulietta', 'AMO']",Arena,strategy_nearest,False,0.0031528472900390625,success
04CF27429C4C84,1,"['Arena', 'Tomba Giulietta']",Castelvecchio,"['Museo Lapidario', 'Verona Tour', 'Museo Radio', 'San Zeno', 'Sighseeing']",San Zeno,strategy_nearest,True,0.003422975540161133,success
04CF3F3A9C4C80,2,"['San Fermo', 'Torre Lamberti']",Duomo,"['AMO', 'Museo Miniscalchi', 'Santa Anastasia', 'Teatro Romano', 'Palazzo della Ragione']",Teatro Romano,strategy_nearest,True,0.0020339488983154297,success
04CF2D429C4C80,0,"['Arena', 'Torre Lamberti']",Casa Giulietta,"['Centro Fotografia', 'Sighseeing', 'Museo Conte', 'Museo Radio', 'Palazzo della Ragione']",Castelvecchio,strategy_nearest,False,0.003398895263671875,success
04CF403A9C4C80,3,"['Arena', 'Casa Giulietta', 'Torre Lamberti']",Santa Anastasia,"['AMO', 'Museo Conte', 'Palazzo della Ragione', 'Teatro Romano', 'Centro Fotografia']",Teatro Romano,strategy_nearest,True,0.0020170211791992188,success
04CF3B4A9C4C80,3,"['Santa Anastasia', 'Casa Giulietta']",Arena,"['Verona Tour', 'Museo Lapidario', 'Museo Radio', 'San Fermo', 'Sighseeing']",Castelvecchio,strategy_nearest,False,0.0039861202239990234,success
04CF573A9C4C80,2,['Teatro Romano'],Santa Anastasia,"['AMO', 'Museo Conte', 'Palazzo della Ragione', 'Centro Fotografia', 'Duomo']",Palazzo della Ragione,strategy_nearest,True,0.0017800331115722656,success
04CF423A9C4C80,3,"['San Zeno', 'Castelvecchio', 'Casa Giulietta']",Arena,"['Verona Tour', 'Museo Lapidario', 'Museo Radio', 'San Fermo', 'Sighseeing']",Torre Lamberti,strategy_nearest,False,0.002766847610473633,success
04CF504A9C4C80,0,['Arena'],Casa Giulietta,"['Centro Fotografia', 'Sighseeing', 'Torre Lamberti', 'Museo Conte', 'Museo Radio']",Castelvecchio,strategy_nearest,False,0.0014407634735107422,success
04CF45429C4C80,1,"['Casa Giulietta', 'Torre Lamberti']",Palazzo della Ragione,"['AMO', 'Museo Conte', 'Centro Fotografia', 'Sighseeing', 'Santa Anastasia']",Santa Anastasia,strategy_nearest,True,0.0033240318298339844,success
04CF754A9C4C80,3,"['Arena', 'Casa Giulietta']",Santa Anastasia,"['AMO', 'Museo Conte', 'Palazzo della Ragione', 'Teatro Romano', 'Centro Fotografia']",Duomo,strategy_nearest,False,0.0014078617095947266,success
04CF574A9C4C80,0,['Arena'],Casa Giulietta,"['Centro Fotografia', 'Sighseeing', 'Torre Lamberti', 'Museo Conte', 'Museo Radio']",Castelvecchio,strategy_nearest,False,0.0027811527252197266,success
04CF583A9C4C80,3,"['Arena', 'San Fermo', 'Casa Giulietta']",Santa Anastasia,"['AMO', 'Museo Conte', 'Palazzo della Ragione', 'Teatro Romano', 'Centro Fotografia']",Castelvecchio,strategy_nearest,False,0.0034821033477783203,success
04CF5A3A9C4C80,3,"['Arena', 'Casa Giulietta']",San Fermo,"['Museo Storia', 'Museo Radio', 'Centro Fotografia', 'Sighseeing', 'Torre Lamberti']",Tomba Giulietta,strategy_nearest,False,0.002137899398803711,success
04CF844A9C4C80,1,"['Arena', 'Casa Giulietta']",Torre Lamberti,"['Sighseeing', 'Centro Fotografia', 'Museo Conte', 'Palazzo della Ragione', 'AMO']",Palazzo della Ragione,strategy_nearest,True,0.003208160400390625,success
04CF7D4A9C4C80,2,['Duomo'],Castelvecchio,"['Museo Lapidario', 'Verona Tour', 'Arena', 'Museo Radio', 'San Zeno']",Teatro Romano,strategy_nearest,False,0.0033750534057617188,success
04CF7E429C4C80,2,"['Casa Giulietta', 'Palazzo della Ragione']",Torre Lamberti,"['Sighseeing', 'Centro Fotografia', 'Museo Conte', 'AMO', 'Museo Miniscalchi']",Santa Anastasia,strategy_nearest,False,0.002729177474975586,success
04CF7F3A9C4C80,3,"['San Zeno', 'Arena', 'Castelvecchio']",Torre Lamberti,"['Sighseeing', 'Centro Fotografia', 'Museo Conte', 'Casa Giulietta', 'Palazzo della Ragione']",Santa Anastasia,strategy_nearest,False,0.0014231204986572266,success
04CF914A9C4C80,1,['Casa Giulietta'],Arena,"['Verona Tour', 'Museo Lapidario', 'Museo Radio', 'San Fermo', 'Sighseeing']",Torre Lamberti,strategy_nearest,False,0.0013799667358398438,success
04CF8F4A9C4C80,1,"['Palazzo della Ragione', 'Teatro Romano']",Duomo,"['AMO', 'Museo Miniscalchi', 'Santa Anastasia', 'Museo Conte', 'Torre Lamberti']",Castelvecchio,strategy_nearest,False,0.0020248889923095703,success
04CF8D3A9C4C80,3,"['Torre Lamberti', 'Santa Anastasia']",Duomo,"['AMO', 'Museo Miniscalchi', 'Teatro Romano', 'Palazzo della Ragione', 'Museo Conte']",Casa Giulietta,strategy_nearest,False,0.0027589797973632812,success
04CF874A9C4C80,3,"['Arena', 'Casa Giulietta']",Santa Anastasia,"['AMO', 'Museo Conte', 'Palazzo della Ragione', 'Teatro Romano', 'Centro Fotografia']",Castelvecchio,strategy_nearest,False,0.003415822982788086,success
04CF944A9C4C80,0,['Arena'],Castelvecchio,"['Museo Lapidario', 'Verona Tour', 'Museo Radio', 'San Zeno', 'Sighseeing']",San Zeno,strategy_nearest,True,0.0015943050384521484,success
04CFAD429C4C80,0,['Castelvecchio'],Arena,"['Verona Tour', 'Museo Lapidario', 'Museo Radio', 'San Fermo', 'Casa Giulietta']",Casa Giulietta,strategy_nearest,True,0.0020852088928222656,success
04CF92429C4C80,0,"['Arena', 'San Fermo']",Casa Giulietta,"['Centro Fotografia', 'Sighseeing', 'Torre Lamberti', 'Museo Conte', 'Museo Radio']",Duomo,strategy_nearest,False,0.004105091094970703,success
04CFA34A9C4C80,1,"['Teatro Romano', 'Santa Anastasia', 'Arena']",Castelvecchio,"['Museo Lapidario', 'Verona Tour', 'Museo Radio', 'San Zeno', 'Sighseeing']",Casa Giulietta,strategy_nearest,False,0.0028617382049560547,success
04CFB83A9C4C80,3,['Arena'],Torre Lamberti,"['Sighseeing', 'Centro Fotografia', 'Museo Conte', 'Casa Giulietta', 'Palazzo della Ragione']",Santa Anastasia,strategy_nearest,False,0.0020961761474609375,success
04CFB24A9C4C80,2,['Casa Giulietta'],Torre Lamberti,"['Sighseeing', 'Centro Fotografia', 'Museo Conte', 'Palazzo della Ragione', 'AMO']",Palazzo della Ragione,strategy_nearest,True,0.002795696258544922,success
04CFAD4A9C4C80,0,['Arena'],Tomba Giulietta,"['San Fermo', 'Museo Storia', 'Museo Lapidario', 'Museo Radio', 'Verona Tour']",Casa Giulietta,strategy_nearest,False,0.004599094390869141,success
04CFB8429C4C80,0,"['Arena', 'Casa Giulietta']",Duomo,"['AMO', 'Museo Miniscalchi', 'Santa Anastasia', 'Teatro Romano', 'Palazzo della Ragione']",Teatro Romano,strategy_nearest,True,0.0025949478149414062,success
04CFBD4A9C4C80,0,"['Duomo', 'Casa Giulietta']",Torre Lamberti,"['Sighseeing', 'Centro Fotografia', 'Museo Conte', 'Palazzo della Ragione', 'AMO']",Arena,strategy_nearest,False,0.002807140350341797,success
04CFC1429C4C80,0,['Arena'],Casa Giulietta,"['Centro Fotografia', 'Sighseeing', 'Torre Lamberti', 'Museo Conte', 'Museo Radio']",Torre Lamberti,strategy_nearest,True,0.001596212387084961,success
04CFC24A9C4C80,3,"['Arena', 'San Fermo']",Casa Giulietta,"['Centro Fotografia', 'Sighseeing', 'Torre Lamberti', 'Museo Conte', 'Museo Radio']",Teatro Romano,strategy_nearest,False,0.0033600330352783203,success
04CFC54A9C4C80,0,"['Arena', 'Museo Lapidario']",Castelvecchio,"['Verona Tour', 'Museo Radio', 'San Zeno', 'Sighseeing', 'Museo Miniscalchi']",Casa Giulietta,strategy_nearest,False,0.0020868778228759766,success
04CFCE4A9C4C80,1,"['Arena', 'Palazzo della Ragione']",Torre Lamberti,"['Sighseeing', 'Centro Fotografia', 'Museo Conte', 'Casa Giulietta', 'AMO']",Torre Lamberti,strategy_nearest,False,0.002753019332885742,success
04CFD04A9C4C80,1,"['Arena', 'Casa Giulietta', 'Santa Anastasia']",Duomo,"['AMO', 'Museo Miniscalchi', 'Teatro Romano', 'Palazzo della Ragione', 'Museo Conte']",Castelvecchio,strategy_nearest,False,0.0013670921325683594,success
04CFCD4A9C4C80,3,['Arena'],Torre Lamberti,"['Sighseeing', 'Centro Fotografia', 'Museo Conte', 'Casa Giulietta', 'Palazzo della Ragione']",Santa Anastasia,strategy_nearest,False,0.0022079944610595703,success
04CFCF429C4C80,3,"['Arena', 'Teatro Romano', 'Duomo']",Santa Anastasia,"['AMO', 'Museo Conte', 'Palazzo della Ragione', 'Centro Fotografia', 'Torre Lamberti']",Castelvecchio,strategy_nearest,False,0.0033740997314453125,success
04CFE2429C4C80,0,['Arena'],Casa Giulietta,"['Centro Fotografia', 'Sighseeing', 'Torre Lamberti', 'Museo Conte', 'Museo Radio']",Torre Lamberti,strategy_nearest,True,0.002608060836791992,success
04CFD13A9C4C80,3,['Arena'],Tomba Giulietta,"['San Fermo', 'Museo Storia', 'Museo Lapidario', 'Museo Radio', 'Verona Tour']",Santa Anastasia,strategy_nearest,False,0.0027751922607421875,success
04CFD8429C4C80,1,"['Giardino Giusti', 'Arena', 'Palazzo della Ragione']",Torre Lamberti,"['Sighseeing', 'Centro Fotografia', 'Museo Conte', 'Casa Giulietta', 'AMO']",Casa Giulietta,strategy_nearest,True,0.00396275520324707,success
04CFD9429C4C80,1,"['Arena', 'Tomba Giulietta', 'Castelvecchio', 'Museo Lapidario']",Torre Lamberti,"['Sighseeing', 'Centro Fotografia', 'Museo Conte', 'Casa Giulietta', 'Palazzo della Ragione']",Palazzo della Ragione,strategy_nearest,True,0.0015249252319335938,success
04CFE73A9C4C80,2,['Torre Lamberti'],Santa Anastasia,"['AMO', 'Museo Conte', 'Palazzo della Ragione', 'Teatro Romano', 'Centro Fotografia']",Castelvecchio,strategy_nearest,False,0.0020492076873779297,success
04CFE7429C4C80,0,"['Arena', 'Casa Giulietta']",Torre Lamberti,"['Sighseeing', 'Centro Fotografia', 'Museo Conte', 'Palazzo della Ragione', 'AMO']",Castelvecchio,strategy_nearest,False,0.001420736312866211,success
04CFE3429C4C80,1,"['San Fermo', 'Casa Giulietta', 'Torre Lamberti', 'Palazzo della Ragione']",Santa Anastasia,"['AMO', 'Museo Conte', 'Teatro Romano', 'Centro Fotografia', 'Duomo']",Duomo,strategy_nearest,True,0.003554821014404297,success
04CFEB429C4C80,4,"['Castelvecchio', 'Arena', 'Torre Lamberti', 'Palazzo della Ragione', 'Museo Lapidario', 'Museo Radio']",Tomba Giulietta,"['San Fermo', 'Museo Storia', 'Verona Tour', 'Casa Giulietta', 'Sighseeing']",Museo Storia,strategy_nearest,True,0.0033919811248779297,success
04CFEE3A9C4C80,1,"['Castelvecchio', 'Duomo']",Torre Lamberti,"['Sighseeing', 'Centro Fotografia', 'Museo Conte', 'Casa Giulietta', 'Palazzo della Ragione']",Palazzo della Ragione,strategy_nearest,True,0.0022521018981933594,success
04CFEF429C4C80,3,"['San Zeno', 'Duomo', 'Santa Anastasia', 'San Fermo', 'Arena']",Castelvecchio,"['Museo Lapidario', 'Verona Tour', 'Museo Radio', 'Sighseeing', 'Museo Miniscalchi']",Casa Giulietta,strategy_nearest,False,0.0031621456146240234,success
04CFEE4A9C4C80,3,"['Arena', 'San Fermo', 'Casa Giulietta']",Santa Anastasia,"['AMO', 'Museo Conte', 'Palazzo della Ragione', 'Teatro Romano', 'Centro Fotografia']",Duomo,strategy_nearest,False,0.002604961395263672,success
04CFF03A9C4C80,0,['Arena'],Castelvecchio,"['Museo Lapidario', 'Verona Tour', 'Museo Radio', 'San Zeno', 'Sighseeing']",Casa Giulietta,strategy_nearest,False,0.00417327880859375,success
04CFF44A9C4C80,0,['Arena'],Museo Lapidario,"['Verona Tour', 'Castelvecchio', 'Museo Radio', 'San Fermo', 'Casa Giulietta']",Castelvecchio,strategy_nearest,True,0.002584218978881836,success
04CFF8429C4C80,1,"['Arena', 'Castelvecchio', 'San Zeno', 'Tomba Giulietta']",San Fermo,"['Museo Storia', 'Museo Radio', 'Casa Giulietta', 'Centro Fotografia', 'Sighseeing']",Casa Giulietta,strategy_nearest,True,0.002607107162475586,success
04CFF9429C4C80,1,"['Museo Lapidario', 'Arena', 'San Fermo', 'Casa Giulietta', 'Torre Lamberti']",Palazzo della Ragione,"['AMO', 'Museo Conte', 'Centro Fotografia', 'Sighseeing', 'Santa Anastasia']",Santa Anastasia,strategy_nearest,True,0.0032079219818115234,success
04D0064A9C4C84,3,"['Castelvecchio', 'Arena']",Torre Lamberti,"['Sighseeing', 'Centro Fotografia', 'Museo Conte', 'Casa Giulietta', 'Palazzo della Ragione']",Casa Giulietta,strategy_nearest,True,0.0014219284057617188,success
04D0024A9C4C84,0,"['Arena', 'Castelvecchio']",San Zeno,"['Verona Tour', 'Museo Lapidario', 'Museo Miniscalchi', 'Sighseeing', 'Museo Radio']",Tomba Giulietta,strategy_nearest,False,0.003960847854614258,success
04CFFF429C4C80,0,['Arena'],Casa Giulietta,"['Centro Fotografia', 'Sighseeing', 'Torre Lamberti', 'Museo Conte', 'Museo Radio']",Castelvecchio,strategy_nearest,False,0.0027937889099121094,success
04D0044A9C4C84,0,['Arena'],Castelvecchio,"['Museo Lapidario', 'Verona Tour', 'Museo Radio', 'San Zeno', 'Sighseeing']",Torre Lamberti,strategy_nearest,False,0.0026960372924804688,success
04D00F4A9C4C80,3,"['Arena', 'Castelvecchio']",San Zeno,"['Verona Tour', 'Museo Lapidario', 'Museo Miniscalchi', 'Sighseeing', 'Museo Radio']",Duomo,strategy_nearest,False,0.0014553070068359375,success
04D00F4A9C4C84,0,['Arena'],Torre Lamberti,"['Sighseeing', 'Centro Fotografia', 'Museo Conte', 'Casa Giulietta', 'Palazzo della Ragione']",Casa Giulietta,strategy_nearest,True,0.0026009082794189453,success
04D00D4A9C4C84,4,"['Arena', 'Casa Giulietta', 'Torre Lamberti', 'Palazzo della Ragione']",Castelvecchio,"['Museo Lapidario', 'Verona Tour', 'Museo Radio', 'San Zeno', 'Sighseeing']",Museo Storia,strategy_nearest,False,0.0021719932556152344,success
04D00F429C4C84,1,"['Arena', 'Casa Giulietta']",Castelvecchio,"['Museo Lapidario', 'Verona Tour', 'Museo Radio', 'San Zeno', 'Sighseeing']",Torre Lamberti,strategy_nearest,False,0.0034379959106445312,success
04D0104A9C4C84,3,['Castelvecchio'],Arena,"['Verona Tour', 'Museo Lapidario', 'Museo Radio', 'San Fermo', 'Casa Giulietta']",Santa Anastasia,strategy_nearest,False,0.0017979145050048828,success
04D014429C4C84,0,['Arena'],Casa Giulietta,"['Centro Fotografia', 'Sighseeing', 'Torre Lamberti', 'Museo Conte', 'Museo Radio']",Torre Lamberti,strategy_nearest,True,0.0025649070739746094,success
04D0174A9C4C80,3,"['Duomo', 'Arena', 'Torre Lamberti']",Casa Giulietta,"['Centro Fotografia', 'Sighseeing', 'Museo Conte', 'Museo Radio', 'Palazzo della Ragione']",Castelvecchio,strategy_nearest,False,0.002902984619140625,success
04D0154A9C4C80,1,"['Teatro Romano', 'Duomo', 'Casa Giulietta', 'Torre Lamberti']",Palazzo della Ragione,"['AMO', 'Museo Conte', 'Centro Fotografia', 'Sighseeing', 'Santa Anastasia']",Arena,strategy_nearest,False,0.0027260780334472656,success
04D01C429C4C84,0,['Arena'],Casa Giulietta,"['Centro Fotografia', 'Sighseeing', 'Torre Lamberti', 'Museo Conte', 'Museo Radio']",Torre Lamberti,strategy_nearest,True,0.002244234085083008,success
04D020429C4C84,0,['Arena'],Casa Giulietta,"['Centro Fotografia', 'Sighseeing', 'Torre Lamberti', 'Museo Conte', 'Museo Radio']",Casa Giulietta,strategy_nearest,False,0.0032949447631835938,success
04D0224A9C4C80,3,"['Casa Giulietta', 'Arena', 'Castelvecchio']",Santa Anastasia,"['AMO', 'Museo Conte', 'Palazzo della Ragione', 'Teatro Romano', 'Centro Fotografia']",Teatro Romano,strategy_nearest,True,0.00203704833984375,success
04D020429C4C80,0,"['Arena', 'Casa Giulietta']",Torre Lamberti,"['Sighseeing', 'Centro Fotografia', 'Museo Conte', 'Palazzo della Ragione', 'AMO']",Teatro Romano,strategy_nearest,False,0.003952980041503906,success
04D0244A9C4C80,2,"['Torre Lamberti', 'Giardino Giusti']",Teatro Romano,"['Santa Anastasia', 'Duomo', 'AMO', 'Palazzo della Ragione', 'Museo Conte']",San Zeno,strategy_nearest,False,0.002830028533935547,success
04D0263A9C4C80,3,"['Arena', 'Casa Giulietta']",Santa Anastasia,"['AMO', 'Museo Conte', 'Palazzo della Ragione', 'Teatro Romano', 'Centro Fotografia']",Teatro Romano,strategy_nearest,True,0.0020329952239990234,success
04D025429C4C84,1,"['Castelvecchio', 'Casa Giulietta', 'Duomo']",Torre Lamberti,"['Sighseeing', 'Centro Fotografia', 'Museo Conte', 'Palazzo della Ragione', 'AMO']",Palazzo della Ragione,strategy_nearest,True,0.0026750564575195312,success
04D0273A9C4C84,0,"['Duomo', 'Torre Lamberti']",Arena,"['Verona Tour', 'Museo Lapidario', 'Museo Radio', 'San Fermo', 'Casa Giulietta']",Tomba Giulietta,strategy_nearest,False,0.003397703170776367,success
04D0314A9C4C80,3,"['Santa Anastasia', 'Duomo']",Arena,"['Verona Tour', 'Museo Lapidario', 'Museo Radio', 'San Fermo', 'Casa Giulietta']",San Zeno,strategy_nearest,False,0.0030028820037841797,success
04D044429C4C80,4,"['San Fermo', 'Torre Lamberti', 'Giardino Giusti', 'Teatro Romano']",Duomo,"['AMO', 'Museo Miniscalchi', 'Santa Anastasia', 'Palazzo della Ragione', 'Museo Conte']",Arena,strategy_nearest,False,0.003184795379638672,success
04D041429C4C80,0,['Castelvecchio'],Arena,"['Verona Tour', 'Museo Lapidario', 'Museo Radio', 'San Fermo', 'Casa Giulietta']",Teatro Romano,strategy_nearest,False,0.0026497840881347656,success
04D0463A9C4C80,3,"['Torre Lamberti', 'Arena', 'San Fermo', 'Casa Giulietta']",Museo Lapidario,"['Verona Tour', 'Castelvecchio', 'Museo Radio', 'Tomba Giulietta', 'Sighseeing']",Santa Anastasia,strategy_nearest,False,0.0032949447631835938,success
04D04D3A9C4C80,3,"['Duomo', 'Teatro Romano']",Casa Giulietta,"['Centro Fotografia', 'Sighseeing', 'Torre Lamberti', 'Museo Conte', 'Museo Radio']",San Fermo,strategy_nearest,False,0.0031747817993164062,success
04D04E4A9C4C80,3,['Arena'],Casa Giulietta,"['Centro Fotografia', 'Sighseeing', 'Torre Lamberti', 'Museo Conte', 'Museo Radio']",Santa Anastasia,strategy_nearest,False,0.0023679733276367188,success
04D05A3A9C4C80,3,"['Arena', 'Casa Giulietta', 'Torre Lamberti']",Santa Anastasia,"['AMO', 'Museo Conte', 'Palazzo della Ragione', 'Teatro Romano', 'Centro Fotografia']",Duomo,strategy_nearest,False,0.0025560855865478516,success
04D069429C4C80,3,"['Arena', 'Casa Giulietta']",Duomo,"['AMO', 'Museo Miniscalchi', 'Santa Anastasia', 'Teatro Romano', 'Palazzo della Ragione']",Teatro Romano,strategy_nearest,True,0.0031731128692626953,success
04D06D429C4C80,1,"['Duomo', 'Palazzo della Ragione']",Casa Giulietta,"['Centro Fotografia', 'Sighseeing', 'Torre Lamberti', 'Museo Conte', 'Museo Radio']",Arena,strategy_nearest,False,0.002254962921142578,success
04D07C3A9C4C80,3,"['Arena', 'Casa Giulietta']",Torre Lamberti,"['Sighseeing', 'Centro Fotografia', 'Museo Conte', 'Palazzo della Ragione', 'AMO']",Santa Anastasia,strategy_nearest,False,0.003398895263671875,success
04D08A3A9C4C80,0,['Arena'],Casa Giulietta,"['Centro Fotografia', 'Sighseeing', 'Torre Lamberti', 'Museo Conte', 'Museo Radio']",Torre Lamberti,strategy_nearest,True,0.0027048587799072266,success
04D0914A9C4C80,3,"['Arena', 'San Fermo', 'Casa Giulietta']",Santa Anastasia,"['AMO', 'Museo Conte', 'Palazzo della Ragione', 'Teatro Romano', 'Centro Fotografia']",Duomo,strategy_nearest,False,0.0030219554901123047,success
04D08C4A9C4C80,0,['Arena'],Casa Giulietta,"['Centro Fotografia', 'Sighseeing', 'Torre Lamberti', 'Museo Conte', 'Museo Radio']",Duomo,strategy_nearest,False,0.003258228302001953,success
04D0954A9C4C80,1,['Arena'],Torre Lamberti,"['Sighseeing', 'Centro Fotografia', 'Museo Conte', 'Casa Giulietta', 'Palazzo della Ragione']",Palazzo della Ragione,strategy_nearest,True,0.003247976303100586,success
04D0934A9C4C80,3,"['Castelvecchio', 'Arena']",Casa Giulietta,"['Centro Fotografia', 'Sighseeing', 'Torre Lamberti', 'Museo Conte', 'Museo Radio']",Torre Lamberti,strategy_nearest,True,0.003937959671020508,success
04D09D429C4C80,3,"['Arena', 'Castelvecchio']",Casa Giulietta,"['Centro Fotografia', 'Sighseeing', 'Torre Lamberti', 'Museo Conte', 'Museo Radio']",Santa Anastasia,strategy_nearest,False,0.0020406246185302734,success
04D094429C4C80,3,"['Casa Giulietta', 'San Fermo']",Castelvecchio,"['Museo Lapidario', 'Verona Tour', 'Arena', 'Museo Radio', 'San Zeno']",Arena,strategy_nearest,True,0.0014979839324951172,success
04D0B24A9C4C80,0,['Arena'],Casa Giulietta,"['Centro Fotografia', 'Sighseeing', 'Torre Lamberti', 'Museo Conte', 'Museo Radio']",Torre Lamberti,strategy_nearest,True,0.0015530586242675781,success
04D0AE3A9C4C80,0,"['Arena', 'Casa Giulietta']",Torre Lamberti,"['Sighseeing', 'Centro Fotografia', 'Museo Conte', 'Palazzo della Ragione', 'AMO']",Duomo,strategy_nearest,False,0.002198934555053711,success
04D0A7429C4C80,1,['Arena'],Torre Lamberti,"['Sighseeing', 'Centro Fotografia', 'Museo Conte', 'Casa Giulietta', 'Palazzo della Ragione']",Palazzo della Ragione,strategy_nearest,True,0.0028421878814697266,success
04D0B74A9C4C80,1,"['Arena', 'Torre Lamberti', 'Palazzo della Ragione']",Casa Giulietta,"['Centro Fotografia', 'Sighseeing', 'Museo Conte', 'Museo Radio', 'San Fermo']",Santa Anastasia,strategy_nearest,False,0.0032050609588623047,success
04D0BD4A9C4C80,3,"['Arena', 'Casa Giulietta']",Santa Anastasia,"['AMO', 'Museo Conte', 'Palazzo della Ragione', 'Teatro Romano', 'Centro Fotografia']",Teatro Romano,strategy_nearest,True,0.002003908157348633,success
04D0C93A9C4C80,0,['Arena'],Museo Lapidario,"['Verona Tour', 'Castelvecchio', 'Museo Radio', 'San Fermo', 'Casa Giulietta']",Torre Lamberti,strategy_nearest,False,0.0013699531555175781,success
04D0CA3A9C4C80,0,['Casa Giulietta'],Torre Lamberti,"['Sighseeing', 'Centro Fotografia', 'Museo Conte', 'Palazzo della Ragione', 'AMO']",Arena,strategy_nearest,False,0.0029821395874023438,success
04D0CB4A9C4C80,0,"['Torre Lamberti', 'Museo Storia', 'Arena']",Casa Giulietta,"['Centro Fotografia', 'Sighseeing', 'Museo Conte', 'Museo Radio', 'Palazzo della Ragione']",Teatro Romano,strategy_nearest,False,0.0039331912994384766,success
04D0CE3A9C4C80,2,['Torre Lamberti'],Casa Giulietta,"['Centro Fotografia', 'Sighseeing', 'Museo Conte', 'Museo Radio', 'Palazzo della Ragione']",Duomo,strategy_nearest,False,0.001987934112548828,success
04D0D0429C4C80,0,"['Arena', 'Castelvecchio']",Tomba Giulietta,"['San Fermo', 'Museo Storia', 'Museo Lapidario', 'Museo Radio', 'Verona Tour']",Casa Giulietta,strategy_nearest,False,0.0031130313873291016,success
04D0E83A9C4C80,0,['Castelvecchio'],Arena,"['Verona Tour', 'Museo Lapidario', 'Museo Radio', 'San Fermo', 'Casa Giulietta']",Casa Giulietta,strategy_nearest,True,0.0028421878814697266,success
04D0D04A9C4C80,2,"['Casa Giulietta', 'Teatro Romano']",Castelvecchio,"['Museo Lapidario', 'Verona Tour', 'Arena', 'Museo Radio', 'San Zeno']",San Zeno,strategy_nearest,True,0.0020799636840820312,success
04D0E94A9C4C80,1,"['San Zeno', 'Castelvecchio', 'Arena']",Santa Anastasia,"['AMO', 'Museo Conte', 'Palazzo della Ragione', 'Teatro Romano', 'Centro Fotografia']",Palazzo della Ragione,strategy_nearest,True,0.0034461021423339844,success
04D0E8429C4C80,1,"['Arena', 'Castelvecchio', 'Torre Lamberti']",Palazzo della Ragione,"['AMO', 'Museo Conte', 'Centro Fotografia', 'Sighseeing', 'Santa Anastasia']",Santa Anastasia,strategy_nearest,True,0.0027818679809570312,success
04D0ED4A9C4C80,0,['Tomba Giulietta'],Arena,"['Verona Tour', 'Museo Lapidario', 'Museo Radio', 'San Fermo', 'Casa Giulietta']",Castelvecchio,strategy_nearest,False,0.0033338069915771484,success
04D0F8429C4C80,0,['Arena'],Castelvecchio,"['Museo Lapidario', 'Verona Tour', 'Museo Radio', 'San Zeno', 'Sighseeing']",San Zeno,strategy_nearest,True,0.003219127655029297,success
04D0F0429C4C80,0,['Arena'],Casa Giulietta,"['Centro Fotografia', 'Sighseeing', 'Torre Lamberti', 'Museo Conte', 'Museo Radio']",Torre Lamberti,strategy_nearest,True,0.0014410018920898438,success
04D0ED3A9C4C80,0,['Castelvecchio'],Casa Giulietta,"['Centro Fotografia', 'Sighseeing', 'Torre Lamberti', 'Museo Conte', 'Museo Radio']",Arena,strategy_nearest,False,0.0028390884399414062,success
04D0FF429C4C80,0,['Casa Giulietta'],Arena,"['Verona Tour', 'Museo Lapidario', 'Museo Radio', 'San Fermo', 'Sighseeing']",Duomo,strategy_nearest,False,0.0026559829711914062,success
04D1024A9C4C84,3,['Arena'],Casa Giulietta,"['Centro Fotografia', 'Sighseeing', 'Torre Lamberti', 'Museo Conte', 'Museo Radio']",Santa Anastasia,strategy_nearest,False,0.0022699832916259766,success
04D1064A9C4C84,2,['Palazzo della Ragione'],Torre Lamberti,"['Sighseeing', 'Centro Fotografia', 'Museo Conte', 'Casa Giulietta', 'AMO']",Casa Giulietta,strategy_nearest,True,0.001512765884399414,success
04D1034A9C4C84,0,['Arena'],Teatro Romano,"['Santa Anastasia', 'Duomo', 'AMO', 'Palazzo della Ragione', 'Museo Conte']",Duomo,strategy_nearest,True,0.002849578857421875,success
04D100429C4C84,3,"['Arena', 'Castelvecchio']",Torre Lamberti,"['Sighseeing', 'Centro Fotografia', 'Museo Conte', 'Casa Giulietta', 'Palazzo della Ragione']",Santa Anastasia,strategy_nearest,False,0.0035593509674072266,success
04D107429C4C84,0,['Arena'],Castelvecchio,"['Museo Lapidario', 'Verona Tour', 'Museo Radio', 'San Zeno', 'Sighseeing']",Duomo,strategy_nearest,False,0.0013217926025390625,success
04D10E429C4C84,0,['Torre Lamberti'],Arena,"['Verona Tour', 'Museo Lapidario', 'Museo Radio', 'San Fermo', 'Casa Giulietta']",Casa Giulietta,strategy_nearest,True,0.0022330284118652344,success
04D10F4A9C4C84,0,['Arena'],Casa Giulietta,"['Centro Fotografia', 'Sighseeing', 'Torre Lamberti', 'Museo Conte', 'Museo Radio']",Castelvecchio,strategy_nearest,False,0.003628969192504883,success
04D115429C4C80,3,"['Torre Lamberti', 'San Fermo']",Arena,"['Verona Tour', 'Museo Lapidario', 'Museo Radio', 'Casa Giulietta', 'Sighseeing']",Castelvecchio,strategy_nearest,False,0.002756834030151367,success
04D115429C4C84,0,['Arena'],Torre Lamberti,"['Sighseeing', 'Centro Fotografia', 'Museo Conte', 'Casa Giulietta', 'Palazzo della Ragione']",Casa Giulietta,strategy_nearest,True,0.002783060073852539,success
04D11C429C4C84,1,['Palazzo della Ragione'],Torre Lamberti,"['Sighseeing', 'Centro Fotografia', 'Museo Conte', 'Casa Giulietta', 'AMO']",Arena,strategy_nearest,False,0.002401113510131836,success
04D122429C4C84,0,['Castelvecchio'],Casa Giulietta,"['Centro Fotografia', 'Sighseeing', 'Torre Lamberti', 'Museo Conte', 'Museo Radio']",Arena,strategy_nearest,False,0.003876924514770508,success
04D123429C4C84,0,"['Arena', 'Castelvecchio']",Casa Giulietta,"['Centro Fotografia', 'Sighseeing', 'Torre Lamberti', 'Museo Conte', 'Museo Radio']",Torre Lamberti,strategy_nearest,True,0.002414703369140625,success
04D121429C4C84,1,"['Arena', 'Museo Lapidario']",Torre Lamberti,"['Sighseeing', 'Centro Fotografia', 'Museo Conte', 'Casa Giulietta', 'Palazzo della Ragione']",Palazzo della Ragione,strategy_nearest,True,0.002807140350341797,success
04D11F429C4C84,0,['Arena'],Casa Giulietta,"['Centro Fotografia', 'Sighseeing', 'Torre Lamberti', 'Museo Conte', 'Museo Radio']",Torre Lamberti,strategy_nearest,True,0.0029859542846679688,success
04D127429C4C84,3,['Santa Anastasia'],Duomo,"['AMO', 'Museo Miniscalchi', 'Teatro Romano', 'Palazzo della Ragione', 'Museo Conte']",Casa Giulietta,strategy_nearest,False,0.0028498172760009766,success
04D17A429C4C80,1,"['Arena', 'Casa Giulietta', 'Palazzo della Ragione']",Torre Lamberti,"['Sighseeing', 'Centro Fotografia', 'Museo Conte', 'AMO', 'Museo Miniscalchi']",Teatro Romano,strategy_nearest,False,0.003339052200317383,success
04D16E3A9C4C80,3,"['Arena', 'San Zeno']",Castelvecchio,"['Museo Lapidario', 'Verona Tour', 'Museo Radio', 'Sighseeing', 'Museo Miniscalchi']",Casa Giulietta,strategy_nearest,False,0.0022237300872802734,success
04D1754A9C4C80,1,"['Arena', 'Casa Giulietta']",Torre Lamberti,"['Sighseeing', 'Centro Fotografia', 'Museo Conte', 'Palazzo della Ragione', 'AMO']",Palazzo della Ragione,strategy_nearest,True,0.001615762710571289,success
04D17B4A9C4C80,3,"['San Zeno', 'Castelvecchio']",Arena,"['Verona Tour', 'Museo Lapidario', 'Museo Radio', 'San Fermo', 'Casa Giulietta']",Torre Lamberti,strategy_nearest,False,0.003397226333618164,success
04D17C4A9C4C80,3,"['Santa Anastasia', 'Casa Giulietta']",San Fermo,"['Museo Storia', 'Museo Radio', 'Centro Fotografia', 'Arena', 'Sighseeing']",Arena,strategy_nearest,True,0.0016016960144042969,success
04D196429C4C80,0,['Arena'],Torre Lamberti,"['Sighseeing', 'Centro Fotografia', 'Museo Conte', 'Casa Giulietta', 'Palazzo della Ragione']",Teatro Romano,strategy_nearest,False,0.002119779586791992,success
04D1984A9C4C80,3,"['Castelvecchio', 'Arena']",Casa Giulietta,"['Centro Fotografia', 'Sighseeing', 'Torre Lamberti', 'Museo Conte', 'Museo Radio']",Torre Lamberti,strategy_nearest,True,0.0031652450561523438,success
04D1AA3A9C4C80,0,"['Arena', 'Castelvecchio']",Teatro Romano,"['Santa Anastasia', 'Duomo', 'AMO', 'Palazzo della Ragione', 'Museo Conte']",Casa Giulietta,strategy_nearest,False,0.0014538764953613281,success
04D1A73A9C4C80,0,['Casa Giulietta'],Torre Lamberti,"['Sighseeing', 'Centro Fotografia', 'Museo Conte', 'Palazzo della Ragione', 'AMO']",Arena,strategy_nearest,False,0.002664804458618164,success
04D19A429C4C80,0,"['Casa Giulietta', 'Arena']",Castelvecchio,"['Museo Lapidario', 'Verona Tour', 'Museo Radio', 'San Zeno', 'Sighseeing']",Teatro Romano,strategy_nearest,False,0.0021822452545166016,success
04D1A1429C4C80,1,"['Casa Giulietta', 'Palazzo della Ragione']",Santa Anastasia,"['AMO', 'Museo Conte', 'Teatro Romano', 'Centro Fotografia', 'Duomo']",Duomo,strategy_nearest,True,0.003445863723754883,success
04D1AB429C4C80,3,['Arena'],Casa Giulietta,"['Centro Fotografia', 'Sighseeing', 'Torre Lamberti', 'Museo Conte', 'Museo Radio']",Santa Anastasia,strategy_nearest,False,0.0026493072509765625,success
04D1B2429C4C80,1,"['Arena', 'Torre Lamberti']",Palazzo della Ragione,"['AMO', 'Museo Conte', 'Centro Fotografia', 'Sighseeing', 'Santa Anastasia']",Casa Giulietta,strategy_nearest,False,0.0032510757446289062,success
04D1B53A9C4C80,1,"['Palazzo della Ragione', 'Torre Lamberti']",Santa Anastasia,"['AMO', 'Museo Conte', 'Teatro Romano', 'Centro Fotografia', 'Duomo']",San Zeno,strategy_nearest,False,0.001360177993774414,success
04D1B74A9C4C80,2,"['Castelvecchio', 'Torre Lamberti', 'Palazzo della Ragione']",Santa Anastasia,"['AMO', 'Museo Conte', 'Teatro Romano', 'Centro Fotografia', 'Duomo']",Duomo,strategy_nearest,True,0.0035042762756347656,success
04D1BC4A9C4C80,1,"['Arena', 'Torre Lamberti']",Palazzo della Ragione,"['AMO', 'Museo Conte', 'Centro Fotografia', 'Sighseeing', 'Santa Anastasia']",Santa Anastasia,strategy_nearest,True,0.0034050941467285156,success
04D1BE4A9C4C80,0,['Arena'],Castelvecchio,"['Museo Lapidario', 'Verona Tour', 'Museo Radio', 'San Zeno', 'Sighseeing']",San Zeno,strategy_nearest,True,0.0025391578674316406,success
04D1BD3A9C4C80,2,"['Casa Giulietta', 'Castelvecchio']",Torre Lamberti,"['Sighseeing', 'Centro Fotografia', 'Museo Conte', 'Palazzo della Ragione', 'AMO']",Santa Anastasia,strategy_nearest,False,0.002149820327758789,success
04D1D03A9C4C80,0,['Arena'],San Zeno,"['Castelvecchio', 'Verona Tour', 'Museo Lapidario', 'Museo Miniscalchi', 'Sighseeing']",Casa Giulietta,strategy_nearest,False,0.002961874008178711,success
04D1D93A9C4C80,1,"['Museo Lapidario', 'San Fermo', 'Museo Storia', 'Castelvecchio']",Casa Giulietta,"['Centro Fotografia', 'Sighseeing', 'Torre Lamberti', 'Museo Conte', 'Museo Radio']",Santa Anastasia,strategy_nearest,False,0.001811981201171875,success
04D1D43A9C4C80,0,['Museo Lapidario'],Arena,"['Verona Tour', 'Museo Radio', 'San Fermo', 'Casa Giulietta', 'Sighseeing']",Teatro Romano,strategy_nearest,False,0.0028409957885742188,success
04D1DA3A9C4C80,3,"['Arena', 'Torre Lamberti', 'Santa Anastasia']",Duomo,"['AMO', 'Museo Miniscalchi', 'Teatro Romano', 'Palazzo della Ragione', 'Museo Conte']",Casa Giulietta,strategy_nearest,False,0.0025370121002197266,success
04D1E7429C4C80,3,"['Arena', 'Casa Giulietta', 'Torre Lamberti']",Santa Anastasia,"['AMO', 'Museo Conte', 'Palazzo della Ragione', 'Teatro Romano', 'Centro Fotografia']",Duomo,strategy_nearest,False,0.003437042236328125,success
04D1F9429C4C80,3,"['Arena', 'Castelvecchio']",Torre Lamberti,"['Sighseeing', 'Centro Fotografia', 'Museo Conte', 'Casa Giulietta', 'Palazzo della Ragione']",Casa Giulietta,strategy_nearest,True,0.0031266212463378906,success
04D1EE4A9C4C80,3,['Arena'],Casa Giulietta,"['Centro Fotografia', 'Sighseeing', 'Torre Lamberti', 'Museo Conte', 'Museo Radio']",Torre Lamberti,strategy_nearest,True,0.0020220279693603516,success
04D1E83A9C4C80,0,['Arena'],Castelvecchio,"['Museo Lapidario', 'Verona Tour', 'Museo Radio', 'San Zeno', 'Sighseeing']",Casa Giulietta,strategy_nearest,False,0.002741098403930664,success
04D1FB4A9C4C80,3,"['Arena', 'Torre Lamberti']",Santa Anastasia,"['AMO', 'Museo Conte', 'Palazzo della Ragione', 'Teatro Romano', 'Centro Fotografia']",Casa Giulietta,strategy_nearest,False,0.002857208251953125,success
04D1FC429C4C80,3,"['Castelvecchio', 'Teatro Romano', 'Duomo']",Santa Anastasia,"['AMO', 'Museo Conte', 'Palazzo della Ragione', 'Centro Fotografia', 'Torre Lamberti']",Casa Giulietta,strategy_nearest,False,0.0020780563354492188,success
04D2004A9C4C84,2,"['Casa Giulietta', 'Torre Lamberti']",Palazzo della Ragione,"['AMO', 'Museo Conte', 'Centro Fotografia', 'Sighseeing', 'Santa Anastasia']",Santa Anastasia,strategy_nearest,True,0.0030488967895507812,success
04D1FE4A9C4C80,3,"['Tomba Giulietta', 'Arena']",Casa Giulietta,"['Centro Fotografia', 'Sighseeing', 'Torre Lamberti', 'Museo Conte', 'Museo Radio']",Torre Lamberti,strategy_nearest,True,0.002707958221435547,success
04D20A429C4C84,0,['Arena'],Teatro Romano,"['Santa Anastasia', 'Duomo', 'AMO', 'Palazzo della Ragione', 'Museo Conte']",Museo Storia,strategy_nearest,False,0.002117156982421875,success
04D2074A9C4C84,0,"['Arena', 'Casa Giulietta']",Torre Lamberti,"['Sighseeing', 'Centro Fotografia', 'Museo Conte', 'Palazzo della Ragione', 'AMO']",Teatro Romano,strategy_nearest,False,0.0034329891204833984,success
04D20E429C4C84,1,"['Casa Giulietta', 'Torre Lamberti', 'Palazzo della Ragione', 'Teatro Romano']",San Fermo,"['Museo Storia', 'Museo Radio', 'Centro Fotografia', 'Arena', 'Sighseeing']",Tomba Giulietta,strategy_nearest,False,0.003204822540283203,success
04D202429C4C84,3,"['Arena', 'San Zeno']",Teatro Romano,"['Santa Anastasia', 'Duomo', 'AMO', 'Palazzo della Ragione', 'Museo Conte']",Duomo,strategy_nearest,True,0.002849102020263672,success
04D2153A9C4C84,0,"['Arena', 'Castelvecchio']",Casa Giulietta,"['Centro Fotografia', 'Sighseeing', 'Torre Lamberti', 'Museo Conte', 'Museo Radio']",Torre Lamberti,strategy_nearest,True,0.002574920654296875,success
04D20E4A9C4C84,0,"['Arena', 'Castelvecchio']",San Zeno,"['Verona Tour', 'Museo Lapidario', 'Museo Miniscalchi', 'Sighseeing', 'Museo Radio']",Casa Giulietta,strategy_nearest,False,0.0022211074829101562,success
04D20F4A9C4C84,3,"['Castelvecchio', 'Arena', 'Casa Giulietta']",Torre Lamberti,"['Sighseeing', 'Centro Fotografia', 'Museo Conte', 'Palazzo della Ragione', 'AMO']",Duomo,strategy_nearest,False,0.0016090869903564453,success
04D2134A9C4C80,0,['Arena'],Casa Giulietta,"['Centro Fotografia', 'Sighseeing', 'Torre Lamberti', 'Museo Conte', 'Museo Radio']",Tomba Giulietta,strategy_nearest,False,0.0033600330352783203,success
04D221429C4C84,1,"['Arena', 'Museo Lapidario']",Torre Lamberti,"['Sighseeing', 'Centro Fotografia', 'Museo Conte', 'Casa Giulietta', 'Palazzo della Ragione']",Palazzo della Ragione,strategy_nearest,True,0.0020470619201660156,success
04D217429C4C84,1,"['Palazzo della Ragione', 'Torre Lamberti', 'Santa Anastasia']",Teatro Romano,"['Duomo', 'AMO', 'Museo Conte', 'Centro Fotografia', 'Museo Miniscalchi']",Casa Giulietta,strategy_nearest,False,0.0015463829040527344,success
04D22F4A9C4C80,0,"['Arena', 'Casa Giulietta']",Museo Storia,"['San Fermo', 'Museo Radio', 'Centro Fotografia', 'Tomba Giulietta', 'Torre Lamberti']",Torre Lamberti,strategy_nearest,True,0.0031719207763671875,success
04D218429C4C84,3,"['Arena', 'Museo Lapidario']",Castelvecchio,"['Verona Tour', 'Museo Radio', 'San Zeno', 'Sighseeing', 'Museo Miniscalchi']",Torre Lamberti,strategy_nearest,False,0.002790212631225586,success
04D2503A9C4C80,1,['Arena'],Casa Giulietta,"['Centro Fotografia', 'Sighseeing', 'Torre Lamberti', 'Museo Conte', 'Museo Radio']",Palazzo della Ragione,strategy_nearest,False,0.0020821094512939453,success
04D2404A9C4C80,3,"['Arena', 'San Fermo', 'Casa Giulietta']",Torre Lamberti,"['Sighseeing', 'Centro Fotografia', 'Museo Conte', 'Palazzo della Ragione', 'AMO']",Santa Anastasia,strategy_nearest,False,0.0015659332275390625,success
04D2334A9C4C80,1,"['Arena', 'Casa Giulietta', 'Santa Anastasia', 'San Fermo']",Teatro Romano,"['Duomo', 'AMO', 'Palazzo della Ragione', 'Museo Conte', 'Centro Fotografia']",Duomo,strategy_nearest,True,0.0045909881591796875,success
04D2543A9C4C80,0,['Duomo'],Casa Giulietta,"['Centro Fotografia', 'Sighseeing', 'Torre Lamberti', 'Museo Conte', 'Museo Radio']",Arena,strategy_nearest,False,0.0026509761810302734,success
04D2633A9C4C80,3,"['Castelvecchio', 'Torre Lamberti', 'Casa Giulietta']",Arena,"['Verona Tour', 'Museo Lapidario', 'Museo Radio', 'San Fermo', 'Sighseeing']",Duomo,strategy_nearest,False,0.002269744873046875,success
04D282429C4C80,3,"['Arena', 'Castelvecchio', 'Santa Anastasia']",Duomo,"['AMO', 'Museo Miniscalchi', 'Teatro Romano', 'Palazzo della Ragione', 'Museo Conte']",Teatro Romano,strategy_nearest,True,0.002769947052001953,success
04D2754A9C4C80,3,"['Arena', 'Casa Giulietta']",Santa Anastasia,"['AMO', 'Museo Conte', 'Palazzo della Ragione', 'Teatro Romano', 'Centro Fotografia']",Duomo,strategy_nearest,False,0.0034761428833007812,success
04D2564A9C4C80,3,['Arena'],San Fermo,"['Museo Storia', 'Museo Radio', 'Casa Giulietta', 'Centro Fotografia', 'Sighseeing']",Torre Lamberti,strategy_nearest,False,0.0014178752899169922,success
04D2854A9C4C80,0,"['Arena', 'Casa Giulietta']",Castelvecchio,"['Museo Lapidario', 'Verona Tour', 'Museo Radio', 'San Zeno', 'Sighseeing']",Torre Lamberti,strategy_nearest,False,0.002493143081665039,success
04D2944A9C4C80,3,"['Torre Lamberti', 'Casa Giulietta']",Santa Anastasia,"['AMO', 'Museo Conte', 'Palazzo della Ragione', 'Teatro Romano', 'Centro Fotografia']",Arena,strategy_nearest,False,0.0021500587463378906,success
04D2964A9C4C80,1,"['Arena', 'Torre Lamberti']",Palazzo della Ragione,"['AMO', 'Museo Conte', 'Centro Fotografia', 'Sighseeing', 'Santa Anastasia']",Casa Giulietta,strategy_nearest,False,0.002741098403930664,success
04D2A5429C4C80,1,"['Torre Lamberti', 'Palazzo della Ragione']",Santa Anastasia,"['AMO', 'Museo Conte', 'Teatro Romano', 'Centro Fotografia', 'Duomo']",Casa Giulietta,strategy_nearest,False,0.0030889511108398438,success
04D2B54A9C4C80,3,"['Arena', 'Casa Giulietta']",Santa Anastasia,"['AMO', 'Museo Conte', 'Palazzo della Ragione', 'Teatro Romano', 'Centro Fotografia']",Duomo,strategy_nearest,False,0.0032172203063964844,success
04D2B73A9C4C80,3,"['Casa Giulietta', 'Santa Anastasia', 'Duomo']",San Fermo,"['Museo Storia', 'Museo Radio', 'Centro Fotografia', 'Arena', 'Sighseeing']",Tomba Giulietta,strategy_nearest,False,0.001402139663696289,success
04D2B23A9C4C80,1,"['Torre Lamberti', 'Palazzo della Ragione', 'Santa Anastasia']",Duomo,"['AMO', 'Museo Miniscalchi', 'Teatro Romano', 'Museo Conte', 'Centro Fotografia']",Arena,strategy_nearest,False,0.003983259201049805,success
04D2B5429C4C80,3,"['Arena', 'Torre Lamberti']",Casa Giulietta,"['Centro Fotografia', 'Sighseeing', 'Museo Conte', 'Museo Radio', 'Palazzo della Ragione']",Santa Anastasia,strategy_nearest,False,0.003284931182861328,success
04D2D83A9C4C80,3,"['Tomba Giulietta', 'Tomba Giulietta', 'Arena', 'Castelvecchio']",San Fermo,"['Museo Storia', 'Museo Radio', 'Casa Giulietta', 'Centro Fotografia', 'Sighseeing']",Casa Giulietta,strategy_nearest,True,0.0020661354064941406,success
04D2B84A9C4C80,0,['Arena'],Casa Giulietta,"['Centro Fotografia', 'Sighseeing', 'Torre Lamberti', 'Museo Conte', 'Museo Radio']",Castelvecchio,strategy_nearest,False,0.0029811859130859375,success
04D2CB4A9C4C80,1,"['Arena', 'Palazzo della Ragione']",Torre Lamberti,"['Sighseeing', 'Centro Fotografia', 'Museo Conte', 'Casa Giulietta', 'AMO']",Casa Giulietta,strategy_nearest,True,0.003694295883178711,success
04D2D7429C4C80,3,['Arena'],Casa Giulietta,"['Centro Fotografia', 'Sighseeing', 'Torre Lamberti', 'Museo Conte', 'Museo Radio']",Santa Anastasia,strategy_nearest,False,0.0016601085662841797,success
04D2DF429C4C80,1,"['Arena', 'Palazzo della Ragione']",Torre Lamberti,"['Sighseeing', 'Centro Fotografia', 'Museo Conte', 'Casa Giulietta', 'AMO']",Casa Giulietta,strategy_nearest,True,0.0017137527465820312,success
04D2ED4A9C4C80,0,['Arena'],Casa Giulietta,"['Centro Fotografia', 'Sighseeing', 'Torre Lamberti', 'Museo Conte', 'Museo Radio']",Torre Lamberti,strategy_nearest,True,0.0026009082794189453,success
04D2EB3A9C4C80,3,"['Castelvecchio', 'San Zeno', 'Casa Giulietta']",Duomo,"['AMO', 'Museo Miniscalchi', 'Santa Anastasia', 'Teatro Romano', 'Palazzo della Ragione']",Santa Anastasia,strategy_nearest,True,0.002196073532104492,success
04D2E93A9C4C80,1,"['Arena', 'Castelvecchio', 'Torre Lamberti']",Palazzo della Ragione,"['AMO', 'Museo Conte', 'Centro Fotografia', 'Sighseeing', 'Santa Anastasia']",Casa Giulietta,strategy_nearest,False,0.003632783889770508,success
04D2EF4A9C4C80,0,"['Arena', 'Castelvecchio']",Casa Giulietta,"['Centro Fotografia', 'Sighseeing', 'Torre Lamberti', 'Museo Conte', 'Museo Radio']",San Fermo,strategy_nearest,False,0.0018568038940429688,success
04D2EE3A9C4C80,3,"['Castelvecchio', 'Arena', 'Casa Giulietta']",Santa Anastasia,"['AMO', 'Museo Conte', 'Palazzo della Ragione', 'Teatro Romano', 'Centro Fotografia']",Teatro Romano,strategy_nearest,True,0.0038259029388427734,success
04D2F04A9C4C80,0,['Castelvecchio'],Arena,"['Verona Tour', 'Museo Lapidario', 'Museo Radio', 'San Fermo', 'Casa Giulietta']",Teatro Romano,strategy_nearest,False,0.003214120864868164,success
04D2F43A9C4C80,3,"['Arena', 'Santa Anastasia']",Teatro Romano,"['Duomo', 'AMO', 'Palazzo della Ragione', 'Museo Conte', 'Centro Fotografia']",Torre Lamberti,strategy_nearest,False,0.0020678043365478516,success
04D2F14A9C4C80,0,['Arena'],Casa Giulietta,"['Centro Fotografia', 'Sighseeing', 'Torre Lamberti', 'Museo Conte', 'Museo Radio']",Torre Lamberti,strategy_nearest,True,0.004042863845825195,success
04D2F94A9C4C80,3,"['Arena', 'Casa Giulietta']",Torre Lamberti,"['Sighseeing', 'Centro Fotografia', 'Museo Conte', 'Palazzo della Ragione', 'AMO']",Santa Anastasia,strategy_nearest,False,0.002626180648803711,success
04D2F13A9C4C80,1,['Castelvecchio'],Arena,"['Verona Tour', 'Museo Lapidario', 'Museo Radio', 'San Fermo', 'Casa Giulietta']",Torre Lamberti,strategy_nearest,False,0.004029989242553711,success
04D2FB429C4C80,0,"['Arena', 'Casa Giulietta']",Torre Lamberti,"['Sighseeing', 'Centro Fotografia', 'Museo Conte', 'Palazzo della Ragione', 'AMO']",Teatro Romano,strategy_nearest,False,0.0021669864654541016,success
04D2FB4A9C4C80,0,['Arena'],Casa Giulietta,"['Centro Fotografia', 'Sighseeing', 'Torre Lamberti', 'Museo Conte', 'Museo Radio']",Tomba Giulietta,strategy_nearest,False,0.001538991928100586,success
04D2FA429C4C80,0,"['Arena', 'Casa Giulietta']",Duomo,"['AMO', 'Museo Miniscalchi', 'Santa Anastasia', 'Teatro Romano', 'Palazzo della Ragione']",Teatro Romano,strategy_nearest,True,0.002816915512084961,success
04D2FC429C4C80,0,"['Museo Lapidario', 'Castelvecchio']",Casa Giulietta,"['Centro Fotografia', 'Sighseeing', 'Torre Lamberti', 'Museo Conte', 'Museo Radio']",Museo Storia,strategy_nearest,False,0.003309011459350586,success
04D2FD4A9C4C80,0,['Arena'],Casa Giulietta,"['Centro Fotografia', 'Sighseeing', 'Torre Lamberti', 'Museo Conte', 'Museo Radio']",Teatro Romano,strategy_nearest,False,0.00257110595703125,success
04D2FF4A9C4C80,0,['Castelvecchio'],Arena,"['Verona Tour', 'Museo Lapidario', 'Museo Radio', 'San Fermo', 'Casa Giulietta']",Casa Giulietta,strategy_nearest,True,0.002790212631225586,success
04D3074A9C4C84,0,['Arena'],Casa Giulietta,"['Centro Fotografia', 'Sighseeing', 'Torre Lamberti', 'Museo Conte', 'Museo Radio']",Torre Lamberti,strategy_nearest,True,0.0032968521118164062,success
04D3024A9C4C84,3,"['Arena', 'Duomo', 'Teatro Romano']",Santa Anastasia,"['AMO', 'Museo Conte', 'Palazzo della Ragione', 'Centro Fotografia', 'Torre Lamberti']",Casa Giulietta,strategy_nearest,False,0.002749919891357422,success
04D3084A9C4C84,1,"['Arena', 'Casa Giulietta']",San Fermo,"['Museo Storia', 'Museo Radio', 'Centro Fotografia', 'Sighseeing', 'Torre Lamberti']",Palazzo della Ragione,strategy_nearest,False,0.002935171127319336,success
04D3094A9C4C84,3,['Arena'],Casa Giulietta,"['Centro Fotografia', 'Sighseeing', 'Torre Lamberti', 'Museo Conte', 'Museo Radio']",Torre Lamberti,strategy_nearest,True,0.003525972366333008,success
04D30E4A9C4C84,3,"['Arena', 'Casa Giulietta']",Santa Anastasia,"['AMO', 'Museo Conte', 'Palazzo della Ragione', 'Teatro Romano', 'Centro Fotografia']",Duomo,strategy_nearest,False,0.00215911865234375,success
04D30A4A9C4C84,0,['Arena'],Casa Giulietta,"['Centro Fotografia', 'Sighseeing', 'Torre Lamberti', 'Museo Conte', 'Museo Radio']",Torre Lamberti,strategy_nearest,True,0.0015799999237060547,success
04D3184A9C4C80,3,"['Casa Giulietta', 'Arena', 'Tomba Giulietta']",San Fermo,"['Museo Storia', 'Museo Radio', 'Centro Fotografia', 'Sighseeing', 'Torre Lamberti']",Torre Lamberti,strategy_nearest,True,0.0026509761810302734,success
04D3124A9C4C84,3,"['Arena', 'Casa Giulietta']",Santa Anastasia,"['AMO', 'Museo Conte', 'Palazzo della Ragione', 'Teatro Romano', 'Centro Fotografia']",Torre Lamberti,strategy_nearest,False,0.001608133316040039,success
04D312429C4C84,0,['Castelvecchio'],Torre Lamberti,"['Sighseeing', 'Centro Fotografia', 'Museo Conte', 'Casa Giulietta', 'Palazzo della Ragione']",Duomo,strategy_nearest,False,0.0022661685943603516,success
04D31D4A9C4C80,3,"['Arena', 'Torre Lamberti', 'Casa Giulietta']",Castelvecchio,"['Museo Lapidario', 'Verona Tour', 'Museo Radio', 'San Zeno', 'Sighseeing']",San Zeno,strategy_nearest,True,0.003406047821044922,success
04D3233A9C4C84,0,['Castelvecchio'],Arena,"['Verona Tour', 'Museo Lapidario', 'Museo Radio', 'San Fermo', 'Casa Giulietta']",Casa Giulietta,strategy_nearest,True,0.0016660690307617188,success
04D3264A9C4C80,0,['Teatro Romano'],Castelvecchio,"['Museo Lapidario', 'Verona Tour', 'Arena', 'Museo Radio', 'San Zeno']",Torre Lamberti,strategy_nearest,False,0.002668142318725586,success
04D324429C4C84,3,"['Castelvecchio', 'Arena', 'Torre Lamberti']",Santa Anastasia,"['AMO', 'Museo Conte', 'Palazzo della Ragione', 'Teatro Romano', 'Centro Fotografia']",Casa Giulietta,strategy_nearest,False,0.0033321380615234375,success
04D329429C4C80,2,"['Casa Giulietta', 'Palazzo della Ragione', 'Santa Anastasia']",Duomo,"['AMO', 'Museo Miniscalchi', 'Teatro Romano', 'Museo Conte', 'Torre Lamberti']",Castelvecchio,strategy_nearest,False,0.002416849136352539,success
04D3344A9C4C80,1,"['Palazzo della Ragione', 'Torre Lamberti', 'Casa Giulietta', 'Santa Anastasia', 'Teatro Romano']",Duomo,"['AMO', 'Museo Miniscalchi', 'Museo Conte', 'Centro Fotografia', 'Sighseeing']",Tomba Giulietta,strategy_nearest,False,0.003016233444213867,success
04D340429C4C80,3,"['Arena', 'Casa Giulietta']",Torre Lamberti,"['Sighseeing', 'Centro Fotografia', 'Museo Conte', 'Palazzo della Ragione', 'AMO']",Duomo,strategy_nearest,False,0.0026826858520507812,success
04D3534A9C4C80,0,['Arena'],Casa Giulietta,"['Centro Fotografia', 'Sighseeing', 'Torre Lamberti', 'Museo Conte', 'Museo Radio']",Torre Lamberti,strategy_nearest,True,0.002794981002807617,success
04D34A429C4C80,0,['Teatro Romano'],Casa Giulietta,"['Centro Fotografia', 'Sighseeing', 'Torre Lamberti', 'Museo Conte', 'Museo Radio']",Arena,strategy_nearest,False,0.0033431053161621094,success
04D36C3A9C4C80,1,"['Castelvecchio', 'Casa Giulietta', 'Arena', 'Tomba Giulietta', 'San Fermo']",Duomo,"['AMO', 'Museo Miniscalchi', 'Santa Anastasia', 'Teatro Romano', 'Palazzo della Ragione']",Teatro Romano,strategy_nearest,True,0.0029137134552001953,success
04D379429C4C80,0,['Arena'],Casa Giulietta,"['Centro Fotografia', 'Sighseeing', 'Torre Lamberti', 'Museo Conte', 'Museo Radio']",Teatro Romano,strategy_nearest,False,0.0031380653381347656,success
04D37B4A9C4C80,3,"['Teatro Romano', 'Duomo', 'Santa Anastasia']",Torre Lamberti,"['Sighseeing', 'Centro Fotografia', 'Museo Conte', 'Casa Giulietta', 'Palazzo della Ragione']",Arena,strategy_nearest,False,0.0028710365295410156,success
04D380429C4C80,0,['Castelvecchio'],Arena,"['Verona Tour', 'Museo Lapidario', 'Museo Radio', 'San Fermo', 'Casa Giulietta']",Casa Giulietta,strategy_nearest,True,0.0022437572479248047,success
04D38E429C4C80,0,['Castelvecchio'],Arena,"['Verona Tour', 'Museo Lapidario', 'Museo Radio', 'San Fermo', 'Casa Giulietta']",Torre Lamberti,strategy_nearest,False,0.003345012664794922,success
04D3944A9C4C80,0,"['Museo Lapidario', 'Castelvecchio']",Arena,"['Verona Tour', 'Museo Radio', 'San Fermo', 'Casa Giulietta', 'Sighseeing']",Casa Giulietta,strategy_nearest,True,0.001795053482055664,success
04D3954A9C4C80,0,['Arena'],Casa Giulietta,"['Centro Fotografia', 'Sighseeing', 'Torre Lamberti', 'Museo Conte', 'Museo Radio']",Santa Anastasia,strategy_nearest,False,0.002669811248779297,success
04D398429C4C80,0,['Casa Giulietta'],Arena,"['Verona Tour', 'Museo Lapidario', 'Museo Radio', 'San Fermo', 'Sighseeing']",Castelvecchio,strategy_nearest,False,0.0032958984375,success
04D39C429C4C80,3,['Arena'],Casa Giulietta,"['Centro Fotografia', 'Sighseeing', 'Torre Lamberti', 'Museo Conte', 'Museo Radio']",Torre Lamberti,strategy_nearest,True,0.0033330917358398438,success
04D3A24A9C4C80,0,['Arena'],Casa Giulietta,"['Centro Fotografia', 'Sighseeing', 'Torre Lamberti', 'Museo Conte', 'Museo Radio']",Santa Anastasia,strategy_nearest,False,0.0027742385864257812,success
04D3A54A9C4C80,2,['Casa Giulietta'],Castelvecchio,"['Museo Lapidario', 'Verona Tour', 'Arena', 'Museo Radio', 'San Zeno']",Palazzo della Ragione,strategy_nearest,False,0.0039899349212646484,success
04D3AC3A9C4C80,0,['Castelvecchio'],Arena,"['Verona Tour', 'Museo Lapidario', 'Museo Radio', 'San Fermo', 'Casa Giulietta']",Torre Lamberti,strategy_nearest,False,0.003225088119506836,success
04D3A64A9C4C80,3,"['Arena', 'Casa Giulietta', 'San Fermo']",Torre Lamberti,"['Sighseeing', 'Centro Fotografia', 'Museo Conte', 'Palazzo della Ragione', 'AMO']",Santa Anastasia,strategy_nearest,False,0.00209808349609375,success
04D3B33A9C4C80,0,['Castelvecchio'],Arena,"['Verona Tour', 'Museo Lapidario', 'Museo Radio', 'San Fermo', 'Casa Giulietta']",Torre Lamberti,strategy_nearest,False,0.001895904541015625,success
04D3AE3A9C4C80,0,['Arena'],Casa Giulietta,"['Centro Fotografia', 'Sighseeing', 'Torre Lamberti', 'Museo Conte', 'Museo Radio']",Tomba Giulietta,strategy_nearest,False,0.0013740062713623047,success
04D3B14A9C4C80,1,"['Arena', 'Casa Giulietta']",Torre Lamberti,"['Sighseeing', 'Centro Fotografia', 'Museo Conte', 'Palazzo della Ragione', 'AMO']",Palazzo della Ragione,strategy_nearest,True,0.0025827884674072266,success
04D3B34A9C4C80,3,"['Arena', 'Casa Giulietta']",Torre Lamberti,"['Sighseeing', 'Centro Fotografia', 'Museo Conte', 'Palazzo della Ragione', 'AMO']",Santa Anastasia,strategy_nearest,False,0.0037741661071777344,success
04D3B83A9C4C80,0,['Casa Giulietta'],Torre Lamberti,"['Sighseeing', 'Centro Fotografia', 'Museo Conte', 'Palazzo della Ragione', 'AMO']",Arena,strategy_nearest,False,0.0026900768280029297,success
04D3B74A9C4C80,0,['Arena'],Casa Giulietta,"['Centro Fotografia', 'Sighseeing', 'Torre Lamberti', 'Museo Conte', 'Museo Radio']",Duomo,strategy_nearest,False,0.002131938934326172,success
04D3BA429C4C80,0,['Casa Giulietta'],Arena,"['Verona Tour', 'Museo Lapidario', 'Museo Radio', 'San Fermo', 'Sighseeing']",San Zeno,strategy_nearest,False,0.003301858901977539,success
04D3D93A9C4C80,0,"['Castelvecchio', 'Arena']",Casa Giulietta,"['Centro Fotografia', 'Sighseeing', 'Torre Lamberti', 'Museo Conte', 'Museo Radio']",Duomo,strategy_nearest,False,0.0020389556884765625,success
04D3D1429C4C80,1,"['Arena', 'San Fermo', 'Teatro Romano', 'Castelvecchio']",Casa Giulietta,"['Centro Fotografia', 'Sighseeing', 'Torre Lamberti', 'Museo Conte', 'Museo Radio']",Torre Lamberti,strategy_nearest,True,0.0016481876373291016,success
04D3D3429C4C80,3,"['Castelvecchio', 'San Zeno', 'Teatro Romano', 'Duomo']",Arena,"['Verona Tour', 'Museo Lapidario', 'Museo Radio', 'San Fermo', 'Casa Giulietta']",Torre Lamberti,strategy_nearest,False,0.0027947425842285156,success
04D3CF4A9C4C80,0,['Castelvecchio'],Casa Giulietta,"['Centro Fotografia', 'Sighseeing', 'Torre Lamberti', 'Museo Conte', 'Museo Radio']",Arena,strategy_nearest,False,0.004219770431518555,success
04D3EA4A9C4C80,0,['Arena'],Torre Lamberti,"['Sighseeing', 'Centro Fotografia', 'Museo Conte', 'Casa Giulietta', 'Palazzo della Ragione']",Casa Giulietta,strategy_nearest,True,0.0013909339904785156,success
04D3EE3A9C4C80,0,['Castelvecchio'],Casa Giulietta,"['Centro Fotografia', 'Sighseeing', 'Torre Lamberti', 'Museo Conte', 'Museo Radio']",Torre Lamberti,strategy_nearest,True,0.002523183822631836,success
04D3DD429C4C80,1,"['Arena', 'Duomo']",Torre Lamberti,"['Sighseeing', 'Centro Fotografia', 'Museo Conte', 'Casa Giulietta', 'Palazzo della Ragione']",Palazzo della Ragione,strategy_nearest,True,0.002664804458618164,success
04D3F3429C4C80,1,['Palazzo della Ragione'],Duomo,"['AMO', 'Museo Miniscalchi', 'Santa Anastasia', 'Teatro Romano', 'Museo Conte']",Arena,strategy_nearest,False,0.0033860206604003906,success
04D3F6429C4C80,1,"['Tomba Giulietta', 'Arena', 'San Fermo', 'Casa Giulietta', 'Torre Lamberti']",Palazzo della Ragione,"['AMO', 'Museo Conte', 'Centro Fotografia', 'Sighseeing', 'Santa Anastasia']",Santa Anastasia,strategy_nearest,True,0.002712726593017578,success
04D3F34A9C4C80,0,['Arena'],Casa Giulietta,"['Centro Fotografia', 'Sighseeing', 'Torre Lamberti', 'Museo Conte', 'Museo Radio']",Castelvecchio,strategy_nearest,False,0.0019872188568115234,success
04D3FA429C4C80,3,"['Arena', 'Casa Giulietta', 'Santa Anastasia']",Castelvecchio,"['Museo Lapidario', 'Verona Tour', 'Museo Radio', 'San Zeno', 'Sighseeing']",Teatro Romano,strategy_nearest,False,0.0031328201293945312,success
04D3FB429C4C80,3,"['Arena', 'Castelvecchio', 'Casa Giulietta']",San Fermo,"['Museo Storia', 'Museo Radio', 'Centro Fotografia', 'Sighseeing', 'Torre Lamberti']",Santa Anastasia,strategy_nearest,False,0.0030488967895507812,success
04D3FE4A9C4C80,0,['Arena'],Casa Giulietta,"['Centro Fotografia', 'Sighseeing', 'Torre Lamberti', 'Museo Conte', 'Museo Radio']",Duomo,strategy_nearest,False,0.0020411014556884766,success
04D3FB4A9C4C80,0,"['Arena', 'Casa Giulietta']",Torre Lamberti,"['Sighseeing', 'Centro Fotografia', 'Museo Conte', 'Palazzo della Ragione', 'AMO']",Castelvecchio,strategy_nearest,False,0.0034890174865722656,success
04D4014A9C4C84,0,['Arena'],Casa Giulietta,"['Centro Fotografia', 'Sighseeing', 'Torre Lamberti', 'Museo Conte', 'Museo Radio']",Tomba Giulietta,strategy_nearest,False,0.003004789352416992,success
04D3FC429C4C80,1,"['Arena', 'Casa Giulietta', 'Torre Lamberti', 'Torre Lamberti', 'Palazzo della Ragione']",San Fermo,"['Museo Storia', 'Museo Radio', 'Centro Fotografia', 'Sighseeing', 'Museo Conte']",Santa Anastasia,strategy_nearest,False,0.0033321380615234375,success
04D4054A9C4C84,2,"['Tomba Giulietta', 'Casa Giulietta']",Torre Lamberti,"['Sighseeing', 'Centro Fotografia', 'Museo Conte', 'Palazzo della Ragione', 'AMO']",Santa Anastasia,strategy_nearest,False,0.0028159618377685547,success
04D4094A9C4C84,1,"['Arena', 'Casa Giulietta']",Torre Lamberti,"['Sighseeing', 'Centro Fotografia', 'Museo Conte', 'Palazzo della Ragione', 'AMO']",Palazzo della Ragione,strategy_nearest,True,0.0021419525146484375,success
04D40B429C4C84,1,"['Arena', 'Casa Giulietta']",Palazzo della Ragione,"['AMO', 'Museo Conte', 'Torre Lamberti', 'Centro Fotografia', 'Sighseeing']",Torre Lamberti,strategy_nearest,True,0.002689838409423828,success
04D40C4A9C4C84,1,"['Arena', 'Castelvecchio', 'San Zeno']",Duomo,"['AMO', 'Museo Miniscalchi', 'Santa Anastasia', 'Teatro Romano', 'Palazzo della Ragione']",Santa Anastasia,strategy_nearest,True,0.0032227039337158203,success
04D417429C4C84,1,"['Palazzo della Ragione', 'Casa Giulietta']",Arena,"['Verona Tour', 'Museo Lapidario', 'Museo Radio', 'San Fermo', 'Sighseeing']",Castelvecchio,strategy_nearest,False,0.0015339851379394531,success
04D41B4A9C4C80,4,"['Arena', 'Torre Lamberti', 'Castelvecchio', 'San Zeno', 'Museo Radio']",Tomba Giulietta,"['San Fermo', 'Museo Storia', 'Museo Lapidario', 'Verona Tour', 'Casa Giulietta']",San Fermo,strategy_nearest,True,0.003158092498779297,success
04D40E429C4C84,2,"['Castelvecchio', 'Torre Lamberti', 'Palazzo della Ragione', 'Santa Anastasia']",Museo Lapidario,"['Verona Tour', 'Arena', 'Museo Radio', 'San Fermo', 'Casa Giulietta']",Casa Giulietta,strategy_nearest,True,0.0033769607543945312,success
04D4113A9C4C80,1,"['Arena', 'Casa Giulietta']",Palazzo della Ragione,"['AMO', 'Museo Conte', 'Torre Lamberti', 'Centro Fotografia', 'Sighseeing']",Torre Lamberti,strategy_nearest,True,0.0027451515197753906,success
04D421429C4C84,0,['Arena'],Casa Giulietta,"['Centro Fotografia', 'Sighseeing', 'Torre Lamberti', 'Museo Conte', 'Museo Radio']",Torre Lamberti,strategy_nearest,True,0.0016357898712158203,success
04D4294A9C4C80,1,"['Castelvecchio', 'Arena', 'Santa Anastasia', 'Duomo']",Teatro Romano,"['AMO', 'Palazzo della Ragione', 'Museo Conte', 'Centro Fotografia', 'Museo Miniscalchi']",San Zeno,strategy_nearest,False,0.002237081527709961,success
04D4374A9C4C80,2,"['Torre Lamberti', 'San Fermo']",Santa Anastasia,"['AMO', 'Museo Conte', 'Palazzo della Ragione', 'Teatro Romano', 'Centro Fotografia']",San Zeno,strategy_nearest,False,0.002780914306640625,success
04D43D4A9C4C80,3,"['Arena', 'Castelvecchio', 'San Zeno', 'Casa Giulietta']",Santa Anastasia,"['AMO', 'Museo Conte', 'Palazzo della Ragione', 'Teatro Romano', 'Centro Fotografia']",Duomo,strategy_nearest,False,0.0032110214233398438,success
04D44F3A9C4C80,2,"['San Zeno', 'Casa Giulietta']",Torre Lamberti,"['Sighseeing', 'Centro Fotografia', 'Museo Conte', 'Palazzo della Ragione', 'AMO']",Santa Anastasia,strategy_nearest,False,0.00222015380859375,success
04D44C429C4C80,1,"['Casa Giulietta', 'Torre Lamberti']",Palazzo della Ragione,"['AMO', 'Museo Conte', 'Centro Fotografia', 'Sighseeing', 'Santa Anastasia']",Arena,strategy_nearest,False,0.0028498172760009766,success
04D4503A9C4C80,0,"['Castelvecchio', 'Torre Lamberti']",Arena,"['Verona Tour', 'Museo Lapidario', 'Museo Radio', 'San Fermo', 'Casa Giulietta']",Casa Giulietta,strategy_nearest,True,0.003393888473510742,success
04D4563A9C4C80,3,"['Duomo', 'Santa Anastasia']",Casa Giulietta,"['Centro Fotografia', 'Sighseeing', 'Torre Lamberti', 'Museo Conte', 'Museo Radio']",Arena,strategy_nearest,False,0.0015780925750732422,success
04D46B429C4C80,3,"['Arena', 'Casa Giulietta']",Castelvecchio,"['Museo Lapidario', 'Verona Tour', 'Museo Radio', 'San Zeno', 'Sighseeing']",San Zeno,strategy_nearest,True,0.0014469623565673828,success
04D4683A9C4C80,0,['Arena'],Casa Giulietta,"['Centro Fotografia', 'Sighseeing', 'Torre Lamberti', 'Museo Conte', 'Museo Radio']",Castelvecchio,strategy_nearest,False,0.0021741390228271484,success
04D4593A9C4C80,2,"['Teatro Romano', 'San Zeno']",Santa Anastasia,"['AMO', 'Museo Conte', 'Palazzo della Ragione', 'Centro Fotografia', 'Duomo']",Duomo,strategy_nearest,True,0.002956867218017578,success
04D4573A9C4C80,2,['San Zeno'],Torre Lamberti,"['Sighseeing', 'Centro Fotografia', 'Museo Conte', 'Casa Giulietta', 'Palazzo della Ragione']",Santa Anastasia,strategy_nearest,False,0.003596067428588867,success
04D477429C4C80,0,['Arena'],Casa Giulietta,"['Centro Fotografia', 'Sighseeing', 'Torre Lamberti', 'Museo Conte', 'Museo Radio']",Teatro Romano,strategy_nearest,False,0.0013930797576904297,success
04D47D3A9C4C80,3,['Santa Anastasia'],Duomo,"['AMO', 'Museo Miniscalchi', 'Teatro Romano', 'Palazzo della Ragione', 'Museo Conte']",Arena,strategy_nearest,False,0.0026259422302246094,success
04D47B4A9C4C80,3,"['Casa Giulietta', 'Torre Lamberti']",Santa Anastasia,"['AMO', 'Museo Conte', 'Palazzo della Ragione', 'Teatro Romano', 'Centro Fotografia']",Teatro Romano,strategy_nearest,True,0.003443002700805664,success
04D47A429C4C80,1,"['Tomba Giulietta', 'Arena']",Palazzo della Ragione,"['AMO', 'Museo Conte', 'Torre Lamberti', 'Centro Fotografia', 'Sighseeing']",Torre Lamberti,strategy_nearest,True,0.002238035202026367,success
04D481429C4C80,0,['Castelvecchio'],Arena,"['Verona Tour', 'Museo Lapidario', 'Museo Radio', 'San Fermo', 'Casa Giulietta']",Casa Giulietta,strategy_nearest,True,0.002109050750732422,success
04D49E429C4C80,0,"['Castelvecchio', 'Arena']",Duomo,"['AMO', 'Museo Miniscalchi', 'Santa Anastasia', 'Teatro Romano', 'Palazzo della Ragione']",Teatro Romano,strategy_nearest,True,0.0026748180389404297,success
04D492429C4C80,0,['Castelvecchio'],San Zeno,"['Verona Tour', 'Museo Lapidario', 'Arena', 'Museo Miniscalchi', 'Sighseeing']",Arena,strategy_nearest,True,0.002129077911376953,success
04D4994A9C4C80,2,"['Torre Lamberti', 'Palazzo della Ragione']",Santa Anastasia,"['AMO', 'Museo Conte', 'Teatro Romano', 'Centro Fotografia', 'Duomo']",Duomo,strategy_nearest,True,0.0034589767456054688,success
04D4AB3A9C4C80,0,"['Casa Giulietta', 'Arena']",San Fermo,"['Museo Storia', 'Museo Radio', 'Centro Fotografia', 'Sighseeing', 'Torre Lamberti']",Castelvecchio,strategy_nearest,False,0.0018110275268554688,success
04D49E4A9C4C80,3,['Arena'],Duomo,"['AMO', 'Museo Miniscalchi', 'Santa Anastasia', 'Teatro Romano', 'Palazzo della Ragione']",Santa Anastasia,strategy_nearest,True,0.0025849342346191406,success
04D4AE4A9C4C80,0,['Arena'],Torre Lamberti,"['Sighseeing', 'Centro Fotografia', 'Museo Conte', 'Casa Giulietta', 'Palazzo della Ragione']",Casa Giulietta,strategy_nearest,True,0.0033249855041503906,success
04D4C1429C4C80,0,['Arena'],Castelvecchio,"['Museo Lapidario', 'Verona Tour', 'Museo Radio', 'San Zeno', 'Sighseeing']",Torre Lamberti,strategy_nearest,False,0.003159046173095703,success
04D4C3429C4C80,0,['Tomba Giulietta'],Arena,"['Verona Tour', 'Museo Lapidario', 'Museo Radio', 'San Fermo', 'Casa Giulietta']",Castelvecchio,strategy_nearest,False,0.002641916275024414,success
04D4C74A9C4C80,3,"['Arena', 'Casa Giulietta']",Santa Anastasia,"['AMO', 'Museo Conte', 'Palazzo della Ragione', 'Teatro Romano', 'Centro Fotografia']",Teatro Romano,strategy_nearest,True,0.0033159255981445312,success
04D4B44A9C4C80,0,['Arena'],Casa Giulietta,"['Centro Fotografia', 'Sighseeing', 'Torre Lamberti', 'Museo Conte', 'Museo Radio']",Torre Lamberti,strategy_nearest,True,0.003534078598022461,success
04D4E1429C4C80,3,"['Arena', 'Castelvecchio']",San Zeno,"['Verona Tour', 'Museo Lapidario', 'Museo Miniscalchi', 'Sighseeing', 'Museo Radio']",Duomo,strategy_nearest,False,0.0014181137084960938,success
04D4C94A9C4C80,0,['Tomba Giulietta'],Arena,"['Verona Tour', 'Museo Lapidario', 'Museo Radio', 'San Fermo', 'Casa Giulietta']",Castelvecchio,strategy_nearest,False,0.0028100013732910156,success
04D4E73A9C4C80,0,['Arena'],Castelvecchio,"['Museo Lapidario', 'Verona Tour', 'Museo Radio', 'San Zeno', 'Sighseeing']",San Zeno,strategy_nearest,True,0.0032820701599121094,success
04D4D24A9C4C80,1,"['Arena', 'Casa Giulietta']",San Fermo,"['Museo Storia', 'Museo Radio', 'Centro Fotografia', 'Sighseeing', 'Torre Lamberti']",Palazzo della Ragione,strategy_nearest,False,0.003381967544555664,success
04D4F94A9C4C80,1,"['Arena', 'Casa Giulietta', 'Torre Lamberti', 'Palazzo della Ragione']",Santa Anastasia,"['AMO', 'Museo Conte', 'Teatro Romano', 'Centro Fotografia', 'Duomo']",Tomba Giulietta,strategy_nearest,False,0.0027260780334472656,success
04D4EA4A9C4C80,1,"['Arena', 'Torre Lamberti']",Palazzo della Ragione,"['AMO', 'Museo Conte', 'Centro Fotografia', 'Sighseeing', 'Santa Anastasia']",Casa Giulietta,strategy_nearest,False,0.0040130615234375,success
04D4FA429C4C80,0,['Arena'],Torre Lamberti,"['Sighseeing', 'Centro Fotografia', 'Museo Conte', 'Casa Giulietta', 'Palazzo della Ragione']",Casa Giulietta,strategy_nearest,True,0.003332853317260742,success
04D4FD4A9C4C80,2,['Castelvecchio'],Casa Giulietta,"['Centro Fotografia', 'Sighseeing', 'Torre Lamberti', 'Museo Conte', 'Museo Radio']",Teatro Romano,strategy_nearest,False,0.0014071464538574219,success
04D50C4A9C4C84,3,"['San Zeno', 'Castelvecchio', 'Arena']",Casa Giulietta,"['Centro Fotografia', 'Sighseeing', 'Torre Lamberti', 'Museo Conte', 'Museo Radio']",Torre Lamberti,strategy_nearest,True,0.0020399093627929688,success
04D5084A9C4C84,1,"['Arena', 'Casa Giulietta']",Palazzo della Ragione,"['AMO', 'Museo Conte', 'Torre Lamberti', 'Centro Fotografia', 'Sighseeing']",Torre Lamberti,strategy_nearest,True,0.003380298614501953,success
04D5094A9C4C84,1,['Torre Lamberti'],Palazzo della Ragione,"['AMO', 'Museo Conte', 'Centro Fotografia', 'Sighseeing', 'Santa Anastasia']",Casa Giulietta,strategy_nearest,False,0.00156402587890625,success
04D5014A9C4C84,1,"['Arena', 'Casa Giulietta', 'Castelvecchio']",Tomba Giulietta,"['San Fermo', 'Museo Storia', 'Museo Lapidario', 'Museo Radio', 'Verona Tour']",Torre Lamberti,strategy_nearest,False,0.0041959285736083984,success
04D513429C4C84,1,"['Arena', 'Casa Giulietta']",Castelvecchio,"['Museo Lapidario', 'Verona Tour', 'Museo Radio', 'San Zeno', 'Sighseeing']",Torre Lamberti,strategy_nearest,False,0.002543926239013672,success
04D5134A9C4C80,3,"['San Zeno', 'Arena', 'Santa Anastasia']",Casa Giulietta,"['Centro Fotografia', 'Sighseeing', 'Torre Lamberti', 'Museo Conte', 'Museo Radio']",San Fermo,strategy_nearest,False,0.001798868179321289,success
04D5183A9C4C80,0,['Arena'],Casa Giulietta,"['Centro Fotografia', 'Sighseeing', 'Torre Lamberti', 'Museo Conte', 'Museo Radio']",San Fermo,strategy_nearest,False,0.0031402111053466797,success
04D527429C4C84,1,"['Arena', 'Santa Anastasia']",Duomo,"['AMO', 'Museo Miniscalchi', 'Teatro Romano', 'Palazzo della Ragione', 'Museo Conte']",Torre Lamberti,strategy_nearest,False,0.0036017894744873047,success
04D53A429C4C80,0,['Arena'],Castelvecchio,"['Museo Lapidario', 'Verona Tour', 'Museo Radio', 'San Zeno', 'Sighseeing']",San Zeno,strategy_nearest,True,0.003270864486694336,success
04D5504A9C4C80,0,['Arena'],Casa Giulietta,"['Centro Fotografia', 'Sighseeing', 'Torre Lamberti', 'Museo Conte', 'Museo Radio']",Castelvecchio,strategy_nearest,False,0.0030210018157958984,success
04D53D429C4C80,3,"['Arena', 'Casa Giulietta']",Torre Lamberti,"['Sighseeing', 'Centro Fotografia', 'Museo Conte', 'Palazzo della Ragione', 'AMO']",Santa Anastasia,strategy_nearest,False,0.0025637149810791016,success
04D554429C4C80,3,"['Teatro Romano', 'Duomo', 'Santa Anastasia']",Torre Lamberti,"['Sighseeing', 'Centro Fotografia', 'Museo Conte', 'Casa Giulietta', 'Palazzo della Ragione']",Casa Giulietta,strategy_nearest,True,0.002576112747192383,success
04D5513A9C4C80,0,['Teatro Romano'],Casa Giulietta,"['Centro Fotografia', 'Sighseeing', 'Torre Lamberti', 'Museo Conte', 'Museo Radio']",Castelvecchio,strategy_nearest,False,0.001850128173828125,success
04D56B429C4C80,0,['Tomba Giulietta'],Arena,"['Verona Tour', 'Museo Lapidario', 'Museo Radio', 'San Fermo', 'Casa Giulietta']",Casa Giulietta,strategy_nearest,True,0.0025429725646972656,success
04D57A429C4C80,1,"['San Fermo', 'Casa Giulietta', 'Palazzo della Ragione']",Torre Lamberti,"['Sighseeing', 'Centro Fotografia', 'Museo Conte', 'AMO', 'Museo Miniscalchi']",Arena,strategy_nearest,False,0.00308990478515625,success
04D58C4A9C4C80,0,['Arena'],Casa Giulietta,"['Centro Fotografia', 'Sighseeing', 'Torre Lamberti', 'Museo Conte', 'Museo Radio']",Duomo,strategy_nearest,False,0.0033261775970458984,success
04D5824A9C4C80,2,['Casa Giulietta'],Tomba Giulietta,"['San Fermo', 'Museo Storia', 'Arena', 'Museo Lapidario', 'Museo Radio']",Castelvecchio,strategy_nearest,False,0.0026040077209472656,success
04D5994A9C4C80,3,['Arena'],San Zeno,"['Castelvecchio', 'Verona Tour', 'Museo Lapidario', 'Museo Miniscalchi', 'Sighseeing']",Teatro Romano,strategy_nearest,False,0.0032711029052734375,success
04D59E429C4C80,0,['Arena'],Castelvecchio,"['Museo Lapidario', 'Verona Tour', 'Museo Radio', 'San Zeno', 'Sighseeing']",Teatro Romano,strategy_nearest,False,0.0030601024627685547,success
04D5A44A9C4C80,3,"['Teatro Romano', 'Casa Giulietta', 'Torre Lamberti']",Castelvecchio,"['Museo Lapidario', 'Verona Tour', 'Arena', 'Museo Radio', 'San Zeno']",Museo Lapidario,strategy_nearest,True,0.0017881393432617188,success
04D5A0429C4C80,0,['Giardino Giusti'],Arena,"['Verona Tour', 'Museo Lapidario', 'Museo Radio', 'San Fermo', 'Casa Giulietta']",Castelvecchio,strategy_nearest,False,0.003444194793701172,success
04D5AB3A9C4C80,0,['Teatro Romano'],Arena,"['Verona Tour', 'Museo Lapidario', 'Museo Radio', 'San Fermo', 'Casa Giulietta']",Castelvecchio,strategy_nearest,False,0.002626180648803711,success
04D5A94A9C4C80,3,"['Teatro Romano', 'Duomo', 'Santa Anastasia']",Torre Lamberti,"['Sighseeing', 'Centro Fotografia', 'Museo Conte', 'Casa Giulietta', 'Palazzo della Ragione']",Casa Giulietta,strategy_nearest,True,0.004187822341918945,success
04D5AE4A9C4C80,2,['Castelvecchio'],Casa Giulietta,"['Centro Fotografia', 'Sighseeing', 'Torre Lamberti', 'Museo Conte', 'Museo Radio']",Tomba Giulietta,strategy_nearest,False,0.0033419132232666016,success
04D5B03A9C4C80,1,['Arena'],Torre Lamberti,"['Sighseeing', 'Centro Fotografia', 'Museo Conte', 'Casa Giulietta', 'Palazzo della Ragione']",Palazzo della Ragione,strategy_nearest,True,0.0019409656524658203,success
04D5B23A9C4C80,2,['Castelvecchio'],Casa Giulietta,"['Centro Fotografia', 'Sighseeing', 'Torre Lamberti', 'Museo Conte', 'Museo Radio']",Teatro Romano,strategy_nearest,False,0.0031020641326904297,success
04D5C34A9C4C80,3,"['Arena', 'Casa Giulietta']",Torre Lamberti,"['Sighseeing', 'Centro Fotografia', 'Museo Conte', 'Palazzo della Ragione', 'AMO']",Santa Anastasia,strategy_nearest,False,0.001960277557373047,success
04D5B6429C4C80,1,"['Arena', 'Palazzo della Ragione']",Santa Anastasia,"['AMO', 'Museo Conte', 'Teatro Romano', 'Centro Fotografia', 'Duomo']",Duomo,strategy_nearest,True,0.003595113754272461,success
04D5C0429C4C80,3,"['Arena', 'Santa Anastasia']",Duomo,"['AMO', 'Museo Miniscalchi', 'Teatro Romano', 'Palazzo della Ragione', 'Museo Conte']",Casa Giulietta,strategy_nearest,False,0.0028197765350341797,success
04D5C74A9C4C80,3,"['Arena', 'Casa Giulietta']",Santa Anastasia,"['AMO', 'Museo Conte', 'Palazzo della Ragione', 'Teatro Romano', 'Centro Fotografia']",Duomo,strategy_nearest,False,0.0035049915313720703,success
04D5CE4A9C4C80,0,['Arena'],Tomba Giulietta,"['San Fermo', 'Museo Storia', 'Museo Lapidario', 'Museo Radio', 'Verona Tour']",Casa Giulietta,strategy_nearest,False,0.0018317699432373047,success
04D5C94A9C4C80,3,"['Castelvecchio', 'Duomo']",Santa Anastasia,"['AMO', 'Museo Conte', 'Palazzo della Ragione', 'Teatro Romano', 'Centro Fotografia']",San Zeno,strategy_nearest,False,0.003162860870361328,success
04D5D23A9C4C80,0,['Arena'],Duomo,"['AMO', 'Museo Miniscalchi', 'Santa Anastasia', 'Teatro Romano', 'Palazzo della Ragione']",Casa Giulietta,strategy_nearest,False,0.004012107849121094,success
04D5D24A9C4C80,0,"['Arena', 'Casa Giulietta']",Duomo,"['AMO', 'Museo Miniscalchi', 'Santa Anastasia', 'Teatro Romano', 'Palazzo della Ragione']",Teatro Romano,strategy_nearest,True,0.0025937557220458984,success
04D5DF429C4C80,0,['Arena'],Casa Giulietta,"['Centro Fotografia', 'Sighseeing', 'Torre Lamberti', 'Museo Conte', 'Museo Radio']",Santa Anastasia,strategy_nearest,False,0.0041887760162353516,success
04D5F03A9C4C80,0,"['Arena', 'Casa Giulietta']",Teatro Romano,"['Santa Anastasia', 'Duomo', 'AMO', 'Palazzo della Ragione', 'Museo Conte']",Duomo,strategy_nearest,True,0.002027750015258789,success
04D5EF4A9C4C80,0,['Arena'],Casa Giulietta,"['Centro Fotografia', 'Sighseeing', 'Torre Lamberti', 'Museo Conte', 'Museo Radio']",Torre Lamberti,strategy_nearest,True,0.003286123275756836,success
04D5EF429C4C80,2,['Torre Lamberti'],Teatro Romano,"['Santa Anastasia', 'Duomo', 'AMO', 'Palazzo della Ragione', 'Museo Conte']",San Zeno,strategy_nearest,False,0.0030040740966796875,success
04D5F7429C4C80,1,"['Arena', 'Castelvecchio', 'Duomo', 'Santa Anastasia', 'Teatro Romano']",San Zeno,"['Verona Tour', 'Museo Lapidario', 'Museo Miniscalchi', 'Sighseeing', 'Museo Radio']",Tomba Giulietta,strategy_nearest,False,0.0013689994812011719,success
04D5F64A9C4C80,3,"['Torre Lamberti', 'Santa Anastasia']",Duomo,"['AMO', 'Museo Miniscalchi', 'Teatro Romano', 'Palazzo della Ragione', 'Museo Conte']",Casa Giulietta,strategy_nearest,False,0.0033500194549560547,success
04D5F6429C4C80,0,"['Tomba Giulietta', 'Castelvecchio']",San Zeno,"['Verona Tour', 'Museo Lapidario', 'Arena', 'Museo Miniscalchi', 'Sighseeing']",Casa Giulietta,strategy_nearest,False,0.0027871131896972656,success
04D5F13A9C4C80,1,['Castelvecchio'],Arena,"['Verona Tour', 'Museo Lapidario', 'Museo Radio', 'San Fermo', 'Casa Giulietta']",Torre Lamberti,strategy_nearest,False,0.0028448104858398438,success
04D5FC4A9C4C80,1,['Arena'],Torre Lamberti,"['Sighseeing', 'Centro Fotografia', 'Museo Conte', 'Casa Giulietta', 'Palazzo della Ragione']",Palazzo della Ragione,strategy_nearest,True,0.002246856689453125,success
04D5FA4A9C4C80,3,"['Arena', 'Torre Lamberti']",Casa Giulietta,"['Centro Fotografia', 'Sighseeing', 'Museo Conte', 'Museo Radio', 'Palazzo della Ragione']",Santa Anastasia,strategy_nearest,False,0.0028760433197021484,success
04D5F84A9C4C80,0,"['Arena', 'Casa Giulietta']",San Fermo,"['Museo Storia', 'Museo Radio', 'Centro Fotografia', 'Sighseeing', 'Torre Lamberti']",Tomba Giulietta,strategy_nearest,False,0.0035140514373779297,success
04D5FD4A9C4C80,0,['Castelvecchio'],Arena,"['Verona Tour', 'Museo Lapidario', 'Museo Radio', 'San Fermo', 'Casa Giulietta']",Casa Giulietta,strategy_nearest,True,0.0014629364013671875,success
04D6064A9C4C84,0,['Arena'],Casa Giulietta,"['Centro Fotografia', 'Sighseeing', 'Torre Lamberti', 'Museo Conte', 'Museo Radio']",Teatro Romano,strategy_nearest,False,0.002732992172241211,success
04D6014A9C4C84,3,['Arena'],Santa Anastasia,"['AMO', 'Museo Conte', 'Palazzo della Ragione', 'Teatro Romano', 'Centro Fotografia']",Duomo,strategy_nearest,False,0.0022361278533935547,success
04D6094A9C4C84,1,['Arena'],Castelvecchio,"['Museo Lapidario', 'Verona Tour', 'Museo Radio', 'San Zeno', 'Sighseeing']",Torre Lamberti,strategy_nearest,False,0.0032150745391845703,success
04D5FE3A9C4C80,1,"['Arena', 'Casa Giulietta']",Palazzo della Ragione,"['AMO', 'Museo Conte', 'Torre Lamberti', 'Centro Fotografia', 'Sighseeing']",Torre Lamberti,strategy_nearest,True,0.0016009807586669922,success
04D60F4A9C4C80,0,"['Casa Giulietta', 'Tomba Giulietta']",Castelvecchio,"['Museo Lapidario', 'Verona Tour', 'Arena', 'Museo Radio', 'San Zeno']",Torre Lamberti,strategy_nearest,False,0.0032968521118164062,success
04D60E429C4C84,3,['Torre Lamberti'],Duomo,"['AMO', 'Museo Miniscalchi', 'Santa Anastasia', 'Teatro Romano', 'Palazzo della Ragione']",Duomo,strategy_nearest,False,0.002232789993286133,success
04D60F3A9C4C84,3,['Arena'],Casa Giulietta,"['Centro Fotografia', 'Sighseeing', 'Torre Lamberti', 'Museo Conte', 'Museo Radio']",San Fermo,strategy_nearest,False,0.0016040802001953125,success
04D60C4A9C4C84,2,"['Castelvecchio', 'Casa Giulietta']",Torre Lamberti,"['Sighseeing', 'Centro Fotografia', 'Museo Conte', 'Palazzo della Ragione', 'AMO']",Santa Anastasia,strategy_nearest,False,0.0028548240661621094,success
04D6204A9C4C80,1,"['Arena', 'Torre Lamberti', 'Palazzo della Ragione', 'Castelvecchio', 'Duomo']",Teatro Romano,"['Santa Anastasia', 'AMO', 'Museo Conte', 'Centro Fotografia', 'Museo Miniscalchi']",Santa Anastasia,strategy_nearest,True,0.0012221336364746094,success
04D6234A9C4C80,1,"['Duomo', 'Arena']",Castelvecchio,"['Museo Lapidario', 'Verona Tour', 'Museo Radio', 'San Zeno', 'Sighseeing']",Palazzo della Ragione,strategy_nearest,False,0.0032830238342285156,success
04D615429C4C84,3,"['Arena', 'Casa Giulietta', 'Santa Anastasia']",Duomo,"['AMO', 'Museo Miniscalchi', 'Teatro Romano', 'Palazzo della Ragione', 'Museo Conte']",Teatro Romano,strategy_nearest,True,0.0028891563415527344,success
04D6173A9C4C80,3,"['Arena', 'Castelvecchio']",San Zeno,"['Verona Tour', 'Museo Lapidario', 'Museo Miniscalchi', 'Sighseeing', 'Museo Radio']",Torre Lamberti,strategy_nearest,False,0.0021572113037109375,success
04D624429C4C84,0,['Castelvecchio'],Torre Lamberti,"['Sighseeing', 'Centro Fotografia', 'Museo Conte', 'Casa Giulietta', 'Palazzo della Ragione']",Casa Giulietta,strategy_nearest,True,0.002201080322265625,success
04D627429C4C84,3,"['Giardino Giusti', 'Duomo', 'Santa Anastasia']",Torre Lamberti,"['Sighseeing', 'Centro Fotografia', 'Museo Conte', 'Casa Giulietta', 'Palazzo della Ragione']",Casa Giulietta,strategy_nearest,True,0.002766132354736328,success
04D62B3A9C4C80,1,"['Casa Giulietta', 'Castelvecchio', 'Torre Lamberti']",Palazzo della Ragione,"['AMO', 'Museo Conte', 'Centro Fotografia', 'Sighseeing', 'Santa Anastasia']",San Fermo,strategy_nearest,False,0.0033080577850341797,success
04D6343A9C4C80,3,"['Arena', 'Casa Giulietta']",Duomo,"['AMO', 'Museo Miniscalchi', 'Santa Anastasia', 'Teatro Romano', 'Palazzo della Ragione']",Santa Anastasia,strategy_nearest,True,0.0014081001281738281,success
04D6403A9C4C80,1,"['Palazzo della Ragione', 'Torre Lamberti', 'Arena', 'Casa Giulietta']",Santa Anastasia,"['AMO', 'Museo Conte', 'Teatro Romano', 'Centro Fotografia', 'Duomo']",San Zeno,strategy_nearest,False,0.0014309883117675781,success
04D639429C4C80,2,"['Torre Lamberti', 'San Fermo', 'Santa Anastasia']",Duomo,"['AMO', 'Museo Miniscalchi', 'Teatro Romano', 'Palazzo della Ragione', 'Museo Conte']",Giardino Giusti,strategy_nearest,False,0.002635955810546875,success
04D64B429C4C80,3,"['Castelvecchio', 'Arena', 'Casa Giulietta', 'San Fermo']",Torre Lamberti,"['Sighseeing', 'Centro Fotografia', 'Museo Conte', 'Palazzo della Ragione', 'AMO']",Santa Anastasia,strategy_nearest,False,0.003267049789428711,success
04D6483A9C4C80,3,"['Arena', 'Torre Lamberti']",San Fermo,"['Museo Storia', 'Museo Radio', 'Casa Giulietta', 'Centro Fotografia', 'Sighseeing']",Casa Giulietta,strategy_nearest,True,0.0027620792388916016,success
04D650429C4C80,1,"['Castelvecchio', 'San Zeno', 'Teatro Romano']",Santa Anastasia,"['AMO', 'Museo Conte', 'Palazzo della Ragione', 'Centro Fotografia', 'Duomo']",Duomo,strategy_nearest,True,0.0023529529571533203,success
04D6884A9C4C80,3,"['Arena', 'Casa Giulietta']",Torre Lamberti,"['Sighseeing', 'Centro Fotografia', 'Museo Conte', 'Palazzo della Ragione', 'AMO']",Santa Anastasia,strategy_nearest,False,0.002549886703491211,success
04D6774A9C4C80,0,['Arena'],Casa Giulietta,"['Centro Fotografia', 'Sighseeing', 'Torre Lamberti', 'Museo Conte', 'Museo Radio']",Tomba Giulietta,strategy_nearest,False,0.0032372474670410156,success
04D68E429C4C80,0,['Arena'],Castelvecchio,"['Museo Lapidario', 'Verona Tour', 'Museo Radio', 'San Zeno', 'Sighseeing']",Santa Anastasia,strategy_nearest,False,0.002992868423461914,success
04D6934A9C4C80,0,['Castelvecchio'],Arena,"['Verona Tour', 'Museo Lapidario', 'Museo Radio', 'San Fermo', 'Casa Giulietta']",Casa Giulietta,strategy_nearest,True,0.0029900074005126953,success
04D694429C4C80,3,"['Arena', 'Casa Giulietta']",Santa Anastasia,"['AMO', 'Museo Conte', 'Palazzo della Ragione', 'Teatro Romano', 'Centro Fotografia']",Duomo,strategy_nearest,False,0.0023651123046875,success
04D6A14A9C4C80,3,"['Casa Giulietta', 'Arena']",Tomba Giulietta,"['San Fermo', 'Museo Storia', 'Museo Lapidario', 'Museo Radio', 'Verona Tour']",Castelvecchio,strategy_nearest,False,0.0024843215942382812,success
04D6A93A9C4C80,1,['Casa Giulietta'],Palazzo della Ragione,"['AMO', 'Museo Conte', 'Torre Lamberti', 'Centro Fotografia', 'Sighseeing']",Torre Lamberti,strategy_nearest,True,0.0033359527587890625,success
04D698429C4C80,3,['Torre Lamberti'],Santa Anastasia,"['AMO', 'Museo Conte', 'Palazzo della Ragione', 'Teatro Romano', 'Centro Fotografia']",Duomo,strategy_nearest,False,0.0034592151641845703,success
04D6AC3A9C4C80,1,"['Arena', 'Castelvecchio', 'Torre Lamberti', 'Palazzo della Ragione']",Casa Giulietta,"['Centro Fotografia', 'Sighseeing', 'Museo Conte', 'Museo Radio', 'San Fermo']",Santa Anastasia,strategy_nearest,False,0.002937793731689453,success
04D6AE4A9C4C80,2,['Castelvecchio'],Casa Giulietta,"['Centro Fotografia', 'Sighseeing', 'Torre Lamberti', 'Museo Conte', 'Museo Radio']",Tomba Giulietta,strategy_nearest,False,0.0031921863555908203,success
04D6B24A9C4C80,1,"['Arena', 'Casa Giulietta']",Torre Lamberti,"['Sighseeing', 'Centro Fotografia', 'Museo Conte', 'Palazzo della Ragione', 'AMO']",Palazzo della Ragione,strategy_nearest,True,0.0018079280853271484,success
04D6B33A9C4C80,0,['Arena'],Casa Giulietta,"['Centro Fotografia', 'Sighseeing', 'Torre Lamberti', 'Museo Conte', 'Museo Radio']",Torre Lamberti,strategy_nearest,True,0.00310516357421875,success
04D6B04A9C4C80,1,['Arena'],Palazzo della Ragione,"['AMO', 'Museo Conte', 'Torre Lamberti', 'Centro Fotografia', 'Sighseeing']",Torre Lamberti,strategy_nearest,True,0.003322124481201172,success
04D6B64A9C4C80,3,"['Arena', 'Casa Giulietta']",Torre Lamberti,"['Sighseeing', 'Centro Fotografia', 'Museo Conte', 'Palazzo della Ragione', 'AMO']",Santa Anastasia,strategy_nearest,False,0.003419160842895508,success
04D6BB4A9C4C80,1,"['Arena', 'Casa Giulietta']",Castelvecchio,"['Museo Lapidario', 'Verona Tour', 'Museo Radio', 'San Zeno', 'Sighseeing']",Palazzo della Ragione,strategy_nearest,False,0.003050088882446289,success
04D6B83A9C4C80,3,"['Casa Giulietta', 'Santa Anastasia']",Duomo,"['AMO', 'Museo Miniscalchi', 'Teatro Romano', 'Palazzo della Ragione', 'Museo Conte']",Museo Storia,strategy_nearest,False,0.002719879150390625,success
04D6B8429C4C80,1,"['Arena', 'Torre Lamberti']",Palazzo della Ragione,"['AMO', 'Museo Conte', 'Centro Fotografia', 'Sighseeing', 'Santa Anastasia']",Santa Anastasia,strategy_nearest,True,0.0025162696838378906,success
04D6C94A9C4C80,0,['Arena'],Castelvecchio,"['Museo Lapidario', 'Verona Tour', 'Museo Radio', 'San Zeno', 'Sighseeing']",Teatro Romano,strategy_nearest,False,0.0019669532775878906,success
04D6C84A9C4C80,1,['Arena'],Torre Lamberti,"['Sighseeing', 'Centro Fotografia', 'Museo Conte', 'Casa Giulietta', 'Palazzo della Ragione']",Palazzo della Ragione,strategy_nearest,True,0.0029990673065185547,success
04D6CA4A9C4C80,3,"['Arena', 'Casa Giulietta', 'Torre Lamberti']",Santa Anastasia,"['AMO', 'Museo Conte', 'Palazzo della Ragione', 'Teatro Romano', 'Centro Fotografia']",Teatro Romano,strategy_nearest,True,0.002596139907836914,success
04D6CE4A9C4C80,0,['Arena'],Castelvecchio,"['Museo Lapidario', 'Verona Tour', 'Museo Radio', 'San Zeno', 'Sighseeing']",Casa Giulietta,strategy_nearest,False,0.0023946762084960938,success
04D6CC4A9C4C80,0,"['Arena', 'Casa Giulietta']",Duomo,"['AMO', 'Museo Miniscalchi', 'Santa Anastasia', 'Teatro Romano', 'Palazzo della Ragione']",Teatro Romano,strategy_nearest,True,0.00240325927734375,success
04D6D14A9C4C80,0,['Tomba Giulietta'],Arena,"['Verona Tour', 'Museo Lapidario', 'Museo Radio', 'San Fermo', 'Casa Giulietta']",Casa Giulietta,strategy_nearest,True,0.0026161670684814453,success
04D6D04A9C4C80,0,['Arena'],Casa Giulietta,"['Centro Fotografia', 'Sighseeing', 'Torre Lamberti', 'Museo Conte', 'Museo Radio']",Duomo,strategy_nearest,False,0.0034291744232177734,success
04D6EE4A9C4C80,0,"['Arena', 'Museo Lapidario']",Casa Giulietta,"['Centro Fotografia', 'Sighseeing', 'Torre Lamberti', 'Museo Conte', 'Museo Radio']",Tomba Giulietta,strategy_nearest,False,0.0023810863494873047,success
04D6EB3A9C4C80,1,['Arena'],Torre Lamberti,"['Sighseeing', 'Centro Fotografia', 'Museo Conte', 'Casa Giulietta', 'Palazzo della Ragione']",Palazzo della Ragione,strategy_nearest,True,0.003219127655029297,success
04D6F24A9C4C80,3,"['Arena', 'Castelvecchio']",Santa Anastasia,"['AMO', 'Museo Conte', 'Palazzo della Ragione', 'Teatro Romano', 'Centro Fotografia']",Teatro Romano,strategy_nearest,True,0.0026099681854248047,success
04D6F03A9C4C80,0,['Arena'],Torre Lamberti,"['Sighseeing', 'Centro Fotografia', 'Museo Conte', 'Casa Giulietta', 'Palazzo della Ragione']",Casa Giulietta,strategy_nearest,True,0.003328084945678711,success
04D6FC4A9C4C80,0,['Arena'],Duomo,"['AMO', 'Museo Miniscalchi', 'Santa Anastasia', 'Teatro Romano', 'Palazzo della Ragione']",Tomba Giulietta,strategy_nearest,False,0.0019979476928710938,success
04D6F44A9C4C80,0,['Arena'],Casa Giulietta,"['Centro Fotografia', 'Sighseeing', 'Torre Lamberti', 'Museo Conte', 'Museo Radio']",Santa Anastasia,strategy_nearest,False,0.0021970272064208984,success
04D6F6429C4C80,3,"['Teatro Romano', 'Casa Giulietta']",Arena,"['Verona Tour', 'Museo Lapidario', 'Museo Radio', 'San Fermo', 'Sighseeing']",Castelvecchio,strategy_nearest,False,0.0032739639282226562,success
04D6F34A9C4C80,3,['Arena'],Torre Lamberti,"['Sighseeing', 'Centro Fotografia', 'Museo Conte', 'Casa Giulietta', 'Palazzo della Ragione']",Santa Anastasia,strategy_nearest,False,0.003422975540161133,success
04D7014A9C4C84,2,['Casa Giulietta'],Torre Lamberti,"['Sighseeing', 'Centro Fotografia', 'Museo Conte', 'Palazzo della Ragione', 'AMO']",Santa Anastasia,strategy_nearest,False,0.0021910667419433594,success
04D70A429C4C84,2,['Torre Lamberti'],Casa Giulietta,"['Centro Fotografia', 'Sighseeing', 'Museo Conte', 'Museo Radio', 'Palazzo della Ragione']",Teatro Romano,strategy_nearest,False,0.0014269351959228516,success
04D7054A9C4C84,0,"['Arena', 'Casa Giulietta']",Teatro Romano,"['Santa Anastasia', 'Duomo', 'AMO', 'Palazzo della Ragione', 'Museo Conte']",Duomo,strategy_nearest,True,0.0026679039001464844,success
04D7034A9C4C84,0,['Castelvecchio'],Santa Anastasia,"['AMO', 'Museo Conte', 'Palazzo della Ragione', 'Teatro Romano', 'Centro Fotografia']",Casa Giulietta,strategy_nearest,False,0.003419160842895508,success
04D70C4A9C4C84,3,"['San Zeno', 'Castelvecchio', 'Arena']",Casa Giulietta,"['Centro Fotografia', 'Sighseeing', 'Torre Lamberti', 'Museo Conte', 'Museo Radio']",Torre Lamberti,strategy_nearest,True,0.003335237503051758,success
04D70B4A9C4C84,3,"['San Zeno', 'Castelvecchio', 'Arena']",Casa Giulietta,"['Centro Fotografia', 'Sighseeing', 'Torre Lamberti', 'Museo Conte', 'Museo Radio']",Torre Lamberti,strategy_nearest,True,0.0033631324768066406,success
04D70D429C4C84,1,"['Palazzo della Ragione', 'Casa Giulietta']",Arena,"['Verona Tour', 'Museo Lapidario', 'Museo Radio', 'San Fermo', 'Sighseeing']",Castelvecchio,strategy_nearest,False,0.0015571117401123047,success
04D70E429C4C84,0,['Arena'],Duomo,"['AMO', 'Museo Miniscalchi', 'Santa Anastasia', 'Teatro Romano', 'Palazzo della Ragione']",Casa Giulietta,strategy_nearest,False,0.003283262252807617,success
04D7104A9C4C80,3,"['Arena', 'Teatro Romano']",Duomo,"['AMO', 'Museo Miniscalchi', 'Santa Anastasia', 'Palazzo della Ragione', 'Museo Conte']",Santa Anastasia,strategy_nearest,True,0.0016078948974609375,success
04D71A429C4C84,3,"['Arena', 'Torre Lamberti', 'Casa Giulietta', 'San Fermo']",Santa Anastasia,"['AMO', 'Museo Conte', 'Palazzo della Ragione', 'Teatro Romano', 'Centro Fotografia']",Castelvecchio,strategy_nearest,False,0.001981019973754883,success
04D723429C4C84,0,['Arena'],Casa Giulietta,"['Centro Fotografia', 'Sighseeing', 'Torre Lamberti', 'Museo Conte', 'Museo Radio']",Duomo,strategy_nearest,False,0.002043008804321289,success
04D724429C4C84,0,['Arena'],Tomba Giulietta,"['San Fermo', 'Museo Storia', 'Museo Lapidario', 'Museo Radio', 'Verona Tour']",Duomo,strategy_nearest,False,0.0033271312713623047,success
04D716429C4C80,3,"['Casa Giulietta', 'Torre Lamberti', 'Santa Anastasia']",Duomo,"['AMO', 'Museo Miniscalchi', 'Teatro Romano', 'Palazzo della Ragione', 'Museo Conte']",Teatro Romano,strategy_nearest,True,0.004255056381225586,success
04D72D429C4C80,3,['Santa Anastasia'],Casa Giulietta,"['Centro Fotografia', 'Sighseeing', 'Torre Lamberti', 'Museo Conte', 'Museo Radio']",San Fermo,strategy_nearest,False,0.003365755081176758,success
04D7364A9C4C80,0,['Arena'],Tomba Giulietta,"['San Fermo', 'Museo Storia', 'Museo Lapidario', 'Museo Radio', 'Verona Tour']",Casa Giulietta,strategy_nearest,False,0.002559185028076172,success
04D72F3A9C4C80,3,['Teatro Romano'],Arena,"['Verona Tour', 'Museo Lapidario', 'Museo Radio', 'San Fermo', 'Casa Giulietta']",Casa Giulietta,strategy_nearest,True,0.0020999908447265625,success
04D7463A9C4C80,3,"['Arena', 'Tomba Giulietta', 'Casa Giulietta']",Torre Lamberti,"['Sighseeing', 'Centro Fotografia', 'Museo Conte', 'Palazzo della Ragione', 'AMO']",San Fermo,strategy_nearest,False,0.003515005111694336,success
04D746429C4C80,1,"['Arena', 'Casa Giulietta', 'Santa Anastasia']",Teatro Romano,"['Duomo', 'AMO', 'Palazzo della Ragione', 'Museo Conte', 'Centro Fotografia']",Palazzo della Ragione,strategy_nearest,True,0.002193927764892578,success
04D7574A9C4C80,0,"['Arena', 'Casa Giulietta']",Santa Anastasia,"['AMO', 'Museo Conte', 'Palazzo della Ragione', 'Teatro Romano', 'Centro Fotografia']",Museo Lapidario,strategy_nearest,False,0.002711057662963867,success
04D74F3A9C4C80,0,"['Arena', 'Castelvecchio', 'Teatro Romano']",Giardino Giusti,"['Santa Anastasia', 'Museo Conte', 'Centro Fotografia', 'Museo Storia', 'AMO']",Casa Giulietta,strategy_nearest,False,0.0036330223083496094,success
04D7603A9C4C80,1,"['Santa Anastasia', 'Duomo', 'Torre Lamberti']",Palazzo della Ragione,"['AMO', 'Museo Conte', 'Centro Fotografia', 'Sighseeing', 'Museo Miniscalchi']",Casa Giulietta,strategy_nearest,False,0.003022909164428711,success
04D768429C4C80,0,['Casa Giulietta'],Duomo,"['AMO', 'Museo Miniscalchi', 'Santa Anastasia', 'Teatro Romano', 'Palazzo della Ragione']",Teatro Romano,strategy_nearest,True,0.0029828548431396484,success
04D771429C4C80,3,"['Arena', 'Casa Giulietta']",Santa Anastasia,"['AMO', 'Museo Conte', 'Palazzo della Ragione', 'Teatro Romano', 'Centro Fotografia']",Duomo,strategy_nearest,False,0.002536296844482422,success
04D76D3A9C4C80,1,"['Teatro Romano', 'Casa Giulietta', 'Torre Lamberti', 'Palazzo della Ragione']",Arena,"['Verona Tour', 'Museo Lapidario', 'Museo Radio', 'San Fermo', 'Sighseeing']",Tomba Giulietta,strategy_nearest,False,0.003168821334838867,success
04D77B4A9C4C80,3,"['Arena', 'San Fermo']",Torre Lamberti,"['Sighseeing', 'Centro Fotografia', 'Museo Conte', 'Casa Giulietta', 'Palazzo della Ragione']",Duomo,strategy_nearest,False,0.0032727718353271484,success
04D7884A9C4C80,3,"['Arena', 'Castelvecchio']",Casa Giulietta,"['Centro Fotografia', 'Sighseeing', 'Torre Lamberti', 'Museo Conte', 'Museo Radio']",Santa Anastasia,strategy_nearest,False,0.0024051666259765625,success
04D7803A9C4C80,3,"['Santa Anastasia', 'Duomo', 'Torre Lamberti']",Casa Giulietta,"['Centro Fotografia', 'Sighseeing', 'Museo Conte', 'Museo Radio', 'Palazzo della Ragione']",Castelvecchio,strategy_nearest,False,0.0032701492309570312,success
04D7914A9C4C80,1,['Casa Giulietta'],Arena,"['Verona Tour', 'Museo Lapidario', 'Museo Radio', 'San Fermo', 'Sighseeing']",Torre Lamberti,strategy_nearest,False,0.002977132797241211,success
04D78B4A9C4C80,1,"['Casa Giulietta', 'Palazzo della Ragione', 'Torre Lamberti']",Santa Anastasia,"['AMO', 'Museo Conte', 'Teatro Romano', 'Centro Fotografia', 'Duomo']",Duomo,strategy_nearest,True,0.0033020973205566406,success
04D7AE3A9C4C80,3,"['Arena', 'Museo Lapidario', 'Casa Giulietta']",Torre Lamberti,"['Sighseeing', 'Centro Fotografia', 'Museo Conte', 'Palazzo della Ragione', 'AMO']",Santa Anastasia,strategy_nearest,False,0.0018968582153320312,success
04D795429C4C80,1,"['Casa Giulietta', 'Palazzo della Ragione', 'Torre Lamberti']",Arena,"['Verona Tour', 'Museo Lapidario', 'Museo Radio', 'San Fermo', 'Sighseeing']",San Fermo,strategy_nearest,True,0.0033609867095947266,success
04D7944A9C4C80,3,"['Arena', 'Casa Giulietta', 'Torre Lamberti']",Santa Anastasia,"['AMO', 'Museo Conte', 'Palazzo della Ragione', 'Teatro Romano', 'Centro Fotografia']",Duomo,strategy_nearest,False,0.0026018619537353516,success
04D7B24A9C4C80,1,"['Casa Giulietta', 'Tomba Giulietta']",San Fermo,"['Museo Storia', 'Museo Radio', 'Centro Fotografia', 'Arena', 'Sighseeing']",Arena,strategy_nearest,True,0.0034818649291992188,success
04D7BD4A9C4C80,3,"['Arena', 'Torre Lamberti']",Santa Anastasia,"['AMO', 'Museo Conte', 'Palazzo della Ragione', 'Teatro Romano', 'Centro Fotografia']",Duomo,strategy_nearest,False,0.0036208629608154297,success
04D7BE4A9C4C80,0,['Arena'],Museo Lapidario,"['Verona Tour', 'Castelvecchio', 'Museo Radio', 'San Fermo', 'Casa Giulietta']",Teatro Romano,strategy_nearest,False,0.0023310184478759766,success
04D7B6429C4C80,0,['Santa Anastasia'],Casa Giulietta,"['Centro Fotografia', 'Sighseeing', 'Torre Lamberti', 'Museo Conte', 'Museo Radio']",Arena,strategy_nearest,False,0.0037009716033935547,success
04D7C04A9C4C80,3,"['Arena', 'Castelvecchio']",Casa Giulietta,"['Centro Fotografia', 'Sighseeing', 'Torre Lamberti', 'Museo Conte', 'Museo Radio']",Santa Anastasia,strategy_nearest,False,0.003587961196899414,success
04D7C24A9C4C80,0,['Castelvecchio'],Arena,"['Verona Tour', 'Museo Lapidario', 'Museo Radio', 'San Fermo', 'Casa Giulietta']",Casa Giulietta,strategy_nearest,True,0.0030121803283691406,success
04D7C94A9C4C80,3,"['Arena', 'Teatro Romano']",Duomo,"['AMO', 'Museo Miniscalchi', 'Santa Anastasia', 'Palazzo della Ragione', 'Museo Conte']",Torre Lamberti,strategy_nearest,False,0.002053976058959961,success
04D7CA4A9C4C80,0,['Arena'],Casa Giulietta,"['Centro Fotografia', 'Sighseeing', 'Torre Lamberti', 'Museo Conte', 'Museo Radio']",Duomo,strategy_nearest,False,0.00333404541015625,success
04D7CD3A9C4C80,1,"['Duomo', 'Palazzo della Ragione']",Casa Giulietta,"['Centro Fotografia', 'Sighseeing', 'Torre Lamberti', 'Museo Conte', 'Museo Radio']",Arena,strategy_nearest,False,0.0031728744506835938,success
04D7D04A9C4C80,0,['Arena'],Castelvecchio,"['Museo Lapidario', 'Verona Tour', 'Museo Radio', 'San Zeno', 'Sighseeing']",Casa Giulietta,strategy_nearest,False,0.003336191177368164,success
04D7CE4A9C4C80,0,"['Arena', 'Casa Giulietta']",Teatro Romano,"['Santa Anastasia', 'Duomo', 'AMO', 'Palazzo della Ragione', 'Museo Conte']",Duomo,strategy_nearest,True,0.0026481151580810547,success
04D7D24A9C4C80,0,['Castelvecchio'],Arena,"['Verona Tour', 'Museo Lapidario', 'Museo Radio', 'San Fermo', 'Casa Giulietta']",Casa Giulietta,strategy_nearest,True,0.0032129287719726562,success
04D7EB3A9C4C80,0,['Arena'],Casa Giulietta,"['Centro Fotografia', 'Sighseeing', 'Torre Lamberti', 'Museo Conte', 'Museo Radio']",San Zeno,strategy_nearest,False,0.0024781227111816406,success
04D7DB429C4C80,0,['Arena'],Castelvecchio,"['Museo Lapidario', 'Verona Tour', 'Museo Radio', 'San Zeno', 'Sighseeing']",Duomo,strategy_nearest,False,0.0032880306243896484,success
04D7FF3A9C4C80,0,['Arena'],Casa Giulietta,"['Centro Fotografia', 'Sighseeing', 'Torre Lamberti', 'Museo Conte', 'Museo Radio']",Santa Anastasia,strategy_nearest,False,0.0031158924102783203,success
04D7ED4A9C4C80,1,"['Castelvecchio', 'Casa Giulietta', 'Torre Lamberti', 'Teatro Romano']",Santa Anastasia,"['AMO', 'Museo Conte', 'Palazzo della Ragione', 'Centro Fotografia', 'Duomo']",Palazzo della Ragione,strategy_nearest,True,0.0033979415893554688,success
04D8024A9C4C84,0,"['Museo Lapidario', 'Arena']",Casa Giulietta,"['Centro Fotografia', 'Sighseeing', 'Torre Lamberti', 'Museo Conte', 'Museo Radio']",Tomba Giulietta,strategy_nearest,False,0.003997802734375,success
04D8034A9C4C84,2,['Casa Giulietta'],Torre Lamberti,"['Sighseeing', 'Centro Fotografia', 'Museo Conte', 'Palazzo della Ragione', 'AMO']",Santa Anastasia,strategy_nearest,False,0.002131938934326172,success
04D8044A9C4C84,3,['Arena'],Casa Giulietta,"['Centro Fotografia', 'Sighseeing', 'Torre Lamberti', 'Museo Conte', 'Museo Radio']",Santa Anastasia,strategy_nearest,False,0.0014450550079345703,success
04D80F429C4C84,1,"['Castelvecchio', 'San Zeno', 'Arena', 'Santa Anastasia']",Casa Giulietta,"['Centro Fotografia', 'Sighseeing', 'Torre Lamberti', 'Museo Conte', 'Museo Radio']",Museo Lapidario,strategy_nearest,False,0.0032808780670166016,success
04D813429C4C84,1,"['Arena', 'Casa Giulietta']",Palazzo della Ragione,"['AMO', 'Museo Conte', 'Torre Lamberti', 'Centro Fotografia', 'Sighseeing']",Torre Lamberti,strategy_nearest,True,0.002228975296020508,success
04D811429C4C84,1,"['Castelvecchio', 'Arena', 'Casa Giulietta', 'Palazzo della Ragione']",Torre Lamberti,"['Sighseeing', 'Centro Fotografia', 'Museo Conte', 'AMO', 'Museo Miniscalchi']",Duomo,strategy_nearest,False,0.002918243408203125,success
04D8143A9C4C80,3,"['San Fermo', 'Torre Lamberti', 'Santa Anastasia', 'Teatro Romano']",Casa Giulietta,"['Centro Fotografia', 'Sighseeing', 'Museo Conte', 'Museo Radio', 'Palazzo della Ragione']",Arena,strategy_nearest,False,0.003338336944580078,success
04D80F4A9C4C84,0,['Arena'],Torre Lamberti,"['Sighseeing', 'Centro Fotografia', 'Museo Conte', 'Casa Giulietta', 'Palazzo della Ragione']",Casa Giulietta,strategy_nearest,True,0.002214193344116211,success
04D8164A9C4C80,2,"['Casa Giulietta', 'Torre Lamberti']",Palazzo della Ragione,"['AMO', 'Museo Conte', 'Centro Fotografia', 'Sighseeing', 'Santa Anastasia']",Santa Anastasia,strategy_nearest,True,0.0019829273223876953,success
04D826429C4C84,0,['Casa Giulietta'],Torre Lamberti,"['Sighseeing', 'Centro Fotografia', 'Museo Conte', 'Palazzo della Ragione', 'AMO']",Arena,strategy_nearest,False,0.0032160282135009766,success
04D81C3A9C4C80,3,"['Museo Lapidario', 'Arena', 'Castelvecchio', 'Casa Giulietta']",Giardino Giusti,"['Santa Anastasia', 'Teatro Romano', 'Museo Conte', 'Centro Fotografia', 'Museo Storia']",Teatro Romano,strategy_nearest,True,0.0021147727966308594,success
04D81A3A9C4C80,1,"['Casa Giulietta', 'Arena', 'Castelvecchio', 'San Zeno']",Torre Lamberti,"['Sighseeing', 'Centro Fotografia', 'Museo Conte', 'Palazzo della Ragione', 'AMO']",Palazzo della Ragione,strategy_nearest,True,0.003429889678955078,success
04D82F429C4C80,3,"['San Fermo', 'Museo Storia', 'Tomba Giulietta', 'Arena']",Casa Giulietta,"['Centro Fotografia', 'Sighseeing', 'Torre Lamberti', 'Museo Conte', 'Museo Radio']",Torre Lamberti,strategy_nearest,True,0.002023935317993164,success
04D82D429C4C80,2,"['Casa Giulietta', 'Torre Lamberti']",Santa Anastasia,"['AMO', 'Museo Conte', 'Palazzo della Ragione', 'Teatro Romano', 'Centro Fotografia']",Duomo,strategy_nearest,False,0.0026493072509765625,success
04D8284A9C4C80,3,"['Santa Anastasia', 'Teatro Romano']",Arena,"['Verona Tour', 'Museo Lapidario', 'Museo Radio', 'San Fermo', 'Casa Giulietta']",Casa Giulietta,strategy_nearest,True,0.0028421878814697266,success
04D82D3A9C4C80,3,"['Duomo', 'San Fermo']",Casa Giulietta,"['Centro Fotografia', 'Sighseeing', 'Torre Lamberti', 'Museo Conte', 'Museo Radio']",Arena,strategy_nearest,False,0.0032949447631835938,success
04D844429C4C80,1,"['Arena', 'Castelvecchio']",Torre Lamberti,"['Sighseeing', 'Centro Fotografia', 'Museo Conte', 'Casa Giulietta', 'Palazzo della Ragione']",Palazzo della Ragione,strategy_nearest,True,0.002824068069458008,success
04D8343A9C4C80,0,['Arena'],Tomba Giulietta,"['San Fermo', 'Museo Storia', 'Museo Lapidario', 'Museo Radio', 'Verona Tour']",Casa Giulietta,strategy_nearest,False,0.001600027084350586,success
04D8503A9C4C80,1,"['Castelvecchio', 'Duomo', 'Arena']",Casa Giulietta,"['Centro Fotografia', 'Sighseeing', 'Torre Lamberti', 'Museo Conte', 'Museo Radio']",Torre Lamberti,strategy_nearest,True,0.002177715301513672,success
04D8523A9C4C80,1,"['Castelvecchio', 'Teatro Romano', 'Casa Giulietta']",Arena,"['Verona Tour', 'Museo Lapidario', 'Museo Radio', 'San Fermo', 'Sighseeing']",Tomba Giulietta,strategy_nearest,False,0.003278017044067383,success
04D876429C4C80,2,['Casa Giulietta'],Duomo,"['AMO', 'Museo Miniscalchi', 'Santa Anastasia', 'Teatro Romano', 'Palazzo della Ragione']",San Zeno,strategy_nearest,False,0.002593994140625,success
04D88B4A9C4C80,3,"['San Fermo', 'Teatro Romano']",Duomo,"['AMO', 'Museo Miniscalchi', 'Santa Anastasia', 'Palazzo della Ragione', 'Museo Conte']",Torre Lamberti,strategy_nearest,False,0.0019352436065673828,success
04D88F4A9C4C80,3,"['Arena', 'Casa Giulietta', 'San Fermo']",Castelvecchio,"['Museo Lapidario', 'Verona Tour', 'Museo Radio', 'San Zeno', 'Sighseeing']",Torre Lamberti,strategy_nearest,False,0.003300189971923828,success
04D8884A9C4C80,3,"['Arena', 'Casa Giulietta']",Torre Lamberti,"['Sighseeing', 'Centro Fotografia', 'Museo Conte', 'Palazzo della Ragione', 'AMO']",Santa Anastasia,strategy_nearest,False,0.0034117698669433594,success
04D8974A9C4C80,3,"['Arena', 'Casa Giulietta', 'Santa Anastasia']",Duomo,"['AMO', 'Museo Miniscalchi', 'Teatro Romano', 'Palazzo della Ragione', 'Museo Conte']",Teatro Romano,strategy_nearest,True,0.003259897232055664,success
04D893429C4C80,0,['Arena'],Torre Lamberti,"['Sighseeing', 'Centro Fotografia', 'Museo Conte', 'Casa Giulietta', 'Palazzo della Ragione']",Casa Giulietta,strategy_nearest,True,0.0028579235076904297,success
04D8944A9C4C80,3,"['Castelvecchio', 'Arena']",Casa Giulietta,"['Centro Fotografia', 'Sighseeing', 'Torre Lamberti', 'Museo Conte', 'Museo Radio']",Torre Lamberti,strategy_nearest,True,0.002705097198486328,success
04D8A54A9C4C80,0,"['Arena', 'Museo Lapidario']",Castelvecchio,"['Verona Tour', 'Museo Radio', 'San Zeno', 'Sighseeing', 'Museo Miniscalchi']",San Zeno,strategy_nearest,True,0.0019440650939941406,success
04D8AA429C4C80,3,"['Arena', 'Castelvecchio']",Duomo,"['AMO', 'Museo Miniscalchi', 'Santa Anastasia', 'Teatro Romano', 'Palazzo della Ragione']",Santa Anastasia,strategy_nearest,True,0.002213001251220703,success
04D8B24A9C4C80,1,"['Casa Giulietta', 'Tomba Giulietta']",San Fermo,"['Museo Storia', 'Museo Radio', 'Centro Fotografia', 'Arena', 'Sighseeing']",Arena,strategy_nearest,True,0.0027611255645751953,success
04D8AE3A9C4C80,3,"['Torre Lamberti', 'Santa Anastasia']",Duomo,"['AMO', 'Museo Miniscalchi', 'Teatro Romano', 'Palazzo della Ragione', 'Museo Conte']",Castelvecchio,strategy_nearest,False,0.003445148468017578,success
04D8B74A9C4C80,3,"['Castelvecchio', 'Arena']",Casa Giulietta,"['Centro Fotografia', 'Sighseeing', 'Torre Lamberti', 'Museo Conte', 'Museo Radio']",Torre Lamberti,strategy_nearest,True,0.001402139663696289,success
04D8C54A9C4C80,1,"['Arena', 'Casa Giulietta']",Palazzo della Ragione,"['AMO', 'Museo Conte', 'Torre Lamberti', 'Centro Fotografia', 'Sighseeing']",Torre Lamberti,strategy_nearest,True,0.0027379989624023438,success
04D8BB4A9C4C80,1,"['Arena', 'San Fermo', 'Casa Giulietta']",Torre Lamberti,"['Sighseeing', 'Centro Fotografia', 'Museo Conte', 'Palazzo della Ragione', 'AMO']",Palazzo della Ragione,strategy_nearest,True,0.002796173095703125,success
04D8C24A9C4C80,0,['Arena'],Casa Giulietta,"['Centro Fotografia', 'Sighseeing', 'Torre Lamberti', 'Museo Conte', 'Museo Radio']",Torre Lamberti,strategy_nearest,True,0.003998994827270508,success
04D8CB4A9C4C80,0,['Arena'],Casa Giulietta,"['Centro Fotografia', 'Sighseeing', 'Torre Lamberti', 'Museo Conte', 'Museo Radio']",Duomo,strategy_nearest,False,0.0013952255249023438,success
04D8D04A9C4C80,1,"['Arena', 'Casa Giulietta', 'Torre Lamberti']",Palazzo della Ragione,"['AMO', 'Museo Conte', 'Centro Fotografia', 'Sighseeing', 'Santa Anastasia']",Santa Anastasia,strategy_nearest,True,0.0015540122985839844,success
04D8F0429C4C80,0,"['Castelvecchio', 'Torre Lamberti']",Arena,"['Verona Tour', 'Museo Lapidario', 'Museo Radio', 'San Fermo', 'Casa Giulietta']",Casa Giulietta,strategy_nearest,True,0.002568960189819336,success
04D8DB429C4C80,3,"['Arena', 'Casa Giulietta', 'Santa Anastasia']",Teatro Romano,"['Duomo', 'AMO', 'Palazzo della Ragione', 'Museo Conte', 'Centro Fotografia']",Castelvecchio,strategy_nearest,False,0.002135038375854492,success
04D8CC4A9C4C80,0,['Arena'],Casa Giulietta,"['Centro Fotografia', 'Sighseeing', 'Torre Lamberti', 'Museo Conte', 'Museo Radio']",Torre Lamberti,strategy_nearest,True,0.003993034362792969,success
04D8FB4A9C4C80,2,['Tomba Giulietta'],Teatro Romano,"['Santa Anastasia', 'Duomo', 'AMO', 'Palazzo della Ragione', 'Museo Conte']",Castelvecchio,strategy_nearest,False,0.0014619827270507812,success
04D8F04A9C4C80,0,['Arena'],Torre Lamberti,"['Sighseeing', 'Centro Fotografia', 'Museo Conte', 'Casa Giulietta', 'Palazzo della Ragione']",Casa Giulietta,strategy_nearest,True,0.003944873809814453,success
04D8FF4A9C4C80,0,['Castelvecchio'],Arena,"['Verona Tour', 'Museo Lapidario', 'Museo Radio', 'San Fermo', 'Casa Giulietta']",Torre Lamberti,strategy_nearest,False,0.003125905990600586,success
04D8FA429C4C80,2,"['Duomo', 'Santa Anastasia']",Teatro Romano,"['AMO', 'Palazzo della Ragione', 'Museo Conte', 'Centro Fotografia', 'Museo Miniscalchi']",Tomba Giulietta,strategy_nearest,False,0.0020987987518310547,success
04D9004A9C4C84,0,"['Arena', 'Casa Giulietta']",Castelvecchio,"['Museo Lapidario', 'Verona Tour', 'Museo Radio', 'San Zeno', 'Sighseeing']",San Zeno,strategy_nearest,True,0.001363992691040039,success
04D9024A9C4C84,2,['Casa Giulietta'],Torre Lamberti,"['Sighseeing', 'Centro Fotografia', 'Museo Conte', 'Palazzo della Ragione', 'AMO']",San Zeno,strategy_nearest,False,0.00215911865234375,success
04D9034A9C4C84,3,"['Arena', 'Casa Giulietta']",Santa Anastasia,"['AMO', 'Museo Conte', 'Palazzo della Ragione', 'Teatro Romano', 'Centro Fotografia']",Duomo,strategy_nearest,False,0.0027501583099365234,success
04D9064A9C4C84,0,['Arena'],Casa Giulietta,"['Centro Fotografia', 'Sighseeing', 'Torre Lamberti', 'Museo Conte', 'Museo Radio']",Torre Lamberti,strategy_nearest,True,0.003204822540283203,success
04D90F429C4C84,0,['Arena'],Casa Giulietta,"['Centro Fotografia', 'Sighseeing', 'Torre Lamberti', 'Museo Conte', 'Museo Radio']",Torre Lamberti,strategy_nearest,True,0.0013539791107177734,success
04D90E429C4C84,0,['Torre Lamberti'],Casa Giulietta,"['Centro Fotografia', 'Sighseeing', 'Museo Conte', 'Museo Radio', 'Palazzo della Ragione']",Arena,strategy_nearest,False,0.0021491050720214844,success
04D9074A9C4C84,0,['Arena'],Casa Giulietta,"['Centro Fotografia', 'Sighseeing', 'Torre Lamberti', 'Museo Conte', 'Museo Radio']",Santa Anastasia,strategy_nearest,False,0.004014730453491211,success
04D90E4A9C4C84,1,"['Casa Giulietta', 'Arena']",Palazzo della Ragione,"['AMO', 'Museo Conte', 'Torre Lamberti', 'Centro Fotografia', 'Sighseeing']",Duomo,strategy_nearest,False,0.0034601688385009766,success
04D90F4A9C4C84,3,"['Arena', 'Casa Giulietta']",Santa Anastasia,"['AMO', 'Museo Conte', 'Palazzo della Ragione', 'Teatro Romano', 'Centro Fotografia']",Duomo,strategy_nearest,False,0.003248929977416992,success
04D9104A9C4C84,1,"['Arena', 'Casa Giulietta', 'Palazzo della Ragione']",Santa Anastasia,"['AMO', 'Museo Conte', 'Teatro Romano', 'Centro Fotografia', 'Duomo']",Duomo,strategy_nearest,True,0.001967906951904297,success
04D9124A9C4C84,2,"['Casa Giulietta', 'Torre Lamberti']",Palazzo della Ragione,"['AMO', 'Museo Conte', 'Centro Fotografia', 'Sighseeing', 'Santa Anastasia']",Castelvecchio,strategy_nearest,False,0.002660036087036133,success
04D914429C4C84,3,"['Arena', 'Casa Giulietta']",Torre Lamberti,"['Sighseeing', 'Centro Fotografia', 'Museo Conte', 'Palazzo della Ragione', 'AMO']",Santa Anastasia,strategy_nearest,False,0.0033731460571289062,success
04D9234A9C4C80,0,"['Arena', 'Torre Lamberti']",Castelvecchio,"['Museo Lapidario', 'Verona Tour', 'Museo Radio', 'San Zeno', 'Sighseeing']",Casa Giulietta,strategy_nearest,False,0.001931905746459961,success
04D92C3A9C4C80,0,['Arena'],Casa Giulietta,"['Centro Fotografia', 'Sighseeing', 'Torre Lamberti', 'Museo Conte', 'Museo Radio']",Castelvecchio,strategy_nearest,False,0.0032813549041748047,success
04D918429C4C84,2,"['Torre Lamberti', 'Palazzo della Ragione']",Casa Giulietta,"['Centro Fotografia', 'Sighseeing', 'Museo Conte', 'Museo Radio', 'San Fermo']",Santa Anastasia,strategy_nearest,False,0.0032618045806884766,success
04D92F3A9C4C80,0,['Arena'],Casa Giulietta,"['Centro Fotografia', 'Sighseeing', 'Torre Lamberti', 'Museo Conte', 'Museo Radio']",Castelvecchio,strategy_nearest,False,0.002895832061767578,success
04D9493A9C4C80,3,"['Giardino Giusti', 'Teatro Romano']",San Fermo,"['Museo Storia', 'Museo Radio', 'Casa Giulietta', 'Centro Fotografia', 'Arena']",Arena,strategy_nearest,True,0.0018210411071777344,success
04D93B4A9C4C80,3,"['Santa Anastasia', 'Duomo']",Arena,"['Verona Tour', 'Museo Lapidario', 'Museo Radio', 'San Fermo', 'Casa Giulietta']",Torre Lamberti,strategy_nearest,False,0.0026340484619140625,success
04D9503A9C4C80,1,"['Arena', 'Torre Lamberti']",Palazzo della Ragione,"['AMO', 'Museo Conte', 'Centro Fotografia', 'Sighseeing', 'Santa Anastasia']",Casa Giulietta,strategy_nearest,False,0.0025649070739746094,success
04D9534A9C4C80,0,['Arena'],Castelvecchio,"['Museo Lapidario', 'Verona Tour', 'Museo Radio', 'San Zeno', 'Sighseeing']",Casa Giulietta,strategy_nearest,False,0.003120899200439453,success
04D9754A9C4C80,3,"['Arena', 'Teatro Romano']",Santa Anastasia,"['AMO', 'Museo Conte', 'Palazzo della Ragione', 'Centro Fotografia', 'Duomo']",Duomo,strategy_nearest,True,0.002267122268676758,success
04D9934A9C4C80,0,['Arena'],Casa Giulietta,"['Centro Fotografia', 'Sighseeing', 'Torre Lamberti', 'Museo Conte', 'Museo Radio']",Torre Lamberti,strategy_nearest,True,0.0025217533111572266,success
04D9924A9C4C80,3,['Arena'],Casa Giulietta,"['Centro Fotografia', 'Sighseeing', 'Torre Lamberti', 'Museo Conte', 'Museo Radio']",Santa Anastasia,strategy_nearest,False,0.0020270347595214844,success
04D978429C4C80,0,"['Tomba Giulietta', 'Arena']",Casa Giulietta,"['Centro Fotografia', 'Sighseeing', 'Torre Lamberti', 'Museo Conte', 'Museo Radio']",Duomo,strategy_nearest,False,0.004122018814086914,success
04D99A429C4C80,1,"['Casa Giulietta', 'San Fermo', 'Museo Storia']",Arena,"['Verona Tour', 'Museo Lapidario', 'Museo Radio', 'Sighseeing', 'Castelvecchio']",Castelvecchio,strategy_nearest,True,0.003245115280151367,success
04D998429C4C80,0,['Arena'],Casa Giulietta,"['Centro Fotografia', 'Sighseeing', 'Torre Lamberti', 'Museo Conte', 'Museo Radio']",Torre Lamberti,strategy_nearest,True,0.002668142318725586,success
04D9944A9C4C80,0,"['Arena', 'Castelvecchio']",Torre Lamberti,"['Sighseeing', 'Centro Fotografia', 'Museo Conte', 'Casa Giulietta', 'Palazzo della Ragione']",Casa Giulietta,strategy_nearest,True,0.003304004669189453,success
04D9A4429C4C80,2,"['Casa Giulietta', 'Torre Lamberti']",Santa Anastasia,"['AMO', 'Museo Conte', 'Palazzo della Ragione', 'Teatro Romano', 'Centro Fotografia']",Duomo,strategy_nearest,False,0.003341197967529297,success
04D9A74A9C4C80,2,['Castelvecchio'],Casa Giulietta,"['Centro Fotografia', 'Sighseeing', 'Torre Lamberti', 'Museo Conte', 'Museo Radio']",Tomba Giulietta,strategy_nearest,False,0.0024509429931640625,success
04D9A93A9C4C80,1,"['Casa Giulietta', 'Torre Lamberti']",Palazzo della Ragione,"['AMO', 'Museo Conte', 'Centro Fotografia', 'Sighseeing', 'Santa Anastasia']",Santa Anastasia,strategy_nearest,True,0.0017819404602050781,success
04D9B54A9C4C80,1,"['Arena', 'Museo Lapidario', 'Casa Giulietta']",Torre Lamberti,"['Sighseeing', 'Centro Fotografia', 'Museo Conte', 'Palazzo della Ragione', 'AMO']",Palazzo della Ragione,strategy_nearest,True,0.00257110595703125,success
04D9AA4A9C4C80,1,"['Arena', 'Casa Giulietta', 'Palazzo della Ragione', 'Torre Lamberti']",Santa Anastasia,"['AMO', 'Museo Conte', 'Teatro Romano', 'Centro Fotografia', 'Duomo']",Teatro Romano,strategy_nearest,True,0.004001140594482422,success
04D9B7429C4C80,1,"['Palazzo della Ragione', 'Torre Lamberti', 'Casa Giulietta']",Santa Anastasia,"['AMO', 'Museo Conte', 'Teatro Romano', 'Centro Fotografia', 'Duomo']",Duomo,strategy_nearest,True,0.0018601417541503906,success
04D9B84A9C4C80,0,"['Teatro Romano', 'Torre Lamberti']",Casa Giulietta,"['Centro Fotografia', 'Sighseeing', 'Museo Conte', 'Museo Radio', 'Palazzo della Ragione']",San Zeno,strategy_nearest,False,0.003122091293334961,success
04D9BC4A9C4C80,3,"['Arena', 'Casa Giulietta']",Torre Lamberti,"['Sighseeing', 'Centro Fotografia', 'Museo Conte', 'Palazzo della Ragione', 'AMO']",Teatro Romano,strategy_nearest,False,0.0019769668579101562,success
04D9BA4A9C4C80,3,"['Arena', 'Tomba Giulietta', 'Tomba Giulietta']",Casa Giulietta,"['Centro Fotografia', 'Sighseeing', 'Torre Lamberti', 'Museo Conte', 'Museo Radio']",Torre Lamberti,strategy_nearest,True,0.004071950912475586,success
04D9C53A9C4C80,1,"['Arena', 'Museo Lapidario']",Castelvecchio,"['Verona Tour', 'Museo Radio', 'San Zeno', 'Sighseeing', 'Museo Miniscalchi']",Torre Lamberti,strategy_nearest,False,0.002432107925415039,success
04D9C24A9C4C80,2,['Castelvecchio'],Casa Giulietta,"['Centro Fotografia', 'Sighseeing', 'Torre Lamberti', 'Museo Conte', 'Museo Radio']",Teatro Romano,strategy_nearest,False,0.0038700103759765625,success
04D9CA3A9C4C80,3,"['San Fermo', 'Duomo']",Santa Anastasia,"['AMO', 'Museo Conte', 'Palazzo della Ragione', 'Teatro Romano', 'Centro Fotografia']",Casa Giulietta,strategy_nearest,False,0.004076957702636719,success
04D9D6429C4C80,1,"['Arena', 'Castelvecchio', 'Museo Lapidario', 'Casa Giulietta']",Teatro Romano,"['Santa Anastasia', 'Duomo', 'AMO', 'Palazzo della Ragione', 'Museo Conte']",Palazzo della Ragione,strategy_nearest,True,0.0014081001281738281,success
04D9CD429C4C80,0,['Castelvecchio'],Arena,"['Verona Tour', 'Museo Lapidario', 'Museo Radio', 'San Fermo', 'Casa Giulietta']",Casa Giulietta,strategy_nearest,True,0.003484964370727539,success
04D9CB4A9C4C80,0,['Arena'],Casa Giulietta,"['Centro Fotografia', 'Sighseeing', 'Torre Lamberti', 'Museo Conte', 'Museo Radio']",Castelvecchio,strategy_nearest,False,0.0034618377685546875,success
04D9E0429C4C80,3,"['Castelvecchio', 'Arena', 'Giardino Giusti']",Teatro Romano,"['Santa Anastasia', 'Duomo', 'AMO', 'Palazzo della Ragione', 'Museo Conte']",Duomo,strategy_nearest,True,0.0021619796752929688,success
04D9D83A9C4C80,2,"['Castelvecchio', 'Casa Giulietta']",Torre Lamberti,"['Sighseeing', 'Centro Fotografia', 'Museo Conte', 'Palazzo della Ragione', 'AMO']",Santa Anastasia,strategy_nearest,False,0.003998994827270508,success
04D9E7429C4C80,1,"['Arena', 'Casa Giulietta', 'San Fermo']",San Zeno,"['Castelvecchio', 'Verona Tour', 'Museo Lapidario', 'Museo Miniscalchi', 'Sighseeing']",Castelvecchio,strategy_nearest,True,0.001435995101928711,success
04D9EA4A9C4C80,3,['Arena'],Casa Giulietta,"['Centro Fotografia', 'Sighseeing', 'Torre Lamberti', 'Museo Conte', 'Museo Radio']",Santa Anastasia,strategy_nearest,False,0.0026018619537353516,success
04D9EC3A9C4C80,1,['Arena'],Casa Giulietta,"['Centro Fotografia', 'Sighseeing', 'Torre Lamberti', 'Museo Conte', 'Museo Radio']",Torre Lamberti,strategy_nearest,True,0.0028390884399414062,success
04D9F04A9C4C80,0,['Arena'],Castelvecchio,"['Museo Lapidario', 'Verona Tour', 'Museo Radio', 'San Zeno', 'Sighseeing']",Casa Giulietta,strategy_nearest,False,0.0022001266479492188,success
04D9F93A9C4C80,0,['Arena'],Castelvecchio,"['Museo Lapidario', 'Verona Tour', 'Museo Radio', 'San Zeno', 'Sighseeing']",Torre Lamberti,strategy_nearest,False,0.0013668537139892578,success
04D9FA3A9C4C80,0,"['Castelvecchio', 'Arena']",Casa Giulietta,"['Centro Fotografia', 'Sighseeing', 'Torre Lamberti', 'Museo Conte', 'Museo Radio']",Torre Lamberti,strategy_nearest,True,0.0033152103424072266,success
04DA004A9C4C84,0,['Arena'],Casa Giulietta,"['Centro Fotografia', 'Sighseeing', 'Torre Lamberti', 'Museo Conte', 'Museo Radio']",Torre Lamberti,strategy_nearest,True,0.002694845199584961,success
04DA02429C4C84,1,"['San Fermo', 'Museo Storia', 'Arena', 'Casa Giulietta', 'Torre Lamberti']",Teatro Romano,"['Santa Anastasia', 'Duomo', 'AMO', 'Palazzo della Ragione', 'Museo Conte']",Duomo,strategy_nearest,True,0.002707958221435547,success
04D9FC429C4C80,1,"['Santa Anastasia', 'Palazzo della Ragione', 'Casa Giulietta']",Arena,"['Verona Tour', 'Museo Lapidario', 'Museo Radio', 'San Fermo', 'Sighseeing']",Tomba Giulietta,strategy_nearest,False,0.0020530223846435547,success
04DA024A9C4C84,0,['Arena'],Casa Giulietta,"['Centro Fotografia', 'Sighseeing', 'Torre Lamberti', 'Museo Conte', 'Museo Radio']",Santa Anastasia,strategy_nearest,False,0.003223896026611328,success
04DA114A9C4C84,1,"['Casa Giulietta', 'Torre Lamberti']",Palazzo della Ragione,"['AMO', 'Museo Conte', 'Centro Fotografia', 'Sighseeing', 'Santa Anastasia']",Tomba Giulietta,strategy_nearest,False,0.002043008804321289,success
04DA0E4A9C4C84,0,['Arena'],Castelvecchio,"['Museo Lapidario', 'Verona Tour', 'Museo Radio', 'San Zeno', 'Sighseeing']",Casa Giulietta,strategy_nearest,False,0.0014820098876953125,success
04DA10429C4C84,1,"['Casa Giulietta', 'Museo Lapidario', 'Castelvecchio']",Duomo,"['AMO', 'Museo Miniscalchi', 'Santa Anastasia', 'Teatro Romano', 'Palazzo della Ragione']",Torre Lamberti,strategy_nearest,False,0.002730846405029297,success
04DA074A9C4C84,3,"['Arena', 'Casa Giulietta']",Teatro Romano,"['Santa Anastasia', 'Duomo', 'AMO', 'Palazzo della Ragione', 'Museo Conte']",Duomo,strategy_nearest,True,0.004719972610473633,success
04DA15429C4C80,0,['Duomo'],Arena,"['Verona Tour', 'Museo Lapidario', 'Museo Radio', 'San Fermo', 'Casa Giulietta']",Casa Giulietta,strategy_nearest,True,0.0026252269744873047,success
04DA18429C4C84,3,['Santa Anastasia'],Duomo,"['AMO', 'Museo Miniscalchi', 'Teatro Romano', 'Palazzo della Ragione', 'Museo Conte']",Casa Giulietta,strategy_nearest,False,0.0019419193267822266,success
04DA1F4A9C4C80,4,"['Arena', 'Torre Lamberti', 'Castelvecchio', 'San Zeno', 'Museo Radio']",Tomba Giulietta,"['San Fermo', 'Museo Storia', 'Museo Lapidario', 'Verona Tour', 'Casa Giulietta']",San Fermo,strategy_nearest,True,0.0027871131896972656,success
04DA21429C4C84,3,"['Arena', 'Duomo']",Casa Giulietta,"['Centro Fotografia', 'Sighseeing', 'Torre Lamberti', 'Museo Conte', 'Museo Radio']",Torre Lamberti,strategy_nearest,True,0.002948760986328125,success
04DA263A9C4C84,3,"['Santa Anastasia', 'San Zeno']",Castelvecchio,"['Museo Lapidario', 'Verona Tour', 'Arena', 'Museo Radio', 'Sighseeing']",Arena,strategy_nearest,True,0.002850770950317383,success
04DA2C429C4C80,0,['Casa Giulietta'],Torre Lamberti,"['Sighseeing', 'Centro Fotografia', 'Museo Conte', 'Palazzo della Ragione', 'AMO']",Arena,strategy_nearest,False,0.0034379959106445312,success
04DA3B4A9C4C80,1,"['Santa Anastasia', 'Arena', 'Casa Giulietta', 'Torre Lamberti', 'Palazzo della Ragione']",San Zeno,"['Castelvecchio', 'Verona Tour', 'Museo Lapidario', 'Museo Miniscalchi', 'Sighseeing']",Castelvecchio,strategy_nearest,True,0.0034210681915283203,success
04DA4F3A9C4C80,0,['Arena'],Duomo,"['AMO', 'Museo Miniscalchi', 'Santa Anastasia', 'Teatro Romano', 'Palazzo della Ragione']",Castelvecchio,strategy_nearest,False,0.0027837753295898438,success
04DA503A9C4C80,3,"['Casa Giulietta', 'Santa Anastasia']",Duomo,"['AMO', 'Museo Miniscalchi', 'Teatro Romano', 'Palazzo della Ragione', 'Museo Conte']",Teatro Romano,strategy_nearest,True,0.0040760040283203125,success
04DA633A9C4C80,1,"['Palazzo della Ragione', 'Torre Lamberti']",Santa Anastasia,"['AMO', 'Museo Conte', 'Teatro Romano', 'Centro Fotografia', 'Duomo']",Teatro Romano,strategy_nearest,True,0.0021920204162597656,success
04DA733A9C4C80,1,"['Castelvecchio', 'Teatro Romano']",Santa Anastasia,"['AMO', 'Museo Conte', 'Palazzo della Ragione', 'Centro Fotografia', 'Duomo']",Palazzo della Ragione,strategy_nearest,True,0.0015070438385009766,success
04DA754A9C4C80,1,['Arena'],Palazzo della Ragione,"['AMO', 'Museo Conte', 'Torre Lamberti', 'Centro Fotografia', 'Sighseeing']",Santa Anastasia,strategy_nearest,False,0.003280162811279297,success
04DA784A9C4C80,0,['Arena'],Casa Giulietta,"['Centro Fotografia', 'Sighseeing', 'Torre Lamberti', 'Museo Conte', 'Museo Radio']",Castelvecchio,strategy_nearest,False,0.0021293163299560547,success
04DA7B4A9C4C80,0,['Casa Giulietta'],Arena,"['Verona Tour', 'Museo Lapidario', 'Museo Radio', 'San Fermo', 'Sighseeing']",Torre Lamberti,strategy_nearest,False,0.0026988983154296875,success
04DA77429C4C80,1,"['Arena', 'Casa Giulietta']",Torre Lamberti,"['Sighseeing', 'Centro Fotografia', 'Museo Conte', 'Palazzo della Ragione', 'AMO']",Palazzo della Ragione,strategy_nearest,True,0.0014357566833496094,success
04DA7F429C4C80,0,['Castelvecchio'],Arena,"['Verona Tour', 'Museo Lapidario', 'Museo Radio', 'San Fermo', 'Casa Giulietta']",Torre Lamberti,strategy_nearest,False,0.0032799243927001953,success
04DA964A9C4C80,3,['Arena'],Torre Lamberti,"['Sighseeing', 'Centro Fotografia', 'Museo Conte', 'Casa Giulietta', 'Palazzo della Ragione']",Duomo,strategy_nearest,False,0.002794981002807617,success
04DA95429C4C80,1,"['Casa Giulietta', 'Torre Lamberti', 'Palazzo della Ragione']",Santa Anastasia,"['AMO', 'Museo Conte', 'Teatro Romano', 'Centro Fotografia', 'Duomo']",Duomo,strategy_nearest,True,0.002153158187866211,success
04DA8E429C4C80,1,['Castelvecchio'],Arena,"['Verona Tour', 'Museo Lapidario', 'Museo Radio', 'San Fermo', 'Casa Giulietta']",Palazzo della Ragione,strategy_nearest,False,0.002814054489135742,success
04DAA5429C4C80,0,"['Torre Lamberti', 'Arena']",Museo Storia,"['San Fermo', 'Museo Radio', 'Casa Giulietta', 'Centro Fotografia', 'Tomba Giulietta']",Giardino Giusti,strategy_nearest,False,0.0035758018493652344,success
04DAB53A9C4C80,1,['Arena'],Casa Giulietta,"['Centro Fotografia', 'Sighseeing', 'Torre Lamberti', 'Museo Conte', 'Museo Radio']",Palazzo della Ragione,strategy_nearest,False,0.0018279552459716797,success
04DAAD3A9C4C80,0,['Arena'],Castelvecchio,"['Museo Lapidario', 'Verona Tour', 'Museo Radio', 'San Zeno', 'Sighseeing']",Casa Giulietta,strategy_nearest,False,0.00267791748046875,success
04DAB83A9C4C80,3,"['Arena', 'Casa Giulietta', 'San Fermo', 'Teatro Romano']",Duomo,"['AMO', 'Museo Miniscalchi', 'Santa Anastasia', 'Palazzo della Ragione', 'Museo Conte']",Santa Anastasia,strategy_nearest,True,0.0027456283569335938,success
04DABA4A9C4C80,3,"['Teatro Romano', 'Santa Anastasia', 'Torre Lamberti']",Casa Giulietta,"['Centro Fotografia', 'Sighseeing', 'Museo Conte', 'Museo Radio', 'Palazzo della Ragione']",Arena,strategy_nearest,False,0.003229856491088867,success
04DAC03A9C4C80,3,"['Arena', 'Casa Giulietta', 'Torre Lamberti']",Santa Anastasia,"['AMO', 'Museo Conte', 'Palazzo della Ragione', 'Teatro Romano', 'Centro Fotografia']",Duomo,strategy_nearest,False,0.0023899078369140625,success
04DABE4A9C4C80,3,['Arena'],Torre Lamberti,"['Sighseeing', 'Centro Fotografia', 'Museo Conte', 'Casa Giulietta', 'Palazzo della Ragione']",Santa Anastasia,strategy_nearest,False,0.0033278465270996094,success
04DACB4A9C4C80,2,['San Fermo'],Casa Giulietta,"['Centro Fotografia', 'Sighseeing', 'Torre Lamberti', 'Museo Conte', 'Museo Radio']",Duomo,strategy_nearest,False,0.0031538009643554688,success
04DADF429C4C80,3,"['Arena', 'Castelvecchio']",San Zeno,"['Verona Tour', 'Museo Lapidario', 'Museo Miniscalchi', 'Sighseeing', 'Museo Radio']",Duomo,strategy_nearest,False,0.0030651092529296875,success
04DAED4A9C4C80,0,['Tomba Giulietta'],Torre Lamberti,"['Sighseeing', 'Centro Fotografia', 'Museo Conte', 'Casa Giulietta', 'Palazzo della Ragione']",Arena,strategy_nearest,False,0.003957986831665039,success
04DAEE3A9C4C80,0,"['Arena', 'Casa Giulietta']",Teatro Romano,"['Santa Anastasia', 'Duomo', 'AMO', 'Palazzo della Ragione', 'Museo Conte']",Duomo,strategy_nearest,True,0.0019311904907226562,success
04DAEE429C4C80,0,"['Arena', 'Casa Giulietta']",Teatro Romano,"['Santa Anastasia', 'Duomo', 'AMO', 'Palazzo della Ragione', 'Museo Conte']",Duomo,strategy_nearest,True,0.0031681060791015625,success
04DAF14A9C4C80,0,['Arena'],Torre Lamberti,"['Sighseeing', 'Centro Fotografia', 'Museo Conte', 'Casa Giulietta', 'Palazzo della Ragione']",San Fermo,strategy_nearest,False,0.0028722286224365234,success
04DAF9429C4C80,3,"['Castelvecchio', 'Arena']",Torre Lamberti,"['Sighseeing', 'Centro Fotografia', 'Museo Conte', 'Casa Giulietta', 'Palazzo della Ragione']",Casa Giulietta,strategy_nearest,True,0.0027179718017578125,success
04DAFB4A9C4C80,3,"['Arena', 'Torre Lamberti']",Santa Anastasia,"['AMO', 'Museo Conte', 'Palazzo della Ragione', 'Teatro Romano', 'Centro Fotografia']",Casa Giulietta,strategy_nearest,False,0.003325939178466797,success
04DAFD4A9C4C80,0,"['Castelvecchio', 'Arena']",Torre Lamberti,"['Sighseeing', 'Centro Fotografia', 'Museo Conte', 'Casa Giulietta', 'Palazzo della Ragione']",Casa Giulietta,strategy_nearest,True,0.00261688232421875,success
04DAFE4A9C4C80,0,"['Tomba Giulietta', 'Casa Giulietta']",Arena,"['Verona Tour', 'Museo Lapidario', 'Museo Radio', 'San Fermo', 'Sighseeing']",Torre Lamberti,strategy_nearest,False,0.003468036651611328,success
04DB044A9C4C84,3,['Arena'],Casa Giulietta,"['Centro Fotografia', 'Sighseeing', 'Torre Lamberti', 'Museo Conte', 'Museo Radio']",Torre Lamberti,strategy_nearest,True,0.002725839614868164,success
04DB024A9C4C84,3,"['Arena', 'Casa Giulietta']",Santa Anastasia,"['AMO', 'Museo Conte', 'Palazzo della Ragione', 'Teatro Romano', 'Centro Fotografia']",Duomo,strategy_nearest,False,0.0028159618377685547,success
04DB074A9C4C84,3,['Arena'],Torre Lamberti,"['Sighseeing', 'Centro Fotografia', 'Museo Conte', 'Casa Giulietta', 'Palazzo della Ragione']",Teatro Romano,strategy_nearest,False,0.0033872127532958984,success
04DB0F4A9C4C84,1,"['Arena', 'Museo Lapidario']",Torre Lamberti,"['Sighseeing', 'Centro Fotografia', 'Museo Conte', 'Casa Giulietta', 'Palazzo della Ragione']",Palazzo della Ragione,strategy_nearest,True,0.0034110546112060547,success
04DB124A9C4C84,0,['Arena'],Tomba Giulietta,"['San Fermo', 'Museo Storia', 'Museo Lapidario', 'Museo Radio', 'Verona Tour']",Casa Giulietta,strategy_nearest,False,0.0032699108123779297,success
04DB114A9C4C84,1,"['Castelvecchio', 'Arena']",Casa Giulietta,"['Centro Fotografia', 'Sighseeing', 'Torre Lamberti', 'Museo Conte', 'Museo Radio']",Palazzo della Ragione,strategy_nearest,False,0.0015590190887451172,success
04DB094A9C4C84,0,['Arena'],Casa Giulietta,"['Centro Fotografia', 'Sighseeing', 'Torre Lamberti', 'Museo Conte', 'Museo Radio']",Duomo,strategy_nearest,False,0.002850055694580078,success
04DB1C429C4C84,0,['Castelvecchio'],San Zeno,"['Verona Tour', 'Museo Lapidario', 'Arena', 'Museo Miniscalchi', 'Sighseeing']",Arena,strategy_nearest,True,0.0016009807586669922,success
04DB13429C4C84,0,['Arena'],Museo Lapidario,"['Verona Tour', 'Castelvecchio', 'Museo Radio', 'San Fermo', 'Casa Giulietta']",Duomo,strategy_nearest,False,0.0040090084075927734,success
04DB1D3A9C4C80,3,"['Torre Lamberti', 'Casa Giulietta']",Arena,"['Verona Tour', 'Museo Lapidario', 'Museo Radio', 'San Fermo', 'Sighseeing']",Duomo,strategy_nearest,False,0.002170085906982422,success
04DB1D429C4C84,3,['Arena'],Casa Giulietta,"['Centro Fotografia', 'Sighseeing', 'Torre Lamberti', 'Museo Conte', 'Museo Radio']",Torre Lamberti,strategy_nearest,True,0.0026061534881591797,success
04DB344A9C4C80,1,"['Palazzo della Ragione', 'Torre Lamberti', 'Casa Giulietta', 'San Fermo']",Tomba Giulietta,"['Museo Storia', 'Arena', 'Museo Lapidario', 'Museo Radio', 'Verona Tour']",Arena,strategy_nearest,True,0.0019969940185546875,success
04DB1F429C4C84,3,"['Castelvecchio', 'Arena', 'Torre Lamberti']",Casa Giulietta,"['Centro Fotografia', 'Sighseeing', 'Museo Conte', 'Museo Radio', 'Palazzo della Ragione']",Santa Anastasia,strategy_nearest,False,0.002833843231201172,success
04DB333A9C4C80,0,"['Arena', 'Museo Lapidario']",Castelvecchio,"['Verona Tour', 'Museo Radio', 'San Zeno', 'Sighseeing', 'Museo Miniscalchi']",Casa Giulietta,strategy_nearest,False,0.0033490657806396484,success
04DB22429C4C84,0,['Arena'],Casa Giulietta,"['Centro Fotografia', 'Sighseeing', 'Torre Lamberti', 'Museo Conte', 'Museo Radio']",Torre Lamberti,strategy_nearest,True,0.0015950202941894531,success
04DB3D4A9C4C80,1,"['Palazzo della Ragione', 'Casa Giulietta', 'Arena']",Castelvecchio,"['Museo Lapidario', 'Verona Tour', 'Museo Radio', 'San Zeno', 'Sighseeing']",Teatro Romano,strategy_nearest,False,0.00160980224609375,success
04DB6B429C4C80,1,"['Arena', 'Torre Lamberti']",Palazzo della Ragione,"['AMO', 'Museo Conte', 'Centro Fotografia', 'Sighseeing', 'Santa Anastasia']",Casa Giulietta,strategy_nearest,False,0.0020101070404052734,success
04DB4F3A9C4C80,0,['Castelvecchio'],Torre Lamberti,"['Sighseeing', 'Centro Fotografia', 'Museo Conte', 'Casa Giulietta', 'Palazzo della Ragione']",Arena,strategy_nearest,False,0.0027818679809570312,success
04DB674A9C4C80,1,"['Arena', 'Torre Lamberti']",Palazzo della Ragione,"['AMO', 'Museo Conte', 'Centro Fotografia', 'Sighseeing', 'Santa Anastasia']",Casa Giulietta,strategy_nearest,False,0.0034580230712890625,success
04DB8A3A9C4C80,3,"['Teatro Romano', 'Arena']",Castelvecchio,"['Museo Lapidario', 'Verona Tour', 'Museo Radio', 'San Zeno', 'Sighseeing']",San Zeno,strategy_nearest,True,0.002611875534057617,success
04DB73429C4C80,1,['Arena'],Torre Lamberti,"['Sighseeing', 'Centro Fotografia', 'Museo Conte', 'Casa Giulietta', 'Palazzo della Ragione']",Palazzo della Ragione,strategy_nearest,True,0.00397181510925293,success
04DB773A9C4C80,2,['Castelvecchio'],Duomo,"['AMO', 'Museo Miniscalchi', 'Santa Anastasia', 'Teatro Romano', 'Palazzo della Ragione']",Santa Anastasia,strategy_nearest,True,0.002760171890258789,success
04DB7C3A9C4C80,2,"['San Fermo', 'Casa Giulietta', 'Palazzo della Ragione']",Torre Lamberti,"['Sighseeing', 'Centro Fotografia', 'Museo Conte', 'AMO', 'Museo Miniscalchi']",Duomo,strategy_nearest,False,0.0014431476593017578,success
04DB8A4A9C4C80,0,"['Arena', 'Castelvecchio']",Torre Lamberti,"['Sighseeing', 'Centro Fotografia', 'Museo Conte', 'Casa Giulietta', 'Palazzo della Ragione']",Casa Giulietta,strategy_nearest,True,0.002748250961303711,success
04DB9A429C4C80,1,"['Casa Giulietta', 'Palazzo della Ragione', 'Torre Lamberti']",Santa Anastasia,"['AMO', 'Museo Conte', 'Teatro Romano', 'Centro Fotografia', 'Duomo']",Teatro Romano,strategy_nearest,True,0.0020821094512939453,success
04DB9A4A9C4C80,3,['Arena'],San Zeno,"['Castelvecchio', 'Verona Tour', 'Museo Lapidario', 'Museo Miniscalchi', 'Sighseeing']",Teatro Romano,strategy_nearest,False,0.0032129287719726562,success
04DB98429C4C80,1,['Casa Giulietta'],Torre Lamberti,"['Sighseeing', 'Centro Fotografia', 'Museo Conte', 'Palazzo della Ragione', 'AMO']",Palazzo della Ragione,strategy_nearest,True,0.0015549659729003906,success
04DBA24A9C4C80,1,"['Arena', 'Castelvecchio']",Palazzo della Ragione,"['AMO', 'Museo Conte', 'Torre Lamberti', 'Centro Fotografia', 'Sighseeing']",Torre Lamberti,strategy_nearest,True,0.0021228790283203125,success
04DBA1429C4C80,0,"['Arena', 'Casa Giulietta']",Teatro Romano,"['Santa Anastasia', 'Duomo', 'AMO', 'Palazzo della Ragione', 'Museo Conte']",Museo Storia,strategy_nearest,False,0.0027430057525634766,success
04DBA3429C4C80,3,"['Duomo', 'Teatro Romano']",Casa Giulietta,"['Centro Fotografia', 'Sighseeing', 'Torre Lamberti', 'Museo Conte', 'Museo Radio']",Torre Lamberti,strategy_nearest,True,0.0013837814331054688,success
04DB9D429C4C80,0,['Casa Giulietta'],Arena,"['Verona Tour', 'Museo Lapidario', 'Museo Radio', 'San Fermo', 'Sighseeing']",Castelvecchio,strategy_nearest,False,0.004038810729980469,success
04DBB14A9C4C80,2,['Teatro Romano'],San Fermo,"['Museo Storia', 'Museo Radio', 'Casa Giulietta', 'Centro Fotografia', 'Arena']",Castelvecchio,strategy_nearest,False,0.0021369457244873047,success
04DBA54A9C4C80,0,['Casa Giulietta'],Arena,"['Verona Tour', 'Museo Lapidario', 'Museo Radio', 'San Fermo', 'Sighseeing']",Torre Lamberti,strategy_nearest,False,0.002151966094970703,success
04DBB44A9C4C80,0,['Arena'],Torre Lamberti,"['Sighseeing', 'Centro Fotografia', 'Museo Conte', 'Casa Giulietta', 'Palazzo della Ragione']",Casa Giulietta,strategy_nearest,True,0.0027561187744140625,success
04DBB83A9C4C80,1,"['Palazzo della Ragione', 'Torre Lamberti', 'Casa Giulietta']",Santa Anastasia,"['AMO', 'Museo Conte', 'Teatro Romano', 'Centro Fotografia', 'Duomo']",Duomo,strategy_nearest,True,0.0032389163970947266,success
04DBDF429C4C80,1,"['Arena', 'Casa Giulietta', 'Palazzo della Ragione', 'Torre Lamberti']",Santa Anastasia,"['AMO', 'Museo Conte', 'Teatro Romano', 'Centro Fotografia', 'Duomo']",Teatro Romano,strategy_nearest,True,0.0015349388122558594,success
04DBBF3A9C4C80,3,"['Arena', 'Torre Lamberti']",Santa Anastasia,"['AMO', 'Museo Conte', 'Palazzo della Ragione', 'Teatro Romano', 'Centro Fotografia']",Teatro Romano,strategy_nearest,True,0.003493785858154297,success
04DBE7429C4C80,1,"['Castelvecchio', 'Arena', 'Tomba Giulietta', 'San Zeno']",Casa Giulietta,"['Centro Fotografia', 'Sighseeing', 'Torre Lamberti', 'Museo Conte', 'Museo Radio']",San Fermo,strategy_nearest,False,0.0026068687438964844,success
04DBC14A9C4C80,0,['Tomba Giulietta'],Arena,"['Verona Tour', 'Museo Lapidario', 'Museo Radio', 'San Fermo', 'Casa Giulietta']",Castelvecchio,strategy_nearest,False,0.004076957702636719,success
04DBE93A9C4C80,2,"['Museo Lapidario', 'Castelvecchio']",Duomo,"['AMO', 'Museo Miniscalchi', 'Santa Anastasia', 'Teatro Romano', 'Palazzo della Ragione']",Teatro Romano,strategy_nearest,True,0.0016150474548339844,success
04DBEB3A9C4C80,3,['Arena'],San Fermo,"['Museo Storia', 'Museo Radio', 'Casa Giulietta', 'Centro Fotografia', 'Sighseeing']",Santa Anastasia,strategy_nearest,False,0.0021135807037353516,success
04DBF03A9C4C80,1,"['Arena', 'Museo Lapidario', 'Castelvecchio', 'Torre Lamberti']",Palazzo della Ragione,"['AMO', 'Museo Conte', 'Centro Fotografia', 'Sighseeing', 'Santa Anastasia']",Teatro Romano,strategy_nearest,False,0.0027379989624023438,success
04DBF14A9C4C80,0,['Arena'],Torre Lamberti,"['Sighseeing', 'Centro Fotografia', 'Museo Conte', 'Casa Giulietta', 'Palazzo della Ragione']",Casa Giulietta,strategy_nearest,True,0.0033500194549560547,success
04DBF34A9C4C80,0,['Arena'],San Fermo,"['Museo Storia', 'Museo Radio', 'Casa Giulietta', 'Centro Fotografia', 'Sighseeing']",Giardino Giusti,strategy_nearest,False,0.0028519630432128906,success
04DBFA429C4C80,1,"['Arena', 'Casa Giulietta']",Torre Lamberti,"['Sighseeing', 'Centro Fotografia', 'Museo Conte', 'Palazzo della Ragione', 'AMO']",Palazzo della Ragione,strategy_nearest,True,0.002086162567138672,success
04DBF54A9C4C80,3,"['Arena', 'San Fermo']",Santa Anastasia,"['AMO', 'Museo Conte', 'Palazzo della Ragione', 'Teatro Romano', 'Centro Fotografia']",Casa Giulietta,strategy_nearest,False,0.003992795944213867,success
04DBF94A9C4C80,3,"['Arena', 'Casa Giulietta']",Torre Lamberti,"['Sighseeing', 'Centro Fotografia', 'Museo Conte', 'Palazzo della Ragione', 'AMO']",Santa Anastasia,strategy_nearest,False,0.002768278121948242,success
04DBFC429C4C80,3,"['Arena', 'Museo Lapidario', 'Tomba Giulietta', 'Casa Giulietta']",Torre Lamberti,"['Sighseeing', 'Centro Fotografia', 'Museo Conte', 'Palazzo della Ragione', 'AMO']",Santa Anastasia,strategy_nearest,False,0.005192756652832031,success
04DC054A9C4C84,0,['Arena'],Casa Giulietta,"['Centro Fotografia', 'Sighseeing', 'Torre Lamberti', 'Museo Conte', 'Museo Radio']",Santa Anastasia,strategy_nearest,False,0.0013451576232910156,success
04DC014A9C4C84,0,"['Teatro Romano', 'Casa Giulietta']",Torre Lamberti,"['Sighseeing', 'Centro Fotografia', 'Museo Conte', 'Palazzo della Ragione', 'AMO']",Arena,strategy_nearest,False,0.0020699501037597656,success
04DBFF4A9C4C80,2,"['Torre Lamberti', 'Santa Anastasia']",Duomo,"['AMO', 'Museo Miniscalchi', 'Teatro Romano', 'Palazzo della Ragione', 'Museo Conte']",Casa Giulietta,strategy_nearest,False,0.002686023712158203,success
04DC094A9C4C84,0,['Arena'],Castelvecchio,"['Museo Lapidario', 'Verona Tour', 'Museo Radio', 'San Zeno', 'Sighseeing']",Duomo,strategy_nearest,False,0.002026081085205078,success
04DC074A9C4C84,1,"['Arena', 'Castelvecchio']",Casa Giulietta,"['Centro Fotografia', 'Sighseeing', 'Torre Lamberti', 'Museo Conte', 'Museo Radio']",Torre Lamberti,strategy_nearest,True,0.00146484375,success
04DC0A4A9C4C84,0,['Arena'],Casa Giulietta,"['Centro Fotografia', 'Sighseeing', 'Torre Lamberti', 'Museo Conte', 'Museo Radio']",Castelvecchio,strategy_nearest,False,0.002819061279296875,success
04DC0B4A9C4C84,0,['Castelvecchio'],Arena,"['Verona Tour', 'Museo Lapidario', 'Museo Radio', 'San Fermo', 'Casa Giulietta']",Casa Giulietta,strategy_nearest,True,0.003387928009033203,success
04DC0C4A9C4C84,0,['Arena'],Casa Giulietta,"['Centro Fotografia', 'Sighseeing', 'Torre Lamberti', 'Museo Conte', 'Museo Radio']",Teatro Romano,strategy_nearest,False,0.0038957595825195312,success
04DC163A9C4C84,3,"['Arena', 'San Fermo']",Casa Giulietta,"['Centro Fotografia', 'Sighseeing', 'Torre Lamberti', 'Museo Conte', 'Museo Radio']",Santa Anastasia,strategy_nearest,False,0.0032088756561279297,success
04DC14429C4C84,2,"['Santa Anastasia', 'San Fermo']",Castelvecchio,"['Museo Lapidario', 'Verona Tour', 'Arena', 'Museo Radio', 'San Zeno']",Casa Giulietta,strategy_nearest,False,0.0014081001281738281,success
04DC0C429C4C84,0,['Casa Giulietta'],Castelvecchio,"['Museo Lapidario', 'Verona Tour', 'Arena', 'Museo Radio', 'San Zeno']",Arena,strategy_nearest,True,0.0034399032592773438,success
04DC1F429C4C84,1,"['San Fermo', 'Palazzo della Ragione']",Torre Lamberti,"['Sighseeing', 'Centro Fotografia', 'Museo Conte', 'Casa Giulietta', 'AMO']",Arena,strategy_nearest,False,0.0021390914916992188,success
04DC19429C4C84,1,"['Casa Giulietta', 'Palazzo della Ragione', 'Torre Lamberti', 'Palazzo della Ragione']",Teatro Romano,"['Santa Anastasia', 'Duomo', 'AMO', 'Museo Conte', 'Centro Fotografia']",Arena,strategy_nearest,False,0.002765178680419922,success
04DC213A9C4C80,2,['Santa Anastasia'],Duomo,"['AMO', 'Museo Miniscalchi', 'Teatro Romano', 'Palazzo della Ragione', 'Museo Conte']",Castelvecchio,strategy_nearest,False,0.001493215560913086,success
04DC184A9C4C80,3,['Giardino Giusti'],Teatro Romano,"['Santa Anastasia', 'Duomo', 'AMO', 'Palazzo della Ragione', 'Museo Conte']",Santa Anastasia,strategy_nearest,True,0.003968715667724609,success
04DC394A9C4C80,1,"['San Zeno', 'Castelvecchio', 'Arena']",Santa Anastasia,"['AMO', 'Museo Conte', 'Palazzo della Ragione', 'Teatro Romano', 'Centro Fotografia']",Duomo,strategy_nearest,False,0.0014710426330566406,success
04DC2F429C4C80,0,['Arena'],Giardino Giusti,"['Santa Anastasia', 'Teatro Romano', 'Museo Conte', 'Centro Fotografia', 'Museo Storia']",Teatro Romano,strategy_nearest,True,0.0021598339080810547,success
04DC363A9C4C80,0,['Arena'],Casa Giulietta,"['Centro Fotografia', 'Sighseeing', 'Torre Lamberti', 'Museo Conte', 'Museo Radio']",Castelvecchio,strategy_nearest,False,0.002755880355834961,success
04DC243A9C4C84,0,"['Torre Lamberti', 'Casa Giulietta']",San Fermo,"['Museo Storia', 'Museo Radio', 'Centro Fotografia', 'Arena', 'Sighseeing']",Arena,strategy_nearest,True,0.003531932830810547,success
04DC7D3A9C4C80,3,"['Teatro Romano', 'Duomo']",Arena,"['Verona Tour', 'Museo Lapidario', 'Museo Radio', 'San Fermo', 'Casa Giulietta']",Castelvecchio,strategy_nearest,False,0.001399993896484375,success
04DC7B4A9C4C80,3,"['Casa Giulietta', 'Torre Lamberti', 'Duomo']",Santa Anastasia,"['AMO', 'Museo Conte', 'Palazzo della Ragione', 'Teatro Romano', 'Centro Fotografia']",Arena,strategy_nearest,False,0.0027272701263427734,success
04DC543A9C4C80,1,"['Giardino Giusti', 'Arena', 'Santa Anastasia']",Casa Giulietta,"['Centro Fotografia', 'Sighseeing', 'Torre Lamberti', 'Museo Conte', 'Museo Radio']",Palazzo della Ragione,strategy_nearest,False,0.004077911376953125,success
04DC774A9C4C80,2,"['Casa Giulietta', 'Torre Lamberti']",Santa Anastasia,"['AMO', 'Museo Conte', 'Palazzo della Ragione', 'Teatro Romano', 'Centro Fotografia']",Teatro Romano,strategy_nearest,True,0.0034019947052001953,success
04DC894A9C4C80,0,['Castelvecchio'],Teatro Romano,"['Santa Anastasia', 'Duomo', 'AMO', 'Palazzo della Ragione', 'Museo Conte']",Arena,strategy_nearest,False,0.0021109580993652344,success
04DC7D4A9C4C80,3,"['Casa Giulietta', 'San Fermo']",Castelvecchio,"['Museo Lapidario', 'Verona Tour', 'Arena', 'Museo Radio', 'San Zeno']",Arena,strategy_nearest,True,0.004603862762451172,success
04DC8E4A9C4C80,0,"['Arena', 'Museo Lapidario']",Castelvecchio,"['Verona Tour', 'Museo Radio', 'San Zeno', 'Sighseeing', 'Museo Miniscalchi']",Casa Giulietta,strategy_nearest,False,0.002699136734008789,success
04DC994A9C4C80,1,"['Castelvecchio', 'San Zeno', 'Museo Lapidario', 'Arena']",San Fermo,"['Museo Storia', 'Museo Radio', 'Casa Giulietta', 'Centro Fotografia', 'Sighseeing']",Santa Anastasia,strategy_nearest,False,0.0013689994812011719,success
04DCAB429C4C80,1,"['Arena', 'Casa Giulietta']",San Fermo,"['Museo Storia', 'Museo Radio', 'Centro Fotografia', 'Sighseeing', 'Torre Lamberti']",Torre Lamberti,strategy_nearest,True,0.002588987350463867,success
04DC9A429C4C80,3,"['Arena', 'Casa Giulietta']",Torre Lamberti,"['Sighseeing', 'Centro Fotografia', 'Museo Conte', 'Palazzo della Ragione', 'AMO']",Santa Anastasia,strategy_nearest,False,0.0033960342407226562,success
04DC9E4A9C4C80,0,['Arena'],Castelvecchio,"['Museo Lapidario', 'Verona Tour', 'Museo Radio', 'San Zeno', 'Sighseeing']",Torre Lamberti,strategy_nearest,False,0.001592874526977539,success
04DC9F429C4C80,3,"['Castelvecchio', 'Arena', 'Casa Giulietta']",Tomba Giulietta,"['San Fermo', 'Museo Storia', 'Museo Lapidario', 'Museo Radio', 'Verona Tour']",San Fermo,strategy_nearest,True,0.003350973129272461,success
04DCC43A9C4C80,0,"['Arena', 'Castelvecchio']",Casa Giulietta,"['Centro Fotografia', 'Sighseeing', 'Torre Lamberti', 'Museo Conte', 'Museo Radio']",Torre Lamberti,strategy_nearest,True,0.002621173858642578,success
04DCB04A9C4C80,0,['Arena'],Casa Giulietta,"['Centro Fotografia', 'Sighseeing', 'Torre Lamberti', 'Museo Conte', 'Museo Radio']",Torre Lamberti,strategy_nearest,True,0.002202749252319336,success
04DCAE3A9C4C80,3,"['Arena', 'Casa Giulietta', 'Torre Lamberti']",Santa Anastasia,"['AMO', 'Museo Conte', 'Palazzo della Ragione', 'Teatro Romano', 'Centro Fotografia']",Duomo,strategy_nearest,False,0.00400996208190918,success
04DCB64A9C4C80,1,"['Arena', 'Museo Lapidario', 'Castelvecchio', 'Santa Anastasia', 'Duomo']",Teatro Romano,"['AMO', 'Palazzo della Ragione', 'Museo Conte', 'Centro Fotografia', 'Museo Miniscalchi']",Torre Lamberti,strategy_nearest,False,0.0015170574188232422,success
04DCC74A9C4C80,3,"['Arena', 'Casa Giulietta']",Santa Anastasia,"['AMO', 'Museo Conte', 'Palazzo della Ragione', 'Teatro Romano', 'Centro Fotografia']",Duomo,strategy_nearest,False,0.0033380985260009766,success
04DCD5429C4C80,3,"['San Zeno', 'San Fermo', 'Casa Giulietta']",Santa Anastasia,"['AMO', 'Museo Conte', 'Palazzo della Ragione', 'Teatro Romano', 'Centro Fotografia']",Duomo,strategy_nearest,False,0.0014820098876953125,success
04DCC94A9C4C80,3,"['Arena', 'San Zeno', 'Castelvecchio']",Museo Lapidario,"['Verona Tour', 'Museo Radio', 'San Fermo', 'Casa Giulietta', 'Tomba Giulietta']",Casa Giulietta,strategy_nearest,True,0.002135038375854492,success
04DCE0429C4C80,0,['Casa Giulietta'],Santa Anastasia,"['AMO', 'Museo Conte', 'Palazzo della Ragione', 'Teatro Romano', 'Centro Fotografia']",Arena,strategy_nearest,False,0.003484964370727539,success
04DCEF4A9C4C80,3,"['Teatro Romano', 'Santa Anastasia']",Casa Giulietta,"['Centro Fotografia', 'Sighseeing', 'Torre Lamberti', 'Museo Conte', 'Museo Radio']",Arena,strategy_nearest,False,0.0026230812072753906,success
04DCF84A9C4C80,0,['Arena'],Casa Giulietta,"['Centro Fotografia', 'Sighseeing', 'Torre Lamberti', 'Museo Conte', 'Museo Radio']",Duomo,strategy_nearest,False,0.0032138824462890625,success
04DCF74A9C4C80,1,"['Museo Lapidario', 'Arena', 'Torre Lamberti']",Palazzo della Ragione,"['AMO', 'Museo Conte', 'Centro Fotografia', 'Sighseeing', 'Santa Anastasia']",Santa Anastasia,strategy_nearest,True,0.002007007598876953,success
04DCFF429C4C80,0,['Arena'],Casa Giulietta,"['Centro Fotografia', 'Sighseeing', 'Torre Lamberti', 'Museo Conte', 'Museo Radio']",Duomo,strategy_nearest,False,0.0033109188079833984,success
04DD0A4A9C4C84,1,"['Arena', 'Torre Lamberti']",Palazzo della Ragione,"['AMO', 'Museo Conte', 'Centro Fotografia', 'Sighseeing', 'Santa Anastasia']",Casa Giulietta,strategy_nearest,False,0.002807140350341797,success
04DD08429C4C84,0,"['Arena', 'Castelvecchio']",Casa Giulietta,"['Centro Fotografia', 'Sighseeing', 'Torre Lamberti', 'Museo Conte', 'Museo Radio']",Duomo,strategy_nearest,False,0.0040130615234375,success
04DD0B4A9C4C84,2,['Casa Giulietta'],Torre Lamberti,"['Sighseeing', 'Centro Fotografia', 'Museo Conte', 'Palazzo della Ragione', 'AMO']",Santa Anastasia,strategy_nearest,False,0.0025191307067871094,success
04DD014A9C4C84,0,['Arena'],Casa Giulietta,"['Centro Fotografia', 'Sighseeing', 'Torre Lamberti', 'Museo Conte', 'Museo Radio']",Torre Lamberti,strategy_nearest,True,0.002931833267211914,success
04DD1E429C4C84,3,"['Arena', 'Torre Lamberti']",Casa Giulietta,"['Centro Fotografia', 'Sighseeing', 'Museo Conte', 'Museo Radio', 'Palazzo della Ragione']",Santa Anastasia,strategy_nearest,False,0.001416921615600586,success
04DD0E429C4C84,3,"['Duomo', 'Teatro Romano', 'Casa Giulietta', 'Arena', 'Tomba Giulietta']",San Fermo,"['Museo Storia', 'Museo Radio', 'Centro Fotografia', 'Sighseeing', 'Torre Lamberti']",Torre Lamberti,strategy_nearest,True,0.0020537376403808594,success
04DD20429C4C84,3,"['Arena', 'Museo Lapidario', 'Castelvecchio']",Torre Lamberti,"['Sighseeing', 'Centro Fotografia', 'Museo Conte', 'Casa Giulietta', 'Palazzo della Ragione']",Teatro Romano,strategy_nearest,False,0.0033416748046875,success
04DD13429C4C80,3,"['Duomo', 'Santa Anastasia', 'San Fermo']",Casa Giulietta,"['Centro Fotografia', 'Sighseeing', 'Torre Lamberti', 'Museo Conte', 'Museo Radio']",Arena,strategy_nearest,False,0.0028448104858398438,success
04DD25429C4C84,1,"['Arena', 'Castelvecchio']",Torre Lamberti,"['Sighseeing', 'Centro Fotografia', 'Museo Conte', 'Casa Giulietta', 'Palazzo della Ragione']",Palazzo della Ragione,strategy_nearest,True,0.00244903564453125,success
04DD2A3A9C4C80,3,"['Duomo', 'Torre Lamberti']",Casa Giulietta,"['Centro Fotografia', 'Sighseeing', 'Museo Conte', 'Museo Radio', 'Palazzo della Ragione']",Teatro Romano,strategy_nearest,False,0.0032660961151123047,success
04DD503A9C4C80,3,"['Arena', 'Castelvecchio']",Casa Giulietta,"['Centro Fotografia', 'Sighseeing', 'Torre Lamberti', 'Museo Conte', 'Museo Radio']",Torre Lamberti,strategy_nearest,True,0.003139972686767578,success
04DD3D4A9C4C80,3,"['Arena', 'Casa Giulietta', 'Santa Anastasia']",Duomo,"['AMO', 'Museo Miniscalchi', 'Teatro Romano', 'Palazzo della Ragione', 'Museo Conte']",Teatro Romano,strategy_nearest,True,0.0017440319061279297,success
04DD74429C4C80,2,['Santa Anastasia'],Duomo,"['AMO', 'Museo Miniscalchi', 'Teatro Romano', 'Palazzo della Ragione', 'Museo Conte']",Teatro Romano,strategy_nearest,True,0.0014009475708007812,success
04DD543A9C4C80,1,"['Giardino Giusti', 'Arena', 'Santa Anastasia']",Casa Giulietta,"['Centro Fotografia', 'Sighseeing', 'Torre Lamberti', 'Museo Conte', 'Museo Radio']",Palazzo della Ragione,strategy_nearest,False,0.004026889801025391,success
04DD5D429C4C80,2,['Duomo'],Teatro Romano,"['Santa Anastasia', 'AMO', 'Palazzo della Ragione', 'Museo Conte', 'Centro Fotografia']",Casa Giulietta,strategy_nearest,False,0.0027840137481689453,success
04DD76429C4C80,0,['Duomo'],Teatro Romano,"['Santa Anastasia', 'AMO', 'Palazzo della Ragione', 'Museo Conte', 'Centro Fotografia']",Arena,strategy_nearest,False,0.0025930404663085938,success
04DD7D3A9C4C80,1,"['Castelvecchio', 'Arena']",Casa Giulietta,"['Centro Fotografia', 'Sighseeing', 'Torre Lamberti', 'Museo Conte', 'Museo Radio']",Palazzo della Ragione,strategy_nearest,False,0.0013642311096191406,success
04DD77429C4C80,3,"['Arena', 'Castelvecchio', 'Torre Lamberti']",Santa Anastasia,"['AMO', 'Museo Conte', 'Palazzo della Ragione', 'Teatro Romano', 'Centro Fotografia']",Duomo,strategy_nearest,False,0.0034208297729492188,success
04DD7B4A9C4C80,0,['Teatro Romano'],Duomo,"['AMO', 'Museo Miniscalchi', 'Santa Anastasia', 'Palazzo della Ragione', 'Museo Conte']",Casa Giulietta,strategy_nearest,False,0.003355741500854492,success
04DD7C3A9C4C80,1,"['Casa Giulietta', 'Torre Lamberti', 'Palazzo della Ragione']",Duomo,"['AMO', 'Museo Miniscalchi', 'Santa Anastasia', 'Teatro Romano', 'Museo Conte']",Teatro Romano,strategy_nearest,True,0.0021576881408691406,success
04DD8E429C4C80,0,['Arena'],Palazzo della Ragione,"['AMO', 'Museo Conte', 'Torre Lamberti', 'Centro Fotografia', 'Sighseeing']",Casa Giulietta,strategy_nearest,False,0.0015680789947509766,success
04DD8A429C4C80,3,"['Arena', 'Torre Lamberti', 'Casa Giulietta']",Duomo,"['AMO', 'Museo Miniscalchi', 'Santa Anastasia', 'Teatro Romano', 'Palazzo della Ragione']",Tomba Giulietta,strategy_nearest,False,0.002794981002807617,success
04DD7F3A9C4C80,2,['Casa Giulietta'],Torre Lamberti,"['Sighseeing', 'Centro Fotografia', 'Museo Conte', 'Palazzo della Ragione', 'AMO']",Castelvecchio,strategy_nearest,False,0.0035648345947265625,success
04DD8E4A9C4C80,0,['Arena'],Casa Giulietta,"['Centro Fotografia', 'Sighseeing', 'Torre Lamberti', 'Museo Conte', 'Museo Radio']",Torre Lamberti,strategy_nearest,True,0.0020258426666259766,success
04DDAA429C4C80,4,"['Arena', 'Museo Lapidario', 'Museo Radio', 'Tomba Giulietta']",San Fermo,"['Museo Storia', 'Casa Giulietta', 'Centro Fotografia', 'Sighseeing', 'Torre Lamberti']",Casa Giulietta,strategy_nearest,True,0.0019068717956542969,success
04DD8F4A9C4C80,2,['Museo Lapidario'],Castelvecchio,"['Verona Tour', 'Arena', 'Museo Radio', 'San Zeno', 'Sighseeing']",Casa Giulietta,strategy_nearest,False,0.003948211669921875,success
04DD8F429C4C80,0,['Arena'],Casa Giulietta,"['Centro Fotografia', 'Sighseeing', 'Torre Lamberti', 'Museo Conte', 'Museo Radio']",Tomba Giulietta,strategy_nearest,False,0.0020859241485595703,success
04DD994A9C4C80,0,['Arena'],Tomba Giulietta,"['San Fermo', 'Museo Storia', 'Museo Lapidario', 'Museo Radio', 'Verona Tour']",Casa Giulietta,strategy_nearest,False,0.0026466846466064453,success
04DDAB3A9C4C80,0,['Castelvecchio'],Arena,"['Verona Tour', 'Museo Lapidario', 'Museo Radio', 'San Fermo', 'Casa Giulietta']",San Fermo,strategy_nearest,True,0.003972768783569336,success
04DDB04A9C4C80,0,"['Arena', 'Casa Giulietta']",Giardino Giusti,"['Santa Anastasia', 'Teatro Romano', 'Museo Conte', 'Centro Fotografia', 'Museo Storia']",Teatro Romano,strategy_nearest,True,0.0033380985260009766,success
04DDAE4A9C4C80,0,['Arena'],Casa Giulietta,"['Centro Fotografia', 'Sighseeing', 'Torre Lamberti', 'Museo Conte', 'Museo Radio']",Torre Lamberti,strategy_nearest,True,0.00156402587890625,success
04DDB24A9C4C80,0,['Arena'],Casa Giulietta,"['Centro Fotografia', 'Sighseeing', 'Torre Lamberti', 'Museo Conte', 'Museo Radio']",Teatro Romano,strategy_nearest,False,0.002032756805419922,success
04DDD03A9C4C80,3,"['Arena', 'San Zeno', 'Castelvecchio', 'Casa Giulietta']",Teatro Romano,"['Santa Anastasia', 'Duomo', 'AMO', 'Palazzo della Ragione', 'Museo Conte']",Museo Lapidario,strategy_nearest,False,0.0027680397033691406,success
04DDBB4A9C4C80,1,"['Arena', 'Torre Lamberti']",Palazzo della Ragione,"['AMO', 'Museo Conte', 'Centro Fotografia', 'Sighseeing', 'Santa Anastasia']",Santa Anastasia,strategy_nearest,True,0.0027980804443359375,success
04DDD24A9C4C80,1,"['Arena', 'Castelvecchio']",Casa Giulietta,"['Centro Fotografia', 'Sighseeing', 'Torre Lamberti', 'Museo Conte', 'Museo Radio']",Teatro Romano,strategy_nearest,False,0.003328084945678711,success
04DDD14A9C4C80,0,['Arena'],Duomo,"['AMO', 'Museo Miniscalchi', 'Santa Anastasia', 'Teatro Romano', 'Palazzo della Ragione']",Castelvecchio,strategy_nearest,False,0.0015912055969238281,success
04DDD83A9C4C80,2,['Santa Anastasia'],Duomo,"['AMO', 'Museo Miniscalchi', 'Teatro Romano', 'Palazzo della Ragione', 'Museo Conte']",Casa Giulietta,strategy_nearest,False,0.0016238689422607422,success
04DDDF429C4C80,0,['Arena'],Teatro Romano,"['Santa Anastasia', 'Duomo', 'AMO', 'Palazzo della Ragione', 'Museo Conte']",Giardino Giusti,strategy_nearest,False,0.003348112106323242,success
04DDEC429C4C80,3,['Arena'],Torre Lamberti,"['Sighseeing', 'Centro Fotografia', 'Museo Conte', 'Casa Giulietta', 'Palazzo della Ragione']",Santa Anastasia,strategy_nearest,False,0.0013699531555175781,success
04DDEA3A9C4C80,3,"['Santa Anastasia', 'Torre Lamberti']",Casa Giulietta,"['Centro Fotografia', 'Sighseeing', 'Museo Conte', 'Museo Radio', 'Palazzo della Ragione']",Arena,strategy_nearest,False,0.0026497840881347656,success
04DDDC3A9C4C80,3,"['Torre Lamberti', 'Teatro Romano']",Santa Anastasia,"['AMO', 'Museo Conte', 'Palazzo della Ragione', 'Centro Fotografia', 'Duomo']",Casa Giulietta,strategy_nearest,False,0.004729747772216797,success
04DDEF4A9C4C80,3,"['Arena', 'Casa Giulietta']",Tomba Giulietta,"['San Fermo', 'Museo Storia', 'Museo Lapidario', 'Museo Radio', 'Verona Tour']",Santa Anastasia,strategy_nearest,False,0.0022149085998535156,success
04DDF14A9C4C80,3,"['Arena', 'Torre Lamberti']",Casa Giulietta,"['Centro Fotografia', 'Sighseeing', 'Museo Conte', 'Museo Radio', 'Palazzo della Ragione']",Duomo,strategy_nearest,False,0.0015916824340820312,success
04DDF6429C4C80,1,"['Duomo', 'Casa Giulietta', 'Castelvecchio']",Arena,"['Verona Tour', 'Museo Lapidario', 'Museo Radio', 'San Fermo', 'Sighseeing']",Palazzo della Ragione,strategy_nearest,False,0.0034008026123046875,success
04DDF44A9C4C80,3,['Arena'],Santa Anastasia,"['AMO', 'Museo Conte', 'Palazzo della Ragione', 'Teatro Romano', 'Centro Fotografia']",Duomo,strategy_nearest,False,0.0028390884399414062,success
04DDFC4A9C4C80,1,"['Arena', 'Castelvecchio']",Casa Giulietta,"['Centro Fotografia', 'Sighseeing', 'Torre Lamberti', 'Museo Conte', 'Museo Radio']",Torre Lamberti,strategy_nearest,True,0.0027091503143310547,success
04DDFF429C4C80,3,['Arena'],Casa Giulietta,"['Centro Fotografia', 'Sighseeing', 'Torre Lamberti', 'Museo Conte', 'Museo Radio']",Santa Anastasia,strategy_nearest,False,0.0013871192932128906,success
04DDFB3A9C4C80,3,"['Tomba Giulietta', 'San Fermo', 'Teatro Romano']",Duomo,"['AMO', 'Museo Miniscalchi', 'Santa Anastasia', 'Palazzo della Ragione', 'Museo Conte']",Santa Anastasia,strategy_nearest,True,0.0038967132568359375,success
04DDF84A9C4C80,3,"['Arena', 'Casa Giulietta']",Torre Lamberti,"['Sighseeing', 'Centro Fotografia', 'Museo Conte', 'Palazzo della Ragione', 'AMO']",Santa Anastasia,strategy_nearest,False,0.0033767223358154297,success
04DE164A9C4C80,3,"['Arena', 'Santa Anastasia']",Duomo,"['AMO', 'Museo Miniscalchi', 'Teatro Romano', 'Palazzo della Ragione', 'Museo Conte']",Castelvecchio,strategy_nearest,False,0.00275421142578125,success
04DE174A9C4C80,3,"['Duomo', 'Arena', 'Torre Lamberti']",Casa Giulietta,"['Centro Fotografia', 'Sighseeing', 'Museo Conte', 'Museo Radio', 'Palazzo della Ragione']",Castelvecchio,strategy_nearest,False,0.0020411014556884766,success
04DE15429C4C84,1,"['Arena', 'Casa Giulietta']",Castelvecchio,"['Museo Lapidario', 'Verona Tour', 'Museo Radio', 'San Zeno', 'Sighseeing']",Torre Lamberti,strategy_nearest,False,0.0016210079193115234,success
04DE054A9C4C84,0,['Arena'],Casa Giulietta,"['Centro Fotografia', 'Sighseeing', 'Torre Lamberti', 'Museo Conte', 'Museo Radio']",Torre Lamberti,strategy_nearest,True,0.0035598278045654297,success
04DE22429C4C84,0,['Teatro Romano'],Torre Lamberti,"['Sighseeing', 'Centro Fotografia', 'Museo Conte', 'Casa Giulietta', 'Palazzo della Ragione']",Casa Giulietta,strategy_nearest,True,0.0026302337646484375,success
04DE223A9C4C84,3,['Casa Giulietta'],Santa Anastasia,"['AMO', 'Museo Conte', 'Palazzo della Ragione', 'Teatro Romano', 'Centro Fotografia']",Teatro Romano,strategy_nearest,True,0.0020821094512939453,success
04DE1E429C4C84,0,['Arena'],Casa Giulietta,"['Centro Fotografia', 'Sighseeing', 'Torre Lamberti', 'Museo Conte', 'Museo Radio']",Castelvecchio,strategy_nearest,False,0.003968954086303711,success
04DE1D429C4C84,1,"['Palazzo della Ragione', 'Torre Lamberti']",Duomo,"['AMO', 'Museo Miniscalchi', 'Santa Anastasia', 'Teatro Romano', 'Museo Conte']",Casa Giulietta,strategy_nearest,False,0.00222015380859375,success
04DE243A9C4C84,1,"['Arena', 'Museo Lapidario', 'Castelvecchio']",Palazzo della Ragione,"['AMO', 'Museo Conte', 'Torre Lamberti', 'Centro Fotografia', 'Sighseeing']",Torre Lamberti,strategy_nearest,True,0.0016028881072998047,success
04DE2D3A9C4C80,1,"['Arena', 'Casa Giulietta', 'Castelvecchio']",San Zeno,"['Verona Tour', 'Museo Lapidario', 'Museo Miniscalchi', 'Sighseeing', 'Museo Radio']",Duomo,strategy_nearest,False,0.001984119415283203,success
04DE24429C4C80,1,"['Arena', 'Casa Giulietta', 'Torre Lamberti', 'Tomba Giulietta', 'Torre Lamberti']",Palazzo della Ragione,"['AMO', 'Museo Conte', 'Centro Fotografia', 'Sighseeing', 'Santa Anastasia']",Santa Anastasia,strategy_nearest,True,0.002741575241088867,success
04DE294A9C4C80,3,"['Museo Lapidario', 'Arena', 'San Zeno', 'San Fermo']",Torre Lamberti,"['Sighseeing', 'Centro Fotografia', 'Museo Conte', 'Casa Giulietta', 'Palazzo della Ragione']",Santa Anastasia,strategy_nearest,False,0.003396749496459961,success
04DE2E429C4C80,0,"['Teatro Romano', 'Arena']",San Fermo,"['Museo Storia', 'Museo Radio', 'Casa Giulietta', 'Centro Fotografia', 'Sighseeing']",Tomba Giulietta,strategy_nearest,False,0.003467559814453125,success
04DE353A9C4C80,3,"['Torre Lamberti', 'Casa Giulietta', 'Santa Anastasia']",Duomo,"['AMO', 'Museo Miniscalchi', 'Teatro Romano', 'Palazzo della Ragione', 'Museo Conte']",Arena,strategy_nearest,False,0.0033490657806396484,success
04DE423A9C4C80,1,"['Castelvecchio', 'Teatro Romano', 'Casa Giulietta']",Arena,"['Verona Tour', 'Museo Lapidario', 'Museo Radio', 'San Fermo', 'Sighseeing']",Tomba Giulietta,strategy_nearest,False,0.0020101070404052734,success
04DE2F3A9C4C80,0,"['Arena', 'Casa Giulietta']",Teatro Romano,"['Santa Anastasia', 'Duomo', 'AMO', 'Palazzo della Ragione', 'Museo Conte']",Tomba Giulietta,strategy_nearest,False,0.0016090869903564453,success
04DE794A9C4C80,3,"['Santa Anastasia', 'Duomo']",Torre Lamberti,"['Sighseeing', 'Centro Fotografia', 'Museo Conte', 'Casa Giulietta', 'Palazzo della Ragione']",Casa Giulietta,strategy_nearest,True,0.0020859241485595703,success
04DE6F3A9C4C80,3,"['Arena', 'Casa Giulietta', 'Museo Storia']",Torre Lamberti,"['Sighseeing', 'Centro Fotografia', 'Museo Conte', 'Palazzo della Ragione', 'AMO']",Santa Anastasia,strategy_nearest,False,0.002777099609375,success
04DE4A429C4C80,3,"['Arena', 'Casa Giulietta', 'Santa Anastasia']",Duomo,"['AMO', 'Museo Miniscalchi', 'Teatro Romano', 'Palazzo della Ragione', 'Museo Conte']",Tomba Giulietta,strategy_nearest,False,0.0016398429870605469,success
04DE71429C4C80,0,['San Fermo'],Casa Giulietta,"['Centro Fotografia', 'Sighseeing', 'Torre Lamberti', 'Museo Conte', 'Museo Radio']",Duomo,strategy_nearest,False,0.0033402442932128906,success
04DE7F3A9C4C80,0,['Arena'],Castelvecchio,"['Museo Lapidario', 'Verona Tour', 'Museo Radio', 'San Zeno', 'Sighseeing']",Santa Anastasia,strategy_nearest,False,0.001619100570678711,success
04DE97429C4C80,3,"['Arena', 'Museo Lapidario']",Santa Anastasia,"['AMO', 'Museo Conte', 'Palazzo della Ragione', 'Teatro Romano', 'Centro Fotografia']",Santa Anastasia,strategy_nearest,False,0.0021800994873046875,success
04DE7D3A9C4C80,3,['Arena'],Santa Anastasia,"['AMO', 'Museo Conte', 'Palazzo della Ragione', 'Teatro Romano', 'Centro Fotografia']",Duomo,strategy_nearest,False,0.0028200149536132812,success
04DEA34A9C4C80,3,"['Teatro Romano', 'Duomo', 'Santa Anastasia', 'Torre Lamberti']",Casa Giulietta,"['Centro Fotografia', 'Sighseeing', 'Museo Conte', 'Museo Radio', 'Palazzo della Ragione']",San Fermo,strategy_nearest,False,0.003323793411254883,success
04DEA8429C4C80,3,"['Arena', 'Torre Lamberti']",Casa Giulietta,"['Centro Fotografia', 'Sighseeing', 'Museo Conte', 'Museo Radio', 'Palazzo della Ragione']",Santa Anastasia,strategy_nearest,False,0.002228975296020508,success
04DEAE4A9C4C80,3,"['Arena', 'Casa Giulietta']",Santa Anastasia,"['AMO', 'Museo Conte', 'Palazzo della Ragione', 'Teatro Romano', 'Centro Fotografia']",Duomo,strategy_nearest,False,0.0033779144287109375,success
04DEA54A9C4C80,1,"['Castelvecchio', 'Arena']",Casa Giulietta,"['Centro Fotografia', 'Sighseeing', 'Torre Lamberti', 'Museo Conte', 'Museo Radio']",Palazzo della Ragione,strategy_nearest,False,0.0016450881958007812,success
04DEA4429C4C80,0,['Arena'],Torre Lamberti,"['Sighseeing', 'Centro Fotografia', 'Museo Conte', 'Casa Giulietta', 'Palazzo della Ragione']",Museo Storia,strategy_nearest,False,0.002868175506591797,success
04DEB64A9C4C80,3,"['Teatro Romano', 'Santa Anastasia']",Torre Lamberti,"['Sighseeing', 'Centro Fotografia', 'Museo Conte', 'Casa Giulietta', 'Palazzo della Ragione']",San Zeno,strategy_nearest,False,0.0013775825500488281,success
04DEB23A9C4C80,1,"['Arena', 'Casa Giulietta']",Palazzo della Ragione,"['AMO', 'Museo Conte', 'Torre Lamberti', 'Centro Fotografia', 'Sighseeing']",Torre Lamberti,strategy_nearest,True,0.0027828216552734375,success
04DEAF4A9C4C80,1,"['Arena', 'Casa Giulietta', 'Palazzo della Ragione']",Teatro Romano,"['Santa Anastasia', 'Duomo', 'AMO', 'Museo Conte', 'Centro Fotografia']",Duomo,strategy_nearest,True,0.002212047576904297,success
04DEB04A9C4C80,3,"['Arena', 'Castelvecchio', 'Casa Giulietta']",San Zeno,"['Verona Tour', 'Museo Lapidario', 'Museo Miniscalchi', 'Sighseeing', 'Museo Radio']",Teatro Romano,strategy_nearest,False,0.0033979415893554688,success
04DEBD4A9C4C80,3,"['Tomba Giulietta', 'Arena']",Casa Giulietta,"['Centro Fotografia', 'Sighseeing', 'Torre Lamberti', 'Museo Conte', 'Museo Radio']",Santa Anastasia,strategy_nearest,False,0.0020627975463867188,success
04DEC74A9C4C80,3,['Arena'],Casa Giulietta,"['Centro Fotografia', 'Sighseeing', 'Torre Lamberti', 'Museo Conte', 'Museo Radio']",Santa Anastasia,strategy_nearest,False,0.0014078617095947266,success
04DEB7429C4C80,3,"['Arena', 'Casa Giulietta']",Torre Lamberti,"['Sighseeing', 'Centro Fotografia', 'Museo Conte', 'Palazzo della Ragione', 'AMO']",Santa Anastasia,strategy_nearest,False,0.004449129104614258,success
04DEB93A9C4C80,3,"['Arena', 'Tomba Giulietta']",Torre Lamberti,"['Sighseeing', 'Centro Fotografia', 'Museo Conte', 'Casa Giulietta', 'Palazzo della Ragione']",Duomo,strategy_nearest,False,0.0026938915252685547,success
04DECF429C4C80,3,"['Arena', 'Torre Lamberti']",Santa Anastasia,"['AMO', 'Museo Conte', 'Palazzo della Ragione', 'Teatro Romano', 'Centro Fotografia']",Duomo,strategy_nearest,False,0.002001047134399414,success
04DECE4A9C4C80,1,"['Arena', 'Casa Giulietta']",Torre Lamberti,"['Sighseeing', 'Centro Fotografia', 'Museo Conte', 'Palazzo della Ragione', 'AMO']",Palazzo della Ragione,strategy_nearest,True,0.0027718544006347656,success
04DECC4A9C4C80,3,"['Museo Lapidario', 'Casa Giulietta']",Torre Lamberti,"['Sighseeing', 'Centro Fotografia', 'Museo Conte', 'Palazzo della Ragione', 'AMO']",Arena,strategy_nearest,False,0.0016047954559326172,success
04DEC94A9C4C80,1,"['Arena', 'Casa Giulietta', 'San Fermo', 'Teatro Romano']",Duomo,"['AMO', 'Museo Miniscalchi', 'Santa Anastasia', 'Palazzo della Ragione', 'Museo Conte']",Palazzo della Ragione,strategy_nearest,True,0.003618955612182617,success
04DECF4A9C4C80,0,['Arena'],Castelvecchio,"['Museo Lapidario', 'Verona Tour', 'Museo Radio', 'San Zeno', 'Sighseeing']",Teatro Romano,strategy_nearest,False,0.0015981197357177734,success
04DED93A9C4C80,3,"['Castelvecchio', 'San Zeno', 'Casa Giulietta', 'San Fermo']",Torre Lamberti,"['Sighseeing', 'Centro Fotografia', 'Museo Conte', 'Palazzo della Ragione', 'AMO']",Santa Anastasia,strategy_nearest,False,0.002410888671875,success
04DEE94A9C4C80,3,"['Arena', 'Casa Giulietta']",Torre Lamberti,"['Sighseeing', 'Centro Fotografia', 'Museo Conte', 'Palazzo della Ragione', 'AMO']",Santa Anastasia,strategy_nearest,False,0.002501964569091797,success
04DEEE4A9C4C80,2,"['San Fermo', 'Casa Giulietta']",Santa Anastasia,"['AMO', 'Museo Conte', 'Palazzo della Ragione', 'Teatro Romano', 'Centro Fotografia']",Duomo,strategy_nearest,False,0.003087759017944336,success
04DEF43A9C4C80,1,"['Arena', 'Santa Anastasia', 'Duomo', 'Teatro Romano']",Palazzo della Ragione,"['AMO', 'Museo Conte', 'Torre Lamberti', 'Centro Fotografia', 'Sighseeing']",Torre Lamberti,strategy_nearest,True,0.0023889541625976562,success
04DF004A9C4C84,3,"['Arena', 'Castelvecchio']",Duomo,"['AMO', 'Museo Miniscalchi', 'Santa Anastasia', 'Teatro Romano', 'Palazzo della Ragione']",Santa Anastasia,strategy_nearest,True,0.0031223297119140625,success
04DF07429C4C84,1,['Arena'],Teatro Romano,"['Santa Anastasia', 'Duomo', 'AMO', 'Palazzo della Ragione', 'Museo Conte']",Torre Lamberti,strategy_nearest,False,0.0025081634521484375,success
04DF014A9C4C84,0,['Arena'],Casa Giulietta,"['Centro Fotografia', 'Sighseeing', 'Torre Lamberti', 'Museo Conte', 'Museo Radio']",Santa Anastasia,strategy_nearest,False,0.0033757686614990234,success
04DF0C4A9C4C84,0,['Arena'],Casa Giulietta,"['Centro Fotografia', 'Sighseeing', 'Torre Lamberti', 'Museo Conte', 'Museo Radio']",Torre Lamberti,strategy_nearest,True,0.0025238990783691406,success
04DF0D429C4C84,3,"['Arena', 'Casa Giulietta']",Torre Lamberti,"['Sighseeing', 'Centro Fotografia', 'Museo Conte', 'Palazzo della Ragione', 'AMO']",Duomo,strategy_nearest,False,0.00391077995300293,success
04DF13429C4C84,1,"['Torre Lamberti', 'Palazzo della Ragione']",Casa Giulietta,"['Centro Fotografia', 'Sighseeing', 'Museo Conte', 'Museo Radio', 'San Fermo']",Arena,strategy_nearest,False,0.002007007598876953,success
04DF0E429C4C84,3,"['Arena', 'Castelvecchio', 'Teatro Romano']",Duomo,"['AMO', 'Museo Miniscalchi', 'Santa Anastasia', 'Palazzo della Ragione', 'Museo Conte']",Casa Giulietta,strategy_nearest,False,0.0039000511169433594,success
04DF163A9C4C80,3,['Arena'],Santa Anastasia,"['AMO', 'Museo Conte', 'Palazzo della Ragione', 'Teatro Romano', 'Centro Fotografia']",Duomo,strategy_nearest,False,0.0030221939086914062,success
04DF1A4A9C4C80,3,"['Casa Giulietta', 'Arena', 'Tomba Giulietta']",San Fermo,"['Museo Storia', 'Museo Radio', 'Centro Fotografia', 'Sighseeing', 'Torre Lamberti']",Torre Lamberti,strategy_nearest,True,0.0027468204498291016,success
04DF20429C4C84,0,['Arena'],Casa Giulietta,"['Centro Fotografia', 'Sighseeing', 'Torre Lamberti', 'Museo Conte', 'Museo Radio']",Torre Lamberti,strategy_nearest,True,0.002546072006225586,success
04DF2D3A9C4C80,2,"['Casa Giulietta', 'Torre Lamberti']",Duomo,"['AMO', 'Museo Miniscalchi', 'Santa Anastasia', 'Teatro Romano', 'Palazzo della Ragione']",Teatro Romano,strategy_nearest,True,0.003200054168701172,success
04DF333A9C4C80,3,"['San Zeno', 'Castelvecchio']",Arena,"['Verona Tour', 'Museo Lapidario', 'Museo Radio', 'San Fermo', 'Casa Giulietta']",Tomba Giulietta,strategy_nearest,False,0.0031092166900634766,success
04DF49429C4C80,4,"['Casa Giulietta', 'Torre Lamberti', 'Palazzo della Ragione', 'Santa Anastasia']",Teatro Romano,"['Duomo', 'AMO', 'Museo Conte', 'Centro Fotografia', 'Museo Miniscalchi']",Arena,strategy_nearest,False,0.0025610923767089844,success
04DF353A9C4C80,3,"['Arena', 'Santa Anastasia']",Duomo,"['AMO', 'Museo Miniscalchi', 'Teatro Romano', 'Palazzo della Ragione', 'Museo Conte']",Castelvecchio,strategy_nearest,False,0.002721071243286133,success
04DF504A9C4C80,3,"['Arena', 'Castelvecchio']",Museo Lapidario,"['Verona Tour', 'Museo Radio', 'San Fermo', 'Casa Giulietta', 'Tomba Giulietta']",Casa Giulietta,strategy_nearest,True,0.0031800270080566406,success
04DF5E429C4C80,1,"['Arena', 'Museo Lapidario', 'Casa Giulietta', 'San Fermo']",Torre Lamberti,"['Sighseeing', 'Centro Fotografia', 'Museo Conte', 'Palazzo della Ragione', 'AMO']",Palazzo della Ragione,strategy_nearest,True,0.002768993377685547,success
04DF593A9C4C80,3,"['Arena', 'Torre Lamberti']",Casa Giulietta,"['Centro Fotografia', 'Sighseeing', 'Museo Conte', 'Museo Radio', 'Palazzo della Ragione']",Santa Anastasia,strategy_nearest,False,0.0020377635955810547,success
04DF523A9C4C80,3,"['Duomo', 'Santa Anastasia', 'Casa Giulietta']",Arena,"['Verona Tour', 'Museo Lapidario', 'Museo Radio', 'San Fermo', 'Sighseeing']",Teatro Romano,strategy_nearest,False,0.004701852798461914,success
04DF643A9C4C80,1,"['Arena', 'Castelvecchio', 'Casa Giulietta']",Torre Lamberti,"['Sighseeing', 'Centro Fotografia', 'Museo Conte', 'Palazzo della Ragione', 'AMO']",Palazzo della Ragione,strategy_nearest,True,0.0033330917358398438,success
04DF6E3A9C4C80,0,"['Casa Giulietta', 'Tomba Giulietta']",Arena,"['Verona Tour', 'Museo Lapidario', 'Museo Radio', 'San Fermo', 'Sighseeing']",Torre Lamberti,strategy_nearest,False,0.002769947052001953,success
04DF774A9C4C80,3,"['Torre Lamberti', 'Santa Anastasia']",Duomo,"['AMO', 'Museo Miniscalchi', 'Teatro Romano', 'Palazzo della Ragione', 'Museo Conte']",San Fermo,strategy_nearest,False,0.001397848129272461,success
04DF754A9C4C80,3,"['Arena', 'Casa Giulietta']",Santa Anastasia,"['AMO', 'Museo Conte', 'Palazzo della Ragione', 'Teatro Romano', 'Centro Fotografia']",Duomo,strategy_nearest,False,0.0033102035522460938,success
04DF70429C4C80,0,"['Arena', 'Casa Giulietta']",Teatro Romano,"['Santa Anastasia', 'Duomo', 'AMO', 'Palazzo della Ragione', 'Museo Conte']",Duomo,strategy_nearest,True,0.0033638477325439453,success
04DF7A4A9C4C80,3,"['Arena', 'Tomba Giulietta']",Teatro Romano,"['Santa Anastasia', 'Duomo', 'AMO', 'Palazzo della Ragione', 'Museo Conte']",Santa Anastasia,strategy_nearest,True,0.001477956771850586,success
04DF784A9C4C80,1,"['Arena', 'Castelvecchio']",Casa Giulietta,"['Centro Fotografia', 'Sighseeing', 'Torre Lamberti', 'Museo Conte', 'Museo Radio']",Torre Lamberti,strategy_nearest,True,0.0028128623962402344,success
04DF7A429C4C80,0,['Arena'],Casa Giulietta,"['Centro Fotografia', 'Sighseeing', 'Torre Lamberti', 'Museo Conte', 'Museo Radio']",Teatro Romano,strategy_nearest,False,0.0033762454986572266,success
04DF8B4A9C4C80,0,"['Arena', 'Museo Lapidario']",Castelvecchio,"['Verona Tour', 'Museo Radio', 'San Zeno', 'Sighseeing', 'Museo Miniscalchi']",Tomba Giulietta,strategy_nearest,False,0.004940032958984375,success
04DF8C4A9C4C80,0,"['Arena', 'Tomba Giulietta']",San Fermo,"['Museo Storia', 'Museo Radio', 'Casa Giulietta', 'Centro Fotografia', 'Sighseeing']",Giardino Giusti,strategy_nearest,False,0.0019299983978271484,success
04DF904A9C4C80,3,['Arena'],Torre Lamberti,"['Sighseeing', 'Centro Fotografia', 'Museo Conte', 'Casa Giulietta', 'Palazzo della Ragione']",Duomo,strategy_nearest,False,0.0013179779052734375,success
04DF914A9C4C80,0,['Casa Giulietta'],Santa Anastasia,"['AMO', 'Museo Conte', 'Palazzo della Ragione', 'Teatro Romano', 'Centro Fotografia']",Arena,strategy_nearest,False,0.0032117366790771484,success
04DF934A9C4C80,0,['Arena'],Torre Lamberti,"['Sighseeing', 'Centro Fotografia', 'Museo Conte', 'Casa Giulietta', 'Palazzo della Ragione']",Casa Giulietta,strategy_nearest,True,0.002626180648803711,success
04DF974A9C4C80,0,"['Arena', 'Museo Lapidario']",Tomba Giulietta,"['San Fermo', 'Museo Storia', 'Museo Radio', 'Verona Tour', 'Casa Giulietta']",Casa Giulietta,strategy_nearest,True,0.001322031021118164,success
04DF95429C4C80,1,"['Casa Giulietta', 'San Fermo']",Palazzo della Ragione,"['AMO', 'Museo Conte', 'Torre Lamberti', 'Centro Fotografia', 'Sighseeing']",Torre Lamberti,strategy_nearest,True,0.0031960010528564453,success
04DFA14A9C4C80,2,['Casa Giulietta'],Torre Lamberti,"['Sighseeing', 'Centro Fotografia', 'Museo Conte', 'Palazzo della Ragione', 'AMO']",Santa Anastasia,strategy_nearest,False,0.003316164016723633,success
04DFB64A9C4C80,1,"['Arena', 'Torre Lamberti']",Palazzo della Ragione,"['AMO', 'Museo Conte', 'Centro Fotografia', 'Sighseeing', 'Santa Anastasia']",Duomo,strategy_nearest,False,0.0019490718841552734,success
04DFA5429C4C80,1,"['Torre Lamberti', 'Palazzo della Ragione']",Santa Anastasia,"['AMO', 'Museo Conte', 'Teatro Romano', 'Centro Fotografia', 'Duomo']",Casa Giulietta,strategy_nearest,False,0.002241849899291992,success
04DFB04A9C4C80,3,"['Arena', 'Casa Giulietta', 'Santa Anastasia']",Duomo,"['AMO', 'Museo Miniscalchi', 'Teatro Romano', 'Palazzo della Ragione', 'Museo Conte']",Teatro Romano,strategy_nearest,True,0.0032548904418945312,success
04DFA64A9C4C80,3,"['Castelvecchio', 'Duomo', 'Santa Anastasia']",Torre Lamberti,"['Sighseeing', 'Centro Fotografia', 'Museo Conte', 'Casa Giulietta', 'Palazzo della Ragione']",Casa Giulietta,strategy_nearest,True,0.0039141178131103516,success
04DFC54A9C4C80,1,"['Castelvecchio', 'Arena', 'Casa Giulietta']",Palazzo della Ragione,"['AMO', 'Museo Conte', 'Torre Lamberti', 'Centro Fotografia', 'Sighseeing']",Torre Lamberti,strategy_nearest,True,0.00138092041015625,success
04DFC44A9C4C80,2,"['Torre Lamberti', 'Casa Giulietta']",San Fermo,"['Museo Storia', 'Museo Radio', 'Centro Fotografia', 'Arena', 'Sighseeing']",Castelvecchio,strategy_nearest,False,0.0021109580993652344,success
04DFC34A9C4C80,3,"['Arena', 'San Fermo', 'Casa Giulietta']",Santa Anastasia,"['AMO', 'Museo Conte', 'Palazzo della Ragione', 'Teatro Romano', 'Centro Fotografia']",Duomo,strategy_nearest,False,0.002768278121948242,success
04DFC43A9C4C80,3,"['Arena', 'Casa Giulietta']",Torre Lamberti,"['Sighseeing', 'Centro Fotografia', 'Museo Conte', 'Palazzo della Ragione', 'AMO']",Santa Anastasia,strategy_nearest,False,0.003443002700805664,success
04DFC94A9C4C80,0,['Arena'],Casa Giulietta,"['Centro Fotografia', 'Sighseeing', 'Torre Lamberti', 'Museo Conte', 'Museo Radio']",Museo Lapidario,strategy_nearest,False,0.0021266937255859375,success
04DFCE4A9C4C80,3,"['Arena', 'Casa Giulietta']",Teatro Romano,"['Santa Anastasia', 'Duomo', 'AMO', 'Palazzo della Ragione', 'Museo Conte']",Duomo,strategy_nearest,True,0.0026619434356689453,success
04DFCB4A9C4C80,1,"['Arena', 'Castelvecchio', 'Casa Giulietta']",Palazzo della Ragione,"['AMO', 'Museo Conte', 'Torre Lamberti', 'Centro Fotografia', 'Sighseeing']",Santa Anastasia,strategy_nearest,False,0.0027391910552978516,success
04DFD03A9C4C80,1,['Arena'],Casa Giulietta,"['Centro Fotografia', 'Sighseeing', 'Torre Lamberti', 'Museo Conte', 'Museo Radio']",Duomo,strategy_nearest,False,0.003144979476928711,success
04DFE4429C4C80,3,"['Torre Lamberti', 'Casa Giulietta', 'San Fermo', 'Arena']",Castelvecchio,"['Museo Lapidario', 'Verona Tour', 'Museo Radio', 'San Zeno', 'Sighseeing']",San Zeno,strategy_nearest,True,0.002776622772216797,success
04DFEA429C4C80,1,"['Arena', 'Museo Lapidario', 'Casa Giulietta']",Santa Anastasia,"['AMO', 'Museo Conte', 'Palazzo della Ragione', 'Teatro Romano', 'Centro Fotografia']",Duomo,strategy_nearest,False,0.0021529197692871094,success
04DFDF429C4C80,1,"['Castelvecchio', 'Arena', 'Casa Giulietta']",Palazzo della Ragione,"['AMO', 'Museo Conte', 'Torre Lamberti', 'Centro Fotografia', 'Sighseeing']",Duomo,strategy_nearest,False,0.0028400421142578125,success
04DFEE4A9C4C80,3,"['Arena', 'Casa Giulietta', 'Santa Anastasia']",Teatro Romano,"['Duomo', 'AMO', 'Palazzo della Ragione', 'Museo Conte', 'Centro Fotografia']",Duomo,strategy_nearest,True,0.003339052200317383,success
04E0024A9C4C84,0,['Teatro Romano'],Arena,"['Verona Tour', 'Museo Lapidario', 'Museo Radio', 'San Fermo', 'Casa Giulietta']",Torre Lamberti,strategy_nearest,False,0.0013587474822998047,success
04E000429C4C84,3,"['Arena', 'Castelvecchio']",Torre Lamberti,"['Sighseeing', 'Centro Fotografia', 'Museo Conte', 'Casa Giulietta', 'Palazzo della Ragione']",Santa Anastasia,strategy_nearest,False,0.0026519298553466797,success
04DFFC429C4C80,3,"['Museo Storia', 'Torre Lamberti']",Arena,"['Verona Tour', 'Museo Lapidario', 'Museo Radio', 'San Fermo', 'Casa Giulietta']",San Fermo,strategy_nearest,True,0.004019975662231445,success
04DFF24A9C4C80,3,['Arena'],Santa Anastasia,"['AMO', 'Museo Conte', 'Palazzo della Ragione', 'Teatro Romano', 'Centro Fotografia']",Duomo,strategy_nearest,False,0.0027599334716796875,success
04E0064A9C4C84,3,"['Castelvecchio', 'Arena']",Torre Lamberti,"['Sighseeing', 'Centro Fotografia', 'Museo Conte', 'Casa Giulietta', 'Palazzo della Ragione']",Casa Giulietta,strategy_nearest,True,0.0027382373809814453,success
04E00E429C4C84,2,['Castelvecchio'],Casa Giulietta,"['Centro Fotografia', 'Sighseeing', 'Torre Lamberti', 'Museo Conte', 'Museo Radio']",Palazzo della Ragione,strategy_nearest,False,0.0014150142669677734,success
04E013429C4C84,1,['Arena'],Casa Giulietta,"['Centro Fotografia', 'Sighseeing', 'Torre Lamberti', 'Museo Conte', 'Museo Radio']",Tomba Giulietta,strategy_nearest,False,0.003229856491088867,success
04E00C429C4C84,1,"['Casa Giulietta', 'Arena']",Duomo,"['AMO', 'Museo Miniscalchi', 'Santa Anastasia', 'Teatro Romano', 'Palazzo della Ragione']",Torre Lamberti,strategy_nearest,False,0.0033469200134277344,success
04E015429C4C84,0,['Arena'],Museo Lapidario,"['Verona Tour', 'Castelvecchio', 'Museo Radio', 'San Fermo', 'Casa Giulietta']",Castelvecchio,strategy_nearest,True,0.0027980804443359375,success
04E0283A9C4C80,1,"['Casa Giulietta', 'Palazzo della Ragione', 'Torre Lamberti', 'Santa Anastasia']",Duomo,"['AMO', 'Museo Miniscalchi', 'Teatro Romano', 'Museo Conte', 'Centro Fotografia']",Teatro Romano,strategy_nearest,True,0.001971006393432617,success
04E0204A9C4C80,4,"['Castelvecchio', 'Arena', 'Museo Lapidario', 'Museo Radio', 'Tomba Giulietta']",Teatro Romano,"['Santa Anastasia', 'Duomo', 'AMO', 'Palazzo della Ragione', 'Museo Conte']",Giardino Giusti,strategy_nearest,False,0.0032720565795898438,success
04E018429C4C84,3,['Duomo'],Santa Anastasia,"['AMO', 'Museo Conte', 'Palazzo della Ragione', 'Teatro Romano', 'Centro Fotografia']",Arena,strategy_nearest,False,0.002718210220336914,success
04E02D429C4C80,3,"['Casa Giulietta', 'Torre Lamberti']",Duomo,"['AMO', 'Museo Miniscalchi', 'Santa Anastasia', 'Teatro Romano', 'Palazzo della Ragione']",Teatro Romano,strategy_nearest,True,0.0021250247955322266,success
04E034429C4C80,0,['Arena'],Casa Giulietta,"['Centro Fotografia', 'Sighseeing', 'Torre Lamberti', 'Museo Conte', 'Museo Radio']",Palazzo della Ragione,strategy_nearest,False,0.0013492107391357422,success
04E02F429C4C80,3,"['Duomo', 'Arena']",Torre Lamberti,"['Sighseeing', 'Centro Fotografia', 'Museo Conte', 'Casa Giulietta', 'Palazzo della Ragione']",Teatro Romano,strategy_nearest,False,0.0032317638397216797,success
04E02A3A9C4C80,0,"['Casa Giulietta', 'Teatro Romano']",Arena,"['Verona Tour', 'Museo Lapidario', 'Museo Radio', 'San Fermo', 'Sighseeing']",Museo Lapidario,strategy_nearest,True,0.0027489662170410156,success
04E040429C4C80,1,"['Castelvecchio', 'Arena', 'Teatro Romano', 'Duomo']",Torre Lamberti,"['Sighseeing', 'Centro Fotografia', 'Museo Conte', 'Casa Giulietta', 'Palazzo della Ragione']",Casa Giulietta,strategy_nearest,True,0.002081155776977539,success
04E04C3A9C4C80,3,"['Castelvecchio', 'Arena', 'San Fermo']",Teatro Romano,"['Santa Anastasia', 'Duomo', 'AMO', 'Palazzo della Ragione', 'Museo Conte']",Duomo,strategy_nearest,True,0.001474142074584961,success
04E0394A9C4C80,2,['Santa Anastasia'],San Fermo,"['Museo Storia', 'Museo Radio', 'Casa Giulietta', 'Centro Fotografia', 'Arena']",Teatro Romano,strategy_nearest,False,0.002768278121948242,success
04E04C429C4C80,3,"['Castelvecchio', 'Arena']",Casa Giulietta,"['Centro Fotografia', 'Sighseeing', 'Torre Lamberti', 'Museo Conte', 'Museo Radio']",Duomo,strategy_nearest,False,0.003114938735961914,success
04E055429C4C80,2,"['Teatro Romano', 'Santa Anastasia']",Casa Giulietta,"['Centro Fotografia', 'Sighseeing', 'Torre Lamberti', 'Museo Conte', 'Museo Radio']",San Zeno,strategy_nearest,False,0.0015261173248291016,success
04E0784A9C4C80,3,"['Museo Lapidario', 'Arena']",Santa Anastasia,"['AMO', 'Museo Conte', 'Palazzo della Ragione', 'Teatro Romano', 'Centro Fotografia']",Duomo,strategy_nearest,False,0.002711057662963867,success
04E06E3A9C4C80,1,"['Arena', 'Casa Giulietta', 'Torre Lamberti', 'Palazzo della Ragione']",Santa Anastasia,"['AMO', 'Museo Conte', 'Teatro Romano', 'Centro Fotografia', 'Duomo']",San Fermo,strategy_nearest,False,0.0021958351135253906,success
04E04D429C4C80,3,"['Castelvecchio', 'Arena', 'Casa Giulietta', 'San Fermo', 'Torre Lamberti']",Santa Anastasia,"['AMO', 'Museo Conte', 'Palazzo della Ragione', 'Teatro Romano', 'Centro Fotografia']",Duomo,strategy_nearest,False,0.004022121429443359,success
04E0794A9C4C80,1,"['San Zeno', 'Castelvecchio', 'Arena']",Casa Giulietta,"['Centro Fotografia', 'Sighseeing', 'Torre Lamberti', 'Museo Conte', 'Museo Radio']",Tomba Giulietta,strategy_nearest,False,0.0045239925384521484,success
04E07D3A9C4C80,3,"['Santa Anastasia', 'Torre Lamberti']",Duomo,"['AMO', 'Museo Miniscalchi', 'Teatro Romano', 'Palazzo della Ragione', 'Museo Conte']",Casa Giulietta,strategy_nearest,False,0.002124786376953125,success
04E094429C4C80,3,['Arena'],Tomba Giulietta,"['San Fermo', 'Museo Storia', 'Museo Lapidario', 'Museo Radio', 'Verona Tour']",Santa Anastasia,strategy_nearest,False,0.0014142990112304688,success
04E081429C4C80,0,['Arena'],Torre Lamberti,"['Sighseeing', 'Centro Fotografia', 'Museo Conte', 'Casa Giulietta', 'Palazzo della Ragione']",Casa Giulietta,strategy_nearest,True,0.003361940383911133,success
04E0964A9C4C80,1,"['Arena', 'Casa Giulietta']",Torre Lamberti,"['Sighseeing', 'Centro Fotografia', 'Museo Conte', 'Palazzo della Ragione', 'AMO']",Palazzo della Ragione,strategy_nearest,True,0.0021538734436035156,success
04E0974A9C4C80,3,"['Arena', 'Casa Giulietta']",Torre Lamberti,"['Sighseeing', 'Centro Fotografia', 'Museo Conte', 'Palazzo della Ragione', 'AMO']",Santa Anastasia,strategy_nearest,False,0.0031709671020507812,success
04E097429C4C80,1,"['Teatro Romano', 'Duomo']",Santa Anastasia,"['AMO', 'Museo Conte', 'Palazzo della Ragione', 'Centro Fotografia', 'Torre Lamberti']",Torre Lamberti,strategy_nearest,True,0.0033190250396728516,success
04E099429C4C80,2,"['Casa Giulietta', 'Torre Lamberti']",Palazzo della Ragione,"['AMO', 'Museo Conte', 'Centro Fotografia', 'Sighseeing', 'Santa Anastasia']",San Zeno,strategy_nearest,False,0.0018076896667480469,success
04E0A1429C4C80,0,['Casa Giulietta'],Arena,"['Verona Tour', 'Museo Lapidario', 'Museo Radio', 'San Fermo', 'Sighseeing']",Santa Anastasia,strategy_nearest,False,0.0020759105682373047,success
04E09F429C4C80,1,"['Casa Giulietta', 'Torre Lamberti']",Palazzo della Ragione,"['AMO', 'Museo Conte', 'Centro Fotografia', 'Sighseeing', 'Santa Anastasia']",Arena,strategy_nearest,False,0.0027697086334228516,success
04E09B429C4C80,3,"['Arena', 'Casa Giulietta']",Santa Anastasia,"['AMO', 'Museo Conte', 'Palazzo della Ragione', 'Teatro Romano', 'Centro Fotografia']",Teatro Romano,strategy_nearest,True,0.0014562606811523438,success
04E0A5429C4C80,0,"['Torre Lamberti', 'Arena']",Museo Storia,"['San Fermo', 'Museo Radio', 'Casa Giulietta', 'Centro Fotografia', 'Tomba Giulietta']",Giardino Giusti,strategy_nearest,False,0.003362894058227539,success
04E0B1429C4C80,0,['Arena'],Casa Giulietta,"['Centro Fotografia', 'Sighseeing', 'Torre Lamberti', 'Museo Conte', 'Museo Radio']",Castelvecchio,strategy_nearest,False,0.0025780200958251953,success
04E0A73A9C4C80,1,"['Santa Anastasia', 'Duomo', 'Teatro Romano', 'Casa Giulietta']",Castelvecchio,"['Museo Lapidario', 'Verona Tour', 'Arena', 'Museo Radio', 'San Zeno']",Arena,strategy_nearest,True,0.001873016357421875,success
04E0B24A9C4C80,1,"['Arena', 'Casa Giulietta', 'Santa Anastasia']",Torre Lamberti,"['Sighseeing', 'Centro Fotografia', 'Museo Conte', 'Palazzo della Ragione', 'AMO']",Palazzo della Ragione,strategy_nearest,True,0.0023632049560546875,success
04E0B54A9C4C80,1,"['Arena', 'Castelvecchio', 'Torre Lamberti']",Palazzo della Ragione,"['AMO', 'Museo Conte', 'Centro Fotografia', 'Sighseeing', 'Santa Anastasia']",Santa Anastasia,strategy_nearest,True,0.0029032230377197266,success
04E0BB4A9C4C80,3,"['Arena', 'Casa Giulietta']",Torre Lamberti,"['Sighseeing', 'Centro Fotografia', 'Museo Conte', 'Palazzo della Ragione', 'AMO']",Santa Anastasia,strategy_nearest,False,0.001817941665649414,success
04E0B74A9C4C80,1,"['Arena', 'Casa Giulietta', 'Torre Lamberti']",Palazzo della Ragione,"['AMO', 'Museo Conte', 'Centro Fotografia', 'Sighseeing', 'Santa Anastasia']",Castelvecchio,strategy_nearest,False,0.003361940383911133,success
04E0BA4A9C4C80,0,"['Teatro Romano', 'Torre Lamberti']",Casa Giulietta,"['Centro Fotografia', 'Sighseeing', 'Museo Conte', 'Museo Radio', 'Palazzo della Ragione']",San Zeno,strategy_nearest,False,0.0033740997314453125,success
04E0C54A9C4C80,0,"['Tomba Giulietta', 'Arena']",Casa Giulietta,"['Centro Fotografia', 'Sighseeing', 'Torre Lamberti', 'Museo Conte', 'Museo Radio']",Teatro Romano,strategy_nearest,False,0.0021889209747314453,success
04E0CA4A9C4C80,0,['Arena'],Castelvecchio,"['Museo Lapidario', 'Verona Tour', 'Museo Radio', 'San Zeno', 'Sighseeing']",Museo Storia,strategy_nearest,False,0.01937413215637207,success
04E0CE4A9C4C80,3,"['Arena', 'Casa Giulietta']",Santa Anastasia,"['AMO', 'Museo Conte', 'Palazzo della Ragione', 'Teatro Romano', 'Centro Fotografia']",Duomo,strategy_nearest,False,0.00133514404296875,success
04E0D2429C4C80,0,"['Teatro Romano', 'Arena']",Torre Lamberti,"['Sighseeing', 'Centro Fotografia', 'Museo Conte', 'Casa Giulietta', 'Palazzo della Ragione']",Casa Giulietta,strategy_nearest,True,0.0010528564453125,success
04E0C2429C4C80,0,['Arena'],Casa Giulietta,"['Centro Fotografia', 'Sighseeing', 'Torre Lamberti', 'Museo Conte', 'Museo Radio']",Teatro Romano,strategy_nearest,False,0.0015270709991455078,success
04E0BE4A9C4C80,0,['Castelvecchio'],Casa Giulietta,"['Centro Fotografia', 'Sighseeing', 'Torre Lamberti', 'Museo Conte', 'Museo Radio']",Arena,strategy_nearest,False,0.0034830570220947266,success
04E0DC429C4C80,1,"['Arena', 'Casa Giulietta', 'Tomba Giulietta', 'San Fermo', 'Torre Lamberti']",Palazzo della Ragione,"['AMO', 'Museo Conte', 'Centro Fotografia', 'Sighseeing', 'Santa Anastasia']",Castelvecchio,strategy_nearest,False,0.0013110637664794922,success
04E0CB4A9C4C80,0,['Arena'],Casa Giulietta,"['Centro Fotografia', 'Sighseeing', 'Torre Lamberti', 'Museo Conte', 'Museo Radio']",Duomo,strategy_nearest,False,0.006024837493896484,success
04E0EE4A9C4C80,0,['Arena'],Casa Giulietta,"['Centro Fotografia', 'Sighseeing', 'Torre Lamberti', 'Museo Conte', 'Museo Radio']",Castelvecchio,strategy_nearest,False,0.0027649402618408203,success
04E0F6429C4C80,3,['Arena'],Torre Lamberti,"['Sighseeing', 'Centro Fotografia', 'Museo Conte', 'Casa Giulietta', 'Palazzo della Ragione']",Santa Anastasia,strategy_nearest,False,0.0035698413848876953,success
04E0FB4A9C4C80,3,"['Arena', 'San Zeno', 'Duomo']",Santa Anastasia,"['AMO', 'Museo Conte', 'Palazzo della Ragione', 'Teatro Romano', 'Centro Fotografia']",Casa Giulietta,strategy_nearest,False,0.004719972610473633,success
04E0FD429C4C80,1,"['Arena', 'Museo Lapidario', 'Casa Giulietta']",San Fermo,"['Museo Storia', 'Museo Radio', 'Centro Fotografia', 'Sighseeing', 'Torre Lamberti']",Torre Lamberti,strategy_nearest,True,0.0026688575744628906,success
04E0FC3A9C4C80,0,['Arena'],Casa Giulietta,"['Centro Fotografia', 'Sighseeing', 'Torre Lamberti', 'Museo Conte', 'Museo Radio']",Torre Lamberti,strategy_nearest,True,0.002563953399658203,success
04E1034A9C4C84,0,['Arena'],Casa Giulietta,"['Centro Fotografia', 'Sighseeing', 'Torre Lamberti', 'Museo Conte', 'Museo Radio']",Torre Lamberti,strategy_nearest,True,0.002681255340576172,success
04E1064A9C4C84,0,['Arena'],Casa Giulietta,"['Centro Fotografia', 'Sighseeing', 'Torre Lamberti', 'Museo Conte', 'Museo Radio']",Teatro Romano,strategy_nearest,False,0.002836942672729492,success
04E1024A9C4C84,0,['Museo Lapidario'],Arena,"['Verona Tour', 'Museo Radio', 'San Fermo', 'Casa Giulietta', 'Sighseeing']",Casa Giulietta,strategy_nearest,True,0.0037670135498046875,success
04E107429C4C84,0,['Arena'],Teatro Romano,"['Santa Anastasia', 'Duomo', 'AMO', 'Palazzo della Ragione', 'Museo Conte']",Duomo,strategy_nearest,True,0.003183126449584961,success
04E10E429C4C84,3,"['Arena', 'Casa Giulietta']",Torre Lamberti,"['Sighseeing', 'Centro Fotografia', 'Museo Conte', 'Palazzo della Ragione', 'AMO']",Santa Anastasia,strategy_nearest,False,0.0017321109771728516,success
04E1104A9C4C84,3,['Arena'],Torre Lamberti,"['Sighseeing', 'Centro Fotografia', 'Museo Conte', 'Casa Giulietta', 'Palazzo della Ragione']",Santa Anastasia,strategy_nearest,False,0.00244903564453125,success
04E1114A9C4C84,3,"['Arena', 'Casa Giulietta']",Castelvecchio,"['Museo Lapidario', 'Verona Tour', 'Museo Radio', 'San Zeno', 'Sighseeing']",Santa Anastasia,strategy_nearest,False,0.0026030540466308594,success
04E1143A9C4C84,2,['Museo Lapidario'],Casa Giulietta,"['Centro Fotografia', 'Sighseeing', 'Torre Lamberti', 'Museo Conte', 'Museo Radio']",Casa Giulietta,strategy_nearest,False,0.002429962158203125,success
04E11A429C4C84,0,['Arena'],Museo Lapidario,"['Verona Tour', 'Castelvecchio', 'Museo Radio', 'San Fermo', 'Casa Giulietta']",Duomo,strategy_nearest,False,0.003219127655029297,success
04E123429C4C84,3,"['Arena', 'Casa Giulietta', 'Castelvecchio']",Tomba Giulietta,"['San Fermo', 'Museo Storia', 'Museo Lapidario', 'Museo Radio', 'Verona Tour']",San Fermo,strategy_nearest,True,0.002522706985473633,success
04E115429C4C80,0,['Casa Giulietta'],Arena,"['Verona Tour', 'Museo Lapidario', 'Museo Radio', 'San Fermo', 'Sighseeing']",Castelvecchio,strategy_nearest,False,0.0026340484619140625,success
04E1394A9C4C80,3,"['San Zeno', 'Castelvecchio']",Torre Lamberti,"['Sighseeing', 'Centro Fotografia', 'Museo Conte', 'Casa Giulietta', 'Palazzo della Ragione']",Arena,strategy_nearest,False,0.0025718212127685547,success
04E11C3A9C4C80,3,"['Arena', 'Castelvecchio']",Santa Anastasia,"['AMO', 'Museo Conte', 'Palazzo della Ragione', 'Teatro Romano', 'Centro Fotografia']",Teatro Romano,strategy_nearest,True,0.0032198429107666016,success
04E1484A9C4C80,1,"['Arena', 'Torre Lamberti']",Palazzo della Ragione,"['AMO', 'Museo Conte', 'Centro Fotografia', 'Sighseeing', 'Santa Anastasia']",Casa Giulietta,strategy_nearest,False,0.002022981643676758,success
04E13F429C4C80,3,['Arena'],Casa Giulietta,"['Centro Fotografia', 'Sighseeing', 'Torre Lamberti', 'Museo Conte', 'Museo Radio']",Santa Anastasia,strategy_nearest,False,0.0028448104858398438,success
04E14B3A9C4C80,3,"['Arena', 'Santa Anastasia', 'Castelvecchio']",Duomo,"['AMO', 'Museo Miniscalchi', 'Teatro Romano', 'Palazzo della Ragione', 'Museo Conte']",Casa Giulietta,strategy_nearest,False,0.003353118896484375,success
04E14C3A9C4C80,0,"['Castelvecchio', 'Arena']",Casa Giulietta,"['Centro Fotografia', 'Sighseeing', 'Torre Lamberti', 'Museo Conte', 'Museo Radio']",Duomo,strategy_nearest,False,0.0025169849395751953,success
04E1794A9C4C80,3,['Castelvecchio'],Arena,"['Verona Tour', 'Museo Lapidario', 'Museo Radio', 'San Fermo', 'Casa Giulietta']",Torre Lamberti,strategy_nearest,False,0.0026433467864990234,success
04E175429C4C80,1,['Casa Giulietta'],Palazzo della Ragione,"['AMO', 'Museo Conte', 'Torre Lamberti', 'Centro Fotografia', 'Sighseeing']",Torre Lamberti,strategy_nearest,True,0.004117012023925781,success
04E17D3A9C4C80,0,"['Castelvecchio', 'Arena']",Santa Anastasia,"['AMO', 'Museo Conte', 'Palazzo della Ragione', 'Teatro Romano', 'Centro Fotografia']",Casa Giulietta,strategy_nearest,False,0.0013599395751953125,success
04E17F429C4C80,0,['Arena'],Casa Giulietta,"['Centro Fotografia', 'Sighseeing', 'Torre Lamberti', 'Museo Conte', 'Museo Radio']",Castelvecchio,strategy_nearest,False,0.003290891647338867,success
04E182429C4C80,0,['Arena'],Casa Giulietta,"['Centro Fotografia', 'Sighseeing', 'Torre Lamberti', 'Museo Conte', 'Museo Radio']",Duomo,strategy_nearest,False,0.002830028533935547,success
04E1854A9C4C80,2,['Castelvecchio'],San Zeno,"['Verona Tour', 'Museo Lapidario', 'Arena', 'Museo Miniscalchi', 'Sighseeing']",Casa Giulietta,strategy_nearest,False,0.002004861831665039,success
04E1853A9C4C80,1,"['San Fermo', 'Casa Giulietta', 'Palazzo della Ragione']",Torre Lamberti,"['Sighseeing', 'Centro Fotografia', 'Museo Conte', 'AMO', 'Museo Miniscalchi']",Arena,strategy_nearest,False,0.003360748291015625,success
04E180429C4C80,0,['Arena'],Museo Lapidario,"['Verona Tour', 'Castelvecchio', 'Museo Radio', 'San Fermo', 'Casa Giulietta']",Casa Giulietta,strategy_nearest,True,0.0028290748596191406,success
04E1984A9C4C80,0,['Castelvecchio'],Arena,"['Verona Tour', 'Museo Lapidario', 'Museo Radio', 'San Fermo', 'Casa Giulietta']",Museo Lapidario,strategy_nearest,True,0.0023148059844970703,success
04E199429C4C80,0,['Casa Giulietta'],Arena,"['Verona Tour', 'Museo Lapidario', 'Museo Radio', 'San Fermo', 'Sighseeing']",San Zeno,strategy_nearest,False,0.0034759044647216797,success
04E194429C4C80,0,['Casa Giulietta'],Arena,"['Verona Tour', 'Museo Lapidario', 'Museo Radio', 'San Fermo', 'Sighseeing']",Teatro Romano,strategy_nearest,False,0.0016880035400390625,success
04E19A4A9C4C80,3,"['Arena', 'Casa Giulietta']",Torre Lamberti,"['Sighseeing', 'Centro Fotografia', 'Museo Conte', 'Palazzo della Ragione', 'AMO']",Santa Anastasia,strategy_nearest,False,0.002777099609375,success
04E1A64A9C4C80,0,['Castelvecchio'],Arena,"['Verona Tour', 'Museo Lapidario', 'Museo Radio', 'San Fermo', 'Casa Giulietta']",Casa Giulietta,strategy_nearest,True,0.0022051334381103516,success
04E1AE429C4C80,0,"['Arena', 'Castelvecchio']",Torre Lamberti,"['Sighseeing', 'Centro Fotografia', 'Museo Conte', 'Casa Giulietta', 'Palazzo della Ragione']",Casa Giulietta,strategy_nearest,True,0.0015459060668945312,success
04E1A63A9C4C80,1,"['Castelvecchio', 'Arena', 'Tomba Giulietta']",San Fermo,"['Museo Storia', 'Museo Radio', 'Casa Giulietta', 'Centro Fotografia', 'Sighseeing']",Casa Giulietta,strategy_nearest,True,0.003534078598022461,success
04E19C4A9C4C80,1,"['Arena', 'Casa Giulietta', 'Torre Lamberti']",Palazzo della Ragione,"['AMO', 'Museo Conte', 'Centro Fotografia', 'Sighseeing', 'Santa Anastasia']",Teatro Romano,strategy_nearest,False,0.0028870105743408203,success
04E1BA4A9C4C80,3,['Arena'],Santa Anastasia,"['AMO', 'Museo Conte', 'Palazzo della Ragione', 'Teatro Romano', 'Centro Fotografia']",Duomo,strategy_nearest,False,0.0020589828491210938,success
04E1B13A9C4C80,3,['Arena'],Santa Anastasia,"['AMO', 'Museo Conte', 'Palazzo della Ragione', 'Teatro Romano', 'Centro Fotografia']",Duomo,strategy_nearest,False,0.0022847652435302734,success
04E1B73A9C4C80,0,['Arena'],Casa Giulietta,"['Centro Fotografia', 'Sighseeing', 'Torre Lamberti', 'Museo Conte', 'Museo Radio']",Torre Lamberti,strategy_nearest,True,0.003567934036254883,success
04E1BC4A9C4C80,3,"['Arena', 'San Fermo']",Santa Anastasia,"['AMO', 'Museo Conte', 'Palazzo della Ragione', 'Teatro Romano', 'Centro Fotografia']",Teatro Romano,strategy_nearest,True,0.0033872127532958984,success
04E1DA3A9C4C80,2,"['Torre Lamberti', 'Palazzo della Ragione']",Casa Giulietta,"['Centro Fotografia', 'Sighseeing', 'Museo Conte', 'Museo Radio', 'San Fermo']",Santa Anastasia,strategy_nearest,False,0.0025780200958251953,success
04E1D83A9C4C80,2,"['Torre Lamberti', 'Palazzo della Ragione']",Casa Giulietta,"['Centro Fotografia', 'Sighseeing', 'Museo Conte', 'Museo Radio', 'San Fermo']",Santa Anastasia,strategy_nearest,False,0.002719879150390625,success
04E1E2429C4C80,3,['Arena'],Casa Giulietta,"['Centro Fotografia', 'Sighseeing', 'Torre Lamberti', 'Museo Conte', 'Museo Radio']",Santa Anastasia,strategy_nearest,False,0.0026061534881591797,success
04E1E9429C4C80,3,"['Teatro Romano', 'Giardino Giusti', 'San Zeno', 'Castelvecchio']",Arena,"['Verona Tour', 'Museo Lapidario', 'Museo Radio', 'San Fermo', 'Casa Giulietta']",Casa Giulietta,strategy_nearest,True,0.0032989978790283203,success
04E1EF3A9C4C80,0,['Arena'],Castelvecchio,"['Museo Lapidario', 'Verona Tour', 'Museo Radio', 'San Zeno', 'Sighseeing']",Arena,strategy_nearest,False,0.002386808395385742,success
04E2044A9C4C84,0,['Arena'],Castelvecchio,"['Museo Lapidario', 'Verona Tour', 'Museo Radio', 'San Zeno', 'Sighseeing']",Casa Giulietta,strategy_nearest,False,0.0029408931732177734,success
04E1FF4A9C4C80,1,"['Palazzo della Ragione', 'Torre Lamberti', 'Casa Giulietta']",Arena,"['Verona Tour', 'Museo Lapidario', 'Museo Radio', 'San Fermo', 'Sighseeing']",Castelvecchio,strategy_nearest,False,0.0024771690368652344,success
04E20E429C4C84,3,"['Casa Giulietta', 'Duomo', 'Teatro Romano']",San Fermo,"['Museo Storia', 'Museo Radio', 'Centro Fotografia', 'Arena', 'Sighseeing']",Tomba Giulietta,strategy_nearest,False,0.0034990310668945312,success
04E2024A9C4C84,0,['Arena'],Casa Giulietta,"['Centro Fotografia', 'Sighseeing', 'Torre Lamberti', 'Museo Conte', 'Museo Radio']",Torre Lamberti,strategy_nearest,True,0.0015859603881835938,success
04E2123A9C4C84,3,"['Museo Lapidario', 'Arena']",Castelvecchio,"['Verona Tour', 'Museo Radio', 'San Zeno', 'Sighseeing', 'Museo Miniscalchi']",Santa Anastasia,strategy_nearest,False,0.0019762516021728516,success
04E2114A9C4C84,2,['Casa Giulietta'],Torre Lamberti,"['Sighseeing', 'Centro Fotografia', 'Museo Conte', 'Palazzo della Ragione', 'AMO']",Palazzo della Ragione,strategy_nearest,True,0.0019919872283935547,success
04E20F4A9C4C84,0,['Arena'],Torre Lamberti,"['Sighseeing', 'Centro Fotografia', 'Museo Conte', 'Casa Giulietta', 'Palazzo della Ragione']",Teatro Romano,strategy_nearest,False,0.0032279491424560547,success
04E2124A9C4C84,3,"['Teatro Romano', 'Duomo']",Santa Anastasia,"['AMO', 'Museo Conte', 'Palazzo della Ragione', 'Centro Fotografia', 'Torre Lamberti']",Casa Giulietta,strategy_nearest,False,0.0033860206604003906,success
04E21D429C4C80,2,['Casa Giulietta'],Tomba Giulietta,"['San Fermo', 'Museo Storia', 'Arena', 'Museo Lapidario', 'Museo Radio']",Torre Lamberti,strategy_nearest,False,0.0017888545989990234,success
04E21F429C4C84,3,"['Arena', 'Duomo']",Santa Anastasia,"['AMO', 'Museo Conte', 'Palazzo della Ragione', 'Teatro Romano', 'Centro Fotografia']",Casa Giulietta,strategy_nearest,False,0.0026412010192871094,success
04E21F4A9C4C80,0,['San Zeno'],Duomo,"['AMO', 'Museo Miniscalchi', 'Santa Anastasia', 'Teatro Romano', 'Palazzo della Ragione']",Arena,strategy_nearest,False,0.0030946731567382812,success
04E2234A9C4C80,3,"['Arena', 'Casa Giulietta']",San Zeno,"['Castelvecchio', 'Verona Tour', 'Museo Lapidario', 'Museo Miniscalchi', 'Sighseeing']",Duomo,strategy_nearest,False,0.0027358531951904297,success
04E2364A9C4C80,0,['Castelvecchio'],San Zeno,"['Verona Tour', 'Museo Lapidario', 'Arena', 'Museo Miniscalchi', 'Sighseeing']",Arena,strategy_nearest,True,0.002064943313598633,success
04E222429C4C84,0,['Arena'],Casa Giulietta,"['Centro Fotografia', 'Sighseeing', 'Torre Lamberti', 'Museo Conte', 'Museo Radio']",Torre Lamberti,strategy_nearest,True,0.004692792892456055,success
04E23D4A9C4C80,2,['Castelvecchio'],Duomo,"['AMO', 'Museo Miniscalchi', 'Santa Anastasia', 'Teatro Romano', 'Palazzo della Ragione']",Santa Anastasia,strategy_nearest,True,0.0014531612396240234,success
04E24D3A9C4C80,3,"['Casa Giulietta', 'Arena']",Tomba Giulietta,"['San Fermo', 'Museo Storia', 'Museo Lapidario', 'Museo Radio', 'Verona Tour']",Museo Storia,strategy_nearest,True,0.0019800662994384766,success
04E24C4A9C4C80,3,"['Arena', 'Casa Giulietta']",Santa Anastasia,"['AMO', 'Museo Conte', 'Palazzo della Ragione', 'Teatro Romano', 'Centro Fotografia']",Duomo,strategy_nearest,False,0.002651214599609375,success
04E2474A9C4C80,3,"['Arena', 'Santa Anastasia']",Duomo,"['AMO', 'Museo Miniscalchi', 'Teatro Romano', 'Palazzo della Ragione', 'Museo Conte']",Torre Lamberti,strategy_nearest,False,0.002056121826171875,success
04E2534A9C4C80,1,"['Duomo', 'Torre Lamberti']",Palazzo della Ragione,"['AMO', 'Museo Conte', 'Centro Fotografia', 'Sighseeing', 'Santa Anastasia']",Castelvecchio,strategy_nearest,False,0.0033903121948242188,success
04E26C3A9C4C80,3,"['Arena', 'Castelvecchio']",Santa Anastasia,"['AMO', 'Museo Conte', 'Palazzo della Ragione', 'Teatro Romano', 'Centro Fotografia']",Duomo,strategy_nearest,False,0.0034401416778564453,success
04E2754A9C4C80,1,"['Arena', 'Casa Giulietta']",Palazzo della Ragione,"['AMO', 'Museo Conte', 'Torre Lamberti', 'Centro Fotografia', 'Sighseeing']",Torre Lamberti,strategy_nearest,True,0.0020852088928222656,success
04E27C4A9C4C80,3,"['Arena', 'Casa Giulietta']",Torre Lamberti,"['Sighseeing', 'Centro Fotografia', 'Museo Conte', 'Palazzo della Ragione', 'AMO']",Santa Anastasia,strategy_nearest,False,0.0030367374420166016,success
04E2784A9C4C80,0,['Arena'],Torre Lamberti,"['Sighseeing', 'Centro Fotografia', 'Museo Conte', 'Casa Giulietta', 'Palazzo della Ragione']",Giardino Giusti,strategy_nearest,False,0.003383159637451172,success
04E281429C4C80,1,['Arena'],Santa Anastasia,"['AMO', 'Museo Conte', 'Palazzo della Ragione', 'Teatro Romano', 'Centro Fotografia']",Torre Lamberti,strategy_nearest,False,0.0027990341186523438,success
04E28B4A9C4C80,0,['Arena'],Casa Giulietta,"['Centro Fotografia', 'Sighseeing', 'Torre Lamberti', 'Museo Conte', 'Museo Radio']",Santa Anastasia,strategy_nearest,False,0.002067089080810547,success
04E2893A9C4C80,0,['Arena'],Castelvecchio,"['Museo Lapidario', 'Verona Tour', 'Museo Radio', 'San Zeno', 'Sighseeing']",Casa Giulietta,strategy_nearest,False,0.003987312316894531,success
04E28D4A9C4C80,1,"['Castelvecchio', 'Arena', 'Torre Lamberti']",Palazzo della Ragione,"['AMO', 'Museo Conte', 'Centro Fotografia', 'Sighseeing', 'Santa Anastasia']",Teatro Romano,strategy_nearest,False,0.0032138824462890625,success
04E2AE3A9C4C80,0,['Casa Giulietta'],Arena,"['Verona Tour', 'Museo Lapidario', 'Museo Radio', 'San Fermo', 'Sighseeing']",Castelvecchio,strategy_nearest,False,0.0027358531951904297,success
04E2A54A9C4C80,0,['Casa Giulietta'],Torre Lamberti,"['Sighseeing', 'Centro Fotografia', 'Museo Conte', 'Palazzo della Ragione', 'AMO']",Teatro Romano,strategy_nearest,False,0.0034439563751220703,success
04E2914A9C4C80,3,"['Torre Lamberti', 'Casa Giulietta']",Teatro Romano,"['Santa Anastasia', 'Duomo', 'AMO', 'Palazzo della Ragione', 'Museo Conte']",Duomo,strategy_nearest,True,0.0029077529907226562,success
04E29D429C4C80,3,['Arena'],Casa Giulietta,"['Centro Fotografia', 'Sighseeing', 'Torre Lamberti', 'Museo Conte', 'Museo Radio']",Torre Lamberti,strategy_nearest,True,0.0012521743774414062,success
04E2B54A9C4C80,3,['Arena'],Casa Giulietta,"['Centro Fotografia', 'Sighseeing', 'Torre Lamberti', 'Museo Conte', 'Museo Radio']",Torre Lamberti,strategy_nearest,True,0.00203704833984375,success
04E2B43A9C4C80,0,['Arena'],Castelvecchio,"['Museo Lapidario', 'Verona Tour', 'Museo Radio', 'San Zeno', 'Sighseeing']",Duomo,strategy_nearest,False,0.003381013870239258,success
04E2B34A9C4C80,1,"['Arena', 'Castelvecchio', 'Santa Anastasia']",Casa Giulietta,"['Centro Fotografia', 'Sighseeing', 'Torre Lamberti', 'Museo Conte', 'Museo Radio']",San Fermo,strategy_nearest,False,0.0028150081634521484,success
04E2B23A9C4C80,3,['Arena'],Castelvecchio,"['Museo Lapidario', 'Verona Tour', 'Museo Radio', 'San Zeno', 'Sighseeing']",Torre Lamberti,strategy_nearest,False,0.0022630691528320312,success
04E2B93A9C4C80,0,['Casa Giulietta'],Teatro Romano,"['Santa Anastasia', 'Duomo', 'AMO', 'Palazzo della Ragione', 'Museo Conte']",Arena,strategy_nearest,False,0.0020160675048828125,success
04E2B84A9C4C80,2,"['Casa Giulietta', 'Torre Lamberti']",Palazzo della Ragione,"['AMO', 'Museo Conte', 'Centro Fotografia', 'Sighseeing', 'Santa Anastasia']",Santa Anastasia,strategy_nearest,True,0.002779245376586914,success
04E2C53A9C4C80,3,"['Arena', 'Torre Lamberti']",Santa Anastasia,"['AMO', 'Museo Conte', 'Palazzo della Ragione', 'Teatro Romano', 'Centro Fotografia']",Duomo,strategy_nearest,False,0.0033102035522460938,success
04E2B74A9C4C80,0,['Arena'],Casa Giulietta,"['Centro Fotografia', 'Sighseeing', 'Torre Lamberti', 'Museo Conte', 'Museo Radio']",Santa Anastasia,strategy_nearest,False,0.0014629364013671875,success
04E2ED4A9C4C80,1,"['Arena', 'Casa Giulietta']",Palazzo della Ragione,"['AMO', 'Museo Conte', 'Torre Lamberti', 'Centro Fotografia', 'Sighseeing']",Santa Anastasia,strategy_nearest,False,0.0013148784637451172,success
04E2D43A9C4C80,0,['Arena'],Casa Giulietta,"['Centro Fotografia', 'Sighseeing', 'Torre Lamberti', 'Museo Conte', 'Museo Radio']",Teatro Romano,strategy_nearest,False,0.003242015838623047,success
04E2EF4A9C4C80,0,"['Arena', 'Museo Lapidario', 'Castelvecchio']",Torre Lamberti,"['Sighseeing', 'Centro Fotografia', 'Museo Conte', 'Casa Giulietta', 'Palazzo della Ragione']",Casa Giulietta,strategy_nearest,True,0.003317117691040039,success
04E2EA4A9C4C80,2,['Casa Giulietta'],Torre Lamberti,"['Sighseeing', 'Centro Fotografia', 'Museo Conte', 'Palazzo della Ragione', 'AMO']",Castelvecchio,strategy_nearest,False,0.002627134323120117,success
04E2F04A9C4C80,0,['Arena'],Torre Lamberti,"['Sighseeing', 'Centro Fotografia', 'Museo Conte', 'Casa Giulietta', 'Palazzo della Ragione']",Casa Giulietta,strategy_nearest,True,0.0027828216552734375,success
04E3024A9C4C84,0,['Arena'],Casa Giulietta,"['Centro Fotografia', 'Sighseeing', 'Torre Lamberti', 'Museo Conte', 'Museo Radio']",Teatro Romano,strategy_nearest,False,0.0032339096069335938,success
04E2FA429C4C80,1,"['Arena', 'Museo Lapidario', 'San Fermo', 'Castelvecchio', 'Tomba Giulietta']",Casa Giulietta,"['Centro Fotografia', 'Sighseeing', 'Torre Lamberti', 'Museo Conte', 'Museo Radio']",Torre Lamberti,strategy_nearest,True,0.00215911865234375,success
04E2FB429C4C80,1,"['Arena', 'Torre Lamberti', 'Palazzo della Ragione', 'Casa Giulietta']",San Zeno,"['Castelvecchio', 'Verona Tour', 'Museo Lapidario', 'Museo Miniscalchi', 'Sighseeing']",Castelvecchio,strategy_nearest,True,0.0026559829711914062,success
04E31E429C4C84,1,"['Arena', 'Casa Giulietta', 'Torre Lamberti']",Santa Anastasia,"['AMO', 'Museo Conte', 'Palazzo della Ragione', 'Teatro Romano', 'Centro Fotografia']",Duomo,strategy_nearest,False,0.0032341480255126953,success
04E312429C4C84,1,"['Castelvecchio', 'Arena']",Casa Giulietta,"['Centro Fotografia', 'Sighseeing', 'Torre Lamberti', 'Museo Conte', 'Museo Radio']",Duomo,strategy_nearest,False,0.0027332305908203125,success
04E30F429C4C84,0,['Arena'],Casa Giulietta,"['Centro Fotografia', 'Sighseeing', 'Torre Lamberti', 'Museo Conte', 'Museo Radio']",Torre Lamberti,strategy_nearest,True,0.0021936893463134766,success
04E30A4A9C4C84,1,"['Arena', 'Casa Giulietta']",Torre Lamberti,"['Sighseeing', 'Centro Fotografia', 'Museo Conte', 'Palazzo della Ragione', 'AMO']",Palazzo della Ragione,strategy_nearest,True,0.0015671253204345703,success
04E3313A9C4C80,0,"['Arena', 'San Zeno']",Torre Lamberti,"['Sighseeing', 'Centro Fotografia', 'Museo Conte', 'Casa Giulietta', 'Palazzo della Ragione']",Teatro Romano,strategy_nearest,False,0.0020639896392822266,success
04E3363A9C4C80,0,['Arena'],Tomba Giulietta,"['San Fermo', 'Museo Storia', 'Museo Lapidario', 'Museo Radio', 'Verona Tour']",Casa Giulietta,strategy_nearest,False,0.0013000965118408203,success
04E332429C4C80,1,"['Casa Giulietta', 'Torre Lamberti', 'Palazzo della Ragione', 'Santa Anastasia']",Giardino Giusti,"['Teatro Romano', 'Museo Conte', 'Centro Fotografia', 'Museo Storia', 'AMO']",Teatro Romano,strategy_nearest,True,0.0028328895568847656,success
04E345429C4C80,0,"['Tomba Giulietta', 'Casa Giulietta']",Duomo,"['AMO', 'Museo Miniscalchi', 'Santa Anastasia', 'Teatro Romano', 'Palazzo della Ragione']",Arena,strategy_nearest,False,0.0034470558166503906,success
04E3594A9C4C80,0,['Arena'],Casa Giulietta,"['Centro Fotografia', 'Sighseeing', 'Torre Lamberti', 'Museo Conte', 'Museo Radio']",Torre Lamberti,strategy_nearest,True,0.0036170482635498047,success
04E34F3A9C4C80,3,"['San Zeno', 'Duomo', 'Santa Anastasia']",San Fermo,"['Museo Storia', 'Museo Radio', 'Casa Giulietta', 'Centro Fotografia', 'Arena']",Arena,strategy_nearest,True,0.002463102340698242,success
04E3553A9C4C80,2,"['San Fermo', 'Casa Giulietta', 'Torre Lamberti']",Castelvecchio,"['Museo Lapidario', 'Verona Tour', 'Arena', 'Museo Radio', 'San Zeno']",Duomo,strategy_nearest,False,0.0029959678649902344,success
04E35A3A9C4C80,1,"['Arena', 'Museo Lapidario', 'Castelvecchio', 'Torre Lamberti', 'Palazzo della Ragione']",Casa Giulietta,"['Centro Fotografia', 'Sighseeing', 'Museo Conte', 'Museo Radio', 'San Fermo']",Tomba Giulietta,strategy_nearest,False,0.002386808395385742,success
04E37B4A9C4C80,3,"['Casa Giulietta', 'Arena']",Santa Anastasia,"['AMO', 'Museo Conte', 'Palazzo della Ragione', 'Teatro Romano', 'Centro Fotografia']",Duomo,strategy_nearest,False,0.0026521682739257812,success
04E3764A9C4C80,0,['Arena'],Casa Giulietta,"['Centro Fotografia', 'Sighseeing', 'Torre Lamberti', 'Museo Conte', 'Museo Radio']",Teatro Romano,strategy_nearest,False,0.002101898193359375,success
04E382429C4C80,0,['Arena'],Museo Lapidario,"['Verona Tour', 'Castelvecchio', 'Museo Radio', 'San Fermo', 'Casa Giulietta']",Castelvecchio,strategy_nearest,True,0.003256082534790039,success
04E3824A9C4C80,1,"['Arena', 'Casa Giulietta', 'Torre Lamberti']",Palazzo della Ragione,"['AMO', 'Museo Conte', 'Centro Fotografia', 'Sighseeing', 'Santa Anastasia']",Santa Anastasia,strategy_nearest,True,0.0030930042266845703,success
04E38A4A9C4C80,3,"['Arena', 'Santa Anastasia']",Duomo,"['AMO', 'Museo Miniscalchi', 'Teatro Romano', 'Palazzo della Ragione', 'Museo Conte']",Castelvecchio,strategy_nearest,False,0.0025479793548583984,success
04E3894A9C4C80,3,"['Arena', 'Casa Giulietta']",Santa Anastasia,"['AMO', 'Museo Conte', 'Palazzo della Ragione', 'Teatro Romano', 'Centro Fotografia']",Castelvecchio,strategy_nearest,False,0.004492759704589844,success
04E3964A9C4C80,0,['Arena'],Casa Giulietta,"['Centro Fotografia', 'Sighseeing', 'Torre Lamberti', 'Museo Conte', 'Museo Radio']",Santa Anastasia,strategy_nearest,False,0.0019998550415039062,success
04E38E3A9C4C80,2,['Casa Giulietta'],Torre Lamberti,"['Sighseeing', 'Centro Fotografia', 'Museo Conte', 'Palazzo della Ragione', 'AMO']",Duomo,strategy_nearest,False,0.004300117492675781,success
04E39A4A9C4C80,3,"['Arena', 'Torre Lamberti']",Santa Anastasia,"['AMO', 'Museo Conte', 'Palazzo della Ragione', 'Teatro Romano', 'Centro Fotografia']",Duomo,strategy_nearest,False,0.0024368762969970703,success
04E398429C4C80,0,"['Arena', 'Casa Giulietta']",Teatro Romano,"['Santa Anastasia', 'Duomo', 'AMO', 'Palazzo della Ragione', 'Museo Conte']",Duomo,strategy_nearest,True,0.002727031707763672,success
04E397429C4C80,4,"['Arena', 'Museo Lapidario', 'Tomba Giulietta', 'Museo Radio']",San Fermo,"['Museo Storia', 'Casa Giulietta', 'Centro Fotografia', 'Sighseeing', 'Torre Lamberti']",Giardino Giusti,strategy_nearest,False,0.00290679931640625,success
04E3A6429C4C80,0,['Arena'],Casa Giulietta,"['Centro Fotografia', 'Sighseeing', 'Torre Lamberti', 'Museo Conte', 'Museo Radio']",San Fermo,strategy_nearest,False,0.0032362937927246094,success
04E3AC3A9C4C80,3,"['Castelvecchio', 'Arena']",Casa Giulietta,"['Centro Fotografia', 'Sighseeing', 'Torre Lamberti', 'Museo Conte', 'Museo Radio']",Torre Lamberti,strategy_nearest,True,0.0028791427612304688,success
04E3B14A9C4C80,3,"['Arena', 'Torre Lamberti']",Santa Anastasia,"['AMO', 'Museo Conte', 'Palazzo della Ragione', 'Teatro Romano', 'Centro Fotografia']",Teatro Romano,strategy_nearest,True,0.0015380382537841797,success
04E3A9429C4C80,0,['Arena'],Casa Giulietta,"['Centro Fotografia', 'Sighseeing', 'Torre Lamberti', 'Museo Conte', 'Museo Radio']",Duomo,strategy_nearest,False,0.003523111343383789,success
04E3A93A9C4C80,0,['Torre Lamberti'],Casa Giulietta,"['Centro Fotografia', 'Sighseeing', 'Museo Conte', 'Museo Radio', 'Palazzo della Ragione']",Arena,strategy_nearest,False,0.0042040348052978516,success
04E3BC4A9C4C80,1,"['Arena', 'San Fermo', 'Casa Giulietta']",Santa Anastasia,"['AMO', 'Museo Conte', 'Palazzo della Ragione', 'Teatro Romano', 'Centro Fotografia']",Duomo,strategy_nearest,False,0.0015931129455566406,success
04E3C84A9C4C80,1,"['Castelvecchio', 'Duomo']",Teatro Romano,"['Santa Anastasia', 'AMO', 'Palazzo della Ragione', 'Museo Conte', 'Centro Fotografia']",Casa Giulietta,strategy_nearest,False,0.003271341323852539,success
04E3B93A9C4C80,3,"['Torre Lamberti', 'Duomo']",Santa Anastasia,"['AMO', 'Museo Conte', 'Palazzo della Ragione', 'Teatro Romano', 'Centro Fotografia']",Casa Giulietta,strategy_nearest,False,0.0029287338256835938,success
04E3B54A9C4C80,3,"['Arena', 'Casa Giulietta', 'Santa Anastasia']",Museo Lapidario,"['Verona Tour', 'Castelvecchio', 'Museo Radio', 'San Fermo', 'Tomba Giulietta']",Castelvecchio,strategy_nearest,True,0.0023441314697265625,success
04E3CF4A9C4C80,0,"['Tomba Giulietta', 'Arena']",Casa Giulietta,"['Centro Fotografia', 'Sighseeing', 'Torre Lamberti', 'Museo Conte', 'Museo Radio']",Teatro Romano,strategy_nearest,False,0.0016360282897949219,success
04E3CA3A9C4C80,0,['Arena'],Torre Lamberti,"['Sighseeing', 'Centro Fotografia', 'Museo Conte', 'Casa Giulietta', 'Palazzo della Ragione']",Casa Giulietta,strategy_nearest,True,0.002276897430419922,success
04E3D03A9C4C80,1,"['Arena', 'Museo Lapidario', 'Palazzo della Ragione']",Torre Lamberti,"['Sighseeing', 'Centro Fotografia', 'Museo Conte', 'Casa Giulietta', 'AMO']",Casa Giulietta,strategy_nearest,True,0.0035638809204101562,success
04E3D23A9C4C80,3,"['Arena', 'Castelvecchio', 'Casa Giulietta']",Torre Lamberti,"['Sighseeing', 'Centro Fotografia', 'Museo Conte', 'Palazzo della Ragione', 'AMO']",Santa Anastasia,strategy_nearest,False,0.002765655517578125,success
04E3E3429C4C80,3,['Arena'],Santa Anastasia,"['AMO', 'Museo Conte', 'Palazzo della Ragione', 'Teatro Romano', 'Centro Fotografia']",Teatro Romano,strategy_nearest,True,0.0013341903686523438,success
04E3DD429C4C80,3,"['Arena', 'Castelvecchio']",Santa Anastasia,"['AMO', 'Museo Conte', 'Palazzo della Ragione', 'Teatro Romano', 'Centro Fotografia']",Duomo,strategy_nearest,False,0.002641916275024414,success
04E3DB429C4C80,3,"['Arena', 'Casa Giulietta', 'San Fermo']",San Zeno,"['Castelvecchio', 'Verona Tour', 'Museo Lapidario', 'Museo Miniscalchi', 'Sighseeing']",Castelvecchio,strategy_nearest,True,0.004072904586791992,success
04E3E9429C4C80,3,"['Teatro Romano', 'Arena']",Casa Giulietta,"['Centro Fotografia', 'Sighseeing', 'Torre Lamberti', 'Museo Conte', 'Museo Radio']",Santa Anastasia,strategy_nearest,False,0.0034182071685791016,success
04E3ED429C4C80,1,"['Museo Lapidario', 'Castelvecchio', 'Arena']",San Fermo,"['Museo Storia', 'Museo Radio', 'Casa Giulietta', 'Centro Fotografia', 'Sighseeing']",Torre Lamberti,strategy_nearest,False,0.0025620460510253906,success
04E3EA4A9C4C80,3,"['Santa Anastasia', 'Duomo']",Torre Lamberti,"['Sighseeing', 'Centro Fotografia', 'Museo Conte', 'Casa Giulietta', 'Palazzo della Ragione']",Casa Giulietta,strategy_nearest,True,0.0020308494567871094,success
04E3EF4A9C4C80,0,['Arena'],Casa Giulietta,"['Centro Fotografia', 'Sighseeing', 'Torre Lamberti', 'Museo Conte', 'Museo Radio']",Santa Anastasia,strategy_nearest,False,0.0032660961151123047,success
04E3F03A9C4C80,2,['Castelvecchio'],Santa Anastasia,"['AMO', 'Museo Conte', 'Palazzo della Ragione', 'Teatro Romano', 'Centro Fotografia']",Torre Lamberti,strategy_nearest,False,0.0031890869140625,success
04E3F14A9C4C80,3,"['Arena', 'Casa Giulietta', 'Torre Lamberti']",Santa Anastasia,"['AMO', 'Museo Conte', 'Palazzo della Ragione', 'Teatro Romano', 'Centro Fotografia']",Duomo,strategy_nearest,False,0.002399921417236328,success
04E3F94A9C4C80,2,['Torre Lamberti'],Santa Anastasia,"['AMO', 'Museo Conte', 'Palazzo della Ragione', 'Teatro Romano', 'Centro Fotografia']",Duomo,strategy_nearest,False,0.004318952560424805,success
04E3FD429C4C80,3,"['Casa Giulietta', 'Torre Lamberti']",Arena,"['Verona Tour', 'Museo Lapidario', 'Museo Radio', 'San Fermo', 'Sighseeing']",Castelvecchio,strategy_nearest,False,0.0021300315856933594,success
04E3FA429C4C80,1,"['Arena', 'Museo Lapidario', 'Palazzo della Ragione']",Duomo,"['AMO', 'Museo Miniscalchi', 'Santa Anastasia', 'Teatro Romano', 'Museo Conte']",Santa Anastasia,strategy_nearest,True,0.003094911575317383,success
04E40C4A9C4C84,3,"['Arena', 'Casa Giulietta']",Santa Anastasia,"['AMO', 'Museo Conte', 'Palazzo della Ragione', 'Teatro Romano', 'Centro Fotografia']",Teatro Romano,strategy_nearest,True,0.0033271312713623047,success
04E4A6429C4C80,1,"['Arena', 'Casa Giulietta', 'Castelvecchio']",Santa Anastasia,"['AMO', 'Museo Conte', 'Palazzo della Ragione', 'Teatro Romano', 'Centro Fotografia']",Torre Lamberti,strategy_nearest,False,0.0027709007263183594,success
04E41D4A9C4C80,1,"['San Fermo', 'Arena', 'San Zeno']",Torre Lamberti,"['Sighseeing', 'Centro Fotografia', 'Museo Conte', 'Casa Giulietta', 'Palazzo della Ragione']",Palazzo della Ragione,strategy_nearest,True,0.003396749496459961,success
04E4C64A9C4C80,3,"['Arena', 'Casa Giulietta']",Torre Lamberti,"['Sighseeing', 'Centro Fotografia', 'Museo Conte', 'Palazzo della Ragione', 'AMO']",Santa Anastasia,strategy_nearest,False,0.0015048980712890625,success
04E4C74A9C4C80,0,['Castelvecchio'],Casa Giulietta,"['Centro Fotografia', 'Sighseeing', 'Torre Lamberti', 'Museo Conte', 'Museo Radio']",San Zeno,strategy_nearest,False,0.0032558441162109375,success
04E4EA4A9C4C80,2,['Teatro Romano'],Torre Lamberti,"['Sighseeing', 'Centro Fotografia', 'Museo Conte', 'Casa Giulietta', 'Palazzo della Ragione']",Casa Giulietta,strategy_nearest,True,0.0021390914916992188,success
04E5003A9C4C84,1,"['Arena', 'Museo Lapidario']",Torre Lamberti,"['Sighseeing', 'Centro Fotografia', 'Museo Conte', 'Casa Giulietta', 'Palazzo della Ragione']",Palazzo della Ragione,strategy_nearest,True,0.001505136489868164,success
04E4C93A9C4C80,0,['Arena'],Casa Giulietta,"['Centro Fotografia', 'Sighseeing', 'Torre Lamberti', 'Museo Conte', 'Museo Radio']",Torre Lamberti,strategy_nearest,True,0.003422975540161133,success
04E4C84A9C4C80,2,"['Castelvecchio', 'Casa Giulietta']",Torre Lamberti,"['Sighseeing', 'Centro Fotografia', 'Museo Conte', 'Palazzo della Ragione', 'AMO']",Palazzo della Ragione,strategy_nearest,True,0.003570079803466797,success
04E5054A9C4C84,3,"['Arena', 'Tomba Giulietta']",Duomo,"['AMO', 'Museo Miniscalchi', 'Santa Anastasia', 'Teatro Romano', 'Palazzo della Ragione']",Santa Anastasia,strategy_nearest,True,0.0021941661834716797,success
04E50A4A9C4C84,1,"['Arena', 'Torre Lamberti', 'Palazzo della Ragione']",Casa Giulietta,"['Centro Fotografia', 'Sighseeing', 'Museo Conte', 'Museo Radio', 'San Fermo']",Santa Anastasia,strategy_nearest,False,0.0033071041107177734,success
04E5014A9C4C84,0,['Arena'],Casa Giulietta,"['Centro Fotografia', 'Sighseeing', 'Torre Lamberti', 'Museo Conte', 'Museo Radio']",Torre Lamberti,strategy_nearest,True,0.001641988754272461,success
04E50A429C4C84,1,['Tomba Giulietta'],Arena,"['Verona Tour', 'Museo Lapidario', 'Museo Radio', 'San Fermo', 'Casa Giulietta']",Palazzo della Ragione,strategy_nearest,False,0.002830028533935547,success
04E50C4A9C4C84,0,['Arena'],Casa Giulietta,"['Centro Fotografia', 'Sighseeing', 'Torre Lamberti', 'Museo Conte', 'Museo Radio']",Torre Lamberti,strategy_nearest,True,0.0021882057189941406,success
04E50B4A9C4C84,1,['Arena'],Casa Giulietta,"['Centro Fotografia', 'Sighseeing', 'Torre Lamberti', 'Museo Conte', 'Museo Radio']",Palazzo della Ragione,strategy_nearest,False,0.001589059829711914,success
04E50D4A9C4C84,0,['Arena'],Castelvecchio,"['Museo Lapidario', 'Verona Tour', 'Museo Radio', 'San Zeno', 'Sighseeing']",Casa Giulietta,strategy_nearest,False,0.003384113311767578,success
04E50F429C4C84,2,['Castelvecchio'],Casa Giulietta,"['Centro Fotografia', 'Sighseeing', 'Torre Lamberti', 'Museo Conte', 'Museo Radio']",Torre Lamberti,strategy_nearest,True,0.0026941299438476562,success
04E5124A9C4C84,1,"['Arena', 'Castelvecchio', 'Torre Lamberti']",Palazzo della Ragione,"['AMO', 'Museo Conte', 'Centro Fotografia', 'Sighseeing', 'Santa Anastasia']",Casa Giulietta,strategy_nearest,False,0.001371145248413086,success
04E512429C4C84,1,"['Torre Lamberti', 'Palazzo della Ragione', 'San Fermo']",Tomba Giulietta,"['Museo Storia', 'Arena', 'Museo Lapidario', 'Museo Radio', 'Verona Tour']",San Zeno,strategy_nearest,False,0.0028281211853027344,success
04E5143A9C4C84,0,['Castelvecchio'],Arena,"['Verona Tour', 'Museo Lapidario', 'Museo Radio', 'San Fermo', 'Casa Giulietta']",San Fermo,strategy_nearest,True,0.003248929977416992,success
04E510429C4C84,1,"['Castelvecchio', 'San Zeno', 'Torre Lamberti']",Palazzo della Ragione,"['AMO', 'Museo Conte', 'Centro Fotografia', 'Sighseeing', 'Santa Anastasia']",Casa Giulietta,strategy_nearest,False,0.0035288333892822266,success
04E51C3A9C4C84,4,['Arena'],Casa Giulietta,"['Centro Fotografia', 'Sighseeing', 'Torre Lamberti', 'Museo Conte', 'Museo Radio']",Museo Radio,strategy_nearest,True,0.002254962921142578,success
04E51F4A9C4C80,2,['San Zeno'],Santa Anastasia,"['AMO', 'Museo Conte', 'Palazzo della Ragione', 'Teatro Romano', 'Centro Fotografia']",Torre Lamberti,strategy_nearest,False,0.0026390552520751953,success
04E5184A9C4C80,4,"['Arena', 'Casa Giulietta', 'Santa Anastasia', 'Torre Lamberti', 'Palazzo della Ragione']",Castelvecchio,"['Museo Lapidario', 'Verona Tour', 'Museo Radio', 'San Zeno', 'Sighseeing']",San Zeno,strategy_nearest,True,0.002711057662963867,success
04E51D3A9C4C84,3,"['Museo Lapidario', 'Castelvecchio', 'Teatro Romano']",Duomo,"['AMO', 'Museo Miniscalchi', 'Santa Anastasia', 'Palazzo della Ragione', 'Museo Conte']",Casa Giulietta,strategy_nearest,False,0.003451108932495117,success
04E521429C4C80,3,"['Arena', 'Torre Lamberti']",Santa Anastasia,"['AMO', 'Museo Conte', 'Palazzo della Ragione', 'Teatro Romano', 'Centro Fotografia']",Duomo,strategy_nearest,False,0.0014758110046386719,success
04E531429C4C80,0,['Castelvecchio'],Teatro Romano,"['Santa Anastasia', 'Duomo', 'AMO', 'Palazzo della Ragione', 'Museo Conte']",Arena,strategy_nearest,False,0.0021157264709472656,success
04E53E3A9C4C80,3,['Santa Anastasia'],Duomo,"['AMO', 'Museo Miniscalchi', 'Teatro Romano', 'Palazzo della Ragione', 'Museo Conte']",Arena,strategy_nearest,False,0.002607107162475586,success
04E5273A9C4C80,3,"['Arena', 'Tomba Giulietta']",Casa Giulietta,"['Centro Fotografia', 'Sighseeing', 'Torre Lamberti', 'Museo Conte', 'Museo Radio']",Torre Lamberti,strategy_nearest,True,0.0035560131072998047,success
04E5494A9C4C80,3,['Arena'],Torre Lamberti,"['Sighseeing', 'Centro Fotografia', 'Museo Conte', 'Casa Giulietta', 'Palazzo della Ragione']",Santa Anastasia,strategy_nearest,False,0.0028209686279296875,success
04E56B429C4C80,1,"['Arena', 'Castelvecchio', 'Casa Giulietta']",Torre Lamberti,"['Sighseeing', 'Centro Fotografia', 'Museo Conte', 'Palazzo della Ragione', 'AMO']",Palazzo della Ragione,strategy_nearest,True,0.0013971328735351562,success
04E550429C4C80,1,"['Arena', 'Teatro Romano', 'Santa Anastasia', 'Duomo', 'Torre Lamberti']",San Fermo,"['Museo Storia', 'Museo Radio', 'Casa Giulietta', 'Centro Fotografia', 'Sighseeing']",Museo Lapidario,strategy_nearest,False,0.003387928009033203,success
04E5683A9C4C80,0,"['Arena', 'Museo Lapidario']",Castelvecchio,"['Verona Tour', 'Museo Radio', 'San Zeno', 'Sighseeing', 'Museo Miniscalchi']",Casa Giulietta,strategy_nearest,False,0.004006862640380859,success
04E57B4A9C4C80,0,['Casa Giulietta'],Arena,"['Verona Tour', 'Museo Lapidario', 'Museo Radio', 'San Fermo', 'Sighseeing']",Torre Lamberti,strategy_nearest,False,0.0027637481689453125,success
04E57C3A9C4C80,2,"['San Fermo', 'Casa Giulietta', 'Palazzo della Ragione']",Torre Lamberti,"['Sighseeing', 'Centro Fotografia', 'Museo Conte', 'AMO', 'Museo Miniscalchi']",Duomo,strategy_nearest,False,0.002850055694580078,success
04E5774A9C4C80,0,['Arena'],Casa Giulietta,"['Centro Fotografia', 'Sighseeing', 'Torre Lamberti', 'Museo Conte', 'Museo Radio']",Teatro Romano,strategy_nearest,False,0.0020608901977539062,success
04E5874A9C4C80,2,['Casa Giulietta'],Torre Lamberti,"['Sighseeing', 'Centro Fotografia', 'Museo Conte', 'Palazzo della Ragione', 'AMO']",Duomo,strategy_nearest,False,0.0029540061950683594,success
04E57D3A9C4C80,1,"['Castelvecchio', 'Arena']",Casa Giulietta,"['Centro Fotografia', 'Sighseeing', 'Torre Lamberti', 'Museo Conte', 'Museo Radio']",Palazzo della Ragione,strategy_nearest,False,0.004081249237060547,success
04E592429C4C80,0,['Arena'],Torre Lamberti,"['Sighseeing', 'Centro Fotografia', 'Museo Conte', 'Casa Giulietta', 'Palazzo della Ragione']",Casa Giulietta,strategy_nearest,True,0.0027701854705810547,success
04E598429C4C80,3,"['Casa Giulietta', 'Torre Lamberti']",Santa Anastasia,"['AMO', 'Museo Conte', 'Palazzo della Ragione', 'Teatro Romano', 'Centro Fotografia']",Duomo,strategy_nearest,False,0.003515005111694336,success
04E59D4A9C4C80,1,"['Arena', 'Castelvecchio']",Casa Giulietta,"['Centro Fotografia', 'Sighseeing', 'Torre Lamberti', 'Museo Conte', 'Museo Radio']",Torre Lamberti,strategy_nearest,True,0.002168893814086914,success
04E59A429C4C80,3,"['Arena', 'Torre Lamberti']",Teatro Romano,"['Santa Anastasia', 'Duomo', 'AMO', 'Palazzo della Ragione', 'Museo Conte']",Duomo,strategy_nearest,True,0.002827167510986328,success
04E5AA3A9C4C80,1,['Casa Giulietta'],Palazzo della Ragione,"['AMO', 'Museo Conte', 'Torre Lamberti', 'Centro Fotografia', 'Sighseeing']",Torre Lamberti,strategy_nearest,True,0.002719879150390625,success
04E5AD4A9C4C80,3,"['Arena', 'Casa Giulietta']",San Fermo,"['Museo Storia', 'Museo Radio', 'Centro Fotografia', 'Sighseeing', 'Torre Lamberti']",Santa Anastasia,strategy_nearest,False,0.0034313201904296875,success
04E5B14A9C4C80,0,"['Arena', 'Castelvecchio']",Duomo,"['AMO', 'Museo Miniscalchi', 'Santa Anastasia', 'Teatro Romano', 'Palazzo della Ragione']",Teatro Romano,strategy_nearest,True,0.002538919448852539,success
04E5C94A9C4C80,1,"['Arena', 'Torre Lamberti']",Palazzo della Ragione,"['AMO', 'Museo Conte', 'Centro Fotografia', 'Sighseeing', 'Santa Anastasia']",Casa Giulietta,strategy_nearest,False,0.0032379627227783203,success
04E5B33A9C4C80,0,['Arena'],Castelvecchio,"['Museo Lapidario', 'Verona Tour', 'Museo Radio', 'San Zeno', 'Sighseeing']",Duomo,strategy_nearest,False,0.0025391578674316406,success
04E5C74A9C4C80,1,"['Arena', 'Castelvecchio']",Casa Giulietta,"['Centro Fotografia', 'Sighseeing', 'Torre Lamberti', 'Museo Conte', 'Museo Radio']",Palazzo della Ragione,strategy_nearest,False,0.0026590824127197266,success
04E5CF4A9C4C80,1,['Arena'],Palazzo della Ragione,"['AMO', 'Museo Conte', 'Torre Lamberti', 'Centro Fotografia', 'Sighseeing']",Torre Lamberti,strategy_nearest,True,0.003331899642944336,success
04E5D14A9C4C80,3,"['Arena', 'Castelvecchio']",Casa Giulietta,"['Centro Fotografia', 'Sighseeing', 'Torre Lamberti', 'Museo Conte', 'Museo Radio']",Santa Anastasia,strategy_nearest,False,0.0027692317962646484,success
04E5D63A9C4C80,0,['Castelvecchio'],Casa Giulietta,"['Centro Fotografia', 'Sighseeing', 'Torre Lamberti', 'Museo Conte', 'Museo Radio']",Arena,strategy_nearest,False,0.002135038375854492,success
04E5EE429C4C80,0,"['Arena', 'Casa Giulietta']",Teatro Romano,"['Santa Anastasia', 'Duomo', 'AMO', 'Palazzo della Ragione', 'Museo Conte']",Duomo,strategy_nearest,True,0.003361940383911133,success
04E5EF4A9C4C80,1,"['Arena', 'Palazzo della Ragione', 'Torre Lamberti']",Casa Giulietta,"['Centro Fotografia', 'Sighseeing', 'Museo Conte', 'Museo Radio', 'San Fermo']",Santa Anastasia,strategy_nearest,False,0.002293109893798828,success
04E5F34A9C4C80,3,['Arena'],Casa Giulietta,"['Centro Fotografia', 'Sighseeing', 'Torre Lamberti', 'Museo Conte', 'Museo Radio']",Torre Lamberti,strategy_nearest,True,0.003760099411010742,success
04E5F33A9C4C80,0,['Arena'],Casa Giulietta,"['Centro Fotografia', 'Sighseeing', 'Torre Lamberti', 'Museo Conte', 'Museo Radio']",Torre Lamberti,strategy_nearest,True,0.0029230117797851562,success
04E5F4429C4C80,1,"['Arena', 'Torre Lamberti', 'Palazzo della Ragione', 'Casa Giulietta', 'Duomo']",Santa Anastasia,"['AMO', 'Museo Conte', 'Teatro Romano', 'Centro Fotografia', 'Sighseeing']",Tomba Giulietta,strategy_nearest,False,0.003804922103881836,success
04E5F74A9C4C80,1,"['Museo Lapidario', 'Arena', 'Torre Lamberti']",Palazzo della Ragione,"['AMO', 'Museo Conte', 'Centro Fotografia', 'Sighseeing', 'Santa Anastasia']",Santa Anastasia,strategy_nearest,True,0.002959012985229492,success
04E5F84A9C4C80,0,['Arena'],Casa Giulietta,"['Centro Fotografia', 'Sighseeing', 'Torre Lamberti', 'Museo Conte', 'Museo Radio']",Castelvecchio,strategy_nearest,False,0.002247333526611328,success
04E6014A9C4C84,3,"['Arena', 'Torre Lamberti']",Casa Giulietta,"['Centro Fotografia', 'Sighseeing', 'Museo Conte', 'Museo Radio', 'Palazzo della Ragione']",Teatro Romano,strategy_nearest,False,0.0015559196472167969,success
04E5F54A9C4C80,3,"['Arena', 'Castelvecchio']",Torre Lamberti,"['Sighseeing', 'Centro Fotografia', 'Museo Conte', 'Casa Giulietta', 'Palazzo della Ragione']",Duomo,strategy_nearest,False,0.0036678314208984375,success
04E60E3A9C4C84,3,"['San Zeno', 'Castelvecchio']",Arena,"['Verona Tour', 'Museo Lapidario', 'Museo Radio', 'San Fermo', 'Casa Giulietta']",Casa Giulietta,strategy_nearest,True,0.002954244613647461,success
04E6074A9C4C84,0,['Arena'],Casa Giulietta,"['Centro Fotografia', 'Sighseeing', 'Torre Lamberti', 'Museo Conte', 'Museo Radio']",Castelvecchio,strategy_nearest,False,0.0029010772705078125,success
04E619429C4C84,3,"['Teatro Romano', 'Santa Anastasia']",Casa Giulietta,"['Centro Fotografia', 'Sighseeing', 'Torre Lamberti', 'Museo Conte', 'Museo Radio']",Castelvecchio,strategy_nearest,False,0.0034399032592773438,success
04E616429C4C84,0,['Arena'],Castelvecchio,"['Museo Lapidario', 'Verona Tour', 'Museo Radio', 'San Zeno', 'Sighseeing']",Casa Giulietta,strategy_nearest,False,0.0014028549194335938,success
04E61B4A9C4C80,3,"['Arena', 'Castelvecchio', 'Casa Giulietta']",Torre Lamberti,"['Sighseeing', 'Centro Fotografia', 'Museo Conte', 'Palazzo della Ragione', 'AMO']",Tomba Giulietta,strategy_nearest,False,0.0017118453979492188,success
04E6244A9C4C80,3,"['Arena', 'Duomo', 'Santa Anastasia', 'Torre Lamberti']",Casa Giulietta,"['Centro Fotografia', 'Sighseeing', 'Museo Conte', 'Museo Radio', 'Palazzo della Ragione']",Teatro Romano,strategy_nearest,False,0.0026369094848632812,success
04E6283A9C4C80,3,"['Teatro Romano', 'Arena']",Museo Lapidario,"['Verona Tour', 'Castelvecchio', 'Museo Radio', 'San Fermo', 'Casa Giulietta']",Castelvecchio,strategy_nearest,True,0.0025458335876464844,success
04E6313A9C4C80,0,['Arena'],Casa Giulietta,"['Centro Fotografia', 'Sighseeing', 'Torre Lamberti', 'Museo Conte', 'Museo Radio']",Teatro Romano,strategy_nearest,False,0.003551006317138672,success
04E6373A9C4C80,0,['Arena'],Casa Giulietta,"['Centro Fotografia', 'Sighseeing', 'Torre Lamberti', 'Museo Conte', 'Museo Radio']",Castelvecchio,strategy_nearest,False,0.001798868179321289,success
04E63D429C4C80,2,['Torre Lamberti'],Santa Anastasia,"['AMO', 'Museo Conte', 'Palazzo della Ragione', 'Teatro Romano', 'Centro Fotografia']",Duomo,strategy_nearest,False,0.0030260086059570312,success
04E62B429C4C80,0,['Casa Giulietta'],Arena,"['Verona Tour', 'Museo Lapidario', 'Museo Radio', 'San Fermo', 'Sighseeing']",Castelvecchio,strategy_nearest,False,0.0027382373809814453,success
04E6434A9C4C80,2,['Museo Storia'],Torre Lamberti,"['Sighseeing', 'Centro Fotografia', 'Museo Conte', 'Casa Giulietta', 'Palazzo della Ragione']",Palazzo della Ragione,strategy_nearest,True,0.0013051033020019531,success
04E63F4A9C4C80,3,"['Arena', 'Museo Lapidario']",Casa Giulietta,"['Centro Fotografia', 'Sighseeing', 'Torre Lamberti', 'Museo Conte', 'Museo Radio']",Santa Anastasia,strategy_nearest,False,0.0047607421875,success
04E63F3A9C4C80,1,"['Arena', 'Casa Giulietta', 'Torre Lamberti']",Palazzo della Ragione,"['AMO', 'Museo Conte', 'Centro Fotografia', 'Sighseeing', 'Santa Anastasia']",Santa Anastasia,strategy_nearest,True,0.0028090476989746094,success
04E64D3A9C4C80,1,"['Palazzo della Ragione', 'Torre Lamberti', 'Casa Giulietta']",Santa Anastasia,"['AMO', 'Museo Conte', 'Teatro Romano', 'Centro Fotografia', 'Duomo']",Duomo,strategy_nearest,True,0.00374603271484375,success
04E6503A9C4C80,3,['Santa Anastasia'],Torre Lamberti,"['Sighseeing', 'Centro Fotografia', 'Museo Conte', 'Casa Giulietta', 'Palazzo della Ragione']",Arena,strategy_nearest,False,0.002413034439086914,success
04E6653A9C4C80,1,"['Casa Giulietta', 'Castelvecchio', 'Arena', 'Tomba Giulietta']",Santa Anastasia,"['AMO', 'Museo Conte', 'Palazzo della Ragione', 'Teatro Romano', 'Centro Fotografia']",Teatro Romano,strategy_nearest,True,0.0015718936920166016,success
04E6774A9C4C80,0,"['Arena', 'Casa Giulietta']",Castelvecchio,"['Museo Lapidario', 'Verona Tour', 'Museo Radio', 'San Zeno', 'Sighseeing']",Museo Storia,strategy_nearest,False,0.003582000732421875,success
04E66A3A9C4C80,1,['Palazzo della Ragione'],Casa Giulietta,"['Centro Fotografia', 'Sighseeing', 'Torre Lamberti', 'Museo Conte', 'Museo Radio']",Arena,strategy_nearest,False,0.0031502246856689453,success
04E67A429C4C80,3,"['Arena', 'Museo Lapidario', 'Castelvecchio', 'Casa Giulietta']",Tomba Giulietta,"['San Fermo', 'Museo Storia', 'Museo Radio', 'Verona Tour', 'Sighseeing']",San Fermo,strategy_nearest,True,0.003582000732421875,success
04E67C4A9C4C80,1,"['Teatro Romano', 'Santa Anastasia']",Palazzo della Ragione,"['AMO', 'Museo Conte', 'Torre Lamberti', 'Centro Fotografia', 'Sighseeing']",Torre Lamberti,strategy_nearest,True,0.002962827682495117,success
04E6794A9C4C80,3,['Arena'],Torre Lamberti,"['Sighseeing', 'Centro Fotografia', 'Museo Conte', 'Casa Giulietta', 'Palazzo della Ragione']",Santa Anastasia,strategy_nearest,False,0.0030968189239501953,success
04E682429C4C80,0,['Castelvecchio'],Arena,"['Verona Tour', 'Museo Lapidario', 'Museo Radio', 'San Fermo', 'Casa Giulietta']",Casa Giulietta,strategy_nearest,True,0.002172231674194336,success
04E6994A9C4C80,0,['Arena'],Casa Giulietta,"['Centro Fotografia', 'Sighseeing', 'Torre Lamberti', 'Museo Conte', 'Museo Radio']",Castelvecchio,strategy_nearest,False,0.0023641586303710938,success
04E6A4429C4C80,1,"['Duomo', 'Palazzo della Ragione', 'Casa Giulietta']",San Zeno,"['Castelvecchio', 'Verona Tour', 'Museo Lapidario', 'Arena', 'Museo Miniscalchi']",Torre Lamberti,strategy_nearest,False,0.0029418468475341797,success
04E6A44A9C4C80,0,['Arena'],Casa Giulietta,"['Centro Fotografia', 'Sighseeing', 'Torre Lamberti', 'Museo Conte', 'Museo Radio']",Torre Lamberti,strategy_nearest,True,0.0034360885620117188,success
04E692429C4C80,0,['Castelvecchio'],Casa Giulietta,"['Centro Fotografia', 'Sighseeing', 'Torre Lamberti', 'Museo Conte', 'Museo Radio']",Arena,strategy_nearest,False,0.0016210079193115234,success
04E6AB3A9C4C80,1,"['Santa Anastasia', 'Palazzo della Ragione']",Torre Lamberti,"['Sighseeing', 'Centro Fotografia', 'Museo Conte', 'Casa Giulietta', 'AMO']",Casa Giulietta,strategy_nearest,True,0.003448009490966797,success
04E6AD4A9C4C80,0,"['Castelvecchio', 'Arena']",Casa Giulietta,"['Centro Fotografia', 'Sighseeing', 'Torre Lamberti', 'Museo Conte', 'Museo Radio']",Torre Lamberti,strategy_nearest,True,0.0036869049072265625,success
04E6AC4A9C4C80,0,['Castelvecchio'],Arena,"['Verona Tour', 'Museo Lapidario', 'Museo Radio', 'San Fermo', 'Casa Giulietta']",Museo Lapidario,strategy_nearest,True,0.0015950202941894531,success
04E6A64A9C4C80,0,['Casa Giulietta'],Arena,"['Verona Tour', 'Museo Lapidario', 'Museo Radio', 'San Fermo', 'Sighseeing']",Torre Lamberti,strategy_nearest,False,0.0035021305084228516,success
04E6B24A9C4C80,3,"['Arena', 'Torre Lamberti', 'Casa Giulietta']",Santa Anastasia,"['AMO', 'Museo Conte', 'Palazzo della Ragione', 'Teatro Romano', 'Centro Fotografia']",Teatro Romano,strategy_nearest,True,0.002953052520751953,success
04E6C04A9C4C80,0,"['Duomo', 'Casa Giulietta']",Torre Lamberti,"['Sighseeing', 'Centro Fotografia', 'Museo Conte', 'Palazzo della Ragione', 'AMO']",Arena,strategy_nearest,False,0.0016639232635498047,success
04E6C14A9C4C80,1,['Arena'],Casa Giulietta,"['Centro Fotografia', 'Sighseeing', 'Torre Lamberti', 'Museo Conte', 'Museo Radio']",Palazzo della Ragione,strategy_nearest,False,0.002130270004272461,success
04E6BD4A9C4C80,0,"['Arena', 'Castelvecchio']",Casa Giulietta,"['Centro Fotografia', 'Sighseeing', 'Torre Lamberti', 'Museo Conte', 'Museo Radio']",Museo Storia,strategy_nearest,False,0.003553152084350586,success
04E6D14A9C4C80,3,"['Arena', 'Casa Giulietta']",Torre Lamberti,"['Sighseeing', 'Centro Fotografia', 'Museo Conte', 'Palazzo della Ragione', 'AMO']",Santa Anastasia,strategy_nearest,False,0.0021779537200927734,success
04E6D8429C4C80,0,['Arena'],Casa Giulietta,"['Centro Fotografia', 'Sighseeing', 'Torre Lamberti', 'Museo Conte', 'Museo Radio']",Torre Lamberti,strategy_nearest,True,0.0024230480194091797,success
04E6D83A9C4C80,0,['Arena'],Torre Lamberti,"['Sighseeing', 'Centro Fotografia', 'Museo Conte', 'Casa Giulietta', 'Palazzo della Ragione']",Casa Giulietta,strategy_nearest,True,0.0031290054321289062,success
04E6E8429C4C80,0,['Arena'],Casa Giulietta,"['Centro Fotografia', 'Sighseeing', 'Torre Lamberti', 'Museo Conte', 'Museo Radio']",Palazzo della Ragione,strategy_nearest,False,0.003704071044921875,success
04E6EB3A9C4C80,0,['Castelvecchio'],Arena,"['Verona Tour', 'Museo Lapidario', 'Museo Radio', 'San Fermo', 'Casa Giulietta']",Casa Giulietta,strategy_nearest,True,0.0017137527465820312,success
04E6F74A9C4C80,3,"['Arena', 'Casa Giulietta']",Torre Lamberti,"['Sighseeing', 'Centro Fotografia', 'Museo Conte', 'Palazzo della Ragione', 'AMO']",Santa Anastasia,strategy_nearest,False,0.0039539337158203125,success
04E6F14A9C4C80,1,"['Arena', 'Torre Lamberti', 'Duomo']",Casa Giulietta,"['Centro Fotografia', 'Sighseeing', 'Museo Conte', 'Museo Radio', 'Palazzo della Ragione']",San Fermo,strategy_nearest,False,0.004318952560424805,success
04E6F7429C4C80,2,"['Castelvecchio', 'Torre Lamberti']",Casa Giulietta,"['Centro Fotografia', 'Sighseeing', 'Museo Conte', 'Museo Radio', 'Palazzo della Ragione']",Santa Anastasia,strategy_nearest,False,0.0028657913208007812,success
04E6F64A9C4C80,1,"['Arena', 'Torre Lamberti']",Palazzo della Ragione,"['AMO', 'Museo Conte', 'Centro Fotografia', 'Sighseeing', 'Santa Anastasia']",Casa Giulietta,strategy_nearest,False,0.0016160011291503906,success
04E6FC4A9C4C80,0,"['Tomba Giulietta', 'Castelvecchio']",Torre Lamberti,"['Sighseeing', 'Centro Fotografia', 'Museo Conte', 'Casa Giulietta', 'Palazzo della Ragione']",Casa Giulietta,strategy_nearest,True,0.0022802352905273438,success
04E7014A9C4C84,3,"['Arena', 'San Zeno']",Torre Lamberti,"['Sighseeing', 'Centro Fotografia', 'Museo Conte', 'Casa Giulietta', 'Palazzo della Ragione']",Santa Anastasia,strategy_nearest,False,0.0014510154724121094,success
04E6FD4A9C4C80,4,"['Tomba Giulietta', 'Museo Radio']",Museo Storia,"['San Fermo', 'Casa Giulietta', 'Centro Fotografia', 'Arena', 'Torre Lamberti']",Castelvecchio,strategy_nearest,False,0.003610849380493164,success
04E6FA4A9C4C80,3,"['Arena', 'Casa Giulietta']",Torre Lamberti,"['Sighseeing', 'Centro Fotografia', 'Museo Conte', 'Palazzo della Ragione', 'AMO']",Santa Anastasia,strategy_nearest,False,0.0029821395874023438,success
04E7084A9C4C84,1,"['Arena', 'Torre Lamberti', 'Palazzo della Ragione']",Casa Giulietta,"['Centro Fotografia', 'Sighseeing', 'Museo Conte', 'Museo Radio', 'San Fermo']",Santa Anastasia,strategy_nearest,False,0.0027589797973632812,success
04E70D429C4C84,2,['Torre Lamberti'],Santa Anastasia,"['AMO', 'Museo Conte', 'Palazzo della Ragione', 'Teatro Romano', 'Centro Fotografia']",Casa Giulietta,strategy_nearest,False,0.003222942352294922,success
04E7094A9C4C84,0,['Arena'],Torre Lamberti,"['Sighseeing', 'Centro Fotografia', 'Museo Conte', 'Casa Giulietta', 'Palazzo della Ragione']",Casa Giulietta,strategy_nearest,True,0.003529071807861328,success
04E70A429C4C84,0,['Casa Giulietta'],Tomba Giulietta,"['San Fermo', 'Museo Storia', 'Arena', 'Museo Lapidario', 'Museo Radio']",Arena,strategy_nearest,True,0.0013620853424072266,success
04E720429C4C80,0,['Castelvecchio'],Arena,"['Verona Tour', 'Museo Lapidario', 'Museo Radio', 'San Fermo', 'Casa Giulietta']",Casa Giulietta,strategy_nearest,True,0.0017499923706054688,success
04E715429C4C84,0,['Arena'],Casa Giulietta,"['Centro Fotografia', 'Sighseeing', 'Torre Lamberti', 'Museo Conte', 'Museo Radio']",Duomo,strategy_nearest,False,0.0023889541625976562,success
04E7204A9C4C80,1,"['Arena', 'Casa Giulietta', 'Palazzo della Ragione']",Torre Lamberti,"['Sighseeing', 'Centro Fotografia', 'Museo Conte', 'AMO', 'Museo Miniscalchi']",Santa Anastasia,strategy_nearest,False,0.003032207489013672,success
04E7224A9C4C80,1,"['Duomo', 'Arena']",Castelvecchio,"['Museo Lapidario', 'Verona Tour', 'Museo Radio', 'San Zeno', 'Sighseeing']",Santa Anastasia,strategy_nearest,False,0.003572225570678711,success
04E72D3A9C4C80,0,['Casa Giulietta'],Torre Lamberti,"['Sighseeing', 'Centro Fotografia', 'Museo Conte', 'Palazzo della Ragione', 'AMO']",Arena,strategy_nearest,False,0.0022089481353759766,success
04E73E429C4C80,3,"['Arena', 'Castelvecchio']",San Zeno,"['Verona Tour', 'Museo Lapidario', 'Museo Miniscalchi', 'Sighseeing', 'Museo Radio']",Duomo,strategy_nearest,False,0.002421855926513672,success
04E7403A9C4C80,3,"['Castelvecchio', 'San Zeno', 'Torre Lamberti']",Santa Anastasia,"['AMO', 'Museo Conte', 'Palazzo della Ragione', 'Teatro Romano', 'Centro Fotografia']",Duomo,strategy_nearest,False,0.0039157867431640625,success
04E7373A9C4C80,3,"['Arena', 'Casa Giulietta', 'San Fermo']",Santa Anastasia,"['AMO', 'Museo Conte', 'Palazzo della Ragione', 'Teatro Romano', 'Centro Fotografia']",Duomo,strategy_nearest,False,0.004561901092529297,success
04E7643A9C4C80,1,"['Arena', 'Santa Anastasia']",Duomo,"['AMO', 'Museo Miniscalchi', 'Teatro Romano', 'Palazzo della Ragione', 'Museo Conte']",San Fermo,strategy_nearest,False,0.0014128684997558594,success
04E7423A9C4C80,1,"['Arena', 'Palazzo della Ragione', 'Casa Giulietta', 'Tomba Giulietta']",Castelvecchio,"['Museo Lapidario', 'Verona Tour', 'Museo Radio', 'San Zeno', 'Sighseeing']",Torre Lamberti,strategy_nearest,False,0.002405881881713867,success
04E7543A9C4C80,2,['Teatro Romano'],Casa Giulietta,"['Centro Fotografia', 'Sighseeing', 'Torre Lamberti', 'Museo Conte', 'Museo Radio']",Castelvecchio,strategy_nearest,False,0.0030128955841064453,success
04E7774A9C4C80,2,['Casa Giulietta'],Palazzo della Ragione,"['AMO', 'Museo Conte', 'Torre Lamberti', 'Centro Fotografia', 'Sighseeing']",Teatro Romano,strategy_nearest,False,0.0035130977630615234,success
04E794429C4C80,1,['Casa Giulietta'],Torre Lamberti,"['Sighseeing', 'Centro Fotografia', 'Museo Conte', 'Palazzo della Ragione', 'AMO']",Palazzo della Ragione,strategy_nearest,True,0.001428842544555664,success
04E7934A9C4C80,0,['Arena'],Santa Anastasia,"['AMO', 'Museo Conte', 'Palazzo della Ragione', 'Teatro Romano', 'Centro Fotografia']",Casa Giulietta,strategy_nearest,False,0.0027968883514404297,success
04E77E3A9C4C80,3,['Santa Anastasia'],Duomo,"['AMO', 'Museo Miniscalchi', 'Teatro Romano', 'Palazzo della Ragione', 'Museo Conte']",Casa Giulietta,strategy_nearest,False,0.003531932830810547,success
04E797429C4C80,3,"['Casa Giulietta', 'Torre Lamberti']",Arena,"['Verona Tour', 'Museo Lapidario', 'Museo Radio', 'San Fermo', 'Sighseeing']",Santa Anastasia,strategy_nearest,False,0.002892017364501953,success
04E7974A9C4C80,3,['Arena'],Casa Giulietta,"['Centro Fotografia', 'Sighseeing', 'Torre Lamberti', 'Museo Conte', 'Museo Radio']",Santa Anastasia,strategy_nearest,False,0.0029790401458740234,success
04E7A74A9C4C80,3,"['Torre Lamberti', 'Teatro Romano', 'Duomo']",Santa Anastasia,"['AMO', 'Museo Conte', 'Palazzo della Ragione', 'Centro Fotografia', 'Sighseeing']",Arena,strategy_nearest,False,0.0035228729248046875,success
04E7A34A9C4C80,1,"['Teatro Romano', 'Torre Lamberti']",Palazzo della Ragione,"['AMO', 'Museo Conte', 'Centro Fotografia', 'Sighseeing', 'Santa Anastasia']",Casa Giulietta,strategy_nearest,False,0.0036249160766601562,success
04E7A64A9C4C80,1,"['Casa Giulietta', 'Torre Lamberti']",Palazzo della Ragione,"['AMO', 'Museo Conte', 'Centro Fotografia', 'Sighseeing', 'Santa Anastasia']",Arena,strategy_nearest,False,0.00173187255859375,success
04E7AD4A9C4C80,3,['Arena'],Torre Lamberti,"['Sighseeing', 'Centro Fotografia', 'Museo Conte', 'Casa Giulietta', 'Palazzo della Ragione']",Santa Anastasia,strategy_nearest,False,0.0011780261993408203,success
04E7B04A9C4C80,0,['Arena'],Casa Giulietta,"['Centro Fotografia', 'Sighseeing', 'Torre Lamberti', 'Museo Conte', 'Museo Radio']",Torre Lamberti,strategy_nearest,True,0.002275228500366211,success
04E7B63A9C4C80,3,"['Arena', 'Casa Giulietta']",Santa Anastasia,"['AMO', 'Museo Conte', 'Palazzo della Ragione', 'Teatro Romano', 'Centro Fotografia']",Teatro Romano,strategy_nearest,True,0.003679037094116211,success
04E7B14A9C4C80,2,"['Casa Giulietta', 'Santa Anastasia']",Torre Lamberti,"['Sighseeing', 'Centro Fotografia', 'Museo Conte', 'Palazzo della Ragione', 'AMO']",Palazzo della Ragione,strategy_nearest,True,0.0029070377349853516,success
04E7B6429C4C80,0,['Museo Lapidario'],Arena,"['Verona Tour', 'Museo Radio', 'San Fermo', 'Casa Giulietta', 'Sighseeing']",Teatro Romano,strategy_nearest,False,0.0022509098052978516,success
04E7C34A9C4C80,3,"['Arena', 'San Fermo', 'Casa Giulietta']",Santa Anastasia,"['AMO', 'Museo Conte', 'Palazzo della Ragione', 'Teatro Romano', 'Centro Fotografia']",Duomo,strategy_nearest,False,0.0019989013671875,success
04E7C94A9C4C80,1,"['Arena', 'Casa Giulietta']",Palazzo della Ragione,"['AMO', 'Museo Conte', 'Torre Lamberti', 'Centro Fotografia', 'Sighseeing']",Torre Lamberti,strategy_nearest,True,0.002480030059814453,success
04E7B93A9C4C80,3,['Arena'],San Zeno,"['Castelvecchio', 'Verona Tour', 'Museo Lapidario', 'Museo Miniscalchi', 'Sighseeing']",Santa Anastasia,strategy_nearest,False,0.003208160400390625,success
04E7CF4A9C4C80,0,"['Arena', 'Castelvecchio']",Casa Giulietta,"['Centro Fotografia', 'Sighseeing', 'Torre Lamberti', 'Museo Conte', 'Museo Radio']",Torre Lamberti,strategy_nearest,True,0.002657175064086914,success
04E7D14A9C4C80,2,['Torre Lamberti'],Santa Anastasia,"['AMO', 'Museo Conte', 'Palazzo della Ragione', 'Teatro Romano', 'Centro Fotografia']",Casa Giulietta,strategy_nearest,False,0.0032091140747070312,success
04E7D53A9C4C80,1,"['Arena', 'Casa Giulietta', 'Torre Lamberti']",Palazzo della Ragione,"['AMO', 'Museo Conte', 'Centro Fotografia', 'Sighseeing', 'Santa Anastasia']",Santa Anastasia,strategy_nearest,True,0.0025010108947753906,success
04E7DA3A9C4C80,3,"['Castelvecchio', 'San Zeno']",Duomo,"['AMO', 'Museo Miniscalchi', 'Santa Anastasia', 'Teatro Romano', 'Palazzo della Ragione']",Santa Anastasia,strategy_nearest,True,0.0034389495849609375,success
04E7E2429C4C80,3,"['Arena', 'Casa Giulietta', 'Santa Anastasia']",Duomo,"['AMO', 'Museo Miniscalchi', 'Teatro Romano', 'Palazzo della Ragione', 'Museo Conte']",Teatro Romano,strategy_nearest,True,0.0024089813232421875,success
04E7E6429C4C80,3,"['Arena', 'Castelvecchio']",Santa Anastasia,"['AMO', 'Museo Conte', 'Palazzo della Ragione', 'Teatro Romano', 'Centro Fotografia']",Teatro Romano,strategy_nearest,True,0.003453969955444336,success
04E7F64A9C4C80,3,"['Arena', 'Casa Giulietta']",Santa Anastasia,"['AMO', 'Museo Conte', 'Palazzo della Ragione', 'Teatro Romano', 'Centro Fotografia']",Duomo,strategy_nearest,False,0.0036821365356445312,success
04E7EE4A9C4C80,1,"['Arena', 'Casa Giulietta']",Palazzo della Ragione,"['AMO', 'Museo Conte', 'Torre Lamberti', 'Centro Fotografia', 'Sighseeing']",Santa Anastasia,strategy_nearest,False,0.004306793212890625,success
04E7F7429C4C80,0,['Arena'],Casa Giulietta,"['Centro Fotografia', 'Sighseeing', 'Torre Lamberti', 'Museo Conte', 'Museo Radio']",Santa Anastasia,strategy_nearest,False,0.0022029876708984375,success
04E7FC4A9C4C80,0,['Arena'],Casa Giulietta,"['Centro Fotografia', 'Sighseeing', 'Torre Lamberti', 'Museo Conte', 'Museo Radio']",San Fermo,strategy_nearest,False,0.003596782684326172,success
04E7F74A9C4C80,0,['Arena'],Casa Giulietta,"['Centro Fotografia', 'Sighseeing', 'Torre Lamberti', 'Museo Conte', 'Museo Radio']",Castelvecchio,strategy_nearest,False,0.002183198928833008,success
04E7F84A9C4C80,2,['Torre Lamberti'],Santa Anastasia,"['AMO', 'Museo Conte', 'Palazzo della Ragione', 'Teatro Romano', 'Centro Fotografia']",Duomo,strategy_nearest,False,0.0015130043029785156,success
04E7FA429C4C80,2,"['Castelvecchio', 'San Fermo', 'Casa Giulietta']",Teatro Romano,"['Santa Anastasia', 'Duomo', 'AMO', 'Palazzo della Ragione', 'Museo Conte']",Tomba Giulietta,strategy_nearest,False,0.0029439926147460938,success
04E8054A9C4C84,0,['Arena'],Castelvecchio,"['Museo Lapidario', 'Verona Tour', 'Museo Radio', 'San Zeno', 'Sighseeing']",Casa Giulietta,strategy_nearest,False,0.0026743412017822266,success
04E8014A9C4C84,0,"['Castelvecchio', 'Arena']",Casa Giulietta,"['Centro Fotografia', 'Sighseeing', 'Torre Lamberti', 'Museo Conte', 'Museo Radio']",Duomo,strategy_nearest,False,0.0033261775970458984,success
04E8084A9C4C84,0,['Casa Giulietta'],Torre Lamberti,"['Sighseeing', 'Centro Fotografia', 'Museo Conte', 'Palazzo della Ragione', 'AMO']",Arena,strategy_nearest,False,0.0037221908569335938,success
04E8104A9C4C84,1,"['Arena', 'Casa Giulietta']",Torre Lamberti,"['Sighseeing', 'Centro Fotografia', 'Museo Conte', 'Palazzo della Ragione', 'AMO']",Palazzo della Ragione,strategy_nearest,True,0.0017609596252441406,success
04E819429C4C84,3,"['San Fermo', 'Torre Lamberti', 'Santa Anastasia', 'Duomo']",Teatro Romano,"['AMO', 'Palazzo della Ragione', 'Museo Conte', 'Centro Fotografia', 'Museo Miniscalchi']",Casa Giulietta,strategy_nearest,False,0.0028688907623291016,success
04E81C429C4C84,1,"['Castelvecchio', 'Arena']",Casa Giulietta,"['Centro Fotografia', 'Sighseeing', 'Torre Lamberti', 'Museo Conte', 'Museo Radio']",Palazzo della Ragione,strategy_nearest,False,0.003217935562133789,success
04E81A429C4C84,1,"['Palazzo della Ragione', 'Torre Lamberti']",Casa Giulietta,"['Centro Fotografia', 'Sighseeing', 'Museo Conte', 'Museo Radio', 'San Fermo']",Arena,strategy_nearest,False,0.0021467208862304688,success
04E8194A9C4C80,3,"['Arena', 'Torre Lamberti']",Casa Giulietta,"['Centro Fotografia', 'Sighseeing', 'Museo Conte', 'Museo Radio', 'Palazzo della Ragione']",Santa Anastasia,strategy_nearest,False,0.0016450881958007812,success
04E82E429C4C80,3,['Duomo'],Santa Anastasia,"['AMO', 'Museo Conte', 'Palazzo della Ragione', 'Teatro Romano', 'Centro Fotografia']",Casa Giulietta,strategy_nearest,False,0.0020911693572998047,success
04E82E3A9C4C80,0,"['Casa Giulietta', 'Torre Lamberti']",Arena,"['Verona Tour', 'Museo Lapidario', 'Museo Radio', 'San Fermo', 'Sighseeing']",Castelvecchio,strategy_nearest,False,0.0015058517456054688,success
04E8393A9C4C80,1,"['Duomo', 'Teatro Romano', 'Santa Anastasia', 'Casa Giulietta']",San Fermo,"['Museo Storia', 'Museo Radio', 'Centro Fotografia', 'Arena', 'Sighseeing']",Castelvecchio,strategy_nearest,False,0.0033807754516601562,success
04E8353A9C4C80,1,"['Arena', 'Casa Giulietta', 'Torre Lamberti']",Palazzo della Ragione,"['AMO', 'Museo Conte', 'Centro Fotografia', 'Sighseeing', 'Santa Anastasia']",Santa Anastasia,strategy_nearest,True,0.002913951873779297,success
04E84D3A9C4C80,3,"['San Fermo', 'Teatro Romano']",Santa Anastasia,"['AMO', 'Museo Conte', 'Palazzo della Ragione', 'Centro Fotografia', 'Duomo']",Castelvecchio,strategy_nearest,False,0.0029268264770507812,success
04E8503A9C4C80,3,['Arena'],San Fermo,"['Museo Storia', 'Museo Radio', 'Casa Giulietta', 'Centro Fotografia', 'Sighseeing']",Teatro Romano,strategy_nearest,False,0.0021839141845703125,success
04E8754A9C4C80,2,['Casa Giulietta'],Torre Lamberti,"['Sighseeing', 'Centro Fotografia', 'Museo Conte', 'Palazzo della Ragione', 'AMO']",Santa Anastasia,strategy_nearest,False,0.003367900848388672,success
04E8574A9C4C80,3,"['Arena', 'Castelvecchio']",Santa Anastasia,"['AMO', 'Museo Conte', 'Palazzo della Ragione', 'Teatro Romano', 'Centro Fotografia']",Teatro Romano,strategy_nearest,True,0.0028727054595947266,success
04E87C4A9C4C80,4,"['Santa Anastasia', 'Casa Giulietta', 'Arena']",Museo Lapidario,"['Verona Tour', 'Castelvecchio', 'Museo Radio', 'San Fermo', 'Tomba Giulietta']",Museo Radio,strategy_nearest,True,0.003236055374145508,success
04E8794A9C4C80,1,"['Teatro Romano', 'Duomo', 'Casa Giulietta', 'Arena']",Museo Lapidario,"['Verona Tour', 'Castelvecchio', 'Museo Radio', 'San Fermo', 'Tomba Giulietta']",Castelvecchio,strategy_nearest,True,0.0027048587799072266,success
04E8784A9C4C80,3,"['Torre Lamberti', 'Duomo']",Teatro Romano,"['Santa Anastasia', 'AMO', 'Palazzo della Ragione', 'Museo Conte', 'Centro Fotografia']",Arena,strategy_nearest,False,0.0034058094024658203,success
04E87E3A9C4C80,3,"['Santa Anastasia', 'Duomo']",Duomo,"['AMO', 'Museo Miniscalchi', 'Teatro Romano', 'Palazzo della Ragione', 'Museo Conte']",Torre Lamberti,strategy_nearest,False,0.00394129753112793,success
04E8A0429C4C80,1,"['Castelvecchio', 'Arena']",Torre Lamberti,"['Sighseeing', 'Centro Fotografia', 'Museo Conte', 'Casa Giulietta', 'Palazzo della Ragione']",Casa Giulietta,strategy_nearest,True,0.002012014389038086,success
04E88B4A9C4C80,0,['Arena'],Casa Giulietta,"['Centro Fotografia', 'Sighseeing', 'Torre Lamberti', 'Museo Conte', 'Museo Radio']",Santa Anastasia,strategy_nearest,False,0.002148866653442383,success
04E8994A9C4C80,1,"['Arena', 'Torre Lamberti']",Palazzo della Ragione,"['AMO', 'Museo Conte', 'Centro Fotografia', 'Sighseeing', 'Santa Anastasia']",Santa Anastasia,strategy_nearest,True,0.0035409927368164062,success
04E8A14A9C4C80,0,['Castelvecchio'],Arena,"['Verona Tour', 'Museo Lapidario', 'Museo Radio', 'San Fermo', 'Casa Giulietta']",Casa Giulietta,strategy_nearest,True,0.003494739532470703,success
04E8A53A9C4C80,0,['Casa Giulietta'],Torre Lamberti,"['Sighseeing', 'Centro Fotografia', 'Museo Conte', 'Palazzo della Ragione', 'AMO']",Arena,strategy_nearest,False,0.0029659271240234375,success
04E8AD4A9C4C80,3,['Arena'],Santa Anastasia,"['AMO', 'Museo Conte', 'Palazzo della Ragione', 'Teatro Romano', 'Centro Fotografia']",Duomo,strategy_nearest,False,0.002162933349609375,success
04E8AF4A9C4C80,2,['Casa Giulietta'],Teatro Romano,"['Santa Anastasia', 'Duomo', 'AMO', 'Palazzo della Ragione', 'Museo Conte']",Giardino Giusti,strategy_nearest,False,0.0027070045471191406,success
04E8AD3A9C4C80,0,['Arena'],Casa Giulietta,"['Centro Fotografia', 'Sighseeing', 'Torre Lamberti', 'Museo Conte', 'Museo Radio']",Castelvecchio,strategy_nearest,False,0.004183769226074219,success
04E8B04A9C4C80,0,['Arena'],Casa Giulietta,"['Centro Fotografia', 'Sighseeing', 'Torre Lamberti', 'Museo Conte', 'Museo Radio']",Teatro Romano,strategy_nearest,False,0.003705263137817383,success
04E8B64A9C4C80,0,['Arena'],Casa Giulietta,"['Centro Fotografia', 'Sighseeing', 'Torre Lamberti', 'Museo Conte', 'Museo Radio']",Santa Anastasia,strategy_nearest,False,0.0024750232696533203,success
04E8B7429C4C80,0,['Duomo'],Casa Giulietta,"['Centro Fotografia', 'Sighseeing', 'Torre Lamberti', 'Museo Conte', 'Museo Radio']",Arena,strategy_nearest,False,0.0030329227447509766,success
04E8B83A9C4C80,1,"['Palazzo della Ragione', 'Torre Lamberti', 'Casa Giulietta']",Santa Anastasia,"['AMO', 'Museo Conte', 'Teatro Romano', 'Centro Fotografia', 'Duomo']",Duomo,strategy_nearest,True,0.0016257762908935547,success
04E8B84A9C4C80,3,"['Arena', 'Santa Anastasia', 'Duomo']",Teatro Romano,"['AMO', 'Palazzo della Ragione', 'Museo Conte', 'Centro Fotografia', 'Museo Miniscalchi']",Torre Lamberti,strategy_nearest,False,0.001583099365234375,success
04E8BB429C4C80,3,"['Casa Giulietta', 'Santa Anastasia']",Castelvecchio,"['Museo Lapidario', 'Verona Tour', 'Arena', 'Museo Radio', 'San Zeno']",Arena,strategy_nearest,True,0.0031118392944335938,success
04E8BA4A9C4C80,1,"['Teatro Romano', 'Duomo', 'Santa Anastasia', 'Palazzo della Ragione', 'Torre Lamberti']",Casa Giulietta,"['Centro Fotografia', 'Sighseeing', 'Museo Conte', 'Museo Radio', 'San Fermo']",Arena,strategy_nearest,False,0.002454042434692383,success
04E8BB4A9C4C80,3,"['Arena', 'Torre Lamberti']",Santa Anastasia,"['AMO', 'Museo Conte', 'Palazzo della Ragione', 'Teatro Romano', 'Centro Fotografia']",Casa Giulietta,strategy_nearest,False,0.0036802291870117188,success
04E8CA4A9C4C80,1,"['Arena', 'Museo Lapidario']",Casa Giulietta,"['Centro Fotografia', 'Sighseeing', 'Torre Lamberti', 'Museo Conte', 'Museo Radio']",Palazzo della Ragione,strategy_nearest,False,0.0020377635955810547,success
04E8BE4A9C4C80,3,"['Arena', 'Casa Giulietta']",Torre Lamberti,"['Sighseeing', 'Centro Fotografia', 'Museo Conte', 'Palazzo della Ragione', 'AMO']",Santa Anastasia,strategy_nearest,False,0.002844095230102539,success
04E8C24A9C4C80,0,['Castelvecchio'],Arena,"['Verona Tour', 'Museo Lapidario', 'Museo Radio', 'San Fermo', 'Casa Giulietta']",Casa Giulietta,strategy_nearest,True,0.001466989517211914,success
04E8CC4A9C4C80,1,"['Arena', 'Torre Lamberti']",Palazzo della Ragione,"['AMO', 'Museo Conte', 'Centro Fotografia', 'Sighseeing', 'Santa Anastasia']",Castelvecchio,strategy_nearest,False,0.003492116928100586,success
04E8D1429C4C80,3,"['Teatro Romano', 'Duomo', 'Torre Lamberti', 'Santa Anastasia', 'Casa Giulietta']",Museo Storia,"['San Fermo', 'Museo Radio', 'Centro Fotografia', 'Tomba Giulietta', 'Arena']",Museo Lapidario,strategy_nearest,False,0.001789093017578125,success
04E8CE4A9C4C80,1,"['Arena', 'Casa Giulietta', 'Torre Lamberti']",Palazzo della Ragione,"['AMO', 'Museo Conte', 'Centro Fotografia', 'Sighseeing', 'Santa Anastasia']",Santa Anastasia,strategy_nearest,True,0.0027589797973632812,success
04E8D73A9C4C80,4,"['Casa Giulietta', 'Torre Lamberti']",Arena,"['Verona Tour', 'Museo Lapidario', 'Museo Radio', 'San Fermo', 'Sighseeing']",Tomba Giulietta,strategy_nearest,False,0.0022950172424316406,success
04E8D2429C4C80,3,"['Arena', 'San Fermo', 'Casa Giulietta', 'Santa Anastasia']",Torre Lamberti,"['Sighseeing', 'Centro Fotografia', 'Museo Conte', 'Palazzo della Ragione', 'AMO']",Duomo,strategy_nearest,False,0.0035037994384765625,success
04E8D33A9C4C80,0,['Arena'],Casa Giulietta,"['Centro Fotografia', 'Sighseeing', 'Torre Lamberti', 'Museo Conte', 'Museo Radio']",Torre Lamberti,strategy_nearest,True,0.0032749176025390625,success
04E8ED4A9C4C80,0,"['Arena', 'Casa Giulietta']",Castelvecchio,"['Museo Lapidario', 'Verona Tour', 'Museo Radio', 'San Zeno', 'Sighseeing']",Duomo,strategy_nearest,False,0.0031359195709228516,success
04E8EE4A9C4C80,1,"['Arena', 'Castelvecchio', 'Casa Giulietta']",Palazzo della Ragione,"['AMO', 'Museo Conte', 'Torre Lamberti', 'Centro Fotografia', 'Sighseeing']",Santa Anastasia,strategy_nearest,False,0.002650022506713867,success
04E8FF429C4C80,4,"['Teatro Romano', 'Duomo', 'Santa Anastasia', 'Casa Giulietta']",Arena,"['Verona Tour', 'Museo Lapidario', 'Museo Radio', 'San Fermo', 'Sighseeing']",Museo Radio,strategy_nearest,True,0.0020301342010498047,success
04E900429C4C84,3,['Arena'],Castelvecchio,"['Museo Lapidario', 'Verona Tour', 'Museo Radio', 'San Zeno', 'Sighseeing']",Torre Lamberti,strategy_nearest,False,0.002474069595336914,success
04E9024A9C4C84,1,"['Arena', 'Torre Lamberti', 'Palazzo della Ragione', 'Casa Giulietta']",San Fermo,"['Museo Storia', 'Museo Radio', 'Centro Fotografia', 'Sighseeing', 'Museo Conte']",Santa Anastasia,strategy_nearest,False,0.0032613277435302734,success
04E9044A9C4C84,0,['Arena'],Castelvecchio,"['Museo Lapidario', 'Verona Tour', 'Museo Radio', 'San Zeno', 'Sighseeing']",Casa Giulietta,strategy_nearest,False,0.003715991973876953,success
04E90F429C4C84,1,"['Arena', 'Casa Giulietta', 'Duomo', 'Teatro Romano']",Torre Lamberti,"['Sighseeing', 'Centro Fotografia', 'Museo Conte', 'Palazzo della Ragione', 'AMO']",Palazzo della Ragione,strategy_nearest,True,0.00152587890625,success
04E9034A9C4C84,0,"['Arena', 'Casa Giulietta']",Torre Lamberti,"['Sighseeing', 'Centro Fotografia', 'Museo Conte', 'Palazzo della Ragione', 'AMO']",Duomo,strategy_nearest,False,0.005056858062744141,success
04E90A429C4C84,3,"['Arena', 'Castelvecchio', 'Casa Giulietta']",Teatro Romano,"['Santa Anastasia', 'Duomo', 'AMO', 'Palazzo della Ragione', 'Museo Conte']",Museo Lapidario,strategy_nearest,False,0.0023310184478759766,success
04E91E429C4C84,3,"['Arena', 'Torre Lamberti']",Santa Anastasia,"['AMO', 'Museo Conte', 'Palazzo della Ragione', 'Teatro Romano', 'Centro Fotografia']",Casa Giulietta,strategy_nearest,False,0.0014090538024902344,success
04E912429C4C84,1,"['Arena', 'Torre Lamberti']",Palazzo della Ragione,"['AMO', 'Museo Conte', 'Centro Fotografia', 'Sighseeing', 'Santa Anastasia']",Santa Anastasia,strategy_nearest,True,0.0022950172424316406,success
04E91F3A9C4C80,3,"['Casa Giulietta', 'Santa Anastasia']",Duomo,"['AMO', 'Museo Miniscalchi', 'Teatro Romano', 'Palazzo della Ragione', 'Museo Conte']",Arena,strategy_nearest,False,0.003525257110595703,success
04E9293A9C4C80,3,"['Arena', 'Casa Giulietta', 'Torre Lamberti']",Duomo,"['AMO', 'Museo Miniscalchi', 'Santa Anastasia', 'Teatro Romano', 'Palazzo della Ragione']",Castelvecchio,strategy_nearest,False,0.0026848316192626953,success
04E92E3A9C4C80,1,"['San Fermo', 'Casa Giulietta', 'Torre Lamberti', 'Palazzo della Ragione']",Santa Anastasia,"['AMO', 'Museo Conte', 'Teatro Romano', 'Centro Fotografia', 'Duomo']",Duomo,strategy_nearest,True,0.0028009414672851562,success
04E9443A9C4C80,3,"['Arena', 'Casa Giulietta', 'Santa Anastasia']",Duomo,"['AMO', 'Museo Miniscalchi', 'Teatro Romano', 'Palazzo della Ragione', 'Museo Conte']",Teatro Romano,strategy_nearest,True,0.0020329952239990234,success
04E93D429C4C80,0,['Arena'],Casa Giulietta,"['Centro Fotografia', 'Sighseeing', 'Torre Lamberti', 'Museo Conte', 'Museo Radio']",Duomo,strategy_nearest,False,0.00273895263671875,success
04E9323A9C4C80,0,"['Castelvecchio', 'Duomo']",Torre Lamberti,"['Sighseeing', 'Centro Fotografia', 'Museo Conte', 'Casa Giulietta', 'Palazzo della Ragione']",Casa Giulietta,strategy_nearest,True,0.0033800601959228516,success
04E9513A9C4C80,0,"['Teatro Romano', 'Arena']",San Fermo,"['Museo Storia', 'Museo Radio', 'Casa Giulietta', 'Centro Fotografia', 'Sighseeing']",Tomba Giulietta,strategy_nearest,False,0.002180814743041992,success
04E949429C4C80,1,['Casa Giulietta'],Arena,"['Verona Tour', 'Museo Lapidario', 'Museo Radio', 'San Fermo', 'Sighseeing']",Torre Lamberti,strategy_nearest,False,0.0034151077270507812,success
04E945429C4C80,3,"['Castelvecchio', 'Arena']",Torre Lamberti,"['Sighseeing', 'Centro Fotografia', 'Museo Conte', 'Casa Giulietta', 'Palazzo della Ragione']",Santa Anastasia,strategy_nearest,False,0.0028378963470458984,success
04E96E3A9C4C80,3,"['Arena', 'Casa Giulietta']",Santa Anastasia,"['AMO', 'Museo Conte', 'Palazzo della Ragione', 'Teatro Romano', 'Centro Fotografia']",Castelvecchio,strategy_nearest,False,0.0013980865478515625,success
04E979429C4C80,2,"['Torre Lamberti', 'Palazzo della Ragione']",Teatro Romano,"['Santa Anastasia', 'Duomo', 'AMO', 'Museo Conte', 'Centro Fotografia']",Duomo,strategy_nearest,True,0.002115964889526367,success
04E97C3A9C4C80,2,['Casa Giulietta'],Torre Lamberti,"['Sighseeing', 'Centro Fotografia', 'Museo Conte', 'Palazzo della Ragione', 'AMO']",Palazzo della Ragione,strategy_nearest,True,0.0014219284057617188,success
04E97B4A9C4C80,3,"['Arena', 'Santa Anastasia']",Duomo,"['AMO', 'Museo Miniscalchi', 'Teatro Romano', 'Palazzo della Ragione', 'Museo Conte']",Torre Lamberti,strategy_nearest,False,0.00292205810546875,success
04E97C4A9C4C80,1,"['San Fermo', 'Casa Giulietta']",Palazzo della Ragione,"['AMO', 'Museo Conte', 'Torre Lamberti', 'Centro Fotografia', 'Sighseeing']",Arena,strategy_nearest,False,0.0033910274505615234,success
04E9814A9C4C80,0,"['Arena', 'Castelvecchio']",San Zeno,"['Verona Tour', 'Museo Lapidario', 'Museo Miniscalchi', 'Sighseeing', 'Museo Radio']",Casa Giulietta,strategy_nearest,False,0.0026178359985351562,success
04E98B4A9C4C80,1,"['Arena', 'Casa Giulietta', 'Torre Lamberti']",Palazzo della Ragione,"['AMO', 'Museo Conte', 'Centro Fotografia', 'Sighseeing', 'Santa Anastasia']",Santa Anastasia,strategy_nearest,True,0.002908945083618164,success
04E97D3A9C4C80,3,"['Duomo', 'Torre Lamberti']",Casa Giulietta,"['Centro Fotografia', 'Sighseeing', 'Museo Conte', 'Museo Radio', 'Palazzo della Ragione']",San Fermo,strategy_nearest,False,0.0024809837341308594,success
04E98A4A9C4C80,3,"['Arena', 'Casa Giulietta']",Torre Lamberti,"['Sighseeing', 'Centro Fotografia', 'Museo Conte', 'Palazzo della Ragione', 'AMO']",Santa Anastasia,strategy_nearest,False,0.003940105438232422,success
04E9914A9C4C80,0,['Arena'],Casa Giulietta,"['Centro Fotografia', 'Sighseeing', 'Torre Lamberti', 'Museo Conte', 'Museo Radio']",Castelvecchio,strategy_nearest,False,0.0027730464935302734,success
04E9924A9C4C80,0,['Castelvecchio'],Arena,"['Verona Tour', 'Museo Lapidario', 'Museo Radio', 'San Fermo', 'Casa Giulietta']",Museo Lapidario,strategy_nearest,True,0.0021181106567382812,success
04E9934A9C4C80,1,"['Castelvecchio', 'Museo Lapidario']",Arena,"['Verona Tour', 'Museo Radio', 'San Fermo', 'Casa Giulietta', 'Sighseeing']",Casa Giulietta,strategy_nearest,True,0.0026900768280029297,success
04E998429C4C80,1,"['Casa Giulietta', 'Torre Lamberti', 'Palazzo della Ragione']",Arena,"['Verona Tour', 'Museo Lapidario', 'Museo Radio', 'San Fermo', 'Sighseeing']",San Fermo,strategy_nearest,True,0.003158092498779297,success
04E9A14A9C4C80,1,"['Castelvecchio', 'San Zeno']",Arena,"['Verona Tour', 'Museo Lapidario', 'Museo Radio', 'San Fermo', 'Casa Giulietta']",Torre Lamberti,strategy_nearest,False,0.0018203258514404297,success
04E99D429C4C80,0,['Arena'],Torre Lamberti,"['Sighseeing', 'Centro Fotografia', 'Museo Conte', 'Casa Giulietta', 'Palazzo della Ragione']",Casa Giulietta,strategy_nearest,True,0.002788066864013672,success
04E9A44A9C4C80,0,['Arena'],Casa Giulietta,"['Centro Fotografia', 'Sighseeing', 'Torre Lamberti', 'Museo Conte', 'Museo Radio']",Castelvecchio,strategy_nearest,False,0.002447843551635742,success
04E9B33A9C4C80,3,"['Torre Lamberti', 'Duomo']",Teatro Romano,"['Santa Anastasia', 'AMO', 'Palazzo della Ragione', 'Museo Conte', 'Centro Fotografia']",Arena,strategy_nearest,False,0.002621173858642578,success
04E9AF4A9C4C80,3,"['Arena', 'Museo Lapidario', 'Castelvecchio']",Casa Giulietta,"['Centro Fotografia', 'Sighseeing', 'Torre Lamberti', 'Museo Conte', 'Museo Radio']",Santa Anastasia,strategy_nearest,False,0.0037572383880615234,success
04E9B64A9C4C80,2,['Castelvecchio'],Teatro Romano,"['Santa Anastasia', 'Duomo', 'AMO', 'Palazzo della Ragione', 'Museo Conte']",Duomo,strategy_nearest,True,0.0024871826171875,success
04E9B43A9C4C80,3,['Arena'],Santa Anastasia,"['AMO', 'Museo Conte', 'Palazzo della Ragione', 'Teatro Romano', 'Centro Fotografia']",Castelvecchio,strategy_nearest,False,0.0034990310668945312,success
04E9B7429C4C80,3,"['Casa Giulietta', 'Arena']",Torre Lamberti,"['Sighseeing', 'Centro Fotografia', 'Museo Conte', 'Palazzo della Ragione', 'AMO']",Santa Anastasia,strategy_nearest,False,0.002485990524291992,success
04E9B84A9C4C80,3,['Arena'],Castelvecchio,"['Museo Lapidario', 'Verona Tour', 'Museo Radio', 'San Zeno', 'Sighseeing']",Santa Anastasia,strategy_nearest,False,0.0020689964294433594,success
04E9BC3A9C4C80,3,['Arena'],Casa Giulietta,"['Centro Fotografia', 'Sighseeing', 'Torre Lamberti', 'Museo Conte', 'Museo Radio']",Santa Anastasia,strategy_nearest,False,0.0033740997314453125,success
04E9B74A9C4C80,1,['Arena'],Casa Giulietta,"['Centro Fotografia', 'Sighseeing', 'Torre Lamberti', 'Museo Conte', 'Museo Radio']",Palazzo della Ragione,strategy_nearest,False,0.0029408931732177734,success
04E9BA4A9C4C80,3,"['Torre Lamberti', 'Santa Anastasia']",Duomo,"['AMO', 'Museo Miniscalchi', 'Teatro Romano', 'Palazzo della Ragione', 'Museo Conte']",Casa Giulietta,strategy_nearest,False,0.002869129180908203,success
04E9BC4A9C4C80,0,['Arena'],Casa Giulietta,"['Centro Fotografia', 'Sighseeing', 'Torre Lamberti', 'Museo Conte', 'Museo Radio']",Torre Lamberti,strategy_nearest,True,0.0023398399353027344,success
04E9BD3A9C4C80,0,['Arena'],Casa Giulietta,"['Centro Fotografia', 'Sighseeing', 'Torre Lamberti', 'Museo Conte', 'Museo Radio']",Teatro Romano,strategy_nearest,False,0.0020439624786376953,success
04E9BF4A9C4C80,1,"['Arena', 'Casa Giulietta', 'Torre Lamberti', 'Palazzo della Ragione']",Santa Anastasia,"['AMO', 'Museo Conte', 'Teatro Romano', 'Centro Fotografia', 'Duomo']",Duomo,strategy_nearest,True,0.0035440921783447266,success
04E9C44A9C4C80,3,"['Arena', 'Torre Lamberti']",Casa Giulietta,"['Centro Fotografia', 'Sighseeing', 'Museo Conte', 'Museo Radio', 'Palazzo della Ragione']",Santa Anastasia,strategy_nearest,False,0.0025479793548583984,success
04E9C54A9C4C80,0,"['Arena', 'Museo Lapidario']",Torre Lamberti,"['Sighseeing', 'Centro Fotografia', 'Museo Conte', 'Casa Giulietta', 'Palazzo della Ragione']",Casa Giulietta,strategy_nearest,True,0.0022993087768554688,success
04E9D04A9C4C80,3,['Arena'],Santa Anastasia,"['AMO', 'Museo Conte', 'Palazzo della Ragione', 'Teatro Romano', 'Centro Fotografia']",Teatro Romano,strategy_nearest,True,0.0036940574645996094,success
04E9D23A9C4C80,0,['Arena'],Castelvecchio,"['Museo Lapidario', 'Verona Tour', 'Museo Radio', 'San Zeno', 'Sighseeing']",Casa Giulietta,strategy_nearest,False,0.002090930938720703,success
04E9E63A9C4C80,0,"['Torre Lamberti', 'Casa Giulietta']",Arena,"['Verona Tour', 'Museo Lapidario', 'Museo Radio', 'San Fermo', 'Sighseeing']",Tomba Giulietta,strategy_nearest,False,0.0030579566955566406,success
04E9D83A9C4C80,1,['Arena'],Casa Giulietta,"['Centro Fotografia', 'Sighseeing', 'Torre Lamberti', 'Museo Conte', 'Museo Radio']",Santa Anastasia,strategy_nearest,False,0.001953125,success
04E9FB4A9C4C80,0,['Casa Giulietta'],Arena,"['Verona Tour', 'Museo Lapidario', 'Museo Radio', 'San Fermo', 'Sighseeing']",Castelvecchio,strategy_nearest,False,0.0033140182495117188,success
04E9EA4A9C4C80,3,"['Arena', 'Casa Giulietta']",Tomba Giulietta,"['San Fermo', 'Museo Storia', 'Museo Lapidario', 'Museo Radio', 'Verona Tour']",San Fermo,strategy_nearest,True,0.0034630298614501953,success
04E9EE4A9C4C80,0,"['Arena', 'Casa Giulietta']",Castelvecchio,"['Museo Lapidario', 'Verona Tour', 'Museo Radio', 'San Zeno', 'Sighseeing']",Duomo,strategy_nearest,False,0.0022132396697998047,success
04E9E9429C4C80,3,"['Teatro Romano', 'Duomo']",Arena,"['Verona Tour', 'Museo Lapidario', 'Museo Radio', 'San Fermo', 'Casa Giulietta']",Castelvecchio,strategy_nearest,False,0.0022919178009033203,success
04EA0E4A9C4C84,1,"['Castelvecchio', 'Arena', 'Casa Giulietta']",Torre Lamberti,"['Sighseeing', 'Centro Fotografia', 'Museo Conte', 'Palazzo della Ragione', 'AMO']",Palazzo della Ragione,strategy_nearest,True,0.001638174057006836,success
04EA0C429C4C84,1,['Arena'],Torre Lamberti,"['Sighseeing', 'Centro Fotografia', 'Museo Conte', 'Casa Giulietta', 'Palazzo della Ragione']",Palazzo della Ragione,strategy_nearest,True,0.0029740333557128906,success
04EA0F4A9C4C84,0,['Arena'],Casa Giulietta,"['Centro Fotografia', 'Sighseeing', 'Torre Lamberti', 'Museo Conte', 'Museo Radio']",Santa Anastasia,strategy_nearest,False,0.0021131038665771484,success
04EA044A9C4C84,1,['Arena'],Palazzo della Ragione,"['AMO', 'Museo Conte', 'Torre Lamberti', 'Centro Fotografia', 'Sighseeing']",Castelvecchio,strategy_nearest,False,0.0036249160766601562,success
04EA11429C4C84,3,"['Arena', 'Museo Lapidario', 'Castelvecchio']",Torre Lamberti,"['Sighseeing', 'Centro Fotografia', 'Museo Conte', 'Casa Giulietta', 'Palazzo della Ragione']",Teatro Romano,strategy_nearest,False,0.002373218536376953,success
04EA104A9C4C84,0,['Arena'],Casa Giulietta,"['Centro Fotografia', 'Sighseeing', 'Torre Lamberti', 'Museo Conte', 'Museo Radio']",Torre Lamberti,strategy_nearest,True,0.001959085464477539,success
04EA1A429C4C84,0,['Arena'],Casa Giulietta,"['Centro Fotografia', 'Sighseeing', 'Torre Lamberti', 'Museo Conte', 'Museo Radio']",Torre Lamberti,strategy_nearest,True,0.0032739639282226562,success
04EA1A4A9C4C80,1,"['Casa Giulietta', 'Arena', 'Castelvecchio', 'San Zeno']",Torre Lamberti,"['Sighseeing', 'Centro Fotografia', 'Museo Conte', 'Palazzo della Ragione', 'AMO']",Palazzo della Ragione,strategy_nearest,True,0.0031731128692626953,success
04EA293A9C4C80,4,"['Castelvecchio', 'Casa Giulietta', 'Santa Anastasia', 'Duomo', 'Teatro Romano']",San Zeno,"['Verona Tour', 'Museo Lapidario', 'Arena', 'Museo Miniscalchi', 'Sighseeing']",Palazzo della Ragione,strategy_nearest,False,0.0034019947052001953,success
04EA20429C4C80,0,['Arena'],Casa Giulietta,"['Centro Fotografia', 'Sighseeing', 'Torre Lamberti', 'Museo Conte', 'Museo Radio']",Torre Lamberti,strategy_nearest,True,0.0023620128631591797,success
04EA32429C4C80,3,"['Casa Giulietta', 'Santa Anastasia']",Duomo,"['AMO', 'Museo Miniscalchi', 'Teatro Romano', 'Palazzo della Ragione', 'Museo Conte']",Arena,strategy_nearest,False,0.0018470287322998047,success
04EA2D3A9C4C80,0,['Torre Lamberti'],Arena,"['Verona Tour', 'Museo Lapidario', 'Museo Radio', 'San Fermo', 'Casa Giulietta']",Tomba Giulietta,strategy_nearest,False,0.0031371116638183594,success
04EA403A9C4C80,0,['Castelvecchio'],Casa Giulietta,"['Centro Fotografia', 'Sighseeing', 'Torre Lamberti', 'Museo Conte', 'Museo Radio']",Torre Lamberti,strategy_nearest,True,0.0019469261169433594,success
04EA3B4A9C4C80,1,"['Arena', 'Casa Giulietta', 'Torre Lamberti', 'Palazzo della Ragione']",San Zeno,"['Castelvecchio', 'Verona Tour', 'Museo Lapidario', 'Museo Miniscalchi', 'Sighseeing']",Castelvecchio,strategy_nearest,True,0.0020668506622314453,success
04EA3F429C4C80,3,"['San Zeno', 'Castelvecchio', 'Tomba Giulietta']",Arena,"['Verona Tour', 'Museo Lapidario', 'Museo Radio', 'San Fermo', 'Casa Giulietta']",Teatro Romano,strategy_nearest,False,0.002836942672729492,success
04EA46429C4C80,0,"['Torre Lamberti', 'Duomo']",Casa Giulietta,"['Centro Fotografia', 'Sighseeing', 'Museo Conte', 'Museo Radio', 'Palazzo della Ragione']",Arena,strategy_nearest,False,0.003301858901977539,success
04EA4E4A9C4C80,3,['Arena'],Casa Giulietta,"['Centro Fotografia', 'Sighseeing', 'Torre Lamberti', 'Museo Conte', 'Museo Radio']",Santa Anastasia,strategy_nearest,False,0.0034329891204833984,success
04EA534A9C4C80,3,"['Arena', 'Casa Giulietta']",Santa Anastasia,"['AMO', 'Museo Conte', 'Palazzo della Ragione', 'Teatro Romano', 'Centro Fotografia']",Duomo,strategy_nearest,False,0.0011799335479736328,success
04EA573A9C4C80,2,['Casa Giulietta'],Palazzo della Ragione,"['AMO', 'Museo Conte', 'Torre Lamberti', 'Centro Fotografia', 'Sighseeing']",Duomo,strategy_nearest,False,0.0026960372924804688,success
04EA574A9C4C80,3,"['Arena', 'San Fermo']",Casa Giulietta,"['Centro Fotografia', 'Sighseeing', 'Torre Lamberti', 'Museo Conte', 'Museo Radio']",Torre Lamberti,strategy_nearest,True,0.00339508056640625,success
04EA603A9C4C80,3,"['Casa Giulietta', 'Arena']",Castelvecchio,"['Museo Lapidario', 'Verona Tour', 'Museo Radio', 'San Zeno', 'Sighseeing']",Torre Lamberti,strategy_nearest,False,0.0016341209411621094,success
04EA673A9C4C80,0,"['Arena', 'Museo Lapidario']",Castelvecchio,"['Verona Tour', 'Museo Radio', 'San Zeno', 'Sighseeing', 'Museo Miniscalchi']",Casa Giulietta,strategy_nearest,False,0.002610921859741211,success
04EA81429C4C80,0,['Arena'],Museo Lapidario,"['Verona Tour', 'Castelvecchio', 'Museo Radio', 'San Fermo', 'Casa Giulietta']",Castelvecchio,strategy_nearest,True,0.003239154815673828,success
04EA633A9C4C80,1,['Palazzo della Ragione'],Torre Lamberti,"['Sighseeing', 'Centro Fotografia', 'Museo Conte', 'Casa Giulietta', 'AMO']",Casa Giulietta,strategy_nearest,True,0.0035409927368164062,success
04EAAB4A9C4C80,1,"['Palazzo della Ragione', 'Santa Anastasia', 'Duomo']",Torre Lamberti,"['Sighseeing', 'Centro Fotografia', 'Museo Conte', 'Casa Giulietta', 'AMO']",Castelvecchio,strategy_nearest,False,0.002093791961669922,success
04EAA2429C4C80,0,['Casa Giulietta'],Arena,"['Verona Tour', 'Museo Lapidario', 'Museo Radio', 'San Fermo', 'Sighseeing']",Castelvecchio,strategy_nearest,False,0.003434896469116211,success
04EAAE3A9C4C80,0,['Casa Giulietta'],Arena,"['Verona Tour', 'Museo Lapidario', 'Museo Radio', 'San Fermo', 'Sighseeing']",Castelvecchio,strategy_nearest,False,0.0013821125030517578,success
04EAA64A9C4C80,2,"['Casa Giulietta', 'Castelvecchio']",Torre Lamberti,"['Sighseeing', 'Centro Fotografia', 'Museo Conte', 'Palazzo della Ragione', 'AMO']",Santa Anastasia,strategy_nearest,False,0.003426074981689453,success
04EAB7429C4C80,3,"['Arena', 'Castelvecchio']",Torre Lamberti,"['Sighseeing', 'Centro Fotografia', 'Museo Conte', 'Casa Giulietta', 'Palazzo della Ragione']",Santa Anastasia,strategy_nearest,False,0.0021660327911376953,success
04EAB74A9C4C80,2,['Casa Giulietta'],Santa Anastasia,"['AMO', 'Museo Conte', 'Palazzo della Ragione', 'Teatro Romano', 'Centro Fotografia']",Duomo,strategy_nearest,False,0.0026531219482421875,success
04EAB54A9C4C80,0,['Casa Giulietta'],Arena,"['Verona Tour', 'Museo Lapidario', 'Museo Radio', 'San Fermo', 'Sighseeing']",Tomba Giulietta,strategy_nearest,False,0.004191875457763672,success
04EAB43A9C4C80,1,['Arena'],Palazzo della Ragione,"['AMO', 'Museo Conte', 'Torre Lamberti', 'Centro Fotografia', 'Sighseeing']",Torre Lamberti,strategy_nearest,True,0.002830982208251953,success
04EAB84A9C4C80,2,['Casa Giulietta'],Torre Lamberti,"['Sighseeing', 'Centro Fotografia', 'Museo Conte', 'Palazzo della Ragione', 'AMO']",Castelvecchio,strategy_nearest,False,0.0015652179718017578,success
04EAC54A9C4C80,0,"['Arena', 'Castelvecchio']",Casa Giulietta,"['Centro Fotografia', 'Sighseeing', 'Torre Lamberti', 'Museo Conte', 'Museo Radio']",Torre Lamberti,strategy_nearest,True,0.0024890899658203125,success
04EACC4A9C4C80,0,['Arena'],Casa Giulietta,"['Centro Fotografia', 'Sighseeing', 'Torre Lamberti', 'Museo Conte', 'Museo Radio']",Castelvecchio,strategy_nearest,False,0.0025527477264404297,success
04EAD83A9C4C80,0,"['Tomba Giulietta', 'Castelvecchio']",Arena,"['Verona Tour', 'Museo Lapidario', 'Museo Radio', 'San Fermo', 'Casa Giulietta']",Casa Giulietta,strategy_nearest,True,0.003068208694458008,success
04EAD33A9C4C80,1,"['Arena', 'Casa Giulietta', 'Torre Lamberti']",Palazzo della Ragione,"['AMO', 'Museo Conte', 'Centro Fotografia', 'Sighseeing', 'Santa Anastasia']",Santa Anastasia,strategy_nearest,True,0.0025479793548583984,success
04EAE0429C4C80,3,"['Castelvecchio', 'Arena', 'Giardino Giusti']",Teatro Romano,"['Santa Anastasia', 'Duomo', 'AMO', 'Palazzo della Ragione', 'Museo Conte']",Duomo,strategy_nearest,True,0.002168893814086914,success
04EAEB3A9C4C80,1,['Arena'],Casa Giulietta,"['Centro Fotografia', 'Sighseeing', 'Torre Lamberti', 'Museo Conte', 'Museo Radio']",Torre Lamberti,strategy_nearest,True,0.002644062042236328,success
04EAEC3A9C4C80,3,"['Arena', 'Casa Giulietta']",Castelvecchio,"['Museo Lapidario', 'Verona Tour', 'Museo Radio', 'San Zeno', 'Sighseeing']",Teatro Romano,strategy_nearest,False,0.0020198822021484375,success
04EAE9429C4C80,3,"['Castelvecchio', 'Casa Giulietta', 'San Fermo']",Duomo,"['AMO', 'Museo Miniscalchi', 'Santa Anastasia', 'Teatro Romano', 'Palazzo della Ragione']",Santa Anastasia,strategy_nearest,True,0.003991842269897461,success
04EAF03A9C4C80,1,['Castelvecchio'],Arena,"['Verona Tour', 'Museo Lapidario', 'Museo Radio', 'San Fermo', 'Casa Giulietta']",Torre Lamberti,strategy_nearest,False,0.003297090530395508,success
04EAF13A9C4C80,3,['Castelvecchio'],Arena,"['Verona Tour', 'Museo Lapidario', 'Museo Radio', 'San Fermo', 'Casa Giulietta']",Torre Lamberti,strategy_nearest,False,0.0017669200897216797,success
04EAFB4A9C4C80,0,['Arena'],Castelvecchio,"['Museo Lapidario', 'Verona Tour', 'Museo Radio', 'San Zeno', 'Sighseeing']",Teatro Romano,strategy_nearest,False,0.003570079803466797,success
04EAF23A9C4C80,0,['Arena'],Casa Giulietta,"['Centro Fotografia', 'Sighseeing', 'Torre Lamberti', 'Museo Conte', 'Museo Radio']",Santa Anastasia,strategy_nearest,False,0.0031049251556396484,success
04EAFE4A9C4C80,0,['Arena'],Castelvecchio,"['Museo Lapidario', 'Verona Tour', 'Museo Radio', 'San Zeno', 'Sighseeing']",Tomba Giulietta,strategy_nearest,False,0.00243377685546875,success
04EB074A9C4C84,0,['Arena'],Castelvecchio,"['Museo Lapidario', 'Verona Tour', 'Museo Radio', 'San Zeno', 'Sighseeing']",Casa Giulietta,strategy_nearest,False,0.0019459724426269531,success
04EB004A9C4C84,3,['Arena'],Santa Anastasia,"['AMO', 'Museo Conte', 'Palazzo della Ragione', 'Teatro Romano', 'Centro Fotografia']",Duomo,strategy_nearest,False,0.0035839080810546875,success
04EB024A9C4C84,2,['Casa Giulietta'],Teatro Romano,"['Santa Anastasia', 'Duomo', 'AMO', 'Palazzo della Ragione', 'Museo Conte']",Duomo,strategy_nearest,True,0.002875089645385742,success
04EB0A4A9C4C84,0,['Arena'],Torre Lamberti,"['Sighseeing', 'Centro Fotografia', 'Museo Conte', 'Casa Giulietta', 'Palazzo della Ragione']",Duomo,strategy_nearest,False,0.003103017807006836,success
04EB0E4A9C4C84,0,['Arena'],Casa Giulietta,"['Centro Fotografia', 'Sighseeing', 'Torre Lamberti', 'Museo Conte', 'Museo Radio']",Santa Anastasia,strategy_nearest,False,0.0018849372863769531,success
04EB12429C4C84,1,"['Arena', 'Teatro Romano']",Casa Giulietta,"['Centro Fotografia', 'Sighseeing', 'Torre Lamberti', 'Museo Conte', 'Museo Radio']",Castelvecchio,strategy_nearest,False,0.002843141555786133,success
04EB1A4A9C4C80,3,"['Casa Giulietta', 'Arena', 'Tomba Giulietta']",San Fermo,"['Museo Storia', 'Museo Radio', 'Centro Fotografia', 'Sighseeing', 'Torre Lamberti']",Torre Lamberti,strategy_nearest,True,0.003551959991455078,success
04EB293A9C4C80,1,"['Casa Giulietta', 'Palazzo della Ragione']",Santa Anastasia,"['AMO', 'Museo Conte', 'Teatro Romano', 'Centro Fotografia', 'Duomo']",Duomo,strategy_nearest,True,0.0022668838500976562,success
04EB2A429C4C80,1,"['San Zeno', 'Santa Anastasia', 'Duomo', 'Torre Lamberti']",Palazzo della Ragione,"['AMO', 'Museo Conte', 'Centro Fotografia', 'Sighseeing', 'Museo Miniscalchi']",Arena,strategy_nearest,False,0.00325775146484375,success
04EB37429C4C80,1,"['Arena', 'Museo Lapidario', 'Castelvecchio', 'San Zeno']",Duomo,"['AMO', 'Museo Miniscalchi', 'Santa Anastasia', 'Teatro Romano', 'Palazzo della Ragione']",Santa Anastasia,strategy_nearest,True,0.002541780471801758,success
04EB43429C4C80,1,"['Arena', 'Casa Giulietta', 'Torre Lamberti']",Palazzo della Ragione,"['AMO', 'Museo Conte', 'Centro Fotografia', 'Sighseeing', 'Santa Anastasia']",Duomo,strategy_nearest,False,0.002536773681640625,success
04EB3F429C4C80,3,"['Arena', 'Museo Lapidario']",Castelvecchio,"['Verona Tour', 'Museo Radio', 'San Zeno', 'Sighseeing', 'Museo Miniscalchi']",Santa Anastasia,strategy_nearest,False,0.0032498836517333984,success
04EB5A3A9C4C80,0,['Torre Lamberti'],Casa Giulietta,"['Centro Fotografia', 'Sighseeing', 'Museo Conte', 'Museo Radio', 'Palazzo della Ragione']",San Fermo,strategy_nearest,False,0.0019578933715820312,success
04EB523A9C4C80,0,['Santa Anastasia'],Casa Giulietta,"['Centro Fotografia', 'Sighseeing', 'Torre Lamberti', 'Museo Conte', 'Museo Radio']",Arena,strategy_nearest,False,0.004086971282958984,success
04EB4E3A9C4C80,3,"['Castelvecchio', 'Arena', 'Tomba Giulietta', 'Casa Giulietta']",Torre Lamberti,"['Sighseeing', 'Centro Fotografia', 'Museo Conte', 'Palazzo della Ragione', 'AMO']",Giardino Giusti,strategy_nearest,False,0.002913951873779297,success
04EB6F429C4C80,0,['Casa Giulietta'],Torre Lamberti,"['Sighseeing', 'Centro Fotografia', 'Museo Conte', 'Palazzo della Ragione', 'AMO']",Arena,strategy_nearest,False,0.0032372474670410156,success
04EB7B3A9C4C80,2,['Casa Giulietta'],Santa Anastasia,"['AMO', 'Museo Conte', 'Palazzo della Ragione', 'Teatro Romano', 'Centro Fotografia']",Teatro Romano,strategy_nearest,True,0.0033490657806396484,success
04EB70429C4C80,3,['Arena'],Casa Giulietta,"['Centro Fotografia', 'Sighseeing', 'Torre Lamberti', 'Museo Conte', 'Museo Radio']",Santa Anastasia,strategy_nearest,False,0.0021970272064208984,success
04EB7C4A9C4C80,0,"['San Zeno', 'Casa Giulietta']",Torre Lamberti,"['Sighseeing', 'Centro Fotografia', 'Museo Conte', 'Palazzo della Ragione', 'AMO']",Castelvecchio,strategy_nearest,False,0.002482891082763672,success
04EB9A4A9C4C80,0,['Arena'],Casa Giulietta,"['Centro Fotografia', 'Sighseeing', 'Torre Lamberti', 'Museo Conte', 'Museo Radio']",Castelvecchio,strategy_nearest,False,0.0015590190887451172,success
04EB9A429C4C80,1,"['Casa Giulietta', 'Torre Lamberti']",Palazzo della Ragione,"['AMO', 'Museo Conte', 'Centro Fotografia', 'Sighseeing', 'Santa Anastasia']",Arena,strategy_nearest,False,0.0028679370880126953,success
04EB934A9C4C80,3,"['Museo Lapidario', 'Arena', 'Castelvecchio']",Santa Anastasia,"['AMO', 'Museo Conte', 'Palazzo della Ragione', 'Teatro Romano', 'Centro Fotografia']",Duomo,strategy_nearest,False,0.0022840499877929688,success
04EB9D429C4C80,3,"['Arena', 'Casa Giulietta']",Torre Lamberti,"['Sighseeing', 'Centro Fotografia', 'Museo Conte', 'Palazzo della Ragione', 'AMO']",Santa Anastasia,strategy_nearest,False,0.0032520294189453125,success
04EBA24A9C4C80,1,"['Teatro Romano', 'Santa Anastasia', 'Arena']",Castelvecchio,"['Museo Lapidario', 'Verona Tour', 'Museo Radio', 'San Zeno', 'Sighseeing']",Casa Giulietta,strategy_nearest,False,0.002244234085083008,success
04EB9E4A9C4C80,3,"['Arena', 'Casa Giulietta']",Torre Lamberti,"['Sighseeing', 'Centro Fotografia', 'Museo Conte', 'Palazzo della Ragione', 'AMO']",Duomo,strategy_nearest,False,0.0028641223907470703,success
04EBA44A9C4C80,3,['Teatro Romano'],Arena,"['Verona Tour', 'Museo Lapidario', 'Museo Radio', 'San Fermo', 'Casa Giulietta']",Torre Lamberti,strategy_nearest,False,0.0016131401062011719,success
04EBA83A9C4C80,0,['San Zeno'],Torre Lamberti,"['Sighseeing', 'Centro Fotografia', 'Museo Conte', 'Casa Giulietta', 'Palazzo della Ragione']",Casa Giulietta,strategy_nearest,True,0.0033349990844726562,success
04EBAC4A9C4C80,0,['Arena'],Casa Giulietta,"['Centro Fotografia', 'Sighseeing', 'Torre Lamberti', 'Museo Conte', 'Museo Radio']",Torre Lamberti,strategy_nearest,True,0.002804994583129883,success
04EBBA4A9C4C80,0,['Arena'],Casa Giulietta,"['Centro Fotografia', 'Sighseeing', 'Torre Lamberti', 'Museo Conte', 'Museo Radio']",Torre Lamberti,strategy_nearest,True,0.0026786327362060547,success
04EBBC4A9C4C80,3,"['Arena', 'Museo Lapidario']",Duomo,"['AMO', 'Museo Miniscalchi', 'Santa Anastasia', 'Teatro Romano', 'Palazzo della Ragione']",Santa Anastasia,strategy_nearest,True,0.001361846923828125,success
04EBB54A9C4C80,0,['Tomba Giulietta'],Casa Giulietta,"['Centro Fotografia', 'Sighseeing', 'Torre Lamberti', 'Museo Conte', 'Museo Radio']",Arena,strategy_nearest,False,0.004007101058959961,success
04EBCB3A9C4C80,3,"['Casa Giulietta', 'Santa Anastasia']",Duomo,"['AMO', 'Museo Miniscalchi', 'Teatro Romano', 'Palazzo della Ragione', 'Museo Conte']",Torre Lamberti,strategy_nearest,False,0.003030061721801758,success
04EBD83A9C4C80,3,"['Tomba Giulietta', 'San Fermo', 'Torre Lamberti']",Arena,"['Verona Tour', 'Museo Lapidario', 'Museo Radio', 'Casa Giulietta', 'Sighseeing']",Castelvecchio,strategy_nearest,False,0.0033609867095947266,success
04EBCD4A9C4C80,2,['Museo Lapidario'],Museo Lapidario,"['Verona Tour', 'Arena', 'Castelvecchio', 'Museo Radio', 'San Fermo']",Santa Anastasia,strategy_nearest,False,0.002068042755126953,success
04EBDB429C4C80,4,"['Arena', 'Museo Lapidario', 'Castelvecchio', 'Duomo', 'Santa Anastasia']",Torre Lamberti,"['Sighseeing', 'Centro Fotografia', 'Museo Conte', 'Casa Giulietta', 'Palazzo della Ragione']",Casa Giulietta,strategy_nearest,True,0.003698110580444336,success
04EBF9429C4C80,0,['Arena'],Torre Lamberti,"['Sighseeing', 'Centro Fotografia', 'Museo Conte', 'Casa Giulietta', 'Palazzo della Ragione']",Casa Giulietta,strategy_nearest,True,0.0022079944610595703,success
04EBF14A9C4C80,1,['Arena'],Casa Giulietta,"['Centro Fotografia', 'Sighseeing', 'Torre Lamberti', 'Museo Conte', 'Museo Radio']",Torre Lamberti,strategy_nearest,True,0.0014870166778564453,success
04EBFF4A9C4C80,0,"['Arena', 'San Fermo']",Casa Giulietta,"['Centro Fotografia', 'Sighseeing', 'Torre Lamberti', 'Museo Conte', 'Museo Radio']",Tomba Giulietta,strategy_nearest,False,0.0027017593383789062,success
04EBEF4A9C4C80,0,['Arena'],Castelvecchio,"['Museo Lapidario', 'Verona Tour', 'Museo Radio', 'San Zeno', 'Sighseeing']",Casa Giulietta,strategy_nearest,False,0.0037202835083007812,success
04EC0A429C4C84,0,['Arena'],Casa Giulietta,"['Centro Fotografia', 'Sighseeing', 'Torre Lamberti', 'Museo Conte', 'Museo Radio']",Torre Lamberti,strategy_nearest,True,0.002201080322265625,success
04EC024A9C4C84,0,['Arena'],Castelvecchio,"['Museo Lapidario', 'Verona Tour', 'Museo Radio', 'San Zeno', 'Sighseeing']",Casa Giulietta,strategy_nearest,False,0.0036611557006835938,success
04EC044A9C4C84,0,['Castelvecchio'],Arena,"['Verona Tour', 'Museo Lapidario', 'Museo Radio', 'San Fermo', 'Casa Giulietta']",Casa Giulietta,strategy_nearest,True,0.0023658275604248047,success
04EC074A9C4C84,2,['Casa Giulietta'],Torre Lamberti,"['Sighseeing', 'Centro Fotografia', 'Museo Conte', 'Palazzo della Ragione', 'AMO']",Palazzo della Ragione,strategy_nearest,True,0.0036110877990722656,success
04EC0C4A9C4C84,0,"['Arena', 'Casa Giulietta']",Torre Lamberti,"['Sighseeing', 'Centro Fotografia', 'Museo Conte', 'Palazzo della Ragione', 'AMO']",Tomba Giulietta,strategy_nearest,False,0.002892017364501953,success
04EC0A4A9C4C84,3,"['Arena', 'Casa Giulietta']",Torre Lamberti,"['Sighseeing', 'Centro Fotografia', 'Museo Conte', 'Palazzo della Ragione', 'AMO']",San Fermo,strategy_nearest,False,0.0029420852661132812,success
04EC0B4A9C4C84,1,"['Arena', 'Casa Giulietta']",Torre Lamberti,"['Sighseeing', 'Centro Fotografia', 'Museo Conte', 'Palazzo della Ragione', 'AMO']",Palazzo della Ragione,strategy_nearest,True,0.002317190170288086,success
04EC0D429C4C84,0,"['Torre Lamberti', 'Castelvecchio']",Arena,"['Verona Tour', 'Museo Lapidario', 'Museo Radio', 'San Fermo', 'Casa Giulietta']",Casa Giulietta,strategy_nearest,True,0.003453969955444336,success
04EC204A9C4C80,4,"['Arena', 'Casa Giulietta']",Torre Lamberti,"['Sighseeing', 'Centro Fotografia', 'Museo Conte', 'Palazzo della Ragione', 'AMO']",Duomo,strategy_nearest,False,0.002640962600708008,success
04EC0E4A9C4C84,1,"['Santa Anastasia', 'Duomo', 'Torre Lamberti']",Palazzo della Ragione,"['AMO', 'Museo Conte', 'Centro Fotografia', 'Sighseeing', 'Museo Miniscalchi']",Casa Giulietta,strategy_nearest,False,0.003386259078979492,success
04EC2E3A9C4C80,1,"['Arena', 'Casa Giulietta']",Palazzo della Ragione,"['AMO', 'Museo Conte', 'Torre Lamberti', 'Centro Fotografia', 'Sighseeing']",Torre Lamberti,strategy_nearest,True,0.0013020038604736328,success
04EC44429C4C80,1,"['Arena', 'Tomba Giulietta']",Castelvecchio,"['Museo Lapidario', 'Verona Tour', 'Museo Radio', 'San Zeno', 'Sighseeing']",Teatro Romano,strategy_nearest,False,0.0036308765411376953,success
04EC494A9C4C80,3,"['Arena', 'Museo Lapidario', 'Torre Lamberti']",Casa Giulietta,"['Centro Fotografia', 'Sighseeing', 'Museo Conte', 'Museo Radio', 'Palazzo della Ragione']",Santa Anastasia,strategy_nearest,False,0.001967906951904297,success
04EC46429C4C80,1,"['Arena', 'Museo Lapidario']",Castelvecchio,"['Verona Tour', 'Museo Radio', 'San Zeno', 'Sighseeing', 'Museo Miniscalchi']",Palazzo della Ragione,strategy_nearest,False,0.0029108524322509766,success
04EC4F3A9C4C80,3,['Santa Anastasia'],Casa Giulietta,"['Centro Fotografia', 'Sighseeing', 'Torre Lamberti', 'Museo Conte', 'Museo Radio']",San Fermo,strategy_nearest,False,0.0036542415618896484,success
04EC524A9C4C80,0,['Arena'],Castelvecchio,"['Museo Lapidario', 'Verona Tour', 'Museo Radio', 'San Zeno', 'Sighseeing']",Casa Giulietta,strategy_nearest,False,0.002732992172241211,success
04EC7B4A9C4C80,1,"['Arena', 'Casa Giulietta']",Palazzo della Ragione,"['AMO', 'Museo Conte', 'Torre Lamberti', 'Centro Fotografia', 'Sighseeing']",Torre Lamberti,strategy_nearest,True,0.0030999183654785156,success
04EC7E3A9C4C80,1,"['Duomo', 'Torre Lamberti']",Palazzo della Ragione,"['AMO', 'Museo Conte', 'Centro Fotografia', 'Sighseeing', 'Santa Anastasia']",Casa Giulietta,strategy_nearest,False,0.003110170364379883,success
04EC873A9C4C80,2,"['San Fermo', 'Duomo']",Torre Lamberti,"['Sighseeing', 'Centro Fotografia', 'Museo Conte', 'Casa Giulietta', 'Palazzo della Ragione']",Palazzo della Ragione,strategy_nearest,True,0.001989126205444336,success
04EC7E4A9C4C80,3,"['Castelvecchio', 'Arena']",Casa Giulietta,"['Centro Fotografia', 'Sighseeing', 'Torre Lamberti', 'Museo Conte', 'Museo Radio']",Torre Lamberti,strategy_nearest,True,0.002748250961303711,success
04EC823A9C4C80,3,['Castelvecchio'],Torre Lamberti,"['Sighseeing', 'Centro Fotografia', 'Museo Conte', 'Casa Giulietta', 'Palazzo della Ragione']",Santa Anastasia,strategy_nearest,False,0.003319978713989258,success
04EC8F429C4C80,1,"['Arena', 'Casa Giulietta']",Tomba Giulietta,"['San Fermo', 'Museo Storia', 'Museo Lapidario', 'Museo Radio', 'Verona Tour']",Torre Lamberti,strategy_nearest,False,0.0033931732177734375,success
04EC9C429C4C80,0,['Casa Giulietta'],Arena,"['Verona Tour', 'Museo Lapidario', 'Museo Radio', 'San Fermo', 'Sighseeing']",Castelvecchio,strategy_nearest,False,0.001783132553100586,success
04EC9A429C4C80,3,"['Torre Lamberti', 'Santa Anastasia']",Duomo,"['AMO', 'Museo Miniscalchi', 'Teatro Romano', 'Palazzo della Ragione', 'Museo Conte']",Teatro Romano,strategy_nearest,True,0.0024518966674804688,success
04ECA73A9C4C80,3,"['Santa Anastasia', 'Duomo']",Casa Giulietta,"['Centro Fotografia', 'Sighseeing', 'Torre Lamberti', 'Museo Conte', 'Museo Radio']",Arena,strategy_nearest,False,0.0032150745391845703,success
04ECAD3A9C4C80,2,"['Torre Lamberti', 'Santa Anastasia', 'Teatro Romano']",Duomo,"['AMO', 'Museo Miniscalchi', 'Palazzo della Ragione', 'Museo Conte', 'Centro Fotografia']",Castelvecchio,strategy_nearest,False,0.0023429393768310547,success
04ECB34A9C4C80,0,['Casa Giulietta'],Arena,"['Verona Tour', 'Museo Lapidario', 'Museo Radio', 'San Fermo', 'Sighseeing']",Torre Lamberti,strategy_nearest,False,0.0030956268310546875,success
04ECAE3A9C4C80,0,['Castelvecchio'],Casa Giulietta,"['Centro Fotografia', 'Sighseeing', 'Torre Lamberti', 'Museo Conte', 'Museo Radio']",Arena,strategy_nearest,False,0.0030088424682617188,success
04ECAE4A9C4C80,3,"['Arena', 'Casa Giulietta']",Santa Anastasia,"['AMO', 'Museo Conte', 'Palazzo della Ragione', 'Teatro Romano', 'Centro Fotografia']",Duomo,strategy_nearest,False,0.0026717185974121094,success
04ECB44A9C4C80,0,['Arena'],Casa Giulietta,"['Centro Fotografia', 'Sighseeing', 'Torre Lamberti', 'Museo Conte', 'Museo Radio']",Torre Lamberti,strategy_nearest,True,0.003364086151123047,success
04ECB53A9C4C80,0,['Casa Giulietta'],Tomba Giulietta,"['San Fermo', 'Museo Storia', 'Arena', 'Museo Lapidario', 'Museo Radio']",Arena,strategy_nearest,True,0.0028002262115478516,success
04ECB54A9C4C80,2,['Palazzo della Ragione'],Torre Lamberti,"['Sighseeing', 'Centro Fotografia', 'Museo Conte', 'Casa Giulietta', 'AMO']",Santa Anastasia,strategy_nearest,False,0.002126932144165039,success
04ECB83A9C4C80,0,"['Arena', 'Museo Storia']",San Fermo,"['Museo Radio', 'Casa Giulietta', 'Centro Fotografia', 'Sighseeing', 'Torre Lamberti']",Tomba Giulietta,strategy_nearest,False,0.0035791397094726562,success
04ECBC4A9C4C80,3,"['Arena', 'Casa Giulietta', 'Torre Lamberti']",Santa Anastasia,"['AMO', 'Museo Conte', 'Palazzo della Ragione', 'Teatro Romano', 'Centro Fotografia']",Duomo,strategy_nearest,False,0.0016551017761230469,success
04ECC64A9C4C80,3,"['Arena', 'Castelvecchio']",Torre Lamberti,"['Sighseeing', 'Centro Fotografia', 'Museo Conte', 'Casa Giulietta', 'Palazzo della Ragione']",Casa Giulietta,strategy_nearest,True,0.00308990478515625,success
04ECD0429C4C80,1,"['Arena', 'Casa Giulietta']",Torre Lamberti,"['Sighseeing', 'Centro Fotografia', 'Museo Conte', 'Palazzo della Ragione', 'AMO']",Palazzo della Ragione,strategy_nearest,True,0.0026907920837402344,success
04ECC84A9C4C80,3,"['Arena', 'Casa Giulietta']",Santa Anastasia,"['AMO', 'Museo Conte', 'Palazzo della Ragione', 'Teatro Romano', 'Centro Fotografia']",Duomo,strategy_nearest,False,0.0032660961151123047,success
04ECDC429C4C80,3,"['Arena', 'Casa Giulietta', 'Santa Anastasia']",Teatro Romano,"['Duomo', 'AMO', 'Palazzo della Ragione', 'Museo Conte', 'Centro Fotografia']",Castelvecchio,strategy_nearest,False,0.0032799243927001953,success
04ECEF4A9C4C80,0,['Arena'],Casa Giulietta,"['Centro Fotografia', 'Sighseeing', 'Torre Lamberti', 'Museo Conte', 'Museo Radio']",Castelvecchio,strategy_nearest,False,0.0022749900817871094,success
04ECF54A9C4C80,0,['Arena'],Casa Giulietta,"['Centro Fotografia', 'Sighseeing', 'Torre Lamberti', 'Museo Conte', 'Museo Radio']",Tomba Giulietta,strategy_nearest,False,0.0025780200958251953,success
04ECF34A9C4C80,0,['Arena'],Torre Lamberti,"['Sighseeing', 'Centro Fotografia', 'Museo Conte', 'Casa Giulietta', 'Palazzo della Ragione']",Casa Giulietta,strategy_nearest,True,0.002817869186401367,success
04ECFC4A9C4C80,3,"['Castelvecchio', 'Arena']",Casa Giulietta,"['Centro Fotografia', 'Sighseeing', 'Torre Lamberti', 'Museo Conte', 'Museo Radio']",Santa Anastasia,strategy_nearest,False,0.002630949020385742,success
04ECFF4A9C4C80,0,"['Arena', 'Casa Giulietta']",Torre Lamberti,"['Sighseeing', 'Centro Fotografia', 'Museo Conte', 'Palazzo della Ragione', 'AMO']",Duomo,strategy_nearest,False,0.0031201839447021484,success
04ED014A9C4C84,0,['Arena'],Palazzo della Ragione,"['AMO', 'Museo Conte', 'Torre Lamberti', 'Centro Fotografia', 'Sighseeing']",Casa Giulietta,strategy_nearest,False,0.0022242069244384766,success
04ED0B4A9C4C84,3,"['Museo Lapidario', 'San Zeno', 'Castelvecchio', 'Arena']",San Fermo,"['Museo Storia', 'Museo Radio', 'Casa Giulietta', 'Centro Fotografia', 'Sighseeing']",Torre Lamberti,strategy_nearest,False,0.002527952194213867,success
04ED0C4A9C4C84,0,['San Zeno'],Castelvecchio,"['Museo Lapidario', 'Verona Tour', 'Arena', 'Museo Radio', 'Sighseeing']",Arena,strategy_nearest,True,0.002523183822631836,success
04ED054A9C4C84,3,"['Arena', 'Casa Giulietta']",Torre Lamberti,"['Sighseeing', 'Centro Fotografia', 'Museo Conte', 'Palazzo della Ragione', 'AMO']",Santa Anastasia,strategy_nearest,False,0.0031931400299072266,success
04ED0E429C4C84,0,['Arena'],Casa Giulietta,"['Centro Fotografia', 'Sighseeing', 'Torre Lamberti', 'Museo Conte', 'Museo Radio']",Torre Lamberti,strategy_nearest,True,0.003068208694458008,success
04ED11429C4C84,0,['Arena'],Casa Giulietta,"['Centro Fotografia', 'Sighseeing', 'Torre Lamberti', 'Museo Conte', 'Museo Radio']",Torre Lamberti,strategy_nearest,True,0.0026061534881591797,success
04ED114A9C4C84,1,"['Arena', 'Casa Giulietta', 'Torre Lamberti']",Palazzo della Ragione,"['AMO', 'Museo Conte', 'Centro Fotografia', 'Sighseeing', 'Santa Anastasia']",Santa Anastasia,strategy_nearest,True,0.003042936325073242,success
04ED124A9C4C84,1,"['Arena', 'Casa Giulietta']",Torre Lamberti,"['Sighseeing', 'Centro Fotografia', 'Museo Conte', 'Palazzo della Ragione', 'AMO']",Palazzo della Ragione,strategy_nearest,True,0.0029430389404296875,success
04ED18429C4C84,2,"['Torre Lamberti', 'Palazzo della Ragione']",Casa Giulietta,"['Centro Fotografia', 'Sighseeing', 'Museo Conte', 'Museo Radio', 'San Fermo']",Santa Anastasia,strategy_nearest,False,0.0027017593383789062,success
04ED1D429C4C84,0,['Arena'],Casa Giulietta,"['Centro Fotografia', 'Sighseeing', 'Torre Lamberti', 'Museo Conte', 'Museo Radio']",Torre Lamberti,strategy_nearest,True,0.0033261775970458984,success
04ED31429C4C80,1,"['San Zeno', 'Santa Anastasia', 'Duomo', 'Torre Lamberti']",Palazzo della Ragione,"['AMO', 'Museo Conte', 'Centro Fotografia', 'Sighseeing', 'Museo Miniscalchi']",Arena,strategy_nearest,False,0.0018842220306396484,success
04ED2B429C4C80,2,['Casa Giulietta'],Castelvecchio,"['Museo Lapidario', 'Verona Tour', 'Arena', 'Museo Radio', 'San Zeno']",Museo Storia,strategy_nearest,False,0.003374814987182617,success
04ED423A9C4C80,3,"['Arena', 'Duomo']",Tomba Giulietta,"['San Fermo', 'Museo Storia', 'Museo Lapidario', 'Museo Radio', 'Verona Tour']",Teatro Romano,strategy_nearest,False,0.002462148666381836,success
04ED404A9C4C80,0,['Arena'],Torre Lamberti,"['Sighseeing', 'Centro Fotografia', 'Museo Conte', 'Casa Giulietta', 'Palazzo della Ragione']",Casa Giulietta,strategy_nearest,True,0.004312276840209961,success
04ED483A9C4C80,2,['Casa Giulietta'],Castelvecchio,"['Museo Lapidario', 'Verona Tour', 'Arena', 'Museo Radio', 'San Zeno']",San Zeno,strategy_nearest,True,0.002516031265258789,success
04ED4A429C4C80,3,"['Santa Anastasia', 'Casa Giulietta']",Arena,"['Verona Tour', 'Museo Lapidario', 'Museo Radio', 'San Fermo', 'Sighseeing']",Museo Lapidario,strategy_nearest,True,0.002257823944091797,success
04ED653A9C4C80,0,['Arena'],Santa Anastasia,"['AMO', 'Museo Conte', 'Palazzo della Ragione', 'Teatro Romano', 'Centro Fotografia']",Castelvecchio,strategy_nearest,False,0.0026082992553710938,success
04ED4D3A9C4C80,1,"['Castelvecchio', 'Arena']",Casa Giulietta,"['Centro Fotografia', 'Sighseeing', 'Torre Lamberti', 'Museo Conte', 'Museo Radio']",Palazzo della Ragione,strategy_nearest,False,0.0035240650177001953,success
04ED6E429C4C80,0,"['Arena', 'Tomba Giulietta']",Casa Giulietta,"['Centro Fotografia', 'Sighseeing', 'Torre Lamberti', 'Museo Conte', 'Museo Radio']",Torre Lamberti,strategy_nearest,True,0.0033898353576660156,success
04ED774A9C4C80,0,['Arena'],Torre Lamberti,"['Sighseeing', 'Centro Fotografia', 'Museo Conte', 'Casa Giulietta', 'Palazzo della Ragione']",Casa Giulietta,strategy_nearest,True,0.002964019775390625,success
04ED7A429C4C80,0,['Arena'],Casa Giulietta,"['Centro Fotografia', 'Sighseeing', 'Torre Lamberti', 'Museo Conte', 'Museo Radio']",Teatro Romano,strategy_nearest,False,0.0022580623626708984,success
04ED98429C4C80,0,['Castelvecchio'],Casa Giulietta,"['Centro Fotografia', 'Sighseeing', 'Torre Lamberti', 'Museo Conte', 'Museo Radio']",Arena,strategy_nearest,False,0.003215789794921875,success
04ED7C4A9C4C80,1,"['Casa Giulietta', 'Palazzo della Ragione']",Torre Lamberti,"['Sighseeing', 'Centro Fotografia', 'Museo Conte', 'AMO', 'Museo Miniscalchi']",Santa Anastasia,strategy_nearest,False,0.003567934036254883,success
04ED99429C4C80,3,"['Arena', 'Casa Giulietta']",Torre Lamberti,"['Sighseeing', 'Centro Fotografia', 'Museo Conte', 'Palazzo della Ragione', 'AMO']",Santa Anastasia,strategy_nearest,False,0.0032041072845458984,success
04ED7F3A9C4C80,0,['Duomo'],Arena,"['Verona Tour', 'Museo Lapidario', 'Museo Radio', 'San Fermo', 'Casa Giulietta']",Casa Giulietta,strategy_nearest,True,0.0021920204162597656,success
04EDAC4A9C4C80,1,"['Arena', 'Palazzo della Ragione']",Torre Lamberti,"['Sighseeing', 'Centro Fotografia', 'Museo Conte', 'Casa Giulietta', 'AMO']",Casa Giulietta,strategy_nearest,True,0.0026922225952148438,success
04EDB43A9C4C80,3,"['Castelvecchio', 'Arena']",Casa Giulietta,"['Centro Fotografia', 'Sighseeing', 'Torre Lamberti', 'Museo Conte', 'Museo Radio']",Torre Lamberti,strategy_nearest,True,0.0031659603118896484,success
04ED9A4A9C4C80,2,"['Torre Lamberti', 'Palazzo della Ragione']",Santa Anastasia,"['AMO', 'Museo Conte', 'Teatro Romano', 'Centro Fotografia', 'Duomo']",Duomo,strategy_nearest,True,0.002826213836669922,success
04EDAB3A9C4C80,0,['Casa Giulietta'],Torre Lamberti,"['Sighseeing', 'Centro Fotografia', 'Museo Conte', 'Palazzo della Ragione', 'AMO']",Arena,strategy_nearest,False,0.0020639896392822266,success
04EDC94A9C4C80,0,['Arena'],Casa Giulietta,"['Centro Fotografia', 'Sighseeing', 'Torre Lamberti', 'Museo Conte', 'Museo Radio']",Torre Lamberti,strategy_nearest,True,0.0027000904083251953,success
04EDC04A9C4C80,3,"['Arena', 'Museo Lapidario']",Duomo,"['AMO', 'Museo Miniscalchi', 'Santa Anastasia', 'Teatro Romano', 'Palazzo della Ragione']",Santa Anastasia,strategy_nearest,True,0.001867055892944336,success
04EDB53A9C4C80,3,"['Casa Giulietta', 'Torre Lamberti']",Arena,"['Verona Tour', 'Museo Lapidario', 'Museo Radio', 'San Fermo', 'Sighseeing']",Teatro Romano,strategy_nearest,False,0.001291036605834961,success
04EDCF4A9C4C80,3,"['Castelvecchio', 'Arena']",Casa Giulietta,"['Centro Fotografia', 'Sighseeing', 'Torre Lamberti', 'Museo Conte', 'Museo Radio']",Santa Anastasia,strategy_nearest,False,0.003448963165283203,success
04EDD23A9C4C80,1,"['Castelvecchio', 'Arena', 'Casa Giulietta']",Santa Anastasia,"['AMO', 'Museo Conte', 'Palazzo della Ragione', 'Teatro Romano', 'Centro Fotografia']",Duomo,strategy_nearest,False,0.0015988349914550781,success
04EDD24A9C4C80,0,['Arena'],Castelvecchio,"['Museo Lapidario', 'Verona Tour', 'Museo Radio', 'San Zeno', 'Sighseeing']",Casa Giulietta,strategy_nearest,False,0.002480745315551758,success
04EDEF3A9C4C80,3,"['Arena', 'Casa Giulietta']",Torre Lamberti,"['Sighseeing', 'Centro Fotografia', 'Museo Conte', 'Palazzo della Ragione', 'AMO']",Santa Anastasia,strategy_nearest,False,0.0029897689819335938,success
04EDEF4A9C4C80,1,['Arena'],Casa Giulietta,"['Centro Fotografia', 'Sighseeing', 'Torre Lamberti', 'Museo Conte', 'Museo Radio']",Torre Lamberti,strategy_nearest,True,0.003359079360961914,success
04EDF24A9C4C80,3,"['Arena', 'Castelvecchio', 'Casa Giulietta']",Torre Lamberti,"['Sighseeing', 'Centro Fotografia', 'Museo Conte', 'Palazzo della Ragione', 'AMO']",Santa Anastasia,strategy_nearest,False,0.0026519298553466797,success
04EDF34A9C4C80,0,"['Arena', 'Tomba Giulietta']",Castelvecchio,"['Museo Lapidario', 'Verona Tour', 'Museo Radio', 'San Zeno', 'Sighseeing']",Casa Giulietta,strategy_nearest,False,0.0030100345611572266,success
04EDF9429C4C80,3,"['Arena', 'Casa Giulietta', 'Tomba Giulietta']",Castelvecchio,"['Museo Lapidario', 'Verona Tour', 'Museo Radio', 'San Zeno', 'Sighseeing']",Torre Lamberti,strategy_nearest,False,0.002056121826171875,success
04EDF74A9C4C80,0,['Arena'],Casa Giulietta,"['Centro Fotografia', 'Sighseeing', 'Torre Lamberti', 'Museo Conte', 'Museo Radio']",Castelvecchio,strategy_nearest,False,0.001528024673461914,success
04EDF63A9C4C80,0,['Castelvecchio'],Arena,"['Verona Tour', 'Museo Lapidario', 'Museo Radio', 'San Fermo', 'Casa Giulietta']",Casa Giulietta,strategy_nearest,True,0.003927946090698242,success
04EDFA429C4C80,3,"['Arena', 'Casa Giulietta']",San Fermo,"['Museo Storia', 'Museo Radio', 'Centro Fotografia', 'Sighseeing', 'Torre Lamberti']",Santa Anastasia,strategy_nearest,False,0.003329038619995117,success
04EDFD429C4C80,3,"['Castelvecchio', 'Teatro Romano', 'Torre Lamberti']",Casa Giulietta,"['Centro Fotografia', 'Sighseeing', 'Museo Conte', 'Museo Radio', 'Palazzo della Ragione']",Arena,strategy_nearest,False,0.0018367767333984375,success
04EDFC4A9C4C80,3,"['Arena', 'Casa Giulietta']",Santa Anastasia,"['AMO', 'Museo Conte', 'Palazzo della Ragione', 'Teatro Romano', 'Centro Fotografia']",Teatro Romano,strategy_nearest,True,0.0026290416717529297,success
04EDFD4A9C4C80,2,"['Museo Lapidario', 'San Fermo']",Palazzo della Ragione,"['AMO', 'Museo Conte', 'Torre Lamberti', 'Centro Fotografia', 'Sighseeing']",Torre Lamberti,strategy_nearest,True,0.002778768539428711,success
04EDFE4A9C4C80,1,"['Arena', 'Casa Giulietta']",Palazzo della Ragione,"['AMO', 'Museo Conte', 'Torre Lamberti', 'Centro Fotografia', 'Sighseeing']",Torre Lamberti,strategy_nearest,True,0.002964019775390625,success
04EE094A9C4C84,3,"['Torre Lamberti', 'Santa Anastasia']",Duomo,"['AMO', 'Museo Miniscalchi', 'Teatro Romano', 'Palazzo della Ragione', 'Museo Conte']",Arena,strategy_nearest,False,0.0026769638061523438,success
04EE014A9C4C84,0,"['Castelvecchio', 'Arena']",Casa Giulietta,"['Centro Fotografia', 'Sighseeing', 'Torre Lamberti', 'Museo Conte', 'Museo Radio']",Duomo,strategy_nearest,False,0.004500865936279297,success
04EDFF3A9C4C80,1,"['Arena', 'Torre Lamberti']",Palazzo della Ragione,"['AMO', 'Museo Conte', 'Centro Fotografia', 'Sighseeing', 'Santa Anastasia']",Santa Anastasia,strategy_nearest,True,0.002794981002807617,success
04EE0B4A9C4C84,0,['Arena'],Casa Giulietta,"['Centro Fotografia', 'Sighseeing', 'Torre Lamberti', 'Museo Conte', 'Museo Radio']",Torre Lamberti,strategy_nearest,True,0.002009153366088867,success
04EE12429C4C84,3,"['Castelvecchio', 'Santa Anastasia', 'Duomo', 'Torre Lamberti']",Casa Giulietta,"['Centro Fotografia', 'Sighseeing', 'Museo Conte', 'Museo Radio', 'Palazzo della Ragione']",San Fermo,strategy_nearest,False,0.002819061279296875,success
04EE1D429C4C84,0,"['Arena', 'Casa Giulietta']",Tomba Giulietta,"['San Fermo', 'Museo Storia', 'Museo Lapidario', 'Museo Radio', 'Verona Tour']",Castelvecchio,strategy_nearest,False,0.002035856246948242,success
04EE13429C4C84,2,['Castelvecchio'],Palazzo della Ragione,"['AMO', 'Museo Conte', 'Torre Lamberti', 'Centro Fotografia', 'Sighseeing']",Torre Lamberti,strategy_nearest,True,0.0033860206604003906,success
04EE0F429C4C84,0,['Arena'],Casa Giulietta,"['Centro Fotografia', 'Sighseeing', 'Torre Lamberti', 'Museo Conte', 'Museo Radio']",Torre Lamberti,strategy_nearest,True,0.0022459030151367188,success
04EE403A9C4C80,3,"['Arena', 'Castelvecchio']",Casa Giulietta,"['Centro Fotografia', 'Sighseeing', 'Torre Lamberti', 'Museo Conte', 'Museo Radio']",Torre Lamberti,strategy_nearest,True,0.001995086669921875,success
04EE24429C4C80,1,"['Arena', 'Torre Lamberti']",Palazzo della Ragione,"['AMO', 'Museo Conte', 'Centro Fotografia', 'Sighseeing', 'Santa Anastasia']",Santa Anastasia,strategy_nearest,True,0.0028228759765625,success
04EE3E3A9C4C80,3,"['Arena', 'Duomo']",Teatro Romano,"['Santa Anastasia', 'AMO', 'Palazzo della Ragione', 'Museo Conte', 'Centro Fotografia']",San Zeno,strategy_nearest,False,0.003309011459350586,success
04EE2C3A9C4C80,0,"['Arena', 'Casa Giulietta']",Castelvecchio,"['Museo Lapidario', 'Verona Tour', 'Museo Radio', 'San Zeno', 'Sighseeing']",San Fermo,strategy_nearest,False,0.0016019344329833984,success
04EE553A9C4C80,3,"['Arena', 'Casa Giulietta']",Torre Lamberti,"['Sighseeing', 'Centro Fotografia', 'Museo Conte', 'Palazzo della Ragione', 'AMO']",Santa Anastasia,strategy_nearest,False,0.002038717269897461,success
04EE583A9C4C80,0,['Arena'],Casa Giulietta,"['Centro Fotografia', 'Sighseeing', 'Torre Lamberti', 'Museo Conte', 'Museo Radio']",Torre Lamberti,strategy_nearest,True,0.002804994583129883,success
04EE653A9C4C80,1,"['Casa Giulietta', 'Arena']",Castelvecchio,"['Museo Lapidario', 'Verona Tour', 'Museo Radio', 'San Zeno', 'Sighseeing']",Palazzo della Ragione,strategy_nearest,False,0.0033011436462402344,success
04EE50429C4C80,3,"['Teatro Romano', 'Duomo', 'Santa Anastasia']",Torre Lamberti,"['Sighseeing', 'Centro Fotografia', 'Museo Conte', 'Casa Giulietta', 'Palazzo della Ragione']",Casa Giulietta,strategy_nearest,True,0.0026590824127197266,success
04EE74429C4C80,0,['Casa Giulietta'],Arena,"['Verona Tour', 'Museo Lapidario', 'Museo Radio', 'San Fermo', 'Sighseeing']",Castelvecchio,strategy_nearest,False,0.002165079116821289,success
04EE6C3A9C4C80,0,['Castelvecchio'],Arena,"['Verona Tour', 'Museo Lapidario', 'Museo Radio', 'San Fermo', 'Casa Giulietta']",Casa Giulietta,strategy_nearest,True,0.0033540725708007812,success
04EE774A9C4C80,0,['Arena'],Casa Giulietta,"['Centro Fotografia', 'Sighseeing', 'Torre Lamberti', 'Museo Conte', 'Museo Radio']",Torre Lamberti,strategy_nearest,True,0.0015442371368408203,success
04EE7C3A9C4C80,1,"['Casa Giulietta', 'Palazzo della Ragione']",Arena,"['Verona Tour', 'Museo Lapidario', 'Museo Radio', 'San Fermo', 'Sighseeing']",Castelvecchio,strategy_nearest,False,0.003464937210083008,success
04EE894A9C4C80,3,"['Arena', 'Torre Lamberti']",Santa Anastasia,"['AMO', 'Museo Conte', 'Palazzo della Ragione', 'Teatro Romano', 'Centro Fotografia']",Duomo,strategy_nearest,False,0.002007007598876953,success
04EE8F429C4C80,2,['Torre Lamberti'],Teatro Romano,"['Santa Anastasia', 'Duomo', 'AMO', 'Palazzo della Ragione', 'Museo Conte']",San Zeno,strategy_nearest,False,0.002635955810546875,success
04EEA34A9C4C80,3,"['Castelvecchio', 'Duomo', 'Giardino Giusti']",Teatro Romano,"['Santa Anastasia', 'AMO', 'Palazzo della Ragione', 'Museo Conte', 'Centro Fotografia']",Torre Lamberti,strategy_nearest,False,0.0022819042205810547,success
04EEA8429C4C80,0,['Arena'],Casa Giulietta,"['Centro Fotografia', 'Sighseeing', 'Torre Lamberti', 'Museo Conte', 'Museo Radio']",Castelvecchio,strategy_nearest,False,0.0027451515197753906,success
04EE9B429C4C80,0,"['Casa Giulietta', 'Torre Lamberti']",Arena,"['Verona Tour', 'Museo Lapidario', 'Museo Radio', 'San Fermo', 'Sighseeing']",Duomo,strategy_nearest,False,0.0044879913330078125,success
04EEAD4A9C4C80,3,"['Arena', 'Casa Giulietta']",Torre Lamberti,"['Sighseeing', 'Centro Fotografia', 'Museo Conte', 'Palazzo della Ragione', 'AMO']",Teatro Romano,strategy_nearest,False,0.0036301612854003906,success
04EEB04A9C4C80,1,"['Castelvecchio', 'Palazzo della Ragione', 'Casa Giulietta']",Arena,"['Verona Tour', 'Museo Lapidario', 'Museo Radio', 'San Fermo', 'Sighseeing']",San Fermo,strategy_nearest,True,0.0033338069915771484,success
04EEB14A9C4C80,1,"['Palazzo della Ragione', 'Torre Lamberti']",Arena,"['Verona Tour', 'Museo Lapidario', 'Museo Radio', 'San Fermo', 'Casa Giulietta']",Duomo,strategy_nearest,False,0.002276897430419922,success
04EEB24A9C4C80,0,['Arena'],Casa Giulietta,"['Centro Fotografia', 'Sighseeing', 'Torre Lamberti', 'Museo Conte', 'Museo Radio']",Torre Lamberti,strategy_nearest,True,0.0034971237182617188,success
04EEB64A9C4C80,1,"['Arena', 'Casa Giulietta']",Palazzo della Ragione,"['AMO', 'Museo Conte', 'Torre Lamberti', 'Centro Fotografia', 'Sighseeing']",Torre Lamberti,strategy_nearest,True,0.003183126449584961,success
04EEB34A9C4C80,1,"['Arena', 'Torre Lamberti']",Palazzo della Ragione,"['AMO', 'Museo Conte', 'Centro Fotografia', 'Sighseeing', 'Santa Anastasia']",Teatro Romano,strategy_nearest,False,0.00273895263671875,success
04EECE4A9C4C80,0,['Arena'],Torre Lamberti,"['Sighseeing', 'Centro Fotografia', 'Museo Conte', 'Casa Giulietta', 'Palazzo della Ragione']",Casa Giulietta,strategy_nearest,True,0.002599000930786133,success
04EECF4A9C4C80,3,"['Arena', 'Casa Giulietta']",Santa Anastasia,"['AMO', 'Museo Conte', 'Palazzo della Ragione', 'Teatro Romano', 'Centro Fotografia']",Duomo,strategy_nearest,False,0.0026810169219970703,success
04EEBB4A9C4C80,3,['Arena'],Torre Lamberti,"['Sighseeing', 'Centro Fotografia', 'Museo Conte', 'Casa Giulietta', 'Palazzo della Ragione']",Santa Anastasia,strategy_nearest,False,0.0029821395874023438,success
04EED24A9C4C80,0,"['Arena', 'Castelvecchio']",Torre Lamberti,"['Sighseeing', 'Centro Fotografia', 'Museo Conte', 'Casa Giulietta', 'Palazzo della Ragione']",Casa Giulietta,strategy_nearest,True,0.003149747848510742,success
04EED83A9C4C80,3,"['Arena', 'Casa Giulietta', 'San Fermo']",Torre Lamberti,"['Sighseeing', 'Centro Fotografia', 'Museo Conte', 'Palazzo della Ragione', 'AMO']",Castelvecchio,strategy_nearest,False,0.002647876739501953,success
04EEDC3A9C4C80,3,"['Casa Giulietta', 'Arena', 'Museo Lapidario', 'Castelvecchio', 'San Zeno']",Duomo,"['AMO', 'Museo Miniscalchi', 'Santa Anastasia', 'Teatro Romano', 'Palazzo della Ragione']",Santa Anastasia,strategy_nearest,True,0.0025131702423095703,success
04EED7429C4C80,1,"['Arena', 'Torre Lamberti', 'Palazzo della Ragione', 'Santa Anastasia']",Duomo,"['AMO', 'Museo Miniscalchi', 'Teatro Romano', 'Museo Conte', 'Centro Fotografia']",Castelvecchio,strategy_nearest,False,0.002080202102661133,success
04EEDC429C4C80,3,"['Arena', 'Casa Giulietta']",Torre Lamberti,"['Sighseeing', 'Centro Fotografia', 'Museo Conte', 'Palazzo della Ragione', 'AMO']",Santa Anastasia,strategy_nearest,False,0.003370046615600586,success
04EEEC3A9C4C80,1,['Arena'],Torre Lamberti,"['Sighseeing', 'Centro Fotografia', 'Museo Conte', 'Casa Giulietta', 'Palazzo della Ragione']",Palazzo della Ragione,strategy_nearest,True,0.0018177032470703125,success
04EEED3A9C4C80,0,['Castelvecchio'],Arena,"['Verona Tour', 'Museo Lapidario', 'Museo Radio', 'San Fermo', 'Casa Giulietta']",Casa Giulietta,strategy_nearest,True,0.0027930736541748047,success
04EEEF4A9C4C80,0,['Arena'],Castelvecchio,"['Museo Lapidario', 'Verona Tour', 'Museo Radio', 'San Zeno', 'Sighseeing']",Casa Giulietta,strategy_nearest,False,0.002626657485961914,success
04EEF14A9C4C80,0,['Arena'],Casa Giulietta,"['Centro Fotografia', 'Sighseeing', 'Torre Lamberti', 'Museo Conte', 'Museo Radio']",Torre Lamberti,strategy_nearest,True,0.003197193145751953,success
04EEFA429C4C80,3,"['Casa Giulietta', 'Torre Lamberti', 'Castelvecchio']",Arena,"['Verona Tour', 'Museo Lapidario', 'Museo Radio', 'San Fermo', 'Sighseeing']",Tomba Giulietta,strategy_nearest,False,0.002171039581298828,success
04EEF54A9C4C80,0,"['Arena', 'Museo Lapidario']",Duomo,"['AMO', 'Museo Miniscalchi', 'Santa Anastasia', 'Teatro Romano', 'Palazzo della Ragione']",Teatro Romano,strategy_nearest,True,0.0027930736541748047,success
04EEF34A9C4C80,0,['Arena'],Casa Giulietta,"['Centro Fotografia', 'Sighseeing', 'Torre Lamberti', 'Museo Conte', 'Museo Radio']",Torre Lamberti,strategy_nearest,True,0.0034401416778564453,success
04EEF5429C4C80,6,"['Arena', 'Casa Giulietta', 'Palazzo della Ragione']",Torre Lamberti,"['Sighseeing', 'Centro Fotografia', 'Museo Conte', 'AMO', 'Museo Miniscalchi']",Verona Tour,strategy_nearest,False,0.0016312599182128906,success
04EEFD4A9C4C80,0,['Arena'],Teatro Romano,"['Santa Anastasia', 'Duomo', 'AMO', 'Palazzo della Ragione', 'Museo Conte']",Casa Giulietta,strategy_nearest,False,0.0016350746154785156,success
04EF0C4A9C4C84,0,['Torre Lamberti'],Duomo,"['AMO', 'Museo Miniscalchi', 'Santa Anastasia', 'Teatro Romano', 'Palazzo della Ragione']",Casa Giulietta,strategy_nearest,False,0.0021109580993652344,success
04EF094A9C4C84,0,['Torre Lamberti'],Casa Giulietta,"['Centro Fotografia', 'Sighseeing', 'Museo Conte', 'Museo Radio', 'Palazzo della Ragione']",Arena,strategy_nearest,False,0.003428936004638672,success
04EEFA4A9C4C80,2,['Santa Anastasia'],Teatro Romano,"['Duomo', 'AMO', 'Palazzo della Ragione', 'Museo Conte', 'Centro Fotografia']",San Zeno,strategy_nearest,False,0.002856016159057617,success
04EF1CBA7B3F84,0,['Arena'],Casa Giulietta,"['Centro Fotografia', 'Sighseeing', 'Torre Lamberti', 'Museo Conte', 'Museo Radio']",Tomba Giulietta,strategy_nearest,False,0.0029850006103515625,success
04EF264A9C4C80,3,"['Arena', 'Casa Giulietta', 'Santa Anastasia']",Duomo,"['AMO', 'Museo Miniscalchi', 'Teatro Romano', 'Palazzo della Ragione', 'Museo Conte']",Torre Lamberti,strategy_nearest,False,0.0034570693969726562,success
04EF1A429C4C84,1,"['Arena', 'Castelvecchio', 'San Zeno']",Casa Giulietta,"['Centro Fotografia', 'Sighseeing', 'Torre Lamberti', 'Museo Conte', 'Museo Radio']",Torre Lamberti,strategy_nearest,True,0.0023758411407470703,success
04EF0D4A9C4C84,0,"['Castelvecchio', 'Torre Lamberti']",Arena,"['Verona Tour', 'Museo Lapidario', 'Museo Radio', 'San Fermo', 'Casa Giulietta']",Casa Giulietta,strategy_nearest,True,0.0023736953735351562,success
04EF2E429C4C80,2,['San Zeno'],Torre Lamberti,"['Sighseeing', 'Centro Fotografia', 'Museo Conte', 'Casa Giulietta', 'Palazzo della Ragione']",Santa Anastasia,strategy_nearest,False,0.002232789993286133,success
04EF2B429C4C80,0,"['Casa Giulietta', 'Arena']",Tomba Giulietta,"['San Fermo', 'Museo Storia', 'Museo Lapidario', 'Museo Radio', 'Verona Tour']",Castelvecchio,strategy_nearest,False,0.0015149116516113281,success
04EF343A9C4C80,0,['Castelvecchio'],Casa Giulietta,"['Centro Fotografia', 'Sighseeing', 'Torre Lamberti', 'Museo Conte', 'Museo Radio']",Arena,strategy_nearest,False,0.0032601356506347656,success
04EF333A9C4C80,0,['Arena'],Casa Giulietta,"['Centro Fotografia', 'Sighseeing', 'Torre Lamberti', 'Museo Conte', 'Museo Radio']",Torre Lamberti,strategy_nearest,True,0.0028679370880126953,success
04EF353A9C4C80,0,['Arena'],Castelvecchio,"['Museo Lapidario', 'Verona Tour', 'Museo Radio', 'San Zeno', 'Sighseeing']",Teatro Romano,strategy_nearest,False,0.0027451515197753906,success
04EF403A9C4C80,1,"['Castelvecchio', 'Palazzo della Ragione']",Casa Giulietta,"['Centro Fotografia', 'Sighseeing', 'Torre Lamberti', 'Museo Conte', 'Museo Radio']",Arena,strategy_nearest,False,0.002774953842163086,success
04EF46429C4C80,3,"['Arena', 'Casa Giulietta']",Santa Anastasia,"['AMO', 'Museo Conte', 'Palazzo della Ragione', 'Teatro Romano', 'Centro Fotografia']",Duomo,strategy_nearest,False,0.0021359920501708984,success
04EF49429C4C80,0,"['Casa Giulietta', 'Tomba Giulietta']",Arena,"['Verona Tour', 'Museo Lapidario', 'Museo Radio', 'San Fermo', 'Sighseeing']",Museo Lapidario,strategy_nearest,True,0.0032761096954345703,success
04EF543A9C4C80,0,['Castelvecchio'],Arena,"['Verona Tour', 'Museo Lapidario', 'Museo Radio', 'San Fermo', 'Casa Giulietta']",Casa Giulietta,strategy_nearest,True,0.0022346973419189453,success
04EF50429C4C80,3,"['Arena', 'Casa Giulietta', 'Torre Lamberti']",Santa Anastasia,"['AMO', 'Museo Conte', 'Palazzo della Ragione', 'Teatro Romano', 'Centro Fotografia']",Teatro Romano,strategy_nearest,True,0.0029048919677734375,success
04EF6C429C4C80,0,['Tomba Giulietta'],Arena,"['Verona Tour', 'Museo Lapidario', 'Museo Radio', 'San Fermo', 'Casa Giulietta']",Casa Giulietta,strategy_nearest,True,0.0016331672668457031,success
04EF6F3A9C4C80,0,['Arena'],Casa Giulietta,"['Centro Fotografia', 'Sighseeing', 'Torre Lamberti', 'Museo Conte', 'Museo Radio']",San Zeno,strategy_nearest,False,0.0035347938537597656,success
04EF744A9C4C80,0,['Arena'],Casa Giulietta,"['Centro Fotografia', 'Sighseeing', 'Torre Lamberti', 'Museo Conte', 'Museo Radio']",Torre Lamberti,strategy_nearest,True,0.002708911895751953,success
04EF7A429C4C80,0,['Arena'],Castelvecchio,"['Museo Lapidario', 'Verona Tour', 'Museo Radio', 'San Zeno', 'Sighseeing']",Teatro Romano,strategy_nearest,False,0.0014781951904296875,success
04EF734A9C4C80,3,"['Arena', 'Museo Lapidario', 'Castelvecchio']",Casa Giulietta,"['Centro Fotografia', 'Sighseeing', 'Torre Lamberti', 'Museo Conte', 'Museo Radio']",Duomo,strategy_nearest,False,0.004045009613037109,success
04EF884A9C4C80,3,"['Arena', 'Castelvecchio']",Casa Giulietta,"['Centro Fotografia', 'Sighseeing', 'Torre Lamberti', 'Museo Conte', 'Museo Radio']",Santa Anastasia,strategy_nearest,False,0.0032701492309570312,success
04EF954A9C4C80,0,['Casa Giulietta'],Arena,"['Verona Tour', 'Museo Lapidario', 'Museo Radio', 'San Fermo', 'Sighseeing']",Tomba Giulietta,strategy_nearest,False,0.0037267208099365234,success
04EF9E4A9C4C80,0,['Arena'],Torre Lamberti,"['Sighseeing', 'Centro Fotografia', 'Museo Conte', 'Casa Giulietta', 'Palazzo della Ragione']",Casa Giulietta,strategy_nearest,True,0.0030536651611328125,success
04EF94429C4C80,3,"['Castelvecchio', 'Arena', 'Tomba Giulietta']",Teatro Romano,"['Santa Anastasia', 'Duomo', 'AMO', 'Palazzo della Ragione', 'Museo Conte']",Casa Giulietta,strategy_nearest,False,0.0022258758544921875,success
04EF8C3A9C4C80,3,"['San Zeno', 'Castelvecchio']",San Fermo,"['Museo Storia', 'Museo Radio', 'Casa Giulietta', 'Centro Fotografia', 'Arena']",Arena,strategy_nearest,True,0.00315093994140625,success
04EFA1429C4C80,0,"['Casa Giulietta', 'Arena']",Castelvecchio,"['Museo Lapidario', 'Verona Tour', 'Museo Radio', 'San Zeno', 'Sighseeing']",San Zeno,strategy_nearest,True,0.0017070770263671875,success
04EFAD4A9C4C80,3,['Arena'],Casa Giulietta,"['Centro Fotografia', 'Sighseeing', 'Torre Lamberti', 'Museo Conte', 'Museo Radio']",Santa Anastasia,strategy_nearest,False,0.002722024917602539,success
04EFA54A9C4C80,0,['Casa Giulietta'],Arena,"['Verona Tour', 'Museo Lapidario', 'Museo Radio', 'San Fermo', 'Sighseeing']",Tomba Giulietta,strategy_nearest,False,0.002202272415161133,success
04EFA4429C4C80,3,"['Casa Giulietta', 'Arena']",San Zeno,"['Castelvecchio', 'Verona Tour', 'Museo Lapidario', 'Museo Miniscalchi', 'Sighseeing']",Duomo,strategy_nearest,False,0.003498077392578125,success
04EFBD4A9C4C80,1,"['Tomba Giulietta', 'Arena']",Casa Giulietta,"['Centro Fotografia', 'Sighseeing', 'Torre Lamberti', 'Museo Conte', 'Museo Radio']",Palazzo della Ragione,strategy_nearest,False,0.002301931381225586,success
04EFC04A9C4C80,0,['Arena'],Castelvecchio,"['Museo Lapidario', 'Verona Tour', 'Museo Radio', 'San Zeno', 'Sighseeing']",Casa Giulietta,strategy_nearest,False,0.002714872360229492,success
04EFB64A9C4C80,1,"['Arena', 'Palazzo della Ragione', 'Casa Giulietta']",Tomba Giulietta,"['San Fermo', 'Museo Storia', 'Museo Lapidario', 'Museo Radio', 'Verona Tour']",Castelvecchio,strategy_nearest,False,0.0036678314208984375,success
04EFB44A9C4C80,1,['Arena'],Casa Giulietta,"['Centro Fotografia', 'Sighseeing', 'Torre Lamberti', 'Museo Conte', 'Museo Radio']",Torre Lamberti,strategy_nearest,True,0.0017468929290771484,success
04EFC54A9C4C80,0,['Castelvecchio'],Arena,"['Verona Tour', 'Museo Lapidario', 'Museo Radio', 'San Fermo', 'Casa Giulietta']",Teatro Romano,strategy_nearest,False,0.00261688232421875,success
04EFC34A9C4C80,3,"['Castelvecchio', 'San Zeno']",Santa Anastasia,"['AMO', 'Museo Conte', 'Palazzo della Ragione', 'Teatro Romano', 'Centro Fotografia']",Casa Giulietta,strategy_nearest,False,0.002081155776977539,success
04EFCF429C4C80,3,"['Teatro Romano', 'Arena', 'Torre Lamberti']",Casa Giulietta,"['Centro Fotografia', 'Sighseeing', 'Museo Conte', 'Museo Radio', 'Palazzo della Ragione']",San Fermo,strategy_nearest,False,0.0033528804779052734,success
04EFCA4A9C4C80,1,"['Arena', 'Torre Lamberti', 'Palazzo della Ragione']",Casa Giulietta,"['Centro Fotografia', 'Sighseeing', 'Museo Conte', 'Museo Radio', 'San Fermo']",Teatro Romano,strategy_nearest,False,0.002714872360229492,success
04EFE2429C4C80,0,"['Arena', 'Castelvecchio']",Casa Giulietta,"['Centro Fotografia', 'Sighseeing', 'Torre Lamberti', 'Museo Conte', 'Museo Radio']",San Fermo,strategy_nearest,False,0.0028879642486572266,success
04EFD04A9C4C80,0,"['Arena', 'Tomba Giulietta']",Duomo,"['AMO', 'Museo Miniscalchi', 'Santa Anastasia', 'Teatro Romano', 'Palazzo della Ragione']",Teatro Romano,strategy_nearest,True,0.0030019283294677734,success
04EFE7429C4C80,3,"['Arena', 'Duomo']",Torre Lamberti,"['Sighseeing', 'Centro Fotografia', 'Museo Conte', 'Casa Giulietta', 'Palazzo della Ragione']",Casa Giulietta,strategy_nearest,True,0.003569364547729492,success
04EFCF4A9C4C80,2,['Casa Giulietta'],Torre Lamberti,"['Sighseeing', 'Centro Fotografia', 'Museo Conte', 'Palazzo della Ragione', 'AMO']",Duomo,strategy_nearest,False,0.0027399063110351562,success
04EFEA429C4C80,3,"['Arena', 'Torre Lamberti', 'San Fermo']",Santa Anastasia,"['AMO', 'Museo Conte', 'Palazzo della Ragione', 'Teatro Romano', 'Centro Fotografia']",Duomo,strategy_nearest,False,0.0022101402282714844,success
04EFEB3A9C4C80,1,"['Arena', 'Museo Lapidario', 'Casa Giulietta', 'Torre Lamberti']",Tomba Giulietta,"['San Fermo', 'Museo Storia', 'Museo Radio', 'Verona Tour', 'Castelvecchio']",San Fermo,strategy_nearest,True,0.0020859241485595703,success
04EFE8429C4C80,3,"['Arena', 'Casa Giulietta', 'Torre Lamberti']",Santa Anastasia,"['AMO', 'Museo Conte', 'Palazzo della Ragione', 'Teatro Romano', 'Centro Fotografia']",Duomo,strategy_nearest,False,0.003518342971801758,success
04EFF03A9C4C80,3,"['Castelvecchio', 'Arena']",Casa Giulietta,"['Centro Fotografia', 'Sighseeing', 'Torre Lamberti', 'Museo Conte', 'Museo Radio']",Santa Anastasia,strategy_nearest,False,0.0033791065216064453,success
04EFF34A9C4C80,0,['Arena'],Casa Giulietta,"['Centro Fotografia', 'Sighseeing', 'Torre Lamberti', 'Museo Conte', 'Museo Radio']",Castelvecchio,strategy_nearest,False,0.002869844436645508,success
04F0054A9C4C84,3,"['Torre Lamberti', 'Santa Anastasia']",Duomo,"['AMO', 'Museo Miniscalchi', 'Teatro Romano', 'Palazzo della Ragione', 'Museo Conte']",Arena,strategy_nearest,False,0.0026428699493408203,success
04EFF74A9C4C80,0,"['Arena', 'Casa Giulietta']",San Fermo,"['Museo Storia', 'Museo Radio', 'Centro Fotografia', 'Sighseeing', 'Torre Lamberti']",Tomba Giulietta,strategy_nearest,False,0.00413203239440918,success
04F0034A9C4C84,1,"['Arena', 'Torre Lamberti']",Palazzo della Ragione,"['AMO', 'Museo Conte', 'Centro Fotografia', 'Sighseeing', 'Santa Anastasia']",Casa Giulietta,strategy_nearest,False,0.0027828216552734375,success
04F011429C4C84,1,"['Arena', 'Casa Giulietta']",Torre Lamberti,"['Sighseeing', 'Centro Fotografia', 'Museo Conte', 'Palazzo della Ragione', 'AMO']",Palazzo della Ragione,strategy_nearest,True,0.00150299072265625,success
04F00E429C4C84,3,"['Arena', 'Casa Giulietta']",Torre Lamberti,"['Sighseeing', 'Centro Fotografia', 'Museo Conte', 'Palazzo della Ragione', 'AMO']",Santa Anastasia,strategy_nearest,False,0.0036449432373046875,success
04F00B429C4C84,3,"['Castelvecchio', 'Duomo']",Teatro Romano,"['Santa Anastasia', 'AMO', 'Palazzo della Ragione', 'Museo Conte', 'Centro Fotografia']",Arena,strategy_nearest,False,0.002802133560180664,success
04F0234A9C4C80,3,"['Arena', 'San Zeno']",Castelvecchio,"['Museo Lapidario', 'Verona Tour', 'Museo Radio', 'Sighseeing', 'Museo Miniscalchi']",Duomo,strategy_nearest,False,0.0035080909729003906,success
04F0273A9C4C80,3,"['Casa Giulietta', 'Santa Anastasia']",Duomo,"['AMO', 'Museo Miniscalchi', 'Teatro Romano', 'Palazzo della Ragione', 'Museo Conte']",Castelvecchio,strategy_nearest,False,0.002683877944946289,success
04F0293A9C4C80,1,"['Casa Giulietta', 'Arena']",Castelvecchio,"['Museo Lapidario', 'Verona Tour', 'Museo Radio', 'San Zeno', 'Sighseeing']",Santa Anastasia,strategy_nearest,False,0.002057790756225586,success
04F02B3A9C4C80,0,['Casa Giulietta'],Palazzo della Ragione,"['AMO', 'Museo Conte', 'Torre Lamberti', 'Centro Fotografia', 'Sighseeing']",Arena,strategy_nearest,False,0.0025899410247802734,success
04F02E3A9C4C80,2,['Duomo'],Santa Anastasia,"['AMO', 'Museo Conte', 'Palazzo della Ragione', 'Teatro Romano', 'Centro Fotografia']",Castelvecchio,strategy_nearest,False,0.003342866897583008,success
04F043429C4C80,3,"['Arena', 'Tomba Giulietta']",Casa Giulietta,"['Centro Fotografia', 'Sighseeing', 'Torre Lamberti', 'Museo Conte', 'Museo Radio']",Santa Anastasia,strategy_nearest,False,0.0019059181213378906,success
04F0484A9C4C80,3,['Arena'],Santa Anastasia,"['AMO', 'Museo Conte', 'Palazzo della Ragione', 'Teatro Romano', 'Centro Fotografia']",Duomo,strategy_nearest,False,0.0028481483459472656,success
04F03E429C4C80,0,"['Arena', 'Casa Giulietta']",Torre Lamberti,"['Sighseeing', 'Centro Fotografia', 'Museo Conte', 'Palazzo della Ragione', 'AMO']",Castelvecchio,strategy_nearest,False,0.0030121803283691406,success
04F049429C4C80,1,"['Casa Giulietta', 'Palazzo della Ragione']",Torre Lamberti,"['Sighseeing', 'Centro Fotografia', 'Museo Conte', 'AMO', 'Museo Miniscalchi']",Duomo,strategy_nearest,False,0.0032989978790283203,success
04F0503A9C4C80,3,"['Arena', 'Duomo']",Tomba Giulietta,"['San Fermo', 'Museo Storia', 'Museo Lapidario', 'Museo Radio', 'Verona Tour']",Teatro Romano,strategy_nearest,False,0.001386880874633789,success
04F0543A9C4C80,3,"['Santa Anastasia', 'Torre Lamberti']",Casa Giulietta,"['Centro Fotografia', 'Sighseeing', 'Museo Conte', 'Museo Radio', 'Palazzo della Ragione']",Arena,strategy_nearest,False,0.0026807785034179688,success
04F04C3A9C4C80,2,['Santa Anastasia'],Palazzo della Ragione,"['AMO', 'Museo Conte', 'Torre Lamberti', 'Centro Fotografia', 'Sighseeing']",Torre Lamberti,strategy_nearest,True,0.0021719932556152344,success
04F0553A9C4C80,3,"['Arena', 'Santa Anastasia']",Castelvecchio,"['Museo Lapidario', 'Verona Tour', 'Museo Radio', 'San Zeno', 'Sighseeing']",Teatro Romano,strategy_nearest,False,0.003381013870239258,success
04F0784A9C4C80,1,"['Arena', 'Torre Lamberti']",Palazzo della Ragione,"['AMO', 'Museo Conte', 'Centro Fotografia', 'Sighseeing', 'Santa Anastasia']",Santa Anastasia,strategy_nearest,True,0.0017442703247070312,success
04F0683A9C4C80,0,['Casa Giulietta'],Torre Lamberti,"['Sighseeing', 'Centro Fotografia', 'Museo Conte', 'Palazzo della Ragione', 'AMO']",Arena,strategy_nearest,False,0.002629995346069336,success
04F07B4A9C4C80,3,"['Santa Anastasia', 'Teatro Romano']",Arena,"['Verona Tour', 'Museo Lapidario', 'Museo Radio', 'San Fermo', 'Casa Giulietta']",Casa Giulietta,strategy_nearest,True,0.003216981887817383,success
04F081429C4C80,1,"['Arena', 'Palazzo della Ragione']",Casa Giulietta,"['Centro Fotografia', 'Sighseeing', 'Torre Lamberti', 'Museo Conte', 'Museo Radio']",Teatro Romano,strategy_nearest,False,0.0030629634857177734,success
04F07C4A9C4C80,3,"['Arena', 'Casa Giulietta']",Torre Lamberti,"['Sighseeing', 'Centro Fotografia', 'Museo Conte', 'Palazzo della Ragione', 'AMO']",Santa Anastasia,strategy_nearest,False,0.0026559829711914062,success
04F0854A9C4C80,1,"['Arena', 'Torre Lamberti']",Palazzo della Ragione,"['AMO', 'Museo Conte', 'Centro Fotografia', 'Sighseeing', 'Santa Anastasia']",Museo Storia,strategy_nearest,False,0.002714872360229492,success
04F092429C4C80,0,['Arena'],Torre Lamberti,"['Sighseeing', 'Centro Fotografia', 'Museo Conte', 'Casa Giulietta', 'Palazzo della Ragione']",Casa Giulietta,strategy_nearest,True,0.002894878387451172,success
04F089429C4C80,4,"['Arena', 'Museo Lapidario', 'Tomba Giulietta', 'Museo Radio']",San Fermo,"['Museo Storia', 'Casa Giulietta', 'Centro Fotografia', 'Sighseeing', 'Torre Lamberti']",Giardino Giusti,strategy_nearest,False,0.0033321380615234375,success
04F0924A9C4C80,0,['Arena'],San Fermo,"['Museo Storia', 'Museo Radio', 'Casa Giulietta', 'Centro Fotografia', 'Sighseeing']",Castelvecchio,strategy_nearest,False,0.003100872039794922,success
04F09E429C4C80,0,['Castelvecchio'],Casa Giulietta,"['Centro Fotografia', 'Sighseeing', 'Torre Lamberti', 'Museo Conte', 'Museo Radio']",Torre Lamberti,strategy_nearest,True,0.0030689239501953125,success
04F0A0429C4C80,0,['Castelvecchio'],Casa Giulietta,"['Centro Fotografia', 'Sighseeing', 'Torre Lamberti', 'Museo Conte', 'Museo Radio']",Torre Lamberti,strategy_nearest,True,0.0024678707122802734,success
04F0A14A9C4C80,2,"['Teatro Romano', 'Santa Anastasia', 'Duomo']",Castelvecchio,"['Museo Lapidario', 'Verona Tour', 'Arena', 'Museo Radio', 'San Zeno']",Torre Lamberti,strategy_nearest,False,0.00263214111328125,success
04F0A4429C4C80,3,['Arena'],Casa Giulietta,"['Centro Fotografia', 'Sighseeing', 'Torre Lamberti', 'Museo Conte', 'Museo Radio']",Santa Anastasia,strategy_nearest,False,0.0034399032592773438,success
04F0A64A9C4C80,2,"['Teatro Romano', 'Castelvecchio']",Tomba Giulietta,"['San Fermo', 'Museo Storia', 'Arena', 'Museo Lapidario', 'Museo Radio']",Torre Lamberti,strategy_nearest,False,0.0030562877655029297,success
04F0AD4A9C4C80,3,['Arena'],Santa Anastasia,"['AMO', 'Museo Conte', 'Palazzo della Ragione', 'Teatro Romano', 'Centro Fotografia']",Duomo,strategy_nearest,False,0.0032498836517333984,success
04F0B43A9C4C80,0,"['Torre Lamberti', 'Casa Giulietta']",Arena,"['Verona Tour', 'Museo Lapidario', 'Museo Radio', 'San Fermo', 'Sighseeing']",Castelvecchio,strategy_nearest,False,0.0025250911712646484,success
04F0C04A9C4C80,0,['Arena'],Casa Giulietta,"['Centro Fotografia', 'Sighseeing', 'Torre Lamberti', 'Museo Conte', 'Museo Radio']",Santa Anastasia,strategy_nearest,False,0.003161191940307617,success
04F0B84A9C4C80,3,"['Castelvecchio', 'San Zeno', 'Arena']",Casa Giulietta,"['Centro Fotografia', 'Sighseeing', 'Torre Lamberti', 'Museo Conte', 'Museo Radio']",Torre Lamberti,strategy_nearest,True,0.0033702850341796875,success
04F0C44A9C4C80,0,"['Arena', 'Teatro Romano']",San Fermo,"['Museo Storia', 'Museo Radio', 'Casa Giulietta', 'Centro Fotografia', 'Sighseeing']",Casa Giulietta,strategy_nearest,True,0.0027060508728027344,success
04F0DC3A9C4C80,3,"['Casa Giulietta', 'Santa Anastasia', 'Duomo']",Torre Lamberti,"['Sighseeing', 'Centro Fotografia', 'Museo Conte', 'Palazzo della Ragione', 'AMO']",Tomba Giulietta,strategy_nearest,False,0.0025348663330078125,success
04F0CD4A9C4C80,0,['Arena'],Casa Giulietta,"['Centro Fotografia', 'Sighseeing', 'Torre Lamberti', 'Museo Conte', 'Museo Radio']",Teatro Romano,strategy_nearest,False,0.0035970211029052734,success
04F0D24A9C4C80,1,"['Arena', 'Casa Giulietta']",Tomba Giulietta,"['San Fermo', 'Museo Storia', 'Museo Lapidario', 'Museo Radio', 'Verona Tour']",Palazzo della Ragione,strategy_nearest,False,0.003183126449584961,success
04F0E8429C4C80,0,['Arena'],Duomo,"['AMO', 'Museo Miniscalchi', 'Santa Anastasia', 'Teatro Romano', 'Palazzo della Ragione']",Teatro Romano,strategy_nearest,True,0.002089977264404297,success
04F0E7429C4C80,1,"['Castelvecchio', 'Arena', 'Tomba Giulietta', 'San Zeno']",Casa Giulietta,"['Centro Fotografia', 'Sighseeing', 'Torre Lamberti', 'Museo Conte', 'Museo Radio']",San Fermo,strategy_nearest,False,0.002735137939453125,success
04F0E94A9C4C80,1,"['Torre Lamberti', 'Palazzo della Ragione']",Casa Giulietta,"['Centro Fotografia', 'Sighseeing', 'Museo Conte', 'Museo Radio', 'San Fermo']",Arena,strategy_nearest,False,0.002730846405029297,success
04F0ED4A9C4C80,0,['Arena'],Teatro Romano,"['Santa Anastasia', 'Duomo', 'AMO', 'Palazzo della Ragione', 'Museo Conte']",Torre Lamberti,strategy_nearest,False,0.0034008026123046875,success
04F0F44A9C4C80,0,"['Museo Lapidario', 'Arena']",Casa Giulietta,"['Centro Fotografia', 'Sighseeing', 'Torre Lamberti', 'Museo Conte', 'Museo Radio']",Duomo,strategy_nearest,False,0.0025892257690429688,success
04F0F0429C4C80,0,['Arena'],Casa Giulietta,"['Centro Fotografia', 'Sighseeing', 'Torre Lamberti', 'Museo Conte', 'Museo Radio']",Torre Lamberti,strategy_nearest,True,0.0032308101654052734,success
04F0F53A9C4C80,1,"['Castelvecchio', 'Palazzo della Ragione', 'Torre Lamberti']",Casa Giulietta,"['Centro Fotografia', 'Sighseeing', 'Museo Conte', 'Museo Radio', 'San Fermo']",Teatro Romano,strategy_nearest,False,0.001277923583984375,success
04F0F74A9C4C80,1,"['Arena', 'Castelvecchio']",Palazzo della Ragione,"['AMO', 'Museo Conte', 'Torre Lamberti', 'Centro Fotografia', 'Sighseeing']",Casa Giulietta,strategy_nearest,False,0.003396272659301758,success
04F100429C4C84,3,"['Arena', 'Castelvecchio']",Torre Lamberti,"['Sighseeing', 'Centro Fotografia', 'Museo Conte', 'Casa Giulietta', 'Palazzo della Ragione']",Santa Anastasia,strategy_nearest,False,0.0017597675323486328,success
04F0F9429C4C80,3,"['Torre Lamberti', 'Museo Storia', 'Teatro Romano']",Duomo,"['AMO', 'Museo Miniscalchi', 'Santa Anastasia', 'Palazzo della Ragione', 'Museo Conte']",Casa Giulietta,strategy_nearest,False,0.0026941299438476562,success
04F1024A9C4C84,0,['Arena'],Casa Giulietta,"['Centro Fotografia', 'Sighseeing', 'Torre Lamberti', 'Museo Conte', 'Museo Radio']",Torre Lamberti,strategy_nearest,True,0.0017359256744384766,success
04F1004A9C4C84,3,"['Arena', 'Teatro Romano']",Santa Anastasia,"['AMO', 'Museo Conte', 'Palazzo della Ragione', 'Centro Fotografia', 'Duomo']",Casa Giulietta,strategy_nearest,False,0.003401041030883789,success
04F104429C4C84,1,"['Palazzo della Ragione', 'Torre Lamberti', 'Duomo']",Teatro Romano,"['Santa Anastasia', 'AMO', 'Museo Conte', 'Centro Fotografia', 'Museo Miniscalchi']",Castelvecchio,strategy_nearest,False,0.0030269622802734375,success
04F1224A9C4C80,0,['Arena'],Castelvecchio,"['Museo Lapidario', 'Verona Tour', 'Museo Radio', 'San Zeno', 'Sighseeing']",San Zeno,strategy_nearest,True,0.0028128623962402344,success
04F12ABA7B3F80,0,['San Zeno'],Casa Giulietta,"['Centro Fotografia', 'Sighseeing', 'Torre Lamberti', 'Museo Conte', 'Museo Radio']",Arena,strategy_nearest,False,0.0039010047912597656,success
04F120429C4C80,0,['Arena'],Casa Giulietta,"['Centro Fotografia', 'Sighseeing', 'Torre Lamberti', 'Museo Conte', 'Museo Radio']",Duomo,strategy_nearest,False,0.003412961959838867,success
04F12F3A9C4C80,0,"['Arena', 'Tomba Giulietta']",Casa Giulietta,"['Centro Fotografia', 'Sighseeing', 'Torre Lamberti', 'Museo Conte', 'Museo Radio']",Castelvecchio,strategy_nearest,False,0.002384185791015625,success
04F1443A9C4C80,0,['Arena'],Casa Giulietta,"['Centro Fotografia', 'Sighseeing', 'Torre Lamberti', 'Museo Conte', 'Museo Radio']",Teatro Romano,strategy_nearest,False,0.0027959346771240234,success
04F1493A9C4C80,2,['Palazzo della Ragione'],Torre Lamberti,"['Sighseeing', 'Centro Fotografia', 'Museo Conte', 'Casa Giulietta', 'AMO']",Castelvecchio,strategy_nearest,False,0.003354787826538086,success
04F146429C4C80,3,"['Arena', 'Casa Giulietta']",Torre Lamberti,"['Sighseeing', 'Centro Fotografia', 'Museo Conte', 'Palazzo della Ragione', 'AMO']",Santa Anastasia,strategy_nearest,False,0.002170085906982422,success
04F14D3A9C4C80,1,"['Palazzo della Ragione', 'Torre Lamberti', 'Casa Giulietta']",Santa Anastasia,"['AMO', 'Museo Conte', 'Teatro Romano', 'Centro Fotografia', 'Duomo']",Duomo,strategy_nearest,True,0.0015411376953125,success
04F1613A9C4C80,3,"['Torre Lamberti', 'Casa Giulietta', 'Duomo', 'Arena']",San Zeno,"['Castelvecchio', 'Verona Tour', 'Museo Lapidario', 'Museo Miniscalchi', 'Sighseeing']",Castelvecchio,strategy_nearest,True,0.001390218734741211,success
04F1653A9C4C80,3,"['Castelvecchio', 'Arena']",Casa Giulietta,"['Centro Fotografia', 'Sighseeing', 'Torre Lamberti', 'Museo Conte', 'Museo Radio']",Duomo,strategy_nearest,False,0.0026900768280029297,success
04F165429C4C80,1,"['Castelvecchio', 'Casa Giulietta']",Arena,"['Verona Tour', 'Museo Lapidario', 'Museo Radio', 'San Fermo', 'Sighseeing']",Torre Lamberti,strategy_nearest,False,0.0031909942626953125,success
04F1603A9C4C80,1,"['Casa Giulietta', 'Castelvecchio', 'Arena', 'San Fermo']",Palazzo della Ragione,"['AMO', 'Museo Conte', 'Torre Lamberti', 'Centro Fotografia', 'Sighseeing']",Torre Lamberti,strategy_nearest,True,0.002790689468383789,success
04F17A4A9C4C80,0,"['Torre Lamberti', 'Casa Giulietta']",Arena,"['Verona Tour', 'Museo Lapidario', 'Museo Radio', 'San Fermo', 'Sighseeing']",Castelvecchio,strategy_nearest,False,0.003968000411987305,success
04F18C429C4C80,0,['Arena'],Casa Giulietta,"['Centro Fotografia', 'Sighseeing', 'Torre Lamberti', 'Museo Conte', 'Museo Radio']",Duomo,strategy_nearest,False,0.002017974853515625,success
04F1803A9C4C80,0,"['San Zeno', 'Castelvecchio']",Arena,"['Verona Tour', 'Museo Lapidario', 'Museo Radio', 'San Fermo', 'Casa Giulietta']",Duomo,strategy_nearest,False,0.0015628337860107422,success
04F182429C4C80,1,['Castelvecchio'],Arena,"['Verona Tour', 'Museo Lapidario', 'Museo Radio', 'San Fermo', 'Casa Giulietta']",Palazzo della Ragione,strategy_nearest,False,0.0033011436462402344,success
04F1A14A9C4C80,1,['Casa Giulietta'],Palazzo della Ragione,"['AMO', 'Museo Conte', 'Torre Lamberti', 'Centro Fotografia', 'Sighseeing']",Torre Lamberti,strategy_nearest,True,0.002547025680541992,success
04F1914A9C4C80,3,"['Arena', 'Torre Lamberti']",Santa Anastasia,"['AMO', 'Museo Conte', 'Palazzo della Ragione', 'Teatro Romano', 'Centro Fotografia']",Duomo,strategy_nearest,False,0.002156972885131836,success
04F1924A9C4C80,3,"['Arena', 'Santa Anastasia']",Duomo,"['AMO', 'Museo Miniscalchi', 'Teatro Romano', 'Palazzo della Ragione', 'Museo Conte']",Torre Lamberti,strategy_nearest,False,0.0014317035675048828,success
04F190429C4C80,1,"['Tomba Giulietta', 'Arena', 'Casa Giulietta']",Torre Lamberti,"['Sighseeing', 'Centro Fotografia', 'Museo Conte', 'Palazzo della Ragione', 'AMO']",Santa Anastasia,strategy_nearest,False,0.003962993621826172,success
04F1C34A9C4C80,0,"['Castelvecchio', 'San Zeno']",Torre Lamberti,"['Sighseeing', 'Centro Fotografia', 'Museo Conte', 'Casa Giulietta', 'Palazzo della Ragione']",Casa Giulietta,strategy_nearest,True,0.0020799636840820312,success
04F1B03A9C4C80,0,['Arena'],Castelvecchio,"['Museo Lapidario', 'Verona Tour', 'Museo Radio', 'San Zeno', 'Sighseeing']",Teatro Romano,strategy_nearest,False,0.003403902053833008,success
04F1AF4A9C4C80,3,"['Arena', 'Casa Giulietta']",Santa Anastasia,"['AMO', 'Museo Conte', 'Palazzo della Ragione', 'Teatro Romano', 'Centro Fotografia']",Duomo,strategy_nearest,False,0.0028238296508789062,success
04F1C2429C4C80,3,['Arena'],Casa Giulietta,"['Centro Fotografia', 'Sighseeing', 'Torre Lamberti', 'Museo Conte', 'Museo Radio']",Torre Lamberti,strategy_nearest,True,0.0015642642974853516,success
04F1CB4A9C4C80,1,['Arena'],Casa Giulietta,"['Centro Fotografia', 'Sighseeing', 'Torre Lamberti', 'Museo Conte', 'Museo Radio']",Palazzo della Ragione,strategy_nearest,False,0.002077817916870117,success
04F1C44A9C4C80,3,"['Castelvecchio', 'San Zeno']",Santa Anastasia,"['AMO', 'Museo Conte', 'Palazzo della Ragione', 'Teatro Romano', 'Centro Fotografia']",Casa Giulietta,strategy_nearest,False,0.00398707389831543,success
04F1CEBA7B3F80,0,['San Zeno'],Casa Giulietta,"['Centro Fotografia', 'Sighseeing', 'Torre Lamberti', 'Museo Conte', 'Museo Radio']",Arena,strategy_nearest,False,0.0014619827270507812,success
04F1D04A9C4C80,0,['Arena'],Castelvecchio,"['Museo Lapidario', 'Verona Tour', 'Museo Radio', 'San Zeno', 'Sighseeing']",Casa Giulietta,strategy_nearest,False,0.0032088756561279297,success
04F1D9BA7B3F80,0,['San Zeno'],Casa Giulietta,"['Centro Fotografia', 'Sighseeing', 'Torre Lamberti', 'Museo Conte', 'Museo Radio']",Arena,strategy_nearest,False,0.0028390884399414062,success
04F1E43A9C4C80,1,"['Casa Giulietta', 'Tomba Giulietta', 'Arena']",Museo Lapidario,"['Verona Tour', 'Castelvecchio', 'Museo Radio', 'San Fermo', 'Sighseeing']",Castelvecchio,strategy_nearest,True,0.0015468597412109375,success
04F1EC429C4C80,3,"['Arena', 'Duomo']",Teatro Romano,"['Santa Anastasia', 'AMO', 'Palazzo della Ragione', 'Museo Conte', 'Centro Fotografia']",Castelvecchio,strategy_nearest,False,0.0033228397369384766,success
04F1D1429C4C80,0,"['Teatro Romano', 'Casa Giulietta', 'Arena']",San Zeno,"['Castelvecchio', 'Verona Tour', 'Museo Lapidario', 'Museo Miniscalchi', 'Sighseeing']",Castelvecchio,strategy_nearest,True,0.004065752029418945,success
04F209429C4C84,1,"['Castelvecchio', 'San Zeno', 'Torre Lamberti']",Palazzo della Ragione,"['AMO', 'Museo Conte', 'Centro Fotografia', 'Sighseeing', 'Santa Anastasia']",Casa Giulietta,strategy_nearest,False,0.0031228065490722656,success
04F2064A9C4C84,0,['Arena'],Casa Giulietta,"['Centro Fotografia', 'Sighseeing', 'Torre Lamberti', 'Museo Conte', 'Museo Radio']",Duomo,strategy_nearest,False,0.0020780563354492188,success
04F2044A9C4C84,1,"['Arena', 'Casa Giulietta', 'Santa Anastasia']",Duomo,"['AMO', 'Museo Miniscalchi', 'Teatro Romano', 'Palazzo della Ragione', 'Museo Conte']",Torre Lamberti,strategy_nearest,False,0.0027420520782470703,success
04F1F53A9C4C80,1,"['Castelvecchio', 'Torre Lamberti', 'Palazzo della Ragione']",Arena,"['Verona Tour', 'Museo Lapidario', 'Museo Radio', 'San Fermo', 'Casa Giulietta']",Tomba Giulietta,strategy_nearest,False,0.0013580322265625,success
04F20F429C4C84,3,"['Arena', 'Museo Lapidario', 'Castelvecchio']",Torre Lamberti,"['Sighseeing', 'Centro Fotografia', 'Museo Conte', 'Casa Giulietta', 'Palazzo della Ragione']",Teatro Romano,strategy_nearest,False,0.001634836196899414,success
04F22F3A9C4C80,0,['Arena'],Museo Lapidario,"['Verona Tour', 'Castelvecchio', 'Museo Radio', 'San Fermo', 'Casa Giulietta']",Duomo,strategy_nearest,False,0.002772092819213867,success
04F217429C4C84,0,"['Arena', 'Casa Giulietta']",Tomba Giulietta,"['San Fermo', 'Museo Storia', 'Museo Lapidario', 'Museo Radio', 'Verona Tour']",Museo Lapidario,strategy_nearest,True,0.0022072792053222656,success
04F2304A9C4C80,1,"['Castelvecchio', 'San Zeno', 'Arena', 'Casa Giulietta']",Duomo,"['AMO', 'Museo Miniscalchi', 'Santa Anastasia', 'Teatro Romano', 'Palazzo della Ragione']",Teatro Romano,strategy_nearest,True,0.003361940383911133,success
04F244429C4C80,1,"['Teatro Romano', 'Casa Giulietta', 'Duomo']",Castelvecchio,"['Museo Lapidario', 'Verona Tour', 'Arena', 'Museo Radio', 'San Zeno']",Arena,strategy_nearest,True,0.0026068687438964844,success
04F23B429C4C80,3,"['Santa Anastasia', 'Duomo']",Casa Giulietta,"['Centro Fotografia', 'Sighseeing', 'Torre Lamberti', 'Museo Conte', 'Museo Radio']",Arena,strategy_nearest,False,0.00144195556640625,success
04F235429C4C80,1,"['Casa Giulietta', 'Torre Lamberti', 'Palazzo della Ragione']",Santa Anastasia,"['AMO', 'Museo Conte', 'Teatro Romano', 'Centro Fotografia', 'Duomo']",Arena,strategy_nearest,False,0.0021669864654541016,success
04F2323A9C4C80,3,"['Arena', 'Torre Lamberti', 'Casa Giulietta']",Castelvecchio,"['Museo Lapidario', 'Verona Tour', 'Museo Radio', 'San Zeno', 'Sighseeing']",Museo Lapidario,strategy_nearest,True,0.003968954086303711,success
04F27C4A9C4C80,3,"['Santa Anastasia', 'Casa Giulietta']",San Fermo,"['Museo Storia', 'Museo Radio', 'Centro Fotografia', 'Arena', 'Sighseeing']",Arena,strategy_nearest,True,0.002821207046508789,success
04F2803A9C4C80,0,"['Duomo', 'Torre Lamberti']",Casa Giulietta,"['Centro Fotografia', 'Sighseeing', 'Museo Conte', 'Museo Radio', 'Palazzo della Ragione']",Castelvecchio,strategy_nearest,False,0.0021462440490722656,success
04F2784A9C4C80,0,['Arena'],Casa Giulietta,"['Centro Fotografia', 'Sighseeing', 'Torre Lamberti', 'Museo Conte', 'Museo Radio']",Torre Lamberti,strategy_nearest,True,0.0016298294067382812,success
04F27E3A9C4C80,3,['Arena'],Casa Giulietta,"['Centro Fotografia', 'Sighseeing', 'Torre Lamberti', 'Museo Conte', 'Museo Radio']",Torre Lamberti,strategy_nearest,True,0.0035130977630615234,success
04F281429C4C80,1,"['Arena', 'Torre Lamberti', 'Palazzo della Ragione']",Casa Giulietta,"['Centro Fotografia', 'Sighseeing', 'Museo Conte', 'Museo Radio', 'San Fermo']",Duomo,strategy_nearest,False,0.0026247501373291016,success
04F298429C4C80,3,"['Santa Anastasia', 'Duomo', 'Tomba Giulietta']",Castelvecchio,"['Museo Lapidario', 'Verona Tour', 'Arena', 'Museo Radio', 'San Zeno']",Teatro Romano,strategy_nearest,False,0.0012898445129394531,success
04F2893A9C4C80,0,['Arena'],Castelvecchio,"['Museo Lapidario', 'Verona Tour', 'Museo Radio', 'San Zeno', 'Sighseeing']",Giardino Giusti,strategy_nearest,False,0.003381013870239258,success
04F29A429C4C80,0,['Casa Giulietta'],Santa Anastasia,"['AMO', 'Museo Conte', 'Palazzo della Ragione', 'Teatro Romano', 'Centro Fotografia']",Arena,strategy_nearest,False,0.0034339427947998047,success
04F2A74A9C4C80,1,['Palazzo della Ragione'],Torre Lamberti,"['Sighseeing', 'Centro Fotografia', 'Museo Conte', 'Casa Giulietta', 'AMO']",Casa Giulietta,strategy_nearest,True,0.002424001693725586,success
04F2B73A9C4C80,3,['Arena'],Giardino Giusti,"['Santa Anastasia', 'Teatro Romano', 'Museo Conte', 'Centro Fotografia', 'Museo Storia']",Teatro Romano,strategy_nearest,True,0.0025758743286132812,success
04F2B53A9C4C80,2,"['Tomba Giulietta', 'San Fermo', 'Torre Lamberti']",Santa Anastasia,"['AMO', 'Museo Conte', 'Palazzo della Ragione', 'Teatro Romano', 'Centro Fotografia']",Duomo,strategy_nearest,False,0.003566265106201172,success
04F2B7429C4C80,0,['Arena'],Casa Giulietta,"['Centro Fotografia', 'Sighseeing', 'Torre Lamberti', 'Museo Conte', 'Museo Radio']",Castelvecchio,strategy_nearest,False,0.0033919811248779297,success
04F2BA4A9C4C80,3,"['Teatro Romano', 'Museo Storia']",San Fermo,"['Museo Radio', 'Casa Giulietta', 'Centro Fotografia', 'Arena', 'Sighseeing']",Arena,strategy_nearest,True,0.00308990478515625,success
04F2BC4A9C4C80,1,"['Arena', 'Torre Lamberti']",Palazzo della Ragione,"['AMO', 'Museo Conte', 'Centro Fotografia', 'Sighseeing', 'Santa Anastasia']",Duomo,strategy_nearest,False,0.0030951499938964844,success
04F2BE4A9C4C80,3,"['Arena', 'Casa Giulietta']",Torre Lamberti,"['Sighseeing', 'Centro Fotografia', 'Museo Conte', 'Palazzo della Ragione', 'AMO']",Santa Anastasia,strategy_nearest,False,0.003022909164428711,success
04F2D03A9C4C80,3,"['Arena', 'Castelvecchio']",Santa Anastasia,"['AMO', 'Museo Conte', 'Palazzo della Ragione', 'Teatro Romano', 'Centro Fotografia']",Casa Giulietta,strategy_nearest,False,0.0027511119842529297,success
04F2CB4A9C4C80,1,"['Arena', 'Palazzo della Ragione', 'Torre Lamberti']",Casa Giulietta,"['Centro Fotografia', 'Sighseeing', 'Museo Conte', 'Museo Radio', 'San Fermo']",Santa Anastasia,strategy_nearest,False,0.00341796875,success
04F2D83A9C4C80,0,['Tomba Giulietta'],Arena,"['Verona Tour', 'Museo Lapidario', 'Museo Radio', 'San Fermo', 'Casa Giulietta']",Castelvecchio,strategy_nearest,False,0.0031218528747558594,success
04F2D93A9C4C80,0,"['Casa Giulietta', 'Teatro Romano']",Castelvecchio,"['Museo Lapidario', 'Verona Tour', 'Arena', 'Museo Radio', 'San Zeno']",Arena,strategy_nearest,True,0.0029397010803222656,success
04F2DB3A9C4C80,0,"['Arena', 'Torre Lamberti']",Casa Giulietta,"['Centro Fotografia', 'Sighseeing', 'Museo Conte', 'Museo Radio', 'Palazzo della Ragione']",Tomba Giulietta,strategy_nearest,False,0.0025010108947753906,success
04F2DA429C4C80,1,"['Castelvecchio', 'Torre Lamberti']",Palazzo della Ragione,"['AMO', 'Museo Conte', 'Centro Fotografia', 'Sighseeing', 'Santa Anastasia']",Arena,strategy_nearest,False,0.001589059829711914,success
04F2E4429C4C80,0,['Santa Anastasia'],Casa Giulietta,"['Centro Fotografia', 'Sighseeing', 'Torre Lamberti', 'Museo Conte', 'Museo Radio']",Arena,strategy_nearest,False,0.0034148693084716797,success
04F2EA4A9C4C80,1,"['Arena', 'Torre Lamberti']",Palazzo della Ragione,"['AMO', 'Museo Conte', 'Centro Fotografia', 'Sighseeing', 'Santa Anastasia']",Casa Giulietta,strategy_nearest,False,0.0030739307403564453,success
04F2E9429C4C80,4,"['Teatro Romano', 'Arena', 'Castelvecchio', 'Tomba Giulietta']",Museo Radio,"['Casa Giulietta', 'San Fermo', 'Sighseeing', 'Torre Lamberti', 'Centro Fotografia']",San Fermo,strategy_nearest,True,0.0024900436401367188,success
04F2E0429C4C80,3,"['Arena', 'Santa Anastasia']",Duomo,"['AMO', 'Museo Miniscalchi', 'Teatro Romano', 'Palazzo della Ragione', 'Museo Conte']",San Zeno,strategy_nearest,False,0.003718137741088867,success
04F2EF3A9C4C80,1,"['Arena', 'Casa Giulietta']",Palazzo della Ragione,"['AMO', 'Museo Conte', 'Torre Lamberti', 'Centro Fotografia', 'Sighseeing']",Torre Lamberti,strategy_nearest,True,0.0033919811248779297,success
04F2F8429C4C80,0,['Castelvecchio'],Arena,"['Verona Tour', 'Museo Lapidario', 'Museo Radio', 'San Fermo', 'Casa Giulietta']",Casa Giulietta,strategy_nearest,True,0.0021059513092041016,success
04F2ED4A9C4C80,0,['Arena'],Casa Giulietta,"['Centro Fotografia', 'Sighseeing', 'Torre Lamberti', 'Museo Conte', 'Museo Radio']",Torre Lamberti,strategy_nearest,True,0.0028319358825683594,success
04F2FF4A9C4C80,2,['Casa Giulietta'],Torre Lamberti,"['Sighseeing', 'Centro Fotografia', 'Museo Conte', 'Palazzo della Ragione', 'AMO']",Santa Anastasia,strategy_nearest,False,0.002721071243286133,success
04F3074A9C4C84,3,"['Arena', 'Casa Giulietta']",Torre Lamberti,"['Sighseeing', 'Centro Fotografia', 'Museo Conte', 'Palazzo della Ragione', 'AMO']",Santa Anastasia,strategy_nearest,False,0.0033740997314453125,success
04F30A4A9C4C84,1,"['Arena', 'Casa Giulietta', 'Palazzo della Ragione']",Torre Lamberti,"['Sighseeing', 'Centro Fotografia', 'Museo Conte', 'AMO', 'Museo Miniscalchi']",Santa Anastasia,strategy_nearest,False,0.0020940303802490234,success
04F3024A9C4C84,4,"['Torre Lamberti', 'Casa Giulietta', 'Palazzo della Ragione']",Arena,"['Verona Tour', 'Museo Lapidario', 'Museo Radio', 'San Fermo', 'Sighseeing']",Castelvecchio,strategy_nearest,False,0.0028121471405029297,success
04F319429C4C84,1,['Arena'],Torre Lamberti,"['Sighseeing', 'Centro Fotografia', 'Museo Conte', 'Casa Giulietta', 'Palazzo della Ragione']",Palazzo della Ragione,strategy_nearest,True,0.0013821125030517578,success
04F3284A9C4C80,1,"['Arena', 'Casa Giulietta', 'Castelvecchio']",Duomo,"['AMO', 'Museo Miniscalchi', 'Santa Anastasia', 'Teatro Romano', 'Palazzo della Ragione']",Palazzo della Ragione,strategy_nearest,True,0.0027511119842529297,success
04F3263A9C4C80,3,"['Arena', 'Castelvecchio', 'San Zeno']",Santa Anastasia,"['AMO', 'Museo Conte', 'Palazzo della Ragione', 'Teatro Romano', 'Centro Fotografia']",Duomo,strategy_nearest,False,0.002190828323364258,success
04F31E3A9C4C80,0,"['Duomo', 'Arena']",Tomba Giulietta,"['San Fermo', 'Museo Storia', 'Museo Lapidario', 'Museo Radio', 'Verona Tour']",Casa Giulietta,strategy_nearest,False,0.0016298294067382812,success
04F32B3A9C4C80,0,['Arena'],Casa Giulietta,"['Centro Fotografia', 'Sighseeing', 'Torre Lamberti', 'Museo Conte', 'Museo Radio']",Torre Lamberti,strategy_nearest,True,0.003280162811279297,success
04F3433A9C4C80,1,"['Arena', 'Castelvecchio', 'Torre Lamberti', 'Casa Giulietta']",Duomo,"['AMO', 'Museo Miniscalchi', 'Santa Anastasia', 'Teatro Romano', 'Palazzo della Ragione']",Santa Anastasia,strategy_nearest,True,0.0026092529296875,success
04F341429C4C80,3,['Arena'],Casa Giulietta,"['Centro Fotografia', 'Sighseeing', 'Torre Lamberti', 'Museo Conte', 'Museo Radio']",Torre Lamberti,strategy_nearest,True,0.002557039260864258,success
04F33E429C4C80,1,"['Palazzo della Ragione', 'Torre Lamberti', 'Arena']",Santa Anastasia,"['AMO', 'Museo Conte', 'Teatro Romano', 'Centro Fotografia', 'Duomo']",Duomo,strategy_nearest,True,0.0019750595092773438,success
04F3573A9C4C80,2,['Castelvecchio'],San Zeno,"['Verona Tour', 'Museo Lapidario', 'Arena', 'Museo Miniscalchi', 'Sighseeing']",Duomo,strategy_nearest,False,0.003236055374145508,success
04F36B429C4C80,0,['San Fermo'],Casa Giulietta,"['Centro Fotografia', 'Sighseeing', 'Torre Lamberti', 'Museo Conte', 'Museo Radio']",Duomo,strategy_nearest,False,0.0014090538024902344,success
04F37A4A9C4C80,2,"['Castelvecchio', 'San Zeno']",Palazzo della Ragione,"['AMO', 'Museo Conte', 'Torre Lamberti', 'Centro Fotografia', 'Sighseeing']",Santa Anastasia,strategy_nearest,False,0.0025701522827148438,success
04F360429C4C80,1,"['Castelvecchio', 'Torre Lamberti']",Palazzo della Ragione,"['AMO', 'Museo Conte', 'Centro Fotografia', 'Sighseeing', 'Santa Anastasia']",Duomo,strategy_nearest,False,0.002744913101196289,success
04F3643A9C4C80,1,"['Castelvecchio', 'Arena']",Casa Giulietta,"['Centro Fotografia', 'Sighseeing', 'Torre Lamberti', 'Museo Conte', 'Museo Radio']",Torre Lamberti,strategy_nearest,True,0.003990888595581055,success
04F3833A9C4C80,0,['Arena'],Casa Giulietta,"['Centro Fotografia', 'Sighseeing', 'Torre Lamberti', 'Museo Conte', 'Museo Radio']",Santa Anastasia,strategy_nearest,False,0.0026161670684814453,success
04F3814A9C4C80,3,"['Arena', 'Casa Giulietta']",Santa Anastasia,"['AMO', 'Museo Conte', 'Palazzo della Ragione', 'Teatro Romano', 'Centro Fotografia']",Duomo,strategy_nearest,False,0.002048015594482422,success
04F38E4A9C4C80,0,"['Arena', 'Museo Lapidario', 'Castelvecchio']",San Zeno,"['Verona Tour', 'Museo Miniscalchi', 'Sighseeing', 'Museo Radio', 'Torre Lamberti']",Torre Lamberti,strategy_nearest,True,0.0033180713653564453,success
04F38D4A9C4C80,1,"['Arena', 'Torre Lamberti']",Palazzo della Ragione,"['AMO', 'Museo Conte', 'Centro Fotografia', 'Sighseeing', 'Santa Anastasia']",Casa Giulietta,strategy_nearest,False,0.0029268264770507812,success
04F3914A9C4C80,0,['Arena'],Castelvecchio,"['Museo Lapidario', 'Verona Tour', 'Museo Radio', 'San Zeno', 'Sighseeing']",Torre Lamberti,strategy_nearest,False,0.0027129650115966797,success
04F38F4A9C4C80,0,['Arena'],Casa Giulietta,"['Centro Fotografia', 'Sighseeing', 'Torre Lamberti', 'Museo Conte', 'Museo Radio']",Castelvecchio,strategy_nearest,False,0.00416111946105957,success
04F39A4A9C4C80,3,"['Arena', 'Torre Lamberti']",Casa Giulietta,"['Centro Fotografia', 'Sighseeing', 'Museo Conte', 'Museo Radio', 'Palazzo della Ragione']",San Fermo,strategy_nearest,False,0.002045869827270508,success
04F39D4A9C4C80,3,['Arena'],Duomo,"['AMO', 'Museo Miniscalchi', 'Santa Anastasia', 'Teatro Romano', 'Palazzo della Ragione']",Santa Anastasia,strategy_nearest,True,0.0034101009368896484,success
04F3A44A9C4C80,2,"['Casa Giulietta', 'Torre Lamberti', 'Palazzo della Ragione', 'Santa Anastasia']",Duomo,"['AMO', 'Museo Miniscalchi', 'Teatro Romano', 'Museo Conte', 'Centro Fotografia']",Teatro Romano,strategy_nearest,True,0.002519845962524414,success
04F39E4A9C4C80,3,['Arena'],Museo Lapidario,"['Verona Tour', 'Castelvecchio', 'Museo Radio', 'San Fermo', 'Casa Giulietta']",Santa Anastasia,strategy_nearest,False,0.0019459724426269531,success
04F3AE3A9C4C80,2,"['Casa Giulietta', 'Torre Lamberti']",Palazzo della Ragione,"['AMO', 'Museo Conte', 'Centro Fotografia', 'Sighseeing', 'Santa Anastasia']",Castelvecchio,strategy_nearest,False,0.003184795379638672,success
04F3AA3A9C4C80,3,"['Arena', 'Casa Giulietta']",Santa Anastasia,"['AMO', 'Museo Conte', 'Palazzo della Ragione', 'Teatro Romano', 'Centro Fotografia']",Duomo,strategy_nearest,False,0.002792835235595703,success
04F3B23A9C4C80,0,['Arena'],Casa Giulietta,"['Centro Fotografia', 'Sighseeing', 'Torre Lamberti', 'Museo Conte', 'Museo Radio']",Teatro Romano,strategy_nearest,False,0.002721071243286133,success
04F3B34A9C4C80,1,"['Arena', 'Casa Giulietta', 'Torre Lamberti']",Palazzo della Ragione,"['AMO', 'Museo Conte', 'Centro Fotografia', 'Sighseeing', 'Santa Anastasia']",Santa Anastasia,strategy_nearest,True,0.0029480457305908203,success
04F3BA4A9C4C80,3,['Arena'],Castelvecchio,"['Museo Lapidario', 'Verona Tour', 'Museo Radio', 'San Zeno', 'Sighseeing']",Santa Anastasia,strategy_nearest,False,0.0031800270080566406,success
04F3B83A9C4C80,1,"['Arena', 'Palazzo della Ragione', 'Torre Lamberti']",Santa Anastasia,"['AMO', 'Museo Conte', 'Teatro Romano', 'Centro Fotografia', 'Duomo']",Duomo,strategy_nearest,True,0.0027740001678466797,success
04F3B5429C4C80,0,['Castelvecchio'],Casa Giulietta,"['Centro Fotografia', 'Sighseeing', 'Torre Lamberti', 'Museo Conte', 'Museo Radio']",Arena,strategy_nearest,False,0.002844095230102539,success
04F3B74A9C4C80,1,"['Castelvecchio', 'San Zeno', 'Arena']",Casa Giulietta,"['Centro Fotografia', 'Sighseeing', 'Torre Lamberti', 'Museo Conte', 'Museo Radio']",Palazzo della Ragione,strategy_nearest,False,0.0034689903259277344,success
04F3C64A9C4C80,0,"['Tomba Giulietta', 'Arena']",Castelvecchio,"['Museo Lapidario', 'Verona Tour', 'Museo Radio', 'San Zeno', 'Sighseeing']",San Zeno,strategy_nearest,True,0.002279043197631836,success
04F3D53A9C4C80,1,"['Arena', 'Casa Giulietta', 'Torre Lamberti', 'Palazzo della Ragione']",Santa Anastasia,"['AMO', 'Museo Conte', 'Teatro Romano', 'Centro Fotografia', 'Duomo']",Castelvecchio,strategy_nearest,False,0.0016248226165771484,success
04F3C84A9C4C80,0,"['Arena', 'Casa Giulietta']",Torre Lamberti,"['Sighseeing', 'Centro Fotografia', 'Museo Conte', 'Palazzo della Ragione', 'AMO']",Duomo,strategy_nearest,False,0.002905130386352539,success
04F3D63A9C4C80,0,['Arena'],Castelvecchio,"['Museo Lapidario', 'Verona Tour', 'Museo Radio', 'San Zeno', 'Sighseeing']",Torre Lamberti,strategy_nearest,False,0.003283977508544922,success
04F3E7429C4C80,1,"['San Fermo', 'Casa Giulietta', 'Castelvecchio']",San Zeno,"['Verona Tour', 'Museo Lapidario', 'Arena', 'Museo Miniscalchi', 'Sighseeing']",Arena,strategy_nearest,True,0.001277923583984375,success
04F3DE3A9C4C80,3,"['Casa Giulietta', 'Santa Anastasia', 'Duomo']",Torre Lamberti,"['Sighseeing', 'Centro Fotografia', 'Museo Conte', 'Palazzo della Ragione', 'AMO']",Tomba Giulietta,strategy_nearest,False,0.0028600692749023438,success
04F3D93A9C4C80,3,"['Museo Lapidario', 'Arena', 'Castelvecchio']",Teatro Romano,"['Santa Anastasia', 'Duomo', 'AMO', 'Palazzo della Ragione', 'Museo Conte']",Casa Giulietta,strategy_nearest,False,0.003471851348876953,success
04F3E8429C4C80,3,"['Arena', 'Casa Giulietta']",Torre Lamberti,"['Sighseeing', 'Centro Fotografia', 'Museo Conte', 'Palazzo della Ragione', 'AMO']",Castelvecchio,strategy_nearest,False,0.0032281875610351562,success
04F3EF3A9C4C80,1,"['Castelvecchio', 'Torre Lamberti']",Palazzo della Ragione,"['AMO', 'Museo Conte', 'Centro Fotografia', 'Sighseeing', 'Santa Anastasia']",Casa Giulietta,strategy_nearest,False,0.0033080577850341797,success
04F3F43A9C4C80,1,"['Arena', 'Torre Lamberti']",Palazzo della Ragione,"['AMO', 'Museo Conte', 'Centro Fotografia', 'Sighseeing', 'Santa Anastasia']",Casa Giulietta,strategy_nearest,False,0.0015032291412353516,success
04F3F54A9C4C80,0,['Arena'],Casa Giulietta,"['Centro Fotografia', 'Sighseeing', 'Torre Lamberti', 'Museo Conte', 'Museo Radio']",Teatro Romano,strategy_nearest,False,0.0032732486724853516,success
04F3F73A9C4C80,1,['Santa Anastasia'],Palazzo della Ragione,"['AMO', 'Museo Conte', 'Torre Lamberti', 'Centro Fotografia', 'Sighseeing']",Casa Giulietta,strategy_nearest,False,0.002586841583251953,success
04F3FD4A9C4C80,3,"['Arena', 'San Fermo']",Teatro Romano,"['Santa Anastasia', 'Duomo', 'AMO', 'Palazzo della Ragione', 'Museo Conte']",Duomo,strategy_nearest,True,0.0013928413391113281,success
04F3FE4A9C4C80,0,['Arena'],Teatro Romano,"['Santa Anastasia', 'Duomo', 'AMO', 'Palazzo della Ragione', 'Museo Conte']",Casa Giulietta,strategy_nearest,False,0.0032219886779785156,success
04F3FB4A9C4C80,1,"['Arena', 'Casa Giulietta']",Palazzo della Ragione,"['AMO', 'Museo Conte', 'Torre Lamberti', 'Centro Fotografia', 'Sighseeing']",Torre Lamberti,strategy_nearest,True,0.002160787582397461,success
04F3FA429C4C80,1,"['Arena', 'Casa Giulietta', 'Torre Lamberti', 'Palazzo della Ragione']",Santa Anastasia,"['AMO', 'Museo Conte', 'Teatro Romano', 'Centro Fotografia', 'Duomo']",San Fermo,strategy_nearest,False,0.003457784652709961,success
04F4024A9C4C84,0,['Arena'],Casa Giulietta,"['Centro Fotografia', 'Sighseeing', 'Torre Lamberti', 'Museo Conte', 'Museo Radio']",Torre Lamberti,strategy_nearest,True,0.002747774124145508,success
04F40A4A9C4C84,0,['Arena'],Casa Giulietta,"['Centro Fotografia', 'Sighseeing', 'Torre Lamberti', 'Museo Conte', 'Museo Radio']",Torre Lamberti,strategy_nearest,True,0.003154754638671875,success
04F4044A9C4C84,0,['Arena'],Torre Lamberti,"['Sighseeing', 'Centro Fotografia', 'Museo Conte', 'Casa Giulietta', 'Palazzo della Ragione']",Casa Giulietta,strategy_nearest,True,0.002145051956176758,success
04F40A429C4C84,3,"['Casa Giulietta', 'Santa Anastasia']",Teatro Romano,"['Duomo', 'AMO', 'Palazzo della Ragione', 'Museo Conte', 'Centro Fotografia']",Arena,strategy_nearest,False,0.0027158260345458984,success
04F40F4A9C4C84,1,"['Casa Giulietta', 'Torre Lamberti']",Palazzo della Ragione,"['AMO', 'Museo Conte', 'Centro Fotografia', 'Sighseeing', 'Santa Anastasia']",Tomba Giulietta,strategy_nearest,False,0.0015377998352050781,success
04F410429C4C84,1,"['Casa Giulietta', 'Torre Lamberti', 'Palazzo della Ragione', 'Duomo']",Teatro Romano,"['Santa Anastasia', 'AMO', 'Museo Conte', 'Centro Fotografia', 'Museo Miniscalchi']",Santa Anastasia,strategy_nearest,True,0.0031909942626953125,success
04F40E429C4C84,4,"['Palazzo della Ragione', 'Torre Lamberti', 'Casa Giulietta']",Arena,"['Verona Tour', 'Museo Lapidario', 'Museo Radio', 'San Fermo', 'Sighseeing']",Museo Lapidario,strategy_nearest,True,0.002191305160522461,success
04F40E4A9C4C84,0,['Castelvecchio'],Santa Anastasia,"['AMO', 'Museo Conte', 'Palazzo della Ragione', 'Teatro Romano', 'Centro Fotografia']",Casa Giulietta,strategy_nearest,False,0.0027730464935302734,success
04F4313A9C4C80,0,['Arena'],Castelvecchio,"['Museo Lapidario', 'Verona Tour', 'Museo Radio', 'San Zeno', 'Sighseeing']",Casa Giulietta,strategy_nearest,False,0.0015821456909179688,success
04F4363A9C4C80,1,"['Arena', 'Teatro Romano', 'Duomo']",Casa Giulietta,"['Centro Fotografia', 'Sighseeing', 'Torre Lamberti', 'Museo Conte', 'Museo Radio']",Torre Lamberti,strategy_nearest,True,0.002597808837890625,success
04F4263A9C4C80,3,"['Arena', 'Tomba Giulietta']",Casa Giulietta,"['Centro Fotografia', 'Sighseeing', 'Torre Lamberti', 'Museo Conte', 'Museo Radio']",Torre Lamberti,strategy_nearest,True,0.002212047576904297,success
04F411429C4C84,0,['Castelvecchio'],Arena,"['Verona Tour', 'Museo Lapidario', 'Museo Radio', 'San Fermo', 'Casa Giulietta']",Casa Giulietta,strategy_nearest,True,0.004187107086181641,success
04F4463A9C4C80,3,"['Museo Lapidario', 'Arena', 'Torre Lamberti']",Casa Giulietta,"['Centro Fotografia', 'Sighseeing', 'Museo Conte', 'Museo Radio', 'Palazzo della Ragione']",San Fermo,strategy_nearest,False,0.0026879310607910156,success
04F46B429C4C80,0,['Arena'],Castelvecchio,"['Museo Lapidario', 'Verona Tour', 'Museo Radio', 'San Zeno', 'Sighseeing']",Casa Giulietta,strategy_nearest,False,0.0025920867919921875,success
04F43B4A9C4C80,3,"['Arena', 'Casa Giulietta']",Santa Anastasia,"['AMO', 'Museo Conte', 'Palazzo della Ragione', 'Teatro Romano', 'Centro Fotografia']",Torre Lamberti,strategy_nearest,False,0.004022121429443359,success
04F4413A9C4C80,0,['Arena'],Casa Giulietta,"['Centro Fotografia', 'Sighseeing', 'Torre Lamberti', 'Museo Conte', 'Museo Radio']",Palazzo della Ragione,strategy_nearest,False,0.0021779537200927734,success
04F4974A9C4C80,2,"['Torre Lamberti', 'Santa Anastasia']",Duomo,"['AMO', 'Museo Miniscalchi', 'Teatro Romano', 'Palazzo della Ragione', 'Museo Conte']",San Zeno,strategy_nearest,False,0.002748250961303711,success
04F4833A9C4C80,1,"['Casa Giulietta', 'Arena']",Palazzo della Ragione,"['AMO', 'Museo Conte', 'Torre Lamberti', 'Centro Fotografia', 'Sighseeing']",Torre Lamberti,strategy_nearest,True,0.0021419525146484375,success
04F499429C4C80,0,['Arena'],Museo Lapidario,"['Verona Tour', 'Castelvecchio', 'Museo Radio', 'San Fermo', 'Casa Giulietta']",Duomo,strategy_nearest,False,0.003216981887817383,success
04F46E3A9C4C80,2,"['Castelvecchio', 'Teatro Romano']",Casa Giulietta,"['Centro Fotografia', 'Sighseeing', 'Torre Lamberti', 'Museo Conte', 'Museo Radio']",Torre Lamberti,strategy_nearest,True,0.0026128292083740234,success
04F49E4A9C4C80,2,"['Torre Lamberti', 'Palazzo della Ragione']",Santa Anastasia,"['AMO', 'Museo Conte', 'Teatro Romano', 'Centro Fotografia', 'Duomo']",Duomo,strategy_nearest,True,0.002162933349609375,success
04F4AD3A9C4C80,3,"['Castelvecchio', 'Casa Giulietta', 'Torre Lamberti']",Arena,"['Verona Tour', 'Museo Lapidario', 'Museo Radio', 'San Fermo', 'Sighseeing']",Giardino Giusti,strategy_nearest,False,0.0027081966400146484,success
04F4AB3A9C4C80,0,"['Teatro Romano', 'Arena']",San Fermo,"['Museo Storia', 'Museo Radio', 'Casa Giulietta', 'Centro Fotografia', 'Sighseeing']",Torre Lamberti,strategy_nearest,False,0.002146005630493164,success
04F4B03A9C4C80,3,"['Casa Giulietta', 'Torre Lamberti']",Arena,"['Verona Tour', 'Museo Lapidario', 'Museo Radio', 'San Fermo', 'Sighseeing']",Teatro Romano,strategy_nearest,False,0.003214120864868164,success
04F4B54A9C4C80,3,"['Arena', 'Casa Giulietta']",Torre Lamberti,"['Sighseeing', 'Centro Fotografia', 'Museo Conte', 'Palazzo della Ragione', 'AMO']",Santa Anastasia,strategy_nearest,False,0.0021948814392089844,success
04F4B44A9C4C80,0,['Arena'],Casa Giulietta,"['Centro Fotografia', 'Sighseeing', 'Torre Lamberti', 'Museo Conte', 'Museo Radio']",Castelvecchio,strategy_nearest,False,0.003442049026489258,success
04F4BC4A9C4C80,1,"['Arena', 'Torre Lamberti']",Palazzo della Ragione,"['AMO', 'Museo Conte', 'Centro Fotografia', 'Sighseeing', 'Santa Anastasia']",Santa Anastasia,strategy_nearest,True,0.003247976303100586,success
04F4B74A9C4C80,3,['Arena'],Casa Giulietta,"['Centro Fotografia', 'Sighseeing', 'Torre Lamberti', 'Museo Conte', 'Museo Radio']",Santa Anastasia,strategy_nearest,False,0.0021848678588867188,success
04F4D3429C4C80,1,"['Casa Giulietta', 'Tomba Giulietta', 'Arena', 'Museo Lapidario']",Castelvecchio,"['Verona Tour', 'Museo Radio', 'San Zeno', 'Sighseeing', 'Museo Miniscalchi']",San Fermo,strategy_nearest,False,0.0013909339904785156,success
04F4CC429C4C80,3,"['Castelvecchio', 'Casa Giulietta']",Arena,"['Verona Tour', 'Museo Lapidario', 'Museo Radio', 'San Fermo', 'Sighseeing']",Tomba Giulietta,strategy_nearest,False,0.002759218215942383,success
04F4C84A9C4C80,1,"['Arena', 'Torre Lamberti']",Palazzo della Ragione,"['AMO', 'Museo Conte', 'Centro Fotografia', 'Sighseeing', 'Santa Anastasia']",Casa Giulietta,strategy_nearest,False,0.003500223159790039,success
04F4C13A9C4C80,0,['Arena'],Casa Giulietta,"['Centro Fotografia', 'Sighseeing', 'Torre Lamberti', 'Museo Conte', 'Museo Radio']",Torre Lamberti,strategy_nearest,True,0.0028541088104248047,success
04F4D63A9C4C80,0,['Arena'],Casa Giulietta,"['Centro Fotografia', 'Sighseeing', 'Torre Lamberti', 'Museo Conte', 'Museo Radio']",San Zeno,strategy_nearest,False,0.0020890235900878906,success
04F4DB429C4C80,1,"['Tomba Giulietta', 'Arena', 'Casa Giulietta']",San Fermo,"['Museo Storia', 'Museo Radio', 'Centro Fotografia', 'Sighseeing', 'Torre Lamberti']",Torre Lamberti,strategy_nearest,True,0.0019638538360595703,success
04F4DB3A9C4C80,1,"['Casa Giulietta', 'Palazzo della Ragione']",Santa Anastasia,"['AMO', 'Museo Conte', 'Teatro Romano', 'Centro Fotografia', 'Duomo']",Duomo,strategy_nearest,True,0.0032927989959716797,success
04F4EA4A9C4C80,2,"['Museo Lapidario', 'Torre Lamberti']",Palazzo della Ragione,"['AMO', 'Museo Conte', 'Centro Fotografia', 'Sighseeing', 'Santa Anastasia']",Casa Giulietta,strategy_nearest,False,0.003319978713989258,success
04F4F2429C4C80,3,"['Castelvecchio', 'Torre Lamberti', 'Santa Anastasia']",San Fermo,"['Museo Storia', 'Museo Radio', 'Casa Giulietta', 'Centro Fotografia', 'Arena']",Arena,strategy_nearest,True,0.0017631053924560547,success
04F4EB429C4C80,1,"['Arena', 'Santa Anastasia', 'Duomo', 'Torre Lamberti']",Palazzo della Ragione,"['AMO', 'Museo Conte', 'Centro Fotografia', 'Sighseeing', 'Museo Miniscalchi']",Casa Giulietta,strategy_nearest,False,0.0027468204498291016,success
04F4F6429C4C80,3,"['Museo Lapidario', 'Castelvecchio']",Arena,"['Verona Tour', 'Museo Radio', 'San Fermo', 'Casa Giulietta', 'Sighseeing']",Duomo,strategy_nearest,False,0.0032088756561279297,success
04F4FA429C4C80,1,"['Arena', 'Museo Lapidario']",Palazzo della Ragione,"['AMO', 'Museo Conte', 'Torre Lamberti', 'Centro Fotografia', 'Sighseeing']",Santa Anastasia,strategy_nearest,False,0.003371000289916992,success
04F5074A9C4C84,0,"['Tomba Giulietta', 'Arena']",Castelvecchio,"['Museo Lapidario', 'Verona Tour', 'Museo Radio', 'San Zeno', 'Sighseeing']",Casa Giulietta,strategy_nearest,False,0.0016589164733886719,success
04F5094A9C4C84,2,"['Casa Giulietta', 'Torre Lamberti']",Santa Anastasia,"['AMO', 'Museo Conte', 'Palazzo della Ragione', 'Teatro Romano', 'Centro Fotografia']",Duomo,strategy_nearest,False,0.0033042430877685547,success
04F4FB429C4C80,3,"['Teatro Romano', 'Duomo', 'Santa Anastasia']",Casa Giulietta,"['Centro Fotografia', 'Sighseeing', 'Torre Lamberti', 'Museo Conte', 'Museo Radio']",Arena,strategy_nearest,False,0.0038390159606933594,success
04F50A429C4C84,3,"['Tomba Giulietta', 'Museo Lapidario', 'Arena', 'Duomo']",Teatro Romano,"['Santa Anastasia', 'AMO', 'Palazzo della Ragione', 'Museo Conte', 'Centro Fotografia']",Santa Anastasia,strategy_nearest,True,0.0031900405883789062,success
04F50A4A9C4C84,3,"['Teatro Romano', 'Duomo', 'Santa Anastasia']",Castelvecchio,"['Museo Lapidario', 'Verona Tour', 'Arena', 'Museo Radio', 'San Zeno']",Arena,strategy_nearest,True,0.0015943050384521484,success
04F5114A9C4C84,0,"['Castelvecchio', 'Arena']",Casa Giulietta,"['Centro Fotografia', 'Sighseeing', 'Torre Lamberti', 'Museo Conte', 'Museo Radio']",Tomba Giulietta,strategy_nearest,False,0.0023238658905029297,success
04F50B4A9C4C84,0,['Arena'],Museo Lapidario,"['Verona Tour', 'Castelvecchio', 'Museo Radio', 'San Fermo', 'Casa Giulietta']",Castelvecchio,strategy_nearest,True,0.0025780200958251953,success
04F513429C4C84,0,['Arena'],Casa Giulietta,"['Centro Fotografia', 'Sighseeing', 'Torre Lamberti', 'Museo Conte', 'Museo Radio']",Torre Lamberti,strategy_nearest,True,0.0032091140747070312,success
04F52F429C4C80,0,['Arena'],Casa Giulietta,"['Centro Fotografia', 'Sighseeing', 'Torre Lamberti', 'Museo Conte', 'Museo Radio']",Torre Lamberti,strategy_nearest,True,0.002109050750732422,success
04F5313A9C4C80,0,['Arena'],Castelvecchio,"['Museo Lapidario', 'Verona Tour', 'Museo Radio', 'San Zeno', 'Sighseeing']",Casa Giulietta,strategy_nearest,False,0.0032918453216552734,success
04F516429C4C84,1,"['Arena', 'Museo Lapidario', 'Torre Lamberti']",Palazzo della Ragione,"['AMO', 'Museo Conte', 'Centro Fotografia', 'Sighseeing', 'Santa Anastasia']",Santa Anastasia,strategy_nearest,True,0.004020214080810547,success
04F5393A9C4C80,3,"['Arena', 'Casa Giulietta']",Santa Anastasia,"['AMO', 'Museo Conte', 'Palazzo della Ragione', 'Teatro Romano', 'Centro Fotografia']",Torre Lamberti,strategy_nearest,False,0.002833843231201172,success
04F5403A9C4C80,3,"['Arena', 'Castelvecchio', 'San Zeno', 'Duomo']",Teatro Romano,"['Santa Anastasia', 'AMO', 'Palazzo della Ragione', 'Museo Conte', 'Centro Fotografia']",Santa Anastasia,strategy_nearest,True,0.002240896224975586,success
04F5423A9C4C80,3,"['San Zeno', 'Arena']",Torre Lamberti,"['Sighseeing', 'Centro Fotografia', 'Museo Conte', 'Casa Giulietta', 'Palazzo della Ragione']",Duomo,strategy_nearest,False,0.0026178359985351562,success
04F5434A9C4C80,3,"['Arena', 'Castelvecchio']",Museo Lapidario,"['Verona Tour', 'Museo Radio', 'San Fermo', 'Casa Giulietta', 'Tomba Giulietta']",Casa Giulietta,strategy_nearest,True,0.002582073211669922,success
04F5533A9C4C80,0,['San Fermo'],Arena,"['Verona Tour', 'Museo Lapidario', 'Museo Radio', 'Casa Giulietta', 'Sighseeing']",Castelvecchio,strategy_nearest,False,0.003522157669067383,success
04F55D429C4C80,3,"['Santa Anastasia', 'Duomo']",Casa Giulietta,"['Centro Fotografia', 'Sighseeing', 'Torre Lamberti', 'Museo Conte', 'Museo Radio']",Teatro Romano,strategy_nearest,False,0.003132343292236328,success
04F572429C4C80,1,"['Casa Giulietta', 'Torre Lamberti', 'Palazzo della Ragione']",Santa Anastasia,"['AMO', 'Museo Conte', 'Teatro Romano', 'Centro Fotografia', 'Duomo']",Duomo,strategy_nearest,True,0.002527952194213867,success
04F5653A9C4C80,3,"['Arena', 'Museo Lapidario', 'Casa Giulietta', 'Torre Lamberti']",Teatro Romano,"['Santa Anastasia', 'Duomo', 'AMO', 'Palazzo della Ragione', 'Museo Conte']",Santa Anastasia,strategy_nearest,True,0.003389120101928711,success
04F5843A9C4C80,3,"['Arena', 'Castelvecchio']",San Fermo,"['Museo Storia', 'Museo Radio', 'Casa Giulietta', 'Centro Fotografia', 'Sighseeing']",Teatro Romano,strategy_nearest,False,0.0022788047790527344,success
04F5894A9C4C80,3,"['Arena', 'Casa Giulietta']",Santa Anastasia,"['AMO', 'Museo Conte', 'Palazzo della Ragione', 'Teatro Romano', 'Centro Fotografia']",Teatro Romano,strategy_nearest,True,0.0019578933715820312,success
04F5873A9C4C80,1,"['Arena', 'Casa Giulietta', 'Palazzo della Ragione']",Torre Lamberti,"['Sighseeing', 'Centro Fotografia', 'Museo Conte', 'AMO', 'Museo Miniscalchi']",Teatro Romano,strategy_nearest,False,0.0033261775970458984,success
04F591429C4C80,2,['Castelvecchio'],Torre Lamberti,"['Sighseeing', 'Centro Fotografia', 'Museo Conte', 'Casa Giulietta', 'Palazzo della Ragione']",Santa Anastasia,strategy_nearest,False,0.0030870437622070312,success
04F59A4A9C4C80,0,['Arena'],Torre Lamberti,"['Sighseeing', 'Centro Fotografia', 'Museo Conte', 'Casa Giulietta', 'Palazzo della Ragione']",Casa Giulietta,strategy_nearest,True,0.0032072067260742188,success
04F5B44A9C4C80,2,['Santa Anastasia'],Teatro Romano,"['Duomo', 'AMO', 'Palazzo della Ragione', 'Museo Conte', 'Centro Fotografia']",San Zeno,strategy_nearest,False,0.0033299922943115234,success
04F5BC3A9C4C80,0,['Arena'],Museo Lapidario,"['Verona Tour', 'Castelvecchio', 'Museo Radio', 'San Fermo', 'Casa Giulietta']",Casa Giulietta,strategy_nearest,True,0.003119230270385742,success
04F59F4A9C4C80,0,"['Arena', 'Casa Giulietta']",San Fermo,"['Museo Storia', 'Museo Radio', 'Centro Fotografia', 'Sighseeing', 'Torre Lamberti']",Castelvecchio,strategy_nearest,False,0.002794027328491211,success
04F5C74A9C4C80,1,"['Arena', 'Castelvecchio']",Casa Giulietta,"['Centro Fotografia', 'Sighseeing', 'Torre Lamberti', 'Museo Conte', 'Museo Radio']",Palazzo della Ragione,strategy_nearest,False,0.002371072769165039,success
04F5C04A9C4C80,0,['Casa Giulietta'],Arena,"['Verona Tour', 'Museo Lapidario', 'Museo Radio', 'San Fermo', 'Sighseeing']",Castelvecchio,strategy_nearest,False,0.0028259754180908203,success
04F5C83A9C4C80,0,['Castelvecchio'],Duomo,"['AMO', 'Museo Miniscalchi', 'Santa Anastasia', 'Teatro Romano', 'Palazzo della Ragione']",Teatro Romano,strategy_nearest,True,0.002748727798461914,success
04F5C84A9C4C80,0,['Arena'],Casa Giulietta,"['Centro Fotografia', 'Sighseeing', 'Torre Lamberti', 'Museo Conte', 'Museo Radio']",San Fermo,strategy_nearest,False,0.0026998519897460938,success
04F5C94A9C4C80,1,['Arena'],Torre Lamberti,"['Sighseeing', 'Centro Fotografia', 'Museo Conte', 'Casa Giulietta', 'Palazzo della Ragione']",Palazzo della Ragione,strategy_nearest,True,0.0026900768280029297,success
04F5CF4A9C4C80,3,['Arena'],Santa Anastasia,"['AMO', 'Museo Conte', 'Palazzo della Ragione', 'Teatro Romano', 'Centro Fotografia']",Teatro Romano,strategy_nearest,True,0.0033059120178222656,success
04F5D13A9C4C80,1,['Arena'],Teatro Romano,"['Santa Anastasia', 'Duomo', 'AMO', 'Palazzo della Ragione', 'Museo Conte']",Torre Lamberti,strategy_nearest,False,0.0023071765899658203,success
04F5D1429C4C80,1,['Arena'],Torre Lamberti,"['Sighseeing', 'Centro Fotografia', 'Museo Conte', 'Casa Giulietta', 'Palazzo della Ragione']",Palazzo della Ragione,strategy_nearest,True,0.0028030872344970703,success
04F5D3429C4C80,3,"['Arena', 'San Zeno']",Santa Anastasia,"['AMO', 'Museo Conte', 'Palazzo della Ragione', 'Teatro Romano', 'Centro Fotografia']",Castelvecchio,strategy_nearest,False,0.0027179718017578125,success
04F5DF429C4C80,1,"['Arena', 'Museo Lapidario', 'Castelvecchio', 'Santa Anastasia']",Duomo,"['AMO', 'Museo Miniscalchi', 'Teatro Romano', 'Palazzo della Ragione', 'Museo Conte']",Teatro Romano,strategy_nearest,True,0.003283977508544922,success
04F5E33A9C4C80,0,"['Castelvecchio', 'San Zeno', 'Arena']",Museo Lapidario,"['Verona Tour', 'Museo Radio', 'San Fermo', 'Casa Giulietta', 'Tomba Giulietta']",Tomba Giulietta,strategy_nearest,True,0.002825021743774414,success
04F5ED429C4C80,0,"['Arena', 'Tomba Giulietta']",Castelvecchio,"['Museo Lapidario', 'Verona Tour', 'Museo Radio', 'San Zeno', 'Sighseeing']",Teatro Romano,strategy_nearest,False,0.003298044204711914,success
04F5EF429C4C80,3,"['Arena', 'Torre Lamberti', 'Casa Giulietta', 'San Fermo']",Santa Anastasia,"['AMO', 'Museo Conte', 'Palazzo della Ragione', 'Teatro Romano', 'Centro Fotografia']",Castelvecchio,strategy_nearest,False,0.0031478404998779297,success
04F5E94A9C4C80,0,"['Arena', 'Casa Giulietta']",Torre Lamberti,"['Sighseeing', 'Centro Fotografia', 'Museo Conte', 'Palazzo della Ragione', 'AMO']",Teatro Romano,strategy_nearest,False,0.0020132064819335938,success
04F5E3429C4C80,0,"['Arena', 'Castelvecchio']",Casa Giulietta,"['Centro Fotografia', 'Sighseeing', 'Torre Lamberti', 'Museo Conte', 'Museo Radio']",San Fermo,strategy_nearest,False,0.0034067630767822266,success
04F5FA429C4C80,4,"['Torre Lamberti', 'Casa Giulietta', 'Tomba Giulietta']",Museo Radio,"['San Fermo', 'Arena', 'Sighseeing', 'Centro Fotografia', 'Verona Tour']",Arena,strategy_nearest,True,0.0020461082458496094,success
04F5F64A9C4C80,1,['Arena'],Casa Giulietta,"['Centro Fotografia', 'Sighseeing', 'Torre Lamberti', 'Museo Conte', 'Museo Radio']",Palazzo della Ragione,strategy_nearest,False,0.002766132354736328,success
04F5FC4A9C4C80,0,['Arena'],Casa Giulietta,"['Centro Fotografia', 'Sighseeing', 'Torre Lamberti', 'Museo Conte', 'Museo Radio']",Torre Lamberti,strategy_nearest,True,0.0014019012451171875,success
04F5EF4A9C4C80,1,"['Arena', 'Palazzo della Ragione', 'Torre Lamberti']",Casa Giulietta,"['Centro Fotografia', 'Sighseeing', 'Museo Conte', 'Museo Radio', 'San Fermo']",Duomo,strategy_nearest,False,0.003376007080078125,success
04F6014A9C4C84,0,['Teatro Romano'],Casa Giulietta,"['Centro Fotografia', 'Sighseeing', 'Torre Lamberti', 'Museo Conte', 'Museo Radio']",Arena,strategy_nearest,False,0.0015110969543457031,success
04F6054A9C4C84,0,"['Torre Lamberti', 'Duomo']",Casa Giulietta,"['Centro Fotografia', 'Sighseeing', 'Museo Conte', 'Museo Radio', 'Palazzo della Ragione']",Museo Storia,strategy_nearest,False,0.002607107162475586,success
04F5FE4A9C4C80,1,"['Arena', 'Casa Giulietta', 'Tomba Giulietta', 'Castelvecchio', 'Duomo']",Santa Anastasia,"['AMO', 'Museo Conte', 'Palazzo della Ragione', 'Teatro Romano', 'Centro Fotografia']",Teatro Romano,strategy_nearest,True,0.0034639835357666016,success
04F5FD4A9C4C80,3,"['Castelvecchio', 'Arena']",Casa Giulietta,"['Centro Fotografia', 'Sighseeing', 'Torre Lamberti', 'Museo Conte', 'Museo Radio']",Duomo,strategy_nearest,False,0.002173900604248047,success
04F6074A9C4C84,3,"['Arena', 'Casa Giulietta']",Santa Anastasia,"['AMO', 'Museo Conte', 'Palazzo della Ragione', 'Teatro Romano', 'Centro Fotografia']",Teatro Romano,strategy_nearest,True,0.0026590824127197266,success
04F60B4A9C4C84,1,"['Museo Lapidario', 'Arena', 'Santa Anastasia', 'Duomo']",Teatro Romano,"['AMO', 'Palazzo della Ragione', 'Museo Conte', 'Centro Fotografia', 'Museo Miniscalchi']",Casa Giulietta,strategy_nearest,False,0.001895904541015625,success
04F614429C4C84,0,['Casa Giulietta'],Casa Giulietta,"['Centro Fotografia', 'Sighseeing', 'Torre Lamberti', 'Museo Conte', 'Museo Radio']",Arena,strategy_nearest,False,0.002866029739379883,success
04F612429C4C84,0,"['Arena', 'Castelvecchio']",Casa Giulietta,"['Centro Fotografia', 'Sighseeing', 'Torre Lamberti', 'Museo Conte', 'Museo Radio']",Teatro Romano,strategy_nearest,False,0.003677845001220703,success
04F615429C4C84,4,"['Arena', 'Casa Giulietta', 'Santa Anastasia', 'Duomo']",Torre Lamberti,"['Sighseeing', 'Centro Fotografia', 'Museo Conte', 'Palazzo della Ragione', 'AMO']",Palazzo della Ragione,strategy_nearest,True,0.002496957778930664,success
04F62A429C4C80,0,"['Arena', 'Torre Lamberti']",Casa Giulietta,"['Centro Fotografia', 'Sighseeing', 'Museo Conte', 'Museo Radio', 'Palazzo della Ragione']",Castelvecchio,strategy_nearest,False,0.003039121627807617,success
04F62B429C4C80,0,"['Casa Giulietta', 'Arena']",Tomba Giulietta,"['San Fermo', 'Museo Storia', 'Museo Lapidario', 'Museo Radio', 'Verona Tour']",Castelvecchio,strategy_nearest,False,0.002440929412841797,success
04F6453A9C4C80,2,['Palazzo della Ragione'],Torre Lamberti,"['Sighseeing', 'Centro Fotografia', 'Museo Conte', 'Casa Giulietta', 'AMO']",Castelvecchio,strategy_nearest,False,0.0031800270080566406,success
04F6393A9C4C80,1,"['Duomo', 'Teatro Romano', 'Casa Giulietta', 'Arena']",Castelvecchio,"['Museo Lapidario', 'Verona Tour', 'Museo Radio', 'San Zeno', 'Sighseeing']",San Zeno,strategy_nearest,True,0.002655029296875,success
04F6463A9C4C80,3,"['Arena', 'Casa Giulietta', 'Torre Lamberti']",Duomo,"['AMO', 'Museo Miniscalchi', 'Santa Anastasia', 'Teatro Romano', 'Palazzo della Ragione']",Santa Anastasia,strategy_nearest,True,0.003286600112915039,success
04F6653A9C4C80,1,"['Arena', 'Museo Lapidario', 'San Zeno', 'Castelvecchio', 'Duomo']",Santa Anastasia,"['AMO', 'Museo Conte', 'Palazzo della Ragione', 'Teatro Romano', 'Centro Fotografia']",Teatro Romano,strategy_nearest,True,0.0017452239990234375,success
04F64D429C4C80,3,"['Castelvecchio', 'Arena']",Casa Giulietta,"['Centro Fotografia', 'Sighseeing', 'Torre Lamberti', 'Museo Conte', 'Museo Radio']",Duomo,strategy_nearest,False,0.0028460025787353516,success
04F66A429C4C80,0,['Teatro Romano'],Duomo,"['AMO', 'Museo Miniscalchi', 'Santa Anastasia', 'Palazzo della Ragione', 'Museo Conte']",Arena,strategy_nearest,False,0.003170013427734375,success
04F6764A9C4C80,2,['Casa Giulietta'],Torre Lamberti,"['Sighseeing', 'Centro Fotografia', 'Museo Conte', 'Palazzo della Ragione', 'AMO']",Santa Anastasia,strategy_nearest,False,0.003181934356689453,success
04F6743A9C4C80,3,"['Casa Giulietta', 'Torre Lamberti']",Arena,"['Verona Tour', 'Museo Lapidario', 'Museo Radio', 'San Fermo', 'Sighseeing']",Duomo,strategy_nearest,False,0.0025787353515625,success
04F677429C4C80,1,"['Arena', 'Casa Giulietta', 'Torre Lamberti']",Palazzo della Ragione,"['AMO', 'Museo Conte', 'Centro Fotografia', 'Sighseeing', 'Santa Anastasia']",Santa Anastasia,strategy_nearest,True,0.0025179386138916016,success
04F6774A9C4C80,1,"['Arena', 'Torre Lamberti', 'Palazzo della Ragione', 'Casa Giulietta']",Santa Anastasia,"['AMO', 'Museo Conte', 'Teatro Romano', 'Centro Fotografia', 'Duomo']",Duomo,strategy_nearest,True,0.003261089324951172,success
04F67C3A9C4C80,3,"['Santa Anastasia', 'Duomo']",Castelvecchio,"['Museo Lapidario', 'Verona Tour', 'Arena', 'Museo Radio', 'San Zeno']",Torre Lamberti,strategy_nearest,False,0.002615213394165039,success
04F6884A9C4C80,0,['Arena'],Casa Giulietta,"['Centro Fotografia', 'Sighseeing', 'Torre Lamberti', 'Museo Conte', 'Museo Radio']",Torre Lamberti,strategy_nearest,True,0.0030188560485839844,success
04F69E4A9C4C80,3,"['Arena', 'Casa Giulietta']",Santa Anastasia,"['AMO', 'Museo Conte', 'Palazzo della Ragione', 'Teatro Romano', 'Centro Fotografia']",Duomo,strategy_nearest,False,0.0024099349975585938,success
04F6A34A9C4C80,3,"['Castelvecchio', 'Duomo', 'Giardino Giusti']",Teatro Romano,"['Santa Anastasia', 'AMO', 'Palazzo della Ragione', 'Museo Conte', 'Centro Fotografia']",Torre Lamberti,strategy_nearest,False,0.0026140213012695312,success
04F6904A9C4C80,0,"['Casa Giulietta', 'Arena']",Castelvecchio,"['Museo Lapidario', 'Verona Tour', 'Museo Radio', 'San Zeno', 'Sighseeing']",Teatro Romano,strategy_nearest,False,0.003470182418823242,success
04F6A3429C4C80,1,"['Casa Giulietta', 'Palazzo della Ragione', 'Torre Lamberti']",Arena,"['Verona Tour', 'Museo Lapidario', 'Museo Radio', 'San Fermo', 'Sighseeing']",San Fermo,strategy_nearest,True,0.0039081573486328125,success
04F6B14A9C4C80,1,"['Arena', 'Palazzo della Ragione', 'Casa Giulietta']",Tomba Giulietta,"['San Fermo', 'Museo Storia', 'Museo Lapidario', 'Museo Radio', 'Verona Tour']",Castelvecchio,strategy_nearest,False,0.0020139217376708984,success
04F6AF4A9C4C80,3,"['Arena', 'Casa Giulietta']",Santa Anastasia,"['AMO', 'Museo Conte', 'Palazzo della Ragione', 'Teatro Romano', 'Centro Fotografia']",Duomo,strategy_nearest,False,0.0014379024505615234,success
04F6AE3A9C4C80,0,"['Casa Giulietta', 'Teatro Romano']",Duomo,"['AMO', 'Museo Miniscalchi', 'Santa Anastasia', 'Palazzo della Ragione', 'Museo Conte']",Castelvecchio,strategy_nearest,False,0.003220081329345703,success
04F6A84A9C4C80,1,['San Fermo'],Torre Lamberti,"['Sighseeing', 'Centro Fotografia', 'Museo Conte', 'Casa Giulietta', 'Palazzo della Ragione']",Palazzo della Ragione,strategy_nearest,True,0.003938198089599609,success
04F6BB4A9C4C80,0,['Arena'],Casa Giulietta,"['Centro Fotografia', 'Sighseeing', 'Torre Lamberti', 'Museo Conte', 'Museo Radio']",Teatro Romano,strategy_nearest,False,0.002146005630493164,success
04F6CE4A9C4C80,0,"['Arena', 'Casa Giulietta']",Santa Anastasia,"['AMO', 'Museo Conte', 'Palazzo della Ragione', 'Teatro Romano', 'Centro Fotografia']",Castelvecchio,strategy_nearest,False,0.001399993896484375,success
04F6B34A9C4C80,3,"['Arena', 'Tomba Giulietta']",Casa Giulietta,"['Centro Fotografia', 'Sighseeing', 'Torre Lamberti', 'Museo Conte', 'Museo Radio']",Santa Anastasia,strategy_nearest,False,0.002771139144897461,success
04F6C64A9C4C80,3,"['Museo Lapidario', 'Arena']",Casa Giulietta,"['Centro Fotografia', 'Sighseeing', 'Torre Lamberti', 'Museo Conte', 'Museo Radio']",Santa Anastasia,strategy_nearest,False,0.003240823745727539,success
04F6DB429C4C80,3,"['Arena', 'Casa Giulietta']",Torre Lamberti,"['Sighseeing', 'Centro Fotografia', 'Museo Conte', 'Palazzo della Ragione', 'AMO']",Santa Anastasia,strategy_nearest,False,0.002077817916870117,success
04F6DA429C4C80,1,"['Palazzo della Ragione', 'Torre Lamberti']",Tomba Giulietta,"['San Fermo', 'Museo Storia', 'Arena', 'Museo Lapidario', 'Museo Radio']",Castelvecchio,strategy_nearest,False,0.002827882766723633,success
04F6CF4A9C4C80,1,"['Castelvecchio', 'Museo Lapidario', 'Palazzo della Ragione']",Torre Lamberti,"['Sighseeing', 'Centro Fotografia', 'Museo Conte', 'Casa Giulietta', 'AMO']",Duomo,strategy_nearest,False,0.004107236862182617,success
04F6D13A9C4C80,0,['Arena'],Duomo,"['AMO', 'Museo Miniscalchi', 'Santa Anastasia', 'Teatro Romano', 'Palazzo della Ragione']",Casa Giulietta,strategy_nearest,False,0.0016169548034667969,success
04F6DC429C4C80,1,"['Arena', 'Castelvecchio', 'Torre Lamberti']",Palazzo della Ragione,"['AMO', 'Museo Conte', 'Centro Fotografia', 'Sighseeing', 'Santa Anastasia']",Santa Anastasia,strategy_nearest,True,0.0023012161254882812,success
04F6F03A9C4C80,1,"['Castelvecchio', 'San Zeno', 'Arena', 'Torre Lamberti']",Palazzo della Ragione,"['AMO', 'Museo Conte', 'Centro Fotografia', 'Sighseeing', 'Santa Anastasia']",Santa Anastasia,strategy_nearest,True,0.0020570755004882812,success
04F6EB3A9C4C80,0,['Arena'],Casa Giulietta,"['Centro Fotografia', 'Sighseeing', 'Torre Lamberti', 'Museo Conte', 'Museo Radio']",Duomo,strategy_nearest,False,0.0028731822967529297,success
04F6EE429C4C80,0,['Castelvecchio'],Casa Giulietta,"['Centro Fotografia', 'Sighseeing', 'Torre Lamberti', 'Museo Conte', 'Museo Radio']",Arena,strategy_nearest,False,0.0035250186920166016,success
04F6F2429C4C80,1,"['Arena', 'Casa Giulietta', 'Santa Anastasia']",San Fermo,"['Museo Storia', 'Museo Radio', 'Centro Fotografia', 'Sighseeing', 'Torre Lamberti']",Torre Lamberti,strategy_nearest,True,0.0026378631591796875,success
04F6F14A9C4C80,0,['Arena'],Casa Giulietta,"['Centro Fotografia', 'Sighseeing', 'Torre Lamberti', 'Museo Conte', 'Museo Radio']",Santa Anastasia,strategy_nearest,False,0.003253936767578125,success
04F6F34A9C4C80,1,"['Arena', 'Palazzo della Ragione']",Torre Lamberti,"['Sighseeing', 'Centro Fotografia', 'Museo Conte', 'Casa Giulietta', 'AMO']",Casa Giulietta,strategy_nearest,True,0.0013592243194580078,success
04F6F5429C4C80,3,"['Arena', 'Castelvecchio', 'Torre Lamberti']",Santa Anastasia,"['AMO', 'Museo Conte', 'Palazzo della Ragione', 'Teatro Romano', 'Centro Fotografia']",Duomo,strategy_nearest,False,0.003412961959838867,success
04F6F74A9C4C80,1,['Arena'],Casa Giulietta,"['Centro Fotografia', 'Sighseeing', 'Torre Lamberti', 'Museo Conte', 'Museo Radio']",Palazzo della Ragione,strategy_nearest,False,0.0017719268798828125,success
04F6FA4A9C4C80,3,['Arena'],Casa Giulietta,"['Centro Fotografia', 'Sighseeing', 'Torre Lamberti', 'Museo Conte', 'Museo Radio']",Santa Anastasia,strategy_nearest,False,0.0028040409088134766,success
04F6F93A9C4C80,1,"['Arena', 'Casa Giulietta']",Palazzo della Ragione,"['AMO', 'Museo Conte', 'Torre Lamberti', 'Centro Fotografia', 'Sighseeing']",Torre Lamberti,strategy_nearest,True,0.0034432411193847656,success
04F6FC4A9C4C80,0,['Arena'],Casa Giulietta,"['Centro Fotografia', 'Sighseeing', 'Torre Lamberti', 'Museo Conte', 'Museo Radio']",Duomo,strategy_nearest,False,0.0031599998474121094,success
04F7014A9C4C84,1,"['Arena', 'Casa Giulietta']",Torre Lamberti,"['Sighseeing', 'Centro Fotografia', 'Museo Conte', 'Palazzo della Ragione', 'AMO']",Palazzo della Ragione,strategy_nearest,True,0.00311279296875,success
04F70E429C4C84,3,['Santa Anastasia'],Duomo,"['AMO', 'Museo Miniscalchi', 'Teatro Romano', 'Palazzo della Ragione', 'Museo Conte']",Casa Giulietta,strategy_nearest,False,0.0034308433532714844,success
04F72B429C4C80,1,"['Casa Giulietta', 'Arena']",Tomba Giulietta,"['San Fermo', 'Museo Storia', 'Museo Lapidario', 'Museo Radio', 'Verona Tour']",Palazzo della Ragione,strategy_nearest,False,0.0019190311431884766,success
04F72D429C4C80,2,['San Zeno'],Castelvecchio,"['Museo Lapidario', 'Verona Tour', 'Arena', 'Museo Radio', 'Sighseeing']",Casa Giulietta,strategy_nearest,False,0.003156900405883789,success
04F731429C4C80,2,"['Torre Lamberti', 'Santa Anastasia', 'Duomo']",Teatro Romano,"['AMO', 'Palazzo della Ragione', 'Museo Conte', 'Centro Fotografia', 'Museo Miniscalchi']",Giardino Giusti,strategy_nearest,False,0.0026710033416748047,success
04F734429C4C80,1,"['Tomba Giulietta', 'Arena', 'Torre Lamberti']",Casa Giulietta,"['Centro Fotografia', 'Sighseeing', 'Museo Conte', 'Museo Radio', 'Palazzo della Ragione']",Santa Anastasia,strategy_nearest,False,0.0020508766174316406,success
04F73F3A9C4C80,2,"['Duomo', 'Teatro Romano']",Casa Giulietta,"['Centro Fotografia', 'Sighseeing', 'Torre Lamberti', 'Museo Conte', 'Museo Radio']",Tomba Giulietta,strategy_nearest,False,0.003263235092163086,success
04F72F3A9C4C80,1,"['Arena', 'Casa Giulietta', 'Palazzo della Ragione', 'Torre Lamberti']",Santa Anastasia,"['AMO', 'Museo Conte', 'Teatro Romano', 'Centro Fotografia', 'Duomo']",Duomo,strategy_nearest,True,0.0033812522888183594,success
04F750429C4C80,1,"['Arena', 'Castelvecchio', 'Casa Giulietta']",San Fermo,"['Museo Storia', 'Museo Radio', 'Centro Fotografia', 'Sighseeing', 'Torre Lamberti']",Duomo,strategy_nearest,False,0.0027647018432617188,success
04F746429C4C80,3,"['San Zeno', 'Castelvecchio', 'Tomba Giulietta']",Arena,"['Verona Tour', 'Museo Lapidario', 'Museo Radio', 'San Fermo', 'Casa Giulietta']",Teatro Romano,strategy_nearest,False,0.003381967544555664,success
04F7794A9C4C80,2,['Duomo'],Teatro Romano,"['Santa Anastasia', 'AMO', 'Palazzo della Ragione', 'Museo Conte', 'Centro Fotografia']",Casa Giulietta,strategy_nearest,False,0.0013797283172607422,success
04F76C3A9C4C80,3,"['Arena', 'Santa Anastasia', 'Teatro Romano']",Duomo,"['AMO', 'Museo Miniscalchi', 'Palazzo della Ragione', 'Museo Conte', 'Torre Lamberti']",Torre Lamberti,strategy_nearest,True,0.0033159255981445312,success
04F7874A9C4C80,3,"['Arena', 'Castelvecchio']",Duomo,"['AMO', 'Museo Miniscalchi', 'Santa Anastasia', 'Teatro Romano', 'Palazzo della Ragione']",Santa Anastasia,strategy_nearest,True,0.0020389556884765625,success
04F7994A9C4C80,3,"['Arena', 'Casa Giulietta']",Torre Lamberti,"['Sighseeing', 'Centro Fotografia', 'Museo Conte', 'Palazzo della Ragione', 'AMO']",Duomo,strategy_nearest,False,0.002721071243286133,success
04F793429C4C80,0,['Casa Giulietta'],Torre Lamberti,"['Sighseeing', 'Centro Fotografia', 'Museo Conte', 'Palazzo della Ragione', 'AMO']",Teatro Romano,strategy_nearest,False,0.0013859272003173828,success
04F79E4A9C4C80,0,['Arena'],Casa Giulietta,"['Centro Fotografia', 'Sighseeing', 'Torre Lamberti', 'Museo Conte', 'Museo Radio']",Duomo,strategy_nearest,False,0.003283262252807617,success
04F7A14A9C4C80,1,"['Casa Giulietta', 'Arena', 'Tomba Giulietta']",Torre Lamberti,"['Sighseeing', 'Centro Fotografia', 'Museo Conte', 'Palazzo della Ragione', 'AMO']",Palazzo della Ragione,strategy_nearest,True,0.0035409927368164062,success
04F7A24A9C4C80,3,['Arena'],Santa Anastasia,"['AMO', 'Museo Conte', 'Palazzo della Ragione', 'Teatro Romano', 'Centro Fotografia']",Duomo,strategy_nearest,False,0.0019452571868896484,success
04F7A34A9C4C80,3,"['Castelvecchio', 'Duomo']",Teatro Romano,"['Santa Anastasia', 'AMO', 'Palazzo della Ragione', 'Museo Conte', 'Centro Fotografia']",Giardino Giusti,strategy_nearest,False,0.002705097198486328,success
04F7AD429C4C80,4,"['Arena', 'San Fermo']",Torre Lamberti,"['Sighseeing', 'Centro Fotografia', 'Museo Conte', 'Casa Giulietta', 'Palazzo della Ragione']",Duomo,strategy_nearest,False,0.0032520294189453125,success
04F7AE4A9C4C80,1,"['Arena', 'Casa Giulietta']",Torre Lamberti,"['Sighseeing', 'Centro Fotografia', 'Museo Conte', 'Palazzo della Ragione', 'AMO']",Palazzo della Ragione,strategy_nearest,True,0.0022041797637939453,success
04F7AD4A9C4C80,3,"['Arena', 'Casa Giulietta']",Torre Lamberti,"['Sighseeing', 'Centro Fotografia', 'Museo Conte', 'Palazzo della Ragione', 'AMO']",Santa Anastasia,strategy_nearest,False,0.0034492015838623047,success
04F7B2429C4C80,1,"['Arena', 'Casa Giulietta']",Palazzo della Ragione,"['AMO', 'Museo Conte', 'Torre Lamberti', 'Centro Fotografia', 'Sighseeing']",Palazzo della Ragione,strategy_nearest,False,0.002777099609375,success
04F7B24A9C4C80,2,['Santa Anastasia'],Duomo,"['AMO', 'Museo Miniscalchi', 'Teatro Romano', 'Palazzo della Ragione', 'Museo Conte']",Teatro Romano,strategy_nearest,True,0.003432035446166992,success
04F7B64A9C4C80,0,"['Arena', 'Casa Giulietta']",Torre Lamberti,"['Sighseeing', 'Centro Fotografia', 'Museo Conte', 'Palazzo della Ragione', 'AMO']",Duomo,strategy_nearest,False,0.002658843994140625,success
04F7B94A9C4C80,0,"['Torre Lamberti', 'Duomo']",Casa Giulietta,"['Centro Fotografia', 'Sighseeing', 'Museo Conte', 'Museo Radio', 'Palazzo della Ragione']",Arena,strategy_nearest,False,0.0033316612243652344,success
04F7BB4A9C4C80,1,"['Arena', 'San Fermo']",Casa Giulietta,"['Centro Fotografia', 'Sighseeing', 'Torre Lamberti', 'Museo Conte', 'Museo Radio']",Torre Lamberti,strategy_nearest,True,0.0032629966735839844,success
04F7B44A9C4C80,2,['Casa Giulietta'],Torre Lamberti,"['Sighseeing', 'Centro Fotografia', 'Museo Conte', 'Palazzo della Ragione', 'AMO']",Palazzo della Ragione,strategy_nearest,True,0.0020971298217773438,success
04F7C14A9C4C80,0,"['Tomba Giulietta', 'Arena']",Museo Lapidario,"['Verona Tour', 'Castelvecchio', 'Museo Radio', 'San Fermo', 'Casa Giulietta']",Castelvecchio,strategy_nearest,True,0.0015149116516113281,success
04F7CE429C4C80,1,"['Santa Anastasia', 'Teatro Romano']",Arena,"['Verona Tour', 'Museo Lapidario', 'Museo Radio', 'San Fermo', 'Casa Giulietta']",Palazzo della Ragione,strategy_nearest,False,0.002653837203979492,success
04F7C04A9C4C80,0,['Arena'],Casa Giulietta,"['Centro Fotografia', 'Sighseeing', 'Torre Lamberti', 'Museo Conte', 'Museo Radio']",Tomba Giulietta,strategy_nearest,False,0.004132986068725586,success
04F7BD4A9C4C80,1,"['Arena', 'Casa Giulietta', 'Torre Lamberti']",Palazzo della Ragione,"['AMO', 'Museo Conte', 'Centro Fotografia', 'Sighseeing', 'Santa Anastasia']",Santa Anastasia,strategy_nearest,True,0.0028269290924072266,success
04F7D04A9C4C80,0,['Arena'],Teatro Romano,"['Santa Anastasia', 'Duomo', 'AMO', 'Palazzo della Ragione', 'Museo Conte']",San Fermo,strategy_nearest,False,0.0027310848236083984,success
04F7D63A9C4C80,3,"['Arena', 'San Fermo']",Santa Anastasia,"['AMO', 'Museo Conte', 'Palazzo della Ragione', 'Teatro Romano', 'Centro Fotografia']",Duomo,strategy_nearest,False,0.002585887908935547,success
04F7CF4A9C4C80,3,"['Arena', 'Casa Giulietta']",Santa Anastasia,"['AMO', 'Museo Conte', 'Palazzo della Ragione', 'Teatro Romano', 'Centro Fotografia']",Duomo,strategy_nearest,False,0.0039520263671875,success
04F7D24A9C4C80,3,"['Arena', 'Castelvecchio']",Duomo,"['AMO', 'Museo Miniscalchi', 'Santa Anastasia', 'Teatro Romano', 'Palazzo della Ragione']",Teatro Romano,strategy_nearest,True,0.0014269351959228516,success
04F7F0429C4C80,3,"['Santa Anastasia', 'Duomo']",Arena,"['Verona Tour', 'Museo Lapidario', 'Museo Radio', 'San Fermo', 'Casa Giulietta']",San Fermo,strategy_nearest,True,0.0013971328735351562,success
04F7EE4A9C4C80,3,"['Arena', 'Torre Lamberti']",Santa Anastasia,"['AMO', 'Museo Conte', 'Palazzo della Ragione', 'Teatro Romano', 'Centro Fotografia']",Teatro Romano,strategy_nearest,True,0.003325939178466797,success
04F7ED429C4C80,2,['Castelvecchio'],Duomo,"['AMO', 'Museo Miniscalchi', 'Santa Anastasia', 'Teatro Romano', 'Palazzo della Ragione']",Teatro Romano,strategy_nearest,True,0.0028121471405029297,success
04F7DB3A9C4C80,1,"['Casa Giulietta', 'Palazzo della Ragione']",Santa Anastasia,"['AMO', 'Museo Conte', 'Teatro Romano', 'Centro Fotografia', 'Duomo']",Duomo,strategy_nearest,True,0.002185344696044922,success
04F7F13A9C4C80,0,['Castelvecchio'],Arena,"['Verona Tour', 'Museo Lapidario', 'Museo Radio', 'San Fermo', 'Casa Giulietta']",Casa Giulietta,strategy_nearest,True,0.0022690296173095703,success
04F7F44A9C4C80,3,['Arena'],Casa Giulietta,"['Centro Fotografia', 'Sighseeing', 'Torre Lamberti', 'Museo Conte', 'Museo Radio']",Torre Lamberti,strategy_nearest,True,0.002743959426879883,success
04F7F64A9C4C80,0,['Castelvecchio'],Arena,"['Verona Tour', 'Museo Lapidario', 'Museo Radio', 'San Fermo', 'Casa Giulietta']",Torre Lamberti,strategy_nearest,False,0.002126932144165039,success
04F7F74A9C4C80,1,"['Arena', 'Palazzo della Ragione', 'Torre Lamberti', 'Casa Giulietta']",Tomba Giulietta,"['San Fermo', 'Museo Storia', 'Museo Lapidario', 'Museo Radio', 'Verona Tour']",Castelvecchio,strategy_nearest,False,0.0032911300659179688,success
04F7F84A9C4C80,3,"['Arena', 'Casa Giulietta']",Torre Lamberti,"['Sighseeing', 'Centro Fotografia', 'Museo Conte', 'Palazzo della Ragione', 'AMO']",Santa Anastasia,strategy_nearest,False,0.003245115280151367,success
04F8014A9C4C84,2,['Casa Giulietta'],San Fermo,"['Museo Storia', 'Museo Radio', 'Centro Fotografia', 'Arena', 'Sighseeing']",Santa Anastasia,strategy_nearest,False,0.0025060176849365234,success
04F7FC4A9C4C80,3,"['Tomba Giulietta', 'Arena', 'Torre Lamberti']",Santa Anastasia,"['AMO', 'Museo Conte', 'Palazzo della Ragione', 'Teatro Romano', 'Centro Fotografia']",Duomo,strategy_nearest,False,0.001961231231689453,success
04F8033A9C4C84,3,"['Museo Lapidario', 'Castelvecchio', 'Teatro Romano']",Duomo,"['AMO', 'Museo Miniscalchi', 'Santa Anastasia', 'Palazzo della Ragione', 'Museo Conte']",Santa Anastasia,strategy_nearest,True,0.0029633045196533203,success
04F806429C4C84,3,"['Arena', 'San Fermo']",Casa Giulietta,"['Centro Fotografia', 'Sighseeing', 'Torre Lamberti', 'Museo Conte', 'Museo Radio']",Castelvecchio,strategy_nearest,False,0.0019130706787109375,success
04F8034A9C4C84,3,"['Casa Giulietta', 'Torre Lamberti']",Santa Anastasia,"['AMO', 'Museo Conte', 'Palazzo della Ragione', 'Teatro Romano', 'Centro Fotografia']",Duomo,strategy_nearest,False,0.002665996551513672,success
04F80B4A9C4C84,3,"['Arena', 'Casa Giulietta']",Torre Lamberti,"['Sighseeing', 'Centro Fotografia', 'Museo Conte', 'Palazzo della Ragione', 'AMO']",Santa Anastasia,strategy_nearest,False,0.0030379295349121094,success
04F810429C4C84,1,"['Arena', 'Palazzo della Ragione', 'Torre Lamberti']",Casa Giulietta,"['Centro Fotografia', 'Sighseeing', 'Museo Conte', 'Museo Radio', 'San Fermo']",Santa Anastasia,strategy_nearest,False,0.003011941909790039,success
04F82E3A9C4C80,4,"['Torre Lamberti', 'Arena']",Tomba Giulietta,"['San Fermo', 'Museo Storia', 'Museo Lapidario', 'Museo Radio', 'Verona Tour']",Museo Radio,strategy_nearest,True,0.003268003463745117,success
04F82F429C4C80,0,['Casa Giulietta'],Arena,"['Verona Tour', 'Museo Lapidario', 'Museo Radio', 'San Fermo', 'Sighseeing']",Duomo,strategy_nearest,False,0.003069162368774414,success
04F821429C4C80,0,['Arena'],Casa Giulietta,"['Centro Fotografia', 'Sighseeing', 'Torre Lamberti', 'Museo Conte', 'Museo Radio']",Palazzo della Ragione,strategy_nearest,False,0.0026743412017822266,success
04F8303A9C4C80,0,['Arena'],Museo Lapidario,"['Verona Tour', 'Castelvecchio', 'Museo Radio', 'San Fermo', 'Casa Giulietta']",Duomo,strategy_nearest,False,0.0026378631591796875,success
04F836429C4C80,2,['Casa Giulietta'],Santa Anastasia,"['AMO', 'Museo Conte', 'Palazzo della Ragione', 'Teatro Romano', 'Centro Fotografia']",Duomo,strategy_nearest,False,0.0025453567504882812,success
04F838429C4C80,0,['Teatro Romano'],Duomo,"['AMO', 'Museo Miniscalchi', 'Santa Anastasia', 'Palazzo della Ragione', 'Museo Conte']",Arena,strategy_nearest,False,0.0019309520721435547,success
04F8394A9C4C80,1,"['Arena', 'San Zeno']",Castelvecchio,"['Museo Lapidario', 'Verona Tour', 'Museo Radio', 'Sighseeing', 'Museo Miniscalchi']",Torre Lamberti,strategy_nearest,False,0.0032949447631835938,success
04F83A4A9C4C80,1,"['Arena', 'Museo Lapidario', 'Castelvecchio', 'Teatro Romano']",Torre Lamberti,"['Sighseeing', 'Centro Fotografia', 'Museo Conte', 'Casa Giulietta', 'Palazzo della Ragione']",Casa Giulietta,strategy_nearest,True,0.002783060073852539,success
04F84A429C4C80,3,"['Arena', 'Torre Lamberti', 'Casa Giulietta']",Tomba Giulietta,"['San Fermo', 'Museo Storia', 'Museo Lapidario', 'Museo Radio', 'Verona Tour']",Santa Anastasia,strategy_nearest,False,0.0014042854309082031,success
04F8484A9C4C80,1,"['Arena', 'Casa Giulietta', 'Tomba Giulietta']",Torre Lamberti,"['Sighseeing', 'Centro Fotografia', 'Museo Conte', 'Palazzo della Ragione', 'AMO']",Palazzo della Ragione,strategy_nearest,True,0.00396275520324707,success
04F8493A9C4C80,3,"['Santa Anastasia', 'Casa Giulietta', 'Arena']",Duomo,"['AMO', 'Museo Miniscalchi', 'Teatro Romano', 'Palazzo della Ragione', 'Museo Conte']",San Fermo,strategy_nearest,False,0.002629995346069336,success
04F8533A9C4C80,3,"['Casa Giulietta', 'Santa Anastasia', 'Teatro Romano']",Duomo,"['AMO', 'Museo Miniscalchi', 'Palazzo della Ragione', 'Museo Conte', 'Torre Lamberti']",Torre Lamberti,strategy_nearest,True,0.0013790130615234375,success
04F84C3A9C4C80,0,"['Castelvecchio', 'Arena']",Torre Lamberti,"['Sighseeing', 'Centro Fotografia', 'Museo Conte', 'Casa Giulietta', 'Palazzo della Ragione']",Museo Lapidario,strategy_nearest,False,0.0031900405883789062,success
04F86F3A9C4C80,0,"['Casa Giulietta', 'Tomba Giulietta']",Arena,"['Verona Tour', 'Museo Lapidario', 'Museo Radio', 'San Fermo', 'Sighseeing']",Torre Lamberti,strategy_nearest,False,0.002691030502319336,success
04F8884A9C4C80,3,"['Arena', 'Casa Giulietta']",Santa Anastasia,"['AMO', 'Museo Conte', 'Palazzo della Ragione', 'Teatro Romano', 'Centro Fotografia']",Teatro Romano,strategy_nearest,True,0.003353118896484375,success
04F890429C4C80,0,['Arena'],Casa Giulietta,"['Centro Fotografia', 'Sighseeing', 'Torre Lamberti', 'Museo Conte', 'Museo Radio']",Torre Lamberti,strategy_nearest,True,0.0023610591888427734,success
04F88B4A9C4C80,2,['Casa Giulietta'],Torre Lamberti,"['Sighseeing', 'Centro Fotografia', 'Museo Conte', 'Palazzo della Ragione', 'AMO']",Santa Anastasia,strategy_nearest,False,0.0024042129516601562,success
04F8934A9C4C80,0,['Arena'],Casa Giulietta,"['Centro Fotografia', 'Sighseeing', 'Torre Lamberti', 'Museo Conte', 'Museo Radio']",Torre Lamberti,strategy_nearest,True,0.0034351348876953125,success
04F898429C4C80,1,"['Arena', 'Casa Giulietta', 'Torre Lamberti']",Palazzo della Ragione,"['AMO', 'Museo Conte', 'Centro Fotografia', 'Sighseeing', 'Santa Anastasia']",Castelvecchio,strategy_nearest,False,0.003381013870239258,success
04F8AB4A9C4C80,1,"['Arena', 'Casa Giulietta', 'Torre Lamberti']",Palazzo della Ragione,"['AMO', 'Museo Conte', 'Centro Fotografia', 'Sighseeing', 'Santa Anastasia']",Castelvecchio,strategy_nearest,False,0.002620220184326172,success
04F8A04A9C4C80,0,['Arena'],Casa Giulietta,"['Centro Fotografia', 'Sighseeing', 'Torre Lamberti', 'Museo Conte', 'Museo Radio']",Santa Anastasia,strategy_nearest,False,0.0032651424407958984,success
04F89C429C4C80,3,"['Casa Giulietta', 'Arena']",Santa Anastasia,"['AMO', 'Museo Conte', 'Palazzo della Ragione', 'Teatro Romano', 'Centro Fotografia']",Teatro Romano,strategy_nearest,True,0.0030100345611572266,success
04F89E4A9C4C80,3,"['Arena', 'Casa Giulietta']",Torre Lamberti,"['Sighseeing', 'Centro Fotografia', 'Museo Conte', 'Palazzo della Ragione', 'AMO']",Duomo,strategy_nearest,False,0.0033898353576660156,success
04F8B24A9C4C80,3,"['Arena', 'Casa Giulietta']",Torre Lamberti,"['Sighseeing', 'Centro Fotografia', 'Museo Conte', 'Palazzo della Ragione', 'AMO']",Duomo,strategy_nearest,False,0.002209186553955078,success
04F8AD4A9C4C80,0,['Arena'],Castelvecchio,"['Museo Lapidario', 'Verona Tour', 'Museo Radio', 'San Zeno', 'Sighseeing']",Casa Giulietta,strategy_nearest,False,0.0040357112884521484,success
04F8B64A9C4C80,1,"['Arena', 'Torre Lamberti']",Palazzo della Ragione,"['AMO', 'Museo Conte', 'Centro Fotografia', 'Sighseeing', 'Santa Anastasia']",Santa Anastasia,strategy_nearest,True,0.0015170574188232422,success
04F8B53A9C4C80,0,['Casa Giulietta'],Tomba Giulietta,"['San Fermo', 'Museo Storia', 'Arena', 'Museo Lapidario', 'Museo Radio']",Arena,strategy_nearest,True,0.0027709007263183594,success
04F8BF3A9C4C80,0,['Arena'],Teatro Romano,"['Santa Anastasia', 'Duomo', 'AMO', 'Palazzo della Ragione', 'Museo Conte']",Castelvecchio,strategy_nearest,False,0.003170013427734375,success
04F8BA4A9C4C80,0,['Arena'],Torre Lamberti,"['Sighseeing', 'Centro Fotografia', 'Museo Conte', 'Casa Giulietta', 'Palazzo della Ragione']",Casa Giulietta,strategy_nearest,True,0.0028390884399414062,success
04F8BB4A9C4C80,2,['Santa Anastasia'],Casa Giulietta,"['Centro Fotografia', 'Sighseeing', 'Torre Lamberti', 'Museo Conte', 'Museo Radio']",Castelvecchio,strategy_nearest,False,0.002053976058959961,success
04F8B84A9C4C80,4,"['Arena', 'Casa Giulietta', 'Torre Lamberti', 'Palazzo della Ragione']",Castelvecchio,"['Museo Lapidario', 'Verona Tour', 'Museo Radio', 'San Zeno', 'Sighseeing']",Museo Storia,strategy_nearest,False,0.0016400814056396484,success
04F8CA4A9C4C80,1,"['Arena', 'Casa Giulietta']",Palazzo della Ragione,"['AMO', 'Museo Conte', 'Torre Lamberti', 'Centro Fotografia', 'Sighseeing']",Torre Lamberti,strategy_nearest,True,0.002710103988647461,success
04F8C93A9C4C80,0,"['Castelvecchio', 'Arena']",Casa Giulietta,"['Centro Fotografia', 'Sighseeing', 'Torre Lamberti', 'Museo Conte', 'Museo Radio']",Torre Lamberti,strategy_nearest,True,0.002149820327758789,success
04F8C24A9C4C80,3,"['Arena', 'Casa Giulietta']",Torre Lamberti,"['Sighseeing', 'Centro Fotografia', 'Museo Conte', 'Palazzo della Ragione', 'AMO']",Santa Anastasia,strategy_nearest,False,0.0014510154724121094,success
04F8CD4A9C4C80,0,['Arena'],Torre Lamberti,"['Sighseeing', 'Centro Fotografia', 'Museo Conte', 'Casa Giulietta', 'Palazzo della Ragione']",Casa Giulietta,strategy_nearest,True,0.003381013870239258,success
04F8D04A9C4C80,2,['San Zeno'],Casa Giulietta,"['Centro Fotografia', 'Sighseeing', 'Torre Lamberti', 'Museo Conte', 'Museo Radio']",Torre Lamberti,strategy_nearest,True,0.0020418167114257812,success
04F8D24A9C4C80,3,"['Arena', 'Torre Lamberti', 'Casa Giulietta']",Tomba Giulietta,"['San Fermo', 'Museo Storia', 'Museo Lapidario', 'Museo Radio', 'Verona Tour']",Santa Anastasia,strategy_nearest,False,0.002688169479370117,success
04F8DA3A9C4C80,4,"['Castelvecchio', 'Arena', 'Torre Lamberti', 'San Fermo', 'Museo Storia']",Tomba Giulietta,"['Museo Lapidario', 'Museo Radio', 'Verona Tour', 'Casa Giulietta', 'Sighseeing']",Museo Radio,strategy_nearest,True,0.002568960189819336,success
04F8D13A9C4C80,3,['Arena'],Casa Giulietta,"['Centro Fotografia', 'Sighseeing', 'Torre Lamberti', 'Museo Conte', 'Museo Radio']",Torre Lamberti,strategy_nearest,True,0.004008054733276367,success
04F8F44A9C4C80,0,['Arena'],Casa Giulietta,"['Centro Fotografia', 'Sighseeing', 'Torre Lamberti', 'Museo Conte', 'Museo Radio']",Torre Lamberti,strategy_nearest,True,0.001583099365234375,success
04F8DC429C4C80,0,['Arena'],Casa Giulietta,"['Centro Fotografia', 'Sighseeing', 'Torre Lamberti', 'Museo Conte', 'Museo Radio']",Castelvecchio,strategy_nearest,False,0.0034329891204833984,success
04F8E8429C4C80,1,"['Arena', 'San Fermo', 'Casa Giulietta', 'Torre Lamberti']",Palazzo della Ragione,"['AMO', 'Museo Conte', 'Centro Fotografia', 'Sighseeing', 'Santa Anastasia']",Santa Anastasia,strategy_nearest,True,0.0034492015838623047,success
04F8F73A9C4C80,3,"['Arena', 'Castelvecchio']",Torre Lamberti,"['Sighseeing', 'Centro Fotografia', 'Museo Conte', 'Casa Giulietta', 'Palazzo della Ragione']",Santa Anastasia,strategy_nearest,False,0.002126932144165039,success
04F9034A9C4C84,1,"['Arena', 'Casa Giulietta', 'Santa Anastasia', 'Duomo']",Torre Lamberti,"['Sighseeing', 'Centro Fotografia', 'Museo Conte', 'Palazzo della Ragione', 'AMO']",Palazzo della Ragione,strategy_nearest,True,0.002759218215942383,success
04F9064A9C4C84,0,['Arena'],Torre Lamberti,"['Sighseeing', 'Centro Fotografia', 'Museo Conte', 'Casa Giulietta', 'Palazzo della Ragione']",Casa Giulietta,strategy_nearest,True,0.0012710094451904297,success
04F90F429C4C84,0,['Arena'],Casa Giulietta,"['Centro Fotografia', 'Sighseeing', 'Torre Lamberti', 'Museo Conte', 'Museo Radio']",Torre Lamberti,strategy_nearest,True,0.003251791000366211,success
04F9044A9C4C84,0,['Arena'],Torre Lamberti,"['Sighseeing', 'Centro Fotografia', 'Museo Conte', 'Casa Giulietta', 'Palazzo della Ragione']",Casa Giulietta,strategy_nearest,True,0.003431081771850586,success
04F914429C4C84,0,"['Arena', 'Casa Giulietta']",Castelvecchio,"['Museo Lapidario', 'Verona Tour', 'Museo Radio', 'San Zeno', 'Sighseeing']",Torre Lamberti,strategy_nearest,False,0.0019750595092773438,success
04F912429C4C84,0,"['Casa Giulietta', 'Duomo']",Torre Lamberti,"['Sighseeing', 'Centro Fotografia', 'Museo Conte', 'Palazzo della Ragione', 'AMO']",Arena,strategy_nearest,False,0.0026869773864746094,success
04F9263A9C4C80,1,"['Arena', 'Torre Lamberti', 'Palazzo della Ragione', 'Casa Giulietta']",San Fermo,"['Museo Storia', 'Museo Radio', 'Centro Fotografia', 'Sighseeing', 'Museo Conte']",Teatro Romano,strategy_nearest,False,0.0025942325592041016,success
04F9104A9C4C84,0,['Arena'],Casa Giulietta,"['Centro Fotografia', 'Sighseeing', 'Torre Lamberti', 'Museo Conte', 'Museo Radio']",Torre Lamberti,strategy_nearest,True,0.004617929458618164,success
04F9384A9C4C80,1,"['Duomo', 'Palazzo della Ragione']",Arena,"['Verona Tour', 'Museo Lapidario', 'Museo Radio', 'San Fermo', 'Casa Giulietta']",Castelvecchio,strategy_nearest,False,0.0015380382537841797,success
04F9353A9C4C80,3,"['Arena', 'Torre Lamberti', 'San Fermo']",Santa Anastasia,"['AMO', 'Museo Conte', 'Palazzo della Ragione', 'Teatro Romano', 'Centro Fotografia']",Duomo,strategy_nearest,False,0.003397703170776367,success
04F941429C4C80,3,"['Arena', 'Casa Giulietta']",Santa Anastasia,"['AMO', 'Museo Conte', 'Palazzo della Ragione', 'Teatro Romano', 'Centro Fotografia']",Duomo,strategy_nearest,False,0.002051830291748047,success
04F92A4A9C4C80,1,"['Arena', 'Torre Lamberti']",Palazzo della Ragione,"['AMO', 'Museo Conte', 'Centro Fotografia', 'Sighseeing', 'Santa Anastasia']",Casa Giulietta,strategy_nearest,False,0.004690885543823242,success
04F94C3A9C4C80,1,"['Castelvecchio', 'Torre Lamberti', 'Santa Anastasia']",Duomo,"['AMO', 'Museo Miniscalchi', 'Teatro Romano', 'Palazzo della Ragione', 'Museo Conte']",Palazzo della Ragione,strategy_nearest,True,0.002031087875366211,success
04F946429C4C80,3,"['Casa Giulietta', 'Torre Lamberti']",Santa Anastasia,"['AMO', 'Museo Conte', 'Palazzo della Ragione', 'Teatro Romano', 'Centro Fotografia']",Duomo,strategy_nearest,False,0.0021059513092041016,success
04F9484A9C4C80,1,"['San Zeno', 'Castelvecchio', 'Santa Anastasia', 'Duomo']",Torre Lamberti,"['Sighseeing', 'Centro Fotografia', 'Museo Conte', 'Casa Giulietta', 'Palazzo della Ragione']",Palazzo della Ragione,strategy_nearest,True,0.0027229785919189453,success
04F9443A9C4C80,2,['San Fermo'],Santa Anastasia,"['AMO', 'Museo Conte', 'Palazzo della Ragione', 'Teatro Romano', 'Centro Fotografia']",San Zeno,strategy_nearest,False,0.0041179656982421875,success
04F95F429C4C80,3,['Santa Anastasia'],Casa Giulietta,"['Centro Fotografia', 'Sighseeing', 'Torre Lamberti', 'Museo Conte', 'Museo Radio']",Torre Lamberti,strategy_nearest,True,0.0013909339904785156,success
04F951429C4C80,3,"['Casa Giulietta', 'Torre Lamberti']",Teatro Romano,"['Santa Anastasia', 'Duomo', 'AMO', 'Palazzo della Ragione', 'Museo Conte']",Duomo,strategy_nearest,True,0.003353118896484375,success
04F94F3A9C4C80,1,"['Arena', 'Palazzo della Ragione']",Torre Lamberti,"['Sighseeing', 'Centro Fotografia', 'Museo Conte', 'Casa Giulietta', 'AMO']",Castelvecchio,strategy_nearest,False,0.0033919811248779297,success
04F9543A9C4C80,0,"['Teatro Romano', 'Arena']",San Fermo,"['Museo Storia', 'Museo Radio', 'Casa Giulietta', 'Centro Fotografia', 'Sighseeing']",Tomba Giulietta,strategy_nearest,False,0.0033850669860839844,success
04F9643A9C4C80,3,"['Castelvecchio', 'San Zeno', 'Arena']",Torre Lamberti,"['Sighseeing', 'Centro Fotografia', 'Museo Conte', 'Casa Giulietta', 'Palazzo della Ragione']",Casa Giulietta,strategy_nearest,True,0.0024008750915527344,success
04F9633A9C4C80,1,"['Castelvecchio', 'Arena']",San Zeno,"['Verona Tour', 'Museo Lapidario', 'Museo Miniscalchi', 'Sighseeing', 'Museo Radio']",Torre Lamberti,strategy_nearest,False,0.0018410682678222656,success
04F9833A9C4C80,1,"['Castelvecchio', 'Arena']",Casa Giulietta,"['Centro Fotografia', 'Sighseeing', 'Torre Lamberti', 'Museo Conte', 'Museo Radio']",Torre Lamberti,strategy_nearest,True,0.0027480125427246094,success
04F97D4A9C4C80,0,['Arena'],Torre Lamberti,"['Sighseeing', 'Centro Fotografia', 'Museo Conte', 'Casa Giulietta', 'Palazzo della Ragione']",Casa Giulietta,strategy_nearest,True,0.004168987274169922,success
04F993429C4C80,1,"['Arena', 'Santa Anastasia']",Duomo,"['AMO', 'Museo Miniscalchi', 'Teatro Romano', 'Palazzo della Ragione', 'Museo Conte']",Palazzo della Ragione,strategy_nearest,True,0.0032308101654052734,success
04F9A63A9C4C80,3,"['Duomo', 'Teatro Romano']",Casa Giulietta,"['Centro Fotografia', 'Sighseeing', 'Torre Lamberti', 'Museo Conte', 'Museo Radio']",Arena,strategy_nearest,False,0.0024099349975585938,success
04F9B24A9C4C80,3,"['Arena', 'Santa Anastasia']",Torre Lamberti,"['Sighseeing', 'Centro Fotografia', 'Museo Conte', 'Casa Giulietta', 'Palazzo della Ragione']",San Fermo,strategy_nearest,False,0.003160715103149414,success
04F9AF3A9C4C80,3,['Arena'],Casa Giulietta,"['Centro Fotografia', 'Sighseeing', 'Torre Lamberti', 'Museo Conte', 'Museo Radio']",Santa Anastasia,strategy_nearest,False,0.0033347606658935547,success
04F9B64A9C4C80,2,"['Museo Lapidario', 'Casa Giulietta']",Santa Anastasia,"['AMO', 'Museo Conte', 'Palazzo della Ragione', 'Teatro Romano', 'Centro Fotografia']",Teatro Romano,strategy_nearest,True,0.002445697784423828,success
04F9BA4A9C4C80,3,"['Teatro Romano', 'Duomo', 'Santa Anastasia']",Arena,"['Verona Tour', 'Museo Lapidario', 'Museo Radio', 'San Fermo', 'Casa Giulietta']",Casa Giulietta,strategy_nearest,True,0.003107786178588867,success
04F9BF4A9C4C80,0,['Arena'],Casa Giulietta,"['Centro Fotografia', 'Sighseeing', 'Torre Lamberti', 'Museo Conte', 'Museo Radio']",Torre Lamberti,strategy_nearest,True,0.0021190643310546875,success
04F9C4429C4C80,3,"['Arena', 'Casa Giulietta']",Torre Lamberti,"['Sighseeing', 'Centro Fotografia', 'Museo Conte', 'Palazzo della Ragione', 'AMO']",Santa Anastasia,strategy_nearest,False,0.002001047134399414,success
04F9BC429C4C80,0,['Arena'],Museo Lapidario,"['Verona Tour', 'Castelvecchio', 'Museo Radio', 'San Fermo', 'Casa Giulietta']",Casa Giulietta,strategy_nearest,True,0.0033969879150390625,success
04F9BB4A9C4C80,1,"['Arena', 'Casa Giulietta', 'Torre Lamberti', 'Palazzo della Ragione']",Santa Anastasia,"['AMO', 'Museo Conte', 'Teatro Romano', 'Centro Fotografia', 'Duomo']",Duomo,strategy_nearest,True,0.004032135009765625,success
04F9CD4A9C4C80,0,['Arena'],Casa Giulietta,"['Centro Fotografia', 'Sighseeing', 'Torre Lamberti', 'Museo Conte', 'Museo Radio']",Palazzo della Ragione,strategy_nearest,False,0.003353118896484375,success
04F9CE429C4C80,1,['Arena'],Torre Lamberti,"['Sighseeing', 'Centro Fotografia', 'Museo Conte', 'Casa Giulietta', 'Palazzo della Ragione']",Palazzo della Ragione,strategy_nearest,True,0.0039141178131103516,success
04F9D04A9C4C80,0,['Arena'],Museo Lapidario,"['Verona Tour', 'Castelvecchio', 'Museo Radio', 'San Fermo', 'Casa Giulietta']",Torre Lamberti,strategy_nearest,False,0.0015327930450439453,success
04F9DA3A9C4C80,0,"['Casa Giulietta', 'San Fermo']",Arena,"['Verona Tour', 'Museo Lapidario', 'Museo Radio', 'Sighseeing', 'Castelvecchio']",Tomba Giulietta,strategy_nearest,False,0.0025479793548583984,success
04F9EC429C4C80,0,['Arena'],Casa Giulietta,"['Centro Fotografia', 'Sighseeing', 'Torre Lamberti', 'Museo Conte', 'Museo Radio']",Torre Lamberti,strategy_nearest,True,0.0022170543670654297,success
04F9F04A9C4C80,0,['Arena'],Castelvecchio,"['Museo Lapidario', 'Verona Tour', 'Museo Radio', 'San Zeno', 'Sighseeing']",Duomo,strategy_nearest,False,0.003367900848388672,success
04F9ED4A9C4C80,0,['Arena'],Casa Giulietta,"['Centro Fotografia', 'Sighseeing', 'Torre Lamberti', 'Museo Conte', 'Museo Radio']",Castelvecchio,strategy_nearest,False,0.0028259754180908203,success
04F9E43A9C4C80,1,"['Casa Giulietta', 'Tomba Giulietta', 'Arena']",Museo Lapidario,"['Verona Tour', 'Castelvecchio', 'Museo Radio', 'San Fermo', 'Sighseeing']",Castelvecchio,strategy_nearest,True,0.0016469955444335938,success
04F9FF4A9C4C80,3,"['Arena', 'Torre Lamberti', 'Casa Giulietta']",Castelvecchio,"['Museo Lapidario', 'Verona Tour', 'Museo Radio', 'San Zeno', 'Sighseeing']",San Zeno,strategy_nearest,True,0.0015869140625,success
04F9FB4A9C4C80,1,"['Arena', 'Casa Giulietta']",Palazzo della Ragione,"['AMO', 'Museo Conte', 'Torre Lamberti', 'Centro Fotografia', 'Sighseeing']",Torre Lamberti,strategy_nearest,True,0.0028448104858398438,success
04F9F74A9C4C80,3,"['Arena', 'Casa Giulietta']",Torre Lamberti,"['Sighseeing', 'Centro Fotografia', 'Museo Conte', 'Palazzo della Ragione', 'AMO']",Santa Anastasia,strategy_nearest,False,0.002277851104736328,success
04FA024A9C4C84,1,"['Arena', 'Torre Lamberti']",Palazzo della Ragione,"['AMO', 'Museo Conte', 'Centro Fotografia', 'Sighseeing', 'Santa Anastasia']",Santa Anastasia,strategy_nearest,True,0.0032858848571777344,success
04FA0F4A9C4C84,1,"['Arena', 'Castelvecchio', 'Duomo']",Santa Anastasia,"['AMO', 'Museo Conte', 'Palazzo della Ragione', 'Teatro Romano', 'Centro Fotografia']",Casa Giulietta,strategy_nearest,False,0.0014157295227050781,success
04FA034A9C4C84,2,['Torre Lamberti'],Casa Giulietta,"['Centro Fotografia', 'Sighseeing', 'Museo Conte', 'Museo Radio', 'Palazzo della Ragione']",Museo Lapidario,strategy_nearest,False,0.0027871131896972656,success
04FA104A9C4C84,2,['Torre Lamberti'],Santa Anastasia,"['AMO', 'Museo Conte', 'Palazzo della Ragione', 'Teatro Romano', 'Centro Fotografia']",Teatro Romano,strategy_nearest,True,0.0032608509063720703,success
04FA09429C4C84,3,"['Casa Giulietta', 'Arena', 'Museo Lapidario', 'Castelvecchio', 'San Zeno']",Duomo,"['AMO', 'Museo Miniscalchi', 'Santa Anastasia', 'Teatro Romano', 'Palazzo della Ragione']",Santa Anastasia,strategy_nearest,True,0.003348827362060547,success
04FA124A9C4C84,3,"['Arena', 'Castelvecchio', 'Duomo']",Teatro Romano,"['Santa Anastasia', 'AMO', 'Palazzo della Ragione', 'Museo Conte', 'Centro Fotografia']",Santa Anastasia,strategy_nearest,True,0.001993894577026367,success
04FA11429C4C84,0,['Arena'],Casa Giulietta,"['Centro Fotografia', 'Sighseeing', 'Torre Lamberti', 'Museo Conte', 'Museo Radio']",Duomo,strategy_nearest,False,0.003330230712890625,success
04FA114A9C4C84,0,"['Arena', 'Torre Lamberti']",Casa Giulietta,"['Centro Fotografia', 'Sighseeing', 'Museo Conte', 'Museo Radio', 'Palazzo della Ragione']",Castelvecchio,strategy_nearest,False,0.0021059513092041016,success
04FA2F3A9C4C80,3,"['Arena', 'San Fermo']",Casa Giulietta,"['Centro Fotografia', 'Sighseeing', 'Torre Lamberti', 'Museo Conte', 'Museo Radio']",Santa Anastasia,strategy_nearest,False,0.0032329559326171875,success
04FA394A9C4C80,0,"['Museo Lapidario', 'Castelvecchio']",Arena,"['Verona Tour', 'Museo Radio', 'San Fermo', 'Casa Giulietta', 'Sighseeing']",Casa Giulietta,strategy_nearest,True,0.0025560855865478516,success
04FA484A9C4C80,1,"['Arena', 'Casa Giulietta', 'Torre Lamberti']",Palazzo della Ragione,"['AMO', 'Museo Conte', 'Centro Fotografia', 'Sighseeing', 'Santa Anastasia']",Santa Anastasia,strategy_nearest,True,0.002460002899169922,success
04FA3A4A9C4C80,0,['Teatro Romano'],San Zeno,"['Castelvecchio', 'Verona Tour', 'Museo Lapidario', 'Arena', 'Museo Miniscalchi']",Arena,strategy_nearest,True,0.0026280879974365234,success
04FA3C4A9C4C80,0,['Arena'],Casa Giulietta,"['Centro Fotografia', 'Sighseeing', 'Torre Lamberti', 'Museo Conte', 'Museo Radio']",Torre Lamberti,strategy_nearest,True,0.0032701492309570312,success
04FA543A9C4C80,0,['Torre Lamberti'],Arena,"['Verona Tour', 'Museo Lapidario', 'Museo Radio', 'San Fermo', 'Casa Giulietta']",Castelvecchio,strategy_nearest,False,0.0025780200958251953,success
04FA724A9C4C80,0,['Arena'],Casa Giulietta,"['Centro Fotografia', 'Sighseeing', 'Torre Lamberti', 'Museo Conte', 'Museo Radio']",Santa Anastasia,strategy_nearest,False,0.0018801689147949219,success
04FA663A9C4C80,3,"['Castelvecchio', 'San Zeno', 'Arena']",Casa Giulietta,"['Centro Fotografia', 'Sighseeing', 'Torre Lamberti', 'Museo Conte', 'Museo Radio']",Torre Lamberti,strategy_nearest,True,0.002730846405029297,success
04FA794A9C4C80,3,"['Arena', 'Castelvecchio']",Torre Lamberti,"['Sighseeing', 'Centro Fotografia', 'Museo Conte', 'Casa Giulietta', 'Palazzo della Ragione']",Casa Giulietta,strategy_nearest,True,0.0033211708068847656,success
04FA7C4A9C4C80,0,['Arena'],Casa Giulietta,"['Centro Fotografia', 'Sighseeing', 'Torre Lamberti', 'Museo Conte', 'Museo Radio']",Torre Lamberti,strategy_nearest,True,0.0022089481353759766,success
04FA7D3A9C4C80,1,"['Arena', 'Museo Storia']",Duomo,"['AMO', 'Museo Miniscalchi', 'Santa Anastasia', 'Teatro Romano', 'Palazzo della Ragione']",Torre Lamberti,strategy_nearest,False,0.002603769302368164,success
04FA81429C4C80,0,['Arena'],Casa Giulietta,"['Centro Fotografia', 'Sighseeing', 'Torre Lamberti', 'Museo Conte', 'Museo Radio']",Santa Anastasia,strategy_nearest,False,0.0033092498779296875,success
04FA8B4A9C4C80,0,['Arena'],Casa Giulietta,"['Centro Fotografia', 'Sighseeing', 'Torre Lamberti', 'Museo Conte', 'Museo Radio']",Torre Lamberti,strategy_nearest,True,0.0031599998474121094,success
04FA934A9C4C80,3,"['Castelvecchio', 'Santa Anastasia', 'Duomo']",Casa Giulietta,"['Centro Fotografia', 'Sighseeing', 'Torre Lamberti', 'Museo Conte', 'Museo Radio']",Casa Giulietta,strategy_nearest,False,0.002518892288208008,success
04FA9A429C4C80,1,"['Casa Giulietta', 'Torre Lamberti', 'Palazzo della Ragione']",Santa Anastasia,"['AMO', 'Museo Conte', 'Teatro Romano', 'Centro Fotografia', 'Duomo']",Duomo,strategy_nearest,True,0.0031099319458007812,success
04FA924A9C4C80,0,"['Casa Giulietta', 'Castelvecchio']",Duomo,"['AMO', 'Museo Miniscalchi', 'Santa Anastasia', 'Teatro Romano', 'Palazzo della Ragione']",Torre Lamberti,strategy_nearest,False,0.0025849342346191406,success
04FAAB3A9C4C80,0,['Santa Anastasia'],Arena,"['Verona Tour', 'Museo Lapidario', 'Museo Radio', 'San Fermo', 'Casa Giulietta']",Castelvecchio,strategy_nearest,False,0.00325775146484375,success
04FAAC429C4C80,0,"['Arena', 'Casa Giulietta']",Duomo,"['AMO', 'Museo Miniscalchi', 'Santa Anastasia', 'Teatro Romano', 'Palazzo della Ragione']",Teatro Romano,strategy_nearest,True,0.001775979995727539,success
04FAB13A9C4C80,3,"['Arena', 'Casa Giulietta']",Santa Anastasia,"['AMO', 'Museo Conte', 'Palazzo della Ragione', 'Teatro Romano', 'Centro Fotografia']",Duomo,strategy_nearest,False,0.0025022029876708984,success
04FAB43A9C4C80,0,['Arena'],Castelvecchio,"['Museo Lapidario', 'Verona Tour', 'Museo Radio', 'San Zeno', 'Sighseeing']",Duomo,strategy_nearest,False,0.0034911632537841797,success
04FABC4A9C4C80,3,"['Arena', 'Castelvecchio']",Casa Giulietta,"['Centro Fotografia', 'Sighseeing', 'Torre Lamberti', 'Museo Conte', 'Museo Radio']",San Fermo,strategy_nearest,False,0.0033102035522460938,success
04FAB54A9C4C80,3,"['Castelvecchio', 'Arena']",Duomo,"['AMO', 'Museo Miniscalchi', 'Santa Anastasia', 'Teatro Romano', 'Palazzo della Ragione']",Santa Anastasia,strategy_nearest,True,0.0027539730072021484,success
04FABA4A9C4C80,3,"['Teatro Romano', 'Duomo', 'Santa Anastasia']",Torre Lamberti,"['Sighseeing', 'Centro Fotografia', 'Museo Conte', 'Casa Giulietta', 'Palazzo della Ragione']",Casa Giulietta,strategy_nearest,True,0.0033500194549560547,success
04FACB4A9C4C80,2,"['San Fermo', 'Casa Giulietta', 'Torre Lamberti']",Santa Anastasia,"['AMO', 'Museo Conte', 'Palazzo della Ragione', 'Teatro Romano', 'Centro Fotografia']",Teatro Romano,strategy_nearest,True,0.002634286880493164,success
04FABE3A9C4C80,3,['Teatro Romano'],Arena,"['Verona Tour', 'Museo Lapidario', 'Museo Radio', 'San Fermo', 'Casa Giulietta']",Casa Giulietta,strategy_nearest,True,0.0026009082794189453,success
04FACA429C4C80,0,['Arena'],Museo Lapidario,"['Verona Tour', 'Castelvecchio', 'Museo Radio', 'San Fermo', 'Casa Giulietta']",Casa Giulietta,strategy_nearest,True,0.003298044204711914,success
04FAC24A9C4C80,0,['Arena'],Casa Giulietta,"['Centro Fotografia', 'Sighseeing', 'Torre Lamberti', 'Museo Conte', 'Museo Radio']",Tomba Giulietta,strategy_nearest,False,0.002104043960571289,success
04FAD53A9C4C80,1,"['Arena', 'Casa Giulietta', 'Palazzo della Ragione', 'Torre Lamberti']",Santa Anastasia,"['AMO', 'Museo Conte', 'Teatro Romano', 'Centro Fotografia', 'Duomo']",Duomo,strategy_nearest,True,0.001584768295288086,success
04FAD04A9C4C80,0,['Duomo'],Casa Giulietta,"['Centro Fotografia', 'Sighseeing', 'Torre Lamberti', 'Museo Conte', 'Museo Radio']",Arena,strategy_nearest,False,0.003412008285522461,success
04FAD63A9C4C80,3,"['Arena', 'Casa Giulietta', 'San Fermo']",Torre Lamberti,"['Sighseeing', 'Centro Fotografia', 'Museo Conte', 'Palazzo della Ragione', 'AMO']",Castelvecchio,strategy_nearest,False,0.0035178661346435547,success
04FAE9429C4C80,0,"['Arena', 'Casa Giulietta', 'Tomba Giulietta']",Castelvecchio,"['Museo Lapidario', 'Verona Tour', 'Museo Radio', 'San Zeno', 'Sighseeing']",Museo Lapidario,strategy_nearest,True,0.0020139217376708984,success
04FAFC429C4C80,1,"['Arena', 'Torre Lamberti']",Palazzo della Ragione,"['AMO', 'Museo Conte', 'Centro Fotografia', 'Sighseeing', 'Santa Anastasia']",San Fermo,strategy_nearest,False,0.00144195556640625,success
04FAF9429C4C80,1,"['Palazzo della Ragione', 'Casa Giulietta']",Tomba Giulietta,"['San Fermo', 'Museo Storia', 'Arena', 'Museo Lapidario', 'Museo Radio']",Arena,strategy_nearest,True,0.0034050941467285156,success
04FB024A9C4C84,2,['Casa Giulietta'],Teatro Romano,"['Santa Anastasia', 'Duomo', 'AMO', 'Palazzo della Ragione', 'Museo Conte']",Duomo,strategy_nearest,True,0.0033349990844726562,success
04FAFB4A9C4C80,0,['Castelvecchio'],Arena,"['Verona Tour', 'Museo Lapidario', 'Museo Radio', 'San Fermo', 'Casa Giulietta']",Torre Lamberti,strategy_nearest,False,0.0027878284454345703,success
04FB074A9C4C84,1,"['Arena', 'Casa Giulietta']",Torre Lamberti,"['Sighseeing', 'Centro Fotografia', 'Museo Conte', 'Palazzo della Ragione', 'AMO']",Palazzo della Ragione,strategy_nearest,True,0.0012388229370117188,success
04FB034A9C4C84,0,['Arena'],Torre Lamberti,"['Sighseeing', 'Centro Fotografia', 'Museo Conte', 'Casa Giulietta', 'Palazzo della Ragione']",Casa Giulietta,strategy_nearest,True,0.0025708675384521484,success
04FB0B429C4C84,0,"['Arena', 'Museo Lapidario']",Castelvecchio,"['Verona Tour', 'Museo Radio', 'San Zeno', 'Sighseeing', 'Museo Miniscalchi']",San Zeno,strategy_nearest,True,0.003313779830932617,success
04FB044A9C4C84,1,"['Arena', 'Casa Giulietta', 'Castelvecchio']",Torre Lamberti,"['Sighseeing', 'Centro Fotografia', 'Museo Conte', 'Palazzo della Ragione', 'AMO']",Palazzo della Ragione,strategy_nearest,True,0.0034449100494384766,success
04FB13429C4C84,3,"['Arena', 'Casa Giulietta']",Torre Lamberti,"['Sighseeing', 'Centro Fotografia', 'Museo Conte', 'Palazzo della Ragione', 'AMO']",Tomba Giulietta,strategy_nearest,False,0.002875089645385742,success
04FB253A9C4C80,2,['Santa Anastasia'],San Fermo,"['Museo Storia', 'Museo Radio', 'Casa Giulietta', 'Centro Fotografia', 'Arena']",Teatro Romano,strategy_nearest,False,0.0033097267150878906,success
04FB35429C4C80,3,"['Casa Giulietta', 'Arena', 'Museo Lapidario']",Castelvecchio,"['Verona Tour', 'Museo Radio', 'San Zeno', 'Sighseeing', 'Museo Miniscalchi']",Santa Anastasia,strategy_nearest,False,0.0020809173583984375,success
04FB10429C4C84,2,['Castelvecchio'],Palazzo della Ragione,"['AMO', 'Museo Conte', 'Torre Lamberti', 'Centro Fotografia', 'Sighseeing']",Torre Lamberti,strategy_nearest,True,0.0040781497955322266,success
04FB56429C4C80,0,['Arena'],Santa Anastasia,"['AMO', 'Museo Conte', 'Palazzo della Ragione', 'Teatro Romano', 'Centro Fotografia']",Castelvecchio,strategy_nearest,False,0.0021982192993164062,success
04FB4F3A9C4C80,1,"['Santa Anastasia', 'Arena', 'Torre Lamberti']",Casa Giulietta,"['Centro Fotografia', 'Sighseeing', 'Museo Conte', 'Museo Radio', 'Palazzo della Ragione']",San Zeno,strategy_nearest,False,0.00121307373046875,success
04FB564A9C4C80,0,['Arena'],Tomba Giulietta,"['San Fermo', 'Museo Storia', 'Museo Lapidario', 'Museo Radio', 'Verona Tour']",Casa Giulietta,strategy_nearest,False,0.002752065658569336,success
04FB653A9C4C80,1,"['Arena', 'Museo Lapidario', 'San Zeno', 'Castelvecchio', 'Duomo']",Santa Anastasia,"['AMO', 'Museo Conte', 'Palazzo della Ragione', 'Teatro Romano', 'Centro Fotografia']",Teatro Romano,strategy_nearest,True,0.0033111572265625,success
04FB6D429C4C80,2,"['Casa Giulietta', 'Santa Anastasia']",Duomo,"['AMO', 'Museo Miniscalchi', 'Teatro Romano', 'Palazzo della Ragione', 'Museo Conte']",Teatro Romano,strategy_nearest,True,0.002704143524169922,success
04FB6E429C4C80,0,['San Zeno'],Arena,"['Verona Tour', 'Museo Lapidario', 'Museo Radio', 'San Fermo', 'Casa Giulietta']",Casa Giulietta,strategy_nearest,True,0.0032236576080322266,success
04FB693A9C4C80,3,['Arena'],Santa Anastasia,"['AMO', 'Museo Conte', 'Palazzo della Ragione', 'Teatro Romano', 'Centro Fotografia']",Teatro Romano,strategy_nearest,True,0.0027990341186523438,success
04FB663A9C4C80,1,"['Arena', 'Casa Giulietta', 'Palazzo della Ragione', 'Torre Lamberti']",Santa Anastasia,"['AMO', 'Museo Conte', 'Teatro Romano', 'Centro Fotografia', 'Duomo']",Duomo,strategy_nearest,True,0.0026459693908691406,success
04FB72429C4C80,2,['Santa Anastasia'],Duomo,"['AMO', 'Museo Miniscalchi', 'Teatro Romano', 'Palazzo della Ragione', 'Museo Conte']",Teatro Romano,strategy_nearest,True,0.0040247440338134766,success
04FB784A9C4C80,0,['Arena'],Museo Lapidario,"['Verona Tour', 'Castelvecchio', 'Museo Radio', 'San Fermo', 'Casa Giulietta']",Torre Lamberti,strategy_nearest,False,0.0027713775634765625,success
04FB79429C4C80,0,['Arena'],Casa Giulietta,"['Centro Fotografia', 'Sighseeing', 'Torre Lamberti', 'Museo Conte', 'Museo Radio']",Castelvecchio,strategy_nearest,False,0.0014688968658447266,success
04FB764A9C4C80,3,"['Arena', 'Casa Giulietta']",Santa Anastasia,"['AMO', 'Museo Conte', 'Palazzo della Ragione', 'Teatro Romano', 'Centro Fotografia']",Duomo,strategy_nearest,False,0.002187013626098633,success
04FBAC4A9C4C80,0,['Arena'],Casa Giulietta,"['Centro Fotografia', 'Sighseeing', 'Torre Lamberti', 'Museo Conte', 'Museo Radio']",Teatro Romano,strategy_nearest,False,0.002718210220336914,success
04FB81429C4C80,0,['Arena'],Castelvecchio,"['Museo Lapidario', 'Verona Tour', 'Museo Radio', 'San Zeno', 'Sighseeing']",Casa Giulietta,strategy_nearest,False,0.001394033432006836,success
04FBB53A9C4C80,0,['Santa Anastasia'],Casa Giulietta,"['Centro Fotografia', 'Sighseeing', 'Torre Lamberti', 'Museo Conte', 'Museo Radio']",Arena,strategy_nearest,False,0.003288745880126953,success
04FB964A9C4C80,3,['Castelvecchio'],Arena,"['Verona Tour', 'Museo Lapidario', 'Museo Radio', 'San Fermo', 'Casa Giulietta']",Torre Lamberti,strategy_nearest,False,0.001978158950805664,success
04FBBC4A9C4C80,1,"['Arena', 'Casa Giulietta']",Torre Lamberti,"['Sighseeing', 'Centro Fotografia', 'Museo Conte', 'Palazzo della Ragione', 'AMO']",Palazzo della Ragione,strategy_nearest,True,0.0025908946990966797,success
04FBBE4A9C4C80,0,"['Arena', 'Casa Giulietta']",Castelvecchio,"['Museo Lapidario', 'Verona Tour', 'Museo Radio', 'San Zeno', 'Sighseeing']",San Zeno,strategy_nearest,True,0.0026397705078125,success
04FBBA4A9C4C80,1,"['Teatro Romano', 'Duomo', 'Santa Anastasia', 'Palazzo della Ragione', 'Torre Lamberti']",Casa Giulietta,"['Centro Fotografia', 'Sighseeing', 'Museo Conte', 'Museo Radio', 'San Fermo']",Arena,strategy_nearest,False,0.002051115036010742,success
04FBED4A9C4C80,3,"['Arena', 'Santa Anastasia']",Duomo,"['AMO', 'Museo Miniscalchi', 'Teatro Romano', 'Palazzo della Ragione', 'Museo Conte']",Torre Lamberti,strategy_nearest,False,0.0017039775848388672,success
04FBCD3A9C4C80,0,"['San Fermo', 'Casa Giulietta']",Torre Lamberti,"['Sighseeing', 'Centro Fotografia', 'Museo Conte', 'Palazzo della Ragione', 'AMO']",Castelvecchio,strategy_nearest,False,0.003284931182861328,success
04FBCD4A9C4C80,0,['Arena'],Casa Giulietta,"['Centro Fotografia', 'Sighseeing', 'Torre Lamberti', 'Museo Conte', 'Museo Radio']",Torre Lamberti,strategy_nearest,True,0.002315998077392578,success
04FBF14A9C4C80,1,"['Arena', 'Palazzo della Ragione']",Torre Lamberti,"['Sighseeing', 'Centro Fotografia', 'Museo Conte', 'Casa Giulietta', 'AMO']",Casa Giulietta,strategy_nearest,True,0.0024290084838867188,success
04FBFB4A9C4C80,3,"['Arena', 'Casa Giulietta']",Santa Anastasia,"['AMO', 'Museo Conte', 'Palazzo della Ragione', 'Teatro Romano', 'Centro Fotografia']",Duomo,strategy_nearest,False,0.0026869773864746094,success
04FC003A9C4C84,1,"['Castelvecchio', 'Torre Lamberti']",Palazzo della Ragione,"['AMO', 'Museo Conte', 'Centro Fotografia', 'Sighseeing', 'Santa Anastasia']",Casa Giulietta,strategy_nearest,False,0.0029802322387695312,success
04FBFA429C4C80,2,['San Zeno'],Castelvecchio,"['Museo Lapidario', 'Verona Tour', 'Arena', 'Museo Radio', 'Sighseeing']",Duomo,strategy_nearest,False,0.0033559799194335938,success
04FBFE4A9C4C80,2,"['Torre Lamberti', 'Palazzo della Ragione']",Casa Giulietta,"['Centro Fotografia', 'Sighseeing', 'Museo Conte', 'Museo Radio', 'San Fermo']",Santa Anastasia,strategy_nearest,False,0.0020439624786376953,success
04FC044A9C4C84,0,['Arena'],Casa Giulietta,"['Centro Fotografia', 'Sighseeing', 'Torre Lamberti', 'Museo Conte', 'Museo Radio']",Tomba Giulietta,strategy_nearest,False,0.0020918846130371094,success
04FC08429C4C84,0,['Arena'],Casa Giulietta,"['Centro Fotografia', 'Sighseeing', 'Torre Lamberti', 'Museo Conte', 'Museo Radio']",Torre Lamberti,strategy_nearest,True,0.0020999908447265625,success
04FC074A9C4C84,1,"['Arena', 'Casa Giulietta']",Santa Anastasia,"['AMO', 'Museo Conte', 'Palazzo della Ragione', 'Teatro Romano', 'Centro Fotografia']",Duomo,strategy_nearest,False,0.002741098403930664,success
04FC0A4A9C4C84,0,['Arena'],Casa Giulietta,"['Centro Fotografia', 'Sighseeing', 'Torre Lamberti', 'Museo Conte', 'Museo Radio']",Castelvecchio,strategy_nearest,False,0.003275156021118164,success
04FC114A9C4C84,3,"['Arena', 'Casa Giulietta']",Santa Anastasia,"['AMO', 'Museo Conte', 'Palazzo della Ragione', 'Teatro Romano', 'Centro Fotografia']",Duomo,strategy_nearest,False,0.002051115036010742,success
04FC124A9C4C84,0,['Arena'],Museo Lapidario,"['Verona Tour', 'Castelvecchio', 'Museo Radio', 'San Fermo', 'Casa Giulietta']",Casa Giulietta,strategy_nearest,True,0.002622842788696289,success
04FC0F4A9C4C84,0,"['Teatro Romano', 'Casa Giulietta', 'Torre Lamberti']",San Fermo,"['Museo Storia', 'Museo Radio', 'Centro Fotografia', 'Arena', 'Sighseeing']",Arena,strategy_nearest,True,0.0020728111267089844,success
04FC0E429C4C84,1,"['Arena', 'Castelvecchio', 'Casa Giulietta', 'Santa Anastasia', 'Museo Lapidario']",Tomba Giulietta,"['San Fermo', 'Museo Storia', 'Museo Radio', 'Verona Tour', 'Sighseeing']",Torre Lamberti,strategy_nearest,False,0.004542827606201172,success
04FC2F429C4C80,0,['Arena'],Casa Giulietta,"['Centro Fotografia', 'Sighseeing', 'Torre Lamberti', 'Museo Conte', 'Museo Radio']",Torre Lamberti,strategy_nearest,True,0.0027399063110351562,success
04FC313A9C4C80,0,['Arena'],Castelvecchio,"['Museo Lapidario', 'Verona Tour', 'Museo Radio', 'San Zeno', 'Sighseeing']",Casa Giulietta,strategy_nearest,False,0.0032541751861572266,success
04FC33429C4C80,1,"['San Fermo', 'Torre Lamberti', 'Palazzo della Ragione']",Santa Anastasia,"['AMO', 'Museo Conte', 'Teatro Romano', 'Centro Fotografia', 'Duomo']",Teatro Romano,strategy_nearest,True,0.0013887882232666016,success
04FC13429C4C84,0,"['Tomba Giulietta', 'Arena']",Casa Giulietta,"['Centro Fotografia', 'Sighseeing', 'Torre Lamberti', 'Museo Conte', 'Museo Radio']",Teatro Romano,strategy_nearest,False,0.0033731460571289062,success
04FC40429C4C80,3,"['Arena', 'Castelvecchio', 'Casa Giulietta']",San Fermo,"['Museo Storia', 'Museo Radio', 'Centro Fotografia', 'Sighseeing', 'Torre Lamberti']",Torre Lamberti,strategy_nearest,True,0.0019998550415039062,success
04FC354A9C4C80,3,"['Museo Lapidario', 'Arena', 'San Zeno', 'San Fermo']",Torre Lamberti,"['Sighseeing', 'Centro Fotografia', 'Museo Conte', 'Casa Giulietta', 'Palazzo della Ragione']",Santa Anastasia,strategy_nearest,False,0.0020661354064941406,success
04FC374A9C4C80,2,['Casa Giulietta'],Santa Anastasia,"['AMO', 'Museo Conte', 'Palazzo della Ragione', 'Teatro Romano', 'Centro Fotografia']",Duomo,strategy_nearest,False,0.002805948257446289,success
04FC423A9C4C80,2,"['Castelvecchio', 'San Zeno', 'Tomba Giulietta']",San Fermo,"['Museo Storia', 'Museo Radio', 'Casa Giulietta', 'Centro Fotografia', 'Arena']",Casa Giulietta,strategy_nearest,True,0.003385782241821289,success
04FC433A9C4C80,3,"['Arena', 'Torre Lamberti', 'Casa Giulietta']",Castelvecchio,"['Museo Lapidario', 'Verona Tour', 'Museo Radio', 'San Zeno', 'Sighseeing']",Santa Anastasia,strategy_nearest,False,0.0025489330291748047,success
04FC524A9C4C80,0,['Arena'],Casa Giulietta,"['Centro Fotografia', 'Sighseeing', 'Torre Lamberti', 'Museo Conte', 'Museo Radio']",Santa Anastasia,strategy_nearest,False,0.002458333969116211,success
04FC643A9C4C80,1,"['Castelvecchio', 'Casa Giulietta']",Arena,"['Verona Tour', 'Museo Lapidario', 'Museo Radio', 'San Fermo', 'Sighseeing']",Palazzo della Ragione,strategy_nearest,False,0.0033669471740722656,success
04FC7B4A9C4C80,3,"['Teatro Romano', 'Duomo', 'Santa Anastasia']",Casa Giulietta,"['Centro Fotografia', 'Sighseeing', 'Torre Lamberti', 'Museo Conte', 'Museo Radio']",Arena,strategy_nearest,False,0.003062009811401367,success
04FC79429C4C80,0,['Arena'],Casa Giulietta,"['Centro Fotografia', 'Sighseeing', 'Torre Lamberti', 'Museo Conte', 'Museo Radio']",Santa Anastasia,strategy_nearest,False,0.0025691986083984375,success
04FC92429C4C80,0,"['Arena', 'Casa Giulietta']",Duomo,"['AMO', 'Museo Miniscalchi', 'Santa Anastasia', 'Teatro Romano', 'Palazzo della Ragione']",Castelvecchio,strategy_nearest,False,0.0032880306243896484,success
04FC964A9C4C80,1,"['Arena', 'Palazzo della Ragione']",Torre Lamberti,"['Sighseeing', 'Centro Fotografia', 'Museo Conte', 'Casa Giulietta', 'AMO']",Santa Anastasia,strategy_nearest,False,0.0025742053985595703,success
04FC97429C4C80,3,"['Arena', 'Museo Lapidario']",Santa Anastasia,"['AMO', 'Museo Conte', 'Palazzo della Ragione', 'Teatro Romano', 'Centro Fotografia']",Santa Anastasia,strategy_nearest,False,0.002469778060913086,success
04FCAC3A9C4C80,3,"['Castelvecchio', 'Arena']",Casa Giulietta,"['Centro Fotografia', 'Sighseeing', 'Torre Lamberti', 'Museo Conte', 'Museo Radio']",Torre Lamberti,strategy_nearest,True,0.0030410289764404297,success
04FCB34A9C4C80,1,"['San Zeno', 'Castelvecchio', 'Arena']",Casa Giulietta,"['Centro Fotografia', 'Sighseeing', 'Torre Lamberti', 'Museo Conte', 'Museo Radio']",Torre Lamberti,strategy_nearest,True,0.003162860870361328,success
04FCB44A9C4C80,2,"['Casa Giulietta', 'Santa Anastasia']",Duomo,"['AMO', 'Museo Miniscalchi', 'Teatro Romano', 'Palazzo della Ragione', 'Museo Conte']",Teatro Romano,strategy_nearest,True,0.0032999515533447266,success
04FCB54A9C4C80,0,"['Castelvecchio', 'Arena']",Museo Lapidario,"['Verona Tour', 'Museo Radio', 'San Fermo', 'Casa Giulietta', 'Tomba Giulietta']",Casa Giulietta,strategy_nearest,True,0.003192901611328125,success
04FCD0429C4C80,2,['Castelvecchio'],Casa Giulietta,"['Centro Fotografia', 'Sighseeing', 'Torre Lamberti', 'Museo Conte', 'Museo Radio']",Torre Lamberti,strategy_nearest,True,0.0018570423126220703,success
04FCC94A9C4C80,0,['Arena'],Castelvecchio,"['Museo Lapidario', 'Verona Tour', 'Museo Radio', 'San Zeno', 'Sighseeing']",San Zeno,strategy_nearest,True,0.003329753875732422,success
04FCC84A9C4C80,3,"['Arena', 'Museo Lapidario']",Castelvecchio,"['Verona Tour', 'Museo Radio', 'San Zeno', 'Sighseeing', 'Museo Miniscalchi']",Casa Giulietta,strategy_nearest,False,0.003998994827270508,success
04FCBA3A9C4C80,3,"['Torre Lamberti', 'Santa Anastasia']",Duomo,"['AMO', 'Museo Miniscalchi', 'Teatro Romano', 'Palazzo della Ragione', 'Museo Conte']",Casa Giulietta,strategy_nearest,False,0.0028662681579589844,success
04FCE8429C4C80,0,"['Arena', 'Casa Giulietta']",Teatro Romano,"['Santa Anastasia', 'Duomo', 'AMO', 'Palazzo della Ragione', 'Museo Conte']",Museo Storia,strategy_nearest,False,0.002177000045776367,success
04FCF34A9C4C80,1,"['Arena', 'Palazzo della Ragione']",Santa Anastasia,"['AMO', 'Museo Conte', 'Teatro Romano', 'Centro Fotografia', 'Duomo']",Duomo,strategy_nearest,True,0.0020418167114257812,success
04FCEA429C4C80,0,['Arena'],Casa Giulietta,"['Centro Fotografia', 'Sighseeing', 'Torre Lamberti', 'Museo Conte', 'Museo Radio']",Torre Lamberti,strategy_nearest,True,0.002696990966796875,success
04FCDA3A9C4C80,0,"['Casa Giulietta', 'Torre Lamberti']",Teatro Romano,"['Santa Anastasia', 'Duomo', 'AMO', 'Palazzo della Ragione', 'Museo Conte']",Arena,strategy_nearest,False,0.004920005798339844,success
04FCFA429C4C80,1,"['Arena', 'Castelvecchio', 'San Fermo']",Duomo,"['AMO', 'Museo Miniscalchi', 'Santa Anastasia', 'Teatro Romano', 'Palazzo della Ragione']",San Zeno,strategy_nearest,False,0.002665996551513672,success
04FD074A9C4C84,5,"['Museo Miniscalchi', 'Duomo']",Teatro Romano,"['Santa Anastasia', 'AMO', 'Palazzo della Ragione', 'Museo Conte', 'Centro Fotografia']",San Zeno,strategy_nearest,False,0.0021882057189941406,success
04FD094A9C4C84,0,['Arena'],Teatro Romano,"['Santa Anastasia', 'Duomo', 'AMO', 'Palazzo della Ragione', 'Museo Conte']",Castelvecchio,strategy_nearest,False,0.0014941692352294922,success
04FD08429C4C84,1,"['Arena', 'Castelvecchio', 'Torre Lamberti']",Palazzo della Ragione,"['AMO', 'Museo Conte', 'Centro Fotografia', 'Sighseeing', 'Santa Anastasia']",Tomba Giulietta,strategy_nearest,False,0.0028171539306640625,success
04FCFD3A9C4C80,3,"['Castelvecchio', 'Arena']",Santa Anastasia,"['AMO', 'Museo Conte', 'Palazzo della Ragione', 'Teatro Romano', 'Centro Fotografia']",Duomo,strategy_nearest,False,0.0035619735717773438,success
04FD0B4A9C4C84,0,['Torre Lamberti'],Duomo,"['AMO', 'Museo Miniscalchi', 'Santa Anastasia', 'Teatro Romano', 'Palazzo della Ragione']",Casa Giulietta,strategy_nearest,False,0.0023040771484375,success
04FD12429C4C84,2,['Tomba Giulietta'],Casa Giulietta,"['Centro Fotografia', 'Sighseeing', 'Torre Lamberti', 'Museo Conte', 'Museo Radio']",Teatro Romano,strategy_nearest,False,0.002089977264404297,success
04FD124A9C4C84,3,"['Arena', 'Casa Giulietta']",Castelvecchio,"['Museo Lapidario', 'Verona Tour', 'Museo Radio', 'San Zeno', 'Sighseeing']",Santa Anastasia,strategy_nearest,False,0.003278017044067383,success
04FD114A9C4C84,1,"['Castelvecchio', 'Arena']",Casa Giulietta,"['Centro Fotografia', 'Sighseeing', 'Torre Lamberti', 'Museo Conte', 'Museo Radio']",Palazzo della Ragione,strategy_nearest,False,0.0027108192443847656,success
04FD52429C4C80,1,"['Arena', 'Castelvecchio', 'San Fermo']",Casa Giulietta,"['Centro Fotografia', 'Sighseeing', 'Torre Lamberti', 'Museo Conte', 'Museo Radio']",Palazzo della Ragione,strategy_nearest,False,0.0013780593872070312,success
04FD3F3A9C4C80,1,"['Arena', 'San Fermo', 'Castelvecchio', 'Teatro Romano']",Duomo,"['AMO', 'Museo Miniscalchi', 'Santa Anastasia', 'Palazzo della Ragione', 'Museo Conte']",Palazzo della Ragione,strategy_nearest,True,0.0033762454986572266,success
04FD3C4A9C4C80,2,"['Casa Giulietta', 'Torre Lamberti', 'Palazzo della Ragione']",San Zeno,"['Castelvecchio', 'Verona Tour', 'Museo Lapidario', 'Arena', 'Museo Miniscalchi']",Santa Anastasia,strategy_nearest,False,0.002195119857788086,success
04FD2C429C4C80,2,['Casa Giulietta'],Duomo,"['AMO', 'Museo Miniscalchi', 'Santa Anastasia', 'Teatro Romano', 'Palazzo della Ragione']",Torre Lamberti,strategy_nearest,False,0.003454923629760742,success
04FD603A9C4C80,0,"['Castelvecchio', 'Teatro Romano', 'Torre Lamberti']",Casa Giulietta,"['Centro Fotografia', 'Sighseeing', 'Museo Conte', 'Museo Radio', 'Palazzo della Ragione']",Arena,strategy_nearest,False,0.0021011829376220703,success
04FD663A9C4C80,1,"['Casa Giulietta', 'Castelvecchio', 'Arena', 'Tomba Giulietta']",Santa Anastasia,"['AMO', 'Museo Conte', 'Palazzo della Ragione', 'Teatro Romano', 'Centro Fotografia']",Teatro Romano,strategy_nearest,True,0.0014672279357910156,success
04FD6B3A9C4C80,3,"['Arena', 'Torre Lamberti', 'Casa Giulietta', 'San Zeno']",Castelvecchio,"['Museo Lapidario', 'Verona Tour', 'Museo Radio', 'Sighseeing', 'Museo Miniscalchi']",Santa Anastasia,strategy_nearest,False,0.0026051998138427734,success
04FD764A9C4C80,0,['Arena'],Casa Giulietta,"['Centro Fotografia', 'Sighseeing', 'Torre Lamberti', 'Museo Conte', 'Museo Radio']",Castelvecchio,strategy_nearest,False,0.0035867691040039062,success
04FD82429C4C80,1,"['Arena', 'Casa Giulietta']",Torre Lamberti,"['Sighseeing', 'Centro Fotografia', 'Museo Conte', 'Palazzo della Ragione', 'AMO']",Palazzo della Ragione,strategy_nearest,True,0.0031158924102783203,success
04FD774A9C4C80,0,"['Arena', 'Museo Storia']",Casa Giulietta,"['Centro Fotografia', 'Sighseeing', 'Torre Lamberti', 'Museo Conte', 'Museo Radio']",Castelvecchio,strategy_nearest,False,0.0026760101318359375,success
04FD7D4A9C4C80,2,['Casa Giulietta'],Torre Lamberti,"['Sighseeing', 'Centro Fotografia', 'Museo Conte', 'Palazzo della Ragione', 'AMO']",Santa Anastasia,strategy_nearest,False,0.0027709007263183594,success
04FD83429C4C80,0,"['Arena', 'Casa Giulietta']",Teatro Romano,"['Santa Anastasia', 'Duomo', 'AMO', 'Palazzo della Ragione', 'Museo Conte']",Duomo,strategy_nearest,True,0.0028569698333740234,success
04FDA1429C4C80,3,"['Arena', 'Casa Giulietta']",Castelvecchio,"['Museo Lapidario', 'Verona Tour', 'Museo Radio', 'San Zeno', 'Sighseeing']",Santa Anastasia,strategy_nearest,False,0.0019230842590332031,success
04FD843A9C4C80,1,"['Arena', 'Museo Lapidario', 'Casa Giulietta']",Palazzo della Ragione,"['AMO', 'Museo Conte', 'Torre Lamberti', 'Centro Fotografia', 'Sighseeing']",Torre Lamberti,strategy_nearest,True,0.0026798248291015625,success
04FDAD4A9C4C80,1,"['Castelvecchio', 'San Zeno', 'Arena']",Casa Giulietta,"['Centro Fotografia', 'Sighseeing', 'Torre Lamberti', 'Museo Conte', 'Museo Radio']",Palazzo della Ragione,strategy_nearest,False,0.003325939178466797,success
04FDB14A9C4C80,3,"['Arena', 'Casa Giulietta']",Santa Anastasia,"['AMO', 'Museo Conte', 'Palazzo della Ragione', 'Teatro Romano', 'Centro Fotografia']",Duomo,strategy_nearest,False,0.0016100406646728516,success
04FDC84A9C4C80,0,['Arena'],Torre Lamberti,"['Sighseeing', 'Centro Fotografia', 'Museo Conte', 'Casa Giulietta', 'Palazzo della Ragione']",Teatro Romano,strategy_nearest,False,0.002392292022705078,success
04FDB44A9C4C80,3,"['Castelvecchio', 'Arena']",Casa Giulietta,"['Centro Fotografia', 'Sighseeing', 'Torre Lamberti', 'Museo Conte', 'Museo Radio']",Duomo,strategy_nearest,False,0.0026350021362304688,success
04FDD14A9C4C80,0,['Arena'],Torre Lamberti,"['Sighseeing', 'Centro Fotografia', 'Museo Conte', 'Casa Giulietta', 'Palazzo della Ragione']",Castelvecchio,strategy_nearest,False,0.002031087875366211,success
04FDDF429C4C80,2,['Santa Anastasia'],Duomo,"['AMO', 'Museo Miniscalchi', 'Teatro Romano', 'Palazzo della Ragione', 'Museo Conte']",Casa Giulietta,strategy_nearest,False,0.0025610923767089844,success
04FDD03A9C4C80,3,['Arena'],Santa Anastasia,"['AMO', 'Museo Conte', 'Palazzo della Ragione', 'Teatro Romano', 'Centro Fotografia']",San Fermo,strategy_nearest,False,0.0031380653381347656,success
04FDD0429C4C80,0,['Arena'],Castelvecchio,"['Museo Lapidario', 'Verona Tour', 'Museo Radio', 'San Zeno', 'Sighseeing']",Teatro Romano,strategy_nearest,False,0.004631996154785156,success
04FDF34A9C4C80,3,"['Arena', 'Casa Giulietta']",Santa Anastasia,"['AMO', 'Museo Conte', 'Palazzo della Ragione', 'Teatro Romano', 'Centro Fotografia']",Duomo,strategy_nearest,False,0.0013921260833740234,success
04FDE94A9C4C80,3,['Arena'],Santa Anastasia,"['AMO', 'Museo Conte', 'Palazzo della Ragione', 'Teatro Romano', 'Centro Fotografia']",Duomo,strategy_nearest,False,0.0032949447631835938,success
04FDE3429C4C80,1,"['Arena', 'Castelvecchio', 'Torre Lamberti']",Palazzo della Ragione,"['AMO', 'Museo Conte', 'Centro Fotografia', 'Sighseeing', 'Santa Anastasia']",San Zeno,strategy_nearest,False,0.0033559799194335938,success
04FDF24A9C4C80,0,['Arena'],Casa Giulietta,"['Centro Fotografia', 'Sighseeing', 'Torre Lamberti', 'Museo Conte', 'Museo Radio']",Torre Lamberti,strategy_nearest,True,0.003269195556640625,success
04FDF64A9C4C80,0,['Arena'],Casa Giulietta,"['Centro Fotografia', 'Sighseeing', 'Torre Lamberti', 'Museo Conte', 'Museo Radio']",Torre Lamberti,strategy_nearest,True,0.0027260780334472656,success
04FDF54A9C4C80,0,"['Arena', 'Castelvecchio']",Casa Giulietta,"['Centro Fotografia', 'Sighseeing', 'Torre Lamberti', 'Museo Conte', 'Museo Radio']",Museo Lapidario,strategy_nearest,False,0.003971099853515625,success
04FDFD4A9C4C80,2,"['Casa Giulietta', 'Torre Lamberti', 'Palazzo della Ragione']",Santa Anastasia,"['AMO', 'Museo Conte', 'Teatro Romano', 'Centro Fotografia', 'Duomo']",Teatro Romano,strategy_nearest,True,0.0025892257690429688,success
04FDFC4A9C4C80,0,['Arena'],Casa Giulietta,"['Centro Fotografia', 'Sighseeing', 'Torre Lamberti', 'Museo Conte', 'Museo Radio']",Teatro Romano,strategy_nearest,False,0.0014052391052246094,success
04FE014A9C4C84,0,['Arena'],Casa Giulietta,"['Centro Fotografia', 'Sighseeing', 'Torre Lamberti', 'Museo Conte', 'Museo Radio']",Duomo,strategy_nearest,False,0.0015187263488769531,success
04FE074A9C4C84,3,"['Santa Anastasia', 'Duomo']",Casa Giulietta,"['Centro Fotografia', 'Sighseeing', 'Torre Lamberti', 'Museo Conte', 'Museo Radio']",Arena,strategy_nearest,False,0.0026481151580810547,success
04FDFE4A9C4C80,1,"['Arena', 'Torre Lamberti', 'Palazzo della Ragione']",Casa Giulietta,"['Centro Fotografia', 'Sighseeing', 'Museo Conte', 'Museo Radio', 'San Fermo']",Santa Anastasia,strategy_nearest,False,0.0033249855041503906,success
04FE06429C4C84,1,"['Giardino Giusti', 'Torre Lamberti', 'Palazzo della Ragione', 'Castelvecchio']",Duomo,"['AMO', 'Museo Miniscalchi', 'Santa Anastasia', 'Teatro Romano', 'Museo Conte']",Teatro Romano,strategy_nearest,True,0.0032939910888671875,success
04FE373A9C4C80,1,"['Arena', 'Casa Giulietta', 'Torre Lamberti']",Palazzo della Ragione,"['AMO', 'Museo Conte', 'Centro Fotografia', 'Sighseeing', 'Santa Anastasia']",Santa Anastasia,strategy_nearest,True,0.001397848129272461,success
04FE324A9C4C80,3,"['Teatro Romano', 'Duomo']",San Zeno,"['Castelvecchio', 'Verona Tour', 'Museo Lapidario', 'Arena', 'Museo Miniscalchi']",Arena,strategy_nearest,True,0.002651214599609375,success
04FE0D429C4C84,3,"['Arena', 'Torre Lamberti', 'Santa Anastasia']",Torre Lamberti,"['Sighseeing', 'Centro Fotografia', 'Museo Conte', 'Casa Giulietta', 'Palazzo della Ragione']",Casa Giulietta,strategy_nearest,True,0.0033168792724609375,success
04FE32429C4C80,3,"['Museo Lapidario', 'Museo Storia', 'San Fermo', 'Tomba Giulietta']",Arena,"['Verona Tour', 'Museo Radio', 'Casa Giulietta', 'Sighseeing', 'Castelvecchio']",Casa Giulietta,strategy_nearest,True,0.0034029483795166016,success
04FE434A9C4C80,0,['Arena'],Castelvecchio,"['Museo Lapidario', 'Verona Tour', 'Museo Radio', 'San Zeno', 'Sighseeing']",Casa Giulietta,strategy_nearest,False,0.0027649402618408203,success
04FE38429C4C80,3,"['Arena', 'Casa Giulietta']",Santa Anastasia,"['AMO', 'Museo Conte', 'Palazzo della Ragione', 'Teatro Romano', 'Centro Fotografia']",Duomo,strategy_nearest,False,0.003462076187133789,success
04FE413A9C4C80,1,"['Castelvecchio', 'San Zeno', 'Duomo', 'Santa Anastasia', 'Palazzo della Ragione']",Casa Giulietta,"['Centro Fotografia', 'Sighseeing', 'Torre Lamberti', 'Museo Conte', 'Museo Radio']",Museo Lapidario,strategy_nearest,False,0.0021829605102539062,success
04FE45429C4C80,3,"['Santa Anastasia', 'Torre Lamberti', 'Casa Giulietta']",Arena,"['Verona Tour', 'Museo Lapidario', 'Museo Radio', 'San Fermo', 'Sighseeing']",Teatro Romano,strategy_nearest,False,0.00341033935546875,success
04FE4A4A9C4C80,3,"['Arena', 'San Fermo']",Casa Giulietta,"['Centro Fotografia', 'Sighseeing', 'Torre Lamberti', 'Museo Conte', 'Museo Radio']",Torre Lamberti,strategy_nearest,True,0.0016252994537353516,success
04FE503A9C4C80,2,"['Casa Giulietta', 'Torre Lamberti', 'Santa Anastasia']",Teatro Romano,"['Duomo', 'AMO', 'Palazzo della Ragione', 'Museo Conte', 'Centro Fotografia']",Giardino Giusti,strategy_nearest,False,0.0028228759765625,success
04FE533A9C4C80,3,"['Arena', 'Casa Giulietta']",Torre Lamberti,"['Sighseeing', 'Centro Fotografia', 'Museo Conte', 'Palazzo della Ragione', 'AMO']",Santa Anastasia,strategy_nearest,False,0.0026009082794189453,success
04FE584A9C4C80,3,['Arena'],Casa Giulietta,"['Centro Fotografia', 'Sighseeing', 'Torre Lamberti', 'Museo Conte', 'Museo Radio']",Santa Anastasia,strategy_nearest,False,0.003274679183959961,success
04FE66C27B3F80,1,['Arena'],Casa Giulietta,"['Centro Fotografia', 'Sighseeing', 'Torre Lamberti', 'Museo Conte', 'Museo Radio']",Palazzo della Ragione,strategy_nearest,False,0.0029730796813964844,success
04FE6D3A9C4C80,0,"['Arena', 'Teatro Romano']",Duomo,"['AMO', 'Museo Miniscalchi', 'Santa Anastasia', 'Palazzo della Ragione', 'Museo Conte']",Casa Giulietta,strategy_nearest,False,0.0020170211791992188,success
04FE7F3A9C4C80,3,"['Arena', 'Casa Giulietta']",Torre Lamberti,"['Sighseeing', 'Centro Fotografia', 'Museo Conte', 'Palazzo della Ragione', 'AMO']",Castelvecchio,strategy_nearest,False,0.002624988555908203,success
04FE774A9C4C80,3,"['Arena', 'Torre Lamberti']",Casa Giulietta,"['Centro Fotografia', 'Sighseeing', 'Museo Conte', 'Museo Radio', 'Palazzo della Ragione']",Santa Anastasia,strategy_nearest,False,0.002777099609375,success
04FE8F429C4C80,0,['Arena'],Casa Giulietta,"['Centro Fotografia', 'Sighseeing', 'Torre Lamberti', 'Museo Conte', 'Museo Radio']",Tomba Giulietta,strategy_nearest,False,0.0017697811126708984,success
04FE91429C4C80,0,['Arena'],Torre Lamberti,"['Sighseeing', 'Centro Fotografia', 'Museo Conte', 'Casa Giulietta', 'Palazzo della Ragione']",Teatro Romano,strategy_nearest,False,0.002370119094848633,success
04FE9B4A9C4C80,1,"['Arena', 'Casa Giulietta']",Torre Lamberti,"['Sighseeing', 'Centro Fotografia', 'Museo Conte', 'Palazzo della Ragione', 'AMO']",Palazzo della Ragione,strategy_nearest,True,0.003196239471435547,success
04FE8C4A9C4C80,2,"['Casa Giulietta', 'Santa Anastasia', 'Duomo']",Teatro Romano,"['AMO', 'Palazzo della Ragione', 'Museo Conte', 'Centro Fotografia', 'Museo Miniscalchi']",Torre Lamberti,strategy_nearest,False,0.0033991336822509766,success
04FEA24A9C4C80,3,['Arena'],Santa Anastasia,"['AMO', 'Museo Conte', 'Palazzo della Ragione', 'Teatro Romano', 'Centro Fotografia']",Duomo,strategy_nearest,False,0.0018699169158935547,success
04FEA44A9C4C80,0,['Arena'],Casa Giulietta,"['Centro Fotografia', 'Sighseeing', 'Torre Lamberti', 'Museo Conte', 'Museo Radio']",Tomba Giulietta,strategy_nearest,False,0.0025649070739746094,success
04FEAC4A9C4C80,3,"['Arena', 'Santa Anastasia']",Teatro Romano,"['Duomo', 'AMO', 'Palazzo della Ragione', 'Museo Conte', 'Centro Fotografia']",Giardino Giusti,strategy_nearest,False,0.0025691986083984375,success
04FEA63A9C4C80,0,['Teatro Romano'],Arena,"['Verona Tour', 'Museo Lapidario', 'Museo Radio', 'San Fermo', 'Casa Giulietta']",Casa Giulietta,strategy_nearest,True,0.0033888816833496094,success
04FEAE4A9C4C80,0,"['Arena', 'Casa Giulietta']",Teatro Romano,"['Santa Anastasia', 'Duomo', 'AMO', 'Palazzo della Ragione', 'Museo Conte']",Duomo,strategy_nearest,True,0.0017611980438232422,success
04FEAE3A9C4C80,0,['Casa Giulietta'],Teatro Romano,"['Santa Anastasia', 'Duomo', 'AMO', 'Palazzo della Ragione', 'Museo Conte']",Tomba Giulietta,strategy_nearest,False,0.002416849136352539,success
04FEAF4A9C4C80,0,['Arena'],Casa Giulietta,"['Centro Fotografia', 'Sighseeing', 'Torre Lamberti', 'Museo Conte', 'Museo Radio']",Torre Lamberti,strategy_nearest,True,0.0031888484954833984,success
04FEB14A9C4C80,0,"['Giardino Giusti', 'Casa Giulietta']",Castelvecchio,"['Museo Lapidario', 'Verona Tour', 'Arena', 'Museo Radio', 'San Zeno']",Torre Lamberti,strategy_nearest,False,0.0024487972259521484,success
04FEB24A9C4C80,3,"['Arena', 'Torre Lamberti']",Casa Giulietta,"['Centro Fotografia', 'Sighseeing', 'Museo Conte', 'Museo Radio', 'Palazzo della Ragione']",Santa Anastasia,strategy_nearest,False,0.0026979446411132812,success
04FEB44A9C4C80,3,"['Arena', 'Casa Giulietta']",Santa Anastasia,"['AMO', 'Museo Conte', 'Palazzo della Ragione', 'Teatro Romano', 'Centro Fotografia']",Duomo,strategy_nearest,False,0.003361940383911133,success
04FEBD4A9C4C80,0,['Arena'],Casa Giulietta,"['Centro Fotografia', 'Sighseeing', 'Torre Lamberti', 'Museo Conte', 'Museo Radio']",Duomo,strategy_nearest,False,0.003354787826538086,success
04FEC03A9C4C80,2,"['Casa Giulietta', 'San Fermo']",Santa Anastasia,"['AMO', 'Museo Conte', 'Palazzo della Ragione', 'Teatro Romano', 'Centro Fotografia']",Duomo,strategy_nearest,False,0.0029659271240234375,success
04FEC04A9C4C80,2,"['Torre Lamberti', 'Casa Giulietta', 'San Fermo']",Santa Anastasia,"['AMO', 'Museo Conte', 'Palazzo della Ragione', 'Teatro Romano', 'Centro Fotografia']",Duomo,strategy_nearest,False,0.0024559497833251953,success
04FEC64A9C4C80,0,['Arena'],Castelvecchio,"['Museo Lapidario', 'Verona Tour', 'Museo Radio', 'San Zeno', 'Sighseeing']",Teatro Romano,strategy_nearest,False,0.001737833023071289,success
04FEC5429C4C80,0,['Arena'],Castelvecchio,"['Museo Lapidario', 'Verona Tour', 'Museo Radio', 'San Zeno', 'Sighseeing']",Duomo,strategy_nearest,False,0.003854036331176758,success
04FEC6C27B3F80,0,"['Arena', 'Casa Giulietta']",Torre Lamberti,"['Sighseeing', 'Centro Fotografia', 'Museo Conte', 'Palazzo della Ragione', 'AMO']",Giardino Giusti,strategy_nearest,False,0.0031881332397460938,success
04FEC74A9C4C80,0,['Arena'],Castelvecchio,"['Museo Lapidario', 'Verona Tour', 'Museo Radio', 'San Zeno', 'Sighseeing']",Casa Giulietta,strategy_nearest,False,0.003197193145751953,success
04FECF4A9C4C80,0,['Arena'],Teatro Romano,"['Santa Anastasia', 'Duomo', 'AMO', 'Palazzo della Ragione', 'Museo Conte']",Duomo,strategy_nearest,True,0.0018150806427001953,success
04FED14A9C4C80,3,['Arena'],Casa Giulietta,"['Centro Fotografia', 'Sighseeing', 'Torre Lamberti', 'Museo Conte', 'Museo Radio']",Torre Lamberti,strategy_nearest,True,0.003371000289916992,success
04FEDF429C4C80,0,['Arena'],Casa Giulietta,"['Centro Fotografia', 'Sighseeing', 'Torre Lamberti', 'Museo Conte', 'Museo Radio']",Duomo,strategy_nearest,False,0.003031015396118164,success
04FEF74A9C4C80,3,"['Arena', 'San Fermo', 'Casa Giulietta']",Torre Lamberti,"['Sighseeing', 'Centro Fotografia', 'Museo Conte', 'Palazzo della Ragione', 'AMO']",Santa Anastasia,strategy_nearest,False,0.002620220184326172,success
04FEFA429C4C80,3,"['Castelvecchio', 'San Zeno', 'Arena']",Duomo,"['AMO', 'Museo Miniscalchi', 'Santa Anastasia', 'Teatro Romano', 'Palazzo della Ragione']",Teatro Romano,strategy_nearest,True,0.0030438899993896484,success
04FEF7429C4C80,1,"['Arena', 'Castelvecchio', 'Tomba Giulietta', 'Casa Giulietta']",Torre Lamberti,"['Sighseeing', 'Centro Fotografia', 'Museo Conte', 'Palazzo della Ragione', 'AMO']",Palazzo della Ragione,strategy_nearest,True,0.003306865692138672,success
04FEF44A9C4C80,3,"['Tomba Giulietta', 'San Zeno']",Arena,"['Verona Tour', 'Museo Lapidario', 'Museo Radio', 'San Fermo', 'Casa Giulietta']",Casa Giulietta,strategy_nearest,True,0.002956867218017578,success
04FEFA4A9C4C80,3,"['Arena', 'Casa Giulietta']",Teatro Romano,"['Santa Anastasia', 'Duomo', 'AMO', 'Palazzo della Ragione', 'Museo Conte']",Duomo,strategy_nearest,True,0.002833843231201172,success
04FF014A9C4C84,3,"['Arena', 'Santa Anastasia']",Torre Lamberti,"['Sighseeing', 'Centro Fotografia', 'Museo Conte', 'Casa Giulietta', 'Palazzo della Ragione']",Teatro Romano,strategy_nearest,False,0.002736806869506836,success
04FF00429C4C84,3,"['Arena', 'Castelvecchio']",Torre Lamberti,"['Sighseeing', 'Centro Fotografia', 'Museo Conte', 'Casa Giulietta', 'Palazzo della Ragione']",Santa Anastasia,strategy_nearest,False,0.0034439563751220703,success
04FEFF429C4C80,1,"['Teatro Romano', 'Tomba Giulietta', 'Museo Lapidario']",San Fermo,"['Museo Storia', 'Museo Radio', 'Casa Giulietta', 'Centro Fotografia', 'Arena']",Palazzo della Ragione,strategy_nearest,False,0.0013859272003173828,success
04FF094A9C4C84,2,['San Fermo'],Museo Lapidario,"['Verona Tour', 'Arena', 'Castelvecchio', 'Museo Radio', 'Casa Giulietta']",Torre Lamberti,strategy_nearest,False,0.0015020370483398438,success
04FF10429C4C84,0,['Arena'],Casa Giulietta,"['Centro Fotografia', 'Sighseeing', 'Torre Lamberti', 'Museo Conte', 'Museo Radio']",Castelvecchio,strategy_nearest,False,0.002633810043334961,success
04FF0C4A9C4C84,0,['Arena'],Torre Lamberti,"['Sighseeing', 'Centro Fotografia', 'Museo Conte', 'Casa Giulietta', 'Palazzo della Ragione']",Casa Giulietta,strategy_nearest,True,0.002088785171508789,success
04FF313A9C4C80,3,"['Teatro Romano', 'Casa Giulietta', 'Torre Lamberti']",Duomo,"['AMO', 'Museo Miniscalchi', 'Santa Anastasia', 'Palazzo della Ragione', 'Museo Conte']",Santa Anastasia,strategy_nearest,True,0.0034351348876953125,success
04FF373A9C4C80,2,['Casa Giulietta'],Teatro Romano,"['Santa Anastasia', 'Duomo', 'AMO', 'Palazzo della Ragione', 'Museo Conte']",Duomo,strategy_nearest,True,0.0017638206481933594,success
04FF34429C4C80,0,['Arena'],Casa Giulietta,"['Centro Fotografia', 'Sighseeing', 'Torre Lamberti', 'Museo Conte', 'Museo Radio']",Torre Lamberti,strategy_nearest,True,0.0031049251556396484,success
04FF403A9C4C80,2,"['Duomo', 'Teatro Romano', 'Santa Anastasia', 'Casa Giulietta']",San Fermo,"['Museo Storia', 'Museo Radio', 'Centro Fotografia', 'Arena', 'Sighseeing']",Castelvecchio,strategy_nearest,False,0.003195047378540039,success
04FF43429C4C80,0,['Castelvecchio'],Arena,"['Verona Tour', 'Museo Lapidario', 'Museo Radio', 'San Fermo', 'Casa Giulietta']",Teatro Romano,strategy_nearest,False,0.0027239322662353516,success
04FF4B3A9C4C80,0,['Casa Giulietta'],Arena,"['Verona Tour', 'Museo Lapidario', 'Museo Radio', 'San Fermo', 'Sighseeing']",Teatro Romano,strategy_nearest,False,0.0032949447631835938,success
04FF413A9C4C80,3,"['Arena', 'Duomo']",Santa Anastasia,"['AMO', 'Museo Conte', 'Palazzo della Ragione', 'Teatro Romano', 'Centro Fotografia']",Torre Lamberti,strategy_nearest,False,0.0021681785583496094,success
04FF514A9C4C80,0,['Arena'],Torre Lamberti,"['Sighseeing', 'Centro Fotografia', 'Museo Conte', 'Casa Giulietta', 'Palazzo della Ragione']",Casa Giulietta,strategy_nearest,True,0.0029349327087402344,success
04FF62C27B3F80,1,['Arena'],Casa Giulietta,"['Centro Fotografia', 'Sighseeing', 'Torre Lamberti', 'Museo Conte', 'Museo Radio']",Palazzo della Ragione,strategy_nearest,False,0.002132892608642578,success
04FF563A9C4C80,0,"['Castelvecchio', 'Arena']",San Fermo,"['Museo Storia', 'Museo Radio', 'Casa Giulietta', 'Centro Fotografia', 'Sighseeing']",Duomo,strategy_nearest,False,0.003371715545654297,success
04FF6D429C4C80,0,['Arena'],Castelvecchio,"['Museo Lapidario', 'Verona Tour', 'Museo Radio', 'San Zeno', 'Sighseeing']",Casa Giulietta,strategy_nearest,False,0.0031108856201171875,success
04FF7B4A9C4C80,0,['Arena'],Casa Giulietta,"['Centro Fotografia', 'Sighseeing', 'Torre Lamberti', 'Museo Conte', 'Museo Radio']",Torre Lamberti,strategy_nearest,True,0.0011587142944335938,success
04FF884A9C4C80,0,['Arena'],San Zeno,"['Castelvecchio', 'Verona Tour', 'Museo Lapidario', 'Museo Miniscalchi', 'Sighseeing']",Torre Lamberti,strategy_nearest,False,0.0023407936096191406,success
04FF6E3A9C4C80,3,"['Arena', 'Casa Giulietta']",San Zeno,"['Castelvecchio', 'Verona Tour', 'Museo Lapidario', 'Museo Miniscalchi', 'Sighseeing']",Duomo,strategy_nearest,False,0.003673076629638672,success
04FF874A9C4C80,3,"['Arena', 'Casa Giulietta']",Torre Lamberti,"['Sighseeing', 'Centro Fotografia', 'Museo Conte', 'Palazzo della Ragione', 'AMO']",Santa Anastasia,strategy_nearest,False,0.003473043441772461,success
04FF93429C4C80,0,['Arena'],Torre Lamberti,"['Sighseeing', 'Centro Fotografia', 'Museo Conte', 'Casa Giulietta', 'Palazzo della Ragione']",Casa Giulietta,strategy_nearest,True,0.0022573471069335938,success
04FF9E429C4C80,1,"['Arena', 'Castelvecchio']",Santa Anastasia,"['AMO', 'Museo Conte', 'Palazzo della Ragione', 'Teatro Romano', 'Centro Fotografia']",Duomo,strategy_nearest,False,0.002662181854248047,success
04FF9D429C4C80,1,"['Casa Giulietta', 'Torre Lamberti', 'Palazzo della Ragione']",Santa Anastasia,"['AMO', 'Museo Conte', 'Teatro Romano', 'Centro Fotografia', 'Duomo']",Duomo,strategy_nearest,True,0.0033347606658935547,success
04FF9E4A9C4C80,3,['Arena'],Torre Lamberti,"['Sighseeing', 'Centro Fotografia', 'Museo Conte', 'Casa Giulietta', 'Palazzo della Ragione']",Santa Anastasia,strategy_nearest,False,0.0030558109283447266,success
04FFA3429C4C80,1,"['Arena', 'San Fermo']",Castelvecchio,"['Museo Lapidario', 'Verona Tour', 'Museo Radio', 'San Zeno', 'Sighseeing']",Torre Lamberti,strategy_nearest,False,0.002722024917602539,success
04FFA63A9C4C80,0,['Teatro Romano'],Arena,"['Verona Tour', 'Museo Lapidario', 'Museo Radio', 'San Fermo', 'Casa Giulietta']",Casa Giulietta,strategy_nearest,True,0.0033926963806152344,success
04FFAE4A9C4C80,0,"['Arena', 'Santa Anastasia']",Casa Giulietta,"['Centro Fotografia', 'Sighseeing', 'Torre Lamberti', 'Museo Conte', 'Museo Radio']",Tomba Giulietta,strategy_nearest,False,0.0033211708068847656,success
04FFA8429C4C80,1,"['Arena', 'Casa Giulietta']",Torre Lamberti,"['Sighseeing', 'Centro Fotografia', 'Museo Conte', 'Palazzo della Ragione', 'AMO']",Palazzo della Ragione,strategy_nearest,True,0.00209808349609375,success
04FFB34A9C4C80,3,"['Arena', 'Casa Giulietta']",Torre Lamberti,"['Sighseeing', 'Centro Fotografia', 'Museo Conte', 'Palazzo della Ragione', 'AMO']",Teatro Romano,strategy_nearest,False,0.002866983413696289,success
04FFB13A9C4C80,3,"['Torre Lamberti', 'Santa Anastasia']",Duomo,"['AMO', 'Museo Miniscalchi', 'Teatro Romano', 'Palazzo della Ragione', 'Museo Conte']",Casa Giulietta,strategy_nearest,False,0.0021588802337646484,success
04FFB3429C4C80,3,"['Arena', 'Casa Giulietta']",Santa Anastasia,"['AMO', 'Museo Conte', 'Palazzo della Ragione', 'Teatro Romano', 'Centro Fotografia']",Duomo,strategy_nearest,False,0.0028870105743408203,success
04FFB53A9C4C80,3,['Castelvecchio'],Arena,"['Verona Tour', 'Museo Lapidario', 'Museo Radio', 'San Fermo', 'Casa Giulietta']",Teatro Romano,strategy_nearest,False,0.0032958984375,success
04FFD23A9C4C80,3,"['Arena', 'Museo Lapidario', 'Castelvecchio']",San Zeno,"['Verona Tour', 'Museo Miniscalchi', 'Sighseeing', 'Museo Radio', 'Torre Lamberti']",Duomo,strategy_nearest,False,0.0034830570220947266,success
04FFD24A9C4C80,0,['Arena'],Casa Giulietta,"['Centro Fotografia', 'Sighseeing', 'Torre Lamberti', 'Museo Conte', 'Museo Radio']",Castelvecchio,strategy_nearest,False,0.0020439624786376953,success
04FFC04A9C4C80,0,"['Arena', 'Torre Lamberti']",Casa Giulietta,"['Centro Fotografia', 'Sighseeing', 'Museo Conte', 'Museo Radio', 'Palazzo della Ragione']",Castelvecchio,strategy_nearest,False,0.0021910667419433594,success
04FFCF4A9C4C80,0,['Castelvecchio'],Casa Giulietta,"['Centro Fotografia', 'Sighseeing', 'Torre Lamberti', 'Museo Conte', 'Museo Radio']",Arena,strategy_nearest,False,0.0028650760650634766,success
04FFD83A9C4C80,0,['Torre Lamberti'],Arena,"['Verona Tour', 'Museo Lapidario', 'Museo Radio', 'San Fermo', 'Casa Giulietta']",Tomba Giulietta,strategy_nearest,False,0.0021028518676757812,success
04FFE93A9C4C80,0,['Arena'],Castelvecchio,"['Museo Lapidario', 'Verona Tour', 'Museo Radio', 'San Zeno', 'Sighseeing']",Torre Lamberti,strategy_nearest,False,0.0027968883514404297,success
04FFF34A9C4C80,0,['Arena'],Castelvecchio,"['Museo Lapidario', 'Verona Tour', 'Museo Radio', 'San Zeno', 'Sighseeing']",Torre Lamberti,strategy_nearest,False,0.0033750534057617188,success
04FFE8429C4C80,1,"['Arena', 'Casa Giulietta', 'San Fermo']",San Zeno,"['Castelvecchio', 'Verona Tour', 'Museo Lapidario', 'Museo Miniscalchi', 'Sighseeing']",Castelvecchio,strategy_nearest,True,0.0014851093292236328,success
04FFF6429C4C80,3,"['Castelvecchio', 'Arena']",Santa Anastasia,"['AMO', 'Museo Conte', 'Palazzo della Ragione', 'Teatro Romano', 'Centro Fotografia']",Duomo,strategy_nearest,False,0.0027539730072021484,success
04FFF4429C4C80,0,"['Arena', 'Casa Giulietta']",Tomba Giulietta,"['San Fermo', 'Museo Storia', 'Museo Lapidario', 'Museo Radio', 'Verona Tour']",Teatro Romano,strategy_nearest,False,0.002228975296020508,success
04FFF93A9C4C80,1,"['Arena', 'Casa Giulietta']",Palazzo della Ragione,"['AMO', 'Museo Conte', 'Torre Lamberti', 'Centro Fotografia', 'Sighseeing']",Torre Lamberti,strategy_nearest,True,0.0032198429107666016,success
04FFFF429C4C80,0,['Arena'],Casa Giulietta,"['Centro Fotografia', 'Sighseeing', 'Torre Lamberti', 'Museo Conte', 'Museo Radio']",Castelvecchio,strategy_nearest,False,0.0020291805267333984,success
04FFF84A9C4C80,3,"['Casa Giulietta', 'Torre Lamberti', 'Teatro Romano']",Duomo,"['AMO', 'Museo Miniscalchi', 'Santa Anastasia', 'Palazzo della Ragione', 'Museo Conte']",Arena,strategy_nearest,False,0.0026509761810302734,success
0400103A9C4C85,0,['Arena'],Torre Lamberti,"['Sighseeing', 'Centro Fotografia', 'Museo Conte', 'Casa Giulietta', 'Palazzo della Ragione']",Casa Giulietta,strategy_nearest,True,0.0025780200958251953,success
040006429C4C85,3,"['Arena', 'Torre Lamberti']",Casa Giulietta,"['Centro Fotografia', 'Sighseeing', 'Museo Conte', 'Museo Radio', 'Palazzo della Ragione']",Santa Anastasia,strategy_nearest,False,0.0013058185577392578,success
0400333A9C4C81,3,"['Arena', 'Teatro Romano']",Santa Anastasia,"['AMO', 'Museo Conte', 'Palazzo della Ragione', 'Centro Fotografia', 'Duomo']",Duomo,strategy_nearest,True,0.0018842220306396484,success
040027429C4C81,2,"['Casa Giulietta', 'Torre Lamberti']",Santa Anastasia,"['AMO', 'Museo Conte', 'Palazzo della Ragione', 'Teatro Romano', 'Centro Fotografia']",San Zeno,strategy_nearest,False,0.0018520355224609375,success
04002A4A9C4C81,3,"['Arena', 'Casa Giulietta', 'Castelvecchio', 'San Zeno']",Torre Lamberti,"['Sighseeing', 'Centro Fotografia', 'Museo Conte', 'Palazzo della Ragione', 'AMO']",Santa Anastasia,strategy_nearest,False,0.003355264663696289,success
040035429C4C81,2,['Teatro Romano'],Torre Lamberti,"['Sighseeing', 'Centro Fotografia', 'Museo Conte', 'Casa Giulietta', 'Palazzo della Ragione']",San Zeno,strategy_nearest,False,0.0032219886779785156,success
04003A4A9C4C81,0,"['Arena', 'Casa Giulietta']",Torre Lamberti,"['Sighseeing', 'Centro Fotografia', 'Museo Conte', 'Palazzo della Ragione', 'AMO']",Teatro Romano,strategy_nearest,False,0.0019290447235107422,success
04003C4A9C4C81,2,"['Castelvecchio', 'San Fermo', 'Casa Giulietta']",Torre Lamberti,"['Sighseeing', 'Centro Fotografia', 'Museo Conte', 'Palazzo della Ragione', 'AMO']",Palazzo della Ragione,strategy_nearest,True,0.0031549930572509766,success
04003D429C4C81,3,"['Arena', 'Santa Anastasia']",Duomo,"['AMO', 'Museo Miniscalchi', 'Teatro Romano', 'Palazzo della Ragione', 'Museo Conte']",Teatro Romano,strategy_nearest,True,0.0025458335876464844,success
04003E429C4C81,3,"['Teatro Romano', 'Torre Lamberti', 'Arena']",Castelvecchio,"['Museo Lapidario', 'Verona Tour', 'Museo Radio', 'San Zeno', 'Sighseeing']",San Zeno,strategy_nearest,True,0.002817869186401367,success
04003F429C4C81,3,"['San Zeno', 'Castelvecchio']",Arena,"['Verona Tour', 'Museo Lapidario', 'Museo Radio', 'San Fermo', 'Casa Giulietta']",Torre Lamberti,strategy_nearest,False,0.002418994903564453,success
040052429C4C81,3,"['Arena', 'Torre Lamberti', 'Casa Giulietta', 'Museo Lapidario']",Tomba Giulietta,"['San Fermo', 'Museo Storia', 'Museo Radio', 'Verona Tour', 'Castelvecchio']",Museo Storia,strategy_nearest,True,0.0025930404663085938,success
04006D3A9C4C81,6,"['Arena', 'Castelvecchio', 'San Zeno']",Verona Tour,"['Museo Lapidario', 'Museo Radio', 'Casa Giulietta', 'Sighseeing', 'Torre Lamberti']",Duomo,strategy_nearest,False,0.0031762123107910156,success
0400723A9C4C81,0,['Arena'],Duomo,"['AMO', 'Museo Miniscalchi', 'Santa Anastasia', 'Teatro Romano', 'Palazzo della Ragione']",San Zeno,strategy_nearest,False,0.002355813980102539,success
0400713A9C4C81,3,"['Arena', 'Casa Giulietta']",Torre Lamberti,"['Sighseeing', 'Centro Fotografia', 'Museo Conte', 'Palazzo della Ragione', 'AMO']",Santa Anastasia,strategy_nearest,False,0.0032019615173339844,success
0400753A9C4C81,3,"['Arena', 'Casa Giulietta']",Santa Anastasia,"['AMO', 'Museo Conte', 'Palazzo della Ragione', 'Teatro Romano', 'Centro Fotografia']",Duomo,strategy_nearest,False,0.0032088756561279297,success
04007C429C4C81,0,['Arena'],Casa Giulietta,"['Centro Fotografia', 'Sighseeing', 'Torre Lamberti', 'Museo Conte', 'Museo Radio']",Castelvecchio,strategy_nearest,False,0.001775979995727539,success
040077429C4C81,3,"['Arena', 'San Fermo']",Santa Anastasia,"['AMO', 'Museo Conte', 'Palazzo della Ragione', 'Teatro Romano', 'Centro Fotografia']",San Zeno,strategy_nearest,False,0.0040400028228759766,success
04007E429C4C81,0,['Casa Giulietta'],Arena,"['Verona Tour', 'Museo Lapidario', 'Museo Radio', 'San Fermo', 'Sighseeing']",San Zeno,strategy_nearest,False,0.003083944320678711,success
04007F429C4C81,3,"['Casa Giulietta', 'Arena', 'Castelvecchio', 'San Zeno']",Torre Lamberti,"['Sighseeing', 'Centro Fotografia', 'Museo Conte', 'Palazzo della Ragione', 'AMO']",San Fermo,strategy_nearest,False,0.003083944320678711,success
040081429C4C81,2,"['Casa Giulietta', 'Torre Lamberti']",San Fermo,"['Museo Storia', 'Museo Radio', 'Centro Fotografia', 'Arena', 'Sighseeing']",Castelvecchio,strategy_nearest,False,0.0039958953857421875,success
0400873A9C4C81,1,"['Arena', 'Torre Lamberti']",Palazzo della Ragione,"['AMO', 'Museo Conte', 'Centro Fotografia', 'Sighseeing', 'Santa Anastasia']",Santa Anastasia,strategy_nearest,True,0.0017290115356445312,success
040083429C4C81,2,['Duomo'],Torre Lamberti,"['Sighseeing', 'Centro Fotografia', 'Museo Conte', 'Casa Giulietta', 'Palazzo della Ragione']",Teatro Romano,strategy_nearest,False,0.002803325653076172,success
0400903A9C4C81,1,['Arena'],Torre Lamberti,"['Sighseeing', 'Centro Fotografia', 'Museo Conte', 'Casa Giulietta', 'Palazzo della Ragione']",Palazzo della Ragione,strategy_nearest,True,0.001383066177368164,success
040088429C4C81,1,"['Castelvecchio', 'San Zeno', 'Arena', 'San Fermo']",Casa Giulietta,"['Centro Fotografia', 'Sighseeing', 'Torre Lamberti', 'Museo Conte', 'Museo Radio']",Palazzo della Ragione,strategy_nearest,False,0.0039827823638916016,success
04008E4A9C4C81,0,['Arena'],Castelvecchio,"['Museo Lapidario', 'Verona Tour', 'Museo Radio', 'San Zeno', 'Sighseeing']",Casa Giulietta,strategy_nearest,False,0.0021200180053710938,success
0400884A9C4C81,3,"['Casa Giulietta', 'San Fermo']",Torre Lamberti,"['Sighseeing', 'Centro Fotografia', 'Museo Conte', 'Palazzo della Ragione', 'AMO']",Santa Anastasia,strategy_nearest,False,0.0033299922943115234,success
0400904A9C4C81,3,['Arena'],Casa Giulietta,"['Centro Fotografia', 'Sighseeing', 'Torre Lamberti', 'Museo Conte', 'Museo Radio']",Teatro Romano,strategy_nearest,False,0.0022039413452148438,success
040098429C4C81,2,['Casa Giulietta'],Santa Anastasia,"['AMO', 'Museo Conte', 'Palazzo della Ragione', 'Teatro Romano', 'Centro Fotografia']",Castelvecchio,strategy_nearest,False,0.0027341842651367188,success
0400934A9C4C81,1,"['Arena', 'Palazzo della Ragione', 'Santa Anastasia']",Duomo,"['AMO', 'Museo Miniscalchi', 'Teatro Romano', 'Museo Conte', 'Torre Lamberti']",Casa Giulietta,strategy_nearest,False,0.00156402587890625,success
0400994A9C4C81,3,"['Arena', 'Casa Giulietta']",Santa Anastasia,"['AMO', 'Museo Conte', 'Palazzo della Ragione', 'Teatro Romano', 'Centro Fotografia']",Castelvecchio,strategy_nearest,False,0.0035619735717773438,success
04009B4A9C4C81,3,['Arena'],Castelvecchio,"['Museo Lapidario', 'Verona Tour', 'Museo Radio', 'San Zeno', 'Sighseeing']",Santa Anastasia,strategy_nearest,False,0.0019991397857666016,success
0400A0429C4C81,0,['Arena'],Casa Giulietta,"['Centro Fotografia', 'Sighseeing', 'Torre Lamberti', 'Museo Conte', 'Museo Radio']",Santa Anastasia,strategy_nearest,False,0.0027170181274414062,success
0400A2429C4C81,3,"['Duomo', 'Arena']",Teatro Romano,"['Santa Anastasia', 'AMO', 'Palazzo della Ragione', 'Museo Conte', 'Centro Fotografia']",Torre Lamberti,strategy_nearest,False,0.002343893051147461,success
0400AC3A9C4C81,3,"['Arena', 'Casa Giulietta']",Torre Lamberti,"['Sighseeing', 'Centro Fotografia', 'Museo Conte', 'Palazzo della Ragione', 'AMO']",Santa Anastasia,strategy_nearest,False,0.003100156784057617,success
0400B4429C4C81,1,"['Arena', 'Casa Giulietta', 'Palazzo della Ragione', 'Torre Lamberti']",Teatro Romano,"['Santa Anastasia', 'Duomo', 'AMO', 'Museo Conte', 'Centro Fotografia']",Duomo,strategy_nearest,True,0.0025441646575927734,success
0400B0429C4C81,0,['Arena'],Casa Giulietta,"['Centro Fotografia', 'Sighseeing', 'Torre Lamberti', 'Museo Conte', 'Museo Radio']",Castelvecchio,strategy_nearest,False,0.0025038719177246094,success
0400B53A9C4C81,0,['Arena'],Casa Giulietta,"['Centro Fotografia', 'Sighseeing', 'Torre Lamberti', 'Museo Conte', 'Museo Radio']",Santa Anastasia,strategy_nearest,False,0.003223896026611328,success
0400B9429C4C81,6,['Torre Lamberti'],Arena,"['Verona Tour', 'Museo Lapidario', 'Museo Radio', 'San Fermo', 'Casa Giulietta']",Verona Tour,strategy_nearest,True,0.0027091503143310547,success
0400C03A9C4C81,0,['Arena'],Santa Anastasia,"['AMO', 'Museo Conte', 'Palazzo della Ragione', 'Teatro Romano', 'Centro Fotografia']",Casa Giulietta,strategy_nearest,False,0.002825021743774414,success
0400C23A9C4C81,0,['Arena'],Casa Giulietta,"['Centro Fotografia', 'Sighseeing', 'Torre Lamberti', 'Museo Conte', 'Museo Radio']",Santa Anastasia,strategy_nearest,False,0.003180980682373047,success
0400C73A9C4C81,3,['Arena'],Casa Giulietta,"['Centro Fotografia', 'Sighseeing', 'Torre Lamberti', 'Museo Conte', 'Museo Radio']",Santa Anastasia,strategy_nearest,False,0.001161813735961914,success
0400C43A9C4C81,0,"['Tomba Giulietta', 'Arena']",Casa Giulietta,"['Centro Fotografia', 'Sighseeing', 'Torre Lamberti', 'Museo Conte', 'Museo Radio']",Castelvecchio,strategy_nearest,False,0.003323078155517578,success
0400EB429C4C81,2,"['Castelvecchio', 'Casa Giulietta']",Duomo,"['AMO', 'Museo Miniscalchi', 'Santa Anastasia', 'Teatro Romano', 'Palazzo della Ragione']",Santa Anastasia,strategy_nearest,True,0.0027959346771240234,success
0400F13A9C4C81,0,['Arena'],Casa Giulietta,"['Centro Fotografia', 'Sighseeing', 'Torre Lamberti', 'Museo Conte', 'Museo Radio']",Duomo,strategy_nearest,False,0.003164052963256836,success
0400F63A9C4C81,2,"['Casa Giulietta', 'Santa Anastasia']",Duomo,"['AMO', 'Museo Miniscalchi', 'Teatro Romano', 'Palazzo della Ragione', 'Museo Conte']",Torre Lamberti,strategy_nearest,False,0.004010915756225586,success
0400FA429C4C81,1,"['Arena', 'Palazzo della Ragione', 'Museo Lapidario', 'Teatro Romano', 'Tomba Giulietta']",Santa Anastasia,"['AMO', 'Museo Conte', 'Centro Fotografia', 'Duomo', 'Torre Lamberti']",Duomo,strategy_nearest,True,0.003242015838623047,success
0400F5429C4C81,1,"['Arena', 'Giardino Giusti', 'Torre Lamberti', 'Santa Anastasia', 'Teatro Romano']",Duomo,"['AMO', 'Museo Miniscalchi', 'Palazzo della Ragione', 'Museo Conte', 'Centro Fotografia']",Castelvecchio,strategy_nearest,False,0.0034208297729492188,success
0400F93A9C4C81,0,"['Tomba Giulietta', 'Castelvecchio', 'Arena']",Casa Giulietta,"['Centro Fotografia', 'Sighseeing', 'Torre Lamberti', 'Museo Conte', 'Museo Radio']",Giardino Giusti,strategy_nearest,False,0.001322031021118164,success
040108429C4C85,2,"['Museo Lapidario', 'Casa Giulietta', 'San Fermo']",Castelvecchio,"['Verona Tour', 'Arena', 'Museo Radio', 'San Zeno', 'Sighseeing']",Palazzo della Ragione,strategy_nearest,False,0.0013620853424072266,success
04010C429C4C85,0,['Arena'],Torre Lamberti,"['Sighseeing', 'Centro Fotografia', 'Museo Conte', 'Casa Giulietta', 'Palazzo della Ragione']",Casa Giulietta,strategy_nearest,True,0.0028009414672851562,success
0401274A9C4C81,0,"['Casa Giulietta', 'Castelvecchio']",Arena,"['Verona Tour', 'Museo Lapidario', 'Museo Radio', 'San Fermo', 'Sighseeing']",Torre Lamberti,strategy_nearest,False,0.0033190250396728516,success
04010F429C4C85,0,"['Casa Giulietta', 'Arena']",Castelvecchio,"['Museo Lapidario', 'Verona Tour', 'Museo Radio', 'San Zeno', 'Sighseeing']",Teatro Romano,strategy_nearest,False,0.002173900604248047,success
040146429C4C81,3,"['Arena', 'Casa Giulietta', 'Torre Lamberti']",Santa Anastasia,"['AMO', 'Museo Conte', 'Palazzo della Ragione', 'Teatro Romano', 'Centro Fotografia']",Duomo,strategy_nearest,False,0.0031528472900390625,success
0401333A9C4C81,6,"['Arena', 'Casa Giulietta', 'Torre Lamberti', 'Santa Anastasia']",San Zeno,"['Castelvecchio', 'Verona Tour', 'Museo Lapidario', 'Museo Miniscalchi', 'Sighseeing']",Castelvecchio,strategy_nearest,True,0.002077817916870117,success
04013F429C4C81,0,"['Arena', 'San Fermo']",Casa Giulietta,"['Centro Fotografia', 'Sighseeing', 'Torre Lamberti', 'Museo Conte', 'Museo Radio']",Museo Storia,strategy_nearest,False,0.0025870800018310547,success
04013B429C4C81,0,"['Arena', 'Casa Giulietta']",Torre Lamberti,"['Sighseeing', 'Centro Fotografia', 'Museo Conte', 'Palazzo della Ragione', 'AMO']",Teatro Romano,strategy_nearest,False,0.0027251243591308594,success
04014D429C4C81,3,"['Santa Anastasia', 'San Fermo']",Arena,"['Verona Tour', 'Museo Lapidario', 'Museo Radio', 'Casa Giulietta', 'Sighseeing']",San Zeno,strategy_nearest,False,0.002262115478515625,success
040154C27B3F81,0,['Arena'],Casa Giulietta,"['Centro Fotografia', 'Sighseeing', 'Torre Lamberti', 'Museo Conte', 'Museo Radio']",Teatro Romano,strategy_nearest,False,0.0028307437896728516,success
0401653A9C4C81,3,"['Arena', 'San Zeno']",Castelvecchio,"['Museo Lapidario', 'Verona Tour', 'Museo Radio', 'Sighseeing', 'Museo Miniscalchi']",Torre Lamberti,strategy_nearest,False,0.003416776657104492,success
0401663A9C4C81,2,"['Torre Lamberti', 'Palazzo della Ragione', 'Casa Giulietta', 'San Fermo']",Duomo,"['AMO', 'Museo Miniscalchi', 'Santa Anastasia', 'Teatro Romano', 'Museo Conte']",Santa Anastasia,strategy_nearest,True,0.0013539791107177734,success
040176429C4C81,2,"['Casa Giulietta', 'Santa Anastasia']",Teatro Romano,"['Duomo', 'AMO', 'Palazzo della Ragione', 'Museo Conte', 'Centro Fotografia']",San Fermo,strategy_nearest,False,0.0020589828491210938,success
0401813A9C4C81,0,['Arena'],Casa Giulietta,"['Centro Fotografia', 'Sighseeing', 'Torre Lamberti', 'Museo Conte', 'Museo Radio']",Torre Lamberti,strategy_nearest,True,0.0026099681854248047,success
04016D3A9C4C81,3,"['Arena', 'Santa Anastasia', 'Castelvecchio']",San Zeno,"['Verona Tour', 'Museo Lapidario', 'Museo Miniscalchi', 'Sighseeing', 'Museo Radio']",Torre Lamberti,strategy_nearest,False,0.0021669864654541016,success
040183429C4C81,1,['Arena'],Torre Lamberti,"['Sighseeing', 'Centro Fotografia', 'Museo Conte', 'Casa Giulietta', 'Palazzo della Ragione']",Palazzo della Ragione,strategy_nearest,True,0.003284931182861328,success
040186429C4C81,0,"['Arena', 'Casa Giulietta']",Duomo,"['AMO', 'Museo Miniscalchi', 'Santa Anastasia', 'Teatro Romano', 'Palazzo della Ragione']",Teatro Romano,strategy_nearest,True,0.0028138160705566406,success
040199429C4C81,3,['Arena'],Torre Lamberti,"['Sighseeing', 'Centro Fotografia', 'Museo Conte', 'Casa Giulietta', 'Palazzo della Ragione']",Santa Anastasia,strategy_nearest,False,0.002609729766845703,success
04018A429C4C81,0,['Arena'],Teatro Romano,"['Santa Anastasia', 'Duomo', 'AMO', 'Palazzo della Ragione', 'Museo Conte']",Casa Giulietta,strategy_nearest,False,0.003437042236328125,success
0401864A9C4C81,0,['Arena'],Castelvecchio,"['Museo Lapidario', 'Verona Tour', 'Museo Radio', 'San Zeno', 'Sighseeing']",Casa Giulietta,strategy_nearest,False,0.002184152603149414,success
04019A429C4C81,1,['Arena'],Casa Giulietta,"['Centro Fotografia', 'Sighseeing', 'Torre Lamberti', 'Museo Conte', 'Museo Radio']",Torre Lamberti,strategy_nearest,True,0.0026252269744873047,success
0401A04A9C4C81,1,['Arena'],Casa Giulietta,"['Centro Fotografia', 'Sighseeing', 'Torre Lamberti', 'Museo Conte', 'Museo Radio']",Palazzo della Ragione,strategy_nearest,False,0.003345012664794922,success
0401A1429C4C81,2,['Casa Giulietta'],Torre Lamberti,"['Sighseeing', 'Centro Fotografia', 'Museo Conte', 'Palazzo della Ragione', 'AMO']",Santa Anastasia,strategy_nearest,False,0.0012750625610351562,success
0401A54A9C4C81,2,['San Zeno'],Castelvecchio,"['Museo Lapidario', 'Verona Tour', 'Arena', 'Museo Radio', 'Sighseeing']",Santa Anastasia,strategy_nearest,False,0.0033407211303710938,success
0401B23A9C4C81,0,['Arena'],Casa Giulietta,"['Centro Fotografia', 'Sighseeing', 'Torre Lamberti', 'Museo Conte', 'Museo Radio']",Torre Lamberti,strategy_nearest,True,0.002568960189819336,success
0401B1429C4C81,2,"['Torre Lamberti', 'Santa Anastasia']",Teatro Romano,"['Duomo', 'AMO', 'Palazzo della Ragione', 'Museo Conte', 'Centro Fotografia']",Duomo,strategy_nearest,True,0.0018169879913330078,success
0401BA3A9C4C81,3,"['Castelvecchio', 'Torre Lamberti', 'Casa Giulietta']",San Zeno,"['Verona Tour', 'Museo Lapidario', 'Arena', 'Museo Miniscalchi', 'Sighseeing']",Duomo,strategy_nearest,False,0.002624988555908203,success
0401BB3A9C4C81,3,['Arena'],Casa Giulietta,"['Centro Fotografia', 'Sighseeing', 'Torre Lamberti', 'Museo Conte', 'Museo Radio']",Torre Lamberti,strategy_nearest,True,0.0032320022583007812,success
0401C03A9C4C81,0,"['Teatro Romano', 'Giardino Giusti', 'Castelvecchio']",Casa Giulietta,"['Centro Fotografia', 'Sighseeing', 'Torre Lamberti', 'Museo Conte', 'Museo Radio']",Tomba Giulietta,strategy_nearest,False,0.002660989761352539,success
0401C83A9C4C81,0,['Arena'],Castelvecchio,"['Museo Lapidario', 'Verona Tour', 'Museo Radio', 'San Zeno', 'Sighseeing']",San Zeno,strategy_nearest,True,0.002505064010620117,success
0401C93A9C4C81,3,"['Arena', 'Casa Giulietta']",Santa Anastasia,"['AMO', 'Museo Conte', 'Palazzo della Ragione', 'Teatro Romano', 'Centro Fotografia']",Duomo,strategy_nearest,False,0.0025992393493652344,success
0401D03A9C4C81,3,"['Duomo', 'Santa Anastasia']",Casa Giulietta,"['Centro Fotografia', 'Sighseeing', 'Torre Lamberti', 'Museo Conte', 'Museo Radio']",San Fermo,strategy_nearest,False,0.0036957263946533203,success
0401D23A9C4C81,0,['Santa Anastasia'],Arena,"['Verona Tour', 'Museo Lapidario', 'Museo Radio', 'San Fermo', 'Casa Giulietta']",Castelvecchio,strategy_nearest,False,0.0025479793548583984,success
0401D9C27B3F81,0,['Arena'],Casa Giulietta,"['Centro Fotografia', 'Sighseeing', 'Torre Lamberti', 'Museo Conte', 'Museo Radio']",Teatro Romano,strategy_nearest,False,0.002279996871948242,success
0401F0429C4C81,2,"['Castelvecchio', 'San Zeno']",Santa Anastasia,"['AMO', 'Museo Conte', 'Palazzo della Ragione', 'Teatro Romano', 'Centro Fotografia']",Duomo,strategy_nearest,False,0.0018870830535888672,success
0401D53A9C4C81,3,"['Arena', 'San Fermo', 'Museo Storia', 'Casa Giulietta']",Santa Anastasia,"['AMO', 'Museo Conte', 'Palazzo della Ragione', 'Teatro Romano', 'Centro Fotografia']",Duomo,strategy_nearest,False,0.0034699440002441406,success
0401F03A9C4C81,0,"['Arena', 'Museo Lapidario']",Castelvecchio,"['Verona Tour', 'Museo Radio', 'San Zeno', 'Sighseeing', 'Museo Miniscalchi']",Casa Giulietta,strategy_nearest,False,0.002893686294555664,success
0401F1429C4C81,3,"['Arena', 'Museo Lapidario', 'Castelvecchio', 'Torre Lamberti']",Casa Giulietta,"['Centro Fotografia', 'Sighseeing', 'Museo Conte', 'Museo Radio', 'Palazzo della Ragione']",Duomo,strategy_nearest,False,0.0033388137817382812,success
04022E429C4C81,0,['Arena'],Castelvecchio,"['Museo Lapidario', 'Verona Tour', 'Museo Radio', 'San Zeno', 'Sighseeing']",San Fermo,strategy_nearest,False,0.0031991004943847656,success
0401FB3A9C4C81,0,"['Arena', 'Casa Giulietta']",Torre Lamberti,"['Sighseeing', 'Centro Fotografia', 'Museo Conte', 'Palazzo della Ragione', 'AMO']",Tomba Giulietta,strategy_nearest,False,0.002471923828125,success
040230429C4C81,3,"['Arena', 'Casa Giulietta']",Santa Anastasia,"['AMO', 'Museo Conte', 'Palazzo della Ragione', 'Teatro Romano', 'Centro Fotografia']",Duomo,strategy_nearest,False,0.003111124038696289,success
0402334A9C4C81,0,['Arena'],Casa Giulietta,"['Centro Fotografia', 'Sighseeing', 'Torre Lamberti', 'Museo Conte', 'Museo Radio']",Castelvecchio,strategy_nearest,False,0.0031681060791015625,success
0402364A9C4C81,3,"['Arena', 'Santa Anastasia', 'Teatro Romano']",Torre Lamberti,"['Sighseeing', 'Centro Fotografia', 'Museo Conte', 'Casa Giulietta', 'Palazzo della Ragione']",Castelvecchio,strategy_nearest,False,0.00238800048828125,success
04023F3A9C4C81,3,"['Castelvecchio', 'Arena']",Casa Giulietta,"['Centro Fotografia', 'Sighseeing', 'Torre Lamberti', 'Museo Conte', 'Museo Radio']",Torre Lamberti,strategy_nearest,True,0.0025038719177246094,success
04023C429C4C81,3,"['Torre Lamberti', 'Arena']",San Zeno,"['Castelvecchio', 'Verona Tour', 'Museo Lapidario', 'Museo Miniscalchi', 'Sighseeing']",Santa Anastasia,strategy_nearest,False,0.003340005874633789,success
0402483A9C4C81,2,['Torre Lamberti'],Casa Giulietta,"['Centro Fotografia', 'Sighseeing', 'Museo Conte', 'Museo Radio', 'Palazzo della Ragione']",Castelvecchio,strategy_nearest,False,0.0033278465270996094,success
0402593A9C4C81,3,"['Casa Giulietta', 'Arena', 'Castelvecchio']",San Zeno,"['Verona Tour', 'Museo Lapidario', 'Museo Miniscalchi', 'Sighseeing', 'Museo Radio']",Torre Lamberti,strategy_nearest,False,0.002543926239013672,success
04024C429C4C81,1,"['Arena', 'Torre Lamberti', 'Palazzo della Ragione']",Teatro Romano,"['Santa Anastasia', 'Duomo', 'AMO', 'Museo Conte', 'Centro Fotografia']",Castelvecchio,strategy_nearest,False,0.004015207290649414,success
0402503A9C4C81,3,"['Arena', 'Castelvecchio']",Casa Giulietta,"['Centro Fotografia', 'Sighseeing', 'Torre Lamberti', 'Museo Conte', 'Museo Radio']",Santa Anastasia,strategy_nearest,False,0.0021140575408935547,success
04025D3A9C4C81,3,"['Arena', 'Casa Giulietta', 'Torre Lamberti']",Santa Anastasia,"['AMO', 'Museo Conte', 'Palazzo della Ragione', 'Teatro Romano', 'Centro Fotografia']",Museo Lapidario,strategy_nearest,False,0.001893758773803711,success
04025C429C4C81,3,"['Arena', 'Casa Giulietta']",Santa Anastasia,"['AMO', 'Museo Conte', 'Palazzo della Ragione', 'Teatro Romano', 'Centro Fotografia']",Duomo,strategy_nearest,False,0.0019378662109375,success
0402683A9C4C81,1,"['Arena', 'Torre Lamberti', 'Palazzo della Ragione']",San Zeno,"['Castelvecchio', 'Verona Tour', 'Museo Lapidario', 'Museo Miniscalchi', 'Sighseeing']",Castelvecchio,strategy_nearest,True,0.0032958984375,success
040259429C4C81,0,['Arena'],Castelvecchio,"['Museo Lapidario', 'Verona Tour', 'Museo Radio', 'San Zeno', 'Sighseeing']",Duomo,strategy_nearest,False,0.0045909881591796875,success
0402794A9C4C81,0,"['Tomba Giulietta', 'Arena']",Casa Giulietta,"['Centro Fotografia', 'Sighseeing', 'Torre Lamberti', 'Museo Conte', 'Museo Radio']",Torre Lamberti,strategy_nearest,True,0.0020322799682617188,success
04026D3A9C4C81,1,"['Castelvecchio', 'Santa Anastasia', 'Duomo']",Casa Giulietta,"['Centro Fotografia', 'Sighseeing', 'Torre Lamberti', 'Museo Conte', 'Museo Radio']",Torre Lamberti,strategy_nearest,True,0.0033180713653564453,success
040277429C4C81,3,"['Torre Lamberti', 'Arena', 'Castelvecchio']",Tomba Giulietta,"['San Fermo', 'Museo Storia', 'Museo Lapidario', 'Museo Radio', 'Verona Tour']",San Fermo,strategy_nearest,True,0.0033829212188720703,success
04026C3A9C4C81,3,"['Castelvecchio', 'San Fermo']",Giardino Giusti,"['Santa Anastasia', 'Teatro Romano', 'Museo Conte', 'Centro Fotografia', 'Museo Storia']",Santa Anastasia,strategy_nearest,True,0.002880096435546875,success
04027B3A9C4C81,3,"['Arena', 'Casa Giulietta', 'Torre Lamberti']",Santa Anastasia,"['AMO', 'Museo Conte', 'Palazzo della Ragione', 'Teatro Romano', 'Centro Fotografia']",Duomo,strategy_nearest,False,0.002028942108154297,success
04027E429C4C81,1,['Arena'],Palazzo della Ragione,"['AMO', 'Museo Conte', 'Torre Lamberti', 'Centro Fotografia', 'Sighseeing']",Torre Lamberti,strategy_nearest,True,0.003213167190551758,success
040280429C4C81,0,"['Tomba Giulietta', 'Arena']",Casa Giulietta,"['Centro Fotografia', 'Sighseeing', 'Torre Lamberti', 'Museo Conte', 'Museo Radio']",Torre Lamberti,strategy_nearest,True,0.0019192695617675781,success
040281429C4C81,2,"['Casa Giulietta', 'Torre Lamberti']",San Fermo,"['Museo Storia', 'Museo Radio', 'Centro Fotografia', 'Arena', 'Sighseeing']",Castelvecchio,strategy_nearest,False,0.0033507347106933594,success
040284429C4C81,0,"['Arena', 'Casa Giulietta']",Torre Lamberti,"['Sighseeing', 'Centro Fotografia', 'Museo Conte', 'Palazzo della Ragione', 'AMO']",Teatro Romano,strategy_nearest,False,0.002542257308959961,success
0402864A9C4C81,1,"['Arena', 'Casa Giulietta', 'Torre Lamberti']",Palazzo della Ragione,"['AMO', 'Museo Conte', 'Centro Fotografia', 'Sighseeing', 'Santa Anastasia']",Santa Anastasia,strategy_nearest,True,0.0019261837005615234,success
04028C429C4C81,0,['Torre Lamberti'],Casa Giulietta,"['Centro Fotografia', 'Sighseeing', 'Museo Conte', 'Museo Radio', 'Palazzo della Ragione']",Arena,strategy_nearest,False,0.003359079360961914,success
0402884A9C4C81,3,"['Casa Giulietta', 'San Fermo']",Torre Lamberti,"['Sighseeing', 'Centro Fotografia', 'Museo Conte', 'Palazzo della Ragione', 'AMO']",Santa Anastasia,strategy_nearest,False,0.0048961639404296875,success
04028E4A9C4C81,2,"['Casa Giulietta', 'San Fermo']",Torre Lamberti,"['Sighseeing', 'Centro Fotografia', 'Museo Conte', 'Palazzo della Ragione', 'AMO']",Santa Anastasia,strategy_nearest,False,0.0014350414276123047,success
0402924A9C4C81,0,['Arena'],Casa Giulietta,"['Centro Fotografia', 'Sighseeing', 'Torre Lamberti', 'Museo Conte', 'Museo Radio']",Duomo,strategy_nearest,False,0.003144979476928711,success
0402A53A9C4C81,0,['Arena'],Casa Giulietta,"['Centro Fotografia', 'Sighseeing', 'Torre Lamberti', 'Museo Conte', 'Museo Radio']",Duomo,strategy_nearest,False,0.0014138221740722656,success
0402A1429C4C81,0,['Duomo'],Torre Lamberti,"['Sighseeing', 'Centro Fotografia', 'Museo Conte', 'Casa Giulietta', 'Palazzo della Ragione']",Arena,strategy_nearest,False,0.002196073532104492,success
0402964A9C4C81,0,['Arena'],Museo Lapidario,"['Verona Tour', 'Castelvecchio', 'Museo Radio', 'San Fermo', 'Casa Giulietta']",Casa Giulietta,strategy_nearest,True,0.0028400421142578125,success
0402A24A9C4C81,0,['Castelvecchio'],Arena,"['Verona Tour', 'Museo Lapidario', 'Museo Radio', 'San Fermo', 'Casa Giulietta']",Casa Giulietta,strategy_nearest,True,0.0032668113708496094,success
0402B7429C4C81,0,['San Fermo'],Casa Giulietta,"['Centro Fotografia', 'Sighseeing', 'Torre Lamberti', 'Museo Conte', 'Museo Radio']",Arena,strategy_nearest,False,0.0015840530395507812,success
0402BF3A9C4C81,3,['Arena'],Casa Giulietta,"['Centro Fotografia', 'Sighseeing', 'Torre Lamberti', 'Museo Conte', 'Museo Radio']",Santa Anastasia,strategy_nearest,False,0.0020599365234375,success
0402BB3A9C4C81,2,"['Castelvecchio', 'San Fermo', 'Casa Giulietta']",Torre Lamberti,"['Sighseeing', 'Centro Fotografia', 'Museo Conte', 'Palazzo della Ragione', 'AMO']",Palazzo della Ragione,strategy_nearest,True,0.002752065658569336,success
0402B2429C4C81,0,['Teatro Romano'],Arena,"['Verona Tour', 'Museo Lapidario', 'Museo Radio', 'San Fermo', 'Casa Giulietta']",Giardino Giusti,strategy_nearest,False,0.00401616096496582,success
0402C73A9C4C81,3,"['Tomba Giulietta', 'Arena']",Casa Giulietta,"['Centro Fotografia', 'Sighseeing', 'Torre Lamberti', 'Museo Conte', 'Museo Radio']",Santa Anastasia,strategy_nearest,False,0.0015778541564941406,success
0402D33A9C4C81,2,['San Fermo'],Casa Giulietta,"['Centro Fotografia', 'Sighseeing', 'Torre Lamberti', 'Museo Conte', 'Museo Radio']",Torre Lamberti,strategy_nearest,True,0.0020737648010253906,success
0402D53A9C4C81,3,['Arena'],Santa Anastasia,"['AMO', 'Museo Conte', 'Palazzo della Ragione', 'Teatro Romano', 'Centro Fotografia']",Torre Lamberti,strategy_nearest,False,0.0032231807708740234,success
0402C23A9C4C81,3,"['Tomba Giulietta', 'Arena']",Casa Giulietta,"['Centro Fotografia', 'Sighseeing', 'Torre Lamberti', 'Museo Conte', 'Museo Radio']",Santa Anastasia,strategy_nearest,False,0.003426074981689453,success
0402E7429C4C81,3,"['Arena', 'Castelvecchio', 'Duomo']",Santa Anastasia,"['AMO', 'Museo Conte', 'Palazzo della Ragione', 'Teatro Romano', 'Centro Fotografia']",San Zeno,strategy_nearest,False,0.00335693359375,success
0402E4429C4C81,1,"['Arena', 'Casa Giulietta']",Santa Anastasia,"['AMO', 'Museo Conte', 'Palazzo della Ragione', 'Teatro Romano', 'Centro Fotografia']",Torre Lamberti,strategy_nearest,False,0.0027990341186523438,success
0402EA3A9C4C81,2,['Castelvecchio'],Casa Giulietta,"['Centro Fotografia', 'Sighseeing', 'Torre Lamberti', 'Museo Conte', 'Museo Radio']",Duomo,strategy_nearest,False,0.0013051033020019531,success
0402EA429C4C81,3,"['Arena', 'Castelvecchio']",Casa Giulietta,"['Centro Fotografia', 'Sighseeing', 'Torre Lamberti', 'Museo Conte', 'Museo Radio']",San Fermo,strategy_nearest,False,0.0032160282135009766,success
0402EE429C4C81,3,"['Arena', 'San Fermo']",Casa Giulietta,"['Centro Fotografia', 'Sighseeing', 'Torre Lamberti', 'Museo Conte', 'Museo Radio']",Torre Lamberti,strategy_nearest,True,0.002641916275024414,success
0402F23A9C4C81,3,"['Arena', 'Castelvecchio']",San Zeno,"['Verona Tour', 'Museo Lapidario', 'Museo Miniscalchi', 'Sighseeing', 'Museo Radio']",Torre Lamberti,strategy_nearest,False,0.002710103988647461,success
0402ED3A9C4C81,0,['Castelvecchio'],Arena,"['Verona Tour', 'Museo Lapidario', 'Museo Radio', 'San Fermo', 'Casa Giulietta']",Casa Giulietta,strategy_nearest,True,0.001680135726928711,success
0403013A9C4C85,0,['Arena'],Casa Giulietta,"['Centro Fotografia', 'Sighseeing', 'Torre Lamberti', 'Museo Conte', 'Museo Radio']",Tomba Giulietta,strategy_nearest,False,0.003350973129272461,success
0403324A9C4C81,3,"['San Zeno', 'Castelvecchio']",Arena,"['Verona Tour', 'Museo Lapidario', 'Museo Radio', 'San Fermo', 'Casa Giulietta']",Duomo,strategy_nearest,False,0.002595186233520508,success
040330429C4C81,3,"['Arena', 'Casa Giulietta', 'Castelvecchio']",Santa Anastasia,"['AMO', 'Museo Conte', 'Palazzo della Ragione', 'Teatro Romano', 'Centro Fotografia']",Duomo,strategy_nearest,False,0.0018239021301269531,success
040337429C4C81,2,"['Teatro Romano', 'Duomo']",Santa Anastasia,"['AMO', 'Museo Conte', 'Palazzo della Ragione', 'Centro Fotografia', 'Torre Lamberti']",San Zeno,strategy_nearest,False,0.0025818347930908203,success
0403383A9C4C81,3,"['Teatro Romano', 'Casa Giulietta', 'Torre Lamberti', 'Museo Lapidario']",Arena,"['Verona Tour', 'Museo Radio', 'San Fermo', 'Sighseeing', 'Castelvecchio']",Duomo,strategy_nearest,False,0.0029420852661132812,success
040355429C4C81,3,"['Duomo', 'Santa Anastasia', 'Arena']",Castelvecchio,"['Museo Lapidario', 'Verona Tour', 'Museo Radio', 'San Zeno', 'Sighseeing']",San Zeno,strategy_nearest,True,0.0031669139862060547,success
040339429C4C81,2,['Casa Giulietta'],Santa Anastasia,"['AMO', 'Museo Conte', 'Palazzo della Ragione', 'Teatro Romano', 'Centro Fotografia']",Castelvecchio,strategy_nearest,False,0.0025970935821533203,success
0403573A9C4C81,2,['Museo Lapidario'],Castelvecchio,"['Verona Tour', 'Arena', 'Museo Radio', 'San Zeno', 'Sighseeing']",Casa Giulietta,strategy_nearest,False,0.003267049789428711,success
040376429C4C81,0,['Torre Lamberti'],Casa Giulietta,"['Centro Fotografia', 'Sighseeing', 'Museo Conte', 'Museo Radio', 'Palazzo della Ragione']",Arena,strategy_nearest,False,0.001995086669921875,success
0403723A9C4C81,0,['Arena'],Castelvecchio,"['Museo Lapidario', 'Verona Tour', 'Museo Radio', 'San Zeno', 'Sighseeing']",Casa Giulietta,strategy_nearest,False,0.003957033157348633,success
0403793A9C4C81,0,['Arena'],Giardino Giusti,"['Santa Anastasia', 'Teatro Romano', 'Museo Conte', 'Centro Fotografia', 'Museo Storia']",San Zeno,strategy_nearest,False,0.00267791748046875,success
040379429C4C81,2,"['Museo Lapidario', 'Castelvecchio', 'Casa Giulietta', 'Torre Lamberti']",Santa Anastasia,"['AMO', 'Museo Conte', 'Palazzo della Ragione', 'Teatro Romano', 'Centro Fotografia']",Duomo,strategy_nearest,False,0.0033059120178222656,success
04037C3A9C4C81,0,"['Arena', 'Casa Giulietta']",Torre Lamberti,"['Sighseeing', 'Centro Fotografia', 'Museo Conte', 'Palazzo della Ragione', 'AMO']",San Zeno,strategy_nearest,False,0.0019049644470214844,success
040385429C4C81,3,"['Arena', 'San Fermo']",Torre Lamberti,"['Sighseeing', 'Centro Fotografia', 'Museo Conte', 'Casa Giulietta', 'Palazzo della Ragione']",Duomo,strategy_nearest,False,0.0019490718841552734,success
040384429C4C81,3,"['Arena', 'Museo Lapidario']",Casa Giulietta,"['Centro Fotografia', 'Sighseeing', 'Torre Lamberti', 'Museo Conte', 'Museo Radio']",Torre Lamberti,strategy_nearest,True,0.003287076950073242,success
04037D429C4C81,0,"['Casa Giulietta', 'Duomo']",Teatro Romano,"['Santa Anastasia', 'AMO', 'Palazzo della Ragione', 'Museo Conte', 'Centro Fotografia']",Arena,strategy_nearest,False,0.002275228500366211,success
04037DC27B3F81,0,['Arena'],Casa Giulietta,"['Centro Fotografia', 'Sighseeing', 'Torre Lamberti', 'Museo Conte', 'Museo Radio']",Teatro Romano,strategy_nearest,False,0.003930807113647461,success
04038F429C4C81,0,"['Arena', 'Museo Lapidario']",Castelvecchio,"['Verona Tour', 'Museo Radio', 'San Zeno', 'Sighseeing', 'Museo Miniscalchi']",Teatro Romano,strategy_nearest,False,0.002586841583251953,success
040386429C4C81,0,['Arena'],Casa Giulietta,"['Centro Fotografia', 'Sighseeing', 'Torre Lamberti', 'Museo Conte', 'Museo Radio']",Castelvecchio,strategy_nearest,False,0.002039670944213867,success
0403854A9C4C81,3,"['Santa Anastasia', 'San Zeno']",Arena,"['Verona Tour', 'Museo Lapidario', 'Museo Radio', 'San Fermo', 'Casa Giulietta']",San Fermo,strategy_nearest,True,0.0013191699981689453,success
040397429C4C81,0,"['Arena', 'Museo Lapidario']",Casa Giulietta,"['Centro Fotografia', 'Sighseeing', 'Torre Lamberti', 'Museo Conte', 'Museo Radio']",Duomo,strategy_nearest,False,0.0025599002838134766,success
0403A63A9C4C81,1,"['Arena', 'Torre Lamberti']",Palazzo della Ragione,"['AMO', 'Museo Conte', 'Centro Fotografia', 'Sighseeing', 'Santa Anastasia']",Santa Anastasia,strategy_nearest,True,0.001912832260131836,success
04038F4A9C4C81,1,"['Arena', 'Casa Giulietta', 'Torre Lamberti']",Palazzo della Ragione,"['AMO', 'Museo Conte', 'Centro Fotografia', 'Sighseeing', 'Santa Anastasia']",Castelvecchio,strategy_nearest,False,0.003523111343383789,success
0403A83A9C4C81,0,"['Arena', 'Torre Lamberti']",Casa Giulietta,"['Centro Fotografia', 'Sighseeing', 'Museo Conte', 'Museo Radio', 'Palazzo della Ragione']",San Fermo,strategy_nearest,False,0.002254009246826172,success
0403A94A9C4C81,0,['Arena'],Casa Giulietta,"['Centro Fotografia', 'Sighseeing', 'Torre Lamberti', 'Museo Conte', 'Museo Radio']",Santa Anastasia,strategy_nearest,False,0.0018241405487060547,success
0403AD3A9C4C81,0,['Arena'],Casa Giulietta,"['Centro Fotografia', 'Sighseeing', 'Torre Lamberti', 'Museo Conte', 'Museo Radio']",Torre Lamberti,strategy_nearest,True,0.002538919448852539,success
0403AF3A9C4C81,2,"['Casa Giulietta', 'Tomba Giulietta']",Castelvecchio,"['Museo Lapidario', 'Verona Tour', 'Arena', 'Museo Radio', 'San Zeno']",Torre Lamberti,strategy_nearest,False,0.003135204315185547,success
0403AB3A9C4C81,3,"['Arena', 'Castelvecchio']",Torre Lamberti,"['Sighseeing', 'Centro Fotografia', 'Museo Conte', 'Casa Giulietta', 'Palazzo della Ragione']",Casa Giulietta,strategy_nearest,True,0.002615213394165039,success
0403B7429C4C81,3,['Santa Anastasia'],Duomo,"['AMO', 'Museo Miniscalchi', 'Teatro Romano', 'Palazzo della Ragione', 'Museo Conte']",Arena,strategy_nearest,False,0.002213001251220703,success
0403BF429C4C81,3,"['Arena', 'Torre Lamberti']",Santa Anastasia,"['AMO', 'Museo Conte', 'Palazzo della Ragione', 'Teatro Romano', 'Centro Fotografia']",Casa Giulietta,strategy_nearest,False,0.0020270347595214844,success
0403BA3A9C4C81,2,['Castelvecchio'],San Zeno,"['Verona Tour', 'Museo Lapidario', 'Arena', 'Museo Miniscalchi', 'Sighseeing']",Santa Anastasia,strategy_nearest,False,0.0016901493072509766,success
0403BE3A9C4C81,3,['Arena'],Santa Anastasia,"['AMO', 'Museo Conte', 'Palazzo della Ragione', 'Teatro Romano', 'Centro Fotografia']",Teatro Romano,strategy_nearest,True,0.003384113311767578,success
0403C43A9C4C81,3,"['Castelvecchio', 'Arena', 'Casa Giulietta']",Torre Lamberti,"['Sighseeing', 'Centro Fotografia', 'Museo Conte', 'Palazzo della Ragione', 'AMO']",Santa Anastasia,strategy_nearest,False,0.003312826156616211,success
0403C4429C4C81,1,"['Arena', 'Casa Giulietta']",Torre Lamberti,"['Sighseeing', 'Centro Fotografia', 'Museo Conte', 'Palazzo della Ragione', 'AMO']",Palazzo della Ragione,strategy_nearest,True,0.0027201175689697266,success
0403C93A9C4C81,2,['Castelvecchio'],Teatro Romano,"['Santa Anastasia', 'Duomo', 'AMO', 'Palazzo della Ragione', 'Museo Conte']",Casa Giulietta,strategy_nearest,False,0.002095937728881836,success
0403D03A9C4C81,2,"['Tomba Giulietta', 'San Fermo']",Torre Lamberti,"['Sighseeing', 'Centro Fotografia', 'Museo Conte', 'Casa Giulietta', 'Palazzo della Ragione']",Teatro Romano,strategy_nearest,False,0.0027320384979248047,success
0403D63A9C4C81,0,['Arena'],Castelvecchio,"['Museo Lapidario', 'Verona Tour', 'Museo Radio', 'San Zeno', 'Sighseeing']",Torre Lamberti,strategy_nearest,False,0.0034008026123046875,success
0403D7429C4C81,2,"['Tomba Giulietta', 'San Fermo', 'Casa Giulietta']",Santa Anastasia,"['AMO', 'Museo Conte', 'Palazzo della Ragione', 'Teatro Romano', 'Centro Fotografia']",San Zeno,strategy_nearest,False,0.0016851425170898438,success
0403F33A9C4C81,3,"['Arena', 'Museo Lapidario', 'Casa Giulietta']",Santa Anastasia,"['AMO', 'Museo Conte', 'Palazzo della Ragione', 'Teatro Romano', 'Centro Fotografia']",Teatro Romano,strategy_nearest,True,0.002580881118774414,success
0403E4429C4C81,1,"['Arena', 'San Fermo', 'Casa Giulietta', 'Torre Lamberti', 'Santa Anastasia']",Duomo,"['AMO', 'Museo Miniscalchi', 'Teatro Romano', 'Palazzo della Ragione', 'Museo Conte']",Castelvecchio,strategy_nearest,False,0.002109050750732422,success
0403D9429C4C81,3,"['Teatro Romano', 'Santa Anastasia', 'Arena']",Castelvecchio,"['Museo Lapidario', 'Verona Tour', 'Museo Radio', 'San Zeno', 'Sighseeing']",Casa Giulietta,strategy_nearest,False,0.004136323928833008,success
0403F53A9C4C81,3,['Arena'],Torre Lamberti,"['Sighseeing', 'Centro Fotografia', 'Museo Conte', 'Casa Giulietta', 'Palazzo della Ragione']",Giardino Giusti,strategy_nearest,False,0.0028753280639648438,success
040405429C4C85,3,"['Arena', 'Torre Lamberti']",Casa Giulietta,"['Centro Fotografia', 'Sighseeing', 'Museo Conte', 'Museo Radio', 'Palazzo della Ragione']",Santa Anastasia,strategy_nearest,False,0.002128124237060547,success
0403F63A9C4C81,3,"['Arena', 'Museo Lapidario']",Castelvecchio,"['Verona Tour', 'Museo Radio', 'San Zeno', 'Sighseeing', 'Museo Miniscalchi']",Santa Anastasia,strategy_nearest,False,0.003520965576171875,success
04042C3A9C4C81,0,['Arena'],Casa Giulietta,"['Centro Fotografia', 'Sighseeing', 'Torre Lamberti', 'Museo Conte', 'Museo Radio']",Torre Lamberti,strategy_nearest,True,0.0032587051391601562,success
04042F4A9C4C81,3,"['Castelvecchio', 'Arena', 'Teatro Romano', 'Santa Anastasia']",Duomo,"['AMO', 'Museo Miniscalchi', 'Palazzo della Ragione', 'Museo Conte', 'Torre Lamberti']",Museo Storia,strategy_nearest,False,0.003098011016845703,success
04043A3A9C4C81,3,"['Arena', 'Torre Lamberti']",Santa Anastasia,"['AMO', 'Museo Conte', 'Palazzo della Ragione', 'Teatro Romano', 'Centro Fotografia']",Duomo,strategy_nearest,False,0.0018763542175292969,success
040439429C4C81,2,['Museo Lapidario'],Castelvecchio,"['Verona Tour', 'Arena', 'Museo Radio', 'San Zeno', 'Sighseeing']",Santa Anastasia,strategy_nearest,False,0.003323793411254883,success
04043B429C4C81,3,"['Torre Lamberti', 'Arena']",San Zeno,"['Castelvecchio', 'Verona Tour', 'Museo Lapidario', 'Museo Miniscalchi', 'Sighseeing']",Santa Anastasia,strategy_nearest,False,0.003352642059326172,success
0404303A9C4C81,6,"['San Fermo', 'Tomba Giulietta', 'Arena']",Torre Lamberti,"['Sighseeing', 'Centro Fotografia', 'Museo Conte', 'Casa Giulietta', 'Palazzo della Ragione']",Duomo,strategy_nearest,False,0.0024611949920654297,success
04044D3A9C4C81,3,"['Castelvecchio', 'Torre Lamberti', 'Casa Giulietta']",Arena,"['Verona Tour', 'Museo Lapidario', 'Museo Radio', 'San Fermo', 'Sighseeing']",San Fermo,strategy_nearest,True,0.001399993896484375,success
04043C429C4C81,1,"['Torre Lamberti', 'Teatro Romano', 'Duomo', 'Santa Anastasia']",Castelvecchio,"['Museo Lapidario', 'Verona Tour', 'Arena', 'Museo Radio', 'San Zeno']",Arena,strategy_nearest,True,0.002758026123046875,success
0404533A9C4C81,3,"['Castelvecchio', 'Tomba Giulietta', 'Museo Storia', 'San Fermo']",Arena,"['Verona Tour', 'Museo Lapidario', 'Museo Radio', 'Casa Giulietta', 'Sighseeing']",Casa Giulietta,strategy_nearest,True,0.0032508373260498047,success
040442429C4C81,0,['Arena'],Casa Giulietta,"['Centro Fotografia', 'Sighseeing', 'Torre Lamberti', 'Museo Conte', 'Museo Radio']",Torre Lamberti,strategy_nearest,True,0.003367900848388672,success
0404723A9C4C81,3,['Arena'],Torre Lamberti,"['Sighseeing', 'Centro Fotografia', 'Museo Conte', 'Casa Giulietta', 'Palazzo della Ragione']",Duomo,strategy_nearest,False,0.002666950225830078,success
040458429C4C81,0,"['Arena', 'Castelvecchio']",Casa Giulietta,"['Centro Fotografia', 'Sighseeing', 'Torre Lamberti', 'Museo Conte', 'Museo Radio']",San Zeno,strategy_nearest,False,0.0034499168395996094,success
04045F429C4C81,3,['Arena'],Santa Anastasia,"['AMO', 'Museo Conte', 'Palazzo della Ragione', 'Teatro Romano', 'Centro Fotografia']",Torre Lamberti,strategy_nearest,False,0.002209901809692383,success
04046B429C4C81,3,"['Arena', 'Museo Lapidario', 'Duomo']",Santa Anastasia,"['AMO', 'Museo Conte', 'Palazzo della Ragione', 'Teatro Romano', 'Centro Fotografia']",Casa Giulietta,strategy_nearest,False,0.0034639835357666016,success
0404743A9C4C81,3,['Arena'],Casa Giulietta,"['Centro Fotografia', 'Sighseeing', 'Torre Lamberti', 'Museo Conte', 'Museo Radio']",Santa Anastasia,strategy_nearest,False,0.0016241073608398438,success
0404793A9C4C81,3,"['Arena', 'Santa Anastasia']",Duomo,"['AMO', 'Museo Miniscalchi', 'Teatro Romano', 'Palazzo della Ragione', 'Museo Conte']",Teatro Romano,strategy_nearest,True,0.002768993377685547,success
040477429C4C81,0,['Arena'],Casa Giulietta,"['Centro Fotografia', 'Sighseeing', 'Torre Lamberti', 'Museo Conte', 'Museo Radio']",Torre Lamberti,strategy_nearest,True,0.0026543140411376953,success
040479429C4C81,3,"['Museo Lapidario', 'Castelvecchio', 'Teatro Romano']",Santa Anastasia,"['AMO', 'Museo Conte', 'Palazzo della Ragione', 'Centro Fotografia', 'Duomo']",Casa Giulietta,strategy_nearest,False,0.0033371448516845703,success
0404794A9C4C81,3,['Arena'],San Fermo,"['Museo Storia', 'Museo Radio', 'Casa Giulietta', 'Centro Fotografia', 'Sighseeing']",Santa Anastasia,strategy_nearest,False,0.002936124801635742,success
0404834A9C4C81,2,['Santa Anastasia'],Duomo,"['AMO', 'Museo Miniscalchi', 'Teatro Romano', 'Palazzo della Ragione', 'Museo Conte']",Casa Giulietta,strategy_nearest,False,0.001961946487426758,success
04047D429C4C81,3,"['Casa Giulietta', 'Arena', 'Castelvecchio', 'Duomo']",Teatro Romano,"['Santa Anastasia', 'AMO', 'Palazzo della Ragione', 'Museo Conte', 'Centro Fotografia']",Santa Anastasia,strategy_nearest,True,0.003368854522705078,success
040486429C4C81,0,['Casa Giulietta'],Torre Lamberti,"['Sighseeing', 'Centro Fotografia', 'Museo Conte', 'Palazzo della Ragione', 'AMO']",Arena,strategy_nearest,False,0.003136873245239258,success
0404874A9C4C81,3,"['Arena', 'Casa Giulietta']",Torre Lamberti,"['Sighseeing', 'Centro Fotografia', 'Museo Conte', 'Palazzo della Ragione', 'AMO']",Santa Anastasia,strategy_nearest,False,0.0025758743286132812,success
040487429C4C81,1,['Arena'],Palazzo della Ragione,"['AMO', 'Museo Conte', 'Torre Lamberti', 'Centro Fotografia', 'Sighseeing']",Casa Giulietta,strategy_nearest,False,0.0034329891204833984,success
0404883A9C4C81,3,"['Arena', 'Casa Giulietta']",Santa Anastasia,"['AMO', 'Museo Conte', 'Palazzo della Ragione', 'Teatro Romano', 'Centro Fotografia']",Torre Lamberti,strategy_nearest,False,0.0032410621643066406,success
04048B3A9C4C81,0,['Arena'],Castelvecchio,"['Museo Lapidario', 'Verona Tour', 'Museo Radio', 'San Zeno', 'Sighseeing']",San Fermo,strategy_nearest,False,0.003145933151245117,success
040498429C4C81,3,['Arena'],Museo Lapidario,"['Verona Tour', 'Castelvecchio', 'Museo Radio', 'San Fermo', 'Casa Giulietta']",Torre Lamberti,strategy_nearest,False,0.0027871131896972656,success
04048E429C4C81,0,['Arena'],Casa Giulietta,"['Centro Fotografia', 'Sighseeing', 'Torre Lamberti', 'Museo Conte', 'Museo Radio']",Torre Lamberti,strategy_nearest,True,0.0028090476989746094,success
04049A429C4C81,1,['Arena'],Palazzo della Ragione,"['AMO', 'Museo Conte', 'Torre Lamberti', 'Centro Fotografia', 'Sighseeing']",Torre Lamberti,strategy_nearest,True,0.0027120113372802734,success
04049C4A9C4C81,0,['Arena'],Casa Giulietta,"['Centro Fotografia', 'Sighseeing', 'Torre Lamberti', 'Museo Conte', 'Museo Radio']",Tomba Giulietta,strategy_nearest,False,0.003297090530395508,success
04049D4A9C4C81,2,"['Teatro Romano', 'Santa Anastasia']",Casa Giulietta,"['Centro Fotografia', 'Sighseeing', 'Torre Lamberti', 'Museo Conte', 'Museo Radio']",Castelvecchio,strategy_nearest,False,0.0014531612396240234,success
0404A14A9C4C81,3,"['Castelvecchio', 'Arena']",Casa Giulietta,"['Centro Fotografia', 'Sighseeing', 'Torre Lamberti', 'Museo Conte', 'Museo Radio']",Santa Anastasia,strategy_nearest,False,0.0026187896728515625,success
0404AA429C4C81,0,['Castelvecchio'],Arena,"['Verona Tour', 'Museo Lapidario', 'Museo Radio', 'San Fermo', 'Casa Giulietta']",Casa Giulietta,strategy_nearest,True,0.001901865005493164,success
0404AB3A9C4C81,3,"['Castelvecchio', 'Arena']",Casa Giulietta,"['Centro Fotografia', 'Sighseeing', 'Torre Lamberti', 'Museo Conte', 'Museo Radio']",Torre Lamberti,strategy_nearest,True,0.0032808780670166016,success
0404AE3A9C4C81,3,"['Castelvecchio', 'Arena']",Casa Giulietta,"['Centro Fotografia', 'Sighseeing', 'Torre Lamberti', 'Museo Conte', 'Museo Radio']",Torre Lamberti,strategy_nearest,True,0.0019719600677490234,success
0404B83A9C4C81,2,['Castelvecchio'],Duomo,"['AMO', 'Museo Miniscalchi', 'Santa Anastasia', 'Teatro Romano', 'Palazzo della Ragione']",Torre Lamberti,strategy_nearest,False,0.002702951431274414,success
0404B03A9C4C81,2,['Tomba Giulietta'],Casa Giulietta,"['Centro Fotografia', 'Sighseeing', 'Torre Lamberti', 'Museo Conte', 'Museo Radio']",Torre Lamberti,strategy_nearest,True,0.0026700496673583984,success
0404BE3A9C4C81,3,"['Arena', 'Museo Lapidario']",Santa Anastasia,"['AMO', 'Museo Conte', 'Palazzo della Ragione', 'Teatro Romano', 'Centro Fotografia']",Teatro Romano,strategy_nearest,True,0.003170013427734375,success
0404C73A9C4C81,0,['Castelvecchio'],Arena,"['Verona Tour', 'Museo Lapidario', 'Museo Radio', 'San Fermo', 'Casa Giulietta']",Casa Giulietta,strategy_nearest,True,0.001538991928100586,success
0404C43A9C4C81,0,"['Arena', 'Tomba Giulietta']",Teatro Romano,"['Santa Anastasia', 'Duomo', 'AMO', 'Palazzo della Ragione', 'Museo Conte']",Duomo,strategy_nearest,True,0.003977060317993164,success
0404CA429C4C81,3,"['Castelvecchio', 'Arena']",Casa Giulietta,"['Centro Fotografia', 'Sighseeing', 'Torre Lamberti', 'Museo Conte', 'Museo Radio']",Torre Lamberti,strategy_nearest,True,0.002052783966064453,success
0404C83A9C4C81,0,"['Arena', 'Casa Giulietta']",Tomba Giulietta,"['San Fermo', 'Museo Storia', 'Museo Lapidario', 'Museo Radio', 'Verona Tour']",Torre Lamberti,strategy_nearest,False,0.003377199172973633,success
0404D23A9C4C81,3,"['Teatro Romano', 'Duomo']",Santa Anastasia,"['AMO', 'Museo Conte', 'Palazzo della Ragione', 'Centro Fotografia', 'Torre Lamberti']",Torre Lamberti,strategy_nearest,True,0.0034308433532714844,success
0404D33A9C4C81,0,"['Arena', 'Castelvecchio']",Torre Lamberti,"['Sighseeing', 'Centro Fotografia', 'Museo Conte', 'Casa Giulietta', 'Palazzo della Ragione']",Casa Giulietta,strategy_nearest,True,0.0040340423583984375,success
0404D3429C4C81,2,"['Casa Giulietta', 'Torre Lamberti', 'Santa Anastasia']",Museo Storia,"['San Fermo', 'Museo Radio', 'Centro Fotografia', 'Tomba Giulietta', 'Arena']",Giardino Giusti,strategy_nearest,False,0.0015244483947753906,success
0404E0429C4C81,3,['Arena'],Casa Giulietta,"['Centro Fotografia', 'Sighseeing', 'Torre Lamberti', 'Museo Conte', 'Museo Radio']",Torre Lamberti,strategy_nearest,True,0.0020279884338378906,success
0404F53A9C4C81,0,['Arena'],Casa Giulietta,"['Centro Fotografia', 'Sighseeing', 'Torre Lamberti', 'Museo Conte', 'Museo Radio']",Castelvecchio,strategy_nearest,False,0.0015900135040283203,success
0404EA3A9C4C81,0,['Castelvecchio'],Torre Lamberti,"['Sighseeing', 'Centro Fotografia', 'Museo Conte', 'Casa Giulietta', 'Palazzo della Ragione']",Arena,strategy_nearest,False,0.002875089645385742,success
0404F93A9C4C81,2,"['Casa Giulietta', 'Torre Lamberti']",Santa Anastasia,"['AMO', 'Museo Conte', 'Palazzo della Ragione', 'Teatro Romano', 'Centro Fotografia']",Duomo,strategy_nearest,False,0.0020301342010498047,success
0404EF3A9C4C81,3,"['Arena', 'San Fermo']",Santa Anastasia,"['AMO', 'Museo Conte', 'Palazzo della Ragione', 'Teatro Romano', 'Centro Fotografia']",Duomo,strategy_nearest,False,0.003448963165283203,success
04052A429C4C81,4,"['Torre Lamberti', 'Palazzo della Ragione', 'Casa Giulietta', 'Teatro Romano', 'San Fermo']",Tomba Giulietta,"['Museo Storia', 'Arena', 'Museo Lapidario', 'Museo Radio', 'Verona Tour']",Museo Radio,strategy_nearest,True,0.003468036651611328,success
040532429C4C81,0,"['Arena', 'Museo Lapidario']",Castelvecchio,"['Verona Tour', 'Museo Radio', 'San Zeno', 'Sighseeing', 'Museo Miniscalchi']",Torre Lamberti,strategy_nearest,False,0.002701997756958008,success
04052A4A9C4C81,3,"['Castelvecchio', 'Santa Anastasia']",Arena,"['Verona Tour', 'Museo Lapidario', 'Museo Radio', 'San Fermo', 'Casa Giulietta']",San Zeno,strategy_nearest,False,0.002231597900390625,success
0405033A9C4C85,0,['Arena'],Castelvecchio,"['Museo Lapidario', 'Verona Tour', 'Museo Radio', 'San Zeno', 'Sighseeing']",Casa Giulietta,strategy_nearest,False,0.004211902618408203,success
040537429C4C81,0,['Arena'],Casa Giulietta,"['Centro Fotografia', 'Sighseeing', 'Torre Lamberti', 'Museo Conte', 'Museo Radio']",Torre Lamberti,strategy_nearest,True,0.00199127197265625,success
04053A429C4C81,3,"['Arena', 'Casa Giulietta']",Santa Anastasia,"['AMO', 'Museo Conte', 'Palazzo della Ragione', 'Teatro Romano', 'Centro Fotografia']",Duomo,strategy_nearest,False,0.001355886459350586,success
040535429C4C81,3,"['Casa Giulietta', 'Arena']",Castelvecchio,"['Museo Lapidario', 'Verona Tour', 'Museo Radio', 'San Zeno', 'Sighseeing']",Duomo,strategy_nearest,False,0.0034580230712890625,success
04053B429C4C81,3,"['Castelvecchio', 'Arena']",Torre Lamberti,"['Sighseeing', 'Centro Fotografia', 'Museo Conte', 'Casa Giulietta', 'Palazzo della Ragione']",Santa Anastasia,strategy_nearest,False,0.0029659271240234375,success
040546429C4C81,3,"['Castelvecchio', 'Arena']",San Fermo,"['Museo Storia', 'Museo Radio', 'Casa Giulietta', 'Centro Fotografia', 'Sighseeing']",Casa Giulietta,strategy_nearest,True,0.002552032470703125,success
040548429C4C81,0,"['Castelvecchio', 'Casa Giulietta', 'Teatro Romano']",Arena,"['Verona Tour', 'Museo Lapidario', 'Museo Radio', 'San Fermo', 'Sighseeing']",Museo Lapidario,strategy_nearest,True,0.003203868865966797,success
040544429C4C81,3,"['Casa Giulietta', 'Torre Lamberti', 'Tomba Giulietta']",Arena,"['Verona Tour', 'Museo Lapidario', 'Museo Radio', 'San Fermo', 'Sighseeing']",Museo Lapidario,strategy_nearest,True,0.0026159286499023438,success
04054C3A9C4C81,2,"['Museo Lapidario', 'Castelvecchio', 'San Zeno', 'Duomo']",Santa Anastasia,"['AMO', 'Museo Conte', 'Palazzo della Ragione', 'Teatro Romano', 'Centro Fotografia']",Torre Lamberti,strategy_nearest,False,0.0028562545776367188,success
04054E3A9C4C81,0,['Arena'],Torre Lamberti,"['Sighseeing', 'Centro Fotografia', 'Museo Conte', 'Casa Giulietta', 'Palazzo della Ragione']",Teatro Romano,strategy_nearest,False,0.002608776092529297,success
0405723A9C4C81,0,['Torre Lamberti'],Casa Giulietta,"['Centro Fotografia', 'Sighseeing', 'Museo Conte', 'Museo Radio', 'Palazzo della Ragione']",Arena,strategy_nearest,False,0.0031638145446777344,success
04056B429C4C81,0,['Arena'],Casa Giulietta,"['Centro Fotografia', 'Sighseeing', 'Torre Lamberti', 'Museo Conte', 'Museo Radio']",Santa Anastasia,strategy_nearest,False,0.0026938915252685547,success
040575429C4C81,0,['Casa Giulietta'],Arena,"['Verona Tour', 'Museo Lapidario', 'Museo Radio', 'San Fermo', 'Sighseeing']",Teatro Romano,strategy_nearest,False,0.002309083938598633,success
04057C4A9C4C81,2,"['Tomba Giulietta', 'Castelvecchio', 'Giardino Giusti']",Teatro Romano,"['Santa Anastasia', 'Duomo', 'AMO', 'Palazzo della Ragione', 'Museo Conte']",Duomo,strategy_nearest,True,0.0017750263214111328,success
04057A4A9C4C81,3,['Santa Anastasia'],Duomo,"['AMO', 'Museo Miniscalchi', 'Teatro Romano', 'Palazzo della Ragione', 'Museo Conte']",Arena,strategy_nearest,False,0.003966093063354492,success
04057E429C4C81,3,['Arena'],Santa Anastasia,"['AMO', 'Museo Conte', 'Palazzo della Ragione', 'Teatro Romano', 'Centro Fotografia']",Duomo,strategy_nearest,False,0.0032651424407958984,success
040584429C4C81,0,['Museo Lapidario'],Arena,"['Verona Tour', 'Museo Radio', 'San Fermo', 'Casa Giulietta', 'Sighseeing']",San Zeno,strategy_nearest,False,0.0024979114532470703,success
040586429C4C81,3,"['Castelvecchio', 'Arena', 'Tomba Giulietta']",San Fermo,"['Museo Storia', 'Museo Radio', 'Casa Giulietta', 'Centro Fotografia', 'Sighseeing']",Torre Lamberti,strategy_nearest,False,0.0024271011352539062,success
04058A3A9C4C81,1,"['Arena', 'Torre Lamberti', 'Palazzo della Ragione']",Santa Anastasia,"['AMO', 'Museo Conte', 'Teatro Romano', 'Centro Fotografia', 'Duomo']",Duomo,strategy_nearest,True,0.0022881031036376953,success
040590429C4C81,0,['Arena'],Torre Lamberti,"['Sighseeing', 'Centro Fotografia', 'Museo Conte', 'Casa Giulietta', 'Palazzo della Ragione']",Duomo,strategy_nearest,False,0.002341032028198242,success
040587429C4C81,0,['Arena'],Santa Anastasia,"['AMO', 'Museo Conte', 'Palazzo della Ragione', 'Teatro Romano', 'Centro Fotografia']",Casa Giulietta,strategy_nearest,False,0.003894805908203125,success
04059B429C4C81,0,['Arena'],Casa Giulietta,"['Centro Fotografia', 'Sighseeing', 'Torre Lamberti', 'Museo Conte', 'Museo Radio']",Torre Lamberti,strategy_nearest,True,0.001271963119506836,success
0405A1429C4C81,0,['Castelvecchio'],Arena,"['Verona Tour', 'Museo Lapidario', 'Museo Radio', 'San Fermo', 'Casa Giulietta']",Casa Giulietta,strategy_nearest,True,0.0026819705963134766,success
0405944A9C4C81,0,['Arena'],Castelvecchio,"['Museo Lapidario', 'Verona Tour', 'Museo Radio', 'San Zeno', 'Sighseeing']",Casa Giulietta,strategy_nearest,False,0.0028548240661621094,success
04059A429C4C81,0,['Arena'],Casa Giulietta,"['Centro Fotografia', 'Sighseeing', 'Torre Lamberti', 'Museo Conte', 'Museo Radio']",Torre Lamberti,strategy_nearest,True,0.004105091094970703,success
0405A54A9C4C81,1,"['Arena', 'Casa Giulietta', 'Palazzo della Ragione']",Torre Lamberti,"['Sighseeing', 'Centro Fotografia', 'Museo Conte', 'AMO', 'Museo Miniscalchi']",Santa Anastasia,strategy_nearest,False,0.002794027328491211,success
0405AB4A9C4C81,0,['Arena'],Torre Lamberti,"['Sighseeing', 'Centro Fotografia', 'Museo Conte', 'Casa Giulietta', 'Palazzo della Ragione']",Castelvecchio,strategy_nearest,False,0.0027489662170410156,success
0405AE3A9C4C81,1,"['Arena', 'Casa Giulietta', 'Torre Lamberti']",Palazzo della Ragione,"['AMO', 'Museo Conte', 'Centro Fotografia', 'Sighseeing', 'Santa Anastasia']",San Fermo,strategy_nearest,False,0.0031740665435791016,success
0405AC3A9C4C81,3,"['Casa Giulietta', 'Castelvecchio']",Arena,"['Verona Tour', 'Museo Lapidario', 'Museo Radio', 'San Fermo', 'Sighseeing']",Santa Anastasia,strategy_nearest,False,0.0026988983154296875,success
0405BF3A9C4C81,3,"['Arena', 'Museo Lapidario', 'San Fermo']",Casa Giulietta,"['Centro Fotografia', 'Sighseeing', 'Torre Lamberti', 'Museo Conte', 'Museo Radio']",Duomo,strategy_nearest,False,0.0032339096069335938,success
0405C23A9C4C81,2,['Tomba Giulietta'],Casa Giulietta,"['Centro Fotografia', 'Sighseeing', 'Torre Lamberti', 'Museo Conte', 'Museo Radio']",Museo Storia,strategy_nearest,False,0.002213001251220703,success
0405C03A9C4C81,0,['Arena'],Castelvecchio,"['Museo Lapidario', 'Verona Tour', 'Museo Radio', 'San Zeno', 'Sighseeing']",Teatro Romano,strategy_nearest,False,0.0028829574584960938,success
0405C2429C4C81,0,['Arena'],Torre Lamberti,"['Sighseeing', 'Centro Fotografia', 'Museo Conte', 'Casa Giulietta', 'Palazzo della Ragione']",Casa Giulietta,strategy_nearest,True,0.003838062286376953,success
0405C93A9C4C81,1,"['Tomba Giulietta', 'Arena', 'Museo Lapidario']",Castelvecchio,"['Verona Tour', 'Museo Radio', 'San Zeno', 'Sighseeing', 'Museo Miniscalchi']",Torre Lamberti,strategy_nearest,False,0.0023860931396484375,success
0405D0429C4C81,3,"['Arena', 'Castelvecchio', 'Teatro Romano']",San Fermo,"['Museo Storia', 'Museo Radio', 'Casa Giulietta', 'Centro Fotografia', 'Sighseeing']",Casa Giulietta,strategy_nearest,True,0.0013828277587890625,success
0405CB3A9C4C81,2,"['Castelvecchio', 'Casa Giulietta']",Santa Anastasia,"['AMO', 'Museo Conte', 'Palazzo della Ragione', 'Teatro Romano', 'Centro Fotografia']",Duomo,strategy_nearest,False,0.0021409988403320312,success
0405CA3A9C4C81,2,['Casa Giulietta'],Torre Lamberti,"['Sighseeing', 'Centro Fotografia', 'Museo Conte', 'Palazzo della Ragione', 'AMO']",Duomo,strategy_nearest,False,0.003968000411987305,success
0405D83A9C4C81,3,"['Teatro Romano', 'Duomo', 'Casa Giulietta']",Torre Lamberti,"['Sighseeing', 'Centro Fotografia', 'Museo Conte', 'Palazzo della Ragione', 'AMO']",San Fermo,strategy_nearest,False,0.0014050006866455078,success
0405D9429C4C81,2,"['Teatro Romano', 'Santa Anastasia']",Castelvecchio,"['Museo Lapidario', 'Verona Tour', 'Arena', 'Museo Radio', 'San Zeno']",Duomo,strategy_nearest,False,0.002777099609375,success
0405D6429C4C81,0,['Arena'],Casa Giulietta,"['Centro Fotografia', 'Sighseeing', 'Torre Lamberti', 'Museo Conte', 'Museo Radio']",Castelvecchio,strategy_nearest,False,0.004073143005371094,success
0405DF429C4C81,0,"['Arena', 'Casa Giulietta']",San Fermo,"['Museo Storia', 'Museo Radio', 'Centro Fotografia', 'Sighseeing', 'Torre Lamberti']",Museo Storia,strategy_nearest,True,0.0033309459686279297,success
0405EF3A9C4C81,0,['Arena'],Castelvecchio,"['Museo Lapidario', 'Verona Tour', 'Museo Radio', 'San Zeno', 'Sighseeing']",Teatro Romano,strategy_nearest,False,0.0038661956787109375,success
0405F43A9C4C81,0,"['Castelvecchio', 'Giardino Giusti']",Casa Giulietta,"['Centro Fotografia', 'Sighseeing', 'Torre Lamberti', 'Museo Conte', 'Museo Radio']",Torre Lamberti,strategy_nearest,True,0.0026280879974365234,success
0405E83A9C4C81,2,['Casa Giulietta'],Palazzo della Ragione,"['AMO', 'Museo Conte', 'Torre Lamberti', 'Centro Fotografia', 'Sighseeing']",Torre Lamberti,strategy_nearest,True,0.002271890640258789,success
0405F03A9C4C81,3,['Arena'],Torre Lamberti,"['Sighseeing', 'Centro Fotografia', 'Museo Conte', 'Casa Giulietta', 'Palazzo della Ragione']",Santa Anastasia,strategy_nearest,False,0.0026369094848632812,success
0405FD429C4C81,0,['Arena'],Casa Giulietta,"['Centro Fotografia', 'Sighseeing', 'Torre Lamberti', 'Museo Conte', 'Museo Radio']",Castelvecchio,strategy_nearest,False,0.0016257762908935547,success
04060B3A9C4C85,3,['Arena'],Torre Lamberti,"['Sighseeing', 'Centro Fotografia', 'Museo Conte', 'Casa Giulietta', 'Palazzo della Ragione']",Santa Anastasia,strategy_nearest,False,0.0028150081634521484,success
040683429C4C81,0,['Arena'],Casa Giulietta,"['Centro Fotografia', 'Sighseeing', 'Torre Lamberti', 'Museo Conte', 'Museo Radio']",Tomba Giulietta,strategy_nearest,False,0.002184152603149414,success
040698429C4C80,0,['Arena'],Casa Giulietta,"['Centro Fotografia', 'Sighseeing', 'Torre Lamberti', 'Museo Conte', 'Museo Radio']",Torre Lamberti,strategy_nearest,True,0.0032377243041992188,success
0406A53A9C4C81,3,"['Castelvecchio', 'Santa Anastasia']",Torre Lamberti,"['Sighseeing', 'Centro Fotografia', 'Museo Conte', 'Casa Giulietta', 'Palazzo della Ragione']",Casa Giulietta,strategy_nearest,True,0.0020170211791992188,success
04069E4A9C4C80,3,['Arena'],Casa Giulietta,"['Centro Fotografia', 'Sighseeing', 'Torre Lamberti', 'Museo Conte', 'Museo Radio']",Torre Lamberti,strategy_nearest,True,0.0027549266815185547,success
04069D4A9C4C80,3,"['Teatro Romano', 'San Fermo']",Torre Lamberti,"['Sighseeing', 'Centro Fotografia', 'Museo Conte', 'Casa Giulietta', 'Palazzo della Ragione']",Arena,strategy_nearest,False,0.0034160614013671875,success
04069E429C4C80,0,['Castelvecchio'],Arena,"['Verona Tour', 'Museo Lapidario', 'Museo Radio', 'San Fermo', 'Casa Giulietta']",Torre Lamberti,strategy_nearest,False,0.0016248226165771484,success
0406C6429C4C81,3,"['Castelvecchio', 'Santa Anastasia', 'Casa Giulietta']",Arena,"['Verona Tour', 'Museo Lapidario', 'Museo Radio', 'San Fermo', 'Sighseeing']",Teatro Romano,strategy_nearest,False,0.0026671886444091797,success
040706429C4C85,4,"['Arena', 'Torre Lamberti', 'Casa Giulietta', 'Museo Radio']",Tomba Giulietta,"['San Fermo', 'Museo Storia', 'Museo Lapidario', 'Verona Tour', 'Castelvecchio']",Teatro Romano,strategy_nearest,False,0.0020041465759277344,success
0406A63A9C4C81,3,['Arena'],Santa Anastasia,"['AMO', 'Museo Conte', 'Palazzo della Ragione', 'Teatro Romano', 'Centro Fotografia']",Duomo,strategy_nearest,False,0.0013909339904785156,success
04072F3A9C4C81,3,"['Arena', 'San Fermo', 'Duomo']",Casa Giulietta,"['Centro Fotografia', 'Sighseeing', 'Torre Lamberti', 'Museo Conte', 'Museo Radio']",Torre Lamberti,strategy_nearest,True,0.003245830535888672,success
0407343A9C4C81,3,"['Castelvecchio', 'Arena', 'Museo Lapidario', 'Casa Giulietta', 'Torre Lamberti']",Santa Anastasia,"['AMO', 'Museo Conte', 'Palazzo della Ragione', 'Teatro Romano', 'Centro Fotografia']",Teatro Romano,strategy_nearest,True,0.0020928382873535156,success
04073A429C4C81,0,['Arena'],Casa Giulietta,"['Centro Fotografia', 'Sighseeing', 'Torre Lamberti', 'Museo Conte', 'Museo Radio']",Duomo,strategy_nearest,False,0.003928184509277344,success
04072F4A9C4C81,3,"['Teatro Romano', 'Casa Giulietta', 'Arena']",Tomba Giulietta,"['San Fermo', 'Museo Storia', 'Museo Lapidario', 'Museo Radio', 'Verona Tour']",Duomo,strategy_nearest,False,0.002777099609375,success
04074B3A9C4C81,3,"['San Fermo', 'Teatro Romano', 'Duomo', 'Santa Anastasia']",Torre Lamberti,"['Sighseeing', 'Centro Fotografia', 'Museo Conte', 'Casa Giulietta', 'Palazzo della Ragione']",Casa Giulietta,strategy_nearest,True,0.002685070037841797,success
0407663A9C4C81,1,"['Arena', 'Santa Anastasia', 'Duomo']",Teatro Romano,"['AMO', 'Palazzo della Ragione', 'Museo Conte', 'Centro Fotografia', 'Museo Miniscalchi']",Torre Lamberti,strategy_nearest,False,0.002662181854248047,success
04076C429C4C81,0,['Museo Lapidario'],Torre Lamberti,"['Sighseeing', 'Centro Fotografia', 'Museo Conte', 'Casa Giulietta', 'Palazzo della Ragione']",Casa Giulietta,strategy_nearest,True,0.0020339488983154297,success
04074C3A9C4C81,2,"['Castelvecchio', 'Duomo']",Teatro Romano,"['Santa Anastasia', 'AMO', 'Palazzo della Ragione', 'Museo Conte', 'Centro Fotografia']",Torre Lamberti,strategy_nearest,False,0.0034749507904052734,success
0407533A9C4C81,3,['Arena'],Torre Lamberti,"['Sighseeing', 'Centro Fotografia', 'Museo Conte', 'Casa Giulietta', 'Palazzo della Ragione']",Casa Giulietta,strategy_nearest,True,0.0016169548034667969,success
04076E429C4C81,3,"['Casa Giulietta', 'Duomo', 'Arena']",Museo Lapidario,"['Verona Tour', 'Castelvecchio', 'Museo Radio', 'San Fermo', 'Tomba Giulietta']",Castelvecchio,strategy_nearest,True,0.003204822540283203,success
040775429C4C81,0,['Torre Lamberti'],Arena,"['Verona Tour', 'Museo Lapidario', 'Museo Radio', 'San Fermo', 'Casa Giulietta']",Castelvecchio,strategy_nearest,False,0.001377105712890625,success
0407743A9C4C81,3,"['Arena', 'San Fermo']",Casa Giulietta,"['Centro Fotografia', 'Sighseeing', 'Torre Lamberti', 'Museo Conte', 'Museo Radio']",Santa Anastasia,strategy_nearest,False,0.0020029544830322266,success
04077C3A9C4C81,3,['Arena'],Castelvecchio,"['Museo Lapidario', 'Verona Tour', 'Museo Radio', 'San Zeno', 'Sighseeing']",Torre Lamberti,strategy_nearest,False,0.0033838748931884766,success
04077E429C4C81,3,"['Arena', 'Torre Lamberti']",Torre Lamberti,"['Sighseeing', 'Centro Fotografia', 'Museo Conte', 'Casa Giulietta', 'Palazzo della Ragione']",Santa Anastasia,strategy_nearest,False,0.002189159393310547,success
040782429C4C81,3,"['Castelvecchio', 'Arena']",Torre Lamberti,"['Sighseeing', 'Centro Fotografia', 'Museo Conte', 'Casa Giulietta', 'Palazzo della Ragione']",Santa Anastasia,strategy_nearest,False,0.002613067626953125,success
040783429C4C81,0,['Arena'],Castelvecchio,"['Museo Lapidario', 'Verona Tour', 'Museo Radio', 'San Zeno', 'Sighseeing']",Casa Giulietta,strategy_nearest,False,0.0031380653381347656,success
040788429C4C81,3,"['Tomba Giulietta', 'Castelvecchio', 'Casa Giulietta', 'Duomo']",Santa Anastasia,"['AMO', 'Museo Conte', 'Palazzo della Ragione', 'Teatro Romano', 'Centro Fotografia']",Arena,strategy_nearest,False,0.0034520626068115234,success
04078A4A9C4C80,0,"['Arena', 'Castelvecchio']",Casa Giulietta,"['Centro Fotografia', 'Sighseeing', 'Torre Lamberti', 'Museo Conte', 'Museo Radio']",San Fermo,strategy_nearest,False,0.0033249855041503906,success
04078B3A9C4C81,0,['Arena'],Torre Lamberti,"['Sighseeing', 'Centro Fotografia', 'Museo Conte', 'Casa Giulietta', 'Palazzo della Ragione']",Casa Giulietta,strategy_nearest,True,0.0027048587799072266,success
04078D4A9C4C80,0,['Arena'],Torre Lamberti,"['Sighseeing', 'Centro Fotografia', 'Museo Conte', 'Casa Giulietta', 'Palazzo della Ragione']",Casa Giulietta,strategy_nearest,True,0.002067089080810547,success
04078D4A9C4C81,0,['Arena'],Castelvecchio,"['Museo Lapidario', 'Verona Tour', 'Museo Radio', 'San Zeno', 'Sighseeing']",Torre Lamberti,strategy_nearest,False,0.001447916030883789,success
0407954A9C4C80,1,"['Arena', 'Torre Lamberti']",Palazzo della Ragione,"['AMO', 'Museo Conte', 'Centro Fotografia', 'Sighseeing', 'Santa Anastasia']",Castelvecchio,strategy_nearest,False,0.0026578903198242188,success
04078E4A9C4C80,3,"['Arena', 'Tomba Giulietta', 'San Fermo']",Casa Giulietta,"['Centro Fotografia', 'Sighseeing', 'Torre Lamberti', 'Museo Conte', 'Museo Radio']",Santa Anastasia,strategy_nearest,False,0.0021598339080810547,success
0407974A9C4C81,3,"['Arena', 'Castelvecchio']",Torre Lamberti,"['Sighseeing', 'Centro Fotografia', 'Museo Conte', 'Casa Giulietta', 'Palazzo della Ragione']",Casa Giulietta,strategy_nearest,True,0.0033080577850341797,success
04079A429C4C80,3,"['Torre Lamberti', 'Duomo']",Santa Anastasia,"['AMO', 'Museo Conte', 'Palazzo della Ragione', 'Teatro Romano', 'Centro Fotografia']",Arena,strategy_nearest,False,0.00179290771484375,success
04079A429C4C81,3,"['Castelvecchio', 'Arena']",Torre Lamberti,"['Sighseeing', 'Centro Fotografia', 'Museo Conte', 'Casa Giulietta', 'Palazzo della Ragione']",Casa Giulietta,strategy_nearest,True,0.002454042434692383,success
04079D429C4C81,3,"['Arena', 'Casa Giulietta']",Santa Anastasia,"['AMO', 'Museo Conte', 'Palazzo della Ragione', 'Teatro Romano', 'Centro Fotografia']",Castelvecchio,strategy_nearest,False,0.002994060516357422,success
04079B4A9C4C80,3,"['Arena', 'Casa Giulietta', 'Torre Lamberti']",Santa Anastasia,"['AMO', 'Museo Conte', 'Palazzo della Ragione', 'Teatro Romano', 'Centro Fotografia']",Duomo,strategy_nearest,False,0.003403902053833008,success
04079D4A9C4C80,1,['Arena'],Palazzo della Ragione,"['AMO', 'Museo Conte', 'Torre Lamberti', 'Centro Fotografia', 'Sighseeing']",Torre Lamberti,strategy_nearest,True,0.0033998489379882812,success
04079F429C4C80,2,"['Palazzo della Ragione', 'Torre Lamberti']",Santa Anastasia,"['AMO', 'Museo Conte', 'Teatro Romano', 'Centro Fotografia', 'Duomo']",Duomo,strategy_nearest,True,0.002766132354736328,success
04079E429C4C81,0,['Arena'],Museo Lapidario,"['Verona Tour', 'Castelvecchio', 'Museo Radio', 'San Fermo', 'Casa Giulietta']",Castelvecchio,strategy_nearest,True,0.003264904022216797,success
0407A0429C4C81,0,['Arena'],Casa Giulietta,"['Centro Fotografia', 'Sighseeing', 'Torre Lamberti', 'Museo Conte', 'Museo Radio']",Tomba Giulietta,strategy_nearest,False,0.0038428306579589844,success
0407A14A9C4C81,2,['Tomba Giulietta'],Casa Giulietta,"['Centro Fotografia', 'Sighseeing', 'Torre Lamberti', 'Museo Conte', 'Museo Radio']",Torre Lamberti,strategy_nearest,True,0.002565145492553711,success
0407A53A9C4C81,3,"['Arena', 'Casa Giulietta']",San Fermo,"['Museo Storia', 'Museo Radio', 'Centro Fotografia', 'Sighseeing', 'Torre Lamberti']",Torre Lamberti,strategy_nearest,True,0.0034170150756835938,success
0407A7429C4C81,0,['Arena'],Casa Giulietta,"['Centro Fotografia', 'Sighseeing', 'Torre Lamberti', 'Museo Conte', 'Museo Radio']",Castelvecchio,strategy_nearest,False,0.0033006668090820312,success
0407A73A9C4C81,3,['Arena'],Santa Anastasia,"['AMO', 'Museo Conte', 'Palazzo della Ragione', 'Teatro Romano', 'Centro Fotografia']",Teatro Romano,strategy_nearest,True,0.002118825912475586,success
0407A74A9C4C80,3,"['Teatro Romano', 'Duomo', 'Santa Anastasia']",Arena,"['Verona Tour', 'Museo Lapidario', 'Museo Radio', 'San Fermo', 'Casa Giulietta']",Torre Lamberti,strategy_nearest,False,0.0025959014892578125,success
0407C23A9C4C81,3,"['Tomba Giulietta', 'Arena']",Casa Giulietta,"['Centro Fotografia', 'Sighseeing', 'Torre Lamberti', 'Museo Conte', 'Museo Radio']",Santa Anastasia,strategy_nearest,False,0.0031480789184570312,success
0407B4429C4C81,0,['Arena'],Casa Giulietta,"['Centro Fotografia', 'Sighseeing', 'Torre Lamberti', 'Museo Conte', 'Museo Radio']",Torre Lamberti,strategy_nearest,True,0.0014739036560058594,success
0407A93A9C4C81,2,['Casa Giulietta'],Museo Storia,"['San Fermo', 'Museo Radio', 'Centro Fotografia', 'Tomba Giulietta', 'Arena']",Santa Anastasia,strategy_nearest,False,0.0034110546112060547,success
0407A94A9C4C81,1,"['Tomba Giulietta', 'Arena', 'Casa Giulietta']",Torre Lamberti,"['Sighseeing', 'Centro Fotografia', 'Museo Conte', 'Palazzo della Ragione', 'AMO']",Palazzo della Ragione,strategy_nearest,True,0.0021958351135253906,success
0407C63A9C4C81,0,"['Arena', 'Torre Lamberti']",Casa Giulietta,"['Centro Fotografia', 'Sighseeing', 'Museo Conte', 'Museo Radio', 'Palazzo della Ragione']",Castelvecchio,strategy_nearest,False,0.002718210220336914,success
0407C83A9C4C81,0,['Arena'],Castelvecchio,"['Museo Lapidario', 'Verona Tour', 'Museo Radio', 'San Zeno', 'Sighseeing']",San Zeno,strategy_nearest,True,0.0020809173583984375,success
0407D53A9C4C81,3,"['Arena', 'Tomba Giulietta', 'San Fermo', 'Torre Lamberti']",Casa Giulietta,"['Centro Fotografia', 'Sighseeing', 'Museo Conte', 'Museo Radio', 'Palazzo della Ragione']",Castelvecchio,strategy_nearest,False,0.003203153610229492,success
0407C2429C4C81,3,"['Arena', 'Torre Lamberti']",Santa Anastasia,"['AMO', 'Museo Conte', 'Palazzo della Ragione', 'Teatro Romano', 'Centro Fotografia']",Duomo,strategy_nearest,False,0.0015408992767333984,success
0407D7429C4C81,2,"['Castelvecchio', 'San Zeno']",San Fermo,"['Museo Storia', 'Museo Radio', 'Casa Giulietta', 'Centro Fotografia', 'Arena']",Santa Anastasia,strategy_nearest,False,0.0033218860626220703,success
0407F53A9C4C81,0,['Arena'],Casa Giulietta,"['Centro Fotografia', 'Sighseeing', 'Torre Lamberti', 'Museo Conte', 'Museo Radio']",Santa Anastasia,strategy_nearest,False,0.001986980438232422,success
0407D9429C4C81,2,"['Teatro Romano', 'Santa Anastasia']",Castelvecchio,"['Museo Lapidario', 'Verona Tour', 'Arena', 'Museo Radio', 'San Zeno']",Duomo,strategy_nearest,False,0.003942966461181641,success
0407EC429C4C81,0,"['Castelvecchio', 'Duomo']",Casa Giulietta,"['Centro Fotografia', 'Sighseeing', 'Torre Lamberti', 'Museo Conte', 'Museo Radio']",San Zeno,strategy_nearest,False,0.0014960765838623047,success
0408053A9C4C85,3,"['Arena', 'Casa Giulietta']",Santa Anastasia,"['AMO', 'Museo Conte', 'Palazzo della Ragione', 'Teatro Romano', 'Centro Fotografia']",Duomo,strategy_nearest,False,0.0019087791442871094,success
0407FB3A9C4C81,3,"['Casa Giulietta', 'Torre Lamberti']",Arena,"['Verona Tour', 'Museo Lapidario', 'Museo Radio', 'San Fermo', 'Sighseeing']",Santa Anastasia,strategy_nearest,False,0.0026710033416748047,success
0407F6429C4C81,0,['Arena'],Casa Giulietta,"['Centro Fotografia', 'Sighseeing', 'Torre Lamberti', 'Museo Conte', 'Museo Radio']",Castelvecchio,strategy_nearest,False,0.002103090286254883,success
0408343A9C4C81,3,"['Santa Anastasia', 'Torre Lamberti']",Casa Giulietta,"['Centro Fotografia', 'Sighseeing', 'Museo Conte', 'Museo Radio', 'Palazzo della Ragione']",Arena,strategy_nearest,False,0.0019021034240722656,success
0408073A9C4C85,2,"['Castelvecchio', 'San Zeno']",Duomo,"['AMO', 'Museo Miniscalchi', 'Santa Anastasia', 'Teatro Romano', 'Palazzo della Ragione']",Santa Anastasia,strategy_nearest,True,0.003428220748901367,success
04083A429C4C81,1,"['Arena', 'Casa Giulietta']",Torre Lamberti,"['Sighseeing', 'Centro Fotografia', 'Museo Conte', 'Palazzo della Ragione', 'AMO']",Palazzo della Ragione,strategy_nearest,True,0.002489805221557617,success
04082E429C4C81,1,"['Casa Giulietta', 'Palazzo della Ragione', 'Torre Lamberti']",Santa Anastasia,"['AMO', 'Museo Conte', 'Teatro Romano', 'Centro Fotografia', 'Duomo']",Duomo,strategy_nearest,True,0.003206014633178711,success
04083B4A9C4C81,4,"['Tomba Giulietta', 'Museo Storia', 'San Fermo', 'Torre Lamberti']",Santa Anastasia,"['AMO', 'Museo Conte', 'Palazzo della Ragione', 'Teatro Romano', 'Centro Fotografia']",Teatro Romano,strategy_nearest,True,0.002802133560180664,success
04083D429C4C81,3,"['Arena', 'Tomba Giulietta']",Duomo,"['AMO', 'Museo Miniscalchi', 'Santa Anastasia', 'Teatro Romano', 'Palazzo della Ragione']",Castelvecchio,strategy_nearest,False,0.0021712779998779297,success
04083F429C4C81,0,['Arena'],Casa Giulietta,"['Centro Fotografia', 'Sighseeing', 'Torre Lamberti', 'Museo Conte', 'Museo Radio']",San Zeno,strategy_nearest,False,0.0015091896057128906,success
040841429C4C81,3,"['Arena', 'Museo Lapidario']",Castelvecchio,"['Verona Tour', 'Museo Radio', 'San Zeno', 'Sighseeing', 'Museo Miniscalchi']",Torre Lamberti,strategy_nearest,False,0.0032508373260498047,success
0408513A9C4C81,3,"['Arena', 'Casa Giulietta']",Torre Lamberti,"['Sighseeing', 'Centro Fotografia', 'Museo Conte', 'Palazzo della Ragione', 'AMO']",Duomo,strategy_nearest,False,0.0026199817657470703,success
04084B3A9C4C81,3,"['Arena', 'Castelvecchio']",Torre Lamberti,"['Sighseeing', 'Centro Fotografia', 'Museo Conte', 'Casa Giulietta', 'Palazzo della Ragione']",Casa Giulietta,strategy_nearest,True,0.004045009613037109,success
04084C3A9C4C81,3,"['San Zeno', 'Castelvecchio']",Arena,"['Verona Tour', 'Museo Lapidario', 'Museo Radio', 'San Fermo', 'Casa Giulietta']",Torre Lamberti,strategy_nearest,False,0.002126932144165039,success
040842429C4C81,3,"['Arena', 'San Zeno']",Castelvecchio,"['Museo Lapidario', 'Verona Tour', 'Museo Radio', 'Sighseeing', 'Museo Miniscalchi']",Torre Lamberti,strategy_nearest,False,0.0022897720336914062,success
0408663A9C4C81,6,"['Castelvecchio', 'Arena', 'Verona Tour', 'Teatro Romano']",Duomo,"['AMO', 'Museo Miniscalchi', 'Santa Anastasia', 'Palazzo della Ragione', 'Museo Conte']",Santa Anastasia,strategy_nearest,True,0.0012118816375732422,success
040853429C4C81,1,"['Castelvecchio', 'San Fermo', 'Casa Giulietta']",Palazzo della Ragione,"['AMO', 'Museo Conte', 'Torre Lamberti', 'Centro Fotografia', 'Sighseeing']",Arena,strategy_nearest,False,0.0020530223846435547,success
04086C3A9C4C81,0,['Arena'],Castelvecchio,"['Museo Lapidario', 'Verona Tour', 'Museo Radio', 'San Zeno', 'Sighseeing']",San Zeno,strategy_nearest,True,0.0034019947052001953,success
0408693A9C4C81,0,['Arena'],Teatro Romano,"['Santa Anastasia', 'Duomo', 'AMO', 'Palazzo della Ragione', 'Museo Conte']",Tomba Giulietta,strategy_nearest,False,0.0028791427612304688,success
04086D429C4C81,0,['Arena'],Duomo,"['AMO', 'Museo Miniscalchi', 'Santa Anastasia', 'Teatro Romano', 'Palazzo della Ragione']",Castelvecchio,strategy_nearest,False,0.0021550655364990234,success
040871429C4C81,3,"['Castelvecchio', 'Museo Lapidario', 'Arena']",Casa Giulietta,"['Centro Fotografia', 'Sighseeing', 'Torre Lamberti', 'Museo Conte', 'Museo Radio']",Torre Lamberti,strategy_nearest,True,0.002990245819091797,success
04087C3A9C4C81,3,"['Arena', 'Museo Lapidario']",Casa Giulietta,"['Centro Fotografia', 'Sighseeing', 'Torre Lamberti', 'Museo Conte', 'Museo Radio']",Santa Anastasia,strategy_nearest,False,0.0034220218658447266,success
04087F429C4C81,0,"['Arena', 'Casa Giulietta']",Tomba Giulietta,"['San Fermo', 'Museo Storia', 'Museo Lapidario', 'Museo Radio', 'Verona Tour']",Teatro Romano,strategy_nearest,False,0.00203704833984375,success
040881429C4C81,3,['Arena'],Casa Giulietta,"['Centro Fotografia', 'Sighseeing', 'Torre Lamberti', 'Museo Conte', 'Museo Radio']",Torre Lamberti,strategy_nearest,True,0.0028548240661621094,success
0408803A9C4C81,0,['Arena'],Casa Giulietta,"['Centro Fotografia', 'Sighseeing', 'Torre Lamberti', 'Museo Conte', 'Museo Radio']",Santa Anastasia,strategy_nearest,False,0.0033249855041503906,success
040883429C4C81,3,"['Arena', 'Casa Giulietta', 'Torre Lamberti']",Santa Anastasia,"['AMO', 'Museo Conte', 'Palazzo della Ragione', 'Teatro Romano', 'Centro Fotografia']",Teatro Romano,strategy_nearest,True,0.0026051998138427734,success
040884429C4C81,1,"['Arena', 'Casa Giulietta']",Santa Anastasia,"['AMO', 'Museo Conte', 'Palazzo della Ragione', 'Teatro Romano', 'Centro Fotografia']",Giardino Giusti,strategy_nearest,False,0.0013060569763183594,success
0408854A9C4C80,3,"['Arena', 'Torre Lamberti']",Casa Giulietta,"['Centro Fotografia', 'Sighseeing', 'Museo Conte', 'Museo Radio', 'Palazzo della Ragione']",Santa Anastasia,strategy_nearest,False,0.002766847610473633,success
040887429C4C80,0,['Casa Giulietta'],Arena,"['Verona Tour', 'Museo Lapidario', 'Museo Radio', 'San Fermo', 'Sighseeing']",Castelvecchio,strategy_nearest,False,0.0032320022583007812,success
040887429C4C81,0,['Arena'],Santa Anastasia,"['AMO', 'Museo Conte', 'Palazzo della Ragione', 'Teatro Romano', 'Centro Fotografia']",Casa Giulietta,strategy_nearest,False,0.002379179000854492,success
04088E4A9C4C80,2,"['Santa Anastasia', 'San Fermo']",Museo Storia,"['Museo Radio', 'Casa Giulietta', 'Centro Fotografia', 'Tomba Giulietta', 'Arena']",Teatro Romano,strategy_nearest,False,0.003217935562133789,success
0408884A9C4C80,0,"['Teatro Romano', 'Torre Lamberti']",Casa Giulietta,"['Centro Fotografia', 'Sighseeing', 'Museo Conte', 'Museo Radio', 'Palazzo della Ragione']",Giardino Giusti,strategy_nearest,False,0.0030260086059570312,success
04088B429C4C81,3,"['Arena', 'Castelvecchio']",Torre Lamberti,"['Sighseeing', 'Centro Fotografia', 'Museo Conte', 'Casa Giulietta', 'Palazzo della Ragione']",Casa Giulietta,strategy_nearest,True,0.003408193588256836,success
04088D4A9C4C80,3,"['Torre Lamberti', 'Santa Anastasia']",Duomo,"['AMO', 'Museo Miniscalchi', 'Teatro Romano', 'Palazzo della Ragione', 'Museo Conte']",Castelvecchio,strategy_nearest,False,0.002696990966796875,success
0408934A9C4C80,3,"['Arena', 'Casa Giulietta']",Torre Lamberti,"['Sighseeing', 'Centro Fotografia', 'Museo Conte', 'Palazzo della Ragione', 'AMO']",Santa Anastasia,strategy_nearest,False,0.0027790069580078125,success
040893429C4C81,1,"['Arena', 'Casa Giulietta', 'Torre Lamberti']",Palazzo della Ragione,"['AMO', 'Museo Conte', 'Centro Fotografia', 'Sighseeing', 'Santa Anastasia']",Santa Anastasia,strategy_nearest,True,0.0016257762908935547,success
04088E4A9C4C81,1,"['Arena', 'Casa Giulietta']",Torre Lamberti,"['Sighseeing', 'Centro Fotografia', 'Museo Conte', 'Palazzo della Ragione', 'AMO']",Palazzo della Ragione,strategy_nearest,True,0.002290964126586914,success
0408924A9C4C80,3,['Arena'],San Zeno,"['Castelvecchio', 'Verona Tour', 'Museo Lapidario', 'Museo Miniscalchi', 'Sighseeing']",Santa Anastasia,strategy_nearest,False,0.003573894500732422,success
0408954A9C4C80,3,"['Arena', 'Casa Giulietta']",Torre Lamberti,"['Sighseeing', 'Centro Fotografia', 'Museo Conte', 'Palazzo della Ragione', 'AMO']",Teatro Romano,strategy_nearest,False,0.0028390884399414062,success
0408994A9C4C80,2,['Casa Giulietta'],Torre Lamberti,"['Sighseeing', 'Centro Fotografia', 'Museo Conte', 'Palazzo della Ragione', 'AMO']",Santa Anastasia,strategy_nearest,False,0.0034160614013671875,success
04089E429C4C80,3,"['Arena', 'Museo Lapidario', 'Castelvecchio']",San Zeno,"['Verona Tour', 'Museo Miniscalchi', 'Sighseeing', 'Museo Radio', 'Torre Lamberti']",Duomo,strategy_nearest,False,0.003323078155517578,success
04089B429C4C80,0,['Arena'],Torre Lamberti,"['Sighseeing', 'Centro Fotografia', 'Museo Conte', 'Casa Giulietta', 'Palazzo della Ragione']",Casa Giulietta,strategy_nearest,True,0.0011701583862304688,success
0408A1429C4C80,3,"['Arena', 'Casa Giulietta']",Torre Lamberti,"['Sighseeing', 'Centro Fotografia', 'Museo Conte', 'Palazzo della Ragione', 'AMO']",Duomo,strategy_nearest,False,0.003381967544555664,success
0408A04A9C4C80,0,['Arena'],Casa Giulietta,"['Centro Fotografia', 'Sighseeing', 'Torre Lamberti', 'Museo Conte', 'Museo Radio']",Santa Anastasia,strategy_nearest,False,0.002254962921142578,success
0408A64A9C4C81,1,"['Arena', 'Casa Giulietta']",Palazzo della Ragione,"['AMO', 'Museo Conte', 'Torre Lamberti', 'Centro Fotografia', 'Sighseeing']",Santa Anastasia,strategy_nearest,False,0.0026051998138427734,success
04089E429C4C81,3,"['Castelvecchio', 'Arena']",Torre Lamberti,"['Sighseeing', 'Centro Fotografia', 'Museo Conte', 'Casa Giulietta', 'Palazzo della Ragione']",Santa Anastasia,strategy_nearest,False,0.002947092056274414,success
0408AA4A9C4C80,0,['Arena'],Casa Giulietta,"['Centro Fotografia', 'Sighseeing', 'Torre Lamberti', 'Museo Conte', 'Museo Radio']",Teatro Romano,strategy_nearest,False,0.0021169185638427734,success
0408AA4A9C4C81,0,['Santa Anastasia'],Casa Giulietta,"['Centro Fotografia', 'Sighseeing', 'Torre Lamberti', 'Museo Conte', 'Museo Radio']",Arena,strategy_nearest,False,0.0012097358703613281,success
0408AD3A9C4C81,2,"['Teatro Romano', 'Duomo', 'Torre Lamberti']",Casa Giulietta,"['Centro Fotografia', 'Sighseeing', 'Museo Conte', 'Museo Radio', 'Palazzo della Ragione']",Tomba Giulietta,strategy_nearest,False,0.0026061534881591797,success
0408AD429C4C80,0,['Arena'],Casa Giulietta,"['Centro Fotografia', 'Sighseeing', 'Torre Lamberti', 'Museo Conte', 'Museo Radio']",Castelvecchio,strategy_nearest,False,0.0023229122161865234,success
0408BE429C4C81,0,['Arena'],Museo Lapidario,"['Verona Tour', 'Castelvecchio', 'Museo Radio', 'San Fermo', 'Casa Giulietta']",Castelvecchio,strategy_nearest,True,0.0014510154724121094,success
0408B7429C4C81,2,"['Santa Anastasia', 'Casa Giulietta']",Torre Lamberti,"['Sighseeing', 'Centro Fotografia', 'Museo Conte', 'Palazzo della Ragione', 'AMO']",Castelvecchio,strategy_nearest,False,0.002743959426879883,success
0408C43A9C4C81,0,['Arena'],Torre Lamberti,"['Sighseeing', 'Centro Fotografia', 'Museo Conte', 'Casa Giulietta', 'Palazzo della Ragione']",Casa Giulietta,strategy_nearest,True,0.0027251243591308594,success
0408C73A9C4C81,0,['Arena'],Casa Giulietta,"['Centro Fotografia', 'Sighseeing', 'Torre Lamberti', 'Museo Conte', 'Museo Radio']",Teatro Romano,strategy_nearest,False,0.0034868717193603516,success
0408CB3A9C4C81,0,"['Castelvecchio', 'Arena']",Casa Giulietta,"['Centro Fotografia', 'Sighseeing', 'Torre Lamberti', 'Museo Conte', 'Museo Radio']",Torre Lamberti,strategy_nearest,True,0.0021109580993652344,success
0408EA3A9C4C81,3,"['Castelvecchio', 'Arena']",Torre Lamberti,"['Sighseeing', 'Centro Fotografia', 'Museo Conte', 'Casa Giulietta', 'Palazzo della Ragione']",Santa Anastasia,strategy_nearest,False,0.0026428699493408203,success
0408D6429C4C81,0,['Teatro Romano'],Torre Lamberti,"['Sighseeing', 'Centro Fotografia', 'Museo Conte', 'Casa Giulietta', 'Palazzo della Ragione']",Casa Giulietta,strategy_nearest,True,0.0033948421478271484,success
0408C93A9C4C81,0,['Arena'],Casa Giulietta,"['Centro Fotografia', 'Sighseeing', 'Torre Lamberti', 'Museo Conte', 'Museo Radio']",Palazzo della Ragione,strategy_nearest,False,0.003704071044921875,success
0409053A9C4C85,0,"['Arena', 'Castelvecchio']",Casa Giulietta,"['Centro Fotografia', 'Sighseeing', 'Torre Lamberti', 'Museo Conte', 'Museo Radio']",Giardino Giusti,strategy_nearest,False,0.0034089088439941406,success
0408F9429C4C81,3,"['Arena', 'San Fermo', 'Torre Lamberti', 'Casa Giulietta', 'Castelvecchio']",Museo Lapidario,"['Verona Tour', 'Museo Radio', 'Tomba Giulietta', 'Sighseeing', 'Centro Fotografia']",Teatro Romano,strategy_nearest,False,0.002106189727783203,success
040939429C4C81,0,['Arena'],Casa Giulietta,"['Centro Fotografia', 'Sighseeing', 'Torre Lamberti', 'Museo Conte', 'Museo Radio']",Torre Lamberti,strategy_nearest,True,0.0020728111267089844,success
04093C3A9C4C81,3,"['Casa Giulietta', 'Teatro Romano', 'Arena', 'San Zeno']",Castelvecchio,"['Museo Lapidario', 'Verona Tour', 'Museo Radio', 'Sighseeing', 'Museo Miniscalchi']",Giardino Giusti,strategy_nearest,False,0.0031862258911132812,success
04096C3A9C4C81,3,"['Arena', 'Castelvecchio']",Duomo,"['AMO', 'Museo Miniscalchi', 'Santa Anastasia', 'Teatro Romano', 'Palazzo della Ragione']",Santa Anastasia,strategy_nearest,True,0.0028412342071533203,success
04096B3A9C4C81,0,"['Arena', 'Casa Giulietta']",Torre Lamberti,"['Sighseeing', 'Centro Fotografia', 'Museo Conte', 'Palazzo della Ragione', 'AMO']",San Zeno,strategy_nearest,False,0.0016481876373291016,success
04093C429C4C81,0,['Torre Lamberti'],Casa Giulietta,"['Centro Fotografia', 'Sighseeing', 'Museo Conte', 'Museo Radio', 'Palazzo della Ragione']",Arena,strategy_nearest,False,0.0035200119018554688,success
0409683A9C4C81,0,['Arena'],Casa Giulietta,"['Centro Fotografia', 'Sighseeing', 'Torre Lamberti', 'Museo Conte', 'Museo Radio']",Castelvecchio,strategy_nearest,False,0.002259969711303711,success
040984429C4C80,0,"['Arena', 'Tomba Giulietta']",Torre Lamberti,"['Sighseeing', 'Centro Fotografia', 'Museo Conte', 'Casa Giulietta', 'Palazzo della Ragione']",Casa Giulietta,strategy_nearest,True,0.002053976058959961,success
04097A429C4C81,3,"['Arena', 'Castelvecchio']",Teatro Romano,"['Santa Anastasia', 'Duomo', 'AMO', 'Palazzo della Ragione', 'Museo Conte']",Duomo,strategy_nearest,True,0.003474712371826172,success
040975429C4C81,3,"['Arena', 'Casa Giulietta']",Santa Anastasia,"['AMO', 'Museo Conte', 'Palazzo della Ragione', 'Teatro Romano', 'Centro Fotografia']",Duomo,strategy_nearest,False,0.002889871597290039,success
04097F429C4C80,3,"['Castelvecchio', 'Arena', 'Casa Giulietta']",Santa Anastasia,"['AMO', 'Museo Conte', 'Palazzo della Ragione', 'Teatro Romano', 'Centro Fotografia']",Torre Lamberti,strategy_nearest,False,0.0015530586242675781,success
0409854A9C4C81,0,['Arena'],Torre Lamberti,"['Sighseeing', 'Centro Fotografia', 'Museo Conte', 'Casa Giulietta', 'Palazzo della Ragione']",Casa Giulietta,strategy_nearest,True,0.0045948028564453125,success
04098E4A9C4C81,2,"['Castelvecchio', 'Torre Lamberti']",Santa Anastasia,"['AMO', 'Museo Conte', 'Palazzo della Ragione', 'Teatro Romano', 'Centro Fotografia']",Duomo,strategy_nearest,False,0.002104043960571289,success
04098F429C4C80,0,['Castelvecchio'],Arena,"['Verona Tour', 'Museo Lapidario', 'Museo Radio', 'San Fermo', 'Casa Giulietta']",Duomo,strategy_nearest,False,0.001483917236328125,success
0409924A9C4C80,0,['Arena'],Casa Giulietta,"['Centro Fotografia', 'Sighseeing', 'Torre Lamberti', 'Museo Conte', 'Museo Radio']",Torre Lamberti,strategy_nearest,True,0.002660036087036133,success
040993429C4C81,0,"['Castelvecchio', 'Duomo']",Casa Giulietta,"['Centro Fotografia', 'Sighseeing', 'Torre Lamberti', 'Museo Conte', 'Museo Radio']",Tomba Giulietta,strategy_nearest,False,0.0028557777404785156,success
0409934A9C4C80,2,"['Museo Lapidario', 'Torre Lamberti']",Casa Giulietta,"['Centro Fotografia', 'Sighseeing', 'Museo Conte', 'Museo Radio', 'Palazzo della Ragione']",Santa Anastasia,strategy_nearest,False,0.0034208297729492188,success
0409934A9C4C81,0,"['San Zeno', 'Arena']",Casa Giulietta,"['Centro Fotografia', 'Sighseeing', 'Torre Lamberti', 'Museo Conte', 'Museo Radio']",Torre Lamberti,strategy_nearest,True,0.002209901809692383,success
0409944A9C4C81,3,['Arena'],Santa Anastasia,"['AMO', 'Museo Conte', 'Palazzo della Ragione', 'Teatro Romano', 'Centro Fotografia']",Duomo,strategy_nearest,False,0.0014410018920898438,success
04099B429C4C80,0,['Arena'],Casa Giulietta,"['Centro Fotografia', 'Sighseeing', 'Torre Lamberti', 'Museo Conte', 'Museo Radio']",Teatro Romano,strategy_nearest,False,0.002115011215209961,success
0409974A9C4C80,3,"['Arena', 'Castelvecchio', 'Casa Giulietta']",Torre Lamberti,"['Sighseeing', 'Centro Fotografia', 'Museo Conte', 'Palazzo della Ragione', 'AMO']",Santa Anastasia,strategy_nearest,False,0.0026960372924804688,success
04099B429C4C81,3,"['Arena', 'Casa Giulietta']",Santa Anastasia,"['AMO', 'Museo Conte', 'Palazzo della Ragione', 'Teatro Romano', 'Centro Fotografia']",Duomo,strategy_nearest,False,0.0013818740844726562,success
040996429C4C80,1,"['Arena', 'Museo Lapidario', 'Torre Lamberti', 'Palazzo della Ragione']",Casa Giulietta,"['Centro Fotografia', 'Sighseeing', 'Museo Conte', 'Museo Radio', 'San Fermo']",Santa Anastasia,strategy_nearest,False,0.00333404541015625,success
0409A3429C4C81,0,['Arena'],Casa Giulietta,"['Centro Fotografia', 'Sighseeing', 'Torre Lamberti', 'Museo Conte', 'Museo Radio']",Santa Anastasia,strategy_nearest,False,0.0022258758544921875,success
04099B4A9C4C81,3,"['Castelvecchio', 'San Zeno', 'Arena']",San Fermo,"['Museo Storia', 'Museo Radio', 'Casa Giulietta', 'Centro Fotografia', 'Sighseeing']",Santa Anastasia,strategy_nearest,False,0.0012569427490234375,success
0409A44A9C4C81,0,['Arena'],Casa Giulietta,"['Centro Fotografia', 'Sighseeing', 'Torre Lamberti', 'Museo Conte', 'Museo Radio']",Teatro Romano,strategy_nearest,False,0.0035810470581054688,success
0409A53A9C4C81,0,['Castelvecchio'],Arena,"['Verona Tour', 'Museo Lapidario', 'Museo Radio', 'San Fermo', 'Casa Giulietta']",San Fermo,strategy_nearest,True,0.002756834030151367,success
0409A73A9C4C81,0,['Arena'],Casa Giulietta,"['Centro Fotografia', 'Sighseeing', 'Torre Lamberti', 'Museo Conte', 'Museo Radio']",Duomo,strategy_nearest,False,0.002003908157348633,success
0409A74A9C4C81,3,['Arena'],Santa Anastasia,"['AMO', 'Museo Conte', 'Palazzo della Ragione', 'Teatro Romano', 'Centro Fotografia']",Duomo,strategy_nearest,False,0.0026650428771972656,success
0409AA3A9C4C81,3,"['Arena', 'San Fermo', 'Casa Giulietta']",Torre Lamberti,"['Sighseeing', 'Centro Fotografia', 'Museo Conte', 'Palazzo della Ragione', 'AMO']",Santa Anastasia,strategy_nearest,False,0.0025930404663085938,success
0409AB3A9C4C81,0,['Arena'],Casa Giulietta,"['Centro Fotografia', 'Sighseeing', 'Torre Lamberti', 'Museo Conte', 'Museo Radio']",Santa Anastasia,strategy_nearest,False,0.0031080245971679688,success
0409AC3A9C4C81,3,"['Arena', 'Casa Giulietta']",Santa Anastasia,"['AMO', 'Museo Conte', 'Palazzo della Ragione', 'Teatro Romano', 'Centro Fotografia']",Duomo,strategy_nearest,False,0.0022611618041992188,success
0409B7429C4C80,0,['Teatro Romano'],Casa Giulietta,"['Centro Fotografia', 'Sighseeing', 'Torre Lamberti', 'Museo Conte', 'Museo Radio']",San Zeno,strategy_nearest,False,0.002501964569091797,success
0409AE429C4C81,0,['Casa Giulietta'],Arena,"['Verona Tour', 'Museo Lapidario', 'Museo Radio', 'San Fermo', 'Sighseeing']",Castelvecchio,strategy_nearest,False,0.0033528804779052734,success
0409B8429C4C81,0,['Arena'],Duomo,"['AMO', 'Museo Miniscalchi', 'Santa Anastasia', 'Teatro Romano', 'Palazzo della Ragione']",Casa Giulietta,strategy_nearest,False,0.003542661666870117,success
0409BE3A9C4C81,3,"['Arena', 'Museo Lapidario']",Santa Anastasia,"['AMO', 'Museo Conte', 'Palazzo della Ragione', 'Teatro Romano', 'Centro Fotografia']",Teatro Romano,strategy_nearest,True,0.0030770301818847656,success
0409C23A9C4C81,3,['Arena'],Santa Anastasia,"['AMO', 'Museo Conte', 'Palazzo della Ragione', 'Teatro Romano', 'Centro Fotografia']",Teatro Romano,strategy_nearest,True,0.0031630992889404297,success
0409C43A9C4C81,1,"['Castelvecchio', 'Arena']",Palazzo della Ragione,"['AMO', 'Museo Conte', 'Torre Lamberti', 'Centro Fotografia', 'Sighseeing']",Torre Lamberti,strategy_nearest,True,0.0023469924926757812,success
0409C4429C4C81,2,"['San Zeno', 'Torre Lamberti']",Santa Anastasia,"['AMO', 'Museo Conte', 'Palazzo della Ragione', 'Teatro Romano', 'Centro Fotografia']",Duomo,strategy_nearest,False,0.0022699832916259766,success
0409D03A9C4C81,0,"['Teatro Romano', 'Giardino Giusti']",Casa Giulietta,"['Centro Fotografia', 'Sighseeing', 'Torre Lamberti', 'Museo Conte', 'Museo Radio']",Arena,strategy_nearest,False,0.0025510787963867188,success
0409D33A9C4C81,0,"['Arena', 'Casa Giulietta']",Torre Lamberti,"['Sighseeing', 'Centro Fotografia', 'Museo Conte', 'Palazzo della Ragione', 'AMO']",Duomo,strategy_nearest,False,0.002814769744873047,success
0409D83A9C4C81,0,['Arena'],Santa Anastasia,"['AMO', 'Museo Conte', 'Palazzo della Ragione', 'Teatro Romano', 'Centro Fotografia']",Castelvecchio,strategy_nearest,False,0.002974987030029297,success
0409D5429C4C81,3,"['Arena', 'Santa Anastasia', 'Duomo']",Torre Lamberti,"['Sighseeing', 'Centro Fotografia', 'Museo Conte', 'Casa Giulietta', 'Palazzo della Ragione']",Castelvecchio,strategy_nearest,False,0.003297090530395508,success
0409D63A9C4C81,2,['Castelvecchio'],San Zeno,"['Verona Tour', 'Museo Lapidario', 'Arena', 'Museo Miniscalchi', 'Sighseeing']",Santa Anastasia,strategy_nearest,False,0.003147602081298828,success
0409E53A9C4C81,4,"['Arena', 'San Zeno', 'Casa Giulietta']",Museo Radio,"['San Fermo', 'Sighseeing', 'Torre Lamberti', 'Centro Fotografia', 'Verona Tour']",Tomba Giulietta,strategy_nearest,False,0.0021820068359375,success
0409EA3A9C4C81,3,"['San Zeno', 'San Fermo', 'Casa Giulietta', 'Torre Lamberti']",Arena,"['Verona Tour', 'Museo Lapidario', 'Museo Radio', 'Sighseeing', 'Castelvecchio']",Castelvecchio,strategy_nearest,True,0.0015170574188232422,success
0409F13A9C4C81,2,['Casa Giulietta'],Torre Lamberti,"['Sighseeing', 'Centro Fotografia', 'Museo Conte', 'Palazzo della Ragione', 'AMO']",Duomo,strategy_nearest,False,0.003221750259399414,success
0409E1429C4C81,3,"['Arena', 'Casa Giulietta', 'Torre Lamberti']",Duomo,"['AMO', 'Museo Miniscalchi', 'Santa Anastasia', 'Teatro Romano', 'Palazzo della Ragione']",Giardino Giusti,strategy_nearest,False,0.003428936004638672,success
040A013A9C4C85,2,"['Tomba Giulietta', 'San Fermo']",Casa Giulietta,"['Centro Fotografia', 'Sighseeing', 'Torre Lamberti', 'Museo Conte', 'Museo Radio']",Torre Lamberti,strategy_nearest,True,0.0034432411193847656,success
0409FA429C4C81,3,"['Arena', 'Casa Giulietta', 'Torre Lamberti', 'Giardino Giusti']",Teatro Romano,"['Santa Anastasia', 'Duomo', 'AMO', 'Palazzo della Ragione', 'Museo Conte']",Duomo,strategy_nearest,True,0.0029070377349853516,success
0409FD3A9C4C81,1,"['Arena', 'Castelvecchio', 'Torre Lamberti']",Palazzo della Ragione,"['AMO', 'Museo Conte', 'Centro Fotografia', 'Sighseeing', 'Santa Anastasia']",Duomo,strategy_nearest,False,0.0022809505462646484,success
040A334A9C4C81,2,['Santa Anastasia'],Duomo,"['AMO', 'Museo Miniscalchi', 'Teatro Romano', 'Palazzo della Ragione', 'Museo Conte']",San Zeno,strategy_nearest,False,0.0015249252319335938,success
040A39429C4C81,0,['Arena'],Teatro Romano,"['Santa Anastasia', 'Duomo', 'AMO', 'Palazzo della Ragione', 'Museo Conte']",Casa Giulietta,strategy_nearest,False,0.002718210220336914,success
040A3C4A9C4C81,3,"['Castelvecchio', 'Arena', 'Torre Lamberti']",Santa Anastasia,"['AMO', 'Museo Conte', 'Palazzo della Ragione', 'Teatro Romano', 'Centro Fotografia']",Duomo,strategy_nearest,False,0.0014147758483886719,success
040A34429C4C81,3,"['Arena', 'Santa Anastasia', 'Casa Giulietta']",Duomo,"['AMO', 'Museo Miniscalchi', 'Teatro Romano', 'Palazzo della Ragione', 'Museo Conte']",Teatro Romano,strategy_nearest,True,0.002151966094970703,success
040A45429C4C81,0,['Arena'],Torre Lamberti,"['Sighseeing', 'Centro Fotografia', 'Museo Conte', 'Casa Giulietta', 'Palazzo della Ragione']",Casa Giulietta,strategy_nearest,True,0.0032613277435302734,success
040A4E429C4C81,0,['Arena'],Casa Giulietta,"['Centro Fotografia', 'Sighseeing', 'Torre Lamberti', 'Museo Conte', 'Museo Radio']",Tomba Giulietta,strategy_nearest,False,0.00397801399230957,success
040A7A429C4C81,3,['Castelvecchio'],Arena,"['Verona Tour', 'Museo Lapidario', 'Museo Radio', 'San Fermo', 'Casa Giulietta']",Santa Anastasia,strategy_nearest,False,0.002003908157348633,success
040A763A9C4C81,0,['Arena'],Casa Giulietta,"['Centro Fotografia', 'Sighseeing', 'Torre Lamberti', 'Museo Conte', 'Museo Radio']",San Fermo,strategy_nearest,False,0.0015101432800292969,success
040A67429C4C81,3,"['Arena', 'Casa Giulietta', 'Torre Lamberti']",Duomo,"['AMO', 'Museo Miniscalchi', 'Santa Anastasia', 'Teatro Romano', 'Palazzo della Ragione']",Santa Anastasia,strategy_nearest,True,0.0033562183380126953,success
040A7C3A9C4C81,3,"['San Fermo', 'Torre Lamberti', 'Santa Anastasia']",Teatro Romano,"['Duomo', 'AMO', 'Palazzo della Ragione', 'Museo Conte', 'Centro Fotografia']",Arena,strategy_nearest,False,0.002279043197631836,success
040A81429C4C80,2,"['Teatro Romano', 'Santa Anastasia', 'Torre Lamberti']",Casa Giulietta,"['Centro Fotografia', 'Sighseeing', 'Museo Conte', 'Museo Radio', 'Palazzo della Ragione']",San Fermo,strategy_nearest,False,0.0032329559326171875,success
040A7E429C4C80,0,['Arena'],Castelvecchio,"['Museo Lapidario', 'Verona Tour', 'Museo Radio', 'San Zeno', 'Sighseeing']",Duomo,strategy_nearest,False,0.0027577877044677734,success
040A7E3A9C4C81,3,['Santa Anastasia'],Teatro Romano,"['Duomo', 'AMO', 'Palazzo della Ragione', 'Museo Conte', 'Centro Fotografia']",Arena,strategy_nearest,False,0.0013928413391113281,success
040A85429C4C81,3,"['Castelvecchio', 'Arena']",Torre Lamberti,"['Sighseeing', 'Centro Fotografia', 'Museo Conte', 'Casa Giulietta', 'Palazzo della Ragione']",Santa Anastasia,strategy_nearest,False,0.0027298927307128906,success
040A82429C4C81,3,"['Casa Giulietta', 'Torre Lamberti', 'Teatro Romano']",Castelvecchio,"['Museo Lapidario', 'Verona Tour', 'Arena', 'Museo Radio', 'San Zeno']",Arena,strategy_nearest,True,0.0016012191772460938,success
040A87429C4C81,3,['Arena'],Santa Anastasia,"['AMO', 'Museo Conte', 'Palazzo della Ragione', 'Teatro Romano', 'Centro Fotografia']",Teatro Romano,strategy_nearest,True,0.0033447742462158203,success
040A81429C4C81,0,['Casa Giulietta'],Tomba Giulietta,"['San Fermo', 'Museo Storia', 'Arena', 'Museo Lapidario', 'Museo Radio']",Castelvecchio,strategy_nearest,False,0.0022568702697753906,success
040A8E4A9C4C80,3,"['Arena', 'Teatro Romano']",Duomo,"['AMO', 'Museo Miniscalchi', 'Santa Anastasia', 'Palazzo della Ragione', 'Museo Conte']",Santa Anastasia,strategy_nearest,True,0.002123117446899414,success
040A8F429C4C81,0,['Torre Lamberti'],Casa Giulietta,"['Centro Fotografia', 'Sighseeing', 'Museo Conte', 'Museo Radio', 'Palazzo della Ragione']",Arena,strategy_nearest,False,0.0026962757110595703,success
040A8C429C4C80,2,['Duomo'],Santa Anastasia,"['AMO', 'Museo Conte', 'Palazzo della Ragione', 'Teatro Romano', 'Centro Fotografia']",Torre Lamberti,strategy_nearest,False,0.004146099090576172,success
040A8E3A9C4C81,2,"['San Fermo', 'San Zeno']",Castelvecchio,"['Museo Lapidario', 'Verona Tour', 'Arena', 'Museo Radio', 'Sighseeing']",Santa Anastasia,strategy_nearest,False,0.0020318031311035156,success
040A964A9C4C81,0,['Arena'],Duomo,"['AMO', 'Museo Miniscalchi', 'Santa Anastasia', 'Teatro Romano', 'Palazzo della Ragione']",Casa Giulietta,strategy_nearest,False,0.0022318363189697266,success
040A984A9C4C80,3,"['Arena', 'Arena']",Casa Giulietta,"['Centro Fotografia', 'Sighseeing', 'Torre Lamberti', 'Museo Conte', 'Museo Radio']",Santa Anastasia,strategy_nearest,False,0.0015501976013183594,success
040A9B4A9C4C81,0,['Arena'],Casa Giulietta,"['Centro Fotografia', 'Sighseeing', 'Torre Lamberti', 'Museo Conte', 'Museo Radio']",Duomo,strategy_nearest,False,0.002804994583129883,success
040AA14A9C4C80,3,"['Arena', 'Santa Anastasia']",Casa Giulietta,"['Centro Fotografia', 'Sighseeing', 'Torre Lamberti', 'Museo Conte', 'Museo Radio']",San Fermo,strategy_nearest,False,0.003262042999267578,success
040AA44A9C4C81,3,['Arena'],Torre Lamberti,"['Sighseeing', 'Centro Fotografia', 'Museo Conte', 'Casa Giulietta', 'Palazzo della Ragione']",Santa Anastasia,strategy_nearest,False,0.001995086669921875,success
040AA34A9C4C80,3,"['Arena', 'San Fermo']",Casa Giulietta,"['Centro Fotografia', 'Sighseeing', 'Torre Lamberti', 'Museo Conte', 'Museo Radio']",Torre Lamberti,strategy_nearest,True,0.002466917037963867,success
040AA63A9C4C81,3,"['Arena', 'San Fermo']",Santa Anastasia,"['AMO', 'Museo Conte', 'Palazzo della Ragione', 'Teatro Romano', 'Centro Fotografia']",Teatro Romano,strategy_nearest,True,0.0036640167236328125,success
040AA7429C4C81,2,"['Torre Lamberti', 'Santa Anastasia']",Duomo,"['AMO', 'Museo Miniscalchi', 'Teatro Romano', 'Palazzo della Ragione', 'Museo Conte']",Castelvecchio,strategy_nearest,False,0.0027039051055908203,success
040AA74A9C4C81,3,"['Arena', 'Casa Giulietta']",Santa Anastasia,"['AMO', 'Museo Conte', 'Palazzo della Ragione', 'Teatro Romano', 'Centro Fotografia']",Teatro Romano,strategy_nearest,True,0.002312898635864258,success
040AA9429C4C80,3,['Arena'],Torre Lamberti,"['Sighseeing', 'Centro Fotografia', 'Museo Conte', 'Casa Giulietta', 'Palazzo della Ragione']",Santa Anastasia,strategy_nearest,False,0.0031108856201171875,success
040AAA4A9C4C80,0,['Arena'],Casa Giulietta,"['Centro Fotografia', 'Sighseeing', 'Torre Lamberti', 'Museo Conte', 'Museo Radio']",Santa Anastasia,strategy_nearest,False,0.002707958221435547,success
040AA94A9C4C81,2,"['Casa Giulietta', 'Santa Anastasia']",Teatro Romano,"['Duomo', 'AMO', 'Palazzo della Ragione', 'Museo Conte', 'Centro Fotografia']",Duomo,strategy_nearest,True,0.002053976058959961,success
040AAA4A9C4C81,3,"['Arena', 'Museo Lapidario', 'Castelvecchio']",Duomo,"['AMO', 'Museo Miniscalchi', 'Santa Anastasia', 'Teatro Romano', 'Palazzo della Ragione']",Santa Anastasia,strategy_nearest,True,0.0031647682189941406,success
040AAC3A9C4C81,3,"['Arena', 'Santa Anastasia']",Duomo,"['AMO', 'Museo Miniscalchi', 'Teatro Romano', 'Palazzo della Ragione', 'Museo Conte']",Castelvecchio,strategy_nearest,False,0.001809835433959961,success
040AAE3A9C4C81,1,"['Arena', 'Casa Giulietta']",Palazzo della Ragione,"['AMO', 'Museo Conte', 'Torre Lamberti', 'Centro Fotografia', 'Sighseeing']",Torre Lamberti,strategy_nearest,True,0.002808094024658203,success
040AB03A9C4C81,3,"['Arena', 'Torre Lamberti']",Casa Giulietta,"['Centro Fotografia', 'Sighseeing', 'Museo Conte', 'Museo Radio', 'Palazzo della Ragione']",Santa Anastasia,strategy_nearest,False,0.002727031707763672,success
040AB13A9C4C81,3,"['Arena', 'Museo Lapidario']",Casa Giulietta,"['Centro Fotografia', 'Sighseeing', 'Torre Lamberti', 'Museo Conte', 'Museo Radio']",Santa Anastasia,strategy_nearest,False,0.0031769275665283203,success
040AB1429C4C81,0,['Torre Lamberti'],Casa Giulietta,"['Centro Fotografia', 'Sighseeing', 'Museo Conte', 'Museo Radio', 'Palazzo della Ragione']",Castelvecchio,strategy_nearest,False,0.002913951873779297,success
040AB4429C4C81,3,"['Arena', 'Casa Giulietta', 'Tomba Giulietta']",Castelvecchio,"['Museo Lapidario', 'Verona Tour', 'Museo Radio', 'San Zeno', 'Sighseeing']",Torre Lamberti,strategy_nearest,False,0.00322723388671875,success
040ABC3A9C4C80,3,"['Arena', 'Casa Giulietta']",Santa Anastasia,"['AMO', 'Museo Conte', 'Palazzo della Ragione', 'Teatro Romano', 'Centro Fotografia']",Duomo,strategy_nearest,False,0.003390073776245117,success
040AB7429C4C80,3,"['Arena', 'Santa Anastasia']",San Fermo,"['Museo Storia', 'Museo Radio', 'Casa Giulietta', 'Centro Fotografia', 'Sighseeing']",Torre Lamberti,strategy_nearest,False,0.0034837722778320312,success
040AC43A9C4C81,3,"['Tomba Giulietta', 'Arena', 'San Fermo', 'Casa Giulietta']",Torre Lamberti,"['Sighseeing', 'Centro Fotografia', 'Museo Conte', 'Palazzo della Ragione', 'AMO']",Santa Anastasia,strategy_nearest,False,0.003263235092163086,success
040AE2429C4C81,3,"['Museo Lapidario', 'Arena', 'San Fermo', 'Santa Anastasia']",Duomo,"['AMO', 'Museo Miniscalchi', 'Teatro Romano', 'Palazzo della Ragione', 'Museo Conte']",Teatro Romano,strategy_nearest,True,0.0024318695068359375,success
040ABC429C4C80,3,"['Arena', 'Casa Giulietta']",Santa Anastasia,"['AMO', 'Museo Conte', 'Palazzo della Ragione', 'Teatro Romano', 'Centro Fotografia']",Duomo,strategy_nearest,False,0.0032193660736083984,success
040AE4429C4C81,1,"['Museo Lapidario', 'Castelvecchio', 'San Zeno', 'Arena']",Casa Giulietta,"['Centro Fotografia', 'Sighseeing', 'Torre Lamberti', 'Museo Conte', 'Museo Radio']",Torre Lamberti,strategy_nearest,True,0.0029790401458740234,success
040AEF3A9C4C81,3,"['Arena', 'Torre Lamberti']",Santa Anastasia,"['AMO', 'Museo Conte', 'Palazzo della Ragione', 'Teatro Romano', 'Centro Fotografia']",Duomo,strategy_nearest,False,0.0015571117401123047,success
040B30429C4C81,3,['Arena'],Casa Giulietta,"['Centro Fotografia', 'Sighseeing', 'Torre Lamberti', 'Museo Conte', 'Museo Radio']",Torre Lamberti,strategy_nearest,True,0.002482891082763672,success
040AE53A9C4C81,1,"['San Fermo', 'Casa Giulietta', 'Torre Lamberti', 'Palazzo della Ragione']",Santa Anastasia,"['AMO', 'Museo Conte', 'Teatro Romano', 'Centro Fotografia', 'Duomo']",Duomo,strategy_nearest,True,0.0027437210083007812,success
040B353A9C4C81,2,"['Duomo', 'Torre Lamberti', 'Castelvecchio']",Tomba Giulietta,"['San Fermo', 'Museo Storia', 'Arena', 'Museo Lapidario', 'Museo Radio']",San Fermo,strategy_nearest,True,0.0030670166015625,success
040AFD3A9C4C81,3,"['Castelvecchio', 'Casa Giulietta']",Torre Lamberti,"['Sighseeing', 'Centro Fotografia', 'Museo Conte', 'Palazzo della Ragione', 'AMO']",Santa Anastasia,strategy_nearest,False,0.003335237503051758,success
040B384A9C4C81,3,"['Arena', 'Teatro Romano']",Duomo,"['AMO', 'Museo Miniscalchi', 'Santa Anastasia', 'Palazzo della Ragione', 'Museo Conte']",Castelvecchio,strategy_nearest,False,0.002789020538330078,success
040B3B429C4C81,1,"['Teatro Romano', 'Torre Lamberti', 'Palazzo della Ragione']",Casa Giulietta,"['Centro Fotografia', 'Sighseeing', 'Museo Conte', 'Museo Radio', 'San Fermo']",Arena,strategy_nearest,False,0.0014619827270507812,success
040B39429C4C81,0,['Arena'],Santa Anastasia,"['AMO', 'Museo Conte', 'Palazzo della Ragione', 'Teatro Romano', 'Centro Fotografia']",Casa Giulietta,strategy_nearest,False,0.003401041030883789,success
040B46429C4C81,0,"['Arena', 'Casa Giulietta']",San Fermo,"['Museo Storia', 'Museo Radio', 'Centro Fotografia', 'Sighseeing', 'Torre Lamberti']",Torre Lamberti,strategy_nearest,True,0.003348827362060547,success
040B48429C4C81,1,"['Arena', 'Museo Lapidario']",Casa Giulietta,"['Centro Fotografia', 'Sighseeing', 'Torre Lamberti', 'Museo Conte', 'Museo Radio']",Palazzo della Ragione,strategy_nearest,False,0.0023238658905029297,success
040B573A9C4C81,3,"['Arena', 'Torre Lamberti']",Santa Anastasia,"['AMO', 'Museo Conte', 'Palazzo della Ragione', 'Teatro Romano', 'Centro Fotografia']",Duomo,strategy_nearest,False,0.001950979232788086,success
040B6F429C4C81,3,['Arena'],Torre Lamberti,"['Sighseeing', 'Centro Fotografia', 'Museo Conte', 'Casa Giulietta', 'Palazzo della Ragione']",Casa Giulietta,strategy_nearest,True,0.0031518936157226562,success
040B56429C4C81,3,['Castelvecchio'],Torre Lamberti,"['Sighseeing', 'Centro Fotografia', 'Museo Conte', 'Casa Giulietta', 'Palazzo della Ragione']",Santa Anastasia,strategy_nearest,False,0.0028209686279296875,success
040B7B4A9C4C80,0,"['Castelvecchio', 'Torre Lamberti']",Casa Giulietta,"['Centro Fotografia', 'Sighseeing', 'Museo Conte', 'Museo Radio', 'Palazzo della Ragione']",Teatro Romano,strategy_nearest,False,0.0018188953399658203,success
040B7A4A9C4C80,3,"['San Zeno', 'Castelvecchio']",Arena,"['Verona Tour', 'Museo Lapidario', 'Museo Radio', 'San Fermo', 'Casa Giulietta']",Santa Anastasia,strategy_nearest,False,0.003309965133666992,success
040B7F3A9C4C80,0,['Arena'],Casa Giulietta,"['Centro Fotografia', 'Sighseeing', 'Torre Lamberti', 'Museo Conte', 'Museo Radio']",Castelvecchio,strategy_nearest,False,0.003366231918334961,success
040B81429C4C80,2,['Casa Giulietta'],Castelvecchio,"['Museo Lapidario', 'Verona Tour', 'Arena', 'Museo Radio', 'San Zeno']",Tomba Giulietta,strategy_nearest,False,0.0026171207427978516,success
040B843A9C4C81,3,"['Arena', 'San Fermo', 'Torre Lamberti']",Giardino Giusti,"['Santa Anastasia', 'Teatro Romano', 'Museo Conte', 'Centro Fotografia', 'Museo Storia']",Teatro Romano,strategy_nearest,True,0.001875162124633789,success
040B824A9C4C81,6,['Verona Tour'],Teatro Romano,"['Santa Anastasia', 'Duomo', 'AMO', 'Palazzo della Ragione', 'Museo Conte']",San Fermo,strategy_nearest,False,0.0031888484954833984,success
040B814A9C4C80,6,['Santa Anastasia'],Arena,"['Verona Tour', 'Museo Lapidario', 'Museo Radio', 'San Fermo', 'Casa Giulietta']",Casa Giulietta,strategy_nearest,True,0.0020248889923095703,success
040B84429C4C80,1,"['Casa Giulietta', 'Santa Anastasia', 'Duomo']",Tomba Giulietta,"['San Fermo', 'Museo Storia', 'Arena', 'Museo Lapidario', 'Museo Radio']",Castelvecchio,strategy_nearest,False,0.0033037662506103516,success
040B904A9C4C81,1,['Arena'],Torre Lamberti,"['Sighseeing', 'Centro Fotografia', 'Museo Conte', 'Casa Giulietta', 'Palazzo della Ragione']",Palazzo della Ragione,strategy_nearest,True,0.0020329952239990234,success
040B85429C4C81,0,"['Arena', 'Casa Giulietta']",Tomba Giulietta,"['San Fermo', 'Museo Storia', 'Museo Lapidario', 'Museo Radio', 'Verona Tour']",Teatro Romano,strategy_nearest,False,0.0035009384155273438,success
040B8E4A9C4C81,1,"['Arena', 'Casa Giulietta']",Torre Lamberti,"['Sighseeing', 'Centro Fotografia', 'Museo Conte', 'Palazzo della Ragione', 'AMO']",Palazzo della Ragione,strategy_nearest,True,0.0021469593048095703,success
040B8E4A9C4C80,3,"['Arena', 'Casa Giulietta']",Torre Lamberti,"['Sighseeing', 'Centro Fotografia', 'Museo Conte', 'Palazzo della Ragione', 'AMO']",Duomo,strategy_nearest,False,0.0040400028228759766,success
040B984A9C4C81,0,['Castelvecchio'],Arena,"['Verona Tour', 'Museo Lapidario', 'Museo Radio', 'San Fermo', 'Casa Giulietta']",Casa Giulietta,strategy_nearest,True,0.0020177364349365234,success
040B98429C4C81,2,"['Castelvecchio', 'Duomo']",Santa Anastasia,"['AMO', 'Museo Conte', 'Palazzo della Ragione', 'Teatro Romano', 'Centro Fotografia']",Casa Giulietta,strategy_nearest,False,0.0027587413787841797,success
040B924A9C4C80,3,['Arena'],Casa Giulietta,"['Centro Fotografia', 'Sighseeing', 'Torre Lamberti', 'Museo Conte', 'Museo Radio']",Torre Lamberti,strategy_nearest,True,0.0040130615234375,success
040B94429C4C81,3,['Arena'],Santa Anastasia,"['AMO', 'Museo Conte', 'Palazzo della Ragione', 'Teatro Romano', 'Centro Fotografia']",Duomo,strategy_nearest,False,0.0021839141845703125,success
040B9E4A9C4C81,0,['Arena'],Casa Giulietta,"['Centro Fotografia', 'Sighseeing', 'Torre Lamberti', 'Museo Conte', 'Museo Radio']",Santa Anastasia,strategy_nearest,False,0.0026497840881347656,success
040B9B429C4C81,2,"['Castelvecchio', 'Casa Giulietta', 'Torre Lamberti']",Santa Anastasia,"['AMO', 'Museo Conte', 'Palazzo della Ragione', 'Teatro Romano', 'Centro Fotografia']",Duomo,strategy_nearest,False,0.0021941661834716797,success
040B9C4A9C4C80,0,['Arena'],Museo Lapidario,"['Verona Tour', 'Castelvecchio', 'Museo Radio', 'San Fermo', 'Casa Giulietta']",Castelvecchio,strategy_nearest,True,0.0033330917358398438,success
040B9B429C4C80,1,"['Arena', 'San Fermo', 'Casa Giulietta']",Torre Lamberti,"['Sighseeing', 'Centro Fotografia', 'Museo Conte', 'Palazzo della Ragione', 'AMO']",Palazzo della Ragione,strategy_nearest,True,0.0028007030487060547,success
040BA34A9C4C81,3,['Arena'],Casa Giulietta,"['Centro Fotografia', 'Sighseeing', 'Torre Lamberti', 'Museo Conte', 'Museo Radio']",Torre Lamberti,strategy_nearest,True,0.0026009082794189453,success
040BA73A9C4C81,3,"['Arena', 'Museo Lapidario', 'Casa Giulietta']",Torre Lamberti,"['Sighseeing', 'Centro Fotografia', 'Museo Conte', 'Palazzo della Ragione', 'AMO']",Santa Anastasia,strategy_nearest,False,0.0029802322387695312,success
040BA04A9C4C80,3,['Arena'],Casa Giulietta,"['Centro Fotografia', 'Sighseeing', 'Torre Lamberti', 'Museo Conte', 'Museo Radio']",Santa Anastasia,strategy_nearest,False,0.0021560192108154297,success
040BA1429C4C81,2,['San Fermo'],Santa Anastasia,"['AMO', 'Museo Conte', 'Palazzo della Ragione', 'Teatro Romano', 'Centro Fotografia']",Duomo,strategy_nearest,False,0.001378774642944336,success
040BA7429C4C81,0,['Arena'],Torre Lamberti,"['Sighseeing', 'Centro Fotografia', 'Museo Conte', 'Casa Giulietta', 'Palazzo della Ragione']",Teatro Romano,strategy_nearest,False,0.0015649795532226562,success
040BA84A9C4C80,1,"['Arena', 'Torre Lamberti']",Palazzo della Ragione,"['AMO', 'Museo Conte', 'Centro Fotografia', 'Sighseeing', 'Santa Anastasia']",Casa Giulietta,strategy_nearest,False,0.002135753631591797,success
040BAC3A9C4C80,2,['Casa Giulietta'],Torre Lamberti,"['Sighseeing', 'Centro Fotografia', 'Museo Conte', 'Palazzo della Ragione', 'AMO']",Giardino Giusti,strategy_nearest,False,0.002610921859741211,success
040BA84A9C4C81,2,"['Tomba Giulietta', 'San Fermo', 'Teatro Romano']",Santa Anastasia,"['AMO', 'Museo Conte', 'Palazzo della Ragione', 'Centro Fotografia', 'Duomo']",Torre Lamberti,strategy_nearest,False,0.0034279823303222656,success
040BAC429C4C81,0,['Arena'],Castelvecchio,"['Museo Lapidario', 'Verona Tour', 'Museo Radio', 'San Zeno', 'Sighseeing']",Santa Anastasia,strategy_nearest,False,0.002234935760498047,success
040BB23A9C4C81,0,['Castelvecchio'],Arena,"['Verona Tour', 'Museo Lapidario', 'Museo Radio', 'San Fermo', 'Casa Giulietta']",Casa Giulietta,strategy_nearest,True,0.002650022506713867,success
040BB33A9C4C80,0,['Arena'],Casa Giulietta,"['Centro Fotografia', 'Sighseeing', 'Torre Lamberti', 'Museo Conte', 'Museo Radio']",Santa Anastasia,strategy_nearest,False,0.0025708675384521484,success
040BB53A9C4C81,3,"['Castelvecchio', 'Arena']",Casa Giulietta,"['Centro Fotografia', 'Sighseeing', 'Torre Lamberti', 'Museo Conte', 'Museo Radio']",Santa Anastasia,strategy_nearest,False,0.0032510757446289062,success
040BB63A9C4C80,6,"['Arena', 'Museo Lapidario', 'Casa Giulietta']",Santa Anastasia,"['AMO', 'Museo Conte', 'Palazzo della Ragione', 'Teatro Romano', 'Centro Fotografia']",Duomo,strategy_nearest,False,0.0017747879028320312,success
040BB5429C4C81,3,"['Teatro Romano', 'Duomo', 'Santa Anastasia']",Torre Lamberti,"['Sighseeing', 'Centro Fotografia', 'Museo Conte', 'Casa Giulietta', 'Palazzo della Ragione']",Casa Giulietta,strategy_nearest,True,0.00327301025390625,success
040BB7429C4C81,3,['Arena'],Torre Lamberti,"['Sighseeing', 'Centro Fotografia', 'Museo Conte', 'Casa Giulietta', 'Palazzo della Ragione']",Santa Anastasia,strategy_nearest,False,0.003312349319458008,success
040BB83A9C4C81,0,['Arena'],Casa Giulietta,"['Centro Fotografia', 'Sighseeing', 'Torre Lamberti', 'Museo Conte', 'Museo Radio']",Tomba Giulietta,strategy_nearest,False,0.0029799938201904297,success
040BC23A9C4C81,0,['Tomba Giulietta'],Arena,"['Verona Tour', 'Museo Lapidario', 'Museo Radio', 'San Fermo', 'Casa Giulietta']",Casa Giulietta,strategy_nearest,True,0.0031790733337402344,success
040BBF3A9C4C80,3,"['Castelvecchio', 'Arena', 'San Fermo']",Casa Giulietta,"['Centro Fotografia', 'Sighseeing', 'Torre Lamberti', 'Museo Conte', 'Museo Radio']",Torre Lamberti,strategy_nearest,True,0.0031981468200683594,success
040BD43A9C4C81,3,['Arena'],Casa Giulietta,"['Centro Fotografia', 'Sighseeing', 'Torre Lamberti', 'Museo Conte', 'Museo Radio']",Santa Anastasia,strategy_nearest,False,0.0017457008361816406,success
040BDF429C4C81,1,"['Arena', 'Museo Lapidario', 'Castelvecchio']",Palazzo della Ragione,"['AMO', 'Museo Conte', 'Torre Lamberti', 'Centro Fotografia', 'Sighseeing']",Torre Lamberti,strategy_nearest,True,0.003196239471435547,success
040BE93A9C4C81,3,"['Arena', 'Casa Giulietta']",Torre Lamberti,"['Sighseeing', 'Centro Fotografia', 'Museo Conte', 'Palazzo della Ragione', 'AMO']",Santa Anastasia,strategy_nearest,False,0.0017859935760498047,success
040BF5429C4C81,3,"['Arena', 'Casa Giulietta', 'Santa Anastasia']",Duomo,"['AMO', 'Museo Miniscalchi', 'Teatro Romano', 'Palazzo della Ragione', 'Museo Conte']",Torre Lamberti,strategy_nearest,False,0.0030672550201416016,success
040BEF3A9C4C81,0,['Arena'],Castelvecchio,"['Museo Lapidario', 'Verona Tour', 'Museo Radio', 'San Zeno', 'Sighseeing']",Teatro Romano,strategy_nearest,False,0.003384113311767578,success
040BF0429C4C81,2,"['Castelvecchio', 'Duomo', 'Santa Anastasia']",Teatro Romano,"['AMO', 'Palazzo della Ragione', 'Museo Conte', 'Centro Fotografia', 'Museo Miniscalchi']",Museo Storia,strategy_nearest,False,0.0024878978729248047,success
040BF73A9C4C81,3,['Arena'],Casa Giulietta,"['Centro Fotografia', 'Sighseeing', 'Torre Lamberti', 'Museo Conte', 'Museo Radio']",Santa Anastasia,strategy_nearest,False,0.0022940635681152344,success
040BF83A9C4C81,0,['Arena'],Castelvecchio,"['Museo Lapidario', 'Verona Tour', 'Museo Radio', 'San Zeno', 'Sighseeing']",Tomba Giulietta,strategy_nearest,False,0.0021622180938720703,success
040BFE3A9C4C81,0,['Arena'],Castelvecchio,"['Museo Lapidario', 'Verona Tour', 'Museo Radio', 'San Zeno', 'Sighseeing']",Torre Lamberti,strategy_nearest,False,0.003297090530395508,success
040BFC429C4C81,3,"['Castelvecchio', 'Torre Lamberti', 'Casa Giulietta']",Arena,"['Verona Tour', 'Museo Lapidario', 'Museo Radio', 'San Fermo', 'Sighseeing']",Santa Anastasia,strategy_nearest,False,0.002756834030151367,success
040C42429C4C81,3,['Arena'],Castelvecchio,"['Museo Lapidario', 'Verona Tour', 'Museo Radio', 'San Zeno', 'Sighseeing']",Teatro Romano,strategy_nearest,False,0.0019378662109375,success
040C333A9C4C81,2,"['Castelvecchio', 'San Zeno']",San Fermo,"['Museo Storia', 'Museo Radio', 'Casa Giulietta', 'Centro Fotografia', 'Arena']",Santa Anastasia,strategy_nearest,False,0.0032629966735839844,success
040C45429C4C81,3,"['Torre Lamberti', 'Arena']",Castelvecchio,"['Museo Lapidario', 'Verona Tour', 'Museo Radio', 'San Zeno', 'Sighseeing']",San Zeno,strategy_nearest,True,0.00327301025390625,success
040C41A28C3681,2,['San Zeno'],Teatro Romano,"['Santa Anastasia', 'Duomo', 'AMO', 'Palazzo della Ragione', 'Museo Conte']",Museo Lapidario,strategy_nearest,False,0.0034029483795166016,success
040C593A9C4C81,0,"['Arena', 'Casa Giulietta']",San Fermo,"['Museo Storia', 'Museo Radio', 'Centro Fotografia', 'Sighseeing', 'Torre Lamberti']",Torre Lamberti,strategy_nearest,True,0.0018107891082763672,success
040C51429C4C81,1,"['Torre Lamberti', 'Arena', 'Castelvecchio']",San Zeno,"['Verona Tour', 'Museo Lapidario', 'Museo Miniscalchi', 'Sighseeing', 'Museo Radio']",Casa Giulietta,strategy_nearest,False,0.0033762454986572266,success
040C633A9C4C81,3,"['Castelvecchio', 'San Zeno', 'Santa Anastasia', 'Duomo']",Casa Giulietta,"['Centro Fotografia', 'Sighseeing', 'Torre Lamberti', 'Museo Conte', 'Museo Radio']",Teatro Romano,strategy_nearest,False,0.0032989978790283203,success
040C69429C4C81,3,"['Casa Giulietta', 'Arena']",Torre Lamberti,"['Sighseeing', 'Centro Fotografia', 'Museo Conte', 'Palazzo della Ragione', 'AMO']",Santa Anastasia,strategy_nearest,False,0.0026769638061523438,success
040C78429C4C80,3,"['Casa Giulietta', 'Torre Lamberti', 'Arena']",Santa Anastasia,"['AMO', 'Museo Conte', 'Palazzo della Ragione', 'Teatro Romano', 'Centro Fotografia']",Duomo,strategy_nearest,False,0.002460002899169922,success
040C76429C4C80,1,"['Casa Giulietta', 'Santa Anastasia']",Giardino Giusti,"['Teatro Romano', 'Museo Conte', 'Centro Fotografia', 'Museo Storia', 'AMO']",Torre Lamberti,strategy_nearest,False,0.003328084945678711,success
040C793A9C4C81,0,['Arena'],Castelvecchio,"['Museo Lapidario', 'Verona Tour', 'Museo Radio', 'San Zeno', 'Sighseeing']",Torre Lamberti,strategy_nearest,False,0.002624034881591797,success
040C7B3A9C4C81,2,['Castelvecchio'],Casa Giulietta,"['Centro Fotografia', 'Sighseeing', 'Torre Lamberti', 'Museo Conte', 'Museo Radio']",Giardino Giusti,strategy_nearest,False,0.0031349658966064453,success
040C794A9C4C81,2,"['Casa Giulietta', 'Torre Lamberti', 'Palazzo della Ragione']",Castelvecchio,"['Museo Lapidario', 'Verona Tour', 'Arena', 'Museo Radio', 'San Zeno']",Santa Anastasia,strategy_nearest,False,0.003011941909790039,success
040C7C4A9C4C80,0,['Arena'],Casa Giulietta,"['Centro Fotografia', 'Sighseeing', 'Torre Lamberti', 'Museo Conte', 'Museo Radio']",Tomba Giulietta,strategy_nearest,False,0.001920938491821289,success
040C7E429C4C81,3,"['Castelvecchio', 'Arena']",Casa Giulietta,"['Centro Fotografia', 'Sighseeing', 'Torre Lamberti', 'Museo Conte', 'Museo Radio']",Torre Lamberti,strategy_nearest,True,0.002095937728881836,success
040C7D4A9C4C80,0,['Arena'],Casa Giulietta,"['Centro Fotografia', 'Sighseeing', 'Torre Lamberti', 'Museo Conte', 'Museo Radio']",Duomo,strategy_nearest,False,0.0025238990783691406,success
040C86429C4C80,2,"['Casa Giulietta', 'Santa Anastasia']",Duomo,"['AMO', 'Museo Miniscalchi', 'Teatro Romano', 'Palazzo della Ragione', 'Museo Conte']",Teatro Romano,strategy_nearest,True,0.002701997756958008,success
040C84429C4C81,3,"['Arena', 'Santa Anastasia', 'Torre Lamberti']",Duomo,"['AMO', 'Museo Miniscalchi', 'Teatro Romano', 'Palazzo della Ragione', 'Museo Conte']",San Zeno,strategy_nearest,False,0.0034389495849609375,success
040C8D4A9C4C80,0,['Casa Giulietta'],Castelvecchio,"['Museo Lapidario', 'Verona Tour', 'Arena', 'Museo Radio', 'San Zeno']",Arena,strategy_nearest,True,0.002579927444458008,success
040C8F4A9C4C80,2,['Santa Anastasia'],Duomo,"['AMO', 'Museo Miniscalchi', 'Teatro Romano', 'Palazzo della Ragione', 'Museo Conte']",San Zeno,strategy_nearest,False,0.003302335739135742,success
040C90429C4C81,3,['Arena'],Santa Anastasia,"['AMO', 'Museo Conte', 'Palazzo della Ragione', 'Teatro Romano', 'Centro Fotografia']",Duomo,strategy_nearest,False,0.002604961395263672,success
040C904A9C4C80,3,"['Arena', 'Castelvecchio', 'Duomo']",Santa Anastasia,"['AMO', 'Museo Conte', 'Palazzo della Ragione', 'Teatro Romano', 'Centro Fotografia']",Torre Lamberti,strategy_nearest,False,0.0033109188079833984,success
040C934A9C4C80,1,"['Arena', 'San Fermo', 'Palazzo della Ragione']",Torre Lamberti,"['Sighseeing', 'Centro Fotografia', 'Museo Conte', 'Casa Giulietta', 'AMO']",Santa Anastasia,strategy_nearest,False,0.0024530887603759766,success
040C924A9C4C80,0,"['Teatro Romano', 'Torre Lamberti']",Casa Giulietta,"['Centro Fotografia', 'Sighseeing', 'Museo Conte', 'Museo Radio', 'Palazzo della Ragione']",Castelvecchio,strategy_nearest,False,0.002499103546142578,success
040C9A4A9C4C80,0,['Arena'],Casa Giulietta,"['Centro Fotografia', 'Sighseeing', 'Torre Lamberti', 'Museo Conte', 'Museo Radio']",Santa Anastasia,strategy_nearest,False,0.002655029296875,success
040C944A9C4C81,3,"['Arena', 'Torre Lamberti']",Duomo,"['AMO', 'Museo Miniscalchi', 'Santa Anastasia', 'Teatro Romano', 'Palazzo della Ragione']",Teatro Romano,strategy_nearest,True,0.003404855728149414,success
040C9D429C4C80,3,['Arena'],Casa Giulietta,"['Centro Fotografia', 'Sighseeing', 'Torre Lamberti', 'Museo Conte', 'Museo Radio']",Santa Anastasia,strategy_nearest,False,0.004723787307739258,success
040CA0429C4C81,3,['Arena'],Castelvecchio,"['Museo Lapidario', 'Verona Tour', 'Museo Radio', 'San Zeno', 'Sighseeing']",Santa Anastasia,strategy_nearest,False,0.002048969268798828,success
040C9D4A9C4C81,0,['Arena'],Torre Lamberti,"['Sighseeing', 'Centro Fotografia', 'Museo Conte', 'Casa Giulietta', 'Palazzo della Ragione']",Castelvecchio,strategy_nearest,False,0.0034339427947998047,success
040C9F4A9C4C80,0,"['Arena', 'Castelvecchio']",Torre Lamberti,"['Sighseeing', 'Centro Fotografia', 'Museo Conte', 'Casa Giulietta', 'Palazzo della Ragione']",Casa Giulietta,strategy_nearest,True,0.0014951229095458984,success
040CA04A9C4C80,0,['Arena'],Torre Lamberti,"['Sighseeing', 'Centro Fotografia', 'Museo Conte', 'Casa Giulietta', 'Palazzo della Ragione']",Casa Giulietta,strategy_nearest,True,0.0022230148315429688,success
040CA24A9C4C81,0,"['Castelvecchio', 'Arena']",Torre Lamberti,"['Sighseeing', 'Centro Fotografia', 'Museo Conte', 'Casa Giulietta', 'Palazzo della Ragione']",Casa Giulietta,strategy_nearest,True,0.0033578872680664062,success
040CA34A9C4C81,3,['Arena'],Torre Lamberti,"['Sighseeing', 'Centro Fotografia', 'Museo Conte', 'Casa Giulietta', 'Palazzo della Ragione']",Santa Anastasia,strategy_nearest,False,0.0015411376953125,success
040CA54A9C4C81,0,"['Arena', 'Castelvecchio']",Torre Lamberti,"['Sighseeing', 'Centro Fotografia', 'Museo Conte', 'Casa Giulietta', 'Palazzo della Ragione']",Casa Giulietta,strategy_nearest,True,0.0026590824127197266,success
040CAF3A9C4C81,2,"['Palazzo della Ragione', 'Torre Lamberti']",Casa Giulietta,"['Centro Fotografia', 'Sighseeing', 'Museo Conte', 'Museo Radio', 'San Fermo']",Santa Anastasia,strategy_nearest,False,0.0019288063049316406,success
040CA7429C4C81,3,['Arena'],Casa Giulietta,"['Centro Fotografia', 'Sighseeing', 'Torre Lamberti', 'Museo Conte', 'Museo Radio']",Santa Anastasia,strategy_nearest,False,0.002759218215942383,success
040CAE429C4C80,2,"['Torre Lamberti', 'Casa Giulietta']",Teatro Romano,"['Santa Anastasia', 'Duomo', 'AMO', 'Palazzo della Ragione', 'Museo Conte']",Santa Anastasia,strategy_nearest,True,0.0033903121948242188,success
040CAB429C4C80,3,['Arena'],Torre Lamberti,"['Sighseeing', 'Centro Fotografia', 'Museo Conte', 'Casa Giulietta', 'Palazzo della Ragione']",Santa Anastasia,strategy_nearest,False,0.0015349388122558594,success
040CB23A9C4C80,2,['Castelvecchio'],Duomo,"['AMO', 'Museo Miniscalchi', 'Santa Anastasia', 'Teatro Romano', 'Palazzo della Ragione']",Santa Anastasia,strategy_nearest,True,0.0014500617980957031,success
040CC13A9C4C81,0,['Tomba Giulietta'],Arena,"['Verona Tour', 'Museo Lapidario', 'Museo Radio', 'San Fermo', 'Casa Giulietta']",Duomo,strategy_nearest,False,0.0029239654541015625,success
040CB2429C4C81,3,"['Arena', 'Torre Lamberti']",Santa Anastasia,"['AMO', 'Museo Conte', 'Palazzo della Ragione', 'Teatro Romano', 'Centro Fotografia']",Duomo,strategy_nearest,False,0.002057790756225586,success
040CC23A9C4C81,0,"['Museo Lapidario', 'Arena']",Casa Giulietta,"['Centro Fotografia', 'Sighseeing', 'Torre Lamberti', 'Museo Conte', 'Museo Radio']",Santa Anastasia,strategy_nearest,False,0.003843069076538086,success
040CC3429C4C81,3,"['Casa Giulietta', 'Torre Lamberti']",Duomo,"['AMO', 'Museo Miniscalchi', 'Santa Anastasia', 'Teatro Romano', 'Palazzo della Ragione']",Teatro Romano,strategy_nearest,True,0.0028388500213623047,success
040CC4429C4C80,0,['Arena'],Casa Giulietta,"['Centro Fotografia', 'Sighseeing', 'Torre Lamberti', 'Museo Conte', 'Museo Radio']",Castelvecchio,strategy_nearest,False,0.0026056766510009766,success
040CD43A9C4C81,3,['Arena'],Casa Giulietta,"['Centro Fotografia', 'Sighseeing', 'Torre Lamberti', 'Museo Conte', 'Museo Radio']",Santa Anastasia,strategy_nearest,False,0.0032689571380615234,success
040CEE3A9C4C81,3,"['Duomo', 'Santa Anastasia']",Casa Giulietta,"['Centro Fotografia', 'Sighseeing', 'Torre Lamberti', 'Museo Conte', 'Museo Radio']",Arena,strategy_nearest,False,0.0026540756225585938,success
040CEA429C4C81,1,"['Arena', 'Torre Lamberti']",Casa Giulietta,"['Centro Fotografia', 'Sighseeing', 'Museo Conte', 'Museo Radio', 'Palazzo della Ragione']",Duomo,strategy_nearest,False,0.0030837059020996094,success
040CF83A9C4C81,2,['Tomba Giulietta'],Museo Storia,"['San Fermo', 'Museo Radio', 'Casa Giulietta', 'Centro Fotografia', 'Arena']",Casa Giulietta,strategy_nearest,True,0.002669095993041992,success
040D324A9C4C81,3,"['Arena', 'Tomba Giulietta', 'Museo Lapidario', 'Torre Lamberti']",Casa Giulietta,"['Centro Fotografia', 'Sighseeing', 'Museo Conte', 'Museo Radio', 'Palazzo della Ragione']",Teatro Romano,strategy_nearest,False,0.0023543834686279297,success
040D41A28C3681,2,['San Zeno'],Teatro Romano,"['Santa Anastasia', 'Duomo', 'AMO', 'Palazzo della Ragione', 'Museo Conte']",Museo Lapidario,strategy_nearest,False,0.0024187564849853516,success
040D50429C4C81,3,"['Castelvecchio', 'Duomo', 'Teatro Romano']",Santa Anastasia,"['AMO', 'Museo Conte', 'Palazzo della Ragione', 'Centro Fotografia', 'Torre Lamberti']",San Fermo,strategy_nearest,False,0.0026450157165527344,success
040D55429C4C81,0,['Castelvecchio'],Arena,"['Verona Tour', 'Museo Lapidario', 'Museo Radio', 'San Fermo', 'Casa Giulietta']",Casa Giulietta,strategy_nearest,True,0.003425121307373047,success
040D58429C4C81,3,"['Torre Lamberti', 'Arena']",San Zeno,"['Castelvecchio', 'Verona Tour', 'Museo Lapidario', 'Museo Miniscalchi', 'Sighseeing']",Castelvecchio,strategy_nearest,True,0.0031239986419677734,success
040D5A429C4C81,2,"['Duomo', 'Casa Giulietta']",San Fermo,"['Museo Storia', 'Museo Radio', 'Centro Fotografia', 'Arena', 'Sighseeing']",Giardino Giusti,strategy_nearest,False,0.003228902816772461,success
040D69429C4C81,2,"['Casa Giulietta', 'Torre Lamberti']",Santa Anastasia,"['AMO', 'Museo Conte', 'Palazzo della Ragione', 'Teatro Romano', 'Centro Fotografia']",Duomo,strategy_nearest,False,0.001766204833984375,success
040D633A9C4C81,2,"['Tomba Giulietta', 'San Zeno', 'Giardino Giusti']",Teatro Romano,"['Santa Anastasia', 'Duomo', 'AMO', 'Palazzo della Ragione', 'Museo Conte']",Duomo,strategy_nearest,True,0.004170894622802734,success
040D6D429C4C81,3,['Casa Giulietta'],Torre Lamberti,"['Sighseeing', 'Centro Fotografia', 'Museo Conte', 'Palazzo della Ragione', 'AMO']",Arena,strategy_nearest,False,0.002626657485961914,success
040D72429C4C80,0,['Casa Giulietta'],Arena,"['Verona Tour', 'Museo Lapidario', 'Museo Radio', 'San Fermo', 'Sighseeing']",Tomba Giulietta,strategy_nearest,False,0.003528118133544922,success
040D7B4A9C4C80,3,"['Arena', 'Casa Giulietta', 'Santa Anastasia']",Torre Lamberti,"['Sighseeing', 'Centro Fotografia', 'Museo Conte', 'Palazzo della Ragione', 'AMO']",Duomo,strategy_nearest,False,0.0026857852935791016,success
040D77429C4C80,0,['Casa Giulietta'],Arena,"['Verona Tour', 'Museo Lapidario', 'Museo Radio', 'San Fermo', 'Sighseeing']",Castelvecchio,strategy_nearest,False,0.001361846923828125,success
040D6F3A9C4C81,1,"['Arena', 'Torre Lamberti', 'Palazzo della Ragione']",San Zeno,"['Castelvecchio', 'Verona Tour', 'Museo Lapidario', 'Museo Miniscalchi', 'Sighseeing']",Castelvecchio,strategy_nearest,True,0.005731105804443359,success
040D7F4A9C4C80,3,"['Arena', 'Casa Giulietta']",Torre Lamberti,"['Sighseeing', 'Centro Fotografia', 'Museo Conte', 'Palazzo della Ragione', 'AMO']",Teatro Romano,strategy_nearest,False,0.002088785171508789,success
040D7C3A9C4C80,0,['Arena'],Casa Giulietta,"['Centro Fotografia', 'Sighseeing', 'Torre Lamberti', 'Museo Conte', 'Museo Radio']",Duomo,strategy_nearest,False,0.004166126251220703,success
040D7D429C4C81,0,"['Arena', 'Castelvecchio']",Teatro Romano,"['Santa Anastasia', 'Duomo', 'AMO', 'Palazzo della Ragione', 'Museo Conte']",Torre Lamberti,strategy_nearest,False,0.001497030258178711,success
040D803A9C4C80,3,['Arena'],Torre Lamberti,"['Sighseeing', 'Centro Fotografia', 'Museo Conte', 'Casa Giulietta', 'Palazzo della Ragione']",Santa Anastasia,strategy_nearest,False,0.0035409927368164062,success
040D82429C4C81,3,"['Tomba Giulietta', 'Arena']",Casa Giulietta,"['Centro Fotografia', 'Sighseeing', 'Torre Lamberti', 'Museo Conte', 'Museo Radio']",Santa Anastasia,strategy_nearest,False,0.002938985824584961,success
040D80429C4C80,3,"['Casa Giulietta', 'San Fermo']",Santa Anastasia,"['AMO', 'Museo Conte', 'Palazzo della Ragione', 'Teatro Romano', 'Centro Fotografia']",Castelvecchio,strategy_nearest,False,0.0024628639221191406,success
040D87429C4C81,3,['Arena'],Torre Lamberti,"['Sighseeing', 'Centro Fotografia', 'Museo Conte', 'Casa Giulietta', 'Palazzo della Ragione']",Duomo,strategy_nearest,False,0.0026390552520751953,success
040D844A9C4C81,0,['Teatro Romano'],Casa Giulietta,"['Centro Fotografia', 'Sighseeing', 'Torre Lamberti', 'Museo Conte', 'Museo Radio']",Arena,strategy_nearest,False,0.003409862518310547,success
040D89429C4C81,2,['Casa Giulietta'],Torre Lamberti,"['Sighseeing', 'Centro Fotografia', 'Museo Conte', 'Palazzo della Ragione', 'AMO']",Palazzo della Ragione,strategy_nearest,True,0.0016760826110839844,success
040D924A9C4C81,0,"['Arena', 'Casa Giulietta']",Torre Lamberti,"['Sighseeing', 'Centro Fotografia', 'Museo Conte', 'Palazzo della Ragione', 'AMO']",Teatro Romano,strategy_nearest,False,0.0019741058349609375,success
040D8D3A9C4C81,2,['Palazzo della Ragione'],Torre Lamberti,"['Sighseeing', 'Centro Fotografia', 'Museo Conte', 'Casa Giulietta', 'AMO']",Santa Anastasia,strategy_nearest,False,0.002819061279296875,success
040D8E3A9C4C80,3,"['Arena', 'Casa Giulietta']",Santa Anastasia,"['AMO', 'Museo Conte', 'Palazzo della Ragione', 'Teatro Romano', 'Centro Fotografia']",Duomo,strategy_nearest,False,0.0035037994384765625,success
040D964A9C4C80,3,"['Arena', 'Castelvecchio', 'Casa Giulietta']",Torre Lamberti,"['Sighseeing', 'Centro Fotografia', 'Museo Conte', 'Palazzo della Ragione', 'AMO']",Santa Anastasia,strategy_nearest,False,0.0032148361206054688,success
040D98429C4C80,0,['Arena'],Castelvecchio,"['Museo Lapidario', 'Verona Tour', 'Museo Radio', 'San Zeno', 'Sighseeing']",Casa Giulietta,strategy_nearest,False,0.0026302337646484375,success
040D944A9C4C81,0,"['Casa Giulietta', 'Teatro Romano']",Castelvecchio,"['Museo Lapidario', 'Verona Tour', 'Arena', 'Museo Radio', 'San Zeno']",Arena,strategy_nearest,True,0.0025000572204589844,success
040D9A429C4C81,3,"['Arena', 'Castelvecchio', 'San Fermo', 'Casa Giulietta']",Duomo,"['AMO', 'Museo Miniscalchi', 'Santa Anastasia', 'Teatro Romano', 'Palazzo della Ragione']",Teatro Romano,strategy_nearest,True,0.0030307769775390625,success
040DA14A9C4C80,1,"['Arena', 'Casa Giulietta']",Palazzo della Ragione,"['AMO', 'Museo Conte', 'Torre Lamberti', 'Centro Fotografia', 'Sighseeing']",Torre Lamberti,strategy_nearest,True,0.002578258514404297,success
040D9F4A9C4C80,2,"['Tomba Giulietta', 'Casa Giulietta']",Torre Lamberti,"['Sighseeing', 'Centro Fotografia', 'Museo Conte', 'Palazzo della Ragione', 'AMO']",Duomo,strategy_nearest,False,0.002694845199584961,success
040D9D4A9C4C81,0,"['Arena', 'San Fermo']",Casa Giulietta,"['Centro Fotografia', 'Sighseeing', 'Torre Lamberti', 'Museo Conte', 'Museo Radio']",Torre Lamberti,strategy_nearest,True,0.002134084701538086,success
040DA44A9C4C81,1,"['Arena', 'Casa Giulietta']",Palazzo della Ragione,"['AMO', 'Museo Conte', 'Torre Lamberti', 'Centro Fotografia', 'Sighseeing']",Torre Lamberti,strategy_nearest,True,0.0034329891204833984,success
040DA84A9C4C80,1,"['Casa Giulietta', 'Arena']",Castelvecchio,"['Museo Lapidario', 'Verona Tour', 'Museo Radio', 'San Zeno', 'Sighseeing']",Torre Lamberti,strategy_nearest,False,0.0019097328186035156,success
040DAA429C4C80,0,['Arena'],Casa Giulietta,"['Centro Fotografia', 'Sighseeing', 'Torre Lamberti', 'Museo Conte', 'Museo Radio']",Torre Lamberti,strategy_nearest,True,0.0024671554565429688,success
040DA73A9C4C81,0,['Arena'],Casa Giulietta,"['Centro Fotografia', 'Sighseeing', 'Torre Lamberti', 'Museo Conte', 'Museo Radio']",Duomo,strategy_nearest,False,0.003255605697631836,success
040DAC3A9C4C80,3,"['Castelvecchio', 'Arena']",San Fermo,"['Museo Storia', 'Museo Radio', 'Casa Giulietta', 'Centro Fotografia', 'Sighseeing']",Santa Anastasia,strategy_nearest,False,0.0015239715576171875,success
040DB3429C4C81,3,['Arena'],Casa Giulietta,"['Centro Fotografia', 'Sighseeing', 'Torre Lamberti', 'Museo Conte', 'Museo Radio']",Santa Anastasia,strategy_nearest,False,0.0020012855529785156,success
040DAB4A9C4C81,3,"['Arena', 'Castelvecchio']",Casa Giulietta,"['Centro Fotografia', 'Sighseeing', 'Torre Lamberti', 'Museo Conte', 'Museo Radio']",San Fermo,strategy_nearest,False,0.0033867359161376953,success
040DAB3A9C4C81,2,"['Palazzo della Ragione', 'Torre Lamberti']",Santa Anastasia,"['AMO', 'Museo Conte', 'Teatro Romano', 'Centro Fotografia', 'Duomo']",Duomo,strategy_nearest,True,0.0053272247314453125,success
040DB5429C4C81,3,['Arena'],Castelvecchio,"['Museo Lapidario', 'Verona Tour', 'Museo Radio', 'San Zeno', 'Sighseeing']",Torre Lamberti,strategy_nearest,False,0.001422882080078125,success
040DBE429C4C80,3,"['Arena', 'Duomo']",Santa Anastasia,"['AMO', 'Museo Conte', 'Palazzo della Ragione', 'Teatro Romano', 'Centro Fotografia']",Torre Lamberti,strategy_nearest,False,0.0027790069580078125,success
040DC03A9C4C81,3,['Arena'],Casa Giulietta,"['Centro Fotografia', 'Sighseeing', 'Torre Lamberti', 'Museo Conte', 'Museo Radio']",Santa Anastasia,strategy_nearest,False,0.003208160400390625,success
040DB7429C4C81,3,"['Arena', 'San Fermo']",Santa Anastasia,"['AMO', 'Museo Conte', 'Palazzo della Ragione', 'Teatro Romano', 'Centro Fotografia']",Duomo,strategy_nearest,False,0.002183198928833008,success
040DDC429C4C81,3,"['Teatro Romano', 'Duomo', 'Santa Anastasia']",Torre Lamberti,"['Sighseeing', 'Centro Fotografia', 'Museo Conte', 'Casa Giulietta', 'Palazzo della Ragione']",Arena,strategy_nearest,False,0.001971006393432617,success
040DC83A9C4C81,3,"['Arena', 'Casa Giulietta']",Santa Anastasia,"['AMO', 'Museo Conte', 'Palazzo della Ragione', 'Teatro Romano', 'Centro Fotografia']",Duomo,strategy_nearest,False,0.003370046615600586,success
040DC43A9C4C81,2,['Castelvecchio'],Teatro Romano,"['Santa Anastasia', 'Duomo', 'AMO', 'Palazzo della Ragione', 'Museo Conte']",Casa Giulietta,strategy_nearest,False,0.002816915512084961,success
040DD83A9C4C81,6,['Torre Lamberti'],Arena,"['Verona Tour', 'Museo Lapidario', 'Museo Radio', 'San Fermo', 'Casa Giulietta']",Verona Tour,strategy_nearest,True,0.0027511119842529297,success
040E00429C4C85,3,"['Arena', 'Santa Anastasia', 'Duomo']",Teatro Romano,"['AMO', 'Palazzo della Ragione', 'Museo Conte', 'Centro Fotografia', 'Museo Miniscalchi']",San Zeno,strategy_nearest,False,0.002053976058959961,success
040E37429C4C81,0,['Arena'],Casa Giulietta,"['Centro Fotografia', 'Sighseeing', 'Torre Lamberti', 'Museo Conte', 'Museo Radio']",Santa Anastasia,strategy_nearest,False,0.0032203197479248047,success
040DE2429C4C81,1,"['Casa Giulietta', 'Arena', 'Castelvecchio']",Santa Anastasia,"['AMO', 'Museo Conte', 'Palazzo della Ragione', 'Teatro Romano', 'Centro Fotografia']",Duomo,strategy_nearest,False,0.001504659652709961,success
040DF63A9C4C81,1,"['Arena', 'Castelvecchio']",Santa Anastasia,"['AMO', 'Museo Conte', 'Palazzo della Ragione', 'Teatro Romano', 'Centro Fotografia']",Palazzo della Ragione,strategy_nearest,True,0.002858877182006836,success
040E6C429C4C80,1,['Torre Lamberti'],Palazzo della Ragione,"['AMO', 'Museo Conte', 'Centro Fotografia', 'Sighseeing', 'Santa Anastasia']",Arena,strategy_nearest,False,0.001413106918334961,success
040E693A9C4C81,1,"['Casa Giulietta', 'Torre Lamberti', 'Palazzo della Ragione', 'Teatro Romano']",Santa Anastasia,"['AMO', 'Museo Conte', 'Centro Fotografia', 'Duomo', 'Sighseeing']",Arena,strategy_nearest,False,0.002662181854248047,success
040E42429C4C81,0,['Arena'],Casa Giulietta,"['Centro Fotografia', 'Sighseeing', 'Torre Lamberti', 'Museo Conte', 'Museo Radio']",San Zeno,strategy_nearest,False,0.002203702926635742,success
040E5B429C4C81,1,"['Arena', 'Castelvecchio']",Torre Lamberti,"['Sighseeing', 'Centro Fotografia', 'Museo Conte', 'Casa Giulietta', 'Palazzo della Ragione']",Palazzo della Ragione,strategy_nearest,True,0.003392934799194336,success
040E6E429C4C81,0,['Arena'],Casa Giulietta,"['Centro Fotografia', 'Sighseeing', 'Torre Lamberti', 'Museo Conte', 'Museo Radio']",Castelvecchio,strategy_nearest,False,0.0015418529510498047,success
040E75429C4C81,0,['Tomba Giulietta'],Torre Lamberti,"['Sighseeing', 'Centro Fotografia', 'Museo Conte', 'Casa Giulietta', 'Palazzo della Ragione']",Arena,strategy_nearest,False,0.002218008041381836,success
040E7F429C4C80,3,"['Arena', 'Torre Lamberti']",Casa Giulietta,"['Centro Fotografia', 'Sighseeing', 'Museo Conte', 'Museo Radio', 'Palazzo della Ragione']",Santa Anastasia,strategy_nearest,False,0.003226757049560547,success
040E7C3A9C4C81,3,"['Arena', 'Casa Giulietta', 'Torre Lamberti']",San Fermo,"['Museo Storia', 'Museo Radio', 'Centro Fotografia', 'Sighseeing', 'Museo Conte']",Santa Anastasia,strategy_nearest,False,0.002810239791870117,success
040E85429C4C81,3,"['Arena', 'Museo Lapidario']",Casa Giulietta,"['Centro Fotografia', 'Sighseeing', 'Torre Lamberti', 'Museo Conte', 'Museo Radio']",Torre Lamberti,strategy_nearest,True,0.0021619796752929688,success
040E88429C4C81,3,"['Castelvecchio', 'Arena']",Torre Lamberti,"['Sighseeing', 'Centro Fotografia', 'Museo Conte', 'Casa Giulietta', 'Palazzo della Ragione']",Santa Anastasia,strategy_nearest,False,0.003331899642944336,success
040E8A4A9C4C80,3,['Arena'],Casa Giulietta,"['Centro Fotografia', 'Sighseeing', 'Torre Lamberti', 'Museo Conte', 'Museo Radio']",Torre Lamberti,strategy_nearest,True,0.0020771026611328125,success
040E88429C4C80,2,['Casa Giulietta'],Torre Lamberti,"['Sighseeing', 'Centro Fotografia', 'Museo Conte', 'Palazzo della Ragione', 'AMO']",Castelvecchio,strategy_nearest,False,0.002755880355834961,success
040E924A9C4C81,3,"['Arena', 'Casa Giulietta']",Santa Anastasia,"['AMO', 'Museo Conte', 'Palazzo della Ragione', 'Teatro Romano', 'Centro Fotografia']",Duomo,strategy_nearest,False,0.002212047576904297,success
040E8F4A9C4C81,3,"['Castelvecchio', 'Arena']",Casa Giulietta,"['Centro Fotografia', 'Sighseeing', 'Torre Lamberti', 'Museo Conte', 'Museo Radio']",Santa Anastasia,strategy_nearest,False,0.003462076187133789,success
040E934A9C4C80,1,"['Arena', 'Torre Lamberti', 'Palazzo della Ragione']",Casa Giulietta,"['Centro Fotografia', 'Sighseeing', 'Museo Conte', 'Museo Radio', 'San Fermo']",Duomo,strategy_nearest,False,0.002666950225830078,success
040E8C429C4C80,3,"['Arena', 'Casa Giulietta', 'Torre Lamberti']",Santa Anastasia,"['AMO', 'Museo Conte', 'Palazzo della Ragione', 'Teatro Romano', 'Centro Fotografia']",Duomo,strategy_nearest,False,0.0029098987579345703,success
040E944A9C4C80,0,"['Casa Giulietta', 'Castelvecchio']",Tomba Giulietta,"['San Fermo', 'Museo Storia', 'Arena', 'Museo Lapidario', 'Museo Radio']",Arena,strategy_nearest,True,0.002864837646484375,success
040E984A9C4C81,3,"['Casa Giulietta', 'Arena']",Santa Anastasia,"['AMO', 'Museo Conte', 'Palazzo della Ragione', 'Teatro Romano', 'Centro Fotografia']",Teatro Romano,strategy_nearest,True,0.001447916030883789,success
040E994A9C4C81,3,['Duomo'],Santa Anastasia,"['AMO', 'Museo Conte', 'Palazzo della Ragione', 'Teatro Romano', 'Centro Fotografia']",Arena,strategy_nearest,False,0.002141237258911133,success
040E9A4A9C4C81,0,['Arena'],Casa Giulietta,"['Centro Fotografia', 'Sighseeing', 'Torre Lamberti', 'Museo Conte', 'Museo Radio']",San Fermo,strategy_nearest,False,0.003237009048461914,success
040E9C429C4C81,0,"['Arena', 'Torre Lamberti']",Casa Giulietta,"['Centro Fotografia', 'Sighseeing', 'Museo Conte', 'Museo Radio', 'Palazzo della Ragione']",Duomo,strategy_nearest,False,0.0021958351135253906,success
040E9D4A9C4C81,3,['Arena'],Casa Giulietta,"['Centro Fotografia', 'Sighseeing', 'Torre Lamberti', 'Museo Conte', 'Museo Radio']",Santa Anastasia,strategy_nearest,False,0.00339508056640625,success
040EA0429C4C81,3,['Arena'],Torre Lamberti,"['Sighseeing', 'Centro Fotografia', 'Museo Conte', 'Casa Giulietta', 'Palazzo della Ragione']",Santa Anastasia,strategy_nearest,False,0.002628803253173828,success
040E9E4A9C4C81,3,"['Arena', 'Museo Lapidario', 'Torre Lamberti', 'Casa Giulietta']",San Fermo,"['Museo Storia', 'Museo Radio', 'Centro Fotografia', 'Sighseeing', 'Museo Conte']",Santa Anastasia,strategy_nearest,False,0.002084970474243164,success
040EBC429C4C81,3,['Arena'],San Fermo,"['Museo Storia', 'Museo Radio', 'Casa Giulietta', 'Centro Fotografia', 'Sighseeing']",Teatro Romano,strategy_nearest,False,0.0020329952239990234,success
040EB9429C4C80,1,['Arena'],Casa Giulietta,"['Centro Fotografia', 'Sighseeing', 'Torre Lamberti', 'Museo Conte', 'Museo Radio']",Torre Lamberti,strategy_nearest,True,0.002783060073852539,success
040EA24A9C4C81,3,"['Arena', 'San Fermo']",Torre Lamberti,"['Sighseeing', 'Centro Fotografia', 'Museo Conte', 'Casa Giulietta', 'Palazzo della Ragione']",Santa Anastasia,strategy_nearest,False,0.0034742355346679688,success
040EA84A9C4C80,1,"['Tomba Giulietta', 'Arena', 'Castelvecchio']",Duomo,"['AMO', 'Museo Miniscalchi', 'Santa Anastasia', 'Teatro Romano', 'Palazzo della Ragione']",Teatro Romano,strategy_nearest,True,0.0016262531280517578,success
040EC33A9C4C80,3,"['Arena', 'Castelvecchio']",Santa Anastasia,"['AMO', 'Museo Conte', 'Palazzo della Ragione', 'Teatro Romano', 'Centro Fotografia']",Casa Giulietta,strategy_nearest,False,0.0013399124145507812,success
040EBD429C4C81,1,"['Arena', 'Casa Giulietta']",Torre Lamberti,"['Sighseeing', 'Centro Fotografia', 'Museo Conte', 'Palazzo della Ragione', 'AMO']",Palazzo della Ragione,strategy_nearest,True,0.0033779144287109375,success
040EC0429C4C80,2,['Castelvecchio'],San Fermo,"['Museo Storia', 'Museo Radio', 'Casa Giulietta', 'Centro Fotografia', 'Arena']",Tomba Giulietta,strategy_nearest,False,0.0020117759704589844,success
040ECE3A9C4C81,0,['Arena'],Casa Giulietta,"['Centro Fotografia', 'Sighseeing', 'Torre Lamberti', 'Museo Conte', 'Museo Radio']",Torre Lamberti,strategy_nearest,True,0.002268075942993164,success
040EC73A9C4C81,0,"['Arena', 'Casa Giulietta']",Castelvecchio,"['Museo Lapidario', 'Verona Tour', 'Museo Radio', 'San Zeno', 'Sighseeing']",Tomba Giulietta,strategy_nearest,False,0.004336118698120117,success
040EC53A9C4C81,3,['Arena'],Casa Giulietta,"['Centro Fotografia', 'Sighseeing', 'Torre Lamberti', 'Museo Conte', 'Museo Radio']",Santa Anastasia,strategy_nearest,False,0.0032749176025390625,success
040ECB3A9C4C81,0,['Tomba Giulietta'],Arena,"['Verona Tour', 'Museo Lapidario', 'Museo Radio', 'San Fermo', 'Casa Giulietta']",Casa Giulietta,strategy_nearest,True,0.0017142295837402344,success
040F38429C4C81,3,"['Castelvecchio', 'Arena']",Torre Lamberti,"['Sighseeing', 'Centro Fotografia', 'Museo Conte', 'Casa Giulietta', 'Palazzo della Ragione']",Santa Anastasia,strategy_nearest,False,0.0020360946655273438,success
040EFF3A9C4C81,0,"['Arena', 'Casa Giulietta']",Tomba Giulietta,"['San Fermo', 'Museo Storia', 'Museo Lapidario', 'Museo Radio', 'Verona Tour']",Castelvecchio,strategy_nearest,False,0.002846956253051758,success
040F333A9C4C81,3,"['Santa Anastasia', 'Torre Lamberti']",Casa Giulietta,"['Centro Fotografia', 'Sighseeing', 'Museo Conte', 'Museo Radio', 'Palazzo della Ragione']",Arena,strategy_nearest,False,0.0015857219696044922,success
040EF83A9C4C81,0,['Arena'],Casa Giulietta,"['Centro Fotografia', 'Sighseeing', 'Torre Lamberti', 'Museo Conte', 'Museo Radio']",Santa Anastasia,strategy_nearest,False,0.004294872283935547,success
040F3C429C4C81,0,['Arena'],Teatro Romano,"['Santa Anastasia', 'Duomo', 'AMO', 'Palazzo della Ragione', 'Museo Conte']",Casa Giulietta,strategy_nearest,False,0.0031371116638183594,success
040F47429C4C81,0,['Castelvecchio'],Casa Giulietta,"['Centro Fotografia', 'Sighseeing', 'Torre Lamberti', 'Museo Conte', 'Museo Radio']",Arena,strategy_nearest,False,0.0018351078033447266,success
040F4B3A9C4C81,0,['Arena'],Casa Giulietta,"['Centro Fotografia', 'Sighseeing', 'Torre Lamberti', 'Museo Conte', 'Museo Radio']",Santa Anastasia,strategy_nearest,False,0.0028581619262695312,success
040F513A9C4C81,3,"['Arena', 'Casa Giulietta']",Santa Anastasia,"['AMO', 'Museo Conte', 'Palazzo della Ragione', 'Teatro Romano', 'Centro Fotografia']",Duomo,strategy_nearest,False,0.003202676773071289,success
040F563A9C4C81,3,"['Arena', 'Tomba Giulietta']",Duomo,"['AMO', 'Museo Miniscalchi', 'Santa Anastasia', 'Teatro Romano', 'Palazzo della Ragione']",Santa Anastasia,strategy_nearest,True,0.002401590347290039,success
040F603A9C4C81,0,"['Arena', 'Giardino Giusti', 'Teatro Romano']",Museo Lapidario,"['Verona Tour', 'Castelvecchio', 'Museo Radio', 'San Fermo', 'Casa Giulietta']",Castelvecchio,strategy_nearest,True,0.0031599998474121094,success
040F6F3A9C4C81,3,"['Arena', 'Casa Giulietta', 'Torre Lamberti']",Santa Anastasia,"['AMO', 'Museo Conte', 'Palazzo della Ragione', 'Teatro Romano', 'Centro Fotografia']",Teatro Romano,strategy_nearest,True,0.0034401416778564453,success
040F75429C4C80,2,['Casa Giulietta'],Castelvecchio,"['Museo Lapidario', 'Verona Tour', 'Arena', 'Museo Radio', 'San Zeno']",Santa Anastasia,strategy_nearest,False,0.002492189407348633,success
040F713A9C4C81,3,"['Castelvecchio', 'Torre Lamberti']",Santa Anastasia,"['AMO', 'Museo Conte', 'Palazzo della Ragione', 'Teatro Romano', 'Centro Fotografia']",Duomo,strategy_nearest,False,0.0020380020141601562,success
040F794A9C4C81,2,['Casa Giulietta'],Torre Lamberti,"['Sighseeing', 'Centro Fotografia', 'Museo Conte', 'Palazzo della Ragione', 'AMO']",Santa Anastasia,strategy_nearest,False,0.003091096878051758,success
040F7C4A9C4C80,0,['Casa Giulietta'],Castelvecchio,"['Museo Lapidario', 'Verona Tour', 'Arena', 'Museo Radio', 'San Zeno']",Arena,strategy_nearest,True,0.0026810169219970703,success
040F7D3A9C4C81,2,['Castelvecchio'],Duomo,"['AMO', 'Museo Miniscalchi', 'Santa Anastasia', 'Teatro Romano', 'Palazzo della Ragione']",Teatro Romano,strategy_nearest,True,0.0024080276489257812,success
040F7A4A9C4C81,0,['Arena'],Casa Giulietta,"['Centro Fotografia', 'Sighseeing', 'Torre Lamberti', 'Museo Conte', 'Museo Radio']",Torre Lamberti,strategy_nearest,True,0.0018157958984375,success
040F7E3A9C4C80,3,"['Arena', 'Museo Lapidario', 'Castelvecchio']",Torre Lamberti,"['Sighseeing', 'Centro Fotografia', 'Museo Conte', 'Casa Giulietta', 'Palazzo della Ragione']",Casa Giulietta,strategy_nearest,True,0.0030961036682128906,success
040F7E429C4C80,3,"['Arena', 'Castelvecchio']",Museo Lapidario,"['Verona Tour', 'Museo Radio', 'San Fermo', 'Casa Giulietta', 'Tomba Giulietta']",Tomba Giulietta,strategy_nearest,True,0.0025877952575683594,success
040F7F3A9C4C80,3,"['Arena', 'Casa Giulietta', 'Torre Lamberti']",Santa Anastasia,"['AMO', 'Museo Conte', 'Palazzo della Ragione', 'Teatro Romano', 'Centro Fotografia']",Duomo,strategy_nearest,False,0.002355813980102539,success
040F82429C4C81,3,"['Castelvecchio', 'Arena']",Torre Lamberti,"['Sighseeing', 'Centro Fotografia', 'Museo Conte', 'Casa Giulietta', 'Palazzo della Ragione']",Santa Anastasia,strategy_nearest,False,0.003237009048461914,success
040F844A9C4C81,3,"['Castelvecchio', 'Arena']",Casa Giulietta,"['Centro Fotografia', 'Sighseeing', 'Torre Lamberti', 'Museo Conte', 'Museo Radio']",Torre Lamberti,strategy_nearest,True,0.0029840469360351562,success
040F864A9C4C81,3,"['Santa Anastasia', 'Casa Giulietta']",San Fermo,"['Museo Storia', 'Museo Radio', 'Centro Fotografia', 'Arena', 'Sighseeing']",Tomba Giulietta,strategy_nearest,False,0.0025479793548583984,success
040F86429C4C81,2,['Santa Anastasia'],Torre Lamberti,"['Sighseeing', 'Centro Fotografia', 'Museo Conte', 'Casa Giulietta', 'Palazzo della Ragione']",Museo Storia,strategy_nearest,False,0.0035178661346435547,success
040F87429C4C81,0,"['Arena', 'Torre Lamberti']",San Fermo,"['Museo Storia', 'Museo Radio', 'Casa Giulietta', 'Centro Fotografia', 'Sighseeing']",Museo Storia,strategy_nearest,True,0.0024847984313964844,success
040F914A9C4C80,0,['Casa Giulietta'],Arena,"['Verona Tour', 'Museo Lapidario', 'Museo Radio', 'San Fermo', 'Sighseeing']",Teatro Romano,strategy_nearest,False,0.003084897994995117,success
040F97429C4C81,2,['Duomo'],Castelvecchio,"['Museo Lapidario', 'Verona Tour', 'Arena', 'Museo Radio', 'San Zeno']",San Zeno,strategy_nearest,True,0.0025169849395751953,success
040F924A9C4C80,0,['Arena'],Castelvecchio,"['Museo Lapidario', 'Verona Tour', 'Museo Radio', 'San Zeno', 'Sighseeing']",Casa Giulietta,strategy_nearest,False,0.0032699108123779297,success
040F9B4A9C4C81,0,['Arena'],Torre Lamberti,"['Sighseeing', 'Centro Fotografia', 'Museo Conte', 'Casa Giulietta', 'Palazzo della Ragione']",Casa Giulietta,strategy_nearest,True,0.0022192001342773438,success
040F9C429C4C80,3,['Arena'],Casa Giulietta,"['Centro Fotografia', 'Sighseeing', 'Torre Lamberti', 'Museo Conte', 'Museo Radio']",Santa Anastasia,strategy_nearest,False,0.0032172203063964844,success
040F9E429C4C80,2,"['San Fermo', 'Casa Giulietta']",Torre Lamberti,"['Sighseeing', 'Centro Fotografia', 'Museo Conte', 'Palazzo della Ragione', 'AMO']",Santa Anastasia,strategy_nearest,False,0.002577066421508789,success
040F9F429C4C81,0,['Arena'],San Zeno,"['Castelvecchio', 'Verona Tour', 'Museo Lapidario', 'Museo Miniscalchi', 'Sighseeing']",Castelvecchio,strategy_nearest,True,0.003223896026611328,success
040FA53A9C4C81,2,['Castelvecchio'],Palazzo della Ragione,"['AMO', 'Museo Conte', 'Torre Lamberti', 'Centro Fotografia', 'Sighseeing']",Casa Giulietta,strategy_nearest,False,0.0029523372650146484,success
040FA84A9C4C80,0,['Arena'],Museo Lapidario,"['Verona Tour', 'Castelvecchio', 'Museo Radio', 'San Fermo', 'Casa Giulietta']",Castelvecchio,strategy_nearest,True,0.002716064453125,success
040FA74A9C4C80,0,['Arena'],Museo Lapidario,"['Verona Tour', 'Castelvecchio', 'Museo Radio', 'San Fermo', 'Casa Giulietta']",Castelvecchio,strategy_nearest,True,0.0019409656524658203,success
040FA63A9C4C81,2,['Castelvecchio'],Torre Lamberti,"['Sighseeing', 'Centro Fotografia', 'Museo Conte', 'Casa Giulietta', 'Palazzo della Ragione']",Santa Anastasia,strategy_nearest,False,0.004664182662963867,success
040FAA429C4C81,0,['Arena'],Casa Giulietta,"['Centro Fotografia', 'Sighseeing', 'Torre Lamberti', 'Museo Conte', 'Museo Radio']",Castelvecchio,strategy_nearest,False,0.002608776092529297,success
040FAD3A9C4C81,2,"['Tomba Giulietta', 'Palazzo della Ragione']",Torre Lamberti,"['Sighseeing', 'Centro Fotografia', 'Museo Conte', 'Casa Giulietta', 'AMO']",Casa Giulietta,strategy_nearest,True,0.0023250579833984375,success
040FB43A9C4C80,3,['Arena'],Casa Giulietta,"['Centro Fotografia', 'Sighseeing', 'Torre Lamberti', 'Museo Conte', 'Museo Radio']",Santa Anastasia,strategy_nearest,False,0.0028200149536132812,success
040FAF429C4C81,0,['Arena'],Torre Lamberti,"['Sighseeing', 'Centro Fotografia', 'Museo Conte', 'Casa Giulietta', 'Palazzo della Ragione']",Casa Giulietta,strategy_nearest,True,0.0014007091522216797,success
040FB53A9C4C80,3,"['Santa Anastasia', 'Torre Lamberti']",Casa Giulietta,"['Centro Fotografia', 'Sighseeing', 'Museo Conte', 'Museo Radio', 'Palazzo della Ragione']",Tomba Giulietta,strategy_nearest,False,0.0033867359161376953,success
040FB5429C4C81,0,['Arena'],Castelvecchio,"['Museo Lapidario', 'Verona Tour', 'Museo Radio', 'San Zeno', 'Sighseeing']",Casa Giulietta,strategy_nearest,False,0.00226593017578125,success
040FC63A9C4C81,0,['Arena'],Santa Anastasia,"['AMO', 'Museo Conte', 'Palazzo della Ragione', 'Teatro Romano', 'Centro Fotografia']",Castelvecchio,strategy_nearest,False,0.0021467208862304688,success
040FBE3A9C4C80,3,"['Arena', 'Torre Lamberti']",Santa Anastasia,"['AMO', 'Museo Conte', 'Palazzo della Ragione', 'Teatro Romano', 'Centro Fotografia']",Duomo,strategy_nearest,False,0.0034570693969726562,success
040FC43A9C4C80,3,"['Arena', 'Castelvecchio']",San Zeno,"['Verona Tour', 'Museo Lapidario', 'Museo Miniscalchi', 'Sighseeing', 'Museo Radio']",Torre Lamberti,strategy_nearest,False,0.003467082977294922,success
040FC93A9C4C81,0,['Arena'],Casa Giulietta,"['Centro Fotografia', 'Sighseeing', 'Torre Lamberti', 'Museo Conte', 'Museo Radio']",Santa Anastasia,strategy_nearest,False,0.0015590190887451172,success
040FC73A9C4C80,0,['Arena'],Casa Giulietta,"['Centro Fotografia', 'Sighseeing', 'Torre Lamberti', 'Museo Conte', 'Museo Radio']",Santa Anastasia,strategy_nearest,False,0.0031061172485351562,success
040FD23A9C4C81,1,"['Casa Giulietta', 'Torre Lamberti', 'Palazzo della Ragione', 'Santa Anastasia']",Duomo,"['AMO', 'Museo Miniscalchi', 'Teatro Romano', 'Museo Conte', 'Centro Fotografia']",Castelvecchio,strategy_nearest,False,0.003298044204711914,success
040FDC429C4C81,0,['Casa Giulietta'],Arena,"['Verona Tour', 'Museo Lapidario', 'Museo Radio', 'San Fermo', 'Sighseeing']",Castelvecchio,strategy_nearest,False,0.002640962600708008,success
040FE83A9C4C81,0,['Duomo'],Casa Giulietta,"['Centro Fotografia', 'Sighseeing', 'Torre Lamberti', 'Museo Conte', 'Museo Radio']",Arena,strategy_nearest,False,0.0030291080474853516,success
040FE3429C4C81,3,"['Arena', 'Santa Anastasia']",Castelvecchio,"['Museo Lapidario', 'Verona Tour', 'Museo Radio', 'San Zeno', 'Sighseeing']",Duomo,strategy_nearest,False,0.0027971267700195312,success
040FE8429C4C81,3,"['Arena', 'Museo Lapidario']",Castelvecchio,"['Verona Tour', 'Museo Radio', 'San Zeno', 'Sighseeing', 'Museo Miniscalchi']",Torre Lamberti,strategy_nearest,False,0.0026247501373291016,success
040FEC429C4C81,2,['Castelvecchio'],Duomo,"['AMO', 'Museo Miniscalchi', 'Santa Anastasia', 'Teatro Romano', 'Palazzo della Ragione']",Tomba Giulietta,strategy_nearest,False,0.003139019012451172,success
041035429C4C81,3,"['Casa Giulietta', 'Arena']",Castelvecchio,"['Museo Lapidario', 'Verona Tour', 'Museo Radio', 'San Zeno', 'Sighseeing']",Duomo,strategy_nearest,False,0.002675294876098633,success
04103B429C4C81,3,"['Arena', 'Casa Giulietta', 'Torre Lamberti']",Castelvecchio,"['Museo Lapidario', 'Verona Tour', 'Museo Radio', 'San Zeno', 'Sighseeing']",Duomo,strategy_nearest,False,0.0032041072845458984,success
0410374A9C4C81,1,"['Museo Lapidario', 'Tomba Giulietta', 'Museo Storia']",Teatro Romano,"['Santa Anastasia', 'Duomo', 'AMO', 'Palazzo della Ragione', 'Museo Conte']",Torre Lamberti,strategy_nearest,False,0.0026650428771972656,success
04104B3A9C4C81,0,['Arena'],Castelvecchio,"['Museo Lapidario', 'Verona Tour', 'Museo Radio', 'San Zeno', 'Sighseeing']",Torre Lamberti,strategy_nearest,False,0.0021681785583496094,success
04104D3A9C4C81,3,"['Arena', 'Casa Giulietta']",Santa Anastasia,"['AMO', 'Museo Conte', 'Palazzo della Ragione', 'Teatro Romano', 'Centro Fotografia']",Duomo,strategy_nearest,False,0.002593994140625,success
04104B429C4C81,1,"['Arena', 'Torre Lamberti', 'Palazzo della Ragione']",Teatro Romano,"['Santa Anastasia', 'Duomo', 'AMO', 'Museo Conte', 'Centro Fotografia']",Castelvecchio,strategy_nearest,False,0.0032508373260498047,success
041045429C4C81,0,"['Arena', 'Casa Giulietta']",Castelvecchio,"['Museo Lapidario', 'Verona Tour', 'Museo Radio', 'San Zeno', 'Sighseeing']",Giardino Giusti,strategy_nearest,False,0.0028281211853027344,success
0410533A9C4C81,3,"['Arena', 'Casa Giulietta']",Torre Lamberti,"['Sighseeing', 'Centro Fotografia', 'Museo Conte', 'Palazzo della Ragione', 'AMO']",Santa Anastasia,strategy_nearest,False,0.0015370845794677734,success
0410593A9C4C81,3,"['Casa Giulietta', 'Santa Anastasia']",Arena,"['Verona Tour', 'Museo Lapidario', 'Museo Radio', 'San Fermo', 'Sighseeing']",Castelvecchio,strategy_nearest,False,0.0020761489868164062,success
041052429C4C81,3,"['Arena', 'San Fermo']",Museo Lapidario,"['Verona Tour', 'Castelvecchio', 'Museo Radio', 'Casa Giulietta', 'Tomba Giulietta']",Teatro Romano,strategy_nearest,False,0.00337982177734375,success
04106E3A9C4C80,0,"['Arena', 'Museo Lapidario']",Castelvecchio,"['Verona Tour', 'Museo Radio', 'San Zeno', 'Sighseeing', 'Museo Miniscalchi']",San Fermo,strategy_nearest,False,0.003284931182861328,success
0410793A9C4C81,0,['Arena'],Casa Giulietta,"['Centro Fotografia', 'Sighseeing', 'Torre Lamberti', 'Museo Conte', 'Museo Radio']",Torre Lamberti,strategy_nearest,True,0.001371145248413086,success
0410703A9C4C80,3,['Arena'],Santa Anastasia,"['AMO', 'Museo Conte', 'Palazzo della Ragione', 'Teatro Romano', 'Centro Fotografia']",Duomo,strategy_nearest,False,0.0027468204498291016,success
041074429C4C80,3,"['Torre Lamberti', 'Arena', 'Castelvecchio']",Tomba Giulietta,"['San Fermo', 'Museo Storia', 'Museo Lapidario', 'Museo Radio', 'Verona Tour']",San Fermo,strategy_nearest,True,0.002704143524169922,success
04107B3A9C4C81,3,"['Arena', 'San Fermo', 'Casa Giulietta']",Torre Lamberti,"['Sighseeing', 'Centro Fotografia', 'Museo Conte', 'Palazzo della Ragione', 'AMO']",Santa Anastasia,strategy_nearest,False,0.0034270286560058594,success
04107A4A9C4C81,3,"['Arena', 'Casa Giulietta']",Santa Anastasia,"['AMO', 'Museo Conte', 'Palazzo della Ragione', 'Teatro Romano', 'Centro Fotografia']",Duomo,strategy_nearest,False,0.0034890174865722656,success
04107C429C4C81,0,['Casa Giulietta'],Torre Lamberti,"['Sighseeing', 'Centro Fotografia', 'Museo Conte', 'Palazzo della Ragione', 'AMO']",Arena,strategy_nearest,False,0.0020210742950439453,success
04107D3A9C4C80,0,['Arena'],Museo Lapidario,"['Verona Tour', 'Castelvecchio', 'Museo Radio', 'San Fermo', 'Casa Giulietta']",Castelvecchio,strategy_nearest,True,0.0033080577850341797,success
04108A4A9C4C80,1,"['Arena', 'San Fermo', 'Palazzo della Ragione']",Torre Lamberti,"['Sighseeing', 'Centro Fotografia', 'Museo Conte', 'Casa Giulietta', 'AMO']",Santa Anastasia,strategy_nearest,False,0.0026960372924804688,success
04108A429C4C80,3,"['Arena', 'Casa Giulietta']",Torre Lamberti,"['Sighseeing', 'Centro Fotografia', 'Museo Conte', 'Palazzo della Ragione', 'AMO']",Santa Anastasia,strategy_nearest,False,0.002128124237060547,success
04107F429C4C81,1,"['Arena', 'Castelvecchio', 'Torre Lamberti']",Palazzo della Ragione,"['AMO', 'Museo Conte', 'Centro Fotografia', 'Sighseeing', 'Santa Anastasia']",Santa Anastasia,strategy_nearest,True,0.0022420883178710938,success
041086429C4C80,0,['Santa Anastasia'],Arena,"['Verona Tour', 'Museo Lapidario', 'Museo Radio', 'San Fermo', 'Casa Giulietta']",Castelvecchio,strategy_nearest,False,0.004217863082885742,success
04108E4A9C4C80,0,['Arena'],Casa Giulietta,"['Centro Fotografia', 'Sighseeing', 'Torre Lamberti', 'Museo Conte', 'Museo Radio']",Torre Lamberti,strategy_nearest,True,0.0018107891082763672,success
04108D4A9C4C81,3,"['Arena', 'Duomo']",Teatro Romano,"['Santa Anastasia', 'AMO', 'Palazzo della Ragione', 'Museo Conte', 'Centro Fotografia']",Santa Anastasia,strategy_nearest,True,0.0024650096893310547,success
04108F4A9C4C80,1,"['Arena', 'Casa Giulietta']",Palazzo della Ragione,"['AMO', 'Museo Conte', 'Torre Lamberti', 'Centro Fotografia', 'Sighseeing']",Teatro Romano,strategy_nearest,False,0.003821134567260742,success
0410914A9C4C81,3,"['Torre Lamberti', 'Santa Anastasia']",Duomo,"['AMO', 'Museo Miniscalchi', 'Teatro Romano', 'Palazzo della Ragione', 'Museo Conte']",Castelvecchio,strategy_nearest,False,0.002610921859741211,success
0410924A9C4C81,3,"['Arena', 'Castelvecchio']",Casa Giulietta,"['Centro Fotografia', 'Sighseeing', 'Torre Lamberti', 'Museo Conte', 'Museo Radio']",Santa Anastasia,strategy_nearest,False,0.002736806869506836,success
041097429C4C81,0,['Arena'],Santa Anastasia,"['AMO', 'Museo Conte', 'Palazzo della Ragione', 'Teatro Romano', 'Centro Fotografia']",Casa Giulietta,strategy_nearest,False,0.0033342838287353516,success
04109B4A9C4C80,2,['Castelvecchio'],Casa Giulietta,"['Centro Fotografia', 'Sighseeing', 'Torre Lamberti', 'Museo Conte', 'Museo Radio']",Torre Lamberti,strategy_nearest,True,0.0025300979614257812,success
04109C429C4C81,0,['Arena'],Casa Giulietta,"['Centro Fotografia', 'Sighseeing', 'Torre Lamberti', 'Museo Conte', 'Museo Radio']",Duomo,strategy_nearest,False,0.002629995346069336,success
04109F429C4C80,3,"['Arena', 'Casa Giulietta']",Santa Anastasia,"['AMO', 'Museo Conte', 'Palazzo della Ragione', 'Teatro Romano', 'Centro Fotografia']",Duomo,strategy_nearest,False,0.0026559829711914062,success
04109E4A9C4C80,0,"['Tomba Giulietta', 'San Fermo', 'Casa Giulietta']",Torre Lamberti,"['Sighseeing', 'Centro Fotografia', 'Museo Conte', 'Palazzo della Ragione', 'AMO']",Teatro Romano,strategy_nearest,False,0.0034558773040771484,success
0410A73A9C4C80,3,['Arena'],Casa Giulietta,"['Centro Fotografia', 'Sighseeing', 'Torre Lamberti', 'Museo Conte', 'Museo Radio']",Torre Lamberti,strategy_nearest,True,0.0013980865478515625,success
0410A4429C4C80,0,['Arena'],Duomo,"['AMO', 'Museo Miniscalchi', 'Santa Anastasia', 'Teatro Romano', 'Palazzo della Ragione']",Castelvecchio,strategy_nearest,False,0.0027730464935302734,success
0410A14A9C4C81,0,['Arena'],Casa Giulietta,"['Centro Fotografia', 'Sighseeing', 'Torre Lamberti', 'Museo Conte', 'Museo Radio']",Torre Lamberti,strategy_nearest,True,0.003393888473510742,success
0410A44A9C4C81,2,"['Tomba Giulietta', 'Casa Giulietta', 'Torre Lamberti']",Santa Anastasia,"['AMO', 'Museo Conte', 'Palazzo della Ragione', 'Teatro Romano', 'Centro Fotografia']",Duomo,strategy_nearest,False,0.0039520263671875,success
0410A84A9C4C80,0,['Arena'],Casa Giulietta,"['Centro Fotografia', 'Sighseeing', 'Torre Lamberti', 'Museo Conte', 'Museo Radio']",Torre Lamberti,strategy_nearest,True,0.002214193344116211,success
0410AA3A9C4C81,0,['Castelvecchio'],Arena,"['Verona Tour', 'Museo Lapidario', 'Museo Radio', 'San Fermo', 'Casa Giulietta']",Casa Giulietta,strategy_nearest,True,0.0015349388122558594,success
0410A84A9C4C81,3,"['Arena', 'Castelvecchio']",Casa Giulietta,"['Centro Fotografia', 'Sighseeing', 'Torre Lamberti', 'Museo Conte', 'Museo Radio']",San Fermo,strategy_nearest,False,0.0027878284454345703,success
0410A7429C4C81,1,"['Arena', 'Casa Giulietta']",Palazzo della Ragione,"['AMO', 'Museo Conte', 'Torre Lamberti', 'Centro Fotografia', 'Sighseeing']",San Fermo,strategy_nearest,False,0.004102945327758789,success
0410AA4A9C4C81,1,"['Casa Giulietta', 'Torre Lamberti']",Palazzo della Ragione,"['AMO', 'Museo Conte', 'Centro Fotografia', 'Sighseeing', 'Santa Anastasia']",Arena,strategy_nearest,False,0.0011780261993408203,success
0410AB3A9C4C81,2,"['Palazzo della Ragione', 'Castelvecchio']",Duomo,"['AMO', 'Museo Miniscalchi', 'Santa Anastasia', 'Teatro Romano', 'Museo Conte']",Santa Anastasia,strategy_nearest,True,0.003495931625366211,success
0410AD3A9C4C81,3,"['San Fermo', 'Museo Storia']",Duomo,"['AMO', 'Museo Miniscalchi', 'Santa Anastasia', 'Teatro Romano', 'Palazzo della Ragione']",Casa Giulietta,strategy_nearest,False,0.002830982208251953,success
0410B3429C4C80,3,"['San Zeno', 'Arena']",Santa Anastasia,"['AMO', 'Museo Conte', 'Palazzo della Ragione', 'Teatro Romano', 'Centro Fotografia']",Duomo,strategy_nearest,False,0.0021660327911376953,success
0410BD3A9C4C81,0,['Arena'],Castelvecchio,"['Museo Lapidario', 'Verona Tour', 'Museo Radio', 'San Zeno', 'Sighseeing']",Casa Giulietta,strategy_nearest,False,0.0028963088989257812,success
0410BE3A9C4C81,3,"['Arena', 'Casa Giulietta', 'Torre Lamberti', 'Duomo']",Teatro Romano,"['Santa Anastasia', 'AMO', 'Palazzo della Ragione', 'Museo Conte', 'Centro Fotografia']",Santa Anastasia,strategy_nearest,True,0.002135038375854492,success
0410BD429C4C81,1,['Arena'],Torre Lamberti,"['Sighseeing', 'Centro Fotografia', 'Museo Conte', 'Casa Giulietta', 'Palazzo della Ragione']",Palazzo della Ragione,strategy_nearest,True,0.0027840137481689453,success
0410BF429C4C80,0,['Castelvecchio'],Torre Lamberti,"['Sighseeing', 'Centro Fotografia', 'Museo Conte', 'Casa Giulietta', 'Palazzo della Ragione']",Teatro Romano,strategy_nearest,False,0.003396749496459961,success
0410C03A9C4C81,3,"['Arena', 'Tomba Giulietta']",Casa Giulietta,"['Centro Fotografia', 'Sighseeing', 'Torre Lamberti', 'Museo Conte', 'Museo Radio']",Duomo,strategy_nearest,False,0.00298309326171875,success
0410C13A9C4C81,3,"['Tomba Giulietta', 'Arena']",Casa Giulietta,"['Centro Fotografia', 'Sighseeing', 'Torre Lamberti', 'Museo Conte', 'Museo Radio']",Santa Anastasia,strategy_nearest,False,0.003996133804321289,success
0410C4429C4C81,1,"['Arena', 'Casa Giulietta']",Torre Lamberti,"['Sighseeing', 'Centro Fotografia', 'Museo Conte', 'Palazzo della Ragione', 'AMO']",Palazzo della Ragione,strategy_nearest,True,0.0021698474884033203,success
0410C83A9C4C81,3,"['Arena', 'Casa Giulietta']",Santa Anastasia,"['AMO', 'Museo Conte', 'Palazzo della Ragione', 'Teatro Romano', 'Centro Fotografia']",Torre Lamberti,strategy_nearest,False,0.0025930404663085938,success
0410C13A9C4C80,0,['Arena'],Duomo,"['AMO', 'Museo Miniscalchi', 'Santa Anastasia', 'Teatro Romano', 'Palazzo della Ragione']",Teatro Romano,strategy_nearest,True,0.0030891895294189453,success
0410D43A9C4C81,3,"['Arena', 'Torre Lamberti']",Casa Giulietta,"['Centro Fotografia', 'Sighseeing', 'Museo Conte', 'Museo Radio', 'Palazzo della Ragione']",Santa Anastasia,strategy_nearest,False,0.0014519691467285156,success
0410EC3A9C4C81,2,"['Santa Anastasia', 'Teatro Romano']",Duomo,"['AMO', 'Museo Miniscalchi', 'Palazzo della Ragione', 'Museo Conte', 'Torre Lamberti']",Casa Giulietta,strategy_nearest,False,0.0021140575408935547,success
0410CE3A9C4C80,0,"['Castelvecchio', 'Giardino Giusti']",Casa Giulietta,"['Centro Fotografia', 'Sighseeing', 'Torre Lamberti', 'Museo Conte', 'Museo Radio']",Torre Lamberti,strategy_nearest,True,0.0028748512268066406,success
0410F73A9C4C81,3,"['Arena', 'Castelvecchio', 'Museo Lapidario']",Torre Lamberti,"['Sighseeing', 'Centro Fotografia', 'Museo Conte', 'Casa Giulietta', 'Palazzo della Ragione']",Casa Giulietta,strategy_nearest,True,0.0033960342407226562,success
0410FC429C4C81,3,"['San Fermo', 'Casa Giulietta', 'Torre Lamberti']",Museo Lapidario,"['Verona Tour', 'Arena', 'Castelvecchio', 'Museo Radio', 'Tomba Giulietta']",Castelvecchio,strategy_nearest,True,0.002238035202026367,success
0411364A9C4C81,3,"['Arena', 'Museo Lapidario', 'San Fermo', 'Torre Lamberti']",Casa Giulietta,"['Centro Fotografia', 'Sighseeing', 'Museo Conte', 'Museo Radio', 'Palazzo della Ragione']",Museo Storia,strategy_nearest,False,0.0026209354400634766,success
0410FD3A9C4C81,3,"['Casa Giulietta', 'Torre Lamberti']",Arena,"['Verona Tour', 'Museo Lapidario', 'Museo Radio', 'San Fermo', 'Sighseeing']",Teatro Romano,strategy_nearest,False,0.0034759044647216797,success
0411394A9C4C81,3,"['Santa Anastasia', 'Torre Lamberti', 'Casa Giulietta']",Castelvecchio,"['Museo Lapidario', 'Verona Tour', 'Arena', 'Museo Radio', 'San Zeno']",Arena,strategy_nearest,True,0.0023698806762695312,success
041139429C4C81,0,['Arena'],Casa Giulietta,"['Centro Fotografia', 'Sighseeing', 'Torre Lamberti', 'Museo Conte', 'Museo Radio']",Torre Lamberti,strategy_nearest,True,0.003350973129272461,success
04113A429C4C81,0,['Arena'],Casa Giulietta,"['Centro Fotografia', 'Sighseeing', 'Torre Lamberti', 'Museo Conte', 'Museo Radio']",Torre Lamberti,strategy_nearest,True,0.0033142566680908203,success
0411463A9C4C81,3,"['Santa Anastasia', 'Torre Lamberti']",Casa Giulietta,"['Centro Fotografia', 'Sighseeing', 'Museo Conte', 'Museo Radio', 'Palazzo della Ragione']",Arena,strategy_nearest,False,0.0023872852325439453,success
0411473A9C4C81,3,"['Arena', 'Casa Giulietta', 'Castelvecchio']",Tomba Giulietta,"['San Fermo', 'Museo Storia', 'Museo Lapidario', 'Museo Radio', 'Verona Tour']",San Zeno,strategy_nearest,False,0.002644062042236328,success
0411483A9C4C81,2,['Casa Giulietta'],Santa Anastasia,"['AMO', 'Museo Conte', 'Palazzo della Ragione', 'Teatro Romano', 'Centro Fotografia']",Duomo,strategy_nearest,False,0.0034410953521728516,success
041150429C4C81,2,"['San Zeno', 'Castelvecchio', 'Teatro Romano']",San Fermo,"['Museo Storia', 'Museo Radio', 'Casa Giulietta', 'Centro Fotografia', 'Arena']",Casa Giulietta,strategy_nearest,True,0.0018460750579833984,success
0411603A9C4C81,2,"['Casa Giulietta', 'Santa Anastasia']",Giardino Giusti,"['Teatro Romano', 'Museo Conte', 'Centro Fotografia', 'Museo Storia', 'AMO']",Castelvecchio,strategy_nearest,False,0.002588987350463867,success
0411693A9C4C81,3,"['Arena', 'Casa Giulietta', 'Torre Lamberti', 'Santa Anastasia']",Duomo,"['AMO', 'Museo Miniscalchi', 'Teatro Romano', 'Palazzo della Ragione', 'Museo Conte']",Teatro Romano,strategy_nearest,True,0.0031659603118896484,success
04116D3A9C4C81,1,"['Arena', 'Castelvecchio', 'San Zeno', 'Museo Lapidario']",Casa Giulietta,"['Centro Fotografia', 'Sighseeing', 'Torre Lamberti', 'Museo Conte', 'Museo Radio']",Torre Lamberti,strategy_nearest,True,0.0032958984375,success
0411784A9C4C80,3,"['Tomba Giulietta', 'Arena']",Casa Giulietta,"['Centro Fotografia', 'Sighseeing', 'Torre Lamberti', 'Museo Conte', 'Museo Radio']",Santa Anastasia,strategy_nearest,False,0.002070188522338867,success
04117F429C4C80,2,['Castelvecchio'],Casa Giulietta,"['Centro Fotografia', 'Sighseeing', 'Torre Lamberti', 'Museo Conte', 'Museo Radio']",Teatro Romano,strategy_nearest,False,0.003269195556640625,success
04116B3A9C4C81,4,"['Arena', 'San Zeno', 'Castelvecchio', 'Museo Lapidario', 'San Fermo', 'Casa Giulietta']",Torre Lamberti,"['Sighseeing', 'Centro Fotografia', 'Museo Conte', 'Palazzo della Ragione', 'AMO']",Palazzo della Ragione,strategy_nearest,True,0.002846956253051758,success
041180429C4C80,3,"['Arena', 'Torre Lamberti']",Casa Giulietta,"['Centro Fotografia', 'Sighseeing', 'Museo Conte', 'Museo Radio', 'Palazzo della Ragione']",Santa Anastasia,strategy_nearest,False,0.0040111541748046875,success
041184429C4C80,0,['Arena'],Casa Giulietta,"['Centro Fotografia', 'Sighseeing', 'Torre Lamberti', 'Museo Conte', 'Museo Radio']",Torre Lamberti,strategy_nearest,True,0.002170085906982422,success
041185429C4C81,0,"['Castelvecchio', 'Arena']",Tomba Giulietta,"['San Fermo', 'Museo Storia', 'Museo Lapidario', 'Museo Radio', 'Verona Tour']",San Fermo,strategy_nearest,True,0.002679109573364258,success
0411854A9C4C80,0,['Torre Lamberti'],Arena,"['Verona Tour', 'Museo Lapidario', 'Museo Radio', 'San Fermo', 'Casa Giulietta']",Castelvecchio,strategy_nearest,False,0.0019800662994384766,success
041187429C4C81,0,['Arena'],Castelvecchio,"['Museo Lapidario', 'Verona Tour', 'Museo Radio', 'San Zeno', 'Sighseeing']",Teatro Romano,strategy_nearest,False,0.0016047954559326172,success
0411894A9C4C81,3,"['Arena', 'San Fermo']",Torre Lamberti,"['Sighseeing', 'Centro Fotografia', 'Museo Conte', 'Casa Giulietta', 'Palazzo della Ragione']",Teatro Romano,strategy_nearest,False,0.002788066864013672,success
04118D4A9C4C81,1,['Arena'],Castelvecchio,"['Museo Lapidario', 'Verona Tour', 'Museo Radio', 'San Zeno', 'Sighseeing']",Palazzo della Ragione,strategy_nearest,False,0.003258228302001953,success
04118A429C4C80,3,"['Santa Anastasia', 'Duomo', 'Torre Lamberti']",Casa Giulietta,"['Centro Fotografia', 'Sighseeing', 'Museo Conte', 'Museo Radio', 'Palazzo della Ragione']",Castelvecchio,strategy_nearest,False,0.00203704833984375,success
04118F3A9C4C80,3,"['Arena', 'Torre Lamberti']",Duomo,"['AMO', 'Museo Miniscalchi', 'Santa Anastasia', 'Teatro Romano', 'Palazzo della Ragione']",Teatro Romano,strategy_nearest,True,0.0015141963958740234,success
04118E4A9C4C81,4,"['Arena', 'Casa Giulietta', 'Torre Lamberti']",Santa Anastasia,"['AMO', 'Museo Conte', 'Palazzo della Ragione', 'Teatro Romano', 'Centro Fotografia']",Teatro Romano,strategy_nearest,True,0.0027818679809570312,success
04118E4A9C4C80,0,['Arena'],Santa Anastasia,"['AMO', 'Museo Conte', 'Palazzo della Ragione', 'Teatro Romano', 'Centro Fotografia']",Casa Giulietta,strategy_nearest,False,0.002817869186401367,success
04118F429C4C81,0,['Arena'],Casa Giulietta,"['Centro Fotografia', 'Sighseeing', 'Torre Lamberti', 'Museo Conte', 'Museo Radio']",Torre Lamberti,strategy_nearest,True,0.0032482147216796875,success
041196429C4C80,3,"['Teatro Romano', 'Santa Anastasia']",Torre Lamberti,"['Sighseeing', 'Centro Fotografia', 'Museo Conte', 'Casa Giulietta', 'Palazzo della Ragione']",Casa Giulietta,strategy_nearest,True,0.0028831958770751953,success
0411974A9C4C80,0,['Arena'],Casa Giulietta,"['Centro Fotografia', 'Sighseeing', 'Torre Lamberti', 'Museo Conte', 'Museo Radio']",Teatro Romano,strategy_nearest,False,0.002260923385620117,success
0411914A9C4C81,0,['Arena'],Castelvecchio,"['Museo Lapidario', 'Verona Tour', 'Museo Radio', 'San Zeno', 'Sighseeing']",Casa Giulietta,strategy_nearest,False,0.0028848648071289062,success
041198429C4C80,0,['Arena'],Duomo,"['AMO', 'Museo Miniscalchi', 'Santa Anastasia', 'Teatro Romano', 'Palazzo della Ragione']",Castelvecchio,strategy_nearest,False,0.003480195999145508,success
04119D429C4C80,1,"['Castelvecchio', 'Arena']",Casa Giulietta,"['Centro Fotografia', 'Sighseeing', 'Torre Lamberti', 'Museo Conte', 'Museo Radio']",Torre Lamberti,strategy_nearest,True,0.002656698226928711,success
04119A429C4C80,0,"['Arena', 'Museo Lapidario']",Castelvecchio,"['Verona Tour', 'Museo Radio', 'San Zeno', 'Sighseeing', 'Museo Miniscalchi']",Casa Giulietta,strategy_nearest,False,0.002090930938720703,success
04119E4A9C4C80,2,['Torre Lamberti'],Santa Anastasia,"['AMO', 'Museo Conte', 'Palazzo della Ragione', 'Teatro Romano', 'Centro Fotografia']",Duomo,strategy_nearest,False,0.0032329559326171875,success
04119B4A9C4C81,3,"['Arena', 'Casa Giulietta']",Santa Anastasia,"['AMO', 'Museo Conte', 'Palazzo della Ragione', 'Teatro Romano', 'Centro Fotografia']",Duomo,strategy_nearest,False,0.002624988555908203,success
0411A04A9C4C80,0,"['Arena', 'Casa Giulietta']",Torre Lamberti,"['Sighseeing', 'Centro Fotografia', 'Museo Conte', 'Palazzo della Ragione', 'AMO']",Castelvecchio,strategy_nearest,False,0.0034079551696777344,success
0411A54A9C4C80,3,"['Museo Lapidario', 'Arena', 'San Fermo']",Casa Giulietta,"['Centro Fotografia', 'Sighseeing', 'Torre Lamberti', 'Museo Conte', 'Museo Radio']",Santa Anastasia,strategy_nearest,False,0.0032160282135009766,success
0411A24A9C4C81,2,"['Palazzo della Ragione', 'Torre Lamberti']",Casa Giulietta,"['Centro Fotografia', 'Sighseeing', 'Museo Conte', 'Museo Radio', 'San Fermo']",Santa Anastasia,strategy_nearest,False,0.002785921096801758,success
0411A44A9C4C81,3,"['Arena', 'Casa Giulietta']",Santa Anastasia,"['AMO', 'Museo Conte', 'Palazzo della Ragione', 'Teatro Romano', 'Centro Fotografia']",Torre Lamberti,strategy_nearest,False,0.0013916492462158203,success
0411A7429C4C81,3,['Arena'],Torre Lamberti,"['Sighseeing', 'Centro Fotografia', 'Museo Conte', 'Casa Giulietta', 'Palazzo della Ragione']",Casa Giulietta,strategy_nearest,True,0.0016057491302490234,success
0411A74A9C4C81,1,"['Palazzo della Ragione', 'Torre Lamberti', 'Casa Giulietta']",Castelvecchio,"['Museo Lapidario', 'Verona Tour', 'Arena', 'Museo Radio', 'San Zeno']",Arena,strategy_nearest,True,0.0021240711212158203,success
0411A74A9C4C80,0,['Arena'],Santa Anastasia,"['AMO', 'Museo Conte', 'Palazzo della Ragione', 'Teatro Romano', 'Centro Fotografia']",Castelvecchio,strategy_nearest,False,0.002835988998413086,success
0411A83A9C4C80,3,['Arena'],Casa Giulietta,"['Centro Fotografia', 'Sighseeing', 'Torre Lamberti', 'Museo Conte', 'Museo Radio']",Santa Anastasia,strategy_nearest,False,0.003284931182861328,success
0411AB3A9C4C81,3,"['Arena', 'Museo Lapidario', 'Castelvecchio']",Duomo,"['AMO', 'Museo Miniscalchi', 'Santa Anastasia', 'Teatro Romano', 'Palazzo della Ragione']",Santa Anastasia,strategy_nearest,True,0.0019888877868652344,success
0411A84A9C4C81,1,"['Arena', 'Casa Giulietta']",Palazzo della Ragione,"['AMO', 'Museo Conte', 'Torre Lamberti', 'Centro Fotografia', 'Sighseeing']",Torre Lamberti,strategy_nearest,True,0.0021839141845703125,success
0411AA429C4C81,0,['Arena'],Casa Giulietta,"['Centro Fotografia', 'Sighseeing', 'Torre Lamberti', 'Museo Conte', 'Museo Radio']",Torre Lamberti,strategy_nearest,True,0.0035169124603271484,success
0411AD3A9C4C80,3,['Arena'],Casa Giulietta,"['Centro Fotografia', 'Sighseeing', 'Torre Lamberti', 'Museo Conte', 'Museo Radio']",Santa Anastasia,strategy_nearest,False,0.0033712387084960938,success
0411AE3A9C4C81,0,['Arena'],Casa Giulietta,"['Centro Fotografia', 'Sighseeing', 'Torre Lamberti', 'Museo Conte', 'Museo Radio']",Teatro Romano,strategy_nearest,False,0.0023088455200195312,success
0411B8429C4C81,0,['Arena'],Museo Lapidario,"['Verona Tour', 'Castelvecchio', 'Museo Radio', 'San Fermo', 'Casa Giulietta']",Castelvecchio,strategy_nearest,True,0.003283977508544922,success
0411B4429C4C81,3,['Arena'],Casa Giulietta,"['Centro Fotografia', 'Sighseeing', 'Torre Lamberti', 'Museo Conte', 'Museo Radio']",Santa Anastasia,strategy_nearest,False,0.0022230148315429688,success
0411B13A9C4C81,0,['Arena'],Casa Giulietta,"['Centro Fotografia', 'Sighseeing', 'Torre Lamberti', 'Museo Conte', 'Museo Radio']",Tomba Giulietta,strategy_nearest,False,0.003519773483276367,success
0411BA429C4C80,3,"['Arena', 'Torre Lamberti']",Santa Anastasia,"['AMO', 'Museo Conte', 'Palazzo della Ragione', 'Teatro Romano', 'Centro Fotografia']",Casa Giulietta,strategy_nearest,False,0.0021560192108154297,success
0411C33A9C4C80,3,"['San Zeno', 'San Fermo', 'Casa Giulietta', 'Torre Lamberti']",Arena,"['Verona Tour', 'Museo Lapidario', 'Museo Radio', 'Sighseeing', 'Castelvecchio']",Castelvecchio,strategy_nearest,True,0.0013489723205566406,success
0411BA3A9C4C81,3,"['Arena', 'Castelvecchio']",Torre Lamberti,"['Sighseeing', 'Centro Fotografia', 'Museo Conte', 'Casa Giulietta', 'Palazzo della Ragione']",Casa Giulietta,strategy_nearest,True,0.002866983413696289,success
0411C33A9C4C81,1,"['Castelvecchio', 'Arena', 'Casa Giulietta']",Torre Lamberti,"['Sighseeing', 'Centro Fotografia', 'Museo Conte', 'Palazzo della Ragione', 'AMO']",Palazzo della Ragione,strategy_nearest,True,0.0032958984375,success
0411CD3A9C4C81,3,"['Arena', 'Teatro Romano']",Duomo,"['AMO', 'Museo Miniscalchi', 'Santa Anastasia', 'Palazzo della Ragione', 'Museo Conte']",Castelvecchio,strategy_nearest,False,0.0027480125427246094,success
0411C93A9C4C80,3,"['Tomba Giulietta', 'Arena']",Casa Giulietta,"['Centro Fotografia', 'Sighseeing', 'Torre Lamberti', 'Museo Conte', 'Museo Radio']",Santa Anastasia,strategy_nearest,False,0.0029039382934570312,success
0411C5429C4C80,2,['Casa Giulietta'],Santa Anastasia,"['AMO', 'Museo Conte', 'Palazzo della Ragione', 'Teatro Romano', 'Centro Fotografia']",Duomo,strategy_nearest,False,0.002929210662841797,success
0411CD3A9C4C80,3,"['Arena', 'Castelvecchio']",Santa Anastasia,"['AMO', 'Museo Conte', 'Palazzo della Ragione', 'Teatro Romano', 'Centro Fotografia']",Duomo,strategy_nearest,False,0.0034699440002441406,success
0411F9429C4C81,0,['Arena'],San Fermo,"['Museo Storia', 'Museo Radio', 'Casa Giulietta', 'Centro Fotografia', 'Sighseeing']",Casa Giulietta,strategy_nearest,True,0.0020689964294433594,success
0411D63A9C4C81,3,"['Arena', 'Casa Giulietta']",Santa Anastasia,"['AMO', 'Museo Conte', 'Palazzo della Ragione', 'Teatro Romano', 'Centro Fotografia']",Teatro Romano,strategy_nearest,True,0.0016188621520996094,success
0411D33A9C4C80,3,"['Arena', 'Museo Lapidario', 'Torre Lamberti']",Casa Giulietta,"['Centro Fotografia', 'Sighseeing', 'Museo Conte', 'Museo Radio', 'Palazzo della Ragione']",Santa Anastasia,strategy_nearest,False,0.0034999847412109375,success
0411D13A9C4C80,0,['Arena'],Museo Lapidario,"['Verona Tour', 'Castelvecchio', 'Museo Radio', 'San Fermo', 'Casa Giulietta']",Casa Giulietta,strategy_nearest,True,0.002882242202758789,success
0412543A9C4C81,3,"['Arena', 'Duomo']",Santa Anastasia,"['AMO', 'Museo Conte', 'Palazzo della Ragione', 'Teatro Romano', 'Centro Fotografia']",Casa Giulietta,strategy_nearest,False,0.0020761489868164062,success
0411FD3A9C4C81,0,['Castelvecchio'],San Zeno,"['Verona Tour', 'Museo Lapidario', 'Arena', 'Museo Miniscalchi', 'Sighseeing']",Arena,strategy_nearest,True,0.004111051559448242,success
041238429C4C81,0,['Arena'],Casa Giulietta,"['Centro Fotografia', 'Sighseeing', 'Torre Lamberti', 'Museo Conte', 'Museo Radio']",Santa Anastasia,strategy_nearest,False,0.002885103225708008,success
04123A429C4C81,3,"['Arena', 'San Fermo', 'Casa Giulietta', 'Torre Lamberti']",Santa Anastasia,"['AMO', 'Museo Conte', 'Palazzo della Ragione', 'Teatro Romano', 'Centro Fotografia']",Teatro Romano,strategy_nearest,True,0.0016326904296875,success
0412783A9C4C80,3,"['Arena', 'Casa Giulietta']",Torre Lamberti,"['Sighseeing', 'Centro Fotografia', 'Museo Conte', 'Palazzo della Ragione', 'AMO']",Santa Anastasia,strategy_nearest,False,0.0020990371704101562,success
041269429C4C81,3,"['Casa Giulietta', 'Torre Lamberti', 'Santa Anastasia']",Teatro Romano,"['Duomo', 'AMO', 'Palazzo della Ragione', 'Museo Conte', 'Centro Fotografia']",Duomo,strategy_nearest,True,0.0016438961029052734,success
041271429C4C80,3,"['Duomo', 'Arena']",San Fermo,"['Museo Storia', 'Museo Radio', 'Casa Giulietta', 'Centro Fotografia', 'Sighseeing']",San Zeno,strategy_nearest,False,0.0033919811248779297,success
0412683A9C4C81,0,['Arena'],Casa Giulietta,"['Centro Fotografia', 'Sighseeing', 'Torre Lamberti', 'Museo Conte', 'Museo Radio']",Castelvecchio,strategy_nearest,False,0.0028820037841796875,success
041278429C4C81,2,['Casa Giulietta'],Torre Lamberti,"['Sighseeing', 'Centro Fotografia', 'Museo Conte', 'Palazzo della Ragione', 'AMO']",Santa Anastasia,strategy_nearest,False,0.0016338825225830078,success
04127B3A9C4C81,3,['Arena'],Santa Anastasia,"['AMO', 'Museo Conte', 'Palazzo della Ragione', 'Teatro Romano', 'Centro Fotografia']",Teatro Romano,strategy_nearest,True,0.0026369094848632812,success
04127A429C4C81,1,"['Arena', 'Museo Lapidario', 'Palazzo della Ragione']",Torre Lamberti,"['Sighseeing', 'Centro Fotografia', 'Museo Conte', 'Casa Giulietta', 'AMO']",Santa Anastasia,strategy_nearest,False,0.002238035202026367,success
041278429C4C80,2,['Santa Anastasia'],Torre Lamberti,"['Sighseeing', 'Centro Fotografia', 'Museo Conte', 'Casa Giulietta', 'Palazzo della Ragione']",Casa Giulietta,strategy_nearest,True,0.0036716461181640625,success
04127C429C4C81,1,"['Casa Giulietta', 'Arena']",Castelvecchio,"['Museo Lapidario', 'Verona Tour', 'Museo Radio', 'San Zeno', 'Sighseeing']",Torre Lamberti,strategy_nearest,False,0.001638174057006836,success
04127E3A9C4C80,0,['Arena'],Casa Giulietta,"['Centro Fotografia', 'Sighseeing', 'Torre Lamberti', 'Museo Conte', 'Museo Radio']",Torre Lamberti,strategy_nearest,True,0.002652883529663086,success
041281429C4C80,0,['Casa Giulietta'],Arena,"['Verona Tour', 'Museo Lapidario', 'Museo Radio', 'San Fermo', 'Sighseeing']",Castelvecchio,strategy_nearest,False,0.003364086151123047,success
0412824A9C4C80,0,['Casa Giulietta'],Tomba Giulietta,"['San Fermo', 'Museo Storia', 'Arena', 'Museo Lapidario', 'Museo Radio']",Arena,strategy_nearest,True,0.0030677318572998047,success
041285429C4C81,2,['Castelvecchio'],Santa Anastasia,"['AMO', 'Museo Conte', 'Palazzo della Ragione', 'Teatro Romano', 'Centro Fotografia']",Torre Lamberti,strategy_nearest,False,0.001397848129272461,success
0412854A9C4C80,3,"['San Fermo', 'Arena']",Santa Anastasia,"['AMO', 'Museo Conte', 'Palazzo della Ragione', 'Teatro Romano', 'Centro Fotografia']",Duomo,strategy_nearest,False,0.0024809837341308594,success
0412844A9C4C81,3,"['Arena', 'Torre Lamberti']",Santa Anastasia,"['AMO', 'Museo Conte', 'Palazzo della Ragione', 'Teatro Romano', 'Centro Fotografia']",Duomo,strategy_nearest,False,0.003222227096557617,success
0412863A9C4C81,0,['Arena'],Casa Giulietta,"['Centro Fotografia', 'Sighseeing', 'Torre Lamberti', 'Museo Conte', 'Museo Radio']",Torre Lamberti,strategy_nearest,True,0.0033359527587890625,success
041286429C4C81,3,"['Arena', 'Castelvecchio', 'San Fermo']",Giardino Giusti,"['Santa Anastasia', 'Teatro Romano', 'Museo Conte', 'Centro Fotografia', 'Museo Storia']",Teatro Romano,strategy_nearest,True,0.002008676528930664,success
0412894A9C4C81,3,"['Arena', 'Castelvecchio']",Casa Giulietta,"['Centro Fotografia', 'Sighseeing', 'Torre Lamberti', 'Museo Conte', 'Museo Radio']",Santa Anastasia,strategy_nearest,False,0.002454042434692383,success
041287429C4C81,3,"['Arena', 'Casa Giulietta']",Torre Lamberti,"['Sighseeing', 'Centro Fotografia', 'Museo Conte', 'Palazzo della Ragione', 'AMO']",Duomo,strategy_nearest,False,0.0028841495513916016,success
041288429C4C80,3,['Arena'],Santa Anastasia,"['AMO', 'Museo Conte', 'Palazzo della Ragione', 'Teatro Romano', 'Centro Fotografia']",Torre Lamberti,strategy_nearest,False,0.0031151771545410156,success
0412954A9C4C80,0,['Santa Anastasia'],Arena,"['Verona Tour', 'Museo Lapidario', 'Museo Radio', 'San Fermo', 'Casa Giulietta']",Tomba Giulietta,strategy_nearest,False,0.002048969268798828,success
0412944A9C4C81,0,"['San Zeno', 'Arena']",Casa Giulietta,"['Centro Fotografia', 'Sighseeing', 'Torre Lamberti', 'Museo Conte', 'Museo Radio']",Torre Lamberti,strategy_nearest,True,0.0033028125762939453,success
04128E429C4C80,3,"['Castelvecchio', 'Arena', 'San Fermo']",Casa Giulietta,"['Centro Fotografia', 'Sighseeing', 'Torre Lamberti', 'Museo Conte', 'Museo Radio']",Torre Lamberti,strategy_nearest,True,0.002725839614868164,success
041296429C4C80,3,"['Arena', 'Museo Lapidario']",Castelvecchio,"['Verona Tour', 'Museo Radio', 'San Zeno', 'Sighseeing', 'Museo Miniscalchi']",Duomo,strategy_nearest,False,0.002563953399658203,success
0412A24A9C4C81,3,"['Arena', 'Casa Giulietta']",Torre Lamberti,"['Sighseeing', 'Centro Fotografia', 'Museo Conte', 'Palazzo della Ragione', 'AMO']",Santa Anastasia,strategy_nearest,False,0.001996755599975586,success
04129E4A9C4C81,1,"['Arena', 'Torre Lamberti', 'Palazzo della Ragione']",Casa Giulietta,"['Centro Fotografia', 'Sighseeing', 'Museo Conte', 'Museo Radio', 'San Fermo']",Santa Anastasia,strategy_nearest,False,0.002753019332885742,success
04129A429C4C80,3,"['Arena', 'Casa Giulietta']",Torre Lamberti,"['Sighseeing', 'Centro Fotografia', 'Museo Conte', 'Palazzo della Ragione', 'AMO']",Santa Anastasia,strategy_nearest,False,0.0017001628875732422,success
04129B429C4C80,3,"['Arena', 'Tomba Giulietta']",San Fermo,"['Museo Storia', 'Museo Radio', 'Casa Giulietta', 'Centro Fotografia', 'Sighseeing']",Casa Giulietta,strategy_nearest,True,0.0033957958221435547,success
0412A34A9C4C80,0,['Arena'],Torre Lamberti,"['Sighseeing', 'Centro Fotografia', 'Museo Conte', 'Casa Giulietta', 'Palazzo della Ragione']",Casa Giulietta,strategy_nearest,True,0.00203704833984375,success
0412A34A9C4C81,0,['Castelvecchio'],Arena,"['Verona Tour', 'Museo Lapidario', 'Museo Radio', 'San Fermo', 'Casa Giulietta']",Museo Lapidario,strategy_nearest,True,0.002820253372192383,success
0412A5429C4C81,0,"['Arena', 'Casa Giulietta']",Duomo,"['AMO', 'Museo Miniscalchi', 'Santa Anastasia', 'Teatro Romano', 'Palazzo della Ragione']",Teatro Romano,strategy_nearest,True,0.001271963119506836,success
0412A63A9C4C81,0,"['Arena', 'Torre Lamberti']",Casa Giulietta,"['Centro Fotografia', 'Sighseeing', 'Museo Conte', 'Museo Radio', 'Palazzo della Ragione']",Duomo,strategy_nearest,False,0.0032660961151123047,success
0412A64A9C4C81,1,"['Arena', 'Casa Giulietta']",Duomo,"['AMO', 'Museo Miniscalchi', 'Santa Anastasia', 'Teatro Romano', 'Palazzo della Ragione']",Palazzo della Ragione,strategy_nearest,True,0.002212047576904297,success
0412AA4A9C4C80,3,['Arena'],Casa Giulietta,"['Centro Fotografia', 'Sighseeing', 'Torre Lamberti', 'Museo Conte', 'Museo Radio']",Santa Anastasia,strategy_nearest,False,0.002627849578857422,success
0412A64A9C4C80,1,"['Castelvecchio', 'Arena']",Torre Lamberti,"['Sighseeing', 'Centro Fotografia', 'Museo Conte', 'Casa Giulietta', 'Palazzo della Ragione']",Palazzo della Ragione,strategy_nearest,True,0.0014789104461669922,success
0412AA429C4C81,3,"['Arena', 'Castelvecchio', 'Museo Lapidario']",Casa Giulietta,"['Centro Fotografia', 'Sighseeing', 'Torre Lamberti', 'Museo Conte', 'Museo Radio']",San Fermo,strategy_nearest,False,0.0034139156341552734,success
0412AD3A9C4C81,3,"['Arena', 'Museo Lapidario', 'San Fermo']",Casa Giulietta,"['Centro Fotografia', 'Sighseeing', 'Torre Lamberti', 'Museo Conte', 'Museo Radio']",Torre Lamberti,strategy_nearest,True,0.0022101402282714844,success
0412AA4A9C4C81,2,['Castelvecchio'],San Zeno,"['Verona Tour', 'Museo Lapidario', 'Arena', 'Museo Miniscalchi', 'Sighseeing']",Teatro Romano,strategy_nearest,False,0.0028162002563476562,success
0412AE429C4C80,1,"['Arena', 'Castelvecchio']",San Fermo,"['Museo Storia', 'Museo Radio', 'Casa Giulietta', 'Centro Fotografia', 'Sighseeing']",Torre Lamberti,strategy_nearest,False,0.0028350353240966797,success
0412AF429C4C81,3,"['Arena', 'Torre Lamberti']",Casa Giulietta,"['Centro Fotografia', 'Sighseeing', 'Museo Conte', 'Museo Radio', 'Palazzo della Ragione']",Santa Anastasia,strategy_nearest,False,0.0032510757446289062,success
0412BF3A9C4C81,0,['Arena'],Casa Giulietta,"['Centro Fotografia', 'Sighseeing', 'Torre Lamberti', 'Museo Conte', 'Museo Radio']",Torre Lamberti,strategy_nearest,True,0.0021066665649414062,success
0412BC429C4C81,2,"['San Zeno', 'Duomo']",Santa Anastasia,"['AMO', 'Museo Conte', 'Palazzo della Ragione', 'Teatro Romano', 'Centro Fotografia']",Torre Lamberti,strategy_nearest,False,0.0035626888275146484,success
0412B83A9C4C80,1,"['Arena', 'Palazzo della Ragione']",Torre Lamberti,"['Sighseeing', 'Centro Fotografia', 'Museo Conte', 'Casa Giulietta', 'AMO']",Casa Giulietta,strategy_nearest,True,0.0028839111328125,success
0412BF3A9C4C80,3,"['Arena', 'Torre Lamberti']",Santa Anastasia,"['AMO', 'Museo Conte', 'Palazzo della Ragione', 'Teatro Romano', 'Centro Fotografia']",Duomo,strategy_nearest,False,0.002892017364501953,success
0412C33A9C4C80,0,"['Arena', 'Casa Giulietta']",Torre Lamberti,"['Sighseeing', 'Centro Fotografia', 'Museo Conte', 'Palazzo della Ragione', 'AMO']",Teatro Romano,strategy_nearest,False,0.0014760494232177734,success
0412C63A9C4C80,3,"['Arena', 'Tomba Giulietta']",San Fermo,"['Museo Storia', 'Museo Radio', 'Casa Giulietta', 'Centro Fotografia', 'Sighseeing']",Casa Giulietta,strategy_nearest,True,0.0027799606323242188,success
0412C2429C4C80,2,['Castelvecchio'],Torre Lamberti,"['Sighseeing', 'Centro Fotografia', 'Museo Conte', 'Casa Giulietta', 'Palazzo della Ragione']",Duomo,strategy_nearest,False,0.002135038375854492,success
0412C6429C4C81,0,['Arena'],Casa Giulietta,"['Centro Fotografia', 'Sighseeing', 'Torre Lamberti', 'Museo Conte', 'Museo Radio']",Castelvecchio,strategy_nearest,False,0.003423929214477539,success
0412CA3A9C4C80,0,['Arena'],Torre Lamberti,"['Sighseeing', 'Centro Fotografia', 'Museo Conte', 'Casa Giulietta', 'Palazzo della Ragione']",Casa Giulietta,strategy_nearest,True,0.0022819042205810547,success
0412E73A9C4C81,2,['Casa Giulietta'],Santa Anastasia,"['AMO', 'Museo Conte', 'Palazzo della Ragione', 'Teatro Romano', 'Centro Fotografia']",Teatro Romano,strategy_nearest,True,0.002541780471801758,success
0412D73A9C4C81,3,"['Santa Anastasia', 'Torre Lamberti']",Casa Giulietta,"['Centro Fotografia', 'Sighseeing', 'Museo Conte', 'Museo Radio', 'Palazzo della Ragione']",Arena,strategy_nearest,False,0.0025959014892578125,success
0412D1429C4C81,3,"['Castelvecchio', 'Arena', 'Duomo']",Teatro Romano,"['Santa Anastasia', 'AMO', 'Palazzo della Ragione', 'Museo Conte', 'Centro Fotografia']",Santa Anastasia,strategy_nearest,True,0.002708911895751953,success
0412D83A9C4C81,3,"['Santa Anastasia', 'Torre Lamberti']",Casa Giulietta,"['Centro Fotografia', 'Sighseeing', 'Museo Conte', 'Museo Radio', 'Palazzo della Ragione']",Arena,strategy_nearest,False,0.0032389163970947266,success
0412E93A9C4C81,0,['Arena'],Casa Giulietta,"['Centro Fotografia', 'Sighseeing', 'Torre Lamberti', 'Museo Conte', 'Museo Radio']",Tomba Giulietta,strategy_nearest,False,0.0027048587799072266,success
0412EC3A9C4C81,0,"['Castelvecchio', 'Arena']",Casa Giulietta,"['Centro Fotografia', 'Sighseeing', 'Torre Lamberti', 'Museo Conte', 'Museo Radio']",Torre Lamberti,strategy_nearest,True,0.0020291805267333984,success
0412FC429C4C81,1,"['Arena', 'Giardino Giusti', 'Torre Lamberti', 'Santa Anastasia', 'Teatro Romano']",Duomo,"['AMO', 'Museo Miniscalchi', 'Palazzo della Ragione', 'Museo Conte', 'Centro Fotografia']",Castelvecchio,strategy_nearest,False,0.003379344940185547,success
0412FB429C4C81,3,"['Arena', 'Santa Anastasia']",Duomo,"['AMO', 'Museo Miniscalchi', 'Teatro Romano', 'Palazzo della Ragione', 'Museo Conte']",Torre Lamberti,strategy_nearest,False,0.0028531551361083984,success
04134B429C4C81,3,"['Castelvecchio', 'Arena', 'San Fermo']",Duomo,"['AMO', 'Museo Miniscalchi', 'Santa Anastasia', 'Teatro Romano', 'Palazzo della Ragione']",Torre Lamberti,strategy_nearest,False,0.002045154571533203,success
0413003A9C4C85,0,"['Arena', 'Casa Giulietta']",Torre Lamberti,"['Sighseeing', 'Centro Fotografia', 'Museo Conte', 'Palazzo della Ragione', 'AMO']",Teatro Romano,strategy_nearest,False,0.0040781497955322266,success
04134B3A9C4C81,3,"['Arena', 'Torre Lamberti']",Santa Anastasia,"['AMO', 'Museo Conte', 'Palazzo della Ragione', 'Teatro Romano', 'Centro Fotografia']",Duomo,strategy_nearest,False,0.003336191177368164,success
041345429C4C81,3,"['Arena', 'Casa Giulietta', 'Torre Lamberti']",Duomo,"['AMO', 'Museo Miniscalchi', 'Santa Anastasia', 'Teatro Romano', 'Palazzo della Ragione']",Teatro Romano,strategy_nearest,True,0.002262115478515625,success
04134F429C4C81,3,"['Arena', 'Torre Lamberti']",Casa Giulietta,"['Centro Fotografia', 'Sighseeing', 'Museo Conte', 'Museo Radio', 'Palazzo della Ragione']",Santa Anastasia,strategy_nearest,False,0.0015711784362792969,success
04134C3A9C4C81,3,"['Santa Anastasia', 'Teatro Romano']",Museo Storia,"['San Fermo', 'Museo Radio', 'Casa Giulietta', 'Centro Fotografia', 'Tomba Giulietta']",Arena,strategy_nearest,False,0.0023059844970703125,success
041356429C4C81,3,"['Duomo', 'Santa Anastasia']",Castelvecchio,"['Museo Lapidario', 'Verona Tour', 'Arena', 'Museo Radio', 'San Zeno']",Arena,strategy_nearest,True,0.0032918453216552734,success
04134E429C4C81,3,"['Arena', 'Santa Anastasia']",Duomo,"['AMO', 'Museo Miniscalchi', 'Teatro Romano', 'Palazzo della Ragione', 'Museo Conte']",Teatro Romano,strategy_nearest,True,0.0028657913208007812,success
0413573A9C4C81,3,"['Arena', 'Casa Giulietta']",Torre Lamberti,"['Sighseeing', 'Centro Fotografia', 'Museo Conte', 'Palazzo della Ragione', 'AMO']",Santa Anastasia,strategy_nearest,False,0.002028942108154297,success
04135E3A9C4C81,3,"['Santa Anastasia', 'Torre Lamberti', 'Casa Giulietta']",Tomba Giulietta,"['San Fermo', 'Museo Storia', 'Arena', 'Museo Lapidario', 'Museo Radio']",Arena,strategy_nearest,True,0.0020380020141601562,success
04136A3A9C4C80,1,"['Arena', 'Casa Giulietta', 'Palazzo della Ragione']",Torre Lamberti,"['Sighseeing', 'Centro Fotografia', 'Museo Conte', 'AMO', 'Museo Miniscalchi']",Torre Lamberti,strategy_nearest,False,0.0033140182495117188,success
041359429C4C81,3,"['Casa Giulietta', 'Torre Lamberti', 'Tomba Giulietta']",Arena,"['Verona Tour', 'Museo Lapidario', 'Museo Radio', 'San Fermo', 'Sighseeing']",Museo Lapidario,strategy_nearest,True,0.003371000289916992,success
04136E3A9C4C81,3,"['Castelvecchio', 'San Fermo']",Casa Giulietta,"['Centro Fotografia', 'Sighseeing', 'Torre Lamberti', 'Museo Conte', 'Museo Radio']",Arena,strategy_nearest,False,0.0020589828491210938,success
041371429C4C81,0,['Arena'],Torre Lamberti,"['Sighseeing', 'Centro Fotografia', 'Museo Conte', 'Casa Giulietta', 'Palazzo della Ragione']",Casa Giulietta,strategy_nearest,True,0.0026140213012695312,success
0413794A9C4C81,3,['Arena'],Duomo,"['AMO', 'Museo Miniscalchi', 'Santa Anastasia', 'Teatro Romano', 'Palazzo della Ragione']",Santa Anastasia,strategy_nearest,True,0.0032372474670410156,success
04136C3A9C4C81,3,['Arena'],San Fermo,"['Museo Storia', 'Museo Radio', 'Casa Giulietta', 'Centro Fotografia', 'Sighseeing']",Duomo,strategy_nearest,False,0.002702951431274414,success
04137F429C4C80,3,"['Casa Giulietta', 'Teatro Romano']",Duomo,"['AMO', 'Museo Miniscalchi', 'Santa Anastasia', 'Palazzo della Ragione', 'Museo Conte']",Torre Lamberti,strategy_nearest,False,0.0020089149475097656,success
04137E429C4C81,0,['Castelvecchio'],Duomo,"['AMO', 'Museo Miniscalchi', 'Santa Anastasia', 'Teatro Romano', 'Palazzo della Ragione']",Arena,strategy_nearest,False,0.0015590190887451172,success
04137A429C4C80,2,['Torre Lamberti'],Duomo,"['AMO', 'Museo Miniscalchi', 'Santa Anastasia', 'Teatro Romano', 'Palazzo della Ragione']",Teatro Romano,strategy_nearest,True,0.0034019947052001953,success
04137E4A9C4C81,1,['Arena'],Palazzo della Ragione,"['AMO', 'Museo Conte', 'Torre Lamberti', 'Centro Fotografia', 'Sighseeing']",Torre Lamberti,strategy_nearest,True,0.0033550262451171875,success
0413813A9C4C80,0,['Arena'],Giardino Giusti,"['Santa Anastasia', 'Teatro Romano', 'Museo Conte', 'Centro Fotografia', 'Museo Storia']",San Zeno,strategy_nearest,False,0.0027878284454345703,success
04137F429C4C81,2,['Casa Giulietta'],Santa Anastasia,"['AMO', 'Museo Conte', 'Palazzo della Ragione', 'Teatro Romano', 'Centro Fotografia']",Duomo,strategy_nearest,False,0.0016260147094726562,success
041382429C4C80,0,"['Arena', 'Museo Lapidario', 'Castelvecchio']",Casa Giulietta,"['Centro Fotografia', 'Sighseeing', 'Torre Lamberti', 'Museo Conte', 'Museo Radio']",Torre Lamberti,strategy_nearest,True,0.0032739639282226562,success
041384429C4C81,0,['Arena'],Teatro Romano,"['Santa Anastasia', 'Duomo', 'AMO', 'Palazzo della Ragione', 'Museo Conte']",Castelvecchio,strategy_nearest,False,0.0020499229431152344,success
0413854A9C4C80,0,['Torre Lamberti'],Arena,"['Verona Tour', 'Museo Lapidario', 'Museo Radio', 'San Fermo', 'Casa Giulietta']",Castelvecchio,strategy_nearest,False,0.0020139217376708984,success
041385429C4C80,1,"['Casa Giulietta', 'Arena', 'Museo Lapidario', 'Museo Lapidario']",Castelvecchio,"['Verona Tour', 'Museo Radio', 'San Zeno', 'Sighseeing', 'Museo Miniscalchi']",Tomba Giulietta,strategy_nearest,False,0.0015149116516113281,success
0413844A9C4C81,0,['Arena'],Casa Giulietta,"['Centro Fotografia', 'Sighseeing', 'Torre Lamberti', 'Museo Conte', 'Museo Radio']",Castelvecchio,strategy_nearest,False,0.0028078556060791016,success
0413853A9C4C80,3,"['Arena', 'Casa Giulietta']",Santa Anastasia,"['AMO', 'Museo Conte', 'Palazzo della Ragione', 'Teatro Romano', 'Centro Fotografia']",Duomo,strategy_nearest,False,0.0034911632537841797,success
04138B429C4C80,0,['Casa Giulietta'],Torre Lamberti,"['Sighseeing', 'Centro Fotografia', 'Museo Conte', 'Palazzo della Ragione', 'AMO']",Castelvecchio,strategy_nearest,False,0.0025641918182373047,success
0413874A9C4C81,3,['Arena'],Torre Lamberti,"['Sighseeing', 'Centro Fotografia', 'Museo Conte', 'Casa Giulietta', 'Palazzo della Ragione']",Duomo,strategy_nearest,False,0.0027971267700195312,success
041387429C4C80,0,['Casa Giulietta'],Arena,"['Verona Tour', 'Museo Lapidario', 'Museo Radio', 'San Fermo', 'Sighseeing']",Castelvecchio,strategy_nearest,False,0.004044055938720703,success
0413894A9C4C81,3,"['Museo Lapidario', 'Arena']",Casa Giulietta,"['Centro Fotografia', 'Sighseeing', 'Torre Lamberti', 'Museo Conte', 'Museo Radio']",Santa Anastasia,strategy_nearest,False,0.0015599727630615234,success
041394429C4C80,0,['Arena'],Casa Giulietta,"['Centro Fotografia', 'Sighseeing', 'Torre Lamberti', 'Museo Conte', 'Museo Radio']",Torre Lamberti,strategy_nearest,True,0.002045869827270508,success
0413944A9C4C81,3,['Arena'],Santa Anastasia,"['AMO', 'Museo Conte', 'Palazzo della Ragione', 'Teatro Romano', 'Centro Fotografia']",Torre Lamberti,strategy_nearest,False,0.002665996551513672,success
0413914A9C4C81,0,['Arena'],Castelvecchio,"['Museo Lapidario', 'Verona Tour', 'Museo Radio', 'San Zeno', 'Sighseeing']",Torre Lamberti,strategy_nearest,False,0.003652811050415039,success
04138E4A9C4C80,0,['Arena'],Santa Anastasia,"['AMO', 'Museo Conte', 'Palazzo della Ragione', 'Teatro Romano', 'Centro Fotografia']",Casa Giulietta,strategy_nearest,False,0.0013890266418457031,success
0413964A9C4C81,2,"['Castelvecchio', 'Santa Anastasia']",Torre Lamberti,"['Sighseeing', 'Centro Fotografia', 'Museo Conte', 'Casa Giulietta', 'Palazzo della Ragione']",Casa Giulietta,strategy_nearest,True,0.001811981201171875,success
041398429C4C80,0,['Arena'],Casa Giulietta,"['Centro Fotografia', 'Sighseeing', 'Torre Lamberti', 'Museo Conte', 'Museo Radio']",Santa Anastasia,strategy_nearest,False,0.002727985382080078,success
04139B429C4C80,3,"['Arena', 'Torre Lamberti']",Santa Anastasia,"['AMO', 'Museo Conte', 'Palazzo della Ragione', 'Teatro Romano', 'Centro Fotografia']",Duomo,strategy_nearest,False,0.002939939498901367,success
04139E429C4C81,1,['Arena'],Santa Anastasia,"['AMO', 'Museo Conte', 'Palazzo della Ragione', 'Teatro Romano', 'Centro Fotografia']",Duomo,strategy_nearest,False,0.003454923629760742,success
0413A04A9C4C80,1,"['Arena', 'Casa Giulietta']",Torre Lamberti,"['Sighseeing', 'Centro Fotografia', 'Museo Conte', 'Palazzo della Ragione', 'AMO']",Palazzo della Ragione,strategy_nearest,True,0.0020787715911865234,success
04139F4A9C4C80,0,['Tomba Giulietta'],Arena,"['Verona Tour', 'Museo Lapidario', 'Museo Radio', 'San Fermo', 'Casa Giulietta']",Casa Giulietta,strategy_nearest,True,0.0025169849395751953,success
0413A24A9C4C81,3,"['Castelvecchio', 'Arena']",San Fermo,"['Museo Storia', 'Museo Radio', 'Casa Giulietta', 'Centro Fotografia', 'Sighseeing']",Torre Lamberti,strategy_nearest,False,0.0027501583099365234,success
0413A44A9C4C81,3,"['Arena', 'San Fermo']",Casa Giulietta,"['Centro Fotografia', 'Sighseeing', 'Torre Lamberti', 'Museo Conte', 'Museo Radio']",Torre Lamberti,strategy_nearest,True,0.003225088119506836,success
0413A84A9C4C80,0,['Arena'],Casa Giulietta,"['Centro Fotografia', 'Sighseeing', 'Torre Lamberti', 'Museo Conte', 'Museo Radio']",Torre Lamberti,strategy_nearest,True,0.0034101009368896484,success
0413A54A9C4C81,3,"['Castelvecchio', 'Arena']",San Fermo,"['Museo Storia', 'Museo Radio', 'Casa Giulietta', 'Centro Fotografia', 'Sighseeing']",Casa Giulietta,strategy_nearest,True,0.0022919178009033203,success
0413A63A9C4C81,3,"['Arena', 'Casa Giulietta', 'Torre Lamberti', 'Duomo']",Teatro Romano,"['Santa Anastasia', 'AMO', 'Palazzo della Ragione', 'Museo Conte', 'Centro Fotografia']",Giardino Giusti,strategy_nearest,False,0.0028557777404785156,success
0413AA429C4C81,0,['Arena'],Castelvecchio,"['Museo Lapidario', 'Verona Tour', 'Museo Radio', 'San Zeno', 'Sighseeing']",Santa Anastasia,strategy_nearest,False,0.0032210350036621094,success
0413AC3A9C4C80,0,"['Arena', 'Torre Lamberti']",Casa Giulietta,"['Centro Fotografia', 'Sighseeing', 'Museo Conte', 'Museo Radio', 'Palazzo della Ragione']",Teatro Romano,strategy_nearest,False,0.001676797866821289,success
0413B2429C4C80,1,"['Castelvecchio', 'Arena', 'Casa Giulietta']",San Fermo,"['Museo Storia', 'Museo Radio', 'Centro Fotografia', 'Sighseeing', 'Torre Lamberti']",Tomba Giulietta,strategy_nearest,False,0.002095937728881836,success
0413AC429C4C81,3,['Torre Lamberti'],Santa Anastasia,"['AMO', 'Museo Conte', 'Palazzo della Ragione', 'Teatro Romano', 'Centro Fotografia']",Arena,strategy_nearest,False,0.0027709007263183594,success
0413AD429C4C81,3,"['Arena', 'Torre Lamberti']",Casa Giulietta,"['Centro Fotografia', 'Sighseeing', 'Museo Conte', 'Museo Radio', 'Palazzo della Ragione']",Teatro Romano,strategy_nearest,False,0.0035190582275390625,success
0413B33A9C4C81,3,"['Arena', 'Castelvecchio']",Duomo,"['AMO', 'Museo Miniscalchi', 'Santa Anastasia', 'Teatro Romano', 'Palazzo della Ragione']",Teatro Romano,strategy_nearest,True,0.0017228126525878906,success
0413B7429C4C81,0,"['Arena', 'Santa Anastasia']",Casa Giulietta,"['Centro Fotografia', 'Sighseeing', 'Torre Lamberti', 'Museo Conte', 'Museo Radio']",Castelvecchio,strategy_nearest,False,0.0032868385314941406,success
0413B2429C4C81,0,"['Castelvecchio', 'Torre Lamberti']",Casa Giulietta,"['Centro Fotografia', 'Sighseeing', 'Museo Conte', 'Museo Radio', 'Palazzo della Ragione']",San Fermo,strategy_nearest,False,0.0026509761810302734,success
0413BF429C4C80,0,['Arena'],Castelvecchio,"['Museo Lapidario', 'Verona Tour', 'Museo Radio', 'San Zeno', 'Sighseeing']",Teatro Romano,strategy_nearest,False,0.0022132396697998047,success
0413C03A9C4C80,0,['Castelvecchio'],Arena,"['Verona Tour', 'Museo Lapidario', 'Museo Radio', 'San Fermo', 'Casa Giulietta']",Teatro Romano,strategy_nearest,False,0.00327301025390625,success
0413C23A9C4C81,3,"['Tomba Giulietta', 'San Fermo', 'Santa Anastasia']",Duomo,"['AMO', 'Museo Miniscalchi', 'Teatro Romano', 'Palazzo della Ragione', 'Museo Conte']",Teatro Romano,strategy_nearest,True,0.0025870800018310547,success
0413C63A9C4C80,3,['Arena'],Santa Anastasia,"['AMO', 'Museo Conte', 'Palazzo della Ragione', 'Teatro Romano', 'Centro Fotografia']",Santa Anastasia,strategy_nearest,False,0.0027167797088623047,success
0413D33A9C4C81,3,['Arena'],Santa Anastasia,"['AMO', 'Museo Conte', 'Palazzo della Ragione', 'Teatro Romano', 'Centro Fotografia']",Teatro Romano,strategy_nearest,True,0.0018329620361328125,success
0413CE429C4C81,3,"['Giardino Giusti', 'Teatro Romano', 'Duomo']",Santa Anastasia,"['AMO', 'Museo Conte', 'Palazzo della Ragione', 'Centro Fotografia', 'Torre Lamberti']",Casa Giulietta,strategy_nearest,False,0.0036988258361816406,success
0413D03A9C4C80,0,['Arena'],Casa Giulietta,"['Centro Fotografia', 'Sighseeing', 'Torre Lamberti', 'Museo Conte', 'Museo Radio']",Teatro Romano,strategy_nearest,False,0.004041910171508789,success
0413EA3A9C4C81,0,['Arena'],Casa Giulietta,"['Centro Fotografia', 'Sighseeing', 'Torre Lamberti', 'Museo Conte', 'Museo Radio']",Torre Lamberti,strategy_nearest,True,0.001756906509399414,success
0413E93A9C4C81,0,['Arena'],Casa Giulietta,"['Centro Fotografia', 'Sighseeing', 'Torre Lamberti', 'Museo Conte', 'Museo Radio']",Tomba Giulietta,strategy_nearest,False,0.0032439231872558594,success
0413D63A9C4C80,1,"['Arena', 'Torre Lamberti', 'Palazzo della Ragione']",Duomo,"['AMO', 'Museo Miniscalchi', 'Santa Anastasia', 'Teatro Romano', 'Museo Conte']",Teatro Romano,strategy_nearest,True,0.003261089324951172,success
0413F73A9C4C81,2,"['Casa Giulietta', 'San Zeno']",San Fermo,"['Museo Storia', 'Museo Radio', 'Centro Fotografia', 'Arena', 'Sighseeing']",Santa Anastasia,strategy_nearest,False,0.002410888671875,success
0413F83A9C4C81,3,"['Casa Giulietta', 'Torre Lamberti']",Arena,"['Verona Tour', 'Museo Lapidario', 'Museo Radio', 'San Fermo', 'Sighseeing']",Santa Anastasia,strategy_nearest,False,0.0026988983154296875,success
0414573A9C4C81,1,"['San Zeno', 'Castelvecchio', 'Arena', 'Tomba Giulietta']",San Fermo,"['Museo Storia', 'Museo Radio', 'Casa Giulietta', 'Centro Fotografia', 'Sighseeing']",Casa Giulietta,strategy_nearest,True,0.0030548572540283203,success
04144B3A9C4C81,3,"['Torre Lamberti', 'Santa Anastasia']",Teatro Romano,"['Duomo', 'AMO', 'Palazzo della Ragione', 'Museo Conte', 'Centro Fotografia']",Arena,strategy_nearest,False,0.003072023391723633,success
04143E3A9C4C81,0,"['Arena', 'San Fermo']",Torre Lamberti,"['Sighseeing', 'Centro Fotografia', 'Museo Conte', 'Casa Giulietta', 'Palazzo della Ragione']",Tomba Giulietta,strategy_nearest,False,0.002780914306640625,success
041458429C4C81,3,"['Arena', 'Casa Giulietta']",Torre Lamberti,"['Sighseeing', 'Centro Fotografia', 'Museo Conte', 'Palazzo della Ragione', 'AMO']",Santa Anastasia,strategy_nearest,False,0.0030138492584228516,success
0414603A9C4C80,2,['San Fermo'],Santa Anastasia,"['AMO', 'Museo Conte', 'Palazzo della Ragione', 'Teatro Romano', 'Centro Fotografia']",Duomo,strategy_nearest,False,0.0018999576568603516,success
04146B429C4C81,0,['Arena'],Tomba Giulietta,"['San Fermo', 'Museo Storia', 'Museo Lapidario', 'Museo Radio', 'Verona Tour']",Casa Giulietta,strategy_nearest,False,0.0026390552520751953,success
04146D429C4C80,0,"['Teatro Romano', 'Torre Lamberti']",Casa Giulietta,"['Centro Fotografia', 'Sighseeing', 'Museo Conte', 'Museo Radio', 'Palazzo della Ragione']",Arena,strategy_nearest,False,0.0027170181274414062,success
04146C3A9C4C81,3,"['Arena', 'Castelvecchio', 'Duomo']",Teatro Romano,"['Santa Anastasia', 'AMO', 'Palazzo della Ragione', 'Museo Conte', 'Centro Fotografia']",Santa Anastasia,strategy_nearest,True,0.0033469200134277344,success
0414733A9C4C80,3,['Arena'],Torre Lamberti,"['Sighseeing', 'Centro Fotografia', 'Museo Conte', 'Casa Giulietta', 'Palazzo della Ragione']",Santa Anastasia,strategy_nearest,False,0.003271818161010742,success
041473429C4C80,3,"['Casa Giulietta', 'Arena']",Tomba Giulietta,"['San Fermo', 'Museo Storia', 'Museo Lapidario', 'Museo Radio', 'Verona Tour']",Santa Anastasia,strategy_nearest,False,0.002571582794189453,success
041475429C4C81,0,"['Museo Lapidario', 'Arena', 'Castelvecchio']",Casa Giulietta,"['Centro Fotografia', 'Sighseeing', 'Torre Lamberti', 'Museo Conte', 'Museo Radio']",Torre Lamberti,strategy_nearest,True,0.003297090530395508,success
0414753A9C4C81,3,"['Arena', 'San Fermo']",Giardino Giusti,"['Santa Anastasia', 'Teatro Romano', 'Museo Conte', 'Centro Fotografia', 'Museo Storia']",Santa Anastasia,strategy_nearest,True,0.0028378963470458984,success
041478429C4C81,3,"['Museo Lapidario', 'Arena']",Santa Anastasia,"['AMO', 'Museo Conte', 'Palazzo della Ragione', 'Teatro Romano', 'Centro Fotografia']",Duomo,strategy_nearest,False,0.0022611618041992188,success
0414784A9C4C80,0,['Castelvecchio'],Arena,"['Verona Tour', 'Museo Lapidario', 'Museo Radio', 'San Fermo', 'Casa Giulietta']",Casa Giulietta,strategy_nearest,True,0.0017490386962890625,success
041479429C4C80,0,['Arena'],Casa Giulietta,"['Centro Fotografia', 'Sighseeing', 'Torre Lamberti', 'Museo Conte', 'Museo Radio']",Castelvecchio,strategy_nearest,False,0.0032770633697509766,success
041479429C4C81,3,['Arena'],Torre Lamberti,"['Sighseeing', 'Centro Fotografia', 'Museo Conte', 'Casa Giulietta', 'Palazzo della Ragione']",Santa Anastasia,strategy_nearest,False,0.0019941329956054688,success
0414794A9C4C81,0,"['Castelvecchio', 'Arena']",Tomba Giulietta,"['San Fermo', 'Museo Storia', 'Museo Lapidario', 'Museo Radio', 'Verona Tour']",Teatro Romano,strategy_nearest,False,0.0034148693084716797,success
04147B429C4C81,0,"['Arena', 'Casa Giulietta']",Tomba Giulietta,"['San Fermo', 'Museo Storia', 'Museo Lapidario', 'Museo Radio', 'Verona Tour']",Museo Storia,strategy_nearest,True,0.0031409263610839844,success
04147C429C4C81,3,"['Arena', 'Casa Giulietta', 'Torre Lamberti']",Santa Anastasia,"['AMO', 'Museo Conte', 'Palazzo della Ragione', 'Teatro Romano', 'Centro Fotografia']",Duomo,strategy_nearest,False,0.0025751590728759766,success
04147D3A9C4C80,2,['Torre Lamberti'],Duomo,"['AMO', 'Museo Miniscalchi', 'Santa Anastasia', 'Teatro Romano', 'Palazzo della Ragione']",Teatro Romano,strategy_nearest,True,0.0033121109008789062,success
04147F3A9C4C81,0,['Arena'],Castelvecchio,"['Museo Lapidario', 'Verona Tour', 'Museo Radio', 'San Zeno', 'Sighseeing']",Casa Giulietta,strategy_nearest,False,0.0032939910888671875,success
04147D4A9C4C80,1,"['Arena', 'Casa Giulietta', 'Santa Anastasia']",Teatro Romano,"['Duomo', 'AMO', 'Palazzo della Ragione', 'Museo Conte', 'Centro Fotografia']",Duomo,strategy_nearest,True,0.002599954605102539,success
041480429C4C80,2,['Torre Lamberti'],Casa Giulietta,"['Centro Fotografia', 'Sighseeing', 'Museo Conte', 'Museo Radio', 'Palazzo della Ragione']",Santa Anastasia,strategy_nearest,False,0.003014087677001953,success
041484429C4C80,1,"['Casa Giulietta', 'Santa Anastasia', 'Duomo']",Tomba Giulietta,"['San Fermo', 'Museo Storia', 'Arena', 'Museo Lapidario', 'Museo Radio']",Castelvecchio,strategy_nearest,False,0.0033597946166992188,success
0414854A9C4C81,3,['Arena'],Casa Giulietta,"['Centro Fotografia', 'Sighseeing', 'Torre Lamberti', 'Museo Conte', 'Museo Radio']",Torre Lamberti,strategy_nearest,True,0.003226041793823242,success
0414853A9C4C81,3,"['Arena', 'Casa Giulietta']",Torre Lamberti,"['Sighseeing', 'Centro Fotografia', 'Museo Conte', 'Palazzo della Ragione', 'AMO']",Teatro Romano,strategy_nearest,False,0.001445770263671875,success
041482429C4C81,1,"['Castelvecchio', 'Casa Giulietta', 'Arena']",Torre Lamberti,"['Sighseeing', 'Centro Fotografia', 'Museo Conte', 'Palazzo della Ragione', 'AMO']",Palazzo della Ragione,strategy_nearest,True,0.002794027328491211,success
041487429C4C80,3,"['Arena', 'San Zeno']",Castelvecchio,"['Museo Lapidario', 'Verona Tour', 'Museo Radio', 'Sighseeing', 'Museo Miniscalchi']",Casa Giulietta,strategy_nearest,False,0.001911163330078125,success
041486429C4C81,0,['Arena'],Casa Giulietta,"['Centro Fotografia', 'Sighseeing', 'Torre Lamberti', 'Museo Conte', 'Museo Radio']",Teatro Romano,strategy_nearest,False,0.002547025680541992,success
041486429C4C80,2,['Casa Giulietta'],Castelvecchio,"['Museo Lapidario', 'Verona Tour', 'Arena', 'Museo Radio', 'San Zeno']",Torre Lamberti,strategy_nearest,False,0.0020189285278320312,success
041487429C4C81,3,"['Arena', 'San Zeno']",Torre Lamberti,"['Sighseeing', 'Centro Fotografia', 'Museo Conte', 'Casa Giulietta', 'Palazzo della Ragione']",Casa Giulietta,strategy_nearest,True,0.0034208297729492188,success
04148B4A9C4C80,3,"['Arena', 'Casa Giulietta']",Torre Lamberti,"['Sighseeing', 'Centro Fotografia', 'Museo Conte', 'Palazzo della Ragione', 'AMO']",Santa Anastasia,strategy_nearest,False,0.0019528865814208984,success
041488429C4C80,0,"['Tomba Giulietta', 'Arena']",Casa Giulietta,"['Centro Fotografia', 'Sighseeing', 'Torre Lamberti', 'Museo Conte', 'Museo Radio']",Giardino Giusti,strategy_nearest,False,0.0029900074005126953,success
04148F4A9C4C80,3,"['Arena', 'Teatro Romano']",Duomo,"['AMO', 'Museo Miniscalchi', 'Santa Anastasia', 'Palazzo della Ragione', 'Museo Conte']",Santa Anastasia,strategy_nearest,True,0.003304004669189453,success
04148B429C4C80,3,"['Arena', 'Museo Lapidario']",Castelvecchio,"['Verona Tour', 'Museo Radio', 'San Zeno', 'Sighseeing', 'Museo Miniscalchi']",Duomo,strategy_nearest,False,0.003584146499633789,success
04149A4A9C4C80,0,['Arena'],Casa Giulietta,"['Centro Fotografia', 'Sighseeing', 'Torre Lamberti', 'Museo Conte', 'Museo Radio']",San Fermo,strategy_nearest,False,0.002418041229248047,success
0414934A9C4C80,3,['Arena'],Santa Anastasia,"['AMO', 'Museo Conte', 'Palazzo della Ragione', 'Teatro Romano', 'Centro Fotografia']",Torre Lamberti,strategy_nearest,False,0.0032961368560791016,success
04148F4A9C4C81,0,['Casa Giulietta'],Arena,"['Verona Tour', 'Museo Lapidario', 'Museo Radio', 'San Fermo', 'Sighseeing']",Torre Lamberti,strategy_nearest,False,0.002791166305541992,success
041493429C4C80,3,"['Arena', 'Casa Giulietta']",Santa Anastasia,"['AMO', 'Museo Conte', 'Palazzo della Ragione', 'Teatro Romano', 'Centro Fotografia']",Duomo,strategy_nearest,False,0.0020999908447265625,success
0414A34A9C4C80,3,"['Arena', 'Castelvecchio', 'Torre Lamberti']",Torre Lamberti,"['Sighseeing', 'Centro Fotografia', 'Museo Conte', 'Casa Giulietta', 'Palazzo della Ragione']",Casa Giulietta,strategy_nearest,True,0.0020399093627929688,success
04149C4A9C4C81,0,"['Arena', 'Museo Lapidario']",Casa Giulietta,"['Centro Fotografia', 'Sighseeing', 'Torre Lamberti', 'Museo Conte', 'Museo Radio']",Torre Lamberti,strategy_nearest,True,0.0027310848236083984,success
0414A24A9C4C81,3,"['Castelvecchio', 'Arena']",San Fermo,"['Museo Storia', 'Museo Radio', 'Casa Giulietta', 'Centro Fotografia', 'Sighseeing']",Casa Giulietta,strategy_nearest,True,0.001489877700805664,success
0414A73A9C4C80,1,"['Duomo', 'Torre Lamberti', 'Palazzo della Ragione']",Casa Giulietta,"['Centro Fotografia', 'Sighseeing', 'Museo Conte', 'Museo Radio', 'San Fermo']",Arena,strategy_nearest,False,0.0035262107849121094,success
0414A73A9C4C81,2,"['Casa Giulietta', 'Castelvecchio']",Torre Lamberti,"['Sighseeing', 'Centro Fotografia', 'Museo Conte', 'Palazzo della Ragione', 'AMO']",Santa Anastasia,strategy_nearest,False,0.001695871353149414,success
0414A84A9C4C81,3,['Arena'],Casa Giulietta,"['Centro Fotografia', 'Sighseeing', 'Torre Lamberti', 'Museo Conte', 'Museo Radio']",Torre Lamberti,strategy_nearest,True,0.0025548934936523438,success
0414AB429C4C81,0,['Castelvecchio'],Arena,"['Verona Tour', 'Museo Lapidario', 'Museo Radio', 'San Fermo', 'Casa Giulietta']",Casa Giulietta,strategy_nearest,True,0.002482175827026367,success
0414B33A9C4C81,3,"['Arena', 'San Zeno']",Santa Anastasia,"['AMO', 'Museo Conte', 'Palazzo della Ragione', 'Teatro Romano', 'Centro Fotografia']",Duomo,strategy_nearest,False,0.0013191699981689453,success
0414AB4A9C4C81,3,"['Arena', 'Castelvecchio']",Torre Lamberti,"['Sighseeing', 'Centro Fotografia', 'Museo Conte', 'Casa Giulietta', 'Palazzo della Ragione']",Casa Giulietta,strategy_nearest,True,0.003648042678833008,success
0414AD3A9C4C80,2,"['Teatro Romano', 'Duomo']",Casa Giulietta,"['Centro Fotografia', 'Sighseeing', 'Torre Lamberti', 'Museo Conte', 'Museo Radio']",Torre Lamberti,strategy_nearest,True,0.0033829212188720703,success
0414B53A9C4C81,2,"['Castelvecchio', 'Tomba Giulietta', 'San Fermo']",Santa Anastasia,"['AMO', 'Museo Conte', 'Palazzo della Ragione', 'Teatro Romano', 'Centro Fotografia']",Duomo,strategy_nearest,False,0.0033316612243652344,success
0414C33A9C4C81,3,"['Tomba Giulietta', 'Arena']",Castelvecchio,"['Museo Lapidario', 'Verona Tour', 'Museo Radio', 'San Zeno', 'Sighseeing']",Santa Anastasia,strategy_nearest,False,0.0013320446014404297,success
0414B8429C4C81,0,['Arena'],Museo Lapidario,"['Verona Tour', 'Castelvecchio', 'Museo Radio', 'San Fermo', 'Casa Giulietta']",Castelvecchio,strategy_nearest,True,0.003470897674560547,success
0414C73A9C4C81,2,['Castelvecchio'],Casa Giulietta,"['Centro Fotografia', 'Sighseeing', 'Torre Lamberti', 'Museo Conte', 'Museo Radio']",Tomba Giulietta,strategy_nearest,False,0.003200054168701172,success
0414B73A9C4C80,2,['Museo Lapidario'],Casa Giulietta,"['Centro Fotografia', 'Sighseeing', 'Torre Lamberti', 'Museo Conte', 'Museo Radio']",Torre Lamberti,strategy_nearest,True,0.0028541088104248047,success
0414CD3A9C4C80,0,['Arena'],Casa Giulietta,"['Centro Fotografia', 'Sighseeing', 'Torre Lamberti', 'Museo Conte', 'Museo Radio']",Torre Lamberti,strategy_nearest,True,0.0017976760864257812,success
0414D73A9C4C80,3,"['Santa Anastasia', 'Duomo']",Arena,"['Verona Tour', 'Museo Lapidario', 'Museo Radio', 'San Fermo', 'Casa Giulietta']",Castelvecchio,strategy_nearest,False,0.0027718544006347656,success
0414C93A9C4C81,0,['Arena'],Santa Anastasia,"['AMO', 'Museo Conte', 'Palazzo della Ragione', 'Teatro Romano', 'Centro Fotografia']",Casa Giulietta,strategy_nearest,False,0.0018610954284667969,success
0414CB3A9C4C80,0,['Arena'],Castelvecchio,"['Museo Lapidario', 'Verona Tour', 'Museo Radio', 'San Zeno', 'Sighseeing']",Teatro Romano,strategy_nearest,False,0.0035200119018554688,success
0414E83A9C4C81,0,"['Arena', 'Museo Lapidario']",Castelvecchio,"['Verona Tour', 'Museo Radio', 'San Zeno', 'Sighseeing', 'Museo Miniscalchi']",Torre Lamberti,strategy_nearest,False,0.0023958683013916016,success
0415563A9C4C81,0,['Arena'],Casa Giulietta,"['Centro Fotografia', 'Sighseeing', 'Torre Lamberti', 'Museo Conte', 'Museo Radio']",Teatro Romano,strategy_nearest,False,0.0021119117736816406,success
041541429C4C81,3,"['Arena', 'Castelvecchio', 'San Zeno']",Casa Giulietta,"['Centro Fotografia', 'Sighseeing', 'Torre Lamberti', 'Museo Conte', 'Museo Radio']",Giardino Giusti,strategy_nearest,False,0.0027799606323242188,success
04156A429C4C81,3,"['Arena', 'Torre Lamberti']",Casa Giulietta,"['Centro Fotografia', 'Sighseeing', 'Museo Conte', 'Museo Radio', 'Palazzo della Ragione']",San Zeno,strategy_nearest,False,0.0023899078369140625,success
0415633A9C4C80,3,"['Arena', 'Casa Giulietta', 'Tomba Giulietta']",San Fermo,"['Museo Storia', 'Museo Radio', 'Centro Fotografia', 'Sighseeing', 'Torre Lamberti']",Teatro Romano,strategy_nearest,False,0.0038318634033203125,success
04156B429C4C80,0,['Casa Giulietta'],Arena,"['Verona Tour', 'Museo Lapidario', 'Museo Radio', 'San Fermo', 'Sighseeing']",Castelvecchio,strategy_nearest,False,0.002774953842163086,success
04156B429C4C81,3,"['Arena', 'Casa Giulietta']",Santa Anastasia,"['AMO', 'Museo Conte', 'Palazzo della Ragione', 'Teatro Romano', 'Centro Fotografia']",Duomo,strategy_nearest,False,0.0012867450714111328,success
04156C429C4C81,0,['Arena'],Casa Giulietta,"['Centro Fotografia', 'Sighseeing', 'Torre Lamberti', 'Museo Conte', 'Museo Radio']",Santa Anastasia,strategy_nearest,False,0.0026578903198242188,success
04156C429C4C80,1,"['Arena', 'Casa Giulietta', 'Torre Lamberti']",Palazzo della Ragione,"['AMO', 'Museo Conte', 'Centro Fotografia', 'Sighseeing', 'Santa Anastasia']",Santa Anastasia,strategy_nearest,True,0.0034220218658447266,success
04157B4A9C4C81,3,"['Arena', 'Casa Giulietta', 'San Fermo']",Torre Lamberti,"['Sighseeing', 'Centro Fotografia', 'Museo Conte', 'Palazzo della Ragione', 'AMO']",Santa Anastasia,strategy_nearest,False,0.002044200897216797,success
0415713A9C4C80,3,"['Arena', 'Casa Giulietta']",Santa Anastasia,"['AMO', 'Museo Conte', 'Palazzo della Ragione', 'Teatro Romano', 'Centro Fotografia']",Duomo,strategy_nearest,False,0.0028808116912841797,success
041575429C4C81,3,"['Casa Giulietta', 'Arena']",Castelvecchio,"['Museo Lapidario', 'Verona Tour', 'Museo Radio', 'San Zeno', 'Sighseeing']",Teatro Romano,strategy_nearest,False,0.0033168792724609375,success
041572429C4C80,0,['Arena'],Castelvecchio,"['Museo Lapidario', 'Verona Tour', 'Museo Radio', 'San Zeno', 'Sighseeing']",Tomba Giulietta,strategy_nearest,False,0.004018068313598633,success
04157D3A9C4C80,0,['Arena'],Casa Giulietta,"['Centro Fotografia', 'Sighseeing', 'Torre Lamberti', 'Museo Conte', 'Museo Radio']",Duomo,strategy_nearest,False,0.0029001235961914062,success
041581429C4C80,3,"['Casa Giulietta', 'Arena', 'Castelvecchio']",Santa Anastasia,"['AMO', 'Museo Conte', 'Palazzo della Ragione', 'Teatro Romano', 'Centro Fotografia']",Duomo,strategy_nearest,False,0.0014700889587402344,success
04157E429C4C81,0,['Arena'],Torre Lamberti,"['Sighseeing', 'Centro Fotografia', 'Museo Conte', 'Casa Giulietta', 'Palazzo della Ragione']",Casa Giulietta,strategy_nearest,True,0.002248048782348633,success
04157F3A9C4C80,3,['Arena'],Casa Giulietta,"['Centro Fotografia', 'Sighseeing', 'Torre Lamberti', 'Museo Conte', 'Museo Radio']",Santa Anastasia,strategy_nearest,False,0.0035059452056884766,success
0415824A9C4C81,2,"['San Fermo', 'Casa Giulietta']",Duomo,"['AMO', 'Museo Miniscalchi', 'Santa Anastasia', 'Teatro Romano', 'Palazzo della Ragione']",San Zeno,strategy_nearest,False,0.002022266387939453,success
041584429C4C80,0,['Casa Giulietta'],Arena,"['Verona Tour', 'Museo Lapidario', 'Museo Radio', 'San Fermo', 'Sighseeing']",Castelvecchio,strategy_nearest,False,0.002582073211669922,success
041585429C4C81,3,"['Arena', 'Casa Giulietta', 'Torre Lamberti']",Santa Anastasia,"['AMO', 'Museo Conte', 'Palazzo della Ragione', 'Teatro Romano', 'Centro Fotografia']",Duomo,strategy_nearest,False,0.0033080577850341797,success
041583429C4C81,2,['Duomo'],Santa Anastasia,"['AMO', 'Museo Conte', 'Palazzo della Ragione', 'Teatro Romano', 'Centro Fotografia']",Torre Lamberti,strategy_nearest,False,0.0035309791564941406,success
041586429C4C81,3,"['Arena', 'Casa Giulietta']",Torre Lamberti,"['Sighseeing', 'Centro Fotografia', 'Museo Conte', 'Palazzo della Ragione', 'AMO']",Santa Anastasia,strategy_nearest,False,0.0024220943450927734,success
04158F4A9C4C81,0,['Arena'],Casa Giulietta,"['Centro Fotografia', 'Sighseeing', 'Torre Lamberti', 'Museo Conte', 'Museo Radio']",Torre Lamberti,strategy_nearest,True,0.0019290447235107422,success
041587429C4C81,3,"['Arena', 'Casa Giulietta']",Torre Lamberti,"['Sighseeing', 'Centro Fotografia', 'Museo Conte', 'Palazzo della Ragione', 'AMO']",Santa Anastasia,strategy_nearest,False,0.0027840137481689453,success
04158B429C4C80,2,"['Casa Giulietta', 'Torre Lamberti']",Santa Anastasia,"['AMO', 'Museo Conte', 'Palazzo della Ragione', 'Teatro Romano', 'Centro Fotografia']",Duomo,strategy_nearest,False,0.003314971923828125,success
041591429C4C81,3,['Arena'],Castelvecchio,"['Museo Lapidario', 'Verona Tour', 'Museo Radio', 'San Zeno', 'Sighseeing']",Santa Anastasia,strategy_nearest,False,0.0031957626342773438,success
0415924A9C4C81,0,['Arena'],Torre Lamberti,"['Sighseeing', 'Centro Fotografia', 'Museo Conte', 'Casa Giulietta', 'Palazzo della Ragione']",Casa Giulietta,strategy_nearest,True,0.002763986587524414,success
0415934A9C4C81,1,"['Teatro Romano', 'Torre Lamberti', 'Palazzo della Ragione']",Casa Giulietta,"['Centro Fotografia', 'Sighseeing', 'Museo Conte', 'Museo Radio', 'San Fermo']",Arena,strategy_nearest,False,0.002641916275024414,success
0415934A9C4C80,2,['Castelvecchio'],Casa Giulietta,"['Centro Fotografia', 'Sighseeing', 'Torre Lamberti', 'Museo Conte', 'Museo Radio']",Torre Lamberti,strategy_nearest,True,0.0034029483795166016,success
041598429C4C80,0,['Arena'],Casa Giulietta,"['Centro Fotografia', 'Sighseeing', 'Torre Lamberti', 'Museo Conte', 'Museo Radio']",Casa Giulietta,strategy_nearest,False,0.0028960704803466797,success
0415944A9C4C80,0,['Arena'],San Fermo,"['Museo Storia', 'Museo Radio', 'Casa Giulietta', 'Centro Fotografia', 'Sighseeing']",Casa Giulietta,strategy_nearest,True,0.002771139144897461,success
041595429C4C81,0,"['Castelvecchio', 'Arena']",Tomba Giulietta,"['San Fermo', 'Museo Storia', 'Museo Lapidario', 'Museo Radio', 'Verona Tour']",Torre Lamberti,strategy_nearest,False,0.0027577877044677734,success
0415994A9C4C80,0,['Arena'],Castelvecchio,"['Museo Lapidario', 'Verona Tour', 'Museo Radio', 'San Zeno', 'Sighseeing']",Torre Lamberti,strategy_nearest,False,0.0033648014068603516,success
04159C429C4C81,3,"['Arena', 'San Fermo', 'Teatro Romano']",Duomo,"['AMO', 'Museo Miniscalchi', 'Santa Anastasia', 'Palazzo della Ragione', 'Museo Conte']",Santa Anastasia,strategy_nearest,True,0.002110004425048828,success
04159C4A9C4C81,3,"['Arena', 'Santa Anastasia']",Casa Giulietta,"['Centro Fotografia', 'Sighseeing', 'Torre Lamberti', 'Museo Conte', 'Museo Radio']",San Fermo,strategy_nearest,False,0.0013577938079833984,success
04159A4A9C4C80,0,['Arena'],Torre Lamberti,"['Sighseeing', 'Centro Fotografia', 'Museo Conte', 'Casa Giulietta', 'Palazzo della Ragione']",Duomo,strategy_nearest,False,0.004064083099365234,success
04159B4A9C4C80,0,['Arena'],Casa Giulietta,"['Centro Fotografia', 'Sighseeing', 'Torre Lamberti', 'Museo Conte', 'Museo Radio']",Santa Anastasia,strategy_nearest,False,0.0027790069580078125,success
04159E4A9C4C81,3,"['Arena', 'Casa Giulietta']",Torre Lamberti,"['Sighseeing', 'Centro Fotografia', 'Museo Conte', 'Palazzo della Ragione', 'AMO']",Teatro Romano,strategy_nearest,False,0.002178192138671875,success
0415A24A9C4C81,2,['Castelvecchio'],Duomo,"['AMO', 'Museo Miniscalchi', 'Santa Anastasia', 'Teatro Romano', 'Palazzo della Ragione']",Palazzo della Ragione,strategy_nearest,True,0.0028600692749023438,success
0415A44A9C4C81,3,"['Arena', 'Castelvecchio']",Duomo,"['AMO', 'Museo Miniscalchi', 'Santa Anastasia', 'Teatro Romano', 'Palazzo della Ragione']",Santa Anastasia,strategy_nearest,True,0.0019998550415039062,success
0415A14A9C4C80,3,"['Arena', 'Museo Lapidario', 'San Fermo']",Casa Giulietta,"['Centro Fotografia', 'Sighseeing', 'Torre Lamberti', 'Museo Conte', 'Museo Radio']",Torre Lamberti,strategy_nearest,True,0.00357818603515625,success
0415A54A9C4C80,3,"['Tomba Giulietta', 'Arena']",Casa Giulietta,"['Centro Fotografia', 'Sighseeing', 'Torre Lamberti', 'Museo Conte', 'Museo Radio']",Santa Anastasia,strategy_nearest,False,0.0016679763793945312,success
0415AA429C4C81,3,['Arena'],Torre Lamberti,"['Sighseeing', 'Centro Fotografia', 'Museo Conte', 'Casa Giulietta', 'Palazzo della Ragione']",Santa Anastasia,strategy_nearest,False,0.0026597976684570312,success
0415A93A9C4C80,1,['Arena'],Palazzo della Ragione,"['AMO', 'Museo Conte', 'Torre Lamberti', 'Centro Fotografia', 'Sighseeing']",Torre Lamberti,strategy_nearest,True,0.003401041030883789,success
0415A6429C4C81,3,['Arena'],Torre Lamberti,"['Sighseeing', 'Centro Fotografia', 'Museo Conte', 'Casa Giulietta', 'Palazzo della Ragione']",Santa Anastasia,strategy_nearest,False,0.0021638870239257812,success
0415AC429C4C81,3,"['Duomo', 'Santa Anastasia']",Torre Lamberti,"['Sighseeing', 'Centro Fotografia', 'Museo Conte', 'Casa Giulietta', 'Palazzo della Ragione']",Casa Giulietta,strategy_nearest,True,0.003425121307373047,success
0415AE429C4C80,3,"['Arena', 'Torre Lamberti']",Santa Anastasia,"['AMO', 'Museo Conte', 'Palazzo della Ragione', 'Teatro Romano', 'Centro Fotografia']",Duomo,strategy_nearest,False,0.0021550655364990234,success
0415B33A9C4C81,0,"['Casa Giulietta', 'Torre Lamberti']",Arena,"['Verona Tour', 'Museo Lapidario', 'Museo Radio', 'San Fermo', 'Sighseeing']",Castelvecchio,strategy_nearest,False,0.0034818649291992188,success
0415B43A9C4C80,0,['Castelvecchio'],Arena,"['Verona Tour', 'Museo Lapidario', 'Museo Radio', 'San Fermo', 'Casa Giulietta']",Teatro Romano,strategy_nearest,False,0.002514362335205078,success
0415B4429C4C81,3,"['Arena', 'Casa Giulietta', 'Torre Lamberti']",Santa Anastasia,"['AMO', 'Museo Conte', 'Palazzo della Ragione', 'Teatro Romano', 'Centro Fotografia']",Duomo,strategy_nearest,False,0.0035400390625,success
0415C03A9C4C81,3,['Arena'],Torre Lamberti,"['Sighseeing', 'Centro Fotografia', 'Museo Conte', 'Casa Giulietta', 'Palazzo della Ragione']",Santa Anastasia,strategy_nearest,False,0.00138092041015625,success
0415B73A9C4C81,3,['Arena'],Casa Giulietta,"['Centro Fotografia', 'Sighseeing', 'Torre Lamberti', 'Museo Conte', 'Museo Radio']",Santa Anastasia,strategy_nearest,False,0.0035910606384277344,success
0415C2429C4C80,3,"['Arena', 'Torre Lamberti']",Santa Anastasia,"['AMO', 'Museo Conte', 'Palazzo della Ragione', 'Teatro Romano', 'Centro Fotografia']",Duomo,strategy_nearest,False,0.002777099609375,success
0415C3429C4C80,3,['Arena'],Torre Lamberti,"['Sighseeing', 'Centro Fotografia', 'Museo Conte', 'Casa Giulietta', 'Palazzo della Ragione']",Santa Anastasia,strategy_nearest,False,0.0024907588958740234,success
0415C53A9C4C80,0,"['Museo Lapidario', 'Arena']",Casa Giulietta,"['Centro Fotografia', 'Sighseeing', 'Torre Lamberti', 'Museo Conte', 'Museo Radio']",Torre Lamberti,strategy_nearest,True,0.0029811859130859375,success
0415C83A9C4C81,0,['Arena'],Casa Giulietta,"['Centro Fotografia', 'Sighseeing', 'Torre Lamberti', 'Museo Conte', 'Museo Radio']",Castelvecchio,strategy_nearest,False,0.0025768280029296875,success
0415CA3A9C4C80,3,"['San Fermo', 'Casa Giulietta', 'Torre Lamberti']",Duomo,"['AMO', 'Museo Miniscalchi', 'Santa Anastasia', 'Teatro Romano', 'Palazzo della Ragione']",Santa Anastasia,strategy_nearest,True,0.002553224563598633,success
0415C53A9C4C81,3,"['Arena', 'Casa Giulietta']",Torre Lamberti,"['Sighseeing', 'Centro Fotografia', 'Museo Conte', 'Palazzo della Ragione', 'AMO']",Santa Anastasia,strategy_nearest,False,0.003509998321533203,success
0415CB3A9C4C81,3,"['Arena', 'Casa Giulietta']",Santa Anastasia,"['AMO', 'Museo Conte', 'Palazzo della Ragione', 'Teatro Romano', 'Centro Fotografia']",Teatro Romano,strategy_nearest,True,0.0026738643646240234,success
0415CA3A9C4C81,1,"['Castelvecchio', 'Arena', 'Casa Giulietta']",Torre Lamberti,"['Sighseeing', 'Centro Fotografia', 'Museo Conte', 'Palazzo della Ragione', 'AMO']",Palazzo della Ragione,strategy_nearest,True,0.0021228790283203125,success
0415CB3A9C4C80,3,"['Arena', 'Casa Giulietta']",Torre Lamberti,"['Sighseeing', 'Centro Fotografia', 'Museo Conte', 'Palazzo della Ragione', 'AMO']",Santa Anastasia,strategy_nearest,False,0.0027649402618408203,success
0415CE3A9C4C80,0,['Arena'],Casa Giulietta,"['Centro Fotografia', 'Sighseeing', 'Torre Lamberti', 'Museo Conte', 'Museo Radio']",Duomo,strategy_nearest,False,0.003200054168701172,success
0415DA3A9C4C81,3,"['Casa Giulietta', 'Torre Lamberti']",Santa Anastasia,"['AMO', 'Museo Conte', 'Palazzo della Ragione', 'Teatro Romano', 'Centro Fotografia']",Duomo,strategy_nearest,False,0.0020699501037597656,success
0415D03A9C4C81,3,"['Castelvecchio', 'Arena', 'Tomba Giulietta']",San Fermo,"['Museo Storia', 'Museo Radio', 'Casa Giulietta', 'Centro Fotografia', 'Sighseeing']",Casa Giulietta,strategy_nearest,True,0.004001140594482422,success
0415D7429C4C80,3,"['Castelvecchio', 'Arena', 'Casa Giulietta', 'Torre Lamberti']",Santa Anastasia,"['AMO', 'Museo Conte', 'Palazzo della Ragione', 'Teatro Romano', 'Centro Fotografia']",Duomo,strategy_nearest,False,0.0015559196472167969,success
0415D53A9C4C80,3,"['Arena', 'Castelvecchio']",San Fermo,"['Museo Storia', 'Museo Radio', 'Casa Giulietta', 'Centro Fotografia', 'Sighseeing']",Casa Giulietta,strategy_nearest,True,0.002820253372192383,success
0416553A9C4C81,3,"['Arena', 'Casa Giulietta']",Torre Lamberti,"['Sighseeing', 'Centro Fotografia', 'Museo Conte', 'Palazzo della Ragione', 'AMO']",Duomo,strategy_nearest,False,0.0026090145111083984,success
0415DA429C4C80,3,"['Arena', 'Torre Lamberti']",Casa Giulietta,"['Centro Fotografia', 'Sighseeing', 'Museo Conte', 'Museo Radio', 'Palazzo della Ragione']",Santa Anastasia,strategy_nearest,False,0.003443002700805664,success
0415F93A9C4C81,3,"['Casa Giulietta', 'Torre Lamberti', 'Santa Anastasia']",Duomo,"['AMO', 'Museo Miniscalchi', 'Teatro Romano', 'Palazzo della Ragione', 'Museo Conte']",Teatro Romano,strategy_nearest,True,0.0015721321105957031,success
04164B3A9C4C81,1,"['Arena', 'Palazzo della Ragione']",Torre Lamberti,"['Sighseeing', 'Centro Fotografia', 'Museo Conte', 'Casa Giulietta', 'AMO']",Santa Anastasia,strategy_nearest,False,0.003341197967529297,success
041658429C4C81,3,"['Arena', 'Torre Lamberti']",Castelvecchio,"['Museo Lapidario', 'Verona Tour', 'Museo Radio', 'San Zeno', 'Sighseeing']",Duomo,strategy_nearest,False,0.002086162567138672,success
0416563A9C4C81,0,['Arena'],Casa Giulietta,"['Centro Fotografia', 'Sighseeing', 'Torre Lamberti', 'Museo Conte', 'Museo Radio']",Duomo,strategy_nearest,False,0.001506805419921875,success
04166E3A9C4C81,3,"['Arena', 'Castelvecchio']",Duomo,"['AMO', 'Museo Miniscalchi', 'Santa Anastasia', 'Teatro Romano', 'Palazzo della Ragione']",Santa Anastasia,strategy_nearest,True,0.002598285675048828,success
0416683A9C4C81,3,"['Arena', 'Castelvecchio']",Torre Lamberti,"['Sighseeing', 'Centro Fotografia', 'Museo Conte', 'Casa Giulietta', 'Palazzo della Ragione']",Santa Anastasia,strategy_nearest,False,0.003378152847290039,success
041675429C4C81,2,"['Casa Giulietta', 'Torre Lamberti']",Santa Anastasia,"['AMO', 'Museo Conte', 'Palazzo della Ragione', 'Teatro Romano', 'Centro Fotografia']",Teatro Romano,strategy_nearest,True,0.002216339111328125,success
0416763A9C4C80,0,['Arena'],Santa Anastasia,"['AMO', 'Museo Conte', 'Palazzo della Ragione', 'Teatro Romano', 'Centro Fotografia']",Castelvecchio,strategy_nearest,False,0.0026001930236816406,success
0416773A9C4C80,3,"['Arena', 'Torre Lamberti']",Santa Anastasia,"['AMO', 'Museo Conte', 'Palazzo della Ragione', 'Teatro Romano', 'Centro Fotografia']",Duomo,strategy_nearest,False,0.003408193588256836,success
0416784A9C4C80,0,['Arena'],Casa Giulietta,"['Centro Fotografia', 'Sighseeing', 'Torre Lamberti', 'Museo Conte', 'Museo Radio']",Torre Lamberti,strategy_nearest,True,0.0023431777954101562,success
041677429C4C80,2,['Castelvecchio'],San Zeno,"['Verona Tour', 'Museo Lapidario', 'Arena', 'Museo Miniscalchi', 'Sighseeing']",Torre Lamberti,strategy_nearest,False,0.004108905792236328,success
041679429C4C81,1,['Arena'],Palazzo della Ragione,"['AMO', 'Museo Conte', 'Torre Lamberti', 'Centro Fotografia', 'Sighseeing']",Giardino Giusti,strategy_nearest,False,0.002951383590698242,success
0416794A9C4C81,3,"['Castelvecchio', 'Torre Lamberti']",Santa Anastasia,"['AMO', 'Museo Conte', 'Palazzo della Ragione', 'Teatro Romano', 'Centro Fotografia']",Duomo,strategy_nearest,False,0.002958059310913086,success
04167B4A9C4C80,3,"['Arena', 'Museo Lapidario', 'Casa Giulietta']",Torre Lamberti,"['Sighseeing', 'Centro Fotografia', 'Museo Conte', 'Palazzo della Ragione', 'AMO']",Santa Anastasia,strategy_nearest,False,0.0024788379669189453,success
04167A4A9C4C80,3,"['Arena', 'Santa Anastasia']",Santa Anastasia,"['AMO', 'Museo Conte', 'Palazzo della Ragione', 'Teatro Romano', 'Centro Fotografia']",Teatro Romano,strategy_nearest,True,0.003313779830932617,success
04167D429C4C81,0,"['Casa Giulietta', 'Torre Lamberti']",San Fermo,"['Museo Storia', 'Museo Radio', 'Centro Fotografia', 'Arena', 'Sighseeing']",Tomba Giulietta,strategy_nearest,False,0.003201007843017578,success
04167F4A9C4C80,2,"['Casa Giulietta', 'Torre Lamberti']",Santa Anastasia,"['AMO', 'Museo Conte', 'Palazzo della Ragione', 'Teatro Romano', 'Centro Fotografia']",Duomo,strategy_nearest,False,0.0017442703247070312,success
04167E3A9C4C80,1,['Arena'],Casa Giulietta,"['Centro Fotografia', 'Sighseeing', 'Torre Lamberti', 'Museo Conte', 'Museo Radio']",Palazzo della Ragione,strategy_nearest,False,0.00251007080078125,success
04167F4A9C4C81,0,['Arena'],Casa Giulietta,"['Centro Fotografia', 'Sighseeing', 'Torre Lamberti', 'Museo Conte', 'Museo Radio']",Teatro Romano,strategy_nearest,False,0.002313852310180664,success
04167E3A9C4C81,0,['Arena'],Casa Giulietta,"['Centro Fotografia', 'Sighseeing', 'Torre Lamberti', 'Museo Conte', 'Museo Radio']",Castelvecchio,strategy_nearest,False,0.003242015838623047,success
0416803A9C4C80,0,['Arena'],Casa Giulietta,"['Centro Fotografia', 'Sighseeing', 'Torre Lamberti', 'Museo Conte', 'Museo Radio']",Castelvecchio,strategy_nearest,False,0.0026171207427978516,success
041682429C4C80,0,['Arena'],Teatro Romano,"['Santa Anastasia', 'Duomo', 'AMO', 'Palazzo della Ragione', 'Museo Conte']",Casa Giulietta,strategy_nearest,False,0.0017478466033935547,success
0416813A9C4C80,0,['Arena'],Castelvecchio,"['Museo Lapidario', 'Verona Tour', 'Museo Radio', 'San Zeno', 'Sighseeing']",Casa Giulietta,strategy_nearest,False,0.003255128860473633,success
041683429C4C81,3,"['Tomba Giulietta', 'Arena']",Casa Giulietta,"['Centro Fotografia', 'Sighseeing', 'Torre Lamberti', 'Museo Conte', 'Museo Radio']",Santa Anastasia,strategy_nearest,False,0.003535747528076172,success
041685429C4C81,3,"['Arena', 'Castelvecchio']",Casa Giulietta,"['Centro Fotografia', 'Sighseeing', 'Torre Lamberti', 'Museo Conte', 'Museo Radio']",Santa Anastasia,strategy_nearest,False,0.0027692317962646484,success
041685429C4C80,3,"['Arena', 'San Zeno']",Torre Lamberti,"['Sighseeing', 'Centro Fotografia', 'Museo Conte', 'Casa Giulietta', 'Palazzo della Ragione']",Casa Giulietta,strategy_nearest,True,0.0031919479370117188,success
041688429C4C80,2,['Tomba Giulietta'],Castelvecchio,"['Museo Lapidario', 'Verona Tour', 'Arena', 'Museo Radio', 'San Zeno']",Santa Anastasia,strategy_nearest,False,0.0027980804443359375,success
041688429C4C81,3,"['Teatro Romano', 'Duomo']",Santa Anastasia,"['AMO', 'Museo Conte', 'Palazzo della Ragione', 'Centro Fotografia', 'Torre Lamberti']",Arena,strategy_nearest,False,0.0035228729248046875,success
04168B4A9C4C80,3,"['Arena', 'Torre Lamberti']",Casa Giulietta,"['Centro Fotografia', 'Sighseeing', 'Museo Conte', 'Museo Radio', 'Palazzo della Ragione']",Santa Anastasia,strategy_nearest,False,0.0027081966400146484,success
04168A4A9C4C80,3,"['Tomba Giulietta', 'San Zeno', 'Arena']",Torre Lamberti,"['Sighseeing', 'Centro Fotografia', 'Museo Conte', 'Casa Giulietta', 'Palazzo della Ragione']",Santa Anastasia,strategy_nearest,False,0.0020380020141601562,success
04168C3A9C4C81,3,"['Castelvecchio', 'Arena']",Museo Lapidario,"['Verona Tour', 'Museo Radio', 'San Fermo', 'Casa Giulietta', 'Tomba Giulietta']",San Fermo,strategy_nearest,True,0.003255128860473633,success
0416994A9C4C80,3,['Arena'],Casa Giulietta,"['Centro Fotografia', 'Sighseeing', 'Torre Lamberti', 'Museo Conte', 'Museo Radio']",Santa Anastasia,strategy_nearest,False,0.002621889114379883,success
04168F4A9C4C81,3,"['Arena', 'San Fermo']",Santa Anastasia,"['AMO', 'Museo Conte', 'Palazzo della Ragione', 'Teatro Romano', 'Centro Fotografia']",Duomo,strategy_nearest,False,0.0034112930297851562,success
0416934A9C4C80,3,"['Arena', 'Casa Giulietta']",Santa Anastasia,"['AMO', 'Museo Conte', 'Palazzo della Ragione', 'Teatro Romano', 'Centro Fotografia']",Castelvecchio,strategy_nearest,False,0.002171039581298828,success
04168D3A9C4C80,0,['Arena'],Casa Giulietta,"['Centro Fotografia', 'Sighseeing', 'Torre Lamberti', 'Museo Conte', 'Museo Radio']",Torre Lamberti,strategy_nearest,True,0.0022211074829101562,success
04169C4A9C4C81,3,"['Arena', 'Museo Lapidario', 'Tomba Giulietta', 'San Fermo']",Teatro Romano,"['Santa Anastasia', 'Duomo', 'AMO', 'Palazzo della Ragione', 'Museo Conte']",Santa Anastasia,strategy_nearest,True,0.002115011215209961,success
0416994A9C4C81,2,['Casa Giulietta'],Santa Anastasia,"['AMO', 'Museo Conte', 'Palazzo della Ragione', 'Teatro Romano', 'Centro Fotografia']",Duomo,strategy_nearest,False,0.0013911724090576172,success
04169D4A9C4C80,2,['Museo Lapidario'],Casa Giulietta,"['Centro Fotografia', 'Sighseeing', 'Torre Lamberti', 'Museo Conte', 'Museo Radio']",Santa Anastasia,strategy_nearest,False,0.0026810169219970703,success
04169E4A9C4C80,3,"['Casa Giulietta', 'Santa Anastasia']",Torre Lamberti,"['Sighseeing', 'Centro Fotografia', 'Museo Conte', 'Palazzo della Ragione', 'AMO']",Arena,strategy_nearest,False,0.0032477378845214844,success
0416A73A9C4C80,0,['Arena'],Casa Giulietta,"['Centro Fotografia', 'Sighseeing', 'Torre Lamberti', 'Museo Conte', 'Museo Radio']",Torre Lamberti,strategy_nearest,True,0.0028760433197021484,success
0416B0429C4C81,3,"['Teatro Romano', 'Casa Giulietta', 'San Fermo']",Torre Lamberti,"['Sighseeing', 'Centro Fotografia', 'Museo Conte', 'Palazzo della Ragione', 'AMO']",Santa Anastasia,strategy_nearest,False,0.0028238296508789062,success
0416A4429C4C80,1,['Arena'],Palazzo della Ragione,"['AMO', 'Museo Conte', 'Torre Lamberti', 'Centro Fotografia', 'Sighseeing']",Casa Giulietta,strategy_nearest,False,0.0023088455200195312,success
0416AD3A9C4C81,2,['Santa Anastasia'],Duomo,"['AMO', 'Museo Miniscalchi', 'Teatro Romano', 'Palazzo della Ragione', 'Museo Conte']",San Zeno,strategy_nearest,False,0.003459930419921875,success
0416B13A9C4C81,3,['Arena'],Casa Giulietta,"['Centro Fotografia', 'Sighseeing', 'Torre Lamberti', 'Museo Conte', 'Museo Radio']",Santa Anastasia,strategy_nearest,False,0.002209186553955078,success
0416BF3A9C4C80,0,['Arena'],Casa Giulietta,"['Centro Fotografia', 'Sighseeing', 'Torre Lamberti', 'Museo Conte', 'Museo Radio']",Torre Lamberti,strategy_nearest,True,0.0024907588958740234,success
0416B6429C4C81,0,['Arena'],Casa Giulietta,"['Centro Fotografia', 'Sighseeing', 'Torre Lamberti', 'Museo Conte', 'Museo Radio']",Torre Lamberti,strategy_nearest,True,0.0033910274505615234,success
0416B23A9C4C81,0,['Arena'],Casa Giulietta,"['Centro Fotografia', 'Sighseeing', 'Torre Lamberti', 'Museo Conte', 'Museo Radio']",Torre Lamberti,strategy_nearest,True,0.0021409988403320312,success
0416BF3A9C4C81,0,['Arena'],Casa Giulietta,"['Centro Fotografia', 'Sighseeing', 'Torre Lamberti', 'Museo Conte', 'Museo Radio']",Torre Lamberti,strategy_nearest,True,0.0030908584594726562,success
0416D6429C4C81,3,"['Castelvecchio', 'Arena', 'Santa Anastasia', 'Duomo']",Torre Lamberti,"['Sighseeing', 'Centro Fotografia', 'Museo Conte', 'Casa Giulietta', 'Palazzo della Ragione']",Casa Giulietta,strategy_nearest,True,0.003062009811401367,success
0416D43A9C4C81,1,"['Arena', 'Museo Lapidario', 'Teatro Romano']",Torre Lamberti,"['Sighseeing', 'Centro Fotografia', 'Museo Conte', 'Casa Giulietta', 'Palazzo della Ragione']",Palazzo della Ragione,strategy_nearest,True,0.0028018951416015625,success
0416C33A9C4C80,2,['Castelvecchio'],Casa Giulietta,"['Centro Fotografia', 'Sighseeing', 'Torre Lamberti', 'Museo Conte', 'Museo Radio']",Torre Lamberti,strategy_nearest,True,0.0019609928131103516,success
0416D73A9C4C81,3,"['Castelvecchio', 'Duomo']",Teatro Romano,"['Santa Anastasia', 'AMO', 'Palazzo della Ragione', 'Museo Conte', 'Centro Fotografia']",San Fermo,strategy_nearest,False,0.002670764923095703,success
0416DC429C4C81,0,['Casa Giulietta'],Arena,"['Verona Tour', 'Museo Lapidario', 'Museo Radio', 'San Fermo', 'Sighseeing']",Castelvecchio,strategy_nearest,False,0.002777099609375,success
04173E429C4C81,3,['Arena'],Santa Anastasia,"['AMO', 'Museo Conte', 'Palazzo della Ragione', 'Teatro Romano', 'Centro Fotografia']",Torre Lamberti,strategy_nearest,False,0.0032281875610351562,success
0416DF3A9C4C81,2,"['Torre Lamberti', 'Casa Giulietta']",Castelvecchio,"['Museo Lapidario', 'Verona Tour', 'Arena', 'Museo Radio', 'San Zeno']",San Zeno,strategy_nearest,True,0.002039194107055664,success
0417523A9C4C81,3,"['Arena', 'Casa Giulietta']",Torre Lamberti,"['Sighseeing', 'Centro Fotografia', 'Museo Conte', 'Palazzo della Ragione', 'AMO']",Santa Anastasia,strategy_nearest,False,0.0022721290588378906,success
0417563A9C4C81,3,"['San Zeno', 'Arena']",Torre Lamberti,"['Sighseeing', 'Centro Fotografia', 'Museo Conte', 'Casa Giulietta', 'Palazzo della Ragione']",San Fermo,strategy_nearest,False,0.0020072460174560547,success
0417623A9C4C81,3,"['Castelvecchio', 'Casa Giulietta', 'Duomo']",Teatro Romano,"['Santa Anastasia', 'AMO', 'Palazzo della Ragione', 'Museo Conte', 'Centro Fotografia']",Santa Anastasia,strategy_nearest,True,0.0026438236236572266,success
0417663A9C4C80,3,"['Arena', 'Casa Giulietta']",Santa Anastasia,"['AMO', 'Museo Conte', 'Palazzo della Ragione', 'Teatro Romano', 'Centro Fotografia']",Teatro Romano,strategy_nearest,True,0.004462242126464844,success
04176A429C4C80,0,['San Fermo'],Casa Giulietta,"['Centro Fotografia', 'Sighseeing', 'Torre Lamberti', 'Museo Conte', 'Museo Radio']",Arena,strategy_nearest,False,0.002487659454345703,success
0417703A9C4C80,3,"['Castelvecchio', 'Arena']",Museo Lapidario,"['Verona Tour', 'Museo Radio', 'San Fermo', 'Casa Giulietta', 'Tomba Giulietta']",San Fermo,strategy_nearest,True,0.00335693359375,success
041772429C4C81,0,['Arena'],Casa Giulietta,"['Centro Fotografia', 'Sighseeing', 'Torre Lamberti', 'Museo Conte', 'Museo Radio']",Torre Lamberti,strategy_nearest,True,0.002671957015991211,success
0417793A9C4C81,0,"['Arena', 'Torre Lamberti']",Castelvecchio,"['Museo Lapidario', 'Verona Tour', 'Museo Radio', 'San Zeno', 'Sighseeing']",San Zeno,strategy_nearest,True,0.00398707389831543,success
04177E429C4C80,3,"['Casa Giulietta', 'Teatro Romano']",Duomo,"['AMO', 'Museo Miniscalchi', 'Santa Anastasia', 'Palazzo della Ragione', 'Museo Conte']",Torre Lamberti,strategy_nearest,False,0.002017974853515625,success
04177E3A9C4C80,0,['Arena'],Casa Giulietta,"['Centro Fotografia', 'Sighseeing', 'Torre Lamberti', 'Museo Conte', 'Museo Radio']",Torre Lamberti,strategy_nearest,True,0.0014998912811279297,success
0417763A9C4C80,0,['Arena'],Casa Giulietta,"['Centro Fotografia', 'Sighseeing', 'Torre Lamberti', 'Museo Conte', 'Museo Radio']",Santa Anastasia,strategy_nearest,False,0.0047588348388671875,success
041780429C4C81,1,"['Castelvecchio', 'Casa Giulietta', 'Arena']",Torre Lamberti,"['Sighseeing', 'Centro Fotografia', 'Museo Conte', 'Palazzo della Ragione', 'AMO']",Palazzo della Ragione,strategy_nearest,True,0.0018689632415771484,success
0417823A9C4C81,3,"['Arena', 'Santa Anastasia']",Duomo,"['AMO', 'Museo Miniscalchi', 'Teatro Romano', 'Palazzo della Ragione', 'Museo Conte']",Castelvecchio,strategy_nearest,False,0.0027480125427246094,success
0417833A9C4C80,3,"['Arena', 'Museo Lapidario', 'Castelvecchio']",Torre Lamberti,"['Sighseeing', 'Centro Fotografia', 'Museo Conte', 'Casa Giulietta', 'Palazzo della Ragione']",Santa Anastasia,strategy_nearest,False,0.0033881664276123047,success
0417844A9C4C80,0,['Torre Lamberti'],Arena,"['Verona Tour', 'Museo Lapidario', 'Museo Radio', 'San Fermo', 'Casa Giulietta']",Castelvecchio,strategy_nearest,False,0.0029761791229248047,success
041782429C4C81,0,['Castelvecchio'],Arena,"['Verona Tour', 'Museo Lapidario', 'Museo Radio', 'San Fermo', 'Casa Giulietta']",Teatro Romano,strategy_nearest,False,0.0028111934661865234,success
041783429C4C81,2,"['Casa Giulietta', 'Santa Anastasia']",Duomo,"['AMO', 'Museo Miniscalchi', 'Teatro Romano', 'Palazzo della Ragione', 'Museo Conte']",Teatro Romano,strategy_nearest,True,0.0025153160095214844,success
0417844A9C4C81,3,"['Castelvecchio', 'Arena']",Casa Giulietta,"['Centro Fotografia', 'Sighseeing', 'Torre Lamberti', 'Museo Conte', 'Museo Radio']",Torre Lamberti,strategy_nearest,True,0.0021660327911376953,success
041788429C4C80,0,['Arena'],Museo Lapidario,"['Verona Tour', 'Castelvecchio', 'Museo Radio', 'San Fermo', 'Casa Giulietta']",Casa Giulietta,strategy_nearest,True,0.001413106918334961,success
041787429C4C80,2,['Casa Giulietta'],Santa Anastasia,"['AMO', 'Museo Conte', 'Palazzo della Ragione', 'Teatro Romano', 'Centro Fotografia']",Duomo,strategy_nearest,False,0.0027990341186523438,success
041788429C4C81,2,['Casa Giulietta'],Santa Anastasia,"['AMO', 'Museo Conte', 'Palazzo della Ragione', 'Teatro Romano', 'Centro Fotografia']",Duomo,strategy_nearest,False,0.003339052200317383,success
04178F4A9C4C81,0,['Arena'],Tomba Giulietta,"['San Fermo', 'Museo Storia', 'Museo Lapidario', 'Museo Radio', 'Verona Tour']",San Fermo,strategy_nearest,True,0.002070903778076172,success
04178D4A9C4C81,2,"['Casa Giulietta', 'Torre Lamberti']",Santa Anastasia,"['AMO', 'Museo Conte', 'Palazzo della Ragione', 'Teatro Romano', 'Centro Fotografia']",Duomo,strategy_nearest,False,0.003496885299682617,success
0417934A9C4C81,1,"['Arena', 'Casa Giulietta', 'Torre Lamberti']",Palazzo della Ragione,"['AMO', 'Museo Conte', 'Centro Fotografia', 'Sighseeing', 'Santa Anastasia']",Santa Anastasia,strategy_nearest,True,0.003226041793823242,success
04178B4A9C4C80,2,['Casa Giulietta'],Teatro Romano,"['Santa Anastasia', 'Duomo', 'AMO', 'Palazzo della Ragione', 'Museo Conte']",Castelvecchio,strategy_nearest,False,0.002259969711303711,success
0417944A9C4C81,3,['Museo Lapidario'],Arena,"['Verona Tour', 'Museo Radio', 'San Fermo', 'Casa Giulietta', 'Sighseeing']",Torre Lamberti,strategy_nearest,False,0.0033960342407226562,success
041797429C4C81,0,['Arena'],Santa Anastasia,"['AMO', 'Museo Conte', 'Palazzo della Ragione', 'Teatro Romano', 'Centro Fotografia']",Casa Giulietta,strategy_nearest,False,0.0015549659729003906,success
0417944A9C4C80,3,['Arena'],Torre Lamberti,"['Sighseeing', 'Centro Fotografia', 'Museo Conte', 'Casa Giulietta', 'Palazzo della Ragione']",Casa Giulietta,strategy_nearest,True,0.0028238296508789062,success
0417984A9C4C81,3,"['Arena', 'Castelvecchio']",Casa Giulietta,"['Centro Fotografia', 'Sighseeing', 'Torre Lamberti', 'Museo Conte', 'Museo Radio']",Santa Anastasia,strategy_nearest,False,0.0021119117736816406,success
04179B4A9C4C80,3,"['Casa Giulietta', 'Torre Lamberti']",Duomo,"['AMO', 'Museo Miniscalchi', 'Santa Anastasia', 'Teatro Romano', 'Palazzo della Ragione']",Santa Anastasia,strategy_nearest,True,0.0011119842529296875,success
0417A44A9C4C81,3,"['Arena', 'Casa Giulietta']",Santa Anastasia,"['AMO', 'Museo Conte', 'Palazzo della Ragione', 'Teatro Romano', 'Centro Fotografia']",Torre Lamberti,strategy_nearest,False,0.0019261837005615234,success
0417A3429C4C80,2,"['Teatro Romano', 'Duomo']",Castelvecchio,"['Museo Lapidario', 'Verona Tour', 'Arena', 'Museo Radio', 'San Zeno']",Tomba Giulietta,strategy_nearest,False,0.0029478073120117188,success
0417A5429C4C81,0,['Arena'],Torre Lamberti,"['Sighseeing', 'Centro Fotografia', 'Museo Conte', 'Casa Giulietta', 'Palazzo della Ragione']",Castelvecchio,strategy_nearest,False,0.0021131038665771484,success
0417A4429C4C81,3,"['Museo Storia', 'San Fermo']",Teatro Romano,"['Santa Anastasia', 'Duomo', 'AMO', 'Palazzo della Ragione', 'Museo Conte']",Torre Lamberti,strategy_nearest,False,0.0036020278930664062,success
0417A7429C4C81,0,['Casa Giulietta'],Torre Lamberti,"['Sighseeing', 'Centro Fotografia', 'Museo Conte', 'Palazzo della Ragione', 'AMO']",Arena,strategy_nearest,False,0.0033032894134521484,success
0417A63A9C4C80,2,['Torre Lamberti'],Castelvecchio,"['Museo Lapidario', 'Verona Tour', 'Arena', 'Museo Radio', 'San Zeno']",San Zeno,strategy_nearest,True,0.0024771690368652344,success
0417A94A9C4C80,3,"['Arena', 'Museo Lapidario', 'Casa Giulietta', 'Torre Lamberti']",Santa Anastasia,"['AMO', 'Museo Conte', 'Palazzo della Ragione', 'Teatro Romano', 'Centro Fotografia']",Duomo,strategy_nearest,False,0.0018260478973388672,success
0417A94A9C4C81,0,['Casa Giulietta'],Castelvecchio,"['Museo Lapidario', 'Verona Tour', 'Arena', 'Museo Radio', 'San Zeno']",Arena,strategy_nearest,True,0.0031349658966064453,success
0417AA3A9C4C81,3,['Santa Anastasia'],Duomo,"['AMO', 'Museo Miniscalchi', 'Teatro Romano', 'Palazzo della Ragione', 'Museo Conte']",Arena,strategy_nearest,False,0.0019378662109375,success
0417B4429C4C81,3,['Arena'],Torre Lamberti,"['Sighseeing', 'Centro Fotografia', 'Museo Conte', 'Casa Giulietta', 'Palazzo della Ragione']",Santa Anastasia,strategy_nearest,False,0.002361774444580078,success
0417B33A9C4C81,3,"['Arena', 'Casa Giulietta']",Torre Lamberti,"['Sighseeing', 'Centro Fotografia', 'Museo Conte', 'Palazzo della Ragione', 'AMO']",Santa Anastasia,strategy_nearest,False,0.003125905990600586,success
0417AA4A9C4C80,3,"['Arena', 'Casa Giulietta', 'San Fermo']",Teatro Romano,"['Santa Anastasia', 'Duomo', 'AMO', 'Palazzo della Ragione', 'Museo Conte']",Duomo,strategy_nearest,True,0.0027718544006347656,success
0417B93A9C4C80,3,"['Arena', 'Castelvecchio']",Duomo,"['AMO', 'Museo Miniscalchi', 'Santa Anastasia', 'Teatro Romano', 'Palazzo della Ragione']",Teatro Romano,strategy_nearest,True,0.002034902572631836,success
0417B63A9C4C81,3,"['Arena', 'Castelvecchio']",Torre Lamberti,"['Sighseeing', 'Centro Fotografia', 'Museo Conte', 'Casa Giulietta', 'Palazzo della Ragione']",Casa Giulietta,strategy_nearest,True,0.0034668445587158203,success
0417B7429C4C81,0,['Arena'],Torre Lamberti,"['Sighseeing', 'Centro Fotografia', 'Museo Conte', 'Casa Giulietta', 'Palazzo della Ragione']",Casa Giulietta,strategy_nearest,True,0.0033500194549560547,success
0417B73A9C4C81,3,['Santa Anastasia'],Duomo,"['AMO', 'Museo Miniscalchi', 'Teatro Romano', 'Palazzo della Ragione', 'Museo Conte']",Arena,strategy_nearest,False,0.0022079944610595703,success
0417C0429C4C81,0,['Arena'],Casa Giulietta,"['Centro Fotografia', 'Sighseeing', 'Torre Lamberti', 'Museo Conte', 'Museo Radio']",Torre Lamberti,strategy_nearest,True,0.0021719932556152344,success
0417C33A9C4C81,0,['Tomba Giulietta'],Arena,"['Verona Tour', 'Museo Lapidario', 'Museo Radio', 'San Fermo', 'Casa Giulietta']",Casa Giulietta,strategy_nearest,True,0.002791166305541992,success
0417C63A9C4C80,0,['Arena'],San Zeno,"['Castelvecchio', 'Verona Tour', 'Museo Lapidario', 'Museo Miniscalchi', 'Sighseeing']",Castelvecchio,strategy_nearest,True,0.0032320022583007812,success
0417BA429C4C81,3,"['Arena', 'Casa Giulietta']",Teatro Romano,"['Santa Anastasia', 'Duomo', 'AMO', 'Palazzo della Ragione', 'Museo Conte']",Duomo,strategy_nearest,True,0.0025637149810791016,success
0417D03A9C4C81,2,['Tomba Giulietta'],San Fermo,"['Museo Storia', 'Museo Radio', 'Casa Giulietta', 'Centro Fotografia', 'Arena']",Teatro Romano,strategy_nearest,False,0.0027141571044921875,success
0417D23A9C4C80,3,"['Arena', 'Casa Giulietta']",Santa Anastasia,"['AMO', 'Museo Conte', 'Palazzo della Ragione', 'Teatro Romano', 'Centro Fotografia']",Duomo,strategy_nearest,False,0.002084970474243164,success
0417D43A9C4C80,2,"['Duomo', 'Santa Anastasia', 'Teatro Romano']",Casa Giulietta,"['Centro Fotografia', 'Sighseeing', 'Torre Lamberti', 'Museo Conte', 'Museo Radio']",Torre Lamberti,strategy_nearest,True,0.003223896026611328,success
0417C7429C4C81,3,"['Casa Giulietta', 'Santa Anastasia', 'Duomo']",Teatro Romano,"['AMO', 'Palazzo della Ragione', 'Museo Conte', 'Centro Fotografia', 'Museo Miniscalchi']",Torre Lamberti,strategy_nearest,False,0.002644062042236328,success
0418613A9C4C80,1,"['Torre Lamberti', 'Palazzo della Ragione']",Casa Giulietta,"['Centro Fotografia', 'Sighseeing', 'Museo Conte', 'Museo Radio', 'San Fermo']",Castelvecchio,strategy_nearest,False,0.0013492107391357422,success
04184B3A9C4C81,2,"['Castelvecchio', 'Duomo']",Teatro Romano,"['Santa Anastasia', 'AMO', 'Palazzo della Ragione', 'Museo Conte', 'Centro Fotografia']",Torre Lamberti,strategy_nearest,False,0.002707958221435547,success
0417D4429C4C80,0,['Arena'],Castelvecchio,"['Museo Lapidario', 'Verona Tour', 'Museo Radio', 'San Zeno', 'Sighseeing']",San Zeno,strategy_nearest,True,0.004007816314697266,success
041845429C4C81,3,"['Arena', 'Casa Giulietta']",Santa Anastasia,"['AMO', 'Museo Conte', 'Palazzo della Ragione', 'Teatro Romano', 'Centro Fotografia']",Duomo,strategy_nearest,False,0.002754688262939453,success
04187E429C4C81,3,"['Castelvecchio', 'Arena', 'Casa Giulietta']",Santa Anastasia,"['AMO', 'Museo Conte', 'Palazzo della Ragione', 'Teatro Romano', 'Centro Fotografia']",Torre Lamberti,strategy_nearest,False,0.003434896469116211,success
041880429C4C81,1,"['Casa Giulietta', 'Arena']",Torre Lamberti,"['Sighseeing', 'Centro Fotografia', 'Museo Conte', 'Palazzo della Ragione', 'AMO']",Palazzo della Ragione,strategy_nearest,True,0.0032358169555664062,success
0418803A9C4C81,3,"['Arena', 'Torre Lamberti']",Duomo,"['AMO', 'Museo Miniscalchi', 'Santa Anastasia', 'Teatro Romano', 'Palazzo della Ragione']",Teatro Romano,strategy_nearest,True,0.0020821094512939453,success
04186D3A9C4C81,1,"['Arena', 'Casa Giulietta', 'Palazzo della Ragione']",Torre Lamberti,"['Sighseeing', 'Centro Fotografia', 'Museo Conte', 'AMO', 'Museo Miniscalchi']",Duomo,strategy_nearest,False,0.0022537708282470703,success
0418854A9C4C81,0,['Casa Giulietta'],San Fermo,"['Museo Storia', 'Museo Radio', 'Centro Fotografia', 'Arena', 'Sighseeing']",Tomba Giulietta,strategy_nearest,False,0.0021669864654541016,success
04188A4A9C4C81,3,"['Museo Lapidario', 'Arena', 'Casa Giulietta']",San Fermo,"['Museo Storia', 'Museo Radio', 'Centro Fotografia', 'Sighseeing', 'Torre Lamberti']",Castelvecchio,strategy_nearest,False,0.002579212188720703,success
041887429C4C81,3,"['Arena', 'Torre Lamberti']",Santa Anastasia,"['AMO', 'Museo Conte', 'Palazzo della Ragione', 'Teatro Romano', 'Centro Fotografia']",Duomo,strategy_nearest,False,0.0015332698822021484,success
0418823A9C4C81,3,"['Arena', 'Castelvecchio', 'San Zeno']",Duomo,"['AMO', 'Museo Miniscalchi', 'Santa Anastasia', 'Teatro Romano', 'Palazzo della Ragione']",Teatro Romano,strategy_nearest,True,0.0033800601959228516,success
04188E4A9C4C81,0,"['Arena', 'Torre Lamberti']",Casa Giulietta,"['Centro Fotografia', 'Sighseeing', 'Museo Conte', 'Museo Radio', 'Palazzo della Ragione']",Tomba Giulietta,strategy_nearest,False,0.0026857852935791016,success
04188B4A9C4C81,3,"['San Zeno', 'Duomo']",Santa Anastasia,"['AMO', 'Museo Conte', 'Palazzo della Ragione', 'Teatro Romano', 'Centro Fotografia']",Arena,strategy_nearest,False,0.0033299922943115234,success
0418924A9C4C81,1,"['Arena', 'Casa Giulietta', 'San Fermo']",Tomba Giulietta,"['Museo Storia', 'Museo Lapidario', 'Museo Radio', 'Verona Tour', 'Castelvecchio']",Torre Lamberti,strategy_nearest,False,0.001978158950805664,success
04188F429C4C81,3,"['Arena', 'Casa Giulietta']",Santa Anastasia,"['AMO', 'Museo Conte', 'Palazzo della Ragione', 'Teatro Romano', 'Centro Fotografia']",Duomo,strategy_nearest,False,0.001477956771850586,success
0418A7429C4C81,0,['Arena'],Castelvecchio,"['Museo Lapidario', 'Verona Tour', 'Museo Radio', 'San Zeno', 'Sighseeing']",Casa Giulietta,strategy_nearest,False,0.003104686737060547,success
0418994A9C4C81,2,"['Museo Lapidario', 'Castelvecchio']",Casa Giulietta,"['Centro Fotografia', 'Sighseeing', 'Torre Lamberti', 'Museo Conte', 'Museo Radio']",Duomo,strategy_nearest,False,0.002719879150390625,success
04189B4A9C4C81,3,"['Arena', 'San Fermo']",Casa Giulietta,"['Centro Fotografia', 'Sighseeing', 'Torre Lamberti', 'Museo Conte', 'Museo Radio']",Teatro Romano,strategy_nearest,False,0.0027179718017578125,success
0418A73A9C4C81,0,"['San Zeno', 'Castelvecchio']",Arena,"['Verona Tour', 'Museo Lapidario', 'Museo Radio', 'San Fermo', 'Casa Giulietta']",Casa Giulietta,strategy_nearest,True,0.0015048980712890625,success
0418BD429C4C81,2,['Giardino Giusti'],Castelvecchio,"['Museo Lapidario', 'Verona Tour', 'Arena', 'Museo Radio', 'San Zeno']",Santa Anastasia,strategy_nearest,False,0.0015170574188232422,success
0418AF429C4C81,1,"['Arena', 'Casa Giulietta']",Palazzo della Ragione,"['AMO', 'Museo Conte', 'Torre Lamberti', 'Centro Fotografia', 'Sighseeing']",Santa Anastasia,strategy_nearest,False,0.0028219223022460938,success
0418B1429C4C81,0,['Arena'],Torre Lamberti,"['Sighseeing', 'Centro Fotografia', 'Museo Conte', 'Casa Giulietta', 'Palazzo della Ragione']",Casa Giulietta,strategy_nearest,True,0.002145051956176758,success
0418BE429C4C81,3,['Arena'],San Fermo,"['Museo Storia', 'Museo Radio', 'Casa Giulietta', 'Centro Fotografia', 'Sighseeing']",Teatro Romano,strategy_nearest,False,0.0032029151916503906,success
0418CD3A9C4C81,0,['Castelvecchio'],Casa Giulietta,"['Centro Fotografia', 'Sighseeing', 'Torre Lamberti', 'Museo Conte', 'Museo Radio']",Arena,strategy_nearest,False,0.002227783203125,success
0418C83A9C4C81,3,['Arena'],Torre Lamberti,"['Sighseeing', 'Centro Fotografia', 'Museo Conte', 'Casa Giulietta', 'Palazzo della Ragione']",Santa Anastasia,strategy_nearest,False,0.0047359466552734375,success
0418D63A9C4C81,3,"['Arena', 'Casa Giulietta', 'Torre Lamberti', 'Santa Anastasia']",Duomo,"['AMO', 'Museo Miniscalchi', 'Teatro Romano', 'Palazzo della Ragione', 'Museo Conte']",Castelvecchio,strategy_nearest,False,0.0027670860290527344,success
0418D9429C4C81,3,"['Arena', 'Teatro Romano']",Santa Anastasia,"['AMO', 'Museo Conte', 'Palazzo della Ragione', 'Centro Fotografia', 'Duomo']",Torre Lamberti,strategy_nearest,False,0.0014357566833496094,success
041940429C4C81,2,['Teatro Romano'],Torre Lamberti,"['Sighseeing', 'Centro Fotografia', 'Museo Conte', 'Casa Giulietta', 'Palazzo della Ragione']",Duomo,strategy_nearest,False,0.002772092819213867,success
041943429C4C81,3,"['Torre Lamberti', 'Teatro Romano', 'Arena']",Castelvecchio,"['Museo Lapidario', 'Verona Tour', 'Museo Radio', 'San Zeno', 'Sighseeing']",Casa Giulietta,strategy_nearest,False,0.002125978469848633,success
041941A28C3681,0,['Arena'],Torre Lamberti,"['Sighseeing', 'Centro Fotografia', 'Museo Conte', 'Casa Giulietta', 'Palazzo della Ragione']",Casa Giulietta,strategy_nearest,True,0.0033969879150390625,success
041952429C4C81,3,"['Arena', 'Casa Giulietta', 'Torre Lamberti']",Tomba Giulietta,"['San Fermo', 'Museo Storia', 'Museo Lapidario', 'Museo Radio', 'Verona Tour']",Santa Anastasia,strategy_nearest,False,0.0014081001281738281,success
0419543A9C4C80,0,['Casa Giulietta'],Torre Lamberti,"['Sighseeing', 'Centro Fotografia', 'Museo Conte', 'Palazzo della Ragione', 'AMO']",Arena,strategy_nearest,False,0.0022478103637695312,success
0419623A9C4C81,1,"['Arena', 'Museo Lapidario', 'Castelvecchio']",Duomo,"['AMO', 'Museo Miniscalchi', 'Santa Anastasia', 'Teatro Romano', 'Palazzo della Ragione']",Teatro Romano,strategy_nearest,True,0.0026819705963134766,success
0419583A9C4C81,3,"['Arena', 'Casa Giulietta', 'Torre Lamberti']",Santa Anastasia,"['AMO', 'Museo Conte', 'Palazzo della Ragione', 'Teatro Romano', 'Centro Fotografia']",Castelvecchio,strategy_nearest,False,0.0021359920501708984,success
041959429C4C81,1,"['Torre Lamberti', 'Palazzo della Ragione', 'Casa Giulietta']",Arena,"['Verona Tour', 'Museo Lapidario', 'Museo Radio', 'San Fermo', 'Sighseeing']",Teatro Romano,strategy_nearest,False,0.003320932388305664,success
0419733A9C4C80,3,"['Arena', 'Castelvecchio']",San Zeno,"['Verona Tour', 'Museo Lapidario', 'Museo Miniscalchi', 'Sighseeing', 'Museo Radio']",Torre Lamberti,strategy_nearest,False,0.0026476383209228516,success
0419693A9C4C80,2,"['Casa Giulietta', 'Teatro Romano']",Santa Anastasia,"['AMO', 'Museo Conte', 'Palazzo della Ragione', 'Centro Fotografia', 'Duomo']",Palazzo della Ragione,strategy_nearest,True,0.0022211074829101562,success
0419663A9C4C81,3,['Arena'],Santa Anastasia,"['AMO', 'Museo Conte', 'Palazzo della Ragione', 'Teatro Romano', 'Centro Fotografia']",Teatro Romano,strategy_nearest,True,0.0016131401062011719,success
041974429C4C81,2,"['Casa Giulietta', 'Torre Lamberti']",Santa Anastasia,"['AMO', 'Museo Conte', 'Palazzo della Ragione', 'Teatro Romano', 'Centro Fotografia']",Duomo,strategy_nearest,False,0.0032739639282226562,success
04197A3A9C4C81,0,['Arena'],Museo Lapidario,"['Verona Tour', 'Castelvecchio', 'Museo Radio', 'San Fermo', 'Casa Giulietta']",Castelvecchio,strategy_nearest,True,0.0026438236236572266,success
04197D3A9C4C81,3,"['Arena', 'San Fermo']",Casa Giulietta,"['Centro Fotografia', 'Sighseeing', 'Torre Lamberti', 'Museo Conte', 'Museo Radio']",Torre Lamberti,strategy_nearest,True,0.001987934112548828,success
04197F3A9C4C80,0,"['Arena', 'Casa Giulietta']",Torre Lamberti,"['Sighseeing', 'Centro Fotografia', 'Museo Conte', 'Palazzo della Ragione', 'AMO']",San Zeno,strategy_nearest,False,0.0026590824127197266,success
0419894A9C4C81,1,"['Arena', 'Castelvecchio']",Palazzo della Ragione,"['AMO', 'Museo Conte', 'Torre Lamberti', 'Centro Fotografia', 'Sighseeing']",Santa Anastasia,strategy_nearest,False,0.0015919208526611328,success
041987429C4C80,3,"['Casa Giulietta', 'Arena']",Torre Lamberti,"['Sighseeing', 'Centro Fotografia', 'Museo Conte', 'Palazzo della Ragione', 'AMO']",Santa Anastasia,strategy_nearest,False,0.003323793411254883,success
0419974A9C4C81,0,['Arena'],Casa Giulietta,"['Centro Fotografia', 'Sighseeing', 'Torre Lamberti', 'Museo Conte', 'Museo Radio']",Torre Lamberti,strategy_nearest,True,0.0024607181549072266,success
0419944A9C4C80,0,['Arena'],Casa Giulietta,"['Centro Fotografia', 'Sighseeing', 'Torre Lamberti', 'Museo Conte', 'Museo Radio']",Torre Lamberti,strategy_nearest,True,0.003306865692138672,success
04198F4A9C4C80,3,"['Arena', 'Museo Lapidario']",Castelvecchio,"['Verona Tour', 'Museo Radio', 'San Zeno', 'Sighseeing', 'Museo Miniscalchi']",Duomo,strategy_nearest,False,0.002789020538330078,success
04198F429C4C81,0,['Castelvecchio'],Arena,"['Verona Tour', 'Museo Lapidario', 'Museo Radio', 'San Fermo', 'Casa Giulietta']",Casa Giulietta,strategy_nearest,True,0.0028581619262695312,success
04199C429C4C80,3,['Arena'],Santa Anastasia,"['AMO', 'Museo Conte', 'Palazzo della Ragione', 'Teatro Romano', 'Centro Fotografia']",Teatro Romano,strategy_nearest,True,0.0015759468078613281,success
04199B4A9C4C80,3,['Santa Anastasia'],Torre Lamberti,"['Sighseeing', 'Centro Fotografia', 'Museo Conte', 'Casa Giulietta', 'Palazzo della Ragione']",Arena,strategy_nearest,False,0.002225160598754883,success
04199D4A9C4C80,0,['Teatro Romano'],San Fermo,"['Museo Storia', 'Museo Radio', 'Casa Giulietta', 'Centro Fotografia', 'Arena']",Torre Lamberti,strategy_nearest,False,0.0034110546112060547,success
04199D429C4C80,3,['Arena'],San Fermo,"['Museo Storia', 'Museo Radio', 'Casa Giulietta', 'Centro Fotografia', 'Sighseeing']",Santa Anastasia,strategy_nearest,False,0.002777099609375,success
04199E4A9C4C80,2,['Casa Giulietta'],Torre Lamberti,"['Sighseeing', 'Centro Fotografia', 'Museo Conte', 'Palazzo della Ragione', 'AMO']",Santa Anastasia,strategy_nearest,False,0.0023500919342041016,success
0419A3429C4C81,0,['Arena'],San Zeno,"['Castelvecchio', 'Verona Tour', 'Museo Lapidario', 'Museo Miniscalchi', 'Sighseeing']",Torre Lamberti,strategy_nearest,False,0.0021071434020996094,success
0419A34A9C4C81,0,['Arena'],Torre Lamberti,"['Sighseeing', 'Centro Fotografia', 'Museo Conte', 'Casa Giulietta', 'Palazzo della Ragione']",Duomo,strategy_nearest,False,0.003222942352294922,success
0419A04A9C4C80,3,['Arena'],Torre Lamberti,"['Sighseeing', 'Centro Fotografia', 'Museo Conte', 'Casa Giulietta', 'Palazzo della Ragione']",Casa Giulietta,strategy_nearest,True,0.002753019332885742,success
0419A83A9C4C81,1,"['Arena', 'San Zeno', 'Castelvecchio', 'Teatro Romano']",Duomo,"['AMO', 'Museo Miniscalchi', 'Santa Anastasia', 'Palazzo della Ragione', 'Museo Conte']",Santa Anastasia,strategy_nearest,True,0.002725839614868164,success
0419A64A9C4C80,0,['Arena'],Museo Lapidario,"['Verona Tour', 'Castelvecchio', 'Museo Radio', 'San Fermo', 'Casa Giulietta']",Castelvecchio,strategy_nearest,True,0.0027480125427246094,success
0419AA3A9C4C80,0,['Arena'],Teatro Romano,"['Santa Anastasia', 'Duomo', 'AMO', 'Palazzo della Ragione', 'Museo Conte']",Torre Lamberti,strategy_nearest,False,0.001405954360961914,success
0419A9429C4C80,0,['Arena'],Casa Giulietta,"['Centro Fotografia', 'Sighseeing', 'Torre Lamberti', 'Museo Conte', 'Museo Radio']",San Fermo,strategy_nearest,False,0.003325939178466797,success
0419AE3A9C4C81,1,"['Arena', 'San Fermo', 'Palazzo della Ragione']",Torre Lamberti,"['Sighseeing', 'Centro Fotografia', 'Museo Conte', 'Casa Giulietta', 'AMO']",Santa Anastasia,strategy_nearest,False,0.0032727718353271484,success
0419AA4A9C4C81,3,['Arena'],Castelvecchio,"['Museo Lapidario', 'Verona Tour', 'Museo Radio', 'San Zeno', 'Sighseeing']",Teatro Romano,strategy_nearest,False,0.002597808837890625,success
0419AD3A9C4C81,0,['Arena'],Torre Lamberti,"['Sighseeing', 'Centro Fotografia', 'Museo Conte', 'Casa Giulietta', 'Palazzo della Ragione']",Casa Giulietta,strategy_nearest,True,0.0026650428771972656,success
0419AA429C4C81,0,['Arena'],Castelvecchio,"['Museo Lapidario', 'Verona Tour', 'Museo Radio', 'San Zeno', 'Sighseeing']",Casa Giulietta,strategy_nearest,False,0.002046823501586914,success
0419B83A9C4C80,3,"['Arena', 'Casa Giulietta', 'Torre Lamberti']",Santa Anastasia,"['AMO', 'Museo Conte', 'Palazzo della Ragione', 'Teatro Romano', 'Centro Fotografia']",Teatro Romano,strategy_nearest,True,0.002084016799926758,success
0419B73A9C4C80,1,"['Arena', 'Casa Giulietta']",Torre Lamberti,"['Sighseeing', 'Centro Fotografia', 'Museo Conte', 'Palazzo della Ragione', 'AMO']",Palazzo della Ragione,strategy_nearest,True,0.0015950202941894531,success
0419B2429C4C81,0,['Arena'],Torre Lamberti,"['Sighseeing', 'Centro Fotografia', 'Museo Conte', 'Casa Giulietta', 'Palazzo della Ragione']",Castelvecchio,strategy_nearest,False,0.0028219223022460938,success
0419B7429C4C81,3,"['Arena', 'Museo Lapidario']",Torre Lamberti,"['Sighseeing', 'Centro Fotografia', 'Museo Conte', 'Casa Giulietta', 'Palazzo della Ragione']",Casa Giulietta,strategy_nearest,True,0.0034759044647216797,success
0419BC429C4C80,3,"['Arena', 'Torre Lamberti']",Casa Giulietta,"['Centro Fotografia', 'Sighseeing', 'Museo Conte', 'Museo Radio', 'Palazzo della Ragione']",Santa Anastasia,strategy_nearest,False,0.002004384994506836,success
0419C4429C4C81,2,['Castelvecchio'],San Fermo,"['Museo Storia', 'Museo Radio', 'Casa Giulietta', 'Centro Fotografia', 'Arena']",Tomba Giulietta,strategy_nearest,False,0.003196239471435547,success
0419BC429C4C81,3,"['Arena', 'Casa Giulietta']",Torre Lamberti,"['Sighseeing', 'Centro Fotografia', 'Museo Conte', 'Palazzo della Ragione', 'AMO']",Santa Anastasia,strategy_nearest,False,0.0033860206604003906,success
0419BD3A9C4C81,2,['Teatro Romano'],Torre Lamberti,"['Sighseeing', 'Centro Fotografia', 'Museo Conte', 'Casa Giulietta', 'Palazzo della Ragione']",Casa Giulietta,strategy_nearest,True,0.0018723011016845703,success
0419C63A9C4C81,3,"['Castelvecchio', 'Casa Giulietta']",Torre Lamberti,"['Sighseeing', 'Centro Fotografia', 'Museo Conte', 'Palazzo della Ragione', 'AMO']",Santa Anastasia,strategy_nearest,False,0.002637147903442383,success
0419C73A9C4C81,3,"['Arena', 'Casa Giulietta']",Santa Anastasia,"['AMO', 'Museo Conte', 'Palazzo della Ragione', 'Teatro Romano', 'Centro Fotografia']",Duomo,strategy_nearest,False,0.0020182132720947266,success
0419C83A9C4C80,2,['Castelvecchio'],Casa Giulietta,"['Centro Fotografia', 'Sighseeing', 'Torre Lamberti', 'Museo Conte', 'Museo Radio']",Tomba Giulietta,strategy_nearest,False,0.0013098716735839844,success
0419C83A9C4C81,0,['Arena'],Casa Giulietta,"['Centro Fotografia', 'Sighseeing', 'Torre Lamberti', 'Museo Conte', 'Museo Radio']",Torre Lamberti,strategy_nearest,True,0.003385782241821289,success
0419CE429C4C81,1,"['Arena', 'Torre Lamberti', 'Palazzo della Ragione', 'Duomo']",Giardino Giusti,"['Santa Anastasia', 'Teatro Romano', 'Museo Conte', 'Centro Fotografia', 'Museo Storia']",San Fermo,strategy_nearest,False,0.0018780231475830078,success
0419CB3A9C4C80,0,['Arena'],Torre Lamberti,"['Sighseeing', 'Centro Fotografia', 'Museo Conte', 'Casa Giulietta', 'Palazzo della Ragione']",Duomo,strategy_nearest,False,0.0028350353240966797,success
0419D33A9C4C80,3,['Arena'],Santa Anastasia,"['AMO', 'Museo Conte', 'Palazzo della Ragione', 'Teatro Romano', 'Centro Fotografia']",Teatro Romano,strategy_nearest,True,0.0032939910888671875,success
0419D1429C4C81,0,['Castelvecchio'],Casa Giulietta,"['Centro Fotografia', 'Sighseeing', 'Torre Lamberti', 'Museo Conte', 'Museo Radio']",Arena,strategy_nearest,False,0.0028200149536132812,success
0419DB3A9C4C80,3,"['San Zeno', 'San Fermo', 'Teatro Romano', 'Duomo']",Santa Anastasia,"['AMO', 'Museo Conte', 'Palazzo della Ragione', 'Centro Fotografia', 'Torre Lamberti']",Arena,strategy_nearest,False,0.0022797584533691406,success
041A40429C4C81,0,"['Arena', 'Casa Giulietta']",Tomba Giulietta,"['San Fermo', 'Museo Storia', 'Museo Lapidario', 'Museo Radio', 'Verona Tour']",Torre Lamberti,strategy_nearest,False,0.0030231475830078125,success
041A533A9C4C80,0,['Arena'],Castelvecchio,"['Museo Lapidario', 'Verona Tour', 'Museo Radio', 'San Zeno', 'Sighseeing']",San Fermo,strategy_nearest,False,0.0032548904418945312,success
041A573A9C4C81,2,['Castelvecchio'],Palazzo della Ragione,"['AMO', 'Museo Conte', 'Torre Lamberti', 'Centro Fotografia', 'Sighseeing']",Duomo,strategy_nearest,False,0.0024461746215820312,success
041A5F3A9C4C81,2,"['Museo Lapidario', 'Castelvecchio', 'Santa Anastasia', 'Duomo']",San Fermo,"['Museo Storia', 'Museo Radio', 'Casa Giulietta', 'Centro Fotografia', 'Arena']",Giardino Giusti,strategy_nearest,False,0.0019540786743164062,success
041A64429C4C80,0,['Casa Giulietta'],Torre Lamberti,"['Sighseeing', 'Centro Fotografia', 'Museo Conte', 'Palazzo della Ragione', 'AMO']",Arena,strategy_nearest,False,0.002679109573364258,success
041A5A3A9C4C81,3,"['Arena', 'San Fermo', 'Casa Giulietta', 'Torre Lamberti']",Santa Anastasia,"['AMO', 'Museo Conte', 'Palazzo della Ragione', 'Teatro Romano', 'Centro Fotografia']",Duomo,strategy_nearest,False,0.0027740001678466797,success
041A79429C4C80,3,"['Arena', 'Casa Giulietta', 'Santa Anastasia']",Castelvecchio,"['Museo Lapidario', 'Verona Tour', 'Museo Radio', 'San Zeno', 'Sighseeing']",Torre Lamberti,strategy_nearest,False,0.0027441978454589844,success
041A784A9C4C80,3,"['Arena', 'Casa Giulietta']",Torre Lamberti,"['Sighseeing', 'Centro Fotografia', 'Museo Conte', 'Palazzo della Ragione', 'AMO']",Duomo,strategy_nearest,False,0.0018210411071777344,success
041A6C3A9C4C81,6,"['Arena', 'Castelvecchio', 'San Zeno']",Verona Tour,"['Museo Lapidario', 'Museo Radio', 'Casa Giulietta', 'Sighseeing', 'Torre Lamberti']",Duomo,strategy_nearest,False,0.004425048828125,success
041A793A9C4C80,3,"['Arena', 'Casa Giulietta']",Torre Lamberti,"['Sighseeing', 'Centro Fotografia', 'Museo Conte', 'Palazzo della Ragione', 'AMO']",Santa Anastasia,strategy_nearest,False,0.0035033226013183594,success
041A7F429C4C81,0,['Casa Giulietta'],Torre Lamberti,"['Sighseeing', 'Centro Fotografia', 'Museo Conte', 'Palazzo della Ragione', 'AMO']",Arena,strategy_nearest,False,0.0020749568939208984,success
041A794A9C4C80,1,"['Arena', 'Casa Giulietta']",Torre Lamberti,"['Sighseeing', 'Centro Fotografia', 'Museo Conte', 'Palazzo della Ragione', 'AMO']",Palazzo della Ragione,strategy_nearest,True,0.002235889434814453,success
041A7C429C4C81,3,"['Arena', 'Castelvecchio']",San Fermo,"['Museo Storia', 'Museo Radio', 'Casa Giulietta', 'Centro Fotografia', 'Sighseeing']",Santa Anastasia,strategy_nearest,False,0.003973245620727539,success
041A81429C4C81,3,"['Arena', 'Casa Giulietta']",Torre Lamberti,"['Sighseeing', 'Centro Fotografia', 'Museo Conte', 'Palazzo della Ragione', 'AMO']",Teatro Romano,strategy_nearest,False,0.002637147903442383,success
041A85429C4C81,2,['Castelvecchio'],Santa Anastasia,"['AMO', 'Museo Conte', 'Palazzo della Ragione', 'Teatro Romano', 'Centro Fotografia']",Torre Lamberti,strategy_nearest,False,0.001199960708618164,success
041A83429C4C80,1,"['Arena', 'Casa Giulietta']",Santa Anastasia,"['AMO', 'Museo Conte', 'Palazzo della Ragione', 'Teatro Romano', 'Centro Fotografia']",Giardino Giusti,strategy_nearest,False,0.0019159317016601562,success
041A86429C4C81,1,"['Casa Giulietta', 'Torre Lamberti']",Palazzo della Ragione,"['AMO', 'Museo Conte', 'Centro Fotografia', 'Sighseeing', 'Santa Anastasia']",Arena,strategy_nearest,False,0.0030968189239501953,success
041A854A9C4C80,0,['Torre Lamberti'],Arena,"['Verona Tour', 'Museo Lapidario', 'Museo Radio', 'San Fermo', 'Casa Giulietta']",Castelvecchio,strategy_nearest,False,0.0026841163635253906,success
041A864A9C4C81,0,"['Arena', 'Torre Lamberti']",Duomo,"['AMO', 'Museo Miniscalchi', 'Santa Anastasia', 'Teatro Romano', 'Palazzo della Ragione']",Casa Giulietta,strategy_nearest,False,0.0025703907012939453,success
041A8C3A9C4C81,3,"['Arena', 'Casa Giulietta']",Torre Lamberti,"['Sighseeing', 'Centro Fotografia', 'Museo Conte', 'Palazzo della Ragione', 'AMO']",Santa Anastasia,strategy_nearest,False,0.0013709068298339844,success
041A8D4A9C4C80,3,"['Arena', 'Casa Giulietta']",Torre Lamberti,"['Sighseeing', 'Centro Fotografia', 'Museo Conte', 'Palazzo della Ragione', 'AMO']",Santa Anastasia,strategy_nearest,False,0.002836942672729492,success
041A8E4A9C4C80,0,['Arena'],Casa Giulietta,"['Centro Fotografia', 'Sighseeing', 'Torre Lamberti', 'Museo Conte', 'Museo Radio']",San Fermo,strategy_nearest,False,0.0031130313873291016,success
041A8E4A9C4C81,3,['Arena'],Torre Lamberti,"['Sighseeing', 'Centro Fotografia', 'Museo Conte', 'Casa Giulietta', 'Palazzo della Ragione']",Santa Anastasia,strategy_nearest,False,0.002891063690185547,success
041A944A9C4C80,3,"['Arena', 'Casa Giulietta']",Torre Lamberti,"['Sighseeing', 'Centro Fotografia', 'Museo Conte', 'Palazzo della Ragione', 'AMO']",Santa Anastasia,strategy_nearest,False,0.0026581287384033203,success
041A914A9C4C81,3,['Arena'],Casa Giulietta,"['Centro Fotografia', 'Sighseeing', 'Torre Lamberti', 'Museo Conte', 'Museo Radio']",Santa Anastasia,strategy_nearest,False,0.0028066635131835938,success
041A904A9C4C81,0,['Arena'],Torre Lamberti,"['Sighseeing', 'Centro Fotografia', 'Museo Conte', 'Casa Giulietta', 'Palazzo della Ragione']",Casa Giulietta,strategy_nearest,True,0.0041658878326416016,success
041A944A9C4C81,2,['Castelvecchio'],Torre Lamberti,"['Sighseeing', 'Centro Fotografia', 'Museo Conte', 'Casa Giulietta', 'Palazzo della Ragione']",San Fermo,strategy_nearest,False,0.0018222332000732422,success
041A9C429C4C80,0,['Arena'],Museo Lapidario,"['Verona Tour', 'Castelvecchio', 'Museo Radio', 'San Fermo', 'Casa Giulietta']",Castelvecchio,strategy_nearest,True,0.0027761459350585938,success
041A9C429C4C81,3,"['Arena', 'Torre Lamberti']",Santa Anastasia,"['AMO', 'Museo Conte', 'Palazzo della Ragione', 'Teatro Romano', 'Centro Fotografia']",Duomo,strategy_nearest,False,0.0027480125427246094,success
041AA24A9C4C81,3,"['Arena', 'Castelvecchio']",Casa Giulietta,"['Centro Fotografia', 'Sighseeing', 'Torre Lamberti', 'Museo Conte', 'Museo Radio']",Santa Anastasia,strategy_nearest,False,0.003312826156616211,success
041AA54A9C4C80,0,['Arena'],Casa Giulietta,"['Centro Fotografia', 'Sighseeing', 'Torre Lamberti', 'Museo Conte', 'Museo Radio']",Teatro Romano,strategy_nearest,False,0.0020308494567871094,success
041AA3429C4C81,0,['Arena'],Casa Giulietta,"['Centro Fotografia', 'Sighseeing', 'Torre Lamberti', 'Museo Conte', 'Museo Radio']",Santa Anastasia,strategy_nearest,False,0.001096963882446289,success
041AA53A9C4C81,0,['Arena'],Santa Anastasia,"['AMO', 'Museo Conte', 'Palazzo della Ragione', 'Teatro Romano', 'Centro Fotografia']",Castelvecchio,strategy_nearest,False,0.002835988998413086,success
041AA63A9C4C81,1,"['Arena', 'Torre Lamberti']",Palazzo della Ragione,"['AMO', 'Museo Conte', 'Centro Fotografia', 'Sighseeing', 'Santa Anastasia']",Santa Anastasia,strategy_nearest,True,0.0031211376190185547,success
041AA6429C4C80,3,"['Castelvecchio', 'Arena']",Torre Lamberti,"['Sighseeing', 'Centro Fotografia', 'Museo Conte', 'Casa Giulietta', 'Palazzo della Ragione']",Casa Giulietta,strategy_nearest,True,0.0016427040100097656,success
041AA74A9C4C81,3,"['Casa Giulietta', 'Arena', 'San Fermo']",Torre Lamberti,"['Sighseeing', 'Centro Fotografia', 'Museo Conte', 'Palazzo della Ragione', 'AMO']",Duomo,strategy_nearest,False,0.002852201461791992,success
041AA84A9C4C81,2,"['Tomba Giulietta', 'Casa Giulietta', 'Torre Lamberti']",Santa Anastasia,"['AMO', 'Museo Conte', 'Palazzo della Ragione', 'Teatro Romano', 'Centro Fotografia']",Duomo,strategy_nearest,False,0.002488851547241211,success
041AA83A9C4C81,3,"['Arena', 'Casa Giulietta']",Santa Anastasia,"['AMO', 'Museo Conte', 'Palazzo della Ragione', 'Teatro Romano', 'Centro Fotografia']",Duomo,strategy_nearest,False,0.004004716873168945,success
041AAD3A9C4C80,3,"['Arena', 'Casa Giulietta']",Torre Lamberti,"['Sighseeing', 'Centro Fotografia', 'Museo Conte', 'Palazzo della Ragione', 'AMO']",Santa Anastasia,strategy_nearest,False,0.0028972625732421875,success
041AAD3A9C4C81,3,"['Arena', 'Casa Giulietta']",Torre Lamberti,"['Sighseeing', 'Centro Fotografia', 'Museo Conte', 'Palazzo della Ragione', 'AMO']",Santa Anastasia,strategy_nearest,False,0.001867055892944336,success
041AB73A9C4C80,2,['Casa Giulietta'],Castelvecchio,"['Museo Lapidario', 'Verona Tour', 'Arena', 'Museo Radio', 'San Zeno']",Santa Anastasia,strategy_nearest,False,0.0026788711547851562,success
041AB13A9C4C81,3,"['Arena', 'Casa Giulietta']",Torre Lamberti,"['Sighseeing', 'Centro Fotografia', 'Museo Conte', 'Palazzo della Ragione', 'AMO']",Santa Anastasia,strategy_nearest,False,0.0021119117736816406,success
041AB83A9C4C80,3,['Arena'],Castelvecchio,"['Museo Lapidario', 'Verona Tour', 'Museo Radio', 'San Zeno', 'Sighseeing']",Teatro Romano,strategy_nearest,False,0.00279998779296875,success
041AB8429C4C81,0,"['Arena', 'Torre Lamberti']",Casa Giulietta,"['Centro Fotografia', 'Sighseeing', 'Museo Conte', 'Museo Radio', 'Palazzo della Ragione']",Teatro Romano,strategy_nearest,False,0.0032367706298828125,success
041AB6429C4C80,2,['Torre Lamberti'],Santa Anastasia,"['AMO', 'Museo Conte', 'Palazzo della Ragione', 'Teatro Romano', 'Centro Fotografia']",Duomo,strategy_nearest,False,0.003606081008911133,success
041AB93A9C4C80,3,['Arena'],Santa Anastasia,"['AMO', 'Museo Conte', 'Palazzo della Ragione', 'Teatro Romano', 'Centro Fotografia']",Duomo,strategy_nearest,False,0.002488851547241211,success
041ABC429C4C80,3,"['Arena', 'Casa Giulietta']",Torre Lamberti,"['Sighseeing', 'Centro Fotografia', 'Museo Conte', 'Palazzo della Ragione', 'AMO']",Santa Anastasia,strategy_nearest,False,0.002349853515625,success
041AC23A9C4C80,2,"['Casa Giulietta', 'Torre Lamberti']",San Fermo,"['Museo Storia', 'Museo Radio', 'Centro Fotografia', 'Arena', 'Sighseeing']",Santa Anastasia,strategy_nearest,False,0.0024480819702148438,success
041ABF3A9C4C81,0,"['Arena', 'Casa Giulietta']",Torre Lamberti,"['Sighseeing', 'Centro Fotografia', 'Museo Conte', 'Palazzo della Ragione', 'AMO']",Teatro Romano,strategy_nearest,False,0.00168609619140625,success
041AC2429C4C80,0,"['Castelvecchio', 'Arena']",Casa Giulietta,"['Centro Fotografia', 'Sighseeing', 'Torre Lamberti', 'Museo Conte', 'Museo Radio']",Torre Lamberti,strategy_nearest,True,0.002536773681640625,success
041AC33A9C4C80,0,['Arena'],Torre Lamberti,"['Sighseeing', 'Centro Fotografia', 'Museo Conte', 'Casa Giulietta', 'Palazzo della Ragione']",Giardino Giusti,strategy_nearest,False,0.0034668445587158203,success
041AC43A9C4C80,0,['Arena'],Castelvecchio,"['Museo Lapidario', 'Verona Tour', 'Museo Radio', 'San Zeno', 'Sighseeing']",Teatro Romano,strategy_nearest,False,0.0019457340240478516,success
041AC6429C4C81,0,"['Arena', 'Torre Lamberti']",Casa Giulietta,"['Centro Fotografia', 'Sighseeing', 'Museo Conte', 'Museo Radio', 'Palazzo della Ragione']",Teatro Romano,strategy_nearest,False,0.0031919479370117188,success
041AC83A9C4C81,3,"['Castelvecchio', 'Arena']",San Zeno,"['Verona Tour', 'Museo Lapidario', 'Museo Miniscalchi', 'Sighseeing', 'Museo Radio']",Santa Anastasia,strategy_nearest,False,0.003403902053833008,success
041ACA3A9C4C81,0,"['Castelvecchio', 'Casa Giulietta']",Arena,"['Verona Tour', 'Museo Lapidario', 'Museo Radio', 'San Fermo', 'Sighseeing']",Torre Lamberti,strategy_nearest,False,0.003265857696533203,success
041AC93A9C4C81,0,['Tomba Giulietta'],Arena,"['Verona Tour', 'Museo Lapidario', 'Museo Radio', 'San Fermo', 'Casa Giulietta']",Casa Giulietta,strategy_nearest,True,0.002538919448852539,success
041AD4429C4C80,2,"['Casa Giulietta', 'Giardino Giusti']",San Zeno,"['Castelvecchio', 'Verona Tour', 'Museo Lapidario', 'Arena', 'Museo Miniscalchi']",Tomba Giulietta,strategy_nearest,False,0.0015239715576171875,success
041ACE3A9C4C80,1,"['Casa Giulietta', 'Teatro Romano', 'Arena']",Castelvecchio,"['Museo Lapidario', 'Verona Tour', 'Museo Radio', 'San Zeno', 'Sighseeing']",Torre Lamberti,strategy_nearest,False,0.0031816959381103516,success
041AE53A9C4C80,0,['Castelvecchio'],Casa Giulietta,"['Centro Fotografia', 'Sighseeing', 'Torre Lamberti', 'Museo Conte', 'Museo Radio']",Arena,strategy_nearest,False,0.0019168853759765625,success
041B4F3A9C4C81,3,"['Castelvecchio', 'Arena']",Torre Lamberti,"['Sighseeing', 'Centro Fotografia', 'Museo Conte', 'Casa Giulietta', 'Palazzo della Ragione']",Santa Anastasia,strategy_nearest,False,0.003181934356689453,success
041B4B3A9C4C81,3,"['Casa Giulietta', 'Duomo', 'Teatro Romano', 'Casa Giulietta']",San Zeno,"['Castelvecchio', 'Verona Tour', 'Museo Lapidario', 'Arena', 'Museo Miniscalchi']",Castelvecchio,strategy_nearest,True,0.002691984176635742,success
041AD6429C4C80,3,"['Arena', 'Castelvecchio']",Duomo,"['AMO', 'Museo Miniscalchi', 'Santa Anastasia', 'Teatro Romano', 'Palazzo della Ragione']",Teatro Romano,strategy_nearest,True,0.002850770950317383,success
041B6A3A9C4C81,3,"['Arena', 'Torre Lamberti', 'Santa Anastasia']",San Zeno,"['Castelvecchio', 'Verona Tour', 'Museo Lapidario', 'Museo Miniscalchi', 'Sighseeing']",Castelvecchio,strategy_nearest,True,0.0021071434020996094,success
041B57429C4C81,3,"['Santa Anastasia', 'Arena', 'Casa Giulietta']",San Zeno,"['Castelvecchio', 'Verona Tour', 'Museo Lapidario', 'Museo Miniscalchi', 'Sighseeing']",Castelvecchio,strategy_nearest,True,0.0028238296508789062,success
041B6F429C4C81,2,['Casa Giulietta'],Santa Anastasia,"['AMO', 'Museo Conte', 'Palazzo della Ragione', 'Teatro Romano', 'Centro Fotografia']",Castelvecchio,strategy_nearest,False,0.001413106918334961,success
041B593A9C4C81,0,['Casa Giulietta'],Castelvecchio,"['Museo Lapidario', 'Verona Tour', 'Arena', 'Museo Radio', 'San Zeno']",Arena,strategy_nearest,True,0.0034339427947998047,success
041B723A9C4C81,3,"['Castelvecchio', 'Arena']",Casa Giulietta,"['Centro Fotografia', 'Sighseeing', 'Torre Lamberti', 'Museo Conte', 'Museo Radio']",Torre Lamberti,strategy_nearest,True,0.0012202262878417969,success
041B71429C4C81,2,['Santa Anastasia'],Santa Anastasia,"['AMO', 'Museo Conte', 'Palazzo della Ragione', 'Teatro Romano', 'Centro Fotografia']",Teatro Romano,strategy_nearest,True,0.003201007843017578,success
041B78429C4C80,3,"['Arena', 'San Fermo']",Torre Lamberti,"['Sighseeing', 'Centro Fotografia', 'Museo Conte', 'Casa Giulietta', 'Palazzo della Ragione']",Santa Anastasia,strategy_nearest,False,0.002637147903442383,success
041B78429C4C81,0,['Arena'],Castelvecchio,"['Museo Lapidario', 'Verona Tour', 'Museo Radio', 'San Zeno', 'Sighseeing']",Tomba Giulietta,strategy_nearest,False,0.003398895263671875,success
041B79429C4C81,3,"['Arena', 'Santa Anastasia']",Duomo,"['AMO', 'Museo Miniscalchi', 'Teatro Romano', 'Palazzo della Ragione', 'Museo Conte']",Arena,strategy_nearest,False,0.002569437026977539,success
041B794A9C4C81,3,"['Castelvecchio', 'Arena', 'Casa Giulietta', 'Torre Lamberti']",Duomo,"['AMO', 'Museo Miniscalchi', 'Santa Anastasia', 'Teatro Romano', 'Palazzo della Ragione']",Santa Anastasia,strategy_nearest,True,0.003244161605834961,success
041B7C4A9C4C81,3,"['Arena', 'Casa Giulietta']",Santa Anastasia,"['AMO', 'Museo Conte', 'Palazzo della Ragione', 'Teatro Romano', 'Centro Fotografia']",Teatro Romano,strategy_nearest,True,0.0029900074005126953,success
041B7D4A9C4C81,0,['Arena'],Duomo,"['AMO', 'Museo Miniscalchi', 'Santa Anastasia', 'Teatro Romano', 'Palazzo della Ragione']",Teatro Romano,strategy_nearest,True,0.0014510154724121094,success
041B7D3A9C4C81,3,['Teatro Romano'],Duomo,"['AMO', 'Museo Miniscalchi', 'Santa Anastasia', 'Palazzo della Ragione', 'Museo Conte']",Arena,strategy_nearest,False,0.002733945846557617,success
041B7F3A9C4C80,0,"['Arena', 'Museo Lapidario', 'Castelvecchio']",Teatro Romano,"['Santa Anastasia', 'Duomo', 'AMO', 'Palazzo della Ragione', 'Museo Conte']",Torre Lamberti,strategy_nearest,False,0.003270864486694336,success
041B7D429C4C80,0,['Arena'],Torre Lamberti,"['Sighseeing', 'Centro Fotografia', 'Museo Conte', 'Casa Giulietta', 'Palazzo della Ragione']",Duomo,strategy_nearest,False,0.0026900768280029297,success
041B81429C4C81,3,"['Casa Giulietta', 'Santa Anastasia']",Duomo,"['AMO', 'Museo Miniscalchi', 'Teatro Romano', 'Palazzo della Ragione', 'Museo Conte']",Castelvecchio,strategy_nearest,False,0.002660989761352539,success
041B833A9C4C80,3,"['Arena', 'Casa Giulietta', 'Teatro Romano']",Duomo,"['AMO', 'Museo Miniscalchi', 'Santa Anastasia', 'Palazzo della Ragione', 'Museo Conte']",Santa Anastasia,strategy_nearest,True,0.0026428699493408203,success
041B823A9C4C80,3,['Arena'],Casa Giulietta,"['Centro Fotografia', 'Sighseeing', 'Torre Lamberti', 'Museo Conte', 'Museo Radio']",Santa Anastasia,strategy_nearest,False,0.0015311241149902344,success
041B83429C4C81,3,"['Castelvecchio', 'Arena']",Torre Lamberti,"['Sighseeing', 'Centro Fotografia', 'Museo Conte', 'Casa Giulietta', 'Palazzo della Ragione']",Santa Anastasia,strategy_nearest,False,0.0033168792724609375,success
041B84429C4C81,0,['Arena'],Casa Giulietta,"['Centro Fotografia', 'Sighseeing', 'Torre Lamberti', 'Museo Conte', 'Museo Radio']",Tomba Giulietta,strategy_nearest,False,0.0017809867858886719,success
041B84429C4C80,3,['Arena'],Casa Giulietta,"['Centro Fotografia', 'Sighseeing', 'Torre Lamberti', 'Museo Conte', 'Museo Radio']",Santa Anastasia,strategy_nearest,False,0.002527952194213867,success
041B853A9C4C81,0,['Arena'],Casa Giulietta,"['Centro Fotografia', 'Sighseeing', 'Torre Lamberti', 'Museo Conte', 'Museo Radio']",Torre Lamberti,strategy_nearest,True,0.003047943115234375,success
041B85429C4C81,3,['Arena'],Casa Giulietta,"['Centro Fotografia', 'Sighseeing', 'Torre Lamberti', 'Museo Conte', 'Museo Radio']",Torre Lamberti,strategy_nearest,True,0.0033872127532958984,success
041B904A9C4C80,0,['Arena'],Torre Lamberti,"['Sighseeing', 'Centro Fotografia', 'Museo Conte', 'Casa Giulietta', 'Palazzo della Ragione']",Duomo,strategy_nearest,False,0.001828908920288086,success
041B88429C4C80,3,"['Arena', 'San Fermo']",Casa Giulietta,"['Centro Fotografia', 'Sighseeing', 'Torre Lamberti', 'Museo Conte', 'Museo Radio']",Santa Anastasia,strategy_nearest,False,0.0032958984375,success
041B944A9C4C80,3,"['Arena', 'Casa Giulietta']",Torre Lamberti,"['Sighseeing', 'Centro Fotografia', 'Museo Conte', 'Palazzo della Ragione', 'AMO']",Teatro Romano,strategy_nearest,False,0.003139972686767578,success
041B98429C4C81,0,['Arena'],Duomo,"['AMO', 'Museo Miniscalchi', 'Santa Anastasia', 'Teatro Romano', 'Palazzo della Ragione']",Teatro Romano,strategy_nearest,True,0.0028159618377685547,success
041B9A429C4C80,0,['Arena'],Casa Giulietta,"['Centro Fotografia', 'Sighseeing', 'Torre Lamberti', 'Museo Conte', 'Museo Radio']",Teatro Romano,strategy_nearest,False,0.0025250911712646484,success
041BA7429C4C80,2,['Castelvecchio'],Torre Lamberti,"['Sighseeing', 'Centro Fotografia', 'Museo Conte', 'Casa Giulietta', 'Palazzo della Ragione']",Casa Giulietta,strategy_nearest,True,0.0030150413513183594,success
041B9A429C4C81,1,"['Arena', 'Torre Lamberti', 'Palazzo della Ragione']",Casa Giulietta,"['Centro Fotografia', 'Sighseeing', 'Museo Conte', 'Museo Radio', 'San Fermo']",Santa Anastasia,strategy_nearest,False,0.00319671630859375,success
041B984A9C4C81,2,['Casa Giulietta'],Palazzo della Ragione,"['AMO', 'Museo Conte', 'Torre Lamberti', 'Centro Fotografia', 'Sighseeing']",Torre Lamberti,strategy_nearest,True,0.003451108932495117,success
041BA94A9C4C81,2,"['Santa Anastasia', 'Duomo']",Torre Lamberti,"['Sighseeing', 'Centro Fotografia', 'Museo Conte', 'Casa Giulietta', 'Palazzo della Ragione']",Palazzo della Ragione,strategy_nearest,True,0.0033960342407226562,success
041BAA4A9C4C81,3,"['Casa Giulietta', 'Torre Lamberti', 'Santa Anastasia']",Duomo,"['AMO', 'Museo Miniscalchi', 'Teatro Romano', 'Palazzo della Ragione', 'Museo Conte']",Castelvecchio,strategy_nearest,False,0.002043008804321289,success
041BAA429C4C81,3,"['Castelvecchio', 'Casa Giulietta']",Arena,"['Verona Tour', 'Museo Lapidario', 'Museo Radio', 'San Fermo', 'Sighseeing']",Santa Anastasia,strategy_nearest,False,0.001458883285522461,success
041BB5429C4C81,0,['Arena'],Torre Lamberti,"['Sighseeing', 'Centro Fotografia', 'Museo Conte', 'Casa Giulietta', 'Palazzo della Ragione']",Teatro Romano,strategy_nearest,False,0.0032181739807128906,success
041BBA3A9C4C81,3,"['Arena', 'Casa Giulietta']",Santa Anastasia,"['AMO', 'Museo Conte', 'Palazzo della Ragione', 'Teatro Romano', 'Centro Fotografia']",Torre Lamberti,strategy_nearest,False,0.0020132064819335938,success
041BB9429C4C80,2,"['Teatro Romano', 'Torre Lamberti']",Palazzo della Ragione,"['AMO', 'Museo Conte', 'Centro Fotografia', 'Sighseeing', 'Santa Anastasia']",Casa Giulietta,strategy_nearest,False,0.0033979415893554688,success
041BBA429C4C80,3,"['Arena', 'Casa Giulietta']",Santa Anastasia,"['AMO', 'Museo Conte', 'Palazzo della Ragione', 'Teatro Romano', 'Centro Fotografia']",Duomo,strategy_nearest,False,0.0014090538024902344,success
041BBC429C4C80,3,"['Arena', 'Casa Giulietta']",Torre Lamberti,"['Sighseeing', 'Centro Fotografia', 'Museo Conte', 'Palazzo della Ragione', 'AMO']",Santa Anastasia,strategy_nearest,False,0.0033130645751953125,success
041BBE429C4C80,0,['Arena'],Teatro Romano,"['Santa Anastasia', 'Duomo', 'AMO', 'Palazzo della Ragione', 'Museo Conte']",Castelvecchio,strategy_nearest,False,0.0016279220581054688,success
041BCA3A9C4C80,2,['Castelvecchio'],Duomo,"['AMO', 'Museo Miniscalchi', 'Santa Anastasia', 'Teatro Romano', 'Palazzo della Ragione']",Santa Anastasia,strategy_nearest,True,0.002340078353881836,success
041BC33A9C4C80,0,['Arena'],Casa Giulietta,"['Centro Fotografia', 'Sighseeing', 'Torre Lamberti', 'Museo Conte', 'Museo Radio']",Torre Lamberti,strategy_nearest,True,0.002644062042236328,success
041BCF3A9C4C80,2,['Duomo'],San Zeno,"['Castelvecchio', 'Verona Tour', 'Museo Lapidario', 'Arena', 'Museo Miniscalchi']",Tomba Giulietta,strategy_nearest,False,0.003139019012451172,success
041BD43A9C4C81,2,['Torre Lamberti'],Santa Anastasia,"['AMO', 'Museo Conte', 'Palazzo della Ragione', 'Teatro Romano', 'Centro Fotografia']",San Fermo,strategy_nearest,False,0.0032129287719726562,success
041BD73A9C4C80,3,"['Arena', 'Casa Giulietta', 'Torre Lamberti', 'Santa Anastasia']",Duomo,"['AMO', 'Museo Miniscalchi', 'Teatro Romano', 'Palazzo della Ragione', 'Museo Conte']",Castelvecchio,strategy_nearest,False,0.0025658607482910156,success
041BDA429C4C81,3,"['Castelvecchio', 'Arena']",Museo Lapidario,"['Verona Tour', 'Museo Radio', 'San Fermo', 'Casa Giulietta', 'Tomba Giulietta']",Teatro Romano,strategy_nearest,False,0.003161907196044922,success
041C4C3A9C4C81,3,"['Arena', 'Casa Giulietta', 'Castelvecchio']",Torre Lamberti,"['Sighseeing', 'Centro Fotografia', 'Museo Conte', 'Palazzo della Ragione', 'AMO']",Tomba Giulietta,strategy_nearest,False,0.002302885055541992,success
041BE0429C4C80,0,"['Arena', 'Casa Giulietta']",San Fermo,"['Museo Storia', 'Museo Radio', 'Centro Fotografia', 'Sighseeing', 'Torre Lamberti']",Museo Storia,strategy_nearest,True,0.0032570362091064453,success
041C463A9C4C81,3,"['Arena', 'Castelvecchio']",San Zeno,"['Verona Tour', 'Museo Lapidario', 'Museo Miniscalchi', 'Sighseeing', 'Museo Radio']",Teatro Romano,strategy_nearest,False,0.004106044769287109,success
041C58429C4C81,3,"['Casa Giulietta', 'Arena']",Torre Lamberti,"['Sighseeing', 'Centro Fotografia', 'Museo Conte', 'Palazzo della Ragione', 'AMO']",Duomo,strategy_nearest,False,0.002454996109008789,success
041C613A9C4C81,3,"['Tomba Giulietta', 'Teatro Romano', 'San Zeno', 'Duomo']",Santa Anastasia,"['AMO', 'Museo Conte', 'Palazzo della Ragione', 'Centro Fotografia', 'Torre Lamberti']",Torre Lamberti,strategy_nearest,True,0.002624034881591797,success
041C643A9C4C80,1,"['Arena', 'Casa Giulietta']",Torre Lamberti,"['Sighseeing', 'Centro Fotografia', 'Museo Conte', 'Palazzo della Ragione', 'AMO']",Palazzo della Ragione,strategy_nearest,True,0.003055095672607422,success
041C6D429C4C80,0,['Arena'],Duomo,"['AMO', 'Museo Miniscalchi', 'Santa Anastasia', 'Teatro Romano', 'Palazzo della Ragione']",San Zeno,strategy_nearest,False,0.0033941268920898438,success
041C6F429C4C81,6,"['Arena', 'Casa Giulietta']",Torre Lamberti,"['Sighseeing', 'Centro Fotografia', 'Museo Conte', 'Palazzo della Ragione', 'AMO']",Santa Anastasia,strategy_nearest,False,0.0018281936645507812,success
041C73429C4C80,3,"['Casa Giulietta', 'Arena']",Santa Anastasia,"['AMO', 'Museo Conte', 'Palazzo della Ragione', 'Teatro Romano', 'Centro Fotografia']",Duomo,strategy_nearest,False,0.003159046173095703,success
041C76429C4C81,3,"['Museo Lapidario', 'Arena', 'San Zeno']",Duomo,"['AMO', 'Museo Miniscalchi', 'Santa Anastasia', 'Teatro Romano', 'Palazzo della Ragione']",Santa Anastasia,strategy_nearest,True,0.00189208984375,success
041C784A9C4C80,3,"['Arena', 'Casa Giulietta']",Torre Lamberti,"['Sighseeing', 'Centro Fotografia', 'Museo Conte', 'Palazzo della Ragione', 'AMO']",Santa Anastasia,strategy_nearest,False,0.0025649070739746094,success
041C78429C4C81,0,['Casa Giulietta'],Arena,"['Verona Tour', 'Museo Lapidario', 'Museo Radio', 'San Fermo', 'Sighseeing']",Tomba Giulietta,strategy_nearest,False,0.00395512580871582,success
041C763A9C4C80,0,['Arena'],Torre Lamberti,"['Sighseeing', 'Centro Fotografia', 'Museo Conte', 'Casa Giulietta', 'Palazzo della Ragione']",Duomo,strategy_nearest,False,0.003986835479736328,success
041C7A429C4C80,3,['Arena'],Torre Lamberti,"['Sighseeing', 'Centro Fotografia', 'Museo Conte', 'Casa Giulietta', 'Palazzo della Ragione']",Santa Anastasia,strategy_nearest,False,0.0018596649169921875,success
041C794A9C4C81,0,['Castelvecchio'],Arena,"['Verona Tour', 'Museo Lapidario', 'Museo Radio', 'San Fermo', 'Casa Giulietta']",Torre Lamberti,strategy_nearest,False,0.0024912357330322266,success
041C813A9C4C81,3,"['Arena', 'Museo Lapidario']",Casa Giulietta,"['Centro Fotografia', 'Sighseeing', 'Torre Lamberti', 'Museo Conte', 'Museo Radio']",Santa Anastasia,strategy_nearest,False,0.002696990966796875,success
041C81429C4C80,3,"['Teatro Romano', 'Casa Giulietta']",Torre Lamberti,"['Sighseeing', 'Centro Fotografia', 'Museo Conte', 'Palazzo della Ragione', 'AMO']",San Fermo,strategy_nearest,False,0.002234220504760742,success
041C7A4A9C4C81,3,"['Arena', 'Casa Giulietta']",Santa Anastasia,"['AMO', 'Museo Conte', 'Palazzo della Ragione', 'Teatro Romano', 'Centro Fotografia']",Giardino Giusti,strategy_nearest,False,0.0034041404724121094,success
041C824A9C4C81,1,"['Arena', 'Casa Giulietta']",Torre Lamberti,"['Sighseeing', 'Centro Fotografia', 'Museo Conte', 'Palazzo della Ragione', 'AMO']",Palazzo della Ragione,strategy_nearest,True,0.0017478466033935547,success
041C81429C4C81,0,['Casa Giulietta'],Arena,"['Verona Tour', 'Museo Lapidario', 'Museo Radio', 'San Fermo', 'Sighseeing']",Tomba Giulietta,strategy_nearest,False,0.0033888816833496094,success
041C843A9C4C80,2,"['Tomba Giulietta', 'San Fermo', 'Casa Giulietta']",Torre Lamberti,"['Sighseeing', 'Centro Fotografia', 'Museo Conte', 'Palazzo della Ragione', 'AMO']",Santa Anastasia,strategy_nearest,False,0.0025589466094970703,success
041C84429C4C80,0,['Arena'],Museo Lapidario,"['Verona Tour', 'Castelvecchio', 'Museo Radio', 'San Fermo', 'Casa Giulietta']",Casa Giulietta,strategy_nearest,True,0.0022237300872802734,success
041C86429C4C80,0,['Tomba Giulietta'],Arena,"['Verona Tour', 'Museo Lapidario', 'Museo Radio', 'San Fermo', 'Casa Giulietta']",Casa Giulietta,strategy_nearest,True,0.002518177032470703,success
041C87429C4C80,1,"['Casa Giulietta', 'Torre Lamberti']",Palazzo della Ragione,"['AMO', 'Museo Conte', 'Centro Fotografia', 'Sighseeing', 'Santa Anastasia']",Arena,strategy_nearest,False,0.0030558109283447266,success
041C853A9C4C80,3,"['Arena', 'Museo Lapidario']",Casa Giulietta,"['Centro Fotografia', 'Sighseeing', 'Torre Lamberti', 'Museo Conte', 'Museo Radio']",Torre Lamberti,strategy_nearest,True,0.0034689903259277344,success
041C8E4A9C4C80,0,['Arena'],Casa Giulietta,"['Centro Fotografia', 'Sighseeing', 'Torre Lamberti', 'Museo Conte', 'Museo Radio']",San Fermo,strategy_nearest,False,0.002897024154663086,success
041C88429C4C80,0,"['Arena', 'Duomo', 'Torre Lamberti']",Casa Giulietta,"['Centro Fotografia', 'Sighseeing', 'Museo Conte', 'Museo Radio', 'Palazzo della Ragione']",Museo Storia,strategy_nearest,False,0.0030927658081054688,success
041C904A9C4C80,0,['Arena'],Castelvecchio,"['Museo Lapidario', 'Verona Tour', 'Museo Radio', 'San Zeno', 'Sighseeing']",Teatro Romano,strategy_nearest,False,0.001750946044921875,success
041C8F4A9C4C81,3,"['Museo Lapidario', 'Arena', 'Torre Lamberti']",Giardino Giusti,"['Santa Anastasia', 'Teatro Romano', 'Museo Conte', 'Centro Fotografia', 'Museo Storia']",Teatro Romano,strategy_nearest,True,0.0032188892364501953,success
041C97429C4C81,0,"['Arena', 'Casa Giulietta']",Torre Lamberti,"['Sighseeing', 'Centro Fotografia', 'Museo Conte', 'Palazzo della Ragione', 'AMO']",Duomo,strategy_nearest,False,0.003045320510864258,success
041C904A9C4C81,0,['Arena'],Casa Giulietta,"['Centro Fotografia', 'Sighseeing', 'Torre Lamberti', 'Museo Conte', 'Museo Radio']",San Fermo,strategy_nearest,False,0.002683877944946289,success
041C9C4A9C4C81,0,['Arena'],Casa Giulietta,"['Centro Fotografia', 'Sighseeing', 'Torre Lamberti', 'Museo Conte', 'Museo Radio']",Teatro Romano,strategy_nearest,False,0.002432107925415039,success
041C9F4A9C4C80,0,['Arena'],Torre Lamberti,"['Sighseeing', 'Centro Fotografia', 'Museo Conte', 'Casa Giulietta', 'Palazzo della Ragione']",Castelvecchio,strategy_nearest,False,0.0037877559661865234,success
041CA14A9C4C80,2,['Torre Lamberti'],Casa Giulietta,"['Centro Fotografia', 'Sighseeing', 'Museo Conte', 'Museo Radio', 'Palazzo della Ragione']",Duomo,strategy_nearest,False,0.001912832260131836,success
041CA0429C4C80,3,['Arena'],Santa Anastasia,"['AMO', 'Museo Conte', 'Palazzo della Ragione', 'Teatro Romano', 'Centro Fotografia']",Duomo,strategy_nearest,False,0.0026040077209472656,success
041CA14A9C4C81,3,"['Castelvecchio', 'Duomo']",Teatro Romano,"['Santa Anastasia', 'AMO', 'Palazzo della Ragione', 'Museo Conte', 'Centro Fotografia']",Casa Giulietta,strategy_nearest,False,0.0029020309448242188,success
041CA74A9C4C81,3,['Arena'],Duomo,"['AMO', 'Museo Miniscalchi', 'Santa Anastasia', 'Teatro Romano', 'Palazzo della Ragione']",Santa Anastasia,strategy_nearest,True,0.002563953399658203,success
041CA73A9C4C81,0,['Arena'],Casa Giulietta,"['Centro Fotografia', 'Sighseeing', 'Torre Lamberti', 'Museo Conte', 'Museo Radio']",Santa Anastasia,strategy_nearest,False,0.0020139217376708984,success
041CA93A9C4C81,3,"['Arena', 'Casa Giulietta', 'Torre Lamberti']",Santa Anastasia,"['AMO', 'Museo Conte', 'Palazzo della Ragione', 'Teatro Romano', 'Centro Fotografia']",Duomo,strategy_nearest,False,0.0035338401794433594,success
041CAA4A9C4C81,0,['Arena'],Casa Giulietta,"['Centro Fotografia', 'Sighseeing', 'Torre Lamberti', 'Museo Conte', 'Museo Radio']",Teatro Romano,strategy_nearest,False,0.0030128955841064453,success
041CAB3A9C4C80,1,"['San Zeno', 'Duomo', 'Santa Anastasia']",Casa Giulietta,"['Centro Fotografia', 'Sighseeing', 'Torre Lamberti', 'Museo Conte', 'Museo Radio']",Palazzo della Ragione,strategy_nearest,False,0.002941131591796875,success
041CB3429C4C80,1,"['Arena', 'Casa Giulietta', 'Palazzo della Ragione']",Teatro Romano,"['Santa Anastasia', 'Duomo', 'AMO', 'Museo Conte', 'Centro Fotografia']",Duomo,strategy_nearest,True,0.003184080123901367,success
041CAF3A9C4C81,0,"['Casa Giulietta', 'San Fermo']",Tomba Giulietta,"['Museo Storia', 'Arena', 'Museo Lapidario', 'Museo Radio', 'Verona Tour']",Castelvecchio,strategy_nearest,False,0.0026390552520751953,success
041CAB4A9C4C81,0,"['Castelvecchio', 'Arena']",San Fermo,"['Museo Storia', 'Museo Radio', 'Casa Giulietta', 'Centro Fotografia', 'Sighseeing']",Giardino Giusti,strategy_nearest,False,0.003984928131103516,success
041CBC3A9C4C80,0,['Arena'],Castelvecchio,"['Museo Lapidario', 'Verona Tour', 'Museo Radio', 'San Zeno', 'Sighseeing']",Casa Giulietta,strategy_nearest,False,0.002542257308959961,success
041CBC429C4C80,3,"['Arena', 'Casa Giulietta']",Torre Lamberti,"['Sighseeing', 'Centro Fotografia', 'Museo Conte', 'Palazzo della Ragione', 'AMO']",Santa Anastasia,strategy_nearest,False,0.0019140243530273438,success
041CC4429C4C81,3,['Arena'],Santa Anastasia,"['AMO', 'Museo Conte', 'Palazzo della Ragione', 'Teatro Romano', 'Centro Fotografia']",Duomo,strategy_nearest,False,0.002549886703491211,success
041CC93A9C4C80,3,"['Castelvecchio', 'Arena', 'Torre Lamberti']",Santa Anastasia,"['AMO', 'Museo Conte', 'Palazzo della Ragione', 'Teatro Romano', 'Centro Fotografia']",Duomo,strategy_nearest,False,0.0014770030975341797,success
041CC83A9C4C81,0,['Arena'],Casa Giulietta,"['Centro Fotografia', 'Sighseeing', 'Torre Lamberti', 'Museo Conte', 'Museo Radio']",Castelvecchio,strategy_nearest,False,0.00331878662109375,success
041CC63A9C4C81,3,"['Castelvecchio', 'Arena']",Torre Lamberti,"['Sighseeing', 'Centro Fotografia', 'Museo Conte', 'Casa Giulietta', 'Palazzo della Ragione']",Santa Anastasia,strategy_nearest,False,0.003957986831665039,success
041CCB3A9C4C80,1,['Castelvecchio'],Arena,"['Verona Tour', 'Museo Lapidario', 'Museo Radio', 'San Fermo', 'Casa Giulietta']",Palazzo della Ragione,strategy_nearest,False,0.003309011459350586,success
041CDD429C4C80,1,"['Arena', 'Castelvecchio']",Tomba Giulietta,"['San Fermo', 'Museo Storia', 'Museo Lapidario', 'Museo Radio', 'Verona Tour']",Teatro Romano,strategy_nearest,False,0.0032660961151123047,success
041CE53A9C4C80,3,['Arena'],Torre Lamberti,"['Sighseeing', 'Centro Fotografia', 'Museo Conte', 'Casa Giulietta', 'Palazzo della Ragione']",Santa Anastasia,strategy_nearest,False,0.003159761428833008,success
041CDC429C4C80,2,"['Teatro Romano', 'San Fermo', 'Santa Anastasia']",Duomo,"['AMO', 'Museo Miniscalchi', 'Palazzo della Ragione', 'Museo Conte', 'Torre Lamberti']",Castelvecchio,strategy_nearest,False,0.002718210220336914,success
041CCD3A9C4C81,2,['Palazzo della Ragione'],Torre Lamberti,"['Sighseeing', 'Centro Fotografia', 'Museo Conte', 'Casa Giulietta', 'AMO']",Casa Giulietta,strategy_nearest,True,0.002151966094970703,success
041D51429C4C81,2,"['San Zeno', 'Castelvecchio', 'Tomba Giulietta', 'San Fermo']",Giardino Giusti,"['Santa Anastasia', 'Teatro Romano', 'Museo Conte', 'Centro Fotografia', 'Museo Storia']",Teatro Romano,strategy_nearest,True,0.002579927444458008,success
041D50429C4C81,3,"['Arena', 'San Fermo', 'Casa Giulietta', 'Torre Lamberti']",Santa Anastasia,"['AMO', 'Museo Conte', 'Palazzo della Ragione', 'Teatro Romano', 'Centro Fotografia']",Teatro Romano,strategy_nearest,True,0.0033102035522460938,success
041D4A429C4C81,3,"['Arena', 'Museo Lapidario', 'San Fermo']",Casa Giulietta,"['Centro Fotografia', 'Sighseeing', 'Torre Lamberti', 'Museo Conte', 'Museo Radio']",Torre Lamberti,strategy_nearest,True,0.0021469593048095703,success
041CE7429C4C80,1,"['Arena', 'Castelvecchio']",San Zeno,"['Verona Tour', 'Museo Lapidario', 'Museo Miniscalchi', 'Sighseeing', 'Museo Radio']",Teatro Romano,strategy_nearest,False,0.0021920204162597656,success
041D52429C4C80,4,"['Arena', 'Casa Giulietta', 'Torre Lamberti']",Santa Anastasia,"['AMO', 'Museo Conte', 'Palazzo della Ragione', 'Teatro Romano', 'Centro Fotografia']",Teatro Romano,strategy_nearest,True,0.002173900604248047,success
041D55429C4C81,2,"['Torre Lamberti', 'Casa Giulietta', 'Santa Anastasia']",Duomo,"['AMO', 'Museo Miniscalchi', 'Teatro Romano', 'Palazzo della Ragione', 'Museo Conte']",Teatro Romano,strategy_nearest,True,0.0026917457580566406,success
041D5B3A9C4C81,3,"['Arena', 'Casa Giulietta']",Santa Anastasia,"['AMO', 'Museo Conte', 'Palazzo della Ragione', 'Teatro Romano', 'Centro Fotografia']",Tomba Giulietta,strategy_nearest,False,0.003256082534790039,success
041D563A9C4C81,0,['Arena'],Castelvecchio,"['Museo Lapidario', 'Verona Tour', 'Museo Radio', 'San Zeno', 'Sighseeing']",Santa Anastasia,strategy_nearest,False,0.0020568370819091797,success
041D69429C4C81,0,['Arena'],Castelvecchio,"['Museo Lapidario', 'Verona Tour', 'Museo Radio', 'San Zeno', 'Sighseeing']",Torre Lamberti,strategy_nearest,False,0.0025348663330078125,success
041D683A9C4C81,3,"['Arena', 'Castelvecchio']",Torre Lamberti,"['Sighseeing', 'Centro Fotografia', 'Museo Conte', 'Casa Giulietta', 'Palazzo della Ragione']",Santa Anastasia,strategy_nearest,False,0.0014009475708007812,success
041D643A9C4C81,0,['Arena'],Castelvecchio,"['Museo Lapidario', 'Verona Tour', 'Museo Radio', 'San Zeno', 'Sighseeing']",Casa Giulietta,strategy_nearest,False,0.0038940906524658203,success
041D613A9C4C81,3,"['Santa Anastasia', 'Duomo', 'Casa Giulietta']",Arena,"['Verona Tour', 'Museo Lapidario', 'Museo Radio', 'San Fermo', 'Sighseeing']",Tomba Giulietta,strategy_nearest,False,0.003325939178466797,success
041D6A3A9C4C80,0,"['Arena', 'Tomba Giulietta']",Torre Lamberti,"['Sighseeing', 'Centro Fotografia', 'Museo Conte', 'Casa Giulietta', 'Palazzo della Ragione']",Casa Giulietta,strategy_nearest,True,0.0021848678588867188,success
041D6F429C4C81,3,"['Casa Giulietta', 'Teatro Romano', 'Duomo']",San Fermo,"['Museo Storia', 'Museo Radio', 'Centro Fotografia', 'Arena', 'Sighseeing']",Tomba Giulietta,strategy_nearest,False,0.002611875534057617,success
041D6B429C4C81,3,"['Torre Lamberti', 'Casa Giulietta']",Santa Anastasia,"['AMO', 'Museo Conte', 'Palazzo della Ragione', 'Teatro Romano', 'Centro Fotografia']",Teatro Romano,strategy_nearest,True,0.0021758079528808594,success
041D6C3A9C4C81,0,['Arena'],Casa Giulietta,"['Centro Fotografia', 'Sighseeing', 'Torre Lamberti', 'Museo Conte', 'Museo Radio']",Castelvecchio,strategy_nearest,False,0.0034580230712890625,success
041D773A9C4C80,3,"['Arena', 'Santa Anastasia']",Teatro Romano,"['Duomo', 'AMO', 'Palazzo della Ragione', 'Museo Conte', 'Centro Fotografia']",Castelvecchio,strategy_nearest,False,0.0025489330291748047,success
041D75429C4C81,0,['Casa Giulietta'],Torre Lamberti,"['Sighseeing', 'Centro Fotografia', 'Museo Conte', 'Palazzo della Ragione', 'AMO']",Arena,strategy_nearest,False,0.002610921859741211,success
041D79429C4C80,0,['Arena'],Casa Giulietta,"['Centro Fotografia', 'Sighseeing', 'Torre Lamberti', 'Museo Conte', 'Museo Radio']",Torre Lamberti,strategy_nearest,True,0.0027611255645751953,success
041D793A9C4C81,3,"['Arena', 'San Zeno']",Castelvecchio,"['Museo Lapidario', 'Verona Tour', 'Museo Radio', 'Sighseeing', 'Museo Miniscalchi']",Torre Lamberti,strategy_nearest,False,0.0025482177734375,success
041D7A3A9C4C81,3,"['Arena', 'Casa Giulietta']",Santa Anastasia,"['AMO', 'Museo Conte', 'Palazzo della Ragione', 'Teatro Romano', 'Centro Fotografia']",Duomo,strategy_nearest,False,0.0023641586303710938,success
041D7B4A9C4C81,0,['Castelvecchio'],Arena,"['Verona Tour', 'Museo Lapidario', 'Museo Radio', 'San Fermo', 'Casa Giulietta']",Casa Giulietta,strategy_nearest,True,0.0031740665435791016,success
041D7F3A9C4C80,0,['Arena'],Casa Giulietta,"['Centro Fotografia', 'Sighseeing', 'Torre Lamberti', 'Museo Conte', 'Museo Radio']",Torre Lamberti,strategy_nearest,True,0.0017490386962890625,success
041D81429C4C80,0,['Teatro Romano'],Arena,"['Verona Tour', 'Museo Lapidario', 'Museo Radio', 'San Fermo', 'Casa Giulietta']",Casa Giulietta,strategy_nearest,True,0.0012440681457519531,success
041D7F3A9C4C81,0,['Arena'],Casa Giulietta,"['Centro Fotografia', 'Sighseeing', 'Torre Lamberti', 'Museo Conte', 'Museo Radio']",Torre Lamberti,strategy_nearest,True,0.004299163818359375,success
041D813A9C4C80,2,['Castelvecchio'],Casa Giulietta,"['Centro Fotografia', 'Sighseeing', 'Torre Lamberti', 'Museo Conte', 'Museo Radio']",Torre Lamberti,strategy_nearest,True,0.003966331481933594,success
041D83429C4C81,0,['Arena'],Casa Giulietta,"['Centro Fotografia', 'Sighseeing', 'Torre Lamberti', 'Museo Conte', 'Museo Radio']",Teatro Romano,strategy_nearest,False,0.003200054168701172,success
041D87429C4C81,0,['Arena'],Torre Lamberti,"['Sighseeing', 'Centro Fotografia', 'Museo Conte', 'Casa Giulietta', 'Palazzo della Ragione']",Casa Giulietta,strategy_nearest,True,0.002176046371459961,success
041D874A9C4C81,2,['Casa Giulietta'],Giardino Giusti,"['Santa Anastasia', 'Teatro Romano', 'Museo Conte', 'Centro Fotografia', 'Museo Storia']",Museo Storia,strategy_nearest,True,0.00273895263671875,success
041D88429C4C81,3,"['Castelvecchio', 'Arena', 'Casa Giulietta']",Torre Lamberti,"['Sighseeing', 'Centro Fotografia', 'Museo Conte', 'Palazzo della Ragione', 'AMO']",Santa Anastasia,strategy_nearest,False,0.0013737678527832031,success
041D87429C4C80,3,"['Arena', 'Torre Lamberti']",Teatro Romano,"['Santa Anastasia', 'Duomo', 'AMO', 'Palazzo della Ragione', 'Museo Conte']",Duomo,strategy_nearest,True,0.0034570693969726562,success
041D8C429C4C80,2,['Torre Lamberti'],Casa Giulietta,"['Centro Fotografia', 'Sighseeing', 'Museo Conte', 'Museo Radio', 'Palazzo della Ragione']",San Fermo,strategy_nearest,False,0.0021293163299560547,success
041D8C4A9C4C80,0,['Arena'],Torre Lamberti,"['Sighseeing', 'Centro Fotografia', 'Museo Conte', 'Casa Giulietta', 'Palazzo della Ragione']",Casa Giulietta,strategy_nearest,True,0.0033159255981445312,success
041D903A9C4C81,2,['Giardino Giusti'],Torre Lamberti,"['Sighseeing', 'Centro Fotografia', 'Museo Conte', 'Casa Giulietta', 'Palazzo della Ragione']",Casa Giulietta,strategy_nearest,True,0.0020842552185058594,success
041D914A9C4C80,3,['Tomba Giulietta'],San Zeno,"['Castelvecchio', 'Verona Tour', 'Museo Lapidario', 'Arena', 'Museo Miniscalchi']",Arena,strategy_nearest,True,0.0033168792724609375,success
041D95429C4C81,0,"['Castelvecchio', 'Arena']",Tomba Giulietta,"['San Fermo', 'Museo Storia', 'Museo Lapidario', 'Museo Radio', 'Verona Tour']",Torre Lamberti,strategy_nearest,False,0.0017549991607666016,success
041D934A9C4C81,3,['Arena'],Santa Anastasia,"['AMO', 'Museo Conte', 'Palazzo della Ragione', 'Teatro Romano', 'Centro Fotografia']",Torre Lamberti,strategy_nearest,False,0.002496957778930664,success
041D954A9C4C80,3,"['Arena', 'San Fermo']",Teatro Romano,"['Santa Anastasia', 'Duomo', 'AMO', 'Palazzo della Ragione', 'Museo Conte']",Duomo,strategy_nearest,True,0.003086090087890625,success
041D97429C4C80,3,['Santa Anastasia'],Torre Lamberti,"['Sighseeing', 'Centro Fotografia', 'Museo Conte', 'Casa Giulietta', 'Palazzo della Ragione']",Casa Giulietta,strategy_nearest,True,0.0033371448516845703,success
041D984A9C4C81,2,['Casa Giulietta'],San Fermo,"['Museo Storia', 'Museo Radio', 'Centro Fotografia', 'Arena', 'Sighseeing']",Santa Anastasia,strategy_nearest,False,0.003358125686645508,success
041D99429C4C80,2,['Casa Giulietta'],Torre Lamberti,"['Sighseeing', 'Centro Fotografia', 'Museo Conte', 'Palazzo della Ragione', 'AMO']",Castelvecchio,strategy_nearest,False,0.0027468204498291016,success
041D9C429C4C81,3,"['Arena', 'Santa Anastasia']",Duomo,"['AMO', 'Museo Miniscalchi', 'Teatro Romano', 'Palazzo della Ragione', 'Museo Conte']",Torre Lamberti,strategy_nearest,False,0.003226041793823242,success
041D9E4A9C4C81,0,['Arena'],Casa Giulietta,"['Centro Fotografia', 'Sighseeing', 'Torre Lamberti', 'Museo Conte', 'Museo Radio']",Santa Anastasia,strategy_nearest,False,0.0031099319458007812,success
041D9F4A9C4C80,2,['Castelvecchio'],San Zeno,"['Verona Tour', 'Museo Lapidario', 'Arena', 'Museo Miniscalchi', 'Sighseeing']",Teatro Romano,strategy_nearest,False,0.0015921592712402344,success
041D9F429C4C81,0,"['Arena', 'Museo Lapidario']",Castelvecchio,"['Verona Tour', 'Museo Radio', 'San Zeno', 'Sighseeing', 'Museo Miniscalchi']",Duomo,strategy_nearest,False,0.0027801990509033203,success
041DA6429C4C81,3,"['Arena', 'Torre Lamberti', 'Casa Giulietta', 'Santa Anastasia']",Teatro Romano,"['Duomo', 'AMO', 'Palazzo della Ragione', 'Museo Conte', 'Centro Fotografia']",Duomo,strategy_nearest,True,0.0031957626342773438,success
041DA54A9C4C81,3,"['Arena', 'Casa Giulietta']",Torre Lamberti,"['Sighseeing', 'Centro Fotografia', 'Museo Conte', 'Palazzo della Ragione', 'AMO']",Santa Anastasia,strategy_nearest,False,0.002611875534057617,success
041DA84A9C4C80,3,"['Arena', 'Santa Anastasia']",Teatro Romano,"['Duomo', 'AMO', 'Palazzo della Ragione', 'Museo Conte', 'Centro Fotografia']",Giardino Giusti,strategy_nearest,False,0.0030999183654785156,success
041DA9429C4C80,0,['Arena'],Casa Giulietta,"['Centro Fotografia', 'Sighseeing', 'Torre Lamberti', 'Museo Conte', 'Museo Radio']",Castelvecchio,strategy_nearest,False,0.0039479732513427734,success
041DAB4A9C4C80,0,['Arena'],Casa Giulietta,"['Centro Fotografia', 'Sighseeing', 'Torre Lamberti', 'Museo Conte', 'Museo Radio']",Torre Lamberti,strategy_nearest,True,0.002412080764770508,success
041DAB429C4C80,3,['Arena'],Torre Lamberti,"['Sighseeing', 'Centro Fotografia', 'Museo Conte', 'Casa Giulietta', 'Palazzo della Ragione']",Duomo,strategy_nearest,False,0.0018160343170166016,success
041DAC429C4C80,2,['Teatro Romano'],Castelvecchio,"['Museo Lapidario', 'Verona Tour', 'Arena', 'Museo Radio', 'San Zeno']",Casa Giulietta,strategy_nearest,False,0.0029630661010742188,success
041DAF429C4C80,2,"['Casa Giulietta', 'San Fermo']",Castelvecchio,"['Museo Lapidario', 'Verona Tour', 'Arena', 'Museo Radio', 'San Zeno']",San Zeno,strategy_nearest,True,0.0017726421356201172,success
041DB53A9C4C81,0,['Arena'],Casa Giulietta,"['Centro Fotografia', 'Sighseeing', 'Torre Lamberti', 'Museo Conte', 'Museo Radio']",Castelvecchio,strategy_nearest,False,0.003222942352294922,success
041DB73A9C4C81,3,"['Arena', 'Casa Giulietta']",Torre Lamberti,"['Sighseeing', 'Centro Fotografia', 'Museo Conte', 'Palazzo della Ragione', 'AMO']",Duomo,strategy_nearest,False,0.002591848373413086,success
041DAD3A9C4C80,2,"['San Fermo', 'Casa Giulietta']",Torre Lamberti,"['Sighseeing', 'Centro Fotografia', 'Museo Conte', 'Palazzo della Ragione', 'AMO']",Santa Anastasia,strategy_nearest,False,0.0023910999298095703,success
041DB7429C4C81,3,"['Arena', 'Teatro Romano']",Duomo,"['AMO', 'Museo Miniscalchi', 'Santa Anastasia', 'Palazzo della Ragione', 'Museo Conte']",Torre Lamberti,strategy_nearest,False,0.002463102340698242,success
041DB93A9C4C80,0,"['Casa Giulietta', 'Torre Lamberti']",Duomo,"['AMO', 'Museo Miniscalchi', 'Santa Anastasia', 'Teatro Romano', 'Palazzo della Ragione']",Castelvecchio,strategy_nearest,False,0.0021028518676757812,success
041DBA429C4C80,0,['Duomo'],Arena,"['Verona Tour', 'Museo Lapidario', 'Museo Radio', 'San Fermo', 'Casa Giulietta']",Casa Giulietta,strategy_nearest,True,0.0027170181274414062,success
041DC6429C4C80,0,"['Tomba Giulietta', 'Museo Storia', 'Teatro Romano']",Casa Giulietta,"['Centro Fotografia', 'Sighseeing', 'Torre Lamberti', 'Museo Conte', 'Museo Radio']",Torre Lamberti,strategy_nearest,True,0.0030667781829833984,success
041DDC429C4C81,3,"['Teatro Romano', 'Duomo', 'San Fermo']",Castelvecchio,"['Museo Lapidario', 'Verona Tour', 'Arena', 'Museo Radio', 'San Zeno']",Arena,strategy_nearest,True,0.0013968944549560547,success
041DD7429C4C81,0,['San Zeno'],Castelvecchio,"['Museo Lapidario', 'Verona Tour', 'Arena', 'Museo Radio', 'Sighseeing']",Arena,strategy_nearest,True,0.003297090530395508,success
041DD63A9C4C80,3,"['Arena', 'Torre Lamberti', 'Santa Anastasia', 'Duomo']",Teatro Romano,"['AMO', 'Palazzo della Ragione', 'Museo Conte', 'Centro Fotografia', 'Museo Miniscalchi']",Casa Giulietta,strategy_nearest,False,0.0046350955963134766,success
041DDF429C4C81,0,['Arena'],Casa Giulietta,"['Centro Fotografia', 'Sighseeing', 'Torre Lamberti', 'Museo Conte', 'Museo Radio']",Giardino Giusti,strategy_nearest,False,0.0019750595092773438,success
041E4C3A9C4C81,0,['Arena'],Casa Giulietta,"['Centro Fotografia', 'Sighseeing', 'Torre Lamberti', 'Museo Conte', 'Museo Radio']",Tomba Giulietta,strategy_nearest,False,0.0017652511596679688,success
041DE53A9C4C80,3,"['Arena', 'Castelvecchio']",Duomo,"['AMO', 'Museo Miniscalchi', 'Santa Anastasia', 'Teatro Romano', 'Palazzo della Ragione']",Santa Anastasia,strategy_nearest,True,0.0023789405822753906,success
041E543A9C4C80,3,"['Arena', 'Casa Giulietta']",Santa Anastasia,"['AMO', 'Museo Conte', 'Palazzo della Ragione', 'Teatro Romano', 'Centro Fotografia']",Tomba Giulietta,strategy_nearest,False,0.0028357505798339844,success
041E543A9C4C81,0,['Casa Giulietta'],Castelvecchio,"['Museo Lapidario', 'Verona Tour', 'Arena', 'Museo Radio', 'San Zeno']",Arena,strategy_nearest,True,0.003425121307373047,success
041E5B3A9C4C81,3,"['Museo Lapidario', 'Torre Lamberti', 'Casa Giulietta', 'San Fermo']",Teatro Romano,"['Santa Anastasia', 'Duomo', 'AMO', 'Palazzo della Ragione', 'Museo Conte']",Arena,strategy_nearest,False,0.002721071243286133,success
041E633A9C4C80,1,"['Palazzo della Ragione', 'Torre Lamberti', 'Casa Giulietta']",Arena,"['Verona Tour', 'Museo Lapidario', 'Museo Radio', 'San Fermo', 'Sighseeing']",Castelvecchio,strategy_nearest,False,0.0040891170501708984,success
041E693A9C4C81,3,"['Arena', 'Castelvecchio']",Santa Anastasia,"['AMO', 'Museo Conte', 'Palazzo della Ragione', 'Teatro Romano', 'Centro Fotografia']",Duomo,strategy_nearest,False,0.0016796588897705078,success
041E6B429C4C81,3,"['Arena', 'Torre Lamberti']",Santa Anastasia,"['AMO', 'Museo Conte', 'Palazzo della Ragione', 'Teatro Romano', 'Centro Fotografia']",Casa Giulietta,strategy_nearest,False,0.0031337738037109375,success
041E6E429C4C80,3,['Arena'],Torre Lamberti,"['Sighseeing', 'Centro Fotografia', 'Museo Conte', 'Casa Giulietta', 'Palazzo della Ragione']",Santa Anastasia,strategy_nearest,False,0.0015819072723388672,success
041E6D429C4C80,3,['Arena'],Casa Giulietta,"['Centro Fotografia', 'Sighseeing', 'Torre Lamberti', 'Museo Conte', 'Museo Radio']",Santa Anastasia,strategy_nearest,False,0.003862142562866211,success
041E73429C4C80,3,"['Casa Giulietta', 'Torre Lamberti']",Santa Anastasia,"['AMO', 'Museo Conte', 'Palazzo della Ragione', 'Teatro Romano', 'Centro Fotografia']",Arena,strategy_nearest,False,0.002592802047729492,success
041E794A9C4C80,0,['Arena'],Casa Giulietta,"['Centro Fotografia', 'Sighseeing', 'Torre Lamberti', 'Museo Conte', 'Museo Radio']",Museo Lapidario,strategy_nearest,False,0.0024089813232421875,success
041E793A9C4C80,3,"['Arena', 'Torre Lamberti']",Casa Giulietta,"['Centro Fotografia', 'Sighseeing', 'Museo Conte', 'Museo Radio', 'Palazzo della Ragione']",Santa Anastasia,strategy_nearest,False,0.0039958953857421875,success
041E794A9C4C81,0,"['Castelvecchio', 'Arena']",San Fermo,"['Museo Storia', 'Museo Radio', 'Casa Giulietta', 'Centro Fotografia', 'Sighseeing']",Torre Lamberti,strategy_nearest,False,0.0027408599853515625,success
041E7B429C4C80,3,"['Arena', 'Torre Lamberti']",Casa Giulietta,"['Centro Fotografia', 'Sighseeing', 'Museo Conte', 'Museo Radio', 'Palazzo della Ragione']",San Fermo,strategy_nearest,False,0.002991199493408203,success
041E7B429C4C81,2,['Castelvecchio'],Torre Lamberti,"['Sighseeing', 'Centro Fotografia', 'Museo Conte', 'Casa Giulietta', 'Palazzo della Ragione']",Santa Anastasia,strategy_nearest,False,0.0024061203002929688,success
041E7C429C4C80,0,['Arena'],Casa Giulietta,"['Centro Fotografia', 'Sighseeing', 'Torre Lamberti', 'Museo Conte', 'Museo Radio']",Duomo,strategy_nearest,False,0.0024290084838867188,success
041E7B4A9C4C80,0,['Castelvecchio'],Arena,"['Verona Tour', 'Museo Lapidario', 'Museo Radio', 'San Fermo', 'Casa Giulietta']",Torre Lamberti,strategy_nearest,False,0.003220081329345703,success
041E7D429C4C81,0,"['Casa Giulietta', 'Arena']",Castelvecchio,"['Museo Lapidario', 'Verona Tour', 'Museo Radio', 'San Zeno', 'Sighseeing']",San Zeno,strategy_nearest,True,0.003034830093383789,success
041E80429C4C81,0,['Arena'],Casa Giulietta,"['Centro Fotografia', 'Sighseeing', 'Torre Lamberti', 'Museo Conte', 'Museo Radio']",Castelvecchio,strategy_nearest,False,0.002064943313598633,success
041E83429C4C81,3,"['Casa Giulietta', 'Arena']",Castelvecchio,"['Museo Lapidario', 'Verona Tour', 'Museo Radio', 'San Zeno', 'Sighseeing']",Torre Lamberti,strategy_nearest,False,0.0025908946990966797,success
041E7E429C4C81,3,['Santa Anastasia'],Duomo,"['AMO', 'Museo Miniscalchi', 'Teatro Romano', 'Palazzo della Ragione', 'Museo Conte']",Arena,strategy_nearest,False,0.004043102264404297,success
041E7F4A9C4C80,0,['Arena'],Casa Giulietta,"['Centro Fotografia', 'Sighseeing', 'Torre Lamberti', 'Museo Conte', 'Museo Radio']",Torre Lamberti,strategy_nearest,True,0.002141237258911133,success
041E88429C4C81,0,['Arena'],Casa Giulietta,"['Centro Fotografia', 'Sighseeing', 'Torre Lamberti', 'Museo Conte', 'Museo Radio']",Castelvecchio,strategy_nearest,False,0.0027680397033691406,success
041E873A9C4C81,0,['Arena'],Casa Giulietta,"['Centro Fotografia', 'Sighseeing', 'Torre Lamberti', 'Museo Conte', 'Museo Radio']",Santa Anastasia,strategy_nearest,False,0.0028600692749023438,success
041E87429C4C80,0,['Casa Giulietta'],San Fermo,"['Museo Storia', 'Museo Radio', 'Centro Fotografia', 'Arena', 'Sighseeing']",Museo Storia,strategy_nearest,True,0.0041179656982421875,success
041E8C4A9C4C80,2,['Torre Lamberti'],Teatro Romano,"['Santa Anastasia', 'Duomo', 'AMO', 'Palazzo della Ragione', 'Museo Conte']",Castelvecchio,strategy_nearest,False,0.0020232200622558594,success
041E9C429C4C81,0,"['Arena', 'Duomo']",Torre Lamberti,"['Sighseeing', 'Centro Fotografia', 'Museo Conte', 'Casa Giulietta', 'Palazzo della Ragione']",Casa Giulietta,strategy_nearest,True,0.0020380020141601562,success
041E8F4A9C4C81,3,"['Museo Lapidario', 'Arena', 'Torre Lamberti']",Giardino Giusti,"['Santa Anastasia', 'Teatro Romano', 'Museo Conte', 'Centro Fotografia', 'Museo Storia']",Teatro Romano,strategy_nearest,True,0.0033767223358154297,success
041E92429C4C80,0,['Arena'],Casa Giulietta,"['Centro Fotografia', 'Sighseeing', 'Torre Lamberti', 'Museo Conte', 'Museo Radio']",Torre Lamberti,strategy_nearest,True,0.0021610260009765625,success
041E9C4A9C4C81,0,['Arena'],Casa Giulietta,"['Centro Fotografia', 'Sighseeing', 'Torre Lamberti', 'Museo Conte', 'Museo Radio']",Teatro Romano,strategy_nearest,False,0.003202199935913086,success
041EA14A9C4C80,0,['Arena'],Casa Giulietta,"['Centro Fotografia', 'Sighseeing', 'Torre Lamberti', 'Museo Conte', 'Museo Radio']",Tomba Giulietta,strategy_nearest,False,0.00202178955078125,success
041E9E429C4C81,3,"['Arena', 'Casa Giulietta']",Castelvecchio,"['Museo Lapidario', 'Verona Tour', 'Museo Radio', 'San Zeno', 'Sighseeing']",Duomo,strategy_nearest,False,0.00335693359375,success
041E9F4A9C4C80,0,['Arena'],Museo Lapidario,"['Verona Tour', 'Castelvecchio', 'Museo Radio', 'San Fermo', 'Casa Giulietta']",Torre Lamberti,strategy_nearest,False,0.003312826156616211,success
041E9D429C4C80,1,['Arena'],Casa Giulietta,"['Centro Fotografia', 'Sighseeing', 'Torre Lamberti', 'Museo Conte', 'Museo Radio']",Palazzo della Ragione,strategy_nearest,False,0.002170085906982422,success
041EA64A9C4C80,0,['Arena'],Museo Lapidario,"['Verona Tour', 'Castelvecchio', 'Museo Radio', 'San Fermo', 'Casa Giulietta']",Castelvecchio,strategy_nearest,True,0.0013186931610107422,success
041EA73A9C4C80,1,"['Museo Lapidario', 'Arena', 'Torre Lamberti', 'Palazzo della Ragione']",Casa Giulietta,"['Centro Fotografia', 'Sighseeing', 'Museo Conte', 'Museo Radio', 'San Fermo']",Santa Anastasia,strategy_nearest,False,0.0031807422637939453,success
041EA2429C4C80,0,['Torre Lamberti'],Arena,"['Verona Tour', 'Museo Lapidario', 'Museo Radio', 'San Fermo', 'Casa Giulietta']",Casa Giulietta,strategy_nearest,True,0.0033521652221679688,success
041EA63A9C4C81,2,['Castelvecchio'],Casa Giulietta,"['Centro Fotografia', 'Sighseeing', 'Torre Lamberti', 'Museo Conte', 'Museo Radio']",San Fermo,strategy_nearest,False,0.0033190250396728516,success
041EA9429C4C80,3,['Arena'],Casa Giulietta,"['Centro Fotografia', 'Sighseeing', 'Torre Lamberti', 'Museo Conte', 'Museo Radio']",Torre Lamberti,strategy_nearest,True,0.0014660358428955078,success
041EAB3A9C4C80,3,"['Arena', 'Casa Giulietta', 'Torre Lamberti']",Santa Anastasia,"['AMO', 'Museo Conte', 'Palazzo della Ragione', 'Teatro Romano', 'Centro Fotografia']",Duomo,strategy_nearest,False,0.0025501251220703125,success
041EA872743380,0,"['San Fermo', 'Museo Storia']",Castelvecchio,"['Museo Lapidario', 'Verona Tour', 'Arena', 'Museo Radio', 'San Zeno']",Giardino Giusti,strategy_nearest,False,0.002794981002807617,success
041EAC429C4C81,1,"['Arena', 'Torre Lamberti']",Palazzo della Ragione,"['AMO', 'Museo Conte', 'Centro Fotografia', 'Sighseeing', 'Santa Anastasia']",Santa Anastasia,strategy_nearest,True,0.003292083740234375,success
041EAD3A9C4C81,0,['Arena'],Casa Giulietta,"['Centro Fotografia', 'Sighseeing', 'Torre Lamberti', 'Museo Conte', 'Museo Radio']",Santa Anastasia,strategy_nearest,False,0.0018360614776611328,success
041EBD429C4C80,1,"['Arena', 'Torre Lamberti']",Palazzo della Ragione,"['AMO', 'Museo Conte', 'Centro Fotografia', 'Sighseeing', 'Santa Anastasia']",Santa Anastasia,strategy_nearest,True,0.002357006072998047,success
041EB23A9C4C81,1,"['Arena', 'Casa Giulietta', 'Palazzo della Ragione']",Torre Lamberti,"['Sighseeing', 'Centro Fotografia', 'Museo Conte', 'AMO', 'Museo Miniscalchi']",Santa Anastasia,strategy_nearest,False,0.0025658607482910156,success
041EBB429C4C81,3,"['Arena', 'Castelvecchio']",San Zeno,"['Verona Tour', 'Museo Lapidario', 'Museo Miniscalchi', 'Sighseeing', 'Museo Radio']",Duomo,strategy_nearest,False,0.003155946731567383,success
041EC23A9C4C80,0,['Tomba Giulietta'],Arena,"['Verona Tour', 'Museo Lapidario', 'Museo Radio', 'San Fermo', 'Casa Giulietta']",Casa Giulietta,strategy_nearest,True,0.0022721290588378906,success
041EC23A9C4C81,3,"['Arena', 'Santa Anastasia', 'Duomo']",Torre Lamberti,"['Sighseeing', 'Centro Fotografia', 'Museo Conte', 'Casa Giulietta', 'Palazzo della Ragione']",Casa Giulietta,strategy_nearest,True,0.0027551651000976562,success
041EC83A9C4C81,0,['Arena'],Torre Lamberti,"['Sighseeing', 'Centro Fotografia', 'Museo Conte', 'Casa Giulietta', 'Palazzo della Ragione']",Duomo,strategy_nearest,False,0.0025959014892578125,success
041EC63A9C4C81,3,"['Arena', 'Casa Giulietta']",Torre Lamberti,"['Sighseeing', 'Centro Fotografia', 'Museo Conte', 'Palazzo della Ragione', 'AMO']",Santa Anastasia,strategy_nearest,False,0.003364086151123047,success
041ED33A9C4C80,3,"['Arena', 'Casa Giulietta']",Torre Lamberti,"['Sighseeing', 'Centro Fotografia', 'Museo Conte', 'Palazzo della Ragione', 'AMO']",Santa Anastasia,strategy_nearest,False,0.002833127975463867,success
041ED83A9C4C81,0,['Torre Lamberti'],Casa Giulietta,"['Centro Fotografia', 'Sighseeing', 'Museo Conte', 'Museo Radio', 'Palazzo della Ragione']",Arena,strategy_nearest,False,0.0019519329071044922,success
041ED43A9C4C81,3,"['Arena', 'Torre Lamberti', 'Santa Anastasia']",Duomo,"['AMO', 'Museo Miniscalchi', 'Teatro Romano', 'Palazzo della Ragione', 'Museo Conte']",Casa Giulietta,strategy_nearest,False,0.002624988555908203,success
041ED3429C4C81,3,"['Castelvecchio', 'Arena']",Museo Lapidario,"['Verona Tour', 'Museo Radio', 'San Fermo', 'Casa Giulietta', 'Tomba Giulietta']",Teatro Romano,strategy_nearest,False,0.004040956497192383,success
041EE13A9C4C80,3,['Arena'],Torre Lamberti,"['Sighseeing', 'Centro Fotografia', 'Museo Conte', 'Casa Giulietta', 'Palazzo della Ragione']",Santa Anastasia,strategy_nearest,False,0.0023670196533203125,success
041EDF3A9C4C81,1,"['Castelvecchio', 'Casa Giulietta']",Arena,"['Verona Tour', 'Museo Lapidario', 'Museo Radio', 'San Fermo', 'Sighseeing']",Torre Lamberti,strategy_nearest,False,0.001645803451538086,success
041F53429C4C80,3,"['Castelvecchio', 'Tomba Giulietta', 'Arena']",Torre Lamberti,"['Sighseeing', 'Centro Fotografia', 'Museo Conte', 'Casa Giulietta', 'Palazzo della Ragione']",Santa Anastasia,strategy_nearest,False,0.0032958984375,success
041F583A9C4C80,0,['Arena'],Santa Anastasia,"['AMO', 'Museo Conte', 'Palazzo della Ragione', 'Teatro Romano', 'Centro Fotografia']",Casa Giulietta,strategy_nearest,False,0.0017669200897216797,success
041F5E3A9C4C80,3,"['Museo Lapidario', 'Arena']",Casa Giulietta,"['Centro Fotografia', 'Sighseeing', 'Torre Lamberti', 'Museo Conte', 'Museo Radio']",Santa Anastasia,strategy_nearest,False,0.0022470951080322266,success
041F593A9C4C81,3,['Museo Lapidario'],Arena,"['Verona Tour', 'Museo Radio', 'San Fermo', 'Casa Giulietta', 'Sighseeing']",Teatro Romano,strategy_nearest,False,0.0031049251556396484,success
041F5F3A9C4C81,3,"['Casa Giulietta', 'Torre Lamberti', 'Santa Anastasia']",Castelvecchio,"['Museo Lapidario', 'Verona Tour', 'Arena', 'Museo Radio', 'San Zeno']",Arena,strategy_nearest,True,0.002173900604248047,success
041F6A429C4C80,0,['Arena'],Giardino Giusti,"['Santa Anastasia', 'Teatro Romano', 'Museo Conte', 'Centro Fotografia', 'Museo Storia']",Torre Lamberti,strategy_nearest,False,0.002560138702392578,success
041F7A429C4C80,0,['Casa Giulietta'],Tomba Giulietta,"['San Fermo', 'Museo Storia', 'Arena', 'Museo Lapidario', 'Museo Radio']",Castelvecchio,strategy_nearest,False,0.0023920536041259766,success
041F7A429C4C81,3,"['Arena', 'Santa Anastasia']",Torre Lamberti,"['Sighseeing', 'Centro Fotografia', 'Museo Conte', 'Casa Giulietta', 'Palazzo della Ragione']",Casa Giulietta,strategy_nearest,True,0.0023610591888427734,success
041F7B4A9C4C80,0,['Arena'],Museo Lapidario,"['Verona Tour', 'Castelvecchio', 'Museo Radio', 'San Fermo', 'Casa Giulietta']",Castelvecchio,strategy_nearest,True,0.003055095672607422,success
041F7C3A9C4C81,3,"['Arena', 'Museo Lapidario']",Casa Giulietta,"['Centro Fotografia', 'Sighseeing', 'Torre Lamberti', 'Museo Conte', 'Museo Radio']",Santa Anastasia,strategy_nearest,False,0.0023522377014160156,success
041F843A9C4C80,2,['Torre Lamberti'],Teatro Romano,"['Santa Anastasia', 'Duomo', 'AMO', 'Palazzo della Ragione', 'Museo Conte']",Giardino Giusti,strategy_nearest,False,0.0025398731231689453,success
041F80429C4C81,3,"['Arena', 'Torre Lamberti']",Santa Anastasia,"['AMO', 'Museo Conte', 'Palazzo della Ragione', 'Teatro Romano', 'Centro Fotografia']",Teatro Romano,strategy_nearest,True,0.0031862258911132812,success
041F86429C4C80,2,['Casa Giulietta'],Torre Lamberti,"['Sighseeing', 'Centro Fotografia', 'Museo Conte', 'Palazzo della Ragione', 'AMO']",Santa Anastasia,strategy_nearest,False,0.002299785614013672,success
041F84429C4C80,0,"['Arena', 'Museo Lapidario']",Castelvecchio,"['Verona Tour', 'Museo Radio', 'San Zeno', 'Sighseeing', 'Museo Miniscalchi']",Casa Giulietta,strategy_nearest,False,0.003951072692871094,success
041F87429C4C80,2,['Casa Giulietta'],Torre Lamberti,"['Sighseeing', 'Centro Fotografia', 'Museo Conte', 'Palazzo della Ragione', 'AMO']",Santa Anastasia,strategy_nearest,False,0.0023069381713867188,success
041F88429C4C81,2,['Tomba Giulietta'],Castelvecchio,"['Museo Lapidario', 'Verona Tour', 'Arena', 'Museo Radio', 'San Zeno']",San Zeno,strategy_nearest,True,0.002583026885986328,success
041F884A9C4C81,2,['Torre Lamberti'],Casa Giulietta,"['Centro Fotografia', 'Sighseeing', 'Museo Conte', 'Museo Radio', 'Palazzo della Ragione']",Santa Anastasia,strategy_nearest,False,0.0021610260009765625,success
041F874A9C4C81,3,"['Arena', 'Torre Lamberti']",Casa Giulietta,"['Centro Fotografia', 'Sighseeing', 'Museo Conte', 'Museo Radio', 'Palazzo della Ragione']",Santa Anastasia,strategy_nearest,False,0.002607107162475586,success
041F8C4A9C4C80,1,"['Castelvecchio', 'Casa Giulietta']",Torre Lamberti,"['Sighseeing', 'Centro Fotografia', 'Museo Conte', 'Palazzo della Ragione', 'AMO']",Palazzo della Ragione,strategy_nearest,True,0.002228975296020508,success
041F8E4A9C4C81,3,"['Arena', 'Castelvecchio']",Torre Lamberti,"['Sighseeing', 'Centro Fotografia', 'Museo Conte', 'Casa Giulietta', 'Palazzo della Ragione']",Santa Anastasia,strategy_nearest,False,0.0017600059509277344,success
041F8C4A9C4C81,3,['Arena'],Torre Lamberti,"['Sighseeing', 'Centro Fotografia', 'Museo Conte', 'Casa Giulietta', 'Palazzo della Ragione']",Santa Anastasia,strategy_nearest,False,0.0025451183319091797,success
041F8F4A9C4C80,0,['Arena'],Torre Lamberti,"['Sighseeing', 'Centro Fotografia', 'Museo Conte', 'Casa Giulietta', 'Palazzo della Ragione']",Duomo,strategy_nearest,False,0.002092599868774414,success
041F90429C4C80,3,"['Duomo', 'Santa Anastasia']",Arena,"['Verona Tour', 'Museo Lapidario', 'Museo Radio', 'San Fermo', 'Casa Giulietta']",Torre Lamberti,strategy_nearest,False,0.001291036605834961,success
041F944A9C4C81,3,['Arena'],Santa Anastasia,"['AMO', 'Museo Conte', 'Palazzo della Ragione', 'Teatro Romano', 'Centro Fotografia']",Torre Lamberti,strategy_nearest,False,0.002006053924560547,success
041F9B429C4C81,1,"['Arena', 'Castelvecchio']",Torre Lamberti,"['Sighseeing', 'Centro Fotografia', 'Museo Conte', 'Casa Giulietta', 'Palazzo della Ragione']",Palazzo della Ragione,strategy_nearest,True,0.0026597976684570312,success
041F99429C4C81,2,['San Fermo'],Santa Anastasia,"['AMO', 'Museo Conte', 'Palazzo della Ragione', 'Teatro Romano', 'Centro Fotografia']",Duomo,strategy_nearest,False,0.003495931625366211,success
041F9B4A9C4C81,3,"['Arena', 'San Zeno', 'Castelvecchio']",Casa Giulietta,"['Centro Fotografia', 'Sighseeing', 'Torre Lamberti', 'Museo Conte', 'Museo Radio']",Santa Anastasia,strategy_nearest,False,0.002615213394165039,success
041F9E429C4C81,3,"['Santa Anastasia', 'San Fermo']",Tomba Giulietta,"['Museo Storia', 'Arena', 'Museo Lapidario', 'Museo Radio', 'Verona Tour']",Torre Lamberti,strategy_nearest,False,0.0018110275268554688,success
041F9C4A9C4C80,2,['Torre Lamberti'],Santa Anastasia,"['AMO', 'Museo Conte', 'Palazzo della Ragione', 'Teatro Romano', 'Centro Fotografia']",Duomo,strategy_nearest,False,0.0028281211853027344,success
041F9E4A9C4C81,0,['Arena'],Torre Lamberti,"['Sighseeing', 'Centro Fotografia', 'Museo Conte', 'Casa Giulietta', 'Palazzo della Ragione']",Casa Giulietta,strategy_nearest,True,0.0027861595153808594,success
041FA24A9C4C81,3,"['Torre Lamberti', 'Casa Giulietta', 'Castelvecchio']",Duomo,"['AMO', 'Museo Miniscalchi', 'Santa Anastasia', 'Teatro Romano', 'Palazzo della Ragione']",Santa Anastasia,strategy_nearest,True,0.0027780532836914062,success
041FA5429C4C81,3,['Arena'],Santa Anastasia,"['AMO', 'Museo Conte', 'Palazzo della Ragione', 'Teatro Romano', 'Centro Fotografia']",Duomo,strategy_nearest,False,0.002988100051879883,success
041FA5429C4C80,1,['Arena'],Palazzo della Ragione,"['AMO', 'Museo Conte', 'Torre Lamberti', 'Centro Fotografia', 'Sighseeing']",Casa Giulietta,strategy_nearest,False,0.0028641223907470703,success
041FA64A9C4C81,0,['Arena'],Casa Giulietta,"['Centro Fotografia', 'Sighseeing', 'Torre Lamberti', 'Museo Conte', 'Museo Radio']",Castelvecchio,strategy_nearest,False,0.0025658607482910156,success
041FA84A9C4C80,3,"['Arena', 'Casa Giulietta']",Torre Lamberti,"['Sighseeing', 'Centro Fotografia', 'Museo Conte', 'Palazzo della Ragione', 'AMO']",Santa Anastasia,strategy_nearest,False,0.002187013626098633,success
041FB53A9C4C80,1,"['Castelvecchio', 'Duomo', 'Santa Anastasia']",Torre Lamberti,"['Sighseeing', 'Centro Fotografia', 'Museo Conte', 'Casa Giulietta', 'Palazzo della Ragione']",Palazzo della Ragione,strategy_nearest,True,0.002244234085083008,success
041FAA3A9C4C81,3,['Arena'],Torre Lamberti,"['Sighseeing', 'Centro Fotografia', 'Museo Conte', 'Casa Giulietta', 'Palazzo della Ragione']",Santa Anastasia,strategy_nearest,False,0.0032219886779785156,success
041FBF3A9C4C80,0,['Arena'],Casa Giulietta,"['Centro Fotografia', 'Sighseeing', 'Torre Lamberti', 'Museo Conte', 'Museo Radio']",Torre Lamberti,strategy_nearest,True,0.0014851093292236328,success
041FB63A9C4C80,3,"['Castelvecchio', 'Arena', 'San Fermo']",Casa Giulietta,"['Centro Fotografia', 'Sighseeing', 'Torre Lamberti', 'Museo Conte', 'Museo Radio']",Torre Lamberti,strategy_nearest,True,0.002271890640258789,success
041FB93A9C4C80,3,"['Arena', 'Casa Giulietta']",Torre Lamberti,"['Sighseeing', 'Centro Fotografia', 'Museo Conte', 'Palazzo della Ragione', 'AMO']",Duomo,strategy_nearest,False,0.0027158260345458984,success
041FC03A9C4C80,3,"['Arena', 'Santa Anastasia']",Castelvecchio,"['Museo Lapidario', 'Verona Tour', 'Museo Radio', 'San Zeno', 'Sighseeing']",Duomo,strategy_nearest,False,0.0032439231872558594,success
041FC43A9C4C80,0,"['Arena', 'Castelvecchio']",Teatro Romano,"['Santa Anastasia', 'Duomo', 'AMO', 'Palazzo della Ragione', 'Museo Conte']",Giardino Giusti,strategy_nearest,False,0.0011932849884033203,success
041FC23A9C4C81,0,['Tomba Giulietta'],Arena,"['Verona Tour', 'Museo Lapidario', 'Museo Radio', 'San Fermo', 'Casa Giulietta']",Casa Giulietta,strategy_nearest,True,0.0026209354400634766,success
041FC73A9C4C81,0,['Tomba Giulietta'],Arena,"['Verona Tour', 'Museo Lapidario', 'Museo Radio', 'San Fermo', 'Casa Giulietta']",Castelvecchio,strategy_nearest,False,0.0032660961151123047,success
041FC63A9C4C80,3,"['Arena', 'Torre Lamberti']",Santa Anastasia,"['AMO', 'Museo Conte', 'Palazzo della Ragione', 'Teatro Romano', 'Centro Fotografia']",Casa Giulietta,strategy_nearest,False,0.002682209014892578,success
041FCD3A9C4C81,0,['Castelvecchio'],Torre Lamberti,"['Sighseeing', 'Centro Fotografia', 'Museo Conte', 'Casa Giulietta', 'Palazzo della Ragione']",Casa Giulietta,strategy_nearest,True,0.001619100570678711,success
041FD03A9C4C81,3,"['Casa Giulietta', 'Torre Lamberti', 'Santa Anastasia']",Teatro Romano,"['Duomo', 'AMO', 'Palazzo della Ragione', 'Museo Conte', 'Centro Fotografia']",San Zeno,strategy_nearest,False,0.0026268959045410156,success
041FD63A9C4C80,3,"['Arena', 'Castelvecchio', 'Casa Giulietta', 'Tomba Giulietta']",Museo Lapidario,"['Verona Tour', 'Museo Radio', 'San Fermo', 'Sighseeing', 'Torre Lamberti']",San Fermo,strategy_nearest,True,0.0031642913818359375,success
041FCD3A9C4C80,0,"['Teatro Romano', 'Giardino Giusti']",Casa Giulietta,"['Centro Fotografia', 'Sighseeing', 'Torre Lamberti', 'Museo Conte', 'Museo Radio']",Torre Lamberti,strategy_nearest,True,0.004178047180175781,success
041FD73A9C4C81,2,['Castelvecchio'],Santa Anastasia,"['AMO', 'Museo Conte', 'Palazzo della Ragione', 'Teatro Romano', 'Centro Fotografia']",Duomo,strategy_nearest,False,0.0021889209747314453,success
041FD7429C4C80,0,"['Castelvecchio', 'Arena']",Casa Giulietta,"['Centro Fotografia', 'Sighseeing', 'Torre Lamberti', 'Museo Conte', 'Museo Radio']",Tomba Giulietta,strategy_nearest,False,0.0031211376190185547,success
041FD7429C4C81,3,"['Tomba Giulietta', 'Arena', 'San Zeno', 'Castelvecchio', 'San Fermo']",Torre Lamberti,"['Sighseeing', 'Centro Fotografia', 'Museo Conte', 'Casa Giulietta', 'Palazzo della Ragione']",Casa Giulietta,strategy_nearest,True,0.0029549598693847656,success
041FD93A9C4C81,3,"['Arena', 'Torre Lamberti']",Duomo,"['AMO', 'Museo Miniscalchi', 'Santa Anastasia', 'Teatro Romano', 'Palazzo della Ragione']",Castelvecchio,strategy_nearest,False,0.0031969547271728516,success
041FD9429C4C80,1,"['Arena', 'Museo Lapidario', 'Castelvecchio']",Palazzo della Ragione,"['AMO', 'Museo Conte', 'Torre Lamberti', 'Centro Fotografia', 'Sighseeing']",Torre Lamberti,strategy_nearest,True,0.002410888671875,success
042047429C4C81,1,"['Palazzo della Ragione', 'Torre Lamberti', 'Casa Giulietta']",Arena,"['Verona Tour', 'Museo Lapidario', 'Museo Radio', 'San Fermo', 'Sighseeing']",Castelvecchio,strategy_nearest,False,0.0026161670684814453,success
0420543A9C4C80,3,['Arena'],Casa Giulietta,"['Centro Fotografia', 'Sighseeing', 'Torre Lamberti', 'Museo Conte', 'Museo Radio']",Torre Lamberti,strategy_nearest,True,0.002593994140625,success
0420583A9C4C80,3,"['Arena', 'Casa Giulietta']",Torre Lamberti,"['Sighseeing', 'Centro Fotografia', 'Museo Conte', 'Palazzo della Ragione', 'AMO']",Santa Anastasia,strategy_nearest,False,0.003094911575317383,success
0420583A9C4C81,3,"['Arena', 'San Fermo', 'Torre Lamberti']",Santa Anastasia,"['AMO', 'Museo Conte', 'Palazzo della Ragione', 'Teatro Romano', 'Centro Fotografia']",Duomo,strategy_nearest,False,0.0021522045135498047,success
04206C429C4C81,1,"['Tomba Giulietta', 'Arena']",Casa Giulietta,"['Centro Fotografia', 'Sighseeing', 'Torre Lamberti', 'Museo Conte', 'Museo Radio']",Torre Lamberti,strategy_nearest,True,0.0015952587127685547,success
04206D429C4C81,3,['Arena'],Castelvecchio,"['Museo Lapidario', 'Verona Tour', 'Museo Radio', 'San Zeno', 'Sighseeing']",Santa Anastasia,strategy_nearest,False,0.0020220279693603516,success
04207A3A9C4C81,0,['Arena'],Casa Giulietta,"['Centro Fotografia', 'Sighseeing', 'Torre Lamberti', 'Museo Conte', 'Museo Radio']",Torre Lamberti,strategy_nearest,True,0.0026171207427978516,success
04207A429C4C81,0,['Castelvecchio'],Arena,"['Verona Tour', 'Museo Lapidario', 'Museo Radio', 'San Fermo', 'Casa Giulietta']",Teatro Romano,strategy_nearest,False,0.003120899200439453,success
0420733A9C4C80,3,['Arena'],Santa Anastasia,"['AMO', 'Museo Conte', 'Palazzo della Ragione', 'Teatro Romano', 'Centro Fotografia']",Duomo,strategy_nearest,False,0.002707958221435547,success
04207B3A9C4C80,0,['Arena'],Museo Lapidario,"['Verona Tour', 'Castelvecchio', 'Museo Radio', 'San Fermo', 'Casa Giulietta']",Castelvecchio,strategy_nearest,True,0.0023119449615478516,success
04207C4A9C4C81,0,['Arena'],Casa Giulietta,"['Centro Fotografia', 'Sighseeing', 'Torre Lamberti', 'Museo Conte', 'Museo Radio']",Duomo,strategy_nearest,False,0.002704143524169922,success
042080429C4C80,2,"['Teatro Romano', 'Santa Anastasia', 'Torre Lamberti']",Casa Giulietta,"['Centro Fotografia', 'Sighseeing', 'Museo Conte', 'Museo Radio', 'Palazzo della Ragione']",San Fermo,strategy_nearest,False,0.0014636516571044922,success
0420823A9C4C81,3,"['Arena', 'Casa Giulietta']",Santa Anastasia,"['AMO', 'Museo Conte', 'Palazzo della Ragione', 'Teatro Romano', 'Centro Fotografia']",Duomo,strategy_nearest,False,0.0034661293029785156,success
042083429C4C81,0,['Arena'],Casa Giulietta,"['Centro Fotografia', 'Sighseeing', 'Torre Lamberti', 'Museo Conte', 'Museo Radio']",Duomo,strategy_nearest,False,0.0020630359649658203,success
042084429C4C80,0,['Arena'],Casa Giulietta,"['Centro Fotografia', 'Sighseeing', 'Torre Lamberti', 'Museo Conte', 'Museo Radio']",Castelvecchio,strategy_nearest,False,0.0027923583984375,success
042086429C4C81,3,['Arena'],Casa Giulietta,"['Centro Fotografia', 'Sighseeing', 'Torre Lamberti', 'Museo Conte', 'Museo Radio']",Santa Anastasia,strategy_nearest,False,0.0027697086334228516,success
04208D4A9C4C80,1,"['Castelvecchio', 'Casa Giulietta']",Torre Lamberti,"['Sighseeing', 'Centro Fotografia', 'Museo Conte', 'Palazzo della Ragione', 'AMO']",Palazzo della Ragione,strategy_nearest,True,0.002952098846435547,success
042090429C4C80,3,"['Arena', 'Duomo']",Teatro Romano,"['Santa Anastasia', 'AMO', 'Palazzo della Ragione', 'Museo Conte', 'Centro Fotografia']",Castelvecchio,strategy_nearest,False,0.0013608932495117188,success
0420934A9C4C80,3,['Arena'],Santa Anastasia,"['AMO', 'Museo Conte', 'Palazzo della Ragione', 'Teatro Romano', 'Centro Fotografia']",Torre Lamberti,strategy_nearest,False,0.002201080322265625,success
0420944A9C4C80,2,['Torre Lamberti'],Teatro Romano,"['Santa Anastasia', 'Duomo', 'AMO', 'Palazzo della Ragione', 'Museo Conte']",Duomo,strategy_nearest,True,0.003262042999267578,success
0420934A9C4C81,1,"['Arena', 'Palazzo della Ragione']",Santa Anastasia,"['AMO', 'Museo Conte', 'Teatro Romano', 'Centro Fotografia', 'Duomo']",Duomo,strategy_nearest,True,0.002741098403930664,success
0420974A9C4C81,1,"['Arena', 'Palazzo della Ragione']",Torre Lamberti,"['Sighseeing', 'Centro Fotografia', 'Museo Conte', 'Casa Giulietta', 'AMO']",Casa Giulietta,strategy_nearest,True,0.002129793167114258,success
0420984A9C4C80,3,['Arena'],Torre Lamberti,"['Sighseeing', 'Centro Fotografia', 'Museo Conte', 'Casa Giulietta', 'Palazzo della Ragione']",Casa Giulietta,strategy_nearest,True,0.002109050750732422,success
04209E4A9C4C80,3,"['Arena', 'Casa Giulietta']",Santa Anastasia,"['AMO', 'Museo Conte', 'Palazzo della Ragione', 'Teatro Romano', 'Centro Fotografia']",Duomo,strategy_nearest,False,0.002516031265258789,success
0420994A9C4C80,3,"['Arena', 'Torre Lamberti']",San Fermo,"['Museo Storia', 'Museo Radio', 'Casa Giulietta', 'Centro Fotografia', 'Sighseeing']",Casa Giulietta,strategy_nearest,True,0.003156900405883789,success
0420A4429C4C81,0,['Casa Giulietta'],Arena,"['Verona Tour', 'Museo Lapidario', 'Museo Radio', 'San Fermo', 'Sighseeing']",Castelvecchio,strategy_nearest,False,0.0014190673828125,success
0420A5429C4C81,2,"['Teatro Romano', 'Duomo']",Santa Anastasia,"['AMO', 'Museo Conte', 'Palazzo della Ragione', 'Centro Fotografia', 'Torre Lamberti']",Torre Lamberti,strategy_nearest,True,0.002566099166870117,success
0420A04A9C4C80,0,"['Arena', 'Castelvecchio']",Casa Giulietta,"['Centro Fotografia', 'Sighseeing', 'Torre Lamberti', 'Museo Conte', 'Museo Radio']",Teatro Romano,strategy_nearest,False,0.003397226333618164,success
04209E4A9C4C81,3,"['Arena', 'Museo Lapidario', 'Castelvecchio']",Duomo,"['AMO', 'Museo Miniscalchi', 'Santa Anastasia', 'Teatro Romano', 'Palazzo della Ragione']",Santa Anastasia,strategy_nearest,True,0.002187013626098633,success
0420AD3A9C4C81,0,"['Arena', 'San Zeno']",Castelvecchio,"['Museo Lapidario', 'Verona Tour', 'Museo Radio', 'Sighseeing', 'Museo Miniscalchi']",Casa Giulietta,strategy_nearest,False,0.0019237995147705078,success
0420A94A9C4C81,0,['Casa Giulietta'],Castelvecchio,"['Museo Lapidario', 'Verona Tour', 'Arena', 'Museo Radio', 'San Zeno']",Arena,strategy_nearest,True,0.0025169849395751953,success
0420A93A9C4C81,2,"['Museo Lapidario', 'Casa Giulietta']",Santa Anastasia,"['AMO', 'Museo Conte', 'Palazzo della Ragione', 'Teatro Romano', 'Centro Fotografia']",Duomo,strategy_nearest,False,0.0020399093627929688,success
0420B2429C4C80,3,['Arena'],San Zeno,"['Castelvecchio', 'Verona Tour', 'Museo Lapidario', 'Museo Miniscalchi', 'Sighseeing']",Santa Anastasia,strategy_nearest,False,0.0033559799194335938,success
0420BA3A9C4C80,0,['Arena'],Casa Giulietta,"['Centro Fotografia', 'Sighseeing', 'Torre Lamberti', 'Museo Conte', 'Museo Radio']",Santa Anastasia,strategy_nearest,False,0.0017337799072265625,success
0420B8429C4C81,0,['Castelvecchio'],Torre Lamberti,"['Sighseeing', 'Centro Fotografia', 'Museo Conte', 'Casa Giulietta', 'Palazzo della Ragione']",Arena,strategy_nearest,False,0.0025920867919921875,success
0420BD3A9C4C80,0,['Castelvecchio'],Arena,"['Verona Tour', 'Museo Lapidario', 'Museo Radio', 'San Fermo', 'Casa Giulietta']",Casa Giulietta,strategy_nearest,True,0.002254009246826172,success
0420BB3A9C4C80,3,"['Castelvecchio', 'Arena', 'Casa Giulietta']",Torre Lamberti,"['Sighseeing', 'Centro Fotografia', 'Museo Conte', 'Palazzo della Ragione', 'AMO']",Santa Anastasia,strategy_nearest,False,0.0031280517578125,success
0420BE3A9C4C81,0,['Arena'],Castelvecchio,"['Museo Lapidario', 'Verona Tour', 'Museo Radio', 'San Zeno', 'Sighseeing']",Casa Giulietta,strategy_nearest,False,0.003197193145751953,success
0420C33A9C4C80,0,['Arena'],Casa Giulietta,"['Centro Fotografia', 'Sighseeing', 'Torre Lamberti', 'Museo Conte', 'Museo Radio']",Castelvecchio,strategy_nearest,False,0.0018467903137207031,success
0420C93A9C4C80,3,"['Castelvecchio', 'Arena', 'Casa Giulietta']",Santa Anastasia,"['AMO', 'Museo Conte', 'Palazzo della Ragione', 'Teatro Romano', 'Centro Fotografia']",Duomo,strategy_nearest,False,0.002104043960571289,success
0420CC3A9C4C81,2,['Castelvecchio'],Teatro Romano,"['Santa Anastasia', 'Duomo', 'AMO', 'Palazzo della Ragione', 'Museo Conte']",Torre Lamberti,strategy_nearest,False,0.0023679733276367188,success
0420C83A9C4C80,3,"['Tomba Giulietta', 'Arena']",Casa Giulietta,"['Centro Fotografia', 'Sighseeing', 'Torre Lamberti', 'Museo Conte', 'Museo Radio']",Santa Anastasia,strategy_nearest,False,0.0028069019317626953,success
0420C9429C4C81,3,"['Castelvecchio', 'Arena']",Casa Giulietta,"['Centro Fotografia', 'Sighseeing', 'Torre Lamberti', 'Museo Conte', 'Museo Radio']",Torre Lamberti,strategy_nearest,True,0.003242969512939453,success
0420D13A9C4C81,0,['Arena'],Casa Giulietta,"['Centro Fotografia', 'Sighseeing', 'Torre Lamberti', 'Museo Conte', 'Museo Radio']",Santa Anastasia,strategy_nearest,False,0.0015840530395507812,success
0420D4429C4C80,3,"['Casa Giulietta', 'Duomo', 'Torre Lamberti']",San Fermo,"['Museo Storia', 'Museo Radio', 'Centro Fotografia', 'Arena', 'Sighseeing']",Arena,strategy_nearest,True,0.001956939697265625,success
0420D23A9C4C80,1,"['Casa Giulietta', 'Torre Lamberti', 'Palazzo della Ragione', 'Santa Anastasia']",Duomo,"['AMO', 'Museo Miniscalchi', 'Teatro Romano', 'Museo Conte', 'Centro Fotografia']",Castelvecchio,strategy_nearest,False,0.002737283706665039,success
0420CF3A9C4C80,1,"['Teatro Romano', 'Torre Lamberti']",Palazzo della Ragione,"['AMO', 'Museo Conte', 'Centro Fotografia', 'Sighseeing', 'Santa Anastasia']",Arena,strategy_nearest,False,0.003406047821044922,success
0420D7429C4C80,2,"['Castelvecchio', 'San Zeno']",San Fermo,"['Museo Storia', 'Museo Radio', 'Casa Giulietta', 'Centro Fotografia', 'Arena']",Santa Anastasia,strategy_nearest,False,0.0014729499816894531,success
0420DF3A9C4C80,0,"['Torre Lamberti', 'Casa Giulietta']",Castelvecchio,"['Museo Lapidario', 'Verona Tour', 'Arena', 'Museo Radio', 'San Zeno']",Arena,strategy_nearest,True,0.0021882057189941406,success
04214B3A9C4C81,0,['Arena'],Casa Giulietta,"['Centro Fotografia', 'Sighseeing', 'Torre Lamberti', 'Museo Conte', 'Museo Radio']",Torre Lamberti,strategy_nearest,True,0.002628803253173828,success
042155429C4C80,0,['Arena'],Giardino Giusti,"['Santa Anastasia', 'Teatro Romano', 'Museo Conte', 'Centro Fotografia', 'Museo Storia']",Teatro Romano,strategy_nearest,True,0.0032320022583007812,success
042170429C4C81,0,"['Museo Lapidario', 'Arena']",Casa Giulietta,"['Centro Fotografia', 'Sighseeing', 'Torre Lamberti', 'Museo Conte', 'Museo Radio']",Castelvecchio,strategy_nearest,False,0.0020668506622314453,success
0421743A9C4C81,3,['Arena'],Torre Lamberti,"['Sighseeing', 'Centro Fotografia', 'Museo Conte', 'Casa Giulietta', 'Palazzo della Ragione']",Santa Anastasia,strategy_nearest,False,0.0026159286499023438,success
04216D3A9C4C81,0,"['San Zeno', 'Castelvecchio']",Casa Giulietta,"['Centro Fotografia', 'Sighseeing', 'Torre Lamberti', 'Museo Conte', 'Museo Radio']",Tomba Giulietta,strategy_nearest,False,0.0026869773864746094,success
042175429C4C81,3,"['Arena', 'San Fermo', 'Casa Giulietta']",Torre Lamberti,"['Sighseeing', 'Centro Fotografia', 'Museo Conte', 'Palazzo della Ragione', 'AMO']",Santa Anastasia,strategy_nearest,False,0.0032160282135009766,success
042178429C4C81,2,['Casa Giulietta'],Torre Lamberti,"['Sighseeing', 'Centro Fotografia', 'Museo Conte', 'Palazzo della Ragione', 'AMO']",Santa Anastasia,strategy_nearest,False,0.0022249221801757812,success
04217A429C4C81,2,"['Casa Giulietta', 'Santa Anastasia']",Duomo,"['AMO', 'Museo Miniscalchi', 'Teatro Romano', 'Palazzo della Ragione', 'Museo Conte']",Teatro Romano,strategy_nearest,True,0.0029611587524414062,success
04217B4A9C4C80,2,"['Casa Giulietta', 'Torre Lamberti']",Santa Anastasia,"['AMO', 'Museo Conte', 'Palazzo della Ragione', 'Teatro Romano', 'Centro Fotografia']",Duomo,strategy_nearest,False,0.0026259422302246094,success
04217E429C4C81,2,['Casa Giulietta'],Torre Lamberti,"['Sighseeing', 'Centro Fotografia', 'Museo Conte', 'Palazzo della Ragione', 'AMO']",Santa Anastasia,strategy_nearest,False,0.002928018569946289,success
04217A4A9C4C81,1,"['Tomba Giulietta', 'Arena', 'Castelvecchio']",Duomo,"['AMO', 'Museo Miniscalchi', 'Santa Anastasia', 'Teatro Romano', 'Palazzo della Ragione']",Teatro Romano,strategy_nearest,True,0.0032858848571777344,success
042180429C4C80,2,['Casa Giulietta'],Castelvecchio,"['Museo Lapidario', 'Verona Tour', 'Arena', 'Museo Radio', 'San Zeno']",Tomba Giulietta,strategy_nearest,False,0.0013132095336914062,success
042182429C4C81,0,"['Arena', 'Tomba Giulietta']",Castelvecchio,"['Museo Lapidario', 'Verona Tour', 'Museo Radio', 'San Zeno', 'Sighseeing']",Torre Lamberti,strategy_nearest,False,0.0020308494567871094,success
042187429C4C81,3,['Arena'],Torre Lamberti,"['Sighseeing', 'Centro Fotografia', 'Museo Conte', 'Casa Giulietta', 'Palazzo della Ragione']",Casa Giulietta,strategy_nearest,True,0.0022859573364257812,success
042183429C4C80,0,"['Arena', 'San Fermo']",Casa Giulietta,"['Centro Fotografia', 'Sighseeing', 'Torre Lamberti', 'Museo Conte', 'Museo Radio']",Torre Lamberti,strategy_nearest,True,0.0033321380615234375,success
0421874A9C4C80,2,"['Teatro Romano', 'Duomo']",Casa Giulietta,"['Centro Fotografia', 'Sighseeing', 'Torre Lamberti', 'Museo Conte', 'Museo Radio']",Torre Lamberti,strategy_nearest,True,0.002441883087158203,success
0421904A9C4C80,3,"['Casa Giulietta', 'Torre Lamberti']",Santa Anastasia,"['AMO', 'Museo Conte', 'Palazzo della Ragione', 'Teatro Romano', 'Centro Fotografia']",Arena,strategy_nearest,False,0.00203704833984375,success
0421894A9C4C81,2,['San Zeno'],Castelvecchio,"['Museo Lapidario', 'Verona Tour', 'Arena', 'Museo Radio', 'Sighseeing']",Santa Anastasia,strategy_nearest,False,0.002974987030029297,success
0421914A9C4C81,3,"['Arena', 'Casa Giulietta']",Santa Anastasia,"['AMO', 'Museo Conte', 'Palazzo della Ragione', 'Teatro Romano', 'Centro Fotografia']",San Zeno,strategy_nearest,False,0.003242015838623047,success
0421934A9C4C80,3,['Arena'],Casa Giulietta,"['Centro Fotografia', 'Sighseeing', 'Torre Lamberti', 'Museo Conte', 'Museo Radio']",Torre Lamberti,strategy_nearest,True,0.0022683143615722656,success
042193429C4C81,1,"['Arena', 'Casa Giulietta', 'Torre Lamberti']",Palazzo della Ragione,"['AMO', 'Museo Conte', 'Centro Fotografia', 'Sighseeing', 'Santa Anastasia']",Santa Anastasia,strategy_nearest,True,0.0022649765014648438,success
0421934A9C4C81,0,['Torre Lamberti'],Arena,"['Verona Tour', 'Museo Lapidario', 'Museo Radio', 'San Fermo', 'Casa Giulietta']",Duomo,strategy_nearest,False,0.002740144729614258,success
0421994A9C4C80,3,"['Arena', 'San Fermo']",Torre Lamberti,"['Sighseeing', 'Centro Fotografia', 'Museo Conte', 'Casa Giulietta', 'Palazzo della Ragione']",Santa Anastasia,strategy_nearest,False,0.0029458999633789062,success
04219A429C4C80,0,['Castelvecchio'],Arena,"['Verona Tour', 'Museo Lapidario', 'Museo Radio', 'San Fermo', 'Casa Giulietta']",Torre Lamberti,strategy_nearest,False,0.002717733383178711,success
04219C429C4C81,3,"['Arena', 'San Fermo']",Casa Giulietta,"['Centro Fotografia', 'Sighseeing', 'Torre Lamberti', 'Museo Conte', 'Museo Radio']",Torre Lamberti,strategy_nearest,True,0.0019609928131103516,success
0421994A9C4C81,0,['Arena'],Castelvecchio,"['Museo Lapidario', 'Verona Tour', 'Museo Radio', 'San Zeno', 'Sighseeing']",Casa Giulietta,strategy_nearest,False,0.0033180713653564453,success
04219B4A9C4C80,0,"['Arena', 'Castelvecchio']",Casa Giulietta,"['Centro Fotografia', 'Sighseeing', 'Torre Lamberti', 'Museo Conte', 'Museo Radio']",Casa Giulietta,strategy_nearest,False,0.0014939308166503906,success
0421A34A9C4C81,0,['Castelvecchio'],Arena,"['Verona Tour', 'Museo Lapidario', 'Museo Radio', 'San Fermo', 'Casa Giulietta']",Casa Giulietta,strategy_nearest,True,0.0014851093292236328,success
0421A14A9C4C80,2,['Casa Giulietta'],Torre Lamberti,"['Sighseeing', 'Centro Fotografia', 'Museo Conte', 'Palazzo della Ragione', 'AMO']",Santa Anastasia,strategy_nearest,False,0.002866029739379883,success
04219F4A9C4C81,0,"['Casa Giulietta', 'Tomba Giulietta']",Arena,"['Verona Tour', 'Museo Lapidario', 'Museo Radio', 'San Fermo', 'Sighseeing']",San Zeno,strategy_nearest,False,0.0022950172424316406,success
0421A7429C4C80,2,"['Castelvecchio', 'Torre Lamberti']",Casa Giulietta,"['Centro Fotografia', 'Sighseeing', 'Museo Conte', 'Museo Radio', 'Palazzo della Ragione']",Santa Anastasia,strategy_nearest,False,0.0033981800079345703,success
0421A7429C4C81,0,"['Castelvecchio', 'San Fermo']",Casa Giulietta,"['Centro Fotografia', 'Sighseeing', 'Torre Lamberti', 'Museo Conte', 'Museo Radio']",Arena,strategy_nearest,False,0.0019271373748779297,success
0421AC3A9C4C81,3,"['Castelvecchio', 'Museo Lapidario', 'Arena', 'San Zeno']",Tomba Giulietta,"['San Fermo', 'Museo Storia', 'Museo Radio', 'Verona Tour', 'Casa Giulietta']",San Fermo,strategy_nearest,True,0.0021889209747314453,success
0421AC3A9C4C80,0,['Arena'],San Fermo,"['Museo Storia', 'Museo Radio', 'Casa Giulietta', 'Centro Fotografia', 'Sighseeing']",Castelvecchio,strategy_nearest,False,0.003432035446166992,success
0421A93A9C4C81,0,"['Arena', 'Torre Lamberti']",Casa Giulietta,"['Centro Fotografia', 'Sighseeing', 'Museo Conte', 'Museo Radio', 'Palazzo della Ragione']",San Fermo,strategy_nearest,False,0.0026018619537353516,success
0421AF429C4C81,1,['Arena'],Casa Giulietta,"['Centro Fotografia', 'Sighseeing', 'Torre Lamberti', 'Museo Conte', 'Museo Radio']",Palazzo della Ragione,strategy_nearest,False,0.00215911865234375,success
0421AD3A9C4C80,2,['Torre Lamberti'],Casa Giulietta,"['Centro Fotografia', 'Sighseeing', 'Museo Conte', 'Museo Radio', 'Palazzo della Ragione']",Teatro Romano,strategy_nearest,False,0.0015749931335449219,success
0421B0429C4C81,3,['Duomo'],Santa Anastasia,"['AMO', 'Museo Conte', 'Palazzo della Ragione', 'Teatro Romano', 'Centro Fotografia']",Torre Lamberti,strategy_nearest,False,0.0028731822967529297,success
0421AD3A9C4C81,0,['Arena'],Torre Lamberti,"['Sighseeing', 'Centro Fotografia', 'Museo Conte', 'Casa Giulietta', 'Palazzo della Ragione']",Casa Giulietta,strategy_nearest,True,0.005860805511474609,success
0421B63A9C4C81,0,['Arena'],Casa Giulietta,"['Centro Fotografia', 'Sighseeing', 'Torre Lamberti', 'Museo Conte', 'Museo Radio']",Santa Anastasia,strategy_nearest,False,0.002622365951538086,success
0421B1429C4C80,2,['Santa Anastasia'],Duomo,"['AMO', 'Museo Miniscalchi', 'Teatro Romano', 'Palazzo della Ragione', 'Museo Conte']",Teatro Romano,strategy_nearest,True,0.002057790756225586,success
0421B83A9C4C81,3,"['Santa Anastasia', 'Torre Lamberti', 'Casa Giulietta']",San Fermo,"['Museo Storia', 'Museo Radio', 'Centro Fotografia', 'Arena', 'Sighseeing']",Arena,strategy_nearest,True,0.002820730209350586,success
0421B6429C4C81,1,"['Teatro Romano', 'Santa Anastasia', 'Arena']",Palazzo della Ragione,"['AMO', 'Museo Conte', 'Torre Lamberti', 'Centro Fotografia', 'Sighseeing']",Torre Lamberti,strategy_nearest,True,0.0025551319122314453,success
0421B7429C4C81,3,"['San Zeno', 'Torre Lamberti']",Santa Anastasia,"['AMO', 'Museo Conte', 'Palazzo della Ragione', 'Teatro Romano', 'Centro Fotografia']",Duomo,strategy_nearest,False,0.0018298625946044922,success
0421B83A9C4C80,3,"['Arena', 'Casa Giulietta']",Torre Lamberti,"['Sighseeing', 'Centro Fotografia', 'Museo Conte', 'Palazzo della Ragione', 'AMO']",Santa Anastasia,strategy_nearest,False,0.0036640167236328125,success
0421B9429C4C81,2,['Castelvecchio'],Santa Anastasia,"['AMO', 'Museo Conte', 'Palazzo della Ragione', 'Teatro Romano', 'Centro Fotografia']",Duomo,strategy_nearest,False,0.0019106864929199219,success
0421BD3A9C4C81,0,['Arena'],Castelvecchio,"['Museo Lapidario', 'Verona Tour', 'Museo Radio', 'San Zeno', 'Sighseeing']",Santa Anastasia,strategy_nearest,False,0.0019750595092773438,success
0421BE3A9C4C80,3,"['Arena', 'Castelvecchio']",Duomo,"['AMO', 'Museo Miniscalchi', 'Santa Anastasia', 'Teatro Romano', 'Palazzo della Ragione']",Teatro Romano,strategy_nearest,True,0.0033369064331054688,success
0421BE3A9C4C81,0,['Arena'],Castelvecchio,"['Museo Lapidario', 'Verona Tour', 'Museo Radio', 'San Zeno', 'Sighseeing']",Torre Lamberti,strategy_nearest,False,0.0026760101318359375,success
0421C0429C4C81,1,['Arena'],Casa Giulietta,"['Centro Fotografia', 'Sighseeing', 'Torre Lamberti', 'Museo Conte', 'Museo Radio']",Torre Lamberti,strategy_nearest,True,0.0022089481353759766,success
0421C53A9C4C81,3,"['Arena', 'Museo Lapidario']",Casa Giulietta,"['Centro Fotografia', 'Sighseeing', 'Torre Lamberti', 'Museo Conte', 'Museo Radio']",Santa Anastasia,strategy_nearest,False,0.0014641284942626953,success
0421C13A9C4C80,0,['Arena'],Casa Giulietta,"['Centro Fotografia', 'Sighseeing', 'Torre Lamberti', 'Museo Conte', 'Museo Radio']",Santa Anastasia,strategy_nearest,False,0.002853870391845703,success
0421CB3A9C4C81,3,['Arena'],Casa Giulietta,"['Centro Fotografia', 'Sighseeing', 'Torre Lamberti', 'Museo Conte', 'Museo Radio']",Santa Anastasia,strategy_nearest,False,0.003386974334716797,success
0421D1429C4C81,0,"['Castelvecchio', 'Teatro Romano', 'Giardino Giusti']",Casa Giulietta,"['Centro Fotografia', 'Sighseeing', 'Torre Lamberti', 'Museo Conte', 'Museo Radio']",Torre Lamberti,strategy_nearest,True,0.0020608901977539062,success
0421D03A9C4C81,0,['Arena'],Duomo,"['AMO', 'Museo Miniscalchi', 'Santa Anastasia', 'Teatro Romano', 'Palazzo della Ragione']",Torre Lamberti,strategy_nearest,False,0.0014019012451171875,success
0421CE3A9C4C80,1,"['Santa Anastasia', 'Teatro Romano']",Torre Lamberti,"['Sighseeing', 'Centro Fotografia', 'Museo Conte', 'Casa Giulietta', 'Palazzo della Ragione']",Palazzo della Ragione,strategy_nearest,True,0.0030689239501953125,success
0421D73A9C4C80,0,"['Giardino Giusti', 'Teatro Romano']",Casa Giulietta,"['Centro Fotografia', 'Sighseeing', 'Torre Lamberti', 'Museo Conte', 'Museo Radio']",Arena,strategy_nearest,False,0.003445148468017578,success
04224F3A9C4C81,3,"['Arena', 'Casa Giulietta', 'Teatro Romano']",Duomo,"['AMO', 'Museo Miniscalchi', 'Santa Anastasia', 'Palazzo della Ragione', 'Museo Conte']",Torre Lamberti,strategy_nearest,False,0.0020248889923095703,success
0422573A9C4C80,3,"['Arena', 'Casa Giulietta']",Torre Lamberti,"['Sighseeing', 'Centro Fotografia', 'Museo Conte', 'Palazzo della Ragione', 'AMO']",Santa Anastasia,strategy_nearest,False,0.0030558109283447266,success
0421EE429C4C80,3,"['Arena', 'Santa Anastasia']",Duomo,"['AMO', 'Museo Miniscalchi', 'Teatro Romano', 'Palazzo della Ragione', 'Museo Conte']",Casa Giulietta,strategy_nearest,False,0.003284931182861328,success
04224D3A9C4C81,0,['Arena'],Casa Giulietta,"['Centro Fotografia', 'Sighseeing', 'Torre Lamberti', 'Museo Conte', 'Museo Radio']",Tomba Giulietta,strategy_nearest,False,0.001439809799194336,success
0422623A9C4C81,0,"['Arena', 'Casa Giulietta']",Tomba Giulietta,"['San Fermo', 'Museo Storia', 'Museo Lapidario', 'Museo Radio', 'Verona Tour']",Castelvecchio,strategy_nearest,False,0.002908945083618164,success
042264429C4C80,2,['Duomo'],Teatro Romano,"['Santa Anastasia', 'AMO', 'Palazzo della Ragione', 'Museo Conte', 'Centro Fotografia']",Casa Giulietta,strategy_nearest,False,0.0016748905181884766,success
04226F429C4C81,3,"['Torre Lamberti', 'Arena']",Castelvecchio,"['Museo Lapidario', 'Verona Tour', 'Museo Radio', 'San Zeno', 'Sighseeing']",Teatro Romano,strategy_nearest,False,0.002088785171508789,success
042259429C4C81,3,"['Castelvecchio', 'Casa Giulietta']",Arena,"['Verona Tour', 'Museo Lapidario', 'Museo Radio', 'San Fermo', 'Sighseeing']",Santa Anastasia,strategy_nearest,False,0.0035941600799560547,success
0422794A9C4C81,3,"['Arena', 'Casa Giulietta']",Santa Anastasia,"['AMO', 'Museo Conte', 'Palazzo della Ragione', 'Teatro Romano', 'Centro Fotografia']",Duomo,strategy_nearest,False,0.002721071243286133,success
04227A429C4C80,0,['Arena'],Casa Giulietta,"['Centro Fotografia', 'Sighseeing', 'Torre Lamberti', 'Museo Conte', 'Museo Radio']",Torre Lamberti,strategy_nearest,True,0.0019981861114501953,success
0422703A9C4C80,0,"['Arena', 'Torre Lamberti']",Castelvecchio,"['Museo Lapidario', 'Verona Tour', 'Museo Radio', 'San Zeno', 'Sighseeing']",Tomba Giulietta,strategy_nearest,False,0.0017070770263671875,success
042270429C4C81,0,['Arena'],Santa Anastasia,"['AMO', 'Museo Conte', 'Palazzo della Ragione', 'Teatro Romano', 'Centro Fotografia']",Casa Giulietta,strategy_nearest,False,0.003670215606689453,success
04227A4A9C4C80,0,['Arena'],Teatro Romano,"['Santa Anastasia', 'Duomo', 'AMO', 'Palazzo della Ragione', 'Museo Conte']",Torre Lamberti,strategy_nearest,False,0.002949953079223633,success
04227B429C4C81,0,"['Arena', 'San Zeno']",Torre Lamberti,"['Sighseeing', 'Centro Fotografia', 'Museo Conte', 'Casa Giulietta', 'Palazzo della Ragione']",Casa Giulietta,strategy_nearest,True,0.002115964889526367,success
042281429C4C80,0,['Arena'],Casa Giulietta,"['Centro Fotografia', 'Sighseeing', 'Torre Lamberti', 'Museo Conte', 'Museo Radio']",Castelvecchio,strategy_nearest,False,0.0028722286224365234,success
042281429C4C81,0,['Casa Giulietta'],Torre Lamberti,"['Sighseeing', 'Centro Fotografia', 'Museo Conte', 'Palazzo della Ragione', 'AMO']",Arena,strategy_nearest,False,0.003253936767578125,success
0422823A9C4C81,0,['Arena'],Castelvecchio,"['Museo Lapidario', 'Verona Tour', 'Museo Radio', 'San Zeno', 'Sighseeing']",Casa Giulietta,strategy_nearest,False,0.0037779808044433594,success
0422803A9C4C81,0,"['Arena', 'Museo Lapidario']",Casa Giulietta,"['Centro Fotografia', 'Sighseeing', 'Torre Lamberti', 'Museo Conte', 'Museo Radio']",Torre Lamberti,strategy_nearest,True,0.004783153533935547,success
0422864A9C4C80,0,"['Castelvecchio', 'Casa Giulietta']",Tomba Giulietta,"['San Fermo', 'Museo Storia', 'Arena', 'Museo Lapidario', 'Museo Radio']",Arena,strategy_nearest,True,0.004265785217285156,success
042287429C4C81,0,"['Arena', 'Castelvecchio']",Casa Giulietta,"['Centro Fotografia', 'Sighseeing', 'Torre Lamberti', 'Museo Conte', 'Museo Radio']",Duomo,strategy_nearest,False,0.0019669532775878906,success
042288429C4C80,3,"['Arena', 'Torre Lamberti', 'Santa Anastasia']",Duomo,"['AMO', 'Museo Miniscalchi', 'Teatro Romano', 'Palazzo della Ragione', 'Museo Conte']",Casa Giulietta,strategy_nearest,False,0.0036652088165283203,success
0422874A9C4C80,0,['Duomo'],Casa Giulietta,"['Centro Fotografia', 'Sighseeing', 'Torre Lamberti', 'Museo Conte', 'Museo Radio']",San Fermo,strategy_nearest,False,0.0027451515197753906,success
04228E4A9C4C80,2,['Casa Giulietta'],Teatro Romano,"['Santa Anastasia', 'Duomo', 'AMO', 'Palazzo della Ragione', 'Museo Conte']",Castelvecchio,strategy_nearest,False,0.0028510093688964844,success
04228F3A9C4C81,1,['Arena'],Torre Lamberti,"['Sighseeing', 'Centro Fotografia', 'Museo Conte', 'Casa Giulietta', 'Palazzo della Ragione']",Palazzo della Ragione,strategy_nearest,True,0.002572774887084961,success
0422924A9C4C80,0,['Arena'],Castelvecchio,"['Museo Lapidario', 'Verona Tour', 'Museo Radio', 'San Zeno', 'Sighseeing']",Casa Giulietta,strategy_nearest,False,0.002479076385498047,success
0422944A9C4C80,3,"['Arena', 'San Fermo']",Teatro Romano,"['Santa Anastasia', 'Duomo', 'AMO', 'Palazzo della Ragione', 'Museo Conte']",Duomo,strategy_nearest,True,0.0031669139862060547,success
0422964A9C4C81,2,"['Castelvecchio', 'Santa Anastasia']",Teatro Romano,"['Duomo', 'AMO', 'Palazzo della Ragione', 'Museo Conte', 'Centro Fotografia']",Torre Lamberti,strategy_nearest,False,0.003462076187133789,success
04229A429C4C81,0,['Arena'],Duomo,"['AMO', 'Museo Miniscalchi', 'Santa Anastasia', 'Teatro Romano', 'Palazzo della Ragione']",Castelvecchio,strategy_nearest,False,0.0033867359161376953,success
0422A73A9C4C80,2,"['Torre Lamberti', 'Santa Anastasia']",Duomo,"['AMO', 'Museo Miniscalchi', 'Teatro Romano', 'Palazzo della Ragione', 'Museo Conte']",Casa Giulietta,strategy_nearest,False,0.0033919811248779297,success
0422A3429C4C80,3,"['Arena', 'San Fermo', 'Casa Giulietta', 'Torre Lamberti']",Santa Anastasia,"['AMO', 'Museo Conte', 'Palazzo della Ragione', 'Teatro Romano', 'Centro Fotografia']",Teatro Romano,strategy_nearest,True,0.0029671192169189453,success
0422A44A9C4C80,0,['Castelvecchio'],Arena,"['Verona Tour', 'Museo Lapidario', 'Museo Radio', 'San Fermo', 'Casa Giulietta']",Casa Giulietta,strategy_nearest,True,0.0012302398681640625,success
0422A04A9C4C81,3,"['Arena', 'Duomo']",Santa Anastasia,"['AMO', 'Museo Conte', 'Palazzo della Ragione', 'Teatro Romano', 'Centro Fotografia']",Casa Giulietta,strategy_nearest,False,0.0028448104858398438,success
0422B53A9C4C81,3,"['Arena', 'Castelvecchio', 'Tomba Giulietta']",Museo Storia,"['San Fermo', 'Museo Radio', 'Casa Giulietta', 'Centro Fotografia', 'Torre Lamberti']",San Fermo,strategy_nearest,True,0.0014300346374511719,success
0422B3429C4C80,2,['San Fermo'],Santa Anastasia,"['AMO', 'Museo Conte', 'Palazzo della Ragione', 'Teatro Romano', 'Centro Fotografia']",Duomo,strategy_nearest,False,0.0032291412353515625,success
0422B33A9C4C81,3,"['Castelvecchio', 'Arena', 'Casa Giulietta']",Santa Anastasia,"['AMO', 'Museo Conte', 'Palazzo della Ragione', 'Teatro Romano', 'Centro Fotografia']",Duomo,strategy_nearest,False,0.0027997493743896484,success
0422B73A9C4C80,0,['Arena'],Castelvecchio,"['Museo Lapidario', 'Verona Tour', 'Museo Radio', 'San Zeno', 'Sighseeing']",Torre Lamberti,strategy_nearest,False,0.0034017562866210938,success
0422BB3A9C4C81,2,['Castelvecchio'],San Fermo,"['Museo Storia', 'Museo Radio', 'Casa Giulietta', 'Centro Fotografia', 'Arena']",Duomo,strategy_nearest,False,0.0019860267639160156,success
0422C2429C4C81,0,['Casa Giulietta'],Teatro Romano,"['Santa Anastasia', 'Duomo', 'AMO', 'Palazzo della Ragione', 'Museo Conte']",Castelvecchio,strategy_nearest,False,0.002846956253051758,success
0422C1429C4C80,0,['Casa Giulietta'],Arena,"['Verona Tour', 'Museo Lapidario', 'Museo Radio', 'San Fermo', 'Sighseeing']",Castelvecchio,strategy_nearest,False,0.003564119338989258,success
0422BD3A9C4C81,3,"['Arena', 'San Fermo']",Casa Giulietta,"['Centro Fotografia', 'Sighseeing', 'Torre Lamberti', 'Museo Conte', 'Museo Radio']",Torre Lamberti,strategy_nearest,True,0.003014802932739258,success
0422C33A9C4C81,3,"['Castelvecchio', 'Arena']",San Zeno,"['Verona Tour', 'Museo Lapidario', 'Museo Miniscalchi', 'Sighseeing', 'Museo Radio']",Santa Anastasia,strategy_nearest,False,0.0020380020141601562,success
0422C33A9C4C80,2,['Tomba Giulietta'],Museo Storia,"['San Fermo', 'Museo Radio', 'Casa Giulietta', 'Centro Fotografia', 'Arena']",Casa Giulietta,strategy_nearest,True,0.0023288726806640625,success
0422C53A9C4C81,0,['Arena'],Casa Giulietta,"['Centro Fotografia', 'Sighseeing', 'Torre Lamberti', 'Museo Conte', 'Museo Radio']",Torre Lamberti,strategy_nearest,True,0.0033469200134277344,success
0422C43A9C4C80,3,['Arena'],Torre Lamberti,"['Sighseeing', 'Centro Fotografia', 'Museo Conte', 'Casa Giulietta', 'Palazzo della Ragione']",Santa Anastasia,strategy_nearest,False,0.0026602745056152344,success
0422CD3A9C4C80,2,['Museo Lapidario'],Castelvecchio,"['Verona Tour', 'Arena', 'Museo Radio', 'San Zeno', 'Sighseeing']",Torre Lamberti,strategy_nearest,False,0.002669095993041992,success
0422CE429C4C80,2,"['Castelvecchio', 'Tomba Giulietta', 'Casa Giulietta']",Torre Lamberti,"['Sighseeing', 'Centro Fotografia', 'Museo Conte', 'Palazzo della Ragione', 'AMO']",Santa Anastasia,strategy_nearest,False,0.0018858909606933594,success
0422D1429C4C80,3,"['Castelvecchio', 'Museo Lapidario', 'Arena', 'Duomo']",Teatro Romano,"['Santa Anastasia', 'AMO', 'Palazzo della Ragione', 'Museo Conte', 'Centro Fotografia']",Santa Anastasia,strategy_nearest,True,0.0026056766510009766,success
0422D63A9C4C81,3,"['Santa Anastasia', 'Duomo']",Teatro Romano,"['AMO', 'Palazzo della Ragione', 'Museo Conte', 'Centro Fotografia', 'Museo Miniscalchi']",Arena,strategy_nearest,False,0.0027687549591064453,success
0422D23A9C4C81,3,['Teatro Romano'],Santa Anastasia,"['AMO', 'Museo Conte', 'Palazzo della Ragione', 'Centro Fotografia', 'Duomo']",San Fermo,strategy_nearest,False,0.0035750865936279297,success
0422D73A9C4C80,3,['Arena'],Casa Giulietta,"['Centro Fotografia', 'Sighseeing', 'Torre Lamberti', 'Museo Conte', 'Museo Radio']",Torre Lamberti,strategy_nearest,True,0.0026159286499023438,success
0422DB3A9C4C80,1,"['Casa Giulietta', 'Arena']",Santa Anastasia,"['AMO', 'Museo Conte', 'Palazzo della Ragione', 'Teatro Romano', 'Centro Fotografia']",Torre Lamberti,strategy_nearest,False,0.0021941661834716797,success
0422D93A9C4C80,3,"['Castelvecchio', 'Arena']",Casa Giulietta,"['Centro Fotografia', 'Sighseeing', 'Torre Lamberti', 'Museo Conte', 'Museo Radio']",Torre Lamberti,strategy_nearest,True,0.0028672218322753906,success
0422D73A9C4C81,2,['Santa Anastasia'],Torre Lamberti,"['Sighseeing', 'Centro Fotografia', 'Museo Conte', 'Casa Giulietta', 'Palazzo della Ragione']",Casa Giulietta,strategy_nearest,True,0.0017199516296386719,success
0422E2429C4C81,0,['Arena'],Casa Giulietta,"['Centro Fotografia', 'Sighseeing', 'Torre Lamberti', 'Museo Conte', 'Museo Radio']",Torre Lamberti,strategy_nearest,True,0.003453969955444336,success
0422E53A9C4C81,3,"['San Fermo', 'Duomo']",Castelvecchio,"['Museo Lapidario', 'Verona Tour', 'Arena', 'Museo Radio', 'San Zeno']",Santa Anastasia,strategy_nearest,False,0.00203704833984375,success
0422EA429C4C80,4,"['Castelvecchio', 'Tomba Giulietta', 'Museo Radio', 'Museo Lapidario', 'San Zeno']",Teatro Romano,"['Santa Anastasia', 'Duomo', 'AMO', 'Palazzo della Ragione', 'Museo Conte']",Santa Anastasia,strategy_nearest,True,0.002733945846557617,success
0422EC429C4C80,3,"['Arena', 'Tomba Giulietta', 'Torre Lamberti']",Castelvecchio,"['Museo Lapidario', 'Verona Tour', 'Museo Radio', 'San Zeno', 'Sighseeing']",Casa Giulietta,strategy_nearest,False,0.0026509761810302734,success
0422F13A9C4C80,0,['Arena'],Casa Giulietta,"['Centro Fotografia', 'Sighseeing', 'Torre Lamberti', 'Museo Conte', 'Museo Radio']",Castelvecchio,strategy_nearest,False,0.0029599666595458984,success
0423563A9C4C80,3,['Arena'],Casa Giulietta,"['Centro Fotografia', 'Sighseeing', 'Torre Lamberti', 'Museo Conte', 'Museo Radio']",Torre Lamberti,strategy_nearest,True,0.0027229785919189453,success
0423573A9C4C80,3,"['Arena', 'San Fermo']",Torre Lamberti,"['Sighseeing', 'Centro Fotografia', 'Museo Conte', 'Casa Giulietta', 'Palazzo della Ragione']",Teatro Romano,strategy_nearest,False,0.0028460025787353516,success
0423583A9C4C81,3,"['Arena', 'Museo Lapidario', 'Casa Giulietta']",Teatro Romano,"['Santa Anastasia', 'Duomo', 'AMO', 'Palazzo della Ragione', 'Museo Conte']",Castelvecchio,strategy_nearest,False,0.0031239986419677734,success
04235A429C4C80,2,['Casa Giulietta'],Santa Anastasia,"['AMO', 'Museo Conte', 'Palazzo della Ragione', 'Teatro Romano', 'Centro Fotografia']",Duomo,strategy_nearest,False,0.0024361610412597656,success
042378429C4C80,0,['Arena'],Casa Giulietta,"['Centro Fotografia', 'Sighseeing', 'Torre Lamberti', 'Museo Conte', 'Museo Radio']",Torre Lamberti,strategy_nearest,True,0.002213001251220703,success
042376429C4C80,2,['Museo Lapidario'],Castelvecchio,"['Verona Tour', 'Arena', 'Museo Radio', 'San Zeno', 'Sighseeing']",Teatro Romano,strategy_nearest,False,0.0013968944549560547,success
042379429C4C81,3,"['Casa Giulietta', 'Torre Lamberti']",Arena,"['Verona Tour', 'Museo Lapidario', 'Museo Radio', 'San Fermo', 'Sighseeing']",Duomo,strategy_nearest,False,0.0033278465270996094,success
0423793A9C4C81,1,"['Arena', 'Casa Giulietta', 'Torre Lamberti', 'Palazzo della Ragione']",Museo Lapidario,"['Verona Tour', 'Castelvecchio', 'Museo Radio', 'San Fermo', 'Tomba Giulietta']",Castelvecchio,strategy_nearest,True,0.0028150081634521484,success
04237A4A9C4C80,3,['Arena'],Casa Giulietta,"['Centro Fotografia', 'Sighseeing', 'Torre Lamberti', 'Museo Conte', 'Museo Radio']",Torre Lamberti,strategy_nearest,True,0.0024580955505371094,success
0423794A9C4C81,0,"['Castelvecchio', 'Arena']",Casa Giulietta,"['Centro Fotografia', 'Sighseeing', 'Torre Lamberti', 'Museo Conte', 'Museo Radio']",Torre Lamberti,strategy_nearest,True,0.0045282840728759766,success
04237B429C4C80,2,['Torre Lamberti'],Duomo,"['AMO', 'Museo Miniscalchi', 'Santa Anastasia', 'Teatro Romano', 'Palazzo della Ragione']",Teatro Romano,strategy_nearest,True,0.0014448165893554688,success
04237C3A9C4C81,0,"['Arena', 'Museo Lapidario']",Castelvecchio,"['Verona Tour', 'Museo Radio', 'San Zeno', 'Sighseeing', 'Museo Miniscalchi']",Torre Lamberti,strategy_nearest,False,0.003650665283203125,success
04237F429C4C80,0,['Arena'],Castelvecchio,"['Museo Lapidario', 'Verona Tour', 'Museo Radio', 'San Zeno', 'Sighseeing']",Tomba Giulietta,strategy_nearest,False,0.0028378963470458984,success
042380429C4C80,0,"['Tomba Giulietta', 'San Fermo']",Arena,"['Verona Tour', 'Museo Lapidario', 'Museo Radio', 'Casa Giulietta', 'Sighseeing']",Casa Giulietta,strategy_nearest,True,0.0019190311431884766,success
04237E429C4C80,0,['Arena'],Torre Lamberti,"['Sighseeing', 'Centro Fotografia', 'Museo Conte', 'Casa Giulietta', 'Palazzo della Ragione']",Casa Giulietta,strategy_nearest,True,0.001519918441772461,success
042382429C4C80,3,['Arena'],Castelvecchio,"['Museo Lapidario', 'Verona Tour', 'Museo Radio', 'San Zeno', 'Sighseeing']",Teatro Romano,strategy_nearest,False,0.0030329227447509766,success
042384429C4C81,3,"['Casa Giulietta', 'Santa Anastasia']",Torre Lamberti,"['Sighseeing', 'Centro Fotografia', 'Museo Conte', 'Palazzo della Ragione', 'AMO']",Castelvecchio,strategy_nearest,False,0.0025300979614257812,success
042383429C4C81,0,['Castelvecchio'],Arena,"['Verona Tour', 'Museo Lapidario', 'Museo Radio', 'San Fermo', 'Casa Giulietta']",Duomo,strategy_nearest,False,0.0018222332000732422,success
0423844A9C4C80,0,"['Casa Giulietta', 'Arena']",Castelvecchio,"['Museo Lapidario', 'Verona Tour', 'Museo Radio', 'San Zeno', 'Sighseeing']",Museo Storia,strategy_nearest,False,0.0022630691528320312,success
042385429C4C80,2,['Duomo'],Casa Giulietta,"['Centro Fotografia', 'Sighseeing', 'Torre Lamberti', 'Museo Conte', 'Museo Radio']",Castelvecchio,strategy_nearest,False,0.0019121170043945312,success
042385429C4C81,0,['Arena'],Duomo,"['AMO', 'Museo Miniscalchi', 'Santa Anastasia', 'Teatro Romano', 'Palazzo della Ragione']",Teatro Romano,strategy_nearest,True,0.0024700164794921875,success
042386429C4C81,0,"['Casa Giulietta', 'Arena']",Museo Lapidario,"['Verona Tour', 'Castelvecchio', 'Museo Radio', 'San Fermo', 'Tomba Giulietta']",Castelvecchio,strategy_nearest,True,0.002624988555908203,success
04238E4A9C4C81,3,"['Arena', 'Casa Giulietta', 'Santa Anastasia']",Duomo,"['AMO', 'Museo Miniscalchi', 'Teatro Romano', 'Palazzo della Ragione', 'Museo Conte']",Teatro Romano,strategy_nearest,True,0.0031538009643554688,success
0423934A9C4C81,2,['Castelvecchio'],San Fermo,"['Museo Storia', 'Museo Radio', 'Casa Giulietta', 'Centro Fotografia', 'Arena']",Santa Anastasia,strategy_nearest,False,0.00263214111328125,success
0423944A9C4C81,1,['Arena'],Palazzo della Ragione,"['AMO', 'Museo Conte', 'Torre Lamberti', 'Centro Fotografia', 'Sighseeing']",Torre Lamberti,strategy_nearest,True,0.002649068832397461,success
04239D429C4C80,0,['Torre Lamberti'],Arena,"['Verona Tour', 'Museo Lapidario', 'Museo Radio', 'San Fermo', 'Casa Giulietta']",Castelvecchio,strategy_nearest,False,0.003050088882446289,success
04239B429C4C81,1,"['Arena', 'Castelvecchio']",Palazzo della Ragione,"['AMO', 'Museo Conte', 'Torre Lamberti', 'Centro Fotografia', 'Sighseeing']",Casa Giulietta,strategy_nearest,False,0.0025129318237304688,success
0423A24A9C4C80,0,['Castelvecchio'],Arena,"['Verona Tour', 'Museo Lapidario', 'Museo Radio', 'San Fermo', 'Casa Giulietta']",Casa Giulietta,strategy_nearest,True,0.0030999183654785156,success
0423A04A9C4C81,2,"['Torre Lamberti', 'Casa Giulietta']",Santa Anastasia,"['AMO', 'Museo Conte', 'Palazzo della Ragione', 'Teatro Romano', 'Centro Fotografia']",Duomo,strategy_nearest,False,0.0026280879974365234,success
0423A7429C4C80,3,['Arena'],Torre Lamberti,"['Sighseeing', 'Centro Fotografia', 'Museo Conte', 'Casa Giulietta', 'Palazzo della Ragione']",Santa Anastasia,strategy_nearest,False,0.0014531612396240234,success
0423A24A9C4C81,0,['Castelvecchio'],Arena,"['Verona Tour', 'Museo Lapidario', 'Museo Radio', 'San Fermo', 'Casa Giulietta']",Casa Giulietta,strategy_nearest,True,0.0024199485778808594,success
0423A53A9C4C81,2,"['Casa Giulietta', 'Torre Lamberti']",Museo Lapidario,"['Verona Tour', 'Arena', 'Castelvecchio', 'Museo Radio', 'San Fermo']",Santa Anastasia,strategy_nearest,False,0.0031061172485351562,success
0423A872743381,3,"['Casa Giulietta', 'Santa Anastasia']",Arena,"['Verona Tour', 'Museo Lapidario', 'Museo Radio', 'San Fermo', 'Sighseeing']",Castelvecchio,strategy_nearest,False,0.001585245132446289,success
0423A83A9C4C80,3,"['Arena', 'San Fermo']",Torre Lamberti,"['Sighseeing', 'Centro Fotografia', 'Museo Conte', 'Casa Giulietta', 'Palazzo della Ragione']",Santa Anastasia,strategy_nearest,False,0.0030040740966796875,success
0423B03A9C4C80,3,['Arena'],Torre Lamberti,"['Sighseeing', 'Centro Fotografia', 'Museo Conte', 'Casa Giulietta', 'Palazzo della Ragione']",Casa Giulietta,strategy_nearest,True,0.0017788410186767578,success
0423AA4A9C4C80,0,"['Arena', 'San Zeno']",Castelvecchio,"['Museo Lapidario', 'Verona Tour', 'Museo Radio', 'Sighseeing', 'Museo Miniscalchi']",Tomba Giulietta,strategy_nearest,False,0.0025777816772460938,success
0423AB429C4C81,0,['Arena'],Casa Giulietta,"['Centro Fotografia', 'Sighseeing', 'Torre Lamberti', 'Museo Conte', 'Museo Radio']",Torre Lamberti,strategy_nearest,True,0.0035049915313720703,success
0423B6429C4C80,0,"['Torre Lamberti', 'Arena']",Castelvecchio,"['Museo Lapidario', 'Verona Tour', 'Museo Radio', 'San Zeno', 'Sighseeing']",Casa Giulietta,strategy_nearest,False,0.0024030208587646484,success
0423B5429C4C80,2,['Duomo'],Teatro Romano,"['Santa Anastasia', 'AMO', 'Palazzo della Ragione', 'Museo Conte', 'Centro Fotografia']",Giardino Giusti,strategy_nearest,False,0.003233671188354492,success
0423B83A9C4C80,0,"['Castelvecchio', 'Arena']",Santa Anastasia,"['AMO', 'Museo Conte', 'Palazzo della Ragione', 'Teatro Romano', 'Centro Fotografia']",Casa Giulietta,strategy_nearest,False,0.003122091293334961,success
0423C23A9C4C81,3,"['San Zeno', 'Castelvecchio']",Arena,"['Verona Tour', 'Museo Lapidario', 'Museo Radio', 'San Fermo', 'Casa Giulietta']",Torre Lamberti,strategy_nearest,False,0.002162933349609375,success
0423C33A9C4C80,3,"['Arena', 'Casa Giulietta']",Santa Anastasia,"['AMO', 'Museo Conte', 'Palazzo della Ragione', 'Teatro Romano', 'Centro Fotografia']",Duomo,strategy_nearest,False,0.0027070045471191406,success
0423BD429C4C81,0,['Arena'],Torre Lamberti,"['Sighseeing', 'Centro Fotografia', 'Museo Conte', 'Casa Giulietta', 'Palazzo della Ragione']",Casa Giulietta,strategy_nearest,True,0.0022208690643310547,success
0423D33A9C4C81,0,"['Teatro Romano', 'Duomo']",Casa Giulietta,"['Centro Fotografia', 'Sighseeing', 'Torre Lamberti', 'Museo Conte', 'Museo Radio']",Museo Lapidario,strategy_nearest,False,0.0019750595092773438,success
0423CF3A9C4C80,0,['Casa Giulietta'],Arena,"['Verona Tour', 'Museo Lapidario', 'Museo Radio', 'San Fermo', 'Sighseeing']",Museo Lapidario,strategy_nearest,True,0.0031049251556396484,success
0423C63A9C4C80,3,"['Torre Lamberti', 'Santa Anastasia', 'Arena']",Casa Giulietta,"['Centro Fotografia', 'Sighseeing', 'Museo Conte', 'Museo Radio', 'Palazzo della Ragione']",Tomba Giulietta,strategy_nearest,False,0.003770112991333008,success
0423C43A9C4C80,3,"['Arena', 'Torre Lamberti']",Santa Anastasia,"['AMO', 'Museo Conte', 'Palazzo della Ragione', 'Teatro Romano', 'Centro Fotografia']",Teatro Romano,strategy_nearest,True,0.0016429424285888672,success
0423D73A9C4C81,2,"['San Fermo', 'Casa Giulietta', 'Torre Lamberti']",Santa Anastasia,"['AMO', 'Museo Conte', 'Palazzo della Ragione', 'Teatro Romano', 'Centro Fotografia']",Duomo,strategy_nearest,False,0.002062082290649414,success
0423D3429C4C81,3,"['Duomo', 'Torre Lamberti']",Santa Anastasia,"['AMO', 'Museo Conte', 'Palazzo della Ragione', 'Teatro Romano', 'Centro Fotografia']",San Fermo,strategy_nearest,False,0.0021288394927978516,success
0423D73A9C4C80,3,"['Arena', 'Casa Giulietta', 'Torre Lamberti', 'Santa Anastasia']",Duomo,"['AMO', 'Museo Miniscalchi', 'Teatro Romano', 'Palazzo della Ragione', 'Museo Conte']",Teatro Romano,strategy_nearest,True,0.0027642250061035156,success
0423E4429C4C80,0,"['Casa Giulietta', 'Torre Lamberti']",Teatro Romano,"['Santa Anastasia', 'Duomo', 'AMO', 'Palazzo della Ragione', 'Museo Conte']",Arena,strategy_nearest,False,0.0032150745391845703,success
0423F13A9C4C80,3,"['Castelvecchio', 'Arena']",Casa Giulietta,"['Centro Fotografia', 'Sighseeing', 'Torre Lamberti', 'Museo Conte', 'Museo Radio']",Torre Lamberti,strategy_nearest,True,0.0015931129455566406,success
042456429C4C81,2,"['Duomo', 'Santa Anastasia']",Castelvecchio,"['Museo Lapidario', 'Verona Tour', 'Arena', 'Museo Radio', 'San Zeno']",Torre Lamberti,strategy_nearest,False,0.0034470558166503906,success
0424573A9C4C80,0,['Arena'],Casa Giulietta,"['Centro Fotografia', 'Sighseeing', 'Torre Lamberti', 'Museo Conte', 'Museo Radio']",Torre Lamberti,strategy_nearest,True,0.0021347999572753906,success
0424623A9C4C80,3,"['Arena', 'Castelvecchio', 'San Zeno']",Casa Giulietta,"['Centro Fotografia', 'Sighseeing', 'Torre Lamberti', 'Museo Conte', 'Museo Radio']",Santa Anastasia,strategy_nearest,False,0.0026738643646240234,success
04246B429C4C81,2,['Castelvecchio'],Santa Anastasia,"['AMO', 'Museo Conte', 'Palazzo della Ragione', 'Teatro Romano', 'Centro Fotografia']",Casa Giulietta,strategy_nearest,False,0.0032989978790283203,success
04246E429C4C81,0,['Arena'],Castelvecchio,"['Museo Lapidario', 'Verona Tour', 'Museo Radio', 'San Zeno', 'Sighseeing']",Casa Giulietta,strategy_nearest,False,0.00286102294921875,success
042478429C4C80,0,['Casa Giulietta'],Arena,"['Verona Tour', 'Museo Lapidario', 'Museo Radio', 'San Fermo', 'Sighseeing']",Tomba Giulietta,strategy_nearest,False,0.003688812255859375,success
0424723A9C4C81,0,['Castelvecchio'],Arena,"['Verona Tour', 'Museo Lapidario', 'Museo Radio', 'San Fermo', 'Casa Giulietta']",Casa Giulietta,strategy_nearest,True,0.00261688232421875,success
04246F429C4C81,0,"['Arena', 'Castelvecchio']",Casa Giulietta,"['Centro Fotografia', 'Sighseeing', 'Torre Lamberti', 'Museo Conte', 'Museo Radio']",Teatro Romano,strategy_nearest,False,0.0020563602447509766,success
042473429C4C80,2,['Casa Giulietta'],Duomo,"['AMO', 'Museo Miniscalchi', 'Santa Anastasia', 'Teatro Romano', 'Palazzo della Ragione']",Torre Lamberti,strategy_nearest,False,0.003217935562133789,success
04247A4A9C4C81,3,['Arena'],Torre Lamberti,"['Sighseeing', 'Centro Fotografia', 'Museo Conte', 'Casa Giulietta', 'Palazzo della Ragione']",Duomo,strategy_nearest,False,0.002285003662109375,success
04247B429C4C80,3,['Arena'],Santa Anastasia,"['AMO', 'Museo Conte', 'Palazzo della Ragione', 'Teatro Romano', 'Centro Fotografia']",Teatro Romano,strategy_nearest,True,0.002814054489135742,success
042478429C4C81,2,['Casa Giulietta'],Torre Lamberti,"['Sighseeing', 'Centro Fotografia', 'Museo Conte', 'Palazzo della Ragione', 'AMO']",Santa Anastasia,strategy_nearest,False,0.0036699771881103516,success
04247A3A9C4C81,0,['Arena'],Casa Giulietta,"['Centro Fotografia', 'Sighseeing', 'Torre Lamberti', 'Museo Conte', 'Museo Radio']",Torre Lamberti,strategy_nearest,True,0.0017812252044677734,success
04247C429C4C81,3,"['Arena', 'Casa Giulietta']",Torre Lamberti,"['Sighseeing', 'Centro Fotografia', 'Museo Conte', 'Palazzo della Ragione', 'AMO']",Teatro Romano,strategy_nearest,False,0.0020589828491210938,success
0424823A9C4C81,0,['Arena'],Castelvecchio,"['Museo Lapidario', 'Verona Tour', 'Museo Radio', 'San Zeno', 'Sighseeing']",Casa Giulietta,strategy_nearest,False,0.0031900405883789062,success
04247D429C4C81,3,"['Casa Giulietta', 'Santa Anastasia']",Teatro Romano,"['Duomo', 'AMO', 'Palazzo della Ragione', 'Museo Conte', 'Centro Fotografia']",Tomba Giulietta,strategy_nearest,False,0.0027239322662353516,success
04247F429C4C80,1,"['Arena', 'Casa Giulietta']",Torre Lamberti,"['Sighseeing', 'Centro Fotografia', 'Museo Conte', 'Palazzo della Ragione', 'AMO']",Palazzo della Ragione,strategy_nearest,True,0.002092123031616211,success
042484429C4C81,3,['Arena'],Casa Giulietta,"['Centro Fotografia', 'Sighseeing', 'Torre Lamberti', 'Museo Conte', 'Museo Radio']",Torre Lamberti,strategy_nearest,True,0.002872943878173828,success
042484429C4C80,3,"['Castelvecchio', 'Arena', 'Casa Giulietta']",Torre Lamberti,"['Sighseeing', 'Centro Fotografia', 'Museo Conte', 'Palazzo della Ragione', 'AMO']",Duomo,strategy_nearest,False,0.003690958023071289,success
042487429C4C81,3,"['Teatro Romano', 'Duomo']",Santa Anastasia,"['AMO', 'Museo Conte', 'Palazzo della Ragione', 'Centro Fotografia', 'Torre Lamberti']",Arena,strategy_nearest,False,0.0014688968658447266,success
0424853A9C4C81,3,['Arena'],Torre Lamberti,"['Sighseeing', 'Centro Fotografia', 'Museo Conte', 'Casa Giulietta', 'Palazzo della Ragione']",Santa Anastasia,strategy_nearest,False,0.0021009445190429688,success
042488429C4C81,3,"['Tomba Giulietta', 'Tomba Giulietta', 'Museo Lapidario', 'Arena']",San Fermo,"['Museo Storia', 'Museo Radio', 'Casa Giulietta', 'Centro Fotografia', 'Sighseeing']",Casa Giulietta,strategy_nearest,True,0.003559112548828125,success
04248E4A9C4C80,0,['Arena'],Castelvecchio,"['Museo Lapidario', 'Verona Tour', 'Museo Radio', 'San Zeno', 'Sighseeing']",Casa Giulietta,strategy_nearest,False,0.0034182071685791016,success
04248C4A9C4C80,3,"['Arena', 'San Fermo']",Torre Lamberti,"['Sighseeing', 'Centro Fotografia', 'Museo Conte', 'Casa Giulietta', 'Palazzo della Ragione']",Teatro Romano,strategy_nearest,False,0.0021851062774658203,success
0424894A9C4C81,3,"['Arena', 'Casa Giulietta']",Santa Anastasia,"['AMO', 'Museo Conte', 'Palazzo della Ragione', 'Teatro Romano', 'Centro Fotografia']",Duomo,strategy_nearest,False,0.0028390884399414062,success
0424904A9C4C80,0,"['Arena', 'Castelvecchio']",Duomo,"['AMO', 'Museo Miniscalchi', 'Santa Anastasia', 'Teatro Romano', 'Palazzo della Ragione']",Teatro Romano,strategy_nearest,True,0.0022220611572265625,success
04248F4A9C4C81,1,['Arena'],Casa Giulietta,"['Centro Fotografia', 'Sighseeing', 'Torre Lamberti', 'Museo Conte', 'Museo Radio']",Teatro Romano,strategy_nearest,False,0.0014362335205078125,success
0424904A9C4C81,0,['Arena'],Castelvecchio,"['Museo Lapidario', 'Verona Tour', 'Museo Radio', 'San Zeno', 'Sighseeing']",Casa Giulietta,strategy_nearest,False,0.0033121109008789062,success
04248F4A9C4C80,0,"['Arena', 'Arena']",Casa Giulietta,"['Centro Fotografia', 'Sighseeing', 'Torre Lamberti', 'Museo Conte', 'Museo Radio']",Tomba Giulietta,strategy_nearest,False,0.0029828548431396484,success
04249D429C4C80,2,"['Castelvecchio', 'Casa Giulietta', 'Torre Lamberti']",Santa Anastasia,"['AMO', 'Museo Conte', 'Palazzo della Ragione', 'Teatro Romano', 'Centro Fotografia']",Duomo,strategy_nearest,False,0.0028553009033203125,success
04249A4A9C4C81,1,['Arena'],Palazzo della Ragione,"['AMO', 'Museo Conte', 'Torre Lamberti', 'Centro Fotografia', 'Sighseeing']",Torre Lamberti,strategy_nearest,True,0.0022797584533691406,success
0424914A9C4C80,3,"['Arena', 'Santa Anastasia']",Duomo,"['AMO', 'Museo Miniscalchi', 'Teatro Romano', 'Palazzo della Ragione', 'Museo Conte']",Casa Giulietta,strategy_nearest,False,0.001708984375,success
04249D4A9C4C81,3,"['Arena', 'Casa Giulietta', 'Torre Lamberti']",Teatro Romano,"['Santa Anastasia', 'Duomo', 'AMO', 'Palazzo della Ragione', 'Museo Conte']",Duomo,strategy_nearest,True,0.0033969879150390625,success
0424A04A9C4C81,2,['Casa Giulietta'],Palazzo della Ragione,"['AMO', 'Museo Conte', 'Torre Lamberti', 'Centro Fotografia', 'Sighseeing']",Torre Lamberti,strategy_nearest,True,0.0029268264770507812,success
0424A14A9C4C81,3,"['Tomba Giulietta', 'Arena', 'Casa Giulietta']",Torre Lamberti,"['Sighseeing', 'Centro Fotografia', 'Museo Conte', 'Palazzo della Ragione', 'AMO']",Santa Anastasia,strategy_nearest,False,0.0027289390563964844,success
0424A1429C4C81,3,"['Arena', 'Casa Giulietta']",Torre Lamberti,"['Sighseeing', 'Centro Fotografia', 'Museo Conte', 'Palazzo della Ragione', 'AMO']",Santa Anastasia,strategy_nearest,False,0.001638174057006836,success
0424A24A9C4C80,2,"['Palazzo della Ragione', 'Torre Lamberti']",Santa Anastasia,"['AMO', 'Museo Conte', 'Teatro Romano', 'Centro Fotografia', 'Duomo']",Duomo,strategy_nearest,True,0.0034208297729492188,success
0424A54A9C4C81,3,"['Arena', 'Casa Giulietta']",Torre Lamberti,"['Sighseeing', 'Centro Fotografia', 'Museo Conte', 'Palazzo della Ragione', 'AMO']",Teatro Romano,strategy_nearest,False,0.0033826828002929688,success
0424A63A9C4C81,2,['Casa Giulietta'],Torre Lamberti,"['Sighseeing', 'Centro Fotografia', 'Museo Conte', 'Palazzo della Ragione', 'AMO']",Santa Anastasia,strategy_nearest,False,0.0023040771484375,success
0424A83A9C4C80,2,['Duomo'],Teatro Romano,"['Santa Anastasia', 'AMO', 'Palazzo della Ragione', 'Museo Conte', 'Centro Fotografia']",Casa Giulietta,strategy_nearest,False,0.0035750865936279297,success
0424A6429C4C80,2,['Casa Giulietta'],Duomo,"['AMO', 'Museo Miniscalchi', 'Santa Anastasia', 'Teatro Romano', 'Palazzo della Ragione']",Teatro Romano,strategy_nearest,True,0.0033309459686279297,success
0424A84A9C4C81,1,"['Tomba Giulietta', 'Castelvecchio', 'Arena']",Santa Anastasia,"['AMO', 'Museo Conte', 'Palazzo della Ragione', 'Teatro Romano', 'Centro Fotografia']",Torre Lamberti,strategy_nearest,False,0.0034279823303222656,success
0424A8429C4C80,0,['Arena'],Santa Anastasia,"['AMO', 'Museo Conte', 'Palazzo della Ragione', 'Teatro Romano', 'Centro Fotografia']",Castelvecchio,strategy_nearest,False,0.0033528804779052734,success
0424AA3A9C4C81,1,"['Arena', 'Museo Lapidario', 'Castelvecchio']",Casa Giulietta,"['Centro Fotografia', 'Sighseeing', 'Torre Lamberti', 'Museo Conte', 'Museo Radio']",Palazzo della Ragione,strategy_nearest,False,0.0013768672943115234,success
0424B0429C4C81,3,"['Arena', 'Casa Giulietta', 'Santa Anastasia', 'Duomo']",Teatro Romano,"['AMO', 'Palazzo della Ragione', 'Museo Conte', 'Centro Fotografia', 'Museo Miniscalchi']",Torre Lamberti,strategy_nearest,False,0.003215312957763672,success
0424BC429C4C81,2,['Castelvecchio'],Casa Giulietta,"['Centro Fotografia', 'Sighseeing', 'Torre Lamberti', 'Museo Conte', 'Museo Radio']",San Fermo,strategy_nearest,False,0.0026140213012695312,success
0424B93A9C4C80,2,['Palazzo della Ragione'],Torre Lamberti,"['Sighseeing', 'Centro Fotografia', 'Museo Conte', 'Casa Giulietta', 'AMO']",Santa Anastasia,strategy_nearest,False,0.001676797866821289,success
0424BC429C4C80,2,['Santa Anastasia'],Torre Lamberti,"['Sighseeing', 'Centro Fotografia', 'Museo Conte', 'Casa Giulietta', 'Palazzo della Ragione']",Giardino Giusti,strategy_nearest,False,0.002131938934326172,success
0424B9429C4C80,3,"['Teatro Romano', 'Santa Anastasia', 'Torre Lamberti']",Arena,"['Verona Tour', 'Museo Lapidario', 'Museo Radio', 'San Fermo', 'Casa Giulietta']",Casa Giulietta,strategy_nearest,True,0.003474712371826172,success
0424BF429C4C81,1,"['Arena', 'Casa Giulietta']",Torre Lamberti,"['Sighseeing', 'Centro Fotografia', 'Museo Conte', 'Palazzo della Ragione', 'AMO']",Palazzo della Ragione,strategy_nearest,True,0.0014998912811279297,success
0424C23A9C4C81,1,"['Tomba Giulietta', 'Arena', 'San Fermo']",Torre Lamberti,"['Sighseeing', 'Centro Fotografia', 'Museo Conte', 'Casa Giulietta', 'Palazzo della Ragione']",Duomo,strategy_nearest,False,0.002039194107055664,success
0424BD3A9C4C81,3,"['Arena', 'Casa Giulietta']",Santa Anastasia,"['AMO', 'Museo Conte', 'Palazzo della Ragione', 'Teatro Romano', 'Centro Fotografia']",Duomo,strategy_nearest,False,0.0035970211029052734,success
0424C2429C4C80,3,"['Teatro Romano', 'Duomo']",Santa Anastasia,"['AMO', 'Museo Conte', 'Palazzo della Ragione', 'Centro Fotografia', 'Torre Lamberti']",Torre Lamberti,strategy_nearest,True,0.0035619735717773438,success
0424C33A9C4C81,3,"['Arena', 'Museo Lapidario', 'San Fermo', 'Museo Storia']",Torre Lamberti,"['Sighseeing', 'Centro Fotografia', 'Museo Conte', 'Casa Giulietta', 'Palazzo della Ragione']",Casa Giulietta,strategy_nearest,True,0.001661062240600586,success
0424C53A9C4C80,2,['Castelvecchio'],Casa Giulietta,"['Centro Fotografia', 'Sighseeing', 'Torre Lamberti', 'Museo Conte', 'Museo Radio']",Santa Anastasia,strategy_nearest,False,0.003942728042602539,success
0424D23A9C4C80,3,"['Arena', 'Casa Giulietta']",Santa Anastasia,"['AMO', 'Museo Conte', 'Palazzo della Ragione', 'Teatro Romano', 'Centro Fotografia']",Duomo,strategy_nearest,False,0.003010988235473633,success
0424C33A9C4C80,0,['Arena'],Torre Lamberti,"['Sighseeing', 'Centro Fotografia', 'Museo Conte', 'Casa Giulietta', 'Palazzo della Ragione']",Casa Giulietta,strategy_nearest,True,0.003050088882446289,success
0424D23A9C4C81,3,"['San Zeno', 'Arena']",Giardino Giusti,"['Santa Anastasia', 'Teatro Romano', 'Museo Conte', 'Centro Fotografia', 'Museo Storia']",Teatro Romano,strategy_nearest,True,0.0012061595916748047,success
0424D7429C4C81,2,['Torre Lamberti'],Casa Giulietta,"['Centro Fotografia', 'Sighseeing', 'Museo Conte', 'Museo Radio', 'Palazzo della Ragione']",Castelvecchio,strategy_nearest,False,0.002741098403930664,success
0424D43A9C4C80,2,['Teatro Romano'],Santa Anastasia,"['AMO', 'Museo Conte', 'Palazzo della Ragione', 'Centro Fotografia', 'Duomo']",Casa Giulietta,strategy_nearest,False,0.0020160675048828125,success
0424D53A9C4C81,3,"['Arena', 'Tomba Giulietta', 'San Fermo', 'Torre Lamberti']",Casa Giulietta,"['Centro Fotografia', 'Sighseeing', 'Museo Conte', 'Museo Radio', 'Palazzo della Ragione']",Castelvecchio,strategy_nearest,False,0.0034270286560058594,success
0424E13A9C4C81,0,"['Arena', 'Casa Giulietta']",Tomba Giulietta,"['San Fermo', 'Museo Storia', 'Museo Lapidario', 'Museo Radio', 'Verona Tour']",Duomo,strategy_nearest,False,0.00203704833984375,success
0424DF3A9C4C80,3,['Arena'],Torre Lamberti,"['Sighseeing', 'Centro Fotografia', 'Museo Conte', 'Casa Giulietta', 'Palazzo della Ragione']",Santa Anastasia,strategy_nearest,False,0.0022399425506591797,success
0424E2429C4C80,0,['Arena'],Torre Lamberti,"['Sighseeing', 'Centro Fotografia', 'Museo Conte', 'Casa Giulietta', 'Palazzo della Ragione']",Teatro Romano,strategy_nearest,False,0.002755880355834961,success
0424E9429C4C80,3,"['Arena', 'San Fermo', 'Casa Giulietta']",Torre Lamberti,"['Sighseeing', 'Centro Fotografia', 'Museo Conte', 'Palazzo della Ragione', 'AMO']",Tomba Giulietta,strategy_nearest,False,0.003204822540283203,success
0424F13A9C4C80,3,"['Santa Anastasia', 'Torre Lamberti']",Arena,"['Verona Tour', 'Museo Lapidario', 'Museo Radio', 'San Fermo', 'Casa Giulietta']",San Fermo,strategy_nearest,True,0.0015039443969726562,success
0424F03A9C4C80,0,['Arena'],Castelvecchio,"['Museo Lapidario', 'Verona Tour', 'Museo Radio', 'San Zeno', 'Sighseeing']",Tomba Giulietta,strategy_nearest,False,0.002441883087158203,success
042553429C4C81,2,['Castelvecchio'],Duomo,"['AMO', 'Museo Miniscalchi', 'Santa Anastasia', 'Teatro Romano', 'Palazzo della Ragione']",Teatro Romano,strategy_nearest,True,0.0020143985748291016,success
0425563A9C4C81,0,['Arena'],Casa Giulietta,"['Centro Fotografia', 'Sighseeing', 'Torre Lamberti', 'Museo Conte', 'Museo Radio']",Tomba Giulietta,strategy_nearest,False,0.0026450157165527344,success
0425583A9C4C81,3,"['Casa Giulietta', 'Santa Anastasia']",Arena,"['Verona Tour', 'Museo Lapidario', 'Museo Radio', 'San Fermo', 'Sighseeing']",Castelvecchio,strategy_nearest,False,0.002660989761352539,success
042556429C4C81,1,"['Arena', 'Casa Giulietta', 'Torre Lamberti']",Palazzo della Ragione,"['AMO', 'Museo Conte', 'Centro Fotografia', 'Sighseeing', 'Santa Anastasia']",Teatro Romano,strategy_nearest,False,0.0036368370056152344,success
04256E429C4C81,1,"['Arena', 'Casa Giulietta', 'Santa Anastasia']",Duomo,"['AMO', 'Museo Miniscalchi', 'Teatro Romano', 'Palazzo della Ragione', 'Museo Conte']",Torre Lamberti,strategy_nearest,False,0.0032482147216796875,success
04257A3A9C4C81,0,['Arena'],Casa Giulietta,"['Centro Fotografia', 'Sighseeing', 'Torre Lamberti', 'Museo Conte', 'Museo Radio']",Torre Lamberti,strategy_nearest,True,0.003264188766479492,success
042575429C4C81,3,"['Casa Giulietta', 'Santa Anastasia']",Arena,"['Verona Tour', 'Museo Lapidario', 'Museo Radio', 'San Fermo', 'Sighseeing']",Castelvecchio,strategy_nearest,False,0.0041370391845703125,success
04256F3A9C4C81,2,['Castelvecchio'],Giardino Giusti,"['Santa Anastasia', 'Teatro Romano', 'Museo Conte', 'Centro Fotografia', 'Museo Storia']",Teatro Romano,strategy_nearest,True,0.0016071796417236328,success
04257B429C4C80,2,['Casa Giulietta'],Torre Lamberti,"['Sighseeing', 'Centro Fotografia', 'Museo Conte', 'Palazzo della Ragione', 'AMO']",Castelvecchio,strategy_nearest,False,0.002833843231201172,success
04257B3A9C4C81,3,"['Arena', 'Casa Giulietta']",Santa Anastasia,"['AMO', 'Museo Conte', 'Palazzo della Ragione', 'Teatro Romano', 'Centro Fotografia']",Teatro Romano,strategy_nearest,True,0.0022630691528320312,success
0425813A9C4C80,0,['Arena'],Casa Giulietta,"['Centro Fotografia', 'Sighseeing', 'Torre Lamberti', 'Museo Conte', 'Museo Radio']",Teatro Romano,strategy_nearest,False,0.0027577877044677734,success
0425834A9C4C81,3,"['Castelvecchio', 'Arena']",Casa Giulietta,"['Centro Fotografia', 'Sighseeing', 'Torre Lamberti', 'Museo Conte', 'Museo Radio']",Torre Lamberti,strategy_nearest,True,0.002496957778930664,success
042581429C4C80,3,"['Arena', 'Tomba Giulietta', 'San Fermo']",Casa Giulietta,"['Centro Fotografia', 'Sighseeing', 'Torre Lamberti', 'Museo Conte', 'Museo Radio']",Torre Lamberti,strategy_nearest,True,0.0034208297729492188,success
0425843A9C4C80,0,['Arena'],Museo Lapidario,"['Verona Tour', 'Castelvecchio', 'Museo Radio', 'San Fermo', 'Casa Giulietta']",Castelvecchio,strategy_nearest,True,0.002505779266357422,success
0425824A9C4C80,0,['Casa Giulietta'],Tomba Giulietta,"['San Fermo', 'Museo Storia', 'Arena', 'Museo Lapidario', 'Museo Radio']",Arena,strategy_nearest,True,0.0024559497833251953,success
042584429C4C80,0,['Arena'],San Fermo,"['Museo Storia', 'Museo Radio', 'Casa Giulietta', 'Centro Fotografia', 'Sighseeing']",Teatro Romano,strategy_nearest,False,0.0022296905517578125,success
042586429C4C81,2,"['Castelvecchio', 'Duomo']",Teatro Romano,"['Santa Anastasia', 'AMO', 'Palazzo della Ragione', 'Museo Conte', 'Centro Fotografia']",Tomba Giulietta,strategy_nearest,False,0.002093076705932617,success
042586429C4C80,0,"['Casa Giulietta', 'Arena']",Museo Lapidario,"['Verona Tour', 'Castelvecchio', 'Museo Radio', 'San Fermo', 'Tomba Giulietta']",Castelvecchio,strategy_nearest,True,0.0034041404724121094,success
042587C27B3F81,0,['Arena'],Casa Giulietta,"['Centro Fotografia', 'Sighseeing', 'Torre Lamberti', 'Museo Conte', 'Museo Radio']",Teatro Romano,strategy_nearest,False,0.003215789794921875,success
04258B3A9C4C81,0,['Arena'],Castelvecchio,"['Museo Lapidario', 'Verona Tour', 'Museo Radio', 'San Zeno', 'Sighseeing']",Casa Giulietta,strategy_nearest,False,0.002315998077392578,success
0425914A9C4C80,3,"['Arena', 'San Fermo']",Teatro Romano,"['Santa Anastasia', 'Duomo', 'AMO', 'Palazzo della Ragione', 'Museo Conte']",Santa Anastasia,strategy_nearest,True,0.0034160614013671875,success
0425934A9C4C80,3,"['Arena', 'Casa Giulietta']",Torre Lamberti,"['Sighseeing', 'Centro Fotografia', 'Museo Conte', 'Palazzo della Ragione', 'AMO']",Santa Anastasia,strategy_nearest,False,0.0027840137481689453,success
04258F4A9C4C80,0,['Arena'],Torre Lamberti,"['Sighseeing', 'Centro Fotografia', 'Museo Conte', 'Casa Giulietta', 'Palazzo della Ragione']",Duomo,strategy_nearest,False,0.0016660690307617188,success
04259C429C4C81,3,['Arena'],Casa Giulietta,"['Centro Fotografia', 'Sighseeing', 'Torre Lamberti', 'Museo Conte', 'Museo Radio']",Santa Anastasia,strategy_nearest,False,0.0023360252380371094,success
04259A4A9C4C80,3,"['Arena', 'Castelvecchio']",Torre Lamberti,"['Sighseeing', 'Centro Fotografia', 'Museo Conte', 'Casa Giulietta', 'Palazzo della Ragione']",Santa Anastasia,strategy_nearest,False,0.0029916763305664062,success
0425984A9C4C81,1,"['Arena', 'Casa Giulietta']",Palazzo della Ragione,"['AMO', 'Museo Conte', 'Torre Lamberti', 'Centro Fotografia', 'Sighseeing']",Santa Anastasia,strategy_nearest,False,0.0017600059509277344,success
0425A2429C4C81,1,"['Arena', 'Casa Giulietta', 'Torre Lamberti']",Palazzo della Ragione,"['AMO', 'Museo Conte', 'Centro Fotografia', 'Sighseeing', 'Santa Anastasia']",Santa Anastasia,strategy_nearest,True,0.0017592906951904297,success
0425A04A9C4C80,3,"['Arena', 'Castelvecchio', 'Casa Giulietta']",Santa Anastasia,"['AMO', 'Museo Conte', 'Palazzo della Ragione', 'Teatro Romano', 'Centro Fotografia']",Teatro Romano,strategy_nearest,True,0.002855062484741211,success
04259E429C4C81,0,['Arena'],Casa Giulietta,"['Centro Fotografia', 'Sighseeing', 'Torre Lamberti', 'Museo Conte', 'Museo Radio']",Castelvecchio,strategy_nearest,False,0.0034270286560058594,success
0425A4429C4C80,3,"['Museo Storia', 'San Fermo']",Teatro Romano,"['Santa Anastasia', 'Duomo', 'AMO', 'Palazzo della Ragione', 'Museo Conte']",Torre Lamberti,strategy_nearest,False,0.0031719207763671875,success
0425A64A9C4C81,2,"['Castelvecchio', 'San Fermo', 'Casa Giulietta']",Torre Lamberti,"['Sighseeing', 'Centro Fotografia', 'Museo Conte', 'Palazzo della Ragione', 'AMO']",Palazzo della Ragione,strategy_nearest,True,0.002012014389038086,success
0425A44A9C4C80,0,['Arena'],Casa Giulietta,"['Centro Fotografia', 'Sighseeing', 'Torre Lamberti', 'Museo Conte', 'Museo Radio']",Castelvecchio,strategy_nearest,False,0.002908945083618164,success
0425A44A9C4C81,0,['Arena'],Teatro Romano,"['Santa Anastasia', 'Duomo', 'AMO', 'Palazzo della Ragione', 'Museo Conte']",Duomo,strategy_nearest,True,0.0027740001678466797,success
0425A6429C4C80,0,['Arena'],Santa Anastasia,"['AMO', 'Museo Conte', 'Palazzo della Ragione', 'Teatro Romano', 'Centro Fotografia']",Castelvecchio,strategy_nearest,False,0.0033769607543945312,success
0425A74A9C4C81,0,['Arena'],Casa Giulietta,"['Centro Fotografia', 'Sighseeing', 'Torre Lamberti', 'Museo Conte', 'Museo Radio']",Tomba Giulietta,strategy_nearest,False,0.0028619766235351562,success
0425A7429C4C81,0,['Arena'],Casa Giulietta,"['Centro Fotografia', 'Sighseeing', 'Torre Lamberti', 'Museo Conte', 'Museo Radio']",Santa Anastasia,strategy_nearest,False,0.0016520023345947266,success
0425AB429C4C81,0,['Arena'],Museo Lapidario,"['Verona Tour', 'Castelvecchio', 'Museo Radio', 'San Fermo', 'Casa Giulietta']",Casa Giulietta,strategy_nearest,True,0.002212047576904297,success
0425AE3A9C4C81,0,"['Arena', 'Casa Giulietta']",Torre Lamberti,"['Sighseeing', 'Centro Fotografia', 'Museo Conte', 'Palazzo della Ragione', 'AMO']",Museo Storia,strategy_nearest,False,0.003239154815673828,success
0425AE429C4C81,0,['Arena'],Tomba Giulietta,"['San Fermo', 'Museo Storia', 'Museo Lapidario', 'Museo Radio', 'Verona Tour']",San Fermo,strategy_nearest,True,0.0016438961029052734,success
0425B23A9C4C80,3,"['Arena', 'Casa Giulietta']",San Fermo,"['Museo Storia', 'Museo Radio', 'Centro Fotografia', 'Sighseeing', 'Torre Lamberti']",Torre Lamberti,strategy_nearest,True,0.0027740001678466797,success
0425AE429C4C80,3,"['Arena', 'San Fermo']",Torre Lamberti,"['Sighseeing', 'Centro Fotografia', 'Museo Conte', 'Casa Giulietta', 'Palazzo della Ragione']",Santa Anastasia,strategy_nearest,False,0.0022656917572021484,success
0425B5429C4C81,3,"['Arena', 'Casa Giulietta']",Santa Anastasia,"['AMO', 'Museo Conte', 'Palazzo della Ragione', 'Teatro Romano', 'Centro Fotografia']",Duomo,strategy_nearest,False,0.0033032894134521484,success
0425C0429C4C80,1,"['Arena', 'Museo Lapidario', 'Casa Giulietta']",Palazzo della Ragione,"['AMO', 'Museo Conte', 'Torre Lamberti', 'Centro Fotografia', 'Sighseeing']",Torre Lamberti,strategy_nearest,True,0.00307464599609375,success
0425B93A9C4C80,3,['Arena'],Castelvecchio,"['Museo Lapidario', 'Verona Tour', 'Museo Radio', 'San Zeno', 'Sighseeing']",Torre Lamberti,strategy_nearest,False,0.003812074661254883,success
0425BA3A9C4C80,1,"['Arena', 'Casa Giulietta']",Torre Lamberti,"['Sighseeing', 'Centro Fotografia', 'Museo Conte', 'Palazzo della Ragione', 'AMO']",Palazzo della Ragione,strategy_nearest,True,0.0023632049560546875,success
0425C23A9C4C80,0,['Arena'],Castelvecchio,"['Museo Lapidario', 'Verona Tour', 'Museo Radio', 'San Zeno', 'Sighseeing']",Casa Giulietta,strategy_nearest,False,0.0036742687225341797,success
0425CA3A9C4C80,0,['Castelvecchio'],Arena,"['Verona Tour', 'Museo Lapidario', 'Museo Radio', 'San Fermo', 'Casa Giulietta']",Casa Giulietta,strategy_nearest,True,0.0021097660064697266,success
0425C2429C4C80,2,['Casa Giulietta'],Santa Anastasia,"['AMO', 'Museo Conte', 'Palazzo della Ragione', 'Teatro Romano', 'Centro Fotografia']",Teatro Romano,strategy_nearest,True,0.0034818649291992188,success
0425C73A9C4C81,0,"['Arena', 'Casa Giulietta']",Torre Lamberti,"['Sighseeing', 'Centro Fotografia', 'Museo Conte', 'Palazzo della Ragione', 'AMO']",Tomba Giulietta,strategy_nearest,False,0.002079010009765625,success
0425CB3A9C4C81,1,"['Arena', 'Torre Lamberti', 'Palazzo della Ragione']",Casa Giulietta,"['Centro Fotografia', 'Sighseeing', 'Museo Conte', 'Museo Radio', 'San Fermo']",Duomo,strategy_nearest,False,0.0032510757446289062,success
0425CD3A9C4C81,0,['Arena'],Casa Giulietta,"['Centro Fotografia', 'Sighseeing', 'Torre Lamberti', 'Museo Conte', 'Museo Radio']",Torre Lamberti,strategy_nearest,True,0.0016810894012451172,success
0425D33A9C4C80,1,"['Castelvecchio', 'Arena']",Torre Lamberti,"['Sighseeing', 'Centro Fotografia', 'Museo Conte', 'Casa Giulietta', 'Palazzo della Ragione']",Palazzo della Ragione,strategy_nearest,True,0.002557039260864258,success
0425D03A9C4C80,3,"['Arena', 'Casa Giulietta']",Torre Lamberti,"['Sighseeing', 'Centro Fotografia', 'Museo Conte', 'Palazzo della Ragione', 'AMO']",Teatro Romano,strategy_nearest,False,0.002147674560546875,success
0425D13A9C4C81,2,"['Teatro Romano', 'Duomo', 'Santa Anastasia']",Castelvecchio,"['Museo Lapidario', 'Verona Tour', 'Arena', 'Museo Radio', 'San Zeno']",San Zeno,strategy_nearest,True,0.003262042999267578,success
0425D73A9C4C80,0,"['Arena', 'San Fermo']",Museo Storia,"['Museo Radio', 'Casa Giulietta', 'Centro Fotografia', 'Tomba Giulietta', 'Torre Lamberti']",Tomba Giulietta,strategy_nearest,True,0.0024509429931640625,success
0425D73A9C4C81,1,"['Casa Giulietta', 'Arena']",Santa Anastasia,"['AMO', 'Museo Conte', 'Palazzo della Ragione', 'Teatro Romano', 'Centro Fotografia']",Torre Lamberti,strategy_nearest,False,0.0012488365173339844,success
0425D7429C4C80,0,['Arena'],San Zeno,"['Castelvecchio', 'Verona Tour', 'Museo Lapidario', 'Museo Miniscalchi', 'Sighseeing']",Castelvecchio,strategy_nearest,True,0.002643108367919922,success
0425F53A9C4C80,0,['Casa Giulietta'],Torre Lamberti,"['Sighseeing', 'Centro Fotografia', 'Museo Conte', 'Palazzo della Ragione', 'AMO']",Teatro Romano,strategy_nearest,False,0.0031082630157470703,success
0426513A9C4C81,1,"['Castelvecchio', 'Arena']",Palazzo della Ragione,"['AMO', 'Museo Conte', 'Torre Lamberti', 'Centro Fotografia', 'Sighseeing']",Torre Lamberti,strategy_nearest,True,0.0023970603942871094,success
0426563A9C4C81,0,"['Arena', 'Casa Giulietta']",Teatro Romano,"['Santa Anastasia', 'Duomo', 'AMO', 'Palazzo della Ragione', 'Museo Conte']",Torre Lamberti,strategy_nearest,False,0.0026400089263916016,success
042651429C4C81,3,"['Casa Giulietta', 'Torre Lamberti', 'Santa Anastasia']",Duomo,"['AMO', 'Museo Miniscalchi', 'Teatro Romano', 'Palazzo della Ragione', 'Museo Conte']",Arena,strategy_nearest,False,0.0020809173583984375,success
04265F429C4C81,3,"['Santa Anastasia', 'San Fermo']",Tomba Giulietta,"['Museo Storia', 'Arena', 'Museo Lapidario', 'Museo Radio', 'Verona Tour']",Arena,strategy_nearest,True,0.0043637752532958984,success
042666429C4C80,2,"['Castelvecchio', 'Casa Giulietta']",Torre Lamberti,"['Sighseeing', 'Centro Fotografia', 'Museo Conte', 'Palazzo della Ragione', 'AMO']",Duomo,strategy_nearest,False,0.003964900970458984,success
0426683A9C4C81,3,"['Arena', 'Torre Lamberti', 'Casa Giulietta']",Santa Anastasia,"['AMO', 'Museo Conte', 'Palazzo della Ragione', 'Teatro Romano', 'Centro Fotografia']",Teatro Romano,strategy_nearest,True,0.0013430118560791016,success
04266A3A9C4C80,1,"['Arena', 'Casa Giulietta']",Palazzo della Ragione,"['AMO', 'Museo Conte', 'Torre Lamberti', 'Centro Fotografia', 'Sighseeing']",Torre Lamberti,strategy_nearest,True,0.0030388832092285156,success
04266D429C4C80,3,['Casa Giulietta'],Teatro Romano,"['Santa Anastasia', 'Duomo', 'AMO', 'Palazzo della Ragione', 'Museo Conte']",Santa Anastasia,strategy_nearest,True,0.001873016357421875,success
042677429C4C81,2,['San Fermo'],Santa Anastasia,"['AMO', 'Museo Conte', 'Palazzo della Ragione', 'Teatro Romano', 'Centro Fotografia']",Castelvecchio,strategy_nearest,False,0.0024640560150146484,success
0426713A9C4C80,3,['Arena'],Torre Lamberti,"['Sighseeing', 'Centro Fotografia', 'Museo Conte', 'Casa Giulietta', 'Palazzo della Ragione']",Duomo,strategy_nearest,False,0.0033550262451171875,success
04267A429C4C81,3,['Arena'],Casa Giulietta,"['Centro Fotografia', 'Sighseeing', 'Torre Lamberti', 'Museo Conte', 'Museo Radio']",Santa Anastasia,strategy_nearest,False,0.002511739730834961,success
0426793A9C4C80,3,"['Castelvecchio', 'Arena']",Casa Giulietta,"['Centro Fotografia', 'Sighseeing', 'Torre Lamberti', 'Museo Conte', 'Museo Radio']",Torre Lamberti,strategy_nearest,True,0.0020380020141601562,success
0426784A9C4C80,1,['Arena'],Palazzo della Ragione,"['AMO', 'Museo Conte', 'Torre Lamberti', 'Centro Fotografia', 'Sighseeing']",Torre Lamberti,strategy_nearest,True,0.0026710033416748047,success
04267A4A9C4C81,3,"['Castelvecchio', 'San Fermo']",Arena,"['Verona Tour', 'Museo Lapidario', 'Museo Radio', 'Casa Giulietta', 'Sighseeing']",Torre Lamberti,strategy_nearest,False,0.00164031982421875,success
0426794A9C4C81,3,"['Castelvecchio', 'Arena']",Torre Lamberti,"['Sighseeing', 'Centro Fotografia', 'Museo Conte', 'Casa Giulietta', 'Palazzo della Ragione']",Casa Giulietta,strategy_nearest,True,0.0035152435302734375,success
04267B429C4C80,3,['Arena'],Santa Anastasia,"['AMO', 'Museo Conte', 'Palazzo della Ragione', 'Teatro Romano', 'Centro Fotografia']",Duomo,strategy_nearest,False,0.002640962600708008,success
04267C3A9C4C80,0,['Arena'],Casa Giulietta,"['Centro Fotografia', 'Sighseeing', 'Torre Lamberti', 'Museo Conte', 'Museo Radio']",Torre Lamberti,strategy_nearest,True,0.0034067630767822266,success
04267C4A9C4C81,3,"['Castelvecchio', 'Duomo', 'Teatro Romano']",Arena,"['Verona Tour', 'Museo Lapidario', 'Museo Radio', 'San Fermo', 'Casa Giulietta']",Museo Lapidario,strategy_nearest,True,0.00238800048828125,success
04267C4A9C4C80,3,"['Arena', 'Casa Giulietta', 'Torre Lamberti']",Santa Anastasia,"['AMO', 'Museo Conte', 'Palazzo della Ragione', 'Teatro Romano', 'Centro Fotografia']",Duomo,strategy_nearest,False,0.002665996551513672,success
04267D429C4C81,3,"['Casa Giulietta', 'Teatro Romano']",Duomo,"['AMO', 'Museo Miniscalchi', 'Santa Anastasia', 'Palazzo della Ragione', 'Museo Conte']",Torre Lamberti,strategy_nearest,False,0.0019578933715820312,success
04267D3A9C4C80,0,['Arena'],Casa Giulietta,"['Centro Fotografia', 'Sighseeing', 'Torre Lamberti', 'Museo Conte', 'Museo Radio']",Duomo,strategy_nearest,False,0.0031728744506835938,success
04267D429C4C80,0,"['Arena', 'Casa Giulietta']",Tomba Giulietta,"['San Fermo', 'Museo Storia', 'Museo Lapidario', 'Museo Radio', 'Verona Tour']",Teatro Romano,strategy_nearest,False,0.0039539337158203125,success
04267E429C4C81,0,['Casa Giulietta'],Castelvecchio,"['Museo Lapidario', 'Verona Tour', 'Arena', 'Museo Radio', 'San Zeno']",Arena,strategy_nearest,True,0.0031528472900390625,success
0426873A9C4C81,3,"['Arena', 'Casa Giulietta']",Santa Anastasia,"['AMO', 'Museo Conte', 'Palazzo della Ragione', 'Teatro Romano', 'Centro Fotografia']",Teatro Romano,strategy_nearest,True,0.0019960403442382812,success
042685429C4C80,0,['Casa Giulietta'],San Fermo,"['Museo Storia', 'Museo Radio', 'Centro Fotografia', 'Arena', 'Sighseeing']",Arena,strategy_nearest,True,0.004023075103759766,success
0426843A9C4C80,1,"['Arena', 'Casa Giulietta']",Torre Lamberti,"['Sighseeing', 'Centro Fotografia', 'Museo Conte', 'Palazzo della Ragione', 'AMO']",Palazzo della Ragione,strategy_nearest,True,0.003426074981689453,success
042686429C4C81,2,"['Casa Giulietta', 'Torre Lamberti']",Castelvecchio,"['Museo Lapidario', 'Verona Tour', 'Arena', 'Museo Radio', 'San Zeno']",Tomba Giulietta,strategy_nearest,False,0.002176046371459961,success
04268A429C4C81,0,['Casa Giulietta'],Arena,"['Verona Tour', 'Museo Lapidario', 'Museo Radio', 'San Fermo', 'Sighseeing']",San Fermo,strategy_nearest,True,0.0014140605926513672,success
0426884A9C4C80,3,"['Arena', 'Museo Lapidario', 'Torre Lamberti']",Santa Anastasia,"['AMO', 'Museo Conte', 'Palazzo della Ragione', 'Teatro Romano', 'Centro Fotografia']",Duomo,strategy_nearest,False,0.002035856246948242,success
04268F3A9C4C80,0,"['Arena', 'Casa Giulietta']",Torre Lamberti,"['Sighseeing', 'Centro Fotografia', 'Museo Conte', 'Palazzo della Ragione', 'AMO']",Teatro Romano,strategy_nearest,False,0.0033369064331054688,success
042687429C4C80,1,"['Arena', 'Duomo']",Teatro Romano,"['Santa Anastasia', 'AMO', 'Palazzo della Ragione', 'Museo Conte', 'Centro Fotografia']",Santa Anastasia,strategy_nearest,True,0.0028810501098632812,success
042699429C4C81,0,['Duomo'],Torre Lamberti,"['Sighseeing', 'Centro Fotografia', 'Museo Conte', 'Casa Giulietta', 'Palazzo della Ragione']",Arena,strategy_nearest,False,0.001432180404663086,success
04268F4A9C4C81,1,"['Arena', 'Castelvecchio']",San Zeno,"['Verona Tour', 'Museo Lapidario', 'Museo Miniscalchi', 'Sighseeing', 'Museo Radio']",Casa Giulietta,strategy_nearest,False,0.0039937496185302734,success
0426984A9C4C81,1,"['Arena', 'Casa Giulietta']",Palazzo della Ragione,"['AMO', 'Museo Conte', 'Torre Lamberti', 'Centro Fotografia', 'Sighseeing']",Teatro Romano,strategy_nearest,False,0.002780914306640625,success
04269B4A9C4C80,1,"['Arena', 'Palazzo della Ragione']",Torre Lamberti,"['Sighseeing', 'Centro Fotografia', 'Museo Conte', 'Casa Giulietta', 'AMO']",Casa Giulietta,strategy_nearest,True,0.0033011436462402344,success
0426A0429C4C80,3,"['Santa Anastasia', 'Torre Lamberti']",Casa Giulietta,"['Centro Fotografia', 'Sighseeing', 'Museo Conte', 'Museo Radio', 'Palazzo della Ragione']",Arena,strategy_nearest,False,0.0027098655700683594,success
0426A0429C4C81,2,"['San Fermo', 'Casa Giulietta']",Torre Lamberti,"['Sighseeing', 'Centro Fotografia', 'Museo Conte', 'Palazzo della Ragione', 'AMO']",Santa Anastasia,strategy_nearest,False,0.003298044204711914,success
04269C4A9C4C80,3,"['Arena', 'Castelvecchio']",San Zeno,"['Verona Tour', 'Museo Lapidario', 'Museo Miniscalchi', 'Sighseeing', 'Museo Radio']",Santa Anastasia,strategy_nearest,False,0.002146005630493164,success
0426A24A9C4C81,0,['Castelvecchio'],Duomo,"['AMO', 'Museo Miniscalchi', 'Santa Anastasia', 'Teatro Romano', 'Palazzo della Ragione']",Casa Giulietta,strategy_nearest,False,0.0033960342407226562,success
0426A44A9C4C81,3,['Arena'],Casa Giulietta,"['Centro Fotografia', 'Sighseeing', 'Torre Lamberti', 'Museo Conte', 'Museo Radio']",Santa Anastasia,strategy_nearest,False,0.0023851394653320312,success
0426A94A9C4C81,3,"['Castelvecchio', 'Arena']",Casa Giulietta,"['Centro Fotografia', 'Sighseeing', 'Torre Lamberti', 'Museo Conte', 'Museo Radio']",Santa Anastasia,strategy_nearest,False,0.002618074417114258,success
0426AB3A9C4C80,2,['Museo Lapidario'],Tomba Giulietta,"['San Fermo', 'Museo Storia', 'Arena', 'Museo Radio', 'Verona Tour']",Casa Giulietta,strategy_nearest,False,0.003142833709716797,success
0426A84A9C4C80,0,['Teatro Romano'],Arena,"['Verona Tour', 'Museo Lapidario', 'Museo Radio', 'San Fermo', 'Casa Giulietta']",Casa Giulietta,strategy_nearest,True,0.0039637088775634766,success
0426AC3A9C4C81,3,"['Arena', 'Casa Giulietta']",Santa Anastasia,"['AMO', 'Museo Conte', 'Palazzo della Ragione', 'Teatro Romano', 'Centro Fotografia']",Duomo,strategy_nearest,False,0.0035719871520996094,success
0426AD3A9C4C80,2,"['Tomba Giulietta', 'San Fermo']",Casa Giulietta,"['Centro Fotografia', 'Sighseeing', 'Torre Lamberti', 'Museo Conte', 'Museo Radio']",Torre Lamberti,strategy_nearest,True,0.00446009635925293,success
0426B0429C4C80,0,['Castelvecchio'],Arena,"['Verona Tour', 'Museo Lapidario', 'Museo Radio', 'San Fermo', 'Casa Giulietta']",Torre Lamberti,strategy_nearest,False,0.0018491744995117188,success
0426AE3A9C4C81,1,"['Arena', 'Museo Lapidario', 'Castelvecchio']",Casa Giulietta,"['Centro Fotografia', 'Sighseeing', 'Torre Lamberti', 'Museo Conte', 'Museo Radio']",Palazzo della Ragione,strategy_nearest,False,0.0034890174865722656,success
0426B13A9C4C80,0,['Arena'],Casa Giulietta,"['Centro Fotografia', 'Sighseeing', 'Torre Lamberti', 'Museo Conte', 'Museo Radio']",Torre Lamberti,strategy_nearest,True,0.0024929046630859375,success
0426B33A9C4C81,2,"['Castelvecchio', 'San Zeno']",Casa Giulietta,"['Centro Fotografia', 'Sighseeing', 'Torre Lamberti', 'Museo Conte', 'Museo Radio']",Santa Anastasia,strategy_nearest,False,0.002699136734008789,success
0426B1429C4C80,0,"['Arena', 'Teatro Romano']",Torre Lamberti,"['Sighseeing', 'Centro Fotografia', 'Museo Conte', 'Casa Giulietta', 'Palazzo della Ragione']",Arena,strategy_nearest,False,0.0028142929077148438,success
0426B43A9C4C81,3,['Arena'],Torre Lamberti,"['Sighseeing', 'Centro Fotografia', 'Museo Conte', 'Casa Giulietta', 'Palazzo della Ragione']",Santa Anastasia,strategy_nearest,False,0.0026290416717529297,success
0426B6429C4C81,1,"['Arena', 'Casa Giulietta']",Palazzo della Ragione,"['AMO', 'Museo Conte', 'Torre Lamberti', 'Centro Fotografia', 'Sighseeing']",San Fermo,strategy_nearest,False,0.0030057430267333984,success
0426B73A9C4C80,3,"['Torre Lamberti', 'Teatro Romano']",Santa Anastasia,"['AMO', 'Museo Conte', 'Palazzo della Ragione', 'Centro Fotografia', 'Duomo']",Casa Giulietta,strategy_nearest,False,0.002382040023803711,success
0426B83A9C4C80,3,"['Arena', 'Castelvecchio', 'Casa Giulietta']",Torre Lamberti,"['Sighseeing', 'Centro Fotografia', 'Museo Conte', 'Palazzo della Ragione', 'AMO']",Duomo,strategy_nearest,False,0.002637624740600586,success
0426C43A9C4C80,3,"['Arena', 'Torre Lamberti']",Santa Anastasia,"['AMO', 'Museo Conte', 'Palazzo della Ragione', 'Teatro Romano', 'Centro Fotografia']",Duomo,strategy_nearest,False,0.0032749176025390625,success
0426BF429C4C80,0,['Arena'],Torre Lamberti,"['Sighseeing', 'Centro Fotografia', 'Museo Conte', 'Casa Giulietta', 'Palazzo della Ragione']",Duomo,strategy_nearest,False,0.0029120445251464844,success
0426D0429C4C80,3,"['Castelvecchio', 'San Fermo']",Teatro Romano,"['Santa Anastasia', 'Duomo', 'AMO', 'Palazzo della Ragione', 'Museo Conte']",Duomo,strategy_nearest,True,0.002279043197631836,success
0426CE429C4C80,0,"['Castelvecchio', 'San Zeno', 'Casa Giulietta']",Torre Lamberti,"['Sighseeing', 'Centro Fotografia', 'Museo Conte', 'Palazzo della Ragione', 'AMO']",Arena,strategy_nearest,False,0.0021026134490966797,success
0426C53A9C4C81,0,['Arena'],Castelvecchio,"['Museo Lapidario', 'Verona Tour', 'Museo Radio', 'San Zeno', 'Sighseeing']",Casa Giulietta,strategy_nearest,False,0.0045318603515625,success
0426D4429C4C81,0,['Arena'],Castelvecchio,"['Museo Lapidario', 'Verona Tour', 'Museo Radio', 'San Zeno', 'Sighseeing']",Teatro Romano,strategy_nearest,False,0.0035681724548339844,success
0426DA3A9C4C80,0,['Casa Giulietta'],Torre Lamberti,"['Sighseeing', 'Centro Fotografia', 'Museo Conte', 'Palazzo della Ragione', 'AMO']",Castelvecchio,strategy_nearest,False,0.0023398399353027344,success
0426D73A9C4C81,0,['Arena'],Casa Giulietta,"['Centro Fotografia', 'Sighseeing', 'Torre Lamberti', 'Museo Conte', 'Museo Radio']",Tomba Giulietta,strategy_nearest,False,0.003152132034301758,success
0426E0429C4C80,3,"['Arena', 'Casa Giulietta', 'Torre Lamberti']",Santa Anastasia,"['AMO', 'Museo Conte', 'Palazzo della Ragione', 'Teatro Romano', 'Centro Fotografia']",Duomo,strategy_nearest,False,0.0036721229553222656,success
0426D6429C4C81,3,"['Arena', 'Castelvecchio', 'Duomo']",Santa Anastasia,"['AMO', 'Museo Conte', 'Palazzo della Ragione', 'Teatro Romano', 'Centro Fotografia']",Giardino Giusti,strategy_nearest,False,0.0020079612731933594,success
0426F6429C4C80,0,['Torre Lamberti'],Castelvecchio,"['Museo Lapidario', 'Verona Tour', 'Arena', 'Museo Radio', 'San Zeno']",Arena,strategy_nearest,True,0.0019080638885498047,success
0426F63A9C4C80,3,"['Torre Lamberti', 'Santa Anastasia']",Duomo,"['AMO', 'Museo Miniscalchi', 'Teatro Romano', 'Palazzo della Ragione', 'Museo Conte']",Teatro Romano,strategy_nearest,True,0.0034019947052001953,success
0426EC429C4C80,1,"['Castelvecchio', 'Arena', 'Casa Giulietta']",Torre Lamberti,"['Sighseeing', 'Centro Fotografia', 'Museo Conte', 'Palazzo della Ragione', 'AMO']",Palazzo della Ragione,strategy_nearest,True,0.002164125442504883,success
0427533A9C4C81,2,"['Teatro Romano', 'Torre Lamberti']",Casa Giulietta,"['Centro Fotografia', 'Sighseeing', 'Museo Conte', 'Museo Radio', 'Palazzo della Ragione']",Castelvecchio,strategy_nearest,False,0.003515958786010742,success
0427693A9C4C81,4,"['Arena', 'Torre Lamberti', 'Giardino Giusti', 'Santa Anastasia', 'Duomo']",Teatro Romano,"['AMO', 'Palazzo della Ragione', 'Museo Conte', 'Centro Fotografia', 'Museo Miniscalchi']",San Fermo,strategy_nearest,False,0.00345611572265625,success
0427573A9C4C81,3,"['Arena', 'Duomo']",Santa Anastasia,"['AMO', 'Museo Conte', 'Palazzo della Ragione', 'Teatro Romano', 'Centro Fotografia']",Casa Giulietta,strategy_nearest,False,0.003637075424194336,success
04276B3A9C4C81,2,['Santa Anastasia'],Duomo,"['AMO', 'Museo Miniscalchi', 'Teatro Romano', 'Palazzo della Ragione', 'Museo Conte']",San Zeno,strategy_nearest,False,0.002981901168823242,success
04275B429C4C80,1,"['Tomba Giulietta', 'Arena', 'Casa Giulietta', 'Teatro Romano']",Castelvecchio,"['Museo Lapidario', 'Verona Tour', 'Museo Radio', 'San Zeno', 'Sighseeing']",San Zeno,strategy_nearest,True,0.002273082733154297,success
042774429C4C81,0,['Arena'],Casa Giulietta,"['Centro Fotografia', 'Sighseeing', 'Torre Lamberti', 'Museo Conte', 'Museo Radio']",Duomo,strategy_nearest,False,0.0020270347595214844,success
04276C429C4C81,3,['Arena'],Santa Anastasia,"['AMO', 'Museo Conte', 'Palazzo della Ragione', 'Teatro Romano', 'Centro Fotografia']",Duomo,strategy_nearest,False,0.00420832633972168,success
0427713A9C4C81,0,['Arena'],Castelvecchio,"['Museo Lapidario', 'Verona Tour', 'Museo Radio', 'San Zeno', 'Sighseeing']",Casa Giulietta,strategy_nearest,False,0.002785205841064453,success
04276D429C4C81,2,['Castelvecchio'],Santa Anastasia,"['AMO', 'Museo Conte', 'Palazzo della Ragione', 'Teatro Romano', 'Centro Fotografia']",Duomo,strategy_nearest,False,0.0021927356719970703,success
0427784A9C4C80,2,['Duomo'],Teatro Romano,"['Santa Anastasia', 'AMO', 'Palazzo della Ragione', 'Museo Conte', 'Centro Fotografia']",Casa Giulietta,strategy_nearest,False,0.003345012664794922,success
04277C4A9C4C80,3,"['Arena', 'Casa Giulietta', 'Torre Lamberti']",Santa Anastasia,"['AMO', 'Museo Conte', 'Palazzo della Ragione', 'Teatro Romano', 'Centro Fotografia']",Duomo,strategy_nearest,False,0.0020759105682373047,success
04277F429C4C80,0,['Arena'],Castelvecchio,"['Museo Lapidario', 'Verona Tour', 'Museo Radio', 'San Zeno', 'Sighseeing']",Duomo,strategy_nearest,False,0.003704071044921875,success
042777429C4C80,3,"['Casa Giulietta', 'Torre Lamberti']",Arena,"['Verona Tour', 'Museo Lapidario', 'Museo Radio', 'San Fermo', 'Sighseeing']",Duomo,strategy_nearest,False,0.002774953842163086,success
042783429C4C81,3,['Arena'],Torre Lamberti,"['Sighseeing', 'Centro Fotografia', 'Museo Conte', 'Casa Giulietta', 'Palazzo della Ragione']",Casa Giulietta,strategy_nearest,True,0.001741170883178711,success
0427843A9C4C80,3,"['Torre Lamberti', 'Teatro Romano']",Duomo,"['AMO', 'Museo Miniscalchi', 'Santa Anastasia', 'Palazzo della Ragione', 'Museo Conte']",Casa Giulietta,strategy_nearest,False,0.0033898353576660156,success
042781429C4C80,0,['Museo Lapidario'],Torre Lamberti,"['Sighseeing', 'Centro Fotografia', 'Museo Conte', 'Casa Giulietta', 'Palazzo della Ragione']",Casa Giulietta,strategy_nearest,True,0.0023741722106933594,success
0427813A9C4C80,0,['Arena'],Casa Giulietta,"['Centro Fotografia', 'Sighseeing', 'Torre Lamberti', 'Museo Conte', 'Museo Radio']",Torre Lamberti,strategy_nearest,True,0.0030379295349121094,success
04278A4A9C4C81,3,"['Museo Lapidario', 'Arena', 'Torre Lamberti']",Giardino Giusti,"['Santa Anastasia', 'Teatro Romano', 'Museo Conte', 'Centro Fotografia', 'Museo Storia']",Teatro Romano,strategy_nearest,True,0.002633810043334961,success
042788429C4C80,1,['Arena'],Museo Lapidario,"['Verona Tour', 'Castelvecchio', 'Museo Radio', 'San Fermo', 'Casa Giulietta']",Palazzo della Ragione,strategy_nearest,False,0.0015349388122558594,success
042787429C4C80,3,"['Arena', 'Torre Lamberti', 'Santa Anastasia']",Duomo,"['AMO', 'Museo Miniscalchi', 'Teatro Romano', 'Palazzo della Ragione', 'Museo Conte']",Teatro Romano,strategy_nearest,True,0.003465890884399414,success
042786429C4C80,0,['Arena'],Castelvecchio,"['Museo Lapidario', 'Verona Tour', 'Museo Radio', 'San Zeno', 'Sighseeing']",Teatro Romano,strategy_nearest,False,0.002888917922973633,success
042793429C4C81,3,"['Duomo', 'Teatro Romano']",Castelvecchio,"['Museo Lapidario', 'Verona Tour', 'Arena', 'Museo Radio', 'San Zeno']",San Zeno,strategy_nearest,True,0.0019578933715820312,success
04278D3A9C4C80,3,"['Arena', 'Castelvecchio']",San Zeno,"['Verona Tour', 'Museo Lapidario', 'Museo Miniscalchi', 'Sighseeing', 'Museo Radio']",Torre Lamberti,strategy_nearest,False,0.0035729408264160156,success
04278F4A9C4C81,0,['Arena'],Casa Giulietta,"['Centro Fotografia', 'Sighseeing', 'Torre Lamberti', 'Museo Conte', 'Museo Radio']",Torre Lamberti,strategy_nearest,True,0.002134084701538086,success
0427984A9C4C80,3,['Arena'],Santa Anastasia,"['AMO', 'Museo Conte', 'Palazzo della Ragione', 'Teatro Romano', 'Centro Fotografia']",Duomo,strategy_nearest,False,0.003509998321533203,success
04279A429C4C81,2,['Castelvecchio'],Casa Giulietta,"['Centro Fotografia', 'Sighseeing', 'Torre Lamberti', 'Museo Conte', 'Museo Radio']",Torre Lamberti,strategy_nearest,True,0.0024650096893310547,success
04279B429C4C81,0,['Arena'],Casa Giulietta,"['Centro Fotografia', 'Sighseeing', 'Torre Lamberti', 'Museo Conte', 'Museo Radio']",Duomo,strategy_nearest,False,0.0027730464935302734,success
04279D4A9C4C80,2,['Casa Giulietta'],Torre Lamberti,"['Sighseeing', 'Centro Fotografia', 'Museo Conte', 'Palazzo della Ragione', 'AMO']",Santa Anastasia,strategy_nearest,False,0.0017507076263427734,success
04279D429C4C80,3,"['Arena', 'Casa Giulietta']",Santa Anastasia,"['AMO', 'Museo Conte', 'Palazzo della Ragione', 'Teatro Romano', 'Centro Fotografia']",Teatro Romano,strategy_nearest,True,0.0035800933837890625,success
0427A34A9C4C80,3,"['Arena', 'Torre Lamberti']",Santa Anastasia,"['AMO', 'Museo Conte', 'Palazzo della Ragione', 'Teatro Romano', 'Centro Fotografia']",Duomo,strategy_nearest,False,0.0027298927307128906,success
0427A63A9C4C81,0,"['Castelvecchio', 'Arena']",Casa Giulietta,"['Centro Fotografia', 'Sighseeing', 'Torre Lamberti', 'Museo Conte', 'Museo Radio']",Torre Lamberti,strategy_nearest,True,0.003206014633178711,success
0427A04A9C4C80,0,['Arena'],Casa Giulietta,"['Centro Fotografia', 'Sighseeing', 'Torre Lamberti', 'Museo Conte', 'Museo Radio']",Torre Lamberti,strategy_nearest,True,0.0021560192108154297,success
04279E4A9C4C80,0,"['San Zeno', 'Castelvecchio']",Arena,"['Verona Tour', 'Museo Lapidario', 'Museo Radio', 'San Fermo', 'Casa Giulietta']",Casa Giulietta,strategy_nearest,True,0.0026841163635253906,success
0427A93A9C4C80,3,"['Arena', 'Torre Lamberti', 'Santa Anastasia']",Teatro Romano,"['Duomo', 'AMO', 'Palazzo della Ragione', 'Museo Conte', 'Centro Fotografia']",Duomo,strategy_nearest,True,0.0022029876708984375,success
0427A83A9C4C80,1,['Arena'],Santa Anastasia,"['AMO', 'Museo Conte', 'Palazzo della Ragione', 'Teatro Romano', 'Centro Fotografia']",Palazzo della Ragione,strategy_nearest,True,0.0035638809204101562,success
0427A8429C4C80,0,['Arena'],Castelvecchio,"['Museo Lapidario', 'Verona Tour', 'Museo Radio', 'San Zeno', 'Sighseeing']",Casa Giulietta,strategy_nearest,False,0.0029039382934570312,success
0427A7429C4C81,0,['Santa Anastasia'],Arena,"['Verona Tour', 'Museo Lapidario', 'Museo Radio', 'San Fermo', 'Casa Giulietta']",Castelvecchio,strategy_nearest,False,0.0017611980438232422,success
0427AB4A9C4C80,0,['Casa Giulietta'],Arena,"['Verona Tour', 'Museo Lapidario', 'Museo Radio', 'San Fermo', 'Sighseeing']",Torre Lamberti,strategy_nearest,False,0.0014200210571289062,success
0427A94A9C4C80,3,['Teatro Romano'],Arena,"['Verona Tour', 'Museo Lapidario', 'Museo Radio', 'San Fermo', 'Casa Giulietta']",Casa Giulietta,strategy_nearest,True,0.0020558834075927734,success
0427AF3A9C4C80,0,['Arena'],Casa Giulietta,"['Centro Fotografia', 'Sighseeing', 'Torre Lamberti', 'Museo Conte', 'Museo Radio']",Torre Lamberti,strategy_nearest,True,0.0026597976684570312,success
0427B03A9C4C80,2,"['Palazzo della Ragione', 'Torre Lamberti']",Casa Giulietta,"['Centro Fotografia', 'Sighseeing', 'Museo Conte', 'Museo Radio', 'San Fermo']",Santa Anastasia,strategy_nearest,False,0.003287076950073242,success
0427BF3A9C4C81,3,"['Arena', 'Museo Lapidario', 'Tomba Giulietta', 'Castelvecchio']",San Zeno,"['Verona Tour', 'Museo Miniscalchi', 'Sighseeing', 'Museo Radio', 'Torre Lamberti']",Duomo,strategy_nearest,False,0.0020720958709716797,success
0427B3429C4C80,0,['Castelvecchio'],Torre Lamberti,"['Sighseeing', 'Centro Fotografia', 'Museo Conte', 'Casa Giulietta', 'Palazzo della Ragione']",Duomo,strategy_nearest,False,0.0021610260009765625,success
0427C23A9C4C80,0,['Tomba Giulietta'],Arena,"['Verona Tour', 'Museo Lapidario', 'Museo Radio', 'San Fermo', 'Casa Giulietta']",Casa Giulietta,strategy_nearest,True,0.0026917457580566406,success
0427BA429C4C80,1,['Arena'],Torre Lamberti,"['Sighseeing', 'Centro Fotografia', 'Museo Conte', 'Casa Giulietta', 'Palazzo della Ragione']",Palazzo della Ragione,strategy_nearest,True,0.004110097885131836,success
0427C43A9C4C80,0,['Arena'],Tomba Giulietta,"['San Fermo', 'Museo Storia', 'Museo Lapidario', 'Museo Radio', 'Verona Tour']",Casa Giulietta,strategy_nearest,False,0.0016460418701171875,success
0427C4429C4C80,3,"['Tomba Giulietta', 'Arena', 'Casa Giulietta']",Santa Anastasia,"['AMO', 'Museo Conte', 'Palazzo della Ragione', 'Teatro Romano', 'Centro Fotografia']",Duomo,strategy_nearest,False,0.0023398399353027344,success
0427C5429C4C80,0,['Arena'],Casa Giulietta,"['Centro Fotografia', 'Sighseeing', 'Torre Lamberti', 'Museo Conte', 'Museo Radio']",Tomba Giulietta,strategy_nearest,False,0.003390073776245117,success
0427C33A9C4C80,0,['Arena'],Torre Lamberti,"['Sighseeing', 'Centro Fotografia', 'Museo Conte', 'Casa Giulietta', 'Palazzo della Ragione']",Casa Giulietta,strategy_nearest,True,0.0046901702880859375,success
0427C5429C4C81,0,['Torre Lamberti'],Casa Giulietta,"['Centro Fotografia', 'Sighseeing', 'Museo Conte', 'Museo Radio', 'Palazzo della Ragione']",Arena,strategy_nearest,False,0.0033380985260009766,success
0427C63A9C4C80,0,['Arena'],Casa Giulietta,"['Centro Fotografia', 'Sighseeing', 'Torre Lamberti', 'Museo Conte', 'Museo Radio']",Torre Lamberti,strategy_nearest,True,0.002624034881591797,success
0427CD3A9C4C80,3,"['Arena', 'Casa Giulietta']",Torre Lamberti,"['Sighseeing', 'Centro Fotografia', 'Museo Conte', 'Palazzo della Ragione', 'AMO']",Santa Anastasia,strategy_nearest,False,0.003580808639526367,success
0427CE3A9C4C80,3,['Arena'],Castelvecchio,"['Museo Lapidario', 'Verona Tour', 'Museo Radio', 'San Zeno', 'Sighseeing']",Duomo,strategy_nearest,False,0.0019383430480957031,success
0427CF429C4C81,0,"['Castelvecchio', 'Arena']",San Fermo,"['Museo Storia', 'Museo Radio', 'Casa Giulietta', 'Centro Fotografia', 'Sighseeing']",Museo Storia,strategy_nearest,True,0.0029103755950927734,success
0427D13A9C4C81,1,"['Arena', 'San Fermo', 'Casa Giulietta', 'Teatro Romano']",Torre Lamberti,"['Sighseeing', 'Centro Fotografia', 'Museo Conte', 'Palazzo della Ragione', 'AMO']",Palazzo della Ragione,strategy_nearest,True,0.0034728050231933594,success
0427D53A9C4C80,3,['Santa Anastasia'],Teatro Romano,"['Duomo', 'AMO', 'Palazzo della Ragione', 'Museo Conte', 'Centro Fotografia']",Castelvecchio,strategy_nearest,False,0.003323793411254883,success
0427E2429C4C81,1,"['Arena', 'Casa Giulietta']",Palazzo della Ragione,"['AMO', 'Museo Conte', 'Torre Lamberti', 'Centro Fotografia', 'Sighseeing']",Torre Lamberti,strategy_nearest,True,0.0024399757385253906,success
0427EF429C4C80,0,['Castelvecchio'],Casa Giulietta,"['Centro Fotografia', 'Sighseeing', 'Torre Lamberti', 'Museo Conte', 'Museo Radio']",Arena,strategy_nearest,False,0.0024471282958984375,success
0428603A9C4C81,0,"['Castelvecchio', 'Arena']",Casa Giulietta,"['Centro Fotografia', 'Sighseeing', 'Torre Lamberti', 'Museo Conte', 'Museo Radio']",Torre Lamberti,strategy_nearest,True,0.002482891082763672,success
0428583A9C4C80,3,"['Arena', 'Santa Anastasia']",Duomo,"['AMO', 'Museo Miniscalchi', 'Teatro Romano', 'Palazzo della Ragione', 'Museo Conte']",Teatro Romano,strategy_nearest,True,0.0032110214233398438,success
042860429C4C81,1,"['Duomo', 'Teatro Romano', 'Torre Lamberti']",Arena,"['Verona Tour', 'Museo Lapidario', 'Museo Radio', 'San Fermo', 'Casa Giulietta']",Palazzo della Ragione,strategy_nearest,False,0.0026001930236816406,success
042860429C4C80,0,['Castelvecchio'],Casa Giulietta,"['Centro Fotografia', 'Sighseeing', 'Torre Lamberti', 'Museo Conte', 'Museo Radio']",Arena,strategy_nearest,False,0.002726316452026367,success
042876429C4C80,3,"['Arena', 'Casa Giulietta']",Santa Anastasia,"['AMO', 'Museo Conte', 'Palazzo della Ragione', 'Teatro Romano', 'Centro Fotografia']",Torre Lamberti,strategy_nearest,False,0.0032210350036621094,success
0428763A9C4C80,3,"['Castelvecchio', 'Torre Lamberti']",Santa Anastasia,"['AMO', 'Museo Conte', 'Palazzo della Ragione', 'Teatro Romano', 'Centro Fotografia']",Duomo,strategy_nearest,False,0.0021758079528808594,success
04286A429C4C80,0,['Casa Giulietta'],Arena,"['Verona Tour', 'Museo Lapidario', 'Museo Radio', 'San Fermo', 'Sighseeing']",Tomba Giulietta,strategy_nearest,False,0.002849102020263672,success
0428613A9C4C80,3,"['Castelvecchio', 'Arena']",Santa Anastasia,"['AMO', 'Museo Conte', 'Palazzo della Ragione', 'Teatro Romano', 'Centro Fotografia']",Casa Giulietta,strategy_nearest,False,0.005136966705322266,success
04287A3A9C4C80,0,['Arena'],Castelvecchio,"['Museo Lapidario', 'Verona Tour', 'Museo Radio', 'San Zeno', 'Sighseeing']",Santa Anastasia,strategy_nearest,False,0.002949953079223633,success
04287B4A9C4C80,6,"['Torre Lamberti', 'Santa Anastasia']",Arena,"['Verona Tour', 'Museo Lapidario', 'Museo Radio', 'San Fermo', 'Casa Giulietta']",Casa Giulietta,strategy_nearest,True,0.0016512870788574219,success
04287A429C4C80,3,"['Arena', 'Casa Giulietta']",Torre Lamberti,"['Sighseeing', 'Centro Fotografia', 'Museo Conte', 'Palazzo della Ragione', 'AMO']",Santa Anastasia,strategy_nearest,False,0.0023069381713867188,success
04287D4A9C4C80,0,"['Arena', 'Museo Lapidario']",Castelvecchio,"['Verona Tour', 'Museo Radio', 'San Zeno', 'Sighseeing', 'Museo Miniscalchi']",Torre Lamberti,strategy_nearest,False,0.0033538341522216797,success
042882429C4C81,0,['Arena'],Casa Giulietta,"['Centro Fotografia', 'Sighseeing', 'Torre Lamberti', 'Museo Conte', 'Museo Radio']",Palazzo della Ragione,strategy_nearest,False,0.0016798973083496094,success
042884429C4C80,3,['Castelvecchio'],Arena,"['Verona Tour', 'Museo Lapidario', 'Museo Radio', 'San Fermo', 'Casa Giulietta']",Santa Anastasia,strategy_nearest,False,0.002825021743774414,success
0428984A9C4C80,3,"['Casa Giulietta', 'Santa Anastasia', 'Duomo']",Teatro Romano,"['AMO', 'Palazzo della Ragione', 'Museo Conte', 'Centro Fotografia', 'Museo Miniscalchi']",Castelvecchio,strategy_nearest,False,0.0020761489868164062,success
0428853A9C4C81,0,"['Arena', 'Casa Giulietta']",Torre Lamberti,"['Sighseeing', 'Centro Fotografia', 'Museo Conte', 'Palazzo della Ragione', 'AMO']",Duomo,strategy_nearest,False,0.003450155258178711,success
0428A7429C4C81,3,['Arena'],Torre Lamberti,"['Sighseeing', 'Centro Fotografia', 'Museo Conte', 'Casa Giulietta', 'Palazzo della Ragione']",Casa Giulietta,strategy_nearest,True,0.002892017364501953,success
0428A94A9C4C80,3,['Teatro Romano'],Arena,"['Verona Tour', 'Museo Lapidario', 'Museo Radio', 'San Fermo', 'Casa Giulietta']",Casa Giulietta,strategy_nearest,True,0.0020399093627929688,success
0428A9429C4C80,3,"['Arena', 'Casa Giulietta']",Santa Anastasia,"['AMO', 'Museo Conte', 'Palazzo della Ragione', 'Teatro Romano', 'Centro Fotografia']",Teatro Romano,strategy_nearest,True,0.003397226333618164,success
0428A8429C4C80,3,['Teatro Romano'],Santa Anastasia,"['AMO', 'Museo Conte', 'Palazzo della Ragione', 'Centro Fotografia', 'Duomo']",Arena,strategy_nearest,False,0.003386974334716797,success
0428C3429C4C80,0,['Arena'],Casa Giulietta,"['Centro Fotografia', 'Sighseeing', 'Torre Lamberti', 'Museo Conte', 'Museo Radio']",Santa Anastasia,strategy_nearest,False,0.0016660690307617188,success
0428C83A9C4C81,3,"['Arena', 'Casa Giulietta']",Torre Lamberti,"['Sighseeing', 'Centro Fotografia', 'Museo Conte', 'Palazzo della Ragione', 'AMO']",San Fermo,strategy_nearest,False,0.002810239791870117,success
0428AA429C4C80,0,['Arena'],Santa Anastasia,"['AMO', 'Museo Conte', 'Palazzo della Ragione', 'Teatro Romano', 'Centro Fotografia']",Castelvecchio,strategy_nearest,False,0.003010988235473633,success
0428AA4A9C4C80,0,['Arena'],Torre Lamberti,"['Sighseeing', 'Centro Fotografia', 'Museo Conte', 'Casa Giulietta', 'Palazzo della Ragione']",Giardino Giusti,strategy_nearest,False,0.004220724105834961,success
0428C93A9C4C81,2,['Castelvecchio'],Teatro Romano,"['Santa Anastasia', 'Duomo', 'AMO', 'Palazzo della Ragione', 'Museo Conte']",Casa Giulietta,strategy_nearest,False,0.0025479793548583984,success
0428CA3A9C4C80,0,['Arena'],Casa Giulietta,"['Centro Fotografia', 'Sighseeing', 'Torre Lamberti', 'Museo Conte', 'Museo Radio']",Duomo,strategy_nearest,False,0.003144979476928711,success
0428CD3A9C4C80,2,['Castelvecchio'],Duomo,"['AMO', 'Museo Miniscalchi', 'Santa Anastasia', 'Teatro Romano', 'Palazzo della Ragione']",Casa Giulietta,strategy_nearest,False,0.0018568038940429688,success
0428CF3A9C4C80,3,['Santa Anastasia'],Torre Lamberti,"['Sighseeing', 'Centro Fotografia', 'Museo Conte', 'Casa Giulietta', 'Palazzo della Ragione']",Arena,strategy_nearest,False,0.0037109851837158203,success
0428E43A9C4C80,3,['Arena'],San Fermo,"['Museo Storia', 'Museo Radio', 'Casa Giulietta', 'Centro Fotografia', 'Sighseeing']",Santa Anastasia,strategy_nearest,False,0.001844167709350586,success
0428E03A9C4C80,3,"['San Fermo', 'Torre Lamberti', 'Santa Anastasia', 'Duomo']",Teatro Romano,"['AMO', 'Palazzo della Ragione', 'Museo Conte', 'Centro Fotografia', 'Museo Miniscalchi']",Casa Giulietta,strategy_nearest,False,0.002615690231323242,success
0428E53A9C4C80,0,['Arena'],Casa Giulietta,"['Centro Fotografia', 'Sighseeing', 'Torre Lamberti', 'Museo Conte', 'Museo Radio']",Torre Lamberti,strategy_nearest,True,0.0027909278869628906,success
0428EE429C4C80,3,"['Arena', 'Castelvecchio', 'Duomo']",Santa Anastasia,"['AMO', 'Museo Conte', 'Palazzo della Ragione', 'Teatro Romano', 'Centro Fotografia']",San Zeno,strategy_nearest,False,0.0033888816833496094,success
0428F0429C4C80,1,"['Arena', 'Castelvecchio', 'Teatro Romano']",Palazzo della Ragione,"['AMO', 'Museo Conte', 'Torre Lamberti', 'Centro Fotografia', 'Sighseeing']",Duomo,strategy_nearest,False,0.002407073974609375,success
0428F43A9C4C80,3,"['Casa Giulietta', 'Torre Lamberti']",Arena,"['Verona Tour', 'Museo Lapidario', 'Museo Radio', 'San Fermo', 'Sighseeing']",Teatro Romano,strategy_nearest,False,0.003312826156616211,success
0428F53A9C4C80,1,['Arena'],Palazzo della Ragione,"['AMO', 'Museo Conte', 'Torre Lamberti', 'Centro Fotografia', 'Sighseeing']",Torre Lamberti,strategy_nearest,True,0.0025870800018310547,success
0429543A9C4C80,3,['Arena'],Torre Lamberti,"['Sighseeing', 'Centro Fotografia', 'Museo Conte', 'Casa Giulietta', 'Palazzo della Ragione']",Santa Anastasia,strategy_nearest,False,0.003203153610229492,success
042956429C4C80,3,"['Casa Giulietta', 'Torre Lamberti', 'Arena']",Santa Anastasia,"['AMO', 'Museo Conte', 'Palazzo della Ragione', 'Teatro Romano', 'Centro Fotografia']",Teatro Romano,strategy_nearest,True,0.0017631053924560547,success
0429663A9C4C81,2,['Casa Giulietta'],Torre Lamberti,"['Sighseeing', 'Centro Fotografia', 'Museo Conte', 'Palazzo della Ragione', 'AMO']",San Zeno,strategy_nearest,False,0.0031747817993164062,success
0429563A9C4C80,0,['Arena'],Casa Giulietta,"['Centro Fotografia', 'Sighseeing', 'Torre Lamberti', 'Museo Conte', 'Museo Radio']",Torre Lamberti,strategy_nearest,True,0.004149913787841797,success
0429683A9C4C80,3,"['Casa Giulietta', 'Torre Lamberti', 'Arena', 'Santa Anastasia']",Teatro Romano,"['Duomo', 'AMO', 'Palazzo della Ragione', 'Museo Conte', 'Centro Fotografia']",Duomo,strategy_nearest,True,0.0030939579010009766,success
04296C429C4C81,3,"['Castelvecchio', 'Arena', 'Casa Giulietta']",Torre Lamberti,"['Sighseeing', 'Centro Fotografia', 'Museo Conte', 'Palazzo della Ragione', 'AMO']",Duomo,strategy_nearest,False,0.003069162368774414,success
0429723A9C4C80,3,['Arena'],Santa Anastasia,"['AMO', 'Museo Conte', 'Palazzo della Ragione', 'Teatro Romano', 'Centro Fotografia']",Duomo,strategy_nearest,False,0.0025060176849365234,success
04296D429C4C81,3,"['Casa Giulietta', 'Santa Anastasia']",Duomo,"['AMO', 'Museo Miniscalchi', 'Teatro Romano', 'Palazzo della Ragione', 'Museo Conte']",Arena,strategy_nearest,False,0.003325939178466797,success
042977429C4C81,3,"['Museo Lapidario', 'Santa Anastasia']",Torre Lamberti,"['Sighseeing', 'Centro Fotografia', 'Museo Conte', 'Casa Giulietta', 'Palazzo della Ragione']",Arena,strategy_nearest,False,0.0026488304138183594,success
04297A4A9C4C80,3,"['Castelvecchio', 'Casa Giulietta', 'Arena']",Santa Anastasia,"['AMO', 'Museo Conte', 'Palazzo della Ragione', 'Teatro Romano', 'Centro Fotografia']",Duomo,strategy_nearest,False,0.0024907588958740234,success
0429783A9C4C80,3,"['Arena', 'Casa Giulietta']",Torre Lamberti,"['Sighseeing', 'Centro Fotografia', 'Museo Conte', 'Palazzo della Ragione', 'AMO']",Santa Anastasia,strategy_nearest,False,0.002665996551513672,success
04297E429C4C81,0,['Casa Giulietta'],Castelvecchio,"['Museo Lapidario', 'Verona Tour', 'Arena', 'Museo Radio', 'San Zeno']",Arena,strategy_nearest,True,0.003319978713989258,success
04297F429C4C80,3,"['Arena', 'Casa Giulietta']",Torre Lamberti,"['Sighseeing', 'Centro Fotografia', 'Museo Conte', 'Palazzo della Ragione', 'AMO']",Santa Anastasia,strategy_nearest,False,0.002933025360107422,success
04298F429C4C81,0,['Torre Lamberti'],Arena,"['Verona Tour', 'Museo Lapidario', 'Museo Radio', 'San Fermo', 'Casa Giulietta']",San Zeno,strategy_nearest,False,0.002543210983276367,success
04298E4A9C4C80,3,"['Arena', 'Casa Giulietta', 'Castelvecchio']",Teatro Romano,"['Santa Anastasia', 'Duomo', 'AMO', 'Palazzo della Ragione', 'Museo Conte']",Giardino Giusti,strategy_nearest,False,0.003564119338989258,success
042991429C4C80,0,['Casa Giulietta'],Castelvecchio,"['Museo Lapidario', 'Verona Tour', 'Arena', 'Museo Radio', 'San Zeno']",Arena,strategy_nearest,True,0.0025589466094970703,success
0429924A9C4C80,4,['Museo Lapidario'],Museo Radio,"['Casa Giulietta', 'San Fermo', 'Arena', 'Sighseeing', 'Torre Lamberti']",Tomba Giulietta,strategy_nearest,False,0.0029480457305908203,success
0429924A9C4C81,3,"['Arena', 'Casa Giulietta']",Santa Anastasia,"['AMO', 'Museo Conte', 'Palazzo della Ragione', 'Teatro Romano', 'Centro Fotografia']",Castelvecchio,strategy_nearest,False,0.003461122512817383,success
04299B4A9C4C81,3,"['Arena', 'Museo Lapidario', 'Castelvecchio']",Santa Anastasia,"['AMO', 'Museo Conte', 'Palazzo della Ragione', 'Teatro Romano', 'Centro Fotografia']",Duomo,strategy_nearest,False,0.0033690929412841797,success
0429984A9C4C80,2,['Casa Giulietta'],Santa Anastasia,"['AMO', 'Museo Conte', 'Palazzo della Ragione', 'Teatro Romano', 'Centro Fotografia']",Castelvecchio,strategy_nearest,False,0.002880096435546875,success
042993429C4C81,3,"['Tomba Giulietta', 'Arena', 'Castelvecchio']",Torre Lamberti,"['Sighseeing', 'Centro Fotografia', 'Museo Conte', 'Casa Giulietta', 'Palazzo della Ragione']",Santa Anastasia,strategy_nearest,False,0.002302885055541992,success
0429A7429C4C81,3,"['Arena', 'Castelvecchio']",Santa Anastasia,"['AMO', 'Museo Conte', 'Palazzo della Ragione', 'Teatro Romano', 'Centro Fotografia']",Duomo,strategy_nearest,False,0.0033028125762939453,success
04299F429C4C81,3,['Teatro Romano'],Arena,"['Verona Tour', 'Museo Lapidario', 'Museo Radio', 'San Fermo', 'Casa Giulietta']",Casa Giulietta,strategy_nearest,True,0.002254962921142578,success
0429A3429C4C80,3,['Castelvecchio'],Arena,"['Verona Tour', 'Museo Lapidario', 'Museo Radio', 'San Fermo', 'Casa Giulietta']",Santa Anastasia,strategy_nearest,False,0.0028769969940185547,success
04299D429C4C80,0,"['Arena', 'Museo Lapidario']",Castelvecchio,"['Verona Tour', 'Museo Radio', 'San Zeno', 'Sighseeing', 'Museo Miniscalchi']",Duomo,strategy_nearest,False,0.003416776657104492,success
0429AD3A9C4C80,0,['Arena'],Casa Giulietta,"['Centro Fotografia', 'Sighseeing', 'Torre Lamberti', 'Museo Conte', 'Museo Radio']",Duomo,strategy_nearest,False,0.002585887908935547,success
0429A9429C4C80,0,"['Arena', 'San Zeno']",Castelvecchio,"['Museo Lapidario', 'Verona Tour', 'Museo Radio', 'Sighseeing', 'Museo Miniscalchi']",Tomba Giulietta,strategy_nearest,False,0.0014660358428955078,success
0429AA4A9C4C81,3,"['Arena', 'Torre Lamberti']",Santa Anastasia,"['AMO', 'Museo Conte', 'Palazzo della Ragione', 'Teatro Romano', 'Centro Fotografia']",Duomo,strategy_nearest,False,0.0021092891693115234,success
0429A93A9C4C80,1,"['Arena', 'San Fermo', 'Casa Giulietta']",Palazzo della Ragione,"['AMO', 'Museo Conte', 'Torre Lamberti', 'Centro Fotografia', 'Sighseeing']",Torre Lamberti,strategy_nearest,True,0.0033979415893554688,success
0429B4429C4C81,3,"['Arena', 'Castelvecchio']",Torre Lamberti,"['Sighseeing', 'Centro Fotografia', 'Museo Conte', 'Casa Giulietta', 'Palazzo della Ragione']",Santa Anastasia,strategy_nearest,False,0.001605987548828125,success
0429B73A9C4C80,1,"['Arena', 'Palazzo della Ragione']",Torre Lamberti,"['Sighseeing', 'Centro Fotografia', 'Museo Conte', 'Casa Giulietta', 'AMO']",Santa Anastasia,strategy_nearest,False,0.002164125442504883,success
0429B1429C4C81,3,"['Museo Storia', 'San Fermo', 'Torre Lamberti', 'Santa Anastasia']",Teatro Romano,"['Duomo', 'AMO', 'Palazzo della Ragione', 'Museo Conte', 'Centro Fotografia']",Duomo,strategy_nearest,True,0.003534078598022461,success
0429BE3A9C4C81,3,"['Arena', 'Museo Lapidario', 'Castelvecchio']",San Zeno,"['Verona Tour', 'Museo Miniscalchi', 'Sighseeing', 'Museo Radio', 'Torre Lamberti']",Torre Lamberti,strategy_nearest,True,0.003422260284423828,success
0429C23A9C4C81,0,['Tomba Giulietta'],Arena,"['Verona Tour', 'Museo Lapidario', 'Museo Radio', 'San Fermo', 'Casa Giulietta']",Casa Giulietta,strategy_nearest,True,0.0017359256744384766,success
0429C23A9C4C80,3,"['Arena', 'Casa Giulietta']",Torre Lamberti,"['Sighseeing', 'Centro Fotografia', 'Museo Conte', 'Palazzo della Ragione', 'AMO']",Santa Anastasia,strategy_nearest,False,0.002221822738647461,success
0429C33A9C4C81,1,"['Arena', 'Casa Giulietta', 'Torre Lamberti', 'Palazzo della Ragione']",Santa Anastasia,"['AMO', 'Museo Conte', 'Teatro Romano', 'Centro Fotografia', 'Duomo']",Duomo,strategy_nearest,True,0.002535104751586914,success
0429C93A9C4C80,2,"['Tomba Giulietta', 'San Zeno']",Castelvecchio,"['Museo Lapidario', 'Verona Tour', 'Arena', 'Museo Radio', 'Sighseeing']",Teatro Romano,strategy_nearest,False,0.0015110969543457031,success
0429C73A9C4C81,0,['Arena'],Casa Giulietta,"['Centro Fotografia', 'Sighseeing', 'Torre Lamberti', 'Museo Conte', 'Museo Radio']",Torre Lamberti,strategy_nearest,True,0.002981901168823242,success
0429C73A9C4C80,0,['Tomba Giulietta'],Duomo,"['AMO', 'Museo Miniscalchi', 'Santa Anastasia', 'Teatro Romano', 'Palazzo della Ragione']",Arena,strategy_nearest,False,0.003081798553466797,success
0429CA3A9C4C80,3,['Arena'],Torre Lamberti,"['Sighseeing', 'Centro Fotografia', 'Museo Conte', 'Casa Giulietta', 'Palazzo della Ragione']",Santa Anastasia,strategy_nearest,False,0.0029680728912353516,success
0429D4429C4C81,3,"['Arena', 'Casa Giulietta']",Castelvecchio,"['Museo Lapidario', 'Verona Tour', 'Museo Radio', 'San Zeno', 'Sighseeing']",Duomo,strategy_nearest,False,0.002040863037109375,success
0429D13A9C4C80,0,['Torre Lamberti'],Casa Giulietta,"['Centro Fotografia', 'Sighseeing', 'Museo Conte', 'Museo Radio', 'Palazzo della Ragione']",Teatro Romano,strategy_nearest,False,0.0027701854705810547,success
0429D6429C4C80,1,"['Arena', 'Arena']",Teatro Romano,"['Santa Anastasia', 'Duomo', 'AMO', 'Palazzo della Ragione', 'Museo Conte']",Palazzo della Ragione,strategy_nearest,True,0.002746105194091797,success
0429DB3A9C4C80,1,"['Casa Giulietta', 'Torre Lamberti']",Arena,"['Verona Tour', 'Museo Lapidario', 'Museo Radio', 'San Fermo', 'Sighseeing']",Palazzo della Ragione,strategy_nearest,False,0.0033369064331054688,success
0429EC3A9C4C80,3,['Arena'],Casa Giulietta,"['Centro Fotografia', 'Sighseeing', 'Torre Lamberti', 'Museo Conte', 'Museo Radio']",Santa Anastasia,strategy_nearest,False,0.0015900135040283203,success
042A64429C4C80,0,['Arena'],Torre Lamberti,"['Sighseeing', 'Centro Fotografia', 'Museo Conte', 'Casa Giulietta', 'Palazzo della Ragione']",Casa Giulietta,strategy_nearest,True,0.0022192001342773438,success
042A6B429C4C81,0,['Arena'],Casa Giulietta,"['Centro Fotografia', 'Sighseeing', 'Torre Lamberti', 'Museo Conte', 'Museo Radio']",Duomo,strategy_nearest,False,0.002719879150390625,success
0429DF3A9C4C80,0,['Arena'],San Zeno,"['Castelvecchio', 'Verona Tour', 'Museo Lapidario', 'Museo Miniscalchi', 'Sighseeing']",Casa Giulietta,strategy_nearest,False,0.0035991668701171875,success
042A74429C4C81,2,"['Teatro Romano', 'Duomo']",Santa Anastasia,"['AMO', 'Museo Conte', 'Palazzo della Ragione', 'Centro Fotografia', 'Torre Lamberti']",Torre Lamberti,strategy_nearest,True,0.002026081085205078,success
042A74429C4C80,3,"['Casa Giulietta', 'Arena']",Santa Anastasia,"['AMO', 'Museo Conte', 'Palazzo della Ragione', 'Teatro Romano', 'Centro Fotografia']",Duomo,strategy_nearest,False,0.002783060073852539,success
042A723A9C4C80,3,"['Arena', 'Casa Giulietta']",Santa Anastasia,"['AMO', 'Museo Conte', 'Palazzo della Ragione', 'Teatro Romano', 'Centro Fotografia']",Duomo,strategy_nearest,False,0.0034160614013671875,success
042A70429C4C80,0,"['Casa Giulietta', 'Arena']",Museo Lapidario,"['Verona Tour', 'Castelvecchio', 'Museo Radio', 'San Fermo', 'Tomba Giulietta']",Castelvecchio,strategy_nearest,True,0.002852916717529297,success
042A7F429C4C80,3,"['Arena', 'Castelvecchio']",Torre Lamberti,"['Sighseeing', 'Centro Fotografia', 'Museo Conte', 'Casa Giulietta', 'Palazzo della Ragione']",Casa Giulietta,strategy_nearest,True,0.002699613571166992,success
042A85429C4C80,0,['Arena'],Castelvecchio,"['Museo Lapidario', 'Verona Tour', 'Museo Radio', 'San Zeno', 'Sighseeing']",Teatro Romano,strategy_nearest,False,0.0014340877532958984,success
042A7B4A9C4C81,3,"['Arena', 'Casa Giulietta']",Santa Anastasia,"['AMO', 'Museo Conte', 'Palazzo della Ragione', 'Teatro Romano', 'Centro Fotografia']",Giardino Giusti,strategy_nearest,False,0.0034377574920654297,success
042A7C429C4C81,3,['Arena'],Torre Lamberti,"['Sighseeing', 'Centro Fotografia', 'Museo Conte', 'Casa Giulietta', 'Palazzo della Ragione']",Santa Anastasia,strategy_nearest,False,0.0034208297729492188,success
042A88429C4C80,0,['Arena'],Torre Lamberti,"['Sighseeing', 'Centro Fotografia', 'Museo Conte', 'Casa Giulietta', 'Palazzo della Ragione']",Duomo,strategy_nearest,False,0.0020673274993896484,success
042A864A9C4C81,2,['Santa Anastasia'],Duomo,"['AMO', 'Museo Miniscalchi', 'Teatro Romano', 'Palazzo della Ragione', 'Museo Conte']",Teatro Romano,strategy_nearest,True,0.0022687911987304688,success
042A874A9C4C80,1,"['Palazzo della Ragione', 'Torre Lamberti']",Casa Giulietta,"['Centro Fotografia', 'Sighseeing', 'Museo Conte', 'Museo Radio', 'San Fermo']",San Fermo,strategy_nearest,True,0.00275421142578125,success
042A87429C4C81,2,['Santa Anastasia'],San Zeno,"['Castelvecchio', 'Verona Tour', 'Museo Lapidario', 'Arena', 'Museo Miniscalchi']",San Fermo,strategy_nearest,False,0.0041158199310302734,success
042A8B3A9C4C81,3,"['Arena', 'Torre Lamberti']",Duomo,"['AMO', 'Museo Miniscalchi', 'Santa Anastasia', 'Teatro Romano', 'Palazzo della Ragione']",Casa Giulietta,strategy_nearest,False,0.0034830570220947266,success
042A8C429C4C80,3,"['Arena', 'Torre Lamberti']",Casa Giulietta,"['Centro Fotografia', 'Sighseeing', 'Museo Conte', 'Museo Radio', 'Palazzo della Ragione']",Santa Anastasia,strategy_nearest,False,0.0021810531616210938,success
042A88429C4C81,2,['Casa Giulietta'],Torre Lamberti,"['Sighseeing', 'Centro Fotografia', 'Museo Conte', 'Palazzo della Ragione', 'AMO']",Santa Anastasia,strategy_nearest,False,0.0028450489044189453,success
042A8D4A9C4C81,1,"['Arena', 'Casa Giulietta', 'Torre Lamberti', 'Palazzo della Ragione', 'Santa Anastasia']",Duomo,"['AMO', 'Museo Miniscalchi', 'Teatro Romano', 'Museo Conte', 'Centro Fotografia']",Teatro Romano,strategy_nearest,True,0.003239154815673828,success
042A8E4A9C4C80,3,['Arena'],Santa Anastasia,"['AMO', 'Museo Conte', 'Palazzo della Ragione', 'Teatro Romano', 'Centro Fotografia']",Duomo,strategy_nearest,False,0.0033349990844726562,success
042A98429C4C80,0,"['Arena', 'Castelvecchio']",Santa Anastasia,"['AMO', 'Museo Conte', 'Palazzo della Ragione', 'Teatro Romano', 'Centro Fotografia']",Casa Giulietta,strategy_nearest,False,0.003226041793823242,success
042A944A9C4C81,0,['Arena'],Casa Giulietta,"['Centro Fotografia', 'Sighseeing', 'Torre Lamberti', 'Museo Conte', 'Museo Radio']",Torre Lamberti,strategy_nearest,True,0.001497030258178711,success
042A8F4A9C4C81,0,['Arena'],Duomo,"['AMO', 'Museo Miniscalchi', 'Santa Anastasia', 'Teatro Romano', 'Palazzo della Ragione']",Castelvecchio,strategy_nearest,False,0.0021669864654541016,success
042A99429C4C80,3,"['Arena', 'Santa Anastasia']",Teatro Romano,"['Duomo', 'AMO', 'Palazzo della Ragione', 'Museo Conte', 'Centro Fotografia']",Giardino Giusti,strategy_nearest,False,0.0019519329071044922,success
042A9B429C4C80,0,"['Arena', 'Museo Lapidario']",Tomba Giulietta,"['San Fermo', 'Museo Storia', 'Museo Radio', 'Verona Tour', 'Casa Giulietta']",Casa Giulietta,strategy_nearest,True,0.0022547245025634766,success
042AA34A9C4C80,3,['Arena'],Santa Anastasia,"['AMO', 'Museo Conte', 'Palazzo della Ragione', 'Teatro Romano', 'Centro Fotografia']",Duomo,strategy_nearest,False,0.0027608871459960938,success
042A9F4A9C4C81,0,"['Castelvecchio', 'Casa Giulietta']",Torre Lamberti,"['Sighseeing', 'Centro Fotografia', 'Museo Conte', 'Palazzo della Ragione', 'AMO']",Teatro Romano,strategy_nearest,False,0.00357818603515625,success
042AA44A9C4C80,2,"['Castelvecchio', 'Casa Giulietta']",Torre Lamberti,"['Sighseeing', 'Centro Fotografia', 'Museo Conte', 'Palazzo della Ragione', 'AMO']",Santa Anastasia,strategy_nearest,False,0.003222942352294922,success
042AA54A9C4C80,3,"['Castelvecchio', 'Duomo']",Teatro Romano,"['Santa Anastasia', 'AMO', 'Palazzo della Ragione', 'Museo Conte', 'Centro Fotografia']",Casa Giulietta,strategy_nearest,False,0.002626180648803711,success
042AA53A9C4C81,0,"['Castelvecchio', 'Arena']",Casa Giulietta,"['Centro Fotografia', 'Sighseeing', 'Torre Lamberti', 'Museo Conte', 'Museo Radio']",Torre Lamberti,strategy_nearest,True,0.0025229454040527344,success
042AA64A9C4C80,3,['Arena'],Torre Lamberti,"['Sighseeing', 'Centro Fotografia', 'Museo Conte', 'Casa Giulietta', 'Palazzo della Ragione']",Casa Giulietta,strategy_nearest,True,0.003367900848388672,success
042AA7429C4C81,0,"['Teatro Romano', 'Giardino Giusti']",Casa Giulietta,"['Centro Fotografia', 'Sighseeing', 'Torre Lamberti', 'Museo Conte', 'Museo Radio']",Arena,strategy_nearest,False,0.0019659996032714844,success
042AA9429C4C80,3,"['Arena', 'Casa Giulietta']",Santa Anastasia,"['AMO', 'Museo Conte', 'Palazzo della Ragione', 'Teatro Romano', 'Centro Fotografia']",Teatro Romano,strategy_nearest,True,0.002524852752685547,success
042AA93A9C4C81,3,"['Arena', 'Casa Giulietta']",Santa Anastasia,"['AMO', 'Museo Conte', 'Palazzo della Ragione', 'Teatro Romano', 'Centro Fotografia']",Duomo,strategy_nearest,False,0.0021560192108154297,success
042AA84A9C4C81,0,"['Arena', 'Castelvecchio']",Torre Lamberti,"['Sighseeing', 'Centro Fotografia', 'Museo Conte', 'Casa Giulietta', 'Palazzo della Ragione']",Casa Giulietta,strategy_nearest,True,0.004242897033691406,success
042AAA4A9C4C80,3,"['Arena', 'Santa Anastasia']",Duomo,"['AMO', 'Museo Miniscalchi', 'Teatro Romano', 'Palazzo della Ragione', 'Museo Conte']",Torre Lamberti,strategy_nearest,False,0.0030846595764160156,success
042AAF3A9C4C80,3,"['Arena', 'Castelvecchio', 'Torre Lamberti']",Casa Giulietta,"['Centro Fotografia', 'Sighseeing', 'Museo Conte', 'Museo Radio', 'Palazzo della Ragione']",Tomba Giulietta,strategy_nearest,False,0.0031418800354003906,success
042AAD429C4C80,0,['Castelvecchio'],Casa Giulietta,"['Centro Fotografia', 'Sighseeing', 'Torre Lamberti', 'Museo Conte', 'Museo Radio']",Torre Lamberti,strategy_nearest,True,0.002626180648803711,success
042AAD3A9C4C80,3,"['Arena', 'Torre Lamberti']",Casa Giulietta,"['Centro Fotografia', 'Sighseeing', 'Museo Conte', 'Museo Radio', 'Palazzo della Ragione']",Duomo,strategy_nearest,False,0.0019109249114990234,success
042ABA3A9C4C80,1,"['Arena', 'Casa Giulietta', 'Torre Lamberti']",Palazzo della Ragione,"['AMO', 'Museo Conte', 'Centro Fotografia', 'Sighseeing', 'Santa Anastasia']",Santa Anastasia,strategy_nearest,True,0.0019109249114990234,success
042AB7429C4C81,3,"['Duomo', 'Santa Anastasia', 'Arena']",Tomba Giulietta,"['San Fermo', 'Museo Storia', 'Museo Lapidario', 'Museo Radio', 'Verona Tour']",Casa Giulietta,strategy_nearest,False,0.0013527870178222656,success
042AB03A9C4C80,1,"['Arena', 'Santa Anastasia', 'Duomo']",Teatro Romano,"['AMO', 'Palazzo della Ragione', 'Museo Conte', 'Centro Fotografia', 'Museo Miniscalchi']",Casa Giulietta,strategy_nearest,False,0.0034821033477783203,success
042ABD3A9C4C81,0,['Arena'],Castelvecchio,"['Museo Lapidario', 'Verona Tour', 'Museo Radio', 'San Zeno', 'Sighseeing']",Casa Giulietta,strategy_nearest,False,0.0033159255981445312,success
042ACA3A9C4C81,3,"['Castelvecchio', 'Arena']",Santa Anastasia,"['AMO', 'Museo Conte', 'Palazzo della Ragione', 'Teatro Romano', 'Centro Fotografia']",Duomo,strategy_nearest,False,0.003244161605834961,success
042AC03A9C4C81,4,['Arena'],Casa Giulietta,"['Centro Fotografia', 'Sighseeing', 'Torre Lamberti', 'Museo Conte', 'Museo Radio']",Torre Lamberti,strategy_nearest,True,0.0027780532836914062,success
042AC63A9C4C81,0,['Arena'],Torre Lamberti,"['Sighseeing', 'Centro Fotografia', 'Museo Conte', 'Casa Giulietta', 'Palazzo della Ragione']",Casa Giulietta,strategy_nearest,True,0.003293275833129883,success
042AC83A9C4C81,1,"['Castelvecchio', 'Arena', 'Casa Giulietta']",Torre Lamberti,"['Sighseeing', 'Centro Fotografia', 'Museo Conte', 'Palazzo della Ragione', 'AMO']",Palazzo della Ragione,strategy_nearest,True,0.002680063247680664,success
042ACB3A9C4C80,3,"['Arena', 'Torre Lamberti']",Santa Anastasia,"['AMO', 'Museo Conte', 'Palazzo della Ragione', 'Teatro Romano', 'Centro Fotografia']",Duomo,strategy_nearest,False,0.0028460025787353516,success
042ACF3A9C4C81,3,"['San Fermo', 'Santa Anastasia', 'Duomo', 'Teatro Romano']",Torre Lamberti,"['Sighseeing', 'Centro Fotografia', 'Museo Conte', 'Casa Giulietta', 'Palazzo della Ragione']",San Zeno,strategy_nearest,False,0.0021181106567382812,success
042AD13A9C4C81,3,"['Arena', 'Duomo']",Teatro Romano,"['Santa Anastasia', 'AMO', 'Palazzo della Ragione', 'Museo Conte', 'Centro Fotografia']",Santa Anastasia,strategy_nearest,True,0.0033690929412841797,success
042ACE429C4C81,3,"['Duomo', 'Castelvecchio']",Tomba Giulietta,"['San Fermo', 'Museo Storia', 'Arena', 'Museo Lapidario', 'Museo Radio']",Arena,strategy_nearest,True,0.001641988754272461,success
042ADA3A9C4C80,3,"['Casa Giulietta', 'Santa Anastasia', 'Arena']",San Fermo,"['Museo Storia', 'Museo Radio', 'Centro Fotografia', 'Sighseeing', 'Torre Lamberti']",Teatro Romano,strategy_nearest,False,0.0014262199401855469,success
042AD6429C4C80,3,"['Torre Lamberti', 'Casa Giulietta']",Arena,"['Verona Tour', 'Museo Lapidario', 'Museo Radio', 'San Fermo', 'Sighseeing']",Santa Anastasia,strategy_nearest,False,0.003936052322387695,success
042AD7429C4C81,2,['Tomba Giulietta'],San Fermo,"['Museo Storia', 'Museo Radio', 'Casa Giulietta', 'Centro Fotografia', 'Arena']",Casa Giulietta,strategy_nearest,True,0.002048969268798828,success
042AD33A9C4C80,3,"['Arena', 'Museo Lapidario']",Torre Lamberti,"['Sighseeing', 'Centro Fotografia', 'Museo Conte', 'Casa Giulietta', 'Palazzo della Ragione']",Casa Giulietta,strategy_nearest,True,0.0034050941467285156,success
042AEE3A9C4C80,0,"['Arena', 'Castelvecchio']",Duomo,"['AMO', 'Museo Miniscalchi', 'Santa Anastasia', 'Teatro Romano', 'Palazzo della Ragione']",Torre Lamberti,strategy_nearest,False,0.0021677017211914062,success
042AEC3A9C4C80,3,"['Museo Lapidario', 'Arena', 'San Fermo']",Casa Giulietta,"['Centro Fotografia', 'Sighseeing', 'Torre Lamberti', 'Museo Conte', 'Museo Radio']",Torre Lamberti,strategy_nearest,True,0.0028228759765625,success
042AF13A9C4C80,0,['Arena'],Casa Giulietta,"['Centro Fotografia', 'Sighseeing', 'Torre Lamberti', 'Museo Conte', 'Museo Radio']",Castelvecchio,strategy_nearest,False,0.0032160282135009766,success
042ADB3A9C4C80,1,"['Casa Giulietta', 'Casa Giulietta']",Torre Lamberti,"['Sighseeing', 'Centro Fotografia', 'Museo Conte', 'Palazzo della Ragione', 'AMO']",Arena,strategy_nearest,False,0.0015990734100341797,success
042AF1429C4C80,1,"['Casa Giulietta', 'Arena', 'Castelvecchio']",Santa Anastasia,"['AMO', 'Museo Conte', 'Palazzo della Ragione', 'Teatro Romano', 'Centro Fotografia']",Duomo,strategy_nearest,False,0.003970146179199219,success
042B623A9C4C80,2,"['Santa Anastasia', 'Duomo']",Castelvecchio,"['Museo Lapidario', 'Verona Tour', 'Arena', 'Museo Radio', 'San Zeno']",San Zeno,strategy_nearest,True,0.003164052963256836,success
042AF7429C4C80,3,"['Castelvecchio', 'San Zeno', 'Giardino Giusti', 'Casa Giulietta', 'Santa Anastasia']",Duomo,"['AMO', 'Museo Miniscalchi', 'Teatro Romano', 'Palazzo della Ragione', 'Museo Conte']",Teatro Romano,strategy_nearest,True,0.00144195556640625,success
042AF63A9C4C80,0,['Arena'],Casa Giulietta,"['Centro Fotografia', 'Sighseeing', 'Torre Lamberti', 'Museo Conte', 'Museo Radio']",Torre Lamberti,strategy_nearest,True,0.0021419525146484375,success
042B67429C4C81,2,['Castelvecchio'],Casa Giulietta,"['Centro Fotografia', 'Sighseeing', 'Torre Lamberti', 'Museo Conte', 'Museo Radio']",Torre Lamberti,strategy_nearest,True,0.002151012420654297,success
042B7E3A9C4C80,3,['Arena'],Torre Lamberti,"['Sighseeing', 'Centro Fotografia', 'Museo Conte', 'Casa Giulietta', 'Palazzo della Ragione']",Santa Anastasia,strategy_nearest,False,0.0025529861450195312,success
042B633A9C4C81,0,['Duomo'],Arena,"['Verona Tour', 'Museo Lapidario', 'Museo Radio', 'San Fermo', 'Casa Giulietta']",San Zeno,strategy_nearest,False,0.0013887882232666016,success
042B6A3A9C4C81,2,"['Castelvecchio', 'Casa Giulietta']",Palazzo della Ragione,"['AMO', 'Museo Conte', 'Torre Lamberti', 'Centro Fotografia', 'Sighseeing']",Santa Anastasia,strategy_nearest,False,0.003396749496459961,success
042B7E3A9C4C81,1,"['Arena', 'Torre Lamberti']",Palazzo della Ragione,"['AMO', 'Museo Conte', 'Centro Fotografia', 'Sighseeing', 'Santa Anastasia']",Santa Anastasia,strategy_nearest,True,0.0023000240325927734,success
042B7F429C4C80,0,['Arena'],Castelvecchio,"['Museo Lapidario', 'Verona Tour', 'Museo Radio', 'San Zeno', 'Sighseeing']",Tomba Giulietta,strategy_nearest,False,0.0033388137817382812,success
042B81429C4C81,0,['Arena'],Casa Giulietta,"['Centro Fotografia', 'Sighseeing', 'Torre Lamberti', 'Museo Conte', 'Museo Radio']",Castelvecchio,strategy_nearest,False,0.0020170211791992188,success
042B81429C4C80,0,['Castelvecchio'],Arena,"['Verona Tour', 'Museo Lapidario', 'Museo Radio', 'San Fermo', 'Casa Giulietta']",Casa Giulietta,strategy_nearest,True,0.003367185592651367,success
042B86429C4C81,2,"['Teatro Romano', 'Duomo']",Santa Anastasia,"['AMO', 'Museo Conte', 'Palazzo della Ragione', 'Centro Fotografia', 'Torre Lamberti']",Torre Lamberti,strategy_nearest,True,0.002655029296875,success
042B83429C4C80,0,"['Museo Lapidario', 'Arena']",Casa Giulietta,"['Centro Fotografia', 'Sighseeing', 'Torre Lamberti', 'Museo Conte', 'Museo Radio']",Duomo,strategy_nearest,False,0.003988981246948242,success
042B84429C4C81,0,['Arena'],Casa Giulietta,"['Centro Fotografia', 'Sighseeing', 'Torre Lamberti', 'Museo Conte', 'Museo Radio']",Duomo,strategy_nearest,False,0.002187013626098633,success
042B85429C4C81,3,"['Castelvecchio', 'Arena', 'Tomba Giulietta']",San Fermo,"['Museo Storia', 'Museo Radio', 'Casa Giulietta', 'Centro Fotografia', 'Sighseeing']",Casa Giulietta,strategy_nearest,True,0.0021572113037109375,success
042B873A9C4C81,2,"['Casa Giulietta', 'Casa Giulietta']",Santa Anastasia,"['AMO', 'Museo Conte', 'Palazzo della Ragione', 'Teatro Romano', 'Centro Fotografia']",Duomo,strategy_nearest,False,0.0012669563293457031,success
042B8A3A9C4C81,0,['Arena'],Torre Lamberti,"['Sighseeing', 'Centro Fotografia', 'Museo Conte', 'Casa Giulietta', 'Palazzo della Ragione']",Casa Giulietta,strategy_nearest,True,0.0025179386138916016,success
042B87429C4C80,2,['Casa Giulietta'],Torre Lamberti,"['Sighseeing', 'Centro Fotografia', 'Museo Conte', 'Palazzo della Ragione', 'AMO']",Santa Anastasia,strategy_nearest,False,0.0020380020141601562,success
042B8D4A9C4C80,2,['Casa Giulietta'],Duomo,"['AMO', 'Museo Miniscalchi', 'Santa Anastasia', 'Teatro Romano', 'Palazzo della Ragione']",Tomba Giulietta,strategy_nearest,False,0.0034198760986328125,success
042B8D4A9C4C81,0,['Arena'],Torre Lamberti,"['Sighseeing', 'Centro Fotografia', 'Museo Conte', 'Casa Giulietta', 'Palazzo della Ragione']",Castelvecchio,strategy_nearest,False,0.0028460025787353516,success
042B91429C4C81,3,['Arena'],Castelvecchio,"['Museo Lapidario', 'Verona Tour', 'Museo Radio', 'San Zeno', 'Sighseeing']",Santa Anastasia,strategy_nearest,False,0.002445697784423828,success
042B904A9C4C80,2,['Casa Giulietta'],Teatro Romano,"['Santa Anastasia', 'Duomo', 'AMO', 'Palazzo della Ragione', 'Museo Conte']",Torre Lamberti,strategy_nearest,False,0.0026750564575195312,success
042B9A429C4C80,1,"['Arena', 'Castelvecchio']",Torre Lamberti,"['Sighseeing', 'Centro Fotografia', 'Museo Conte', 'Casa Giulietta', 'Palazzo della Ragione']",Palazzo della Ragione,strategy_nearest,True,0.0017158985137939453,success
042B97429C4C81,3,['Arena'],Duomo,"['AMO', 'Museo Miniscalchi', 'Santa Anastasia', 'Teatro Romano', 'Palazzo della Ragione']",Santa Anastasia,strategy_nearest,True,0.0036711692810058594,success
042B9A429C4C81,0,['Arena'],Casa Giulietta,"['Centro Fotografia', 'Sighseeing', 'Torre Lamberti', 'Museo Conte', 'Museo Radio']",Santa Anastasia,strategy_nearest,False,0.002635955810546875,success
042B9B429C4C80,3,"['Teatro Romano', 'Santa Anastasia']",Duomo,"['AMO', 'Museo Miniscalchi', 'Palazzo della Ragione', 'Museo Conte', 'Torre Lamberti']",Casa Giulietta,strategy_nearest,False,0.002917051315307617,success
042B9C429C4C80,3,['Arena'],San Fermo,"['Museo Storia', 'Museo Radio', 'Casa Giulietta', 'Centro Fotografia', 'Sighseeing']",Santa Anastasia,strategy_nearest,False,0.0031380653381347656,success
042B9E429C4C81,0,['Arena'],Castelvecchio,"['Museo Lapidario', 'Verona Tour', 'Museo Radio', 'San Zeno', 'Sighseeing']",Casa Giulietta,strategy_nearest,False,0.0022268295288085938,success
042B9E4A9C4C81,0,['Castelvecchio'],Arena,"['Verona Tour', 'Museo Lapidario', 'Museo Radio', 'San Fermo', 'Casa Giulietta']",Casa Giulietta,strategy_nearest,True,0.0034618377685546875,success
042B9F4A9C4C80,3,"['Tomba Giulietta', 'Arena', 'Castelvecchio']",Duomo,"['AMO', 'Museo Miniscalchi', 'Santa Anastasia', 'Teatro Romano', 'Palazzo della Ragione']",Teatro Romano,strategy_nearest,True,0.0023469924926757812,success
042BA04A9C4C80,1,['Arena'],Palazzo della Ragione,"['AMO', 'Museo Conte', 'Torre Lamberti', 'Centro Fotografia', 'Sighseeing']",Duomo,strategy_nearest,False,0.0018570423126220703,success
042BA44A9C4C81,1,"['Arena', 'Casa Giulietta']",Palazzo della Ragione,"['AMO', 'Museo Conte', 'Torre Lamberti', 'Centro Fotografia', 'Sighseeing']",Torre Lamberti,strategy_nearest,True,0.002588033676147461,success
042BA53A9C4C81,2,"['Tomba Giulietta', 'Castelvecchio', 'Casa Giulietta']",Torre Lamberti,"['Sighseeing', 'Centro Fotografia', 'Museo Conte', 'Palazzo della Ragione', 'AMO']",Santa Anastasia,strategy_nearest,False,0.0026159286499023438,success
042BA8429C4C80,1,"['Arena', 'Casa Giulietta']",Palazzo della Ragione,"['AMO', 'Museo Conte', 'Torre Lamberti', 'Centro Fotografia', 'Sighseeing']",Santa Anastasia,strategy_nearest,False,0.0032567977905273438,success
042BA84A9C4C81,0,['Arena'],Castelvecchio,"['Museo Lapidario', 'Verona Tour', 'Museo Radio', 'San Zeno', 'Sighseeing']",Torre Lamberti,strategy_nearest,False,0.002567291259765625,success
042BAC3A9C4C81,3,"['Arena', 'Casa Giulietta']",Torre Lamberti,"['Sighseeing', 'Centro Fotografia', 'Museo Conte', 'Palazzo della Ragione', 'AMO']",Santa Anastasia,strategy_nearest,False,0.0026917457580566406,success
042BAF3A9C4C80,3,"['Arena', 'Casa Giulietta']",Torre Lamberti,"['Sighseeing', 'Centro Fotografia', 'Museo Conte', 'Palazzo della Ragione', 'AMO']",Santa Anastasia,strategy_nearest,False,0.003360748291015625,success
042BB03A9C4C81,1,"['Tomba Giulietta', 'Arena', 'Casa Giulietta']",Torre Lamberti,"['Sighseeing', 'Centro Fotografia', 'Museo Conte', 'Palazzo della Ragione', 'AMO']",Palazzo della Ragione,strategy_nearest,True,0.002341747283935547,success
042BAE3A9C4C81,2,['Santa Anastasia'],Duomo,"['AMO', 'Museo Miniscalchi', 'Teatro Romano', 'Palazzo della Ragione', 'Museo Conte']",San Zeno,strategy_nearest,False,0.002964019775390625,success
042BB43A9C4C80,3,"['Castelvecchio', 'Arena']",Santa Anastasia,"['AMO', 'Museo Conte', 'Palazzo della Ragione', 'Teatro Romano', 'Centro Fotografia']",Teatro Romano,strategy_nearest,True,0.0027942657470703125,success
042BB5429C4C80,2,"['Santa Anastasia', 'Duomo']",Casa Giulietta,"['Centro Fotografia', 'Sighseeing', 'Torre Lamberti', 'Museo Conte', 'Museo Radio']",Torre Lamberti,strategy_nearest,True,0.002641916275024414,success
042BBB429C4C81,3,"['Castelvecchio', 'Torre Lamberti']",Santa Anastasia,"['AMO', 'Museo Conte', 'Palazzo della Ragione', 'Teatro Romano', 'Centro Fotografia']",Duomo,strategy_nearest,False,0.0013508796691894531,success
042BB6429C4C80,2,"['Teatro Romano', 'Duomo']",Torre Lamberti,"['Sighseeing', 'Centro Fotografia', 'Museo Conte', 'Casa Giulietta', 'Palazzo della Ragione']",Casa Giulietta,strategy_nearest,True,0.003407001495361328,success
042BBC429C4C80,3,['Arena'],Castelvecchio,"['Museo Lapidario', 'Verona Tour', 'Museo Radio', 'San Zeno', 'Sighseeing']",Santa Anastasia,strategy_nearest,False,0.0033130645751953125,success
042BBD3A9C4C81,3,['Arena'],Casa Giulietta,"['Centro Fotografia', 'Sighseeing', 'Torre Lamberti', 'Museo Conte', 'Museo Radio']",Santa Anastasia,strategy_nearest,False,0.0016469955444335938,success
042BBD429C4C80,0,['Arena'],Casa Giulietta,"['Centro Fotografia', 'Sighseeing', 'Torre Lamberti', 'Museo Conte', 'Museo Radio']",Torre Lamberti,strategy_nearest,True,0.002621889114379883,success
042BBF3A9C4C80,0,['Arena'],Casa Giulietta,"['Centro Fotografia', 'Sighseeing', 'Torre Lamberti', 'Museo Conte', 'Museo Radio']",Torre Lamberti,strategy_nearest,True,0.0024063587188720703,success
042BBF3A9C4C81,0,['Arena'],Torre Lamberti,"['Sighseeing', 'Centro Fotografia', 'Museo Conte', 'Casa Giulietta', 'Palazzo della Ragione']",Casa Giulietta,strategy_nearest,True,0.003323078155517578,success
042BC4429C4C81,0,['Arena'],Casa Giulietta,"['Centro Fotografia', 'Sighseeing', 'Torre Lamberti', 'Museo Conte', 'Museo Radio']",Castelvecchio,strategy_nearest,False,0.0032329559326171875,success
042BC63A9C4C80,0,['Arena'],Casa Giulietta,"['Centro Fotografia', 'Sighseeing', 'Torre Lamberti', 'Museo Conte', 'Museo Radio']",Castelvecchio,strategy_nearest,False,0.002354145050048828,success
042BCA3A9C4C80,1,"['Duomo', 'Arena', 'San Fermo']",Torre Lamberti,"['Sighseeing', 'Centro Fotografia', 'Museo Conte', 'Casa Giulietta', 'Palazzo della Ragione']",Palazzo della Ragione,strategy_nearest,True,0.0036029815673828125,success
042BCB3A9C4C81,2,['Casa Giulietta'],Torre Lamberti,"['Sighseeing', 'Centro Fotografia', 'Museo Conte', 'Palazzo della Ragione', 'AMO']",Santa Anastasia,strategy_nearest,False,0.0026891231536865234,success
042BCA3A9C4C81,3,"['Arena', 'Casa Giulietta']",Torre Lamberti,"['Sighseeing', 'Centro Fotografia', 'Museo Conte', 'Palazzo della Ragione', 'AMO']",Santa Anastasia,strategy_nearest,False,0.0032176971435546875,success
042BCF3A9C4C81,3,"['Casa Giulietta', 'San Fermo', 'Torre Lamberti']",Duomo,"['AMO', 'Museo Miniscalchi', 'Santa Anastasia', 'Teatro Romano', 'Palazzo della Ragione']",Castelvecchio,strategy_nearest,False,0.004338979721069336,success
042BDF429C4C80,3,['Arena'],Torre Lamberti,"['Sighseeing', 'Centro Fotografia', 'Museo Conte', 'Casa Giulietta', 'Palazzo della Ragione']",Casa Giulietta,strategy_nearest,True,0.0027840137481689453,success
042BEC429C4C80,3,"['Arena', 'Torre Lamberti', 'Santa Anastasia']",Duomo,"['AMO', 'Museo Miniscalchi', 'Teatro Romano', 'Palazzo della Ragione', 'Museo Conte']",Teatro Romano,strategy_nearest,True,0.0031511783599853516,success
042BD33A9C4C81,2,['Teatro Romano'],Giardino Giusti,"['Santa Anastasia', 'Museo Conte', 'Centro Fotografia', 'Museo Storia', 'AMO']",Torre Lamberti,strategy_nearest,False,0.001967191696166992,success
042BF83A9C4C80,0,['Casa Giulietta'],Santa Anastasia,"['AMO', 'Museo Conte', 'Palazzo della Ragione', 'Teatro Romano', 'Centro Fotografia']",Arena,strategy_nearest,False,0.0034058094024658203,success
042BFC3A9C4C80,3,"['Arena', 'Casa Giulietta']",Santa Anastasia,"['AMO', 'Museo Conte', 'Palazzo della Ragione', 'Teatro Romano', 'Centro Fotografia']",Duomo,strategy_nearest,False,0.0026841163635253906,success
042BF93A9C4C80,2,"['Casa Giulietta', 'Torre Lamberti']",San Zeno,"['Castelvecchio', 'Verona Tour', 'Museo Lapidario', 'Arena', 'Museo Miniscalchi']",Santa Anastasia,strategy_nearest,False,0.0015499591827392578,success
042BF43A9C4C80,0,['Casa Giulietta'],Torre Lamberti,"['Sighseeing', 'Centro Fotografia', 'Museo Conte', 'Palazzo della Ragione', 'AMO']",Arena,strategy_nearest,False,0.002240896224975586,success
042C6D429C4C80,1,['Torre Lamberti'],Palazzo della Ragione,"['AMO', 'Museo Conte', 'Centro Fotografia', 'Sighseeing', 'Santa Anastasia']",Arena,strategy_nearest,False,0.0014081001281738281,success
042C563A9C4C80,2,['Casa Giulietta'],Santa Anastasia,"['AMO', 'Museo Conte', 'Palazzo della Ragione', 'Teatro Romano', 'Centro Fotografia']",Teatro Romano,strategy_nearest,True,0.002736806869506836,success
042C50429C4C80,2,['Duomo'],Castelvecchio,"['Museo Lapidario', 'Verona Tour', 'Arena', 'Museo Radio', 'San Zeno']",Castelvecchio,strategy_nearest,False,0.0034177303314208984,success
042C4E429C4C80,1,"['Arena', 'Casa Giulietta', 'Torre Lamberti', 'Palazzo della Ragione']",Teatro Romano,"['Santa Anastasia', 'Duomo', 'AMO', 'Museo Conte', 'Centro Fotografia']",Castelvecchio,strategy_nearest,False,0.0022363662719726562,success
042C6E3A9C4C81,3,"['Castelvecchio', 'San Fermo']",Casa Giulietta,"['Centro Fotografia', 'Sighseeing', 'Torre Lamberti', 'Museo Conte', 'Museo Radio']",Arena,strategy_nearest,False,0.003383636474609375,success
042C76429C4C80,3,['Arena'],Torre Lamberti,"['Sighseeing', 'Centro Fotografia', 'Museo Conte', 'Casa Giulietta', 'Palazzo della Ragione']",Casa Giulietta,strategy_nearest,True,0.0021839141845703125,success
042C794A9C4C81,3,"['Torre Lamberti', 'Santa Anastasia', 'Casa Giulietta']",Giardino Giusti,"['Teatro Romano', 'Museo Conte', 'Centro Fotografia', 'Museo Storia', 'AMO']",Arena,strategy_nearest,False,0.0032379627227783203,success
042C78429C4C81,2,"['San Fermo', 'Casa Giulietta', 'Torre Lamberti']",Torre Lamberti,"['Sighseeing', 'Centro Fotografia', 'Museo Conte', 'Palazzo della Ragione', 'AMO']",Santa Anastasia,strategy_nearest,False,0.002157926559448242,success
042C7F429C4C80,0,['Arena'],Casa Giulietta,"['Centro Fotografia', 'Sighseeing', 'Torre Lamberti', 'Museo Conte', 'Museo Radio']",Torre Lamberti,strategy_nearest,True,0.0037801265716552734,success
042C7F429C4C81,2,['Casa Giulietta'],Torre Lamberti,"['Sighseeing', 'Centro Fotografia', 'Museo Conte', 'Palazzo della Ragione', 'AMO']",Tomba Giulietta,strategy_nearest,False,0.0021440982818603516,success
042C7C3A9C4C81,0,['Arena'],Castelvecchio,"['Museo Lapidario', 'Verona Tour', 'Museo Radio', 'San Zeno', 'Sighseeing']",Teatro Romano,strategy_nearest,False,0.0021588802337646484,success
042C813A9C4C80,3,['Arena'],Torre Lamberti,"['Sighseeing', 'Centro Fotografia', 'Museo Conte', 'Casa Giulietta', 'Palazzo della Ragione']",Santa Anastasia,strategy_nearest,False,0.0037391185760498047,success
042C833A9C4C81,0,['Arena'],Torre Lamberti,"['Sighseeing', 'Centro Fotografia', 'Museo Conte', 'Casa Giulietta', 'Palazzo della Ragione']",Casa Giulietta,strategy_nearest,True,0.003248929977416992,success
042C82429C4C81,0,['Museo Lapidario'],Arena,"['Verona Tour', 'Museo Radio', 'San Fermo', 'Casa Giulietta', 'Sighseeing']",Castelvecchio,strategy_nearest,False,0.0022127628326416016,success
042C81429C4C80,0,['Casa Giulietta'],San Fermo,"['Museo Storia', 'Museo Radio', 'Centro Fotografia', 'Arena', 'Sighseeing']",Arena,strategy_nearest,True,0.0023398399353027344,success
042C81429C4C81,2,"['Casa Giulietta', 'Museo Storia']",Castelvecchio,"['Museo Lapidario', 'Verona Tour', 'Arena', 'Museo Radio', 'San Zeno']",Torre Lamberti,strategy_nearest,False,0.0028657913208007812,success
042C853A9C4C81,3,"['Arena', 'Torre Lamberti']",Duomo,"['AMO', 'Museo Miniscalchi', 'Santa Anastasia', 'Teatro Romano', 'Palazzo della Ragione']",Teatro Romano,strategy_nearest,True,0.0017857551574707031,success
042C854A9C4C80,3,['Arena'],San Zeno,"['Castelvecchio', 'Verona Tour', 'Museo Lapidario', 'Museo Miniscalchi', 'Sighseeing']",Santa Anastasia,strategy_nearest,False,0.0020570755004882812,success
042C85429C4C80,2,['Casa Giulietta'],Duomo,"['AMO', 'Museo Miniscalchi', 'Santa Anastasia', 'Teatro Romano', 'Palazzo della Ragione']",Castelvecchio,strategy_nearest,False,0.00298309326171875,success
042C85429C4C81,1,"['Casa Giulietta', 'Torre Lamberti']",Palazzo della Ragione,"['AMO', 'Museo Conte', 'Centro Fotografia', 'Sighseeing', 'Santa Anastasia']",Arena,strategy_nearest,False,0.0035219192504882812,success
042C88429C4C81,3,"['Arena', 'Torre Lamberti']",Santa Anastasia,"['AMO', 'Museo Conte', 'Palazzo della Ragione', 'Teatro Romano', 'Centro Fotografia']",Duomo,strategy_nearest,False,0.0020821094512939453,success
042C87429C4C81,3,"['Castelvecchio', 'Arena', 'Casa Giulietta']",Torre Lamberti,"['Sighseeing', 'Centro Fotografia', 'Museo Conte', 'Palazzo della Ragione', 'AMO']",Santa Anastasia,strategy_nearest,False,0.0013117790222167969,success
042C894A9C4C81,0,"['Museo Lapidario', 'Museo Lapidario', 'Arena']",Casa Giulietta,"['Centro Fotografia', 'Sighseeing', 'Torre Lamberti', 'Museo Conte', 'Museo Radio']",San Fermo,strategy_nearest,False,0.0026099681854248047,success
042C8A429C4C80,0,"['Arena', 'Casa Giulietta']",Torre Lamberti,"['Sighseeing', 'Centro Fotografia', 'Museo Conte', 'Palazzo della Ragione', 'AMO']",Castelvecchio,strategy_nearest,False,0.003551959991455078,success
042C8E4A9C4C81,3,"['Arena', 'Torre Lamberti']",Duomo,"['AMO', 'Museo Miniscalchi', 'Santa Anastasia', 'Teatro Romano', 'Palazzo della Ragione']",Teatro Romano,strategy_nearest,True,0.0018150806427001953,success
042C8F429C4C80,0,['Arena'],Casa Giulietta,"['Centro Fotografia', 'Sighseeing', 'Torre Lamberti', 'Museo Conte', 'Museo Radio']",Torre Lamberti,strategy_nearest,True,0.0023059844970703125,success
042C8E429C4C80,3,['Arena'],Torre Lamberti,"['Sighseeing', 'Centro Fotografia', 'Museo Conte', 'Casa Giulietta', 'Palazzo della Ragione']",Santa Anastasia,strategy_nearest,False,0.003406047821044922,success
042C8F4A9C4C80,0,['Arena'],Castelvecchio,"['Museo Lapidario', 'Verona Tour', 'Museo Radio', 'San Zeno', 'Sighseeing']",Casa Giulietta,strategy_nearest,False,0.0028650760650634766,success
042C9A429C4C80,1,"['Arena', 'Casa Giulietta']",Torre Lamberti,"['Sighseeing', 'Centro Fotografia', 'Museo Conte', 'Palazzo della Ragione', 'AMO']",Palazzo della Ragione,strategy_nearest,True,0.0016050338745117188,success
042C904A9C4C80,3,"['Arena', 'Torre Lamberti']",Santa Anastasia,"['AMO', 'Museo Conte', 'Palazzo della Ragione', 'Teatro Romano', 'Centro Fotografia']",Duomo,strategy_nearest,False,0.0030820369720458984,success
042C934A9C4C81,0,['Arena'],Teatro Romano,"['Santa Anastasia', 'Duomo', 'AMO', 'Palazzo della Ragione', 'Museo Conte']",Casa Giulietta,strategy_nearest,False,0.0025720596313476562,success
042C9F4A9C4C81,3,"['Arena', 'Casa Giulietta']",Torre Lamberti,"['Sighseeing', 'Centro Fotografia', 'Museo Conte', 'Palazzo della Ragione', 'AMO']",Santa Anastasia,strategy_nearest,False,0.0024521350860595703,success
042C9C4A9C4C81,0,"['Museo Lapidario', 'Arena']",Casa Giulietta,"['Centro Fotografia', 'Sighseeing', 'Torre Lamberti', 'Museo Conte', 'Museo Radio']",Torre Lamberti,strategy_nearest,True,0.0024979114532470703,success
042C9F429C4C80,0,['Castelvecchio'],Casa Giulietta,"['Centro Fotografia', 'Sighseeing', 'Torre Lamberti', 'Museo Conte', 'Museo Radio']",Teatro Romano,strategy_nearest,False,0.0025568008422851562,success
042CA44A9C4C80,0,"['Castelvecchio', 'Arena']",Torre Lamberti,"['Sighseeing', 'Centro Fotografia', 'Museo Conte', 'Casa Giulietta', 'Palazzo della Ragione']",Casa Giulietta,strategy_nearest,True,0.0027430057525634766,success
042CA14A9C4C81,2,"['Torre Lamberti', 'Casa Giulietta', 'San Fermo']",Santa Anastasia,"['AMO', 'Museo Conte', 'Palazzo della Ragione', 'Teatro Romano', 'Centro Fotografia']",Teatro Romano,strategy_nearest,True,0.0032351016998291016,success
042CA64A9C4C80,0,['Arena'],Casa Giulietta,"['Centro Fotografia', 'Sighseeing', 'Torre Lamberti', 'Museo Conte', 'Museo Radio']",Torre Lamberti,strategy_nearest,True,0.0021088123321533203,success
042CA94A9C4C80,3,"['San Fermo', 'Arena', 'Museo Lapidario', 'Casa Giulietta']",Torre Lamberti,"['Sighseeing', 'Centro Fotografia', 'Museo Conte', 'Palazzo della Ragione', 'AMO']",Santa Anastasia,strategy_nearest,False,0.0033271312713623047,success
042CAE3A9C4C80,3,"['Arena', 'Santa Anastasia']",Castelvecchio,"['Museo Lapidario', 'Verona Tour', 'Museo Radio', 'San Zeno', 'Sighseeing']",Teatro Romano,strategy_nearest,False,0.0013799667358398438,success
042CAC429C4C80,0,['Arena'],Torre Lamberti,"['Sighseeing', 'Centro Fotografia', 'Museo Conte', 'Casa Giulietta', 'Palazzo della Ragione']",Castelvecchio,strategy_nearest,False,0.002232074737548828,success
042CAC3A9C4C80,0,['Arena'],Torre Lamberti,"['Sighseeing', 'Centro Fotografia', 'Museo Conte', 'Casa Giulietta', 'Palazzo della Ragione']",Casa Giulietta,strategy_nearest,True,0.0036182403564453125,success
042CB23A9C4C80,3,['Arena'],Castelvecchio,"['Museo Lapidario', 'Verona Tour', 'Museo Radio', 'San Zeno', 'Sighseeing']",San Zeno,strategy_nearest,True,0.0034797191619873047,success
042CB73A9C4C81,1,"['Arena', 'Casa Giulietta']",Torre Lamberti,"['Sighseeing', 'Centro Fotografia', 'Museo Conte', 'Palazzo della Ragione', 'AMO']",Palazzo della Ragione,strategy_nearest,True,0.0024518966674804688,success
042CB63A9C4C80,0,['Arena'],San Fermo,"['Museo Storia', 'Museo Radio', 'Casa Giulietta', 'Centro Fotografia', 'Sighseeing']",Casa Giulietta,strategy_nearest,True,0.0031397342681884766,success
042CB7429C4C80,3,"['Teatro Romano', 'Casa Giulietta', 'Arena']",Castelvecchio,"['Museo Lapidario', 'Verona Tour', 'Museo Radio', 'San Zeno', 'Sighseeing']",San Fermo,strategy_nearest,False,0.003398895263671875,success
042CB93A9C4C80,3,['Arena'],Santa Anastasia,"['AMO', 'Museo Conte', 'Palazzo della Ragione', 'Teatro Romano', 'Centro Fotografia']",Duomo,strategy_nearest,False,0.0034749507904052734,success
042CBA429C4C81,3,"['Castelvecchio', 'Casa Giulietta']",Tomba Giulietta,"['San Fermo', 'Museo Storia', 'Arena', 'Museo Lapidario', 'Museo Radio']",Arena,strategy_nearest,True,0.002382993698120117,success
042CBD3A9C4C80,1,"['Arena', 'Torre Lamberti']",Palazzo della Ragione,"['AMO', 'Museo Conte', 'Centro Fotografia', 'Sighseeing', 'Santa Anastasia']",Casa Giulietta,strategy_nearest,False,0.001950979232788086,success
042CBB429C4C81,0,['Castelvecchio'],Torre Lamberti,"['Sighseeing', 'Centro Fotografia', 'Museo Conte', 'Casa Giulietta', 'Palazzo della Ragione']",Teatro Romano,strategy_nearest,False,0.002691984176635742,success
042CBF429C4C81,0,['Arena'],Casa Giulietta,"['Centro Fotografia', 'Sighseeing', 'Torre Lamberti', 'Museo Conte', 'Museo Radio']",Torre Lamberti,strategy_nearest,True,0.0031850337982177734,success
042CBF3A9C4C80,2,"['Casa Giulietta', 'Santa Anastasia']",Teatro Romano,"['Duomo', 'AMO', 'Palazzo della Ragione', 'Museo Conte', 'Centro Fotografia']",Duomo,strategy_nearest,True,0.002557039260864258,success
042CC03A9C4C80,2,"['Casa Giulietta', 'Torre Lamberti']",Santa Anastasia,"['AMO', 'Museo Conte', 'Palazzo della Ragione', 'Teatro Romano', 'Centro Fotografia']",Duomo,strategy_nearest,False,0.002489805221557617,success
042CBF3A9C4C81,0,"['Arena', 'Castelvecchio']",Casa Giulietta,"['Centro Fotografia', 'Sighseeing', 'Torre Lamberti', 'Museo Conte', 'Museo Radio']",Torre Lamberti,strategy_nearest,True,0.0027921199798583984,success
042CC43A9C4C80,2,['Castelvecchio'],Casa Giulietta,"['Centro Fotografia', 'Sighseeing', 'Torre Lamberti', 'Museo Conte', 'Museo Radio']",Torre Lamberti,strategy_nearest,True,0.0022430419921875,success
042CC63A9C4C80,0,['Museo Lapidario'],Arena,"['Verona Tour', 'Museo Radio', 'San Fermo', 'Casa Giulietta', 'Sighseeing']",Casa Giulietta,strategy_nearest,True,0.0016009807586669922,success
042CC2429C4C81,3,"['Torre Lamberti', 'Arena']",Castelvecchio,"['Museo Lapidario', 'Verona Tour', 'Museo Radio', 'San Zeno', 'Sighseeing']",Duomo,strategy_nearest,False,0.0028989315032958984,success
042CCA3A9C4C80,1,"['Duomo', 'Arena', 'San Fermo']",Torre Lamberti,"['Sighseeing', 'Centro Fotografia', 'Museo Conte', 'Casa Giulietta', 'Palazzo della Ragione']",Palazzo della Ragione,strategy_nearest,True,0.003301858901977539,success
042CD43A9C4C81,0,['Arena'],Casa Giulietta,"['Centro Fotografia', 'Sighseeing', 'Torre Lamberti', 'Museo Conte', 'Museo Radio']",Torre Lamberti,strategy_nearest,True,0.002499103546142578,success
042CCD3A9C4C80,2,['Castelvecchio'],Santa Anastasia,"['AMO', 'Museo Conte', 'Palazzo della Ragione', 'Teatro Romano', 'Centro Fotografia']",Duomo,strategy_nearest,False,0.0013499259948730469,success
042CCC3A9C4C81,0,['Torre Lamberti'],Casa Giulietta,"['Centro Fotografia', 'Sighseeing', 'Museo Conte', 'Museo Radio', 'Palazzo della Ragione']",Arena,strategy_nearest,False,0.0025968551635742188,success
042CD73A9C4C81,2,['Santa Anastasia'],Torre Lamberti,"['Sighseeing', 'Centro Fotografia', 'Museo Conte', 'Casa Giulietta', 'Palazzo della Ragione']",Giardino Giusti,strategy_nearest,False,0.0033528804779052734,success
042CDC429C4C80,2,"['Teatro Romano', 'Castelvecchio', 'San Zeno', 'Torre Lamberti']",Duomo,"['AMO', 'Museo Miniscalchi', 'Santa Anastasia', 'Palazzo della Ragione', 'Museo Conte']",Santa Anastasia,strategy_nearest,True,0.0016560554504394531,success
042CEC3A9C4C80,0,['Arena'],Casa Giulietta,"['Centro Fotografia', 'Sighseeing', 'Torre Lamberti', 'Museo Conte', 'Museo Radio']",Duomo,strategy_nearest,False,0.0019750595092773438,success
042CE7429C4C80,1,"['Arena', 'Castelvecchio']",San Zeno,"['Verona Tour', 'Museo Lapidario', 'Museo Miniscalchi', 'Sighseeing', 'Museo Radio']",Teatro Romano,strategy_nearest,False,0.0026252269744873047,success
042CF03A9C4C80,0,['Arena'],Casa Giulietta,"['Centro Fotografia', 'Sighseeing', 'Torre Lamberti', 'Museo Conte', 'Museo Radio']",Torre Lamberti,strategy_nearest,True,0.0031709671020507812,success
042CF23A9C4C80,0,['Arena'],Castelvecchio,"['Museo Lapidario', 'Verona Tour', 'Museo Radio', 'San Zeno', 'Sighseeing']",Teatro Romano,strategy_nearest,False,0.0032091140747070312,success
042CF33A9C4C80,2,['Casa Giulietta'],Santa Anastasia,"['AMO', 'Museo Conte', 'Palazzo della Ragione', 'Teatro Romano', 'Centro Fotografia']",Duomo,strategy_nearest,False,0.002360820770263672,success
042CF73A9C4C80,0,['Arena'],Castelvecchio,"['Museo Lapidario', 'Verona Tour', 'Museo Radio', 'San Zeno', 'Sighseeing']",Casa Giulietta,strategy_nearest,False,0.002858877182006836,success
042D533A9C4C80,2,['Torre Lamberti'],Duomo,"['AMO', 'Museo Miniscalchi', 'Santa Anastasia', 'Teatro Romano', 'Palazzo della Ragione']",Castelvecchio,strategy_nearest,False,0.0031638145446777344,success
042D3A429C4C80,6,"['Torre Lamberti', 'Casa Giulietta', 'Arena']",Verona Tour,"['Museo Lapidario', 'Castelvecchio', 'Museo Radio', 'Sighseeing', 'San Fermo']",Castelvecchio,strategy_nearest,True,0.0021250247955322266,success
042CF93A9C4C80,0,"['Tomba Giulietta', 'Arena']",Torre Lamberti,"['Sighseeing', 'Centro Fotografia', 'Museo Conte', 'Casa Giulietta', 'Palazzo della Ragione']",Casa Giulietta,strategy_nearest,True,0.003367185592651367,success
042D543A9C4C80,2,['San Fermo'],Casa Giulietta,"['Centro Fotografia', 'Sighseeing', 'Torre Lamberti', 'Museo Conte', 'Museo Radio']",Santa Anastasia,strategy_nearest,False,0.002928018569946289,success
042D69429C4C81,0,['Tomba Giulietta'],Arena,"['Verona Tour', 'Museo Lapidario', 'Museo Radio', 'San Fermo', 'Casa Giulietta']",Casa Giulietta,strategy_nearest,True,0.004251956939697266,success
042D56429C4C80,1,"['Casa Giulietta', 'Arena']",Museo Lapidario,"['Verona Tour', 'Castelvecchio', 'Museo Radio', 'San Fermo', 'Tomba Giulietta']",Torre Lamberti,strategy_nearest,False,0.0023229122161865234,success
042D6D429C4C80,3,"['Arena', 'Castelvecchio']",Santa Anastasia,"['AMO', 'Museo Conte', 'Palazzo della Ragione', 'Teatro Romano', 'Centro Fotografia']",Teatro Romano,strategy_nearest,True,0.002054929733276367,success
042D6B429C4C80,0,"['Museo Lapidario', 'Arena']",Casa Giulietta,"['Centro Fotografia', 'Sighseeing', 'Torre Lamberti', 'Museo Conte', 'Museo Radio']",Duomo,strategy_nearest,False,0.0028448104858398438,success
042D70429C4C81,3,"['Arena', 'Duomo']",Teatro Romano,"['Santa Anastasia', 'AMO', 'Palazzo della Ragione', 'Museo Conte', 'Centro Fotografia']",Giardino Giusti,strategy_nearest,False,0.002202272415161133,success
042D753A9C4C80,3,"['Arena', 'Museo Lapidario']",San Fermo,"['Museo Storia', 'Museo Radio', 'Casa Giulietta', 'Centro Fotografia', 'Sighseeing']",Teatro Romano,strategy_nearest,False,0.001577138900756836,success
042D76429C4C80,3,"['Tomba Giulietta', 'Arena', 'Casa Giulietta']",Torre Lamberti,"['Sighseeing', 'Centro Fotografia', 'Museo Conte', 'Palazzo della Ragione', 'AMO']",Teatro Romano,strategy_nearest,False,0.0028040409088134766,success
042D784A9C4C80,0,['Arena'],Casa Giulietta,"['Centro Fotografia', 'Sighseeing', 'Torre Lamberti', 'Museo Conte', 'Museo Radio']",Torre Lamberti,strategy_nearest,True,0.0032739639282226562,success
042D7B429C4C81,0,"['Arena', 'San Fermo']",Torre Lamberti,"['Sighseeing', 'Centro Fotografia', 'Museo Conte', 'Casa Giulietta', 'Palazzo della Ragione']",Casa Giulietta,strategy_nearest,True,0.0034759044647216797,success
042D7B429C4C80,0,['Arena'],San Fermo,"['Museo Storia', 'Museo Radio', 'Casa Giulietta', 'Centro Fotografia', 'Sighseeing']",Teatro Romano,strategy_nearest,False,0.002240896224975586,success
042D7C4A9C4C81,0,"['Castelvecchio', 'Casa Giulietta']",Arena,"['Verona Tour', 'Museo Lapidario', 'Museo Radio', 'San Fermo', 'Sighseeing']",Teatro Romano,strategy_nearest,False,0.0015568733215332031,success
042D794A9C4C81,0,"['Arena', 'Museo Lapidario']",Castelvecchio,"['Verona Tour', 'Museo Radio', 'San Zeno', 'Sighseeing', 'Museo Miniscalchi']",Teatro Romano,strategy_nearest,False,0.004094839096069336,success
042D7D429C4C81,1,"['Arena', 'Casa Giulietta']",Torre Lamberti,"['Sighseeing', 'Centro Fotografia', 'Museo Conte', 'Palazzo della Ragione', 'AMO']",Palazzo della Ragione,strategy_nearest,True,0.003323793411254883,success
042D81429C4C81,3,"['Arena', 'Casa Giulietta']",Torre Lamberti,"['Sighseeing', 'Centro Fotografia', 'Museo Conte', 'Palazzo della Ragione', 'AMO']",Santa Anastasia,strategy_nearest,False,0.003767728805541992,success
042D803A9C4C81,3,"['Arena', 'Santa Anastasia']",Torre Lamberti,"['Sighseeing', 'Centro Fotografia', 'Museo Conte', 'Casa Giulietta', 'Palazzo della Ragione']",Casa Giulietta,strategy_nearest,True,0.0026950836181640625,success
042D81429C4C80,0,['Casa Giulietta'],Arena,"['Verona Tour', 'Museo Lapidario', 'Museo Radio', 'San Fermo', 'Sighseeing']",Tomba Giulietta,strategy_nearest,False,0.0018458366394042969,success
042D85429C4C80,3,"['Casa Giulietta', 'Teatro Romano', 'Duomo']",Torre Lamberti,"['Sighseeing', 'Centro Fotografia', 'Museo Conte', 'Palazzo della Ragione', 'AMO']",Arena,strategy_nearest,False,0.0021839141845703125,success
042D82429C4C80,0,['Casa Giulietta'],Torre Lamberti,"['Sighseeing', 'Centro Fotografia', 'Museo Conte', 'Palazzo della Ragione', 'AMO']",Tomba Giulietta,strategy_nearest,False,0.0030820369720458984,success
042D84429C4C81,3,"['Casa Giulietta', 'San Fermo']",Torre Lamberti,"['Sighseeing', 'Centro Fotografia', 'Museo Conte', 'Palazzo della Ragione', 'AMO']",Santa Anastasia,strategy_nearest,False,0.0036301612854003906,success
042D83429C4C81,3,"['Duomo', 'Teatro Romano']",Santa Anastasia,"['AMO', 'Museo Conte', 'Palazzo della Ragione', 'Centro Fotografia', 'Torre Lamberti']",Casa Giulietta,strategy_nearest,False,0.0018019676208496094,success
042D894A9C4C81,3,"['Casa Giulietta', 'Arena', 'Duomo']",San Fermo,"['Museo Storia', 'Museo Radio', 'Centro Fotografia', 'Sighseeing', 'Torre Lamberti']",Tomba Giulietta,strategy_nearest,False,0.0028836727142333984,success
042D88429C4C80,3,"['Arena', 'Torre Lamberti']",Santa Anastasia,"['AMO', 'Museo Conte', 'Palazzo della Ragione', 'Teatro Romano', 'Centro Fotografia']",Duomo,strategy_nearest,False,0.0021698474884033203,success
042D8F3A9C4C80,0,"['Arena', 'Torre Lamberti']",Casa Giulietta,"['Centro Fotografia', 'Sighseeing', 'Museo Conte', 'Museo Radio', 'Palazzo della Ragione']",Duomo,strategy_nearest,False,0.003387928009033203,success
042D8F4A9C4C80,2,"['Castelvecchio', 'San Zeno']",Casa Giulietta,"['Centro Fotografia', 'Sighseeing', 'Torre Lamberti', 'Museo Conte', 'Museo Radio']",Santa Anastasia,strategy_nearest,False,0.0026810169219970703,success
042D90429C4C80,3,"['Arena', 'Torre Lamberti']",Santa Anastasia,"['AMO', 'Museo Conte', 'Palazzo della Ragione', 'Teatro Romano', 'Centro Fotografia']",Duomo,strategy_nearest,False,0.0029840469360351562,success
042D90429C4C81,0,['Arena'],Casa Giulietta,"['Centro Fotografia', 'Sighseeing', 'Torre Lamberti', 'Museo Conte', 'Museo Radio']",Torre Lamberti,strategy_nearest,True,0.0016777515411376953,success
042D904A9C4C81,0,['Arena'],Casa Giulietta,"['Centro Fotografia', 'Sighseeing', 'Torre Lamberti', 'Museo Conte', 'Museo Radio']",Torre Lamberti,strategy_nearest,True,0.0022521018981933594,success
042D914A9C4C81,3,"['Museo Lapidario', 'Arena']",Torre Lamberti,"['Sighseeing', 'Centro Fotografia', 'Museo Conte', 'Casa Giulietta', 'Palazzo della Ragione']",Giardino Giusti,strategy_nearest,False,0.0034279823303222656,success
042D964A9C4C81,0,['Arena'],Casa Giulietta,"['Centro Fotografia', 'Sighseeing', 'Torre Lamberti', 'Museo Conte', 'Museo Radio']",Santa Anastasia,strategy_nearest,False,0.003445148468017578,success
042D9C4A9C4C81,3,"['Arena', 'Castelvecchio']",San Zeno,"['Verona Tour', 'Museo Lapidario', 'Museo Miniscalchi', 'Sighseeing', 'Museo Radio']",Casa Giulietta,strategy_nearest,False,0.003287076950073242,success
042D9C4A9C4C80,1,"['Giardino Giusti', 'Teatro Romano', 'San Zeno']",Palazzo della Ragione,"['AMO', 'Museo Conte', 'Torre Lamberti', 'Centro Fotografia', 'Sighseeing']",Torre Lamberti,strategy_nearest,True,0.0021550655364990234,success
042D9B429C4C80,0,['Arena'],Casa Giulietta,"['Centro Fotografia', 'Sighseeing', 'Torre Lamberti', 'Museo Conte', 'Museo Radio']",Castelvecchio,strategy_nearest,False,0.0021009445190429688,success
042DA04A9C4C81,0,['Teatro Romano'],Arena,"['Verona Tour', 'Museo Lapidario', 'Museo Radio', 'San Fermo', 'Casa Giulietta']",Castelvecchio,strategy_nearest,False,0.0022590160369873047,success
042DA14A9C4C80,0,['Arena'],Torre Lamberti,"['Sighseeing', 'Centro Fotografia', 'Museo Conte', 'Casa Giulietta', 'Palazzo della Ragione']",Giardino Giusti,strategy_nearest,False,0.0027680397033691406,success
042DA1429C4C81,3,"['Arena', 'Torre Lamberti', 'Casa Giulietta', 'Santa Anastasia']",Teatro Romano,"['Duomo', 'AMO', 'Palazzo della Ragione', 'Museo Conte', 'Centro Fotografia']",Duomo,strategy_nearest,True,0.0015778541564941406,success
042DA24A9C4C81,3,"['Arena', 'Castelvecchio', 'Casa Giulietta']",Santa Anastasia,"['AMO', 'Museo Conte', 'Palazzo della Ragione', 'Teatro Romano', 'Centro Fotografia']",Teatro Romano,strategy_nearest,True,0.0032291412353515625,success
042DA84A9C4C81,3,"['Teatro Romano', 'Duomo', 'Santa Anastasia']",Torre Lamberti,"['Sighseeing', 'Centro Fotografia', 'Museo Conte', 'Casa Giulietta', 'Palazzo della Ragione']",Arena,strategy_nearest,False,0.0026519298553466797,success
042DA74A9C4C80,0,"['Arena', 'Teatro Romano']",Torre Lamberti,"['Sighseeing', 'Centro Fotografia', 'Museo Conte', 'Casa Giulietta', 'Palazzo della Ragione']",Casa Giulietta,strategy_nearest,True,0.002076864242553711,success
042DAB3A9C4C80,0,"['Arena', 'San Zeno']",Castelvecchio,"['Museo Lapidario', 'Verona Tour', 'Museo Radio', 'Sighseeing', 'Museo Miniscalchi']",Casa Giulietta,strategy_nearest,False,0.0033080577850341797,success
042DA54A9C4C80,3,"['Arena', 'Tomba Giulietta', 'San Fermo']",Teatro Romano,"['Santa Anastasia', 'Duomo', 'AMO', 'Palazzo della Ragione', 'Museo Conte']",Duomo,strategy_nearest,True,0.0015292167663574219,success
042DAD3A9C4C80,1,"['San Zeno', 'Duomo', 'Santa Anastasia']",Casa Giulietta,"['Centro Fotografia', 'Sighseeing', 'Torre Lamberti', 'Museo Conte', 'Museo Radio']",Arena,strategy_nearest,False,0.0027909278869628906,success
042DB93A9C4C80,3,"['Arena', 'Casa Giulietta']",Torre Lamberti,"['Sighseeing', 'Centro Fotografia', 'Museo Conte', 'Palazzo della Ragione', 'AMO']",Santa Anastasia,strategy_nearest,False,0.002007007598876953,success
042DB13A9C4C81,1,"['Santa Anastasia', 'Torre Lamberti']",Palazzo della Ragione,"['AMO', 'Museo Conte', 'Centro Fotografia', 'Sighseeing', 'Museo Miniscalchi']",Casa Giulietta,strategy_nearest,False,0.0015673637390136719,success
042DAC429C4C81,0,['Arena'],Casa Giulietta,"['Centro Fotografia', 'Sighseeing', 'Torre Lamberti', 'Museo Conte', 'Museo Radio']",Santa Anastasia,strategy_nearest,False,0.0035369396209716797,success
042DC53A9C4C80,0,['Arena'],Torre Lamberti,"['Sighseeing', 'Centro Fotografia', 'Museo Conte', 'Casa Giulietta', 'Palazzo della Ragione']",Casa Giulietta,strategy_nearest,True,0.0014541149139404297,success
042DBC429C4C81,3,['Arena'],Castelvecchio,"['Museo Lapidario', 'Verona Tour', 'Museo Radio', 'San Zeno', 'Sighseeing']",Santa Anastasia,strategy_nearest,False,0.002735137939453125,success
042DBA429C4C80,1,"['Arena', 'Museo Lapidario', 'Castelvecchio']",Duomo,"['AMO', 'Museo Miniscalchi', 'Santa Anastasia', 'Teatro Romano', 'Palazzo della Ragione']",Palazzo della Ragione,strategy_nearest,True,0.002856016159057617,success
042DC73A9C4C81,3,['Arena'],Casa Giulietta,"['Centro Fotografia', 'Sighseeing', 'Torre Lamberti', 'Museo Conte', 'Museo Radio']",Santa Anastasia,strategy_nearest,False,0.0015611648559570312,success
042DBC429C4C80,0,['Arena'],Casa Giulietta,"['Centro Fotografia', 'Sighseeing', 'Torre Lamberti', 'Museo Conte', 'Museo Radio']",Torre Lamberti,strategy_nearest,True,0.004128932952880859,success
042DC83A9C4C81,0,['Arena'],Casa Giulietta,"['Centro Fotografia', 'Sighseeing', 'Torre Lamberti', 'Museo Conte', 'Museo Radio']",Torre Lamberti,strategy_nearest,True,0.0018160343170166016,success
042DCC3A9C4C80,0,['Arena'],Castelvecchio,"['Museo Lapidario', 'Verona Tour', 'Museo Radio', 'San Zeno', 'Sighseeing']",Torre Lamberti,strategy_nearest,False,0.002588987350463867,success
042DD03A9C4C81,2,['Casa Giulietta'],Torre Lamberti,"['Sighseeing', 'Centro Fotografia', 'Museo Conte', 'Palazzo della Ragione', 'AMO']",Castelvecchio,strategy_nearest,False,0.0030760765075683594,success
042DC7429C4C80,3,"['Arena', 'Torre Lamberti']",Casa Giulietta,"['Centro Fotografia', 'Sighseeing', 'Museo Conte', 'Museo Radio', 'Palazzo della Ragione']",Santa Anastasia,strategy_nearest,False,0.0026009082794189453,success
042DD73A9C4C80,0,['Arena'],Casa Giulietta,"['Centro Fotografia', 'Sighseeing', 'Torre Lamberti', 'Museo Conte', 'Museo Radio']",Teatro Romano,strategy_nearest,False,0.0021028518676757812,success
042DD83A9C4C81,3,"['Casa Giulietta', 'San Fermo', 'Castelvecchio']",Arena,"['Verona Tour', 'Museo Lapidario', 'Museo Radio', 'Sighseeing', 'Torre Lamberti']",San Zeno,strategy_nearest,False,0.002231121063232422,success
042DEA3A9C4C80,3,['Arena'],Torre Lamberti,"['Sighseeing', 'Centro Fotografia', 'Museo Conte', 'Casa Giulietta', 'Palazzo della Ragione']",Teatro Romano,strategy_nearest,False,0.002804994583129883,success
042DF53A9C4C80,0,['Arena'],Casa Giulietta,"['Centro Fotografia', 'Sighseeing', 'Torre Lamberti', 'Museo Conte', 'Museo Radio']",San Fermo,strategy_nearest,False,0.0035371780395507812,success
042E3E429C4C80,3,['Arena'],Casa Giulietta,"['Centro Fotografia', 'Sighseeing', 'Torre Lamberti', 'Museo Conte', 'Museo Radio']",Santa Anastasia,strategy_nearest,False,0.0017621517181396484,success
042E37429C4C80,3,"['Arena', 'Castelvecchio']",Torre Lamberti,"['Sighseeing', 'Centro Fotografia', 'Museo Conte', 'Casa Giulietta', 'Palazzo della Ragione']",Casa Giulietta,strategy_nearest,True,0.002613067626953125,success
042E583A9C4C80,3,"['Arena', 'Santa Anastasia']",Duomo,"['AMO', 'Museo Miniscalchi', 'Teatro Romano', 'Palazzo della Ragione', 'Museo Conte']",Teatro Romano,strategy_nearest,True,0.003253936767578125,success
042E6B429C4C80,3,"['Duomo', 'Arena']",San Fermo,"['Museo Storia', 'Museo Radio', 'Casa Giulietta', 'Centro Fotografia', 'Sighseeing']",San Zeno,strategy_nearest,False,0.0027010440826416016,success
042E683A9C4C81,0,['Arena'],Torre Lamberti,"['Sighseeing', 'Centro Fotografia', 'Museo Conte', 'Casa Giulietta', 'Palazzo della Ragione']",Teatro Romano,strategy_nearest,False,0.002635955810546875,success
042E6E429C4C81,0,['Arena'],Castelvecchio,"['Museo Lapidario', 'Verona Tour', 'Museo Radio', 'San Zeno', 'Sighseeing']",San Zeno,strategy_nearest,True,0.003270864486694336,success
042E79429C4C81,3,['Arena'],Casa Giulietta,"['Centro Fotografia', 'Sighseeing', 'Torre Lamberti', 'Museo Conte', 'Museo Radio']",Santa Anastasia,strategy_nearest,False,0.0012631416320800781,success
042E773A9C4C81,0,['Arena'],Torre Lamberti,"['Sighseeing', 'Centro Fotografia', 'Museo Conte', 'Casa Giulietta', 'Palazzo della Ragione']",Casa Giulietta,strategy_nearest,True,0.0028107166290283203,success
042E77429C4C80,3,"['Museo Lapidario', 'Arena']",San Fermo,"['Museo Storia', 'Museo Radio', 'Casa Giulietta', 'Centro Fotografia', 'Sighseeing']",Casa Giulietta,strategy_nearest,True,0.00341796875,success
042E7C429C4C80,0,['Arena'],Casa Giulietta,"['Centro Fotografia', 'Sighseeing', 'Torre Lamberti', 'Museo Conte', 'Museo Radio']",Castelvecchio,strategy_nearest,False,0.0036830902099609375,success
042E84429C4C81,2,"['Casa Giulietta', 'Santa Anastasia']",Duomo,"['AMO', 'Museo Miniscalchi', 'Teatro Romano', 'Palazzo della Ragione', 'Museo Conte']",Castelvecchio,strategy_nearest,False,0.00356292724609375,success
042E824A9C4C80,0,['Arena'],Casa Giulietta,"['Centro Fotografia', 'Sighseeing', 'Torre Lamberti', 'Museo Conte', 'Museo Radio']",Torre Lamberti,strategy_nearest,True,0.0025191307067871094,success
042E81429C4C80,0,['Arena'],Castelvecchio,"['Museo Lapidario', 'Verona Tour', 'Museo Radio', 'San Zeno', 'Sighseeing']",Torre Lamberti,strategy_nearest,False,0.0031681060791015625,success
042E85429C4C80,3,"['Arena', 'Casa Giulietta']",Santa Anastasia,"['AMO', 'Museo Conte', 'Palazzo della Ragione', 'Teatro Romano', 'Centro Fotografia']",Teatro Romano,strategy_nearest,True,0.0035152435302734375,success
042E85429C4C81,2,"['Casa Giulietta', 'Teatro Romano']",Santa Anastasia,"['AMO', 'Museo Conte', 'Palazzo della Ragione', 'Centro Fotografia', 'Duomo']",Castelvecchio,strategy_nearest,False,0.0021381378173828125,success
042E87429C4C80,1,"['Casa Giulietta', 'Palazzo della Ragione']",Arena,"['Verona Tour', 'Museo Lapidario', 'Museo Radio', 'San Fermo', 'Sighseeing']",San Zeno,strategy_nearest,False,0.0025000572204589844,success
042E86429C4C81,0,"['Casa Giulietta', 'Arena']",Museo Lapidario,"['Verona Tour', 'Castelvecchio', 'Museo Radio', 'San Fermo', 'Tomba Giulietta']",Castelvecchio,strategy_nearest,True,0.0036971569061279297,success
042E87429C4C81,0,['Arena'],Casa Giulietta,"['Centro Fotografia', 'Sighseeing', 'Torre Lamberti', 'Museo Conte', 'Museo Radio']",Castelvecchio,strategy_nearest,False,0.0016021728515625,success
042E874A9C4C80,3,"['Duomo', 'Santa Anastasia']",Teatro Romano,"['AMO', 'Palazzo della Ragione', 'Museo Conte', 'Centro Fotografia', 'Museo Miniscalchi']",Arena,strategy_nearest,False,0.0025169849395751953,success
042E8C4A9C4C80,0,"['Arena', 'Castelvecchio']",Teatro Romano,"['Santa Anastasia', 'Duomo', 'AMO', 'Palazzo della Ragione', 'Museo Conte']",Casa Giulietta,strategy_nearest,False,0.0019540786743164062,success
042E8B4A9C4C80,0,['Arena'],San Zeno,"['Castelvecchio', 'Verona Tour', 'Museo Lapidario', 'Museo Miniscalchi', 'Sighseeing']",Torre Lamberti,strategy_nearest,False,0.003269195556640625,success
042E8C4A9C4C81,0,['Arena'],Torre Lamberti,"['Sighseeing', 'Centro Fotografia', 'Museo Conte', 'Casa Giulietta', 'Palazzo della Ragione']",Casa Giulietta,strategy_nearest,True,0.0026650428771972656,success
042E8E4A9C4C81,0,['Arena'],Torre Lamberti,"['Sighseeing', 'Centro Fotografia', 'Museo Conte', 'Casa Giulietta', 'Palazzo della Ragione']",Casa Giulietta,strategy_nearest,True,0.003192901611328125,success
042E90429C4C80,3,['Arena'],Teatro Romano,"['Santa Anastasia', 'Duomo', 'AMO', 'Palazzo della Ragione', 'Museo Conte']",Duomo,strategy_nearest,True,0.0025091171264648438,success
042E934A9C4C80,0,"['Arena', 'Castelvecchio']",Casa Giulietta,"['Centro Fotografia', 'Sighseeing', 'Torre Lamberti', 'Museo Conte', 'Museo Radio']",Duomo,strategy_nearest,False,0.003180980682373047,success
042E964A9C4C80,2,"['San Fermo', 'Santa Anastasia']",Duomo,"['AMO', 'Museo Miniscalchi', 'Teatro Romano', 'Palazzo della Ragione', 'Museo Conte']",Teatro Romano,strategy_nearest,True,0.002009868621826172,success
042E954A9C4C80,1,"['Arena', 'Casa Giulietta']",San Fermo,"['Museo Storia', 'Museo Radio', 'Centro Fotografia', 'Sighseeing', 'Torre Lamberti']",Santa Anastasia,strategy_nearest,False,0.0029921531677246094,success
042E964A9C4C81,2,"['Castelvecchio', 'Santa Anastasia']",Teatro Romano,"['Duomo', 'AMO', 'Palazzo della Ragione', 'Museo Conte', 'Centro Fotografia']",Torre Lamberti,strategy_nearest,False,0.0034780502319335938,success
042E9C4A9C4C80,3,"['Arena', 'San Fermo']",Casa Giulietta,"['Centro Fotografia', 'Sighseeing', 'Torre Lamberti', 'Museo Conte', 'Museo Radio']",Torre Lamberti,strategy_nearest,True,0.0031359195709228516,success
042E99429C4C80,3,['Arena'],Santa Anastasia,"['AMO', 'Museo Conte', 'Palazzo della Ragione', 'Teatro Romano', 'Centro Fotografia']",Duomo,strategy_nearest,False,0.004202842712402344,success
042EA14A9C4C80,0,['Arena'],Casa Giulietta,"['Centro Fotografia', 'Sighseeing', 'Torre Lamberti', 'Museo Conte', 'Museo Radio']",Santa Anastasia,strategy_nearest,False,0.0019440650939941406,success
042E9C4A9C4C81,3,"['Arena', 'Casa Giulietta']",Torre Lamberti,"['Sighseeing', 'Centro Fotografia', 'Museo Conte', 'Palazzo della Ragione', 'AMO']",Duomo,strategy_nearest,False,0.0026869773864746094,success
042EA53A9C4C81,0,['Castelvecchio'],Arena,"['Verona Tour', 'Museo Lapidario', 'Museo Radio', 'San Fermo', 'Casa Giulietta']",Duomo,strategy_nearest,False,0.002783060073852539,success
042EA04A9C4C80,3,"['Arena', 'Museo Lapidario', 'Castelvecchio', 'Casa Giulietta']",Torre Lamberti,"['Sighseeing', 'Centro Fotografia', 'Museo Conte', 'Palazzo della Ragione', 'AMO']",Santa Anastasia,strategy_nearest,False,0.0035219192504882812,success
042EA64A9C4C80,3,"['Museo Lapidario', 'San Fermo', 'Casa Giulietta', 'Torre Lamberti']",Santa Anastasia,"['AMO', 'Museo Conte', 'Palazzo della Ragione', 'Teatro Romano', 'Centro Fotografia']",Teatro Romano,strategy_nearest,True,0.0022678375244140625,success
042EA8429C4C81,0,['Arena'],Casa Giulietta,"['Centro Fotografia', 'Sighseeing', 'Torre Lamberti', 'Museo Conte', 'Museo Radio']",Santa Anastasia,strategy_nearest,False,0.0017609596252441406,success
042EA84A9C4C81,0,['Casa Giulietta'],Arena,"['Verona Tour', 'Museo Lapidario', 'Museo Radio', 'San Fermo', 'Sighseeing']",Castelvecchio,strategy_nearest,False,0.0018680095672607422,success
042EA73A9C4C81,0,['Arena'],Torre Lamberti,"['Sighseeing', 'Centro Fotografia', 'Museo Conte', 'Casa Giulietta', 'Palazzo della Ragione']",Castelvecchio,strategy_nearest,False,0.0036919116973876953,success
042EA9429C4C80,3,['Arena'],Torre Lamberti,"['Sighseeing', 'Centro Fotografia', 'Museo Conte', 'Casa Giulietta', 'Palazzo della Ragione']",Santa Anastasia,strategy_nearest,False,0.0032567977905273438,success
042EA93A9C4C80,3,"['Arena', 'Museo Lapidario', 'Castelvecchio']",Duomo,"['AMO', 'Museo Miniscalchi', 'Santa Anastasia', 'Teatro Romano', 'Palazzo della Ragione']",Santa Anastasia,strategy_nearest,True,0.002810955047607422,success
042EA94A9C4C81,1,"['Arena', 'Duomo', 'Teatro Romano']",Torre Lamberti,"['Sighseeing', 'Centro Fotografia', 'Museo Conte', 'Casa Giulietta', 'Palazzo della Ragione']",Palazzo della Ragione,strategy_nearest,True,0.002329111099243164,success
042EAA429C4C81,3,"['Arena', 'Casa Giulietta']",Torre Lamberti,"['Sighseeing', 'Centro Fotografia', 'Museo Conte', 'Palazzo della Ragione', 'AMO']",Santa Anastasia,strategy_nearest,False,0.003013134002685547,success
042EAB3A9C4C81,3,"['Arena', 'Casa Giulietta']",Torre Lamberti,"['Sighseeing', 'Centro Fotografia', 'Museo Conte', 'Palazzo della Ragione', 'AMO']",Santa Anastasia,strategy_nearest,False,0.002569913864135742,success
042EAD3A9C4C81,3,['Arena'],Casa Giulietta,"['Centro Fotografia', 'Sighseeing', 'Torre Lamberti', 'Museo Conte', 'Museo Radio']",Teatro Romano,strategy_nearest,False,0.0024018287658691406,success
042EBE3A9C4C81,1,"['Arena', 'Casa Giulietta', 'Torre Lamberti']",Palazzo della Ragione,"['AMO', 'Museo Conte', 'Centro Fotografia', 'Sighseeing', 'Santa Anastasia']",Santa Anastasia,strategy_nearest,True,0.002496004104614258,success
042EB3429C4C80,3,"['Arena', 'Casa Giulietta']",Teatro Romano,"['Santa Anastasia', 'Duomo', 'AMO', 'Palazzo della Ragione', 'Museo Conte']",Duomo,strategy_nearest,True,0.003519296646118164,success
042EC53A9C4C80,0,"['Arena', 'Castelvecchio']",Teatro Romano,"['Santa Anastasia', 'Duomo', 'AMO', 'Palazzo della Ragione', 'Museo Conte']",Giardino Giusti,strategy_nearest,False,0.0024509429931640625,success
042EC23A9C4C81,3,"['Tomba Giulietta', 'San Fermo']",Santa Anastasia,"['AMO', 'Museo Conte', 'Palazzo della Ragione', 'Teatro Romano', 'Centro Fotografia']",Duomo,strategy_nearest,False,0.002953767776489258,success
042EC23A9C4C80,3,"['Arena', 'Museo Lapidario', 'San Fermo', 'Museo Storia']",Torre Lamberti,"['Sighseeing', 'Centro Fotografia', 'Museo Conte', 'Casa Giulietta', 'Palazzo della Ragione']",Casa Giulietta,strategy_nearest,True,0.0030510425567626953,success
042EC5429C4C81,0,['Arena'],Teatro Romano,"['Santa Anastasia', 'Duomo', 'AMO', 'Palazzo della Ragione', 'Museo Conte']",Giardino Giusti,strategy_nearest,False,0.0021059513092041016,success
042EC73A9C4C81,2,['Tomba Giulietta'],Casa Giulietta,"['Centro Fotografia', 'Sighseeing', 'Torre Lamberti', 'Museo Conte', 'Museo Radio']",Museo Storia,strategy_nearest,False,0.002240896224975586,success
042EDB3A9C4C80,3,"['Casa Giulietta', 'Castelvecchio']",Arena,"['Verona Tour', 'Museo Lapidario', 'Museo Radio', 'San Fermo', 'Sighseeing']",Duomo,strategy_nearest,False,0.002635955810546875,success
042ED43A9C4C81,1,"['Arena', 'Castelvecchio', 'Palazzo della Ragione', 'Duomo']",Teatro Romano,"['Santa Anastasia', 'AMO', 'Museo Conte', 'Centro Fotografia', 'Museo Miniscalchi']",San Fermo,strategy_nearest,False,0.003409862518310547,success
042EE53A9C4C80,3,"['Arena', 'Museo Lapidario', 'San Fermo', 'Torre Lamberti']",Casa Giulietta,"['Centro Fotografia', 'Sighseeing', 'Museo Conte', 'Museo Radio', 'Palazzo della Ragione']",Museo Storia,strategy_nearest,False,0.0021219253540039062,success
042EED429C4C80,3,"['San Zeno', 'Duomo', 'Casa Giulietta']",Arena,"['Verona Tour', 'Museo Lapidario', 'Museo Radio', 'San Fermo', 'Sighseeing']",Torre Lamberti,strategy_nearest,False,0.001505136489868164,success
042EFF3A9C4C80,2,"['Torre Lamberti', 'Santa Anastasia']",Duomo,"['AMO', 'Museo Miniscalchi', 'Teatro Romano', 'Palazzo della Ragione', 'Museo Conte']",Castelvecchio,strategy_nearest,False,0.0025420188903808594,success
042EEE3A9C4C80,3,['Arena'],Teatro Romano,"['Santa Anastasia', 'Duomo', 'AMO', 'Palazzo della Ragione', 'Museo Conte']",Duomo,strategy_nearest,True,0.003677845001220703,success
042F4D429C4C80,1,"['Castelvecchio', 'Arena', 'Museo Lapidario', 'Torre Lamberti', 'Palazzo della Ragione']",Santa Anastasia,"['AMO', 'Museo Conte', 'Teatro Romano', 'Centro Fotografia', 'Duomo']",Duomo,strategy_nearest,True,0.0027480125427246094,success
042F4C3A9C4C80,3,"['Arena', 'San Fermo']",Torre Lamberti,"['Sighseeing', 'Centro Fotografia', 'Museo Conte', 'Casa Giulietta', 'Palazzo della Ragione']",Santa Anastasia,strategy_nearest,False,0.0021080970764160156,success
042F4A3A9C4C80,0,['Arena'],Museo Lapidario,"['Verona Tour', 'Castelvecchio', 'Museo Radio', 'San Fermo', 'Casa Giulietta']",Castelvecchio,strategy_nearest,True,0.0035359859466552734,success
042F503A9C4C80,3,['Arena'],Santa Anastasia,"['AMO', 'Museo Conte', 'Palazzo della Ragione', 'Teatro Romano', 'Centro Fotografia']",Duomo,strategy_nearest,False,0.0033359527587890625,success
042F633A9C4C81,0,"['Museo Lapidario', 'San Zeno']",Castelvecchio,"['Verona Tour', 'Arena', 'Museo Radio', 'Sighseeing', 'Museo Miniscalchi']",Casa Giulietta,strategy_nearest,False,0.0020580291748046875,success
042F66429C4C81,2,['Castelvecchio'],Casa Giulietta,"['Centro Fotografia', 'Sighseeing', 'Torre Lamberti', 'Museo Conte', 'Museo Radio']",Torre Lamberti,strategy_nearest,True,0.002547025680541992,success
042F613A9C4C80,0,['Duomo'],Arena,"['Verona Tour', 'Museo Lapidario', 'Museo Radio', 'San Fermo', 'Casa Giulietta']",San Zeno,strategy_nearest,False,0.0032770633697509766,success
042F6A3A9C4C80,3,"['Arena', 'Torre Lamberti', 'San Fermo']",Teatro Romano,"['Santa Anastasia', 'Duomo', 'AMO', 'Palazzo della Ragione', 'Museo Conte']",Duomo,strategy_nearest,True,0.0033512115478515625,success
042F6E3A9C4C81,0,['Arena'],Santa Anastasia,"['AMO', 'Museo Conte', 'Palazzo della Ragione', 'Teatro Romano', 'Centro Fotografia']",Castelvecchio,strategy_nearest,False,0.0027551651000976562,success
042F6C429C4C80,3,"['Casa Giulietta', 'Santa Anastasia']",Duomo,"['AMO', 'Museo Miniscalchi', 'Teatro Romano', 'Palazzo della Ragione', 'Museo Conte']",Arena,strategy_nearest,False,0.0021147727966308594,success
042F6C429C4C81,3,"['Arena', 'Casa Giulietta']",Torre Lamberti,"['Sighseeing', 'Centro Fotografia', 'Museo Conte', 'Palazzo della Ragione', 'AMO']",Santa Anastasia,strategy_nearest,False,0.00214385986328125,success
042F6F429C4C81,2,"['Duomo', 'Teatro Romano']",Santa Anastasia,"['AMO', 'Museo Conte', 'Palazzo della Ragione', 'Centro Fotografia', 'Torre Lamberti']",Torre Lamberti,strategy_nearest,True,0.003087759017944336,success
042F7B4A9C4C80,0,['Arena'],Casa Giulietta,"['Centro Fotografia', 'Sighseeing', 'Torre Lamberti', 'Museo Conte', 'Museo Radio']",Torre Lamberti,strategy_nearest,True,0.0020248889923095703,success
042F7B3A9C4C81,3,['Arena'],Torre Lamberti,"['Sighseeing', 'Centro Fotografia', 'Museo Conte', 'Casa Giulietta', 'Palazzo della Ragione']",Santa Anastasia,strategy_nearest,False,0.0015401840209960938,success
042F7A4A9C4C80,2,"['Museo Lapidario', 'Santa Anastasia']",Duomo,"['AMO', 'Museo Miniscalchi', 'Teatro Romano', 'Palazzo della Ragione', 'Museo Conte']",Torre Lamberti,strategy_nearest,False,0.002768993377685547,success
042F743A9C4C80,3,"['Arena', 'Casa Giulietta']",Torre Lamberti,"['Sighseeing', 'Centro Fotografia', 'Museo Conte', 'Palazzo della Ragione', 'AMO']",Santa Anastasia,strategy_nearest,False,0.0035257339477539062,success
042F7E429C4C80,0,['Casa Giulietta'],Arena,"['Verona Tour', 'Museo Lapidario', 'Museo Radio', 'San Fermo', 'Sighseeing']",Castelvecchio,strategy_nearest,False,0.0025129318237304688,success
042F7C429C4C80,0,['Arena'],Castelvecchio,"['Museo Lapidario', 'Verona Tour', 'Museo Radio', 'San Zeno', 'Sighseeing']",Teatro Romano,strategy_nearest,False,0.0026481151580810547,success
042F7E3A9C4C80,1,"['Arena', 'Casa Giulietta', 'Torre Lamberti']",Palazzo della Ragione,"['AMO', 'Museo Conte', 'Centro Fotografia', 'Sighseeing', 'Santa Anastasia']",Santa Anastasia,strategy_nearest,True,0.0013701915740966797,success
042F81429C4C81,3,"['Casa Giulietta', 'Torre Lamberti']",Santa Anastasia,"['AMO', 'Museo Conte', 'Palazzo della Ragione', 'Teatro Romano', 'Centro Fotografia']",Duomo,strategy_nearest,False,0.0038950443267822266,success
042F86429C4C81,3,['Arena'],Torre Lamberti,"['Sighseeing', 'Centro Fotografia', 'Museo Conte', 'Casa Giulietta', 'Palazzo della Ragione']",Casa Giulietta,strategy_nearest,True,0.0026140213012695312,success
042F853A9C4C80,3,"['Arena', 'Casa Giulietta']",Santa Anastasia,"['AMO', 'Museo Conte', 'Palazzo della Ragione', 'Teatro Romano', 'Centro Fotografia']",Duomo,strategy_nearest,False,0.0020999908447265625,success
042F84429C4C80,0,['Arena'],Castelvecchio,"['Museo Lapidario', 'Verona Tour', 'Museo Radio', 'San Zeno', 'Sighseeing']",Casa Giulietta,strategy_nearest,False,0.0033571720123291016,success
042F88429C4C80,0,"['Tomba Giulietta', 'Arena']",Casa Giulietta,"['Centro Fotografia', 'Sighseeing', 'Torre Lamberti', 'Museo Conte', 'Museo Radio']",Giardino Giusti,strategy_nearest,False,0.0015349388122558594,success
042F89429C4C81,2,['Casa Giulietta'],Teatro Romano,"['Santa Anastasia', 'Duomo', 'AMO', 'Palazzo della Ragione', 'Museo Conte']",Duomo,strategy_nearest,True,0.0021028518676757812,success
042F864A9C4C81,2,['Santa Anastasia'],San Fermo,"['Museo Storia', 'Museo Radio', 'Casa Giulietta', 'Centro Fotografia', 'Arena']",Tomba Giulietta,strategy_nearest,False,0.0040819644927978516,success
042F8C4A9C4C80,3,"['Arena', 'Torre Lamberti']",Teatro Romano,"['Santa Anastasia', 'Duomo', 'AMO', 'Palazzo della Ragione', 'Museo Conte']",Duomo,strategy_nearest,True,0.003496885299682617,success
042F98429C4C80,3,['Arena'],Torre Lamberti,"['Sighseeing', 'Centro Fotografia', 'Museo Conte', 'Casa Giulietta', 'Palazzo della Ragione']",Santa Anastasia,strategy_nearest,False,0.0017538070678710938,success
042F9A4A9C4C80,0,"['Castelvecchio', 'Arena']",Casa Giulietta,"['Centro Fotografia', 'Sighseeing', 'Torre Lamberti', 'Museo Conte', 'Museo Radio']",Torre Lamberti,strategy_nearest,True,0.0035042762756347656,success
042F914A9C4C80,0,['Arena'],Castelvecchio,"['Museo Lapidario', 'Verona Tour', 'Museo Radio', 'San Zeno', 'Sighseeing']",Casa Giulietta,strategy_nearest,False,0.003215789794921875,success
042F8F4A9C4C80,0,['Arena'],Torre Lamberti,"['Sighseeing', 'Centro Fotografia', 'Museo Conte', 'Casa Giulietta', 'Palazzo della Ragione']",Casa Giulietta,strategy_nearest,True,0.002620220184326172,success
042F9D4A9C4C81,3,"['Casa Giulietta', 'Castelvecchio', 'Arena']",Torre Lamberti,"['Sighseeing', 'Centro Fotografia', 'Museo Conte', 'Palazzo della Ragione', 'AMO']",Santa Anastasia,strategy_nearest,False,0.0028753280639648438,success
042FA63A9C4C81,3,['Arena'],Duomo,"['AMO', 'Museo Miniscalchi', 'Santa Anastasia', 'Teatro Romano', 'Palazzo della Ragione']",Santa Anastasia,strategy_nearest,True,0.0022220611572265625,success
042FA63A9C4C80,2,['Museo Lapidario'],Casa Giulietta,"['Centro Fotografia', 'Sighseeing', 'Torre Lamberti', 'Museo Conte', 'Museo Radio']",Torre Lamberti,strategy_nearest,True,0.001615762710571289,success
042FA93A9C4C80,3,['Arena'],Casa Giulietta,"['Centro Fotografia', 'Sighseeing', 'Torre Lamberti', 'Museo Conte', 'Museo Radio']",Santa Anastasia,strategy_nearest,False,0.0035142898559570312,success
042FAC3A9C4C81,1,"['Castelvecchio', 'Arena']",Torre Lamberti,"['Sighseeing', 'Centro Fotografia', 'Museo Conte', 'Casa Giulietta', 'Palazzo della Ragione']",Palazzo della Ragione,strategy_nearest,True,0.0021970272064208984,success
042FB03A9C4C80,2,"['Palazzo della Ragione', 'Torre Lamberti']",Casa Giulietta,"['Centro Fotografia', 'Sighseeing', 'Museo Conte', 'Museo Radio', 'San Fermo']",Santa Anastasia,strategy_nearest,False,0.0020537376403808594,success
042FB43A9C4C80,0,"['Castelvecchio', 'San Zeno']",Giardino Giusti,"['Santa Anastasia', 'Teatro Romano', 'Museo Conte', 'Centro Fotografia', 'Museo Storia']",Casa Giulietta,strategy_nearest,False,0.0032262802124023438,success
042FAA3A9C4C81,2,"['Museo Lapidario', 'Castelvecchio', 'Torre Lamberti']",Teatro Romano,"['Santa Anastasia', 'Duomo', 'AMO', 'Palazzo della Ragione', 'Museo Conte']",Duomo,strategy_nearest,True,0.0034601688385009766,success
042FB7429C4C80,0,['Arena'],Castelvecchio,"['Museo Lapidario', 'Verona Tour', 'Museo Radio', 'San Zeno', 'Sighseeing']",Casa Giulietta,strategy_nearest,False,0.0028417110443115234,success
042FB83A9C4C80,3,['Arena'],San Fermo,"['Museo Storia', 'Museo Radio', 'Casa Giulietta', 'Centro Fotografia', 'Sighseeing']",Teatro Romano,strategy_nearest,False,0.001402139663696289,success
042FB4429C4C80,2,"['Teatro Romano', 'Santa Anastasia']",Duomo,"['AMO', 'Museo Miniscalchi', 'Palazzo della Ragione', 'Museo Conte', 'Torre Lamberti']",Castelvecchio,strategy_nearest,False,0.0032529830932617188,success
042FB8429C4C80,3,"['Castelvecchio', 'Arena']",Torre Lamberti,"['Sighseeing', 'Centro Fotografia', 'Museo Conte', 'Casa Giulietta', 'Palazzo della Ragione']",Casa Giulietta,strategy_nearest,True,0.003365039825439453,success
042FB9429C4C80,3,['Arena'],San Fermo,"['Museo Storia', 'Museo Radio', 'Casa Giulietta', 'Centro Fotografia', 'Sighseeing']",Santa Anastasia,strategy_nearest,False,0.002976655960083008,success
042FBE3A9C4C80,1,['Arena'],Palazzo della Ragione,"['AMO', 'Museo Conte', 'Torre Lamberti', 'Centro Fotografia', 'Sighseeing']",Torre Lamberti,strategy_nearest,True,0.0033609867095947266,success
042FB93A9C4C80,1,"['Arena', 'Casa Giulietta']",Torre Lamberti,"['Sighseeing', 'Centro Fotografia', 'Museo Conte', 'Palazzo della Ragione', 'AMO']",Palazzo della Ragione,strategy_nearest,True,0.003612995147705078,success
042FBA429C4C81,0,['Arena'],Teatro Romano,"['Santa Anastasia', 'Duomo', 'AMO', 'Palazzo della Ragione', 'Museo Conte']",Casa Giulietta,strategy_nearest,False,0.0012478828430175781,success
042FBE3A9C4C81,0,['Arena'],Casa Giulietta,"['Centro Fotografia', 'Sighseeing', 'Torre Lamberti', 'Museo Conte', 'Museo Radio']",Torre Lamberti,strategy_nearest,True,0.0015871524810791016,success
042FC03A9C4C80,0,['Arena'],Casa Giulietta,"['Centro Fotografia', 'Sighseeing', 'Torre Lamberti', 'Museo Conte', 'Museo Radio']",Torre Lamberti,strategy_nearest,True,0.0027909278869628906,success
042FC3429C4C81,0,['Arena'],Casa Giulietta,"['Centro Fotografia', 'Sighseeing', 'Torre Lamberti', 'Museo Conte', 'Museo Radio']",Castelvecchio,strategy_nearest,False,0.003283977508544922,success
042FC1429C4C81,3,['Arena'],Castelvecchio,"['Museo Lapidario', 'Verona Tour', 'Museo Radio', 'San Zeno', 'Sighseeing']",San Zeno,strategy_nearest,True,0.002048969268798828,success
042FC83A9C4C80,3,"['Arena', 'Museo Lapidario', 'Castelvecchio']",Torre Lamberti,"['Sighseeing', 'Centro Fotografia', 'Museo Conte', 'Casa Giulietta', 'Palazzo della Ragione']",Casa Giulietta,strategy_nearest,True,0.003300905227661133,success
042FC43A9C4C80,0,['Arena'],Casa Giulietta,"['Centro Fotografia', 'Sighseeing', 'Torre Lamberti', 'Museo Conte', 'Museo Radio']",Torre Lamberti,strategy_nearest,True,0.002714872360229492,success
042FCF3A9C4C80,3,['Santa Anastasia'],Duomo,"['AMO', 'Museo Miniscalchi', 'Teatro Romano', 'Palazzo della Ragione', 'Museo Conte']",Arena,strategy_nearest,False,0.0033559799194335938,success
042FCA3A9C4C80,0,['Arena'],Casa Giulietta,"['Centro Fotografia', 'Sighseeing', 'Torre Lamberti', 'Museo Conte', 'Museo Radio']",Torre Lamberti,strategy_nearest,True,0.0013852119445800781,success
042FD03A9C4C81,0,"['Arena', 'Castelvecchio']",Torre Lamberti,"['Sighseeing', 'Centro Fotografia', 'Museo Conte', 'Casa Giulietta', 'Palazzo della Ragione']",Casa Giulietta,strategy_nearest,True,0.0021419525146484375,success
042FD13A9C4C80,1,"['Palazzo della Ragione', 'Torre Lamberti', 'Arena']",Casa Giulietta,"['Centro Fotografia', 'Sighseeing', 'Museo Conte', 'Museo Radio', 'San Fermo']",Teatro Romano,strategy_nearest,False,0.0026848316192626953,success
042FD43A9C4C80,2,['Teatro Romano'],Casa Giulietta,"['Centro Fotografia', 'Sighseeing', 'Torre Lamberti', 'Museo Conte', 'Museo Radio']",Torre Lamberti,strategy_nearest,True,0.0033006668090820312,success
042FCF3A9C4C81,2,"['Casa Giulietta', 'Torre Lamberti']",Santa Anastasia,"['AMO', 'Museo Conte', 'Palazzo della Ragione', 'Teatro Romano', 'Centro Fotografia']",Duomo,strategy_nearest,False,0.002789020538330078,success
042FD5429C4C81,1,"['Arena', 'Castelvecchio']",San Zeno,"['Verona Tour', 'Museo Lapidario', 'Museo Miniscalchi', 'Sighseeing', 'Museo Radio']",Teatro Romano,strategy_nearest,False,0.0021250247955322266,success
042FF43A9C4C80,0,['Casa Giulietta'],Torre Lamberti,"['Sighseeing', 'Centro Fotografia', 'Museo Conte', 'Palazzo della Ragione', 'AMO']",Arena,strategy_nearest,False,0.0020101070404052734,success
042FD53A9C4C81,3,"['Arena', 'Museo Lapidario']",Castelvecchio,"['Verona Tour', 'Museo Radio', 'San Zeno', 'Sighseeing', 'Museo Miniscalchi']",Duomo,strategy_nearest,False,0.003374814987182617,success
042FF73A9C4C80,3,"['Casa Giulietta', 'Torre Lamberti']",Arena,"['Verona Tour', 'Museo Lapidario', 'Museo Radio', 'San Fermo', 'Sighseeing']",Santa Anastasia,strategy_nearest,False,0.003534078598022461,success
042FF93A9C4C80,2,['Casa Giulietta'],Torre Lamberti,"['Sighseeing', 'Centro Fotografia', 'Museo Conte', 'Palazzo della Ragione', 'AMO']",San Zeno,strategy_nearest,False,0.003078937530517578,success
042FFE3A9C4C80,0,"['Arena', 'Castelvecchio']",Casa Giulietta,"['Centro Fotografia', 'Sighseeing', 'Torre Lamberti', 'Museo Conte', 'Museo Radio']",Giardino Giusti,strategy_nearest,False,0.0020232200622558594,success
043038429C4C80,4,"['Arena', 'San Zeno', 'Castelvecchio']",Museo Radio,"['Casa Giulietta', 'San Fermo', 'Sighseeing', 'Torre Lamberti', 'Centro Fotografia']",San Fermo,strategy_nearest,True,0.002622842788696289,success
04303A429C4C80,0,"['Arena', 'Torre Lamberti']",Casa Giulietta,"['Centro Fotografia', 'Sighseeing', 'Museo Conte', 'Museo Radio', 'Palazzo della Ragione']",Duomo,strategy_nearest,False,0.0018737316131591797,success
04304C3A9C4C80,0,['Arena'],Teatro Romano,"['Santa Anastasia', 'Duomo', 'AMO', 'Palazzo della Ragione', 'Museo Conte']",Castelvecchio,strategy_nearest,False,0.002713918685913086,success
04303C429C4C80,0,['Arena'],San Fermo,"['Museo Storia', 'Museo Radio', 'Casa Giulietta', 'Centro Fotografia', 'Sighseeing']",Teatro Romano,strategy_nearest,False,0.0034079551696777344,success
0430583A9C4C80,0,['Arena'],Casa Giulietta,"['Centro Fotografia', 'Sighseeing', 'Torre Lamberti', 'Museo Conte', 'Museo Radio']",Torre Lamberti,strategy_nearest,True,0.002900838851928711,success
043074429C4C81,1,"['Arena', 'Casa Giulietta']",Palazzo della Ragione,"['AMO', 'Museo Conte', 'Torre Lamberti', 'Centro Fotografia', 'Sighseeing']",Torre Lamberti,strategy_nearest,True,0.003342151641845703,success
04304D3A9C4C80,3,"['Arena', 'Museo Lapidario']",Castelvecchio,"['Verona Tour', 'Museo Radio', 'San Zeno', 'Sighseeing', 'Museo Miniscalchi']",Duomo,strategy_nearest,False,0.0029020309448242188,success
04306D429C4C81,3,"['Arena', 'Casa Giulietta']",Teatro Romano,"['Santa Anastasia', 'Duomo', 'AMO', 'Palazzo della Ragione', 'Museo Conte']",Santa Anastasia,strategy_nearest,True,0.001332998275756836,success
043075429C4C81,3,"['Casa Giulietta', 'Torre Lamberti', 'Arena']",Santa Anastasia,"['AMO', 'Museo Conte', 'Palazzo della Ragione', 'Teatro Romano', 'Centro Fotografia']",Duomo,strategy_nearest,False,0.0012311935424804688,success
043077429C4C81,2,['Casa Giulietta'],Torre Lamberti,"['Sighseeing', 'Centro Fotografia', 'Museo Conte', 'Palazzo della Ragione', 'AMO']",Santa Anastasia,strategy_nearest,False,0.002190113067626953,success
04307A4A9C4C81,3,"['Arena', 'Torre Lamberti']",Casa Giulietta,"['Centro Fotografia', 'Sighseeing', 'Museo Conte', 'Museo Radio', 'Palazzo della Ragione']",Santa Anastasia,strategy_nearest,False,0.0026078224182128906,success
04307A429C4C80,0,['Casa Giulietta'],Torre Lamberti,"['Sighseeing', 'Centro Fotografia', 'Museo Conte', 'Palazzo della Ragione', 'AMO']",Arena,strategy_nearest,False,0.0034418106079101562,success
04307B4A9C4C81,2,['Castelvecchio'],Casa Giulietta,"['Centro Fotografia', 'Sighseeing', 'Torre Lamberti', 'Museo Conte', 'Museo Radio']",Torre Lamberti,strategy_nearest,True,0.002834796905517578,success
04307E429C4C80,2,['Casa Giulietta'],Castelvecchio,"['Museo Lapidario', 'Verona Tour', 'Arena', 'Museo Radio', 'San Zeno']",Giardino Giusti,strategy_nearest,False,0.0034329891204833984,success
043080429C4C80,0,['Arena'],San Zeno,"['Castelvecchio', 'Verona Tour', 'Museo Lapidario', 'Museo Miniscalchi', 'Sighseeing']",Giardino Giusti,strategy_nearest,False,0.0014729499816894531,success
043084429C4C80,3,['Arena'],Santa Anastasia,"['AMO', 'Museo Conte', 'Palazzo della Ragione', 'Teatro Romano', 'Centro Fotografia']",Torre Lamberti,strategy_nearest,False,0.003258943557739258,success
043088429C4C81,3,"['Castelvecchio', 'Arena', 'Teatro Romano']",San Zeno,"['Verona Tour', 'Museo Lapidario', 'Museo Miniscalchi', 'Sighseeing', 'Museo Radio']",San Fermo,strategy_nearest,False,0.0026018619537353516,success
043084429C4C81,0,['Arena'],Casa Giulietta,"['Centro Fotografia', 'Sighseeing', 'Torre Lamberti', 'Museo Conte', 'Museo Radio']",Castelvecchio,strategy_nearest,False,0.0034821033477783203,success
0430883A9C4C80,1,"['Arena', 'Casa Giulietta']",San Fermo,"['Museo Storia', 'Museo Radio', 'Centro Fotografia', 'Sighseeing', 'Torre Lamberti']",Torre Lamberti,strategy_nearest,True,0.002110004425048828,success
04308E429C4C81,3,['Teatro Romano'],Duomo,"['AMO', 'Museo Miniscalchi', 'Santa Anastasia', 'Palazzo della Ragione', 'Museo Conte']",Torre Lamberti,strategy_nearest,False,0.0031349658966064453,success
0430934A9C4C80,0,['Arena'],Casa Giulietta,"['Centro Fotografia', 'Sighseeing', 'Torre Lamberti', 'Museo Conte', 'Museo Radio']",Santa Anastasia,strategy_nearest,False,0.0018868446350097656,success
0430934A9C4C81,3,"['Castelvecchio', 'Arena']",Torre Lamberti,"['Sighseeing', 'Centro Fotografia', 'Museo Conte', 'Casa Giulietta', 'Palazzo della Ragione']",Santa Anastasia,strategy_nearest,False,0.002627134323120117,success
0430994A9C4C81,0,['Arena'],Castelvecchio,"['Museo Lapidario', 'Verona Tour', 'Museo Radio', 'San Zeno', 'Sighseeing']",Casa Giulietta,strategy_nearest,False,0.003238201141357422,success
04309D4A9C4C80,2,['Casa Giulietta'],Torre Lamberti,"['Sighseeing', 'Centro Fotografia', 'Museo Conte', 'Palazzo della Ragione', 'AMO']",Santa Anastasia,strategy_nearest,False,0.0024662017822265625,success
04309B429C4C80,3,"['Arena', 'Casa Giulietta']",Torre Lamberti,"['Sighseeing', 'Centro Fotografia', 'Museo Conte', 'Palazzo della Ragione', 'AMO']",Santa Anastasia,strategy_nearest,False,0.0035037994384765625,success
04309B4A9C4C81,3,"['Arena', 'Casa Giulietta']",Torre Lamberti,"['Sighseeing', 'Centro Fotografia', 'Museo Conte', 'Palazzo della Ragione', 'AMO']",Duomo,strategy_nearest,False,0.0032949447631835938,success
04309B4A9C4C80,3,"['Arena', 'Museo Lapidario', 'Torre Lamberti']",Casa Giulietta,"['Centro Fotografia', 'Sighseeing', 'Museo Conte', 'Museo Radio', 'Palazzo della Ragione']",Santa Anastasia,strategy_nearest,False,0.0034198760986328125,success
0430A34A9C4C81,0,"['Castelvecchio', 'San Zeno']",Duomo,"['AMO', 'Museo Miniscalchi', 'Santa Anastasia', 'Teatro Romano', 'Palazzo della Ragione']",Casa Giulietta,strategy_nearest,False,0.002023935317993164,success
0430A1429C4C80,3,"['Duomo', 'Santa Anastasia']",Torre Lamberti,"['Sighseeing', 'Centro Fotografia', 'Museo Conte', 'Casa Giulietta', 'Palazzo della Ragione']",Casa Giulietta,strategy_nearest,True,0.002808809280395508,success
04309E429C4C81,3,"['Arena', 'Casa Giulietta', 'Torre Lamberti']",Santa Anastasia,"['AMO', 'Museo Conte', 'Palazzo della Ragione', 'Teatro Romano', 'Centro Fotografia']",Duomo,strategy_nearest,False,0.004110097885131836,success
04309D4A9C4C81,2,"['Museo Lapidario', 'Torre Lamberti']",Casa Giulietta,"['Centro Fotografia', 'Sighseeing', 'Museo Conte', 'Museo Radio', 'Palazzo della Ragione']",Santa Anastasia,strategy_nearest,False,0.0022611618041992188,success
0430A44A9C4C80,3,"['Arena', 'Casa Giulietta']",Torre Lamberti,"['Sighseeing', 'Centro Fotografia', 'Museo Conte', 'Palazzo della Ragione', 'AMO']",Santa Anastasia,strategy_nearest,False,0.002273082733154297,success
0430A7429C4C80,0,['Arena'],Museo Storia,"['San Fermo', 'Museo Radio', 'Casa Giulietta', 'Centro Fotografia', 'Tomba Giulietta']",Castelvecchio,strategy_nearest,False,0.002148866653442383,success
0430A74A9C4C80,2,"['San Zeno', 'Castelvecchio']",Casa Giulietta,"['Centro Fotografia', 'Sighseeing', 'Torre Lamberti', 'Museo Conte', 'Museo Radio']",Teatro Romano,strategy_nearest,False,0.002864837646484375,success
0430A84A9C4C81,3,['Arena'],Santa Anastasia,"['AMO', 'Museo Conte', 'Palazzo della Ragione', 'Teatro Romano', 'Centro Fotografia']",Duomo,strategy_nearest,False,0.0035657882690429688,success
0430AB4A9C4C80,0,"['Arena', 'San Zeno']",Castelvecchio,"['Museo Lapidario', 'Verona Tour', 'Museo Radio', 'Sighseeing', 'Museo Miniscalchi']",Tomba Giulietta,strategy_nearest,False,0.0014848709106445312,success
0430A94A9C4C80,0,['Arena'],Museo Lapidario,"['Verona Tour', 'Castelvecchio', 'Museo Radio', 'San Fermo', 'Casa Giulietta']",Castelvecchio,strategy_nearest,True,0.0022220611572265625,success
0430AB4A9C4C81,0,['Castelvecchio'],Arena,"['Verona Tour', 'Museo Lapidario', 'Museo Radio', 'San Fermo', 'Casa Giulietta']",Casa Giulietta,strategy_nearest,True,0.0026001930236816406,success
0430B03A9C4C80,2,['Castelvecchio'],Casa Giulietta,"['Centro Fotografia', 'Sighseeing', 'Torre Lamberti', 'Museo Conte', 'Museo Radio']",Torre Lamberti,strategy_nearest,True,0.0034689903259277344,success
0430BE429C4C80,1,"['Arena', 'Torre Lamberti']",Palazzo della Ragione,"['AMO', 'Museo Conte', 'Centro Fotografia', 'Sighseeing', 'Santa Anastasia']",Santa Anastasia,strategy_nearest,True,0.002663850784301758,success
0430B4429C4C81,3,"['Arena', 'Castelvecchio', 'Torre Lamberti']",Casa Giulietta,"['Centro Fotografia', 'Sighseeing', 'Museo Conte', 'Museo Radio', 'Palazzo della Ragione']",Teatro Romano,strategy_nearest,False,0.0018439292907714844,success
0430C13A9C4C81,2,['Castelvecchio'],Santa Anastasia,"['AMO', 'Museo Conte', 'Palazzo della Ragione', 'Teatro Romano', 'Centro Fotografia']",Torre Lamberti,strategy_nearest,False,0.0025968551635742188,success
0430C2429C4C80,0,"['Arena', 'Torre Lamberti']",Casa Giulietta,"['Centro Fotografia', 'Sighseeing', 'Museo Conte', 'Museo Radio', 'Palazzo della Ragione']",Teatro Romano,strategy_nearest,False,0.0032308101654052734,success
0430CA3A9C4C81,3,"['Arena', 'Museo Lapidario', 'Castelvecchio']",Torre Lamberti,"['Sighseeing', 'Centro Fotografia', 'Museo Conte', 'Casa Giulietta', 'Palazzo della Ragione']",Casa Giulietta,strategy_nearest,True,0.0021810531616210938,success
0430D03A9C4C81,3,"['Casa Giulietta', 'Torre Lamberti', 'Santa Anastasia', 'Duomo']",Teatro Romano,"['AMO', 'Palazzo della Ragione', 'Museo Conte', 'Centro Fotografia', 'Museo Miniscalchi']",San Zeno,strategy_nearest,False,0.003297090530395508,success
0430C83A9C4C81,0,['Arena'],Casa Giulietta,"['Centro Fotografia', 'Sighseeing', 'Torre Lamberti', 'Museo Conte', 'Museo Radio']",Torre Lamberti,strategy_nearest,True,0.004313230514526367,success
0430D3429C4C81,3,"['Arena', 'Duomo']",Torre Lamberti,"['Sighseeing', 'Centro Fotografia', 'Museo Conte', 'Casa Giulietta', 'Palazzo della Ragione']",Casa Giulietta,strategy_nearest,True,0.0020830631256103516,success
0430D43A9C4C80,3,"['Museo Storia', 'San Fermo', 'Duomo']",Arena,"['Verona Tour', 'Museo Lapidario', 'Museo Radio', 'Casa Giulietta', 'Sighseeing']",Castelvecchio,strategy_nearest,False,0.001497030258178711,success
0430D5429C4C80,3,"['Arena', 'Santa Anastasia']",Teatro Romano,"['Duomo', 'AMO', 'Palazzo della Ragione', 'Museo Conte', 'Centro Fotografia']",Casa Giulietta,strategy_nearest,False,0.002234220504760742,success
0430D7429C4C80,3,"['Arena', 'Museo Lapidario', 'Casa Giulietta']",Torre Lamberti,"['Sighseeing', 'Centro Fotografia', 'Museo Conte', 'Palazzo della Ragione', 'AMO']",Santa Anastasia,strategy_nearest,False,0.0027871131896972656,success
0430DA429C4C80,0,"['Castelvecchio', 'Arena']",Casa Giulietta,"['Centro Fotografia', 'Sighseeing', 'Torre Lamberti', 'Museo Conte', 'Museo Radio']",Torre Lamberti,strategy_nearest,True,0.0033299922943115234,success
043140429C4C80,0,"['Arena', 'San Fermo']",Torre Lamberti,"['Sighseeing', 'Centro Fotografia', 'Museo Conte', 'Casa Giulietta', 'Palazzo della Ragione']",Casa Giulietta,strategy_nearest,True,0.0026979446411132812,success
04313F429C4C80,0,['Arena'],Castelvecchio,"['Museo Lapidario', 'Verona Tour', 'Museo Radio', 'San Zeno', 'Sighseeing']",Casa Giulietta,strategy_nearest,False,0.0040929317474365234,success
0430F53A9C4C80,2,['Torre Lamberti'],Santa Anastasia,"['AMO', 'Museo Conte', 'Palazzo della Ragione', 'Teatro Romano', 'Centro Fotografia']",Duomo,strategy_nearest,False,0.002952098846435547,success
0430F8429C4C80,3,['Arena'],Casa Giulietta,"['Centro Fotografia', 'Sighseeing', 'Torre Lamberti', 'Museo Conte', 'Museo Radio']",Santa Anastasia,strategy_nearest,False,0.002029895782470703,success
04314D3A9C4C80,0,['Arena'],Museo Lapidario,"['Verona Tour', 'Castelvecchio', 'Museo Radio', 'San Fermo', 'Casa Giulietta']",Castelvecchio,strategy_nearest,True,0.002056121826171875,success
04314C3A9C4C80,3,['Arena'],Torre Lamberti,"['Sighseeing', 'Centro Fotografia', 'Museo Conte', 'Casa Giulietta', 'Palazzo della Ragione']",Santa Anastasia,strategy_nearest,False,0.001438140869140625,success
0431513A9C4C80,3,"['Casa Giulietta', 'Santa Anastasia', 'Duomo']",Teatro Romano,"['AMO', 'Palazzo della Ragione', 'Museo Conte', 'Centro Fotografia', 'Museo Miniscalchi']",San Fermo,strategy_nearest,False,0.0032958984375,success
0431413A9C4C80,0,['Arena'],Casa Giulietta,"['Centro Fotografia', 'Sighseeing', 'Torre Lamberti', 'Museo Conte', 'Museo Radio']",Torre Lamberti,strategy_nearest,True,0.0029282569885253906,success
04315F3A9C4C80,2,['Casa Giulietta'],Teatro Romano,"['Santa Anastasia', 'Duomo', 'AMO', 'Palazzo della Ragione', 'Museo Conte']",San Fermo,strategy_nearest,False,0.004080057144165039,success
0431693A9C4C81,3,"['Arena', 'Castelvecchio', 'Museo Lapidario']",Casa Giulietta,"['Centro Fotografia', 'Sighseeing', 'Torre Lamberti', 'Museo Conte', 'Museo Radio']",Teatro Romano,strategy_nearest,False,0.002189159393310547,success
04316D429C4C81,3,"['Arena', 'Casa Giulietta']",Teatro Romano,"['Santa Anastasia', 'Duomo', 'AMO', 'Palazzo della Ragione', 'Museo Conte']",Santa Anastasia,strategy_nearest,True,0.003431081771850586,success
043173429C4C80,0,['Arena'],Torre Lamberti,"['Sighseeing', 'Centro Fotografia', 'Museo Conte', 'Casa Giulietta', 'Palazzo della Ragione']",Casa Giulietta,strategy_nearest,True,0.0014090538024902344,success
043177429C4C81,2,"['Torre Lamberti', 'Palazzo della Ragione', 'Santa Anastasia']",Duomo,"['AMO', 'Museo Miniscalchi', 'Teatro Romano', 'Museo Conte', 'Centro Fotografia']",Teatro Romano,strategy_nearest,True,0.0018868446350097656,success
04317A4A9C4C81,3,"['Arena', 'Tomba Giulietta', 'San Fermo']",Casa Giulietta,"['Centro Fotografia', 'Sighseeing', 'Torre Lamberti', 'Museo Conte', 'Museo Radio']",Torre Lamberti,strategy_nearest,True,0.002540111541748047,success
04317A429C4C80,3,"['Arena', 'Casa Giulietta', 'Torre Lamberti']",Castelvecchio,"['Museo Lapidario', 'Verona Tour', 'Museo Radio', 'San Zeno', 'Sighseeing']",San Zeno,strategy_nearest,True,0.0020971298217773438,success
04317A429C4C81,3,"['Museo Lapidario', 'Arena']",San Fermo,"['Museo Storia', 'Museo Radio', 'Casa Giulietta', 'Centro Fotografia', 'Sighseeing']",Duomo,strategy_nearest,False,0.003220081329345703,success
04317E3A9C4C81,0,"['Arena', 'Casa Giulietta']",Teatro Romano,"['Santa Anastasia', 'Duomo', 'AMO', 'Palazzo della Ragione', 'Museo Conte']",Castelvecchio,strategy_nearest,False,0.0021660327911376953,success
043180429C4C80,3,"['Casa Giulietta', 'Arena', 'Museo Lapidario', 'Tomba Giulietta']",Castelvecchio,"['Verona Tour', 'Museo Radio', 'San Zeno', 'Sighseeing', 'Museo Miniscalchi']",Duomo,strategy_nearest,False,0.0032300949096679688,success
04317C4A9C4C81,3,"['Castelvecchio', 'Museo Lapidario', 'Arena']",Casa Giulietta,"['Centro Fotografia', 'Sighseeing', 'Torre Lamberti', 'Museo Conte', 'Museo Radio']",Duomo,strategy_nearest,False,0.0028228759765625,success
04317C3A9C4C81,3,['Arena'],Santa Anastasia,"['AMO', 'Museo Conte', 'Palazzo della Ragione', 'Teatro Romano', 'Centro Fotografia']",Teatro Romano,strategy_nearest,True,0.0016498565673828125,success
043183429C4C81,3,"['Arena', 'Torre Lamberti', 'Casa Giulietta']",Santa Anastasia,"['AMO', 'Museo Conte', 'Palazzo della Ragione', 'Teatro Romano', 'Centro Fotografia']",Duomo,strategy_nearest,False,0.002460956573486328,success
0431844A9C4C81,3,"['Casa Giulietta', 'Santa Anastasia']",Torre Lamberti,"['Sighseeing', 'Centro Fotografia', 'Museo Conte', 'Palazzo della Ragione', 'AMO']",Castelvecchio,strategy_nearest,False,0.0019221305847167969,success
043188429C4C81,3,"['Arena', 'San Fermo', 'Torre Lamberti']",Duomo,"['AMO', 'Museo Miniscalchi', 'Santa Anastasia', 'Teatro Romano', 'Palazzo della Ragione']",Santa Anastasia,strategy_nearest,True,0.0032749176025390625,success
043186429C4C80,3,"['Arena', 'Santa Anastasia']",Duomo,"['AMO', 'Museo Miniscalchi', 'Teatro Romano', 'Palazzo della Ragione', 'Museo Conte']",Giardino Giusti,strategy_nearest,False,0.002785921096801758,success
043191429C4C80,2,['Tomba Giulietta'],San Fermo,"['Museo Storia', 'Museo Radio', 'Casa Giulietta', 'Centro Fotografia', 'Arena']",Casa Giulietta,strategy_nearest,True,0.0034852027893066406,success
0431914A9C4C81,3,"['Castelvecchio', 'Arena']",Casa Giulietta,"['Centro Fotografia', 'Sighseeing', 'Torre Lamberti', 'Museo Conte', 'Museo Radio']",Torre Lamberti,strategy_nearest,True,0.002783060073852539,success
04318A429C4C80,3,"['Arena', 'Torre Lamberti', 'Santa Anastasia']",Teatro Romano,"['Duomo', 'AMO', 'Palazzo della Ragione', 'Museo Conte', 'Centro Fotografia']",Casa Giulietta,strategy_nearest,False,0.0028290748596191406,success
043193429C4C81,2,"['Castelvecchio', 'Casa Giulietta']",Santa Anastasia,"['AMO', 'Museo Conte', 'Palazzo della Ragione', 'Teatro Romano', 'Centro Fotografia']",Duomo,strategy_nearest,False,0.0033490657806396484,success
0431934A9C4C81,3,"['Arena', 'Museo Lapidario']",Duomo,"['AMO', 'Museo Miniscalchi', 'Santa Anastasia', 'Teatro Romano', 'Palazzo della Ragione']",Casa Giulietta,strategy_nearest,False,0.0022029876708984375,success
0431974A9C4C81,0,['Arena'],Castelvecchio,"['Museo Lapidario', 'Verona Tour', 'Museo Radio', 'San Zeno', 'Sighseeing']",Casa Giulietta,strategy_nearest,False,0.002348661422729492,success
043199429C4C81,0,['Arena'],Casa Giulietta,"['Centro Fotografia', 'Sighseeing', 'Torre Lamberti', 'Museo Conte', 'Museo Radio']",Duomo,strategy_nearest,False,0.002368927001953125,success
04319B4A9C4C81,1,"['Tomba Giulietta', 'Castelvecchio', 'Arena']",Santa Anastasia,"['AMO', 'Museo Conte', 'Palazzo della Ragione', 'Teatro Romano', 'Centro Fotografia']",Torre Lamberti,strategy_nearest,False,0.0032901763916015625,success
04319D429C4C80,3,"['Arena', 'San Fermo', 'Casa Giulietta']",Torre Lamberti,"['Sighseeing', 'Centro Fotografia', 'Museo Conte', 'Palazzo della Ragione', 'AMO']",Santa Anastasia,strategy_nearest,False,0.002415895462036133,success
04319E4A9C4C81,2,"['Casa Giulietta', 'Santa Anastasia']",Duomo,"['AMO', 'Museo Miniscalchi', 'Teatro Romano', 'Palazzo della Ragione', 'Museo Conte']",Teatro Romano,strategy_nearest,True,0.0036537647247314453,success
0431A0429C4C81,3,"['Santa Anastasia', 'Duomo', 'San Fermo']",Tomba Giulietta,"['Museo Storia', 'Arena', 'Museo Lapidario', 'Museo Radio', 'Verona Tour']",Torre Lamberti,strategy_nearest,False,0.002638101577758789,success
0431A14A9C4C80,0,['Arena'],Tomba Giulietta,"['San Fermo', 'Museo Storia', 'Museo Lapidario', 'Museo Radio', 'Verona Tour']",Casa Giulietta,strategy_nearest,False,0.003187894821166992,success
0431A2429C4C80,3,"['Santa Anastasia', 'Torre Lamberti']",Arena,"['Verona Tour', 'Museo Lapidario', 'Museo Radio', 'San Fermo', 'Casa Giulietta']",San Fermo,strategy_nearest,True,0.0031380653381347656,success
0431A34A9C4C80,0,['Castelvecchio'],Arena,"['Verona Tour', 'Museo Lapidario', 'Museo Radio', 'San Fermo', 'Casa Giulietta']",Museo Lapidario,strategy_nearest,True,0.0033729076385498047,success
0431A4429C4C81,0,['Arena'],Casa Giulietta,"['Centro Fotografia', 'Sighseeing', 'Torre Lamberti', 'Museo Conte', 'Museo Radio']",Torre Lamberti,strategy_nearest,True,0.0034568309783935547,success
0431A24A9C4C81,3,['Arena'],Casa Giulietta,"['Centro Fotografia', 'Sighseeing', 'Torre Lamberti', 'Museo Conte', 'Museo Radio']",Santa Anastasia,strategy_nearest,False,0.002218008041381836,success
0431A53A9C4C81,3,"['Castelvecchio', 'Arena']",San Zeno,"['Verona Tour', 'Museo Lapidario', 'Museo Miniscalchi', 'Sighseeing', 'Museo Radio']",Duomo,strategy_nearest,False,0.0020368099212646484,success
0431A54A9C4C80,3,"['Arena', 'Casa Giulietta']",Torre Lamberti,"['Sighseeing', 'Centro Fotografia', 'Museo Conte', 'Palazzo della Ragione', 'AMO']",Santa Anastasia,strategy_nearest,False,0.0022192001342773438,success
0431A73A9C4C81,3,"['Arena', 'Casa Giulietta']",Torre Lamberti,"['Sighseeing', 'Centro Fotografia', 'Museo Conte', 'Palazzo della Ragione', 'AMO']",Teatro Romano,strategy_nearest,False,0.0032529830932617188,success
0431A64A9C4C80,3,"['Castelvecchio', 'Arena']",Casa Giulietta,"['Centro Fotografia', 'Sighseeing', 'Torre Lamberti', 'Museo Conte', 'Museo Radio']",Santa Anastasia,strategy_nearest,False,0.0028188228607177734,success
0431A73A9C4C80,0,['Castelvecchio'],Arena,"['Verona Tour', 'Museo Lapidario', 'Museo Radio', 'San Fermo', 'Casa Giulietta']",Torre Lamberti,strategy_nearest,False,0.002115011215209961,success
0431A84A9C4C80,0,['Arena'],Casa Giulietta,"['Centro Fotografia', 'Sighseeing', 'Torre Lamberti', 'Museo Conte', 'Museo Radio']",Torre Lamberti,strategy_nearest,True,0.0033740997314453125,success
0431AA3A9C4C81,3,"['Arena', 'Casa Giulietta']",Torre Lamberti,"['Sighseeing', 'Centro Fotografia', 'Museo Conte', 'Palazzo della Ragione', 'AMO']",Santa Anastasia,strategy_nearest,False,0.00215911865234375,success
0431AC3A9C4C80,0,['Arena'],Casa Giulietta,"['Centro Fotografia', 'Sighseeing', 'Torre Lamberti', 'Museo Conte', 'Museo Radio']",Castelvecchio,strategy_nearest,False,0.002580881118774414,success
0431AA4A9C4C81,0,['Arena'],Casa Giulietta,"['Centro Fotografia', 'Sighseeing', 'Torre Lamberti', 'Museo Conte', 'Museo Radio']",Duomo,strategy_nearest,False,0.0014369487762451172,success
0431AC429C4C81,0,['Arena'],Castelvecchio,"['Museo Lapidario', 'Verona Tour', 'Museo Radio', 'San Zeno', 'Sighseeing']",Santa Anastasia,strategy_nearest,False,0.0015022754669189453,success
0431AD3A9C4C81,0,['San Zeno'],Duomo,"['AMO', 'Museo Miniscalchi', 'Santa Anastasia', 'Teatro Romano', 'Palazzo della Ragione']",Castelvecchio,strategy_nearest,False,0.0021228790283203125,success
0431B6429C4C80,0,"['Arena', 'Castelvecchio']",Casa Giulietta,"['Centro Fotografia', 'Sighseeing', 'Torre Lamberti', 'Museo Conte', 'Museo Radio']",Teatro Romano,strategy_nearest,False,0.0027298927307128906,success
0431B7429C4C80,3,['Arena'],Santa Anastasia,"['AMO', 'Museo Conte', 'Palazzo della Ragione', 'Teatro Romano', 'Centro Fotografia']",Duomo,strategy_nearest,False,0.003476858139038086,success
0431C53A9C4C80,3,['Arena'],Casa Giulietta,"['Centro Fotografia', 'Sighseeing', 'Torre Lamberti', 'Museo Conte', 'Museo Radio']",Santa Anastasia,strategy_nearest,False,0.0018928050994873047,success
0431BE3A9C4C81,3,"['Tomba Giulietta', 'Arena', 'Casa Giulietta']",Torre Lamberti,"['Sighseeing', 'Centro Fotografia', 'Museo Conte', 'Palazzo della Ragione', 'AMO']",Santa Anastasia,strategy_nearest,False,0.0033299922943115234,success
0431C73A9C4C81,2,"['Casa Giulietta', 'San Zeno']",San Fermo,"['Museo Storia', 'Museo Radio', 'Centro Fotografia', 'Arena', 'Sighseeing']",Santa Anastasia,strategy_nearest,False,0.0032901763916015625,success
0431C83A9C4C81,2,['Casa Giulietta'],Torre Lamberti,"['Sighseeing', 'Centro Fotografia', 'Museo Conte', 'Palazzo della Ragione', 'AMO']",San Zeno,strategy_nearest,False,0.0023860931396484375,success
0431CA3A9C4C81,2,"['Castelvecchio', 'Tomba Giulietta']",Casa Giulietta,"['Centro Fotografia', 'Sighseeing', 'Torre Lamberti', 'Museo Conte', 'Museo Radio']",Torre Lamberti,strategy_nearest,True,0.002585887908935547,success
0431D23A9C4C80,2,"['Castelvecchio', 'Torre Lamberti']",Casa Giulietta,"['Centro Fotografia', 'Sighseeing', 'Museo Conte', 'Museo Radio', 'Palazzo della Ragione']",Tomba Giulietta,strategy_nearest,False,0.0024619102478027344,success
0431D8429C4C80,3,"['Arena', 'Casa Giulietta', 'Torre Lamberti']",Duomo,"['AMO', 'Museo Miniscalchi', 'Santa Anastasia', 'Teatro Romano', 'Palazzo della Ragione']",Giardino Giusti,strategy_nearest,False,0.0020411014556884766,success
0431D6429C4C80,3,"['Arena', 'Casa Giulietta']",Torre Lamberti,"['Sighseeing', 'Centro Fotografia', 'Museo Conte', 'Palazzo della Ragione', 'AMO']",Santa Anastasia,strategy_nearest,False,0.0024650096893310547,success
0431D73A9C4C80,3,"['San Zeno', 'Teatro Romano', 'Duomo']",Santa Anastasia,"['AMO', 'Museo Conte', 'Palazzo della Ragione', 'Centro Fotografia', 'Torre Lamberti']",Torre Lamberti,strategy_nearest,True,0.003450155258178711,success
0431D93A9C4C80,1,"['Casa Giulietta', 'Palazzo della Ragione', 'Santa Anastasia', 'Duomo', 'Torre Lamberti']",Teatro Romano,"['AMO', 'Museo Conte', 'Centro Fotografia', 'Museo Miniscalchi', 'Giardino Giusti']",Museo Lapidario,strategy_nearest,False,0.002624034881591797,success
0431FA429C4C80,0,"['Arena', 'San Zeno']",Tomba Giulietta,"['San Fermo', 'Museo Storia', 'Museo Lapidario', 'Museo Radio', 'Verona Tour']",San Fermo,strategy_nearest,True,0.00203704833984375,success
0431DB429C4C80,3,"['Arena', 'Castelvecchio', 'Torre Lamberti', 'Casa Giulietta']",Teatro Romano,"['Santa Anastasia', 'Duomo', 'AMO', 'Palazzo della Ragione', 'Museo Conte']",Santa Anastasia,strategy_nearest,True,0.0034182071685791016,success
0431F53A9C4C80,3,['Arena'],Castelvecchio,"['Museo Lapidario', 'Verona Tour', 'Museo Radio', 'San Zeno', 'Sighseeing']",San Zeno,strategy_nearest,True,0.0034461021423339844,success
0431DD429C4C80,2,['Castelvecchio'],Torre Lamberti,"['Sighseeing', 'Centro Fotografia', 'Museo Conte', 'Casa Giulietta', 'Palazzo della Ragione']",Teatro Romano,strategy_nearest,False,0.002173900604248047,success
04324D3A9C4C80,0,['Arena'],Casa Giulietta,"['Centro Fotografia', 'Sighseeing', 'Torre Lamberti', 'Museo Conte', 'Museo Radio']",Torre Lamberti,strategy_nearest,True,0.002134561538696289,success
043237429C4C80,0,"['Arena', 'Museo Lapidario']",Castelvecchio,"['Verona Tour', 'Museo Radio', 'San Zeno', 'Sighseeing', 'Museo Miniscalchi']",Torre Lamberti,strategy_nearest,False,0.003997087478637695,success
0432513A9C4C80,0,['Arena'],Torre Lamberti,"['Sighseeing', 'Centro Fotografia', 'Museo Conte', 'Casa Giulietta', 'Palazzo della Ragione']",Casa Giulietta,strategy_nearest,True,0.002649068832397461,success
0431FC429C4C80,3,"['Arena', 'Casa Giulietta']",Castelvecchio,"['Museo Lapidario', 'Verona Tour', 'Museo Radio', 'San Zeno', 'Sighseeing']",Santa Anastasia,strategy_nearest,False,0.0022749900817871094,success
0432563A9C4C80,2,['Castelvecchio'],Casa Giulietta,"['Centro Fotografia', 'Sighseeing', 'Torre Lamberti', 'Museo Conte', 'Museo Radio']",Santa Anastasia,strategy_nearest,False,0.0021049976348876953,success
0432553A9C4C80,0,['Arena'],Casa Giulietta,"['Centro Fotografia', 'Sighseeing', 'Torre Lamberti', 'Museo Conte', 'Museo Radio']",San Fermo,strategy_nearest,False,0.003449678421020508,success
04326A429C4C80,2,['Casa Giulietta'],Duomo,"['AMO', 'Museo Miniscalchi', 'Santa Anastasia', 'Teatro Romano', 'Palazzo della Ragione']",Torre Lamberti,strategy_nearest,False,0.003348112106323242,success
04326A3A9C4C81,3,"['Arena', 'Castelvecchio', 'Casa Giulietta']",Torre Lamberti,"['Sighseeing', 'Centro Fotografia', 'Museo Conte', 'Palazzo della Ragione', 'AMO']",Santa Anastasia,strategy_nearest,False,0.001477956771850586,success
04326F3A9C4C80,1,"['Arena', 'Torre Lamberti']",Palazzo della Ragione,"['AMO', 'Museo Conte', 'Centro Fotografia', 'Sighseeing', 'Santa Anastasia']",Santa Anastasia,strategy_nearest,True,0.0018970966339111328,success
0432723A9C4C81,3,"['Arena', 'Museo Lapidario']",Casa Giulietta,"['Centro Fotografia', 'Sighseeing', 'Torre Lamberti', 'Museo Conte', 'Museo Radio']",Torre Lamberti,strategy_nearest,True,0.003240823745727539,success
04326D3A9C4C81,0,"['San Zeno', 'Castelvecchio', 'Arena']",Teatro Romano,"['Santa Anastasia', 'Duomo', 'AMO', 'Palazzo della Ragione', 'Museo Conte']",Museo Lapidario,strategy_nearest,False,0.002841949462890625,success
04327A429C4C81,3,"['Arena', 'Casa Giulietta', 'Duomo', 'Teatro Romano']",Santa Anastasia,"['AMO', 'Museo Conte', 'Palazzo della Ragione', 'Centro Fotografia', 'Torre Lamberti']",Torre Lamberti,strategy_nearest,True,0.00344085693359375,success
04327B3A9C4C81,0,['Arena'],Casa Giulietta,"['Centro Fotografia', 'Sighseeing', 'Torre Lamberti', 'Museo Conte', 'Museo Radio']",Torre Lamberti,strategy_nearest,True,0.002549886703491211,success
04327C3A9C4C81,3,"['Arena', 'Museo Lapidario', 'Castelvecchio']",Duomo,"['AMO', 'Museo Miniscalchi', 'Santa Anastasia', 'Teatro Romano', 'Palazzo della Ragione']",Teatro Romano,strategy_nearest,True,0.0025861263275146484,success
043284429C4C80,3,"['Arena', 'Casa Giulietta']",Torre Lamberti,"['Sighseeing', 'Centro Fotografia', 'Museo Conte', 'Palazzo della Ragione', 'AMO']",Santa Anastasia,strategy_nearest,False,0.002074718475341797,success
0432864A9C4C81,0,['Casa Giulietta'],San Fermo,"['Museo Storia', 'Museo Radio', 'Centro Fotografia', 'Arena', 'Sighseeing']",Tomba Giulietta,strategy_nearest,False,0.002524852752685547,success
0432843A9C4C81,3,['Arena'],Santa Anastasia,"['AMO', 'Museo Conte', 'Palazzo della Ragione', 'Teatro Romano', 'Centro Fotografia']",Torre Lamberti,strategy_nearest,False,0.0041429996490478516,success
043288429C4C81,1,"['Arena', 'Torre Lamberti']",Palazzo della Ragione,"['AMO', 'Museo Conte', 'Centro Fotografia', 'Sighseeing', 'Santa Anastasia']",Casa Giulietta,strategy_nearest,False,0.002309083938598633,success
0432894A9C4C81,1,"['Museo Lapidario', 'Arena', 'Torre Lamberti']",Palazzo della Ragione,"['AMO', 'Museo Conte', 'Centro Fotografia', 'Sighseeing', 'Santa Anastasia']",Santa Anastasia,strategy_nearest,True,0.002727031707763672,success
04328C429C4C80,3,"['Teatro Romano', 'Duomo', 'Santa Anastasia']",Torre Lamberti,"['Sighseeing', 'Centro Fotografia', 'Museo Conte', 'Casa Giulietta', 'Palazzo della Ragione']",Casa Giulietta,strategy_nearest,True,0.0018641948699951172,success
043289429C4C81,2,"['Castelvecchio', 'Casa Giulietta']",Torre Lamberti,"['Sighseeing', 'Centro Fotografia', 'Museo Conte', 'Palazzo della Ragione', 'AMO']",Santa Anastasia,strategy_nearest,False,0.0033941268920898438,success
0432914A9C4C81,0,['Torre Lamberti'],Casa Giulietta,"['Centro Fotografia', 'Sighseeing', 'Museo Conte', 'Museo Radio', 'Palazzo della Ragione']",Arena,strategy_nearest,False,0.003359079360961914,success
0432944A9C4C80,0,['Arena'],Casa Giulietta,"['Centro Fotografia', 'Sighseeing', 'Torre Lamberti', 'Museo Conte', 'Museo Radio']",Duomo,strategy_nearest,False,0.0020699501037597656,success
0432934A9C4C81,0,"['Torre Lamberti', 'Casa Giulietta']",Arena,"['Verona Tour', 'Museo Lapidario', 'Museo Radio', 'San Fermo', 'Sighseeing']",Duomo,strategy_nearest,False,0.001512289047241211,success
04328D4A9C4C81,3,"['San Zeno', 'Castelvecchio', 'Arena']",Santa Anastasia,"['AMO', 'Museo Conte', 'Palazzo della Ragione', 'Teatro Romano', 'Centro Fotografia']",Casa Giulietta,strategy_nearest,False,0.0034041404724121094,success
04329B4A9C4C81,0,['Arena'],Casa Giulietta,"['Centro Fotografia', 'Sighseeing', 'Torre Lamberti', 'Museo Conte', 'Museo Radio']",Santa Anastasia,strategy_nearest,False,0.0018970966339111328,success
0432974A9C4C80,1,"['Arena', 'Torre Lamberti']",Palazzo della Ragione,"['AMO', 'Museo Conte', 'Centro Fotografia', 'Sighseeing', 'Santa Anastasia']",Santa Anastasia,strategy_nearest,True,0.0026450157165527344,success
0432974A9C4C81,3,"['Arena', 'Castelvecchio']",Torre Lamberti,"['Sighseeing', 'Centro Fotografia', 'Museo Conte', 'Casa Giulietta', 'Palazzo della Ragione']",Casa Giulietta,strategy_nearest,True,0.0013451576232910156,success
04329D429C4C81,1,['Arena'],Santa Anastasia,"['AMO', 'Museo Conte', 'Palazzo della Ragione', 'Teatro Romano', 'Centro Fotografia']",Palazzo della Ragione,strategy_nearest,True,0.003217935562133789,success
04329E4A9C4C81,3,['Arena'],Casa Giulietta,"['Centro Fotografia', 'Sighseeing', 'Torre Lamberti', 'Museo Conte', 'Museo Radio']",Santa Anastasia,strategy_nearest,False,0.002995014190673828,success
0432A14A9C4C81,1,"['Palazzo della Ragione', 'Torre Lamberti']",Santa Anastasia,"['AMO', 'Museo Conte', 'Teatro Romano', 'Centro Fotografia', 'Duomo']",Castelvecchio,strategy_nearest,False,0.002599954605102539,success
0432A14A9C4C80,3,"['Arena', 'Casa Giulietta']",Torre Lamberti,"['Sighseeing', 'Centro Fotografia', 'Museo Conte', 'Palazzo della Ragione', 'AMO']",Santa Anastasia,strategy_nearest,False,0.002795696258544922,success
0432A44A9C4C81,2,['Castelvecchio'],Torre Lamberti,"['Sighseeing', 'Centro Fotografia', 'Museo Conte', 'Casa Giulietta', 'Palazzo della Ragione']",Casa Giulietta,strategy_nearest,True,0.003299713134765625,success
0432A8429C4C81,3,"['Arena', 'San Fermo', 'Casa Giulietta']",Torre Lamberti,"['Sighseeing', 'Centro Fotografia', 'Museo Conte', 'Palazzo della Ragione', 'AMO']",Santa Anastasia,strategy_nearest,False,0.0019998550415039062,success
0432A8429C4C80,0,['Arena'],Casa Giulietta,"['Centro Fotografia', 'Sighseeing', 'Torre Lamberti', 'Museo Conte', 'Museo Radio']",Torre Lamberti,strategy_nearest,True,0.002147197723388672,success
0432A73A9C4C81,0,['Arena'],Casa Giulietta,"['Centro Fotografia', 'Sighseeing', 'Torre Lamberti', 'Museo Conte', 'Museo Radio']",Torre Lamberti,strategy_nearest,True,0.003410816192626953,success
0432A7429C4C80,3,"['Arena', 'Casa Giulietta']",Santa Anastasia,"['AMO', 'Museo Conte', 'Palazzo della Ragione', 'Teatro Romano', 'Centro Fotografia']",Teatro Romano,strategy_nearest,True,0.004060983657836914,success
0432AF3A9C4C80,0,['Arena'],Casa Giulietta,"['Centro Fotografia', 'Sighseeing', 'Torre Lamberti', 'Museo Conte', 'Museo Radio']",Duomo,strategy_nearest,False,0.0025510787963867188,success
0432AA429C4C80,2,['Torre Lamberti'],Santa Anastasia,"['AMO', 'Museo Conte', 'Palazzo della Ragione', 'Teatro Romano', 'Centro Fotografia']",Duomo,strategy_nearest,False,0.0028328895568847656,success
0432AA4A9C4C81,3,"['Arena', 'Santa Anastasia']",Teatro Romano,"['Duomo', 'AMO', 'Palazzo della Ragione', 'Museo Conte', 'Centro Fotografia']",Duomo,strategy_nearest,True,0.0015201568603515625,success
0432AA429C4C81,2,['Torre Lamberti'],Casa Giulietta,"['Centro Fotografia', 'Sighseeing', 'Museo Conte', 'Museo Radio', 'Palazzo della Ragione']",Tomba Giulietta,strategy_nearest,False,0.0040509700775146484,success
0432B1429C4C81,3,"['Torre Lamberti', 'Casa Giulietta']",Arena,"['Verona Tour', 'Museo Lapidario', 'Museo Radio', 'San Fermo', 'Sighseeing']",Duomo,strategy_nearest,False,0.002907991409301758,success
0432B4429C4C81,3,"['Arena', 'Casa Giulietta', 'Tomba Giulietta']",Castelvecchio,"['Museo Lapidario', 'Verona Tour', 'Museo Radio', 'San Zeno', 'Sighseeing']",Torre Lamberti,strategy_nearest,False,0.0029113292694091797,success
0432B73A9C4C81,3,"['Arena', 'Castelvecchio']",Duomo,"['AMO', 'Museo Miniscalchi', 'Santa Anastasia', 'Teatro Romano', 'Palazzo della Ragione']",Teatro Romano,strategy_nearest,True,0.001355886459350586,success
0432BA3A9C4C81,2,"['Tomba Giulietta', 'Casa Giulietta', 'Torre Lamberti']",Santa Anastasia,"['AMO', 'Museo Conte', 'Palazzo della Ragione', 'Teatro Romano', 'Centro Fotografia']",Teatro Romano,strategy_nearest,True,0.0033652782440185547,success
0432C73A9C4C81,0,"['Tomba Giulietta', 'Teatro Romano']",Torre Lamberti,"['Sighseeing', 'Centro Fotografia', 'Museo Conte', 'Casa Giulietta', 'Palazzo della Ragione']",Casa Giulietta,strategy_nearest,True,0.0027098655700683594,success
0432C23A9C4C81,3,"['Castelvecchio', 'Arena']",Torre Lamberti,"['Sighseeing', 'Centro Fotografia', 'Museo Conte', 'Casa Giulietta', 'Palazzo della Ragione']",Duomo,strategy_nearest,False,0.002850055694580078,success
0432BB3A9C4C81,0,['Arena'],Casa Giulietta,"['Centro Fotografia', 'Sighseeing', 'Torre Lamberti', 'Museo Conte', 'Museo Radio']",Torre Lamberti,strategy_nearest,True,0.0022199153900146484,success
0432C2429C4C81,2,"['Palazzo della Ragione', 'Torre Lamberti', 'Santa Anastasia']",Duomo,"['AMO', 'Museo Miniscalchi', 'Teatro Romano', 'Museo Conte', 'Centro Fotografia']",Teatro Romano,strategy_nearest,True,0.0033931732177734375,success
0432D93A9C4C80,0,"['Torre Lamberti', 'Casa Giulietta']",Arena,"['Verona Tour', 'Museo Lapidario', 'Museo Radio', 'San Fermo', 'Sighseeing']",Castelvecchio,strategy_nearest,False,0.0028269290924072266,success
0432DB3A9C4C80,3,"['Casa Giulietta', 'Torre Lamberti', 'San Fermo', 'Teatro Romano']",Arena,"['Verona Tour', 'Museo Lapidario', 'Museo Radio', 'Sighseeing', 'Castelvecchio']",Castelvecchio,strategy_nearest,True,0.0014379024505615234,success
0432D23A9C4C80,3,"['Santa Anastasia', 'Casa Giulietta']",Torre Lamberti,"['Sighseeing', 'Centro Fotografia', 'Museo Conte', 'Palazzo della Ragione', 'AMO']",Arena,strategy_nearest,False,0.0022919178009033203,success
0432EC429C4C80,3,"['Arena', 'Torre Lamberti', 'Santa Anastasia']",Teatro Romano,"['Duomo', 'AMO', 'Palazzo della Ragione', 'Museo Conte', 'Centro Fotografia']",Giardino Giusti,strategy_nearest,False,0.0030291080474853516,success
0433393A9C4C80,3,"['Casa Giulietta', 'Torre Lamberti', 'Santa Anastasia']",Castelvecchio,"['Museo Lapidario', 'Verona Tour', 'Arena', 'Museo Radio', 'San Zeno']",San Zeno,strategy_nearest,True,0.002028942108154297,success
043337429C4C80,3,"['Arena', 'Castelvecchio']",Casa Giulietta,"['Centro Fotografia', 'Sighseeing', 'Torre Lamberti', 'Museo Conte', 'Museo Radio']",Santa Anastasia,strategy_nearest,False,0.0029649734497070312,success
04333D429C4C80,3,"['Arena', 'Castelvecchio', 'Casa Giulietta']",Museo Lapidario,"['Verona Tour', 'Museo Radio', 'San Fermo', 'Tomba Giulietta', 'Sighseeing']",Torre Lamberti,strategy_nearest,False,0.0032508373260498047,success
04333E429C4C80,2,"['Castelvecchio', 'Teatro Romano', 'Torre Lamberti']",Palazzo della Ragione,"['AMO', 'Museo Conte', 'Centro Fotografia', 'Sighseeing', 'Santa Anastasia']",Torre Lamberti,strategy_nearest,False,0.002429962158203125,success
0433573A9C4C80,2,['Castelvecchio'],Duomo,"['AMO', 'Museo Miniscalchi', 'Santa Anastasia', 'Teatro Romano', 'Palazzo della Ragione']",Giardino Giusti,strategy_nearest,False,0.0018711090087890625,success
0433563A9C4C80,3,"['Arena', 'Casa Giulietta']",San Fermo,"['Museo Storia', 'Museo Radio', 'Centro Fotografia', 'Sighseeing', 'Torre Lamberti']",Torre Lamberti,strategy_nearest,True,0.0039520263671875,success
0433733A9C4C80,3,['Arena'],Santa Anastasia,"['AMO', 'Museo Conte', 'Palazzo della Ragione', 'Teatro Romano', 'Centro Fotografia']",Duomo,strategy_nearest,False,0.0024902820587158203,success
0433603A9C4C80,1,"['Arena', 'San Zeno', 'Castelvecchio']",Palazzo della Ragione,"['AMO', 'Museo Conte', 'Torre Lamberti', 'Centro Fotografia', 'Sighseeing']",Duomo,strategy_nearest,False,0.00417780876159668,success
0433683A9C4C80,2,"['Tomba Giulietta', 'San Fermo']",Giardino Giusti,"['Santa Anastasia', 'Teatro Romano', 'Museo Conte', 'Centro Fotografia', 'Museo Storia']",Torre Lamberti,strategy_nearest,False,0.0018978118896484375,success
04337F3A9C4C81,0,['Arena'],Casa Giulietta,"['Centro Fotografia', 'Sighseeing', 'Torre Lamberti', 'Museo Conte', 'Museo Radio']",Casa Giulietta,strategy_nearest,False,0.0029931068420410156,success
043380429C4C80,0,['Casa Giulietta'],Arena,"['Verona Tour', 'Museo Lapidario', 'Museo Radio', 'San Fermo', 'Sighseeing']",Tomba Giulietta,strategy_nearest,False,0.0025489330291748047,success
043382429C4C81,3,"['Museo Lapidario', 'Arena', 'San Fermo', 'Casa Giulietta']",Torre Lamberti,"['Sighseeing', 'Centro Fotografia', 'Museo Conte', 'Palazzo della Ragione', 'AMO']",Santa Anastasia,strategy_nearest,False,0.0019199848175048828,success
043384429C4C80,1,"['Arena', 'Museo Lapidario', 'Castelvecchio']",Duomo,"['AMO', 'Museo Miniscalchi', 'Santa Anastasia', 'Teatro Romano', 'Palazzo della Ragione']",Santa Anastasia,strategy_nearest,True,0.0033159255981445312,success
0433854A9C4C81,3,"['Casa Giulietta', 'Torre Lamberti']",Arena,"['Verona Tour', 'Museo Lapidario', 'Museo Radio', 'San Fermo', 'Sighseeing']",Castelvecchio,strategy_nearest,False,0.0030040740966796875,success
043387429C4C80,0,['Casa Giulietta'],San Fermo,"['Museo Storia', 'Museo Radio', 'Centro Fotografia', 'Arena', 'Sighseeing']",Arena,strategy_nearest,True,0.00240325927734375,success
043386429C4C80,3,"['Arena', 'Castelvecchio', 'Torre Lamberti']",Santa Anastasia,"['AMO', 'Museo Conte', 'Palazzo della Ragione', 'Teatro Romano', 'Centro Fotografia']",Duomo,strategy_nearest,False,0.0026731491088867188,success
043388429C4C81,0,['Arena'],Torre Lamberti,"['Sighseeing', 'Centro Fotografia', 'Museo Conte', 'Casa Giulietta', 'Palazzo della Ragione']",Teatro Romano,strategy_nearest,False,0.002432107925415039,success
04338A3A9C4C81,3,"['Arena', 'Torre Lamberti']",San Fermo,"['Museo Storia', 'Museo Radio', 'Casa Giulietta', 'Centro Fotografia', 'Sighseeing']",Santa Anastasia,strategy_nearest,False,0.0031731128692626953,success
04338B4A9C4C80,0,"['Arena', 'Casa Giulietta']",Torre Lamberti,"['Sighseeing', 'Centro Fotografia', 'Museo Conte', 'Palazzo della Ragione', 'AMO']",Duomo,strategy_nearest,False,0.002270936965942383,success
04338D4A9C4C80,3,"['Arena', 'Casa Giulietta']",Santa Anastasia,"['AMO', 'Museo Conte', 'Palazzo della Ragione', 'Teatro Romano', 'Centro Fotografia']",Duomo,strategy_nearest,False,0.003213167190551758,success
0433934A9C4C81,1,"['Casa Giulietta', 'Torre Lamberti']",Palazzo della Ragione,"['AMO', 'Museo Conte', 'Centro Fotografia', 'Sighseeing', 'Santa Anastasia']",Teatro Romano,strategy_nearest,False,0.0019030570983886719,success
0433934A9C4C80,2,['Torre Lamberti'],Santa Anastasia,"['AMO', 'Museo Conte', 'Palazzo della Ragione', 'Teatro Romano', 'Centro Fotografia']",Teatro Romano,strategy_nearest,True,0.002526998519897461,success
04338E4A9C4C80,3,"['Arena', 'Casa Giulietta']",Santa Anastasia,"['AMO', 'Museo Conte', 'Palazzo della Ragione', 'Teatro Romano', 'Centro Fotografia']",Duomo,strategy_nearest,False,0.003314971923828125,success
0433954A9C4C80,3,"['Torre Lamberti', 'Duomo']",Arena,"['Verona Tour', 'Museo Lapidario', 'Museo Radio', 'San Fermo', 'Casa Giulietta']",Castelvecchio,strategy_nearest,False,0.0030357837677001953,success
0433964A9C4C81,3,['Teatro Romano'],Santa Anastasia,"['AMO', 'Museo Conte', 'Palazzo della Ragione', 'Centro Fotografia', 'Duomo']",Arena,strategy_nearest,False,0.0023927688598632812,success
0433974A9C4C81,2,['Casa Giulietta'],Palazzo della Ragione,"['AMO', 'Museo Conte', 'Torre Lamberti', 'Centro Fotografia', 'Sighseeing']",Torre Lamberti,strategy_nearest,True,0.003133058547973633,success
043397429C4C81,0,['Arena'],Museo Lapidario,"['Verona Tour', 'Castelvecchio', 'Museo Radio', 'San Fermo', 'Casa Giulietta']",Castelvecchio,strategy_nearest,True,0.0033347606658935547,success
04339A429C4C80,0,['Arena'],Torre Lamberti,"['Sighseeing', 'Centro Fotografia', 'Museo Conte', 'Casa Giulietta', 'Palazzo della Ragione']",Duomo,strategy_nearest,False,0.002334117889404297,success
04339D429C4C80,3,['Arena'],Santa Anastasia,"['AMO', 'Museo Conte', 'Palazzo della Ragione', 'Teatro Romano', 'Centro Fotografia']",Duomo,strategy_nearest,False,0.0014400482177734375,success
04339B429C4C80,3,"['Arena', 'San Fermo']",Casa Giulietta,"['Centro Fotografia', 'Sighseeing', 'Torre Lamberti', 'Museo Conte', 'Museo Radio']",Torre Lamberti,strategy_nearest,True,0.005555391311645508,success
04339E4A9C4C81,3,"['Castelvecchio', 'Arena']",San Fermo,"['Museo Storia', 'Museo Radio', 'Casa Giulietta', 'Centro Fotografia', 'Sighseeing']",Casa Giulietta,strategy_nearest,True,0.0019550323486328125,success
04339B4A9C4C81,0,['Arena'],Torre Lamberti,"['Sighseeing', 'Centro Fotografia', 'Museo Conte', 'Casa Giulietta', 'Palazzo della Ragione']",Casa Giulietta,strategy_nearest,True,0.0033271312713623047,success
0433A14A9C4C80,1,"['Palazzo della Ragione', 'Torre Lamberti', 'Casa Giulietta']",Castelvecchio,"['Museo Lapidario', 'Verona Tour', 'Arena', 'Museo Radio', 'San Zeno']",Arena,strategy_nearest,True,0.002796173095703125,success
0433A04A9C4C81,3,['Arena'],Casa Giulietta,"['Centro Fotografia', 'Sighseeing', 'Torre Lamberti', 'Museo Conte', 'Museo Radio']",Torre Lamberti,strategy_nearest,True,0.0015969276428222656,success
0433A3429C4C80,3,"['Arena', 'San Zeno', 'San Fermo']",Casa Giulietta,"['Centro Fotografia', 'Sighseeing', 'Torre Lamberti', 'Museo Conte', 'Museo Radio']",Torre Lamberti,strategy_nearest,True,0.003240346908569336,success
0433A0429C4C80,3,"['Arena', 'Casa Giulietta']",Torre Lamberti,"['Sighseeing', 'Centro Fotografia', 'Museo Conte', 'Palazzo della Ragione', 'AMO']",Duomo,strategy_nearest,False,0.0028481483459472656,success
0433A64A9C4C80,3,"['Arena', 'Casa Giulietta', 'Torre Lamberti']",Santa Anastasia,"['AMO', 'Museo Conte', 'Palazzo della Ragione', 'Teatro Romano', 'Centro Fotografia']",Duomo,strategy_nearest,False,0.002768993377685547,success
0433A6429C4C80,0,"['Casa Giulietta', 'Torre Lamberti']",Arena,"['Verona Tour', 'Museo Lapidario', 'Museo Radio', 'San Fermo', 'Sighseeing']",Castelvecchio,strategy_nearest,False,0.001583099365234375,success
0433A93A9C4C80,2,['Casa Giulietta'],Museo Storia,"['San Fermo', 'Museo Radio', 'Centro Fotografia', 'Tomba Giulietta', 'Arena']",Santa Anastasia,strategy_nearest,False,0.0020101070404052734,success
0433A63A9C4C81,3,['Arena'],Casa Giulietta,"['Centro Fotografia', 'Sighseeing', 'Torre Lamberti', 'Museo Conte', 'Museo Radio']",San Fermo,strategy_nearest,False,0.004139900207519531,success
0433AA4A9C4C80,3,"['Castelvecchio', 'Arena']",Casa Giulietta,"['Centro Fotografia', 'Sighseeing', 'Torre Lamberti', 'Museo Conte', 'Museo Radio']",Torre Lamberti,strategy_nearest,True,0.0026099681854248047,success
0433B03A9C4C80,3,"['Arena', 'Casa Giulietta']",Santa Anastasia,"['AMO', 'Museo Conte', 'Palazzo della Ragione', 'Teatro Romano', 'Centro Fotografia']",Duomo,strategy_nearest,False,0.0025589466094970703,success
0433AF3A9C4C80,0,['Arena'],Castelvecchio,"['Museo Lapidario', 'Verona Tour', 'Museo Radio', 'San Zeno', 'Sighseeing']",Casa Giulietta,strategy_nearest,False,0.002000093460083008,success
0433B0429C4C80,0,['Arena'],Casa Giulietta,"['Centro Fotografia', 'Sighseeing', 'Torre Lamberti', 'Museo Conte', 'Museo Radio']",Santa Anastasia,strategy_nearest,False,0.002911806106567383,success
0433B2429C4C81,0,['Castelvecchio'],Arena,"['Verona Tour', 'Museo Lapidario', 'Museo Radio', 'San Fermo', 'Casa Giulietta']",Casa Giulietta,strategy_nearest,True,0.002568960189819336,success
0433B4429C4C81,3,"['Arena', 'Castelvecchio']",San Zeno,"['Verona Tour', 'Museo Lapidario', 'Museo Miniscalchi', 'Sighseeing', 'Museo Radio']",Casa Giulietta,strategy_nearest,False,0.0028579235076904297,success
0433B4429C4C80,3,"['Arena', 'San Zeno']",Santa Anastasia,"['AMO', 'Museo Conte', 'Palazzo della Ragione', 'Teatro Romano', 'Centro Fotografia']",Duomo,strategy_nearest,False,0.002956867218017578,success
0433BA429C4C80,0,['Arena'],Casa Giulietta,"['Centro Fotografia', 'Sighseeing', 'Torre Lamberti', 'Museo Conte', 'Museo Radio']",Torre Lamberti,strategy_nearest,True,0.003471851348876953,success
0433BD429C4C80,3,"['Arena', 'Casa Giulietta']",Santa Anastasia,"['AMO', 'Museo Conte', 'Palazzo della Ragione', 'Teatro Romano', 'Centro Fotografia']",Duomo,strategy_nearest,False,0.003131866455078125,success
0433BD429C4C81,0,['Castelvecchio'],Torre Lamberti,"['Sighseeing', 'Centro Fotografia', 'Museo Conte', 'Casa Giulietta', 'Palazzo della Ragione']",Teatro Romano,strategy_nearest,False,0.002233743667602539,success
0433C03A9C4C80,0,['Arena'],Casa Giulietta,"['Centro Fotografia', 'Sighseeing', 'Torre Lamberti', 'Museo Conte', 'Museo Radio']",Torre Lamberti,strategy_nearest,True,0.002535104751586914,success
0433BF3A9C4C81,3,"['Arena', 'Museo Lapidario', 'San Fermo']",Casa Giulietta,"['Centro Fotografia', 'Sighseeing', 'Torre Lamberti', 'Museo Conte', 'Museo Radio']",Duomo,strategy_nearest,False,0.0032758712768554688,success
0433C13A9C4C80,0,['Tomba Giulietta'],Casa Giulietta,"['Centro Fotografia', 'Sighseeing', 'Torre Lamberti', 'Museo Conte', 'Museo Radio']",Arena,strategy_nearest,False,0.003187894821166992,success
0433C2429C4C81,2,"['Palazzo della Ragione', 'Torre Lamberti', 'Santa Anastasia']",Duomo,"['AMO', 'Museo Miniscalchi', 'Teatro Romano', 'Museo Conte', 'Centro Fotografia']",Teatro Romano,strategy_nearest,True,0.0040891170501708984,success
0433C43A9C4C80,3,"['Arena', 'Torre Lamberti']",Santa Anastasia,"['AMO', 'Museo Conte', 'Palazzo della Ragione', 'Teatro Romano', 'Centro Fotografia']",Casa Giulietta,strategy_nearest,False,0.0020189285278320312,success
0433D03A9C4C80,3,"['Arena', 'San Zeno', 'Duomo']",Torre Lamberti,"['Sighseeing', 'Centro Fotografia', 'Museo Conte', 'Casa Giulietta', 'Palazzo della Ragione']",Casa Giulietta,strategy_nearest,True,0.0024170875549316406,success
0433CA3A9C4C81,0,['Arena'],Casa Giulietta,"['Centro Fotografia', 'Sighseeing', 'Torre Lamberti', 'Museo Conte', 'Museo Radio']",Casa Giulietta,strategy_nearest,False,0.003765106201171875,success
0433D93A9C4C80,0,['Arena'],Casa Giulietta,"['Centro Fotografia', 'Sighseeing', 'Torre Lamberti', 'Museo Conte', 'Museo Radio']",Santa Anastasia,strategy_nearest,False,0.0025718212127685547,success
0433FF3A9C4C80,0,['Duomo'],Teatro Romano,"['Santa Anastasia', 'AMO', 'Palazzo della Ragione', 'Museo Conte', 'Centro Fotografia']",Arena,strategy_nearest,False,0.0021071434020996094,success
0433E7429C4C80,0,['Casa Giulietta'],Arena,"['Verona Tour', 'Museo Lapidario', 'Museo Radio', 'San Fermo', 'Sighseeing']",Giardino Giusti,strategy_nearest,False,0.0028231143951416016,success
0434013A9C4C84,0,['Arena'],Santa Anastasia,"['AMO', 'Museo Conte', 'Palazzo della Ragione', 'Teatro Romano', 'Centro Fotografia']",Tomba Giulietta,strategy_nearest,False,0.002672910690307617,success
0433FE3A9C4C80,2,['Casa Giulietta'],Santa Anastasia,"['AMO', 'Museo Conte', 'Palazzo della Ragione', 'Teatro Romano', 'Centro Fotografia']",Teatro Romano,strategy_nearest,True,0.00413203239440918,success
043431429C4C80,3,"['Arena', 'Casa Giulietta']",Torre Lamberti,"['Sighseeing', 'Centro Fotografia', 'Museo Conte', 'Palazzo della Ragione', 'AMO']",Santa Anastasia,strategy_nearest,False,0.0025200843811035156,success
043432429C4C80,3,"['Arena', 'San Fermo']",Santa Anastasia,"['AMO', 'Museo Conte', 'Palazzo della Ragione', 'Teatro Romano', 'Centro Fotografia']",Torre Lamberti,strategy_nearest,False,0.0027608871459960938,success
043437429C4C80,1,"['Palazzo della Ragione', 'Torre Lamberti', 'Casa Giulietta']",Santa Anastasia,"['AMO', 'Museo Conte', 'Teatro Romano', 'Centro Fotografia', 'Duomo']",Teatro Romano,strategy_nearest,True,0.002680063247680664,success
0434403A9C4C80,2,['Casa Giulietta'],Torre Lamberti,"['Sighseeing', 'Centro Fotografia', 'Museo Conte', 'Palazzo della Ragione', 'AMO']",Santa Anastasia,strategy_nearest,False,0.0030069351196289062,success
0434344A9C4C80,3,"['Castelvecchio', 'Casa Giulietta']",Santa Anastasia,"['AMO', 'Museo Conte', 'Palazzo della Ragione', 'Teatro Romano', 'Centro Fotografia']",Teatro Romano,strategy_nearest,True,0.003679990768432617,success
0434533A9C4C80,2,"['Casa Giulietta', 'San Fermo']",Santa Anastasia,"['AMO', 'Museo Conte', 'Palazzo della Ragione', 'Teatro Romano', 'Centro Fotografia']",Duomo,strategy_nearest,False,0.0012907981872558594,success
0434493A9C4C80,3,"['Santa Anastasia', 'Casa Giulietta']",Arena,"['Verona Tour', 'Museo Lapidario', 'Museo Radio', 'San Fermo', 'Sighseeing']",Castelvecchio,strategy_nearest,False,0.0035500526428222656,success
043445429C4C80,3,['San Fermo'],Duomo,"['AMO', 'Museo Miniscalchi', 'Santa Anastasia', 'Teatro Romano', 'Palazzo della Ragione']",Arena,strategy_nearest,False,0.003401041030883789,success
0434563A9C4C80,3,['Arena'],Santa Anastasia,"['AMO', 'Museo Conte', 'Palazzo della Ragione', 'Teatro Romano', 'Centro Fotografia']",Duomo,strategy_nearest,False,0.003515958786010742,success
0434623A9C4C80,3,"['Arena', 'Casa Giulietta', 'Torre Lamberti']",Santa Anastasia,"['AMO', 'Museo Conte', 'Palazzo della Ragione', 'Teatro Romano', 'Centro Fotografia']",Museo Lapidario,strategy_nearest,False,0.0029816627502441406,success
043471429C4C81,2,['Torre Lamberti'],Castelvecchio,"['Museo Lapidario', 'Verona Tour', 'Arena', 'Museo Radio', 'San Zeno']",Casa Giulietta,strategy_nearest,False,0.0033159255981445312,success
04346A3A9C4C80,2,['Casa Giulietta'],Torre Lamberti,"['Sighseeing', 'Centro Fotografia', 'Museo Conte', 'Palazzo della Ragione', 'AMO']",Castelvecchio,strategy_nearest,False,0.0017139911651611328,success
04346D429C4C80,0,['Tomba Giulietta'],Torre Lamberti,"['Sighseeing', 'Centro Fotografia', 'Museo Conte', 'Casa Giulietta', 'Palazzo della Ragione']",Arena,strategy_nearest,False,0.002287149429321289,success
0434784A9C4C80,3,"['Arena', 'Casa Giulietta']",Torre Lamberti,"['Sighseeing', 'Centro Fotografia', 'Museo Conte', 'Palazzo della Ragione', 'AMO']",Santa Anastasia,strategy_nearest,False,0.001987934112548828,success
043473429C4C80,0,['Casa Giulietta'],Torre Lamberti,"['Sighseeing', 'Centro Fotografia', 'Museo Conte', 'Palazzo della Ragione', 'AMO']",Arena,strategy_nearest,False,0.002096891403198242,success
04347A4A9C4C80,3,"['Arena', 'Casa Giulietta']",Torre Lamberti,"['Sighseeing', 'Centro Fotografia', 'Museo Conte', 'Palazzo della Ragione', 'AMO']",Teatro Romano,strategy_nearest,False,0.0027170181274414062,success
04347F429C4C80,3,['Casa Giulietta'],Duomo,"['AMO', 'Museo Miniscalchi', 'Santa Anastasia', 'Teatro Romano', 'Palazzo della Ragione']",Santa Anastasia,strategy_nearest,True,0.0032110214233398438,success
043480429C4C81,3,"['Castelvecchio', 'Arena']",Casa Giulietta,"['Centro Fotografia', 'Sighseeing', 'Torre Lamberti', 'Museo Conte', 'Museo Radio']",Torre Lamberti,strategy_nearest,True,0.002012968063354492,success
0434803A9C4C81,0,['Arena'],Casa Giulietta,"['Centro Fotografia', 'Sighseeing', 'Torre Lamberti', 'Museo Conte', 'Museo Radio']",Torre Lamberti,strategy_nearest,True,0.002568960189819336,success
043481429C4C80,0,['Casa Giulietta'],Arena,"['Verona Tour', 'Museo Lapidario', 'Museo Radio', 'San Fermo', 'Sighseeing']",Duomo,strategy_nearest,False,0.0026438236236572266,success
043483429C4C80,0,['Arena'],Casa Giulietta,"['Centro Fotografia', 'Sighseeing', 'Torre Lamberti', 'Museo Conte', 'Museo Radio']",Santa Anastasia,strategy_nearest,False,0.003406047821044922,success
043484429C4C81,3,"['Tomba Giulietta', 'Arena', 'Castelvecchio']",Casa Giulietta,"['Centro Fotografia', 'Sighseeing', 'Torre Lamberti', 'Museo Conte', 'Museo Radio']",Santa Anastasia,strategy_nearest,False,0.0033740997314453125,success
043484429C4C80,3,"['Arena', 'San Fermo']",Santa Anastasia,"['AMO', 'Museo Conte', 'Palazzo della Ragione', 'Teatro Romano', 'Centro Fotografia']",Teatro Romano,strategy_nearest,True,0.002583026885986328,success
0434854A9C4C80,0,['Arena'],Torre Lamberti,"['Sighseeing', 'Centro Fotografia', 'Museo Conte', 'Casa Giulietta', 'Palazzo della Ragione']",Duomo,strategy_nearest,False,0.0030930042266845703,success
043487429C4C80,3,"['Arena', 'Castelvecchio']",Casa Giulietta,"['Centro Fotografia', 'Sighseeing', 'Torre Lamberti', 'Museo Conte', 'Museo Radio']",Torre Lamberti,strategy_nearest,True,0.0022830963134765625,success
043487429C4C81,3,"['Arena', 'Casa Giulietta', 'Torre Lamberti']",Santa Anastasia,"['AMO', 'Museo Conte', 'Palazzo della Ragione', 'Teatro Romano', 'Centro Fotografia']",Teatro Romano,strategy_nearest,True,0.0027201175689697266,success
04348F3A9C4C81,2,"['Teatro Romano', 'Duomo', 'Torre Lamberti']",Casa Giulietta,"['Centro Fotografia', 'Sighseeing', 'Museo Conte', 'Museo Radio', 'Palazzo della Ragione']",Tomba Giulietta,strategy_nearest,False,0.002552032470703125,success
04348A3A9C4C81,0,['Arena'],Castelvecchio,"['Museo Lapidario', 'Verona Tour', 'Museo Radio', 'San Zeno', 'Sighseeing']",Torre Lamberti,strategy_nearest,False,0.004239082336425781,success
04348F4A9C4C80,1,['Arena'],Torre Lamberti,"['Sighseeing', 'Centro Fotografia', 'Museo Conte', 'Casa Giulietta', 'Palazzo della Ragione']",Palazzo della Ragione,strategy_nearest,True,0.003143310546875,success
0434904A9C4C80,0,['Arena'],Castelvecchio,"['Museo Lapidario', 'Verona Tour', 'Museo Radio', 'San Zeno', 'Sighseeing']",Casa Giulietta,strategy_nearest,False,0.002534151077270508,success
0434914A9C4C81,0,['Arena'],Torre Lamberti,"['Sighseeing', 'Centro Fotografia', 'Museo Conte', 'Casa Giulietta', 'Palazzo della Ragione']",Casa Giulietta,strategy_nearest,True,0.0026030540466308594,success
0434914A9C4C80,3,"['Arena', 'Torre Lamberti']",Santa Anastasia,"['AMO', 'Museo Conte', 'Palazzo della Ragione', 'Teatro Romano', 'Centro Fotografia']",Duomo,strategy_nearest,False,0.003281116485595703,success
043498429C4C81,3,['Arena'],Torre Lamberti,"['Sighseeing', 'Centro Fotografia', 'Museo Conte', 'Casa Giulietta', 'Palazzo della Ragione']",Santa Anastasia,strategy_nearest,False,0.0033380985260009766,success
04349C429C4C81,2,['Castelvecchio'],Casa Giulietta,"['Centro Fotografia', 'Sighseeing', 'Torre Lamberti', 'Museo Conte', 'Museo Radio']",Teatro Romano,strategy_nearest,False,0.004232883453369141,success
04349E429C4C81,0,"['Arena', 'Casa Giulietta']",Torre Lamberti,"['Sighseeing', 'Centro Fotografia', 'Museo Conte', 'Palazzo della Ragione', 'AMO']",Castelvecchio,strategy_nearest,False,0.002165079116821289,success
0434A64A9C4C81,2,['Casa Giulietta'],Santa Anastasia,"['AMO', 'Museo Conte', 'Palazzo della Ragione', 'Teatro Romano', 'Centro Fotografia']",Duomo,strategy_nearest,False,0.003248929977416992,success
0434A24A9C4C81,0,['Arena'],Casa Giulietta,"['Centro Fotografia', 'Sighseeing', 'Torre Lamberti', 'Museo Conte', 'Museo Radio']",Teatro Romano,strategy_nearest,False,0.0027151107788085938,success
0434A8429C4C80,0,['Arena'],San Fermo,"['Museo Storia', 'Museo Radio', 'Casa Giulietta', 'Centro Fotografia', 'Sighseeing']",Duomo,strategy_nearest,False,0.004019975662231445,success
0434A84A9C4C81,0,['Casa Giulietta'],Arena,"['Verona Tour', 'Museo Lapidario', 'Museo Radio', 'San Fermo', 'Sighseeing']",Castelvecchio,strategy_nearest,False,0.0018620491027832031,success
0434A74A9C4C81,0,['Arena'],Casa Giulietta,"['Centro Fotografia', 'Sighseeing', 'Torre Lamberti', 'Museo Conte', 'Museo Radio']",Torre Lamberti,strategy_nearest,True,0.003992795944213867,success
0434A94A9C4C81,0,['Arena'],Casa Giulietta,"['Centro Fotografia', 'Sighseeing', 'Torre Lamberti', 'Museo Conte', 'Museo Radio']",Torre Lamberti,strategy_nearest,True,0.0025069713592529297,success
0434AD3A9C4C81,0,['Castelvecchio'],San Zeno,"['Verona Tour', 'Museo Lapidario', 'Arena', 'Museo Miniscalchi', 'Sighseeing']",Casa Giulietta,strategy_nearest,False,0.003084897994995117,success
0434AC3A9C4C80,3,['Arena'],Casa Giulietta,"['Centro Fotografia', 'Sighseeing', 'Torre Lamberti', 'Museo Conte', 'Museo Radio']",Santa Anastasia,strategy_nearest,False,0.0024237632751464844,success
0434B1429C4C80,3,['Teatro Romano'],Duomo,"['AMO', 'Museo Miniscalchi', 'Santa Anastasia', 'Palazzo della Ragione', 'Museo Conte']",Santa Anastasia,strategy_nearest,True,0.0017209053039550781,success
0434B3429C4C81,0,['Santa Anastasia'],Casa Giulietta,"['Centro Fotografia', 'Sighseeing', 'Torre Lamberti', 'Museo Conte', 'Museo Radio']",Arena,strategy_nearest,False,0.002134084701538086,success
0434B33A9C4C81,3,['Arena'],Casa Giulietta,"['Centro Fotografia', 'Sighseeing', 'Torre Lamberti', 'Museo Conte', 'Museo Radio']",Torre Lamberti,strategy_nearest,True,0.00345611572265625,success
0434B63A9C4C81,3,"['Castelvecchio', 'Arena', 'Casa Giulietta']",Torre Lamberti,"['Sighseeing', 'Centro Fotografia', 'Museo Conte', 'Palazzo della Ragione', 'AMO']",Santa Anastasia,strategy_nearest,False,0.003281116485595703,success
0434B3429C4C80,3,['Arena'],Casa Giulietta,"['Centro Fotografia', 'Sighseeing', 'Torre Lamberti', 'Museo Conte', 'Museo Radio']",Santa Anastasia,strategy_nearest,False,0.0029299259185791016,success
0434B73A9C4C80,0,['Castelvecchio'],Arena,"['Verona Tour', 'Museo Lapidario', 'Museo Radio', 'San Fermo', 'Casa Giulietta']",Casa Giulietta,strategy_nearest,True,0.0029082298278808594,success
0434BF429C4C80,3,"['Arena', 'Casa Giulietta']",Torre Lamberti,"['Sighseeing', 'Centro Fotografia', 'Museo Conte', 'Palazzo della Ragione', 'AMO']",Santa Anastasia,strategy_nearest,False,0.002733945846557617,success
0434C03A9C4C80,3,['Arena'],Torre Lamberti,"['Sighseeing', 'Centro Fotografia', 'Museo Conte', 'Casa Giulietta', 'Palazzo della Ragione']",Santa Anastasia,strategy_nearest,False,0.003341197967529297,success
0434BF3A9C4C81,3,"['Arena', 'Arena']",Torre Lamberti,"['Sighseeing', 'Centro Fotografia', 'Museo Conte', 'Casa Giulietta', 'Palazzo della Ragione']",Santa Anastasia,strategy_nearest,False,0.002248048782348633,success
0434C43A9C4C80,0,['Arena'],Castelvecchio,"['Museo Lapidario', 'Verona Tour', 'Museo Radio', 'San Zeno', 'Sighseeing']",Teatro Romano,strategy_nearest,False,0.0027604103088378906,success
0434C33A9C4C81,0,['Arena'],Castelvecchio,"['Museo Lapidario', 'Verona Tour', 'Museo Radio', 'San Zeno', 'Sighseeing']",Casa Giulietta,strategy_nearest,False,0.002830982208251953,success
0434C23A9C4C81,3,['Arena'],Castelvecchio,"['Museo Lapidario', 'Verona Tour', 'Museo Radio', 'San Zeno', 'Sighseeing']",Duomo,strategy_nearest,False,0.002095937728881836,success
0434C73A9C4C80,1,['Arena'],Santa Anastasia,"['AMO', 'Museo Conte', 'Palazzo della Ragione', 'Teatro Romano', 'Centro Fotografia']",Palazzo della Ragione,strategy_nearest,True,0.0032608509063720703,success
043501429C4C84,3,"['Castelvecchio', 'Casa Giulietta', 'San Zeno']",Arena,"['Verona Tour', 'Museo Lapidario', 'Museo Radio', 'San Fermo', 'Sighseeing']",Duomo,strategy_nearest,False,0.002074003219604492,success
0434FD429C4C80,3,"['Arena', 'Museo Lapidario', 'Torre Lamberti']",Casa Giulietta,"['Centro Fotografia', 'Sighseeing', 'Museo Conte', 'Museo Radio', 'Palazzo della Ragione']",Santa Anastasia,strategy_nearest,False,0.0017120838165283203,success
0435003A9C4C84,0,['Arena'],Casa Giulietta,"['Centro Fotografia', 'Sighseeing', 'Torre Lamberti', 'Museo Conte', 'Museo Radio']",Giardino Giusti,strategy_nearest,False,0.002725839614868164,success
043546429C4C80,0,['Castelvecchio'],Arena,"['Verona Tour', 'Museo Lapidario', 'Museo Radio', 'San Fermo', 'Casa Giulietta']",San Fermo,strategy_nearest,True,0.0033330917358398438,success
0435523A9C4C80,3,"['Arena', 'San Fermo']",Castelvecchio,"['Museo Lapidario', 'Verona Tour', 'Museo Radio', 'San Zeno', 'Sighseeing']",Torre Lamberti,strategy_nearest,False,0.0021991729736328125,success
043556429C4C80,3,"['Santa Anastasia', 'Giardino Giusti']",Teatro Romano,"['Duomo', 'AMO', 'Palazzo della Ragione', 'Museo Conte', 'Centro Fotografia']",Torre Lamberti,strategy_nearest,False,0.004178047180175781,success
04354C429C4C80,3,"['Castelvecchio', 'Duomo', 'Teatro Romano', 'San Fermo']",Santa Anastasia,"['AMO', 'Museo Conte', 'Palazzo della Ragione', 'Centro Fotografia', 'Torre Lamberti']",Torre Lamberti,strategy_nearest,True,0.0028259754180908203,success
0435583A9C4C80,1,"['Arena', 'Torre Lamberti', 'Palazzo della Ragione', 'Casa Giulietta']",Tomba Giulietta,"['San Fermo', 'Museo Storia', 'Museo Lapidario', 'Museo Radio', 'Verona Tour']",Teatro Romano,strategy_nearest,False,0.0028150081634521484,success
04356A3A9C4C80,3,"['Torre Lamberti', 'Castelvecchio', 'Teatro Romano']",Arena,"['Verona Tour', 'Museo Lapidario', 'Museo Radio', 'San Fermo', 'Casa Giulietta']",Casa Giulietta,strategy_nearest,True,0.0015759468078613281,success
04355A429C4C80,3,"['Arena', 'Castelvecchio', 'Museo Lapidario']",Casa Giulietta,"['Centro Fotografia', 'Sighseeing', 'Torre Lamberti', 'Museo Conte', 'Museo Radio']",Teatro Romano,strategy_nearest,False,0.0033919811248779297,success
043578429C4C81,2,"['Casa Giulietta', 'Castelvecchio']",San Zeno,"['Verona Tour', 'Museo Lapidario', 'Arena', 'Museo Miniscalchi', 'Sighseeing']",San Fermo,strategy_nearest,False,0.0027277469635009766,success
0435794A9C4C80,3,"['Arena', 'Duomo']",Teatro Romano,"['Santa Anastasia', 'AMO', 'Palazzo della Ragione', 'Museo Conte', 'Centro Fotografia']",Santa Anastasia,strategy_nearest,True,0.0020978450775146484,success
0435794A9C4C81,0,"['Castelvecchio', 'Arena']",Casa Giulietta,"['Centro Fotografia', 'Sighseeing', 'Torre Lamberti', 'Museo Conte', 'Museo Radio']",Torre Lamberti,strategy_nearest,True,0.0017981529235839844,success
04357A4A9C4C80,0,['Castelvecchio'],Arena,"['Verona Tour', 'Museo Lapidario', 'Museo Radio', 'San Fermo', 'Casa Giulietta']",Casa Giulietta,strategy_nearest,True,0.0027909278869628906,success
04357B4A9C4C80,3,"['Arena', 'Casa Giulietta']",Torre Lamberti,"['Sighseeing', 'Centro Fotografia', 'Museo Conte', 'Palazzo della Ragione', 'AMO']",Teatro Romano,strategy_nearest,False,0.002285003662109375,success
04357C3A9C4C81,3,"['Arena', 'Torre Lamberti']",Duomo,"['AMO', 'Museo Miniscalchi', 'Santa Anastasia', 'Teatro Romano', 'Palazzo della Ragione']",Casa Giulietta,strategy_nearest,False,0.002832174301147461,success
04357B4A9C4C81,3,"['Arena', 'Torre Lamberti']",Casa Giulietta,"['Centro Fotografia', 'Sighseeing', 'Museo Conte', 'Museo Radio', 'Palazzo della Ragione']",Santa Anastasia,strategy_nearest,False,0.0035190582275390625,success
04357D429C4C80,3,"['Arena', 'Torre Lamberti']",Santa Anastasia,"['AMO', 'Museo Conte', 'Palazzo della Ragione', 'Teatro Romano', 'Centro Fotografia']",Teatro Romano,strategy_nearest,True,0.0015287399291992188,success
0435833A9C4C81,0,['Arena'],Casa Giulietta,"['Centro Fotografia', 'Sighseeing', 'Torre Lamberti', 'Museo Conte', 'Museo Radio']",Torre Lamberti,strategy_nearest,True,0.003397226333618164,success
04357D4A9C4C80,3,"['Arena', 'Casa Giulietta']",Torre Lamberti,"['Sighseeing', 'Centro Fotografia', 'Museo Conte', 'Palazzo della Ragione', 'AMO']",Santa Anastasia,strategy_nearest,False,0.0022401809692382812,success
043583429C4C81,0,"['Arena', 'Torre Lamberti']",Casa Giulietta,"['Centro Fotografia', 'Sighseeing', 'Museo Conte', 'Museo Radio', 'Palazzo della Ragione']",Castelvecchio,strategy_nearest,False,0.0027658939361572266,success
0435834A9C4C81,2,['Torre Lamberti'],Santa Anastasia,"['AMO', 'Museo Conte', 'Palazzo della Ragione', 'Teatro Romano', 'Centro Fotografia']",Teatro Romano,strategy_nearest,True,0.0020380020141601562,success
043585429C4C81,0,['Arena'],Casa Giulietta,"['Centro Fotografia', 'Sighseeing', 'Torre Lamberti', 'Museo Conte', 'Museo Radio']",Teatro Romano,strategy_nearest,False,0.00218963623046875,success
043588429C4C81,0,['Castelvecchio'],Arena,"['Verona Tour', 'Museo Lapidario', 'Museo Radio', 'San Fermo', 'Casa Giulietta']",Casa Giulietta,strategy_nearest,True,0.003268003463745117,success
0435853A9C4C80,1,"['Arena', 'Casa Giulietta']",Torre Lamberti,"['Sighseeing', 'Centro Fotografia', 'Museo Conte', 'Palazzo della Ragione', 'AMO']",Palazzo della Ragione,strategy_nearest,True,0.0028388500213623047,success
0435844A9C4C81,2,['Santa Anastasia'],Castelvecchio,"['Museo Lapidario', 'Verona Tour', 'Arena', 'Museo Radio', 'San Zeno']",San Zeno,strategy_nearest,True,0.001486063003540039,success
04358F3A9C4C80,0,['Arena'],Castelvecchio,"['Museo Lapidario', 'Verona Tour', 'Museo Radio', 'San Zeno', 'Sighseeing']",Casa Giulietta,strategy_nearest,False,0.0021991729736328125,success
04358A429C4C81,2,['Castelvecchio'],Casa Giulietta,"['Centro Fotografia', 'Sighseeing', 'Torre Lamberti', 'Museo Conte', 'Museo Radio']",Santa Anastasia,strategy_nearest,False,0.002836942672729492,success
0435904A9C4C80,3,"['Arena', 'Torre Lamberti']",Santa Anastasia,"['AMO', 'Museo Conte', 'Palazzo della Ragione', 'Teatro Romano', 'Centro Fotografia']",Duomo,strategy_nearest,False,0.0015690326690673828,success
04359C4A9C4C81,3,"['Arena', 'Casa Giulietta']",Torre Lamberti,"['Sighseeing', 'Centro Fotografia', 'Museo Conte', 'Palazzo della Ragione', 'AMO']",Duomo,strategy_nearest,False,0.0034189224243164062,success
0435A04A9C4C80,3,['Arena'],Casa Giulietta,"['Centro Fotografia', 'Sighseeing', 'Torre Lamberti', 'Museo Conte', 'Museo Radio']",Torre Lamberti,strategy_nearest,True,0.002725839614868164,success
04359F4A9C4C80,0,['Arena'],Casa Giulietta,"['Centro Fotografia', 'Sighseeing', 'Torre Lamberti', 'Museo Conte', 'Museo Radio']",Torre Lamberti,strategy_nearest,True,0.0018999576568603516,success
0435A1429C4C81,3,"['Arena', 'San Fermo']",Santa Anastasia,"['AMO', 'Museo Conte', 'Palazzo della Ragione', 'Teatro Romano', 'Centro Fotografia']",Teatro Romano,strategy_nearest,True,0.0027658939361572266,success
0435A1429C4C80,3,"['Arena', 'Torre Lamberti']",Santa Anastasia,"['AMO', 'Museo Conte', 'Palazzo della Ragione', 'Teatro Romano', 'Centro Fotografia']",Duomo,strategy_nearest,False,0.003509044647216797,success
0435A64A9C4C81,3,['Arena'],Torre Lamberti,"['Sighseeing', 'Centro Fotografia', 'Museo Conte', 'Casa Giulietta', 'Palazzo della Ragione']",Casa Giulietta,strategy_nearest,True,0.004640102386474609,success
0435A83A9C4C80,2,"['Castelvecchio', 'Teatro Romano']",Santa Anastasia,"['AMO', 'Museo Conte', 'Palazzo della Ragione', 'Centro Fotografia', 'Duomo']",Torre Lamberti,strategy_nearest,False,0.002637147903442383,success
0435A74A9C4C81,3,"['Castelvecchio', 'Arena']",Torre Lamberti,"['Sighseeing', 'Centro Fotografia', 'Museo Conte', 'Casa Giulietta', 'Palazzo della Ragione']",Santa Anastasia,strategy_nearest,False,0.0013201236724853516,success
0435A44A9C4C80,2,['Castelvecchio'],Casa Giulietta,"['Centro Fotografia', 'Sighseeing', 'Torre Lamberti', 'Museo Conte', 'Museo Radio']",San Fermo,strategy_nearest,False,0.003438234329223633,success
0435B9429C4C80,3,"['Arena', 'San Fermo']",Santa Anastasia,"['AMO', 'Museo Conte', 'Palazzo della Ragione', 'Teatro Romano', 'Centro Fotografia']",Duomo,strategy_nearest,False,0.001989126205444336,success
0435AE429C4C80,0,"['Arena', 'Castelvecchio']",Casa Giulietta,"['Centro Fotografia', 'Sighseeing', 'Torre Lamberti', 'Museo Conte', 'Museo Radio']",Duomo,strategy_nearest,False,0.001293182373046875,success
0435BD429C4C81,0,['Arena'],Torre Lamberti,"['Sighseeing', 'Centro Fotografia', 'Museo Conte', 'Casa Giulietta', 'Palazzo della Ragione']",Casa Giulietta,strategy_nearest,True,0.002711057662963867,success
0435BA429C4C80,3,"['Castelvecchio', 'Casa Giulietta']",Teatro Romano,"['Santa Anastasia', 'Duomo', 'AMO', 'Palazzo della Ragione', 'Museo Conte']",Santa Anastasia,strategy_nearest,True,0.0034449100494384766,success
0435C0429C4C80,1,"['Arena', 'Torre Lamberti']",Palazzo della Ragione,"['AMO', 'Museo Conte', 'Centro Fotografia', 'Sighseeing', 'Santa Anastasia']",Santa Anastasia,strategy_nearest,True,0.002668142318725586,success
0435C03A9C4C81,0,['Arena'],Casa Giulietta,"['Centro Fotografia', 'Sighseeing', 'Torre Lamberti', 'Museo Conte', 'Museo Radio']",Torre Lamberti,strategy_nearest,True,0.002095937728881836,success
0435C03A9C4C80,2,['Duomo'],Santa Anastasia,"['AMO', 'Museo Conte', 'Palazzo della Ragione', 'Teatro Romano', 'Centro Fotografia']",Torre Lamberti,strategy_nearest,False,0.002318143844604492,success
0435C53A9C4C80,0,"['Arena', 'Castelvecchio']",Teatro Romano,"['Santa Anastasia', 'Duomo', 'AMO', 'Palazzo della Ragione', 'Museo Conte']",Giardino Giusti,strategy_nearest,False,0.0021810531616210938,success
0435C23A9C4C80,0,['Tomba Giulietta'],Arena,"['Verona Tour', 'Museo Lapidario', 'Museo Radio', 'San Fermo', 'Casa Giulietta']",Casa Giulietta,strategy_nearest,True,0.004815101623535156,success
0435C83A9C4C80,2,['Tomba Giulietta'],Museo Storia,"['San Fermo', 'Museo Radio', 'Casa Giulietta', 'Centro Fotografia', 'Arena']",Casa Giulietta,strategy_nearest,True,0.001402139663696289,success
0435CF429C4C80,3,"['Castelvecchio', 'Casa Giulietta', 'San Zeno', 'Tomba Giulietta']",San Fermo,"['Museo Storia', 'Museo Radio', 'Centro Fotografia', 'Arena', 'Sighseeing']",Arena,strategy_nearest,True,0.0026171207427978516,success
0435D3429C4C80,3,"['Arena', 'Duomo']",Casa Giulietta,"['Centro Fotografia', 'Sighseeing', 'Torre Lamberti', 'Museo Conte', 'Museo Radio']",Santa Anastasia,strategy_nearest,False,0.0027227401733398438,success
0435ED3A9C4C80,0,"['Duomo', 'Torre Lamberti']",Casa Giulietta,"['Centro Fotografia', 'Sighseeing', 'Museo Conte', 'Museo Radio', 'Palazzo della Ragione']",Castelvecchio,strategy_nearest,False,0.0034177303314208984,success
0435D53A9C4C80,0,['Duomo'],Casa Giulietta,"['Centro Fotografia', 'Sighseeing', 'Torre Lamberti', 'Museo Conte', 'Museo Radio']",Arena,strategy_nearest,False,0.0022640228271484375,success
0435D63A9C4C80,3,"['Castelvecchio', 'Museo Lapidario', 'Casa Giulietta', 'Torre Lamberti', 'Santa Anastasia']",Duomo,"['AMO', 'Museo Miniscalchi', 'Teatro Romano', 'Palazzo della Ragione', 'Museo Conte']",Teatro Romano,strategy_nearest,True,0.0028421878814697266,success
0435F43A9C4C80,3,"['Arena', 'Castelvecchio']",Santa Anastasia,"['AMO', 'Museo Conte', 'Palazzo della Ragione', 'Teatro Romano', 'Centro Fotografia']",Duomo,strategy_nearest,False,0.0010561943054199219,success
0436003A9C4C84,1,"['Casa Giulietta', 'Santa Anastasia', 'Torre Lamberti']",Palazzo della Ragione,"['AMO', 'Museo Conte', 'Centro Fotografia', 'Sighseeing', 'Museo Miniscalchi']",Duomo,strategy_nearest,False,0.001847982406616211,success
0435F63A9C4C80,3,['Arena'],Casa Giulietta,"['Centro Fotografia', 'Sighseeing', 'Torre Lamberti', 'Museo Conte', 'Museo Radio']",Santa Anastasia,strategy_nearest,False,0.003345966339111328,success
0435F53A9C4C80,3,"['Arena', 'Casa Giulietta']",Torre Lamberti,"['Sighseeing', 'Centro Fotografia', 'Museo Conte', 'Palazzo della Ragione', 'AMO']",Santa Anastasia,strategy_nearest,False,0.002834320068359375,success
04364B3A9C4C80,2,['Castelvecchio'],Torre Lamberti,"['Sighseeing', 'Centro Fotografia', 'Museo Conte', 'Casa Giulietta', 'Palazzo della Ragione']",Casa Giulietta,strategy_nearest,True,0.0035610198974609375,success
0436353A9C4C80,1,['Santa Anastasia'],Arena,"['Verona Tour', 'Museo Lapidario', 'Museo Radio', 'San Fermo', 'Casa Giulietta']",Torre Lamberti,strategy_nearest,False,0.003061056137084961,success
043630429C4C80,2,"['Castelvecchio', 'Duomo', 'Torre Lamberti']",Casa Giulietta,"['Centro Fotografia', 'Sighseeing', 'Museo Conte', 'Museo Radio', 'Palazzo della Ragione']",Teatro Romano,strategy_nearest,False,0.0033631324768066406,success
04363C429C4C80,3,['Tomba Giulietta'],Arena,"['Verona Tour', 'Museo Lapidario', 'Museo Radio', 'San Fermo', 'Casa Giulietta']",Teatro Romano,strategy_nearest,False,0.0023620128631591797,success
04365A429C4C80,1,"['Casa Giulietta', 'Teatro Romano', 'Duomo']",Torre Lamberti,"['Sighseeing', 'Centro Fotografia', 'Museo Conte', 'Palazzo della Ragione', 'AMO']",Palazzo della Ragione,strategy_nearest,True,0.0017132759094238281,success
0436643A9C4C80,0,['Arena'],Castelvecchio,"['Museo Lapidario', 'Verona Tour', 'Museo Radio', 'San Zeno', 'Sighseeing']",Casa Giulietta,strategy_nearest,False,0.0029778480529785156,success
0436573A9C4C80,0,['Arena'],Casa Giulietta,"['Centro Fotografia', 'Sighseeing', 'Torre Lamberti', 'Museo Conte', 'Museo Radio']",San Fermo,strategy_nearest,False,0.002525806427001953,success
043655429C4C80,2,"['Casa Giulietta', 'Giardino Giusti', 'Teatro Romano']",Santa Anastasia,"['AMO', 'Museo Conte', 'Palazzo della Ragione', 'Centro Fotografia', 'Duomo']",Museo Lapidario,strategy_nearest,False,0.0041179656982421875,success
04366E3A9C4C80,3,"['Arena', 'San Zeno', 'Teatro Romano']",Casa Giulietta,"['Centro Fotografia', 'Sighseeing', 'Torre Lamberti', 'Museo Conte', 'Museo Radio']",Tomba Giulietta,strategy_nearest,False,0.0031261444091796875,success
04366C3A9C4C80,0,['Arena'],Torre Lamberti,"['Sighseeing', 'Centro Fotografia', 'Museo Conte', 'Casa Giulietta', 'Palazzo della Ragione']",Casa Giulietta,strategy_nearest,True,0.0025119781494140625,success
0436653A9C4C80,2,"['Castelvecchio', 'San Zeno']",Santa Anastasia,"['AMO', 'Museo Conte', 'Palazzo della Ragione', 'Teatro Romano', 'Centro Fotografia']",Duomo,strategy_nearest,False,0.0027010440826416016,success
0436703A9C4C80,3,"['Arena', 'Castelvecchio']",San Zeno,"['Verona Tour', 'Museo Lapidario', 'Museo Miniscalchi', 'Sighseeing', 'Museo Radio']",Duomo,strategy_nearest,False,0.003350973129272461,success
043679429C4C80,3,"['Arena', 'Castelvecchio']",Tomba Giulietta,"['San Fermo', 'Museo Storia', 'Museo Lapidario', 'Museo Radio', 'Verona Tour']",Duomo,strategy_nearest,False,0.0037648677825927734,success
04367A3A9C4C80,0,['Arena'],Casa Giulietta,"['Centro Fotografia', 'Sighseeing', 'Torre Lamberti', 'Museo Conte', 'Museo Radio']",Casa Giulietta,strategy_nearest,False,0.0036988258361816406,success
04367B429C4C80,3,"['Arena', 'Casa Giulietta', 'Santa Anastasia']",Castelvecchio,"['Museo Lapidario', 'Verona Tour', 'Museo Radio', 'San Zeno', 'Sighseeing']",Torre Lamberti,strategy_nearest,False,0.002215147018432617,success
043679429C4C81,2,"['Casa Giulietta', 'Torre Lamberti']",Santa Anastasia,"['AMO', 'Museo Conte', 'Palazzo della Ragione', 'Teatro Romano', 'Centro Fotografia']",Duomo,strategy_nearest,False,0.002276182174682617,success
04367E3A9C4C80,3,"['Arena', 'Museo Lapidario', 'Tomba Giulietta']",San Fermo,"['Museo Storia', 'Museo Radio', 'Casa Giulietta', 'Centro Fotografia', 'Sighseeing']",Casa Giulietta,strategy_nearest,True,0.003567934036254883,success
04367C3A9C4C81,3,"['Arena', 'San Fermo', 'Casa Giulietta']",Torre Lamberti,"['Sighseeing', 'Centro Fotografia', 'Museo Conte', 'Palazzo della Ragione', 'AMO']",Santa Anastasia,strategy_nearest,False,0.001767873764038086,success
04367C4A9C4C81,0,['Tomba Giulietta'],Arena,"['Verona Tour', 'Museo Lapidario', 'Museo Radio', 'San Fermo', 'Casa Giulietta']",San Fermo,strategy_nearest,True,0.0029976367950439453,success
04367C4A9C4C80,3,"['Arena', 'Torre Lamberti']",Casa Giulietta,"['Centro Fotografia', 'Sighseeing', 'Museo Conte', 'Museo Radio', 'Palazzo della Ragione']",Santa Anastasia,strategy_nearest,False,0.002418994903564453,success
04367F429C4C80,0,['Torre Lamberti'],Casa Giulietta,"['Centro Fotografia', 'Sighseeing', 'Museo Conte', 'Museo Radio', 'Palazzo della Ragione']",Arena,strategy_nearest,False,0.00133514404296875,success
0436803A9C4C80,3,"['Castelvecchio', 'Arena', 'Torre Lamberti', 'Casa Giulietta']",Duomo,"['AMO', 'Museo Miniscalchi', 'Santa Anastasia', 'Teatro Romano', 'Palazzo della Ragione']",Santa Anastasia,strategy_nearest,True,0.0022470951080322266,success
043681429C4C80,0,['Casa Giulietta'],Santa Anastasia,"['AMO', 'Museo Conte', 'Palazzo della Ragione', 'Teatro Romano', 'Centro Fotografia']",Arena,strategy_nearest,False,0.0017101764678955078,success
0436813A9C4C81,0,"['Arena', 'Casa Giulietta']",Torre Lamberti,"['Sighseeing', 'Centro Fotografia', 'Museo Conte', 'Palazzo della Ragione', 'AMO']",Castelvecchio,strategy_nearest,False,0.0037202835083007812,success
0436814A9C4C80,0,['Casa Giulietta'],Arena,"['Verona Tour', 'Museo Lapidario', 'Museo Radio', 'San Fermo', 'Sighseeing']",Teatro Romano,strategy_nearest,False,0.003284931182861328,success
043681429C4C81,0,"['Museo Lapidario', 'Arena']",San Fermo,"['Museo Storia', 'Museo Radio', 'Casa Giulietta', 'Centro Fotografia', 'Sighseeing']",Casa Giulietta,strategy_nearest,True,0.0026581287384033203,success
043686429C4C80,0,"['Arena', 'Tomba Giulietta']",Giardino Giusti,"['Santa Anastasia', 'Teatro Romano', 'Museo Conte', 'Centro Fotografia', 'Museo Storia']",San Fermo,strategy_nearest,False,0.0026869773864746094,success
043685429C4C80,0,"['Casa Giulietta', 'Giardino Giusti']",Arena,"['Verona Tour', 'Museo Lapidario', 'Museo Radio', 'San Fermo', 'Sighseeing']",Castelvecchio,strategy_nearest,False,0.0034532546997070312,success
043686429C4C81,0,['Casa Giulietta'],Arena,"['Verona Tour', 'Museo Lapidario', 'Museo Radio', 'San Fermo', 'Sighseeing']",Castelvecchio,strategy_nearest,False,0.003046274185180664,success
043688429C4C81,3,"['Arena', 'Casa Giulietta']",Torre Lamberti,"['Sighseeing', 'Centro Fotografia', 'Museo Conte', 'Palazzo della Ragione', 'AMO']",Santa Anastasia,strategy_nearest,False,0.0029799938201904297,success
043687429C4C80,3,"['Arena', 'San Fermo']",Casa Giulietta,"['Centro Fotografia', 'Sighseeing', 'Torre Lamberti', 'Museo Conte', 'Museo Radio']",Santa Anastasia,strategy_nearest,False,0.001722097396850586,success
04368C4A9C4C81,0,['Arena'],Torre Lamberti,"['Sighseeing', 'Centro Fotografia', 'Museo Conte', 'Casa Giulietta', 'Palazzo della Ragione']",Castelvecchio,strategy_nearest,False,0.0033981800079345703,success
0436914A9C4C80,0,"['Arena', 'Castelvecchio']",Casa Giulietta,"['Centro Fotografia', 'Sighseeing', 'Torre Lamberti', 'Museo Conte', 'Museo Radio']",Torre Lamberti,strategy_nearest,True,0.0022106170654296875,success
0436914A9C4C81,1,"['Arena', 'Castelvecchio']",Torre Lamberti,"['Sighseeing', 'Centro Fotografia', 'Museo Conte', 'Casa Giulietta', 'Palazzo della Ragione']",Palazzo della Ragione,strategy_nearest,True,0.0014221668243408203,success
04368F4A9C4C80,0,['Arena'],Casa Giulietta,"['Centro Fotografia', 'Sighseeing', 'Torre Lamberti', 'Museo Conte', 'Museo Radio']",Torre Lamberti,strategy_nearest,True,0.0030930042266845703,success
043697429C4C81,3,"['Arena', 'Casa Giulietta']",Torre Lamberti,"['Sighseeing', 'Centro Fotografia', 'Museo Conte', 'Palazzo della Ragione', 'AMO']",Santa Anastasia,strategy_nearest,False,0.0016980171203613281,success
0436924A9C4C80,2,"['Castelvecchio', 'Casa Giulietta']",Torre Lamberti,"['Sighseeing', 'Centro Fotografia', 'Museo Conte', 'Palazzo della Ragione', 'AMO']",Santa Anastasia,strategy_nearest,False,0.003134012222290039,success
043699429C4C80,3,"['Arena', 'Museo Lapidario']",Torre Lamberti,"['Sighseeing', 'Centro Fotografia', 'Museo Conte', 'Casa Giulietta', 'Palazzo della Ragione']",Casa Giulietta,strategy_nearest,True,0.0028181076049804688,success
04369A429C4C81,1,['Arena'],Torre Lamberti,"['Sighseeing', 'Centro Fotografia', 'Museo Conte', 'Casa Giulietta', 'Palazzo della Ragione']",Palazzo della Ragione,strategy_nearest,True,0.002733945846557617,success
04369A4A9C4C80,1,"['Arena', 'Casa Giulietta']",Palazzo della Ragione,"['AMO', 'Museo Conte', 'Torre Lamberti', 'Centro Fotografia', 'Sighseeing']",Santa Anastasia,strategy_nearest,False,0.002351999282836914,success
04369C4A9C4C80,0,['Arena'],Castelvecchio,"['Museo Lapidario', 'Verona Tour', 'Museo Radio', 'San Zeno', 'Sighseeing']",Casa Giulietta,strategy_nearest,False,0.00347900390625,success
04369C4A9C4C81,0,"['Arena', 'Torre Lamberti']",Casa Giulietta,"['Centro Fotografia', 'Sighseeing', 'Museo Conte', 'Museo Radio', 'Palazzo della Ragione']",Duomo,strategy_nearest,False,0.0032269954681396484,success
04369F4A9C4C80,1,"['Arena', 'Casa Giulietta']",Torre Lamberti,"['Sighseeing', 'Centro Fotografia', 'Museo Conte', 'Palazzo della Ragione', 'AMO']",Palazzo della Ragione,strategy_nearest,True,0.0025641918182373047,success
0436A5429C4C80,0,['Arena'],Casa Giulietta,"['Centro Fotografia', 'Sighseeing', 'Torre Lamberti', 'Museo Conte', 'Museo Radio']",Santa Anastasia,strategy_nearest,False,0.0021462440490722656,success
0436A44A9C4C81,0,['Arena'],Teatro Romano,"['Santa Anastasia', 'Duomo', 'AMO', 'Palazzo della Ragione', 'Museo Conte']",Duomo,strategy_nearest,True,0.00402522087097168,success
0436A9429C4C80,3,['Arena'],Santa Anastasia,"['AMO', 'Museo Conte', 'Palazzo della Ragione', 'Teatro Romano', 'Centro Fotografia']",Duomo,strategy_nearest,False,0.0014340877532958984,success
0436AC429C4C80,3,"['San Zeno', 'Castelvecchio', 'Arena']",Casa Giulietta,"['Centro Fotografia', 'Sighseeing', 'Torre Lamberti', 'Museo Conte', 'Museo Radio']",Torre Lamberti,strategy_nearest,True,0.0032148361206054688,success
0436BE3A9C4C80,1,"['Santa Anastasia', 'Duomo', 'Teatro Romano', 'Casa Giulietta']",Torre Lamberti,"['Sighseeing', 'Centro Fotografia', 'Museo Conte', 'Palazzo della Ragione', 'AMO']",Palazzo della Ragione,strategy_nearest,True,0.003339052200317383,success
0436B1429C4C80,3,"['Arena', 'Casa Giulietta']",Santa Anastasia,"['AMO', 'Museo Conte', 'Palazzo della Ragione', 'Teatro Romano', 'Centro Fotografia']",Teatro Romano,strategy_nearest,True,0.001622915267944336,success
0436C2429C4C80,3,"['Arena', 'Torre Lamberti']",Santa Anastasia,"['AMO', 'Museo Conte', 'Palazzo della Ragione', 'Teatro Romano', 'Centro Fotografia']",Duomo,strategy_nearest,False,0.002665996551513672,success
0436B9429C4C81,0,['Arena'],Santa Anastasia,"['AMO', 'Museo Conte', 'Palazzo della Ragione', 'Teatro Romano', 'Centro Fotografia']",Casa Giulietta,strategy_nearest,False,0.002191781997680664,success
0436D03A9C4C80,0,['Museo Lapidario'],Castelvecchio,"['Verona Tour', 'Arena', 'Museo Radio', 'San Zeno', 'Sighseeing']",Arena,strategy_nearest,True,0.0019922256469726562,success
0436C33A9C4C80,0,['Arena'],Casa Giulietta,"['Centro Fotografia', 'Sighseeing', 'Torre Lamberti', 'Museo Conte', 'Museo Radio']",Duomo,strategy_nearest,False,0.0014147758483886719,success
0436C83A9C4C80,2,"['Castelvecchio', 'Casa Giulietta', 'Torre Lamberti']",Santa Anastasia,"['AMO', 'Museo Conte', 'Palazzo della Ragione', 'Teatro Romano', 'Centro Fotografia']",Duomo,strategy_nearest,False,0.00273895263671875,success
0436D23A9C4C80,2,['Torre Lamberti'],Teatro Romano,"['Santa Anastasia', 'Duomo', 'AMO', 'Palazzo della Ragione', 'Museo Conte']",Casa Giulietta,strategy_nearest,False,0.0033178329467773438,success
0436FE3A9C4C80,2,"['Casa Giulietta', 'Torre Lamberti']",Santa Anastasia,"['AMO', 'Museo Conte', 'Palazzo della Ragione', 'Teatro Romano', 'Centro Fotografia']",Tomba Giulietta,strategy_nearest,False,0.002031087875366211,success
0436F63A9C4C80,2,['Giardino Giusti'],Torre Lamberti,"['Sighseeing', 'Centro Fotografia', 'Museo Conte', 'Casa Giulietta', 'Palazzo della Ragione']",Casa Giulietta,strategy_nearest,True,0.003384113311767578,success
0437013A9C4C84,2,"['Casa Giulietta', 'Torre Lamberti']",Santa Anastasia,"['AMO', 'Museo Conte', 'Palazzo della Ragione', 'Teatro Romano', 'Centro Fotografia']",Teatro Romano,strategy_nearest,True,0.003242969512939453,success
0436D33A9C4C80,3,"['Arena', 'Casa Giulietta']",Torre Lamberti,"['Sighseeing', 'Centro Fotografia', 'Museo Conte', 'Palazzo della Ragione', 'AMO']",Santa Anastasia,strategy_nearest,False,0.0022017955780029297,success
043707429C4C84,2,['Castelvecchio'],Duomo,"['AMO', 'Museo Miniscalchi', 'Santa Anastasia', 'Teatro Romano', 'Palazzo della Ragione']",Teatro Romano,strategy_nearest,True,0.001955747604370117,success
043702429C4C84,3,"['Castelvecchio', 'Casa Giulietta', 'Torre Lamberti', 'Santa Anastasia', 'Teatro Romano']",Arena,"['Verona Tour', 'Museo Lapidario', 'Museo Radio', 'San Fermo', 'Sighseeing']",Museo Lapidario,strategy_nearest,True,0.0022270679473876953,success
04372F3A9C4C80,1,"['Santa Anastasia', 'Casa Giulietta']",Arena,"['Verona Tour', 'Museo Lapidario', 'Museo Radio', 'San Fermo', 'Sighseeing']",Tomba Giulietta,strategy_nearest,False,0.002626180648803711,success
043733429C4C80,0,['Arena'],Casa Giulietta,"['Centro Fotografia', 'Sighseeing', 'Torre Lamberti', 'Museo Conte', 'Museo Radio']",Torre Lamberti,strategy_nearest,True,0.0033621788024902344,success
04373D4A9C4C80,3,"['Teatro Romano', 'Duomo']",Santa Anastasia,"['AMO', 'Museo Conte', 'Palazzo della Ragione', 'Centro Fotografia', 'Torre Lamberti']",Arena,strategy_nearest,False,0.0025610923767089844,success
04374C3A9C4C80,3,"['Arena', 'Castelvecchio', 'Duomo']",Teatro Romano,"['Santa Anastasia', 'AMO', 'Palazzo della Ragione', 'Museo Conte', 'Centro Fotografia']",Santa Anastasia,strategy_nearest,True,0.002939939498901367,success
0437394A9C4C80,2,"['Teatro Romano', 'Castelvecchio']",San Fermo,"['Museo Storia', 'Museo Radio', 'Casa Giulietta', 'Centro Fotografia', 'Arena']",San Zeno,strategy_nearest,False,0.003434896469116211,success
0437723A9C4C80,3,"['Tomba Giulietta', 'Arena', 'Castelvecchio']",Casa Giulietta,"['Centro Fotografia', 'Sighseeing', 'Torre Lamberti', 'Museo Conte', 'Museo Radio']",Santa Anastasia,strategy_nearest,False,0.0013968944549560547,success
043753429C4C80,0,['Tomba Giulietta'],Arena,"['Verona Tour', 'Museo Lapidario', 'Museo Radio', 'San Fermo', 'Casa Giulietta']",Casa Giulietta,strategy_nearest,True,0.0034079551696777344,success
043758429C4C80,1,"['Castelvecchio', 'Arena', 'Museo Lapidario']",Palazzo della Ragione,"['AMO', 'Museo Conte', 'Torre Lamberti', 'Centro Fotografia', 'Sighseeing']",Casa Giulietta,strategy_nearest,False,0.0027348995208740234,success
04376B429C4C80,0,"['Casa Giulietta', 'Arena']",Museo Lapidario,"['Verona Tour', 'Castelvecchio', 'Museo Radio', 'San Fermo', 'Tomba Giulietta']",Castelvecchio,strategy_nearest,True,0.0033211708068847656,success
04377B429C4C81,2,['Torre Lamberti'],Casa Giulietta,"['Centro Fotografia', 'Sighseeing', 'Museo Conte', 'Museo Radio', 'Palazzo della Ragione']",Santa Anastasia,strategy_nearest,False,0.0014352798461914062,success
0437743A9C4C80,3,"['Arena', 'Casa Giulietta']",Santa Anastasia,"['AMO', 'Museo Conte', 'Palazzo della Ragione', 'Teatro Romano', 'Centro Fotografia']",Duomo,strategy_nearest,False,0.0034160614013671875,success
04377A429C4C80,3,"['Arena', 'Castelvecchio']",Torre Lamberti,"['Sighseeing', 'Centro Fotografia', 'Museo Conte', 'Casa Giulietta', 'Palazzo della Ragione']",Casa Giulietta,strategy_nearest,True,0.0021681785583496094,success
04377D429C4C80,0,['Arena'],Casa Giulietta,"['Centro Fotografia', 'Sighseeing', 'Torre Lamberti', 'Museo Conte', 'Museo Radio']",Castelvecchio,strategy_nearest,False,0.0026841163635253906,success
043786429C4C80,3,['Arena'],Torre Lamberti,"['Sighseeing', 'Centro Fotografia', 'Museo Conte', 'Casa Giulietta', 'Palazzo della Ragione']",Casa Giulietta,strategy_nearest,True,0.002810955047607422,success
043789429C4C80,0,['Arena'],Teatro Romano,"['Santa Anastasia', 'Duomo', 'AMO', 'Palazzo della Ragione', 'Museo Conte']",Casa Giulietta,strategy_nearest,False,0.0032529830932617188,success
043785429C4C81,1,"['Casa Giulietta', 'Torre Lamberti']",Palazzo della Ragione,"['AMO', 'Museo Conte', 'Centro Fotografia', 'Sighseeing', 'Santa Anastasia']",Arena,strategy_nearest,False,0.003239870071411133,success
043787429C4C81,3,['Arena'],Santa Anastasia,"['AMO', 'Museo Conte', 'Palazzo della Ragione', 'Teatro Romano', 'Centro Fotografia']",Casa Giulietta,strategy_nearest,False,0.0013518333435058594,success
04379B429C4C80,1,['Arena'],Palazzo della Ragione,"['AMO', 'Museo Conte', 'Torre Lamberti', 'Centro Fotografia', 'Sighseeing']",Torre Lamberti,strategy_nearest,True,0.001399993896484375,success
04379A429C4C81,0,['Castelvecchio'],Arena,"['Verona Tour', 'Museo Lapidario', 'Museo Radio', 'San Fermo', 'Casa Giulietta']",Casa Giulietta,strategy_nearest,True,0.0021457672119140625,success
043798429C4C80,2,['San Fermo'],Santa Anastasia,"['AMO', 'Museo Conte', 'Palazzo della Ragione', 'Teatro Romano', 'Centro Fotografia']",Duomo,strategy_nearest,False,0.0028269290924072266,success
043799429C4C80,0,['Arena'],Torre Lamberti,"['Sighseeing', 'Centro Fotografia', 'Museo Conte', 'Casa Giulietta', 'Palazzo della Ragione']",Castelvecchio,strategy_nearest,False,0.0035257339477539062,success
04379E4A9C4C81,6,['Casa Giulietta'],Torre Lamberti,"['Sighseeing', 'Centro Fotografia', 'Museo Conte', 'Palazzo della Ragione', 'AMO']",Verona Tour,strategy_nearest,False,0.0022673606872558594,success
0437A24A9C4C81,3,['Arena'],Castelvecchio,"['Museo Lapidario', 'Verona Tour', 'Museo Radio', 'San Zeno', 'Sighseeing']",Teatro Romano,strategy_nearest,False,0.0031080245971679688,success
04379F429C4C80,3,['Arena'],Casa Giulietta,"['Centro Fotografia', 'Sighseeing', 'Torre Lamberti', 'Museo Conte', 'Museo Radio']",Santa Anastasia,strategy_nearest,False,0.002836942672729492,success
0437A14A9C4C81,3,"['Tomba Giulietta', 'Arena', 'Castelvecchio']",San Zeno,"['Verona Tour', 'Museo Lapidario', 'Museo Miniscalchi', 'Sighseeing', 'Museo Radio']",Torre Lamberti,strategy_nearest,False,0.00263214111328125,success
0437A44A9C4C80,3,"['Arena', 'Casa Giulietta']",Santa Anastasia,"['AMO', 'Museo Conte', 'Palazzo della Ragione', 'Teatro Romano', 'Centro Fotografia']",Duomo,strategy_nearest,False,0.003041982650756836,success
0437A73A9C4C80,0,['Arena'],Casa Giulietta,"['Centro Fotografia', 'Sighseeing', 'Torre Lamberti', 'Museo Conte', 'Museo Radio']",Duomo,strategy_nearest,False,0.0019698143005371094,success
0437A7429C4C81,3,"['Arena', 'Torre Lamberti']",Santa Anastasia,"['AMO', 'Museo Conte', 'Palazzo della Ragione', 'Teatro Romano', 'Centro Fotografia']",Duomo,strategy_nearest,False,0.0026721954345703125,success
0437A74A9C4C80,3,"['Arena', 'San Fermo', 'Tomba Giulietta']",Torre Lamberti,"['Sighseeing', 'Centro Fotografia', 'Museo Conte', 'Casa Giulietta', 'Palazzo della Ragione']",Casa Giulietta,strategy_nearest,True,0.0031762123107910156,success
0437A84A9C4C80,0,"['Tomba Giulietta', 'Arena']",Casa Giulietta,"['Centro Fotografia', 'Sighseeing', 'Torre Lamberti', 'Museo Conte', 'Museo Radio']",Torre Lamberti,strategy_nearest,True,0.0030591487884521484,success
0437AA429C4C80,0,['Castelvecchio'],Arena,"['Verona Tour', 'Museo Lapidario', 'Museo Radio', 'San Fermo', 'Casa Giulietta']",Casa Giulietta,strategy_nearest,True,0.0023641586303710938,success
0437AB4A9C4C81,2,"['Castelvecchio', 'Casa Giulietta']",Torre Lamberti,"['Sighseeing', 'Centro Fotografia', 'Museo Conte', 'Palazzo della Ragione', 'AMO']",Giardino Giusti,strategy_nearest,False,0.0024771690368652344,success
0437B0429C4C81,3,"['Arena', 'Castelvecchio']",San Fermo,"['Museo Storia', 'Museo Radio', 'Casa Giulietta', 'Centro Fotografia', 'Sighseeing']",Casa Giulietta,strategy_nearest,True,0.002457857131958008,success
0437AC4A9C4C81,0,['Arena'],Museo Lapidario,"['Verona Tour', 'Castelvecchio', 'Museo Radio', 'San Fermo', 'Casa Giulietta']",Castelvecchio,strategy_nearest,True,0.0033769607543945312,success
0437B6429C4C80,3,"['Arena', 'Museo Lapidario', 'Castelvecchio']",Teatro Romano,"['Santa Anastasia', 'Duomo', 'AMO', 'Palazzo della Ragione', 'Museo Conte']",Duomo,strategy_nearest,True,0.0032050609588623047,success
0437B93A9C4C80,1,"['Arena', 'Torre Lamberti', 'Palazzo della Ragione']",Santa Anastasia,"['AMO', 'Museo Conte', 'Teatro Romano', 'Centro Fotografia', 'Duomo']",Teatro Romano,strategy_nearest,True,0.0017249584197998047,success
0437C03A9C4C80,0,['Arena'],Casa Giulietta,"['Centro Fotografia', 'Sighseeing', 'Torre Lamberti', 'Museo Conte', 'Museo Radio']",Duomo,strategy_nearest,False,0.0026013851165771484,success
0437D53A9C4C80,3,['Arena'],Santa Anastasia,"['AMO', 'Museo Conte', 'Palazzo della Ragione', 'Teatro Romano', 'Centro Fotografia']",Torre Lamberti,strategy_nearest,False,0.003304004669189453,success
0437C73A9C4C80,3,['Arena'],Casa Giulietta,"['Centro Fotografia', 'Sighseeing', 'Torre Lamberti', 'Museo Conte', 'Museo Radio']",Santa Anastasia,strategy_nearest,False,0.003565073013305664,success
0437D33A9C4C80,3,['Santa Anastasia'],Duomo,"['AMO', 'Museo Miniscalchi', 'Teatro Romano', 'Palazzo della Ragione', 'Museo Conte']",Arena,strategy_nearest,False,0.0027883052825927734,success
0437D7429C4C80,0,"['Castelvecchio', 'Arena']",Torre Lamberti,"['Sighseeing', 'Centro Fotografia', 'Museo Conte', 'Casa Giulietta', 'Palazzo della Ragione']",Casa Giulietta,strategy_nearest,True,0.0032439231872558594,success
0437D93A9C4C80,3,"['Arena', 'Torre Lamberti', 'Santa Anastasia']",Teatro Romano,"['Duomo', 'AMO', 'Palazzo della Ragione', 'Museo Conte', 'Centro Fotografia']",Casa Giulietta,strategy_nearest,False,0.0016703605651855469,success
0437DB3A9C4C80,0,"['Casa Giulietta', 'Teatro Romano']",Giardino Giusti,"['Santa Anastasia', 'Museo Conte', 'Centro Fotografia', 'Museo Storia', 'AMO']",Tomba Giulietta,strategy_nearest,False,0.0032050609588623047,success
0437D9429C4C80,3,['Arena'],Torre Lamberti,"['Sighseeing', 'Centro Fotografia', 'Museo Conte', 'Casa Giulietta', 'Palazzo della Ragione']",Casa Giulietta,strategy_nearest,True,0.0035240650177001953,success
0437DA429C4C80,0,['Casa Giulietta'],Arena,"['Verona Tour', 'Museo Lapidario', 'Museo Radio', 'San Fermo', 'Sighseeing']",Castelvecchio,strategy_nearest,False,0.002557992935180664,success
0437DF3A9C4C80,2,"['Santa Anastasia', 'Teatro Romano', 'Castelvecchio', 'Castelvecchio']",San Zeno,"['Verona Tour', 'Museo Lapidario', 'Arena', 'Museo Miniscalchi', 'Sighseeing']",Casa Giulietta,strategy_nearest,False,0.0023069381713867188,success
0437F73A9C4C80,0,['Arena'],Casa Giulietta,"['Centro Fotografia', 'Sighseeing', 'Torre Lamberti', 'Museo Conte', 'Museo Radio']",Torre Lamberti,strategy_nearest,True,0.0025730133056640625,success
0437F13A9C4C80,0,['Arena'],Casa Giulietta,"['Centro Fotografia', 'Sighseeing', 'Torre Lamberti', 'Museo Conte', 'Museo Radio']",Tomba Giulietta,strategy_nearest,False,0.0020973682403564453,success
0437EE3A9C4C80,0,['Arena'],San Fermo,"['Museo Storia', 'Museo Radio', 'Casa Giulietta', 'Centro Fotografia', 'Sighseeing']",Casa Giulietta,strategy_nearest,True,0.0035140514373779297,success
0437F9429C4C80,3,"['Arena', 'Torre Lamberti', 'Casa Giulietta', 'San Fermo']",Giardino Giusti,"['Santa Anastasia', 'Teatro Romano', 'Museo Conte', 'Centro Fotografia', 'Museo Storia']",Castelvecchio,strategy_nearest,False,0.0016961097717285156,success
0437FA3A9C4C80,1,"['Castelvecchio', 'Arena']",Palazzo della Ragione,"['AMO', 'Museo Conte', 'Torre Lamberti', 'Centro Fotografia', 'Sighseeing']",Torre Lamberti,strategy_nearest,True,0.002577066421508789,success
043833429C4C80,0,['Casa Giulietta'],Arena,"['Verona Tour', 'Museo Lapidario', 'Museo Radio', 'San Fermo', 'Sighseeing']",San Zeno,strategy_nearest,False,0.003247976303100586,success
0437FC429C4C80,0,"['Arena', 'Torre Lamberti']",Casa Giulietta,"['Centro Fotografia', 'Sighseeing', 'Museo Conte', 'Museo Radio', 'Palazzo della Ragione']",San Fermo,strategy_nearest,False,0.00269317626953125,success
04383B4A9C4C80,3,"['Castelvecchio', 'San Fermo']",Arena,"['Verona Tour', 'Museo Lapidario', 'Museo Radio', 'Casa Giulietta', 'Sighseeing']",Santa Anastasia,strategy_nearest,False,0.0034418106079101562,success
04383E3A9C4C80,1,"['Castelvecchio', 'Arena', 'Torre Lamberti']",Palazzo della Ragione,"['AMO', 'Museo Conte', 'Centro Fotografia', 'Sighseeing', 'Santa Anastasia']",Casa Giulietta,strategy_nearest,False,0.003196239471435547,success
04383D4A9C4C80,4,"['Castelvecchio', 'Museo Radio', 'Tomba Giulietta']",Casa Giulietta,"['Centro Fotografia', 'Sighseeing', 'Torre Lamberti', 'Museo Conte', 'Palazzo della Ragione']",Teatro Romano,strategy_nearest,False,0.001313924789428711,success
0438384A9C4C80,3,"['Arena', 'Torre Lamberti']",San Fermo,"['Museo Storia', 'Museo Radio', 'Casa Giulietta', 'Centro Fotografia', 'Sighseeing']",San Zeno,strategy_nearest,False,0.0028400421142578125,success
04384C3A9C4C80,0,['Arena'],Casa Giulietta,"['Centro Fotografia', 'Sighseeing', 'Torre Lamberti', 'Museo Conte', 'Museo Radio']",Santa Anastasia,strategy_nearest,False,0.002454996109008789,success
04386B429C4C80,3,"['Duomo', 'Santa Anastasia']",San Zeno,"['Castelvecchio', 'Verona Tour', 'Museo Lapidario', 'Arena', 'Museo Miniscalchi']",Arena,strategy_nearest,True,0.0029871463775634766,success
04386C429C4C80,2,"['Santa Anastasia', 'Duomo']",Teatro Romano,"['AMO', 'Palazzo della Ragione', 'Museo Conte', 'Centro Fotografia', 'Museo Miniscalchi']",Torre Lamberti,strategy_nearest,False,0.0035381317138671875,success
043865429C4C80,3,"['Arena', 'Casa Giulietta', 'Torre Lamberti']",Duomo,"['AMO', 'Museo Miniscalchi', 'Santa Anastasia', 'Teatro Romano', 'Palazzo della Ragione']",Santa Anastasia,strategy_nearest,True,0.0015559196472167969,success
043873429C4C80,3,"['Torre Lamberti', 'Duomo']",Santa Anastasia,"['AMO', 'Museo Conte', 'Palazzo della Ragione', 'Teatro Romano', 'Centro Fotografia']",Arena,strategy_nearest,False,0.0027670860290527344,success
04387B4A9C4C80,0,['Duomo'],Teatro Romano,"['Santa Anastasia', 'AMO', 'Palazzo della Ragione', 'Museo Conte', 'Centro Fotografia']",Casa Giulietta,strategy_nearest,False,0.002602815628051758,success
04387A4A9C4C80,1,"['Tomba Giulietta', 'Arena', 'Casa Giulietta']",Torre Lamberti,"['Sighseeing', 'Centro Fotografia', 'Museo Conte', 'Palazzo della Ragione', 'AMO']",Palazzo della Ragione,strategy_nearest,True,0.0014221668243408203,success
043877429C4C80,0,['Arena'],Torre Lamberti,"['Sighseeing', 'Centro Fotografia', 'Museo Conte', 'Casa Giulietta', 'Palazzo della Ragione']",Casa Giulietta,strategy_nearest,True,0.0033528804779052734,success
04387C429C4C80,0,['Arena'],Casa Giulietta,"['Centro Fotografia', 'Sighseeing', 'Torre Lamberti', 'Museo Conte', 'Museo Radio']",Duomo,strategy_nearest,False,0.0022382736206054688,success
0438824A9C4C80,1,"['Arena', 'Casa Giulietta']",Torre Lamberti,"['Sighseeing', 'Centro Fotografia', 'Museo Conte', 'Palazzo della Ragione', 'AMO']",Palazzo della Ragione,strategy_nearest,True,0.002808094024658203,success
0438813A9C4C80,0,['Arena'],Casa Giulietta,"['Centro Fotografia', 'Sighseeing', 'Torre Lamberti', 'Museo Conte', 'Museo Radio']",Torre Lamberti,strategy_nearest,True,0.001435995101928711,success
043883429C4C81,0,['Arena'],Castelvecchio,"['Museo Lapidario', 'Verona Tour', 'Museo Radio', 'San Zeno', 'Sighseeing']",Museo Lapidario,strategy_nearest,True,0.0032668113708496094,success
0438884A9C4C81,3,"['Arena', 'Torre Lamberti']",Santa Anastasia,"['AMO', 'Museo Conte', 'Palazzo della Ragione', 'Teatro Romano', 'Centro Fotografia']",Duomo,strategy_nearest,False,0.0012922286987304688,success
0438854A9C4C81,3,"['Castelvecchio', 'Arena']",Casa Giulietta,"['Centro Fotografia', 'Sighseeing', 'Torre Lamberti', 'Museo Conte', 'Museo Radio']",San Fermo,strategy_nearest,False,0.004103899002075195,success
043888429C4C81,3,"['Arena', 'Casa Giulietta', 'Torre Lamberti']",Santa Anastasia,"['AMO', 'Museo Conte', 'Palazzo della Ragione', 'Teatro Romano', 'Centro Fotografia']",Teatro Romano,strategy_nearest,True,0.002850055694580078,success
04388A4A9C4C81,2,"['Museo Lapidario', 'Museo Lapidario']",Casa Giulietta,"['Centro Fotografia', 'Sighseeing', 'Torre Lamberti', 'Museo Conte', 'Museo Radio']",Santa Anastasia,strategy_nearest,False,0.003390789031982422,success
04388F3A9C4C80,3,"['Arena', 'Casa Giulietta']",Torre Lamberti,"['Sighseeing', 'Centro Fotografia', 'Museo Conte', 'Palazzo della Ragione', 'AMO']",Santa Anastasia,strategy_nearest,False,0.0026030540466308594,success
04388D429C4C80,2,"['Casa Giulietta', 'Torre Lamberti']",Santa Anastasia,"['AMO', 'Museo Conte', 'Palazzo della Ragione', 'Teatro Romano', 'Centro Fotografia']",Duomo,strategy_nearest,False,0.002286195755004883,success
04388F4A9C4C81,0,"['Arena', 'Castelvecchio']",Duomo,"['AMO', 'Museo Miniscalchi', 'Santa Anastasia', 'Teatro Romano', 'Palazzo della Ragione']",Teatro Romano,strategy_nearest,True,0.002353191375732422,success
043890429C4C80,2,"['Casa Giulietta', 'Torre Lamberti']",Palazzo della Ragione,"['AMO', 'Museo Conte', 'Centro Fotografia', 'Sighseeing', 'Santa Anastasia']",Santa Anastasia,strategy_nearest,True,0.003283977508544922,success
0438924A9C4C80,0,['Castelvecchio'],Arena,"['Verona Tour', 'Museo Lapidario', 'Museo Radio', 'San Fermo', 'Casa Giulietta']",San Fermo,strategy_nearest,True,0.001886129379272461,success
0438924A9C4C81,3,"['Arena', 'San Fermo']",Teatro Romano,"['Santa Anastasia', 'Duomo', 'AMO', 'Palazzo della Ragione', 'Museo Conte']",Duomo,strategy_nearest,True,0.0026679039001464844,success
043899429C4C81,3,"['Arena', 'Santa Anastasia']",Duomo,"['AMO', 'Museo Miniscalchi', 'Teatro Romano', 'Palazzo della Ragione', 'Museo Conte']",Teatro Romano,strategy_nearest,True,0.0032160282135009766,success
04389A429C4C80,0,['Arena'],Casa Giulietta,"['Centro Fotografia', 'Sighseeing', 'Torre Lamberti', 'Museo Conte', 'Museo Radio']",Teatro Romano,strategy_nearest,False,0.002228975296020508,success
04389B4A9C4C81,2,['Castelvecchio'],Casa Giulietta,"['Centro Fotografia', 'Sighseeing', 'Torre Lamberti', 'Museo Conte', 'Museo Radio']",Torre Lamberti,strategy_nearest,True,0.002633810043334961,success
04389D4A9C4C80,3,['Arena'],Santa Anastasia,"['AMO', 'Museo Conte', 'Palazzo della Ragione', 'Teatro Romano', 'Centro Fotografia']",Duomo,strategy_nearest,False,0.002348184585571289,success
04389C429C4C80,1,"['Arena', 'Tomba Giulietta', 'Castelvecchio']",Palazzo della Ragione,"['AMO', 'Museo Conte', 'Torre Lamberti', 'Centro Fotografia', 'Sighseeing']",Torre Lamberti,strategy_nearest,True,0.0032739639282226562,success
04389BBA7B3F80,3,"['Arena', 'Torre Lamberti', 'Casa Giulietta']",Santa Anastasia,"['AMO', 'Museo Conte', 'Palazzo della Ragione', 'Teatro Romano', 'Centro Fotografia']",Duomo,strategy_nearest,False,0.0033729076385498047,success
0438A2429C4C80,3,"['Castelvecchio', 'Arena']",Torre Lamberti,"['Sighseeing', 'Centro Fotografia', 'Museo Conte', 'Casa Giulietta', 'Palazzo della Ragione']",Santa Anastasia,strategy_nearest,False,0.002685070037841797,success
0438A5429C4C80,2,['Casa Giulietta'],Palazzo della Ragione,"['AMO', 'Museo Conte', 'Torre Lamberti', 'Centro Fotografia', 'Sighseeing']",Torre Lamberti,strategy_nearest,True,0.0019807815551757812,success
04389E429C4C80,3,['Arena'],Casa Giulietta,"['Centro Fotografia', 'Sighseeing', 'Torre Lamberti', 'Museo Conte', 'Museo Radio']",Torre Lamberti,strategy_nearest,True,0.0027730464935302734,success
04389F429C4C80,0,['Arena'],Torre Lamberti,"['Sighseeing', 'Centro Fotografia', 'Museo Conte', 'Casa Giulietta', 'Palazzo della Ragione']",Teatro Romano,strategy_nearest,False,0.0033309459686279297,success
0438AA3A9C4C80,3,"['Arena', 'Castelvecchio']",Casa Giulietta,"['Centro Fotografia', 'Sighseeing', 'Torre Lamberti', 'Museo Conte', 'Museo Radio']",Torre Lamberti,strategy_nearest,True,0.0021331310272216797,success
0438A84A9C4C80,2,"['Tomba Giulietta', 'San Fermo', 'Teatro Romano']",Santa Anastasia,"['AMO', 'Museo Conte', 'Palazzo della Ragione', 'Centro Fotografia', 'Duomo']",Torre Lamberti,strategy_nearest,False,0.0021550655364990234,success
0438BA3A9C4C80,2,"['Tomba Giulietta', 'Castelvecchio', 'Giardino Giusti']",Teatro Romano,"['Santa Anastasia', 'Duomo', 'AMO', 'Palazzo della Ragione', 'Museo Conte']",Duomo,strategy_nearest,True,0.003147125244140625,success
0438B6429C4C80,0,['Arena'],Casa Giulietta,"['Centro Fotografia', 'Sighseeing', 'Torre Lamberti', 'Museo Conte', 'Museo Radio']",Duomo,strategy_nearest,False,0.0027480125427246094,success
0438C43A9C4C80,0,['Arena'],Casa Giulietta,"['Centro Fotografia', 'Sighseeing', 'Torre Lamberti', 'Museo Conte', 'Museo Radio']",Castelvecchio,strategy_nearest,False,0.0015189647674560547,success
0438D43A9C4C80,0,['Arena'],Castelvecchio,"['Museo Lapidario', 'Verona Tour', 'Museo Radio', 'San Zeno', 'Sighseeing']",Teatro Romano,strategy_nearest,False,0.0020759105682373047,success
0438D73A9C4C80,3,"['Casa Giulietta', 'Teatro Romano']",Duomo,"['AMO', 'Museo Miniscalchi', 'Santa Anastasia', 'Palazzo della Ragione', 'Museo Conte']",Castelvecchio,strategy_nearest,False,0.002586841583251953,success
0438BD429C4C80,3,"['Arena', 'Tomba Giulietta']",Casa Giulietta,"['Centro Fotografia', 'Sighseeing', 'Torre Lamberti', 'Museo Conte', 'Museo Radio']",Torre Lamberti,strategy_nearest,True,0.0033469200134277344,success
0438F53A9C4C80,0,"['Casa Giulietta', 'Torre Lamberti', 'Teatro Romano']",Tomba Giulietta,"['San Fermo', 'Museo Storia', 'Arena', 'Museo Lapidario', 'Museo Radio']",Museo Lapidario,strategy_nearest,True,0.0013849735260009766,success
0438EE3A9C4C80,2,"['Palazzo della Ragione', 'Torre Lamberti', 'Duomo']",Casa Giulietta,"['Centro Fotografia', 'Sighseeing', 'Museo Conte', 'Museo Radio', 'San Fermo']",Castelvecchio,strategy_nearest,False,0.002686023712158203,success
0438E43A9C4C80,2,"['San Fermo', 'Casa Giulietta', 'Torre Lamberti']",Palazzo della Ragione,"['AMO', 'Museo Conte', 'Centro Fotografia', 'Sighseeing', 'Santa Anastasia']",Santa Anastasia,strategy_nearest,True,0.0021398067474365234,success
0438E0429C4C80,0,['San Zeno'],Castelvecchio,"['Museo Lapidario', 'Verona Tour', 'Arena', 'Museo Radio', 'Sighseeing']",Arena,strategy_nearest,True,0.0033681392669677734,success
043934429C4C80,0,['Casa Giulietta'],Arena,"['Verona Tour', 'Museo Lapidario', 'Museo Radio', 'San Fermo', 'Sighseeing']",Castelvecchio,strategy_nearest,False,0.001058816909790039,success
043949429C4C80,3,"['Castelvecchio', 'Arena', 'San Fermo']",Tomba Giulietta,"['Museo Storia', 'Museo Lapidario', 'Museo Radio', 'Verona Tour', 'Casa Giulietta']",Casa Giulietta,strategy_nearest,True,0.0019659996032714844,success
0439384A9C4C80,3,"['Santa Anastasia', 'Torre Lamberti', 'Casa Giulietta']",Castelvecchio,"['Museo Lapidario', 'Verona Tour', 'Arena', 'Museo Radio', 'San Zeno']",Arena,strategy_nearest,True,0.0026450157165527344,success
04394F429C4C80,1,"['Torre Lamberti', 'Arena', 'Castelvecchio']",San Zeno,"['Verona Tour', 'Museo Lapidario', 'Museo Miniscalchi', 'Sighseeing', 'Museo Radio']",Casa Giulietta,strategy_nearest,False,0.003262042999267578,success
04397A4A9C4C80,3,['Arena'],Santa Anastasia,"['AMO', 'Museo Conte', 'Palazzo della Ragione', 'Teatro Romano', 'Centro Fotografia']",Duomo,strategy_nearest,False,0.0032279491424560547,success
0439824A9C4C80,3,"['Casa Giulietta', 'Santa Anastasia', 'Teatro Romano']",Duomo,"['AMO', 'Museo Miniscalchi', 'Palazzo della Ragione', 'Museo Conte', 'Torre Lamberti']",Torre Lamberti,strategy_nearest,True,0.0028870105743408203,success
0439663A9C4C80,3,"['Casa Giulietta', 'Torre Lamberti', 'Santa Anastasia']",Teatro Romano,"['Duomo', 'AMO', 'Palazzo della Ragione', 'Museo Conte', 'Centro Fotografia']",Giardino Giusti,strategy_nearest,False,0.002796173095703125,success
043952429C4C80,2,"['Casa Giulietta', 'Torre Lamberti']",Santa Anastasia,"['AMO', 'Museo Conte', 'Palazzo della Ragione', 'Teatro Romano', 'Centro Fotografia']",San Zeno,strategy_nearest,False,0.002671957015991211,success
04398D4A9C4C80,0,"['Arena', 'Casa Giulietta']",Torre Lamberti,"['Sighseeing', 'Centro Fotografia', 'Museo Conte', 'Palazzo della Ragione', 'AMO']",Giardino Giusti,strategy_nearest,False,0.0034317970275878906,success
04398D4A9C4C81,3,"['Arena', 'San Zeno']",Castelvecchio,"['Museo Lapidario', 'Verona Tour', 'Museo Radio', 'Sighseeing', 'Museo Miniscalchi']",Torre Lamberti,strategy_nearest,False,0.002176046371459961,success
04398F3A9C4C80,0,"['Castelvecchio', 'Arena']",Torre Lamberti,"['Sighseeing', 'Centro Fotografia', 'Museo Conte', 'Casa Giulietta', 'Palazzo della Ragione']",Casa Giulietta,strategy_nearest,True,0.0031859874725341797,success
04398E4A9C4C81,0,['Arena'],Castelvecchio,"['Museo Lapidario', 'Verona Tour', 'Museo Radio', 'San Zeno', 'Sighseeing']",Torre Lamberti,strategy_nearest,False,0.0015330314636230469,success
043999429C4C80,3,"['Arena', 'Museo Lapidario']",Casa Giulietta,"['Centro Fotografia', 'Sighseeing', 'Torre Lamberti', 'Museo Conte', 'Museo Radio']",Santa Anastasia,strategy_nearest,False,0.0026192665100097656,success
0439974A9C4C80,1,['Arena'],Castelvecchio,"['Museo Lapidario', 'Verona Tour', 'Museo Radio', 'San Zeno', 'Sighseeing']",Torre Lamberti,strategy_nearest,False,0.0015990734100341797,success
0439924A9C4C80,2,['Castelvecchio'],Casa Giulietta,"['Centro Fotografia', 'Sighseeing', 'Torre Lamberti', 'Museo Conte', 'Museo Radio']",Torre Lamberti,strategy_nearest,True,0.0022368431091308594,success
0439974A9C4C81,0,['Arena'],Teatro Romano,"['Santa Anastasia', 'Duomo', 'AMO', 'Palazzo della Ragione', 'Museo Conte']",Castelvecchio,strategy_nearest,False,0.0033719539642333984,success
0439994A9C4C80,0,"['Arena', 'Casa Giulietta']",Castelvecchio,"['Museo Lapidario', 'Verona Tour', 'Museo Radio', 'San Zeno', 'Sighseeing']",Torre Lamberti,strategy_nearest,False,0.002792835235595703,success
04399D4A9C4C80,3,"['Arena', 'Castelvecchio', 'Casa Giulietta']",Torre Lamberti,"['Sighseeing', 'Centro Fotografia', 'Museo Conte', 'Palazzo della Ragione', 'AMO']",Santa Anastasia,strategy_nearest,False,0.002068042755126953,success
043999429C4C81,1,"['Arena', 'Museo Lapidario', 'Tomba Giulietta']",Casa Giulietta,"['Centro Fotografia', 'Sighseeing', 'Torre Lamberti', 'Museo Conte', 'Museo Radio']",Torre Lamberti,strategy_nearest,True,0.003443002700805664,success
04399B4A9C4C81,3,"['Arena', 'Castelvecchio']",Santa Anastasia,"['AMO', 'Museo Conte', 'Palazzo della Ragione', 'Teatro Romano', 'Centro Fotografia']",Duomo,strategy_nearest,False,0.0014810562133789062,success
0439A14A9C4C81,2,['Torre Lamberti'],Santa Anastasia,"['AMO', 'Museo Conte', 'Palazzo della Ragione', 'Teatro Romano', 'Centro Fotografia']",Duomo,strategy_nearest,False,0.001508951187133789,success
04399E4A9C4C80,0,"['Castelvecchio', 'Casa Giulietta']",Torre Lamberti,"['Sighseeing', 'Centro Fotografia', 'Museo Conte', 'Palazzo della Ragione', 'AMO']",Teatro Romano,strategy_nearest,False,0.0033211708068847656,success
0439A44A9C4C81,3,['Arena'],Santa Anastasia,"['AMO', 'Museo Conte', 'Palazzo della Ragione', 'Teatro Romano', 'Centro Fotografia']",Duomo,strategy_nearest,False,0.001965045928955078,success
04399E429C4C81,3,"['Arena', 'Casa Giulietta', 'Torre Lamberti']",Santa Anastasia,"['AMO', 'Museo Conte', 'Palazzo della Ragione', 'Teatro Romano', 'Centro Fotografia']",Duomo,strategy_nearest,False,0.003347158432006836,success
0439A8429C4C80,0,['Arena'],Casa Giulietta,"['Centro Fotografia', 'Sighseeing', 'Torre Lamberti', 'Museo Conte', 'Museo Radio']",Santa Anastasia,strategy_nearest,False,0.002725839614868164,success
0439AA4A9C4C80,0,['Casa Giulietta'],Arena,"['Verona Tour', 'Museo Lapidario', 'Museo Radio', 'San Fermo', 'Sighseeing']",Torre Lamberti,strategy_nearest,False,0.0020847320556640625,success
0439AC3A9C4C80,3,"['Arena', 'Casa Giulietta']",Torre Lamberti,"['Sighseeing', 'Centro Fotografia', 'Museo Conte', 'Palazzo della Ragione', 'AMO']",Santa Anastasia,strategy_nearest,False,0.0032520294189453125,success
0439A7429C4C80,0,['Arena'],Casa Giulietta,"['Centro Fotografia', 'Sighseeing', 'Torre Lamberti', 'Museo Conte', 'Museo Radio']",Torre Lamberti,strategy_nearest,True,0.0014371871948242188,success
0439C83A9C4C80,0,['Arena'],Castelvecchio,"['Museo Lapidario', 'Verona Tour', 'Museo Radio', 'San Zeno', 'Sighseeing']",Torre Lamberti,strategy_nearest,False,0.003337860107421875,success
0439B6429C4C80,2,['Teatro Romano'],Castelvecchio,"['Museo Lapidario', 'Verona Tour', 'Arena', 'Museo Radio', 'San Zeno']",San Fermo,strategy_nearest,False,0.002767801284790039,success
0439D03A9C4C80,0,['Casa Giulietta'],Duomo,"['AMO', 'Museo Miniscalchi', 'Santa Anastasia', 'Teatro Romano', 'Palazzo della Ragione']",Torre Lamberti,strategy_nearest,False,0.0014379024505615234,success
0439D83A9C4C80,3,"['Arena', 'Torre Lamberti', 'Santa Anastasia']",Duomo,"['AMO', 'Museo Miniscalchi', 'Teatro Romano', 'Palazzo della Ragione', 'Museo Conte']",Teatro Romano,strategy_nearest,True,0.0031828880310058594,success
0439F23A9C4C80,2,['Teatro Romano'],Duomo,"['AMO', 'Museo Miniscalchi', 'Santa Anastasia', 'Palazzo della Ragione', 'Museo Conte']",Santa Anastasia,strategy_nearest,True,0.0021276473999023438,success
0439F53A9C4C80,3,"['Casa Giulietta', 'Torre Lamberti', 'Castelvecchio']",Teatro Romano,"['Santa Anastasia', 'Duomo', 'AMO', 'Palazzo della Ragione', 'Museo Conte']",Duomo,strategy_nearest,True,0.0013492107391357422,success
0439F63A9C4C80,0,"['Castelvecchio', 'Tomba Giulietta']",Arena,"['Verona Tour', 'Museo Lapidario', 'Museo Radio', 'San Fermo', 'Casa Giulietta']",Torre Lamberti,strategy_nearest,False,0.002669095993041992,success
0439E53A9C4C80,0,['Arena'],Casa Giulietta,"['Centro Fotografia', 'Sighseeing', 'Torre Lamberti', 'Museo Conte', 'Museo Radio']",Santa Anastasia,strategy_nearest,False,0.004148960113525391,success
043A41429C4C80,3,"['San Zeno', 'Castelvecchio']",San Fermo,"['Museo Storia', 'Museo Radio', 'Casa Giulietta', 'Centro Fotografia', 'Arena']",Arena,strategy_nearest,True,0.002305746078491211,success
043A974A9C4C81,3,"['Arena', 'Castelvecchio']",Casa Giulietta,"['Centro Fotografia', 'Sighseeing', 'Torre Lamberti', 'Museo Conte', 'Museo Radio']",Teatro Romano,strategy_nearest,False,0.0033516883850097656,success
043AA14A9C4C81,2,['Palazzo della Ragione'],Castelvecchio,"['Museo Lapidario', 'Verona Tour', 'Arena', 'Museo Radio', 'San Zeno']",Duomo,strategy_nearest,False,0.0024738311767578125,success
043A82429C4C80,3,"['Teatro Romano', 'Tomba Giulietta', 'Castelvecchio', 'Casa Giulietta']",Duomo,"['AMO', 'Museo Miniscalchi', 'Santa Anastasia', 'Palazzo della Ragione', 'Museo Conte']",Santa Anastasia,strategy_nearest,True,0.002711057662963867,success
043AA24A9C4C81,2,"['Castelvecchio', 'Casa Giulietta']",Torre Lamberti,"['Sighseeing', 'Centro Fotografia', 'Museo Conte', 'Palazzo della Ragione', 'AMO']",Santa Anastasia,strategy_nearest,False,0.0022859573364257812,success
043AA44A9C4C80,1,"['Castelvecchio', 'Museo Lapidario', 'Arena']",Casa Giulietta,"['Centro Fotografia', 'Sighseeing', 'Torre Lamberti', 'Museo Conte', 'Museo Radio']",Torre Lamberti,strategy_nearest,True,0.002154827117919922,success
043AA64A9C4C80,3,"['Arena', 'Teatro Romano']",Duomo,"['AMO', 'Museo Miniscalchi', 'Santa Anastasia', 'Palazzo della Ragione', 'Museo Conte']",Castelvecchio,strategy_nearest,False,0.0027201175689697266,success
043B0C429C4C84,0,['Santa Anastasia'],Arena,"['Verona Tour', 'Museo Lapidario', 'Museo Radio', 'San Fermo', 'Casa Giulietta']",Castelvecchio,strategy_nearest,False,0.0033011436462402344,success
043B41429C4C80,0,['Arena'],Museo Lapidario,"['Verona Tour', 'Castelvecchio', 'Museo Radio', 'San Fermo', 'Casa Giulietta']",Castelvecchio,strategy_nearest,True,0.0015249252319335938,success
043B32429C4C80,3,"['Santa Anastasia', 'Arena', 'Castelvecchio']",Duomo,"['AMO', 'Museo Miniscalchi', 'Teatro Romano', 'Palazzo della Ragione', 'Museo Conte']",San Fermo,strategy_nearest,False,0.0028269290924072266,success
043B40429C4C80,0,['Arena'],Castelvecchio,"['Museo Lapidario', 'Verona Tour', 'Museo Radio', 'San Zeno', 'Sighseeing']",Tomba Giulietta,strategy_nearest,False,0.0027480125427246094,success
043B2F3A9C4C80,1,"['Castelvecchio', 'Arena', 'Casa Giulietta', 'Palazzo della Ragione']",Torre Lamberti,"['Sighseeing', 'Centro Fotografia', 'Museo Conte', 'AMO', 'Museo Miniscalchi']",Santa Anastasia,strategy_nearest,False,0.0052869319915771484,success
043B4D3A9C4C80,3,"['Arena', 'Castelvecchio']",Casa Giulietta,"['Centro Fotografia', 'Sighseeing', 'Torre Lamberti', 'Museo Conte', 'Museo Radio']",Torre Lamberti,strategy_nearest,True,0.003365755081176758,success
043B47429C4C80,3,"['Casa Giulietta', 'Arena']",Torre Lamberti,"['Sighseeing', 'Centro Fotografia', 'Museo Conte', 'Palazzo della Ragione', 'AMO']",Duomo,strategy_nearest,False,0.0022840499877929688,success
043B78429C4C80,3,['Arena'],Casa Giulietta,"['Centro Fotografia', 'Sighseeing', 'Torre Lamberti', 'Museo Conte', 'Museo Radio']",Duomo,strategy_nearest,False,0.0027136802673339844,success
043B483A9C4C80,3,"['Duomo', 'Teatro Romano', 'San Zeno']",Castelvecchio,"['Museo Lapidario', 'Verona Tour', 'Arena', 'Museo Radio', 'Sighseeing']",Arena,strategy_nearest,True,0.0021979808807373047,success
043B7B429C4C80,1,"['Arena', 'Casa Giulietta']",Torre Lamberti,"['Sighseeing', 'Centro Fotografia', 'Museo Conte', 'Palazzo della Ragione', 'AMO']",Palazzo della Ragione,strategy_nearest,True,0.002160310745239258,success
043B853A9C4C80,0,['Arena'],Casa Giulietta,"['Centro Fotografia', 'Sighseeing', 'Torre Lamberti', 'Museo Conte', 'Museo Radio']",Castelvecchio,strategy_nearest,False,0.0014088153839111328,success
043B7D3A9C4C80,0,['Arena'],Teatro Romano,"['Santa Anastasia', 'Duomo', 'AMO', 'Palazzo della Ragione', 'Museo Conte']",Casa Giulietta,strategy_nearest,False,0.002805948257446289,success
043B823A9C4C80,3,"['Arena', 'Casa Giulietta', 'Torre Lamberti']",Santa Anastasia,"['AMO', 'Museo Conte', 'Palazzo della Ragione', 'Teatro Romano', 'Centro Fotografia']",Duomo,strategy_nearest,False,0.0033180713653564453,success
043B8E4A9C4C80,0,"['Arena', 'Castelvecchio']",Casa Giulietta,"['Centro Fotografia', 'Sighseeing', 'Torre Lamberti', 'Museo Conte', 'Museo Radio']",Torre Lamberti,strategy_nearest,True,0.002819061279296875,success
043B934A9C4C80,1,"['Casa Giulietta', 'Torre Lamberti']",Palazzo della Ragione,"['AMO', 'Museo Conte', 'Centro Fotografia', 'Sighseeing', 'Santa Anastasia']",Teatro Romano,strategy_nearest,False,0.0027418136596679688,success
043B944A9C4C81,0,['Teatro Romano'],Arena,"['Verona Tour', 'Museo Lapidario', 'Museo Radio', 'San Fermo', 'Casa Giulietta']",Casa Giulietta,strategy_nearest,True,0.0032601356506347656,success
043B8E429C4C80,3,"['Arena', 'Castelvecchio']",Torre Lamberti,"['Sighseeing', 'Centro Fotografia', 'Museo Conte', 'Casa Giulietta', 'Palazzo della Ragione']",San Fermo,strategy_nearest,False,0.002622842788696289,success
043B974A9C4C80,0,['Arena'],Castelvecchio,"['Museo Lapidario', 'Verona Tour', 'Museo Radio', 'San Zeno', 'Sighseeing']",Casa Giulietta,strategy_nearest,False,0.0027718544006347656,success
043B9B4A9C4C81,3,"['Arena', 'Museo Lapidario', 'Castelvecchio']",Teatro Romano,"['Santa Anastasia', 'Duomo', 'AMO', 'Palazzo della Ragione', 'Museo Conte']",Santa Anastasia,strategy_nearest,True,0.0026471614837646484,success
043B98429C4C81,3,"['Arena', 'Casa Giulietta']",Torre Lamberti,"['Sighseeing', 'Centro Fotografia', 'Museo Conte', 'Palazzo della Ragione', 'AMO']",Santa Anastasia,strategy_nearest,False,0.0032830238342285156,success
043B974A9C4C81,3,['Arena'],Casa Giulietta,"['Centro Fotografia', 'Sighseeing', 'Torre Lamberti', 'Museo Conte', 'Museo Radio']",Torre Lamberti,strategy_nearest,True,0.0021448135375976562,success
043B9D429C4C80,1,"['Giardino Giusti', 'Arena']",Casa Giulietta,"['Centro Fotografia', 'Sighseeing', 'Torre Lamberti', 'Museo Conte', 'Museo Radio']",Torre Lamberti,strategy_nearest,True,0.0012688636779785156,success
043B9D429C4C81,1,"['Arena', 'Torre Lamberti']",Palazzo della Ragione,"['AMO', 'Museo Conte', 'Centro Fotografia', 'Sighseeing', 'Santa Anastasia']",Castelvecchio,strategy_nearest,False,0.0028519630432128906,success
043B9F4A9C4C81,0,"['Tomba Giulietta', 'San Fermo', 'Casa Giulietta']",Torre Lamberti,"['Sighseeing', 'Centro Fotografia', 'Museo Conte', 'Palazzo della Ragione', 'AMO']",Teatro Romano,strategy_nearest,False,0.0035657882690429688,success
043B9C429C4C81,3,"['Arena', 'San Fermo']",Torre Lamberti,"['Sighseeing', 'Centro Fotografia', 'Museo Conte', 'Casa Giulietta', 'Palazzo della Ragione']",Torre Lamberti,strategy_nearest,False,0.0021600723266601562,success
043BA14A9C4C81,3,"['Arena', 'Torre Lamberti']",Casa Giulietta,"['Centro Fotografia', 'Sighseeing', 'Museo Conte', 'Museo Radio', 'Palazzo della Ragione']",Santa Anastasia,strategy_nearest,False,0.0022783279418945312,success
043BA73A9C4C80,0,['Arena'],San Fermo,"['Museo Storia', 'Museo Radio', 'Casa Giulietta', 'Centro Fotografia', 'Sighseeing']",Castelvecchio,strategy_nearest,False,0.002043008804321289,success
043BA8429C4C80,3,['Arena'],Torre Lamberti,"['Sighseeing', 'Centro Fotografia', 'Museo Conte', 'Casa Giulietta', 'Palazzo della Ragione']",Santa Anastasia,strategy_nearest,False,0.0028650760650634766,success
043BA24A9C4C81,3,['Arena'],Casa Giulietta,"['Centro Fotografia', 'Sighseeing', 'Torre Lamberti', 'Museo Conte', 'Museo Radio']",Torre Lamberti,strategy_nearest,True,0.0037660598754882812,success
043BAA4A9C4C80,0,['Arena'],Casa Giulietta,"['Centro Fotografia', 'Sighseeing', 'Torre Lamberti', 'Museo Conte', 'Museo Radio']",Torre Lamberti,strategy_nearest,True,0.0021219253540039062,success
043BAA429C4C80,0,['Arena'],Casa Giulietta,"['Centro Fotografia', 'Sighseeing', 'Torre Lamberti', 'Museo Conte', 'Museo Radio']",Torre Lamberti,strategy_nearest,True,0.004419088363647461,success
043BB83A9C4C80,0,['Arena'],Castelvecchio,"['Museo Lapidario', 'Verona Tour', 'Museo Radio', 'San Zeno', 'Sighseeing']",Teatro Romano,strategy_nearest,False,0.0013701915740966797,success
043BC03A9C4C80,0,['Arena'],Casa Giulietta,"['Centro Fotografia', 'Sighseeing', 'Torre Lamberti', 'Museo Conte', 'Museo Radio']",Duomo,strategy_nearest,False,0.003376007080078125,success
043BD93A9C4C80,3,"['Torre Lamberti', 'Santa Anastasia']",Teatro Romano,"['Duomo', 'AMO', 'Palazzo della Ragione', 'Museo Conte', 'Centro Fotografia']",Duomo,strategy_nearest,True,0.0023767948150634766,success
043BC23A9C4C80,0,['Arena'],Casa Giulietta,"['Centro Fotografia', 'Sighseeing', 'Torre Lamberti', 'Museo Conte', 'Museo Radio']",Castelvecchio,strategy_nearest,False,0.0022971630096435547,success
043BD4429C4C80,3,"['Arena', 'Casa Giulietta', 'Torre Lamberti', 'Santa Anastasia']",Duomo,"['AMO', 'Museo Miniscalchi', 'Teatro Romano', 'Palazzo della Ragione', 'Museo Conte']",Castelvecchio,strategy_nearest,False,0.002595186233520508,success
043BDA3A9C4C80,3,"['Casa Giulietta', 'Teatro Romano', 'Castelvecchio']",Duomo,"['AMO', 'Museo Miniscalchi', 'Santa Anastasia', 'Palazzo della Ragione', 'Museo Conte']",Santa Anastasia,strategy_nearest,True,0.0032739639282226562,success
043BDA429C4C80,2,['Teatro Romano'],Duomo,"['AMO', 'Museo Miniscalchi', 'Santa Anastasia', 'Palazzo della Ragione', 'Museo Conte']",Santa Anastasia,strategy_nearest,True,0.0015969276428222656,success
043BEC429C4C80,3,['Arena'],Santa Anastasia,"['AMO', 'Museo Conte', 'Palazzo della Ragione', 'Teatro Romano', 'Centro Fotografia']",Duomo,strategy_nearest,False,0.003350973129272461,success
043BDC429C4C80,3,"['Teatro Romano', 'Santa Anastasia', 'Torre Lamberti', 'Casa Giulietta']",San Fermo,"['Museo Storia', 'Museo Radio', 'Centro Fotografia', 'Arena', 'Sighseeing']",Arena,strategy_nearest,True,0.002597808837890625,success
043BF33A9C4C80,0,['Tomba Giulietta'],Arena,"['Verona Tour', 'Museo Lapidario', 'Museo Radio', 'San Fermo', 'Casa Giulietta']",Casa Giulietta,strategy_nearest,True,0.0031690597534179688,success
043C0A429C4C84,2,"['Museo Lapidario', 'Castelvecchio', 'Santa Anastasia']",Duomo,"['AMO', 'Museo Miniscalchi', 'Teatro Romano', 'Palazzo della Ragione', 'Museo Conte']",Teatro Romano,strategy_nearest,True,0.0027201175689697266,success
043C013A9C4C84,3,"['Arena', 'Casa Giulietta']",Santa Anastasia,"['AMO', 'Museo Conte', 'Palazzo della Ragione', 'Teatro Romano', 'Centro Fotografia']",Duomo,strategy_nearest,False,0.002796173095703125,success
043C0D429C4C84,3,"['Arena', 'Torre Lamberti', 'Santa Anastasia']",Duomo,"['AMO', 'Museo Miniscalchi', 'Teatro Romano', 'Palazzo della Ragione', 'Museo Conte']",Teatro Romano,strategy_nearest,True,0.0032880306243896484,success
043C2A429C4C80,0,['Torre Lamberti'],Duomo,"['AMO', 'Museo Miniscalchi', 'Santa Anastasia', 'Teatro Romano', 'Palazzo della Ragione']",Casa Giulietta,strategy_nearest,False,0.002621173858642578,success
043C2E429C4C80,3,"['Casa Giulietta', 'Torre Lamberti', 'Arena']",Teatro Romano,"['Santa Anastasia', 'Duomo', 'AMO', 'Palazzo della Ragione', 'Museo Conte']",Castelvecchio,strategy_nearest,False,0.0032901763916015625,success
043C2B3A9C4C80,1,"['Arena', 'Torre Lamberti']",Palazzo della Ragione,"['AMO', 'Museo Conte', 'Centro Fotografia', 'Sighseeing', 'Santa Anastasia']",Castelvecchio,strategy_nearest,False,0.0028028488159179688,success
043C304A9C4C80,2,"['San Fermo', 'Santa Anastasia', 'Torre Lamberti']",Casa Giulietta,"['Centro Fotografia', 'Sighseeing', 'Museo Conte', 'Museo Radio', 'Palazzo della Ragione']",Tomba Giulietta,strategy_nearest,False,0.0026121139526367188,success
043C2C429C4C80,3,"['Castelvecchio', 'San Zeno']",Casa Giulietta,"['Centro Fotografia', 'Sighseeing', 'Torre Lamberti', 'Museo Conte', 'Museo Radio']",Teatro Romano,strategy_nearest,False,0.0021038055419921875,success
043C693A9C4C80,0,['Arena'],Duomo,"['AMO', 'Museo Miniscalchi', 'Santa Anastasia', 'Teatro Romano', 'Palazzo della Ragione']",Torre Lamberti,strategy_nearest,False,0.0021712779998779297,success
043C6F3A9C4C80,2,['Duomo'],Santa Anastasia,"['AMO', 'Museo Conte', 'Palazzo della Ragione', 'Teatro Romano', 'Centro Fotografia']",San Zeno,strategy_nearest,False,0.0033359527587890625,success
043C4A429C4C80,0,"['Arena', 'Casa Giulietta']",Torre Lamberti,"['Sighseeing', 'Centro Fotografia', 'Museo Conte', 'Palazzo della Ragione', 'AMO']",Duomo,strategy_nearest,False,0.0015060901641845703,success
043C583A9C4C80,0,"['Arena', 'Casa Giulietta']",Torre Lamberti,"['Sighseeing', 'Centro Fotografia', 'Museo Conte', 'Palazzo della Ragione', 'AMO']",Castelvecchio,strategy_nearest,False,0.0029070377349853516,success
043C76429C4C80,0,['Museo Lapidario'],Castelvecchio,"['Verona Tour', 'Arena', 'Museo Radio', 'San Zeno', 'Sighseeing']",Teatro Romano,strategy_nearest,False,0.002820730209350586,success
043C7D429C4C80,3,['Arena'],Casa Giulietta,"['Centro Fotografia', 'Sighseeing', 'Torre Lamberti', 'Museo Conte', 'Museo Radio']",Santa Anastasia,strategy_nearest,False,0.0021219253540039062,success
043C7F3A9C4C80,3,['Arena'],Casa Giulietta,"['Centro Fotografia', 'Sighseeing', 'Torre Lamberti', 'Museo Conte', 'Museo Radio']",Santa Anastasia,strategy_nearest,False,0.002686023712158203,success
043C81429C4C80,2,['Casa Giulietta'],Torre Lamberti,"['Sighseeing', 'Centro Fotografia', 'Museo Conte', 'Palazzo della Ragione', 'AMO']",Duomo,strategy_nearest,False,0.003280162811279297,success
043C87429C4C80,0,['Arena'],Casa Giulietta,"['Centro Fotografia', 'Sighseeing', 'Torre Lamberti', 'Museo Conte', 'Museo Radio']",Castelvecchio,strategy_nearest,False,0.002070903778076172,success
043C8C4A9C4C80,2,"['Casa Giulietta', 'Torre Lamberti']",Palazzo della Ragione,"['AMO', 'Museo Conte', 'Centro Fotografia', 'Sighseeing', 'Santa Anastasia']",Santa Anastasia,strategy_nearest,True,0.001482248306274414,success
043C83429C4C80,0,['Casa Giulietta'],Teatro Romano,"['Santa Anastasia', 'Duomo', 'AMO', 'Palazzo della Ragione', 'Museo Conte']",Arena,strategy_nearest,False,0.003401041030883789,success
043C93429C4C80,3,['Santa Anastasia'],Torre Lamberti,"['Sighseeing', 'Centro Fotografia', 'Museo Conte', 'Casa Giulietta', 'Palazzo della Ragione']",Arena,strategy_nearest,False,0.0032529830932617188,success
043C9A429C4C80,3,"['Arena', 'Casa Giulietta']",Torre Lamberti,"['Sighseeing', 'Centro Fotografia', 'Museo Conte', 'Palazzo della Ragione', 'AMO']",Santa Anastasia,strategy_nearest,False,0.0033860206604003906,success
043CA64A9C4C80,0,['Arena'],Casa Giulietta,"['Centro Fotografia', 'Sighseeing', 'Torre Lamberti', 'Museo Conte', 'Museo Radio']",Santa Anastasia,strategy_nearest,False,0.003202199935913086,success
043C98429C4C80,3,"['Arena', 'Casa Giulietta', 'Torre Lamberti']",Santa Anastasia,"['AMO', 'Museo Conte', 'Palazzo della Ragione', 'Teatro Romano', 'Centro Fotografia']",Teatro Romano,strategy_nearest,True,0.0028221607208251953,success
043C9B4A9C4C80,0,['Arena'],Museo Lapidario,"['Verona Tour', 'Castelvecchio', 'Museo Radio', 'San Fermo', 'Casa Giulietta']",Castelvecchio,strategy_nearest,True,0.0020508766174316406,success
043CBF3A9C4C80,0,"['Arena', 'Casa Giulietta']",Duomo,"['AMO', 'Museo Miniscalchi', 'Santa Anastasia', 'Teatro Romano', 'Palazzo della Ragione']",Teatro Romano,strategy_nearest,True,0.0026388168334960938,success
043CB03A9C4C80,3,"['Arena', 'Casa Giulietta']",Torre Lamberti,"['Sighseeing', 'Centro Fotografia', 'Museo Conte', 'Palazzo della Ragione', 'AMO']",Santa Anastasia,strategy_nearest,False,0.0021080970764160156,success
043CA94A9C4C80,0,['Casa Giulietta'],Arena,"['Verona Tour', 'Museo Lapidario', 'Museo Radio', 'San Fermo', 'Sighseeing']",Torre Lamberti,strategy_nearest,False,0.0013628005981445312,success
043CC3429C4C80,0,['Arena'],Santa Anastasia,"['AMO', 'Museo Conte', 'Palazzo della Ragione', 'Teatro Romano', 'Centro Fotografia']",Casa Giulietta,strategy_nearest,False,0.0031349658966064453,success
043CCF3A9C4C80,3,"['Santa Anastasia', 'Duomo']",Torre Lamberti,"['Sighseeing', 'Centro Fotografia', 'Museo Conte', 'Casa Giulietta', 'Palazzo della Ragione']",Casa Giulietta,strategy_nearest,True,0.002769947052001953,success
043CD13A9C4C80,2,"['San Zeno', 'Castelvecchio', 'Palazzo della Ragione']",Torre Lamberti,"['Sighseeing', 'Centro Fotografia', 'Museo Conte', 'Casa Giulietta', 'AMO']",Santa Anastasia,strategy_nearest,False,0.0014300346374511719,success
043CDA3A9C4C80,4,"['Casa Giulietta', 'Torre Lamberti', 'Santa Anastasia', 'Duomo', 'Teatro Romano']",San Fermo,"['Museo Storia', 'Museo Radio', 'Centro Fotografia', 'Arena', 'Sighseeing']",Museo Radio,strategy_nearest,True,0.0019850730895996094,success
043CC53A9C4C80,0,['Arena'],Tomba Giulietta,"['San Fermo', 'Museo Storia', 'Museo Lapidario', 'Museo Radio', 'Verona Tour']",Casa Giulietta,strategy_nearest,False,0.004013776779174805,success
043CDB429C4C80,2,"['Castelvecchio', 'Casa Giulietta']",Torre Lamberti,"['Sighseeing', 'Centro Fotografia', 'Museo Conte', 'Palazzo della Ragione', 'AMO']",Santa Anastasia,strategy_nearest,False,0.0020170211791992188,success
043CEB3A9C4C80,2,['Casa Giulietta'],Torre Lamberti,"['Sighseeing', 'Centro Fotografia', 'Museo Conte', 'Palazzo della Ragione', 'AMO']",Castelvecchio,strategy_nearest,False,0.002674102783203125,success
043CDD429C4C80,2,['Torre Lamberti'],Santa Anastasia,"['AMO', 'Museo Conte', 'Palazzo della Ragione', 'Teatro Romano', 'Centro Fotografia']",Giardino Giusti,strategy_nearest,False,0.0013980865478515625,success
043CEE3A9C4C80,1,['Palazzo della Ragione'],Torre Lamberti,"['Sighseeing', 'Centro Fotografia', 'Museo Conte', 'Casa Giulietta', 'AMO']",Arena,strategy_nearest,False,0.0034019947052001953,success
043D02429C4C84,3,"['Arena', 'Casa Giulietta', 'Torre Lamberti']",Teatro Romano,"['Santa Anastasia', 'Duomo', 'AMO', 'Palazzo della Ragione', 'Museo Conte']",Duomo,strategy_nearest,True,0.0033898353576660156,success
043D0D429C4C84,3,"['Arena', 'San Fermo']",Santa Anastasia,"['AMO', 'Museo Conte', 'Palazzo della Ragione', 'Teatro Romano', 'Centro Fotografia']",Torre Lamberti,strategy_nearest,False,0.002913951873779297,success
043CF13A9C4C80,0,['Casa Giulietta'],Tomba Giulietta,"['San Fermo', 'Museo Storia', 'Arena', 'Museo Lapidario', 'Museo Radio']",Arena,strategy_nearest,True,0.0026962757110595703,success
043D083A9C4C84,3,"['Arena', 'San Fermo']",Casa Giulietta,"['Centro Fotografia', 'Sighseeing', 'Torre Lamberti', 'Museo Conte', 'Museo Radio']",Duomo,strategy_nearest,False,0.002604961395263672,success
043D334A9C4C80,0,['Duomo'],Arena,"['Verona Tour', 'Museo Lapidario', 'Museo Radio', 'San Fermo', 'Casa Giulietta']",San Zeno,strategy_nearest,False,0.0021169185638427734,success
043D32429C4C80,2,['Castelvecchio'],Torre Lamberti,"['Sighseeing', 'Centro Fotografia', 'Museo Conte', 'Casa Giulietta', 'Palazzo della Ragione']",Casa Giulietta,strategy_nearest,True,0.0015401840209960938,success
043D36429C4C80,1,"['San Zeno', 'Castelvecchio', 'Teatro Romano', 'Duomo', 'Santa Anastasia']",Arena,"['Verona Tour', 'Museo Lapidario', 'Museo Radio', 'San Fermo', 'Casa Giulietta']",Casa Giulietta,strategy_nearest,True,0.0026161670684814453,success
043D2C429C4C80,0,"['Arena', 'Museo Lapidario']",Castelvecchio,"['Verona Tour', 'Museo Radio', 'San Zeno', 'Sighseeing', 'Museo Miniscalchi']",Casa Giulietta,strategy_nearest,False,0.0040509700775146484,success
043D4D3A9C4C80,3,"['Arena', 'Torre Lamberti']",Casa Giulietta,"['Centro Fotografia', 'Sighseeing', 'Museo Conte', 'Museo Radio', 'Palazzo della Ragione']",Santa Anastasia,strategy_nearest,False,0.003317117691040039,success
043D55429C4C80,1,"['Casa Giulietta', 'Arena']",Torre Lamberti,"['Sighseeing', 'Centro Fotografia', 'Museo Conte', 'Palazzo della Ragione', 'AMO']",Palazzo della Ragione,strategy_nearest,True,0.0025730133056640625,success
043D37429C4C80,3,"['Arena', 'Casa Giulietta', 'Torre Lamberti']",Santa Anastasia,"['AMO', 'Museo Conte', 'Palazzo della Ragione', 'Teatro Romano', 'Centro Fotografia']",Teatro Romano,strategy_nearest,True,0.002834796905517578,success
043D3B4A9C4C80,3,"['Arena', 'San Zeno']",Castelvecchio,"['Museo Lapidario', 'Verona Tour', 'Museo Radio', 'Sighseeing', 'Museo Miniscalchi']",Santa Anastasia,strategy_nearest,False,0.0027840137481689453,success
043D6A3A9C4C80,3,"['Arena', 'Casa Giulietta']",Castelvecchio,"['Museo Lapidario', 'Verona Tour', 'Museo Radio', 'San Zeno', 'Sighseeing']",Santa Anastasia,strategy_nearest,False,0.0033562183380126953,success
043D76429C4C80,3,['Arena'],Torre Lamberti,"['Sighseeing', 'Centro Fotografia', 'Museo Conte', 'Casa Giulietta', 'Palazzo della Ragione']",Santa Anastasia,strategy_nearest,False,0.0021369457244873047,success
043D7A429C4C80,3,"['Castelvecchio', 'Casa Giulietta']",Arena,"['Verona Tour', 'Museo Lapidario', 'Museo Radio', 'San Fermo', 'Sighseeing']",Santa Anastasia,strategy_nearest,False,0.0013909339904785156,success
043D78429C4C80,2,"['Castelvecchio', 'Torre Lamberti', 'Casa Giulietta']",Santa Anastasia,"['AMO', 'Museo Conte', 'Palazzo della Ragione', 'Teatro Romano', 'Centro Fotografia']",Teatro Romano,strategy_nearest,True,0.0027163028717041016,success
043D7F3A9C4C80,3,"['Arena', 'Castelvecchio']",San Zeno,"['Verona Tour', 'Museo Lapidario', 'Museo Miniscalchi', 'Sighseeing', 'Museo Radio']",Casa Giulietta,strategy_nearest,False,0.0013990402221679688,success
043D7B429C4C80,3,"['Arena', 'Casa Giulietta', 'Santa Anastasia']",Castelvecchio,"['Museo Lapidario', 'Verona Tour', 'Museo Radio', 'San Zeno', 'Sighseeing']",Torre Lamberti,strategy_nearest,False,0.002624034881591797,success
043D82429C4C80,3,"['Casa Giulietta', 'Torre Lamberti']",Santa Anastasia,"['AMO', 'Museo Conte', 'Palazzo della Ragione', 'Teatro Romano', 'Centro Fotografia']",Duomo,strategy_nearest,False,0.0019707679748535156,success
043D83429C4C80,2,['Museo Lapidario'],Castelvecchio,"['Verona Tour', 'Arena', 'Museo Radio', 'San Zeno', 'Sighseeing']",Teatro Romano,strategy_nearest,False,0.0033359527587890625,success
043D87429C4C80,3,['Museo Lapidario'],Arena,"['Verona Tour', 'Museo Radio', 'San Fermo', 'Casa Giulietta', 'Sighseeing']",Torre Lamberti,strategy_nearest,False,0.002699136734008789,success
043D834A9C4C80,2,['Santa Anastasia'],Casa Giulietta,"['Centro Fotografia', 'Sighseeing', 'Torre Lamberti', 'Museo Conte', 'Museo Radio']",Castelvecchio,strategy_nearest,False,0.001981973648071289,success
043D954A9C4C80,1,"['Arena', 'Castelvecchio', 'Torre Lamberti']",Palazzo della Ragione,"['AMO', 'Museo Conte', 'Centro Fotografia', 'Sighseeing', 'Santa Anastasia']",Casa Giulietta,strategy_nearest,False,0.003161191940307617,success
043D9A4A9C4C80,3,"['Casa Giulietta', 'Torre Lamberti']",Duomo,"['AMO', 'Museo Miniscalchi', 'Santa Anastasia', 'Teatro Romano', 'Palazzo della Ragione']",Santa Anastasia,strategy_nearest,True,0.0023653507232666016,success
043D9A429C4C80,0,['Arena'],Castelvecchio,"['Museo Lapidario', 'Verona Tour', 'Museo Radio', 'San Zeno', 'Sighseeing']",Casa Giulietta,strategy_nearest,False,0.0022933483123779297,success
043D9C429C4C80,3,"['San Zeno', 'Duomo']",Santa Anastasia,"['AMO', 'Museo Conte', 'Palazzo della Ragione', 'Teatro Romano', 'Centro Fotografia']",Torre Lamberti,strategy_nearest,False,0.003282308578491211,success
043D9C4A9C4C80,0,['Santa Anastasia'],Arena,"['Verona Tour', 'Museo Lapidario', 'Museo Radio', 'San Fermo', 'Casa Giulietta']",Tomba Giulietta,strategy_nearest,False,0.0026121139526367188,success
043DAC3A9C4C80,1,"['Arena', 'Palazzo della Ragione']",Casa Giulietta,"['Centro Fotografia', 'Sighseeing', 'Torre Lamberti', 'Museo Conte', 'Museo Radio']",Teatro Romano,strategy_nearest,False,0.002321004867553711,success
043DA4429C4C80,3,"['Castelvecchio', 'Arena']",Casa Giulietta,"['Centro Fotografia', 'Sighseeing', 'Torre Lamberti', 'Museo Conte', 'Museo Radio']",Torre Lamberti,strategy_nearest,True,0.0035228729248046875,success
043DA44A9C4C80,2,['Castelvecchio'],Casa Giulietta,"['Centro Fotografia', 'Sighseeing', 'Torre Lamberti', 'Museo Conte', 'Museo Radio']",San Fermo,strategy_nearest,False,0.002359628677368164,success
043DB7429C4C80,0,"['Arena', 'Tomba Giulietta']",San Zeno,"['Castelvecchio', 'Verona Tour', 'Museo Lapidario', 'Museo Miniscalchi', 'Sighseeing']",Castelvecchio,strategy_nearest,True,0.003209829330444336,success
043DC7429C4C80,4,"['Arena', 'Torre Lamberti']",Santa Anastasia,"['AMO', 'Museo Conte', 'Palazzo della Ragione', 'Teatro Romano', 'Centro Fotografia']",Duomo,strategy_nearest,False,0.002470254898071289,success
043DB8429C4C80,1,"['Arena', 'Torre Lamberti']",Palazzo della Ragione,"['AMO', 'Museo Conte', 'Centro Fotografia', 'Sighseeing', 'Santa Anastasia']",Santa Anastasia,strategy_nearest,True,0.0035021305084228516,success
043DC6429C4C80,4,"['Arena', 'Torre Lamberti']",Santa Anastasia,"['AMO', 'Museo Conte', 'Palazzo della Ragione', 'Teatro Romano', 'Centro Fotografia']",Duomo,strategy_nearest,False,0.0019500255584716797,success
043DC93A9C4C80,3,"['San Zeno', 'Castelvecchio']",Arena,"['Verona Tour', 'Museo Lapidario', 'Museo Radio', 'San Fermo', 'Casa Giulietta']",Torre Lamberti,strategy_nearest,False,0.003471851348876953,success
043DDC429C4C80,1,"['Teatro Romano', 'Torre Lamberti', 'Palazzo della Ragione']",Castelvecchio,"['Museo Lapidario', 'Verona Tour', 'Arena', 'Museo Radio', 'San Zeno']",San Zeno,strategy_nearest,True,0.002513885498046875,success
043DCA3A9C4C80,3,"['Casa Giulietta', 'Torre Lamberti']",Santa Anastasia,"['AMO', 'Museo Conte', 'Palazzo della Ragione', 'Teatro Romano', 'Centro Fotografia']",San Zeno,strategy_nearest,False,0.002070903778076172,success
043DD43A9C4C80,3,['Arena'],Casa Giulietta,"['Centro Fotografia', 'Sighseeing', 'Torre Lamberti', 'Museo Conte', 'Museo Radio']",Santa Anastasia,strategy_nearest,False,0.003281831741333008,success
043DFC429C4C80,2,['Casa Giulietta'],Castelvecchio,"['Museo Lapidario', 'Verona Tour', 'Arena', 'Museo Radio', 'San Zeno']",Tomba Giulietta,strategy_nearest,False,0.002081155776977539,success
043DDE429C4C80,3,"['Arena', 'Castelvecchio', 'Tomba Giulietta']",San Fermo,"['Museo Storia', 'Museo Radio', 'Casa Giulietta', 'Centro Fotografia', 'Sighseeing']",Museo Storia,strategy_nearest,True,0.0026268959045410156,success
043E0D3A9C4C84,0,['Arena'],Casa Giulietta,"['Centro Fotografia', 'Sighseeing', 'Torre Lamberti', 'Museo Conte', 'Museo Radio']",Tomba Giulietta,strategy_nearest,False,0.003270864486694336,success
043DF53A9C4C80,0,['Arena'],Casa Giulietta,"['Centro Fotografia', 'Sighseeing', 'Torre Lamberti', 'Museo Conte', 'Museo Radio']",Tomba Giulietta,strategy_nearest,False,0.0028002262115478516,success
043E2D429C4C80,3,['Arena'],Casa Giulietta,"['Centro Fotografia', 'Sighseeing', 'Torre Lamberti', 'Museo Conte', 'Museo Radio']",Santa Anastasia,strategy_nearest,False,0.0020880699157714844,success
043E0E429C4C84,0,['Torre Lamberti'],Casa Giulietta,"['Centro Fotografia', 'Sighseeing', 'Museo Conte', 'Museo Radio', 'Palazzo della Ragione']",Arena,strategy_nearest,False,0.002140045166015625,success
043E333A9C4C80,0,"['Arena', 'Tomba Giulietta']",Torre Lamberti,"['Sighseeing', 'Centro Fotografia', 'Museo Conte', 'Casa Giulietta', 'Palazzo della Ragione']",Castelvecchio,strategy_nearest,False,0.002889871597290039,success
043E33429C4C80,1,"['Casa Giulietta', 'Torre Lamberti']",Palazzo della Ragione,"['AMO', 'Museo Conte', 'Centro Fotografia', 'Sighseeing', 'Santa Anastasia']",Arena,strategy_nearest,False,0.0032880306243896484,success
043E343A9C4C80,0,"['Arena', 'Museo Lapidario']",Castelvecchio,"['Verona Tour', 'Museo Radio', 'San Zeno', 'Sighseeing', 'Museo Miniscalchi']",Teatro Romano,strategy_nearest,False,0.002725839614868164,success
043E3B429C4C80,0,"['Arena', 'Casa Giulietta']",Torre Lamberti,"['Sighseeing', 'Centro Fotografia', 'Museo Conte', 'Palazzo della Ragione', 'AMO']",Duomo,strategy_nearest,False,0.0032117366790771484,success
043E35429C4C80,2,"['Teatro Romano', 'San Fermo', 'Torre Lamberti', 'Palazzo della Ragione']",Casa Giulietta,"['Centro Fotografia', 'Sighseeing', 'Museo Conte', 'Museo Radio', 'AMO']",Museo Lapidario,strategy_nearest,False,0.002908945083618164,success
043E38429C4C80,3,"['Arena', 'Casa Giulietta', 'Torre Lamberti']",Santa Anastasia,"['AMO', 'Museo Conte', 'Palazzo della Ragione', 'Teatro Romano', 'Centro Fotografia']",Duomo,strategy_nearest,False,0.0019788742065429688,success
043E55429C4C80,3,"['Arena', 'San Zeno', 'Castelvecchio', 'Casa Giulietta']",Tomba Giulietta,"['San Fermo', 'Museo Storia', 'Museo Lapidario', 'Museo Radio', 'Verona Tour']",Museo Lapidario,strategy_nearest,True,0.0026276111602783203,success
043E3C429C4C80,2,['Casa Giulietta'],Duomo,"['AMO', 'Museo Miniscalchi', 'Santa Anastasia', 'Teatro Romano', 'Palazzo della Ragione']",Giardino Giusti,strategy_nearest,False,0.001447916030883789,success
043E75429C4C80,3,"['Arena', 'Torre Lamberti']",Santa Anastasia,"['AMO', 'Museo Conte', 'Palazzo della Ragione', 'Teatro Romano', 'Centro Fotografia']",Teatro Romano,strategy_nearest,True,0.002003192901611328,success
043E7D4A9C4C80,2,['Casa Giulietta'],Torre Lamberti,"['Sighseeing', 'Centro Fotografia', 'Museo Conte', 'Palazzo della Ragione', 'AMO']",Santa Anastasia,strategy_nearest,False,0.0026090145111083984,success
043E79429C4C80,3,"['Arena', 'Casa Giulietta']",Torre Lamberti,"['Sighseeing', 'Centro Fotografia', 'Museo Conte', 'Palazzo della Ragione', 'AMO']",Santa Anastasia,strategy_nearest,False,0.003462076187133789,success
043E803A9C4C80,3,['Santa Anastasia'],Teatro Romano,"['Duomo', 'AMO', 'Palazzo della Ragione', 'Museo Conte', 'Centro Fotografia']",Arena,strategy_nearest,False,0.003270864486694336,success
043E7D429C4C80,0,['Casa Giulietta'],Santa Anastasia,"['AMO', 'Museo Conte', 'Palazzo della Ragione', 'Teatro Romano', 'Centro Fotografia']",Arena,strategy_nearest,False,0.002031087875366211,success
043E813A9C4C80,3,"['Arena', 'Castelvecchio']",Torre Lamberti,"['Sighseeing', 'Centro Fotografia', 'Museo Conte', 'Casa Giulietta', 'Palazzo della Ragione']",Casa Giulietta,strategy_nearest,True,0.0018551349639892578,success
043E86429C4C80,0,['Arena'],Castelvecchio,"['Museo Lapidario', 'Verona Tour', 'Museo Radio', 'San Zeno', 'Sighseeing']",Torre Lamberti,strategy_nearest,False,0.0035331249237060547,success
043E80429C4C80,2,"['Museo Lapidario', 'Santa Anastasia']",Tomba Giulietta,"['San Fermo', 'Museo Storia', 'Arena', 'Museo Radio', 'Verona Tour']",Museo Storia,strategy_nearest,True,0.0036890506744384766,success
043E8F4A9C4C80,2,['Museo Lapidario'],Casa Giulietta,"['Centro Fotografia', 'Sighseeing', 'Torre Lamberti', 'Museo Conte', 'Museo Radio']",Torre Lamberti,strategy_nearest,True,0.0020530223846435547,success
043E914A9C4C80,0,['Arena'],Torre Lamberti,"['Sighseeing', 'Centro Fotografia', 'Museo Conte', 'Casa Giulietta', 'Palazzo della Ragione']",Casa Giulietta,strategy_nearest,True,0.0026407241821289062,success
043E924A9C4C80,3,['Arena'],Torre Lamberti,"['Sighseeing', 'Centro Fotografia', 'Museo Conte', 'Casa Giulietta', 'Palazzo della Ragione']",Santa Anastasia,strategy_nearest,False,0.0027790069580078125,success
043E984A9C4C80,0,"['Arena', 'Castelvecchio']",Casa Giulietta,"['Centro Fotografia', 'Sighseeing', 'Torre Lamberti', 'Museo Conte', 'Museo Radio']",Teatro Romano,strategy_nearest,False,0.0020668506622314453,success
043E954A9C4C80,0,"['Casa Giulietta', 'Castelvecchio']",Tomba Giulietta,"['San Fermo', 'Museo Storia', 'Arena', 'Museo Lapidario', 'Museo Radio']",Arena,strategy_nearest,True,0.003582000732421875,success
043E9F4A9C4C80,0,['Arena'],Casa Giulietta,"['Centro Fotografia', 'Sighseeing', 'Torre Lamberti', 'Museo Conte', 'Museo Radio']",Teatro Romano,strategy_nearest,False,0.003518819808959961,success
043E9C429C4C80,0,['Arena'],Museo Lapidario,"['Verona Tour', 'Castelvecchio', 'Museo Radio', 'San Fermo', 'Casa Giulietta']",Casa Giulietta,strategy_nearest,True,0.0029418468475341797,success
043E9B429C4C80,0,['Duomo'],Casa Giulietta,"['Centro Fotografia', 'Sighseeing', 'Torre Lamberti', 'Museo Conte', 'Museo Radio']",Arena,strategy_nearest,False,0.0023241043090820312,success
043EA94A9C4C80,2,['San Fermo'],Duomo,"['AMO', 'Museo Miniscalchi', 'Santa Anastasia', 'Teatro Romano', 'Palazzo della Ragione']",Teatro Romano,strategy_nearest,True,0.002777099609375,success
043EA14A9C4C80,0,"['Arena', 'Castelvecchio']",Casa Giulietta,"['Centro Fotografia', 'Sighseeing', 'Torre Lamberti', 'Museo Conte', 'Museo Radio']",Teatro Romano,strategy_nearest,False,0.004593849182128906,success
043EAB429C4C80,2,['Casa Giulietta'],Torre Lamberti,"['Sighseeing', 'Centro Fotografia', 'Museo Conte', 'Palazzo della Ragione', 'AMO']",Duomo,strategy_nearest,False,0.0013701915740966797,success
043EAC3A9C4C80,3,"['Teatro Romano', 'Casa Giulietta']",Santa Anastasia,"['AMO', 'Museo Conte', 'Palazzo della Ragione', 'Centro Fotografia', 'Duomo']",Arena,strategy_nearest,False,0.003278970718383789,success
043EBE429C4C80,3,"['Arena', 'Castelvecchio']",Casa Giulietta,"['Centro Fotografia', 'Sighseeing', 'Torre Lamberti', 'Museo Conte', 'Museo Radio']",Torre Lamberti,strategy_nearest,True,0.001374959945678711,success
043EB5429C4C80,3,"['Arena', 'Museo Lapidario', 'Torre Lamberti']",Casa Giulietta,"['Centro Fotografia', 'Sighseeing', 'Museo Conte', 'Museo Radio', 'Palazzo della Ragione']",Santa Anastasia,strategy_nearest,False,0.0026388168334960938,success
043EAE429C4C80,3,['Arena'],Santa Anastasia,"['AMO', 'Museo Conte', 'Palazzo della Ragione', 'Teatro Romano', 'Centro Fotografia']",Duomo,strategy_nearest,False,0.0034520626068115234,success
043EC23A9C4C80,0,['Tomba Giulietta'],Arena,"['Verona Tour', 'Museo Lapidario', 'Museo Radio', 'San Fermo', 'Casa Giulietta']",Casa Giulietta,strategy_nearest,True,0.0033311843872070312,success
043EC43A9C4C80,0,['Arena'],Casa Giulietta,"['Centro Fotografia', 'Sighseeing', 'Torre Lamberti', 'Museo Conte', 'Museo Radio']",Torre Lamberti,strategy_nearest,True,0.0022439956665039062,success
043ECB3A9C4C80,0,"['Arena', 'Museo Lapidario']",Tomba Giulietta,"['San Fermo', 'Museo Storia', 'Museo Radio', 'Verona Tour', 'Casa Giulietta']",Casa Giulietta,strategy_nearest,True,0.0034439563751220703,success
043EC93A9C4C80,3,"['Tomba Giulietta', 'Arena']",Casa Giulietta,"['Centro Fotografia', 'Sighseeing', 'Torre Lamberti', 'Museo Conte', 'Museo Radio']",Santa Anastasia,strategy_nearest,False,0.0022459030151367188,success
043EEC3A9C4C80,3,"['Arena', 'Torre Lamberti']",Duomo,"['AMO', 'Museo Miniscalchi', 'Santa Anastasia', 'Teatro Romano', 'Palazzo della Ragione']",Santa Anastasia,strategy_nearest,True,0.0032961368560791016,success
043ECB429C4C80,0,['Arena'],Torre Lamberti,"['Sighseeing', 'Centro Fotografia', 'Museo Conte', 'Casa Giulietta', 'Palazzo della Ragione']",Duomo,strategy_nearest,False,0.0028219223022460938,success
043EF63A9C4C80,1,"['Casa Giulietta', 'Torre Lamberti', 'Palazzo della Ragione']",Santa Anastasia,"['AMO', 'Museo Conte', 'Teatro Romano', 'Centro Fotografia', 'Duomo']",Teatro Romano,strategy_nearest,True,0.0020270347595214844,success
043EF03A9C4C80,0,['Castelvecchio'],Arena,"['Verona Tour', 'Museo Lapidario', 'Museo Radio', 'San Fermo', 'Casa Giulietta']",Santa Anastasia,strategy_nearest,False,0.002683877944946289,success
043EF73A9C4C80,0,['Arena'],Torre Lamberti,"['Sighseeing', 'Centro Fotografia', 'Museo Conte', 'Casa Giulietta', 'Palazzo della Ragione']",Casa Giulietta,strategy_nearest,True,0.0026547908782958984,success
043F06429C4C84,0,"['Arena', 'Museo Lapidario']",Castelvecchio,"['Verona Tour', 'Museo Radio', 'San Zeno', 'Sighseeing', 'Museo Miniscalchi']",Torre Lamberti,strategy_nearest,False,0.0034148693084716797,success
043F0D3A9C4C84,0,['Arena'],Casa Giulietta,"['Centro Fotografia', 'Sighseeing', 'Torre Lamberti', 'Museo Conte', 'Museo Radio']",Tomba Giulietta,strategy_nearest,False,0.0022039413452148438,success
043F2F4A9C4C80,3,['Santa Anastasia'],Arena,"['Verona Tour', 'Museo Lapidario', 'Museo Radio', 'San Fermo', 'Casa Giulietta']",Torre Lamberti,strategy_nearest,False,0.0020761489868164062,success
043F2C429C4C80,3,['Arena'],Santa Anastasia,"['AMO', 'Museo Conte', 'Palazzo della Ragione', 'Teatro Romano', 'Centro Fotografia']",Casa Giulietta,strategy_nearest,False,0.002887248992919922,success
043F2D429C4C80,0,"['Casa Giulietta', 'Teatro Romano']",Arena,"['Verona Tour', 'Museo Lapidario', 'Museo Radio', 'San Fermo', 'Sighseeing']",Castelvecchio,strategy_nearest,False,0.003484010696411133,success
043F3B429C4C80,1,"['Arena', 'San Fermo']",Palazzo della Ragione,"['AMO', 'Museo Conte', 'Torre Lamberti', 'Centro Fotografia', 'Sighseeing']",Santa Anastasia,strategy_nearest,False,0.0018978118896484375,success
043F333A9C4C80,0,['Arena'],Castelvecchio,"['Museo Lapidario', 'Verona Tour', 'Museo Radio', 'San Zeno', 'Sighseeing']",Casa Giulietta,strategy_nearest,False,0.002621889114379883,success
043F33429C4C80,0,"['Arena', 'Teatro Romano']",Duomo,"['AMO', 'Museo Miniscalchi', 'Santa Anastasia', 'Palazzo della Ragione', 'Museo Conte']",Castelvecchio,strategy_nearest,False,0.002591848373413086,success
043F81429C4C80,2,['Casa Giulietta'],Torre Lamberti,"['Sighseeing', 'Centro Fotografia', 'Museo Conte', 'Palazzo della Ragione', 'AMO']",Castelvecchio,strategy_nearest,False,0.002471923828125,success
043F7A429C4C80,2,['Torre Lamberti'],Duomo,"['AMO', 'Museo Miniscalchi', 'Santa Anastasia', 'Teatro Romano', 'Palazzo della Ragione']",Teatro Romano,strategy_nearest,True,0.003365039825439453,success
043F86429C4C80,3,"['Arena', 'Casa Giulietta', 'Santa Anastasia']",Torre Lamberti,"['Sighseeing', 'Centro Fotografia', 'Museo Conte', 'Palazzo della Ragione', 'AMO']",Teatro Romano,strategy_nearest,False,0.003206968307495117,success
043F7B429C4C80,0,['Arena'],Torre Lamberti,"['Sighseeing', 'Centro Fotografia', 'Museo Conte', 'Casa Giulietta', 'Palazzo della Ragione']",Casa Giulietta,strategy_nearest,True,0.0025959014892578125,success
043F8C4A9C4C80,3,['Arena'],Torre Lamberti,"['Sighseeing', 'Centro Fotografia', 'Museo Conte', 'Casa Giulietta', 'Palazzo della Ragione']",Santa Anastasia,strategy_nearest,False,0.0018541812896728516,success
043F88429C4C80,0,['Arena'],Casa Giulietta,"['Centro Fotografia', 'Sighseeing', 'Torre Lamberti', 'Museo Conte', 'Museo Radio']",Santa Anastasia,strategy_nearest,False,0.0028901100158691406,success
043F8F4A9C4C80,2,['Casa Giulietta'],Torre Lamberti,"['Sighseeing', 'Centro Fotografia', 'Museo Conte', 'Palazzo della Ragione', 'AMO']",Santa Anastasia,strategy_nearest,False,0.002767801284790039,success
043F904A9C4C80,2,['Castelvecchio'],Museo Lapidario,"['Verona Tour', 'Arena', 'Museo Radio', 'San Fermo', 'Casa Giulietta']",Casa Giulietta,strategy_nearest,True,0.00344085693359375,success
043F964A9C4C80,0,['Castelvecchio'],Arena,"['Verona Tour', 'Museo Lapidario', 'Museo Radio', 'San Fermo', 'Casa Giulietta']",Casa Giulietta,strategy_nearest,True,0.0024678707122802734,success
043F9F429C4C80,3,"['Arena', 'Castelvecchio', 'San Zeno']",Casa Giulietta,"['Centro Fotografia', 'Sighseeing', 'Torre Lamberti', 'Museo Conte', 'Museo Radio']",Santa Anastasia,strategy_nearest,False,0.0033669471740722656,success
043F924A9C4C80,0,['Arena'],Casa Giulietta,"['Centro Fotografia', 'Sighseeing', 'Torre Lamberti', 'Museo Conte', 'Museo Radio']",San Fermo,strategy_nearest,False,0.0033752918243408203,success
043FA0429C4C80,0,['Arena'],Casa Giulietta,"['Centro Fotografia', 'Sighseeing', 'Torre Lamberti', 'Museo Conte', 'Museo Radio']",Torre Lamberti,strategy_nearest,True,0.0034360885620117188,success
043FA54A9C4C80,0,"['Arena', 'Teatro Romano']",Torre Lamberti,"['Sighseeing', 'Centro Fotografia', 'Museo Conte', 'Casa Giulietta', 'Palazzo della Ragione']",Casa Giulietta,strategy_nearest,True,0.002663850784301758,success
043FA5429C4C80,3,"['Santa Anastasia', 'Arena']",Museo Lapidario,"['Verona Tour', 'Castelvecchio', 'Museo Radio', 'San Fermo', 'Casa Giulietta']",Castelvecchio,strategy_nearest,True,0.0028009414672851562,success
043FA4429C4C80,3,"['Arena', 'Casa Giulietta']",Santa Anastasia,"['AMO', 'Museo Conte', 'Palazzo della Ragione', 'Teatro Romano', 'Centro Fotografia']",Teatro Romano,strategy_nearest,True,0.0022330284118652344,success
043FA93A9C4C80,0,['Arena'],Casa Giulietta,"['Centro Fotografia', 'Sighseeing', 'Torre Lamberti', 'Museo Conte', 'Museo Radio']",Santa Anastasia,strategy_nearest,False,0.002950906753540039,success
043FA9429C4C80,0,"['Arena', 'Castelvecchio']",Torre Lamberti,"['Sighseeing', 'Centro Fotografia', 'Museo Conte', 'Casa Giulietta', 'Palazzo della Ragione']",Casa Giulietta,strategy_nearest,True,0.002641916275024414,success
043FAB429C4C80,3,"['Casa Giulietta', 'Torre Lamberti', 'Santa Anastasia', 'Teatro Romano']",Duomo,"['AMO', 'Museo Miniscalchi', 'Palazzo della Ragione', 'Museo Conte', 'Centro Fotografia']",Castelvecchio,strategy_nearest,False,0.0020151138305664062,success
043FB53A9C4C80,0,['Arena'],Casa Giulietta,"['Centro Fotografia', 'Sighseeing', 'Torre Lamberti', 'Museo Conte', 'Museo Radio']",Torre Lamberti,strategy_nearest,True,0.0032439231872558594,success
043FBE3A9C4C80,0,['Castelvecchio'],Arena,"['Verona Tour', 'Museo Lapidario', 'Museo Radio', 'San Fermo', 'Casa Giulietta']",Teatro Romano,strategy_nearest,False,0.002499818801879883,success
043FBB3A9C4C80,1,"['Arena', 'Casa Giulietta']",Torre Lamberti,"['Sighseeing', 'Centro Fotografia', 'Museo Conte', 'Palazzo della Ragione', 'AMO']",Palazzo della Ragione,strategy_nearest,True,0.002187013626098633,success
043FC43A9C4C80,3,"['Arena', 'Tomba Giulietta']",Casa Giulietta,"['Centro Fotografia', 'Sighseeing', 'Torre Lamberti', 'Museo Conte', 'Museo Radio']",San Zeno,strategy_nearest,False,0.0034351348876953125,success
043FB93A9C4C80,3,['Arena'],Santa Anastasia,"['AMO', 'Museo Conte', 'Palazzo della Ragione', 'Teatro Romano', 'Centro Fotografia']",Teatro Romano,strategy_nearest,True,0.004700899124145508,success
043FDA3A9C4C80,3,"['Casa Giulietta', 'Arena', 'Tomba Giulietta']",San Fermo,"['Museo Storia', 'Museo Radio', 'Centro Fotografia', 'Sighseeing', 'Torre Lamberti']",Torre Lamberti,strategy_nearest,True,0.001964092254638672,success
043FD3429C4C80,3,"['Casa Giulietta', 'Torre Lamberti', 'Arena']",Castelvecchio,"['Museo Lapidario', 'Verona Tour', 'Museo Radio', 'San Zeno', 'Sighseeing']",Teatro Romano,strategy_nearest,False,0.0029909610748291016,success
043FF03A9C4C80,0,['Castelvecchio'],Arena,"['Verona Tour', 'Museo Lapidario', 'Museo Radio', 'San Fermo', 'Casa Giulietta']",Santa Anastasia,strategy_nearest,False,0.0022542476654052734,success
04402B429C4C80,3,['Arena'],Santa Anastasia,"['AMO', 'Museo Conte', 'Palazzo della Ragione', 'Teatro Romano', 'Centro Fotografia']",Teatro Romano,strategy_nearest,True,0.0033829212188720703,success
044008429C4C84,3,"['Casa Giulietta', 'Torre Lamberti', 'Santa Anastasia']",Duomo,"['AMO', 'Museo Miniscalchi', 'Teatro Romano', 'Palazzo della Ragione', 'Museo Conte']",Giardino Giusti,strategy_nearest,False,0.0028748512268066406,success
043FE93A9C4C80,0,"['Castelvecchio', 'Arena']",Casa Giulietta,"['Centro Fotografia', 'Sighseeing', 'Torre Lamberti', 'Museo Conte', 'Museo Radio']",Torre Lamberti,strategy_nearest,True,0.004110097885131836,success
04402E429C4C80,0,['Arena'],Casa Giulietta,"['Centro Fotografia', 'Sighseeing', 'Torre Lamberti', 'Museo Conte', 'Museo Radio']",Torre Lamberti,strategy_nearest,True,0.003016948699951172,success
044039429C4C80,0,['Arena'],Casa Giulietta,"['Centro Fotografia', 'Sighseeing', 'Torre Lamberti', 'Museo Conte', 'Museo Radio']",Torre Lamberti,strategy_nearest,True,0.0021431446075439453,success
0440343A9C4C80,0,['Castelvecchio'],Casa Giulietta,"['Centro Fotografia', 'Sighseeing', 'Torre Lamberti', 'Museo Conte', 'Museo Radio']",Arena,strategy_nearest,False,0.0035767555236816406,success
0440323A9C4C80,0,['Arena'],Castelvecchio,"['Museo Lapidario', 'Verona Tour', 'Museo Radio', 'San Zeno', 'Sighseeing']",Casa Giulietta,strategy_nearest,False,0.001737356185913086,success
04403D429C4C80,1,"['Palazzo della Ragione', 'Torre Lamberti', 'Casa Giulietta']",Arena,"['Verona Tour', 'Museo Lapidario', 'Museo Radio', 'San Fermo', 'Sighseeing']",Santa Anastasia,strategy_nearest,False,0.0022411346435546875,success
0440543A9C4C80,3,['Arena'],Casa Giulietta,"['Centro Fotografia', 'Sighseeing', 'Torre Lamberti', 'Museo Conte', 'Museo Radio']",Santa Anastasia,strategy_nearest,False,0.0035109519958496094,success
04407C4A9C4C80,3,"['Arena', 'Museo Lapidario']",Santa Anastasia,"['AMO', 'Museo Conte', 'Palazzo della Ragione', 'Teatro Romano', 'Centro Fotografia']",Duomo,strategy_nearest,False,0.002682924270629883,success
04403B429C4C80,0,['Arena'],Casa Giulietta,"['Centro Fotografia', 'Sighseeing', 'Torre Lamberti', 'Museo Conte', 'Museo Radio']",Torre Lamberti,strategy_nearest,True,0.0022377967834472656,success
04407D429C4C80,2,"['Casa Giulietta', 'Teatro Romano']",Duomo,"['AMO', 'Museo Miniscalchi', 'Santa Anastasia', 'Palazzo della Ragione', 'Museo Conte']",Castelvecchio,strategy_nearest,False,0.002638101577758789,success
044081429C4C80,0,['Casa Giulietta'],Arena,"['Verona Tour', 'Museo Lapidario', 'Museo Radio', 'San Fermo', 'Sighseeing']",Tomba Giulietta,strategy_nearest,False,0.0027108192443847656,success
04407F429C4C80,3,"['Teatro Romano', 'Santa Anastasia']",Torre Lamberti,"['Sighseeing', 'Centro Fotografia', 'Museo Conte', 'Casa Giulietta', 'Palazzo della Ragione']",Arena,strategy_nearest,False,0.0019490718841552734,success
044088429C4C80,3,['Arena'],Castelvecchio,"['Museo Lapidario', 'Verona Tour', 'Museo Radio', 'San Zeno', 'Sighseeing']",San Zeno,strategy_nearest,True,0.0033419132232666016,success
0440904A9C4C80,1,"['Arena', 'Museo Lapidario']",Castelvecchio,"['Verona Tour', 'Museo Radio', 'San Zeno', 'Sighseeing', 'Museo Miniscalchi']",Casa Giulietta,strategy_nearest,False,0.003117084503173828,success
04408D3A9C4C80,3,['Arena'],Casa Giulietta,"['Centro Fotografia', 'Sighseeing', 'Torre Lamberti', 'Museo Conte', 'Museo Radio']",Torre Lamberti,strategy_nearest,True,0.0025942325592041016,success
0440893A9C4C80,3,"['Arena', 'Torre Lamberti']",Santa Anastasia,"['AMO', 'Museo Conte', 'Palazzo della Ragione', 'Teatro Romano', 'Centro Fotografia']",Teatro Romano,strategy_nearest,True,0.002079010009765625,success
044091429C4C80,3,"['Castelvecchio', 'Arena', 'San Fermo']",Casa Giulietta,"['Centro Fotografia', 'Sighseeing', 'Torre Lamberti', 'Museo Conte', 'Museo Radio']",Torre Lamberti,strategy_nearest,True,0.0032041072845458984,success
044099429C4C80,0,"['Arena', 'San Fermo']",Casa Giulietta,"['Centro Fotografia', 'Sighseeing', 'Torre Lamberti', 'Museo Conte', 'Museo Radio']",Torre Lamberti,strategy_nearest,True,0.001971006393432617,success
04409A4A9C4C80,0,['Arena'],Castelvecchio,"['Museo Lapidario', 'Verona Tour', 'Museo Radio', 'San Zeno', 'Sighseeing']",Casa Giulietta,strategy_nearest,False,0.0027327537536621094,success
04409B429C4C80,0,"['Arena', 'Casa Giulietta']",Duomo,"['AMO', 'Museo Miniscalchi', 'Santa Anastasia', 'Teatro Romano', 'Palazzo della Ragione']",Torre Lamberti,strategy_nearest,False,0.003522157669067383,success
04409C429C4C80,0,"['Arena', 'Museo Lapidario']",Castelvecchio,"['Verona Tour', 'Museo Radio', 'San Zeno', 'Sighseeing', 'Museo Miniscalchi']",Santa Anastasia,strategy_nearest,False,0.0034279823303222656,success
0440A63A9C4C80,2,"['Castelvecchio', 'San Zeno']",Casa Giulietta,"['Centro Fotografia', 'Sighseeing', 'Torre Lamberti', 'Museo Conte', 'Museo Radio']",Duomo,strategy_nearest,False,0.0025358200073242188,success
0440A93A9C4C80,3,['Arena'],Santa Anastasia,"['AMO', 'Museo Conte', 'Palazzo della Ragione', 'Teatro Romano', 'Centro Fotografia']",Torre Lamberti,strategy_nearest,False,0.003139019012451172,success
0440A9429C4C80,2,['Teatro Romano'],Castelvecchio,"['Museo Lapidario', 'Verona Tour', 'Arena', 'Museo Radio', 'San Zeno']",San Fermo,strategy_nearest,False,0.002618074417114258,success
0440B0429C4C80,0,['Arena'],Castelvecchio,"['Museo Lapidario', 'Verona Tour', 'Museo Radio', 'San Zeno', 'Sighseeing']",Casa Giulietta,strategy_nearest,False,0.0026111602783203125,success
0440BB429C4C80,3,"['Castelvecchio', 'Casa Giulietta', 'Arena']",San Fermo,"['Museo Storia', 'Museo Radio', 'Centro Fotografia', 'Sighseeing', 'Torre Lamberti']",Museo Storia,strategy_nearest,True,0.002563953399658203,success
0440C03A9C4C80,3,['Arena'],Santa Anastasia,"['AMO', 'Museo Conte', 'Palazzo della Ragione', 'Teatro Romano', 'Centro Fotografia']",Torre Lamberti,strategy_nearest,False,0.003805875778198242,success
0440C53A9C4C80,3,['Arena'],Casa Giulietta,"['Centro Fotografia', 'Sighseeing', 'Torre Lamberti', 'Museo Conte', 'Museo Radio']",Santa Anastasia,strategy_nearest,False,0.0018379688262939453,success
0440C73A9C4C80,0,['Arena'],Casa Giulietta,"['Centro Fotografia', 'Sighseeing', 'Torre Lamberti', 'Museo Conte', 'Museo Radio']",Teatro Romano,strategy_nearest,False,0.002549886703491211,success
0440C93A9C4C80,2,['Casa Giulietta'],Torre Lamberti,"['Sighseeing', 'Centro Fotografia', 'Museo Conte', 'Palazzo della Ragione', 'AMO']",San Fermo,strategy_nearest,False,0.004167795181274414,success
0440D23A9C4C80,0,['Arena'],Casa Giulietta,"['Centro Fotografia', 'Sighseeing', 'Torre Lamberti', 'Museo Conte', 'Museo Radio']",Torre Lamberti,strategy_nearest,True,0.002732992172241211,success
0440D63A9C4C80,2,"['Casa Giulietta', 'Castelvecchio']",Torre Lamberti,"['Sighseeing', 'Centro Fotografia', 'Museo Conte', 'Palazzo della Ragione', 'AMO']",Santa Anastasia,strategy_nearest,False,0.003323793411254883,success
0440CA3A9C4C80,3,"['Casa Giulietta', 'Torre Lamberti']",Santa Anastasia,"['AMO', 'Museo Conte', 'Palazzo della Ragione', 'Teatro Romano', 'Centro Fotografia']",San Zeno,strategy_nearest,False,0.0019702911376953125,success
0440DF3A9C4C80,3,"['Santa Anastasia', 'Teatro Romano', 'Torre Lamberti']",San Fermo,"['Museo Storia', 'Museo Radio', 'Casa Giulietta', 'Centro Fotografia', 'Arena']",Casa Giulietta,strategy_nearest,True,0.002763032913208008,success
0440D8429C4C80,3,"['Teatro Romano', 'Teatro Romano', 'Santa Anastasia']",Arena,"['Verona Tour', 'Museo Lapidario', 'Museo Radio', 'San Fermo', 'Casa Giulietta']",Castelvecchio,strategy_nearest,False,0.004662990570068359,success
0440E53A9C4C80,3,['Arena'],Duomo,"['AMO', 'Museo Miniscalchi', 'Santa Anastasia', 'Teatro Romano', 'Palazzo della Ragione']",Teatro Romano,strategy_nearest,True,0.0014820098876953125,success
0440E83A9C4C80,0,['Arena'],Casa Giulietta,"['Centro Fotografia', 'Sighseeing', 'Torre Lamberti', 'Museo Conte', 'Museo Radio']",Torre Lamberti,strategy_nearest,True,0.0026350021362304688,success
0440ED429C4C80,3,"['Arena', 'Torre Lamberti', 'Santa Anastasia']",Teatro Romano,"['Duomo', 'AMO', 'Palazzo della Ragione', 'Museo Conte', 'Centro Fotografia']",Duomo,strategy_nearest,True,0.003573894500732422,success
044100429C4C84,3,"['Teatro Romano', 'Arena', 'Castelvecchio']",Torre Lamberti,"['Sighseeing', 'Centro Fotografia', 'Museo Conte', 'Casa Giulietta', 'Palazzo della Ragione']",Santa Anastasia,strategy_nearest,False,0.0029239654541015625,success
0441003A9C4C84,2,"['Torre Lamberti', 'Santa Anastasia']",Duomo,"['AMO', 'Museo Miniscalchi', 'Teatro Romano', 'Palazzo della Ragione', 'Museo Conte']",Casa Giulietta,strategy_nearest,False,0.001561880111694336,success
04410C429C4C84,3,"['Santa Anastasia', 'Torre Lamberti']",Arena,"['Verona Tour', 'Museo Lapidario', 'Museo Radio', 'San Fermo', 'Casa Giulietta']",Casa Giulietta,strategy_nearest,True,0.0033767223358154297,success
0441373A9C4C80,0,"['San Zeno', 'Torre Lamberti']",Casa Giulietta,"['Centro Fotografia', 'Sighseeing', 'Museo Conte', 'Museo Radio', 'Palazzo della Ragione']",Castelvecchio,strategy_nearest,False,0.0022001266479492188,success
04413C429C4C80,1,"['Duomo', 'Teatro Romano', 'Torre Lamberti']",Arena,"['Verona Tour', 'Museo Lapidario', 'Museo Radio', 'San Fermo', 'Casa Giulietta']",Palazzo della Ragione,strategy_nearest,False,0.0026521682739257812,success
044133429C4C80,3,"['Arena', 'San Fermo']",Torre Lamberti,"['Sighseeing', 'Centro Fotografia', 'Museo Conte', 'Casa Giulietta', 'Palazzo della Ragione']",Santa Anastasia,strategy_nearest,False,0.0022220611572265625,success
0441354A9C4C80,0,['Casa Giulietta'],Arena,"['Verona Tour', 'Museo Lapidario', 'Museo Radio', 'San Fermo', 'Sighseeing']",Giardino Giusti,strategy_nearest,False,0.00413060188293457,success
04414A429C4C80,0,['Arena'],Casa Giulietta,"['Centro Fotografia', 'Sighseeing', 'Torre Lamberti', 'Museo Conte', 'Museo Radio']",Museo Lapidario,strategy_nearest,False,0.001184225082397461,success
044150429C4C80,3,"['Torre Lamberti', 'Casa Giulietta']",Castelvecchio,"['Museo Lapidario', 'Verona Tour', 'Arena', 'Museo Radio', 'San Zeno']",Arena,strategy_nearest,True,0.003246784210205078,success
044165429C4C80,0,['Santa Anastasia'],Arena,"['Verona Tour', 'Museo Lapidario', 'Museo Radio', 'San Fermo', 'Casa Giulietta']",Castelvecchio,strategy_nearest,False,0.0026280879974365234,success
044141429C4C80,0,['Arena'],Casa Giulietta,"['Centro Fotografia', 'Sighseeing', 'Torre Lamberti', 'Museo Conte', 'Museo Radio']",Teatro Romano,strategy_nearest,False,0.0033130645751953125,success
04417A429C4C80,3,"['Casa Giulietta', 'Teatro Romano', 'Castelvecchio']",Arena,"['Verona Tour', 'Museo Lapidario', 'Museo Radio', 'San Fermo', 'Sighseeing']",Santa Anastasia,strategy_nearest,False,0.002688884735107422,success
0441663A9C4C80,1,"['Arena', 'Castelvecchio']",Torre Lamberti,"['Sighseeing', 'Centro Fotografia', 'Museo Conte', 'Casa Giulietta', 'Palazzo della Ragione']",Palazzo della Ragione,strategy_nearest,True,0.0027861595153808594,success
0441794A9C4C80,2,"['Tomba Giulietta', 'Casa Giulietta']",Torre Lamberti,"['Sighseeing', 'Centro Fotografia', 'Museo Conte', 'Palazzo della Ragione', 'AMO']",Duomo,strategy_nearest,False,0.0021882057189941406,success
04417C429C4C80,0,['Arena'],Casa Giulietta,"['Centro Fotografia', 'Sighseeing', 'Torre Lamberti', 'Museo Conte', 'Museo Radio']",Duomo,strategy_nearest,False,0.0024161338806152344,success
044188429C4C80,2,"['Castelvecchio', 'Torre Lamberti']",Santa Anastasia,"['AMO', 'Museo Conte', 'Palazzo della Ragione', 'Teatro Romano', 'Centro Fotografia']",Duomo,strategy_nearest,False,0.0019817352294921875,success
04417C4A9C4C80,0,['Arena'],Casa Giulietta,"['Centro Fotografia', 'Sighseeing', 'Torre Lamberti', 'Museo Conte', 'Museo Radio']",Duomo,strategy_nearest,False,0.0027840137481689453,success
04418F429C4C80,3,"['Santa Anastasia', 'Torre Lamberti']",Casa Giulietta,"['Centro Fotografia', 'Sighseeing', 'Museo Conte', 'Museo Radio', 'Palazzo della Ragione']",Tomba Giulietta,strategy_nearest,False,0.003309965133666992,success
0441974A9C4C80,3,"['Casa Giulietta', 'Torre Lamberti']",Santa Anastasia,"['AMO', 'Museo Conte', 'Palazzo della Ragione', 'Teatro Romano', 'Centro Fotografia']",Arena,strategy_nearest,False,0.0026040077209472656,success
044198429C4C80,0,['Arena'],Casa Giulietta,"['Centro Fotografia', 'Sighseeing', 'Torre Lamberti', 'Museo Conte', 'Museo Radio']",Teatro Romano,strategy_nearest,False,0.0036590099334716797,success
0441A63A9C4C80,3,['Arena'],Duomo,"['AMO', 'Museo Miniscalchi', 'Santa Anastasia', 'Teatro Romano', 'Palazzo della Ragione']",Santa Anastasia,strategy_nearest,True,0.0029540061950683594,success
0441AE3A9C4C80,1,['Arena'],Casa Giulietta,"['Centro Fotografia', 'Sighseeing', 'Torre Lamberti', 'Museo Conte', 'Museo Radio']",Palazzo della Ragione,strategy_nearest,False,0.0032231807708740234,success
0441AA429C4C80,3,['Arena'],Torre Lamberti,"['Sighseeing', 'Centro Fotografia', 'Museo Conte', 'Casa Giulietta', 'Palazzo della Ragione']",Duomo,strategy_nearest,False,0.004368305206298828,success
0441AB4A9C4C80,3,"['Arena', 'Torre Lamberti']",Casa Giulietta,"['Centro Fotografia', 'Sighseeing', 'Museo Conte', 'Museo Radio', 'Palazzo della Ragione']",Santa Anastasia,strategy_nearest,False,0.0021948814392089844,success
0441AA4A9C4C80,3,"['Arena', 'Torre Lamberti']",Santa Anastasia,"['AMO', 'Museo Conte', 'Palazzo della Ragione', 'Teatro Romano', 'Centro Fotografia']",Duomo,strategy_nearest,False,0.0014832019805908203,success
0441C03A9C4C80,3,"['Arena', 'Casa Giulietta', 'Torre Lamberti']",Santa Anastasia,"['AMO', 'Museo Conte', 'Palazzo della Ragione', 'Teatro Romano', 'Centro Fotografia']",Duomo,strategy_nearest,False,0.0022439956665039062,success
0441B6429C4C80,3,"['Arena', 'Torre Lamberti']",Santa Anastasia,"['AMO', 'Museo Conte', 'Palazzo della Ragione', 'Teatro Romano', 'Centro Fotografia']",Duomo,strategy_nearest,False,0.0034711360931396484,success
0441C43A9C4C80,0,['Museo Lapidario'],Arena,"['Verona Tour', 'Museo Radio', 'San Fermo', 'Casa Giulietta', 'Sighseeing']",Torre Lamberti,strategy_nearest,False,0.0026140213012695312,success
0441C13A9C4C80,0,['Arena'],Casa Giulietta,"['Centro Fotografia', 'Sighseeing', 'Torre Lamberti', 'Museo Conte', 'Museo Radio']",Torre Lamberti,strategy_nearest,True,0.00150299072265625,success
0441EC429C4C80,2,"['Castelvecchio', 'San Zeno']",Santa Anastasia,"['AMO', 'Museo Conte', 'Palazzo della Ragione', 'Teatro Romano', 'Centro Fotografia']",Duomo,strategy_nearest,False,0.002238035202026367,success
0441F43A9C4C80,3,['Torre Lamberti'],Arena,"['Verona Tour', 'Museo Lapidario', 'Museo Radio', 'San Fermo', 'Casa Giulietta']",Teatro Romano,strategy_nearest,False,0.002653360366821289,success
0441ED3A9C4C80,3,"['Arena', 'Duomo']",Santa Anastasia,"['AMO', 'Museo Conte', 'Palazzo della Ragione', 'Teatro Romano', 'Centro Fotografia']",Torre Lamberti,strategy_nearest,False,0.003512144088745117,success
0441D7429C4C80,0,['Arena'],Arena,"['Verona Tour', 'Museo Lapidario', 'Museo Radio', 'San Fermo', 'Casa Giulietta']",Teatro Romano,strategy_nearest,False,0.0016319751739501953,success
0441F83A9C4C80,3,"['Casa Giulietta', 'Torre Lamberti', 'Duomo']",Giardino Giusti,"['Santa Anastasia', 'Teatro Romano', 'Museo Conte', 'Centro Fotografia', 'Museo Storia']",Teatro Romano,strategy_nearest,True,0.002201080322265625,success
04420F429C4C84,3,"['Casa Giulietta', 'Castelvecchio', 'San Zeno', 'Tomba Giulietta']",Torre Lamberti,"['Sighseeing', 'Centro Fotografia', 'Museo Conte', 'Palazzo della Ragione', 'AMO']",Arena,strategy_nearest,False,0.0026149749755859375,success
04420F3A9C4C84,0,['Castelvecchio'],Arena,"['Verona Tour', 'Museo Lapidario', 'Museo Radio', 'San Fermo', 'Casa Giulietta']",San Zeno,strategy_nearest,False,0.0022149085998535156,success
04420C429C4C84,0,"['Duomo', 'Castelvecchio']",Arena,"['Verona Tour', 'Museo Lapidario', 'Museo Radio', 'San Fermo', 'Casa Giulietta']",Casa Giulietta,strategy_nearest,True,0.0037047863006591797,success
04422F429C4C80,0,['Arena'],Casa Giulietta,"['Centro Fotografia', 'Sighseeing', 'Torre Lamberti', 'Museo Conte', 'Museo Radio']",Castelvecchio,strategy_nearest,False,0.0024061203002929688,success
0442313A9C4C80,3,"['Castelvecchio', 'Casa Giulietta', 'Duomo', 'Giardino Giusti']",Arena,"['Verona Tour', 'Museo Lapidario', 'Museo Radio', 'San Fermo', 'Sighseeing']",Torre Lamberti,strategy_nearest,False,0.002154111862182617,success
0442394A9C4C80,0,"['Castelvecchio', 'Tomba Giulietta']",Arena,"['Verona Tour', 'Museo Lapidario', 'Museo Radio', 'San Fermo', 'Casa Giulietta']",Duomo,strategy_nearest,False,0.0033540725708007812,success
04422F3A9C4C80,3,"['Torre Lamberti', 'Santa Anastasia']",Arena,"['Verona Tour', 'Museo Lapidario', 'Museo Radio', 'San Fermo', 'Casa Giulietta']",Casa Giulietta,strategy_nearest,True,0.0036640167236328125,success
04423A4A9C4C80,3,"['Arena', 'Casa Giulietta', 'Duomo']",Santa Anastasia,"['AMO', 'Museo Conte', 'Palazzo della Ragione', 'Teatro Romano', 'Centro Fotografia']",Torre Lamberti,strategy_nearest,False,0.0028138160705566406,success
04423B429C4C80,3,"['Arena', 'Torre Lamberti']",Duomo,"['AMO', 'Museo Miniscalchi', 'Santa Anastasia', 'Teatro Romano', 'Palazzo della Ragione']",Santa Anastasia,strategy_nearest,True,0.0034942626953125,success
04423F429C4C80,0,['Arena'],Torre Lamberti,"['Sighseeing', 'Centro Fotografia', 'Museo Conte', 'Casa Giulietta', 'Palazzo della Ragione']",Casa Giulietta,strategy_nearest,True,0.0015769004821777344,success
04425F3A9C4C80,1,"['Torre Lamberti', 'Palazzo della Ragione', 'Castelvecchio']",Santa Anastasia,"['AMO', 'Museo Conte', 'Teatro Romano', 'Centro Fotografia', 'Duomo']",Casa Giulietta,strategy_nearest,False,0.0026369094848632812,success
04426A429C4C80,2,['Torre Lamberti'],Tomba Giulietta,"['San Fermo', 'Museo Storia', 'Arena', 'Museo Lapidario', 'Museo Radio']",Teatro Romano,strategy_nearest,False,0.0023033618927001953,success
04428A429C4C80,1,"['Castelvecchio', 'Teatro Romano', 'Duomo', 'Santa Anastasia']",Casa Giulietta,"['Centro Fotografia', 'Sighseeing', 'Torre Lamberti', 'Museo Conte', 'Museo Radio']",Torre Lamberti,strategy_nearest,True,0.003175973892211914,success
04426F429C4C80,0,['Museo Lapidario'],Arena,"['Verona Tour', 'Museo Radio', 'San Fermo', 'Casa Giulietta', 'Sighseeing']",Castelvecchio,strategy_nearest,False,0.002190113067626953,success
0442823A9C4C80,3,"['Castelvecchio', 'Arena', 'Torre Lamberti', 'Casa Giulietta']",Duomo,"['AMO', 'Museo Miniscalchi', 'Santa Anastasia', 'Teatro Romano', 'Palazzo della Ragione']",Teatro Romano,strategy_nearest,True,0.0027899742126464844,success
044291429C4C80,1,"['Arena', 'Museo Lapidario', 'Palazzo della Ragione']",Torre Lamberti,"['Sighseeing', 'Centro Fotografia', 'Museo Conte', 'Casa Giulietta', 'AMO']",Santa Anastasia,strategy_nearest,False,0.0029828548431396484,success
0442944A9C4C80,2,"['San Fermo', 'Casa Giulietta', 'Torre Lamberti']",Palazzo della Ragione,"['AMO', 'Museo Conte', 'Centro Fotografia', 'Sighseeing', 'Santa Anastasia']",Santa Anastasia,strategy_nearest,True,0.002192258834838867,success
0442924A9C4C80,0,['Castelvecchio'],Arena,"['Verona Tour', 'Museo Lapidario', 'Museo Radio', 'San Fermo', 'Casa Giulietta']",San Fermo,strategy_nearest,True,0.002856016159057617,success
04429B429C4C80,3,"['Arena', 'Castelvecchio', 'San Fermo', 'Casa Giulietta']",Duomo,"['AMO', 'Museo Miniscalchi', 'Santa Anastasia', 'Teatro Romano', 'Palazzo della Ragione']",Teatro Romano,strategy_nearest,True,0.0034112930297851562,success
04429B4A9C4C80,0,['Arena'],Castelvecchio,"['Museo Lapidario', 'Verona Tour', 'Museo Radio', 'San Zeno', 'Sighseeing']",Museo Storia,strategy_nearest,False,0.002301931381225586,success
04429E429C4C80,0,['Arena'],Museo Lapidario,"['Verona Tour', 'Castelvecchio', 'Museo Radio', 'San Fermo', 'Casa Giulietta']",Castelvecchio,strategy_nearest,True,0.0019609928131103516,success
04429D4A9C4C80,3,['Arena'],Santa Anastasia,"['AMO', 'Museo Conte', 'Palazzo della Ragione', 'Teatro Romano', 'Centro Fotografia']",Torre Lamberti,strategy_nearest,False,0.0028030872344970703,success
0442A73A9C4C80,3,['Arena'],Torre Lamberti,"['Sighseeing', 'Centro Fotografia', 'Museo Conte', 'Casa Giulietta', 'Palazzo della Ragione']",Santa Anastasia,strategy_nearest,False,0.0034329891204833984,success
0442AC3A9C4C80,3,"['Arena', 'Casa Giulietta']",Torre Lamberti,"['Sighseeing', 'Centro Fotografia', 'Museo Conte', 'Palazzo della Ragione', 'AMO']",Duomo,strategy_nearest,False,0.002237081527709961,success
0442B93A9C4C80,0,['Arena'],Torre Lamberti,"['Sighseeing', 'Centro Fotografia', 'Museo Conte', 'Casa Giulietta', 'Palazzo della Ragione']",Castelvecchio,strategy_nearest,False,0.0025200843811035156,success
0442B53A9C4C80,3,"['Castelvecchio', 'Arena', 'Casa Giulietta']",Torre Lamberti,"['Sighseeing', 'Centro Fotografia', 'Museo Conte', 'Palazzo della Ragione', 'AMO']",Santa Anastasia,strategy_nearest,False,0.0033180713653564453,success
0442D73A9C4C80,4,"['Casa Giulietta', 'Torre Lamberti', 'Santa Anastasia', 'Duomo', 'Teatro Romano']",San Fermo,"['Museo Storia', 'Museo Radio', 'Centro Fotografia', 'Arena', 'Sighseeing']",Museo Radio,strategy_nearest,True,0.002462148666381836,success
0442BD429C4C80,0,['Arena'],Casa Giulietta,"['Centro Fotografia', 'Sighseeing', 'Torre Lamberti', 'Museo Conte', 'Museo Radio']",Duomo,strategy_nearest,False,0.0025420188903808594,success
0442BB429C4C80,2,['Casa Giulietta'],Torre Lamberti,"['Sighseeing', 'Centro Fotografia', 'Museo Conte', 'Palazzo della Ragione', 'AMO']",Santa Anastasia,strategy_nearest,False,0.004758119583129883,success
0442D83A9C4C80,2,"['Tomba Giulietta', 'Museo Lapidario', 'Castelvecchio', 'Santa Anastasia']",Duomo,"['AMO', 'Museo Miniscalchi', 'Teatro Romano', 'Palazzo della Ragione', 'Museo Conte']",Teatro Romano,strategy_nearest,True,0.0032939910888671875,success
0442E93A9C4C80,1,"['Arena', 'Casa Giulietta']",Torre Lamberti,"['Sighseeing', 'Centro Fotografia', 'Museo Conte', 'Palazzo della Ragione', 'AMO']",Palazzo della Ragione,strategy_nearest,True,0.0018758773803710938,success
0442EE429C4C80,0,['Arena'],Casa Giulietta,"['Centro Fotografia', 'Sighseeing', 'Torre Lamberti', 'Museo Conte', 'Museo Radio']",San Zeno,strategy_nearest,False,0.0027191638946533203,success
0442F33A9C4C80,3,"['Arena', 'Museo Lapidario', 'Castelvecchio', 'San Fermo']",Casa Giulietta,"['Centro Fotografia', 'Sighseeing', 'Torre Lamberti', 'Museo Conte', 'Museo Radio']",Torre Lamberti,strategy_nearest,True,0.002440929412841797,success
0442F63A9C4C80,3,['Arena'],Torre Lamberti,"['Sighseeing', 'Centro Fotografia', 'Museo Conte', 'Casa Giulietta', 'Palazzo della Ragione']",Santa Anastasia,strategy_nearest,False,0.0024938583374023438,success
0442F53A9C4C80,3,['Santa Anastasia'],San Zeno,"['Castelvecchio', 'Verona Tour', 'Museo Lapidario', 'Arena', 'Museo Miniscalchi']",Arena,strategy_nearest,True,0.0024139881134033203,success
04432A429C4C80,3,"['Arena', 'Santa Anastasia']",Teatro Romano,"['Duomo', 'AMO', 'Palazzo della Ragione', 'Museo Conte', 'Centro Fotografia']",Duomo,strategy_nearest,True,0.0026068687438964844,success
04432C3A9C4C80,2,"['Castelvecchio', 'Torre Lamberti']",Casa Giulietta,"['Centro Fotografia', 'Sighseeing', 'Museo Conte', 'Museo Radio', 'Palazzo della Ragione']",Santa Anastasia,strategy_nearest,False,0.002470731735229492,success
04434C3A9C4C80,0,['Torre Lamberti'],Duomo,"['AMO', 'Museo Miniscalchi', 'Santa Anastasia', 'Teatro Romano', 'Palazzo della Ragione']",Casa Giulietta,strategy_nearest,False,0.0027348995208740234,success
0443653A9C4C80,3,"['Arena', 'Torre Lamberti']",Teatro Romano,"['Santa Anastasia', 'Duomo', 'AMO', 'Palazzo della Ragione', 'Museo Conte']",Duomo,strategy_nearest,True,0.0025212764739990234,success
0443533A9C4C80,1,"['Arena', 'Santa Anastasia']",Duomo,"['AMO', 'Museo Miniscalchi', 'Teatro Romano', 'Palazzo della Ragione', 'Museo Conte']",Palazzo della Ragione,strategy_nearest,True,0.0031440258026123047,success
044378429C4C80,2,['Castelvecchio'],Torre Lamberti,"['Sighseeing', 'Centro Fotografia', 'Museo Conte', 'Casa Giulietta', 'Palazzo della Ragione']",Casa Giulietta,strategy_nearest,True,0.0026819705963134766,success
04436C429C4C80,3,"['Arena', 'Museo Lapidario']",Casa Giulietta,"['Centro Fotografia', 'Sighseeing', 'Torre Lamberti', 'Museo Conte', 'Museo Radio']",Santa Anastasia,strategy_nearest,False,0.0052258968353271484,success
0443703A9C4C80,3,['Arena'],Santa Anastasia,"['AMO', 'Museo Conte', 'Palazzo della Ragione', 'Teatro Romano', 'Centro Fotografia']",Duomo,strategy_nearest,False,0.00150299072265625,success
04437B429C4C80,3,"['Arena', 'Casa Giulietta']",Torre Lamberti,"['Sighseeing', 'Centro Fotografia', 'Museo Conte', 'Palazzo della Ragione', 'AMO']",Santa Anastasia,strategy_nearest,False,0.0020029544830322266,success
04437E429C4C80,3,"['San Zeno', 'Duomo']",Santa Anastasia,"['AMO', 'Museo Conte', 'Palazzo della Ragione', 'Teatro Romano', 'Centro Fotografia']",Castelvecchio,strategy_nearest,False,0.001631021499633789,success
044382429C4C80,2,['Casa Giulietta'],Castelvecchio,"['Museo Lapidario', 'Verona Tour', 'Arena', 'Museo Radio', 'San Zeno']",San Fermo,strategy_nearest,False,0.0022118091583251953,success
044387429C4C80,3,['Arena'],Santa Anastasia,"['AMO', 'Museo Conte', 'Palazzo della Ragione', 'Teatro Romano', 'Centro Fotografia']",Duomo,strategy_nearest,False,0.0034661293029785156,success
04438D429C4C80,3,"['San Fermo', 'Santa Anastasia']",Casa Giulietta,"['Centro Fotografia', 'Sighseeing', 'Torre Lamberti', 'Museo Conte', 'Museo Radio']",Arena,strategy_nearest,False,0.0027730464935302734,success
04438E4A9C4C80,3,"['Arena', 'Torre Lamberti']",Teatro Romano,"['Santa Anastasia', 'Duomo', 'AMO', 'Palazzo della Ragione', 'Museo Conte']",Duomo,strategy_nearest,True,0.002257108688354492,success
0443974A9C4C80,1,['Arena'],Palazzo della Ragione,"['AMO', 'Museo Conte', 'Torre Lamberti', 'Centro Fotografia', 'Sighseeing']",Torre Lamberti,strategy_nearest,True,0.0020859241485595703,success
044399429C4C80,3,['Teatro Romano'],Arena,"['Verona Tour', 'Museo Lapidario', 'Museo Radio', 'San Fermo', 'Casa Giulietta']",Casa Giulietta,strategy_nearest,True,0.002629995346069336,success
044391429C4C80,0,"['Casa Giulietta', 'Torre Lamberti']",Arena,"['Verona Tour', 'Museo Lapidario', 'Museo Radio', 'San Fermo', 'Sighseeing']",San Zeno,strategy_nearest,False,0.0033721923828125,success
04439A429C4C80,2,['Casa Giulietta'],Torre Lamberti,"['Sighseeing', 'Centro Fotografia', 'Museo Conte', 'Palazzo della Ragione', 'AMO']",Palazzo della Ragione,strategy_nearest,True,0.0028448104858398438,success
0443A0429C4C80,3,"['Arena', 'Casa Giulietta']",Santa Anastasia,"['AMO', 'Museo Conte', 'Palazzo della Ragione', 'Teatro Romano', 'Centro Fotografia']",Duomo,strategy_nearest,False,0.002644062042236328,success
0443A14A9C4C80,3,"['Teatro Romano', 'Casa Giulietta', 'Santa Anastasia']",Torre Lamberti,"['Sighseeing', 'Centro Fotografia', 'Museo Conte', 'Palazzo della Ragione', 'AMO']",Arena,strategy_nearest,False,0.002017974853515625,success
0443A44A9C4C80,3,"['Castelvecchio', 'Arena']",Casa Giulietta,"['Centro Fotografia', 'Sighseeing', 'Torre Lamberti', 'Museo Conte', 'Museo Radio']",Santa Anastasia,strategy_nearest,False,0.0032546520233154297,success
0443A83A9C4C80,0,"['Arena', 'Casa Giulietta']",Duomo,"['AMO', 'Museo Miniscalchi', 'Santa Anastasia', 'Teatro Romano', 'Palazzo della Ragione']",Giardino Giusti,strategy_nearest,False,0.0018758773803710938,success
0443A9429C4C80,0,['Arena'],Castelvecchio,"['Museo Lapidario', 'Verona Tour', 'Museo Radio', 'San Zeno', 'Sighseeing']",Castelvecchio,strategy_nearest,False,0.003118753433227539,success
0443A6429C4C80,3,"['Arena', 'San Fermo']",Santa Anastasia,"['AMO', 'Museo Conte', 'Palazzo della Ragione', 'Teatro Romano', 'Centro Fotografia']",Duomo,strategy_nearest,False,0.0040438175201416016,success
0443B2429C4C80,2,['Duomo'],Santa Anastasia,"['AMO', 'Museo Conte', 'Palazzo della Ragione', 'Teatro Romano', 'Centro Fotografia']",Casa Giulietta,strategy_nearest,False,0.001397848129272461,success
0443B13A9C4C80,3,"['Arena', 'Castelvecchio']",Casa Giulietta,"['Centro Fotografia', 'Sighseeing', 'Torre Lamberti', 'Museo Conte', 'Museo Radio']",Santa Anastasia,strategy_nearest,False,0.0028090476989746094,success
0443AA4A9C4C80,1,"['Arena', 'Museo Lapidario', 'Casa Giulietta', 'Santa Anastasia']",Duomo,"['AMO', 'Museo Miniscalchi', 'Teatro Romano', 'Palazzo della Ragione', 'Museo Conte']",Torre Lamberti,strategy_nearest,False,0.002820253372192383,success
0443B53A9C4C80,3,"['Arena', 'Casa Giulietta']",Torre Lamberti,"['Sighseeing', 'Centro Fotografia', 'Museo Conte', 'Palazzo della Ragione', 'AMO']",Santa Anastasia,strategy_nearest,False,0.0032711029052734375,success
0443B9429C4C80,3,"['Teatro Romano', 'Santa Anastasia']",Torre Lamberti,"['Sighseeing', 'Centro Fotografia', 'Museo Conte', 'Casa Giulietta', 'Palazzo della Ragione']",Arena,strategy_nearest,False,0.0013740062713623047,success
0443B8429C4C80,3,"['Castelvecchio', 'Arena']",Casa Giulietta,"['Centro Fotografia', 'Sighseeing', 'Torre Lamberti', 'Museo Conte', 'Museo Radio']",Torre Lamberti,strategy_nearest,True,0.0026319026947021484,success
0443B83A9C4C80,1,"['Castelvecchio', 'Arena', 'Casa Giulietta']",Palazzo della Ragione,"['AMO', 'Museo Conte', 'Torre Lamberti', 'Centro Fotografia', 'Sighseeing']",Torre Lamberti,strategy_nearest,True,0.0032579898834228516,success
0443C1429C4C80,3,"['Arena', 'San Fermo', 'Casa Giulietta']",Santa Anastasia,"['AMO', 'Museo Conte', 'Palazzo della Ragione', 'Teatro Romano', 'Centro Fotografia']",Duomo,strategy_nearest,False,0.003448963165283203,success
0443C23A9C4C80,3,"['Tomba Giulietta', 'Arena', 'Castelvecchio']",Torre Lamberti,"['Sighseeing', 'Centro Fotografia', 'Museo Conte', 'Casa Giulietta', 'Palazzo della Ragione']",Casa Giulietta,strategy_nearest,True,0.0016460418701171875,success
0443C83A9C4C80,2,['Castelvecchio'],San Fermo,"['Museo Storia', 'Museo Radio', 'Casa Giulietta', 'Centro Fotografia', 'Arena']",Santa Anastasia,strategy_nearest,False,0.002666950225830078,success
0443CB3A9C4C80,2,['Museo Lapidario'],Casa Giulietta,"['Centro Fotografia', 'Sighseeing', 'Torre Lamberti', 'Museo Conte', 'Museo Radio']",Torre Lamberti,strategy_nearest,True,0.0031690597534179688,success
0443CE3A9C4C80,0,['Arena'],Castelvecchio,"['Museo Lapidario', 'Verona Tour', 'Museo Radio', 'San Zeno', 'Sighseeing']",Casa Giulietta,strategy_nearest,False,0.0031633377075195312,success
0443D63A9C4C80,2,['San Fermo'],Casa Giulietta,"['Centro Fotografia', 'Sighseeing', 'Torre Lamberti', 'Museo Conte', 'Museo Radio']",Santa Anastasia,strategy_nearest,False,0.0024042129516601562,success
0443D0429C4C80,0,"['Castelvecchio', 'Tomba Giulietta']",Arena,"['Verona Tour', 'Museo Lapidario', 'Museo Radio', 'San Fermo', 'Casa Giulietta']",Casa Giulietta,strategy_nearest,True,0.002978086471557617,success
0443D6429C4C80,3,"['Arena', 'Castelvecchio', 'Duomo']",Santa Anastasia,"['AMO', 'Museo Conte', 'Palazzo della Ragione', 'Teatro Romano', 'Centro Fotografia']",Giardino Giusti,strategy_nearest,False,0.002418041229248047,success
0443E63A9C4C80,0,['Arena'],Casa Giulietta,"['Centro Fotografia', 'Sighseeing', 'Torre Lamberti', 'Museo Conte', 'Museo Radio']",Torre Lamberti,strategy_nearest,True,0.002460002899169922,success
0443ED429C4C80,3,"['Arena', 'Casa Giulietta', 'Torre Lamberti']",Santa Anastasia,"['AMO', 'Museo Conte', 'Palazzo della Ragione', 'Teatro Romano', 'Centro Fotografia']",Castelvecchio,strategy_nearest,False,0.0025408267974853516,success
0443F0429C4C80,3,"['Arena', 'San Zeno', 'Castelvecchio', 'Casa Giulietta']",Tomba Giulietta,"['San Fermo', 'Museo Storia', 'Museo Lapidario', 'Museo Radio', 'Verona Tour']",Museo Lapidario,strategy_nearest,True,0.002570629119873047,success
0443FA429C4C80,0,"['Arena', 'San Zeno']",Tomba Giulietta,"['San Fermo', 'Museo Storia', 'Museo Lapidario', 'Museo Radio', 'Verona Tour']",San Fermo,strategy_nearest,True,0.002295255661010742,success
04442A429C4C80,0,['Arena'],Casa Giulietta,"['Centro Fotografia', 'Sighseeing', 'Torre Lamberti', 'Museo Conte', 'Museo Radio']",Tomba Giulietta,strategy_nearest,False,0.003255128860473633,success
04442E429C4C80,2,['Torre Lamberti'],Casa Giulietta,"['Centro Fotografia', 'Sighseeing', 'Museo Conte', 'Museo Radio', 'Palazzo della Ragione']",Giardino Giusti,strategy_nearest,False,0.002084970474243164,success
044434429C4C80,3,"['Arena', 'Casa Giulietta', 'Torre Lamberti']",Tomba Giulietta,"['San Fermo', 'Museo Storia', 'Museo Lapidario', 'Museo Radio', 'Verona Tour']",Santa Anastasia,strategy_nearest,False,0.0025148391723632812,success
04443D429C4C80,3,"['Arena', 'Casa Giulietta', 'Tomba Giulietta', 'San Fermo']",Museo Lapidario,"['Verona Tour', 'Castelvecchio', 'Museo Radio', 'Sighseeing', 'Torre Lamberti']",Castelvecchio,strategy_nearest,True,0.0024640560150146484,success
044440429C4C80,2,"['Santa Anastasia', 'Duomo']",Casa Giulietta,"['Centro Fotografia', 'Sighseeing', 'Torre Lamberti', 'Museo Conte', 'Museo Radio']",Torre Lamberti,strategy_nearest,True,0.0016200542449951172,success
0444413A9C4C80,1,"['Duomo', 'Teatro Romano', 'Castelvecchio']",San Fermo,"['Museo Storia', 'Museo Radio', 'Casa Giulietta', 'Centro Fotografia', 'Arena']",Arena,strategy_nearest,True,0.0032351016998291016,success
044457429C4C80,1,"['Casa Giulietta', 'Arena']",Torre Lamberti,"['Sighseeing', 'Centro Fotografia', 'Museo Conte', 'Palazzo della Ragione', 'AMO']",Palazzo della Ragione,strategy_nearest,True,0.0024919509887695312,success
04446F3A9C4C80,0,['Arena'],Castelvecchio,"['Museo Lapidario', 'Verona Tour', 'Museo Radio', 'San Zeno', 'Sighseeing']",Giardino Giusti,strategy_nearest,False,0.00327301025390625,success
04447F429C4C80,0,['Casa Giulietta'],Torre Lamberti,"['Sighseeing', 'Centro Fotografia', 'Museo Conte', 'Palazzo della Ragione', 'AMO']",Tomba Giulietta,strategy_nearest,False,0.0025451183319091797,success
044478429C4C80,3,"['Casa Giulietta', 'Teatro Romano', 'Duomo']",Torre Lamberti,"['Sighseeing', 'Centro Fotografia', 'Museo Conte', 'Palazzo della Ragione', 'AMO']",San Fermo,strategy_nearest,False,0.0018291473388671875,success
044476429C4C80,2,['Casa Giulietta'],Torre Lamberti,"['Sighseeing', 'Centro Fotografia', 'Museo Conte', 'Palazzo della Ragione', 'AMO']",Santa Anastasia,strategy_nearest,False,0.003366231918334961,success
0444843A9C4C80,3,['Arena'],Torre Lamberti,"['Sighseeing', 'Centro Fotografia', 'Museo Conte', 'Casa Giulietta', 'Palazzo della Ragione']",Santa Anastasia,strategy_nearest,False,0.002379179000854492,success
04448C3A9C4C80,3,"['Arena', 'Castelvecchio']",San Zeno,"['Verona Tour', 'Museo Lapidario', 'Museo Miniscalchi', 'Sighseeing', 'Museo Radio']",Torre Lamberti,strategy_nearest,False,0.0029230117797851562,success
044486429C4C80,1,"['Arena', 'Duomo']",Teatro Romano,"['Santa Anastasia', 'AMO', 'Palazzo della Ragione', 'Museo Conte', 'Centro Fotografia']",Santa Anastasia,strategy_nearest,True,0.0031058788299560547,success
044490429C4C80,3,"['Torre Lamberti', 'Teatro Romano']",Santa Anastasia,"['AMO', 'Museo Conte', 'Palazzo della Ragione', 'Centro Fotografia', 'Duomo']",Casa Giulietta,strategy_nearest,False,0.003498077392578125,success
0444904A9C4C80,0,['Arena'],Castelvecchio,"['Museo Lapidario', 'Verona Tour', 'Museo Radio', 'San Zeno', 'Sighseeing']",Casa Giulietta,strategy_nearest,False,0.0036361217498779297,success
04449B4A9C4C80,0,['Arena'],Castelvecchio,"['Museo Lapidario', 'Verona Tour', 'Museo Radio', 'San Zeno', 'Sighseeing']",Casa Giulietta,strategy_nearest,False,0.0028429031372070312,success
04449C429C4C80,0,['Arena'],Torre Lamberti,"['Sighseeing', 'Centro Fotografia', 'Museo Conte', 'Casa Giulietta', 'Palazzo della Ragione']",Casa Giulietta,strategy_nearest,True,0.0040340423583984375,success
0444A0429C4C80,1,"['Palazzo della Ragione', 'Torre Lamberti', 'Santa Anastasia']",Teatro Romano,"['Duomo', 'AMO', 'Museo Conte', 'Centro Fotografia', 'Museo Miniscalchi']",Casa Giulietta,strategy_nearest,False,0.0014150142669677734,success
0444A9429C4C80,0,['Arena'],Casa Giulietta,"['Centro Fotografia', 'Sighseeing', 'Torre Lamberti', 'Museo Conte', 'Museo Radio']",Santa Anastasia,strategy_nearest,False,0.002560853958129883,success
0444A94A9C4C80,1,"['Arena', 'Torre Lamberti']",Palazzo della Ragione,"['AMO', 'Museo Conte', 'Centro Fotografia', 'Sighseeing', 'Santa Anastasia']",Casa Giulietta,strategy_nearest,False,0.0027098655700683594,success
0444AD3A9C4C80,2,"['Castelvecchio', 'Torre Lamberti']",Santa Anastasia,"['AMO', 'Museo Conte', 'Palazzo della Ragione', 'Teatro Romano', 'Centro Fotografia']",Duomo,strategy_nearest,False,0.0026307106018066406,success
0444B5429C4C80,2,"['Teatro Romano', 'Duomo', 'Santa Anastasia']",Castelvecchio,"['Museo Lapidario', 'Verona Tour', 'Arena', 'Museo Radio', 'San Zeno']",San Fermo,strategy_nearest,False,0.0033719539642333984,success
0444AA429C4C80,3,['Arena'],Teatro Romano,"['Santa Anastasia', 'Duomo', 'AMO', 'Palazzo della Ragione', 'Museo Conte']",Santa Anastasia,strategy_nearest,True,0.0014488697052001953,success
0444D83A9C4C80,2,"['Casa Giulietta', 'Casa Giulietta', 'Torre Lamberti']",Palazzo della Ragione,"['AMO', 'Museo Conte', 'Centro Fotografia', 'Sighseeing', 'Santa Anastasia']",Tomba Giulietta,strategy_nearest,False,0.003237009048461914,success
0444CA3A9C4C80,2,['Casa Giulietta'],Torre Lamberti,"['Sighseeing', 'Centro Fotografia', 'Museo Conte', 'Palazzo della Ragione', 'AMO']",Tomba Giulietta,strategy_nearest,False,0.002176046371459961,success
0444D93A9C4C80,3,"['Santa Anastasia', 'Duomo']",Teatro Romano,"['AMO', 'Palazzo della Ragione', 'Museo Conte', 'Centro Fotografia', 'Museo Miniscalchi']",Arena,strategy_nearest,False,0.002610921859741211,success
0444C53A9C4C80,3,['Arena'],Casa Giulietta,"['Centro Fotografia', 'Sighseeing', 'Torre Lamberti', 'Museo Conte', 'Museo Radio']",Santa Anastasia,strategy_nearest,False,0.002838134765625,success
0444DB3A9C4C80,3,"['Casa Giulietta', 'Casa Giulietta', 'Torre Lamberti']",Arena,"['Verona Tour', 'Museo Lapidario', 'Museo Radio', 'San Fermo', 'Sighseeing']",Arena,strategy_nearest,False,0.001627206802368164,success
0444F0429C4C80,3,"['Castelvecchio', 'Arena', 'Casa Giulietta']",Tomba Giulietta,"['San Fermo', 'Museo Storia', 'Museo Lapidario', 'Museo Radio', 'Verona Tour']",Torre Lamberti,strategy_nearest,False,0.002006053924560547,success
0444E9429C4C80,3,"['Castelvecchio', 'Giardino Giusti']",Torre Lamberti,"['Sighseeing', 'Centro Fotografia', 'Museo Conte', 'Casa Giulietta', 'Palazzo della Ragione']",Arena,strategy_nearest,False,0.0035898685455322266,success
0444DD429C4C80,1,"['Palazzo della Ragione', 'Santa Anastasia', 'Casa Giulietta']",Castelvecchio,"['Museo Lapidario', 'Verona Tour', 'Arena', 'Museo Radio', 'San Zeno']",Arena,strategy_nearest,True,0.0027608871459960938,success
0444F43A9C4C80,2,['Torre Lamberti'],Santa Anastasia,"['AMO', 'Museo Conte', 'Palazzo della Ragione', 'Teatro Romano', 'Centro Fotografia']",Duomo,strategy_nearest,False,0.0016481876373291016,success
0444F13A9C4C80,0,['Arena'],Teatro Romano,"['Santa Anastasia', 'Duomo', 'AMO', 'Palazzo della Ragione', 'Museo Conte']",Giardino Giusti,strategy_nearest,False,0.0018832683563232422,success
04450C3A9C4C84,3,"['Arena', 'San Fermo']",Casa Giulietta,"['Centro Fotografia', 'Sighseeing', 'Torre Lamberti', 'Museo Conte', 'Museo Radio']",Torre Lamberti,strategy_nearest,True,0.002416849136352539,success
04452A429C4C80,2,"['Torre Lamberti', 'Santa Anastasia']",Duomo,"['AMO', 'Museo Miniscalchi', 'Teatro Romano', 'Palazzo della Ragione', 'Museo Conte']",Castelvecchio,strategy_nearest,False,0.0026350021362304688,success
044510429C4C84,1,"['Arena', 'Casa Giulietta', 'San Fermo', 'Palazzo della Ragione']",Castelvecchio,"['Museo Lapidario', 'Verona Tour', 'Museo Radio', 'San Zeno', 'Sighseeing']",Santa Anastasia,strategy_nearest,False,0.0024199485778808594,success
04452D429C4C80,0,['Arena'],San Fermo,"['Museo Storia', 'Museo Radio', 'Casa Giulietta', 'Centro Fotografia', 'Sighseeing']",Tomba Giulietta,strategy_nearest,False,0.0026497840881347656,success
04452F3A9C4C80,3,['Arena'],Santa Anastasia,"['AMO', 'Museo Conte', 'Palazzo della Ragione', 'Teatro Romano', 'Centro Fotografia']",Duomo,strategy_nearest,False,0.004282712936401367,success
044533429C4C80,1,['Arena'],Torre Lamberti,"['Sighseeing', 'Centro Fotografia', 'Museo Conte', 'Casa Giulietta', 'Palazzo della Ragione']",Palazzo della Ragione,strategy_nearest,True,0.0018658638000488281,success
0445323A9C4C80,3,"['Arena', 'Casa Giulietta']",Duomo,"['AMO', 'Museo Miniscalchi', 'Santa Anastasia', 'Teatro Romano', 'Palazzo della Ragione']",Torre Lamberti,strategy_nearest,False,0.0032842159271240234,success
04453C429C4C80,0,"['Arena', 'San Fermo']",Casa Giulietta,"['Centro Fotografia', 'Sighseeing', 'Torre Lamberti', 'Museo Conte', 'Museo Radio']",Museo Storia,strategy_nearest,False,0.0023140907287597656,success
04455A3A9C4C80,3,"['Arena', 'Museo Lapidario', 'Casa Giulietta', 'Teatro Romano']",Castelvecchio,"['Verona Tour', 'Museo Radio', 'San Zeno', 'Sighseeing', 'Museo Miniscalchi']",Tomba Giulietta,strategy_nearest,False,0.0020160675048828125,success
04454B3A9C4C80,0,['Arena'],Torre Lamberti,"['Sighseeing', 'Centro Fotografia', 'Museo Conte', 'Casa Giulietta', 'Palazzo della Ragione']",Casa Giulietta,strategy_nearest,True,0.004071712493896484,success
04454D3A9C4C80,0,"['Arena', 'Casa Giulietta']",Teatro Romano,"['Santa Anastasia', 'Duomo', 'AMO', 'Palazzo della Ragione', 'Museo Conte']",Duomo,strategy_nearest,True,0.002744913101196289,success
044576429C4C80,3,"['Casa Giulietta', 'Santa Anastasia']",Teatro Romano,"['Duomo', 'AMO', 'Palazzo della Ragione', 'Museo Conte', 'Centro Fotografia']",Tomba Giulietta,strategy_nearest,False,0.003843069076538086,success
04457B4A9C4C80,2,['Castelvecchio'],Casa Giulietta,"['Centro Fotografia', 'Sighseeing', 'Torre Lamberti', 'Museo Conte', 'Museo Radio']",Teatro Romano,strategy_nearest,False,0.0018701553344726562,success
044584429C4C80,0,['Arena'],Torre Lamberti,"['Sighseeing', 'Centro Fotografia', 'Museo Conte', 'Casa Giulietta', 'Palazzo della Ragione']",San Zeno,strategy_nearest,False,0.0026559829711914062,success
0445813A9C4C80,3,"['Arena', 'Tomba Giulietta']",Duomo,"['AMO', 'Museo Miniscalchi', 'Santa Anastasia', 'Teatro Romano', 'Palazzo della Ragione']",Santa Anastasia,strategy_nearest,True,0.0033478736877441406,success
04458F4A9C4C80,0,['Arena'],Casa Giulietta,"['Centro Fotografia', 'Sighseeing', 'Torre Lamberti', 'Museo Conte', 'Museo Radio']",Torre Lamberti,strategy_nearest,True,0.0026121139526367188,success
0445904A9C4C80,0,['Arena'],Castelvecchio,"['Museo Lapidario', 'Verona Tour', 'Museo Radio', 'San Zeno', 'Sighseeing']",Torre Lamberti,strategy_nearest,False,0.0025222301483154297,success
044587429C4C80,3,['Arena'],Torre Lamberti,"['Sighseeing', 'Centro Fotografia', 'Museo Conte', 'Casa Giulietta', 'Palazzo della Ragione']",Torre Lamberti,strategy_nearest,False,0.002633810043334961,success
0445954A9C4C80,0,"['Tomba Giulietta', 'Teatro Romano']",Torre Lamberti,"['Sighseeing', 'Centro Fotografia', 'Museo Conte', 'Casa Giulietta', 'Palazzo della Ragione']",Casa Giulietta,strategy_nearest,True,0.003396272659301758,success
044598429C4C80,0,"['Arena', 'Museo Lapidario', 'Castelvecchio']",Torre Lamberti,"['Sighseeing', 'Centro Fotografia', 'Museo Conte', 'Casa Giulietta', 'Palazzo della Ragione']",Casa Giulietta,strategy_nearest,True,0.0025920867919921875,success
0445A74A9C4C80,0,['Arena'],Torre Lamberti,"['Sighseeing', 'Centro Fotografia', 'Museo Conte', 'Casa Giulietta', 'Palazzo della Ragione']",Casa Giulietta,strategy_nearest,True,0.0027039051055908203,success
0445A83A9C4C80,3,"['Arena', 'Casa Giulietta']",Torre Lamberti,"['Sighseeing', 'Centro Fotografia', 'Museo Conte', 'Palazzo della Ragione', 'AMO']",Duomo,strategy_nearest,False,0.003099203109741211,success
0445AC3A9C4C80,3,"['Teatro Romano', 'Duomo', 'Santa Anastasia']",Torre Lamberti,"['Sighseeing', 'Centro Fotografia', 'Museo Conte', 'Casa Giulietta', 'Palazzo della Ragione']",Casa Giulietta,strategy_nearest,True,0.004117012023925781,success
0445B0429C4C80,3,"['Arena', 'Casa Giulietta', 'Santa Anastasia', 'Duomo']",Teatro Romano,"['AMO', 'Palazzo della Ragione', 'Museo Conte', 'Centro Fotografia', 'Museo Miniscalchi']",Torre Lamberti,strategy_nearest,False,0.004016876220703125,success
0445C83A9C4C80,2,"['Tomba Giulietta', 'San Zeno']",Castelvecchio,"['Museo Lapidario', 'Verona Tour', 'Arena', 'Museo Radio', 'Sighseeing']",Teatro Romano,strategy_nearest,False,0.002583026885986328,success
0445C2429C4C80,0,['Arena'],Torre Lamberti,"['Sighseeing', 'Centro Fotografia', 'Museo Conte', 'Casa Giulietta', 'Palazzo della Ragione']",Casa Giulietta,strategy_nearest,True,0.001329183578491211,success
0445CA3A9C4C80,3,['Santa Anastasia'],Duomo,"['AMO', 'Museo Miniscalchi', 'Teatro Romano', 'Palazzo della Ragione', 'Museo Conte']",Casa Giulietta,strategy_nearest,False,0.002544879913330078,success
0445D4429C4C80,3,"['Museo Lapidario', 'Arena', 'San Fermo', 'Casa Giulietta']",Torre Lamberti,"['Sighseeing', 'Centro Fotografia', 'Museo Conte', 'Palazzo della Ragione', 'AMO']",Santa Anastasia,strategy_nearest,False,0.00275421142578125,success
0445E73A9C4C80,3,"['Arena', 'Museo Lapidario', 'Castelvecchio']",Torre Lamberti,"['Sighseeing', 'Centro Fotografia', 'Museo Conte', 'Casa Giulietta', 'Palazzo della Ragione']",Casa Giulietta,strategy_nearest,True,0.002838134765625,success
0445CF3A9C4C80,0,['Tomba Giulietta'],Casa Giulietta,"['Centro Fotografia', 'Sighseeing', 'Torre Lamberti', 'Museo Conte', 'Museo Radio']",Torre Lamberti,strategy_nearest,True,0.0019297599792480469,success
0445D53A9C4C80,2,['Castelvecchio'],Santa Anastasia,"['AMO', 'Museo Conte', 'Palazzo della Ragione', 'Teatro Romano', 'Centro Fotografia']",Duomo,strategy_nearest,False,0.003425121307373047,success
0445F43A9C4C80,0,['Tomba Giulietta'],Giardino Giusti,"['Santa Anastasia', 'Teatro Romano', 'Museo Conte', 'Centro Fotografia', 'Museo Storia']",Arena,strategy_nearest,False,0.0026171207427978516,success
0445F83A9C4C80,3,"['Casa Giulietta', 'Torre Lamberti']",Arena,"['Verona Tour', 'Museo Lapidario', 'Museo Radio', 'San Fermo', 'Sighseeing']",Teatro Romano,strategy_nearest,False,0.0014138221740722656,success
0445F23A9C4C80,3,"['Arena', 'Museo Lapidario', 'Casa Giulietta']",Santa Anastasia,"['AMO', 'Museo Conte', 'Palazzo della Ragione', 'Teatro Romano', 'Centro Fotografia']",Teatro Romano,strategy_nearest,True,0.0021178722381591797,success
0445EF3A9C4C80,3,['Arena'],Casa Giulietta,"['Centro Fotografia', 'Sighseeing', 'Torre Lamberti', 'Museo Conte', 'Museo Radio']",Santa Anastasia,strategy_nearest,False,0.0033850669860839844,success
044601429C4C84,1,"['Arena', 'San Fermo', 'Casa Giulietta', 'Teatro Romano']",Torre Lamberti,"['Sighseeing', 'Centro Fotografia', 'Museo Conte', 'Palazzo della Ragione', 'AMO']",Palazzo della Ragione,strategy_nearest,True,0.0033638477325439453,success
0446254A9C4C80,3,"['Castelvecchio', 'Arena', 'Casa Giulietta']",Duomo,"['AMO', 'Museo Miniscalchi', 'Santa Anastasia', 'Teatro Romano', 'Palazzo della Ragione']",Giardino Giusti,strategy_nearest,False,0.002003192901611328,success
0445F93A9C4C80,3,"['Casa Giulietta', 'Torre Lamberti']",Arena,"['Verona Tour', 'Museo Lapidario', 'Museo Radio', 'San Fermo', 'Sighseeing']",Santa Anastasia,strategy_nearest,False,0.0028181076049804688,success
044611429C4C84,0,['Arena'],Casa Giulietta,"['Centro Fotografia', 'Sighseeing', 'Torre Lamberti', 'Museo Conte', 'Museo Radio']",Torre Lamberti,strategy_nearest,True,0.00156402587890625,success
0446274A9C4C80,2,"['Duomo', 'Castelvecchio']",Torre Lamberti,"['Sighseeing', 'Centro Fotografia', 'Museo Conte', 'Casa Giulietta', 'Palazzo della Ragione']",Palazzo della Ragione,strategy_nearest,True,0.0014541149139404297,success
044636429C4C80,3,"['San Zeno', 'Castelvecchio', 'Arena']",Museo Lapidario,"['Verona Tour', 'Museo Radio', 'San Fermo', 'Casa Giulietta', 'Tomba Giulietta']",Casa Giulietta,strategy_nearest,True,0.0019578933715820312,success
04462E429C4C80,2,['Casa Giulietta'],Santa Anastasia,"['AMO', 'Museo Conte', 'Palazzo della Ragione', 'Teatro Romano', 'Centro Fotografia']",Castelvecchio,strategy_nearest,False,0.0028350353240966797,success
044638429C4C80,0,['Castelvecchio'],Santa Anastasia,"['AMO', 'Museo Conte', 'Palazzo della Ragione', 'Teatro Romano', 'Centro Fotografia']",Arena,strategy_nearest,False,0.003348827362060547,success
04463A429C4C80,3,"['Santa Anastasia', 'San Fermo']",Tomba Giulietta,"['Museo Storia', 'Arena', 'Museo Lapidario', 'Museo Radio', 'Verona Tour']",Arena,strategy_nearest,True,0.0030362606048583984,success
04463C3A9C4C80,2,"['Casa Giulietta', 'San Fermo']",Santa Anastasia,"['AMO', 'Museo Conte', 'Palazzo della Ragione', 'Teatro Romano', 'Centro Fotografia']",Castelvecchio,strategy_nearest,False,0.0023920536041259766,success
04463C429C4C80,2,"['Castelvecchio', 'Torre Lamberti']",Palazzo della Ragione,"['AMO', 'Museo Conte', 'Centro Fotografia', 'Sighseeing', 'Santa Anastasia']",Casa Giulietta,strategy_nearest,False,0.00279998779296875,success
0446463A9C4C80,3,"['Duomo', 'Teatro Romano']",Castelvecchio,"['Museo Lapidario', 'Verona Tour', 'Arena', 'Museo Radio', 'San Zeno']",Arena,strategy_nearest,True,0.003154277801513672,success
044676429C4C80,0,['Arena'],Castelvecchio,"['Museo Lapidario', 'Verona Tour', 'Museo Radio', 'San Zeno', 'Sighseeing']",Casa Giulietta,strategy_nearest,False,0.0026960372924804688,success
04466F3A9C4C80,2,['Duomo'],Santa Anastasia,"['AMO', 'Museo Conte', 'Palazzo della Ragione', 'Teatro Romano', 'Centro Fotografia']",San Zeno,strategy_nearest,False,0.003473043441772461,success
044678429C4C80,3,['Arena'],Torre Lamberti,"['Sighseeing', 'Centro Fotografia', 'Museo Conte', 'Casa Giulietta', 'Palazzo della Ragione']",Santa Anastasia,strategy_nearest,False,0.003326892852783203,success
04466F429C4C80,0,['Arena'],Casa Giulietta,"['Centro Fotografia', 'Sighseeing', 'Torre Lamberti', 'Museo Conte', 'Museo Radio']",Santa Anastasia,strategy_nearest,False,0.0026581287384033203,success
04467F3A9C4C80,0,['Arena'],Torre Lamberti,"['Sighseeing', 'Centro Fotografia', 'Museo Conte', 'Casa Giulietta', 'Palazzo della Ragione']",Casa Giulietta,strategy_nearest,True,0.0014832019805908203,success
04467B4A9C4C80,2,['Castelvecchio'],Casa Giulietta,"['Centro Fotografia', 'Sighseeing', 'Torre Lamberti', 'Museo Conte', 'Museo Radio']",Teatro Romano,strategy_nearest,False,0.002753734588623047,success
044679429C4C80,0,['Arena'],Museo Lapidario,"['Verona Tour', 'Castelvecchio', 'Museo Radio', 'San Fermo', 'Casa Giulietta']",Castelvecchio,strategy_nearest,True,0.0028400421142578125,success
0446813A9C4C80,3,['Arena'],Torre Lamberti,"['Sighseeing', 'Centro Fotografia', 'Museo Conte', 'Casa Giulietta', 'Palazzo della Ragione']",Santa Anastasia,strategy_nearest,False,0.0034189224243164062,success
044686429C4C80,0,['Arena'],Torre Lamberti,"['Sighseeing', 'Centro Fotografia', 'Museo Conte', 'Casa Giulietta', 'Palazzo della Ragione']",Casa Giulietta,strategy_nearest,True,0.002004861831665039,success
0446904A9C4C80,0,['Arena'],Tomba Giulietta,"['San Fermo', 'Museo Storia', 'Museo Lapidario', 'Museo Radio', 'Verona Tour']",San Fermo,strategy_nearest,True,0.003156900405883789,success
0446874A9C4C80,3,['Arena'],Torre Lamberti,"['Sighseeing', 'Centro Fotografia', 'Museo Conte', 'Casa Giulietta', 'Palazzo della Ragione']",Santa Anastasia,strategy_nearest,False,0.0025751590728759766,success
0446914A9C4C80,3,['Arena'],Torre Lamberti,"['Sighseeing', 'Centro Fotografia', 'Museo Conte', 'Casa Giulietta', 'Palazzo della Ragione']",Santa Anastasia,strategy_nearest,False,0.003083944320678711,success
04469C4A9C4C80,0,['Arena'],Museo Lapidario,"['Verona Tour', 'Castelvecchio', 'Museo Radio', 'San Fermo', 'Casa Giulietta']",Santa Anastasia,strategy_nearest,False,0.001809835433959961,success
04469A4A9C4C80,3,"['Arena', 'San Zeno', 'Castelvecchio']",Casa Giulietta,"['Centro Fotografia', 'Sighseeing', 'Torre Lamberti', 'Museo Conte', 'Museo Radio']",Santa Anastasia,strategy_nearest,False,0.003414630889892578,success
0446A04A9C4C80,3,"['Arena', 'Casa Giulietta']",Torre Lamberti,"['Sighseeing', 'Centro Fotografia', 'Museo Conte', 'Palazzo della Ragione', 'AMO']",Santa Anastasia,strategy_nearest,False,0.0031948089599609375,success
0446A1429C4C80,3,"['Santa Anastasia', 'Torre Lamberti']",Casa Giulietta,"['Centro Fotografia', 'Sighseeing', 'Museo Conte', 'Museo Radio', 'Palazzo della Ragione']",San Fermo,strategy_nearest,False,0.0024209022521972656,success
0446A73A9C4C80,0,['Arena'],Casa Giulietta,"['Centro Fotografia', 'Sighseeing', 'Torre Lamberti', 'Museo Conte', 'Museo Radio']",Torre Lamberti,strategy_nearest,True,0.002521038055419922,success
0446A94A9C4C80,3,"['Torre Lamberti', 'Casa Giulietta', 'Santa Anastasia']",Teatro Romano,"['Duomo', 'AMO', 'Palazzo della Ragione', 'Museo Conte', 'Centro Fotografia']",San Zeno,strategy_nearest,False,0.0033338069915771484,success
0446AC429C4C80,2,['Teatro Romano'],Santa Anastasia,"['AMO', 'Museo Conte', 'Palazzo della Ragione', 'Centro Fotografia', 'Duomo']",Casa Giulietta,strategy_nearest,False,0.0034818649291992188,success
0446AD3A9C4C80,3,['Arena'],Casa Giulietta,"['Centro Fotografia', 'Sighseeing', 'Torre Lamberti', 'Museo Conte', 'Museo Radio']",Santa Anastasia,strategy_nearest,False,0.002353191375732422,success
0446BE429C4C80,2,['Casa Giulietta'],Palazzo della Ragione,"['AMO', 'Museo Conte', 'Torre Lamberti', 'Centro Fotografia', 'Sighseeing']",Torre Lamberti,strategy_nearest,True,0.002933025360107422,success
0446C83A9C4C80,0,"['Tomba Giulietta', 'Teatro Romano']",Torre Lamberti,"['Sighseeing', 'Centro Fotografia', 'Museo Conte', 'Casa Giulietta', 'Palazzo della Ragione']",Casa Giulietta,strategy_nearest,True,0.0032858848571777344,success
0446CD3A9C4C80,3,"['Casa Giulietta', 'Torre Lamberti', 'Santa Anastasia']",Duomo,"['AMO', 'Museo Miniscalchi', 'Teatro Romano', 'Palazzo della Ragione', 'Museo Conte']",Castelvecchio,strategy_nearest,False,0.0025300979614257812,success
0446F53A9C4C80,0,['Casa Giulietta'],Torre Lamberti,"['Sighseeing', 'Centro Fotografia', 'Museo Conte', 'Palazzo della Ragione', 'AMO']",Teatro Romano,strategy_nearest,False,0.003320932388305664,success
0446F73A9C4C80,3,['Arena'],Castelvecchio,"['Museo Lapidario', 'Verona Tour', 'Museo Radio', 'San Zeno', 'Sighseeing']",Santa Anastasia,strategy_nearest,False,0.0024290084838867188,success
0446F63A9C4C80,3,"['Casa Giulietta', 'Arena']",Torre Lamberti,"['Sighseeing', 'Centro Fotografia', 'Museo Conte', 'Palazzo della Ragione', 'AMO']",Santa Anastasia,strategy_nearest,False,0.0034711360931396484,success
0447073A9C4C84,3,"['Casa Giulietta', 'Arena', 'Museo Lapidario']",Torre Lamberti,"['Sighseeing', 'Centro Fotografia', 'Museo Conte', 'Palazzo della Ragione', 'AMO']",Tomba Giulietta,strategy_nearest,False,0.002924203872680664,success
04470D3A9C4C84,0,['Arena'],Casa Giulietta,"['Centro Fotografia', 'Sighseeing', 'Torre Lamberti', 'Museo Conte', 'Museo Radio']",Castelvecchio,strategy_nearest,False,0.002741098403930664,success
044723429C4C80,3,"['Casa Giulietta', 'Torre Lamberti', 'Arena']",Teatro Romano,"['Santa Anastasia', 'Duomo', 'AMO', 'Palazzo della Ragione', 'Museo Conte']",Castelvecchio,strategy_nearest,False,0.0032508373260498047,success
04470F3A9C4C84,3,['Arena'],Casa Giulietta,"['Centro Fotografia', 'Sighseeing', 'Torre Lamberti', 'Museo Conte', 'Museo Radio']",Santa Anastasia,strategy_nearest,False,0.0021152496337890625,success
0447343A9C4C80,3,"['Arena', 'Teatro Romano']",Santa Anastasia,"['AMO', 'Museo Conte', 'Palazzo della Ragione', 'Centro Fotografia', 'Duomo']",Duomo,strategy_nearest,True,0.002607107162475586,success
04476F429C4C80,3,"['Castelvecchio', 'Arena']",Torre Lamberti,"['Sighseeing', 'Centro Fotografia', 'Museo Conte', 'Casa Giulietta', 'Palazzo della Ragione']",San Fermo,strategy_nearest,False,0.0021228790283203125,success
044736429C4C80,2,['Santa Anastasia'],Torre Lamberti,"['Sighseeing', 'Centro Fotografia', 'Museo Conte', 'Casa Giulietta', 'Palazzo della Ragione']",Casa Giulietta,strategy_nearest,True,0.003960132598876953,success
0447743A9C4C80,2,['Casa Giulietta'],Torre Lamberti,"['Sighseeing', 'Centro Fotografia', 'Museo Conte', 'Palazzo della Ragione', 'AMO']",Duomo,strategy_nearest,False,0.003136873245239258,success
04473A429C4C80,1,"['Arena', 'Torre Lamberti', 'Palazzo della Ragione', 'Teatro Romano']",Duomo,"['AMO', 'Museo Miniscalchi', 'Santa Anastasia', 'Museo Conte', 'Centro Fotografia']",Santa Anastasia,strategy_nearest,True,0.001566171646118164,success
044776429C4C80,1,"['Arena', 'Casa Giulietta']",Palazzo della Ragione,"['AMO', 'Museo Conte', 'Torre Lamberti', 'Centro Fotografia', 'Sighseeing']",Torre Lamberti,strategy_nearest,True,0.0022881031036376953,success
04477B429C4C80,0,['Arena'],Torre Lamberti,"['Sighseeing', 'Centro Fotografia', 'Museo Conte', 'Casa Giulietta', 'Palazzo della Ragione']",Castelvecchio,strategy_nearest,False,0.002919912338256836,success
044774429C4C80,3,"['Arena', 'Torre Lamberti']",Torre Lamberti,"['Sighseeing', 'Centro Fotografia', 'Museo Conte', 'Casa Giulietta', 'Palazzo della Ragione']",Duomo,strategy_nearest,False,0.0015888214111328125,success
04477B4A9C4C80,2,"['Tomba Giulietta', 'Castelvecchio', 'Torre Lamberti']",Santa Anastasia,"['AMO', 'Museo Conte', 'Palazzo della Ragione', 'Teatro Romano', 'Centro Fotografia']",Duomo,strategy_nearest,False,0.0032300949096679688,success
04477C4A9C4C80,0,['Arena'],Casa Giulietta,"['Centro Fotografia', 'Sighseeing', 'Torre Lamberti', 'Museo Conte', 'Museo Radio']",Torre Lamberti,strategy_nearest,True,0.0034999847412109375,success
0447813A9C4C80,3,['Arena'],Torre Lamberti,"['Sighseeing', 'Centro Fotografia', 'Museo Conte', 'Casa Giulietta', 'Palazzo della Ragione']",Santa Anastasia,strategy_nearest,False,0.0019888877868652344,success
044780429C4C80,0,['Casa Giulietta'],Arena,"['Verona Tour', 'Museo Lapidario', 'Museo Radio', 'San Fermo', 'Sighseeing']",Castelvecchio,strategy_nearest,False,0.0016450881958007812,success
0447803A9C4C80,3,['Arena'],Duomo,"['AMO', 'Museo Miniscalchi', 'Santa Anastasia', 'Teatro Romano', 'Palazzo della Ragione']",Santa Anastasia,strategy_nearest,True,0.00350189208984375,success
0447823A9C4C80,3,"['Arena', 'Torre Lamberti', 'Santa Anastasia']",Duomo,"['AMO', 'Museo Miniscalchi', 'Teatro Romano', 'Palazzo della Ragione', 'Museo Conte']",Casa Giulietta,strategy_nearest,False,0.0028989315032958984,success
044787429C4C80,3,"['Arena', 'Casa Giulietta', 'Torre Lamberti', 'Santa Anastasia']",Duomo,"['AMO', 'Museo Miniscalchi', 'Teatro Romano', 'Palazzo della Ragione', 'Museo Conte']",Teatro Romano,strategy_nearest,True,0.004119157791137695,success
04478C4A9C4C80,3,"['Arena', 'Casa Giulietta']",San Fermo,"['Museo Storia', 'Museo Radio', 'Centro Fotografia', 'Sighseeing', 'Torre Lamberti']",Santa Anastasia,strategy_nearest,False,0.0030469894409179688,success
044781429C4C80,2,['Casa Giulietta'],Castelvecchio,"['Museo Lapidario', 'Verona Tour', 'Arena', 'Museo Radio', 'San Zeno']",Tomba Giulietta,strategy_nearest,False,0.002233743667602539,success
0447914A9C4C80,3,['Arena'],Santa Anastasia,"['AMO', 'Museo Conte', 'Palazzo della Ragione', 'Teatro Romano', 'Centro Fotografia']",Teatro Romano,strategy_nearest,True,0.0022840499877929688,success
0447934A9C4C80,3,"['Castelvecchio', 'Arena', 'Torre Lamberti']",Casa Giulietta,"['Centro Fotografia', 'Sighseeing', 'Museo Conte', 'Museo Radio', 'Palazzo della Ragione']",Santa Anastasia,strategy_nearest,False,0.002905130386352539,success
04479A4A9C4C80,2,['Casa Giulietta'],Santa Anastasia,"['AMO', 'Museo Conte', 'Palazzo della Ragione', 'Teatro Romano', 'Centro Fotografia']",Teatro Romano,strategy_nearest,True,0.0033638477325439453,success
04478D429C4C80,0,['Castelvecchio'],Torre Lamberti,"['Sighseeing', 'Centro Fotografia', 'Museo Conte', 'Casa Giulietta', 'Palazzo della Ragione']",Casa Giulietta,strategy_nearest,True,0.0016858577728271484,success
04479D4A9C4C80,3,"['Arena', 'Casa Giulietta']",Torre Lamberti,"['Sighseeing', 'Centro Fotografia', 'Museo Conte', 'Palazzo della Ragione', 'AMO']",Duomo,strategy_nearest,False,0.002789735794067383,success
04479C4A9C4C80,3,"['Arena', 'Casa Giulietta', 'Torre Lamberti']",Santa Anastasia,"['AMO', 'Museo Conte', 'Palazzo della Ragione', 'Teatro Romano', 'Centro Fotografia']",Duomo,strategy_nearest,False,0.004126787185668945,success
0447A93A9C4C80,3,"['Teatro Romano', 'Casa Giulietta']",Santa Anastasia,"['AMO', 'Museo Conte', 'Palazzo della Ragione', 'Centro Fotografia', 'Duomo']",Arena,strategy_nearest,False,0.0025789737701416016,success
0447A73A9C4C80,3,"['Arena', 'Museo Lapidario', 'Castelvecchio']",Torre Lamberti,"['Sighseeing', 'Centro Fotografia', 'Museo Conte', 'Casa Giulietta', 'Palazzo della Ragione']",Casa Giulietta,strategy_nearest,True,0.0013239383697509766,success
0447AF429C4C80,2,"['Santa Anastasia', 'Casa Giulietta']",Torre Lamberti,"['Sighseeing', 'Centro Fotografia', 'Museo Conte', 'Palazzo della Ragione', 'AMO']",Castelvecchio,strategy_nearest,False,0.001961231231689453,success
0447AB4A9C4C80,0,['San Zeno'],Duomo,"['AMO', 'Museo Miniscalchi', 'Santa Anastasia', 'Teatro Romano', 'Palazzo della Ragione']",Castelvecchio,strategy_nearest,False,0.002663135528564453,success
0447AD3A9C4C80,3,"['Arena', 'San Fermo']",Casa Giulietta,"['Centro Fotografia', 'Sighseeing', 'Torre Lamberti', 'Museo Conte', 'Museo Radio']",Duomo,strategy_nearest,False,0.002763986587524414,success
0447B03A9C4C80,1,"['Arena', 'Santa Anastasia', 'Duomo']",Teatro Romano,"['AMO', 'Palazzo della Ragione', 'Museo Conte', 'Centro Fotografia', 'Museo Miniscalchi']",Casa Giulietta,strategy_nearest,False,0.0029938220977783203,success
0447C23A9C4C80,3,"['Casa Giulietta', 'Arena']",San Zeno,"['Castelvecchio', 'Verona Tour', 'Museo Lapidario', 'Museo Miniscalchi', 'Sighseeing']",Castelvecchio,strategy_nearest,True,0.002939939498901367,success
0447C73A9C4C80,3,"['Tomba Giulietta', 'Arena', 'Casa Giulietta']",Torre Lamberti,"['Sighseeing', 'Centro Fotografia', 'Museo Conte', 'Palazzo della Ragione', 'AMO']",Santa Anastasia,strategy_nearest,False,0.002624988555908203,success
0447C83A9C4C80,0,['Arena'],Casa Giulietta,"['Centro Fotografia', 'Sighseeing', 'Torre Lamberti', 'Museo Conte', 'Museo Radio']",Duomo,strategy_nearest,False,0.002019166946411133,success
0447C43A9C4C80,2,['Casa Giulietta'],Santa Anastasia,"['AMO', 'Museo Conte', 'Palazzo della Ragione', 'Teatro Romano', 'Centro Fotografia']",Duomo,strategy_nearest,False,0.004079103469848633,success
0447DA429C4C80,2,"['Castelvecchio', 'Casa Giulietta']",Torre Lamberti,"['Sighseeing', 'Centro Fotografia', 'Museo Conte', 'Palazzo della Ragione', 'AMO']",Santa Anastasia,strategy_nearest,False,0.0026519298553466797,success
0447DC429C4C80,3,"['Castelvecchio', 'Arena']",San Fermo,"['Museo Storia', 'Museo Radio', 'Casa Giulietta', 'Centro Fotografia', 'Sighseeing']",Santa Anastasia,strategy_nearest,False,0.0018973350524902344,success
0447E9429C4C80,2,['Tomba Giulietta'],San Fermo,"['Museo Storia', 'Museo Radio', 'Casa Giulietta', 'Centro Fotografia', 'Arena']",Santa Anastasia,strategy_nearest,False,0.0025060176849365234,success
0447E63A9C4C80,4,"['Casa Giulietta', 'Duomo', 'Santa Anastasia']",Teatro Romano,"['AMO', 'Palazzo della Ragione', 'Museo Conte', 'Centro Fotografia', 'Museo Miniscalchi']",Arena,strategy_nearest,False,0.0035300254821777344,success
0447FA429C4C80,2,"['Santa Anastasia', 'Duomo', 'Teatro Romano']",Museo Storia,"['San Fermo', 'Museo Radio', 'Casa Giulietta', 'Centro Fotografia', 'Tomba Giulietta']",San Zeno,strategy_nearest,False,0.003347158432006836,success
0447F13A9C4C80,3,"['Arena', 'Torre Lamberti']",Santa Anastasia,"['AMO', 'Museo Conte', 'Palazzo della Ragione', 'Teatro Romano', 'Centro Fotografia']",Casa Giulietta,strategy_nearest,False,0.002360105514526367,success
0448013A9C4C84,0,['Arena'],Teatro Romano,"['Santa Anastasia', 'Duomo', 'AMO', 'Palazzo della Ragione', 'Museo Conte']",Duomo,strategy_nearest,True,0.003275156021118164,success
0447FD429C4C80,3,"['Arena', 'San Fermo', 'Casa Giulietta', 'Torre Lamberti']",Santa Anastasia,"['AMO', 'Museo Conte', 'Palazzo della Ragione', 'Teatro Romano', 'Centro Fotografia']",Museo Lapidario,strategy_nearest,False,0.0020570755004882812,success
0448033A9C4C84,3,"['Castelvecchio', 'Arena', 'Casa Giulietta']",Torre Lamberti,"['Sighseeing', 'Centro Fotografia', 'Museo Conte', 'Palazzo della Ragione', 'AMO']",Santa Anastasia,strategy_nearest,False,0.0017430782318115234,success
044808429C4C84,3,"['Casa Giulietta', 'Arena', 'Castelvecchio']",San Zeno,"['Verona Tour', 'Museo Lapidario', 'Museo Miniscalchi', 'Sighseeing', 'Museo Radio']",Duomo,strategy_nearest,False,0.0028722286224365234,success
044811429C4C84,3,"['Arena', 'Museo Lapidario', 'Castelvecchio']",Santa Anastasia,"['AMO', 'Museo Conte', 'Palazzo della Ragione', 'Teatro Romano', 'Centro Fotografia']",Teatro Romano,strategy_nearest,True,0.0016949176788330078,success
04480F429C4C84,3,"['Duomo', 'Teatro Romano']",Arena,"['Verona Tour', 'Museo Lapidario', 'Museo Radio', 'San Fermo', 'Casa Giulietta']",Museo Lapidario,strategy_nearest,True,0.003483295440673828,success
044813429C4C84,3,['Arena'],San Fermo,"['Museo Storia', 'Museo Radio', 'Casa Giulietta', 'Centro Fotografia', 'Sighseeing']",Casa Giulietta,strategy_nearest,True,0.002290010452270508,success
044832429C4C80,3,"['San Zeno', 'Arena']",Torre Lamberti,"['Sighseeing', 'Centro Fotografia', 'Museo Conte', 'Casa Giulietta', 'Palazzo della Ragione']",Santa Anastasia,strategy_nearest,False,0.0019431114196777344,success
04482E3A9C4C80,2,"['Casa Giulietta', 'Torre Lamberti']",Duomo,"['AMO', 'Museo Miniscalchi', 'Santa Anastasia', 'Teatro Romano', 'Palazzo della Ragione']",Teatro Romano,strategy_nearest,True,0.0033240318298339844,success
044841429C4C80,1,"['Arena', 'San Zeno', 'Castelvecchio', 'Torre Lamberti']",Palazzo della Ragione,"['AMO', 'Museo Conte', 'Centro Fotografia', 'Sighseeing', 'Santa Anastasia']",Casa Giulietta,strategy_nearest,False,0.003184080123901367,success
04484B3A9C4C80,3,"['Arena', 'Castelvecchio']",San Zeno,"['Verona Tour', 'Museo Lapidario', 'Museo Miniscalchi', 'Sighseeing', 'Museo Radio']",Teatro Romano,strategy_nearest,False,0.0029549598693847656,success
04484C3A9C4C80,2,['Museo Lapidario'],Duomo,"['AMO', 'Museo Miniscalchi', 'Santa Anastasia', 'Teatro Romano', 'Palazzo della Ragione']",Santa Anastasia,strategy_nearest,True,0.0026738643646240234,success
04486B429C4C80,3,"['Torre Lamberti', 'Casa Giulietta']",Santa Anastasia,"['AMO', 'Museo Conte', 'Palazzo della Ragione', 'Teatro Romano', 'Centro Fotografia']",Arena,strategy_nearest,False,0.0031769275665283203,success
04487A429C4C80,3,"['Torre Lamberti', 'Casa Giulietta']",Santa Anastasia,"['AMO', 'Museo Conte', 'Palazzo della Ragione', 'Teatro Romano', 'Centro Fotografia']",Teatro Romano,strategy_nearest,True,0.004366874694824219,success
04487C3A9C4C80,0,['Arena'],Casa Giulietta,"['Centro Fotografia', 'Sighseeing', 'Torre Lamberti', 'Museo Conte', 'Museo Radio']",Torre Lamberti,strategy_nearest,True,0.0031881332397460938,success
044881429C4C80,0,['Casa Giulietta'],Torre Lamberti,"['Sighseeing', 'Centro Fotografia', 'Museo Conte', 'Palazzo della Ragione', 'AMO']",Arena,strategy_nearest,False,0.0023679733276367188,success
04487B429C4C80,2,"['Torre Lamberti', 'Palazzo della Ragione']",Santa Anastasia,"['AMO', 'Museo Conte', 'Teatro Romano', 'Centro Fotografia', 'Duomo']",Teatro Romano,strategy_nearest,True,0.0025217533111572266,success
044888429C4C80,0,['Arena'],Torre Lamberti,"['Sighseeing', 'Centro Fotografia', 'Museo Conte', 'Casa Giulietta', 'Palazzo della Ragione']",Casa Giulietta,strategy_nearest,True,0.00209808349609375,success
0448924A9C4C80,1,['Torre Lamberti'],Palazzo della Ragione,"['AMO', 'Museo Conte', 'Centro Fotografia', 'Sighseeing', 'Santa Anastasia']",Duomo,strategy_nearest,False,0.002552032470703125,success
04488D3A9C4C80,3,['Arena'],Casa Giulietta,"['Centro Fotografia', 'Sighseeing', 'Torre Lamberti', 'Museo Conte', 'Museo Radio']",Torre Lamberti,strategy_nearest,True,0.0015158653259277344,success
04488F4A9C4C80,3,"['Arena', 'Casa Giulietta']",Torre Lamberti,"['Sighseeing', 'Centro Fotografia', 'Museo Conte', 'Palazzo della Ragione', 'AMO']",Duomo,strategy_nearest,False,0.003342151641845703,success
04489F429C4C80,1,"['Duomo', 'Teatro Romano', 'Castelvecchio']",Palazzo della Ragione,"['AMO', 'Museo Conte', 'Torre Lamberti', 'Centro Fotografia', 'Sighseeing']",Torre Lamberti,strategy_nearest,True,0.002296924591064453,success
0448A1429C4C80,3,"['Arena', 'Tomba Giulietta']",San Fermo,"['Museo Storia', 'Museo Radio', 'Casa Giulietta', 'Centro Fotografia', 'Sighseeing']",Casa Giulietta,strategy_nearest,True,0.003377199172973633,success
0448AC3A9C4C80,2,['Tomba Giulietta'],Casa Giulietta,"['Centro Fotografia', 'Sighseeing', 'Torre Lamberti', 'Museo Conte', 'Museo Radio']",Teatro Romano,strategy_nearest,False,0.002094745635986328,success
0448AA3A9C4C80,2,['Museo Lapidario'],Tomba Giulietta,"['San Fermo', 'Museo Storia', 'Arena', 'Museo Radio', 'Verona Tour']",Casa Giulietta,strategy_nearest,False,0.0027348995208740234,success
0448B2429C4C80,0,['Arena'],Castelvecchio,"['Museo Lapidario', 'Verona Tour', 'Museo Radio', 'San Zeno', 'Sighseeing']",Teatro Romano,strategy_nearest,False,0.002744913101196289,success
0448BE3A9C4C80,2,"['Teatro Romano', 'Duomo']",Torre Lamberti,"['Sighseeing', 'Centro Fotografia', 'Museo Conte', 'Casa Giulietta', 'Palazzo della Ragione']",San Fermo,strategy_nearest,False,0.0021190643310546875,success
0448C13A9C4C80,0,['Arena'],Casa Giulietta,"['Centro Fotografia', 'Sighseeing', 'Torre Lamberti', 'Museo Conte', 'Museo Radio']",Torre Lamberti,strategy_nearest,True,0.0013709068298339844,success
0448B03A9C4C80,3,['Arena'],Santa Anastasia,"['AMO', 'Museo Conte', 'Palazzo della Ragione', 'Teatro Romano', 'Centro Fotografia']",Duomo,strategy_nearest,False,0.0033648014068603516,success
0448C83A9C4C80,0,['Castelvecchio'],Casa Giulietta,"['Centro Fotografia', 'Sighseeing', 'Torre Lamberti', 'Museo Conte', 'Museo Radio']",Santa Anastasia,strategy_nearest,False,0.0021157264709472656,success
0448D23A9C4C80,3,['Arena'],Torre Lamberti,"['Sighseeing', 'Centro Fotografia', 'Museo Conte', 'Casa Giulietta', 'Palazzo della Ragione']",Santa Anastasia,strategy_nearest,False,0.0014388561248779297,success
0448D0429C4C80,3,"['San Fermo', 'Casa Giulietta']",Santa Anastasia,"['AMO', 'Museo Conte', 'Palazzo della Ragione', 'Teatro Romano', 'Centro Fotografia']",Teatro Romano,strategy_nearest,True,0.0026319026947021484,success
0448E53A9C4C80,0,['Arena'],Torre Lamberti,"['Sighseeing', 'Centro Fotografia', 'Museo Conte', 'Casa Giulietta', 'Palazzo della Ragione']",Duomo,strategy_nearest,False,0.0015130043029785156,success
0448D33A9C4C80,1,"['Teatro Romano', 'Santa Anastasia', 'Arena']",Palazzo della Ragione,"['AMO', 'Museo Conte', 'Torre Lamberti', 'Centro Fotografia', 'Sighseeing']",Torre Lamberti,strategy_nearest,True,0.0030503273010253906,success
0448FC3A9C4C80,3,"['Arena', 'Casa Giulietta']",Giardino Giusti,"['Santa Anastasia', 'Teatro Romano', 'Museo Conte', 'Centro Fotografia', 'Museo Storia']",Duomo,strategy_nearest,False,0.002454042434692383,success
0448F83A9C4C80,0,['Casa Giulietta'],Torre Lamberti,"['Sighseeing', 'Centro Fotografia', 'Museo Conte', 'Palazzo della Ragione', 'AMO']",Duomo,strategy_nearest,False,0.0020706653594970703,success
0448F9429C4C80,3,"['Castelvecchio', 'Torre Lamberti', 'Casa Giulietta', 'Arena']",Santa Anastasia,"['AMO', 'Museo Conte', 'Palazzo della Ragione', 'Teatro Romano', 'Centro Fotografia']",Santa Anastasia,strategy_nearest,False,0.0032231807708740234,success
0448ED3A9C4C80,3,"['Tomba Giulietta', 'Arena']",Casa Giulietta,"['Centro Fotografia', 'Sighseeing', 'Torre Lamberti', 'Museo Conte', 'Museo Radio']",Santa Anastasia,strategy_nearest,False,0.002160787582397461,success
044911429C4C84,0,"['Casa Giulietta', 'Arena']",Castelvecchio,"['Museo Lapidario', 'Verona Tour', 'Museo Radio', 'San Zeno', 'Sighseeing']",Teatro Romano,strategy_nearest,False,0.0018901824951171875,success
044907429C4C84,1,"['Casa Giulietta', 'Torre Lamberti', 'Palazzo della Ragione']",Santa Anastasia,"['AMO', 'Museo Conte', 'Teatro Romano', 'Centro Fotografia', 'Duomo']",Arena,strategy_nearest,False,0.0020117759704589844,success
044910429C4C84,3,"['Arena', 'Torre Lamberti']",Casa Giulietta,"['Centro Fotografia', 'Sighseeing', 'Museo Conte', 'Museo Radio', 'Palazzo della Ragione']",Santa Anastasia,strategy_nearest,False,0.0026590824127197266,success
0449143A9C4C84,0,['Arena'],Castelvecchio,"['Museo Lapidario', 'Verona Tour', 'Museo Radio', 'San Zeno', 'Sighseeing']",Duomo,strategy_nearest,False,0.003283977508544922,success
0449364A9C4C80,0,"['Castelvecchio', 'San Fermo']",Arena,"['Verona Tour', 'Museo Lapidario', 'Museo Radio', 'Casa Giulietta', 'Sighseeing']",Museo Lapidario,strategy_nearest,True,0.0034329891204833984,success
04493D429C4C80,0,['Arena'],Casa Giulietta,"['Centro Fotografia', 'Sighseeing', 'Torre Lamberti', 'Museo Conte', 'Museo Radio']",Castelvecchio,strategy_nearest,False,0.002791881561279297,success
044930429C4C80,0,['Duomo'],Castelvecchio,"['Museo Lapidario', 'Verona Tour', 'Arena', 'Museo Radio', 'San Zeno']",Arena,strategy_nearest,True,0.0022678375244140625,success
044941429C4C80,1,"['Arena', 'Casa Giulietta', 'Torre Lamberti']",Palazzo della Ragione,"['AMO', 'Museo Conte', 'Centro Fotografia', 'Sighseeing', 'Santa Anastasia']",Santa Anastasia,strategy_nearest,True,0.003392934799194336,success
0449503A9C4C80,0,['Arena'],Torre Lamberti,"['Sighseeing', 'Centro Fotografia', 'Museo Conte', 'Casa Giulietta', 'Palazzo della Ragione']",Casa Giulietta,strategy_nearest,True,0.00167083740234375,success
0449673A9C4C80,1,['Arena'],Teatro Romano,"['Santa Anastasia', 'Duomo', 'AMO', 'Palazzo della Ragione', 'Museo Conte']",Palazzo della Ragione,strategy_nearest,True,0.0017409324645996094,success
0449583A9C4C80,2,"['Museo Lapidario', 'Giardino Giusti']",Teatro Romano,"['Santa Anastasia', 'Duomo', 'AMO', 'Palazzo della Ragione', 'Museo Conte']",Duomo,strategy_nearest,True,0.0034608840942382812,success
044975429C4C80,0,['Arena'],Teatro Romano,"['Santa Anastasia', 'Duomo', 'AMO', 'Palazzo della Ragione', 'Museo Conte']",Castelvecchio,strategy_nearest,False,0.0031752586364746094,success
04497A4A9C4C80,0,"['Arena', 'Castelvecchio']",Torre Lamberti,"['Sighseeing', 'Centro Fotografia', 'Museo Conte', 'Casa Giulietta', 'Palazzo della Ragione']",Casa Giulietta,strategy_nearest,True,0.0022079944610595703,success
04497E429C4C80,3,"['Torre Lamberti', 'Casa Giulietta']",Santa Anastasia,"['AMO', 'Museo Conte', 'Palazzo della Ragione', 'Teatro Romano', 'Centro Fotografia']",Arena,strategy_nearest,False,0.0025162696838378906,success
04497C4A9C4C80,0,"['Tomba Giulietta', 'Arena']",Casa Giulietta,"['Centro Fotografia', 'Sighseeing', 'Torre Lamberti', 'Museo Conte', 'Museo Radio']",Torre Lamberti,strategy_nearest,True,0.003268718719482422,success
0449914A9C4C80,3,['Arena'],Casa Giulietta,"['Centro Fotografia', 'Sighseeing', 'Torre Lamberti', 'Museo Conte', 'Museo Radio']",Santa Anastasia,strategy_nearest,False,0.0025467872619628906,success
044985429C4C80,3,"['Castelvecchio', 'Arena', 'Tomba Giulietta']",San Fermo,"['Museo Storia', 'Museo Radio', 'Casa Giulietta', 'Centro Fotografia', 'Sighseeing']",Casa Giulietta,strategy_nearest,True,0.002466917037963867,success
044981429C4C80,3,"['Arena', 'Casa Giulietta']",Santa Anastasia,"['AMO', 'Museo Conte', 'Palazzo della Ragione', 'Teatro Romano', 'Centro Fotografia']",Teatro Romano,strategy_nearest,True,0.004453897476196289,success
044988429C4C80,3,"['Arena', 'Torre Lamberti']",Santa Anastasia,"['AMO', 'Museo Conte', 'Palazzo della Ragione', 'Teatro Romano', 'Centro Fotografia']",Teatro Romano,strategy_nearest,True,0.0037081241607666016,success
0449934A9C4C80,0,['Arena'],San Zeno,"['Castelvecchio', 'Verona Tour', 'Museo Lapidario', 'Museo Miniscalchi', 'Sighseeing']",Torre Lamberti,strategy_nearest,False,0.002756834030151367,success
0449A04A9C4C80,0,"['Arena', 'Castelvecchio', 'Torre Lamberti']",Teatro Romano,"['Santa Anastasia', 'Duomo', 'AMO', 'Palazzo della Ragione', 'Museo Conte']",Casa Giulietta,strategy_nearest,False,0.0019769668579101562,success
0449A24A9C4C80,2,['Torre Lamberti'],Teatro Romano,"['Santa Anastasia', 'Duomo', 'AMO', 'Palazzo della Ragione', 'Museo Conte']",Duomo,strategy_nearest,True,0.0032188892364501953,success
0449A5429C4C80,0,"['San Zeno', 'Torre Lamberti']",Castelvecchio,"['Museo Lapidario', 'Verona Tour', 'Arena', 'Museo Radio', 'Sighseeing']",Teatro Romano,strategy_nearest,False,0.002650022506713867,success
0449AB3A9C4C80,3,"['Arena', 'Museo Lapidario', 'Castelvecchio', 'Casa Giulietta']",Torre Lamberti,"['Sighseeing', 'Centro Fotografia', 'Museo Conte', 'Palazzo della Ragione', 'AMO']",Santa Anastasia,strategy_nearest,False,0.0024690628051757812,success
0449A44A9C4C80,0,['Arena'],Torre Lamberti,"['Sighseeing', 'Centro Fotografia', 'Museo Conte', 'Casa Giulietta', 'Palazzo della Ragione']",Casa Giulietta,strategy_nearest,True,0.0018420219421386719,success
0449A64A9C4C80,1,['Arena'],Casa Giulietta,"['Centro Fotografia', 'Sighseeing', 'Torre Lamberti', 'Museo Conte', 'Museo Radio']",Torre Lamberti,strategy_nearest,True,0.003183126449584961,success
0449BE3A9C4C80,0,"['Castelvecchio', 'Arena']",Tomba Giulietta,"['San Fermo', 'Museo Storia', 'Museo Lapidario', 'Museo Radio', 'Verona Tour']",San Fermo,strategy_nearest,True,0.002034902572631836,success
0449AB4A9C4C80,2,['Casa Giulietta'],Santa Anastasia,"['AMO', 'Museo Conte', 'Palazzo della Ragione', 'Teatro Romano', 'Centro Fotografia']",Teatro Romano,strategy_nearest,True,0.004087209701538086,success
0449B6429C4C80,3,"['Arena', 'Casa Giulietta']",Torre Lamberti,"['Sighseeing', 'Centro Fotografia', 'Museo Conte', 'Palazzo della Ragione', 'AMO']",Santa Anastasia,strategy_nearest,False,0.0014810562133789062,success
0449BC3A9C4C80,3,"['Arena', 'Museo Lapidario']",Casa Giulietta,"['Centro Fotografia', 'Sighseeing', 'Torre Lamberti', 'Museo Conte', 'Museo Radio']",Santa Anastasia,strategy_nearest,False,0.002660036087036133,success
0449C03A9C4C80,3,"['Arena', 'Torre Lamberti']",Santa Anastasia,"['AMO', 'Museo Conte', 'Palazzo della Ragione', 'Teatro Romano', 'Centro Fotografia']",Duomo,strategy_nearest,False,0.0016498565673828125,success
0449C9429C4C80,3,"['Casa Giulietta', 'Torre Lamberti']",Santa Anastasia,"['AMO', 'Museo Conte', 'Palazzo della Ragione', 'Teatro Romano', 'Centro Fotografia']",Teatro Romano,strategy_nearest,True,0.0019681453704833984,success
0449CA3A9C4C80,0,['Arena'],Teatro Romano,"['Santa Anastasia', 'Duomo', 'AMO', 'Palazzo della Ragione', 'Museo Conte']",Giardino Giusti,strategy_nearest,False,0.0025780200958251953,success
0449E0429C4C80,2,['Santa Anastasia'],Teatro Romano,"['Duomo', 'AMO', 'Palazzo della Ragione', 'Museo Conte', 'Centro Fotografia']",Duomo,strategy_nearest,True,0.002429962158203125,success
0449EC3A9C4C80,2,"['Museo Lapidario', 'Casa Giulietta']",Torre Lamberti,"['Sighseeing', 'Centro Fotografia', 'Museo Conte', 'Palazzo della Ragione', 'AMO']",Castelvecchio,strategy_nearest,False,0.0034978389739990234,success
0449E6429C4C80,2,"['Museo Lapidario', 'Castelvecchio']",Duomo,"['AMO', 'Museo Miniscalchi', 'Santa Anastasia', 'Teatro Romano', 'Palazzo della Ragione']",Teatro Romano,strategy_nearest,True,0.0031371116638183594,success
0449D6429C4C80,3,"['Arena', 'Castelvecchio']",Duomo,"['AMO', 'Museo Miniscalchi', 'Santa Anastasia', 'Teatro Romano', 'Palazzo della Ragione']",Teatro Romano,strategy_nearest,True,0.004029273986816406,success
0449F43A9C4C80,2,['Castelvecchio'],Santa Anastasia,"['AMO', 'Museo Conte', 'Palazzo della Ragione', 'Teatro Romano', 'Centro Fotografia']",Duomo,strategy_nearest,False,0.002081155776977539,success
0449FC3A9C4C80,0,['Duomo'],Torre Lamberti,"['Sighseeing', 'Centro Fotografia', 'Museo Conte', 'Casa Giulietta', 'Palazzo della Ragione']",Arena,strategy_nearest,False,0.0019440650939941406,success
044A0E429C4C84,3,"['Castelvecchio', 'Museo Lapidario', 'Torre Lamberti', 'Duomo']",Arena,"['Verona Tour', 'Museo Radio', 'San Fermo', 'Casa Giulietta', 'Sighseeing']",San Zeno,strategy_nearest,False,0.0033080577850341797,success
044A013A9C4C84,2,"['Tomba Giulietta', 'Castelvecchio']",Duomo,"['AMO', 'Museo Miniscalchi', 'Santa Anastasia', 'Teatro Romano', 'Palazzo della Ragione']",Casa Giulietta,strategy_nearest,False,0.0028238296508789062,success
044A253A9C4C80,0,"['Casa Giulietta', 'Arena']",Castelvecchio,"['Museo Lapidario', 'Verona Tour', 'Museo Radio', 'San Zeno', 'Sighseeing']",Torre Lamberti,strategy_nearest,False,0.0034639835357666016,success
044A3E3A9C4C80,2,['Casa Giulietta'],Duomo,"['AMO', 'Museo Miniscalchi', 'Santa Anastasia', 'Teatro Romano', 'Palazzo della Ragione']",Teatro Romano,strategy_nearest,True,0.003227710723876953,success
044A2E4A9C4C80,4,"['Tomba Giulietta', 'Museo Radio', 'Museo Lapidario', 'Santa Anastasia', 'Arena']",San Zeno,"['Castelvecchio', 'Verona Tour', 'Museo Miniscalchi', 'Sighseeing', 'Torre Lamberti']",Museo Storia,strategy_nearest,False,0.0027980804443359375,success
044A11429C4C84,3,"['Arena', 'Casa Giulietta', 'Santa Anastasia']",Duomo,"['AMO', 'Museo Miniscalchi', 'Teatro Romano', 'Palazzo della Ragione', 'Museo Conte']",Castelvecchio,strategy_nearest,False,0.0030357837677001953,success
044A6C429C4C80,0,"['Teatro Romano', 'Torre Lamberti']",Casa Giulietta,"['Centro Fotografia', 'Sighseeing', 'Museo Conte', 'Museo Radio', 'Palazzo della Ragione']",Arena,strategy_nearest,False,0.0014793872833251953,success
044A723A9C4C80,3,['Arena'],Santa Anastasia,"['AMO', 'Museo Conte', 'Palazzo della Ragione', 'Teatro Romano', 'Centro Fotografia']",Duomo,strategy_nearest,False,0.002871990203857422,success
044A40429C4C80,0,['Teatro Romano'],Casa Giulietta,"['Centro Fotografia', 'Sighseeing', 'Torre Lamberti', 'Museo Conte', 'Museo Radio']",San Fermo,strategy_nearest,False,0.0034821033477783203,success
044A75429C4C80,0,"['Arena', 'Torre Lamberti']",Casa Giulietta,"['Centro Fotografia', 'Sighseeing', 'Museo Conte', 'Museo Radio', 'Palazzo della Ragione']",San Fermo,strategy_nearest,False,0.0033211708068847656,success
044A7A3A9C4C80,3,"['Arena', 'Castelvecchio']",Duomo,"['AMO', 'Museo Miniscalchi', 'Santa Anastasia', 'Teatro Romano', 'Palazzo della Ragione']",Teatro Romano,strategy_nearest,True,0.0014629364013671875,success
044A7F429C4C80,0,['Arena'],Castelvecchio,"['Museo Lapidario', 'Verona Tour', 'Museo Radio', 'San Zeno', 'Sighseeing']",Tomba Giulietta,strategy_nearest,False,0.0027458667755126953,success
044A7E429C4C80,3,"['Arena', 'Castelvecchio']",San Zeno,"['Verona Tour', 'Museo Lapidario', 'Museo Miniscalchi', 'Sighseeing', 'Museo Radio']",Duomo,strategy_nearest,False,0.003712892532348633,success
044A7A4A9C4C80,0,['Arena'],Casa Giulietta,"['Centro Fotografia', 'Sighseeing', 'Torre Lamberti', 'Museo Conte', 'Museo Radio']",Torre Lamberti,strategy_nearest,True,0.0022912025451660156,success
044A8D4A9C4C80,3,['Arena'],San Fermo,"['Museo Storia', 'Museo Radio', 'Casa Giulietta', 'Centro Fotografia', 'Sighseeing']",Duomo,strategy_nearest,False,0.002373933792114258,success
044A8E4A9C4C80,3,"['Arena', 'Torre Lamberti']",Teatro Romano,"['Santa Anastasia', 'Duomo', 'AMO', 'Palazzo della Ragione', 'Museo Conte']",Duomo,strategy_nearest,True,0.002752065658569336,success
044A904A9C4C80,3,"['Arena', 'Casa Giulietta']",Torre Lamberti,"['Sighseeing', 'Centro Fotografia', 'Museo Conte', 'Palazzo della Ragione', 'AMO']",Santa Anastasia,strategy_nearest,False,0.002104043960571289,success
044A92429C4C80,2,['Casa Giulietta'],Teatro Romano,"['Santa Anastasia', 'Duomo', 'AMO', 'Palazzo della Ragione', 'Museo Conte']",Castelvecchio,strategy_nearest,False,0.003358125686645508,success
044A944A9C4C80,0,['Arena'],Museo Lapidario,"['Verona Tour', 'Castelvecchio', 'Museo Radio', 'San Fermo', 'Casa Giulietta']",Castelvecchio,strategy_nearest,True,0.0019876956939697266,success
044A974A9C4C80,0,['Arena'],Duomo,"['AMO', 'Museo Miniscalchi', 'Santa Anastasia', 'Teatro Romano', 'Palazzo della Ragione']",Torre Lamberti,strategy_nearest,False,0.0026788711547851562,success
044AA73A9C4C80,3,"['Arena', 'Casa Giulietta']",Torre Lamberti,"['Sighseeing', 'Centro Fotografia', 'Museo Conte', 'Palazzo della Ragione', 'AMO']",Santa Anastasia,strategy_nearest,False,0.0034499168395996094,success
044AAA4A9C4C80,0,['Arena'],Casa Giulietta,"['Centro Fotografia', 'Sighseeing', 'Torre Lamberti', 'Museo Conte', 'Museo Radio']",Duomo,strategy_nearest,False,0.002490997314453125,success
044AA7429C4C80,3,"['Arena', 'Santa Anastasia']",Teatro Romano,"['Duomo', 'AMO', 'Palazzo della Ragione', 'Museo Conte', 'Centro Fotografia']",Casa Giulietta,strategy_nearest,False,0.003859996795654297,success
044A9B4A9C4C80,0,['Arena'],Casa Giulietta,"['Centro Fotografia', 'Sighseeing', 'Torre Lamberti', 'Museo Conte', 'Museo Radio']",Museo Lapidario,strategy_nearest,False,0.00368499755859375,success
044AAC3A9C4C80,2,['Casa Giulietta'],Torre Lamberti,"['Sighseeing', 'Centro Fotografia', 'Museo Conte', 'Palazzo della Ragione', 'AMO']",Palazzo della Ragione,strategy_nearest,True,0.0033721923828125,success
044AAD3A9C4C80,3,"['Arena', 'Casa Giulietta']",Santa Anastasia,"['AMO', 'Museo Conte', 'Palazzo della Ragione', 'Teatro Romano', 'Centro Fotografia']",Torre Lamberti,strategy_nearest,False,0.002151012420654297,success
044ABA429C4C80,1,['Arena'],Casa Giulietta,"['Centro Fotografia', 'Sighseeing', 'Torre Lamberti', 'Museo Conte', 'Museo Radio']",Torre Lamberti,strategy_nearest,True,0.0032677650451660156,success
044AB6429C4C80,0,"['Arena', 'Teatro Romano']",Casa Giulietta,"['Centro Fotografia', 'Sighseeing', 'Torre Lamberti', 'Museo Conte', 'Museo Radio']",Torre Lamberti,strategy_nearest,True,0.0027740001678466797,success
044AD13A9C4C80,0,"['Arena', 'Santa Anastasia']",Casa Giulietta,"['Centro Fotografia', 'Sighseeing', 'Torre Lamberti', 'Museo Conte', 'Museo Radio']",Castelvecchio,strategy_nearest,False,0.0026891231536865234,success
044AD03A9C4C80,2,['Santa Anastasia'],Duomo,"['AMO', 'Museo Miniscalchi', 'Teatro Romano', 'Palazzo della Ragione', 'Museo Conte']",Casa Giulietta,strategy_nearest,False,0.0020837783813476562,success
044AF23A9C4C80,0,['Arena'],Torre Lamberti,"['Sighseeing', 'Centro Fotografia', 'Museo Conte', 'Casa Giulietta', 'Palazzo della Ragione']",Casa Giulietta,strategy_nearest,True,0.0034797191619873047,success
044AC23A9C4C80,0,"['Arena', 'Casa Giulietta']",Torre Lamberti,"['Sighseeing', 'Centro Fotografia', 'Museo Conte', 'Palazzo della Ragione', 'AMO']",Teatro Romano,strategy_nearest,False,0.0020170211791992188,success
044AF53A9C4C80,0,"['Casa Giulietta', 'Arena']",Tomba Giulietta,"['San Fermo', 'Museo Storia', 'Museo Lapidario', 'Museo Radio', 'Verona Tour']",San Fermo,strategy_nearest,True,0.002966642379760742,success
044B0C429C4C84,0,['Santa Anastasia'],Casa Giulietta,"['Centro Fotografia', 'Sighseeing', 'Torre Lamberti', 'Museo Conte', 'Museo Radio']",Tomba Giulietta,strategy_nearest,False,0.002149820327758789,success
044B0B429C4C84,2,['San Zeno'],Castelvecchio,"['Museo Lapidario', 'Verona Tour', 'Arena', 'Museo Radio', 'Sighseeing']",Torre Lamberti,strategy_nearest,False,0.0016047954559326172,success
044B0F429C4C84,3,"['Arena', 'Castelvecchio']",San Zeno,"['Verona Tour', 'Museo Lapidario', 'Museo Miniscalchi', 'Sighseeing', 'Museo Radio']",Teatro Romano,strategy_nearest,False,0.003086090087890625,success
044B2A429C4C80,3,"['Arena', 'Casa Giulietta', 'Torre Lamberti']",Santa Anastasia,"['AMO', 'Museo Conte', 'Palazzo della Ragione', 'Teatro Romano', 'Centro Fotografia']",Teatro Romano,strategy_nearest,True,0.002035856246948242,success
044B2B3A9C4C80,3,['Arena'],Santa Anastasia,"['AMO', 'Museo Conte', 'Palazzo della Ragione', 'Teatro Romano', 'Centro Fotografia']",Teatro Romano,strategy_nearest,True,0.002840757369995117,success
044B2D3A9C4C80,3,"['Arena', 'Casa Giulietta']",Santa Anastasia,"['AMO', 'Museo Conte', 'Palazzo della Ragione', 'Teatro Romano', 'Centro Fotografia']",Duomo,strategy_nearest,False,0.003227710723876953,success
044B2E4A9C4C80,0,"['Arena', 'Castelvecchio']",San Zeno,"['Verona Tour', 'Museo Lapidario', 'Museo Miniscalchi', 'Sighseeing', 'Museo Radio']",Giardino Giusti,strategy_nearest,False,0.0023360252380371094,success
044B2E429C4C80,0,['Arena'],Torre Lamberti,"['Sighseeing', 'Centro Fotografia', 'Museo Conte', 'Casa Giulietta', 'Palazzo della Ragione']",Casa Giulietta,strategy_nearest,True,0.0032231807708740234,success
044B473A9C4C80,0,"['Arena', 'Museo Lapidario']",Castelvecchio,"['Verona Tour', 'Museo Radio', 'San Zeno', 'Sighseeing', 'Museo Miniscalchi']",Duomo,strategy_nearest,False,0.002666950225830078,success
044B583A9C4C80,3,['Arena'],Torre Lamberti,"['Sighseeing', 'Centro Fotografia', 'Museo Conte', 'Casa Giulietta', 'Palazzo della Ragione']",Teatro Romano,strategy_nearest,False,0.0024628639221191406,success
044B533A9C4C80,3,"['Giardino Giusti', 'Teatro Romano', 'Duomo']",Santa Anastasia,"['AMO', 'Museo Conte', 'Palazzo della Ragione', 'Centro Fotografia', 'Torre Lamberti']",Torre Lamberti,strategy_nearest,True,0.003259897232055664,success
044B78429C4C80,0,['Casa Giulietta'],Torre Lamberti,"['Sighseeing', 'Centro Fotografia', 'Museo Conte', 'Palazzo della Ragione', 'AMO']",Arena,strategy_nearest,False,0.0018839836120605469,success
044B703A9C4C80,2,['Torre Lamberti'],Duomo,"['AMO', 'Museo Miniscalchi', 'Santa Anastasia', 'Teatro Romano', 'Palazzo della Ragione']",Teatro Romano,strategy_nearest,True,0.003869295120239258,success
044B59429C4C80,2,"['Palazzo della Ragione', 'Torre Lamberti']",Santa Anastasia,"['AMO', 'Museo Conte', 'Teatro Romano', 'Centro Fotografia', 'Duomo']",Duomo,strategy_nearest,True,0.002742767333984375,success
044B7B429C4C80,2,['Casa Giulietta'],Santa Anastasia,"['AMO', 'Museo Conte', 'Palazzo della Ragione', 'Teatro Romano', 'Centro Fotografia']",Duomo,strategy_nearest,False,0.00310516357421875,success
044B7E3A9C4C80,0,['Arena'],Casa Giulietta,"['Centro Fotografia', 'Sighseeing', 'Torre Lamberti', 'Museo Conte', 'Museo Radio']",Torre Lamberti,strategy_nearest,True,0.0020780563354492188,success
044B844A9C4C80,4,['Museo Lapidario'],Museo Radio,"['Casa Giulietta', 'San Fermo', 'Arena', 'Sighseeing', 'Torre Lamberti']",Tomba Giulietta,strategy_nearest,False,0.0026938915252685547,success
044B8C429C4C80,3,"['Teatro Romano', 'Santa Anastasia', 'Santa Anastasia']",Torre Lamberti,"['Sighseeing', 'Centro Fotografia', 'Museo Conte', 'Casa Giulietta', 'Palazzo della Ragione']",Casa Giulietta,strategy_nearest,True,0.002676248550415039,success
044B853A9C4C80,0,['Arena'],Casa Giulietta,"['Centro Fotografia', 'Sighseeing', 'Torre Lamberti', 'Museo Conte', 'Museo Radio']",Castelvecchio,strategy_nearest,False,0.0038199424743652344,success
044B944A9C4C80,0,['Arena'],Casa Giulietta,"['Centro Fotografia', 'Sighseeing', 'Torre Lamberti', 'Museo Conte', 'Museo Radio']",Santa Anastasia,strategy_nearest,False,0.0020940303802490234,success
044B8E4A9C4C80,1,"['Arena', 'San Fermo']",Casa Giulietta,"['Centro Fotografia', 'Sighseeing', 'Torre Lamberti', 'Museo Conte', 'Museo Radio']",Torre Lamberti,strategy_nearest,True,0.0035669803619384766,success
044B934A9C4C80,3,['Arena'],Torre Lamberti,"['Sighseeing', 'Centro Fotografia', 'Museo Conte', 'Casa Giulietta', 'Palazzo della Ragione']",Santa Anastasia,strategy_nearest,False,0.0015227794647216797,success
044B95429C4C80,3,"['Castelvecchio', 'Arena']",Casa Giulietta,"['Centro Fotografia', 'Sighseeing', 'Torre Lamberti', 'Museo Conte', 'Museo Radio']",Torre Lamberti,strategy_nearest,True,0.003367900848388672,success
044B9B4A9C4C80,3,['Arena'],Santa Anastasia,"['AMO', 'Museo Conte', 'Palazzo della Ragione', 'Teatro Romano', 'Centro Fotografia']",Torre Lamberti,strategy_nearest,False,0.0027909278869628906,success
044BA44A9C4C80,3,"['Arena', 'Torre Lamberti']",Casa Giulietta,"['Centro Fotografia', 'Sighseeing', 'Museo Conte', 'Museo Radio', 'Palazzo della Ragione']",Santa Anastasia,strategy_nearest,False,0.0014870166778564453,success
044B954A9C4C80,2,['Casa Giulietta'],Santa Anastasia,"['AMO', 'Museo Conte', 'Palazzo della Ragione', 'Teatro Romano', 'Centro Fotografia']",Duomo,strategy_nearest,False,0.004133939743041992,success
044BA6429C4C80,3,['Castelvecchio'],Arena,"['Verona Tour', 'Museo Lapidario', 'Museo Radio', 'San Fermo', 'Casa Giulietta']",Duomo,strategy_nearest,False,0.0033431053161621094,success
044BA9429C4C80,3,"['Arena', 'Museo Lapidario', 'San Zeno']",Castelvecchio,"['Verona Tour', 'Museo Radio', 'Sighseeing', 'Museo Miniscalchi', 'Torre Lamberti']",Duomo,strategy_nearest,False,0.0023398399353027344,success
044BBD429C4C80,0,"['Castelvecchio', 'Torre Lamberti']",Casa Giulietta,"['Centro Fotografia', 'Sighseeing', 'Museo Conte', 'Museo Radio', 'Palazzo della Ragione']",Duomo,strategy_nearest,False,0.0021162033081054688,success
044BC03A9C4C80,3,"['Tomba Giulietta', 'Teatro Romano']",Duomo,"['AMO', 'Museo Miniscalchi', 'Santa Anastasia', 'Palazzo della Ragione', 'Museo Conte']",Torre Lamberti,strategy_nearest,False,0.0031778812408447266,success
044BBD3A9C4C80,3,"['Arena', 'Castelvecchio']",Duomo,"['AMO', 'Museo Miniscalchi', 'Santa Anastasia', 'Teatro Romano', 'Palazzo della Ragione']",Teatro Romano,strategy_nearest,True,0.0028150081634521484,success
044BC23A9C4C80,3,"['Arena', 'Museo Lapidario', 'San Fermo']",Casa Giulietta,"['Centro Fotografia', 'Sighseeing', 'Torre Lamberti', 'Museo Conte', 'Museo Radio']",Duomo,strategy_nearest,False,0.0026712417602539062,success
044BCB3A9C4C80,3,['Arena'],San Fermo,"['Museo Storia', 'Museo Radio', 'Casa Giulietta', 'Centro Fotografia', 'Sighseeing']",Santa Anastasia,strategy_nearest,False,0.0020589828491210938,success
044BC4429C4C80,0,"['Arena', 'Tomba Giulietta']",San Fermo,"['Museo Storia', 'Museo Radio', 'Casa Giulietta', 'Centro Fotografia', 'Sighseeing']",Casa Giulietta,strategy_nearest,True,0.004118919372558594,success
044BC7429C4C80,2,"['Tomba Giulietta', 'San Zeno']",Castelvecchio,"['Museo Lapidario', 'Verona Tour', 'Arena', 'Museo Radio', 'Sighseeing']",Santa Anastasia,strategy_nearest,False,0.002813100814819336,success
044BD33A9C4C80,0,['Arena'],Casa Giulietta,"['Centro Fotografia', 'Sighseeing', 'Torre Lamberti', 'Museo Conte', 'Museo Radio']",Castelvecchio,strategy_nearest,False,0.0032410621643066406,success
044BD03A9C4C80,0,['Torre Lamberti'],Casa Giulietta,"['Centro Fotografia', 'Sighseeing', 'Museo Conte', 'Museo Radio', 'Palazzo della Ragione']",Teatro Romano,strategy_nearest,False,0.003390789031982422,success
044BDC429C4C80,1,"['Teatro Romano', 'Torre Lamberti', 'Palazzo della Ragione']",Castelvecchio,"['Museo Lapidario', 'Verona Tour', 'Arena', 'Museo Radio', 'San Zeno']",San Zeno,strategy_nearest,True,0.0035169124603271484,success
044BD53A9C4C80,3,['Arena'],Teatro Romano,"['Santa Anastasia', 'Duomo', 'AMO', 'Palazzo della Ragione', 'Museo Conte']",Santa Anastasia,strategy_nearest,True,0.0018157958984375,success
044BF73A9C4C80,3,['Arena'],Casa Giulietta,"['Centro Fotografia', 'Sighseeing', 'Torre Lamberti', 'Museo Conte', 'Museo Radio']",Santa Anastasia,strategy_nearest,False,0.00209808349609375,success
044BF7429C4C80,3,"['Arena', 'Castelvecchio']",Santa Anastasia,"['AMO', 'Museo Conte', 'Palazzo della Ragione', 'Teatro Romano', 'Centro Fotografia']",Teatro Romano,strategy_nearest,True,0.0033190250396728516,success
044BE8429C4C80,1,"['Tomba Giulietta', 'Casa Giulietta', 'San Zeno', 'Castelvecchio']",Arena,"['Verona Tour', 'Museo Lapidario', 'Museo Radio', 'San Fermo', 'Sighseeing']",Torre Lamberti,strategy_nearest,False,0.0022459030151367188,success
044BF63A9C4C80,0,['Arena'],Casa Giulietta,"['Centro Fotografia', 'Sighseeing', 'Torre Lamberti', 'Museo Conte', 'Museo Radio']",Torre Lamberti,strategy_nearest,True,0.0035161972045898438,success
044C0A3A9C4C84,3,"['Torre Lamberti', 'Casa Giulietta']",Santa Anastasia,"['AMO', 'Museo Conte', 'Palazzo della Ragione', 'Teatro Romano', 'Centro Fotografia']",Arena,strategy_nearest,False,0.002771139144897461,success
044BFE3A9C4C80,2,['Casa Giulietta'],Torre Lamberti,"['Sighseeing', 'Centro Fotografia', 'Museo Conte', 'Palazzo della Ragione', 'AMO']",Duomo,strategy_nearest,False,0.003354310989379883,success
044C07429C4C84,3,"['Arena', 'Castelvecchio', 'Santa Anastasia']",Casa Giulietta,"['Centro Fotografia', 'Sighseeing', 'Torre Lamberti', 'Museo Conte', 'Museo Radio']",Teatro Romano,strategy_nearest,False,0.001470327377319336,success
044C0D429C4C84,1,['Arena'],Castelvecchio,"['Museo Lapidario', 'Verona Tour', 'Museo Radio', 'San Zeno', 'Sighseeing']",Palazzo della Ragione,strategy_nearest,False,0.0033440589904785156,success
044C203A9C4C80,2,"['San Zeno', 'Castelvecchio']",Casa Giulietta,"['Centro Fotografia', 'Sighseeing', 'Torre Lamberti', 'Museo Conte', 'Museo Radio']",Torre Lamberti,strategy_nearest,True,0.0034809112548828125,success
044C0F429C4C84,1,"['Arena', 'San Fermo', 'Giardino Giusti', 'Teatro Romano', 'Duomo', 'Santa Anastasia']",Torre Lamberti,"['Sighseeing', 'Centro Fotografia', 'Museo Conte', 'Casa Giulietta', 'Palazzo della Ragione']",Casa Giulietta,strategy_nearest,True,0.0023059844970703125,success
044C2A429C4C80,3,"['Arena', 'Casa Giulietta']",Torre Lamberti,"['Sighseeing', 'Centro Fotografia', 'Museo Conte', 'Palazzo della Ragione', 'AMO']",Santa Anastasia,strategy_nearest,False,0.002048969268798828,success
044C223A9C4C80,3,"['Tomba Giulietta', 'Casa Giulietta']",Arena,"['Verona Tour', 'Museo Lapidario', 'Museo Radio', 'San Fermo', 'Sighseeing']",San Zeno,strategy_nearest,False,0.003393888473510742,success
044C31429C4C80,0,['Arena'],Casa Giulietta,"['Centro Fotografia', 'Sighseeing', 'Torre Lamberti', 'Museo Conte', 'Museo Radio']",Castelvecchio,strategy_nearest,False,0.0024640560150146484,success
044C3B429C4C80,3,"['Arena', 'Torre Lamberti']",Duomo,"['AMO', 'Museo Miniscalchi', 'Santa Anastasia', 'Teatro Romano', 'Palazzo della Ragione']",Santa Anastasia,strategy_nearest,True,0.0035598278045654297,success
044C394A9C4C80,3,"['Casa Giulietta', 'Torre Lamberti']",Castelvecchio,"['Museo Lapidario', 'Verona Tour', 'Arena', 'Museo Radio', 'San Zeno']",Duomo,strategy_nearest,False,0.0030858516693115234,success
044C2C429C4C80,3,['Arena'],San Zeno,"['Castelvecchio', 'Verona Tour', 'Museo Lapidario', 'Museo Miniscalchi', 'Sighseeing']",Castelvecchio,strategy_nearest,True,0.002465963363647461,success
044C483A9C4C80,3,"['Duomo', 'Teatro Romano', 'Casa Giulietta']",San Zeno,"['Castelvecchio', 'Verona Tour', 'Museo Lapidario', 'Arena', 'Museo Miniscalchi']",Castelvecchio,strategy_nearest,True,0.0022432804107666016,success
044C583A9C4C80,3,"['Arena', 'Casa Giulietta']",Torre Lamberti,"['Sighseeing', 'Centro Fotografia', 'Museo Conte', 'Palazzo della Ragione', 'AMO']",Santa Anastasia,strategy_nearest,False,0.003301858901977539,success
044C403A9C4C80,1,"['Arena', 'Casa Giulietta']",Palazzo della Ragione,"['AMO', 'Museo Conte', 'Torre Lamberti', 'Centro Fotografia', 'Sighseeing']",Santa Anastasia,strategy_nearest,False,0.0014848709106445312,success
044C4D3A9C4C80,2,['Castelvecchio'],Torre Lamberti,"['Sighseeing', 'Centro Fotografia', 'Museo Conte', 'Casa Giulietta', 'Palazzo della Ragione']",Casa Giulietta,strategy_nearest,True,0.0028870105743408203,success
044C7A3A9C4C80,3,"['Arena', 'Torre Lamberti']",Casa Giulietta,"['Centro Fotografia', 'Sighseeing', 'Museo Conte', 'Museo Radio', 'Palazzo della Ragione']",Santa Anastasia,strategy_nearest,False,0.0011861324310302734,success
044C7F429C4C80,1,"['Casa Giulietta', 'Santa Anastasia', 'Teatro Romano']",Duomo,"['AMO', 'Museo Miniscalchi', 'Palazzo della Ragione', 'Museo Conte', 'Torre Lamberti']",Torre Lamberti,strategy_nearest,True,0.0022869110107421875,success
044C5F3A9C4C80,1,"['San Fermo', 'Casa Giulietta', 'Torre Lamberti', 'Palazzo della Ragione']",Arena,"['Verona Tour', 'Museo Lapidario', 'Museo Radio', 'Sighseeing', 'Castelvecchio']",Castelvecchio,strategy_nearest,True,0.0034847259521484375,success
044C6C3A9C4C80,2,"['San Fermo', 'Giardino Giusti', 'Teatro Romano']",Santa Anastasia,"['AMO', 'Museo Conte', 'Palazzo della Ragione', 'Centro Fotografia', 'Duomo']",Castelvecchio,strategy_nearest,False,0.00357818603515625,success
044C84429C4C80,0,['Arena'],Casa Giulietta,"['Centro Fotografia', 'Sighseeing', 'Torre Lamberti', 'Museo Conte', 'Museo Radio']",Torre Lamberti,strategy_nearest,True,0.0017900466918945312,success
044C82429C4C80,0,"['Museo Lapidario', 'Arena']",Casa Giulietta,"['Centro Fotografia', 'Sighseeing', 'Torre Lamberti', 'Museo Conte', 'Museo Radio']",Duomo,strategy_nearest,False,0.0026731491088867188,success
044C8D4A9C4C80,0,['Arena'],San Zeno,"['Castelvecchio', 'Verona Tour', 'Museo Lapidario', 'Museo Miniscalchi', 'Sighseeing']",Torre Lamberti,strategy_nearest,False,0.0031430721282958984,success
044C8E4A9C4C80,3,"['Arena', 'Casa Giulietta']",San Fermo,"['Museo Storia', 'Museo Radio', 'Centro Fotografia', 'Sighseeing', 'Torre Lamberti']",Santa Anastasia,strategy_nearest,False,0.0030660629272460938,success
044C904A9C4C80,0,['Arena'],Casa Giulietta,"['Centro Fotografia', 'Sighseeing', 'Torre Lamberti', 'Museo Conte', 'Museo Radio']",Torre Lamberti,strategy_nearest,True,0.0027511119842529297,success
044C934A9C4C80,1,"['Arena', 'Casa Giulietta', 'Duomo']",Teatro Romano,"['Santa Anastasia', 'AMO', 'Palazzo della Ragione', 'Museo Conte', 'Centro Fotografia']",Torre Lamberti,strategy_nearest,False,0.002596139907836914,success
044C954A9C4C80,3,"['Casa Giulietta', 'Santa Anastasia']",Torre Lamberti,"['Sighseeing', 'Centro Fotografia', 'Museo Conte', 'Palazzo della Ragione', 'AMO']",Arena,strategy_nearest,False,0.003160715103149414,success
044CA14A9C4C80,2,['Casa Giulietta'],Torre Lamberti,"['Sighseeing', 'Centro Fotografia', 'Museo Conte', 'Palazzo della Ragione', 'AMO']",Santa Anastasia,strategy_nearest,False,0.0018491744995117188,success
044CB0429C4C80,3,"['Arena', 'Torre Lamberti']",Santa Anastasia,"['AMO', 'Museo Conte', 'Palazzo della Ragione', 'Teatro Romano', 'Centro Fotografia']",Duomo,strategy_nearest,False,0.0037469863891601562,success
044CA63A9C4C80,2,"['Castelvecchio', 'Casa Giulietta']",Torre Lamberti,"['Sighseeing', 'Centro Fotografia', 'Museo Conte', 'Palazzo della Ragione', 'AMO']",Santa Anastasia,strategy_nearest,False,0.003087759017944336,success
044C9B4A9C4C80,0,['Arena'],Torre Lamberti,"['Sighseeing', 'Centro Fotografia', 'Museo Conte', 'Casa Giulietta', 'Palazzo della Ragione']",Duomo,strategy_nearest,False,0.004255056381225586,success
044CB4429C4C80,1,['Arena'],Casa Giulietta,"['Centro Fotografia', 'Sighseeing', 'Torre Lamberti', 'Museo Conte', 'Museo Radio']",Palazzo della Ragione,strategy_nearest,False,0.003412961959838867,success
044CB23A9C4C80,3,"['Teatro Romano', 'Duomo', 'Santa Anastasia']",Torre Lamberti,"['Sighseeing', 'Centro Fotografia', 'Museo Conte', 'Casa Giulietta', 'Palazzo della Ragione']",Casa Giulietta,strategy_nearest,True,0.002841949462890625,success
044CB5429C4C80,3,"['Arena', 'San Fermo']",Casa Giulietta,"['Centro Fotografia', 'Sighseeing', 'Torre Lamberti', 'Museo Conte', 'Museo Radio']",Santa Anastasia,strategy_nearest,False,0.002061128616333008,success
044CB1429C4C80,3,"['Arena', 'Torre Lamberti']",Duomo,"['AMO', 'Museo Miniscalchi', 'Santa Anastasia', 'Teatro Romano', 'Palazzo della Ragione']",Teatro Romano,strategy_nearest,True,0.0016751289367675781,success
044CB9429C4C80,0,['Arena'],Casa Giulietta,"['Centro Fotografia', 'Sighseeing', 'Torre Lamberti', 'Museo Conte', 'Museo Radio']",Duomo,strategy_nearest,False,0.00345611572265625,success
044CB6429C4C80,3,['Teatro Romano'],Giardino Giusti,"['Santa Anastasia', 'Museo Conte', 'Centro Fotografia', 'Museo Storia', 'AMO']",Santa Anastasia,strategy_nearest,True,0.0015797615051269531,success
044CBA429C4C80,3,"['Arena', 'Museo Lapidario']",Castelvecchio,"['Verona Tour', 'Museo Radio', 'San Zeno', 'Sighseeing', 'Museo Miniscalchi']",Casa Giulietta,strategy_nearest,False,0.002759218215942383,success
044CBE3A9C4C80,3,['Arena'],Santa Anastasia,"['AMO', 'Museo Conte', 'Palazzo della Ragione', 'Teatro Romano', 'Centro Fotografia']",Teatro Romano,strategy_nearest,True,0.0020470619201660156,success
044CC03A9C4C80,0,['Arena'],San Zeno,"['Castelvecchio', 'Verona Tour', 'Museo Lapidario', 'Museo Miniscalchi', 'Sighseeing']",Casa Giulietta,strategy_nearest,False,0.0021522045135498047,success
044CC53A9C4C80,0,"['Arena', 'Casa Giulietta']",Torre Lamberti,"['Sighseeing', 'Centro Fotografia', 'Museo Conte', 'Palazzo della Ragione', 'AMO']",Tomba Giulietta,strategy_nearest,False,0.0015442371368408203,success
044CE93A9C4C80,0,['Arena'],Castelvecchio,"['Museo Lapidario', 'Verona Tour', 'Museo Radio', 'San Zeno', 'Sighseeing']",Torre Lamberti,strategy_nearest,False,0.0026559829711914062,success
044CF83A9C4C80,0,['Arena'],Castelvecchio,"['Museo Lapidario', 'Verona Tour', 'Museo Radio', 'San Zeno', 'Sighseeing']",Duomo,strategy_nearest,False,0.002836942672729492,success
044CED3A9C4C80,3,['Arena'],Casa Giulietta,"['Centro Fotografia', 'Sighseeing', 'Torre Lamberti', 'Museo Conte', 'Museo Radio']",San Fermo,strategy_nearest,False,0.0017628669738769531,success
044D0B3A9C4C84,0,"['Arena', 'Casa Giulietta']",Torre Lamberti,"['Sighseeing', 'Centro Fotografia', 'Museo Conte', 'Palazzo della Ragione', 'AMO']",Castelvecchio,strategy_nearest,False,0.003117084503173828,success
044D013A9C4C84,3,"['Arena', 'Casa Giulietta', 'Torre Lamberti']",Santa Anastasia,"['AMO', 'Museo Conte', 'Palazzo della Ragione', 'Teatro Romano', 'Centro Fotografia']",Teatro Romano,strategy_nearest,True,0.0028350353240966797,success
044D0F3A9C4C84,3,"['Arena', 'Casa Giulietta']",Santa Anastasia,"['AMO', 'Museo Conte', 'Palazzo della Ragione', 'Teatro Romano', 'Centro Fotografia']",Duomo,strategy_nearest,False,0.0028302669525146484,success
044D2A429C4C80,0,['Teatro Romano'],Arena,"['Verona Tour', 'Museo Lapidario', 'Museo Radio', 'San Fermo', 'Casa Giulietta']",Torre Lamberti,strategy_nearest,False,0.0037529468536376953,success
044D0B429C4C84,3,"['Arena', 'Santa Anastasia']",Duomo,"['AMO', 'Museo Miniscalchi', 'Teatro Romano', 'Palazzo della Ragione', 'Museo Conte']",San Zeno,strategy_nearest,False,0.0027992725372314453,success
044D193A9C4C84,0,['Arena'],Casa Giulietta,"['Centro Fotografia', 'Sighseeing', 'Torre Lamberti', 'Museo Conte', 'Museo Radio']",Santa Anastasia,strategy_nearest,False,0.0032749176025390625,success
044D2D429C4C80,1,"['Arena', 'Torre Lamberti']",Palazzo della Ragione,"['AMO', 'Museo Conte', 'Centro Fotografia', 'Sighseeing', 'Santa Anastasia']",Casa Giulietta,strategy_nearest,False,0.0016930103302001953,success
044D3B429C4C80,0,['Arena'],Castelvecchio,"['Museo Lapidario', 'Verona Tour', 'Museo Radio', 'San Zeno', 'Sighseeing']",Torre Lamberti,strategy_nearest,False,0.002279043197631836,success
044D2B4A9C4C80,3,"['Arena', 'San Fermo', 'Castelvecchio']",Santa Anastasia,"['AMO', 'Museo Conte', 'Palazzo della Ragione', 'Teatro Romano', 'Centro Fotografia']",Duomo,strategy_nearest,False,0.0029740333557128906,success
044D3C429C4C80,3,['Arena'],Torre Lamberti,"['Sighseeing', 'Centro Fotografia', 'Museo Conte', 'Casa Giulietta', 'Palazzo della Ragione']",Casa Giulietta,strategy_nearest,True,0.0033681392669677734,success
044D403A9C4C80,1,"['Teatro Romano', 'Casa Giulietta']",Torre Lamberti,"['Sighseeing', 'Centro Fotografia', 'Museo Conte', 'Palazzo della Ragione', 'AMO']",Palazzo della Ragione,strategy_nearest,True,0.002070903778076172,success
044D3F429C4C80,3,"['Torre Lamberti', 'San Fermo']",Teatro Romano,"['Santa Anastasia', 'Duomo', 'AMO', 'Palazzo della Ragione', 'Museo Conte']",Duomo,strategy_nearest,True,0.0034389495849609375,success
044D563A9C4C80,3,"['Arena', 'Museo Lapidario']",Torre Lamberti,"['Sighseeing', 'Centro Fotografia', 'Museo Conte', 'Casa Giulietta', 'Palazzo della Ragione']",Duomo,strategy_nearest,False,0.002651214599609375,success
044D3D429C4C80,0,"['Arena', 'Museo Lapidario']",Castelvecchio,"['Verona Tour', 'Museo Radio', 'San Zeno', 'Sighseeing', 'Museo Miniscalchi']",Torre Lamberti,strategy_nearest,False,0.0016231536865234375,success
044D633A9C4C80,0,['Arena'],Casa Giulietta,"['Centro Fotografia', 'Sighseeing', 'Torre Lamberti', 'Museo Conte', 'Museo Radio']",Giardino Giusti,strategy_nearest,False,0.003469228744506836,success
044D7B429C4C80,0,['Casa Giulietta'],Arena,"['Verona Tour', 'Museo Lapidario', 'Museo Radio', 'San Fermo', 'Sighseeing']",Castelvecchio,strategy_nearest,False,0.002640247344970703,success
044D76429C4C80,3,"['Museo Lapidario', 'Castelvecchio', 'Teatro Romano']",Santa Anastasia,"['AMO', 'Museo Conte', 'Palazzo della Ragione', 'Centro Fotografia', 'Duomo']",Casa Giulietta,strategy_nearest,False,0.002206087112426758,success
044D74429C4C80,3,"['Arena', 'Casa Giulietta']",Santa Anastasia,"['AMO', 'Museo Conte', 'Palazzo della Ragione', 'Teatro Romano', 'Centro Fotografia']",Duomo,strategy_nearest,False,0.0016341209411621094,success
044D833A9C4C80,3,"['Arena', 'Castelvecchio', 'San Zeno']",Duomo,"['AMO', 'Museo Miniscalchi', 'Santa Anastasia', 'Teatro Romano', 'Palazzo della Ragione']",Teatro Romano,strategy_nearest,True,0.0028848648071289062,success
044D82429C4C80,3,"['Casa Giulietta', 'Santa Anastasia']",Duomo,"['AMO', 'Museo Miniscalchi', 'Teatro Romano', 'Palazzo della Ragione', 'Museo Conte']",Arena,strategy_nearest,False,0.001477956771850586,success
044D863A9C4C80,3,"['Arena', 'Casa Giulietta']",Santa Anastasia,"['AMO', 'Museo Conte', 'Palazzo della Ragione', 'Teatro Romano', 'Centro Fotografia']",Duomo,strategy_nearest,False,0.0035309791564941406,success
044D84429C4C80,3,"['Arena', 'San Fermo']",Torre Lamberti,"['Sighseeing', 'Centro Fotografia', 'Museo Conte', 'Casa Giulietta', 'Palazzo della Ragione']",Duomo,strategy_nearest,False,0.0021660327911376953,success
044D86429C4C80,0,['Arena'],Casa Giulietta,"['Centro Fotografia', 'Sighseeing', 'Torre Lamberti', 'Museo Conte', 'Museo Radio']",Castelvecchio,strategy_nearest,False,0.003094196319580078,success
044D8A429C4C80,0,"['Arena', 'Casa Giulietta']",Torre Lamberti,"['Sighseeing', 'Centro Fotografia', 'Museo Conte', 'Palazzo della Ragione', 'AMO']",Castelvecchio,strategy_nearest,False,0.005439281463623047,success
044D8F4A9C4C80,0,['Arena'],Casa Giulietta,"['Centro Fotografia', 'Sighseeing', 'Torre Lamberti', 'Museo Conte', 'Museo Radio']",Castelvecchio,strategy_nearest,False,0.002880096435546875,success
044D8A4A9C4C80,3,"['Arena', 'Torre Lamberti']",Santa Anastasia,"['AMO', 'Museo Conte', 'Palazzo della Ragione', 'Teatro Romano', 'Centro Fotografia']",Casa Giulietta,strategy_nearest,False,0.002902984619140625,success
044D984A9C4C80,3,"['Castelvecchio', 'San Zeno', 'Santa Anastasia']",Torre Lamberti,"['Sighseeing', 'Centro Fotografia', 'Museo Conte', 'Casa Giulietta', 'Palazzo della Ragione']",Duomo,strategy_nearest,False,0.0026748180389404297,success
044D904A9C4C80,3,['Arena'],Santa Anastasia,"['AMO', 'Museo Conte', 'Palazzo della Ragione', 'Teatro Romano', 'Centro Fotografia']",Castelvecchio,strategy_nearest,False,0.0022521018981933594,success
044DA94A9C4C80,3,"['Torre Lamberti', 'Casa Giulietta', 'Santa Anastasia']",Teatro Romano,"['Duomo', 'AMO', 'Palazzo della Ragione', 'Museo Conte', 'Centro Fotografia']",San Zeno,strategy_nearest,False,0.0020537376403808594,success
044DBA429C4C80,0,['Arena'],Torre Lamberti,"['Sighseeing', 'Centro Fotografia', 'Museo Conte', 'Casa Giulietta', 'Palazzo della Ragione']",Teatro Romano,strategy_nearest,False,0.002725839614868164,success
044DB23A9C4C80,1,"['Teatro Romano', 'Arena']",Casa Giulietta,"['Centro Fotografia', 'Sighseeing', 'Torre Lamberti', 'Museo Conte', 'Museo Radio']",Palazzo della Ragione,strategy_nearest,False,0.0034329891204833984,success
044DB83A9C4C80,3,['Arena'],Casa Giulietta,"['Centro Fotografia', 'Sighseeing', 'Torre Lamberti', 'Museo Conte', 'Museo Radio']",Torre Lamberti,strategy_nearest,True,0.001463174819946289,success
044DBD3A9C4C80,3,"['Castelvecchio', 'Torre Lamberti', 'Casa Giulietta']",San Zeno,"['Verona Tour', 'Museo Lapidario', 'Arena', 'Museo Miniscalchi', 'Sighseeing']",Duomo,strategy_nearest,False,0.003408193588256836,success
044DDE429C4C80,0,['Casa Giulietta'],Arena,"['Verona Tour', 'Museo Lapidario', 'Museo Radio', 'San Fermo', 'Sighseeing']",Castelvecchio,strategy_nearest,False,0.002819061279296875,success
044DBE429C4C80,3,"['Arena', 'Castelvecchio']",Casa Giulietta,"['Centro Fotografia', 'Sighseeing', 'Torre Lamberti', 'Museo Conte', 'Museo Radio']",Torre Lamberti,strategy_nearest,True,0.002273082733154297,success
044DE7429C4C80,3,"['Santa Anastasia', 'Duomo', 'Castelvecchio']",Arena,"['Verona Tour', 'Museo Lapidario', 'Museo Radio', 'San Fermo', 'Casa Giulietta']",San Zeno,strategy_nearest,False,0.002722024917602539,success
044DF43A9C4C80,2,"['Casa Giulietta', 'Santa Anastasia']",Duomo,"['AMO', 'Museo Miniscalchi', 'Teatro Romano', 'Palazzo della Ragione', 'Museo Conte']",Torre Lamberti,strategy_nearest,False,0.0033750534057617188,success
044E06429C4C84,3,"['Arena', 'Castelvecchio', 'Santa Anastasia']",Casa Giulietta,"['Centro Fotografia', 'Sighseeing', 'Torre Lamberti', 'Museo Conte', 'Museo Radio']",Teatro Romano,strategy_nearest,False,0.0033109188079833984,success
044DF93A9C4C80,0,['Arena'],Castelvecchio,"['Museo Lapidario', 'Verona Tour', 'Museo Radio', 'San Zeno', 'Sighseeing']",Casa Giulietta,strategy_nearest,False,0.002445220947265625,success
044E12429C4C84,0,"['Castelvecchio', 'Casa Giulietta']",Santa Anastasia,"['AMO', 'Museo Conte', 'Palazzo della Ragione', 'Teatro Romano', 'Centro Fotografia']",Tomba Giulietta,strategy_nearest,False,0.003371000289916992,success
044E193A9C4C84,0,['Arena'],Castelvecchio,"['Museo Lapidario', 'Verona Tour', 'Museo Radio', 'San Zeno', 'Sighseeing']",San Zeno,strategy_nearest,True,0.0039386749267578125,success
044E2B429C4C80,3,"['San Zeno', 'Arena', 'Duomo', 'Teatro Romano']",Torre Lamberti,"['Sighseeing', 'Centro Fotografia', 'Museo Conte', 'Casa Giulietta', 'Palazzo della Ragione']",San Fermo,strategy_nearest,False,0.002718210220336914,success
044E233A9C4C80,3,"['Arena', 'Casa Giulietta']",Torre Lamberti,"['Sighseeing', 'Centro Fotografia', 'Museo Conte', 'Palazzo della Ragione', 'AMO']",Santa Anastasia,strategy_nearest,False,0.003000020980834961,success
044E273A9C4C80,3,"['Arena', 'Torre Lamberti']",Casa Giulietta,"['Centro Fotografia', 'Sighseeing', 'Museo Conte', 'Museo Radio', 'Palazzo della Ragione']",Duomo,strategy_nearest,False,0.0023059844970703125,success
044E294A9C4C80,3,"['Casa Giulietta', 'San Fermo', 'Arena']",Castelvecchio,"['Museo Lapidario', 'Verona Tour', 'Museo Radio', 'San Zeno', 'Sighseeing']",San Zeno,strategy_nearest,True,0.0033788681030273438,success
044E2E3A9C4C80,3,"['Torre Lamberti', 'Santa Anastasia']",Arena,"['Verona Tour', 'Museo Lapidario', 'Museo Radio', 'San Fermo', 'Casa Giulietta']",San Zeno,strategy_nearest,False,0.001981973648071289,success
044E2F3A9C4C80,3,"['Museo Lapidario', 'Arena']",Teatro Romano,"['Santa Anastasia', 'Duomo', 'AMO', 'Palazzo della Ragione', 'Museo Conte']",Santa Anastasia,strategy_nearest,True,0.001255035400390625,success
044E30429C4C80,0,['Arena'],Castelvecchio,"['Museo Lapidario', 'Verona Tour', 'Museo Radio', 'San Zeno', 'Sighseeing']",San Zeno,strategy_nearest,True,0.002774953842163086,success
044E32429C4C80,3,"['Arena', 'Casa Giulietta']",Santa Anastasia,"['AMO', 'Museo Conte', 'Palazzo della Ragione', 'Teatro Romano', 'Centro Fotografia']",Duomo,strategy_nearest,False,0.0031981468200683594,success
044E36429C4C80,3,['Arena'],Torre Lamberti,"['Sighseeing', 'Centro Fotografia', 'Museo Conte', 'Casa Giulietta', 'Palazzo della Ragione']",Santa Anastasia,strategy_nearest,False,0.0027208328247070312,success
044E384A9C4C80,3,"['Teatro Romano', 'Giardino Giusti', 'San Fermo', 'Arena', 'Castelvecchio']",Torre Lamberti,"['Sighseeing', 'Centro Fotografia', 'Museo Conte', 'Casa Giulietta', 'Palazzo della Ragione']",Santa Anastasia,strategy_nearest,False,0.0027310848236083984,success
044E3B429C4C80,0,['Arena'],Castelvecchio,"['Museo Lapidario', 'Verona Tour', 'Museo Radio', 'San Zeno', 'Sighseeing']",Torre Lamberti,strategy_nearest,False,0.0033321380615234375,success
044E41429C4C80,2,"['Casa Giulietta', 'Torre Lamberti', 'San Fermo']",Teatro Romano,"['Santa Anastasia', 'Duomo', 'AMO', 'Palazzo della Ragione', 'Museo Conte']",Castelvecchio,strategy_nearest,False,0.003075122833251953,success
044E583A9C4C80,2,"['Museo Lapidario', 'Giardino Giusti']",Teatro Romano,"['Santa Anastasia', 'Duomo', 'AMO', 'Palazzo della Ragione', 'Museo Conte']",Duomo,strategy_nearest,True,0.002619028091430664,success
044E42429C4C80,2,['Casa Giulietta'],Torre Lamberti,"['Sighseeing', 'Centro Fotografia', 'Museo Conte', 'Palazzo della Ragione', 'AMO']",Castelvecchio,strategy_nearest,False,0.0033860206604003906,success
044E5A429C4C80,3,"['San Zeno', 'Torre Lamberti', 'Santa Anastasia']",Arena,"['Verona Tour', 'Museo Lapidario', 'Museo Radio', 'San Fermo', 'Casa Giulietta']",Castelvecchio,strategy_nearest,False,0.004296064376831055,success
044E60429C4C80,1,"['Arena', 'Torre Lamberti', 'Palazzo della Ragione', 'Teatro Romano']",Duomo,"['AMO', 'Museo Miniscalchi', 'Santa Anastasia', 'Museo Conte', 'Centro Fotografia']",Santa Anastasia,strategy_nearest,True,0.0035240650177001953,success
044E673A9C4C80,2,"['San Fermo', 'Museo Lapidario', 'Castelvecchio']",San Zeno,"['Verona Tour', 'Arena', 'Museo Miniscalchi', 'Sighseeing', 'Museo Radio']",Tomba Giulietta,strategy_nearest,False,0.0035037994384765625,success
044E6A3A9C4C80,3,"['Arena', 'Castelvecchio']",Torre Lamberti,"['Sighseeing', 'Centro Fotografia', 'Museo Conte', 'Casa Giulietta', 'Palazzo della Ragione']",Giardino Giusti,strategy_nearest,False,0.0029540061950683594,success
044E74429C4C80,3,"['Arena', 'Casa Giulietta', 'Torre Lamberti']",Santa Anastasia,"['AMO', 'Museo Conte', 'Palazzo della Ragione', 'Teatro Romano', 'Centro Fotografia']",Duomo,strategy_nearest,False,0.002146005630493164,success
044E72429C4C80,3,"['Casa Giulietta', 'Arena']",Torre Lamberti,"['Sighseeing', 'Centro Fotografia', 'Museo Conte', 'Palazzo della Ragione', 'AMO']",Santa Anastasia,strategy_nearest,False,0.0035741329193115234,success
044E73429C4C80,0,['Arena'],Casa Giulietta,"['Centro Fotografia', 'Sighseeing', 'Torre Lamberti', 'Museo Conte', 'Museo Radio']",Teatro Romano,strategy_nearest,False,0.0016629695892333984,success
044E78429C4C80,0,"['Casa Giulietta', 'Torre Lamberti']",Teatro Romano,"['Santa Anastasia', 'Duomo', 'AMO', 'Palazzo della Ragione', 'Museo Conte']",Giardino Giusti,strategy_nearest,False,0.0023250579833984375,success
044E793A9C4C80,2,['Santa Anastasia'],Duomo,"['AMO', 'Museo Miniscalchi', 'Teatro Romano', 'Palazzo della Ragione', 'Museo Conte']",Torre Lamberti,strategy_nearest,False,0.002312898635864258,success
044E86429C4C80,2,"['Tomba Giulietta', 'San Fermo']",Casa Giulietta,"['Centro Fotografia', 'Sighseeing', 'Torre Lamberti', 'Museo Conte', 'Museo Radio']",Torre Lamberti,strategy_nearest,True,0.00267791748046875,success
044E7B429C4C80,0,"['Arena', 'Casa Giulietta']",Tomba Giulietta,"['San Fermo', 'Museo Storia', 'Museo Lapidario', 'Museo Radio', 'Verona Tour']",Museo Storia,strategy_nearest,True,0.003409862518310547,success
044E8B4A9C4C80,3,"['Arena', 'Torre Lamberti']",Casa Giulietta,"['Centro Fotografia', 'Sighseeing', 'Museo Conte', 'Museo Radio', 'Palazzo della Ragione']",Santa Anastasia,strategy_nearest,False,0.002652883529663086,success
044E88429C4C80,3,"['Arena', 'Museo Lapidario', 'Castelvecchio']",Santa Anastasia,"['AMO', 'Museo Conte', 'Palazzo della Ragione', 'Teatro Romano', 'Centro Fotografia']",Teatro Romano,strategy_nearest,True,0.0027120113372802734,success
044E8F4A9C4C80,3,"['Arena', 'Duomo']",Teatro Romano,"['Santa Anastasia', 'AMO', 'Palazzo della Ragione', 'Museo Conte', 'Centro Fotografia']",Santa Anastasia,strategy_nearest,True,0.0040302276611328125,success
044E89429C4C80,0,['Museo Lapidario'],Arena,"['Verona Tour', 'Museo Radio', 'San Fermo', 'Casa Giulietta', 'Sighseeing']",Torre Lamberti,strategy_nearest,False,0.0014078617095947266,success
044E904A9C4C80,3,"['Arena', 'Castelvecchio']",Duomo,"['AMO', 'Museo Miniscalchi', 'Santa Anastasia', 'Teatro Romano', 'Palazzo della Ragione']",Santa Anastasia,strategy_nearest,True,0.0029401779174804688,success
044E964A9C4C80,3,['Arena'],Santa Anastasia,"['AMO', 'Museo Conte', 'Palazzo della Ragione', 'Teatro Romano', 'Centro Fotografia']",Teatro Romano,strategy_nearest,True,0.0023000240325927734,success
044E9A429C4C80,3,"['Arena', 'Museo Lapidario', 'Castelvecchio', 'Duomo']",Santa Anastasia,"['AMO', 'Museo Conte', 'Palazzo della Ragione', 'Teatro Romano', 'Centro Fotografia']",Torre Lamberti,strategy_nearest,False,0.0028438568115234375,success
044EA34A9C4C80,2,['Santa Anastasia'],Palazzo della Ragione,"['AMO', 'Museo Conte', 'Torre Lamberti', 'Centro Fotografia', 'Sighseeing']",San Zeno,strategy_nearest,False,0.003050088882446289,success
044EA8429C4C80,3,['Arena'],Torre Lamberti,"['Sighseeing', 'Centro Fotografia', 'Museo Conte', 'Casa Giulietta', 'Palazzo della Ragione']",Santa Anastasia,strategy_nearest,False,0.003677845001220703,success
044EA84A9C4C80,3,"['Arena', 'Casa Giulietta']",Torre Lamberti,"['Sighseeing', 'Centro Fotografia', 'Museo Conte', 'Palazzo della Ragione', 'AMO']",Teatro Romano,strategy_nearest,False,0.0027990341186523438,success
044EAB3A9C4C80,3,"['Arena', 'Torre Lamberti']",Casa Giulietta,"['Centro Fotografia', 'Sighseeing', 'Museo Conte', 'Museo Radio', 'Palazzo della Ragione']",Santa Anastasia,strategy_nearest,False,0.003503084182739258,success
044EB0429C4C80,1,"['Arena', 'Torre Lamberti']",Palazzo della Ragione,"['AMO', 'Museo Conte', 'Centro Fotografia', 'Sighseeing', 'Santa Anastasia']",Casa Giulietta,strategy_nearest,False,0.002969026565551758,success
044EAD3A9C4C80,3,"['Arena', 'Casa Giulietta']",Santa Anastasia,"['AMO', 'Museo Conte', 'Palazzo della Ragione', 'Teatro Romano', 'Centro Fotografia']",Torre Lamberti,strategy_nearest,False,0.002665996551513672,success
044EBD3A9C4C80,0,"['Tomba Giulietta', 'Arena']",Castelvecchio,"['Museo Lapidario', 'Verona Tour', 'Museo Radio', 'San Zeno', 'Sighseeing']",Torre Lamberti,strategy_nearest,False,0.003290891647338867,success
044EC23A9C4C80,3,"['Tomba Giulietta', 'Arena']",Castelvecchio,"['Museo Lapidario', 'Verona Tour', 'Museo Radio', 'San Zeno', 'Sighseeing']",Santa Anastasia,strategy_nearest,False,0.0025861263275146484,success
044EFB3A9C4C80,3,"['Arena', 'Museo Lapidario', 'Casa Giulietta', 'San Fermo']",Museo Storia,"['Museo Radio', 'Centro Fotografia', 'Tomba Giulietta', 'Torre Lamberti', 'Sighseeing']",Santa Anastasia,strategy_nearest,False,0.0014300346374511719,success
044EC7429C4C80,1,"['Arena', 'Casa Giulietta']",Torre Lamberti,"['Sighseeing', 'Centro Fotografia', 'Museo Conte', 'Palazzo della Ragione', 'AMO']",Palazzo della Ragione,strategy_nearest,True,0.002803325653076172,success
044ED53A9C4C80,3,['Santa Anastasia'],Teatro Romano,"['Duomo', 'AMO', 'Palazzo della Ragione', 'Museo Conte', 'Centro Fotografia']",Castelvecchio,strategy_nearest,False,0.002213001251220703,success
044EF2429C4C80,2,"['Castelvecchio', 'San Fermo', 'Casa Giulietta']",Santa Anastasia,"['AMO', 'Museo Conte', 'Palazzo della Ragione', 'Teatro Romano', 'Centro Fotografia']",Torre Lamberti,strategy_nearest,False,0.0034172534942626953,success
044F213A9C4C80,3,"['Casa Giulietta', 'Santa Anastasia']",Teatro Romano,"['Duomo', 'AMO', 'Palazzo della Ragione', 'Museo Conte', 'Centro Fotografia']",Castelvecchio,strategy_nearest,False,0.0021190643310546875,success
044F033A9C4C84,0,"['Castelvecchio', 'Torre Lamberti']",Casa Giulietta,"['Centro Fotografia', 'Sighseeing', 'Museo Conte', 'Museo Radio', 'Palazzo della Ragione']",Duomo,strategy_nearest,False,0.0034799575805664062,success
044F253A9C4C80,0,"['Castelvecchio', 'Tomba Giulietta']",Casa Giulietta,"['Centro Fotografia', 'Sighseeing', 'Torre Lamberti', 'Museo Conte', 'Museo Radio']",Torre Lamberti,strategy_nearest,True,0.0036568641662597656,success
044F2F3A9C4C80,0,"['Arena', 'Casa Giulietta']",Duomo,"['AMO', 'Museo Miniscalchi', 'Santa Anastasia', 'Teatro Romano', 'Palazzo della Ragione']",Teatro Romano,strategy_nearest,True,0.0018589496612548828,success
044F30429C4C80,2,"['Tomba Giulietta', 'San Fermo']",Giardino Giusti,"['Santa Anastasia', 'Teatro Romano', 'Museo Conte', 'Centro Fotografia', 'Museo Storia']",Torre Lamberti,strategy_nearest,False,0.0019068717956542969,success
044F2F429C4C80,0,['Arena'],Castelvecchio,"['Museo Lapidario', 'Verona Tour', 'Museo Radio', 'San Zeno', 'Sighseeing']",Torre Lamberti,strategy_nearest,False,0.002973318099975586,success
044F344A9C4C80,3,"['Castelvecchio', 'Casa Giulietta']",Santa Anastasia,"['AMO', 'Museo Conte', 'Palazzo della Ragione', 'Teatro Romano', 'Centro Fotografia']",Teatro Romano,strategy_nearest,True,0.0025069713592529297,success
044F3B3A9C4C80,1,"['Arena', 'San Fermo', 'Giardino Giusti', 'Tomba Giulietta']",Torre Lamberti,"['Sighseeing', 'Centro Fotografia', 'Museo Conte', 'Casa Giulietta', 'Palazzo della Ragione']",Palazzo della Ragione,strategy_nearest,True,0.002607107162475586,success
044F38429C4C80,2,['Torre Lamberti'],Casa Giulietta,"['Centro Fotografia', 'Sighseeing', 'Museo Conte', 'Museo Radio', 'Palazzo della Ragione']",Giardino Giusti,strategy_nearest,False,0.0034542083740234375,success
044F3B4A9C4C80,3,"['Arena', 'Torre Lamberti']",Santa Anastasia,"['AMO', 'Museo Conte', 'Palazzo della Ragione', 'Teatro Romano', 'Centro Fotografia']",Teatro Romano,strategy_nearest,True,0.002396821975708008,success
044F3C429C4C80,0,['Torre Lamberti'],Teatro Romano,"['Santa Anastasia', 'Duomo', 'AMO', 'Palazzo della Ragione', 'Museo Conte']",Arena,strategy_nearest,False,0.0033888816833496094,success
044F4F3A9C4C80,3,['Arena'],Castelvecchio,"['Museo Lapidario', 'Verona Tour', 'Museo Radio', 'San Zeno', 'Sighseeing']",Torre Lamberti,strategy_nearest,False,0.0024330615997314453,success
044F4B429C4C80,1,"['Castelvecchio', 'Casa Giulietta', 'Arena', 'Museo Lapidario']",Palazzo della Ragione,"['AMO', 'Museo Conte', 'Torre Lamberti', 'Centro Fotografia', 'Sighseeing']",Tomba Giulietta,strategy_nearest,False,0.004065990447998047,success
044F3C4A9C4C80,2,"['Torre Lamberti', 'Santa Anastasia', 'Duomo', 'Teatro Romano']",Casa Giulietta,"['Centro Fotografia', 'Sighseeing', 'Museo Conte', 'Museo Radio', 'Palazzo della Ragione']",San Zeno,strategy_nearest,False,0.0026869773864746094,success
044F703A9C4C80,0,['Arena'],Torre Lamberti,"['Sighseeing', 'Centro Fotografia', 'Museo Conte', 'Casa Giulietta', 'Palazzo della Ragione']",Teatro Romano,strategy_nearest,False,0.0020780563354492188,success
044F54429C4C80,3,"['Torre Lamberti', 'Casa Giulietta', 'Arena', 'Castelvecchio']",San Zeno,"['Verona Tour', 'Museo Lapidario', 'Museo Miniscalchi', 'Sighseeing', 'Museo Radio']",Teatro Romano,strategy_nearest,False,0.003574848175048828,success
044F50429C4C80,2,"['San Zeno', 'Castelvecchio']",Teatro Romano,"['Santa Anastasia', 'Duomo', 'AMO', 'Palazzo della Ragione', 'Museo Conte']",Giardino Giusti,strategy_nearest,False,0.002907276153564453,success
044F55429C4C80,3,['San Zeno'],Arena,"['Verona Tour', 'Museo Lapidario', 'Museo Radio', 'San Fermo', 'Casa Giulietta']",Santa Anastasia,strategy_nearest,False,0.0029151439666748047,success
044F7B429C4C80,3,"['Teatro Romano', 'Duomo']",Castelvecchio,"['Museo Lapidario', 'Verona Tour', 'Arena', 'Museo Radio', 'San Zeno']",Santa Anastasia,strategy_nearest,False,0.002315044403076172,success
044F75429C4C80,0,"['Casa Giulietta', 'Torre Lamberti']",Arena,"['Verona Tour', 'Museo Lapidario', 'Museo Radio', 'San Fermo', 'Sighseeing']",Tomba Giulietta,strategy_nearest,False,0.003009796142578125,success
044F7C429C4C80,0,['Arena'],Casa Giulietta,"['Centro Fotografia', 'Sighseeing', 'Torre Lamberti', 'Museo Conte', 'Museo Radio']",Castelvecchio,strategy_nearest,False,0.0014050006866455078,success
044F813A9C4C80,3,"['Arena', 'Castelvecchio']",San Zeno,"['Verona Tour', 'Museo Lapidario', 'Museo Miniscalchi', 'Sighseeing', 'Museo Radio']",Santa Anastasia,strategy_nearest,False,0.0038640499114990234,success
044F81429C4C80,3,"['Arena', 'Casa Giulietta']",Torre Lamberti,"['Sighseeing', 'Centro Fotografia', 'Museo Conte', 'Palazzo della Ragione', 'AMO']",Castelvecchio,strategy_nearest,False,0.002274751663208008,success
044F954A9C4C80,2,['Casa Giulietta'],Santa Anastasia,"['AMO', 'Museo Conte', 'Palazzo della Ragione', 'Teatro Romano', 'Centro Fotografia']",Teatro Romano,strategy_nearest,True,0.0028429031372070312,success
044F914A9C4C80,1,"['Torre Lamberti', 'Palazzo della Ragione']",Santa Anastasia,"['AMO', 'Museo Conte', 'Teatro Romano', 'Centro Fotografia', 'Duomo']",Duomo,strategy_nearest,True,0.003349781036376953,success
044F88429C4C80,3,"['Arena', 'Casa Giulietta', 'Castelvecchio']",Torre Lamberti,"['Sighseeing', 'Centro Fotografia', 'Museo Conte', 'Palazzo della Ragione', 'AMO']",Teatro Romano,strategy_nearest,False,0.0028679370880126953,success
044F98429C4C80,3,['Santa Anastasia'],Torre Lamberti,"['Sighseeing', 'Centro Fotografia', 'Museo Conte', 'Casa Giulietta', 'Palazzo della Ragione']",Arena,strategy_nearest,False,0.0027968883514404297,success
044F984A9C4C80,3,"['Arena', 'San Fermo', 'Torre Lamberti']",Duomo,"['AMO', 'Museo Miniscalchi', 'Santa Anastasia', 'Teatro Romano', 'Palazzo della Ragione']",Castelvecchio,strategy_nearest,False,0.0014832019805908203,success
044F9A4A9C4C80,3,['Arena'],Casa Giulietta,"['Centro Fotografia', 'Sighseeing', 'Torre Lamberti', 'Museo Conte', 'Museo Radio']",Torre Lamberti,strategy_nearest,True,0.002691984176635742,success
044F9C4A9C4C80,3,"['Arena', 'Castelvecchio']",San Zeno,"['Verona Tour', 'Museo Lapidario', 'Museo Miniscalchi', 'Sighseeing', 'Museo Radio']",Santa Anastasia,strategy_nearest,False,0.003178834915161133,success
044F9F429C4C80,3,"['Arena', 'Museo Lapidario', 'Castelvecchio', 'Torre Lamberti']",Casa Giulietta,"['Centro Fotografia', 'Sighseeing', 'Museo Conte', 'Museo Radio', 'Palazzo della Ragione']",San Fermo,strategy_nearest,False,0.002875804901123047,success
044F9F4A9C4C80,2,['Teatro Romano'],Santa Anastasia,"['AMO', 'Museo Conte', 'Palazzo della Ragione', 'Centro Fotografia', 'Duomo']",Castelvecchio,strategy_nearest,False,0.0026891231536865234,success
044FA04A9C4C80,3,['Arena'],Torre Lamberti,"['Sighseeing', 'Centro Fotografia', 'Museo Conte', 'Casa Giulietta', 'Palazzo della Ragione']",Casa Giulietta,strategy_nearest,True,0.003407001495361328,success
044F9D4A9C4C80,0,['Arena'],Casa Giulietta,"['Centro Fotografia', 'Sighseeing', 'Torre Lamberti', 'Museo Conte', 'Museo Radio']",Duomo,strategy_nearest,False,0.0029320716857910156,success
044FAD3A9C4C80,0,['Arena'],Museo Lapidario,"['Verona Tour', 'Castelvecchio', 'Museo Radio', 'San Fermo', 'Casa Giulietta']",Castelvecchio,strategy_nearest,True,0.001737833023071289,success
044FB83A9C4C80,1,"['Arena', 'Duomo']",Santa Anastasia,"['AMO', 'Museo Conte', 'Palazzo della Ragione', 'Teatro Romano', 'Centro Fotografia']",Palazzo della Ragione,strategy_nearest,True,0.0027320384979248047,success
044FC73A9C4C80,1,['Arena'],Santa Anastasia,"['AMO', 'Museo Conte', 'Palazzo della Ragione', 'Teatro Romano', 'Centro Fotografia']",Palazzo della Ragione,strategy_nearest,True,0.003963947296142578,success
044FC23A9C4C80,0,['Arena'],Casa Giulietta,"['Centro Fotografia', 'Sighseeing', 'Torre Lamberti', 'Museo Conte', 'Museo Radio']",Torre Lamberti,strategy_nearest,True,0.0032579898834228516,success
044FD33A9C4C80,3,['Arena'],San Zeno,"['Castelvecchio', 'Verona Tour', 'Museo Lapidario', 'Museo Miniscalchi', 'Sighseeing']",Santa Anastasia,strategy_nearest,False,0.0027620792388916016,success
044FD53A9C4C80,3,"['Duomo', 'Santa Anastasia', 'Arena']",Tomba Giulietta,"['San Fermo', 'Museo Storia', 'Museo Lapidario', 'Museo Radio', 'Verona Tour']",Casa Giulietta,strategy_nearest,False,0.0033669471740722656,success
044FD5429C4C80,3,"['Castelvecchio', 'Arena', 'Torre Lamberti']",Casa Giulietta,"['Centro Fotografia', 'Sighseeing', 'Museo Conte', 'Museo Radio', 'Palazzo della Ragione']",Tomba Giulietta,strategy_nearest,False,0.0036439895629882812,success
044FF03A9C4C80,0,['Arena'],Casa Giulietta,"['Centro Fotografia', 'Sighseeing', 'Torre Lamberti', 'Museo Conte', 'Museo Radio']",Tomba Giulietta,strategy_nearest,False,0.0018308162689208984,success
044FF13A9C4C80,3,"['Arena', 'Casa Giulietta']",Torre Lamberti,"['Sighseeing', 'Centro Fotografia', 'Museo Conte', 'Palazzo della Ragione', 'AMO']",Santa Anastasia,strategy_nearest,False,0.003348827362060547,success
044FFD429C4C80,3,"['Arena', 'Museo Lapidario', 'Torre Lamberti']",Casa Giulietta,"['Centro Fotografia', 'Sighseeing', 'Museo Conte', 'Museo Radio', 'Palazzo della Ragione']",Santa Anastasia,strategy_nearest,False,0.0027191638946533203,success
04500C429C4C84,0,"['Casa Giulietta', 'Torre Lamberti']",Arena,"['Verona Tour', 'Museo Lapidario', 'Museo Radio', 'San Fermo', 'Sighseeing']",Castelvecchio,strategy_nearest,False,0.0013041496276855469,success
044FFE3A9C4C80,3,['Arena'],Torre Lamberti,"['Sighseeing', 'Centro Fotografia', 'Museo Conte', 'Casa Giulietta', 'Palazzo della Ragione']",Santa Anastasia,strategy_nearest,False,0.004028797149658203,success
045000429C4C84,0,['Castelvecchio'],Arena,"['Verona Tour', 'Museo Lapidario', 'Museo Radio', 'San Fermo', 'Casa Giulietta']",Casa Giulietta,strategy_nearest,True,0.0022058486938476562,success
04500D3A9C4C84,3,"['Arena', 'Santa Anastasia']",Duomo,"['AMO', 'Museo Miniscalchi', 'Teatro Romano', 'Palazzo della Ragione', 'Museo Conte']",Casa Giulietta,strategy_nearest,False,0.0033180713653564453,success
04502D429C4C80,2,['Torre Lamberti'],Santa Anastasia,"['AMO', 'Museo Conte', 'Palazzo della Ragione', 'Teatro Romano', 'Centro Fotografia']",Duomo,strategy_nearest,False,0.0014007091522216797,success
04502D3A9C4C80,1,['Arena'],Duomo,"['AMO', 'Museo Miniscalchi', 'Santa Anastasia', 'Teatro Romano', 'Palazzo della Ragione']",Casa Giulietta,strategy_nearest,False,0.0033571720123291016,success
04502B429C4C80,0,"['San Zeno', 'Arena']",Casa Giulietta,"['Centro Fotografia', 'Sighseeing', 'Torre Lamberti', 'Museo Conte', 'Museo Radio']",Giardino Giusti,strategy_nearest,False,0.002808809280395508,success
04501B429C4C84,0,['Arena'],Torre Lamberti,"['Sighseeing', 'Centro Fotografia', 'Museo Conte', 'Casa Giulietta', 'Palazzo della Ragione']",Casa Giulietta,strategy_nearest,True,0.00403594970703125,success
045041429C4C80,1,"['Arena', 'Castelvecchio', 'Santa Anastasia']",Tomba Giulietta,"['San Fermo', 'Museo Storia', 'Museo Lapidario', 'Museo Radio', 'Verona Tour']",Casa Giulietta,strategy_nearest,False,0.0016448497772216797,success
04503A4A9C4C80,3,"['Duomo', 'Castelvecchio']",San Fermo,"['Museo Storia', 'Museo Radio', 'Casa Giulietta', 'Centro Fotografia', 'Arena']",Arena,strategy_nearest,True,0.003201007843017578,success
04505B429C4C80,1,['Arena'],Palazzo della Ragione,"['AMO', 'Museo Conte', 'Torre Lamberti', 'Centro Fotografia', 'Sighseeing']",Castelvecchio,strategy_nearest,False,0.003706693649291992,success
04504E429C4C80,1,"['Teatro Romano', 'Casa Giulietta', 'Palazzo della Ragione', 'San Zeno']",Castelvecchio,"['Museo Lapidario', 'Verona Tour', 'Arena', 'Museo Radio', 'Sighseeing']",Museo Lapidario,strategy_nearest,True,0.002279043197631836,success
04506A429C4C80,1,"['Casa Giulietta', 'Arena', 'Tomba Giulietta']",Castelvecchio,"['Museo Lapidario', 'Verona Tour', 'Museo Radio', 'San Zeno', 'Sighseeing']",Duomo,strategy_nearest,False,0.002202749252319336,success
04506F429C4C80,2,['Casa Giulietta'],Torre Lamberti,"['Sighseeing', 'Centro Fotografia', 'Museo Conte', 'Palazzo della Ragione', 'AMO']",Santa Anastasia,strategy_nearest,False,0.002719879150390625,success
04506D429C4C80,0,['Casa Giulietta'],Arena,"['Verona Tour', 'Museo Lapidario', 'Museo Radio', 'San Fermo', 'Sighseeing']",Torre Lamberti,strategy_nearest,False,0.002775907516479492,success
0450713A9C4C80,1,"['Arena', 'Palazzo della Ragione']",Torre Lamberti,"['Sighseeing', 'Centro Fotografia', 'Museo Conte', 'Casa Giulietta', 'AMO']",Teatro Romano,strategy_nearest,False,0.003323078155517578,success
045076429C4C80,2,"['Castelvecchio', 'Torre Lamberti']",Teatro Romano,"['Santa Anastasia', 'Duomo', 'AMO', 'Palazzo della Ragione', 'Museo Conte']",Duomo,strategy_nearest,True,0.002164125442504883,success
0450794A9C4C80,3,"['Arena', 'Casa Giulietta']",Torre Lamberti,"['Sighseeing', 'Centro Fotografia', 'Museo Conte', 'Palazzo della Ragione', 'AMO']",Santa Anastasia,strategy_nearest,False,0.003280162811279297,success
045075429C4C80,2,['Tomba Giulietta'],Giardino Giusti,"['Santa Anastasia', 'Teatro Romano', 'Museo Conte', 'Centro Fotografia', 'Museo Storia']",Teatro Romano,strategy_nearest,True,0.0034029483795166016,success
0450783A9C4C80,3,"['Arena', 'Torre Lamberti']",Santa Anastasia,"['AMO', 'Museo Conte', 'Palazzo della Ragione', 'Teatro Romano', 'Centro Fotografia']",Duomo,strategy_nearest,False,0.0015468597412109375,success
04507A4A9C4C80,0,['Arena'],Torre Lamberti,"['Sighseeing', 'Centro Fotografia', 'Museo Conte', 'Casa Giulietta', 'Palazzo della Ragione']",Casa Giulietta,strategy_nearest,True,0.0021860599517822266,success
04507A429C4C80,2,['Torre Lamberti'],Casa Giulietta,"['Centro Fotografia', 'Sighseeing', 'Museo Conte', 'Museo Radio', 'Palazzo della Ragione']",Santa Anastasia,strategy_nearest,False,0.001641988754272461,success
04507D429C4C80,2,['Casa Giulietta'],Torre Lamberti,"['Sighseeing', 'Centro Fotografia', 'Museo Conte', 'Palazzo della Ragione', 'AMO']",Duomo,strategy_nearest,False,0.003248929977416992,success
04507C429C4C80,1,"['Arena', 'Casa Giulietta', 'Torre Lamberti']",Palazzo della Ragione,"['AMO', 'Museo Conte', 'Centro Fotografia', 'Sighseeing', 'Santa Anastasia']",Castelvecchio,strategy_nearest,False,0.002765178680419922,success
045088429C4C80,3,"['Arena', 'Casa Giulietta']",Torre Lamberti,"['Sighseeing', 'Centro Fotografia', 'Museo Conte', 'Palazzo della Ragione', 'AMO']",Santa Anastasia,strategy_nearest,False,0.001961946487426758,success
0450914A9C4C80,0,['Arena'],Castelvecchio,"['Museo Lapidario', 'Verona Tour', 'Museo Radio', 'San Zeno', 'Sighseeing']",Torre Lamberti,strategy_nearest,False,0.003384828567504883,success
045081429C4C80,3,"['Museo Lapidario', 'Arena']",San Fermo,"['Museo Storia', 'Museo Radio', 'Casa Giulietta', 'Centro Fotografia', 'Sighseeing']",Casa Giulietta,strategy_nearest,True,0.0026900768280029297,success
04508F4A9C4C80,0,['Arena'],Casa Giulietta,"['Centro Fotografia', 'Sighseeing', 'Torre Lamberti', 'Museo Conte', 'Museo Radio']",Tomba Giulietta,strategy_nearest,False,0.0027239322662353516,success
0450934A9C4C80,1,"['Arena', 'San Fermo']",Casa Giulietta,"['Centro Fotografia', 'Sighseeing', 'Torre Lamberti', 'Museo Conte', 'Museo Radio']",Torre Lamberti,strategy_nearest,True,0.003049135208129883,success
04509D4A9C4C80,2,['Castelvecchio'],Casa Giulietta,"['Centro Fotografia', 'Sighseeing', 'Torre Lamberti', 'Museo Conte', 'Museo Radio']",Torre Lamberti,strategy_nearest,True,0.0027332305908203125,success
04509A429C4C80,3,['Arena'],Santa Anastasia,"['AMO', 'Museo Conte', 'Palazzo della Ragione', 'Teatro Romano', 'Centro Fotografia']",Duomo,strategy_nearest,False,0.0015039443969726562,success
0450944A9C4C80,0,['Arena'],Casa Giulietta,"['Centro Fotografia', 'Sighseeing', 'Torre Lamberti', 'Museo Conte', 'Museo Radio']",Santa Anastasia,strategy_nearest,False,0.0041086673736572266,success
0450B93A9C4C80,3,['Arena'],Santa Anastasia,"['AMO', 'Museo Conte', 'Palazzo della Ragione', 'Teatro Romano', 'Centro Fotografia']",Duomo,strategy_nearest,False,0.003246307373046875,success
0450A63A9C4C80,3,"['Arena', 'Museo Lapidario', 'Castelvecchio']",Torre Lamberti,"['Sighseeing', 'Centro Fotografia', 'Museo Conte', 'Casa Giulietta', 'Palazzo della Ragione']",Casa Giulietta,strategy_nearest,True,0.0018639564514160156,success
0450A93A9C4C80,1,"['Arena', 'Museo Lapidario']",Castelvecchio,"['Verona Tour', 'Museo Radio', 'San Zeno', 'Sighseeing', 'Museo Miniscalchi']",Casa Giulietta,strategy_nearest,False,0.0027647018432617188,success
0450BC3A9C4C80,3,"['Arena', 'Casa Giulietta']",Torre Lamberti,"['Sighseeing', 'Centro Fotografia', 'Museo Conte', 'Palazzo della Ragione', 'AMO']",Duomo,strategy_nearest,False,0.002361774444580078,success
0450BD429C4C80,0,['Arena'],Casa Giulietta,"['Centro Fotografia', 'Sighseeing', 'Torre Lamberti', 'Museo Conte', 'Museo Radio']",Torre Lamberti,strategy_nearest,True,0.002871990203857422,success
0450BF3A9C4C80,0,['Arena'],Casa Giulietta,"['Centro Fotografia', 'Sighseeing', 'Torre Lamberti', 'Museo Conte', 'Museo Radio']",Torre Lamberti,strategy_nearest,True,0.0020530223846435547,success
0450C03A9C4C80,2,"['Casa Giulietta', 'Torre Lamberti']",San Fermo,"['Museo Storia', 'Museo Radio', 'Centro Fotografia', 'Arena', 'Sighseeing']",Santa Anastasia,strategy_nearest,False,0.003294229507446289,success
0450D43A9C4C80,3,"['Arena', 'Santa Anastasia', 'Teatro Romano', 'Duomo']",San Fermo,"['Museo Storia', 'Museo Radio', 'Casa Giulietta', 'Centro Fotografia', 'Sighseeing']",Casa Giulietta,strategy_nearest,True,0.0020210742950439453,success
0450C1429C4C80,3,['Arena'],Torre Lamberti,"['Sighseeing', 'Centro Fotografia', 'Museo Conte', 'Casa Giulietta', 'Palazzo della Ragione']",Santa Anastasia,strategy_nearest,False,0.002905130386352539,success
0450CE3A9C4C80,0,['Castelvecchio'],Arena,"['Verona Tour', 'Museo Lapidario', 'Museo Radio', 'San Fermo', 'Casa Giulietta']",Duomo,strategy_nearest,False,0.0040318965911865234,success
0450D23A9C4C80,0,['Arena'],Casa Giulietta,"['Centro Fotografia', 'Sighseeing', 'Torre Lamberti', 'Museo Conte', 'Museo Radio']",Torre Lamberti,strategy_nearest,True,0.003393888473510742,success
0450D93A9C4C80,0,['Arena'],Museo Lapidario,"['Verona Tour', 'Castelvecchio', 'Museo Radio', 'San Fermo', 'Casa Giulietta']",Castelvecchio,strategy_nearest,True,0.0014469623565673828,success
0450D6429C4C80,6,"['Arena', 'Torre Lamberti', 'Santa Anastasia']",Verona Tour,"['Museo Lapidario', 'Castelvecchio', 'Museo Radio', 'Casa Giulietta', 'Sighseeing']",Castelvecchio,strategy_nearest,True,0.0028319358825683594,success
0450FC429C4C80,3,"['Castelvecchio', 'Arena', 'Casa Giulietta']",Santa Anastasia,"['AMO', 'Museo Conte', 'Palazzo della Ragione', 'Teatro Romano', 'Centro Fotografia']",Tomba Giulietta,strategy_nearest,False,0.002148151397705078,success
0450FF3A9C4C80,2,['Casa Giulietta'],Santa Anastasia,"['AMO', 'Museo Conte', 'Palazzo della Ragione', 'Teatro Romano', 'Centro Fotografia']",Duomo,strategy_nearest,False,0.003242969512939453,success
04510F429C4C84,3,"['Casa Giulietta', 'Castelvecchio', 'San Zeno', 'Tomba Giulietta']",Torre Lamberti,"['Sighseeing', 'Centro Fotografia', 'Museo Conte', 'Palazzo della Ragione', 'AMO']",Arena,strategy_nearest,False,0.002076864242553711,success
045111429C4C84,2,['Torre Lamberti'],Casa Giulietta,"['Centro Fotografia', 'Sighseeing', 'Museo Conte', 'Museo Radio', 'Palazzo della Ragione']",Duomo,strategy_nearest,False,0.0028269290924072266,success
04511D3A9C4C80,0,"['Arena', 'Casa Giulietta']",Torre Lamberti,"['Sighseeing', 'Centro Fotografia', 'Museo Conte', 'Palazzo della Ragione', 'AMO']",Teatro Romano,strategy_nearest,False,0.0033102035522460938,success
04510C3A9C4C84,3,"['Arena', 'Casa Giulietta']",Santa Anastasia,"['AMO', 'Museo Conte', 'Palazzo della Ragione', 'Teatro Romano', 'Centro Fotografia']",Teatro Romano,strategy_nearest,True,0.0015239715576171875,success
04511F3A9C4C80,0,['Castelvecchio'],Arena,"['Verona Tour', 'Museo Lapidario', 'Museo Radio', 'San Fermo', 'Casa Giulietta']",Duomo,strategy_nearest,False,0.002287149429321289,success
045136429C4C80,0,['Arena'],Giardino Giusti,"['Santa Anastasia', 'Teatro Romano', 'Museo Conte', 'Centro Fotografia', 'Museo Storia']",San Fermo,strategy_nearest,False,0.0026543140411376953,success
04512F429C4C80,0,['Arena'],Casa Giulietta,"['Centro Fotografia', 'Sighseeing', 'Torre Lamberti', 'Museo Conte', 'Museo Radio']",Torre Lamberti,strategy_nearest,True,0.002125978469848633,success
04512A4A9C4C80,3,"['Arena', 'Casa Giulietta', 'Torre Lamberti']",Tomba Giulietta,"['San Fermo', 'Museo Storia', 'Museo Lapidario', 'Museo Radio', 'Verona Tour']",Castelvecchio,strategy_nearest,False,0.0033719539642333984,success
045141429C4C80,0,['Arena'],Castelvecchio,"['Museo Lapidario', 'Verona Tour', 'Museo Radio', 'San Zeno', 'Sighseeing']",Torre Lamberti,strategy_nearest,False,0.001461029052734375,success
0451503A9C4C80,3,['Arena'],Santa Anastasia,"['AMO', 'Museo Conte', 'Palazzo della Ragione', 'Teatro Romano', 'Centro Fotografia']",Casa Giulietta,strategy_nearest,False,0.002093076705932617,success
04513D429C4C80,1,"['Palazzo della Ragione', 'Torre Lamberti', 'Casa Giulietta']",Arena,"['Verona Tour', 'Museo Lapidario', 'Museo Radio', 'San Fermo', 'Sighseeing']",Santa Anastasia,strategy_nearest,False,0.004699230194091797,success
045181429C4C80,0,['Casa Giulietta'],Casa Giulietta,"['Centro Fotografia', 'Sighseeing', 'Torre Lamberti', 'Museo Conte', 'Museo Radio']",Arena,strategy_nearest,False,0.002911090850830078,success
04517C4A9C4C80,0,['Arena'],Castelvecchio,"['Museo Lapidario', 'Verona Tour', 'Museo Radio', 'San Zeno', 'Sighseeing']",Casa Giulietta,strategy_nearest,False,0.0032460689544677734,success
045175429C4C80,3,"['Arena', 'Casa Giulietta', 'Santa Anastasia']",Castelvecchio,"['Museo Lapidario', 'Verona Tour', 'Museo Radio', 'San Zeno', 'Sighseeing']",Torre Lamberti,strategy_nearest,False,0.0034589767456054688,success
04517E429C4C80,0,['Arena'],Castelvecchio,"['Museo Lapidario', 'Verona Tour', 'Museo Radio', 'San Zeno', 'Sighseeing']",Castelvecchio,strategy_nearest,False,0.0017998218536376953,success
04518D3A9C4C80,0,['Arena'],Torre Lamberti,"['Sighseeing', 'Centro Fotografia', 'Museo Conte', 'Casa Giulietta', 'Palazzo della Ragione']",Duomo,strategy_nearest,False,0.0020418167114257812,success
0451863A9C4C80,3,"['Arena', 'Castelvecchio', 'Torre Lamberti']",Santa Anastasia,"['AMO', 'Museo Conte', 'Palazzo della Ragione', 'Teatro Romano', 'Centro Fotografia']",Duomo,strategy_nearest,False,0.002789735794067383,success
04518B4A9C4C80,3,"['Arena', 'Casa Giulietta']",Torre Lamberti,"['Sighseeing', 'Centro Fotografia', 'Museo Conte', 'Palazzo della Ragione', 'AMO']",Santa Anastasia,strategy_nearest,False,0.003415822982788086,success
045188429C4C80,3,"['Casa Giulietta', 'Torre Lamberti']",Santa Anastasia,"['AMO', 'Museo Conte', 'Palazzo della Ragione', 'Teatro Romano', 'Centro Fotografia']",Duomo,strategy_nearest,False,0.0015769004821777344,success
045192429C4C80,0,['Arena'],Santa Anastasia,"['AMO', 'Museo Conte', 'Palazzo della Ragione', 'Teatro Romano', 'Centro Fotografia']",Castelvecchio,strategy_nearest,False,0.0025289058685302734,success
045198429C4C80,3,['Arena'],Santa Anastasia,"['AMO', 'Museo Conte', 'Palazzo della Ragione', 'Teatro Romano', 'Centro Fotografia']",Castelvecchio,strategy_nearest,False,0.0030672550201416016,success
0451984A9C4C80,3,"['Arena', 'San Fermo']",Torre Lamberti,"['Sighseeing', 'Centro Fotografia', 'Museo Conte', 'Casa Giulietta', 'Palazzo della Ragione']",Teatro Romano,strategy_nearest,False,0.003039121627807617,success
04518D4A9C4C80,3,"['Arena', 'Castelvecchio', 'Duomo']",Santa Anastasia,"['AMO', 'Museo Conte', 'Palazzo della Ragione', 'Teatro Romano', 'Centro Fotografia']",Torre Lamberti,strategy_nearest,False,0.0017740726470947266,success
04519D4A9C4C80,0,['Casa Giulietta'],Santa Anastasia,"['AMO', 'Museo Conte', 'Palazzo della Ragione', 'Teatro Romano', 'Centro Fotografia']",Arena,strategy_nearest,False,0.0027451515197753906,success
0451A84A9C4C80,0,['Arena'],Casa Giulietta,"['Centro Fotografia', 'Sighseeing', 'Torre Lamberti', 'Museo Conte', 'Museo Radio']",Tomba Giulietta,strategy_nearest,False,0.003184795379638672,success
04519B4A9C4C80,0,"['Arena', 'Museo Lapidario']",Castelvecchio,"['Verona Tour', 'Museo Radio', 'San Zeno', 'Sighseeing', 'Museo Miniscalchi']",Torre Lamberti,strategy_nearest,False,0.0020651817321777344,success
0451A7429C4C80,3,"['Torre Lamberti', 'Casa Giulietta']",San Fermo,"['Museo Storia', 'Museo Radio', 'Centro Fotografia', 'Arena', 'Sighseeing']",Arena,strategy_nearest,True,0.002665996551513672,success
0451B8429C4C80,1,['Arena'],Casa Giulietta,"['Centro Fotografia', 'Sighseeing', 'Torre Lamberti', 'Museo Conte', 'Museo Radio']",Torre Lamberti,strategy_nearest,True,0.002804994583129883,success
0451AC3A9C4C80,2,['Casa Giulietta'],Torre Lamberti,"['Sighseeing', 'Centro Fotografia', 'Museo Conte', 'Palazzo della Ragione', 'AMO']",Palazzo della Ragione,strategy_nearest,True,0.0020380020141601562,success
0451CA3A9C4C80,3,['Santa Anastasia'],Duomo,"['AMO', 'Museo Miniscalchi', 'Teatro Romano', 'Palazzo della Ragione', 'Museo Conte']",Casa Giulietta,strategy_nearest,False,0.0032608509063720703,success
0451B73A9C4C80,3,"['Museo Lapidario', 'Arena']",San Fermo,"['Museo Storia', 'Museo Radio', 'Casa Giulietta', 'Centro Fotografia', 'Sighseeing']",Santa Anastasia,strategy_nearest,False,0.0022618770599365234,success
0451D63A9C4C80,3,"['Arena', 'Santa Anastasia']",Torre Lamberti,"['Sighseeing', 'Centro Fotografia', 'Museo Conte', 'Casa Giulietta', 'Palazzo della Ragione']",Casa Giulietta,strategy_nearest,True,0.002862691879272461,success
045212429C4C84,2,"['Casa Giulietta', 'Torre Lamberti']",Santa Anastasia,"['AMO', 'Museo Conte', 'Palazzo della Ragione', 'Teatro Romano', 'Centro Fotografia']",Duomo,strategy_nearest,False,0.0026350021362304688,success
0451D83A9C4C80,3,"['Casa Giulietta', 'Santa Anastasia', 'Arena', 'Torre Lamberti']",San Fermo,"['Museo Storia', 'Museo Radio', 'Centro Fotografia', 'Sighseeing', 'Museo Conte']",Teatro Romano,strategy_nearest,False,0.0016586780548095703,success
045217429C4C84,1,"['Arena', 'Torre Lamberti', 'Palazzo della Ragione']",Giardino Giusti,"['Santa Anastasia', 'Teatro Romano', 'Museo Conte', 'Centro Fotografia', 'Museo Storia']",Casa Giulietta,strategy_nearest,False,0.0015151500701904297,success
04520F3A9C4C84,3,"['Tomba Giulietta', 'Arena', 'Castelvecchio']",Torre Lamberti,"['Sighseeing', 'Centro Fotografia', 'Museo Conte', 'Casa Giulietta', 'Palazzo della Ragione']",Santa Anastasia,strategy_nearest,False,0.0035440921783447266,success
04521B429C4C80,3,"['Casa Giulietta', 'Torre Lamberti', 'Santa Anastasia']",Arena,"['Verona Tour', 'Museo Lapidario', 'Museo Radio', 'San Fermo', 'Sighseeing']",Castelvecchio,strategy_nearest,False,0.0023660659790039062,success
04522B429C4C80,3,['Arena'],Casa Giulietta,"['Centro Fotografia', 'Sighseeing', 'Torre Lamberti', 'Museo Conte', 'Museo Radio']",Santa Anastasia,strategy_nearest,False,0.002154111862182617,success
04522D3A9C4C80,3,"['Arena', 'Casa Giulietta', 'Torre Lamberti']",Santa Anastasia,"['AMO', 'Museo Conte', 'Palazzo della Ragione', 'Teatro Romano', 'Centro Fotografia']",Teatro Romano,strategy_nearest,True,0.0029528141021728516,success
045237429C4C80,2,"['Casa Giulietta', 'Torre Lamberti']",Santa Anastasia,"['AMO', 'Museo Conte', 'Palazzo della Ragione', 'Teatro Romano', 'Centro Fotografia']",Duomo,strategy_nearest,False,0.0014748573303222656,success
04523D3A9C4C80,4,"['Casa Giulietta', 'Torre Lamberti', 'Tomba Giulietta']",Teatro Romano,"['Santa Anastasia', 'Duomo', 'AMO', 'Palazzo della Ragione', 'Museo Conte']",Castelvecchio,strategy_nearest,False,0.003492116928100586,success
04523D429C4C80,0,['Arena'],Torre Lamberti,"['Sighseeing', 'Centro Fotografia', 'Museo Conte', 'Casa Giulietta', 'Palazzo della Ragione']",Castelvecchio,strategy_nearest,False,0.002562999725341797,success
045251429C4C80,3,"['Arena', 'Casa Giulietta', 'San Fermo', 'Santa Anastasia']",San Zeno,"['Castelvecchio', 'Verona Tour', 'Museo Lapidario', 'Museo Miniscalchi', 'Sighseeing']",Castelvecchio,strategy_nearest,True,0.002492189407348633,success
045245429C4C80,0,['Arena'],Casa Giulietta,"['Centro Fotografia', 'Sighseeing', 'Torre Lamberti', 'Museo Conte', 'Museo Radio']",Torre Lamberti,strategy_nearest,True,0.0031948089599609375,success
0452583A9C4C80,3,"['Arena', 'Torre Lamberti', 'Duomo']",Casa Giulietta,"['Centro Fotografia', 'Sighseeing', 'Museo Conte', 'Museo Radio', 'Palazzo della Ragione']",Tomba Giulietta,strategy_nearest,False,0.0021970272064208984,success
04525E3A9C4C80,0,['Arena'],Casa Giulietta,"['Centro Fotografia', 'Sighseeing', 'Torre Lamberti', 'Museo Conte', 'Museo Radio']",Torre Lamberti,strategy_nearest,True,0.0023779869079589844,success
045254429C4C80,3,"['Casa Giulietta', 'Torre Lamberti']",Santa Anastasia,"['AMO', 'Museo Conte', 'Palazzo della Ragione', 'Teatro Romano', 'Centro Fotografia']",Teatro Romano,strategy_nearest,True,0.0035200119018554688,success
0452563A9C4C80,0,['Arena'],Casa Giulietta,"['Centro Fotografia', 'Sighseeing', 'Torre Lamberti', 'Museo Conte', 'Museo Radio']",Santa Anastasia,strategy_nearest,False,0.003496885299682617,success
0452693A9C4C80,2,['Casa Giulietta'],Torre Lamberti,"['Sighseeing', 'Centro Fotografia', 'Museo Conte', 'Palazzo della Ragione', 'AMO']",Castelvecchio,strategy_nearest,False,0.00469207763671875,success
04526C429C4C80,3,"['Arena', 'Castelvecchio']",Santa Anastasia,"['AMO', 'Museo Conte', 'Palazzo della Ragione', 'Teatro Romano', 'Centro Fotografia']",Teatro Romano,strategy_nearest,True,0.0021462440490722656,success
04527C4A9C4C80,3,"['Arena', 'Museo Lapidario', 'Casa Giulietta']",Torre Lamberti,"['Sighseeing', 'Centro Fotografia', 'Museo Conte', 'Palazzo della Ragione', 'AMO']",Santa Anastasia,strategy_nearest,False,0.0026390552520751953,success
045274429C4C80,0,['Castelvecchio'],Arena,"['Verona Tour', 'Museo Lapidario', 'Museo Radio', 'San Fermo', 'Casa Giulietta']",Teatro Romano,strategy_nearest,False,0.0014870166778564453,success
04527E3A9C4C80,3,"['Arena', 'Museo Lapidario', 'Castelvecchio']",Torre Lamberti,"['Sighseeing', 'Centro Fotografia', 'Museo Conte', 'Casa Giulietta', 'Palazzo della Ragione']",Casa Giulietta,strategy_nearest,True,0.003360271453857422,success
0452803A9C4C80,0,['Arena'],Casa Giulietta,"['Centro Fotografia', 'Sighseeing', 'Torre Lamberti', 'Museo Conte', 'Museo Radio']",Torre Lamberti,strategy_nearest,True,0.0027132034301757812,success
045285429C4C80,3,"['Teatro Romano', 'Santa Anastasia']",Torre Lamberti,"['Sighseeing', 'Centro Fotografia', 'Museo Conte', 'Casa Giulietta', 'Palazzo della Ragione']",Arena,strategy_nearest,False,0.0014109611511230469,success
04527E429C4C80,0,"['Casa Giulietta', 'Arena']",Castelvecchio,"['Museo Lapidario', 'Verona Tour', 'Museo Radio', 'San Zeno', 'Sighseeing']",San Zeno,strategy_nearest,True,0.0021491050720214844,success
0452944A9C4C80,0,['Arena'],Casa Giulietta,"['Centro Fotografia', 'Sighseeing', 'Torre Lamberti', 'Museo Conte', 'Museo Radio']",Torre Lamberti,strategy_nearest,True,0.0020186901092529297,success
04529B4A9C4C80,3,['Arena'],Santa Anastasia,"['AMO', 'Museo Conte', 'Palazzo della Ragione', 'Teatro Romano', 'Centro Fotografia']",Teatro Romano,strategy_nearest,True,0.0026290416717529297,success
0452854A9C4C80,3,"['San Fermo', 'Arena']",Santa Anastasia,"['AMO', 'Museo Conte', 'Palazzo della Ragione', 'Teatro Romano', 'Centro Fotografia']",Duomo,strategy_nearest,False,0.003489971160888672,success
04529D429C4C80,2,['Santa Anastasia'],Torre Lamberti,"['Sighseeing', 'Centro Fotografia', 'Museo Conte', 'Casa Giulietta', 'Palazzo della Ragione']",Casa Giulietta,strategy_nearest,True,0.003635883331298828,success
04529D4A9C4C80,2,['Museo Lapidario'],Casa Giulietta,"['Centro Fotografia', 'Sighseeing', 'Torre Lamberti', 'Museo Conte', 'Museo Radio']",Santa Anastasia,strategy_nearest,False,0.0021407604217529297,success
0452A73A9C4C80,3,"['Arena', 'Casa Giulietta']",Torre Lamberti,"['Sighseeing', 'Centro Fotografia', 'Museo Conte', 'Palazzo della Ragione', 'AMO']",Santa Anastasia,strategy_nearest,False,0.002331256866455078,success
0452AB3A9C4C80,3,"['Arena', 'Torre Lamberti']",Torre Lamberti,"['Sighseeing', 'Centro Fotografia', 'Museo Conte', 'Casa Giulietta', 'Palazzo della Ragione']",Casa Giulietta,strategy_nearest,True,0.0033380985260009766,success
0452A74A9C4C80,3,"['Teatro Romano', 'Duomo']",Torre Lamberti,"['Sighseeing', 'Centro Fotografia', 'Museo Conte', 'Casa Giulietta', 'Palazzo della Ragione']",Arena,strategy_nearest,False,0.002772808074951172,success
0452BA429C4C80,3,"['Arena', 'Museo Lapidario']",Castelvecchio,"['Verona Tour', 'Museo Radio', 'San Zeno', 'Sighseeing', 'Museo Miniscalchi']",Casa Giulietta,strategy_nearest,False,0.0013499259948730469,success
0452B1429C4C80,2,['Santa Anastasia'],Casa Giulietta,"['Centro Fotografia', 'Sighseeing', 'Torre Lamberti', 'Museo Conte', 'Museo Radio']",Torre Lamberti,strategy_nearest,True,0.0026922225952148438,success
0452B6429C4C80,0,"['Castelvecchio', 'Arena', 'San Fermo']",Tomba Giulietta,"['Museo Storia', 'Museo Lapidario', 'Museo Radio', 'Verona Tour', 'Casa Giulietta']",Casa Giulietta,strategy_nearest,True,0.0027129650115966797,success
0452CB3A9C4C80,3,"['Arena', 'Castelvecchio']",Duomo,"['AMO', 'Museo Miniscalchi', 'Santa Anastasia', 'Teatro Romano', 'Palazzo della Ragione']",Teatro Romano,strategy_nearest,True,0.0034379959106445312,success
0452CF3A9C4C80,1,"['Palazzo della Ragione', 'Casa Giulietta']",Tomba Giulietta,"['San Fermo', 'Museo Storia', 'Arena', 'Museo Lapidario', 'Museo Radio']",Arena,strategy_nearest,True,0.0018932819366455078,success
0452EC3A9C4C80,1,"['Arena', 'Palazzo della Ragione']",Torre Lamberti,"['Sighseeing', 'Centro Fotografia', 'Museo Conte', 'Casa Giulietta', 'AMO']",Santa Anastasia,strategy_nearest,False,0.0026192665100097656,success
0452EE429C4C80,3,"['Arena', 'Santa Anastasia']",Duomo,"['AMO', 'Museo Miniscalchi', 'Teatro Romano', 'Palazzo della Ragione', 'Museo Conte']",Casa Giulietta,strategy_nearest,False,0.0032820701599121094,success
0452F53A9C4C80,3,"['Arena', 'Castelvecchio', 'Teatro Romano']",Torre Lamberti,"['Sighseeing', 'Centro Fotografia', 'Museo Conte', 'Casa Giulietta', 'Palazzo della Ragione']",Tomba Giulietta,strategy_nearest,False,0.0023529529571533203,success
0452F03A9C4C80,3,"['Arena', 'Castelvecchio', 'Torre Lamberti']",Casa Giulietta,"['Centro Fotografia', 'Sighseeing', 'Museo Conte', 'Museo Radio', 'Palazzo della Ragione']",Santa Anastasia,strategy_nearest,False,0.0032320022583007812,success
0452FB3A9C4C80,0,['Arena'],Casa Giulietta,"['Centro Fotografia', 'Sighseeing', 'Torre Lamberti', 'Museo Conte', 'Museo Radio']",Tomba Giulietta,strategy_nearest,False,0.003123044967651367,success
0453033A9C4C84,0,['Castelvecchio'],Casa Giulietta,"['Centro Fotografia', 'Sighseeing', 'Torre Lamberti', 'Museo Conte', 'Museo Radio']",Arena,strategy_nearest,False,0.0030248165130615234,success
04531B429C4C84,0,['Arena'],Castelvecchio,"['Museo Lapidario', 'Verona Tour', 'Museo Radio', 'San Zeno', 'Sighseeing']",Duomo,strategy_nearest,False,0.001445770263671875,success
04530F3A9C4C84,2,['Casa Giulietta'],Castelvecchio,"['Museo Lapidario', 'Verona Tour', 'Arena', 'Museo Radio', 'San Zeno']",Torre Lamberti,strategy_nearest,False,0.0022978782653808594,success
0453133A9C4C84,0,['Arena'],Castelvecchio,"['Museo Lapidario', 'Verona Tour', 'Museo Radio', 'San Zeno', 'Sighseeing']",Tomba Giulietta,strategy_nearest,False,0.002949953079223633,success
04531D3A9C4C80,3,"['Arena', 'Castelvecchio', 'Casa Giulietta', 'Casa Giulietta']",San Fermo,"['Museo Storia', 'Museo Radio', 'Centro Fotografia', 'Sighseeing', 'Torre Lamberti']",Museo Lapidario,strategy_nearest,False,0.0035409927368164062,success
0453243A9C4C80,3,"['San Zeno', 'Castelvecchio', 'Arena']",Teatro Romano,"['Santa Anastasia', 'Duomo', 'AMO', 'Palazzo della Ragione', 'Museo Conte']",Duomo,strategy_nearest,True,0.002655029296875,success
045337429C4C80,1,"['Castelvecchio', 'Torre Lamberti']",Palazzo della Ragione,"['AMO', 'Museo Conte', 'Centro Fotografia', 'Sighseeing', 'Santa Anastasia']",Teatro Romano,strategy_nearest,False,0.0026788711547851562,success
0453583A9C4C80,0,"['Arena', 'Casa Giulietta']",Torre Lamberti,"['Sighseeing', 'Centro Fotografia', 'Museo Conte', 'Palazzo della Ragione', 'AMO']",Torre Lamberti,strategy_nearest,False,0.0018320083618164062,success
045339429C4C80,2,"['San Zeno', 'Castelvecchio']",Teatro Romano,"['Santa Anastasia', 'Duomo', 'AMO', 'Palazzo della Ragione', 'Museo Conte']",Giardino Giusti,strategy_nearest,False,0.003582000732421875,success
045345429C4C80,0,['Arena'],Casa Giulietta,"['Centro Fotografia', 'Sighseeing', 'Torre Lamberti', 'Museo Conte', 'Museo Radio']",Duomo,strategy_nearest,False,0.0041429996490478516,success
04536F429C4C80,3,"['Museo Lapidario', 'Arena', 'San Fermo']",Duomo,"['AMO', 'Museo Miniscalchi', 'Santa Anastasia', 'Teatro Romano', 'Palazzo della Ragione']",Teatro Romano,strategy_nearest,True,0.002246856689453125,success
04537A4A9C4C80,0,['Castelvecchio'],Arena,"['Verona Tour', 'Museo Lapidario', 'Museo Radio', 'San Fermo', 'Casa Giulietta']",Casa Giulietta,strategy_nearest,True,0.0025358200073242188,success
045376429C4C80,0,['Arena'],Torre Lamberti,"['Sighseeing', 'Centro Fotografia', 'Museo Conte', 'Casa Giulietta', 'Palazzo della Ragione']",Giardino Giusti,strategy_nearest,False,0.003209352493286133,success
04537B429C4C80,2,['San Zeno'],Torre Lamberti,"['Sighseeing', 'Centro Fotografia', 'Museo Conte', 'Casa Giulietta', 'Palazzo della Ragione']",Teatro Romano,strategy_nearest,False,0.0031909942626953125,success
0453813A9C4C80,0,"['Arena', 'Castelvecchio']",Torre Lamberti,"['Sighseeing', 'Centro Fotografia', 'Museo Conte', 'Casa Giulietta', 'Palazzo della Ragione']",Casa Giulietta,strategy_nearest,True,0.0018301010131835938,success
04537F429C4C80,0,"['Casa Giulietta', 'Torre Lamberti']",San Fermo,"['Museo Storia', 'Museo Radio', 'Centro Fotografia', 'Arena', 'Sighseeing']",Tomba Giulietta,strategy_nearest,False,0.004044055938720703,success
045388429C4C80,0,['Arena'],Torre Lamberti,"['Sighseeing', 'Centro Fotografia', 'Museo Conte', 'Casa Giulietta', 'Palazzo della Ragione']",Duomo,strategy_nearest,False,0.002991914749145508,success
0453844A9C4C80,2,['Torre Lamberti'],Teatro Romano,"['Santa Anastasia', 'Duomo', 'AMO', 'Palazzo della Ragione', 'Museo Conte']",Duomo,strategy_nearest,True,0.0032546520233154297,success
04538A429C4C80,3,"['San Zeno', 'Castelvecchio', 'Arena']",Casa Giulietta,"['Centro Fotografia', 'Sighseeing', 'Torre Lamberti', 'Museo Conte', 'Museo Radio']",Torre Lamberti,strategy_nearest,True,0.0023970603942871094,success
04538E4A9C4C80,3,['Arena'],San Zeno,"['Castelvecchio', 'Verona Tour', 'Museo Lapidario', 'Museo Miniscalchi', 'Sighseeing']",Santa Anastasia,strategy_nearest,False,0.0018990039825439453,success
04539B4A9C4C80,3,"['Arena', 'Tomba Giulietta']",Teatro Romano,"['Santa Anastasia', 'Duomo', 'AMO', 'Palazzo della Ragione', 'Museo Conte']",Duomo,strategy_nearest,True,0.0026760101318359375,success
0453A04A9C4C80,0,['Arena'],Tomba Giulietta,"['San Fermo', 'Museo Storia', 'Museo Lapidario', 'Museo Radio', 'Verona Tour']",Casa Giulietta,strategy_nearest,False,0.0027740001678466797,success
0453A63A9C4C80,2,['Museo Lapidario'],Casa Giulietta,"['Centro Fotografia', 'Sighseeing', 'Torre Lamberti', 'Museo Conte', 'Museo Radio']",Torre Lamberti,strategy_nearest,True,0.003065824508666992,success
0453A73A9C4C80,3,"['Arena', 'Casa Giulietta', 'Torre Lamberti']",Santa Anastasia,"['AMO', 'Museo Conte', 'Palazzo della Ragione', 'Teatro Romano', 'Centro Fotografia']",Duomo,strategy_nearest,False,0.002212047576904297,success
0453A6429C4C80,3,['Arena'],Torre Lamberti,"['Sighseeing', 'Centro Fotografia', 'Museo Conte', 'Casa Giulietta', 'Palazzo della Ragione']",Casa Giulietta,strategy_nearest,True,0.0034770965576171875,success
0453A7429C4C80,2,"['San Fermo', 'Casa Giulietta']",Duomo,"['AMO', 'Museo Miniscalchi', 'Santa Anastasia', 'Teatro Romano', 'Palazzo della Ragione']",Teatro Romano,strategy_nearest,True,0.0027892589569091797,success
0453AD3A9C4C80,2,['Casa Giulietta'],Torre Lamberti,"['Sighseeing', 'Centro Fotografia', 'Museo Conte', 'Palazzo della Ragione', 'AMO']",Santa Anastasia,strategy_nearest,False,0.0023369789123535156,success
0453AB3A9C4C80,0,"['Arena', 'Torre Lamberti']",Casa Giulietta,"['Centro Fotografia', 'Sighseeing', 'Museo Conte', 'Museo Radio', 'Palazzo della Ragione']",San Fermo,strategy_nearest,False,0.004141092300415039,success
0453B23A9C4C80,3,"['Arena', 'Casa Giulietta']",San Fermo,"['Museo Storia', 'Museo Radio', 'Centro Fotografia', 'Sighseeing', 'Torre Lamberti']",Torre Lamberti,strategy_nearest,True,0.003147125244140625,success
0453B9429C4C80,3,"['Arena', 'San Fermo']",Casa Giulietta,"['Centro Fotografia', 'Sighseeing', 'Torre Lamberti', 'Museo Conte', 'Museo Radio']",Torre Lamberti,strategy_nearest,True,0.0020558834075927734,success
0453B53A9C4C80,0,['Arena'],Casa Giulietta,"['Centro Fotografia', 'Sighseeing', 'Torre Lamberti', 'Museo Conte', 'Museo Radio']",Santa Anastasia,strategy_nearest,False,0.002841949462890625,success
0453B6429C4C80,2,"['Teatro Romano', 'Palazzo della Ragione']",Santa Anastasia,"['AMO', 'Museo Conte', 'Centro Fotografia', 'Duomo', 'Torre Lamberti']",Duomo,strategy_nearest,True,0.0034492015838623047,success
0453BC429C4C80,3,"['Arena', 'Casa Giulietta']",Torre Lamberti,"['Sighseeing', 'Centro Fotografia', 'Museo Conte', 'Palazzo della Ragione', 'AMO']",Santa Anastasia,strategy_nearest,False,0.0033431053161621094,success
0453CA429C4C80,2,['Casa Giulietta'],Duomo,"['AMO', 'Museo Miniscalchi', 'Santa Anastasia', 'Teatro Romano', 'Palazzo della Ragione']",Teatro Romano,strategy_nearest,True,0.0025300979614257812,success
0453C6429C4C80,3,"['Arena', 'Casa Giulietta']",San Fermo,"['Museo Storia', 'Museo Radio', 'Centro Fotografia', 'Sighseeing', 'Torre Lamberti']",Santa Anastasia,strategy_nearest,False,0.002264738082885742,success
0453C83A9C4C80,2,['Castelvecchio'],San Fermo,"['Museo Storia', 'Museo Radio', 'Casa Giulietta', 'Centro Fotografia', 'Arena']",Santa Anastasia,strategy_nearest,False,0.003264188766479492,success
0453D03A9C4C80,3,"['Arena', 'Museo Lapidario']",Casa Giulietta,"['Centro Fotografia', 'Sighseeing', 'Torre Lamberti', 'Museo Conte', 'Museo Radio']",Torre Lamberti,strategy_nearest,True,0.002380847930908203,success
0453DB3A9C4C80,0,"['Casa Giulietta', 'Arena']",Teatro Romano,"['Santa Anastasia', 'Duomo', 'AMO', 'Palazzo della Ragione', 'Museo Conte']",San Zeno,strategy_nearest,False,0.0034859180450439453,success
0453E83A9C4C80,0,['Arena'],Casa Giulietta,"['Centro Fotografia', 'Sighseeing', 'Torre Lamberti', 'Museo Conte', 'Museo Radio']",Tomba Giulietta,strategy_nearest,False,0.0028138160705566406,success
0453DA3A9C4C80,2,"['Casa Giulietta', 'Palazzo della Ragione']",Tomba Giulietta,"['San Fermo', 'Museo Storia', 'Arena', 'Museo Lapidario', 'Museo Radio']",Duomo,strategy_nearest,False,0.0029592514038085938,success
0453E8429C4C80,3,"['Castelvecchio', 'Santa Anastasia', 'Duomo']",Casa Giulietta,"['Centro Fotografia', 'Sighseeing', 'Torre Lamberti', 'Museo Conte', 'Museo Radio']",San Fermo,strategy_nearest,False,0.003461122512817383,success
0453ED3A9C4C80,3,"['Arena', 'Casa Giulietta']",Torre Lamberti,"['Sighseeing', 'Centro Fotografia', 'Museo Conte', 'Palazzo della Ragione', 'AMO']",Santa Anastasia,strategy_nearest,False,0.0016200542449951172,success
0453EE3A9C4C80,3,"['Arena', 'Duomo']",Santa Anastasia,"['AMO', 'Museo Conte', 'Palazzo della Ragione', 'Teatro Romano', 'Centro Fotografia']",Torre Lamberti,strategy_nearest,False,0.003270864486694336,success
0454033A9C4C84,3,['Arena'],Castelvecchio,"['Museo Lapidario', 'Verona Tour', 'Museo Radio', 'San Zeno', 'Sighseeing']",Santa Anastasia,strategy_nearest,False,0.002537965774536133,success
0454083A9C4C84,0,['Arena'],Casa Giulietta,"['Centro Fotografia', 'Sighseeing', 'Torre Lamberti', 'Museo Conte', 'Museo Radio']",Castelvecchio,strategy_nearest,False,0.002425670623779297,success
0454224A9C4C80,3,"['Casa Giulietta', 'Arena', 'Castelvecchio']",San Zeno,"['Verona Tour', 'Museo Lapidario', 'Museo Miniscalchi', 'Sighseeing', 'Museo Radio']",Santa Anastasia,strategy_nearest,False,0.0019183158874511719,success
04540C3A9C4C84,0,['Arena'],Casa Giulietta,"['Centro Fotografia', 'Sighseeing', 'Torre Lamberti', 'Museo Conte', 'Museo Radio']",Castelvecchio,strategy_nearest,False,0.0039288997650146484,success
04542A429C4C80,3,['San Fermo'],Arena,"['Verona Tour', 'Museo Lapidario', 'Museo Radio', 'Casa Giulietta', 'Sighseeing']",Casa Giulietta,strategy_nearest,True,0.003016948699951172,success
0454533A9C4C80,3,['Arena'],Santa Anastasia,"['AMO', 'Museo Conte', 'Palazzo della Ragione', 'Teatro Romano', 'Centro Fotografia']",Torre Lamberti,strategy_nearest,False,0.002532958984375,success
0454383A9C4C80,3,"['Castelvecchio', 'San Zeno']",Arena,"['Verona Tour', 'Museo Lapidario', 'Museo Radio', 'San Fermo', 'Casa Giulietta']",Santa Anastasia,strategy_nearest,False,0.0027582645416259766,success
04543A429C4C80,3,"['Santa Anastasia', 'Torre Lamberti', 'Tomba Giulietta']",Arena,"['Verona Tour', 'Museo Lapidario', 'Museo Radio', 'San Fermo', 'Casa Giulietta']",Castelvecchio,strategy_nearest,False,0.0014569759368896484,success
045439429C4C80,3,"['Santa Anastasia', 'Teatro Romano', 'Duomo']",Castelvecchio,"['Museo Lapidario', 'Verona Tour', 'Arena', 'Museo Radio', 'San Zeno']",Casa Giulietta,strategy_nearest,False,0.00337982177734375,success
0454683A9C4C80,2,"['Torre Lamberti', 'Palazzo della Ragione', 'Teatro Romano', 'Tomba Giulietta']",Castelvecchio,"['Museo Lapidario', 'Verona Tour', 'Arena', 'Museo Radio', 'San Zeno']",Museo Lapidario,strategy_nearest,True,0.001420736312866211,success
0454653A9C4C80,0,['Castelvecchio'],Arena,"['Verona Tour', 'Museo Lapidario', 'Museo Radio', 'San Fermo', 'Casa Giulietta']",Giardino Giusti,strategy_nearest,False,0.0033609867095947266,success
045471429C4C80,0,['Torre Lamberti'],Casa Giulietta,"['Centro Fotografia', 'Sighseeing', 'Museo Conte', 'Museo Radio', 'Palazzo della Ragione']",Arena,strategy_nearest,False,0.0019712448120117188,success
045483429C4C80,0,['Castelvecchio'],Arena,"['Verona Tour', 'Museo Lapidario', 'Museo Radio', 'San Fermo', 'Casa Giulietta']",Duomo,strategy_nearest,False,0.0018587112426757812,success
045479429C4C80,0,['Duomo'],Casa Giulietta,"['Centro Fotografia', 'Sighseeing', 'Torre Lamberti', 'Museo Conte', 'Museo Radio']",Arena,strategy_nearest,False,0.0034470558166503906,success
045484429C4C80,0,['Arena'],Duomo,"['AMO', 'Museo Miniscalchi', 'Santa Anastasia', 'Teatro Romano', 'Palazzo della Ragione']",Teatro Romano,strategy_nearest,True,0.0024602413177490234,success
0454844A9C4C80,3,['Santa Anastasia'],Duomo,"['AMO', 'Museo Miniscalchi', 'Teatro Romano', 'Palazzo della Ragione', 'Museo Conte']",Casa Giulietta,strategy_nearest,False,0.0023059844970703125,success
045482429C4C80,3,"['Arena', 'Castelvecchio']",Museo Lapidario,"['Verona Tour', 'Museo Radio', 'San Fermo', 'Casa Giulietta', 'Tomba Giulietta']",Casa Giulietta,strategy_nearest,True,0.002817869186401367,success
045486429C4C80,0,"['Arena', 'Casa Giulietta']",Torre Lamberti,"['Sighseeing', 'Centro Fotografia', 'Museo Conte', 'Palazzo della Ragione', 'AMO']",Tomba Giulietta,strategy_nearest,False,0.0032830238342285156,success
04548A429C4C80,2,['Casa Giulietta'],Santa Anastasia,"['AMO', 'Museo Conte', 'Palazzo della Ragione', 'Teatro Romano', 'Centro Fotografia']",Duomo,strategy_nearest,False,0.003259897232055664,success
04548D4A9C4C80,0,['Arena'],Torre Lamberti,"['Sighseeing', 'Centro Fotografia', 'Museo Conte', 'Casa Giulietta', 'Palazzo della Ragione']",Casa Giulietta,strategy_nearest,True,0.0017750263214111328,success
0454924A9C4C80,3,"['Arena', 'Castelvecchio']",San Zeno,"['Verona Tour', 'Museo Lapidario', 'Museo Miniscalchi', 'Sighseeing', 'Museo Radio']",Casa Giulietta,strategy_nearest,False,0.002396821975708008,success
04548D3A9C4C80,0,['Arena'],Museo Lapidario,"['Verona Tour', 'Castelvecchio', 'Museo Radio', 'San Fermo', 'Casa Giulietta']",Casa Giulietta,strategy_nearest,True,0.004456996917724609,success
0454974A9C4C80,3,"['Arena', 'San Fermo']",Santa Anastasia,"['AMO', 'Museo Conte', 'Palazzo della Ragione', 'Teatro Romano', 'Centro Fotografia']",Duomo,strategy_nearest,False,0.0024492740631103516,success
0454944A9C4C80,2,['Casa Giulietta'],San Fermo,"['Museo Storia', 'Museo Radio', 'Centro Fotografia', 'Arena', 'Sighseeing']",Santa Anastasia,strategy_nearest,False,0.003401041030883789,success
04549F429C4C80,3,['Arena'],Santa Anastasia,"['AMO', 'Museo Conte', 'Palazzo della Ragione', 'Teatro Romano', 'Centro Fotografia']",Duomo,strategy_nearest,False,0.0032961368560791016,success
0454A44A9C4C80,3,"['Tomba Giulietta', 'Arena', 'Casa Giulietta']",Torre Lamberti,"['Sighseeing', 'Centro Fotografia', 'Museo Conte', 'Palazzo della Ragione', 'AMO']",Santa Anastasia,strategy_nearest,False,0.0031921863555908203,success
04549F4A9C4C80,0,['Tomba Giulietta'],Arena,"['Verona Tour', 'Museo Lapidario', 'Museo Radio', 'San Fermo', 'Casa Giulietta']",Casa Giulietta,strategy_nearest,True,0.002640962600708008,success
0454A54A9C4C80,0,['Arena'],Casa Giulietta,"['Centro Fotografia', 'Sighseeing', 'Torre Lamberti', 'Museo Conte', 'Museo Radio']",Torre Lamberti,strategy_nearest,True,0.0031309127807617188,success
0454A94A9C4C80,2,"['Torre Lamberti', 'Santa Anastasia']",Duomo,"['AMO', 'Museo Miniscalchi', 'Teatro Romano', 'Palazzo della Ragione', 'Museo Conte']",San Zeno,strategy_nearest,False,0.002996206283569336,success
0454B43A9C4C80,3,['Arena'],Casa Giulietta,"['Centro Fotografia', 'Sighseeing', 'Torre Lamberti', 'Museo Conte', 'Museo Radio']",Santa Anastasia,strategy_nearest,False,0.0027391910552978516,success
0454AB4A9C4C80,0,['Arena'],Castelvecchio,"['Museo Lapidario', 'Verona Tour', 'Museo Radio', 'San Zeno', 'Sighseeing']",Torre Lamberti,strategy_nearest,False,0.0029802322387695312,success
0454B93A9C4C80,3,['Arena'],Santa Anastasia,"['AMO', 'Museo Conte', 'Palazzo della Ragione', 'Teatro Romano', 'Centro Fotografia']",Duomo,strategy_nearest,False,0.0033721923828125,success
0454BC429C4C80,2,['Casa Giulietta'],Teatro Romano,"['Santa Anastasia', 'Duomo', 'AMO', 'Palazzo della Ragione', 'Museo Conte']",Castelvecchio,strategy_nearest,False,0.0025408267974853516,success
0454DA3A9C4C80,3,"['Casa Giulietta', 'Teatro Romano']",Duomo,"['AMO', 'Museo Miniscalchi', 'Santa Anastasia', 'Palazzo della Ragione', 'Museo Conte']",Arena,strategy_nearest,False,0.0012671947479248047,success
0454CE3A9C4C80,3,"['Arena', 'Casa Giulietta']",Santa Anastasia,"['AMO', 'Museo Conte', 'Palazzo della Ragione', 'Teatro Romano', 'Centro Fotografia']",Duomo,strategy_nearest,False,0.003434896469116211,success
0454D73A9C4C80,3,"['Castelvecchio', 'Duomo']",Teatro Romano,"['Santa Anastasia', 'AMO', 'Palazzo della Ragione', 'Museo Conte', 'Centro Fotografia']",San Fermo,strategy_nearest,False,0.0020301342010498047,success
0454DB3A9C4C80,1,"['Casa Giulietta', 'Torre Lamberti', 'Palazzo della Ragione', 'Castelvecchio']",Arena,"['Verona Tour', 'Museo Lapidario', 'Museo Radio', 'San Fermo', 'Sighseeing']",Santa Anastasia,strategy_nearest,False,0.003387928009033203,success
0454DD429C4C80,3,"['Arena', 'Torre Lamberti']",Santa Anastasia,"['AMO', 'Museo Conte', 'Palazzo della Ragione', 'Teatro Romano', 'Centro Fotografia']",Castelvecchio,strategy_nearest,False,0.001956939697265625,success
0454E1429C4C80,0,"['Arena', 'Casa Giulietta']",San Fermo,"['Museo Storia', 'Museo Radio', 'Centro Fotografia', 'Sighseeing', 'Torre Lamberti']",Museo Storia,strategy_nearest,True,0.0035707950592041016,success
0454FC429C4C80,0,['Teatro Romano'],Torre Lamberti,"['Sighseeing', 'Centro Fotografia', 'Museo Conte', 'Casa Giulietta', 'Palazzo della Ragione']",Arena,strategy_nearest,False,0.0036132335662841797,success
0454FA3A9C4C80,0,['Casa Giulietta'],Arena,"['Verona Tour', 'Museo Lapidario', 'Museo Radio', 'San Fermo', 'Sighseeing']",Museo Lapidario,strategy_nearest,True,0.002003908157348633,success
04550F3A9C4C84,2,"['Tomba Giulietta', 'San Fermo', 'Casa Giulietta']",Torre Lamberti,"['Sighseeing', 'Centro Fotografia', 'Museo Conte', 'Palazzo della Ragione', 'AMO']",Santa Anastasia,strategy_nearest,False,0.003332853317260742,success
045512429C4C84,1,"['Castelvecchio', 'Arena']",Torre Lamberti,"['Sighseeing', 'Centro Fotografia', 'Museo Conte', 'Casa Giulietta', 'Palazzo della Ragione']",Palazzo della Ragione,strategy_nearest,True,0.0019850730895996094,success
0455003A9C4C84,2,['Casa Giulietta'],Torre Lamberti,"['Sighseeing', 'Centro Fotografia', 'Museo Conte', 'Palazzo della Ragione', 'AMO']",Palazzo della Ragione,strategy_nearest,True,0.003565073013305664,success
04550F429C4C84,2,['San Fermo'],Santa Anastasia,"['AMO', 'Museo Conte', 'Palazzo della Ragione', 'Teatro Romano', 'Centro Fotografia']",Duomo,strategy_nearest,False,0.0015270709991455078,success
0455264A9C4C80,0,['Casa Giulietta'],Torre Lamberti,"['Sighseeing', 'Centro Fotografia', 'Museo Conte', 'Palazzo della Ragione', 'AMO']",Arena,strategy_nearest,False,0.002212047576904297,success
04552E429C4C80,0,['Arena'],Casa Giulietta,"['Centro Fotografia', 'Sighseeing', 'Torre Lamberti', 'Museo Conte', 'Museo Radio']",Castelvecchio,strategy_nearest,False,0.0026040077209472656,success
04552A429C4C80,3,"['Arena', 'Tomba Giulietta', 'San Fermo', 'Santa Anastasia']",Teatro Romano,"['Duomo', 'AMO', 'Palazzo della Ragione', 'Museo Conte', 'Centro Fotografia']",Duomo,strategy_nearest,True,0.0033028125762939453,success
045527429C4C80,0,['Arena'],Duomo,"['AMO', 'Museo Miniscalchi', 'Santa Anastasia', 'Teatro Romano', 'Palazzo della Ragione']",Castelvecchio,strategy_nearest,False,0.001580953598022461,success
045533429C4C80,3,"['Arena', 'Torre Lamberti', 'Casa Giulietta', 'Tomba Giulietta']",San Fermo,"['Museo Storia', 'Museo Radio', 'Centro Fotografia', 'Sighseeing', 'Museo Conte']",Santa Anastasia,strategy_nearest,False,0.00225830078125,success
0455393A9C4C80,3,"['San Fermo', 'Arena', 'Castelvecchio']",Santa Anastasia,"['AMO', 'Museo Conte', 'Palazzo della Ragione', 'Teatro Romano', 'Centro Fotografia']",Duomo,strategy_nearest,False,0.0014977455139160156,success
045539429C4C80,3,"['Arena', 'San Fermo']",Santa Anastasia,"['AMO', 'Museo Conte', 'Palazzo della Ragione', 'Teatro Romano', 'Centro Fotografia']",Duomo,strategy_nearest,False,0.002827882766723633,success
04553C429C4C80,1,"['Teatro Romano', 'Duomo', 'Santa Anastasia', 'Casa Giulietta']",Arena,"['Verona Tour', 'Museo Lapidario', 'Museo Radio', 'San Fermo', 'Sighseeing']",Museo Lapidario,strategy_nearest,True,0.004105091094970703,success
045543429C4C80,0,"['San Fermo', 'Museo Storia']",Castelvecchio,"['Museo Lapidario', 'Verona Tour', 'Arena', 'Museo Radio', 'San Zeno']",Giardino Giusti,strategy_nearest,False,0.0028579235076904297,success
045546429C4C80,2,"['Casa Giulietta', 'Torre Lamberti']",Palazzo della Ragione,"['AMO', 'Museo Conte', 'Centro Fotografia', 'Sighseeing', 'Santa Anastasia']",Santa Anastasia,strategy_nearest,True,0.0031380653381347656,success
04553D429C4C80,1,"['San Zeno', 'Castelvecchio', 'Teatro Romano', 'Duomo', 'Santa Anastasia']",Arena,"['Verona Tour', 'Museo Lapidario', 'Museo Radio', 'San Fermo', 'Casa Giulietta']",Casa Giulietta,strategy_nearest,True,0.002257823944091797,success
0455563A9C4C80,2,"['Casa Giulietta', 'San Fermo']",Santa Anastasia,"['AMO', 'Museo Conte', 'Palazzo della Ragione', 'Teatro Romano', 'Centro Fotografia']",Duomo,strategy_nearest,False,0.0035250186920166016,success
0455573A9C4C80,0,['Arena'],Casa Giulietta,"['Centro Fotografia', 'Sighseeing', 'Torre Lamberti', 'Museo Conte', 'Museo Radio']",Torre Lamberti,strategy_nearest,True,0.0013577938079833984,success
045558429C4C80,2,"['Teatro Romano', 'San Zeno', 'Castelvecchio', 'Casa Giulietta']",Santa Anastasia,"['AMO', 'Museo Conte', 'Palazzo della Ragione', 'Centro Fotografia', 'Duomo']",Duomo,strategy_nearest,True,0.0032629966735839844,success
04554D3A9C4C80,3,"['Arena', 'Casa Giulietta']",Torre Lamberti,"['Sighseeing', 'Centro Fotografia', 'Museo Conte', 'Palazzo della Ragione', 'AMO']",Duomo,strategy_nearest,False,0.003509044647216797,success
045574429C4C80,3,['Arena'],Torre Lamberti,"['Sighseeing', 'Centro Fotografia', 'Museo Conte', 'Casa Giulietta', 'Palazzo della Ragione']",Santa Anastasia,strategy_nearest,False,0.0021359920501708984,success
0455613A9C4C80,0,['Arena'],Castelvecchio,"['Museo Lapidario', 'Verona Tour', 'Museo Radio', 'San Zeno', 'Sighseeing']",Teatro Romano,strategy_nearest,False,0.002796649932861328,success
045576429C4C80,3,"['Casa Giulietta', 'Torre Lamberti', 'Santa Anastasia']",Teatro Romano,"['Duomo', 'AMO', 'Palazzo della Ragione', 'Museo Conte', 'Centro Fotografia']",Duomo,strategy_nearest,True,0.0015139579772949219,success
0455603A9C4C80,0,['Duomo'],Castelvecchio,"['Museo Lapidario', 'Verona Tour', 'Arena', 'Museo Radio', 'San Zeno']",Arena,strategy_nearest,True,0.0034160614013671875,success
04557F429C4C80,0,['Casa Giulietta'],Teatro Romano,"['Santa Anastasia', 'Duomo', 'AMO', 'Palazzo della Ragione', 'Museo Conte']",Torre Lamberti,strategy_nearest,False,0.002850055694580078,success
045585429C4C80,0,['Arena'],Casa Giulietta,"['Centro Fotografia', 'Sighseeing', 'Torre Lamberti', 'Museo Conte', 'Museo Radio']",Teatro Romano,strategy_nearest,False,0.00327301025390625,success
045580429C4C80,3,"['Casa Giulietta', 'San Fermo']",Santa Anastasia,"['AMO', 'Museo Conte', 'Palazzo della Ragione', 'Teatro Romano', 'Centro Fotografia']",Castelvecchio,strategy_nearest,False,0.002178192138671875,success
04557A4A9C4C80,3,"['Arena', 'Casa Giulietta']",Torre Lamberti,"['Sighseeing', 'Centro Fotografia', 'Museo Conte', 'Palazzo della Ragione', 'AMO']",Teatro Romano,strategy_nearest,False,0.0026319026947021484,success
0455934A9C4C80,0,['Casa Giulietta'],Santa Anastasia,"['AMO', 'Museo Conte', 'Palazzo della Ragione', 'Teatro Romano', 'Centro Fotografia']",Arena,strategy_nearest,False,0.003124237060546875,success
04558E4A9C4C80,2,"['San Zeno', 'Castelvecchio']",Teatro Romano,"['Santa Anastasia', 'Duomo', 'AMO', 'Palazzo della Ragione', 'Museo Conte']",Duomo,strategy_nearest,True,0.0016300678253173828,success
04559F4A9C4C80,0,['Arena'],Torre Lamberti,"['Sighseeing', 'Centro Fotografia', 'Museo Conte', 'Casa Giulietta', 'Palazzo della Ragione']",Casa Giulietta,strategy_nearest,True,0.00240325927734375,success
0455A93A9C4C80,3,['Arena'],Santa Anastasia,"['AMO', 'Museo Conte', 'Palazzo della Ragione', 'Teatro Romano', 'Centro Fotografia']",Duomo,strategy_nearest,False,0.0036611557006835938,success
0455BC3A9C4C80,0,['Arena'],Teatro Romano,"['Santa Anastasia', 'Duomo', 'AMO', 'Palazzo della Ragione', 'Museo Conte']",Duomo,strategy_nearest,True,0.002070903778076172,success
0455AD429C4C80,2,['Casa Giulietta'],Torre Lamberti,"['Sighseeing', 'Centro Fotografia', 'Museo Conte', 'Palazzo della Ragione', 'AMO']",Teatro Romano,strategy_nearest,False,0.002198934555053711,success
0455AE429C4C80,0,['Arena'],Duomo,"['AMO', 'Museo Miniscalchi', 'Santa Anastasia', 'Teatro Romano', 'Palazzo della Ragione']",Casa Giulietta,strategy_nearest,False,0.003420114517211914,success
0455AB4A9C4C80,0,['Arena'],Casa Giulietta,"['Centro Fotografia', 'Sighseeing', 'Torre Lamberti', 'Museo Conte', 'Museo Radio']",Santa Anastasia,strategy_nearest,False,0.0034351348876953125,success
0455C7429C4C80,1,"['Arena', 'Museo Lapidario', 'Castelvecchio', 'Duomo']",Teatro Romano,"['Santa Anastasia', 'AMO', 'Palazzo della Ragione', 'Museo Conte', 'Centro Fotografia']",Santa Anastasia,strategy_nearest,True,0.0022039413452148438,success
0455C2429C4C80,0,"['Castelvecchio', 'Arena']",Casa Giulietta,"['Centro Fotografia', 'Sighseeing', 'Torre Lamberti', 'Museo Conte', 'Museo Radio']",Torre Lamberti,strategy_nearest,True,0.0028159618377685547,success
0455BE3A9C4C80,0,"['Arena', 'Casa Giulietta']",Torre Lamberti,"['Sighseeing', 'Centro Fotografia', 'Museo Conte', 'Palazzo della Ragione', 'AMO']",Teatro Romano,strategy_nearest,False,0.002256155014038086,success
0455CA3A9C4C80,0,['Castelvecchio'],Arena,"['Verona Tour', 'Museo Lapidario', 'Museo Radio', 'San Fermo', 'Casa Giulietta']",Casa Giulietta,strategy_nearest,True,0.003320932388305664,success
0455F43A9C4C80,0,['Tomba Giulietta'],Giardino Giusti,"['Santa Anastasia', 'Teatro Romano', 'Museo Conte', 'Centro Fotografia', 'Museo Storia']",Arena,strategy_nearest,False,0.0026581287384033203,success
0455CF429C4C80,3,"['Torre Lamberti', 'Casa Giulietta', 'Santa Anastasia']",Duomo,"['AMO', 'Museo Miniscalchi', 'Teatro Romano', 'Palazzo della Ragione', 'Museo Conte']",Tomba Giulietta,strategy_nearest,False,0.004056215286254883,success
0455D73A9C4C80,3,"['Casa Giulietta', 'Torre Lamberti', 'Duomo']",San Fermo,"['Museo Storia', 'Museo Radio', 'Centro Fotografia', 'Arena', 'Sighseeing']",Arena,strategy_nearest,True,0.002212047576904297,success
0455F2429C4C80,3,"['Arena', 'Castelvecchio', 'San Fermo', 'Giardino Giusti']",Casa Giulietta,"['Centro Fotografia', 'Sighseeing', 'Torre Lamberti', 'Museo Conte', 'Museo Radio']",Santa Anastasia,strategy_nearest,False,0.00220489501953125,success
04560E429C4C84,3,"['Arena', 'Casa Giulietta']",Torre Lamberti,"['Sighseeing', 'Centro Fotografia', 'Museo Conte', 'Palazzo della Ragione', 'AMO']",Santa Anastasia,strategy_nearest,False,0.0013728141784667969,success
0455F83A9C4C80,3,['Casa Giulietta'],Santa Anastasia,"['AMO', 'Museo Conte', 'Palazzo della Ragione', 'Teatro Romano', 'Centro Fotografia']",Arena,strategy_nearest,False,0.002238035202026367,success
0456013A9C4C84,3,"['Arena', 'Tomba Giulietta']",Santa Anastasia,"['AMO', 'Museo Conte', 'Palazzo della Ragione', 'Teatro Romano', 'Centro Fotografia']",Casa Giulietta,strategy_nearest,False,0.0034720897674560547,success
0455FA3A9C4C80,3,"['Torre Lamberti', 'Castelvecchio']",Arena,"['Verona Tour', 'Museo Lapidario', 'Museo Radio', 'San Fermo', 'Casa Giulietta']",Santa Anastasia,strategy_nearest,False,0.002855062484741211,success
045611429C4C84,0,['Santa Anastasia'],Casa Giulietta,"['Centro Fotografia', 'Sighseeing', 'Torre Lamberti', 'Museo Conte', 'Museo Radio']",Arena,strategy_nearest,False,0.003325939178466797,success
0456193A9C4C84,3,"['Casa Giulietta', 'San Fermo', 'Arena']",Teatro Romano,"['Santa Anastasia', 'Duomo', 'AMO', 'Palazzo della Ragione', 'Museo Conte']",Duomo,strategy_nearest,True,0.0019321441650390625,success
045614429C4C84,3,['Arena'],San Zeno,"['Castelvecchio', 'Verona Tour', 'Museo Lapidario', 'Museo Miniscalchi', 'Sighseeing']",Santa Anastasia,strategy_nearest,False,0.0013577938079833984,success
04561D429C4C84,0,['Torre Lamberti'],Arena,"['Verona Tour', 'Museo Lapidario', 'Museo Radio', 'San Fermo', 'Casa Giulietta']",Castelvecchio,strategy_nearest,False,0.003133058547973633,success
045644429C4C80,0,['Arena'],Casa Giulietta,"['Centro Fotografia', 'Sighseeing', 'Torre Lamberti', 'Museo Conte', 'Museo Radio']",Torre Lamberti,strategy_nearest,True,0.001909017562866211,success
04562F3A9C4C80,3,"['Castelvecchio', 'Arena', 'San Fermo', 'Casa Giulietta']",Torre Lamberti,"['Sighseeing', 'Centro Fotografia', 'Museo Conte', 'Palazzo della Ragione', 'AMO']",Santa Anastasia,strategy_nearest,False,0.0018680095672607422,success
045638429C4C80,3,"['Arena', 'San Fermo', 'Torre Lamberti']",Santa Anastasia,"['AMO', 'Museo Conte', 'Palazzo della Ragione', 'Teatro Romano', 'Centro Fotografia']",Duomo,strategy_nearest,False,0.0031838417053222656,success
04564B429C4C80,3,"['Arena', 'Casa Giulietta', 'Castelvecchio']",Santa Anastasia,"['AMO', 'Museo Conte', 'Palazzo della Ragione', 'Teatro Romano', 'Centro Fotografia']",Duomo,strategy_nearest,False,0.003186941146850586,success
045656429C4C80,3,"['Arena', 'Casa Giulietta']",Torre Lamberti,"['Sighseeing', 'Centro Fotografia', 'Museo Conte', 'Palazzo della Ragione', 'AMO']",Santa Anastasia,strategy_nearest,False,0.0027971267700195312,success
04564D3A9C4C80,2,['Torre Lamberti'],Casa Giulietta,"['Centro Fotografia', 'Sighseeing', 'Museo Conte', 'Museo Radio', 'Palazzo della Ragione']",Santa Anastasia,strategy_nearest,False,0.002783060073852539,success
04566B429C4C80,2,"['Casa Giulietta', 'Torre Lamberti', 'Santa Anastasia']",Duomo,"['AMO', 'Museo Miniscalchi', 'Teatro Romano', 'Palazzo della Ragione', 'Museo Conte']",Teatro Romano,strategy_nearest,True,0.0027267932891845703,success
04566C3A9C4C80,0,"['Arena', 'Castelvecchio', 'Casa Giulietta']",Museo Lapidario,"['Verona Tour', 'Museo Radio', 'San Fermo', 'Tomba Giulietta', 'Sighseeing']",Museo Storia,strategy_nearest,False,0.0029211044311523438,success
04567D429C4C80,3,"['Casa Giulietta', 'Torre Lamberti', 'Santa Anastasia']",Teatro Romano,"['Duomo', 'AMO', 'Palazzo della Ragione', 'Museo Conte', 'Centro Fotografia']",Duomo,strategy_nearest,True,0.0013949871063232422,success
045679429C4C80,0,['Casa Giulietta'],Arena,"['Verona Tour', 'Museo Lapidario', 'Museo Radio', 'San Fermo', 'Sighseeing']",Teatro Romano,strategy_nearest,False,0.00399017333984375,success
04567B4A9C4C80,3,"['Arena', 'Casa Giulietta']",Torre Lamberti,"['Sighseeing', 'Centro Fotografia', 'Museo Conte', 'Palazzo della Ragione', 'AMO']",Santa Anastasia,strategy_nearest,False,0.0021686553955078125,success
04567D4A9C4C80,3,"['Teatro Romano', 'Duomo', 'Santa Anastasia']",Torre Lamberti,"['Sighseeing', 'Centro Fotografia', 'Museo Conte', 'Casa Giulietta', 'Palazzo della Ragione']",Casa Giulietta,strategy_nearest,True,0.0032858848571777344,success
045680429C4C80,0,"['Casa Giulietta', 'Torre Lamberti']",Tomba Giulietta,"['San Fermo', 'Museo Storia', 'Arena', 'Museo Lapidario', 'Museo Radio']",Arena,strategy_nearest,True,0.0033850669860839844,success
045682429C4C80,3,"['Torre Lamberti', 'Duomo']",San Fermo,"['Museo Storia', 'Museo Radio', 'Casa Giulietta', 'Centro Fotografia', 'Arena']",Museo Storia,strategy_nearest,True,0.0021049976348876953,success
0456804A9C4C80,2,['Casa Giulietta'],Santa Anastasia,"['AMO', 'Museo Conte', 'Palazzo della Ragione', 'Teatro Romano', 'Centro Fotografia']",Teatro Romano,strategy_nearest,True,0.002010822296142578,success
045684429C4C80,0,"['Arena', 'Castelvecchio']",Torre Lamberti,"['Sighseeing', 'Centro Fotografia', 'Museo Conte', 'Casa Giulietta', 'Palazzo della Ragione']",Casa Giulietta,strategy_nearest,True,0.003313779830932617,success
045688429C4C80,3,"['Casa Giulietta', 'Arena', 'Tomba Giulietta']",Torre Lamberti,"['Sighseeing', 'Centro Fotografia', 'Museo Conte', 'Palazzo della Ragione', 'AMO']",Santa Anastasia,strategy_nearest,False,0.0020902156829833984,success
045687429C4C80,3,"['Arena', 'Castelvecchio']",Casa Giulietta,"['Centro Fotografia', 'Sighseeing', 'Torre Lamberti', 'Museo Conte', 'Museo Radio']",Santa Anastasia,strategy_nearest,False,0.0020661354064941406,success
0456934A9C4C80,0,['Arena'],Castelvecchio,"['Museo Lapidario', 'Verona Tour', 'Museo Radio', 'San Zeno', 'Sighseeing']",Casa Giulietta,strategy_nearest,False,0.0028221607208251953,success
045698429C4C80,3,['Arena'],Teatro Romano,"['Santa Anastasia', 'Duomo', 'AMO', 'Palazzo della Ragione', 'Museo Conte']",Santa Anastasia,strategy_nearest,True,0.003304004669189453,success
04569A429C4C80,3,"['Arena', 'San Fermo']",Casa Giulietta,"['Centro Fotografia', 'Sighseeing', 'Torre Lamberti', 'Museo Conte', 'Museo Radio']",Torre Lamberti,strategy_nearest,True,0.002540111541748047,success
0456AB3A9C4C80,0,['Arena'],Casa Giulietta,"['Centro Fotografia', 'Sighseeing', 'Torre Lamberti', 'Museo Conte', 'Museo Radio']",Duomo,strategy_nearest,False,0.001983165740966797,success
0456AD429C4C80,3,['Arena'],Torre Lamberti,"['Sighseeing', 'Centro Fotografia', 'Museo Conte', 'Casa Giulietta', 'Palazzo della Ragione']",Casa Giulietta,strategy_nearest,True,0.002836942672729492,success
0456AB4A9C4C80,2,['Casa Giulietta'],Torre Lamberti,"['Sighseeing', 'Centro Fotografia', 'Museo Conte', 'Palazzo della Ragione', 'AMO']",Torre Lamberti,strategy_nearest,False,0.002783060073852539,success
0456BA429C4C80,1,['Arena'],Torre Lamberti,"['Sighseeing', 'Centro Fotografia', 'Museo Conte', 'Casa Giulietta', 'Palazzo della Ragione']",Palazzo della Ragione,strategy_nearest,True,0.0025148391723632812,success
0456AE3A9C4C80,0,"['Arena', 'Museo Lapidario', 'Castelvecchio']",Casa Giulietta,"['Centro Fotografia', 'Sighseeing', 'Torre Lamberti', 'Museo Conte', 'Museo Radio']",Torre Lamberti,strategy_nearest,True,0.0024421215057373047,success
0456BE429C4C80,3,['Arena'],Castelvecchio,"['Museo Lapidario', 'Verona Tour', 'Museo Radio', 'San Zeno', 'Sighseeing']",San Zeno,strategy_nearest,True,0.0027811527252197266,success
0456E13A9C4C80,3,"['Castelvecchio', 'San Zeno', 'Torre Lamberti']",Santa Anastasia,"['AMO', 'Museo Conte', 'Palazzo della Ragione', 'Teatro Romano', 'Centro Fotografia']",Giardino Giusti,strategy_nearest,False,0.003359079360961914,success
0456E3429C4C80,0,['Arena'],Casa Giulietta,"['Centro Fotografia', 'Sighseeing', 'Torre Lamberti', 'Museo Conte', 'Museo Radio']",Torre Lamberti,strategy_nearest,True,0.0023779869079589844,success
0456E4429C4C80,3,"['Arena', 'Santa Anastasia', 'Teatro Romano', 'Duomo']",San Fermo,"['Museo Storia', 'Museo Radio', 'Casa Giulietta', 'Centro Fotografia', 'Sighseeing']",Casa Giulietta,strategy_nearest,True,0.0032761096954345703,success
0456EE429C4C80,0,['Museo Lapidario'],Arena,"['Verona Tour', 'Museo Radio', 'San Fermo', 'Casa Giulietta', 'Sighseeing']",Tomba Giulietta,strategy_nearest,False,0.001981973648071289,success
0456EF429C4C80,3,"['Castelvecchio', 'Arena', 'Casa Giulietta']",Torre Lamberti,"['Sighseeing', 'Centro Fotografia', 'Museo Conte', 'Palazzo della Ragione', 'AMO']",San Zeno,strategy_nearest,False,0.0025568008422851562,success
0456EC3A9C4C80,0,['Arena'],Casa Giulietta,"['Centro Fotografia', 'Sighseeing', 'Torre Lamberti', 'Museo Conte', 'Museo Radio']",Torre Lamberti,strategy_nearest,True,0.003660917282104492,success
0456F53A9C4C80,2,['Castelvecchio'],San Zeno,"['Verona Tour', 'Museo Lapidario', 'Arena', 'Museo Miniscalchi', 'Sighseeing']",Santa Anastasia,strategy_nearest,False,0.0026900768280029297,success
0456F1429C4C80,0,['Arena'],Casa Giulietta,"['Centro Fotografia', 'Sighseeing', 'Torre Lamberti', 'Museo Conte', 'Museo Radio']",Torre Lamberti,strategy_nearest,True,0.0035521984100341797,success
0456F33A9C4C80,3,"['Castelvecchio', 'Arena', 'San Fermo']",Casa Giulietta,"['Centro Fotografia', 'Sighseeing', 'Torre Lamberti', 'Museo Conte', 'Museo Radio']",Santa Anastasia,strategy_nearest,False,0.004019975662231445,success
0456F63A9C4C80,3,"['Casa Giulietta', 'Arena', 'Castelvecchio', 'Duomo']",Teatro Romano,"['Santa Anastasia', 'AMO', 'Palazzo della Ragione', 'Museo Conte', 'Centro Fotografia']",Santa Anastasia,strategy_nearest,True,0.0030760765075683594,success
04570F429C4C84,2,"['San Fermo', 'Casa Giulietta', 'Torre Lamberti']",Santa Anastasia,"['AMO', 'Museo Conte', 'Palazzo della Ragione', 'Teatro Romano', 'Centro Fotografia']",Duomo,strategy_nearest,False,0.002747774124145508,success
04571B3A9C4C80,3,"['San Zeno', 'Castelvecchio']",Santa Anastasia,"['AMO', 'Museo Conte', 'Palazzo della Ragione', 'Teatro Romano', 'Centro Fotografia']",Arena,strategy_nearest,False,0.0020072460174560547,success
045701429C4C84,3,"['Teatro Romano', 'Arena']",Castelvecchio,"['Museo Lapidario', 'Verona Tour', 'Museo Radio', 'San Zeno', 'Sighseeing']",Santa Anastasia,strategy_nearest,False,0.00414276123046875,success
045732429C4C80,0,['Arena'],Torre Lamberti,"['Sighseeing', 'Centro Fotografia', 'Museo Conte', 'Casa Giulietta', 'Palazzo della Ragione']",Duomo,strategy_nearest,False,0.0023889541625976562,success
04572F429C4C80,3,"['Arena', 'Castelvecchio']",Torre Lamberti,"['Sighseeing', 'Centro Fotografia', 'Museo Conte', 'Casa Giulietta', 'Palazzo della Ragione']",Casa Giulietta,strategy_nearest,True,0.003100156784057617,success
0457394A9C4C80,3,"['Castelvecchio', 'San Fermo']",Giardino Giusti,"['Santa Anastasia', 'Teatro Romano', 'Museo Conte', 'Centro Fotografia', 'Museo Storia']",Santa Anastasia,strategy_nearest,True,0.003972768783569336,success
0457493A9C4C80,3,"['Duomo', 'Teatro Romano', 'San Zeno']",Castelvecchio,"['Museo Lapidario', 'Verona Tour', 'Arena', 'Museo Radio', 'Sighseeing']",Arena,strategy_nearest,True,0.003251791000366211,success
045733429C4C80,3,"['Castelvecchio', 'Casa Giulietta']",Torre Lamberti,"['Sighseeing', 'Centro Fotografia', 'Museo Conte', 'Palazzo della Ragione', 'AMO']",Santa Anastasia,strategy_nearest,False,0.0033249855041503906,success
045745429C4C80,3,"['San Zeno', 'Castelvecchio', 'Arena']",San Fermo,"['Museo Storia', 'Museo Radio', 'Casa Giulietta', 'Centro Fotografia', 'Sighseeing']",Casa Giulietta,strategy_nearest,True,0.002135038375854492,success
04574D3A9C4C80,0,"['Casa Giulietta', 'Teatro Romano']",Arena,"['Verona Tour', 'Museo Lapidario', 'Museo Radio', 'San Fermo', 'Sighseeing']",Castelvecchio,strategy_nearest,False,0.002778768539428711,success
04574E429C4C80,3,"['Arena', 'Castelvecchio', 'Casa Giulietta']",Torre Lamberti,"['Sighseeing', 'Centro Fotografia', 'Museo Conte', 'Palazzo della Ragione', 'AMO']",Santa Anastasia,strategy_nearest,False,0.002157926559448242,success
045750429C4C80,3,"['Castelvecchio', 'Casa Giulietta']",Santa Anastasia,"['AMO', 'Museo Conte', 'Palazzo della Ragione', 'Teatro Romano', 'Centro Fotografia']",Duomo,strategy_nearest,False,0.0014519691467285156,success
0457503A9C4C80,3,['Arena'],Santa Anastasia,"['AMO', 'Museo Conte', 'Palazzo della Ragione', 'Teatro Romano', 'Centro Fotografia']",Casa Giulietta,strategy_nearest,False,0.003353118896484375,success
04577D4A9C4C80,0,['Arena'],Casa Giulietta,"['Centro Fotografia', 'Sighseeing', 'Torre Lamberti', 'Museo Conte', 'Museo Radio']",Duomo,strategy_nearest,False,0.0012829303741455078,success
04576B429C4C80,0,['Arena'],Torre Lamberti,"['Sighseeing', 'Centro Fotografia', 'Museo Conte', 'Casa Giulietta', 'Palazzo della Ragione']",Casa Giulietta,strategy_nearest,True,0.004088163375854492,success
045783429C4C80,2,['Casa Giulietta'],Castelvecchio,"['Museo Lapidario', 'Verona Tour', 'Arena', 'Museo Radio', 'San Zeno']",Giardino Giusti,strategy_nearest,False,0.0026502609252929688,success
04577B429C4C80,3,"['Museo Lapidario', 'Arena', 'Castelvecchio']",Santa Anastasia,"['AMO', 'Museo Conte', 'Palazzo della Ragione', 'Teatro Romano', 'Centro Fotografia']",Casa Giulietta,strategy_nearest,False,0.0028018951416015625,success
04578C4A9C4C80,1,"['Arena', 'Casa Giulietta']",Torre Lamberti,"['Sighseeing', 'Centro Fotografia', 'Museo Conte', 'Palazzo della Ragione', 'AMO']",Palazzo della Ragione,strategy_nearest,True,0.003219127655029297,success
0457874A9C4C80,3,"['Arena', 'Castelvecchio', 'San Zeno']",Duomo,"['AMO', 'Museo Miniscalchi', 'Santa Anastasia', 'Teatro Romano', 'Palazzo della Ragione']",Teatro Romano,strategy_nearest,True,0.003421783447265625,success
04578F4A9C4C80,0,"['Arena', 'Casa Giulietta']",Torre Lamberti,"['Sighseeing', 'Centro Fotografia', 'Museo Conte', 'Palazzo della Ragione', 'AMO']",Duomo,strategy_nearest,False,0.0020089149475097656,success
04578C3A9C4C80,0,['Arena'],Torre Lamberti,"['Sighseeing', 'Centro Fotografia', 'Museo Conte', 'Casa Giulietta', 'Palazzo della Ragione']",Duomo,strategy_nearest,False,0.0015900135040283203,success
04579C4A9C4C80,2,['Castelvecchio'],Casa Giulietta,"['Centro Fotografia', 'Sighseeing', 'Torre Lamberti', 'Museo Conte', 'Museo Radio']",Teatro Romano,strategy_nearest,False,0.002588987350463867,success
04579A4A9C4C80,2,"['Museo Lapidario', 'Castelvecchio', 'Torre Lamberti']",Palazzo della Ragione,"['AMO', 'Museo Conte', 'Centro Fotografia', 'Sighseeing', 'Santa Anastasia']",Casa Giulietta,strategy_nearest,False,0.0033600330352783203,success
04579A429C4C80,3,"['Arena', 'Casa Giulietta']",Torre Lamberti,"['Sighseeing', 'Centro Fotografia', 'Museo Conte', 'Palazzo della Ragione', 'AMO']",Santa Anastasia,strategy_nearest,False,0.0016391277313232422,success
04579C429C4C80,0,"['Arena', 'Casa Giulietta']",Duomo,"['AMO', 'Museo Miniscalchi', 'Santa Anastasia', 'Teatro Romano', 'Palazzo della Ragione']",Torre Lamberti,strategy_nearest,False,0.0021016597747802734,success
0457A14A9C4C80,3,['Arena'],Torre Lamberti,"['Sighseeing', 'Centro Fotografia', 'Museo Conte', 'Casa Giulietta', 'Palazzo della Ragione']",Casa Giulietta,strategy_nearest,True,0.0023119449615478516,success
0457A94A9C4C80,2,['Casa Giulietta'],Torre Lamberti,"['Sighseeing', 'Centro Fotografia', 'Museo Conte', 'Palazzo della Ragione', 'AMO']",Santa Anastasia,strategy_nearest,False,0.0026581287384033203,success
0457A54A9C4C80,3,"['Arena', 'Torre Lamberti']",Santa Anastasia,"['AMO', 'Museo Conte', 'Palazzo della Ragione', 'Teatro Romano', 'Centro Fotografia']",Duomo,strategy_nearest,False,0.0033910274505615234,success
04579F4A9C4C80,0,['Arena'],Museo Lapidario,"['Verona Tour', 'Castelvecchio', 'Museo Radio', 'San Fermo', 'Casa Giulietta']",Castelvecchio,strategy_nearest,True,0.001589059829711914,success
0457B23A9C4C80,0,"['Arena', 'Castelvecchio']",Casa Giulietta,"['Centro Fotografia', 'Sighseeing', 'Torre Lamberti', 'Museo Conte', 'Museo Radio']",Teatro Romano,strategy_nearest,False,0.0015549659729003906,success
0457B1429C4C80,3,['Arena'],San Fermo,"['Museo Storia', 'Museo Radio', 'Casa Giulietta', 'Centro Fotografia', 'Sighseeing']",Santa Anastasia,strategy_nearest,False,0.0027709007263183594,success
0457B6429C4C80,2,['Torre Lamberti'],Santa Anastasia,"['AMO', 'Museo Conte', 'Palazzo della Ragione', 'Teatro Romano', 'Centro Fotografia']",Castelvecchio,strategy_nearest,False,0.0019910335540771484,success
0457AD3A9C4C80,1,"['Arena', 'Casa Giulietta']",Torre Lamberti,"['Sighseeing', 'Centro Fotografia', 'Museo Conte', 'Palazzo della Ragione', 'AMO']",Palazzo della Ragione,strategy_nearest,True,0.004637002944946289,success
0457C03A9C4C80,0,['Arena'],Casa Giulietta,"['Centro Fotografia', 'Sighseeing', 'Torre Lamberti', 'Museo Conte', 'Museo Radio']",Torre Lamberti,strategy_nearest,True,0.0036230087280273438,success
0457CB3A9C4C80,0,['Castelvecchio'],Arena,"['Verona Tour', 'Museo Lapidario', 'Museo Radio', 'San Fermo', 'Casa Giulietta']",Casa Giulietta,strategy_nearest,True,0.0015397071838378906,success
0457B83A9C4C80,3,"['Duomo', 'Teatro Romano']",Castelvecchio,"['Museo Lapidario', 'Verona Tour', 'Arena', 'Museo Radio', 'San Zeno']",San Zeno,strategy_nearest,True,0.0024170875549316406,success
0457C53A9C4C80,0,['Castelvecchio'],Arena,"['Verona Tour', 'Museo Lapidario', 'Museo Radio', 'San Fermo', 'Casa Giulietta']",Duomo,strategy_nearest,False,0.0029802322387695312,success
0457D83A9C4C80,3,"['Arena', 'San Fermo']",Torre Lamberti,"['Sighseeing', 'Centro Fotografia', 'Museo Conte', 'Casa Giulietta', 'Palazzo della Ragione']",Santa Anastasia,strategy_nearest,False,0.001641988754272461,success
045804429C4C84,3,"['Casa Giulietta', 'Arena']",Torre Lamberti,"['Sighseeing', 'Centro Fotografia', 'Museo Conte', 'Palazzo della Ragione', 'AMO']",Santa Anastasia,strategy_nearest,False,0.0026640892028808594,success
0458013A9C4C84,3,['Arena'],Santa Anastasia,"['AMO', 'Museo Conte', 'Palazzo della Ragione', 'Teatro Romano', 'Centro Fotografia']",Duomo,strategy_nearest,False,0.003454923629760742,success
0457DB3A9C4C80,3,"['Casa Giulietta', 'Torre Lamberti', 'Arena']",Arena,"['Verona Tour', 'Museo Lapidario', 'Museo Radio', 'San Fermo', 'Sighseeing']",Santa Anastasia,strategy_nearest,False,0.0022559165954589844,success
045819429C4C80,2,"['Museo Lapidario', 'Giardino Giusti']",Teatro Romano,"['Santa Anastasia', 'Duomo', 'AMO', 'Palazzo della Ragione', 'Museo Conte']",Duomo,strategy_nearest,True,0.003283977508544922,success
045817429C4C84,3,['Arena'],Castelvecchio,"['Museo Lapidario', 'Verona Tour', 'Museo Radio', 'San Zeno', 'Sighseeing']",Santa Anastasia,strategy_nearest,False,0.002750873565673828,success
045808429C4C84,3,"['Arena', 'Castelvecchio']",Teatro Romano,"['Santa Anastasia', 'Duomo', 'AMO', 'Palazzo della Ragione', 'Museo Conte']",Duomo,strategy_nearest,True,0.0022430419921875,success
04580F429C4C84,0,['Arena'],Casa Giulietta,"['Centro Fotografia', 'Sighseeing', 'Torre Lamberti', 'Museo Conte', 'Museo Radio']",Torre Lamberti,strategy_nearest,True,0.0021588802337646484,success
0458213A9C4C80,1,"['Castelvecchio', 'Casa Giulietta']",Arena,"['Verona Tour', 'Museo Lapidario', 'Museo Radio', 'San Fermo', 'Sighseeing']",Torre Lamberti,strategy_nearest,False,0.002161741256713867,success
0458253A9C4C80,0,['Arena'],Casa Giulietta,"['Centro Fotografia', 'Sighseeing', 'Torre Lamberti', 'Museo Conte', 'Museo Radio']",Teatro Romano,strategy_nearest,False,0.003242015838623047,success
04581F3A9C4C84,3,"['Arena', 'Duomo']",Santa Anastasia,"['AMO', 'Museo Conte', 'Palazzo della Ragione', 'Teatro Romano', 'Centro Fotografia']",Torre Lamberti,strategy_nearest,False,0.0015039443969726562,success
0458254A9C4C80,0,['Arena'],Casa Giulietta,"['Centro Fotografia', 'Sighseeing', 'Torre Lamberti', 'Museo Conte', 'Museo Radio']",Torre Lamberti,strategy_nearest,True,0.0027468204498291016,success
045833429C4C80,0,['Castelvecchio'],Santa Anastasia,"['AMO', 'Museo Conte', 'Palazzo della Ragione', 'Teatro Romano', 'Centro Fotografia']",Arena,strategy_nearest,False,0.0015931129455566406,success
0458463A9C4C80,3,"['Casa Giulietta', 'San Zeno', 'Castelvecchio']",Arena,"['Verona Tour', 'Museo Lapidario', 'Museo Radio', 'San Fermo', 'Sighseeing']",Torre Lamberti,strategy_nearest,False,0.0025930404663085938,success
04583C4A9C4C80,3,"['Arena', 'Duomo']",Teatro Romano,"['Santa Anastasia', 'AMO', 'Palazzo della Ragione', 'Museo Conte', 'Centro Fotografia']",Castelvecchio,strategy_nearest,False,0.0021576881408691406,success
04582E3A9C4C80,0,['Torre Lamberti'],Arena,"['Verona Tour', 'Museo Lapidario', 'Museo Radio', 'San Fermo', 'Casa Giulietta']",San Zeno,strategy_nearest,False,0.0033981800079345703,success
04584C3A9C4C80,3,"['Arena', 'Torre Lamberti']",Santa Anastasia,"['AMO', 'Museo Conte', 'Palazzo della Ragione', 'Teatro Romano', 'Centro Fotografia']",Casa Giulietta,strategy_nearest,False,0.0030889511108398438,success
0458573A9C4C80,0,['Giardino Giusti'],Arena,"['Verona Tour', 'Museo Lapidario', 'Museo Radio', 'San Fermo', 'Casa Giulietta']",Santa Anastasia,strategy_nearest,False,0.0022749900817871094,success
04584F429C4C80,0,['Arena'],Casa Giulietta,"['Centro Fotografia', 'Sighseeing', 'Torre Lamberti', 'Museo Conte', 'Museo Radio']",Torre Lamberti,strategy_nearest,True,0.0014967918395996094,success
045858429C4C80,0,['Arena'],Giardino Giusti,"['Santa Anastasia', 'Teatro Romano', 'Museo Conte', 'Centro Fotografia', 'Museo Storia']",Teatro Romano,strategy_nearest,True,0.0034770965576171875,success
04587A3A9C4C80,0,['Arena'],Torre Lamberti,"['Sighseeing', 'Centro Fotografia', 'Museo Conte', 'Casa Giulietta', 'Palazzo della Ragione']",Casa Giulietta,strategy_nearest,True,0.0031969547271728516,success
045875429C4C80,0,['Casa Giulietta'],Arena,"['Verona Tour', 'Museo Lapidario', 'Museo Radio', 'San Fermo', 'Sighseeing']",Castelvecchio,strategy_nearest,False,0.0014760494232177734,success
04586B429C4C80,3,"['Casa Giulietta', 'Torre Lamberti', 'San Fermo']",Duomo,"['AMO', 'Museo Miniscalchi', 'Santa Anastasia', 'Teatro Romano', 'Palazzo della Ragione']",Castelvecchio,strategy_nearest,False,0.0034172534942626953,success
045873429C4C80,0,['Arena'],Casa Giulietta,"['Centro Fotografia', 'Sighseeing', 'Torre Lamberti', 'Museo Conte', 'Museo Radio']",Torre Lamberti,strategy_nearest,True,0.002804994583129883,success
04587B429C4C80,0,['Casa Giulietta'],San Fermo,"['Museo Storia', 'Museo Radio', 'Centro Fotografia', 'Arena', 'Sighseeing']",Museo Storia,strategy_nearest,True,0.0014369487762451172,success
04587E429C4C80,0,['Arena'],Castelvecchio,"['Museo Lapidario', 'Verona Tour', 'Museo Radio', 'San Zeno', 'Sighseeing']",Torre Lamberti,strategy_nearest,False,0.001990079879760742,success
04587C4A9C4C80,0,['Castelvecchio'],Teatro Romano,"['Santa Anastasia', 'Duomo', 'AMO', 'Palazzo della Ragione', 'Museo Conte']",Arena,strategy_nearest,False,0.002644062042236328,success
045880429C4C80,3,['Arena'],Casa Giulietta,"['Centro Fotografia', 'Sighseeing', 'Torre Lamberti', 'Museo Conte', 'Museo Radio']",Santa Anastasia,strategy_nearest,False,0.0033330917358398438,success
04588A4A9C4C80,3,['Arena'],Torre Lamberti,"['Sighseeing', 'Centro Fotografia', 'Museo Conte', 'Casa Giulietta', 'Palazzo della Ragione']",Santa Anastasia,strategy_nearest,False,0.0017399787902832031,success
0458894A9C4C80,0,['Arena'],Casa Giulietta,"['Centro Fotografia', 'Sighseeing', 'Torre Lamberti', 'Museo Conte', 'Museo Radio']",Torre Lamberti,strategy_nearest,True,0.003225088119506836,success
0458823A9C4C80,3,"['Arena', 'Castelvecchio', 'Torre Lamberti']",Santa Anastasia,"['AMO', 'Museo Conte', 'Palazzo della Ragione', 'Teatro Romano', 'Centro Fotografia']",Duomo,strategy_nearest,False,0.0025289058685302734,success
04588F429C4C80,0,"['Torre Lamberti', 'Casa Giulietta']",Castelvecchio,"['Museo Lapidario', 'Verona Tour', 'Arena', 'Museo Radio', 'San Zeno']",Arena,strategy_nearest,True,0.0031728744506835938,success
0458994A9C4C80,3,"['Arena', 'Casa Giulietta', 'Torre Lamberti']",Teatro Romano,"['Santa Anastasia', 'Duomo', 'AMO', 'Palazzo della Ragione', 'Museo Conte']",Duomo,strategy_nearest,True,0.0016503334045410156,success
04589D4A9C4C80,0,['Arena'],Teatro Romano,"['Santa Anastasia', 'Duomo', 'AMO', 'Palazzo della Ragione', 'Museo Conte']",Castelvecchio,strategy_nearest,False,0.0025517940521240234,success
0458A73A9C4C80,2,['Santa Anastasia'],Casa Giulietta,"['Centro Fotografia', 'Sighseeing', 'Torre Lamberti', 'Museo Conte', 'Museo Radio']",Duomo,strategy_nearest,False,0.0034332275390625,success
0458A93A9C4C80,1,"['Arena', 'Castelvecchio']",Torre Lamberti,"['Sighseeing', 'Centro Fotografia', 'Museo Conte', 'Casa Giulietta', 'Palazzo della Ragione']",Palazzo della Ragione,strategy_nearest,True,0.003226041793823242,success
0458B0429C4C80,0,['Arena'],Museo Lapidario,"['Verona Tour', 'Castelvecchio', 'Museo Radio', 'San Fermo', 'Casa Giulietta']",Castelvecchio,strategy_nearest,True,0.0025339126586914062,success
0458B23A9C4C80,0,['Teatro Romano'],Castelvecchio,"['Museo Lapidario', 'Verona Tour', 'Arena', 'Museo Radio', 'San Zeno']",Arena,strategy_nearest,True,0.0031812191009521484,success
0458BB429C4C80,3,"['Arena', 'Casa Giulietta', 'Torre Lamberti']",Santa Anastasia,"['AMO', 'Museo Conte', 'Palazzo della Ragione', 'Teatro Romano', 'Centro Fotografia']",Duomo,strategy_nearest,False,0.0028078556060791016,success
0458C2429C4C80,3,['Arena'],Santa Anastasia,"['AMO', 'Museo Conte', 'Palazzo della Ragione', 'Teatro Romano', 'Centro Fotografia']",Duomo,strategy_nearest,False,0.002493143081665039,success
0458BC3A9C4C80,2,['Castelvecchio'],Torre Lamberti,"['Sighseeing', 'Centro Fotografia', 'Museo Conte', 'Casa Giulietta', 'Palazzo della Ragione']",Casa Giulietta,strategy_nearest,True,0.0033659934997558594,success
0458C13A9C4C80,0,"['Arena', 'Museo Lapidario']",Castelvecchio,"['Verona Tour', 'Museo Radio', 'San Zeno', 'Sighseeing', 'Museo Miniscalchi']",Teatro Romano,strategy_nearest,False,0.0031807422637939453,success
0459033A9C4C84,0,['Arena'],Casa Giulietta,"['Centro Fotografia', 'Sighseeing', 'Torre Lamberti', 'Museo Conte', 'Museo Radio']",Giardino Giusti,strategy_nearest,False,0.0013921260833740234,success
0458EB429C4C80,3,"['Castelvecchio', 'Casa Giulietta']",Tomba Giulietta,"['San Fermo', 'Museo Storia', 'Arena', 'Museo Lapidario', 'Museo Radio']",Santa Anastasia,strategy_nearest,False,0.0021047592163085938,success
0458C73A9C4C80,2,"['Casa Giulietta', 'Torre Lamberti']",Santa Anastasia,"['AMO', 'Museo Conte', 'Palazzo della Ragione', 'Teatro Romano', 'Centro Fotografia']",Duomo,strategy_nearest,False,0.00395512580871582,success
0458DE3A9C4C80,0,['San Zeno'],Castelvecchio,"['Museo Lapidario', 'Verona Tour', 'Arena', 'Museo Radio', 'Sighseeing']",Duomo,strategy_nearest,False,0.0033750534057617188,success
0459113A9C4C84,0,['Casa Giulietta'],Teatro Romano,"['Santa Anastasia', 'Duomo', 'AMO', 'Palazzo della Ragione', 'Museo Conte']",Arena,strategy_nearest,False,0.0033011436462402344,success
045905429C4C84,0,['Casa Giulietta'],San Fermo,"['Museo Storia', 'Museo Radio', 'Centro Fotografia', 'Arena', 'Sighseeing']",Arena,strategy_nearest,True,0.0033850669860839844,success
045911429C4C84,0,['Arena'],Tomba Giulietta,"['San Fermo', 'Museo Storia', 'Museo Lapidario', 'Museo Radio', 'Verona Tour']",Duomo,strategy_nearest,False,0.001954793930053711,success
04590B429C4C84,3,"['Arena', 'Casa Giulietta']",Torre Lamberti,"['Sighseeing', 'Centro Fotografia', 'Museo Conte', 'Palazzo della Ragione', 'AMO']",Santa Anastasia,strategy_nearest,False,0.001558065414428711,success
045921429C4C80,0,['Arena'],Castelvecchio,"['Museo Lapidario', 'Verona Tour', 'Museo Radio', 'San Zeno', 'Sighseeing']",Casa Giulietta,strategy_nearest,False,0.0013480186462402344,success
045918429C4C80,4,"['Arena', 'San Zeno', 'Castelvecchio']",Museo Radio,"['Casa Giulietta', 'San Fermo', 'Sighseeing', 'Torre Lamberti', 'Centro Fotografia']",San Fermo,strategy_nearest,True,0.002765178680419922,success
045920429C4C80,3,"['Arena', 'Casa Giulietta']",Santa Anastasia,"['AMO', 'Museo Conte', 'Palazzo della Ragione', 'Teatro Romano', 'Centro Fotografia']",Duomo,strategy_nearest,False,0.0021228790283203125,success
04591F429C4C84,3,"['Arena', 'San Fermo']",Casa Giulietta,"['Centro Fotografia', 'Sighseeing', 'Torre Lamberti', 'Museo Conte', 'Museo Radio']",Torre Lamberti,strategy_nearest,True,0.003373861312866211,success
04594C3A9C4C80,0,['Arena'],Santa Anastasia,"['AMO', 'Museo Conte', 'Palazzo della Ragione', 'Teatro Romano', 'Centro Fotografia']",Casa Giulietta,strategy_nearest,False,0.0021431446075439453,success
04592F429C4C80,1,['Arena'],Casa Giulietta,"['Centro Fotografia', 'Sighseeing', 'Torre Lamberti', 'Museo Conte', 'Museo Radio']",Palazzo della Ragione,strategy_nearest,False,0.002213001251220703,success
04593D429C4C80,3,"['Teatro Romano', 'Torre Lamberti', 'Arena']",Castelvecchio,"['Museo Lapidario', 'Verona Tour', 'Museo Radio', 'San Zeno', 'Sighseeing']",San Zeno,strategy_nearest,True,0.0034949779510498047,success
0459503A9C4C80,2,['Castelvecchio'],Duomo,"['AMO', 'Museo Miniscalchi', 'Santa Anastasia', 'Teatro Romano', 'Palazzo della Ragione']",Giardino Giusti,strategy_nearest,False,0.0027129650115966797,success
0459793A9C4C80,0,"['Arena', 'Torre Lamberti']",Castelvecchio,"['Museo Lapidario', 'Verona Tour', 'Museo Radio', 'San Zeno', 'Sighseeing']",San Zeno,strategy_nearest,True,0.0019648075103759766,success
04596F429C4C80,2,['Torre Lamberti'],Castelvecchio,"['Museo Lapidario', 'Verona Tour', 'Arena', 'Museo Radio', 'San Zeno']",Casa Giulietta,strategy_nearest,False,0.003326892852783203,success
045965429C4C80,0,['Arena'],Torre Lamberti,"['Sighseeing', 'Centro Fotografia', 'Museo Conte', 'Casa Giulietta', 'Palazzo della Ragione']",Casa Giulietta,strategy_nearest,True,0.00273895263671875,success
045952429C4C80,3,"['Arena', 'Castelvecchio', 'Torre Lamberti']",Duomo,"['AMO', 'Museo Miniscalchi', 'Santa Anastasia', 'Teatro Romano', 'Palazzo della Ragione']",Teatro Romano,strategy_nearest,True,0.0015759468078613281,success
045981429C4C80,3,['San Zeno'],Santa Anastasia,"['AMO', 'Museo Conte', 'Palazzo della Ragione', 'Teatro Romano', 'Centro Fotografia']",Castelvecchio,strategy_nearest,False,0.0026853084564208984,success
04597C4A9C4C80,0,['Arena'],Casa Giulietta,"['Centro Fotografia', 'Sighseeing', 'Torre Lamberti', 'Museo Conte', 'Museo Radio']",Santa Anastasia,strategy_nearest,False,0.002168893814086914,success
04597D4A9C4C80,0,['Arena'],Museo Lapidario,"['Verona Tour', 'Castelvecchio', 'Museo Radio', 'San Fermo', 'Casa Giulietta']",Torre Lamberti,strategy_nearest,False,0.001405954360961914,success
0459874A9C4C80,3,['Arena'],Torre Lamberti,"['Sighseeing', 'Centro Fotografia', 'Museo Conte', 'Casa Giulietta', 'Palazzo della Ragione']",Santa Anastasia,strategy_nearest,False,0.003236055374145508,success
0459894A9C4C80,2,"['Castelvecchio', 'Duomo']",Santa Anastasia,"['AMO', 'Museo Conte', 'Palazzo della Ragione', 'Teatro Romano', 'Centro Fotografia']",Casa Giulietta,strategy_nearest,False,0.0017158985137939453,success
04598E3A9C4C80,3,"['Arena', 'Casa Giulietta']",Torre Lamberti,"['Sighseeing', 'Centro Fotografia', 'Museo Conte', 'Palazzo della Ragione', 'AMO']",Santa Anastasia,strategy_nearest,False,0.0030002593994140625,success
04598D3A9C4C80,3,['Arena'],Torre Lamberti,"['Sighseeing', 'Centro Fotografia', 'Museo Conte', 'Casa Giulietta', 'Palazzo della Ragione']",Santa Anastasia,strategy_nearest,False,0.0022859573364257812,success
045998429C4C80,0,['Arena'],Santa Anastasia,"['AMO', 'Museo Conte', 'Palazzo della Ragione', 'Teatro Romano', 'Centro Fotografia']",Castelvecchio,strategy_nearest,False,0.0032918453216552734,success
0459994A9C4C80,3,"['Arena', 'Casa Giulietta']",Torre Lamberti,"['Sighseeing', 'Centro Fotografia', 'Museo Conte', 'Palazzo della Ragione', 'AMO']",Santa Anastasia,strategy_nearest,False,0.0030829906463623047,success
0459A14A9C4C80,3,"['Arena', 'Museo Lapidario', 'Castelvecchio', 'Casa Giulietta']",Torre Lamberti,"['Sighseeing', 'Centro Fotografia', 'Museo Conte', 'Palazzo della Ragione', 'AMO']",Santa Anastasia,strategy_nearest,False,0.0017590522766113281,success
04599B4A9C4C80,0,['Arena'],Casa Giulietta,"['Centro Fotografia', 'Sighseeing', 'Torre Lamberti', 'Museo Conte', 'Museo Radio']",San Fermo,strategy_nearest,False,0.002650737762451172,success
0459BA429C4C80,0,['Arena'],Casa Giulietta,"['Centro Fotografia', 'Sighseeing', 'Torre Lamberti', 'Museo Conte', 'Museo Radio']",Castelvecchio,strategy_nearest,False,0.002878904342651367,success
0459B6429C4C80,1,"['Castelvecchio', 'Arena', 'Casa Giulietta', 'San Fermo']",Santa Anastasia,"['AMO', 'Museo Conte', 'Palazzo della Ragione', 'Teatro Romano', 'Centro Fotografia']",Tomba Giulietta,strategy_nearest,False,0.003313779830932617,success
0459C33A9C4C80,3,['Arena'],Casa Giulietta,"['Centro Fotografia', 'Sighseeing', 'Torre Lamberti', 'Museo Conte', 'Museo Radio']",Santa Anastasia,strategy_nearest,False,0.0019311904907226562,success
0459C0429C4C80,0,['Arena'],Casa Giulietta,"['Centro Fotografia', 'Sighseeing', 'Torre Lamberti', 'Museo Conte', 'Museo Radio']",Tomba Giulietta,strategy_nearest,False,0.003821849822998047,success
0459C3429C4C80,2,['Casa Giulietta'],Santa Anastasia,"['AMO', 'Museo Conte', 'Palazzo della Ragione', 'Teatro Romano', 'Centro Fotografia']",Duomo,strategy_nearest,False,0.0019068717956542969,success
0459F43A9C4C80,2,['Castelvecchio'],Santa Anastasia,"['AMO', 'Museo Conte', 'Palazzo della Ragione', 'Teatro Romano', 'Centro Fotografia']",Duomo,strategy_nearest,False,0.0014719963073730469,success
0459EF3A9C4C80,3,['Arena'],San Fermo,"['Museo Storia', 'Museo Radio', 'Casa Giulietta', 'Centro Fotografia', 'Sighseeing']",Santa Anastasia,strategy_nearest,False,0.0021140575408935547,success
0459E03A9C4C80,0,['Castelvecchio'],Casa Giulietta,"['Centro Fotografia', 'Sighseeing', 'Torre Lamberti', 'Museo Conte', 'Museo Radio']",Arena,strategy_nearest,False,0.005631208419799805,success
0459F53A9C4C80,3,"['Arena', 'San Fermo']",Santa Anastasia,"['AMO', 'Museo Conte', 'Palazzo della Ragione', 'Teatro Romano', 'Centro Fotografia']",Casa Giulietta,strategy_nearest,False,0.0026481151580810547,success
045A1A429C4C80,3,"['Arena', 'Museo Lapidario', 'Duomo', 'Teatro Romano', 'Castelvecchio']",Casa Giulietta,"['Centro Fotografia', 'Sighseeing', 'Torre Lamberti', 'Museo Conte', 'Museo Radio']",Torre Lamberti,strategy_nearest,True,0.0019588470458984375,success
0459FB429C4C80,3,"['Castelvecchio', 'Santa Anastasia', 'Duomo']",Casa Giulietta,"['Centro Fotografia', 'Sighseeing', 'Torre Lamberti', 'Museo Conte', 'Museo Radio']",San Fermo,strategy_nearest,False,0.003958940505981445,success
045A16429C4C84,2,['Teatro Romano'],Giardino Giusti,"['Santa Anastasia', 'Museo Conte', 'Centro Fotografia', 'Museo Storia', 'AMO']",Torre Lamberti,strategy_nearest,False,0.003264188766479492,success
045A153A9C4C84,2,"['San Fermo', 'Santa Anastasia']",Teatro Romano,"['Duomo', 'AMO', 'Palazzo della Ragione', 'Museo Conte', 'Centro Fotografia']",Duomo,strategy_nearest,True,0.0015301704406738281,success
045A1D3A9C4C84,3,"['Arena', 'Casa Giulietta']",Casa Giulietta,"['Centro Fotografia', 'Sighseeing', 'Torre Lamberti', 'Museo Conte', 'Museo Radio']",Torre Lamberti,strategy_nearest,True,0.0022149085998535156,success
045A1D429C4C84,3,"['Castelvecchio', 'Casa Giulietta', 'Arena']",Duomo,"['AMO', 'Museo Miniscalchi', 'Santa Anastasia', 'Teatro Romano', 'Palazzo della Ragione']",Teatro Romano,strategy_nearest,True,0.001583099365234375,success
045A263A9C4C80,0,['Arena'],Teatro Romano,"['Santa Anastasia', 'Duomo', 'AMO', 'Palazzo della Ragione', 'Museo Conte']",Casa Giulietta,strategy_nearest,False,0.0027430057525634766,success
045A273A9C4C80,3,"['Casa Giulietta', 'Torre Lamberti', 'Arena']",Castelvecchio,"['Museo Lapidario', 'Verona Tour', 'Museo Radio', 'San Zeno', 'Sighseeing']",San Zeno,strategy_nearest,True,0.0032656192779541016,success
045A2A429C4C80,3,"['Arena', 'Torre Lamberti']",Casa Giulietta,"['Centro Fotografia', 'Sighseeing', 'Museo Conte', 'Museo Radio', 'Palazzo della Ragione']",Teatro Romano,strategy_nearest,False,0.001432180404663086,success
045A2B4A9C4C80,1,"['Arena', 'Museo Lapidario', 'Giardino Giusti', 'Teatro Romano', 'San Zeno']",Castelvecchio,"['Verona Tour', 'Museo Radio', 'Sighseeing', 'Museo Miniscalchi', 'Torre Lamberti']",Casa Giulietta,strategy_nearest,False,0.0019409656524658203,success
045A2B429C4C80,3,"['Arena', 'Museo Lapidario', 'San Fermo']",Museo Storia,"['Museo Radio', 'Casa Giulietta', 'Centro Fotografia', 'Tomba Giulietta', 'Torre Lamberti']",Casa Giulietta,strategy_nearest,True,0.002779245376586914,success
045A2F3A9C4C80,3,"['Arena', 'Casa Giulietta']",Duomo,"['AMO', 'Museo Miniscalchi', 'Santa Anastasia', 'Teatro Romano', 'Palazzo della Ragione']",Teatro Romano,strategy_nearest,True,0.003371000289916992,success
045A37429C4C80,2,['Castelvecchio'],Teatro Romano,"['Santa Anastasia', 'Duomo', 'AMO', 'Palazzo della Ragione', 'Museo Conte']",San Fermo,strategy_nearest,False,0.0025548934936523438,success
045A34429C4C80,2,"['Casa Giulietta', 'San Fermo']",Santa Anastasia,"['AMO', 'Museo Conte', 'Palazzo della Ragione', 'Teatro Romano', 'Centro Fotografia']",Duomo,strategy_nearest,False,0.0018739700317382812,success
045A374A9C4C80,0,['Castelvecchio'],Arena,"['Verona Tour', 'Museo Lapidario', 'Museo Radio', 'San Fermo', 'Casa Giulietta']",San Fermo,strategy_nearest,True,0.0025789737701416016,success
045A41429C4C80,1,"['Arena', 'San Fermo']",Palazzo della Ragione,"['AMO', 'Museo Conte', 'Torre Lamberti', 'Centro Fotografia', 'Sighseeing']",Santa Anastasia,strategy_nearest,False,0.003256082534790039,success
045A5B429C4C80,1,"['Casa Giulietta', 'Castelvecchio']",Museo Lapidario,"['Verona Tour', 'Arena', 'Museo Radio', 'San Fermo', 'Tomba Giulietta']",Arena,strategy_nearest,True,0.0031528472900390625,success
045A443A9C4C80,0,"['Casa Giulietta', 'Tomba Giulietta']",Castelvecchio,"['Museo Lapidario', 'Verona Tour', 'Arena', 'Museo Radio', 'San Zeno']",Arena,strategy_nearest,True,0.0026350021362304688,success
045A5C3A9C4C80,1,"['Arena', 'Torre Lamberti', 'Palazzo della Ragione']",Castelvecchio,"['Museo Lapidario', 'Verona Tour', 'Museo Radio', 'San Zeno', 'Sighseeing']",Teatro Romano,strategy_nearest,False,0.003083944320678711,success
045A603A9C4C80,2,"['Santa Anastasia', 'Duomo']",Castelvecchio,"['Museo Lapidario', 'Verona Tour', 'Arena', 'Museo Radio', 'San Zeno']",San Zeno,strategy_nearest,True,0.0030241012573242188,success
045A71429C4C80,2,['Duomo'],Teatro Romano,"['Santa Anastasia', 'AMO', 'Palazzo della Ragione', 'Museo Conte', 'Centro Fotografia']",San Zeno,strategy_nearest,False,0.0026421546936035156,success
045A77429C4C80,0,"['Arena', 'Castelvecchio']",Casa Giulietta,"['Centro Fotografia', 'Sighseeing', 'Torre Lamberti', 'Museo Conte', 'Museo Radio']",Torre Lamberti,strategy_nearest,True,0.0032918453216552734,success
045A7A4A9C4C80,3,"['Castelvecchio', 'Arena', 'Casa Giulietta']",Santa Anastasia,"['AMO', 'Museo Conte', 'Palazzo della Ragione', 'Teatro Romano', 'Centro Fotografia']",Torre Lamberti,strategy_nearest,False,0.0033719539642333984,success
045A7E429C4C80,3,"['Arena', 'Casa Giulietta', 'San Fermo']",Torre Lamberti,"['Sighseeing', 'Centro Fotografia', 'Museo Conte', 'Palazzo della Ragione', 'AMO']",Santa Anastasia,strategy_nearest,False,0.0027399063110351562,success
045A7F429C4C80,0,['Arena'],Castelvecchio,"['Museo Lapidario', 'Verona Tour', 'Museo Radio', 'San Zeno', 'Sighseeing']",Tomba Giulietta,strategy_nearest,False,0.0031430721282958984,success
045A833A9C4C80,0,"['Arena', 'Museo Lapidario']",Casa Giulietta,"['Centro Fotografia', 'Sighseeing', 'Torre Lamberti', 'Museo Conte', 'Museo Radio']",Torre Lamberti,strategy_nearest,True,0.0027909278869628906,success
045A7C4A9C4C80,2,['Castelvecchio'],Torre Lamberti,"['Sighseeing', 'Centro Fotografia', 'Museo Conte', 'Casa Giulietta', 'Palazzo della Ragione']",Casa Giulietta,strategy_nearest,True,0.002769947052001953,success
045A8D4A9C4C80,3,"['Arena', 'Torre Lamberti']",Santa Anastasia,"['AMO', 'Museo Conte', 'Palazzo della Ragione', 'Teatro Romano', 'Centro Fotografia']",Duomo,strategy_nearest,False,0.0025877952575683594,success
045A8E429C4C80,0,['Teatro Romano'],Duomo,"['AMO', 'Museo Miniscalchi', 'Santa Anastasia', 'Palazzo della Ragione', 'Museo Conte']",Arena,strategy_nearest,False,0.0025076866149902344,success
045A844A9C4C80,3,"['Arena', 'Museo Lapidario', 'Torre Lamberti']",Santa Anastasia,"['AMO', 'Museo Conte', 'Palazzo della Ragione', 'Teatro Romano', 'Centro Fotografia']",Duomo,strategy_nearest,False,0.002022981643676758,success
045A914A9C4C80,0,['Arena'],San Zeno,"['Castelvecchio', 'Verona Tour', 'Museo Lapidario', 'Museo Miniscalchi', 'Sighseeing']",Torre Lamberti,strategy_nearest,False,0.0018911361694335938,success
045A8E4A9C4C80,1,"['Arena', 'Castelvecchio', 'Santa Anastasia']",Tomba Giulietta,"['San Fermo', 'Museo Storia', 'Museo Lapidario', 'Museo Radio', 'Verona Tour']",Casa Giulietta,strategy_nearest,False,0.003548860549926758,success
045A984A9C4C80,0,['Arena'],San Fermo,"['Museo Storia', 'Museo Radio', 'Casa Giulietta', 'Centro Fotografia', 'Sighseeing']",Giardino Giusti,strategy_nearest,False,0.0021698474884033203,success
045A9D429C4C80,0,"['Arena', 'Casa Giulietta']",Duomo,"['AMO', 'Museo Miniscalchi', 'Santa Anastasia', 'Teatro Romano', 'Palazzo della Ragione']",Torre Lamberti,strategy_nearest,False,0.0027480125427246094,success
045A9B4A9C4C80,0,['Arena'],Casa Giulietta,"['Centro Fotografia', 'Sighseeing', 'Torre Lamberti', 'Museo Conte', 'Museo Radio']",Torre Lamberti,strategy_nearest,True,0.0021419525146484375,success
045A9D4A9C4C80,1,"['Arena', 'Casa Giulietta', 'Torre Lamberti']",Palazzo della Ragione,"['AMO', 'Museo Conte', 'Centro Fotografia', 'Sighseeing', 'Santa Anastasia']",Duomo,strategy_nearest,False,0.0034132003784179688,success
045AA04A9C4C80,1,['Arena'],Torre Lamberti,"['Sighseeing', 'Centro Fotografia', 'Museo Conte', 'Casa Giulietta', 'Palazzo della Ragione']",Palazzo della Ragione,strategy_nearest,True,0.002480745315551758,success
045AA14A9C4C80,3,['Arena'],Casa Giulietta,"['Centro Fotografia', 'Sighseeing', 'Torre Lamberti', 'Museo Conte', 'Museo Radio']",Santa Anastasia,strategy_nearest,False,0.002396821975708008,success
045A9E4A9C4C80,0,['Castelvecchio'],Arena,"['Verona Tour', 'Museo Lapidario', 'Museo Radio', 'San Fermo', 'Casa Giulietta']",Casa Giulietta,strategy_nearest,True,0.0015909671783447266,success
045AA24A9C4C80,2,['Torre Lamberti'],Teatro Romano,"['Santa Anastasia', 'Duomo', 'AMO', 'Palazzo della Ragione', 'Museo Conte']",Duomo,strategy_nearest,True,0.002701997756958008,success
045AA73A9C4C80,0,['Castelvecchio'],Arena,"['Verona Tour', 'Museo Lapidario', 'Museo Radio', 'San Fermo', 'Casa Giulietta']",Casa Giulietta,strategy_nearest,True,0.002408266067504883,success
045AA7429C4C80,3,['Arena'],San Fermo,"['Museo Storia', 'Museo Radio', 'Casa Giulietta', 'Centro Fotografia', 'Sighseeing']",Santa Anastasia,strategy_nearest,False,0.002402067184448242,success
045AB1429C4C80,0,"['Casa Giulietta', 'Santa Anastasia']",Arena,"['Verona Tour', 'Museo Lapidario', 'Museo Radio', 'San Fermo', 'Sighseeing']",Tomba Giulietta,strategy_nearest,False,0.001728057861328125,success
045AA74A9C4C80,0,"['Arena', 'Torre Lamberti']",Casa Giulietta,"['Centro Fotografia', 'Sighseeing', 'Museo Conte', 'Museo Radio', 'Palazzo della Ragione']",Castelvecchio,strategy_nearest,False,0.003844022750854492,success
045AB83A9C4C80,3,"['Arena', 'Torre Lamberti']",Santa Anastasia,"['AMO', 'Museo Conte', 'Palazzo della Ragione', 'Teatro Romano', 'Centro Fotografia']",Duomo,strategy_nearest,False,0.0032019615173339844,success
045ABD429C4C80,2,['Castelvecchio'],Torre Lamberti,"['Sighseeing', 'Centro Fotografia', 'Museo Conte', 'Casa Giulietta', 'Palazzo della Ragione']",Duomo,strategy_nearest,False,0.003988027572631836,success
045AC0429C4C80,0,['Arena'],Torre Lamberti,"['Sighseeing', 'Centro Fotografia', 'Museo Conte', 'Casa Giulietta', 'Palazzo della Ragione']",Casa Giulietta,strategy_nearest,True,0.0019903182983398438,success
045AF53A9C4C80,1,"['Arena', 'San Fermo', 'Casa Giulietta', 'Palazzo della Ragione']",Santa Anastasia,"['AMO', 'Museo Conte', 'Teatro Romano', 'Centro Fotografia', 'Duomo']",Teatro Romano,strategy_nearest,True,0.003275156021118164,success
045AF03A9C4C80,0,['Arena'],Casa Giulietta,"['Centro Fotografia', 'Sighseeing', 'Torre Lamberti', 'Museo Conte', 'Museo Radio']",San Fermo,strategy_nearest,False,0.003244161605834961,success
045AF63A9C4C80,0,['Arena'],Casa Giulietta,"['Centro Fotografia', 'Sighseeing', 'Torre Lamberti', 'Museo Conte', 'Museo Radio']",Tomba Giulietta,strategy_nearest,False,0.0026230812072753906,success
045AC63A9C4C80,0,['Arena'],Torre Lamberti,"['Sighseeing', 'Centro Fotografia', 'Museo Conte', 'Casa Giulietta', 'Palazzo della Ragione']",Casa Giulietta,strategy_nearest,True,0.003473043441772461,success
045B003A9C4C84,3,"['Arena', 'Giardino Giusti']",Teatro Romano,"['Santa Anastasia', 'Duomo', 'AMO', 'Palazzo della Ragione', 'Museo Conte']",Duomo,strategy_nearest,True,0.0016050338745117188,success
045AFC429C4C80,0,"['Arena', 'San Zeno']",Tomba Giulietta,"['San Fermo', 'Museo Storia', 'Museo Lapidario', 'Museo Radio', 'Verona Tour']",San Fermo,strategy_nearest,True,0.003487825393676758,success
045AF73A9C4C80,1,['Arena'],Casa Giulietta,"['Centro Fotografia', 'Sighseeing', 'Torre Lamberti', 'Museo Conte', 'Museo Radio']",Torre Lamberti,strategy_nearest,True,0.002299070358276367,success
045B00429C4C84,3,"['Castelvecchio', 'Casa Giulietta', 'San Zeno']",Arena,"['Verona Tour', 'Museo Lapidario', 'Museo Radio', 'San Fermo', 'Sighseeing']",Duomo,strategy_nearest,False,0.002665996551513672,success
045B1E3A9C4C80,3,"['Arena', 'Castelvecchio', 'San Zeno']",Torre Lamberti,"['Sighseeing', 'Centro Fotografia', 'Museo Conte', 'Casa Giulietta', 'Palazzo della Ragione']",Santa Anastasia,strategy_nearest,False,0.002087116241455078,success
045B1D3A9C4C84,0,['Santa Anastasia'],Arena,"['Verona Tour', 'Museo Lapidario', 'Museo Radio', 'San Fermo', 'Casa Giulietta']",Castelvecchio,strategy_nearest,False,0.0027010440826416016,success
045B023A9C4C84,3,"['Castelvecchio', 'Casa Giulietta', 'Arena']",San Fermo,"['Museo Storia', 'Museo Radio', 'Centro Fotografia', 'Sighseeing', 'Torre Lamberti']",Museo Storia,strategy_nearest,True,0.002235889434814453,success
045B0A429C4C84,3,"['San Zeno', 'Teatro Romano', 'Duomo', 'Santa Anastasia']",Torre Lamberti,"['Sighseeing', 'Centro Fotografia', 'Museo Conte', 'Casa Giulietta', 'Palazzo della Ragione']",Casa Giulietta,strategy_nearest,True,0.0033757686614990234,success
045B2F3A9C4C80,3,"['Castelvecchio', 'Arena']",Santa Anastasia,"['AMO', 'Museo Conte', 'Palazzo della Ragione', 'Teatro Romano', 'Centro Fotografia']",Duomo,strategy_nearest,False,0.0012888908386230469,success
045B30429C4C80,2,['Castelvecchio'],Santa Anastasia,"['AMO', 'Museo Conte', 'Palazzo della Ragione', 'Teatro Romano', 'Centro Fotografia']",Duomo,strategy_nearest,False,0.0031850337982177734,success
045B1E3A9C4C84,0,['Arena'],Casa Giulietta,"['Centro Fotografia', 'Sighseeing', 'Torre Lamberti', 'Museo Conte', 'Museo Radio']",Santa Anastasia,strategy_nearest,False,0.0022192001342773438,success
045B27429C4C80,3,"['Santa Anastasia', 'Casa Giulietta', 'San Fermo']",Teatro Romano,"['Duomo', 'AMO', 'Palazzo della Ragione', 'Museo Conte', 'Centro Fotografia']",Arena,strategy_nearest,False,0.0028197765350341797,success
045B583A9C4C80,0,['Arena'],Casa Giulietta,"['Centro Fotografia', 'Sighseeing', 'Torre Lamberti', 'Museo Conte', 'Museo Radio']",Torre Lamberti,strategy_nearest,True,0.003323078155517578,success
045B793A9C4C80,3,"['Arena', 'Casa Giulietta']",Torre Lamberti,"['Sighseeing', 'Centro Fotografia', 'Museo Conte', 'Palazzo della Ragione', 'AMO']",Santa Anastasia,strategy_nearest,False,0.002032756805419922,success
045B36429C4C80,1,"['Arena', 'San Fermo', 'Casa Giulietta', 'Palazzo della Ragione', 'Torre Lamberti']",Santa Anastasia,"['AMO', 'Museo Conte', 'Teatro Romano', 'Centro Fotografia', 'Duomo']",Duomo,strategy_nearest,True,0.002218008041381836,success
045B44429C4C80,4,"['San Zeno', 'Casa Giulietta', 'Castelvecchio']",Arena,"['Verona Tour', 'Museo Lapidario', 'Museo Radio', 'San Fermo', 'Sighseeing']",Torre Lamberti,strategy_nearest,False,0.0027971267700195312,success
045B7E429C4C80,0,"['Casa Giulietta', 'Torre Lamberti']",Teatro Romano,"['Santa Anastasia', 'Duomo', 'AMO', 'Palazzo della Ragione', 'Museo Conte']",Castelvecchio,strategy_nearest,False,0.0014400482177734375,success
045B813A9C4C80,3,"['Arena', 'Castelvecchio']",Torre Lamberti,"['Sighseeing', 'Centro Fotografia', 'Museo Conte', 'Casa Giulietta', 'Palazzo della Ragione']",Casa Giulietta,strategy_nearest,True,0.0020339488983154297,success
045B84429C4C80,1,"['Arena', 'Museo Lapidario', 'San Fermo']",Palazzo della Ragione,"['AMO', 'Museo Conte', 'Torre Lamberti', 'Centro Fotografia', 'Sighseeing']",Torre Lamberti,strategy_nearest,True,0.0027990341186523438,success
045B844A9C4C80,0,['Casa Giulietta'],Arena,"['Verona Tour', 'Museo Lapidario', 'Museo Radio', 'San Fermo', 'Sighseeing']",Duomo,strategy_nearest,False,0.003329038619995117,success
045B88429C4C80,0,['Arena'],Casa Giulietta,"['Centro Fotografia', 'Sighseeing', 'Torre Lamberti', 'Museo Conte', 'Museo Radio']",Duomo,strategy_nearest,False,0.002707958221435547,success
045B87429C4C80,0,['Arena'],Torre Lamberti,"['Sighseeing', 'Centro Fotografia', 'Museo Conte', 'Casa Giulietta', 'Palazzo della Ragione']",Casa Giulietta,strategy_nearest,True,0.0019431114196777344,success
045B934A9C4C80,1,"['Arena', 'Casa Giulietta']",Duomo,"['AMO', 'Museo Miniscalchi', 'Santa Anastasia', 'Teatro Romano', 'Palazzo della Ragione']",Santa Anastasia,strategy_nearest,True,0.0026428699493408203,success
045B85429C4C80,1,"['Arena', 'Casa Giulietta']",Teatro Romano,"['Santa Anastasia', 'Duomo', 'AMO', 'Palazzo della Ragione', 'Museo Conte']",Castelvecchio,strategy_nearest,False,0.004715919494628906,success
045B98429C4C80,1,"['Arena', 'Museo Lapidario', 'Tomba Giulietta']",Casa Giulietta,"['Centro Fotografia', 'Sighseeing', 'Torre Lamberti', 'Museo Conte', 'Museo Radio']",Torre Lamberti,strategy_nearest,True,0.0022242069244384766,success
045B944A9C4C80,0,"['Tomba Giulietta', 'Teatro Romano']",Torre Lamberti,"['Sighseeing', 'Centro Fotografia', 'Museo Conte', 'Casa Giulietta', 'Palazzo della Ragione']",Casa Giulietta,strategy_nearest,True,0.003011941909790039,success
045B974A9C4C80,2,['Torre Lamberti'],Santa Anastasia,"['AMO', 'Museo Conte', 'Palazzo della Ragione', 'Teatro Romano', 'Centro Fotografia']",Duomo,strategy_nearest,False,0.0016622543334960938,success
045BA6429C4C80,3,"['Castelvecchio', 'Arena']",Casa Giulietta,"['Centro Fotografia', 'Sighseeing', 'Torre Lamberti', 'Museo Conte', 'Museo Radio']",Torre Lamberti,strategy_nearest,True,0.0034699440002441406,success
045BDA3A9C4C80,3,"['Casa Giulietta', 'Santa Anastasia', 'Duomo']",Teatro Romano,"['AMO', 'Palazzo della Ragione', 'Museo Conte', 'Centro Fotografia', 'Museo Miniscalchi']",Arena,strategy_nearest,False,0.0027751922607421875,success
045BB6429C4C80,3,"['Arena', 'Torre Lamberti']",Teatro Romano,"['Santa Anastasia', 'Duomo', 'AMO', 'Palazzo della Ragione', 'Museo Conte']",Giardino Giusti,strategy_nearest,False,0.0022420883178710938,success
045BC93A9C4C80,3,"['Castelvecchio', 'Duomo']",San Zeno,"['Verona Tour', 'Museo Lapidario', 'Arena', 'Museo Miniscalchi', 'Sighseeing']",Arena,strategy_nearest,True,0.004176139831542969,success
045BEA429C4C80,3,"['Casa Giulietta', 'Tomba Giulietta']",Santa Anastasia,"['AMO', 'Museo Conte', 'Palazzo della Ragione', 'Teatro Romano', 'Centro Fotografia']",Arena,strategy_nearest,False,0.0027060508728027344,success
045BF03A9C4C80,2,['Castelvecchio'],Torre Lamberti,"['Sighseeing', 'Centro Fotografia', 'Museo Conte', 'Casa Giulietta', 'Palazzo della Ragione']",Santa Anastasia,strategy_nearest,False,0.004792928695678711,success
045BFC429C4C80,3,"['Castelvecchio', 'San Zeno', 'Teatro Romano']",Duomo,"['AMO', 'Museo Miniscalchi', 'Santa Anastasia', 'Palazzo della Ragione', 'Museo Conte']",Santa Anastasia,strategy_nearest,True,0.0040700435638427734,success
045BF13A9C4C80,3,"['Casa Giulietta', 'Torre Lamberti', 'Arena']",Tomba Giulietta,"['San Fermo', 'Museo Storia', 'Museo Lapidario', 'Museo Radio', 'Verona Tour']",San Fermo,strategy_nearest,True,0.005439043045043945,success
045C623A9C4C80,0,['Arena'],Casa Giulietta,"['Centro Fotografia', 'Sighseeing', 'Torre Lamberti', 'Museo Conte', 'Museo Radio']",Santa Anastasia,strategy_nearest,False,0.0028438568115234375,success
045CA6429C4C80,0,['Arena'],Santa Anastasia,"['AMO', 'Museo Conte', 'Palazzo della Ragione', 'Teatro Romano', 'Centro Fotografia']",Casa Giulietta,strategy_nearest,False,0.0026378631591796875,success
045CC73A9C4C80,2,['Tomba Giulietta'],San Fermo,"['Museo Storia', 'Museo Radio', 'Casa Giulietta', 'Centro Fotografia', 'Arena']",Casa Giulietta,strategy_nearest,True,0.0032351016998291016,success
045C85429C4C80,0,['Casa Giulietta'],Torre Lamberti,"['Sighseeing', 'Centro Fotografia', 'Museo Conte', 'Palazzo della Ragione', 'AMO']",Arena,strategy_nearest,False,0.0021131038665771484,success
045C854A9C4C80,0,['Arena'],Casa Giulietta,"['Centro Fotografia', 'Sighseeing', 'Torre Lamberti', 'Museo Conte', 'Museo Radio']",Torre Lamberti,strategy_nearest,True,0.0022208690643310547,success
045D0E429C4C84,0,['Arena'],Torre Lamberti,"['Sighseeing', 'Centro Fotografia', 'Museo Conte', 'Casa Giulietta', 'Palazzo della Ragione']",Casa Giulietta,strategy_nearest,True,0.003267049789428711,success
045D043A9C4C84,3,"['Casa Giulietta', 'San Zeno']",Arena,"['Verona Tour', 'Museo Lapidario', 'Museo Radio', 'San Fermo', 'Sighseeing']",Santa Anastasia,strategy_nearest,False,0.0027778148651123047,success
045CEA429C4C80,3,"['Arena', 'San Fermo', 'Casa Giulietta']",Torre Lamberti,"['Sighseeing', 'Centro Fotografia', 'Museo Conte', 'Palazzo della Ragione', 'AMO']",Santa Anastasia,strategy_nearest,False,0.0026519298553466797,success
045D033A9C4C84,0,['Arena'],Castelvecchio,"['Museo Lapidario', 'Verona Tour', 'Museo Radio', 'San Zeno', 'Sighseeing']",Teatro Romano,strategy_nearest,False,0.0014138221740722656,success
045D213A9C4C80,3,['Arena'],Torre Lamberti,"['Sighseeing', 'Centro Fotografia', 'Museo Conte', 'Casa Giulietta', 'Palazzo della Ragione']",Santa Anastasia,strategy_nearest,False,0.0015490055084228516,success
045D223A9C4C80,3,"['Arena', 'Torre Lamberti']",Santa Anastasia,"['AMO', 'Museo Conte', 'Palazzo della Ragione', 'Teatro Romano', 'Centro Fotografia']",Duomo,strategy_nearest,False,0.003238677978515625,success
045D0F3A9C4C84,0,['Arena'],Casa Giulietta,"['Centro Fotografia', 'Sighseeing', 'Torre Lamberti', 'Museo Conte', 'Museo Radio']",Castelvecchio,strategy_nearest,False,0.0028748512268066406,success
045D10429C4C84,0,['Arena'],Casa Giulietta,"['Centro Fotografia', 'Sighseeing', 'Torre Lamberti', 'Museo Conte', 'Museo Radio']",Santa Anastasia,strategy_nearest,False,0.002213001251220703,success
045D2F3A9C4C80,2,"['Castelvecchio', 'Duomo']",Santa Anastasia,"['AMO', 'Museo Conte', 'Palazzo della Ragione', 'Teatro Romano', 'Centro Fotografia']",Casa Giulietta,strategy_nearest,False,0.0013880729675292969,success
045D2A429C4C80,3,"['Arena', 'Tomba Giulietta', 'San Fermo', 'Santa Anastasia']",Teatro Romano,"['Duomo', 'AMO', 'Palazzo della Ragione', 'Museo Conte', 'Centro Fotografia']",Duomo,strategy_nearest,True,0.002176046371459961,success
045D2E429C4C80,0,['Arena'],Castelvecchio,"['Museo Lapidario', 'Verona Tour', 'Museo Radio', 'San Zeno', 'Sighseeing']",Torre Lamberti,strategy_nearest,False,0.0027360916137695312,success
045D244A9C4C80,3,"['Arena', 'Castelvecchio', 'San Zeno', 'Torre Lamberti']",Casa Giulietta,"['Centro Fotografia', 'Sighseeing', 'Museo Conte', 'Museo Radio', 'Palazzo della Ragione']",Santa Anastasia,strategy_nearest,False,0.004599094390869141,success
045D45429C4C80,0,"['Casa Giulietta', 'Torre Lamberti']",San Fermo,"['Museo Storia', 'Museo Radio', 'Centro Fotografia', 'Arena', 'Sighseeing']",Museo Storia,strategy_nearest,True,0.002209186553955078,success
045D3E429C4C80,0,['Arena'],Duomo,"['AMO', 'Museo Miniscalchi', 'Santa Anastasia', 'Teatro Romano', 'Palazzo della Ragione']",Teatro Romano,strategy_nearest,True,0.0014960765838623047,success
045D303A9C4C80,0,"['Castelvecchio', 'Arena']",Tomba Giulietta,"['San Fermo', 'Museo Storia', 'Museo Lapidario', 'Museo Radio', 'Verona Tour']",Casa Giulietta,strategy_nearest,False,0.0029261112213134766,success
045D47429C4C80,0,['San Fermo'],Teatro Romano,"['Santa Anastasia', 'Duomo', 'AMO', 'Palazzo della Ragione', 'Museo Conte']",Casa Giulietta,strategy_nearest,False,0.003397703170776367,success
045D56429C4C80,1,['Arena'],Palazzo della Ragione,"['AMO', 'Museo Conte', 'Torre Lamberti', 'Centro Fotografia', 'Sighseeing']",Castelvecchio,strategy_nearest,False,0.002794981002807617,success
045D623A9C4C80,0,['Duomo'],Castelvecchio,"['Museo Lapidario', 'Verona Tour', 'Arena', 'Museo Radio', 'San Zeno']",Arena,strategy_nearest,True,0.0013020038604736328,success
045D553A9C4C80,2,['Casa Giulietta'],Santa Anastasia,"['AMO', 'Museo Conte', 'Palazzo della Ragione', 'Teatro Romano', 'Centro Fotografia']",Giardino Giusti,strategy_nearest,False,0.004132270812988281,success
045D693A9C4C80,3,"['Arena', 'San Zeno', 'Castelvecchio']",Casa Giulietta,"['Centro Fotografia', 'Sighseeing', 'Torre Lamberti', 'Museo Conte', 'Museo Radio']",Duomo,strategy_nearest,False,0.002679109573364258,success
045D7D3A9C4C80,3,['Arena'],Casa Giulietta,"['Centro Fotografia', 'Sighseeing', 'Torre Lamberti', 'Museo Conte', 'Museo Radio']",Duomo,strategy_nearest,False,0.003429889678955078,success
045D7E3A9C4C80,2,['San Fermo'],Torre Lamberti,"['Sighseeing', 'Centro Fotografia', 'Museo Conte', 'Casa Giulietta', 'Palazzo della Ragione']",Santa Anastasia,strategy_nearest,False,0.001344919204711914,success
045D7D429C4C80,3,"['Arena', 'Casa Giulietta']",Santa Anastasia,"['AMO', 'Museo Conte', 'Palazzo della Ragione', 'Teatro Romano', 'Centro Fotografia']",Torre Lamberti,strategy_nearest,False,0.004092216491699219,success
045D86429C4C80,3,"['Arena', 'Santa Anastasia', 'Torre Lamberti']",Duomo,"['AMO', 'Museo Miniscalchi', 'Teatro Romano', 'Palazzo della Ragione', 'Museo Conte']",San Zeno,strategy_nearest,False,0.0026438236236572266,success
045D88429C4C80,3,"['Arena', 'Torre Lamberti']",Casa Giulietta,"['Centro Fotografia', 'Sighseeing', 'Museo Conte', 'Museo Radio', 'Palazzo della Ragione']",Santa Anastasia,strategy_nearest,False,0.001589059829711914,success
045D8E4A9C4C80,3,"['Arena', 'Casa Giulietta']",Santa Anastasia,"['AMO', 'Museo Conte', 'Palazzo della Ragione', 'Teatro Romano', 'Centro Fotografia']",Duomo,strategy_nearest,False,0.002155780792236328,success
045D95429C4C80,2,['Casa Giulietta'],Torre Lamberti,"['Sighseeing', 'Centro Fotografia', 'Museo Conte', 'Palazzo della Ragione', 'AMO']",Castelvecchio,strategy_nearest,False,0.0025899410247802734,success
045D87429C4C80,2,"['Casa Giulietta', 'Santa Anastasia']",Teatro Romano,"['Duomo', 'AMO', 'Palazzo della Ragione', 'Museo Conte', 'Centro Fotografia']",Giardino Giusti,strategy_nearest,False,0.0046160221099853516,success
045DA54A9C4C80,3,"['Castelvecchio', 'Arena', 'San Fermo']",Casa Giulietta,"['Centro Fotografia', 'Sighseeing', 'Torre Lamberti', 'Museo Conte', 'Museo Radio']",Santa Anastasia,strategy_nearest,False,0.001965045928955078,success
045DA14A9C4C80,0,['Arena'],Torre Lamberti,"['Sighseeing', 'Centro Fotografia', 'Museo Conte', 'Casa Giulietta', 'Palazzo della Ragione']",Giardino Giusti,strategy_nearest,False,0.0014231204986572266,success
045DA44A9C4C80,2,"['Castelvecchio', 'Casa Giulietta']",Torre Lamberti,"['Sighseeing', 'Centro Fotografia', 'Museo Conte', 'Palazzo della Ragione', 'AMO']",Santa Anastasia,strategy_nearest,False,0.002756834030151367,success
045DA74A9C4C80,0,"['Arena', 'Torre Lamberti']",Casa Giulietta,"['Centro Fotografia', 'Sighseeing', 'Museo Conte', 'Museo Radio', 'Palazzo della Ragione']",Castelvecchio,strategy_nearest,False,0.003139019012451172,success
045DA83A9C4C80,2,['Casa Giulietta'],Torre Lamberti,"['Sighseeing', 'Centro Fotografia', 'Museo Conte', 'Palazzo della Ragione', 'AMO']",Castelvecchio,strategy_nearest,False,0.0016818046569824219,success
045DBA3A9C4C80,2,['Casa Giulietta'],Castelvecchio,"['Museo Lapidario', 'Verona Tour', 'Arena', 'Museo Radio', 'San Zeno']",Santa Anastasia,strategy_nearest,False,0.0032989978790283203,success
045DB8429C4C80,0,['Arena'],Torre Lamberti,"['Sighseeing', 'Centro Fotografia', 'Museo Conte', 'Casa Giulietta', 'Palazzo della Ragione']",Casa Giulietta,strategy_nearest,True,0.0027201175689697266,success
045DBF3A9C4C80,3,"['Arena', 'Casa Giulietta']",Torre Lamberti,"['Sighseeing', 'Centro Fotografia', 'Museo Conte', 'Palazzo della Ragione', 'AMO']",Santa Anastasia,strategy_nearest,False,0.004033088684082031,success
045DC83A9C4C80,2,['Castelvecchio'],Duomo,"['AMO', 'Museo Miniscalchi', 'Santa Anastasia', 'Teatro Romano', 'Palazzo della Ragione']",Santa Anastasia,strategy_nearest,True,0.0032949447631835938,success
045DCA3A9C4C80,3,"['Arena', 'Castelvecchio', 'Torre Lamberti']",Casa Giulietta,"['Centro Fotografia', 'Sighseeing', 'Museo Conte', 'Museo Radio', 'Palazzo della Ragione']",Santa Anastasia,strategy_nearest,False,0.0014157295227050781,success
045DC13A9C4C80,0,['Arena'],Casa Giulietta,"['Centro Fotografia', 'Sighseeing', 'Torre Lamberti', 'Museo Conte', 'Museo Radio']",Torre Lamberti,strategy_nearest,True,0.003374814987182617,success
045DD63A9C4C80,3,"['San Fermo', 'San Zeno', 'Santa Anastasia', 'Duomo']",Torre Lamberti,"['Sighseeing', 'Centro Fotografia', 'Museo Conte', 'Casa Giulietta', 'Palazzo della Ragione']",Castelvecchio,strategy_nearest,False,0.0021088123321533203,success
045DD1429C4C80,3,"['Tomba Giulietta', 'Arena', 'Museo Lapidario', 'Castelvecchio']",Teatro Romano,"['Santa Anastasia', 'Duomo', 'AMO', 'Palazzo della Ragione', 'Museo Conte']",Duomo,strategy_nearest,True,0.0020971298217773438,success
045DE0429C4C80,3,"['Arena', 'Santa Anastasia', 'Duomo']",San Zeno,"['Castelvecchio', 'Verona Tour', 'Museo Lapidario', 'Museo Miniscalchi', 'Sighseeing']",Castelvecchio,strategy_nearest,True,0.0032820701599121094,success
045DD43A9C4C80,3,"['Arena', 'San Fermo', 'Casa Giulietta']",Torre Lamberti,"['Sighseeing', 'Centro Fotografia', 'Museo Conte', 'Palazzo della Ragione', 'AMO']",Teatro Romano,strategy_nearest,False,0.002763032913208008,success
045DEE3A9C4C80,2,['Casa Giulietta'],Santa Anastasia,"['AMO', 'Museo Conte', 'Palazzo della Ragione', 'Teatro Romano', 'Centro Fotografia']",Duomo,strategy_nearest,False,0.001756906509399414,success
045DF43A9C4C80,0,['Arena'],San Fermo,"['Museo Storia', 'Museo Radio', 'Casa Giulietta', 'Centro Fotografia', 'Sighseeing']",Tomba Giulietta,strategy_nearest,False,0.002887248992919922,success
045E15429C4C84,0,['Duomo'],Torre Lamberti,"['Sighseeing', 'Centro Fotografia', 'Museo Conte', 'Casa Giulietta', 'Palazzo della Ragione']",Arena,strategy_nearest,False,0.003139019012451172,success
045DE2429C4C80,0,"['Arena', 'Casa Giulietta']",San Fermo,"['Museo Storia', 'Museo Radio', 'Centro Fotografia', 'Sighseeing', 'Torre Lamberti']",Museo Storia,strategy_nearest,True,0.0029828548431396484,success
045E21429C4C84,3,['Arena'],Duomo,"['AMO', 'Museo Miniscalchi', 'Santa Anastasia', 'Teatro Romano', 'Palazzo della Ragione']",Santa Anastasia,strategy_nearest,True,0.0012669563293457031,success
045E213A9C4C84,3,"['Arena', 'Casa Giulietta']",Santa Anastasia,"['AMO', 'Museo Conte', 'Palazzo della Ragione', 'Teatro Romano', 'Centro Fotografia']",Duomo,strategy_nearest,False,0.003384113311767578,success
045E1B429C4C84,1,"['Arena', 'Museo Lapidario', 'San Fermo']",Casa Giulietta,"['Centro Fotografia', 'Sighseeing', 'Torre Lamberti', 'Museo Conte', 'Museo Radio']",Torre Lamberti,strategy_nearest,True,0.003887176513671875,success
045E223A9C4C84,0,['Arena'],Museo Lapidario,"['Verona Tour', 'Castelvecchio', 'Museo Radio', 'San Fermo', 'Casa Giulietta']",Castelvecchio,strategy_nearest,True,0.0033788681030273438,success
045E33429C4C80,0,['Arena'],Casa Giulietta,"['Centro Fotografia', 'Sighseeing', 'Torre Lamberti', 'Museo Conte', 'Museo Radio']",Torre Lamberti,strategy_nearest,True,0.00372314453125,success
045E38429C4C80,0,['Arena'],Tomba Giulietta,"['San Fermo', 'Museo Storia', 'Museo Lapidario', 'Museo Radio', 'Verona Tour']",Casa Giulietta,strategy_nearest,False,0.002162933349609375,success
045E294A9C4C80,1,"['Casa Giulietta', 'Torre Lamberti']",Arena,"['Verona Tour', 'Museo Lapidario', 'Museo Radio', 'San Fermo', 'Sighseeing']",Palazzo della Ragione,strategy_nearest,False,0.002641916275024414,success
045E3C429C4C80,2,['Castelvecchio'],Torre Lamberti,"['Sighseeing', 'Centro Fotografia', 'Museo Conte', 'Casa Giulietta', 'Palazzo della Ragione']",Casa Giulietta,strategy_nearest,True,0.0021638870239257812,success
045E523A9C4C80,0,['Arena'],Casa Giulietta,"['Centro Fotografia', 'Sighseeing', 'Torre Lamberti', 'Museo Conte', 'Museo Radio']",Tomba Giulietta,strategy_nearest,False,0.0032529830932617188,success
045E3A429C4C80,3,"['Casa Giulietta', 'San Fermo', 'Castelvecchio']",Arena,"['Verona Tour', 'Museo Lapidario', 'Museo Radio', 'Sighseeing', 'Torre Lamberti']",Santa Anastasia,strategy_nearest,False,0.0029039382934570312,success
045E43429C4C80,2,"['San Zeno', 'Castelvecchio']",Casa Giulietta,"['Centro Fotografia', 'Sighseeing', 'Torre Lamberti', 'Museo Conte', 'Museo Radio']",Torre Lamberti,strategy_nearest,True,0.0027849674224853516,success
045E6D3A9C4C80,2,"['Castelvecchio', 'Santa Anastasia']",Duomo,"['AMO', 'Museo Miniscalchi', 'Teatro Romano', 'Palazzo della Ragione', 'Museo Conte']",Palazzo della Ragione,strategy_nearest,True,0.0026938915252685547,success
045E663A9C4C80,0,['Arena'],Casa Giulietta,"['Centro Fotografia', 'Sighseeing', 'Torre Lamberti', 'Museo Conte', 'Museo Radio']",Torre Lamberti,strategy_nearest,True,0.002279043197631836,success
045E69429C4C80,0,"['Arena', 'San Zeno']",Torre Lamberti,"['Sighseeing', 'Centro Fotografia', 'Museo Conte', 'Casa Giulietta', 'Palazzo della Ragione']",Casa Giulietta,strategy_nearest,True,0.0034492015838623047,success
045E563A9C4C80,0,"['Arena', 'Museo Lapidario']",Castelvecchio,"['Verona Tour', 'Museo Radio', 'San Zeno', 'Sighseeing', 'Museo Miniscalchi']",Torre Lamberti,strategy_nearest,False,0.0026922225952148438,success
045E7A429C4C80,0,['Arena'],Casa Giulietta,"['Centro Fotografia', 'Sighseeing', 'Torre Lamberti', 'Museo Conte', 'Museo Radio']",Teatro Romano,strategy_nearest,False,0.002817869186401367,success
045E7B429C4C80,3,"['Arena', 'Castelvecchio']",Duomo,"['AMO', 'Museo Miniscalchi', 'Santa Anastasia', 'Teatro Romano', 'Palazzo della Ragione']",Teatro Romano,strategy_nearest,True,0.0016062259674072266,success
045E7B4A9C4C80,0,['Castelvecchio'],Arena,"['Verona Tour', 'Museo Lapidario', 'Museo Radio', 'San Fermo', 'Casa Giulietta']",Casa Giulietta,strategy_nearest,True,0.0027670860290527344,success
045E83429C4C80,3,"['Casa Giulietta', 'Torre Lamberti']",Santa Anastasia,"['AMO', 'Museo Conte', 'Palazzo della Ragione', 'Teatro Romano', 'Centro Fotografia']",Duomo,strategy_nearest,False,0.0032777786254882812,success
045E84429C4C80,2,['Casa Giulietta'],Castelvecchio,"['Museo Lapidario', 'Verona Tour', 'Arena', 'Museo Radio', 'San Zeno']",Torre Lamberti,strategy_nearest,False,0.002073049545288086,success
045E864A9C4C80,2,['Torre Lamberti'],Teatro Romano,"['Santa Anastasia', 'Duomo', 'AMO', 'Palazzo della Ragione', 'Museo Conte']",Castelvecchio,strategy_nearest,False,0.0027458667755126953,success
045E863A9C4C80,0,['Arena'],Castelvecchio,"['Museo Lapidario', 'Verona Tour', 'Museo Radio', 'San Zeno', 'Sighseeing']",Casa Giulietta,strategy_nearest,False,0.0021409988403320312,success
045E874A9C4C80,0,['Arena'],San Zeno,"['Castelvecchio', 'Verona Tour', 'Museo Lapidario', 'Museo Miniscalchi', 'Sighseeing']",Torre Lamberti,strategy_nearest,False,0.0037970542907714844,success
045E904A9C4C80,3,"['Arena', 'Casa Giulietta']",Torre Lamberti,"['Sighseeing', 'Centro Fotografia', 'Museo Conte', 'Palazzo della Ragione', 'AMO']",Santa Anastasia,strategy_nearest,False,0.001992940902709961,success
045E8E4A9C4C80,0,"['Arena', 'Casa Giulietta']",Torre Lamberti,"['Sighseeing', 'Centro Fotografia', 'Museo Conte', 'Palazzo della Ragione', 'AMO']",Teatro Romano,strategy_nearest,False,0.002811908721923828,success
045E91429C4C80,0,['Santa Anastasia'],Arena,"['Verona Tour', 'Museo Lapidario', 'Museo Radio', 'San Fermo', 'Casa Giulietta']",Castelvecchio,strategy_nearest,False,0.004647970199584961,success
045E92429C4C80,0,['Arena'],Teatro Romano,"['Santa Anastasia', 'Duomo', 'AMO', 'Palazzo della Ragione', 'Museo Conte']",Duomo,strategy_nearest,True,0.0024878978729248047,success
045E934A9C4C80,0,['Arena'],Santa Anastasia,"['AMO', 'Museo Conte', 'Palazzo della Ragione', 'Teatro Romano', 'Centro Fotografia']",Casa Giulietta,strategy_nearest,False,0.002749919891357422,success
045EA0429C4C80,3,"['Arena', 'Casa Giulietta']",Torre Lamberti,"['Sighseeing', 'Centro Fotografia', 'Museo Conte', 'Palazzo della Ragione', 'AMO']",Duomo,strategy_nearest,False,0.0034058094024658203,success
045EA73A9C4C80,3,"['Arena', 'Museo Lapidario', 'Torre Lamberti']",Duomo,"['AMO', 'Museo Miniscalchi', 'Santa Anastasia', 'Teatro Romano', 'Palazzo della Ragione']",Teatro Romano,strategy_nearest,True,0.001508951187133789,success
045EA5429C4C80,3,"['Casa Giulietta', 'Torre Lamberti', 'Santa Anastasia']",Teatro Romano,"['Duomo', 'AMO', 'Palazzo della Ragione', 'Museo Conte', 'Centro Fotografia']",Arena,strategy_nearest,False,0.0034182071685791016,success
045EA3429C4C80,2,"['Castelvecchio', 'Torre Lamberti', 'Casa Giulietta']",Santa Anastasia,"['AMO', 'Museo Conte', 'Palazzo della Ragione', 'Teatro Romano', 'Centro Fotografia']",Duomo,strategy_nearest,False,0.0046689510345458984,success
045EA7429C4C80,3,"['Casa Giulietta', 'Santa Anastasia']",Torre Lamberti,"['Sighseeing', 'Centro Fotografia', 'Museo Conte', 'Palazzo della Ragione', 'AMO']",Arena,strategy_nearest,False,0.0020270347595214844,success
045EA94A9C4C80,3,"['San Fermo', 'Arena', 'Museo Lapidario', 'Casa Giulietta']",Torre Lamberti,"['Sighseeing', 'Centro Fotografia', 'Museo Conte', 'Palazzo della Ragione', 'AMO']",Santa Anastasia,strategy_nearest,False,0.00209808349609375,success
045EA93A9C4C80,2,"['Casa Giulietta', 'Torre Lamberti']",Palazzo della Ragione,"['AMO', 'Museo Conte', 'Centro Fotografia', 'Sighseeing', 'Santa Anastasia']",Santa Anastasia,strategy_nearest,True,0.002869844436645508,success
045EA8429C4C80,3,"['Arena', 'Casa Giulietta', 'Torre Lamberti']",Santa Anastasia,"['AMO', 'Museo Conte', 'Palazzo della Ragione', 'Teatro Romano', 'Centro Fotografia']",Duomo,strategy_nearest,False,0.0035429000854492188,success
045EAA429C4C80,3,"['Museo Storia', 'San Fermo']",Teatro Romano,"['Santa Anastasia', 'Duomo', 'AMO', 'Palazzo della Ragione', 'Museo Conte']",Torre Lamberti,strategy_nearest,False,0.0014810562133789062,success
045EB2429C4C80,3,"['Arena', 'Casa Giulietta']",Santa Anastasia,"['AMO', 'Museo Conte', 'Palazzo della Ragione', 'Teatro Romano', 'Centro Fotografia']",Duomo,strategy_nearest,False,0.0026237964630126953,success
045EBA429C4C80,3,"['Arena', 'Casa Giulietta']",Torre Lamberti,"['Sighseeing', 'Centro Fotografia', 'Museo Conte', 'Palazzo della Ragione', 'AMO']",Santa Anastasia,strategy_nearest,False,0.0019562244415283203,success
045EB4429C4C80,0,['Arena'],Castelvecchio,"['Museo Lapidario', 'Verona Tour', 'Museo Radio', 'San Zeno', 'Sighseeing']",Casa Giulietta,strategy_nearest,False,0.0026459693908691406,success
045EBF3A9C4C80,0,"['Castelvecchio', 'Arena']",Tomba Giulietta,"['San Fermo', 'Museo Storia', 'Museo Lapidario', 'Museo Radio', 'Verona Tour']",San Fermo,strategy_nearest,True,0.0027801990509033203,success
045ECF3A9C4C80,0,['Arena'],Castelvecchio,"['Museo Lapidario', 'Verona Tour', 'Museo Radio', 'San Zeno', 'Sighseeing']",Casa Giulietta,strategy_nearest,False,0.0025441646575927734,success
045EBB3A9C4C80,2,['Tomba Giulietta'],Giardino Giusti,"['Santa Anastasia', 'Teatro Romano', 'Museo Conte', 'Centro Fotografia', 'Museo Storia']",Santa Anastasia,strategy_nearest,True,0.0037658214569091797,success
045EBF429C4C80,3,['Arena'],Santa Anastasia,"['AMO', 'Museo Conte', 'Palazzo della Ragione', 'Teatro Romano', 'Centro Fotografia']",San Fermo,strategy_nearest,False,0.003284931182861328,success
045EF7429C4C80,0,['Castelvecchio'],Casa Giulietta,"['Centro Fotografia', 'Sighseeing', 'Torre Lamberti', 'Museo Conte', 'Museo Radio']",Arena,strategy_nearest,False,0.0012731552124023438,success
045EFA3A9C4C80,3,['Arena'],Torre Lamberti,"['Sighseeing', 'Centro Fotografia', 'Museo Conte', 'Casa Giulietta', 'Palazzo della Ragione']",Santa Anastasia,strategy_nearest,False,0.0032007694244384766,success
045EF43A9C4C80,2,['Tomba Giulietta'],Duomo,"['AMO', 'Museo Miniscalchi', 'Santa Anastasia', 'Teatro Romano', 'Palazzo della Ragione']",Santa Anastasia,strategy_nearest,True,0.002599000930786133,success
045ED73A9C4C80,3,"['Casa Giulietta', 'Arena', 'Tomba Giulietta']",Museo Lapidario,"['Verona Tour', 'Castelvecchio', 'Museo Radio', 'San Fermo', 'Sighseeing']",Santa Anastasia,strategy_nearest,False,0.0034339427947998047,success
045F04429C4C84,0,"['Castelvecchio', 'Arena']",Teatro Romano,"['Santa Anastasia', 'Duomo', 'AMO', 'Palazzo della Ragione', 'Museo Conte']",San Fermo,strategy_nearest,False,0.002237081527709961,success
045F11429C4C84,3,"['Torre Lamberti', 'Casa Giulietta', 'Duomo']",Teatro Romano,"['Santa Anastasia', 'AMO', 'Palazzo della Ragione', 'Museo Conte', 'Centro Fotografia']",San Fermo,strategy_nearest,False,0.0032219886779785156,success
045EFC3A9C4C80,3,['Castelvecchio'],Arena,"['Verona Tour', 'Museo Lapidario', 'Museo Radio', 'San Fermo', 'Casa Giulietta']",Torre Lamberti,strategy_nearest,False,0.0028638839721679688,success
045F0D429C4C84,0,['Arena'],Casa Giulietta,"['Centro Fotografia', 'Sighseeing', 'Torre Lamberti', 'Museo Conte', 'Museo Radio']",Duomo,strategy_nearest,False,0.0015461444854736328,success
045F13429C4C84,3,"['Santa Anastasia', 'Duomo', 'Arena']",Castelvecchio,"['Museo Lapidario', 'Verona Tour', 'Museo Radio', 'San Zeno', 'Sighseeing']",Tomba Giulietta,strategy_nearest,False,0.0021812915802001953,success
045F1D3A9C4C84,0,['Arena'],Castelvecchio,"['Museo Lapidario', 'Verona Tour', 'Museo Radio', 'San Zeno', 'Sighseeing']",Casa Giulietta,strategy_nearest,False,0.0031890869140625,success
045F16429C4C80,3,"['Castelvecchio', 'Santa Anastasia']",Duomo,"['AMO', 'Museo Miniscalchi', 'Teatro Romano', 'Palazzo della Ragione', 'Museo Conte']",San Zeno,strategy_nearest,False,0.0027437210083007812,success
045F173A9C4C80,1,"['Arena', 'Castelvecchio']",Santa Anastasia,"['AMO', 'Museo Conte', 'Palazzo della Ragione', 'Teatro Romano', 'Centro Fotografia']",Torre Lamberti,strategy_nearest,False,0.0014417171478271484,success
045F293A9C4C80,3,"['Arena', 'Casa Giulietta', 'Duomo']",Teatro Romano,"['Santa Anastasia', 'AMO', 'Palazzo della Ragione', 'Museo Conte', 'Centro Fotografia']",San Zeno,strategy_nearest,False,0.001405954360961914,success
045F264A9C4C80,3,"['Arena', 'San Fermo', 'San Zeno', 'Castelvecchio']",Santa Anastasia,"['AMO', 'Museo Conte', 'Palazzo della Ragione', 'Teatro Romano', 'Centro Fotografia']",Duomo,strategy_nearest,False,0.0020532608032226562,success
045F1D429C4C84,2,['Casa Giulietta'],Torre Lamberti,"['Sighseeing', 'Centro Fotografia', 'Museo Conte', 'Palazzo della Ragione', 'AMO']",Santa Anastasia,strategy_nearest,False,0.0027801990509033203,success
045F213A9C4C84,3,"['Santa Anastasia', 'San Zeno', 'Castelvecchio']",Casa Giulietta,"['Centro Fotografia', 'Sighseeing', 'Torre Lamberti', 'Museo Conte', 'Museo Radio']",Duomo,strategy_nearest,False,0.0033369064331054688,success
045F294A9C4C80,3,"['Casa Giulietta', 'Torre Lamberti', 'Santa Anastasia', 'Duomo', 'Teatro Romano']",Arena,"['Verona Tour', 'Museo Lapidario', 'Museo Radio', 'San Fermo', 'Sighseeing']",Museo Lapidario,strategy_nearest,True,0.0028700828552246094,success
045F30429C4C80,3,"['Arena', 'Casa Giulietta']",Santa Anastasia,"['AMO', 'Museo Conte', 'Palazzo della Ragione', 'Teatro Romano', 'Centro Fotografia']",Torre Lamberti,strategy_nearest,False,0.0021049976348876953,success
045F2F3A9C4C80,3,['Arena'],Santa Anastasia,"['AMO', 'Museo Conte', 'Palazzo della Ragione', 'Teatro Romano', 'Centro Fotografia']",Castelvecchio,strategy_nearest,False,0.001512765884399414,success
045F33429C4C80,1,"['San Fermo', 'Casa Giulietta', 'Torre Lamberti', 'Palazzo della Ragione']",Arena,"['Verona Tour', 'Museo Lapidario', 'Museo Radio', 'Sighseeing', 'Castelvecchio']",Castelvecchio,strategy_nearest,True,0.0033271312713623047,success
045F47429C4C80,2,"['Torre Lamberti', 'Giardino Giusti', 'San Zeno']",Teatro Romano,"['Santa Anastasia', 'Duomo', 'AMO', 'Palazzo della Ragione', 'Museo Conte']",Tomba Giulietta,strategy_nearest,False,0.002711057662963867,success
045F4B3A9C4C80,3,"['Arena', 'Torre Lamberti']",Casa Giulietta,"['Centro Fotografia', 'Sighseeing', 'Museo Conte', 'Museo Radio', 'Palazzo della Ragione']",Santa Anastasia,strategy_nearest,False,0.0031890869140625,success
045F374A9C4C80,3,"['Arena', 'San Fermo', 'Museo Lapidario']",Castelvecchio,"['Verona Tour', 'Museo Radio', 'San Zeno', 'Sighseeing', 'Museo Miniscalchi']",Santa Anastasia,strategy_nearest,False,0.0028002262115478516,success
045F44429C4C80,1,"['Arena', 'San Zeno', 'Castelvecchio', 'Torre Lamberti']",Palazzo della Ragione,"['AMO', 'Museo Conte', 'Centro Fotografia', 'Sighseeing', 'Santa Anastasia']",Casa Giulietta,strategy_nearest,False,0.0021970272064208984,success
045F523A9C4C80,0,['Arena'],Casa Giulietta,"['Centro Fotografia', 'Sighseeing', 'Torre Lamberti', 'Museo Conte', 'Museo Radio']",Teatro Romano,strategy_nearest,False,0.002777099609375,success
045F673A9C4C80,0,"['Arena', 'Torre Lamberti']",Casa Giulietta,"['Centro Fotografia', 'Sighseeing', 'Museo Conte', 'Museo Radio', 'Palazzo della Ragione']",Teatro Romano,strategy_nearest,False,0.0027670860290527344,success
045F693A9C4C80,2,"['Santa Anastasia', 'Castelvecchio', 'Casa Giulietta', 'Teatro Romano']",Tomba Giulietta,"['San Fermo', 'Museo Storia', 'Arena', 'Museo Lapidario', 'Museo Radio']",Duomo,strategy_nearest,False,0.001524209976196289,success
045F75429C4C80,0,['Casa Giulietta'],Arena,"['Verona Tour', 'Museo Lapidario', 'Museo Radio', 'San Fermo', 'Sighseeing']",Castelvecchio,strategy_nearest,False,0.0032520294189453125,success
045F7D4A9C4C80,0,['Teatro Romano'],Casa Giulietta,"['Centro Fotografia', 'Sighseeing', 'Torre Lamberti', 'Museo Conte', 'Museo Radio']",Arena,strategy_nearest,False,0.0018458366394042969,success
045F98429C4C80,3,['Arena'],San Fermo,"['Museo Storia', 'Museo Radio', 'Casa Giulietta', 'Centro Fotografia', 'Sighseeing']",Santa Anastasia,strategy_nearest,False,0.0030558109283447266,success
045F8F4A9C4C80,0,['Arena'],Castelvecchio,"['Museo Lapidario', 'Verona Tour', 'Museo Radio', 'San Zeno', 'Sighseeing']",Casa Giulietta,strategy_nearest,False,0.0033049583435058594,success
045F843A9C4C80,0,['Arena'],Castelvecchio,"['Museo Lapidario', 'Verona Tour', 'Museo Radio', 'San Zeno', 'Sighseeing']",Casa Giulietta,strategy_nearest,False,0.0026979446411132812,success
045FA04A9C4C80,1,"['Arena', 'Casa Giulietta']",Palazzo della Ragione,"['AMO', 'Museo Conte', 'Torre Lamberti', 'Centro Fotografia', 'Sighseeing']",Teatro Romano,strategy_nearest,False,0.0033631324768066406,success
045FA44A9C4C80,1,"['Arena', 'Casa Giulietta']",Palazzo della Ragione,"['AMO', 'Museo Conte', 'Torre Lamberti', 'Centro Fotografia', 'Sighseeing']",Torre Lamberti,strategy_nearest,True,0.0015397071838378906,success
045FAB4A9C4C80,3,['Casa Giulietta'],Torre Lamberti,"['Sighseeing', 'Centro Fotografia', 'Museo Conte', 'Palazzo della Ragione', 'AMO']",Santa Anastasia,strategy_nearest,False,0.0019998550415039062,success
045F984A9C4C80,1,"['Arena', 'Museo Lapidario']",Casa Giulietta,"['Centro Fotografia', 'Sighseeing', 'Torre Lamberti', 'Museo Conte', 'Museo Radio']",Palazzo della Ragione,strategy_nearest,False,0.002810955047607422,success
045FB4429C4C80,3,"['Arena', 'Castelvecchio']",Duomo,"['AMO', 'Museo Miniscalchi', 'Santa Anastasia', 'Teatro Romano', 'Palazzo della Ragione']",Teatro Romano,strategy_nearest,True,0.001569986343383789,success
045FAD3A9C4C80,0,['Arena'],Casa Giulietta,"['Centro Fotografia', 'Sighseeing', 'Torre Lamberti', 'Museo Conte', 'Museo Radio']",Teatro Romano,strategy_nearest,False,0.003435850143432617,success
045FC23A9C4C80,3,"['Arena', 'Duomo']",Santa Anastasia,"['AMO', 'Museo Conte', 'Palazzo della Ragione', 'Teatro Romano', 'Centro Fotografia']",Castelvecchio,strategy_nearest,False,0.0026290416717529297,success
045FB53A9C4C80,3,"['Castelvecchio', 'Arena']",Santa Anastasia,"['AMO', 'Museo Conte', 'Palazzo della Ragione', 'Teatro Romano', 'Centro Fotografia']",Duomo,strategy_nearest,False,0.002051830291748047,success
045FEC3A9C4C80,0,"['San Fermo', 'Museo Storia']",Giardino Giusti,"['Santa Anastasia', 'Teatro Romano', 'Museo Conte', 'Centro Fotografia', 'AMO']",Tomba Giulietta,strategy_nearest,False,0.0032320022583007812,success
045FE83A9C4C80,2,['Casa Giulietta'],Torre Lamberti,"['Sighseeing', 'Centro Fotografia', 'Museo Conte', 'Palazzo della Ragione', 'AMO']",Duomo,strategy_nearest,False,0.0027310848236083984,success
045FD83A9C4C80,0,['Arena'],Duomo,"['AMO', 'Museo Miniscalchi', 'Santa Anastasia', 'Teatro Romano', 'Palazzo della Ragione']",Casa Giulietta,strategy_nearest,False,0.0021691322326660156,success
045FCA3A9C4C80,3,"['Castelvecchio', 'San Zeno']",Arena,"['Verona Tour', 'Museo Lapidario', 'Museo Radio', 'San Fermo', 'Casa Giulietta']",Santa Anastasia,strategy_nearest,False,0.002813100814819336,success
04600E429C4C84,0,"['Casa Giulietta', 'Torre Lamberti']",Arena,"['Verona Tour', 'Museo Lapidario', 'Museo Radio', 'San Fermo', 'Sighseeing']",Castelvecchio,strategy_nearest,False,0.0019352436065673828,success
045FF53A9C4C80,0,['Casa Giulietta'],Torre Lamberti,"['Sighseeing', 'Centro Fotografia', 'Museo Conte', 'Palazzo della Ragione', 'AMO']",Arena,strategy_nearest,False,0.0014598369598388672,success
045FFA3A9C4C80,3,"['Casa Giulietta', 'Torre Lamberti']",Santa Anastasia,"['AMO', 'Museo Conte', 'Palazzo della Ragione', 'Teatro Romano', 'Centro Fotografia']",Duomo,strategy_nearest,False,0.0035316944122314453,success
046010429C4C84,3,"['Arena', 'Casa Giulietta']",Santa Anastasia,"['AMO', 'Museo Conte', 'Palazzo della Ragione', 'Teatro Romano', 'Centro Fotografia']",Duomo,strategy_nearest,False,0.002300262451171875,success
04602C429C4C80,0,['Arena'],Casa Giulietta,"['Centro Fotografia', 'Sighseeing', 'Torre Lamberti', 'Museo Conte', 'Museo Radio']",Castelvecchio,strategy_nearest,False,0.001992940902709961,success
046012429C4C84,3,"['Arena', 'Castelvecchio']",Santa Anastasia,"['AMO', 'Museo Conte', 'Palazzo della Ragione', 'Teatro Romano', 'Centro Fotografia']",Duomo,strategy_nearest,False,0.0045549869537353516,success
0460253A9C4C80,3,"['Arena', 'Casa Giulietta']",Castelvecchio,"['Museo Lapidario', 'Verona Tour', 'Museo Radio', 'San Zeno', 'Sighseeing']",Santa Anastasia,strategy_nearest,False,0.001415252685546875,success
0460243A9C4C80,0,['Arena'],Casa Giulietta,"['Centro Fotografia', 'Sighseeing', 'Torre Lamberti', 'Museo Conte', 'Museo Radio']",Torre Lamberti,strategy_nearest,True,0.0033218860626220703,success
046038429C4C80,1,"['Santa Anastasia', 'Duomo', 'Teatro Romano', 'San Zeno']",San Fermo,"['Museo Storia', 'Museo Radio', 'Casa Giulietta', 'Centro Fotografia', 'Arena']",Torre Lamberti,strategy_nearest,False,0.001979827880859375,success
04604C429C4C80,3,['Arena'],Santa Anastasia,"['AMO', 'Museo Conte', 'Palazzo della Ragione', 'Teatro Romano', 'Centro Fotografia']",Duomo,strategy_nearest,False,0.003222942352294922,success
0460303A9C4C80,3,"['Castelvecchio', 'Arena', 'Casa Giulietta', 'Torre Lamberti']",Teatro Romano,"['Santa Anastasia', 'Duomo', 'AMO', 'Palazzo della Ragione', 'Museo Conte']",Duomo,strategy_nearest,True,0.0014560222625732422,success
0460364A9C4C80,3,"['Arena', 'Casa Giulietta']",Castelvecchio,"['Museo Lapidario', 'Verona Tour', 'Museo Radio', 'San Zeno', 'Sighseeing']",Santa Anastasia,strategy_nearest,False,0.002835988998413086,success
046075429C4C80,2,['Casa Giulietta'],Torre Lamberti,"['Sighseeing', 'Centro Fotografia', 'Museo Conte', 'Palazzo della Ragione', 'AMO']",San Fermo,strategy_nearest,False,0.0031599998474121094,success
0460573A9C4C80,0,['Castelvecchio'],Tomba Giulietta,"['San Fermo', 'Museo Storia', 'Arena', 'Museo Lapidario', 'Museo Radio']",Arena,strategy_nearest,True,0.002746105194091797,success
04606A3A9C4C80,3,"['Arena', 'Teatro Romano', 'Torre Lamberti']",Duomo,"['AMO', 'Museo Miniscalchi', 'Santa Anastasia', 'Palazzo della Ragione', 'Museo Conte']",Santa Anastasia,strategy_nearest,True,0.0013930797576904297,success
0460583A9C4C80,1,"['Arena', 'Torre Lamberti', 'Palazzo della Ragione', 'Casa Giulietta']",Tomba Giulietta,"['San Fermo', 'Museo Storia', 'Museo Lapidario', 'Museo Radio', 'Verona Tour']",Teatro Romano,strategy_nearest,False,0.0021219253540039062,success
04607B3A9C4C80,3,"['Arena', 'Casa Giulietta']",Santa Anastasia,"['AMO', 'Museo Conte', 'Palazzo della Ragione', 'Teatro Romano', 'Centro Fotografia']",Duomo,strategy_nearest,False,0.001580953598022461,success
046083429C4C80,0,"['San Zeno', 'Tomba Giulietta']",Casa Giulietta,"['Centro Fotografia', 'Sighseeing', 'Torre Lamberti', 'Museo Conte', 'Museo Radio']",Castelvecchio,strategy_nearest,False,0.0020058155059814453,success
0460773A9C4C80,1,"['Palazzo della Ragione', 'Torre Lamberti', 'Arena']",Castelvecchio,"['Museo Lapidario', 'Verona Tour', 'Museo Radio', 'San Zeno', 'Sighseeing']",Casa Giulietta,strategy_nearest,False,0.003453969955444336,success
04607E3A9C4C80,0,['San Zeno'],Castelvecchio,"['Museo Lapidario', 'Verona Tour', 'Arena', 'Museo Radio', 'Sighseeing']",Arena,strategy_nearest,True,0.002832174301147461,success
04609E4A9C4C80,0,['Arena'],Casa Giulietta,"['Centro Fotografia', 'Sighseeing', 'Torre Lamberti', 'Museo Conte', 'Museo Radio']",Castelvecchio,strategy_nearest,False,0.001977205276489258,success
04608E4A9C4C80,3,"['Torre Lamberti', 'Casa Giulietta', 'Duomo']",Teatro Romano,"['Santa Anastasia', 'AMO', 'Palazzo della Ragione', 'Museo Conte', 'Centro Fotografia']",San Fermo,strategy_nearest,False,0.0028591156005859375,success
04608F429C4C80,0,['Arena'],Castelvecchio,"['Museo Lapidario', 'Verona Tour', 'Museo Radio', 'San Zeno', 'Sighseeing']",Casa Giulietta,strategy_nearest,False,0.002830982208251953,success
0460944A9C4C80,1,['Arena'],Santa Anastasia,"['AMO', 'Museo Conte', 'Palazzo della Ragione', 'Teatro Romano', 'Centro Fotografia']",Palazzo della Ragione,strategy_nearest,True,0.0035021305084228516,success
0460A5429C4C80,0,['Arena'],Torre Lamberti,"['Sighseeing', 'Centro Fotografia', 'Museo Conte', 'Casa Giulietta', 'Palazzo della Ragione']",Casa Giulietta,strategy_nearest,True,0.0019922256469726562,success
0460A1429C4C80,1,"['Duomo', 'Torre Lamberti', 'Palazzo della Ragione', 'Casa Giulietta']",Santa Anastasia,"['AMO', 'Museo Conte', 'Teatro Romano', 'Centro Fotografia', 'Sighseeing']",Giardino Giusti,strategy_nearest,False,0.002748727798461914,success
0460A54A9C4C80,0,['Castelvecchio'],Arena,"['Verona Tour', 'Museo Lapidario', 'Museo Radio', 'San Fermo', 'Casa Giulietta']",Casa Giulietta,strategy_nearest,True,0.0027189254760742188,success
0460A73A9C4C80,2,['Castelvecchio'],San Fermo,"['Museo Storia', 'Museo Radio', 'Casa Giulietta', 'Centro Fotografia', 'Arena']",Torre Lamberti,strategy_nearest,False,0.0032570362091064453,success
0460A83A9C4C80,3,['Arena'],Teatro Romano,"['Santa Anastasia', 'Duomo', 'AMO', 'Palazzo della Ragione', 'Museo Conte']",Santa Anastasia,strategy_nearest,True,0.004400968551635742,success
0460A94A9C4C80,3,['Casa Giulietta'],Torre Lamberti,"['Sighseeing', 'Centro Fotografia', 'Museo Conte', 'Palazzo della Ragione', 'AMO']",Santa Anastasia,strategy_nearest,False,0.003523111343383789,success
0460A93A9C4C80,0,['Duomo'],Teatro Romano,"['Santa Anastasia', 'AMO', 'Palazzo della Ragione', 'Museo Conte', 'Centro Fotografia']",Casa Giulietta,strategy_nearest,False,0.0018711090087890625,success
0460A9429C4C80,0,['Castelvecchio'],Arena,"['Verona Tour', 'Museo Lapidario', 'Museo Radio', 'San Fermo', 'Casa Giulietta']",Santa Anastasia,strategy_nearest,False,0.0021572113037109375,success
0460C0429C4C80,0,['Arena'],Duomo,"['AMO', 'Museo Miniscalchi', 'Santa Anastasia', 'Teatro Romano', 'Palazzo della Ragione']",Teatro Romano,strategy_nearest,True,0.0021758079528808594,success
0460AB3A9C4C80,0,"['Arena', 'San Zeno']",Castelvecchio,"['Museo Lapidario', 'Verona Tour', 'Museo Radio', 'Sighseeing', 'Museo Miniscalchi']",Casa Giulietta,strategy_nearest,False,0.0028781890869140625,success
0460C23A9C4C80,2,"['Duomo', 'Santa Anastasia']",Casa Giulietta,"['Centro Fotografia', 'Sighseeing', 'Torre Lamberti', 'Museo Conte', 'Museo Radio']",Torre Lamberti,strategy_nearest,True,0.003261089324951172,success
0460C03A9C4C80,0,['Arena'],Casa Giulietta,"['Centro Fotografia', 'Sighseeing', 'Torre Lamberti', 'Museo Conte', 'Museo Radio']",Torre Lamberti,strategy_nearest,True,0.0016140937805175781,success
0460D1429C4C80,2,['Santa Anastasia'],Torre Lamberti,"['Sighseeing', 'Centro Fotografia', 'Museo Conte', 'Casa Giulietta', 'Palazzo della Ragione']",Duomo,strategy_nearest,False,0.0027697086334228516,success
0460DB3A9C4C80,1,"['Casa Giulietta', 'Torre Lamberti', 'Palazzo della Ragione', 'Castelvecchio']",Arena,"['Verona Tour', 'Museo Lapidario', 'Museo Radio', 'San Fermo', 'Sighseeing']",Santa Anastasia,strategy_nearest,False,0.0033261775970458984,success
0460CC429C4C80,3,"['Duomo', 'Castelvecchio']",Arena,"['Verona Tour', 'Museo Lapidario', 'Museo Radio', 'San Fermo', 'Casa Giulietta']",Torre Lamberti,strategy_nearest,False,0.002724170684814453,success
0460C83A9C4C80,3,['Arena'],Santa Anastasia,"['AMO', 'Museo Conte', 'Palazzo della Ragione', 'Teatro Romano', 'Centro Fotografia']",Teatro Romano,strategy_nearest,True,0.002710103988647461,success
0460E7429C4C80,0,['Arena'],Castelvecchio,"['Museo Lapidario', 'Verona Tour', 'Museo Radio', 'San Zeno', 'Sighseeing']",Giardino Giusti,strategy_nearest,False,0.002780914306640625,success
04610D3A9C4C84,3,['Arena'],Castelvecchio,"['Museo Lapidario', 'Verona Tour', 'Museo Radio', 'San Zeno', 'Sighseeing']",Santa Anastasia,strategy_nearest,False,0.0014472007751464844,success
0460ED3A9C4C80,3,['Arena'],Casa Giulietta,"['Centro Fotografia', 'Sighseeing', 'Torre Lamberti', 'Museo Conte', 'Museo Radio']",San Fermo,strategy_nearest,False,0.0028219223022460938,success
0460FB429C4C80,0,['Arena'],Casa Giulietta,"['Centro Fotografia', 'Sighseeing', 'Torre Lamberti', 'Museo Conte', 'Museo Radio']",Torre Lamberti,strategy_nearest,True,0.0033528804779052734,success
0461173A9C4C80,2,"['Teatro Romano', 'Santa Anastasia']",Casa Giulietta,"['Centro Fotografia', 'Sighseeing', 'Torre Lamberti', 'Museo Conte', 'Museo Radio']",San Fermo,strategy_nearest,False,0.0013928413391113281,success
0461143A9C4C84,3,"['Museo Lapidario', 'Arena', 'Casa Giulietta', 'San Fermo']",Santa Anastasia,"['AMO', 'Museo Conte', 'Palazzo della Ragione', 'Teatro Romano', 'Centro Fotografia']",Duomo,strategy_nearest,False,0.004812955856323242,success
04611D3A9C4C84,3,['Arena'],Torre Lamberti,"['Sighseeing', 'Centro Fotografia', 'Museo Conte', 'Casa Giulietta', 'Palazzo della Ragione']",Santa Anastasia,strategy_nearest,False,0.0023300647735595703,success
046119429C4C84,2,['Santa Anastasia'],Duomo,"['AMO', 'Museo Miniscalchi', 'Teatro Romano', 'Palazzo della Ragione', 'Museo Conte']",Torre Lamberti,strategy_nearest,False,0.002162933349609375,success
046121429C4C80,3,"['Arena', 'San Fermo']",Santa Anastasia,"['AMO', 'Museo Conte', 'Palazzo della Ragione', 'Teatro Romano', 'Centro Fotografia']",Torre Lamberti,strategy_nearest,False,0.0028007030487060547,success
046120429C4C80,3,['Arena'],Torre Lamberti,"['Sighseeing', 'Centro Fotografia', 'Museo Conte', 'Casa Giulietta', 'Palazzo della Ragione']",Duomo,strategy_nearest,False,0.0023779869079589844,success
046123429C4C84,1,"['Casa Giulietta', 'Palazzo della Ragione']",Teatro Romano,"['Santa Anastasia', 'Duomo', 'AMO', 'Museo Conte', 'Centro Fotografia']",Arena,strategy_nearest,False,0.0014128684997558594,success
04612E3A9C4C80,3,"['Arena', 'Museo Lapidario']",Castelvecchio,"['Verona Tour', 'Museo Radio', 'San Zeno', 'Sighseeing', 'Museo Miniscalchi']",Duomo,strategy_nearest,False,0.0033180713653564453,success
046137429C4C80,0,['Arena'],Santa Anastasia,"['AMO', 'Museo Conte', 'Palazzo della Ragione', 'Teatro Romano', 'Centro Fotografia']",Castelvecchio,strategy_nearest,False,0.0015749931335449219,success
046136429C4C80,3,"['Arena', 'Casa Giulietta']",Torre Lamberti,"['Sighseeing', 'Centro Fotografia', 'Museo Conte', 'Palazzo della Ragione', 'AMO']",Santa Anastasia,strategy_nearest,False,0.0022089481353759766,success
04612F429C4C80,3,['Arena'],Casa Giulietta,"['Centro Fotografia', 'Sighseeing', 'Torre Lamberti', 'Museo Conte', 'Museo Radio']",Santa Anastasia,strategy_nearest,False,0.0034928321838378906,success
04613B429C4C80,0,['Casa Giulietta'],Arena,"['Verona Tour', 'Museo Lapidario', 'Museo Radio', 'San Fermo', 'Sighseeing']",Castelvecchio,strategy_nearest,False,0.003371715545654297,success
04613C429C4C80,3,['Arena'],Casa Giulietta,"['Centro Fotografia', 'Sighseeing', 'Torre Lamberti', 'Museo Conte', 'Museo Radio']",Santa Anastasia,strategy_nearest,False,0.0017557144165039062,success
0461523A9C4C80,3,"['Arena', 'Casa Giulietta']",Santa Anastasia,"['AMO', 'Museo Conte', 'Palazzo della Ragione', 'Teatro Romano', 'Centro Fotografia']",Teatro Romano,strategy_nearest,True,0.002563953399658203,success
04613D429C4C80,3,"['Teatro Romano', 'Casa Giulietta']",Arena,"['Verona Tour', 'Museo Lapidario', 'Museo Radio', 'San Fermo', 'Sighseeing']",Castelvecchio,strategy_nearest,False,0.001993894577026367,success
0461573A9C4C80,3,"['Arena', 'Torre Lamberti', 'Santa Anastasia', 'Duomo']",Casa Giulietta,"['Centro Fotografia', 'Sighseeing', 'Museo Conte', 'Museo Radio', 'Palazzo della Ragione']",Tomba Giulietta,strategy_nearest,False,0.003409147262573242,success
046158429C4C80,0,"['Torre Lamberti', 'Casa Giulietta', 'Castelvecchio']",San Fermo,"['Museo Storia', 'Museo Radio', 'Centro Fotografia', 'Arena', 'Sighseeing']",Arena,strategy_nearest,True,0.001744985580444336,success
0461763A9C4C80,4,"['Arena', 'Museo Lapidario', 'Museo Radio', 'Tomba Giulietta', 'San Fermo']",Teatro Romano,"['Santa Anastasia', 'Duomo', 'AMO', 'Palazzo della Ragione', 'Museo Conte']",Santa Anastasia,strategy_nearest,True,0.002650022506713867,success
0461793A9C4C80,0,['Arena'],Castelvecchio,"['Museo Lapidario', 'Verona Tour', 'Museo Radio', 'San Zeno', 'Sighseeing']",Casa Giulietta,strategy_nearest,False,0.003323793411254883,success
04617A429C4C80,0,"['Museo Lapidario', 'Arena']",Casa Giulietta,"['Centro Fotografia', 'Sighseeing', 'Torre Lamberti', 'Museo Conte', 'Museo Radio']",Duomo,strategy_nearest,False,0.0019011497497558594,success
04617B3A9C4C80,0,['Arena'],Casa Giulietta,"['Centro Fotografia', 'Sighseeing', 'Torre Lamberti', 'Museo Conte', 'Museo Radio']",Casa Giulietta,strategy_nearest,False,0.003119945526123047,success
046180429C4C80,2,['Casa Giulietta'],Castelvecchio,"['Museo Lapidario', 'Verona Tour', 'Arena', 'Museo Radio', 'San Zeno']",Santa Anastasia,strategy_nearest,False,0.0016400814056396484,success
046183429C4C80,0,['Arena'],Torre Lamberti,"['Sighseeing', 'Centro Fotografia', 'Museo Conte', 'Casa Giulietta', 'Palazzo della Ragione']",Casa Giulietta,strategy_nearest,True,0.0028579235076904297,success
046181429C4C80,0,"['Tomba Giulietta', 'San Fermo']",Arena,"['Verona Tour', 'Museo Lapidario', 'Museo Radio', 'Casa Giulietta', 'Sighseeing']",Casa Giulietta,strategy_nearest,True,0.0026738643646240234,success
0461843A9C4C80,3,['Arena'],Santa Anastasia,"['AMO', 'Museo Conte', 'Palazzo della Ragione', 'Teatro Romano', 'Centro Fotografia']",Torre Lamberti,strategy_nearest,False,0.002805948257446289,success
0461854A9C4C80,3,['Arena'],Santa Anastasia,"['AMO', 'Museo Conte', 'Palazzo della Ragione', 'Teatro Romano', 'Centro Fotografia']",Duomo,strategy_nearest,False,0.002290010452270508,success
04618D3A9C4C80,0,['Arena'],Casa Giulietta,"['Centro Fotografia', 'Sighseeing', 'Torre Lamberti', 'Museo Conte', 'Museo Radio']",Torre Lamberti,strategy_nearest,True,0.0024170875549316406,success
04618F4A9C4C80,3,['Arena'],San Fermo,"['Museo Storia', 'Museo Radio', 'Casa Giulietta', 'Centro Fotografia', 'Sighseeing']",Duomo,strategy_nearest,False,0.0025331974029541016,success
0461914A9C4C80,3,"['Arena', 'San Zeno']",Castelvecchio,"['Museo Lapidario', 'Verona Tour', 'Museo Radio', 'Sighseeing', 'Museo Miniscalchi']",Duomo,strategy_nearest,False,0.003236055374145508,success
0461974A9C4C80,1,"['Arena', 'Castelvecchio']",Torre Lamberti,"['Sighseeing', 'Centro Fotografia', 'Museo Conte', 'Casa Giulietta', 'Palazzo della Ragione']",Palazzo della Ragione,strategy_nearest,True,0.0034339427947998047,success
0461A5429C4C80,0,['Duomo'],Torre Lamberti,"['Sighseeing', 'Centro Fotografia', 'Museo Conte', 'Casa Giulietta', 'Palazzo della Ragione']",Arena,strategy_nearest,False,0.0020661354064941406,success
0461924A9C4C80,3,['Arena'],Santa Anastasia,"['AMO', 'Museo Conte', 'Palazzo della Ragione', 'Teatro Romano', 'Centro Fotografia']",Duomo,strategy_nearest,False,0.004706859588623047,success
04619C429C4C80,0,"['Arena', 'Arena']",Museo Lapidario,"['Verona Tour', 'Castelvecchio', 'Museo Radio', 'San Fermo', 'Casa Giulietta']",Casa Giulietta,strategy_nearest,True,0.0015020370483398438,success
0461A7429C4C80,3,['Arena'],Torre Lamberti,"['Sighseeing', 'Centro Fotografia', 'Museo Conte', 'Casa Giulietta', 'Palazzo della Ragione']",Santa Anastasia,strategy_nearest,False,0.002763986587524414,success
0461A63A9C4C80,2,"['Castelvecchio', 'San Zeno']",Casa Giulietta,"['Centro Fotografia', 'Sighseeing', 'Torre Lamberti', 'Museo Conte', 'Museo Radio']",Duomo,strategy_nearest,False,0.0022170543670654297,success
0461A83A9C4C80,2,"['Casa Giulietta', 'San Fermo']",Giardino Giusti,"['Santa Anastasia', 'Teatro Romano', 'Museo Conte', 'Centro Fotografia', 'Museo Storia']",Santa Anastasia,strategy_nearest,True,0.0033597946166992188,success
0461A73A9C4C80,2,['San Zeno'],Castelvecchio,"['Museo Lapidario', 'Verona Tour', 'Arena', 'Museo Radio', 'Sighseeing']",Casa Giulietta,strategy_nearest,False,0.001451730728149414,success
0461A93A9C4C80,3,"['Arena', 'Casa Giulietta', 'Torre Lamberti']",Santa Anastasia,"['AMO', 'Museo Conte', 'Palazzo della Ragione', 'Teatro Romano', 'Centro Fotografia']",Duomo,strategy_nearest,False,0.0021979808807373047,success
0461B43A9C4C80,1,"['Arena', 'Casa Giulietta', 'Torre Lamberti', 'Palazzo della Ragione']",Santa Anastasia,"['AMO', 'Museo Conte', 'Teatro Romano', 'Centro Fotografia', 'Duomo']",Teatro Romano,strategy_nearest,True,0.0027620792388916016,success
0461C03A9C4C80,3,"['Arena', 'Torre Lamberti', 'Santa Anastasia']",Duomo,"['AMO', 'Museo Miniscalchi', 'Teatro Romano', 'Palazzo della Ragione', 'Museo Conte']",Giardino Giusti,strategy_nearest,False,0.0026311874389648438,success
0461BA429C4C80,3,"['Arena', 'Tomba Giulietta']",Casa Giulietta,"['Centro Fotografia', 'Sighseeing', 'Torre Lamberti', 'Museo Conte', 'Museo Radio']",Torre Lamberti,strategy_nearest,True,0.003253936767578125,success
0461D83A9C4C80,0,"['Casa Giulietta', 'Casa Giulietta']",Torre Lamberti,"['Sighseeing', 'Centro Fotografia', 'Museo Conte', 'Palazzo della Ragione', 'AMO']",Castelvecchio,strategy_nearest,False,0.0027337074279785156,success
0461C33A9C4C80,0,['Arena'],Casa Giulietta,"['Centro Fotografia', 'Sighseeing', 'Torre Lamberti', 'Museo Conte', 'Museo Radio']",Torre Lamberti,strategy_nearest,True,0.001500844955444336,success
0461C9429C4C80,3,['Arena'],Torre Lamberti,"['Sighseeing', 'Centro Fotografia', 'Museo Conte', 'Casa Giulietta', 'Palazzo della Ragione']",Santa Anastasia,strategy_nearest,False,0.0021238327026367188,success
0461EE3A9C4C80,0,"['Arena', 'Museo Lapidario']",Castelvecchio,"['Verona Tour', 'Museo Radio', 'San Zeno', 'Sighseeing', 'Museo Miniscalchi']",Casa Giulietta,strategy_nearest,False,0.003281831741333008,success
046216429C4C84,1,"['Arena', 'Museo Lapidario', 'San Fermo']",Casa Giulietta,"['Centro Fotografia', 'Sighseeing', 'Torre Lamberti', 'Museo Conte', 'Museo Radio']",Palazzo della Ragione,strategy_nearest,False,0.0021791458129882812,success
04621A429C4C84,0,['Arena'],Casa Giulietta,"['Centro Fotografia', 'Sighseeing', 'Torre Lamberti', 'Museo Conte', 'Museo Radio']",Santa Anastasia,strategy_nearest,False,0.002765178680419922,success
0461F43A9C4C80,2,['Tomba Giulietta'],Duomo,"['AMO', 'Museo Miniscalchi', 'Santa Anastasia', 'Teatro Romano', 'Palazzo della Ragione']",Santa Anastasia,strategy_nearest,True,0.0018892288208007812,success
04621C3A9C4C80,3,"['Casa Giulietta', 'Santa Anastasia', 'Teatro Romano']",Arena,"['Verona Tour', 'Museo Lapidario', 'Museo Radio', 'San Fermo', 'Sighseeing']",Torre Lamberti,strategy_nearest,False,0.0033941268920898438,success
04621E429C4C84,0,['Teatro Romano'],Casa Giulietta,"['Centro Fotografia', 'Sighseeing', 'Torre Lamberti', 'Museo Conte', 'Museo Radio']",Tomba Giulietta,strategy_nearest,False,0.002315044403076172,success
0462233A9C4C84,3,"['Arena', 'Torre Lamberti']",Santa Anastasia,"['AMO', 'Museo Conte', 'Palazzo della Ragione', 'Teatro Romano', 'Centro Fotografia']",Duomo,strategy_nearest,False,0.0032510757446289062,success
04622B4A9C4C80,1,"['Arena', 'Museo Lapidario', 'Giardino Giusti', 'Teatro Romano', 'San Zeno']",Castelvecchio,"['Verona Tour', 'Museo Radio', 'Sighseeing', 'Museo Miniscalchi', 'Torre Lamberti']",Casa Giulietta,strategy_nearest,False,0.0019750595092773438,success
04622C429C4C80,3,"['Tomba Giulietta', 'Casa Giulietta', 'Torre Lamberti', 'Arena']",Santa Anastasia,"['AMO', 'Museo Conte', 'Palazzo della Ragione', 'Teatro Romano', 'Centro Fotografia']",Teatro Romano,strategy_nearest,True,0.0022420883178710938,success
04622F429C4C80,2,['Casa Giulietta'],Santa Anastasia,"['AMO', 'Museo Conte', 'Palazzo della Ragione', 'Teatro Romano', 'Centro Fotografia']",Teatro Romano,strategy_nearest,True,0.0018391609191894531,success
04622D3A9C4C80,3,['Arena'],San Fermo,"['Museo Storia', 'Museo Radio', 'Casa Giulietta', 'Centro Fotografia', 'Sighseeing']",Teatro Romano,strategy_nearest,False,0.0026710033416748047,success
04622F4A9C4C80,0,"['Arena', 'Castelvecchio']",San Zeno,"['Verona Tour', 'Museo Lapidario', 'Museo Miniscalchi', 'Sighseeing', 'Museo Radio']",Giardino Giusti,strategy_nearest,False,0.0032091140747070312,success
046233429C4C80,3,['San Zeno'],Arena,"['Verona Tour', 'Museo Lapidario', 'Museo Radio', 'San Fermo', 'Casa Giulietta']",Santa Anastasia,strategy_nearest,False,0.0027039051055908203,success
046232429C4C80,3,"['Arena', 'Torre Lamberti', 'Casa Giulietta', 'Tomba Giulietta']",San Fermo,"['Museo Storia', 'Museo Radio', 'Centro Fotografia', 'Sighseeing', 'Museo Conte']",Santa Anastasia,strategy_nearest,False,0.002830028533935547,success
04624C3A9C4C80,3,"['Arena', 'Museo Lapidario', 'Castelvecchio', 'Teatro Romano']",Duomo,"['AMO', 'Museo Miniscalchi', 'Santa Anastasia', 'Palazzo della Ragione', 'Museo Conte']",Casa Giulietta,strategy_nearest,False,0.0025110244750976562,success
046238429C4C80,3,"['Arena', 'Torre Lamberti']",Duomo,"['AMO', 'Museo Miniscalchi', 'Santa Anastasia', 'Teatro Romano', 'Palazzo della Ragione']",Teatro Romano,strategy_nearest,True,0.0033059120178222656,success
046250429C4C80,3,"['Arena', 'Torre Lamberti', 'Casa Giulietta']",Santa Anastasia,"['AMO', 'Museo Conte', 'Palazzo della Ragione', 'Teatro Romano', 'Centro Fotografia']",Teatro Romano,strategy_nearest,True,0.0021047592163085938,success
0462503A9C4C80,2,"['Torre Lamberti', 'Palazzo della Ragione']",Duomo,"['AMO', 'Museo Miniscalchi', 'Santa Anastasia', 'Teatro Romano', 'Museo Conte']",Giardino Giusti,strategy_nearest,False,0.0014500617980957031,success
04625F3A9C4C80,0,"['Arena', 'Museo Lapidario']",Castelvecchio,"['Verona Tour', 'Museo Radio', 'San Zeno', 'Sighseeing', 'Museo Miniscalchi']",Torre Lamberti,strategy_nearest,False,0.002622842788696289,success
04624D3A9C4C80,0,"['Museo Lapidario', 'Arena']",Casa Giulietta,"['Centro Fotografia', 'Sighseeing', 'Torre Lamberti', 'Museo Conte', 'Museo Radio']",Giardino Giusti,strategy_nearest,False,0.004794120788574219,success
04627E429C4C80,0,['Arena'],Casa Giulietta,"['Centro Fotografia', 'Sighseeing', 'Torre Lamberti', 'Museo Conte', 'Museo Radio']",Duomo,strategy_nearest,False,0.0026268959045410156,success
04627A4A9C4C80,0,['Castelvecchio'],Arena,"['Verona Tour', 'Museo Lapidario', 'Museo Radio', 'San Fermo', 'Casa Giulietta']",Casa Giulietta,strategy_nearest,True,0.0021622180938720703,success
0462623A9C4C80,3,['San Fermo'],Duomo,"['AMO', 'Museo Miniscalchi', 'Santa Anastasia', 'Teatro Romano', 'Palazzo della Ragione']",Arena,strategy_nearest,False,0.0033872127532958984,success
046281429C4C80,0,['Arena'],Castelvecchio,"['Museo Lapidario', 'Verona Tour', 'Museo Radio', 'San Zeno', 'Sighseeing']",Casa Giulietta,strategy_nearest,False,0.0032689571380615234,success
046288429C4C80,3,"['Arena', 'San Fermo']",Santa Anastasia,"['AMO', 'Museo Conte', 'Palazzo della Ragione', 'Teatro Romano', 'Centro Fotografia']",Teatro Romano,strategy_nearest,True,0.0028901100158691406,success
04628B4A9C4C80,3,"['Arena', 'Castelvecchio', 'San Zeno']",Santa Anastasia,"['AMO', 'Museo Conte', 'Palazzo della Ragione', 'Teatro Romano', 'Centro Fotografia']",Casa Giulietta,strategy_nearest,False,0.0021529197692871094,success
04628C3A9C4C80,2,['Torre Lamberti'],Casa Giulietta,"['Centro Fotografia', 'Sighseeing', 'Museo Conte', 'Museo Radio', 'Palazzo della Ragione']",San Fermo,strategy_nearest,False,0.0028078556060791016,success
0462924A9C4C80,0,['Arena'],Castelvecchio,"['Museo Lapidario', 'Verona Tour', 'Museo Radio', 'San Zeno', 'Sighseeing']",Casa Giulietta,strategy_nearest,False,0.003454923629760742,success
04629B429C4C80,0,['Arena'],Casa Giulietta,"['Centro Fotografia', 'Sighseeing', 'Torre Lamberti', 'Museo Conte', 'Museo Radio']",Santa Anastasia,strategy_nearest,False,0.0020291805267333984,success
0462AD3A9C4C80,2,"['Castelvecchio', 'San Zeno', 'Santa Anastasia']",Duomo,"['AMO', 'Museo Miniscalchi', 'Teatro Romano', 'Palazzo della Ragione', 'Museo Conte']",Torre Lamberti,strategy_nearest,False,0.0020189285278320312,success
0462A73A9C4C80,0,"['Castelvecchio', 'Arena']",Tomba Giulietta,"['San Fermo', 'Museo Storia', 'Museo Lapidario', 'Museo Radio', 'Verona Tour']",Teatro Romano,strategy_nearest,False,0.0032792091369628906,success
0462B83A9C4C80,3,['Arena'],Santa Anastasia,"['AMO', 'Museo Conte', 'Palazzo della Ragione', 'Teatro Romano', 'Centro Fotografia']",Duomo,strategy_nearest,False,0.0033211708068847656,success
0462C4429C4C80,2,"['Castelvecchio', 'Duomo']",Santa Anastasia,"['AMO', 'Museo Conte', 'Palazzo della Ragione', 'Teatro Romano', 'Centro Fotografia']",Casa Giulietta,strategy_nearest,False,0.0026302337646484375,success
0462D13A9C4C80,3,"['Arena', 'San Zeno', 'Duomo']",Torre Lamberti,"['Sighseeing', 'Centro Fotografia', 'Museo Conte', 'Casa Giulietta', 'Palazzo della Ragione']",Casa Giulietta,strategy_nearest,True,0.00308990478515625,success
0462C5429C4C80,1,"['Arena', 'Casa Giulietta', 'Palazzo della Ragione']",Torre Lamberti,"['Sighseeing', 'Centro Fotografia', 'Museo Conte', 'AMO', 'Museo Miniscalchi']",Santa Anastasia,strategy_nearest,False,0.0019941329956054688,success
0462D4429C4C80,3,"['Casa Giulietta', 'Torre Lamberti', 'Santa Anastasia']",Arena,"['Verona Tour', 'Museo Lapidario', 'Museo Radio', 'San Fermo', 'Sighseeing']",Castelvecchio,strategy_nearest,False,0.003376007080078125,success
0462EC429C4C80,2,['Santa Anastasia'],Castelvecchio,"['Museo Lapidario', 'Verona Tour', 'Arena', 'Museo Radio', 'San Zeno']",San Zeno,strategy_nearest,True,0.0024862289428710938,success
0462F53A9C4C80,0,['Casa Giulietta'],Torre Lamberti,"['Sighseeing', 'Centro Fotografia', 'Museo Conte', 'Palazzo della Ragione', 'AMO']",Arena,strategy_nearest,False,0.002567291259765625,success
0462FB429C4C80,3,['Arena'],Casa Giulietta,"['Centro Fotografia', 'Sighseeing', 'Torre Lamberti', 'Museo Conte', 'Museo Radio']",Santa Anastasia,strategy_nearest,False,0.0033872127532958984,success
0462FC3A9C4C80,0,['Castelvecchio'],San Zeno,"['Verona Tour', 'Museo Lapidario', 'Arena', 'Museo Miniscalchi', 'Sighseeing']",Arena,strategy_nearest,True,0.0019791126251220703,success
04630D3A9C4C84,3,"['Arena', 'Casa Giulietta']",Casa Giulietta,"['Centro Fotografia', 'Sighseeing', 'Torre Lamberti', 'Museo Conte', 'Museo Radio']",Santa Anastasia,strategy_nearest,False,0.0031969547271728516,success
0463123A9C4C84,1,['Arena'],Palazzo della Ragione,"['AMO', 'Museo Conte', 'Torre Lamberti', 'Centro Fotografia', 'Sighseeing']",Santa Anastasia,strategy_nearest,False,0.002505064010620117,success
04630E429C4C84,2,"['Casa Giulietta', 'Teatro Romano', 'Castelvecchio']",San Zeno,"['Verona Tour', 'Museo Lapidario', 'Arena', 'Museo Miniscalchi', 'Sighseeing']",San Fermo,strategy_nearest,False,0.0033240318298339844,success
046313429C4C80,3,"['Tomba Giulietta', 'San Fermo', 'Museo Storia']",Teatro Romano,"['Santa Anastasia', 'Duomo', 'AMO', 'Palazzo della Ragione', 'Museo Conte']",Castelvecchio,strategy_nearest,False,0.0025458335876464844,success
04631B429C4C80,0,['Arena'],Casa Giulietta,"['Centro Fotografia', 'Sighseeing', 'Torre Lamberti', 'Museo Conte', 'Museo Radio']",Santa Anastasia,strategy_nearest,False,0.0030918121337890625,success
0463233A9C4C84,1,"['Arena', 'Casa Giulietta', 'Torre Lamberti']",Palazzo della Ragione,"['AMO', 'Museo Conte', 'Centro Fotografia', 'Sighseeing', 'Santa Anastasia']",Santa Anastasia,strategy_nearest,True,0.0032901763916015625,success
046333429C4C80,1,['Arena'],Torre Lamberti,"['Sighseeing', 'Centro Fotografia', 'Museo Conte', 'Casa Giulietta', 'Palazzo della Ragione']",Palazzo della Ragione,strategy_nearest,True,0.001989126205444336,success
04632B3A9C4C80,3,['Arena'],Casa Giulietta,"['Centro Fotografia', 'Sighseeing', 'Torre Lamberti', 'Museo Conte', 'Museo Radio']",Santa Anastasia,strategy_nearest,False,0.001466989517211914,success
04631D3A9C4C84,3,['Arena'],Casa Giulietta,"['Centro Fotografia', 'Sighseeing', 'Torre Lamberti', 'Museo Conte', 'Museo Radio']",Santa Anastasia,strategy_nearest,False,0.004641056060791016,success
046339429C4C80,3,"['Tomba Giulietta', 'Arena', 'Castelvecchio']",Torre Lamberti,"['Sighseeing', 'Centro Fotografia', 'Museo Conte', 'Casa Giulietta', 'Palazzo della Ragione']",Santa Anastasia,strategy_nearest,False,0.0023508071899414062,success
04633E429C4C80,2,"['Casa Giulietta', 'Torre Lamberti']",Santa Anastasia,"['AMO', 'Museo Conte', 'Palazzo della Ragione', 'Teatro Romano', 'Centro Fotografia']",Tomba Giulietta,strategy_nearest,False,0.0015139579772949219,success
04633C429C4C80,1,"['Palazzo della Ragione', 'Torre Lamberti', 'Casa Giulietta']",Arena,"['Verona Tour', 'Museo Lapidario', 'Museo Radio', 'San Fermo', 'Sighseeing']",Teatro Romano,strategy_nearest,False,0.002961874008178711,success
046341429C4C80,0,['Arena'],Casa Giulietta,"['Centro Fotografia', 'Sighseeing', 'Torre Lamberti', 'Museo Conte', 'Museo Radio']",Torre Lamberti,strategy_nearest,True,0.00333404541015625,success
046347429C4C80,3,"['Arena', 'Casa Giulietta']",Torre Lamberti,"['Sighseeing', 'Centro Fotografia', 'Museo Conte', 'Palazzo della Ragione', 'AMO']",Teatro Romano,strategy_nearest,False,0.001983165740966797,success
046346429C4C80,3,"['San Fermo', 'Santa Anastasia']",Arena,"['Verona Tour', 'Museo Lapidario', 'Museo Radio', 'Casa Giulietta', 'Sighseeing']",Castelvecchio,strategy_nearest,False,0.0032682418823242188,success
046343429C4C80,2,['Casa Giulietta'],Castelvecchio,"['Museo Lapidario', 'Verona Tour', 'Arena', 'Museo Radio', 'San Zeno']",San Fermo,strategy_nearest,False,0.0020296573638916016,success
0463563A9C4C80,3,"['San Zeno', 'Arena']",Torre Lamberti,"['Sighseeing', 'Centro Fotografia', 'Museo Conte', 'Casa Giulietta', 'Palazzo della Ragione']",San Fermo,strategy_nearest,False,0.0032019615173339844,success
0463573A9C4C80,3,"['Arena', 'Casa Giulietta', 'San Fermo', 'Duomo']",Santa Anastasia,"['AMO', 'Museo Conte', 'Palazzo della Ragione', 'Teatro Romano', 'Centro Fotografia']",Torre Lamberti,strategy_nearest,False,0.002312898635864258,success
0463583A9C4C80,3,"['Arena', 'Casa Giulietta', 'Torre Lamberti']",Duomo,"['AMO', 'Museo Miniscalchi', 'Santa Anastasia', 'Teatro Romano', 'Palazzo della Ragione']",Teatro Romano,strategy_nearest,True,0.0030858516693115234,success
0463763A9C4C80,1,"['Arena', 'Museo Lapidario', 'Castelvecchio']",Teatro Romano,"['Santa Anastasia', 'Duomo', 'AMO', 'Palazzo della Ragione', 'Museo Conte']",Santa Anastasia,strategy_nearest,True,0.0030219554901123047,success
046377429C4C80,3,"['Museo Lapidario', 'Santa Anastasia']",Torre Lamberti,"['Sighseeing', 'Centro Fotografia', 'Museo Conte', 'Casa Giulietta', 'Palazzo della Ragione']",Arena,strategy_nearest,False,0.0023658275604248047,success
0463793A9C4C80,3,"['Arena', 'Torre Lamberti']",Santa Anastasia,"['AMO', 'Museo Conte', 'Palazzo della Ragione', 'Teatro Romano', 'Centro Fotografia']",Duomo,strategy_nearest,False,0.004030942916870117,success
04637A4A9C4C80,2,['San Zeno'],Castelvecchio,"['Museo Lapidario', 'Verona Tour', 'Arena', 'Museo Radio', 'Sighseeing']",Casa Giulietta,strategy_nearest,False,0.0018932819366455078,success
04637A3A9C4C80,0,['Arena'],Museo Lapidario,"['Verona Tour', 'Castelvecchio', 'Museo Radio', 'San Fermo', 'Casa Giulietta']",Castelvecchio,strategy_nearest,True,0.003319978713989258,success
04637C4A9C4C80,2,['Castelvecchio'],Casa Giulietta,"['Centro Fotografia', 'Sighseeing', 'Torre Lamberti', 'Museo Conte', 'Museo Radio']",San Fermo,strategy_nearest,False,0.0018019676208496094,success
04637C429C4C80,0,['Arena'],Casa Giulietta,"['Centro Fotografia', 'Sighseeing', 'Torre Lamberti', 'Museo Conte', 'Museo Radio']",Duomo,strategy_nearest,False,0.003262042999267578,success
046380429C4C80,0,['Arena'],Casa Giulietta,"['Centro Fotografia', 'Sighseeing', 'Torre Lamberti', 'Museo Conte', 'Museo Radio']",Teatro Romano,strategy_nearest,False,0.002819061279296875,success
046381429C4C80,0,['Arena'],Casa Giulietta,"['Centro Fotografia', 'Sighseeing', 'Torre Lamberti', 'Museo Conte', 'Museo Radio']",Santa Anastasia,strategy_nearest,False,0.0033941268920898438,success
046388429C4C80,0,['Arena'],Casa Giulietta,"['Centro Fotografia', 'Sighseeing', 'Torre Lamberti', 'Museo Conte', 'Museo Radio']",Duomo,strategy_nearest,False,0.002507925033569336,success
04638D3A9C4C80,0,['Arena'],Castelvecchio,"['Museo Lapidario', 'Verona Tour', 'Museo Radio', 'San Zeno', 'Sighseeing']",Casa Giulietta,strategy_nearest,False,0.003387928009033203,success
0463924A9C4C80,3,"['Arena', 'Casa Giulietta']",Santa Anastasia,"['AMO', 'Museo Conte', 'Palazzo della Ragione', 'Teatro Romano', 'Centro Fotografia']",Castelvecchio,strategy_nearest,False,0.003248929977416992,success
0463944A9C4C80,2,['San Fermo'],Casa Giulietta,"['Centro Fotografia', 'Sighseeing', 'Torre Lamberti', 'Museo Conte', 'Museo Radio']",Castelvecchio,strategy_nearest,False,0.0025038719177246094,success
0463954A9C4C80,2,"['San Fermo', 'Santa Anastasia']",Duomo,"['AMO', 'Museo Miniscalchi', 'Teatro Romano', 'Palazzo della Ragione', 'Museo Conte']",Teatro Romano,strategy_nearest,True,0.004402875900268555,success
0463984A9C4C80,0,['Arena'],Torre Lamberti,"['Sighseeing', 'Centro Fotografia', 'Museo Conte', 'Casa Giulietta', 'Palazzo della Ragione']",Casa Giulietta,strategy_nearest,True,0.0014920234680175781,success
0463994A9C4C80,3,"['Casa Giulietta', 'Torre Lamberti']",Santa Anastasia,"['AMO', 'Museo Conte', 'Palazzo della Ragione', 'Teatro Romano', 'Centro Fotografia']",Teatro Romano,strategy_nearest,True,0.0029289722442626953,success
0463A14A9C4C80,0,['Castelvecchio'],Arena,"['Verona Tour', 'Museo Lapidario', 'Museo Radio', 'San Fermo', 'Casa Giulietta']",Casa Giulietta,strategy_nearest,True,0.0035130977630615234,success
0463AB3A9C4C80,2,"['Palazzo della Ragione', 'Castelvecchio']",Duomo,"['AMO', 'Museo Miniscalchi', 'Santa Anastasia', 'Teatro Romano', 'Museo Conte']",Santa Anastasia,strategy_nearest,True,0.002360105514526367,success
0463A7429C4C80,3,['Arena'],San Zeno,"['Castelvecchio', 'Verona Tour', 'Museo Lapidario', 'Museo Miniscalchi', 'Sighseeing']",Teatro Romano,strategy_nearest,False,0.0032701492309570312,success
0463AD3A9C4C80,6,"['Arena', 'Torre Lamberti']",Casa Giulietta,"['Centro Fotografia', 'Sighseeing', 'Museo Conte', 'Museo Radio', 'Palazzo della Ragione']",Verona Tour,strategy_nearest,False,0.0032968521118164062,success
0463C73A9C4C80,2,"['Casa Giulietta', 'Torre Lamberti']",Santa Anastasia,"['AMO', 'Museo Conte', 'Palazzo della Ragione', 'Teatro Romano', 'Centro Fotografia']",Duomo,strategy_nearest,False,0.0031328201293945312,success
0463AC3A9C4C80,0,"['Arena', 'Museo Lapidario']",Castelvecchio,"['Verona Tour', 'Museo Radio', 'San Zeno', 'Sighseeing', 'Museo Miniscalchi']",Torre Lamberti,strategy_nearest,False,0.002775907516479492,success
0463B93A9C4C80,3,"['Arena', 'Castelvecchio']",Torre Lamberti,"['Sighseeing', 'Centro Fotografia', 'Museo Conte', 'Casa Giulietta', 'Palazzo della Ragione']",Casa Giulietta,strategy_nearest,True,0.0026788711547851562,success
0463E73A9C4C80,0,"['Arena', 'Torre Lamberti']",Casa Giulietta,"['Centro Fotografia', 'Sighseeing', 'Museo Conte', 'Museo Radio', 'Palazzo della Ragione']",Tomba Giulietta,strategy_nearest,False,0.00144195556640625,success
0463E93A9C4C80,1,['Arena'],Castelvecchio,"['Museo Lapidario', 'Verona Tour', 'Museo Radio', 'San Zeno', 'Sighseeing']",Palazzo della Ragione,strategy_nearest,False,0.0020258426666259766,success
0463D63A9C4C80,0,['Arena'],Casa Giulietta,"['Centro Fotografia', 'Sighseeing', 'Torre Lamberti', 'Museo Conte', 'Museo Radio']",Castelvecchio,strategy_nearest,False,0.0027599334716796875,success
0463CB3A9C4C80,0,['Arena'],Casa Giulietta,"['Centro Fotografia', 'Sighseeing', 'Torre Lamberti', 'Museo Conte', 'Museo Radio']",Torre Lamberti,strategy_nearest,True,0.003468036651611328,success
0463ED3A9C4C80,2,['Casa Giulietta'],Santa Anastasia,"['AMO', 'Museo Conte', 'Palazzo della Ragione', 'Teatro Romano', 'Centro Fotografia']",Duomo,strategy_nearest,False,0.0022737979888916016,success
04640F3A9C4C84,0,['Arena'],Casa Giulietta,"['Centro Fotografia', 'Sighseeing', 'Torre Lamberti', 'Museo Conte', 'Museo Radio']",Castelvecchio,strategy_nearest,False,0.002652883529663086,success
04640E429C4C84,0,['Arena'],Casa Giulietta,"['Centro Fotografia', 'Sighseeing', 'Torre Lamberti', 'Museo Conte', 'Museo Radio']",Duomo,strategy_nearest,False,0.0021729469299316406,success
0463FF429C4C80,3,"['Castelvecchio', 'Arena']",Casa Giulietta,"['Centro Fotografia', 'Sighseeing', 'Torre Lamberti', 'Museo Conte', 'Museo Radio']",Teatro Romano,strategy_nearest,False,0.004106998443603516,success
046411429C4C84,3,"['Duomo', 'Teatro Romano']",San Zeno,"['Castelvecchio', 'Verona Tour', 'Museo Lapidario', 'Arena', 'Museo Miniscalchi']",Castelvecchio,strategy_nearest,True,0.0022919178009033203,success
0464133A9C4C80,3,"['Tomba Giulietta', 'Casa Giulietta', 'Torre Lamberti', 'Arena']",Santa Anastasia,"['AMO', 'Museo Conte', 'Palazzo della Ragione', 'Teatro Romano', 'Centro Fotografia']",Teatro Romano,strategy_nearest,True,0.0019369125366210938,success
046415429C4C80,0,['Arena'],Casa Giulietta,"['Centro Fotografia', 'Sighseeing', 'Torre Lamberti', 'Museo Conte', 'Museo Radio']",Torre Lamberti,strategy_nearest,True,0.0027549266815185547,success
046420429C4C84,3,"['San Fermo', 'Santa Anastasia', 'Duomo']",Teatro Romano,"['AMO', 'Palazzo della Ragione', 'Museo Conte', 'Centro Fotografia', 'Museo Miniscalchi']",Torre Lamberti,strategy_nearest,False,0.0029451847076416016,success
046416429C4C80,3,"['Arena', 'Casa Giulietta']",Torre Lamberti,"['Sighseeing', 'Centro Fotografia', 'Museo Conte', 'Palazzo della Ragione', 'AMO']",Duomo,strategy_nearest,False,0.0031828880310058594,success
04641A3A9C4C80,3,"['Arena', 'Casa Giulietta']",Santa Anastasia,"['AMO', 'Museo Conte', 'Palazzo della Ragione', 'Teatro Romano', 'Centro Fotografia']",Torre Lamberti,strategy_nearest,False,0.0025458335876464844,success
0464393A9C4C80,3,"['Torre Lamberti', 'Santa Anastasia', 'Duomo', 'Arena']",Casa Giulietta,"['Centro Fotografia', 'Sighseeing', 'Museo Conte', 'Museo Radio', 'Palazzo della Ragione']",Teatro Romano,strategy_nearest,False,0.0020720958709716797,success
04642B3A9C4C80,3,"['Duomo', 'Arena']",Castelvecchio,"['Museo Lapidario', 'Verona Tour', 'Museo Radio', 'San Zeno', 'Sighseeing']",San Zeno,strategy_nearest,True,0.004934787750244141,success
04643A429C4C80,0,['Arena'],Casa Giulietta,"['Centro Fotografia', 'Sighseeing', 'Torre Lamberti', 'Museo Conte', 'Museo Radio']",Torre Lamberti,strategy_nearest,True,0.0031087398529052734,success
0464353A9C4C80,2,"['Teatro Romano', 'Duomo', 'Torre Lamberti']",Palazzo della Ragione,"['AMO', 'Museo Conte', 'Centro Fotografia', 'Sighseeing', 'Santa Anastasia']",Casa Giulietta,strategy_nearest,False,0.0015091896057128906,success
0464563A9C4C80,3,['Arena'],Casa Giulietta,"['Centro Fotografia', 'Sighseeing', 'Torre Lamberti', 'Museo Conte', 'Museo Radio']",Torre Lamberti,strategy_nearest,True,0.002048015594482422,success
04644C3A9C4C80,0,"['Arena', 'Casa Giulietta']",San Fermo,"['Museo Storia', 'Museo Radio', 'Centro Fotografia', 'Sighseeing', 'Torre Lamberti']",Torre Lamberti,strategy_nearest,True,0.0032699108123779297,success
04643C429C4C80,2,['Palazzo della Ragione'],Torre Lamberti,"['Sighseeing', 'Centro Fotografia', 'Museo Conte', 'Casa Giulietta', 'AMO']",Casa Giulietta,strategy_nearest,True,0.0015850067138671875,success
046447429C4C80,2,"['Torre Lamberti', 'Giardino Giusti', 'San Zeno']",Teatro Romano,"['Santa Anastasia', 'Duomo', 'AMO', 'Palazzo della Ragione', 'Museo Conte']",Tomba Giulietta,strategy_nearest,False,0.002749919891357422,success
046468429C4C80,2,['Castelvecchio'],Casa Giulietta,"['Centro Fotografia', 'Sighseeing', 'Torre Lamberti', 'Museo Conte', 'Museo Radio']",Torre Lamberti,strategy_nearest,True,0.0027549266815185547,success
04646F429C4C80,3,"['Arena', 'San Fermo']",Torre Lamberti,"['Sighseeing', 'Centro Fotografia', 'Museo Conte', 'Casa Giulietta', 'Palazzo della Ragione']",Santa Anastasia,strategy_nearest,False,0.0021028518676757812,success
046476429C4C80,2,['Casa Giulietta'],Torre Lamberti,"['Sighseeing', 'Centro Fotografia', 'Museo Conte', 'Palazzo della Ragione', 'AMO']",Tomba Giulietta,strategy_nearest,False,0.0033059120178222656,success
0464683A9C4C80,4,"['Arena', 'Torre Lamberti', 'Giardino Giusti', 'Santa Anastasia']",Duomo,"['AMO', 'Museo Miniscalchi', 'Teatro Romano', 'Palazzo della Ragione', 'Museo Conte']",Teatro Romano,strategy_nearest,True,0.0016469955444335938,success
04647E3A9C4C80,3,['Arena'],Duomo,"['AMO', 'Museo Miniscalchi', 'Santa Anastasia', 'Teatro Romano', 'Palazzo della Ragione']",Santa Anastasia,strategy_nearest,True,0.002699136734008789,success
04647E429C4C80,3,['Arena'],Torre Lamberti,"['Sighseeing', 'Centro Fotografia', 'Museo Conte', 'Casa Giulietta', 'Palazzo della Ragione']",Santa Anastasia,strategy_nearest,False,0.002034902572631836,success
046478429C4C80,0,['Casa Giulietta'],Torre Lamberti,"['Sighseeing', 'Centro Fotografia', 'Museo Conte', 'Palazzo della Ragione', 'AMO']",Arena,strategy_nearest,False,0.002239227294921875,success
0464794A9C4C80,0,['Arena'],Casa Giulietta,"['Centro Fotografia', 'Sighseeing', 'Torre Lamberti', 'Museo Conte', 'Museo Radio']",Torre Lamberti,strategy_nearest,True,0.0034818649291992188,success
0464914A9C4C80,2,"['San Zeno', 'Castelvecchio']",Torre Lamberti,"['Sighseeing', 'Centro Fotografia', 'Museo Conte', 'Casa Giulietta', 'Palazzo della Ragione']",Casa Giulietta,strategy_nearest,True,0.0026602745056152344,success
0464873A9C4C80,1,"['Arena', 'Casa Giulietta']",Torre Lamberti,"['Sighseeing', 'Centro Fotografia', 'Museo Conte', 'Palazzo della Ragione', 'AMO']",Palazzo della Ragione,strategy_nearest,True,0.0021209716796875,success
046484429C4C80,3,"['Castelvecchio', 'Arena']",Casa Giulietta,"['Centro Fotografia', 'Sighseeing', 'Torre Lamberti', 'Museo Conte', 'Museo Radio']",Santa Anastasia,strategy_nearest,False,0.002231121063232422,success
046498429C4C80,0,['Arena'],Castelvecchio,"['Museo Lapidario', 'Verona Tour', 'Museo Radio', 'San Zeno', 'Sighseeing']",Casa Giulietta,strategy_nearest,False,0.003280162811279297,success
0464A73A9C4C80,0,['Arena'],Casa Giulietta,"['Centro Fotografia', 'Sighseeing', 'Torre Lamberti', 'Museo Conte', 'Museo Radio']",Duomo,strategy_nearest,False,0.0021240711212158203,success
0464AD3A9C4C80,3,"['Arena', 'Torre Lamberti']",Casa Giulietta,"['Centro Fotografia', 'Sighseeing', 'Museo Conte', 'Museo Radio', 'Palazzo della Ragione']",Santa Anastasia,strategy_nearest,False,0.00269317626953125,success
0464994A9C4C80,3,"['Arena', 'Arena']",Casa Giulietta,"['Centro Fotografia', 'Sighseeing', 'Torre Lamberti', 'Museo Conte', 'Museo Radio']",Santa Anastasia,strategy_nearest,False,0.0020689964294433594,success
0464AD429C4C80,3,"['Arena', 'San Fermo', 'Casa Giulietta']",Giardino Giusti,"['Santa Anastasia', 'Teatro Romano', 'Museo Conte', 'Centro Fotografia', 'Museo Storia']",Teatro Romano,strategy_nearest,True,0.0033659934997558594,success
0464AE3A9C4C80,3,"['Arena', 'Castelvecchio']",Casa Giulietta,"['Centro Fotografia', 'Sighseeing', 'Torre Lamberti', 'Museo Conte', 'Museo Radio']",Teatro Romano,strategy_nearest,False,0.002753019332885742,success
0464B23A9C4C80,0,['Arena'],Casa Giulietta,"['Centro Fotografia', 'Sighseeing', 'Torre Lamberti', 'Museo Conte', 'Museo Radio']",Castelvecchio,strategy_nearest,False,0.0026559829711914062,success
0464B1429C4C80,3,"['Arena', 'San Fermo']",Torre Lamberti,"['Sighseeing', 'Centro Fotografia', 'Museo Conte', 'Casa Giulietta', 'Palazzo della Ragione']",Santa Anastasia,strategy_nearest,False,0.0019960403442382812,success
0464B6429C4C80,0,['Arena'],Tomba Giulietta,"['San Fermo', 'Museo Storia', 'Museo Lapidario', 'Museo Radio', 'Verona Tour']",San Fermo,strategy_nearest,True,0.0032377243041992188,success
0464EC3A9C4C80,3,"['Arena', 'Castelvecchio', 'San Fermo']",Museo Storia,"['Museo Radio', 'Casa Giulietta', 'Centro Fotografia', 'Tomba Giulietta', 'Torre Lamberti']",Casa Giulietta,strategy_nearest,True,0.0020089149475097656,success
0464C23A9C4C80,3,['Arena'],Torre Lamberti,"['Sighseeing', 'Centro Fotografia', 'Museo Conte', 'Casa Giulietta', 'Palazzo della Ragione']",Santa Anastasia,strategy_nearest,False,0.003962039947509766,success
0464BD429C4C80,3,"['Castelvecchio', 'Arena']",Casa Giulietta,"['Centro Fotografia', 'Sighseeing', 'Torre Lamberti', 'Museo Conte', 'Museo Radio']",Santa Anastasia,strategy_nearest,False,0.003381967544555664,success
0464D4429C4C80,2,"['Castelvecchio', 'San Zeno']",Casa Giulietta,"['Centro Fotografia', 'Sighseeing', 'Torre Lamberti', 'Museo Conte', 'Museo Radio']",Museo Lapidario,strategy_nearest,False,0.001500844955444336,success
0464F93A9C4C80,1,"['Arena', 'Torre Lamberti']",Palazzo della Ragione,"['AMO', 'Museo Conte', 'Centro Fotografia', 'Sighseeing', 'Santa Anastasia']",Santa Anastasia,strategy_nearest,True,0.0020771026611328125,success
0464F63A9C4C80,3,['Santa Anastasia'],San Zeno,"['Castelvecchio', 'Verona Tour', 'Museo Lapidario', 'Arena', 'Museo Miniscalchi']",Arena,strategy_nearest,True,0.003342866897583008,success
0464EF3A9C4C80,0,['Castelvecchio'],Arena,"['Verona Tour', 'Museo Lapidario', 'Museo Radio', 'San Fermo', 'Casa Giulietta']",Casa Giulietta,strategy_nearest,True,0.0040149688720703125,success
0464F03A9C4C80,0,['Arena'],Casa Giulietta,"['Centro Fotografia', 'Sighseeing', 'Torre Lamberti', 'Museo Conte', 'Museo Radio']",Castelvecchio,strategy_nearest,False,0.0016109943389892578,success
0464FD3A9C4C80,0,['Museo Lapidario'],Arena,"['Verona Tour', 'Museo Radio', 'San Fermo', 'Casa Giulietta', 'Sighseeing']",Torre Lamberti,strategy_nearest,False,0.003351926803588867,success
0465143A9C4C84,0,['Arena'],Museo Lapidario,"['Verona Tour', 'Castelvecchio', 'Museo Radio', 'San Fermo', 'Casa Giulietta']",Torre Lamberti,strategy_nearest,False,0.0020220279693603516,success
0464FB429C4C80,3,"['Arena', 'San Fermo', 'Torre Lamberti', 'Casa Giulietta', 'Castelvecchio']",Museo Lapidario,"['Verona Tour', 'Museo Radio', 'Tomba Giulietta', 'Sighseeing', 'Centro Fotografia']",Teatro Romano,strategy_nearest,False,0.0028209686279296875,success
046511429C4C84,3,"['Arena', 'Santa Anastasia', 'Teatro Romano', 'Giardino Giusti']",Casa Giulietta,"['Centro Fotografia', 'Sighseeing', 'Torre Lamberti', 'Museo Conte', 'Museo Radio']",San Fermo,strategy_nearest,False,0.0015168190002441406,success
04651B429C4C80,3,"['Arena', 'Casa Giulietta']",Torre Lamberti,"['Sighseeing', 'Centro Fotografia', 'Museo Conte', 'Palazzo della Ragione', 'AMO']",Santa Anastasia,strategy_nearest,False,0.0026209354400634766,success
046515429C4C84,0,['Arena'],Casa Giulietta,"['Centro Fotografia', 'Sighseeing', 'Torre Lamberti', 'Museo Conte', 'Museo Radio']",Torre Lamberti,strategy_nearest,True,0.0013859272003173828,success
04651A3A9C4C84,0,['Torre Lamberti'],Casa Giulietta,"['Centro Fotografia', 'Sighseeing', 'Museo Conte', 'Museo Radio', 'Palazzo della Ragione']",Arena,strategy_nearest,False,0.0021219253540039062,success
0465213A9C4C80,3,"['Arena', 'Casa Giulietta', 'Torre Lamberti']",San Fermo,"['Museo Storia', 'Museo Radio', 'Centro Fotografia', 'Sighseeing', 'Museo Conte']",Santa Anastasia,strategy_nearest,False,0.003348112106323242,success
046522429C4C80,3,"['Castelvecchio', 'San Fermo', 'Arena']",Tomba Giulietta,"['Museo Storia', 'Museo Lapidario', 'Museo Radio', 'Verona Tour', 'Casa Giulietta']",Torre Lamberti,strategy_nearest,False,0.0015816688537597656,success
04652C3A9C4C80,1,"['Casa Giulietta', 'Torre Lamberti', 'Santa Anastasia']",Duomo,"['AMO', 'Museo Miniscalchi', 'Teatro Romano', 'Palazzo della Ragione', 'Museo Conte']",Palazzo della Ragione,strategy_nearest,True,0.003131866455078125,success
04652A429C4C80,2,['Casa Giulietta'],Torre Lamberti,"['Sighseeing', 'Centro Fotografia', 'Museo Conte', 'Palazzo della Ragione', 'AMO']",San Fermo,strategy_nearest,False,0.0026369094848632812,success
04652F3A9C4C80,0,['Arena'],Casa Giulietta,"['Centro Fotografia', 'Sighseeing', 'Torre Lamberti', 'Museo Conte', 'Museo Radio']",Torre Lamberti,strategy_nearest,True,0.002032756805419922,success
04652E3A9C4C80,3,"['Arena', 'San Fermo', 'Duomo']",Casa Giulietta,"['Centro Fotografia', 'Sighseeing', 'Torre Lamberti', 'Museo Conte', 'Museo Radio']",Torre Lamberti,strategy_nearest,True,0.0040628910064697266,success
04652C429C4C80,0,['Arena'],Casa Giulietta,"['Centro Fotografia', 'Sighseeing', 'Torre Lamberti', 'Museo Conte', 'Museo Radio']",Torre Lamberti,strategy_nearest,True,0.0028870105743408203,success
046533429C4C80,0,['Arena'],Castelvecchio,"['Museo Lapidario', 'Verona Tour', 'Museo Radio', 'San Zeno', 'Sighseeing']",Teatro Romano,strategy_nearest,False,0.0033431053161621094,success
04653D3A9C4C80,1,"['Castelvecchio', 'Arena', 'Casa Giulietta']",Torre Lamberti,"['Sighseeing', 'Centro Fotografia', 'Museo Conte', 'Palazzo della Ragione', 'AMO']",Palazzo della Ragione,strategy_nearest,True,0.0018150806427001953,success
046538429C4C80,0,"['Arena', 'Casa Giulietta']",Torre Lamberti,"['Sighseeing', 'Centro Fotografia', 'Museo Conte', 'Palazzo della Ragione', 'AMO']",Duomo,strategy_nearest,False,0.003236055374145508,success
046541429C4C80,2,['Torre Lamberti'],San Fermo,"['Museo Storia', 'Museo Radio', 'Casa Giulietta', 'Centro Fotografia', 'Arena']",San Zeno,strategy_nearest,False,0.003386974334716797,success
04653F3A9C4C80,2,['Casa Giulietta'],Torre Lamberti,"['Sighseeing', 'Centro Fotografia', 'Museo Conte', 'Palazzo della Ragione', 'AMO']",Castelvecchio,strategy_nearest,False,0.0033211708068847656,success
0465443A9C4C80,0,['Duomo'],Tomba Giulietta,"['San Fermo', 'Museo Storia', 'Arena', 'Museo Lapidario', 'Museo Radio']",Arena,strategy_nearest,True,0.0022859573364257812,success
046553429C4C80,0,"['Duomo', 'Arena']",Casa Giulietta,"['Centro Fotografia', 'Sighseeing', 'Torre Lamberti', 'Museo Conte', 'Museo Radio']",Tomba Giulietta,strategy_nearest,False,0.0020742416381835938,success
046554429C4C80,0,"['Casa Giulietta', 'San Fermo']",Museo Storia,"['Museo Radio', 'Centro Fotografia', 'Tomba Giulietta', 'Arena', 'Torre Lamberti']",Castelvecchio,strategy_nearest,False,0.002624034881591797,success
04654C3A9C4C80,3,"['Santa Anastasia', 'Arena']",Casa Giulietta,"['Centro Fotografia', 'Sighseeing', 'Torre Lamberti', 'Museo Conte', 'Museo Radio']",Duomo,strategy_nearest,False,0.004131793975830078,success
0465563A9C4C80,2,['Castelvecchio'],Casa Giulietta,"['Centro Fotografia', 'Sighseeing', 'Torre Lamberti', 'Museo Conte', 'Museo Radio']",Tomba Giulietta,strategy_nearest,False,0.001628875732421875,success
0465773A9C4C80,0,['Castelvecchio'],Arena,"['Verona Tour', 'Museo Lapidario', 'Museo Radio', 'San Fermo', 'Casa Giulietta']",Torre Lamberti,strategy_nearest,False,0.0025632381439208984,success
0465683A9C4C80,3,"['Arena', 'Torre Lamberti']",Casa Giulietta,"['Centro Fotografia', 'Sighseeing', 'Museo Conte', 'Museo Radio', 'Palazzo della Ragione']",Duomo,strategy_nearest,False,0.0036630630493164062,success
0465794A9C4C80,1,"['Arena', 'San Fermo', 'Casa Giulietta']",Palazzo della Ragione,"['AMO', 'Museo Conte', 'Torre Lamberti', 'Centro Fotografia', 'Sighseeing']",Torre Lamberti,strategy_nearest,True,0.0027451515197753906,success
04657B429C4C80,3,"['Santa Anastasia', 'Teatro Romano']",Duomo,"['AMO', 'Museo Miniscalchi', 'Palazzo della Ragione', 'Museo Conte', 'Torre Lamberti']",Arena,strategy_nearest,False,0.003072023391723633,success
04657D429C4C80,0,"['Arena', 'Casa Giulietta']",Torre Lamberti,"['Sighseeing', 'Centro Fotografia', 'Museo Conte', 'Palazzo della Ragione', 'AMO']",Duomo,strategy_nearest,False,0.0022268295288085938,success
04657F429C4C80,3,"['Arena', 'San Fermo']",Casa Giulietta,"['Centro Fotografia', 'Sighseeing', 'Torre Lamberti', 'Museo Conte', 'Museo Radio']",Torre Lamberti,strategy_nearest,True,0.0024099349975585938,success
0465874A9C4C80,2,['Castelvecchio'],Casa Giulietta,"['Centro Fotografia', 'Sighseeing', 'Torre Lamberti', 'Museo Conte', 'Museo Radio']",Torre Lamberti,strategy_nearest,True,0.002554178237915039,success
0465803A9C4C80,0,['Arena'],Castelvecchio,"['Museo Lapidario', 'Verona Tour', 'Museo Radio', 'San Zeno', 'Sighseeing']",Casa Giulietta,strategy_nearest,False,0.003464937210083008,success
046588429C4C80,0,['Arena'],Casa Giulietta,"['Centro Fotografia', 'Sighseeing', 'Torre Lamberti', 'Museo Conte', 'Museo Radio']",Duomo,strategy_nearest,False,0.003368854522705078,success
04658D3A9C4C80,0,['Arena'],Casa Giulietta,"['Centro Fotografia', 'Sighseeing', 'Torre Lamberti', 'Museo Conte', 'Museo Radio']",Tomba Giulietta,strategy_nearest,False,0.002126932144165039,success
04658C3A9C4C80,0,['Arena'],Castelvecchio,"['Museo Lapidario', 'Verona Tour', 'Museo Radio', 'San Zeno', 'Sighseeing']",Casa Giulietta,strategy_nearest,False,0.0033948421478271484,success
04658D4A9C4C80,3,['Arena'],Santa Anastasia,"['AMO', 'Museo Conte', 'Palazzo della Ragione', 'Teatro Romano', 'Centro Fotografia']",Torre Lamberti,strategy_nearest,False,0.003314971923828125,success
04658F4A9C4C80,3,"['Arena', 'Duomo']",Teatro Romano,"['Santa Anastasia', 'AMO', 'Palazzo della Ragione', 'Museo Conte', 'Centro Fotografia']",Santa Anastasia,strategy_nearest,True,0.003042936325073242,success
046590429C4C80,2,['Castelvecchio'],Casa Giulietta,"['Centro Fotografia', 'Sighseeing', 'Torre Lamberti', 'Museo Conte', 'Museo Radio']",Torre Lamberti,strategy_nearest,True,0.0018107891082763672,success
0465934A9C4C80,1,"['Arena', 'Palazzo della Ragione']",Casa Giulietta,"['Centro Fotografia', 'Sighseeing', 'Torre Lamberti', 'Museo Conte', 'Museo Radio']",Teatro Romano,strategy_nearest,False,0.0025310516357421875,success
04659A429C4C80,1,"['Arena', 'San Fermo', 'Casa Giulietta']",Torre Lamberti,"['Sighseeing', 'Centro Fotografia', 'Museo Conte', 'Palazzo della Ragione', 'AMO']",Palazzo della Ragione,strategy_nearest,True,0.003453969955444336,success
0465984A9C4C80,1,"['Arena', 'Casa Giulietta', 'Torre Lamberti']",Palazzo della Ragione,"['AMO', 'Museo Conte', 'Centro Fotografia', 'Sighseeing', 'Santa Anastasia']",Castelvecchio,strategy_nearest,False,0.0025908946990966797,success
04659E4A9C4C80,2,"['Palazzo della Ragione', 'Torre Lamberti']",Casa Giulietta,"['Centro Fotografia', 'Sighseeing', 'Museo Conte', 'Museo Radio', 'San Fermo']",Santa Anastasia,strategy_nearest,False,0.0020122528076171875,success
04659C429C4C80,3,['Santa Anastasia'],Duomo,"['AMO', 'Museo Miniscalchi', 'Teatro Romano', 'Palazzo della Ragione', 'Museo Conte']",Arena,strategy_nearest,False,0.0035560131072998047,success
0465A0429C4C80,0,['Arena'],Casa Giulietta,"['Centro Fotografia', 'Sighseeing', 'Torre Lamberti', 'Museo Conte', 'Museo Radio']",Tomba Giulietta,strategy_nearest,False,0.0020079612731933594,success
0465A04A9C4C80,3,"['Torre Lamberti', 'Santa Anastasia', 'Casa Giulietta']",Giardino Giusti,"['Teatro Romano', 'Museo Conte', 'Centro Fotografia', 'Museo Storia', 'AMO']",Arena,strategy_nearest,False,0.002733945846557617,success
0465A3429C4C80,3,"['Torre Lamberti', 'Casa Giulietta']",San Fermo,"['Museo Storia', 'Museo Radio', 'Centro Fotografia', 'Arena', 'Sighseeing']",Arena,strategy_nearest,True,0.0033299922943115234,success
04659F4A9C4C80,0,['Arena'],Castelvecchio,"['Museo Lapidario', 'Verona Tour', 'Museo Radio', 'San Zeno', 'Sighseeing']",Casa Giulietta,strategy_nearest,False,0.0033228397369384766,success
0465A44A9C4C80,1,"['Castelvecchio', 'Arena']",Casa Giulietta,"['Centro Fotografia', 'Sighseeing', 'Torre Lamberti', 'Museo Conte', 'Museo Radio']",Palazzo della Ragione,strategy_nearest,False,0.00284576416015625,success
0465A63A9C4C80,0,['Castelvecchio'],Arena,"['Verona Tour', 'Museo Lapidario', 'Museo Radio', 'San Fermo', 'Casa Giulietta']",Casa Giulietta,strategy_nearest,True,0.0021948814392089844,success
0465A74A9C4C80,3,['Arena'],Casa Giulietta,"['Centro Fotografia', 'Sighseeing', 'Torre Lamberti', 'Museo Conte', 'Museo Radio']",Torre Lamberti,strategy_nearest,True,0.0033540725708007812,success
0465A6429C4C80,2,"['Casa Giulietta', 'Torre Lamberti']",Palazzo della Ragione,"['AMO', 'Museo Conte', 'Centro Fotografia', 'Sighseeing', 'Santa Anastasia']",Castelvecchio,strategy_nearest,False,0.0027458667755126953,success
0465B83A9C4C80,3,"['Arena', 'Castelvecchio', 'Casa Giulietta']",Torre Lamberti,"['Sighseeing', 'Centro Fotografia', 'Museo Conte', 'Palazzo della Ragione', 'AMO']",Duomo,strategy_nearest,False,0.0019829273223876953,success
0465A8429C4C80,0,['Arena'],Casa Giulietta,"['Centro Fotografia', 'Sighseeing', 'Torre Lamberti', 'Museo Conte', 'Museo Radio']",Torre Lamberti,strategy_nearest,True,0.0020799636840820312,success
0465B93A9C4C80,2,"['Castelvecchio', 'Torre Lamberti']",Palazzo della Ragione,"['AMO', 'Museo Conte', 'Centro Fotografia', 'Sighseeing', 'Santa Anastasia']",Casa Giulietta,strategy_nearest,False,0.0031518936157226562,success
0465B7429C4C80,0,['Arena'],Museo Lapidario,"['Verona Tour', 'Castelvecchio', 'Museo Radio', 'San Fermo', 'Casa Giulietta']",Casa Giulietta,strategy_nearest,True,0.0036389827728271484,success
0465BF429C4C80,3,"['Arena', 'Casa Giulietta']",Torre Lamberti,"['Sighseeing', 'Centro Fotografia', 'Museo Conte', 'Palazzo della Ragione', 'AMO']",Duomo,strategy_nearest,False,0.003432035446166992,success
0465C03A9C4C80,0,['Arena'],Casa Giulietta,"['Centro Fotografia', 'Sighseeing', 'Torre Lamberti', 'Museo Conte', 'Museo Radio']",Torre Lamberti,strategy_nearest,True,0.0027310848236083984,success
0465C83A9C4C80,3,"['Castelvecchio', 'Arena']",Casa Giulietta,"['Centro Fotografia', 'Sighseeing', 'Torre Lamberti', 'Museo Conte', 'Museo Radio']",Torre Lamberti,strategy_nearest,True,0.0027618408203125,success
0465C13A9C4C80,0,"['Arena', 'Castelvecchio']",Museo Lapidario,"['Verona Tour', 'Museo Radio', 'San Fermo', 'Casa Giulietta', 'Tomba Giulietta']",Casa Giulietta,strategy_nearest,True,0.003451108932495117,success
0465CA3A9C4C80,3,"['Casa Giulietta', 'Torre Lamberti']",Santa Anastasia,"['AMO', 'Museo Conte', 'Palazzo della Ragione', 'Teatro Romano', 'Centro Fotografia']",San Zeno,strategy_nearest,False,0.0023097991943359375,success
0465D03A9C4C80,0,"['Arena', 'Casa Giulietta']",Torre Lamberti,"['Sighseeing', 'Centro Fotografia', 'Museo Conte', 'Palazzo della Ragione', 'AMO']",Tomba Giulietta,strategy_nearest,False,0.0030069351196289062,success
0465E1429C4C80,0,['San Zeno'],Castelvecchio,"['Museo Lapidario', 'Verona Tour', 'Arena', 'Museo Radio', 'Sighseeing']",Arena,strategy_nearest,True,0.002499103546142578,success
0465D73A9C4C80,3,"['Santa Anastasia', 'Torre Lamberti']",Casa Giulietta,"['Centro Fotografia', 'Sighseeing', 'Museo Conte', 'Museo Radio', 'Palazzo della Ragione']",Arena,strategy_nearest,False,0.0027861595153808594,success
0465DD3A9C4C80,3,"['Arena', 'Castelvecchio']",Duomo,"['AMO', 'Museo Miniscalchi', 'Santa Anastasia', 'Teatro Romano', 'Palazzo della Ragione']",Santa Anastasia,strategy_nearest,True,0.003320932388305664,success
0466063A9C4C84,3,['Arena'],Torre Lamberti,"['Sighseeing', 'Centro Fotografia', 'Museo Conte', 'Casa Giulietta', 'Palazzo della Ragione']",Giardino Giusti,strategy_nearest,False,0.0021467208862304688,success
0465F43A9C4C80,0,['Casa Giulietta'],Torre Lamberti,"['Sighseeing', 'Centro Fotografia', 'Museo Conte', 'Palazzo della Ragione', 'AMO']",Arena,strategy_nearest,False,0.0046918392181396484,success
0465F73A9C4C80,0,['Arena'],Casa Giulietta,"['Centro Fotografia', 'Sighseeing', 'Torre Lamberti', 'Museo Conte', 'Museo Radio']",Torre Lamberti,strategy_nearest,True,0.001573801040649414,success
04660E429C4C84,3,['Arena'],Casa Giulietta,"['Centro Fotografia', 'Sighseeing', 'Torre Lamberti', 'Museo Conte', 'Museo Radio']",Santa Anastasia,strategy_nearest,False,0.0025987625122070312,success
04661B429C4C84,3,"['Arena', 'Casa Giulietta']",Torre Lamberti,"['Sighseeing', 'Centro Fotografia', 'Museo Conte', 'Palazzo della Ragione', 'AMO']",Santa Anastasia,strategy_nearest,False,0.0023419857025146484,success
0466154A9C4C80,2,"['Casa Giulietta', 'Torre Lamberti']",Duomo,"['AMO', 'Museo Miniscalchi', 'Santa Anastasia', 'Teatro Romano', 'Palazzo della Ragione']",Teatro Romano,strategy_nearest,True,0.00502324104309082,success
04661B3A9C4C84,3,"['Arena', 'Casa Giulietta', 'Torre Lamberti']",Santa Anastasia,"['AMO', 'Museo Conte', 'Palazzo della Ragione', 'Teatro Romano', 'Centro Fotografia']",Teatro Romano,strategy_nearest,True,0.0045659542083740234,success
0466203A9C4C84,3,['Arena'],Torre Lamberti,"['Sighseeing', 'Centro Fotografia', 'Museo Conte', 'Casa Giulietta', 'Palazzo della Ragione']",Santa Anastasia,strategy_nearest,False,0.0022537708282470703,success
046621429C4C84,1,"['Duomo', 'Torre Lamberti', 'Palazzo della Ragione', 'Casa Giulietta']",Santa Anastasia,"['AMO', 'Museo Conte', 'Teatro Romano', 'Centro Fotografia', 'Sighseeing']",Giardino Giusti,strategy_nearest,False,0.0033919811248779297,success
04661F3A9C4C84,3,"['Arena', 'Teatro Romano']",Santa Anastasia,"['AMO', 'Museo Conte', 'Palazzo della Ragione', 'Centro Fotografia', 'Duomo']",Torre Lamberti,strategy_nearest,False,0.0028929710388183594,success
04661D3A9C4C84,0,['Arena'],Casa Giulietta,"['Centro Fotografia', 'Sighseeing', 'Torre Lamberti', 'Museo Conte', 'Museo Radio']",Duomo,strategy_nearest,False,0.001744985580444336,success
04662B429C4C80,0,['Arena'],Casa Giulietta,"['Centro Fotografia', 'Sighseeing', 'Torre Lamberti', 'Museo Conte', 'Museo Radio']",Torre Lamberti,strategy_nearest,True,0.0033447742462158203,success
0466284A9C4C80,0,['Casa Giulietta'],Torre Lamberti,"['Sighseeing', 'Centro Fotografia', 'Museo Conte', 'Palazzo della Ragione', 'AMO']",Arena,strategy_nearest,False,0.0022122859954833984,success
0466253A9C4C84,3,"['Arena', 'Castelvecchio', 'Museo Lapidario']",Torre Lamberti,"['Sighseeing', 'Centro Fotografia', 'Museo Conte', 'Casa Giulietta', 'Palazzo della Ragione']",Casa Giulietta,strategy_nearest,True,0.002828836441040039,success
04662D429C4C80,0,"['Arena', 'Casa Giulietta']",Torre Lamberti,"['Sighseeing', 'Centro Fotografia', 'Museo Conte', 'Palazzo della Ragione', 'AMO']",Duomo,strategy_nearest,False,0.0014069080352783203,success
04663B3A9C4C80,3,"['Teatro Romano', 'Santa Anastasia']",Torre Lamberti,"['Sighseeing', 'Centro Fotografia', 'Museo Conte', 'Casa Giulietta', 'Palazzo della Ragione']",Arena,strategy_nearest,False,0.0015230178833007812,success
046634429C4C80,1,"['Castelvecchio', 'Torre Lamberti']",Palazzo della Ragione,"['AMO', 'Museo Conte', 'Centro Fotografia', 'Sighseeing', 'Santa Anastasia']",Teatro Romano,strategy_nearest,False,0.003329038619995117,success
04664E429C4C80,3,"['Castelvecchio', 'Casa Giulietta']",Arena,"['Verona Tour', 'Museo Lapidario', 'Museo Radio', 'San Fermo', 'Sighseeing']",Santa Anastasia,strategy_nearest,False,0.002622842788696289,success
046642429C4C80,2,['San Zeno'],Torre Lamberti,"['Sighseeing', 'Centro Fotografia', 'Museo Conte', 'Casa Giulietta', 'Palazzo della Ragione']",Giardino Giusti,strategy_nearest,False,0.0020990371704101562,success
046673429C4C80,0,['Casa Giulietta'],Castelvecchio,"['Museo Lapidario', 'Verona Tour', 'Arena', 'Museo Radio', 'San Zeno']",Arena,strategy_nearest,True,0.0015950202941894531,success
04666D429C4C80,3,"['Arena', 'Casa Giulietta']",Torre Lamberti,"['Sighseeing', 'Centro Fotografia', 'Museo Conte', 'Palazzo della Ragione', 'AMO']",Santa Anastasia,strategy_nearest,False,0.0028450489044189453,success
046679429C4C80,2,"['Casa Giulietta', 'Torre Lamberti']",Santa Anastasia,"['AMO', 'Museo Conte', 'Palazzo della Ragione', 'Teatro Romano', 'Centro Fotografia']",Duomo,strategy_nearest,False,0.003461122512817383,success
04667A3A9C4C80,0,['Castelvecchio'],Tomba Giulietta,"['San Fermo', 'Museo Storia', 'Arena', 'Museo Lapidario', 'Museo Radio']",Arena,strategy_nearest,True,0.0021140575408935547,success
04667B429C4C80,3,"['Casa Giulietta', 'Arena', 'Torre Lamberti']",Santa Anastasia,"['AMO', 'Museo Conte', 'Palazzo della Ragione', 'Teatro Romano', 'Centro Fotografia']",Duomo,strategy_nearest,False,0.0035080909729003906,success
046684429C4C80,3,"['Arena', 'Casa Giulietta']",Torre Lamberti,"['Sighseeing', 'Centro Fotografia', 'Museo Conte', 'Palazzo della Ragione', 'AMO']",Duomo,strategy_nearest,False,0.002187013626098633,success
0466863A9C4C80,0,"['Arena', 'Casa Giulietta']",Torre Lamberti,"['Sighseeing', 'Centro Fotografia', 'Museo Conte', 'Palazzo della Ragione', 'AMO']",Duomo,strategy_nearest,False,0.0032629966735839844,success
04667C4A9C4C80,3,"['Arena', 'Casa Giulietta', 'Torre Lamberti']",Santa Anastasia,"['AMO', 'Museo Conte', 'Palazzo della Ragione', 'Teatro Romano', 'Centro Fotografia']",Duomo,strategy_nearest,False,0.0020999908447265625,success
0466914A9C4C80,0,"['Casa Giulietta', 'Tomba Giulietta']",Arena,"['Verona Tour', 'Museo Lapidario', 'Museo Radio', 'San Fermo', 'Sighseeing']",San Zeno,strategy_nearest,False,0.002808094024658203,success
046686429C4C80,3,"['Casa Giulietta', 'Arena', 'Castelvecchio']",Torre Lamberti,"['Sighseeing', 'Centro Fotografia', 'Museo Conte', 'Palazzo della Ragione', 'AMO']",Santa Anastasia,strategy_nearest,False,0.002733945846557617,success
0466924A9C4C80,1,"['Castelvecchio', 'Arena']",Casa Giulietta,"['Centro Fotografia', 'Sighseeing', 'Torre Lamberti', 'Museo Conte', 'Museo Radio']",Palazzo della Ragione,strategy_nearest,False,0.002880096435546875,success
04668F4A9C4C80,4,"['Arena', 'Casa Giulietta', 'Santa Anastasia']",Teatro Romano,"['Duomo', 'AMO', 'Palazzo della Ragione', 'Museo Conte', 'Centro Fotografia']",Museo Radio,strategy_nearest,False,0.0020999908447265625,success
046694429C4C80,0,['Arena'],Santa Anastasia,"['AMO', 'Museo Conte', 'Palazzo della Ragione', 'Teatro Romano', 'Centro Fotografia']",Castelvecchio,strategy_nearest,False,0.0016520023345947266,success
04669A429C4C80,0,['Arena'],Museo Lapidario,"['Verona Tour', 'Castelvecchio', 'Museo Radio', 'San Fermo', 'Casa Giulietta']",Castelvecchio,strategy_nearest,True,0.003398895263671875,success
04669C4A9C4C80,1,"['Castelvecchio', 'Arena']",Torre Lamberti,"['Sighseeing', 'Centro Fotografia', 'Museo Conte', 'Casa Giulietta', 'Palazzo della Ragione']",Palazzo della Ragione,strategy_nearest,True,0.001949310302734375,success
04669F4A9C4C80,0,"['Casa Giulietta', 'Arena', 'Museo Lapidario']",Castelvecchio,"['Verona Tour', 'Museo Radio', 'San Zeno', 'Sighseeing', 'Museo Miniscalchi']",Teatro Romano,strategy_nearest,False,0.0031158924102783203,success
0466A04A9C4C80,3,"['Arena', 'Castelvecchio']",Casa Giulietta,"['Centro Fotografia', 'Sighseeing', 'Torre Lamberti', 'Museo Conte', 'Museo Radio']",Santa Anastasia,strategy_nearest,False,0.003812074661254883,success
0466B5429C4C80,0,['Arena'],Casa Giulietta,"['Centro Fotografia', 'Sighseeing', 'Torre Lamberti', 'Museo Conte', 'Museo Radio']",Torre Lamberti,strategy_nearest,True,0.0025298595428466797,success
0466A63A9C4C80,3,"['Arena', 'Casa Giulietta', 'Santa Anastasia']",Duomo,"['AMO', 'Museo Miniscalchi', 'Teatro Romano', 'Palazzo della Ragione', 'Museo Conte']",Castelvecchio,strategy_nearest,False,0.0041959285736083984,success
0466A7429C4C80,0,['Arena'],Casa Giulietta,"['Centro Fotografia', 'Sighseeing', 'Torre Lamberti', 'Museo Conte', 'Museo Radio']",Castelvecchio,strategy_nearest,False,0.0022020339965820312,success
0466C2429C4C80,1,"['Castelvecchio', 'Arena', 'Museo Lapidario', 'Casa Giulietta']",Torre Lamberti,"['Sighseeing', 'Centro Fotografia', 'Museo Conte', 'Palazzo della Ragione', 'AMO']",Palazzo della Ragione,strategy_nearest,True,0.0019578933715820312,success
0466C33A9C4C80,0,['Arena'],Casa Giulietta,"['Centro Fotografia', 'Sighseeing', 'Torre Lamberti', 'Museo Conte', 'Museo Radio']",Torre Lamberti,strategy_nearest,True,0.0032966136932373047,success
0466B9429C4C80,3,"['Arena', 'San Zeno', 'Castelvecchio', 'Casa Giulietta']",Santa Anastasia,"['AMO', 'Museo Conte', 'Palazzo della Ragione', 'Teatro Romano', 'Centro Fotografia']",Duomo,strategy_nearest,False,0.001979827880859375,success
0466BA429C4C80,3,"['Arena', 'Casa Giulietta', 'San Zeno']",Duomo,"['AMO', 'Museo Miniscalchi', 'Santa Anastasia', 'Teatro Romano', 'Palazzo della Ragione']",Santa Anastasia,strategy_nearest,True,0.003467082977294922,success
0466C43A9C4C80,3,['Arena'],Torre Lamberti,"['Sighseeing', 'Centro Fotografia', 'Museo Conte', 'Casa Giulietta', 'Palazzo della Ragione']",Duomo,strategy_nearest,False,0.002825021743774414,success
0466CF429C4C80,3,"['Castelvecchio', 'San Fermo']",Teatro Romano,"['Santa Anastasia', 'Duomo', 'AMO', 'Palazzo della Ragione', 'Museo Conte']",Duomo,strategy_nearest,True,0.00267791748046875,success
0466CD429C4C80,3,"['Castelvecchio', 'Arena', 'Santa Anastasia']",Duomo,"['AMO', 'Museo Miniscalchi', 'Teatro Romano', 'Palazzo della Ragione', 'Museo Conte']",San Fermo,strategy_nearest,False,0.0033452510833740234,success
0466D03A9C4C80,3,"['Casa Giulietta', 'Torre Lamberti', 'Santa Anastasia', 'Teatro Romano']",Museo Storia,"['San Fermo', 'Museo Radio', 'Centro Fotografia', 'Tomba Giulietta', 'Arena']",San Fermo,strategy_nearest,True,0.0019829273223876953,success
0466F23A9C4C80,3,['Arena'],Santa Anastasia,"['AMO', 'Museo Conte', 'Palazzo della Ragione', 'Teatro Romano', 'Centro Fotografia']",Teatro Romano,strategy_nearest,True,0.002722024917602539,success
0466EA3A9C4C80,3,"['Duomo', 'Santa Anastasia', 'Casa Giulietta']",Torre Lamberti,"['Sighseeing', 'Centro Fotografia', 'Museo Conte', 'Palazzo della Ragione', 'AMO']",San Zeno,strategy_nearest,False,0.002740144729614258,success
0466D13A9C4C80,3,"['Arena', 'Teatro Romano', 'Duomo']",Santa Anastasia,"['AMO', 'Museo Conte', 'Palazzo della Ragione', 'Centro Fotografia', 'Torre Lamberti']",Casa Giulietta,strategy_nearest,False,0.004008054733276367,success
0466F43A9C4C80,0,['Casa Giulietta'],Torre Lamberti,"['Sighseeing', 'Centro Fotografia', 'Museo Conte', 'Palazzo della Ragione', 'AMO']",Arena,strategy_nearest,False,0.001390695571899414,success
0466F83A9C4C80,0,['Arena'],Castelvecchio,"['Museo Lapidario', 'Verona Tour', 'Museo Radio', 'San Zeno', 'Sighseeing']",Tomba Giulietta,strategy_nearest,False,0.002672910690307617,success
0467123A9C4C80,2,['Casa Giulietta'],Santa Anastasia,"['AMO', 'Museo Conte', 'Palazzo della Ragione', 'Teatro Romano', 'Centro Fotografia']",Duomo,strategy_nearest,False,0.0026013851165771484,success
04670C3A9C4C84,3,"['Arena', 'Museo Lapidario', 'Castelvecchio']",Duomo,"['AMO', 'Museo Miniscalchi', 'Santa Anastasia', 'Teatro Romano', 'Palazzo della Ragione']",Santa Anastasia,strategy_nearest,True,0.001444101333618164,success
04671B3A9C4C84,0,"['Arena', 'Casa Giulietta']",Torre Lamberti,"['Sighseeing', 'Centro Fotografia', 'Museo Conte', 'Palazzo della Ragione', 'AMO']",Teatro Romano,strategy_nearest,False,0.003302335739135742,success
046722429C4C80,3,"['San Fermo', 'Torre Lamberti', 'Santa Anastasia', 'Duomo']",Teatro Romano,"['AMO', 'Palazzo della Ragione', 'Museo Conte', 'Centro Fotografia', 'Museo Miniscalchi']",Casa Giulietta,strategy_nearest,False,0.003323793411254883,success
0467213A9C4C84,3,"['Arena', 'Casa Giulietta']",Torre Lamberti,"['Sighseeing', 'Centro Fotografia', 'Museo Conte', 'Palazzo della Ragione', 'AMO']",Santa Anastasia,strategy_nearest,False,0.002206087112426758,success
04672B4A9C4C80,3,"['Castelvecchio', 'Teatro Romano', 'Torre Lamberti']",Tomba Giulietta,"['San Fermo', 'Museo Storia', 'Arena', 'Museo Lapidario', 'Museo Radio']",San Zeno,strategy_nearest,False,0.003099203109741211,success
0467253A9C4C84,1,"['Arena', 'Museo Lapidario']",Castelvecchio,"['Verona Tour', 'Museo Radio', 'San Zeno', 'Sighseeing', 'Museo Miniscalchi']",Torre Lamberti,strategy_nearest,False,0.0020189285278320312,success
046739429C4C80,0,['Arena'],Casa Giulietta,"['Centro Fotografia', 'Sighseeing', 'Torre Lamberti', 'Museo Conte', 'Museo Radio']",Torre Lamberti,strategy_nearest,True,0.0026848316192626953,success
04673B429C4C80,1,['Arena'],Palazzo della Ragione,"['AMO', 'Museo Conte', 'Torre Lamberti', 'Centro Fotografia', 'Sighseeing']",Casa Giulietta,strategy_nearest,False,0.003122091293334961,success
04672F3A9C4C80,3,['Arena'],Santa Anastasia,"['AMO', 'Museo Conte', 'Palazzo della Ragione', 'Teatro Romano', 'Centro Fotografia']",Duomo,strategy_nearest,False,0.0020940303802490234,success
0467384A9C4C80,3,"['Teatro Romano', 'Giardino Giusti', 'Torre Lamberti']",Arena,"['Verona Tour', 'Museo Lapidario', 'Museo Radio', 'San Fermo', 'Casa Giulietta']",Santa Anastasia,strategy_nearest,False,0.0026369094848632812,success
04673C4A9C4C80,3,"['Duomo', 'Arena']",Castelvecchio,"['Museo Lapidario', 'Verona Tour', 'Museo Radio', 'San Zeno', 'Sighseeing']",Giardino Giusti,strategy_nearest,False,0.0014300346374511719,success
0467693A9C4C80,0,['Arena'],Castelvecchio,"['Museo Lapidario', 'Verona Tour', 'Museo Radio', 'San Zeno', 'Sighseeing']",Giardino Giusti,strategy_nearest,False,0.0026199817657470703,success
04674D3A9C4C80,0,['Arena'],Casa Giulietta,"['Centro Fotografia', 'Sighseeing', 'Torre Lamberti', 'Museo Conte', 'Museo Radio']",Torre Lamberti,strategy_nearest,True,0.0019991397857666016,success
0467783A9C4C80,0,['Arena'],Castelvecchio,"['Museo Lapidario', 'Verona Tour', 'Museo Radio', 'San Zeno', 'Sighseeing']",Santa Anastasia,strategy_nearest,False,0.003387928009033203,success
046778429C4C80,0,['Casa Giulietta'],Arena,"['Verona Tour', 'Museo Lapidario', 'Museo Radio', 'San Fermo', 'Sighseeing']",Castelvecchio,strategy_nearest,False,0.0019919872283935547,success
04677D3A9C4C80,0,['Arena'],Casa Giulietta,"['Centro Fotografia', 'Sighseeing', 'Torre Lamberti', 'Museo Conte', 'Museo Radio']",Torre Lamberti,strategy_nearest,True,0.002562999725341797,success
046783429C4C80,0,['Arena'],Casa Giulietta,"['Centro Fotografia', 'Sighseeing', 'Torre Lamberti', 'Museo Conte', 'Museo Radio']",Castelvecchio,strategy_nearest,False,0.0030982494354248047,success
04678C3A9C4C80,2,['Tomba Giulietta'],Casa Giulietta,"['Centro Fotografia', 'Sighseeing', 'Torre Lamberti', 'Museo Conte', 'Museo Radio']",Duomo,strategy_nearest,False,0.0031671524047851562,success
0467904A9C4C80,3,"['Museo Lapidario', 'Arena', 'Torre Lamberti']",Giardino Giusti,"['Santa Anastasia', 'Teatro Romano', 'Museo Conte', 'Centro Fotografia', 'Museo Storia']",Teatro Romano,strategy_nearest,True,0.0024383068084716797,success
04678C4A9C4C80,3,"['Arena', 'Casa Giulietta']",Torre Lamberti,"['Sighseeing', 'Centro Fotografia', 'Museo Conte', 'Palazzo della Ragione', 'AMO']",Santa Anastasia,strategy_nearest,False,0.0020761489868164062,success
04678F4A9C4C80,0,['Arena'],Torre Lamberti,"['Sighseeing', 'Centro Fotografia', 'Museo Conte', 'Casa Giulietta', 'Palazzo della Ragione']",Casa Giulietta,strategy_nearest,True,0.0033063888549804688,success
0467964A9C4C80,3,['Arena'],Santa Anastasia,"['AMO', 'Museo Conte', 'Palazzo della Ragione', 'Teatro Romano', 'Centro Fotografia']",Torre Lamberti,strategy_nearest,False,0.0015270709991455078,success
0467954A9C4C80,0,['Arena'],Casa Giulietta,"['Centro Fotografia', 'Sighseeing', 'Torre Lamberti', 'Museo Conte', 'Museo Radio']",Castelvecchio,strategy_nearest,False,0.002151012420654297,success
046791429C4C80,0,['Arena'],Castelvecchio,"['Museo Lapidario', 'Verona Tour', 'Museo Radio', 'San Zeno', 'Sighseeing']",Giardino Giusti,strategy_nearest,False,0.004532814025878906,success
046798429C4C80,0,['Arena'],Torre Lamberti,"['Sighseeing', 'Centro Fotografia', 'Museo Conte', 'Casa Giulietta', 'Palazzo della Ragione']",Teatro Romano,strategy_nearest,False,0.002580881118774414,success
0467A14A9C4C80,0,['Arena'],Torre Lamberti,"['Sighseeing', 'Centro Fotografia', 'Museo Conte', 'Casa Giulietta', 'Palazzo della Ragione']",Teatro Romano,strategy_nearest,False,0.0021779537200927734,success
04679C4A9C4C80,2,['Castelvecchio'],Casa Giulietta,"['Centro Fotografia', 'Sighseeing', 'Torre Lamberti', 'Museo Conte', 'Museo Radio']",Torre Lamberti,strategy_nearest,True,0.0027990341186523438,success
04679A4A9C4C80,1,"['Arena', 'Casa Giulietta']",Torre Lamberti,"['Sighseeing', 'Centro Fotografia', 'Museo Conte', 'Palazzo della Ragione', 'AMO']",Palazzo della Ragione,strategy_nearest,True,0.0016238689422607422,success
0467A2429C4C80,1,"['Castelvecchio', 'Arena']",Casa Giulietta,"['Centro Fotografia', 'Sighseeing', 'Torre Lamberti', 'Museo Conte', 'Museo Radio']",Torre Lamberti,strategy_nearest,True,0.0031719207763671875,success
0467A63A9C4C80,0,"['Arena', 'Castelvecchio']",Duomo,"['AMO', 'Museo Miniscalchi', 'Santa Anastasia', 'Teatro Romano', 'Palazzo della Ragione']",Teatro Romano,strategy_nearest,True,0.002907276153564453,success
0467A5429C4C80,3,"['Santa Anastasia', 'Teatro Romano']",Casa Giulietta,"['Centro Fotografia', 'Sighseeing', 'Torre Lamberti', 'Museo Conte', 'Museo Radio']",Castelvecchio,strategy_nearest,False,0.0015599727630615234,success
0467A93A9C4C80,0,['Duomo'],Teatro Romano,"['Santa Anastasia', 'AMO', 'Palazzo della Ragione', 'Museo Conte', 'Centro Fotografia']",Casa Giulietta,strategy_nearest,False,0.003223896026611328,success
0467A84A9C4C80,3,"['Tomba Giulietta', 'Arena']",Castelvecchio,"['Museo Lapidario', 'Verona Tour', 'Museo Radio', 'San Zeno', 'Sighseeing']",Torre Lamberti,strategy_nearest,False,0.002069234848022461,success
0467AA3A9C4C80,2,"['Teatro Romano', 'Duomo']",Casa Giulietta,"['Centro Fotografia', 'Sighseeing', 'Torre Lamberti', 'Museo Conte', 'Museo Radio']",Torre Lamberti,strategy_nearest,True,0.001580953598022461,success
0467AD3A9C4C80,6,"['Arena', 'Torre Lamberti']",Casa Giulietta,"['Centro Fotografia', 'Sighseeing', 'Museo Conte', 'Museo Radio', 'Palazzo della Ragione']",Verona Tour,strategy_nearest,False,0.0019600391387939453,success
0467AC3A9C4C80,0,['Arena'],Casa Giulietta,"['Centro Fotografia', 'Sighseeing', 'Torre Lamberti', 'Museo Conte', 'Museo Radio']",Castelvecchio,strategy_nearest,False,0.0027170181274414062,success
0467A9429C4C80,0,['Torre Lamberti'],Casa Giulietta,"['Centro Fotografia', 'Sighseeing', 'Museo Conte', 'Museo Radio', 'Palazzo della Ragione']",Arena,strategy_nearest,False,0.004032135009765625,success
0467C23A9C4C80,3,"['Arena', 'Castelvecchio']",Casa Giulietta,"['Centro Fotografia', 'Sighseeing', 'Torre Lamberti', 'Museo Conte', 'Museo Radio']",Santa Anastasia,strategy_nearest,False,0.0029070377349853516,success
0467B53A9C4C80,0,['Castelvecchio'],Arena,"['Verona Tour', 'Museo Lapidario', 'Museo Radio', 'San Fermo', 'Casa Giulietta']",Duomo,strategy_nearest,False,0.002331972122192383,success
0467C83A9C4C80,3,"['Arena', 'Duomo']",Teatro Romano,"['Santa Anastasia', 'AMO', 'Palazzo della Ragione', 'Museo Conte', 'Centro Fotografia']",Santa Anastasia,strategy_nearest,True,0.003019094467163086,success
0467D43A9C4C80,2,['Castelvecchio'],Torre Lamberti,"['Sighseeing', 'Centro Fotografia', 'Museo Conte', 'Casa Giulietta', 'Palazzo della Ragione']",Casa Giulietta,strategy_nearest,True,0.0017077922821044922,success
0467D8429C4C80,3,"['Torre Lamberti', 'Casa Giulietta']",Castelvecchio,"['Museo Lapidario', 'Verona Tour', 'Arena', 'Museo Radio', 'San Zeno']",Arena,strategy_nearest,True,0.002629995346069336,success
0467DC429C4C80,3,"['Torre Lamberti', 'Casa Giulietta']",Castelvecchio,"['Museo Lapidario', 'Verona Tour', 'Arena', 'Museo Radio', 'San Zeno']",Arena,strategy_nearest,True,0.002523183822631836,success
0467E4429C4C80,3,"['Arena', 'Giardino Giusti', 'Teatro Romano']",Santa Anastasia,"['AMO', 'Museo Conte', 'Palazzo della Ragione', 'Centro Fotografia', 'Duomo']",Castelvecchio,strategy_nearest,False,0.002390146255493164,success
0467E3429C4C80,3,"['Arena', 'San Zeno']",Castelvecchio,"['Museo Lapidario', 'Verona Tour', 'Museo Radio', 'Sighseeing', 'Museo Miniscalchi']",Duomo,strategy_nearest,False,0.0025751590728759766,success
0467EC429C4C80,1,"['Museo Lapidario', 'Castelvecchio', 'San Zeno', 'Arena']",Casa Giulietta,"['Centro Fotografia', 'Sighseeing', 'Torre Lamberti', 'Museo Conte', 'Museo Radio']",Torre Lamberti,strategy_nearest,True,0.001856088638305664,success
0467F53A9C4C80,3,['Arena'],Duomo,"['AMO', 'Museo Miniscalchi', 'Santa Anastasia', 'Teatro Romano', 'Palazzo della Ragione']",Teatro Romano,strategy_nearest,True,0.002783060073852539,success
046813429C4C84,0,"['Arena', 'Castelvecchio']",Torre Lamberti,"['Sighseeing', 'Centro Fotografia', 'Museo Conte', 'Casa Giulietta', 'Palazzo della Ragione']",Casa Giulietta,strategy_nearest,True,0.0033299922943115234,success
0467E53A9C4C80,1,"['Castelvecchio', 'San Zeno', 'Casa Giulietta', 'Santa Anastasia']",Teatro Romano,"['Duomo', 'AMO', 'Palazzo della Ragione', 'Museo Conte', 'Centro Fotografia']",Arena,strategy_nearest,False,0.002966165542602539,success
046821429C4C80,3,"['Arena', 'Tomba Giulietta', 'Castelvecchio']",Duomo,"['AMO', 'Museo Miniscalchi', 'Santa Anastasia', 'Teatro Romano', 'Palazzo della Ragione']",Teatro Romano,strategy_nearest,True,0.0021638870239257812,success
0468143A9C4C80,0,['Arena'],Castelvecchio,"['Museo Lapidario', 'Verona Tour', 'Museo Radio', 'San Zeno', 'Sighseeing']",Casa Giulietta,strategy_nearest,False,0.0016369819641113281,success
046821429C4C84,3,"['Arena', 'Castelvecchio']",Santa Anastasia,"['AMO', 'Museo Conte', 'Palazzo della Ragione', 'Teatro Romano', 'Centro Fotografia']",Duomo,strategy_nearest,False,0.0025882720947265625,success
04681B3A9C4C80,3,"['Casa Giulietta', 'Torre Lamberti']",Castelvecchio,"['Museo Lapidario', 'Verona Tour', 'Arena', 'Museo Radio', 'San Zeno']",Duomo,strategy_nearest,False,0.0033926963806152344,success
04682A429C4C80,1,"['Teatro Romano', 'Arena']",Casa Giulietta,"['Centro Fotografia', 'Sighseeing', 'Torre Lamberti', 'Museo Conte', 'Museo Radio']",Torre Lamberti,strategy_nearest,True,0.0012543201446533203,success
0468273A9C4C80,0,['Castelvecchio'],Teatro Romano,"['Santa Anastasia', 'Duomo', 'AMO', 'Palazzo della Ragione', 'Museo Conte']",Casa Giulietta,strategy_nearest,False,0.002598285675048828,success
0468243A9C4C80,3,"['Arena', 'Museo Lapidario']",Casa Giulietta,"['Centro Fotografia', 'Sighseeing', 'Torre Lamberti', 'Museo Conte', 'Museo Radio']",Santa Anastasia,strategy_nearest,False,0.0020287036895751953,success
04682B4A9C4C80,3,"['Santa Anastasia', 'Casa Giulietta', 'Castelvecchio']",Arena,"['Verona Tour', 'Museo Lapidario', 'Museo Radio', 'San Fermo', 'Sighseeing']",San Zeno,strategy_nearest,False,0.0033719539642333984,success
0468303A9C4C80,0,['Castelvecchio'],Arena,"['Verona Tour', 'Museo Lapidario', 'Museo Radio', 'San Fermo', 'Casa Giulietta']",Casa Giulietta,strategy_nearest,True,0.001936197280883789,success
0468344A9C4C80,6,"['Tomba Giulietta', 'San Zeno', 'Casa Giulietta']",Torre Lamberti,"['Sighseeing', 'Centro Fotografia', 'Museo Conte', 'Palazzo della Ragione', 'AMO']",Santa Anastasia,strategy_nearest,False,0.0035817623138427734,success
0468364A9C4C80,3,"['Arena', 'Casa Giulietta']",Castelvecchio,"['Museo Lapidario', 'Verona Tour', 'Museo Radio', 'San Zeno', 'Sighseeing']",Santa Anastasia,strategy_nearest,False,0.0025191307067871094,success
046838429C4C80,3,"['Torre Lamberti', 'Santa Anastasia', 'Arena']",Castelvecchio,"['Museo Lapidario', 'Verona Tour', 'Museo Radio', 'San Zeno', 'Sighseeing']",Duomo,strategy_nearest,False,0.0031919479370117188,success
046839429C4C80,0,['Arena'],Casa Giulietta,"['Centro Fotografia', 'Sighseeing', 'Torre Lamberti', 'Museo Conte', 'Museo Radio']",Torre Lamberti,strategy_nearest,True,0.0031218528747558594,success
04683B429C4C80,0,['Arena'],Casa Giulietta,"['Centro Fotografia', 'Sighseeing', 'Torre Lamberti', 'Museo Conte', 'Museo Radio']",Duomo,strategy_nearest,False,0.0025649070739746094,success
04683C4A9C4C80,3,"['Duomo', 'Arena']",Castelvecchio,"['Museo Lapidario', 'Verona Tour', 'Museo Radio', 'San Zeno', 'Sighseeing']",Giardino Giusti,strategy_nearest,False,0.003172159194946289,success
046846429C4C80,0,['Arena'],Torre Lamberti,"['Sighseeing', 'Centro Fotografia', 'Museo Conte', 'Casa Giulietta', 'Palazzo della Ragione']",Casa Giulietta,strategy_nearest,True,0.0017440319061279297,success
04683D4A9C4C80,1,"['Arena', 'Castelvecchio']",Duomo,"['AMO', 'Museo Miniscalchi', 'Santa Anastasia', 'Teatro Romano', 'Palazzo della Ragione']",Casa Giulietta,strategy_nearest,False,0.0022830963134765625,success
046845429C4C80,3,"['Duomo', 'Santa Anastasia', 'Arena']",Castelvecchio,"['Museo Lapidario', 'Verona Tour', 'Museo Radio', 'San Zeno', 'Sighseeing']",San Zeno,strategy_nearest,True,0.003962993621826172,success
0468543A9C4C80,0,['Casa Giulietta'],Torre Lamberti,"['Sighseeing', 'Centro Fotografia', 'Museo Conte', 'Palazzo della Ragione', 'AMO']",Arena,strategy_nearest,False,0.0031960010528564453,success
046858429C4C80,3,"['Arena', 'San Fermo']",Torre Lamberti,"['Sighseeing', 'Centro Fotografia', 'Museo Conte', 'Casa Giulietta', 'Palazzo della Ragione']",Santa Anastasia,strategy_nearest,False,0.0028460025787353516,success
04685D3A9C4C80,0,"['Arena', 'Museo Lapidario']",Castelvecchio,"['Verona Tour', 'Museo Radio', 'San Zeno', 'Sighseeing', 'Museo Miniscalchi']",Torre Lamberti,strategy_nearest,False,0.0032949447631835938,success
0468573A9C4C80,3,"['Arena', 'Casa Giulietta']",Santa Anastasia,"['AMO', 'Museo Conte', 'Palazzo della Ragione', 'Teatro Romano', 'Centro Fotografia']",Duomo,strategy_nearest,False,0.0021278858184814453,success
0468613A9C4C80,3,"['Castelvecchio', 'Arena']",Santa Anastasia,"['AMO', 'Museo Conte', 'Palazzo della Ragione', 'Teatro Romano', 'Centro Fotografia']",Duomo,strategy_nearest,False,0.0033822059631347656,success
0468673A9C4C80,3,"['Arena', 'Torre Lamberti', 'San Fermo']",Teatro Romano,"['Santa Anastasia', 'Duomo', 'AMO', 'Palazzo della Ragione', 'Museo Conte']",Duomo,strategy_nearest,True,0.001753091812133789,success
046869429C4C80,3,['Arena'],San Fermo,"['Museo Storia', 'Museo Radio', 'Casa Giulietta', 'Centro Fotografia', 'Sighseeing']",Santa Anastasia,strategy_nearest,False,0.0025489330291748047,success
04686B429C4C80,3,"['Tomba Giulietta', 'Arena']",Museo Lapidario,"['Verona Tour', 'Castelvecchio', 'Museo Radio', 'San Fermo', 'Casa Giulietta']",Castelvecchio,strategy_nearest,True,0.003181934356689453,success
04686C3A9C4C80,3,"['Arena', 'Casa Giulietta', 'Torre Lamberti']",Santa Anastasia,"['AMO', 'Museo Conte', 'Palazzo della Ragione', 'Teatro Romano', 'Centro Fotografia']",Duomo,strategy_nearest,False,0.0033249855041503906,success
04686D429C4C80,0,['Arena'],Tomba Giulietta,"['San Fermo', 'Museo Storia', 'Museo Lapidario', 'Museo Radio', 'Verona Tour']",Casa Giulietta,strategy_nearest,False,0.0024750232696533203,success
04687B429C4C80,3,"['Arena', 'Casa Giulietta', 'Santa Anastasia']",Teatro Romano,"['Duomo', 'AMO', 'Palazzo della Ragione', 'Museo Conte', 'Centro Fotografia']",Duomo,strategy_nearest,True,0.003361940383911133,success
046887429C4C80,2,['Duomo'],Santa Anastasia,"['AMO', 'Museo Conte', 'Palazzo della Ragione', 'Teatro Romano', 'Centro Fotografia']",Torre Lamberti,strategy_nearest,False,0.0026497840881347656,success
0468833A9C4C80,4,"['Arena', 'Museo Lapidario', 'Museo Radio', 'Tomba Giulietta', 'San Fermo']",Teatro Romano,"['Santa Anastasia', 'Duomo', 'AMO', 'Palazzo della Ragione', 'Museo Conte']",Santa Anastasia,strategy_nearest,True,0.002760171890258789,success
046886429C4C80,0,"['Arena', 'Duomo']",Teatro Romano,"['Santa Anastasia', 'AMO', 'Palazzo della Ragione', 'Museo Conte', 'Centro Fotografia']",Giardino Giusti,strategy_nearest,False,0.003412961959838867,success
04688B4A9C4C80,0,"['Arena', 'Torre Lamberti']",Casa Giulietta,"['Centro Fotografia', 'Sighseeing', 'Museo Conte', 'Museo Radio', 'Palazzo della Ragione']",Duomo,strategy_nearest,False,0.0021817684173583984,success
04688C3A9C4C80,3,['Arena'],Santa Anastasia,"['AMO', 'Museo Conte', 'Palazzo della Ragione', 'Teatro Romano', 'Centro Fotografia']",Duomo,strategy_nearest,False,0.002789735794067383,success
046898429C4C80,3,"['Arena', 'Casa Giulietta']",Torre Lamberti,"['Sighseeing', 'Centro Fotografia', 'Museo Conte', 'Palazzo della Ragione', 'AMO']",Duomo,strategy_nearest,False,0.003204822540283203,success
0468934A9C4C80,3,"['Arena', 'Casa Giulietta']",Santa Anastasia,"['AMO', 'Museo Conte', 'Palazzo della Ragione', 'Teatro Romano', 'Centro Fotografia']",Duomo,strategy_nearest,False,0.0027549266815185547,success
04689F4A9C4C80,0,['Tomba Giulietta'],Arena,"['Verona Tour', 'Museo Lapidario', 'Museo Radio', 'San Fermo', 'Casa Giulietta']",Casa Giulietta,strategy_nearest,True,0.003425121307373047,success
0468A14A9C4C80,0,['Arena'],Casa Giulietta,"['Centro Fotografia', 'Sighseeing', 'Torre Lamberti', 'Museo Conte', 'Museo Radio']",Tomba Giulietta,strategy_nearest,False,0.0020630359649658203,success
0468A0429C4C80,3,"['Arena', 'Duomo']",Santa Anastasia,"['AMO', 'Museo Conte', 'Palazzo della Ragione', 'Teatro Romano', 'Centro Fotografia']",Torre Lamberti,strategy_nearest,False,0.001628875732421875,success
0468A84A9C4C80,0,['Arena'],Casa Giulietta,"['Centro Fotografia', 'Sighseeing', 'Torre Lamberti', 'Museo Conte', 'Museo Radio']",Teatro Romano,strategy_nearest,False,0.003159046173095703,success
0468BB3A9C4C80,3,"['Arena', 'Torre Lamberti']",Santa Anastasia,"['AMO', 'Museo Conte', 'Palazzo della Ragione', 'Teatro Romano', 'Centro Fotografia']",Duomo,strategy_nearest,False,0.0026750564575195312,success
0468AB3A9C4C80,0,"['Arena', 'Casa Giulietta']",Torre Lamberti,"['Sighseeing', 'Centro Fotografia', 'Museo Conte', 'Palazzo della Ragione', 'AMO']",Duomo,strategy_nearest,False,0.002131938934326172,success
0468B83A9C4C80,3,['Arena'],Torre Lamberti,"['Sighseeing', 'Centro Fotografia', 'Museo Conte', 'Casa Giulietta', 'Palazzo della Ragione']",Santa Anastasia,strategy_nearest,False,0.003407001495361328,success
0468C03A9C4C80,3,"['Tomba Giulietta', 'Arena', 'Casa Giulietta']",Torre Lamberti,"['Sighseeing', 'Centro Fotografia', 'Museo Conte', 'Palazzo della Ragione', 'AMO']",Santa Anastasia,strategy_nearest,False,0.0013859272003173828,success
0468C23A9C4C80,2,['Castelvecchio'],Torre Lamberti,"['Sighseeing', 'Centro Fotografia', 'Museo Conte', 'Casa Giulietta', 'Palazzo della Ragione']",Casa Giulietta,strategy_nearest,True,0.002039194107055664,success
0468D73A9C4C80,0,"['Arena', 'San Fermo']",Museo Storia,"['Museo Radio', 'Casa Giulietta', 'Centro Fotografia', 'Tomba Giulietta', 'Torre Lamberti']",Tomba Giulietta,strategy_nearest,True,0.0026159286499023438,success
0468C1429C4C80,1,"['Arena', 'Palazzo della Ragione', 'Torre Lamberti']",Casa Giulietta,"['Centro Fotografia', 'Sighseeing', 'Museo Conte', 'Museo Radio', 'San Fermo']",San Fermo,strategy_nearest,True,0.003995180130004883,success
0468C0429C4C80,2,"['San Zeno', 'Castelvecchio']",Duomo,"['AMO', 'Museo Miniscalchi', 'Santa Anastasia', 'Teatro Romano', 'Palazzo della Ragione']",Santa Anastasia,strategy_nearest,True,0.002231121063232422,success
0468EB3A9C4C80,2,['Casa Giulietta'],Castelvecchio,"['Museo Lapidario', 'Verona Tour', 'Arena', 'Museo Radio', 'San Zeno']",Tomba Giulietta,strategy_nearest,False,0.0031909942626953125,success
0468E13A9C4C80,0,"['Arena', 'Casa Giulietta']",Tomba Giulietta,"['San Fermo', 'Museo Storia', 'Museo Lapidario', 'Museo Radio', 'Verona Tour']",Duomo,strategy_nearest,False,0.0020380020141601562,success
0468F93A9C4C80,3,"['Arena', 'Torre Lamberti']",Teatro Romano,"['Santa Anastasia', 'Duomo', 'AMO', 'Palazzo della Ragione', 'Museo Conte']",Duomo,strategy_nearest,True,0.00191497802734375,success
04690B429C4C84,0,['Arena'],Casa Giulietta,"['Centro Fotografia', 'Sighseeing', 'Torre Lamberti', 'Museo Conte', 'Museo Radio']",Torre Lamberti,strategy_nearest,True,0.0019736289978027344,success
04690E429C4C84,2,"['Casa Giulietta', 'Teatro Romano', 'Giardino Giusti']",Castelvecchio,"['Museo Lapidario', 'Verona Tour', 'Arena', 'Museo Radio', 'San Zeno']",Tomba Giulietta,strategy_nearest,False,0.002607107162475586,success
0468FB429C4C80,3,"['Castelvecchio', 'Santa Anastasia']",Duomo,"['AMO', 'Museo Miniscalchi', 'Teatro Romano', 'Palazzo della Ragione', 'Museo Conte']",Arena,strategy_nearest,False,0.0037250518798828125,success
0469023A9C4C84,0,"['Castelvecchio', 'Arena']",Casa Giulietta,"['Centro Fotografia', 'Sighseeing', 'Torre Lamberti', 'Museo Conte', 'Museo Radio']",Torre Lamberti,strategy_nearest,True,0.0033740997314453125,success
046910429C4C84,2,"['Castelvecchio', 'Torre Lamberti']",Santa Anastasia,"['AMO', 'Museo Conte', 'Palazzo della Ragione', 'Teatro Romano', 'Centro Fotografia']",San Zeno,strategy_nearest,False,0.0024268627166748047,success
04691C3A9C4C84,0,['Arena'],Casa Giulietta,"['Centro Fotografia', 'Sighseeing', 'Torre Lamberti', 'Museo Conte', 'Museo Radio']",Teatro Romano,strategy_nearest,False,0.0018050670623779297,success
046921429C4C80,0,"['Arena', 'Torre Lamberti']",Duomo,"['AMO', 'Museo Miniscalchi', 'Santa Anastasia', 'Teatro Romano', 'Palazzo della Ragione']",Castelvecchio,strategy_nearest,False,0.004190921783447266,success
046922429C4C84,3,"['Arena', 'Santa Anastasia']",Castelvecchio,"['Museo Lapidario', 'Verona Tour', 'Museo Radio', 'San Zeno', 'Sighseeing']",Duomo,strategy_nearest,False,0.0025877952575683594,success
046925429C4C84,1,"['Casa Giulietta', 'Palazzo della Ragione']",Teatro Romano,"['Santa Anastasia', 'Duomo', 'AMO', 'Museo Conte', 'Centro Fotografia']",Santa Anastasia,strategy_nearest,True,0.0025022029876708984,success
0469273A9C4C80,2,['Castelvecchio'],Casa Giulietta,"['Centro Fotografia', 'Sighseeing', 'Torre Lamberti', 'Museo Conte', 'Museo Radio']",Santa Anastasia,strategy_nearest,False,0.003013134002685547,success
04692D3A9C4C80,3,"['Arena', 'Casa Giulietta', 'Torre Lamberti']",Duomo,"['AMO', 'Museo Miniscalchi', 'Santa Anastasia', 'Teatro Romano', 'Palazzo della Ragione']",Giardino Giusti,strategy_nearest,False,0.002688169479370117,success
046932429C4C80,3,"['Arena', 'Casa Giulietta']",Torre Lamberti,"['Sighseeing', 'Centro Fotografia', 'Museo Conte', 'Palazzo della Ragione', 'AMO']",Santa Anastasia,strategy_nearest,False,0.0019278526306152344,success
046934429C4C80,0,['Arena'],Tomba Giulietta,"['San Fermo', 'Museo Storia', 'Museo Lapidario', 'Museo Radio', 'Verona Tour']",Casa Giulietta,strategy_nearest,False,0.0030879974365234375,success
046936429C4C80,3,"['Arena', 'Casa Giulietta']",Torre Lamberti,"['Sighseeing', 'Centro Fotografia', 'Museo Conte', 'Palazzo della Ragione', 'AMO']",Santa Anastasia,strategy_nearest,False,0.0029799938201904297,success
046941429C4C80,1,['Arena'],Casa Giulietta,"['Centro Fotografia', 'Sighseeing', 'Torre Lamberti', 'Museo Conte', 'Museo Radio']",Palazzo della Ragione,strategy_nearest,False,0.0019409656524658203,success
04693A4A9C4C80,3,"['Arena', 'Teatro Romano']",Duomo,"['AMO', 'Museo Miniscalchi', 'Santa Anastasia', 'Palazzo della Ragione', 'Museo Conte']",Castelvecchio,strategy_nearest,False,0.003398895263671875,success
04694F3A9C4C80,3,"['Arena', 'Museo Lapidario']",Torre Lamberti,"['Sighseeing', 'Centro Fotografia', 'Museo Conte', 'Casa Giulietta', 'Palazzo della Ragione']",Casa Giulietta,strategy_nearest,True,0.003061056137084961,success
0469503A9C4C80,0,['Arena'],Casa Giulietta,"['Centro Fotografia', 'Sighseeing', 'Torre Lamberti', 'Museo Conte', 'Museo Radio']",Duomo,strategy_nearest,False,0.0029959678649902344,success
046951429C4C80,3,"['Castelvecchio', 'Arena']",Teatro Romano,"['Santa Anastasia', 'Duomo', 'AMO', 'Palazzo della Ragione', 'Museo Conte']",Duomo,strategy_nearest,True,0.002707958221435547,success
0469673A9C4C80,3,"['Arena', 'Castelvecchio']",Casa Giulietta,"['Centro Fotografia', 'Sighseeing', 'Torre Lamberti', 'Museo Conte', 'Museo Radio']",Teatro Romano,strategy_nearest,False,0.0020608901977539062,success
04697A4A9C4C80,3,"['Arena', 'Castelvecchio', 'Santa Anastasia']",Teatro Romano,"['Duomo', 'AMO', 'Palazzo della Ragione', 'Museo Conte', 'Centro Fotografia']",Torre Lamberti,strategy_nearest,False,0.0034041404724121094,success
04697B4A9C4C80,0,['Tomba Giulietta'],Arena,"['Verona Tour', 'Museo Lapidario', 'Museo Radio', 'San Fermo', 'Casa Giulietta']",Castelvecchio,strategy_nearest,False,0.003919839859008789,success
04697D429C4C80,3,"['Arena', 'Torre Lamberti']",Santa Anastasia,"['AMO', 'Museo Conte', 'Palazzo della Ragione', 'Teatro Romano', 'Centro Fotografia']",Teatro Romano,strategy_nearest,True,0.003365039825439453,success
04697C429C4C80,0,['Arena'],Casa Giulietta,"['Centro Fotografia', 'Sighseeing', 'Torre Lamberti', 'Museo Conte', 'Museo Radio']",Duomo,strategy_nearest,False,0.0019702911376953125,success
04697F429C4C80,0,"['Arena', 'Museo Lapidario']",Castelvecchio,"['Verona Tour', 'Museo Radio', 'San Zeno', 'Sighseeing', 'Museo Miniscalchi']",Torre Lamberti,strategy_nearest,False,0.0033349990844726562,success
046988429C4C80,3,"['Castelvecchio', 'Arena']",Torre Lamberti,"['Sighseeing', 'Centro Fotografia', 'Museo Conte', 'Casa Giulietta', 'Palazzo della Ragione']",Santa Anastasia,strategy_nearest,False,0.003171205520629883,success
0469854A9C4C80,2,['Torre Lamberti'],Santa Anastasia,"['AMO', 'Museo Conte', 'Palazzo della Ragione', 'Teatro Romano', 'Centro Fotografia']",Teatro Romano,strategy_nearest,True,0.0025658607482910156,success
0469803A9C4C80,0,['Arena'],Castelvecchio,"['Museo Lapidario', 'Verona Tour', 'Museo Radio', 'San Zeno', 'Sighseeing']",Casa Giulietta,strategy_nearest,False,0.002215862274169922,success
04698C4A9C4C80,0,['Arena'],Castelvecchio,"['Museo Lapidario', 'Verona Tour', 'Museo Radio', 'San Zeno', 'Sighseeing']",Tomba Giulietta,strategy_nearest,False,0.0030918121337890625,success
04698D3A9C4C80,0,['Arena'],Casa Giulietta,"['Centro Fotografia', 'Sighseeing', 'Torre Lamberti', 'Museo Conte', 'Museo Radio']",Duomo,strategy_nearest,False,0.0026209354400634766,success
0469954A9C4C80,3,"['Arena', 'Torre Lamberti']",Casa Giulietta,"['Centro Fotografia', 'Sighseeing', 'Museo Conte', 'Museo Radio', 'Palazzo della Ragione']",Santa Anastasia,strategy_nearest,False,0.0018229484558105469,success
0469964A9C4C80,3,['Arena'],Casa Giulietta,"['Centro Fotografia', 'Sighseeing', 'Torre Lamberti', 'Museo Conte', 'Museo Radio']",Santa Anastasia,strategy_nearest,False,0.003400087356567383,success
046999429C4C80,2,"['Casa Giulietta', 'Duomo']",Santa Anastasia,"['AMO', 'Museo Conte', 'Palazzo della Ragione', 'Teatro Romano', 'Centro Fotografia']",San Fermo,strategy_nearest,False,0.0033969879150390625,success
04699B429C4C80,3,"['Arena', 'Castelvecchio', 'Torre Lamberti']",Torre Lamberti,"['Sighseeing', 'Centro Fotografia', 'Museo Conte', 'Casa Giulietta', 'Palazzo della Ragione']",Casa Giulietta,strategy_nearest,True,0.002337932586669922,success
04699C4A9C4C80,3,['Arena'],Santa Anastasia,"['AMO', 'Museo Conte', 'Palazzo della Ragione', 'Teatro Romano', 'Centro Fotografia']",San Zeno,strategy_nearest,False,0.0029659271240234375,success
04699D4A9C4C80,0,['Arena'],Casa Giulietta,"['Centro Fotografia', 'Sighseeing', 'Torre Lamberti', 'Museo Conte', 'Museo Radio']",Torre Lamberti,strategy_nearest,True,0.002344846725463867,success
0469A84A9C4C80,1,"['Tomba Giulietta', 'Arena', 'Casa Giulietta']",Torre Lamberti,"['Sighseeing', 'Centro Fotografia', 'Museo Conte', 'Palazzo della Ragione', 'AMO']",Palazzo della Ragione,strategy_nearest,True,0.003116130828857422,success
0469A54A9C4C80,2,['Casa Giulietta'],Torre Lamberti,"['Sighseeing', 'Centro Fotografia', 'Museo Conte', 'Palazzo della Ragione', 'AMO']",Santa Anastasia,strategy_nearest,False,0.0025510787963867188,success
0469B1429C4C80,3,"['Arena', 'Castelvecchio']",Santa Anastasia,"['AMO', 'Museo Conte', 'Palazzo della Ragione', 'Teatro Romano', 'Centro Fotografia']",Teatro Romano,strategy_nearest,True,0.0035619735717773438,success
0469B53A9C4C80,3,['Arena'],Casa Giulietta,"['Centro Fotografia', 'Sighseeing', 'Torre Lamberti', 'Museo Conte', 'Museo Radio']",Torre Lamberti,strategy_nearest,True,0.002626180648803711,success
0469B63A9C4C80,3,"['Arena', 'Casa Giulietta', 'Torre Lamberti']",Santa Anastasia,"['AMO', 'Museo Conte', 'Palazzo della Ragione', 'Teatro Romano', 'Centro Fotografia']",Duomo,strategy_nearest,False,0.002710103988647461,success
0469BD3A9C4C80,2,['Santa Anastasia'],Duomo,"['AMO', 'Museo Miniscalchi', 'Teatro Romano', 'Palazzo della Ragione', 'Museo Conte']",Torre Lamberti,strategy_nearest,False,0.0031890869140625,success
0469C03A9C4C80,0,['Arena'],Castelvecchio,"['Museo Lapidario', 'Verona Tour', 'Museo Radio', 'San Zeno', 'Sighseeing']",Casa Giulietta,strategy_nearest,False,0.002115964889526367,success
0469BF429C4C80,3,"['Arena', 'Casa Giulietta']",Santa Anastasia,"['AMO', 'Museo Conte', 'Palazzo della Ragione', 'Teatro Romano', 'Centro Fotografia']",Teatro Romano,strategy_nearest,True,0.0025899410247802734,success
0469C73A9C4C80,0,['Arena'],Casa Giulietta,"['Centro Fotografia', 'Sighseeing', 'Torre Lamberti', 'Museo Conte', 'Museo Radio']",Santa Anastasia,strategy_nearest,False,0.0027267932891845703,success
0469D03A9C4C80,3,"['Arena', 'Torre Lamberti', 'Santa Anastasia']",Museo Lapidario,"['Verona Tour', 'Castelvecchio', 'Museo Radio', 'San Fermo', 'Casa Giulietta']",Castelvecchio,strategy_nearest,True,0.0034742355346679688,success
0469D33A9C4C80,3,"['Santa Anastasia', 'Duomo']",Teatro Romano,"['AMO', 'Palazzo della Ragione', 'Museo Conte', 'Centro Fotografia', 'Museo Miniscalchi']",Casa Giulietta,strategy_nearest,False,0.0025229454040527344,success
0469D53A9C4C80,3,"['Arena', 'Casa Giulietta']",Santa Anastasia,"['AMO', 'Museo Conte', 'Palazzo della Ragione', 'Teatro Romano', 'Centro Fotografia']",Duomo,strategy_nearest,False,0.0024640560150146484,success
0469D6429C4C80,3,"['Teatro Romano', 'Duomo', 'Giardino Giusti']",Arena,"['Verona Tour', 'Museo Lapidario', 'Museo Radio', 'San Fermo', 'Casa Giulietta']",Santa Anastasia,strategy_nearest,False,0.0032100677490234375,success
0469DA3A9C4C80,0,"['Castelvecchio', 'Arena']",Torre Lamberti,"['Sighseeing', 'Centro Fotografia', 'Museo Conte', 'Casa Giulietta', 'Palazzo della Ragione']",Casa Giulietta,strategy_nearest,True,0.0025420188903808594,success
0469D73A9C4C80,3,['Teatro Romano'],Giardino Giusti,"['Santa Anastasia', 'Museo Conte', 'Centro Fotografia', 'Museo Storia', 'AMO']",Santa Anastasia,strategy_nearest,True,0.0032198429107666016,success
0469DF3A9C4C80,0,"['Arena', 'Castelvecchio']",Torre Lamberti,"['Sighseeing', 'Centro Fotografia', 'Museo Conte', 'Casa Giulietta', 'Palazzo della Ragione']",Casa Giulietta,strategy_nearest,True,0.0022220611572265625,success
0469F43A9C4C80,3,"['Arena', 'San Fermo']",Santa Anastasia,"['AMO', 'Museo Conte', 'Palazzo della Ragione', 'Teatro Romano', 'Centro Fotografia']",Casa Giulietta,strategy_nearest,False,0.0028982162475585938,success
0469E53A9C4C80,3,"['Arena', 'Casa Giulietta']",Torre Lamberti,"['Sighseeing', 'Centro Fotografia', 'Museo Conte', 'Palazzo della Ragione', 'AMO']",Santa Anastasia,strategy_nearest,False,0.0035369396209716797,success
0469FA429C4C80,3,"['San Zeno', 'Castelvecchio', 'Santa Anastasia']",Arena,"['Verona Tour', 'Museo Lapidario', 'Museo Radio', 'San Fermo', 'Casa Giulietta']",San Fermo,strategy_nearest,True,0.003453969955444336,success
046A07429C4C84,2,['Museo Lapidario'],San Fermo,"['Museo Storia', 'Museo Radio', 'Casa Giulietta', 'Centro Fotografia', 'Arena']",Duomo,strategy_nearest,False,0.003367185592651367,success
046A10429C4C84,2,['Castelvecchio'],Torre Lamberti,"['Sighseeing', 'Centro Fotografia', 'Museo Conte', 'Casa Giulietta', 'Palazzo della Ragione']",Duomo,strategy_nearest,False,0.0021491050720214844,success
046A123A9C4C80,0,['Arena'],Casa Giulietta,"['Centro Fotografia', 'Sighseeing', 'Torre Lamberti', 'Museo Conte', 'Museo Radio']",Teatro Romano,strategy_nearest,False,0.0026879310607910156,success
046A0C429C4C84,0,['Torre Lamberti'],Casa Giulietta,"['Centro Fotografia', 'Sighseeing', 'Museo Conte', 'Museo Radio', 'Palazzo della Ragione']",Teatro Romano,strategy_nearest,False,0.002794027328491211,success
046A183A9C4C80,0,['Castelvecchio'],Casa Giulietta,"['Centro Fotografia', 'Sighseeing', 'Torre Lamberti', 'Museo Conte', 'Museo Radio']",Arena,strategy_nearest,False,0.0030982494354248047,success
046A2D3A9C4C80,3,"['Arena', 'Torre Lamberti']",Teatro Romano,"['Santa Anastasia', 'Duomo', 'AMO', 'Palazzo della Ragione', 'Museo Conte']",Santa Anastasia,strategy_nearest,True,0.0031681060791015625,success
046A2B4A9C4C80,3,"['San Zeno', 'Museo Lapidario']",Arena,"['Verona Tour', 'Museo Radio', 'San Fermo', 'Casa Giulietta', 'Sighseeing']",Santa Anastasia,strategy_nearest,False,0.0021538734436035156,success
046A263A9C4C80,3,"['Castelvecchio', 'Santa Anastasia']",Teatro Romano,"['Duomo', 'AMO', 'Palazzo della Ragione', 'Museo Conte', 'Centro Fotografia']",Casa Giulietta,strategy_nearest,False,0.0035178661346435547,success
046A244A9C4C80,0,['Arena'],Torre Lamberti,"['Sighseeing', 'Centro Fotografia', 'Museo Conte', 'Casa Giulietta', 'Palazzo della Ragione']",Duomo,strategy_nearest,False,0.0022072792053222656,success
046A313A9C4C80,0,['Arena'],Santa Anastasia,"['AMO', 'Museo Conte', 'Palazzo della Ragione', 'Teatro Romano', 'Centro Fotografia']",Castelvecchio,strategy_nearest,False,0.0014109611511230469,success
046A38429C4C80,3,"['Santa Anastasia', 'Santa Anastasia', 'Teatro Romano', 'Duomo']",Castelvecchio,"['Museo Lapidario', 'Verona Tour', 'Arena', 'Museo Radio', 'San Zeno']",Torre Lamberti,strategy_nearest,False,0.0018949508666992188,success
046A2E3A9C4C80,2,['Castelvecchio'],Casa Giulietta,"['Centro Fotografia', 'Sighseeing', 'Torre Lamberti', 'Museo Conte', 'Museo Radio']",Torre Lamberti,strategy_nearest,True,0.0026390552520751953,success
046A3E429C4C80,0,['Arena'],Museo Lapidario,"['Verona Tour', 'Castelvecchio', 'Museo Radio', 'San Fermo', 'Casa Giulietta']",Casa Giulietta,strategy_nearest,True,0.0033631324768066406,success
046A52429C4C80,2,"['Duomo', 'Casa Giulietta', 'Palazzo della Ragione']",Torre Lamberti,"['Sighseeing', 'Centro Fotografia', 'Museo Conte', 'AMO', 'Museo Miniscalchi']",San Fermo,strategy_nearest,False,0.0017867088317871094,success
046A6C429C4C80,3,['Arena'],Santa Anastasia,"['AMO', 'Museo Conte', 'Palazzo della Ragione', 'Teatro Romano', 'Centro Fotografia']",Duomo,strategy_nearest,False,0.0026259422302246094,success
046A7A429C4C80,0,['Arena'],San Zeno,"['Castelvecchio', 'Verona Tour', 'Museo Lapidario', 'Museo Miniscalchi', 'Sighseeing']",San Fermo,strategy_nearest,False,0.002526998519897461,success
046A733A9C4C80,0,['Arena'],Torre Lamberti,"['Sighseeing', 'Centro Fotografia', 'Museo Conte', 'Casa Giulietta', 'Palazzo della Ragione']",Duomo,strategy_nearest,False,0.004235029220581055,success
046A7C3A9C4C80,0,"['Arena', 'Casa Giulietta']",Torre Lamberti,"['Sighseeing', 'Centro Fotografia', 'Museo Conte', 'Palazzo della Ragione', 'AMO']",Castelvecchio,strategy_nearest,False,0.002994060516357422,success
046A81429C4C80,3,['Teatro Romano'],Santa Anastasia,"['AMO', 'Museo Conte', 'Palazzo della Ragione', 'Centro Fotografia', 'Duomo']",Arena,strategy_nearest,False,0.0017180442810058594,success
046A7C4A9C4C80,0,"['Arena', 'Museo Lapidario']",Torre Lamberti,"['Sighseeing', 'Centro Fotografia', 'Museo Conte', 'Casa Giulietta', 'Palazzo della Ragione']",Casa Giulietta,strategy_nearest,True,0.0039141178131103516,success
046A87429C4C80,0,"['Arena', 'Torre Lamberti']",San Fermo,"['Museo Storia', 'Museo Radio', 'Casa Giulietta', 'Centro Fotografia', 'Sighseeing']",Museo Storia,strategy_nearest,True,0.003136157989501953,success
046A914A9C4C80,0,['Arena'],Casa Giulietta,"['Centro Fotografia', 'Sighseeing', 'Torre Lamberti', 'Museo Conte', 'Museo Radio']",Torre Lamberti,strategy_nearest,True,0.003045797348022461,success
046A934A9C4C80,3,"['Museo Lapidario', 'Arena', 'Torre Lamberti']",Giardino Giusti,"['Santa Anastasia', 'Teatro Romano', 'Museo Conte', 'Centro Fotografia', 'Museo Storia']",Teatro Romano,strategy_nearest,True,0.003226041793823242,success
046A924A9C4C80,3,"['Arena', 'Casa Giulietta', 'Torre Lamberti']",Santa Anastasia,"['AMO', 'Museo Conte', 'Palazzo della Ragione', 'Teatro Romano', 'Centro Fotografia']",Duomo,strategy_nearest,False,0.002647876739501953,success
046A9C429C4C80,0,['Arena'],Casa Giulietta,"['Centro Fotografia', 'Sighseeing', 'Torre Lamberti', 'Museo Conte', 'Museo Radio']",Castelvecchio,strategy_nearest,False,0.0031549930572509766,success
046AA04A9C4C80,1,"['Arena', 'Duomo']",Santa Anastasia,"['AMO', 'Museo Conte', 'Palazzo della Ragione', 'Teatro Romano', 'Centro Fotografia']",Teatro Romano,strategy_nearest,True,0.002374887466430664,success
046A954A9C4C80,0,"['Castelvecchio', 'San Zeno']",Teatro Romano,"['Santa Anastasia', 'Duomo', 'AMO', 'Palazzo della Ragione', 'Museo Conte']",Giardino Giusti,strategy_nearest,False,0.0032129287719726562,success
046AA74A9C4C80,3,['Arena'],Casa Giulietta,"['Centro Fotografia', 'Sighseeing', 'Torre Lamberti', 'Museo Conte', 'Museo Radio']",Torre Lamberti,strategy_nearest,True,0.001958131790161133,success
046AA7429C4C80,0,['Arena'],Casa Giulietta,"['Centro Fotografia', 'Sighseeing', 'Torre Lamberti', 'Museo Conte', 'Museo Radio']",Santa Anastasia,strategy_nearest,False,0.002724885940551758,success
046AA5429C4C80,0,['Torre Lamberti'],Casa Giulietta,"['Centro Fotografia', 'Sighseeing', 'Museo Conte', 'Museo Radio', 'Palazzo della Ragione']",Teatro Romano,strategy_nearest,False,0.0032498836517333984,success
046AB83A9C4C80,3,['Arena'],Casa Giulietta,"['Centro Fotografia', 'Sighseeing', 'Torre Lamberti', 'Museo Conte', 'Museo Radio']",Torre Lamberti,strategy_nearest,True,0.003348827362060547,success
046AC0429C4C80,0,['Arena'],Casa Giulietta,"['Centro Fotografia', 'Sighseeing', 'Torre Lamberti', 'Museo Conte', 'Museo Radio']",Teatro Romano,strategy_nearest,False,0.0025992393493652344,success
046AC13A9C4C80,3,"['Arena', 'Casa Giulietta', 'Giardino Giusti']",Santa Anastasia,"['AMO', 'Museo Conte', 'Palazzo della Ragione', 'Teatro Romano', 'Centro Fotografia']",Teatro Romano,strategy_nearest,True,0.0017561912536621094,success
046AC43A9C4C80,3,['Arena'],Museo Lapidario,"['Verona Tour', 'Castelvecchio', 'Museo Radio', 'San Fermo', 'Casa Giulietta']",Santa Anastasia,strategy_nearest,False,0.003342866897583008,success
046AD73A9C4C80,3,"['Casa Giulietta', 'Arena', 'Tomba Giulietta']",San Fermo,"['Museo Storia', 'Museo Radio', 'Centro Fotografia', 'Sighseeing', 'Torre Lamberti']",Torre Lamberti,strategy_nearest,True,0.003123044967651367,success
046AC7429C4C80,3,['Arena'],Casa Giulietta,"['Centro Fotografia', 'Sighseeing', 'Torre Lamberti', 'Museo Conte', 'Museo Radio']",Santa Anastasia,strategy_nearest,False,0.0026221275329589844,success
046AC63A9C4C80,0,['Arena'],Castelvecchio,"['Museo Lapidario', 'Verona Tour', 'Museo Radio', 'San Zeno', 'Sighseeing']",Casa Giulietta,strategy_nearest,False,0.0032482147216796875,success
046AE93A9C4C80,3,"['Arena', 'Castelvecchio']",Santa Anastasia,"['AMO', 'Museo Conte', 'Palazzo della Ragione', 'Teatro Romano', 'Centro Fotografia']",Torre Lamberti,strategy_nearest,False,0.0036270618438720703,success
046AEC3A9C4C80,0,['Arena'],Castelvecchio,"['Museo Lapidario', 'Verona Tour', 'Museo Radio', 'San Zeno', 'Sighseeing']",Tomba Giulietta,strategy_nearest,False,0.002086162567138672,success
046AFD3A9C4C80,3,"['Arena', 'Casa Giulietta']",Santa Anastasia,"['AMO', 'Museo Conte', 'Palazzo della Ragione', 'Teatro Romano', 'Centro Fotografia']",Duomo,strategy_nearest,False,0.002652883529663086,success
046AF43A9C4C80,2,['Teatro Romano'],Torre Lamberti,"['Sighseeing', 'Centro Fotografia', 'Museo Conte', 'Casa Giulietta', 'Palazzo della Ragione']",San Zeno,strategy_nearest,False,0.0033349990844726562,success
046B08429C4C84,3,['Arena'],Teatro Romano,"['Santa Anastasia', 'Duomo', 'AMO', 'Palazzo della Ragione', 'Museo Conte']",Santa Anastasia,strategy_nearest,True,0.0014929771423339844,success
046B0A429C4C84,3,['Arena'],Santa Anastasia,"['AMO', 'Museo Conte', 'Palazzo della Ragione', 'Teatro Romano', 'Centro Fotografia']",Duomo,strategy_nearest,False,0.001996755599975586,success
046AFE429C4C80,3,"['Arena', 'Castelvecchio', 'Casa Giulietta']",Torre Lamberti,"['Sighseeing', 'Centro Fotografia', 'Museo Conte', 'Palazzo della Ragione', 'AMO']",Duomo,strategy_nearest,False,0.004023075103759766,success
046B013A9C4C84,2,"['Castelvecchio', 'Torre Lamberti']",Santa Anastasia,"['AMO', 'Museo Conte', 'Palazzo della Ragione', 'Teatro Romano', 'Centro Fotografia']",Duomo,strategy_nearest,False,0.0034210681915283203,success
046B18429C4C84,0,['Arena'],Torre Lamberti,"['Sighseeing', 'Centro Fotografia', 'Museo Conte', 'Casa Giulietta', 'Palazzo della Ragione']",Casa Giulietta,strategy_nearest,True,0.002740144729614258,success
046B153A9C4C84,2,['Museo Lapidario'],Tomba Giulietta,"['San Fermo', 'Museo Storia', 'Arena', 'Museo Radio', 'Verona Tour']",Castelvecchio,strategy_nearest,False,0.0033528804779052734,success
046B0E429C4C84,3,"['Arena', 'Castelvecchio']",Santa Anastasia,"['AMO', 'Museo Conte', 'Palazzo della Ragione', 'Teatro Romano', 'Centro Fotografia']",Duomo,strategy_nearest,False,0.0016498565673828125,success
046B1B429C4C84,3,"['Castelvecchio', 'Arena', 'Casa Giulietta', 'Torre Lamberti']",Santa Anastasia,"['AMO', 'Museo Conte', 'Palazzo della Ragione', 'Teatro Romano', 'Centro Fotografia']",Duomo,strategy_nearest,False,0.0019860267639160156,success
046B1F3A9C4C80,0,"['Tomba Giulietta', 'Arena']",Casa Giulietta,"['Centro Fotografia', 'Sighseeing', 'Torre Lamberti', 'Museo Conte', 'Museo Radio']",Torre Lamberti,strategy_nearest,True,0.0021910667419433594,success
046B213A9C4C80,0,['Arena'],Casa Giulietta,"['Centro Fotografia', 'Sighseeing', 'Torre Lamberti', 'Museo Conte', 'Museo Radio']",Duomo,strategy_nearest,False,0.002762317657470703,success
046B203A9C4C84,3,"['Arena', 'Castelvecchio']",Torre Lamberti,"['Sighseeing', 'Centro Fotografia', 'Museo Conte', 'Casa Giulietta', 'Palazzo della Ragione']",Santa Anastasia,strategy_nearest,False,0.0015439987182617188,success
046B22429C4C84,2,"['Casa Giulietta', 'Santa Anastasia', 'Castelvecchio']",San Zeno,"['Verona Tour', 'Museo Lapidario', 'Arena', 'Museo Miniscalchi', 'Sighseeing']",Duomo,strategy_nearest,False,0.0032896995544433594,success
046B274A9C4C80,3,"['Arena', 'San Fermo']",Santa Anastasia,"['AMO', 'Museo Conte', 'Palazzo della Ragione', 'Teatro Romano', 'Centro Fotografia']",Castelvecchio,strategy_nearest,False,0.0015339851379394531,success
046B37429C4C80,3,"['Arena', 'Casa Giulietta']",Torre Lamberti,"['Sighseeing', 'Centro Fotografia', 'Museo Conte', 'Palazzo della Ragione', 'AMO']",Santa Anastasia,strategy_nearest,False,0.002107858657836914,success
046B23429C4C84,3,"['Arena', 'Torre Lamberti']",Santa Anastasia,"['AMO', 'Museo Conte', 'Palazzo della Ragione', 'Teatro Romano', 'Centro Fotografia']",Duomo,strategy_nearest,False,0.003961086273193359,success
046B384A9C4C80,3,"['Casa Giulietta', 'Torre Lamberti', 'Castelvecchio', 'San Zeno']",Arena,"['Verona Tour', 'Museo Lapidario', 'Museo Radio', 'San Fermo', 'Sighseeing']",Santa Anastasia,strategy_nearest,False,0.0031447410583496094,success
046B3A4A9C4C80,2,"['San Zeno', 'Castelvecchio']",Casa Giulietta,"['Centro Fotografia', 'Sighseeing', 'Torre Lamberti', 'Museo Conte', 'Museo Radio']",Torre Lamberti,strategy_nearest,True,0.0028848648071289062,success
046B583A9C4C80,3,"['Arena', 'Castelvecchio']",Santa Anastasia,"['AMO', 'Museo Conte', 'Palazzo della Ragione', 'Teatro Romano', 'Centro Fotografia']",Duomo,strategy_nearest,False,0.003247976303100586,success
046B48429C4C80,1,"['Castelvecchio', 'Casa Giulietta']",Palazzo della Ragione,"['AMO', 'Museo Conte', 'Torre Lamberti', 'Centro Fotografia', 'Sighseeing']",Arena,strategy_nearest,False,0.0022377967834472656,success
046B413A9C4C80,3,"['San Zeno', 'Duomo', 'Castelvecchio']",Arena,"['Verona Tour', 'Museo Lapidario', 'Museo Radio', 'San Fermo', 'Casa Giulietta']",Casa Giulietta,strategy_nearest,True,0.001474142074584961,success
046B79429C4C80,3,"['Arena', 'Torre Lamberti']",Casa Giulietta,"['Centro Fotografia', 'Sighseeing', 'Museo Conte', 'Museo Radio', 'Palazzo della Ragione']",Santa Anastasia,strategy_nearest,False,0.0015151500701904297,success
046B7B4A9C4C80,0,['Arena'],San Zeno,"['Castelvecchio', 'Verona Tour', 'Museo Lapidario', 'Museo Miniscalchi', 'Sighseeing']",Duomo,strategy_nearest,False,0.002562999725341797,success
046B6F429C4C80,3,"['Museo Lapidario', 'Arena']",Casa Giulietta,"['Centro Fotografia', 'Sighseeing', 'Torre Lamberti', 'Museo Conte', 'Museo Radio']",Castelvecchio,strategy_nearest,False,0.0033779144287109375,success
046B623A9C4C80,3,"['Arena', 'Museo Lapidario', 'San Fermo']",Museo Storia,"['Museo Radio', 'Casa Giulietta', 'Centro Fotografia', 'Tomba Giulietta', 'Torre Lamberti']",Teatro Romano,strategy_nearest,False,0.002816915512084961,success
046B81429C4C80,0,"['San Zeno', 'Tomba Giulietta']",Casa Giulietta,"['Centro Fotografia', 'Sighseeing', 'Torre Lamberti', 'Museo Conte', 'Museo Radio']",Castelvecchio,strategy_nearest,False,0.002684354782104492,success
046B7C429C4C80,0,"['Arena', 'Casa Giulietta']",Teatro Romano,"['Santa Anastasia', 'Duomo', 'AMO', 'Palazzo della Ragione', 'Museo Conte']",Duomo,strategy_nearest,True,0.0018780231475830078,success
046B824A9C4C80,6,['Verona Tour'],Teatro Romano,"['Santa Anastasia', 'Duomo', 'AMO', 'Palazzo della Ragione', 'Museo Conte']",San Fermo,strategy_nearest,False,0.0032188892364501953,success
046B85429C4C80,3,['Arena'],Casa Giulietta,"['Centro Fotografia', 'Sighseeing', 'Torre Lamberti', 'Museo Conte', 'Museo Radio']",Torre Lamberti,strategy_nearest,True,0.0026040077209472656,success
046B864A9C4C80,3,"['Santa Anastasia', 'San Zeno']",Arena,"['Verona Tour', 'Museo Lapidario', 'Museo Radio', 'San Fermo', 'Casa Giulietta']",San Fermo,strategy_nearest,True,0.0015690326690673828,success
046B8D4A9C4C80,0,"['Arena', 'Torre Lamberti']",Casa Giulietta,"['Centro Fotografia', 'Sighseeing', 'Museo Conte', 'Museo Radio', 'Palazzo della Ragione']",Castelvecchio,strategy_nearest,False,0.002007007598876953,success
046B87429C4C80,3,"['Arena', 'Torre Lamberti']",Casa Giulietta,"['Centro Fotografia', 'Sighseeing', 'Museo Conte', 'Museo Radio', 'Palazzo della Ragione']",Santa Anastasia,strategy_nearest,False,0.0027217864990234375,success
046B854A9C4C80,0,['Arena'],Santa Anastasia,"['AMO', 'Museo Conte', 'Palazzo della Ragione', 'Teatro Romano', 'Centro Fotografia']",Casa Giulietta,strategy_nearest,False,0.0033979415893554688,success
046B9F4A9C4C80,2,"['Torre Lamberti', 'Casa Giulietta']",Santa Anastasia,"['AMO', 'Museo Conte', 'Palazzo della Ragione', 'Teatro Romano', 'Centro Fotografia']",Duomo,strategy_nearest,False,0.002749204635620117,success
046B934A9C4C80,2,"['Castelvecchio', 'Santa Anastasia']",Teatro Romano,"['Duomo', 'AMO', 'Palazzo della Ragione', 'Museo Conte', 'Centro Fotografia']",Torre Lamberti,strategy_nearest,False,0.002201080322265625,success
046B8E4A9C4C80,0,['Arena'],Castelvecchio,"['Museo Lapidario', 'Verona Tour', 'Museo Radio', 'San Zeno', 'Sighseeing']",Casa Giulietta,strategy_nearest,False,0.0016319751739501953,success
046BA04A9C4C80,3,['Arena'],Santa Anastasia,"['AMO', 'Museo Conte', 'Palazzo della Ragione', 'Teatro Romano', 'Centro Fotografia']",Duomo,strategy_nearest,False,0.0033142566680908203,success
046BA74A9C4C80,3,"['Arena', 'San Zeno']",Castelvecchio,"['Museo Lapidario', 'Verona Tour', 'Museo Radio', 'Sighseeing', 'Museo Miniscalchi']",Casa Giulietta,strategy_nearest,False,0.0026519298553466797,success
046BAA3A9C4C80,3,"['Casa Giulietta', 'Torre Lamberti']",Santa Anastasia,"['AMO', 'Museo Conte', 'Palazzo della Ragione', 'Teatro Romano', 'Centro Fotografia']",Duomo,strategy_nearest,False,0.0013980865478515625,success
046BB63A9C4C80,1,"['Santa Anastasia', 'Torre Lamberti']",Palazzo della Ragione,"['AMO', 'Museo Conte', 'Centro Fotografia', 'Sighseeing', 'Museo Miniscalchi']",Casa Giulietta,strategy_nearest,False,0.002874135971069336,success
046BB9429C4C80,3,"['Castelvecchio', 'Arena', 'Torre Lamberti']",Casa Giulietta,"['Centro Fotografia', 'Sighseeing', 'Museo Conte', 'Museo Radio', 'Palazzo della Ragione']",Santa Anastasia,strategy_nearest,False,0.0033521652221679688,success
046BBC3A9C4C80,0,['Arena'],Casa Giulietta,"['Centro Fotografia', 'Sighseeing', 'Torre Lamberti', 'Museo Conte', 'Museo Radio']",Palazzo della Ragione,strategy_nearest,False,0.0025663375854492188,success
046BBC429C4C80,3,"['Arena', 'Museo Lapidario', 'San Zeno']",Castelvecchio,"['Verona Tour', 'Museo Radio', 'Sighseeing', 'Museo Miniscalchi', 'Torre Lamberti']",Duomo,strategy_nearest,False,0.0032329559326171875,success
046BBD3A9C4C80,3,"['Arena', 'Casa Giulietta']",San Fermo,"['Museo Storia', 'Museo Radio', 'Centro Fotografia', 'Sighseeing', 'Torre Lamberti']",Santa Anastasia,strategy_nearest,False,0.0023741722106933594,success
046BBE3A9C4C80,1,"['Arena', 'Casa Giulietta', 'Torre Lamberti']",Palazzo della Ragione,"['AMO', 'Museo Conte', 'Centro Fotografia', 'Sighseeing', 'Santa Anastasia']",Santa Anastasia,strategy_nearest,True,0.0032308101654052734,success
046BBF3A9C4C80,1,"['Arena', 'Casa Giulietta']",Palazzo della Ragione,"['AMO', 'Museo Conte', 'Torre Lamberti', 'Centro Fotografia', 'Sighseeing']",Teatro Romano,strategy_nearest,False,0.0026476383209228516,success
046BC43A9C4C80,3,"['Arena', 'Casa Giulietta']",Santa Anastasia,"['AMO', 'Museo Conte', 'Palazzo della Ragione', 'Teatro Romano', 'Centro Fotografia']",Teatro Romano,strategy_nearest,True,0.0032227039337158203,success
046BC5429C4C80,1,"['Arena', 'Casa Giulietta', 'Palazzo della Ragione']",Torre Lamberti,"['Sighseeing', 'Centro Fotografia', 'Museo Conte', 'AMO', 'Museo Miniscalchi']",Santa Anastasia,strategy_nearest,False,0.0030074119567871094,success
046BC23A9C4C80,1,"['Arena', 'Casa Giulietta', 'Torre Lamberti']",Palazzo della Ragione,"['AMO', 'Museo Conte', 'Centro Fotografia', 'Sighseeing', 'Santa Anastasia']",Santa Anastasia,strategy_nearest,True,0.0025162696838378906,success
046BE0429C4C80,1,"['Casa Giulietta', 'Arena', 'Castelvecchio']",Santa Anastasia,"['AMO', 'Museo Conte', 'Palazzo della Ragione', 'Teatro Romano', 'Centro Fotografia']",Duomo,strategy_nearest,False,0.002025127410888672,success
046BD23A9C4C80,0,"['Arena', 'Casa Giulietta']",Torre Lamberti,"['Sighseeing', 'Centro Fotografia', 'Museo Conte', 'Palazzo della Ragione', 'AMO']",Duomo,strategy_nearest,False,0.002688169479370117,success
046BC63A9C4C80,3,['Arena'],Torre Lamberti,"['Sighseeing', 'Centro Fotografia', 'Museo Conte', 'Casa Giulietta', 'Palazzo della Ragione']",Santa Anastasia,strategy_nearest,False,0.00356292724609375,success
046BCB3A9C4C80,0,['Arena'],Torre Lamberti,"['Sighseeing', 'Centro Fotografia', 'Museo Conte', 'Casa Giulietta', 'Palazzo della Ragione']",Casa Giulietta,strategy_nearest,True,0.003926992416381836,success
046BF03A9C4C80,4,"['Casa Giulietta', 'Duomo', 'Santa Anastasia']",Teatro Romano,"['AMO', 'Palazzo della Ragione', 'Museo Conte', 'Centro Fotografia', 'Museo Miniscalchi']",Arena,strategy_nearest,False,0.0026412010192871094,success
046BE93A9C4C80,3,"['Arena', 'San Fermo']",Casa Giulietta,"['Centro Fotografia', 'Sighseeing', 'Torre Lamberti', 'Museo Conte', 'Museo Radio']",Torre Lamberti,strategy_nearest,True,0.001984119415283203,success
046BF9429C4C80,3,"['Castelvecchio', 'Casa Giulietta']",Tomba Giulietta,"['San Fermo', 'Museo Storia', 'Arena', 'Museo Lapidario', 'Museo Radio']",Santa Anastasia,strategy_nearest,False,0.0031948089599609375,success
046BEC3A9C4C80,0,['Arena'],Casa Giulietta,"['Centro Fotografia', 'Sighseeing', 'Torre Lamberti', 'Museo Conte', 'Museo Radio']",San Fermo,strategy_nearest,False,0.0021080970764160156,success
046C0F429C4C84,3,"['Giardino Giusti', 'Teatro Romano', 'Castelvecchio']",Casa Giulietta,"['Centro Fotografia', 'Sighseeing', 'Torre Lamberti', 'Museo Conte', 'Museo Radio']",Torre Lamberti,strategy_nearest,True,0.001979827880859375,success
046C003A9C4C84,3,"['Arena', 'Museo Lapidario', 'Casa Giulietta', 'San Fermo']",Museo Storia,"['Museo Radio', 'Centro Fotografia', 'Tomba Giulietta', 'Torre Lamberti', 'Sighseeing']",Santa Anastasia,strategy_nearest,False,0.0021512508392333984,success
046BFD429C4C80,3,"['Arena', 'Santa Anastasia']",Casa Giulietta,"['Centro Fotografia', 'Sighseeing', 'Torre Lamberti', 'Museo Conte', 'Museo Radio']",Torre Lamberti,strategy_nearest,True,0.0040149688720703125,success
046C0B429C4C84,3,"['Castelvecchio', 'Arena', 'Casa Giulietta']",Torre Lamberti,"['Sighseeing', 'Centro Fotografia', 'Museo Conte', 'Palazzo della Ragione', 'AMO']",Santa Anastasia,strategy_nearest,False,0.002704143524169922,success
046C113A9C4C84,3,['Arena'],Casa Giulietta,"['Centro Fotografia', 'Sighseeing', 'Torre Lamberti', 'Museo Conte', 'Museo Radio']",Santa Anastasia,strategy_nearest,False,0.0026171207427978516,success
046C104A9C4C80,1,['Arena'],Santa Anastasia,"['AMO', 'Museo Conte', 'Palazzo della Ragione', 'Teatro Romano', 'Centro Fotografia']",Torre Lamberti,strategy_nearest,False,0.0034551620483398438,success
046C11429C4C80,0,['Castelvecchio'],Arena,"['Verona Tour', 'Museo Lapidario', 'Museo Radio', 'San Fermo', 'Casa Giulietta']",Casa Giulietta,strategy_nearest,True,0.0013072490692138672,success
046C14429C4C84,3,['Arena'],Torre Lamberti,"['Sighseeing', 'Centro Fotografia', 'Museo Conte', 'Casa Giulietta', 'Palazzo della Ragione']",Teatro Romano,strategy_nearest,False,0.0032830238342285156,success
046C15429C4C80,1,"['Arena', 'Museo Lapidario', 'Castelvecchio']",San Zeno,"['Verona Tour', 'Museo Miniscalchi', 'Sighseeing', 'Museo Radio', 'Torre Lamberti']",Duomo,strategy_nearest,False,0.002374887466430664,success
046C163A9C4C80,1,"['Museo Lapidario', 'Palazzo della Ragione', 'San Fermo', 'Arena']",Torre Lamberti,"['Sighseeing', 'Centro Fotografia', 'Museo Conte', 'Casa Giulietta', 'AMO']",Duomo,strategy_nearest,False,0.0032541751861572266,success
046C16429C4C80,3,"['Arena', 'Torre Lamberti']",Santa Anastasia,"['AMO', 'Museo Conte', 'Palazzo della Ragione', 'Teatro Romano', 'Centro Fotografia']",Santa Anastasia,strategy_nearest,False,0.002020120620727539,success
046C1D3A9C4C84,3,"['Arena', 'Casa Giulietta', 'Duomo']",Teatro Romano,"['Santa Anastasia', 'AMO', 'Palazzo della Ragione', 'Museo Conte', 'Centro Fotografia']",Torre Lamberti,strategy_nearest,False,0.003361225128173828,success
046C1F429C4C84,0,['Arena'],Torre Lamberti,"['Sighseeing', 'Centro Fotografia', 'Museo Conte', 'Casa Giulietta', 'Palazzo della Ragione']",Casa Giulietta,strategy_nearest,True,0.0019800662994384766,success
046C203A9C4C84,0,['Arena'],Casa Giulietta,"['Centro Fotografia', 'Sighseeing', 'Torre Lamberti', 'Museo Conte', 'Museo Radio']",Torre Lamberti,strategy_nearest,True,0.002743959426879883,success
046C26429C4C84,3,"['Arena', 'Casa Giulietta']",Torre Lamberti,"['Sighseeing', 'Centro Fotografia', 'Museo Conte', 'Palazzo della Ragione', 'AMO']",Santa Anastasia,strategy_nearest,False,0.0032138824462890625,success
046C384A9C4C80,3,"['Arena', 'Castelvecchio', 'San Zeno']",Torre Lamberti,"['Sighseeing', 'Centro Fotografia', 'Museo Conte', 'Casa Giulietta', 'Palazzo della Ragione']",Santa Anastasia,strategy_nearest,False,0.003606081008911133,success
046C32429C4C80,3,"['Arena', 'Torre Lamberti']",Santa Anastasia,"['AMO', 'Museo Conte', 'Palazzo della Ragione', 'Teatro Romano', 'Centro Fotografia']",Duomo,strategy_nearest,False,0.005072116851806641,success
046C33429C4C80,3,['Arena'],Santa Anastasia,"['AMO', 'Museo Conte', 'Palazzo della Ragione', 'Teatro Romano', 'Centro Fotografia']",Teatro Romano,strategy_nearest,True,0.002753019332885742,success
046C324A9C4C80,3,"['San Fermo', 'Museo Lapidario']",Castelvecchio,"['Verona Tour', 'Arena', 'Museo Radio', 'San Zeno', 'Sighseeing']",Torre Lamberti,strategy_nearest,False,0.0020782947540283203,success
046C3D429C4C80,3,"['San Fermo', 'Arena']",Casa Giulietta,"['Centro Fotografia', 'Sighseeing', 'Torre Lamberti', 'Museo Conte', 'Museo Radio']",Santa Anastasia,strategy_nearest,False,0.0016090869903564453,success
046C42429C4C80,3,"['Torre Lamberti', 'Casa Giulietta', 'San Fermo']",Teatro Romano,"['Santa Anastasia', 'Duomo', 'AMO', 'Palazzo della Ragione', 'Museo Conte']",Duomo,strategy_nearest,True,0.0022361278533935547,success
046C46429C4C80,0,['Arena'],Casa Giulietta,"['Centro Fotografia', 'Sighseeing', 'Torre Lamberti', 'Museo Conte', 'Museo Radio']",Castelvecchio,strategy_nearest,False,0.0026712417602539062,success
046C4C3A9C4C80,3,['Arena'],Santa Anastasia,"['AMO', 'Museo Conte', 'Palazzo della Ragione', 'Teatro Romano', 'Centro Fotografia']",Torre Lamberti,strategy_nearest,False,0.0031380653381347656,success
046C57429C4C80,3,"['Duomo', 'Santa Anastasia']",Castelvecchio,"['Museo Lapidario', 'Verona Tour', 'Arena', 'Museo Radio', 'San Zeno']",Arena,strategy_nearest,True,0.0029850006103515625,success
046C6B3A9C4C80,3,"['Arena', 'Casa Giulietta', 'Torre Lamberti']",Santa Anastasia,"['AMO', 'Museo Conte', 'Palazzo della Ragione', 'Teatro Romano', 'Centro Fotografia']",Duomo,strategy_nearest,False,0.003428936004638672,success
046C5D3A9C4C80,2,"['San Zeno', 'Castelvecchio']",Casa Giulietta,"['Centro Fotografia', 'Sighseeing', 'Torre Lamberti', 'Museo Conte', 'Museo Radio']",San Fermo,strategy_nearest,False,0.0035979747772216797,success
046C693A9C4C80,3,"['Arena', 'Castelvecchio']",Torre Lamberti,"['Sighseeing', 'Centro Fotografia', 'Museo Conte', 'Casa Giulietta', 'Palazzo della Ragione']",Giardino Giusti,strategy_nearest,False,0.0014791488647460938,success
046C7B429C4C80,0,['Arena'],Castelvecchio,"['Museo Lapidario', 'Verona Tour', 'Museo Radio', 'San Zeno', 'Sighseeing']",Casa Giulietta,strategy_nearest,False,0.002724885940551758,success
046C87429C4C80,0,['Arena'],Torre Lamberti,"['Sighseeing', 'Centro Fotografia', 'Museo Conte', 'Casa Giulietta', 'Palazzo della Ragione']",Casa Giulietta,strategy_nearest,True,0.0020308494567871094,success
046C7A4A9C4C80,3,"['Arena', 'Castelvecchio', 'Santa Anastasia']",Teatro Romano,"['Duomo', 'AMO', 'Palazzo della Ragione', 'Museo Conte', 'Centro Fotografia']",Torre Lamberti,strategy_nearest,False,0.001712799072265625,success
046C82429C4C80,0,"['Casa Giulietta', 'Santa Anastasia']",Arena,"['Verona Tour', 'Museo Lapidario', 'Museo Radio', 'San Fermo', 'Sighseeing']",Castelvecchio,strategy_nearest,False,0.0034918785095214844,success
046C8A3A9C4C80,3,"['Arena', 'Tomba Giulietta']",Santa Anastasia,"['AMO', 'Museo Conte', 'Palazzo della Ragione', 'Teatro Romano', 'Centro Fotografia']",Teatro Romano,strategy_nearest,True,0.0015971660614013672,success
046C924A9C4C80,0,['Arena'],Duomo,"['AMO', 'Museo Miniscalchi', 'Santa Anastasia', 'Teatro Romano', 'Palazzo della Ragione']",Castelvecchio,strategy_nearest,False,0.003155946731567383,success
046C8A4A9C4C80,3,"['Museo Lapidario', 'Arena', 'Casa Giulietta']",San Fermo,"['Museo Storia', 'Museo Radio', 'Centro Fotografia', 'Sighseeing', 'Torre Lamberti']",Castelvecchio,strategy_nearest,False,0.002656221389770508,success
046C94429C4C80,2,"['Teatro Romano', 'Duomo']",Santa Anastasia,"['AMO', 'Museo Conte', 'Palazzo della Ragione', 'Centro Fotografia', 'Torre Lamberti']",San Zeno,strategy_nearest,False,0.003170013427734375,success
046C944A9C4C80,0,"['Arena', 'Casa Giulietta']",Torre Lamberti,"['Sighseeing', 'Centro Fotografia', 'Museo Conte', 'Palazzo della Ragione', 'AMO']",Duomo,strategy_nearest,False,0.0034089088439941406,success
046CA44A9C4C80,1,"['Castelvecchio', 'Museo Lapidario', 'Arena']",Casa Giulietta,"['Centro Fotografia', 'Sighseeing', 'Torre Lamberti', 'Museo Conte', 'Museo Radio']",Torre Lamberti,strategy_nearest,True,0.0018699169158935547,success
046C9B429C4C80,1,['Arena'],Torre Lamberti,"['Sighseeing', 'Centro Fotografia', 'Museo Conte', 'Casa Giulietta', 'Palazzo della Ragione']",Palazzo della Ragione,strategy_nearest,True,0.0033469200134277344,success
046CA63A9C4C80,3,"['Arena', 'Casa Giulietta']",Santa Anastasia,"['AMO', 'Museo Conte', 'Palazzo della Ragione', 'Teatro Romano', 'Centro Fotografia']",Teatro Romano,strategy_nearest,True,0.0032639503479003906,success
046CB13A9C4C80,2,['Castelvecchio'],Duomo,"['AMO', 'Museo Miniscalchi', 'Santa Anastasia', 'Teatro Romano', 'Palazzo della Ragione']",Teatro Romano,strategy_nearest,True,0.001772165298461914,success
046CC23A9C4C80,0,['Arena'],Casa Giulietta,"['Centro Fotografia', 'Sighseeing', 'Torre Lamberti', 'Museo Conte', 'Museo Radio']",Torre Lamberti,strategy_nearest,True,0.003222942352294922,success
046CBA429C4C80,0,"['Arena', 'Casa Giulietta']",Castelvecchio,"['Museo Lapidario', 'Verona Tour', 'Museo Radio', 'San Zeno', 'Sighseeing']",Tomba Giulietta,strategy_nearest,False,0.002633810043334961,success
046CDA3A9C4C80,3,"['Torre Lamberti', 'Castelvecchio', 'Arena', 'Tomba Giulietta']",Museo Storia,"['San Fermo', 'Museo Radio', 'Casa Giulietta', 'Centro Fotografia', 'Sighseeing']",San Fermo,strategy_nearest,True,0.0018870830535888672,success
046CCB3A9C4C80,2,['Museo Lapidario'],Tomba Giulietta,"['San Fermo', 'Museo Storia', 'Arena', 'Museo Radio', 'Verona Tour']",Casa Giulietta,strategy_nearest,False,0.0037322044372558594,success
046CCA3A9C4C80,3,"['Duomo', 'Santa Anastasia']",Torre Lamberti,"['Sighseeing', 'Centro Fotografia', 'Museo Conte', 'Casa Giulietta', 'Palazzo della Ragione']",Casa Giulietta,strategy_nearest,True,0.0031812191009521484,success
046CE3429C4C80,1,"['Castelvecchio', 'Arena']",Torre Lamberti,"['Sighseeing', 'Centro Fotografia', 'Museo Conte', 'Casa Giulietta', 'Palazzo della Ragione']",Palazzo della Ragione,strategy_nearest,True,0.0031249523162841797,success
046CE9429C4C80,3,"['Arena', 'San Zeno']",Castelvecchio,"['Museo Lapidario', 'Verona Tour', 'Museo Radio', 'Sighseeing', 'Museo Miniscalchi']",Torre Lamberti,strategy_nearest,False,0.0027399063110351562,success
046CF03A9C4C80,1,['Palazzo della Ragione'],Torre Lamberti,"['Sighseeing', 'Centro Fotografia', 'Museo Conte', 'Casa Giulietta', 'AMO']",Arena,strategy_nearest,False,0.0027070045471191406,success
046CE83A9C4C80,1,"['Arena', 'Palazzo della Ragione']",Torre Lamberti,"['Sighseeing', 'Centro Fotografia', 'Museo Conte', 'Casa Giulietta', 'AMO']",Santa Anastasia,strategy_nearest,False,0.0020210742950439453,success
046D0C3A9C4C84,0,['Arena'],Casa Giulietta,"['Centro Fotografia', 'Sighseeing', 'Torre Lamberti', 'Museo Conte', 'Museo Radio']",Castelvecchio,strategy_nearest,False,0.003325223922729492,success
046D0E3A9C4C84,3,"['Arena', 'Casa Giulietta', 'Torre Lamberti']",San Fermo,"['Museo Storia', 'Museo Radio', 'Centro Fotografia', 'Sighseeing', 'Museo Conte']",Santa Anastasia,strategy_nearest,False,0.0027120113372802734,success
046D0D429C4C84,0,['Arena'],Torre Lamberti,"['Sighseeing', 'Centro Fotografia', 'Museo Conte', 'Casa Giulietta', 'Palazzo della Ragione']",Casa Giulietta,strategy_nearest,True,0.002791166305541992,success
046D23429C4C84,0,['Arena'],Castelvecchio,"['Museo Lapidario', 'Verona Tour', 'Museo Radio', 'San Zeno', 'Sighseeing']",Casa Giulietta,strategy_nearest,False,0.0032911300659179688,success
046D24429C4C84,0,['Torre Lamberti'],Casa Giulietta,"['Centro Fotografia', 'Sighseeing', 'Museo Conte', 'Museo Radio', 'Palazzo della Ragione']",Arena,strategy_nearest,False,0.0033059120178222656,success
046D283A9C4C80,3,"['Arena', 'Casa Giulietta']",Torre Lamberti,"['Sighseeing', 'Centro Fotografia', 'Museo Conte', 'Palazzo della Ragione', 'AMO']",Duomo,strategy_nearest,False,0.002362966537475586,success
046D27429C4C80,2,['Castelvecchio'],Torre Lamberti,"['Sighseeing', 'Centro Fotografia', 'Museo Conte', 'Casa Giulietta', 'Palazzo della Ragione']",Palazzo della Ragione,strategy_nearest,True,0.0024759769439697266,success
046D2F3A9C4C80,2,['Casa Giulietta'],Torre Lamberti,"['Sighseeing', 'Centro Fotografia', 'Museo Conte', 'Palazzo della Ragione', 'AMO']",Santa Anastasia,strategy_nearest,False,0.0027608871459960938,success
046D2E3A9C4C80,0,"['Museo Lapidario', 'Arena']",Casa Giulietta,"['Centro Fotografia', 'Sighseeing', 'Torre Lamberti', 'Museo Conte', 'Museo Radio']",Duomo,strategy_nearest,False,0.003551006317138672,success
046D364A9C4C80,3,"['Teatro Romano', 'Duomo']",Santa Anastasia,"['AMO', 'Museo Conte', 'Palazzo della Ragione', 'Centro Fotografia', 'Torre Lamberti']",Arena,strategy_nearest,False,0.0030007362365722656,success
046D2F429C4C80,2,"['Tomba Giulietta', 'Torre Lamberti']",Castelvecchio,"['Museo Lapidario', 'Verona Tour', 'Arena', 'Museo Radio', 'San Zeno']",Palazzo della Ragione,strategy_nearest,False,0.00222015380859375,success
046D563A9C4C80,1,"['San Zeno', 'Castelvecchio', 'Arena', 'Tomba Giulietta', 'San Fermo']",Casa Giulietta,"['Centro Fotografia', 'Sighseeing', 'Torre Lamberti', 'Museo Conte', 'Museo Radio']",Palazzo della Ragione,strategy_nearest,False,0.003139019012451172,success
046D46429C4C80,3,['Duomo'],Arena,"['Verona Tour', 'Museo Lapidario', 'Museo Radio', 'San Fermo', 'Casa Giulietta']",Torre Lamberti,strategy_nearest,False,0.003339052200317383,success
046D53429C4C80,3,"['Arena', 'Casa Giulietta', 'Giardino Giusti']",Teatro Romano,"['Santa Anastasia', 'Duomo', 'AMO', 'Palazzo della Ragione', 'Museo Conte']",Santa Anastasia,strategy_nearest,True,0.0020072460174560547,success
046D45429C4C80,2,['Duomo'],Teatro Romano,"['Santa Anastasia', 'AMO', 'Palazzo della Ragione', 'Museo Conte', 'Centro Fotografia']",Castelvecchio,strategy_nearest,False,0.002003192901611328,success
046D583A9C4C80,3,"['Arena', 'Casa Giulietta']",Torre Lamberti,"['Sighseeing', 'Centro Fotografia', 'Museo Conte', 'Palazzo della Ragione', 'AMO']",Santa Anastasia,strategy_nearest,False,0.0016088485717773438,success
046D79429C4C80,0,['Arena'],Casa Giulietta,"['Centro Fotografia', 'Sighseeing', 'Torre Lamberti', 'Museo Conte', 'Museo Radio']",Teatro Romano,strategy_nearest,False,0.0020542144775390625,success
046D794A9C4C80,0,['Arena'],Casa Giulietta,"['Centro Fotografia', 'Sighseeing', 'Torre Lamberti', 'Museo Conte', 'Museo Radio']",Duomo,strategy_nearest,False,0.0027158260345458984,success
046D6E3A9C4C80,3,"['Castelvecchio', 'Arena', 'San Fermo']",Casa Giulietta,"['Centro Fotografia', 'Sighseeing', 'Torre Lamberti', 'Museo Conte', 'Museo Radio']",San Zeno,strategy_nearest,False,0.0035409927368164062,success
046D853A9C4C80,0,['Tomba Giulietta'],Casa Giulietta,"['Centro Fotografia', 'Sighseeing', 'Torre Lamberti', 'Museo Conte', 'Museo Radio']",Arena,strategy_nearest,False,0.002621173858642578,success
046D7F429C4C80,3,"['Museo Lapidario', 'Arena', 'Castelvecchio']",San Zeno,"['Verona Tour', 'Museo Miniscalchi', 'Sighseeing', 'Museo Radio', 'Torre Lamberti']",San Fermo,strategy_nearest,False,0.0014369487762451172,success
046D7A4A9C4C80,3,['Torre Lamberti'],Santa Anastasia,"['AMO', 'Museo Conte', 'Palazzo della Ragione', 'Teatro Romano', 'Centro Fotografia']",Casa Giulietta,strategy_nearest,False,0.004600048065185547,success
046D7C3A9C4C80,3,"['Arena', 'Museo Lapidario', 'Castelvecchio']",Torre Lamberti,"['Sighseeing', 'Centro Fotografia', 'Museo Conte', 'Casa Giulietta', 'Palazzo della Ragione']",Casa Giulietta,strategy_nearest,True,0.0033469200134277344,success
046D8E3A9C4C80,0,"['Arena', 'Museo Lapidario', 'Castelvecchio']",Casa Giulietta,"['Centro Fotografia', 'Sighseeing', 'Torre Lamberti', 'Museo Conte', 'Museo Radio']",Torre Lamberti,strategy_nearest,True,0.0021162033081054688,success
046D8F429C4C80,0,['Duomo'],Torre Lamberti,"['Sighseeing', 'Centro Fotografia', 'Museo Conte', 'Casa Giulietta', 'Palazzo della Ragione']",Casa Giulietta,strategy_nearest,True,0.0026848316192626953,success
046D86429C4C80,0,['Arena'],Castelvecchio,"['Museo Lapidario', 'Verona Tour', 'Museo Radio', 'San Zeno', 'Sighseeing']",Teatro Romano,strategy_nearest,False,0.0022530555725097656,success
046D8D3A9C4C80,3,"['Arena', 'Museo Lapidario', 'Castelvecchio']",Torre Lamberti,"['Sighseeing', 'Centro Fotografia', 'Museo Conte', 'Casa Giulietta', 'Palazzo della Ragione']",Santa Anastasia,strategy_nearest,False,0.0034313201904296875,success
046D954A9C4C80,0,['Arena'],Casa Giulietta,"['Centro Fotografia', 'Sighseeing', 'Torre Lamberti', 'Museo Conte', 'Museo Radio']",Santa Anastasia,strategy_nearest,False,0.0012657642364501953,success
046D934A9C4C80,3,"['Arena', 'San Fermo', 'Torre Lamberti']",Duomo,"['AMO', 'Museo Miniscalchi', 'Santa Anastasia', 'Teatro Romano', 'Palazzo della Ragione']",Castelvecchio,strategy_nearest,False,0.0022699832916259766,success
046D9B4A9C4C80,2,['Castelvecchio'],Casa Giulietta,"['Centro Fotografia', 'Sighseeing', 'Torre Lamberti', 'Museo Conte', 'Museo Radio']",Torre Lamberti,strategy_nearest,True,0.002680063247680664,success
046D98429C4C80,2,"['Palazzo della Ragione', 'Torre Lamberti', 'Duomo']",Casa Giulietta,"['Centro Fotografia', 'Sighseeing', 'Museo Conte', 'Museo Radio', 'San Fermo']",Castelvecchio,strategy_nearest,False,0.003365039825439453,success
046D9D429C4C80,2,['Casa Giulietta'],Torre Lamberti,"['Sighseeing', 'Centro Fotografia', 'Museo Conte', 'Palazzo della Ragione', 'AMO']",Castelvecchio,strategy_nearest,False,0.004019021987915039,success
046D9F4A9C4C80,0,['Arena'],Castelvecchio,"['Museo Lapidario', 'Verona Tour', 'Museo Radio', 'San Zeno', 'Sighseeing']",Casa Giulietta,strategy_nearest,False,0.0027778148651123047,success
046DA24A9C4C80,1,"['Palazzo della Ragione', 'Arena']",Duomo,"['AMO', 'Museo Miniscalchi', 'Santa Anastasia', 'Teatro Romano', 'Museo Conte']",Teatro Romano,strategy_nearest,True,0.003340005874633789,success
046DA54A9C4C80,3,['Arena'],Casa Giulietta,"['Centro Fotografia', 'Sighseeing', 'Torre Lamberti', 'Museo Conte', 'Museo Radio']",Santa Anastasia,strategy_nearest,False,0.0014939308166503906,success
046DB5429C4C80,3,"['Arena', 'Castelvecchio', 'Torre Lamberti']",Casa Giulietta,"['Centro Fotografia', 'Sighseeing', 'Museo Conte', 'Museo Radio', 'Palazzo della Ragione']",Santa Anastasia,strategy_nearest,False,0.003287076950073242,success
046DB1429C4C80,3,['Torre Lamberti'],Santa Anastasia,"['AMO', 'Museo Conte', 'Palazzo della Ragione', 'Teatro Romano', 'Centro Fotografia']",Arena,strategy_nearest,False,0.0027132034301757812,success
046DAE3A9C4C80,0,['Arena'],Teatro Romano,"['Santa Anastasia', 'Duomo', 'AMO', 'Palazzo della Ragione', 'Museo Conte']",Torre Lamberti,strategy_nearest,False,0.0016410350799560547,success
046DA6429C4C80,2,"['San Fermo', 'Casa Giulietta']",Duomo,"['AMO', 'Museo Miniscalchi', 'Santa Anastasia', 'Teatro Romano', 'Palazzo della Ragione']",Teatro Romano,strategy_nearest,True,0.002290010452270508,success
046DB63A9C4C80,0,['Castelvecchio'],Arena,"['Verona Tour', 'Museo Lapidario', 'Museo Radio', 'San Fermo', 'Casa Giulietta']",Casa Giulietta,strategy_nearest,True,0.002162933349609375,success
046DC33A9C4C80,3,"['Tomba Giulietta', 'Casa Giulietta']",Santa Anastasia,"['AMO', 'Museo Conte', 'Palazzo della Ragione', 'Teatro Romano', 'Centro Fotografia']",Castelvecchio,strategy_nearest,False,0.0025746822357177734,success
046DB6429C4C80,2,['Teatro Romano'],Giardino Giusti,"['Santa Anastasia', 'Museo Conte', 'Centro Fotografia', 'Museo Storia', 'AMO']",Casa Giulietta,strategy_nearest,False,0.001210927963256836,success
046DC03A9C4C80,0,['Arena'],San Fermo,"['Museo Storia', 'Museo Radio', 'Casa Giulietta', 'Centro Fotografia', 'Sighseeing']",Casa Giulietta,strategy_nearest,True,0.003454923629760742,success
046DD83A9C4C80,0,['San Fermo'],Casa Giulietta,"['Centro Fotografia', 'Sighseeing', 'Torre Lamberti', 'Museo Conte', 'Museo Radio']",Arena,strategy_nearest,False,0.0019750595092773438,success
046DC5429C4C80,3,"['Arena', 'Duomo']",Santa Anastasia,"['AMO', 'Museo Conte', 'Palazzo della Ragione', 'Teatro Romano', 'Centro Fotografia']",Torre Lamberti,strategy_nearest,False,0.0021550655364990234,success
046DC53A9C4C80,3,"['Arena', 'Casa Giulietta']",Santa Anastasia,"['AMO', 'Museo Conte', 'Palazzo della Ragione', 'Teatro Romano', 'Centro Fotografia']",Duomo,strategy_nearest,False,0.003995180130004883,success
046DCF3A9C4C80,0,['Castelvecchio'],Casa Giulietta,"['Centro Fotografia', 'Sighseeing', 'Torre Lamberti', 'Museo Conte', 'Museo Radio']",Arena,strategy_nearest,False,0.0033071041107177734,success
046DFC429C4C80,3,"['Torre Lamberti', 'Duomo']",Castelvecchio,"['Museo Lapidario', 'Verona Tour', 'Arena', 'Museo Radio', 'San Zeno']",Arena,strategy_nearest,True,0.0031061172485351562,success
046DFB3A9C4C80,0,['Castelvecchio'],Arena,"['Verona Tour', 'Museo Lapidario', 'Museo Radio', 'San Fermo', 'Casa Giulietta']",San Zeno,strategy_nearest,False,0.0015239715576171875,success
046DF43A9C4C80,0,['Arena'],Casa Giulietta,"['Centro Fotografia', 'Sighseeing', 'Torre Lamberti', 'Museo Conte', 'Museo Radio']",Santa Anastasia,strategy_nearest,False,0.002134084701538086,success
046DE0429C4C80,3,"['Arena', 'Santa Anastasia', 'Duomo']",Torre Lamberti,"['Sighseeing', 'Centro Fotografia', 'Museo Conte', 'Casa Giulietta', 'Palazzo della Ragione']",Castelvecchio,strategy_nearest,False,0.003919124603271484,success
046E123A9C4C84,3,"['Arena', 'Castelvecchio']",Torre Lamberti,"['Sighseeing', 'Centro Fotografia', 'Museo Conte', 'Casa Giulietta', 'Palazzo della Ragione']",San Fermo,strategy_nearest,False,0.0020380020141601562,success
046E0D3A9C4C84,0,['Arena'],Casa Giulietta,"['Centro Fotografia', 'Sighseeing', 'Torre Lamberti', 'Museo Conte', 'Museo Radio']",Castelvecchio,strategy_nearest,False,0.0026972293853759766,success
046E01429C4C84,3,"['Teatro Romano', 'Arena', 'Castelvecchio']",Torre Lamberti,"['Sighseeing', 'Centro Fotografia', 'Museo Conte', 'Casa Giulietta', 'Palazzo della Ragione']",Santa Anastasia,strategy_nearest,False,0.0015711784362792969,success
046E053A9C4C84,2,['Casa Giulietta'],Torre Lamberti,"['Sighseeing', 'Centro Fotografia', 'Museo Conte', 'Palazzo della Ragione', 'AMO']",Duomo,strategy_nearest,False,0.0034792423248291016,success
046E13429C4C84,0,['Casa Giulietta'],Torre Lamberti,"['Sighseeing', 'Centro Fotografia', 'Museo Conte', 'Palazzo della Ragione', 'AMO']",Castelvecchio,strategy_nearest,False,0.0015559196472167969,success
046E15429C4C84,0,['Arena'],Casa Giulietta,"['Centro Fotografia', 'Sighseeing', 'Torre Lamberti', 'Museo Conte', 'Museo Radio']",Castelvecchio,strategy_nearest,False,0.0023932456970214844,success
046E203A9C4C84,3,['Arena'],Casa Giulietta,"['Centro Fotografia', 'Sighseeing', 'Torre Lamberti', 'Museo Conte', 'Museo Radio']",Santa Anastasia,strategy_nearest,False,0.0025420188903808594,success
046E244A9C4C80,2,"['San Fermo', 'Casa Giulietta']",Santa Anastasia,"['AMO', 'Museo Conte', 'Palazzo della Ragione', 'Teatro Romano', 'Centro Fotografia']",Torre Lamberti,strategy_nearest,False,0.003154754638671875,success
046E2B429C4C80,3,"['Arena', 'San Fermo']",Torre Lamberti,"['Sighseeing', 'Centro Fotografia', 'Museo Conte', 'Casa Giulietta', 'Palazzo della Ragione']",Duomo,strategy_nearest,False,0.004165172576904297,success
046E30429C4C80,0,['Arena'],Casa Giulietta,"['Centro Fotografia', 'Sighseeing', 'Torre Lamberti', 'Museo Conte', 'Museo Radio']",Santa Anastasia,strategy_nearest,False,0.004551887512207031,success
046E3D429C4C80,2,"['Casa Giulietta', 'Torre Lamberti', 'Palazzo della Ragione', 'Santa Anastasia']",Castelvecchio,"['Museo Lapidario', 'Verona Tour', 'Arena', 'Museo Radio', 'San Zeno']",San Zeno,strategy_nearest,True,0.002019166946411133,success
046E3E429C4C80,1,['Arena'],Museo Lapidario,"['Verona Tour', 'Castelvecchio', 'Museo Radio', 'San Fermo', 'Casa Giulietta']",Palazzo della Ragione,strategy_nearest,False,0.0014121532440185547,success
046E4A429C4C80,3,"['San Zeno', 'Castelvecchio', 'Arena']",Museo Lapidario,"['Verona Tour', 'Museo Radio', 'San Fermo', 'Casa Giulietta', 'Tomba Giulietta']",Casa Giulietta,strategy_nearest,True,0.0034029483795166016,success
046E4D429C4C80,3,"['Arena', 'Castelvecchio', 'Torre Lamberti', 'Casa Giulietta']",San Fermo,"['Museo Storia', 'Museo Radio', 'Centro Fotografia', 'Sighseeing', 'Museo Conte']",Santa Anastasia,strategy_nearest,False,0.002789020538330078,success
046E533A9C4C80,0,['Arena'],Torre Lamberti,"['Sighseeing', 'Centro Fotografia', 'Museo Conte', 'Casa Giulietta', 'Palazzo della Ragione']",Casa Giulietta,strategy_nearest,True,0.0015647411346435547,success
046E6C3A9C4C80,3,['Arena'],San Fermo,"['Museo Storia', 'Museo Radio', 'Casa Giulietta', 'Centro Fotografia', 'Sighseeing']",Duomo,strategy_nearest,False,0.002034902572631836,success
046E6D429C4C80,3,"['Arena', 'Museo Lapidario', 'Torre Lamberti']",Casa Giulietta,"['Centro Fotografia', 'Sighseeing', 'Museo Conte', 'Museo Radio', 'Palazzo della Ragione']",Santa Anastasia,strategy_nearest,False,0.001277923583984375,success
046E7A429C4C80,0,"['Castelvecchio', 'Arena']",Tomba Giulietta,"['San Fermo', 'Museo Storia', 'Museo Lapidario', 'Museo Radio', 'Verona Tour']",San Fermo,strategy_nearest,True,0.0021753311157226562,success
046E7F429C4C80,0,"['Tomba Giulietta', 'Arena']",Casa Giulietta,"['Centro Fotografia', 'Sighseeing', 'Torre Lamberti', 'Museo Conte', 'Museo Radio']",Torre Lamberti,strategy_nearest,True,0.0026369094848632812,success
046E7E3A9C4C80,0,['Arena'],Casa Giulietta,"['Centro Fotografia', 'Sighseeing', 'Torre Lamberti', 'Museo Conte', 'Museo Radio']",Torre Lamberti,strategy_nearest,True,0.0034780502319335938,success
046E84429C4C80,1,"['Casa Giulietta', 'Arena', 'Museo Lapidario']",Castelvecchio,"['Verona Tour', 'Museo Radio', 'San Zeno', 'Sighseeing', 'Museo Miniscalchi']",Tomba Giulietta,strategy_nearest,False,0.0015840530395507812,success
046E82429C4C80,2,['Castelvecchio'],San Fermo,"['Museo Storia', 'Museo Radio', 'Casa Giulietta', 'Centro Fotografia', 'Arena']",Giardino Giusti,strategy_nearest,False,0.003901958465576172,success
046E853A9C4C80,0,['Arena'],Casa Giulietta,"['Centro Fotografia', 'Sighseeing', 'Torre Lamberti', 'Museo Conte', 'Museo Radio']",Duomo,strategy_nearest,False,0.003407001495361328,success
046E86429C4C80,3,['Casa Giulietta'],Arena,"['Verona Tour', 'Museo Lapidario', 'Museo Radio', 'San Fermo', 'Sighseeing']",Torre Lamberti,strategy_nearest,False,0.002588033676147461,success
046E8F4A9C4C80,0,['Arena'],Casa Giulietta,"['Centro Fotografia', 'Sighseeing', 'Torre Lamberti', 'Museo Conte', 'Museo Radio']",San Fermo,strategy_nearest,False,0.003156900405883789,success
046E934A9C4C80,1,"['Arena', 'Torre Lamberti']",Palazzo della Ragione,"['AMO', 'Museo Conte', 'Centro Fotografia', 'Sighseeing', 'Santa Anastasia']",Santa Anastasia,strategy_nearest,True,0.002769947052001953,success
046E9D4A9C4C80,3,"['Arena', 'Museo Lapidario', 'Castelvecchio']",San Zeno,"['Verona Tour', 'Museo Miniscalchi', 'Sighseeing', 'Museo Radio', 'Torre Lamberti']",Santa Anastasia,strategy_nearest,False,0.002524852752685547,success
046E9F429C4C80,3,"['Arena', 'San Fermo', 'Casa Giulietta', 'Torre Lamberti']",Santa Anastasia,"['AMO', 'Museo Conte', 'Palazzo della Ragione', 'Teatro Romano', 'Centro Fotografia']",Teatro Romano,strategy_nearest,True,0.0032761096954345703,success
046EA04A9C4C80,1,"['Palazzo della Ragione', 'Torre Lamberti', 'Casa Giulietta']",Castelvecchio,"['Museo Lapidario', 'Verona Tour', 'Arena', 'Museo Radio', 'San Zeno']",Duomo,strategy_nearest,False,0.0028798580169677734,success
046EA93A9C4C80,3,['Santa Anastasia'],Duomo,"['AMO', 'Museo Miniscalchi', 'Teatro Romano', 'Palazzo della Ragione', 'Museo Conte']",Arena,strategy_nearest,False,0.0020630359649658203,success
046EA64A9C4C80,0,"['Arena', 'Castelvecchio']",Torre Lamberti,"['Sighseeing', 'Centro Fotografia', 'Museo Conte', 'Casa Giulietta', 'Palazzo della Ragione']",Casa Giulietta,strategy_nearest,True,0.0027658939361572266,success
046EA24A9C4C80,0,"['Arena', 'Museo Lapidario', 'Castelvecchio']",Torre Lamberti,"['Sighseeing', 'Centro Fotografia', 'Museo Conte', 'Casa Giulietta', 'Palazzo della Ragione']",Casa Giulietta,strategy_nearest,True,0.0028188228607177734,success
046EA3429C4C80,2,"['Teatro Romano', 'Duomo']",Santa Anastasia,"['AMO', 'Museo Conte', 'Palazzo della Ragione', 'Centro Fotografia', 'Torre Lamberti']",Torre Lamberti,strategy_nearest,True,0.003653287887573242,success
046EAB429C4C80,0,['Arena'],Casa Giulietta,"['Centro Fotografia', 'Sighseeing', 'Torre Lamberti', 'Museo Conte', 'Museo Radio']",Santa Anastasia,strategy_nearest,False,0.0022928714752197266,success
046EAD429C4C80,1,"['Arena', 'Palazzo della Ragione']",Torre Lamberti,"['Sighseeing', 'Centro Fotografia', 'Museo Conte', 'Casa Giulietta', 'AMO']",Santa Anastasia,strategy_nearest,False,0.0026788711547851562,success
046EAC429C4C80,2,['Casa Giulietta'],Torre Lamberti,"['Sighseeing', 'Centro Fotografia', 'Museo Conte', 'Palazzo della Ragione', 'AMO']",Santa Anastasia,strategy_nearest,False,0.0034568309783935547,success
046EAA3A9C4C80,2,['Torre Lamberti'],Castelvecchio,"['Museo Lapidario', 'Verona Tour', 'Arena', 'Museo Radio', 'San Zeno']",Santa Anastasia,strategy_nearest,False,0.0021572113037109375,success
046EB3429C4C80,2,['San Zeno'],Castelvecchio,"['Museo Lapidario', 'Verona Tour', 'Arena', 'Museo Radio', 'Sighseeing']",San Fermo,strategy_nearest,False,0.0020492076873779297,success
046EB9429C4C80,0,['Arena'],Castelvecchio,"['Museo Lapidario', 'Verona Tour', 'Museo Radio', 'San Zeno', 'Sighseeing']",Torre Lamberti,strategy_nearest,False,0.0020339488983154297,success
046EB5429C4C80,3,"['Arena', 'Castelvecchio', 'Casa Giulietta']",Teatro Romano,"['Santa Anastasia', 'Duomo', 'AMO', 'Palazzo della Ragione', 'Museo Conte']",Museo Storia,strategy_nearest,False,0.0033211708068847656,success
046EBE429C4C80,0,['Teatro Romano'],Castelvecchio,"['Museo Lapidario', 'Verona Tour', 'Arena', 'Museo Radio', 'San Zeno']",Arena,strategy_nearest,True,0.003039836883544922,success
046ECF429C4C80,2,['Casa Giulietta'],Santa Anastasia,"['AMO', 'Museo Conte', 'Palazzo della Ragione', 'Teatro Romano', 'Centro Fotografia']",Santa Anastasia,strategy_nearest,False,0.003097057342529297,success
046EC43A9C4C80,1,"['Castelvecchio', 'Arena', 'Museo Lapidario', 'San Fermo']",Casa Giulietta,"['Centro Fotografia', 'Sighseeing', 'Torre Lamberti', 'Museo Conte', 'Museo Radio']",Palazzo della Ragione,strategy_nearest,False,0.0026481151580810547,success
046ECA3A9C4C80,0,['Arena'],Teatro Romano,"['Santa Anastasia', 'Duomo', 'AMO', 'Palazzo della Ragione', 'Museo Conte']",Duomo,strategy_nearest,True,0.0020029544830322266,success
046EEC3A9C4C80,3,"['Arena', 'Torre Lamberti']",Duomo,"['AMO', 'Museo Miniscalchi', 'Santa Anastasia', 'Teatro Romano', 'Palazzo della Ragione']",Santa Anastasia,strategy_nearest,True,0.0026149749755859375,success
046ED73A9C4C80,3,"['Casa Giulietta', 'Santa Anastasia', 'Arena', 'Torre Lamberti']",San Fermo,"['Museo Storia', 'Museo Radio', 'Centro Fotografia', 'Sighseeing', 'Museo Conte']",Teatro Romano,strategy_nearest,False,0.0015170574188232422,success
046ED13A9C4C80,3,"['Arena', 'Santa Anastasia']",Tomba Giulietta,"['San Fermo', 'Museo Storia', 'Museo Lapidario', 'Museo Radio', 'Verona Tour']",Castelvecchio,strategy_nearest,False,0.00214385986328125,success
046EED429C4C80,3,"['Arena', 'Museo Lapidario', 'Castelvecchio']",Casa Giulietta,"['Centro Fotografia', 'Sighseeing', 'Torre Lamberti', 'Museo Conte', 'Museo Radio']",Santa Anastasia,strategy_nearest,False,0.0033750534057617188,success
046EF73A9C4C80,0,['Arena'],Casa Giulietta,"['Centro Fotografia', 'Sighseeing', 'Torre Lamberti', 'Museo Conte', 'Museo Radio']",Castelvecchio,strategy_nearest,False,0.0016410350799560547,success
046F0F429C4C80,3,"['Arena', 'Santa Anastasia', 'Castelvecchio']",San Zeno,"['Verona Tour', 'Museo Lapidario', 'Museo Miniscalchi', 'Sighseeing', 'Museo Radio']",Torre Lamberti,strategy_nearest,False,0.0025339126586914062,success
046EFE3A9C4C80,0,['Arena'],Duomo,"['AMO', 'Museo Miniscalchi', 'Santa Anastasia', 'Teatro Romano', 'Palazzo della Ragione']",Castelvecchio,strategy_nearest,False,0.003437042236328125,success
046F114A9C4C80,3,"['Arena', 'Castelvecchio']",Casa Giulietta,"['Centro Fotografia', 'Sighseeing', 'Torre Lamberti', 'Museo Conte', 'Museo Radio']",Santa Anastasia,strategy_nearest,False,0.003092050552368164,success
046F14429C4C80,1,"['Arena', 'Museo Lapidario', 'Castelvecchio', 'San Zeno']",Santa Anastasia,"['AMO', 'Museo Conte', 'Palazzo della Ragione', 'Teatro Romano', 'Centro Fotografia']",Duomo,strategy_nearest,False,0.003057718276977539,success
046F19429C4C80,0,"['Arena', 'Casa Giulietta']",San Fermo,"['Museo Storia', 'Museo Radio', 'Centro Fotografia', 'Sighseeing', 'Torre Lamberti']",Teatro Romano,strategy_nearest,False,0.0026378631591796875,success
046F1A4A9C4C80,3,"['San Zeno', 'Teatro Romano', 'Santa Anastasia', 'Torre Lamberti']",Castelvecchio,"['Museo Lapidario', 'Verona Tour', 'Arena', 'Museo Radio', 'Sighseeing']",Arena,strategy_nearest,True,0.0031991004943847656,success
046F1B429C4C84,3,"['Arena', 'Museo Lapidario', 'Castelvecchio']",Santa Anastasia,"['AMO', 'Museo Conte', 'Palazzo della Ragione', 'Teatro Romano', 'Centro Fotografia']",Teatro Romano,strategy_nearest,True,0.0031778812408447266,success
046F283A9C4C80,1,"['Arena', 'Arena', 'Casa Giulietta', 'Palazzo della Ragione']",Torre Lamberti,"['Sighseeing', 'Centro Fotografia', 'Museo Conte', 'AMO', 'Museo Miniscalchi']",Santa Anastasia,strategy_nearest,False,0.0018491744995117188,success
046F26429C4C84,2,"['Santa Anastasia', 'Teatro Romano']",Torre Lamberti,"['Sighseeing', 'Centro Fotografia', 'Museo Conte', 'Casa Giulietta', 'Palazzo della Ragione']",Casa Giulietta,strategy_nearest,True,0.0033190250396728516,success
046F213A9C4C84,0,['Arena'],Casa Giulietta,"['Centro Fotografia', 'Sighseeing', 'Torre Lamberti', 'Museo Conte', 'Museo Radio']",Torre Lamberti,strategy_nearest,True,0.002672910690307617,success
046F294A9C4C80,1,"['Tomba Giulietta', 'Castelvecchio', 'Arena']",Torre Lamberti,"['Sighseeing', 'Centro Fotografia', 'Museo Conte', 'Casa Giulietta', 'Palazzo della Ragione']",Palazzo della Ragione,strategy_nearest,True,0.002897977828979492,success
046F2B429C4C80,3,"['Arena', 'Casa Giulietta']",Santa Anastasia,"['AMO', 'Museo Conte', 'Palazzo della Ragione', 'Teatro Romano', 'Centro Fotografia']",Duomo,strategy_nearest,False,0.0016281604766845703,success
046F2F4A9C4C80,3,"['Arena', 'Duomo', 'Santa Anastasia', 'Teatro Romano']",San Fermo,"['Museo Storia', 'Museo Radio', 'Casa Giulietta', 'Centro Fotografia', 'Sighseeing']",Tomba Giulietta,strategy_nearest,False,0.002499103546142578,success
046F2C429C4C80,3,"['Arena', 'Casa Giulietta']",Torre Lamberti,"['Sighseeing', 'Centro Fotografia', 'Museo Conte', 'Palazzo della Ragione', 'AMO']",Santa Anastasia,strategy_nearest,False,0.002610921859741211,success
046F30429C4C80,0,"['Casa Giulietta', 'Duomo']",Arena,"['Verona Tour', 'Museo Lapidario', 'Museo Radio', 'San Fermo', 'Sighseeing']",Castelvecchio,strategy_nearest,False,0.0031032562255859375,success
046F3B3A9C4C80,3,"['Casa Giulietta', 'Santa Anastasia', 'Duomo', 'Arena']",Castelvecchio,"['Museo Lapidario', 'Verona Tour', 'Museo Radio', 'San Zeno', 'Sighseeing']",San Zeno,strategy_nearest,True,0.004187822341918945,success
046F3C429C4C80,3,['Arena'],Torre Lamberti,"['Sighseeing', 'Centro Fotografia', 'Museo Conte', 'Casa Giulietta', 'Palazzo della Ragione']",Casa Giulietta,strategy_nearest,True,0.0033888816833496094,success
046F3D4A9C4C80,1,"['Arena', 'Museo Lapidario']",Tomba Giulietta,"['San Fermo', 'Museo Storia', 'Museo Radio', 'Verona Tour', 'Casa Giulietta']",San Fermo,strategy_nearest,True,0.001474142074584961,success
046F493A9C4C80,2,['Castelvecchio'],Santa Anastasia,"['AMO', 'Museo Conte', 'Palazzo della Ragione', 'Teatro Romano', 'Centro Fotografia']",Duomo,strategy_nearest,False,0.0032939910888671875,success
046F4A429C4C80,2,"['San Fermo', 'Teatro Romano']",Duomo,"['AMO', 'Museo Miniscalchi', 'Santa Anastasia', 'Palazzo della Ragione', 'Museo Conte']",Santa Anastasia,strategy_nearest,True,0.004585981369018555,success
046F4D3A9C4C80,0,"['Arena', 'Museo Lapidario']",Castelvecchio,"['Verona Tour', 'Museo Radio', 'San Zeno', 'Sighseeing', 'Museo Miniscalchi']",Casa Giulietta,strategy_nearest,False,0.0021140575408935547,success
046F59429C4C80,1,"['Arena', 'Torre Lamberti']",Palazzo della Ragione,"['AMO', 'Museo Conte', 'Centro Fotografia', 'Sighseeing', 'Santa Anastasia']",Castelvecchio,strategy_nearest,False,0.0026428699493408203,success
046F4B3A9C4C80,2,"['Casa Giulietta', 'Duomo']",Santa Anastasia,"['AMO', 'Museo Conte', 'Palazzo della Ragione', 'Teatro Romano', 'Centro Fotografia']",Torre Lamberti,strategy_nearest,False,0.0015716552734375,success
046F6D429C4C80,0,['Arena'],San Fermo,"['Museo Storia', 'Museo Radio', 'Casa Giulietta', 'Centro Fotografia', 'Sighseeing']",Teatro Romano,strategy_nearest,False,0.0011849403381347656,success
046F6A3A9C4C80,2,['Casa Giulietta'],Torre Lamberti,"['Sighseeing', 'Centro Fotografia', 'Museo Conte', 'Palazzo della Ragione', 'AMO']",Castelvecchio,strategy_nearest,False,0.0020570755004882812,success
046F6B429C4C80,3,['Torre Lamberti'],Arena,"['Verona Tour', 'Museo Lapidario', 'Museo Radio', 'San Fermo', 'Casa Giulietta']",Teatro Romano,strategy_nearest,False,0.002953052520751953,success
046F753A9C4C80,3,"['Arena', 'Casa Giulietta']",Torre Lamberti,"['Sighseeing', 'Centro Fotografia', 'Museo Conte', 'Palazzo della Ragione', 'AMO']",Santa Anastasia,strategy_nearest,False,0.003482818603515625,success
046F78429C4C80,0,"['Arena', 'Castelvecchio']",Casa Giulietta,"['Centro Fotografia', 'Sighseeing', 'Torre Lamberti', 'Museo Conte', 'Museo Radio']",Teatro Romano,strategy_nearest,False,0.002473115921020508,success
046F7C3A9C4C80,2,['Castelvecchio'],San Zeno,"['Verona Tour', 'Museo Lapidario', 'Arena', 'Museo Miniscalchi', 'Sighseeing']",Teatro Romano,strategy_nearest,False,0.0029659271240234375,success
046F83429C4C80,0,"['Casa Giulietta', 'Torre Lamberti']",Arena,"['Verona Tour', 'Museo Lapidario', 'Museo Radio', 'San Fermo', 'Sighseeing']",Tomba Giulietta,strategy_nearest,False,0.002549886703491211,success
046F7F429C4C80,3,['Arena'],Torre Lamberti,"['Sighseeing', 'Centro Fotografia', 'Museo Conte', 'Casa Giulietta', 'Palazzo della Ragione']",Casa Giulietta,strategy_nearest,True,0.00335693359375,success
046F86429C4C80,0,['Arena'],Duomo,"['AMO', 'Museo Miniscalchi', 'Santa Anastasia', 'Teatro Romano', 'Palazzo della Ragione']",Teatro Romano,strategy_nearest,True,0.0023908615112304688,success
046F873A9C4C80,0,['Arena'],Teatro Romano,"['Santa Anastasia', 'Duomo', 'AMO', 'Palazzo della Ragione', 'Museo Conte']",Duomo,strategy_nearest,True,0.003059864044189453,success
046F8F4A9C4C80,3,"['Arena', 'Casa Giulietta']",Santa Anastasia,"['AMO', 'Museo Conte', 'Palazzo della Ragione', 'Teatro Romano', 'Centro Fotografia']",Duomo,strategy_nearest,False,0.003203153610229492,success
046F8D4A9C4C80,3,"['Teatro Romano', 'Giardino Giusti']",San Fermo,"['Museo Storia', 'Museo Radio', 'Casa Giulietta', 'Centro Fotografia', 'Arena']",Torre Lamberti,strategy_nearest,False,0.0025680065155029297,success
046FA04A9C4C80,0,['Arena'],Castelvecchio,"['Museo Lapidario', 'Verona Tour', 'Museo Radio', 'San Zeno', 'Sighseeing']",Casa Giulietta,strategy_nearest,False,0.002936124801635742,success
046F954A9C4C80,1,"['Arena', 'Casa Giulietta', 'Torre Lamberti']",Palazzo della Ragione,"['AMO', 'Museo Conte', 'Centro Fotografia', 'Sighseeing', 'Santa Anastasia']",Santa Anastasia,strategy_nearest,True,0.002564668655395508,success
046FA3429C4C80,0,['Arena'],Casa Giulietta,"['Centro Fotografia', 'Sighseeing', 'Torre Lamberti', 'Museo Conte', 'Museo Radio']",Santa Anastasia,strategy_nearest,False,0.0027887821197509766,success
046FAC3A9C4C80,0,"['Arena', 'Museo Lapidario']",Castelvecchio,"['Verona Tour', 'Museo Radio', 'San Zeno', 'Sighseeing', 'Museo Miniscalchi']",Teatro Romano,strategy_nearest,False,0.002056121826171875,success
046FA7429C4C80,3,['Arena'],Torre Lamberti,"['Sighseeing', 'Centro Fotografia', 'Museo Conte', 'Casa Giulietta', 'Palazzo della Ragione']",Casa Giulietta,strategy_nearest,True,0.003948211669921875,success
046FAB3A9C4C80,0,['Arena'],Castelvecchio,"['Museo Lapidario', 'Verona Tour', 'Museo Radio', 'San Zeno', 'Sighseeing']",Casa Giulietta,strategy_nearest,False,0.0027637481689453125,success
046FAD3A9C4C80,0,['Arena'],Torre Lamberti,"['Sighseeing', 'Centro Fotografia', 'Museo Conte', 'Casa Giulietta', 'Palazzo della Ragione']",Casa Giulietta,strategy_nearest,True,0.0022208690643310547,success
046FAF3A9C4C80,1,"['Tomba Giulietta', 'Arena', 'Casa Giulietta']",Palazzo della Ragione,"['AMO', 'Museo Conte', 'Torre Lamberti', 'Centro Fotografia', 'Sighseeing']",Duomo,strategy_nearest,False,0.0015897750854492188,success
046FB1429C4C80,3,"['Arena', 'Torre Lamberti']",Santa Anastasia,"['AMO', 'Museo Conte', 'Palazzo della Ragione', 'Teatro Romano', 'Centro Fotografia']",Duomo,strategy_nearest,False,0.0026018619537353516,success
046FB0429C4C80,0,['Arena'],Torre Lamberti,"['Sighseeing', 'Centro Fotografia', 'Museo Conte', 'Casa Giulietta', 'Palazzo della Ragione']",Teatro Romano,strategy_nearest,False,0.003453969955444336,success
046FC2429C4C80,0,['Arena'],Torre Lamberti,"['Sighseeing', 'Centro Fotografia', 'Museo Conte', 'Casa Giulietta', 'Palazzo della Ragione']",Castelvecchio,strategy_nearest,False,0.0031900405883789062,success
046FBD3A9C4C80,0,['Arena'],Castelvecchio,"['Museo Lapidario', 'Verona Tour', 'Museo Radio', 'San Zeno', 'Sighseeing']",Casa Giulietta,strategy_nearest,False,0.0034470558166503906,success
046FC13A9C4C80,1,"['Arena', 'Palazzo della Ragione']",Torre Lamberti,"['Sighseeing', 'Centro Fotografia', 'Museo Conte', 'Casa Giulietta', 'AMO']",Santa Anastasia,strategy_nearest,False,0.0022199153900146484,success
046FC23A9C4C80,0,['Arena'],Casa Giulietta,"['Centro Fotografia', 'Sighseeing', 'Torre Lamberti', 'Museo Conte', 'Museo Radio']",Torre Lamberti,strategy_nearest,True,0.002090930938720703,success
046FDF3A9C4C80,0,['Arena'],Castelvecchio,"['Museo Lapidario', 'Verona Tour', 'Museo Radio', 'San Zeno', 'Sighseeing']",Duomo,strategy_nearest,False,0.001996755599975586,success
046FC93A9C4C80,2,['Castelvecchio'],Palazzo della Ragione,"['AMO', 'Museo Conte', 'Torre Lamberti', 'Centro Fotografia', 'Sighseeing']",Torre Lamberti,strategy_nearest,True,0.0027451515197753906,success
046FD8429C4C80,2,['Torre Lamberti'],Santa Anastasia,"['AMO', 'Museo Conte', 'Palazzo della Ragione', 'Teatro Romano', 'Centro Fotografia']",Giardino Giusti,strategy_nearest,False,0.0014600753784179688,success
046FD43A9C4C80,2,['Casa Giulietta'],Torre Lamberti,"['Sighseeing', 'Centro Fotografia', 'Museo Conte', 'Palazzo della Ragione', 'AMO']",Castelvecchio,strategy_nearest,False,0.0033180713653564453,success
0470023A9C4C84,0,['Castelvecchio'],Casa Giulietta,"['Centro Fotografia', 'Sighseeing', 'Torre Lamberti', 'Museo Conte', 'Museo Radio']",Arena,strategy_nearest,False,0.0019991397857666016,success
046FF53A9C4C80,0,['Casa Giulietta'],Torre Lamberti,"['Sighseeing', 'Centro Fotografia', 'Museo Conte', 'Palazzo della Ragione', 'AMO']",Teatro Romano,strategy_nearest,False,0.0027399063110351562,success
046FF5429C4C80,0,['Castelvecchio'],Giardino Giusti,"['Santa Anastasia', 'Teatro Romano', 'Museo Conte', 'Centro Fotografia', 'Museo Storia']",San Zeno,strategy_nearest,False,0.0033910274505615234,success
046FE6429C4C80,3,"['Arena', 'Museo Lapidario', 'Castelvecchio', 'Torre Lamberti']",Casa Giulietta,"['Centro Fotografia', 'Sighseeing', 'Museo Conte', 'Museo Radio', 'Palazzo della Ragione']",Duomo,strategy_nearest,False,0.0015571117401123047,success
047010429C4C84,3,"['Casa Giulietta', 'Torre Lamberti', 'San Fermo', 'Tomba Giulietta', 'Arena']",Museo Lapidario,"['Verona Tour', 'Castelvecchio', 'Museo Radio', 'Sighseeing', 'Centro Fotografia']",Castelvecchio,strategy_nearest,True,0.0026209354400634766,success
0470153A9C4C80,0,['Arena'],Casa Giulietta,"['Centro Fotografia', 'Sighseeing', 'Torre Lamberti', 'Museo Conte', 'Museo Radio']",Teatro Romano,strategy_nearest,False,0.0014190673828125,success
04700E429C4C84,0,['Casa Giulietta'],Arena,"['Verona Tour', 'Museo Lapidario', 'Museo Radio', 'San Fermo', 'Sighseeing']",Castelvecchio,strategy_nearest,False,0.0039789676666259766,success
04700F429C4C84,0,['Casa Giulietta'],Teatro Romano,"['Santa Anastasia', 'Duomo', 'AMO', 'Palazzo della Ragione', 'Museo Conte']",Castelvecchio,strategy_nearest,False,0.002733945846557617,success
04701A429C4C80,3,['Arena'],Torre Lamberti,"['Sighseeing', 'Centro Fotografia', 'Museo Conte', 'Casa Giulietta', 'Palazzo della Ragione']",Santa Anastasia,strategy_nearest,False,0.0015141963958740234,success
047018429C4C80,0,['Arena'],Casa Giulietta,"['Centro Fotografia', 'Sighseeing', 'Torre Lamberti', 'Museo Conte', 'Museo Radio']",Torre Lamberti,strategy_nearest,True,0.002820253372192383,success
0470154A9C4C80,0,['Teatro Romano'],Casa Giulietta,"['Centro Fotografia', 'Sighseeing', 'Torre Lamberti', 'Museo Conte', 'Museo Radio']",Arena,strategy_nearest,False,0.003576040267944336,success
04701F3A9C4C80,3,"['Arena', 'Casa Giulietta']",Torre Lamberti,"['Sighseeing', 'Centro Fotografia', 'Museo Conte', 'Palazzo della Ragione', 'AMO']",Santa Anastasia,strategy_nearest,False,0.002110004425048828,success
0470213A9C4C84,0,['Arena'],Castelvecchio,"['Museo Lapidario', 'Verona Tour', 'Museo Radio', 'San Zeno', 'Sighseeing']",San Zeno,strategy_nearest,True,0.0012469291687011719,success
0470203A9C4C80,2,['Casa Giulietta'],Duomo,"['AMO', 'Museo Miniscalchi', 'Santa Anastasia', 'Teatro Romano', 'Palazzo della Ragione']",Castelvecchio,strategy_nearest,False,0.0031299591064453125,success
0470253A9C4C80,3,['Arena'],Santa Anastasia,"['AMO', 'Museo Conte', 'Palazzo della Ragione', 'Teatro Romano', 'Centro Fotografia']",Teatro Romano,strategy_nearest,True,0.0034019947052001953,success
04701F429C4C84,1,"['Castelvecchio', 'Arena', 'Casa Giulietta']",Torre Lamberti,"['Sighseeing', 'Centro Fotografia', 'Museo Conte', 'Palazzo della Ragione', 'AMO']",Palazzo della Ragione,strategy_nearest,True,0.0026040077209472656,success
047032429C4C80,3,"['Castelvecchio', 'San Zeno']",Arena,"['Verona Tour', 'Museo Lapidario', 'Museo Radio', 'San Fermo', 'Casa Giulietta']",Torre Lamberti,strategy_nearest,False,0.002042055130004883,success
04702F3A9C4C80,3,"['Castelvecchio', 'Santa Anastasia']",Duomo,"['AMO', 'Museo Miniscalchi', 'Teatro Romano', 'Palazzo della Ragione', 'Museo Conte']",Arena,strategy_nearest,False,0.002727031707763672,success
0470333A9C4C80,3,"['Arena', 'Museo Lapidario', 'Castelvecchio']",Teatro Romano,"['Santa Anastasia', 'Duomo', 'AMO', 'Palazzo della Ragione', 'Museo Conte']",Duomo,strategy_nearest,True,0.0023381710052490234,success
0470344A9C4C80,1,"['Casa Giulietta', 'Santa Anastasia', 'Duomo', 'Arena', 'Museo Lapidario']",Teatro Romano,"['AMO', 'Palazzo della Ragione', 'Museo Conte', 'Centro Fotografia', 'Museo Miniscalchi']",Giardino Giusti,strategy_nearest,False,0.002393960952758789,success
0470364A9C4C80,3,"['Duomo', 'Torre Lamberti', 'Santa Anastasia']",San Fermo,"['Museo Storia', 'Museo Radio', 'Casa Giulietta', 'Centro Fotografia', 'Arena']",Tomba Giulietta,strategy_nearest,False,0.0026247501373291016,success
04703B429C4C80,0,['Casa Giulietta'],San Fermo,"['Museo Storia', 'Museo Radio', 'Centro Fotografia', 'Arena', 'Sighseeing']",Arena,strategy_nearest,True,0.0031375885009765625,success
047039429C4C80,0,['Arena'],Duomo,"['AMO', 'Museo Miniscalchi', 'Santa Anastasia', 'Teatro Romano', 'Palazzo della Ragione']",Teatro Romano,strategy_nearest,True,0.003371000289916992,success
0470503A9C4C80,3,"['Castelvecchio', 'San Zeno']",Arena,"['Verona Tour', 'Museo Lapidario', 'Museo Radio', 'San Fermo', 'Casa Giulietta']",Duomo,strategy_nearest,False,0.002552032470703125,success
04703D429C4C80,2,['Casa Giulietta'],Torre Lamberti,"['Sighseeing', 'Centro Fotografia', 'Museo Conte', 'Palazzo della Ragione', 'AMO']",Santa Anastasia,strategy_nearest,False,0.002435922622680664,success
047049429C4C80,3,"['Arena', 'Casa Giulietta']",Santa Anastasia,"['AMO', 'Museo Conte', 'Palazzo della Ragione', 'Teatro Romano', 'Centro Fotografia']",Torre Lamberti,strategy_nearest,False,0.0025930404663085938,success
0470543A9C4C80,0,['Arena'],Casa Giulietta,"['Centro Fotografia', 'Sighseeing', 'Torre Lamberti', 'Museo Conte', 'Museo Radio']",San Fermo,strategy_nearest,False,0.0032341480255126953,success
0470593A9C4C80,3,"['Casa Giulietta', 'Teatro Romano']",Duomo,"['AMO', 'Museo Miniscalchi', 'Santa Anastasia', 'Palazzo della Ragione', 'Museo Conte']",Arena,strategy_nearest,False,0.0019540786743164062,success
047058429C4C80,2,['Duomo'],Castelvecchio,"['Museo Lapidario', 'Verona Tour', 'Arena', 'Museo Radio', 'San Zeno']",San Zeno,strategy_nearest,True,0.002665996551513672,success
0470573A9C4C80,1,"['Duomo', 'Arena', 'San Fermo']",Torre Lamberti,"['Sighseeing', 'Centro Fotografia', 'Museo Conte', 'Casa Giulietta', 'Palazzo della Ragione']",Palazzo della Ragione,strategy_nearest,True,0.0034737586975097656,success
04706C429C4C80,2,"['Santa Anastasia', 'Duomo']",Teatro Romano,"['AMO', 'Palazzo della Ragione', 'Museo Conte', 'Centro Fotografia', 'Museo Miniscalchi']",Torre Lamberti,strategy_nearest,False,0.001977682113647461,success
0470793A9C4C80,3,['Arena'],Santa Anastasia,"['AMO', 'Museo Conte', 'Palazzo della Ragione', 'Teatro Romano', 'Centro Fotografia']",Duomo,strategy_nearest,False,0.0025222301483154297,success
0470613A9C4C80,0,"['Torre Lamberti', 'Casa Giulietta', 'Castelvecchio']",San Fermo,"['Museo Storia', 'Museo Radio', 'Centro Fotografia', 'Arena', 'Sighseeing']",Arena,strategy_nearest,True,0.00337982177734375,success
04707A3A9C4C80,0,['Arena'],Santa Anastasia,"['AMO', 'Museo Conte', 'Palazzo della Ragione', 'Teatro Romano', 'Centro Fotografia']",Casa Giulietta,strategy_nearest,False,0.003396749496459961,success
047087429C4C80,2,['Giardino Giusti'],Casa Giulietta,"['Centro Fotografia', 'Sighseeing', 'Torre Lamberti', 'Museo Conte', 'Museo Radio']",Castelvecchio,strategy_nearest,False,0.0024688243865966797,success
04707A4A9C4C80,0,['Arena'],Casa Giulietta,"['Centro Fotografia', 'Sighseeing', 'Torre Lamberti', 'Museo Conte', 'Museo Radio']",Duomo,strategy_nearest,False,0.002216815948486328,success
0470874A9C4C80,1,"['Arena', 'Casa Giulietta', 'Torre Lamberti']",Palazzo della Ragione,"['AMO', 'Museo Conte', 'Centro Fotografia', 'Sighseeing', 'Santa Anastasia']",Santa Anastasia,strategy_nearest,True,0.0024650096893310547,success
04707C4A9C4C80,0,['Castelvecchio'],Casa Giulietta,"['Centro Fotografia', 'Sighseeing', 'Torre Lamberti', 'Museo Conte', 'Museo Radio']",San Fermo,strategy_nearest,False,0.00244903564453125,success
04709C4A9C4C80,3,"['Arena', 'Casa Giulietta']",Torre Lamberti,"['Sighseeing', 'Centro Fotografia', 'Museo Conte', 'Palazzo della Ragione', 'AMO']",Santa Anastasia,strategy_nearest,False,0.0013089179992675781,success
047088429C4C80,3,"['Arena', 'Casa Giulietta']",Torre Lamberti,"['Sighseeing', 'Centro Fotografia', 'Museo Conte', 'Palazzo della Ragione', 'AMO']",Santa Anastasia,strategy_nearest,False,0.0026702880859375,success
04709D4A9C4C80,0,"['Museo Lapidario', 'Arena']",Casa Giulietta,"['Centro Fotografia', 'Sighseeing', 'Torre Lamberti', 'Museo Conte', 'Museo Radio']",Torre Lamberti,strategy_nearest,True,0.002880096435546875,success
04709E4A9C4C80,2,['Casa Giulietta'],Torre Lamberti,"['Sighseeing', 'Centro Fotografia', 'Museo Conte', 'Palazzo della Ragione', 'AMO']",Santa Anastasia,strategy_nearest,False,0.0033419132232666016,success
0470BC3A9C4C80,3,"['Torre Lamberti', 'Teatro Romano']",Santa Anastasia,"['AMO', 'Museo Conte', 'Palazzo della Ragione', 'Centro Fotografia', 'Duomo']",Casa Giulietta,strategy_nearest,False,0.002006053924560547,success
0470AC3A9C4C80,3,['Castelvecchio'],Arena,"['Verona Tour', 'Museo Lapidario', 'Museo Radio', 'San Fermo', 'Casa Giulietta']",Torre Lamberti,strategy_nearest,False,0.0020918846130371094,success
0470BF429C4C80,0,['Arena'],Teatro Romano,"['Santa Anastasia', 'Duomo', 'AMO', 'Palazzo della Ragione', 'Museo Conte']",Castelvecchio,strategy_nearest,False,0.002569913864135742,success
0470A04A9C4C80,2,['Castelvecchio'],San Fermo,"['Museo Storia', 'Museo Radio', 'Casa Giulietta', 'Centro Fotografia', 'Arena']",Tomba Giulietta,strategy_nearest,False,0.004742145538330078,success
0470C03A9C4C80,3,"['Tomba Giulietta', 'Arena', 'Casa Giulietta']",Torre Lamberti,"['Sighseeing', 'Centro Fotografia', 'Museo Conte', 'Palazzo della Ragione', 'AMO']",Santa Anastasia,strategy_nearest,False,0.002521038055419922,success
0470D13A9C4C80,2,['Duomo'],Castelvecchio,"['Museo Lapidario', 'Verona Tour', 'Arena', 'Museo Radio', 'San Zeno']",Torre Lamberti,strategy_nearest,False,0.002086162567138672,success
0470C43A9C4C80,3,['Arena'],Torre Lamberti,"['Sighseeing', 'Centro Fotografia', 'Museo Conte', 'Casa Giulietta', 'Palazzo della Ragione']",Duomo,strategy_nearest,False,0.003039121627807617,success
0470F03A9C4C80,0,['Arena'],Museo Lapidario,"['Verona Tour', 'Castelvecchio', 'Museo Radio', 'San Fermo', 'Casa Giulietta']",Castelvecchio,strategy_nearest,True,0.0025148391723632812,success
0470F13A9C4C80,0,"['Arena', 'Casa Giulietta']",Torre Lamberti,"['Sighseeing', 'Centro Fotografia', 'Museo Conte', 'Palazzo della Ragione', 'AMO']",Tomba Giulietta,strategy_nearest,False,0.002405881881713867,success
0470FF3A9C4C80,0,"['Arena', 'Castelvecchio']",Casa Giulietta,"['Centro Fotografia', 'Sighseeing', 'Torre Lamberti', 'Museo Conte', 'Museo Radio']",Duomo,strategy_nearest,False,0.003326892852783203,success
0470FA3A9C4C80,0,['Arena'],Casa Giulietta,"['Centro Fotografia', 'Sighseeing', 'Torre Lamberti', 'Museo Conte', 'Museo Radio']",Torre Lamberti,strategy_nearest,True,0.0028100013732910156,success
047111429C4C84,3,"['Arena', 'Santa Anastasia']",Torre Lamberti,"['Sighseeing', 'Centro Fotografia', 'Museo Conte', 'Casa Giulietta', 'Palazzo della Ragione']",Castelvecchio,strategy_nearest,False,0.0035560131072998047,success
0471123A9C4C80,0,['Arena'],Casa Giulietta,"['Centro Fotografia', 'Sighseeing', 'Torre Lamberti', 'Museo Conte', 'Museo Radio']",Torre Lamberti,strategy_nearest,True,0.002763032913208008,success
0471103A9C4C80,0,"['Arena', 'Casa Giulietta']",Torre Lamberti,"['Sighseeing', 'Centro Fotografia', 'Museo Conte', 'Palazzo della Ragione', 'AMO']",Torre Lamberti,strategy_nearest,False,0.0029659271240234375,success
0471133A9C4C80,0,['Arena'],Casa Giulietta,"['Centro Fotografia', 'Sighseeing', 'Torre Lamberti', 'Museo Conte', 'Museo Radio']",Teatro Romano,strategy_nearest,False,0.0032770633697509766,success
047117429C4C80,3,"['Arena', 'Casa Giulietta']",Santa Anastasia,"['AMO', 'Museo Conte', 'Palazzo della Ragione', 'Teatro Romano', 'Centro Fotografia']",Duomo,strategy_nearest,False,0.0022110939025878906,success
04711C3A9C4C84,3,"['Arena', 'Casa Giulietta']",Torre Lamberti,"['Sighseeing', 'Centro Fotografia', 'Museo Conte', 'Palazzo della Ragione', 'AMO']",Santa Anastasia,strategy_nearest,False,0.002585887908935547,success
0471163A9C4C84,0,"['Arena', 'Casa Giulietta']",Torre Lamberti,"['Sighseeing', 'Centro Fotografia', 'Museo Conte', 'Palazzo della Ragione', 'AMO']",Teatro Romano,strategy_nearest,False,0.004737138748168945,success
047117429C4C84,2,"['Casa Giulietta', 'Torre Lamberti']",Palazzo della Ragione,"['AMO', 'Museo Conte', 'Centro Fotografia', 'Sighseeing', 'Santa Anastasia']",Duomo,strategy_nearest,False,0.002089977264404297,success
047125429C4C84,0,['Torre Lamberti'],Casa Giulietta,"['Centro Fotografia', 'Sighseeing', 'Museo Conte', 'Museo Radio', 'Palazzo della Ragione']",Arena,strategy_nearest,False,0.0019426345825195312,success
04711D3A9C4C80,3,"['Arena', 'Torre Lamberti']",Casa Giulietta,"['Centro Fotografia', 'Sighseeing', 'Museo Conte', 'Museo Radio', 'Palazzo della Ragione']",Teatro Romano,strategy_nearest,False,0.0033721923828125,success
04711D4A9C4C80,2,['San Fermo'],Santa Anastasia,"['AMO', 'Museo Conte', 'Palazzo della Ragione', 'Teatro Romano', 'Centro Fotografia']",San Zeno,strategy_nearest,False,0.002165079116821289,success
0471203A9C4C80,0,['Arena'],Casa Giulietta,"['Centro Fotografia', 'Sighseeing', 'Torre Lamberti', 'Museo Conte', 'Museo Radio']",Torre Lamberti,strategy_nearest,True,0.0033071041107177734,success
047144429C4C80,3,['Arena'],Casa Giulietta,"['Centro Fotografia', 'Sighseeing', 'Torre Lamberti', 'Museo Conte', 'Museo Radio']",Santa Anastasia,strategy_nearest,False,0.0019788742065429688,success
04712E429C4C80,1,"['Duomo', 'Duomo', 'Teatro Romano', 'Santa Anastasia']",Torre Lamberti,"['Sighseeing', 'Centro Fotografia', 'Museo Conte', 'Casa Giulietta', 'Palazzo della Ragione']",Palazzo della Ragione,strategy_nearest,True,0.0027108192443847656,success
0471263A9C4C80,0,['Arena'],Casa Giulietta,"['Centro Fotografia', 'Sighseeing', 'Torre Lamberti', 'Museo Conte', 'Museo Radio']",Giardino Giusti,strategy_nearest,False,0.0015747547149658203,success
04713D4A9C4C80,1,"['Arena', 'Museo Lapidario', 'Tomba Giulietta']",San Fermo,"['Museo Storia', 'Museo Radio', 'Casa Giulietta', 'Centro Fotografia', 'Sighseeing']",Casa Giulietta,strategy_nearest,True,0.003264904022216797,success
0471553A9C4C80,3,"['Torre Lamberti', 'Casa Giulietta']",Arena,"['Verona Tour', 'Museo Lapidario', 'Museo Radio', 'San Fermo', 'Sighseeing']",Castelvecchio,strategy_nearest,False,0.002093076705932617,success
04714F3A9C4C80,1,"['Arena', 'Palazzo della Ragione']",Torre Lamberti,"['Sighseeing', 'Centro Fotografia', 'Museo Conte', 'Casa Giulietta', 'AMO']",Santa Anastasia,strategy_nearest,False,0.0027980804443359375,success
0471573A9C4C80,2,"['San Zeno', 'Duomo']",Santa Anastasia,"['AMO', 'Museo Conte', 'Palazzo della Ragione', 'Teatro Romano', 'Centro Fotografia']",San Fermo,strategy_nearest,False,0.003237009048461914,success
0471493A9C4C80,2,['Castelvecchio'],Santa Anastasia,"['AMO', 'Museo Conte', 'Palazzo della Ragione', 'Teatro Romano', 'Centro Fotografia']",Duomo,strategy_nearest,False,0.0015728473663330078,success
04715D429C4C80,1,"['Arena', 'San Zeno', 'Torre Lamberti']",Palazzo della Ragione,"['AMO', 'Museo Conte', 'Centro Fotografia', 'Sighseeing', 'Santa Anastasia']",Santa Anastasia,strategy_nearest,True,0.0033218860626220703,success
04717C429C4C80,0,['Arena'],Casa Giulietta,"['Centro Fotografia', 'Sighseeing', 'Torre Lamberti', 'Museo Conte', 'Museo Radio']",Castelvecchio,strategy_nearest,False,0.0013699531555175781,success
04716B429C4C80,3,"['Tomba Giulietta', 'Arena']",Museo Lapidario,"['Verona Tour', 'Castelvecchio', 'Museo Radio', 'San Fermo', 'Casa Giulietta']",Castelvecchio,strategy_nearest,True,0.002694845199584961,success
04717E3A9C4C80,3,"['Arena', 'Museo Lapidario', 'Tomba Giulietta']",San Fermo,"['Museo Storia', 'Museo Radio', 'Casa Giulietta', 'Centro Fotografia', 'Sighseeing']",Casa Giulietta,strategy_nearest,True,0.0032629966735839844,success
047185429C4C80,0,['Castelvecchio'],Arena,"['Verona Tour', 'Museo Lapidario', 'Museo Radio', 'San Fermo', 'Casa Giulietta']",Torre Lamberti,strategy_nearest,False,0.0020589828491210938,success
047188429C4C80,3,"['Arena', 'Museo Lapidario', 'Castelvecchio']",San Zeno,"['Verona Tour', 'Museo Miniscalchi', 'Sighseeing', 'Museo Radio', 'Torre Lamberti']",Duomo,strategy_nearest,False,0.0025148391723632812,success
0471814A9C4C80,1,"['Arena', 'Casa Giulietta']",Torre Lamberti,"['Sighseeing', 'Centro Fotografia', 'Museo Conte', 'Palazzo della Ragione', 'AMO']",Palazzo della Ragione,strategy_nearest,True,0.004002809524536133,success
047189429C4C80,3,"['Arena', 'Casa Giulietta']",Santa Anastasia,"['AMO', 'Museo Conte', 'Palazzo della Ragione', 'Teatro Romano', 'Centro Fotografia']",Duomo,strategy_nearest,False,0.0033872127532958984,success
04718F4A9C4C80,2,['Castelvecchio'],Museo Lapidario,"['Verona Tour', 'Arena', 'Museo Radio', 'San Fermo', 'Casa Giulietta']",Casa Giulietta,strategy_nearest,True,0.0020618438720703125,success
04718C4A9C4C80,2,"['Santa Anastasia', 'San Fermo']",Museo Storia,"['Museo Radio', 'Casa Giulietta', 'Centro Fotografia', 'Tomba Giulietta', 'Arena']",Teatro Romano,strategy_nearest,False,0.0027740001678466797,success
04719C4A9C4C80,1,['Arena'],Palazzo della Ragione,"['AMO', 'Museo Conte', 'Torre Lamberti', 'Centro Fotografia', 'Sighseeing']",Teatro Romano,strategy_nearest,False,0.0032029151916503906,success
04719D4A9C4C80,2,['Palazzo della Ragione'],Torre Lamberti,"['Sighseeing', 'Centro Fotografia', 'Museo Conte', 'Casa Giulietta', 'AMO']",Tomba Giulietta,strategy_nearest,False,0.002752065658569336,success
0471A1429C4C80,3,"['Arena', 'Castelvecchio', 'San Zeno']",Casa Giulietta,"['Centro Fotografia', 'Sighseeing', 'Torre Lamberti', 'Museo Conte', 'Museo Radio']",Santa Anastasia,strategy_nearest,False,0.002711057662963867,success
0471A8429C4C80,0,['Arena'],Casa Giulietta,"['Centro Fotografia', 'Sighseeing', 'Torre Lamberti', 'Museo Conte', 'Museo Radio']",Santa Anastasia,strategy_nearest,False,0.001367807388305664,success
0471B2429C4C80,3,"['Arena', 'San Zeno']",Santa Anastasia,"['AMO', 'Museo Conte', 'Palazzo della Ragione', 'Teatro Romano', 'Centro Fotografia']",Duomo,strategy_nearest,False,0.003226041793823242,success
0471B83A9C4C80,3,"['Arena', 'Casa Giulietta']",Torre Lamberti,"['Sighseeing', 'Centro Fotografia', 'Museo Conte', 'Palazzo della Ragione', 'AMO']",Duomo,strategy_nearest,False,0.002732992172241211,success
0471C03A9C4C80,0,['Arena'],Santa Anastasia,"['AMO', 'Museo Conte', 'Palazzo della Ragione', 'Teatro Romano', 'Centro Fotografia']",Casa Giulietta,strategy_nearest,False,0.0014438629150390625,success
0471B3429C4C80,0,"['Arena', 'Casa Giulietta']",Torre Lamberti,"['Sighseeing', 'Centro Fotografia', 'Museo Conte', 'Palazzo della Ragione', 'AMO']",Castelvecchio,strategy_nearest,False,0.0034821033477783203,success
0471CE3A9C4C80,0,"['Museo Lapidario', 'Torre Lamberti']",Casa Giulietta,"['Centro Fotografia', 'Sighseeing', 'Museo Conte', 'Museo Radio', 'Palazzo della Ragione']",San Zeno,strategy_nearest,False,0.003339052200317383,success
0471E83A9C4C80,3,"['Arena', 'San Fermo', 'Casa Giulietta']",Santa Anastasia,"['AMO', 'Museo Conte', 'Palazzo della Ragione', 'Teatro Romano', 'Centro Fotografia']",Duomo,strategy_nearest,False,0.0018198490142822266,success
0471D5429C4C80,0,"['Castelvecchio', 'Arena']",Casa Giulietta,"['Centro Fotografia', 'Sighseeing', 'Torre Lamberti', 'Museo Conte', 'Museo Radio']",Torre Lamberti,strategy_nearest,True,0.0038280487060546875,success
0471DA3A9C4C80,3,"['Casa Giulietta', 'Teatro Romano', 'Castelvecchio']",Duomo,"['AMO', 'Museo Miniscalchi', 'Santa Anastasia', 'Palazzo della Ragione', 'Museo Conte']",Santa Anastasia,strategy_nearest,True,0.0019991397857666016,success
0471F13A9C4C80,3,['Teatro Romano'],Duomo,"['AMO', 'Museo Miniscalchi', 'Santa Anastasia', 'Palazzo della Ragione', 'Museo Conte']",Santa Anastasia,strategy_nearest,True,0.003513813018798828,success
0471FC3A9C4C80,2,"['Torre Lamberti', 'Casa Giulietta']",Teatro Romano,"['Santa Anastasia', 'Duomo', 'AMO', 'Palazzo della Ragione', 'Museo Conte']",Santa Anastasia,strategy_nearest,True,0.0025892257690429688,success
0472033A9C4C84,2,"['Casa Giulietta', 'San Zeno', 'Santa Anastasia']",Palazzo della Ragione,"['AMO', 'Museo Conte', 'Torre Lamberti', 'Centro Fotografia', 'Sighseeing']",Torre Lamberti,strategy_nearest,True,0.0023500919342041016,success
04720B429C4C84,1,"['Arena', 'Casa Giulietta']",Palazzo della Ragione,"['AMO', 'Museo Conte', 'Torre Lamberti', 'Centro Fotografia', 'Sighseeing']",Santa Anastasia,strategy_nearest,False,0.003721952438354492,success
04720F429C4C84,3,"['Arena', 'Santa Anastasia', 'Teatro Romano', 'Giardino Giusti']",Casa Giulietta,"['Centro Fotografia', 'Sighseeing', 'Torre Lamberti', 'Museo Conte', 'Museo Radio']",San Fermo,strategy_nearest,False,0.0017600059509277344,success
04720A429C4C84,0,['Duomo'],Teatro Romano,"['Santa Anastasia', 'AMO', 'Palazzo della Ragione', 'Museo Conte', 'Centro Fotografia']",Arena,strategy_nearest,False,0.003022909164428711,success
04722E3A9C4C80,3,"['Santa Anastasia', 'Duomo']",Teatro Romano,"['AMO', 'Palazzo della Ragione', 'Museo Conte', 'Centro Fotografia', 'Museo Miniscalchi']",Tomba Giulietta,strategy_nearest,False,0.0023758411407470703,success
04721F3A9C4C80,1,"['Museo Lapidario', 'Palazzo della Ragione', 'San Fermo', 'Arena']",Torre Lamberti,"['Sighseeing', 'Centro Fotografia', 'Museo Conte', 'Casa Giulietta', 'AMO']",Duomo,strategy_nearest,False,0.0031719207763671875,success
047221429C4C80,3,"['Arena', 'Museo Lapidario']",Torre Lamberti,"['Sighseeing', 'Centro Fotografia', 'Museo Conte', 'Casa Giulietta', 'Palazzo della Ragione']",Casa Giulietta,strategy_nearest,True,0.0020699501037597656,success
0472263A9C4C80,2,['Castelvecchio'],Casa Giulietta,"['Centro Fotografia', 'Sighseeing', 'Torre Lamberti', 'Museo Conte', 'Museo Radio']",Santa Anastasia,strategy_nearest,False,0.0034651756286621094,success
047237429C4C80,0,['Arena'],Casa Giulietta,"['Centro Fotografia', 'Sighseeing', 'Torre Lamberti', 'Museo Conte', 'Museo Radio']",Torre Lamberti,strategy_nearest,True,0.002665996551513672,success
047235429C4C80,1,['Arena'],Castelvecchio,"['Museo Lapidario', 'Verona Tour', 'Museo Radio', 'San Zeno', 'Sighseeing']",Palazzo della Ragione,strategy_nearest,False,0.0033779144287109375,success
0472334A9C4C80,3,"['Arena', 'Casa Giulietta', 'Torre Lamberti']",Santa Anastasia,"['AMO', 'Museo Conte', 'Palazzo della Ragione', 'Teatro Romano', 'Centro Fotografia']",Museo Lapidario,strategy_nearest,False,0.002032041549682617,success
04723B429C4C80,2,"['Castelvecchio', 'Teatro Romano', 'Torre Lamberti']",Palazzo della Ragione,"['AMO', 'Museo Conte', 'Centro Fotografia', 'Sighseeing', 'Santa Anastasia']",San Zeno,strategy_nearest,False,0.0029129981994628906,success
04723D429C4C80,1,"['Teatro Romano', 'Duomo', 'Santa Anastasia']",Torre Lamberti,"['Sighseeing', 'Centro Fotografia', 'Museo Conte', 'Casa Giulietta', 'Palazzo della Ragione']",Palazzo della Ragione,strategy_nearest,True,0.0027303695678710938,success
04723C4A9C4C80,3,"['Castelvecchio', 'Arena']",Teatro Romano,"['Santa Anastasia', 'Duomo', 'AMO', 'Palazzo della Ragione', 'Museo Conte']",Duomo,strategy_nearest,True,0.002748727798461914,success
047245429C4C80,0,['Casa Giulietta'],Arena,"['Verona Tour', 'Museo Lapidario', 'Museo Radio', 'San Fermo', 'Sighseeing']",Castelvecchio,strategy_nearest,False,0.003229856491088867,success
04723C3A9C4C80,3,"['Casa Giulietta', 'Torre Lamberti']",San Zeno,"['Castelvecchio', 'Verona Tour', 'Museo Lapidario', 'Arena', 'Museo Miniscalchi']",Castelvecchio,strategy_nearest,True,0.002096891403198242,success
047253429C4C80,0,['Tomba Giulietta'],Arena,"['Verona Tour', 'Museo Lapidario', 'Museo Radio', 'San Fermo', 'Casa Giulietta']",Casa Giulietta,strategy_nearest,True,0.0024356842041015625,success
047251429C4C80,1,"['Torre Lamberti', 'San Fermo']",Arena,"['Verona Tour', 'Museo Lapidario', 'Museo Radio', 'Casa Giulietta', 'Sighseeing']",Palazzo della Ragione,strategy_nearest,False,0.0018649101257324219,success
04725F3A9C4C80,3,"['Arena', 'Torre Lamberti']",Casa Giulietta,"['Centro Fotografia', 'Sighseeing', 'Museo Conte', 'Museo Radio', 'Palazzo della Ragione']",Santa Anastasia,strategy_nearest,False,0.0034036636352539062,success
047277429C4C80,3,"['Casa Giulietta', 'Torre Lamberti', 'Arena']",Santa Anastasia,"['AMO', 'Museo Conte', 'Palazzo della Ragione', 'Teatro Romano', 'Centro Fotografia']",Duomo,strategy_nearest,False,0.0027611255645751953,success
04727C4A9C4C80,0,['Arena'],Casa Giulietta,"['Centro Fotografia', 'Sighseeing', 'Torre Lamberti', 'Museo Conte', 'Museo Radio']",Santa Anastasia,strategy_nearest,False,0.0020589828491210938,success
04727B4A9C4C80,0,['Castelvecchio'],Arena,"['Verona Tour', 'Museo Lapidario', 'Museo Radio', 'San Fermo', 'Casa Giulietta']",Casa Giulietta,strategy_nearest,True,0.0023241043090820312,success
04727C429C4C80,0,"['Arena', 'Casa Giulietta']",Teatro Romano,"['Santa Anastasia', 'Duomo', 'AMO', 'Palazzo della Ragione', 'Museo Conte']",Duomo,strategy_nearest,True,0.002819061279296875,success
04727D429C4C80,3,"['Casa Giulietta', 'Santa Anastasia']",Duomo,"['AMO', 'Museo Miniscalchi', 'Teatro Romano', 'Palazzo della Ragione', 'Museo Conte']",Teatro Romano,strategy_nearest,True,0.0034208297729492188,success
047280429C4C80,3,['Casa Giulietta'],Torre Lamberti,"['Sighseeing', 'Centro Fotografia', 'Museo Conte', 'Palazzo della Ragione', 'AMO']",Arena,strategy_nearest,False,0.0024330615997314453,success
047286429C4C80,3,"['Santa Anastasia', 'Duomo', 'Torre Lamberti']",Casa Giulietta,"['Centro Fotografia', 'Sighseeing', 'Museo Conte', 'Museo Radio', 'Palazzo della Ragione']",Castelvecchio,strategy_nearest,False,0.0031850337982177734,success
047288429C4C80,3,"['Arena', 'Casa Giulietta']",Torre Lamberti,"['Sighseeing', 'Centro Fotografia', 'Museo Conte', 'Palazzo della Ragione', 'AMO']",Santa Anastasia,strategy_nearest,False,0.0030510425567626953,success
047287429C4C80,3,['Arena'],Torre Lamberti,"['Sighseeing', 'Centro Fotografia', 'Museo Conte', 'Casa Giulietta', 'Palazzo della Ragione']",Casa Giulietta,strategy_nearest,True,0.0025522708892822266,success
0472984A9C4C80,1,['Arena'],Torre Lamberti,"['Sighseeing', 'Centro Fotografia', 'Museo Conte', 'Casa Giulietta', 'Palazzo della Ragione']",Palazzo della Ragione,strategy_nearest,True,0.0022749900817871094,success
04729F429C4C80,3,"['Arena', 'Casa Giulietta']",Torre Lamberti,"['Sighseeing', 'Centro Fotografia', 'Museo Conte', 'Palazzo della Ragione', 'AMO']",Santa Anastasia,strategy_nearest,False,0.0027582645416259766,success
0472994A9C4C80,3,"['Castelvecchio', 'Arena']",Casa Giulietta,"['Centro Fotografia', 'Sighseeing', 'Torre Lamberti', 'Museo Conte', 'Museo Radio']",Torre Lamberti,strategy_nearest,True,0.003426074981689453,success
0472A63A9C4C80,3,"['Arena', 'Casa Giulietta', 'Santa Anastasia']",Duomo,"['AMO', 'Museo Miniscalchi', 'Teatro Romano', 'Palazzo della Ragione', 'Museo Conte']",Castelvecchio,strategy_nearest,False,0.003155231475830078,success
0472A74A9C4C80,1,"['Tomba Giulietta', 'Arena']",Casa Giulietta,"['Centro Fotografia', 'Sighseeing', 'Torre Lamberti', 'Museo Conte', 'Museo Radio']",Palazzo della Ragione,strategy_nearest,False,0.0028791427612304688,success
0472A93A9C4C80,3,"['Arena', 'Torre Lamberti']",Casa Giulietta,"['Centro Fotografia', 'Sighseeing', 'Museo Conte', 'Museo Radio', 'Palazzo della Ragione']",Santa Anastasia,strategy_nearest,False,0.0025839805603027344,success
0472BA429C4C80,0,['Arena'],Casa Giulietta,"['Centro Fotografia', 'Sighseeing', 'Torre Lamberti', 'Museo Conte', 'Museo Radio']",Torre Lamberti,strategy_nearest,True,0.0016927719116210938,success
0472B3429C4C80,0,['Arena'],Casa Giulietta,"['Centro Fotografia', 'Sighseeing', 'Torre Lamberti', 'Museo Conte', 'Museo Radio']",San Zeno,strategy_nearest,False,0.0034050941467285156,success
0472BB429C4C80,3,['Arena'],Santa Anastasia,"['AMO', 'Museo Conte', 'Palazzo della Ragione', 'Teatro Romano', 'Centro Fotografia']",San Fermo,strategy_nearest,False,0.0030248165130615234,success
0472C0429C4C80,0,['Arena'],Casa Giulietta,"['Centro Fotografia', 'Sighseeing', 'Torre Lamberti', 'Museo Conte', 'Museo Radio']",Torre Lamberti,strategy_nearest,True,0.0025620460510253906,success
0472C53A9C4C80,3,"['Castelvecchio', 'Arena']",San Fermo,"['Museo Storia', 'Museo Radio', 'Casa Giulietta', 'Centro Fotografia', 'Sighseeing']",Casa Giulietta,strategy_nearest,True,0.003075838088989258,success
0472C2429C4C80,0,['Arena'],Teatro Romano,"['Santa Anastasia', 'Duomo', 'AMO', 'Palazzo della Ragione', 'Museo Conte']",Giardino Giusti,strategy_nearest,False,0.0026187896728515625,success
0472D7429C4C80,3,"['Arena', 'Casa Giulietta']",Duomo,"['AMO', 'Museo Miniscalchi', 'Santa Anastasia', 'Teatro Romano', 'Palazzo della Ragione']",Teatro Romano,strategy_nearest,True,0.002019166946411133,success
0472D53A9C4C80,2,"['Teatro Romano', 'Torre Lamberti']",Palazzo della Ragione,"['AMO', 'Museo Conte', 'Centro Fotografia', 'Sighseeing', 'Santa Anastasia']",Santa Anastasia,strategy_nearest,True,0.0039000511169433594,success
0472D63A9C4C80,1,"['Casa Giulietta', 'Palazzo della Ragione', 'Torre Lamberti', 'San Fermo']",Santa Anastasia,"['AMO', 'Museo Conte', 'Teatro Romano', 'Centro Fotografia', 'Duomo']",Duomo,strategy_nearest,True,0.0032579898834228516,success
0472D33A9C4C80,1,"['Arena', 'Santa Anastasia']",Casa Giulietta,"['Centro Fotografia', 'Sighseeing', 'Torre Lamberti', 'Museo Conte', 'Museo Radio']",Torre Lamberti,strategy_nearest,True,0.0028128623962402344,success
0472F53A9C4C80,1,"['Arena', 'San Fermo', 'Casa Giulietta', 'Torre Lamberti']",Palazzo della Ragione,"['AMO', 'Museo Conte', 'Centro Fotografia', 'Sighseeing', 'Santa Anastasia']",Santa Anastasia,strategy_nearest,True,0.0026807785034179688,success
0472EF3A9C4C80,3,['Arena'],Casa Giulietta,"['Centro Fotografia', 'Sighseeing', 'Torre Lamberti', 'Museo Conte', 'Museo Radio']",Santa Anastasia,strategy_nearest,False,0.0033142566680908203,success
0472F73A9C4C80,3,"['Arena', 'Casa Giulietta']",Torre Lamberti,"['Sighseeing', 'Centro Fotografia', 'Museo Conte', 'Palazzo della Ragione', 'AMO']",Santa Anastasia,strategy_nearest,False,0.0032351016998291016,success
0472F43A9C4C80,3,"['Arena', 'Castelvecchio']",Teatro Romano,"['Santa Anastasia', 'Duomo', 'AMO', 'Palazzo della Ragione', 'Museo Conte']",Tomba Giulietta,strategy_nearest,False,0.0011641979217529297,success
0473013A9C4C84,2,['Castelvecchio'],Torre Lamberti,"['Sighseeing', 'Centro Fotografia', 'Museo Conte', 'Casa Giulietta', 'Palazzo della Ragione']",Duomo,strategy_nearest,False,0.002162933349609375,success
0473003A9C4C84,0,['Arena'],Teatro Romano,"['Santa Anastasia', 'Duomo', 'AMO', 'Palazzo della Ragione', 'Museo Conte']",Duomo,strategy_nearest,True,0.001583099365234375,success
0472F83A9C4C80,3,['Arena'],Casa Giulietta,"['Centro Fotografia', 'Sighseeing', 'Torre Lamberti', 'Museo Conte', 'Museo Radio']",Santa Anastasia,strategy_nearest,False,0.004083871841430664,success
04730C3A9C4C84,0,"['Arena', 'Museo Lapidario']",Castelvecchio,"['Verona Tour', 'Museo Radio', 'San Zeno', 'Sighseeing', 'Museo Miniscalchi']",Teatro Romano,strategy_nearest,False,0.0026612281799316406,success
0473124A9C4C80,3,"['Arena', 'Duomo']",Santa Anastasia,"['AMO', 'Museo Conte', 'Palazzo della Ragione', 'Teatro Romano', 'Centro Fotografia']",Torre Lamberti,strategy_nearest,False,0.0037627220153808594,success
04731F429C4C84,0,"['Arena', 'Casa Giulietta']",Duomo,"['AMO', 'Museo Miniscalchi', 'Santa Anastasia', 'Teatro Romano', 'Palazzo della Ragione']",San Zeno,strategy_nearest,False,0.002989053726196289,success
0473143A9C4C80,0,['Arena'],Casa Giulietta,"['Centro Fotografia', 'Sighseeing', 'Torre Lamberti', 'Museo Conte', 'Museo Radio']",Santa Anastasia,strategy_nearest,False,0.0013489723205566406,success
04731B3A9C4C80,3,"['Arena', 'Castelvecchio']",Torre Lamberti,"['Sighseeing', 'Centro Fotografia', 'Museo Conte', 'Casa Giulietta', 'Palazzo della Ragione']",Casa Giulietta,strategy_nearest,True,0.0018620491027832031,success
047320429C4C84,3,"['Teatro Romano', 'Duomo', 'Santa Anastasia']",Torre Lamberti,"['Sighseeing', 'Centro Fotografia', 'Museo Conte', 'Casa Giulietta', 'Palazzo della Ragione']",Casa Giulietta,strategy_nearest,True,0.0020208358764648438,success
0473213A9C4C84,2,['Torre Lamberti'],Casa Giulietta,"['Centro Fotografia', 'Sighseeing', 'Museo Conte', 'Museo Radio', 'Palazzo della Ragione']",Santa Anastasia,strategy_nearest,False,0.0029458999633789062,success
0473224A9C4C80,3,"['Arena', 'Torre Lamberti', 'Casa Giulietta']",Santa Anastasia,"['AMO', 'Museo Conte', 'Palazzo della Ragione', 'Teatro Romano', 'Centro Fotografia']",Duomo,strategy_nearest,False,0.002196073532104492,success
0473243A9C4C84,3,"['Arena', 'Casa Giulietta', 'Teatro Romano']",Duomo,"['AMO', 'Museo Miniscalchi', 'Santa Anastasia', 'Palazzo della Ragione', 'Museo Conte']",Santa Anastasia,strategy_nearest,True,0.0033206939697265625,success
04732E429C4C80,3,"['Arena', 'Casa Giulietta']",Museo Lapidario,"['Verona Tour', 'Castelvecchio', 'Museo Radio', 'San Fermo', 'Tomba Giulietta']",Castelvecchio,strategy_nearest,True,0.0027272701263427734,success
0473563A9C4C80,3,"['Arena', 'Castelvecchio']",Casa Giulietta,"['Centro Fotografia', 'Sighseeing', 'Torre Lamberti', 'Museo Conte', 'Museo Radio']",Duomo,strategy_nearest,False,0.0026521682739257812,success
04733C429C4C80,3,"['Torre Lamberti', 'Santa Anastasia', 'Duomo', 'Teatro Romano', 'Arena']",Museo Lapidario,"['Verona Tour', 'Castelvecchio', 'Museo Radio', 'San Fermo', 'Casa Giulietta']",Castelvecchio,strategy_nearest,True,0.001961946487426758,success
0473583A9C4C80,0,['Arena'],Casa Giulietta,"['Centro Fotografia', 'Sighseeing', 'Torre Lamberti', 'Museo Conte', 'Museo Radio']",San Fermo,strategy_nearest,False,0.003354787826538086,success
04735D3A9C4C80,1,"['Tomba Giulietta', 'Arena', 'Teatro Romano', 'Duomo']",Torre Lamberti,"['Sighseeing', 'Centro Fotografia', 'Museo Conte', 'Casa Giulietta', 'Palazzo della Ragione']",Palazzo della Ragione,strategy_nearest,True,0.002403736114501953,success
047361429C4C80,3,"['Arena', 'Torre Lamberti', 'Casa Giulietta']",San Zeno,"['Castelvecchio', 'Verona Tour', 'Museo Lapidario', 'Museo Miniscalchi', 'Sighseeing']",Castelvecchio,strategy_nearest,True,0.002766847610473633,success
04736F429C4C80,0,['Arena'],San Fermo,"['Museo Storia', 'Museo Radio', 'Casa Giulietta', 'Centro Fotografia', 'Sighseeing']",Teatro Romano,strategy_nearest,False,0.0030128955841064453,success
04737A4A9C4C80,0,['Castelvecchio'],Arena,"['Verona Tour', 'Museo Lapidario', 'Museo Radio', 'San Fermo', 'Casa Giulietta']",Casa Giulietta,strategy_nearest,True,0.0017778873443603516,success
047374429C4C80,0,['Arena'],Santa Anastasia,"['AMO', 'Museo Conte', 'Palazzo della Ragione', 'Teatro Romano', 'Centro Fotografia']",Casa Giulietta,strategy_nearest,False,0.0036439895629882812,success
04737D3A9C4C80,0,"['San Zeno', 'Arena']",Torre Lamberti,"['Sighseeing', 'Centro Fotografia', 'Museo Conte', 'Casa Giulietta', 'Palazzo della Ragione']",Casa Giulietta,strategy_nearest,True,0.0031061172485351562,success
04738D429C4C80,2,['Torre Lamberti'],Duomo,"['AMO', 'Museo Miniscalchi', 'Santa Anastasia', 'Teatro Romano', 'Palazzo della Ragione']",Casa Giulietta,strategy_nearest,False,0.0020089149475097656,success
047386429C4C80,0,['Arena'],Casa Giulietta,"['Centro Fotografia', 'Sighseeing', 'Torre Lamberti', 'Museo Conte', 'Museo Radio']",Torre Lamberti,strategy_nearest,True,0.0037751197814941406,success
04738A4A9C4C80,2,"['San Zeno', 'Castelvecchio']",Casa Giulietta,"['Centro Fotografia', 'Sighseeing', 'Torre Lamberti', 'Museo Conte', 'Museo Radio']",Santa Anastasia,strategy_nearest,False,0.003509998321533203,success
04738E4A9C4C80,0,"['Arena', 'Castelvecchio']",Casa Giulietta,"['Centro Fotografia', 'Sighseeing', 'Torre Lamberti', 'Museo Conte', 'Museo Radio']",Santa Anastasia,strategy_nearest,False,0.0028848648071289062,success
0473904A9C4C80,3,"['Casa Giulietta', 'Torre Lamberti']",Santa Anastasia,"['AMO', 'Museo Conte', 'Palazzo della Ragione', 'Teatro Romano', 'Centro Fotografia']",Teatro Romano,strategy_nearest,True,0.0018930435180664062,success
04739B429C4C80,0,['Arena'],Teatro Romano,"['Santa Anastasia', 'Duomo', 'AMO', 'Palazzo della Ragione', 'Museo Conte']",Duomo,strategy_nearest,True,0.002605915069580078,success
04739E429C4C80,3,"['Arena', 'Torre Lamberti']",Casa Giulietta,"['Centro Fotografia', 'Sighseeing', 'Museo Conte', 'Museo Radio', 'Palazzo della Ragione']",Duomo,strategy_nearest,False,0.002366781234741211,success
0473A0429C4C80,3,"['Duomo', 'Teatro Romano']",Santa Anastasia,"['AMO', 'Museo Conte', 'Palazzo della Ragione', 'Centro Fotografia', 'Torre Lamberti']",Casa Giulietta,strategy_nearest,False,0.0030579566955566406,success
0473A14A9C4C80,0,"['Arena', 'Teatro Romano']",Casa Giulietta,"['Centro Fotografia', 'Sighseeing', 'Torre Lamberti', 'Museo Conte', 'Museo Radio']",Giardino Giusti,strategy_nearest,False,0.0027832984924316406,success
0473A24A9C4C80,1,"['Castelvecchio', 'Arena']",Casa Giulietta,"['Centro Fotografia', 'Sighseeing', 'Torre Lamberti', 'Museo Conte', 'Museo Radio']",Palazzo della Ragione,strategy_nearest,False,0.0027849674224853516,success
0473A44A9C4C80,0,['Castelvecchio'],Arena,"['Verona Tour', 'Museo Lapidario', 'Museo Radio', 'San Fermo', 'Casa Giulietta']",Torre Lamberti,strategy_nearest,False,0.0034258365631103516,success
0473A73A9C4C80,1,"['Teatro Romano', 'Arena']",Casa Giulietta,"['Centro Fotografia', 'Sighseeing', 'Torre Lamberti', 'Museo Conte', 'Museo Radio']",Palazzo della Ragione,strategy_nearest,False,0.0028400421142578125,success
0473A84A9C4C80,1,"['Arena', 'Castelvecchio']",Santa Anastasia,"['AMO', 'Museo Conte', 'Palazzo della Ragione', 'Teatro Romano', 'Centro Fotografia']",Torre Lamberti,strategy_nearest,False,0.0023140907287597656,success
0473A8429C4C80,3,"['Arena', 'Santa Anastasia']",Duomo,"['AMO', 'Museo Miniscalchi', 'Teatro Romano', 'Palazzo della Ragione', 'Museo Conte']",Casa Giulietta,strategy_nearest,False,0.003103971481323242,success
0473B93A9C4C80,0,['Arena'],Casa Giulietta,"['Centro Fotografia', 'Sighseeing', 'Torre Lamberti', 'Museo Conte', 'Museo Radio']",Castelvecchio,strategy_nearest,False,0.0020170211791992188,success
0473AA4A9C4C80,3,['Arena'],Casa Giulietta,"['Centro Fotografia', 'Sighseeing', 'Torre Lamberti', 'Museo Conte', 'Museo Radio']",Santa Anastasia,strategy_nearest,False,0.004500150680541992,success
0473A93A9C4C80,1,"['Castelvecchio', 'Arena', 'Torre Lamberti', 'Palazzo della Ragione', 'Santa Anastasia']",Duomo,"['AMO', 'Museo Miniscalchi', 'Teatro Romano', 'Museo Conte', 'Centro Fotografia']",Teatro Romano,strategy_nearest,True,0.003773927688598633,success
0473B2429C4C80,3,['Arena'],Santa Anastasia,"['AMO', 'Museo Conte', 'Palazzo della Ragione', 'Teatro Romano', 'Centro Fotografia']",Duomo,strategy_nearest,False,0.0026488304138183594,success
0473D0429C4C80,3,"['Teatro Romano', 'Giardino Giusti']",Arena,"['Verona Tour', 'Museo Lapidario', 'Museo Radio', 'San Fermo', 'Casa Giulietta']",Santa Anastasia,strategy_nearest,False,0.0014340877532958984,success
0473BB429C4C80,2,['Casa Giulietta'],Torre Lamberti,"['Sighseeing', 'Centro Fotografia', 'Museo Conte', 'Palazzo della Ragione', 'AMO']",Palazzo della Ragione,strategy_nearest,True,0.002894878387451172,success
0473C43A9C4C80,3,"['Arena', 'Duomo']",Santa Anastasia,"['AMO', 'Museo Conte', 'Palazzo della Ragione', 'Teatro Romano', 'Centro Fotografia']",Castelvecchio,strategy_nearest,False,0.0022377967834472656,success
0473CB3A9C4C80,0,"['Castelvecchio', 'Casa Giulietta']",Arena,"['Verona Tour', 'Museo Lapidario', 'Museo Radio', 'San Fermo', 'Sighseeing']",Torre Lamberti,strategy_nearest,False,0.003454923629760742,success
0473DE429C4C80,3,"['Museo Lapidario', 'Arena', 'San Fermo', 'Santa Anastasia']",Duomo,"['AMO', 'Museo Miniscalchi', 'Teatro Romano', 'Palazzo della Ragione', 'Museo Conte']",Teatro Romano,strategy_nearest,True,0.002054929733276367,success
0473D63A9C4C80,3,"['Arena', 'Museo Lapidario', 'Castelvecchio']",Casa Giulietta,"['Centro Fotografia', 'Sighseeing', 'Torre Lamberti', 'Museo Conte', 'Museo Radio']",Torre Lamberti,strategy_nearest,True,0.0021638870239257812,success
0473D4429C4C80,4,"['Arena', 'Museo Lapidario', 'Castelvecchio']",Tomba Giulietta,"['San Fermo', 'Museo Storia', 'Museo Radio', 'Verona Tour', 'Casa Giulietta']",Museo Storia,strategy_nearest,True,0.003371000289916992,success
0473D73A9C4C80,0,"['Casa Giulietta', 'Tomba Giulietta']",Arena,"['Verona Tour', 'Museo Lapidario', 'Museo Radio', 'San Fermo', 'Sighseeing']",Torre Lamberti,strategy_nearest,False,0.003426790237426758,success
0473FB429C4C80,0,"['Arena', 'San Zeno']",Tomba Giulietta,"['San Fermo', 'Museo Storia', 'Museo Lapidario', 'Museo Radio', 'Verona Tour']",San Fermo,strategy_nearest,True,0.0013928413391113281,success
0474003A9C4C84,3,"['Tomba Giulietta', 'Arena', 'Casa Giulietta']",Torre Lamberti,"['Sighseeing', 'Centro Fotografia', 'Museo Conte', 'Palazzo della Ragione', 'AMO']",Teatro Romano,strategy_nearest,False,0.003237009048461914,success
0473ED429C4C80,0,['Arena'],Casa Giulietta,"['Centro Fotografia', 'Sighseeing', 'Torre Lamberti', 'Museo Conte', 'Museo Radio']",Museo Storia,strategy_nearest,False,0.003381013870239258,success
0473F53A9C4C80,0,"['Casa Giulietta', 'Torre Lamberti', 'Teatro Romano']",Tomba Giulietta,"['San Fermo', 'Museo Storia', 'Arena', 'Museo Lapidario', 'Museo Radio']",Museo Lapidario,strategy_nearest,True,0.002733945846557617,success
04740F429C4C84,3,"['Arena', 'Castelvecchio']",Casa Giulietta,"['Centro Fotografia', 'Sighseeing', 'Torre Lamberti', 'Museo Conte', 'Museo Radio']",Museo Lapidario,strategy_nearest,False,0.0033419132232666016,success
04740F4A9C4C80,1,['Arena'],Santa Anastasia,"['AMO', 'Museo Conte', 'Palazzo della Ragione', 'Teatro Romano', 'Centro Fotografia']",Torre Lamberti,strategy_nearest,False,0.0025370121002197266,success
047406429C4C84,0,"['Arena', 'Museo Lapidario']",Castelvecchio,"['Verona Tour', 'Museo Radio', 'San Zeno', 'Sighseeing', 'Museo Miniscalchi']",Torre Lamberti,strategy_nearest,False,0.003320932388305664,success
04740E3A9C4C84,0,['Arena'],Tomba Giulietta,"['San Fermo', 'Museo Storia', 'Museo Lapidario', 'Museo Radio', 'Verona Tour']",Casa Giulietta,strategy_nearest,False,0.0015950202941894531,success
0474204A9C4C80,0,"['Arena', 'Casa Giulietta']",Teatro Romano,"['Santa Anastasia', 'Duomo', 'AMO', 'Palazzo della Ragione', 'Museo Conte']",Castelvecchio,strategy_nearest,False,0.0019659996032714844,success
04741D3A9C4C84,3,['Arena'],Torre Lamberti,"['Sighseeing', 'Centro Fotografia', 'Museo Conte', 'Casa Giulietta', 'Palazzo della Ragione']",Santa Anastasia,strategy_nearest,False,0.0015287399291992188,success
047410429C4C84,3,"['Castelvecchio', 'Arena']",Torre Lamberti,"['Sighseeing', 'Centro Fotografia', 'Museo Conte', 'Casa Giulietta', 'Palazzo della Ragione']",Casa Giulietta,strategy_nearest,True,0.0028069019317626953,success
04742A4A9C4C80,0,"['Arena', 'Teatro Romano']",Duomo,"['AMO', 'Museo Miniscalchi', 'Santa Anastasia', 'Palazzo della Ragione', 'Museo Conte']",Casa Giulietta,strategy_nearest,False,0.0021800994873046875,success
04741B429C4C84,0,['Arena'],Casa Giulietta,"['Centro Fotografia', 'Sighseeing', 'Torre Lamberti', 'Museo Conte', 'Museo Radio']",Duomo,strategy_nearest,False,0.0034761428833007812,success
0474303A9C4C80,0,['Arena'],Castelvecchio,"['Museo Lapidario', 'Verona Tour', 'Museo Radio', 'San Zeno', 'Sighseeing']",Santa Anastasia,strategy_nearest,False,0.01623392105102539,success
04743B429C4C80,0,['San Zeno'],Teatro Romano,"['Santa Anastasia', 'Duomo', 'AMO', 'Palazzo della Ragione', 'Museo Conte']",Castelvecchio,strategy_nearest,False,0.019975900650024414,success
04742C3A9C4C80,3,"['Teatro Romano', 'Santa Anastasia']",Arena,"['Verona Tour', 'Museo Lapidario', 'Museo Radio', 'San Fermo', 'Casa Giulietta']",Castelvecchio,strategy_nearest,False,0.021536827087402344,success
04742E429C4C80,2,['Casa Giulietta'],Santa Anastasia,"['AMO', 'Museo Conte', 'Palazzo della Ragione', 'Teatro Romano', 'Centro Fotografia']",Duomo,strategy_nearest,False,0.02174687385559082,success
04743C3A9C4C80,3,"['Castelvecchio', 'Museo Lapidario', 'Arena', 'Casa Giulietta']",Torre Lamberti,"['Sighseeing', 'Centro Fotografia', 'Museo Conte', 'Palazzo della Ragione', 'AMO']",Santa Anastasia,strategy_nearest,False,0.004402875900268555,success
047457429C4C80,3,"['Duomo', 'Santa Anastasia']",Castelvecchio,"['Museo Lapidario', 'Verona Tour', 'Arena', 'Museo Radio', 'San Zeno']",Arena,strategy_nearest,True,0.006100893020629883,success
0474583A9C4C80,0,['Arena'],Casa Giulietta,"['Centro Fotografia', 'Sighseeing', 'Torre Lamberti', 'Museo Conte', 'Museo Radio']",Torre Lamberti,strategy_nearest,True,0.007112026214599609,success
04745A3A9C4C80,3,"['Museo Lapidario', 'Torre Lamberti', 'Casa Giulietta', 'San Fermo']",Teatro Romano,"['Santa Anastasia', 'Duomo', 'AMO', 'Palazzo della Ragione', 'Museo Conte']",Arena,strategy_nearest,False,0.00787210464477539,success
0474603A9C4C80,3,"['Torre Lamberti', 'Santa Anastasia', 'Arena']",Castelvecchio,"['Museo Lapidario', 'Verona Tour', 'Museo Radio', 'San Zeno', 'Sighseeing']",Duomo,strategy_nearest,False,0.0021440982818603516,success
047466429C4C80,0,['Arena'],Santa Anastasia,"['AMO', 'Museo Conte', 'Palazzo della Ragione', 'Teatro Romano', 'Centro Fotografia']",Casa Giulietta,strategy_nearest,False,0.002531766891479492,success
047475429C4C80,3,['Arena'],Torre Lamberti,"['Sighseeing', 'Centro Fotografia', 'Museo Conte', 'Casa Giulietta', 'Palazzo della Ragione']",Duomo,strategy_nearest,False,0.002633810043334961,success
047470429C4C80,3,"['Arena', 'Museo Lapidario', 'Torre Lamberti']",Casa Giulietta,"['Centro Fotografia', 'Sighseeing', 'Museo Conte', 'Museo Radio', 'Palazzo della Ragione']",Santa Anastasia,strategy_nearest,False,0.0035791397094726562,success
047476429C4C80,3,"['Arena', 'Museo Lapidario']",Castelvecchio,"['Verona Tour', 'Museo Radio', 'San Zeno', 'Sighseeing', 'Museo Miniscalchi']",Santa Anastasia,strategy_nearest,False,0.002660036087036133,success
04747A429C4C80,3,"['Arena', 'San Fermo']",Casa Giulietta,"['Centro Fotografia', 'Sighseeing', 'Torre Lamberti', 'Museo Conte', 'Museo Radio']",Santa Anastasia,strategy_nearest,False,0.003117084503173828,success
04747A4A9C4C80,3,['Arena'],Santa Anastasia,"['AMO', 'Museo Conte', 'Palazzo della Ragione', 'Teatro Romano', 'Centro Fotografia']",Teatro Romano,strategy_nearest,True,0.00251007080078125,success
04747B4A9C4C80,0,"['Arena', 'Castelvecchio']",Duomo,"['AMO', 'Museo Miniscalchi', 'Santa Anastasia', 'Teatro Romano', 'Palazzo della Ragione']",Teatro Romano,strategy_nearest,True,0.0035331249237060547,success
04747D3A9C4C80,3,"['Arena', 'Casa Giulietta', 'Torre Lamberti']",Santa Anastasia,"['AMO', 'Museo Conte', 'Palazzo della Ragione', 'Teatro Romano', 'Centro Fotografia']",Teatro Romano,strategy_nearest,True,0.0025436878204345703,success
04747F3A9C4C80,3,"['Arena', 'Torre Lamberti']",Santa Anastasia,"['AMO', 'Museo Conte', 'Palazzo della Ragione', 'Teatro Romano', 'Centro Fotografia']",Duomo,strategy_nearest,False,0.0032079219818115234,success
0474803A9C4C80,3,"['Arena', 'Castelvecchio']",Torre Lamberti,"['Sighseeing', 'Centro Fotografia', 'Museo Conte', 'Casa Giulietta', 'Palazzo della Ragione']",Duomo,strategy_nearest,False,0.0031211376190185547,success
047489429C4C80,0,['Duomo'],Torre Lamberti,"['Sighseeing', 'Centro Fotografia', 'Museo Conte', 'Casa Giulietta', 'Palazzo della Ragione']",Arena,strategy_nearest,False,0.0020198822021484375,success
0474873A9C4C80,0,['Arena'],Santa Anastasia,"['AMO', 'Museo Conte', 'Palazzo della Ragione', 'Teatro Romano', 'Centro Fotografia']",Castelvecchio,strategy_nearest,False,0.0034749507904052734,success
04748D429C4C80,3,"['Arena', 'Tomba Giulietta', 'San Fermo']",Casa Giulietta,"['Centro Fotografia', 'Sighseeing', 'Torre Lamberti', 'Museo Conte', 'Museo Radio']",Torre Lamberti,strategy_nearest,True,0.0032367706298828125,success
0474A04A9C4C80,3,"['Arena', 'Casa Giulietta']",Torre Lamberti,"['Sighseeing', 'Centro Fotografia', 'Museo Conte', 'Palazzo della Ragione', 'AMO']",Teatro Romano,strategy_nearest,False,0.0018010139465332031,success
0474914A9C4C80,0,['Arena'],Casa Giulietta,"['Centro Fotografia', 'Sighseeing', 'Torre Lamberti', 'Museo Conte', 'Museo Radio']",Tomba Giulietta,strategy_nearest,False,0.004091978073120117,success
0474A73A9C4C80,0,['Arena'],Casa Giulietta,"['Centro Fotografia', 'Sighseeing', 'Torre Lamberti', 'Museo Conte', 'Museo Radio']",Santa Anastasia,strategy_nearest,False,0.0025856494903564453,success
0474A83A9C4C80,2,"['San Zeno', 'Castelvecchio']",Casa Giulietta,"['Centro Fotografia', 'Sighseeing', 'Torre Lamberti', 'Museo Conte', 'Museo Radio']",Santa Anastasia,strategy_nearest,False,0.003108978271484375,success
0474B13A9C4C80,2,['Casa Giulietta'],Torre Lamberti,"['Sighseeing', 'Centro Fotografia', 'Museo Conte', 'Palazzo della Ragione', 'AMO']",Santa Anastasia,strategy_nearest,False,0.0033102035522460938,success
0474B9429C4C80,0,"['Castelvecchio', 'Arena']",Giardino Giusti,"['Santa Anastasia', 'Teatro Romano', 'Museo Conte', 'Centro Fotografia', 'Museo Storia']",Teatro Romano,strategy_nearest,True,0.0025179386138916016,success
0474B33A9C4C80,0,['Arena'],Casa Giulietta,"['Centro Fotografia', 'Sighseeing', 'Torre Lamberti', 'Museo Conte', 'Museo Radio']",Castelvecchio,strategy_nearest,False,0.0032219886779785156,success
0474BA3A9C4C80,0,['Arena'],Casa Giulietta,"['Centro Fotografia', 'Sighseeing', 'Torre Lamberti', 'Museo Conte', 'Museo Radio']",Torre Lamberti,strategy_nearest,True,0.0024428367614746094,success
0474C23A9C4C80,3,"['Arena', 'Castelvecchio']",Santa Anastasia,"['AMO', 'Museo Conte', 'Palazzo della Ragione', 'Teatro Romano', 'Centro Fotografia']",Duomo,strategy_nearest,False,0.003187894821166992,success
0474C93A9C4C80,3,"['Castelvecchio', 'Duomo']",San Zeno,"['Verona Tour', 'Museo Lapidario', 'Arena', 'Museo Miniscalchi', 'Sighseeing']",Arena,strategy_nearest,True,0.002525806427001953,success
0474CE3A9C4C80,0,['Arena'],Teatro Romano,"['Santa Anastasia', 'Duomo', 'AMO', 'Palazzo della Ragione', 'Museo Conte']",Casa Giulietta,strategy_nearest,False,0.003233194351196289,success
0474D33A9C4C80,2,['Teatro Romano'],Casa Giulietta,"['Centro Fotografia', 'Sighseeing', 'Torre Lamberti', 'Museo Conte', 'Museo Radio']",Torre Lamberti,strategy_nearest,True,0.0023610591888427734,success
0474D73A9C4C80,2,"['Teatro Romano', 'Torre Lamberti']",Palazzo della Ragione,"['AMO', 'Museo Conte', 'Centro Fotografia', 'Sighseeing', 'Santa Anastasia']",Casa Giulietta,strategy_nearest,False,0.0025472640991210938,success
0474D43A9C4C80,3,"['Arena', 'Casa Giulietta']",San Fermo,"['Museo Storia', 'Museo Radio', 'Centro Fotografia', 'Sighseeing', 'Torre Lamberti']",Santa Anastasia,strategy_nearest,False,0.0033159255981445312,success
0474E1429C4C80,0,"['Arena', 'Torre Lamberti']",Casa Giulietta,"['Centro Fotografia', 'Sighseeing', 'Museo Conte', 'Museo Radio', 'Palazzo della Ragione']",Duomo,strategy_nearest,False,0.0029430389404296875,success
0474E9429C4C80,2,['Casa Giulietta'],Santa Anastasia,"['AMO', 'Museo Conte', 'Palazzo della Ragione', 'Teatro Romano', 'Centro Fotografia']",Duomo,strategy_nearest,False,0.003143787384033203,success
0474DF3A9C4C80,0,['Arena'],Castelvecchio,"['Museo Lapidario', 'Verona Tour', 'Museo Radio', 'San Zeno', 'Sighseeing']",Duomo,strategy_nearest,False,0.002457857131958008,success
0474F03A9C4C80,2,['Casa Giulietta'],Torre Lamberti,"['Sighseeing', 'Centro Fotografia', 'Museo Conte', 'Palazzo della Ragione', 'AMO']",Tomba Giulietta,strategy_nearest,False,0.0024330615997314453,success
04750D429C4C84,0,['Arena'],San Fermo,"['Museo Storia', 'Museo Radio', 'Casa Giulietta', 'Centro Fotografia', 'Sighseeing']",Giardino Giusti,strategy_nearest,False,0.0020837783813476562,success
0474F33A9C4C80,0,['Arena'],Castelvecchio,"['Museo Lapidario', 'Verona Tour', 'Museo Radio', 'San Zeno', 'Sighseeing']",Teatro Romano,strategy_nearest,False,0.0024721622467041016,success
04750E3A9C4C80,1,"['Arena', 'Casa Giulietta']",Torre Lamberti,"['Sighseeing', 'Centro Fotografia', 'Museo Conte', 'Palazzo della Ragione', 'AMO']",Palazzo della Ragione,strategy_nearest,True,0.0032958984375,success
04750D4A9C4C80,0,"['Casa Giulietta', 'Torre Lamberti', 'San Zeno']",Castelvecchio,"['Museo Lapidario', 'Verona Tour', 'Arena', 'Museo Radio', 'Sighseeing']",Arena,strategy_nearest,True,0.0027320384979248047,success
047510429C4C84,2,"['Castelvecchio', 'Torre Lamberti']",Casa Giulietta,"['Centro Fotografia', 'Sighseeing', 'Museo Conte', 'Museo Radio', 'Palazzo della Ragione']",Santa Anastasia,strategy_nearest,False,0.0026428699493408203,success
0475113A9C4C80,3,"['Arena', 'Casa Giulietta']",Torre Lamberti,"['Sighseeing', 'Centro Fotografia', 'Museo Conte', 'Palazzo della Ragione', 'AMO']",Santa Anastasia,strategy_nearest,False,0.0019898414611816406,success
047511429C4C80,3,"['Arena', 'San Fermo', 'Casa Giulietta']",Torre Lamberti,"['Sighseeing', 'Centro Fotografia', 'Museo Conte', 'Palazzo della Ragione', 'AMO']",Santa Anastasia,strategy_nearest,False,0.0025680065155029297,success
047514429C4C84,0,['Arena'],Casa Giulietta,"['Centro Fotografia', 'Sighseeing', 'Torre Lamberti', 'Museo Conte', 'Museo Radio']",Castelvecchio,strategy_nearest,False,0.0033609867095947266,success
04751B429C4C84,1,"['Arena', 'Castelvecchio', 'San Fermo', 'Casa Giulietta', 'Palazzo della Ragione']",Torre Lamberti,"['Sighseeing', 'Centro Fotografia', 'Museo Conte', 'AMO', 'Museo Miniscalchi']",Santa Anastasia,strategy_nearest,False,0.0025742053985595703,success
04751D3A9C4C80,0,"['Arena', 'Giardino Giusti', 'Teatro Romano']",Museo Lapidario,"['Verona Tour', 'Castelvecchio', 'Museo Radio', 'San Fermo', 'Casa Giulietta']",Castelvecchio,strategy_nearest,True,0.0032629966735839844,success
047515429C4C80,3,"['Arena', 'Casa Giulietta']",Santa Anastasia,"['AMO', 'Museo Conte', 'Palazzo della Ragione', 'Teatro Romano', 'Centro Fotografia']",Teatro Romano,strategy_nearest,True,0.0018477439880371094,success
04751E4A9C4C80,3,"['Castelvecchio', 'Arena', 'Santa Anastasia']",Duomo,"['AMO', 'Museo Miniscalchi', 'Teatro Romano', 'Palazzo della Ragione', 'Museo Conte']",Casa Giulietta,strategy_nearest,False,0.0029320716857910156,success
04752B429C4C80,3,"['Arena', 'Casa Giulietta']",Santa Anastasia,"['AMO', 'Museo Conte', 'Palazzo della Ragione', 'Teatro Romano', 'Centro Fotografia']",Duomo,strategy_nearest,False,0.0033626556396484375,success
047530429C4C80,0,['Arena'],Casa Giulietta,"['Centro Fotografia', 'Sighseeing', 'Torre Lamberti', 'Museo Conte', 'Museo Radio']",Teatro Romano,strategy_nearest,False,0.00197601318359375,success
0475334A9C4C80,1,"['Castelvecchio', 'Arena', 'Casa Giulietta']",Palazzo della Ragione,"['AMO', 'Museo Conte', 'Torre Lamberti', 'Centro Fotografia', 'Sighseeing']",Santa Anastasia,strategy_nearest,False,0.0026378631591796875,success
0475354A9C4C80,1,"['San Zeno', 'Castelvecchio', 'Arena']",Casa Giulietta,"['Centro Fotografia', 'Sighseeing', 'Torre Lamberti', 'Museo Conte', 'Museo Radio']",Santa Anastasia,strategy_nearest,False,0.003385782241821289,success
0475443A9C4C80,0,['Duomo'],Tomba Giulietta,"['San Fermo', 'Museo Storia', 'Arena', 'Museo Lapidario', 'Museo Radio']",Arena,strategy_nearest,True,0.0025839805603027344,success
04753F429C4C80,2,"['Casa Giulietta', 'Torre Lamberti', 'San Fermo']",Teatro Romano,"['Santa Anastasia', 'Duomo', 'AMO', 'Palazzo della Ragione', 'Museo Conte']",Castelvecchio,strategy_nearest,False,0.0025615692138671875,success
0475473A9C4C80,3,"['San Fermo', 'Casa Giulietta', 'Arena']",Castelvecchio,"['Museo Lapidario', 'Verona Tour', 'Museo Radio', 'San Zeno', 'Sighseeing']",San Zeno,strategy_nearest,True,0.003116130828857422,success
0475563A9C4C80,3,['Arena'],Castelvecchio,"['Museo Lapidario', 'Verona Tour', 'Museo Radio', 'San Zeno', 'Sighseeing']",Torre Lamberti,strategy_nearest,False,0.002835988998413086,success
0475603A9C4C80,0,"['Arena', 'Casa Giulietta']",Casa Giulietta,"['Centro Fotografia', 'Sighseeing', 'Torre Lamberti', 'Museo Conte', 'Museo Radio']",Santa Anastasia,strategy_nearest,False,0.002541780471801758,success
04755D3A9C4C80,3,"['Arena', 'Castelvecchio', 'San Fermo']",Casa Giulietta,"['Centro Fotografia', 'Sighseeing', 'Torre Lamberti', 'Museo Conte', 'Museo Radio']",Tomba Giulietta,strategy_nearest,False,0.003183126449584961,success
0475583A9C4C80,2,['Casa Giulietta'],Santa Anastasia,"['AMO', 'Museo Conte', 'Palazzo della Ragione', 'Teatro Romano', 'Centro Fotografia']",Teatro Romano,strategy_nearest,True,0.0027472972869873047,success
04757D3A9C4C80,3,"['Arena', 'Torre Lamberti']",Duomo,"['AMO', 'Museo Miniscalchi', 'Santa Anastasia', 'Teatro Romano', 'Palazzo della Ragione']",Casa Giulietta,strategy_nearest,False,0.002637147903442383,success
04756B3A9C4C80,0,['Arena'],Casa Giulietta,"['Centro Fotografia', 'Sighseeing', 'Torre Lamberti', 'Museo Conte', 'Museo Radio']",Castelvecchio,strategy_nearest,False,0.0033981800079345703,success
047570429C4C80,0,['Museo Lapidario'],Arena,"['Verona Tour', 'Museo Radio', 'San Fermo', 'Casa Giulietta', 'Sighseeing']",Castelvecchio,strategy_nearest,False,0.002804994583129883,success
04757B429C4C80,0,['Arena'],Castelvecchio,"['Museo Lapidario', 'Verona Tour', 'Museo Radio', 'San Zeno', 'Sighseeing']",Casa Giulietta,strategy_nearest,False,0.0032629966735839844,success
04757F3A9C4C80,3,"['Arena', 'Casa Giulietta']",Santa Anastasia,"['AMO', 'Museo Conte', 'Palazzo della Ragione', 'Teatro Romano', 'Centro Fotografia']",Teatro Romano,strategy_nearest,True,0.002167940139770508,success
047586429C4C80,3,['Casa Giulietta'],Arena,"['Verona Tour', 'Museo Lapidario', 'Museo Radio', 'San Fermo', 'Sighseeing']",Torre Lamberti,strategy_nearest,False,0.0027298927307128906,success
04757E429C4C80,3,"['Torre Lamberti', 'Duomo']",San Fermo,"['Museo Storia', 'Museo Radio', 'Casa Giulietta', 'Centro Fotografia', 'Arena']",Museo Storia,strategy_nearest,True,0.0016100406646728516,success
047589429C4C80,2,['Castelvecchio'],Casa Giulietta,"['Centro Fotografia', 'Sighseeing', 'Torre Lamberti', 'Museo Conte', 'Museo Radio']",Torre Lamberti,strategy_nearest,True,0.001653909683227539,success
04758D3A9C4C80,0,['Castelvecchio'],Arena,"['Verona Tour', 'Museo Lapidario', 'Museo Radio', 'San Fermo', 'Casa Giulietta']",Casa Giulietta,strategy_nearest,True,0.0022978782653808594,success
047587429C4C80,0,['Arena'],Casa Giulietta,"['Centro Fotografia', 'Sighseeing', 'Torre Lamberti', 'Museo Conte', 'Museo Radio']",Torre Lamberti,strategy_nearest,True,0.0032808780670166016,success
04758E4A9C4C80,3,"['Arena', 'Torre Lamberti']",Santa Anastasia,"['AMO', 'Museo Conte', 'Palazzo della Ragione', 'Teatro Romano', 'Centro Fotografia']",Duomo,strategy_nearest,False,0.0027959346771240234,success
0475A54A9C4C80,3,['Arena'],Casa Giulietta,"['Centro Fotografia', 'Sighseeing', 'Torre Lamberti', 'Museo Conte', 'Museo Radio']",Santa Anastasia,strategy_nearest,False,0.0015559196472167969,success
0475A6429C4C80,3,"['Arena', 'Torre Lamberti']",Casa Giulietta,"['Centro Fotografia', 'Sighseeing', 'Museo Conte', 'Museo Radio', 'Palazzo della Ragione']",Teatro Romano,strategy_nearest,False,0.0020780563354492188,success
0475954A9C4C80,0,['Arena'],Torre Lamberti,"['Sighseeing', 'Centro Fotografia', 'Museo Conte', 'Casa Giulietta', 'Palazzo della Ragione']",Castelvecchio,strategy_nearest,False,0.0034132003784179688,success
0475944A9C4C80,0,"['Torre Lamberti', 'Casa Giulietta']",Arena,"['Verona Tour', 'Museo Lapidario', 'Museo Radio', 'San Fermo', 'Sighseeing']",Duomo,strategy_nearest,False,0.002852916717529297,success
0475A7429C4C80,0,['Arena'],Castelvecchio,"['Museo Lapidario', 'Verona Tour', 'Museo Radio', 'San Zeno', 'Sighseeing']",Santa Anastasia,strategy_nearest,False,0.0014581680297851562,success
0475AD3A9C4C80,0,['Arena'],Casa Giulietta,"['Centro Fotografia', 'Sighseeing', 'Torre Lamberti', 'Museo Conte', 'Museo Radio']",Torre Lamberti,strategy_nearest,True,0.0028839111328125,success
0475B1429C4C80,0,['Arena'],Torre Lamberti,"['Sighseeing', 'Centro Fotografia', 'Museo Conte', 'Casa Giulietta', 'Palazzo della Ragione']",Castelvecchio,strategy_nearest,False,0.0020351409912109375,success
0475B5429C4C80,0,['Arena'],Santa Anastasia,"['AMO', 'Museo Conte', 'Palazzo della Ragione', 'Teatro Romano', 'Centro Fotografia']",Casa Giulietta,strategy_nearest,False,0.0029859542846679688,success
0475B93A9C4C80,1,"['Arena', 'Casa Giulietta']",Torre Lamberti,"['Sighseeing', 'Centro Fotografia', 'Museo Conte', 'Palazzo della Ragione', 'AMO']",Palazzo della Ragione,strategy_nearest,True,0.002301931381225586,success
0475C13A9C4C80,0,"['Arena', 'Museo Lapidario']",Castelvecchio,"['Verona Tour', 'Museo Radio', 'San Zeno', 'Sighseeing', 'Museo Miniscalchi']",Teatro Romano,strategy_nearest,False,0.0027289390563964844,success
0475C3429C4C80,3,"['Arena', 'San Fermo']",Duomo,"['AMO', 'Museo Miniscalchi', 'Santa Anastasia', 'Teatro Romano', 'Palazzo della Ragione']",Teatro Romano,strategy_nearest,True,0.002092123031616211,success
0475C03A9C4C80,0,['Arena'],Casa Giulietta,"['Centro Fotografia', 'Sighseeing', 'Torre Lamberti', 'Museo Conte', 'Museo Radio']",Torre Lamberti,strategy_nearest,True,0.003374814987182617,success
0475CF429C4C80,2,['Casa Giulietta'],Santa Anastasia,"['AMO', 'Museo Conte', 'Palazzo della Ragione', 'Teatro Romano', 'Centro Fotografia']",Santa Anastasia,strategy_nearest,False,0.002245187759399414,success
0475C53A9C4C80,2,"['Castelvecchio', 'Casa Giulietta']",Torre Lamberti,"['Sighseeing', 'Centro Fotografia', 'Museo Conte', 'Palazzo della Ragione', 'AMO']",Santa Anastasia,strategy_nearest,False,0.004119157791137695,success
0475D33A9C4C80,2,['Castelvecchio'],Santa Anastasia,"['AMO', 'Museo Conte', 'Palazzo della Ragione', 'Teatro Romano', 'Centro Fotografia']",Duomo,strategy_nearest,False,0.0027968883514404297,success
0475D03A9C4C80,1,"['Arena', 'Casa Giulietta', 'Teatro Romano', 'Palazzo della Ragione']",Giardino Giusti,"['Santa Anastasia', 'Museo Conte', 'Centro Fotografia', 'Museo Storia', 'AMO']",Santa Anastasia,strategy_nearest,True,0.0034749507904052734,success
0476033A9C4C84,3,"['Arena', 'Casa Giulietta']",Torre Lamberti,"['Sighseeing', 'Centro Fotografia', 'Museo Conte', 'Palazzo della Ragione', 'AMO']",Santa Anastasia,strategy_nearest,False,0.002796649932861328,success
0475EF3A9C4C80,0,['Arena'],Museo Lapidario,"['Verona Tour', 'Castelvecchio', 'Museo Radio', 'San Fermo', 'Casa Giulietta']",Castelvecchio,strategy_nearest,True,0.0028831958770751953,success
04760D429C4C84,3,"['Arena', 'Casa Giulietta', 'San Zeno']",Duomo,"['AMO', 'Museo Miniscalchi', 'Santa Anastasia', 'Teatro Romano', 'Palazzo della Ragione']",Santa Anastasia,strategy_nearest,True,0.001455068588256836,success
0475F03A9C4C80,0,['Arena'],Teatro Romano,"['Santa Anastasia', 'Duomo', 'AMO', 'Palazzo della Ragione', 'Museo Conte']",Duomo,strategy_nearest,True,0.0035130977630615234,success
0476154A9C4C80,0,['Arena'],Torre Lamberti,"['Sighseeing', 'Centro Fotografia', 'Museo Conte', 'Casa Giulietta', 'Palazzo della Ragione']",Duomo,strategy_nearest,False,0.0014290809631347656,success
047612429C4C84,0,['Casa Giulietta'],Arena,"['Verona Tour', 'Museo Lapidario', 'Museo Radio', 'San Fermo', 'Sighseeing']",Tomba Giulietta,strategy_nearest,False,0.003351926803588867,success
0476103A9C4C80,3,"['Arena', 'Casa Giulietta', 'Torre Lamberti']",Santa Anastasia,"['AMO', 'Museo Conte', 'Palazzo della Ragione', 'Teatro Romano', 'Centro Fotografia']",Duomo,strategy_nearest,False,0.0040972232818603516,success
0476163A9C4C84,3,"['Arena', 'Casa Giulietta']",Torre Lamberti,"['Sighseeing', 'Centro Fotografia', 'Museo Conte', 'Palazzo della Ragione', 'AMO']",Santa Anastasia,strategy_nearest,False,0.002000093460083008,success
04761F3A9C4C80,0,['Arena'],Casa Giulietta,"['Centro Fotografia', 'Sighseeing', 'Torre Lamberti', 'Museo Conte', 'Museo Radio']",Santa Anastasia,strategy_nearest,False,0.0017809867858886719,success
047618429C4C80,2,"['Casa Giulietta', 'Santa Anastasia']",Palazzo della Ragione,"['AMO', 'Museo Conte', 'Torre Lamberti', 'Centro Fotografia', 'Sighseeing']",Torre Lamberti,strategy_nearest,True,0.0024039745330810547,success
047621429C4C80,2,"['Torre Lamberti', 'Casa Giulietta']",Castelvecchio,"['Museo Lapidario', 'Verona Tour', 'Arena', 'Museo Radio', 'San Zeno']",San Zeno,strategy_nearest,True,0.0033609867095947266,success
04762B429C4C80,3,['Arena'],Duomo,"['AMO', 'Museo Miniscalchi', 'Santa Anastasia', 'Teatro Romano', 'Palazzo della Ragione']",Santa Anastasia,strategy_nearest,True,0.002741098403930664,success
047630429C4C80,3,['Arena'],Casa Giulietta,"['Centro Fotografia', 'Sighseeing', 'Torre Lamberti', 'Museo Conte', 'Museo Radio']",Torre Lamberti,strategy_nearest,True,0.0035581588745117188,success
047634429C4C80,1,"['Palazzo della Ragione', 'Torre Lamberti', 'Duomo', 'Teatro Romano']",Casa Giulietta,"['Centro Fotografia', 'Sighseeing', 'Museo Conte', 'Museo Radio', 'San Fermo']",Arena,strategy_nearest,False,0.0024080276489257812,success
04764B3A9C4C80,3,"['Arena', 'Casa Giulietta', 'Torre Lamberti']",Santa Anastasia,"['AMO', 'Museo Conte', 'Palazzo della Ragione', 'Teatro Romano', 'Centro Fotografia']",Duomo,strategy_nearest,False,0.0026772022247314453,success
047646429C4C80,1,"['Arena', 'Casa Giulietta']",Palazzo della Ragione,"['AMO', 'Museo Conte', 'Torre Lamberti', 'Centro Fotografia', 'Sighseeing']",Teatro Romano,strategy_nearest,False,0.0034079551696777344,success
0476523A9C4C80,3,['Arena'],Duomo,"['AMO', 'Museo Miniscalchi', 'Santa Anastasia', 'Teatro Romano', 'Palazzo della Ragione']",Santa Anastasia,strategy_nearest,True,0.002234935760498047,success
04766B3A9C4C80,1,"['Castelvecchio', 'San Fermo']",Casa Giulietta,"['Centro Fotografia', 'Sighseeing', 'Torre Lamberti', 'Museo Conte', 'Museo Radio']",Palazzo della Ragione,strategy_nearest,False,0.0030248165130615234,success
047672429C4C80,3,"['Arena', 'Casa Giulietta']",San Fermo,"['Museo Storia', 'Museo Radio', 'Centro Fotografia', 'Sighseeing', 'Torre Lamberti']",Santa Anastasia,strategy_nearest,False,0.002404928207397461,success
04767B429C4C80,0,"['Casa Giulietta', 'Torre Lamberti']",Tomba Giulietta,"['San Fermo', 'Museo Storia', 'Arena', 'Museo Lapidario', 'Museo Radio']",Arena,strategy_nearest,True,0.002384185791015625,success
047684429C4C80,0,"['Casa Giulietta', 'Giardino Giusti']",Arena,"['Verona Tour', 'Museo Lapidario', 'Museo Radio', 'San Fermo', 'Sighseeing']",Castelvecchio,strategy_nearest,False,0.0025436878204345703,success
04767E429C4C80,3,"['Castelvecchio', 'Arena', 'Torre Lamberti', 'Santa Anastasia']",Duomo,"['AMO', 'Museo Miniscalchi', 'Teatro Romano', 'Palazzo della Ragione', 'Museo Conte']",Teatro Romano,strategy_nearest,True,0.003180980682373047,success
047685429C4C80,2,"['Casa Giulietta', 'Castelvecchio']",Torre Lamberti,"['Sighseeing', 'Centro Fotografia', 'Museo Conte', 'Palazzo della Ragione', 'AMO']",Teatro Romano,strategy_nearest,False,0.002640962600708008,success
0476954A9C4C80,3,['Arena'],Santa Anastasia,"['AMO', 'Museo Conte', 'Palazzo della Ragione', 'Teatro Romano', 'Centro Fotografia']",Duomo,strategy_nearest,False,0.002516031265258789,success
047686429C4C80,3,['Museo Lapidario'],Arena,"['Verona Tour', 'Museo Radio', 'San Fermo', 'Casa Giulietta', 'Sighseeing']",Torre Lamberti,strategy_nearest,False,0.003378152847290039,success
047691429C4C80,0,"['Arena', 'Museo Lapidario']",Castelvecchio,"['Verona Tour', 'Museo Radio', 'San Zeno', 'Sighseeing', 'Museo Miniscalchi']",Teatro Romano,strategy_nearest,False,0.0033197402954101562,success
04769A429C4C80,3,"['Arena', 'Museo Lapidario', 'Castelvecchio']",Duomo,"['AMO', 'Museo Miniscalchi', 'Santa Anastasia', 'Teatro Romano', 'Palazzo della Ragione']",Teatro Romano,strategy_nearest,True,0.004007816314697266,success
0476A04A9C4C80,0,"['Arena', 'Casa Giulietta']",Tomba Giulietta,"['San Fermo', 'Museo Storia', 'Museo Lapidario', 'Museo Radio', 'Verona Tour']",Torre Lamberti,strategy_nearest,False,0.0019812583923339844,success
04769F4A9C4C80,3,"['Arena', 'Casa Giulietta', 'Torre Lamberti']",Santa Anastasia,"['AMO', 'Museo Conte', 'Palazzo della Ragione', 'Teatro Romano', 'Centro Fotografia']",Duomo,strategy_nearest,False,0.003345012664794922,success
04769C4A9C4C80,3,['Arena'],Santa Anastasia,"['AMO', 'Museo Conte', 'Palazzo della Ragione', 'Teatro Romano', 'Centro Fotografia']",Teatro Romano,strategy_nearest,True,0.0015687942504882812,success
0476D23A9C4C80,3,"['Arena', 'Castelvecchio', 'Torre Lamberti', 'Casa Giulietta']",Teatro Romano,"['Santa Anastasia', 'Duomo', 'AMO', 'Palazzo della Ragione', 'Museo Conte']",Santa Anastasia,strategy_nearest,True,0.0020651817321777344,success
0476D1429C4C80,3,"['Arena', 'Casa Giulietta', 'Torre Lamberti']",Santa Anastasia,"['AMO', 'Museo Conte', 'Palazzo della Ragione', 'Teatro Romano', 'Centro Fotografia']",Teatro Romano,strategy_nearest,True,0.002699136734008789,success
0476C13A9C4C80,0,['Arena'],Casa Giulietta,"['Centro Fotografia', 'Sighseeing', 'Torre Lamberti', 'Museo Conte', 'Museo Radio']",Torre Lamberti,strategy_nearest,True,0.0020308494567871094,success
0476DB3A9C4C80,0,"['Casa Giulietta', 'Arena']",Teatro Romano,"['Santa Anastasia', 'Duomo', 'AMO', 'Palazzo della Ragione', 'Museo Conte']",San Zeno,strategy_nearest,False,0.0033159255981445312,success
0476E9429C4C80,3,"['Museo Storia', 'San Fermo', 'Casa Giulietta', 'Teatro Romano']",Santa Anastasia,"['AMO', 'Museo Conte', 'Palazzo della Ragione', 'Centro Fotografia', 'Duomo']",Arena,strategy_nearest,False,0.0022029876708984375,success
0476F53A9C4C80,3,['Arena'],Castelvecchio,"['Museo Lapidario', 'Verona Tour', 'Museo Radio', 'San Zeno', 'Sighseeing']",San Zeno,strategy_nearest,True,0.0025441646575927734,success
0476ED429C4C80,3,"['Arena', 'Casa Giulietta', 'Torre Lamberti']",Santa Anastasia,"['AMO', 'Museo Conte', 'Palazzo della Ragione', 'Teatro Romano', 'Centro Fotografia']",Castelvecchio,strategy_nearest,False,0.003450155258178711,success
0476F73A9C4C80,3,"['San Fermo', 'Casa Giulietta']",Castelvecchio,"['Museo Lapidario', 'Verona Tour', 'Arena', 'Museo Radio', 'San Zeno']",Arena,strategy_nearest,True,0.0031669139862060547,success
0476F83A9C4C80,0,"['Casa Giulietta', 'Castelvecchio']",Arena,"['Verona Tour', 'Museo Lapidario', 'Museo Radio', 'San Fermo', 'Sighseeing']",Teatro Romano,strategy_nearest,False,0.003496885299682617,success
04770F429C4C84,3,"['Arena', 'Casa Giulietta']",Santa Anastasia,"['AMO', 'Museo Conte', 'Palazzo della Ragione', 'Teatro Romano', 'Centro Fotografia']",Duomo,strategy_nearest,False,0.0019450187683105469,success
047711429C4C84,3,"['Casa Giulietta', 'San Fermo', 'Torre Lamberti']",Duomo,"['AMO', 'Museo Miniscalchi', 'Santa Anastasia', 'Teatro Romano', 'Palazzo della Ragione']",Arena,strategy_nearest,False,0.0030510425567626953,success
0476FF3A9C4C80,0,['Arena'],Torre Lamberti,"['Sighseeing', 'Centro Fotografia', 'Museo Conte', 'Casa Giulietta', 'Palazzo della Ragione']",Casa Giulietta,strategy_nearest,True,0.0033791065216064453,success
0477184A9C4C80,1,"['Arena', 'Museo Lapidario', 'Castelvecchio']",Casa Giulietta,"['Centro Fotografia', 'Sighseeing', 'Torre Lamberti', 'Museo Conte', 'Museo Radio']",Palazzo della Ragione,strategy_nearest,False,0.001528024673461914,success
047715429C4C84,1,"['Arena', 'Castelvecchio']",Palazzo della Ragione,"['AMO', 'Museo Conte', 'Torre Lamberti', 'Centro Fotografia', 'Sighseeing']",Casa Giulietta,strategy_nearest,False,0.0021560192108154297,success
04771A3A9C4C80,3,"['Arena', 'Casa Giulietta']",Torre Lamberti,"['Sighseeing', 'Centro Fotografia', 'Museo Conte', 'Palazzo della Ragione', 'AMO']",Duomo,strategy_nearest,False,0.0031909942626953125,success
047712429C4C84,3,"['Duomo', 'Teatro Romano']",Torre Lamberti,"['Sighseeing', 'Centro Fotografia', 'Museo Conte', 'Casa Giulietta', 'Palazzo della Ragione']",Casa Giulietta,strategy_nearest,True,0.0028281211853027344,success
047722429C4C84,3,"['Arena', 'Torre Lamberti']",Teatro Romano,"['Santa Anastasia', 'Duomo', 'AMO', 'Palazzo della Ragione', 'Museo Conte']",Giardino Giusti,strategy_nearest,False,0.0021550655364990234,success
0477203A9C4C84,3,"['Arena', 'Tomba Giulietta']",Duomo,"['AMO', 'Museo Miniscalchi', 'Santa Anastasia', 'Teatro Romano', 'Palazzo della Ragione']",Santa Anastasia,strategy_nearest,True,0.002624034881591797,success
04772E429C4C80,3,"['Arena', 'Tomba Giulietta', 'Santa Anastasia', 'Teatro Romano']",Museo Storia,"['San Fermo', 'Museo Radio', 'Casa Giulietta', 'Centro Fotografia', 'Torre Lamberti']",San Fermo,strategy_nearest,True,0.003283977508544922,success
0477253A9C4C80,1,"['Castelvecchio', 'Arena', 'Casa Giulietta']",Torre Lamberti,"['Sighseeing', 'Centro Fotografia', 'Museo Conte', 'Palazzo della Ragione', 'AMO']",Tomba Giulietta,strategy_nearest,False,0.0027687549591064453,success
0477324A9C4C80,0,"['Casa Giulietta', 'Arena']",Duomo,"['AMO', 'Museo Miniscalchi', 'Santa Anastasia', 'Teatro Romano', 'Palazzo della Ragione']",Castelvecchio,strategy_nearest,False,0.0022940635681152344,success
04773B429C4C80,2,['Castelvecchio'],Torre Lamberti,"['Sighseeing', 'Centro Fotografia', 'Museo Conte', 'Casa Giulietta', 'Palazzo della Ragione']",Santa Anastasia,strategy_nearest,False,0.002569913864135742,success
0477493A9C4C80,0,['Giardino Giusti'],Castelvecchio,"['Museo Lapidario', 'Verona Tour', 'Arena', 'Museo Radio', 'San Zeno']",Arena,strategy_nearest,True,0.002727985382080078,success
04774F3A9C4C80,3,['Arena'],Duomo,"['AMO', 'Museo Miniscalchi', 'Santa Anastasia', 'Teatro Romano', 'Palazzo della Ragione']",Santa Anastasia,strategy_nearest,True,0.003278970718383789,success
0477583A9C4C80,3,"['Arena', 'San Fermo', 'Castelvecchio']",San Zeno,"['Verona Tour', 'Museo Lapidario', 'Museo Miniscalchi', 'Sighseeing', 'Museo Radio']",Santa Anastasia,strategy_nearest,False,0.0023500919342041016,success
04775DC27B3F80,3,"['Casa Giulietta', 'Santa Anastasia']",Arena,"['Verona Tour', 'Museo Lapidario', 'Museo Radio', 'San Fermo', 'Sighseeing']",Castelvecchio,strategy_nearest,False,0.0024039745330810547,success
047769C27B3F80,0,['Torre Lamberti'],Arena,"['Verona Tour', 'Museo Lapidario', 'Museo Radio', 'San Fermo', 'Casa Giulietta']",Casa Giulietta,strategy_nearest,True,0.0031309127807617188,success
0477643A9C4C80,3,"['Santa Anastasia', 'San Fermo']",Arena,"['Verona Tour', 'Museo Lapidario', 'Museo Radio', 'Casa Giulietta', 'Sighseeing']",San Zeno,strategy_nearest,False,0.002415895462036133,success
04776D3A9C4C80,3,"['Arena', 'Castelvecchio', 'Santa Anastasia']",Teatro Romano,"['Duomo', 'AMO', 'Palazzo della Ragione', 'Museo Conte', 'Centro Fotografia']",Santa Anastasia,strategy_nearest,False,0.0019049644470214844,success
047775429C4C80,2,"['Duomo', 'Santa Anastasia']",Torre Lamberti,"['Sighseeing', 'Centro Fotografia', 'Museo Conte', 'Casa Giulietta', 'Palazzo della Ragione']",Casa Giulietta,strategy_nearest,True,0.0024678707122802734,success
047776C27B3F80,3,"['Casa Giulietta', 'Santa Anastasia']",Arena,"['Verona Tour', 'Museo Lapidario', 'Museo Radio', 'San Fermo', 'Sighseeing']",Castelvecchio,strategy_nearest,False,0.002088785171508789,success
04777A3A9C4C80,0,['Castelvecchio'],Tomba Giulietta,"['San Fermo', 'Museo Storia', 'Arena', 'Museo Lapidario', 'Museo Radio']",Arena,strategy_nearest,True,0.0027599334716796875,success
04777D429C4C80,0,['Casa Giulietta'],Arena,"['Verona Tour', 'Museo Lapidario', 'Museo Radio', 'San Fermo', 'Sighseeing']",San Zeno,strategy_nearest,False,0.003381013870239258,success
047786429C4C80,3,"['Arena', 'Santa Anastasia']",Duomo,"['AMO', 'Museo Miniscalchi', 'Teatro Romano', 'Palazzo della Ragione', 'Museo Conte']",Castelvecchio,strategy_nearest,False,0.0032987594604492188,success
047788429C4C80,3,"['Arena', 'Castelvecchio']",San Zeno,"['Verona Tour', 'Museo Lapidario', 'Museo Miniscalchi', 'Sighseeing', 'Museo Radio']",Torre Lamberti,strategy_nearest,False,0.0012867450714111328,success
0477853A9C4C80,3,"['Arena', 'Casa Giulietta']",Torre Lamberti,"['Sighseeing', 'Centro Fotografia', 'Museo Conte', 'Palazzo della Ragione', 'AMO']",Santa Anastasia,strategy_nearest,False,0.004649162292480469,success
0477954A9C4C80,1,"['Arena', 'Castelvecchio', 'Torre Lamberti']",Palazzo della Ragione,"['AMO', 'Museo Conte', 'Centro Fotografia', 'Sighseeing', 'Santa Anastasia']",Casa Giulietta,strategy_nearest,False,0.002223968505859375,success
04778C3A9C4C80,0,['Arena'],Casa Giulietta,"['Centro Fotografia', 'Sighseeing', 'Torre Lamberti', 'Museo Conte', 'Museo Radio']",Torre Lamberti,strategy_nearest,True,0.0033788681030273438,success
04779C4A9C4C80,0,['Arena'],Torre Lamberti,"['Sighseeing', 'Centro Fotografia', 'Museo Conte', 'Casa Giulietta', 'Palazzo della Ragione']",Casa Giulietta,strategy_nearest,True,0.002567291259765625,success
04779F4A9C4C80,3,"['Arena', 'San Fermo']",Torre Lamberti,"['Sighseeing', 'Centro Fotografia', 'Museo Conte', 'Casa Giulietta', 'Palazzo della Ragione']",Santa Anastasia,strategy_nearest,False,0.002329111099243164,success
0477A04A9C4C80,0,['Arena'],Casa Giulietta,"['Centro Fotografia', 'Sighseeing', 'Torre Lamberti', 'Museo Conte', 'Museo Radio']",Teatro Romano,strategy_nearest,False,0.002691984176635742,success
0477A7429C4C80,3,"['Castelvecchio', 'Arena']",Casa Giulietta,"['Centro Fotografia', 'Sighseeing', 'Torre Lamberti', 'Museo Conte', 'Museo Radio']",Torre Lamberti,strategy_nearest,True,0.0025060176849365234,success
0477A24A9C4C80,2,"['Palazzo della Ragione', 'Torre Lamberti']",Santa Anastasia,"['AMO', 'Museo Conte', 'Teatro Romano', 'Centro Fotografia', 'Duomo']",Duomo,strategy_nearest,True,0.003187894821166992,success
0477B53A9C4C80,2,"['Teatro Romano', 'Torre Lamberti']",San Fermo,"['Museo Storia', 'Museo Radio', 'Casa Giulietta', 'Centro Fotografia', 'Arena']",Santa Anastasia,strategy_nearest,False,0.002644062042236328,success
0477A9429C4C80,3,"['Arena', 'Museo Lapidario', 'Castelvecchio']",Torre Lamberti,"['Sighseeing', 'Centro Fotografia', 'Museo Conte', 'Casa Giulietta', 'Palazzo della Ragione']",Casa Giulietta,strategy_nearest,True,0.0033483505249023438,success
0477AD3A9C4C80,3,"['Arena', 'Casa Giulietta']",Santa Anastasia,"['AMO', 'Museo Conte', 'Palazzo della Ragione', 'Teatro Romano', 'Centro Fotografia']",Duomo,strategy_nearest,False,0.001940011978149414,success
0477B73A9C4C80,3,"['Arena', 'Castelvecchio', 'Tomba Giulietta']",Museo Storia,"['San Fermo', 'Museo Radio', 'Casa Giulietta', 'Centro Fotografia', 'Torre Lamberti']",San Fermo,strategy_nearest,True,0.0031790733337402344,success
0477B83A9C4C80,3,"['Arena', 'Castelvecchio']",Duomo,"['AMO', 'Museo Miniscalchi', 'Santa Anastasia', 'Teatro Romano', 'Palazzo della Ragione']",Santa Anastasia,strategy_nearest,True,0.0016269683837890625,success
0477C43A9C4C80,3,['Arena'],Castelvecchio,"['Museo Lapidario', 'Verona Tour', 'Museo Radio', 'San Zeno', 'Sighseeing']",Duomo,strategy_nearest,False,0.0025348663330078125,success
0477BC429C4C80,0,['Castelvecchio'],Arena,"['Verona Tour', 'Museo Lapidario', 'Museo Radio', 'San Fermo', 'Casa Giulietta']",Teatro Romano,strategy_nearest,False,0.0032019615173339844,success
0477CB3A9C4C80,0,"['Torre Lamberti', 'Casa Giulietta']",Arena,"['Verona Tour', 'Museo Lapidario', 'Museo Radio', 'San Fermo', 'Sighseeing']",Tomba Giulietta,strategy_nearest,False,0.0032129287719726562,success
0477D63A9C4C80,1,"['Casa Giulietta', 'Palazzo della Ragione', 'Torre Lamberti', 'San Fermo']",Santa Anastasia,"['AMO', 'Museo Conte', 'Teatro Romano', 'Centro Fotografia', 'Duomo']",Duomo,strategy_nearest,True,0.002537250518798828,success
0477D7429C4C80,0,['San Zeno'],Arena,"['Verona Tour', 'Museo Lapidario', 'Museo Radio', 'San Fermo', 'Casa Giulietta']",San Fermo,strategy_nearest,True,0.0017688274383544922,success
0477F23A9C4C80,0,['Arena'],Casa Giulietta,"['Centro Fotografia', 'Sighseeing', 'Torre Lamberti', 'Museo Conte', 'Museo Radio']",Torre Lamberti,strategy_nearest,True,0.003097057342529297,success
0477F63A9C4C80,3,['Arena'],Castelvecchio,"['Museo Lapidario', 'Verona Tour', 'Museo Radio', 'San Zeno', 'Sighseeing']",San Zeno,strategy_nearest,True,0.0029442310333251953,success
0477FA3A9C4C80,1,"['Casa Giulietta', 'Torre Lamberti', 'Palazzo della Ragione']",Santa Anastasia,"['AMO', 'Museo Conte', 'Teatro Romano', 'Centro Fotografia', 'Duomo']",Duomo,strategy_nearest,True,0.0032699108123779297,success
0477F8429C4C80,3,"['Castelvecchio', 'Teatro Romano']",Arena,"['Verona Tour', 'Museo Lapidario', 'Museo Radio', 'San Fermo', 'Casa Giulietta']",Torre Lamberti,strategy_nearest,False,0.002126932144165039,success
0477F7429C4C80,0,['Arena'],Museo Lapidario,"['Verona Tour', 'Castelvecchio', 'Museo Radio', 'San Fermo', 'Casa Giulietta']",Castelvecchio,strategy_nearest,True,0.0036041736602783203,success
0478033A9C4C84,0,['Arena'],Casa Giulietta,"['Centro Fotografia', 'Sighseeing', 'Torre Lamberti', 'Museo Conte', 'Museo Radio']",Santa Anastasia,strategy_nearest,False,0.003304004669189453,success
04780E429C4C84,3,"['Casa Giulietta', 'Castelvecchio', 'San Zeno']",Santa Anastasia,"['AMO', 'Museo Conte', 'Palazzo della Ragione', 'Teatro Romano', 'Centro Fotografia']",Torre Lamberti,strategy_nearest,False,0.0026159286499023438,success
04780B429C4C84,0,['Arena'],Museo Lapidario,"['Verona Tour', 'Castelvecchio', 'Museo Radio', 'San Fermo', 'Casa Giulietta']",Castelvecchio,strategy_nearest,True,0.0026891231536865234,success
04780A3A9C4C84,0,['Arena'],Tomba Giulietta,"['San Fermo', 'Museo Storia', 'Museo Lapidario', 'Museo Radio', 'Verona Tour']",Casa Giulietta,strategy_nearest,False,0.0021200180053710938,success
047813429C4C80,2,"['Teatro Romano', 'Duomo', 'Santa Anastasia']",Torre Lamberti,"['Sighseeing', 'Centro Fotografia', 'Museo Conte', 'Casa Giulietta', 'Palazzo della Ragione']",Casa Giulietta,strategy_nearest,True,0.0033750534057617188,success
0478143A9C4C80,3,"['Arena', 'Casa Giulietta']",Torre Lamberti,"['Sighseeing', 'Centro Fotografia', 'Museo Conte', 'Palazzo della Ragione', 'AMO']",Santa Anastasia,strategy_nearest,False,0.00185394287109375,success
0478153A9C4C80,2,['Casa Giulietta'],Castelvecchio,"['Museo Lapidario', 'Verona Tour', 'Arena', 'Museo Radio', 'San Zeno']",Palazzo della Ragione,strategy_nearest,False,0.0024361610412597656,success
0478233A9C4C80,2,['Torre Lamberti'],Palazzo della Ragione,"['AMO', 'Museo Conte', 'Centro Fotografia', 'Sighseeing', 'Santa Anastasia']",Teatro Romano,strategy_nearest,False,0.0022728443145751953,success
04781A429C4C84,3,"['Teatro Romano', 'Santa Anastasia']",San Fermo,"['Museo Storia', 'Museo Radio', 'Casa Giulietta', 'Centro Fotografia', 'Arena']",Arena,strategy_nearest,True,0.002621173858642578,success
04781F4A9C4C80,1,"['Arena', 'Casa Giulietta', 'Torre Lamberti', 'Palazzo della Ragione']",Santa Anastasia,"['AMO', 'Museo Conte', 'Teatro Romano', 'Centro Fotografia', 'Duomo']",Castelvecchio,strategy_nearest,False,0.0042476654052734375,success
047825429C4C84,2,['Castelvecchio'],Duomo,"['AMO', 'Museo Miniscalchi', 'Santa Anastasia', 'Teatro Romano', 'Palazzo della Ragione']",Teatro Romano,strategy_nearest,True,0.0037140846252441406,success
047826429C4C84,3,"['Arena', 'Museo Lapidario']",Castelvecchio,"['Verona Tour', 'Museo Radio', 'San Zeno', 'Sighseeing', 'Museo Miniscalchi']",Torre Lamberti,strategy_nearest,False,0.002778291702270508,success
0478314A9C4C80,2,"['San Fermo', 'Giardino Giusti']",Casa Giulietta,"['Centro Fotografia', 'Sighseeing', 'Torre Lamberti', 'Museo Conte', 'Museo Radio']",Casa Giulietta,strategy_nearest,False,0.0033407211303710938,success
0478283A9C4C80,0,['Arena'],Torre Lamberti,"['Sighseeing', 'Centro Fotografia', 'Museo Conte', 'Casa Giulietta', 'Palazzo della Ragione']",Duomo,strategy_nearest,False,0.002157926559448242,success
04782C429C4C80,3,"['Arena', 'Casa Giulietta']",Torre Lamberti,"['Sighseeing', 'Centro Fotografia', 'Museo Conte', 'Palazzo della Ragione', 'AMO']",Duomo,strategy_nearest,False,0.0028569698333740234,success
047836429C4C80,1,"['Arena', 'Santa Anastasia']",Palazzo della Ragione,"['AMO', 'Museo Conte', 'Torre Lamberti', 'Centro Fotografia', 'Sighseeing']",Torre Lamberti,strategy_nearest,True,0.0022840499877929688,success
04783C429C4C80,2,"['Teatro Romano', 'Casa Giulietta']",San Fermo,"['Museo Storia', 'Museo Radio', 'Centro Fotografia', 'Arena', 'Sighseeing']",Giardino Giusti,strategy_nearest,False,0.002131223678588867,success
0478413A9C4C80,3,"['Duomo', 'Santa Anastasia']",San Fermo,"['Museo Storia', 'Museo Radio', 'Casa Giulietta', 'Centro Fotografia', 'Arena']",Arena,strategy_nearest,True,0.0034208297729492188,success
04783B429C4C80,0,['Casa Giulietta'],Arena,"['Verona Tour', 'Museo Lapidario', 'Museo Radio', 'San Fermo', 'Sighseeing']",Torre Lamberti,strategy_nearest,False,0.0028269290924072266,success
04784B429C4C80,1,"['Arena', 'Torre Lamberti', 'Palazzo della Ragione']",Teatro Romano,"['Santa Anastasia', 'Duomo', 'AMO', 'Museo Conte', 'Centro Fotografia']",Castelvecchio,strategy_nearest,False,0.0032739639282226562,success
04785A429C4C80,0,['Castelvecchio'],Arena,"['Verona Tour', 'Museo Lapidario', 'Museo Radio', 'San Fermo', 'Casa Giulietta']",Casa Giulietta,strategy_nearest,True,0.0025777816772460938,success
04785D429C4C80,0,"['Arena', 'Duomo']",Casa Giulietta,"['Centro Fotografia', 'Sighseeing', 'Torre Lamberti', 'Museo Conte', 'Museo Radio']",Castelvecchio,strategy_nearest,False,0.0013320446014404297,success
04786C3A9C4C80,3,"['Arena', 'Casa Giulietta']",Duomo,"['AMO', 'Museo Miniscalchi', 'Santa Anastasia', 'Teatro Romano', 'Palazzo della Ragione']",Teatro Romano,strategy_nearest,True,0.0034389495849609375,success
04786D3A9C4C80,0,"['San Zeno', 'Castelvecchio']",Casa Giulietta,"['Centro Fotografia', 'Sighseeing', 'Torre Lamberti', 'Museo Conte', 'Museo Radio']",Tomba Giulietta,strategy_nearest,False,0.003492116928100586,success
04786D429C4C80,0,"['Teatro Romano', 'Tomba Giulietta']",Arena,"['Verona Tour', 'Museo Lapidario', 'Museo Radio', 'San Fermo', 'Casa Giulietta']",Casa Giulietta,strategy_nearest,True,0.0019030570983886719,success
047872429C4C80,0,['Arena'],Casa Giulietta,"['Centro Fotografia', 'Sighseeing', 'Torre Lamberti', 'Museo Conte', 'Museo Radio']",Duomo,strategy_nearest,False,0.003289937973022461,success
04787D429C4C80,3,"['Arena', 'Castelvecchio']",Casa Giulietta,"['Centro Fotografia', 'Sighseeing', 'Torre Lamberti', 'Museo Conte', 'Museo Radio']",Santa Anastasia,strategy_nearest,False,0.0041048526763916016,success
04788A429C4C80,0,['Arena'],Casa Giulietta,"['Centro Fotografia', 'Sighseeing', 'Torre Lamberti', 'Museo Conte', 'Museo Radio']",Torre Lamberti,strategy_nearest,True,0.0020449161529541016,success
04787F429C4C80,3,"['Torre Lamberti', 'Casa Giulietta', 'Arena']",Castelvecchio,"['Museo Lapidario', 'Verona Tour', 'Museo Radio', 'San Zeno', 'Sighseeing']",Tomba Giulietta,strategy_nearest,False,0.0015418529510498047,success
047881429C4C80,3,"['Museo Lapidario', 'Arena', 'Torre Lamberti']",Casa Giulietta,"['Centro Fotografia', 'Sighseeing', 'Museo Conte', 'Museo Radio', 'Palazzo della Ragione']",Duomo,strategy_nearest,False,0.0033979415893554688,success
04788F4A9C4C80,0,['Arena'],Casa Giulietta,"['Centro Fotografia', 'Sighseeing', 'Torre Lamberti', 'Museo Conte', 'Museo Radio']",Torre Lamberti,strategy_nearest,True,0.0028057098388671875,success
04789C4A9C4C80,3,"['Arena', 'Museo Lapidario', 'Torre Lamberti']",Casa Giulietta,"['Centro Fotografia', 'Sighseeing', 'Museo Conte', 'Museo Radio', 'Palazzo della Ragione']",San Fermo,strategy_nearest,False,0.0026612281799316406,success
047893429C4C80,3,"['Arena', 'Casa Giulietta']",Santa Anastasia,"['AMO', 'Museo Conte', 'Palazzo della Ragione', 'Teatro Romano', 'Centro Fotografia']",Torre Lamberti,strategy_nearest,False,0.001962900161743164,success
0478954A9C4C80,3,"['Castelvecchio', 'Arena', 'Torre Lamberti']",Casa Giulietta,"['Centro Fotografia', 'Sighseeing', 'Museo Conte', 'Museo Radio', 'Palazzo della Ragione']",Santa Anastasia,strategy_nearest,False,0.0033729076385498047,success
0478A64A9C4C80,3,"['Arena', 'Torre Lamberti']",Santa Anastasia,"['AMO', 'Museo Conte', 'Palazzo della Ragione', 'Teatro Romano', 'Centro Fotografia']",Giardino Giusti,strategy_nearest,False,0.0014820098876953125,success
04789F4A9C4C80,0,['Arena'],Museo Lapidario,"['Verona Tour', 'Castelvecchio', 'Museo Radio', 'San Fermo', 'Casa Giulietta']",Castelvecchio,strategy_nearest,True,0.003923892974853516,success
0478A74A9C4C80,0,"['Castelvecchio', 'Casa Giulietta', 'Arena']",Museo Lapidario,"['Verona Tour', 'Museo Radio', 'San Fermo', 'Tomba Giulietta', 'Sighseeing']",Tomba Giulietta,strategy_nearest,True,0.002017974853515625,success
0478A0429C4C80,3,['Castelvecchio'],Arena,"['Verona Tour', 'Museo Lapidario', 'Museo Radio', 'San Fermo', 'Casa Giulietta']",Santa Anastasia,strategy_nearest,False,0.0034580230712890625,success
0478A93A9C4C80,3,"['Arena', 'Casa Giulietta']",Torre Lamberti,"['Sighseeing', 'Centro Fotografia', 'Museo Conte', 'Palazzo della Ragione', 'AMO']",Duomo,strategy_nearest,False,0.002209186553955078,success
0478AC429C4C80,0,['Casa Giulietta'],Arena,"['Verona Tour', 'Museo Lapidario', 'Museo Radio', 'San Fermo', 'Sighseeing']",Torre Lamberti,strategy_nearest,False,0.004027843475341797,success
0478B63A9C4C80,2,['Casa Giulietta'],Torre Lamberti,"['Sighseeing', 'Centro Fotografia', 'Museo Conte', 'Palazzo della Ragione', 'AMO']",Santa Anastasia,strategy_nearest,False,0.002695798873901367,success
0478B93A9C4C80,3,['Arena'],Santa Anastasia,"['AMO', 'Museo Conte', 'Palazzo della Ragione', 'Teatro Romano', 'Centro Fotografia']",Duomo,strategy_nearest,False,0.0020220279693603516,success
0478BB3A9C4C80,0,['Arena'],Santa Anastasia,"['AMO', 'Museo Conte', 'Palazzo della Ragione', 'Teatro Romano', 'Centro Fotografia']",Castelvecchio,strategy_nearest,False,0.0034589767456054688,success
0478D23A9C4C80,3,"['Museo Lapidario', 'Casa Giulietta', 'Castelvecchio']",Teatro Romano,"['Santa Anastasia', 'Duomo', 'AMO', 'Palazzo della Ragione', 'Museo Conte']",San Fermo,strategy_nearest,False,0.0032389163970947266,success
0478CF3A9C4C80,0,['Arena'],Casa Giulietta,"['Centro Fotografia', 'Sighseeing', 'Torre Lamberti', 'Museo Conte', 'Museo Radio']",San Zeno,strategy_nearest,False,0.0027189254760742188,success
0478C83A9C4C80,3,"['Castelvecchio', 'Arena', 'Casa Giulietta']",Torre Lamberti,"['Sighseeing', 'Centro Fotografia', 'Museo Conte', 'Palazzo della Ragione', 'AMO']",Santa Anastasia,strategy_nearest,False,0.0013937950134277344,success
0478D73A9C4C80,3,"['Arena', 'Torre Lamberti']",Santa Anastasia,"['AMO', 'Museo Conte', 'Palazzo della Ragione', 'Teatro Romano', 'Centro Fotografia']",Castelvecchio,strategy_nearest,False,0.002817869186401367,success
0478F13A9C4C80,0,['Arena'],Casa Giulietta,"['Centro Fotografia', 'Sighseeing', 'Torre Lamberti', 'Museo Conte', 'Museo Radio']",Torre Lamberti,strategy_nearest,True,0.0021522045135498047,success
0478F9429C4C80,0,['Castelvecchio'],San Zeno,"['Verona Tour', 'Museo Lapidario', 'Arena', 'Museo Miniscalchi', 'Sighseeing']",Arena,strategy_nearest,True,0.003226757049560547,success
0478F8429C4C80,3,"['Castelvecchio', 'Teatro Romano']",Arena,"['Verona Tour', 'Museo Lapidario', 'Museo Radio', 'San Fermo', 'Casa Giulietta']",Torre Lamberti,strategy_nearest,False,0.0026090145111083984,success
0478FF3A9C4C80,3,"['Arena', 'Torre Lamberti']",Casa Giulietta,"['Centro Fotografia', 'Sighseeing', 'Museo Conte', 'Museo Radio', 'Palazzo della Ragione']",Santa Anastasia,strategy_nearest,False,0.002228975296020508,success
047909429C4C84,2,"['Casa Giulietta', 'Giardino Giusti', 'San Zeno', 'Tomba Giulietta']",San Fermo,"['Museo Storia', 'Museo Radio', 'Centro Fotografia', 'Arena', 'Sighseeing']",Casa Giulietta,strategy_nearest,False,0.0015842914581298828,success
04790E429C4C84,2,"['Casa Giulietta', 'Teatro Romano', 'Giardino Giusti']",Castelvecchio,"['Museo Lapidario', 'Verona Tour', 'Arena', 'Museo Radio', 'San Zeno']",Tomba Giulietta,strategy_nearest,False,0.0026497840881347656,success
0478FE3A9C4C80,0,['Torre Lamberti'],Casa Giulietta,"['Centro Fotografia', 'Sighseeing', 'Museo Conte', 'Museo Radio', 'Palazzo della Ragione']",Arena,strategy_nearest,False,0.004112958908081055,success
047915429C4C80,0,"['San Zeno', 'Arena']",Casa Giulietta,"['Centro Fotografia', 'Sighseeing', 'Torre Lamberti', 'Museo Conte', 'Museo Radio']",Giardino Giusti,strategy_nearest,False,0.0020999908447265625,success
0479143A9C4C80,0,['Arena'],Casa Giulietta,"['Centro Fotografia', 'Sighseeing', 'Torre Lamberti', 'Museo Conte', 'Museo Radio']",San Fermo,strategy_nearest,False,0.002747058868408203,success
047917429C4C80,0,['Arena'],Casa Giulietta,"['Centro Fotografia', 'Sighseeing', 'Torre Lamberti', 'Museo Conte', 'Museo Radio']",Torre Lamberti,strategy_nearest,True,0.0026390552520751953,success
047921429C4C80,0,['Torre Lamberti'],Arena,"['Verona Tour', 'Museo Lapidario', 'Museo Radio', 'San Fermo', 'Casa Giulietta']",Tomba Giulietta,strategy_nearest,False,0.0032482147216796875,success
047949429C4C80,3,"['San Fermo', 'Casa Giulietta']",Arena,"['Verona Tour', 'Museo Lapidario', 'Museo Radio', 'Sighseeing', 'Castelvecchio']",Torre Lamberti,strategy_nearest,False,0.002694845199584961,success
04794B3A9C4C80,3,"['Castelvecchio', 'Santa Anastasia']",Torre Lamberti,"['Sighseeing', 'Centro Fotografia', 'Museo Conte', 'Casa Giulietta', 'Palazzo della Ragione']",Duomo,strategy_nearest,False,0.001378774642944336,success
047933429C4C80,2,['Santa Anastasia'],Duomo,"['AMO', 'Museo Miniscalchi', 'Teatro Romano', 'Palazzo della Ragione', 'Museo Conte']",Castelvecchio,strategy_nearest,False,0.0033349990844726562,success
04792D429C4C80,1,"['Castelvecchio', 'Palazzo della Ragione', 'Torre Lamberti', 'Santa Anastasia']",Duomo,"['AMO', 'Museo Miniscalchi', 'Teatro Romano', 'Museo Conte', 'Centro Fotografia']",Teatro Romano,strategy_nearest,True,0.0040130615234375,success
0479553A9C4C80,3,['Arena'],Santa Anastasia,"['AMO', 'Museo Conte', 'Palazzo della Ragione', 'Teatro Romano', 'Centro Fotografia']",San Fermo,strategy_nearest,False,0.002315044403076172,success
047966429C4C80,3,['Arena'],Casa Giulietta,"['Centro Fotografia', 'Sighseeing', 'Torre Lamberti', 'Museo Conte', 'Museo Radio']",Santa Anastasia,strategy_nearest,False,0.0027627944946289062,success
04794F3A9C4C80,2,['Casa Giulietta'],Santa Anastasia,"['AMO', 'Museo Conte', 'Palazzo della Ragione', 'Teatro Romano', 'Centro Fotografia']",Duomo,strategy_nearest,False,0.004743814468383789,success
04795D3A9C4C80,3,"['Arena', 'Casa Giulietta', 'Torre Lamberti']",Santa Anastasia,"['AMO', 'Museo Conte', 'Palazzo della Ragione', 'Teatro Romano', 'Centro Fotografia']",Museo Lapidario,strategy_nearest,False,0.002187013626098633,success
04797C429C4C80,0,['Arena'],Casa Giulietta,"['Centro Fotografia', 'Sighseeing', 'Torre Lamberti', 'Museo Conte', 'Museo Radio']",Duomo,strategy_nearest,False,0.002597808837890625,success
04797B4A9C4C80,3,"['Castelvecchio', 'Arena', 'Casa Giulietta']",Santa Anastasia,"['AMO', 'Museo Conte', 'Palazzo della Ragione', 'Teatro Romano', 'Centro Fotografia']",Torre Lamberti,strategy_nearest,False,0.002186298370361328,success
0479773A9C4C80,0,['Arena'],Torre Lamberti,"['Sighseeing', 'Centro Fotografia', 'Museo Conte', 'Casa Giulietta', 'Palazzo della Ragione']",Casa Giulietta,strategy_nearest,True,0.0015859603881835938,success
04796D429C4C80,0,['Casa Giulietta'],Torre Lamberti,"['Sighseeing', 'Centro Fotografia', 'Museo Conte', 'Palazzo della Ragione', 'AMO']",Arena,strategy_nearest,False,0.004007101058959961,success
047981429C4C80,3,['Castelvecchio'],Arena,"['Verona Tour', 'Museo Lapidario', 'Museo Radio', 'San Fermo', 'Casa Giulietta']",Santa Anastasia,strategy_nearest,False,0.0013370513916015625,success
047983429C4C80,0,"['Arena', 'Castelvecchio']",Teatro Romano,"['Santa Anastasia', 'Duomo', 'AMO', 'Palazzo della Ragione', 'Museo Conte']",Tomba Giulietta,strategy_nearest,False,0.0018758773803710938,success
0479944A9C4C80,3,['Arena'],Santa Anastasia,"['AMO', 'Museo Conte', 'Palazzo della Ragione', 'Teatro Romano', 'Centro Fotografia']",Teatro Romano,strategy_nearest,True,0.002699136734008789,success
04798F4A9C4C80,3,['Arena'],Santa Anastasia,"['AMO', 'Museo Conte', 'Palazzo della Ragione', 'Teatro Romano', 'Centro Fotografia']",Duomo,strategy_nearest,False,0.003531932830810547,success
04799D4A9C4C80,2,"['Giardino Giusti', 'Teatro Romano']",San Zeno,"['Castelvecchio', 'Verona Tour', 'Museo Lapidario', 'Arena', 'Museo Miniscalchi']",Palazzo della Ragione,strategy_nearest,False,0.002392292022705078,success
0479AC429C4C80,2,['Teatro Romano'],Santa Anastasia,"['AMO', 'Museo Conte', 'Palazzo della Ragione', 'Centro Fotografia', 'Duomo']",Casa Giulietta,strategy_nearest,False,0.0017969608306884766,success
0479A7429C4C80,0,['Arena'],Casa Giulietta,"['Centro Fotografia', 'Sighseeing', 'Torre Lamberti', 'Museo Conte', 'Museo Radio']",Santa Anastasia,strategy_nearest,False,0.004040241241455078,success
0479B73A9C4C80,2,['Castelvecchio'],Santa Anastasia,"['AMO', 'Museo Conte', 'Palazzo della Ragione', 'Teatro Romano', 'Centro Fotografia']",Duomo,strategy_nearest,False,0.0032236576080322266,success
0479C03A9C4C80,3,"['Arena', 'Casa Giulietta', 'Torre Lamberti']",Santa Anastasia,"['AMO', 'Museo Conte', 'Palazzo della Ragione', 'Teatro Romano', 'Centro Fotografia']",Duomo,strategy_nearest,False,0.0024302005767822266,success
0479BF3A9C4C80,0,['Arena'],Casa Giulietta,"['Centro Fotografia', 'Sighseeing', 'Torre Lamberti', 'Museo Conte', 'Museo Radio']",Torre Lamberti,strategy_nearest,True,0.003271818161010742,success
0479D03A9C4C80,3,"['Casa Giulietta', 'Arena', 'Museo Lapidario', 'Castelvecchio']",Santa Anastasia,"['AMO', 'Museo Conte', 'Palazzo della Ragione', 'Teatro Romano', 'Centro Fotografia']",Duomo,strategy_nearest,False,0.002424001693725586,success
0479C53A9C4C80,3,['Tomba Giulietta'],Duomo,"['AMO', 'Museo Miniscalchi', 'Santa Anastasia', 'Teatro Romano', 'Palazzo della Ragione']",Santa Anastasia,strategy_nearest,True,0.0033800601959228516,success
0479D43A9C4C80,1,"['Arena', 'Casa Giulietta', 'Torre Lamberti']",Teatro Romano,"['Santa Anastasia', 'Duomo', 'AMO', 'Palazzo della Ragione', 'Museo Conte']",Santa Anastasia,strategy_nearest,True,0.0022878646850585938,success
0479D4429C4C80,3,"['Castelvecchio', 'Casa Giulietta', 'Arena']",Museo Lapidario,"['Verona Tour', 'Museo Radio', 'San Fermo', 'Tomba Giulietta', 'Sighseeing']",San Fermo,strategy_nearest,True,0.0016050338745117188,success
0479E4429C4C80,3,"['San Fermo', 'Arena', 'San Zeno', 'Museo Lapidario']",Casa Giulietta,"['Centro Fotografia', 'Sighseeing', 'Torre Lamberti', 'Museo Conte', 'Museo Radio']",Torre Lamberti,strategy_nearest,True,0.003262042999267578,success
0479DA3A9C4C80,3,"['Torre Lamberti', 'Castelvecchio', 'Arena', 'Tomba Giulietta']",Museo Storia,"['San Fermo', 'Museo Radio', 'Casa Giulietta', 'Centro Fotografia', 'Sighseeing']",San Fermo,strategy_nearest,True,0.0026092529296875,success
0479ED3A9C4C80,3,"['Arena', 'Casa Giulietta']",Torre Lamberti,"['Sighseeing', 'Centro Fotografia', 'Museo Conte', 'Palazzo della Ragione', 'AMO']",Santa Anastasia,strategy_nearest,False,0.002413034439086914,success
0479F03A9C4C80,0,"['Arena', 'Castelvecchio']",Casa Giulietta,"['Centro Fotografia', 'Sighseeing', 'Torre Lamberti', 'Museo Conte', 'Museo Radio']",Torre Lamberti,strategy_nearest,True,0.0015900135040283203,success
0479EF3A9C4C80,1,"['Casa Giulietta', 'Teatro Romano', 'Arena']",Castelvecchio,"['Museo Lapidario', 'Verona Tour', 'Museo Radio', 'San Zeno', 'Sighseeing']",Torre Lamberti,strategy_nearest,False,0.003316164016723633,success
0479FB3A9C4C80,0,['Arena'],Casa Giulietta,"['Centro Fotografia', 'Sighseeing', 'Torre Lamberti', 'Museo Conte', 'Museo Radio']",Torre Lamberti,strategy_nearest,True,0.003268003463745117,success
047A023A9C4C84,1,"['Arena', 'Casa Giulietta']",Teatro Romano,"['Santa Anastasia', 'Duomo', 'AMO', 'Palazzo della Ragione', 'Museo Conte']",Torre Lamberti,strategy_nearest,False,0.0024390220642089844,success
047A0B3A9C4C84,3,"['Arena', 'Torre Lamberti']",Casa Giulietta,"['Centro Fotografia', 'Sighseeing', 'Museo Conte', 'Museo Radio', 'Palazzo della Ragione']",Santa Anastasia,strategy_nearest,False,0.003376007080078125,success
047A013A9C4C84,3,['Arena'],Casa Giulietta,"['Centro Fotografia', 'Sighseeing', 'Torre Lamberti', 'Museo Conte', 'Museo Radio']",Santa Anastasia,strategy_nearest,False,0.0031349658966064453,success
047A0B4A9C4C80,3,"['Teatro Romano', 'Santa Anastasia', 'Duomo']",Arena,"['Verona Tour', 'Museo Lapidario', 'Museo Radio', 'San Fermo', 'Casa Giulietta']",Castelvecchio,strategy_nearest,False,0.0031981468200683594,success
047A0F429C4C84,2,"['San Fermo', 'Santa Anastasia']",Duomo,"['AMO', 'Museo Miniscalchi', 'Teatro Romano', 'Palazzo della Ragione', 'Museo Conte']",Teatro Romano,strategy_nearest,True,0.003705739974975586,success
047A103A9C4C80,0,"['San Fermo', 'Casa Giulietta']",Torre Lamberti,"['Sighseeing', 'Centro Fotografia', 'Museo Conte', 'Palazzo della Ragione', 'AMO']",Teatro Romano,strategy_nearest,False,0.002593994140625,success
047A133A9C4C84,2,['Castelvecchio'],Casa Giulietta,"['Centro Fotografia', 'Sighseeing', 'Torre Lamberti', 'Museo Conte', 'Museo Radio']",Duomo,strategy_nearest,False,0.003143787384033203,success
047A16429C4C84,0,['Arena'],San Zeno,"['Castelvecchio', 'Verona Tour', 'Museo Lapidario', 'Museo Miniscalchi', 'Sighseeing']",Castelvecchio,strategy_nearest,True,0.003416776657104492,success
047A183A9C4C84,0,['Arena'],Torre Lamberti,"['Sighseeing', 'Centro Fotografia', 'Museo Conte', 'Casa Giulietta', 'Palazzo della Ragione']",Casa Giulietta,strategy_nearest,True,0.003242969512939453,success
047A17429C4C84,3,"['Arena', 'Giardino Giusti', 'Teatro Romano', 'Tomba Giulietta']",Casa Giulietta,"['Centro Fotografia', 'Sighseeing', 'Torre Lamberti', 'Museo Conte', 'Museo Radio']",Torre Lamberti,strategy_nearest,True,0.0014410018920898438,success
047A154A9C4C80,3,"['Torre Lamberti', 'Arena', 'Giardino Giusti', 'Teatro Romano']",San Zeno,"['Castelvecchio', 'Verona Tour', 'Museo Lapidario', 'Museo Miniscalchi', 'Sighseeing']",Castelvecchio,strategy_nearest,True,0.002875089645385742,success
047A1F429C4C84,0,['Teatro Romano'],Casa Giulietta,"['Centro Fotografia', 'Sighseeing', 'Torre Lamberti', 'Museo Conte', 'Museo Radio']",Tomba Giulietta,strategy_nearest,False,0.0021429061889648438,success
047A1F3A9C4C80,3,"['Castelvecchio', 'Duomo', 'Arena']",Teatro Romano,"['Santa Anastasia', 'AMO', 'Palazzo della Ragione', 'Museo Conte', 'Centro Fotografia']",Giardino Giusti,strategy_nearest,False,0.002779245376586914,success
047A21429C4C80,1,"['Castelvecchio', 'Arena']",Palazzo della Ragione,"['AMO', 'Museo Conte', 'Torre Lamberti', 'Centro Fotografia', 'Sighseeing']",Torre Lamberti,strategy_nearest,True,0.0014491081237792969,success
047A2B3A9C4C80,2,"['Museo Lapidario', 'Castelvecchio']",Casa Giulietta,"['Centro Fotografia', 'Sighseeing', 'Torre Lamberti', 'Museo Conte', 'Museo Radio']",Torre Lamberti,strategy_nearest,True,0.0019538402557373047,success
047A233A9C4C80,3,"['Tomba Giulietta', 'Casa Giulietta']",Arena,"['Verona Tour', 'Museo Lapidario', 'Museo Radio', 'San Fermo', 'Sighseeing']",San Zeno,strategy_nearest,False,0.0029239654541015625,success
047A313A9C4C80,0,['Arena'],Casa Giulietta,"['Centro Fotografia', 'Sighseeing', 'Torre Lamberti', 'Museo Conte', 'Museo Radio']",Torre Lamberti,strategy_nearest,True,0.002590179443359375,success
047A3C3A9C4C80,1,"['Casa Giulietta', 'Teatro Romano', 'Arena', 'San Zeno']",Castelvecchio,"['Museo Lapidario', 'Verona Tour', 'Museo Radio', 'Sighseeing', 'Museo Miniscalchi']",Giardino Giusti,strategy_nearest,False,0.003203153610229492,success
047A53429C4C80,2,['Casa Giulietta'],Castelvecchio,"['Museo Lapidario', 'Verona Tour', 'Arena', 'Museo Radio', 'San Zeno']",Torre Lamberti,strategy_nearest,False,0.0031719207763671875,success
047A3F429C4C80,0,['Arena'],Castelvecchio,"['Museo Lapidario', 'Verona Tour', 'Museo Radio', 'San Zeno', 'Sighseeing']",Casa Giulietta,strategy_nearest,False,0.0032269954681396484,success
047A4F429C4C80,0,['Arena'],Castelvecchio,"['Museo Lapidario', 'Verona Tour', 'Museo Radio', 'San Zeno', 'Sighseeing']",Giardino Giusti,strategy_nearest,False,0.001986980438232422,success
047A563A9C4C80,3,"['Giardino Giusti', 'Teatro Romano', 'Duomo']",Santa Anastasia,"['AMO', 'Museo Conte', 'Palazzo della Ragione', 'Centro Fotografia', 'Torre Lamberti']",Casa Giulietta,strategy_nearest,False,0.003215789794921875,success
047A6C429C4C80,2,"['Casa Giulietta', 'San Zeno', 'Santa Anastasia']",Palazzo della Ragione,"['AMO', 'Museo Conte', 'Torre Lamberti', 'Centro Fotografia', 'Sighseeing']",Torre Lamberti,strategy_nearest,True,0.002574920654296875,success
047A663A9C4C80,0,"['Arena', 'Museo Lapidario']",Castelvecchio,"['Verona Tour', 'Museo Radio', 'San Zeno', 'Sighseeing', 'Museo Miniscalchi']",San Fermo,strategy_nearest,False,0.002187013626098633,success
047A683A9C4C80,2,"['Torre Lamberti', 'Santa Anastasia', 'Duomo', 'Castelvecchio']",Palazzo della Ragione,"['AMO', 'Museo Conte', 'Centro Fotografia', 'Sighseeing', 'Museo Miniscalchi']",San Fermo,strategy_nearest,False,0.0033652782440185547,success
047A6E3A9C4C80,0,"['Arena', 'Teatro Romano']",Casa Giulietta,"['Centro Fotografia', 'Sighseeing', 'Torre Lamberti', 'Museo Conte', 'Museo Radio']",Tomba Giulietta,strategy_nearest,False,0.003777027130126953,success
047A7A429C4C80,2,['Casa Giulietta'],Torre Lamberti,"['Sighseeing', 'Centro Fotografia', 'Museo Conte', 'Palazzo della Ragione', 'AMO']",Santa Anastasia,strategy_nearest,False,0.0028481483459472656,success
047A7E429C4C80,0,['Arena'],Casa Giulietta,"['Centro Fotografia', 'Sighseeing', 'Torre Lamberti', 'Museo Conte', 'Museo Radio']",Teatro Romano,strategy_nearest,False,0.0019381046295166016,success
047A7E3A9C4C80,3,"['Arena', 'Casa Giulietta', 'Torre Lamberti']",Santa Anastasia,"['AMO', 'Museo Conte', 'Palazzo della Ragione', 'Teatro Romano', 'Centro Fotografia']",Teatro Romano,strategy_nearest,True,0.0014710426330566406,success
047A7F3A9C4C80,3,"['Arena', 'Castelvecchio']",San Zeno,"['Verona Tour', 'Museo Lapidario', 'Museo Miniscalchi', 'Sighseeing', 'Museo Radio']",Casa Giulietta,strategy_nearest,False,0.0033991336822509766,success
047A87429C4C80,3,"['Arena', 'Santa Anastasia']",Duomo,"['AMO', 'Museo Miniscalchi', 'Teatro Romano', 'Palazzo della Ragione', 'Museo Conte']",Giardino Giusti,strategy_nearest,False,0.003450155258178711,success
047A854A9C4C80,1,['Arena'],Casa Giulietta,"['Centro Fotografia', 'Sighseeing', 'Torre Lamberti', 'Museo Conte', 'Museo Radio']",Palazzo della Ragione,strategy_nearest,False,0.0022749900817871094,success
047A88429C4C80,3,"['Arena', 'Casa Giulietta']",Torre Lamberti,"['Sighseeing', 'Centro Fotografia', 'Museo Conte', 'Palazzo della Ragione', 'AMO']",Santa Anastasia,strategy_nearest,False,0.0027892589569091797,success
047A8E4A9C4C80,3,"['Castelvecchio', 'Arena']",Casa Giulietta,"['Centro Fotografia', 'Sighseeing', 'Torre Lamberti', 'Museo Conte', 'Museo Radio']",Torre Lamberti,strategy_nearest,True,0.002048969268798828,success
047A92429C4C80,3,"['Arena', 'Casa Giulietta']",Santa Anastasia,"['AMO', 'Museo Conte', 'Palazzo della Ragione', 'Teatro Romano', 'Centro Fotografia']",Teatro Romano,strategy_nearest,True,0.0023081302642822266,success
047A934A9C4C80,2,"['Castelvecchio', 'Casa Giulietta']",Torre Lamberti,"['Sighseeing', 'Centro Fotografia', 'Museo Conte', 'Palazzo della Ragione', 'AMO']",Santa Anastasia,strategy_nearest,False,0.0015900135040283203,success
047A9A429C4C80,3,"['Arena', 'Duomo']",Santa Anastasia,"['AMO', 'Museo Conte', 'Palazzo della Ragione', 'Teatro Romano', 'Centro Fotografia']",Torre Lamberti,strategy_nearest,False,0.0028228759765625,success
047A9D4A9C4C80,1,"['Arena', 'Casa Giulietta']",Torre Lamberti,"['Sighseeing', 'Centro Fotografia', 'Museo Conte', 'Palazzo della Ragione', 'AMO']",Palazzo della Ragione,strategy_nearest,True,0.003434896469116211,success
047AA84A9C4C80,3,"['Arena', 'San Fermo', 'Teatro Romano', 'Casa Giulietta']",Tomba Giulietta,"['Museo Storia', 'Museo Lapidario', 'Museo Radio', 'Verona Tour', 'Castelvecchio']",Castelvecchio,strategy_nearest,True,0.0022101402282714844,success
047AA9429C4C80,2,['Santa Anastasia'],Teatro Romano,"['Duomo', 'AMO', 'Palazzo della Ragione', 'Museo Conte', 'Centro Fotografia']",Casa Giulietta,strategy_nearest,False,0.0020339488983154297,success
047AA7429C4C80,2,['Casa Giulietta'],Torre Lamberti,"['Sighseeing', 'Centro Fotografia', 'Museo Conte', 'Palazzo della Ragione', 'AMO']",Santa Anastasia,strategy_nearest,False,0.004080057144165039,success
047AA5429C4C80,2,['Torre Lamberti'],Casa Giulietta,"['Centro Fotografia', 'Sighseeing', 'Museo Conte', 'Museo Radio', 'Palazzo della Ragione']",Tomba Giulietta,strategy_nearest,False,0.0035181045532226562,success
047AAB429C4C80,3,"['Santa Anastasia', 'Torre Lamberti']",Casa Giulietta,"['Centro Fotografia', 'Sighseeing', 'Museo Conte', 'Museo Radio', 'Palazzo della Ragione']",Arena,strategy_nearest,False,0.0025599002838134766,success
047AAA4A9C4C80,2,['Casa Giulietta'],Torre Lamberti,"['Sighseeing', 'Centro Fotografia', 'Museo Conte', 'Palazzo della Ragione', 'AMO']",Santa Anastasia,strategy_nearest,False,0.0038361549377441406,success
047AB83A9C4C80,0,['Arena'],Casa Giulietta,"['Centro Fotografia', 'Sighseeing', 'Torre Lamberti', 'Museo Conte', 'Museo Radio']",Santa Anastasia,strategy_nearest,False,0.003141164779663086,success
047AC13A9C4C80,0,['Arena'],Museo Lapidario,"['Verona Tour', 'Castelvecchio', 'Museo Radio', 'San Fermo', 'Casa Giulietta']",Castelvecchio,strategy_nearest,True,0.0017387866973876953,success
047ACA3A9C4C80,3,"['Torre Lamberti', 'Santa Anastasia', 'Arena']",Casa Giulietta,"['Centro Fotografia', 'Sighseeing', 'Museo Conte', 'Museo Radio', 'Palazzo della Ragione']",Tomba Giulietta,strategy_nearest,False,0.0028069019317626953,success
047AC83A9C4C80,0,['Castelvecchio'],Duomo,"['AMO', 'Museo Miniscalchi', 'Santa Anastasia', 'Teatro Romano', 'Palazzo della Ragione']",Torre Lamberti,strategy_nearest,False,0.0014939308166503906,success
047AD63A9C4C80,0,['Arena'],Castelvecchio,"['Museo Lapidario', 'Verona Tour', 'Museo Radio', 'San Zeno', 'Sighseeing']",Torre Lamberti,strategy_nearest,False,0.002063751220703125,success
047AD7429C4C80,2,"['Torre Lamberti', 'Casa Giulietta']",Santa Anastasia,"['AMO', 'Museo Conte', 'Palazzo della Ragione', 'Teatro Romano', 'Centro Fotografia']",Castelvecchio,strategy_nearest,False,0.0033719539642333984,success
047ADD3A9C4C80,3,"['Casa Giulietta', 'Torre Lamberti']",Santa Anastasia,"['AMO', 'Museo Conte', 'Palazzo della Ragione', 'Teatro Romano', 'Centro Fotografia']",Duomo,strategy_nearest,False,0.0016067028045654297,success
047AE63A9C4C80,3,"['Arena', 'Casa Giulietta']",Santa Anastasia,"['AMO', 'Museo Conte', 'Palazzo della Ragione', 'Teatro Romano', 'Centro Fotografia']",Duomo,strategy_nearest,False,0.0025849342346191406,success
047AEF3A9C4C80,3,"['Arena', 'Casa Giulietta']",Torre Lamberti,"['Sighseeing', 'Centro Fotografia', 'Museo Conte', 'Palazzo della Ragione', 'AMO']",Santa Anastasia,strategy_nearest,False,0.003226041793823242,success
047AF73A9C4C80,0,"['Arena', 'Tomba Giulietta', 'Castelvecchio']",Torre Lamberti,"['Sighseeing', 'Centro Fotografia', 'Museo Conte', 'Casa Giulietta', 'Palazzo della Ragione']",Casa Giulietta,strategy_nearest,True,0.002724170684814453,success
047AF83A9C4C80,3,['Arena'],Casa Giulietta,"['Centro Fotografia', 'Sighseeing', 'Torre Lamberti', 'Museo Conte', 'Museo Radio']",Torre Lamberti,strategy_nearest,True,0.0025148391723632812,success
047AF23A9C4C80,0,['Arena'],Casa Giulietta,"['Centro Fotografia', 'Sighseeing', 'Torre Lamberti', 'Museo Conte', 'Museo Radio']",Torre Lamberti,strategy_nearest,True,0.0025899410247802734,success
047B043A9C4C84,0,['Arena'],Museo Lapidario,"['Verona Tour', 'Castelvecchio', 'Museo Radio', 'San Fermo', 'Casa Giulietta']",Tomba Giulietta,strategy_nearest,False,0.0032460689544677734,success
047B0D429C4C84,0,['Arena'],Santa Anastasia,"['AMO', 'Museo Conte', 'Palazzo della Ragione', 'Teatro Romano', 'Centro Fotografia']",Castelvecchio,strategy_nearest,False,0.0019309520721435547,success
047B0C429C4C84,3,"['Arena', 'San Fermo', 'Casa Giulietta']",Torre Lamberti,"['Sighseeing', 'Centro Fotografia', 'Museo Conte', 'Palazzo della Ragione', 'AMO']",Santa Anastasia,strategy_nearest,False,0.0028808116912841797,success
047B0B4A9C4C80,3,"['Arena', 'Museo Lapidario', 'San Fermo']",Museo Storia,"['Museo Radio', 'Casa Giulietta', 'Centro Fotografia', 'Tomba Giulietta', 'Torre Lamberti']",Teatro Romano,strategy_nearest,False,0.004228830337524414,success
047B0E3A9C4C80,2,"['Santa Anastasia', 'Teatro Romano']",Casa Giulietta,"['Centro Fotografia', 'Sighseeing', 'Torre Lamberti', 'Museo Conte', 'Museo Radio']",Tomba Giulietta,strategy_nearest,False,0.003453969955444336,success
047B16429C4C84,3,"['San Zeno', 'Duomo']",Santa Anastasia,"['AMO', 'Museo Conte', 'Palazzo della Ragione', 'Teatro Romano', 'Centro Fotografia']",Torre Lamberti,strategy_nearest,False,0.0028748512268066406,success
047B22429C4C84,3,"['Arena', 'Torre Lamberti', 'Duomo']",Casa Giulietta,"['Centro Fotografia', 'Sighseeing', 'Museo Conte', 'Museo Radio', 'Palazzo della Ragione']",San Fermo,strategy_nearest,False,0.0021469593048095703,success
047B273A9C4C80,2,['Casa Giulietta'],Torre Lamberti,"['Sighseeing', 'Centro Fotografia', 'Museo Conte', 'Palazzo della Ragione', 'AMO']",Castelvecchio,strategy_nearest,False,0.003116130828857422,success
047B103A9C4C80,1,"['Castelvecchio', 'Palazzo della Ragione']",Duomo,"['AMO', 'Museo Miniscalchi', 'Santa Anastasia', 'Teatro Romano', 'Museo Conte']",Teatro Romano,strategy_nearest,True,0.002846956253051758,success
047B46429C4C80,1,"['Arena', 'Casa Giulietta', 'Torre Lamberti', 'Santa Anastasia', 'Teatro Romano']",Duomo,"['AMO', 'Museo Miniscalchi', 'Palazzo della Ragione', 'Museo Conte', 'Centro Fotografia']",San Zeno,strategy_nearest,False,0.002017974853515625,success
047B274A9C4C80,3,"['Arena', 'Castelvecchio']",Santa Anastasia,"['AMO', 'Museo Conte', 'Palazzo della Ragione', 'Teatro Romano', 'Centro Fotografia']",Duomo,strategy_nearest,False,0.002872943878173828,success
047B39429C4C80,2,"['Santa Anastasia', 'Duomo']",Torre Lamberti,"['Sighseeing', 'Centro Fotografia', 'Museo Conte', 'Casa Giulietta', 'Palazzo della Ragione']",Teatro Romano,strategy_nearest,False,0.0015988349914550781,success
047B3D429C4C80,1,"['Museo Storia', 'Teatro Romano', 'Duomo']",Santa Anastasia,"['AMO', 'Museo Conte', 'Palazzo della Ragione', 'Centro Fotografia', 'Torre Lamberti']",Torre Lamberti,strategy_nearest,True,0.0034580230712890625,success
047B4F429C4C80,0,['San Fermo'],Arena,"['Verona Tour', 'Museo Lapidario', 'Museo Radio', 'Casa Giulietta', 'Sighseeing']",Teatro Romano,strategy_nearest,False,0.0020821094512939453,success
047B4C429C4C80,3,"['Arena', 'Torre Lamberti']",Santa Anastasia,"['AMO', 'Museo Conte', 'Palazzo della Ragione', 'Teatro Romano', 'Centro Fotografia']",Duomo,strategy_nearest,False,0.0027942657470703125,success
047B48429C4C80,3,"['Castelvecchio', 'Arena', 'San Fermo']",Duomo,"['AMO', 'Museo Miniscalchi', 'Santa Anastasia', 'Teatro Romano', 'Palazzo della Ragione']",Torre Lamberti,strategy_nearest,False,0.0022079944610595703,success
047B4D429C4C80,3,"['San Fermo', 'Casa Giulietta']",Arena,"['Verona Tour', 'Museo Lapidario', 'Museo Radio', 'Sighseeing', 'Castelvecchio']",Torre Lamberti,strategy_nearest,False,0.003354310989379883,success
047B50429C4C80,2,['San Fermo'],Castelvecchio,"['Museo Lapidario', 'Verona Tour', 'Arena', 'Museo Radio', 'San Zeno']",San Zeno,strategy_nearest,True,0.0013859272003173828,success
047B583A9C4C80,3,"['Arena', 'Torre Lamberti']",Casa Giulietta,"['Centro Fotografia', 'Sighseeing', 'Museo Conte', 'Museo Radio', 'Palazzo della Ragione']",Santa Anastasia,strategy_nearest,False,0.0028553009033203125,success
047B733A9C4C80,2,"['Santa Anastasia', 'Museo Lapidario']",Torre Lamberti,"['Sighseeing', 'Centro Fotografia', 'Museo Conte', 'Casa Giulietta', 'Palazzo della Ragione']",Casa Giulietta,strategy_nearest,True,0.0020003318786621094,success
047B683A9C4C80,1,"['Casa Giulietta', 'Torre Lamberti', 'Palazzo della Ragione', 'Teatro Romano']",Santa Anastasia,"['AMO', 'Museo Conte', 'Centro Fotografia', 'Duomo', 'Sighseeing']",Arena,strategy_nearest,False,0.003387928009033203,success
047B7A4A9C4C80,3,"['Castelvecchio', 'Torre Lamberti']",Santa Anastasia,"['AMO', 'Museo Conte', 'Palazzo della Ragione', 'Teatro Romano', 'Centro Fotografia']",Duomo,strategy_nearest,False,0.002758026123046875,success
047B82429C4C80,2,['Casa Giulietta'],Torre Lamberti,"['Sighseeing', 'Centro Fotografia', 'Museo Conte', 'Palazzo della Ragione', 'AMO']",Castelvecchio,strategy_nearest,False,0.0023736953735351562,success
047B7F429C4C80,3,"['Arena', 'Castelvecchio']",Museo Lapidario,"['Verona Tour', 'Museo Radio', 'San Fermo', 'Casa Giulietta', 'Tomba Giulietta']",Tomba Giulietta,strategy_nearest,True,0.002532958984375,success
047B8E4A9C4C80,0,['Arena'],Casa Giulietta,"['Centro Fotografia', 'Sighseeing', 'Torre Lamberti', 'Museo Conte', 'Museo Radio']",Tomba Giulietta,strategy_nearest,False,0.002476930618286133,success
047B854A9C4C80,3,['Arena'],Santa Anastasia,"['AMO', 'Museo Conte', 'Palazzo della Ragione', 'Teatro Romano', 'Centro Fotografia']",Torre Lamberti,strategy_nearest,False,0.0026209354400634766,success
047B87429C4C80,1,"['Castelvecchio', 'Casa Giulietta', 'Torre Lamberti']",Palazzo della Ragione,"['AMO', 'Museo Conte', 'Centro Fotografia', 'Sighseeing', 'Santa Anastasia']",Teatro Romano,strategy_nearest,False,0.0033681392669677734,success
047B914A9C4C80,0,['Arena'],Castelvecchio,"['Museo Lapidario', 'Verona Tour', 'Museo Radio', 'San Zeno', 'Sighseeing']",Casa Giulietta,strategy_nearest,False,0.003152132034301758,success
047B944A9C4C80,0,"['Arena', 'Casa Giulietta']",Torre Lamberti,"['Sighseeing', 'Centro Fotografia', 'Museo Conte', 'Palazzo della Ragione', 'AMO']",Duomo,strategy_nearest,False,0.0016188621520996094,success
047B984A9C4C80,1,"['Arena', 'Casa Giulietta', 'Torre Lamberti']",Palazzo della Ragione,"['AMO', 'Museo Conte', 'Centro Fotografia', 'Sighseeing', 'Santa Anastasia']",Castelvecchio,strategy_nearest,False,0.0033218860626220703,success
047B954A9C4C80,0,"['Torre Lamberti', 'Casa Giulietta']",Arena,"['Verona Tour', 'Museo Lapidario', 'Museo Radio', 'San Fermo', 'Sighseeing']",Duomo,strategy_nearest,False,0.0027031898498535156,success
047B9B4A9C4C80,0,['Castelvecchio'],Arena,"['Verona Tour', 'Museo Lapidario', 'Museo Radio', 'San Fermo', 'Casa Giulietta']",Casa Giulietta,strategy_nearest,True,0.002599954605102539,success
047BA14A9C4C80,2,['Torre Lamberti'],Casa Giulietta,"['Centro Fotografia', 'Sighseeing', 'Museo Conte', 'Museo Radio', 'Palazzo della Ragione']",Duomo,strategy_nearest,False,0.002334117889404297,success
047B994A9C4C80,0,['Arena'],San Zeno,"['Castelvecchio', 'Verona Tour', 'Museo Lapidario', 'Museo Miniscalchi', 'Sighseeing']",Castelvecchio,strategy_nearest,True,0.004225015640258789,success
047BA8429C4C80,3,['Arena'],Torre Lamberti,"['Sighseeing', 'Centro Fotografia', 'Museo Conte', 'Casa Giulietta', 'Palazzo della Ragione']",Santa Anastasia,strategy_nearest,False,0.0027437210083007812,success
047BAD3A9C4C80,3,"['Teatro Romano', 'Duomo', 'Torre Lamberti']",Casa Giulietta,"['Centro Fotografia', 'Sighseeing', 'Museo Conte', 'Museo Radio', 'Palazzo della Ragione']",San Fermo,strategy_nearest,False,0.0019681453704833984,success
047BB1429C4C80,0,['Castelvecchio'],Arena,"['Verona Tour', 'Museo Lapidario', 'Museo Radio', 'San Fermo', 'Casa Giulietta']",Casa Giulietta,strategy_nearest,True,0.0033330917358398438,success
047BA6429C4C80,2,"['San Fermo', 'Casa Giulietta', 'Torre Lamberti']",Santa Anastasia,"['AMO', 'Museo Conte', 'Palazzo della Ragione', 'Teatro Romano', 'Centro Fotografia']",Duomo,strategy_nearest,False,0.0034399032592773438,success
047BBA429C4C80,3,['Arena'],Torre Lamberti,"['Sighseeing', 'Centro Fotografia', 'Museo Conte', 'Casa Giulietta', 'Palazzo della Ragione']",Santa Anastasia,strategy_nearest,False,0.0020842552185058594,success
047BB6429C4C80,2,['Teatro Romano'],Duomo,"['AMO', 'Museo Miniscalchi', 'Santa Anastasia', 'Palazzo della Ragione', 'Museo Conte']",Casa Giulietta,strategy_nearest,False,0.0034029483795166016,success
047BB3429C4C80,3,"['Arena', 'Torre Lamberti']",Casa Giulietta,"['Centro Fotografia', 'Sighseeing', 'Museo Conte', 'Museo Radio', 'Palazzo della Ragione']",Santa Anastasia,strategy_nearest,False,0.0019829273223876953,success
047BBF3A9C4C80,0,"['Arena', 'Museo Lapidario']",Castelvecchio,"['Verona Tour', 'Museo Radio', 'San Zeno', 'Sighseeing', 'Museo Miniscalchi']",Casa Giulietta,strategy_nearest,False,0.0032629966735839844,success
047BCE3A9C4C80,3,"['Santa Anastasia', 'San Zeno']",Torre Lamberti,"['Sighseeing', 'Centro Fotografia', 'Museo Conte', 'Casa Giulietta', 'Palazzo della Ragione']",Tomba Giulietta,strategy_nearest,False,0.002716064453125,success
047BC13A9C4C80,3,"['Arena', 'Torre Lamberti', 'Santa Anastasia']",Duomo,"['AMO', 'Museo Miniscalchi', 'Teatro Romano', 'Palazzo della Ragione', 'Museo Conte']",Teatro Romano,strategy_nearest,True,0.003471851348876953,success
047BC4429C4C80,3,"['Arena', 'Torre Lamberti']",Casa Giulietta,"['Centro Fotografia', 'Sighseeing', 'Museo Conte', 'Museo Radio', 'Palazzo della Ragione']",Santa Anastasia,strategy_nearest,False,0.001538991928100586,success
047BC1429C4C80,0,['Arena'],Torre Lamberti,"['Sighseeing', 'Centro Fotografia', 'Museo Conte', 'Casa Giulietta', 'Palazzo della Ragione']",Casa Giulietta,strategy_nearest,True,0.004128932952880859,success
047BD1429C4C80,2,"['Duomo', 'Torre Lamberti']",Santa Anastasia,"['AMO', 'Museo Conte', 'Palazzo della Ragione', 'Teatro Romano', 'Centro Fotografia']",San Fermo,strategy_nearest,False,0.00401616096496582,success
047BD3429C4C80,4,"['San Fermo', 'Santa Anastasia', 'Casa Giulietta', 'Teatro Romano', 'Museo Radio']",Tomba Giulietta,"['Museo Storia', 'Arena', 'Museo Lapidario', 'Verona Tour', 'Castelvecchio']",Arena,strategy_nearest,True,0.0033979415893554688,success
047BD43A9C4C80,3,['Arena'],Casa Giulietta,"['Centro Fotografia', 'Sighseeing', 'Torre Lamberti', 'Museo Conte', 'Museo Radio']",Torre Lamberti,strategy_nearest,True,0.0014488697052001953,success
047BE6429C4C80,3,"['Arena', 'Casa Giulietta']",Santa Anastasia,"['AMO', 'Museo Conte', 'Palazzo della Ragione', 'Teatro Romano', 'Centro Fotografia']",Teatro Romano,strategy_nearest,True,0.002020120620727539,success
047BEC3A9C4C80,0,"['San Fermo', 'Museo Storia']",Giardino Giusti,"['Santa Anastasia', 'Teatro Romano', 'Museo Conte', 'Centro Fotografia', 'AMO']",Casa Giulietta,strategy_nearest,False,0.0012238025665283203,success
047BEE429C4C80,3,['Arena'],Casa Giulietta,"['Centro Fotografia', 'Sighseeing', 'Torre Lamberti', 'Museo Conte', 'Museo Radio']",Santa Anastasia,strategy_nearest,False,0.0018041133880615234,success
047BF63A9C4C80,1,"['Arena', 'Casa Giulietta']",Teatro Romano,"['Santa Anastasia', 'Duomo', 'AMO', 'Palazzo della Ragione', 'Museo Conte']",Torre Lamberti,strategy_nearest,False,0.0034859180450439453,success
047BFC429C4C80,3,"['Arena', 'Casa Giulietta', 'Castelvecchio']",Santa Anastasia,"['AMO', 'Museo Conte', 'Palazzo della Ragione', 'Teatro Romano', 'Centro Fotografia']",Duomo,strategy_nearest,False,0.0023949146270751953,success
047BEF3A9C4C80,3,"['Santa Anastasia', 'San Fermo', 'Teatro Romano']",Casa Giulietta,"['Centro Fotografia', 'Sighseeing', 'Torre Lamberti', 'Museo Conte', 'Museo Radio']",San Zeno,strategy_nearest,False,0.0027811527252197266,success
047BFD3A9C4C80,0,['Arena'],Casa Giulietta,"['Centro Fotografia', 'Sighseeing', 'Torre Lamberti', 'Museo Conte', 'Museo Radio']",Torre Lamberti,strategy_nearest,True,0.0029456615447998047,success
047C0A429C4C80,0,['Teatro Romano'],Arena,"['Verona Tour', 'Museo Lapidario', 'Museo Radio', 'San Fermo', 'Casa Giulietta']",Duomo,strategy_nearest,False,0.002351999282836914,success
047C184A9C4C80,3,"['Arena', 'Casa Giulietta', 'Torre Lamberti']",Santa Anastasia,"['AMO', 'Museo Conte', 'Palazzo della Ragione', 'Teatro Romano', 'Centro Fotografia']",Duomo,strategy_nearest,False,0.002009868621826172,success
047C0C3A9C4C84,0,['Arena'],Torre Lamberti,"['Sighseeing', 'Centro Fotografia', 'Museo Conte', 'Casa Giulietta', 'Palazzo della Ragione']",Casa Giulietta,strategy_nearest,True,0.0026247501373291016,success
047C1C3A9C4C84,3,"['Arena', 'Duomo']",Teatro Romano,"['Santa Anastasia', 'AMO', 'Palazzo della Ragione', 'Museo Conte', 'Centro Fotografia']",Santa Anastasia,strategy_nearest,True,0.0027251243591308594,success
047C1E3A9C4C84,0,['Casa Giulietta'],Arena,"['Verona Tour', 'Museo Lapidario', 'Museo Radio', 'San Fermo', 'Sighseeing']",Castelvecchio,strategy_nearest,False,0.0029091835021972656,success
047C253A9C4C84,0,['Arena'],Castelvecchio,"['Museo Lapidario', 'Verona Tour', 'Museo Radio', 'San Zeno', 'Sighseeing']",Casa Giulietta,strategy_nearest,False,0.0031380653381347656,success
047C24429C4C84,2,"['Castelvecchio', 'Torre Lamberti']",Santa Anastasia,"['AMO', 'Museo Conte', 'Palazzo della Ragione', 'Teatro Romano', 'Centro Fotografia']",Duomo,strategy_nearest,False,0.002640962600708008,success
047C34429C4C80,0,['Arena'],Torre Lamberti,"['Sighseeing', 'Centro Fotografia', 'Museo Conte', 'Casa Giulietta', 'Palazzo della Ragione']",Castelvecchio,strategy_nearest,False,0.0026390552520751953,success
047C47429C4C80,3,"['San Fermo', 'Museo Storia', 'Tomba Giulietta']",Casa Giulietta,"['Centro Fotografia', 'Sighseeing', 'Torre Lamberti', 'Museo Conte', 'Museo Radio']",Santa Anastasia,strategy_nearest,False,0.0032868385314941406,success
047C254A9C4C80,3,"['San Fermo', 'Arena', 'Casa Giulietta']",Santa Anastasia,"['AMO', 'Museo Conte', 'Palazzo della Ragione', 'Teatro Romano', 'Centro Fotografia']",Castelvecchio,strategy_nearest,False,0.0038149356842041016,success
047C4C3A9C4C80,3,"['Arena', 'Torre Lamberti']",Santa Anastasia,"['AMO', 'Museo Conte', 'Palazzo della Ragione', 'Teatro Romano', 'Centro Fotografia']",Teatro Romano,strategy_nearest,True,0.0017080307006835938,success
047C553A9C4C80,2,['Casa Giulietta'],Torre Lamberti,"['Sighseeing', 'Centro Fotografia', 'Museo Conte', 'Palazzo della Ragione', 'AMO']",Santa Anastasia,strategy_nearest,False,0.0030651092529296875,success
047C583A9C4C80,3,"['Arena', 'Museo Lapidario', 'Castelvecchio', 'San Zeno', 'Duomo']",Santa Anastasia,"['AMO', 'Museo Conte', 'Palazzo della Ragione', 'Teatro Romano', 'Centro Fotografia']",Torre Lamberti,strategy_nearest,False,0.001766204833984375,success
047C563A9C4C80,3,"['Castelvecchio', 'San Zeno']",Casa Giulietta,"['Centro Fotografia', 'Sighseeing', 'Torre Lamberti', 'Museo Conte', 'Museo Radio']",Teatro Romano,strategy_nearest,False,0.002576112747192383,success
047C683A9C4C80,4,"['Arena', 'Castelvecchio']",Museo Radio,"['Casa Giulietta', 'San Fermo', 'Sighseeing', 'Torre Lamberti', 'Centro Fotografia']",Museo Storia,strategy_nearest,False,0.003080129623413086,success
047C6A3A9C4C80,2,['Casa Giulietta'],Torre Lamberti,"['Sighseeing', 'Centro Fotografia', 'Museo Conte', 'Palazzo della Ragione', 'AMO']",Castelvecchio,strategy_nearest,False,0.0034210681915283203,success
047C6B429C4C80,1,"['Arena', 'Santa Anastasia', 'Casa Giulietta']",San Fermo,"['Museo Storia', 'Museo Radio', 'Centro Fotografia', 'Sighseeing', 'Torre Lamberti']",Torre Lamberti,strategy_nearest,True,0.0023360252380371094,success
047C773A9C4C80,0,['Arena'],Casa Giulietta,"['Centro Fotografia', 'Sighseeing', 'Torre Lamberti', 'Museo Conte', 'Museo Radio']",Torre Lamberti,strategy_nearest,True,0.003098726272583008,success
047C743A9C4C80,0,"['Arena', 'Torre Lamberti']",Casa Giulietta,"['Centro Fotografia', 'Sighseeing', 'Museo Conte', 'Museo Radio', 'Palazzo della Ragione']",Teatro Romano,strategy_nearest,False,0.0026149749755859375,success
047C7B429C4C80,0,['Arena'],Casa Giulietta,"['Centro Fotografia', 'Sighseeing', 'Torre Lamberti', 'Museo Conte', 'Museo Radio']",Castelvecchio,strategy_nearest,False,0.003529071807861328,success
047C7F3A9C4C80,0,['Castelvecchio'],Arena,"['Verona Tour', 'Museo Lapidario', 'Museo Radio', 'San Fermo', 'Casa Giulietta']",Casa Giulietta,strategy_nearest,True,0.0026328563690185547,success
047C7E429C4C80,3,"['Arena', 'Castelvecchio']",Casa Giulietta,"['Centro Fotografia', 'Sighseeing', 'Torre Lamberti', 'Museo Conte', 'Museo Radio']",Santa Anastasia,strategy_nearest,False,0.0027332305908203125,success
047C803A9C4C80,3,"['Arena', 'Casa Giulietta']",Torre Lamberti,"['Sighseeing', 'Centro Fotografia', 'Museo Conte', 'Palazzo della Ragione', 'AMO']",Santa Anastasia,strategy_nearest,False,0.003196239471435547,success
047C9C429C4C80,2,['Casa Giulietta'],Torre Lamberti,"['Sighseeing', 'Centro Fotografia', 'Museo Conte', 'Palazzo della Ragione', 'AMO']",Santa Anastasia,strategy_nearest,False,0.0020999908447265625,success
047C91429C4C80,0,['Arena'],Casa Giulietta,"['Centro Fotografia', 'Sighseeing', 'Torre Lamberti', 'Museo Conte', 'Museo Radio']",Santa Anastasia,strategy_nearest,False,0.0015530586242675781,success
047C8A429C4C80,0,['Arena'],Casa Giulietta,"['Centro Fotografia', 'Sighseeing', 'Torre Lamberti', 'Museo Conte', 'Museo Radio']",Torre Lamberti,strategy_nearest,True,0.003473997116088867,success
047C994A9C4C80,0,['Arena'],Casa Giulietta,"['Centro Fotografia', 'Sighseeing', 'Torre Lamberti', 'Museo Conte', 'Museo Radio']",Teatro Romano,strategy_nearest,False,0.0027289390563964844,success
047CA83A9C4C80,3,"['Arena', 'Casa Giulietta', 'Torre Lamberti']",Santa Anastasia,"['AMO', 'Museo Conte', 'Palazzo della Ragione', 'Teatro Romano', 'Centro Fotografia']",Duomo,strategy_nearest,False,0.001962900161743164,success
047C9F4A9C4C80,0,['Arena'],Tomba Giulietta,"['San Fermo', 'Museo Storia', 'Museo Lapidario', 'Museo Radio', 'Verona Tour']",Casa Giulietta,strategy_nearest,False,0.0034329891204833984,success
047CA14A9C4C80,0,['Tomba Giulietta'],Arena,"['Verona Tour', 'Museo Lapidario', 'Museo Radio', 'San Fermo', 'Casa Giulietta']",Casa Giulietta,strategy_nearest,True,0.004045009613037109,success
047CA73A9C4C80,0,['Arena'],Casa Giulietta,"['Centro Fotografia', 'Sighseeing', 'Torre Lamberti', 'Museo Conte', 'Museo Radio']",Duomo,strategy_nearest,False,0.0015399456024169922,success
047CAB3A9C4C80,3,"['Arena', 'San Fermo']",Santa Anastasia,"['AMO', 'Museo Conte', 'Palazzo della Ragione', 'Teatro Romano', 'Centro Fotografia']",Teatro Romano,strategy_nearest,True,0.002778768539428711,success
047CA84A9C4C80,0,['Arena'],Casa Giulietta,"['Centro Fotografia', 'Sighseeing', 'Torre Lamberti', 'Museo Conte', 'Museo Radio']",Castelvecchio,strategy_nearest,False,0.0021698474884033203,success
047CAC3A9C4C80,1,"['Arena', 'Casa Giulietta', 'Torre Lamberti']",Palazzo della Ragione,"['AMO', 'Museo Conte', 'Centro Fotografia', 'Sighseeing', 'Santa Anastasia']",San Fermo,strategy_nearest,False,0.0033278465270996094,success
047CA9429C4C80,0,['Arena'],Casa Giulietta,"['Centro Fotografia', 'Sighseeing', 'Torre Lamberti', 'Museo Conte', 'Museo Radio']",Torre Lamberti,strategy_nearest,True,0.002927064895629883,success
047CBD3A9C4C80,0,['Arena'],Casa Giulietta,"['Centro Fotografia', 'Sighseeing', 'Torre Lamberti', 'Museo Conte', 'Museo Radio']",Torre Lamberti,strategy_nearest,True,0.002020120620727539,success
047CC23A9C4C80,0,['Arena'],Casa Giulietta,"['Centro Fotografia', 'Sighseeing', 'Torre Lamberti', 'Museo Conte', 'Museo Radio']",Torre Lamberti,strategy_nearest,True,0.002595186233520508,success
047CB1429C4C80,1,"['Palazzo della Ragione', 'Torre Lamberti']",Casa Giulietta,"['Centro Fotografia', 'Sighseeing', 'Museo Conte', 'Museo Radio', 'San Fermo']",San Fermo,strategy_nearest,True,0.002162933349609375,success
047CBA3A9C4C80,2,['Santa Anastasia'],Duomo,"['AMO', 'Museo Miniscalchi', 'Teatro Romano', 'Palazzo della Ragione', 'Museo Conte']",Castelvecchio,strategy_nearest,False,0.00408482551574707,success
047CC83A9C4C80,3,"['Arena', 'Torre Lamberti']",Santa Anastasia,"['AMO', 'Museo Conte', 'Palazzo della Ragione', 'Teatro Romano', 'Centro Fotografia']",Teatro Romano,strategy_nearest,True,0.003299236297607422,success
047CD23A9C4C80,3,"['Arena', 'Castelvecchio']",San Zeno,"['Verona Tour', 'Museo Lapidario', 'Museo Miniscalchi', 'Sighseeing', 'Museo Radio']",Duomo,strategy_nearest,False,0.0032520294189453125,success
047CD03A9C4C80,2,['Castelvecchio'],Duomo,"['AMO', 'Museo Miniscalchi', 'Santa Anastasia', 'Teatro Romano', 'Palazzo della Ragione']",Torre Lamberti,strategy_nearest,False,0.002293109893798828,success
047CD6429C4C80,0,"['Arena', 'Torre Lamberti']",Castelvecchio,"['Museo Lapidario', 'Verona Tour', 'Museo Radio', 'San Zeno', 'Sighseeing']",Casa Giulietta,strategy_nearest,False,0.003171205520629883,success
047CD73A9C4C80,0,['Castelvecchio'],Torre Lamberti,"['Sighseeing', 'Centro Fotografia', 'Museo Conte', 'Casa Giulietta', 'Palazzo della Ragione']",Arena,strategy_nearest,False,0.004266977310180664,success
047CE2429C4C80,0,['Arena'],Castelvecchio,"['Museo Lapidario', 'Verona Tour', 'Museo Radio', 'San Zeno', 'Sighseeing']",Torre Lamberti,strategy_nearest,False,0.0014560222625732422,success
047CF03A9C4C80,0,['Arena'],Casa Giulietta,"['Centro Fotografia', 'Sighseeing', 'Torre Lamberti', 'Museo Conte', 'Museo Radio']",Duomo,strategy_nearest,False,0.003489971160888672,success
047CDA3A9C4C80,1,['Casa Giulietta'],Arena,"['Verona Tour', 'Museo Lapidario', 'Museo Radio', 'San Fermo', 'Sighseeing']",Palazzo della Ragione,strategy_nearest,False,0.0023031234741210938,success
047D13429C4C84,1,"['Arena', 'Casa Giulietta', 'San Fermo', 'Palazzo della Ragione']",Castelvecchio,"['Museo Lapidario', 'Verona Tour', 'Museo Radio', 'San Zeno', 'Sighseeing']",Santa Anastasia,strategy_nearest,False,0.0014998912811279297,success
047D134A9C4C80,0,['San Zeno'],Castelvecchio,"['Museo Lapidario', 'Verona Tour', 'Arena', 'Museo Radio', 'Sighseeing']",Teatro Romano,strategy_nearest,False,0.002007007598876953,success
047D0D429C4C84,0,['Arena'],Duomo,"['AMO', 'Museo Miniscalchi', 'Santa Anastasia', 'Teatro Romano', 'Palazzo della Ragione']",Torre Lamberti,strategy_nearest,False,0.0034940242767333984,success
047D0C3A9C4C84,3,"['Arena', 'Casa Giulietta']",Santa Anastasia,"['AMO', 'Museo Conte', 'Palazzo della Ragione', 'Teatro Romano', 'Centro Fotografia']",Duomo,strategy_nearest,False,0.004109621047973633,success
047D203A9C4C84,0,['Arena'],Torre Lamberti,"['Sighseeing', 'Centro Fotografia', 'Museo Conte', 'Casa Giulietta', 'Palazzo della Ragione']",Casa Giulietta,strategy_nearest,True,0.0020470619201660156,success
047D17429C4C84,2,"['Giardino Giusti', 'Teatro Romano']",Santa Anastasia,"['AMO', 'Museo Conte', 'Palazzo della Ragione', 'Centro Fotografia', 'Duomo']",Duomo,strategy_nearest,True,0.00344085693359375,success
047D1C3A9C4C84,3,"['Arena', 'Casa Giulietta']",Torre Lamberti,"['Sighseeing', 'Centro Fotografia', 'Museo Conte', 'Palazzo della Ragione', 'AMO']",Santa Anastasia,strategy_nearest,False,0.0015339851379394531,success
047D14429C4C84,0,['Casa Giulietta'],Torre Lamberti,"['Sighseeing', 'Centro Fotografia', 'Museo Conte', 'Palazzo della Ragione', 'AMO']",Castelvecchio,strategy_nearest,False,0.0028641223907470703,success
047D20429C4C80,3,"['Arena', 'Torre Lamberti']",Casa Giulietta,"['Centro Fotografia', 'Sighseeing', 'Museo Conte', 'Museo Radio', 'Palazzo della Ragione']",Santa Anastasia,strategy_nearest,False,0.0028061866760253906,success
047D20429C4C84,0,"['Arena', 'Santa Anastasia']",Casa Giulietta,"['Centro Fotografia', 'Sighseeing', 'Torre Lamberti', 'Museo Conte', 'Museo Radio']",Castelvecchio,strategy_nearest,False,0.0027399063110351562,success
047D223A9C4C84,0,['Torre Lamberti'],Duomo,"['AMO', 'Museo Miniscalchi', 'Santa Anastasia', 'Teatro Romano', 'Palazzo della Ragione']",Arena,strategy_nearest,False,0.0021200180053710938,success
047D22429C4C84,0,"['Duomo', 'Arena']",Castelvecchio,"['Museo Lapidario', 'Verona Tour', 'Museo Radio', 'San Zeno', 'Sighseeing']",Tomba Giulietta,strategy_nearest,False,0.0033371448516845703,success
047D274A9C4C80,3,"['Arena', 'Castelvecchio']",Santa Anastasia,"['AMO', 'Museo Conte', 'Palazzo della Ragione', 'Teatro Romano', 'Centro Fotografia']",Duomo,strategy_nearest,False,0.0014922618865966797,success
047D25429C4C84,1,"['Palazzo della Ragione', 'Teatro Romano']",Arena,"['Verona Tour', 'Museo Lapidario', 'Museo Radio', 'San Fermo', 'Casa Giulietta']",Castelvecchio,strategy_nearest,False,0.003453969955444336,success
047D2F3A9C4C80,0,['Duomo'],Casa Giulietta,"['Centro Fotografia', 'Sighseeing', 'Torre Lamberti', 'Museo Conte', 'Museo Radio']",Arena,strategy_nearest,False,0.002002239227294922,success
047D264A9C4C80,3,"['Casa Giulietta', 'Torre Lamberti', 'Santa Anastasia']",Duomo,"['AMO', 'Museo Miniscalchi', 'Teatro Romano', 'Palazzo della Ragione', 'Museo Conte']",Teatro Romano,strategy_nearest,True,0.0040378570556640625,success
047D30429C4C80,3,"['Giardino Giusti', 'Teatro Romano', 'Duomo']",Torre Lamberti,"['Sighseeing', 'Centro Fotografia', 'Museo Conte', 'Casa Giulietta', 'Palazzo della Ragione']",Casa Giulietta,strategy_nearest,True,0.0021071434020996094,success
047D32429C4C80,3,"['Arena', 'Casa Giulietta']",Torre Lamberti,"['Sighseeing', 'Centro Fotografia', 'Museo Conte', 'Palazzo della Ragione', 'AMO']",Santa Anastasia,strategy_nearest,False,0.0028111934661865234,success
047D37429C4C80,0,['Teatro Romano'],Museo Lapidario,"['Verona Tour', 'Arena', 'Castelvecchio', 'Museo Radio', 'San Fermo']",Castelvecchio,strategy_nearest,True,0.0014369487762451172,success
047D394A9C4C80,3,"['Arena', 'Torre Lamberti', 'Casa Giulietta', 'San Fermo']",Giardino Giusti,"['Santa Anastasia', 'Teatro Romano', 'Museo Conte', 'Centro Fotografia', 'Museo Storia']",Teatro Romano,strategy_nearest,True,0.0033347606658935547,success
047D513A9C4C80,3,"['Arena', 'Santa Anastasia']",Duomo,"['AMO', 'Museo Miniscalchi', 'Teatro Romano', 'Palazzo della Ragione', 'Museo Conte']",Casa Giulietta,strategy_nearest,False,0.0025620460510253906,success
047D55429C4C80,3,"['Santa Anastasia', 'Duomo']",Casa Giulietta,"['Centro Fotografia', 'Sighseeing', 'Torre Lamberti', 'Museo Conte', 'Museo Radio']",Arena,strategy_nearest,False,0.002710103988647461,success
047D563A9C4C80,0,['Arena'],Casa Giulietta,"['Centro Fotografia', 'Sighseeing', 'Torre Lamberti', 'Museo Conte', 'Museo Radio']",Duomo,strategy_nearest,False,0.0032091140747070312,success
047D4B3A9C4C80,2,['Castelvecchio'],Casa Giulietta,"['Centro Fotografia', 'Sighseeing', 'Torre Lamberti', 'Museo Conte', 'Museo Radio']",Tomba Giulietta,strategy_nearest,False,0.0019881725311279297,success
047D82429C4C80,3,"['Casa Giulietta', 'Castelvecchio']",Arena,"['Verona Tour', 'Museo Lapidario', 'Museo Radio', 'San Fermo', 'Sighseeing']",Teatro Romano,strategy_nearest,False,0.0025751590728759766,success
047D7B429C4C80,0,"['Arena', 'Casa Giulietta']",Teatro Romano,"['Santa Anastasia', 'Duomo', 'AMO', 'Palazzo della Ragione', 'Museo Conte']",Museo Storia,strategy_nearest,False,0.002794981002807617,success
047D76429C4C80,1,"['Casa Giulietta', 'Arena']",Torre Lamberti,"['Sighseeing', 'Centro Fotografia', 'Museo Conte', 'Palazzo della Ragione', 'AMO']",Palazzo della Ragione,strategy_nearest,True,0.004659891128540039,success
047D7C429C4C80,0,['Arena'],Castelvecchio,"['Museo Lapidario', 'Verona Tour', 'Museo Radio', 'San Zeno', 'Sighseeing']",Casa Giulietta,strategy_nearest,False,0.0015170574188232422,success
047D8A3A9C4C80,3,"['Arena', 'Castelvecchio']",San Zeno,"['Verona Tour', 'Museo Lapidario', 'Museo Miniscalchi', 'Sighseeing', 'Museo Radio']",Duomo,strategy_nearest,False,0.0021381378173828125,success
047D8E4A9C4C80,1,['Arena'],Casa Giulietta,"['Centro Fotografia', 'Sighseeing', 'Torre Lamberti', 'Museo Conte', 'Museo Radio']",Palazzo della Ragione,strategy_nearest,False,0.0032329559326171875,success
047D854A9C4C80,0,['Arena'],Santa Anastasia,"['AMO', 'Museo Conte', 'Palazzo della Ragione', 'Teatro Romano', 'Centro Fotografia']",Casa Giulietta,strategy_nearest,False,0.003464937210083008,success
047D894A9C4C80,1,"['Arena', 'Castelvecchio']",Palazzo della Ragione,"['AMO', 'Museo Conte', 'Torre Lamberti', 'Centro Fotografia', 'Sighseeing']",Santa Anastasia,strategy_nearest,False,0.0016338825225830078,success
047D9D429C4C80,0,['Santa Anastasia'],Arena,"['Verona Tour', 'Museo Lapidario', 'Museo Radio', 'San Fermo', 'Casa Giulietta']",Castelvecchio,strategy_nearest,False,0.0027382373809814453,success
047D974A9C4C80,0,"['Torre Lamberti', 'Casa Giulietta']",Arena,"['Verona Tour', 'Museo Lapidario', 'Museo Radio', 'San Fermo', 'Sighseeing']",Duomo,strategy_nearest,False,0.0039691925048828125,success
047DA0429C4C80,3,['Arena'],Santa Anastasia,"['AMO', 'Museo Conte', 'Palazzo della Ragione', 'Teatro Romano', 'Centro Fotografia']",Duomo,strategy_nearest,False,0.001516103744506836,success
047DA04A9C4C80,3,"['Arena', 'Tomba Giulietta']",San Fermo,"['Museo Storia', 'Museo Radio', 'Casa Giulietta', 'Centro Fotografia', 'Sighseeing']",Teatro Romano,strategy_nearest,False,0.0020148754119873047,success
047DB1429C4C80,0,['Arena'],Palazzo della Ragione,"['AMO', 'Museo Conte', 'Torre Lamberti', 'Centro Fotografia', 'Sighseeing']",Casa Giulietta,strategy_nearest,False,0.0015780925750732422,success
047DA64A9C4C80,1,"['Arena', 'Museo Lapidario', 'Casa Giulietta', 'Torre Lamberti']",Palazzo della Ragione,"['AMO', 'Museo Conte', 'Centro Fotografia', 'Sighseeing', 'Santa Anastasia']",Museo Storia,strategy_nearest,False,0.002805948257446289,success
047DA6429C4C80,0,['Arena'],San Fermo,"['Museo Storia', 'Museo Radio', 'Casa Giulietta', 'Centro Fotografia', 'Sighseeing']",Torre Lamberti,strategy_nearest,False,0.0034897327423095703,success
047DB53A9C4C80,0,['Arena'],Casa Giulietta,"['Centro Fotografia', 'Sighseeing', 'Torre Lamberti', 'Museo Conte', 'Museo Radio']",Torre Lamberti,strategy_nearest,True,0.0020008087158203125,success
047DC33A9C4C80,1,"['Arena', 'San Fermo', 'Casa Giulietta']",Palazzo della Ragione,"['AMO', 'Museo Conte', 'Torre Lamberti', 'Centro Fotografia', 'Sighseeing']",Santa Anastasia,strategy_nearest,False,0.001332998275756836,success
047DBF429C4C80,1,['Arena'],Casa Giulietta,"['Centro Fotografia', 'Sighseeing', 'Torre Lamberti', 'Museo Conte', 'Museo Radio']",Torre Lamberti,strategy_nearest,True,0.0028221607208251953,success
047DD13A9C4C80,3,"['San Zeno', 'Arena']",Giardino Giusti,"['Santa Anastasia', 'Teatro Romano', 'Museo Conte', 'Centro Fotografia', 'Museo Storia']",Teatro Romano,strategy_nearest,True,0.0026078224182128906,success
047DCA3A9C4C80,0,"['Castelvecchio', 'Casa Giulietta']",Arena,"['Verona Tour', 'Museo Lapidario', 'Museo Radio', 'San Fermo', 'Sighseeing']",Torre Lamberti,strategy_nearest,False,0.003378152847290039,success
047DDF3A9C4C80,2,"['Museo Lapidario', 'Giardino Giusti']",Teatro Romano,"['Santa Anastasia', 'Duomo', 'AMO', 'Palazzo della Ragione', 'Museo Conte']",Duomo,strategy_nearest,True,0.0021440982818603516,success
047DD93A9C4C80,3,"['Arena', 'Torre Lamberti', 'Santa Anastasia']",Duomo,"['AMO', 'Museo Miniscalchi', 'Teatro Romano', 'Palazzo della Ragione', 'Museo Conte']",Teatro Romano,strategy_nearest,True,0.0015761852264404297,success
047DD43A9C4C80,3,"['Arena', 'Torre Lamberti', 'Casa Giulietta', 'Castelvecchio']",San Zeno,"['Verona Tour', 'Museo Lapidario', 'Museo Miniscalchi', 'Sighseeing', 'Museo Radio']",Duomo,strategy_nearest,False,0.0028290748596191406,success
047DEA3A9C4C80,0,['Castelvecchio'],Arena,"['Verona Tour', 'Museo Lapidario', 'Museo Radio', 'San Fermo', 'Casa Giulietta']",Teatro Romano,strategy_nearest,False,0.003381967544555664,success
047DEF3A9C4C80,3,"['Tomba Giulietta', 'Arena']",Casa Giulietta,"['Centro Fotografia', 'Sighseeing', 'Torre Lamberti', 'Museo Conte', 'Museo Radio']",Santa Anastasia,strategy_nearest,False,0.003982067108154297,success
047E84429C4C80,3,"['Arena', 'Castelvecchio']",Casa Giulietta,"['Centro Fotografia', 'Sighseeing', 'Torre Lamberti', 'Museo Conte', 'Museo Radio']",Torre Lamberti,strategy_nearest,True,0.0014660358428955078,success
047E83429C4C80,1,"['Arena', 'Casa Giulietta']",Torre Lamberti,"['Sighseeing', 'Centro Fotografia', 'Museo Conte', 'Palazzo della Ragione', 'AMO']",Palazzo della Ragione,strategy_nearest,True,0.004029989242553711,success
047E85429C4C80,0,['Arena'],Casa Giulietta,"['Centro Fotografia', 'Sighseeing', 'Torre Lamberti', 'Museo Conte', 'Museo Radio']",Teatro Romano,strategy_nearest,False,0.0020291805267333984,success
047EE9429C4C80,4,"['Castelvecchio', 'Tomba Giulietta', 'Museo Radio', 'Museo Lapidario', 'San Zeno', 'Teatro Romano']",Santa Anastasia,"['AMO', 'Museo Conte', 'Palazzo della Ragione', 'Centro Fotografia', 'Duomo']",Casa Giulietta,strategy_nearest,False,0.0033669471740722656,success
047F0D429C4C84,3,"['Arena', 'Santa Anastasia']",Duomo,"['AMO', 'Museo Miniscalchi', 'Teatro Romano', 'Palazzo della Ragione', 'Museo Conte']",San Zeno,strategy_nearest,False,0.0020380020141601562,success
047F104A9C4C80,2,['San Zeno'],Castelvecchio,"['Museo Lapidario', 'Verona Tour', 'Arena', 'Museo Radio', 'Sighseeing']",Teatro Romano,strategy_nearest,False,0.003280162811279297,success
047EE83A9C4C80,2,['Casa Giulietta'],Palazzo della Ragione,"['AMO', 'Museo Conte', 'Torre Lamberti', 'Centro Fotografia', 'Sighseeing']",Torre Lamberti,strategy_nearest,True,0.002064943313598633,success
047F12429C4C80,3,['Arena'],Santa Anastasia,"['AMO', 'Museo Conte', 'Palazzo della Ragione', 'Teatro Romano', 'Centro Fotografia']",Torre Lamberti,strategy_nearest,False,0.003412008285522461,success
047F253A9C4C80,2,['Museo Lapidario'],Castelvecchio,"['Verona Tour', 'Arena', 'Museo Radio', 'San Zeno', 'Sighseeing']",Santa Anastasia,strategy_nearest,False,0.0019741058349609375,success
047F22429C4C84,3,"['Arena', 'Museo Lapidario']",Castelvecchio,"['Verona Tour', 'Museo Radio', 'San Zeno', 'Sighseeing', 'Museo Miniscalchi']",Casa Giulietta,strategy_nearest,False,0.0015189647674560547,success
047F134A9C4C80,3,"['Giardino Giusti', 'Duomo', 'Teatro Romano']",Santa Anastasia,"['AMO', 'Museo Conte', 'Palazzo della Ragione', 'Centro Fotografia', 'Torre Lamberti']",San Zeno,strategy_nearest,False,0.004099845886230469,success
047F263A9C4C84,3,"['Arena', 'Museo Lapidario', 'Castelvecchio']",Torre Lamberti,"['Sighseeing', 'Centro Fotografia', 'Museo Conte', 'Casa Giulietta', 'Palazzo della Ragione']",Santa Anastasia,strategy_nearest,False,0.002850770950317383,success
047F2D429C4C80,0,['Arena'],Casa Giulietta,"['Centro Fotografia', 'Sighseeing', 'Torre Lamberti', 'Museo Conte', 'Museo Radio']",Torre Lamberti,strategy_nearest,True,0.0031881332397460938,success
047F2B429C4C80,0,"['Arena', 'Museo Lapidario']",Castelvecchio,"['Verona Tour', 'Museo Radio', 'San Zeno', 'Sighseeing', 'Museo Miniscalchi']",Casa Giulietta,strategy_nearest,False,0.002749204635620117,success
047F264A9C4C80,3,"['Arena', 'San Fermo']",Santa Anastasia,"['AMO', 'Museo Conte', 'Palazzo della Ragione', 'Teatro Romano', 'Centro Fotografia']",Castelvecchio,strategy_nearest,False,0.0019922256469726562,success
047F35429C4C80,3,"['Arena', 'Museo Lapidario', 'Castelvecchio']",Duomo,"['AMO', 'Museo Miniscalchi', 'Santa Anastasia', 'Teatro Romano', 'Palazzo della Ragione']",Casa Giulietta,strategy_nearest,False,0.0027136802673339844,success
047F354A9C4C80,1,"['Arena', 'Castelvecchio']",Casa Giulietta,"['Centro Fotografia', 'Sighseeing', 'Torre Lamberti', 'Museo Conte', 'Museo Radio']",Torre Lamberti,strategy_nearest,True,0.0019919872283935547,success
047F2F3A9C4C80,3,"['Arena', 'Duomo']",Santa Anastasia,"['AMO', 'Museo Conte', 'Palazzo della Ragione', 'Teatro Romano', 'Centro Fotografia']",Casa Giulietta,strategy_nearest,False,0.003373861312866211,success
047F32429C4C80,3,"['Arena', 'San Fermo']",Santa Anastasia,"['AMO', 'Museo Conte', 'Palazzo della Ragione', 'Teatro Romano', 'Centro Fotografia']",Duomo,strategy_nearest,False,0.0015540122985839844,success
047F56429C4C80,0,['Tomba Giulietta'],Arena,"['Verona Tour', 'Museo Lapidario', 'Museo Radio', 'San Fermo', 'Casa Giulietta']",Teatro Romano,strategy_nearest,False,0.0015628337860107422,success
047F57429C4C80,1,"['Arena', 'Casa Giulietta', 'Palazzo della Ragione']",Teatro Romano,"['Santa Anastasia', 'Duomo', 'AMO', 'Museo Conte', 'Centro Fotografia']",Castelvecchio,strategy_nearest,False,0.0020017623901367188,success
047F493A9C4C80,0,['Arena'],Teatro Romano,"['Santa Anastasia', 'Duomo', 'AMO', 'Palazzo della Ragione', 'Museo Conte']",Duomo,strategy_nearest,True,0.0028488636016845703,success
047F4B3A9C4C80,3,"['Arena', 'San Fermo']",Santa Anastasia,"['AMO', 'Museo Conte', 'Palazzo della Ragione', 'Teatro Romano', 'Centro Fotografia']",Duomo,strategy_nearest,False,0.003453969955444336,success
047F6A3A9C4C80,4,"['Arena', 'Museo Radio', 'Tomba Giulietta', 'Museo Lapidario']",Castelvecchio,"['Verona Tour', 'San Zeno', 'Sighseeing', 'Museo Miniscalchi', 'Torre Lamberti']",Teatro Romano,strategy_nearest,False,0.003358125686645508,success
047F7D4A9C4C80,3,"['Arena', 'Casa Giulietta']",Santa Anastasia,"['AMO', 'Museo Conte', 'Palazzo della Ragione', 'Teatro Romano', 'Centro Fotografia']",Duomo,strategy_nearest,False,0.002107858657836914,success
047F653A9C4C80,3,"['Arena', 'Torre Lamberti']",Teatro Romano,"['Santa Anastasia', 'Duomo', 'AMO', 'Palazzo della Ragione', 'Museo Conte']",Duomo,strategy_nearest,True,0.004673004150390625,success
047F86429C4C80,3,"['Arena', 'Casa Giulietta']",Santa Anastasia,"['AMO', 'Museo Conte', 'Palazzo della Ragione', 'Teatro Romano', 'Centro Fotografia']",Duomo,strategy_nearest,False,0.0014281272888183594,success
047F8F4A9C4C80,3,"['Arena', 'Casa Giulietta', 'Castelvecchio']",Tomba Giulietta,"['San Fermo', 'Museo Storia', 'Museo Lapidario', 'Museo Radio', 'Verona Tour']",Teatro Romano,strategy_nearest,False,0.0026679039001464844,success
047F8D3A9C4C80,0,['Arena'],Tomba Giulietta,"['San Fermo', 'Museo Storia', 'Museo Lapidario', 'Museo Radio', 'Verona Tour']",San Fermo,strategy_nearest,True,0.0020751953125,success
047F90429C4C80,3,['Arena'],Teatro Romano,"['Santa Anastasia', 'Duomo', 'AMO', 'Palazzo della Ragione', 'Museo Conte']",Duomo,strategy_nearest,True,0.003292083740234375,success
047F8E4A9C4C80,3,"['Arena', 'Casa Giulietta']",Torre Lamberti,"['Sighseeing', 'Centro Fotografia', 'Museo Conte', 'Palazzo della Ragione', 'AMO']",Santa Anastasia,strategy_nearest,False,0.0027811527252197266,success
047F98429C4C80,3,"['Arena', 'Castelvecchio', 'Santa Anastasia']",Casa Giulietta,"['Centro Fotografia', 'Sighseeing', 'Torre Lamberti', 'Museo Conte', 'Museo Radio']",Tomba Giulietta,strategy_nearest,False,0.0020737648010253906,success
047F904A9C4C80,3,['Arena'],Casa Giulietta,"['Centro Fotografia', 'Sighseeing', 'Torre Lamberti', 'Museo Conte', 'Museo Radio']",Torre Lamberti,strategy_nearest,True,0.0019991397857666016,success
047F914A9C4C80,0,['Arena'],Torre Lamberti,"['Sighseeing', 'Centro Fotografia', 'Museo Conte', 'Casa Giulietta', 'Palazzo della Ragione']",Casa Giulietta,strategy_nearest,True,0.003441333770751953,success
047F9A4A9C4C80,0,['Arena'],Torre Lamberti,"['Sighseeing', 'Centro Fotografia', 'Museo Conte', 'Casa Giulietta', 'Palazzo della Ragione']",Casa Giulietta,strategy_nearest,True,0.0031092166900634766,success
047F9C429C4C80,3,"['Arena', 'Casa Giulietta', 'Torre Lamberti']",Santa Anastasia,"['AMO', 'Museo Conte', 'Palazzo della Ragione', 'Teatro Romano', 'Centro Fotografia']",Duomo,strategy_nearest,False,0.002749919891357422,success
047FA14A9C4C80,3,"['Castelvecchio', 'Arena']",San Fermo,"['Museo Storia', 'Museo Radio', 'Casa Giulietta', 'Centro Fotografia', 'Sighseeing']",Casa Giulietta,strategy_nearest,True,0.0026547908782958984,success
047FA84A9C4C80,3,['Arena'],Santa Anastasia,"['AMO', 'Museo Conte', 'Palazzo della Ragione', 'Teatro Romano', 'Centro Fotografia']",Duomo,strategy_nearest,False,0.0020198822021484375,success
047FA4429C4C80,0,"['San Zeno', 'Torre Lamberti']",Castelvecchio,"['Museo Lapidario', 'Verona Tour', 'Arena', 'Museo Radio', 'Sighseeing']",Teatro Romano,strategy_nearest,False,0.0032918453216552734,success
047FB5429C4C80,3,"['Arena', 'Casa Giulietta']",Santa Anastasia,"['AMO', 'Museo Conte', 'Palazzo della Ragione', 'Teatro Romano', 'Centro Fotografia']",Duomo,strategy_nearest,False,0.003401041030883789,success
047FBF3A9C4C80,0,['Arena'],Casa Giulietta,"['Centro Fotografia', 'Sighseeing', 'Torre Lamberti', 'Museo Conte', 'Museo Radio']",Torre Lamberti,strategy_nearest,True,0.0027799606323242188,success
047FD1429C4C80,0,['Teatro Romano'],Torre Lamberti,"['Sighseeing', 'Centro Fotografia', 'Museo Conte', 'Casa Giulietta', 'Palazzo della Ragione']",Casa Giulietta,strategy_nearest,True,0.003220081329345703,success
047FC2429C4C80,1,"['Arena', 'Castelvecchio', 'Tomba Giulietta']",Casa Giulietta,"['Centro Fotografia', 'Sighseeing', 'Torre Lamberti', 'Museo Conte', 'Museo Radio']",Torre Lamberti,strategy_nearest,True,0.0013141632080078125,success
047FEA3A9C4C80,2,['Castelvecchio'],Duomo,"['AMO', 'Museo Miniscalchi', 'Santa Anastasia', 'Teatro Romano', 'Palazzo della Ragione']",Santa Anastasia,strategy_nearest,True,0.0011677742004394531,success
0480003A9C4C84,3,"['Arena', 'Tomba Giulietta']",Casa Giulietta,"['Centro Fotografia', 'Sighseeing', 'Torre Lamberti', 'Museo Conte', 'Museo Radio']",Santa Anastasia,strategy_nearest,False,0.0027081966400146484,success
047FEE3A9C4C80,2,['Santa Anastasia'],Teatro Romano,"['Duomo', 'AMO', 'Palazzo della Ragione', 'Museo Conte', 'Centro Fotografia']",Duomo,strategy_nearest,True,0.0033960342407226562,success
047FDD3A9C4C80,2,"['Casa Giulietta', 'Torre Lamberti']",Santa Anastasia,"['AMO', 'Museo Conte', 'Palazzo della Ragione', 'Teatro Romano', 'Centro Fotografia']",Teatro Romano,strategy_nearest,True,0.002869844436645508,success
04800E4A9C4C80,2,['Casa Giulietta'],Castelvecchio,"['Museo Lapidario', 'Verona Tour', 'Arena', 'Museo Radio', 'San Zeno']",Duomo,strategy_nearest,False,0.0020949840545654297,success
0480104A9C4C80,3,"['Arena', 'Castelvecchio', 'Casa Giulietta']",Torre Lamberti,"['Sighseeing', 'Centro Fotografia', 'Museo Conte', 'Palazzo della Ragione', 'AMO']",Santa Anastasia,strategy_nearest,False,0.002710103988647461,success
04800C3A9C4C84,3,['Arena'],Casa Giulietta,"['Centro Fotografia', 'Sighseeing', 'Torre Lamberti', 'Museo Conte', 'Museo Radio']",Santa Anastasia,strategy_nearest,False,0.002888917922973633,success
0480113A9C4C84,1,['Arena'],Palazzo della Ragione,"['AMO', 'Museo Conte', 'Torre Lamberti', 'Centro Fotografia', 'Sighseeing']",Santa Anastasia,strategy_nearest,False,0.003509044647216797,success
048013429C4C84,3,"['Arena', 'Torre Lamberti']",Santa Anastasia,"['AMO', 'Museo Conte', 'Palazzo della Ragione', 'Teatro Romano', 'Centro Fotografia']",Duomo,strategy_nearest,False,0.0032470226287841797,success
048015429C4C84,3,"['Arena', 'Torre Lamberti', 'Santa Anastasia']",Duomo,"['AMO', 'Museo Miniscalchi', 'Teatro Romano', 'Palazzo della Ragione', 'Museo Conte']",Teatro Romano,strategy_nearest,True,0.001878976821899414,success
048017429C4C84,3,['Arena'],Santa Anastasia,"['AMO', 'Museo Conte', 'Palazzo della Ragione', 'Teatro Romano', 'Centro Fotografia']",San Zeno,strategy_nearest,False,0.002385854721069336,success
0480174A9C4C80,3,"['San Zeno', 'Museo Lapidario']",Arena,"['Verona Tour', 'Museo Radio', 'San Fermo', 'Casa Giulietta', 'Sighseeing']",Santa Anastasia,strategy_nearest,False,0.003268003463745117,success
0480183A9C4C80,0,"['Castelvecchio', 'Casa Giulietta', 'Torre Lamberti']",Arena,"['Verona Tour', 'Museo Lapidario', 'Museo Radio', 'San Fermo', 'Sighseeing']",Museo Storia,strategy_nearest,False,0.002576112747192383,success
04801D429C4C84,0,['Arena'],Casa Giulietta,"['Centro Fotografia', 'Sighseeing', 'Torre Lamberti', 'Museo Conte', 'Museo Radio']",Castelvecchio,strategy_nearest,False,0.002588987350463867,success
04801F429C4C84,2,"['Teatro Romano', 'Giardino Giusti']",Duomo,"['AMO', 'Museo Miniscalchi', 'Santa Anastasia', 'Palazzo della Ragione', 'Museo Conte']",Castelvecchio,strategy_nearest,False,0.0032799243927001953,success
0480223A9C4C80,3,"['Arena', 'Casa Giulietta', 'Torre Lamberti']",Santa Anastasia,"['AMO', 'Museo Conte', 'Palazzo della Ragione', 'Teatro Romano', 'Centro Fotografia']",Duomo,strategy_nearest,False,0.002584218978881836,success
048022429C4C84,3,['Arena'],Santa Anastasia,"['AMO', 'Museo Conte', 'Palazzo della Ragione', 'Teatro Romano', 'Centro Fotografia']",Teatro Romano,strategy_nearest,True,0.0034439563751220703,success
048023429C4C84,3,"['San Fermo', 'Santa Anastasia', 'Duomo', 'Teatro Romano']",Torre Lamberti,"['Sighseeing', 'Centro Fotografia', 'Museo Conte', 'Casa Giulietta', 'Palazzo della Ragione']",San Zeno,strategy_nearest,False,0.0019681453704833984,success
04802C429C4C80,3,"['Arena', 'Casa Giulietta']",Torre Lamberti,"['Sighseeing', 'Centro Fotografia', 'Museo Conte', 'Palazzo della Ragione', 'AMO']",Santa Anastasia,strategy_nearest,False,0.0035309791564941406,success
0480273A9C4C80,2,"['San Zeno', 'Castelvecchio']",Casa Giulietta,"['Centro Fotografia', 'Sighseeing', 'Torre Lamberti', 'Museo Conte', 'Museo Radio']",San Fermo,strategy_nearest,False,0.0032482147216796875,success
0480343A9C4C80,0,['Santa Anastasia'],Casa Giulietta,"['Centro Fotografia', 'Sighseeing', 'Torre Lamberti', 'Museo Conte', 'Museo Radio']",Arena,strategy_nearest,False,0.003264904022216797,success
04803B429C4C80,2,['Casa Giulietta'],Torre Lamberti,"['Sighseeing', 'Centro Fotografia', 'Museo Conte', 'Palazzo della Ragione', 'AMO']",Castelvecchio,strategy_nearest,False,0.002546072006225586,success
048034429C4C80,1,"['Castelvecchio', 'Arena', 'Casa Giulietta']",Torre Lamberti,"['Sighseeing', 'Centro Fotografia', 'Museo Conte', 'Palazzo della Ragione', 'AMO']",Tomba Giulietta,strategy_nearest,False,0.0027320384979248047,success
0480344A9C4C80,1,"['San Zeno', 'Castelvecchio', 'Arena']",Casa Giulietta,"['Centro Fotografia', 'Sighseeing', 'Torre Lamberti', 'Museo Conte', 'Museo Radio']",Santa Anastasia,strategy_nearest,False,0.0014986991882324219,success
04804B429C4C80,0,"['Arena', 'Tomba Giulietta']",Duomo,"['AMO', 'Museo Miniscalchi', 'Santa Anastasia', 'Teatro Romano', 'Palazzo della Ragione']",Castelvecchio,strategy_nearest,False,0.002595186233520508,success
04803C429C4C80,3,"['Torre Lamberti', 'Duomo', 'Teatro Romano', 'Santa Anastasia']",Castelvecchio,"['Museo Lapidario', 'Verona Tour', 'Arena', 'Museo Radio', 'San Zeno']",Arena,strategy_nearest,True,0.003443002700805664,success
048045429C4C80,3,"['Castelvecchio', 'San Zeno', 'Torre Lamberti']",Santa Anastasia,"['AMO', 'Museo Conte', 'Palazzo della Ragione', 'Teatro Romano', 'Centro Fotografia']",Giardino Giusti,strategy_nearest,False,0.0020418167114257812,success
04805A429C4C80,3,"['Santa Anastasia', 'Teatro Romano', 'Duomo', 'Arena']",Tomba Giulietta,"['San Fermo', 'Museo Storia', 'Museo Lapidario', 'Museo Radio', 'Verona Tour']",Castelvecchio,strategy_nearest,False,0.0033750534057617188,success
0480733A9C4C80,0,['Arena'],Casa Giulietta,"['Centro Fotografia', 'Sighseeing', 'Torre Lamberti', 'Museo Conte', 'Museo Radio']",Santa Anastasia,strategy_nearest,False,0.002115011215209961,success
04805B3A9C4C80,2,['Casa Giulietta'],Duomo,"['AMO', 'Museo Miniscalchi', 'Santa Anastasia', 'Teatro Romano', 'Palazzo della Ragione']",Giardino Giusti,strategy_nearest,False,0.0028710365295410156,success
04806C3A9C4C80,4,"['Arena', 'Museo Radio', 'Tomba Giulietta', 'Museo Lapidario']",Castelvecchio,"['Verona Tour', 'San Zeno', 'Sighseeing', 'Museo Miniscalchi', 'Torre Lamberti']",Teatro Romano,strategy_nearest,False,0.0036389827728271484,success
04807B4A9C4C80,3,"['Castelvecchio', 'Santa Anastasia']",Duomo,"['AMO', 'Museo Miniscalchi', 'Teatro Romano', 'Palazzo della Ragione', 'Museo Conte']",San Fermo,strategy_nearest,False,0.0030803680419921875,success
048083429C4C80,3,"['Arena', 'Casa Giulietta']",Torre Lamberti,"['Sighseeing', 'Centro Fotografia', 'Museo Conte', 'Palazzo della Ragione', 'AMO']",Santa Anastasia,strategy_nearest,False,0.0016040802001953125,success
048088429C4C80,1,"['Arena', 'Casa Giulietta']",Torre Lamberti,"['Sighseeing', 'Centro Fotografia', 'Museo Conte', 'Palazzo della Ragione', 'AMO']",Palazzo della Ragione,strategy_nearest,True,0.0016989707946777344,success
048087429C4C80,3,"['Casa Giulietta', 'Torre Lamberti', 'Santa Anastasia']",Teatro Romano,"['Duomo', 'AMO', 'Palazzo della Ragione', 'Museo Conte', 'Centro Fotografia']",Arena,strategy_nearest,False,0.002516031265258789,success
048086429C4C80,3,"['Arena', 'Casa Giulietta']",Torre Lamberti,"['Sighseeing', 'Centro Fotografia', 'Museo Conte', 'Palazzo della Ragione', 'AMO']",Santa Anastasia,strategy_nearest,False,0.004055023193359375,success
0480944A9C4C80,1,['Arena'],Palazzo della Ragione,"['AMO', 'Museo Conte', 'Torre Lamberti', 'Centro Fotografia', 'Sighseeing']",Torre Lamberti,strategy_nearest,True,0.0031280517578125,success
04809A4A9C4C80,3,['Arena'],Torre Lamberti,"['Sighseeing', 'Centro Fotografia', 'Museo Conte', 'Casa Giulietta', 'Palazzo della Ragione']",Casa Giulietta,strategy_nearest,True,0.0017702579498291016,success
04809F429C4C80,1,"['Castelvecchio', 'Arena']",Casa Giulietta,"['Centro Fotografia', 'Sighseeing', 'Torre Lamberti', 'Museo Conte', 'Museo Radio']",Torre Lamberti,strategy_nearest,True,0.0033037662506103516,success
04809C4A9C4C80,3,"['Arena', 'Casa Giulietta']",Torre Lamberti,"['Sighseeing', 'Centro Fotografia', 'Museo Conte', 'Palazzo della Ragione', 'AMO']",Duomo,strategy_nearest,False,0.002777099609375,success
04809D4A9C4C80,6,['Casa Giulietta'],Torre Lamberti,"['Sighseeing', 'Centro Fotografia', 'Museo Conte', 'Palazzo della Ragione', 'AMO']",Verona Tour,strategy_nearest,False,0.0021507740020751953,success
0480A5429C4C80,0,['Arena'],Teatro Romano,"['Santa Anastasia', 'Duomo', 'AMO', 'Palazzo della Ragione', 'Museo Conte']",Torre Lamberti,strategy_nearest,False,0.004063844680786133,success
0480A84A9C4C80,0,"['Arena', 'Casa Giulietta']",Torre Lamberti,"['Sighseeing', 'Centro Fotografia', 'Museo Conte', 'Palazzo della Ragione', 'AMO']",Teatro Romano,strategy_nearest,False,0.0026237964630126953,success
0480A7429C4C80,0,['Arena'],Torre Lamberti,"['Sighseeing', 'Centro Fotografia', 'Museo Conte', 'Casa Giulietta', 'Palazzo della Ragione']",Casa Giulietta,strategy_nearest,True,0.002185821533203125,success
0480A63A9C4C80,0,['Arena'],Torre Lamberti,"['Sighseeing', 'Centro Fotografia', 'Museo Conte', 'Casa Giulietta', 'Palazzo della Ragione']",Duomo,strategy_nearest,False,0.001605987548828125,success
0480AE429C4C80,3,"['Arena', 'Santa Anastasia']",Torre Lamberti,"['Sighseeing', 'Centro Fotografia', 'Museo Conte', 'Casa Giulietta', 'Palazzo della Ragione']",Casa Giulietta,strategy_nearest,True,0.0018460750579833984,success
0480B03A9C4C80,0,"['Arena', 'Casa Giulietta']",Tomba Giulietta,"['San Fermo', 'Museo Storia', 'Museo Lapidario', 'Museo Radio', 'Verona Tour']",Castelvecchio,strategy_nearest,False,0.0012199878692626953,success
0480B83A9C4C80,2,['Casa Giulietta'],Torre Lamberti,"['Sighseeing', 'Centro Fotografia', 'Museo Conte', 'Palazzo della Ragione', 'AMO']",Santa Anastasia,strategy_nearest,False,0.0027849674224853516,success
0480B3429C4C80,0,['Arena'],Torre Lamberti,"['Sighseeing', 'Centro Fotografia', 'Museo Conte', 'Casa Giulietta', 'Palazzo della Ragione']",Casa Giulietta,strategy_nearest,True,0.003593921661376953,success
0480BE3A9C4C80,0,"['Arena', 'Casa Giulietta']",Torre Lamberti,"['Sighseeing', 'Centro Fotografia', 'Museo Conte', 'Palazzo della Ragione', 'AMO']",Teatro Romano,strategy_nearest,False,0.002730131149291992,success
0480BE429C4C80,0,['Teatro Romano'],Arena,"['Verona Tour', 'Museo Lapidario', 'Museo Radio', 'San Fermo', 'Casa Giulietta']",Castelvecchio,strategy_nearest,False,0.003065824508666992,success
0480D1429C4C80,3,"['Arena', 'Santa Anastasia']",Casa Giulietta,"['Centro Fotografia', 'Sighseeing', 'Torre Lamberti', 'Museo Conte', 'Museo Radio']",Torre Lamberti,strategy_nearest,True,0.0020079612731933594,success
0480C83A9C4C80,0,"['Arena', 'Casa Giulietta']",Torre Lamberti,"['Sighseeing', 'Centro Fotografia', 'Museo Conte', 'Palazzo della Ragione', 'AMO']",Duomo,strategy_nearest,False,0.0039539337158203125,success
0480BF3A9C4C80,3,"['Teatro Romano', 'Santa Anastasia']",Torre Lamberti,"['Sighseeing', 'Centro Fotografia', 'Museo Conte', 'Casa Giulietta', 'Palazzo della Ragione']",Casa Giulietta,strategy_nearest,True,0.00405573844909668,success
0480CB3A9C4C80,3,['Arena'],Casa Giulietta,"['Centro Fotografia', 'Sighseeing', 'Torre Lamberti', 'Museo Conte', 'Museo Radio']",Santa Anastasia,strategy_nearest,False,0.002148151397705078,success
0480F3429C4C80,3,"['Arena', 'Castelvecchio', 'Tomba Giulietta']",Casa Giulietta,"['Centro Fotografia', 'Sighseeing', 'Torre Lamberti', 'Museo Conte', 'Museo Radio']",Torre Lamberti,strategy_nearest,True,0.0027740001678466797,success
0480F53A9C4C80,3,"['Arena', 'Torre Lamberti']",Santa Anastasia,"['AMO', 'Museo Conte', 'Palazzo della Ragione', 'Teatro Romano', 'Centro Fotografia']",Teatro Romano,strategy_nearest,True,0.0020089149475097656,success
0480DB429C4C80,3,"['Arena', 'Torre Lamberti']",Casa Giulietta,"['Centro Fotografia', 'Sighseeing', 'Museo Conte', 'Museo Radio', 'Palazzo della Ragione']",Santa Anastasia,strategy_nearest,False,0.0016682147979736328,success
0480EB3A9C4C80,2,['Casa Giulietta'],Palazzo della Ragione,"['AMO', 'Museo Conte', 'Torre Lamberti', 'Centro Fotografia', 'Sighseeing']",Santa Anastasia,strategy_nearest,False,0.003475189208984375,success
04810B429C4C80,2,['San Fermo'],Santa Anastasia,"['AMO', 'Museo Conte', 'Palazzo della Ragione', 'Teatro Romano', 'Centro Fotografia']",Teatro Romano,strategy_nearest,True,0.0021181106567382812,success
0480F63A9C4C80,3,"['Arena', 'Casa Giulietta']",Torre Lamberti,"['Sighseeing', 'Centro Fotografia', 'Museo Conte', 'Palazzo della Ragione', 'AMO']",Santa Anastasia,strategy_nearest,False,0.004064083099365234,success
048110429C4C84,0,"['Arena', 'Museo Lapidario']",Castelvecchio,"['Verona Tour', 'Museo Radio', 'San Zeno', 'Sighseeing', 'Museo Miniscalchi']",Torre Lamberti,strategy_nearest,False,0.0026178359985351562,success
048100429C4C84,3,"['Arena', 'Casa Giulietta', 'Torre Lamberti']",Santa Anastasia,"['AMO', 'Museo Conte', 'Palazzo della Ragione', 'Teatro Romano', 'Centro Fotografia']",San Zeno,strategy_nearest,False,0.0015511512756347656,success
04811B3A9C4C80,0,['Arena'],Teatro Romano,"['Santa Anastasia', 'Duomo', 'AMO', 'Palazzo della Ragione', 'Museo Conte']",Giardino Giusti,strategy_nearest,False,0.002725839614868164,success
04811D429C4C84,2,['Castelvecchio'],Casa Giulietta,"['Centro Fotografia', 'Sighseeing', 'Torre Lamberti', 'Museo Conte', 'Museo Radio']",San Fermo,strategy_nearest,False,0.00197601318359375,success
048118429C4C80,0,['Arena'],Casa Giulietta,"['Centro Fotografia', 'Sighseeing', 'Torre Lamberti', 'Museo Conte', 'Museo Radio']",Castelvecchio,strategy_nearest,False,0.002821207046508789,success
0481193A9C4C84,2,['San Fermo'],Santa Anastasia,"['AMO', 'Museo Conte', 'Palazzo della Ragione', 'Teatro Romano', 'Centro Fotografia']",Castelvecchio,strategy_nearest,False,0.0034990310668945312,success
0481274A9C4C80,0,"['Casa Giulietta', 'Torre Lamberti']",Arena,"['Verona Tour', 'Museo Lapidario', 'Museo Radio', 'San Fermo', 'Sighseeing']",Castelvecchio,strategy_nearest,False,0.002692699432373047,success
04812D3A9C4C80,3,"['Castelvecchio', 'Torre Lamberti']",Arena,"['Verona Tour', 'Museo Lapidario', 'Museo Radio', 'San Fermo', 'Casa Giulietta']",San Fermo,strategy_nearest,True,0.003278970718383789,success
048121429C4C80,0,['San Zeno'],Castelvecchio,"['Museo Lapidario', 'Verona Tour', 'Arena', 'Museo Radio', 'Sighseeing']",Arena,strategy_nearest,True,0.0028231143951416016,success
048121429C4C84,3,"['Arena', 'Casa Giulietta', 'Torre Lamberti']",Santa Anastasia,"['AMO', 'Museo Conte', 'Palazzo della Ragione', 'Teatro Romano', 'Centro Fotografia']",Duomo,strategy_nearest,False,0.0018711090087890625,success
0481403A9C4C80,3,"['Santa Anastasia', 'Teatro Romano']",Museo Storia,"['San Fermo', 'Museo Radio', 'Casa Giulietta', 'Centro Fotografia', 'Tomba Giulietta']",Arena,strategy_nearest,False,0.00316619873046875,success
0481374A9C4C80,3,"['Arena', 'San Fermo', 'Casa Giulietta', 'Giardino Giusti', 'Teatro Romano']",Duomo,"['AMO', 'Museo Miniscalchi', 'Santa Anastasia', 'Palazzo della Ragione', 'Museo Conte']",Santa Anastasia,strategy_nearest,True,0.0022318363189697266,success
048138429C4C80,3,"['Castelvecchio', 'Arena', 'Duomo']",Teatro Romano,"['Santa Anastasia', 'AMO', 'Palazzo della Ragione', 'Museo Conte', 'Centro Fotografia']",Santa Anastasia,strategy_nearest,True,0.0021848678588867188,success
04813B429C4C80,3,['Arena'],Duomo,"['AMO', 'Museo Miniscalchi', 'Santa Anastasia', 'Teatro Romano', 'Palazzo della Ragione']",Santa Anastasia,strategy_nearest,True,0.0027658939361572266,success
04815F3A9C4C80,3,"['Casa Giulietta', 'San Fermo', 'Castelvecchio']",Arena,"['Verona Tour', 'Museo Lapidario', 'Museo Radio', 'Sighseeing', 'Torre Lamberti']",Santa Anastasia,strategy_nearest,False,0.0014190673828125,success
0481573A9C4C80,1,"['Arena', 'Palazzo della Ragione']",Torre Lamberti,"['Sighseeing', 'Centro Fotografia', 'Museo Conte', 'Casa Giulietta', 'AMO']",Santa Anastasia,strategy_nearest,False,0.0021088123321533203,success
048144429C4C80,0,['Arena'],Casa Giulietta,"['Centro Fotografia', 'Sighseeing', 'Torre Lamberti', 'Museo Conte', 'Museo Radio']",Torre Lamberti,strategy_nearest,True,0.0027878284454345703,success
04814D3A9C4C80,3,['Arena'],Torre Lamberti,"['Sighseeing', 'Centro Fotografia', 'Museo Conte', 'Casa Giulietta', 'Palazzo della Ragione']",Santa Anastasia,strategy_nearest,False,0.0033462047576904297,success
04816C429C4C80,0,['Museo Lapidario'],Torre Lamberti,"['Sighseeing', 'Centro Fotografia', 'Museo Conte', 'Casa Giulietta', 'Palazzo della Ragione']",Casa Giulietta,strategy_nearest,True,0.002145051956176758,success
04816E3A9C4C80,2,"['Castelvecchio', 'San Zeno']",Teatro Romano,"['Santa Anastasia', 'Duomo', 'AMO', 'Palazzo della Ragione', 'Museo Conte']",Duomo,strategy_nearest,True,0.0027120113372802734,success
0481793A9C4C80,3,"['Arena', 'Casa Giulietta']",Santa Anastasia,"['AMO', 'Museo Conte', 'Palazzo della Ragione', 'Teatro Romano', 'Centro Fotografia']",Teatro Romano,strategy_nearest,True,0.003244161605834961,success
048169429C4C80,0,['Castelvecchio'],Arena,"['Verona Tour', 'Museo Lapidario', 'Museo Radio', 'San Fermo', 'Casa Giulietta']",San Fermo,strategy_nearest,True,0.0014388561248779297,success
04817F3A9C4C80,0,['Arena'],Casa Giulietta,"['Centro Fotografia', 'Sighseeing', 'Torre Lamberti', 'Museo Conte', 'Museo Radio']",Giardino Giusti,strategy_nearest,False,0.0027298927307128906,success
048182429C4C80,3,"['Arena', 'San Fermo']",Casa Giulietta,"['Centro Fotografia', 'Sighseeing', 'Torre Lamberti', 'Museo Conte', 'Museo Radio']",Torre Lamberti,strategy_nearest,True,0.003203153610229492,success
0481803A9C4C80,0,['Arena'],Casa Giulietta,"['Centro Fotografia', 'Sighseeing', 'Torre Lamberti', 'Museo Conte', 'Museo Radio']",Teatro Romano,strategy_nearest,False,0.0014019012451171875,success
048179429C4C80,3,"['Castelvecchio', 'Museo Lapidario']",Arena,"['Verona Tour', 'Museo Radio', 'San Fermo', 'Casa Giulietta', 'Sighseeing']",Casa Giulietta,strategy_nearest,True,0.0034151077270507812,success
0481854A9C4C80,2,['Casa Giulietta'],Santa Anastasia,"['AMO', 'Museo Conte', 'Palazzo della Ragione', 'Teatro Romano', 'Centro Fotografia']",Duomo,strategy_nearest,False,0.0027370452880859375,success
048186429C4C80,0,"['Arena', 'Museo Lapidario']",Casa Giulietta,"['Centro Fotografia', 'Sighseeing', 'Torre Lamberti', 'Museo Conte', 'Museo Radio']",Torre Lamberti,strategy_nearest,True,0.002107858657836914,success
048188429C4C80,3,"['Arena', 'Casa Giulietta', 'Santa Anastasia']",Torre Lamberti,"['Sighseeing', 'Centro Fotografia', 'Museo Conte', 'Palazzo della Ragione', 'AMO']",Teatro Romano,strategy_nearest,False,0.003217935562133789,success
048185429C4C80,0,['Castelvecchio'],Arena,"['Verona Tour', 'Museo Lapidario', 'Museo Radio', 'San Fermo', 'Casa Giulietta']",Torre Lamberti,strategy_nearest,False,0.0015740394592285156,success
04818B4A9C4C80,3,"['Arena', 'San Zeno']",Torre Lamberti,"['Sighseeing', 'Centro Fotografia', 'Museo Conte', 'Casa Giulietta', 'Palazzo della Ragione']",Duomo,strategy_nearest,False,0.0027027130126953125,success
0481944A9C4C80,2,['Tomba Giulietta'],Teatro Romano,"['Santa Anastasia', 'Duomo', 'AMO', 'Palazzo della Ragione', 'Museo Conte']",Casa Giulietta,strategy_nearest,False,0.0019388198852539062,success
04818B429C4C80,3,"['Arena', 'Museo Lapidario', 'Castelvecchio']",Torre Lamberti,"['Sighseeing', 'Centro Fotografia', 'Museo Conte', 'Casa Giulietta', 'Palazzo della Ragione']",Casa Giulietta,strategy_nearest,True,0.0033626556396484375,success
04818C4A9C4C80,0,['Arena'],Duomo,"['AMO', 'Museo Miniscalchi', 'Santa Anastasia', 'Teatro Romano', 'Palazzo della Ragione']",Teatro Romano,strategy_nearest,True,0.0015232563018798828,success
04819E4A9C4C80,0,['Arena'],Casa Giulietta,"['Centro Fotografia', 'Sighseeing', 'Torre Lamberti', 'Museo Conte', 'Museo Radio']",Torre Lamberti,strategy_nearest,True,0.0026056766510009766,success
0481984A9C4C80,3,"['Arena', 'Casa Giulietta']",Santa Anastasia,"['AMO', 'Museo Conte', 'Palazzo della Ragione', 'Teatro Romano', 'Centro Fotografia']",Duomo,strategy_nearest,False,0.0022840499877929688,success
048199429C4C80,0,['Arena'],Casa Giulietta,"['Centro Fotografia', 'Sighseeing', 'Torre Lamberti', 'Museo Conte', 'Museo Radio']",Torre Lamberti,strategy_nearest,True,0.003453969955444336,success
04819D4A9C4C80,0,['Arena'],Casa Giulietta,"['Centro Fotografia', 'Sighseeing', 'Torre Lamberti', 'Museo Conte', 'Museo Radio']",Tomba Giulietta,strategy_nearest,False,0.002212047576904297,success
0481A64A9C4C80,3,"['Arena', 'Torre Lamberti', 'Santa Anastasia']",Teatro Romano,"['Duomo', 'AMO', 'Palazzo della Ragione', 'Museo Conte', 'Centro Fotografia']",Duomo,strategy_nearest,True,0.0015261173248291016,success
0481A24A9C4C80,2,['Palazzo della Ragione'],Casa Giulietta,"['Centro Fotografia', 'Sighseeing', 'Torre Lamberti', 'Museo Conte', 'Museo Radio']",Santa Anastasia,strategy_nearest,False,0.0027561187744140625,success
04819F429C4C80,0,['Arena'],Casa Giulietta,"['Centro Fotografia', 'Sighseeing', 'Torre Lamberti', 'Museo Conte', 'Museo Radio']",Castelvecchio,strategy_nearest,False,0.003987789154052734,success
0481AB3A9C4C80,0,['Arena'],Casa Giulietta,"['Centro Fotografia', 'Sighseeing', 'Torre Lamberti', 'Museo Conte', 'Museo Radio']",Castelvecchio,strategy_nearest,False,0.001961946487426758,success
0481CC3A9C4C80,3,['Arena'],Casa Giulietta,"['Centro Fotografia', 'Sighseeing', 'Torre Lamberti', 'Museo Conte', 'Museo Radio']",Santa Anastasia,strategy_nearest,False,0.0025758743286132812,success
0481B4429C4C80,3,"['Castelvecchio', 'San Zeno']",Santa Anastasia,"['AMO', 'Museo Conte', 'Palazzo della Ragione', 'Teatro Romano', 'Centro Fotografia']",Duomo,strategy_nearest,False,0.001542806625366211,success
0481AC3A9C4C80,0,"['Arena', 'Museo Lapidario']",Castelvecchio,"['Verona Tour', 'Museo Radio', 'San Zeno', 'Sighseeing', 'Museo Miniscalchi']",Torre Lamberti,strategy_nearest,False,0.0033800601959228516,success
0481BA429C4C80,2,"['Casa Giulietta', 'Torre Lamberti']",Palazzo della Ragione,"['AMO', 'Museo Conte', 'Centro Fotografia', 'Sighseeing', 'Santa Anastasia']",Castelvecchio,strategy_nearest,False,0.003381013870239258,success
0481E3429C4C80,0,['Casa Giulietta'],Torre Lamberti,"['Sighseeing', 'Centro Fotografia', 'Museo Conte', 'Palazzo della Ragione', 'AMO']",Teatro Romano,strategy_nearest,False,0.002524852752685547,success
0481D93A9C4C80,3,"['Arena', 'Museo Lapidario']",Castelvecchio,"['Verona Tour', 'Museo Radio', 'San Zeno', 'Sighseeing', 'Museo Miniscalchi']",Santa Anastasia,strategy_nearest,False,0.0020689964294433594,success
0481D33A9C4C80,3,"['Duomo', 'Santa Anastasia']",Torre Lamberti,"['Sighseeing', 'Centro Fotografia', 'Museo Conte', 'Casa Giulietta', 'Palazzo della Ragione']",Casa Giulietta,strategy_nearest,True,0.003956794738769531,success
0481E0429C4C80,0,"['Arena', 'Casa Giulietta']",Torre Lamberti,"['Sighseeing', 'Centro Fotografia', 'Museo Conte', 'Palazzo della Ragione', 'AMO']",Castelvecchio,strategy_nearest,False,0.0014739036560058594,success
0481F03A9C4C80,1,"['Castelvecchio', 'Arena', 'Casa Giulietta']",Tomba Giulietta,"['San Fermo', 'Museo Storia', 'Museo Lapidario', 'Museo Radio', 'Verona Tour']",Torre Lamberti,strategy_nearest,False,0.0012898445129394531,success
0481E43A9C4C80,2,"['Museo Lapidario', 'San Fermo', 'Casa Giulietta']",Torre Lamberti,"['Sighseeing', 'Centro Fotografia', 'Museo Conte', 'Palazzo della Ragione', 'AMO']",Santa Anastasia,strategy_nearest,False,0.0026187896728515625,success
0481E83A9C4C80,2,['Tomba Giulietta'],Casa Giulietta,"['Centro Fotografia', 'Sighseeing', 'Torre Lamberti', 'Museo Conte', 'Museo Radio']",Castelvecchio,strategy_nearest,False,0.002007007598876953,success
0481FD429C4C80,3,"['Arena', 'Casa Giulietta', 'Torre Lamberti']",Teatro Romano,"['Santa Anastasia', 'Duomo', 'AMO', 'Palazzo della Ragione', 'Museo Conte']",Duomo,strategy_nearest,True,0.0031239986419677734,success
048209429C4C80,3,"['Castelvecchio', 'Santa Anastasia']",Teatro Romano,"['Duomo', 'AMO', 'Palazzo della Ragione', 'Museo Conte', 'Centro Fotografia']",Arena,strategy_nearest,False,0.0024759769439697266,success
0481F33A9C4C80,0,['Arena'],Museo Lapidario,"['Verona Tour', 'Castelvecchio', 'Museo Radio', 'San Fermo', 'Casa Giulietta']",Casa Giulietta,strategy_nearest,True,0.002939939498901367,success
04820B429C4C80,3,"['Arena', 'Teatro Romano']",Giardino Giusti,"['Santa Anastasia', 'Museo Conte', 'Centro Fotografia', 'Museo Storia', 'AMO']",Santa Anastasia,strategy_nearest,True,0.0031578540802001953,success
048213429C4C84,3,"['Duomo', 'Arena', 'Casa Giulietta']",Torre Lamberti,"['Sighseeing', 'Centro Fotografia', 'Museo Conte', 'Palazzo della Ragione', 'AMO']",Santa Anastasia,strategy_nearest,False,0.0018548965454101562,success
04820B4A9C4C80,0,['Arena'],Castelvecchio,"['Museo Lapidario', 'Verona Tour', 'Museo Radio', 'San Zeno', 'Sighseeing']",Casa Giulietta,strategy_nearest,False,0.0017380714416503906,success
04820C429C4C84,0,['Arena'],Casa Giulietta,"['Centro Fotografia', 'Sighseeing', 'Torre Lamberti', 'Museo Conte', 'Museo Radio']",Torre Lamberti,strategy_nearest,True,0.003214120864868164,success
0482163A9C4C84,1,['Arena'],Palazzo della Ragione,"['AMO', 'Museo Conte', 'Torre Lamberti', 'Centro Fotografia', 'Sighseeing']",Torre Lamberti,strategy_nearest,True,0.0022039413452148438,success
048217429C4C84,0,"['Arena', 'Castelvecchio']",Casa Giulietta,"['Centro Fotografia', 'Sighseeing', 'Torre Lamberti', 'Museo Conte', 'Museo Radio']",Torre Lamberti,strategy_nearest,True,0.0019872188568115234,success
04821B429C4C84,1,"['Palazzo della Ragione', 'Torre Lamberti', 'Arena']",Casa Giulietta,"['Centro Fotografia', 'Sighseeing', 'Museo Conte', 'Museo Radio', 'San Fermo']",Teatro Romano,strategy_nearest,False,0.002695322036743164,success
04822F3A9C4C80,1,"['Arena', 'Museo Lapidario', 'Castelvecchio']",Duomo,"['AMO', 'Museo Miniscalchi', 'Santa Anastasia', 'Teatro Romano', 'Palazzo della Ragione']",Torre Lamberti,strategy_nearest,False,0.0025730133056640625,success
04822E3A9C4C80,0,['Arena'],Casa Giulietta,"['Centro Fotografia', 'Sighseeing', 'Torre Lamberti', 'Museo Conte', 'Museo Radio']",Torre Lamberti,strategy_nearest,True,0.0034630298614501953,success
0482314A9C4C80,2,['San Fermo'],Casa Giulietta,"['Centro Fotografia', 'Sighseeing', 'Torre Lamberti', 'Museo Conte', 'Museo Radio']",Santa Anastasia,strategy_nearest,False,0.002039194107055664,success
04824C3A9C4C80,2,['Casa Giulietta'],Torre Lamberti,"['Sighseeing', 'Centro Fotografia', 'Museo Conte', 'Palazzo della Ragione', 'AMO']",Duomo,strategy_nearest,False,0.0033097267150878906,success
048242429C4C80,2,"['Castelvecchio', 'Torre Lamberti']",Duomo,"['AMO', 'Museo Miniscalchi', 'Santa Anastasia', 'Teatro Romano', 'Palazzo della Ragione']",Teatro Romano,strategy_nearest,True,0.0027549266815185547,success
04824D3A9C4C80,3,"['Arena', 'Casa Giulietta', 'Torre Lamberti']",Santa Anastasia,"['AMO', 'Museo Conte', 'Palazzo della Ragione', 'Teatro Romano', 'Centro Fotografia']",Duomo,strategy_nearest,False,0.0034639835357666016,success
04824F3A9C4C80,2,['Torre Lamberti'],Casa Giulietta,"['Centro Fotografia', 'Sighseeing', 'Museo Conte', 'Museo Radio', 'Palazzo della Ragione']",Santa Anastasia,strategy_nearest,False,0.002009153366088867,success
048251429C4C80,3,"['Arena', 'Torre Lamberti']",Santa Anastasia,"['AMO', 'Museo Conte', 'Palazzo della Ragione', 'Teatro Romano', 'Centro Fotografia']",Giardino Giusti,strategy_nearest,False,0.0031709671020507812,success
0482573A9C4C80,3,['Arena'],Torre Lamberti,"['Sighseeing', 'Centro Fotografia', 'Museo Conte', 'Casa Giulietta', 'Palazzo della Ragione']",Duomo,strategy_nearest,False,0.002611875534057617,success
04826D3A9C4C80,3,"['Arena', 'Castelvecchio']",Casa Giulietta,"['Centro Fotografia', 'Sighseeing', 'Torre Lamberti', 'Museo Conte', 'Museo Radio']",Teatro Romano,strategy_nearest,False,0.003554105758666992,success
04825A429C4C80,1,"['Castelvecchio', 'Arena', 'Museo Lapidario']",Palazzo della Ragione,"['AMO', 'Museo Conte', 'Torre Lamberti', 'Centro Fotografia', 'Sighseeing']",Casa Giulietta,strategy_nearest,False,0.0027582645416259766,success
04827E429C4C80,3,"['Arena', 'Castelvecchio']",Santa Anastasia,"['AMO', 'Museo Conte', 'Palazzo della Ragione', 'Teatro Romano', 'Centro Fotografia']",Duomo,strategy_nearest,False,0.002492189407348633,success
048288429C4C80,3,"['Arena', 'Casa Giulietta']",Castelvecchio,"['Museo Lapidario', 'Verona Tour', 'Museo Radio', 'San Zeno', 'Sighseeing']",Torre Lamberti,strategy_nearest,False,0.0018727779388427734,success
0482864A9C4C80,0,['Duomo'],Casa Giulietta,"['Centro Fotografia', 'Sighseeing', 'Torre Lamberti', 'Museo Conte', 'Museo Radio']",San Fermo,strategy_nearest,False,0.003175020217895508,success
048281429C4C80,1,"['Arena', 'Casa Giulietta']",Torre Lamberti,"['Sighseeing', 'Centro Fotografia', 'Museo Conte', 'Palazzo della Ragione', 'AMO']",Palazzo della Ragione,strategy_nearest,True,0.0032019615173339844,success
048285429C4C80,3,['Castelvecchio'],Arena,"['Verona Tour', 'Museo Lapidario', 'Museo Radio', 'San Fermo', 'Casa Giulietta']",Santa Anastasia,strategy_nearest,False,0.0025959014892578125,success
04828B429C4C80,0,['Casa Giulietta'],Arena,"['Verona Tour', 'Museo Lapidario', 'Museo Radio', 'San Fermo', 'Sighseeing']",San Fermo,strategy_nearest,True,0.0033800601959228516,success
048292429C4C80,3,"['Arena', 'Torre Lamberti']",Casa Giulietta,"['Centro Fotografia', 'Sighseeing', 'Museo Conte', 'Museo Radio', 'Palazzo della Ragione']",Santa Anastasia,strategy_nearest,False,0.0027608871459960938,success
0482934A9C4C80,1,"['Arena', 'Casa Giulietta']",Torre Lamberti,"['Sighseeing', 'Centro Fotografia', 'Museo Conte', 'Palazzo della Ragione', 'AMO']",Palazzo della Ragione,strategy_nearest,True,0.0015151500701904297,success
0482954A9C4C80,0,['Arena'],Castelvecchio,"['Museo Lapidario', 'Verona Tour', 'Museo Radio', 'San Zeno', 'Sighseeing']",Casa Giulietta,strategy_nearest,False,0.00197601318359375,success
04829C4A9C4C80,1,"['Castelvecchio', 'Arena']",Torre Lamberti,"['Sighseeing', 'Centro Fotografia', 'Museo Conte', 'Casa Giulietta', 'Palazzo della Ragione']",Palazzo della Ragione,strategy_nearest,True,0.0027081966400146484,success
0482A5429C4C80,1,['Arena'],Castelvecchio,"['Museo Lapidario', 'Verona Tour', 'Museo Radio', 'San Zeno', 'Sighseeing']",Torre Lamberti,strategy_nearest,False,0.0019888877868652344,success
04829F429C4C80,3,"['Castelvecchio', 'San Zeno', 'Arena']",Torre Lamberti,"['Sighseeing', 'Centro Fotografia', 'Museo Conte', 'Casa Giulietta', 'Palazzo della Ragione']",Duomo,strategy_nearest,False,0.0014462471008300781,success
04829B429C4C80,0,['Arena'],Castelvecchio,"['Museo Lapidario', 'Verona Tour', 'Museo Radio', 'San Zeno', 'Sighseeing']",Casa Giulietta,strategy_nearest,False,0.003339052200317383,success
0482AE3A9C4C80,2,['Casa Giulietta'],Torre Lamberti,"['Sighseeing', 'Centro Fotografia', 'Museo Conte', 'Palazzo della Ragione', 'AMO']",Palazzo della Ragione,strategy_nearest,True,0.00145721435546875,success
0482A73A9C4C80,0,['Casa Giulietta'],Arena,"['Verona Tour', 'Museo Lapidario', 'Museo Radio', 'San Fermo', 'Sighseeing']",Teatro Romano,strategy_nearest,False,0.0027921199798583984,success
0482A84A9C4C80,3,"['Arena', 'Casa Giulietta']",Santa Anastasia,"['AMO', 'Museo Conte', 'Palazzo della Ragione', 'Teatro Romano', 'Centro Fotografia']",Duomo,strategy_nearest,False,0.0021669864654541016,success
0482AB429C4C80,3,"['Arena', 'Casa Giulietta', 'Torre Lamberti']",Santa Anastasia,"['AMO', 'Museo Conte', 'Palazzo della Ragione', 'Teatro Romano', 'Centro Fotografia']",Duomo,strategy_nearest,False,0.003383159637451172,success
0482B63A9C4C80,2,['Palazzo della Ragione'],Torre Lamberti,"['Sighseeing', 'Centro Fotografia', 'Museo Conte', 'Casa Giulietta', 'AMO']",Santa Anastasia,strategy_nearest,False,0.0015652179718017578,success
0482B43A9C4C80,0,['Arena'],Casa Giulietta,"['Centro Fotografia', 'Sighseeing', 'Torre Lamberti', 'Museo Conte', 'Museo Radio']",Duomo,strategy_nearest,False,0.002825021743774414,success
0482C13A9C4C80,0,['Arena'],Museo Lapidario,"['Verona Tour', 'Castelvecchio', 'Museo Radio', 'San Fermo', 'Casa Giulietta']",Castelvecchio,strategy_nearest,True,0.0026650428771972656,success
0482B4429C4C80,2,['Castelvecchio'],Casa Giulietta,"['Centro Fotografia', 'Sighseeing', 'Torre Lamberti', 'Museo Conte', 'Museo Radio']",San Fermo,strategy_nearest,False,0.004062175750732422,success
0482C63A9C4C80,0,['Arena'],Castelvecchio,"['Museo Lapidario', 'Verona Tour', 'Museo Radio', 'San Zeno', 'Sighseeing']",Casa Giulietta,strategy_nearest,False,0.0022580623626708984,success
0482D13A9C4C80,1,"['Torre Lamberti', 'Palazzo della Ragione', 'Arena']",Castelvecchio,"['Museo Lapidario', 'Verona Tour', 'Museo Radio', 'San Zeno', 'Sighseeing']",Casa Giulietta,strategy_nearest,False,0.002668142318725586,success
0482D33A9C4C80,2,['Teatro Romano'],Castelvecchio,"['Museo Lapidario', 'Verona Tour', 'Arena', 'Museo Radio', 'San Zeno']",Casa Giulietta,strategy_nearest,False,0.001981019973754883,success
0482D0429C4C80,3,"['San Fermo', 'Casa Giulietta', 'Torre Lamberti']",Santa Anastasia,"['AMO', 'Museo Conte', 'Palazzo della Ragione', 'Teatro Romano', 'Centro Fotografia']",Teatro Romano,strategy_nearest,True,0.004015207290649414,success
0482D8429C4C80,3,"['Duomo', 'Arena']",Torre Lamberti,"['Sighseeing', 'Centro Fotografia', 'Museo Conte', 'Casa Giulietta', 'Palazzo della Ragione']",Castelvecchio,strategy_nearest,False,0.002727031707763672,success
0482D9429C4C80,3,"['Teatro Romano', 'Giardino Giusti', 'Casa Giulietta']",Torre Lamberti,"['Sighseeing', 'Centro Fotografia', 'Museo Conte', 'Palazzo della Ragione', 'AMO']",Arena,strategy_nearest,False,0.003238201141357422,success
0482D3429C4C80,4,"['San Fermo', 'Santa Anastasia', 'Casa Giulietta', 'Teatro Romano', 'Museo Radio']",Tomba Giulietta,"['Museo Storia', 'Arena', 'Museo Lapidario', 'Verona Tour', 'Castelvecchio']",Arena,strategy_nearest,True,0.0028259754180908203,success
0482D43A9C4C80,3,"['Arena', 'Casa Giulietta']",San Fermo,"['Museo Storia', 'Museo Radio', 'Centro Fotografia', 'Sighseeing', 'Torre Lamberti']",Santa Anastasia,strategy_nearest,False,0.0015773773193359375,success
0482EF3A9C4C80,0,['Arena'],Castelvecchio,"['Museo Lapidario', 'Verona Tour', 'Museo Radio', 'San Zeno', 'Sighseeing']",Torre Lamberti,strategy_nearest,False,0.0027718544006347656,success
0482F03A9C4C80,2,"['Castelvecchio', 'Giardino Giusti']",Teatro Romano,"['Santa Anastasia', 'Duomo', 'AMO', 'Palazzo della Ragione', 'Museo Conte']",Duomo,strategy_nearest,True,0.0015611648559570312,success
0482F23A9C4C80,1,['Arena'],Casa Giulietta,"['Centro Fotografia', 'Sighseeing', 'Torre Lamberti', 'Museo Conte', 'Museo Radio']",Torre Lamberti,strategy_nearest,True,0.003381013870239258,success
0482FE429C4C80,3,"['Arena', 'Museo Lapidario', 'Castelvecchio']",Casa Giulietta,"['Centro Fotografia', 'Sighseeing', 'Torre Lamberti', 'Museo Conte', 'Museo Radio']",Santa Anastasia,strategy_nearest,False,0.0026509761810302734,success
0483013A9C4C84,0,['Arena'],Casa Giulietta,"['Centro Fotografia', 'Sighseeing', 'Torre Lamberti', 'Museo Conte', 'Museo Radio']",Duomo,strategy_nearest,False,0.0030508041381835938,success
0483023A9C4C84,3,"['Arena', 'Torre Lamberti', 'Casa Giulietta']",Santa Anastasia,"['AMO', 'Museo Conte', 'Palazzo della Ragione', 'Teatro Romano', 'Centro Fotografia']",Duomo,strategy_nearest,False,0.0018019676208496094,success
0483163A9C4C84,3,"['Arena', 'Castelvecchio']",Duomo,"['AMO', 'Museo Miniscalchi', 'Santa Anastasia', 'Teatro Romano', 'Palazzo della Ragione']",Teatro Romano,strategy_nearest,True,0.003204822540283203,success
048304429C4C84,3,"['Arena', 'San Fermo', 'Casa Giulietta', 'Torre Lamberti']",Santa Anastasia,"['AMO', 'Museo Conte', 'Palazzo della Ragione', 'Teatro Romano', 'Centro Fotografia']",Museo Lapidario,strategy_nearest,False,0.0027260780334472656,success
04831D429C4C84,2,['Casa Giulietta'],Teatro Romano,"['Santa Anastasia', 'Duomo', 'AMO', 'Palazzo della Ragione', 'Museo Conte']",Castelvecchio,strategy_nearest,False,0.003324270248413086,success
04831C4A9C4C80,1,"['Arena', 'Torre Lamberti', 'Palazzo della Ragione']",Casa Giulietta,"['Centro Fotografia', 'Sighseeing', 'Museo Conte', 'Museo Radio', 'San Fermo']",Santa Anastasia,strategy_nearest,False,0.0027048587799072266,success
0483343A9C4C80,3,"['Castelvecchio', 'Arena', 'Tomba Giulietta', 'San Fermo']",San Zeno,"['Verona Tour', 'Museo Lapidario', 'Museo Miniscalchi', 'Sighseeing', 'Museo Radio']",Museo Lapidario,strategy_nearest,True,0.0026450157165527344,success
048321429C4C80,0,['Arena'],Casa Giulietta,"['Centro Fotografia', 'Sighseeing', 'Torre Lamberti', 'Museo Conte', 'Museo Radio']",Torre Lamberti,strategy_nearest,True,0.0032949447631835938,success
048337429C4C80,3,"['Arena', 'Casa Giulietta', 'Santa Anastasia', 'Teatro Romano']",Giardino Giusti,"['Museo Conte', 'Centro Fotografia', 'Museo Storia', 'AMO', 'Palazzo della Ragione']",San Fermo,strategy_nearest,False,0.00321197509765625,success
048339429C4C80,2,"['Santa Anastasia', 'Duomo']",Torre Lamberti,"['Sighseeing', 'Centro Fotografia', 'Museo Conte', 'Casa Giulietta', 'Palazzo della Ragione']",Teatro Romano,strategy_nearest,False,0.003342151641845703,success
04833C429C4C80,0,['Arena'],Duomo,"['AMO', 'Museo Miniscalchi', 'Santa Anastasia', 'Teatro Romano', 'Palazzo della Ragione']",Teatro Romano,strategy_nearest,True,0.001302957534790039,success
04833D429C4C80,3,"['Castelvecchio', 'Arena']",Torre Lamberti,"['Sighseeing', 'Centro Fotografia', 'Museo Conte', 'Casa Giulietta', 'Palazzo della Ragione']",Casa Giulietta,strategy_nearest,True,0.0033140182495117188,success
048343429C4C80,3,"['San Zeno', 'Arena']",Torre Lamberti,"['Sighseeing', 'Centro Fotografia', 'Museo Conte', 'Casa Giulietta', 'Palazzo della Ragione']",Santa Anastasia,strategy_nearest,False,0.0022220611572265625,success
048345429C4C80,3,"['Casa Giulietta', 'Torre Lamberti', 'Santa Anastasia']",Teatro Romano,"['Duomo', 'AMO', 'Palazzo della Ragione', 'Museo Conte', 'Centro Fotografia']",Duomo,strategy_nearest,True,0.002499818801879883,success
048348429C4C80,3,"['Casa Giulietta', 'Torre Lamberti', 'Castelvecchio']",Arena,"['Verona Tour', 'Museo Lapidario', 'Museo Radio', 'San Fermo', 'Sighseeing']",Santa Anastasia,strategy_nearest,False,0.0033020973205566406,success
04834C3A9C4C80,3,"['Arena', 'Torre Lamberti']",Casa Giulietta,"['Centro Fotografia', 'Sighseeing', 'Museo Conte', 'Museo Radio', 'Palazzo della Ragione']",Santa Anastasia,strategy_nearest,False,0.0032339096069335938,success
04834F429C4C80,0,"['Arena', 'Casa Giulietta']",Teatro Romano,"['Santa Anastasia', 'Duomo', 'AMO', 'Palazzo della Ragione', 'Museo Conte']",Museo Storia,strategy_nearest,False,0.0030031204223632812,success
04834E429C4C80,3,"['Arena', 'Torre Lamberti', 'Casa Giulietta']",Santa Anastasia,"['AMO', 'Museo Conte', 'Palazzo della Ragione', 'Teatro Romano', 'Centro Fotografia']",Duomo,strategy_nearest,False,0.0025882720947265625,success
0483643A9C4C80,3,"['Arena', 'Torre Lamberti', 'Casa Giulietta']",San Fermo,"['Museo Storia', 'Museo Radio', 'Centro Fotografia', 'Sighseeing', 'Museo Conte']",Duomo,strategy_nearest,False,0.0031578540802001953,success
0483553A9C4C80,3,"['Casa Giulietta', 'Teatro Romano']",Duomo,"['AMO', 'Museo Miniscalchi', 'Santa Anastasia', 'Palazzo della Ragione', 'Museo Conte']",Torre Lamberti,strategy_nearest,False,0.003421306610107422,success
04836E3A9C4C80,0,['Arena'],Castelvecchio,"['Museo Lapidario', 'Verona Tour', 'Museo Radio', 'San Zeno', 'Sighseeing']",Giardino Giusti,strategy_nearest,False,0.0032660961151123047,success
04837C429C4C80,3,"['Casa Giulietta', 'San Fermo']",Torre Lamberti,"['Sighseeing', 'Centro Fotografia', 'Museo Conte', 'Palazzo della Ragione', 'AMO']",Santa Anastasia,strategy_nearest,False,0.0026750564575195312,success
048381429C4C80,0,['Museo Lapidario'],Arena,"['Verona Tour', 'Museo Radio', 'San Fermo', 'Casa Giulietta', 'Sighseeing']",Giardino Giusti,strategy_nearest,False,0.0015840530395507812,success
048382429C4C80,0,"['Museo Lapidario', 'Arena']",Casa Giulietta,"['Centro Fotografia', 'Sighseeing', 'Torre Lamberti', 'Museo Conte', 'Museo Radio']",Duomo,strategy_nearest,False,0.0021491050720214844,success
04837D429C4C80,3,"['Casa Giulietta', 'Santa Anastasia', 'Duomo']",Teatro Romano,"['AMO', 'Palazzo della Ragione', 'Museo Conte', 'Centro Fotografia', 'Museo Miniscalchi']",Castelvecchio,strategy_nearest,False,0.004745006561279297,success
048385429C4C80,3,['Arena'],Casa Giulietta,"['Centro Fotografia', 'Sighseeing', 'Torre Lamberti', 'Museo Conte', 'Museo Radio']",Torre Lamberti,strategy_nearest,True,0.0026459693908691406,success
048388429C4C80,3,['Arena'],San Fermo,"['Museo Storia', 'Museo Radio', 'Casa Giulietta', 'Centro Fotografia', 'Sighseeing']",Duomo,strategy_nearest,False,0.0019481182098388672,success
0483884A9C4C80,0,['Arena'],Casa Giulietta,"['Centro Fotografia', 'Sighseeing', 'Torre Lamberti', 'Museo Conte', 'Museo Radio']",Santa Anastasia,strategy_nearest,False,0.0025548934936523438,success
048390429C4C80,3,"['Arena', 'Santa Anastasia']",Duomo,"['AMO', 'Museo Miniscalchi', 'Teatro Romano', 'Palazzo della Ragione', 'Museo Conte']",Castelvecchio,strategy_nearest,False,0.002916097640991211,success
04838B4A9C4C80,0,['Arena'],Torre Lamberti,"['Sighseeing', 'Centro Fotografia', 'Museo Conte', 'Casa Giulietta', 'Palazzo della Ragione']",Casa Giulietta,strategy_nearest,True,0.0027289390563964844,success
0483954A9C4C80,2,"['Palazzo della Ragione', 'Santa Anastasia']",Duomo,"['AMO', 'Museo Miniscalchi', 'Teatro Romano', 'Museo Conte', 'Torre Lamberti']",Teatro Romano,strategy_nearest,True,0.002599000930786133,success
0483924A9C4C80,3,"['Arena', 'Torre Lamberti']",Santa Anastasia,"['AMO', 'Museo Conte', 'Palazzo della Ragione', 'Teatro Romano', 'Centro Fotografia']",Castelvecchio,strategy_nearest,False,0.003359079360961914,success
0483944A9C4C80,0,['Arena'],Museo Lapidario,"['Verona Tour', 'Castelvecchio', 'Museo Radio', 'San Fermo', 'Casa Giulietta']",Castelvecchio,strategy_nearest,True,0.002737760543823242,success
048398429C4C80,3,"['Arena', 'Museo Lapidario', 'Castelvecchio']",Torre Lamberti,"['Sighseeing', 'Centro Fotografia', 'Museo Conte', 'Casa Giulietta', 'Palazzo della Ragione']",Casa Giulietta,strategy_nearest,True,0.003258943557739258,success
0483994A9C4C80,2,['Torre Lamberti'],Santa Anastasia,"['AMO', 'Museo Conte', 'Palazzo della Ragione', 'Teatro Romano', 'Centro Fotografia']",Teatro Romano,strategy_nearest,True,0.002872943878173828,success
04839E4A9C4C80,3,['Arena'],Torre Lamberti,"['Sighseeing', 'Centro Fotografia', 'Museo Conte', 'Casa Giulietta', 'Palazzo della Ragione']",Santa Anastasia,strategy_nearest,False,0.0021800994873046875,success
0483A84A9C4C80,3,"['Arena', 'Casa Giulietta']",Santa Anastasia,"['AMO', 'Museo Conte', 'Palazzo della Ragione', 'Teatro Romano', 'Centro Fotografia']",Teatro Romano,strategy_nearest,True,0.0031998157501220703,success
0483A14A9C4C80,3,"['Arena', 'Casa Giulietta', 'San Fermo']",Torre Lamberti,"['Sighseeing', 'Centro Fotografia', 'Museo Conte', 'Palazzo della Ragione', 'AMO']",Santa Anastasia,strategy_nearest,False,0.002789020538330078,success
0483BE3A9C4C80,0,['Arena'],Casa Giulietta,"['Centro Fotografia', 'Sighseeing', 'Torre Lamberti', 'Museo Conte', 'Museo Radio']",Duomo,strategy_nearest,False,0.0015408992767333984,success
0483C13A9C4C80,3,"['Casa Giulietta', 'Arena']",San Zeno,"['Castelvecchio', 'Verona Tour', 'Museo Lapidario', 'Museo Miniscalchi', 'Sighseeing']",Castelvecchio,strategy_nearest,True,0.0020570755004882812,success
0483B4429C4C80,2,"['Castelvecchio', 'Torre Lamberti']",Santa Anastasia,"['AMO', 'Museo Conte', 'Palazzo della Ragione', 'Teatro Romano', 'Centro Fotografia']",Duomo,strategy_nearest,False,0.0027518272399902344,success
0483AA429C4C80,2,['Santa Anastasia'],Duomo,"['AMO', 'Museo Miniscalchi', 'Teatro Romano', 'Palazzo della Ragione', 'Museo Conte']",Teatro Romano,strategy_nearest,True,0.0034041404724121094,success
0483C5429C4C80,0,['Arena'],Castelvecchio,"['Museo Lapidario', 'Verona Tour', 'Museo Radio', 'San Zeno', 'Sighseeing']",Torre Lamberti,strategy_nearest,False,0.0021507740020751953,success
0483C43A9C4C80,0,['Arena'],Torre Lamberti,"['Sighseeing', 'Centro Fotografia', 'Museo Conte', 'Casa Giulietta', 'Palazzo della Ragione']",Casa Giulietta,strategy_nearest,True,0.00399017333984375,success
0483CB429C4C80,3,"['Castelvecchio', 'Arena', 'Santa Anastasia']",Duomo,"['AMO', 'Museo Miniscalchi', 'Teatro Romano', 'Palazzo della Ragione', 'Museo Conte']",San Fermo,strategy_nearest,False,0.0014040470123291016,success
0483C93A9C4C80,2,['Castelvecchio'],Casa Giulietta,"['Centro Fotografia', 'Sighseeing', 'Torre Lamberti', 'Museo Conte', 'Museo Radio']",Tomba Giulietta,strategy_nearest,False,0.0026628971099853516,success
0483CF3A9C4C80,1,"['Santa Anastasia', 'Teatro Romano']",Torre Lamberti,"['Sighseeing', 'Centro Fotografia', 'Museo Conte', 'Casa Giulietta', 'Palazzo della Ragione']",Palazzo della Ragione,strategy_nearest,True,0.002212047576904297,success
0483D23A9C4C80,3,"['Arena', 'Torre Lamberti', 'Santa Anastasia']",Duomo,"['AMO', 'Museo Miniscalchi', 'Teatro Romano', 'Palazzo della Ragione', 'Museo Conte']",Casa Giulietta,strategy_nearest,False,0.002869129180908203,success
0483E8429C4C80,2,['Tomba Giulietta'],San Fermo,"['Museo Storia', 'Museo Radio', 'Casa Giulietta', 'Centro Fotografia', 'Arena']",Santa Anastasia,strategy_nearest,False,0.0032820701599121094,success
0483DD429C4C80,1,"['Palazzo della Ragione', 'Torre Lamberti', 'Arena']",Casa Giulietta,"['Centro Fotografia', 'Sighseeing', 'Museo Conte', 'Museo Radio', 'San Fermo']",Teatro Romano,strategy_nearest,False,0.0015149116516113281,success
04840D3A9C4C84,0,['Arena'],Casa Giulietta,"['Centro Fotografia', 'Sighseeing', 'Torre Lamberti', 'Museo Conte', 'Museo Radio']",Castelvecchio,strategy_nearest,False,0.001383066177368164,success
0483F23A9C4C80,2,"['Castelvecchio', 'Casa Giulietta']",Santa Anastasia,"['AMO', 'Museo Conte', 'Palazzo della Ragione', 'Teatro Romano', 'Centro Fotografia']",San Fermo,strategy_nearest,False,0.003404855728149414,success
04840B4A9C4C80,0,"['Arena', 'Casa Giulietta']",Castelvecchio,"['Museo Lapidario', 'Verona Tour', 'Museo Radio', 'San Zeno', 'Sighseeing']",Museo Storia,strategy_nearest,False,0.0033750534057617188,success
0483FE3A9C4C80,0,['Arena'],Casa Giulietta,"['Centro Fotografia', 'Sighseeing', 'Torre Lamberti', 'Museo Conte', 'Museo Radio']",Torre Lamberti,strategy_nearest,True,0.0033779144287109375,success
04840D429C4C84,3,"['Arena', 'Torre Lamberti', 'Santa Anastasia']",Duomo,"['AMO', 'Museo Miniscalchi', 'Teatro Romano', 'Palazzo della Ragione', 'Museo Conte']",Teatro Romano,strategy_nearest,True,0.003306150436401367,success
048419429C4C84,3,"['Arena', 'Casa Giulietta']",Torre Lamberti,"['Sighseeing', 'Centro Fotografia', 'Museo Conte', 'Palazzo della Ragione', 'AMO']",Santa Anastasia,strategy_nearest,False,0.002607107162475586,success
04841A429C4C84,0,['Castelvecchio'],Arena,"['Verona Tour', 'Museo Lapidario', 'Museo Radio', 'San Fermo', 'Casa Giulietta']",Torre Lamberti,strategy_nearest,False,0.003113985061645508,success
0484113A9C4C84,3,"['San Fermo', 'Casa Giulietta']",Castelvecchio,"['Museo Lapidario', 'Verona Tour', 'Arena', 'Museo Radio', 'San Zeno']",Arena,strategy_nearest,True,0.0019347667694091797,success
04841D3A9C4C84,0,"['Arena', 'Museo Lapidario']",Castelvecchio,"['Verona Tour', 'Museo Radio', 'San Zeno', 'Sighseeing', 'Museo Miniscalchi']",Duomo,strategy_nearest,False,0.0016279220581054688,success
0484233A9C4C84,0,['Arena'],Castelvecchio,"['Museo Lapidario', 'Verona Tour', 'Museo Radio', 'San Zeno', 'Sighseeing']",San Zeno,strategy_nearest,True,0.002189159393310547,success
04842A4A9C4C80,0,"['Arena', 'Casa Giulietta']",Torre Lamberti,"['Sighseeing', 'Centro Fotografia', 'Museo Conte', 'Palazzo della Ragione', 'AMO']",Duomo,strategy_nearest,False,0.0026459693908691406,success
048420429C4C80,0,['Arena'],Castelvecchio,"['Museo Lapidario', 'Verona Tour', 'Museo Radio', 'San Zeno', 'Sighseeing']",Casa Giulietta,strategy_nearest,False,0.0035119056701660156,success
04842D429C4C80,1,"['Arena', 'Torre Lamberti', 'Palazzo della Ragione']",Santa Anastasia,"['AMO', 'Museo Conte', 'Teatro Romano', 'Centro Fotografia', 'Duomo']",Duomo,strategy_nearest,True,0.002191781997680664,success
048430429C4C80,1,"['Arena', 'Torre Lamberti', 'Casa Giulietta', 'Santa Anastasia', 'Duomo']",Teatro Romano,"['AMO', 'Palazzo della Ragione', 'Museo Conte', 'Centro Fotografia', 'Museo Miniscalchi']",Palazzo della Ragione,strategy_nearest,True,0.002544879913330078,success
048432429C4C80,0,['Arena'],Casa Giulietta,"['Centro Fotografia', 'Sighseeing', 'Torre Lamberti', 'Museo Conte', 'Museo Radio']",Torre Lamberti,strategy_nearest,True,0.0035898685455322266,success
048439429C4C80,2,['Palazzo della Ragione'],Torre Lamberti,"['Sighseeing', 'Centro Fotografia', 'Museo Conte', 'Casa Giulietta', 'AMO']",Casa Giulietta,strategy_nearest,True,0.0025179386138916016,success
048445429C4C80,3,"['Torre Lamberti', 'Santa Anastasia', 'Duomo']",Teatro Romano,"['AMO', 'Palazzo della Ragione', 'Museo Conte', 'Centro Fotografia', 'Museo Miniscalchi']",Casa Giulietta,strategy_nearest,False,0.0030062198638916016,success
04844C3A9C4C80,2,['Casa Giulietta'],Teatro Romano,"['Santa Anastasia', 'Duomo', 'AMO', 'Palazzo della Ragione', 'Museo Conte']",Duomo,strategy_nearest,True,0.0034749507904052734,success
04844D3A9C4C80,3,"['Arena', 'San Fermo']",Castelvecchio,"['Museo Lapidario', 'Verona Tour', 'Museo Radio', 'San Zeno', 'Sighseeing']",Torre Lamberti,strategy_nearest,False,0.002529144287109375,success
048450429C4C80,3,"['Castelvecchio', 'San Zeno', 'Duomo']",Arena,"['Verona Tour', 'Museo Lapidario', 'Museo Radio', 'San Fermo', 'Casa Giulietta']",Casa Giulietta,strategy_nearest,True,0.003428936004638672,success
048451429C4C80,3,"['Arena', 'Torre Lamberti']",Santa Anastasia,"['AMO', 'Museo Conte', 'Palazzo della Ragione', 'Teatro Romano', 'Centro Fotografia']",Giardino Giusti,strategy_nearest,False,0.002460956573486328,success
04845F3A9C4C80,2,['Casa Giulietta'],Teatro Romano,"['Santa Anastasia', 'Duomo', 'AMO', 'Palazzo della Ragione', 'Museo Conte']",San Fermo,strategy_nearest,False,0.0026819705963134766,success
0484693A9C4C80,3,"['Duomo', 'Torre Lamberti']",Arena,"['Verona Tour', 'Museo Lapidario', 'Museo Radio', 'San Fermo', 'Casa Giulietta']",Casa Giulietta,strategy_nearest,True,0.0032401084899902344,success
0484543A9C4C80,3,"['San Zeno', 'Castelvecchio', 'San Fermo', 'Arena']",Casa Giulietta,"['Centro Fotografia', 'Sighseeing', 'Torre Lamberti', 'Museo Conte', 'Museo Radio']",Torre Lamberti,strategy_nearest,True,0.002907991409301758,success
04847A429C4C80,2,['Casa Giulietta'],Torre Lamberti,"['Sighseeing', 'Centro Fotografia', 'Museo Conte', 'Palazzo della Ragione', 'AMO']",Santa Anastasia,strategy_nearest,False,0.002627849578857422,success
0484803A9C4C80,3,"['Arena', 'Museo Lapidario', 'Castelvecchio']",Torre Lamberti,"['Sighseeing', 'Centro Fotografia', 'Museo Conte', 'Casa Giulietta', 'Palazzo della Ragione']",Casa Giulietta,strategy_nearest,True,0.0015900135040283203,success
048484429C4C80,2,['Casa Giulietta'],Castelvecchio,"['Museo Lapidario', 'Verona Tour', 'Arena', 'Museo Radio', 'San Zeno']",Torre Lamberti,strategy_nearest,False,0.003339052200317383,success
048483429C4C80,0,['Arena'],Casa Giulietta,"['Centro Fotografia', 'Sighseeing', 'Torre Lamberti', 'Museo Conte', 'Museo Radio']",Teatro Romano,strategy_nearest,False,0.0020668506622314453,success
0484823A9C4C80,3,"['Arena', 'Casa Giulietta']",Torre Lamberti,"['Sighseeing', 'Centro Fotografia', 'Museo Conte', 'Palazzo della Ragione', 'AMO']",Santa Anastasia,strategy_nearest,False,0.002920866012573242,success
0484854A9C4C80,3,"['Arena', 'Casa Giulietta', 'Torre Lamberti']",Santa Anastasia,"['AMO', 'Museo Conte', 'Palazzo della Ragione', 'Teatro Romano', 'Centro Fotografia']",Duomo,strategy_nearest,False,0.0012080669403076172,success
0484924A9C4C80,3,"['Arena', 'Torre Lamberti']",Santa Anastasia,"['AMO', 'Museo Conte', 'Palazzo della Ragione', 'Teatro Romano', 'Centro Fotografia']",Duomo,strategy_nearest,False,0.0020599365234375,success
048487429C4C80,0,['Castelvecchio'],Arena,"['Verona Tour', 'Museo Lapidario', 'Museo Radio', 'San Fermo', 'Casa Giulietta']",San Fermo,strategy_nearest,True,0.003004789352416992,success
0484954A9C4C80,0,"['Castelvecchio', 'Arena']",Casa Giulietta,"['Centro Fotografia', 'Sighseeing', 'Torre Lamberti', 'Museo Conte', 'Museo Radio']",Giardino Giusti,strategy_nearest,False,0.0033881664276123047,success
04849C429C4C80,3,"['Arena', 'Casa Giulietta', 'Duomo']",Teatro Romano,"['Santa Anastasia', 'AMO', 'Palazzo della Ragione', 'Museo Conte', 'Centro Fotografia']",Torre Lamberti,strategy_nearest,False,0.0018858909606933594,success
04849B429C4C80,3,"['Arena', 'Santa Anastasia']",Duomo,"['AMO', 'Museo Miniscalchi', 'Teatro Romano', 'Palazzo della Ragione', 'Museo Conte']",Torre Lamberti,strategy_nearest,False,0.0028731822967529297,success
0484A14A9C4C80,1,"['Palazzo della Ragione', 'Torre Lamberti']",Santa Anastasia,"['AMO', 'Museo Conte', 'Teatro Romano', 'Centro Fotografia', 'Duomo']",Castelvecchio,strategy_nearest,False,0.002695322036743164,success
04849D429C4C80,1,['Arena'],Casa Giulietta,"['Centro Fotografia', 'Sighseeing', 'Torre Lamberti', 'Museo Conte', 'Museo Radio']",Torre Lamberti,strategy_nearest,True,0.0034439563751220703,success
0484AC3A9C4C80,0,['Castelvecchio'],Arena,"['Verona Tour', 'Museo Lapidario', 'Museo Radio', 'San Fermo', 'Casa Giulietta']",Santa Anastasia,strategy_nearest,False,0.0027828216552734375,success
0484A74A9C4C80,3,"['Teatro Romano', 'Duomo', 'Santa Anastasia']",Arena,"['Verona Tour', 'Museo Lapidario', 'Museo Radio', 'San Fermo', 'Casa Giulietta']",Torre Lamberti,strategy_nearest,False,0.0027670860290527344,success
0484AA4A9C4C80,0,['Arena'],Casa Giulietta,"['Centro Fotografia', 'Sighseeing', 'Torre Lamberti', 'Museo Conte', 'Museo Radio']",Torre Lamberti,strategy_nearest,True,0.001699686050415039,success
0484AD3A9C4C80,1,"['Arena', 'Casa Giulietta']",Palazzo della Ragione,"['AMO', 'Museo Conte', 'Torre Lamberti', 'Centro Fotografia', 'Sighseeing']",Torre Lamberti,strategy_nearest,True,0.00321197509765625,success
0484C53A9C4C80,3,"['Arena', 'Castelvecchio']",San Zeno,"['Verona Tour', 'Museo Lapidario', 'Museo Miniscalchi', 'Sighseeing', 'Museo Radio']",Teatro Romano,strategy_nearest,False,0.0026857852935791016,success
0484B3429C4C80,6,"['Arena', 'Torre Lamberti']",Casa Giulietta,"['Centro Fotografia', 'Sighseeing', 'Museo Conte', 'Museo Radio', 'Palazzo della Ragione']",Verona Tour,strategy_nearest,False,0.002129077911376953,success
0484C5429C4C80,1,"['Arena', 'Casa Giulietta', 'Palazzo della Ragione']",Santa Anastasia,"['AMO', 'Museo Conte', 'Teatro Romano', 'Centro Fotografia', 'Duomo']",Duomo,strategy_nearest,True,0.003141164779663086,success
0484BB429C4C80,3,"['Arena', 'Tomba Giulietta']",San Fermo,"['Museo Storia', 'Museo Radio', 'Casa Giulietta', 'Centro Fotografia', 'Sighseeing']",Casa Giulietta,strategy_nearest,True,0.0032989978790283203,success
0484C83A9C4C80,0,['Arena'],Casa Giulietta,"['Centro Fotografia', 'Sighseeing', 'Torre Lamberti', 'Museo Conte', 'Museo Radio']",Torre Lamberti,strategy_nearest,True,0.0027451515197753906,success
0484CB3A9C4C80,3,"['Castelvecchio', 'Arena', 'Casa Giulietta']",Torre Lamberti,"['Sighseeing', 'Centro Fotografia', 'Museo Conte', 'Palazzo della Ragione', 'AMO']",Santa Anastasia,strategy_nearest,False,0.002125978469848633,success
0484C63A9C4C80,1,"['Castelvecchio', 'Arena', 'Casa Giulietta']",Torre Lamberti,"['Sighseeing', 'Centro Fotografia', 'Museo Conte', 'Palazzo della Ragione', 'AMO']",Palazzo della Ragione,strategy_nearest,True,0.001589059829711914,success
0484D43A9C4C80,3,"['Santa Anastasia', 'Duomo']",Arena,"['Verona Tour', 'Museo Lapidario', 'Museo Radio', 'San Fermo', 'Casa Giulietta']",Castelvecchio,strategy_nearest,False,0.003345012664794922,success
0484D63A9C4C80,3,"['Casa Giulietta', 'Arena', 'Tomba Giulietta']",Torre Lamberti,"['Sighseeing', 'Centro Fotografia', 'Museo Conte', 'Palazzo della Ragione', 'AMO']",Castelvecchio,strategy_nearest,False,0.0027179718017578125,success
0484D6429C4C80,3,"['Arena', 'Castelvecchio', 'San Zeno', 'Torre Lamberti']",Santa Anastasia,"['AMO', 'Museo Conte', 'Palazzo della Ragione', 'Teatro Romano', 'Centro Fotografia']",Casa Giulietta,strategy_nearest,False,0.0034389495849609375,success
0484E13A9C4C80,3,"['Teatro Romano', 'Castelvecchio', 'Santa Anastasia', 'Duomo']",Torre Lamberti,"['Sighseeing', 'Centro Fotografia', 'Museo Conte', 'Casa Giulietta', 'Palazzo della Ragione']",San Fermo,strategy_nearest,False,0.003387928009033203,success
0484D73A9C4C80,3,"['Casa Giulietta', 'Torre Lamberti', 'Duomo']",San Fermo,"['Museo Storia', 'Museo Radio', 'Centro Fotografia', 'Arena', 'Sighseeing']",Arena,strategy_nearest,True,0.0014269351959228516,success
0484F03A9C4C80,3,"['Duomo', 'Santa Anastasia']",Casa Giulietta,"['Centro Fotografia', 'Sighseeing', 'Torre Lamberti', 'Museo Conte', 'Museo Radio']",Arena,strategy_nearest,False,0.001817941665649414,success
0484ED3A9C4C80,1,"['Casa Giulietta', 'Torre Lamberti']",Palazzo della Ragione,"['AMO', 'Museo Conte', 'Centro Fotografia', 'Sighseeing', 'Santa Anastasia']",Arena,strategy_nearest,False,0.002446889877319336,success
048500429C4C84,3,"['Santa Anastasia', 'Duomo']",Teatro Romano,"['AMO', 'Palazzo della Ragione', 'Museo Conte', 'Centro Fotografia', 'Museo Miniscalchi']",Arena,strategy_nearest,False,0.0026259422302246094,success
04850F3A9C4C84,3,['Teatro Romano'],Arena,"['Verona Tour', 'Museo Lapidario', 'Museo Radio', 'San Fermo', 'Casa Giulietta']",Casa Giulietta,strategy_nearest,True,0.0020668506622314453,success
0485073A9C4C84,0,"['Arena', 'Torre Lamberti']",Casa Giulietta,"['Centro Fotografia', 'Sighseeing', 'Museo Conte', 'Museo Radio', 'Palazzo della Ragione']",Castelvecchio,strategy_nearest,False,0.00392603874206543,success
04850C3A9C4C84,0,['Arena'],Museo Lapidario,"['Verona Tour', 'Castelvecchio', 'Museo Radio', 'San Fermo', 'Casa Giulietta']",Tomba Giulietta,strategy_nearest,False,0.0035200119018554688,success
048518429C4C84,3,"['Castelvecchio', 'Arena', 'San Fermo']",Casa Giulietta,"['Centro Fotografia', 'Sighseeing', 'Torre Lamberti', 'Museo Conte', 'Museo Radio']",San Zeno,strategy_nearest,False,0.0032949447631835938,success
048514429C4C84,3,"['Arena', 'Torre Lamberti']",Santa Anastasia,"['AMO', 'Museo Conte', 'Palazzo della Ragione', 'Teatro Romano', 'Centro Fotografia']",Duomo,strategy_nearest,False,0.003988981246948242,success
048517429C4C84,0,['Castelvecchio'],Arena,"['Verona Tour', 'Museo Lapidario', 'Museo Radio', 'San Fermo', 'Casa Giulietta']",Casa Giulietta,strategy_nearest,True,0.002009868621826172,success
048528429C4C80,3,"['Arena', 'Casa Giulietta', 'San Zeno']",Castelvecchio,"['Museo Lapidario', 'Verona Tour', 'Museo Radio', 'Sighseeing', 'Museo Miniscalchi']",Torre Lamberti,strategy_nearest,False,0.0031828880310058594,success
048533429C4C80,0,['Casa Giulietta'],Arena,"['Verona Tour', 'Museo Lapidario', 'Museo Radio', 'San Fermo', 'Sighseeing']",Castelvecchio,strategy_nearest,False,0.0020041465759277344,success
048529429C4C84,0,['Arena'],Torre Lamberti,"['Sighseeing', 'Centro Fotografia', 'Museo Conte', 'Casa Giulietta', 'Palazzo della Ragione']",Casa Giulietta,strategy_nearest,True,0.0026769638061523438,success
04852B429C4C80,0,"['Arena', 'Casa Giulietta']",Torre Lamberti,"['Sighseeing', 'Centro Fotografia', 'Museo Conte', 'Palazzo della Ragione', 'AMO']",Teatro Romano,strategy_nearest,False,0.0034041404724121094,success
04853D3A9C4C80,3,"['Arena', 'Casa Giulietta', 'Castelvecchio']",Torre Lamberti,"['Sighseeing', 'Centro Fotografia', 'Museo Conte', 'Palazzo della Ragione', 'AMO']",Tomba Giulietta,strategy_nearest,False,0.003412008285522461,success
048557429C4C80,3,"['Castelvecchio', 'San Zeno', 'Santa Anastasia', 'Duomo']",Casa Giulietta,"['Centro Fotografia', 'Sighseeing', 'Torre Lamberti', 'Museo Conte', 'Museo Radio']",Teatro Romano,strategy_nearest,False,0.0019598007202148438,success
04854D429C4C80,3,"['Castelvecchio', 'San Zeno', 'Arena']",Casa Giulietta,"['Centro Fotografia', 'Sighseeing', 'Torre Lamberti', 'Museo Conte', 'Museo Radio']",San Fermo,strategy_nearest,False,0.0039539337158203125,success
048571429C4C80,0,['Arena'],Santa Anastasia,"['AMO', 'Museo Conte', 'Palazzo della Ragione', 'Teatro Romano', 'Centro Fotografia']",Castelvecchio,strategy_nearest,False,0.003000020980834961,success
0485683A9C4C80,1,"['Arena', 'Castelvecchio', 'San Zeno', 'Museo Lapidario']",Casa Giulietta,"['Centro Fotografia', 'Sighseeing', 'Torre Lamberti', 'Museo Conte', 'Museo Radio']",Torre Lamberti,strategy_nearest,True,0.002541065216064453,success
048574429C4C80,3,"['Arena', 'Castelvecchio', 'Casa Giulietta']",Torre Lamberti,"['Sighseeing', 'Centro Fotografia', 'Museo Conte', 'Palazzo della Ragione', 'AMO']",Santa Anastasia,strategy_nearest,False,0.0024099349975585938,success
0485753A9C4C80,0,['Arena'],Casa Giulietta,"['Centro Fotografia', 'Sighseeing', 'Torre Lamberti', 'Museo Conte', 'Museo Radio']",Teatro Romano,strategy_nearest,False,0.0023872852325439453,success
048578429C4C80,0,"['Casa Giulietta', 'Torre Lamberti']",Teatro Romano,"['Santa Anastasia', 'Duomo', 'AMO', 'Palazzo della Ragione', 'Museo Conte']",Castelvecchio,strategy_nearest,False,0.002532958984375,success
04857E429C4C80,0,['Arena'],Torre Lamberti,"['Sighseeing', 'Centro Fotografia', 'Museo Conte', 'Casa Giulietta', 'Palazzo della Ragione']",Giardino Giusti,strategy_nearest,False,0.0025339126586914062,success
04857B4A9C4C80,0,['Castelvecchio'],Arena,"['Verona Tour', 'Museo Lapidario', 'Museo Radio', 'San Fermo', 'Casa Giulietta']",Torre Lamberti,strategy_nearest,False,0.0038652420043945312,success
048581429C4C80,3,"['San Zeno', 'Casa Giulietta']",Arena,"['Verona Tour', 'Museo Lapidario', 'Museo Radio', 'San Fermo', 'Sighseeing']",Santa Anastasia,strategy_nearest,False,0.002565145492553711,success
048583429C4C80,3,"['Arena', 'Torre Lamberti']",Castelvecchio,"['Museo Lapidario', 'Verona Tour', 'Museo Radio', 'San Zeno', 'Sighseeing']",Casa Giulietta,strategy_nearest,False,0.0029566287994384766,success
048585429C4C80,0,"['Arena', 'Castelvecchio']",Torre Lamberti,"['Sighseeing', 'Centro Fotografia', 'Museo Conte', 'Casa Giulietta', 'Palazzo della Ragione']",Casa Giulietta,strategy_nearest,True,0.0026929378509521484,success
048587429C4C80,0,['Casa Giulietta'],Torre Lamberti,"['Sighseeing', 'Centro Fotografia', 'Museo Conte', 'Palazzo della Ragione', 'AMO']",Arena,strategy_nearest,False,0.0019419193267822266,success
04858F4A9C4C80,3,"['Castelvecchio', 'Arena']",Casa Giulietta,"['Centro Fotografia', 'Sighseeing', 'Torre Lamberti', 'Museo Conte', 'Museo Radio']",Torre Lamberti,strategy_nearest,True,0.0031251907348632812,success
04858D4A9C4C80,0,"['Castelvecchio', 'Arena']",Casa Giulietta,"['Centro Fotografia', 'Sighseeing', 'Torre Lamberti', 'Museo Conte', 'Museo Radio']",Duomo,strategy_nearest,False,0.0025572776794433594,success
0485944A9C4C80,0,['Arena'],Torre Lamberti,"['Sighseeing', 'Centro Fotografia', 'Museo Conte', 'Casa Giulietta', 'Palazzo della Ragione']",San Zeno,strategy_nearest,False,0.0027589797973632812,success
048597429C4C80,0,['Arena'],Casa Giulietta,"['Centro Fotografia', 'Sighseeing', 'Torre Lamberti', 'Museo Conte', 'Museo Radio']",Torre Lamberti,strategy_nearest,True,0.0028328895568847656,success
04859F4A9C4C80,0,['Arena'],Casa Giulietta,"['Centro Fotografia', 'Sighseeing', 'Torre Lamberti', 'Museo Conte', 'Museo Radio']",Torre Lamberti,strategy_nearest,True,0.0031769275665283203,success
04859C429C4C80,0,['Castelvecchio'],Arena,"['Verona Tour', 'Museo Lapidario', 'Museo Radio', 'San Fermo', 'Casa Giulietta']",Duomo,strategy_nearest,False,0.0014748573303222656,success
0485994A9C4C80,2,['Castelvecchio'],Torre Lamberti,"['Sighseeing', 'Centro Fotografia', 'Museo Conte', 'Casa Giulietta', 'Palazzo della Ragione']",Casa Giulietta,strategy_nearest,True,0.0034351348876953125,success
0485C5429C4C80,1,"['Arena', 'Palazzo della Ragione', 'Torre Lamberti']",Casa Giulietta,"['Centro Fotografia', 'Sighseeing', 'Museo Conte', 'Museo Radio', 'San Fermo']",San Fermo,strategy_nearest,True,0.0032219886779785156,success
0485AD3A9C4C80,3,['Arena'],Casa Giulietta,"['Centro Fotografia', 'Sighseeing', 'Torre Lamberti', 'Museo Conte', 'Museo Radio']",Santa Anastasia,strategy_nearest,False,0.0028057098388671875,success
0485A14A9C4C80,0,['Arena'],Santa Anastasia,"['AMO', 'Museo Conte', 'Palazzo della Ragione', 'Teatro Romano', 'Centro Fotografia']",Castelvecchio,strategy_nearest,False,0.001631021499633789,success
0485C1429C4C80,1,"['Arena', 'Museo Lapidario', 'Casa Giulietta']",Palazzo della Ragione,"['AMO', 'Museo Conte', 'Torre Lamberti', 'Centro Fotografia', 'Sighseeing']",Torre Lamberti,strategy_nearest,True,0.0021250247955322266,success
0485D53A9C4C80,1,"['Palazzo della Ragione', 'Torre Lamberti', 'Giardino Giusti', 'Teatro Romano']",Santa Anastasia,"['AMO', 'Museo Conte', 'Centro Fotografia', 'Duomo', 'Sighseeing']",Castelvecchio,strategy_nearest,False,0.0027992725372314453,success
0485E4429C4C80,0,['Arena'],Castelvecchio,"['Museo Lapidario', 'Verona Tour', 'Museo Radio', 'San Zeno', 'Sighseeing']",Giardino Giusti,strategy_nearest,False,0.0014710426330566406,success
0485EA3A9C4C80,3,"['Castelvecchio', 'Arena']",Casa Giulietta,"['Centro Fotografia', 'Sighseeing', 'Torre Lamberti', 'Museo Conte', 'Museo Radio']",Torre Lamberti,strategy_nearest,True,0.0032529830932617188,success
0485DC429C4C80,2,['Teatro Romano'],Casa Giulietta,"['Centro Fotografia', 'Sighseeing', 'Torre Lamberti', 'Museo Conte', 'Museo Radio']",Castelvecchio,strategy_nearest,False,0.002178192138671875,success
0485F63A9C4C80,0,['Arena'],Torre Lamberti,"['Sighseeing', 'Centro Fotografia', 'Museo Conte', 'Casa Giulietta', 'Palazzo della Ragione']",Casa Giulietta,strategy_nearest,True,0.002756834030151367,success
0485FB429C4C80,0,"['Arena', 'San Zeno']",Tomba Giulietta,"['San Fermo', 'Museo Storia', 'Museo Lapidario', 'Museo Radio', 'Verona Tour']",San Fermo,strategy_nearest,True,0.0033140182495117188,success
0486033A9C4C84,3,"['Arena', 'Tomba Giulietta']",Casa Giulietta,"['Centro Fotografia', 'Sighseeing', 'Torre Lamberti', 'Museo Conte', 'Museo Radio']",Santa Anastasia,strategy_nearest,False,0.002609729766845703,success
0485FF3A9C4C80,0,"['Arena', 'Castelvecchio']",San Zeno,"['Verona Tour', 'Museo Lapidario', 'Museo Miniscalchi', 'Sighseeing', 'Museo Radio']",Teatro Romano,strategy_nearest,False,0.0014638900756835938,success
048615429C4C80,0,['Arena'],Casa Giulietta,"['Centro Fotografia', 'Sighseeing', 'Torre Lamberti', 'Museo Conte', 'Museo Radio']",Santa Anastasia,strategy_nearest,False,0.002609729766845703,success
048611429C4C80,2,['Teatro Romano'],Casa Giulietta,"['Centro Fotografia', 'Sighseeing', 'Torre Lamberti', 'Museo Conte', 'Museo Radio']",Tomba Giulietta,strategy_nearest,False,0.0032083988189697266,success
048612429C4C84,3,"['Arena', 'San Fermo']",Casa Giulietta,"['Centro Fotografia', 'Sighseeing', 'Torre Lamberti', 'Museo Conte', 'Museo Radio']",Santa Anastasia,strategy_nearest,False,0.0013251304626464844,success
048616429C4C80,2,['Teatro Romano'],Duomo,"['AMO', 'Museo Miniscalchi', 'Santa Anastasia', 'Palazzo della Ragione', 'Museo Conte']",Casa Giulietta,strategy_nearest,False,0.0032830238342285156,success
04861B429C4C84,1,"['Arena', 'Castelvecchio', 'San Fermo', 'Casa Giulietta', 'Palazzo della Ragione']",Torre Lamberti,"['Sighseeing', 'Centro Fotografia', 'Museo Conte', 'AMO', 'Museo Miniscalchi']",Santa Anastasia,strategy_nearest,False,0.0034360885620117188,success
04862B429C4C80,2,['Teatro Romano'],Duomo,"['AMO', 'Museo Miniscalchi', 'Santa Anastasia', 'Palazzo della Ragione', 'Museo Conte']",Santa Anastasia,strategy_nearest,True,0.001979351043701172,success
048620429C4C80,3,"['Arena', 'Museo Lapidario', 'Castelvecchio']",San Zeno,"['Verona Tour', 'Museo Miniscalchi', 'Sighseeing', 'Museo Radio', 'Torre Lamberti']",Duomo,strategy_nearest,False,0.003999233245849609,success
04862A3A9C4C80,0,['Arena'],Castelvecchio,"['Museo Lapidario', 'Verona Tour', 'Museo Radio', 'San Zeno', 'Sighseeing']",San Fermo,strategy_nearest,False,0.0015387535095214844,success
04862D429C4C80,3,"['Arena', 'Santa Anastasia']",Castelvecchio,"['Museo Lapidario', 'Verona Tour', 'Museo Radio', 'San Zeno', 'Sighseeing']",Teatro Romano,strategy_nearest,False,0.003368854522705078,success
04863C429C4C80,2,"['Casa Giulietta', 'Torre Lamberti', 'Palazzo della Ragione', 'Santa Anastasia']",Castelvecchio,"['Museo Lapidario', 'Verona Tour', 'Arena', 'Museo Radio', 'San Zeno']",San Zeno,strategy_nearest,True,0.0014760494232177734,success
048635429C4C80,3,"['Arena', 'Casa Giulietta']",Torre Lamberti,"['Sighseeing', 'Centro Fotografia', 'Museo Conte', 'Palazzo della Ragione', 'AMO']",Duomo,strategy_nearest,False,0.004017829895019531,success
048644429C4C80,3,"['Castelvecchio', 'Arena']",Torre Lamberti,"['Sighseeing', 'Centro Fotografia', 'Museo Conte', 'Casa Giulietta', 'Palazzo della Ragione']",Santa Anastasia,strategy_nearest,False,0.0019919872283935547,success
048655429C4C80,1,"['Arena', 'Casa Giulietta']",Torre Lamberti,"['Sighseeing', 'Centro Fotografia', 'Museo Conte', 'Palazzo della Ragione', 'AMO']",Palazzo della Ragione,strategy_nearest,True,0.0021479129791259766,success
0486493A9C4C80,0,['Giardino Giusti'],Castelvecchio,"['Museo Lapidario', 'Verona Tour', 'Arena', 'Museo Radio', 'San Zeno']",Arena,strategy_nearest,True,0.0018901824951171875,success
0486583A9C4C80,3,"['Arena', 'Castelvecchio', 'Duomo']",Teatro Romano,"['Santa Anastasia', 'AMO', 'Palazzo della Ragione', 'Museo Conte', 'Centro Fotografia']",Santa Anastasia,strategy_nearest,True,0.003350973129272461,success
0486563A9C4C80,0,['Arena'],Casa Giulietta,"['Centro Fotografia', 'Sighseeing', 'Torre Lamberti', 'Museo Conte', 'Museo Radio']",Torre Lamberti,strategy_nearest,True,0.003007173538208008,success
04866C3A9C4C80,3,['Arena'],Casa Giulietta,"['Centro Fotografia', 'Sighseeing', 'Torre Lamberti', 'Museo Conte', 'Museo Radio']",Santa Anastasia,strategy_nearest,False,0.0025701522827148438,success
048670429C4C80,0,['Casa Giulietta'],Teatro Romano,"['Santa Anastasia', 'Duomo', 'AMO', 'Palazzo della Ragione', 'Museo Conte']",Arena,strategy_nearest,False,0.0027320384979248047,success
0486653A9C4C80,1,"['Arena', 'Santa Anastasia', 'Duomo']",Teatro Romano,"['AMO', 'Palazzo della Ragione', 'Museo Conte', 'Centro Fotografia', 'Museo Miniscalchi']",Torre Lamberti,strategy_nearest,False,0.0033159255981445312,success
04867B429C4C80,2,['Torre Lamberti'],Duomo,"['AMO', 'Museo Miniscalchi', 'Santa Anastasia', 'Teatro Romano', 'Palazzo della Ragione']",Teatro Romano,strategy_nearest,True,0.003398895263671875,success
048685429C4C80,1,"['Arena', 'Museo Lapidario', 'Torre Lamberti']",Palazzo della Ragione,"['AMO', 'Museo Conte', 'Centro Fotografia', 'Sighseeing', 'Santa Anastasia']",Teatro Romano,strategy_nearest,False,0.0028269290924072266,success
04868E4A9C4C80,0,"['Arena', 'Torre Lamberti']",Duomo,"['AMO', 'Museo Miniscalchi', 'Santa Anastasia', 'Teatro Romano', 'Palazzo della Ragione']",Casa Giulietta,strategy_nearest,False,0.0029790401458740234,success
048683429C4C80,0,['Arena'],Castelvecchio,"['Museo Lapidario', 'Verona Tour', 'Museo Radio', 'San Zeno', 'Sighseeing']",Casa Giulietta,strategy_nearest,False,0.0025489330291748047,success
04868B3A9C4C80,0,['Arena'],Museo Lapidario,"['Verona Tour', 'Castelvecchio', 'Museo Radio', 'San Fermo', 'Casa Giulietta']",Tomba Giulietta,strategy_nearest,False,0.0025589466094970703,success
0486914A9C4C80,3,"['Arena', 'Arena', 'Santa Anastasia']",Duomo,"['AMO', 'Museo Miniscalchi', 'Teatro Romano', 'Palazzo della Ragione', 'Museo Conte']",Teatro Romano,strategy_nearest,True,0.002198934555053711,success
04869B4A9C4C80,0,['Arena'],Casa Giulietta,"['Centro Fotografia', 'Sighseeing', 'Torre Lamberti', 'Museo Conte', 'Museo Radio']",Torre Lamberti,strategy_nearest,True,0.0014410018920898438,success
048693429C4C80,3,['Santa Anastasia'],Teatro Romano,"['Duomo', 'AMO', 'Palazzo della Ragione', 'Museo Conte', 'Centro Fotografia']",Giardino Giusti,strategy_nearest,False,0.0027971267700195312,success
0486A14A9C4C80,3,['Arena'],Torre Lamberti,"['Sighseeing', 'Centro Fotografia', 'Museo Conte', 'Casa Giulietta', 'Palazzo della Ragione']",Santa Anastasia,strategy_nearest,False,0.0033562183380126953,success
0486AE3A9C4C80,3,['Arena'],Santa Anastasia,"['AMO', 'Museo Conte', 'Palazzo della Ragione', 'Teatro Romano', 'Centro Fotografia']",Duomo,strategy_nearest,False,0.003526926040649414,success
0486BC3A9C4C80,3,['Arena'],Casa Giulietta,"['Centro Fotografia', 'Sighseeing', 'Torre Lamberti', 'Museo Conte', 'Museo Radio']",Santa Anastasia,strategy_nearest,False,0.003223896026611328,success
0486B03A9C4C80,1,"['Arena', 'Casa Giulietta']",Torre Lamberti,"['Sighseeing', 'Centro Fotografia', 'Museo Conte', 'Palazzo della Ragione', 'AMO']",Palazzo della Ragione,strategy_nearest,True,0.0015311241149902344,success
0486AA4A9C4C80,3,['Arena'],Torre Lamberti,"['Sighseeing', 'Centro Fotografia', 'Museo Conte', 'Casa Giulietta', 'Palazzo della Ragione']",Santa Anastasia,strategy_nearest,False,0.0029668807983398438,success
0486BD429C4C80,2,['Castelvecchio'],Museo Storia,"['San Fermo', 'Museo Radio', 'Casa Giulietta', 'Centro Fotografia', 'Tomba Giulietta']",Giardino Giusti,strategy_nearest,False,0.002215862274169922,success
0486C33A9C4C80,3,"['Arena', 'Castelvecchio', 'San Zeno']",Casa Giulietta,"['Centro Fotografia', 'Sighseeing', 'Torre Lamberti', 'Museo Conte', 'Museo Radio']",Torre Lamberti,strategy_nearest,True,0.0028181076049804688,success
0486CD3A9C4C80,3,"['Arena', 'Torre Lamberti']",Santa Anastasia,"['AMO', 'Museo Conte', 'Palazzo della Ragione', 'Teatro Romano', 'Centro Fotografia']",Duomo,strategy_nearest,False,0.003445148468017578,success
0486C83A9C4C80,1,"['Tomba Giulietta', 'Arena', 'San Fermo']",Torre Lamberti,"['Sighseeing', 'Centro Fotografia', 'Museo Conte', 'Casa Giulietta', 'Palazzo della Ragione']",Duomo,strategy_nearest,False,0.0013408660888671875,success
0486E8429C4C80,1,"['Teatro Romano', 'Duomo']",Torre Lamberti,"['Sighseeing', 'Centro Fotografia', 'Museo Conte', 'Casa Giulietta', 'Palazzo della Ragione']",Palazzo della Ragione,strategy_nearest,True,0.0026950836181640625,success
0486DA3A9C4C80,3,"['Casa Giulietta', 'Torre Lamberti', 'San Fermo', 'Teatro Romano']",Arena,"['Verona Tour', 'Museo Lapidario', 'Museo Radio', 'Sighseeing', 'Castelvecchio']",Castelvecchio,strategy_nearest,True,0.0026700496673583984,success
0486F43A9C4C80,3,['Arena'],Casa Giulietta,"['Centro Fotografia', 'Sighseeing', 'Torre Lamberti', 'Museo Conte', 'Museo Radio']",Santa Anastasia,strategy_nearest,False,0.003385305404663086,success
0486EE3A9C4C80,0,['Castelvecchio'],San Zeno,"['Verona Tour', 'Museo Lapidario', 'Arena', 'Museo Miniscalchi', 'Sighseeing']",Arena,strategy_nearest,True,0.002713918685913086,success
0486F5429C4C80,2,['Casa Giulietta'],Santa Anastasia,"['AMO', 'Museo Conte', 'Palazzo della Ragione', 'Teatro Romano', 'Centro Fotografia']",Duomo,strategy_nearest,False,0.002377033233642578,success
04870C429C4C80,3,"['Castelvecchio', 'Casa Giulietta']",Santa Anastasia,"['AMO', 'Museo Conte', 'Palazzo della Ragione', 'Teatro Romano', 'Centro Fotografia']",Duomo,strategy_nearest,False,0.002012968063354492,success
0486F63A9C4C80,2,"['Tomba Giulietta', 'San Fermo']",Casa Giulietta,"['Centro Fotografia', 'Sighseeing', 'Torre Lamberti', 'Museo Conte', 'Museo Radio']",Torre Lamberti,strategy_nearest,True,0.004378080368041992,success
04870E429C4C84,0,['Santa Anastasia'],Casa Giulietta,"['Centro Fotografia', 'Sighseeing', 'Torre Lamberti', 'Museo Conte', 'Museo Radio']",Tomba Giulietta,strategy_nearest,False,0.0026617050170898438,success
04870E4A9C4C80,0,"['Casa Giulietta', 'Torre Lamberti']",Giardino Giusti,"['Santa Anastasia', 'Teatro Romano', 'Museo Conte', 'Centro Fotografia', 'Museo Storia']",Arena,strategy_nearest,False,0.002222776412963867,success
04870F429C4C84,2,['Santa Anastasia'],Torre Lamberti,"['Sighseeing', 'Centro Fotografia', 'Museo Conte', 'Casa Giulietta', 'Palazzo della Ragione']",Castelvecchio,strategy_nearest,False,0.003103971481323242,success
048710429C4C84,0,['San Zeno'],Castelvecchio,"['Museo Lapidario', 'Verona Tour', 'Arena', 'Museo Radio', 'Sighseeing']",Arena,strategy_nearest,True,0.0029129981994628906,success
048711429C4C84,3,"['Arena', 'Castelvecchio', 'San Zeno']",Duomo,"['AMO', 'Museo Miniscalchi', 'Santa Anastasia', 'Teatro Romano', 'Palazzo della Ragione']",Santa Anastasia,strategy_nearest,True,0.0021677017211914062,success
0487123A9C4C84,3,"['Arena', 'San Fermo']",Casa Giulietta,"['Centro Fotografia', 'Sighseeing', 'Torre Lamberti', 'Museo Conte', 'Museo Radio']",Torre Lamberti,strategy_nearest,True,0.0035851001739501953,success
048712429C4C80,0,['Arena'],Casa Giulietta,"['Centro Fotografia', 'Sighseeing', 'Torre Lamberti', 'Museo Conte', 'Museo Radio']",Torre Lamberti,strategy_nearest,True,0.0017621517181396484,success
048718429C4C80,3,"['Castelvecchio', 'San Zeno', 'Torre Lamberti', 'Santa Anastasia', 'Teatro Romano']",Giardino Giusti,"['Museo Conte', 'Centro Fotografia', 'Museo Storia', 'AMO', 'Casa Giulietta']",Arena,strategy_nearest,False,0.002663135528564453,success
04871B3A9C4C84,3,"['Arena', 'Santa Anastasia']",Duomo,"['AMO', 'Museo Miniscalchi', 'Teatro Romano', 'Palazzo della Ragione', 'Museo Conte']",San Zeno,strategy_nearest,False,0.002468109130859375,success
0487253A9C4C80,1,"['Castelvecchio', 'San Zeno', 'Casa Giulietta', 'Santa Anastasia']",Teatro Romano,"['Duomo', 'AMO', 'Palazzo della Ragione', 'Museo Conte', 'Centro Fotografia']",Arena,strategy_nearest,False,0.0024080276489257812,success
04871D429C4C84,2,['Casa Giulietta'],Castelvecchio,"['Museo Lapidario', 'Verona Tour', 'Arena', 'Museo Radio', 'San Zeno']",Museo Storia,strategy_nearest,False,0.0032720565795898438,success
04872F3A9C4C80,3,['Santa Anastasia'],Duomo,"['AMO', 'Museo Miniscalchi', 'Teatro Romano', 'Palazzo della Ragione', 'Museo Conte']",Casa Giulietta,strategy_nearest,False,0.0032918453216552734,success
048730429C4C80,3,['Arena'],Castelvecchio,"['Museo Lapidario', 'Verona Tour', 'Museo Radio', 'San Zeno', 'Sighseeing']",Santa Anastasia,strategy_nearest,False,0.003036975860595703,success
0487334A9C4C80,2,['San Fermo'],Castelvecchio,"['Museo Lapidario', 'Verona Tour', 'Arena', 'Museo Radio', 'San Zeno']",Duomo,strategy_nearest,False,0.0025479793548583984,success
0487363A9C4C80,3,"['Santa Anastasia', 'Duomo']",Teatro Romano,"['AMO', 'Palazzo della Ragione', 'Museo Conte', 'Centro Fotografia', 'Museo Miniscalchi']",Arena,strategy_nearest,False,0.0033032894134521484,success
0487384A9C4C80,3,"['Giardino Giusti', 'Torre Lamberti', 'Arena']",Santa Anastasia,"['AMO', 'Museo Conte', 'Palazzo della Ragione', 'Teatro Romano', 'Centro Fotografia']",Duomo,strategy_nearest,False,0.002021312713623047,success
04874B3A9C4C80,3,"['Arena', 'Casa Giulietta']",Santa Anastasia,"['AMO', 'Museo Conte', 'Palazzo della Ragione', 'Teatro Romano', 'Centro Fotografia']",Duomo,strategy_nearest,False,0.00234222412109375,success
04873B429C4C80,2,"['Teatro Romano', 'Casa Giulietta']",San Fermo,"['Museo Storia', 'Museo Radio', 'Centro Fotografia', 'Arena', 'Sighseeing']",Giardino Giusti,strategy_nearest,False,0.003979921340942383,success
048757429C4C80,3,"['Duomo', 'Santa Anastasia']",Castelvecchio,"['Museo Lapidario', 'Verona Tour', 'Arena', 'Museo Radio', 'San Zeno']",Arena,strategy_nearest,True,0.0019283294677734375,success
0487543A9C4C80,3,"['Arena', 'Museo Lapidario']",Castelvecchio,"['Verona Tour', 'Museo Radio', 'San Zeno', 'Sighseeing', 'Museo Miniscalchi']",Duomo,strategy_nearest,False,0.002657175064086914,success
0487583A9C4C80,3,"['Arena', 'Torre Lamberti']",Casa Giulietta,"['Centro Fotografia', 'Sighseeing', 'Museo Conte', 'Museo Radio', 'Palazzo della Ragione']",Santa Anastasia,strategy_nearest,False,0.002521991729736328,success
048769429C4C80,2,['Torre Lamberti'],Palazzo della Ragione,"['AMO', 'Museo Conte', 'Centro Fotografia', 'Sighseeing', 'Santa Anastasia']",Santa Anastasia,strategy_nearest,True,0.004114866256713867,success
048776429C4C80,3,"['Museo Lapidario', 'Arena', 'San Zeno']",Duomo,"['AMO', 'Museo Miniscalchi', 'Santa Anastasia', 'Teatro Romano', 'Palazzo della Ragione']",Santa Anastasia,strategy_nearest,True,0.0028722286224365234,success
048759429C4C80,3,"['Duomo', 'Castelvecchio']",Torre Lamberti,"['Sighseeing', 'Centro Fotografia', 'Museo Conte', 'Casa Giulietta', 'Palazzo della Ragione']",Arena,strategy_nearest,False,0.004538059234619141,success
04877D4A9C4C80,2,['San Zeno'],Castelvecchio,"['Museo Lapidario', 'Verona Tour', 'Arena', 'Museo Radio', 'Sighseeing']",Casa Giulietta,strategy_nearest,False,0.0015578269958496094,success
048786429C4C80,3,"['Casa Giulietta', 'Torre Lamberti', 'Duomo']",Giardino Giusti,"['Santa Anastasia', 'Teatro Romano', 'Museo Conte', 'Centro Fotografia', 'Museo Storia']",Teatro Romano,strategy_nearest,True,0.0018930435180664062,success
048780429C4C80,0,['Torre Lamberti'],Casa Giulietta,"['Centro Fotografia', 'Sighseeing', 'Museo Conte', 'Museo Radio', 'Palazzo della Ragione']",Arena,strategy_nearest,False,0.001306772232055664,success
0487874A9C4C80,3,"['Arena', 'Casa Giulietta']",Santa Anastasia,"['AMO', 'Museo Conte', 'Palazzo della Ragione', 'Teatro Romano', 'Centro Fotografia']",Duomo,strategy_nearest,False,0.0029408931732177734,success
0487964A9C4C80,3,"['Arena', 'Museo Lapidario', 'Castelvecchio', 'Casa Giulietta']",Torre Lamberti,"['Sighseeing', 'Centro Fotografia', 'Museo Conte', 'Palazzo della Ragione', 'AMO']",Santa Anastasia,strategy_nearest,False,0.002969026565551758,success
0487904A9C4C80,0,['Arena'],Casa Giulietta,"['Centro Fotografia', 'Sighseeing', 'Torre Lamberti', 'Museo Conte', 'Museo Radio']",Santa Anastasia,strategy_nearest,False,0.00238800048828125,success
04878F4A9C4C80,0,['Arena'],Arena,"['Verona Tour', 'Museo Lapidario', 'Museo Radio', 'San Fermo', 'Casa Giulietta']",Casa Giulietta,strategy_nearest,True,0.003095865249633789,success
04879F4A9C4C80,0,['Arena'],Museo Lapidario,"['Verona Tour', 'Castelvecchio', 'Museo Radio', 'San Fermo', 'Casa Giulietta']",Castelvecchio,strategy_nearest,True,0.0013260841369628906,success
04879C4A9C4C80,3,"['Arena', 'San Fermo']",Casa Giulietta,"['Centro Fotografia', 'Sighseeing', 'Torre Lamberti', 'Museo Conte', 'Museo Radio']",Duomo,strategy_nearest,False,0.00347900390625,success
04879E429C4C80,1,"['Palazzo della Ragione', 'Torre Lamberti']",Casa Giulietta,"['Centro Fotografia', 'Sighseeing', 'Museo Conte', 'Museo Radio', 'San Fermo']",Arena,strategy_nearest,False,0.0027968883514404297,success
0487A04A9C4C80,0,['Arena'],Casa Giulietta,"['Centro Fotografia', 'Sighseeing', 'Torre Lamberti', 'Museo Conte', 'Museo Radio']",Tomba Giulietta,strategy_nearest,False,0.003387928009033203,success
0487A63A9C4C80,3,"['Teatro Romano', 'Duomo', 'Santa Anastasia']",Torre Lamberti,"['Sighseeing', 'Centro Fotografia', 'Museo Conte', 'Casa Giulietta', 'Palazzo della Ragione']",Casa Giulietta,strategy_nearest,True,0.0026199817657470703,success
0487A24A9C4C80,3,"['Castelvecchio', 'Arena']",Casa Giulietta,"['Centro Fotografia', 'Sighseeing', 'Torre Lamberti', 'Museo Conte', 'Museo Radio']",Torre Lamberti,strategy_nearest,True,0.0022881031036376953,success
0487A7429C4C80,3,"['Arena', 'Santa Anastasia']",Casa Giulietta,"['Centro Fotografia', 'Sighseeing', 'Torre Lamberti', 'Museo Conte', 'Museo Radio']",Teatro Romano,strategy_nearest,False,0.0033669471740722656,success
0487BA429C4C80,3,['Arena'],Castelvecchio,"['Museo Lapidario', 'Verona Tour', 'Museo Radio', 'San Zeno', 'Sighseeing']",Santa Anastasia,strategy_nearest,False,0.0031659603118896484,success
0487BE3A9C4C80,1,"['Tomba Giulietta', 'Arena']",Casa Giulietta,"['Centro Fotografia', 'Sighseeing', 'Torre Lamberti', 'Museo Conte', 'Museo Radio']",Torre Lamberti,strategy_nearest,True,0.004113197326660156,success
0487D5429C4C80,3,"['Casa Giulietta', 'Torre Lamberti', 'Arena']",Castelvecchio,"['Museo Lapidario', 'Verona Tour', 'Museo Radio', 'San Zeno', 'Sighseeing']",Teatro Romano,strategy_nearest,False,0.0021021366119384766,success
0487DC429C4C80,1,"['Teatro Romano', 'Casa Giulietta', 'San Fermo']",Arena,"['Verona Tour', 'Museo Lapidario', 'Museo Radio', 'Sighseeing', 'Castelvecchio']",Duomo,strategy_nearest,False,0.0032320022583007812,success
0487D1429C4C80,3,"['Castelvecchio', 'Duomo']",Teatro Romano,"['Santa Anastasia', 'AMO', 'Palazzo della Ragione', 'Museo Conte', 'Centro Fotografia']",Arena,strategy_nearest,False,0.0026841163635253906,success
0487EA3A9C4C80,1,"['Arena', 'Casa Giulietta']",Torre Lamberti,"['Sighseeing', 'Centro Fotografia', 'Museo Conte', 'Palazzo della Ragione', 'AMO']",Palazzo della Ragione,strategy_nearest,True,0.0028002262115478516,success
0487F73A9C4C80,0,['Casa Giulietta'],Arena,"['Verona Tour', 'Museo Lapidario', 'Museo Radio', 'San Fermo', 'Sighseeing']",Torre Lamberti,strategy_nearest,False,0.001985788345336914,success
0487F23A9C4C80,2,['Casa Giulietta'],Castelvecchio,"['Museo Lapidario', 'Verona Tour', 'Arena', 'Museo Radio', 'San Zeno']",Torre Lamberti,strategy_nearest,False,0.0015399456024169922,success
0487EE3A9C4C80,0,"['Castelvecchio', 'Torre Lamberti']",Arena,"['Verona Tour', 'Museo Lapidario', 'Museo Radio', 'San Fermo', 'Casa Giulietta']",Teatro Romano,strategy_nearest,False,0.0034050941467285156,success
048808429C4C80,3,"['Arena', 'Castelvecchio']",Duomo,"['AMO', 'Museo Miniscalchi', 'Santa Anastasia', 'Teatro Romano', 'Palazzo della Ragione']",Torre Lamberti,strategy_nearest,False,0.002216815948486328,success
04880D3A9C4C84,0,['Casa Giulietta'],Arena,"['Verona Tour', 'Museo Lapidario', 'Museo Radio', 'San Fermo', 'Sighseeing']",Torre Lamberti,strategy_nearest,False,0.0027832984924316406,success
0487FF3A9C4C80,0,['Arena'],Castelvecchio,"['Museo Lapidario', 'Verona Tour', 'Museo Radio', 'San Zeno', 'Sighseeing']",San Zeno,strategy_nearest,True,0.0022389888763427734,success
0488103A9C4C80,3,['Arena'],Casa Giulietta,"['Centro Fotografia', 'Sighseeing', 'Torre Lamberti', 'Museo Conte', 'Museo Radio']",Torre Lamberti,strategy_nearest,True,0.0033779144287109375,success
048814429C4C80,1,"['Arena', 'Casa Giulietta', 'Santa Anastasia', 'Duomo']",Teatro Romano,"['AMO', 'Palazzo della Ragione', 'Museo Conte', 'Centro Fotografia', 'Museo Miniscalchi']",Torre Lamberti,strategy_nearest,False,0.0024192333221435547,success
0488183A9C4C80,1,"['Arena', 'Museo Lapidario', 'Santa Anastasia']",Palazzo della Ragione,"['AMO', 'Museo Conte', 'Torre Lamberti', 'Centro Fotografia', 'Sighseeing']",Casa Giulietta,strategy_nearest,False,0.0018069744110107422,success
048818429C4C84,3,"['Arena', 'Casa Giulietta', 'Tomba Giulietta']",Teatro Romano,"['Santa Anastasia', 'Duomo', 'AMO', 'Palazzo della Ragione', 'Museo Conte']",Duomo,strategy_nearest,True,0.003326892852783203,success
0488193A9C4C84,3,"['Arena', 'Casa Giulietta']",Santa Anastasia,"['AMO', 'Museo Conte', 'Palazzo della Ragione', 'Teatro Romano', 'Centro Fotografia']",Duomo,strategy_nearest,False,0.003359079360961914,success
04881E3A9C4C80,3,['Arena'],Torre Lamberti,"['Sighseeing', 'Centro Fotografia', 'Museo Conte', 'Casa Giulietta', 'Palazzo della Ragione']",Santa Anastasia,strategy_nearest,False,0.0023682117462158203,success
0488223A9C4C84,1,"['Arena', 'Casa Giulietta', 'Palazzo della Ragione']",Torre Lamberti,"['Sighseeing', 'Centro Fotografia', 'Museo Conte', 'AMO', 'Museo Miniscalchi']",Santa Anastasia,strategy_nearest,False,0.002476215362548828,success
048819429C4C80,3,"['Casa Giulietta', 'Torre Lamberti', 'Arena']",Castelvecchio,"['Museo Lapidario', 'Verona Tour', 'Museo Radio', 'San Zeno', 'Sighseeing']",San Zeno,strategy_nearest,True,0.003247976303100586,success
0488243A9C4C80,0,"['Castelvecchio', 'Tomba Giulietta']",Casa Giulietta,"['Centro Fotografia', 'Sighseeing', 'Torre Lamberti', 'Museo Conte', 'Museo Radio']",Torre Lamberti,strategy_nearest,True,0.0031931400299072266,success
048824429C4C84,3,"['Arena', 'Torre Lamberti']",Santa Anastasia,"['AMO', 'Museo Conte', 'Palazzo della Ragione', 'Teatro Romano', 'Centro Fotografia']",Castelvecchio,strategy_nearest,False,0.00392603874206543,success
048828429C4C80,1,"['Teatro Romano', 'Arena']",Casa Giulietta,"['Centro Fotografia', 'Sighseeing', 'Torre Lamberti', 'Museo Conte', 'Museo Radio']",Torre Lamberti,strategy_nearest,True,0.0019268989562988281,success
048827429C4C84,3,['Duomo'],Arena,"['Verona Tour', 'Museo Lapidario', 'Museo Radio', 'San Fermo', 'Casa Giulietta']",Casa Giulietta,strategy_nearest,True,0.0026268959045410156,success
04882D429C4C80,3,"['Casa Giulietta', 'Santa Anastasia', 'Duomo']",Teatro Romano,"['AMO', 'Palazzo della Ragione', 'Museo Conte', 'Centro Fotografia', 'Museo Miniscalchi']",Arena,strategy_nearest,False,0.003198862075805664,success
04883D429C4C80,3,"['Arena', 'Castelvecchio', 'Torre Lamberti', 'Casa Giulietta']",San Fermo,"['Museo Storia', 'Museo Radio', 'Centro Fotografia', 'Sighseeing', 'Museo Conte']",Santa Anastasia,strategy_nearest,False,0.0026340484619140625,success
04883B429C4C80,3,"['Teatro Romano', 'Santa Anastasia']",Duomo,"['AMO', 'Museo Miniscalchi', 'Palazzo della Ragione', 'Museo Conte', 'Torre Lamberti']",Torre Lamberti,strategy_nearest,True,0.0013539791107177734,success
048854429C4C80,2,"['San Zeno', 'Castelvecchio', 'Tomba Giulietta', 'San Fermo']",Giardino Giusti,"['Santa Anastasia', 'Teatro Romano', 'Museo Conte', 'Centro Fotografia', 'Museo Storia']",Teatro Romano,strategy_nearest,True,0.0032498836517333984,success
0488763A9C4C80,3,"['Arena', 'Torre Lamberti']",Santa Anastasia,"['AMO', 'Museo Conte', 'Palazzo della Ragione', 'Teatro Romano', 'Centro Fotografia']",Duomo,strategy_nearest,False,0.0019898414611816406,success
0488593A9C4C80,0,"['Casa Giulietta', 'Castelvecchio']",Arena,"['Verona Tour', 'Museo Lapidario', 'Museo Radio', 'San Fermo', 'Sighseeing']",Tomba Giulietta,strategy_nearest,False,0.003966093063354492,success
048859429C4C80,2,"['Casa Giulietta', 'Torre Lamberti']",Santa Anastasia,"['AMO', 'Museo Conte', 'Palazzo della Ragione', 'Teatro Romano', 'Centro Fotografia']",San Zeno,strategy_nearest,False,0.0033528804779052734,success
04886D429C4C80,3,"['Arena', 'Castelvecchio']",Santa Anastasia,"['AMO', 'Museo Conte', 'Palazzo della Ragione', 'Teatro Romano', 'Centro Fotografia']",Teatro Romano,strategy_nearest,True,0.0014111995697021484,success
0488833A9C4C80,3,"['Arena', 'Casa Giulietta']",Torre Lamberti,"['Sighseeing', 'Centro Fotografia', 'Museo Conte', 'Palazzo della Ragione', 'AMO']",Santa Anastasia,strategy_nearest,False,0.002877950668334961,success
048887429C4C80,0,['Arena'],Castelvecchio,"['Museo Lapidario', 'Verona Tour', 'Museo Radio', 'San Zeno', 'Sighseeing']",Casa Giulietta,strategy_nearest,False,0.002093076705932617,success
048886429C4C80,3,"['Castelvecchio', 'Arena']",Casa Giulietta,"['Centro Fotografia', 'Sighseeing', 'Torre Lamberti', 'Museo Conte', 'Museo Radio']",Santa Anastasia,strategy_nearest,False,0.0035359859466552734,success
04887A3A9C4C80,3,"['Castelvecchio', 'San Zeno']",Torre Lamberti,"['Sighseeing', 'Centro Fotografia', 'Museo Conte', 'Casa Giulietta', 'Palazzo della Ragione']",Santa Anastasia,strategy_nearest,False,0.002886056900024414,success
0488904A9C4C80,1,"['Arena', 'Museo Lapidario', 'Castelvecchio']",Casa Giulietta,"['Centro Fotografia', 'Sighseeing', 'Torre Lamberti', 'Museo Conte', 'Museo Radio']",Torre Lamberti,strategy_nearest,True,0.0033800601959228516,success
048898429C4C80,0,"['Arena', 'Museo Lapidario']",Casa Giulietta,"['Centro Fotografia', 'Sighseeing', 'Torre Lamberti', 'Museo Conte', 'Museo Radio']",Torre Lamberti,strategy_nearest,True,0.0014340877532958984,success
0488954A9C4C80,0,['Santa Anastasia'],Casa Giulietta,"['Centro Fotografia', 'Sighseeing', 'Torre Lamberti', 'Museo Conte', 'Museo Radio']",Arena,strategy_nearest,False,0.002771139144897461,success
04889C429C4C80,0,['Casa Giulietta'],Arena,"['Verona Tour', 'Museo Lapidario', 'Museo Radio', 'San Fermo', 'Sighseeing']",San Zeno,strategy_nearest,False,0.003202676773071289,success
0488A3429C4C80,0,['Santa Anastasia'],Arena,"['Verona Tour', 'Museo Lapidario', 'Museo Radio', 'San Fermo', 'Casa Giulietta']",Castelvecchio,strategy_nearest,False,0.002171754837036133,success
04889E429C4C80,0,['Castelvecchio'],Arena,"['Verona Tour', 'Museo Lapidario', 'Museo Radio', 'San Fermo', 'Casa Giulietta']",Casa Giulietta,strategy_nearest,True,0.004089832305908203,success
0488A7429C4C80,3,"['Arena', 'San Fermo', 'Casa Giulietta']",Torre Lamberti,"['Sighseeing', 'Centro Fotografia', 'Museo Conte', 'Palazzo della Ragione', 'AMO']",Santa Anastasia,strategy_nearest,False,0.0026488304138183594,success
0488A63A9C4C80,3,['Arena'],Torre Lamberti,"['Sighseeing', 'Centro Fotografia', 'Museo Conte', 'Casa Giulietta', 'Palazzo della Ragione']",Santa Anastasia,strategy_nearest,False,0.0015408992767333984,success
0488A93A9C4C80,3,"['Arena', 'Casa Giulietta']",Torre Lamberti,"['Sighseeing', 'Centro Fotografia', 'Museo Conte', 'Palazzo della Ragione', 'AMO']",Santa Anastasia,strategy_nearest,False,0.001519918441772461,success
0488BA3A9C4C80,3,"['Casa Giulietta', 'San Fermo']",Santa Anastasia,"['AMO', 'Museo Conte', 'Palazzo della Ragione', 'Teatro Romano', 'Centro Fotografia']",Arena,strategy_nearest,False,0.0025169849395751953,success
0488AC3A9C4C80,2,"['San Fermo', 'Casa Giulietta']",Torre Lamberti,"['Sighseeing', 'Centro Fotografia', 'Museo Conte', 'Palazzo della Ragione', 'AMO']",Santa Anastasia,strategy_nearest,False,0.003381013870239258,success
0488A84A9C4C80,0,['Casa Giulietta'],Arena,"['Verona Tour', 'Museo Lapidario', 'Museo Radio', 'San Fermo', 'Sighseeing']",Tomba Giulietta,strategy_nearest,False,0.0033409595489501953,success
0488BD429C4C80,0,['Arena'],Casa Giulietta,"['Centro Fotografia', 'Sighseeing', 'Torre Lamberti', 'Museo Conte', 'Museo Radio']",Torre Lamberti,strategy_nearest,True,0.0018641948699951172,success
0488D1429C4C80,0,"['Casa Giulietta', 'Arena']",Museo Lapidario,"['Verona Tour', 'Castelvecchio', 'Museo Radio', 'San Fermo', 'Tomba Giulietta']",Castelvecchio,strategy_nearest,True,0.002048015594482422,success
0488BF429C4C80,0,['Arena'],Tomba Giulietta,"['San Fermo', 'Museo Storia', 'Museo Lapidario', 'Museo Radio', 'Verona Tour']",Casa Giulietta,strategy_nearest,False,0.003492116928100586,success
0488CF429C4C80,3,"['Castelvecchio', 'Casa Giulietta']",Santa Anastasia,"['AMO', 'Museo Conte', 'Palazzo della Ragione', 'Teatro Romano', 'Centro Fotografia']",Duomo,strategy_nearest,False,0.003550291061401367,success
0488D53A9C4C80,2,"['Castelvecchio', 'Torre Lamberti']",Casa Giulietta,"['Centro Fotografia', 'Sighseeing', 'Museo Conte', 'Museo Radio', 'Palazzo della Ragione']",Tomba Giulietta,strategy_nearest,False,0.0025811195373535156,success
0488D43A9C4C80,3,"['Arena', 'Torre Lamberti', 'Casa Giulietta', 'Santa Anastasia']",Teatro Romano,"['Duomo', 'AMO', 'Palazzo della Ragione', 'Museo Conte', 'Centro Fotografia']",Duomo,strategy_nearest,True,0.0031690597534179688,success
0488D7429C4C80,2,['Tomba Giulietta'],Torre Lamberti,"['Sighseeing', 'Centro Fotografia', 'Museo Conte', 'Casa Giulietta', 'Palazzo della Ragione']",Giardino Giusti,strategy_nearest,False,0.0024919509887695312,success
0488EA3A9C4C80,0,['Tomba Giulietta'],Casa Giulietta,"['Centro Fotografia', 'Sighseeing', 'Torre Lamberti', 'Museo Conte', 'Museo Radio']",Torre Lamberti,strategy_nearest,True,0.00345611572265625,success
0488EC3A9C4C80,0,"['San Fermo', 'Museo Storia']",Casa Giulietta,"['Centro Fotografia', 'Sighseeing', 'Torre Lamberti', 'Museo Conte', 'Museo Radio']",Museo Lapidario,strategy_nearest,False,0.002526998519897461,success
0489043A9C4C84,3,['Arena'],Casa Giulietta,"['Centro Fotografia', 'Sighseeing', 'Torre Lamberti', 'Museo Conte', 'Museo Radio']",Santa Anastasia,strategy_nearest,False,0.002608776092529297,success
04890E3A9C4C84,0,"['Arena', 'Casa Giulietta']",Castelvecchio,"['Museo Lapidario', 'Verona Tour', 'Museo Radio', 'San Zeno', 'Sighseeing']",Torre Lamberti,strategy_nearest,False,0.0029702186584472656,success
048912429C4C84,3,['Arena'],Santa Anastasia,"['AMO', 'Museo Conte', 'Palazzo della Ragione', 'Teatro Romano', 'Centro Fotografia']",Torre Lamberti,strategy_nearest,False,0.0025882720947265625,success
048911429C4C84,3,"['Arena', 'Santa Anastasia']",Duomo,"['AMO', 'Museo Miniscalchi', 'Teatro Romano', 'Palazzo della Ragione', 'Museo Conte']",Torre Lamberti,strategy_nearest,False,0.0033571720123291016,success
048913429C4C80,3,"['Arena', 'San Fermo', 'Casa Giulietta']",Torre Lamberti,"['Sighseeing', 'Centro Fotografia', 'Museo Conte', 'Palazzo della Ragione', 'AMO']",Santa Anastasia,strategy_nearest,False,0.003238201141357422,success
04890F429C4C84,3,"['Arena', 'Torre Lamberti']",Casa Giulietta,"['Centro Fotografia', 'Sighseeing', 'Museo Conte', 'Museo Radio', 'Palazzo della Ragione']",Santa Anastasia,strategy_nearest,False,0.002619028091430664,success
048916429C4C84,0,['Castelvecchio'],Casa Giulietta,"['Centro Fotografia', 'Sighseeing', 'Torre Lamberti', 'Museo Conte', 'Museo Radio']",Arena,strategy_nearest,False,0.002276182174682617,success
048917429C4C80,1,"['Arena', 'Casa Giulietta']",Palazzo della Ragione,"['AMO', 'Museo Conte', 'Torre Lamberti', 'Centro Fotografia', 'Sighseeing']",Torre Lamberti,strategy_nearest,True,0.0016379356384277344,success
04891A429C4C84,3,"['Arena', 'Torre Lamberti']",Santa Anastasia,"['AMO', 'Museo Conte', 'Palazzo della Ragione', 'Teatro Romano', 'Centro Fotografia']",Casa Giulietta,strategy_nearest,False,0.0034618377685546875,success
0489193A9C4C84,3,"['Arena', 'Museo Lapidario', 'Casa Giulietta']",Santa Anastasia,"['AMO', 'Museo Conte', 'Palazzo della Ragione', 'Teatro Romano', 'Centro Fotografia']",Torre Lamberti,strategy_nearest,False,0.003013134002685547,success
04891D3A9C4C84,3,"['Arena', 'San Fermo', 'Casa Giulietta']",Torre Lamberti,"['Sighseeing', 'Centro Fotografia', 'Museo Conte', 'Palazzo della Ragione', 'AMO']",Santa Anastasia,strategy_nearest,False,0.0029299259185791016,success
04891B3A9C4C84,3,"['Arena', 'Casa Giulietta', 'Torre Lamberti']",Santa Anastasia,"['AMO', 'Museo Conte', 'Palazzo della Ragione', 'Teatro Romano', 'Centro Fotografia']",Duomo,strategy_nearest,False,0.0032339096069335938,success
04892C429C4C80,3,"['Arena', 'Castelvecchio']",Santa Anastasia,"['AMO', 'Museo Conte', 'Palazzo della Ragione', 'Teatro Romano', 'Centro Fotografia']",Casa Giulietta,strategy_nearest,False,0.0030231475830078125,success
0489264A9C4C80,0,['Castelvecchio'],Arena,"['Verona Tour', 'Museo Lapidario', 'Museo Radio', 'San Fermo', 'Casa Giulietta']",Casa Giulietta,strategy_nearest,True,0.003074169158935547,success
0489334A9C4C80,3,"['Castelvecchio', 'San Zeno', 'Casa Giulietta']",Arena,"['Verona Tour', 'Museo Lapidario', 'Museo Radio', 'San Fermo', 'Sighseeing']",San Fermo,strategy_nearest,True,0.003503084182739258,success
048923429C4C84,0,['Museo Storia'],San Fermo,"['Museo Radio', 'Casa Giulietta', 'Centro Fotografia', 'Arena', 'Sighseeing']",Arena,strategy_nearest,True,0.0023648738861083984,success
048934429C4C80,2,['Casa Giulietta'],San Fermo,"['Museo Storia', 'Museo Radio', 'Centro Fotografia', 'Arena', 'Sighseeing']",Torre Lamberti,strategy_nearest,False,0.0028128623962402344,success
04893A429C4C80,3,"['Santa Anastasia', 'Duomo', 'Teatro Romano']",San Zeno,"['Castelvecchio', 'Verona Tour', 'Museo Lapidario', 'Arena', 'Museo Miniscalchi']",Torre Lamberti,strategy_nearest,False,0.0014500617980957031,success
048938429C4C80,6,"['Verona Tour', 'San Zeno', 'Castelvecchio']",Duomo,"['AMO', 'Museo Miniscalchi', 'Santa Anastasia', 'Teatro Romano', 'Palazzo della Ragione']",Torre Lamberti,strategy_nearest,False,0.0033740997314453125,success
04893B429C4C80,1,"['Arena', 'Torre Lamberti']",Palazzo della Ragione,"['AMO', 'Museo Conte', 'Centro Fotografia', 'Sighseeing', 'Santa Anastasia']",Duomo,strategy_nearest,False,0.003392934799194336,success
04893C4A9C4C80,1,"['Arena', 'Museo Lapidario', 'Torre Lamberti', 'Palazzo della Ragione']",Casa Giulietta,"['Centro Fotografia', 'Sighseeing', 'Museo Conte', 'Museo Radio', 'San Fermo']",San Fermo,strategy_nearest,True,0.0018160343170166016,success
04894C429C4C80,0,['Arena'],Casa Giulietta,"['Centro Fotografia', 'Sighseeing', 'Torre Lamberti', 'Museo Conte', 'Museo Radio']",Duomo,strategy_nearest,False,0.0035729408264160156,success
0489493A9C4C80,3,"['Santa Anastasia', 'Casa Giulietta']",Arena,"['Verona Tour', 'Museo Lapidario', 'Museo Radio', 'San Fermo', 'Sighseeing']",Castelvecchio,strategy_nearest,False,0.0023107528686523438,success
0489523A9C4C80,3,"['Arena', 'Casa Giulietta']",Torre Lamberti,"['Sighseeing', 'Centro Fotografia', 'Museo Conte', 'Palazzo della Ragione', 'AMO']",Duomo,strategy_nearest,False,0.0027511119842529297,success
04897D3A9C4C80,3,['Torre Lamberti'],Teatro Romano,"['Santa Anastasia', 'Duomo', 'AMO', 'Palazzo della Ragione', 'Museo Conte']",Duomo,strategy_nearest,True,0.002203226089477539,success
04897D429C4C80,0,"['Casa Giulietta', 'Arena']",Tomba Giulietta,"['San Fermo', 'Museo Storia', 'Museo Lapidario', 'Museo Radio', 'Verona Tour']",Torre Lamberti,strategy_nearest,False,0.0033788681030273438,success
04896E3A9C4C80,2,"['Castelvecchio', 'San Zeno']",Teatro Romano,"['Santa Anastasia', 'Duomo', 'AMO', 'Palazzo della Ragione', 'Museo Conte']",Duomo,strategy_nearest,True,0.0024137496948242188,success
04897C429C4C80,0,"['Arena', 'Casa Giulietta']",Teatro Romano,"['Santa Anastasia', 'Duomo', 'AMO', 'Palazzo della Ragione', 'Museo Conte']",Duomo,strategy_nearest,True,0.002943277359008789,success
048989429C4C80,0,['Arena'],San Fermo,"['Museo Storia', 'Museo Radio', 'Casa Giulietta', 'Centro Fotografia', 'Sighseeing']",Arena,strategy_nearest,False,0.003410816192626953,success
04898F429C4C80,1,"['Arena', 'Torre Lamberti']",Palazzo della Ragione,"['AMO', 'Museo Conte', 'Centro Fotografia', 'Sighseeing', 'Santa Anastasia']",Santa Anastasia,strategy_nearest,True,0.002794981002807617,success
048987429C4C80,0,['Arena'],Torre Lamberti,"['Sighseeing', 'Centro Fotografia', 'Museo Conte', 'Casa Giulietta', 'Palazzo della Ragione']",San Zeno,strategy_nearest,False,0.0023343563079833984,success
0489883A9C4C80,0,['Torre Lamberti'],Casa Giulietta,"['Centro Fotografia', 'Sighseeing', 'Museo Conte', 'Museo Radio', 'Palazzo della Ragione']",Arena,strategy_nearest,False,0.002270936965942383,success
04899D4A9C4C80,3,"['Arena', 'Duomo']",Santa Anastasia,"['AMO', 'Museo Conte', 'Palazzo della Ragione', 'Teatro Romano', 'Centro Fotografia']",Casa Giulietta,strategy_nearest,False,0.0031728744506835938,success
04899A4A9C4C80,0,['Arena'],Museo Lapidario,"['Verona Tour', 'Castelvecchio', 'Museo Radio', 'San Fermo', 'Casa Giulietta']",Torre Lamberti,strategy_nearest,False,0.0014889240264892578,success
0489944A9C4C80,3,"['Arena', 'Castelvecchio']",Torre Lamberti,"['Sighseeing', 'Centro Fotografia', 'Museo Conte', 'Casa Giulietta', 'Palazzo della Ragione']",Casa Giulietta,strategy_nearest,True,0.002779245376586914,success
0489904A9C4C80,3,['Arena'],Casa Giulietta,"['Centro Fotografia', 'Sighseeing', 'Torre Lamberti', 'Museo Conte', 'Museo Radio']",Torre Lamberti,strategy_nearest,True,0.00222015380859375,success
0489B23A9C4C80,3,['Arena'],Casa Giulietta,"['Centro Fotografia', 'Sighseeing', 'Torre Lamberti', 'Museo Conte', 'Museo Radio']",Torre Lamberti,strategy_nearest,True,0.002131223678588867,success
0489BB3A9C4C80,3,"['Arena', 'Santa Anastasia']",Teatro Romano,"['Duomo', 'AMO', 'Palazzo della Ragione', 'Museo Conte', 'Centro Fotografia']",Casa Giulietta,strategy_nearest,False,0.0025949478149414062,success
0489AE3A9C4C80,3,"['Teatro Romano', 'Duomo', 'Torre Lamberti']",Casa Giulietta,"['Centro Fotografia', 'Sighseeing', 'Museo Conte', 'Museo Radio', 'Palazzo della Ragione']",San Fermo,strategy_nearest,False,0.0013489723205566406,success
0489A5429C4C80,2,['Torre Lamberti'],Casa Giulietta,"['Centro Fotografia', 'Sighseeing', 'Museo Conte', 'Museo Radio', 'Palazzo della Ragione']",Teatro Romano,strategy_nearest,False,0.0035238265991210938,success
0489D53A9C4C80,1,"['Santa Anastasia', 'Arena', 'Torre Lamberti', 'Palazzo della Ragione']",Duomo,"['AMO', 'Museo Miniscalchi', 'Teatro Romano', 'Museo Conte', 'Centro Fotografia']",Teatro Romano,strategy_nearest,True,0.002911090850830078,success
0489C3429C4C80,0,['Castelvecchio'],Torre Lamberti,"['Sighseeing', 'Centro Fotografia', 'Museo Conte', 'Casa Giulietta', 'Palazzo della Ragione']",Teatro Romano,strategy_nearest,False,0.004233837127685547,success
0489BD3A9C4C80,0,['Santa Anastasia'],Casa Giulietta,"['Centro Fotografia', 'Sighseeing', 'Torre Lamberti', 'Museo Conte', 'Museo Radio']",Arena,strategy_nearest,False,0.002398967742919922,success
0489C93A9C4C80,2,['Castelvecchio'],Torre Lamberti,"['Sighseeing', 'Centro Fotografia', 'Museo Conte', 'Casa Giulietta', 'Palazzo della Ragione']",Santa Anastasia,strategy_nearest,False,0.0019037723541259766,success
0489D73A9C4C80,3,['Arena'],Casa Giulietta,"['Centro Fotografia', 'Sighseeing', 'Torre Lamberti', 'Museo Conte', 'Museo Radio']",Torre Lamberti,strategy_nearest,True,0.0028378963470458984,success
048A0C429C4C84,0,['Arena'],Castelvecchio,"['Museo Lapidario', 'Verona Tour', 'Museo Radio', 'San Zeno', 'Sighseeing']",Santa Anastasia,strategy_nearest,False,0.0032830238342285156,success
0489FA3A9C4C80,0,"['Castelvecchio', 'Museo Lapidario', 'Tomba Giulietta']",Museo Storia,"['San Fermo', 'Museo Radio', 'Casa Giulietta', 'Centro Fotografia', 'Arena']",Arena,strategy_nearest,True,0.0028200149536132812,success
0489FD429C4C80,1,"['Arena', 'Castelvecchio']",Tomba Giulietta,"['San Fermo', 'Museo Storia', 'Museo Lapidario', 'Museo Radio', 'Verona Tour']",Teatro Romano,strategy_nearest,False,0.0011601448059082031,success
048A0D3A9C4C84,3,"['Arena', 'Casa Giulietta']",Torre Lamberti,"['Sighseeing', 'Centro Fotografia', 'Museo Conte', 'Palazzo della Ragione', 'AMO']",Santa Anastasia,strategy_nearest,False,0.003977060317993164,success
048A124A9C4C80,2,['Castelvecchio'],Casa Giulietta,"['Centro Fotografia', 'Sighseeing', 'Torre Lamberti', 'Museo Conte', 'Museo Radio']",Torre Lamberti,strategy_nearest,True,0.0020728111267089844,success
048A13429C4C84,3,"['Arena', 'Casa Giulietta']",San Fermo,"['Museo Storia', 'Museo Radio', 'Centro Fotografia', 'Sighseeing', 'Torre Lamberti']",Torre Lamberti,strategy_nearest,True,0.0032880306243896484,success
048A0F429C4C84,3,"['Arena', 'Torre Lamberti', 'Santa Anastasia', 'Duomo']",Teatro Romano,"['AMO', 'Palazzo della Ragione', 'Museo Conte', 'Centro Fotografia', 'Museo Miniscalchi']",Casa Giulietta,strategy_nearest,False,0.0013790130615234375,success
048A1D429C4C80,3,"['Arena', 'Casa Giulietta']",Santa Anastasia,"['AMO', 'Museo Conte', 'Palazzo della Ragione', 'Teatro Romano', 'Centro Fotografia']",Duomo,strategy_nearest,False,0.0020949840545654297,success
048A18429C4C84,3,"['Duomo', 'Santa Anastasia']",Casa Giulietta,"['Centro Fotografia', 'Sighseeing', 'Torre Lamberti', 'Museo Conte', 'Museo Radio']",San Fermo,strategy_nearest,False,0.0027320384979248047,success
048A1E3A9C4C80,1,"['Arena', 'Casa Giulietta', 'Torre Lamberti']",Palazzo della Ragione,"['AMO', 'Museo Conte', 'Centro Fotografia', 'Sighseeing', 'Santa Anastasia']",Santa Anastasia,strategy_nearest,True,0.0026731491088867188,success
048A213A9C4C80,0,"['Arena', 'Torre Lamberti']",Duomo,"['AMO', 'Museo Miniscalchi', 'Santa Anastasia', 'Teatro Romano', 'Palazzo della Ragione']",Castelvecchio,strategy_nearest,False,0.003156900405883789,success
048A21429C4C80,2,['Casa Giulietta'],Duomo,"['AMO', 'Museo Miniscalchi', 'Santa Anastasia', 'Teatro Romano', 'Palazzo della Ragione']",Teatro Romano,strategy_nearest,True,0.002235889434814453,success
048A234A9C4C80,3,"['Arena', 'Santa Anastasia']",Torre Lamberti,"['Sighseeing', 'Centro Fotografia', 'Museo Conte', 'Casa Giulietta', 'Palazzo della Ragione']",Duomo,strategy_nearest,False,0.0024781227111816406,success
048A29429C4C80,1,"['Arena', 'Casa Giulietta', 'Palazzo della Ragione']",Santa Anastasia,"['AMO', 'Museo Conte', 'Teatro Romano', 'Centro Fotografia', 'Duomo']",Duomo,strategy_nearest,True,0.003355741500854492,success
048A2F3A9C4C80,0,['Museo Lapidario'],Arena,"['Verona Tour', 'Museo Radio', 'San Fermo', 'Casa Giulietta', 'Sighseeing']",Duomo,strategy_nearest,False,0.002567768096923828,success
048A344A9C4C80,2,"['Duomo', 'Teatro Romano', 'Santa Anastasia', 'Casa Giulietta']",Castelvecchio,"['Museo Lapidario', 'Verona Tour', 'Arena', 'Museo Radio', 'San Zeno']",San Zeno,strategy_nearest,True,0.0032088756561279297,success
048A3A3A9C4C80,3,"['Torre Lamberti', 'Santa Anastasia', 'Duomo', 'Arena']",Casa Giulietta,"['Centro Fotografia', 'Sighseeing', 'Museo Conte', 'Museo Radio', 'Palazzo della Ragione']",Teatro Romano,strategy_nearest,False,0.0017910003662109375,success
048A38429C4C80,3,"['Arena', 'Castelvecchio']",Giardino Giusti,"['Santa Anastasia', 'Teatro Romano', 'Museo Conte', 'Centro Fotografia', 'Museo Storia']",Torre Lamberti,strategy_nearest,False,0.002418041229248047,success
048A3C429C4C80,3,"['Arena', 'Santa Anastasia', 'Torre Lamberti']",Duomo,"['AMO', 'Museo Miniscalchi', 'Teatro Romano', 'Palazzo della Ragione', 'Museo Conte']",San Fermo,strategy_nearest,False,0.0034160614013671875,success
048A573A9C4C80,0,['San Zeno'],Castelvecchio,"['Museo Lapidario', 'Verona Tour', 'Arena', 'Museo Radio', 'Sighseeing']",Arena,strategy_nearest,True,0.0026209354400634766,success
048A4C3A9C4C80,2,"['San Zeno', 'Castelvecchio']",Palazzo della Ragione,"['AMO', 'Museo Conte', 'Torre Lamberti', 'Centro Fotografia', 'Sighseeing']",Teatro Romano,strategy_nearest,False,0.0025899410247802734,success
048A633A9C4C80,3,"['Castelvecchio', 'Casa Giulietta', 'Duomo']",Teatro Romano,"['Santa Anastasia', 'AMO', 'Palazzo della Ragione', 'Museo Conte', 'Centro Fotografia']",Santa Anastasia,strategy_nearest,True,0.0033206939697265625,success
048A6C429C4C80,1,"['Tomba Giulietta', 'Arena']",Casa Giulietta,"['Centro Fotografia', 'Sighseeing', 'Torre Lamberti', 'Museo Conte', 'Museo Radio']",Torre Lamberti,strategy_nearest,True,0.001844167709350586,success
048A7A3A9C4C80,3,['Arena'],Torre Lamberti,"['Sighseeing', 'Centro Fotografia', 'Museo Conte', 'Casa Giulietta', 'Palazzo della Ragione']",Santa Anastasia,strategy_nearest,False,0.00257110595703125,success
048A7A4A9C4C80,0,['Arena'],Casa Giulietta,"['Centro Fotografia', 'Sighseeing', 'Torre Lamberti', 'Museo Conte', 'Museo Radio']",Santa Anastasia,strategy_nearest,False,0.003214120864868164,success
048A7C429C4C80,0,['Arena'],Casa Giulietta,"['Centro Fotografia', 'Sighseeing', 'Torre Lamberti', 'Museo Conte', 'Museo Radio']",Museo Lapidario,strategy_nearest,False,0.003108978271484375,success
048A7E429C4C80,2,"['Casa Giulietta', 'Santa Anastasia']",Duomo,"['AMO', 'Museo Miniscalchi', 'Teatro Romano', 'Palazzo della Ragione', 'Museo Conte']",Teatro Romano,strategy_nearest,True,0.0025358200073242188,success
048A84429C4C80,0,['Arena'],Casa Giulietta,"['Centro Fotografia', 'Sighseeing', 'Torre Lamberti', 'Museo Conte', 'Museo Radio']",Castelvecchio,strategy_nearest,False,0.0023479461669921875,success
048A824A9C4C80,0,"['San Fermo', 'Castelvecchio']",Arena,"['Verona Tour', 'Museo Lapidario', 'Museo Radio', 'Casa Giulietta', 'Sighseeing']",Giardino Giusti,strategy_nearest,False,0.003084897994995117,success
048A844A9C4C80,3,"['Arena', 'Casa Giulietta']",Santa Anastasia,"['AMO', 'Museo Conte', 'Palazzo della Ragione', 'Teatro Romano', 'Centro Fotografia']",Duomo,strategy_nearest,False,0.0033979415893554688,success
048A85429C4C80,0,['Arena'],Casa Giulietta,"['Centro Fotografia', 'Sighseeing', 'Torre Lamberti', 'Museo Conte', 'Museo Radio']",Santa Anastasia,strategy_nearest,False,0.002192974090576172,success
048A8F4A9C4C80,2,"['Castelvecchio', 'San Zeno']",Casa Giulietta,"['Centro Fotografia', 'Sighseeing', 'Torre Lamberti', 'Museo Conte', 'Museo Radio']",Santa Anastasia,strategy_nearest,False,0.0034170150756835938,success
048A954A9C4C80,0,['Arena'],Torre Lamberti,"['Sighseeing', 'Centro Fotografia', 'Museo Conte', 'Casa Giulietta', 'Palazzo della Ragione']",Casa Giulietta,strategy_nearest,True,0.0014858245849609375,success
048A9D4A9C4C80,3,"['Arena', 'Museo Lapidario', 'Castelvecchio']",Santa Anastasia,"['AMO', 'Museo Conte', 'Palazzo della Ragione', 'Teatro Romano', 'Centro Fotografia']",Duomo,strategy_nearest,False,0.0028171539306640625,success
048A9E4A9C4C80,0,['Arena'],Casa Giulietta,"['Centro Fotografia', 'Sighseeing', 'Torre Lamberti', 'Museo Conte', 'Museo Radio']",Teatro Romano,strategy_nearest,False,0.003328084945678711,success
048A9B429C4C80,1,"['Arena', 'Casa Giulietta']",San Fermo,"['Museo Storia', 'Museo Radio', 'Centro Fotografia', 'Sighseeing', 'Torre Lamberti']",Palazzo della Ragione,strategy_nearest,False,0.002093791961669922,success
048A9A429C4C80,0,['Duomo'],Torre Lamberti,"['Sighseeing', 'Centro Fotografia', 'Museo Conte', 'Casa Giulietta', 'Palazzo della Ragione']",Casa Giulietta,strategy_nearest,True,0.0027489662170410156,success
048AB73A9C4C80,0,['Arena'],Castelvecchio,"['Museo Lapidario', 'Verona Tour', 'Museo Radio', 'San Zeno', 'Sighseeing']",Duomo,strategy_nearest,False,0.001956939697265625,success
048AA7429C4C80,3,"['Arena', 'San Fermo']",Santa Anastasia,"['AMO', 'Museo Conte', 'Palazzo della Ragione', 'Teatro Romano', 'Centro Fotografia']",Duomo,strategy_nearest,False,0.0020978450775146484,success
048AAD3A9C4C80,1,"['Arena', 'Casa Giulietta']",Torre Lamberti,"['Sighseeing', 'Centro Fotografia', 'Museo Conte', 'Palazzo della Ragione', 'AMO']",Palazzo della Ragione,strategy_nearest,True,0.0028510093688964844,success
048AB83A9C4C80,3,"['Arena', 'Casa Giulietta']",Torre Lamberti,"['Sighseeing', 'Centro Fotografia', 'Museo Conte', 'Palazzo della Ragione', 'AMO']",Duomo,strategy_nearest,False,0.0031671524047851562,success
048AC0429C4C80,0,['Arena'],Casa Giulietta,"['Centro Fotografia', 'Sighseeing', 'Torre Lamberti', 'Museo Conte', 'Museo Radio']",Torre Lamberti,strategy_nearest,True,0.003988981246948242,success
048ACE3A9C4C80,3,"['Arena', 'Casa Giulietta']",Torre Lamberti,"['Sighseeing', 'Centro Fotografia', 'Museo Conte', 'Palazzo della Ragione', 'AMO']",Santa Anastasia,strategy_nearest,False,0.002039194107055664,success
048ACA3A9C4C80,0,['Castelvecchio'],Arena,"['Verona Tour', 'Museo Lapidario', 'Museo Radio', 'San Fermo', 'Casa Giulietta']",Torre Lamberti,strategy_nearest,False,0.00196075439453125,success
048AE93A9C4C80,0,"['Arena', 'Museo Lapidario']",Castelvecchio,"['Verona Tour', 'Museo Radio', 'San Zeno', 'Sighseeing', 'Museo Miniscalchi']",Torre Lamberti,strategy_nearest,False,0.0017278194427490234,success
048AD3429C4C80,0,"['Casa Giulietta', 'Arena']",Museo Lapidario,"['Verona Tour', 'Castelvecchio', 'Museo Radio', 'San Fermo', 'Tomba Giulietta']",Castelvecchio,strategy_nearest,True,0.0033249855041503906,success
048AEF429C4C80,0,['Arena'],Casa Giulietta,"['Centro Fotografia', 'Sighseeing', 'Torre Lamberti', 'Museo Conte', 'Museo Radio']",Torre Lamberti,strategy_nearest,True,0.0023069381713867188,success
048AF13A9C4C80,0,['Arena'],Santa Anastasia,"['AMO', 'Museo Conte', 'Palazzo della Ragione', 'Teatro Romano', 'Centro Fotografia']",Castelvecchio,strategy_nearest,False,0.0015521049499511719,success
048B0E3A9C4C80,1,"['Arena', 'San Zeno', 'Torre Lamberti']",Palazzo della Ragione,"['AMO', 'Museo Conte', 'Centro Fotografia', 'Sighseeing', 'Santa Anastasia']",Santa Anastasia,strategy_nearest,True,0.0021309852600097656,success
048B0F429C4C80,2,['Castelvecchio'],Duomo,"['AMO', 'Museo Miniscalchi', 'Santa Anastasia', 'Teatro Romano', 'Palazzo della Ragione']",Santa Anastasia,strategy_nearest,True,0.00261688232421875,success
048AF03A9C4C80,1,['Palazzo della Ragione'],Torre Lamberti,"['Sighseeing', 'Centro Fotografia', 'Museo Conte', 'Casa Giulietta', 'AMO']",Arena,strategy_nearest,False,0.004701137542724609,success
048B133A9C4C80,2,['San Zeno'],Casa Giulietta,"['Centro Fotografia', 'Sighseeing', 'Torre Lamberti', 'Museo Conte', 'Museo Radio']",Duomo,strategy_nearest,False,0.002199888229370117,success
048B174A9C4C80,2,"['San Fermo', 'Teatro Romano']",Santa Anastasia,"['AMO', 'Museo Conte', 'Palazzo della Ragione', 'Centro Fotografia', 'Duomo']",Casa Giulietta,strategy_nearest,False,0.0027761459350585938,success
048B0F429C4C84,3,"['Casa Giulietta', 'Torre Lamberti', 'Santa Anastasia', 'Teatro Romano']",Castelvecchio,"['Museo Lapidario', 'Verona Tour', 'Arena', 'Museo Radio', 'San Zeno']",Arena,strategy_nearest,True,0.004019975662231445,success
048B1A429C4C84,0,['Arena'],Museo Lapidario,"['Verona Tour', 'Castelvecchio', 'Museo Radio', 'San Fermo', 'Casa Giulietta']",Castelvecchio,strategy_nearest,True,0.001428842544555664,success
048B21429C4C80,0,['Arena'],Casa Giulietta,"['Centro Fotografia', 'Sighseeing', 'Torre Lamberti', 'Museo Conte', 'Museo Radio']",Teatro Romano,strategy_nearest,False,0.002788066864013672,success
048B273A9C4C84,0,"['Arena', 'Torre Lamberti']",Casa Giulietta,"['Centro Fotografia', 'Sighseeing', 'Museo Conte', 'Museo Radio', 'Palazzo della Ragione']",Giardino Giusti,strategy_nearest,False,0.0031871795654296875,success
048B203A9C4C80,3,"['Arena', 'Torre Lamberti']",Santa Anastasia,"['AMO', 'Museo Conte', 'Palazzo della Ragione', 'Teatro Romano', 'Centro Fotografia']",Duomo,strategy_nearest,False,0.0015799999237060547,success
048B23429C4C84,2,"['San Zeno', 'Castelvecchio', 'San Fermo']",Torre Lamberti,"['Sighseeing', 'Centro Fotografia', 'Museo Conte', 'Casa Giulietta', 'Palazzo della Ragione']",Santa Anastasia,strategy_nearest,False,0.0020661354064941406,success
048B36429C4C80,0,['Castelvecchio'],Arena,"['Verona Tour', 'Museo Lapidario', 'Museo Radio', 'San Fermo', 'Casa Giulietta']",Duomo,strategy_nearest,False,0.001397848129272461,success
048B2F3A9C4C80,2,['Casa Giulietta'],Castelvecchio,"['Museo Lapidario', 'Verona Tour', 'Arena', 'Museo Radio', 'San Zeno']",Santa Anastasia,strategy_nearest,False,0.0031957626342773438,success
048B2A3A9C4C80,1,['Arena'],Casa Giulietta,"['Centro Fotografia', 'Sighseeing', 'Torre Lamberti', 'Museo Conte', 'Museo Radio']",Torre Lamberti,strategy_nearest,True,0.002138853073120117,success
048B28429C4C84,0,['Arena'],Castelvecchio,"['Museo Lapidario', 'Verona Tour', 'Museo Radio', 'San Zeno', 'Sighseeing']",Casa Giulietta,strategy_nearest,False,0.0033431053161621094,success
048B3C429C4C80,3,['Teatro Romano'],Santa Anastasia,"['AMO', 'Museo Conte', 'Palazzo della Ragione', 'Centro Fotografia', 'Duomo']",Arena,strategy_nearest,False,0.001016855239868164,success
048B50429C4C80,2,['Castelvecchio'],Torre Lamberti,"['Sighseeing', 'Centro Fotografia', 'Museo Conte', 'Casa Giulietta', 'Palazzo della Ragione']",Palazzo della Ragione,strategy_nearest,True,0.0033380985260009766,success
048B4A3A9C4C80,3,"['Castelvecchio', 'Arena']",Torre Lamberti,"['Sighseeing', 'Centro Fotografia', 'Museo Conte', 'Casa Giulietta', 'Palazzo della Ragione']",Santa Anastasia,strategy_nearest,False,0.0020978450775146484,success
048B3F429C4C80,2,"['Teatro Romano', 'Santa Anastasia', 'Torre Lamberti']",Casa Giulietta,"['Centro Fotografia', 'Sighseeing', 'Museo Conte', 'Museo Radio', 'Palazzo della Ragione']",San Fermo,strategy_nearest,False,0.0027740001678466797,success
048B74429C4C80,1,"['Arena', 'Casa Giulietta']",Torre Lamberti,"['Sighseeing', 'Centro Fotografia', 'Museo Conte', 'Palazzo della Ragione', 'AMO']",Palazzo della Ragione,strategy_nearest,True,0.002836942672729492,success
048B823A9C4C80,3,['Arena'],Casa Giulietta,"['Centro Fotografia', 'Sighseeing', 'Torre Lamberti', 'Museo Conte', 'Museo Radio']",Santa Anastasia,strategy_nearest,False,0.003299713134765625,success
048B7E429C4C80,0,"['Casa Giulietta', 'Torre Lamberti']",Arena,"['Verona Tour', 'Museo Lapidario', 'Museo Radio', 'San Fermo', 'Sighseeing']",Castelvecchio,strategy_nearest,False,0.002110004425048828,success
048B81429C4C80,3,"['Casa Giulietta', 'Arena']",Castelvecchio,"['Museo Lapidario', 'Verona Tour', 'Museo Radio', 'San Zeno', 'Sighseeing']",Santa Anastasia,strategy_nearest,False,0.002832174301147461,success
048B824A9C4C80,1,"['Arena', 'Casa Giulietta']",Torre Lamberti,"['Sighseeing', 'Centro Fotografia', 'Museo Conte', 'Palazzo della Ragione', 'AMO']",Palazzo della Ragione,strategy_nearest,True,0.002994060516357422,success
048B85429C4C80,1,['Arena'],Palazzo della Ragione,"['AMO', 'Museo Conte', 'Torre Lamberti', 'Centro Fotografia', 'Sighseeing']",Casa Giulietta,strategy_nearest,False,0.0018360614776611328,success
048B87429C4C80,0,"['Arena', 'Casa Giulietta']",Torre Lamberti,"['Sighseeing', 'Centro Fotografia', 'Museo Conte', 'Palazzo della Ragione', 'AMO']",Teatro Romano,strategy_nearest,False,0.002663850784301758,success
048B874A9C4C80,0,"['Casa Giulietta', 'Tomba Giulietta']",Castelvecchio,"['Museo Lapidario', 'Verona Tour', 'Arena', 'Museo Radio', 'San Zeno']",Arena,strategy_nearest,True,0.0031049251556396484,success
048B944A9C4C80,0,['Arena'],Casa Giulietta,"['Centro Fotografia', 'Sighseeing', 'Torre Lamberti', 'Museo Conte', 'Museo Radio']",Torre Lamberti,strategy_nearest,True,0.002115964889526367,success
048B98429C4C80,3,"['Arena', 'Duomo']",Santa Anastasia,"['AMO', 'Museo Conte', 'Palazzo della Ragione', 'Teatro Romano', 'Centro Fotografia']",Casa Giulietta,strategy_nearest,False,0.0032432079315185547,success
048B93429C4C80,2,['Casa Giulietta'],Torre Lamberti,"['Sighseeing', 'Centro Fotografia', 'Museo Conte', 'Palazzo della Ragione', 'AMO']",Castelvecchio,strategy_nearest,False,0.001512289047241211,success
048B883A9C4C80,1,"['Arena', 'Casa Giulietta']",Torre Lamberti,"['Sighseeing', 'Centro Fotografia', 'Museo Conte', 'Palazzo della Ragione', 'AMO']",Palazzo della Ragione,strategy_nearest,True,0.004057884216308594,success
048B9B429C4C80,2,['Teatro Romano'],Torre Lamberti,"['Sighseeing', 'Centro Fotografia', 'Museo Conte', 'Casa Giulietta', 'Palazzo della Ragione']",Palazzo della Ragione,strategy_nearest,True,0.002579927444458008,success
048B994A9C4C80,0,['Arena'],Casa Giulietta,"['Centro Fotografia', 'Sighseeing', 'Torre Lamberti', 'Museo Conte', 'Museo Radio']",Santa Anastasia,strategy_nearest,False,0.0021567344665527344,success
048B9A429C4C80,2,['Castelvecchio'],Casa Giulietta,"['Centro Fotografia', 'Sighseeing', 'Torre Lamberti', 'Museo Conte', 'Museo Radio']",Torre Lamberti,strategy_nearest,True,0.0014469623565673828,success
048B9D4A9C4C80,2,['Torre Lamberti'],Casa Giulietta,"['Centro Fotografia', 'Sighseeing', 'Museo Conte', 'Museo Radio', 'Palazzo della Ragione']",Castelvecchio,strategy_nearest,False,0.0034198760986328125,success
048BA04A9C4C80,0,['Arena'],Casa Giulietta,"['Centro Fotografia', 'Sighseeing', 'Torre Lamberti', 'Museo Conte', 'Museo Radio']",Torre Lamberti,strategy_nearest,True,0.0029900074005126953,success
048B9E429C4C80,0,['Castelvecchio'],Casa Giulietta,"['Centro Fotografia', 'Sighseeing', 'Torre Lamberti', 'Museo Conte', 'Museo Radio']",Arena,strategy_nearest,False,0.0016140937805175781,success
048BA73A9C4C80,0,"['Arena', 'Torre Lamberti']",Tomba Giulietta,"['San Fermo', 'Museo Storia', 'Museo Lapidario', 'Museo Radio', 'Verona Tour']",Teatro Romano,strategy_nearest,False,0.002179861068725586,success
048BA93A9C4C80,3,"['Arena', 'Castelvecchio']",Santa Anastasia,"['AMO', 'Museo Conte', 'Palazzo della Ragione', 'Teatro Romano', 'Centro Fotografia']",Duomo,strategy_nearest,False,0.003281831741333008,success
048BB6429C4C80,3,['Arena'],Casa Giulietta,"['Centro Fotografia', 'Sighseeing', 'Torre Lamberti', 'Museo Conte', 'Museo Radio']",Santa Anastasia,strategy_nearest,False,0.0035119056701660156,success
048BAB4A9C4C80,0,"['Castelvecchio', 'Arena']",San Fermo,"['Museo Storia', 'Museo Radio', 'Casa Giulietta', 'Centro Fotografia', 'Sighseeing']",Giardino Giusti,strategy_nearest,False,0.0023653507232666016,success
048BAA3A9C4C80,2,"['Museo Lapidario', 'Casa Giulietta']",Santa Anastasia,"['AMO', 'Museo Conte', 'Palazzo della Ragione', 'Teatro Romano', 'Centro Fotografia']",Duomo,strategy_nearest,False,0.0017747879028320312,success
048BBC3A9C4C80,0,['Arena'],Torre Lamberti,"['Sighseeing', 'Centro Fotografia', 'Museo Conte', 'Casa Giulietta', 'Palazzo della Ragione']",Casa Giulietta,strategy_nearest,True,0.0027840137481689453,success
048BC1429C4C80,3,"['Santa Anastasia', 'Teatro Romano', 'Duomo']",San Zeno,"['Castelvecchio', 'Verona Tour', 'Museo Lapidario', 'Arena', 'Museo Miniscalchi']",Castelvecchio,strategy_nearest,True,0.0024399757385253906,success
048BBE429C4C80,3,"['Tomba Giulietta', 'Casa Giulietta']",Duomo,"['AMO', 'Museo Miniscalchi', 'Santa Anastasia', 'Teatro Romano', 'Palazzo della Ragione']",Teatro Romano,strategy_nearest,True,0.0016770362854003906,success
048BC43A9C4C80,0,"['Arena', 'Castelvecchio']",Teatro Romano,"['Santa Anastasia', 'Duomo', 'AMO', 'Palazzo della Ragione', 'Museo Conte']",Giardino Giusti,strategy_nearest,False,0.003728151321411133,success
048BC53A9C4C80,3,"['Castelvecchio', 'Arena']",Torre Lamberti,"['Sighseeing', 'Centro Fotografia', 'Museo Conte', 'Casa Giulietta', 'Palazzo della Ragione']",Santa Anastasia,strategy_nearest,False,0.0029108524322509766,success
048BD63A9C4C80,1,"['Santa Anastasia', 'Duomo', 'Torre Lamberti', 'Palazzo della Ragione']",Casa Giulietta,"['Centro Fotografia', 'Sighseeing', 'Museo Conte', 'Museo Radio', 'San Fermo']",Castelvecchio,strategy_nearest,False,0.0022580623626708984,success
048BC83A9C4C80,1,"['Castelvecchio', 'Arena', 'Casa Giulietta']",Torre Lamberti,"['Sighseeing', 'Centro Fotografia', 'Museo Conte', 'Palazzo della Ragione', 'AMO']",Palazzo della Ragione,strategy_nearest,True,0.0023317337036132812,success
048BDC429C4C80,3,"['Torre Lamberti', 'Casa Giulietta']",Arena,"['Verona Tour', 'Museo Lapidario', 'Museo Radio', 'San Fermo', 'Sighseeing']",Santa Anastasia,strategy_nearest,False,0.002964019775390625,success
048BEE429C4C80,2,"['Casa Giulietta', 'Santa Anastasia']",Teatro Romano,"['Duomo', 'AMO', 'Palazzo della Ragione', 'Museo Conte', 'Centro Fotografia']",Tomba Giulietta,strategy_nearest,False,0.0023910999298095703,success
048BE6429C4C80,3,"['Castelvecchio', 'Arena']",Torre Lamberti,"['Sighseeing', 'Centro Fotografia', 'Museo Conte', 'Casa Giulietta', 'Palazzo della Ragione']",Santa Anastasia,strategy_nearest,False,0.003520965576171875,success
048BEA3A9C4C80,0,['Santa Anastasia'],Arena,"['Verona Tour', 'Museo Lapidario', 'Museo Radio', 'San Fermo', 'Casa Giulietta']",Casa Giulietta,strategy_nearest,True,0.0031061172485351562,success
048BEF3A9C4C80,0,['Arena'],Castelvecchio,"['Museo Lapidario', 'Verona Tour', 'Museo Radio', 'San Zeno', 'Sighseeing']",Casa Giulietta,strategy_nearest,False,0.002353191375732422,success
048BFC3A9C4C80,0,"['Castelvecchio', 'Torre Lamberti']",Casa Giulietta,"['Centro Fotografia', 'Sighseeing', 'Museo Conte', 'Museo Radio', 'Palazzo della Ragione']",Duomo,strategy_nearest,False,0.0029211044311523438,success
048C10429C4C84,3,"['Santa Anastasia', 'Torre Lamberti']",Casa Giulietta,"['Centro Fotografia', 'Sighseeing', 'Museo Conte', 'Museo Radio', 'Palazzo della Ragione']",Arena,strategy_nearest,False,0.003445863723754883,success
048C0D429C4C84,0,"['Torre Lamberti', 'Arena']",Castelvecchio,"['Museo Lapidario', 'Verona Tour', 'Museo Radio', 'San Zeno', 'Sighseeing']",Duomo,strategy_nearest,False,0.002911090850830078,success
048C29429C4C84,0,['Arena'],Torre Lamberti,"['Sighseeing', 'Centro Fotografia', 'Museo Conte', 'Casa Giulietta', 'Palazzo della Ragione']",Casa Giulietta,strategy_nearest,True,0.002095937728881836,success
048C1D3A9C4C84,3,"['Arena', 'San Fermo']",Santa Anastasia,"['AMO', 'Museo Conte', 'Palazzo della Ragione', 'Teatro Romano', 'Centro Fotografia']",Casa Giulietta,strategy_nearest,False,0.0038862228393554688,success
048C233A9C4C84,3,"['Arena', 'Castelvecchio']",Giardino Giusti,"['Santa Anastasia', 'Teatro Romano', 'Museo Conte', 'Centro Fotografia', 'Museo Storia']",Teatro Romano,strategy_nearest,True,0.0027320384979248047,success
048C1E429C4C84,3,"['Teatro Romano', 'Santa Anastasia']",Torre Lamberti,"['Sighseeing', 'Centro Fotografia', 'Museo Conte', 'Casa Giulietta', 'Palazzo della Ragione']",San Zeno,strategy_nearest,False,0.0035212039947509766,success
048C374A9C4C80,3,"['Casa Giulietta', 'Santa Anastasia', 'Arena']",Tomba Giulietta,"['San Fermo', 'Museo Storia', 'Museo Lapidario', 'Museo Radio', 'Verona Tour']",Castelvecchio,strategy_nearest,False,0.0023279190063476562,success
048C364A9C4C80,3,"['Arena', 'Casa Giulietta']",Santa Anastasia,"['AMO', 'Museo Conte', 'Palazzo della Ragione', 'Teatro Romano', 'Centro Fotografia']",Torre Lamberti,strategy_nearest,False,0.003785848617553711,success
048C323A9C4C80,2,['Teatro Romano'],Santa Anastasia,"['AMO', 'Museo Conte', 'Palazzo della Ragione', 'Centro Fotografia', 'Duomo']",Torre Lamberti,strategy_nearest,False,0.0024743080139160156,success
048C3C3A9C4C80,3,"['Casa Giulietta', 'Torre Lamberti', 'Santa Anastasia']",Museo Storia,"['San Fermo', 'Museo Radio', 'Centro Fotografia', 'Tomba Giulietta', 'Arena']",Tomba Giulietta,strategy_nearest,True,0.002882242202758789,success
048C513A9C4C80,3,"['Arena', 'Torre Lamberti']",Santa Anastasia,"['AMO', 'Museo Conte', 'Palazzo della Ragione', 'Teatro Romano', 'Centro Fotografia']",Casa Giulietta,strategy_nearest,False,0.002104043960571289,success
048C4B3A9C4C80,3,"['Arena', 'Castelvecchio']",Casa Giulietta,"['Centro Fotografia', 'Sighseeing', 'Torre Lamberti', 'Museo Conte', 'Museo Radio']",Santa Anastasia,strategy_nearest,False,0.003442049026489258,success
048C40429C4C80,0,['Arena'],Casa Giulietta,"['Centro Fotografia', 'Sighseeing', 'Torre Lamberti', 'Museo Conte', 'Museo Radio']",Torre Lamberti,strategy_nearest,True,0.0030777454376220703,success
048C4C3A9C4C80,3,"['Arena', 'Torre Lamberti']",Casa Giulietta,"['Centro Fotografia', 'Sighseeing', 'Museo Conte', 'Museo Radio', 'Palazzo della Ragione']",Santa Anastasia,strategy_nearest,False,0.002798795700073242,success
048C583A9C4C80,3,['Arena'],Casa Giulietta,"['Centro Fotografia', 'Sighseeing', 'Torre Lamberti', 'Museo Conte', 'Museo Radio']",Torre Lamberti,strategy_nearest,True,0.0035212039947509766,success
048C7A429C4C80,3,"['Casa Giulietta', 'Torre Lamberti', 'Santa Anastasia']",Duomo,"['AMO', 'Museo Miniscalchi', 'Teatro Romano', 'Palazzo della Ragione', 'Museo Conte']",Teatro Romano,strategy_nearest,True,0.0014541149139404297,success
048C683A9C4C80,0,['Arena'],Casa Giulietta,"['Centro Fotografia', 'Sighseeing', 'Torre Lamberti', 'Museo Conte', 'Museo Radio']",Castelvecchio,strategy_nearest,False,0.0028700828552246094,success
048C7E3A9C4C80,0,['Arena'],Casa Giulietta,"['Centro Fotografia', 'Sighseeing', 'Torre Lamberti', 'Museo Conte', 'Museo Radio']",Duomo,strategy_nearest,False,0.003339052200317383,success
048C824A9C4C80,0,"['San Fermo', 'Casa Giulietta']",Castelvecchio,"['Museo Lapidario', 'Verona Tour', 'Arena', 'Museo Radio', 'San Zeno']",Arena,strategy_nearest,True,0.0026319026947021484,success
048C834A9C4C80,3,"['Arena', 'Casa Giulietta']",Santa Anastasia,"['AMO', 'Museo Conte', 'Palazzo della Ragione', 'Teatro Romano', 'Centro Fotografia']",Teatro Romano,strategy_nearest,True,0.0032989978790283203,success
048C7F3A9C4C80,0,['Arena'],Casa Giulietta,"['Centro Fotografia', 'Sighseeing', 'Torre Lamberti', 'Museo Conte', 'Museo Radio']",Torre Lamberti,strategy_nearest,True,0.002772092819213867,success
048C823A9C4C80,0,"['Arena', 'Casa Giulietta']",Teatro Romano,"['Santa Anastasia', 'Duomo', 'AMO', 'Palazzo della Ragione', 'Museo Conte']",Castelvecchio,strategy_nearest,False,0.002167940139770508,success
048C84429C4C80,3,"['Arena', 'Torre Lamberti']",Santa Anastasia,"['AMO', 'Museo Conte', 'Palazzo della Ragione', 'Teatro Romano', 'Centro Fotografia']",Teatro Romano,strategy_nearest,True,0.0016679763793945312,success
048C85429C4C80,2,['Casa Giulietta'],Castelvecchio,"['Museo Lapidario', 'Verona Tour', 'Arena', 'Museo Radio', 'San Zeno']",Torre Lamberti,strategy_nearest,False,0.002172231674194336,success
048C8C4A9C4C80,2,"['Teatro Romano', 'Duomo']",Casa Giulietta,"['Centro Fotografia', 'Sighseeing', 'Torre Lamberti', 'Museo Conte', 'Museo Radio']",Torre Lamberti,strategy_nearest,True,0.0034329891204833984,success
048C91429C4C80,3,"['San Fermo', 'Casa Giulietta', 'Torre Lamberti']",Duomo,"['AMO', 'Museo Miniscalchi', 'Santa Anastasia', 'Teatro Romano', 'Palazzo della Ragione']",Santa Anastasia,strategy_nearest,True,0.0027360916137695312,success
048C914A9C4C80,0,['Arena'],Castelvecchio,"['Museo Lapidario', 'Verona Tour', 'Museo Radio', 'San Zeno', 'Sighseeing']",Torre Lamberti,strategy_nearest,False,0.0030999183654785156,success
048CAA3A9C4C80,2,"['Casa Giulietta', 'Torre Lamberti', 'Palazzo della Ragione']",Castelvecchio,"['Museo Lapidario', 'Verona Tour', 'Arena', 'Museo Radio', 'San Zeno']",Santa Anastasia,strategy_nearest,False,0.0026559829711914062,success
048CA8429C4C80,3,['Santa Anastasia'],Duomo,"['AMO', 'Museo Miniscalchi', 'Teatro Romano', 'Palazzo della Ragione', 'Museo Conte']",Arena,strategy_nearest,False,0.0035958290100097656,success
048C9B4A9C4C80,2,['Castelvecchio'],Casa Giulietta,"['Centro Fotografia', 'Sighseeing', 'Torre Lamberti', 'Museo Conte', 'Museo Radio']",Torre Lamberti,strategy_nearest,True,0.0023260116577148438,success
048CD03A9C4C80,0,['Arena'],Casa Giulietta,"['Centro Fotografia', 'Sighseeing', 'Torre Lamberti', 'Museo Conte', 'Museo Radio']",Torre Lamberti,strategy_nearest,True,0.0033538341522216797,success
048CD23A9C4C80,0,['Arena'],Castelvecchio,"['Museo Lapidario', 'Verona Tour', 'Museo Radio', 'San Zeno', 'Sighseeing']",Giardino Giusti,strategy_nearest,False,0.0024671554565429688,success
048CF1429C4C80,3,"['San Fermo', 'Santa Anastasia', 'Duomo']",Arena,"['Verona Tour', 'Museo Lapidario', 'Museo Radio', 'Casa Giulietta', 'Sighseeing']",Castelvecchio,strategy_nearest,False,0.0036230087280273438,success
048CF33A9C4C80,0,['Arena'],Casa Giulietta,"['Centro Fotografia', 'Sighseeing', 'Torre Lamberti', 'Museo Conte', 'Museo Radio']",Santa Anastasia,strategy_nearest,False,0.0024950504302978516,success
048CF9429C4C80,0,"['Arena', 'Museo Lapidario']",Torre Lamberti,"['Sighseeing', 'Centro Fotografia', 'Museo Conte', 'Casa Giulietta', 'Palazzo della Ragione']",Casa Giulietta,strategy_nearest,True,0.003426790237426758,success
048CF73A9C4C80,0,['Arena'],Castelvecchio,"['Museo Lapidario', 'Verona Tour', 'Museo Radio', 'San Zeno', 'Sighseeing']",Casa Giulietta,strategy_nearest,False,0.00350189208984375,success
048CFA429C4C80,0,['Arena'],Casa Giulietta,"['Centro Fotografia', 'Sighseeing', 'Torre Lamberti', 'Museo Conte', 'Museo Radio']",Torre Lamberti,strategy_nearest,True,0.0024929046630859375,success
048CFF3A9C4C80,3,"['Arena', 'Museo Lapidario', 'Castelvecchio']",Duomo,"['AMO', 'Museo Miniscalchi', 'Santa Anastasia', 'Teatro Romano', 'Palazzo della Ragione']",Santa Anastasia,strategy_nearest,True,0.003119945526123047,success
048D083A9C4C84,3,"['Arena', 'Casa Giulietta']",Santa Anastasia,"['AMO', 'Museo Conte', 'Palazzo della Ragione', 'Teatro Romano', 'Centro Fotografia']",Teatro Romano,strategy_nearest,True,0.0022377967834472656,success
048D14429C4C84,3,"['Arena', 'Santa Anastasia']",Duomo,"['AMO', 'Museo Miniscalchi', 'Teatro Romano', 'Palazzo della Ragione', 'Museo Conte']",Castelvecchio,strategy_nearest,False,0.002061128616333008,success
048D14429C4C80,0,['Arena'],Casa Giulietta,"['Centro Fotografia', 'Sighseeing', 'Torre Lamberti', 'Museo Conte', 'Museo Radio']",Torre Lamberti,strategy_nearest,True,0.0027709007263183594,success
048D0F429C4C84,0,"['Casa Giulietta', 'Arena']",Castelvecchio,"['Museo Lapidario', 'Verona Tour', 'Museo Radio', 'San Zeno', 'Sighseeing']",Teatro Romano,strategy_nearest,False,0.0036449432373046875,success
048D15429C4C80,0,['Arena'],Casa Giulietta,"['Centro Fotografia', 'Sighseeing', 'Torre Lamberti', 'Museo Conte', 'Museo Radio']",Torre Lamberti,strategy_nearest,True,0.002880096435546875,success
048D193A9C4C84,3,"['Arena', 'Casa Giulietta']",Santa Anastasia,"['AMO', 'Museo Conte', 'Palazzo della Ragione', 'Teatro Romano', 'Centro Fotografia']",Duomo,strategy_nearest,False,0.002290964126586914,success
048D1E429C4C84,3,"['Castelvecchio', 'San Fermo', 'Casa Giulietta', 'Torre Lamberti']",Santa Anastasia,"['AMO', 'Museo Conte', 'Palazzo della Ragione', 'Teatro Romano', 'Centro Fotografia']",Duomo,strategy_nearest,False,0.002463817596435547,success
048D1E4A9C4C80,3,"['Arena', 'Torre Lamberti']",Teatro Romano,"['Santa Anastasia', 'Duomo', 'AMO', 'Palazzo della Ragione', 'Museo Conte']",Santa Anastasia,strategy_nearest,True,0.002443075180053711,success
048D204A9C4C80,1,['Casa Giulietta'],Arena,"['Verona Tour', 'Museo Lapidario', 'Museo Radio', 'San Fermo', 'Sighseeing']",Palazzo della Ragione,strategy_nearest,False,0.0032460689544677734,success
048D2E429C4C80,0,['Arena'],Casa Giulietta,"['Centro Fotografia', 'Sighseeing', 'Torre Lamberti', 'Museo Conte', 'Museo Radio']",Santa Anastasia,strategy_nearest,False,0.002112150192260742,success
048D233A9C4C80,0,"['Tomba Giulietta', 'Arena']",Casa Giulietta,"['Centro Fotografia', 'Sighseeing', 'Torre Lamberti', 'Museo Conte', 'Museo Radio']",Torre Lamberti,strategy_nearest,True,0.0035910606384277344,success
048D243A9C4C84,3,['Arena'],Castelvecchio,"['Museo Lapidario', 'Verona Tour', 'Museo Radio', 'San Zeno', 'Sighseeing']",Santa Anastasia,strategy_nearest,False,0.003426074981689453,success
048D2F3A9C4C80,3,"['Arena', 'Museo Lapidario', 'Castelvecchio']",Torre Lamberti,"['Sighseeing', 'Centro Fotografia', 'Museo Conte', 'Casa Giulietta', 'Palazzo della Ragione']",Casa Giulietta,strategy_nearest,True,0.0034728050231933594,success
048D33429C4C80,3,"['Arena', 'San Fermo']",Santa Anastasia,"['AMO', 'Museo Conte', 'Palazzo della Ragione', 'Teatro Romano', 'Centro Fotografia']",Duomo,strategy_nearest,False,0.0024487972259521484,success
048D3B429C4C80,3,"['Castelvecchio', 'San Zeno', 'Casa Giulietta']",Santa Anastasia,"['AMO', 'Museo Conte', 'Palazzo della Ragione', 'Teatro Romano', 'Centro Fotografia']",Teatro Romano,strategy_nearest,True,0.0024690628051757812,success
048D4C3A9C4C80,3,"['Arena', 'Duomo']",Santa Anastasia,"['AMO', 'Museo Conte', 'Palazzo della Ragione', 'Teatro Romano', 'Centro Fotografia']",Casa Giulietta,strategy_nearest,False,0.0030498504638671875,success
048D3C3A9C4C80,3,"['Torre Lamberti', 'Duomo', 'Santa Anastasia']",Arena,"['Verona Tour', 'Museo Lapidario', 'Museo Radio', 'San Fermo', 'Casa Giulietta']",Museo Lapidario,strategy_nearest,True,0.0033690929412841797,success
048D563A9C4C80,0,"['Arena', 'Torre Lamberti']",Duomo,"['AMO', 'Museo Miniscalchi', 'Santa Anastasia', 'Teatro Romano', 'Palazzo della Ragione']",Casa Giulietta,strategy_nearest,False,0.0034248828887939453,success
048D67429C4C80,1,"['Arena', 'Casa Giulietta']",Palazzo della Ragione,"['AMO', 'Museo Conte', 'Torre Lamberti', 'Centro Fotografia', 'Sighseeing']",Torre Lamberti,strategy_nearest,True,0.002404928207397461,success
048D733A9C4C80,0,"['Arena', 'Torre Lamberti']",Casa Giulietta,"['Centro Fotografia', 'Sighseeing', 'Museo Conte', 'Museo Radio', 'Palazzo della Ragione']",Duomo,strategy_nearest,False,0.003264904022216797,success
048D71429C4C80,0,['Arena'],San Fermo,"['Museo Storia', 'Museo Radio', 'Casa Giulietta', 'Centro Fotografia', 'Sighseeing']",Teatro Romano,strategy_nearest,False,0.0027031898498535156,success
048D7A4A9C4C80,0,"['Duomo', 'Torre Lamberti']",Casa Giulietta,"['Centro Fotografia', 'Sighseeing', 'Museo Conte', 'Museo Radio', 'Palazzo della Ragione']",Arena,strategy_nearest,False,0.002193927764892578,success
048D794A9C4C80,0,['Arena'],Casa Giulietta,"['Centro Fotografia', 'Sighseeing', 'Torre Lamberti', 'Museo Conte', 'Museo Radio']",Duomo,strategy_nearest,False,0.003467082977294922,success
048D7B429C4C80,0,"['Arena', 'Casa Giulietta']",Torre Lamberti,"['Sighseeing', 'Centro Fotografia', 'Museo Conte', 'Palazzo della Ragione', 'AMO']",Castelvecchio,strategy_nearest,False,0.003371000289916992,success
048D7F429C4C80,3,"['San Zeno', 'Casa Giulietta']",Arena,"['Verona Tour', 'Museo Lapidario', 'Museo Radio', 'San Fermo', 'Sighseeing']",Santa Anastasia,strategy_nearest,False,0.0026428699493408203,success
048D8C3A9C4C80,3,"['Arena', 'Castelvecchio']",Duomo,"['AMO', 'Museo Miniscalchi', 'Santa Anastasia', 'Teatro Romano', 'Palazzo della Ragione']",Teatro Romano,strategy_nearest,True,0.002557992935180664,success
048D8F429C4C80,0,['Torre Lamberti'],Casa Giulietta,"['Centro Fotografia', 'Sighseeing', 'Museo Conte', 'Museo Radio', 'Palazzo della Ragione']",Arena,strategy_nearest,False,0.0013320446014404297,success
048D85429C4C80,3,['Casa Giulietta'],Torre Lamberti,"['Sighseeing', 'Centro Fotografia', 'Museo Conte', 'Palazzo della Ragione', 'AMO']",Santa Anastasia,strategy_nearest,False,0.003259897232055664,success
048D914A9C4C80,3,"['Arena', 'Torre Lamberti']",Santa Anastasia,"['AMO', 'Museo Conte', 'Palazzo della Ragione', 'Teatro Romano', 'Centro Fotografia']",Duomo,strategy_nearest,False,0.003248929977416992,success
048D94429C4C80,2,"['Casa Giulietta', 'Duomo']",Santa Anastasia,"['AMO', 'Museo Conte', 'Palazzo della Ragione', 'Teatro Romano', 'Centro Fotografia']",San Fermo,strategy_nearest,False,0.00345611572265625,success
048D974A9C4C80,3,['Teatro Romano'],Duomo,"['AMO', 'Museo Miniscalchi', 'Santa Anastasia', 'Palazzo della Ragione', 'Museo Conte']",Santa Anastasia,strategy_nearest,True,0.002781391143798828,success
048D994A9C4C80,0,"['Arena', 'Castelvecchio']",Torre Lamberti,"['Sighseeing', 'Centro Fotografia', 'Museo Conte', 'Casa Giulietta', 'Palazzo della Ragione']",Casa Giulietta,strategy_nearest,True,0.002064228057861328,success
048D9E429C4C80,0,['Castelvecchio'],Casa Giulietta,"['Centro Fotografia', 'Sighseeing', 'Torre Lamberti', 'Museo Conte', 'Museo Radio']",Arena,strategy_nearest,False,0.002882242202758789,success
048D9F429C4C80,0,['Arena'],San Zeno,"['Castelvecchio', 'Verona Tour', 'Museo Lapidario', 'Museo Miniscalchi', 'Sighseeing']",Castelvecchio,strategy_nearest,True,0.0020170211791992188,success
048DA14A9C4C80,3,"['Arena', 'Castelvecchio']",Duomo,"['AMO', 'Museo Miniscalchi', 'Santa Anastasia', 'Teatro Romano', 'Palazzo della Ragione']",Santa Anastasia,strategy_nearest,True,0.002597332000732422,success
048DA64A9C4C80,0,"['Arena', 'Museo Lapidario']",Torre Lamberti,"['Sighseeing', 'Centro Fotografia', 'Museo Conte', 'Casa Giulietta', 'Palazzo della Ragione']",Casa Giulietta,strategy_nearest,True,0.0031812191009521484,success
048DAE3A9C4C80,3,"['San Fermo', 'Museo Storia']",Santa Anastasia,"['AMO', 'Museo Conte', 'Palazzo della Ragione', 'Teatro Romano', 'Centro Fotografia']",Duomo,strategy_nearest,False,0.002131938934326172,success
048DAD3A9C4C80,0,['Torre Lamberti'],Arena,"['Verona Tour', 'Museo Lapidario', 'Museo Radio', 'San Fermo', 'Casa Giulietta']",Duomo,strategy_nearest,False,0.0028350353240966797,success
048DB03A9C4C80,1,"['Arena', 'Teatro Romano']",Santa Anastasia,"['AMO', 'Museo Conte', 'Palazzo della Ragione', 'Centro Fotografia', 'Duomo']",Torre Lamberti,strategy_nearest,False,0.0032241344451904297,success
048DB33A9C4C80,3,"['Duomo', 'Teatro Romano']",Castelvecchio,"['Museo Lapidario', 'Verona Tour', 'Arena', 'Museo Radio', 'San Zeno']",San Zeno,strategy_nearest,True,0.0026040077209472656,success
048DB4429C4C80,0,"['Arena', 'Casa Giulietta']",Tomba Giulietta,"['San Fermo', 'Museo Storia', 'Museo Lapidario', 'Museo Radio', 'Verona Tour']",Castelvecchio,strategy_nearest,False,0.0016751289367675781,success
048DBB3A9C4C80,0,['Castelvecchio'],Arena,"['Verona Tour', 'Museo Lapidario', 'Museo Radio', 'San Fermo', 'Casa Giulietta']",Casa Giulietta,strategy_nearest,True,0.0022308826446533203,success
048DBD3A9C4C80,0,['Arena'],Tomba Giulietta,"['San Fermo', 'Museo Storia', 'Museo Lapidario', 'Museo Radio', 'Verona Tour']",San Fermo,strategy_nearest,True,0.0028166770935058594,success
048DD03A9C4C80,0,['Arena'],Casa Giulietta,"['Centro Fotografia', 'Sighseeing', 'Torre Lamberti', 'Museo Conte', 'Museo Radio']",Teatro Romano,strategy_nearest,False,0.0034677982330322266,success
048DD1429C4C80,0,['Teatro Romano'],Torre Lamberti,"['Sighseeing', 'Centro Fotografia', 'Museo Conte', 'Casa Giulietta', 'Palazzo della Ragione']",Casa Giulietta,strategy_nearest,True,0.0019099712371826172,success
048DD73A9C4C80,0,['Arena'],Casa Giulietta,"['Centro Fotografia', 'Sighseeing', 'Torre Lamberti', 'Museo Conte', 'Museo Radio']",Duomo,strategy_nearest,False,0.002650022506713867,success
048DE23A9C4C80,3,"['Teatro Romano', 'Castelvecchio', 'Santa Anastasia', 'Duomo']",Torre Lamberti,"['Sighseeing', 'Centro Fotografia', 'Museo Conte', 'Casa Giulietta', 'Palazzo della Ragione']",San Fermo,strategy_nearest,False,0.0023779869079589844,success
048DFA3A9C4C80,0,"['Castelvecchio', 'Museo Lapidario', 'Tomba Giulietta']",Museo Storia,"['San Fermo', 'Museo Radio', 'Casa Giulietta', 'Centro Fotografia', 'Arena']",Arena,strategy_nearest,True,0.0022552013397216797,success
048E03429C4C84,3,"['Arena', 'Torre Lamberti', 'Casa Giulietta', 'Duomo']",Museo Lapidario,"['Verona Tour', 'Castelvecchio', 'Museo Radio', 'San Fermo', 'Tomba Giulietta']",Castelvecchio,strategy_nearest,True,0.0016868114471435547,success
048E0E429C4C84,0,['Arena'],Casa Giulietta,"['Centro Fotografia', 'Sighseeing', 'Torre Lamberti', 'Museo Conte', 'Museo Radio']",Torre Lamberti,strategy_nearest,True,0.0023529529571533203,success
048E0B3A9C4C84,2,"['Casa Giulietta', 'Torre Lamberti', 'Santa Anastasia']",Duomo,"['AMO', 'Museo Miniscalchi', 'Teatro Romano', 'Palazzo della Ragione', 'Museo Conte']",Teatro Romano,strategy_nearest,True,0.002590179443359375,success
048E13429C4C80,1,"['Casa Giulietta', 'Palazzo della Ragione', 'Torre Lamberti']",Santa Anastasia,"['AMO', 'Museo Conte', 'Teatro Romano', 'Centro Fotografia', 'Duomo']",Duomo,strategy_nearest,True,0.003139019012451172,success
048E123A9C4C80,2,"['Castelvecchio', 'Casa Giulietta']",Santa Anastasia,"['AMO', 'Museo Conte', 'Palazzo della Ragione', 'Teatro Romano', 'Centro Fotografia']",Duomo,strategy_nearest,False,0.0033822059631347656,success
048E12429C4C80,3,"['Casa Giulietta', 'Torre Lamberti', 'Santa Anastasia']",Arena,"['Verona Tour', 'Museo Lapidario', 'Museo Radio', 'San Fermo', 'Sighseeing']",Castelvecchio,strategy_nearest,False,0.002567768096923828,success
048E12429C4C84,3,"['Castelvecchio', 'Arena', 'Torre Lamberti']",Casa Giulietta,"['Centro Fotografia', 'Sighseeing', 'Museo Conte', 'Museo Radio', 'Palazzo della Ragione']",Santa Anastasia,strategy_nearest,False,0.0026340484619140625,success
048E20429C4C80,0,['Arena'],Torre Lamberti,"['Sighseeing', 'Centro Fotografia', 'Museo Conte', 'Casa Giulietta', 'Palazzo della Ragione']",Casa Giulietta,strategy_nearest,True,0.0022819042205810547,success
048E243A9C4C84,0,"['Arena', 'Castelvecchio']",Torre Lamberti,"['Sighseeing', 'Centro Fotografia', 'Museo Conte', 'Casa Giulietta', 'Palazzo della Ragione']",Casa Giulietta,strategy_nearest,True,0.0028557777404785156,success
048E194A9C4C80,1,"['Arena', 'Museo Lapidario', 'Castelvecchio']",Casa Giulietta,"['Centro Fotografia', 'Sighseeing', 'Torre Lamberti', 'Museo Conte', 'Museo Radio']",Palazzo della Ragione,strategy_nearest,False,0.0036449432373046875,success
048E1E4A9C4C80,0,['Casa Giulietta'],Arena,"['Verona Tour', 'Museo Lapidario', 'Museo Radio', 'San Fermo', 'Sighseeing']",Teatro Romano,strategy_nearest,False,0.001837015151977539,success
048E264A9C4C80,0,"['Casa Giulietta', 'Torre Lamberti']",Castelvecchio,"['Museo Lapidario', 'Verona Tour', 'Arena', 'Museo Radio', 'San Zeno']",Giardino Giusti,strategy_nearest,False,0.001596212387084961,success
048E37429C4C80,3,"['Duomo', 'Torre Lamberti']",Casa Giulietta,"['Centro Fotografia', 'Sighseeing', 'Museo Conte', 'Museo Radio', 'Palazzo della Ragione']",Arena,strategy_nearest,False,0.0020139217376708984,success
048E303A9C4C80,3,"['Arena', 'Casa Giulietta']",Torre Lamberti,"['Sighseeing', 'Centro Fotografia', 'Museo Conte', 'Palazzo della Ragione', 'AMO']",Santa Anastasia,strategy_nearest,False,0.0035419464111328125,success
048E26429C4C84,3,"['Arena', 'Casa Giulietta']",Santa Anastasia,"['AMO', 'Museo Conte', 'Palazzo della Ragione', 'Teatro Romano', 'Centro Fotografia']",Duomo,strategy_nearest,False,0.0029387474060058594,success
048E47429C4C80,3,"['San Fermo', 'Museo Storia', 'Tomba Giulietta']",Casa Giulietta,"['Centro Fotografia', 'Sighseeing', 'Torre Lamberti', 'Museo Conte', 'Museo Radio']",Santa Anastasia,strategy_nearest,False,0.0021948814392089844,success
048E374A9C4C80,1,"['Castelvecchio', 'Santa Anastasia', 'Duomo']",Casa Giulietta,"['Centro Fotografia', 'Sighseeing', 'Torre Lamberti', 'Museo Conte', 'Museo Radio']",Torre Lamberti,strategy_nearest,True,0.0043261051177978516,success
048E4B3A9C4C80,3,"['Arena', 'Casa Giulietta']",Torre Lamberti,"['Sighseeing', 'Centro Fotografia', 'Museo Conte', 'Palazzo della Ragione', 'AMO']",Santa Anastasia,strategy_nearest,False,0.003061056137084961,success
048E45429C4C80,2,['Casa Giulietta'],Castelvecchio,"['Museo Lapidario', 'Verona Tour', 'Arena', 'Museo Radio', 'San Zeno']",Tomba Giulietta,strategy_nearest,False,0.002902984619140625,success
048E56429C4C80,1,"['Casa Giulietta', 'Arena']",Museo Lapidario,"['Verona Tour', 'Castelvecchio', 'Museo Radio', 'San Fermo', 'Tomba Giulietta']",Torre Lamberti,strategy_nearest,False,0.0018401145935058594,success
048E563A9C4C80,2,['Casa Giulietta'],Torre Lamberti,"['Sighseeing', 'Centro Fotografia', 'Museo Conte', 'Palazzo della Ragione', 'AMO']",Teatro Romano,strategy_nearest,False,0.002874135971069336,success
048E71429C4C80,0,['Casa Giulietta'],Arena,"['Verona Tour', 'Museo Lapidario', 'Museo Radio', 'San Fermo', 'Sighseeing']",Torre Lamberti,strategy_nearest,False,0.0027091503143310547,success
048E583A9C4C80,3,['Arena'],Torre Lamberti,"['Sighseeing', 'Centro Fotografia', 'Museo Conte', 'Casa Giulietta', 'Palazzo della Ragione']",Santa Anastasia,strategy_nearest,False,0.003538846969604492,success
048E7B429C4C80,2,['Castelvecchio'],Santa Anastasia,"['AMO', 'Museo Conte', 'Palazzo della Ragione', 'Teatro Romano', 'Centro Fotografia']",Duomo,strategy_nearest,False,0.0027000904083251953,success
048E7B3A9C4C80,2,['Torre Lamberti'],Santa Anastasia,"['AMO', 'Museo Conte', 'Palazzo della Ragione', 'Teatro Romano', 'Centro Fotografia']",Duomo,strategy_nearest,False,0.0028839111328125,success
048E7A4A9C4C80,3,['Torre Lamberti'],Santa Anastasia,"['AMO', 'Museo Conte', 'Palazzo della Ragione', 'Teatro Romano', 'Centro Fotografia']",Casa Giulietta,strategy_nearest,False,0.0021698474884033203,success
048E7D429C4C80,3,['Arena'],Torre Lamberti,"['Sighseeing', 'Centro Fotografia', 'Museo Conte', 'Casa Giulietta', 'Palazzo della Ragione']",Santa Anastasia,strategy_nearest,False,0.003384113311767578,success
048E843A9C4C80,0,['Arena'],Casa Giulietta,"['Centro Fotografia', 'Sighseeing', 'Torre Lamberti', 'Museo Conte', 'Museo Radio']",Torre Lamberti,strategy_nearest,True,0.0016138553619384766,success
048E87429C4C80,2,['Duomo'],Torre Lamberti,"['Sighseeing', 'Centro Fotografia', 'Museo Conte', 'Casa Giulietta', 'Palazzo della Ragione']",Teatro Romano,strategy_nearest,False,0.0025179386138916016,success
048E9F4A9C4C80,3,"['Casa Giulietta', 'Arena']",Torre Lamberti,"['Sighseeing', 'Centro Fotografia', 'Museo Conte', 'Palazzo della Ragione', 'AMO']",Santa Anastasia,strategy_nearest,False,0.0014107227325439453,success
048E99429C4C80,3,"['Arena', 'Castelvecchio', 'Casa Giulietta']",Torre Lamberti,"['Sighseeing', 'Centro Fotografia', 'Museo Conte', 'Palazzo della Ragione', 'AMO']",Santa Anastasia,strategy_nearest,False,0.003422975540161133,success
048E9B4A9C4C80,3,"['Arena', 'Casa Giulietta']",Torre Lamberti,"['Sighseeing', 'Centro Fotografia', 'Museo Conte', 'Palazzo della Ragione', 'AMO']",Castelvecchio,strategy_nearest,False,0.0027408599853515625,success
048E88429C4C80,3,"['Arena', 'Santa Anastasia']",Duomo,"['AMO', 'Museo Miniscalchi', 'Teatro Romano', 'Palazzo della Ragione', 'Museo Conte']",Teatro Romano,strategy_nearest,True,0.004950046539306641,success
048EA93A9C4C80,0,['Arena'],Casa Giulietta,"['Centro Fotografia', 'Sighseeing', 'Torre Lamberti', 'Museo Conte', 'Museo Radio']",Torre Lamberti,strategy_nearest,True,0.003371000289916992,success
048EAA3A9C4C80,0,['Arena'],Casa Giulietta,"['Centro Fotografia', 'Sighseeing', 'Torre Lamberti', 'Museo Conte', 'Museo Radio']",Santa Anastasia,strategy_nearest,False,0.0032160282135009766,success
048EA94A9C4C80,3,"['Arena', 'Castelvecchio']",Castelvecchio,"['Museo Lapidario', 'Verona Tour', 'Museo Radio', 'San Zeno', 'Sighseeing']",Santa Anastasia,strategy_nearest,False,0.002318143844604492,success
048EB6429C4C80,3,"['Duomo', 'Arena']",Casa Giulietta,"['Centro Fotografia', 'Sighseeing', 'Torre Lamberti', 'Museo Conte', 'Museo Radio']",Torre Lamberti,strategy_nearest,True,0.001852273941040039,success
048EB83A9C4C80,0,['Casa Giulietta'],Teatro Romano,"['Santa Anastasia', 'Duomo', 'AMO', 'Palazzo della Ragione', 'Museo Conte']",Arena,strategy_nearest,False,0.0024738311767578125,success
048EB43A9C4C80,0,['Arena'],Casa Giulietta,"['Centro Fotografia', 'Sighseeing', 'Torre Lamberti', 'Museo Conte', 'Museo Radio']",Duomo,strategy_nearest,False,0.0026171207427978516,success
048EC13A9C4C80,0,['Arena'],San Zeno,"['Castelvecchio', 'Verona Tour', 'Museo Lapidario', 'Museo Miniscalchi', 'Sighseeing']",Casa Giulietta,strategy_nearest,False,0.002428770065307617,success
048EBA3A9C4C80,0,['Arena'],Duomo,"['AMO', 'Museo Miniscalchi', 'Santa Anastasia', 'Teatro Romano', 'Palazzo della Ragione']",Castelvecchio,strategy_nearest,False,0.0028879642486572266,success
048ED23A9C4C80,0,['Arena'],Casa Giulietta,"['Centro Fotografia', 'Sighseeing', 'Torre Lamberti', 'Museo Conte', 'Museo Radio']",Castelvecchio,strategy_nearest,False,0.0030698776245117188,success
048EF1429C4C80,0,['Arena'],Torre Lamberti,"['Sighseeing', 'Centro Fotografia', 'Museo Conte', 'Casa Giulietta', 'Palazzo della Ragione']",Casa Giulietta,strategy_nearest,True,0.002692699432373047,success
048EFA429C4C80,0,['Arena'],San Fermo,"['Museo Storia', 'Museo Radio', 'Casa Giulietta', 'Centro Fotografia', 'Sighseeing']",Casa Giulietta,strategy_nearest,True,0.0032601356506347656,success
048EE2429C4C80,0,"['Arena', 'Castelvecchio']",Casa Giulietta,"['Centro Fotografia', 'Sighseeing', 'Torre Lamberti', 'Museo Conte', 'Museo Radio']",Torre Lamberti,strategy_nearest,True,0.003196239471435547,success
048F093A9C4C84,3,['Arena'],Torre Lamberti,"['Sighseeing', 'Centro Fotografia', 'Museo Conte', 'Casa Giulietta', 'Palazzo della Ragione']",Santa Anastasia,strategy_nearest,False,0.0012631416320800781,success
048EFF3A9C4C80,0,['Arena'],Castelvecchio,"['Museo Lapidario', 'Verona Tour', 'Museo Radio', 'San Zeno', 'Sighseeing']",Casa Giulietta,strategy_nearest,False,0.0028052330017089844,success
048EFE3A9C4C80,3,"['Arena', 'Casa Giulietta']",Teatro Romano,"['Santa Anastasia', 'Duomo', 'AMO', 'Palazzo della Ragione', 'Museo Conte']",Duomo,strategy_nearest,True,0.004131793975830078,success
048F0C429C4C84,3,"['Arena', 'San Fermo', 'Casa Giulietta']",Torre Lamberti,"['Sighseeing', 'Centro Fotografia', 'Museo Conte', 'Palazzo della Ragione', 'AMO']",Santa Anastasia,strategy_nearest,False,0.0033609867095947266,success
048F133A9C4C84,0,['Arena'],Torre Lamberti,"['Sighseeing', 'Centro Fotografia', 'Museo Conte', 'Casa Giulietta', 'Palazzo della Ragione']",Castelvecchio,strategy_nearest,False,0.002804279327392578,success
048F0F3A9C4C84,0,['Arena'],Castelvecchio,"['Museo Lapidario', 'Verona Tour', 'Museo Radio', 'San Zeno', 'Sighseeing']",San Zeno,strategy_nearest,True,0.0034668445587158203,success
048F0F429C4C84,2,['Santa Anastasia'],Casa Giulietta,"['Centro Fotografia', 'Sighseeing', 'Torre Lamberti', 'Museo Conte', 'Museo Radio']",Castelvecchio,strategy_nearest,False,0.0018129348754882812,success
048F10429C4C84,3,['Arena'],Torre Lamberti,"['Sighseeing', 'Centro Fotografia', 'Museo Conte', 'Casa Giulietta', 'Palazzo della Ragione']",Santa Anastasia,strategy_nearest,False,0.0036420822143554688,success
048F19429C4C80,0,['Arena'],Casa Giulietta,"['Centro Fotografia', 'Sighseeing', 'Torre Lamberti', 'Museo Conte', 'Museo Radio']",Castelvecchio,strategy_nearest,False,0.0021970272064208984,success
048F173A9C4C84,3,"['Arena', 'Casa Giulietta']",Santa Anastasia,"['AMO', 'Museo Conte', 'Palazzo della Ragione', 'Teatro Romano', 'Centro Fotografia']",Torre Lamberti,strategy_nearest,False,0.0030100345611572266,success
048F13429C4C84,3,"['Arena', 'Castelvecchio']",Duomo,"['AMO', 'Museo Miniscalchi', 'Santa Anastasia', 'Teatro Romano', 'Palazzo della Ragione']",Teatro Romano,strategy_nearest,True,0.003732919692993164,success
048F15429C4C80,3,"['Arena', 'Casa Giulietta']",Santa Anastasia,"['AMO', 'Museo Conte', 'Palazzo della Ragione', 'Teatro Romano', 'Centro Fotografia']",Duomo,strategy_nearest,False,0.0018169879913330078,success
048F21429C4C84,0,['Arena'],San Fermo,"['Museo Storia', 'Museo Radio', 'Casa Giulietta', 'Centro Fotografia', 'Sighseeing']",Torre Lamberti,strategy_nearest,False,0.0035369396209716797,success
048F22429C4C84,0,['Arena'],Castelvecchio,"['Museo Lapidario', 'Verona Tour', 'Museo Radio', 'San Zeno', 'Sighseeing']",Casa Giulietta,strategy_nearest,False,0.00215911865234375,success
048F20429C4C80,0,['Arena'],Castelvecchio,"['Museo Lapidario', 'Verona Tour', 'Museo Radio', 'San Zeno', 'Sighseeing']",Casa Giulietta,strategy_nearest,False,0.0023310184478759766,success
048F243A9C4C80,3,['Arena'],Casa Giulietta,"['Centro Fotografia', 'Sighseeing', 'Torre Lamberti', 'Museo Conte', 'Museo Radio']",Santa Anastasia,strategy_nearest,False,0.0032758712768554688,success
048F253A9C4C80,3,"['Arena', 'Casa Giulietta']",Duomo,"['AMO', 'Museo Miniscalchi', 'Santa Anastasia', 'Teatro Romano', 'Palazzo della Ragione']",Santa Anastasia,strategy_nearest,True,0.0014941692352294922,success
048F273A9C4C84,3,"['Arena', 'Casa Giulietta']",Torre Lamberti,"['Sighseeing', 'Centro Fotografia', 'Museo Conte', 'Palazzo della Ragione', 'AMO']",Castelvecchio,strategy_nearest,False,0.002696990966796875,success
048F263A9C4C84,0,"['Arena', 'Torre Lamberti']",Casa Giulietta,"['Centro Fotografia', 'Sighseeing', 'Museo Conte', 'Museo Radio', 'Palazzo della Ragione']",San Fermo,strategy_nearest,False,0.002240896224975586,success
048F244A9C4C80,2,"['Castelvecchio', 'San Zeno']",Teatro Romano,"['Santa Anastasia', 'Duomo', 'AMO', 'Palazzo della Ragione', 'Museo Conte']",Duomo,strategy_nearest,True,0.003650665283203125,success
048F3A3A9C4C80,3,"['Castelvecchio', 'Museo Lapidario', 'Arena', 'Casa Giulietta']",Torre Lamberti,"['Sighseeing', 'Centro Fotografia', 'Museo Conte', 'Palazzo della Ragione', 'AMO']",Santa Anastasia,strategy_nearest,False,0.001447916030883789,success
048F2E3A9C4C80,3,"['Casa Giulietta', 'Torre Lamberti', 'San Zeno', 'Castelvecchio']",Arena,"['Verona Tour', 'Museo Lapidario', 'Museo Radio', 'San Fermo', 'Sighseeing']",Santa Anastasia,strategy_nearest,False,0.002712726593017578,success
048F39429C4C80,0,['Arena'],Casa Giulietta,"['Centro Fotografia', 'Sighseeing', 'Torre Lamberti', 'Museo Conte', 'Museo Radio']",Santa Anastasia,strategy_nearest,False,0.0034868717193603516,success
048F3B429C4C80,3,"['Casa Giulietta', 'Arena', 'Santa Anastasia', 'Torre Lamberti']",Duomo,"['AMO', 'Museo Miniscalchi', 'Teatro Romano', 'Palazzo della Ragione', 'Museo Conte']",San Fermo,strategy_nearest,False,0.003390789031982422,success
048F3C3A9C4C80,3,"['Casa Giulietta', 'Torre Lamberti']",Santa Anastasia,"['AMO', 'Museo Conte', 'Palazzo della Ragione', 'Teatro Romano', 'Centro Fotografia']",Museo Storia,strategy_nearest,False,0.003007173538208008,success
048F493A9C4C80,3,"['Arena', 'Casa Giulietta']",Torre Lamberti,"['Sighseeing', 'Centro Fotografia', 'Museo Conte', 'Palazzo della Ragione', 'AMO']",Castelvecchio,strategy_nearest,False,0.002960205078125,success
048F503A9C4C80,3,"['Arena', 'Santa Anastasia']",Torre Lamberti,"['Sighseeing', 'Centro Fotografia', 'Museo Conte', 'Casa Giulietta', 'Palazzo della Ragione']",Casa Giulietta,strategy_nearest,True,0.0031490325927734375,success
048F723A9C4C80,3,['Arena'],Santa Anastasia,"['AMO', 'Museo Conte', 'Palazzo della Ragione', 'Teatro Romano', 'Centro Fotografia']",Duomo,strategy_nearest,False,0.004099845886230469,success
048F86429C4C80,3,"['Castelvecchio', 'Arena']",Duomo,"['AMO', 'Museo Miniscalchi', 'Santa Anastasia', 'Teatro Romano', 'Palazzo della Ragione']",Santa Anastasia,strategy_nearest,True,0.003108978271484375,success
048F7E3A9C4C80,0,['Arena'],Casa Giulietta,"['Centro Fotografia', 'Sighseeing', 'Torre Lamberti', 'Museo Conte', 'Museo Radio']",Torre Lamberti,strategy_nearest,True,0.0026650428771972656,success
048F7D429C4C80,3,"['Castelvecchio', 'Arena', 'Casa Giulietta']",Santa Anastasia,"['AMO', 'Museo Conte', 'Palazzo della Ragione', 'Teatro Romano', 'Centro Fotografia']",Duomo,strategy_nearest,False,0.0018801689147949219,success
048F8E4A9C4C80,0,['Arena'],Castelvecchio,"['Museo Lapidario', 'Verona Tour', 'Museo Radio', 'San Zeno', 'Sighseeing']",Casa Giulietta,strategy_nearest,False,0.0026862621307373047,success
048F8E3A9C4C80,3,"['Arena', 'Torre Lamberti']",Duomo,"['AMO', 'Museo Miniscalchi', 'Santa Anastasia', 'Teatro Romano', 'Palazzo della Ragione']",Casa Giulietta,strategy_nearest,False,0.002189159393310547,success
048F874A9C4C80,1,"['Arena', 'Torre Lamberti']",Palazzo della Ragione,"['AMO', 'Museo Conte', 'Centro Fotografia', 'Sighseeing', 'Santa Anastasia']",Duomo,strategy_nearest,False,0.002946138381958008,success
048F8C3A9C4C80,1,"['Arena', 'Palazzo della Ragione', 'Torre Lamberti']",Teatro Romano,"['Santa Anastasia', 'Duomo', 'AMO', 'Museo Conte', 'Centro Fotografia']",Duomo,strategy_nearest,True,0.003487110137939453,success
048F9C429C4C80,3,['Castelvecchio'],Arena,"['Verona Tour', 'Museo Lapidario', 'Museo Radio', 'San Fermo', 'Casa Giulietta']",Santa Anastasia,strategy_nearest,False,0.002763986587524414,success
048F98429C4C80,3,['Arena'],Duomo,"['AMO', 'Museo Miniscalchi', 'Santa Anastasia', 'Teatro Romano', 'Palazzo della Ragione']",Santa Anastasia,strategy_nearest,True,0.0022161006927490234,success
048F9E429C4C80,1,"['Palazzo della Ragione', 'Torre Lamberti']",Casa Giulietta,"['Centro Fotografia', 'Sighseeing', 'Museo Conte', 'Museo Radio', 'San Fermo']",Arena,strategy_nearest,False,0.0015168190002441406,success
048F964A9C4C80,1,['Arena'],Castelvecchio,"['Museo Lapidario', 'Verona Tour', 'Museo Radio', 'San Zeno', 'Sighseeing']",Torre Lamberti,strategy_nearest,False,0.0036029815673828125,success
048FA44A9C4C80,3,['Arena'],Casa Giulietta,"['Centro Fotografia', 'Sighseeing', 'Torre Lamberti', 'Museo Conte', 'Museo Radio']",Torre Lamberti,strategy_nearest,True,0.0026221275329589844,success
048FA5429C4C80,0,['Arena'],Teatro Romano,"['Santa Anastasia', 'Duomo', 'AMO', 'Palazzo della Ragione', 'Museo Conte']",Torre Lamberti,strategy_nearest,False,0.003525972366333008,success
048FA7429C4C80,3,"['Arena', 'Torre Lamberti']",Casa Giulietta,"['Centro Fotografia', 'Sighseeing', 'Museo Conte', 'Museo Radio', 'Palazzo della Ragione']",Santa Anastasia,strategy_nearest,False,0.00234222412109375,success
048FA64A9C4C80,1,"['Castelvecchio', 'Arena', 'Casa Giulietta']",Palazzo della Ragione,"['AMO', 'Museo Conte', 'Torre Lamberti', 'Centro Fotografia', 'Sighseeing']",Torre Lamberti,strategy_nearest,True,0.0030019283294677734,success
048FA63A9C4C80,0,['Arena'],Torre Lamberti,"['Sighseeing', 'Centro Fotografia', 'Museo Conte', 'Casa Giulietta', 'Palazzo della Ragione']",Castelvecchio,strategy_nearest,False,0.0038559436798095703,success
048FA93A9C4C80,1,"['Arena', 'Santa Anastasia']",Torre Lamberti,"['Sighseeing', 'Centro Fotografia', 'Museo Conte', 'Casa Giulietta', 'Palazzo della Ragione']",Palazzo della Ragione,strategy_nearest,True,0.0015497207641601562,success
048FB73A9C4C80,0,['Arena'],Castelvecchio,"['Museo Lapidario', 'Verona Tour', 'Museo Radio', 'San Zeno', 'Sighseeing']",Duomo,strategy_nearest,False,0.001971006393432617,success
048FB1429C4C80,0,"['Arena', 'Castelvecchio']",Torre Lamberti,"['Sighseeing', 'Centro Fotografia', 'Museo Conte', 'Casa Giulietta', 'Palazzo della Ragione']",Casa Giulietta,strategy_nearest,True,0.0021409988403320312,success
048FAD429C4C80,0,['Arena'],Casa Giulietta,"['Centro Fotografia', 'Sighseeing', 'Torre Lamberti', 'Museo Conte', 'Museo Radio']",Torre Lamberti,strategy_nearest,True,0.003425121307373047,success
048FB9429C4C80,3,"['Castelvecchio', 'Arena']",Torre Lamberti,"['Sighseeing', 'Centro Fotografia', 'Museo Conte', 'Casa Giulietta', 'Palazzo della Ragione']",Duomo,strategy_nearest,False,0.0023839473724365234,success
048FB93A9C4C80,3,['Arena'],Santa Anastasia,"['AMO', 'Museo Conte', 'Palazzo della Ragione', 'Teatro Romano', 'Centro Fotografia']",Torre Lamberti,strategy_nearest,False,0.0032837390899658203,success
048FC13A9C4C80,3,"['Arena', 'Santa Anastasia']",Castelvecchio,"['Museo Lapidario', 'Verona Tour', 'Museo Radio', 'San Zeno', 'Sighseeing']",Duomo,strategy_nearest,False,0.0025131702423095703,success
048FC43A9C4C80,0,"['Tomba Giulietta', 'Arena']",Casa Giulietta,"['Centro Fotografia', 'Sighseeing', 'Torre Lamberti', 'Museo Conte', 'Museo Radio']",Castelvecchio,strategy_nearest,False,0.003384113311767578,success
048FBA3A9C4C80,0,['Arena'],Museo Lapidario,"['Verona Tour', 'Castelvecchio', 'Museo Radio', 'San Fermo', 'Casa Giulietta']",Castelvecchio,strategy_nearest,True,0.00273895263671875,success
048FC83A9C4C80,3,"['Castelvecchio', 'Arena', 'Casa Giulietta']",Torre Lamberti,"['Sighseeing', 'Centro Fotografia', 'Museo Conte', 'Palazzo della Ragione', 'AMO']",Santa Anastasia,strategy_nearest,False,0.0025970935821533203,success
048FD33A9C4C80,1,"['Arena', 'Castelvecchio']",San Zeno,"['Verona Tour', 'Museo Lapidario', 'Museo Miniscalchi', 'Sighseeing', 'Museo Radio']",Teatro Romano,strategy_nearest,False,0.002176046371459961,success
048FE9429C4C80,2,['Casa Giulietta'],Santa Anastasia,"['AMO', 'Museo Conte', 'Palazzo della Ragione', 'Teatro Romano', 'Centro Fotografia']",Duomo,strategy_nearest,False,0.002756834030151367,success
048FEC3A9C4C80,3,"['Arena', 'Casa Giulietta']",Torre Lamberti,"['Sighseeing', 'Centro Fotografia', 'Museo Conte', 'Palazzo della Ragione', 'AMO']",Santa Anastasia,strategy_nearest,False,0.003348827362060547,success
048FCF429C4C80,3,"['Santa Anastasia', 'Castelvecchio', 'Casa Giulietta', 'San Zeno']",Tomba Giulietta,"['San Fermo', 'Museo Storia', 'Arena', 'Museo Lapidario', 'Museo Radio']",San Fermo,strategy_nearest,True,0.002712726593017578,success
048FFC429C4C80,3,"['Castelvecchio', 'San Zeno', 'Torre Lamberti', 'San Fermo']",Santa Anastasia,"['AMO', 'Museo Conte', 'Palazzo della Ragione', 'Teatro Romano', 'Centro Fotografia']",Duomo,strategy_nearest,False,0.0032231807708740234,success
048FEF3A9C4C80,3,['Arena'],San Fermo,"['Museo Storia', 'Museo Radio', 'Casa Giulietta', 'Centro Fotografia', 'Sighseeing']",Santa Anastasia,strategy_nearest,False,0.0020339488983154297,success
048FFB429C4C80,3,"['Castelvecchio', 'Arena', 'Museo Lapidario', 'Casa Giulietta', 'Torre Lamberti']",Santa Anastasia,"['AMO', 'Museo Conte', 'Palazzo della Ragione', 'Teatro Romano', 'Centro Fotografia']",Teatro Romano,strategy_nearest,True,0.0021381378173828125,success
048FF23A9C4C80,3,['Arena'],Santa Anastasia,"['AMO', 'Museo Conte', 'Palazzo della Ragione', 'Teatro Romano', 'Centro Fotografia']",Teatro Romano,strategy_nearest,True,0.003451824188232422,success
04901C3A9C4C80,3,"['Castelvecchio', 'Arena']",Casa Giulietta,"['Centro Fotografia', 'Sighseeing', 'Torre Lamberti', 'Museo Conte', 'Museo Radio']",Teatro Romano,strategy_nearest,False,0.003268003463745117,success
04901A429C4C84,2,['Teatro Romano'],Santa Anastasia,"['AMO', 'Museo Conte', 'Palazzo della Ragione', 'Centro Fotografia', 'Duomo']",Casa Giulietta,strategy_nearest,False,0.002833127975463867,success
049014429C4C80,0,['Arena'],Casa Giulietta,"['Centro Fotografia', 'Sighseeing', 'Torre Lamberti', 'Museo Conte', 'Museo Radio']",Torre Lamberti,strategy_nearest,True,0.0022687911987304688,success
048FFE3A9C4C80,3,"['Castelvecchio', 'Arena']",Torre Lamberti,"['Sighseeing', 'Centro Fotografia', 'Museo Conte', 'Casa Giulietta', 'Palazzo della Ragione']",Casa Giulietta,strategy_nearest,True,0.0016911029815673828,success
0490353A9C4C80,3,"['Arena', 'Casa Giulietta', 'Duomo']",Santa Anastasia,"['AMO', 'Museo Conte', 'Palazzo della Ragione', 'Teatro Romano', 'Centro Fotografia']",Torre Lamberti,strategy_nearest,False,0.002068042755126953,success
0490273A9C4C84,0,['Arena'],San Fermo,"['Museo Storia', 'Museo Radio', 'Casa Giulietta', 'Centro Fotografia', 'Sighseeing']",Casa Giulietta,strategy_nearest,True,0.0015180110931396484,success
049041429C4C80,0,['Teatro Romano'],Casa Giulietta,"['Centro Fotografia', 'Sighseeing', 'Torre Lamberti', 'Museo Conte', 'Museo Radio']",Arena,strategy_nearest,False,0.0033228397369384766,success
049038429C4C80,0,"['Arena', 'Torre Lamberti']",Giardino Giusti,"['Santa Anastasia', 'Teatro Romano', 'Museo Conte', 'Centro Fotografia', 'Museo Storia']",San Fermo,strategy_nearest,False,0.0027239322662353516,success
0490513A9C4C80,0,"['Arena', 'San Fermo']",Torre Lamberti,"['Sighseeing', 'Centro Fotografia', 'Museo Conte', 'Casa Giulietta', 'Palazzo della Ragione']",Tomba Giulietta,strategy_nearest,False,0.0019261837005615234,success
049042429C4C80,0,['Arena'],Casa Giulietta,"['Centro Fotografia', 'Sighseeing', 'Torre Lamberti', 'Museo Conte', 'Museo Radio']",Teatro Romano,strategy_nearest,False,0.0032770633697509766,success
04906D429C4C80,0,"['Arena', 'Tomba Giulietta']",San Fermo,"['Museo Storia', 'Museo Radio', 'Casa Giulietta', 'Centro Fotografia', 'Sighseeing']",Casa Giulietta,strategy_nearest,True,0.0026769638061523438,success
049075429C4C80,0,['Arena'],Teatro Romano,"['Santa Anastasia', 'Duomo', 'AMO', 'Palazzo della Ragione', 'Museo Conte']",Duomo,strategy_nearest,True,0.0031790733337402344,success
04907B429C4C80,0,['Arena'],Castelvecchio,"['Museo Lapidario', 'Verona Tour', 'Museo Radio', 'San Zeno', 'Sighseeing']",San Fermo,strategy_nearest,False,0.0019369125366210938,success
049084429C4C80,1,"['Castelvecchio', 'Arena', 'Torre Lamberti', 'Palazzo della Ragione']",Santa Anastasia,"['AMO', 'Museo Conte', 'Teatro Romano', 'Centro Fotografia', 'Duomo']",San Fermo,strategy_nearest,False,0.0027680397033691406,success
04907D429C4C80,0,['Arena'],Castelvecchio,"['Museo Lapidario', 'Verona Tour', 'Museo Radio', 'San Zeno', 'Sighseeing']",San Zeno,strategy_nearest,True,0.003056049346923828,success
049086429C4C80,0,['Arena'],Castelvecchio,"['Museo Lapidario', 'Verona Tour', 'Museo Radio', 'San Zeno', 'Sighseeing']",Casa Giulietta,strategy_nearest,False,0.0035300254821777344,success
04909E429C4C80,3,"['Casa Giulietta', 'San Fermo']",Castelvecchio,"['Museo Lapidario', 'Verona Tour', 'Arena', 'Museo Radio', 'San Zeno']",Santa Anastasia,strategy_nearest,False,0.0021600723266601562,success
0490A14A9C4C80,0,"['Tomba Giulietta', 'Arena']",Castelvecchio,"['Museo Lapidario', 'Verona Tour', 'Museo Radio', 'San Zeno', 'Sighseeing']",Torre Lamberti,strategy_nearest,False,0.0026941299438476562,success
04908F429C4C80,3,"['Arena', 'Torre Lamberti']",Teatro Romano,"['Santa Anastasia', 'Duomo', 'AMO', 'Palazzo della Ragione', 'Museo Conte']",Duomo,strategy_nearest,True,0.0022470951080322266,success
0490A1429C4C80,3,"['Santa Anastasia', 'Torre Lamberti']",Casa Giulietta,"['Centro Fotografia', 'Sighseeing', 'Museo Conte', 'Museo Radio', 'Palazzo della Ragione']",San Fermo,strategy_nearest,False,0.0033600330352783203,success
0490A5429C4C80,0,"['Torre Lamberti', 'Casa Giulietta']",Arena,"['Verona Tour', 'Museo Lapidario', 'Museo Radio', 'San Fermo', 'Sighseeing']",Tomba Giulietta,strategy_nearest,False,0.0027458667755126953,success
0490AA3A9C4C80,3,['Arena'],Santa Anastasia,"['AMO', 'Museo Conte', 'Palazzo della Ragione', 'Teatro Romano', 'Centro Fotografia']",Duomo,strategy_nearest,False,0.002053976058959961,success
0490B03A9C4C80,3,"['Duomo', 'Teatro Romano']",Castelvecchio,"['Museo Lapidario', 'Verona Tour', 'Arena', 'Museo Radio', 'San Zeno']",San Zeno,strategy_nearest,True,0.002984285354614258,success
0490A44A9C4C80,1,['Arena'],Castelvecchio,"['Museo Lapidario', 'Verona Tour', 'Museo Radio', 'San Zeno', 'Sighseeing']",Palazzo della Ragione,strategy_nearest,False,0.002758026123046875,success
0490B13A9C4C80,2,['Tomba Giulietta'],San Fermo,"['Museo Storia', 'Museo Radio', 'Casa Giulietta', 'Centro Fotografia', 'Arena']",Casa Giulietta,strategy_nearest,True,0.001672983169555664,success
0490C83A9C4C80,0,['Arena'],Casa Giulietta,"['Centro Fotografia', 'Sighseeing', 'Torre Lamberti', 'Museo Conte', 'Museo Radio']",Duomo,strategy_nearest,False,0.002735137939453125,success
0490D33A9C4C80,3,"['Arena', 'Torre Lamberti', 'Santa Anastasia']",Duomo,"['AMO', 'Museo Miniscalchi', 'Teatro Romano', 'Palazzo della Ragione', 'Museo Conte']",Casa Giulietta,strategy_nearest,False,0.0033240318298339844,success
0490C73A9C4C80,2,['Castelvecchio'],Casa Giulietta,"['Centro Fotografia', 'Sighseeing', 'Torre Lamberti', 'Museo Conte', 'Museo Radio']",Torre Lamberti,strategy_nearest,True,0.002828836441040039,success
0490F7429C4C80,0,['Torre Lamberti'],Castelvecchio,"['Museo Lapidario', 'Verona Tour', 'Arena', 'Museo Radio', 'San Zeno']",Arena,strategy_nearest,True,0.0025169849395751953,success
0490DA3A9C4C80,3,"['Casa Giulietta', 'Torre Lamberti', 'Arena']",Teatro Romano,"['Santa Anastasia', 'Duomo', 'AMO', 'Palazzo della Ragione', 'Museo Conte']",Castelvecchio,strategy_nearest,False,0.002042055130004883,success
0490D43A9C4C80,1,['Arena'],Casa Giulietta,"['Centro Fotografia', 'Sighseeing', 'Torre Lamberti', 'Museo Conte', 'Museo Radio']",Torre Lamberti,strategy_nearest,True,0.0026712417602539062,success
0491083A9C4C84,3,"['Arena', 'Casa Giulietta']",Torre Lamberti,"['Sighseeing', 'Centro Fotografia', 'Museo Conte', 'Palazzo della Ragione', 'AMO']",Santa Anastasia,strategy_nearest,False,0.0035331249237060547,success
049110429C4C84,2,"['Torre Lamberti', 'San Fermo']",Santa Anastasia,"['AMO', 'Museo Conte', 'Palazzo della Ragione', 'Teatro Romano', 'Centro Fotografia']",Duomo,strategy_nearest,False,0.0028209686279296875,success
04910F3A9C4C80,3,"['Arena', 'Casa Giulietta', 'Torre Lamberti']",Santa Anastasia,"['AMO', 'Museo Conte', 'Palazzo della Ragione', 'Teatro Romano', 'Centro Fotografia']",San Fermo,strategy_nearest,False,0.0023779869079589844,success
0491153A9C4C80,2,"['Castelvecchio', 'Casa Giulietta']",Torre Lamberti,"['Sighseeing', 'Centro Fotografia', 'Museo Conte', 'Palazzo della Ragione', 'AMO']",Teatro Romano,strategy_nearest,False,0.0034058094024658203,success
04910B429C4C84,0,['Arena'],Casa Giulietta,"['Centro Fotografia', 'Sighseeing', 'Torre Lamberti', 'Museo Conte', 'Museo Radio']",Torre Lamberti,strategy_nearest,True,0.0017020702362060547,success
04911E3A9C4C80,2,['Castelvecchio'],Torre Lamberti,"['Sighseeing', 'Centro Fotografia', 'Museo Conte', 'Casa Giulietta', 'Palazzo della Ragione']",Duomo,strategy_nearest,False,0.002798795700073242,success
049118429C4C84,0,['Arena'],Torre Lamberti,"['Sighseeing', 'Centro Fotografia', 'Museo Conte', 'Casa Giulietta', 'Palazzo della Ragione']",Casa Giulietta,strategy_nearest,True,0.0034439563751220703,success
049121429C4C80,0,['Arena'],Casa Giulietta,"['Centro Fotografia', 'Sighseeing', 'Torre Lamberti', 'Museo Conte', 'Museo Radio']",Santa Anastasia,strategy_nearest,False,0.001444101333618164,success
049122429C4C80,3,"['Arena', 'Casa Giulietta']",Santa Anastasia,"['AMO', 'Museo Conte', 'Palazzo della Ragione', 'Teatro Romano', 'Centro Fotografia']",Duomo,strategy_nearest,False,0.0033979415893554688,success
0491233A9C4C80,3,['Torre Lamberti'],Casa Giulietta,"['Centro Fotografia', 'Sighseeing', 'Museo Conte', 'Museo Radio', 'Palazzo della Ragione']",Santa Anastasia,strategy_nearest,False,0.0018649101257324219,success
0491233A9C4C84,0,['San Zeno'],Castelvecchio,"['Museo Lapidario', 'Verona Tour', 'Arena', 'Museo Radio', 'Sighseeing']",Arena,strategy_nearest,True,0.0024399757385253906,success
0491344A9C4C80,0,['Arena'],Casa Giulietta,"['Centro Fotografia', 'Sighseeing', 'Torre Lamberti', 'Museo Conte', 'Museo Radio']",Castelvecchio,strategy_nearest,False,0.002666950225830078,success
049127429C4C84,0,['Arena'],Casa Giulietta,"['Centro Fotografia', 'Sighseeing', 'Torre Lamberti', 'Museo Conte', 'Museo Radio']",Torre Lamberti,strategy_nearest,True,0.0028429031372070312,success
04912F3A9C4C80,3,"['Museo Lapidario', 'Arena']",Teatro Romano,"['Santa Anastasia', 'Duomo', 'AMO', 'Palazzo della Ragione', 'Museo Conte']",Santa Anastasia,strategy_nearest,True,0.0021071434020996094,success
0491263A9C4C80,0,['Arena'],Casa Giulietta,"['Centro Fotografia', 'Sighseeing', 'Torre Lamberti', 'Museo Conte', 'Museo Radio']",Giardino Giusti,strategy_nearest,False,0.004922151565551758,success
049137BA7B3F80,3,"['San Fermo', 'Torre Lamberti', 'Casa Giulietta']",Arena,"['Verona Tour', 'Museo Lapidario', 'Museo Radio', 'Sighseeing', 'Castelvecchio']",Duomo,strategy_nearest,False,0.002046823501586914,success
0491543A9C4C80,0,['Arena'],Casa Giulietta,"['Centro Fotografia', 'Sighseeing', 'Torre Lamberti', 'Museo Conte', 'Museo Radio']",Torre Lamberti,strategy_nearest,True,0.0021131038665771484,success
049155429C4C80,1,"['San Zeno', 'Castelvecchio', 'Teatro Romano', 'Duomo', 'Santa Anastasia']",Arena,"['Verona Tour', 'Museo Lapidario', 'Museo Radio', 'San Fermo', 'Casa Giulietta']",Casa Giulietta,strategy_nearest,True,0.0033609867095947266,success
049142429C4C80,0,['Arena'],Casa Giulietta,"['Centro Fotografia', 'Sighseeing', 'Torre Lamberti', 'Museo Conte', 'Museo Radio']",Castelvecchio,strategy_nearest,False,0.0035309791564941406,success
049186429C4C80,0,['Casa Giulietta'],Torre Lamberti,"['Sighseeing', 'Centro Fotografia', 'Museo Conte', 'Palazzo della Ragione', 'AMO']",Arena,strategy_nearest,False,0.0032739639282226562,success
0491683A9C4C80,3,"['Arena', 'Santa Anastasia', 'Casa Giulietta']",Torre Lamberti,"['Sighseeing', 'Centro Fotografia', 'Museo Conte', 'Palazzo della Ragione', 'AMO']",Castelvecchio,strategy_nearest,False,0.0029480457305908203,success
049185429C4C80,3,"['Castelvecchio', 'Arena', 'Museo Lapidario']",Casa Giulietta,"['Centro Fotografia', 'Sighseeing', 'Torre Lamberti', 'Museo Conte', 'Museo Radio']",Santa Anastasia,strategy_nearest,False,0.002165079116821289,success
049169429C4C80,3,"['Torre Lamberti', 'Casa Giulietta', 'Arena']",Castelvecchio,"['Museo Lapidario', 'Verona Tour', 'Museo Radio', 'San Zeno', 'Sighseeing']",Tomba Giulietta,strategy_nearest,False,0.0017070770263671875,success
0491904A9C4C80,3,"['Arena', 'Casa Giulietta']",Torre Lamberti,"['Sighseeing', 'Centro Fotografia', 'Museo Conte', 'Palazzo della Ragione', 'AMO']",Santa Anastasia,strategy_nearest,False,0.0021092891693115234,success
0491934A9C4C80,0,['Arena'],Casa Giulietta,"['Centro Fotografia', 'Sighseeing', 'Torre Lamberti', 'Museo Conte', 'Museo Radio']",Torre Lamberti,strategy_nearest,True,0.0027608871459960938,success
049187429C4C80,3,"['Arena', 'San Fermo']",Casa Giulietta,"['Centro Fotografia', 'Sighseeing', 'Torre Lamberti', 'Museo Conte', 'Museo Radio']",Santa Anastasia,strategy_nearest,False,0.0014052391052246094,success
049198429C4C80,0,['Arena'],Castelvecchio,"['Museo Lapidario', 'Verona Tour', 'Museo Radio', 'San Zeno', 'Sighseeing']",Casa Giulietta,strategy_nearest,False,0.0033228397369384766,success
04919A429C4C80,1,"['Arena', 'Casa Giulietta']",Torre Lamberti,"['Sighseeing', 'Centro Fotografia', 'Museo Conte', 'Palazzo della Ragione', 'AMO']",Palazzo della Ragione,strategy_nearest,True,0.003511190414428711,success
04919C4A9C4C80,2,['Torre Lamberti'],Palazzo della Ragione,"['AMO', 'Museo Conte', 'Centro Fotografia', 'Sighseeing', 'Santa Anastasia']",Santa Anastasia,strategy_nearest,True,0.0014562606811523438,success
04919A4A9C4C80,3,"['Arena', 'Museo Lapidario', 'Casa Giulietta']",Torre Lamberti,"['Sighseeing', 'Centro Fotografia', 'Museo Conte', 'Palazzo della Ragione', 'AMO']",Santa Anastasia,strategy_nearest,False,0.002888917922973633,success
04919D429C4C80,1,['Arena'],Santa Anastasia,"['AMO', 'Museo Conte', 'Palazzo della Ragione', 'Teatro Romano', 'Centro Fotografia']",Palazzo della Ragione,strategy_nearest,True,0.0035271644592285156,success
04919D4A9C4C80,0,"['Arena', 'San Fermo']",Casa Giulietta,"['Centro Fotografia', 'Sighseeing', 'Torre Lamberti', 'Museo Conte', 'Museo Radio']",Torre Lamberti,strategy_nearest,True,0.0016582012176513672,success
0491A5429C4C80,3,['Arena'],Santa Anastasia,"['AMO', 'Museo Conte', 'Palazzo della Ragione', 'Teatro Romano', 'Centro Fotografia']",Duomo,strategy_nearest,False,0.0025539398193359375,success
04919E429C4C80,3,"['Arena', 'Casa Giulietta']",Torre Lamberti,"['Sighseeing', 'Centro Fotografia', 'Museo Conte', 'Palazzo della Ragione', 'AMO']",Santa Anastasia,strategy_nearest,False,0.0033500194549560547,success
0491B3429C4C80,0,['Arena'],San Fermo,"['Museo Storia', 'Museo Radio', 'Casa Giulietta', 'Centro Fotografia', 'Sighseeing']",Casa Giulietta,strategy_nearest,True,0.0025620460510253906,success
0491AD3A9C4C80,3,"['Duomo', 'Santa Anastasia', 'Torre Lamberti']",Arena,"['Verona Tour', 'Museo Lapidario', 'Museo Radio', 'San Fermo', 'Casa Giulietta']",Castelvecchio,strategy_nearest,False,0.002479076385498047,success
0491AB3A9C4C80,0,['Casa Giulietta'],Torre Lamberti,"['Sighseeing', 'Centro Fotografia', 'Museo Conte', 'Palazzo della Ragione', 'AMO']",Teatro Romano,strategy_nearest,False,0.003565073013305664,success
0491AE3A9C4C80,2,"['Casa Giulietta', 'Torre Lamberti']",Palazzo della Ragione,"['AMO', 'Museo Conte', 'Centro Fotografia', 'Sighseeing', 'Santa Anastasia']",Santa Anastasia,strategy_nearest,True,0.0034627914428710938,success
0491D73A9C4C80,3,"['Teatro Romano', 'Casa Giulietta', 'Arena']",Castelvecchio,"['Museo Lapidario', 'Verona Tour', 'Museo Radio', 'San Zeno', 'Sighseeing']",San Fermo,strategy_nearest,False,0.0032770633697509766,success
0491C23A9C4C80,3,"['Arena', 'Casa Giulietta', 'Torre Lamberti', 'Duomo']",Teatro Romano,"['Santa Anastasia', 'AMO', 'Palazzo della Ragione', 'Museo Conte', 'Centro Fotografia']",Santa Anastasia,strategy_nearest,True,0.0034148693084716797,success
0491CB3A9C4C80,2,"['Torre Lamberti', 'Casa Giulietta']",Santa Anastasia,"['AMO', 'Museo Conte', 'Palazzo della Ragione', 'Teatro Romano', 'Centro Fotografia']",Teatro Romano,strategy_nearest,True,0.002207040786743164,success
0491D23A9C4C80,0,['Arena'],Duomo,"['AMO', 'Museo Miniscalchi', 'Santa Anastasia', 'Teatro Romano', 'Palazzo della Ragione']",Torre Lamberti,strategy_nearest,False,0.002791881561279297,success
0491E93A9C4C80,0,['Arena'],Casa Giulietta,"['Centro Fotografia', 'Sighseeing', 'Torre Lamberti', 'Museo Conte', 'Museo Radio']",Torre Lamberti,strategy_nearest,True,0.0015881061553955078,success
0491F03A9C4C80,0,"['Arena', 'Casa Giulietta']",Torre Lamberti,"['Sighseeing', 'Centro Fotografia', 'Museo Conte', 'Palazzo della Ragione', 'AMO']",Duomo,strategy_nearest,False,0.002074718475341797,success
0491E03A9C4C80,0,['Arena'],San Zeno,"['Castelvecchio', 'Verona Tour', 'Museo Lapidario', 'Museo Miniscalchi', 'Sighseeing']",Casa Giulietta,strategy_nearest,False,0.0028421878814697266,success
0491F2429C4C80,2,"['Museo Lapidario', 'Castelvecchio']",Duomo,"['AMO', 'Museo Miniscalchi', 'Santa Anastasia', 'Teatro Romano', 'Palazzo della Ragione']",Teatro Romano,strategy_nearest,True,0.003231048583984375,success
0492003A9C4C84,2,['Castelvecchio'],Casa Giulietta,"['Centro Fotografia', 'Sighseeing', 'Torre Lamberti', 'Museo Conte', 'Museo Radio']",Duomo,strategy_nearest,False,0.0022079944610595703,success
0492023A9C4C84,0,['Castelvecchio'],Arena,"['Verona Tour', 'Museo Lapidario', 'Museo Radio', 'San Fermo', 'Casa Giulietta']",Casa Giulietta,strategy_nearest,True,0.002809762954711914,success
0491FC429C4C80,3,"['Castelvecchio', 'Arena', 'Casa Giulietta']",Santa Anastasia,"['AMO', 'Museo Conte', 'Palazzo della Ragione', 'Teatro Romano', 'Centro Fotografia']",Tomba Giulietta,strategy_nearest,False,0.0016350746154785156,success
0492093A9C4C84,3,"['Arena', 'Torre Lamberti', 'Casa Giulietta']",Santa Anastasia,"['AMO', 'Museo Conte', 'Palazzo della Ragione', 'Teatro Romano', 'Centro Fotografia']",Duomo,strategy_nearest,False,0.0033960342407226562,success
04920A429C4C84,0,['Teatro Romano'],Torre Lamberti,"['Sighseeing', 'Centro Fotografia', 'Museo Conte', 'Casa Giulietta', 'Palazzo della Ragione']",Arena,strategy_nearest,False,0.0029768943786621094,success
04920B3A9C4C84,0,"['Arena', 'Casa Giulietta']",Duomo,"['AMO', 'Museo Miniscalchi', 'Santa Anastasia', 'Teatro Romano', 'Palazzo della Ragione']",Castelvecchio,strategy_nearest,False,0.0017573833465576172,success
04920D429C4C84,3,"['Giardino Giusti', 'Castelvecchio', 'Arena']",San Fermo,"['Museo Storia', 'Museo Radio', 'Casa Giulietta', 'Centro Fotografia', 'Sighseeing']",Casa Giulietta,strategy_nearest,True,0.0012562274932861328,success
049210429C4C84,4,"['Arena', 'Casa Giulietta', 'Torre Lamberti']",Teatro Romano,"['Santa Anastasia', 'Duomo', 'AMO', 'Palazzo della Ragione', 'Museo Conte']",San Zeno,strategy_nearest,False,0.002752065658569336,success
04920C3A9C4C84,0,"['Arena', 'Torre Lamberti']",Casa Giulietta,"['Centro Fotografia', 'Sighseeing', 'Museo Conte', 'Museo Radio', 'Palazzo della Ragione']",Teatro Romano,strategy_nearest,False,0.0036230087280273438,success
049212429C4C80,3,"['Duomo', 'Santa Anastasia']",Torre Lamberti,"['Sighseeing', 'Centro Fotografia', 'Museo Conte', 'Casa Giulietta', 'Palazzo della Ragione']",Arena,strategy_nearest,False,0.0035550594329833984,success
049213429C4C84,3,"['Arena', 'Castelvecchio']",Duomo,"['AMO', 'Museo Miniscalchi', 'Santa Anastasia', 'Teatro Romano', 'Palazzo della Ragione']",Teatro Romano,strategy_nearest,True,0.0018649101257324219,success
049216429C4C84,3,"['San Zeno', 'Duomo']",Santa Anastasia,"['AMO', 'Museo Conte', 'Palazzo della Ragione', 'Teatro Romano', 'Centro Fotografia']",Torre Lamberti,strategy_nearest,False,0.0028607845306396484,success
04921C3A9C4C80,2,['Museo Lapidario'],Torre Lamberti,"['Sighseeing', 'Centro Fotografia', 'Museo Conte', 'Casa Giulietta', 'Palazzo della Ragione']",Teatro Romano,strategy_nearest,False,0.003421783447265625,success
04921D3A9C4C80,3,['Arena'],Casa Giulietta,"['Centro Fotografia', 'Sighseeing', 'Torre Lamberti', 'Museo Conte', 'Museo Radio']",Santa Anastasia,strategy_nearest,False,0.0013458728790283203,success
04921E3A9C4C84,2,['Casa Giulietta'],Santa Anastasia,"['AMO', 'Museo Conte', 'Palazzo della Ragione', 'Teatro Romano', 'Centro Fotografia']",Duomo,strategy_nearest,False,0.0033740997314453125,success
049221429C4C80,3,"['Arena', 'Casa Giulietta']",Torre Lamberti,"['Sighseeing', 'Centro Fotografia', 'Museo Conte', 'Palazzo della Ragione', 'AMO']",Santa Anastasia,strategy_nearest,False,0.00222015380859375,success
0492253A9C4C84,0,['Arena'],Torre Lamberti,"['Sighseeing', 'Centro Fotografia', 'Museo Conte', 'Casa Giulietta', 'Palazzo della Ragione']",Casa Giulietta,strategy_nearest,True,0.002563953399658203,success
04922D3A9C4C80,3,"['Duomo', 'Santa Anastasia', 'Torre Lamberti']",Arena,"['Verona Tour', 'Museo Lapidario', 'Museo Radio', 'San Fermo', 'Casa Giulietta']",Castelvecchio,strategy_nearest,False,0.0033528804779052734,success
049227429C4C84,0,['Arena'],Torre Lamberti,"['Sighseeing', 'Centro Fotografia', 'Museo Conte', 'Casa Giulietta', 'Palazzo della Ragione']",Casa Giulietta,strategy_nearest,True,0.002706289291381836,success
0492273A9C4C84,0,['Arena'],Castelvecchio,"['Museo Lapidario', 'Verona Tour', 'Museo Radio', 'San Zeno', 'Sighseeing']",Torre Lamberti,strategy_nearest,False,0.0026612281799316406,success
0492314A9C4C80,3,"['Arena', 'Museo Lapidario']",Tomba Giulietta,"['San Fermo', 'Museo Storia', 'Museo Radio', 'Verona Tour', 'Casa Giulietta']",Santa Anastasia,strategy_nearest,False,0.003136873245239258,success
049239429C4C80,1,"['Arena', 'Torre Lamberti']",Palazzo della Ragione,"['AMO', 'Museo Conte', 'Centro Fotografia', 'Sighseeing', 'Santa Anastasia']",Duomo,strategy_nearest,False,0.002080678939819336,success
0492344A9C4C80,0,['Torre Lamberti'],Casa Giulietta,"['Centro Fotografia', 'Sighseeing', 'Museo Conte', 'Museo Radio', 'Palazzo della Ragione']",Arena,strategy_nearest,False,0.002276897430419922,success
049233429C4C80,0,"['Castelvecchio', 'Casa Giulietta', 'Teatro Romano']",Arena,"['Verona Tour', 'Museo Lapidario', 'Museo Radio', 'San Fermo', 'Sighseeing']",Museo Lapidario,strategy_nearest,True,0.0035521984100341797,success
049237429C4C80,3,"['Duomo', 'Santa Anastasia', 'Torre Lamberti']",San Fermo,"['Museo Storia', 'Museo Radio', 'Casa Giulietta', 'Centro Fotografia', 'Arena']",Arena,strategy_nearest,True,0.0033860206604003906,success
04923C4A9C4C80,3,"['Arena', 'San Zeno']",Castelvecchio,"['Museo Lapidario', 'Verona Tour', 'Museo Radio', 'Sighseeing', 'Museo Miniscalchi']",Santa Anastasia,strategy_nearest,False,0.0015833377838134766,success
04924C3A9C4C80,0,"['Arena', 'Teatro Romano']",Torre Lamberti,"['Sighseeing', 'Centro Fotografia', 'Museo Conte', 'Casa Giulietta', 'Palazzo della Ragione']",Casa Giulietta,strategy_nearest,True,0.002607107162475586,success
049240429C4C80,2,['Teatro Romano'],Duomo,"['AMO', 'Museo Miniscalchi', 'Santa Anastasia', 'Palazzo della Ragione', 'Museo Conte']",Santa Anastasia,strategy_nearest,True,0.0021882057189941406,success
04923A3A9C4C80,3,"['Casa Giulietta', 'Duomo', 'Teatro Romano', 'Casa Giulietta']",San Zeno,"['Castelvecchio', 'Verona Tour', 'Museo Lapidario', 'Arena', 'Museo Miniscalchi']",Castelvecchio,strategy_nearest,True,0.004440784454345703,success
049258429C4C80,3,"['Arena', 'Santa Anastasia', 'Teatro Romano']",Duomo,"['AMO', 'Museo Miniscalchi', 'Palazzo della Ragione', 'Museo Conte', 'Torre Lamberti']",Castelvecchio,strategy_nearest,False,0.0021419525146484375,success
04925A429C4C80,4,"['Castelvecchio', 'San Fermo', 'Teatro Romano', 'Arena', 'Museo Lapidario', 'Casa Giulietta']",Torre Lamberti,"['Sighseeing', 'Centro Fotografia', 'Museo Conte', 'Palazzo della Ragione', 'AMO']",Palazzo della Ragione,strategy_nearest,True,0.0026960372924804688,success
04925F429C4C80,3,"['Arena', 'Santa Anastasia']",Teatro Romano,"['Duomo', 'AMO', 'Palazzo della Ragione', 'Museo Conte', 'Centro Fotografia']",Casa Giulietta,strategy_nearest,False,0.0027818679809570312,success
049267BA7B3F80,3,"['Torre Lamberti', 'Casa Giulietta']",Arena,"['Verona Tour', 'Museo Lapidario', 'Museo Radio', 'San Fermo', 'Sighseeing']",Duomo,strategy_nearest,False,0.0020508766174316406,success
0492693A9C4C80,3,['Castelvecchio'],Santa Anastasia,"['AMO', 'Museo Conte', 'Palazzo della Ragione', 'Teatro Romano', 'Centro Fotografia']",Arena,strategy_nearest,False,0.0029060840606689453,success
04926DC27B3F80,3,"['Arena', 'Casa Giulietta', 'Torre Lamberti', 'Giardino Giusti']",Teatro Romano,"['Santa Anastasia', 'Duomo', 'AMO', 'Palazzo della Ragione', 'Museo Conte']",Duomo,strategy_nearest,True,0.0031440258026123047,success
049275429C4C80,0,['Casa Giulietta'],Arena,"['Verona Tour', 'Museo Lapidario', 'Museo Radio', 'San Fermo', 'Sighseeing']",San Fermo,strategy_nearest,True,0.003013134002685547,success
04927A429C4C80,3,"['Casa Giulietta', 'Arena', 'Museo Lapidario']",Torre Lamberti,"['Sighseeing', 'Centro Fotografia', 'Museo Conte', 'Palazzo della Ragione', 'AMO']",San Fermo,strategy_nearest,False,0.002245187759399414,success
04927A4A9C4C80,0,['Arena'],Castelvecchio,"['Museo Lapidario', 'Verona Tour', 'Museo Radio', 'San Zeno', 'Sighseeing']",Casa Giulietta,strategy_nearest,False,0.0026619434356689453,success
04927D429C4C80,3,"['Arena', 'Castelvecchio']",San Fermo,"['Museo Storia', 'Museo Radio', 'Casa Giulietta', 'Centro Fotografia', 'Sighseeing']",Santa Anastasia,strategy_nearest,False,0.0026068687438964844,success
04927E429C4C80,3,"['Arena', 'Casa Giulietta', 'Torre Lamberti']",Santa Anastasia,"['AMO', 'Museo Conte', 'Palazzo della Ragione', 'Teatro Romano', 'Centro Fotografia']",Teatro Romano,strategy_nearest,True,0.002685070037841797,success
0492814A9C4C80,3,"['Duomo', 'Torre Lamberti']",Casa Giulietta,"['Centro Fotografia', 'Sighseeing', 'Museo Conte', 'Museo Radio', 'Palazzo della Ragione']",Arena,strategy_nearest,False,0.002972126007080078,success
049282429C4C80,0,['Casa Giulietta'],Castelvecchio,"['Museo Lapidario', 'Verona Tour', 'Arena', 'Museo Radio', 'San Zeno']",Arena,strategy_nearest,True,0.002870798110961914,success
049286429C4C80,2,['Castelvecchio'],San Zeno,"['Verona Tour', 'Museo Lapidario', 'Arena', 'Museo Miniscalchi', 'Sighseeing']",Torre Lamberti,strategy_nearest,False,0.002801179885864258,success
04928C3A9C4C80,2,['San Fermo'],Casa Giulietta,"['Centro Fotografia', 'Sighseeing', 'Torre Lamberti', 'Museo Conte', 'Museo Radio']",Santa Anastasia,strategy_nearest,False,0.0027310848236083984,success
04928C4A9C4C80,3,"['Arena', 'Torre Lamberti']",Teatro Romano,"['Santa Anastasia', 'Duomo', 'AMO', 'Palazzo della Ragione', 'Museo Conte']",Duomo,strategy_nearest,True,0.003359079360961914,success
0492934A9C4C80,2,"['Castelvecchio', 'Torre Lamberti']",Palazzo della Ragione,"['AMO', 'Museo Conte', 'Centro Fotografia', 'Sighseeing', 'Santa Anastasia']",Casa Giulietta,strategy_nearest,False,0.002753019332885742,success
04928F429C4C80,0,['Arena'],Castelvecchio,"['Museo Lapidario', 'Verona Tour', 'Museo Radio', 'San Zeno', 'Sighseeing']",Casa Giulietta,strategy_nearest,False,0.0019011497497558594,success
049297429C4C80,2,['Santa Anastasia'],Torre Lamberti,"['Sighseeing', 'Centro Fotografia', 'Museo Conte', 'Casa Giulietta', 'Palazzo della Ragione']",Casa Giulietta,strategy_nearest,True,0.002711057662963867,success
0492984A9C4C80,3,"['Arena', 'Casa Giulietta', 'Torre Lamberti']",Santa Anastasia,"['AMO', 'Museo Conte', 'Palazzo della Ragione', 'Teatro Romano', 'Centro Fotografia']",Duomo,strategy_nearest,False,0.0032308101654052734,success
0492A7429C4C80,3,"['Casa Giulietta', 'Santa Anastasia']",Torre Lamberti,"['Sighseeing', 'Centro Fotografia', 'Museo Conte', 'Palazzo della Ragione', 'AMO']",Arena,strategy_nearest,False,0.002760171890258789,success
0492A93A9C4C80,3,['Arena'],Santa Anastasia,"['AMO', 'Museo Conte', 'Palazzo della Ragione', 'Teatro Romano', 'Centro Fotografia']",Duomo,strategy_nearest,False,0.0027992725372314453,success
0492AE3A9C4C80,2,"['San Fermo', 'Casa Giulietta']",Duomo,"['AMO', 'Museo Miniscalchi', 'Santa Anastasia', 'Teatro Romano', 'Palazzo della Ragione']",San Zeno,strategy_nearest,False,0.0030291080474853516,success
0492A94A9C4C80,0,['Casa Giulietta'],Castelvecchio,"['Museo Lapidario', 'Verona Tour', 'Arena', 'Museo Radio', 'San Zeno']",Arena,strategy_nearest,True,0.002527952194213867,success
0492B93A9C4C80,3,"['Arena', 'Castelvecchio']",Duomo,"['AMO', 'Museo Miniscalchi', 'Santa Anastasia', 'Teatro Romano', 'Palazzo della Ragione']",Teatro Romano,strategy_nearest,True,0.002496004104614258,success
0492B13A9C4C80,3,['Arena'],Santa Anastasia,"['AMO', 'Museo Conte', 'Palazzo della Ragione', 'Teatro Romano', 'Centro Fotografia']",Duomo,strategy_nearest,False,0.0036590099334716797,success
0492BD429C4C80,1,"['Arena', 'Casa Giulietta', 'Palazzo della Ragione']",Torre Lamberti,"['Sighseeing', 'Centro Fotografia', 'Museo Conte', 'AMO', 'Museo Miniscalchi']",Santa Anastasia,strategy_nearest,False,0.0025892257690429688,success
0492BB3A9C4C80,0,"['Castelvecchio', 'Casa Giulietta']",Santa Anastasia,"['AMO', 'Museo Conte', 'Palazzo della Ragione', 'Teatro Romano', 'Centro Fotografia']",Arena,strategy_nearest,False,0.0036432743072509766,success
0492C03A9C4C80,3,['Arena'],Casa Giulietta,"['Centro Fotografia', 'Sighseeing', 'Torre Lamberti', 'Museo Conte', 'Museo Radio']",Santa Anastasia,strategy_nearest,False,0.0016367435455322266,success
0492CC3A9C4C80,2,['Museo Lapidario'],Casa Giulietta,"['Centro Fotografia', 'Sighseeing', 'Torre Lamberti', 'Museo Conte', 'Museo Radio']",Castelvecchio,strategy_nearest,False,0.002672910690307617,success
0492D43A9C4C80,1,"['Arena', 'Museo Lapidario', 'Teatro Romano']",Torre Lamberti,"['Sighseeing', 'Centro Fotografia', 'Museo Conte', 'Casa Giulietta', 'Palazzo della Ragione']",Palazzo della Ragione,strategy_nearest,True,0.0032949447631835938,success
0492D53A9C4C80,1,"['Arena', 'Castelvecchio', 'Santa Anastasia', 'Duomo']",Teatro Romano,"['AMO', 'Palazzo della Ragione', 'Museo Conte', 'Centro Fotografia', 'Museo Miniscalchi']",Casa Giulietta,strategy_nearest,False,0.0024759769439697266,success
0492F13A9C4C80,0,['Arena'],Casa Giulietta,"['Centro Fotografia', 'Sighseeing', 'Torre Lamberti', 'Museo Conte', 'Museo Radio']",Torre Lamberti,strategy_nearest,True,0.001825094223022461,success
0492E93A9C4C80,0,['Arena'],Casa Giulietta,"['Centro Fotografia', 'Sighseeing', 'Torre Lamberti', 'Museo Conte', 'Museo Radio']",Teatro Romano,strategy_nearest,False,0.003534078598022461,success
0492FD429C4C80,3,"['Arena', 'Casa Giulietta', 'Torre Lamberti']",Santa Anastasia,"['AMO', 'Museo Conte', 'Palazzo della Ragione', 'Teatro Romano', 'Centro Fotografia']",San Zeno,strategy_nearest,False,0.0026738643646240234,success
0492FC429C4C80,3,"['Castelvecchio', 'Duomo', 'Santa Anastasia']",Torre Lamberti,"['Sighseeing', 'Centro Fotografia', 'Museo Conte', 'Casa Giulietta', 'Palazzo della Ragione']",Casa Giulietta,strategy_nearest,True,0.0041048526763916016,success
04930A429C4C84,1,['Arena'],Casa Giulietta,"['Centro Fotografia', 'Sighseeing', 'Torre Lamberti', 'Museo Conte', 'Museo Radio']",Palazzo della Ragione,strategy_nearest,False,0.002051830291748047,success
04930E3A9C4C80,3,"['Arena', 'Castelvecchio']",Duomo,"['AMO', 'Museo Miniscalchi', 'Santa Anastasia', 'Teatro Romano', 'Palazzo della Ragione']",Santa Anastasia,strategy_nearest,True,0.002300262451171875,success
0493093A9C4C84,0,"['Arena', 'Casa Giulietta']",Teatro Romano,"['Santa Anastasia', 'Duomo', 'AMO', 'Palazzo della Ragione', 'Museo Conte']",Duomo,strategy_nearest,True,0.0038819313049316406,success
0493163A9C4C84,0,['Arena'],Torre Lamberti,"['Sighseeing', 'Centro Fotografia', 'Museo Conte', 'Casa Giulietta', 'Palazzo della Ragione']",Castelvecchio,strategy_nearest,False,0.002396106719970703,success
04931B3A9C4C84,2,['San Zeno'],Duomo,"['AMO', 'Museo Miniscalchi', 'Santa Anastasia', 'Teatro Romano', 'Palazzo della Ragione']",Castelvecchio,strategy_nearest,False,0.0024259090423583984,success
0493213A9C4C80,1,"['Torre Lamberti', 'San Fermo']",Arena,"['Verona Tour', 'Museo Lapidario', 'Museo Radio', 'Casa Giulietta', 'Sighseeing']",Palazzo della Ragione,strategy_nearest,False,0.002650737762451172,success
04931C3A9C4C80,3,"['Torre Lamberti', 'Arena', 'Castelvecchio']",Santa Anastasia,"['AMO', 'Museo Conte', 'Palazzo della Ragione', 'Teatro Romano', 'Centro Fotografia']",San Zeno,strategy_nearest,False,0.0034949779510498047,success
049322429C4C80,0,['Teatro Romano'],Arena,"['Verona Tour', 'Museo Lapidario', 'Museo Radio', 'San Fermo', 'Casa Giulietta']",Torre Lamberti,strategy_nearest,False,0.003078937530517578,success
049321429C4C84,3,"['Teatro Romano', 'Duomo', 'Santa Anastasia']",Torre Lamberti,"['Sighseeing', 'Centro Fotografia', 'Museo Conte', 'Casa Giulietta', 'Palazzo della Ragione']",Casa Giulietta,strategy_nearest,True,0.0024890899658203125,success
04932B4A9C4C80,3,"['Torre Lamberti', 'Casa Giulietta', 'Teatro Romano']",Duomo,"['AMO', 'Museo Miniscalchi', 'Santa Anastasia', 'Palazzo della Ragione', 'Museo Conte']",Museo Lapidario,strategy_nearest,False,0.002788066864013672,success
049325429C4C84,3,"['Arena', 'Casa Giulietta']",Torre Lamberti,"['Sighseeing', 'Centro Fotografia', 'Museo Conte', 'Palazzo della Ragione', 'AMO']",Santa Anastasia,strategy_nearest,False,0.004251956939697266,success
04932D3A9C4C80,2,['Castelvecchio'],Casa Giulietta,"['Centro Fotografia', 'Sighseeing', 'Torre Lamberti', 'Museo Conte', 'Museo Radio']",Torre Lamberti,strategy_nearest,True,0.002023935317993164,success
04932F3A9C4C80,3,"['Arena', 'San Fermo', 'Duomo']",Casa Giulietta,"['Centro Fotografia', 'Sighseeing', 'Torre Lamberti', 'Museo Conte', 'Museo Radio']",Torre Lamberti,strategy_nearest,True,0.003421306610107422,success
0493304A9C4C80,1,"['Castelvecchio', 'Casa Giulietta', 'Arena']",Tomba Giulietta,"['San Fermo', 'Museo Storia', 'Museo Lapidario', 'Museo Radio', 'Verona Tour']",Teatro Romano,strategy_nearest,False,0.0026140213012695312,success
0493533A9C4C80,3,"['Arena', 'Casa Giulietta', 'Torre Lamberti']",Santa Anastasia,"['AMO', 'Museo Conte', 'Palazzo della Ragione', 'Teatro Romano', 'Centro Fotografia']",Teatro Romano,strategy_nearest,True,0.003139972686767578,success
049351429C4C80,1,"['Teatro Romano', 'San Fermo', 'Casa Giulietta']",Palazzo della Ragione,"['AMO', 'Museo Conte', 'Torre Lamberti', 'Centro Fotografia', 'Sighseeing']",Torre Lamberti,strategy_nearest,True,0.001992940902709961,success
0493603A9C4C80,1,"['Santa Anastasia', 'Duomo', 'Tomba Giulietta', 'San Fermo']",Casa Giulietta,"['Centro Fotografia', 'Sighseeing', 'Torre Lamberti', 'Museo Conte', 'Museo Radio']",Palazzo della Ragione,strategy_nearest,False,0.0022039413452148438,success
0493633A9C4C80,3,"['Museo Lapidario', 'Arena']",Casa Giulietta,"['Centro Fotografia', 'Sighseeing', 'Torre Lamberti', 'Museo Conte', 'Museo Radio']",Santa Anastasia,strategy_nearest,False,0.0034477710723876953,success
0493743A9C4C80,3,"['Arena', 'Torre Lamberti']",Casa Giulietta,"['Centro Fotografia', 'Sighseeing', 'Museo Conte', 'Museo Radio', 'Palazzo della Ragione']",Santa Anastasia,strategy_nearest,False,0.003450155258178711,success
0493793A9C4C80,0,['Arena'],Casa Giulietta,"['Centro Fotografia', 'Sighseeing', 'Torre Lamberti', 'Museo Conte', 'Museo Radio']",Torre Lamberti,strategy_nearest,True,0.0020859241485595703,success
04937A4A9C4C80,0,['Casa Giulietta'],Castelvecchio,"['Museo Lapidario', 'Verona Tour', 'Arena', 'Museo Radio', 'San Zeno']",Arena,strategy_nearest,True,0.002176046371459961,success
0493794A9C4C80,0,"['Arena', 'Castelvecchio']",Torre Lamberti,"['Sighseeing', 'Centro Fotografia', 'Museo Conte', 'Casa Giulietta', 'Palazzo della Ragione']",Casa Giulietta,strategy_nearest,True,0.002840757369995117,success
04937D429C4C80,3,"['Teatro Romano', 'Casa Giulietta']",Torre Lamberti,"['Sighseeing', 'Centro Fotografia', 'Museo Conte', 'Palazzo della Ragione', 'AMO']",San Fermo,strategy_nearest,False,0.0014362335205078125,success
04937B3A9C4C80,0,['Arena'],Castelvecchio,"['Museo Lapidario', 'Verona Tour', 'Museo Radio', 'San Zeno', 'Sighseeing']",Casa Giulietta,strategy_nearest,False,0.003473997116088867,success
049384429C4C80,0,['Arena'],Casa Giulietta,"['Centro Fotografia', 'Sighseeing', 'Torre Lamberti', 'Museo Conte', 'Museo Radio']",Teatro Romano,strategy_nearest,False,0.003435850143432617,success
04938B3A9C4C80,0,['Arena'],Torre Lamberti,"['Sighseeing', 'Centro Fotografia', 'Museo Conte', 'Casa Giulietta', 'Palazzo della Ragione']",Casa Giulietta,strategy_nearest,True,0.003314971923828125,success
049386429C4C80,0,['Casa Giulietta'],Arena,"['Verona Tour', 'Museo Lapidario', 'Museo Radio', 'San Fermo', 'Sighseeing']",Castelvecchio,strategy_nearest,False,0.0021178722381591797,success
04937E3A9C4C80,0,['Arena'],Casa Giulietta,"['Centro Fotografia', 'Sighseeing', 'Torre Lamberti', 'Museo Conte', 'Museo Radio']",Duomo,strategy_nearest,False,0.0018808841705322266,success
04938D3A9C4C80,0,['Castelvecchio'],Arena,"['Verona Tour', 'Museo Lapidario', 'Museo Radio', 'San Fermo', 'Casa Giulietta']",Teatro Romano,strategy_nearest,False,0.003427743911743164,success
04938E429C4C80,2,['Casa Giulietta'],Torre Lamberti,"['Sighseeing', 'Centro Fotografia', 'Museo Conte', 'Palazzo della Ragione', 'AMO']",Santa Anastasia,strategy_nearest,False,0.0013680458068847656,success
04938D4A9C4C80,3,"['Arena', 'Casa Giulietta']",Torre Lamberti,"['Sighseeing', 'Centro Fotografia', 'Museo Conte', 'Palazzo della Ragione', 'AMO']",Santa Anastasia,strategy_nearest,False,0.002209901809692383,success
0493924A9C4C80,2,['San Zeno'],Castelvecchio,"['Museo Lapidario', 'Verona Tour', 'Arena', 'Museo Radio', 'Sighseeing']",Santa Anastasia,strategy_nearest,False,0.003264904022216797,success
04939A429C4C80,3,"['Duomo', 'Arena']",Teatro Romano,"['Santa Anastasia', 'AMO', 'Palazzo della Ragione', 'Museo Conte', 'Centro Fotografia']",Torre Lamberti,strategy_nearest,False,0.0026259422302246094,success
0493984A9C4C80,0,['Arena'],Castelvecchio,"['Museo Lapidario', 'Verona Tour', 'Museo Radio', 'San Zeno', 'Sighseeing']",Santa Anastasia,strategy_nearest,False,0.0021848678588867188,success
049398429C4C80,3,"['Arena', 'Casa Giulietta', 'Torre Lamberti']",Santa Anastasia,"['AMO', 'Museo Conte', 'Palazzo della Ragione', 'Teatro Romano', 'Centro Fotografia']",Duomo,strategy_nearest,False,0.0022068023681640625,success
0493934A9C4C80,0,['Arena'],Casa Giulietta,"['Centro Fotografia', 'Sighseeing', 'Torre Lamberti', 'Museo Conte', 'Museo Radio']",Tomba Giulietta,strategy_nearest,False,0.00423121452331543,success
0493A6429C4C80,1,"['Arena', 'Casa Giulietta']",Torre Lamberti,"['Sighseeing', 'Centro Fotografia', 'Museo Conte', 'Palazzo della Ragione', 'AMO']",Palazzo della Ragione,strategy_nearest,True,0.0027201175689697266,success
04939E4A9C4C80,0,['Arena'],Museo Lapidario,"['Verona Tour', 'Castelvecchio', 'Museo Radio', 'San Fermo', 'Casa Giulietta']",Santa Anastasia,strategy_nearest,False,0.0018870830535888672,success
0493A8429C4C80,3,['Arena'],Torre Lamberti,"['Sighseeing', 'Centro Fotografia', 'Museo Conte', 'Casa Giulietta', 'Palazzo della Ragione']",Santa Anastasia,strategy_nearest,False,0.002609729766845703,success
0493A9429C4C80,3,"['Arena', 'Santa Anastasia']",Casa Giulietta,"['Centro Fotografia', 'Sighseeing', 'Torre Lamberti', 'Museo Conte', 'Museo Radio']",Teatro Romano,strategy_nearest,False,0.0030410289764404297,success
0493B0429C4C80,3,"['San Fermo', 'Duomo', 'Teatro Romano']",Torre Lamberti,"['Sighseeing', 'Centro Fotografia', 'Museo Conte', 'Casa Giulietta', 'Palazzo della Ragione']",Casa Giulietta,strategy_nearest,True,0.002604961395263672,success
0493B8429C4C80,0,['Arena'],Museo Storia,"['San Fermo', 'Museo Radio', 'Casa Giulietta', 'Centro Fotografia', 'Tomba Giulietta']",Casa Giulietta,strategy_nearest,True,0.002699136734008789,success
0493BD429C4C80,3,['Arena'],Castelvecchio,"['Museo Lapidario', 'Verona Tour', 'Museo Radio', 'San Zeno', 'Sighseeing']",Santa Anastasia,strategy_nearest,False,0.0035219192504882812,success
0493D0429C4C80,2,"['Museo Lapidario', 'Santa Anastasia', 'Duomo']",Teatro Romano,"['AMO', 'Palazzo della Ragione', 'Museo Conte', 'Centro Fotografia', 'Museo Miniscalchi']",Casa Giulietta,strategy_nearest,False,0.0031931400299072266,success
0493D73A9C4C80,3,"['Torre Lamberti', 'Casa Giulietta']",Castelvecchio,"['Museo Lapidario', 'Verona Tour', 'Arena', 'Museo Radio', 'San Zeno']",Arena,strategy_nearest,True,0.002629995346069336,success
0493E93A9C4C80,0,"['Arena', 'Museo Lapidario', 'Casa Giulietta']",Torre Lamberti,"['Sighseeing', 'Centro Fotografia', 'Museo Conte', 'Palazzo della Ragione', 'AMO']",Castelvecchio,strategy_nearest,False,0.0030999183654785156,success
0493FE3A9C4C80,3,"['Teatro Romano', 'Duomo']",Santa Anastasia,"['AMO', 'Museo Conte', 'Palazzo della Ragione', 'Centro Fotografia', 'Torre Lamberti']",Torre Lamberti,strategy_nearest,True,0.0017900466918945312,success
0493F8429C4C80,0,"['Arena', 'Museo Lapidario']",Torre Lamberti,"['Sighseeing', 'Centro Fotografia', 'Museo Conte', 'Casa Giulietta', 'Palazzo della Ragione']",Casa Giulietta,strategy_nearest,True,0.004078865051269531,success
04940C429C4C80,3,"['Arena', 'Torre Lamberti']",Casa Giulietta,"['Centro Fotografia', 'Sighseeing', 'Museo Conte', 'Museo Radio', 'Palazzo della Ragione']",Tomba Giulietta,strategy_nearest,False,0.003428936004638672,success
04940D429C4C80,2,"['Torre Lamberti', 'Palazzo della Ragione', 'Santa Anastasia', 'Duomo']",Casa Giulietta,"['Centro Fotografia', 'Sighseeing', 'Museo Conte', 'Museo Radio', 'San Fermo']",San Fermo,strategy_nearest,True,0.0023288726806640625,success
0494113A9C4C84,3,"['Arena', 'Castelvecchio']",Torre Lamberti,"['Sighseeing', 'Centro Fotografia', 'Museo Conte', 'Casa Giulietta', 'Palazzo della Ragione']",San Fermo,strategy_nearest,False,0.002287149429321289,success
0494173A9C4C84,3,"['Arena', 'Torre Lamberti', 'Casa Giulietta']",Santa Anastasia,"['AMO', 'Museo Conte', 'Palazzo della Ragione', 'Teatro Romano', 'Centro Fotografia']",Duomo,strategy_nearest,False,0.0021970272064208984,success
04941C3A9C4C80,3,"['Casa Giulietta', 'Santa Anastasia']",Teatro Romano,"['Duomo', 'AMO', 'Palazzo della Ragione', 'Museo Conte', 'Centro Fotografia']",Castelvecchio,strategy_nearest,False,0.0033118724822998047,success
0494144A9C4C80,0,['Arena'],Casa Giulietta,"['Centro Fotografia', 'Sighseeing', 'Torre Lamberti', 'Museo Conte', 'Museo Radio']",Castelvecchio,strategy_nearest,False,0.002835988998413086,success
04941B3A9C4C84,0,['Arena'],Casa Giulietta,"['Centro Fotografia', 'Sighseeing', 'Torre Lamberti', 'Museo Conte', 'Museo Radio']",Torre Lamberti,strategy_nearest,True,0.0034990310668945312,success
04941F3A9C4C84,3,['Arena'],Torre Lamberti,"['Sighseeing', 'Centro Fotografia', 'Museo Conte', 'Casa Giulietta', 'Palazzo della Ragione']",Santa Anastasia,strategy_nearest,False,0.0023250579833984375,success
0494253A9C4C80,3,['Arena'],Santa Anastasia,"['AMO', 'Museo Conte', 'Palazzo della Ragione', 'Teatro Romano', 'Centro Fotografia']",Duomo,strategy_nearest,False,0.0021572113037109375,success
049421429C4C80,3,"['Torre Lamberti', 'Casa Giulietta']",Arena,"['Verona Tour', 'Museo Lapidario', 'Museo Radio', 'San Fermo', 'Sighseeing']",Castelvecchio,strategy_nearest,False,0.0035903453826904297,success
04942E3A9C4C80,3,"['Arena', 'Torre Lamberti']",Casa Giulietta,"['Centro Fotografia', 'Sighseeing', 'Museo Conte', 'Museo Radio', 'Palazzo della Ragione']",Duomo,strategy_nearest,False,0.002794981002807617,success
049430429C4C80,3,"['Arena', 'Castelvecchio', 'Casa Giulietta']",Torre Lamberti,"['Sighseeing', 'Centro Fotografia', 'Museo Conte', 'Palazzo della Ragione', 'AMO']",Santa Anastasia,strategy_nearest,False,0.003020048141479492,success
049438429C4C80,2,['Casa Giulietta'],Torre Lamberti,"['Sighseeing', 'Centro Fotografia', 'Museo Conte', 'Palazzo della Ragione', 'AMO']",San Fermo,strategy_nearest,False,0.0017209053039550781,success
049431429C4C80,3,"['Santa Anastasia', 'Arena', 'Duomo']",Teatro Romano,"['AMO', 'Palazzo della Ragione', 'Museo Conte', 'Centro Fotografia', 'Museo Miniscalchi']",Torre Lamberti,strategy_nearest,False,0.002624034881591797,success
049439429C4C80,3,"['Duomo', 'Teatro Romano']",Arena,"['Verona Tour', 'Museo Lapidario', 'Museo Radio', 'San Fermo', 'Casa Giulietta']",San Zeno,strategy_nearest,False,0.0025789737701416016,success
0494394A9C4C80,3,"['Teatro Romano', 'Museo Storia', 'Casa Giulietta']",Castelvecchio,"['Museo Lapidario', 'Verona Tour', 'Arena', 'Museo Radio', 'San Zeno']",Arena,strategy_nearest,True,0.003289937973022461,success
04943B429C4C80,3,"['Santa Anastasia', 'Tomba Giulietta', 'Museo Lapidario']",Arena,"['Verona Tour', 'Museo Radio', 'San Fermo', 'Casa Giulietta', 'Sighseeing']",Casa Giulietta,strategy_nearest,True,0.003247976303100586,success
04943C429C4C80,3,"['Teatro Romano', 'Torre Lamberti']",Casa Giulietta,"['Centro Fotografia', 'Sighseeing', 'Museo Conte', 'Museo Radio', 'Palazzo della Ragione']",Arena,strategy_nearest,False,0.0024878978729248047,success
049450429C4C80,0,"['Arena', 'Castelvecchio']",Torre Lamberti,"['Sighseeing', 'Centro Fotografia', 'Museo Conte', 'Casa Giulietta', 'Palazzo della Ragione']",Casa Giulietta,strategy_nearest,True,0.00322723388671875,success
04944B3A9C4C80,0,"['Arena', 'San Fermo']",Casa Giulietta,"['Centro Fotografia', 'Sighseeing', 'Torre Lamberti', 'Museo Conte', 'Museo Radio']",Torre Lamberti,strategy_nearest,True,0.0027179718017578125,success
0494563A9C4C80,3,"['Arena', 'Casa Giulietta']",Santa Anastasia,"['AMO', 'Museo Conte', 'Palazzo della Ragione', 'Teatro Romano', 'Centro Fotografia']",Duomo,strategy_nearest,False,0.0024950504302978516,success
0494663A9C4C80,0,"['Arena', 'Duomo']",Casa Giulietta,"['Centro Fotografia', 'Sighseeing', 'Torre Lamberti', 'Museo Conte', 'Museo Radio']",Castelvecchio,strategy_nearest,False,0.0019049644470214844,success
0494583A9C4C80,0,['Arena'],Castelvecchio,"['Museo Lapidario', 'Verona Tour', 'Museo Radio', 'San Zeno', 'Sighseeing']",Casa Giulietta,strategy_nearest,False,0.003962993621826172,success
049466429C4C80,0,['Castelvecchio'],Arena,"['Verona Tour', 'Museo Lapidario', 'Museo Radio', 'San Fermo', 'Casa Giulietta']",Torre Lamberti,strategy_nearest,False,0.003158092498779297,success
04947C429C4C80,0,['Arena'],Casa Giulietta,"['Centro Fotografia', 'Sighseeing', 'Torre Lamberti', 'Museo Conte', 'Museo Radio']",Teatro Romano,strategy_nearest,False,0.0033769607543945312,success
049485429C4C80,0,['Casa Giulietta'],Arena,"['Verona Tour', 'Museo Lapidario', 'Museo Radio', 'San Fermo', 'Sighseeing']",Castelvecchio,strategy_nearest,False,0.001458883285522461,success
04947D3A9C4C80,3,"['San Fermo', 'Torre Lamberti', 'Santa Anastasia']",Teatro Romano,"['Duomo', 'AMO', 'Palazzo della Ragione', 'Museo Conte', 'Centro Fotografia']",Arena,strategy_nearest,False,0.0027289390563964844,success
049474429C4C80,2,['Casa Giulietta'],San Fermo,"['Museo Storia', 'Museo Radio', 'Centro Fotografia', 'Arena', 'Sighseeing']",Castelvecchio,strategy_nearest,False,0.004118919372558594,success
04948F3A9C4C80,0,['Castelvecchio'],Arena,"['Verona Tour', 'Museo Lapidario', 'Museo Radio', 'San Fermo', 'Casa Giulietta']",Tomba Giulietta,strategy_nearest,False,0.0021369457244873047,success
04948A4A9C4C80,3,"['Arena', 'Casa Giulietta']",Torre Lamberti,"['Sighseeing', 'Centro Fotografia', 'Museo Conte', 'Palazzo della Ragione', 'AMO']",Santa Anastasia,strategy_nearest,False,0.0036470890045166016,success
04948E4A9C4C80,1,"['Arena', 'Casa Giulietta']",Torre Lamberti,"['Sighseeing', 'Centro Fotografia', 'Museo Conte', 'Palazzo della Ragione', 'AMO']",Palazzo della Ragione,strategy_nearest,True,0.001580953598022461,success
0494874A9C4C80,3,"['Castelvecchio', 'Arena', 'Tomba Giulietta']",San Fermo,"['Museo Storia', 'Museo Radio', 'Casa Giulietta', 'Centro Fotografia', 'Sighseeing']",Casa Giulietta,strategy_nearest,True,0.0043981075286865234,success
0494974A9C4C80,0,['Casa Giulietta'],Arena,"['Verona Tour', 'Museo Lapidario', 'Museo Radio', 'San Fermo', 'Sighseeing']",Duomo,strategy_nearest,False,0.0022242069244384766,success
0494984A9C4C80,3,"['Arena', 'Museo Lapidario', 'Castelvecchio']",Torre Lamberti,"['Sighseeing', 'Centro Fotografia', 'Museo Conte', 'Casa Giulietta', 'Palazzo della Ragione']",Casa Giulietta,strategy_nearest,True,0.0027861595153808594,success
0494924A9C4C80,3,"['Arena', 'Castelvecchio']",Duomo,"['AMO', 'Museo Miniscalchi', 'Santa Anastasia', 'Teatro Romano', 'Palazzo della Ragione']",Santa Anastasia,strategy_nearest,True,0.0041010379791259766,success
04949C429C4C80,0,['Arena'],Casa Giulietta,"['Centro Fotografia', 'Sighseeing', 'Torre Lamberti', 'Museo Conte', 'Museo Radio']",Teatro Romano,strategy_nearest,False,0.0026786327362060547,success
0494B1429C4C80,0,['Arena'],Palazzo della Ragione,"['AMO', 'Museo Conte', 'Torre Lamberti', 'Centro Fotografia', 'Sighseeing']",Casa Giulietta,strategy_nearest,False,0.002665281295776367,success
0494A54A9C4C80,3,"['Arena', 'Casa Giulietta']",Torre Lamberti,"['Sighseeing', 'Centro Fotografia', 'Museo Conte', 'Palazzo della Ragione', 'AMO']",Santa Anastasia,strategy_nearest,False,0.0021708011627197266,success
0494B2429C4C80,0,"['Arena', 'Santa Anastasia']",Casa Giulietta,"['Centro Fotografia', 'Sighseeing', 'Torre Lamberti', 'Museo Conte', 'Museo Radio']",Castelvecchio,strategy_nearest,False,0.002031087875366211,success
0494AF429C4C80,3,['Arena'],Casa Giulietta,"['Centro Fotografia', 'Sighseeing', 'Torre Lamberti', 'Museo Conte', 'Museo Radio']",Santa Anastasia,strategy_nearest,False,0.004113197326660156,success
0494BB429C4C80,2,"['Torre Lamberti', 'Santa Anastasia']",Duomo,"['AMO', 'Museo Miniscalchi', 'Teatro Romano', 'Palazzo della Ragione', 'Museo Conte']",Casa Giulietta,strategy_nearest,False,0.002691030502319336,success
0494C1429C4C80,0,['Arena'],Casa Giulietta,"['Centro Fotografia', 'Sighseeing', 'Torre Lamberti', 'Museo Conte', 'Museo Radio']",Duomo,strategy_nearest,False,0.0018129348754882812,success
0494C23A9C4C80,0,['Arena'],Castelvecchio,"['Museo Lapidario', 'Verona Tour', 'Museo Radio', 'San Zeno', 'Sighseeing']",Teatro Romano,strategy_nearest,False,0.003284931182861328,success
0494CF3A9C4C80,2,['Palazzo della Ragione'],Torre Lamberti,"['Sighseeing', 'Centro Fotografia', 'Museo Conte', 'Casa Giulietta', 'AMO']",Casa Giulietta,strategy_nearest,True,0.0026481151580810547,success
0494D03A9C4C80,0,['Arena'],Torre Lamberti,"['Sighseeing', 'Centro Fotografia', 'Museo Conte', 'Casa Giulietta', 'Palazzo della Ragione']",Duomo,strategy_nearest,False,0.0033752918243408203,success
0494D43A9C4C80,0,['Arena'],Museo Storia,"['San Fermo', 'Museo Radio', 'Casa Giulietta', 'Centro Fotografia', 'Tomba Giulietta']",Casa Giulietta,strategy_nearest,True,0.002140045166015625,success
0494F33A9C4C80,3,"['Torre Lamberti', 'Santa Anastasia']",Casa Giulietta,"['Centro Fotografia', 'Sighseeing', 'Museo Conte', 'Museo Radio', 'Palazzo della Ragione']",Arena,strategy_nearest,False,0.0032379627227783203,success
0494D6429C4C80,3,"['Arena', 'Castelvecchio', 'Duomo']",Torre Lamberti,"['Sighseeing', 'Centro Fotografia', 'Museo Conte', 'Casa Giulietta', 'Palazzo della Ragione']",Casa Giulietta,strategy_nearest,True,0.0027332305908203125,success
04950F429C4C80,1,"['San Fermo', 'Casa Giulietta', 'Torre Lamberti', 'Palazzo della Ragione']",Santa Anastasia,"['AMO', 'Museo Conte', 'Teatro Romano', 'Centro Fotografia', 'Duomo']",Duomo,strategy_nearest,True,0.002135753631591797,success
04950E3A9C4C80,0,['Arena'],Museo Lapidario,"['Verona Tour', 'Castelvecchio', 'Museo Radio', 'San Fermo', 'Casa Giulietta']",Castelvecchio,strategy_nearest,True,0.0017650127410888672,success
04950D4A9C4C80,3,"['Arena', 'Teatro Romano', 'Torre Lamberti']",Duomo,"['AMO', 'Museo Miniscalchi', 'Santa Anastasia', 'Palazzo della Ragione', 'Museo Conte']",Santa Anastasia,strategy_nearest,True,0.004206180572509766,success
04950E429C4C84,3,['Arena'],Santa Anastasia,"['AMO', 'Museo Conte', 'Palazzo della Ragione', 'Teatro Romano', 'Centro Fotografia']",Duomo,strategy_nearest,False,0.002935171127319336,success
049514429C4C80,0,['Arena'],Casa Giulietta,"['Centro Fotografia', 'Sighseeing', 'Torre Lamberti', 'Museo Conte', 'Museo Radio']",Torre Lamberti,strategy_nearest,True,0.0015850067138671875,success
04951B429C4C84,3,"['Arena', 'Museo Lapidario', 'Castelvecchio']",Torre Lamberti,"['Sighseeing', 'Centro Fotografia', 'Museo Conte', 'Casa Giulietta', 'Palazzo della Ragione']",Casa Giulietta,strategy_nearest,True,0.003242015838623047,success
04951A429C4C84,3,"['Arena', 'Museo Lapidario', 'Castelvecchio']",Casa Giulietta,"['Centro Fotografia', 'Sighseeing', 'Torre Lamberti', 'Museo Conte', 'Museo Radio']",Torre Lamberti,strategy_nearest,True,0.0027511119842529297,success
0495104A9C4C80,0,['Arena'],Casa Giulietta,"['Centro Fotografia', 'Sighseeing', 'Torre Lamberti', 'Museo Conte', 'Museo Radio']",Torre Lamberti,strategy_nearest,True,0.0022118091583251953,success
04951D429C4C84,2,['Casa Giulietta'],Castelvecchio,"['Museo Lapidario', 'Verona Tour', 'Arena', 'Museo Radio', 'San Zeno']",Santa Anastasia,strategy_nearest,False,0.0022830963134765625,success
04951F429C4C84,3,['Arena'],Torre Lamberti,"['Sighseeing', 'Centro Fotografia', 'Museo Conte', 'Casa Giulietta', 'Palazzo della Ragione']",Santa Anastasia,strategy_nearest,False,0.0028541088104248047,success
049524429C4C84,2,"['Castelvecchio', 'Torre Lamberti']",Casa Giulietta,"['Centro Fotografia', 'Sighseeing', 'Museo Conte', 'Museo Radio', 'Palazzo della Ragione']",Duomo,strategy_nearest,False,0.003353118896484375,success
04951C429C4C84,1,"['Arena', 'San Fermo']",Casa Giulietta,"['Centro Fotografia', 'Sighseeing', 'Torre Lamberti', 'Museo Conte', 'Museo Radio']",Torre Lamberti,strategy_nearest,True,0.001596212387084961,success
04952F3A9C4C80,2,['Casa Giulietta'],Torre Lamberti,"['Sighseeing', 'Centro Fotografia', 'Museo Conte', 'Palazzo della Ragione', 'AMO']",Castelvecchio,strategy_nearest,False,0.002628803253173828,success
04952E4A9C4C80,0,['Casa Giulietta'],Arena,"['Verona Tour', 'Museo Lapidario', 'Museo Radio', 'San Fermo', 'Sighseeing']",Teatro Romano,strategy_nearest,False,0.002048969268798828,success
04952F429C4C80,3,"['Santa Anastasia', 'Duomo', 'Teatro Romano', 'San Zeno']",Castelvecchio,"['Museo Lapidario', 'Verona Tour', 'Arena', 'Museo Radio', 'Sighseeing']",San Fermo,strategy_nearest,False,0.002579212188720703,success
049533429C4C80,1,['Arena'],Torre Lamberti,"['Sighseeing', 'Centro Fotografia', 'Museo Conte', 'Casa Giulietta', 'Palazzo della Ragione']",Palazzo della Ragione,strategy_nearest,True,0.0036919116973876953,success
04953C429C4C80,0,"['Arena', 'Casa Giulietta']",Torre Lamberti,"['Sighseeing', 'Centro Fotografia', 'Museo Conte', 'Palazzo della Ragione', 'AMO']",Teatro Romano,strategy_nearest,False,0.003396749496459961,success
0495384A9C4C80,3,"['Arena', 'San Fermo', 'Museo Lapidario']",Castelvecchio,"['Verona Tour', 'Museo Radio', 'San Zeno', 'Sighseeing', 'Museo Miniscalchi']",Santa Anastasia,strategy_nearest,False,0.002930164337158203,success
0495413A9C4C80,3,"['Arena', 'Casa Giulietta']",Santa Anastasia,"['AMO', 'Museo Conte', 'Palazzo della Ragione', 'Teatro Romano', 'Centro Fotografia']",Teatro Romano,strategy_nearest,True,0.002608776092529297,success
049545429C4C80,0,['Teatro Romano'],Casa Giulietta,"['Centro Fotografia', 'Sighseeing', 'Torre Lamberti', 'Museo Conte', 'Museo Radio']",San Fermo,strategy_nearest,False,0.001313924789428711,success
0495593A9C4C80,3,"['Arena', 'Casa Giulietta']",Santa Anastasia,"['AMO', 'Museo Conte', 'Palazzo della Ragione', 'Teatro Romano', 'Centro Fotografia']",Tomba Giulietta,strategy_nearest,False,0.0019369125366210938,success
049574429C4C80,3,['Arena'],Torre Lamberti,"['Sighseeing', 'Centro Fotografia', 'Museo Conte', 'Casa Giulietta', 'Palazzo della Ragione']",Santa Anastasia,strategy_nearest,False,0.0028791427612304688,success
0495753A9C4C80,3,"['Arena', 'Casa Giulietta']",Torre Lamberti,"['Sighseeing', 'Centro Fotografia', 'Museo Conte', 'Palazzo della Ragione', 'AMO']",Santa Anastasia,strategy_nearest,False,0.003117084503173828,success
04957A429C4C80,2,['Giardino Giusti'],Casa Giulietta,"['Centro Fotografia', 'Sighseeing', 'Torre Lamberti', 'Museo Conte', 'Museo Radio']",Castelvecchio,strategy_nearest,False,0.002413034439086914,success
049581429C4C80,0,"['Casa Giulietta', 'Santa Anastasia']",Arena,"['Verona Tour', 'Museo Lapidario', 'Museo Radio', 'San Fermo', 'Sighseeing']",Castelvecchio,strategy_nearest,False,0.002582073211669922,success
04957F429C4C80,3,"['Castelvecchio', 'Arena']",Torre Lamberti,"['Sighseeing', 'Centro Fotografia', 'Museo Conte', 'Casa Giulietta', 'Palazzo della Ragione']",Santa Anastasia,strategy_nearest,False,0.0030519962310791016,success
049582429C4C80,3,"['Arena', 'San Fermo', 'Casa Giulietta']",Torre Lamberti,"['Sighseeing', 'Centro Fotografia', 'Museo Conte', 'Palazzo della Ragione', 'AMO']",Santa Anastasia,strategy_nearest,False,0.003143310546875,success
049583429C4C80,0,"['Casa Giulietta', 'Torre Lamberti']",Teatro Romano,"['Santa Anastasia', 'Duomo', 'AMO', 'Palazzo della Ragione', 'Museo Conte']",Castelvecchio,strategy_nearest,False,0.0023369789123535156,success
049585429C4C80,1,"['Arena', 'Museo Lapidario', 'San Fermo']",Palazzo della Ragione,"['AMO', 'Museo Conte', 'Torre Lamberti', 'Centro Fotografia', 'Sighseeing']",Torre Lamberti,strategy_nearest,True,0.0020380020141601562,success
049584429C4C80,1,"['Casa Giulietta', 'Arena']",Torre Lamberti,"['Sighseeing', 'Centro Fotografia', 'Museo Conte', 'Palazzo della Ragione', 'AMO']",Palazzo della Ragione,strategy_nearest,True,0.0040209293365478516,success
049586429C4C80,3,"['Arena', 'Castelvecchio']",Duomo,"['AMO', 'Museo Miniscalchi', 'Santa Anastasia', 'Teatro Romano', 'Palazzo della Ragione']",Santa Anastasia,strategy_nearest,True,0.0024840831756591797,success
0495934A9C4C80,3,['Arena'],Torre Lamberti,"['Sighseeing', 'Centro Fotografia', 'Museo Conte', 'Casa Giulietta', 'Palazzo della Ragione']",Santa Anastasia,strategy_nearest,False,0.002070188522338867,success
04958D429C4C80,3,"['Arena', 'Casa Giulietta']",Torre Lamberti,"['Sighseeing', 'Centro Fotografia', 'Museo Conte', 'Palazzo della Ragione', 'AMO']",Santa Anastasia,strategy_nearest,False,0.0011222362518310547,success
0495894A9C4C80,2,"['Museo Lapidario', 'Museo Lapidario', 'Casa Giulietta']",Santa Anastasia,"['AMO', 'Museo Conte', 'Palazzo della Ragione', 'Teatro Romano', 'Centro Fotografia']",Teatro Romano,strategy_nearest,True,0.004180908203125,success
04958C3A9C4C80,0,"['Arena', 'Museo Lapidario']",Casa Giulietta,"['Centro Fotografia', 'Sighseeing', 'Torre Lamberti', 'Museo Conte', 'Museo Radio']",Torre Lamberti,strategy_nearest,True,0.0041620731353759766,success
04959D429C4C80,0,['Arena'],Museo Lapidario,"['Verona Tour', 'Castelvecchio', 'Museo Radio', 'San Fermo', 'Casa Giulietta']",Castelvecchio,strategy_nearest,True,0.003033876419067383,success
0495A04A9C4C80,0,['Arena'],Castelvecchio,"['Museo Lapidario', 'Verona Tour', 'Museo Radio', 'San Zeno', 'Sighseeing']",Casa Giulietta,strategy_nearest,False,0.0029680728912353516,success
04959B4A9C4C80,0,['Arena'],San Zeno,"['Castelvecchio', 'Verona Tour', 'Museo Lapidario', 'Museo Miniscalchi', 'Sighseeing']",Castelvecchio,strategy_nearest,True,0.003072977066040039,success
0495A7429C4C80,0,['Arena'],Castelvecchio,"['Museo Lapidario', 'Verona Tour', 'Museo Radio', 'San Zeno', 'Sighseeing']",Santa Anastasia,strategy_nearest,False,0.0027408599853515625,success
0495AF3A9C4C80,3,['Arena'],Casa Giulietta,"['Centro Fotografia', 'Sighseeing', 'Torre Lamberti', 'Museo Conte', 'Museo Radio']",Santa Anastasia,strategy_nearest,False,0.002068042755126953,success
0495A54A9C4C80,0,['Arena'],Casa Giulietta,"['Centro Fotografia', 'Sighseeing', 'Torre Lamberti', 'Museo Conte', 'Museo Radio']",Torre Lamberti,strategy_nearest,True,0.003412008285522461,success
0495B3429C4C80,3,['Arena'],Casa Giulietta,"['Centro Fotografia', 'Sighseeing', 'Torre Lamberti', 'Museo Conte', 'Museo Radio']",Santa Anastasia,strategy_nearest,False,0.0032181739807128906,success
0495B6429C4C80,0,"['Arena', 'Castelvecchio']",Torre Lamberti,"['Sighseeing', 'Centro Fotografia', 'Museo Conte', 'Casa Giulietta', 'Palazzo della Ragione']",Casa Giulietta,strategy_nearest,True,0.0020308494567871094,success
0495C23A9C4C80,3,"['Tomba Giulietta', 'Arena']",Casa Giulietta,"['Centro Fotografia', 'Sighseeing', 'Torre Lamberti', 'Museo Conte', 'Museo Radio']",Santa Anastasia,strategy_nearest,False,0.0032339096069335938,success
0495BC429C4C80,0,['Arena'],Museo Lapidario,"['Verona Tour', 'Castelvecchio', 'Museo Radio', 'San Fermo', 'Casa Giulietta']",Castelvecchio,strategy_nearest,True,0.0021238327026367188,success
0495BA72743380,0,['Arena'],Castelvecchio,"['Museo Lapidario', 'Verona Tour', 'Museo Radio', 'San Zeno', 'Sighseeing']",Casa Giulietta,strategy_nearest,False,0.002790212631225586,success
0495D6429C4C80,0,"['Arena', 'Castelvecchio', 'Torre Lamberti']",Casa Giulietta,"['Centro Fotografia', 'Sighseeing', 'Museo Conte', 'Museo Radio', 'Palazzo della Ragione']",San Fermo,strategy_nearest,False,0.0025839805603027344,success
0495D63A9C4C80,3,"['Arena', 'Torre Lamberti']",Santa Anastasia,"['AMO', 'Museo Conte', 'Palazzo della Ragione', 'Teatro Romano', 'Centro Fotografia']",Castelvecchio,strategy_nearest,False,0.0021712779998779297,success
0495CF3A9C4C80,0,['Arena'],Torre Lamberti,"['Sighseeing', 'Centro Fotografia', 'Museo Conte', 'Casa Giulietta', 'Palazzo della Ragione']",Casa Giulietta,strategy_nearest,True,0.0015952587127685547,success
0495D33A9C4C80,0,['Arena'],Casa Giulietta,"['Centro Fotografia', 'Sighseeing', 'Torre Lamberti', 'Museo Conte', 'Museo Radio']",Torre Lamberti,strategy_nearest,True,0.0034542083740234375,success
0495DC429C4C80,2,['Teatro Romano'],Duomo,"['AMO', 'Museo Miniscalchi', 'Santa Anastasia', 'Palazzo della Ragione', 'Museo Conte']",Castelvecchio,strategy_nearest,False,0.00220489501953125,success
049601429C4C84,1,"['Arena', 'Palazzo della Ragione', 'Torre Lamberti']",Casa Giulietta,"['Centro Fotografia', 'Sighseeing', 'Museo Conte', 'Museo Radio', 'San Fermo']",Museo Storia,strategy_nearest,False,0.003167867660522461,success
0495F73A9C4C80,3,['Arena'],Torre Lamberti,"['Sighseeing', 'Centro Fotografia', 'Museo Conte', 'Casa Giulietta', 'Palazzo della Ragione']",Duomo,strategy_nearest,False,0.002148866653442383,success
0495F5429C4C80,4,"['Castelvecchio', 'Tomba Giulietta', 'Museo Radio', 'Museo Lapidario', 'San Zeno']",Santa Anastasia,"['AMO', 'Museo Conte', 'Palazzo della Ragione', 'Teatro Romano', 'Centro Fotografia']",Casa Giulietta,strategy_nearest,False,0.002808094024658203,success
0496103A9C4C80,2,"['Santa Anastasia', 'Casa Giulietta', 'Duomo']",Torre Lamberti,"['Sighseeing', 'Centro Fotografia', 'Museo Conte', 'Palazzo della Ragione', 'AMO']",Palazzo della Ragione,strategy_nearest,True,0.00261688232421875,success
0496094A9C4C80,2,['Duomo'],Palazzo della Ragione,"['AMO', 'Museo Conte', 'Torre Lamberti', 'Centro Fotografia', 'Sighseeing']",Santa Anastasia,strategy_nearest,False,0.0020821094512939453,success
049612429C4C80,2,"['San Fermo', 'Teatro Romano']",Santa Anastasia,"['AMO', 'Museo Conte', 'Palazzo della Ragione', 'Centro Fotografia', 'Duomo']",Casa Giulietta,strategy_nearest,False,0.0014050006866455078,success
0496133A9C4C80,3,"['Arena', 'Casa Giulietta']",Torre Lamberti,"['Sighseeing', 'Centro Fotografia', 'Museo Conte', 'Palazzo della Ragione', 'AMO']",Santa Anastasia,strategy_nearest,False,0.0033261775970458984,success
04961D429C4C84,3,"['Tomba Giulietta', 'Casa Giulietta', 'Torre Lamberti']",Castelvecchio,"['Museo Lapidario', 'Verona Tour', 'Arena', 'Museo Radio', 'San Zeno']",Arena,strategy_nearest,True,0.0024862289428710938,success
0496133A9C4C84,3,"['Museo Lapidario', 'Arena', 'Casa Giulietta', 'San Fermo']",Santa Anastasia,"['AMO', 'Museo Conte', 'Palazzo della Ragione', 'Teatro Romano', 'Centro Fotografia']",Duomo,strategy_nearest,False,0.0018470287322998047,success
04961A3A9C4C80,6,"['San Fermo', 'Tomba Giulietta', 'Arena']",Torre Lamberti,"['Sighseeing', 'Centro Fotografia', 'Museo Conte', 'Casa Giulietta', 'Palazzo della Ragione']",Duomo,strategy_nearest,False,0.003200054168701172,success
049613429C4C80,3,"['Duomo', 'Santa Anastasia']",Torre Lamberti,"['Sighseeing', 'Centro Fotografia', 'Museo Conte', 'Casa Giulietta', 'Palazzo della Ragione']",Arena,strategy_nearest,False,0.002562999725341797,success
0496244A9C4C80,3,"['Arena', 'Torre Lamberti', 'Casa Giulietta']",Santa Anastasia,"['AMO', 'Museo Conte', 'Palazzo della Ragione', 'Teatro Romano', 'Centro Fotografia']",Duomo,strategy_nearest,False,0.002198934555053711,success
0496254A9C4C80,1,"['Tomba Giulietta', 'Castelvecchio', 'Arena']",Torre Lamberti,"['Sighseeing', 'Centro Fotografia', 'Museo Conte', 'Casa Giulietta', 'Palazzo della Ragione']",Palazzo della Ragione,strategy_nearest,True,0.002635955810546875,success
049620429C4C80,3,"['Arena', 'Museo Lapidario']",Castelvecchio,"['Verona Tour', 'Museo Radio', 'San Zeno', 'Sighseeing', 'Museo Miniscalchi']",San Zeno,strategy_nearest,True,0.004085063934326172,success
0496233A9C4C84,2,['San Fermo'],Casa Giulietta,"['Centro Fotografia', 'Sighseeing', 'Torre Lamberti', 'Museo Conte', 'Museo Radio']",Santa Anastasia,strategy_nearest,False,0.0022411346435546875,success
04962B429C4C80,1,"['Casa Giulietta', 'Palazzo della Ragione', 'Torre Lamberti']",Santa Anastasia,"['AMO', 'Museo Conte', 'Teatro Romano', 'Centro Fotografia', 'Duomo']",Duomo,strategy_nearest,True,0.002832174301147461,success
04962B4A9C4C80,2,['San Fermo'],Giardino Giusti,"['Santa Anastasia', 'Teatro Romano', 'Museo Conte', 'Centro Fotografia', 'Museo Storia']",Casa Giulietta,strategy_nearest,False,0.0034050941467285156,success
04962D429C4C80,3,['Arena'],Torre Lamberti,"['Sighseeing', 'Centro Fotografia', 'Museo Conte', 'Casa Giulietta', 'Palazzo della Ragione']",Santa Anastasia,strategy_nearest,False,0.0019948482513427734,success
0496284A9C4C80,3,"['Casa Giulietta', 'Torre Lamberti', 'Santa Anastasia']",Duomo,"['AMO', 'Museo Miniscalchi', 'Teatro Romano', 'Palazzo della Ragione', 'Museo Conte']",Teatro Romano,strategy_nearest,True,0.0016891956329345703,success
04963C3A9C4C80,3,"['Torre Lamberti', 'Duomo', 'Santa Anastasia']",Arena,"['Verona Tour', 'Museo Lapidario', 'Museo Radio', 'San Fermo', 'Casa Giulietta']",Museo Lapidario,strategy_nearest,True,0.0020279884338378906,success
04962F429C4C80,3,"['Santa Anastasia', 'Castelvecchio']",Arena,"['Verona Tour', 'Museo Lapidario', 'Museo Radio', 'San Fermo', 'Casa Giulietta']",Duomo,strategy_nearest,False,0.003986835479736328,success
0496314A9C4C80,3,"['Castelvecchio', 'San Zeno', 'Casa Giulietta']",Arena,"['Verona Tour', 'Museo Lapidario', 'Museo Radio', 'San Fermo', 'Sighseeing']",San Fermo,strategy_nearest,True,0.001497030258178711,success
049643429C4C80,3,"['Arena', 'Museo Lapidario', 'Castelvecchio']",Duomo,"['AMO', 'Museo Miniscalchi', 'Santa Anastasia', 'Teatro Romano', 'Palazzo della Ragione']",Casa Giulietta,strategy_nearest,False,0.0026521682739257812,success
04964B3A9C4C80,3,"['Arena', 'San Fermo']",Casa Giulietta,"['Centro Fotografia', 'Sighseeing', 'Torre Lamberti', 'Museo Conte', 'Museo Radio']",Santa Anastasia,strategy_nearest,False,0.002343893051147461,success
0496563A9C4C80,2,['Casa Giulietta'],Torre Lamberti,"['Sighseeing', 'Centro Fotografia', 'Museo Conte', 'Palazzo della Ragione', 'AMO']",Santa Anastasia,strategy_nearest,False,0.002180814743041992,success
0496683A9C4C80,2,"['Torre Lamberti', 'Palazzo della Ragione', 'Casa Giulietta', 'San Fermo']",Duomo,"['AMO', 'Museo Miniscalchi', 'Santa Anastasia', 'Teatro Romano', 'Museo Conte']",Santa Anastasia,strategy_nearest,True,0.0027430057525634766,success
049670429C4C80,3,"['Arena', 'Castelvecchio']",Santa Anastasia,"['AMO', 'Museo Conte', 'Palazzo della Ragione', 'Teatro Romano', 'Centro Fotografia']",Teatro Romano,strategy_nearest,True,0.003039836883544922,success
0496813A9C4C80,0,['Castelvecchio'],Arena,"['Verona Tour', 'Museo Lapidario', 'Museo Radio', 'San Fermo', 'Casa Giulietta']",Casa Giulietta,strategy_nearest,True,0.0015850067138671875,success
0496814A9C4C80,0,['Arena'],Torre Lamberti,"['Sighseeing', 'Centro Fotografia', 'Museo Conte', 'Casa Giulietta', 'Palazzo della Ragione']",Duomo,strategy_nearest,False,0.002141237258911133,success
049673429C4C80,0,['Arena'],Casa Giulietta,"['Centro Fotografia', 'Sighseeing', 'Torre Lamberti', 'Museo Conte', 'Museo Radio']",Torre Lamberti,strategy_nearest,True,0.002885103225708008,success
04967B429C4C80,0,['Arena'],Casa Giulietta,"['Centro Fotografia', 'Sighseeing', 'Torre Lamberti', 'Museo Conte', 'Museo Radio']",Torre Lamberti,strategy_nearest,True,0.003607034683227539,success
0496874A9C4C80,0,['Arena'],Torre Lamberti,"['Sighseeing', 'Centro Fotografia', 'Museo Conte', 'Casa Giulietta', 'Palazzo della Ragione']",Casa Giulietta,strategy_nearest,True,0.0035560131072998047,success
0496904A9C4C80,1,['Arena'],Castelvecchio,"['Museo Lapidario', 'Verona Tour', 'Museo Radio', 'San Zeno', 'Sighseeing']",Palazzo della Ragione,strategy_nearest,False,0.003325939178466797,success
049687429C4C80,0,['Arena'],Castelvecchio,"['Museo Lapidario', 'Verona Tour', 'Museo Radio', 'San Zeno', 'Sighseeing']",Museo Lapidario,strategy_nearest,True,0.0029158592224121094,success
04968E4A9C4C80,1,"['Arena', 'Casa Giulietta', 'Torre Lamberti']",Palazzo della Ragione,"['AMO', 'Museo Conte', 'Centro Fotografia', 'Sighseeing', 'Santa Anastasia']",Castelvecchio,strategy_nearest,False,0.0013930797576904297,success
0496934A9C4C80,0,"['Castelvecchio', 'Arena']",Casa Giulietta,"['Centro Fotografia', 'Sighseeing', 'Torre Lamberti', 'Museo Conte', 'Museo Radio']",Giardino Giusti,strategy_nearest,False,0.0020990371704101562,success
04969B4A9C4C80,3,['Arena'],Casa Giulietta,"['Centro Fotografia', 'Sighseeing', 'Torre Lamberti', 'Museo Conte', 'Museo Radio']",Torre Lamberti,strategy_nearest,True,0.001374959945678711,success
0496914A9C4C80,0,['Arena'],Casa Giulietta,"['Centro Fotografia', 'Sighseeing', 'Torre Lamberti', 'Museo Conte', 'Museo Radio']",Santa Anastasia,strategy_nearest,False,0.0027539730072021484,success
0496984A9C4C80,0,['Arena'],Casa Giulietta,"['Centro Fotografia', 'Sighseeing', 'Torre Lamberti', 'Museo Conte', 'Museo Radio']",Torre Lamberti,strategy_nearest,True,0.0032911300659179688,success
0496BD429C4C80,3,['Arena'],Casa Giulietta,"['Centro Fotografia', 'Sighseeing', 'Torre Lamberti', 'Museo Conte', 'Museo Radio']",Santa Anastasia,strategy_nearest,False,0.003288745880126953,success
0496B9429C4C80,0,['Arena'],Casa Giulietta,"['Centro Fotografia', 'Sighseeing', 'Torre Lamberti', 'Museo Conte', 'Museo Radio']",Teatro Romano,strategy_nearest,False,0.0027189254760742188,success
0496AA4A9C4C80,3,"['Arena', 'Casa Giulietta', 'San Fermo']",Teatro Romano,"['Santa Anastasia', 'Duomo', 'AMO', 'Palazzo della Ragione', 'Museo Conte']",Duomo,strategy_nearest,True,0.003401041030883789,success
0496AD429C4C80,3,"['Castelvecchio', 'Arena']",Casa Giulietta,"['Centro Fotografia', 'Sighseeing', 'Torre Lamberti', 'Museo Conte', 'Museo Radio']",Torre Lamberti,strategy_nearest,True,0.002104043960571289,success
0496DB3A9C4C80,2,"['Castelvecchio', 'Casa Giulietta']",Tomba Giulietta,"['San Fermo', 'Museo Storia', 'Arena', 'Museo Lapidario', 'Museo Radio']",Museo Storia,strategy_nearest,True,0.0016169548034667969,success
0496F83A9C4C80,3,['Arena'],Casa Giulietta,"['Centro Fotografia', 'Sighseeing', 'Torre Lamberti', 'Museo Conte', 'Museo Radio']",Santa Anastasia,strategy_nearest,False,0.0027511119842529297,success
0496BF429C4C80,1,"['Arena', 'Castelvecchio', 'Tomba Giulietta']",Casa Giulietta,"['Centro Fotografia', 'Sighseeing', 'Torre Lamberti', 'Museo Conte', 'Museo Radio']",Torre Lamberti,strategy_nearest,True,0.003450155258178711,success
0496F9429C4C80,3,"['Arena', 'Santa Anastasia']",Duomo,"['AMO', 'Museo Miniscalchi', 'Teatro Romano', 'Palazzo della Ragione', 'Museo Conte']",Torre Lamberti,strategy_nearest,False,0.0020139217376708984,success
049718429C4C80,1,"['Arena', 'Torre Lamberti']",Palazzo della Ragione,"['AMO', 'Museo Conte', 'Centro Fotografia', 'Sighseeing', 'Santa Anastasia']",Duomo,strategy_nearest,False,0.003213167190551758,success
0497133A9C4C80,1,"['Arena', 'San Fermo', 'Museo Storia', 'Casa Giulietta']",Tomba Giulietta,"['Museo Lapidario', 'Museo Radio', 'Verona Tour', 'Castelvecchio', 'Sighseeing']",Teatro Romano,strategy_nearest,False,0.0016331672668457031,success
0497163A9C4C84,3,"['Arena', 'Casa Giulietta', 'Torre Lamberti']",Santa Anastasia,"['AMO', 'Museo Conte', 'Palazzo della Ragione', 'Teatro Romano', 'Centro Fotografia']",Duomo,strategy_nearest,False,0.002775907516479492,success
049717429C4C84,0,['Arena'],Casa Giulietta,"['Centro Fotografia', 'Sighseeing', 'Torre Lamberti', 'Museo Conte', 'Museo Radio']",Santa Anastasia,strategy_nearest,False,0.0020411014556884766,success
04971C3A9C4C84,3,"['Arena', 'Casa Giulietta']",Torre Lamberti,"['Sighseeing', 'Centro Fotografia', 'Museo Conte', 'Palazzo della Ragione', 'AMO']",Santa Anastasia,strategy_nearest,False,0.0027167797088623047,success
049722429C4C84,3,['Duomo'],Arena,"['Verona Tour', 'Museo Lapidario', 'Museo Radio', 'San Fermo', 'Casa Giulietta']",Casa Giulietta,strategy_nearest,True,0.0019860267639160156,success
04971F3A9C4C84,3,"['Arena', 'Duomo']",Santa Anastasia,"['AMO', 'Museo Conte', 'Palazzo della Ragione', 'Teatro Romano', 'Centro Fotografia']",Torre Lamberti,strategy_nearest,False,0.0033049583435058594,success
04971A429C4C84,3,"['Arena', 'Torre Lamberti']",Casa Giulietta,"['Centro Fotografia', 'Sighseeing', 'Museo Conte', 'Museo Radio', 'Palazzo della Ragione']",Santa Anastasia,strategy_nearest,False,0.0015599727630615234,success
049724429C4C84,3,['Arena'],Torre Lamberti,"['Sighseeing', 'Centro Fotografia', 'Museo Conte', 'Casa Giulietta', 'Palazzo della Ragione']",Casa Giulietta,strategy_nearest,True,0.0027120113372802734,success
0497254A9C4C80,3,"['Casa Giulietta', 'Arena']",Tomba Giulietta,"['San Fermo', 'Museo Storia', 'Museo Lapidario', 'Museo Radio', 'Verona Tour']",San Fermo,strategy_nearest,True,0.002093076705932617,success
0497284A9C4C80,0,"['Torre Lamberti', 'Casa Giulietta']",Museo Lapidario,"['Verona Tour', 'Arena', 'Castelvecchio', 'Museo Radio', 'San Fermo']",Castelvecchio,strategy_nearest,True,0.003282785415649414,success
049723429C4C84,3,"['Arena', 'Museo Lapidario', 'Castelvecchio']",Casa Giulietta,"['Centro Fotografia', 'Sighseeing', 'Torre Lamberti', 'Museo Conte', 'Museo Radio']",Torre Lamberti,strategy_nearest,True,0.0020189285278320312,success
04973C3A9C4C80,1,"['Duomo', 'Teatro Romano']",Casa Giulietta,"['Centro Fotografia', 'Sighseeing', 'Torre Lamberti', 'Museo Conte', 'Museo Radio']",Palazzo della Ragione,strategy_nearest,False,0.002749919891357422,success
0497394A9C4C80,3,"['San Zeno', 'Castelvecchio', 'Casa Giulietta']",Torre Lamberti,"['Sighseeing', 'Centro Fotografia', 'Museo Conte', 'Palazzo della Ragione', 'AMO']",Arena,strategy_nearest,False,0.002077341079711914,success
049739429C4C80,1,['Arena'],Castelvecchio,"['Museo Lapidario', 'Verona Tour', 'Museo Radio', 'San Zeno', 'Sighseeing']",Palazzo della Ragione,strategy_nearest,False,0.0022029876708984375,success
049737429C4C80,2,['Duomo'],Castelvecchio,"['Museo Lapidario', 'Verona Tour', 'Arena', 'Museo Radio', 'San Zeno']",San Zeno,strategy_nearest,True,0.004151821136474609,success
04973F3A9C4C80,0,['Arena'],Castelvecchio,"['Museo Lapidario', 'Verona Tour', 'Museo Radio', 'San Zeno', 'Sighseeing']",Teatro Romano,strategy_nearest,False,0.002527952194213867,success
049746429C4C80,3,"['Casa Giulietta', 'Torre Lamberti', 'Santa Anastasia']",Teatro Romano,"['Duomo', 'AMO', 'Palazzo della Ragione', 'Museo Conte', 'Centro Fotografia']",Duomo,strategy_nearest,True,0.0036830902099609375,success
049769429C4C80,3,"['Arena', 'Torre Lamberti']",Casa Giulietta,"['Centro Fotografia', 'Sighseeing', 'Museo Conte', 'Museo Radio', 'Palazzo della Ragione']",Santa Anastasia,strategy_nearest,False,0.0028128623962402344,success
049755429C4C80,2,"['Torre Lamberti', 'Casa Giulietta']",Santa Anastasia,"['AMO', 'Museo Conte', 'Palazzo della Ragione', 'Teatro Romano', 'Centro Fotografia']",Duomo,strategy_nearest,False,0.0018239021301269531,success
04977A4A9C4C80,3,"['Arena', 'Santa Anastasia']",Teatro Romano,"['Duomo', 'AMO', 'Palazzo della Ragione', 'Museo Conte', 'Centro Fotografia']",Casa Giulietta,strategy_nearest,False,0.00344085693359375,success
049787429C4C80,3,"['Arena', 'Teatro Romano']",Santa Anastasia,"['AMO', 'Museo Conte', 'Palazzo della Ragione', 'Centro Fotografia', 'Duomo']",Torre Lamberti,strategy_nearest,False,0.0020296573638916016,success
04977F429C4C80,0,['Arena'],Casa Giulietta,"['Centro Fotografia', 'Sighseeing', 'Torre Lamberti', 'Museo Conte', 'Museo Radio']",Castelvecchio,strategy_nearest,False,0.001554250717163086,success
0497723A9C4C80,0,['Arena'],Casa Giulietta,"['Centro Fotografia', 'Sighseeing', 'Torre Lamberti', 'Museo Conte', 'Museo Radio']",Duomo,strategy_nearest,False,0.0028710365295410156,success
04978E429C4C80,1,"['Arena', 'Casa Giulietta']",Torre Lamberti,"['Sighseeing', 'Centro Fotografia', 'Museo Conte', 'Palazzo della Ragione', 'AMO']",Santa Anastasia,strategy_nearest,False,0.002031087875366211,success
0497874A9C4C80,1,"['Arena', 'Casa Giulietta']",Torre Lamberti,"['Sighseeing', 'Centro Fotografia', 'Museo Conte', 'Palazzo della Ragione', 'AMO']",Palazzo della Ragione,strategy_nearest,True,0.0034906864166259766,success
049789429C4C80,0,"['Casa Giulietta', 'Arena']",Castelvecchio,"['Museo Lapidario', 'Verona Tour', 'Museo Radio', 'San Zeno', 'Sighseeing']",San Zeno,strategy_nearest,True,0.0028591156005859375,success
04978C4A9C4C80,0,['Arena'],Casa Giulietta,"['Centro Fotografia', 'Sighseeing', 'Torre Lamberti', 'Museo Conte', 'Museo Radio']",Torre Lamberti,strategy_nearest,True,0.0015702247619628906,success
0497944A9C4C80,3,"['Arena', 'Casa Giulietta']",Santa Anastasia,"['AMO', 'Museo Conte', 'Palazzo della Ragione', 'Teatro Romano', 'Centro Fotografia']",Teatro Romano,strategy_nearest,True,0.001416921615600586,success
0497914A9C4C80,0,['Arena'],Casa Giulietta,"['Centro Fotografia', 'Sighseeing', 'Torre Lamberti', 'Museo Conte', 'Museo Radio']",Torre Lamberti,strategy_nearest,True,0.0028591156005859375,success
04978F4A9C4C80,0,"['Arena', 'Casa Giulietta']",Teatro Romano,"['Santa Anastasia', 'Duomo', 'AMO', 'Palazzo della Ragione', 'Museo Conte']",Tomba Giulietta,strategy_nearest,False,0.002089977264404297,success
049798429C4C80,0,"['Arena', 'Casa Giulietta']",Duomo,"['AMO', 'Museo Miniscalchi', 'Santa Anastasia', 'Teatro Romano', 'Palazzo della Ragione']",Torre Lamberti,strategy_nearest,False,0.003426790237426758,success
04979C4A9C4C80,1,['Arena'],Palazzo della Ragione,"['AMO', 'Museo Conte', 'Torre Lamberti', 'Centro Fotografia', 'Sighseeing']",Teatro Romano,strategy_nearest,False,0.002154827117919922,success
04979C429C4C80,3,"['Arena', 'Santa Anastasia']",Duomo,"['AMO', 'Museo Miniscalchi', 'Teatro Romano', 'Palazzo della Ragione', 'Museo Conte']",Castelvecchio,strategy_nearest,False,0.003715991973876953,success
04979F4A9C4C80,0,['Tomba Giulietta'],Arena,"['Verona Tour', 'Museo Lapidario', 'Museo Radio', 'San Fermo', 'Casa Giulietta']",Casa Giulietta,strategy_nearest,True,0.002826213836669922,success
0497B0429C4C80,3,"['Arena', 'Casa Giulietta', 'Santa Anastasia']",Teatro Romano,"['Duomo', 'AMO', 'Palazzo della Ragione', 'Museo Conte', 'Centro Fotografia']",Torre Lamberti,strategy_nearest,False,0.003253936767578125,success
0497A94A9C4C80,2,['Torre Lamberti'],Duomo,"['AMO', 'Museo Miniscalchi', 'Santa Anastasia', 'Teatro Romano', 'Palazzo della Ragione']",San Zeno,strategy_nearest,False,0.002794981002807617,success
0497A0429C4C80,3,"['Museo Lapidario', 'Arena', 'San Fermo']",Casa Giulietta,"['Centro Fotografia', 'Sighseeing', 'Torre Lamberti', 'Museo Conte', 'Museo Radio']",Santa Anastasia,strategy_nearest,False,0.0034868717193603516,success
0497A9429C4C80,3,"['Arena', 'Casa Giulietta']",Santa Anastasia,"['AMO', 'Museo Conte', 'Palazzo della Ragione', 'Teatro Romano', 'Centro Fotografia']",Teatro Romano,strategy_nearest,True,0.0014107227325439453,success
0497B2429C4C80,2,['San Fermo'],Torre Lamberti,"['Sighseeing', 'Centro Fotografia', 'Museo Conte', 'Casa Giulietta', 'Palazzo della Ragione']",Castelvecchio,strategy_nearest,False,0.0013027191162109375,success
0497B5429C4C80,2,['Duomo'],Santa Anastasia,"['AMO', 'Museo Conte', 'Palazzo della Ragione', 'Teatro Romano', 'Centro Fotografia']",Castelvecchio,strategy_nearest,False,0.0017437934875488281,success
0497B1429C4C80,1,"['Castelvecchio', 'Arena', 'Torre Lamberti']",Palazzo della Ragione,"['AMO', 'Museo Conte', 'Centro Fotografia', 'Sighseeing', 'Santa Anastasia']",Casa Giulietta,strategy_nearest,False,0.0029277801513671875,success
0497B53A9C4C80,2,"['Teatro Romano', 'Torre Lamberti']",San Fermo,"['Museo Storia', 'Museo Radio', 'Casa Giulietta', 'Centro Fotografia', 'Arena']",Santa Anastasia,strategy_nearest,False,0.003531217575073242,success
0497BF429C4C80,0,['Arena'],Castelvecchio,"['Museo Lapidario', 'Verona Tour', 'Museo Radio', 'San Zeno', 'Sighseeing']",Teatro Romano,strategy_nearest,False,0.002625703811645508,success
0497C13A9C4C80,3,"['Arena', 'Castelvecchio', 'Museo Lapidario']",Tomba Giulietta,"['San Fermo', 'Museo Storia', 'Museo Radio', 'Verona Tour', 'Casa Giulietta']",Museo Storia,strategy_nearest,True,0.0013003349304199219,success
0497C03A9C4C80,2,"['Casa Giulietta', 'Torre Lamberti']",Santa Anastasia,"['AMO', 'Museo Conte', 'Palazzo della Ragione', 'Teatro Romano', 'Centro Fotografia']",Duomo,strategy_nearest,False,0.0033931732177734375,success
0497C2429C4C80,0,"['Castelvecchio', 'Torre Lamberti']",Casa Giulietta,"['Centro Fotografia', 'Sighseeing', 'Museo Conte', 'Museo Radio', 'Palazzo della Ragione']",Duomo,strategy_nearest,False,0.003222227096557617,success
0497CC3A9C4C80,0,['Arena'],Casa Giulietta,"['Centro Fotografia', 'Sighseeing', 'Torre Lamberti', 'Museo Conte', 'Museo Radio']",Castelvecchio,strategy_nearest,False,0.002183198928833008,success
0497C33A9C4C80,3,"['Arena', 'Duomo']",Santa Anastasia,"['AMO', 'Museo Conte', 'Palazzo della Ragione', 'Teatro Romano', 'Centro Fotografia']",Casa Giulietta,strategy_nearest,False,0.0016398429870605469,success
0497C83A9C4C80,3,"['Castelvecchio', 'Arena', 'Torre Lamberti']",Santa Anastasia,"['AMO', 'Museo Conte', 'Palazzo della Ragione', 'Teatro Romano', 'Centro Fotografia']",Duomo,strategy_nearest,False,0.0028269290924072266,success
0497E3429C4C80,3,"['Arena', 'San Fermo', 'Castelvecchio']",San Zeno,"['Verona Tour', 'Museo Lapidario', 'Museo Miniscalchi', 'Sighseeing', 'Museo Radio']",Teatro Romano,strategy_nearest,False,0.003409862518310547,success
0497EF3A9C4C80,0,['Arena'],Castelvecchio,"['Museo Lapidario', 'Verona Tour', 'Museo Radio', 'San Zeno', 'Sighseeing']",Teatro Romano,strategy_nearest,False,0.002974987030029297,success
0497FD3A9C4C80,2,['Torre Lamberti'],Casa Giulietta,"['Centro Fotografia', 'Sighseeing', 'Museo Conte', 'Museo Radio', 'Palazzo della Ragione']",Teatro Romano,strategy_nearest,False,0.0014069080352783203,success
049801429C4C84,3,"['Arena', 'Museo Lapidario', 'Casa Giulietta', 'Torre Lamberti']",Santa Anastasia,"['AMO', 'Museo Conte', 'Palazzo della Ragione', 'Teatro Romano', 'Centro Fotografia']",Duomo,strategy_nearest,False,0.0032901763916015625,success
0497E43A9C4C80,3,"['Arena', 'Casa Giulietta', 'San Fermo', 'Duomo']",Santa Anastasia,"['AMO', 'Museo Conte', 'Palazzo della Ragione', 'Teatro Romano', 'Centro Fotografia']",Torre Lamberti,strategy_nearest,False,0.0023758411407470703,success
0498153A9C4C80,2,['Torre Lamberti'],Casa Giulietta,"['Centro Fotografia', 'Sighseeing', 'Museo Conte', 'Museo Radio', 'Palazzo della Ragione']",Tomba Giulietta,strategy_nearest,False,0.002032756805419922,success
04980E429C4C84,1,"['Museo Lapidario', 'Castelvecchio']",Arena,"['Verona Tour', 'Museo Radio', 'San Fermo', 'Casa Giulietta', 'Sighseeing']",Palazzo della Ragione,strategy_nearest,False,0.002888917922973633,success
0498113A9C4C80,1,"['Arena', 'Museo Lapidario', 'Torre Lamberti']",Palazzo della Ragione,"['AMO', 'Museo Conte', 'Centro Fotografia', 'Sighseeing', 'Santa Anastasia']",Casa Giulietta,strategy_nearest,False,0.0016260147094726562,success
049814429C4C80,0,['San Fermo'],Casa Giulietta,"['Centro Fotografia', 'Sighseeing', 'Torre Lamberti', 'Museo Conte', 'Museo Radio']",Arena,strategy_nearest,False,0.0035741329193115234,success
049818429C4C80,1,['Arena'],Palazzo della Ragione,"['AMO', 'Museo Conte', 'Torre Lamberti', 'Centro Fotografia', 'Sighseeing']",Santa Anastasia,strategy_nearest,False,0.0033800601959228516,success
04981F3A9C4C84,0,['Arena'],Castelvecchio,"['Museo Lapidario', 'Verona Tour', 'Museo Radio', 'San Zeno', 'Sighseeing']",Casa Giulietta,strategy_nearest,False,0.0027000904083251953,success
0498173A9C4C80,2,"['Santa Anastasia', 'Teatro Romano']",Casa Giulietta,"['Centro Fotografia', 'Sighseeing', 'Torre Lamberti', 'Museo Conte', 'Museo Radio']",Tomba Giulietta,strategy_nearest,False,0.0020592212677001953,success
049830429C4C80,3,"['Santa Anastasia', 'Duomo', 'Arena']",Duomo,"['AMO', 'Museo Miniscalchi', 'Teatro Romano', 'Palazzo della Ragione', 'Museo Conte']",Teatro Romano,strategy_nearest,True,0.003345012664794922,success
0498583A9C4C80,3,"['San Fermo', 'Santa Anastasia', 'Torre Lamberti']",Arena,"['Verona Tour', 'Museo Lapidario', 'Museo Radio', 'Casa Giulietta', 'Sighseeing']",Castelvecchio,strategy_nearest,False,0.002667665481567383,success
0498313A9C4C80,2,['Casa Giulietta'],Torre Lamberti,"['Sighseeing', 'Centro Fotografia', 'Museo Conte', 'Palazzo della Ragione', 'AMO']",Santa Anastasia,strategy_nearest,False,0.0027790069580078125,success
04986B429C4C80,3,"['Arena', 'Museo Lapidario', 'Duomo']",Santa Anastasia,"['AMO', 'Museo Conte', 'Palazzo della Ragione', 'Teatro Romano', 'Centro Fotografia']",Casa Giulietta,strategy_nearest,False,0.003174304962158203,success
0498573A9C4C80,0,['Arena'],Casa Giulietta,"['Centro Fotografia', 'Sighseeing', 'Torre Lamberti', 'Museo Conte', 'Museo Radio']",Tomba Giulietta,strategy_nearest,False,0.0020110607147216797,success
049876429C4C80,0,['Museo Lapidario'],Castelvecchio,"['Verona Tour', 'Arena', 'Museo Radio', 'San Zeno', 'Sighseeing']",Teatro Romano,strategy_nearest,False,0.0016057491302490234,success
04986E3A9C4C80,2,"['Castelvecchio', 'San Zeno']",Teatro Romano,"['Santa Anastasia', 'Duomo', 'AMO', 'Palazzo della Ragione', 'Museo Conte']",Duomo,strategy_nearest,True,0.003467082977294922,success
049877429C4C80,0,['Museo Lapidario'],Torre Lamberti,"['Sighseeing', 'Centro Fotografia', 'Museo Conte', 'Casa Giulietta', 'Palazzo della Ragione']",Casa Giulietta,strategy_nearest,True,0.0034322738647460938,success
049878429C4C80,2,"['Castelvecchio', 'Torre Lamberti', 'Casa Giulietta']",Santa Anastasia,"['AMO', 'Museo Conte', 'Palazzo della Ragione', 'Teatro Romano', 'Centro Fotografia']",Teatro Romano,strategy_nearest,True,0.0020270347595214844,success
049883429C4C80,0,"['Museo Lapidario', 'Arena']",Casa Giulietta,"['Centro Fotografia', 'Sighseeing', 'Torre Lamberti', 'Museo Conte', 'Museo Radio']",Torre Lamberti,strategy_nearest,True,0.002160787582397461,success
049882429C4C80,0,['Arena'],Castelvecchio,"['Museo Lapidario', 'Verona Tour', 'Museo Radio', 'San Zeno', 'Sighseeing']",Teatro Romano,strategy_nearest,False,0.00162506103515625,success
0498824A9C4C80,0,"['Arena', 'Torre Lamberti']",Teatro Romano,"['Santa Anastasia', 'Duomo', 'AMO', 'Palazzo della Ragione', 'Museo Conte']",Giardino Giusti,strategy_nearest,False,0.0034987926483154297,success
049885429C4C80,0,['Arena'],Castelvecchio,"['Museo Lapidario', 'Verona Tour', 'Museo Radio', 'San Zeno', 'Sighseeing']",Casa Giulietta,strategy_nearest,False,0.0026400089263916016,success
0498904A9C4C80,1,"['Arena', 'Casa Giulietta']",Torre Lamberti,"['Sighseeing', 'Centro Fotografia', 'Museo Conte', 'Palazzo della Ragione', 'AMO']",Palazzo della Ragione,strategy_nearest,True,0.001522064208984375,success
049887429C4C80,3,"['Arena', 'Castelvecchio']",Casa Giulietta,"['Centro Fotografia', 'Sighseeing', 'Torre Lamberti', 'Museo Conte', 'Museo Radio']",Santa Anastasia,strategy_nearest,False,0.004007816314697266,success
0498914A9C4C80,0,['Arena'],Casa Giulietta,"['Centro Fotografia', 'Sighseeing', 'Torre Lamberti', 'Museo Conte', 'Museo Radio']",Castelvecchio,strategy_nearest,False,0.003309965133666992,success
04988F4A9C4C80,3,"['Arena', 'Casa Giulietta']",Torre Lamberti,"['Sighseeing', 'Centro Fotografia', 'Museo Conte', 'Palazzo della Ragione', 'AMO']",Santa Anastasia,strategy_nearest,False,0.0027740001678466797,success
0498A34A9C4C80,0,['Arena'],Casa Giulietta,"['Centro Fotografia', 'Sighseeing', 'Torre Lamberti', 'Museo Conte', 'Museo Radio']",Teatro Romano,strategy_nearest,False,0.0033919811248779297,success
0498A44A9C4C80,1,['Arena'],Castelvecchio,"['Museo Lapidario', 'Verona Tour', 'Museo Radio', 'San Zeno', 'Sighseeing']",Palazzo della Ragione,strategy_nearest,False,0.002766132354736328,success
0498AC3A9C4C80,3,"['Arena', 'Casa Giulietta', 'Torre Lamberti']",Castelvecchio,"['Museo Lapidario', 'Verona Tour', 'Museo Radio', 'San Zeno', 'Sighseeing']",San Zeno,strategy_nearest,True,0.003263235092163086,success
0498A84A9C4C80,0,['Arena'],Casa Giulietta,"['Centro Fotografia', 'Sighseeing', 'Torre Lamberti', 'Museo Conte', 'Museo Radio']",Teatro Romano,strategy_nearest,False,0.0012710094451904297,success
0498B8429C4C80,3,['Arena'],Castelvecchio,"['Museo Lapidario', 'Verona Tour', 'Museo Radio', 'San Zeno', 'Sighseeing']",San Zeno,strategy_nearest,True,0.0025300979614257812,success
0498AD3A9C4C80,3,['Arena'],Casa Giulietta,"['Centro Fotografia', 'Sighseeing', 'Torre Lamberti', 'Museo Conte', 'Museo Radio']",Torre Lamberti,strategy_nearest,True,0.0020360946655273438,success
0498B73A9C4C80,0,"['Arena', 'Casa Giulietta']",Torre Lamberti,"['Sighseeing', 'Centro Fotografia', 'Museo Conte', 'Palazzo della Ragione', 'AMO']",Teatro Romano,strategy_nearest,False,0.002602100372314453,success
0498BA72743380,0,['Arena'],Castelvecchio,"['Museo Lapidario', 'Verona Tour', 'Museo Radio', 'San Zeno', 'Sighseeing']",Casa Giulietta,strategy_nearest,False,0.0033731460571289062,success
0498C23A9C4C80,3,"['Arena', 'Torre Lamberti']",Santa Anastasia,"['AMO', 'Museo Conte', 'Palazzo della Ragione', 'Teatro Romano', 'Centro Fotografia']",Teatro Romano,strategy_nearest,True,0.002611875534057617,success
0498BD3A9C4C80,1,"['Tomba Giulietta', 'Arena']",Casa Giulietta,"['Centro Fotografia', 'Sighseeing', 'Torre Lamberti', 'Museo Conte', 'Museo Radio']",Torre Lamberti,strategy_nearest,True,0.0034737586975097656,success
0498C0429C4C80,0,['Arena'],Casa Giulietta,"['Centro Fotografia', 'Sighseeing', 'Torre Lamberti', 'Museo Conte', 'Museo Radio']",Castelvecchio,strategy_nearest,False,0.0021791458129882812,success
0498EC3A9C4C80,0,"['Castelvecchio', 'Arena']",Casa Giulietta,"['Centro Fotografia', 'Sighseeing', 'Torre Lamberti', 'Museo Conte', 'Museo Radio']",Torre Lamberti,strategy_nearest,True,0.002710103988647461,success
0498C3429C4C80,2,['Santa Anastasia'],Palazzo della Ragione,"['AMO', 'Museo Conte', 'Torre Lamberti', 'Centro Fotografia', 'Sighseeing']",Torre Lamberti,strategy_nearest,True,0.002966165542602539,success
0498F23A9C4C80,2,['Casa Giulietta'],Santa Anastasia,"['AMO', 'Museo Conte', 'Palazzo della Ragione', 'Teatro Romano', 'Centro Fotografia']",Duomo,strategy_nearest,False,0.001912832260131836,success
0498C43A9C4C80,2,"['Castelvecchio', 'Tomba Giulietta']",Casa Giulietta,"['Centro Fotografia', 'Sighseeing', 'Torre Lamberti', 'Museo Conte', 'Museo Radio']",Torre Lamberti,strategy_nearest,True,0.003367185592651367,success
0498FF429C4C80,4,"['Palazzo della Ragione', 'Museo Lapidario', 'Teatro Romano', 'Tomba Giulietta', 'Santa Anastasia']",Duomo,"['AMO', 'Museo Miniscalchi', 'Museo Conte', 'Torre Lamberti', 'Centro Fotografia']",San Fermo,strategy_nearest,False,0.0015690326690673828,success
0498F73A9C4C80,1,['Arena'],Casa Giulietta,"['Centro Fotografia', 'Sighseeing', 'Torre Lamberti', 'Museo Conte', 'Museo Radio']",Torre Lamberti,strategy_nearest,True,0.002763986587524414,success
0499003A9C4C84,0,['Arena'],Castelvecchio,"['Museo Lapidario', 'Verona Tour', 'Museo Radio', 'San Zeno', 'Sighseeing']",Duomo,strategy_nearest,False,0.002802133560180664,success
049901429C4C84,1,"['Arena', 'Torre Lamberti']",Palazzo della Ragione,"['AMO', 'Museo Conte', 'Centro Fotografia', 'Sighseeing', 'Santa Anastasia']",Giardino Giusti,strategy_nearest,False,0.003300905227661133,success
04990E3A9C4C80,3,"['Arena', 'Castelvecchio']",Duomo,"['AMO', 'Museo Miniscalchi', 'Santa Anastasia', 'Teatro Romano', 'Palazzo della Ragione']",Santa Anastasia,strategy_nearest,True,0.004102945327758789,success
04990A429C4C84,0,['Arena'],Duomo,"['AMO', 'Museo Miniscalchi', 'Santa Anastasia', 'Teatro Romano', 'Palazzo della Ragione']",Giardino Giusti,strategy_nearest,False,0.0029439926147460938,success
04990E429C4C84,1,"['Arena', 'Museo Lapidario', 'Castelvecchio', 'Teatro Romano']",Duomo,"['AMO', 'Museo Miniscalchi', 'Santa Anastasia', 'Palazzo della Ragione', 'Museo Conte']",Torre Lamberti,strategy_nearest,False,0.002179861068725586,success
049913429C4C80,0,['Arena'],Casa Giulietta,"['Centro Fotografia', 'Sighseeing', 'Torre Lamberti', 'Museo Conte', 'Museo Radio']",Torre Lamberti,strategy_nearest,True,0.003468036651611328,success
049917429C4C80,3,"['Arena', 'Casa Giulietta']",Torre Lamberti,"['Sighseeing', 'Centro Fotografia', 'Museo Conte', 'Palazzo della Ragione', 'AMO']",Santa Anastasia,strategy_nearest,False,0.002151012420654297,success
04991B3A9C4C80,3,"['Santa Anastasia', 'Duomo', 'Teatro Romano']",San Zeno,"['Castelvecchio', 'Verona Tour', 'Museo Lapidario', 'Arena', 'Museo Miniscalchi']",Torre Lamberti,strategy_nearest,False,0.0033407211303710938,success
0499143A9C4C80,2,['San Zeno'],Casa Giulietta,"['Centro Fotografia', 'Sighseeing', 'Torre Lamberti', 'Museo Conte', 'Museo Radio']",Duomo,strategy_nearest,False,0.002828836441040039,success
0499203A9C4C84,3,"['Arena', 'Castelvecchio']",Torre Lamberti,"['Sighseeing', 'Centro Fotografia', 'Museo Conte', 'Casa Giulietta', 'Palazzo della Ragione']",Santa Anastasia,strategy_nearest,False,0.002460002899169922,success
049921429C4C80,0,['Arena'],Torre Lamberti,"['Sighseeing', 'Centro Fotografia', 'Museo Conte', 'Casa Giulietta', 'Palazzo della Ragione']",Casa Giulietta,strategy_nearest,True,0.0034151077270507812,success
04992B429C4C80,3,['Arena'],Casa Giulietta,"['Centro Fotografia', 'Sighseeing', 'Torre Lamberti', 'Museo Conte', 'Museo Radio']",Torre Lamberti,strategy_nearest,True,0.002732992172241211,success
0499314A9C4C80,3,"['Castelvecchio', 'Casa Giulietta', 'Duomo', 'Teatro Romano']",Santa Anastasia,"['AMO', 'Museo Conte', 'Palazzo della Ragione', 'Centro Fotografia', 'Torre Lamberti']",San Fermo,strategy_nearest,False,0.0033779144287109375,success
0499274A9C4C80,3,"['Arena', 'Casa Giulietta']",Torre Lamberti,"['Sighseeing', 'Centro Fotografia', 'Museo Conte', 'Palazzo della Ragione', 'AMO']",Santa Anastasia,strategy_nearest,False,0.001373291015625,success
04993C3A9C4C80,0,"['Casa Giulietta', 'Duomo']",Arena,"['Verona Tour', 'Museo Lapidario', 'Museo Radio', 'San Fermo', 'Sighseeing']",Castelvecchio,strategy_nearest,False,0.002708911895751953,success
049935429C4C80,3,"['Santa Anastasia', 'Torre Lamberti', 'San Fermo', 'Teatro Romano']",Casa Giulietta,"['Centro Fotografia', 'Sighseeing', 'Museo Conte', 'Museo Radio', 'Palazzo della Ragione']",Arena,strategy_nearest,False,0.00407099723815918,success
049936429C4C80,3,"['Casa Giulietta', 'Arena', 'Santa Anastasia', 'Torre Lamberti']",Duomo,"['AMO', 'Museo Miniscalchi', 'Teatro Romano', 'Palazzo della Ragione', 'Museo Conte']",San Fermo,strategy_nearest,False,0.002231121063232422,success
04993D429C4C80,3,"['Castelvecchio', 'San Zeno', 'Casa Giulietta']",Giardino Giusti,"['Santa Anastasia', 'Teatro Romano', 'Museo Conte', 'Centro Fotografia', 'Museo Storia']",Santa Anastasia,strategy_nearest,True,0.0020139217376708984,success
04994C429C4C80,0,"['Arena', 'Museo Lapidario']",Castelvecchio,"['Verona Tour', 'Museo Radio', 'San Zeno', 'Sighseeing', 'Museo Miniscalchi']",Torre Lamberti,strategy_nearest,False,0.0021309852600097656,success
049943429C4C80,3,"['Castelvecchio', 'Casa Giulietta']",Santa Anastasia,"['AMO', 'Museo Conte', 'Palazzo della Ragione', 'Teatro Romano', 'Centro Fotografia']",Duomo,strategy_nearest,False,0.0016436576843261719,success
04994C3A9C4C80,3,"['Arena', 'Casa Giulietta']",Santa Anastasia,"['AMO', 'Museo Conte', 'Palazzo della Ragione', 'Teatro Romano', 'Centro Fotografia']",Teatro Romano,strategy_nearest,True,0.0028429031372070312,success
049946429C4C80,3,"['Castelvecchio', 'Arena']",Torre Lamberti,"['Sighseeing', 'Centro Fotografia', 'Museo Conte', 'Casa Giulietta', 'Palazzo della Ragione']",Santa Anastasia,strategy_nearest,False,0.003576993942260742,success
04994D429C4C80,1,"['Casa Giulietta', 'Torre Lamberti', 'Santa Anastasia', 'Arena']",Castelvecchio,"['Museo Lapidario', 'Verona Tour', 'Museo Radio', 'San Zeno', 'Sighseeing']",Palazzo della Ragione,strategy_nearest,False,0.0034029483795166016,success
049974429C4C80,3,"['Arena', 'Casa Giulietta', 'San Fermo']",Torre Lamberti,"['Sighseeing', 'Centro Fotografia', 'Museo Conte', 'Palazzo della Ragione', 'AMO']",Santa Anastasia,strategy_nearest,False,0.003203868865966797,success
049954429C4C80,3,"['Arena', 'San Fermo', 'Torre Lamberti']",Santa Anastasia,"['AMO', 'Museo Conte', 'Palazzo della Ragione', 'Teatro Romano', 'Centro Fotografia']",Teatro Romano,strategy_nearest,True,0.0020008087158203125,success
0499573A9C4C80,3,"['Arena', 'Casa Giulietta']",Santa Anastasia,"['AMO', 'Museo Conte', 'Palazzo della Ragione', 'Teatro Romano', 'Centro Fotografia']",Duomo,strategy_nearest,False,0.0027480125427246094,success
0499793A9C4C80,0,['Arena'],Casa Giulietta,"['Centro Fotografia', 'Sighseeing', 'Torre Lamberti', 'Museo Conte', 'Museo Radio']",Duomo,strategy_nearest,False,0.002588987350463867,success
04997A4A9C4C80,0,['Arena'],Casa Giulietta,"['Centro Fotografia', 'Sighseeing', 'Torre Lamberti', 'Museo Conte', 'Museo Radio']",Santa Anastasia,strategy_nearest,False,0.0018773078918457031,success
0499794A9C4C80,1,"['Arena', 'Casa Giulietta', 'Santa Anastasia', 'Torre Lamberti']",Palazzo della Ragione,"['AMO', 'Museo Conte', 'Centro Fotografia', 'Sighseeing', 'Museo Miniscalchi']",Castelvecchio,strategy_nearest,False,0.002490997314453125,success
04997C3A9C4C80,3,"['Arena', 'Museo Lapidario']",Castelvecchio,"['Verona Tour', 'Museo Radio', 'San Zeno', 'Sighseeing', 'Museo Miniscalchi']",Casa Giulietta,strategy_nearest,False,0.003134012222290039,success
0499824A9C4C80,3,"['Arena', 'Castelvecchio']",Museo Lapidario,"['Verona Tour', 'Museo Radio', 'San Fermo', 'Casa Giulietta', 'Tomba Giulietta']",Casa Giulietta,strategy_nearest,True,0.0028219223022460938,success
0499843A9C4C80,2,['Castelvecchio'],Teatro Romano,"['Santa Anastasia', 'Duomo', 'AMO', 'Palazzo della Ragione', 'Museo Conte']",Duomo,strategy_nearest,True,0.0032138824462890625,success
049983429C4C80,0,['Arena'],Castelvecchio,"['Museo Lapidario', 'Verona Tour', 'Museo Radio', 'San Zeno', 'Sighseeing']",Casa Giulietta,strategy_nearest,False,0.002095937728881836,success
049982429C4C80,0,['Arena'],Castelvecchio,"['Museo Lapidario', 'Verona Tour', 'Museo Radio', 'San Zeno', 'Sighseeing']",Casa Giulietta,strategy_nearest,False,0.0014581680297851562,success
0499924A9C4C80,0,['Arena'],Torre Lamberti,"['Sighseeing', 'Centro Fotografia', 'Museo Conte', 'Casa Giulietta', 'Palazzo della Ragione']",Duomo,strategy_nearest,False,0.0014300346374511719,success
049989429C4C80,3,"['Casa Giulietta', 'Arena']",Torre Lamberti,"['Sighseeing', 'Centro Fotografia', 'Museo Conte', 'Palazzo della Ragione', 'AMO']",Santa Anastasia,strategy_nearest,False,0.002318859100341797,success
04998F4A9C4C80,1,"['Arena', 'Casa Giulietta']",Torre Lamberti,"['Sighseeing', 'Centro Fotografia', 'Museo Conte', 'Palazzo della Ragione', 'AMO']",Palazzo della Ragione,strategy_nearest,True,0.00292205810546875,success
0499854A9C4C80,0,['Santa Anastasia'],Arena,"['Verona Tour', 'Museo Lapidario', 'Museo Radio', 'San Fermo', 'Casa Giulietta']",Tomba Giulietta,strategy_nearest,False,0.0036661624908447266,success
04999A429C4C80,0,['Arena'],Museo Lapidario,"['Verona Tour', 'Castelvecchio', 'Museo Radio', 'San Fermo', 'Casa Giulietta']",Castelvecchio,strategy_nearest,True,0.002249002456665039,success
04999D4A9C4C80,1,"['Arena', 'Torre Lamberti']",Palazzo della Ragione,"['AMO', 'Museo Conte', 'Centro Fotografia', 'Sighseeing', 'Santa Anastasia']",Casa Giulietta,strategy_nearest,False,0.0027742385864257812,success
04999F4A9C4C80,3,"['Arena', 'Santa Anastasia']",Duomo,"['AMO', 'Museo Miniscalchi', 'Teatro Romano', 'Palazzo della Ragione', 'Museo Conte']",Casa Giulietta,strategy_nearest,False,0.0026061534881591797,success
0499A1429C4C80,3,['Arena'],Museo Lapidario,"['Verona Tour', 'Castelvecchio', 'Museo Radio', 'San Fermo', 'Casa Giulietta']",Torre Lamberti,strategy_nearest,False,0.0031280517578125,success
0499A54A9C4C80,3,['Arena'],Casa Giulietta,"['Centro Fotografia', 'Sighseeing', 'Torre Lamberti', 'Museo Conte', 'Museo Radio']",Torre Lamberti,strategy_nearest,True,0.0030541419982910156,success
0499AA429C4C80,0,['Arena'],Castelvecchio,"['Museo Lapidario', 'Verona Tour', 'Museo Radio', 'San Zeno', 'Sighseeing']",Santa Anastasia,strategy_nearest,False,0.003332853317260742,success
0499A94A9C4C80,2,['Casa Giulietta'],Torre Lamberti,"['Sighseeing', 'Centro Fotografia', 'Museo Conte', 'Palazzo della Ragione', 'AMO']",Torre Lamberti,strategy_nearest,False,0.0027151107788085938,success
0499A9429C4C80,3,['Arena'],San Fermo,"['Museo Storia', 'Museo Radio', 'Casa Giulietta', 'Centro Fotografia', 'Sighseeing']",Santa Anastasia,strategy_nearest,False,0.0021240711212158203,success
0499AE3A9C4C80,3,"['Arena', 'Casa Giulietta']",Santa Anastasia,"['AMO', 'Museo Conte', 'Palazzo della Ragione', 'Teatro Romano', 'Centro Fotografia']",Teatro Romano,strategy_nearest,True,0.002138853073120117,success
0499B2429C4C80,1,"['Arena', 'Casa Giulietta']",Torre Lamberti,"['Sighseeing', 'Centro Fotografia', 'Museo Conte', 'Palazzo della Ragione', 'AMO']",Palazzo della Ragione,strategy_nearest,True,0.002117156982421875,success
0499B3429C4C80,3,['Arena'],Casa Giulietta,"['Centro Fotografia', 'Sighseeing', 'Torre Lamberti', 'Museo Conte', 'Museo Radio']",Santa Anastasia,strategy_nearest,False,0.002637147903442383,success
0499C0429C4C80,1,['Arena'],Casa Giulietta,"['Centro Fotografia', 'Sighseeing', 'Torre Lamberti', 'Museo Conte', 'Museo Radio']",Torre Lamberti,strategy_nearest,True,0.0031740665435791016,success
0499C43A9C4C80,0,"['Tomba Giulietta', 'Casa Giulietta']",Teatro Romano,"['Santa Anastasia', 'Duomo', 'AMO', 'Palazzo della Ragione', 'Museo Conte']",Duomo,strategy_nearest,True,0.0025970935821533203,success
0499C1429C4C80,0,['Arena'],Torre Lamberti,"['Sighseeing', 'Centro Fotografia', 'Museo Conte', 'Casa Giulietta', 'Palazzo della Ragione']",Casa Giulietta,strategy_nearest,True,0.003409862518310547,success
0499D0429C4C80,3,"['Castelvecchio', 'Arena', 'Casa Giulietta', 'Torre Lamberti']",Santa Anastasia,"['AMO', 'Museo Conte', 'Palazzo della Ragione', 'Teatro Romano', 'Centro Fotografia']",Duomo,strategy_nearest,False,0.0031909942626953125,success
0499C23A9C4C80,0,['Arena'],Castelvecchio,"['Museo Lapidario', 'Verona Tour', 'Museo Radio', 'San Zeno', 'Sighseeing']",Santa Anastasia,strategy_nearest,False,0.0019497871398925781,success
0499D33A9C4C80,3,"['Arena', 'Duomo']",Teatro Romano,"['Santa Anastasia', 'AMO', 'Palazzo della Ragione', 'Museo Conte', 'Centro Fotografia']",Santa Anastasia,strategy_nearest,True,0.0028018951416015625,success
0499D8429C4C80,1,"['Santa Anastasia', 'Casa Giulietta']",Arena,"['Verona Tour', 'Museo Lapidario', 'Museo Radio', 'San Fermo', 'Sighseeing']",Tomba Giulietta,strategy_nearest,False,0.002671957015991211,success
0499D3429C4C80,3,"['Castelvecchio', 'Santa Anastasia']",Arena,"['Verona Tour', 'Museo Lapidario', 'Museo Radio', 'San Fermo', 'Casa Giulietta']",San Fermo,strategy_nearest,True,0.002171039581298828,success
0499E8429C4C80,0,['Arena'],San Zeno,"['Castelvecchio', 'Verona Tour', 'Museo Lapidario', 'Museo Miniscalchi', 'Sighseeing']",Teatro Romano,strategy_nearest,False,0.0032591819763183594,success
0499FE3A9C4C80,2,['Casa Giulietta'],Torre Lamberti,"['Sighseeing', 'Centro Fotografia', 'Museo Conte', 'Palazzo della Ragione', 'AMO']",Duomo,strategy_nearest,False,0.0026628971099853516,success
049A064A9C4C80,1,"['Arena', 'San Fermo', 'Casa Giulietta', 'Torre Lamberti']",Palazzo della Ragione,"['AMO', 'Museo Conte', 'Centro Fotografia', 'Sighseeing', 'Santa Anastasia']",Tomba Giulietta,strategy_nearest,False,0.002569913864135742,success
049A074A9C4C80,2,['Duomo'],Santa Anastasia,"['AMO', 'Museo Conte', 'Palazzo della Ragione', 'Teatro Romano', 'Centro Fotografia']",San Zeno,strategy_nearest,False,0.001967906951904297,success
049A0D429C4C80,4,"['Tomba Giulietta', 'Museo Storia', 'San Fermo', 'Torre Lamberti']",Santa Anastasia,"['AMO', 'Museo Conte', 'Palazzo della Ragione', 'Teatro Romano', 'Centro Fotografia']",Teatro Romano,strategy_nearest,True,0.002560138702392578,success
049A0C4A9C4C80,2,"['Museo Lapidario', 'Castelvecchio', 'Duomo']",Santa Anastasia,"['AMO', 'Museo Conte', 'Palazzo della Ragione', 'Teatro Romano', 'Centro Fotografia']",Torre Lamberti,strategy_nearest,False,0.0033707618713378906,success
049A10429C4C84,3,"['Castelvecchio', 'Torre Lamberti']",Casa Giulietta,"['Centro Fotografia', 'Sighseeing', 'Museo Conte', 'Museo Radio', 'Palazzo della Ragione']",Santa Anastasia,strategy_nearest,False,0.0019121170043945312,success
049A17429C4C80,3,"['Arena', 'Casa Giulietta']",Torre Lamberti,"['Sighseeing', 'Centro Fotografia', 'Museo Conte', 'Palazzo della Ragione', 'AMO']",Duomo,strategy_nearest,False,0.0027577877044677734,success
049A1C3A9C4C84,3,"['Arena', 'Casa Giulietta']",Torre Lamberti,"['Sighseeing', 'Centro Fotografia', 'Museo Conte', 'Palazzo della Ragione', 'AMO']",Santa Anastasia,strategy_nearest,False,0.002076864242553711,success
049A134A9C4C80,2,"['Castelvecchio', 'Duomo', 'Teatro Romano']",Santa Anastasia,"['AMO', 'Museo Conte', 'Palazzo della Ragione', 'Centro Fotografia', 'Torre Lamberti']",Casa Giulietta,strategy_nearest,False,0.002907991409301758,success
049A183A9C4C80,3,"['Castelvecchio', 'San Zeno', 'San Fermo', 'Giardino Giusti']",Arena,"['Verona Tour', 'Museo Lapidario', 'Museo Radio', 'Casa Giulietta', 'Sighseeing']",Casa Giulietta,strategy_nearest,True,0.0032949447631835938,success
049A22429C4C80,3,['Arena'],Casa Giulietta,"['Centro Fotografia', 'Sighseeing', 'Torre Lamberti', 'Museo Conte', 'Museo Radio']",Santa Anastasia,strategy_nearest,False,0.00208282470703125,success
049A203A9C4C84,0,"['Arena', 'Casa Giulietta']",Torre Lamberti,"['Sighseeing', 'Centro Fotografia', 'Museo Conte', 'Palazzo della Ragione', 'AMO']",Teatro Romano,strategy_nearest,False,0.0016350746154785156,success
049A22429C4C84,3,"['Casa Giulietta', 'Casa Giulietta', 'Arena', 'Museo Lapidario']",Santa Anastasia,"['AMO', 'Museo Conte', 'Palazzo della Ragione', 'Teatro Romano', 'Centro Fotografia']",Duomo,strategy_nearest,False,0.0029168128967285156,success
049A27429C4C84,3,"['Arena', 'Museo Lapidario']",Duomo,"['AMO', 'Museo Miniscalchi', 'Santa Anastasia', 'Teatro Romano', 'Palazzo della Ragione']",Santa Anastasia,strategy_nearest,True,0.0030667781829833984,success
049A2A429C4C80,3,"['San Zeno', 'Castelvecchio']",Santa Anastasia,"['AMO', 'Museo Conte', 'Palazzo della Ragione', 'Teatro Romano', 'Centro Fotografia']",Arena,strategy_nearest,False,0.0032117366790771484,success
049A28429C4C84,0,['Arena'],Casa Giulietta,"['Centro Fotografia', 'Sighseeing', 'Torre Lamberti', 'Museo Conte', 'Museo Radio']",Torre Lamberti,strategy_nearest,True,0.002431154251098633,success
049A2D3A9C4C80,2,"['Museo Lapidario', 'San Fermo', 'Teatro Romano']",Duomo,"['AMO', 'Museo Miniscalchi', 'Santa Anastasia', 'Palazzo della Ragione', 'Museo Conte']",Casa Giulietta,strategy_nearest,False,0.0017940998077392578,success
049A35429C4C80,2,['Santa Anastasia'],Castelvecchio,"['Museo Lapidario', 'Verona Tour', 'Arena', 'Museo Radio', 'San Zeno']",San Zeno,strategy_nearest,True,0.0030341148376464844,success
049A3D429C4C80,3,['Arena'],Santa Anastasia,"['AMO', 'Museo Conte', 'Palazzo della Ragione', 'Teatro Romano', 'Centro Fotografia']",Torre Lamberti,strategy_nearest,False,0.0027167797088623047,success
049A3C4A9C4C80,3,"['Arena', 'Casa Giulietta']",Santa Anastasia,"['AMO', 'Museo Conte', 'Palazzo della Ragione', 'Teatro Romano', 'Centro Fotografia']",Castelvecchio,strategy_nearest,False,0.0019769668579101562,success
049A3E429C4C80,3,"['Casa Giulietta', 'Santa Anastasia', 'Duomo']",Teatro Romano,"['AMO', 'Palazzo della Ragione', 'Museo Conte', 'Centro Fotografia', 'Museo Miniscalchi']",Arena,strategy_nearest,False,0.0032830238342285156,success
049A6B429C4C80,0,['Casa Giulietta'],Arena,"['Verona Tour', 'Museo Lapidario', 'Museo Radio', 'San Fermo', 'Sighseeing']",Torre Lamberti,strategy_nearest,False,0.002033710479736328,success
049A4A429C4C80,3,"['Arena', 'Torre Lamberti']",Duomo,"['AMO', 'Museo Miniscalchi', 'Santa Anastasia', 'Teatro Romano', 'Palazzo della Ragione']",Teatro Romano,strategy_nearest,True,0.003317117691040039,success
049A763A9C4C80,3,"['Arena', 'Santa Anastasia']",Teatro Romano,"['Duomo', 'AMO', 'Palazzo della Ragione', 'Museo Conte', 'Centro Fotografia']",Castelvecchio,strategy_nearest,False,0.0027649402618408203,success
049A7B3A9C4C80,3,"['Teatro Romano', 'Giardino Giusti']",Torre Lamberti,"['Sighseeing', 'Centro Fotografia', 'Museo Conte', 'Casa Giulietta', 'Palazzo della Ragione']",San Fermo,strategy_nearest,False,0.003470897674560547,success
049A7C3A9C4C80,2,['Torre Lamberti'],Teatro Romano,"['Santa Anastasia', 'Duomo', 'AMO', 'Palazzo della Ragione', 'Museo Conte']",Duomo,strategy_nearest,True,0.002574920654296875,success
049A7C429C4C80,0,['Arena'],Castelvecchio,"['Museo Lapidario', 'Verona Tour', 'Museo Radio', 'San Zeno', 'Sighseeing']",Teatro Romano,strategy_nearest,False,0.0024068355560302734,success
049A844A9C4C80,3,['Arena'],Casa Giulietta,"['Centro Fotografia', 'Sighseeing', 'Torre Lamberti', 'Museo Conte', 'Museo Radio']",Santa Anastasia,strategy_nearest,False,0.002639293670654297,success
049A81429C4C80,0,['Casa Giulietta'],Casa Giulietta,"['Centro Fotografia', 'Sighseeing', 'Torre Lamberti', 'Museo Conte', 'Museo Radio']",Arena,strategy_nearest,False,0.0034637451171875,success
049A82429C4C80,3,"['Arena', 'San Fermo']",Casa Giulietta,"['Centro Fotografia', 'Sighseeing', 'Torre Lamberti', 'Museo Conte', 'Museo Radio']",Santa Anastasia,strategy_nearest,False,0.0015559196472167969,success
049A7E3A9C4C80,1,"['Arena', 'Castelvecchio', 'Torre Lamberti']",Palazzo della Ragione,"['AMO', 'Museo Conte', 'Centro Fotografia', 'Sighseeing', 'Santa Anastasia']",Santa Anastasia,strategy_nearest,True,0.004731893539428711,success
049A85429C4C80,3,"['Arena', 'Torre Lamberti']",Casa Giulietta,"['Centro Fotografia', 'Sighseeing', 'Museo Conte', 'Museo Radio', 'Palazzo della Ragione']",Santa Anastasia,strategy_nearest,False,0.0033872127532958984,success
049A88429C4C80,0,['Arena'],San Fermo,"['Museo Storia', 'Museo Radio', 'Casa Giulietta', 'Centro Fotografia', 'Sighseeing']",Casa Giulietta,strategy_nearest,True,0.003317117691040039,success
049A8A4A9C4C80,1,['Arena'],Casa Giulietta,"['Centro Fotografia', 'Sighseeing', 'Torre Lamberti', 'Museo Conte', 'Museo Radio']",Palazzo della Ragione,strategy_nearest,False,0.0013768672943115234,success
049A86429C4C80,1,"['Castelvecchio', 'Casa Giulietta', 'Casa Giulietta']",Torre Lamberti,"['Sighseeing', 'Centro Fotografia', 'Museo Conte', 'Palazzo della Ragione', 'AMO']",Palazzo della Ragione,strategy_nearest,True,0.0021512508392333984,success
049A9A4A9C4C80,2,['Castelvecchio'],Casa Giulietta,"['Centro Fotografia', 'Sighseeing', 'Torre Lamberti', 'Museo Conte', 'Museo Radio']",San Zeno,strategy_nearest,False,0.0019421577453613281,success
049A98429C4C80,3,"['Arena', 'Duomo']",Santa Anastasia,"['AMO', 'Museo Conte', 'Palazzo della Ragione', 'Teatro Romano', 'Centro Fotografia']",Casa Giulietta,strategy_nearest,False,0.0027151107788085938,success
049A8E3A9C4C80,0,['Arena'],Casa Giulietta,"['Centro Fotografia', 'Sighseeing', 'Torre Lamberti', 'Museo Conte', 'Museo Radio']",Torre Lamberti,strategy_nearest,True,0.002215862274169922,success
049A97429C4C80,3,['Teatro Romano'],Santa Anastasia,"['AMO', 'Museo Conte', 'Palazzo della Ragione', 'Centro Fotografia', 'Duomo']",Arena,strategy_nearest,False,0.0033431053161621094,success
049A9D4A9C4C80,3,"['Arena', 'Museo Lapidario', 'Torre Lamberti', 'Casa Giulietta']",San Fermo,"['Museo Storia', 'Museo Radio', 'Centro Fotografia', 'Sighseeing', 'Museo Conte']",Santa Anastasia,strategy_nearest,False,0.0020127296447753906,success
049AA5429C4C80,3,"['Arena', 'Casa Giulietta']",San Fermo,"['Museo Storia', 'Museo Radio', 'Centro Fotografia', 'Sighseeing', 'Torre Lamberti']",Torre Lamberti,strategy_nearest,True,0.002454996109008789,success
049AA14A9C4C80,0,"['Castelvecchio', 'Arena']",Tomba Giulietta,"['San Fermo', 'Museo Storia', 'Museo Lapidario', 'Museo Radio', 'Verona Tour']",San Fermo,strategy_nearest,True,0.001397848129272461,success
049AAB3A9C4C80,3,"['Arena', 'Torre Lamberti']",Santa Anastasia,"['AMO', 'Museo Conte', 'Palazzo della Ragione', 'Teatro Romano', 'Centro Fotografia']",Duomo,strategy_nearest,False,0.0020151138305664062,success
049AA73A9C4C80,0,"['Castelvecchio', 'Arena']",Casa Giulietta,"['Centro Fotografia', 'Sighseeing', 'Torre Lamberti', 'Museo Conte', 'Museo Radio']",Torre Lamberti,strategy_nearest,True,0.0034050941467285156,success
049AA9429C4C80,3,['Arena'],Torre Lamberti,"['Sighseeing', 'Centro Fotografia', 'Museo Conte', 'Casa Giulietta', 'Palazzo della Ragione']",Santa Anastasia,strategy_nearest,False,0.003355264663696289,success
049AAC429C4C80,2,['Duomo'],Castelvecchio,"['Museo Lapidario', 'Verona Tour', 'Arena', 'Museo Radio', 'San Zeno']",Torre Lamberti,strategy_nearest,False,0.0031538009643554688,success
049AB73A9C4C80,1,"['Teatro Romano', 'Duomo', 'Torre Lamberti']",Palazzo della Ragione,"['AMO', 'Museo Conte', 'Centro Fotografia', 'Sighseeing', 'Santa Anastasia']",Casa Giulietta,strategy_nearest,False,0.001806020736694336,success
049AB3429C4C80,2,"['Teatro Romano', 'Duomo', 'Santa Anastasia']",Casa Giulietta,"['Centro Fotografia', 'Sighseeing', 'Torre Lamberti', 'Museo Conte', 'Museo Radio']",Castelvecchio,strategy_nearest,False,0.002663850784301758,success
049ABB429C4C80,0,['Arena'],Casa Giulietta,"['Centro Fotografia', 'Sighseeing', 'Torre Lamberti', 'Museo Conte', 'Museo Radio']",Santa Anastasia,strategy_nearest,False,0.0040569305419921875,success
049AC03A9C4C80,3,"['Arena', 'Tomba Giulietta', 'San Fermo']",Casa Giulietta,"['Centro Fotografia', 'Sighseeing', 'Torre Lamberti', 'Museo Conte', 'Museo Radio']",Duomo,strategy_nearest,False,0.0028009414672851562,success
049AC43A9C4C80,3,['Arena'],Torre Lamberti,"['Sighseeing', 'Centro Fotografia', 'Museo Conte', 'Casa Giulietta', 'Palazzo della Ragione']",Santa Anastasia,strategy_nearest,False,0.002201080322265625,success
049AC83A9C4C80,2,['Castelvecchio'],Teatro Romano,"['Santa Anastasia', 'Duomo', 'AMO', 'Palazzo della Ragione', 'Museo Conte']",Torre Lamberti,strategy_nearest,False,0.0024089813232421875,success
049AD0429C4C80,2,['Castelvecchio'],San Zeno,"['Verona Tour', 'Museo Lapidario', 'Arena', 'Museo Miniscalchi', 'Sighseeing']",Torre Lamberti,strategy_nearest,False,0.001809835433959961,success
049ACE3A9C4C80,3,"['Arena', 'Castelvecchio', 'Museo Lapidario', 'Tomba Giulietta']",Museo Storia,"['San Fermo', 'Museo Radio', 'Casa Giulietta', 'Centro Fotografia', 'Torre Lamberti']",San Fermo,strategy_nearest,True,0.003217935562133789,success
049AD23A9C4C80,3,"['Arena', 'Casa Giulietta']",Santa Anastasia,"['AMO', 'Museo Conte', 'Palazzo della Ragione', 'Teatro Romano', 'Centro Fotografia']",Teatro Romano,strategy_nearest,True,0.002292156219482422,success
049ADB429C4C80,2,['Casa Giulietta'],Torre Lamberti,"['Sighseeing', 'Centro Fotografia', 'Museo Conte', 'Palazzo della Ragione', 'AMO']",Castelvecchio,strategy_nearest,False,0.002599954605102539,success
049AE93A9C4C80,3,['Arena'],Casa Giulietta,"['Centro Fotografia', 'Sighseeing', 'Torre Lamberti', 'Museo Conte', 'Museo Radio']",Santa Anastasia,strategy_nearest,False,0.0027060508728027344,success
049AF03A9C4C80,0,['Arena'],Castelvecchio,"['Museo Lapidario', 'Verona Tour', 'Museo Radio', 'San Zeno', 'Sighseeing']",Santa Anastasia,strategy_nearest,False,0.0031130313873291016,success
049AEE3A9C4C80,3,"['Arena', 'Castelvecchio']",San Zeno,"['Verona Tour', 'Museo Lapidario', 'Museo Miniscalchi', 'Sighseeing', 'Museo Radio']",Torre Lamberti,strategy_nearest,False,0.002694845199584961,success
049B02429C4C84,3,"['Castelvecchio', 'Arena']",Casa Giulietta,"['Centro Fotografia', 'Sighseeing', 'Torre Lamberti', 'Museo Conte', 'Museo Radio']",Torre Lamberti,strategy_nearest,True,0.0032672882080078125,success
049B0C429C4C84,2,['Castelvecchio'],Santa Anastasia,"['AMO', 'Museo Conte', 'Palazzo della Ragione', 'Teatro Romano', 'Centro Fotografia']",Duomo,strategy_nearest,False,0.00240325927734375,success
049B0D429C4C84,2,"['Teatro Romano', 'Duomo']",Torre Lamberti,"['Sighseeing', 'Centro Fotografia', 'Museo Conte', 'Casa Giulietta', 'Palazzo della Ragione']",San Fermo,strategy_nearest,False,0.0031371116638183594,success
049B0D3A9C4C84,3,"['Arena', 'Santa Anastasia']",Duomo,"['AMO', 'Museo Miniscalchi', 'Teatro Romano', 'Palazzo della Ragione', 'Museo Conte']",Casa Giulietta,strategy_nearest,False,0.0025620460510253906,success
049B10429C4C84,3,"['Arena', 'San Fermo', 'Museo Storia']",Casa Giulietta,"['Centro Fotografia', 'Sighseeing', 'Torre Lamberti', 'Museo Conte', 'Museo Radio']",Castelvecchio,strategy_nearest,False,0.0033049583435058594,success
049B123A9C4C84,3,['Arena'],Casa Giulietta,"['Centro Fotografia', 'Sighseeing', 'Torre Lamberti', 'Museo Conte', 'Museo Radio']",Torre Lamberti,strategy_nearest,True,0.0020110607147216797,success
049B0D4A9C4C80,2,"['Museo Lapidario', 'Castelvecchio', 'Duomo']",Santa Anastasia,"['AMO', 'Museo Conte', 'Palazzo della Ragione', 'Teatro Romano', 'Centro Fotografia']",Torre Lamberti,strategy_nearest,False,0.0020821094512939453,success
049B124A9C4C80,0,"['Casa Giulietta', 'Torre Lamberti']",Arena,"['Verona Tour', 'Museo Lapidario', 'Museo Radio', 'San Fermo', 'Sighseeing']",Castelvecchio,strategy_nearest,False,0.002862215042114258,success
049B163A9C4C84,3,['Torre Lamberti'],Santa Anastasia,"['AMO', 'Museo Conte', 'Palazzo della Ragione', 'Teatro Romano', 'Centro Fotografia']",Duomo,strategy_nearest,False,0.0016541481018066406,success
049B1B3A9C4C84,0,['Arena'],Torre Lamberti,"['Sighseeing', 'Centro Fotografia', 'Museo Conte', 'Casa Giulietta', 'Palazzo della Ragione']",Casa Giulietta,strategy_nearest,True,0.00275421142578125,success
049B133A9C4C84,3,"['Arena', 'San Fermo']",Duomo,"['AMO', 'Museo Miniscalchi', 'Santa Anastasia', 'Teatro Romano', 'Palazzo della Ragione']",Torre Lamberti,strategy_nearest,False,0.0022878646850585938,success
049B1B429C4C84,3,"['Teatro Romano', 'Santa Anastasia', 'Torre Lamberti']",Arena,"['Verona Tour', 'Museo Lapidario', 'Museo Radio', 'San Fermo', 'Casa Giulietta']",Casa Giulietta,strategy_nearest,True,0.003386974334716797,success
049B1D3A9C4C80,3,"['Arena', 'Castelvecchio', 'Casa Giulietta', 'San Fermo']",Museo Lapidario,"['Verona Tour', 'Museo Radio', 'Tomba Giulietta', 'Sighseeing', 'Torre Lamberti']",San Zeno,strategy_nearest,False,0.002290964126586914,success
049B1D429C4C80,2,"['Torre Lamberti', 'San Zeno']",Duomo,"['AMO', 'Museo Miniscalchi', 'Santa Anastasia', 'Teatro Romano', 'Palazzo della Ragione']",Teatro Romano,strategy_nearest,True,0.0033500194549560547,success
049B21429C4C80,0,['Arena'],Casa Giulietta,"['Centro Fotografia', 'Sighseeing', 'Torre Lamberti', 'Museo Conte', 'Museo Radio']",Santa Anastasia,strategy_nearest,False,0.0020198822021484375,success
049B233A9C4C80,3,['Torre Lamberti'],Casa Giulietta,"['Centro Fotografia', 'Sighseeing', 'Museo Conte', 'Museo Radio', 'Palazzo della Ragione']",Santa Anastasia,strategy_nearest,False,0.0032892227172851562,success
049B37429C4C80,0,['Arena'],Castelvecchio,"['Museo Lapidario', 'Verona Tour', 'Museo Radio', 'San Zeno', 'Sighseeing']",Teatro Romano,strategy_nearest,False,0.002054929733276367,success
049B263A9C4C84,3,"['Arena', 'Castelvecchio']",Torre Lamberti,"['Sighseeing', 'Centro Fotografia', 'Museo Conte', 'Casa Giulietta', 'Palazzo della Ragione']",Giardino Giusti,strategy_nearest,False,0.0026597976684570312,success
049B3A429C4C80,3,['Arena'],Castelvecchio,"['Museo Lapidario', 'Verona Tour', 'Museo Radio', 'San Zeno', 'Sighseeing']",Duomo,strategy_nearest,False,0.0033087730407714844,success
049B3D429C4C80,3,"['San Zeno', 'Castelvecchio', 'Arena']",San Fermo,"['Museo Storia', 'Museo Radio', 'Casa Giulietta', 'Centro Fotografia', 'Sighseeing']",Casa Giulietta,strategy_nearest,True,0.0033540725708007812,success
049B40429C4C80,3,"['Arena', 'Casa Giulietta', 'Santa Anastasia']",Duomo,"['AMO', 'Museo Miniscalchi', 'Teatro Romano', 'Palazzo della Ragione', 'Museo Conte']",Teatro Romano,strategy_nearest,True,0.0033829212188720703,success
049B523A9C4C80,2,['Castelvecchio'],Casa Giulietta,"['Centro Fotografia', 'Sighseeing', 'Torre Lamberti', 'Museo Conte', 'Museo Radio']",Torre Lamberti,strategy_nearest,True,0.0018908977508544922,success
049B4C3A9C4C80,3,"['Arena', 'Santa Anastasia']",Duomo,"['AMO', 'Museo Miniscalchi', 'Teatro Romano', 'Palazzo della Ragione', 'Museo Conte']",Casa Giulietta,strategy_nearest,False,0.0033416748046875,success
049B673A9C4C80,0,['Arena'],Castelvecchio,"['Museo Lapidario', 'Verona Tour', 'Museo Radio', 'San Zeno', 'Sighseeing']",Casa Giulietta,strategy_nearest,False,0.002741098403930664,success
049B6F3A9C4C80,3,"['Arena', 'Casa Giulietta', 'Torre Lamberti', 'Santa Anastasia']",Duomo,"['AMO', 'Museo Miniscalchi', 'Teatro Romano', 'Palazzo della Ragione', 'Museo Conte']",Teatro Romano,strategy_nearest,True,0.0027031898498535156,success
049B7A4A9C4C80,3,"['Castelvecchio', 'Casa Giulietta', 'Arena']",Duomo,"['AMO', 'Museo Miniscalchi', 'Santa Anastasia', 'Teatro Romano', 'Palazzo della Ragione']",Torre Lamberti,strategy_nearest,False,0.00201416015625,success
049B6E3A9C4C80,0,['Arena'],Castelvecchio,"['Museo Lapidario', 'Verona Tour', 'Museo Radio', 'San Zeno', 'Sighseeing']",Giardino Giusti,strategy_nearest,False,0.0034317970275878906,success
049B85429C4C80,3,"['Torre Lamberti', 'Castelvecchio']",Arena,"['Verona Tour', 'Museo Lapidario', 'Museo Radio', 'San Fermo', 'Casa Giulietta']",Santa Anastasia,strategy_nearest,False,0.0027570724487304688,success
049B86429C4C80,3,"['Casa Giulietta', 'Torre Lamberti']",Arena,"['Verona Tour', 'Museo Lapidario', 'Museo Radio', 'San Fermo', 'Sighseeing']",Teatro Romano,strategy_nearest,False,0.0021529197692871094,success
049B924A9C4C80,3,['Arena'],San Zeno,"['Castelvecchio', 'Verona Tour', 'Museo Lapidario', 'Museo Miniscalchi', 'Sighseeing']",Santa Anastasia,strategy_nearest,False,0.003206968307495117,success
049B81429C4C80,2,"['Casa Giulietta', 'Torre Lamberti', 'Santa Anastasia']",Teatro Romano,"['Duomo', 'AMO', 'Palazzo della Ragione', 'Museo Conte', 'Centro Fotografia']",Duomo,strategy_nearest,True,0.002895832061767578,success
049B9A429C4C80,3,"['Duomo', 'Santa Anastasia']",Torre Lamberti,"['Sighseeing', 'Centro Fotografia', 'Museo Conte', 'Casa Giulietta', 'Palazzo della Ragione']",Casa Giulietta,strategy_nearest,True,0.0021631717681884766,success
049B9B4A9C4C80,0,['Arena'],Torre Lamberti,"['Sighseeing', 'Centro Fotografia', 'Museo Conte', 'Casa Giulietta', 'Palazzo della Ragione']",Teatro Romano,strategy_nearest,False,0.0033440589904785156,success
049BA63A9C4C80,2,['Casa Giulietta'],San Fermo,"['Museo Storia', 'Museo Radio', 'Centro Fotografia', 'Arena', 'Sighseeing']",Santa Anastasia,strategy_nearest,False,0.002541065216064453,success
049B98429C4C80,0,['Arena'],Torre Lamberti,"['Sighseeing', 'Centro Fotografia', 'Museo Conte', 'Casa Giulietta', 'Palazzo della Ragione']",Giardino Giusti,strategy_nearest,False,0.0021941661834716797,success
049BAA3A9C4C80,3,"['Arena', 'Santa Anastasia']",Santa Anastasia,"['AMO', 'Museo Conte', 'Palazzo della Ragione', 'Teatro Romano', 'Centro Fotografia']",Teatro Romano,strategy_nearest,True,0.0032439231872558594,success
049BA84A9C4C80,3,"['Arena', 'San Fermo', 'Teatro Romano', 'Casa Giulietta']",Tomba Giulietta,"['Museo Storia', 'Museo Lapidario', 'Museo Radio', 'Verona Tour', 'Castelvecchio']",Castelvecchio,strategy_nearest,True,0.002888917922973633,success
049BA9429C4C80,0,['Arena'],Castelvecchio,"['Museo Lapidario', 'Verona Tour', 'Museo Radio', 'San Zeno', 'Sighseeing']",Torre Lamberti,strategy_nearest,False,0.0015439987182617188,success
049BA93A9C4C80,0,"['Duomo', 'Torre Lamberti']",Casa Giulietta,"['Centro Fotografia', 'Sighseeing', 'Museo Conte', 'Museo Radio', 'Palazzo della Ragione']",Arena,strategy_nearest,False,0.0022029876708984375,success
049BB2429C4C80,0,['Arena'],Torre Lamberti,"['Sighseeing', 'Centro Fotografia', 'Museo Conte', 'Casa Giulietta', 'Palazzo della Ragione']",Casa Giulietta,strategy_nearest,True,0.0020380020141601562,success
049BBA429C4C80,3,['Arena'],Santa Anastasia,"['AMO', 'Museo Conte', 'Palazzo della Ragione', 'Teatro Romano', 'Centro Fotografia']",Duomo,strategy_nearest,False,0.0012428760528564453,success
049BBF3A9C4C80,0,"['Arena', 'Casa Giulietta']",Teatro Romano,"['Santa Anastasia', 'Duomo', 'AMO', 'Palazzo della Ragione', 'Museo Conte']",San Zeno,strategy_nearest,False,0.0025742053985595703,success
049BC63A9C4C80,3,['Arena'],Torre Lamberti,"['Sighseeing', 'Centro Fotografia', 'Museo Conte', 'Casa Giulietta', 'Palazzo della Ragione']",Santa Anastasia,strategy_nearest,False,0.0032677650451660156,success
049BC93A9C4C80,2,"['Casa Giulietta', 'Torre Lamberti']",Duomo,"['AMO', 'Museo Miniscalchi', 'Santa Anastasia', 'Teatro Romano', 'Palazzo della Ragione']",Teatro Romano,strategy_nearest,True,0.0026297569274902344,success
049BF33A9C4C80,3,"['Castelvecchio', 'Casa Giulietta']",Torre Lamberti,"['Sighseeing', 'Centro Fotografia', 'Museo Conte', 'Palazzo della Ragione', 'AMO']",Santa Anastasia,strategy_nearest,False,0.00267791748046875,success
049BDA3A9C4C80,3,"['Casa Giulietta', 'Castelvecchio']",Arena,"['Verona Tour', 'Museo Lapidario', 'Museo Radio', 'San Fermo', 'Sighseeing']",Duomo,strategy_nearest,False,0.002756834030151367,success
049BF43A9C4C80,3,"['Casa Giulietta', 'San Fermo']",Duomo,"['AMO', 'Museo Miniscalchi', 'Santa Anastasia', 'Teatro Romano', 'Palazzo della Ragione']",Santa Anastasia,strategy_nearest,True,0.0032739639282226562,success
049BFF429C4C80,1,"['Museo Lapidario', 'Arena', 'San Fermo']",Casa Giulietta,"['Centro Fotografia', 'Sighseeing', 'Torre Lamberti', 'Museo Conte', 'Museo Radio']",Torre Lamberti,strategy_nearest,True,0.003609180450439453,success
049BF83A9C4C80,3,"['Casa Giulietta', 'Arena', 'Tomba Giulietta']",Torre Lamberti,"['Sighseeing', 'Centro Fotografia', 'Museo Conte', 'Palazzo della Ragione', 'AMO']",Santa Anastasia,strategy_nearest,False,0.002254009246826172,success
049C07429C4C84,2,['Museo Lapidario'],San Fermo,"['Museo Storia', 'Museo Radio', 'Casa Giulietta', 'Centro Fotografia', 'Arena']",Duomo,strategy_nearest,False,0.003331899642944336,success
049C063A9C4C84,3,['Arena'],Torre Lamberti,"['Sighseeing', 'Centro Fotografia', 'Museo Conte', 'Casa Giulietta', 'Palazzo della Ragione']",Santa Anastasia,strategy_nearest,False,0.002814054489135742,success
049C113A9C4C80,1,"['Casa Giulietta', 'Palazzo della Ragione', 'Torre Lamberti']",Santa Anastasia,"['AMO', 'Museo Conte', 'Teatro Romano', 'Centro Fotografia', 'Duomo']",Duomo,strategy_nearest,True,0.0013499259948730469,success
049C0F3A9C4C84,3,"['Arena', 'Castelvecchio']",Casa Giulietta,"['Centro Fotografia', 'Sighseeing', 'Torre Lamberti', 'Museo Conte', 'Museo Radio']",Torre Lamberti,strategy_nearest,True,0.002157926559448242,success
049C08429C4C84,3,"['Museo Lapidario', 'Arena', 'Casa Giulietta']",Duomo,"['AMO', 'Museo Miniscalchi', 'Santa Anastasia', 'Teatro Romano', 'Palazzo della Ragione']",Torre Lamberti,strategy_nearest,False,0.004054069519042969,success
049C123A9C4C80,0,['Arena'],Casa Giulietta,"['Centro Fotografia', 'Sighseeing', 'Torre Lamberti', 'Museo Conte', 'Museo Radio']",Santa Anastasia,strategy_nearest,False,0.0026068687438964844,success
049C14429C4C84,0,"['Torre Lamberti', 'Arena']",Castelvecchio,"['Museo Lapidario', 'Verona Tour', 'Museo Radio', 'San Zeno', 'Sighseeing']",Duomo,strategy_nearest,False,0.0015878677368164062,success
049C193A9C4C80,2,['Casa Giulietta'],Castelvecchio,"['Museo Lapidario', 'Verona Tour', 'Arena', 'Museo Radio', 'San Zeno']",Palazzo della Ragione,strategy_nearest,False,0.002016782760620117,success
049C12429C4C80,0,"['Arena', 'Torre Lamberti']",Casa Giulietta,"['Centro Fotografia', 'Sighseeing', 'Museo Conte', 'Museo Radio', 'Palazzo della Ragione']",Teatro Romano,strategy_nearest,False,0.003452777862548828,success
049C16429C4C84,2,['Castelvecchio'],Teatro Romano,"['Santa Anastasia', 'Duomo', 'AMO', 'Palazzo della Ragione', 'Museo Conte']",Casa Giulietta,strategy_nearest,False,0.002808094024658203,success
049C2D3A9C4C80,0,['Arena'],San Fermo,"['Museo Storia', 'Museo Radio', 'Casa Giulietta', 'Centro Fotografia', 'Sighseeing']",Casa Giulietta,strategy_nearest,True,0.0022063255310058594,success
049C22429C4C84,3,"['Casa Giulietta', 'Arena', 'Castelvecchio']",San Zeno,"['Verona Tour', 'Museo Lapidario', 'Museo Miniscalchi', 'Sighseeing', 'Museo Radio']",Santa Anastasia,strategy_nearest,False,0.0028238296508789062,success
049C2F3A9C4C80,3,"['Museo Lapidario', 'Arena']",Teatro Romano,"['Santa Anastasia', 'Duomo', 'AMO', 'Palazzo della Ragione', 'Museo Conte']",Santa Anastasia,strategy_nearest,True,0.003461122512817383,success
049C1A3A9C4C84,0,['Arena'],Torre Lamberti,"['Sighseeing', 'Centro Fotografia', 'Museo Conte', 'Casa Giulietta', 'Palazzo della Ragione']",Casa Giulietta,strategy_nearest,True,0.0016591548919677734,success
049C30429C4C80,0,['Arena'],Castelvecchio,"['Museo Lapidario', 'Verona Tour', 'Museo Radio', 'San Zeno', 'Sighseeing']",Torre Lamberti,strategy_nearest,False,0.0035178661346435547,success
049C413A9C4C80,3,"['Arena', 'Casa Giulietta']",Santa Anastasia,"['AMO', 'Museo Conte', 'Palazzo della Ragione', 'Teatro Romano', 'Centro Fotografia']",Teatro Romano,strategy_nearest,True,0.0021181106567382812,success
049C36429C4C80,3,"['Torre Lamberti', 'Arena']",Casa Giulietta,"['Centro Fotografia', 'Sighseeing', 'Museo Conte', 'Museo Radio', 'Palazzo della Ragione']",Duomo,strategy_nearest,False,0.0028901100158691406,success
049C303A9C4C80,3,['Arena'],San Zeno,"['Castelvecchio', 'Verona Tour', 'Museo Lapidario', 'Museo Miniscalchi', 'Sighseeing']",Santa Anastasia,strategy_nearest,False,0.002313852310180664,success
049C503A9C4C80,3,"['Castelvecchio', 'Museo Lapidario', 'Arena', 'Casa Giulietta']",Torre Lamberti,"['Sighseeing', 'Centro Fotografia', 'Museo Conte', 'Palazzo della Ragione', 'AMO']",Santa Anastasia,strategy_nearest,False,0.0027141571044921875,success
049C533A9C4C80,3,"['Arena', 'Castelvecchio', 'Casa Giulietta']",Torre Lamberti,"['Sighseeing', 'Centro Fotografia', 'Museo Conte', 'Palazzo della Ragione', 'AMO']",Duomo,strategy_nearest,False,0.0020380020141601562,success
049C45429C4C80,0,['Arena'],Torre Lamberti,"['Sighseeing', 'Centro Fotografia', 'Museo Conte', 'Casa Giulietta', 'Palazzo della Ragione']",Casa Giulietta,strategy_nearest,True,0.003482818603515625,success
049C4D3A9C4C80,3,"['Arena', 'Casa Giulietta']",Santa Anastasia,"['AMO', 'Museo Conte', 'Palazzo della Ragione', 'Teatro Romano', 'Centro Fotografia']",Duomo,strategy_nearest,False,0.0016579627990722656,success
049C613A9C4C80,0,['Arena'],Castelvecchio,"['Museo Lapidario', 'Verona Tour', 'Museo Radio', 'San Zeno', 'Sighseeing']",Teatro Romano,strategy_nearest,False,0.003401041030883789,success
049C723A9C4C80,0,['Arena'],Casa Giulietta,"['Centro Fotografia', 'Sighseeing', 'Torre Lamberti', 'Museo Conte', 'Museo Radio']",Duomo,strategy_nearest,False,0.002621889114379883,success
049C6B3A9C4C80,1,"['Casa Giulietta', 'Arena', 'San Fermo', 'Torre Lamberti', 'Duomo']",Santa Anastasia,"['AMO', 'Museo Conte', 'Palazzo della Ragione', 'Teatro Romano', 'Centro Fotografia']",San Zeno,strategy_nearest,False,0.0021369457244873047,success
049C5E3A9C4C80,0,['Arena'],Casa Giulietta,"['Centro Fotografia', 'Sighseeing', 'Torre Lamberti', 'Museo Conte', 'Museo Radio']",Torre Lamberti,strategy_nearest,True,0.001641988754272461,success
049C7A4A9C4C80,0,"['Castelvecchio', 'Arena']",Casa Giulietta,"['Centro Fotografia', 'Sighseeing', 'Torre Lamberti', 'Museo Conte', 'Museo Radio']",Torre Lamberti,strategy_nearest,True,0.002010822296142578,success
049C7C429C4C80,0,['Arena'],Castelvecchio,"['Museo Lapidario', 'Verona Tour', 'Museo Radio', 'San Zeno', 'Sighseeing']",Castelvecchio,strategy_nearest,False,0.0013942718505859375,success
049C74429C4C80,2,['Casa Giulietta'],Tomba Giulietta,"['San Fermo', 'Museo Storia', 'Arena', 'Museo Lapidario', 'Museo Radio']",Torre Lamberti,strategy_nearest,False,0.003529071807861328,success
049C7E429C4C80,0,['Casa Giulietta'],Torre Lamberti,"['Sighseeing', 'Centro Fotografia', 'Museo Conte', 'Palazzo della Ragione', 'AMO']",Arena,strategy_nearest,False,0.002613067626953125,success
049C84429C4C80,1,"['Casa Giulietta', 'Torre Lamberti']",Palazzo della Ragione,"['AMO', 'Museo Conte', 'Centro Fotografia', 'Sighseeing', 'Santa Anastasia']",Castelvecchio,strategy_nearest,False,0.0026350021362304688,success
049C82429C4C80,3,"['Casa Giulietta', 'Santa Anastasia']",Duomo,"['AMO', 'Museo Miniscalchi', 'Teatro Romano', 'Palazzo della Ragione', 'Museo Conte']",Teatro Romano,strategy_nearest,True,0.0033919811248779297,success
049C834A9C4C80,2,['Santa Anastasia'],Castelvecchio,"['Museo Lapidario', 'Verona Tour', 'Arena', 'Museo Radio', 'San Zeno']",San Zeno,strategy_nearest,True,0.0020279884338378906,success
049C883A9C4C80,0,['Arena'],Torre Lamberti,"['Sighseeing', 'Centro Fotografia', 'Museo Conte', 'Casa Giulietta', 'Palazzo della Ragione']",Casa Giulietta,strategy_nearest,True,0.003245115280151367,success
049CA2429C4C80,2,"['Duomo', 'Santa Anastasia']",Casa Giulietta,"['Centro Fotografia', 'Sighseeing', 'Torre Lamberti', 'Museo Conte', 'Museo Radio']",Torre Lamberti,strategy_nearest,True,0.002641916275024414,success
049C88429C4C80,3,"['Castelvecchio', 'Arena', 'Tomba Giulietta']",San Fermo,"['Museo Storia', 'Museo Radio', 'Casa Giulietta', 'Centro Fotografia', 'Sighseeing']",Torre Lamberti,strategy_nearest,False,0.0021047592163085938,success
049CA63A9C4C80,3,"['Arena', 'Casa Giulietta', 'Torre Lamberti']",Santa Anastasia,"['AMO', 'Museo Conte', 'Palazzo della Ragione', 'Teatro Romano', 'Centro Fotografia']",Duomo,strategy_nearest,False,0.003203868865966797,success
049C9B4A9C4C80,3,['Arena'],Casa Giulietta,"['Centro Fotografia', 'Sighseeing', 'Torre Lamberti', 'Museo Conte', 'Museo Radio']",Santa Anastasia,strategy_nearest,False,0.002804994583129883,success
049CAD3A9C4C80,2,"['Tomba Giulietta', 'San Fermo']",Casa Giulietta,"['Centro Fotografia', 'Sighseeing', 'Torre Lamberti', 'Museo Conte', 'Museo Radio']",Torre Lamberti,strategy_nearest,True,0.0014028549194335938,success
049CAB3A9C4C80,3,['Arena'],Casa Giulietta,"['Centro Fotografia', 'Sighseeing', 'Torre Lamberti', 'Museo Conte', 'Museo Radio']",Torre Lamberti,strategy_nearest,True,0.002874135971069336,success
049CB4429C4C80,3,"['Arena', 'Castelvecchio']",San Zeno,"['Verona Tour', 'Museo Lapidario', 'Museo Miniscalchi', 'Sighseeing', 'Museo Radio']",Casa Giulietta,strategy_nearest,False,0.002835988998413086,success
049CBB3A9C4C80,3,"['Arena', 'Casa Giulietta']",Torre Lamberti,"['Sighseeing', 'Centro Fotografia', 'Museo Conte', 'Palazzo della Ragione', 'AMO']",Santa Anastasia,strategy_nearest,False,0.003674745559692383,success
049CC73A9C4C80,0,['Arena'],Casa Giulietta,"['Centro Fotografia', 'Sighseeing', 'Torre Lamberti', 'Museo Conte', 'Museo Radio']",Torre Lamberti,strategy_nearest,True,0.0015888214111328125,success
049CC23A9C4C80,3,"['Tomba Giulietta', 'Arena']",Casa Giulietta,"['Centro Fotografia', 'Sighseeing', 'Torre Lamberti', 'Museo Conte', 'Museo Radio']",Santa Anastasia,strategy_nearest,False,0.0027048587799072266,success
049CED3A9C4C80,3,"['Arena', 'Tomba Giulietta']",San Fermo,"['Museo Storia', 'Museo Radio', 'Casa Giulietta', 'Centro Fotografia', 'Sighseeing']",Casa Giulietta,strategy_nearest,True,0.0026710033416748047,success
049CFD429C4C80,3,"['Arena', 'Castelvecchio', 'Santa Anastasia']",Teatro Romano,"['Duomo', 'AMO', 'Palazzo della Ragione', 'Museo Conte', 'Centro Fotografia']",Duomo,strategy_nearest,True,0.0024929046630859375,success
049CC83A9C4C80,0,['Castelvecchio'],Casa Giulietta,"['Centro Fotografia', 'Sighseeing', 'Torre Lamberti', 'Museo Conte', 'Museo Radio']",Santa Anastasia,strategy_nearest,False,0.0032279491424560547,success
049CF23A9C4C80,0,['Arena'],Torre Lamberti,"['Sighseeing', 'Centro Fotografia', 'Museo Conte', 'Casa Giulietta', 'Palazzo della Ragione']",Duomo,strategy_nearest,False,0.003242969512939453,success
049D03429C4C84,3,['Arena'],Santa Anastasia,"['AMO', 'Museo Conte', 'Palazzo della Ragione', 'Teatro Romano', 'Centro Fotografia']",Torre Lamberti,strategy_nearest,False,0.0016140937805175781,success
049D0F3A9C4C84,3,"['Arena', 'Torre Lamberti']",Casa Giulietta,"['Centro Fotografia', 'Sighseeing', 'Museo Conte', 'Museo Radio', 'Palazzo della Ragione']",Santa Anastasia,strategy_nearest,False,0.003197908401489258,success
049D0E429C4C84,3,"['Casa Giulietta', 'Arena', 'Tomba Giulietta']",Museo Lapidario,"['Verona Tour', 'Castelvecchio', 'Museo Radio', 'San Fermo', 'Sighseeing']",Santa Anastasia,strategy_nearest,False,0.002176046371459961,success
049D073A9C4C84,2,['Castelvecchio'],Casa Giulietta,"['Centro Fotografia', 'Sighseeing', 'Torre Lamberti', 'Museo Conte', 'Museo Radio']",Teatro Romano,strategy_nearest,False,0.002808094024658203,success
049D11429C4C84,0,"['Arena', 'Castelvecchio']",Duomo,"['AMO', 'Museo Miniscalchi', 'Santa Anastasia', 'Teatro Romano', 'Palazzo della Ragione']",Torre Lamberti,strategy_nearest,False,0.002866029739379883,success
049D104A9C4C80,1,"['Teatro Romano', 'Duomo', 'Santa Anastasia', 'Casa Giulietta']",Arena,"['Verona Tour', 'Museo Lapidario', 'Museo Radio', 'San Fermo', 'Sighseeing']",Museo Lapidario,strategy_nearest,True,0.002157926559448242,success
049D124A9C4C80,3,"['Arena', 'Duomo']",Santa Anastasia,"['AMO', 'Museo Conte', 'Palazzo della Ragione', 'Teatro Romano', 'Centro Fotografia']",Torre Lamberti,strategy_nearest,False,0.0014081001281738281,success
049D133A9C4C84,0,['Arena'],Castelvecchio,"['Museo Lapidario', 'Verona Tour', 'Museo Radio', 'San Zeno', 'Sighseeing']",Duomo,strategy_nearest,False,0.0034477710723876953,success
049D1F429C4C84,3,"['Torre Lamberti', 'Duomo', 'Giardino Giusti']",Tomba Giulietta,"['San Fermo', 'Museo Storia', 'Arena', 'Museo Lapidario', 'Museo Radio']",Santa Anastasia,strategy_nearest,False,0.002413034439086914,success
049D14429C4C84,3,"['Castelvecchio', 'Arena']",Torre Lamberti,"['Sighseeing', 'Centro Fotografia', 'Museo Conte', 'Casa Giulietta', 'Palazzo della Ragione']",Casa Giulietta,strategy_nearest,True,0.0018661022186279297,success
049D253A9C4C84,0,['Arena'],Castelvecchio,"['Museo Lapidario', 'Verona Tour', 'Museo Radio', 'San Zeno', 'Sighseeing']",Casa Giulietta,strategy_nearest,False,0.0036530494689941406,success
049D264A9C4C80,3,"['Tomba Giulietta', 'Teatro Romano', 'Arena', 'Casa Giulietta']",Santa Anastasia,"['AMO', 'Museo Conte', 'Palazzo della Ragione', 'Centro Fotografia', 'Duomo']",Duomo,strategy_nearest,True,0.002732992172241211,success
049D2E3A9C4C80,3,"['Arena', 'Santa Anastasia']",Duomo,"['AMO', 'Museo Miniscalchi', 'Teatro Romano', 'Palazzo della Ragione', 'Museo Conte']",Teatro Romano,strategy_nearest,True,0.0024852752685546875,success
049D2D4A9C4C80,3,"['Arena', 'Castelvecchio']",Torre Lamberti,"['Sighseeing', 'Centro Fotografia', 'Museo Conte', 'Casa Giulietta', 'Palazzo della Ragione']",Santa Anastasia,strategy_nearest,False,0.003406047821044922,success
049D34429C4C80,3,"['Torre Lamberti', 'Casa Giulietta', 'Arena', 'Castelvecchio']",San Zeno,"['Verona Tour', 'Museo Lapidario', 'Museo Miniscalchi', 'Sighseeing', 'Museo Radio']",Teatro Romano,strategy_nearest,False,0.0029439926147460938,success
049D2E4A9C4C80,3,"['Castelvecchio', 'Torre Lamberti']",Arena,"['Verona Tour', 'Museo Lapidario', 'Museo Radio', 'San Fermo', 'Casa Giulietta']",Duomo,strategy_nearest,False,0.002391815185546875,success
049D36429C4C80,0,['Teatro Romano'],Museo Lapidario,"['Verona Tour', 'Arena', 'Castelvecchio', 'Museo Radio', 'San Fermo']",Castelvecchio,strategy_nearest,True,0.003253936767578125,success
049D374A9C4C80,0,"['Teatro Romano', 'Duomo']",Castelvecchio,"['Museo Lapidario', 'Verona Tour', 'Arena', 'Museo Radio', 'San Zeno']",Arena,strategy_nearest,True,0.0024857521057128906,success
049D37429C4C80,3,"['Casa Giulietta', 'Santa Anastasia', 'Duomo']",Teatro Romano,"['AMO', 'Palazzo della Ragione', 'Museo Conte', 'Centro Fotografia', 'Museo Miniscalchi']",Arena,strategy_nearest,False,0.0018949508666992188,success
049D473A9C4C80,3,['Duomo'],Santa Anastasia,"['AMO', 'Museo Conte', 'Palazzo della Ragione', 'Teatro Romano', 'Centro Fotografia']",Torre Lamberti,strategy_nearest,False,0.0027718544006347656,success
049D4D3A9C4C80,2,['Duomo'],Santa Anastasia,"['AMO', 'Museo Conte', 'Palazzo della Ragione', 'Teatro Romano', 'Centro Fotografia']",Castelvecchio,strategy_nearest,False,0.0031261444091796875,success
049D533A9C4C80,3,"['Arena', 'Museo Lapidario', 'Castelvecchio', 'Teatro Romano']",Duomo,"['AMO', 'Museo Miniscalchi', 'Santa Anastasia', 'Palazzo della Ragione', 'Museo Conte']",Casa Giulietta,strategy_nearest,False,0.002622842788696289,success
049D563A9C4C80,1,"['Arena', 'Casa Giulietta', 'Torre Lamberti']",Palazzo della Ragione,"['AMO', 'Museo Conte', 'Centro Fotografia', 'Sighseeing', 'Santa Anastasia']",Santa Anastasia,strategy_nearest,True,0.0027000904083251953,success
049D53429C4C80,2,"['Castelvecchio', 'San Zeno']",Santa Anastasia,"['AMO', 'Museo Conte', 'Palazzo della Ragione', 'Teatro Romano', 'Centro Fotografia']",Duomo,strategy_nearest,False,0.004055023193359375,success
049D673A9C4C80,2,"['Torre Lamberti', 'Palazzo della Ragione', 'Teatro Romano', 'Tomba Giulietta']",Castelvecchio,"['Museo Lapidario', 'Verona Tour', 'Arena', 'Museo Radio', 'San Zeno']",Museo Lapidario,strategy_nearest,True,0.003414154052734375,success
049D663A9C4C80,3,"['Arena', 'Casa Giulietta', 'San Fermo']",Torre Lamberti,"['Sighseeing', 'Centro Fotografia', 'Museo Conte', 'Palazzo della Ragione', 'AMO']",Santa Anastasia,strategy_nearest,False,0.003287076950073242,success
049D814A9C4C80,1,"['Arena', 'Casa Giulietta']",Torre Lamberti,"['Sighseeing', 'Centro Fotografia', 'Museo Conte', 'Palazzo della Ragione', 'AMO']",Palazzo della Ragione,strategy_nearest,True,0.0013689994812011719,success
049D7B429C4C80,0,['Castelvecchio'],Arena,"['Verona Tour', 'Museo Lapidario', 'Museo Radio', 'San Fermo', 'Casa Giulietta']",Casa Giulietta,strategy_nearest,True,0.002917766571044922,success
049D6F3A9C4C80,3,"['Arena', 'Santa Anastasia']",Teatro Romano,"['Duomo', 'AMO', 'Palazzo della Ragione', 'Museo Conte', 'Centro Fotografia']",Casa Giulietta,strategy_nearest,False,0.0037229061126708984,success
049D83429C4C80,0,['Arena'],Castelvecchio,"['Museo Lapidario', 'Verona Tour', 'Museo Radio', 'San Zeno', 'Sighseeing']",Casa Giulietta,strategy_nearest,False,0.0032608509063720703,success
049D844A9C4C80,3,['Santa Anastasia'],Duomo,"['AMO', 'Museo Miniscalchi', 'Teatro Romano', 'Palazzo della Ragione', 'Museo Conte']",Casa Giulietta,strategy_nearest,False,0.001470804214477539,success
049D8E4A9C4C80,0,['Arena'],San Fermo,"['Museo Storia', 'Museo Radio', 'Casa Giulietta', 'Centro Fotografia', 'Sighseeing']",Giardino Giusti,strategy_nearest,False,0.002665996551513672,success
049D85429C4C80,1,"['Casa Giulietta', 'Torre Lamberti']",Palazzo della Ragione,"['AMO', 'Museo Conte', 'Centro Fotografia', 'Sighseeing', 'Santa Anastasia']",Castelvecchio,strategy_nearest,False,0.0020608901977539062,success
049D90429C4C80,0,['Castelvecchio'],Arena,"['Verona Tour', 'Museo Lapidario', 'Museo Radio', 'San Fermo', 'Casa Giulietta']",Torre Lamberti,strategy_nearest,False,0.0033888816833496094,success
049D914A9C4C80,3,"['Arena', 'Santa Anastasia', 'Duomo']",Teatro Romano,"['AMO', 'Palazzo della Ragione', 'Museo Conte', 'Centro Fotografia', 'Museo Miniscalchi']",Torre Lamberti,strategy_nearest,False,0.0024869441986083984,success
049D944A9C4C80,3,"['Arena', 'San Fermo']",Santa Anastasia,"['AMO', 'Museo Conte', 'Palazzo della Ragione', 'Teatro Romano', 'Centro Fotografia']",Duomo,strategy_nearest,False,0.0018470287322998047,success
049D9B4A9C4C80,0,"['Tomba Giulietta', 'Arena']",Castelvecchio,"['Museo Lapidario', 'Verona Tour', 'Museo Radio', 'San Zeno', 'Sighseeing']",Torre Lamberti,strategy_nearest,False,0.0033981800079345703,success
049D9C429C4C80,3,"['Arena', 'Casa Giulietta']",Torre Lamberti,"['Sighseeing', 'Centro Fotografia', 'Museo Conte', 'Palazzo della Ragione', 'AMO']",Teatro Romano,strategy_nearest,False,0.002382040023803711,success
049DA14A9C4C80,3,"['Arena', 'Casa Giulietta']",Torre Lamberti,"['Sighseeing', 'Centro Fotografia', 'Museo Conte', 'Palazzo della Ragione', 'AMO']",Santa Anastasia,strategy_nearest,False,0.0023398399353027344,success
049DA54A9C4C80,1,"['Arena', 'Casa Giulietta']",Palazzo della Ragione,"['AMO', 'Museo Conte', 'Torre Lamberti', 'Centro Fotografia', 'Sighseeing']",Torre Lamberti,strategy_nearest,True,0.003094911575317383,success
049DA04A9C4C80,0,['Arena'],Torre Lamberti,"['Sighseeing', 'Centro Fotografia', 'Museo Conte', 'Casa Giulietta', 'Palazzo della Ragione']",Casa Giulietta,strategy_nearest,True,0.0023071765899658203,success
049DA34A9C4C80,2,['Castelvecchio'],Santa Anastasia,"['AMO', 'Museo Conte', 'Palazzo della Ragione', 'Teatro Romano', 'Centro Fotografia']",Teatro Romano,strategy_nearest,True,0.0025620460510253906,success
049DA93A9C4C80,3,"['Arena', 'Casa Giulietta']",Torre Lamberti,"['Sighseeing', 'Centro Fotografia', 'Museo Conte', 'Palazzo della Ragione', 'AMO']",Duomo,strategy_nearest,False,0.004392862319946289,success
049DAB3A9C4C80,3,['Arena'],Casa Giulietta,"['Centro Fotografia', 'Sighseeing', 'Torre Lamberti', 'Museo Conte', 'Museo Radio']",Torre Lamberti,strategy_nearest,True,0.002137899398803711,success
049DAC3A9C4C80,3,['Arena'],Casa Giulietta,"['Centro Fotografia', 'Sighseeing', 'Torre Lamberti', 'Museo Conte', 'Museo Radio']",Teatro Romano,strategy_nearest,False,0.0033800601959228516,success
049DAA429C4C80,1,"['Arena', 'Castelvecchio', 'Torre Lamberti']",Palazzo della Ragione,"['AMO', 'Museo Conte', 'Centro Fotografia', 'Sighseeing', 'Santa Anastasia']",Casa Giulietta,strategy_nearest,False,0.0013959407806396484,success
049DB7429C4C80,3,"['Teatro Romano', 'Duomo', 'Casa Giulietta']",Torre Lamberti,"['Sighseeing', 'Centro Fotografia', 'Museo Conte', 'Palazzo della Ragione', 'AMO']",San Fermo,strategy_nearest,False,0.002710103988647461,success
049DB03A9C4C80,3,"['Arena', 'Torre Lamberti', 'Casa Giulietta']",Tomba Giulietta,"['San Fermo', 'Museo Storia', 'Museo Lapidario', 'Museo Radio', 'Verona Tour']",Teatro Romano,strategy_nearest,False,0.0020599365234375,success
049DB93A9C4C80,0,['Arena'],Castelvecchio,"['Museo Lapidario', 'Verona Tour', 'Museo Radio', 'San Zeno', 'Sighseeing']",Santa Anastasia,strategy_nearest,False,0.0027027130126953125,success
049DCB3A9C4C80,0,['Castelvecchio'],Arena,"['Verona Tour', 'Museo Lapidario', 'Museo Radio', 'San Fermo', 'Casa Giulietta']",Torre Lamberti,strategy_nearest,False,0.0034492015838623047,success
049DCC429C4C80,3,"['Arena', 'Casa Giulietta']",Teatro Romano,"['Santa Anastasia', 'Duomo', 'AMO', 'Palazzo della Ragione', 'Museo Conte']",Torre Lamberti,strategy_nearest,False,0.0026161670684814453,success
049DCF429C4C80,3,"['Teatro Romano', 'Giardino Giusti', 'Casa Giulietta']",Torre Lamberti,"['Sighseeing', 'Centro Fotografia', 'Museo Conte', 'Palazzo della Ragione', 'AMO']",Arena,strategy_nearest,False,0.002418041229248047,success
049DD03A9C4C80,1,"['Casa Giulietta', 'Torre Lamberti', 'Santa Anastasia']",Duomo,"['AMO', 'Museo Miniscalchi', 'Teatro Romano', 'Palazzo della Ragione', 'Museo Conte']",Palazzo della Ragione,strategy_nearest,True,0.002758026123046875,success
049DD4429C4C80,3,"['Casa Giulietta', 'Torre Lamberti', 'Santa Anastasia']",Duomo,"['AMO', 'Museo Miniscalchi', 'Teatro Romano', 'Palazzo della Ragione', 'Museo Conte']",Giardino Giusti,strategy_nearest,False,0.0033249855041503906,success
049DE33A9C4C80,3,"['Arena', 'Tomba Giulietta', 'Museo Storia']",Giardino Giusti,"['Santa Anastasia', 'Teatro Romano', 'Museo Conte', 'Centro Fotografia', 'AMO']",San Fermo,strategy_nearest,False,0.0025200843811035156,success
049DD6429C4C80,6,"['Arena', 'Torre Lamberti', 'Santa Anastasia']",Verona Tour,"['Museo Lapidario', 'Castelvecchio', 'Museo Radio', 'Casa Giulietta', 'Sighseeing']",Castelvecchio,strategy_nearest,True,0.0034110546112060547,success
049DE73A9C4C80,2,['Tomba Giulietta'],Casa Giulietta,"['Centro Fotografia', 'Sighseeing', 'Torre Lamberti', 'Museo Conte', 'Museo Radio']",Castelvecchio,strategy_nearest,False,0.0029001235961914062,success
049DE93A9C4C80,0,['Arena'],Castelvecchio,"['Museo Lapidario', 'Verona Tour', 'Museo Radio', 'San Zeno', 'Sighseeing']",Casa Giulietta,strategy_nearest,False,0.0034399032592773438,success
049DF6429C4C80,3,"['Museo Storia', 'San Fermo', 'San Zeno', 'Castelvecchio']",Arena,"['Verona Tour', 'Museo Lapidario', 'Museo Radio', 'Casa Giulietta', 'Sighseeing']",Tomba Giulietta,strategy_nearest,False,0.0027320384979248047,success
049DF03A9C4C80,0,['Arena'],Torre Lamberti,"['Sighseeing', 'Centro Fotografia', 'Museo Conte', 'Casa Giulietta', 'Palazzo della Ragione']",Duomo,strategy_nearest,False,0.0014221668243408203,success
049DF9429C4C80,0,['Teatro Romano'],Torre Lamberti,"['Sighseeing', 'Centro Fotografia', 'Museo Conte', 'Casa Giulietta', 'Palazzo della Ragione']",Arena,strategy_nearest,False,0.003366708755493164,success
049E1D429C4C84,0,"['Casa Giulietta', 'Torre Lamberti']",Teatro Romano,"['Santa Anastasia', 'Duomo', 'AMO', 'Palazzo della Ragione', 'Museo Conte']",Arena,strategy_nearest,False,0.0028820037841796875,success
049DFF3A9C4C80,0,['Arena'],Castelvecchio,"['Museo Lapidario', 'Verona Tour', 'Museo Radio', 'San Zeno', 'Sighseeing']",Casa Giulietta,strategy_nearest,False,0.0016818046569824219,success
049E18429C4C84,3,"['Arena', 'Torre Lamberti']",Casa Giulietta,"['Centro Fotografia', 'Sighseeing', 'Museo Conte', 'Museo Radio', 'Palazzo della Ragione']",Santa Anastasia,strategy_nearest,False,0.0036211013793945312,success
049E1E429C4C84,2,['Torre Lamberti'],Santa Anastasia,"['AMO', 'Museo Conte', 'Palazzo della Ragione', 'Teatro Romano', 'Centro Fotografia']",Giardino Giusti,strategy_nearest,False,0.0036618709564208984,success
049E31429C4C80,0,"['Arena', 'Museo Lapidario']",Castelvecchio,"['Verona Tour', 'Museo Radio', 'San Zeno', 'Sighseeing', 'Museo Miniscalchi']",Casa Giulietta,strategy_nearest,False,0.002669811248779297,success
049E2B429C4C80,3,"['Arena', 'Casa Giulietta']",Torre Lamberti,"['Sighseeing', 'Centro Fotografia', 'Museo Conte', 'Palazzo della Ragione', 'AMO']",Santa Anastasia,strategy_nearest,False,0.0020852088928222656,success
049E374A9C4C80,3,"['Arena', 'Casa Giulietta', 'Santa Anastasia']",Duomo,"['AMO', 'Museo Miniscalchi', 'Teatro Romano', 'Palazzo della Ragione', 'Museo Conte']",Torre Lamberti,strategy_nearest,False,0.0033762454986572266,success
049E32429C4C80,0,['Arena'],Casa Giulietta,"['Centro Fotografia', 'Sighseeing', 'Torre Lamberti', 'Museo Conte', 'Museo Radio']",Torre Lamberti,strategy_nearest,True,0.0032689571380615234,success
049E4B3A9C4C80,0,['Arena'],Castelvecchio,"['Museo Lapidario', 'Verona Tour', 'Museo Radio', 'San Zeno', 'Sighseeing']",San Fermo,strategy_nearest,False,0.0020139217376708984,success
049E4D3A9C4C80,0,['Arena'],Teatro Romano,"['Santa Anastasia', 'Duomo', 'AMO', 'Palazzo della Ragione', 'Museo Conte']",Castelvecchio,strategy_nearest,False,0.0018889904022216797,success
049E3D429C4C80,1,"['Castelvecchio', 'Casa Giulietta']",Palazzo della Ragione,"['AMO', 'Museo Conte', 'Torre Lamberti', 'Centro Fotografia', 'Sighseeing']",Arena,strategy_nearest,False,0.003486156463623047,success
049E533A9C4C80,3,"['Arena', 'Tomba Giulietta', 'Castelvecchio']",Casa Giulietta,"['Centro Fotografia', 'Sighseeing', 'Torre Lamberti', 'Museo Conte', 'Museo Radio']",Torre Lamberti,strategy_nearest,True,0.003293752670288086,success
049E67429C4C80,3,"['Torre Lamberti', 'Arena']",San Fermo,"['Museo Storia', 'Museo Radio', 'Casa Giulietta', 'Centro Fotografia', 'Sighseeing']",Santa Anastasia,strategy_nearest,False,0.0026650428771972656,success
049E773A9C4C80,2,['Castelvecchio'],San Fermo,"['Museo Storia', 'Museo Radio', 'Casa Giulietta', 'Centro Fotografia', 'Arena']",Giardino Giusti,strategy_nearest,False,0.0026721954345703125,success
049E7A429C4C80,0,['Arena'],Torre Lamberti,"['Sighseeing', 'Centro Fotografia', 'Museo Conte', 'Casa Giulietta', 'Palazzo della Ragione']",Castelvecchio,strategy_nearest,False,0.0032758712768554688,success
049E583A9C4C80,0,['Arena'],Casa Giulietta,"['Centro Fotografia', 'Sighseeing', 'Torre Lamberti', 'Museo Conte', 'Museo Radio']",Torre Lamberti,strategy_nearest,True,0.002644777297973633,success
049E7B429C4C80,2,['Castelvecchio'],Torre Lamberti,"['Sighseeing', 'Centro Fotografia', 'Museo Conte', 'Casa Giulietta', 'Palazzo della Ragione']",Santa Anastasia,strategy_nearest,False,0.0028657913208007812,success
049E7F3A9C4C80,0,['Arena'],Castelvecchio,"['Museo Lapidario', 'Verona Tour', 'Museo Radio', 'San Zeno', 'Sighseeing']",Teatro Romano,strategy_nearest,False,0.002716064453125,success
049E843A9C4C80,0,['Arena'],Casa Giulietta,"['Centro Fotografia', 'Sighseeing', 'Torre Lamberti', 'Museo Conte', 'Museo Radio']",Torre Lamberti,strategy_nearest,True,0.0027158260345458984,success
049E84429C4C80,0,"['Castelvecchio', 'Arena']",Casa Giulietta,"['Centro Fotografia', 'Sighseeing', 'Torre Lamberti', 'Museo Conte', 'Museo Radio']",Torre Lamberti,strategy_nearest,True,0.0033249855041503906,success
049E86429C4C80,3,"['Casa Giulietta', 'Torre Lamberti']",Santa Anastasia,"['AMO', 'Museo Conte', 'Palazzo della Ragione', 'Teatro Romano', 'Centro Fotografia']",Arena,strategy_nearest,False,0.003046274185180664,success
049E8E4A9C4C80,0,['Arena'],Castelvecchio,"['Museo Lapidario', 'Verona Tour', 'Museo Radio', 'San Zeno', 'Sighseeing']",Casa Giulietta,strategy_nearest,False,0.0014090538024902344,success
049E9B4A9C4C80,2,['Santa Anastasia'],Duomo,"['AMO', 'Museo Miniscalchi', 'Teatro Romano', 'Palazzo della Ragione', 'Museo Conte']",Castelvecchio,strategy_nearest,False,0.0034880638122558594,success
049E9F4A9C4C80,0,['Arena'],Casa Giulietta,"['Centro Fotografia', 'Sighseeing', 'Torre Lamberti', 'Museo Conte', 'Museo Radio']",Palazzo della Ragione,strategy_nearest,False,0.002696990966796875,success
049EA83A9C4C80,3,['Arena'],Castelvecchio,"['Museo Lapidario', 'Verona Tour', 'Museo Radio', 'San Zeno', 'Sighseeing']",Santa Anastasia,strategy_nearest,False,0.002604961395263672,success
049EA1429C4C80,3,"['Arena', 'Casa Giulietta']",Santa Anastasia,"['AMO', 'Museo Conte', 'Palazzo della Ragione', 'Teatro Romano', 'Centro Fotografia']",Duomo,strategy_nearest,False,0.0032379627227783203,success
049EAF429C4C80,2,['Tomba Giulietta'],Castelvecchio,"['Museo Lapidario', 'Verona Tour', 'Arena', 'Museo Radio', 'San Zeno']",Casa Giulietta,strategy_nearest,False,0.0012390613555908203,success
049EB7429C4C80,0,['Arena'],Torre Lamberti,"['Sighseeing', 'Centro Fotografia', 'Museo Conte', 'Casa Giulietta', 'Palazzo della Ragione']",Casa Giulietta,strategy_nearest,True,0.003406047821044922,success
049EBF3A9C4C80,0,['Arena'],Castelvecchio,"['Museo Lapidario', 'Verona Tour', 'Museo Radio', 'San Zeno', 'Sighseeing']",Casa Giulietta,strategy_nearest,False,0.002560138702392578,success
049EBA429C4C80,0,['Arena'],Casa Giulietta,"['Centro Fotografia', 'Sighseeing', 'Torre Lamberti', 'Museo Conte', 'Museo Radio']",Teatro Romano,strategy_nearest,False,0.002117156982421875,success
049EC43A9C4C80,3,"['Tomba Giulietta', 'Arena', 'Casa Giulietta']",Torre Lamberti,"['Sighseeing', 'Centro Fotografia', 'Museo Conte', 'Palazzo della Ragione', 'AMO']",Santa Anastasia,strategy_nearest,False,0.003306150436401367,success
049ECD3A9C4C80,0,['Arena'],Casa Giulietta,"['Centro Fotografia', 'Sighseeing', 'Torre Lamberti', 'Museo Conte', 'Museo Radio']",Palazzo della Ragione,strategy_nearest,False,0.0032951831817626953,success
049ED2429C4C80,3,"['Arena', 'Castelvecchio', 'Duomo']",Torre Lamberti,"['Sighseeing', 'Centro Fotografia', 'Museo Conte', 'Casa Giulietta', 'Palazzo della Ragione']",Casa Giulietta,strategy_nearest,True,0.002396821975708008,success
049ED53A9C4C80,3,"['Arena', 'Teatro Romano', 'Duomo']",Santa Anastasia,"['AMO', 'Museo Conte', 'Palazzo della Ragione', 'Centro Fotografia', 'Torre Lamberti']",Torre Lamberti,strategy_nearest,True,0.002691984176635742,success
049ED43A9C4C80,3,"['Tomba Giulietta', 'Arena']",Castelvecchio,"['Museo Lapidario', 'Verona Tour', 'Museo Radio', 'San Zeno', 'Sighseeing']",Duomo,strategy_nearest,False,0.0028700828552246094,success
049EEA3A9C4C80,0,['Arena'],Castelvecchio,"['Museo Lapidario', 'Verona Tour', 'Museo Radio', 'San Zeno', 'Sighseeing']",Casa Giulietta,strategy_nearest,False,0.003304004669189453,success
049EEF3A9C4C80,2,['San Zeno'],Teatro Romano,"['Santa Anastasia', 'Duomo', 'AMO', 'Palazzo della Ragione', 'Museo Conte']",Duomo,strategy_nearest,True,0.003737926483154297,success
049EF1429C4C80,0,['Arena'],Torre Lamberti,"['Sighseeing', 'Centro Fotografia', 'Museo Conte', 'Casa Giulietta', 'Palazzo della Ragione']",Casa Giulietta,strategy_nearest,True,0.003471851348876953,success
049EF93A9C4C80,3,"['Arena', 'Torre Lamberti']",Santa Anastasia,"['AMO', 'Museo Conte', 'Palazzo della Ragione', 'Teatro Romano', 'Centro Fotografia']",Teatro Romano,strategy_nearest,True,0.002924680709838867,success
049EF03A9C4C80,0,['Arena'],Casa Giulietta,"['Centro Fotografia', 'Sighseeing', 'Torre Lamberti', 'Museo Conte', 'Museo Radio']",Torre Lamberti,strategy_nearest,True,0.0028219223022460938,success
049F0F3A9C4C80,0,['Arena'],Museo Lapidario,"['Verona Tour', 'Castelvecchio', 'Museo Radio', 'San Fermo', 'Casa Giulietta']",Castelvecchio,strategy_nearest,True,0.0030646324157714844,success
049F134A9C4C80,0,['Arena'],Casa Giulietta,"['Centro Fotografia', 'Sighseeing', 'Torre Lamberti', 'Museo Conte', 'Museo Radio']",Torre Lamberti,strategy_nearest,True,0.002656221389770508,success
049F133A9C4C80,3,"['Arena', 'Museo Lapidario', 'Duomo', 'Santa Anastasia']",Casa Giulietta,"['Centro Fotografia', 'Sighseeing', 'Torre Lamberti', 'Museo Conte', 'Museo Radio']",Teatro Romano,strategy_nearest,False,0.001962900161743164,success
049F10429C4C80,3,"['Arena', 'Casa Giulietta', 'Torre Lamberti', 'Santa Anastasia']",Duomo,"['AMO', 'Museo Miniscalchi', 'Teatro Romano', 'Palazzo della Ragione', 'Museo Conte']",San Fermo,strategy_nearest,False,0.0025758743286132812,success
049F14429C4C84,0,['Arena'],Casa Giulietta,"['Centro Fotografia', 'Sighseeing', 'Torre Lamberti', 'Museo Conte', 'Museo Radio']",Duomo,strategy_nearest,False,0.0033206939697265625,success
049F184A9C4C80,3,"['Arena', 'Casa Giulietta', 'Torre Lamberti']",Santa Anastasia,"['AMO', 'Museo Conte', 'Palazzo della Ragione', 'Teatro Romano', 'Centro Fotografia']",Duomo,strategy_nearest,False,0.0016748905181884766,success
049F21429C4C84,0,['Arena'],Torre Lamberti,"['Sighseeing', 'Centro Fotografia', 'Museo Conte', 'Casa Giulietta', 'Palazzo della Ragione']",Casa Giulietta,strategy_nearest,True,0.003240823745727539,success
049F203A9C4C84,3,"['Arena', 'Casa Giulietta']",Torre Lamberti,"['Sighseeing', 'Centro Fotografia', 'Museo Conte', 'Palazzo della Ragione', 'AMO']",Santa Anastasia,strategy_nearest,False,0.002763032913208008,success
049F26429C4C84,0,['Santa Anastasia'],Arena,"['Verona Tour', 'Museo Lapidario', 'Museo Radio', 'San Fermo', 'Casa Giulietta']",Castelvecchio,strategy_nearest,False,0.0020041465759277344,success
049F244A9C4C80,3,"['Arena', 'Casa Giulietta', 'Torre Lamberti']",Santa Anastasia,"['AMO', 'Museo Conte', 'Palazzo della Ragione', 'Teatro Romano', 'Centro Fotografia']",Duomo,strategy_nearest,False,0.004644870758056641,success
049F24429C4C84,3,['Arena'],Duomo,"['AMO', 'Museo Miniscalchi', 'Santa Anastasia', 'Teatro Romano', 'Palazzo della Ragione']",Santa Anastasia,strategy_nearest,True,0.002899169921875,success
049F254A9C4C80,3,"['Castelvecchio', 'San Fermo']",Giardino Giusti,"['Santa Anastasia', 'Teatro Romano', 'Museo Conte', 'Centro Fotografia', 'Museo Storia']",Santa Anastasia,strategy_nearest,True,0.0026738643646240234,success
049F333A9C4C80,0,['Duomo'],Castelvecchio,"['Museo Lapidario', 'Verona Tour', 'Arena', 'Museo Radio', 'San Zeno']",San Zeno,strategy_nearest,True,0.0028150081634521484,success
049F33429C4C80,3,"['Arena', 'Santa Anastasia', 'San Zeno']",Torre Lamberti,"['Sighseeing', 'Centro Fotografia', 'Museo Conte', 'Casa Giulietta', 'Palazzo della Ragione']",Casa Giulietta,strategy_nearest,True,0.0034508705139160156,success
049F39429C4C80,3,"['Arena', 'Santa Anastasia', 'Duomo']",Torre Lamberti,"['Sighseeing', 'Centro Fotografia', 'Museo Conte', 'Casa Giulietta', 'Palazzo della Ragione']",Casa Giulietta,strategy_nearest,True,0.002824068069458008,success
049F3B429C4C80,0,['Arena'],Casa Giulietta,"['Centro Fotografia', 'Sighseeing', 'Torre Lamberti', 'Museo Conte', 'Museo Radio']",Torre Lamberti,strategy_nearest,True,0.0021398067474365234,success
049F403A9C4C80,3,"['Torre Lamberti', 'Casa Giulietta']",Castelvecchio,"['Museo Lapidario', 'Verona Tour', 'Arena', 'Museo Radio', 'San Zeno']",Tomba Giulietta,strategy_nearest,False,0.001664876937866211,success
049F493A9C4C80,2,['Santa Anastasia'],Casa Giulietta,"['Centro Fotografia', 'Sighseeing', 'Torre Lamberti', 'Museo Conte', 'Museo Radio']",Tomba Giulietta,strategy_nearest,False,0.003465890884399414,success
049F4B3A9C4C80,0,['Castelvecchio'],San Zeno,"['Verona Tour', 'Museo Lapidario', 'Arena', 'Museo Miniscalchi', 'Sighseeing']",Arena,strategy_nearest,True,0.0026738643646240234,success
049F3F3A9C4C80,3,"['Torre Lamberti', 'Casa Giulietta', 'Teatro Romano']",Duomo,"['AMO', 'Museo Miniscalchi', 'Santa Anastasia', 'Palazzo della Ragione', 'Museo Conte']",San Zeno,strategy_nearest,False,0.002307891845703125,success
049F513A9C4C80,3,['Arena'],Torre Lamberti,"['Sighseeing', 'Centro Fotografia', 'Museo Conte', 'Casa Giulietta', 'Palazzo della Ragione']",Casa Giulietta,strategy_nearest,True,0.002225160598754883,success
049F54429C4C80,3,"['Casa Giulietta', 'Torre Lamberti']",Santa Anastasia,"['AMO', 'Museo Conte', 'Palazzo della Ragione', 'Teatro Romano', 'Centro Fotografia']",Teatro Romano,strategy_nearest,True,0.002773284912109375,success
049F53429C4C80,3,"['Casa Giulietta', 'Torre Lamberti', 'Duomo', 'Santa Anastasia']",Teatro Romano,"['AMO', 'Palazzo della Ragione', 'Museo Conte', 'Centro Fotografia', 'Museo Miniscalchi']",Giardino Giusti,strategy_nearest,False,0.003393888473510742,success
049F5C429C4C80,3,['Arena'],Teatro Romano,"['Santa Anastasia', 'Duomo', 'AMO', 'Palazzo della Ragione', 'Museo Conte']",Santa Anastasia,strategy_nearest,True,0.0014519691467285156,success
049F69429C4C80,0,['Arena'],San Zeno,"['Castelvecchio', 'Verona Tour', 'Museo Lapidario', 'Museo Miniscalchi', 'Sighseeing']",Duomo,strategy_nearest,False,0.002732992172241211,success
049F5D3A9C4C80,2,"['San Fermo', 'Giardino Giusti', 'Teatro Romano']",Santa Anastasia,"['AMO', 'Museo Conte', 'Palazzo della Ragione', 'Centro Fotografia', 'Duomo']",Castelvecchio,strategy_nearest,False,0.00156402587890625,success
049F7B3A9C4C80,0,['Arena'],Casa Giulietta,"['Centro Fotografia', 'Sighseeing', 'Torre Lamberti', 'Museo Conte', 'Museo Radio']",Torre Lamberti,strategy_nearest,True,0.003194093704223633,success
049F6B3A9C4C80,0,"['Arena', 'Teatro Romano']",Casa Giulietta,"['Centro Fotografia', 'Sighseeing', 'Torre Lamberti', 'Museo Conte', 'Museo Radio']",Tomba Giulietta,strategy_nearest,False,0.002115964889526367,success
049F7E3A9C4C80,0,['Arena'],Casa Giulietta,"['Centro Fotografia', 'Sighseeing', 'Torre Lamberti', 'Museo Conte', 'Museo Radio']",Santa Anastasia,strategy_nearest,False,0.0021131038665771484,success
049F843A9C4C80,3,"['Arena', 'Castelvecchio']",San Zeno,"['Verona Tour', 'Museo Lapidario', 'Museo Miniscalchi', 'Sighseeing', 'Museo Radio']",Santa Anastasia,strategy_nearest,False,0.0013580322265625,success
049F9C4A9C4C80,1,"['Castelvecchio', 'Arena']",Torre Lamberti,"['Sighseeing', 'Centro Fotografia', 'Museo Conte', 'Casa Giulietta', 'Palazzo della Ragione']",Palazzo della Ragione,strategy_nearest,True,0.0025892257690429688,success
049F8F3A9C4C80,3,['Duomo'],Teatro Romano,"['Santa Anastasia', 'AMO', 'Palazzo della Ragione', 'Museo Conte', 'Centro Fotografia']",Santa Anastasia,strategy_nearest,True,0.0033431053161621094,success
049FBC429C4C80,0,['Arena'],Casa Giulietta,"['Centro Fotografia', 'Sighseeing', 'Torre Lamberti', 'Museo Conte', 'Museo Radio']",Tomba Giulietta,strategy_nearest,False,0.0026187896728515625,success
049FAD3A9C4C80,2,['Casa Giulietta'],Santa Anastasia,"['AMO', 'Museo Conte', 'Palazzo della Ragione', 'Teatro Romano', 'Centro Fotografia']",Duomo,strategy_nearest,False,0.0021338462829589844,success
049FB5429C4C80,3,"['Arena', 'Casa Giulietta']",Torre Lamberti,"['Sighseeing', 'Centro Fotografia', 'Museo Conte', 'Palazzo della Ragione', 'AMO']",Santa Anastasia,strategy_nearest,False,0.0020749568939208984,success
049FAA3A9C4C80,0,"['Arena', 'Teatro Romano']",San Zeno,"['Castelvecchio', 'Verona Tour', 'Museo Lapidario', 'Museo Miniscalchi', 'Sighseeing']",Castelvecchio,strategy_nearest,True,0.004806041717529297,success
049FCF429C4C80,3,"['Giardino Giusti', 'Castelvecchio']",Teatro Romano,"['Santa Anastasia', 'Duomo', 'AMO', 'Palazzo della Ragione', 'Museo Conte']",Duomo,strategy_nearest,True,0.002792835235595703,success
049FC6429C4C80,3,"['Duomo', 'Teatro Romano']",Castelvecchio,"['Museo Lapidario', 'Verona Tour', 'Arena', 'Museo Radio', 'San Zeno']",San Zeno,strategy_nearest,True,0.001905202865600586,success
049FE43A9C4C80,1,"['Arena', 'Torre Lamberti', 'Palazzo della Ragione', 'Casa Giulietta', 'San Fermo', 'Museo Storia']",Tomba Giulietta,"['Museo Lapidario', 'Museo Radio', 'Verona Tour', 'Castelvecchio', 'Sighseeing']",Castelvecchio,strategy_nearest,True,0.0026569366455078125,success
049FE3429C4C80,3,"['Castelvecchio', 'Duomo', 'Torre Lamberti', 'Casa Giulietta']",Tomba Giulietta,"['San Fermo', 'Museo Storia', 'Arena', 'Museo Lapidario', 'Museo Radio']",Museo Lapidario,strategy_nearest,True,0.0033609867095947266,success
04A00C429C4C84,3,['Arena'],Santa Anastasia,"['AMO', 'Museo Conte', 'Palazzo della Ragione', 'Teatro Romano', 'Centro Fotografia']",Duomo,strategy_nearest,False,0.0027458667755126953,success
049FFB3A9C4C80,1,"['Museo Lapidario', 'Arena', 'Palazzo della Ragione']",Torre Lamberti,"['Sighseeing', 'Centro Fotografia', 'Museo Conte', 'Casa Giulietta', 'AMO']",Santa Anastasia,strategy_nearest,False,0.0027761459350585938,success
04A01F3A9C4C80,2,"['Casa Giulietta', 'Torre Lamberti']",Santa Anastasia,"['AMO', 'Museo Conte', 'Palazzo della Ragione', 'Teatro Romano', 'Centro Fotografia']",Tomba Giulietta,strategy_nearest,False,0.003283977508544922,success
049FF33A9C4C80,1,['Castelvecchio'],Arena,"['Verona Tour', 'Museo Lapidario', 'Museo Radio', 'San Fermo', 'Casa Giulietta']",Palazzo della Ragione,strategy_nearest,False,0.002604961395263672,success
04A041429C4C80,0,['Arena'],Casa Giulietta,"['Centro Fotografia', 'Sighseeing', 'Torre Lamberti', 'Museo Conte', 'Museo Radio']",Tomba Giulietta,strategy_nearest,False,0.0016782283782958984,success
04A083429C4C80,2,['San Zeno'],Casa Giulietta,"['Centro Fotografia', 'Sighseeing', 'Torre Lamberti', 'Museo Conte', 'Museo Radio']",Santa Anastasia,strategy_nearest,False,0.0028221607208251953,success
04A0EB429C4C80,2,['Santa Anastasia'],Castelvecchio,"['Museo Lapidario', 'Verona Tour', 'Arena', 'Museo Radio', 'San Zeno']",San Zeno,strategy_nearest,True,0.0019497871398925781,success
04A0A44A9C4C80,2,['Castelvecchio'],Torre Lamberti,"['Sighseeing', 'Centro Fotografia', 'Museo Conte', 'Casa Giulietta', 'Palazzo della Ragione']",Casa Giulietta,strategy_nearest,True,0.0034189224243164062,success
04A104429C4C84,3,"['Casa Giulietta', 'San Fermo']",Arena,"['Verona Tour', 'Museo Lapidario', 'Museo Radio', 'Sighseeing', 'Castelvecchio']",Santa Anastasia,strategy_nearest,False,0.002798795700073242,success
04A101429C4C84,0,['Arena'],Casa Giulietta,"['Centro Fotografia', 'Sighseeing', 'Torre Lamberti', 'Museo Conte', 'Museo Radio']",Santa Anastasia,strategy_nearest,False,0.002889871597290039,success
04A10A4A9C4C80,3,"['Castelvecchio', 'San Zeno', 'Santa Anastasia']",Arena,"['Verona Tour', 'Museo Lapidario', 'Museo Radio', 'San Fermo', 'Casa Giulietta']",Duomo,strategy_nearest,False,0.003282785415649414,success
04A10E3A9C4C80,0,['Arena'],Casa Giulietta,"['Centro Fotografia', 'Sighseeing', 'Torre Lamberti', 'Museo Conte', 'Museo Radio']",Santa Anastasia,strategy_nearest,False,0.0026540756225585938,success
04A10F429C4C80,3,['Arena'],Castelvecchio,"['Museo Lapidario', 'Verona Tour', 'Museo Radio', 'San Zeno', 'Sighseeing']",Santa Anastasia,strategy_nearest,False,0.0022690296173095703,success
04A112429C4C80,3,"['Arena', 'Torre Lamberti', 'Santa Anastasia', 'Duomo']",Casa Giulietta,"['Centro Fotografia', 'Sighseeing', 'Museo Conte', 'Museo Radio', 'Palazzo della Ragione']",San Fermo,strategy_nearest,False,0.002665996551513672,success
04A110429C4C84,3,"['Casa Giulietta', 'Castelvecchio', 'San Zeno']",Santa Anastasia,"['AMO', 'Museo Conte', 'Palazzo della Ragione', 'Teatro Romano', 'Centro Fotografia']",Torre Lamberti,strategy_nearest,False,0.0021028518676757812,success
04A1114A9C4C80,3,"['Arena', 'Tomba Giulietta', 'San Fermo']",Teatro Romano,"['Santa Anastasia', 'Duomo', 'AMO', 'Palazzo della Ragione', 'Museo Conte']",Teatro Romano,strategy_nearest,False,0.0033919811248779297,success
04A118429C4C84,2,"['Castelvecchio', 'Torre Lamberti']",Casa Giulietta,"['Centro Fotografia', 'Sighseeing', 'Museo Conte', 'Museo Radio', 'Palazzo della Ragione']",Santa Anastasia,strategy_nearest,False,0.003198862075805664,success
04A117429C4C84,2,['Tomba Giulietta'],Castelvecchio,"['Museo Lapidario', 'Verona Tour', 'Arena', 'Museo Radio', 'San Zeno']",Casa Giulietta,strategy_nearest,False,0.002619028091430664,success
04A11C3A9C4C80,0,['Castelvecchio'],Casa Giulietta,"['Centro Fotografia', 'Sighseeing', 'Torre Lamberti', 'Museo Conte', 'Museo Radio']",Arena,strategy_nearest,False,0.003257274627685547,success
04A112429C4C84,0,['Arena'],Casa Giulietta,"['Centro Fotografia', 'Sighseeing', 'Torre Lamberti', 'Museo Conte', 'Museo Radio']",Torre Lamberti,strategy_nearest,True,0.003267049789428711,success
04A128429C4C80,3,"['Castelvecchio', 'Casa Giulietta']",Arena,"['Verona Tour', 'Museo Lapidario', 'Museo Radio', 'San Fermo', 'Sighseeing']",Torre Lamberti,strategy_nearest,False,0.002620220184326172,success
04A11D429C4C84,2,['Castelvecchio'],Teatro Romano,"['Santa Anastasia', 'Duomo', 'AMO', 'Palazzo della Ragione', 'Museo Conte']",Casa Giulietta,strategy_nearest,False,0.0032341480255126953,success
04A12A3A9C4C80,0,['Arena'],Torre Lamberti,"['Sighseeing', 'Centro Fotografia', 'Museo Conte', 'Casa Giulietta', 'Palazzo della Ragione']",Casa Giulietta,strategy_nearest,True,0.0012722015380859375,success
04A12F3A9C4C80,3,['Duomo'],Arena,"['Verona Tour', 'Museo Lapidario', 'Museo Radio', 'San Fermo', 'Casa Giulietta']",Casa Giulietta,strategy_nearest,True,0.003579854965209961,success
04A1413A9C4C80,1,"['Duomo', 'Torre Lamberti', 'Palazzo della Ragione', 'San Fermo']",Museo Storia,"['Museo Radio', 'Casa Giulietta', 'Centro Fotografia', 'Tomba Giulietta', 'Arena']",Arena,strategy_nearest,True,0.002460002899169922,success
04A135429C4C80,2,['Santa Anastasia'],Castelvecchio,"['Museo Lapidario', 'Verona Tour', 'Arena', 'Museo Radio', 'San Zeno']",San Zeno,strategy_nearest,True,0.0033562183380126953,success
04A139429C4C80,0,['Arena'],Duomo,"['AMO', 'Museo Miniscalchi', 'Santa Anastasia', 'Teatro Romano', 'Palazzo della Ragione']",Torre Lamberti,strategy_nearest,False,0.0021300315856933594,success
04A154429C4C80,3,"['Santa Anastasia', 'Casa Giulietta']",San Fermo,"['Museo Storia', 'Museo Radio', 'Centro Fotografia', 'Arena', 'Sighseeing']",Arena,strategy_nearest,True,0.0020151138305664062,success
04A141429C4C80,3,"['San Zeno', 'Castelvecchio']",San Fermo,"['Museo Storia', 'Museo Radio', 'Casa Giulietta', 'Centro Fotografia', 'Arena']",Arena,strategy_nearest,True,0.0028679370880126953,success
04A142429C4C80,0,['Arena'],Castelvecchio,"['Museo Lapidario', 'Verona Tour', 'Museo Radio', 'San Zeno', 'Sighseeing']",Casa Giulietta,strategy_nearest,False,0.0027608871459960938,success
04A14F3A9C4C80,0,['Arena'],Casa Giulietta,"['Centro Fotografia', 'Sighseeing', 'Torre Lamberti', 'Museo Conte', 'Museo Radio']",Castelvecchio,strategy_nearest,False,0.0034608840942382812,success
04A155429C4C80,3,"['Arena', 'Casa Giulietta']",Santa Anastasia,"['AMO', 'Museo Conte', 'Palazzo della Ragione', 'Teatro Romano', 'Centro Fotografia']",Teatro Romano,strategy_nearest,True,0.002465963363647461,success
04A170429C4C80,3,"['Museo Lapidario', 'Arena']",Casa Giulietta,"['Centro Fotografia', 'Sighseeing', 'Torre Lamberti', 'Museo Conte', 'Museo Radio']",Castelvecchio,strategy_nearest,False,0.0019729137420654297,success
04A177429C4C80,0,['Casa Giulietta'],Arena,"['Verona Tour', 'Museo Lapidario', 'Museo Radio', 'San Fermo', 'Sighseeing']",Tomba Giulietta,strategy_nearest,False,0.002805948257446289,success
04A184429C4C80,0,['Arena'],Torre Lamberti,"['Sighseeing', 'Centro Fotografia', 'Museo Conte', 'Casa Giulietta', 'Palazzo della Ragione']",Teatro Romano,strategy_nearest,False,0.0032219886779785156,success
04A188429C4C80,3,"['San Zeno', 'Duomo', 'Santa Anastasia']",Casa Giulietta,"['Centro Fotografia', 'Sighseeing', 'Torre Lamberti', 'Museo Conte', 'Museo Radio']",San Fermo,strategy_nearest,False,0.0019228458404541016,success
04A17C4A9C4C80,3,"['Arena', 'Casa Giulietta']",Torre Lamberti,"['Sighseeing', 'Centro Fotografia', 'Museo Conte', 'Palazzo della Ragione', 'AMO']",Duomo,strategy_nearest,False,0.003332853317260742,success
04A18B4A9C4C80,3,"['Arena', 'Castelvecchio']",Casa Giulietta,"['Centro Fotografia', 'Sighseeing', 'Torre Lamberti', 'Museo Conte', 'Museo Radio']",Santa Anastasia,strategy_nearest,False,0.0022029876708984375,success
04A18F4A9C4C80,0,['Casa Giulietta'],Arena,"['Verona Tour', 'Museo Lapidario', 'Museo Radio', 'San Fermo', 'Sighseeing']",Torre Lamberti,strategy_nearest,False,0.0026688575744628906,success
04A19A429C4C80,1,"['Arena', 'Casa Giulietta']",Torre Lamberti,"['Sighseeing', 'Centro Fotografia', 'Museo Conte', 'Palazzo della Ragione', 'AMO']",Palazzo della Ragione,strategy_nearest,True,0.0032761096954345703,success
04A189429C4C80,3,"['San Zeno', 'Castelvecchio', 'Arena']",Casa Giulietta,"['Centro Fotografia', 'Sighseeing', 'Torre Lamberti', 'Museo Conte', 'Museo Radio']",Torre Lamberti,strategy_nearest,True,0.0027570724487304688,success
04A1AA3A9C4C80,3,['Arena'],Santa Anastasia,"['AMO', 'Museo Conte', 'Palazzo della Ragione', 'Teatro Romano', 'Centro Fotografia']",Teatro Romano,strategy_nearest,True,0.0019450187683105469,success
04A19F429C4C80,2,['Casa Giulietta'],Castelvecchio,"['Museo Lapidario', 'Verona Tour', 'Arena', 'Museo Radio', 'San Zeno']",San Fermo,strategy_nearest,False,0.002625703811645508,success
04A1AC3A9C4C80,0,"['Torre Lamberti', 'Casa Giulietta']",Tomba Giulietta,"['San Fermo', 'Museo Storia', 'Arena', 'Museo Lapidario', 'Museo Radio']",Arena,strategy_nearest,True,0.0026443004608154297,success
04A1AC429C4C80,2,['Torre Lamberti'],Casa Giulietta,"['Centro Fotografia', 'Sighseeing', 'Museo Conte', 'Museo Radio', 'Palazzo della Ragione']",Teatro Romano,strategy_nearest,False,0.0031499862670898438,success
04A1E4429C4C80,1,"['Arena', 'Casa Giulietta']",Santa Anastasia,"['AMO', 'Museo Conte', 'Palazzo della Ragione', 'Teatro Romano', 'Centro Fotografia']",Torre Lamberti,strategy_nearest,False,0.0019750595092773438,success
04A1C23A9C4C80,0,['Arena'],Castelvecchio,"['Museo Lapidario', 'Verona Tour', 'Museo Radio', 'San Zeno', 'Sighseeing']",Tomba Giulietta,strategy_nearest,False,0.003993988037109375,success
04A1CB3A9C4C80,1,"['Arena', 'Museo Lapidario', 'Castelvecchio', 'Duomo']",Santa Anastasia,"['AMO', 'Museo Conte', 'Palazzo della Ragione', 'Teatro Romano', 'Centro Fotografia']",Torre Lamberti,strategy_nearest,False,0.0021371841430664062,success
04A1AD3A9C4C80,0,['Arena'],Casa Giulietta,"['Centro Fotografia', 'Sighseeing', 'Torre Lamberti', 'Museo Conte', 'Museo Radio']",Santa Anastasia,strategy_nearest,False,0.0033881664276123047,success
04A1FA3A9C4C80,0,"['Castelvecchio', 'Museo Lapidario', 'Tomba Giulietta']",Museo Storia,"['San Fermo', 'Museo Radio', 'Casa Giulietta', 'Centro Fotografia', 'Arena']",Arena,strategy_nearest,True,0.0020117759704589844,success
04A1EF429C4C80,3,"['Castelvecchio', 'Arena']",Santa Anastasia,"['AMO', 'Museo Conte', 'Palazzo della Ragione', 'Teatro Romano', 'Centro Fotografia']",Duomo,strategy_nearest,False,0.0016260147094726562,success
04A1F43A9C4C80,3,"['Casa Giulietta', 'Torre Lamberti', 'Arena']",Tomba Giulietta,"['San Fermo', 'Museo Storia', 'Museo Lapidario', 'Museo Radio', 'Verona Tour']",San Fermo,strategy_nearest,True,0.002808094024658203,success
04A1F6429C4C80,2,['Castelvecchio'],Casa Giulietta,"['Centro Fotografia', 'Sighseeing', 'Torre Lamberti', 'Museo Conte', 'Museo Radio']",Santa Anastasia,strategy_nearest,False,0.0033941268920898438,success
04A20F429C4C80,2,"['Museo Lapidario', 'Castelvecchio']",Palazzo della Ragione,"['AMO', 'Museo Conte', 'Torre Lamberti', 'Centro Fotografia', 'Sighseeing']",Santa Anastasia,strategy_nearest,False,0.00279998779296875,success
04A20E429C4C84,1,"['Castelvecchio', 'Arena', 'Casa Giulietta']",Torre Lamberti,"['Sighseeing', 'Centro Fotografia', 'Museo Conte', 'Palazzo della Ragione', 'AMO']",Palazzo della Ragione,strategy_nearest,True,0.003262042999267578,success
04A201429C4C84,0,['Arena'],Teatro Romano,"['Santa Anastasia', 'Duomo', 'AMO', 'Palazzo della Ragione', 'Museo Conte']",Duomo,strategy_nearest,True,0.0031468868255615234,success
04A212429C4C80,3,"['Arena', 'Casa Giulietta']",San Fermo,"['Museo Storia', 'Museo Radio', 'Centro Fotografia', 'Sighseeing', 'Torre Lamberti']",Santa Anastasia,strategy_nearest,False,0.0034868717193603516,success
04A217429C4C84,2,['Casa Giulietta'],Torre Lamberti,"['Sighseeing', 'Centro Fotografia', 'Museo Conte', 'Palazzo della Ragione', 'AMO']",Santa Anastasia,strategy_nearest,False,0.0024499893188476562,success
04A213429C4C80,3,"['Arena', 'Casa Giulietta']",Torre Lamberti,"['Sighseeing', 'Centro Fotografia', 'Museo Conte', 'Palazzo della Ragione', 'AMO']",Duomo,strategy_nearest,False,0.0018796920776367188,success
04A21D3A9C4C80,3,"['Arena', 'Torre Lamberti']",Santa Anastasia,"['AMO', 'Museo Conte', 'Palazzo della Ragione', 'Teatro Romano', 'Centro Fotografia']",Duomo,strategy_nearest,False,0.0032732486724853516,success
04A219429C4C84,0,['Castelvecchio'],Casa Giulietta,"['Centro Fotografia', 'Sighseeing', 'Torre Lamberti', 'Museo Conte', 'Museo Radio']",Teatro Romano,strategy_nearest,False,0.00263214111328125,success
04A21D429C4C84,3,"['Arena', 'Tomba Giulietta', 'San Fermo']",Casa Giulietta,"['Centro Fotografia', 'Sighseeing', 'Torre Lamberti', 'Museo Conte', 'Museo Radio']",Torre Lamberti,strategy_nearest,True,0.0022950172424316406,success
04A21E429C4C84,2,['Casa Giulietta'],Castelvecchio,"['Museo Lapidario', 'Verona Tour', 'Arena', 'Museo Radio', 'San Zeno']",Teatro Romano,strategy_nearest,False,0.0030069351196289062,success
04A221429C4C80,0,"['Arena', 'Museo Lapidario']",Tomba Giulietta,"['San Fermo', 'Museo Storia', 'Museo Radio', 'Verona Tour', 'Casa Giulietta']",Casa Giulietta,strategy_nearest,True,0.002421855926513672,success
04A2223A9C4C84,3,"['Arena', 'Torre Lamberti']",Casa Giulietta,"['Centro Fotografia', 'Sighseeing', 'Museo Conte', 'Museo Radio', 'Palazzo della Ragione']",San Fermo,strategy_nearest,False,0.003100156784057617,success
04A221429C4C84,0,['Arena'],Castelvecchio,"['Museo Lapidario', 'Verona Tour', 'Museo Radio', 'San Zeno', 'Sighseeing']",Casa Giulietta,strategy_nearest,False,0.0034008026123046875,success
04A225429C4C84,0,"['Arena', 'Teatro Romano']",Casa Giulietta,"['Centro Fotografia', 'Sighseeing', 'Torre Lamberti', 'Museo Conte', 'Museo Radio']",Castelvecchio,strategy_nearest,False,0.0029327869415283203,success
04A22E3A9C4C80,3,"['Casa Giulietta', 'Torre Lamberti', 'San Zeno', 'Castelvecchio']",Arena,"['Verona Tour', 'Museo Lapidario', 'Museo Radio', 'San Fermo', 'Sighseeing']",Santa Anastasia,strategy_nearest,False,0.0026390552520751953,success
04A22D3A9C4C80,0,['Arena'],Casa Giulietta,"['Centro Fotografia', 'Sighseeing', 'Torre Lamberti', 'Museo Conte', 'Museo Radio']",Teatro Romano,strategy_nearest,False,0.003431081771850586,success
04A22B429C4C80,3,['Arena'],Casa Giulietta,"['Centro Fotografia', 'Sighseeing', 'Torre Lamberti', 'Museo Conte', 'Museo Radio']",Torre Lamberti,strategy_nearest,True,0.003423929214477539,success
04A2333A9C4C80,3,"['Santa Anastasia', 'Torre Lamberti']",Casa Giulietta,"['Centro Fotografia', 'Sighseeing', 'Museo Conte', 'Museo Radio', 'Palazzo della Ragione']",Arena,strategy_nearest,False,0.0022089481353759766,success
04A236429C4C80,1,"['Arena', 'Museo Lapidario', 'Castelvecchio', 'Casa Giulietta']",Palazzo della Ragione,"['AMO', 'Museo Conte', 'Torre Lamberti', 'Centro Fotografia', 'Sighseeing']",San Fermo,strategy_nearest,False,0.0024650096893310547,success
04A239429C4C80,0,['Arena'],Casa Giulietta,"['Centro Fotografia', 'Sighseeing', 'Torre Lamberti', 'Museo Conte', 'Museo Radio']",Tomba Giulietta,strategy_nearest,False,0.0036439895629882812,success
04A23B429C4C80,3,['Arena'],Santa Anastasia,"['AMO', 'Museo Conte', 'Palazzo della Ragione', 'Teatro Romano', 'Centro Fotografia']",Torre Lamberti,strategy_nearest,False,0.0021009445190429688,success
04A2374A9C4C80,3,"['Tomba Giulietta', 'Teatro Romano', 'Arena', 'Casa Giulietta']",Santa Anastasia,"['AMO', 'Museo Conte', 'Palazzo della Ragione', 'Centro Fotografia', 'Duomo']",Duomo,strategy_nearest,True,0.002977132797241211,success
04A240429C4C80,0,"['Arena', 'Torre Lamberti']",Teatro Romano,"['Santa Anastasia', 'Duomo', 'AMO', 'Palazzo della Ragione', 'Museo Conte']",Giardino Giusti,strategy_nearest,False,0.0031778812408447266,success
04A24E3A9C4C80,2,"['Casa Giulietta', 'Torre Lamberti', 'Palazzo della Ragione']",Santa Anastasia,"['AMO', 'Museo Conte', 'Teatro Romano', 'Centro Fotografia', 'Duomo']",Duomo,strategy_nearest,True,0.002792835235595703,success
04A251429C4C80,0,"['Arena', 'Torre Lamberti']",Giardino Giusti,"['Santa Anastasia', 'Teatro Romano', 'Museo Conte', 'Centro Fotografia', 'Museo Storia']",Castelvecchio,strategy_nearest,False,0.003365039825439453,success
04A2563A9C4C80,2,"['Santa Anastasia', 'Santa Anastasia', 'Teatro Romano', 'Castelvecchio']",San Zeno,"['Verona Tour', 'Museo Lapidario', 'Arena', 'Museo Miniscalchi', 'Sighseeing']",Casa Giulietta,strategy_nearest,False,0.0031957626342773438,success
04A2533A9C4C80,3,"['Torre Lamberti', 'Casa Giulietta']",Castelvecchio,"['Museo Lapidario', 'Verona Tour', 'Arena', 'Museo Radio', 'San Zeno']",Tomba Giulietta,strategy_nearest,False,0.0013599395751953125,success
04A2573A9C4C80,3,"['Torre Lamberti', 'Casa Giulietta', 'San Fermo']",Teatro Romano,"['Santa Anastasia', 'Duomo', 'AMO', 'Palazzo della Ragione', 'Museo Conte']",Duomo,strategy_nearest,True,0.0022389888763427734,success
04A2623A9C4C80,4,"['Arena', 'Castelvecchio']",Museo Radio,"['Casa Giulietta', 'San Fermo', 'Sighseeing', 'Torre Lamberti', 'Centro Fotografia']",Museo Storia,strategy_nearest,False,0.0035178661346435547,success
04A27C3A9C4C80,3,"['Torre Lamberti', 'Teatro Romano']",Duomo,"['AMO', 'Museo Miniscalchi', 'Santa Anastasia', 'Palazzo della Ragione', 'Museo Conte']",Casa Giulietta,strategy_nearest,False,0.0031671524047851562,success
04A26D3A9C4C80,3,"['Arena', 'Torre Lamberti']",Santa Anastasia,"['AMO', 'Museo Conte', 'Palazzo della Ragione', 'Teatro Romano', 'Centro Fotografia']",Duomo,strategy_nearest,False,0.0018277168273925781,success
04A280429C4C80,3,"['Casa Giulietta', 'Santa Anastasia']",Duomo,"['AMO', 'Museo Miniscalchi', 'Teatro Romano', 'Palazzo della Ragione', 'Museo Conte']",Castelvecchio,strategy_nearest,False,0.002706766128540039,success
04A2824A9C4C80,3,['Santa Anastasia'],Arena,"['Verona Tour', 'Museo Lapidario', 'Museo Radio', 'San Fermo', 'Casa Giulietta']",Duomo,strategy_nearest,False,0.0014128684997558594,success
04A27D3A9C4C80,0,['Arena'],Casa Giulietta,"['Centro Fotografia', 'Sighseeing', 'Torre Lamberti', 'Museo Conte', 'Museo Radio']",Castelvecchio,strategy_nearest,False,0.004178047180175781,success
04A27C429C4C80,1,"['Arena', 'Casa Giulietta', 'Torre Lamberti']",Palazzo della Ragione,"['AMO', 'Museo Conte', 'Centro Fotografia', 'Sighseeing', 'Santa Anastasia']",Castelvecchio,strategy_nearest,False,0.0034749507904052734,success
04A28C4A9C4C80,0,['Arena'],Castelvecchio,"['Museo Lapidario', 'Verona Tour', 'Museo Radio', 'San Zeno', 'Sighseeing']",Tomba Giulietta,strategy_nearest,False,0.002109050750732422,success
04A28E429C4C80,2,['Tomba Giulietta'],San Fermo,"['Museo Storia', 'Museo Radio', 'Casa Giulietta', 'Centro Fotografia', 'Arena']",Casa Giulietta,strategy_nearest,True,0.002724170684814453,success
04A299429C4C80,0,"['Arena', 'San Fermo']",Casa Giulietta,"['Centro Fotografia', 'Sighseeing', 'Torre Lamberti', 'Museo Conte', 'Museo Radio']",Torre Lamberti,strategy_nearest,True,0.002786874771118164,success
04A29A429C4C80,1,['Arena'],Casa Giulietta,"['Centro Fotografia', 'Sighseeing', 'Torre Lamberti', 'Museo Conte', 'Museo Radio']",Torre Lamberti,strategy_nearest,True,0.003576040267944336,success
04A29E4A9C4C80,3,"['Arena', 'Museo Lapidario', 'Casa Giulietta', 'Torre Lamberti']",San Fermo,"['Museo Storia', 'Museo Radio', 'Centro Fotografia', 'Sighseeing', 'Museo Conte']",Santa Anastasia,strategy_nearest,False,0.0017521381378173828,success
04A29D429C4C80,3,"['Museo Lapidario', 'Arena', 'San Fermo']",Casa Giulietta,"['Centro Fotografia', 'Sighseeing', 'Torre Lamberti', 'Museo Conte', 'Museo Radio']",Santa Anastasia,strategy_nearest,False,0.003557920455932617,success
04A2A1429C4C80,0,['Arena'],Casa Giulietta,"['Centro Fotografia', 'Sighseeing', 'Torre Lamberti', 'Museo Conte', 'Museo Radio']",Tomba Giulietta,strategy_nearest,False,0.0029320716857910156,success
04A29F429C4C80,3,"['Castelvecchio', 'Casa Giulietta']",Santa Anastasia,"['AMO', 'Museo Conte', 'Palazzo della Ragione', 'Teatro Romano', 'Centro Fotografia']",Duomo,strategy_nearest,False,0.003129720687866211,success
04A2A94A9C4C80,2,['Casa Giulietta'],Tomba Giulietta,"['San Fermo', 'Museo Storia', 'Arena', 'Museo Lapidario', 'Museo Radio']",Castelvecchio,strategy_nearest,False,0.0027840137481689453,success
04A2AF3A9C4C80,3,"['Arena', 'Santa Anastasia', 'Duomo']",Torre Lamberti,"['Sighseeing', 'Centro Fotografia', 'Museo Conte', 'Casa Giulietta', 'Palazzo della Ragione']",Casa Giulietta,strategy_nearest,True,0.0019571781158447266,success
04A2AE3A9C4C80,0,['Arena'],Museo Lapidario,"['Verona Tour', 'Castelvecchio', 'Museo Radio', 'San Fermo', 'Casa Giulietta']",Santa Anastasia,strategy_nearest,False,0.0033330917358398438,success
04A2AD3A9C4C80,0,['Arena'],Casa Giulietta,"['Centro Fotografia', 'Sighseeing', 'Torre Lamberti', 'Museo Conte', 'Museo Radio']",Castelvecchio,strategy_nearest,False,0.0027017593383789062,success
04A2B03A9C4C80,3,"['Arena', 'Casa Giulietta']",Santa Anastasia,"['AMO', 'Museo Conte', 'Palazzo della Ragione', 'Teatro Romano', 'Centro Fotografia']",Duomo,strategy_nearest,False,0.0021009445190429688,success
04A2B23A9C4C80,3,"['Casa Giulietta', 'Duomo']",Castelvecchio,"['Museo Lapidario', 'Verona Tour', 'Arena', 'Museo Radio', 'San Zeno']",Arena,strategy_nearest,True,0.0019788742065429688,success
04A2B7429C4C80,3,['Arena'],Casa Giulietta,"['Centro Fotografia', 'Sighseeing', 'Torre Lamberti', 'Museo Conte', 'Museo Radio']",Santa Anastasia,strategy_nearest,False,0.0026810169219970703,success
04A2B1429C4C80,1,"['Arena', 'Torre Lamberti']",Palazzo della Ragione,"['AMO', 'Museo Conte', 'Centro Fotografia', 'Sighseeing', 'Santa Anastasia']",Casa Giulietta,strategy_nearest,False,0.004127025604248047,success
04A2C83A9C4C80,2,"['Castelvecchio', 'Casa Giulietta', 'Torre Lamberti']",Santa Anastasia,"['AMO', 'Museo Conte', 'Palazzo della Ragione', 'Teatro Romano', 'Centro Fotografia']",Duomo,strategy_nearest,False,0.0026917457580566406,success
04A2CB3A9C4C80,3,"['Arena', 'Teatro Romano', 'Duomo']",Santa Anastasia,"['AMO', 'Museo Conte', 'Palazzo della Ragione', 'Centro Fotografia', 'Torre Lamberti']",Torre Lamberti,strategy_nearest,True,0.0013587474822998047,success
04A2BC429C4C80,3,['Arena'],Santa Anastasia,"['AMO', 'Museo Conte', 'Palazzo della Ragione', 'Teatro Romano', 'Centro Fotografia']",Duomo,strategy_nearest,False,0.0034661293029785156,success
04A2C63A9C4C80,0,['Arena'],Torre Lamberti,"['Sighseeing', 'Centro Fotografia', 'Museo Conte', 'Casa Giulietta', 'Palazzo della Ragione']",Casa Giulietta,strategy_nearest,True,0.003340005874633789,success
04A2EE3A9C4C80,1,"['Casa Giulietta', 'Torre Lamberti']",Palazzo della Ragione,"['AMO', 'Museo Conte', 'Centro Fotografia', 'Sighseeing', 'Santa Anastasia']",Arena,strategy_nearest,False,0.0020990371704101562,success
04A2FA429C4C80,0,"['Arena', 'Castelvecchio']",Torre Lamberti,"['Sighseeing', 'Centro Fotografia', 'Museo Conte', 'Casa Giulietta', 'Palazzo della Ragione']",Casa Giulietta,strategy_nearest,True,0.0026640892028808594,success
04A2CD3A9C4C80,3,"['Arena', 'Teatro Romano']",Casa Giulietta,"['Centro Fotografia', 'Sighseeing', 'Torre Lamberti', 'Museo Conte', 'Museo Radio']",Duomo,strategy_nearest,False,0.0022661685943603516,success
04A2ED3A9C4C80,1,"['Casa Giulietta', 'Teatro Romano']",Arena,"['Verona Tour', 'Museo Lapidario', 'Museo Radio', 'San Fermo', 'Sighseeing']",Castelvecchio,strategy_nearest,False,0.0034868717193603516,success
04A2FC429C4C80,3,"['Castelvecchio', 'Arena']",Museo Lapidario,"['Verona Tour', 'Museo Radio', 'San Fermo', 'Casa Giulietta', 'Tomba Giulietta']",Teatro Romano,strategy_nearest,False,0.003258943557739258,success
04A3094A9C4C80,3,"['Castelvecchio', 'San Zeno', 'Santa Anastasia']",Arena,"['Verona Tour', 'Museo Lapidario', 'Museo Radio', 'San Fermo', 'Casa Giulietta']",Duomo,strategy_nearest,False,0.0026082992553710938,success
04A310429C4C80,1,"['Arena', 'Museo Lapidario', 'Castelvecchio', 'San Zeno']",Santa Anastasia,"['AMO', 'Museo Conte', 'Palazzo della Ragione', 'Teatro Romano', 'Centro Fotografia']",Duomo,strategy_nearest,False,0.0012862682342529297,success
04A310429C4C84,3,"['Arena', 'San Fermo', 'Museo Storia']",Casa Giulietta,"['Centro Fotografia', 'Sighseeing', 'Torre Lamberti', 'Museo Conte', 'Museo Radio']",Castelvecchio,strategy_nearest,False,0.0034439563751220703,success
04A31D429C4C84,3,['Arena'],Torre Lamberti,"['Sighseeing', 'Centro Fotografia', 'Museo Conte', 'Casa Giulietta', 'Palazzo della Ragione']",Casa Giulietta,strategy_nearest,True,0.002001047134399414,success
04A3233A9C4C84,3,"['Arena', 'Casa Giulietta']",Santa Anastasia,"['AMO', 'Museo Conte', 'Palazzo della Ragione', 'Teatro Romano', 'Centro Fotografia']",Duomo,strategy_nearest,False,0.0031511783599853516,success
04A3144A9C4C80,1,"['Castelvecchio', 'Museo Lapidario', 'Arena', 'Teatro Romano']",Santa Anastasia,"['AMO', 'Museo Conte', 'Palazzo della Ragione', 'Centro Fotografia', 'Duomo']",Casa Giulietta,strategy_nearest,False,0.002835988998413086,success
04A3263A9C4C80,3,"['Castelvecchio', 'Casa Giulietta']",Santa Anastasia,"['AMO', 'Museo Conte', 'Palazzo della Ragione', 'Teatro Romano', 'Centro Fotografia']",Duomo,strategy_nearest,False,0.0018091201782226562,success
04A32A429C4C80,0,['Arena'],Duomo,"['AMO', 'Museo Miniscalchi', 'Santa Anastasia', 'Teatro Romano', 'Palazzo della Ragione']",Castelvecchio,strategy_nearest,False,0.0024039745330810547,success
04A325429C4C84,3,"['Arena', 'Casa Giulietta']",Torre Lamberti,"['Sighseeing', 'Centro Fotografia', 'Museo Conte', 'Palazzo della Ragione', 'AMO']",Santa Anastasia,strategy_nearest,False,0.0030362606048583984,success
04A32B429C4C80,3,['Arena'],Casa Giulietta,"['Centro Fotografia', 'Sighseeing', 'Torre Lamberti', 'Museo Conte', 'Museo Radio']",Torre Lamberti,strategy_nearest,True,0.0031981468200683594,success
04A33A3A9C4C80,3,"['Castelvecchio', 'San Zeno', 'Arena']",Casa Giulietta,"['Centro Fotografia', 'Sighseeing', 'Torre Lamberti', 'Museo Conte', 'Museo Radio']",Torre Lamberti,strategy_nearest,True,0.001767873764038086,success
04A334429C4C80,0,['Casa Giulietta'],Arena,"['Verona Tour', 'Museo Lapidario', 'Museo Radio', 'San Fermo', 'Sighseeing']",Torre Lamberti,strategy_nearest,False,0.0034329891204833984,success
04A33B429C4C80,3,"['Arena', 'Museo Lapidario']",Casa Giulietta,"['Centro Fotografia', 'Sighseeing', 'Torre Lamberti', 'Museo Conte', 'Museo Radio']",Torre Lamberti,strategy_nearest,True,0.0031816959381103516,success
04A33D429C4C80,2,['Casa Giulietta'],Torre Lamberti,"['Sighseeing', 'Centro Fotografia', 'Museo Conte', 'Palazzo della Ragione', 'AMO']",Santa Anastasia,strategy_nearest,False,0.002424955368041992,success
04A33E429C4C80,3,"['Torre Lamberti', 'Santa Anastasia']",Arena,"['Verona Tour', 'Museo Lapidario', 'Museo Radio', 'San Fermo', 'Casa Giulietta']",Castelvecchio,strategy_nearest,False,0.0030608177185058594,success
04A34F3A9C4C80,3,['Casa Giulietta'],Santa Anastasia,"['AMO', 'Museo Conte', 'Palazzo della Ragione', 'Teatro Romano', 'Centro Fotografia']",Teatro Romano,strategy_nearest,True,0.0027828216552734375,success
04A344429C4C80,3,"['Arena', 'Castelvecchio']",Torre Lamberti,"['Sighseeing', 'Centro Fotografia', 'Museo Conte', 'Casa Giulietta', 'Palazzo della Ragione']",Santa Anastasia,strategy_nearest,False,0.003484010696411133,success
04A340429C4C80,3,"['Arena', 'Castelvecchio', 'San Zeno']",Duomo,"['AMO', 'Museo Miniscalchi', 'Santa Anastasia', 'Teatro Romano', 'Palazzo della Ragione']",Teatro Romano,strategy_nearest,True,0.002817869186401367,success
04A351429C4C80,3,"['Arena', 'Torre Lamberti']",Santa Anastasia,"['AMO', 'Museo Conte', 'Palazzo della Ragione', 'Teatro Romano', 'Centro Fotografia']",Castelvecchio,strategy_nearest,False,0.0016827583312988281,success
04A36C429C4C80,0,['Arena'],Casa Giulietta,"['Centro Fotografia', 'Sighseeing', 'Torre Lamberti', 'Museo Conte', 'Museo Radio']",Torre Lamberti,strategy_nearest,True,0.0033278465270996094,success
04A3523A9C4C80,3,"['Arena', 'Casa Giulietta']",Santa Anastasia,"['AMO', 'Museo Conte', 'Palazzo della Ragione', 'Teatro Romano', 'Centro Fotografia']",Torre Lamberti,strategy_nearest,False,0.0027620792388916016,success
04A372429C4C80,0,['Arena'],Casa Giulietta,"['Centro Fotografia', 'Sighseeing', 'Torre Lamberti', 'Museo Conte', 'Museo Radio']",Casa Giulietta,strategy_nearest,False,0.0013148784637451172,success
04A373429C4C80,2,"['Castelvecchio', 'Torre Lamberti', 'San Fermo']",Teatro Romano,"['Santa Anastasia', 'Duomo', 'AMO', 'Palazzo della Ragione', 'Museo Conte']",Duomo,strategy_nearest,True,0.0033288002014160156,success
04A37F4A9C4C80,3,['Arena'],Teatro Romano,"['Santa Anastasia', 'Duomo', 'AMO', 'Palazzo della Ragione', 'Museo Conte']",Santa Anastasia,strategy_nearest,True,0.001967906951904297,success
04A3843A9C4C80,3,"['Arena', 'Castelvecchio']",San Zeno,"['Verona Tour', 'Museo Lapidario', 'Museo Miniscalchi', 'Sighseeing', 'Museo Radio']",Santa Anastasia,strategy_nearest,False,0.0027790069580078125,success
04A384429C4C80,0,['Casa Giulietta'],Arena,"['Verona Tour', 'Museo Lapidario', 'Museo Radio', 'San Fermo', 'Sighseeing']",Tomba Giulietta,strategy_nearest,False,0.003289937973022461,success
04A38F4A9C4C80,1,"['Arena', 'Casa Giulietta', 'Torre Lamberti']",Palazzo della Ragione,"['AMO', 'Museo Conte', 'Centro Fotografia', 'Sighseeing', 'Santa Anastasia']",Santa Anastasia,strategy_nearest,True,0.0027909278869628906,success
04A385429C4C80,3,"['Arena', 'San Zeno']",Castelvecchio,"['Museo Lapidario', 'Verona Tour', 'Museo Radio', 'Sighseeing', 'Museo Miniscalchi']",Casa Giulietta,strategy_nearest,False,0.003998994827270508,success
04A3954A9C4C80,2,['Castelvecchio'],Casa Giulietta,"['Centro Fotografia', 'Sighseeing', 'Torre Lamberti', 'Museo Conte', 'Museo Radio']",Santa Anastasia,strategy_nearest,False,0.0014400482177734375,success
04A398429C4C80,3,['Arena'],Santa Anastasia,"['AMO', 'Museo Conte', 'Palazzo della Ragione', 'Teatro Romano', 'Centro Fotografia']",Duomo,strategy_nearest,False,0.0032417774200439453,success
04A3A93A9C4C80,1,"['Arena', 'Casa Giulietta']",Palazzo della Ragione,"['AMO', 'Museo Conte', 'Torre Lamberti', 'Centro Fotografia', 'Sighseeing']",Torre Lamberti,strategy_nearest,True,0.002716064453125,success
04A3984A9C4C80,0,['Arena'],Castelvecchio,"['Museo Lapidario', 'Verona Tour', 'Museo Radio', 'San Zeno', 'Sighseeing']",Casa Giulietta,strategy_nearest,False,0.0014638900756835938,success
04A3AA429C4C80,1,"['Arena', 'Palazzo della Ragione']",Torre Lamberti,"['Sighseeing', 'Centro Fotografia', 'Museo Conte', 'Casa Giulietta', 'AMO']",Santa Anastasia,strategy_nearest,False,0.003324270248413086,success
04A39D429C4C80,3,"['Arena', 'Museo Lapidario', 'Torre Lamberti']",Duomo,"['AMO', 'Museo Miniscalchi', 'Santa Anastasia', 'Teatro Romano', 'Palazzo della Ragione']",Teatro Romano,strategy_nearest,True,0.002154827117919922,success
04A3C83A9C4C80,0,['Arena'],Casa Giulietta,"['Centro Fotografia', 'Sighseeing', 'Torre Lamberti', 'Museo Conte', 'Museo Radio']",Castelvecchio,strategy_nearest,False,0.0030291080474853516,success
04A3BF3A9C4C80,3,"['Arena', 'Museo Lapidario', 'Tomba Giulietta', 'Castelvecchio']",San Zeno,"['Verona Tour', 'Museo Miniscalchi', 'Sighseeing', 'Museo Radio', 'Torre Lamberti']",Duomo,strategy_nearest,False,0.002260923385620117,success
04A3C8429C4C80,0,['Arena'],Torre Lamberti,"['Sighseeing', 'Centro Fotografia', 'Museo Conte', 'Casa Giulietta', 'Palazzo della Ragione']",Teatro Romano,strategy_nearest,False,0.0029561519622802734,success
04A3D43A9C4C80,3,"['Arena', 'Torre Lamberti', 'Casa Giulietta', 'Castelvecchio']",San Zeno,"['Verona Tour', 'Museo Lapidario', 'Museo Miniscalchi', 'Sighseeing', 'Museo Radio']",Duomo,strategy_nearest,False,0.001924276351928711,success
04A3D0429C4C80,3,"['Castelvecchio', 'Duomo']",Teatro Romano,"['Santa Anastasia', 'AMO', 'Palazzo della Ragione', 'Museo Conte', 'Centro Fotografia']",Arena,strategy_nearest,False,0.0036330223083496094,success
04A3D5429C4C80,3,"['Casa Giulietta', 'Arena']",Castelvecchio,"['Museo Lapidario', 'Verona Tour', 'Museo Radio', 'San Zeno', 'Sighseeing']",Torre Lamberti,strategy_nearest,False,0.0029151439666748047,success
04A3D6429C4C80,3,"['Arena', 'Castelvecchio', 'San Zeno', 'Torre Lamberti']",Santa Anastasia,"['AMO', 'Museo Conte', 'Palazzo della Ragione', 'Teatro Romano', 'Centro Fotografia']",Casa Giulietta,strategy_nearest,False,0.0036182403564453125,success
04A3E9429C4C80,1,"['Arena', 'Teatro Romano']",Museo Lapidario,"['Verona Tour', 'Castelvecchio', 'Museo Radio', 'San Fermo', 'Casa Giulietta']",Palazzo della Ragione,strategy_nearest,False,0.002802133560180664,success
04A3F93A9C4C80,0,['Casa Giulietta'],Torre Lamberti,"['Sighseeing', 'Centro Fotografia', 'Museo Conte', 'Palazzo della Ragione', 'AMO']",Duomo,strategy_nearest,False,0.003215312957763672,success
04A3EF3A9C4C80,0,['Arena'],Casa Giulietta,"['Centro Fotografia', 'Sighseeing', 'Torre Lamberti', 'Museo Conte', 'Museo Radio']",Teatro Romano,strategy_nearest,False,0.0017769336700439453,success
04A3FF3A9C4C80,0,['Arena'],Casa Giulietta,"['Centro Fotografia', 'Sighseeing', 'Torre Lamberti', 'Museo Conte', 'Museo Radio']",Duomo,strategy_nearest,False,0.0021712779998779297,success
04A40A429C4C84,0,"['Arena', 'Duomo']",Torre Lamberti,"['Sighseeing', 'Centro Fotografia', 'Museo Conte', 'Casa Giulietta', 'Palazzo della Ragione']",Casa Giulietta,strategy_nearest,True,0.002741098403930664,success
04A40B3A9C4C84,0,"['Arena', 'Casa Giulietta']",Duomo,"['AMO', 'Museo Miniscalchi', 'Santa Anastasia', 'Teatro Romano', 'Palazzo della Ragione']",Castelvecchio,strategy_nearest,False,0.0033698081970214844,success
04A3F9429C4C80,3,"['Castelvecchio', 'Casa Giulietta', 'Torre Lamberti', 'Santa Anastasia', 'Teatro Romano']",Arena,"['Verona Tour', 'Museo Lapidario', 'Museo Radio', 'San Fermo', 'Sighseeing']",Museo Lapidario,strategy_nearest,True,0.0028929710388183594,success
04A4193A9C4C84,0,['Arena'],Casa Giulietta,"['Centro Fotografia', 'Sighseeing', 'Torre Lamberti', 'Museo Conte', 'Museo Radio']",Teatro Romano,strategy_nearest,False,0.002054929733276367,success
04A40F429C4C84,1,"['Arena', 'San Fermo', 'Giardino Giusti', 'Teatro Romano', 'Duomo', 'Santa Anastasia']",Torre Lamberti,"['Sighseeing', 'Centro Fotografia', 'Museo Conte', 'Casa Giulietta', 'Palazzo della Ragione']",Casa Giulietta,strategy_nearest,True,0.0034401416778564453,success
04A40E3A9C4C80,1,"['Tomba Giulietta', 'Torre Lamberti', 'Arena']",Castelvecchio,"['Museo Lapidario', 'Verona Tour', 'Museo Radio', 'San Zeno', 'Sighseeing']",Teatro Romano,strategy_nearest,False,0.0020949840545654297,success
04A41D3A9C4C84,0,"['Arena', 'Torre Lamberti']",Casa Giulietta,"['Centro Fotografia', 'Sighseeing', 'Museo Conte', 'Museo Radio', 'Palazzo della Ragione']",San Fermo,strategy_nearest,False,0.0033316612243652344,success
04A4213A9C4C80,3,"['Casa Giulietta', 'Santa Anastasia', 'Teatro Romano']",Arena,"['Verona Tour', 'Museo Lapidario', 'Museo Radio', 'San Fermo', 'Sighseeing']",Torre Lamberti,strategy_nearest,False,0.0030159950256347656,success
04A420429C4C80,3,"['Arena', 'Castelvecchio', 'Casa Giulietta']",Museo Lapidario,"['Verona Tour', 'Museo Radio', 'San Fermo', 'Tomba Giulietta', 'Sighseeing']",Torre Lamberti,strategy_nearest,False,0.0028290748596191406,success
04A422429C4C84,2,"['Torre Lamberti', 'San Zeno']",Duomo,"['AMO', 'Museo Miniscalchi', 'Santa Anastasia', 'Teatro Romano', 'Palazzo della Ragione']",Teatro Romano,strategy_nearest,True,0.002989053726196289,success
04A421429C4C80,0,"['Arena', 'Castelvecchio']",Casa Giulietta,"['Centro Fotografia', 'Sighseeing', 'Torre Lamberti', 'Museo Conte', 'Museo Radio']",Torre Lamberti,strategy_nearest,True,0.0031309127807617188,success
04A425429C4C84,0,['Arena'],Casa Giulietta,"['Centro Fotografia', 'Sighseeing', 'Torre Lamberti', 'Museo Conte', 'Museo Radio']",Castelvecchio,strategy_nearest,False,0.002259969711303711,success
04A4253A9C4C84,3,"['Arena', 'Castelvecchio']",Santa Anastasia,"['AMO', 'Museo Conte', 'Palazzo della Ragione', 'Teatro Romano', 'Centro Fotografia']",Torre Lamberti,strategy_nearest,False,0.0017120838165283203,success
04A4273A9C4C84,0,['Arena'],Castelvecchio,"['Museo Lapidario', 'Verona Tour', 'Museo Radio', 'San Zeno', 'Sighseeing']",Torre Lamberti,strategy_nearest,False,0.0035982131958007812,success
04A42D3A9C4C80,2,['Torre Lamberti'],Casa Giulietta,"['Centro Fotografia', 'Sighseeing', 'Museo Conte', 'Museo Radio', 'Palazzo della Ragione']",Tomba Giulietta,strategy_nearest,False,0.0027170181274414062,success
04A452429C4C80,3,"['Torre Lamberti', 'Arena', 'Giardino Giusti', 'Teatro Romano']",San Zeno,"['Castelvecchio', 'Verona Tour', 'Museo Lapidario', 'Museo Miniscalchi', 'Sighseeing']",Castelvecchio,strategy_nearest,True,0.0025920867919921875,success
04A4303A9C4C80,0,['Arena'],Casa Giulietta,"['Centro Fotografia', 'Sighseeing', 'Torre Lamberti', 'Museo Conte', 'Museo Radio']",Torre Lamberti,strategy_nearest,True,0.0021047592163085938,success
04A42E3A9C4C80,0,['Arena'],Santa Anastasia,"['AMO', 'Museo Conte', 'Palazzo della Ragione', 'Teatro Romano', 'Centro Fotografia']",Castelvecchio,strategy_nearest,False,0.0033998489379882812,success
04A448429C4C80,4,"['Torre Lamberti', 'Palazzo della Ragione', 'Casa Giulietta', 'Teatro Romano', 'San Fermo']",Tomba Giulietta,"['Museo Storia', 'Arena', 'Museo Lapidario', 'Museo Radio', 'Verona Tour']",Museo Radio,strategy_nearest,True,0.0032477378845214844,success
04A47A3A9C4C80,0,['Arena'],Casa Giulietta,"['Centro Fotografia', 'Sighseeing', 'Torre Lamberti', 'Museo Conte', 'Museo Radio']",Torre Lamberti,strategy_nearest,True,0.0026388168334960938,success
04A46C429C4C80,0,['Arena'],Castelvecchio,"['Museo Lapidario', 'Verona Tour', 'Museo Radio', 'San Zeno', 'Sighseeing']",Torre Lamberti,strategy_nearest,False,0.002245664596557617,success
04A46E3A9C4C80,2,"['Castelvecchio', 'San Zeno']",Teatro Romano,"['Santa Anastasia', 'Duomo', 'AMO', 'Palazzo della Ragione', 'Museo Conte']",Duomo,strategy_nearest,True,0.00347900390625,success
04A4573A9C4C80,2,['Torre Lamberti'],Palazzo della Ragione,"['AMO', 'Museo Conte', 'Centro Fotografia', 'Sighseeing', 'Santa Anastasia']",Teatro Romano,strategy_nearest,False,0.002273082733154297,success
04A47A4A9C4C80,0,['Castelvecchio'],Arena,"['Verona Tour', 'Museo Lapidario', 'Museo Radio', 'San Fermo', 'Casa Giulietta']",Casa Giulietta,strategy_nearest,True,0.002038717269897461,success
04A483429C4C80,0,['Arena'],Castelvecchio,"['Museo Lapidario', 'Verona Tour', 'Museo Radio', 'San Zeno', 'Sighseeing']",Casa Giulietta,strategy_nearest,False,0.0033097267150878906,success
04A47A429C4C80,0,['Casa Giulietta'],Arena,"['Verona Tour', 'Museo Lapidario', 'Museo Radio', 'San Fermo', 'Sighseeing']",Castelvecchio,strategy_nearest,False,0.002846956253051758,success
04A47F3A9C4C80,0,['Arena'],Casa Giulietta,"['Centro Fotografia', 'Sighseeing', 'Torre Lamberti', 'Museo Conte', 'Museo Radio']",Santa Anastasia,strategy_nearest,False,0.0027899742126464844,success
04A488429C4C80,0,['Arena'],Torre Lamberti,"['Sighseeing', 'Centro Fotografia', 'Museo Conte', 'Casa Giulietta', 'Palazzo della Ragione']",Casa Giulietta,strategy_nearest,True,0.0022199153900146484,success
04A48C4A9C4C80,3,"['Castelvecchio', 'San Zeno', 'Museo Lapidario', 'Arena']",San Fermo,"['Museo Storia', 'Museo Radio', 'Casa Giulietta', 'Centro Fotografia', 'Sighseeing']",Casa Giulietta,strategy_nearest,True,0.0027010440826416016,success
04A4883A9C4C80,0,['Arena'],Castelvecchio,"['Museo Lapidario', 'Verona Tour', 'Museo Radio', 'San Zeno', 'Sighseeing']",Torre Lamberti,strategy_nearest,False,0.001466989517211914,success
04A491429C4C80,3,"['Arena', 'Castelvecchio', 'Duomo', 'Teatro Romano']",Museo Storia,"['San Fermo', 'Museo Radio', 'Casa Giulietta', 'Centro Fotografia', 'Tomba Giulietta']",San Fermo,strategy_nearest,True,0.0032167434692382812,success
04A492429C4C80,3,['Arena'],Santa Anastasia,"['AMO', 'Museo Conte', 'Palazzo della Ragione', 'Teatro Romano', 'Centro Fotografia']",Torre Lamberti,strategy_nearest,False,0.0029649734497070312,success
04A4994A9C4C80,0,['Arena'],Santa Anastasia,"['AMO', 'Museo Conte', 'Palazzo della Ragione', 'Teatro Romano', 'Centro Fotografia']",Castelvecchio,strategy_nearest,False,0.0035707950592041016,success
04A4924A9C4C80,0,['Arena'],San Fermo,"['Museo Storia', 'Museo Radio', 'Casa Giulietta', 'Centro Fotografia', 'Sighseeing']",Casa Giulietta,strategy_nearest,True,0.0030231475830078125,success
04A4A04A9C4C80,3,"['Castelvecchio', 'Arena', 'San Zeno']",Torre Lamberti,"['Sighseeing', 'Centro Fotografia', 'Museo Conte', 'Casa Giulietta', 'Palazzo della Ragione']",San Fermo,strategy_nearest,False,0.0020470619201660156,success
04A4A0429C4C80,0,['Arena'],Casa Giulietta,"['Centro Fotografia', 'Sighseeing', 'Torre Lamberti', 'Museo Conte', 'Museo Radio']",Torre Lamberti,strategy_nearest,True,0.0015780925750732422,success
04A49B4A9C4C80,0,['Arena'],Casa Giulietta,"['Centro Fotografia', 'Sighseeing', 'Torre Lamberti', 'Museo Conte', 'Museo Radio']",Castelvecchio,strategy_nearest,False,0.003579854965209961,success
04A49D4A9C4C80,3,"['Arena', 'Castelvecchio']",Torre Lamberti,"['Sighseeing', 'Centro Fotografia', 'Museo Conte', 'Casa Giulietta', 'Palazzo della Ragione']",Casa Giulietta,strategy_nearest,True,0.0028519630432128906,success
04A4A94A9C4C80,0,"['Casa Giulietta', 'Arena']",Castelvecchio,"['Museo Lapidario', 'Verona Tour', 'Museo Radio', 'San Zeno', 'Sighseeing']",Torre Lamberti,strategy_nearest,False,0.001577138900756836,success
04A4BB429C4C80,3,['Arena'],Castelvecchio,"['Museo Lapidario', 'Verona Tour', 'Museo Radio', 'San Zeno', 'Sighseeing']",Santa Anastasia,strategy_nearest,False,0.002650737762451172,success
04A4B93A9C4C80,3,"['Arena', 'Castelvecchio']",Duomo,"['AMO', 'Museo Miniscalchi', 'Santa Anastasia', 'Teatro Romano', 'Palazzo della Ragione']",Teatro Romano,strategy_nearest,True,0.0035037994384765625,success
04A4A84A9C4C80,3,"['Arena', 'Casa Giulietta']",Santa Anastasia,"['AMO', 'Museo Conte', 'Palazzo della Ragione', 'Teatro Romano', 'Centro Fotografia']",Duomo,strategy_nearest,False,0.0030939579010009766,success
04A4CD429C4C80,2,"['Torre Lamberti', 'Santa Anastasia', 'Duomo', 'Castelvecchio']",Palazzo della Ragione,"['AMO', 'Museo Conte', 'Centro Fotografia', 'Sighseeing', 'Museo Miniscalchi']",San Fermo,strategy_nearest,False,0.0014178752899169922,success
04A4EC3A9C4C80,0,['Arena'],Torre Lamberti,"['Sighseeing', 'Centro Fotografia', 'Museo Conte', 'Casa Giulietta', 'Palazzo della Ragione']",Casa Giulietta,strategy_nearest,True,0.00208282470703125,success
04A4BE3A9C4C80,0,['Arena'],Castelvecchio,"['Museo Lapidario', 'Verona Tour', 'Museo Radio', 'San Zeno', 'Sighseeing']",San Zeno,strategy_nearest,True,0.0028281211853027344,success
04A4EC429C4C80,2,['Castelvecchio'],Santa Anastasia,"['AMO', 'Museo Conte', 'Palazzo della Ragione', 'Teatro Romano', 'Centro Fotografia']",Teatro Romano,strategy_nearest,True,0.003403902053833008,success
04A4F0429C4C80,1,"['Arena', 'Castelvecchio', 'Teatro Romano']",Palazzo della Ragione,"['AMO', 'Museo Conte', 'Torre Lamberti', 'Centro Fotografia', 'Sighseeing']",Duomo,strategy_nearest,False,0.0018351078033447266,success
04A4EF3A9C4C80,0,['Arena'],Casa Giulietta,"['Centro Fotografia', 'Sighseeing', 'Torre Lamberti', 'Museo Conte', 'Museo Radio']",Duomo,strategy_nearest,False,0.002847909927368164,success
04A4F53A9C4C80,3,"['Casa Giulietta', 'Duomo', 'Santa Anastasia', 'Teatro Romano']",Arena,"['Verona Tour', 'Museo Lapidario', 'Museo Radio', 'San Fermo', 'Sighseeing']",Tomba Giulietta,strategy_nearest,False,0.0034017562866210938,success
04A50D429C4C84,1,"['Arena', 'Castelvecchio', 'Casa Giulietta']",Palazzo della Ragione,"['AMO', 'Museo Conte', 'Torre Lamberti', 'Centro Fotografia', 'Sighseeing']",Torre Lamberti,strategy_nearest,True,0.002791166305541992,success
04A5103A9C4C80,3,"['Arena', 'San Fermo']",Duomo,"['AMO', 'Museo Miniscalchi', 'Santa Anastasia', 'Teatro Romano', 'Palazzo della Ragione']",Castelvecchio,strategy_nearest,False,0.0026960372924804688,success
04A50E429C4C84,0,['Arena'],Casa Giulietta,"['Centro Fotografia', 'Sighseeing', 'Torre Lamberti', 'Museo Conte', 'Museo Radio']",Santa Anastasia,strategy_nearest,False,0.003412961959838867,success
04A5134A9C4C80,0,['Arena'],Castelvecchio,"['Museo Lapidario', 'Verona Tour', 'Museo Radio', 'San Zeno', 'Sighseeing']",Teatro Romano,strategy_nearest,False,0.003203153610229492,success
04A50F429C4C84,2,['Tomba Giulietta'],Torre Lamberti,"['Sighseeing', 'Centro Fotografia', 'Museo Conte', 'Casa Giulietta', 'Palazzo della Ragione']",Teatro Romano,strategy_nearest,False,0.0013382434844970703,success
04A520429C4C80,0,['Arena'],Casa Giulietta,"['Centro Fotografia', 'Sighseeing', 'Torre Lamberti', 'Museo Conte', 'Museo Radio']",Torre Lamberti,strategy_nearest,True,0.0026412010192871094,success
04A5183A9C4C84,0,['Arena'],San Fermo,"['Museo Storia', 'Museo Radio', 'Casa Giulietta', 'Centro Fotografia', 'Sighseeing']",Casa Giulietta,strategy_nearest,True,0.0015828609466552734,success
04A5153A9C4C84,3,"['Arena', 'Casa Giulietta']",Santa Anastasia,"['AMO', 'Museo Conte', 'Palazzo della Ragione', 'Teatro Romano', 'Centro Fotografia']",Torre Lamberti,strategy_nearest,False,0.003366231918334961,success
04A514429C4C84,3,"['Arena', 'Castelvecchio', 'San Zeno']",Duomo,"['AMO', 'Museo Miniscalchi', 'Santa Anastasia', 'Teatro Romano', 'Palazzo della Ragione']",Santa Anastasia,strategy_nearest,True,0.002794027328491211,success
04A5223A9C4C84,0,['Arena'],Museo Lapidario,"['Verona Tour', 'Castelvecchio', 'Museo Radio', 'San Fermo', 'Casa Giulietta']",Castelvecchio,strategy_nearest,True,0.0020322799682617188,success
04A5264A9C4C80,0,"['Casa Giulietta', 'Torre Lamberti']",Arena,"['Verona Tour', 'Museo Lapidario', 'Museo Radio', 'San Fermo', 'Sighseeing']",Castelvecchio,strategy_nearest,False,0.002599954605102539,success
04A527429C4C84,3,"['Arena', 'San Fermo', 'Santa Anastasia']",Teatro Romano,"['Duomo', 'AMO', 'Palazzo della Ragione', 'Museo Conte', 'Centro Fotografia']",Duomo,strategy_nearest,True,0.003340005874633789,success
04A5244A9C4C80,2,['Casa Giulietta'],Santa Anastasia,"['AMO', 'Museo Conte', 'Palazzo della Ragione', 'Teatro Romano', 'Centro Fotografia']",Castelvecchio,strategy_nearest,False,0.0014007091522216797,success
04A52C3A9C4C80,3,"['Arena', 'Museo Lapidario', 'Castelvecchio']",Torre Lamberti,"['Sighseeing', 'Centro Fotografia', 'Museo Conte', 'Casa Giulietta', 'Palazzo della Ragione']",Casa Giulietta,strategy_nearest,True,0.0012278556823730469,success
04A528429C4C84,0,['Duomo'],Arena,"['Verona Tour', 'Museo Lapidario', 'Museo Radio', 'San Fermo', 'Casa Giulietta']",Casa Giulietta,strategy_nearest,True,0.0025849342346191406,success
04A52A4A9C4C80,3,"['Arena', 'Santa Anastasia']",Casa Giulietta,"['Centro Fotografia', 'Sighseeing', 'Torre Lamberti', 'Museo Conte', 'Museo Radio']",Castelvecchio,strategy_nearest,False,0.0031490325927734375,success
04A52E429C4C80,2,['Casa Giulietta'],San Fermo,"['Museo Storia', 'Museo Radio', 'Centro Fotografia', 'Arena', 'Sighseeing']",Teatro Romano,strategy_nearest,False,0.0033278465270996094,success
04A5313A9C4C80,3,"['Castelvecchio', 'Casa Giulietta', 'Santa Anastasia', 'Duomo']",Giardino Giusti,"['Teatro Romano', 'Museo Conte', 'Centro Fotografia', 'Museo Storia', 'AMO']",Arena,strategy_nearest,False,0.0016231536865234375,success
04A537429C4C80,3,"['Arena', 'San Fermo']",Casa Giulietta,"['Centro Fotografia', 'Sighseeing', 'Torre Lamberti', 'Museo Conte', 'Museo Radio']",Torre Lamberti,strategy_nearest,True,0.002640247344970703,success
04A538429C4C80,0,['Arena'],Casa Giulietta,"['Centro Fotografia', 'Sighseeing', 'Torre Lamberti', 'Museo Conte', 'Museo Radio']",Santa Anastasia,strategy_nearest,False,0.0031099319458007812,success
04A539429C4C80,4,"['Arena', 'Casa Giulietta', 'Santa Anastasia']",Castelvecchio,"['Museo Lapidario', 'Verona Tour', 'Museo Radio', 'San Zeno', 'Sighseeing']",Teatro Romano,strategy_nearest,False,0.002301931381225586,success
04A53D429C4C80,0,['Arena'],Casa Giulietta,"['Centro Fotografia', 'Sighseeing', 'Torre Lamberti', 'Museo Conte', 'Museo Radio']",Casa Giulietta,strategy_nearest,False,0.0020067691802978516,success
04A547429C4C80,0,['Arena'],Castelvecchio,"['Museo Lapidario', 'Verona Tour', 'Museo Radio', 'San Zeno', 'Sighseeing']",Giardino Giusti,strategy_nearest,False,0.0022928714752197266,success
04A53D4A9C4C80,0,['Arena'],Casa Giulietta,"['Centro Fotografia', 'Sighseeing', 'Torre Lamberti', 'Museo Conte', 'Museo Radio']",Santa Anastasia,strategy_nearest,False,0.0047779083251953125,success
04A53C4A9C4C80,2,"['Museo Lapidario', 'Duomo', 'Santa Anastasia']",Casa Giulietta,"['Centro Fotografia', 'Sighseeing', 'Torre Lamberti', 'Museo Conte', 'Museo Radio']",Teatro Romano,strategy_nearest,False,0.0032439231872558594,success
04A54C3A9C4C80,0,['Arena'],Castelvecchio,"['Museo Lapidario', 'Verona Tour', 'Museo Radio', 'San Zeno', 'Sighseeing']",Casa Giulietta,strategy_nearest,False,0.0016009807586669922,success
04A54F429C4C80,0,['Arena'],Casa Giulietta,"['Centro Fotografia', 'Sighseeing', 'Torre Lamberti', 'Museo Conte', 'Museo Radio']",Torre Lamberti,strategy_nearest,True,0.0023050308227539062,success
04A5583A9C4C80,2,"['San Zeno', 'Castelvecchio']",Teatro Romano,"['Santa Anastasia', 'Duomo', 'AMO', 'Palazzo della Ragione', 'Museo Conte']",Duomo,strategy_nearest,True,0.0028100013732910156,success
04A5563A9C4C80,0,"['Arena', 'Casa Giulietta']",Teatro Romano,"['Santa Anastasia', 'Duomo', 'AMO', 'Palazzo della Ragione', 'Museo Conte']",Torre Lamberti,strategy_nearest,False,0.0022089481353759766,success
04A5673A9C4C80,3,"['Arena', 'Castelvecchio']",Casa Giulietta,"['Centro Fotografia', 'Sighseeing', 'Torre Lamberti', 'Museo Conte', 'Museo Radio']",Teatro Romano,strategy_nearest,False,0.0034859180450439453,success
04A56C429C4C80,3,"['Casa Giulietta', 'Arena', 'Torre Lamberti']",Santa Anastasia,"['AMO', 'Museo Conte', 'Palazzo della Ragione', 'Teatro Romano', 'Centro Fotografia']",Duomo,strategy_nearest,False,0.002855062484741211,success
04A577429C4C80,0,"['Arena', 'Casa Giulietta']",Torre Lamberti,"['Sighseeing', 'Centro Fotografia', 'Museo Conte', 'Palazzo della Ragione', 'AMO']",Teatro Romano,strategy_nearest,False,0.002833843231201172,success
04A581429C4C80,0,['Casa Giulietta'],Teatro Romano,"['Santa Anastasia', 'Duomo', 'AMO', 'Palazzo della Ragione', 'Museo Conte']",Torre Lamberti,strategy_nearest,False,0.0019001960754394531,success
04A57F429C4C80,2,['Casa Giulietta'],Torre Lamberti,"['Sighseeing', 'Centro Fotografia', 'Museo Conte', 'Palazzo della Ragione', 'AMO']",Teatro Romano,strategy_nearest,False,0.003409147262573242,success
04A5824A9C4C80,0,"['San Fermo', 'Castelvecchio']",Arena,"['Verona Tour', 'Museo Lapidario', 'Museo Radio', 'Casa Giulietta', 'Sighseeing']",Giardino Giusti,strategy_nearest,False,0.0032739639282226562,success
04A583429C4C80,0,['Arena'],Castelvecchio,"['Museo Lapidario', 'Verona Tour', 'Museo Radio', 'San Zeno', 'Sighseeing']",Tomba Giulietta,strategy_nearest,False,0.0024080276489257812,success
04A585429C4C80,1,"['Casa Giulietta', 'Torre Lamberti']",Palazzo della Ragione,"['AMO', 'Museo Conte', 'Centro Fotografia', 'Sighseeing', 'Santa Anastasia']",Arena,strategy_nearest,False,0.0024018287658691406,success
04A5994A9C4C80,3,['Arena'],Torre Lamberti,"['Sighseeing', 'Centro Fotografia', 'Museo Conte', 'Casa Giulietta', 'Palazzo della Ragione']",Santa Anastasia,strategy_nearest,False,0.002640962600708008,success
04A5944A9C4C80,2,['Casa Giulietta'],Torre Lamberti,"['Sighseeing', 'Centro Fotografia', 'Museo Conte', 'Palazzo della Ragione', 'AMO']",Santa Anastasia,strategy_nearest,False,0.0035567283630371094,success
04A591429C4C80,3,"['Arena', 'Casa Giulietta', 'Torre Lamberti']",Santa Anastasia,"['AMO', 'Museo Conte', 'Palazzo della Ragione', 'Teatro Romano', 'Centro Fotografia']",Duomo,strategy_nearest,False,0.0032160282135009766,success
04A59B4A9C4C80,3,"['Arena', 'Casa Giulietta']",Santa Anastasia,"['AMO', 'Museo Conte', 'Palazzo della Ragione', 'Teatro Romano', 'Centro Fotografia']",Duomo,strategy_nearest,False,0.003070831298828125,success
04A59C429C4C80,3,"['Arena', 'Casa Giulietta', 'Museo Storia']",San Fermo,"['Museo Radio', 'Centro Fotografia', 'Sighseeing', 'Torre Lamberti', 'Museo Conte']",Teatro Romano,strategy_nearest,False,0.003226041793823242,success
04A5A14A9C4C80,3,"['Arena', 'Casa Giulietta']",Torre Lamberti,"['Sighseeing', 'Centro Fotografia', 'Museo Conte', 'Palazzo della Ragione', 'AMO']",Santa Anastasia,strategy_nearest,False,0.0019388198852539062,success
04A5A74A9C4C80,3,"['Arena', 'Museo Lapidario']",Casa Giulietta,"['Centro Fotografia', 'Sighseeing', 'Torre Lamberti', 'Museo Conte', 'Museo Radio']",Santa Anastasia,strategy_nearest,False,0.0013267993927001953,success
04A5AB3A9C4C80,0,['Arena'],Torre Lamberti,"['Sighseeing', 'Centro Fotografia', 'Museo Conte', 'Casa Giulietta', 'Palazzo della Ragione']",Castelvecchio,strategy_nearest,False,0.003498077392578125,success
04A5AD3A9C4C80,0,['Arena'],Casa Giulietta,"['Centro Fotografia', 'Sighseeing', 'Torre Lamberti', 'Museo Conte', 'Museo Radio']",Castelvecchio,strategy_nearest,False,0.002048969268798828,success
04A5B9429C4C80,2,"['Duomo', 'Santa Anastasia']",Teatro Romano,"['AMO', 'Palazzo della Ragione', 'Museo Conte', 'Centro Fotografia', 'Museo Miniscalchi']",Castelvecchio,strategy_nearest,False,0.002683877944946289,success
04A5BC3A9C4C80,3,"['Duomo', 'Santa Anastasia', 'Arena']",Tomba Giulietta,"['San Fermo', 'Museo Storia', 'Museo Lapidario', 'Museo Radio', 'Verona Tour']",Casa Giulietta,strategy_nearest,False,0.003371000289916992,success
04A5BD3A9C4C80,0,"['Arena', 'Castelvecchio']",Museo Lapidario,"['Verona Tour', 'Museo Radio', 'San Fermo', 'Casa Giulietta', 'Tomba Giulietta']",Casa Giulietta,strategy_nearest,True,0.003159761428833008,success
04A5BE3A9C4C80,3,['Arena'],Torre Lamberti,"['Sighseeing', 'Centro Fotografia', 'Museo Conte', 'Casa Giulietta', 'Palazzo della Ragione']",Santa Anastasia,strategy_nearest,False,0.004199028015136719,success
04A5BE429C4C80,0,['Arena'],Casa Giulietta,"['Centro Fotografia', 'Sighseeing', 'Torre Lamberti', 'Museo Conte', 'Museo Radio']",Torre Lamberti,strategy_nearest,True,0.0021359920501708984,success
04A5C3429C4C80,3,"['Arena', 'Casa Giulietta']",Torre Lamberti,"['Sighseeing', 'Centro Fotografia', 'Museo Conte', 'Palazzo della Ragione', 'AMO']",Santa Anastasia,strategy_nearest,False,0.002807140350341797,success
04A5C03A9C4C80,3,"['Arena', 'San Fermo']",Santa Anastasia,"['AMO', 'Museo Conte', 'Palazzo della Ragione', 'Teatro Romano', 'Centro Fotografia']",Teatro Romano,strategy_nearest,True,0.0035049915313720703,success
04A5CF3A9C4C80,2,['Torre Lamberti'],Casa Giulietta,"['Centro Fotografia', 'Sighseeing', 'Museo Conte', 'Museo Radio', 'Palazzo della Ragione']",Santa Anastasia,strategy_nearest,False,0.002196073532104492,success
04A5D53A9C4C80,3,"['Arena', 'Casa Giulietta', 'Torre Lamberti']",Castelvecchio,"['Museo Lapidario', 'Verona Tour', 'Museo Radio', 'San Zeno', 'Sighseeing']",Duomo,strategy_nearest,False,0.003033161163330078,success
04A5CD3A9C4C80,3,['Santa Anastasia'],Torre Lamberti,"['Sighseeing', 'Centro Fotografia', 'Museo Conte', 'Casa Giulietta', 'Palazzo della Ragione']",Arena,strategy_nearest,False,0.0027260780334472656,success
04A5D63A9C4C80,3,"['Arena', 'Museo Lapidario', 'Castelvecchio']",Casa Giulietta,"['Centro Fotografia', 'Sighseeing', 'Torre Lamberti', 'Museo Conte', 'Museo Radio']",Torre Lamberti,strategy_nearest,True,0.003506183624267578,success
04A5D93A9C4C80,0,['Arena'],Casa Giulietta,"['Centro Fotografia', 'Sighseeing', 'Torre Lamberti', 'Museo Conte', 'Museo Radio']",Duomo,strategy_nearest,False,0.0026230812072753906,success
04A5E43A9C4C80,2,['Museo Lapidario'],Castelvecchio,"['Verona Tour', 'Arena', 'Museo Radio', 'San Zeno', 'Sighseeing']",Santa Anastasia,strategy_nearest,False,0.002641916275024414,success
04A5DA429C4C80,3,"['Arena', 'Casa Giulietta']",Torre Lamberti,"['Sighseeing', 'Centro Fotografia', 'Museo Conte', 'Palazzo della Ragione', 'AMO']",Santa Anastasia,strategy_nearest,False,0.0027039051055908203,success
04A5E73A9C4C80,2,['Palazzo della Ragione'],Casa Giulietta,"['Centro Fotografia', 'Sighseeing', 'Torre Lamberti', 'Museo Conte', 'Museo Radio']",Santa Anastasia,strategy_nearest,False,0.0033349990844726562,success
04A5E9429C4C80,3,"['Arena', 'San Zeno', 'Castelvecchio']",Torre Lamberti,"['Sighseeing', 'Centro Fotografia', 'Museo Conte', 'Casa Giulietta', 'Palazzo della Ragione']",Santa Anastasia,strategy_nearest,False,0.0021839141845703125,success
04A5F03A9C4C80,3,"['Arena', 'San Zeno']",Santa Anastasia,"['AMO', 'Museo Conte', 'Palazzo della Ragione', 'Teatro Romano', 'Centro Fotografia']",Duomo,strategy_nearest,False,0.0024619102478027344,success
04A5F63A9C4C80,0,"['Arena', 'Casa Giulietta']",Torre Lamberti,"['Sighseeing', 'Centro Fotografia', 'Museo Conte', 'Palazzo della Ragione', 'AMO']",Teatro Romano,strategy_nearest,False,0.0026459693908691406,success
04A5F53A9C4C80,3,"['Casa Giulietta', 'Duomo', 'Santa Anastasia', 'Teatro Romano']",Arena,"['Verona Tour', 'Museo Lapidario', 'Museo Radio', 'San Fermo', 'Sighseeing']",Tomba Giulietta,strategy_nearest,False,0.0026230812072753906,success
04A5F73A9C4C80,0,['San Zeno'],Castelvecchio,"['Museo Lapidario', 'Verona Tour', 'Arena', 'Museo Radio', 'Sighseeing']",Arena,strategy_nearest,True,0.002939939498901367,success
04A60A429C4C84,3,"['Casa Giulietta', 'Torre Lamberti']",Arena,"['Verona Tour', 'Museo Lapidario', 'Museo Radio', 'San Fermo', 'Sighseeing']",Santa Anastasia,strategy_nearest,False,0.003198862075805664,success
04A60E3A9C4C80,0,['Castelvecchio'],Arena,"['Verona Tour', 'Museo Lapidario', 'Museo Radio', 'San Fermo', 'Casa Giulietta']",Torre Lamberti,strategy_nearest,False,0.0033197402954101562,success
04A60F429C4C84,0,"['Arena', 'Castelvecchio']",Duomo,"['AMO', 'Museo Miniscalchi', 'Santa Anastasia', 'Teatro Romano', 'Palazzo della Ragione']",Torre Lamberti,strategy_nearest,False,0.002524852752685547,success
04A6103A9C4C80,1,"['Arena', 'Casa Giulietta']",Torre Lamberti,"['Sighseeing', 'Centro Fotografia', 'Museo Conte', 'Palazzo della Ragione', 'AMO']",Palazzo della Ragione,strategy_nearest,True,0.0024030208587646484,success
04A611429C4C80,0,['Arena'],Santa Anastasia,"['AMO', 'Museo Conte', 'Palazzo della Ragione', 'Teatro Romano', 'Centro Fotografia']",Casa Giulietta,strategy_nearest,False,0.0030481815338134766,success
04A61A4A9C4C80,0,"['Torre Lamberti', 'Casa Giulietta']",Museo Lapidario,"['Verona Tour', 'Arena', 'Castelvecchio', 'Museo Radio', 'San Fermo']",Castelvecchio,strategy_nearest,True,0.0017228126525878906,success
04A612429C4C80,2,['Santa Anastasia'],Casa Giulietta,"['Centro Fotografia', 'Sighseeing', 'Torre Lamberti', 'Museo Conte', 'Museo Radio']",Castelvecchio,strategy_nearest,False,0.0032279491424560547,success
04A620429C4C84,3,"['Arena', 'Casa Giulietta']",Torre Lamberti,"['Sighseeing', 'Centro Fotografia', 'Museo Conte', 'Palazzo della Ragione', 'AMO']",Duomo,strategy_nearest,False,0.002471923828125,success
04A6213A9C4C84,3,"['Arena', 'Torre Lamberti']",Santa Anastasia,"['AMO', 'Museo Conte', 'Palazzo della Ragione', 'Teatro Romano', 'Centro Fotografia']",Duomo,strategy_nearest,False,0.0024330615997314453,success
04A6243A9C4C80,1,"['Palazzo della Ragione', 'Arena']",Torre Lamberti,"['Sighseeing', 'Centro Fotografia', 'Museo Conte', 'Casa Giulietta', 'AMO']",Duomo,strategy_nearest,False,0.0024950504302978516,success
04A6223A9C4C84,3,['Arena'],Castelvecchio,"['Museo Lapidario', 'Verona Tour', 'Museo Radio', 'San Zeno', 'Sighseeing']",Santa Anastasia,strategy_nearest,False,0.002655029296875,success
04A627429C4C80,1,"['Torre Lamberti', 'Palazzo della Ragione']",Casa Giulietta,"['Centro Fotografia', 'Sighseeing', 'Museo Conte', 'Museo Radio', 'San Fermo']",Castelvecchio,strategy_nearest,False,0.002480030059814453,success
04A62D429C4C80,3,"['Arena', 'Torre Lamberti']",Casa Giulietta,"['Centro Fotografia', 'Sighseeing', 'Museo Conte', 'Museo Radio', 'Palazzo della Ragione']",Santa Anastasia,strategy_nearest,False,0.0033550262451171875,success
04A630429C4C80,3,"['Duomo', 'Santa Anastasia']",Torre Lamberti,"['Sighseeing', 'Centro Fotografia', 'Museo Conte', 'Casa Giulietta', 'Palazzo della Ragione']",Casa Giulietta,strategy_nearest,True,0.002762317657470703,success
04A632429C4C80,3,"['Arena', 'Santa Anastasia']",Castelvecchio,"['Museo Lapidario', 'Verona Tour', 'Museo Radio', 'San Zeno', 'Sighseeing']",Teatro Romano,strategy_nearest,False,0.0033388137817382812,success
04A637429C4C80,3,"['Arena', 'Casa Giulietta', 'Santa Anastasia', 'Torre Lamberti']",Duomo,"['AMO', 'Museo Miniscalchi', 'Teatro Romano', 'Palazzo della Ragione', 'Museo Conte']",Teatro Romano,strategy_nearest,True,0.0022771358489990234,success
04A63A429C4C80,1,"['Arena', 'Castelvecchio', 'San Zeno', 'Torre Lamberti']",Palazzo della Ragione,"['AMO', 'Museo Conte', 'Centro Fotografia', 'Sighseeing', 'Santa Anastasia']",Casa Giulietta,strategy_nearest,False,0.003184795379638672,success
04A640429C4C80,1,"['Palazzo della Ragione', 'Torre Lamberti', 'Casa Giulietta']",Arena,"['Verona Tour', 'Museo Lapidario', 'Museo Radio', 'San Fermo', 'Sighseeing']",Castelvecchio,strategy_nearest,False,0.002565145492553711,success
04A645429C4C80,3,"['Arena', 'Casa Giulietta']",Torre Lamberti,"['Sighseeing', 'Centro Fotografia', 'Museo Conte', 'Palazzo della Ragione', 'AMO']",Duomo,strategy_nearest,False,0.003392934799194336,success
04A64B3A9C4C80,0,['Arena'],Torre Lamberti,"['Sighseeing', 'Centro Fotografia', 'Museo Conte', 'Casa Giulietta', 'Palazzo della Ragione']",Casa Giulietta,strategy_nearest,True,0.0030341148376464844,success
04A6513A9C4C80,0,['Arena'],Casa Giulietta,"['Centro Fotografia', 'Sighseeing', 'Torre Lamberti', 'Museo Conte', 'Museo Radio']",Santa Anastasia,strategy_nearest,False,0.00279998779296875,success
04A66A3A9C4C80,1,"['Castelvecchio', 'Casa Giulietta', 'Arena', 'Museo Lapidario']",Torre Lamberti,"['Sighseeing', 'Centro Fotografia', 'Museo Conte', 'Palazzo della Ragione', 'AMO']",Palazzo della Ragione,strategy_nearest,True,0.0032279491424560547,success
04A670429C4C80,0,['Arena'],Torre Lamberti,"['Sighseeing', 'Centro Fotografia', 'Museo Conte', 'Casa Giulietta', 'Palazzo della Ragione']",Duomo,strategy_nearest,False,0.002527952194213867,success
04A674429C4C80,0,"['Casa Giulietta', 'Torre Lamberti']",Arena,"['Verona Tour', 'Museo Lapidario', 'Museo Radio', 'San Fermo', 'Sighseeing']",Castelvecchio,strategy_nearest,False,0.0029370784759521484,success
04A675429C4C80,2,['San Fermo'],Santa Anastasia,"['AMO', 'Museo Conte', 'Palazzo della Ragione', 'Teatro Romano', 'Centro Fotografia']",Duomo,strategy_nearest,False,0.00407099723815918,success
04A67C3A9C4C80,3,"['Arena', 'Casa Giulietta']",Torre Lamberti,"['Sighseeing', 'Centro Fotografia', 'Museo Conte', 'Palazzo della Ragione', 'AMO']",Santa Anastasia,strategy_nearest,False,0.002093791961669922,success
04A676429C4C80,3,['Casa Giulietta'],Santa Anastasia,"['AMO', 'Museo Conte', 'Palazzo della Ragione', 'Teatro Romano', 'Centro Fotografia']",Duomo,strategy_nearest,False,0.002007007598876953,success
04A67C429C4C80,2,['San Zeno'],Torre Lamberti,"['Sighseeing', 'Centro Fotografia', 'Museo Conte', 'Casa Giulietta', 'Palazzo della Ragione']",Teatro Romano,strategy_nearest,False,0.003264904022216797,success
04A684429C4C80,3,"['Arena', 'Casa Giulietta']",Santa Anastasia,"['AMO', 'Museo Conte', 'Palazzo della Ragione', 'Teatro Romano', 'Centro Fotografia']",Teatro Romano,strategy_nearest,True,0.0011205673217773438,success
04A67E429C4C80,1,"['Arena', 'Casa Giulietta']",Torre Lamberti,"['Sighseeing', 'Centro Fotografia', 'Museo Conte', 'Palazzo della Ragione', 'AMO']",Palazzo della Ragione,strategy_nearest,True,0.002716064453125,success
04A687429C4C80,0,"['Arena', 'Duomo', 'Torre Lamberti']",Casa Giulietta,"['Centro Fotografia', 'Sighseeing', 'Museo Conte', 'Museo Radio', 'Palazzo della Ragione']",Museo Storia,strategy_nearest,False,0.0033898353576660156,success
04A68E4A9C4C80,1,"['Arena', 'Casa Giulietta', 'Torre Lamberti']",Palazzo della Ragione,"['AMO', 'Museo Conte', 'Centro Fotografia', 'Sighseeing', 'Santa Anastasia']",Castelvecchio,strategy_nearest,False,0.0026128292083740234,success
04A6974A9C4C80,0,"['Arena', 'Castelvecchio']",Teatro Romano,"['Santa Anastasia', 'Duomo', 'AMO', 'Palazzo della Ragione', 'Museo Conte']",Torre Lamberti,strategy_nearest,False,0.0020520687103271484,success
04A691429C4C80,3,"['Arena', 'Casa Giulietta', 'Torre Lamberti']",Santa Anastasia,"['AMO', 'Museo Conte', 'Palazzo della Ragione', 'Teatro Romano', 'Centro Fotografia']",Duomo,strategy_nearest,False,0.002805948257446289,success
04A6944A9C4C80,2,['Tomba Giulietta'],Casa Giulietta,"['Centro Fotografia', 'Sighseeing', 'Torre Lamberti', 'Museo Conte', 'Museo Radio']",Torre Lamberti,strategy_nearest,True,0.0039463043212890625,success
04A69B4A9C4C80,3,['Arena'],Santa Anastasia,"['AMO', 'Museo Conte', 'Palazzo della Ragione', 'Teatro Romano', 'Centro Fotografia']",Duomo,strategy_nearest,False,0.0032300949096679688,success
04A6AB4A9C4C80,0,"['Arena', 'Museo Lapidario']",Castelvecchio,"['Verona Tour', 'Museo Radio', 'San Zeno', 'Sighseeing', 'Museo Miniscalchi']",Teatro Romano,strategy_nearest,False,0.0014121532440185547,success
04A6AB3A9C4C80,3,"['Arena', 'Museo Lapidario', 'Castelvecchio']",Duomo,"['AMO', 'Museo Miniscalchi', 'Santa Anastasia', 'Teatro Romano', 'Palazzo della Ragione']",Santa Anastasia,strategy_nearest,True,0.003267049789428711,success
04A6B1429C4C80,3,"['Torre Lamberti', 'Casa Giulietta']",Arena,"['Verona Tour', 'Museo Lapidario', 'Museo Radio', 'San Fermo', 'Sighseeing']",Duomo,strategy_nearest,False,0.0033626556396484375,success
04A6AF3A9C4C80,0,['Arena'],Casa Giulietta,"['Centro Fotografia', 'Sighseeing', 'Torre Lamberti', 'Museo Conte', 'Museo Radio']",Teatro Romano,strategy_nearest,False,0.0025408267974853516,success
04A6BD3A9C4C80,0,['Arena'],Tomba Giulietta,"['San Fermo', 'Museo Storia', 'Museo Lapidario', 'Museo Radio', 'Verona Tour']",San Fermo,strategy_nearest,True,0.0027971267700195312,success
04A6B7429C4C80,3,"['Arena', 'Casa Giulietta']",Torre Lamberti,"['Sighseeing', 'Centro Fotografia', 'Museo Conte', 'Palazzo della Ragione', 'AMO']",Duomo,strategy_nearest,False,0.0019941329956054688,success
04A6C9429C4C80,0,['Arena'],Castelvecchio,"['Museo Lapidario', 'Verona Tour', 'Museo Radio', 'San Zeno', 'Sighseeing']",Teatro Romano,strategy_nearest,False,0.0032210350036621094,success
04A6C93A9C4C80,0,['Arena'],Casa Giulietta,"['Centro Fotografia', 'Sighseeing', 'Torre Lamberti', 'Museo Conte', 'Museo Radio']",Castelvecchio,strategy_nearest,False,0.0027158260345458984,success
04A6EF3A9C4C80,0,['Castelvecchio'],Arena,"['Verona Tour', 'Museo Lapidario', 'Museo Radio', 'San Fermo', 'Casa Giulietta']",Teatro Romano,strategy_nearest,False,0.0026040077209472656,success
04A6EE429C4C80,3,['Arena'],Santa Anastasia,"['AMO', 'Museo Conte', 'Palazzo della Ragione', 'Teatro Romano', 'Centro Fotografia']",Duomo,strategy_nearest,False,0.003316164016723633,success
04A6CC3A9C4C80,0,"['Teatro Romano', 'Giardino Giusti']",Casa Giulietta,"['Centro Fotografia', 'Sighseeing', 'Torre Lamberti', 'Museo Conte', 'Museo Radio']",Torre Lamberti,strategy_nearest,True,0.0022649765014648438,success
04A6DA429C4C80,2,['Teatro Romano'],Casa Giulietta,"['Centro Fotografia', 'Sighseeing', 'Torre Lamberti', 'Museo Conte', 'Museo Radio']",Castelvecchio,strategy_nearest,False,0.0016529560089111328,success
04A6F03A9C4C80,3,['Arena'],Torre Lamberti,"['Sighseeing', 'Centro Fotografia', 'Museo Conte', 'Casa Giulietta', 'Palazzo della Ragione']",Santa Anastasia,strategy_nearest,False,0.0028159618377685547,success
04A6FE3A9C4C80,1,"['Casa Giulietta', 'Torre Lamberti', 'Palazzo della Ragione']",Santa Anastasia,"['AMO', 'Museo Conte', 'Teatro Romano', 'Centro Fotografia', 'Duomo']",Duomo,strategy_nearest,True,0.0015399456024169922,success
04A6FB429C4C80,3,"['Arena', 'Castelvecchio']",Santa Anastasia,"['AMO', 'Museo Conte', 'Palazzo della Ragione', 'Teatro Romano', 'Centro Fotografia']",Teatro Romano,strategy_nearest,True,0.0027818679809570312,success
04A6FF429C4C80,1,"['Museo Lapidario', 'Arena', 'San Fermo']",Casa Giulietta,"['Centro Fotografia', 'Sighseeing', 'Torre Lamberti', 'Museo Conte', 'Museo Radio']",Torre Lamberti,strategy_nearest,True,0.0032167434692382812,success
04A70F3A9C4C84,3,['Torre Lamberti'],Casa Giulietta,"['Centro Fotografia', 'Sighseeing', 'Museo Conte', 'Museo Radio', 'Palazzo della Ragione']",Santa Anastasia,strategy_nearest,False,0.0014181137084960938,success
04A70A429C4C80,1,"['Arena', 'Casa Giulietta', 'Torre Lamberti']",Palazzo della Ragione,"['AMO', 'Museo Conte', 'Centro Fotografia', 'Sighseeing', 'Santa Anastasia']",Santa Anastasia,strategy_nearest,True,0.0027518272399902344,success
04A7013A9C4C84,0,['Arena'],Castelvecchio,"['Museo Lapidario', 'Verona Tour', 'Museo Radio', 'San Zeno', 'Sighseeing']",Museo Storia,strategy_nearest,False,0.0039479732513427734,success
04A710429C4C84,3,"['Duomo', 'Teatro Romano']",Arena,"['Verona Tour', 'Museo Lapidario', 'Museo Radio', 'San Fermo', 'Casa Giulietta']",Museo Lapidario,strategy_nearest,True,0.0032749176025390625,success
04A712429C4C80,2,"['Castelvecchio', 'San Zeno', 'Torre Lamberti']",Duomo,"['AMO', 'Museo Miniscalchi', 'Santa Anastasia', 'Teatro Romano', 'Palazzo della Ragione']",Santa Anastasia,strategy_nearest,True,0.0016598701477050781,success
04A715429C4C80,3,"['Arena', 'Casa Giulietta']",Santa Anastasia,"['AMO', 'Museo Conte', 'Palazzo della Ragione', 'Teatro Romano', 'Centro Fotografia']",Teatro Romano,strategy_nearest,True,0.003171205520629883,success
04A712429C4C84,0,"['Arena', 'Casa Giulietta']",Duomo,"['AMO', 'Museo Miniscalchi', 'Santa Anastasia', 'Teatro Romano', 'Palazzo della Ragione']",Castelvecchio,strategy_nearest,False,0.0033380985260009766,success
04A714429C4C80,0,['Arena'],Museo Lapidario,"['Verona Tour', 'Castelvecchio', 'Museo Radio', 'San Fermo', 'Casa Giulietta']",Castelvecchio,strategy_nearest,True,0.0021021366119384766,success
04A7244A9C4C80,3,"['San Fermo', 'Arena', 'Casa Giulietta']",Santa Anastasia,"['AMO', 'Museo Conte', 'Palazzo della Ragione', 'Teatro Romano', 'Centro Fotografia']",Castelvecchio,strategy_nearest,False,0.0025517940521240234,success
04A71A429C4C80,3,"['Arena', 'Torre Lamberti', 'Casa Giulietta']",Santa Anastasia,"['AMO', 'Museo Conte', 'Palazzo della Ragione', 'Teatro Romano', 'Centro Fotografia']",Teatro Romano,strategy_nearest,True,0.00215911865234375,success
04A721429C4C84,3,"['Santa Anastasia', 'Arena']",Museo Lapidario,"['Verona Tour', 'Castelvecchio', 'Museo Radio', 'San Fermo', 'Casa Giulietta']",Castelvecchio,strategy_nearest,True,0.0015249252319335938,success
04A71F429C4C84,2,"['San Zeno', 'Castelvecchio', 'San Fermo']",Torre Lamberti,"['Sighseeing', 'Centro Fotografia', 'Museo Conte', 'Casa Giulietta', 'Palazzo della Ragione']",Santa Anastasia,strategy_nearest,False,0.003407001495361328,success
04A725429C4C84,3,"['Arena', 'Casa Giulietta']",Santa Anastasia,"['AMO', 'Museo Conte', 'Palazzo della Ragione', 'Teatro Romano', 'Centro Fotografia']",Duomo,strategy_nearest,False,0.002836942672729492,success
04A7253A9C4C84,0,['Santa Anastasia'],Arena,"['Verona Tour', 'Museo Lapidario', 'Museo Radio', 'San Fermo', 'Casa Giulietta']",Castelvecchio,strategy_nearest,False,0.0041370391845703125,success
04A730429C4C80,0,['Arena'],Casa Giulietta,"['Centro Fotografia', 'Sighseeing', 'Torre Lamberti', 'Museo Conte', 'Museo Radio']",San Fermo,strategy_nearest,False,0.002637147903442383,success
04A7254A9C4C80,1,"['Casa Giulietta', 'Torre Lamberti', 'Arena', 'Santa Anastasia']",Duomo,"['AMO', 'Museo Miniscalchi', 'Teatro Romano', 'Palazzo della Ragione', 'Museo Conte']",San Zeno,strategy_nearest,False,0.0014221668243408203,success
04A7543A9C4C80,1,['Arena'],Palazzo della Ragione,"['AMO', 'Museo Conte', 'Torre Lamberti', 'Centro Fotografia', 'Sighseeing']",Duomo,strategy_nearest,False,0.002034902572631836,success
04A732429C4C80,0,['Arena'],Santa Anastasia,"['AMO', 'Museo Conte', 'Palazzo della Ragione', 'Teatro Romano', 'Centro Fotografia']",Castelvecchio,strategy_nearest,False,0.0022628307342529297,success
04A733429C4C80,0,"['Arena', 'Casa Giulietta']",Torre Lamberti,"['Sighseeing', 'Centro Fotografia', 'Museo Conte', 'Palazzo della Ragione', 'AMO']",Giardino Giusti,strategy_nearest,False,0.00344085693359375,success
04A744429C4C80,0,"['Castelvecchio', 'Arena']",Casa Giulietta,"['Centro Fotografia', 'Sighseeing', 'Torre Lamberti', 'Museo Conte', 'Museo Radio']",Duomo,strategy_nearest,False,0.0028028488159179688,success
04A769429C4C80,0,['Arena'],San Zeno,"['Castelvecchio', 'Verona Tour', 'Museo Lapidario', 'Museo Miniscalchi', 'Sighseeing']",Duomo,strategy_nearest,False,0.002290010452270508,success
04A770429C4C80,3,"['Museo Lapidario', 'Arena']",Casa Giulietta,"['Centro Fotografia', 'Sighseeing', 'Torre Lamberti', 'Museo Conte', 'Museo Radio']",Castelvecchio,strategy_nearest,False,0.0024161338806152344,success
04A778429C4C80,2,"['Casa Giulietta', 'Palazzo della Ragione', 'Santa Anastasia']",Duomo,"['AMO', 'Museo Miniscalchi', 'Teatro Romano', 'Museo Conte', 'Torre Lamberti']",Teatro Romano,strategy_nearest,True,0.0017910003662109375,success
04A779429C4C80,0,"['Casa Giulietta', 'Torre Lamberti']",Teatro Romano,"['Santa Anastasia', 'Duomo', 'AMO', 'Palazzo della Ragione', 'Museo Conte']",Giardino Giusti,strategy_nearest,False,0.00325775146484375,success
04A7823A9C4C80,3,"['Arena', 'Casa Giulietta', 'Torre Lamberti']",Santa Anastasia,"['AMO', 'Museo Conte', 'Palazzo della Ragione', 'Teatro Romano', 'Centro Fotografia']",Duomo,strategy_nearest,False,0.0029811859130859375,success
04A7904A9C4C80,2,['Tomba Giulietta'],Casa Giulietta,"['Centro Fotografia', 'Sighseeing', 'Torre Lamberti', 'Museo Conte', 'Museo Radio']",Teatro Romano,strategy_nearest,False,0.003153085708618164,success
04A7894A9C4C80,3,"['Arena', 'Castelvecchio']",Torre Lamberti,"['Sighseeing', 'Centro Fotografia', 'Museo Conte', 'Casa Giulietta', 'Palazzo della Ragione']",Casa Giulietta,strategy_nearest,True,0.0025908946990966797,success
04A79C429C4C80,0,['Castelvecchio'],Arena,"['Verona Tour', 'Museo Lapidario', 'Museo Radio', 'San Fermo', 'Casa Giulietta']",Torre Lamberti,strategy_nearest,False,0.0030736923217773438,success
04A792429C4C80,3,"['Castelvecchio', 'Arena']",Duomo,"['AMO', 'Museo Miniscalchi', 'Santa Anastasia', 'Teatro Romano', 'Palazzo della Ragione']",Santa Anastasia,strategy_nearest,True,0.002622842788696289,success
04A7A63A9C4C80,3,"['Castelvecchio', 'Santa Anastasia']",Torre Lamberti,"['Sighseeing', 'Centro Fotografia', 'Museo Conte', 'Casa Giulietta', 'Palazzo della Ragione']",Casa Giulietta,strategy_nearest,True,0.002566099166870117,success
04A79F4A9C4C80,3,"['Arena', 'Casa Giulietta', 'Torre Lamberti']",Santa Anastasia,"['AMO', 'Museo Conte', 'Palazzo della Ragione', 'Teatro Romano', 'Centro Fotografia']",Duomo,strategy_nearest,False,0.0037229061126708984,success
04A7A74A9C4C80,0,['Arena'],Casa Giulietta,"['Centro Fotografia', 'Sighseeing', 'Torre Lamberti', 'Museo Conte', 'Museo Radio']",Castelvecchio,strategy_nearest,False,0.002582073211669922,success
04A7AE3A9C4C80,3,"['Castelvecchio', 'San Zeno', 'Museo Lapidario', 'Arena']",San Fermo,"['Museo Storia', 'Museo Radio', 'Casa Giulietta', 'Centro Fotografia', 'Sighseeing']",Casa Giulietta,strategy_nearest,True,0.003061056137084961,success
04A7AF429C4C80,0,"['Arena', 'Casa Giulietta']",Tomba Giulietta,"['San Fermo', 'Museo Storia', 'Museo Lapidario', 'Museo Radio', 'Verona Tour']",Castelvecchio,strategy_nearest,False,0.0032918453216552734,success
04A7B5429C4C80,0,"['Castelvecchio', 'Arena']",Casa Giulietta,"['Centro Fotografia', 'Sighseeing', 'Torre Lamberti', 'Museo Conte', 'Museo Radio']",Museo Storia,strategy_nearest,False,0.0024640560150146484,success
04A7B8429C4C80,0,['Castelvecchio'],Arena,"['Verona Tour', 'Museo Lapidario', 'Museo Radio', 'San Fermo', 'Casa Giulietta']",Torre Lamberti,strategy_nearest,False,0.0030357837677001953,success
04A7B2429C4C80,3,"['Casa Giulietta', 'Torre Lamberti']",Duomo,"['AMO', 'Museo Miniscalchi', 'Santa Anastasia', 'Teatro Romano', 'Palazzo della Ragione']",Teatro Romano,strategy_nearest,True,0.003899097442626953,success
04A7C03A9C4C80,3,['Arena'],Torre Lamberti,"['Sighseeing', 'Centro Fotografia', 'Museo Conte', 'Casa Giulietta', 'Palazzo della Ragione']",Santa Anastasia,strategy_nearest,False,0.0033838748931884766,success
04A7C3429C4C80,3,"['Arena', 'San Fermo', 'Torre Lamberti']",Santa Anastasia,"['AMO', 'Museo Conte', 'Palazzo della Ragione', 'Teatro Romano', 'Centro Fotografia']",Duomo,strategy_nearest,False,0.00152587890625,success
04A7CC3A9C4C80,3,"['Arena', 'Casa Giulietta']",Torre Lamberti,"['Sighseeing', 'Centro Fotografia', 'Museo Conte', 'Palazzo della Ragione', 'AMO']",Santa Anastasia,strategy_nearest,False,0.0027208328247070312,success
04A7D03A9C4C80,3,"['Santa Anastasia', 'Teatro Romano']",Casa Giulietta,"['Centro Fotografia', 'Sighseeing', 'Torre Lamberti', 'Museo Conte', 'Museo Radio']",Arena,strategy_nearest,False,0.0032758712768554688,success
04A7D7429C4C80,1,"['Santa Anastasia', 'Duomo', 'Casa Giulietta', 'Torre Lamberti']",Palazzo della Ragione,"['AMO', 'Museo Conte', 'Centro Fotografia', 'Sighseeing', 'Museo Miniscalchi']",San Zeno,strategy_nearest,False,0.002766847610473633,success
04A7D83A9C4C80,0,"['Arena', 'Duomo']",Torre Lamberti,"['Sighseeing', 'Centro Fotografia', 'Museo Conte', 'Casa Giulietta', 'Palazzo della Ragione']",Casa Giulietta,strategy_nearest,True,0.003490924835205078,success
04A7D8429C4C80,2,['Tomba Giulietta'],San Fermo,"['Museo Storia', 'Museo Radio', 'Casa Giulietta', 'Centro Fotografia', 'Arena']",Casa Giulietta,strategy_nearest,True,0.0028438568115234375,success
04A7E53A9C4C80,0,"['Castelvecchio', 'Casa Giulietta', 'Teatro Romano']",Arena,"['Verona Tour', 'Museo Lapidario', 'Museo Radio', 'San Fermo', 'Sighseeing']",Museo Lapidario,strategy_nearest,True,0.003435850143432617,success
04A7EB3A9C4C80,1,"['Arena', 'San Fermo', 'Casa Giulietta']",Palazzo della Ragione,"['AMO', 'Museo Conte', 'Torre Lamberti', 'Centro Fotografia', 'Sighseeing']",Santa Anastasia,strategy_nearest,False,0.0018131732940673828,success
04A7EF429C4C80,2,"['Museo Lapidario', 'Castelvecchio']",Duomo,"['AMO', 'Museo Miniscalchi', 'Santa Anastasia', 'Teatro Romano', 'Palazzo della Ragione']",Teatro Romano,strategy_nearest,True,0.0026819705963134766,success
04A7F23A9C4C80,0,"['Castelvecchio', 'Arena']",Teatro Romano,"['Santa Anastasia', 'Duomo', 'AMO', 'Palazzo della Ragione', 'Museo Conte']",Duomo,strategy_nearest,True,0.003397226333618164,success
04A7F83A9C4C80,3,"['Casa Giulietta', 'Torre Lamberti']",Arena,"['Verona Tour', 'Museo Lapidario', 'Museo Radio', 'San Fermo', 'Sighseeing']",Teatro Romano,strategy_nearest,False,0.0034019947052001953,success
04A7FB429C4C80,2,"['Casa Giulietta', 'Santa Anastasia']",Castelvecchio,"['Museo Lapidario', 'Verona Tour', 'Arena', 'Museo Radio', 'San Zeno']",San Zeno,strategy_nearest,True,0.0031728744506835938,success
04A7FF3A9C4C80,0,['Arena'],Casa Giulietta,"['Centro Fotografia', 'Sighseeing', 'Torre Lamberti', 'Museo Conte', 'Museo Radio']",Tomba Giulietta,strategy_nearest,False,0.004641056060791016,success
04A80E3A9C4C84,3,"['Arena', 'Castelvecchio']",Santa Anastasia,"['AMO', 'Museo Conte', 'Palazzo della Ragione', 'Teatro Romano', 'Centro Fotografia']",Duomo,strategy_nearest,False,0.002106189727783203,success
04A80F3A9C4C80,0,['Arena'],Casa Giulietta,"['Centro Fotografia', 'Sighseeing', 'Torre Lamberti', 'Museo Conte', 'Museo Radio']",San Fermo,strategy_nearest,False,0.002713918685913086,success
04A810429C4C84,3,"['Arena', 'Torre Lamberti']",Santa Anastasia,"['AMO', 'Museo Conte', 'Palazzo della Ragione', 'Teatro Romano', 'Centro Fotografia']",Duomo,strategy_nearest,False,0.0031790733337402344,success
04A814429C4C80,0,['Arena'],Museo Lapidario,"['Verona Tour', 'Castelvecchio', 'Museo Radio', 'San Fermo', 'Casa Giulietta']",Castelvecchio,strategy_nearest,True,0.0026831626892089844,success
04A817429C4C84,3,"['Teatro Romano', 'Arena']",Duomo,"['AMO', 'Museo Miniscalchi', 'Santa Anastasia', 'Palazzo della Ragione', 'Museo Conte']",Castelvecchio,strategy_nearest,False,0.0026199817657470703,success
04A818429C4C84,3,"['Duomo', 'Teatro Romano']",Arena,"['Verona Tour', 'Museo Lapidario', 'Museo Radio', 'San Fermo', 'Casa Giulietta']",Museo Lapidario,strategy_nearest,True,0.0031480789184570312,success
04A8133A9C4C80,3,"['Arena', 'Torre Lamberti']",San Fermo,"['Museo Storia', 'Museo Radio', 'Casa Giulietta', 'Centro Fotografia', 'Sighseeing']",San Zeno,strategy_nearest,False,0.002131938934326172,success
04A8203A9C4C84,3,"['Arena', 'Casa Giulietta']",Torre Lamberti,"['Sighseeing', 'Centro Fotografia', 'Museo Conte', 'Palazzo della Ragione', 'AMO']",Santa Anastasia,strategy_nearest,False,0.001528024673461914,success
04A8204A9C4C80,3,"['Arena', 'Torre Lamberti']",Teatro Romano,"['Santa Anastasia', 'Duomo', 'AMO', 'Palazzo della Ragione', 'Museo Conte']",Santa Anastasia,strategy_nearest,True,0.002007722854614258,success
04A81B3A9C4C84,0,['Arena'],Casa Giulietta,"['Centro Fotografia', 'Sighseeing', 'Torre Lamberti', 'Museo Conte', 'Museo Radio']",Santa Anastasia,strategy_nearest,False,0.0028679370880126953,success
04A81A3A9C4C80,1,"['Castelvecchio', 'Casa Giulietta', 'Torre Lamberti', 'Palazzo della Ragione']",Santa Anastasia,"['AMO', 'Museo Conte', 'Teatro Romano', 'Centro Fotografia', 'Duomo']",Arena,strategy_nearest,False,0.004230976104736328,success
04A8223A9C4C80,2,['Tomba Giulietta'],Casa Giulietta,"['Centro Fotografia', 'Sighseeing', 'Torre Lamberti', 'Museo Conte', 'Museo Radio']",Torre Lamberti,strategy_nearest,True,0.002989053726196289,success
04A823429C4C84,0,['Arena'],San Zeno,"['Castelvecchio', 'Verona Tour', 'Museo Lapidario', 'Museo Miniscalchi', 'Sighseeing']",Castelvecchio,strategy_nearest,True,0.0017638206481933594,success
04A8244A9C4C80,3,"['Arena', 'Santa Anastasia']",Torre Lamberti,"['Sighseeing', 'Centro Fotografia', 'Museo Conte', 'Casa Giulietta', 'Palazzo della Ragione']",Duomo,strategy_nearest,False,0.002669811248779297,success
04A82B429C4C80,0,['Arena'],Casa Giulietta,"['Centro Fotografia', 'Sighseeing', 'Torre Lamberti', 'Museo Conte', 'Museo Radio']",Teatro Romano,strategy_nearest,False,0.003010988235473633,success
04A833429C4C80,1,['Arena'],Torre Lamberti,"['Sighseeing', 'Centro Fotografia', 'Museo Conte', 'Casa Giulietta', 'Palazzo della Ragione']",Palazzo della Ragione,strategy_nearest,True,0.002485036849975586,success
04A832429C4C80,1,['Arena'],Castelvecchio,"['Museo Lapidario', 'Verona Tour', 'Museo Radio', 'San Zeno', 'Sighseeing']",Palazzo della Ragione,strategy_nearest,False,0.002087831497192383,success
04A82E3A9C4C80,3,"['San Zeno', 'San Fermo', 'Teatro Romano', 'Duomo']",Santa Anastasia,"['AMO', 'Museo Conte', 'Palazzo della Ragione', 'Centro Fotografia', 'Torre Lamberti']",Arena,strategy_nearest,False,0.0033750534057617188,success
04A83E429C4C80,3,"['Arena', 'Casa Giulietta', 'Torre Lamberti']",Santa Anastasia,"['AMO', 'Museo Conte', 'Palazzo della Ragione', 'Teatro Romano', 'Centro Fotografia']",Teatro Romano,strategy_nearest,True,0.002207040786743164,success
04A83B4A9C4C80,0,['Casa Giulietta'],Arena,"['Verona Tour', 'Museo Lapidario', 'Museo Radio', 'San Fermo', 'Sighseeing']",Giardino Giusti,strategy_nearest,False,0.0028612613677978516,success
04A841429C4C80,1,"['Teatro Romano', 'Duomo', 'Santa Anastasia']",Torre Lamberti,"['Sighseeing', 'Centro Fotografia', 'Museo Conte', 'Casa Giulietta', 'Palazzo della Ragione']",Palazzo della Ragione,strategy_nearest,True,0.0033333301544189453,success
04A84B3A9C4C80,3,"['Arena', 'Torre Lamberti']",Santa Anastasia,"['AMO', 'Museo Conte', 'Palazzo della Ragione', 'Teatro Romano', 'Centro Fotografia']",Teatro Romano,strategy_nearest,True,0.0026869773864746094,success
04A855429C4C80,4,"['Arena', 'Casa Giulietta', 'Torre Lamberti']",Santa Anastasia,"['AMO', 'Museo Conte', 'Palazzo della Ragione', 'Teatro Romano', 'Centro Fotografia']",Teatro Romano,strategy_nearest,True,0.0027768611907958984,success
04A856429C4C80,1,['Arena'],Teatro Romano,"['Santa Anastasia', 'Duomo', 'AMO', 'Palazzo della Ragione', 'Museo Conte']",Palazzo della Ragione,strategy_nearest,True,0.0021538734436035156,success
04A858429C4C80,1,"['Arena', 'Tomba Giulietta', 'Casa Giulietta']",Torre Lamberti,"['Sighseeing', 'Centro Fotografia', 'Museo Conte', 'Palazzo della Ragione', 'AMO']",Palazzo della Ragione,strategy_nearest,True,0.003226757049560547,success
04A8583A9C4C80,3,"['Arena', 'Casa Giulietta']",Santa Anastasia,"['AMO', 'Museo Conte', 'Palazzo della Ragione', 'Teatro Romano', 'Centro Fotografia']",Teatro Romano,strategy_nearest,True,0.0015177726745605469,success
04A85A429C4C80,0,"['Tomba Giulietta', 'Casa Giulietta']",Duomo,"['AMO', 'Museo Miniscalchi', 'Santa Anastasia', 'Teatro Romano', 'Palazzo della Ragione']",Teatro Romano,strategy_nearest,True,0.001967191696166992,success
04A87A4A9C4C80,0,['Arena'],Casa Giulietta,"['Centro Fotografia', 'Sighseeing', 'Torre Lamberti', 'Museo Conte', 'Museo Radio']",Duomo,strategy_nearest,False,0.0018949508666992188,success
04A87B429C4C80,0,['Arena'],Castelvecchio,"['Museo Lapidario', 'Verona Tour', 'Museo Radio', 'San Zeno', 'Sighseeing']",San Fermo,strategy_nearest,False,0.0027730464935302734,success
04A87E429C4C80,0,['Arena'],Torre Lamberti,"['Sighseeing', 'Centro Fotografia', 'Museo Conte', 'Casa Giulietta', 'Palazzo della Ragione']",Casa Giulietta,strategy_nearest,True,0.0035200119018554688,success
04A87F429C4C80,3,"['Arena', 'Casa Giulietta', 'San Fermo']",Torre Lamberti,"['Sighseeing', 'Centro Fotografia', 'Museo Conte', 'Palazzo della Ragione', 'AMO']",Santa Anastasia,strategy_nearest,False,0.0025451183319091797,success
04A887429C4C80,0,['Casa Giulietta'],Torre Lamberti,"['Sighseeing', 'Centro Fotografia', 'Museo Conte', 'Palazzo della Ragione', 'AMO']",Arena,strategy_nearest,False,0.002348184585571289,success
04A883429C4C80,3,['Arena'],Casa Giulietta,"['Centro Fotografia', 'Sighseeing', 'Torre Lamberti', 'Museo Conte', 'Museo Radio']",Torre Lamberti,strategy_nearest,True,0.003061056137084961,success
04A88E4A9C4C80,1,"['Arena', 'Castelvecchio']",Torre Lamberti,"['Sighseeing', 'Centro Fotografia', 'Museo Conte', 'Casa Giulietta', 'Palazzo della Ragione']",Palazzo della Ragione,strategy_nearest,True,0.002710103988647461,success
04A8874A9C4C80,0,['Arena'],Casa Giulietta,"['Centro Fotografia', 'Sighseeing', 'Torre Lamberti', 'Museo Conte', 'Museo Radio']",Castelvecchio,strategy_nearest,False,0.0021309852600097656,success
04A88F3A9C4C80,3,['Arena'],Duomo,"['AMO', 'Museo Miniscalchi', 'Santa Anastasia', 'Teatro Romano', 'Palazzo della Ragione']",Santa Anastasia,strategy_nearest,True,0.00267791748046875,success
04A8904A9C4C80,0,['Arena'],Casa Giulietta,"['Centro Fotografia', 'Sighseeing', 'Torre Lamberti', 'Museo Conte', 'Museo Radio']",Torre Lamberti,strategy_nearest,True,0.0034449100494384766,success
04A89C4A9C4C80,0,['Arena'],Casa Giulietta,"['Centro Fotografia', 'Sighseeing', 'Torre Lamberti', 'Museo Conte', 'Museo Radio']",Torre Lamberti,strategy_nearest,True,0.0018687248229980469,success
04A891429C4C80,3,['Arena'],Teatro Romano,"['Santa Anastasia', 'Duomo', 'AMO', 'Palazzo della Ragione', 'Museo Conte']",Duomo,strategy_nearest,True,0.0035970211029052734,success
04A8A64A9C4C80,0,"['Arena', 'Casa Giulietta']",Torre Lamberti,"['Sighseeing', 'Centro Fotografia', 'Museo Conte', 'Palazzo della Ragione', 'AMO']",San Fermo,strategy_nearest,False,0.0036420822143554688,success
04A8AA3A9C4C80,2,['Casa Giulietta'],Santa Anastasia,"['AMO', 'Museo Conte', 'Palazzo della Ragione', 'Teatro Romano', 'Centro Fotografia']",Torre Lamberti,strategy_nearest,False,0.003941774368286133,success
04A8B13A9C4C80,0,['Teatro Romano'],Castelvecchio,"['Museo Lapidario', 'Verona Tour', 'Arena', 'Museo Radio', 'San Zeno']",Arena,strategy_nearest,True,0.0023355484008789062,success
04A8B43A9C4C80,0,['Arena'],Casa Giulietta,"['Centro Fotografia', 'Sighseeing', 'Torre Lamberti', 'Museo Conte', 'Museo Radio']",Duomo,strategy_nearest,False,0.003120899200439453,success
04A8B4429C4C80,1,"['Arena', 'Casa Giulietta']",Palazzo della Ragione,"['AMO', 'Museo Conte', 'Torre Lamberti', 'Centro Fotografia', 'Sighseeing']",Santa Anastasia,strategy_nearest,False,0.0022819042205810547,success
04A8BF3A9C4C80,3,"['Arena', 'Casa Giulietta']",Santa Anastasia,"['AMO', 'Museo Conte', 'Palazzo della Ragione', 'Teatro Romano', 'Centro Fotografia']",Duomo,strategy_nearest,False,0.0025391578674316406,success
04A8BA3A9C4C80,1,"['Arena', 'Casa Giulietta']",Torre Lamberti,"['Sighseeing', 'Centro Fotografia', 'Museo Conte', 'Palazzo della Ragione', 'AMO']",Palazzo della Ragione,strategy_nearest,True,0.0032782554626464844,success
04A8CF3A9C4C80,3,['Santa Anastasia'],Duomo,"['AMO', 'Museo Miniscalchi', 'Teatro Romano', 'Palazzo della Ragione', 'Museo Conte']",Arena,strategy_nearest,False,0.002355337142944336,success
04A8C83A9C4C80,0,['Arena'],Casa Giulietta,"['Centro Fotografia', 'Sighseeing', 'Torre Lamberti', 'Museo Conte', 'Museo Radio']",Torre Lamberti,strategy_nearest,True,0.004150867462158203,success
04A8D53A9C4C80,0,"['Arena', 'Casa Giulietta']",Torre Lamberti,"['Sighseeing', 'Centro Fotografia', 'Museo Conte', 'Palazzo della Ragione', 'AMO']",Castelvecchio,strategy_nearest,False,0.0030269622802734375,success
04A8D63A9C4C80,3,"['Arena', 'San Zeno', 'Museo Lapidario']",Castelvecchio,"['Verona Tour', 'Museo Radio', 'Sighseeing', 'Museo Miniscalchi', 'Torre Lamberti']",Santa Anastasia,strategy_nearest,False,0.0033860206604003906,success
04A8F13A9C4C80,3,"['Arena', 'San Zeno']",Santa Anastasia,"['AMO', 'Museo Conte', 'Palazzo della Ragione', 'Teatro Romano', 'Centro Fotografia']",Duomo,strategy_nearest,False,0.0017993450164794922,success
04A8EF3A9C4C80,2,['San Zeno'],Teatro Romano,"['Santa Anastasia', 'Duomo', 'AMO', 'Palazzo della Ragione', 'Museo Conte']",Duomo,strategy_nearest,True,0.002705812454223633,success
04A8F7429C4C80,3,"['Torre Lamberti', 'Casa Giulietta', 'Castelvecchio', 'Arena']",Tomba Giulietta,"['San Fermo', 'Museo Storia', 'Museo Lapidario', 'Museo Radio', 'Verona Tour']",Santa Anastasia,strategy_nearest,False,0.0031991004943847656,success
04A8FC429C4C80,0,"['Castelvecchio', 'Teatro Romano', 'Giardino Giusti']",Casa Giulietta,"['Centro Fotografia', 'Sighseeing', 'Torre Lamberti', 'Museo Conte', 'Museo Radio']",Torre Lamberti,strategy_nearest,True,0.0030379295349121094,success
04A912429C4C84,0,['Castelvecchio'],Arena,"['Verona Tour', 'Museo Lapidario', 'Museo Radio', 'San Fermo', 'Casa Giulietta']",Casa Giulietta,strategy_nearest,True,0.0023670196533203125,success
04A9173A9C4C84,0,['Arena'],Casa Giulietta,"['Centro Fotografia', 'Sighseeing', 'Torre Lamberti', 'Museo Conte', 'Museo Radio']",Teatro Romano,strategy_nearest,False,0.0031669139862060547,success
04A91E429C4C84,3,"['Arena', 'Torre Lamberti', 'Casa Giulietta']",Tomba Giulietta,"['San Fermo', 'Museo Storia', 'Museo Lapidario', 'Museo Radio', 'Verona Tour']",Teatro Romano,strategy_nearest,False,0.0017251968383789062,success
04A91A429C4C84,0,"['Arena', 'Casa Giulietta']",San Fermo,"['Museo Storia', 'Museo Radio', 'Centro Fotografia', 'Sighseeing', 'Torre Lamberti']",Duomo,strategy_nearest,False,0.003155231475830078,success
04A91B429C4C84,3,"['Arena', 'Castelvecchio', 'Tomba Giulietta']",Casa Giulietta,"['Centro Fotografia', 'Sighseeing', 'Torre Lamberti', 'Museo Conte', 'Museo Radio']",Torre Lamberti,strategy_nearest,True,0.0032100677490234375,success
04A926429C4C84,1,"['Arena', 'Castelvecchio', 'Casa Giulietta']",Palazzo della Ragione,"['AMO', 'Museo Conte', 'Torre Lamberti', 'Centro Fotografia', 'Sighseeing']",Torre Lamberti,strategy_nearest,True,0.002526998519897461,success
04A925429C4C84,3,"['Castelvecchio', 'Torre Lamberti']",Casa Giulietta,"['Centro Fotografia', 'Sighseeing', 'Museo Conte', 'Museo Radio', 'Palazzo della Ragione']",Arena,strategy_nearest,False,0.0030679702758789062,success
04A9263A9C4C84,0,"['Arena', 'Torre Lamberti']",Casa Giulietta,"['Centro Fotografia', 'Sighseeing', 'Museo Conte', 'Museo Radio', 'Palazzo della Ragione']",Giardino Giusti,strategy_nearest,False,0.0018219947814941406,success
04A928429C4C80,0,"['Arena', 'Torre Lamberti']",Casa Giulietta,"['Centro Fotografia', 'Sighseeing', 'Museo Conte', 'Museo Radio', 'Palazzo della Ragione']",Teatro Romano,strategy_nearest,False,0.003136873245239258,success
04A92B429C4C80,1,"['Arena', 'Torre Lamberti']",Palazzo della Ragione,"['AMO', 'Museo Conte', 'Centro Fotografia', 'Sighseeing', 'Santa Anastasia']",Casa Giulietta,strategy_nearest,False,0.0026009082794189453,success
04A931429C4C80,3,['Arena'],Torre Lamberti,"['Sighseeing', 'Centro Fotografia', 'Museo Conte', 'Casa Giulietta', 'Palazzo della Ragione']",Teatro Romano,strategy_nearest,False,0.002585887908935547,success
04A92D3A9C4C80,2,['Casa Giulietta'],Torre Lamberti,"['Sighseeing', 'Centro Fotografia', 'Museo Conte', 'Palazzo della Ragione', 'AMO']",Castelvecchio,strategy_nearest,False,0.001984834671020508,success
04A9343A9C4C80,3,"['Castelvecchio', 'Casa Giulietta', 'Arena']",Museo Lapidario,"['Verona Tour', 'Museo Radio', 'San Fermo', 'Tomba Giulietta', 'Sighseeing']",San Fermo,strategy_nearest,True,0.0032601356506347656,success
04A954429C4C80,3,"['Arena', 'San Fermo']",Museo Lapidario,"['Verona Tour', 'Castelvecchio', 'Museo Radio', 'Casa Giulietta', 'Tomba Giulietta']",Teatro Romano,strategy_nearest,False,0.002711057662963867,success
04A9413A9C4C80,1,"['Duomo', 'Torre Lamberti', 'Palazzo della Ragione', 'San Fermo']",Museo Storia,"['Museo Radio', 'Casa Giulietta', 'Centro Fotografia', 'Tomba Giulietta', 'Arena']",Arena,strategy_nearest,True,0.002892017364501953,success
04A955429C4C80,1,"['Arena', 'Casa Giulietta', 'Torre Lamberti']",Palazzo della Ragione,"['AMO', 'Museo Conte', 'Centro Fotografia', 'Sighseeing', 'Santa Anastasia']",Santa Anastasia,strategy_nearest,True,0.003353118896484375,success
04A9523A9C4C80,3,"['Arena', 'Castelvecchio', 'Casa Giulietta']",Torre Lamberti,"['Sighseeing', 'Centro Fotografia', 'Museo Conte', 'Palazzo della Ragione', 'AMO']",Duomo,strategy_nearest,False,0.0034668445587158203,success
04A9723A9C4C80,2,"['Castelvecchio', 'San Zeno']",Casa Giulietta,"['Centro Fotografia', 'Sighseeing', 'Torre Lamberti', 'Museo Conte', 'Museo Radio']",Santa Anastasia,strategy_nearest,False,0.003242969512939453,success
04A9643A9C4C80,0,['Arena'],Castelvecchio,"['Museo Lapidario', 'Verona Tour', 'Museo Radio', 'San Zeno', 'Sighseeing']",Teatro Romano,strategy_nearest,False,0.0028028488159179688,success
04A9713A9C4C80,0,['Castelvecchio'],Arena,"['Verona Tour', 'Museo Lapidario', 'Museo Radio', 'San Fermo', 'Casa Giulietta']",Tomba Giulietta,strategy_nearest,False,0.0019540786743164062,success
04A976429C4C80,3,"['Casa Giulietta', 'Arena']",Santa Anastasia,"['AMO', 'Museo Conte', 'Palazzo della Ragione', 'Teatro Romano', 'Centro Fotografia']",Duomo,strategy_nearest,False,0.002605915069580078,success
04A981429C4C80,1,"['Arena', 'Torre Lamberti']",Palazzo della Ragione,"['AMO', 'Museo Conte', 'Centro Fotografia', 'Sighseeing', 'Santa Anastasia']",Casa Giulietta,strategy_nearest,False,0.002110004425048828,success
04A979429C4C80,0,['Casa Giulietta'],Arena,"['Verona Tour', 'Museo Lapidario', 'Museo Radio', 'San Fermo', 'Sighseeing']",Castelvecchio,strategy_nearest,False,0.0028448104858398438,success
04A97D429C4C80,2,['Casa Giulietta'],Torre Lamberti,"['Sighseeing', 'Centro Fotografia', 'Museo Conte', 'Palazzo della Ragione', 'AMO']",Duomo,strategy_nearest,False,0.001544952392578125,success
04A987429C4C80,3,"['Casa Giulietta', 'Torre Lamberti']",Santa Anastasia,"['AMO', 'Museo Conte', 'Palazzo della Ragione', 'Teatro Romano', 'Centro Fotografia']",Arena,strategy_nearest,False,0.0032529830932617188,success
04A991429C4C80,0,['Arena'],Casa Giulietta,"['Centro Fotografia', 'Sighseeing', 'Torre Lamberti', 'Museo Conte', 'Museo Radio']",Casa Giulietta,strategy_nearest,False,0.001953125,success
04A98F4A9C4C80,0,['Arena'],Torre Lamberti,"['Sighseeing', 'Centro Fotografia', 'Museo Conte', 'Casa Giulietta', 'Palazzo della Ragione']",Casa Giulietta,strategy_nearest,True,0.00154876708984375,success
04A988429C4C80,3,"['Arena', 'Casa Giulietta']",Torre Lamberti,"['Sighseeing', 'Centro Fotografia', 'Museo Conte', 'Palazzo della Ragione', 'AMO']",Santa Anastasia,strategy_nearest,False,0.004007101058959961,success
04A9893A9C4C80,3,"['Arena', 'Museo Lapidario', 'Castelvecchio']",Torre Lamberti,"['Sighseeing', 'Centro Fotografia', 'Museo Conte', 'Casa Giulietta', 'Palazzo della Ragione']",Casa Giulietta,strategy_nearest,True,0.0034089088439941406,success
04A9934A9C4C80,3,"['San Fermo', 'San Zeno', 'Santa Anastasia']",Duomo,"['AMO', 'Museo Miniscalchi', 'Teatro Romano', 'Palazzo della Ragione', 'Museo Conte']",Casa Giulietta,strategy_nearest,False,0.001949310302734375,success
04A9914A9C4C80,3,"['Arena', 'Torre Lamberti']",Santa Anastasia,"['AMO', 'Museo Conte', 'Palazzo della Ragione', 'Teatro Romano', 'Centro Fotografia']",Teatro Romano,strategy_nearest,True,0.002596139907836914,success
04A9984A9C4C80,0,['Castelvecchio'],Arena,"['Verona Tour', 'Museo Lapidario', 'Museo Radio', 'San Fermo', 'Casa Giulietta']",Casa Giulietta,strategy_nearest,True,0.0024771690368652344,success
04A99A4A9C4C80,0,['Arena'],Casa Giulietta,"['Centro Fotografia', 'Sighseeing', 'Torre Lamberti', 'Museo Conte', 'Museo Radio']",Santa Anastasia,strategy_nearest,False,0.003367900848388672,success
04A9A14A9C4C80,1,"['Castelvecchio', 'Arena']",Torre Lamberti,"['Sighseeing', 'Centro Fotografia', 'Museo Conte', 'Casa Giulietta', 'Palazzo della Ragione']",Palazzo della Ragione,strategy_nearest,True,0.0020160675048828125,success
04A99F429C4C80,3,"['Castelvecchio', 'Casa Giulietta']",Santa Anastasia,"['AMO', 'Museo Conte', 'Palazzo della Ragione', 'Teatro Romano', 'Centro Fotografia']",Duomo,strategy_nearest,False,0.0033338069915771484,success
04A9A34A9C4C80,3,"['Casa Giulietta', 'Torre Lamberti', 'Teatro Romano']",Duomo,"['AMO', 'Museo Miniscalchi', 'Santa Anastasia', 'Palazzo della Ragione', 'Museo Conte']",Santa Anastasia,strategy_nearest,True,0.0025751590728759766,success
04A9A7429C4C80,3,['Arena'],Torre Lamberti,"['Sighseeing', 'Centro Fotografia', 'Museo Conte', 'Casa Giulietta', 'Palazzo della Ragione']",Santa Anastasia,strategy_nearest,False,0.0031023025512695312,success
04A9BE3A9C4C80,3,"['Arena', 'Torre Lamberti']",Santa Anastasia,"['AMO', 'Museo Conte', 'Palazzo della Ragione', 'Teatro Romano', 'Centro Fotografia']",Duomo,strategy_nearest,False,0.0031342506408691406,success
04A9AC3A9C4C80,3,"['Arena', 'Casa Giulietta']",Santa Anastasia,"['AMO', 'Museo Conte', 'Palazzo della Ragione', 'Teatro Romano', 'Centro Fotografia']",Duomo,strategy_nearest,False,0.0026030540466308594,success
04A9B63A9C4C80,2,['Castelvecchio'],Torre Lamberti,"['Sighseeing', 'Centro Fotografia', 'Museo Conte', 'Casa Giulietta', 'Palazzo della Ragione']",San Zeno,strategy_nearest,False,0.0027201175689697266,success
04A9D03A9C4C80,3,"['Casa Giulietta', 'San Fermo', 'Torre Lamberti']",Duomo,"['AMO', 'Museo Miniscalchi', 'Santa Anastasia', 'Teatro Romano', 'Palazzo della Ragione']",Castelvecchio,strategy_nearest,False,0.0020599365234375,success
04A9CD3A9C4C80,3,"['Santa Anastasia', 'Torre Lamberti']",Casa Giulietta,"['Centro Fotografia', 'Sighseeing', 'Museo Conte', 'Museo Radio', 'Palazzo della Ragione']",Arena,strategy_nearest,False,0.0027840137481689453,success
04A9D13A9C4C80,3,"['Santa Anastasia', 'Teatro Romano', 'Casa Giulietta']",Torre Lamberti,"['Sighseeing', 'Centro Fotografia', 'Museo Conte', 'Palazzo della Ragione', 'AMO']",Duomo,strategy_nearest,False,0.0025763511657714844,success
04A9CF429C4C80,1,"['Arena', 'Museo Lapidario', 'Castelvecchio', 'Tomba Giulietta']",San Fermo,"['Museo Storia', 'Museo Radio', 'Casa Giulietta', 'Centro Fotografia', 'Sighseeing']",Casa Giulietta,strategy_nearest,True,0.003400087356567383,success
04A9D33A9C4C80,0,"['Castelvecchio', 'Museo Lapidario']",Arena,"['Verona Tour', 'Museo Radio', 'San Fermo', 'Casa Giulietta', 'Sighseeing']",San Zeno,strategy_nearest,False,0.004523038864135742,success
04A9E3429C4C80,2,"['Teatro Romano', 'Torre Lamberti']",Museo Lapidario,"['Verona Tour', 'Arena', 'Castelvecchio', 'Museo Radio', 'San Fermo']",Castelvecchio,strategy_nearest,True,0.002568960189819336,success
04A9DD429C4C80,3,"['Torre Lamberti', 'Casa Giulietta']",Arena,"['Verona Tour', 'Museo Lapidario', 'Museo Radio', 'San Fermo', 'Sighseeing']",Santa Anastasia,strategy_nearest,False,0.0019969940185546875,success
04A9D93A9C4C80,4,"['Castelvecchio', 'Torre Lamberti', 'Teatro Romano']",Museo Radio,"['Casa Giulietta', 'San Fermo', 'Arena', 'Sighseeing', 'Centro Fotografia']",Arena,strategy_nearest,True,0.0021228790283203125,success
04A9F73A9C4C80,3,"['Castelvecchio', 'Arena', 'San Fermo', 'Casa Giulietta']",Torre Lamberti,"['Sighseeing', 'Centro Fotografia', 'Museo Conte', 'Palazzo della Ragione', 'AMO']",Santa Anastasia,strategy_nearest,False,0.002744913101196289,success
04A9E5429C4C80,2,['Castelvecchio'],Tomba Giulietta,"['San Fermo', 'Museo Storia', 'Arena', 'Museo Lapidario', 'Museo Radio']",San Fermo,strategy_nearest,True,0.0015931129455566406,success
04AA033A9C4C84,2,"['Museo Lapidario', 'Casa Giulietta']",Santa Anastasia,"['AMO', 'Museo Conte', 'Palazzo della Ragione', 'Teatro Romano', 'Centro Fotografia']",Duomo,strategy_nearest,False,0.0033478736877441406,success
04AA09429C4C80,1,"['Arena', 'Castelvecchio', 'Torre Lamberti', 'Palazzo della Ragione']",Casa Giulietta,"['Centro Fotografia', 'Sighseeing', 'Museo Conte', 'Museo Radio', 'San Fermo']",Santa Anastasia,strategy_nearest,False,0.001970052719116211,success
04AA113A9C4C80,1,"['Arena', 'Museo Lapidario', 'Santa Anastasia']",Palazzo della Ragione,"['AMO', 'Museo Conte', 'Torre Lamberti', 'Centro Fotografia', 'Sighseeing']",Casa Giulietta,strategy_nearest,False,0.002022266387939453,success
04AA0C429C4C84,1,"['Arena', 'San Fermo', 'Casa Giulietta']",Torre Lamberti,"['Sighseeing', 'Centro Fotografia', 'Museo Conte', 'Palazzo della Ragione', 'AMO']",Palazzo della Ragione,strategy_nearest,True,0.0017609596252441406,success
04AA0F429C4C84,3,"['Arena', 'Torre Lamberti']",Santa Anastasia,"['AMO', 'Museo Conte', 'Palazzo della Ragione', 'Teatro Romano', 'Centro Fotografia']",San Fermo,strategy_nearest,False,0.003432035446166992,success
04AA10429C4C84,3,['Duomo'],San Zeno,"['Castelvecchio', 'Verona Tour', 'Museo Lapidario', 'Arena', 'Museo Miniscalchi']",Teatro Romano,strategy_nearest,False,0.002772092819213867,success
04AA22429C4C84,0,['Torre Lamberti'],Casa Giulietta,"['Centro Fotografia', 'Sighseeing', 'Museo Conte', 'Museo Radio', 'Palazzo della Ragione']",Arena,strategy_nearest,False,0.002003908157348633,success
04AA1E3A9C4C84,0,['Arena'],Casa Giulietta,"['Centro Fotografia', 'Sighseeing', 'Torre Lamberti', 'Museo Conte', 'Museo Radio']",Castelvecchio,strategy_nearest,False,0.00272369384765625,success
04AA17429C4C84,2,['Casa Giulietta'],Torre Lamberti,"['Sighseeing', 'Centro Fotografia', 'Museo Conte', 'Palazzo della Ragione', 'AMO']",Santa Anastasia,strategy_nearest,False,0.0016298294067382812,success
04AA1A429C4C84,2,['Torre Lamberti'],Santa Anastasia,"['AMO', 'Museo Conte', 'Palazzo della Ragione', 'Teatro Romano', 'Centro Fotografia']",Duomo,strategy_nearest,False,0.0034329891204833984,success
04AA243A9C4C84,3,"['Arena', 'Casa Giulietta']",Santa Anastasia,"['AMO', 'Museo Conte', 'Palazzo della Ragione', 'Teatro Romano', 'Centro Fotografia']",Duomo,strategy_nearest,False,0.0022008419036865234,success
04AA27429C4C84,3,"['Duomo', 'Teatro Romano']",Torre Lamberti,"['Sighseeing', 'Centro Fotografia', 'Museo Conte', 'Casa Giulietta', 'Palazzo della Ragione']",Casa Giulietta,strategy_nearest,True,0.002753019332885742,success
04AA233A9C4C84,0,['Arena'],Torre Lamberti,"['Sighseeing', 'Centro Fotografia', 'Museo Conte', 'Casa Giulietta', 'Palazzo della Ragione']",Teatro Romano,strategy_nearest,False,0.002665996551513672,success
04AA2F429C4C80,0,['Duomo'],Casa Giulietta,"['Centro Fotografia', 'Sighseeing', 'Torre Lamberti', 'Museo Conte', 'Museo Radio']",Arena,strategy_nearest,False,0.0020170211791992188,success
04AA303A9C4C80,3,"['Castelvecchio', 'Arena']",Santa Anastasia,"['AMO', 'Museo Conte', 'Palazzo della Ragione', 'Teatro Romano', 'Centro Fotografia']",Casa Giulietta,strategy_nearest,False,0.0013720989227294922,success
04AA313A9C4C80,3,"['Castelvecchio', 'Arena']",Casa Giulietta,"['Centro Fotografia', 'Sighseeing', 'Torre Lamberti', 'Museo Conte', 'Museo Radio']",Santa Anastasia,strategy_nearest,False,0.0031099319458007812,success
04AA2F3A9C4C80,3,"['Arena', 'Santa Anastasia', 'Casa Giulietta']",Torre Lamberti,"['Sighseeing', 'Centro Fotografia', 'Museo Conte', 'Palazzo della Ragione', 'AMO']",Castelvecchio,strategy_nearest,False,0.0034151077270507812,success
04AA3B3A9C4C80,1,"['Casa Giulietta', 'Palazzo della Ragione', 'Torre Lamberti']",Arena,"['Verona Tour', 'Museo Lapidario', 'Museo Radio', 'San Fermo', 'Sighseeing']",San Fermo,strategy_nearest,True,0.0024907588958740234,success
04AA39429C4C80,1,"['Arena', 'Castelvecchio']",Santa Anastasia,"['AMO', 'Museo Conte', 'Palazzo della Ragione', 'Teatro Romano', 'Centro Fotografia']",Palazzo della Ragione,strategy_nearest,True,0.0024118423461914062,success
04AA4C3A9C4C80,0,['Arena'],Casa Giulietta,"['Centro Fotografia', 'Sighseeing', 'Torre Lamberti', 'Museo Conte', 'Museo Radio']",Torre Lamberti,strategy_nearest,True,0.0025882720947265625,success
04AA3B4A9C4C80,0,['Arena'],Castelvecchio,"['Museo Lapidario', 'Verona Tour', 'Museo Radio', 'San Zeno', 'Sighseeing']",Casa Giulietta,strategy_nearest,False,0.0026502609252929688,success
04AA58429C4C80,3,"['Santa Anastasia', 'San Fermo']",Giardino Giusti,"['Teatro Romano', 'Museo Conte', 'Centro Fotografia', 'Museo Storia', 'AMO']",Arena,strategy_nearest,False,0.0024802684783935547,success
04AA55429C4C80,2,"['Tomba Giulietta', 'San Zeno', 'Giardino Giusti']",Teatro Romano,"['Santa Anastasia', 'Duomo', 'AMO', 'Palazzo della Ragione', 'Museo Conte']",Duomo,strategy_nearest,True,0.002856016159057617,success
04AA4F3A9C4C80,0,['Arena'],Torre Lamberti,"['Sighseeing', 'Centro Fotografia', 'Museo Conte', 'Casa Giulietta', 'Palazzo della Ragione']",Casa Giulietta,strategy_nearest,True,0.0036869049072265625,success
04AA6D429C4C80,0,"['Arena', 'Torre Lamberti']",Casa Giulietta,"['Centro Fotografia', 'Sighseeing', 'Museo Conte', 'Museo Radio', 'Palazzo della Ragione']",Castelvecchio,strategy_nearest,False,0.003134012222290039,success
04AA7B3A9C4C80,3,"['Arena', 'Torre Lamberti']",Santa Anastasia,"['AMO', 'Museo Conte', 'Palazzo della Ragione', 'Teatro Romano', 'Centro Fotografia']",Teatro Romano,strategy_nearest,True,0.0023000240325927734,success
04AA7A429C4C80,2,['Torre Lamberti'],Duomo,"['AMO', 'Museo Miniscalchi', 'Santa Anastasia', 'Teatro Romano', 'Palazzo della Ragione']",Teatro Romano,strategy_nearest,True,0.0026540756225585938,success
04AA77429C4C80,2,"['Torre Lamberti', 'Palazzo della Ragione']",Duomo,"['AMO', 'Museo Miniscalchi', 'Santa Anastasia', 'Teatro Romano', 'Museo Conte']",Teatro Romano,strategy_nearest,True,0.002043008804321289,success
04AA7A4A9C4C80,0,"['San Zeno', 'Castelvecchio']",Arena,"['Verona Tour', 'Museo Lapidario', 'Museo Radio', 'San Fermo', 'Casa Giulietta']",Casa Giulietta,strategy_nearest,True,0.00327301025390625,success
04AA834A9C4C80,3,"['Arena', 'Museo Lapidario']",Castelvecchio,"['Verona Tour', 'Museo Radio', 'San Zeno', 'Sighseeing', 'Museo Miniscalchi']",Torre Lamberti,strategy_nearest,False,0.0017859935760498047,success
04AA82429C4C80,0,['Casa Giulietta'],Arena,"['Verona Tour', 'Museo Lapidario', 'Museo Radio', 'San Fermo', 'Sighseeing']",Teatro Romano,strategy_nearest,False,0.0027539730072021484,success
04AA86429C4C80,3,"['Arena', 'Castelvecchio']",Duomo,"['AMO', 'Museo Miniscalchi', 'Santa Anastasia', 'Teatro Romano', 'Palazzo della Ragione']",San Fermo,strategy_nearest,False,0.0024869441986083984,success
04AA874A9C4C80,2,"['San Zeno', 'Torre Lamberti']",Casa Giulietta,"['Centro Fotografia', 'Sighseeing', 'Museo Conte', 'Museo Radio', 'Palazzo della Ragione']",Castelvecchio,strategy_nearest,False,0.003098726272583008,success
04AA8C3A9C4C80,3,"['Arena', 'Museo Lapidario', 'Castelvecchio']",Torre Lamberti,"['Sighseeing', 'Centro Fotografia', 'Museo Conte', 'Casa Giulietta', 'Palazzo della Ragione']",Santa Anastasia,strategy_nearest,False,0.0025420188903808594,success
04AA883A9C4C80,1,['Arena'],Palazzo della Ragione,"['AMO', 'Museo Conte', 'Torre Lamberti', 'Centro Fotografia', 'Sighseeing']",Torre Lamberti,strategy_nearest,True,0.003354787826538086,success
04AA8C4A9C4C80,2,"['San Fermo', 'Santa Anastasia']",Duomo,"['AMO', 'Museo Miniscalchi', 'Teatro Romano', 'Palazzo della Ragione', 'Museo Conte']",Casa Giulietta,strategy_nearest,False,0.0033419132232666016,success
04AA934A9C4C80,0,['Castelvecchio'],Arena,"['Verona Tour', 'Museo Lapidario', 'Museo Radio', 'San Fermo', 'Casa Giulietta']",Tomba Giulietta,strategy_nearest,False,0.002949237823486328,success
04AA9A429C4C80,3,"['Arena', 'Santa Anastasia']",Casa Giulietta,"['Centro Fotografia', 'Sighseeing', 'Torre Lamberti', 'Museo Conte', 'Museo Radio']",San Fermo,strategy_nearest,False,0.0023810863494873047,success
04AA9C429C4C80,3,['Arena'],San Fermo,"['Museo Storia', 'Museo Radio', 'Casa Giulietta', 'Centro Fotografia', 'Sighseeing']",Duomo,strategy_nearest,False,0.0030410289764404297,success
04AAA0429C4C80,2,"['Duomo', 'Santa Anastasia']",Teatro Romano,"['AMO', 'Palazzo della Ragione', 'Museo Conte', 'Centro Fotografia', 'Museo Miniscalchi']",Castelvecchio,strategy_nearest,False,0.0033330917358398438,success
04AA9E4A9C4C80,0,['Castelvecchio'],Arena,"['Verona Tour', 'Museo Lapidario', 'Museo Radio', 'San Fermo', 'Casa Giulietta']",Torre Lamberti,strategy_nearest,False,0.0026400089263916016,success
04AAA14A9C4C80,1,"['Castelvecchio', 'Arena']",Torre Lamberti,"['Sighseeing', 'Centro Fotografia', 'Museo Conte', 'Casa Giulietta', 'Palazzo della Ragione']",Palazzo della Ragione,strategy_nearest,True,0.0032079219818115234,success
04AAA74A9C4C80,3,"['Arena', 'Castelvecchio']",Casa Giulietta,"['Centro Fotografia', 'Sighseeing', 'Torre Lamberti', 'Museo Conte', 'Museo Radio']",Duomo,strategy_nearest,False,0.003442049026489258,success
04AAAB3A9C4C80,3,"['Arena', 'Castelvecchio']",Torre Lamberti,"['Sighseeing', 'Centro Fotografia', 'Museo Conte', 'Casa Giulietta', 'Palazzo della Ragione']",Casa Giulietta,strategy_nearest,True,0.0031249523162841797,success
04AAAC429C4C80,0,['Castelvecchio'],Casa Giulietta,"['Centro Fotografia', 'Sighseeing', 'Torre Lamberti', 'Museo Conte', 'Museo Radio']",Arena,strategy_nearest,False,0.002444028854370117,success
04AAAD3A9C4C80,1,"['Arena', 'Torre Lamberti', 'Palazzo della Ragione']",Casa Giulietta,"['Centro Fotografia', 'Sighseeing', 'Museo Conte', 'Museo Radio', 'San Fermo']",Museo Storia,strategy_nearest,False,0.002947092056274414,success
04AAAE3A9C4C80,2,"['San Zeno', 'Castelvecchio', 'Giardino Giusti']",Teatro Romano,"['Santa Anastasia', 'Duomo', 'AMO', 'Palazzo della Ragione', 'Museo Conte']",Santa Anastasia,strategy_nearest,True,0.002207040786743164,success
04AABF429C4C80,2,"['Casa Giulietta', 'Torre Lamberti']",Santa Anastasia,"['AMO', 'Museo Conte', 'Palazzo della Ragione', 'Teatro Romano', 'Centro Fotografia']",Teatro Romano,strategy_nearest,True,0.0020291805267333984,success
04AABA429C4C80,0,"['Castelvecchio', 'Arena']",Casa Giulietta,"['Centro Fotografia', 'Sighseeing', 'Torre Lamberti', 'Museo Conte', 'Museo Radio']",Torre Lamberti,strategy_nearest,True,0.0034172534942626953,success
04AABD3A9C4C80,3,['Arena'],Santa Anastasia,"['AMO', 'Museo Conte', 'Palazzo della Ragione', 'Teatro Romano', 'Centro Fotografia']",Teatro Romano,strategy_nearest,True,0.0034050941467285156,success
04AAC33A9C4C80,0,['Tomba Giulietta'],Arena,"['Verona Tour', 'Museo Lapidario', 'Museo Radio', 'San Fermo', 'Casa Giulietta']",Castelvecchio,strategy_nearest,False,0.0025680065155029297,success
04AACC3A9C4C80,0,"['Arena', 'Museo Lapidario']",Casa Giulietta,"['Centro Fotografia', 'Sighseeing', 'Torre Lamberti', 'Museo Conte', 'Museo Radio']",Torre Lamberti,strategy_nearest,True,0.00257110595703125,success
04AAD03A9C4C80,3,"['Castelvecchio', 'Arena']",Casa Giulietta,"['Centro Fotografia', 'Sighseeing', 'Torre Lamberti', 'Museo Conte', 'Museo Radio']",San Fermo,strategy_nearest,False,0.002624034881591797,success
04AAF03A9C4C80,3,['Arena'],Torre Lamberti,"['Sighseeing', 'Centro Fotografia', 'Museo Conte', 'Casa Giulietta', 'Palazzo della Ragione']",Santa Anastasia,strategy_nearest,False,0.0034148693084716797,success
04AAF0429C4C80,0,['Arena'],Casa Giulietta,"['Centro Fotografia', 'Sighseeing', 'Torre Lamberti', 'Museo Conte', 'Museo Radio']",Museo Storia,strategy_nearest,False,0.0022330284118652344,success
04AAF63A9C4C80,0,['Arena'],Teatro Romano,"['Santa Anastasia', 'Duomo', 'AMO', 'Palazzo della Ragione', 'Museo Conte']",Casa Giulietta,strategy_nearest,False,0.0033407211303710938,success
04AAFB429C4C80,3,"['Castelvecchio', 'San Zeno', 'Torre Lamberti', 'San Fermo']",Santa Anastasia,"['AMO', 'Museo Conte', 'Palazzo della Ragione', 'Teatro Romano', 'Centro Fotografia']",Duomo,strategy_nearest,False,0.002698183059692383,success
04AAFE3A9C4C80,3,"['Arena', 'San Fermo', 'Casa Giulietta']",Santa Anastasia,"['AMO', 'Museo Conte', 'Palazzo della Ragione', 'Teatro Romano', 'Centro Fotografia']",Teatro Romano,strategy_nearest,True,0.0030689239501953125,success
04AAFF3A9C4C80,1,['Arena'],Palazzo della Ragione,"['AMO', 'Museo Conte', 'Torre Lamberti', 'Centro Fotografia', 'Sighseeing']",Torre Lamberti,strategy_nearest,True,0.002972841262817383,success
04AB09429C4C80,1,"['Arena', 'Casa Giulietta']",Palazzo della Ragione,"['AMO', 'Museo Conte', 'Torre Lamberti', 'Centro Fotografia', 'Sighseeing']",Santa Anastasia,strategy_nearest,False,0.0033419132232666016,success
04AB02429C4C84,3,"['Torre Lamberti', 'Casa Giulietta']",Castelvecchio,"['Museo Lapidario', 'Verona Tour', 'Arena', 'Museo Radio', 'San Zeno']",Arena,strategy_nearest,True,0.0027179718017578125,success
04AB154A9C4C80,1,"['Castelvecchio', 'Santa Anastasia', 'Casa Giulietta']",Arena,"['Verona Tour', 'Museo Lapidario', 'Museo Radio', 'San Fermo', 'Sighseeing']",Torre Lamberti,strategy_nearest,False,0.003047943115234375,success
04AB0C429C4C80,1,"['Arena', 'Torre Lamberti', 'Palazzo della Ragione', 'Casa Giulietta', 'San Fermo', 'Museo Storia']",Tomba Giulietta,"['Museo Lapidario', 'Museo Radio', 'Verona Tour', 'Castelvecchio', 'Sighseeing']",Castelvecchio,strategy_nearest,True,0.0020270347595214844,success
04AB1E3A9C4C84,3,"['Arena', 'Torre Lamberti']",Santa Anastasia,"['AMO', 'Museo Conte', 'Palazzo della Ragione', 'Teatro Romano', 'Centro Fotografia']",Teatro Romano,strategy_nearest,True,0.0015490055084228516,success
04AB253A9C4C84,0,['Arena'],Teatro Romano,"['Santa Anastasia', 'Duomo', 'AMO', 'Palazzo della Ragione', 'Museo Conte']",Casa Giulietta,strategy_nearest,False,0.003284931182861328,success
04AB16429C4C84,0,['Duomo'],Torre Lamberti,"['Sighseeing', 'Centro Fotografia', 'Museo Conte', 'Casa Giulietta', 'Palazzo della Ragione']",Arena,strategy_nearest,False,0.0027420520782470703,success
04AB2B429C4C80,0,['Arena'],Casa Giulietta,"['Centro Fotografia', 'Sighseeing', 'Torre Lamberti', 'Museo Conte', 'Museo Radio']",Tomba Giulietta,strategy_nearest,False,0.0025517940521240234,success
04AB3E3A9C4C80,2,"['Casa Giulietta', 'Torre Lamberti']",Castelvecchio,"['Museo Lapidario', 'Verona Tour', 'Arena', 'Museo Radio', 'San Zeno']",Santa Anastasia,strategy_nearest,False,0.0013990402221679688,success
04AB34429C4C80,2,"['Casa Giulietta', 'San Fermo']",Santa Anastasia,"['AMO', 'Museo Conte', 'Palazzo della Ragione', 'Teatro Romano', 'Centro Fotografia']",Duomo,strategy_nearest,False,0.002802133560180664,success
04AB3D4A9C4C80,1,"['Arena', 'Castelvecchio']",Duomo,"['AMO', 'Museo Miniscalchi', 'Santa Anastasia', 'Teatro Romano', 'Palazzo della Ragione']",Casa Giulietta,strategy_nearest,False,0.0021152496337890625,success
04AB4D429C4C80,3,"['Arena', 'San Fermo']",Santa Anastasia,"['AMO', 'Museo Conte', 'Palazzo della Ragione', 'Teatro Romano', 'Centro Fotografia']",Castelvecchio,strategy_nearest,False,0.0032911300659179688,success
04AB523A9C4C80,3,"['Casa Giulietta', 'Duomo']",Santa Anastasia,"['AMO', 'Museo Conte', 'Palazzo della Ragione', 'Teatro Romano', 'Centro Fotografia']",Torre Lamberti,strategy_nearest,False,0.002607107162475586,success
04AB5D3A9C4C80,3,"['Castelvecchio', 'Duomo', 'Teatro Romano', 'San Fermo']",Santa Anastasia,"['AMO', 'Museo Conte', 'Palazzo della Ragione', 'Centro Fotografia', 'Torre Lamberti']",Torre Lamberti,strategy_nearest,True,0.002463817596435547,success
04AB563A9C4C80,0,['Arena'],Casa Giulietta,"['Centro Fotografia', 'Sighseeing', 'Torre Lamberti', 'Museo Conte', 'Museo Radio']",Torre Lamberti,strategy_nearest,True,0.002477884292602539,success
04AB623A9C4C80,2,"['Teatro Romano', 'San Fermo', 'Torre Lamberti', 'Palazzo della Ragione']",Casa Giulietta,"['Centro Fotografia', 'Sighseeing', 'Museo Conte', 'Museo Radio', 'AMO']",Museo Lapidario,strategy_nearest,False,0.0031690597534179688,success
04AB7C3A9C4C80,0,['Arena'],Castelvecchio,"['Museo Lapidario', 'Verona Tour', 'Museo Radio', 'San Zeno', 'Sighseeing']",Casa Giulietta,strategy_nearest,False,0.0019550323486328125,success
04AB7A429C4C80,0,['Arena'],Castelvecchio,"['Museo Lapidario', 'Verona Tour', 'Museo Radio', 'San Zeno', 'Sighseeing']",Torre Lamberti,strategy_nearest,False,0.002637147903442383,success
04AB6C3A9C4C80,3,"['Teatro Romano', 'Santa Anastasia']",Torre Lamberti,"['Sighseeing', 'Centro Fotografia', 'Museo Conte', 'Casa Giulietta', 'Palazzo della Ragione']",Arena,strategy_nearest,False,0.002125978469848633,success
04AB794A9C4C80,0,"['Arena', 'Castelvecchio']",Torre Lamberti,"['Sighseeing', 'Centro Fotografia', 'Museo Conte', 'Casa Giulietta', 'Palazzo della Ragione']",Casa Giulietta,strategy_nearest,True,0.0033288002014160156,success
04AB80429C4C80,2,['Casa Giulietta'],Torre Lamberti,"['Sighseeing', 'Centro Fotografia', 'Museo Conte', 'Palazzo della Ragione', 'AMO']",Tomba Giulietta,strategy_nearest,False,0.0015308856964111328,success
04AB7C4A9C4C80,3,"['Castelvecchio', 'Duomo', 'Teatro Romano']",Arena,"['Verona Tour', 'Museo Lapidario', 'Museo Radio', 'San Fermo', 'Casa Giulietta']",Museo Lapidario,strategy_nearest,True,0.004014730453491211,success
04AB824A9C4C80,3,['Santa Anastasia'],Arena,"['Verona Tour', 'Museo Lapidario', 'Museo Radio', 'San Fermo', 'Casa Giulietta']",Duomo,strategy_nearest,False,0.002032041549682617,success
04AB7F429C4C80,3,"['Arena', 'Casa Giulietta']",Torre Lamberti,"['Sighseeing', 'Centro Fotografia', 'Museo Conte', 'Palazzo della Ragione', 'AMO']",Santa Anastasia,strategy_nearest,False,0.00412297248840332,success
04AB83429C4C80,2,['Casa Giulietta'],Torre Lamberti,"['Sighseeing', 'Centro Fotografia', 'Museo Conte', 'Palazzo della Ragione', 'AMO']",Duomo,strategy_nearest,False,0.0027670860290527344,success
04AB834A9C4C80,2,['Santa Anastasia'],Duomo,"['AMO', 'Museo Miniscalchi', 'Teatro Romano', 'Palazzo della Ragione', 'Museo Conte']",Torre Lamberti,strategy_nearest,False,0.00339508056640625,success
04AB84429C4C80,1,"['Arena', 'Casa Giulietta', 'Santa Anastasia']",Duomo,"['AMO', 'Museo Miniscalchi', 'Teatro Romano', 'Palazzo della Ragione', 'Museo Conte']",Torre Lamberti,strategy_nearest,False,0.0027000904083251953,success
04AB85429C4C80,0,"['Arena', 'Castelvecchio']",Torre Lamberti,"['Sighseeing', 'Centro Fotografia', 'Museo Conte', 'Casa Giulietta', 'Palazzo della Ragione']",Casa Giulietta,strategy_nearest,True,0.003194093704223633,success
04AB8A4A9C4C80,2,['Museo Lapidario'],Casa Giulietta,"['Centro Fotografia', 'Sighseeing', 'Torre Lamberti', 'Museo Conte', 'Museo Radio']",Santa Anastasia,strategy_nearest,False,0.0015790462493896484,success
04AB8D4A9C4C80,3,"['Teatro Romano', 'Giardino Giusti']",San Fermo,"['Museo Storia', 'Museo Radio', 'Casa Giulietta', 'Centro Fotografia', 'Arena']",Torre Lamberti,strategy_nearest,False,0.0021321773529052734,success
04AB8F429C4C80,3,['Arena'],Torre Lamberti,"['Sighseeing', 'Centro Fotografia', 'Museo Conte', 'Casa Giulietta', 'Palazzo della Ragione']",Santa Anastasia,strategy_nearest,False,0.0025720596313476562,success
04AB854A9C4C80,3,['Arena'],Santa Anastasia,"['AMO', 'Museo Conte', 'Palazzo della Ragione', 'Teatro Romano', 'Centro Fotografia']",Duomo,strategy_nearest,False,0.00463104248046875,success
04AB8F4A9C4C80,3,"['Arena', 'San Fermo']",Santa Anastasia,"['AMO', 'Museo Conte', 'Palazzo della Ragione', 'Teatro Romano', 'Centro Fotografia']",Duomo,strategy_nearest,False,0.00197601318359375,success
04AB99429C4C80,0,['Arena'],Santa Anastasia,"['AMO', 'Museo Conte', 'Palazzo della Ragione', 'Teatro Romano', 'Centro Fotografia']",Castelvecchio,strategy_nearest,False,0.0025451183319091797,success
04AB9D4A9C4C80,0,['Arena'],Casa Giulietta,"['Centro Fotografia', 'Sighseeing', 'Torre Lamberti', 'Museo Conte', 'Museo Radio']",Teatro Romano,strategy_nearest,False,0.003270864486694336,success
04AB9D429C4C80,1,"['Torre Lamberti', 'Palazzo della Ragione', 'Arena']",Casa Giulietta,"['Centro Fotografia', 'Sighseeing', 'Museo Conte', 'Museo Radio', 'San Fermo']",San Fermo,strategy_nearest,True,0.002748250961303711,success
04AB9E429C4C80,3,"['Castelvecchio', 'Casa Giulietta']",Santa Anastasia,"['AMO', 'Museo Conte', 'Palazzo della Ragione', 'Teatro Romano', 'Centro Fotografia']",Duomo,strategy_nearest,False,0.0021419525146484375,success
04ABA14A9C4C80,3,"['Tomba Giulietta', 'Arena', 'Castelvecchio']",San Zeno,"['Verona Tour', 'Museo Lapidario', 'Museo Miniscalchi', 'Sighseeing', 'Museo Radio']",Torre Lamberti,strategy_nearest,False,0.002931833267211914,success
04ABA84A9C4C80,3,"['Arena', 'Torre Lamberti']",Santa Anastasia,"['AMO', 'Museo Conte', 'Palazzo della Ragione', 'Teatro Romano', 'Centro Fotografia']",Duomo,strategy_nearest,False,0.0024919509887695312,success
04ABA63A9C4C80,2,"['Casa Giulietta', 'Santa Anastasia', 'Torre Lamberti']",Palazzo della Ragione,"['AMO', 'Museo Conte', 'Centro Fotografia', 'Sighseeing', 'Museo Miniscalchi']",Castelvecchio,strategy_nearest,False,0.0032591819763183594,success
04ABB1429C4C80,1,"['Arena', 'Torre Lamberti']",Palazzo della Ragione,"['AMO', 'Museo Conte', 'Centro Fotografia', 'Sighseeing', 'Santa Anastasia']",Casa Giulietta,strategy_nearest,False,0.002360105514526367,success
04ABB3429C4C80,3,['Torre Lamberti'],Santa Anastasia,"['AMO', 'Museo Conte', 'Palazzo della Ragione', 'Teatro Romano', 'Centro Fotografia']",San Zeno,strategy_nearest,False,0.003164052963256836,success
04ABBB429C4C80,2,"['Casa Giulietta', 'Torre Lamberti']",Castelvecchio,"['Museo Lapidario', 'Verona Tour', 'Arena', 'Museo Radio', 'San Zeno']",Tomba Giulietta,strategy_nearest,False,0.0023779869079589844,success
04ABC63A9C4C80,0,['Arena'],Castelvecchio,"['Museo Lapidario', 'Verona Tour', 'Museo Radio', 'San Zeno', 'Sighseeing']",Casa Giulietta,strategy_nearest,False,0.002736806869506836,success
04ABD3429C4C80,2,"['Casa Giulietta', 'Torre Lamberti']",Duomo,"['AMO', 'Museo Miniscalchi', 'Santa Anastasia', 'Teatro Romano', 'Palazzo della Ragione']",Teatro Romano,strategy_nearest,True,0.0031118392944335938,success
04ABD63A9C4C80,2,"['Castelvecchio', 'Torre Lamberti']",Casa Giulietta,"['Centro Fotografia', 'Sighseeing', 'Museo Conte', 'Museo Radio', 'Palazzo della Ragione']",Tomba Giulietta,strategy_nearest,False,0.003198862075805664,success
04ABDF429C4C80,3,"['Arena', 'Santa Anastasia', 'Duomo']",San Zeno,"['Castelvecchio', 'Verona Tour', 'Museo Lapidario', 'Museo Miniscalchi', 'Sighseeing']",Castelvecchio,strategy_nearest,True,0.0031311511993408203,success
04ABE93A9C4C80,3,['Arena'],Casa Giulietta,"['Centro Fotografia', 'Sighseeing', 'Torre Lamberti', 'Museo Conte', 'Museo Radio']",Santa Anastasia,strategy_nearest,False,0.002207040786743164,success
04ABFB3A9C4C80,0,['Arena'],Casa Giulietta,"['Centro Fotografia', 'Sighseeing', 'Torre Lamberti', 'Museo Conte', 'Museo Radio']",Castelvecchio,strategy_nearest,False,0.0024919509887695312,success
04ABF73A9C4C80,3,['Arena'],Casa Giulietta,"['Centro Fotografia', 'Sighseeing', 'Torre Lamberti', 'Museo Conte', 'Museo Radio']",Santa Anastasia,strategy_nearest,False,0.0034360885620117188,success
04AC013A9C4C84,0,['Arena'],Museo Lapidario,"['Verona Tour', 'Castelvecchio', 'Museo Radio', 'San Fermo', 'Casa Giulietta']",Castelvecchio,strategy_nearest,True,0.002338886260986328,success
04ABFF3A9C4C80,0,['Arena'],Casa Giulietta,"['Centro Fotografia', 'Sighseeing', 'Torre Lamberti', 'Museo Conte', 'Museo Radio']",Teatro Romano,strategy_nearest,False,0.003159761428833008,success
04AC124A9C4C80,0,['Teatro Romano'],Arena,"['Verona Tour', 'Museo Lapidario', 'Museo Radio', 'San Fermo', 'Casa Giulietta']",Castelvecchio,strategy_nearest,False,0.0023949146270751953,success
04AC123A9C4C84,3,"['Arena', 'Castelvecchio']",Torre Lamberti,"['Sighseeing', 'Centro Fotografia', 'Museo Conte', 'Casa Giulietta', 'Palazzo della Ragione']",Santa Anastasia,strategy_nearest,False,0.003874063491821289,success
04AC17429C4C84,2,"['San Zeno', 'Castelvecchio']",Torre Lamberti,"['Sighseeing', 'Centro Fotografia', 'Museo Conte', 'Casa Giulietta', 'Palazzo della Ragione']",Santa Anastasia,strategy_nearest,False,0.002151012420654297,success
04AC183A9C4C80,1,"['Arena', 'San Fermo', 'Museo Storia', 'Casa Giulietta']",Tomba Giulietta,"['Museo Lapidario', 'Museo Radio', 'Verona Tour', 'Castelvecchio', 'Sighseeing']",Teatro Romano,strategy_nearest,False,0.0025742053985595703,success
04AC1D429C4C80,3,"['Castelvecchio', 'Arena', 'Casa Giulietta', 'Torre Lamberti']",Museo Lapidario,"['Verona Tour', 'Museo Radio', 'San Fermo', 'Tomba Giulietta', 'Sighseeing']",Tomba Giulietta,strategy_nearest,True,0.0031418800354003906,success
04AC223A9C4C80,3,"['Torre Lamberti', 'Duomo']",Teatro Romano,"['Santa Anastasia', 'AMO', 'Palazzo della Ragione', 'Museo Conte', 'Centro Fotografia']",Arena,strategy_nearest,False,0.002393960952758789,success
04AC1F3A9C4C84,0,"['Arena', 'Torre Lamberti']",Casa Giulietta,"['Centro Fotografia', 'Sighseeing', 'Museo Conte', 'Museo Radio', 'Palazzo della Ragione']",Duomo,strategy_nearest,False,0.003244161605834961,success
04AC24429C4C84,0,['Arena'],Castelvecchio,"['Museo Lapidario', 'Verona Tour', 'Museo Radio', 'San Zeno', 'Sighseeing']",Casa Giulietta,strategy_nearest,False,0.004284858703613281,success
04AC2E4A9C4C80,0,['Arena'],Duomo,"['AMO', 'Museo Miniscalchi', 'Santa Anastasia', 'Teatro Romano', 'Palazzo della Ragione']",Teatro Romano,strategy_nearest,True,0.002560853958129883,success
04AC36429C4C80,3,"['San Fermo', 'Teatro Romano', 'Santa Anastasia']",Arena,"['Verona Tour', 'Museo Lapidario', 'Museo Radio', 'Casa Giulietta', 'Sighseeing']",Castelvecchio,strategy_nearest,False,0.0030517578125,success
04AC304A9C4C80,1,"['Castelvecchio', 'Casa Giulietta', 'Arena']",Tomba Giulietta,"['San Fermo', 'Museo Storia', 'Museo Lapidario', 'Museo Radio', 'Verona Tour']",Teatro Romano,strategy_nearest,False,0.0034301280975341797,success
04AC37429C4C80,3,"['Arena', 'Casa Giulietta']",San Fermo,"['Museo Storia', 'Museo Radio', 'Centro Fotografia', 'Sighseeing', 'Torre Lamberti']",Torre Lamberti,strategy_nearest,True,0.003906726837158203,success
04AC39429C4C80,0,['San Zeno'],Teatro Romano,"['Santa Anastasia', 'Duomo', 'AMO', 'Palazzo della Ragione', 'Museo Conte']",Castelvecchio,strategy_nearest,False,0.0019321441650390625,success
04AC4F3A9C4C80,0,['Arena'],Casa Giulietta,"['Centro Fotografia', 'Sighseeing', 'Torre Lamberti', 'Museo Conte', 'Museo Radio']",Torre Lamberti,strategy_nearest,True,0.001313924789428711,success
04AC633A9C4C80,3,"['Castelvecchio', 'Santa Anastasia']",Teatro Romano,"['Duomo', 'AMO', 'Palazzo della Ragione', 'Museo Conte', 'Centro Fotografia']",Arena,strategy_nearest,False,0.0024819374084472656,success
04AC553A9C4C80,0,['Arena'],Casa Giulietta,"['Centro Fotografia', 'Sighseeing', 'Torre Lamberti', 'Museo Conte', 'Museo Radio']",Torre Lamberti,strategy_nearest,True,0.0032880306243896484,success
04AC5E3A9C4C80,2,['Castelvecchio'],Casa Giulietta,"['Centro Fotografia', 'Sighseeing', 'Torre Lamberti', 'Museo Conte', 'Museo Radio']",Giardino Giusti,strategy_nearest,False,0.0018851757049560547,success
04AC663A9C4C80,1,['Arena'],Teatro Romano,"['Santa Anastasia', 'Duomo', 'AMO', 'Palazzo della Ragione', 'Museo Conte']",Palazzo della Ragione,strategy_nearest,True,0.002527952194213867,success
04AC6C429C4C80,1,"['Tomba Giulietta', 'Arena']",Palazzo della Ragione,"['AMO', 'Museo Conte', 'Torre Lamberti', 'Centro Fotografia', 'Sighseeing']",Torre Lamberti,strategy_nearest,True,0.0020661354064941406,success
04AC7D429C4C80,2,['San Fermo'],Santa Anastasia,"['AMO', 'Museo Conte', 'Palazzo della Ragione', 'Teatro Romano', 'Centro Fotografia']",Castelvecchio,strategy_nearest,False,0.0028810501098632812,success
04AC7F3A9C4C80,3,['Arena'],Torre Lamberti,"['Sighseeing', 'Centro Fotografia', 'Museo Conte', 'Casa Giulietta', 'Palazzo della Ragione']",Santa Anastasia,strategy_nearest,False,0.003111124038696289,success
04AC81429C4C80,2,['Torre Lamberti'],Santa Anastasia,"['AMO', 'Museo Conte', 'Palazzo della Ragione', 'Teatro Romano', 'Centro Fotografia']",Teatro Romano,strategy_nearest,True,0.0029261112213134766,success
04AC84429C4C80,3,"['Arena', 'Castelvecchio']",Duomo,"['AMO', 'Museo Miniscalchi', 'Santa Anastasia', 'Teatro Romano', 'Palazzo della Ragione']",San Fermo,strategy_nearest,False,0.002980947494506836,success
04AC85429C4C80,3,"['Arena', 'Torre Lamberti']",Casa Giulietta,"['Centro Fotografia', 'Sighseeing', 'Museo Conte', 'Museo Radio', 'Palazzo della Ragione']",Santa Anastasia,strategy_nearest,False,0.002282857894897461,success
04AC893A9C4C80,3,['Teatro Romano'],Santa Anastasia,"['AMO', 'Museo Conte', 'Palazzo della Ragione', 'Centro Fotografia', 'Duomo']",Arena,strategy_nearest,False,0.003442049026489258,success
04AC89429C4C80,1,"['Castelvecchio', 'Teatro Romano', 'Duomo', 'Santa Anastasia']",Casa Giulietta,"['Centro Fotografia', 'Sighseeing', 'Torre Lamberti', 'Museo Conte', 'Museo Radio']",Torre Lamberti,strategy_nearest,True,0.0026438236236572266,success
04AC91429C4C80,3,"['Arena', 'Castelvecchio', 'Duomo']",Teatro Romano,"['Santa Anastasia', 'AMO', 'Palazzo della Ragione', 'Museo Conte', 'Centro Fotografia']",Museo Storia,strategy_nearest,False,0.001968860626220703,success
04AC934A9C4C80,0,['Casa Giulietta'],Torre Lamberti,"['Sighseeing', 'Centro Fotografia', 'Museo Conte', 'Palazzo della Ragione', 'AMO']",Arena,strategy_nearest,False,0.0034699440002441406,success
04AC944A9C4C80,1,"['Casa Giulietta', 'Torre Lamberti']",Palazzo della Ragione,"['AMO', 'Museo Conte', 'Centro Fotografia', 'Sighseeing', 'Santa Anastasia']",Arena,strategy_nearest,False,0.0028009414672851562,success
04AC924A9C4C80,0,"['Arena', 'Castelvecchio']",Teatro Romano,"['Santa Anastasia', 'Duomo', 'AMO', 'Palazzo della Ragione', 'Museo Conte']",Casa Giulietta,strategy_nearest,False,0.0030100345611572266,success
04ACA54A9C4C80,3,"['Arena', 'Casa Giulietta']",Torre Lamberti,"['Sighseeing', 'Centro Fotografia', 'Museo Conte', 'Palazzo della Ragione', 'AMO']",Santa Anastasia,strategy_nearest,False,0.001997232437133789,success
04AC9B4A9C4C80,3,"['Arena', 'Santa Anastasia']",Duomo,"['AMO', 'Museo Miniscalchi', 'Teatro Romano', 'Palazzo della Ragione', 'Museo Conte']",Casa Giulietta,strategy_nearest,False,0.0028269290924072266,success
04AC9D4A9C4C80,0,['Torre Lamberti'],Arena,"['Verona Tour', 'Museo Lapidario', 'Museo Radio', 'San Fermo', 'Casa Giulietta']",Duomo,strategy_nearest,False,0.001577138900756836,success
04AC994A9C4C80,0,['Arena'],Torre Lamberti,"['Sighseeing', 'Centro Fotografia', 'Museo Conte', 'Casa Giulietta', 'Palazzo della Ragione']",Casa Giulietta,strategy_nearest,True,0.003493070602416992,success
04ACA7429C4C80,0,['Arena'],Casa Giulietta,"['Centro Fotografia', 'Sighseeing', 'Torre Lamberti', 'Museo Conte', 'Museo Radio']",Torre Lamberti,strategy_nearest,True,0.003389120101928711,success
04ACAC3A9C4C80,0,['Arena'],Torre Lamberti,"['Sighseeing', 'Centro Fotografia', 'Museo Conte', 'Casa Giulietta', 'Palazzo della Ragione']",Teatro Romano,strategy_nearest,False,0.002682924270629883,success
04ACA94A9C4C80,0,['Arena'],Casa Giulietta,"['Centro Fotografia', 'Sighseeing', 'Torre Lamberti', 'Museo Conte', 'Museo Radio']",Teatro Romano,strategy_nearest,False,0.0021550655364990234,success
04ACAD429C4C80,0,['Arena'],Casa Giulietta,"['Centro Fotografia', 'Sighseeing', 'Torre Lamberti', 'Museo Conte', 'Museo Radio']",Torre Lamberti,strategy_nearest,True,0.003325939178466797,success
04ACCA3A9C4C80,3,"['Castelvecchio', 'Arena', 'Casa Giulietta']",Santa Anastasia,"['AMO', 'Museo Conte', 'Palazzo della Ragione', 'Teatro Romano', 'Centro Fotografia']",Duomo,strategy_nearest,False,0.0019083023071289062,success
04ACBB3A9C4C80,3,"['Arena', 'Casa Giulietta']",Torre Lamberti,"['Sighseeing', 'Centro Fotografia', 'Museo Conte', 'Palazzo della Ragione', 'AMO']",Santa Anastasia,strategy_nearest,False,0.0022771358489990234,success
04ACC63A9C4C80,0,"['Arena', 'Tomba Giulietta']",Teatro Romano,"['Santa Anastasia', 'Duomo', 'AMO', 'Palazzo della Ragione', 'Museo Conte']",Duomo,strategy_nearest,True,0.003326892852783203,success
04ACD33A9C4C80,4,"['Castelvecchio', 'Torre Lamberti', 'Teatro Romano']",Museo Radio,"['Casa Giulietta', 'San Fermo', 'Arena', 'Sighseeing', 'Centro Fotografia']",Arena,strategy_nearest,True,0.0024259090423583984,success
04ACF7429C4C80,0,['Castelvecchio'],Casa Giulietta,"['Centro Fotografia', 'Sighseeing', 'Torre Lamberti', 'Museo Conte', 'Museo Radio']",Arena,strategy_nearest,False,0.0017101764678955078,success
04ACDA3A9C4C80,3,"['Casa Giulietta', 'Arena', 'Tomba Giulietta']",Torre Lamberti,"['Sighseeing', 'Centro Fotografia', 'Museo Conte', 'Palazzo della Ragione', 'AMO']",Castelvecchio,strategy_nearest,False,0.0023670196533203125,success
04ACFD3A9C4C80,3,"['Arena', 'Casa Giulietta', 'Torre Lamberti']",Santa Anastasia,"['AMO', 'Museo Conte', 'Palazzo della Ragione', 'Teatro Romano', 'Centro Fotografia']",Duomo,strategy_nearest,False,0.0032813549041748047,success
04AD06429C4C84,0,"['San Zeno', 'Arena']",Museo Lapidario,"['Verona Tour', 'Castelvecchio', 'Museo Radio', 'San Fermo', 'Casa Giulietta']",Castelvecchio,strategy_nearest,True,0.0018172264099121094,success
04AD09429C4C84,3,"['Casa Giulietta', 'Torre Lamberti', 'Teatro Romano']",Duomo,"['AMO', 'Museo Miniscalchi', 'Santa Anastasia', 'Palazzo della Ragione', 'Museo Conte']",Arena,strategy_nearest,False,0.0026810169219970703,success
04AD0E3A9C4C80,0,"['Arena', 'Casa Giulietta']",San Fermo,"['Museo Storia', 'Museo Radio', 'Centro Fotografia', 'Sighseeing', 'Torre Lamberti']",Duomo,strategy_nearest,False,0.003241300582885742,success
04AD0F429C4C84,3,"['Arena', 'Castelvecchio']",Duomo,"['AMO', 'Museo Miniscalchi', 'Santa Anastasia', 'Teatro Romano', 'Palazzo della Ragione']",Santa Anastasia,strategy_nearest,True,0.0031969547271728516,success
04AD1B429C4C84,0,['Arena'],Casa Giulietta,"['Centro Fotografia', 'Sighseeing', 'Torre Lamberti', 'Museo Conte', 'Museo Radio']",Torre Lamberti,strategy_nearest,True,0.0017511844635009766,success
04AD143A9C4C80,2,['Casa Giulietta'],Santa Anastasia,"['AMO', 'Museo Conte', 'Palazzo della Ragione', 'Teatro Romano', 'Centro Fotografia']",Duomo,strategy_nearest,False,0.004036903381347656,success
04AD2A4A9C4C80,0,"['Arena', 'Teatro Romano']",Duomo,"['AMO', 'Museo Miniscalchi', 'Santa Anastasia', 'Palazzo della Ragione', 'Museo Conte']",Casa Giulietta,strategy_nearest,False,0.0031659603118896484,success
04AD2D429C4C80,0,"['Arena', 'San Fermo']",Casa Giulietta,"['Centro Fotografia', 'Sighseeing', 'Torre Lamberti', 'Museo Conte', 'Museo Radio']",Casa Giulietta,strategy_nearest,False,0.003020048141479492,success
04AD2E4A9C4C80,0,['Castelvecchio'],Torre Lamberti,"['Sighseeing', 'Centro Fotografia', 'Museo Conte', 'Casa Giulietta', 'Palazzo della Ragione']",Arena,strategy_nearest,False,0.0037848949432373047,success
04AD2F429C4C80,3,"['Arena', 'Casa Giulietta']",Santa Anastasia,"['AMO', 'Museo Conte', 'Palazzo della Ragione', 'Teatro Romano', 'Centro Fotografia']",Duomo,strategy_nearest,False,0.0017590522766113281,success
04AD37429C4C80,0,['Arena'],Casa Giulietta,"['Centro Fotografia', 'Sighseeing', 'Torre Lamberti', 'Museo Conte', 'Museo Radio']",Castelvecchio,strategy_nearest,False,0.0030808448791503906,success
04AD383A9C4C80,2,"['Torre Lamberti', 'Casa Giulietta', 'San Fermo']",Santa Anastasia,"['AMO', 'Museo Conte', 'Palazzo della Ragione', 'Teatro Romano', 'Centro Fotografia']",Tomba Giulietta,strategy_nearest,False,0.002988100051879883,success
04AD4B3A9C4C80,3,"['Arena', 'Museo Lapidario']",Duomo,"['AMO', 'Museo Miniscalchi', 'Santa Anastasia', 'Teatro Romano', 'Palazzo della Ragione']",Santa Anastasia,strategy_nearest,True,0.003348827362060547,success
04AD57429C4C80,1,"['Torre Lamberti', 'Palazzo della Ragione', 'Casa Giulietta']",Arena,"['Verona Tour', 'Museo Lapidario', 'Museo Radio', 'San Fermo', 'Sighseeing']",Teatro Romano,strategy_nearest,False,0.00321197509765625,success
04AD513A9C4C80,3,"['Arena', 'Torre Lamberti']",Santa Anastasia,"['AMO', 'Museo Conte', 'Palazzo della Ragione', 'Teatro Romano', 'Centro Fotografia']",Casa Giulietta,strategy_nearest,False,0.0019867420196533203,success
04AD5D3A9C4C80,2,"['Santa Anastasia', 'San Zeno']",Castelvecchio,"['Museo Lapidario', 'Verona Tour', 'Arena', 'Museo Radio', 'Sighseeing']",Duomo,strategy_nearest,False,0.0029938220977783203,success
04AD5F429C4C80,3,"['Castelvecchio', 'Arena']",Museo Lapidario,"['Verona Tour', 'Museo Radio', 'San Fermo', 'Casa Giulietta', 'Tomba Giulietta']",San Fermo,strategy_nearest,True,0.002170085906982422,success
04AD6B429C4C80,0,['Castelvecchio'],Arena,"['Verona Tour', 'Museo Lapidario', 'Museo Radio', 'San Fermo', 'Casa Giulietta']",Torre Lamberti,strategy_nearest,False,0.002382040023803711,success
04AD71429C4C80,3,"['Arena', 'Castelvecchio']",Santa Anastasia,"['AMO', 'Museo Conte', 'Palazzo della Ragione', 'Teatro Romano', 'Centro Fotografia']",Torre Lamberti,strategy_nearest,False,0.0023641586303710938,success
04AD7A429C4C80,2,['Casa Giulietta'],Torre Lamberti,"['Sighseeing', 'Centro Fotografia', 'Museo Conte', 'Palazzo della Ragione', 'AMO']",Santa Anastasia,strategy_nearest,False,0.0030889511108398438,success
04AD7ABA7B3F80,3,"['Arena', 'Castelvecchio', 'Casa Giulietta', 'Torre Lamberti', 'San Fermo']",Tomba Giulietta,"['Museo Storia', 'Museo Lapidario', 'Museo Radio', 'Verona Tour', 'Sighseeing']",San Zeno,strategy_nearest,False,0.002206087112426758,success
04AD73429C4C80,0,['Arena'],Casa Giulietta,"['Centro Fotografia', 'Sighseeing', 'Torre Lamberti', 'Museo Conte', 'Museo Radio']",Torre Lamberti,strategy_nearest,True,0.0025358200073242188,success
04AD824A9C4C80,0,"['San Fermo', 'Casa Giulietta']",Castelvecchio,"['Museo Lapidario', 'Verona Tour', 'Arena', 'Museo Radio', 'San Zeno']",Arena,strategy_nearest,True,0.0016369819641113281,success
04AD84429C4C80,1,"['Arena', 'Casa Giulietta']",Teatro Romano,"['Santa Anastasia', 'Duomo', 'AMO', 'Palazzo della Ragione', 'Museo Conte']",Castelvecchio,strategy_nearest,False,0.002629995346069336,success
04AD82429C4C80,3,"['Arena', 'San Fermo']",Casa Giulietta,"['Centro Fotografia', 'Sighseeing', 'Torre Lamberti', 'Museo Conte', 'Museo Radio']",Santa Anastasia,strategy_nearest,False,0.0027971267700195312,success
04AD85429C4C80,3,['Arena'],Torre Lamberti,"['Sighseeing', 'Centro Fotografia', 'Museo Conte', 'Casa Giulietta', 'Palazzo della Ragione']",Duomo,strategy_nearest,False,0.0032999515533447266,success
04AD86BA7B3F80,3,"['Arena', 'Castelvecchio', 'Casa Giulietta', 'Torre Lamberti', 'San Fermo']",Tomba Giulietta,"['Museo Storia', 'Museo Lapidario', 'Museo Radio', 'Verona Tour', 'Sighseeing']",San Zeno,strategy_nearest,False,0.003994941711425781,success
04AD8E4A9C4C80,0,['Arena'],Castelvecchio,"['Museo Lapidario', 'Verona Tour', 'Museo Radio', 'San Zeno', 'Sighseeing']",Casa Giulietta,strategy_nearest,False,0.0021598339080810547,success
04AD93429C4C80,0,['Teatro Romano'],Castelvecchio,"['Museo Lapidario', 'Verona Tour', 'Arena', 'Museo Radio', 'San Zeno']",Arena,strategy_nearest,True,0.003271341323852539,success
04AD9B4A9C4C80,3,"['San Zeno', 'Castelvecchio']",Arena,"['Verona Tour', 'Museo Lapidario', 'Museo Radio', 'San Fermo', 'Casa Giulietta']",Casa Giulietta,strategy_nearest,True,0.002610921859741211,success
04AD9E429C4C80,3,"['San Zeno', 'Duomo']",Santa Anastasia,"['AMO', 'Museo Conte', 'Palazzo della Ragione', 'Teatro Romano', 'Centro Fotografia']",Torre Lamberti,strategy_nearest,False,0.002841949462890625,success
04ADA0429C4C80,3,"['Castelvecchio', 'Arena']",Torre Lamberti,"['Sighseeing', 'Centro Fotografia', 'Museo Conte', 'Casa Giulietta', 'Palazzo della Ragione']",Casa Giulietta,strategy_nearest,True,0.0014829635620117188,success
04ADA24A9C4C80,3,"['Casa Giulietta', 'San Fermo']",Castelvecchio,"['Museo Lapidario', 'Verona Tour', 'Arena', 'Museo Radio', 'San Zeno']",Santa Anastasia,strategy_nearest,False,0.0032711029052734375,success
04ADA14A9C4C80,1,"['Palazzo della Ragione', 'Torre Lamberti', 'Casa Giulietta']",Castelvecchio,"['Museo Lapidario', 'Verona Tour', 'Arena', 'Museo Radio', 'San Zeno']",Duomo,strategy_nearest,False,0.0028388500213623047,success
04ADA84A9C4C80,3,"['Arena', 'Casa Giulietta']",Torre Lamberti,"['Sighseeing', 'Centro Fotografia', 'Museo Conte', 'Palazzo della Ragione', 'AMO']",Santa Anastasia,strategy_nearest,False,0.0021600723266601562,success
04ADA6429C4C80,3,['Torre Lamberti'],Santa Anastasia,"['AMO', 'Museo Conte', 'Palazzo della Ragione', 'Teatro Romano', 'Centro Fotografia']",San Zeno,strategy_nearest,False,0.0027997493743896484,success
04ADB9429C4C80,0,['Duomo'],Arena,"['Verona Tour', 'Museo Lapidario', 'Museo Radio', 'San Fermo', 'Casa Giulietta']",Casa Giulietta,strategy_nearest,True,0.0032110214233398438,success
04ADAC3A9C4C80,0,['Arena'],Casa Giulietta,"['Centro Fotografia', 'Sighseeing', 'Torre Lamberti', 'Museo Conte', 'Museo Radio']",Castelvecchio,strategy_nearest,False,0.0026319026947021484,success
04ADBB3A9C4C80,3,"['Arena', 'Casa Giulietta']",Torre Lamberti,"['Sighseeing', 'Centro Fotografia', 'Museo Conte', 'Palazzo della Ragione', 'AMO']",Santa Anastasia,strategy_nearest,False,0.002605915069580078,success
04ADBD3A9C4C80,0,['Arena'],Casa Giulietta,"['Centro Fotografia', 'Sighseeing', 'Torre Lamberti', 'Museo Conte', 'Museo Radio']",Torre Lamberti,strategy_nearest,True,0.0018177032470703125,success
04ADC4429C4C80,0,['Arena'],Castelvecchio,"['Museo Lapidario', 'Verona Tour', 'Museo Radio', 'San Zeno', 'Sighseeing']",Casa Giulietta,strategy_nearest,False,0.0032880306243896484,success
04ADC23A9C4C80,3,"['Tomba Giulietta', 'Teatro Romano']",Duomo,"['AMO', 'Museo Miniscalchi', 'Santa Anastasia', 'Palazzo della Ragione', 'Museo Conte']",Torre Lamberti,strategy_nearest,False,0.0027399063110351562,success
04ADCD429C4C80,3,"['Castelvecchio', 'Duomo']",Teatro Romano,"['Santa Anastasia', 'AMO', 'Palazzo della Ragione', 'Museo Conte', 'Centro Fotografia']",Arena,strategy_nearest,False,0.003258228302001953,success
04ADCF3A9C4C80,0,['Arena'],Casa Giulietta,"['Centro Fotografia', 'Sighseeing', 'Torre Lamberti', 'Museo Conte', 'Museo Radio']",Torre Lamberti,strategy_nearest,True,0.0025849342346191406,success
04ADCB3A9C4C80,1,"['Arena', 'Museo Lapidario', 'Castelvecchio', 'Duomo']",Santa Anastasia,"['AMO', 'Museo Conte', 'Palazzo della Ragione', 'Teatro Romano', 'Centro Fotografia']",Torre Lamberti,strategy_nearest,False,0.002569913864135742,success
04ADD63A9C4C80,3,"['Arena', 'Torre Lamberti']",Castelvecchio,"['Museo Lapidario', 'Verona Tour', 'Museo Radio', 'San Zeno', 'Sighseeing']",Santa Anastasia,strategy_nearest,False,0.0032320022583007812,success
04AE033A9C4C84,2,['Casa Giulietta'],Torre Lamberti,"['Sighseeing', 'Centro Fotografia', 'Museo Conte', 'Palazzo della Ragione', 'AMO']",Duomo,strategy_nearest,False,0.0020639896392822266,success
04ADFD3A9C4C80,2,['Casa Giulietta'],Santa Anastasia,"['AMO', 'Museo Conte', 'Palazzo della Ragione', 'Teatro Romano', 'Centro Fotografia']",Duomo,strategy_nearest,False,0.002761363983154297,success
04ADF93A9C4C80,1,"['Museo Lapidario', 'Arena', 'Palazzo della Ragione']",Torre Lamberti,"['Sighseeing', 'Centro Fotografia', 'Museo Conte', 'Casa Giulietta', 'AMO']",Santa Anastasia,strategy_nearest,False,0.0021920204162597656,success
04ADD8429C4C80,3,"['Castelvecchio', 'Arena', 'Torre Lamberti']",Casa Giulietta,"['Centro Fotografia', 'Sighseeing', 'Museo Conte', 'Museo Radio', 'Palazzo della Ragione']",Tomba Giulietta,strategy_nearest,False,0.005012989044189453,success
04AE14429C4C80,2,['Palazzo della Ragione'],Casa Giulietta,"['Centro Fotografia', 'Sighseeing', 'Torre Lamberti', 'Museo Conte', 'Museo Radio']",Santa Anastasia,strategy_nearest,False,0.0028963088989257812,success
04AE133A9C4C84,3,['Arena'],Castelvecchio,"['Museo Lapidario', 'Verona Tour', 'Museo Radio', 'San Zeno', 'Sighseeing']",Santa Anastasia,strategy_nearest,False,0.0037240982055664062,success
04AE123A9C4C80,1,"['Arena', 'Casa Giulietta', 'Torre Lamberti']",Palazzo della Ragione,"['AMO', 'Museo Conte', 'Centro Fotografia', 'Sighseeing', 'Santa Anastasia']",Santa Anastasia,strategy_nearest,True,0.002622365951538086,success
04AE0E429C4C84,3,"['Arena', 'Torre Lamberti', 'Santa Anastasia']",Duomo,"['AMO', 'Museo Miniscalchi', 'Teatro Romano', 'Palazzo della Ragione', 'Museo Conte']",Teatro Romano,strategy_nearest,True,0.002026081085205078,success
04AE24429C4C84,0,['Torre Lamberti'],Casa Giulietta,"['Centro Fotografia', 'Sighseeing', 'Museo Conte', 'Museo Radio', 'Palazzo della Ragione']",Arena,strategy_nearest,False,0.0019969940185546875,success
04AE1F3A9C4C80,0,['Arena'],Castelvecchio,"['Museo Lapidario', 'Verona Tour', 'Museo Radio', 'San Zeno', 'Sighseeing']",Santa Anastasia,strategy_nearest,False,0.002682209014892578,success
04AE213A9C4C84,0,['Arena'],Casa Giulietta,"['Centro Fotografia', 'Sighseeing', 'Torre Lamberti', 'Museo Conte', 'Museo Radio']",Teatro Romano,strategy_nearest,False,0.0014851093292236328,success
04AE353A9C4C80,3,"['Arena', 'Casa Giulietta']",Torre Lamberti,"['Sighseeing', 'Centro Fotografia', 'Museo Conte', 'Palazzo della Ragione', 'AMO']",Santa Anastasia,strategy_nearest,False,0.0027818679809570312,success
04AE2E4A9C4C80,3,['Casa Giulietta'],Santa Anastasia,"['AMO', 'Museo Conte', 'Palazzo della Ragione', 'Teatro Romano', 'Centro Fotografia']",Duomo,strategy_nearest,False,0.0016939640045166016,success
04AE383A9C4C80,2,"['Castelvecchio', 'San Zeno']",Casa Giulietta,"['Centro Fotografia', 'Sighseeing', 'Torre Lamberti', 'Museo Conte', 'Museo Radio']",Museo Lapidario,strategy_nearest,False,0.0020532608032226562,success
04AE47429C4C80,0,"['San Fermo', 'Castelvecchio']",Arena,"['Verona Tour', 'Museo Lapidario', 'Museo Radio', 'Casa Giulietta', 'Sighseeing']",Casa Giulietta,strategy_nearest,True,0.0009911060333251953,success
04AE27429C4C80,3,"['Arena', 'Santa Anastasia', 'Duomo']",Giardino Giusti,"['Teatro Romano', 'Museo Conte', 'Centro Fotografia', 'Museo Storia', 'AMO']",San Zeno,strategy_nearest,False,0.004616975784301758,success
04AE553A9C4C80,0,['Arena'],Museo Lapidario,"['Verona Tour', 'Castelvecchio', 'Museo Radio', 'San Fermo', 'Casa Giulietta']",Castelvecchio,strategy_nearest,True,0.002421855926513672,success
04AE6A3A9C4C80,1,"['Arena', 'Casa Giulietta', 'Palazzo della Ragione']",Santa Anastasia,"['AMO', 'Museo Conte', 'Teatro Romano', 'Centro Fotografia', 'Duomo']",Duomo,strategy_nearest,True,0.0018558502197265625,success
04AE773A9C4C80,3,"['Castelvecchio', 'Arena']",Casa Giulietta,"['Centro Fotografia', 'Sighseeing', 'Torre Lamberti', 'Museo Conte', 'Museo Radio']",Teatro Romano,strategy_nearest,False,0.002361774444580078,success
04AE70429C4C80,0,['Casa Giulietta'],Arena,"['Verona Tour', 'Museo Lapidario', 'Museo Radio', 'San Fermo', 'Sighseeing']",Teatro Romano,strategy_nearest,False,0.0024499893188476562,success
04AE76429C4C80,3,"['Casa Giulietta', 'Santa Anastasia']",Arena,"['Verona Tour', 'Museo Lapidario', 'Museo Radio', 'San Fermo', 'Sighseeing']",Castelvecchio,strategy_nearest,False,0.0026369094848632812,success
04AE77429C4C80,1,['Arena'],Palazzo della Ragione,"['AMO', 'Museo Conte', 'Torre Lamberti', 'Centro Fotografia', 'Sighseeing']",Torre Lamberti,strategy_nearest,True,0.0025360584259033203,success
04AE7A429C4C80,2,['Torre Lamberti'],Casa Giulietta,"['Centro Fotografia', 'Sighseeing', 'Museo Conte', 'Museo Radio', 'Palazzo della Ragione']",Castelvecchio,strategy_nearest,False,0.002783060073852539,success
04AE7F3A9C4C80,0,['Arena'],Castelvecchio,"['Museo Lapidario', 'Verona Tour', 'Museo Radio', 'San Zeno', 'Sighseeing']",Teatro Romano,strategy_nearest,False,0.0030851364135742188,success
04AE7C429C4C80,1,"['Arena', 'Casa Giulietta']",Torre Lamberti,"['Sighseeing', 'Centro Fotografia', 'Museo Conte', 'Palazzo della Ragione', 'AMO']",Palazzo della Ragione,strategy_nearest,True,0.002161264419555664,success
04AE85429C4C80,3,"['Casa Giulietta', 'Torre Lamberti', 'Santa Anastasia']",Duomo,"['AMO', 'Museo Miniscalchi', 'Teatro Romano', 'Palazzo della Ragione', 'Museo Conte']",Arena,strategy_nearest,False,0.001188039779663086,success
04AE81429C4C80,0,['Casa Giulietta'],San Fermo,"['Museo Storia', 'Museo Radio', 'Centro Fotografia', 'Arena', 'Sighseeing']",Arena,strategy_nearest,True,0.0021810531616210938,success
04AE864A9C4C80,0,['Torre Lamberti'],Casa Giulietta,"['Centro Fotografia', 'Sighseeing', 'Museo Conte', 'Museo Radio', 'Palazzo della Ragione']",Arena,strategy_nearest,False,0.003371000289916992,success
04AE893A9C4C80,3,"['Arena', 'Casa Giulietta']",Torre Lamberti,"['Sighseeing', 'Centro Fotografia', 'Museo Conte', 'Palazzo della Ragione', 'AMO']",Santa Anastasia,strategy_nearest,False,0.002657175064086914,success
04AE8D4A9C4C80,0,['Arena'],Torre Lamberti,"['Sighseeing', 'Centro Fotografia', 'Museo Conte', 'Casa Giulietta', 'Palazzo della Ragione']",Casa Giulietta,strategy_nearest,True,0.002009153366088867,success
04AE93429C4C80,2,['Casa Giulietta'],Teatro Romano,"['Santa Anastasia', 'Duomo', 'AMO', 'Palazzo della Ragione', 'Museo Conte']",Castelvecchio,strategy_nearest,False,0.0020241737365722656,success
04AE94429C4C80,2,"['Castelvecchio', 'Casa Giulietta']",Santa Anastasia,"['AMO', 'Museo Conte', 'Palazzo della Ragione', 'Teatro Romano', 'Centro Fotografia']",Duomo,strategy_nearest,False,0.00339508056640625,success
04AE8A429C4C80,3,"['Arena', 'Torre Lamberti', 'Casa Giulietta']",Santa Anastasia,"['AMO', 'Museo Conte', 'Palazzo della Ragione', 'Teatro Romano', 'Centro Fotografia']",Teatro Romano,strategy_nearest,True,0.0040073394775390625,success
04AE954A9C4C80,0,['Tomba Giulietta'],Arena,"['Verona Tour', 'Museo Lapidario', 'Museo Radio', 'San Fermo', 'Casa Giulietta']",Castelvecchio,strategy_nearest,False,0.0025539398193359375,success
04AEAD3A9C4C80,0,['Arena'],Casa Giulietta,"['Centro Fotografia', 'Sighseeing', 'Torre Lamberti', 'Museo Conte', 'Museo Radio']",Teatro Romano,strategy_nearest,False,0.0028619766235351562,success
04AEAA429C4C80,1,"['Arena', 'Castelvecchio', 'Torre Lamberti']",Palazzo della Ragione,"['AMO', 'Museo Conte', 'Centro Fotografia', 'Sighseeing', 'Santa Anastasia']",Casa Giulietta,strategy_nearest,False,0.0023050308227539062,success
04AEB3429C4C80,3,"['Castelvecchio', 'Arena']",Casa Giulietta,"['Centro Fotografia', 'Sighseeing', 'Torre Lamberti', 'Museo Conte', 'Museo Radio']",Torre Lamberti,strategy_nearest,True,0.0033190250396728516,success
04AEB6429C4C80,3,"['Duomo', 'Arena']",Casa Giulietta,"['Centro Fotografia', 'Sighseeing', 'Torre Lamberti', 'Museo Conte', 'Museo Radio']",Torre Lamberti,strategy_nearest,True,0.0015571117401123047,success
04AEB43A9C4C80,1,"['Castelvecchio', 'Duomo', 'Santa Anastasia']",Torre Lamberti,"['Sighseeing', 'Centro Fotografia', 'Museo Conte', 'Casa Giulietta', 'Palazzo della Ragione']",Palazzo della Ragione,strategy_nearest,True,0.0035867691040039062,success
04AEBA429C4C80,0,['Arena'],Casa Giulietta,"['Centro Fotografia', 'Sighseeing', 'Torre Lamberti', 'Museo Conte', 'Museo Radio']",Teatro Romano,strategy_nearest,False,0.0038552284240722656,success
04AEBC429C4C80,3,"['Castelvecchio', 'Arena']",Santa Anastasia,"['AMO', 'Museo Conte', 'Palazzo della Ragione', 'Teatro Romano', 'Centro Fotografia']",Torre Lamberti,strategy_nearest,False,0.002067089080810547,success
04AEC83A9C4C80,0,"['Arena', 'Casa Giulietta']",Castelvecchio,"['Museo Lapidario', 'Verona Tour', 'Museo Radio', 'San Zeno', 'Sighseeing']",Tomba Giulietta,strategy_nearest,False,0.002805948257446289,success
04AEBD3A9C4C80,0,['Arena'],Casa Giulietta,"['Centro Fotografia', 'Sighseeing', 'Torre Lamberti', 'Museo Conte', 'Museo Radio']",Torre Lamberti,strategy_nearest,True,0.002390146255493164,success
04AEBE3A9C4C80,3,"['Castelvecchio', 'Arena']",Santa Anastasia,"['AMO', 'Museo Conte', 'Palazzo della Ragione', 'Teatro Romano', 'Centro Fotografia']",Duomo,strategy_nearest,False,0.0022950172424316406,success
04AEC1429C4C80,0,['Casa Giulietta'],Arena,"['Verona Tour', 'Museo Lapidario', 'Museo Radio', 'San Fermo', 'Sighseeing']",Castelvecchio,strategy_nearest,False,0.0035588741302490234,success
04AEED429C4C80,4,"['Castelvecchio', 'Tomba Giulietta', 'Museo Radio', 'Museo Lapidario', 'San Zeno']",Teatro Romano,"['Santa Anastasia', 'Duomo', 'AMO', 'Palazzo della Ragione', 'Museo Conte']",Santa Anastasia,strategy_nearest,True,0.0015139579772949219,success
04AED83A9C4C80,3,"['Arena', 'Torre Lamberti']",Duomo,"['AMO', 'Museo Miniscalchi', 'Santa Anastasia', 'Teatro Romano', 'Palazzo della Ragione']",Castelvecchio,strategy_nearest,False,0.003565073013305664,success
04AEF33A9C4C80,0,"['Arena', 'Casa Giulietta']",Torre Lamberti,"['Sighseeing', 'Centro Fotografia', 'Museo Conte', 'Palazzo della Ragione', 'AMO']",Duomo,strategy_nearest,False,0.002789735794067383,success
04AEFB429C4C80,2,"['San Zeno', 'Castelvecchio', 'San Fermo', 'Casa Giulietta']",Torre Lamberti,"['Sighseeing', 'Centro Fotografia', 'Museo Conte', 'Palazzo della Ragione', 'AMO']",Santa Anastasia,strategy_nearest,False,0.0016980171203613281,success
04AF11429C4C80,3,"['Castelvecchio', 'Arena']",Casa Giulietta,"['Centro Fotografia', 'Sighseeing', 'Torre Lamberti', 'Museo Conte', 'Museo Radio']",Torre Lamberti,strategy_nearest,True,0.002150297164916992,success
04AF10429C4C84,0,"['Arena', 'Tomba Giulietta']",San Zeno,"['Castelvecchio', 'Verona Tour', 'Museo Lapidario', 'Museo Miniscalchi', 'Sighseeing']",Castelvecchio,strategy_nearest,True,0.0028553009033203125,success
04AF114A9C4C80,3,"['Arena', 'Casa Giulietta', 'Torre Lamberti']",Santa Anastasia,"['AMO', 'Museo Conte', 'Palazzo della Ragione', 'Teatro Romano', 'Centro Fotografia']",Teatro Romano,strategy_nearest,True,0.003290891647338867,success
04AEFC429C4C80,3,"['Arena', 'Casa Giulietta', 'Torre Lamberti']",Santa Anastasia,"['AMO', 'Museo Conte', 'Palazzo della Ragione', 'Teatro Romano', 'Centro Fotografia']",Giardino Giusti,strategy_nearest,False,0.001531839370727539,success
04AF163A9C4C80,3,"['Casa Giulietta', 'Torre Lamberti', 'Castelvecchio', 'San Zeno']",Arena,"['Verona Tour', 'Museo Lapidario', 'Museo Radio', 'San Fermo', 'Sighseeing']",Santa Anastasia,strategy_nearest,False,0.0022230148315429688,success
04AF163A9C4C84,0,['Arena'],Torre Lamberti,"['Sighseeing', 'Centro Fotografia', 'Museo Conte', 'Casa Giulietta', 'Palazzo della Ragione']",Casa Giulietta,strategy_nearest,True,0.0013129711151123047,success
04AF13429C4C84,0,"['Giardino Giusti', 'Teatro Romano']",Casa Giulietta,"['Centro Fotografia', 'Sighseeing', 'Torre Lamberti', 'Museo Conte', 'Museo Radio']",Arena,strategy_nearest,False,0.004152059555053711,success
04AF1A429C4C84,2,['Casa Giulietta'],Castelvecchio,"['Museo Lapidario', 'Verona Tour', 'Arena', 'Museo Radio', 'San Zeno']",Santa Anastasia,strategy_nearest,False,0.002675771713256836,success
04AF1C3A9C4C84,2,['San Zeno'],Tomba Giulietta,"['San Fermo', 'Museo Storia', 'Arena', 'Museo Lapidario', 'Museo Radio']",Casa Giulietta,strategy_nearest,False,0.002588987350463867,success
04AF1D429C4C84,3,"['Tomba Giulietta', 'Casa Giulietta', 'Torre Lamberti']",Castelvecchio,"['Museo Lapidario', 'Verona Tour', 'Arena', 'Museo Radio', 'San Zeno']",Arena,strategy_nearest,True,0.0033478736877441406,success
04AF1C429C4C84,0,['Arena'],San Fermo,"['Museo Storia', 'Museo Radio', 'Casa Giulietta', 'Centro Fotografia', 'Sighseeing']",Torre Lamberti,strategy_nearest,False,0.0027818679809570312,success
04AF1D4A9C4C80,3,"['Casa Giulietta', 'Torre Lamberti', 'Arena', 'San Zeno']",Teatro Romano,"['Santa Anastasia', 'Duomo', 'AMO', 'Palazzo della Ragione', 'Museo Conte']",Giardino Giusti,strategy_nearest,False,0.002042055130004883,success
04AF264A9C4C80,3,"['Arena', 'San Fermo', 'San Zeno', 'Castelvecchio']",Santa Anastasia,"['AMO', 'Museo Conte', 'Palazzo della Ragione', 'Teatro Romano', 'Centro Fotografia']",Duomo,strategy_nearest,False,0.0020089149475097656,success
04AF223A9C4C84,2,['Torre Lamberti'],Casa Giulietta,"['Centro Fotografia', 'Sighseeing', 'Museo Conte', 'Museo Radio', 'Palazzo della Ragione']",Santa Anastasia,strategy_nearest,False,0.0015633106231689453,success
04AF224A9C4C80,0,['Casa Giulietta'],Arena,"['Verona Tour', 'Museo Lapidario', 'Museo Radio', 'San Fermo', 'Sighseeing']",Duomo,strategy_nearest,False,0.002807140350341797,success
04AF27429C4C80,3,"['Casa Giulietta', 'Torre Lamberti', 'Arena']",Teatro Romano,"['Santa Anastasia', 'Duomo', 'AMO', 'Palazzo della Ragione', 'Museo Conte']",Castelvecchio,strategy_nearest,False,0.003355264663696289,success
04AF28429C4C80,2,"['Casa Giulietta', 'Santa Anastasia']",Giardino Giusti,"['Teatro Romano', 'Museo Conte', 'Centro Fotografia', 'Museo Storia', 'AMO']",Castelvecchio,strategy_nearest,False,0.0026760101318359375,success
04AF294A9C4C80,1,"['Casa Giulietta', 'Torre Lamberti']",Arena,"['Verona Tour', 'Museo Lapidario', 'Museo Radio', 'San Fermo', 'Sighseeing']",Palazzo della Ragione,strategy_nearest,False,0.0028388500213623047,success
04AF2D429C4C80,2,['Casa Giulietta'],Santa Anastasia,"['AMO', 'Museo Conte', 'Palazzo della Ragione', 'Teatro Romano', 'Centro Fotografia']",Teatro Romano,strategy_nearest,True,0.0027370452880859375,success
04AF2E429C4C80,3,"['Arena', 'Torre Lamberti']",Santa Anastasia,"['AMO', 'Museo Conte', 'Palazzo della Ragione', 'Teatro Romano', 'Centro Fotografia']",Duomo,strategy_nearest,False,0.003365755081176758,success
04AF31429C4C80,0,['Arena'],San Fermo,"['Museo Storia', 'Museo Radio', 'Casa Giulietta', 'Centro Fotografia', 'Sighseeing']",Torre Lamberti,strategy_nearest,False,0.002856016159057617,success
04AF30429C4C80,3,"['Arena', 'Torre Lamberti', 'Casa Giulietta']",Santa Anastasia,"['AMO', 'Museo Conte', 'Palazzo della Ragione', 'Teatro Romano', 'Centro Fotografia']",Duomo,strategy_nearest,False,0.003470182418823242,success
04AF3C3A9C4C80,1,"['Casa Giulietta', 'Giardino Giusti', 'Torre Lamberti', 'Palazzo della Ragione', 'San Fermo']",Museo Storia,"['Museo Radio', 'Centro Fotografia', 'Tomba Giulietta', 'Arena', 'Sighseeing']",Castelvecchio,strategy_nearest,False,0.0033299922943115234,success
04AF364A9C4C80,3,"['Casa Giulietta', 'Torre Lamberti', 'Santa Anastasia', 'Duomo', 'Teatro Romano']",Arena,"['Verona Tour', 'Museo Lapidario', 'Museo Radio', 'San Fermo', 'Sighseeing']",Museo Lapidario,strategy_nearest,True,0.0015997886657714844,success
04AF763A9C4C80,0,"['Arena', 'Castelvecchio']",Casa Giulietta,"['Centro Fotografia', 'Sighseeing', 'Torre Lamberti', 'Museo Conte', 'Museo Radio']",Duomo,strategy_nearest,False,0.0021741390228271484,success
04AF4B3A9C4C80,3,"['Arena', 'Torre Lamberti', 'Santa Anastasia']",Duomo,"['AMO', 'Museo Miniscalchi', 'Teatro Romano', 'Palazzo della Ragione', 'Museo Conte']",Teatro Romano,strategy_nearest,True,0.0015959739685058594,success
04AF46429C4C80,3,"['Arena', 'Casa Giulietta']",Santa Anastasia,"['AMO', 'Museo Conte', 'Palazzo della Ragione', 'Teatro Romano', 'Centro Fotografia']",Torre Lamberti,strategy_nearest,False,0.0034279823303222656,success
04AF78429C4C80,3,"['Arena', 'Santa Anastasia']",Teatro Romano,"['Duomo', 'AMO', 'Palazzo della Ragione', 'Museo Conte', 'Centro Fotografia']",Casa Giulietta,strategy_nearest,False,0.0032958984375,success
04AF81429C4C80,3,"['Casa Giulietta', 'Arena', 'Museo Lapidario', 'Tomba Giulietta']",Castelvecchio,"['Verona Tour', 'Museo Radio', 'San Zeno', 'Sighseeing', 'Museo Miniscalchi']",Duomo,strategy_nearest,False,0.004130125045776367,success
04AF86429C4C80,3,"['Arena', 'Casa Giulietta']",Torre Lamberti,"['Sighseeing', 'Centro Fotografia', 'Museo Conte', 'Palazzo della Ragione', 'AMO']",Santa Anastasia,strategy_nearest,False,0.002886056900024414,success
04AF9B4A9C4C80,0,['Arena'],Castelvecchio,"['Museo Lapidario', 'Verona Tour', 'Museo Radio', 'San Zeno', 'Sighseeing']",Casa Giulietta,strategy_nearest,False,0.0033011436462402344,success
04AF8F3A9C4C80,2,['Giardino Giusti'],Torre Lamberti,"['Sighseeing', 'Centro Fotografia', 'Museo Conte', 'Casa Giulietta', 'Palazzo della Ragione']",Casa Giulietta,strategy_nearest,True,0.0015940666198730469,success
04AFA7429C4C80,3,['Arena'],Torre Lamberti,"['Sighseeing', 'Centro Fotografia', 'Museo Conte', 'Casa Giulietta', 'Palazzo della Ragione']",Casa Giulietta,strategy_nearest,True,0.002775907516479492,success
04AFA93A9C4C80,3,"['Arena', 'Torre Lamberti']",Santa Anastasia,"['AMO', 'Museo Conte', 'Palazzo della Ragione', 'Teatro Romano', 'Centro Fotografia']",Duomo,strategy_nearest,False,0.0013837814331054688,success
04AFA5429C4C80,0,['Santa Anastasia'],Arena,"['Verona Tour', 'Museo Lapidario', 'Museo Radio', 'San Fermo', 'Casa Giulietta']",Castelvecchio,strategy_nearest,False,0.002797842025756836,success
04AFAD3A9C4C80,2,"['Castelvecchio', 'Casa Giulietta']",Torre Lamberti,"['Sighseeing', 'Centro Fotografia', 'Museo Conte', 'Palazzo della Ragione', 'AMO']",Teatro Romano,strategy_nearest,False,0.0032591819763183594,success
04AFAE3A9C4C80,2,"['San Zeno', 'Castelvecchio', 'Giardino Giusti']",Teatro Romano,"['Santa Anastasia', 'Duomo', 'AMO', 'Palazzo della Ragione', 'Museo Conte']",Santa Anastasia,strategy_nearest,True,0.0015981197357177734,success
04AFB0429C4C80,0,['Arena'],Casa Giulietta,"['Centro Fotografia', 'Sighseeing', 'Torre Lamberti', 'Museo Conte', 'Museo Radio']",Castelvecchio,strategy_nearest,False,0.002505064010620117,success
04AFB2429C4C80,3,"['Arena', 'Torre Lamberti']",Duomo,"['AMO', 'Museo Miniscalchi', 'Santa Anastasia', 'Teatro Romano', 'Palazzo della Ragione']",Teatro Romano,strategy_nearest,True,0.0024399757385253906,success
04AFB43A9C4C80,3,['Arena'],Casa Giulietta,"['Centro Fotografia', 'Sighseeing', 'Torre Lamberti', 'Museo Conte', 'Museo Radio']",Santa Anastasia,strategy_nearest,False,0.0034580230712890625,success
04AFB53A9C4C80,2,['Casa Giulietta'],Torre Lamberti,"['Sighseeing', 'Centro Fotografia', 'Museo Conte', 'Palazzo della Ragione', 'AMO']",Castelvecchio,strategy_nearest,False,0.0025882720947265625,success
04AFB7429C4C80,3,"['Teatro Romano', 'Arena']",Duomo,"['AMO', 'Museo Miniscalchi', 'Santa Anastasia', 'Palazzo della Ragione', 'Museo Conte']",Castelvecchio,strategy_nearest,False,0.0027310848236083984,success
04AFC83A9C4C80,0,"['Arena', 'Casa Giulietta']",Tomba Giulietta,"['San Fermo', 'Museo Storia', 'Museo Lapidario', 'Museo Radio', 'Verona Tour']",Torre Lamberti,strategy_nearest,False,0.0031082630157470703,success
04AFCF429C4C80,0,"['Castelvecchio', 'San Zeno', 'Casa Giulietta']",Torre Lamberti,"['Sighseeing', 'Centro Fotografia', 'Museo Conte', 'Palazzo della Ragione', 'AMO']",Arena,strategy_nearest,False,0.002048969268798828,success
04AFCC3A9C4C80,3,"['Arena', 'San Fermo']",Torre Lamberti,"['Sighseeing', 'Centro Fotografia', 'Museo Conte', 'Casa Giulietta', 'Palazzo della Ragione']",Santa Anastasia,strategy_nearest,False,0.0034799575805664062,success
04AFD1429C4C80,3,"['Tomba Giulietta', 'Arena', 'Museo Lapidario']",Castelvecchio,"['Verona Tour', 'Museo Radio', 'San Zeno', 'Sighseeing', 'Museo Miniscalchi']",Teatro Romano,strategy_nearest,False,0.003278970718383789,success
04AFD0429C4C80,0,"['Teatro Romano', 'Duomo']",Castelvecchio,"['Museo Lapidario', 'Verona Tour', 'Arena', 'Museo Radio', 'San Zeno']",Arena,strategy_nearest,True,0.003196239471435547,success
04AFF33A9C4C80,0,"['Arena', 'Castelvecchio']",Teatro Romano,"['Santa Anastasia', 'Duomo', 'AMO', 'Palazzo della Ragione', 'Museo Conte']",Giardino Giusti,strategy_nearest,False,0.0029501914978027344,success
04AFD73A9C4C80,3,"['Castelvecchio', 'Casa Giulietta']",Tomba Giulietta,"['San Fermo', 'Museo Storia', 'Arena', 'Museo Lapidario', 'Museo Radio']",Arena,strategy_nearest,True,0.002087116241455078,success
04AFFB3A9C4C80,0,['Arena'],Casa Giulietta,"['Centro Fotografia', 'Sighseeing', 'Torre Lamberti', 'Museo Conte', 'Museo Radio']",Torre Lamberti,strategy_nearest,True,0.0028951168060302734,success
04B0053A9C4C84,0,"['Casa Giulietta', 'Tomba Giulietta']",Castelvecchio,"['Museo Lapidario', 'Verona Tour', 'Arena', 'Museo Radio', 'San Zeno']",Arena,strategy_nearest,True,0.0024237632751464844,success
04B00C429C4C84,3,"['Arena', 'Castelvecchio', 'Museo Lapidario']",Casa Giulietta,"['Centro Fotografia', 'Sighseeing', 'Torre Lamberti', 'Museo Conte', 'Museo Radio']",San Fermo,strategy_nearest,False,0.001840829849243164,success
04B00E429C4C84,0,['Arena'],Torre Lamberti,"['Sighseeing', 'Centro Fotografia', 'Museo Conte', 'Casa Giulietta', 'Palazzo della Ragione']",Casa Giulietta,strategy_nearest,True,0.002665996551513672,success
04B00F3A9C4C80,0,"['Casa Giulietta', 'Torre Lamberti']",San Zeno,"['Castelvecchio', 'Verona Tour', 'Museo Lapidario', 'Arena', 'Museo Miniscalchi']",Castelvecchio,strategy_nearest,True,0.0034470558166503906,success
04B01C3A9C4C84,2,['Casa Giulietta'],Torre Lamberti,"['Sighseeing', 'Centro Fotografia', 'Museo Conte', 'Palazzo della Ragione', 'AMO']",Santa Anastasia,strategy_nearest,False,0.0024051666259765625,success
04B010429C4C84,2,"['Castelvecchio', 'Casa Giulietta']",Santa Anastasia,"['AMO', 'Museo Conte', 'Palazzo della Ragione', 'Teatro Romano', 'Centro Fotografia']",Teatro Romano,strategy_nearest,True,0.003565073013305664,success
04B01D3A9C4C80,3,"['Castelvecchio', 'San Zeno', 'San Fermo', 'Giardino Giusti']",Arena,"['Verona Tour', 'Museo Lapidario', 'Museo Radio', 'Casa Giulietta', 'Sighseeing']",Casa Giulietta,strategy_nearest,True,0.0026280879974365234,success
04B022429C4C84,3,['Arena'],Torre Lamberti,"['Sighseeing', 'Centro Fotografia', 'Museo Conte', 'Casa Giulietta', 'Palazzo della Ragione']",Casa Giulietta,strategy_nearest,True,0.0024797916412353516,success
04B0204A9C4C80,4,"['Tomba Giulietta', 'Museo Radio', 'Museo Lapidario', 'Teatro Romano', 'Santa Anastasia', 'Arena']",San Zeno,"['Castelvecchio', 'Verona Tour', 'Museo Miniscalchi', 'Sighseeing', 'Torre Lamberti']",Museo Storia,strategy_nearest,False,0.003437042236328125,success
04B027429C4C84,3,"['Arena', 'Museo Lapidario', 'Casa Giulietta']",Torre Lamberti,"['Sighseeing', 'Centro Fotografia', 'Museo Conte', 'Palazzo della Ragione', 'AMO']",Santa Anastasia,strategy_nearest,False,0.0026221275329589844,success
04B026429C4C80,2,"['Torre Lamberti', 'Duomo', 'Teatro Romano']",Giardino Giusti,"['Santa Anastasia', 'Museo Conte', 'Centro Fotografia', 'Museo Storia', 'AMO']",Casa Giulietta,strategy_nearest,False,0.004199981689453125,success
04B0283A9C4C80,0,['Arena'],Casa Giulietta,"['Centro Fotografia', 'Sighseeing', 'Torre Lamberti', 'Museo Conte', 'Museo Radio']",Castelvecchio,strategy_nearest,False,0.0013089179992675781,success
04B02F3A9C4C80,0,['Duomo'],Casa Giulietta,"['Centro Fotografia', 'Sighseeing', 'Torre Lamberti', 'Museo Conte', 'Museo Radio']",Arena,strategy_nearest,False,0.0034389495849609375,success
04B030429C4C80,2,"['Castelvecchio', 'Palazzo della Ragione']",Teatro Romano,"['Santa Anastasia', 'Duomo', 'AMO', 'Museo Conte', 'Centro Fotografia']",Santa Anastasia,strategy_nearest,True,0.0026140213012695312,success
04B038429C4C80,3,"['Arena', 'Castelvecchio']",San Zeno,"['Verona Tour', 'Museo Lapidario', 'Museo Miniscalchi', 'Sighseeing', 'Museo Radio']",Teatro Romano,strategy_nearest,False,0.002763032913208008,success
04B0384A9C4C80,2,"['Teatro Romano', 'Santa Anastasia']",Casa Giulietta,"['Centro Fotografia', 'Sighseeing', 'Torre Lamberti', 'Museo Conte', 'Museo Radio']",San Fermo,strategy_nearest,False,0.0032880306243896484,success
04B03D4A9C4C80,3,"['Giardino Giusti', 'Teatro Romano', 'Santa Anastasia']",Casa Giulietta,"['Centro Fotografia', 'Sighseeing', 'Torre Lamberti', 'Museo Conte', 'Museo Radio']",Torre Lamberti,strategy_nearest,True,0.0031270980834960938,success
04B06D429C4C80,2,['Castelvecchio'],Casa Giulietta,"['Centro Fotografia', 'Sighseeing', 'Torre Lamberti', 'Museo Conte', 'Museo Radio']",Teatro Romano,strategy_nearest,False,0.0028989315032958984,success
04B073429C4C80,0,['Arena'],Santa Anastasia,"['AMO', 'Museo Conte', 'Palazzo della Ragione', 'Teatro Romano', 'Centro Fotografia']",Castelvecchio,strategy_nearest,False,0.0020799636840820312,success
04B07A429C4C80,1,"['Arena', 'Palazzo della Ragione']",Torre Lamberti,"['Sighseeing', 'Centro Fotografia', 'Museo Conte', 'Casa Giulietta', 'AMO']",Teatro Romano,strategy_nearest,False,0.002718210220336914,success
04B07B429C4C80,0,['Museo Lapidario'],Arena,"['Verona Tour', 'Museo Radio', 'San Fermo', 'Casa Giulietta', 'Sighseeing']",Castelvecchio,strategy_nearest,False,0.002485036849975586,success
04B07B4A9C4C80,0,['Arena'],Casa Giulietta,"['Centro Fotografia', 'Sighseeing', 'Torre Lamberti', 'Museo Conte', 'Museo Radio']",Santa Anastasia,strategy_nearest,False,0.0031900405883789062,success
04B07F3A9C4C80,0,['Arena'],Casa Giulietta,"['Centro Fotografia', 'Sighseeing', 'Torre Lamberti', 'Museo Conte', 'Museo Radio']",Teatro Romano,strategy_nearest,False,0.0026090145111083984,success
04B086429C4C80,0,['Arena'],Castelvecchio,"['Museo Lapidario', 'Verona Tour', 'Museo Radio', 'San Zeno', 'Sighseeing']",Santa Anastasia,strategy_nearest,False,0.002215862274169922,success
04B0854A9C4C80,3,"['Arena', 'Castelvecchio']",Casa Giulietta,"['Centro Fotografia', 'Sighseeing', 'Torre Lamberti', 'Museo Conte', 'Museo Radio']",Torre Lamberti,strategy_nearest,True,0.0031991004943847656,success
04B0874A9C4C80,3,"['Casa Giulietta', 'Arena', 'Santa Anastasia', 'Duomo']",San Fermo,"['Museo Storia', 'Museo Radio', 'Centro Fotografia', 'Sighseeing', 'Torre Lamberti']",Tomba Giulietta,strategy_nearest,False,0.003077983856201172,success
04B088429C4C80,0,['Arena'],Casa Giulietta,"['Centro Fotografia', 'Sighseeing', 'Torre Lamberti', 'Museo Conte', 'Museo Radio']",Torre Lamberti,strategy_nearest,True,0.002421140670776367,success
04B08E4A9C4C80,0,['Duomo'],Teatro Romano,"['Santa Anastasia', 'AMO', 'Palazzo della Ragione', 'Museo Conte', 'Centro Fotografia']",Arena,strategy_nearest,False,0.0032989978790283203,success
04B0A94A9C4C80,3,['Arena'],Castelvecchio,"['Museo Lapidario', 'Verona Tour', 'Museo Radio', 'San Zeno', 'Sighseeing']",Teatro Romano,strategy_nearest,False,0.0024030208587646484,success
04B0A44A9C4C80,0,['Arena'],Casa Giulietta,"['Centro Fotografia', 'Sighseeing', 'Torre Lamberti', 'Museo Conte', 'Museo Radio']",Tomba Giulietta,strategy_nearest,False,0.002658843994140625,success
04B0C83A9C4C80,3,['Arena'],Santa Anastasia,"['AMO', 'Museo Conte', 'Palazzo della Ragione', 'Teatro Romano', 'Centro Fotografia']",Teatro Romano,strategy_nearest,True,0.0028791427612304688,success
04B0CD429C4C80,1,"['Arena', 'Torre Lamberti', 'Palazzo della Ragione']",Duomo,"['AMO', 'Museo Miniscalchi', 'Santa Anastasia', 'Teatro Romano', 'Museo Conte']",San Fermo,strategy_nearest,False,0.0025107860565185547,success
04B0DC429C4C80,3,"['Torre Lamberti', 'Casa Giulietta']",Castelvecchio,"['Museo Lapidario', 'Verona Tour', 'Arena', 'Museo Radio', 'San Zeno']",Arena,strategy_nearest,True,0.0031349658966064453,success
04B0A84A9C4C80,0,['Arena'],Casa Giulietta,"['Centro Fotografia', 'Sighseeing', 'Torre Lamberti', 'Museo Conte', 'Museo Radio']",Torre Lamberti,strategy_nearest,True,0.004045963287353516,success
04B0F23A9C4C80,0,['Arena'],Casa Giulietta,"['Centro Fotografia', 'Sighseeing', 'Torre Lamberti', 'Museo Conte', 'Museo Radio']",Santa Anastasia,strategy_nearest,False,0.003148794174194336,success
04B0F13A9C4C80,3,"['Arena', 'Torre Lamberti']",Duomo,"['AMO', 'Museo Miniscalchi', 'Santa Anastasia', 'Teatro Romano', 'Palazzo della Ragione']",Teatro Romano,strategy_nearest,True,0.0020601749420166016,success
04B0EA3A9C4C80,3,['Arena'],Casa Giulietta,"['Centro Fotografia', 'Sighseeing', 'Torre Lamberti', 'Museo Conte', 'Museo Radio']",Santa Anastasia,strategy_nearest,False,0.0039212703704833984,success
04B0F03A9C4C80,2,"['San Fermo', 'Casa Giulietta']",Torre Lamberti,"['Sighseeing', 'Centro Fotografia', 'Museo Conte', 'Palazzo della Ragione', 'AMO']",Santa Anastasia,strategy_nearest,False,0.0015139579772949219,success
04B0F43A9C4C80,3,"['Arena', 'San Fermo']",Torre Lamberti,"['Sighseeing', 'Centro Fotografia', 'Museo Conte', 'Casa Giulietta', 'Palazzo della Ragione']",Santa Anastasia,strategy_nearest,False,0.002050638198852539,success
04B0F2429C4C80,0,['Arena'],Casa Giulietta,"['Centro Fotografia', 'Sighseeing', 'Torre Lamberti', 'Museo Conte', 'Museo Radio']",Museo Storia,strategy_nearest,False,0.0014820098876953125,success
04B0FC3A9C4C80,3,"['Arena', 'Casa Giulietta']",Torre Lamberti,"['Sighseeing', 'Centro Fotografia', 'Museo Conte', 'Palazzo della Ragione', 'AMO']",Santa Anastasia,strategy_nearest,False,0.002830982208251953,success
04B10C429C4C84,0,['Arena'],Casa Giulietta,"['Centro Fotografia', 'Sighseeing', 'Torre Lamberti', 'Museo Conte', 'Museo Radio']",Santa Anastasia,strategy_nearest,False,0.003361940383911133,success
04B10D3A9C4C84,0,['Arena'],Casa Giulietta,"['Centro Fotografia', 'Sighseeing', 'Torre Lamberti', 'Museo Conte', 'Museo Radio']",Santa Anastasia,strategy_nearest,False,0.0022652149200439453,success
04B111429C4C80,2,['Castelvecchio'],San Zeno,"['Verona Tour', 'Museo Lapidario', 'Arena', 'Museo Miniscalchi', 'Sighseeing']",Casa Giulietta,strategy_nearest,False,0.002373933792114258,success
04B113429C4C84,0,['Arena'],Casa Giulietta,"['Centro Fotografia', 'Sighseeing', 'Torre Lamberti', 'Museo Conte', 'Museo Radio']",Duomo,strategy_nearest,False,0.0032930374145507812,success
04B1183A9C4C80,1,"['Arena', 'Casa Giulietta']",Torre Lamberti,"['Sighseeing', 'Centro Fotografia', 'Museo Conte', 'Palazzo della Ragione', 'AMO']",Palazzo della Ragione,strategy_nearest,True,0.0024061203002929688,success
04B1123A9C4C80,3,"['Arena', 'Casa Giulietta']",Santa Anastasia,"['AMO', 'Museo Conte', 'Palazzo della Ragione', 'Teatro Romano', 'Centro Fotografia']",Duomo,strategy_nearest,False,0.002882719039916992,success
04B12A429C4C84,0,['Arena'],Duomo,"['AMO', 'Museo Miniscalchi', 'Santa Anastasia', 'Teatro Romano', 'Palazzo della Ragione']",Castelvecchio,strategy_nearest,False,0.002124786376953125,success
04B1294A9C4C80,3,"['Arena', 'Casa Giulietta', 'Torre Lamberti']",Santa Anastasia,"['AMO', 'Museo Conte', 'Palazzo della Ragione', 'Teatro Romano', 'Centro Fotografia']",Castelvecchio,strategy_nearest,False,0.003459930419921875,success
04B118429C4C84,3,"['Teatro Romano', 'Duomo', 'Santa Anastasia']",Torre Lamberti,"['Sighseeing', 'Centro Fotografia', 'Museo Conte', 'Casa Giulietta', 'Palazzo della Ragione']",Casa Giulietta,strategy_nearest,True,0.003551006317138672,success
04B134429C4C80,3,"['Duomo', 'Santa Anastasia', 'Torre Lamberti']",Casa Giulietta,"['Centro Fotografia', 'Sighseeing', 'Museo Conte', 'Museo Radio', 'Palazzo della Ragione']",Arena,strategy_nearest,False,0.003238201141357422,success
04B1384A9C4C80,3,"['Teatro Romano', 'Giardino Giusti', 'San Fermo', 'Arena']",Castelvecchio,"['Museo Lapidario', 'Verona Tour', 'Museo Radio', 'San Zeno', 'Sighseeing']",Santa Anastasia,strategy_nearest,False,0.0021910667419433594,success
04B13F429C4C80,2,"['Castelvecchio', 'Duomo', 'Santa Anastasia']",Casa Giulietta,"['Centro Fotografia', 'Sighseeing', 'Torre Lamberti', 'Museo Conte', 'Museo Radio']",Tomba Giulietta,strategy_nearest,False,0.002741098403930664,success
04B13E429C4C80,3,['San Fermo'],Duomo,"['AMO', 'Museo Miniscalchi', 'Santa Anastasia', 'Teatro Romano', 'Palazzo della Ragione']",Arena,strategy_nearest,False,0.0027608871459960938,success
04B155429C4C80,3,"['Santa Anastasia', 'Arena', 'Casa Giulietta']",San Zeno,"['Castelvecchio', 'Verona Tour', 'Museo Lapidario', 'Museo Miniscalchi', 'Sighseeing']",Castelvecchio,strategy_nearest,True,0.0033309459686279297,success
04B16C3A9C4C80,3,"['Arena', 'Casa Giulietta', 'Torre Lamberti']",Duomo,"['AMO', 'Museo Miniscalchi', 'Santa Anastasia', 'Teatro Romano', 'Palazzo della Ragione']",Teatro Romano,strategy_nearest,True,0.0023207664489746094,success
04B159429C4C80,2,"['Duomo', 'Santa Anastasia']",Castelvecchio,"['Museo Lapidario', 'Verona Tour', 'Arena', 'Museo Radio', 'San Zeno']",Torre Lamberti,strategy_nearest,False,0.0029981136322021484,success
04B172429C4C80,2,['Casa Giulietta'],Torre Lamberti,"['Sighseeing', 'Centro Fotografia', 'Museo Conte', 'Palazzo della Ragione', 'AMO']",Santa Anastasia,strategy_nearest,False,0.003376007080078125,success
04B16A3A9C4C80,0,"['Arena', 'Casa Giulietta']",Castelvecchio,"['Museo Lapidario', 'Verona Tour', 'Museo Radio', 'San Zeno', 'Sighseeing']",Giardino Giusti,strategy_nearest,False,0.001773834228515625,success
04B175429C4C80,3,"['Arena', 'Casa Giulietta']",Torre Lamberti,"['Sighseeing', 'Centro Fotografia', 'Museo Conte', 'Palazzo della Ragione', 'AMO']",Santa Anastasia,strategy_nearest,False,0.004547834396362305,success
04B1794A9C4C80,0,['Castelvecchio'],Teatro Romano,"['Santa Anastasia', 'Duomo', 'AMO', 'Palazzo della Ragione', 'Museo Conte']",Arena,strategy_nearest,False,0.002917051315307617,success
04B176429C4C80,3,"['Casa Giulietta', 'Santa Anastasia', 'Duomo']",Teatro Romano,"['AMO', 'Palazzo della Ragione', 'Museo Conte', 'Centro Fotografia', 'Museo Miniscalchi']",Arena,strategy_nearest,False,0.0023047924041748047,success
04B178429C4C80,2,['Casa Giulietta'],Torre Lamberti,"['Sighseeing', 'Centro Fotografia', 'Museo Conte', 'Palazzo della Ragione', 'AMO']",Castelvecchio,strategy_nearest,False,0.0023391246795654297,success
04B180429C4C80,0,['Casa Giulietta'],Casa Giulietta,"['Centro Fotografia', 'Sighseeing', 'Torre Lamberti', 'Museo Conte', 'Museo Radio']",Arena,strategy_nearest,False,0.0016999244689941406,success
04B17B4A9C4C80,0,['Tomba Giulietta'],Arena,"['Verona Tour', 'Museo Lapidario', 'Museo Radio', 'San Fermo', 'Casa Giulietta']",Casa Giulietta,strategy_nearest,True,0.0026857852935791016,success
04B183429C4C80,3,"['Casa Giulietta', 'Arena']",Torre Lamberti,"['Sighseeing', 'Centro Fotografia', 'Museo Conte', 'Palazzo della Ragione', 'AMO']",Santa Anastasia,strategy_nearest,False,0.0033659934997558594,success
04B17F4A9C4C80,3,['Arena'],Casa Giulietta,"['Centro Fotografia', 'Sighseeing', 'Torre Lamberti', 'Museo Conte', 'Museo Radio']",Torre Lamberti,strategy_nearest,True,0.003289937973022461,success
04B18D3A9C4C80,0,['Castelvecchio'],Arena,"['Verona Tour', 'Museo Lapidario', 'Museo Radio', 'San Fermo', 'Casa Giulietta']",Casa Giulietta,strategy_nearest,True,0.0022368431091308594,success
04B18B4A9C4C80,0,['Arena'],Torre Lamberti,"['Sighseeing', 'Centro Fotografia', 'Museo Conte', 'Casa Giulietta', 'Palazzo della Ragione']",Casa Giulietta,strategy_nearest,True,0.003197193145751953,success
04B195429C4C80,2,['Castelvecchio'],Casa Giulietta,"['Centro Fotografia', 'Sighseeing', 'Torre Lamberti', 'Museo Conte', 'Museo Radio']",Torre Lamberti,strategy_nearest,True,0.0035400390625,success
04B1954A9C4C80,0,"['Arena', 'Casa Giulietta']",Torre Lamberti,"['Sighseeing', 'Centro Fotografia', 'Museo Conte', 'Palazzo della Ragione', 'AMO']",Duomo,strategy_nearest,False,0.002756834030151367,success
04B1914A9C4C80,0,['Arena'],Castelvecchio,"['Museo Lapidario', 'Verona Tour', 'Museo Radio', 'San Zeno', 'Sighseeing']",Torre Lamberti,strategy_nearest,False,0.0031659603118896484,success
04B19A429C4C80,3,"['Arena', 'Museo Lapidario', 'Castelvecchio']",Duomo,"['AMO', 'Museo Miniscalchi', 'Santa Anastasia', 'Teatro Romano', 'Palazzo della Ragione']",Teatro Romano,strategy_nearest,True,0.0029108524322509766,success
04B1A83A9C4C80,0,['Arena'],Casa Giulietta,"['Centro Fotografia', 'Sighseeing', 'Torre Lamberti', 'Museo Conte', 'Museo Radio']",Torre Lamberti,strategy_nearest,True,0.0034279823303222656,success
04B1A63A9C4C80,3,"['Museo Lapidario', 'Arena', 'Casa Giulietta']",Torre Lamberti,"['Sighseeing', 'Centro Fotografia', 'Museo Conte', 'Palazzo della Ragione', 'AMO']",Santa Anastasia,strategy_nearest,False,0.0037012100219726562,success
04B19C4A9C4C80,2,['Torre Lamberti'],Casa Giulietta,"['Centro Fotografia', 'Sighseeing', 'Museo Conte', 'Museo Radio', 'Palazzo della Ragione']",Castelvecchio,strategy_nearest,False,0.0024309158325195312,success
04B1A7429C4C80,3,"['Arena', 'Castelvecchio']",Santa Anastasia,"['AMO', 'Museo Conte', 'Palazzo della Ragione', 'Teatro Romano', 'Centro Fotografia']",Casa Giulietta,strategy_nearest,False,0.0022521018981933594,success
04B1AD3A9C4C80,3,"['Arena', 'Torre Lamberti']",Casa Giulietta,"['Centro Fotografia', 'Sighseeing', 'Museo Conte', 'Museo Radio', 'Palazzo della Ragione']",Santa Anastasia,strategy_nearest,False,0.0021750926971435547,success
04B1BD3A9C4C80,3,"['Tomba Giulietta', 'Teatro Romano']",Duomo,"['AMO', 'Museo Miniscalchi', 'Santa Anastasia', 'Palazzo della Ragione', 'Museo Conte']",Torre Lamberti,strategy_nearest,False,0.0014650821685791016,success
04B1C3429C4C80,0,['Arena'],Casa Giulietta,"['Centro Fotografia', 'Sighseeing', 'Torre Lamberti', 'Museo Conte', 'Museo Radio']",Arena,strategy_nearest,False,0.0037698745727539062,success
04B1AB429C4C80,0,['Arena'],Museo Lapidario,"['Verona Tour', 'Castelvecchio', 'Museo Radio', 'San Fermo', 'Casa Giulietta']",Castelvecchio,strategy_nearest,True,0.0032622814178466797,success
04B1C83A9C4C80,2,['Castelvecchio'],Teatro Romano,"['Santa Anastasia', 'Duomo', 'AMO', 'Palazzo della Ragione', 'Museo Conte']",Torre Lamberti,strategy_nearest,False,0.002363920211791992,success
04B1CB3A9C4C80,2,['Casa Giulietta'],Torre Lamberti,"['Sighseeing', 'Centro Fotografia', 'Museo Conte', 'Palazzo della Ragione', 'AMO']",Duomo,strategy_nearest,False,0.0029299259185791016,success
04B1F53A9C4C80,3,"['Arena', 'Castelvecchio']",San Zeno,"['Verona Tour', 'Museo Lapidario', 'Museo Miniscalchi', 'Sighseeing', 'Museo Radio']",Torre Lamberti,strategy_nearest,False,0.002863168716430664,success
04B1F8429C4C80,1,"['Museo Lapidario', 'Castelvecchio', 'San Zeno', 'Arena']",Casa Giulietta,"['Centro Fotografia', 'Sighseeing', 'Torre Lamberti', 'Museo Conte', 'Museo Radio']",Torre Lamberti,strategy_nearest,True,0.003468036651611328,success
04B1D5429C4C80,3,"['Arena', 'Santa Anastasia']",Duomo,"['AMO', 'Museo Miniscalchi', 'Teatro Romano', 'Palazzo della Ragione', 'Museo Conte']",Torre Lamberti,strategy_nearest,False,0.0019042491912841797,success
04B2074A9C4C80,1,"['Arena', 'Museo Lapidario', 'Castelvecchio', 'Duomo']",Santa Anastasia,"['AMO', 'Museo Conte', 'Palazzo della Ragione', 'Teatro Romano', 'Centro Fotografia']",Palazzo della Ragione,strategy_nearest,True,0.002354860305786133,success
04B2013A9C4C84,3,['Arena'],Casa Giulietta,"['Centro Fotografia', 'Sighseeing', 'Torre Lamberti', 'Museo Conte', 'Museo Radio']",Santa Anastasia,strategy_nearest,False,0.0031099319458007812,success
04B20D429C4C80,3,['Arena'],Santa Anastasia,"['AMO', 'Museo Conte', 'Palazzo della Ragione', 'Teatro Romano', 'Centro Fotografia']",Torre Lamberti,strategy_nearest,False,0.0016508102416992188,success
04B1FF3A9C4C80,0,['Arena'],Casa Giulietta,"['Centro Fotografia', 'Sighseeing', 'Torre Lamberti', 'Museo Conte', 'Museo Radio']",Torre Lamberti,strategy_nearest,True,0.004585981369018555,success
04B2164A9C4C80,1,['Castelvecchio'],Museo Lapidario,"['Verona Tour', 'Arena', 'Museo Radio', 'San Fermo', 'Casa Giulietta']",Arena,strategy_nearest,True,0.0028557777404785156,success
04B21A3A9C4C80,3,"['Arena', 'Casa Giulietta']",Torre Lamberti,"['Sighseeing', 'Centro Fotografia', 'Museo Conte', 'Palazzo della Ragione', 'AMO']",Tomba Giulietta,strategy_nearest,False,0.0028769969940185547,success
04B213429C4C84,0,['Arena'],Casa Giulietta,"['Centro Fotografia', 'Sighseeing', 'Torre Lamberti', 'Museo Conte', 'Museo Radio']",Castelvecchio,strategy_nearest,False,0.002289295196533203,success
04B21E429C4C80,3,"['Arena', 'Castelvecchio', 'San Zeno', 'Santa Anastasia']",Duomo,"['AMO', 'Museo Miniscalchi', 'Teatro Romano', 'Palazzo della Ragione', 'Museo Conte']",Teatro Romano,strategy_nearest,True,0.0033559799194335938,success
04B2254A9C4C80,3,"['Arena', 'Castelvecchio', 'San Zeno', 'Torre Lamberti']",Casa Giulietta,"['Centro Fotografia', 'Sighseeing', 'Museo Conte', 'Museo Radio', 'Palazzo della Ragione']",Santa Anastasia,strategy_nearest,False,0.003403902053833008,success
04B221429C4C80,0,['Arena'],Casa Giulietta,"['Centro Fotografia', 'Sighseeing', 'Torre Lamberti', 'Museo Conte', 'Museo Radio']",Santa Anastasia,strategy_nearest,False,0.002209186553955078,success
04B222429C4C80,3,"['Arena', 'Torre Lamberti']",Casa Giulietta,"['Centro Fotografia', 'Sighseeing', 'Museo Conte', 'Museo Radio', 'Palazzo della Ragione']",Santa Anastasia,strategy_nearest,False,0.0027599334716796875,success
04B2263A9C4C84,0,['Arena'],Torre Lamberti,"['Sighseeing', 'Centro Fotografia', 'Museo Conte', 'Casa Giulietta', 'Palazzo della Ragione']",Castelvecchio,strategy_nearest,False,0.0034029483795166016,success
04B2283A9C4C80,3,"['Arena', 'San Fermo', 'Santa Anastasia']",Casa Giulietta,"['Centro Fotografia', 'Sighseeing', 'Torre Lamberti', 'Museo Conte', 'Museo Radio']",Duomo,strategy_nearest,False,0.001928091049194336,success
04B229429C4C80,3,"['Arena', 'Tomba Giulietta', 'Santa Anastasia', 'Teatro Romano']",Museo Storia,"['San Fermo', 'Museo Radio', 'Casa Giulietta', 'Centro Fotografia', 'Torre Lamberti']",San Fermo,strategy_nearest,True,0.0026428699493408203,success
04B22A3A9C4C80,3,"['Arena', 'Torre Lamberti']",Casa Giulietta,"['Centro Fotografia', 'Sighseeing', 'Museo Conte', 'Museo Radio', 'Palazzo della Ragione']",Teatro Romano,strategy_nearest,False,0.0031321048736572266,success
04B22B429C4C80,0,"['Arena', 'Casa Giulietta']",Torre Lamberti,"['Sighseeing', 'Centro Fotografia', 'Museo Conte', 'Palazzo della Ragione', 'AMO']",Castelvecchio,strategy_nearest,False,0.002229928970336914,success
04B2324A9C4C80,3,"['San Zeno', 'Castelvecchio']",Arena,"['Verona Tour', 'Museo Lapidario', 'Museo Radio', 'San Fermo', 'Casa Giulietta']",Duomo,strategy_nearest,False,0.0032591819763183594,success
04B233429C4C80,3,"['Santa Anastasia', 'Duomo']",Arena,"['Verona Tour', 'Museo Lapidario', 'Museo Radio', 'San Fermo', 'Casa Giulietta']",Casa Giulietta,strategy_nearest,True,0.0025501251220703125,success
04B23C429C4C80,3,"['Teatro Romano', 'Torre Lamberti']",Casa Giulietta,"['Centro Fotografia', 'Sighseeing', 'Museo Conte', 'Museo Radio', 'Palazzo della Ragione']",Arena,strategy_nearest,False,0.003231048583984375,success
04B25A429C4C80,0,"['Tomba Giulietta', 'Casa Giulietta']",Duomo,"['AMO', 'Museo Miniscalchi', 'Santa Anastasia', 'Teatro Romano', 'Palazzo della Ragione']",Teatro Romano,strategy_nearest,True,0.002774953842163086,success
04B259429C4C80,0,"['Casa Giulietta', 'Castelvecchio', 'Arena']",Tomba Giulietta,"['San Fermo', 'Museo Storia', 'Museo Lapidario', 'Museo Radio', 'Verona Tour']",Torre Lamberti,strategy_nearest,False,0.0019860267639160156,success
04B255429C4C80,0,"['Arena', 'Castelvecchio']",Casa Giulietta,"['Centro Fotografia', 'Sighseeing', 'Torre Lamberti', 'Museo Conte', 'Museo Radio']",San Zeno,strategy_nearest,False,0.0034449100494384766,success
04B246429C4C80,3,"['Arena', 'Casa Giulietta', 'Museo Lapidario']",Castelvecchio,"['Verona Tour', 'Museo Radio', 'San Zeno', 'Sighseeing', 'Museo Miniscalchi']",San Zeno,strategy_nearest,True,0.002843141555786133,success
04B26E3A9C4C80,2,"['Castelvecchio', 'San Zeno']",Teatro Romano,"['Santa Anastasia', 'Duomo', 'AMO', 'Palazzo della Ragione', 'Museo Conte']",Duomo,strategy_nearest,True,0.0027513504028320312,success
04B27D4A9C4C80,2,['Castelvecchio'],Torre Lamberti,"['Sighseeing', 'Centro Fotografia', 'Museo Conte', 'Casa Giulietta', 'Palazzo della Ragione']",Santa Anastasia,strategy_nearest,False,0.002022266387939453,success
04B27D429C4C80,0,['Casa Giulietta'],Arena,"['Verona Tour', 'Museo Lapidario', 'Museo Radio', 'San Fermo', 'Sighseeing']",Tomba Giulietta,strategy_nearest,False,0.00152587890625,success
04B26C429C4C80,3,"['Arena', 'Museo Lapidario']",Casa Giulietta,"['Centro Fotografia', 'Sighseeing', 'Torre Lamberti', 'Museo Conte', 'Museo Radio']",Torre Lamberti,strategy_nearest,True,0.0035398006439208984,success
04B280429C4C80,3,['Arena'],Torre Lamberti,"['Sighseeing', 'Centro Fotografia', 'Museo Conte', 'Casa Giulietta', 'Palazzo della Ragione']",Santa Anastasia,strategy_nearest,False,0.00347900390625,success
04B286429C4C80,3,"['Arena', 'Santa Anastasia']",Duomo,"['AMO', 'Museo Miniscalchi', 'Teatro Romano', 'Palazzo della Ragione', 'Museo Conte']",Teatro Romano,strategy_nearest,True,0.002044200897216797,success
04B285429C4C80,3,"['Castelvecchio', 'Arena', 'San Fermo']",Casa Giulietta,"['Centro Fotografia', 'Sighseeing', 'Torre Lamberti', 'Museo Conte', 'Museo Radio']",Torre Lamberti,strategy_nearest,True,0.004010915756225586,success
04B281429C4C80,0,"['Arena', 'Tomba Giulietta']",Castelvecchio,"['Museo Lapidario', 'Verona Tour', 'Museo Radio', 'San Zeno', 'Sighseeing']",Torre Lamberti,strategy_nearest,False,0.002246856689453125,success
04B288429C4C80,0,['Arena'],Casa Giulietta,"['Centro Fotografia', 'Sighseeing', 'Torre Lamberti', 'Museo Conte', 'Museo Radio']",Castelvecchio,strategy_nearest,False,0.002627849578857422,success
04B29C4A9C4C80,3,"['San Zeno', 'Castelvecchio']",Arena,"['Verona Tour', 'Museo Lapidario', 'Museo Radio', 'San Fermo', 'Casa Giulietta']",Casa Giulietta,strategy_nearest,True,0.0013132095336914062,success
04B29D4A9C4C80,2,['Casa Giulietta'],Santa Anastasia,"['AMO', 'Museo Conte', 'Palazzo della Ragione', 'Teatro Romano', 'Centro Fotografia']",Duomo,strategy_nearest,False,0.002518892288208008,success
04B2A14A9C4C80,2,['Castelvecchio'],San Fermo,"['Museo Storia', 'Museo Radio', 'Casa Giulietta', 'Centro Fotografia', 'Arena']",Giardino Giusti,strategy_nearest,False,0.0034046173095703125,success
04B2A63A9C4C80,0,"['Arena', 'Torre Lamberti']",Tomba Giulietta,"['San Fermo', 'Museo Storia', 'Museo Lapidario', 'Museo Radio', 'Verona Tour']",Teatro Romano,strategy_nearest,False,0.002328157424926758,success
04B2A8429C4C80,0,['Arena'],Castelvecchio,"['Museo Lapidario', 'Verona Tour', 'Museo Radio', 'San Zeno', 'Sighseeing']",Santa Anastasia,strategy_nearest,False,0.002496004104614258,success
04B2AA429C4C80,3,['Arena'],Torre Lamberti,"['Sighseeing', 'Centro Fotografia', 'Museo Conte', 'Casa Giulietta', 'Palazzo della Ragione']",Santa Anastasia,strategy_nearest,False,0.002377033233642578,success
04B2B83A9C4C80,0,['Castelvecchio'],Arena,"['Verona Tour', 'Museo Lapidario', 'Museo Radio', 'San Fermo', 'Casa Giulietta']",Casa Giulietta,strategy_nearest,True,0.0028371810913085938,success
04B2BC3A9C4C80,3,"['Arena', 'Casa Giulietta']",Torre Lamberti,"['Sighseeing', 'Centro Fotografia', 'Museo Conte', 'Palazzo della Ragione', 'AMO']",Santa Anastasia,strategy_nearest,False,0.0033028125762939453,success
04B2C3429C4C80,2,"['Casa Giulietta', 'Torre Lamberti']",Santa Anastasia,"['AMO', 'Museo Conte', 'Palazzo della Ragione', 'Teatro Romano', 'Centro Fotografia']",Teatro Romano,strategy_nearest,True,0.002701997756958008,success
04B2C93A9C4C80,2,['Giardino Giusti'],Torre Lamberti,"['Sighseeing', 'Centro Fotografia', 'Museo Conte', 'Casa Giulietta', 'Palazzo della Ragione']",Tomba Giulietta,strategy_nearest,False,0.0031790733337402344,success
04B2D53A9C4C80,3,"['Arena', 'Tomba Giulietta']",San Fermo,"['Museo Storia', 'Museo Radio', 'Casa Giulietta', 'Centro Fotografia', 'Sighseeing']",Casa Giulietta,strategy_nearest,True,0.0024971961975097656,success
04B2CD3A9C4C80,0,['Arena'],Torre Lamberti,"['Sighseeing', 'Centro Fotografia', 'Museo Conte', 'Casa Giulietta', 'Palazzo della Ragione']",Casa Giulietta,strategy_nearest,True,0.003404855728149414,success
04B2D5429C4C80,3,"['Arena', 'Casa Giulietta']",Torre Lamberti,"['Sighseeing', 'Centro Fotografia', 'Museo Conte', 'Palazzo della Ragione', 'AMO']",Santa Anastasia,strategy_nearest,False,0.0030570030212402344,success
04B2E73A9C4C80,2,['Tomba Giulietta'],Casa Giulietta,"['Centro Fotografia', 'Sighseeing', 'Torre Lamberti', 'Museo Conte', 'Museo Radio']",Castelvecchio,strategy_nearest,False,0.002650022506713867,success
04B2EC429C4C80,1,"['Castelvecchio', 'Arena']",Torre Lamberti,"['Sighseeing', 'Centro Fotografia', 'Museo Conte', 'Casa Giulietta', 'Palazzo della Ragione']",Palazzo della Ragione,strategy_nearest,True,0.002973794937133789,success
04B2D63A9C4C80,3,"['Arena', 'Santa Anastasia']",Teatro Romano,"['Duomo', 'AMO', 'Palazzo della Ragione', 'Museo Conte', 'Centro Fotografia']",Casa Giulietta,strategy_nearest,False,0.0027320384979248047,success
04B30E3A9C4C84,0,['Arena'],Casa Giulietta,"['Centro Fotografia', 'Sighseeing', 'Torre Lamberti', 'Museo Conte', 'Museo Radio']",Castelvecchio,strategy_nearest,False,0.0020821094512939453,success
04B30D429C4C80,3,"['Arena', 'Torre Lamberti', 'Casa Giulietta', 'Museo Lapidario']",Tomba Giulietta,"['San Fermo', 'Museo Storia', 'Museo Radio', 'Verona Tour', 'Castelvecchio']",Museo Storia,strategy_nearest,True,0.0034339427947998047,success
04B30C429C4C84,3,"['Duomo', 'Castelvecchio']",Arena,"['Verona Tour', 'Museo Lapidario', 'Museo Radio', 'San Fermo', 'Casa Giulietta']",Museo Lapidario,strategy_nearest,True,0.0035080909729003906,success
04B307429C4C80,3,"['Arena', 'Castelvecchio', 'San Fermo']",Casa Giulietta,"['Centro Fotografia', 'Sighseeing', 'Torre Lamberti', 'Museo Conte', 'Museo Radio']",Tomba Giulietta,strategy_nearest,False,0.0023050308227539062,success
04B3123A9C4C80,0,"['Castelvecchio', 'San Fermo']",Arena,"['Verona Tour', 'Museo Lapidario', 'Museo Radio', 'Casa Giulietta', 'Sighseeing']",Museo Lapidario,strategy_nearest,True,0.002106189727783203,success
04B310429C4C84,2,"['Castelvecchio', 'Torre Lamberti']",Santa Anastasia,"['AMO', 'Museo Conte', 'Palazzo della Ragione', 'Teatro Romano', 'Centro Fotografia']",San Zeno,strategy_nearest,False,0.0027570724487304688,success
04B30E429C4C84,0,['Casa Giulietta'],Arena,"['Verona Tour', 'Museo Lapidario', 'Museo Radio', 'San Fermo', 'Sighseeing']",Castelvecchio,strategy_nearest,False,0.0016362667083740234,success
04B312429C4C84,3,"['Arena', 'Tomba Giulietta', 'San Fermo']",Casa Giulietta,"['Centro Fotografia', 'Sighseeing', 'Torre Lamberti', 'Museo Conte', 'Museo Radio']",Santa Anastasia,strategy_nearest,False,0.0033388137817382812,success
04B313429C4C80,0,"['Teatro Romano', 'Torre Lamberti']",Arena,"['Verona Tour', 'Museo Lapidario', 'Museo Radio', 'San Fermo', 'Casa Giulietta']",San Zeno,strategy_nearest,False,0.0033888816833496094,success
04B318429C4C84,0,['Arena'],Casa Giulietta,"['Centro Fotografia', 'Sighseeing', 'Torre Lamberti', 'Museo Conte', 'Museo Radio']",Tomba Giulietta,strategy_nearest,False,0.003215789794921875,success
04B3154A9C4C80,3,"['Castelvecchio', 'Tomba Giulietta', 'Santa Anastasia']",Arena,"['Verona Tour', 'Museo Lapidario', 'Museo Radio', 'San Fermo', 'Casa Giulietta']",Casa Giulietta,strategy_nearest,True,0.0033740997314453125,success
04B316429C4C84,3,['Arena'],Santa Anastasia,"['AMO', 'Museo Conte', 'Palazzo della Ragione', 'Teatro Romano', 'Centro Fotografia']",Duomo,strategy_nearest,False,0.001558065414428711,success
04B31F3A9C4C84,0,['Arena'],Casa Giulietta,"['Centro Fotografia', 'Sighseeing', 'Torre Lamberti', 'Museo Conte', 'Museo Radio']",Castelvecchio,strategy_nearest,False,0.002656221389770508,success
04B31F429C4C84,0,['Arena'],Casa Giulietta,"['Centro Fotografia', 'Sighseeing', 'Torre Lamberti', 'Museo Conte', 'Museo Radio']",Castelvecchio,strategy_nearest,False,0.0020313262939453125,success
04B32B429C4C80,3,"['Arena', 'Casa Giulietta', 'Torre Lamberti']",Santa Anastasia,"['AMO', 'Museo Conte', 'Palazzo della Ragione', 'Teatro Romano', 'Centro Fotografia']",Teatro Romano,strategy_nearest,True,0.002766847610473633,success
04B3334A9C4C80,0,"['Casa Giulietta', 'Torre Lamberti']",Arena,"['Verona Tour', 'Museo Lapidario', 'Museo Radio', 'San Fermo', 'Sighseeing']",Castelvecchio,strategy_nearest,False,0.0032062530517578125,success
04B335429C4C80,3,"['Castelvecchio', 'Casa Giulietta', 'Santa Anastasia']",Duomo,"['AMO', 'Museo Miniscalchi', 'Teatro Romano', 'Palazzo della Ragione', 'Museo Conte']",Teatro Romano,strategy_nearest,True,0.0039501190185546875,success
04B3343A9C4C80,0,['Duomo'],Castelvecchio,"['Museo Lapidario', 'Verona Tour', 'Arena', 'Museo Radio', 'San Zeno']",San Zeno,strategy_nearest,True,0.002407073974609375,success
04B338429C4C80,3,"['Arena', 'Casa Giulietta']",Santa Anastasia,"['AMO', 'Museo Conte', 'Palazzo della Ragione', 'Teatro Romano', 'Centro Fotografia']",Duomo,strategy_nearest,False,0.0017158985137939453,success
04B34C3A9C4C80,3,['Arena'],San Zeno,"['Castelvecchio', 'Verona Tour', 'Museo Lapidario', 'Museo Miniscalchi', 'Sighseeing']",Castelvecchio,strategy_nearest,True,0.003106832504272461,success
04B3523A9C4C80,0,"['Arena', 'Casa Giulietta']",Torre Lamberti,"['Sighseeing', 'Centro Fotografia', 'Museo Conte', 'Palazzo della Ragione', 'AMO']",Duomo,strategy_nearest,False,0.002779722213745117,success
04B3693A9C4C80,0,"['Arena', 'Tomba Giulietta']",Torre Lamberti,"['Sighseeing', 'Centro Fotografia', 'Museo Conte', 'Casa Giulietta', 'Palazzo della Ragione']",Casa Giulietta,strategy_nearest,True,0.002637147903442383,success
04B37E429C4C80,0,"['Tomba Giulietta', 'Castelvecchio', 'Arena']",Casa Giulietta,"['Centro Fotografia', 'Sighseeing', 'Torre Lamberti', 'Museo Conte', 'Museo Radio']",Giardino Giusti,strategy_nearest,False,0.0032219886779785156,success
04B3563A9C4C80,3,"['Arena', 'Casa Giulietta']",Santa Anastasia,"['AMO', 'Museo Conte', 'Palazzo della Ragione', 'Teatro Romano', 'Centro Fotografia']",Duomo,strategy_nearest,False,0.0020301342010498047,success
04B3803A9C4C80,0,['Arena'],Casa Giulietta,"['Centro Fotografia', 'Sighseeing', 'Torre Lamberti', 'Museo Conte', 'Museo Radio']",Torre Lamberti,strategy_nearest,True,0.0023241043090820312,success
04B380429C4C80,0,['Casa Giulietta'],Arena,"['Verona Tour', 'Museo Lapidario', 'Museo Radio', 'San Fermo', 'Sighseeing']",Tomba Giulietta,strategy_nearest,False,0.0019757747650146484,success
04B384429C4C80,2,"['Casa Giulietta', 'Torre Lamberti']",Santa Anastasia,"['AMO', 'Museo Conte', 'Palazzo della Ragione', 'Teatro Romano', 'Centro Fotografia']",Duomo,strategy_nearest,False,0.002691030502319336,success
04B3834A9C4C80,2,"['Santa Anastasia', 'Duomo']",Torre Lamberti,"['Sighseeing', 'Centro Fotografia', 'Museo Conte', 'Casa Giulietta', 'Palazzo della Ragione']",San Fermo,strategy_nearest,False,0.0035800933837890625,success
04B388429C4C80,0,['Arena'],Casa Giulietta,"['Centro Fotografia', 'Sighseeing', 'Torre Lamberti', 'Museo Conte', 'Museo Radio']",Torre Lamberti,strategy_nearest,True,0.0032091140747070312,success
04B38F4A9C4C80,0,['Arena'],Castelvecchio,"['Museo Lapidario', 'Verona Tour', 'Museo Radio', 'San Zeno', 'Sighseeing']",Casa Giulietta,strategy_nearest,False,0.002290964126586914,success
04B3994A9C4C80,3,"['Arena', 'Casa Giulietta']",Santa Anastasia,"['AMO', 'Museo Conte', 'Palazzo della Ragione', 'Teatro Romano', 'Centro Fotografia']",Duomo,strategy_nearest,False,0.003008127212524414,success
04B391429C4C80,0,['Arena'],Castelvecchio,"['Museo Lapidario', 'Verona Tour', 'Museo Radio', 'San Zeno', 'Sighseeing']",Casa Giulietta,strategy_nearest,False,0.0027589797973632812,success
04B39D4A9C4C80,2,['Santa Anastasia'],Duomo,"['AMO', 'Museo Miniscalchi', 'Teatro Romano', 'Palazzo della Ragione', 'Museo Conte']",Castelvecchio,strategy_nearest,False,0.002384185791015625,success
04B3984A9C4C80,3,['Casa Giulietta'],Santa Anastasia,"['AMO', 'Museo Conte', 'Palazzo della Ragione', 'Teatro Romano', 'Centro Fotografia']",Arena,strategy_nearest,False,0.0033369064331054688,success
04B3A0429C4C80,2,"['Duomo', 'Santa Anastasia']",Teatro Romano,"['AMO', 'Palazzo della Ragione', 'Museo Conte', 'Centro Fotografia', 'Museo Miniscalchi']",Castelvecchio,strategy_nearest,False,0.0012390613555908203,success
04B39F4A9C4C80,3,['Arena'],Casa Giulietta,"['Centro Fotografia', 'Sighseeing', 'Torre Lamberti', 'Museo Conte', 'Museo Radio']",Santa Anastasia,strategy_nearest,False,0.001867055892944336,success
04B3A63A9C4C80,3,['Arena'],Duomo,"['AMO', 'Museo Miniscalchi', 'Santa Anastasia', 'Teatro Romano', 'Palazzo della Ragione']",Santa Anastasia,strategy_nearest,True,0.0024678707122802734,success
04B3A04A9C4C80,1,['Arena'],Torre Lamberti,"['Sighseeing', 'Centro Fotografia', 'Museo Conte', 'Casa Giulietta', 'Palazzo della Ragione']",Palazzo della Ragione,strategy_nearest,True,0.0035979747772216797,success
04B3A14A9C4C80,3,"['Castelvecchio', 'Arena']",San Fermo,"['Museo Storia', 'Museo Radio', 'Casa Giulietta', 'Centro Fotografia', 'Sighseeing']",Torre Lamberti,strategy_nearest,False,0.002734661102294922,success
04B3A8429C4C80,0,['Arena'],Torre Lamberti,"['Sighseeing', 'Centro Fotografia', 'Museo Conte', 'Casa Giulietta', 'Palazzo della Ragione']",Teatro Romano,strategy_nearest,False,0.003061056137084961,success
04B3AA4A9C4C80,3,['Arena'],Museo Lapidario,"['Verona Tour', 'Castelvecchio', 'Museo Radio', 'San Fermo', 'Casa Giulietta']",Santa Anastasia,strategy_nearest,False,0.0027451515197753906,success
04B3AB4A9C4C80,0,['Arena'],Casa Giulietta,"['Centro Fotografia', 'Sighseeing', 'Torre Lamberti', 'Museo Conte', 'Museo Radio']",Torre Lamberti,strategy_nearest,True,0.002670764923095703,success
04B3A84A9C4C80,0,"['Arena', 'Museo Lapidario']",Casa Giulietta,"['Centro Fotografia', 'Sighseeing', 'Torre Lamberti', 'Museo Conte', 'Museo Radio']",Torre Lamberti,strategy_nearest,True,0.002070903778076172,success
04B3AD429C4C80,3,['Arena'],Casa Giulietta,"['Centro Fotografia', 'Sighseeing', 'Torre Lamberti', 'Museo Conte', 'Museo Radio']",Duomo,strategy_nearest,False,0.003278970718383789,success
04B3B5429C4C80,3,"['Arena', 'Santa Anastasia']",Duomo,"['AMO', 'Museo Miniscalchi', 'Teatro Romano', 'Palazzo della Ragione', 'Museo Conte']",Torre Lamberti,strategy_nearest,False,0.0023241043090820312,success
04B3C3429C4C80,1,"['Arena', 'Casa Giulietta']",Palazzo della Ragione,"['AMO', 'Museo Conte', 'Torre Lamberti', 'Centro Fotografia', 'Sighseeing']",Torre Lamberti,strategy_nearest,True,0.0021708011627197266,success
04B3BE429C4C80,3,"['Tomba Giulietta', 'Casa Giulietta']",Duomo,"['AMO', 'Museo Miniscalchi', 'Santa Anastasia', 'Teatro Romano', 'Palazzo della Ragione']",Teatro Romano,strategy_nearest,True,0.003435850143432617,success
04B3C43A9C4C80,2,"['Tomba Giulietta', 'Teatro Romano']",Duomo,"['AMO', 'Museo Miniscalchi', 'Santa Anastasia', 'Palazzo della Ragione', 'Museo Conte']",Casa Giulietta,strategy_nearest,False,0.0033164024353027344,success
04B3D83A9C4C80,0,['Arena'],Casa Giulietta,"['Centro Fotografia', 'Sighseeing', 'Torre Lamberti', 'Museo Conte', 'Museo Radio']",Teatro Romano,strategy_nearest,False,0.0027930736541748047,success
04B3E8429C4C80,2,['Castelvecchio'],Santa Anastasia,"['AMO', 'Museo Conte', 'Palazzo della Ragione', 'Teatro Romano', 'Centro Fotografia']",Teatro Romano,strategy_nearest,True,0.003371000289916992,success
04B3D4429C4C80,3,"['Giardino Giusti', 'Castelvecchio']",Teatro Romano,"['Santa Anastasia', 'Duomo', 'AMO', 'Palazzo della Ragione', 'Museo Conte']",Duomo,strategy_nearest,True,0.0030601024627685547,success
04B3D5429C4C80,6,"['Arena', 'Torre Lamberti', 'Santa Anastasia']",Verona Tour,"['Museo Lapidario', 'Castelvecchio', 'Museo Radio', 'Casa Giulietta', 'Sighseeing']",Castelvecchio,strategy_nearest,True,0.002766847610473633,success
04B40D429C4C84,0,['Teatro Romano'],Arena,"['Verona Tour', 'Museo Lapidario', 'Museo Radio', 'San Fermo', 'Casa Giulietta']",Castelvecchio,strategy_nearest,False,0.0020551681518554688,success
04B3F73A9C4C80,3,"['Arena', 'Tomba Giulietta']",Teatro Romano,"['Santa Anastasia', 'Duomo', 'AMO', 'Palazzo della Ragione', 'Museo Conte']",Duomo,strategy_nearest,True,0.0027468204498291016,success
04B3F13A9C4C80,0,['Arena'],Casa Giulietta,"['Centro Fotografia', 'Sighseeing', 'Torre Lamberti', 'Museo Conte', 'Museo Radio']",Torre Lamberti,strategy_nearest,True,0.003592967987060547,success
04B3F03A9C4C80,3,"['Teatro Romano', 'Duomo']",Arena,"['Verona Tour', 'Museo Lapidario', 'Museo Radio', 'San Fermo', 'Casa Giulietta']",Torre Lamberti,strategy_nearest,False,0.0016579627990722656,success
04B40F429C4C80,3,"['Arena', 'Castelvecchio']",Duomo,"['AMO', 'Museo Miniscalchi', 'Santa Anastasia', 'Teatro Romano', 'Palazzo della Ragione']",Torre Lamberti,strategy_nearest,False,0.0032682418823242188,success
04B40E429C4C84,0,['Casa Giulietta'],Arena,"['Verona Tour', 'Museo Lapidario', 'Museo Radio', 'San Fermo', 'Sighseeing']",Castelvecchio,strategy_nearest,False,0.0016880035400390625,success
04B40F429C4C84,3,"['Arena', 'Torre Lamberti', 'Casa Giulietta']",Santa Anastasia,"['AMO', 'Museo Conte', 'Palazzo della Ragione', 'Teatro Romano', 'Centro Fotografia']",Museo Lapidario,strategy_nearest,False,0.001962900161743164,success
04B410429C4C84,3,"['Castelvecchio', 'Torre Lamberti']",Casa Giulietta,"['Centro Fotografia', 'Sighseeing', 'Museo Conte', 'Museo Radio', 'Palazzo della Ragione']",Santa Anastasia,strategy_nearest,False,0.003404855728149414,success
04B412429C4C84,3,"['Giardino Giusti', 'Teatro Romano', 'Castelvecchio']",Casa Giulietta,"['Centro Fotografia', 'Sighseeing', 'Torre Lamberti', 'Museo Conte', 'Museo Radio']",Torre Lamberti,strategy_nearest,True,0.003530740737915039,success
04B4154A9C4C80,3,"['Castelvecchio', 'San Zeno', 'Torre Lamberti']",San Fermo,"['Museo Storia', 'Museo Radio', 'Casa Giulietta', 'Centro Fotografia', 'Arena']",Arena,strategy_nearest,True,0.002312898635864258,success
04B418429C4C84,3,"['Casa Giulietta', 'Arena']",Teatro Romano,"['Santa Anastasia', 'Duomo', 'AMO', 'Palazzo della Ragione', 'Museo Conte']",Castelvecchio,strategy_nearest,False,0.0026099681854248047,success
04B41A3A9C4C84,0,['Arena'],Casa Giulietta,"['Centro Fotografia', 'Sighseeing', 'Torre Lamberti', 'Museo Conte', 'Museo Radio']",Torre Lamberti,strategy_nearest,True,0.0031762123107910156,success
04B421429C4C80,0,['Arena'],Casa Giulietta,"['Centro Fotografia', 'Sighseeing', 'Torre Lamberti', 'Museo Conte', 'Museo Radio']",Teatro Romano,strategy_nearest,False,0.0024361610412597656,success
04B41B3A9C4C84,3,"['Arena', 'Teatro Romano', 'Duomo']",Santa Anastasia,"['AMO', 'Museo Conte', 'Palazzo della Ragione', 'Centro Fotografia', 'Torre Lamberti']",Casa Giulietta,strategy_nearest,False,0.0018758773803710938,success
04B438429C4C80,0,['Arena'],Casa Giulietta,"['Centro Fotografia', 'Sighseeing', 'Torre Lamberti', 'Museo Conte', 'Museo Radio']",Santa Anastasia,strategy_nearest,False,0.0028121471405029297,success
04B429429C4C80,1,"['Torre Lamberti', 'Palazzo della Ragione', 'Casa Giulietta']",Santa Anastasia,"['AMO', 'Museo Conte', 'Teatro Romano', 'Centro Fotografia', 'Duomo']",Arena,strategy_nearest,False,0.0032570362091064453,success
04B422429C4C80,3,"['Castelvecchio', 'Santa Anastasia']",Teatro Romano,"['Duomo', 'AMO', 'Palazzo della Ragione', 'Museo Conte', 'Centro Fotografia']",Casa Giulietta,strategy_nearest,False,0.0027451515197753906,success
04B445429C4C80,0,"['Arena', 'Casa Giulietta']",San Fermo,"['Museo Storia', 'Museo Radio', 'Centro Fotografia', 'Sighseeing', 'Torre Lamberti']",Torre Lamberti,strategy_nearest,True,0.0034601688385009766,success
04B4523A9C4C80,3,"['Castelvecchio', 'Arena']",Casa Giulietta,"['Centro Fotografia', 'Sighseeing', 'Torre Lamberti', 'Museo Conte', 'Museo Radio']",Torre Lamberti,strategy_nearest,True,0.001965761184692383,success
04B45E3A9C4C80,3,"['San Zeno', 'Castelvecchio', 'Santa Anastasia', 'Duomo']",Arena,"['Verona Tour', 'Museo Lapidario', 'Museo Radio', 'San Fermo', 'Casa Giulietta']",San Fermo,strategy_nearest,True,0.003158092498779297,success
04B44E429C4C80,1,"['Arena', 'Museo Lapidario', 'Castelvecchio']",Duomo,"['AMO', 'Museo Miniscalchi', 'Santa Anastasia', 'Teatro Romano', 'Palazzo della Ragione']",Teatro Romano,strategy_nearest,True,0.002835988998413086,success
04B44B3A9C4C80,3,"['Arena', 'Casa Giulietta', 'Torre Lamberti']",Santa Anastasia,"['AMO', 'Museo Conte', 'Palazzo della Ragione', 'Teatro Romano', 'Centro Fotografia']",Duomo,strategy_nearest,False,0.003469228744506836,success
04B4713A9C4C80,0,['Arena'],Museo Lapidario,"['Verona Tour', 'Castelvecchio', 'Museo Radio', 'San Fermo', 'Casa Giulietta']",Casa Giulietta,strategy_nearest,True,0.002664804458618164,success
04B46C3A9C4C80,3,"['Arena', 'San Zeno', 'Castelvecchio']",Casa Giulietta,"['Centro Fotografia', 'Sighseeing', 'Torre Lamberti', 'Museo Conte', 'Museo Radio']",Duomo,strategy_nearest,False,0.0014986991882324219,success
04B4633A9C4C80,3,"['Arena', 'Casa Giulietta']",Santa Anastasia,"['AMO', 'Museo Conte', 'Palazzo della Ragione', 'Teatro Romano', 'Centro Fotografia']",Teatro Romano,strategy_nearest,True,0.0022058486938476562,success
04B4643A9C4C80,3,"['Arena', 'Torre Lamberti', 'Casa Giulietta']",Santa Anastasia,"['AMO', 'Museo Conte', 'Palazzo della Ragione', 'Teatro Romano', 'Centro Fotografia']",Teatro Romano,strategy_nearest,True,0.003467082977294922,success
04B47A429C4C80,2,['Torre Lamberti'],Casa Giulietta,"['Centro Fotografia', 'Sighseeing', 'Museo Conte', 'Museo Radio', 'Palazzo della Ragione']",Castelvecchio,strategy_nearest,False,0.002730846405029297,success
04B4794A9C4C80,0,['Castelvecchio'],Arena,"['Verona Tour', 'Museo Lapidario', 'Museo Radio', 'San Fermo', 'Casa Giulietta']",Duomo,strategy_nearest,False,0.0028519630432128906,success
04B475429C4C80,2,"['Casa Giulietta', 'Torre Lamberti', 'San Fermo', 'Duomo']",Santa Anastasia,"['AMO', 'Museo Conte', 'Palazzo della Ragione', 'Teatro Romano', 'Centro Fotografia']",Teatro Romano,strategy_nearest,True,0.0022509098052978516,success
04B481429C4C80,0,['Casa Giulietta'],Arena,"['Verona Tour', 'Museo Lapidario', 'Museo Radio', 'San Fermo', 'Sighseeing']",Castelvecchio,strategy_nearest,False,0.0033261775970458984,success
04B4824A9C4C80,0,['Arena'],Casa Giulietta,"['Centro Fotografia', 'Sighseeing', 'Torre Lamberti', 'Museo Conte', 'Museo Radio']",Torre Lamberti,strategy_nearest,True,0.0021240711212158203,success
04B4814A9C4C80,0,['Casa Giulietta'],Arena,"['Verona Tour', 'Museo Lapidario', 'Museo Radio', 'San Fermo', 'Sighseeing']",Teatro Romano,strategy_nearest,False,0.0017440319061279297,success
04B4834A9C4C80,0,['Casa Giulietta'],San Fermo,"['Museo Storia', 'Museo Radio', 'Centro Fotografia', 'Arena', 'Sighseeing']",Arena,strategy_nearest,True,0.0028798580169677734,success
04B485429C4C80,0,"['Arena', 'Tomba Giulietta']",Giardino Giusti,"['Santa Anastasia', 'Teatro Romano', 'Museo Conte', 'Centro Fotografia', 'Museo Storia']",San Fermo,strategy_nearest,False,0.003542661666870117,success
04B4873A9C4C80,0,['Casa Giulietta'],Arena,"['Verona Tour', 'Museo Lapidario', 'Museo Radio', 'San Fermo', 'Sighseeing']",Castelvecchio,strategy_nearest,False,0.0022928714752197266,success
04B49C429C4C80,0,['Arena'],Casa Giulietta,"['Centro Fotografia', 'Sighseeing', 'Torre Lamberti', 'Museo Conte', 'Museo Radio']",Torre Lamberti,strategy_nearest,True,0.0024912357330322266,success
04B4944A9C4C80,0,"['Arena', 'Teatro Romano']",Duomo,"['AMO', 'Museo Miniscalchi', 'Santa Anastasia', 'Palazzo della Ragione', 'Museo Conte']",Castelvecchio,strategy_nearest,False,0.0023920536041259766,success
04B4A0429C4C80,1,['Giardino Giusti'],Arena,"['Verona Tour', 'Museo Lapidario', 'Museo Radio', 'San Fermo', 'Casa Giulietta']",Casa Giulietta,strategy_nearest,True,0.001909017562866211,success
04B49E4A9C4C80,0,['Tomba Giulietta'],Arena,"['Verona Tour', 'Museo Lapidario', 'Museo Radio', 'San Fermo', 'Casa Giulietta']",Casa Giulietta,strategy_nearest,True,0.0033719539642333984,success
04B49D4A9C4C80,0,['Arena'],Casa Giulietta,"['Centro Fotografia', 'Sighseeing', 'Torre Lamberti', 'Museo Conte', 'Museo Radio']",Tomba Giulietta,strategy_nearest,False,0.0021140575408935547,success
04B4A14A9C4C80,0,"['Arena', 'Castelvecchio']",Duomo,"['AMO', 'Museo Miniscalchi', 'Santa Anastasia', 'Teatro Romano', 'Palazzo della Ragione']",Teatro Romano,strategy_nearest,True,0.003487825393676758,success
04B4A54A9C4C80,0,"['Castelvecchio', 'San Zeno']",Duomo,"['AMO', 'Museo Miniscalchi', 'Santa Anastasia', 'Teatro Romano', 'Palazzo della Ragione']",Casa Giulietta,strategy_nearest,False,0.0026519298553466797,success
04B4A24A9C4C80,3,"['Arena', 'Museo Lapidario', 'San Fermo']",Casa Giulietta,"['Centro Fotografia', 'Sighseeing', 'Torre Lamberti', 'Museo Conte', 'Museo Radio']",Torre Lamberti,strategy_nearest,True,0.002821207046508789,success
04B4A74A9C4C80,3,"['Teatro Romano', 'Duomo', 'Santa Anastasia']",Torre Lamberti,"['Sighseeing', 'Centro Fotografia', 'Museo Conte', 'Casa Giulietta', 'Palazzo della Ragione']",Arena,strategy_nearest,False,0.003256082534790039,success
04B4AA3A9C4C80,0,['Arena'],Museo Lapidario,"['Verona Tour', 'Castelvecchio', 'Museo Radio', 'San Fermo', 'Casa Giulietta']",Torre Lamberti,strategy_nearest,False,0.0026748180389404297,success
04B4A9429C4C80,0,['Arena'],Castelvecchio,"['Museo Lapidario', 'Verona Tour', 'Museo Radio', 'San Zeno', 'Sighseeing']",Torre Lamberti,strategy_nearest,False,0.0026397705078125,success
04B4A84A9C4C80,3,['Arena'],Torre Lamberti,"['Sighseeing', 'Centro Fotografia', 'Museo Conte', 'Casa Giulietta', 'Palazzo della Ragione']",Santa Anastasia,strategy_nearest,False,0.00335693359375,success
04B4BB429C4C80,2,"['San Zeno', 'Torre Lamberti']",Santa Anastasia,"['AMO', 'Museo Conte', 'Palazzo della Ragione', 'Teatro Romano', 'Centro Fotografia']",Casa Giulietta,strategy_nearest,False,0.0024127960205078125,success
04B4B5429C4C80,3,['Arena'],Torre Lamberti,"['Sighseeing', 'Centro Fotografia', 'Museo Conte', 'Casa Giulietta', 'Palazzo della Ragione']",Santa Anastasia,strategy_nearest,False,0.003172159194946289,success
04B4B2429C4C80,3,"['Arena', 'Casa Giulietta', 'Santa Anastasia']",Teatro Romano,"['Duomo', 'AMO', 'Palazzo della Ragione', 'Museo Conte', 'Centro Fotografia']",Torre Lamberti,strategy_nearest,False,0.003325939178466797,success
04B4BA3A9C4C80,0,['Arena'],Casa Giulietta,"['Centro Fotografia', 'Sighseeing', 'Torre Lamberti', 'Museo Conte', 'Museo Radio']",Torre Lamberti,strategy_nearest,True,0.0019161701202392578,success
04B4E6429C4C80,0,['Arena'],Castelvecchio,"['Museo Lapidario', 'Verona Tour', 'Museo Radio', 'San Zeno', 'Sighseeing']",Giardino Giusti,strategy_nearest,False,0.003216266632080078,success
04B4C13A9C4C80,3,"['Arena', 'Casa Giulietta']",Santa Anastasia,"['AMO', 'Museo Conte', 'Palazzo della Ragione', 'Teatro Romano', 'Centro Fotografia']",Duomo,strategy_nearest,False,0.003463268280029297,success
04B4C3429C4C80,0,['Arena'],Casa Giulietta,"['Centro Fotografia', 'Sighseeing', 'Torre Lamberti', 'Museo Conte', 'Museo Radio']",Santa Anastasia,strategy_nearest,False,0.0015988349914550781,success
04B4D0429C4C80,2,"['Castelvecchio', 'Torre Lamberti']",Santa Anastasia,"['AMO', 'Museo Conte', 'Palazzo della Ragione', 'Teatro Romano', 'Centro Fotografia']",Giardino Giusti,strategy_nearest,False,0.0021889209747314453,success
04B4EF3A9C4C80,3,"['Arena', 'Casa Giulietta']",Santa Anastasia,"['AMO', 'Museo Conte', 'Palazzo della Ragione', 'Teatro Romano', 'Centro Fotografia']",Tomba Giulietta,strategy_nearest,False,0.0014269351959228516,success
04B4F4429C4C80,0,['Arena'],Casa Giulietta,"['Centro Fotografia', 'Sighseeing', 'Torre Lamberti', 'Museo Conte', 'Museo Radio']",Castelvecchio,strategy_nearest,False,0.0028438568115234375,success
04B50D3A9C4C84,0,['Arena'],Casa Giulietta,"['Centro Fotografia', 'Sighseeing', 'Torre Lamberti', 'Museo Conte', 'Museo Radio']",Santa Anastasia,strategy_nearest,False,0.002103090286254883,success
04B510429C4C80,0,['Castelvecchio'],Casa Giulietta,"['Centro Fotografia', 'Sighseeing', 'Torre Lamberti', 'Museo Conte', 'Museo Radio']",Arena,strategy_nearest,False,0.0034210681915283203,success
04B5163A9C4C84,0,['Casa Giulietta'],Arena,"['Verona Tour', 'Museo Lapidario', 'Museo Radio', 'San Fermo', 'Sighseeing']",Tomba Giulietta,strategy_nearest,False,0.0028710365295410156,success
04B5193A9C4C84,0,['Arena'],Castelvecchio,"['Museo Lapidario', 'Verona Tour', 'Museo Radio', 'San Zeno', 'Sighseeing']",San Zeno,strategy_nearest,True,0.002710103988647461,success
04B51B3A9C4C80,3,"['Arena', 'San Zeno']",Duomo,"['AMO', 'Museo Miniscalchi', 'Santa Anastasia', 'Teatro Romano', 'Palazzo della Ragione']",Torre Lamberti,strategy_nearest,False,0.003555774688720703,success
04B5203A9C4C80,2,['Casa Giulietta'],Santa Anastasia,"['AMO', 'Museo Conte', 'Palazzo della Ragione', 'Teatro Romano', 'Centro Fotografia']",Teatro Romano,strategy_nearest,True,0.003957986831665039,success
04B520429C4C84,3,"['Arena', 'Casa Giulietta']",Torre Lamberti,"['Sighseeing', 'Centro Fotografia', 'Museo Conte', 'Palazzo della Ragione', 'AMO']",Teatro Romano,strategy_nearest,False,0.0023741722106933594,success
04B52E429C4C80,3,"['Castelvecchio', 'Santa Anastasia']",Teatro Romano,"['Duomo', 'AMO', 'Palazzo della Ragione', 'Museo Conte', 'Centro Fotografia']",Casa Giulietta,strategy_nearest,False,0.0027539730072021484,success
04B530429C4C80,0,['Arena'],San Fermo,"['Museo Storia', 'Museo Radio', 'Casa Giulietta', 'Centro Fotografia', 'Sighseeing']",Torre Lamberti,strategy_nearest,False,0.0032138824462890625,success
04B528429C4C84,3,"['Santa Anastasia', 'Torre Lamberti']",Casa Giulietta,"['Centro Fotografia', 'Sighseeing', 'Museo Conte', 'Museo Radio', 'Palazzo della Ragione']",Arena,strategy_nearest,False,0.0021970272064208984,success
04B523429C4C84,0,['Arena'],Castelvecchio,"['Museo Lapidario', 'Verona Tour', 'Museo Radio', 'San Zeno', 'Sighseeing']",San Zeno,strategy_nearest,True,0.002825021743774414,success
04B532429C4C80,3,"['Arena', 'Castelvecchio']",Duomo,"['AMO', 'Museo Miniscalchi', 'Santa Anastasia', 'Teatro Romano', 'Palazzo della Ragione']",Santa Anastasia,strategy_nearest,True,0.00203704833984375,success
04B5314A9C4C80,3,"['Teatro Romano', 'Casa Giulietta', 'Arena']",Tomba Giulietta,"['San Fermo', 'Museo Storia', 'Museo Lapidario', 'Museo Radio', 'Verona Tour']",Duomo,strategy_nearest,False,0.0014803409576416016,success
04B53C3A9C4C80,3,"['Duomo', 'Santa Anastasia']",San Fermo,"['Museo Storia', 'Museo Radio', 'Casa Giulietta', 'Centro Fotografia', 'Arena']",Arena,strategy_nearest,True,0.0025959014892578125,success
04B531429C4C80,3,['Santa Anastasia'],Duomo,"['AMO', 'Museo Miniscalchi', 'Teatro Romano', 'Palazzo della Ragione', 'Museo Conte']",Arena,strategy_nearest,False,0.004045009613037109,success
04B5563A9C4C80,0,['Castelvecchio'],Arena,"['Verona Tour', 'Museo Lapidario', 'Museo Radio', 'San Fermo', 'Casa Giulietta']",Casa Giulietta,strategy_nearest,True,0.002046346664428711,success
04B543429C4C80,0,['Arena'],Torre Lamberti,"['Sighseeing', 'Centro Fotografia', 'Museo Conte', 'Casa Giulietta', 'Palazzo della Ragione']",Castelvecchio,strategy_nearest,False,0.002649068832397461,success
04B545429C4C80,3,['Arena'],Santa Anastasia,"['AMO', 'Museo Conte', 'Palazzo della Ragione', 'Teatro Romano', 'Centro Fotografia']",Duomo,strategy_nearest,False,0.0034608840942382812,success
04B5573A9C4C80,0,['Arena'],Castelvecchio,"['Museo Lapidario', 'Verona Tour', 'Museo Radio', 'San Zeno', 'Sighseeing']",Torre Lamberti,strategy_nearest,False,0.003367900848388672,success
04B5593A9C4C80,0,['Museo Lapidario'],Arena,"['Verona Tour', 'Museo Radio', 'San Fermo', 'Casa Giulietta', 'Sighseeing']",Tomba Giulietta,strategy_nearest,False,0.0027599334716796875,success
04B56B3A9C4C80,1,"['Arena', 'Torre Lamberti']",Palazzo della Ragione,"['AMO', 'Museo Conte', 'Centro Fotografia', 'Sighseeing', 'Santa Anastasia']",Santa Anastasia,strategy_nearest,True,0.002731800079345703,success
04B5723A9C4C80,0,['Castelvecchio'],Arena,"['Verona Tour', 'Museo Lapidario', 'Museo Radio', 'San Fermo', 'Casa Giulietta']",Duomo,strategy_nearest,False,0.0032949447631835938,success
04B575429C4C80,3,"['Arena', 'Casa Giulietta']",Santa Anastasia,"['AMO', 'Museo Conte', 'Palazzo della Ragione', 'Teatro Romano', 'Centro Fotografia']",Torre Lamberti,strategy_nearest,False,0.0033490657806396484,success
04B5793A9C4C80,0,['Casa Giulietta'],Santa Anastasia,"['AMO', 'Museo Conte', 'Palazzo della Ragione', 'Teatro Romano', 'Centro Fotografia']",Arena,strategy_nearest,False,0.0026841163635253906,success
04B584429C4C80,2,['Duomo'],Santa Anastasia,"['AMO', 'Museo Conte', 'Palazzo della Ragione', 'Teatro Romano', 'Centro Fotografia']",Casa Giulietta,strategy_nearest,False,0.002730846405029297,success
04B57F429C4C80,3,"['Arena', 'Casa Giulietta']",Santa Anastasia,"['AMO', 'Museo Conte', 'Palazzo della Ragione', 'Teatro Romano', 'Centro Fotografia']",Teatro Romano,strategy_nearest,True,0.0017898082733154297,success
04B5883A9C4C80,3,"['Castelvecchio', 'Duomo', 'Teatro Romano']",Santa Anastasia,"['AMO', 'Museo Conte', 'Palazzo della Ragione', 'Centro Fotografia', 'Torre Lamberti']",Casa Giulietta,strategy_nearest,False,0.0032129287719726562,success
04B5944A9C4C80,0,['Arena'],Museo Lapidario,"['Verona Tour', 'Castelvecchio', 'Museo Radio', 'San Fermo', 'Casa Giulietta']",Castelvecchio,strategy_nearest,True,0.0019750595092773438,success
04B58E4A9C4C80,3,"['Arena', 'Torre Lamberti']",Santa Anastasia,"['AMO', 'Museo Conte', 'Palazzo della Ragione', 'Teatro Romano', 'Centro Fotografia']",Casa Giulietta,strategy_nearest,False,0.0027008056640625,success
04B58A429C4C80,2,['Castelvecchio'],Torre Lamberti,"['Sighseeing', 'Centro Fotografia', 'Museo Conte', 'Casa Giulietta', 'Palazzo della Ragione']",Santa Anastasia,strategy_nearest,False,0.004634857177734375,success
04B58D4A9C4C80,1,"['Museo Lapidario', 'Arena', 'Casa Giulietta']",Torre Lamberti,"['Sighseeing', 'Centro Fotografia', 'Museo Conte', 'Palazzo della Ragione', 'AMO']",Palazzo della Ragione,strategy_nearest,True,0.00154876708984375,success
04B599429C4C80,0,"['Arena', 'Casa Giulietta']",Duomo,"['AMO', 'Museo Miniscalchi', 'Santa Anastasia', 'Teatro Romano', 'Palazzo della Ragione']",Torre Lamberti,strategy_nearest,False,0.0022399425506591797,success
04B5A0429C4C80,0,"['Arena', 'Casa Giulietta']",Torre Lamberti,"['Sighseeing', 'Centro Fotografia', 'Museo Conte', 'Palazzo della Ragione', 'AMO']",Teatro Romano,strategy_nearest,False,0.0028328895568847656,success
04B59B4A9C4C80,0,"['Arena', 'Museo Lapidario']",Casa Giulietta,"['Centro Fotografia', 'Sighseeing', 'Torre Lamberti', 'Museo Conte', 'Museo Radio']",Torre Lamberti,strategy_nearest,True,0.002389669418334961,success
04B5A93A9C4C80,3,"['Castelvecchio', 'Casa Giulietta', 'Santa Anastasia', 'Teatro Romano']",Arena,"['Verona Tour', 'Museo Lapidario', 'Museo Radio', 'San Fermo', 'Sighseeing']",Museo Lapidario,strategy_nearest,True,0.0031969547271728516,success
04B5A8429C4C80,3,"['Arena', 'Santa Anastasia']",Duomo,"['AMO', 'Museo Miniscalchi', 'Teatro Romano', 'Palazzo della Ragione', 'Museo Conte']",Casa Giulietta,strategy_nearest,False,0.002810955047607422,success
04B5BA429C4C80,3,['Arena'],San Fermo,"['Museo Storia', 'Museo Radio', 'Casa Giulietta', 'Centro Fotografia', 'Sighseeing']",Teatro Romano,strategy_nearest,False,0.0019490718841552734,success
04B5B43A9C4C80,1,"['Arena', 'Torre Lamberti']",Palazzo della Ragione,"['AMO', 'Museo Conte', 'Centro Fotografia', 'Sighseeing', 'Santa Anastasia']",Casa Giulietta,strategy_nearest,False,0.0027811527252197266,success
04B5AC3A9C4C80,0,"['Torre Lamberti', 'Casa Giulietta']",Tomba Giulietta,"['San Fermo', 'Museo Storia', 'Arena', 'Museo Lapidario', 'Museo Radio']",Arena,strategy_nearest,True,0.0027747154235839844,success
04B5B2429C4C80,0,['Santa Anastasia'],Casa Giulietta,"['Centro Fotografia', 'Sighseeing', 'Torre Lamberti', 'Museo Conte', 'Museo Radio']",Arena,strategy_nearest,False,0.003599882125854492,success
04B5D53A9C4C80,3,"['Arena', 'Torre Lamberti']",Castelvecchio,"['Museo Lapidario', 'Verona Tour', 'Museo Radio', 'San Zeno', 'Sighseeing']",Santa Anastasia,strategy_nearest,False,0.003027200698852539,success
04B5D63A9C4C80,3,"['Arena', 'San Zeno']",Castelvecchio,"['Museo Lapidario', 'Verona Tour', 'Museo Radio', 'Sighseeing', 'Museo Miniscalchi']",Torre Lamberti,strategy_nearest,False,0.0016307830810546875,success
04B5C23A9C4C80,3,"['Tomba Giulietta', 'Arena', 'Castelvecchio']",Torre Lamberti,"['Sighseeing', 'Centro Fotografia', 'Museo Conte', 'Casa Giulietta', 'Palazzo della Ragione']",Casa Giulietta,strategy_nearest,True,0.0024139881134033203,success
04B5DA3A9C4C80,3,"['Casa Giulietta', 'Santa Anastasia', 'Arena', 'Torre Lamberti']",San Fermo,"['Museo Storia', 'Museo Radio', 'Centro Fotografia', 'Sighseeing', 'Museo Conte']",Teatro Romano,strategy_nearest,False,0.003300189971923828,success
04B5DA429C4C80,2,"['San Fermo', 'Casa Giulietta']",Torre Lamberti,"['Sighseeing', 'Centro Fotografia', 'Museo Conte', 'Palazzo della Ragione', 'AMO']",Santa Anastasia,strategy_nearest,False,0.0022950172424316406,success
04B5F0429C4C80,3,"['Castelvecchio', 'Arena']",Santa Anastasia,"['AMO', 'Museo Conte', 'Palazzo della Ragione', 'Teatro Romano', 'Centro Fotografia']",Teatro Romano,strategy_nearest,True,0.002819061279296875,success
04B5E43A9C4C80,3,"['Arena', 'Casa Giulietta', 'San Fermo', 'Tomba Giulietta']",Torre Lamberti,"['Sighseeing', 'Centro Fotografia', 'Museo Conte', 'Palazzo della Ragione', 'AMO']",Castelvecchio,strategy_nearest,False,0.0014200210571289062,success
04B6033A9C4C84,3,"['Arena', 'Torre Lamberti', 'Casa Giulietta']",Santa Anastasia,"['AMO', 'Museo Conte', 'Palazzo della Ragione', 'Teatro Romano', 'Centro Fotografia']",Duomo,strategy_nearest,False,0.003332853317260742,success
04B6043A9C4C84,2,['Duomo'],Torre Lamberti,"['Sighseeing', 'Centro Fotografia', 'Museo Conte', 'Casa Giulietta', 'Palazzo della Ragione']",Casa Giulietta,strategy_nearest,True,0.003490924835205078,success
04B60F429C4C80,0,['Castelvecchio'],Casa Giulietta,"['Centro Fotografia', 'Sighseeing', 'Torre Lamberti', 'Museo Conte', 'Museo Radio']",Arena,strategy_nearest,False,0.0013267993927001953,success
04B60B4A9C4C80,1,"['Palazzo della Ragione', 'Casa Giulietta']",Duomo,"['AMO', 'Museo Miniscalchi', 'Santa Anastasia', 'Teatro Romano', 'Museo Conte']",Castelvecchio,strategy_nearest,False,0.002874135971069336,success
04B60F429C4C84,3,"['Arena', 'Torre Lamberti', 'Castelvecchio']",Casa Giulietta,"['Centro Fotografia', 'Sighseeing', 'Museo Conte', 'Museo Radio', 'Palazzo della Ragione']",Museo Lapidario,strategy_nearest,False,0.0032341480255126953,success
04B612429C4C80,3,"['Santa Anastasia', 'Casa Giulietta', 'Castelvecchio']",Arena,"['Verona Tour', 'Museo Lapidario', 'Museo Radio', 'San Fermo', 'Sighseeing']",San Zeno,strategy_nearest,False,0.002827882766723633,success
04B614429C4C84,2,['Castelvecchio'],Santa Anastasia,"['AMO', 'Museo Conte', 'Palazzo della Ragione', 'Teatro Romano', 'Centro Fotografia']",Casa Giulietta,strategy_nearest,False,0.0028150081634521484,success
04B6124A9C4C80,0,['Arena'],Castelvecchio,"['Museo Lapidario', 'Verona Tour', 'Museo Radio', 'San Zeno', 'Sighseeing']",Casa Giulietta,strategy_nearest,False,0.001641988754272461,success
04B621429C4C84,3,"['Arena', 'Castelvecchio', 'Tomba Giulietta']",Casa Giulietta,"['Centro Fotografia', 'Sighseeing', 'Torre Lamberti', 'Museo Conte', 'Museo Radio']",Torre Lamberti,strategy_nearest,True,0.0027489662170410156,success
04B61C3A9C4C84,3,"['Arena', 'Casa Giulietta']",Santa Anastasia,"['AMO', 'Museo Conte', 'Palazzo della Ragione', 'Teatro Romano', 'Centro Fotografia']",Duomo,strategy_nearest,False,0.004505157470703125,success
04B624429C4C84,3,"['Santa Anastasia', 'Duomo']",Teatro Romano,"['AMO', 'Palazzo della Ragione', 'Museo Conte', 'Centro Fotografia', 'Museo Miniscalchi']",Tomba Giulietta,strategy_nearest,False,0.0013551712036132812,success
04B6263A9C4C84,3,"['Casa Giulietta', 'Torre Lamberti']",Teatro Romano,"['Santa Anastasia', 'Duomo', 'AMO', 'Palazzo della Ragione', 'Museo Conte']",Duomo,strategy_nearest,True,0.0032041072845458984,success
04B62C429C4C80,3,"['San Zeno', 'Arena', 'Casa Giulietta', 'Duomo']",Teatro Romano,"['Santa Anastasia', 'AMO', 'Palazzo della Ragione', 'Museo Conte', 'Centro Fotografia']",Torre Lamberti,strategy_nearest,False,0.001409769058227539,success
04B62F429C4C80,0,"['Castelvecchio', 'Arena']",Duomo,"['AMO', 'Museo Miniscalchi', 'Santa Anastasia', 'Teatro Romano', 'Palazzo della Ragione']",Torre Lamberti,strategy_nearest,False,0.002527952194213867,success
04B62A429C4C84,3,"['Arena', 'San Fermo']",Torre Lamberti,"['Sighseeing', 'Centro Fotografia', 'Museo Conte', 'Casa Giulietta', 'Palazzo della Ragione']",Santa Anastasia,strategy_nearest,False,0.0026738643646240234,success
04B6394A9C4C80,3,"['Arena', 'Casa Giulietta']",Torre Lamberti,"['Sighseeing', 'Centro Fotografia', 'Museo Conte', 'Palazzo della Ragione', 'AMO']",Duomo,strategy_nearest,False,0.003368854522705078,success
04B6413A9C4C80,2,['Casa Giulietta'],Torre Lamberti,"['Sighseeing', 'Centro Fotografia', 'Museo Conte', 'Palazzo della Ragione', 'AMO']",Castelvecchio,strategy_nearest,False,0.0019609928131103516,success
04B64B429C4C80,0,['Arena'],Duomo,"['AMO', 'Museo Miniscalchi', 'Santa Anastasia', 'Teatro Romano', 'Palazzo della Ragione']",Castelvecchio,strategy_nearest,False,0.002732992172241211,success
04B6753A9C4C80,3,['Arena'],San Zeno,"['Castelvecchio', 'Verona Tour', 'Museo Lapidario', 'Museo Miniscalchi', 'Sighseeing']",Teatro Romano,strategy_nearest,False,0.003290891647338867,success
04B678429C4C80,0,['Arena'],Casa Giulietta,"['Centro Fotografia', 'Sighseeing', 'Torre Lamberti', 'Museo Conte', 'Museo Radio']",Castelvecchio,strategy_nearest,False,0.002992868423461914,success
04B67F429C4C80,0,"['Casa Giulietta', 'Arena']",Torre Lamberti,"['Sighseeing', 'Centro Fotografia', 'Museo Conte', 'Palazzo della Ragione', 'AMO']",Castelvecchio,strategy_nearest,False,0.0023980140686035156,success
04B67E429C4C80,2,['San Zeno'],Torre Lamberti,"['Sighseeing', 'Centro Fotografia', 'Museo Conte', 'Casa Giulietta', 'Palazzo della Ragione']",Santa Anastasia,strategy_nearest,False,0.0030791759490966797,success
04B685429C4C80,2,['Duomo'],Casa Giulietta,"['Centro Fotografia', 'Sighseeing', 'Torre Lamberti', 'Museo Conte', 'Museo Radio']",Castelvecchio,strategy_nearest,False,0.0023818016052246094,success
04B6814A9C4C80,3,"['Duomo', 'Torre Lamberti']",Casa Giulietta,"['Centro Fotografia', 'Sighseeing', 'Museo Conte', 'Museo Radio', 'Palazzo della Ragione']",Arena,strategy_nearest,False,0.003982067108154297,success
04B68A429C4C80,3,"['Arena', 'Casa Giulietta']",Torre Lamberti,"['Sighseeing', 'Centro Fotografia', 'Museo Conte', 'Palazzo della Ragione', 'AMO']",Santa Anastasia,strategy_nearest,False,0.0024242401123046875,success
04B68D429C4C80,2,"['Castelvecchio', 'Torre Lamberti']",Santa Anastasia,"['AMO', 'Museo Conte', 'Palazzo della Ragione', 'Teatro Romano', 'Centro Fotografia']",Casa Giulietta,strategy_nearest,False,0.0025980472564697266,success
04B697429C4C80,0,['Arena'],Casa Giulietta,"['Centro Fotografia', 'Sighseeing', 'Torre Lamberti', 'Museo Conte', 'Museo Radio']",Torre Lamberti,strategy_nearest,True,0.002457857131958008,success
04B69B4A9C4C80,0,['Arena'],Torre Lamberti,"['Sighseeing', 'Centro Fotografia', 'Museo Conte', 'Casa Giulietta', 'Palazzo della Ragione']",Teatro Romano,strategy_nearest,False,0.0028848648071289062,success
04B69F4A9C4C80,2,"['Tomba Giulietta', 'Castelvecchio', 'Torre Lamberti']",Santa Anastasia,"['AMO', 'Museo Conte', 'Palazzo della Ragione', 'Teatro Romano', 'Centro Fotografia']",Duomo,strategy_nearest,False,0.003282308578491211,success
04B6A8429C4C80,3,"['Castelvecchio', 'Santa Anastasia']",Duomo,"['AMO', 'Museo Miniscalchi', 'Teatro Romano', 'Palazzo della Ragione', 'Museo Conte']",Teatro Romano,strategy_nearest,True,0.0025098323822021484,success
04B6A34A9C4C80,0,['Arena'],Casa Giulietta,"['Centro Fotografia', 'Sighseeing', 'Torre Lamberti', 'Museo Conte', 'Museo Radio']",Castelvecchio,strategy_nearest,False,0.0034627914428710938,success
04B6AB3A9C4C80,1,"['San Zeno', 'Duomo', 'Santa Anastasia']",Casa Giulietta,"['Centro Fotografia', 'Sighseeing', 'Torre Lamberti', 'Museo Conte', 'Museo Radio']",Palazzo della Ragione,strategy_nearest,False,0.002132892608642578,success
04B6AC3A9C4C80,0,"['Arena', 'Teatro Romano']",San Zeno,"['Castelvecchio', 'Verona Tour', 'Museo Lapidario', 'Museo Miniscalchi', 'Sighseeing']",Castelvecchio,strategy_nearest,True,0.0020401477813720703,success
04B6A84A9C4C80,2,['Castelvecchio'],San Zeno,"['Verona Tour', 'Museo Lapidario', 'Arena', 'Museo Miniscalchi', 'Sighseeing']",Teatro Romano,strategy_nearest,False,0.0035839080810546875,success
04B6B7429C4C80,3,"['Santa Anastasia', 'Casa Giulietta']",Arena,"['Verona Tour', 'Museo Lapidario', 'Museo Radio', 'San Fermo', 'Sighseeing']",Teatro Romano,strategy_nearest,False,0.0028922557830810547,success
04B6C2429C4C80,1,"['Castelvecchio', 'Arena', 'Museo Lapidario', 'Casa Giulietta']",Torre Lamberti,"['Sighseeing', 'Centro Fotografia', 'Museo Conte', 'Palazzo della Ragione', 'AMO']",Palazzo della Ragione,strategy_nearest,True,0.004456758499145508,success
04B6B2429C4C80,0,"['Arena', 'San Fermo']",Casa Giulietta,"['Centro Fotografia', 'Sighseeing', 'Torre Lamberti', 'Museo Conte', 'Museo Radio']",Torre Lamberti,strategy_nearest,True,0.0041882991790771484,success
04B6B23A9C4C80,0,['Arena'],Casa Giulietta,"['Centro Fotografia', 'Sighseeing', 'Torre Lamberti', 'Museo Conte', 'Museo Radio']",Santa Anastasia,strategy_nearest,False,0.0034530162811279297,success
04B6CC3A9C4C80,0,"['Arena', 'Museo Lapidario']",Casa Giulietta,"['Centro Fotografia', 'Sighseeing', 'Torre Lamberti', 'Museo Conte', 'Museo Radio']",Torre Lamberti,strategy_nearest,True,0.002502918243408203,success
04B6CB3A9C4C80,2,"['Torre Lamberti', 'Casa Giulietta']",Santa Anastasia,"['AMO', 'Museo Conte', 'Palazzo della Ragione', 'Teatro Romano', 'Centro Fotografia']",Teatro Romano,strategy_nearest,True,0.0026712417602539062,success
04B6CF3A9C4C80,1,"['Palazzo della Ragione', 'Casa Giulietta']",Tomba Giulietta,"['San Fermo', 'Museo Storia', 'Arena', 'Museo Lapidario', 'Museo Radio']",Arena,strategy_nearest,True,0.003251791000366211,success
04B6D43A9C4C80,0,"['Casa Giulietta', 'Torre Lamberti']",Teatro Romano,"['Santa Anastasia', 'Duomo', 'AMO', 'Palazzo della Ragione', 'Museo Conte']",Arena,strategy_nearest,False,0.0025682449340820312,success
04B6D23A9C4C80,0,['Arena'],Casa Giulietta,"['Centro Fotografia', 'Sighseeing', 'Torre Lamberti', 'Museo Conte', 'Museo Radio']",Castelvecchio,strategy_nearest,False,0.0029900074005126953,success
04B6D63A9C4C80,2,['Casa Giulietta'],Torre Lamberti,"['Sighseeing', 'Centro Fotografia', 'Museo Conte', 'Palazzo della Ragione', 'AMO']",Santa Anastasia,strategy_nearest,False,0.003489971160888672,success
04B6D93A9C4C80,2,"['Castelvecchio', 'Museo Lapidario', 'Tomba Giulietta']",San Fermo,"['Museo Storia', 'Museo Radio', 'Casa Giulietta', 'Centro Fotografia', 'Arena']",Casa Giulietta,strategy_nearest,True,0.001917123794555664,success
04B6F13A9C4C80,3,['Arena'],Teatro Romano,"['Santa Anastasia', 'Duomo', 'AMO', 'Palazzo della Ragione', 'Museo Conte']",Duomo,strategy_nearest,True,0.002216815948486328,success
04B6E6429C4C80,3,"['Castelvecchio', 'Duomo', 'Torre Lamberti']",Casa Giulietta,"['Centro Fotografia', 'Sighseeing', 'Museo Conte', 'Museo Radio', 'Palazzo della Ragione']",Tomba Giulietta,strategy_nearest,False,0.003021717071533203,success
04B6D9429C4C80,3,"['Arena', 'Torre Lamberti']",Casa Giulietta,"['Centro Fotografia', 'Sighseeing', 'Museo Conte', 'Museo Radio', 'Palazzo della Ragione']",Santa Anastasia,strategy_nearest,False,0.004364967346191406,success
04B6F23A9C4C80,2,"['Tomba Giulietta', 'San Fermo']",Casa Giulietta,"['Centro Fotografia', 'Sighseeing', 'Torre Lamberti', 'Museo Conte', 'Museo Radio']",Torre Lamberti,strategy_nearest,True,0.001505136489868164,success
04B701429C4C84,3,"['Arena', 'Duomo']",Santa Anastasia,"['AMO', 'Museo Conte', 'Palazzo della Ragione', 'Teatro Romano', 'Centro Fotografia']",San Fermo,strategy_nearest,False,0.0029876232147216797,success
04B6F1429C4C80,2,"['Museo Lapidario', 'Castelvecchio']",Duomo,"['AMO', 'Museo Miniscalchi', 'Santa Anastasia', 'Teatro Romano', 'Palazzo della Ragione']",Teatro Romano,strategy_nearest,True,0.0021800994873046875,success
04B70A429C4C84,3,"['Arena', 'San Zeno', 'Torre Lamberti']",Casa Giulietta,"['Centro Fotografia', 'Sighseeing', 'Museo Conte', 'Museo Radio', 'Palazzo della Ragione']",Giardino Giusti,strategy_nearest,False,0.0035440921783447266,success
04B70B3A9C4C84,1,['Arena'],Torre Lamberti,"['Sighseeing', 'Centro Fotografia', 'Museo Conte', 'Casa Giulietta', 'Palazzo della Ragione']",Palazzo della Ragione,strategy_nearest,True,0.0028181076049804688,success
04B710429C4C84,3,"['Arena', 'Casa Giulietta']",Torre Lamberti,"['Sighseeing', 'Centro Fotografia', 'Museo Conte', 'Palazzo della Ragione', 'AMO']",Santa Anastasia,strategy_nearest,False,0.002692699432373047,success
04B70D429C4C80,0,['Castelvecchio'],Casa Giulietta,"['Centro Fotografia', 'Sighseeing', 'Torre Lamberti', 'Museo Conte', 'Museo Radio']",Arena,strategy_nearest,False,0.0014100074768066406,success
04B712429C4C84,3,"['Arena', 'Castelvecchio', 'San Zeno']",Torre Lamberti,"['Sighseeing', 'Centro Fotografia', 'Museo Conte', 'Casa Giulietta', 'Palazzo della Ragione']",Casa Giulietta,strategy_nearest,True,0.003269195556640625,success
04B715429C4C80,0,['Arena'],Casa Giulietta,"['Centro Fotografia', 'Sighseeing', 'Torre Lamberti', 'Museo Conte', 'Museo Radio']",Torre Lamberti,strategy_nearest,True,0.0036249160766601562,success
04B714429C4C84,3,['Arena'],Castelvecchio,"['Museo Lapidario', 'Verona Tour', 'Museo Radio', 'San Zeno', 'Sighseeing']",Torre Lamberti,strategy_nearest,False,0.0023479461669921875,success
04B713429C4C84,2,['San Fermo'],Torre Lamberti,"['Sighseeing', 'Centro Fotografia', 'Museo Conte', 'Casa Giulietta', 'Palazzo della Ragione']",Castelvecchio,strategy_nearest,False,0.003258943557739258,success
04B718429C4C80,3,"['Arena', 'Tomba Giulietta', 'Museo Storia']",Giardino Giusti,"['Santa Anastasia', 'Teatro Romano', 'Museo Conte', 'Centro Fotografia', 'AMO']",San Fermo,strategy_nearest,False,0.0035800933837890625,success
04B720429C4C80,0,['Arena'],Casa Giulietta,"['Centro Fotografia', 'Sighseeing', 'Torre Lamberti', 'Museo Conte', 'Museo Radio']",Duomo,strategy_nearest,False,0.0028200149536132812,success
04B71F3A9C4C84,3,"['Arena', 'Casa Giulietta']",Torre Lamberti,"['Sighseeing', 'Centro Fotografia', 'Museo Conte', 'Palazzo della Ragione', 'AMO']",Santa Anastasia,strategy_nearest,False,0.0021359920501708984,success
04B7213A9C4C84,0,"['Arena', 'Casa Giulietta']",Duomo,"['AMO', 'Museo Miniscalchi', 'Santa Anastasia', 'Teatro Romano', 'Palazzo della Ragione']",Castelvecchio,strategy_nearest,False,0.0027458667755126953,success
04B728429C4C80,0,"['Arena', 'Castelvecchio']",Torre Lamberti,"['Sighseeing', 'Centro Fotografia', 'Museo Conte', 'Casa Giulietta', 'Palazzo della Ragione']",Torre Lamberti,strategy_nearest,False,0.0032689571380615234,success
04B72F3A9C4C80,2,['Casa Giulietta'],Torre Lamberti,"['Sighseeing', 'Centro Fotografia', 'Museo Conte', 'Palazzo della Ragione', 'AMO']",Castelvecchio,strategy_nearest,False,0.0022389888763427734,success
04B7323A9C4C80,0,['Arena'],Casa Giulietta,"['Centro Fotografia', 'Sighseeing', 'Torre Lamberti', 'Museo Conte', 'Museo Radio']",Santa Anastasia,strategy_nearest,False,0.002832174301147461,success
04B733429C4C80,0,['Arena'],Casa Giulietta,"['Centro Fotografia', 'Sighseeing', 'Torre Lamberti', 'Museo Conte', 'Museo Radio']",Torre Lamberti,strategy_nearest,True,0.0034360885620117188,success
04B729429C4C84,0,['Arena'],Santa Anastasia,"['AMO', 'Museo Conte', 'Palazzo della Ragione', 'Teatro Romano', 'Centro Fotografia']",Castelvecchio,strategy_nearest,False,0.0021469593048095703,success
04B73F3A9C4C80,3,"['Torre Lamberti', 'Casa Giulietta', 'Teatro Romano']",Duomo,"['AMO', 'Museo Miniscalchi', 'Santa Anastasia', 'Palazzo della Ragione', 'Museo Conte']",San Zeno,strategy_nearest,False,0.0020341873168945312,success
04B739429C4C80,3,"['Tomba Giulietta', 'Santa Anastasia', 'Duomo', 'Giardino Giusti']",Teatro Romano,"['AMO', 'Palazzo della Ragione', 'Museo Conte', 'Centro Fotografia', 'Museo Miniscalchi']",Torre Lamberti,strategy_nearest,False,0.0013098716735839844,success
04B7513A9C4C80,3,"['Arena', 'Castelvecchio']",Casa Giulietta,"['Centro Fotografia', 'Sighseeing', 'Torre Lamberti', 'Museo Conte', 'Museo Radio']",Santa Anastasia,strategy_nearest,False,0.0018990039825439453,success
04B74B3A9C4C80,3,['Arena'],Santa Anastasia,"['AMO', 'Museo Conte', 'Palazzo della Ragione', 'Teatro Romano', 'Centro Fotografia']",Teatro Romano,strategy_nearest,True,0.0027761459350585938,success
04B7543A9C4C80,3,"['Arena', 'Casa Giulietta']",Torre Lamberti,"['Sighseeing', 'Centro Fotografia', 'Museo Conte', 'Palazzo della Ragione', 'AMO']",Duomo,strategy_nearest,False,0.0024411678314208984,success
04B759429C4C80,0,"['Castelvecchio', 'Arena']",Casa Giulietta,"['Centro Fotografia', 'Sighseeing', 'Torre Lamberti', 'Museo Conte', 'Museo Radio']",Torre Lamberti,strategy_nearest,True,0.002485990524291992,success
04B75A429C4C80,2,['Casa Giulietta'],Torre Lamberti,"['Sighseeing', 'Centro Fotografia', 'Museo Conte', 'Palazzo della Ragione', 'AMO']",Santa Anastasia,strategy_nearest,False,0.003495931625366211,success
04B776429C4C80,0,"['Arena', 'Castelvecchio']",Casa Giulietta,"['Centro Fotografia', 'Sighseeing', 'Torre Lamberti', 'Museo Conte', 'Museo Radio']",San Fermo,strategy_nearest,False,0.0031280517578125,success
04B7683A9C4C80,3,"['Arena', 'Teatro Romano', 'Castelvecchio', 'Casa Giulietta']",Torre Lamberti,"['Sighseeing', 'Centro Fotografia', 'Museo Conte', 'Palazzo della Ragione', 'AMO']",Santa Anastasia,strategy_nearest,False,0.0017590522766113281,success
04B779429C4C80,0,['Arena'],Casa Giulietta,"['Centro Fotografia', 'Sighseeing', 'Torre Lamberti', 'Museo Conte', 'Museo Radio']",Teatro Romano,strategy_nearest,False,0.003180980682373047,success
04B781429C4C80,2,"['Casa Giulietta', 'Castelvecchio']",Santa Anastasia,"['AMO', 'Museo Conte', 'Palazzo della Ragione', 'Teatro Romano', 'Centro Fotografia']",Duomo,strategy_nearest,False,0.002928018569946289,success
04B7843A9C4C80,3,['Arena'],Santa Anastasia,"['AMO', 'Museo Conte', 'Palazzo della Ragione', 'Teatro Romano', 'Centro Fotografia']",Duomo,strategy_nearest,False,0.003518819808959961,success
04B7854A9C4C80,0,"['Arena', 'Museo Lapidario', 'Castelvecchio']",Torre Lamberti,"['Sighseeing', 'Centro Fotografia', 'Museo Conte', 'Casa Giulietta', 'Palazzo della Ragione']",Casa Giulietta,strategy_nearest,True,0.0015628337860107422,success
04B787429C4C80,0,"['Arena', 'Casa Giulietta']",Duomo,"['AMO', 'Museo Miniscalchi', 'Santa Anastasia', 'Teatro Romano', 'Palazzo della Ragione']",Teatro Romano,strategy_nearest,True,0.003329753875732422,success
04B797429C4C80,0,['Arena'],Casa Giulietta,"['Centro Fotografia', 'Sighseeing', 'Torre Lamberti', 'Museo Conte', 'Museo Radio']",Torre Lamberti,strategy_nearest,True,0.0013010501861572266,success
04B7964A9C4C80,0,"['Tomba Giulietta', 'Arena']",Castelvecchio,"['Museo Lapidario', 'Verona Tour', 'Museo Radio', 'San Zeno', 'Sighseeing']",Torre Lamberti,strategy_nearest,False,0.0032181739807128906,success
04B78D4A9C4C80,1,['Arena'],Casa Giulietta,"['Centro Fotografia', 'Sighseeing', 'Torre Lamberti', 'Museo Conte', 'Museo Radio']",Palazzo della Ragione,strategy_nearest,False,0.002665996551513672,success
04B79C429C4C80,3,"['Museo Storia', 'San Fermo', 'Torre Lamberti', 'Santa Anastasia']",Teatro Romano,"['Duomo', 'AMO', 'Palazzo della Ragione', 'Museo Conte', 'Centro Fotografia']",Duomo,strategy_nearest,True,0.003347158432006836,success
04B7A5429C4C80,2,"['Museo Lapidario', 'Castelvecchio', 'Santa Anastasia']",Duomo,"['AMO', 'Museo Miniscalchi', 'Teatro Romano', 'Palazzo della Ragione', 'Museo Conte']",Teatro Romano,strategy_nearest,True,0.001644134521484375,success
04B7A7429C4C80,3,['Arena'],Torre Lamberti,"['Sighseeing', 'Centro Fotografia', 'Museo Conte', 'Casa Giulietta', 'Palazzo della Ragione']",Santa Anastasia,strategy_nearest,False,0.002695798873901367,success
04B7A1429C4C80,3,"['Arena', 'Casa Giulietta']",Torre Lamberti,"['Sighseeing', 'Centro Fotografia', 'Museo Conte', 'Palazzo della Ragione', 'AMO']",Duomo,strategy_nearest,False,0.0026531219482421875,success
04B7AA429C4C80,2,['Tomba Giulietta'],Castelvecchio,"['Museo Lapidario', 'Verona Tour', 'Arena', 'Museo Radio', 'San Zeno']",Casa Giulietta,strategy_nearest,False,0.003033876419067383,success
04B7AE3A9C4C80,0,"['Arena', 'Torre Lamberti']",Casa Giulietta,"['Centro Fotografia', 'Sighseeing', 'Museo Conte', 'Museo Radio', 'Palazzo della Ragione']",Teatro Romano,strategy_nearest,False,0.0033981800079345703,success
04B7B23A9C4C80,3,"['Casa Giulietta', 'Duomo']",Castelvecchio,"['Museo Lapidario', 'Verona Tour', 'Arena', 'Museo Radio', 'San Zeno']",Arena,strategy_nearest,True,0.0014531612396240234,success
04B7B03A9C4C80,3,"['Arena', 'Torre Lamberti']",Casa Giulietta,"['Centro Fotografia', 'Sighseeing', 'Museo Conte', 'Museo Radio', 'Palazzo della Ragione']",Santa Anastasia,strategy_nearest,False,0.0027608871459960938,success
04B7BA429C4C80,3,"['Arena', 'Castelvecchio']",San Zeno,"['Verona Tour', 'Museo Lapidario', 'Museo Miniscalchi', 'Sighseeing', 'Museo Radio']",Torre Lamberti,strategy_nearest,False,0.0033559799194335938,success
04B7C03A9C4C80,3,"['Arena', 'Arena']",Torre Lamberti,"['Sighseeing', 'Centro Fotografia', 'Museo Conte', 'Casa Giulietta', 'Palazzo della Ragione']",Santa Anastasia,strategy_nearest,False,0.003467082977294922,success
04B7BF429C4C80,0,['Arena'],Teatro Romano,"['Santa Anastasia', 'Duomo', 'AMO', 'Palazzo della Ragione', 'Museo Conte']",Castelvecchio,strategy_nearest,False,0.003580808639526367,success
04B7C53A9C4C80,2,['Casa Giulietta'],Santa Anastasia,"['AMO', 'Museo Conte', 'Palazzo della Ragione', 'Teatro Romano', 'Centro Fotografia']",Duomo,strategy_nearest,False,0.0020720958709716797,success
04B7C83A9C4C80,3,"['Arena', 'Duomo']",Teatro Romano,"['Santa Anastasia', 'AMO', 'Palazzo della Ragione', 'Museo Conte', 'Centro Fotografia']",Santa Anastasia,strategy_nearest,True,0.0034379959106445312,success
04B7CA3A9C4C80,0,['Arena'],Casa Giulietta,"['Centro Fotografia', 'Sighseeing', 'Torre Lamberti', 'Museo Conte', 'Museo Radio']",Duomo,strategy_nearest,False,0.002683877944946289,success
04B7CC3A9C4C80,0,['Arena'],Museo Lapidario,"['Verona Tour', 'Castelvecchio', 'Museo Radio', 'San Fermo', 'Casa Giulietta']",Casa Giulietta,strategy_nearest,True,0.0018298625946044922,success
04B7CF429C4C80,3,"['Castelvecchio', 'Casa Giulietta']",Santa Anastasia,"['AMO', 'Museo Conte', 'Palazzo della Ragione', 'Teatro Romano', 'Centro Fotografia']",Duomo,strategy_nearest,False,0.0034139156341552734,success
04B7D43A9C4C80,3,"['Arena', 'San Fermo', 'Santa Anastasia']",Teatro Romano,"['Duomo', 'AMO', 'Palazzo della Ragione', 'Museo Conte', 'Centro Fotografia']",Duomo,strategy_nearest,True,0.003175020217895508,success
04B7D73A9C4C80,0,['Arena'],Torre Lamberti,"['Sighseeing', 'Centro Fotografia', 'Museo Conte', 'Casa Giulietta', 'Palazzo della Ragione']",Teatro Romano,strategy_nearest,False,0.0026481151580810547,success
04B7E5429C4C80,1,"['Museo Lapidario', 'Castelvecchio', 'San Zeno', 'Arena']",Casa Giulietta,"['Centro Fotografia', 'Sighseeing', 'Torre Lamberti', 'Museo Conte', 'Museo Radio']",Torre Lamberti,strategy_nearest,True,0.0035429000854492188,success
04B7EA3A9C4C80,3,"['Arena', 'San Zeno']",Castelvecchio,"['Museo Lapidario', 'Verona Tour', 'Museo Radio', 'Sighseeing', 'Museo Miniscalchi']",Torre Lamberti,strategy_nearest,False,0.0031299591064453125,success
04B7F13A9C4C80,0,['Arena'],Casa Giulietta,"['Centro Fotografia', 'Sighseeing', 'Torre Lamberti', 'Museo Conte', 'Museo Radio']",Duomo,strategy_nearest,False,0.0029821395874023438,success
04B7EB3A9C4C80,3,['Arena'],Casa Giulietta,"['Centro Fotografia', 'Sighseeing', 'Torre Lamberti', 'Museo Conte', 'Museo Radio']",San Fermo,strategy_nearest,False,0.0020918846130371094,success
04B7EF3A9C4C80,0,['Arena'],Casa Giulietta,"['Centro Fotografia', 'Sighseeing', 'Torre Lamberti', 'Museo Conte', 'Museo Radio']",Duomo,strategy_nearest,False,0.002668142318725586,success
04B8104A9C4C80,3,"['Casa Giulietta', 'Arena']",Santa Anastasia,"['AMO', 'Museo Conte', 'Palazzo della Ragione', 'Teatro Romano', 'Centro Fotografia']",Duomo,strategy_nearest,False,0.002279996871948242,success
04B80A429C4C84,1,"['Arena', 'San Fermo', 'Giardino Giusti', 'Tomba Giulietta']",Torre Lamberti,"['Sighseeing', 'Centro Fotografia', 'Museo Conte', 'Casa Giulietta', 'Palazzo della Ragione']",Palazzo della Ragione,strategy_nearest,True,0.0015301704406738281,success
04B7FC3A9C4C80,1,"['Arena', 'Casa Giulietta']",Palazzo della Ragione,"['AMO', 'Museo Conte', 'Torre Lamberti', 'Centro Fotografia', 'Sighseeing']",Teatro Romano,strategy_nearest,False,0.003720998764038086,success
04B8113A9C4C80,1,"['Arena', 'Duomo']",Santa Anastasia,"['AMO', 'Museo Conte', 'Palazzo della Ragione', 'Teatro Romano', 'Centro Fotografia']",Teatro Romano,strategy_nearest,True,0.0035419464111328125,success
04B814429C4C84,2,['Santa Anastasia'],Torre Lamberti,"['Sighseeing', 'Centro Fotografia', 'Museo Conte', 'Casa Giulietta', 'Palazzo della Ragione']",Castelvecchio,strategy_nearest,False,0.003293752670288086,success
04B818429C4C80,1,"['Castelvecchio', 'San Zeno', 'Arena']",Duomo,"['AMO', 'Museo Miniscalchi', 'Santa Anastasia', 'Teatro Romano', 'Palazzo della Ragione']",Santa Anastasia,strategy_nearest,True,0.0019459724426269531,success
04B81A3A9C4C80,3,"['Arena', 'Casa Giulietta']",Santa Anastasia,"['AMO', 'Museo Conte', 'Palazzo della Ragione', 'Teatro Romano', 'Centro Fotografia']",Teatro Romano,strategy_nearest,True,0.0034286975860595703,success
04B8233A9C4C84,0,['Arena'],Castelvecchio,"['Museo Lapidario', 'Verona Tour', 'Museo Radio', 'San Zeno', 'Sighseeing']",San Zeno,strategy_nearest,True,0.002504110336303711,success
04B820429C4C80,2,"['San Zeno', 'Duomo']",Santa Anastasia,"['AMO', 'Museo Conte', 'Palazzo della Ragione', 'Teatro Romano', 'Centro Fotografia']",San Fermo,strategy_nearest,False,0.0028116703033447266,success
04B822429C4C84,3,"['Arena', 'Torre Lamberti']",Santa Anastasia,"['AMO', 'Museo Conte', 'Palazzo della Ragione', 'Teatro Romano', 'Centro Fotografia']",Duomo,strategy_nearest,False,0.0033979415893554688,success
04B81A3A9C4C84,0,['Arena'],Castelvecchio,"['Museo Lapidario', 'Verona Tour', 'Museo Radio', 'San Zeno', 'Sighseeing']",Casa Giulietta,strategy_nearest,False,0.003915071487426758,success
04B823429C4C84,1,"['Casa Giulietta', 'Torre Lamberti']",Palazzo della Ragione,"['AMO', 'Museo Conte', 'Centro Fotografia', 'Sighseeing', 'Santa Anastasia']",Teatro Romano,strategy_nearest,False,0.002877950668334961,success
04B825429C4C84,3,"['Arena', 'Castelvecchio', 'Casa Giulietta']",Teatro Romano,"['Santa Anastasia', 'Duomo', 'AMO', 'Palazzo della Ragione', 'Museo Conte']",Museo Storia,strategy_nearest,False,0.0028409957885742188,success
04B82C429C4C80,3,"['Casa Giulietta', 'Torre Lamberti']",Santa Anastasia,"['AMO', 'Museo Conte', 'Palazzo della Ragione', 'Teatro Romano', 'Centro Fotografia']",Arena,strategy_nearest,False,0.002641916275024414,success
04B8254A9C4C80,0,"['Arena', 'Casa Giulietta']",Teatro Romano,"['Santa Anastasia', 'Duomo', 'AMO', 'Palazzo della Ragione', 'Museo Conte']",Castelvecchio,strategy_nearest,False,0.0015740394592285156,success
04B82A429C4C84,3,"['San Zeno', 'Castelvecchio', 'Arena']",Casa Giulietta,"['Centro Fotografia', 'Sighseeing', 'Torre Lamberti', 'Museo Conte', 'Museo Radio']",Torre Lamberti,strategy_nearest,True,0.002171039581298828,success
04B8304A9C4C80,0,"['Casa Giulietta', 'Castelvecchio']",Arena,"['Verona Tour', 'Museo Lapidario', 'Museo Radio', 'San Fermo', 'Sighseeing']",Torre Lamberti,strategy_nearest,False,0.003401041030883789,success
04B841429C4C80,0,['Arena'],Museo Lapidario,"['Verona Tour', 'Castelvecchio', 'Museo Radio', 'San Fermo', 'Casa Giulietta']",Castelvecchio,strategy_nearest,True,0.0028629302978515625,success
04B835429C4C80,1,"['Santa Anastasia', 'Duomo', 'Teatro Romano', 'San Zeno']",San Fermo,"['Museo Storia', 'Museo Radio', 'Casa Giulietta', 'Centro Fotografia', 'Arena']",Torre Lamberti,strategy_nearest,False,0.004128932952880859,success
04B84E3A9C4C80,3,"['Arena', 'Torre Lamberti']",Casa Giulietta,"['Centro Fotografia', 'Sighseeing', 'Museo Conte', 'Museo Radio', 'Palazzo della Ragione']",Santa Anastasia,strategy_nearest,False,0.0013079643249511719,success
04B86D429C4C80,2,"['Tomba Giulietta', 'Torre Lamberti']",Santa Anastasia,"['AMO', 'Museo Conte', 'Palazzo della Ragione', 'Teatro Romano', 'Centro Fotografia']",Teatro Romano,strategy_nearest,True,0.0027167797088623047,success
04B8723A9C4C80,0,['Arena'],Casa Giulietta,"['Centro Fotografia', 'Sighseeing', 'Torre Lamberti', 'Museo Conte', 'Museo Radio']",Torre Lamberti,strategy_nearest,True,0.0015149116516113281,success
04B871429C4C80,3,"['Arena', 'Castelvecchio']",Torre Lamberti,"['Sighseeing', 'Centro Fotografia', 'Museo Conte', 'Casa Giulietta', 'Palazzo della Ragione']",Casa Giulietta,strategy_nearest,True,0.003482818603515625,success
04B86F3A9C4C80,3,"['Arena', 'Castelvecchio']",Casa Giulietta,"['Centro Fotografia', 'Sighseeing', 'Torre Lamberti', 'Museo Conte', 'Museo Radio']",Teatro Romano,strategy_nearest,False,0.002232074737548828,success
04B873429C4C80,3,"['Arena', 'Castelvecchio']",Torre Lamberti,"['Sighseeing', 'Centro Fotografia', 'Museo Conte', 'Casa Giulietta', 'Palazzo della Ragione']",Casa Giulietta,strategy_nearest,True,0.0026128292083740234,success
04B876429C4C80,3,['Casa Giulietta'],Torre Lamberti,"['Sighseeing', 'Centro Fotografia', 'Museo Conte', 'Palazzo della Ragione', 'AMO']",Arena,strategy_nearest,False,0.002794981002807617,success
04B87F429C4C80,3,"['Arena', 'Torre Lamberti']",Casa Giulietta,"['Centro Fotografia', 'Sighseeing', 'Museo Conte', 'Museo Radio', 'Palazzo della Ragione']",Santa Anastasia,strategy_nearest,False,0.0026602745056152344,success
04B87B3A9C4C80,0,['Arena'],Duomo,"['AMO', 'Museo Miniscalchi', 'Santa Anastasia', 'Teatro Romano', 'Palazzo della Ragione']",Teatro Romano,strategy_nearest,True,0.002104043960571289,success
04B878429C4C80,3,"['Casa Giulietta', 'Torre Lamberti', 'Arena']",Santa Anastasia,"['AMO', 'Museo Conte', 'Palazzo della Ragione', 'Teatro Romano', 'Centro Fotografia']",Duomo,strategy_nearest,False,0.0034139156341552734,success
04B88E429C4C80,0,['Torre Lamberti'],Casa Giulietta,"['Centro Fotografia', 'Sighseeing', 'Museo Conte', 'Museo Radio', 'Palazzo della Ragione']",Arena,strategy_nearest,False,0.002535104751586914,success
04B88E4A9C4C80,3,"['Arena', 'Torre Lamberti']",Santa Anastasia,"['AMO', 'Museo Conte', 'Palazzo della Ragione', 'Teatro Romano', 'Centro Fotografia']",Casa Giulietta,strategy_nearest,False,0.0027561187744140625,success
04B87F4A9C4C80,2,['Tomba Giulietta'],Santa Anastasia,"['AMO', 'Museo Conte', 'Palazzo della Ragione', 'Teatro Romano', 'Centro Fotografia']",Casa Giulietta,strategy_nearest,False,0.001965045928955078,success
04B897429C4C80,3,"['Arena', 'Casa Giulietta']",Torre Lamberti,"['Sighseeing', 'Centro Fotografia', 'Museo Conte', 'Palazzo della Ragione', 'AMO']",Santa Anastasia,strategy_nearest,False,0.002567768096923828,success
04B88F4A9C4C80,2,['Duomo'],Santa Anastasia,"['AMO', 'Museo Conte', 'Palazzo della Ragione', 'Teatro Romano', 'Centro Fotografia']",San Fermo,strategy_nearest,False,0.0033800601959228516,success
04B898429C4C80,1,['Torre Lamberti'],Palazzo della Ragione,"['AMO', 'Museo Conte', 'Centro Fotografia', 'Sighseeing', 'Santa Anastasia']",Casa Giulietta,strategy_nearest,False,0.002513885498046875,success
04B8A24A9C4C80,1,"['Arena', 'Museo Lapidario', 'Casa Giulietta', 'Torre Lamberti']",Palazzo della Ragione,"['AMO', 'Museo Conte', 'Centro Fotografia', 'Sighseeing', 'Santa Anastasia']",Museo Storia,strategy_nearest,False,0.0031731128692626953,success
04B8A44A9C4C80,3,['Arena'],Torre Lamberti,"['Sighseeing', 'Centro Fotografia', 'Museo Conte', 'Casa Giulietta', 'Palazzo della Ragione']",Santa Anastasia,strategy_nearest,False,0.002293109893798828,success
04B8AE429C4C80,2,"['Teatro Romano', 'Torre Lamberti']",Palazzo della Ragione,"['AMO', 'Museo Conte', 'Centro Fotografia', 'Sighseeing', 'Santa Anastasia']",Casa Giulietta,strategy_nearest,False,0.0019469261169433594,success
04B8AC429C4C80,0,"['Arena', 'San Fermo', 'Museo Storia']",Casa Giulietta,"['Centro Fotografia', 'Sighseeing', 'Torre Lamberti', 'Museo Conte', 'Museo Radio']",Teatro Romano,strategy_nearest,False,0.0034210681915283203,success
04B8B1429C4C80,1,"['Teatro Romano', 'Santa Anastasia', 'Arena']",Palazzo della Ragione,"['AMO', 'Museo Conte', 'Torre Lamberti', 'Centro Fotografia', 'Sighseeing']",Torre Lamberti,strategy_nearest,True,0.0032482147216796875,success
04B8BC3A9C4C80,0,['Arena'],Teatro Romano,"['Santa Anastasia', 'Duomo', 'AMO', 'Palazzo della Ragione', 'Museo Conte']",Duomo,strategy_nearest,True,0.0026941299438476562,success
04B8CE3A9C4C80,3,"['Castelvecchio', 'Arena']",Casa Giulietta,"['Centro Fotografia', 'Sighseeing', 'Torre Lamberti', 'Museo Conte', 'Museo Radio']",Torre Lamberti,strategy_nearest,True,0.0024209022521972656,success
04B8C53A9C4C80,0,['Arena'],Casa Giulietta,"['Centro Fotografia', 'Sighseeing', 'Torre Lamberti', 'Museo Conte', 'Museo Radio']",Torre Lamberti,strategy_nearest,True,0.003216981887817383,success
04B8D13A9C4C80,1,"['Teatro Romano', 'Duomo', 'Santa Anastasia', 'Torre Lamberti', 'Palazzo della Ragione']",Casa Giulietta,"['Centro Fotografia', 'Sighseeing', 'Museo Conte', 'Museo Radio', 'San Fermo']",Museo Storia,strategy_nearest,False,0.003387928009033203,success
04B8D33A9C4C80,0,"['Torre Lamberti', 'Teatro Romano']",Arena,"['Verona Tour', 'Museo Lapidario', 'Museo Radio', 'San Fermo', 'Casa Giulietta']",Castelvecchio,strategy_nearest,False,0.0021851062774658203,success
04B8D63A9C4C80,1,"['Santa Anastasia', 'Duomo', 'Torre Lamberti', 'Palazzo della Ragione']",Casa Giulietta,"['Centro Fotografia', 'Sighseeing', 'Museo Conte', 'Museo Radio', 'San Fermo']",Castelvecchio,strategy_nearest,False,0.0027430057525634766,success
04B8E73A9C4C80,0,"['Arena', 'Torre Lamberti']",Casa Giulietta,"['Centro Fotografia', 'Sighseeing', 'Museo Conte', 'Museo Radio', 'Palazzo della Ragione']",Tomba Giulietta,strategy_nearest,False,0.0031969547271728516,success
04B8F53A9C4C80,0,['Arena'],Casa Giulietta,"['Centro Fotografia', 'Sighseeing', 'Torre Lamberti', 'Museo Conte', 'Museo Radio']",Castelvecchio,strategy_nearest,False,0.002885103225708008,success
04B8FA429C4C80,3,"['Arena', 'Casa Giulietta', 'Torre Lamberti', 'Giardino Giusti']",Teatro Romano,"['Santa Anastasia', 'Duomo', 'AMO', 'Palazzo della Ragione', 'Museo Conte']",Duomo,strategy_nearest,True,0.003461122512817383,success
04B900429C4C84,3,"['Santa Anastasia', 'Duomo']",Castelvecchio,"['Museo Lapidario', 'Verona Tour', 'Arena', 'Museo Radio', 'San Zeno']",Arena,strategy_nearest,True,0.002608776092529297,success
04B8FD429C4C80,0,['Arena'],San Zeno,"['Castelvecchio', 'Verona Tour', 'Museo Lapidario', 'Museo Miniscalchi', 'Sighseeing']",Teatro Romano,strategy_nearest,False,0.0016016960144042969,success
04B910429C4C80,2,"['Museo Lapidario', 'Castelvecchio', 'Palazzo della Ragione']",Torre Lamberti,"['Sighseeing', 'Centro Fotografia', 'Museo Conte', 'Casa Giulietta', 'AMO']",Santa Anastasia,strategy_nearest,False,0.003488779067993164,success
04B903429C4C84,0,"['San Zeno', 'Arena']",Museo Lapidario,"['Verona Tour', 'Castelvecchio', 'Museo Radio', 'San Fermo', 'Casa Giulietta']",Castelvecchio,strategy_nearest,True,0.002257823944091797,success
04B9123A9C4C80,3,"['Arena', 'Castelvecchio']",Torre Lamberti,"['Sighseeing', 'Centro Fotografia', 'Museo Conte', 'Casa Giulietta', 'Palazzo della Ragione']",Casa Giulietta,strategy_nearest,True,0.0014128684997558594,success
04B910429C4C84,3,"['Casa Giulietta', 'Torre Lamberti']",Arena,"['Verona Tour', 'Museo Lapidario', 'Museo Radio', 'San Fermo', 'Sighseeing']",Santa Anastasia,strategy_nearest,False,0.0027370452880859375,success
04B91B3A9C4C84,3,"['Arena', 'Teatro Romano', 'Duomo']",Santa Anastasia,"['AMO', 'Museo Conte', 'Palazzo della Ragione', 'Centro Fotografia', 'Torre Lamberti']",Torre Lamberti,strategy_nearest,True,0.002022981643676758,success
04B915429C4C84,2,['Santa Anastasia'],Casa Giulietta,"['Centro Fotografia', 'Sighseeing', 'Torre Lamberti', 'Museo Conte', 'Museo Radio']",Castelvecchio,strategy_nearest,False,0.0015490055084228516,success
04B9134A9C4C80,1,"['Casa Giulietta', 'Castelvecchio']",Museo Lapidario,"['Verona Tour', 'Arena', 'Museo Radio', 'San Fermo', 'Tomba Giulietta']",Arena,strategy_nearest,True,0.003422975540161133,success
04B9133A9C4C80,0,['Arena'],Teatro Romano,"['Santa Anastasia', 'Duomo', 'AMO', 'Palazzo della Ragione', 'Museo Conte']",Giardino Giusti,strategy_nearest,False,0.002869129180908203,success
04B91C429C4C84,2,"['Castelvecchio', 'Torre Lamberti', 'Casa Giulietta']",Santa Anastasia,"['AMO', 'Museo Conte', 'Palazzo della Ragione', 'Teatro Romano', 'Centro Fotografia']",Duomo,strategy_nearest,False,0.0022699832916259766,success
04B91F429C4C84,3,"['Arena', 'Casa Giulietta']",Torre Lamberti,"['Sighseeing', 'Centro Fotografia', 'Museo Conte', 'Palazzo della Ragione', 'AMO']",Teatro Romano,strategy_nearest,False,0.002722024917602539,success
04B926429C4C84,6,['Arena'],Tomba Giulietta,"['San Fermo', 'Museo Storia', 'Museo Lapidario', 'Museo Radio', 'Verona Tour']",Verona Tour,strategy_nearest,True,0.002001047134399414,success
04B9263A9C4C84,3,"['Arena', 'San Fermo']",Casa Giulietta,"['Centro Fotografia', 'Sighseeing', 'Torre Lamberti', 'Museo Conte', 'Museo Radio']",Santa Anastasia,strategy_nearest,False,0.0034308433532714844,success
04B9273A9C4C80,1,"['Arena', 'Casa Giulietta', 'Santa Anastasia', 'Duomo']",Teatro Romano,"['AMO', 'Palazzo della Ragione', 'Museo Conte', 'Centro Fotografia', 'Museo Miniscalchi']",Torre Lamberti,strategy_nearest,False,0.0028929710388183594,success
04B928429C4C80,3,"['Torre Lamberti', 'San Zeno', 'Castelvecchio']",Teatro Romano,"['Santa Anastasia', 'Duomo', 'AMO', 'Palazzo della Ragione', 'Museo Conte']",Arena,strategy_nearest,False,0.003175973892211914,success
04B935429C4C80,3,"['Santa Anastasia', 'Torre Lamberti', 'San Fermo', 'Teatro Romano']",Casa Giulietta,"['Centro Fotografia', 'Sighseeing', 'Museo Conte', 'Museo Radio', 'Palazzo della Ragione']",Arena,strategy_nearest,False,0.0017788410186767578,success
04B9363A9C4C80,3,"['Arena', 'Santa Anastasia']",Duomo,"['AMO', 'Museo Miniscalchi', 'Teatro Romano', 'Palazzo della Ragione', 'Museo Conte']",Castelvecchio,strategy_nearest,False,0.0031571388244628906,success
04B9384A9C4C80,3,"['Casa Giulietta', 'Santa Anastasia', 'Arena']",Tomba Giulietta,"['San Fermo', 'Museo Storia', 'Museo Lapidario', 'Museo Radio', 'Verona Tour']",Castelvecchio,strategy_nearest,False,0.0037822723388671875,success
04B939429C4C80,2,"['San Fermo', 'Casa Giulietta']",Santa Anastasia,"['AMO', 'Museo Conte', 'Palazzo della Ragione', 'Teatro Romano', 'Centro Fotografia']",Duomo,strategy_nearest,False,0.0019681453704833984,success
04B93F429C4C80,1,['Arena'],Torre Lamberti,"['Sighseeing', 'Centro Fotografia', 'Museo Conte', 'Casa Giulietta', 'Palazzo della Ragione']",Palazzo della Ragione,strategy_nearest,True,0.003832101821899414,success
04B946429C4C80,0,['Arena'],Casa Giulietta,"['Centro Fotografia', 'Sighseeing', 'Torre Lamberti', 'Museo Conte', 'Museo Radio']",Castelvecchio,strategy_nearest,False,0.002132892608642578,success
04B94E3A9C4C80,1,"['Arena', 'Duomo']",Santa Anastasia,"['AMO', 'Museo Conte', 'Palazzo della Ragione', 'Teatro Romano', 'Centro Fotografia']",Casa Giulietta,strategy_nearest,False,0.0024428367614746094,success
04B9493A9C4C80,0,"['Arena', 'Casa Giulietta']",Torre Lamberti,"['Sighseeing', 'Centro Fotografia', 'Museo Conte', 'Palazzo della Ragione', 'AMO']",San Fermo,strategy_nearest,False,0.0033359527587890625,success
04B959429C4C80,3,"['Castelvecchio', 'Duomo']",Arena,"['Verona Tour', 'Museo Lapidario', 'Museo Radio', 'San Fermo', 'Casa Giulietta']",Torre Lamberti,strategy_nearest,False,0.002180814743041992,success
04B9593A9C4C80,3,"['Casa Giulietta', 'Torre Lamberti', 'Santa Anastasia', 'Teatro Romano']",Castelvecchio,"['Museo Lapidario', 'Verona Tour', 'Arena', 'Museo Radio', 'San Zeno']",Arena,strategy_nearest,True,0.003452777862548828,success
04B9623A9C4C80,2,"['San Fermo', 'Casa Giulietta']",Torre Lamberti,"['Sighseeing', 'Centro Fotografia', 'Museo Conte', 'Palazzo della Ragione', 'AMO']",Teatro Romano,strategy_nearest,False,0.0015773773193359375,success
04B96B429C4C80,2,['Casa Giulietta'],Torre Lamberti,"['Sighseeing', 'Centro Fotografia', 'Museo Conte', 'Palazzo della Ragione', 'AMO']",Castelvecchio,strategy_nearest,False,0.0033049583435058594,success
04B97D429C4C80,2,"['Casa Giulietta', 'Torre Lamberti']",Santa Anastasia,"['AMO', 'Museo Conte', 'Palazzo della Ragione', 'Teatro Romano', 'Centro Fotografia']",Teatro Romano,strategy_nearest,True,0.002565145492553711,success
04B971429C4C80,0,['Arena'],Casa Giulietta,"['Centro Fotografia', 'Sighseeing', 'Torre Lamberti', 'Museo Conte', 'Museo Radio']",Torre Lamberti,strategy_nearest,True,0.0038547515869140625,success
04B97A4A9C4C80,3,"['Arena', 'Casa Giulietta']",Torre Lamberti,"['Sighseeing', 'Centro Fotografia', 'Museo Conte', 'Palazzo della Ragione', 'AMO']",Duomo,strategy_nearest,False,0.0014789104461669922,success
04B96D429C4C80,0,"['Teatro Romano', 'Tomba Giulietta']",Arena,"['Verona Tour', 'Museo Lapidario', 'Museo Radio', 'San Fermo', 'Casa Giulietta']",Casa Giulietta,strategy_nearest,True,0.0033349990844726562,success
04B9854A9C4C80,1,"['Santa Anastasia', 'Arena']",Castelvecchio,"['Museo Lapidario', 'Verona Tour', 'Museo Radio', 'San Zeno', 'Sighseeing']",Casa Giulietta,strategy_nearest,False,0.0021800994873046875,success
04B98F4A9C4C80,0,['Arena'],Castelvecchio,"['Museo Lapidario', 'Verona Tour', 'Museo Radio', 'San Zeno', 'Sighseeing']",Casa Giulietta,strategy_nearest,False,0.002630949020385742,success
04B98C429C4C80,3,"['Torre Lamberti', 'Santa Anastasia', 'Duomo']",Teatro Romano,"['AMO', 'Palazzo della Ragione', 'Museo Conte', 'Centro Fotografia', 'Museo Miniscalchi']",Casa Giulietta,strategy_nearest,False,0.0015327930450439453,success
04B987429C4C80,0,['Arena'],Torre Lamberti,"['Sighseeing', 'Centro Fotografia', 'Museo Conte', 'Casa Giulietta', 'Palazzo della Ragione']",Casa Giulietta,strategy_nearest,True,0.003350973129272461,success
04B9964A9C4C80,0,['Arena'],Duomo,"['AMO', 'Museo Miniscalchi', 'Santa Anastasia', 'Teatro Romano', 'Palazzo della Ragione']",Casa Giulietta,strategy_nearest,False,0.0015912055969238281,success
04B99A429C4C80,1,"['Arena', 'Torre Lamberti', 'Palazzo della Ragione']",Casa Giulietta,"['Centro Fotografia', 'Sighseeing', 'Museo Conte', 'Museo Radio', 'San Fermo']",Santa Anastasia,strategy_nearest,False,0.0020160675048828125,success
04B99B429C4C80,3,"['Arena', 'San Fermo', 'Casa Giulietta']",Torre Lamberti,"['Sighseeing', 'Centro Fotografia', 'Museo Conte', 'Palazzo della Ragione', 'AMO']",Santa Anastasia,strategy_nearest,False,0.0030510425567626953,success
04B997429C4C80,1,"['Arena', 'Casa Giulietta', 'Duomo']",Teatro Romano,"['Santa Anastasia', 'AMO', 'Palazzo della Ragione', 'Museo Conte', 'Centro Fotografia']",Torre Lamberti,strategy_nearest,False,0.004018306732177734,success
04B99C429C4C80,0,['Arena'],Museo Lapidario,"['Verona Tour', 'Castelvecchio', 'Museo Radio', 'San Fermo', 'Casa Giulietta']",Castelvecchio,strategy_nearest,True,0.0025091171264648438,success
04B99D4A9C4C80,0,['Arena'],Torre Lamberti,"['Sighseeing', 'Centro Fotografia', 'Museo Conte', 'Casa Giulietta', 'Palazzo della Ragione']",Casa Giulietta,strategy_nearest,True,0.003232717514038086,success
04B9A5429C4C80,3,"['Santa Anastasia', 'Arena']",Museo Lapidario,"['Verona Tour', 'Castelvecchio', 'Museo Radio', 'San Fermo', 'Casa Giulietta']",Castelvecchio,strategy_nearest,True,0.0017998218536376953,success
04B99F4A9C4C80,3,"['Arena', 'Torre Lamberti']",Casa Giulietta,"['Centro Fotografia', 'Sighseeing', 'Museo Conte', 'Museo Radio', 'Palazzo della Ragione']",Duomo,strategy_nearest,False,0.0025072097778320312,success
04B9B3429C4C80,0,['Casa Giulietta'],Arena,"['Verona Tour', 'Museo Lapidario', 'Museo Radio', 'San Fermo', 'Sighseeing']",Castelvecchio,strategy_nearest,False,0.0019538402557373047,success
04B9AB3A9C4C80,0,['Arena'],Castelvecchio,"['Museo Lapidario', 'Verona Tour', 'Museo Radio', 'San Zeno', 'Sighseeing']",San Zeno,strategy_nearest,True,0.004063129425048828,success
04B9A94A9C4C80,3,"['Arena', 'San Fermo']",Casa Giulietta,"['Centro Fotografia', 'Sighseeing', 'Torre Lamberti', 'Museo Conte', 'Museo Radio']",Santa Anastasia,strategy_nearest,False,0.0036652088165283203,success
04B9B43A9C4C80,0,['Castelvecchio'],Arena,"['Verona Tour', 'Museo Lapidario', 'Museo Radio', 'San Fermo', 'Casa Giulietta']",Casa Giulietta,strategy_nearest,True,0.0032880306243896484,success
04B9BA3A9C4C80,0,['Tomba Giulietta'],Arena,"['Verona Tour', 'Museo Lapidario', 'Museo Radio', 'San Fermo', 'Casa Giulietta']",Casa Giulietta,strategy_nearest,True,0.002846956253051758,success
04B9D53A9C4C80,3,"['Arena', 'Castelvecchio', 'Casa Giulietta', 'Tomba Giulietta']",Museo Lapidario,"['Verona Tour', 'Museo Radio', 'San Fermo', 'Sighseeing', 'Torre Lamberti']",San Fermo,strategy_nearest,True,0.002846956253051758,success
04B9C33A9C4C80,3,"['Arena', 'Casa Giulietta']",San Fermo,"['Museo Storia', 'Museo Radio', 'Centro Fotografia', 'Sighseeing', 'Torre Lamberti']",Santa Anastasia,strategy_nearest,False,0.0036101341247558594,success
04B9C1429C4C80,3,"['Arena', 'Torre Lamberti']",Santa Anastasia,"['AMO', 'Museo Conte', 'Palazzo della Ragione', 'Teatro Romano', 'Centro Fotografia']",Duomo,strategy_nearest,False,0.0016062259674072266,success
04B9DA3A9C4C80,3,"['Museo Lapidario', 'Casa Giulietta', 'San Fermo']",Arena,"['Verona Tour', 'Museo Radio', 'Sighseeing', 'Castelvecchio', 'Torre Lamberti']",Torre Lamberti,strategy_nearest,True,0.0027768611907958984,success
04B9D83A9C4C80,0,['Casa Giulietta'],Torre Lamberti,"['Sighseeing', 'Centro Fotografia', 'Museo Conte', 'Palazzo della Ragione', 'AMO']",Castelvecchio,strategy_nearest,False,0.003538846969604492,success
04B9D5429C4C80,3,"['Casa Giulietta', 'Arena']",Castelvecchio,"['Museo Lapidario', 'Verona Tour', 'Museo Radio', 'San Zeno', 'Sighseeing']",Torre Lamberti,strategy_nearest,False,0.0028371810913085938,success
04B9DC429C4C80,2,['Teatro Romano'],Santa Anastasia,"['AMO', 'Museo Conte', 'Palazzo della Ragione', 'Centro Fotografia', 'Duomo']",Casa Giulietta,strategy_nearest,False,0.0021228790283203125,success
04BA0F429C4C80,3,"['Arena', 'Castelvecchio', 'San Zeno']",Casa Giulietta,"['Centro Fotografia', 'Sighseeing', 'Torre Lamberti', 'Museo Conte', 'Museo Radio']",Santa Anastasia,strategy_nearest,False,0.0027980804443359375,success
04B9F63A9C4C80,2,['Castelvecchio'],San Zeno,"['Verona Tour', 'Museo Lapidario', 'Arena', 'Museo Miniscalchi', 'Sighseeing']",Tomba Giulietta,strategy_nearest,False,0.0035958290100097656,success
04B9DF3A9C4C80,0,['Castelvecchio'],Tomba Giulietta,"['San Fermo', 'Museo Storia', 'Arena', 'Museo Lapidario', 'Museo Radio']",Arena,strategy_nearest,True,0.002452850341796875,success
04B9F53A9C4C80,0,['Casa Giulietta'],Torre Lamberti,"['Sighseeing', 'Centro Fotografia', 'Museo Conte', 'Palazzo della Ragione', 'AMO']",Arena,strategy_nearest,False,0.0017979145050048828,success
04BA1A3A9C4C80,3,"['Arena', 'Museo Lapidario']",Duomo,"['AMO', 'Museo Miniscalchi', 'Santa Anastasia', 'Teatro Romano', 'Palazzo della Ragione']",Santa Anastasia,strategy_nearest,True,0.002035856246948242,success
04BA134A9C4C80,0,"['Casa Giulietta', 'Torre Lamberti']",Arena,"['Verona Tour', 'Museo Lapidario', 'Museo Radio', 'San Fermo', 'Sighseeing']",Castelvecchio,strategy_nearest,False,0.0014078617095947266,success
04BA13429C4C84,0,['Arena'],Casa Giulietta,"['Centro Fotografia', 'Sighseeing', 'Torre Lamberti', 'Museo Conte', 'Museo Radio']",Torre Lamberti,strategy_nearest,True,0.002817869186401367,success
04BA253A9C4C84,3,"['Arena', 'Museo Lapidario', 'Castelvecchio']",Casa Giulietta,"['Centro Fotografia', 'Sighseeing', 'Torre Lamberti', 'Museo Conte', 'Museo Radio']",Santa Anastasia,strategy_nearest,False,0.0033941268920898438,success
04BA2C429C4C80,0,"['Arena', 'Casa Giulietta']",Torre Lamberti,"['Sighseeing', 'Centro Fotografia', 'Museo Conte', 'Palazzo della Ragione', 'AMO']",Castelvecchio,strategy_nearest,False,0.0029990673065185547,success
04BA2C3A9C4C80,3,"['Castelvecchio', 'Casa Giulietta', 'Arena']",Duomo,"['AMO', 'Museo Miniscalchi', 'Santa Anastasia', 'Teatro Romano', 'Palazzo della Ragione']",Teatro Romano,strategy_nearest,True,0.0030660629272460938,success
04BA29429C4C80,3,"['Santa Anastasia', 'Casa Giulietta']",San Fermo,"['Museo Storia', 'Museo Radio', 'Centro Fotografia', 'Arena', 'Sighseeing']",Torre Lamberti,strategy_nearest,False,0.002525806427001953,success
04BA314A9C4C80,3,"['Castelvecchio', 'Arena', 'Teatro Romano', 'Santa Anastasia']",Duomo,"['AMO', 'Museo Miniscalchi', 'Palazzo della Ragione', 'Museo Conte', 'Torre Lamberti']",Museo Storia,strategy_nearest,False,0.003663778305053711,success
04BA3F429C4C80,1,"['Museo Storia', 'Teatro Romano', 'Duomo']",Santa Anastasia,"['AMO', 'Museo Conte', 'Palazzo della Ragione', 'Centro Fotografia', 'Torre Lamberti']",Torre Lamberti,strategy_nearest,True,0.002649068832397461,success
04BA433A9C4C80,0,"['Teatro Romano', 'Casa Giulietta']",Arena,"['Verona Tour', 'Museo Lapidario', 'Museo Radio', 'San Fermo', 'Sighseeing']",Torre Lamberti,strategy_nearest,False,0.003100156784057617,success
04BA33429C4C80,3,['Duomo'],Arena,"['Verona Tour', 'Museo Lapidario', 'Museo Radio', 'San Fermo', 'Casa Giulietta']",San Zeno,strategy_nearest,False,0.0018699169158935547,success
04BA783A9C4C80,3,['Arena'],San Fermo,"['Museo Storia', 'Museo Radio', 'Casa Giulietta', 'Centro Fotografia', 'Sighseeing']",Casa Giulietta,strategy_nearest,True,0.002626180648803711,success
04BA443A9C4C80,3,"['San Fermo', 'Casa Giulietta', 'Arena']",Castelvecchio,"['Museo Lapidario', 'Verona Tour', 'Museo Radio', 'San Zeno', 'Sighseeing']",San Zeno,strategy_nearest,True,0.0040531158447265625,success
04BA4B429C4C80,0,['Arena'],Museo Lapidario,"['Verona Tour', 'Castelvecchio', 'Museo Radio', 'San Fermo', 'Casa Giulietta']",Casa Giulietta,strategy_nearest,True,0.0013098716735839844,success
04BA82429C4C80,3,"['Casa Giulietta', 'Arena']",Castelvecchio,"['Museo Lapidario', 'Verona Tour', 'Museo Radio', 'San Zeno', 'Sighseeing']",Teatro Romano,strategy_nearest,False,0.0031218528747558594,success
04BA843A9C4C80,1,"['Arena', 'Torre Lamberti', 'Palazzo della Ragione']",Santa Anastasia,"['AMO', 'Museo Conte', 'Teatro Romano', 'Centro Fotografia', 'Duomo']",Duomo,strategy_nearest,True,0.0028111934661865234,success
04BA874A9C4C80,0,"['Museo Lapidario', 'Torre Lamberti']",Casa Giulietta,"['Centro Fotografia', 'Sighseeing', 'Museo Conte', 'Museo Radio', 'Palazzo della Ragione']",Arena,strategy_nearest,False,0.002160310745239258,success
04BA88429C4C80,3,"['Arena', 'San Fermo']",Santa Anastasia,"['AMO', 'Museo Conte', 'Palazzo della Ragione', 'Teatro Romano', 'Centro Fotografia']",San Zeno,strategy_nearest,False,0.0033919811248779297,success
04BA8C4A9C4C80,3,"['Arena', 'Castelvecchio']",Torre Lamberti,"['Sighseeing', 'Centro Fotografia', 'Museo Conte', 'Casa Giulietta', 'Palazzo della Ragione']",Casa Giulietta,strategy_nearest,True,0.0033919811248779297,success
04BA9C429C4C80,0,['Arena'],Casa Giulietta,"['Centro Fotografia', 'Sighseeing', 'Torre Lamberti', 'Museo Conte', 'Museo Radio']",Torre Lamberti,strategy_nearest,True,0.002045154571533203,success
04BA9A4A9C4C80,0,['Arena'],Casa Giulietta,"['Centro Fotografia', 'Sighseeing', 'Torre Lamberti', 'Museo Conte', 'Museo Radio']",Torre Lamberti,strategy_nearest,True,0.0033600330352783203,success
04BA934A9C4C80,0,['Arena'],Torre Lamberti,"['Sighseeing', 'Centro Fotografia', 'Museo Conte', 'Casa Giulietta', 'Palazzo della Ragione']",Teatro Romano,strategy_nearest,False,0.002312898635864258,success
04BA9A429C4C80,1,['Arena'],Palazzo della Ragione,"['AMO', 'Museo Conte', 'Torre Lamberti', 'Centro Fotografia', 'Sighseeing']",San Fermo,strategy_nearest,False,0.0033998489379882812,success
04BAAB4A9C4C80,0,['Arena'],Casa Giulietta,"['Centro Fotografia', 'Sighseeing', 'Torre Lamberti', 'Museo Conte', 'Museo Radio']",Torre Lamberti,strategy_nearest,True,0.0013058185577392578,success
04BA9D4A9C4C80,2,['Casa Giulietta'],Santa Anastasia,"['AMO', 'Museo Conte', 'Palazzo della Ragione', 'Teatro Romano', 'Centro Fotografia']",Duomo,strategy_nearest,False,0.003312826156616211,success
04BAA63A9C4C80,3,"['Arena', 'Museo Lapidario']",Castelvecchio,"['Verona Tour', 'Museo Radio', 'San Zeno', 'Sighseeing', 'Museo Miniscalchi']",Teatro Romano,strategy_nearest,False,0.0026197433471679688,success
04BAAD3A9C4C80,0,"['Arena', 'Casa Giulietta']",Torre Lamberti,"['Sighseeing', 'Centro Fotografia', 'Museo Conte', 'Palazzo della Ragione', 'AMO']",Museo Storia,strategy_nearest,False,0.0033500194549560547,success
04BAAE3A9C4C80,1,"['Arena', 'Castelvecchio']",Torre Lamberti,"['Sighseeing', 'Centro Fotografia', 'Museo Conte', 'Casa Giulietta', 'Palazzo della Ragione']",Palazzo della Ragione,strategy_nearest,True,0.0018417835235595703,success
04BAB13A9C4C80,1,"['Arena', 'Casa Giulietta']",Palazzo della Ragione,"['AMO', 'Museo Conte', 'Torre Lamberti', 'Centro Fotografia', 'Sighseeing']",Torre Lamberti,strategy_nearest,True,0.002424001693725586,success
04BABE3A9C4C80,0,['Arena'],Casa Giulietta,"['Centro Fotografia', 'Sighseeing', 'Torre Lamberti', 'Museo Conte', 'Museo Radio']",Torre Lamberti,strategy_nearest,True,0.0024788379669189453,success
04BAB83A9C4C80,0,['Arena'],Casa Giulietta,"['Centro Fotografia', 'Sighseeing', 'Torre Lamberti', 'Museo Conte', 'Museo Radio']",Castelvecchio,strategy_nearest,False,0.003515958786010742,success
04BAD53A9C4C80,2,"['Casa Giulietta', 'Teatro Romano', 'Castelvecchio']",San Zeno,"['Verona Tour', 'Museo Lapidario', 'Arena', 'Museo Miniscalchi', 'Sighseeing']",San Fermo,strategy_nearest,False,0.0031957626342773438,success
04BAE3429C4C80,0,['Arena'],Torre Lamberti,"['Sighseeing', 'Centro Fotografia', 'Museo Conte', 'Casa Giulietta', 'Palazzo della Ragione']",Teatro Romano,strategy_nearest,False,0.0029382705688476562,success
04BAC0429C4C80,3,"['Arena', 'Tomba Giulietta']",Casa Giulietta,"['Centro Fotografia', 'Sighseeing', 'Torre Lamberti', 'Museo Conte', 'Museo Radio']",Torre Lamberti,strategy_nearest,True,0.0034189224243164062,success
04BAF33A9C4C80,0,['Tomba Giulietta'],Arena,"['Verona Tour', 'Museo Lapidario', 'Museo Radio', 'San Fermo', 'Casa Giulietta']",Casa Giulietta,strategy_nearest,True,0.0017352104187011719,success
04BAF03A9C4C80,0,"['Arena', 'Castelvecchio']",Casa Giulietta,"['Centro Fotografia', 'Sighseeing', 'Torre Lamberti', 'Museo Conte', 'Museo Radio']",Torre Lamberti,strategy_nearest,True,0.003957986831665039,success
04BAF8429C4C80,3,"['Arena', 'Casa Giulietta', 'Casa Giulietta']",Torre Lamberti,"['Sighseeing', 'Centro Fotografia', 'Museo Conte', 'Palazzo della Ragione', 'AMO']",Santa Anastasia,strategy_nearest,False,0.0025811195373535156,success
04BAFD3A9C4C80,0,['Arena'],Castelvecchio,"['Museo Lapidario', 'Verona Tour', 'Museo Radio', 'San Zeno', 'Sighseeing']",Casa Giulietta,strategy_nearest,False,0.003812074661254883,success
04BB013A9C4C84,0,['Arena'],Casa Giulietta,"['Centro Fotografia', 'Sighseeing', 'Torre Lamberti', 'Museo Conte', 'Museo Radio']",Tomba Giulietta,strategy_nearest,False,0.0017049312591552734,success
04BB03429C4C84,3,"['Torre Lamberti', 'Casa Giulietta']",Castelvecchio,"['Museo Lapidario', 'Verona Tour', 'Arena', 'Museo Radio', 'San Zeno']",Arena,strategy_nearest,True,0.0032536983489990234,success
04BB133A9C4C84,0,['Arena'],Casa Giulietta,"['Centro Fotografia', 'Sighseeing', 'Torre Lamberti', 'Museo Conte', 'Museo Radio']",Castelvecchio,strategy_nearest,False,0.0032320022583007812,success
04BB094A9C4C80,0,['Arena'],Casa Giulietta,"['Centro Fotografia', 'Sighseeing', 'Torre Lamberti', 'Museo Conte', 'Museo Radio']",Castelvecchio,strategy_nearest,False,0.003340005874633789,success
04BB0B429C4C84,3,"['Arena', 'Torre Lamberti']",Santa Anastasia,"['AMO', 'Museo Conte', 'Palazzo della Ragione', 'Teatro Romano', 'Centro Fotografia']",Duomo,strategy_nearest,False,0.002663135528564453,success
04BB164A9C4C80,1,"['Castelvecchio', 'Santa Anastasia', 'Casa Giulietta']",Arena,"['Verona Tour', 'Museo Lapidario', 'Museo Radio', 'San Fermo', 'Sighseeing']",Torre Lamberti,strategy_nearest,False,0.0021059513092041016,success
04BB163A9C4C80,2,"['Castelvecchio', 'Torre Lamberti']",Casa Giulietta,"['Centro Fotografia', 'Sighseeing', 'Museo Conte', 'Museo Radio', 'Palazzo della Ragione']",San Fermo,strategy_nearest,False,0.003368377685546875,success
04BB14429C4C80,3,"['Castelvecchio', 'Santa Anastasia']",Duomo,"['AMO', 'Museo Miniscalchi', 'Teatro Romano', 'Palazzo della Ragione', 'Museo Conte']",San Zeno,strategy_nearest,False,0.0029172897338867188,success
04BB18429C4C80,1,"['Arena', 'Casa Giulietta']",Palazzo della Ragione,"['AMO', 'Museo Conte', 'Torre Lamberti', 'Centro Fotografia', 'Sighseeing']",Santa Anastasia,strategy_nearest,False,0.0026199817657470703,success
04BB1A429C4C84,1,"['Arena', 'San Fermo', 'Casa Giulietta']",Torre Lamberti,"['Sighseeing', 'Centro Fotografia', 'Museo Conte', 'Palazzo della Ragione', 'AMO']",Palazzo della Ragione,strategy_nearest,True,0.0010151863098144531,success
04BB1D429C4C80,3,"['Duomo', 'Torre Lamberti', 'Casa Giulietta']",San Fermo,"['Museo Storia', 'Museo Radio', 'Centro Fotografia', 'Arena', 'Sighseeing']",Arena,strategy_nearest,True,0.002176046371459961,success
04BB1F3A9C4C84,3,['Arena'],Duomo,"['AMO', 'Museo Miniscalchi', 'Santa Anastasia', 'Teatro Romano', 'Palazzo della Ragione']",Santa Anastasia,strategy_nearest,True,0.0027692317962646484,success
04BB1F429C4C84,3,['Arena'],Santa Anastasia,"['AMO', 'Museo Conte', 'Palazzo della Ragione', 'Teatro Romano', 'Centro Fotografia']",San Zeno,strategy_nearest,False,0.0035860538482666016,success
04BB23429C4C84,1,"['Arena', 'Palazzo della Ragione', 'Torre Lamberti']",Casa Giulietta,"['Centro Fotografia', 'Sighseeing', 'Museo Conte', 'Museo Radio', 'San Fermo']",Museo Storia,strategy_nearest,False,0.0028150081634521484,success
04BB273A9C4C80,2,"['Castelvecchio', 'Torre Lamberti']",Duomo,"['AMO', 'Museo Miniscalchi', 'Santa Anastasia', 'Teatro Romano', 'Palazzo della Ragione']",Santa Anastasia,strategy_nearest,True,0.002244710922241211,success
04BB2F4A9C4C80,2,"['San Fermo', 'Santa Anastasia', 'Torre Lamberti']",Casa Giulietta,"['Centro Fotografia', 'Sighseeing', 'Museo Conte', 'Museo Radio', 'Palazzo della Ragione']",Tomba Giulietta,strategy_nearest,False,0.0017421245574951172,success
04BB28429C4C84,2,"['Teatro Romano', 'Torre Lamberti']",Casa Giulietta,"['Centro Fotografia', 'Sighseeing', 'Museo Conte', 'Museo Radio', 'Palazzo della Ragione']",Tomba Giulietta,strategy_nearest,False,0.0040318965911865234,success
04BB30429C4C80,4,"['Castelvecchio', 'Casa Giulietta', 'Arena']",Santa Anastasia,"['AMO', 'Museo Conte', 'Palazzo della Ragione', 'Teatro Romano', 'Centro Fotografia']",Duomo,strategy_nearest,False,0.0030829906463623047,success
04BB4E429C4C80,0,['Arena'],Casa Giulietta,"['Centro Fotografia', 'Sighseeing', 'Torre Lamberti', 'Museo Conte', 'Museo Radio']",Tomba Giulietta,strategy_nearest,False,0.002560138702392578,success
04BB3D4A9C4C80,3,"['Arena', 'Casa Giulietta']",Santa Anastasia,"['AMO', 'Museo Conte', 'Palazzo della Ragione', 'Teatro Romano', 'Centro Fotografia']",Torre Lamberti,strategy_nearest,False,0.002109050750732422,success
04BB363A9C4C80,1,"['Castelvecchio', 'Arena', 'Museo Lapidario', 'Casa Giulietta']",Torre Lamberti,"['Sighseeing', 'Centro Fotografia', 'Museo Conte', 'Palazzo della Ragione', 'AMO']",Palazzo della Ragione,strategy_nearest,True,0.0023119449615478516,success
04BB4C3A9C4C80,2,['Santa Anastasia'],Casa Giulietta,"['Centro Fotografia', 'Sighseeing', 'Torre Lamberti', 'Museo Conte', 'Museo Radio']",Torre Lamberti,strategy_nearest,True,0.0032498836517333984,success
04BB7A429C4C80,0,['Casa Giulietta'],Torre Lamberti,"['Sighseeing', 'Centro Fotografia', 'Museo Conte', 'Palazzo della Ragione', 'AMO']",Arena,strategy_nearest,False,0.0014688968658447266,success
04BB7E429C4C80,3,"['Museo Lapidario', 'Arena']",San Fermo,"['Museo Storia', 'Museo Radio', 'Casa Giulietta', 'Centro Fotografia', 'Sighseeing']",Casa Giulietta,strategy_nearest,True,0.002028942108154297,success
04BB523A9C4C80,3,['Arena'],Santa Anastasia,"['AMO', 'Museo Conte', 'Palazzo della Ragione', 'Teatro Romano', 'Centro Fotografia']",Torre Lamberti,strategy_nearest,False,0.002786874771118164,success
04BB783A9C4C80,3,"['Arena', 'Santa Anastasia']",Duomo,"['AMO', 'Museo Miniscalchi', 'Teatro Romano', 'Palazzo della Ragione', 'Museo Conte']",Teatro Romano,strategy_nearest,True,0.0033788681030273438,success
04BB824A9C4C80,2,"['Torre Lamberti', 'San Fermo']",Teatro Romano,"['Santa Anastasia', 'Duomo', 'AMO', 'Palazzo della Ragione', 'Museo Conte']",San Zeno,strategy_nearest,False,0.003934144973754883,success
04BB84429C4C80,0,"['Casa Giulietta', 'Arena']",Museo Lapidario,"['Verona Tour', 'Castelvecchio', 'Museo Radio', 'San Fermo', 'Tomba Giulietta']",Castelvecchio,strategy_nearest,True,0.001544952392578125,success
04BB844A9C4C80,3,"['Arena', 'Castelvecchio', 'San Zeno']",Santa Anastasia,"['AMO', 'Museo Conte', 'Palazzo della Ragione', 'Teatro Romano', 'Centro Fotografia']",Casa Giulietta,strategy_nearest,False,0.002680063247680664,success
04BB8B4A9C4C80,0,['Arena'],Torre Lamberti,"['Sighseeing', 'Centro Fotografia', 'Museo Conte', 'Casa Giulietta', 'Palazzo della Ragione']",Casa Giulietta,strategy_nearest,True,0.0019500255584716797,success
04BB9C4A9C4C80,0,"['San Zeno', 'Castelvecchio']",Arena,"['Verona Tour', 'Museo Lapidario', 'Museo Radio', 'San Fermo', 'Casa Giulietta']",Casa Giulietta,strategy_nearest,True,0.0033578872680664062,success
04BB954A9C4C80,0,['Arena'],Torre Lamberti,"['Sighseeing', 'Centro Fotografia', 'Museo Conte', 'Casa Giulietta', 'Palazzo della Ragione']",Duomo,strategy_nearest,False,0.002214193344116211,success
04BBA44A9C4C80,3,"['Arena', 'Museo Lapidario']",Casa Giulietta,"['Centro Fotografia', 'Sighseeing', 'Torre Lamberti', 'Museo Conte', 'Museo Radio']",Santa Anastasia,strategy_nearest,False,0.002665996551513672,success
04BBA14A9C4C80,3,"['Castelvecchio', 'Casa Giulietta']",Santa Anastasia,"['AMO', 'Museo Conte', 'Palazzo della Ragione', 'Teatro Romano', 'Centro Fotografia']",Arena,strategy_nearest,False,0.0015659332275390625,success
04BBA63A9C4C80,0,['Arena'],Santa Anastasia,"['AMO', 'Museo Conte', 'Palazzo della Ragione', 'Teatro Romano', 'Centro Fotografia']",Castelvecchio,strategy_nearest,False,0.001734018325805664,success
04BBA93A9C4C80,0,['Arena'],Torre Lamberti,"['Sighseeing', 'Centro Fotografia', 'Museo Conte', 'Casa Giulietta', 'Palazzo della Ragione']",Castelvecchio,strategy_nearest,False,0.0022089481353759766,success
04BBA74A9C4C80,3,['Arena'],Casa Giulietta,"['Centro Fotografia', 'Sighseeing', 'Torre Lamberti', 'Museo Conte', 'Museo Radio']",Torre Lamberti,strategy_nearest,True,0.002928018569946289,success
04BBAE3A9C4C80,2,"['Museo Lapidario', 'Casa Giulietta', 'Torre Lamberti']",San Fermo,"['Museo Storia', 'Museo Radio', 'Centro Fotografia', 'Arena', 'Sighseeing']",Santa Anastasia,strategy_nearest,False,0.0033431053161621094,success
04BBBB429C4C80,0,['Arena'],Torre Lamberti,"['Sighseeing', 'Centro Fotografia', 'Museo Conte', 'Casa Giulietta', 'Palazzo della Ragione']",Casa Giulietta,strategy_nearest,True,0.0019609928131103516,success
04BBB9429C4C80,3,"['Arena', 'Teatro Romano']",Duomo,"['AMO', 'Museo Miniscalchi', 'Santa Anastasia', 'Palazzo della Ragione', 'Museo Conte']",Torre Lamberti,strategy_nearest,False,0.0027801990509033203,success
04BBB23A9C4C80,0,['Tomba Giulietta'],Arena,"['Verona Tour', 'Museo Lapidario', 'Museo Radio', 'San Fermo', 'Casa Giulietta']",Casa Giulietta,strategy_nearest,True,0.0016067028045654297,success
04BBBA3A9C4C80,0,['Arena'],Torre Lamberti,"['Sighseeing', 'Centro Fotografia', 'Museo Conte', 'Casa Giulietta', 'Palazzo della Ragione']",Casa Giulietta,strategy_nearest,True,0.003342151641845703,success
04BBC03A9C4C80,3,['Arena'],Casa Giulietta,"['Centro Fotografia', 'Sighseeing', 'Torre Lamberti', 'Museo Conte', 'Museo Radio']",Santa Anastasia,strategy_nearest,False,0.002588987350463867,success
04BBC63A9C4C80,2,"['San Fermo', 'Casa Giulietta', 'Torre Lamberti']",Tomba Giulietta,"['Museo Storia', 'Arena', 'Museo Lapidario', 'Museo Radio', 'Verona Tour']",Castelvecchio,strategy_nearest,False,0.0021512508392333984,success
04BBC83A9C4C80,3,['Arena'],Casa Giulietta,"['Centro Fotografia', 'Sighseeing', 'Torre Lamberti', 'Museo Conte', 'Museo Radio']",Santa Anastasia,strategy_nearest,False,0.0026237964630126953,success
04BBC93A9C4C80,2,['Casa Giulietta'],Torre Lamberti,"['Sighseeing', 'Centro Fotografia', 'Museo Conte', 'Palazzo della Ragione', 'AMO']",Santa Anastasia,strategy_nearest,False,0.0032951831817626953,success
04BBD53A9C4C80,3,"['Torre Lamberti', 'Santa Anastasia']",Teatro Romano,"['Duomo', 'AMO', 'Palazzo della Ragione', 'Museo Conte', 'Centro Fotografia']",Duomo,strategy_nearest,True,0.0019059181213378906,success
04BBCA3A9C4C80,0,['Arena'],Casa Giulietta,"['Centro Fotografia', 'Sighseeing', 'Torre Lamberti', 'Museo Conte', 'Museo Radio']",Duomo,strategy_nearest,False,0.0025789737701416016,success
04BBD6429C4C80,3,"['Arena', 'Castelvecchio', 'Duomo']",Santa Anastasia,"['AMO', 'Museo Conte', 'Palazzo della Ragione', 'Teatro Romano', 'Centro Fotografia']",Giardino Giusti,strategy_nearest,False,0.0033371448516845703,success
04BBD3429C4C80,0,['Arena'],Castelvecchio,"['Museo Lapidario', 'Verona Tour', 'Museo Radio', 'San Zeno', 'Sighseeing']",San Fermo,strategy_nearest,False,0.0034570693969726562,success
04BBE0429C4C80,1,"['Arena', 'Museo Lapidario', 'Castelvecchio', 'Tomba Giulietta']",San Fermo,"['Museo Storia', 'Museo Radio', 'Casa Giulietta', 'Centro Fotografia', 'Sighseeing']",Casa Giulietta,strategy_nearest,True,0.002256155014038086,success
04BBF83A9C4C80,0,['Casa Giulietta'],Castelvecchio,"['Museo Lapidario', 'Verona Tour', 'Arena', 'Museo Radio', 'San Zeno']",Arena,strategy_nearest,True,0.001970052719116211,success
04BBF33A9C4C80,3,"['Arena', 'San Zeno']",Castelvecchio,"['Museo Lapidario', 'Verona Tour', 'Museo Radio', 'Sighseeing', 'Museo Miniscalchi']",Torre Lamberti,strategy_nearest,False,0.0027790069580078125,success
04BC00429C4C84,3,"['Torre Lamberti', 'Santa Anastasia']",Arena,"['Verona Tour', 'Museo Lapidario', 'Museo Radio', 'San Fermo', 'Casa Giulietta']",San Zeno,strategy_nearest,False,0.0025980472564697266,success
04BC083A9C4C84,3,['Arena'],Torre Lamberti,"['Sighseeing', 'Centro Fotografia', 'Museo Conte', 'Casa Giulietta', 'Palazzo della Ragione']",Santa Anastasia,strategy_nearest,False,0.0033948421478271484,success
04BC0F429C4C80,1,"['San Fermo', 'Casa Giulietta', 'Torre Lamberti']",Palazzo della Ragione,"['AMO', 'Museo Conte', 'Centro Fotografia', 'Sighseeing', 'Santa Anastasia']",Duomo,strategy_nearest,False,0.001956939697265625,success
04BC0E429C4C84,3,"['Teatro Romano', 'Arena', 'Castelvecchio']",Torre Lamberti,"['Sighseeing', 'Centro Fotografia', 'Museo Conte', 'Casa Giulietta', 'Palazzo della Ragione']",Santa Anastasia,strategy_nearest,False,0.002613067626953125,success
04BC154A9C4C80,0,"['Arena', 'Tomba Giulietta']",San Fermo,"['Museo Storia', 'Museo Radio', 'Casa Giulietta', 'Centro Fotografia', 'Sighseeing']",Teatro Romano,strategy_nearest,False,0.0033860206604003906,success
04BC1B429C4C84,2,['San Zeno'],Castelvecchio,"['Museo Lapidario', 'Verona Tour', 'Arena', 'Museo Radio', 'Sighseeing']",Torre Lamberti,strategy_nearest,False,0.0030012130737304688,success
04BC203A9C4C84,0,"['Arena', 'Casa Giulietta']",Duomo,"['AMO', 'Museo Miniscalchi', 'Santa Anastasia', 'Teatro Romano', 'Palazzo della Ragione']",Castelvecchio,strategy_nearest,False,0.002443075180053711,success
04BC21429C4C80,3,"['Arena', 'Casa Giulietta']",Santa Anastasia,"['AMO', 'Museo Conte', 'Palazzo della Ragione', 'Teatro Romano', 'Centro Fotografia']",Duomo,strategy_nearest,False,0.003130197525024414,success
04BC2D3A9C4C80,0,"['Arena', 'Museo Lapidario']",Castelvecchio,"['Verona Tour', 'Museo Radio', 'San Zeno', 'Sighseeing', 'Museo Miniscalchi']",Duomo,strategy_nearest,False,0.002346038818359375,success
04BC294A9C4C80,3,"['Arena', 'Casa Giulietta']",Castelvecchio,"['Museo Lapidario', 'Verona Tour', 'Museo Radio', 'San Zeno', 'Sighseeing']",Santa Anastasia,strategy_nearest,False,0.004235029220581055,success
04BC2E429C4C80,2,"['San Zeno', 'San Zeno']",Castelvecchio,"['Museo Lapidario', 'Verona Tour', 'Arena', 'Museo Radio', 'Sighseeing']",Santa Anastasia,strategy_nearest,False,0.002299070358276367,success
04BC2F4A9C4C80,3,"['Casa Giulietta', 'Santa Anastasia']",Duomo,"['AMO', 'Museo Miniscalchi', 'Teatro Romano', 'Palazzo della Ragione', 'Museo Conte']",Castelvecchio,strategy_nearest,False,0.0031571388244628906,success
04BC313A9C4C80,2,"['Museo Lapidario', 'Torre Lamberti', 'Palazzo della Ragione']",Casa Giulietta,"['Centro Fotografia', 'Sighseeing', 'Museo Conte', 'Museo Radio', 'San Fermo']",Santa Anastasia,strategy_nearest,False,0.003931999206542969,success
04BC3C4A9C4C80,3,"['Arena', 'Casa Giulietta', 'San Zeno']",Castelvecchio,"['Museo Lapidario', 'Verona Tour', 'Museo Radio', 'Sighseeing', 'Museo Miniscalchi']",Torre Lamberti,strategy_nearest,False,0.003039836883544922,success
04BC353A9C4C80,2,['Casa Giulietta'],Santa Anastasia,"['AMO', 'Museo Conte', 'Palazzo della Ragione', 'Teatro Romano', 'Centro Fotografia']",Duomo,strategy_nearest,False,0.0018470287322998047,success
04BC40429C4C80,3,['Arena'],Casa Giulietta,"['Centro Fotografia', 'Sighseeing', 'Torre Lamberti', 'Museo Conte', 'Museo Radio']",Santa Anastasia,strategy_nearest,False,0.004017353057861328,success
04BC42429C4C80,0,['Torre Lamberti'],Arena,"['Verona Tour', 'Museo Lapidario', 'Museo Radio', 'San Fermo', 'Casa Giulietta']",Castelvecchio,strategy_nearest,False,0.0013439655303955078,success
04BC4B3A9C4C80,3,"['Arena', 'Casa Giulietta']",Torre Lamberti,"['Sighseeing', 'Centro Fotografia', 'Museo Conte', 'Palazzo della Ragione', 'AMO']",Santa Anastasia,strategy_nearest,False,0.0032351016998291016,success
04BC48429C4C80,3,"['San Fermo', 'Casa Giulietta']",Arena,"['Verona Tour', 'Museo Lapidario', 'Museo Radio', 'Sighseeing', 'Castelvecchio']",Torre Lamberti,strategy_nearest,False,0.0027136802673339844,success
04BC613A9C4C80,3,"['Arena', 'Torre Lamberti', 'Santa Anastasia', 'Duomo']",San Zeno,"['Castelvecchio', 'Verona Tour', 'Museo Lapidario', 'Museo Miniscalchi', 'Sighseeing']",Castelvecchio,strategy_nearest,True,0.0024461746215820312,success
04BC4C3A9C4C80,3,"['Arena', 'Santa Anastasia']",Teatro Romano,"['Duomo', 'AMO', 'Palazzo della Ragione', 'Museo Conte', 'Centro Fotografia']",Duomo,strategy_nearest,True,0.0019011497497558594,success
04BC633A9C4C80,3,"['Arena', 'Castelvecchio']",Santa Anastasia,"['AMO', 'Museo Conte', 'Palazzo della Ragione', 'Teatro Romano', 'Centro Fotografia']",Duomo,strategy_nearest,False,0.0030727386474609375,success
04BC7A4A9C4C80,2,['Castelvecchio'],Casa Giulietta,"['Centro Fotografia', 'Sighseeing', 'Torre Lamberti', 'Museo Conte', 'Museo Radio']",Torre Lamberti,strategy_nearest,True,0.0037059783935546875,success
04BC81429C4C80,3,"['Arena', 'Castelvecchio', 'San Zeno']",Casa Giulietta,"['Centro Fotografia', 'Sighseeing', 'Torre Lamberti', 'Museo Conte', 'Museo Radio']",Torre Lamberti,strategy_nearest,True,0.0025811195373535156,success
04BC813A9C4C80,0,"['Arena', 'Museo Lapidario']",Casa Giulietta,"['Centro Fotografia', 'Sighseeing', 'Torre Lamberti', 'Museo Conte', 'Museo Radio']",Torre Lamberti,strategy_nearest,True,0.0032927989959716797,success
04BC7B4A9C4C80,3,"['Castelvecchio', 'Arena', 'Casa Giulietta']",Santa Anastasia,"['AMO', 'Museo Conte', 'Palazzo della Ragione', 'Teatro Romano', 'Centro Fotografia']",Torre Lamberti,strategy_nearest,False,0.0017406940460205078,success
04BC84429C4C80,1,"['Arena', 'Museo Lapidario', 'Torre Lamberti']",Palazzo della Ragione,"['AMO', 'Museo Conte', 'Centro Fotografia', 'Sighseeing', 'Santa Anastasia']",Teatro Romano,strategy_nearest,False,0.0031218528747558594,success
04BC934A9C4C80,0,['Arena'],Casa Giulietta,"['Centro Fotografia', 'Sighseeing', 'Torre Lamberti', 'Museo Conte', 'Museo Radio']",Torre Lamberti,strategy_nearest,True,0.004290103912353516,success
04BC944A9C4C80,1,"['Arena', 'Casa Giulietta']",Torre Lamberti,"['Sighseeing', 'Centro Fotografia', 'Museo Conte', 'Palazzo della Ragione', 'AMO']",Palazzo della Ragione,strategy_nearest,True,0.002969026565551758,success
04BC974A9C4C80,3,"['Arena', 'Casa Giulietta']",Santa Anastasia,"['AMO', 'Museo Conte', 'Palazzo della Ragione', 'Teatro Romano', 'Centro Fotografia']",Duomo,strategy_nearest,False,0.002232789993286133,success
04BC93429C4C80,3,['Arena'],Torre Lamberti,"['Sighseeing', 'Centro Fotografia', 'Museo Conte', 'Casa Giulietta', 'Palazzo della Ragione']",Santa Anastasia,strategy_nearest,False,0.0020799636840820312,success
04BC9F429C4C80,2,['Torre Lamberti'],Casa Giulietta,"['Centro Fotografia', 'Sighseeing', 'Museo Conte', 'Museo Radio', 'Palazzo della Ragione']",Castelvecchio,strategy_nearest,False,0.0020422935485839844,success
04BC9B4A9C4C80,3,['Arena'],Santa Anastasia,"['AMO', 'Museo Conte', 'Palazzo della Ragione', 'Teatro Romano', 'Centro Fotografia']",Teatro Romano,strategy_nearest,True,0.002750873565673828,success
04BCA04A9C4C80,0,"['Arena', 'Castelvecchio']",Casa Giulietta,"['Centro Fotografia', 'Sighseeing', 'Torre Lamberti', 'Museo Conte', 'Museo Radio']",Teatro Romano,strategy_nearest,False,0.0014269351959228516,success
04BC9C429C4C80,1,"['Arena', 'Tomba Giulietta', 'Castelvecchio']",Palazzo della Ragione,"['AMO', 'Museo Conte', 'Torre Lamberti', 'Centro Fotografia', 'Sighseeing']",Torre Lamberti,strategy_nearest,True,0.0033888816833496094,success
04BCA1429C4C80,0,['Arena'],San Zeno,"['Castelvecchio', 'Verona Tour', 'Museo Lapidario', 'Museo Miniscalchi', 'Sighseeing']",Castelvecchio,strategy_nearest,True,0.002705097198486328,success
04BCA74A9C4C80,0,['Teatro Romano'],Arena,"['Verona Tour', 'Museo Lapidario', 'Museo Radio', 'San Fermo', 'Casa Giulietta']",Casa Giulietta,strategy_nearest,True,0.0011379718780517578,success
04BCA93A9C4C80,2,['Santa Anastasia'],Duomo,"['AMO', 'Museo Miniscalchi', 'Teatro Romano', 'Palazzo della Ragione', 'Museo Conte']",Casa Giulietta,strategy_nearest,False,0.0025768280029296875,success
04BCA6429C4C80,0,['Casa Giulietta'],Torre Lamberti,"['Sighseeing', 'Centro Fotografia', 'Museo Conte', 'Palazzo della Ragione', 'AMO']",Arena,strategy_nearest,False,0.004212856292724609,success
04BCB4429C4C80,3,"['Arena', 'Castelvecchio', 'Santa Anastasia']",Duomo,"['AMO', 'Museo Miniscalchi', 'Teatro Romano', 'Palazzo della Ragione', 'Museo Conte']",Casa Giulietta,strategy_nearest,False,0.0016298294067382812,success
04BCAB4A9C4C80,0,['Arena'],Teatro Romano,"['Santa Anastasia', 'Duomo', 'AMO', 'Palazzo della Ragione', 'Museo Conte']",San Fermo,strategy_nearest,False,0.002649068832397461,success
04BCBE429C4C80,0,['Arena'],Casa Giulietta,"['Centro Fotografia', 'Sighseeing', 'Torre Lamberti', 'Museo Conte', 'Museo Radio']",Torre Lamberti,strategy_nearest,True,0.003265857696533203,success
04BCC33A9C4C80,0,"['Casa Giulietta', 'San Fermo']",Tomba Giulietta,"['Museo Storia', 'Arena', 'Museo Lapidario', 'Museo Radio', 'Verona Tour']",Castelvecchio,strategy_nearest,False,0.0031499862670898438,success
04BCC73A9C4C80,3,"['Museo Lapidario', 'Arena', 'Torre Lamberti']",Giardino Giusti,"['Santa Anastasia', 'Teatro Romano', 'Museo Conte', 'Centro Fotografia', 'Museo Storia']",Teatro Romano,strategy_nearest,True,0.0030100345611572266,success
04BCD03A9C4C80,0,['Arena'],Tomba Giulietta,"['San Fermo', 'Museo Storia', 'Museo Lapidario', 'Museo Radio', 'Verona Tour']",Duomo,strategy_nearest,False,0.002480745315551758,success
04BCC83A9C4C80,0,"['Castelvecchio', 'Arena']",San Fermo,"['Museo Storia', 'Museo Radio', 'Casa Giulietta', 'Centro Fotografia', 'Sighseeing']",Giardino Giusti,strategy_nearest,False,0.003304004669189453,success
04BCD1429C4C80,3,"['Castelvecchio', 'Arena', 'Museo Lapidario', 'San Fermo']",Museo Storia,"['Museo Radio', 'Casa Giulietta', 'Centro Fotografia', 'Tomba Giulietta', 'Torre Lamberti']",Torre Lamberti,strategy_nearest,True,0.0018100738525390625,success
04BCD13A9C4C80,3,"['Arena', 'Santa Anastasia']",Tomba Giulietta,"['San Fermo', 'Museo Storia', 'Museo Lapidario', 'Museo Radio', 'Verona Tour']",Castelvecchio,strategy_nearest,False,0.004209280014038086,success
04BCD6429C4C80,3,"['Castelvecchio', 'Arena', 'Santa Anastasia']",Duomo,"['AMO', 'Museo Miniscalchi', 'Teatro Romano', 'Palazzo della Ragione', 'Museo Conte']",Casa Giulietta,strategy_nearest,False,0.003385782241821289,success
04BCDA3A9C4C80,0,"['Castelvecchio', 'Arena']",Torre Lamberti,"['Sighseeing', 'Centro Fotografia', 'Museo Conte', 'Casa Giulietta', 'Palazzo della Ragione']",Casa Giulietta,strategy_nearest,True,0.0023910999298095703,success
04BCD83A9C4C80,0,['Casa Giulietta'],Torre Lamberti,"['Sighseeing', 'Centro Fotografia', 'Museo Conte', 'Palazzo della Ragione', 'AMO']",Castelvecchio,strategy_nearest,False,0.0032188892364501953,success
04BCDF429C4C80,1,"['Arena', 'Casa Giulietta', 'San Fermo', 'Palazzo della Ragione']",Castelvecchio,"['Museo Lapidario', 'Verona Tour', 'Museo Radio', 'San Zeno', 'Sighseeing']",Santa Anastasia,strategy_nearest,False,0.0021750926971435547,success
04BCE8429C4C80,3,"['Museo Storia', 'San Fermo', 'San Zeno', 'Castelvecchio']",Arena,"['Verona Tour', 'Museo Lapidario', 'Museo Radio', 'Casa Giulietta', 'Sighseeing']",Tomba Giulietta,strategy_nearest,False,0.0030472278594970703,success
04BCF1429C4C80,3,"['Castelvecchio', 'Arena']",Torre Lamberti,"['Sighseeing', 'Centro Fotografia', 'Museo Conte', 'Casa Giulietta', 'Palazzo della Ragione']",Santa Anastasia,strategy_nearest,False,0.002396106719970703,success
04BCF53A9C4C80,0,['Casa Giulietta'],Arena,"['Verona Tour', 'Museo Lapidario', 'Museo Radio', 'San Fermo', 'Sighseeing']",Teatro Romano,strategy_nearest,False,0.002412080764770508,success
04BCF73A9C4C80,1,"['Casa Giulietta', 'Torre Lamberti', 'Palazzo della Ragione', 'Santa Anastasia', 'Duomo']",Teatro Romano,"['AMO', 'Museo Conte', 'Centro Fotografia', 'Museo Miniscalchi', 'Giardino Giusti']",Giardino Giusti,strategy_nearest,True,0.003170013427734375,success
04BCFA429C4C80,1,"['Arena', 'Santa Anastasia', 'Duomo']",San Fermo,"['Museo Storia', 'Museo Radio', 'Casa Giulietta', 'Centro Fotografia', 'Sighseeing']",San Zeno,strategy_nearest,False,0.0032880306243896484,success
04BCF9429C4C80,3,"['Arena', 'Casa Giulietta', 'Teatro Romano']",Torre Lamberti,"['Sighseeing', 'Centro Fotografia', 'Museo Conte', 'Palazzo della Ragione', 'AMO']",San Zeno,strategy_nearest,False,0.003354787826538086,success
04BD013A9C4C84,3,['Arena'],Castelvecchio,"['Museo Lapidario', 'Verona Tour', 'Museo Radio', 'San Zeno', 'Sighseeing']",Santa Anastasia,strategy_nearest,False,0.002229928970336914,success
04BD0E429C4C80,0,['Arena'],Casa Giulietta,"['Centro Fotografia', 'Sighseeing', 'Torre Lamberti', 'Museo Conte', 'Museo Radio']",Santa Anastasia,strategy_nearest,False,0.0019321441650390625,success
04BD10429C4C84,0,['Arena'],Torre Lamberti,"['Sighseeing', 'Centro Fotografia', 'Museo Conte', 'Casa Giulietta', 'Palazzo della Ragione']",Duomo,strategy_nearest,False,0.0024690628051757812,success
04BD0A3A9C4C84,0,"['Tomba Giulietta', 'Arena']",Torre Lamberti,"['Sighseeing', 'Centro Fotografia', 'Museo Conte', 'Casa Giulietta', 'Palazzo della Ragione']",Casa Giulietta,strategy_nearest,True,0.0039789676666259766,success
04BD093A9C4C84,3,"['Torre Lamberti', 'Santa Anastasia']",Duomo,"['AMO', 'Museo Miniscalchi', 'Teatro Romano', 'Palazzo della Ragione', 'Museo Conte']",Teatro Romano,strategy_nearest,True,0.0030760765075683594,success
04BD104A9C4C80,1,"['Arena', 'Castelvecchio']",Casa Giulietta,"['Centro Fotografia', 'Sighseeing', 'Torre Lamberti', 'Museo Conte', 'Museo Radio']",Torre Lamberti,strategy_nearest,True,0.0033240318298339844,success
04BD123A9C4C84,1,['Arena'],Palazzo della Ragione,"['AMO', 'Museo Conte', 'Torre Lamberti', 'Centro Fotografia', 'Sighseeing']",Torre Lamberti,strategy_nearest,True,0.0013849735260009766,success
04BD13429C4C80,3,"['Arena', 'Museo Lapidario', 'Duomo', 'Teatro Romano', 'Castelvecchio']",Casa Giulietta,"['Centro Fotografia', 'Sighseeing', 'Torre Lamberti', 'Museo Conte', 'Museo Radio']",Torre Lamberti,strategy_nearest,True,0.0032341480255126953,success
04BD12429C4C84,2,['Casa Giulietta'],Castelvecchio,"['Museo Lapidario', 'Verona Tour', 'Arena', 'Museo Radio', 'San Zeno']",Museo Storia,strategy_nearest,False,0.00197601318359375,success
04BD143A9C4C84,3,"['Casa Giulietta', 'Arena']",Teatro Romano,"['Santa Anastasia', 'Duomo', 'AMO', 'Palazzo della Ragione', 'Museo Conte']",Duomo,strategy_nearest,True,0.0033690929412841797,success
04BD16429C4C80,3,"['Arena', 'Torre Lamberti']",Casa Giulietta,"['Centro Fotografia', 'Sighseeing', 'Museo Conte', 'Museo Radio', 'Palazzo della Ragione']",Santa Anastasia,strategy_nearest,False,0.0021560192108154297,success
04BD1D429C4C84,0,['Museo Storia'],Arena,"['Verona Tour', 'Museo Lapidario', 'Museo Radio', 'San Fermo', 'Casa Giulietta']",Castelvecchio,strategy_nearest,False,0.001981973648071289,success
04BD1D429C4C80,0,['Arena'],Giardino Giusti,"['Santa Anastasia', 'Teatro Romano', 'Museo Conte', 'Centro Fotografia', 'Museo Storia']",Castelvecchio,strategy_nearest,False,0.0033767223358154297,success
04BD2D429C4C80,2,['Teatro Romano'],Duomo,"['AMO', 'Museo Miniscalchi', 'Santa Anastasia', 'Palazzo della Ragione', 'Museo Conte']",San Zeno,strategy_nearest,False,0.0026502609252929688,success
04BD1F429C4C84,3,"['San Zeno', 'Arena']",Duomo,"['AMO', 'Museo Miniscalchi', 'Santa Anastasia', 'Teatro Romano', 'Palazzo della Ragione']",Santa Anastasia,strategy_nearest,True,0.0027511119842529297,success
04BD2E429C4C80,1,"['Arena', 'Casa Giulietta', 'Torre Lamberti', 'Palazzo della Ragione']",Santa Anastasia,"['AMO', 'Museo Conte', 'Teatro Romano', 'Centro Fotografia', 'Duomo']",Duomo,strategy_nearest,True,0.0014278888702392578,success
04BD244A9C4C80,0,['Arena'],Castelvecchio,"['Museo Lapidario', 'Verona Tour', 'Museo Radio', 'San Zeno', 'Sighseeing']",Giardino Giusti,strategy_nearest,False,0.003977060317993164,success
04BD39429C4C80,2,"['Castelvecchio', 'Torre Lamberti']",Palazzo della Ragione,"['AMO', 'Museo Conte', 'Centro Fotografia', 'Sighseeing', 'Santa Anastasia']",Casa Giulietta,strategy_nearest,False,0.002685070037841797,success
04BD513A9C4C80,2,['Museo Lapidario'],Santa Anastasia,"['AMO', 'Museo Conte', 'Palazzo della Ragione', 'Teatro Romano', 'Centro Fotografia']",Castelvecchio,strategy_nearest,False,0.002056121826171875,success
04BD2E4A9C4C80,3,"['Casa Giulietta', 'Torre Lamberti']",Arena,"['Verona Tour', 'Museo Lapidario', 'Museo Radio', 'San Fermo', 'Sighseeing']",Teatro Romano,strategy_nearest,False,0.0015020370483398438,success
04BD5E3A9C4C80,3,"['Arena', 'San Fermo']",Castelvecchio,"['Museo Lapidario', 'Verona Tour', 'Museo Radio', 'San Zeno', 'Sighseeing']",Teatro Romano,strategy_nearest,False,0.0034728050231933594,success
04BD683A9C4C80,0,"['Arena', 'Torre Lamberti']",Casa Giulietta,"['Centro Fotografia', 'Sighseeing', 'Museo Conte', 'Museo Radio', 'Palazzo della Ragione']",Duomo,strategy_nearest,False,0.0025110244750976562,success
04BD613A9C4C80,2,['Torre Lamberti'],Tomba Giulietta,"['San Fermo', 'Museo Storia', 'Arena', 'Museo Lapidario', 'Museo Radio']",Castelvecchio,strategy_nearest,False,0.0018699169158935547,success
04BD6B3A9C4C80,1,"['Arena', 'Torre Lamberti']",Palazzo della Ragione,"['AMO', 'Museo Conte', 'Centro Fotografia', 'Sighseeing', 'Santa Anastasia']",Santa Anastasia,strategy_nearest,True,0.0025930404663085938,success
04BD79429C4C80,3,['Arena'],Teatro Romano,"['Santa Anastasia', 'Duomo', 'AMO', 'Palazzo della Ragione', 'Museo Conte']",Duomo,strategy_nearest,True,0.0023190975189208984,success
04BD793A9C4C80,3,"['Arena', 'Casa Giulietta']",Torre Lamberti,"['Sighseeing', 'Centro Fotografia', 'Museo Conte', 'Palazzo della Ragione', 'AMO']",Santa Anastasia,strategy_nearest,False,0.003319978713989258,success
04BD7A4A9C4C80,3,"['Castelvecchio', 'San Fermo']",Arena,"['Verona Tour', 'Museo Lapidario', 'Museo Radio', 'Casa Giulietta', 'Sighseeing']",Torre Lamberti,strategy_nearest,False,0.0026171207427978516,success
04BD7C429C4C80,3,"['Arena', 'Torre Lamberti']",Castelvecchio,"['Museo Lapidario', 'Verona Tour', 'Museo Radio', 'San Zeno', 'Sighseeing']",Casa Giulietta,strategy_nearest,False,0.002569913864135742,success
04BD7E429C4C80,3,"['Castelvecchio', 'Santa Anastasia']",Teatro Romano,"['Duomo', 'AMO', 'Palazzo della Ragione', 'Museo Conte', 'Centro Fotografia']",Duomo,strategy_nearest,True,0.002275228500366211,success
04BD83429C4C80,3,"['Tomba Giulietta', 'Arena', 'Casa Giulietta']",Torre Lamberti,"['Sighseeing', 'Centro Fotografia', 'Museo Conte', 'Palazzo della Ragione', 'AMO']",Santa Anastasia,strategy_nearest,False,0.0029401779174804688,success
04BD844A9C4C80,3,['Arena'],Casa Giulietta,"['Centro Fotografia', 'Sighseeing', 'Torre Lamberti', 'Museo Conte', 'Museo Radio']",Torre Lamberti,strategy_nearest,True,0.0024671554565429688,success
04BD84429C4C80,0,"['Arena', 'Castelvecchio']",Torre Lamberti,"['Sighseeing', 'Centro Fotografia', 'Museo Conte', 'Casa Giulietta', 'Palazzo della Ragione']",Casa Giulietta,strategy_nearest,True,0.0032372474670410156,success
04BD87429C4C80,0,['Arena'],Castelvecchio,"['Museo Lapidario', 'Verona Tour', 'Museo Radio', 'San Zeno', 'Sighseeing']",Teatro Romano,strategy_nearest,False,0.002287149429321289,success
04BD85429C4C80,1,"['Arena', 'Museo Lapidario', 'Castelvecchio']",Duomo,"['AMO', 'Museo Miniscalchi', 'Santa Anastasia', 'Teatro Romano', 'Palazzo della Ragione']",Santa Anastasia,strategy_nearest,True,0.0031890869140625,success
04BD884A9C4C80,0,['Torre Lamberti'],Casa Giulietta,"['Centro Fotografia', 'Sighseeing', 'Museo Conte', 'Museo Radio', 'Palazzo della Ragione']",Castelvecchio,strategy_nearest,False,0.0025680065155029297,success
04BD8A429C4C80,0,['Casa Giulietta'],Torre Lamberti,"['Sighseeing', 'Centro Fotografia', 'Museo Conte', 'Palazzo della Ragione', 'AMO']",Castelvecchio,strategy_nearest,False,0.0023190975189208984,success
04BD8D4A9C4C80,0,"['Arena', 'San Fermo']",Torre Lamberti,"['Sighseeing', 'Centro Fotografia', 'Museo Conte', 'Casa Giulietta', 'Palazzo della Ragione']",Casa Giulietta,strategy_nearest,True,0.002481698989868164,success
04BD924A9C4C80,0,['Arena'],Duomo,"['AMO', 'Museo Miniscalchi', 'Santa Anastasia', 'Teatro Romano', 'Palazzo della Ragione']",Casa Giulietta,strategy_nearest,False,0.003202199935913086,success
04BD944A9C4C80,0,['Arena'],Torre Lamberti,"['Sighseeing', 'Centro Fotografia', 'Museo Conte', 'Casa Giulietta', 'Palazzo della Ragione']",San Zeno,strategy_nearest,False,0.002258777618408203,success
04BD994A9C4C80,3,"['Arena', 'Casa Giulietta']",Santa Anastasia,"['AMO', 'Museo Conte', 'Palazzo della Ragione', 'Teatro Romano', 'Centro Fotografia']",Duomo,strategy_nearest,False,0.0032351016998291016,success
04BD9F4A9C4C80,0,"['Arena', 'Museo Lapidario', 'Castelvecchio']",Torre Lamberti,"['Sighseeing', 'Centro Fotografia', 'Museo Conte', 'Casa Giulietta', 'Palazzo della Ragione']",Casa Giulietta,strategy_nearest,True,0.0030748844146728516,success
04BDBE3A9C4C80,0,['Arena'],Castelvecchio,"['Museo Lapidario', 'Verona Tour', 'Museo Radio', 'San Zeno', 'Sighseeing']",Casa Giulietta,strategy_nearest,False,0.0013697147369384766,success
04BDAA3A9C4C80,2,"['Museo Lapidario', 'Casa Giulietta']",Santa Anastasia,"['AMO', 'Museo Conte', 'Palazzo della Ragione', 'Teatro Romano', 'Centro Fotografia']",Duomo,strategy_nearest,False,0.003281831741333008,success
04BDA14A9C4C80,3,"['Arena', 'Casa Giulietta', 'San Fermo', 'Santa Anastasia']",Teatro Romano,"['Duomo', 'AMO', 'Palazzo della Ragione', 'Museo Conte', 'Centro Fotografia']",Duomo,strategy_nearest,True,0.0041179656982421875,success
04BDAD429C4C80,3,"['Arena', 'San Fermo', 'Giardino Giusti']",Teatro Romano,"['Santa Anastasia', 'Duomo', 'AMO', 'Palazzo della Ragione', 'Museo Conte']",Duomo,strategy_nearest,True,0.0032792091369628906,success
04BDF13A9C4C80,0,"['Castelvecchio', 'San Zeno']",Giardino Giusti,"['Santa Anastasia', 'Teatro Romano', 'Museo Conte', 'Centro Fotografia', 'Museo Storia']",Casa Giulietta,strategy_nearest,False,0.0026569366455078125,success
04BDBE429C4C80,3,['Arena'],Torre Lamberti,"['Sighseeing', 'Centro Fotografia', 'Museo Conte', 'Casa Giulietta', 'Palazzo della Ragione']",Santa Anastasia,strategy_nearest,False,0.0018799304962158203,success
04BDF53A9C4C80,0,['Casa Giulietta'],Arena,"['Verona Tour', 'Museo Lapidario', 'Museo Radio', 'San Fermo', 'Sighseeing']",Castelvecchio,strategy_nearest,False,0.0034360885620117188,success
04BDF73A9C4C80,3,"['Duomo', 'Santa Anastasia']",Tomba Giulietta,"['San Fermo', 'Museo Storia', 'Arena', 'Museo Lapidario', 'Museo Radio']",Arena,strategy_nearest,True,0.0026597976684570312,success
04BDFD3A9C4C80,3,"['Arena', 'Casa Giulietta']",Teatro Romano,"['Santa Anastasia', 'Duomo', 'AMO', 'Palazzo della Ragione', 'Museo Conte']",Duomo,strategy_nearest,True,0.002434253692626953,success
04BE09429C4C84,0,"['Arena', 'Casa Giulietta']",Castelvecchio,"['Museo Lapidario', 'Verona Tour', 'Museo Radio', 'San Zeno', 'Sighseeing']",Teatro Romano,strategy_nearest,False,0.002707958221435547,success
04BE123A9C4C80,1,"['Arena', 'Palazzo della Ragione']",Torre Lamberti,"['Sighseeing', 'Centro Fotografia', 'Museo Conte', 'Casa Giulietta', 'AMO']",Casa Giulietta,strategy_nearest,True,0.0025098323822021484,success
04BE0D429C4C84,3,"['Arena', 'Casa Giulietta']",Torre Lamberti,"['Sighseeing', 'Centro Fotografia', 'Museo Conte', 'Palazzo della Ragione', 'AMO']",Santa Anastasia,strategy_nearest,False,0.0033969879150390625,success
04BE12429C4C80,3,"['Tomba Giulietta', 'San Fermo', 'Museo Storia']",Teatro Romano,"['Santa Anastasia', 'Duomo', 'AMO', 'Palazzo della Ragione', 'Museo Conte']",Castelvecchio,strategy_nearest,False,0.002841949462890625,success
04BE14429C4C84,3,"['Arena', 'Casa Giulietta']",Santa Anastasia,"['AMO', 'Museo Conte', 'Palazzo della Ragione', 'Teatro Romano', 'Centro Fotografia']",Duomo,strategy_nearest,False,0.0030198097229003906,success
04BE20429C4C80,3,"['Arena', 'Casa Giulietta']",Torre Lamberti,"['Sighseeing', 'Centro Fotografia', 'Museo Conte', 'Palazzo della Ragione', 'AMO']",Santa Anastasia,strategy_nearest,False,0.0027151107788085938,success
04BE223A9C4C84,0,['Arena'],Museo Lapidario,"['Verona Tour', 'Castelvecchio', 'Museo Radio', 'San Fermo', 'Casa Giulietta']",Castelvecchio,strategy_nearest,True,0.002003908157348633,success
04BE1C429C4C84,0,"['Arena', 'San Fermo']",Giardino Giusti,"['Santa Anastasia', 'Teatro Romano', 'Museo Conte', 'Centro Fotografia', 'Museo Storia']",Casa Giulietta,strategy_nearest,False,0.004858255386352539,success
04BE2C3A9C4C80,3,"['Arena', 'Torre Lamberti']",Teatro Romano,"['Santa Anastasia', 'Duomo', 'AMO', 'Palazzo della Ragione', 'Museo Conte']",Santa Anastasia,strategy_nearest,True,0.002084970474243164,success
04BE29429C4C84,3,"['Santa Anastasia', 'Teatro Romano']",Casa Giulietta,"['Centro Fotografia', 'Sighseeing', 'Torre Lamberti', 'Museo Conte', 'Museo Radio']",Arena,strategy_nearest,False,0.0021398067474365234,success
04BE36429C4C80,0,"['Duomo', 'Casa Giulietta']",Arena,"['Verona Tour', 'Museo Lapidario', 'Museo Radio', 'San Fermo', 'Sighseeing']",Castelvecchio,strategy_nearest,False,0.0026438236236572266,success
04BE2D429C4C80,0,"['Arena', 'Teatro Romano']",Casa Giulietta,"['Centro Fotografia', 'Sighseeing', 'Torre Lamberti', 'Museo Conte', 'Museo Radio']",Giardino Giusti,strategy_nearest,False,0.0032911300659179688,success
04BE583A9C4C80,3,"['Arena', 'Torre Lamberti']",Santa Anastasia,"['AMO', 'Museo Conte', 'Palazzo della Ragione', 'Teatro Romano', 'Centro Fotografia']",Duomo,strategy_nearest,False,0.001600027084350586,success
04BE613A9C4C80,3,"['Santa Anastasia', 'Duomo', 'Casa Giulietta']",Arena,"['Verona Tour', 'Museo Lapidario', 'Museo Radio', 'San Fermo', 'Sighseeing']",Tomba Giulietta,strategy_nearest,False,0.0020999908447265625,success
04BE673A9C4C80,3,"['Torre Lamberti', 'Casa Giulietta']",San Fermo,"['Museo Storia', 'Museo Radio', 'Centro Fotografia', 'Arena', 'Sighseeing']",Arena,strategy_nearest,True,0.0032830238342285156,success
04BE4B3A9C4C80,3,['Casa Giulietta'],Santa Anastasia,"['AMO', 'Museo Conte', 'Palazzo della Ragione', 'Teatro Romano', 'Centro Fotografia']",Teatro Romano,strategy_nearest,True,0.0040340423583984375,success
04BE7A429C4C80,2,['Casa Giulietta'],Torre Lamberti,"['Sighseeing', 'Centro Fotografia', 'Museo Conte', 'Palazzo della Ragione', 'AMO']",Castelvecchio,strategy_nearest,False,0.0014872550964355469,success
04BE7F429C4C80,0,"['Tomba Giulietta', 'Arena']",Torre Lamberti,"['Sighseeing', 'Centro Fotografia', 'Museo Conte', 'Casa Giulietta', 'Palazzo della Ragione']",Casa Giulietta,strategy_nearest,True,0.002585887908935547,success
04BE6B3A9C4C80,1,"['Arena', 'Casa Giulietta', 'Palazzo della Ragione']",Santa Anastasia,"['AMO', 'Museo Conte', 'Teatro Romano', 'Centro Fotografia', 'Duomo']",Duomo,strategy_nearest,True,0.002832174301147461,success
04BE753A9C4C80,1,"['Arena', 'Casa Giulietta']",Palazzo della Ragione,"['AMO', 'Museo Conte', 'Torre Lamberti', 'Centro Fotografia', 'Sighseeing']",Santa Anastasia,strategy_nearest,False,0.004032135009765625,success
04BE823A9C4C80,3,['Arena'],Casa Giulietta,"['Centro Fotografia', 'Sighseeing', 'Torre Lamberti', 'Museo Conte', 'Museo Radio']",Torre Lamberti,strategy_nearest,True,0.0028967857360839844,success
04BE834A9C4C80,0,['Arena'],Tomba Giulietta,"['San Fermo', 'Museo Storia', 'Museo Lapidario', 'Museo Radio', 'Verona Tour']",Castelvecchio,strategy_nearest,False,0.0012898445129394531,success
04BE84429C4C80,3,"['Arena', 'Casa Giulietta']",Torre Lamberti,"['Sighseeing', 'Centro Fotografia', 'Museo Conte', 'Palazzo della Ragione', 'AMO']",Santa Anastasia,strategy_nearest,False,0.0030350685119628906,success
04BE813A9C4C80,0,['Arena'],Teatro Romano,"['Santa Anastasia', 'Duomo', 'AMO', 'Palazzo della Ragione', 'Museo Conte']",Duomo,strategy_nearest,True,0.002917051315307617,success
04BE854A9C4C80,3,"['Arena', 'Casa Giulietta']",Torre Lamberti,"['Sighseeing', 'Centro Fotografia', 'Museo Conte', 'Palazzo della Ragione', 'AMO']",Santa Anastasia,strategy_nearest,False,0.0015950202941894531,success
04BE873A9C4C80,0,['Arena'],Casa Giulietta,"['Centro Fotografia', 'Sighseeing', 'Torre Lamberti', 'Museo Conte', 'Museo Radio']",Torre Lamberti,strategy_nearest,True,0.002872943878173828,success
04BE87429C4C80,3,"['Castelvecchio', 'Arena', 'Museo Lapidario']",Casa Giulietta,"['Centro Fotografia', 'Sighseeing', 'Torre Lamberti', 'Museo Conte', 'Museo Radio']",Santa Anastasia,strategy_nearest,False,0.002844095230102539,success
04BE874A9C4C80,3,"['Casa Giulietta', 'San Fermo', 'Torre Lamberti']",Duomo,"['AMO', 'Museo Miniscalchi', 'Santa Anastasia', 'Teatro Romano', 'Palazzo della Ragione']",Arena,strategy_nearest,False,0.0033750534057617188,success
04BE883A9C4C80,3,['Arena'],Duomo,"['AMO', 'Museo Miniscalchi', 'Santa Anastasia', 'Teatro Romano', 'Palazzo della Ragione']",Santa Anastasia,strategy_nearest,True,0.004425764083862305,success
04BE8D4A9C4C80,3,['Arena'],Torre Lamberti,"['Sighseeing', 'Centro Fotografia', 'Museo Conte', 'Casa Giulietta', 'Palazzo della Ragione']",Santa Anastasia,strategy_nearest,False,0.0029129981994628906,success
04BE90429C4C80,0,['Duomo'],Torre Lamberti,"['Sighseeing', 'Centro Fotografia', 'Museo Conte', 'Casa Giulietta', 'Palazzo della Ragione']",Arena,strategy_nearest,False,0.0034990310668945312,success
04BE8A429C4C80,3,"['Arena', 'Torre Lamberti']",Casa Giulietta,"['Centro Fotografia', 'Sighseeing', 'Museo Conte', 'Museo Radio', 'Palazzo della Ragione']",Santa Anastasia,strategy_nearest,False,0.001392364501953125,success
04BEA84A9C4C80,3,['Arena'],Santa Anastasia,"['AMO', 'Museo Conte', 'Palazzo della Ragione', 'Teatro Romano', 'Centro Fotografia']",Duomo,strategy_nearest,False,0.0027480125427246094,success
04BE9A429C4C80,2,['San Zeno'],Duomo,"['AMO', 'Museo Miniscalchi', 'Santa Anastasia', 'Teatro Romano', 'Palazzo della Ragione']",Torre Lamberti,strategy_nearest,False,0.00485992431640625,success
04BE9F4A9C4C80,0,"['Arena', 'San Fermo']",Teatro Romano,"['Santa Anastasia', 'Duomo', 'AMO', 'Palazzo della Ragione', 'Museo Conte']",Casa Giulietta,strategy_nearest,False,0.001585245132446289,success
04BEA8429C4C80,1,"['Castelvecchio', 'Arena']",Torre Lamberti,"['Sighseeing', 'Centro Fotografia', 'Museo Conte', 'Casa Giulietta', 'Palazzo della Ragione']",Palazzo della Ragione,strategy_nearest,True,0.002254962921142578,success
04BEB6429C4C80,0,"['Castelvecchio', 'Arena']",Giardino Giusti,"['Santa Anastasia', 'Teatro Romano', 'Museo Conte', 'Centro Fotografia', 'Museo Storia']",Teatro Romano,strategy_nearest,True,0.002079010009765625,success
04BEB13A9C4C80,3,"['Casa Giulietta', 'Duomo']",Torre Lamberti,"['Sighseeing', 'Centro Fotografia', 'Museo Conte', 'Palazzo della Ragione', 'AMO']",San Zeno,strategy_nearest,False,0.003503084182739258,success
04BEB23A9C4C80,1,"['Arena', 'Casa Giulietta']",Torre Lamberti,"['Sighseeing', 'Centro Fotografia', 'Museo Conte', 'Palazzo della Ragione', 'AMO']",Palazzo della Ragione,strategy_nearest,True,0.0016541481018066406,success
04BEAB3A9C4C80,0,['Arena'],Casa Giulietta,"['Centro Fotografia', 'Sighseeing', 'Torre Lamberti', 'Museo Conte', 'Museo Radio']",Castelvecchio,strategy_nearest,False,0.0029649734497070312,success
04BEBB429C4C80,3,"['Castelvecchio', 'Arena']",Torre Lamberti,"['Sighseeing', 'Centro Fotografia', 'Museo Conte', 'Casa Giulietta', 'Palazzo della Ragione']",Santa Anastasia,strategy_nearest,False,0.0028259754180908203,success
04BEC03A9C4C80,3,['Arena'],Casa Giulietta,"['Centro Fotografia', 'Sighseeing', 'Torre Lamberti', 'Museo Conte', 'Museo Radio']",Santa Anastasia,strategy_nearest,False,0.0022232532501220703,success
04BECC3A9C4C80,3,['Arena'],Santa Anastasia,"['AMO', 'Museo Conte', 'Palazzo della Ragione', 'Teatro Romano', 'Centro Fotografia']",Casa Giulietta,strategy_nearest,False,0.003314971923828125,success
04BEC83A9C4C80,0,"['Castelvecchio', 'Arena']",Casa Giulietta,"['Centro Fotografia', 'Sighseeing', 'Torre Lamberti', 'Museo Conte', 'Museo Radio']",Torre Lamberti,strategy_nearest,True,0.0015959739685058594,success
04BED83A9C4C80,2,"['Duomo', 'Teatro Romano', 'Casa Giulietta']",Torre Lamberti,"['Sighseeing', 'Centro Fotografia', 'Museo Conte', 'Palazzo della Ragione', 'AMO']",Santa Anastasia,strategy_nearest,False,0.002804279327392578,success
04BEF1429C4C80,2,"['Museo Lapidario', 'Castelvecchio']",Duomo,"['AMO', 'Museo Miniscalchi', 'Santa Anastasia', 'Teatro Romano', 'Palazzo della Ragione']",Teatro Romano,strategy_nearest,True,0.0020067691802978516,success
04BECE429C4C80,3,"['Castelvecchio', 'Arena']",Teatro Romano,"['Santa Anastasia', 'Duomo', 'AMO', 'Palazzo della Ragione', 'Museo Conte']",Duomo,strategy_nearest,True,0.0016598701477050781,success
04BEE6429C4C80,0,['Arena'],Castelvecchio,"['Museo Lapidario', 'Verona Tour', 'Museo Radio', 'San Zeno', 'Sighseeing']",Giardino Giusti,strategy_nearest,False,0.003535747528076172,success
04BF013A9C4C84,2,['San Fermo'],Santa Anastasia,"['AMO', 'Museo Conte', 'Palazzo della Ragione', 'Teatro Romano', 'Centro Fotografia']",Castelvecchio,strategy_nearest,False,0.0028541088104248047,success
04BEF73A9C4C80,0,['Castelvecchio'],Arena,"['Verona Tour', 'Museo Lapidario', 'Museo Radio', 'San Fermo', 'Casa Giulietta']",Duomo,strategy_nearest,False,0.0018808841705322266,success
04BF0E429C4C84,3,"['Arena', 'Museo Lapidario']",Castelvecchio,"['Verona Tour', 'Museo Radio', 'San Zeno', 'Sighseeing', 'Museo Miniscalchi']",Casa Giulietta,strategy_nearest,False,0.0033211708068847656,success
04BF01429C4C84,0,['Arena'],Teatro Romano,"['Santa Anastasia', 'Duomo', 'AMO', 'Palazzo della Ragione', 'Museo Conte']",Duomo,strategy_nearest,True,0.002744913101196289,success
04BF244A9C4C80,2,['Casa Giulietta'],Santa Anastasia,"['AMO', 'Museo Conte', 'Palazzo della Ragione', 'Teatro Romano', 'Centro Fotografia']",Castelvecchio,strategy_nearest,False,0.002084970474243164,success
04BF1E3A9C4C80,0,"['Arena', 'Torre Lamberti']",Duomo,"['AMO', 'Museo Miniscalchi', 'Santa Anastasia', 'Teatro Romano', 'Palazzo della Ragione']",Castelvecchio,strategy_nearest,False,0.004054069519042969,success
04BF20429C4C84,3,"['Arena', 'Museo Lapidario']",Casa Giulietta,"['Centro Fotografia', 'Sighseeing', 'Torre Lamberti', 'Museo Conte', 'Museo Radio']",Torre Lamberti,strategy_nearest,True,0.0033850669860839844,success
04BF1F3A9C4C84,2,['Casa Giulietta'],Santa Anastasia,"['AMO', 'Museo Conte', 'Palazzo della Ragione', 'Teatro Romano', 'Centro Fotografia']",Duomo,strategy_nearest,False,0.0015559196472167969,success
04BF33429C4C80,3,"['Arena', 'Casa Giulietta']",Torre Lamberti,"['Sighseeing', 'Centro Fotografia', 'Museo Conte', 'Palazzo della Ragione', 'AMO']",Santa Anastasia,strategy_nearest,False,0.002788066864013672,success
04BF34429C4C80,3,"['San Zeno', 'Castelvecchio', 'Santa Anastasia']",Duomo,"['AMO', 'Museo Miniscalchi', 'Teatro Romano', 'Palazzo della Ragione', 'Museo Conte']",Arena,strategy_nearest,False,0.0018339157104492188,success
04BF3D4A9C4C80,0,['Casa Giulietta'],Arena,"['Verona Tour', 'Museo Lapidario', 'Museo Radio', 'San Fermo', 'Sighseeing']",Giardino Giusti,strategy_nearest,False,0.0026810169219970703,success
04BF38429C4C80,1,['Arena'],Casa Giulietta,"['Centro Fotografia', 'Sighseeing', 'Torre Lamberti', 'Museo Conte', 'Museo Radio']",Torre Lamberti,strategy_nearest,True,0.0035181045532226562,success
04BF45429C4C80,2,"['Casa Giulietta', 'Torre Lamberti']",Palazzo della Ragione,"['AMO', 'Museo Conte', 'Centro Fotografia', 'Sighseeing', 'Santa Anastasia']",Santa Anastasia,strategy_nearest,True,0.0034339427947998047,success
04BF5F3A9C4C80,0,['Museo Lapidario'],Castelvecchio,"['Verona Tour', 'Arena', 'Museo Radio', 'San Zeno', 'Sighseeing']",Arena,strategy_nearest,True,0.003282785415649414,success
04BF5B429C4C80,0,['Arena'],San Zeno,"['Castelvecchio', 'Verona Tour', 'Museo Lapidario', 'Museo Miniscalchi', 'Sighseeing']",Duomo,strategy_nearest,False,0.0020279884338378906,success
04BF69429C4C80,0,['Tomba Giulietta'],Arena,"['Verona Tour', 'Museo Lapidario', 'Museo Radio', 'San Fermo', 'Casa Giulietta']",Casa Giulietta,strategy_nearest,True,0.0030198097229003906,success
04BF793A9C4C80,3,"['Arena', 'Casa Giulietta', 'San Fermo']",Torre Lamberti,"['Sighseeing', 'Centro Fotografia', 'Museo Conte', 'Palazzo della Ragione', 'AMO']",Santa Anastasia,strategy_nearest,False,0.002028942108154297,success
04BF78429C4C80,3,"['Arena', 'Casa Giulietta', 'San Fermo']",Torre Lamberti,"['Sighseeing', 'Centro Fotografia', 'Museo Conte', 'Palazzo della Ragione', 'AMO']",Santa Anastasia,strategy_nearest,False,0.0032939910888671875,success
04BF76429C4C80,3,"['Casa Giulietta', 'Torre Lamberti']",Duomo,"['AMO', 'Museo Miniscalchi', 'Santa Anastasia', 'Teatro Romano', 'Palazzo della Ragione']",Arena,strategy_nearest,False,0.0019741058349609375,success
04BF7B3A9C4C80,3,"['Arena', 'Museo Lapidario', 'Castelvecchio']",San Zeno,"['Verona Tour', 'Museo Miniscalchi', 'Sighseeing', 'Museo Radio', 'Torre Lamberti']",Casa Giulietta,strategy_nearest,False,0.003192901611328125,success
04BF814A9C4C80,0,['Casa Giulietta'],Castelvecchio,"['Museo Lapidario', 'Verona Tour', 'Arena', 'Museo Radio', 'San Zeno']",Arena,strategy_nearest,True,0.002845287322998047,success
04BF7E429C4C80,3,"['Arena', 'Santa Anastasia']",Duomo,"['AMO', 'Museo Miniscalchi', 'Teatro Romano', 'Palazzo della Ragione', 'Museo Conte']",Torre Lamberti,strategy_nearest,False,0.0027070045471191406,success
04BF8E4A9C4C80,0,"['Arena', 'Castelvecchio']",Casa Giulietta,"['Centro Fotografia', 'Sighseeing', 'Torre Lamberti', 'Museo Conte', 'Museo Radio']",Santa Anastasia,strategy_nearest,False,0.003412008285522461,success
04BF8D4A9C4C80,0,['Arena'],Torre Lamberti,"['Sighseeing', 'Centro Fotografia', 'Museo Conte', 'Casa Giulietta', 'Palazzo della Ragione']",Teatro Romano,strategy_nearest,False,0.0027599334716796875,success
04BF91429C4C80,0,"['Arena', 'Casa Giulietta']",Torre Lamberti,"['Sighseeing', 'Centro Fotografia', 'Museo Conte', 'Palazzo della Ragione', 'AMO']",Duomo,strategy_nearest,False,0.002090930938720703,success
04BF90429C4C80,3,['Santa Anastasia'],Torre Lamberti,"['Sighseeing', 'Centro Fotografia', 'Museo Conte', 'Casa Giulietta', 'Palazzo della Ragione']",Casa Giulietta,strategy_nearest,True,0.002103090286254883,success
04BF98429C4C80,3,"['Arena', 'Museo Lapidario']",Castelvecchio,"['Verona Tour', 'Museo Radio', 'San Zeno', 'Sighseeing', 'Museo Miniscalchi']",Santa Anastasia,strategy_nearest,False,0.0026841163635253906,success
04BF9C429C4C80,0,['Arena'],Museo Lapidario,"['Verona Tour', 'Castelvecchio', 'Museo Radio', 'San Fermo', 'Casa Giulietta']",Castelvecchio,strategy_nearest,True,0.003206968307495117,success
04BFA84A9C4C80,3,"['Castelvecchio', 'Arena']",Torre Lamberti,"['Sighseeing', 'Centro Fotografia', 'Museo Conte', 'Casa Giulietta', 'Palazzo della Ragione']",Santa Anastasia,strategy_nearest,False,0.002177000045776367,success
04BFA5429C4C80,3,"['Casa Giulietta', 'Torre Lamberti', 'Santa Anastasia']",Teatro Romano,"['Duomo', 'AMO', 'Palazzo della Ragione', 'Museo Conte', 'Centro Fotografia']",Arena,strategy_nearest,False,0.002804994583129883,success
04BFA94A9C4C80,2,['San Fermo'],Duomo,"['AMO', 'Museo Miniscalchi', 'Santa Anastasia', 'Teatro Romano', 'Palazzo della Ragione']",Teatro Romano,strategy_nearest,True,0.0033490657806396484,success
04BF9F429C4C80,3,"['Arena', 'Casa Giulietta']",Torre Lamberti,"['Sighseeing', 'Centro Fotografia', 'Museo Conte', 'Palazzo della Ragione', 'AMO']",Santa Anastasia,strategy_nearest,False,0.0016298294067382812,success
04BFB13A9C4C80,0,"['Arena', 'Castelvecchio']",Duomo,"['AMO', 'Museo Miniscalchi', 'Santa Anastasia', 'Teatro Romano', 'Palazzo della Ragione']",Teatro Romano,strategy_nearest,True,0.002123117446899414,success
04BFC13A9C4C80,3,"['Arena', 'Casa Giulietta', 'Giardino Giusti']",Santa Anastasia,"['AMO', 'Museo Conte', 'Palazzo della Ragione', 'Teatro Romano', 'Centro Fotografia']",Teatro Romano,strategy_nearest,True,0.0033342838287353516,success
04BFAC3A9C4C80,0,"['Arena', 'Torre Lamberti']",Casa Giulietta,"['Centro Fotografia', 'Sighseeing', 'Museo Conte', 'Museo Radio', 'Palazzo della Ragione']",San Fermo,strategy_nearest,False,0.002819061279296875,success
04BFAB4A9C4C80,0,['Arena'],Castelvecchio,"['Museo Lapidario', 'Verona Tour', 'Museo Radio', 'San Zeno', 'Sighseeing']",Duomo,strategy_nearest,False,0.001580953598022461,success
04BFCC3A9C4C80,0,"['Arena', 'Museo Lapidario']",Casa Giulietta,"['Centro Fotografia', 'Sighseeing', 'Torre Lamberti', 'Museo Conte', 'Museo Radio']",Torre Lamberti,strategy_nearest,True,0.0023081302642822266,success
04BFC83A9C4C80,3,['Arena'],Santa Anastasia,"['AMO', 'Museo Conte', 'Palazzo della Ragione', 'Teatro Romano', 'Centro Fotografia']",Torre Lamberti,strategy_nearest,False,0.004258155822753906,success
04BFCC429C4C80,2,"['Teatro Romano', 'San Fermo']",San Zeno,"['Castelvecchio', 'Verona Tour', 'Museo Lapidario', 'Arena', 'Museo Miniscalchi']",Torre Lamberti,strategy_nearest,False,0.0016601085662841797,success
04BFD23A9C4C80,3,['Arena'],Castelvecchio,"['Museo Lapidario', 'Verona Tour', 'Museo Radio', 'San Zeno', 'Sighseeing']",Santa Anastasia,strategy_nearest,False,0.0028009414672851562,success
04BFEF3A9C4C80,3,"['Arena', 'Casa Giulietta']",Santa Anastasia,"['AMO', 'Museo Conte', 'Palazzo della Ragione', 'Teatro Romano', 'Centro Fotografia']",Teatro Romano,strategy_nearest,True,0.002568960189819336,success
04BFD63A9C4C80,3,"['Arena', 'Castelvecchio']",Duomo,"['AMO', 'Museo Miniscalchi', 'Santa Anastasia', 'Teatro Romano', 'Palazzo della Ragione']",Teatro Romano,strategy_nearest,True,0.0020499229431152344,success
04BFD9429C4C80,2,['Casa Giulietta'],Torre Lamberti,"['Sighseeing', 'Centro Fotografia', 'Museo Conte', 'Palazzo della Ragione', 'AMO']",Castelvecchio,strategy_nearest,False,0.0020852088928222656,success
04BFF1429C4C80,3,"['San Fermo', 'Santa Anastasia', 'Duomo']",Arena,"['Verona Tour', 'Museo Lapidario', 'Museo Radio', 'Casa Giulietta', 'Sighseeing']",Castelvecchio,strategy_nearest,False,0.0029501914978027344,success
04C0073A9C4C84,3,"['Arena', 'Casa Giulietta']",Santa Anastasia,"['AMO', 'Museo Conte', 'Palazzo della Ragione', 'Teatro Romano', 'Centro Fotografia']",Duomo,strategy_nearest,False,0.0026569366455078125,success
04C002429C4C84,3,"['San Fermo', 'Casa Giulietta', 'Torre Lamberti']",Museo Lapidario,"['Verona Tour', 'Arena', 'Castelvecchio', 'Museo Radio', 'Tomba Giulietta']",Castelvecchio,strategy_nearest,True,0.0021860599517822266,success
04BFF4429C4C80,3,['Arena'],Santa Anastasia,"['AMO', 'Museo Conte', 'Palazzo della Ragione', 'Teatro Romano', 'Centro Fotografia']",Torre Lamberti,strategy_nearest,False,0.003654003143310547,success
04C010429C4C80,2,['San Fermo'],San Zeno,"['Castelvecchio', 'Verona Tour', 'Museo Lapidario', 'Arena', 'Museo Miniscalchi']",Duomo,strategy_nearest,False,0.0030357837677001953,success
04C014429C4C84,3,"['Arena', 'Casa Giulietta']",Santa Anastasia,"['AMO', 'Museo Conte', 'Palazzo della Ragione', 'Teatro Romano', 'Centro Fotografia']",Duomo,strategy_nearest,False,0.002215147018432617,success
04C0173A9C4C84,0,"['Tomba Giulietta', 'Arena']",Museo Lapidario,"['Verona Tour', 'Castelvecchio', 'Museo Radio', 'San Fermo', 'Casa Giulietta']",Casa Giulietta,strategy_nearest,True,0.0026581287384033203,success
04C01E429C4C84,3,"['Tomba Giulietta', 'San Fermo', 'Santa Anastasia', 'Teatro Romano', 'Museo Lapidario']",Casa Giulietta,"['Centro Fotografia', 'Sighseeing', 'Torre Lamberti', 'Museo Conte', 'Museo Radio']",Torre Lamberti,strategy_nearest,True,0.0033490657806396484,success
04C022429C4C84,2,['Casa Giulietta'],Torre Lamberti,"['Sighseeing', 'Centro Fotografia', 'Museo Conte', 'Palazzo della Ragione', 'AMO']",Santa Anastasia,strategy_nearest,False,0.0023458003997802734,success
04C023429C4C84,3,"['Arena', 'San Fermo', 'Casa Giulietta']",Torre Lamberti,"['Sighseeing', 'Centro Fotografia', 'Museo Conte', 'Palazzo della Ragione', 'AMO']",Santa Anastasia,strategy_nearest,False,0.0030579566955566406,success
04C035429C4C80,0,['Arena'],Castelvecchio,"['Museo Lapidario', 'Verona Tour', 'Museo Radio', 'San Zeno', 'Sighseeing']",Duomo,strategy_nearest,False,0.0018198490142822266,success
04C0333A9C4C80,3,"['Castelvecchio', 'Torre Lamberti', 'Santa Anastasia']",Teatro Romano,"['Duomo', 'AMO', 'Palazzo della Ragione', 'Museo Conte', 'Centro Fotografia']",Arena,strategy_nearest,False,0.00255584716796875,success
04C039429C4C80,3,['Arena'],Casa Giulietta,"['Centro Fotografia', 'Sighseeing', 'Torre Lamberti', 'Museo Conte', 'Museo Radio']",Santa Anastasia,strategy_nearest,False,0.002746105194091797,success
04C03C3A9C4C80,2,"['Casa Giulietta', 'San Fermo']",Santa Anastasia,"['AMO', 'Museo Conte', 'Palazzo della Ragione', 'Teatro Romano', 'Centro Fotografia']",Castelvecchio,strategy_nearest,False,0.003648042678833008,success
04C046429C4C80,1,"['Arena', 'Castelvecchio', 'San Zeno', 'Torre Lamberti']",Palazzo della Ragione,"['AMO', 'Museo Conte', 'Centro Fotografia', 'Sighseeing', 'Santa Anastasia']",Casa Giulietta,strategy_nearest,False,0.002329111099243164,success
04C041429C4C80,2,['Castelvecchio'],Casa Giulietta,"['Centro Fotografia', 'Sighseeing', 'Torre Lamberti', 'Museo Conte', 'Museo Radio']",Teatro Romano,strategy_nearest,False,0.0032320022583007812,success
04C0583A9C4C80,0,['San Fermo'],Arena,"['Verona Tour', 'Museo Lapidario', 'Museo Radio', 'Casa Giulietta', 'Sighseeing']",Casa Giulietta,strategy_nearest,True,0.003622770309448242,success
04C06D429C4C80,0,['Casa Giulietta'],Arena,"['Verona Tour', 'Museo Lapidario', 'Museo Radio', 'San Fermo', 'Sighseeing']",Tomba Giulietta,strategy_nearest,False,0.003324270248413086,success
04C069429C4C80,0,"['Arena', 'Museo Lapidario']",Casa Giulietta,"['Centro Fotografia', 'Sighseeing', 'Torre Lamberti', 'Museo Conte', 'Museo Radio']",Torre Lamberti,strategy_nearest,True,0.0029671192169189453,success
04C057429C4C80,3,"['Torre Lamberti', 'Duomo', 'Teatro Romano', 'Santa Anastasia']",Castelvecchio,"['Museo Lapidario', 'Verona Tour', 'Arena', 'Museo Radio', 'San Zeno']",Arena,strategy_nearest,True,0.002897024154663086,success
04C06F3A9C4C80,3,"['Castelvecchio', 'Tomba Giulietta', 'Santa Anastasia']",Arena,"['Verona Tour', 'Museo Lapidario', 'Museo Radio', 'San Fermo', 'Casa Giulietta']",Casa Giulietta,strategy_nearest,True,0.002862215042114258,success
04C07B3A9C4C80,2,['Casa Giulietta'],Torre Lamberti,"['Sighseeing', 'Centro Fotografia', 'Museo Conte', 'Palazzo della Ragione', 'AMO']",Santa Anastasia,strategy_nearest,False,0.00203704833984375,success
04C078429C4C80,0,['Casa Giulietta'],Arena,"['Verona Tour', 'Museo Lapidario', 'Museo Radio', 'San Fermo', 'Sighseeing']",Tomba Giulietta,strategy_nearest,False,0.0015151500701904297,success
04C070429C4C80,0,"['Arena', 'Torre Lamberti']",Casa Giulietta,"['Centro Fotografia', 'Sighseeing', 'Museo Conte', 'Museo Radio', 'Palazzo della Ragione']",Castelvecchio,strategy_nearest,False,0.003476858139038086,success
04C07B429C4C80,3,"['Arena', 'Casa Giulietta']",Torre Lamberti,"['Sighseeing', 'Centro Fotografia', 'Museo Conte', 'Palazzo della Ragione', 'AMO']",Santa Anastasia,strategy_nearest,False,0.0034198760986328125,success
04C0814A9C4C80,3,"['Arena', 'Castelvecchio']",Casa Giulietta,"['Centro Fotografia', 'Sighseeing', 'Torre Lamberti', 'Museo Conte', 'Museo Radio']",Santa Anastasia,strategy_nearest,False,0.003177165985107422,success
04C081429C4C80,0,"['San Fermo', 'Casa Giulietta']",Arena,"['Verona Tour', 'Museo Lapidario', 'Museo Radio', 'Sighseeing', 'Castelvecchio']",Castelvecchio,strategy_nearest,True,0.0015778541564941406,success
04C07C429C4C80,0,['Arena'],Castelvecchio,"['Museo Lapidario', 'Verona Tour', 'Museo Radio', 'San Zeno', 'Sighseeing']",Casa Giulietta,strategy_nearest,False,0.002198934555053711,success
04C0823A9C4C80,0,['Arena'],Casa Giulietta,"['Centro Fotografia', 'Sighseeing', 'Torre Lamberti', 'Museo Conte', 'Museo Radio']",Torre Lamberti,strategy_nearest,True,0.0015990734100341797,success
04C08E4A9C4C80,0,['Arena'],Arena,"['Verona Tour', 'Museo Lapidario', 'Museo Radio', 'San Fermo', 'Casa Giulietta']",Torre Lamberti,strategy_nearest,False,0.0026140213012695312,success
04C08C4A9C4C80,0,['Arena'],Torre Lamberti,"['Sighseeing', 'Centro Fotografia', 'Museo Conte', 'Casa Giulietta', 'Palazzo della Ragione']",Castelvecchio,strategy_nearest,False,0.003319978713989258,success
04C083429C4C80,3,"['Arena', 'Casa Giulietta']",Torre Lamberti,"['Sighseeing', 'Centro Fotografia', 'Museo Conte', 'Palazzo della Ragione', 'AMO']",Tomba Giulietta,strategy_nearest,False,0.0021996498107910156,success
04C0914A9C4C80,3,['Arena'],Torre Lamberti,"['Sighseeing', 'Centro Fotografia', 'Museo Conte', 'Casa Giulietta', 'Palazzo della Ragione']",Santa Anastasia,strategy_nearest,False,0.0033369064331054688,success
04C098429C4C80,3,"['Arena', 'San Zeno']",Castelvecchio,"['Museo Lapidario', 'Verona Tour', 'Museo Radio', 'Sighseeing', 'Museo Miniscalchi']",Casa Giulietta,strategy_nearest,False,0.0015530586242675781,success
04C08F4A9C4C80,2,"['Casa Giulietta', 'San Fermo']",Torre Lamberti,"['Sighseeing', 'Centro Fotografia', 'Museo Conte', 'Palazzo della Ragione', 'AMO']",Teatro Romano,strategy_nearest,False,0.003364086151123047,success
04C09A429C4C80,0,['Arena'],Casa Giulietta,"['Centro Fotografia', 'Sighseeing', 'Torre Lamberti', 'Museo Conte', 'Museo Radio']",Santa Anastasia,strategy_nearest,False,0.0020101070404052734,success
04C0BA429C4C80,3,"['Castelvecchio', 'Arena', 'Casa Giulietta']",Torre Lamberti,"['Sighseeing', 'Centro Fotografia', 'Museo Conte', 'Palazzo della Ragione', 'AMO']",Santa Anastasia,strategy_nearest,False,0.0026171207427978516,success
04C0A94A9C4C80,2,['Casa Giulietta'],Palazzo della Ragione,"['AMO', 'Museo Conte', 'Torre Lamberti', 'Centro Fotografia', 'Sighseeing']",Torre Lamberti,strategy_nearest,True,0.002225160598754883,success
04C0AA4A9C4C80,2,['Torre Lamberti'],Santa Anastasia,"['AMO', 'Museo Conte', 'Palazzo della Ragione', 'Teatro Romano', 'Centro Fotografia']",Duomo,strategy_nearest,False,0.0014331340789794922,success
04C09D429C4C80,0,"['Arena', 'Teatro Romano']",Casa Giulietta,"['Centro Fotografia', 'Sighseeing', 'Torre Lamberti', 'Museo Conte', 'Museo Radio']",Castelvecchio,strategy_nearest,False,0.0035042762756347656,success
04C0EC3A9C4C80,2,"['Castelvecchio', 'Giardino Giusti']",Teatro Romano,"['Santa Anastasia', 'Duomo', 'AMO', 'Palazzo della Ragione', 'Museo Conte']",Duomo,strategy_nearest,True,0.002785921096801758,success
04C0CD3A9C4C80,3,"['Santa Anastasia', 'San Zeno']",Torre Lamberti,"['Sighseeing', 'Centro Fotografia', 'Museo Conte', 'Casa Giulietta', 'Palazzo della Ragione']",Tomba Giulietta,strategy_nearest,False,0.002232074737548828,success
04C0EF3A9C4C80,3,"['Arena', 'Castelvecchio']",Casa Giulietta,"['Centro Fotografia', 'Sighseeing', 'Torre Lamberti', 'Museo Conte', 'Museo Radio']",Santa Anastasia,strategy_nearest,False,0.0021572113037109375,success
04C1043A9C4C84,0,['Casa Giulietta'],Arena,"['Verona Tour', 'Museo Lapidario', 'Museo Radio', 'San Fermo', 'Sighseeing']",Tomba Giulietta,strategy_nearest,False,0.0032110214233398438,success
04C117429C4C80,0,"['Arena', 'San Zeno', 'Torre Lamberti']",Tomba Giulietta,"['San Fermo', 'Museo Storia', 'Museo Lapidario', 'Museo Radio', 'Verona Tour']",Casa Giulietta,strategy_nearest,False,0.0014400482177734375,success
04C116429C4C84,3,"['Arena', 'Casa Giulietta']",Torre Lamberti,"['Sighseeing', 'Centro Fotografia', 'Museo Conte', 'Palazzo della Ragione', 'AMO']",Teatro Romano,strategy_nearest,False,0.0028879642486572266,success
04C10D3A9C4C84,3,['Arena'],Torre Lamberti,"['Sighseeing', 'Centro Fotografia', 'Museo Conte', 'Casa Giulietta', 'Palazzo della Ragione']",Santa Anastasia,strategy_nearest,False,0.0035440921783447266,success
04C1053A9C4C84,3,"['Arena', 'Casa Giulietta']",Santa Anastasia,"['AMO', 'Museo Conte', 'Palazzo della Ragione', 'Teatro Romano', 'Centro Fotografia']",Duomo,strategy_nearest,False,0.0030078887939453125,success
04C1233A9C4C84,1,['Arena'],Casa Giulietta,"['Centro Fotografia', 'Sighseeing', 'Torre Lamberti', 'Museo Conte', 'Museo Radio']",Palazzo della Ragione,strategy_nearest,False,0.003202199935913086,success
04C11E3A9C4C84,3,"['Arena', 'Torre Lamberti']",Casa Giulietta,"['Centro Fotografia', 'Sighseeing', 'Museo Conte', 'Museo Radio', 'Palazzo della Ragione']",San Fermo,strategy_nearest,False,0.0015139579772949219,success
04C1223A9C4C80,0,['Arena'],Casa Giulietta,"['Centro Fotografia', 'Sighseeing', 'Torre Lamberti', 'Museo Conte', 'Museo Radio']",Tomba Giulietta,strategy_nearest,False,0.002199888229370117,success
04C122429C4C80,3,"['Arena', 'Torre Lamberti']",Santa Anastasia,"['AMO', 'Museo Conte', 'Palazzo della Ragione', 'Teatro Romano', 'Centro Fotografia']",Teatro Romano,strategy_nearest,True,0.0026869773864746094,success
04C1344A9C4C80,3,"['Arena', 'Casa Giulietta', 'Torre Lamberti']",Santa Anastasia,"['AMO', 'Museo Conte', 'Palazzo della Ragione', 'Teatro Romano', 'Centro Fotografia']",San Fermo,strategy_nearest,False,0.0031409263610839844,success
04C158429C4C80,2,['Casa Giulietta'],Torre Lamberti,"['Sighseeing', 'Centro Fotografia', 'Museo Conte', 'Palazzo della Ragione', 'AMO']",Palazzo della Ragione,strategy_nearest,True,0.0023720264434814453,success
04C1253A9C4C84,3,"['Arena', 'Casa Giulietta']",Torre Lamberti,"['Sighseeing', 'Centro Fotografia', 'Museo Conte', 'Palazzo della Ragione', 'AMO']",Santa Anastasia,strategy_nearest,False,0.0019099712371826172,success
04C12D3A9C4C80,0,['Arena'],Duomo,"['AMO', 'Museo Miniscalchi', 'Santa Anastasia', 'Teatro Romano', 'Palazzo della Ragione']",Castelvecchio,strategy_nearest,False,0.0038149356842041016,success
04C169429C4C80,0,['Arena'],Casa Giulietta,"['Centro Fotografia', 'Sighseeing', 'Torre Lamberti', 'Museo Conte', 'Museo Radio']",Torre Lamberti,strategy_nearest,True,0.0022559165954589844,success
04C175429C4C80,0,['Casa Giulietta'],Arena,"['Verona Tour', 'Museo Lapidario', 'Museo Radio', 'San Fermo', 'Sighseeing']",San Fermo,strategy_nearest,True,0.0027768611907958984,success
04C1633A9C4C80,0,"['Castelvecchio', 'Duomo']",Casa Giulietta,"['Centro Fotografia', 'Sighseeing', 'Torre Lamberti', 'Museo Conte', 'Museo Radio']",San Zeno,strategy_nearest,False,0.00150299072265625,success
04C178429C4C80,0,['Casa Giulietta'],Arena,"['Verona Tour', 'Museo Lapidario', 'Museo Radio', 'San Fermo', 'Sighseeing']",Teatro Romano,strategy_nearest,False,0.0031647682189941406,success
04C17F3A9C4C80,3,"['Arena', 'Museo Lapidario', 'Castelvecchio']",Teatro Romano,"['Santa Anastasia', 'Duomo', 'AMO', 'Palazzo della Ragione', 'Museo Conte']",Santa Anastasia,strategy_nearest,True,0.0024209022521972656,success
04C17C4A9C4C80,3,"['Castelvecchio', 'Casa Giulietta']",Arena,"['Verona Tour', 'Museo Lapidario', 'Museo Radio', 'San Fermo', 'Sighseeing']",Duomo,strategy_nearest,False,0.0018010139465332031,success
04C186429C4C80,3,"['Arena', 'Torre Lamberti']",Santa Anastasia,"['AMO', 'Museo Conte', 'Palazzo della Ragione', 'Teatro Romano', 'Centro Fotografia']",Teatro Romano,strategy_nearest,True,0.002384185791015625,success
04C1863A9C4C80,0,['Arena'],Museo Lapidario,"['Verona Tour', 'Castelvecchio', 'Museo Radio', 'San Fermo', 'Casa Giulietta']",Castelvecchio,strategy_nearest,True,0.0025773048400878906,success
04C187429C4C80,3,['Museo Lapidario'],Arena,"['Verona Tour', 'Museo Radio', 'San Fermo', 'Casa Giulietta', 'Sighseeing']",Torre Lamberti,strategy_nearest,False,0.0026559829711914062,success
04C188429C4C80,0,['Arena'],Casa Giulietta,"['Centro Fotografia', 'Sighseeing', 'Torre Lamberti', 'Museo Conte', 'Museo Radio']",San Fermo,strategy_nearest,False,0.0022008419036865234,success
04C18F4A9C4C80,1,"['Arena', 'Casa Giulietta']",Torre Lamberti,"['Sighseeing', 'Centro Fotografia', 'Museo Conte', 'Palazzo della Ragione', 'AMO']",Palazzo della Ragione,strategy_nearest,True,0.0025060176849365234,success
04C18B429C4C80,1,['Arena'],Casa Giulietta,"['Centro Fotografia', 'Sighseeing', 'Torre Lamberti', 'Museo Conte', 'Museo Radio']",Palazzo della Ragione,strategy_nearest,False,0.0035169124603271484,success
04C19C4A9C4C80,6,['Casa Giulietta'],Torre Lamberti,"['Sighseeing', 'Centro Fotografia', 'Museo Conte', 'Palazzo della Ragione', 'AMO']",Verona Tour,strategy_nearest,False,0.003476858139038086,success
04C1934A9C4C80,3,"['Arena', 'Casa Giulietta']",Teatro Romano,"['Santa Anastasia', 'Duomo', 'AMO', 'Palazzo della Ragione', 'Museo Conte']",Duomo,strategy_nearest,True,0.002529144287109375,success
04C1904A9C4C80,0,['Arena'],Casa Giulietta,"['Centro Fotografia', 'Sighseeing', 'Torre Lamberti', 'Museo Conte', 'Museo Radio']",Torre Lamberti,strategy_nearest,True,0.003062009811401367,success
04C1A7429C4C80,0,['San Fermo'],Casa Giulietta,"['Centro Fotografia', 'Sighseeing', 'Torre Lamberti', 'Museo Conte', 'Museo Radio']",Arena,strategy_nearest,False,0.003282308578491211,success
04C1B43A9C4C80,3,"['Castelvecchio', 'Arena']",Teatro Romano,"['Santa Anastasia', 'Duomo', 'AMO', 'Palazzo della Ragione', 'Museo Conte']",Santa Anastasia,strategy_nearest,True,0.003361940383911133,success
04C1A9429C4C80,0,['Arena'],Torre Lamberti,"['Sighseeing', 'Centro Fotografia', 'Museo Conte', 'Casa Giulietta', 'Palazzo della Ragione']",Teatro Romano,strategy_nearest,False,0.0015711784362792969,success
04C1AA429C4C80,1,"['Arena', 'Torre Lamberti']",Palazzo della Ragione,"['AMO', 'Museo Conte', 'Centro Fotografia', 'Sighseeing', 'Santa Anastasia']",Santa Anastasia,strategy_nearest,True,0.002355813980102539,success
04C1A83A9C4C80,2,['Santa Anastasia'],Torre Lamberti,"['Sighseeing', 'Centro Fotografia', 'Museo Conte', 'Casa Giulietta', 'Palazzo della Ragione']",Castelvecchio,strategy_nearest,False,0.0030329227447509766,success
04C1BD3A9C4C80,0,"['Museo Lapidario', 'Arena']",Casa Giulietta,"['Centro Fotografia', 'Sighseeing', 'Torre Lamberti', 'Museo Conte', 'Museo Radio']",Santa Anastasia,strategy_nearest,False,0.0022161006927490234,success
04C1C23A9C4C80,3,"['Tomba Giulietta', 'Casa Giulietta', 'Torre Lamberti']",Santa Anastasia,"['AMO', 'Museo Conte', 'Palazzo della Ragione', 'Teatro Romano', 'Centro Fotografia']",Duomo,strategy_nearest,False,0.003408670425415039,success
04C1B4429C4C80,3,"['Arena', 'Castelvecchio', 'Torre Lamberti']",Casa Giulietta,"['Centro Fotografia', 'Sighseeing', 'Museo Conte', 'Museo Radio', 'Palazzo della Ragione']",Teatro Romano,strategy_nearest,False,0.0016021728515625,success
04C1DB429C4C80,3,"['Arena', 'Teatro Romano']",Santa Anastasia,"['AMO', 'Museo Conte', 'Palazzo della Ragione', 'Centro Fotografia', 'Duomo']",Torre Lamberti,strategy_nearest,False,0.0026559829711914062,success
04C1ED3A9C4C80,3,"['Arena', 'Castelvecchio', 'San Fermo']",Museo Storia,"['Museo Radio', 'Casa Giulietta', 'Centro Fotografia', 'Tomba Giulietta', 'Torre Lamberti']",Casa Giulietta,strategy_nearest,True,0.0010728836059570312,success
04C1DC429C4C80,3,"['Casa Giulietta', 'Castelvecchio']",Arena,"['Verona Tour', 'Museo Lapidario', 'Museo Radio', 'San Fermo', 'Sighseeing']",Santa Anastasia,strategy_nearest,False,0.0020990371704101562,success
04C1F43A9C4C80,3,['Arena'],Torre Lamberti,"['Sighseeing', 'Centro Fotografia', 'Museo Conte', 'Casa Giulietta', 'Palazzo della Ragione']",Santa Anastasia,strategy_nearest,False,0.002599954605102539,success
04C1FA3A9C4C80,1,"['Casa Giulietta', 'Palazzo della Ragione']",Arena,"['Verona Tour', 'Museo Lapidario', 'Museo Radio', 'San Fermo', 'Sighseeing']",San Zeno,strategy_nearest,False,0.003240823745727539,success
04C1FD3A9C4C80,3,"['Tomba Giulietta', 'Castelvecchio', 'Casa Giulietta']",Duomo,"['AMO', 'Museo Miniscalchi', 'Santa Anastasia', 'Teatro Romano', 'Palazzo della Ragione']",Santa Anastasia,strategy_nearest,True,0.0026197433471679688,success
04C285429C4C80,3,"['Arena', 'Castelvecchio']",Torre Lamberti,"['Sighseeing', 'Centro Fotografia', 'Museo Conte', 'Casa Giulietta', 'Palazzo della Ragione']",San Fermo,strategy_nearest,False,0.003353118896484375,success
04C2A53A9C4C80,3,"['Arena', 'Casa Giulietta', 'Torre Lamberti']",Santa Anastasia,"['AMO', 'Museo Conte', 'Palazzo della Ragione', 'Teatro Romano', 'Centro Fotografia']",Teatro Romano,strategy_nearest,True,0.0030059814453125,success
04C23E429C4C80,1,"['San Zeno', 'Duomo', 'Palazzo della Ragione']",Arena,"['Verona Tour', 'Museo Lapidario', 'Museo Radio', 'San Fermo', 'Casa Giulietta']",Casa Giulietta,strategy_nearest,True,0.0026340484619140625,success
04C2A63A9C4C80,0,['Castelvecchio'],Arena,"['Verona Tour', 'Museo Lapidario', 'Museo Radio', 'San Fermo', 'Casa Giulietta']",Casa Giulietta,strategy_nearest,True,0.002221822738647461,success
04C2A73A9C4C80,0,['Arena'],Torre Lamberti,"['Sighseeing', 'Centro Fotografia', 'Museo Conte', 'Casa Giulietta', 'Palazzo della Ragione']",Castelvecchio,strategy_nearest,False,0.0028448104858398438,success
04C30D429C4C84,3,"['Casa Giulietta', 'Santa Anastasia']",Duomo,"['AMO', 'Museo Miniscalchi', 'Teatro Romano', 'Palazzo della Ragione', 'Museo Conte']",Arena,strategy_nearest,False,0.0030927658081054688,success
04C2EA3A9C4C80,2,['Castelvecchio'],Santa Anastasia,"['AMO', 'Museo Conte', 'Palazzo della Ragione', 'Teatro Romano', 'Centro Fotografia']",Duomo,strategy_nearest,False,0.002652883529663086,success
04C30F3A9C4C84,3,"['Arena', 'Santa Anastasia']",Duomo,"['AMO', 'Museo Miniscalchi', 'Teatro Romano', 'Palazzo della Ragione', 'Museo Conte']",Casa Giulietta,strategy_nearest,False,0.0036318302154541016,success
04C310429C4C80,3,['Arena'],Santa Anastasia,"['AMO', 'Museo Conte', 'Palazzo della Ragione', 'Teatro Romano', 'Centro Fotografia']",Teatro Romano,strategy_nearest,True,0.0021209716796875,success
04C31F429C4C84,3,"['Arena', 'Casa Giulietta', 'Torre Lamberti']",Santa Anastasia,"['AMO', 'Museo Conte', 'Palazzo della Ragione', 'Teatro Romano', 'Centro Fotografia']",Teatro Romano,strategy_nearest,True,0.002553224563598633,success
04C319429C4C80,1,"['Arena', 'Torre Lamberti']",Palazzo della Ragione,"['AMO', 'Museo Conte', 'Centro Fotografia', 'Sighseeing', 'Santa Anastasia']",Duomo,strategy_nearest,False,0.0034918785095214844,success
04C320429C4C84,0,['Arena'],Torre Lamberti,"['Sighseeing', 'Centro Fotografia', 'Museo Conte', 'Casa Giulietta', 'Palazzo della Ragione']",Castelvecchio,strategy_nearest,False,0.0024261474609375,success
04C324429C4C84,3,['Arena'],Casa Giulietta,"['Centro Fotografia', 'Sighseeing', 'Torre Lamberti', 'Museo Conte', 'Museo Radio']",Torre Lamberti,strategy_nearest,True,0.003004312515258789,success
04C32B4A9C4C80,3,"['Castelvecchio', 'Arena', 'Casa Giulietta']",Duomo,"['AMO', 'Museo Miniscalchi', 'Santa Anastasia', 'Teatro Romano', 'Palazzo della Ragione']",Giardino Giusti,strategy_nearest,False,0.003186941146850586,success
04C3313A9C4C80,3,"['Castelvecchio', 'Arena']",Santa Anastasia,"['AMO', 'Museo Conte', 'Palazzo della Ragione', 'Teatro Romano', 'Centro Fotografia']",Torre Lamberti,strategy_nearest,False,0.002568960189819336,success
04C32A429C4C80,3,"['Castelvecchio', 'Duomo', 'Teatro Romano']",Santa Anastasia,"['AMO', 'Museo Conte', 'Palazzo della Ragione', 'Centro Fotografia', 'Torre Lamberti']",San Fermo,strategy_nearest,False,0.002596139907836914,success
04C334429C4C80,0,['Castelvecchio'],Arena,"['Verona Tour', 'Museo Lapidario', 'Museo Radio', 'San Fermo', 'Casa Giulietta']",San Fermo,strategy_nearest,True,0.002978086471557617,success
04C3344A9C4C80,1,"['Casa Giulietta', 'Santa Anastasia', 'Duomo', 'Arena', 'Museo Lapidario']",Teatro Romano,"['AMO', 'Palazzo della Ragione', 'Museo Conte', 'Centro Fotografia', 'Museo Miniscalchi']",Giardino Giusti,strategy_nearest,False,0.002526998519897461,success
04C338429C4C80,2,"['Casa Giulietta', 'Torre Lamberti']",Santa Anastasia,"['AMO', 'Museo Conte', 'Palazzo della Ragione', 'Teatro Romano', 'Centro Fotografia']",Duomo,strategy_nearest,False,0.002808094024658203,success
04C341429C4C80,3,"['Arena', 'Casa Giulietta']",Torre Lamberti,"['Sighseeing', 'Centro Fotografia', 'Museo Conte', 'Palazzo della Ragione', 'AMO']",Santa Anastasia,strategy_nearest,False,0.003538846969604492,success
04C356429C4C80,0,['Castelvecchio'],Arena,"['Verona Tour', 'Museo Lapidario', 'Museo Radio', 'San Fermo', 'Casa Giulietta']",Giardino Giusti,strategy_nearest,False,0.001934051513671875,success
04C358429C4C80,0,['Torre Lamberti'],Casa Giulietta,"['Centro Fotografia', 'Sighseeing', 'Museo Conte', 'Museo Radio', 'Palazzo della Ragione']",Arena,strategy_nearest,False,0.00202178955078125,success
04C359429C4C80,3,"['Museo Lapidario', 'Arena', 'Castelvecchio', 'Tomba Giulietta']",Casa Giulietta,"['Centro Fotografia', 'Sighseeing', 'Torre Lamberti', 'Museo Conte', 'Museo Radio']",Torre Lamberti,strategy_nearest,True,0.0020227432250976562,success
04C3573A9C4C80,0,['Arena'],Casa Giulietta,"['Centro Fotografia', 'Sighseeing', 'Torre Lamberti', 'Museo Conte', 'Museo Radio']",Castelvecchio,strategy_nearest,False,0.004056215286254883,success
04C369429C4C80,0,['Arena'],Duomo,"['AMO', 'Museo Miniscalchi', 'Santa Anastasia', 'Teatro Romano', 'Palazzo della Ragione']",Teatro Romano,strategy_nearest,True,0.002622842788696289,success
04C379429C4C80,0,['Casa Giulietta'],Castelvecchio,"['Museo Lapidario', 'Verona Tour', 'Arena', 'Museo Radio', 'San Zeno']",Arena,strategy_nearest,True,0.0028028488159179688,success
04C3794A9C4C80,3,"['Arena', 'Casa Giulietta']",Santa Anastasia,"['AMO', 'Museo Conte', 'Palazzo della Ragione', 'Teatro Romano', 'Centro Fotografia']",Duomo,strategy_nearest,False,0.003271818161010742,success
04C3753A9C4C80,3,['Arena'],Santa Anastasia,"['AMO', 'Museo Conte', 'Palazzo della Ragione', 'Teatro Romano', 'Centro Fotografia']",San Zeno,strategy_nearest,False,0.003415822982788086,success
04C37B4A9C4C80,3,"['Castelvecchio', 'Museo Lapidario', 'Arena']",Casa Giulietta,"['Centro Fotografia', 'Sighseeing', 'Torre Lamberti', 'Museo Conte', 'Museo Radio']",Duomo,strategy_nearest,False,0.0014140605926513672,success
04C386429C4C80,2,"['Santa Anastasia', 'Duomo']",San Zeno,"['Castelvecchio', 'Verona Tour', 'Museo Lapidario', 'Arena', 'Museo Miniscalchi']",San Fermo,strategy_nearest,False,0.002724170684814453,success
04C3823A9C4C80,0,['Arena'],Casa Giulietta,"['Centro Fotografia', 'Sighseeing', 'Torre Lamberti', 'Museo Conte', 'Museo Radio']",Torre Lamberti,strategy_nearest,True,0.00341033935546875,success
04C38C4A9C4C80,0,['Arena'],Castelvecchio,"['Museo Lapidario', 'Verona Tour', 'Museo Radio', 'San Zeno', 'Sighseeing']",Casa Giulietta,strategy_nearest,False,0.0020601749420166016,success
04C3843A9C4C80,0,['Arena'],Casa Giulietta,"['Centro Fotografia', 'Sighseeing', 'Torre Lamberti', 'Museo Conte', 'Museo Radio']",Duomo,strategy_nearest,False,0.0015821456909179688,success
04C3934A9C4C80,1,"['Arena', 'Casa Giulietta', 'San Fermo']",Tomba Giulietta,"['Museo Storia', 'Museo Lapidario', 'Museo Radio', 'Verona Tour', 'Castelvecchio']",Torre Lamberti,strategy_nearest,False,0.0013408660888671875,success
04C3904A9C4C80,1,"['Museo Lapidario', 'Arena', 'Torre Lamberti']",Palazzo della Ragione,"['AMO', 'Museo Conte', 'Centro Fotografia', 'Sighseeing', 'Santa Anastasia']",Giardino Giusti,strategy_nearest,False,0.003236055374145508,success
04C392429C4C80,1,"['Arena', 'Palazzo della Ragione']",Torre Lamberti,"['Sighseeing', 'Centro Fotografia', 'Museo Conte', 'Casa Giulietta', 'AMO']",Teatro Romano,strategy_nearest,False,0.0020186901092529297,success
04C3954A9C4C80,2,"['Teatro Romano', 'Duomo', 'Santa Anastasia']",Casa Giulietta,"['Centro Fotografia', 'Sighseeing', 'Torre Lamberti', 'Museo Conte', 'Museo Radio']",San Fermo,strategy_nearest,False,0.003296375274658203,success
04C3A73A9C4C80,1,"['Arena', 'Casa Giulietta']",Palazzo della Ragione,"['AMO', 'Museo Conte', 'Torre Lamberti', 'Centro Fotografia', 'Sighseeing']",Santa Anastasia,strategy_nearest,False,0.001584768295288086,success
04C3B23A9C4C80,3,"['Arena', 'Torre Lamberti']",Casa Giulietta,"['Centro Fotografia', 'Sighseeing', 'Museo Conte', 'Museo Radio', 'Palazzo della Ragione']",Santa Anastasia,strategy_nearest,False,0.002485990524291992,success
04C3B93A9C4C80,1,"['Castelvecchio', 'Arena', 'Casa Giulietta']",Torre Lamberti,"['Sighseeing', 'Centro Fotografia', 'Museo Conte', 'Palazzo della Ragione', 'AMO']",Palazzo della Ragione,strategy_nearest,True,0.003113985061645508,success
04C3BD3A9C4C80,0,"['Arena', 'Castelvecchio']",Museo Lapidario,"['Verona Tour', 'Museo Radio', 'San Fermo', 'Casa Giulietta', 'Tomba Giulietta']",Casa Giulietta,strategy_nearest,True,0.0025017261505126953,success
04C3C63A9C4C80,2,['Casa Giulietta'],Torre Lamberti,"['Sighseeing', 'Centro Fotografia', 'Museo Conte', 'Palazzo della Ragione', 'AMO']",Santa Anastasia,strategy_nearest,False,0.003145933151245117,success
04C3D0429C4C80,2,"['Museo Lapidario', 'Duomo']",Teatro Romano,"['Santa Anastasia', 'AMO', 'Palazzo della Ragione', 'Museo Conte', 'Centro Fotografia']",Casa Giulietta,strategy_nearest,False,0.0018188953399658203,success
04C3C83A9C4C80,0,['Arena'],Torre Lamberti,"['Sighseeing', 'Centro Fotografia', 'Museo Conte', 'Casa Giulietta', 'Palazzo della Ragione']",Casa Giulietta,strategy_nearest,True,0.0038442611694335938,success
04C3D23A9C4C80,1,"['Teatro Romano', 'Santa Anastasia']",Arena,"['Verona Tour', 'Museo Lapidario', 'Museo Radio', 'San Fermo', 'Casa Giulietta']",Palazzo della Ragione,strategy_nearest,False,0.0023288726806640625,success
04C3D13A9C4C80,0,['Arena'],Torre Lamberti,"['Sighseeing', 'Centro Fotografia', 'Museo Conte', 'Casa Giulietta', 'Palazzo della Ragione']",Teatro Romano,strategy_nearest,False,0.003137826919555664,success
04C3D53A9C4C80,3,"['Arena', 'Tomba Giulietta']",San Fermo,"['Museo Storia', 'Museo Radio', 'Casa Giulietta', 'Centro Fotografia', 'Sighseeing']",Casa Giulietta,strategy_nearest,True,0.0033669471740722656,success
04C3D5429C4C80,0,['Castelvecchio'],Arena,"['Verona Tour', 'Museo Lapidario', 'Museo Radio', 'San Fermo', 'Casa Giulietta']",Casa Giulietta,strategy_nearest,True,0.003147602081298828,success
04C3D93A9C4C80,3,"['Museo Lapidario', 'Casa Giulietta', 'Castelvecchio']",Teatro Romano,"['Santa Anastasia', 'Duomo', 'AMO', 'Palazzo della Ragione', 'Museo Conte']",San Fermo,strategy_nearest,False,0.0026102066040039062,success
04C3DB429C4C80,2,"['Casa Giulietta', 'San Fermo']",Tomba Giulietta,"['Museo Storia', 'Arena', 'Museo Lapidario', 'Museo Radio', 'Verona Tour']",Santa Anastasia,strategy_nearest,False,0.0031969547271728516,success
04C3E83A9C4C80,3,['Teatro Romano'],Duomo,"['AMO', 'Museo Miniscalchi', 'Santa Anastasia', 'Palazzo della Ragione', 'Museo Conte']",Santa Anastasia,strategy_nearest,True,0.0022301673889160156,success
04C3F5429C4C80,0,['Arena'],Casa Giulietta,"['Centro Fotografia', 'Sighseeing', 'Torre Lamberti', 'Museo Conte', 'Museo Radio']",Torre Lamberti,strategy_nearest,True,0.003183126449584961,success
04C3F73A9C4C80,0,['San Zeno'],Castelvecchio,"['Museo Lapidario', 'Verona Tour', 'Arena', 'Museo Radio', 'Sighseeing']",Arena,strategy_nearest,True,0.0023500919342041016,success
04C405429C4C84,0,"['Arena', 'San Zeno']",Tomba Giulietta,"['San Fermo', 'Museo Storia', 'Museo Lapidario', 'Museo Radio', 'Verona Tour']",San Fermo,strategy_nearest,True,0.0031290054321289062,success
04C4093A9C4C84,3,"['Arena', 'Duomo']",Santa Anastasia,"['AMO', 'Museo Conte', 'Palazzo della Ragione', 'Teatro Romano', 'Centro Fotografia']",Casa Giulietta,strategy_nearest,False,0.0021097660064697266,success
04C40E429C4C84,2,['Casa Giulietta'],Duomo,"['AMO', 'Museo Miniscalchi', 'Santa Anastasia', 'Teatro Romano', 'Palazzo della Ragione']",Giardino Giusti,strategy_nearest,False,0.001987934112548828,success
04C40A429C4C84,3,"['Museo Storia', 'San Fermo', 'Castelvecchio', 'Museo Lapidario']",Arena,"['Verona Tour', 'Museo Radio', 'Casa Giulietta', 'Sighseeing', 'Torre Lamberti']",Torre Lamberti,strategy_nearest,True,0.0031890869140625,success
04C4083A9C4C84,3,['Arena'],Casa Giulietta,"['Centro Fotografia', 'Sighseeing', 'Torre Lamberti', 'Museo Conte', 'Museo Radio']",Torre Lamberti,strategy_nearest,True,0.004775047302246094,success
04C416429C4C84,0,['Arena'],Casa Giulietta,"['Centro Fotografia', 'Sighseeing', 'Torre Lamberti', 'Museo Conte', 'Museo Radio']",Santa Anastasia,strategy_nearest,False,0.002660989761352539,success
04C41D3A9C4C84,0,['Arena'],Casa Giulietta,"['Centro Fotografia', 'Sighseeing', 'Torre Lamberti', 'Museo Conte', 'Museo Radio']",Castelvecchio,strategy_nearest,False,0.0020020008087158203,success
04C4154A9C4C80,1,"['Castelvecchio', 'Museo Lapidario', 'Arena', 'Teatro Romano']",Santa Anastasia,"['AMO', 'Museo Conte', 'Palazzo della Ragione', 'Centro Fotografia', 'Duomo']",Casa Giulietta,strategy_nearest,False,0.0015168190002441406,success
04C41E3A9C4C80,3,"['Arena', 'Casa Giulietta']",Torre Lamberti,"['Sighseeing', 'Centro Fotografia', 'Museo Conte', 'Palazzo della Ragione', 'AMO']",Duomo,strategy_nearest,False,0.003226041793823242,success
04C4203A9C4C80,2,['Torre Lamberti'],Duomo,"['AMO', 'Museo Miniscalchi', 'Santa Anastasia', 'Teatro Romano', 'Palazzo della Ragione']",San Zeno,strategy_nearest,False,0.0023920536041259766,success
04C4273A9C4C84,3,"['Casa Giulietta', 'Torre Lamberti']",Teatro Romano,"['Santa Anastasia', 'Duomo', 'AMO', 'Palazzo della Ragione', 'Museo Conte']",Duomo,strategy_nearest,True,0.0017240047454833984,success
04C42D4A9C4C80,3,"['Arena', 'Casa Giulietta', 'Duomo']",Teatro Romano,"['Santa Anastasia', 'AMO', 'Palazzo della Ragione', 'Museo Conte', 'Centro Fotografia']",San Zeno,strategy_nearest,False,0.0033800601959228516,success
04C4334A9C4C80,0,['Duomo'],Arena,"['Verona Tour', 'Museo Lapidario', 'Museo Radio', 'San Fermo', 'Casa Giulietta']",San Zeno,strategy_nearest,False,0.0022330284118652344,success
04C42B429C4C80,3,"['Arena', 'Torre Lamberti', 'Casa Giulietta']",Santa Anastasia,"['AMO', 'Museo Conte', 'Palazzo della Ragione', 'Teatro Romano', 'Centro Fotografia']",Duomo,strategy_nearest,False,0.0026900768280029297,success
04C44C429C4C80,3,"['Arena', 'Torre Lamberti']",Santa Anastasia,"['AMO', 'Museo Conte', 'Palazzo della Ragione', 'Teatro Romano', 'Centro Fotografia']",Duomo,strategy_nearest,False,0.002001047134399414,success
04C43C3A9C4C80,3,"['Castelvecchio', 'San Zeno']",Arena,"['Verona Tour', 'Museo Lapidario', 'Museo Radio', 'San Fermo', 'Casa Giulietta']",Casa Giulietta,strategy_nearest,True,0.0026171207427978516,success
04C43A429C4C80,0,"['Arena', 'Museo Lapidario']",Castelvecchio,"['Verona Tour', 'Museo Radio', 'San Zeno', 'Sighseeing', 'Museo Miniscalchi']",Casa Giulietta,strategy_nearest,False,0.0020618438720703125,success
04C4553A9C4C80,3,"['Arena', 'Casa Giulietta']",Torre Lamberti,"['Sighseeing', 'Centro Fotografia', 'Museo Conte', 'Palazzo della Ragione', 'AMO']",Duomo,strategy_nearest,False,0.0032608509063720703,success
04C458429C4C80,3,"['Santa Anastasia', 'Duomo', 'Torre Lamberti', 'Teatro Romano']",Arena,"['Verona Tour', 'Museo Lapidario', 'Museo Radio', 'San Fermo', 'Casa Giulietta']",Museo Lapidario,strategy_nearest,True,0.0023560523986816406,success
04C4563A9C4C80,3,"['Arena', 'Santa Anastasia']",Duomo,"['AMO', 'Museo Miniscalchi', 'Teatro Romano', 'Palazzo della Ragione', 'Museo Conte']",Teatro Romano,strategy_nearest,True,0.0018377304077148438,success
04C4693A9C4C80,6,"['Castelvecchio', 'Arena', 'Verona Tour']",Teatro Romano,"['Santa Anastasia', 'Duomo', 'AMO', 'Palazzo della Ragione', 'Museo Conte']",Duomo,strategy_nearest,True,0.002521038055419922,success
04C46B429C4C80,3,"['Casa Giulietta', 'Torre Lamberti']",Santa Anastasia,"['AMO', 'Museo Conte', 'Palazzo della Ragione', 'Teatro Romano', 'Centro Fotografia']",Arena,strategy_nearest,False,0.003374814987182617,success
04C46C429C4C80,0,['Arena'],Castelvecchio,"['Museo Lapidario', 'Verona Tour', 'Museo Radio', 'San Zeno', 'Sighseeing']",Casa Giulietta,strategy_nearest,False,0.0033941268920898438,success
04C47C429C4C80,0,['Arena'],Casa Giulietta,"['Centro Fotografia', 'Sighseeing', 'Torre Lamberti', 'Museo Conte', 'Museo Radio']",Teatro Romano,strategy_nearest,False,0.0018410682678222656,success
04C477429C4C80,1,"['Casa Giulietta', 'Arena']",Castelvecchio,"['Museo Lapidario', 'Verona Tour', 'Museo Radio', 'San Zeno', 'Sighseeing']",Torre Lamberti,strategy_nearest,False,0.004051923751831055,success
04C485429C4C80,2,"['Casa Giulietta', 'Teatro Romano']",Santa Anastasia,"['AMO', 'Museo Conte', 'Palazzo della Ragione', 'Centro Fotografia', 'Duomo']",Castelvecchio,strategy_nearest,False,0.0021309852600097656,success
04C4814A9C4C80,0,['Arena'],Casa Giulietta,"['Centro Fotografia', 'Sighseeing', 'Torre Lamberti', 'Museo Conte', 'Museo Radio']",Torre Lamberti,strategy_nearest,True,0.0033903121948242188,success
04C47E429C4C80,3,"['Casa Giulietta', 'Arena', 'Castelvecchio']",Santa Anastasia,"['AMO', 'Museo Conte', 'Palazzo della Ragione', 'Teatro Romano', 'Centro Fotografia']",Duomo,strategy_nearest,False,0.0022280216217041016,success
04C489429C4C80,3,"['Arena', 'San Fermo', 'Torre Lamberti']",Duomo,"['AMO', 'Museo Miniscalchi', 'Santa Anastasia', 'Teatro Romano', 'Palazzo della Ragione']",Santa Anastasia,strategy_nearest,True,0.003337383270263672,success
04C48F429C4C80,0,['Arena'],Castelvecchio,"['Museo Lapidario', 'Verona Tour', 'Museo Radio', 'San Zeno', 'Sighseeing']",Casa Giulietta,strategy_nearest,False,0.002444028854370117,success
04C48F4A9C4C80,2,"['San Fermo', 'Santa Anastasia']",Duomo,"['AMO', 'Museo Miniscalchi', 'Teatro Romano', 'Palazzo della Ragione', 'Museo Conte']",Casa Giulietta,strategy_nearest,False,0.0017750263214111328,success
04C48C4A9C4C80,2,"['Casa Giulietta', 'Torre Lamberti']",Santa Anastasia,"['AMO', 'Museo Conte', 'Palazzo della Ragione', 'Teatro Romano', 'Centro Fotografia']",Duomo,strategy_nearest,False,0.0031490325927734375,success
04C492429C4C80,3,"['Arena', 'San Fermo', 'Museo Storia', 'Torre Lamberti']",Santa Anastasia,"['AMO', 'Museo Conte', 'Palazzo della Ragione', 'Teatro Romano', 'Centro Fotografia']",Duomo,strategy_nearest,False,0.0038270950317382812,success
04C497429C4C80,2,['Casa Giulietta'],Santa Anastasia,"['AMO', 'Museo Conte', 'Palazzo della Ragione', 'Teatro Romano', 'Centro Fotografia']",Duomo,strategy_nearest,False,0.002052783966064453,success
04C498429C4C80,3,"['Arena', 'Castelvecchio']",Duomo,"['AMO', 'Museo Miniscalchi', 'Santa Anastasia', 'Teatro Romano', 'Palazzo della Ragione']",Santa Anastasia,strategy_nearest,True,0.003216981887817383,success
04C4984A9C4C80,0,['Castelvecchio'],Arena,"['Verona Tour', 'Museo Lapidario', 'Museo Radio', 'San Fermo', 'Casa Giulietta']",Casa Giulietta,strategy_nearest,True,0.002796173095703125,success
04C4A6429C4C80,3,"['Arena', 'Museo Lapidario']",Torre Lamberti,"['Sighseeing', 'Centro Fotografia', 'Museo Conte', 'Casa Giulietta', 'Palazzo della Ragione']",Santa Anastasia,strategy_nearest,False,0.0029859542846679688,success
04C49D4A9C4C80,0,"['Castelvecchio', 'Casa Giulietta']",Torre Lamberti,"['Sighseeing', 'Centro Fotografia', 'Museo Conte', 'Palazzo della Ragione', 'AMO']",Teatro Romano,strategy_nearest,False,0.003481149673461914,success
04C4A84A9C4C80,0,"['Arena', 'Museo Lapidario']",Casa Giulietta,"['Centro Fotografia', 'Sighseeing', 'Torre Lamberti', 'Museo Conte', 'Museo Radio']",Duomo,strategy_nearest,False,0.002537965774536133,success
04C4A9429C4C80,0,['Arena'],Casa Giulietta,"['Centro Fotografia', 'Sighseeing', 'Torre Lamberti', 'Museo Conte', 'Museo Radio']",Torre Lamberti,strategy_nearest,True,0.002640962600708008,success
04C4AE3A9C4C80,3,['Arena'],Torre Lamberti,"['Sighseeing', 'Centro Fotografia', 'Museo Conte', 'Casa Giulietta', 'Palazzo della Ragione']",Santa Anastasia,strategy_nearest,False,0.002624034881591797,success
04C4B23A9C4C80,0,['Arena'],Casa Giulietta,"['Centro Fotografia', 'Sighseeing', 'Torre Lamberti', 'Museo Conte', 'Museo Radio']",Torre Lamberti,strategy_nearest,True,0.004043102264404297,success
04C4B8429C4C80,1,['Arena'],Casa Giulietta,"['Centro Fotografia', 'Sighseeing', 'Torre Lamberti', 'Museo Conte', 'Museo Radio']",Torre Lamberti,strategy_nearest,True,0.0022521018981933594,success
04C4B93A9C4C80,0,['Castelvecchio'],Arena,"['Verona Tour', 'Museo Lapidario', 'Museo Radio', 'San Fermo', 'Casa Giulietta']",Duomo,strategy_nearest,False,0.0024862289428710938,success
04C4BD429C4C80,2,['Torre Lamberti'],Santa Anastasia,"['AMO', 'Museo Conte', 'Palazzo della Ragione', 'Teatro Romano', 'Centro Fotografia']",Castelvecchio,strategy_nearest,False,0.0033071041107177734,success
04C4C7429C4C80,3,"['Arena', 'Casa Giulietta']",Torre Lamberti,"['Sighseeing', 'Centro Fotografia', 'Museo Conte', 'Palazzo della Ragione', 'AMO']",Santa Anastasia,strategy_nearest,False,0.0027337074279785156,success
04C4C83A9C4C80,0,['Arena'],Casa Giulietta,"['Centro Fotografia', 'Sighseeing', 'Torre Lamberti', 'Museo Conte', 'Museo Radio']",Torre Lamberti,strategy_nearest,True,0.0034761428833007812,success
04C4D83A9C4C80,3,['Arena'],Casa Giulietta,"['Centro Fotografia', 'Sighseeing', 'Torre Lamberti', 'Museo Conte', 'Museo Radio']",Santa Anastasia,strategy_nearest,False,0.0030393600463867188,success
04C4DD429C4C80,0,['Casa Giulietta'],Arena,"['Verona Tour', 'Museo Lapidario', 'Museo Radio', 'San Fermo', 'Sighseeing']",Castelvecchio,strategy_nearest,False,0.0022640228271484375,success
04C4E33A9C4C80,3,"['Arena', 'Casa Giulietta', 'Torre Lamberti']",Santa Anastasia,"['AMO', 'Museo Conte', 'Palazzo della Ragione', 'Teatro Romano', 'Centro Fotografia']",Duomo,strategy_nearest,False,0.0031549930572509766,success
04C4DC3A9C4C80,2,"['Duomo', 'Castelvecchio', 'Museo Lapidario']",Tomba Giulietta,"['San Fermo', 'Museo Storia', 'Arena', 'Museo Radio', 'Verona Tour']",San Fermo,strategy_nearest,True,0.003112316131591797,success
04C4EA3A9C4C80,3,"['Castelvecchio', 'Arena']",Casa Giulietta,"['Centro Fotografia', 'Sighseeing', 'Torre Lamberti', 'Museo Conte', 'Museo Radio']",Torre Lamberti,strategy_nearest,True,0.002177000045776367,success
04C4E93A9C4C80,0,['Arena'],Casa Giulietta,"['Centro Fotografia', 'Sighseeing', 'Torre Lamberti', 'Museo Conte', 'Museo Radio']",Torre Lamberti,strategy_nearest,True,0.003384828567504883,success
04C4FF3A9C4C80,0,['Arena'],Castelvecchio,"['Museo Lapidario', 'Verona Tour', 'Museo Radio', 'San Zeno', 'Sighseeing']",Museo Storia,strategy_nearest,False,0.0019457340240478516,success
04C4EF3A9C4C80,1,"['Palazzo della Ragione', 'Casa Giulietta']",Teatro Romano,"['Santa Anastasia', 'Duomo', 'AMO', 'Museo Conte', 'Centro Fotografia']",Duomo,strategy_nearest,True,0.0033571720123291016,success
04C50E3A9C4C84,0,['Arena'],Castelvecchio,"['Museo Lapidario', 'Verona Tour', 'Museo Radio', 'San Zeno', 'Sighseeing']",Torre Lamberti,strategy_nearest,False,0.0020160675048828125,success
04C50C3A9C4C84,3,['Arena'],Torre Lamberti,"['Sighseeing', 'Centro Fotografia', 'Museo Conte', 'Casa Giulietta', 'Palazzo della Ragione']",Santa Anastasia,strategy_nearest,False,0.003920078277587891,success
04C50D429C4C80,1,"['Arena', 'Casa Giulietta', 'Torre Lamberti']",Palazzo della Ragione,"['AMO', 'Museo Conte', 'Centro Fotografia', 'Sighseeing', 'Santa Anastasia']",Santa Anastasia,strategy_nearest,True,0.0026760101318359375,success
04C50A429C4C80,2,"['San Fermo', 'Santa Anastasia', 'San Zeno']",Castelvecchio,"['Museo Lapidario', 'Verona Tour', 'Arena', 'Museo Radio', 'Sighseeing']",Palazzo della Ragione,strategy_nearest,False,0.0021839141845703125,success
04C50F429C4C84,3,"['Arena', 'Castelvecchio', 'Teatro Romano']",Duomo,"['AMO', 'Museo Miniscalchi', 'Santa Anastasia', 'Palazzo della Ragione', 'Museo Conte']",Santa Anastasia,strategy_nearest,True,0.002215862274169922,success
04C516429C4C84,1,"['Arena', 'Castelvecchio']",Palazzo della Ragione,"['AMO', 'Museo Conte', 'Torre Lamberti', 'Centro Fotografia', 'Sighseeing']",Santa Anastasia,strategy_nearest,False,0.0032520294189453125,success
04C5134A9C4C80,1,"['Castelvecchio', 'Museo Lapidario', 'Arena', 'Teatro Romano']",Santa Anastasia,"['AMO', 'Museo Conte', 'Palazzo della Ragione', 'Centro Fotografia', 'Duomo']",Casa Giulietta,strategy_nearest,False,0.002743959426879883,success
04C5133A9C4C80,0,['Arena'],Castelvecchio,"['Museo Lapidario', 'Verona Tour', 'Museo Radio', 'San Zeno', 'Sighseeing']",Casa Giulietta,strategy_nearest,False,0.0015931129455566406,success
04C51A429C4C84,1,"['Arena', 'Museo Lapidario', 'San Fermo']",Casa Giulietta,"['Centro Fotografia', 'Sighseeing', 'Torre Lamberti', 'Museo Conte', 'Museo Radio']",Torre Lamberti,strategy_nearest,True,0.002174854278564453,success
04C51E3A9C4C80,2,"['Casa Giulietta', 'San Fermo', 'Giardino Giusti']",Castelvecchio,"['Museo Lapidario', 'Verona Tour', 'Arena', 'Museo Radio', 'San Zeno']",San Zeno,strategy_nearest,True,0.0027430057525634766,success
04C521429C4C84,3,['Santa Anastasia'],Arena,"['Verona Tour', 'Museo Lapidario', 'Museo Radio', 'San Fermo', 'Casa Giulietta']",Torre Lamberti,strategy_nearest,False,0.0015370845794677734,success
04C51A3A9C4C80,3,"['Duomo', 'Santa Anastasia']",Torre Lamberti,"['Sighseeing', 'Centro Fotografia', 'Museo Conte', 'Casa Giulietta', 'Palazzo della Ragione']",Casa Giulietta,strategy_nearest,True,0.0034079551696777344,success
04C527429C4C84,0,['Casa Giulietta'],Arena,"['Verona Tour', 'Museo Lapidario', 'Museo Radio', 'San Fermo', 'Sighseeing']",Castelvecchio,strategy_nearest,False,0.001544952392578125,success
04C52D4A9C4C80,6,"['Tomba Giulietta', 'San Zeno', 'Casa Giulietta']",Torre Lamberti,"['Sighseeing', 'Centro Fotografia', 'Museo Conte', 'Palazzo della Ragione', 'AMO']",Santa Anastasia,strategy_nearest,False,0.0019829273223876953,success
04C52B429C4C80,2,"['Torre Lamberti', 'Santa Anastasia', 'Casa Giulietta']",San Fermo,"['Museo Storia', 'Museo Radio', 'Centro Fotografia', 'Arena', 'Sighseeing']",Teatro Romano,strategy_nearest,False,0.0033309459686279297,success
04C5214A9C4C80,1,"['Arena', 'Casa Giulietta', 'Torre Lamberti', 'Palazzo della Ragione']",Santa Anastasia,"['AMO', 'Museo Conte', 'Teatro Romano', 'Centro Fotografia', 'Duomo']",Castelvecchio,strategy_nearest,False,0.002808094024658203,success
04C5343A9C4C80,3,"['Castelvecchio', 'Arena', 'Tomba Giulietta', 'San Fermo']",San Zeno,"['Verona Tour', 'Museo Lapidario', 'Museo Miniscalchi', 'Sighseeing', 'Museo Radio']",Museo Lapidario,strategy_nearest,True,0.0018460750579833984,success
04C52E429C4C80,3,"['Arena', 'San Fermo']",Santa Anastasia,"['AMO', 'Museo Conte', 'Palazzo della Ragione', 'Teatro Romano', 'Centro Fotografia']",Duomo,strategy_nearest,False,0.003158092498779297,success
04C53D4A9C4C80,2,['Torre Lamberti'],Casa Giulietta,"['Centro Fotografia', 'Sighseeing', 'Museo Conte', 'Museo Radio', 'Palazzo della Ragione']",Tomba Giulietta,strategy_nearest,False,0.0032389163970947266,success
04C52F429C4C80,0,['Arena'],Casa Giulietta,"['Centro Fotografia', 'Sighseeing', 'Torre Lamberti', 'Museo Conte', 'Museo Radio']",Santa Anastasia,strategy_nearest,False,0.0019600391387939453,success
04C54D429C4C80,3,"['Arena', 'San Fermo']",Santa Anastasia,"['AMO', 'Museo Conte', 'Palazzo della Ragione', 'Teatro Romano', 'Centro Fotografia']",Castelvecchio,strategy_nearest,False,0.0016520023345947266,success
04C5713A9C4C80,2,['Casa Giulietta'],Torre Lamberti,"['Sighseeing', 'Centro Fotografia', 'Museo Conte', 'Palazzo della Ragione', 'AMO']",Santa Anastasia,strategy_nearest,False,0.0020651817321777344,success
04C577429C4C80,0,['Arena'],Torre Lamberti,"['Sighseeing', 'Centro Fotografia', 'Museo Conte', 'Casa Giulietta', 'Palazzo della Ragione']",Castelvecchio,strategy_nearest,False,0.003361940383911133,success
04C5653A9C4C80,0,"['Arena', 'Torre Lamberti']",Casa Giulietta,"['Centro Fotografia', 'Sighseeing', 'Museo Conte', 'Museo Radio', 'Palazzo della Ragione']",Teatro Romano,strategy_nearest,False,0.0034558773040771484,success
04C57A4A9C4C80,0,"['Castelvecchio', 'Torre Lamberti']",Casa Giulietta,"['Centro Fotografia', 'Sighseeing', 'Museo Conte', 'Museo Radio', 'Palazzo della Ragione']",Arena,strategy_nearest,False,0.002774953842163086,success
04C583429C4C80,3,"['Arena', 'Castelvecchio']",Santa Anastasia,"['AMO', 'Museo Conte', 'Palazzo della Ragione', 'Teatro Romano', 'Centro Fotografia']",Duomo,strategy_nearest,False,0.002624034881591797,success
04C57B4A9C4C80,3,"['Arena', 'Casa Giulietta', 'Santa Anastasia']",Torre Lamberti,"['Sighseeing', 'Centro Fotografia', 'Museo Conte', 'Palazzo della Ragione', 'AMO']",Duomo,strategy_nearest,False,0.002802133560180664,success
04C584429C4C80,3,"['Arena', 'Casa Giulietta']",Torre Lamberti,"['Sighseeing', 'Centro Fotografia', 'Museo Conte', 'Palazzo della Ragione', 'AMO']",Tomba Giulietta,strategy_nearest,False,0.0031290054321289062,success
04C581429C4C80,1,"['Arena', 'Torre Lamberti']",Santa Anastasia,"['AMO', 'Museo Conte', 'Palazzo della Ragione', 'Teatro Romano', 'Centro Fotografia']",Palazzo della Ragione,strategy_nearest,True,0.0026547908782958984,success
04C5A04A9C4C80,2,['Casa Giulietta'],Santa Anastasia,"['AMO', 'Museo Conte', 'Palazzo della Ragione', 'Teatro Romano', 'Centro Fotografia']",Castelvecchio,strategy_nearest,False,0.001967191696166992,success
04C59E4A9C4C80,0,['Tomba Giulietta'],Arena,"['Verona Tour', 'Museo Lapidario', 'Museo Radio', 'San Fermo', 'Casa Giulietta']",Casa Giulietta,strategy_nearest,True,0.001542806625366211,success
04C59B4A9C4C80,3,"['Casa Giulietta', 'Torre Lamberti']",Duomo,"['AMO', 'Museo Miniscalchi', 'Santa Anastasia', 'Teatro Romano', 'Palazzo della Ragione']",Santa Anastasia,strategy_nearest,True,0.003428936004638672,success
04C5854A9C4C80,0,['Arena'],Castelvecchio,"['Museo Lapidario', 'Verona Tour', 'Museo Radio', 'San Zeno', 'Sighseeing']",Teatro Romano,strategy_nearest,False,0.0034012794494628906,success
04C5A64A9C4C80,2,['Castelvecchio'],Torre Lamberti,"['Sighseeing', 'Centro Fotografia', 'Museo Conte', 'Casa Giulietta', 'Palazzo della Ragione']",Casa Giulietta,strategy_nearest,True,0.0027091503143310547,success
04C5BA3A9C4C80,2,"['Castelvecchio', 'Casa Giulietta']",Torre Lamberti,"['Sighseeing', 'Centro Fotografia', 'Museo Conte', 'Palazzo della Ragione', 'AMO']",Giardino Giusti,strategy_nearest,False,0.0032958984375,success
04C5A73A9C4C80,3,"['Arena', 'Casa Giulietta']",Torre Lamberti,"['Sighseeing', 'Centro Fotografia', 'Museo Conte', 'Palazzo della Ragione', 'AMO']",Duomo,strategy_nearest,False,0.0014801025390625,success
04C5A24A9C4C80,0,"['Castelvecchio', 'Arena']",Tomba Giulietta,"['San Fermo', 'Museo Storia', 'Museo Lapidario', 'Museo Radio', 'Verona Tour']",San Fermo,strategy_nearest,True,0.003326892852783203,success
04C5C83A9C4C80,0,['Tomba Giulietta'],Arena,"['Verona Tour', 'Museo Lapidario', 'Museo Radio', 'San Fermo', 'Casa Giulietta']",Castelvecchio,strategy_nearest,False,0.001127004623413086,success
04C5BC429C4C80,2,"['Tomba Giulietta', 'San Zeno']",Castelvecchio,"['Museo Lapidario', 'Verona Tour', 'Arena', 'Museo Radio', 'Sighseeing']",Santa Anastasia,strategy_nearest,False,0.002530813217163086,success
04C5CD3A9C4C80,3,"['Santa Anastasia', 'San Zeno']",Torre Lamberti,"['Sighseeing', 'Centro Fotografia', 'Museo Conte', 'Casa Giulietta', 'Palazzo della Ragione']",Tomba Giulietta,strategy_nearest,False,0.0026280879974365234,success
04C5D7429C4C80,0,['San Zeno'],Teatro Romano,"['Santa Anastasia', 'Duomo', 'AMO', 'Palazzo della Ragione', 'Museo Conte']",Arena,strategy_nearest,False,0.003247976303100586,success
04C5F53A9C4C80,3,"['Arena', 'Casa Giulietta']",Santa Anastasia,"['AMO', 'Museo Conte', 'Palazzo della Ragione', 'Teatro Romano', 'Centro Fotografia']",Duomo,strategy_nearest,False,0.0012731552124023438,success
04C5F03A9C4C80,1,"['Castelvecchio', 'Arena']",Casa Giulietta,"['Centro Fotografia', 'Sighseeing', 'Torre Lamberti', 'Museo Conte', 'Museo Radio']",Torre Lamberti,strategy_nearest,True,0.0033621788024902344,success
04C5FD3A9C4C80,3,"['Arena', 'Casa Giulietta', 'Torre Lamberti']",Santa Anastasia,"['AMO', 'Museo Conte', 'Palazzo della Ragione', 'Teatro Romano', 'Centro Fotografia']",Duomo,strategy_nearest,False,0.0032351016998291016,success
04C5EF3A9C4C80,0,['Arena'],Castelvecchio,"['Museo Lapidario', 'Verona Tour', 'Museo Radio', 'San Zeno', 'Sighseeing']",Teatro Romano,strategy_nearest,False,0.0034918785095214844,success
04C5FF429C4C80,3,"['Arena', 'Santa Anastasia', 'Duomo']",Teatro Romano,"['AMO', 'Palazzo della Ragione', 'Museo Conte', 'Centro Fotografia', 'Museo Miniscalchi']",San Zeno,strategy_nearest,False,0.003345966339111328,success
04C601429C4C84,3,"['Arena', 'Casa Giulietta']",Tomba Giulietta,"['San Fermo', 'Museo Storia', 'Museo Lapidario', 'Museo Radio', 'Verona Tour']",Teatro Romano,strategy_nearest,False,0.001522064208984375,success
04C60E4A9C4C80,0,['Arena'],Torre Lamberti,"['Sighseeing', 'Centro Fotografia', 'Museo Conte', 'Casa Giulietta', 'Palazzo della Ragione']",Giardino Giusti,strategy_nearest,False,0.002664804458618164,success
04C60C3A9C4C84,0,"['Tomba Giulietta', 'Arena']",Torre Lamberti,"['Sighseeing', 'Centro Fotografia', 'Museo Conte', 'Casa Giulietta', 'Palazzo della Ragione']",Casa Giulietta,strategy_nearest,True,0.0033462047576904297,success
04C60F429C4C80,3,"['Casa Giulietta', 'Arena']",Castelvecchio,"['Museo Lapidario', 'Verona Tour', 'Museo Radio', 'San Zeno', 'Sighseeing']",Torre Lamberti,strategy_nearest,False,0.0034079551696777344,success
04C60F4A9C4C80,1,"['Teatro Romano', 'Duomo', 'Santa Anastasia', 'Casa Giulietta']",Arena,"['Verona Tour', 'Museo Lapidario', 'Museo Radio', 'San Fermo', 'Sighseeing']",Museo Lapidario,strategy_nearest,True,0.0027489662170410156,success
04C6143A9C4C80,3,['Arena'],Torre Lamberti,"['Sighseeing', 'Centro Fotografia', 'Museo Conte', 'Casa Giulietta', 'Palazzo della Ragione']",Casa Giulietta,strategy_nearest,True,0.003239870071411133,success
04C6133A9C4C80,0,['Arena'],Teatro Romano,"['Santa Anastasia', 'Duomo', 'AMO', 'Palazzo della Ragione', 'Museo Conte']",Torre Lamberti,strategy_nearest,False,0.0014111995697021484,success
04C6154A9C4C80,3,"['Arena', 'Castelvecchio']",Casa Giulietta,"['Centro Fotografia', 'Sighseeing', 'Torre Lamberti', 'Museo Conte', 'Museo Radio']",Santa Anastasia,strategy_nearest,False,0.0016257762908935547,success
04C61A429C4C80,1,"['Castelvecchio', 'Torre Lamberti', 'Casa Giulietta']",Arena,"['Verona Tour', 'Museo Lapidario', 'Museo Radio', 'San Fermo', 'Sighseeing']",Teatro Romano,strategy_nearest,False,0.0026280879974365234,success
04C616429C4C84,1,"['Arena', 'Palazzo della Ragione', 'Giardino Giusti']",Casa Giulietta,"['Centro Fotografia', 'Sighseeing', 'Torre Lamberti', 'Museo Conte', 'Museo Radio']",Museo Lapidario,strategy_nearest,False,0.002148866653442383,success
04C6173A9C4C80,3,"['Arena', 'Torre Lamberti', 'San Zeno']",Castelvecchio,"['Museo Lapidario', 'Verona Tour', 'Museo Radio', 'Sighseeing', 'Museo Miniscalchi']",Santa Anastasia,strategy_nearest,False,0.003409862518310547,success
04C61C429C4C84,0,['Arena'],Torre Lamberti,"['Sighseeing', 'Centro Fotografia', 'Museo Conte', 'Casa Giulietta', 'Palazzo della Ragione']",Casa Giulietta,strategy_nearest,True,0.003072977066040039,success
04C61E429C4C84,0,"['Castelvecchio', 'Casa Giulietta']",Santa Anastasia,"['AMO', 'Museo Conte', 'Palazzo della Ragione', 'Teatro Romano', 'Centro Fotografia']",Tomba Giulietta,strategy_nearest,False,0.003142118453979492,success
04C620429C4C80,3,"['Arena', 'Casa Giulietta']",Torre Lamberti,"['Sighseeing', 'Centro Fotografia', 'Museo Conte', 'Palazzo della Ragione', 'AMO']",Santa Anastasia,strategy_nearest,False,0.0024623870849609375,success
04C61D429C4C80,3,"['Arena', 'Castelvecchio', 'San Zeno', 'Santa Anastasia']",Duomo,"['AMO', 'Museo Miniscalchi', 'Teatro Romano', 'Palazzo della Ragione', 'Museo Conte']",Teatro Romano,strategy_nearest,True,0.002786874771118164,success
04C6253A9C4C84,0,"['Arena', 'Casa Giulietta']",Torre Lamberti,"['Sighseeing', 'Centro Fotografia', 'Museo Conte', 'Palazzo della Ragione', 'AMO']",Castelvecchio,strategy_nearest,False,0.002157926559448242,success
04C629429C4C84,3,"['Teatro Romano', 'Duomo']",Santa Anastasia,"['AMO', 'Museo Conte', 'Palazzo della Ragione', 'Centro Fotografia', 'Torre Lamberti']",Casa Giulietta,strategy_nearest,False,0.003264188766479492,success
04C6223A9C4C84,0,['Arena'],Casa Giulietta,"['Centro Fotografia', 'Sighseeing', 'Torre Lamberti', 'Museo Conte', 'Museo Radio']",San Fermo,strategy_nearest,False,0.0033872127532958984,success
04C6273A9C4C84,3,"['Arena', 'Torre Lamberti']",Casa Giulietta,"['Centro Fotografia', 'Sighseeing', 'Museo Conte', 'Museo Radio', 'Palazzo della Ragione']",Santa Anastasia,strategy_nearest,False,0.0027229785919189453,success
04C6343A9C4C80,3,"['Santa Anastasia', 'Torre Lamberti']",Casa Giulietta,"['Centro Fotografia', 'Sighseeing', 'Museo Conte', 'Museo Radio', 'Palazzo della Ragione']",Arena,strategy_nearest,False,0.002599954605102539,success
04C632429C4C80,3,"['Castelvecchio', 'Casa Giulietta', 'Santa Anastasia']",Duomo,"['AMO', 'Museo Miniscalchi', 'Teatro Romano', 'Palazzo della Ragione', 'Museo Conte']",Teatro Romano,strategy_nearest,True,0.0014328956604003906,success
04C62C3A9C4C80,2,['Castelvecchio'],Palazzo della Ragione,"['AMO', 'Museo Conte', 'Torre Lamberti', 'Centro Fotografia', 'Sighseeing']",Tomba Giulietta,strategy_nearest,False,0.0021409988403320312,success
04C62A4A9C4C80,3,"['Torre Lamberti', 'Casa Giulietta', 'Castelvecchio']",San Fermo,"['Museo Storia', 'Museo Radio', 'Centro Fotografia', 'Arena', 'Sighseeing']",Santa Anastasia,strategy_nearest,False,0.0033931732177734375,success
04C63F429C4C80,1,"['Museo Lapidario', 'Tomba Giulietta', 'Museo Storia']",Teatro Romano,"['Santa Anastasia', 'Duomo', 'AMO', 'Palazzo della Ragione', 'Museo Conte']",Torre Lamberti,strategy_nearest,False,0.0027031898498535156,success
04C638429C4C80,0,['Arena'],Casa Giulietta,"['Centro Fotografia', 'Sighseeing', 'Torre Lamberti', 'Museo Conte', 'Museo Radio']",Duomo,strategy_nearest,False,0.0019898414611816406,success
04C648429C4C80,0,['San Fermo'],Teatro Romano,"['Santa Anastasia', 'Duomo', 'AMO', 'Palazzo della Ragione', 'Museo Conte']",Casa Giulietta,strategy_nearest,False,0.0020971298217773438,success
04C64B3A9C4C80,0,['Castelvecchio'],Duomo,"['AMO', 'Museo Miniscalchi', 'Santa Anastasia', 'Teatro Romano', 'Palazzo della Ragione']",Giardino Giusti,strategy_nearest,False,0.003175973892211914,success
04C6513A9C4C80,3,"['Arena', 'Santa Anastasia']",Duomo,"['AMO', 'Museo Miniscalchi', 'Teatro Romano', 'Palazzo della Ragione', 'Museo Conte']",Casa Giulietta,strategy_nearest,False,0.002901792526245117,success
04C64E3A9C4C80,3,"['Arena', 'Casa Giulietta']",Santa Anastasia,"['AMO', 'Museo Conte', 'Palazzo della Ragione', 'Teatro Romano', 'Centro Fotografia']",Duomo,strategy_nearest,False,0.002891063690185547,success
04C67C3A9C4C80,0,"['Museo Storia', 'Torre Lamberti']",Arena,"['Verona Tour', 'Museo Lapidario', 'Museo Radio', 'San Fermo', 'Casa Giulietta']",Casa Giulietta,strategy_nearest,True,0.00333404541015625,success
04C6583A9C4C80,0,['Arena'],Casa Giulietta,"['Centro Fotografia', 'Sighseeing', 'Torre Lamberti', 'Museo Conte', 'Museo Radio']",Duomo,strategy_nearest,False,0.001664876937866211,success
04C685429C4C80,3,"['Arena', 'San Zeno', 'Castelvecchio']",Casa Giulietta,"['Centro Fotografia', 'Sighseeing', 'Torre Lamberti', 'Museo Conte', 'Museo Radio']",Torre Lamberti,strategy_nearest,True,0.002601146697998047,success
04C67C429C4C80,3,"['Arena', 'Castelvecchio']",Casa Giulietta,"['Centro Fotografia', 'Sighseeing', 'Torre Lamberti', 'Museo Conte', 'Museo Radio']",Santa Anastasia,strategy_nearest,False,0.002722024917602539,success
04C6883A9C4C80,3,"['Arena', 'Casa Giulietta', 'Torre Lamberti']",Santa Anastasia,"['AMO', 'Museo Conte', 'Palazzo della Ragione', 'Teatro Romano', 'Centro Fotografia']",Teatro Romano,strategy_nearest,True,0.0032699108123779297,success
04C680429C4C80,3,"['Casa Giulietta', 'Arena']",Tomba Giulietta,"['San Fermo', 'Museo Storia', 'Museo Lapidario', 'Museo Radio', 'Verona Tour']",Torre Lamberti,strategy_nearest,False,0.0014901161193847656,success
04C68B3A9C4C80,2,"['San Fermo', 'San Zeno']",Castelvecchio,"['Museo Lapidario', 'Verona Tour', 'Arena', 'Museo Radio', 'Sighseeing']",Santa Anastasia,strategy_nearest,False,0.0022301673889160156,success
04C6954A9C4C80,3,"['Arena', 'Tomba Giulietta']",Teatro Romano,"['Santa Anastasia', 'Duomo', 'AMO', 'Palazzo della Ragione', 'Museo Conte']",Duomo,strategy_nearest,True,0.0021047592163085938,success
04C6934A9C4C80,0,['Arena'],Castelvecchio,"['Museo Lapidario', 'Verona Tour', 'Museo Radio', 'San Zeno', 'Sighseeing']",Teatro Romano,strategy_nearest,False,0.0033991336822509766,success
04C6944A9C4C80,2,['Castelvecchio'],Casa Giulietta,"['Centro Fotografia', 'Sighseeing', 'Torre Lamberti', 'Museo Conte', 'Museo Radio']",Santa Anastasia,strategy_nearest,False,0.003409147262573242,success
04C6A7429C4C80,3,"['Arena', 'Torre Lamberti']",Santa Anastasia,"['AMO', 'Museo Conte', 'Palazzo della Ragione', 'Teatro Romano', 'Centro Fotografia']",Duomo,strategy_nearest,False,0.002026081085205078,success
04C697429C4C80,2,['Santa Anastasia'],Duomo,"['AMO', 'Museo Miniscalchi', 'Teatro Romano', 'Palazzo della Ragione', 'Museo Conte']",San Fermo,strategy_nearest,False,0.002302885055541992,success
04C69E4A9C4C80,3,"['Castelvecchio', 'San Zeno', 'Arena']",San Fermo,"['Museo Storia', 'Museo Radio', 'Casa Giulietta', 'Centro Fotografia', 'Sighseeing']",Santa Anastasia,strategy_nearest,False,0.002796173095703125,success
04C69A429C4C80,2,['Santa Anastasia'],Torre Lamberti,"['Sighseeing', 'Centro Fotografia', 'Museo Conte', 'Casa Giulietta', 'Palazzo della Ragione']",Casa Giulietta,strategy_nearest,True,0.003450155258178711,success
04C6AB429C4C80,0,"['Castelvecchio', 'Arena']",Casa Giulietta,"['Centro Fotografia', 'Sighseeing', 'Torre Lamberti', 'Museo Conte', 'Museo Radio']",Torre Lamberti,strategy_nearest,True,0.003275156021118164,success
04C6AB3A9C4C80,0,['Casa Giulietta'],Torre Lamberti,"['Sighseeing', 'Centro Fotografia', 'Museo Conte', 'Palazzo della Ragione', 'AMO']",Teatro Romano,strategy_nearest,False,0.004548788070678711,success
04C6AD429C4C80,2,['Casa Giulietta'],Castelvecchio,"['Museo Lapidario', 'Verona Tour', 'Arena', 'Museo Radio', 'San Zeno']",Tomba Giulietta,strategy_nearest,False,0.001422882080078125,success
04C6B6429C4C80,3,"['Santa Anastasia', 'Duomo']",Casa Giulietta,"['Centro Fotografia', 'Sighseeing', 'Torre Lamberti', 'Museo Conte', 'Museo Radio']",Arena,strategy_nearest,False,0.001993894577026367,success
04C6BE429C4C80,1,['Arena'],Torre Lamberti,"['Sighseeing', 'Centro Fotografia', 'Museo Conte', 'Casa Giulietta', 'Palazzo della Ragione']",Palazzo della Ragione,strategy_nearest,True,0.003710031509399414,success
04C6BA429C4C80,0,['Arena'],Casa Giulietta,"['Centro Fotografia', 'Sighseeing', 'Torre Lamberti', 'Museo Conte', 'Museo Radio']",Santa Anastasia,strategy_nearest,False,0.0017499923706054688,success
04C6BA3A9C4C80,3,"['Arena', 'Museo Lapidario', 'Castelvecchio']",Duomo,"['AMO', 'Museo Miniscalchi', 'Santa Anastasia', 'Teatro Romano', 'Palazzo della Ragione']",Santa Anastasia,strategy_nearest,True,0.002588033676147461,success
04C6C03A9C4C80,0,"['Casa Giulietta', 'Torre Lamberti']",Duomo,"['AMO', 'Museo Miniscalchi', 'Santa Anastasia', 'Teatro Romano', 'Palazzo della Ragione']",Castelvecchio,strategy_nearest,False,0.0029990673065185547,success
04C6D53A9C4C80,3,"['Arena', 'Museo Lapidario', 'Castelvecchio']",Casa Giulietta,"['Centro Fotografia', 'Sighseeing', 'Torre Lamberti', 'Museo Conte', 'Museo Radio']",Santa Anastasia,strategy_nearest,False,0.0014269351959228516,success
04C6C33A9C4C80,2,['Tomba Giulietta'],Casa Giulietta,"['Centro Fotografia', 'Sighseeing', 'Torre Lamberti', 'Museo Conte', 'Museo Radio']",Torre Lamberti,strategy_nearest,True,0.0027539730072021484,success
04C6C23A9C4C80,3,"['Arena', 'Casa Giulietta']",Torre Lamberti,"['Sighseeing', 'Centro Fotografia', 'Museo Conte', 'Palazzo della Ragione', 'AMO']",Santa Anastasia,strategy_nearest,False,0.0021622180938720703,success
04C6D73A9C4C80,1,"['Casa Giulietta', 'Palazzo della Ragione', 'Santa Anastasia', 'Duomo', 'Torre Lamberti']",Teatro Romano,"['AMO', 'Museo Conte', 'Centro Fotografia', 'Museo Miniscalchi', 'Giardino Giusti']",Museo Lapidario,strategy_nearest,False,0.003512144088745117,success
04C6D7429C4C80,2,['Tomba Giulietta'],San Fermo,"['Museo Storia', 'Museo Radio', 'Casa Giulietta', 'Centro Fotografia', 'Arena']",Casa Giulietta,strategy_nearest,True,0.0019409656524658203,success
04C6DA429C4C80,3,"['Santa Anastasia', 'Arena']",Casa Giulietta,"['Centro Fotografia', 'Sighseeing', 'Torre Lamberti', 'Museo Conte', 'Museo Radio']",Duomo,strategy_nearest,False,0.0025107860565185547,success
04C6DB3A9C4C80,3,"['Arena', 'Torre Lamberti']",Santa Anastasia,"['AMO', 'Museo Conte', 'Palazzo della Ragione', 'Teatro Romano', 'Centro Fotografia']",Casa Giulietta,strategy_nearest,False,0.0032510757446289062,success
04C6FA3A9C4C80,0,['Arena'],Castelvecchio,"['Museo Lapidario', 'Verona Tour', 'Museo Radio', 'San Zeno', 'Sighseeing']",Torre Lamberti,strategy_nearest,False,0.001806020736694336,success
04C6F13A9C4C80,3,"['Teatro Romano', 'Duomo']",Santa Anastasia,"['AMO', 'Museo Conte', 'Palazzo della Ragione', 'Centro Fotografia', 'Torre Lamberti']",Arena,strategy_nearest,False,0.002595186233520508,success
04C7033A9C4C84,3,['Santa Anastasia'],Duomo,"['AMO', 'Museo Miniscalchi', 'Teatro Romano', 'Palazzo della Ragione', 'Museo Conte']",Arena,strategy_nearest,False,0.003412961959838867,success
04C70E3A9C4C84,2,['Casa Giulietta'],Castelvecchio,"['Museo Lapidario', 'Verona Tour', 'Arena', 'Museo Radio', 'San Zeno']",Torre Lamberti,strategy_nearest,False,0.003371000289916992,success
04C7133A9C4C80,0,"['San Fermo', 'Casa Giulietta']",Torre Lamberti,"['Sighseeing', 'Centro Fotografia', 'Museo Conte', 'Palazzo della Ragione', 'AMO']",Teatro Romano,strategy_nearest,False,0.0026092529296875,success
04C7113A9C4C80,3,"['Arena', 'Museo Lapidario', 'San Fermo']",Casa Giulietta,"['Centro Fotografia', 'Sighseeing', 'Torre Lamberti', 'Museo Conte', 'Museo Radio']",Torre Lamberti,strategy_nearest,True,0.003453969955444336,success
04C7223A9C4C84,3,"['Arena', 'Torre Lamberti']",Casa Giulietta,"['Centro Fotografia', 'Sighseeing', 'Museo Conte', 'Museo Radio', 'Palazzo della Ragione']",San Fermo,strategy_nearest,False,0.0026650428771972656,success
04C7213A9C4C80,3,"['Arena', 'Casa Giulietta']",Torre Lamberti,"['Sighseeing', 'Centro Fotografia', 'Museo Conte', 'Palazzo della Ragione', 'AMO']",Santa Anastasia,strategy_nearest,False,0.003422975540161133,success
04C7163A9C4C84,0,['Arena'],Casa Giulietta,"['Centro Fotografia', 'Sighseeing', 'Torre Lamberti', 'Museo Conte', 'Museo Radio']",Tomba Giulietta,strategy_nearest,False,0.0022962093353271484,success
04C7273A9C4C84,3,"['Arena', 'Casa Giulietta']",Torre Lamberti,"['Sighseeing', 'Centro Fotografia', 'Museo Conte', 'Palazzo della Ragione', 'AMO']",Santa Anastasia,strategy_nearest,False,0.0026521682739257812,success
04C72A3A9C4C80,3,"['Duomo', 'Arena']",Castelvecchio,"['Museo Lapidario', 'Verona Tour', 'Museo Radio', 'San Zeno', 'Sighseeing']",San Zeno,strategy_nearest,True,0.0033800601959228516,success
04C73D429C4C80,1,"['Arena', 'Casa Giulietta']",Torre Lamberti,"['Sighseeing', 'Centro Fotografia', 'Museo Conte', 'Palazzo della Ragione', 'AMO']",Palazzo della Ragione,strategy_nearest,True,0.003248929977416992,success
04C72E429C4C80,3,['Arena'],Santa Anastasia,"['AMO', 'Museo Conte', 'Palazzo della Ragione', 'Teatro Romano', 'Centro Fotografia']",Duomo,strategy_nearest,False,0.0027618408203125,success
04C72E4A9C4C80,2,['San Fermo'],Giardino Giusti,"['Santa Anastasia', 'Teatro Romano', 'Museo Conte', 'Centro Fotografia', 'Museo Storia']",Museo Lapidario,strategy_nearest,False,0.0014808177947998047,success
04C7553A9C4C80,3,"['Teatro Romano', 'Duomo']",Torre Lamberti,"['Sighseeing', 'Centro Fotografia', 'Museo Conte', 'Casa Giulietta', 'Palazzo della Ragione']",Casa Giulietta,strategy_nearest,True,0.001444101333618164,success
04C75B3A9C4C80,3,"['Arena', 'Torre Lamberti', 'Santa Anastasia']",Duomo,"['AMO', 'Museo Miniscalchi', 'Teatro Romano', 'Palazzo della Ragione', 'Museo Conte']",Castelvecchio,strategy_nearest,False,0.0020160675048828125,success
04C746429C4C80,2,['Casa Giulietta'],Duomo,"['AMO', 'Museo Miniscalchi', 'Santa Anastasia', 'Teatro Romano', 'Palazzo della Ragione']",Castelvecchio,strategy_nearest,False,0.003451824188232422,success
04C74B3A9C4C80,0,['Arena'],Casa Giulietta,"['Centro Fotografia', 'Sighseeing', 'Torre Lamberti', 'Museo Conte', 'Museo Radio']",Torre Lamberti,strategy_nearest,True,0.003431081771850586,success
04C7753A9C4C80,3,"['Arena', 'San Fermo']",Casa Giulietta,"['Centro Fotografia', 'Sighseeing', 'Torre Lamberti', 'Museo Conte', 'Museo Radio']",Duomo,strategy_nearest,False,0.0033178329467773438,success
04C77C429C4C80,3,['Arena'],Torre Lamberti,"['Sighseeing', 'Centro Fotografia', 'Museo Conte', 'Casa Giulietta', 'Palazzo della Ragione']",Santa Anastasia,strategy_nearest,False,0.0031778812408447266,success
04C77A4A9C4C80,0,['Castelvecchio'],Arena,"['Verona Tour', 'Museo Lapidario', 'Museo Radio', 'San Fermo', 'Casa Giulietta']",Casa Giulietta,strategy_nearest,True,0.002017974853515625,success
04C770429C4C80,0,['Arena'],Duomo,"['AMO', 'Museo Miniscalchi', 'Santa Anastasia', 'Teatro Romano', 'Palazzo della Ragione']",San Zeno,strategy_nearest,False,0.0027811527252197266,success
04C77F4A9C4C80,3,['Arena'],Casa Giulietta,"['Centro Fotografia', 'Sighseeing', 'Torre Lamberti', 'Museo Conte', 'Museo Radio']",Santa Anastasia,strategy_nearest,False,0.0015728473663330078,success
04C784429C4C80,3,['Arena'],Torre Lamberti,"['Sighseeing', 'Centro Fotografia', 'Museo Conte', 'Casa Giulietta', 'Palazzo della Ragione']",Santa Anastasia,strategy_nearest,False,0.002744913101196289,success
04C7854A9C4C80,0,['Arena'],Casa Giulietta,"['Centro Fotografia', 'Sighseeing', 'Torre Lamberti', 'Museo Conte', 'Museo Radio']",Teatro Romano,strategy_nearest,False,0.0034220218658447266,success
04C78A429C4C80,3,"['Arena', 'Torre Lamberti']",Casa Giulietta,"['Centro Fotografia', 'Sighseeing', 'Museo Conte', 'Museo Radio', 'Palazzo della Ragione']",Santa Anastasia,strategy_nearest,False,0.002025127410888672,success
04C7974A9C4C80,2,['Torre Lamberti'],Santa Anastasia,"['AMO', 'Museo Conte', 'Palazzo della Ragione', 'Teatro Romano', 'Centro Fotografia']",Duomo,strategy_nearest,False,0.002825021743774414,success
04C7934A9C4C80,3,"['Arena', 'Casa Giulietta']",Torre Lamberti,"['Sighseeing', 'Centro Fotografia', 'Museo Conte', 'Palazzo della Ragione', 'AMO']",Santa Anastasia,strategy_nearest,False,0.002264738082885742,success
04C7994A9C4C80,3,"['Teatro Romano', 'Duomo', 'Santa Anastasia']",Arena,"['Verona Tour', 'Museo Lapidario', 'Museo Radio', 'San Fermo', 'Casa Giulietta']",Torre Lamberti,strategy_nearest,False,0.0027267932891845703,success
04C79B4A9C4C80,0,"['Arena', 'Museo Lapidario']",Casa Giulietta,"['Centro Fotografia', 'Sighseeing', 'Torre Lamberti', 'Museo Conte', 'Museo Radio']",Torre Lamberti,strategy_nearest,True,0.0032300949096679688,success
04C7AA429C4C80,2,['Castelvecchio'],San Zeno,"['Verona Tour', 'Museo Lapidario', 'Arena', 'Museo Miniscalchi', 'Sighseeing']",Santa Anastasia,strategy_nearest,False,0.003239154815673828,success
04C79C429C4C80,0,['Torre Lamberti'],Arena,"['Verona Tour', 'Museo Lapidario', 'Museo Radio', 'San Fermo', 'Casa Giulietta']",Castelvecchio,strategy_nearest,False,0.002846956253051758,success
04C7A5429C4C80,3,"['Santa Anastasia', 'Teatro Romano', 'Duomo']",San Zeno,"['Castelvecchio', 'Verona Tour', 'Museo Lapidario', 'Arena', 'Museo Miniscalchi']",Castelvecchio,strategy_nearest,True,0.0027701854705810547,success
04C7AB3A9C4C80,3,"['Arena', 'Casa Giulietta']",Torre Lamberti,"['Sighseeing', 'Centro Fotografia', 'Museo Conte', 'Palazzo della Ragione', 'AMO']",Santa Anastasia,strategy_nearest,False,0.0020151138305664062,success
04C7B23A9C4C80,2,['Torre Lamberti'],Santa Anastasia,"['AMO', 'Museo Conte', 'Palazzo della Ragione', 'Teatro Romano', 'Centro Fotografia']",Giardino Giusti,strategy_nearest,False,0.001062154769897461,success
04C7B2429C4C80,3,"['Arena', 'Casa Giulietta']",Torre Lamberti,"['Sighseeing', 'Centro Fotografia', 'Museo Conte', 'Palazzo della Ragione', 'AMO']",Santa Anastasia,strategy_nearest,False,0.0021560192108154297,success
04C7BD3A9C4C80,3,"['Arena', 'San Fermo']",Casa Giulietta,"['Centro Fotografia', 'Sighseeing', 'Torre Lamberti', 'Museo Conte', 'Museo Radio']",Torre Lamberti,strategy_nearest,True,0.0027267932891845703,success
04C7B8429C4C80,0,"['Arena', 'Tomba Giulietta']",San Fermo,"['Museo Storia', 'Museo Radio', 'Casa Giulietta', 'Centro Fotografia', 'Sighseeing']",Casa Giulietta,strategy_nearest,True,0.0033998489379882812,success
04C7C03A9C4C80,0,['Arena'],Museo Lapidario,"['Verona Tour', 'Castelvecchio', 'Museo Radio', 'San Fermo', 'Casa Giulietta']",Castelvecchio,strategy_nearest,True,0.0019142627716064453,success
04C7BE3A9C4C80,2,['Torre Lamberti'],Casa Giulietta,"['Centro Fotografia', 'Sighseeing', 'Museo Conte', 'Museo Radio', 'Palazzo della Ragione']",Castelvecchio,strategy_nearest,False,0.002608060836791992,success
04C7BE429C4C80,3,"['Santa Anastasia', 'Duomo']",Casa Giulietta,"['Centro Fotografia', 'Sighseeing', 'Torre Lamberti', 'Museo Conte', 'Museo Radio']",Arena,strategy_nearest,False,0.0031168460845947266,success
04C7C13A9C4C80,3,"['Castelvecchio', 'Casa Giulietta']",Santa Anastasia,"['AMO', 'Museo Conte', 'Palazzo della Ragione', 'Teatro Romano', 'Centro Fotografia']",Duomo,strategy_nearest,False,0.0032770633697509766,success
04C7C5429C4C80,0,['Arena'],Castelvecchio,"['Museo Lapidario', 'Verona Tour', 'Museo Radio', 'San Zeno', 'Sighseeing']",Torre Lamberti,strategy_nearest,False,0.001255035400390625,success
04C7C33A9C4C80,2,['Castelvecchio'],Casa Giulietta,"['Centro Fotografia', 'Sighseeing', 'Torre Lamberti', 'Museo Conte', 'Museo Radio']",Tomba Giulietta,strategy_nearest,False,0.002588033676147461,success
04C7C63A9C4C80,3,"['Arena', 'Torre Lamberti']",Casa Giulietta,"['Centro Fotografia', 'Sighseeing', 'Museo Conte', 'Museo Radio', 'Palazzo della Ragione']",Santa Anastasia,strategy_nearest,False,0.0033571720123291016,success
04C7C23A9C4C80,0,['Arena'],Casa Giulietta,"['Centro Fotografia', 'Sighseeing', 'Torre Lamberti', 'Museo Conte', 'Museo Radio']",Santa Anastasia,strategy_nearest,False,0.0034322738647460938,success
04C7C7429C4C80,3,"['Casa Giulietta', 'Santa Anastasia', 'Duomo']",Teatro Romano,"['AMO', 'Palazzo della Ragione', 'Museo Conte', 'Centro Fotografia', 'Museo Miniscalchi']",Torre Lamberti,strategy_nearest,False,0.0028159618377685547,success
04C7E73A9C4C80,0,['Arena'],Casa Giulietta,"['Centro Fotografia', 'Sighseeing', 'Torre Lamberti', 'Museo Conte', 'Museo Radio']",Duomo,strategy_nearest,False,0.002591848373413086,success
04C7CC3A9C4C80,1,"['Castelvecchio', 'Arena']",Casa Giulietta,"['Centro Fotografia', 'Sighseeing', 'Torre Lamberti', 'Museo Conte', 'Museo Radio']",Palazzo della Ragione,strategy_nearest,False,0.003301858901977539,success
04C7C6429C4C80,3,"['Castelvecchio', 'Arena']",Torre Lamberti,"['Sighseeing', 'Centro Fotografia', 'Museo Conte', 'Casa Giulietta', 'Palazzo della Ragione']",Santa Anastasia,strategy_nearest,False,0.002735137939453125,success
04C7E9429C4C80,3,"['Arena', 'San Fermo', 'Casa Giulietta']",Torre Lamberti,"['Sighseeing', 'Centro Fotografia', 'Museo Conte', 'Palazzo della Ragione', 'AMO']",Tomba Giulietta,strategy_nearest,False,0.0027849674224853516,success
04C7F1429C4C80,1,"['Arena', 'Torre Lamberti', 'Palazzo della Ragione']",Castelvecchio,"['Museo Lapidario', 'Verona Tour', 'Museo Radio', 'San Zeno', 'Sighseeing']",Teatro Romano,strategy_nearest,False,0.0014238357543945312,success
04C7F03A9C4C80,2,['San Fermo'],Museo Storia,"['Museo Radio', 'Casa Giulietta', 'Centro Fotografia', 'Tomba Giulietta', 'Arena']",Casa Giulietta,strategy_nearest,True,0.0034303665161132812,success
04C7F13A9C4C80,2,['San Zeno'],Teatro Romano,"['Santa Anastasia', 'Duomo', 'AMO', 'Palazzo della Ragione', 'Museo Conte']",Duomo,strategy_nearest,True,0.0020639896392822266,success
04C7F9429C4C80,3,"['Arena', 'Casa Giulietta', 'Teatro Romano']",Torre Lamberti,"['Sighseeing', 'Centro Fotografia', 'Museo Conte', 'Palazzo della Ragione', 'AMO']",San Zeno,strategy_nearest,False,0.003350973129272461,success
04C805429C4C84,3,"['Arena', 'Casa Giulietta', 'Torre Lamberti']",Santa Anastasia,"['AMO', 'Museo Conte', 'Palazzo della Ragione', 'Teatro Romano', 'Centro Fotografia']",Museo Storia,strategy_nearest,False,0.0032701492309570312,success
04C7FB3A9C4C80,0,['Casa Giulietta'],Torre Lamberti,"['Sighseeing', 'Centro Fotografia', 'Museo Conte', 'Palazzo della Ragione', 'AMO']",Teatro Romano,strategy_nearest,False,0.002736806869506836,success
04C80D4A9C4C80,0,"['Arena', 'Casa Giulietta']",Castelvecchio,"['Museo Lapidario', 'Verona Tour', 'Museo Radio', 'San Zeno', 'Sighseeing']",Museo Storia,strategy_nearest,False,0.0014116764068603516,success
04C8113A9C4C80,0,"['Arena', 'Museo Lapidario']",Castelvecchio,"['Verona Tour', 'Museo Radio', 'San Zeno', 'Sighseeing', 'Museo Miniscalchi']",Torre Lamberti,strategy_nearest,False,0.001477956771850586,success
04C80E429C4C80,3,"['Arena', 'Museo Lapidario', 'Castelvecchio']",Duomo,"['AMO', 'Museo Miniscalchi', 'Santa Anastasia', 'Teatro Romano', 'Palazzo della Ragione']",Santa Anastasia,strategy_nearest,True,0.002746105194091797,success
04C810429C4C84,2,['Casa Giulietta'],Torre Lamberti,"['Sighseeing', 'Centro Fotografia', 'Museo Conte', 'Palazzo della Ragione', 'AMO']",Santa Anastasia,strategy_nearest,False,0.0021369457244873047,success
04C8123A9C4C80,0,['Arena'],Casa Giulietta,"['Centro Fotografia', 'Sighseeing', 'Torre Lamberti', 'Museo Conte', 'Museo Radio']",Teatro Romano,strategy_nearest,False,0.0033469200134277344,success
04C813429C4C84,0,['Castelvecchio'],Arena,"['Verona Tour', 'Museo Lapidario', 'Museo Radio', 'San Fermo', 'Casa Giulietta']",Casa Giulietta,strategy_nearest,True,0.003339052200317383,success
04C812429C4C84,3,"['Arena', 'Torre Lamberti', 'Santa Anastasia']",Duomo,"['AMO', 'Museo Miniscalchi', 'Teatro Romano', 'Palazzo della Ragione', 'Museo Conte']",Teatro Romano,strategy_nearest,True,0.0021581649780273438,success
04C824429C4C84,3,"['Arena', 'Torre Lamberti']",Santa Anastasia,"['AMO', 'Museo Conte', 'Palazzo della Ragione', 'Teatro Romano', 'Centro Fotografia']",Casa Giulietta,strategy_nearest,False,0.0018029212951660156,success
04C820429C4C80,0,['Arena'],Torre Lamberti,"['Sighseeing', 'Centro Fotografia', 'Museo Conte', 'Casa Giulietta', 'Palazzo della Ragione']",Casa Giulietta,strategy_nearest,True,0.0034062862396240234,success
04C8274A9C4C80,0,['Arena'],Torre Lamberti,"['Sighseeing', 'Centro Fotografia', 'Museo Conte', 'Casa Giulietta', 'Palazzo della Ragione']",Castelvecchio,strategy_nearest,False,0.0026090145111083984,success
04C82F429C4C80,3,"['Santa Anastasia', 'Arena', 'Castelvecchio']",Duomo,"['AMO', 'Museo Miniscalchi', 'Teatro Romano', 'Palazzo della Ragione', 'Museo Conte']",San Fermo,strategy_nearest,False,0.0030469894409179688,success
04C82C429C4C80,3,"['Arena', 'San Fermo']",Casa Giulietta,"['Centro Fotografia', 'Sighseeing', 'Torre Lamberti', 'Museo Conte', 'Museo Radio']",Torre Lamberti,strategy_nearest,True,0.0019989013671875,success
04C830429C4C80,3,"['Arena', 'Casa Giulietta']",Torre Lamberti,"['Sighseeing', 'Centro Fotografia', 'Museo Conte', 'Palazzo della Ragione', 'AMO']",Santa Anastasia,strategy_nearest,False,0.0027267932891845703,success
04C83E429C4C80,2,['Duomo'],Santa Anastasia,"['AMO', 'Museo Conte', 'Palazzo della Ragione', 'Teatro Romano', 'Centro Fotografia']",Casa Giulietta,strategy_nearest,False,0.003247976303100586,success
04C8303A9C4C80,3,"['Arena', 'Casa Giulietta', 'Torre Lamberti']",Santa Anastasia,"['AMO', 'Museo Conte', 'Palazzo della Ragione', 'Teatro Romano', 'Centro Fotografia']",Duomo,strategy_nearest,False,0.003560781478881836,success
04C838429C4C80,1,"['Arena', 'Santa Anastasia']",Palazzo della Ragione,"['AMO', 'Museo Conte', 'Torre Lamberti', 'Centro Fotografia', 'Sighseeing']",Torre Lamberti,strategy_nearest,True,0.0027048587799072266,success
04C84D3A9C4C80,3,"['Arena', 'Casa Giulietta', 'Santa Anastasia']",Teatro Romano,"['Duomo', 'AMO', 'Palazzo della Ragione', 'Museo Conte', 'Centro Fotografia']",Duomo,strategy_nearest,True,0.003329038619995117,success
04C84B3A9C4C80,3,"['Arena', 'San Fermo']",Santa Anastasia,"['AMO', 'Museo Conte', 'Palazzo della Ragione', 'Teatro Romano', 'Centro Fotografia']",Torre Lamberti,strategy_nearest,False,0.0021479129791259766,success
04C84A429C4C80,3,"['San Fermo', 'Duomo', 'Teatro Romano']",Santa Anastasia,"['AMO', 'Museo Conte', 'Palazzo della Ragione', 'Centro Fotografia', 'Torre Lamberti']",Arena,strategy_nearest,False,0.0027599334716796875,success
04C841429C4C80,2,['Castelvecchio'],Casa Giulietta,"['Centro Fotografia', 'Sighseeing', 'Torre Lamberti', 'Museo Conte', 'Museo Radio']",Teatro Romano,strategy_nearest,False,0.0016009807586669922,success
04C859429C4C80,1,"['Casa Giulietta', 'Torre Lamberti', 'Santa Anastasia', 'Arena']",Castelvecchio,"['Museo Lapidario', 'Verona Tour', 'Museo Radio', 'San Zeno', 'Sighseeing']",Palazzo della Ragione,strategy_nearest,False,0.002168893814086914,success
04C855429C4C80,3,"['Santa Anastasia', 'Teatro Romano', 'Duomo', 'Arena']",Tomba Giulietta,"['San Fermo', 'Museo Storia', 'Museo Lapidario', 'Museo Radio', 'Verona Tour']",Castelvecchio,strategy_nearest,False,0.0028133392333984375,success
04C874429C4C80,3,"['Casa Giulietta', 'Arena']",Torre Lamberti,"['Sighseeing', 'Centro Fotografia', 'Museo Conte', 'Palazzo della Ragione', 'AMO']",Santa Anastasia,strategy_nearest,False,0.0014338493347167969,success
04C86D3A9C4C80,3,"['Castelvecchio', 'Arena', 'Torre Lamberti']",Casa Giulietta,"['Centro Fotografia', 'Sighseeing', 'Museo Conte', 'Museo Radio', 'Palazzo della Ragione']",Tomba Giulietta,strategy_nearest,False,0.003383159637451172,success
04C8763A9C4C80,3,"['Arena', 'Casa Giulietta']",Torre Lamberti,"['Sighseeing', 'Centro Fotografia', 'Museo Conte', 'Palazzo della Ragione', 'AMO']",Santa Anastasia,strategy_nearest,False,0.004554033279418945,success
04C87C429C4C80,2,"['Casa Giulietta', 'Torre Lamberti']",Santa Anastasia,"['AMO', 'Museo Conte', 'Palazzo della Ragione', 'Teatro Romano', 'Centro Fotografia']",Duomo,strategy_nearest,False,0.002065896987915039,success
04C881429C4C80,2,"['Casa Giulietta', 'Santa Anastasia', 'Duomo']",Teatro Romano,"['AMO', 'Palazzo della Ragione', 'Museo Conte', 'Centro Fotografia', 'Museo Miniscalchi']",Giardino Giusti,strategy_nearest,False,0.0013589859008789062,success
04C87F429C4C80,0,['Arena'],Casa Giulietta,"['Centro Fotografia', 'Sighseeing', 'Torre Lamberti', 'Museo Conte', 'Museo Radio']",Castelvecchio,strategy_nearest,False,0.002646923065185547,success
04C887429C4C80,1,['Arena'],Museo Lapidario,"['Verona Tour', 'Castelvecchio', 'Museo Radio', 'San Fermo', 'Casa Giulietta']",Palazzo della Ragione,strategy_nearest,False,0.001252889633178711,success
04C89A429C4C80,3,"['Arena', 'Casa Giulietta']",Torre Lamberti,"['Sighseeing', 'Centro Fotografia', 'Museo Conte', 'Palazzo della Ragione', 'AMO']",Santa Anastasia,strategy_nearest,False,0.0032758712768554688,success
04C88A429C4C80,3,"['Arena', 'Museo Lapidario']",Castelvecchio,"['Verona Tour', 'Museo Radio', 'San Zeno', 'Sighseeing', 'Museo Miniscalchi']",Duomo,strategy_nearest,False,0.0027337074279785156,success
04C883429C4C80,3,['Arena'],Casa Giulietta,"['Centro Fotografia', 'Sighseeing', 'Torre Lamberti', 'Museo Conte', 'Museo Radio']",Santa Anastasia,strategy_nearest,False,0.0021660327911376953,success
04C8A44A9C4C80,0,"['Arena', 'Castelvecchio']",Duomo,"['AMO', 'Museo Miniscalchi', 'Santa Anastasia', 'Teatro Romano', 'Palazzo della Ragione']",Teatro Romano,strategy_nearest,True,0.002064943313598633,success
04C8A24A9C4C80,0,['Arena'],Casa Giulietta,"['Centro Fotografia', 'Sighseeing', 'Torre Lamberti', 'Museo Conte', 'Museo Radio']",Torre Lamberti,strategy_nearest,True,0.002753019332885742,success
04C8A83A9C4C80,0,['Castelvecchio'],Arena,"['Verona Tour', 'Museo Lapidario', 'Museo Radio', 'San Fermo', 'Casa Giulietta']",Teatro Romano,strategy_nearest,False,0.0032339096069335938,success
04C8A7429C4C80,3,"['Arena', 'Torre Lamberti', 'Santa Anastasia']",Teatro Romano,"['Duomo', 'AMO', 'Palazzo della Ragione', 'Museo Conte', 'Centro Fotografia']",Casa Giulietta,strategy_nearest,False,0.002660036087036133,success
04C8B9429C4C80,1,"['Teatro Romano', 'Casa Giulietta']",Torre Lamberti,"['Sighseeing', 'Centro Fotografia', 'Museo Conte', 'Palazzo della Ragione', 'AMO']",Palazzo della Ragione,strategy_nearest,True,0.0033202171325683594,success
04C8BA429C4C80,3,['Arena'],Santa Anastasia,"['AMO', 'Museo Conte', 'Palazzo della Ragione', 'Teatro Romano', 'Centro Fotografia']",Torre Lamberti,strategy_nearest,False,0.0026650428771972656,success
04C8AC3A9C4C80,0,"['Arena', 'Torre Lamberti']",Casa Giulietta,"['Centro Fotografia', 'Sighseeing', 'Museo Conte', 'Museo Radio', 'Palazzo della Ragione']",San Fermo,strategy_nearest,False,0.003400087356567383,success
04C8AE3A9C4C80,3,['Arena'],Casa Giulietta,"['Centro Fotografia', 'Sighseeing', 'Torre Lamberti', 'Museo Conte', 'Museo Radio']",Torre Lamberti,strategy_nearest,True,0.002769947052001953,success
04C8C83A9C4C80,3,"['Arena', 'Casa Giulietta']",Torre Lamberti,"['Sighseeing', 'Centro Fotografia', 'Museo Conte', 'Palazzo della Ragione', 'AMO']",Teatro Romano,strategy_nearest,False,0.0029082298278808594,success
04C9124A9C4C80,0,['Arena'],Castelvecchio,"['Museo Lapidario', 'Verona Tour', 'Museo Radio', 'San Zeno', 'Sighseeing']",Teatro Romano,strategy_nearest,False,0.0014243125915527344,success
04C8D1429C4C80,2,"['Casa Giulietta', 'Torre Lamberti']",Duomo,"['AMO', 'Museo Miniscalchi', 'Santa Anastasia', 'Teatro Romano', 'Palazzo della Ragione']",Teatro Romano,strategy_nearest,True,0.0035440921783447266,success
04C8D53A9C4C80,3,"['Arena', 'Teatro Romano', 'Duomo']",Santa Anastasia,"['AMO', 'Museo Conte', 'Palazzo della Ragione', 'Centro Fotografia', 'Torre Lamberti']",Torre Lamberti,strategy_nearest,True,0.0022499561309814453,success
04C925429C4C84,0,['Arena'],Museo Lapidario,"['Verona Tour', 'Castelvecchio', 'Museo Radio', 'San Fermo', 'Casa Giulietta']",Castelvecchio,strategy_nearest,True,0.0019168853759765625,success
04C9273A9C4C80,2,['Casa Giulietta'],Torre Lamberti,"['Sighseeing', 'Centro Fotografia', 'Museo Conte', 'Palazzo della Ragione', 'AMO']",Castelvecchio,strategy_nearest,False,0.0033500194549560547,success
04C927429C4C84,3,"['Arena', 'Castelvecchio']",San Zeno,"['Verona Tour', 'Museo Lapidario', 'Museo Miniscalchi', 'Sighseeing', 'Museo Radio']",Teatro Romano,strategy_nearest,False,0.0033867359161376953,success
04C92B429C4C80,0,"['Castelvecchio', 'Torre Lamberti']",Casa Giulietta,"['Centro Fotografia', 'Sighseeing', 'Museo Conte', 'Museo Radio', 'Palazzo della Ragione']",Arena,strategy_nearest,False,0.0019762516021728516,success
04C93C429C4C80,2,['Museo Lapidario'],Castelvecchio,"['Verona Tour', 'Arena', 'Museo Radio', 'San Zeno', 'Sighseeing']",Santa Anastasia,strategy_nearest,False,0.003141164779663086,success
04C92D429C4C80,0,['Arena'],Museo Lapidario,"['Verona Tour', 'Castelvecchio', 'Museo Radio', 'San Fermo', 'Casa Giulietta']",Castelvecchio,strategy_nearest,True,0.003136873245239258,success
04C9503A9C4C80,0,['Arena'],Torre Lamberti,"['Sighseeing', 'Centro Fotografia', 'Museo Conte', 'Casa Giulietta', 'Palazzo della Ragione']",Casa Giulietta,strategy_nearest,True,0.0033926963806152344,success
04C930429C4C80,0,['Arena'],Casa Giulietta,"['Centro Fotografia', 'Sighseeing', 'Torre Lamberti', 'Museo Conte', 'Museo Radio']",Santa Anastasia,strategy_nearest,False,0.002682209014892578,success
04C970429C4C80,2,['Torre Lamberti'],Castelvecchio,"['Museo Lapidario', 'Verona Tour', 'Arena', 'Museo Radio', 'San Zeno']",Casa Giulietta,strategy_nearest,False,0.0013909339904785156,success
04C959429C4C80,3,"['Santa Anastasia', 'Duomo', 'Torre Lamberti', 'Teatro Romano']",Arena,"['Verona Tour', 'Museo Lapidario', 'Museo Radio', 'San Fermo', 'Casa Giulietta']",Museo Lapidario,strategy_nearest,True,0.003384113311767578,success
04C96D429C4C80,0,['Arena'],Duomo,"['AMO', 'Museo Miniscalchi', 'Santa Anastasia', 'Teatro Romano', 'Palazzo della Ragione']",Castelvecchio,strategy_nearest,False,0.003384828567504883,success
04C9673A9C4C80,0,"['San Zeno', 'Torre Lamberti']",Casa Giulietta,"['Centro Fotografia', 'Sighseeing', 'Museo Conte', 'Museo Radio', 'Palazzo della Ragione']",Castelvecchio,strategy_nearest,False,0.002172231674194336,success
04C9854A9C4C80,3,['Arena'],Santa Anastasia,"['AMO', 'Museo Conte', 'Palazzo della Ragione', 'Teatro Romano', 'Centro Fotografia']",Duomo,strategy_nearest,False,0.0020568370819091797,success
04C97B3A9C4C80,3,"['Arena', 'Casa Giulietta', 'Torre Lamberti']",Santa Anastasia,"['AMO', 'Museo Conte', 'Palazzo della Ragione', 'Teatro Romano', 'Centro Fotografia']",Teatro Romano,strategy_nearest,True,0.003425121307373047,success
04C9814A9C4C80,3,"['Castelvecchio', 'Arena']",Casa Giulietta,"['Centro Fotografia', 'Sighseeing', 'Torre Lamberti', 'Museo Conte', 'Museo Radio']",Torre Lamberti,strategy_nearest,True,0.0016109943389892578,success
04C974429C4C80,2,['Casa Giulietta'],San Fermo,"['Museo Storia', 'Museo Radio', 'Centro Fotografia', 'Arena', 'Sighseeing']",Castelvecchio,strategy_nearest,False,0.004045963287353516,success
04C98E4A9C4C80,3,"['Arena', 'Torre Lamberti']",Santa Anastasia,"['AMO', 'Museo Conte', 'Palazzo della Ragione', 'Teatro Romano', 'Centro Fotografia']",Casa Giulietta,strategy_nearest,False,0.0013980865478515625,success
04C98C4A9C4C80,0,['Arena'],Casa Giulietta,"['Centro Fotografia', 'Sighseeing', 'Torre Lamberti', 'Museo Conte', 'Museo Radio']",Santa Anastasia,strategy_nearest,False,0.002254009246826172,success
04C98E3A9C4C80,0,['Arena'],Castelvecchio,"['Museo Lapidario', 'Verona Tour', 'Museo Radio', 'San Zeno', 'Sighseeing']",San Fermo,strategy_nearest,False,0.0034639835357666016,success
04C992429C4C80,2,['Palazzo della Ragione'],Torre Lamberti,"['Sighseeing', 'Centro Fotografia', 'Museo Conte', 'Casa Giulietta', 'AMO']",Teatro Romano,strategy_nearest,False,0.0026688575744628906,success
04C995429C4C80,3,"['Castelvecchio', 'Arena']",Casa Giulietta,"['Centro Fotografia', 'Sighseeing', 'Torre Lamberti', 'Museo Conte', 'Museo Radio']",Torre Lamberti,strategy_nearest,True,0.002704143524169922,success
04C99A429C4C80,0,['Arena'],Casa Giulietta,"['Centro Fotografia', 'Sighseeing', 'Torre Lamberti', 'Museo Conte', 'Museo Radio']",Santa Anastasia,strategy_nearest,False,0.0020530223846435547,success
04C9A14A9C4C80,2,"['Torre Lamberti', 'Casa Giulietta']",San Fermo,"['Museo Storia', 'Museo Radio', 'Centro Fotografia', 'Arena', 'Sighseeing']",Santa Anastasia,strategy_nearest,False,0.0035178661346435547,success
04C9A04A9C4C80,1,['Palazzo della Ragione'],Torre Lamberti,"['Sighseeing', 'Centro Fotografia', 'Museo Conte', 'Casa Giulietta', 'AMO']",Arena,strategy_nearest,False,0.002939939498901367,success
04C9BA3A9C4C80,3,"['Arena', 'Casa Giulietta']",Torre Lamberti,"['Sighseeing', 'Centro Fotografia', 'Museo Conte', 'Palazzo della Ragione', 'AMO']",Duomo,strategy_nearest,False,0.001455068588256836,success
04C9A7429C4C80,1,"['Arena', 'Casa Giulietta']",Palazzo della Ragione,"['AMO', 'Museo Conte', 'Torre Lamberti', 'Centro Fotografia', 'Sighseeing']",San Fermo,strategy_nearest,False,0.0034728050231933594,success
04C9AC3A9C4C80,3,"['Castelvecchio', 'Arena']",San Fermo,"['Museo Storia', 'Museo Radio', 'Casa Giulietta', 'Centro Fotografia', 'Sighseeing']",Santa Anastasia,strategy_nearest,False,0.0034897327423095703,success
04C9AB4A9C4C80,2,['Casa Giulietta'],Palazzo della Ragione,"['AMO', 'Museo Conte', 'Torre Lamberti', 'Centro Fotografia', 'Sighseeing']",Torre Lamberti,strategy_nearest,True,0.0033652782440185547,success
04C9C33A9C4C80,2,['Castelvecchio'],Teatro Romano,"['Santa Anastasia', 'Duomo', 'AMO', 'Palazzo della Ragione', 'Museo Conte']",Casa Giulietta,strategy_nearest,False,0.0018150806427001953,success
04C9BF3A9C4C80,0,['Arena'],Casa Giulietta,"['Centro Fotografia', 'Sighseeing', 'Torre Lamberti', 'Museo Conte', 'Museo Radio']",Duomo,strategy_nearest,False,0.0025887489318847656,success
04C9C43A9C4C80,3,"['Arena', 'Torre Lamberti']",Santa Anastasia,"['AMO', 'Museo Conte', 'Palazzo della Ragione', 'Teatro Romano', 'Centro Fotografia']",Duomo,strategy_nearest,False,0.002744913101196289,success
04C9D13A9C4C80,0,"['Castelvecchio', 'Arena']",Tomba Giulietta,"['San Fermo', 'Museo Storia', 'Museo Lapidario', 'Museo Radio', 'Verona Tour']",Casa Giulietta,strategy_nearest,False,0.0034477710723876953,success
04C9D53A9C4C80,3,"['Arena', 'Museo Lapidario']",Castelvecchio,"['Verona Tour', 'Museo Radio', 'San Zeno', 'Sighseeing', 'Museo Miniscalchi']",Santa Anastasia,strategy_nearest,False,0.002239227294921875,success
04C9DE429C4C80,3,"['Arena', 'Duomo', 'San Zeno', 'Castelvecchio']",Teatro Romano,"['Santa Anastasia', 'AMO', 'Palazzo della Ragione', 'Museo Conte', 'Centro Fotografia']",Santa Anastasia,strategy_nearest,True,0.0025742053985595703,success
04C9F73A9C4C80,0,"['Arena', 'Casa Giulietta']",Tomba Giulietta,"['San Fermo', 'Museo Storia', 'Museo Lapidario', 'Museo Radio', 'Verona Tour']",Castelvecchio,strategy_nearest,False,0.003345012664794922,success
04CA01429C4C84,3,"['Santa Anastasia', 'Duomo']",Castelvecchio,"['Museo Lapidario', 'Verona Tour', 'Arena', 'Museo Radio', 'San Zeno']",Arena,strategy_nearest,True,0.0023698806762695312,success
04C9FD3A9C4C80,0,"['Arena', 'Museo Lapidario']",Castelvecchio,"['Verona Tour', 'Museo Radio', 'San Zeno', 'Sighseeing', 'Museo Miniscalchi']",Duomo,strategy_nearest,False,0.004014015197753906,success
04CA0C429C4C84,3,"['Arena', 'Casa Giulietta', 'San Fermo']",Torre Lamberti,"['Sighseeing', 'Centro Fotografia', 'Museo Conte', 'Palazzo della Ragione', 'AMO']",Santa Anastasia,strategy_nearest,False,0.004197835922241211,success
04CA123A9C4C80,3,['Arena'],Santa Anastasia,"['AMO', 'Museo Conte', 'Palazzo della Ragione', 'Teatro Romano', 'Centro Fotografia']",Duomo,strategy_nearest,False,0.001276254653930664,success
04CA0F4A9C4C80,3,"['Arena', 'Castelvecchio', 'Casa Giulietta']",Torre Lamberti,"['Sighseeing', 'Centro Fotografia', 'Museo Conte', 'Palazzo della Ragione', 'AMO']",Santa Anastasia,strategy_nearest,False,0.0037348270416259766,success
04CA123A9C4C84,0,['Arena'],Casa Giulietta,"['Centro Fotografia', 'Sighseeing', 'Torre Lamberti', 'Museo Conte', 'Museo Radio']",Castelvecchio,strategy_nearest,False,0.0033359527587890625,success
04CA144A9C4C80,0,['Teatro Romano'],Casa Giulietta,"['Centro Fotografia', 'Sighseeing', 'Torre Lamberti', 'Museo Conte', 'Museo Radio']",Arena,strategy_nearest,False,0.0018041133880615234,success
04CA1D3A9C4C80,1,"['Castelvecchio', 'Arena', 'Santa Anastasia']",Torre Lamberti,"['Sighseeing', 'Centro Fotografia', 'Museo Conte', 'Casa Giulietta', 'Palazzo della Ragione']",Palazzo della Ragione,strategy_nearest,True,0.0025599002838134766,success
04CA1B3A9C4C84,3,['Arena'],Santa Anastasia,"['AMO', 'Museo Conte', 'Palazzo della Ragione', 'Teatro Romano', 'Centro Fotografia']",Teatro Romano,strategy_nearest,True,0.0026400089263916016,success
04CA21429C4C80,3,['Arena'],Santa Anastasia,"['AMO', 'Museo Conte', 'Palazzo della Ragione', 'Teatro Romano', 'Centro Fotografia']",Duomo,strategy_nearest,False,0.0025758743286132812,success
04CA26429C4C84,6,"['Casa Giulietta', 'Arena']",Tomba Giulietta,"['San Fermo', 'Museo Storia', 'Museo Lapidario', 'Museo Radio', 'Verona Tour']",Torre Lamberti,strategy_nearest,False,0.003253936767578125,success
04CA2B429C4C80,3,"['Arena', 'Castelvecchio']",Santa Anastasia,"['AMO', 'Museo Conte', 'Palazzo della Ragione', 'Teatro Romano', 'Centro Fotografia']",Casa Giulietta,strategy_nearest,False,0.0025339126586914062,success
04CA2D429C4C80,3,"['San Zeno', 'Castelvecchio', 'San Fermo', 'Arena']",Casa Giulietta,"['Centro Fotografia', 'Sighseeing', 'Torre Lamberti', 'Museo Conte', 'Museo Radio']",Torre Lamberti,strategy_nearest,True,0.0025458335876464844,success
04CA32429C4C80,3,"['Arena', 'Casa Giulietta']",Torre Lamberti,"['Sighseeing', 'Centro Fotografia', 'Museo Conte', 'Palazzo della Ragione', 'AMO']",Santa Anastasia,strategy_nearest,False,0.0030100345611572266,success
04CA33429C4C80,3,['Santa Anastasia'],Duomo,"['AMO', 'Museo Miniscalchi', 'Teatro Romano', 'Palazzo della Ragione', 'Museo Conte']",Arena,strategy_nearest,False,0.0040628910064697266,success
04CA3B429C4C80,0,['Arena'],Torre Lamberti,"['Sighseeing', 'Centro Fotografia', 'Museo Conte', 'Casa Giulietta', 'Palazzo della Ragione']",Castelvecchio,strategy_nearest,False,0.003342151641845703,success
04CA4C429C4C80,2,"['San Fermo', 'Teatro Romano']",Duomo,"['AMO', 'Museo Miniscalchi', 'Santa Anastasia', 'Palazzo della Ragione', 'Museo Conte']",Santa Anastasia,strategy_nearest,True,0.0032830238342285156,success
04CA40429C4C80,0,['Arena'],Casa Giulietta,"['Centro Fotografia', 'Sighseeing', 'Torre Lamberti', 'Museo Conte', 'Museo Radio']",Torre Lamberti,strategy_nearest,True,0.0012798309326171875,success
04CA523A9C4C80,0,['Arena'],Casa Giulietta,"['Centro Fotografia', 'Sighseeing', 'Torre Lamberti', 'Museo Conte', 'Museo Radio']",San Fermo,strategy_nearest,False,0.002753019332885742,success
04CA503A9C4C80,3,"['Arena', 'Torre Lamberti']",Santa Anastasia,"['AMO', 'Museo Conte', 'Palazzo della Ragione', 'Teatro Romano', 'Centro Fotografia']",Casa Giulietta,strategy_nearest,False,0.002778768539428711,success
04CA56429C4C80,0,['Arena'],Castelvecchio,"['Museo Lapidario', 'Verona Tour', 'Museo Radio', 'San Zeno', 'Sighseeing']",Giardino Giusti,strategy_nearest,False,0.0033168792724609375,success
04CA58429C4C80,3,"['Casa Giulietta', 'San Fermo', 'Tomba Giulietta', 'Museo Storia']",Arena,"['Verona Tour', 'Museo Lapidario', 'Museo Radio', 'Sighseeing', 'Castelvecchio']",Castelvecchio,strategy_nearest,True,0.0013778209686279297,success
04CA6B429C4C80,3,"['Arena', 'Casa Giulietta']",Torre Lamberti,"['Sighseeing', 'Centro Fotografia', 'Museo Conte', 'Palazzo della Ragione', 'AMO']",Duomo,strategy_nearest,False,0.0013391971588134766,success
04CA7B4A9C4C80,0,['Castelvecchio'],Arena,"['Verona Tour', 'Museo Lapidario', 'Museo Radio', 'San Fermo', 'Casa Giulietta']",Torre Lamberti,strategy_nearest,False,0.002483844757080078,success
04CA69429C4C80,1,['Arena'],Torre Lamberti,"['Sighseeing', 'Centro Fotografia', 'Museo Conte', 'Casa Giulietta', 'Palazzo della Ragione']",Palazzo della Ragione,strategy_nearest,True,0.0019519329071044922,success
04CA85429C4C80,2,"['Casa Giulietta', 'Torre Lamberti']",Torre Lamberti,"['Sighseeing', 'Centro Fotografia', 'Museo Conte', 'Palazzo della Ragione', 'AMO']",Palazzo della Ragione,strategy_nearest,True,0.002119779586791992,success
04CA87429C4C80,3,"['Arena', 'Casa Giulietta', 'Santa Anastasia']",Torre Lamberti,"['Sighseeing', 'Centro Fotografia', 'Museo Conte', 'Palazzo della Ragione', 'AMO']",Teatro Romano,strategy_nearest,False,0.0031020641326904297,success
04CA7E429C4C80,3,"['Arena', 'Torre Lamberti']",Teatro Romano,"['Santa Anastasia', 'Duomo', 'AMO', 'Palazzo della Ragione', 'Museo Conte']",Duomo,strategy_nearest,True,0.003754138946533203,success
04CA86429C4C80,0,['Castelvecchio'],San Zeno,"['Verona Tour', 'Museo Lapidario', 'Arena', 'Museo Miniscalchi', 'Sighseeing']",Arena,strategy_nearest,True,0.002768278121948242,success
04CA98429C4C80,0,['Arena'],Casa Giulietta,"['Centro Fotografia', 'Sighseeing', 'Torre Lamberti', 'Museo Conte', 'Museo Radio']",Castelvecchio,strategy_nearest,False,0.0031359195709228516,success
04CA8F4A9C4C80,1,"['Arena', 'Torre Lamberti']",Palazzo della Ragione,"['AMO', 'Museo Conte', 'Centro Fotografia', 'Sighseeing', 'Santa Anastasia']",Duomo,strategy_nearest,False,0.003345012664794922,success
04CA97429C4C80,2,['Casa Giulietta'],Santa Anastasia,"['AMO', 'Museo Conte', 'Palazzo della Ragione', 'Teatro Romano', 'Centro Fotografia']",Castelvecchio,strategy_nearest,False,0.0015170574188232422,success
04CA954A9C4C80,3,"['Arena', 'San Fermo']",Torre Lamberti,"['Sighseeing', 'Centro Fotografia', 'Museo Conte', 'Casa Giulietta', 'Palazzo della Ragione']",Teatro Romano,strategy_nearest,False,0.0027260780334472656,success
04CA9D4A9C4C80,1,"['Arena', 'Casa Giulietta', 'Torre Lamberti']",Palazzo della Ragione,"['AMO', 'Museo Conte', 'Centro Fotografia', 'Sighseeing', 'Santa Anastasia']",Duomo,strategy_nearest,False,0.001374959945678711,success
04CAA24A9C4C80,0,['Castelvecchio'],Arena,"['Verona Tour', 'Museo Lapidario', 'Museo Radio', 'San Fermo', 'Casa Giulietta']",Casa Giulietta,strategy_nearest,True,0.0024230480194091797,success
04CA9C4A9C4C80,2,['Casa Giulietta'],Santa Anastasia,"['AMO', 'Museo Conte', 'Palazzo della Ragione', 'Teatro Romano', 'Centro Fotografia']",Castelvecchio,strategy_nearest,False,0.0019881725311279297,success
04CAA7429C4C80,1,"['Arena', 'Casa Giulietta']",Palazzo della Ragione,"['AMO', 'Museo Conte', 'Torre Lamberti', 'Centro Fotografia', 'Sighseeing']",San Fermo,strategy_nearest,False,0.003324270248413086,success
04CAA9429C4C80,2,"['Casa Giulietta', 'San Fermo', 'Tomba Giulietta']",Castelvecchio,"['Museo Lapidario', 'Verona Tour', 'Arena', 'Museo Radio', 'San Zeno']",San Zeno,strategy_nearest,True,0.0027360916137695312,success
04CAAC429C4C80,0,['Arena'],Torre Lamberti,"['Sighseeing', 'Centro Fotografia', 'Museo Conte', 'Casa Giulietta', 'Palazzo della Ragione']",Casa Giulietta,strategy_nearest,True,0.0020270347595214844,success
04CAB93A9C4C80,0,['Duomo'],Casa Giulietta,"['Centro Fotografia', 'Sighseeing', 'Torre Lamberti', 'Museo Conte', 'Museo Radio']",Arena,strategy_nearest,False,0.002429962158203125,success
04CAAD3A9C4C80,3,['Arena'],Casa Giulietta,"['Centro Fotografia', 'Sighseeing', 'Torre Lamberti', 'Museo Conte', 'Museo Radio']",Santa Anastasia,strategy_nearest,False,0.0041348934173583984,success
04CAC43A9C4C80,0,['Arena'],Casa Giulietta,"['Centro Fotografia', 'Sighseeing', 'Torre Lamberti', 'Museo Conte', 'Museo Radio']",Torre Lamberti,strategy_nearest,True,0.003030061721801758,success
04CAC03A9C4C80,2,"['Teatro Romano', 'Duomo']",Castelvecchio,"['Museo Lapidario', 'Verona Tour', 'Arena', 'Museo Radio', 'San Zeno']",Tomba Giulietta,strategy_nearest,False,0.0023040771484375,success
04CAC8429C4C80,1,"['Casa Giulietta', 'Torre Lamberti']",Palazzo della Ragione,"['AMO', 'Museo Conte', 'Centro Fotografia', 'Sighseeing', 'Santa Anastasia']",Teatro Romano,strategy_nearest,False,0.003103971481323242,success
04CAD03A9C4C80,2,['Tomba Giulietta'],San Fermo,"['Museo Storia', 'Museo Radio', 'Casa Giulietta', 'Centro Fotografia', 'Arena']",Teatro Romano,strategy_nearest,False,0.0021910667419433594,success
04CAD9429C4C80,3,"['Teatro Romano', 'Giardino Giusti']",Santa Anastasia,"['AMO', 'Museo Conte', 'Palazzo della Ragione', 'Centro Fotografia', 'Duomo']",Arena,strategy_nearest,False,0.0033578872680664062,success
04CADB429C4C80,3,"['Casa Giulietta', 'Arena']",Duomo,"['AMO', 'Museo Miniscalchi', 'Santa Anastasia', 'Teatro Romano', 'Palazzo della Ragione']",Teatro Romano,strategy_nearest,True,0.002535104751586914,success
04CAE43A9C4C80,3,"['Castelvecchio', 'Tomba Giulietta', 'Arena']",Torre Lamberti,"['Sighseeing', 'Centro Fotografia', 'Museo Conte', 'Casa Giulietta', 'Palazzo della Ragione']",Santa Anastasia,strategy_nearest,False,0.0024352073669433594,success
04CAE4429C4C80,3,"['Casa Giulietta', 'Arena', 'Castelvecchio']",San Zeno,"['Verona Tour', 'Museo Lapidario', 'Museo Miniscalchi', 'Sighseeing', 'Museo Radio']",Duomo,strategy_nearest,False,0.0030019283294677734,success
04CAED429C4C80,3,"['Arena', 'Santa Anastasia']",Teatro Romano,"['Duomo', 'AMO', 'Palazzo della Ragione', 'Museo Conte', 'Centro Fotografia']",San Zeno,strategy_nearest,False,0.0016109943389892578,success
04CAF73A9C4C80,1,"['Casa Giulietta', 'Santa Anastasia', 'Torre Lamberti']",Palazzo della Ragione,"['AMO', 'Museo Conte', 'Centro Fotografia', 'Sighseeing', 'Museo Miniscalchi']",Duomo,strategy_nearest,False,0.002730131149291992,success
04CAF33A9C4C80,3,"['Arena', 'San Fermo']",Santa Anastasia,"['AMO', 'Museo Conte', 'Palazzo della Ragione', 'Teatro Romano', 'Centro Fotografia']",Duomo,strategy_nearest,False,0.002685070037841797,success
04CAFC429C4C80,3,"['Castelvecchio', 'San Fermo', 'Torre Lamberti']",Santa Anastasia,"['AMO', 'Museo Conte', 'Palazzo della Ragione', 'Teatro Romano', 'Centro Fotografia']",Duomo,strategy_nearest,False,0.003882884979248047,success
04CAFE3A9C4C80,0,['Arena'],Museo Lapidario,"['Verona Tour', 'Castelvecchio', 'Museo Radio', 'San Fermo', 'Casa Giulietta']",Torre Lamberti,strategy_nearest,False,0.002465963363647461,success
04CB013A9C4C84,0,['Castelvecchio'],Arena,"['Verona Tour', 'Museo Lapidario', 'Museo Radio', 'San Fermo', 'Casa Giulietta']",Casa Giulietta,strategy_nearest,True,0.003954887390136719,success
04CB0C429C4C84,3,"['Torre Lamberti', 'Teatro Romano']",Santa Anastasia,"['AMO', 'Museo Conte', 'Palazzo della Ragione', 'Centro Fotografia', 'Duomo']",Casa Giulietta,strategy_nearest,False,0.0033006668090820312,success
04CB01429C4C84,1,"['Arena', 'Torre Lamberti']",Palazzo della Ragione,"['AMO', 'Museo Conte', 'Centro Fotografia', 'Sighseeing', 'Santa Anastasia']",Giardino Giusti,strategy_nearest,False,0.0021491050720214844,success
04CB12429C4C84,0,['Arena'],Torre Lamberti,"['Sighseeing', 'Centro Fotografia', 'Museo Conte', 'Casa Giulietta', 'Palazzo della Ragione']",Casa Giulietta,strategy_nearest,True,0.0013976097106933594,success
04CB16429C4C84,3,"['Arena', 'Santa Anastasia']",Duomo,"['AMO', 'Museo Miniscalchi', 'Teatro Romano', 'Palazzo della Ragione', 'Museo Conte']",Teatro Romano,strategy_nearest,True,0.0015749931335449219,success
04CB2B429C4C80,0,['Arena'],Castelvecchio,"['Museo Lapidario', 'Verona Tour', 'Museo Radio', 'San Zeno', 'Sighseeing']",Torre Lamberti,strategy_nearest,False,0.001987934112548828,success
04CB1A429C4C84,0,"['Arena', 'Torre Lamberti']",Castelvecchio,"['Museo Lapidario', 'Verona Tour', 'Museo Radio', 'San Zeno', 'Sighseeing']",Casa Giulietta,strategy_nearest,False,0.0026612281799316406,success
04CB1A3A9C4C80,0,"['Castelvecchio', 'Arena']",San Fermo,"['Museo Storia', 'Museo Radio', 'Casa Giulietta', 'Centro Fotografia', 'Sighseeing']",Giardino Giusti,strategy_nearest,False,0.0033419132232666016,success
04CB3F429C4C80,3,['Arena'],Casa Giulietta,"['Centro Fotografia', 'Sighseeing', 'Torre Lamberti', 'Museo Conte', 'Museo Radio']",Santa Anastasia,strategy_nearest,False,0.001977205276489258,success
04CB34429C4C80,0,['Casa Giulietta'],Arena,"['Verona Tour', 'Museo Lapidario', 'Museo Radio', 'San Fermo', 'Sighseeing']",Castelvecchio,strategy_nearest,False,0.00400996208190918,success
04CB3B4A9C4C80,4,"['Castelvecchio', 'Casa Giulietta', 'Arena']",Santa Anastasia,"['AMO', 'Museo Conte', 'Palazzo della Ragione', 'Teatro Romano', 'Centro Fotografia']",Duomo,strategy_nearest,False,0.0027298927307128906,success
04CB314A9C4C80,3,"['Arena', 'Casa Giulietta', 'Tomba Giulietta']",Santa Anastasia,"['AMO', 'Museo Conte', 'Palazzo della Ragione', 'Teatro Romano', 'Centro Fotografia']",Castelvecchio,strategy_nearest,False,0.0022001266479492188,success
04CB573A9C4C80,0,['Castelvecchio'],Casa Giulietta,"['Centro Fotografia', 'Sighseeing', 'Torre Lamberti', 'Museo Conte', 'Museo Radio']",Duomo,strategy_nearest,False,0.0021021366119384766,success
04CB4D3A9C4C80,0,['Arena'],Casa Giulietta,"['Centro Fotografia', 'Sighseeing', 'Torre Lamberti', 'Museo Conte', 'Museo Radio']",Santa Anastasia,strategy_nearest,False,0.003927946090698242,success
04CB623A9C4C80,1,"['Arena', 'Santa Anastasia', 'Duomo']",San Fermo,"['Museo Storia', 'Museo Radio', 'Casa Giulietta', 'Centro Fotografia', 'Sighseeing']",San Zeno,strategy_nearest,False,0.0030951499938964844,success
04CB5E3A9C4C80,3,"['Arena', 'Torre Lamberti']",Casa Giulietta,"['Centro Fotografia', 'Sighseeing', 'Museo Conte', 'Museo Radio', 'Palazzo della Ragione']",Santa Anastasia,strategy_nearest,False,0.0014190673828125,success
04CB824A9C4C80,0,['Torre Lamberti'],Casa Giulietta,"['Centro Fotografia', 'Sighseeing', 'Museo Conte', 'Museo Radio', 'Palazzo della Ragione']",Arena,strategy_nearest,False,0.001947164535522461,success
04CB72429C4C80,2,['Casa Giulietta'],Torre Lamberti,"['Sighseeing', 'Centro Fotografia', 'Museo Conte', 'Palazzo della Ragione', 'AMO']",Tomba Giulietta,strategy_nearest,False,0.0015549659729003906,success
04CB6B429C4C80,0,"['Casa Giulietta', 'Torre Lamberti']",Teatro Romano,"['Santa Anastasia', 'Duomo', 'AMO', 'Palazzo della Ragione', 'Museo Conte']",Castelvecchio,strategy_nearest,False,0.0027718544006347656,success
04CB82429C4C80,0,['Casa Giulietta'],Arena,"['Verona Tour', 'Museo Lapidario', 'Museo Radio', 'San Fermo', 'Sighseeing']",Duomo,strategy_nearest,False,0.0033860206604003906,success
04CB83429C4C80,3,"['Castelvecchio', 'San Zeno']",Arena,"['Verona Tour', 'Museo Lapidario', 'Museo Radio', 'San Fermo', 'Casa Giulietta']",Duomo,strategy_nearest,False,0.002257823944091797,success
04CB864A9C4C80,3,"['Arena', 'San Zeno']",Torre Lamberti,"['Sighseeing', 'Centro Fotografia', 'Museo Conte', 'Casa Giulietta', 'Palazzo della Ragione']",Duomo,strategy_nearest,False,0.0019459724426269531,success
04CB85429C4C80,3,"['Arena', 'Tomba Giulietta']",Torre Lamberti,"['Sighseeing', 'Centro Fotografia', 'Museo Conte', 'Casa Giulietta', 'Palazzo della Ragione']",Casa Giulietta,strategy_nearest,True,0.0032529830932617188,success
04CB844A9C4C80,0,['Casa Giulietta'],Arena,"['Verona Tour', 'Museo Lapidario', 'Museo Radio', 'San Fermo', 'Sighseeing']",Castelvecchio,strategy_nearest,False,0.00414586067199707,success
04CB89429C4C80,3,"['San Zeno', 'Castelvecchio', 'Arena']",Casa Giulietta,"['Centro Fotografia', 'Sighseeing', 'Torre Lamberti', 'Museo Conte', 'Museo Radio']",Torre Lamberti,strategy_nearest,True,0.002840757369995117,success
04CB914A9C4C80,0,['Arena'],Castelvecchio,"['Museo Lapidario', 'Verona Tour', 'Museo Radio', 'San Zeno', 'Sighseeing']",Casa Giulietta,strategy_nearest,False,0.003268718719482422,success
04CB88429C4C80,0,['Arena'],Casa Giulietta,"['Centro Fotografia', 'Sighseeing', 'Torre Lamberti', 'Museo Conte', 'Museo Radio']",Duomo,strategy_nearest,False,0.002228975296020508,success
04CB9C4A9C4C80,0,['Arena'],Casa Giulietta,"['Centro Fotografia', 'Sighseeing', 'Torre Lamberti', 'Museo Conte', 'Museo Radio']",Torre Lamberti,strategy_nearest,True,0.003134012222290039,success
04CBA63A9C4C80,3,"['Torre Lamberti', 'Santa Anastasia']",Teatro Romano,"['Duomo', 'AMO', 'Palazzo della Ragione', 'Museo Conte', 'Centro Fotografia']",Arena,strategy_nearest,False,0.002154827117919922,success
04CBA9429C4C80,3,['Arena'],Torre Lamberti,"['Sighseeing', 'Centro Fotografia', 'Museo Conte', 'Casa Giulietta', 'Palazzo della Ragione']",Santa Anastasia,strategy_nearest,False,0.001531839370727539,success
04CBA54A9C4C80,0,['Arena'],Casa Giulietta,"['Centro Fotografia', 'Sighseeing', 'Torre Lamberti', 'Museo Conte', 'Museo Radio']",Torre Lamberti,strategy_nearest,True,0.002835988998413086,success
04CBAB429C4C80,3,['Arena'],Casa Giulietta,"['Centro Fotografia', 'Sighseeing', 'Torre Lamberti', 'Museo Conte', 'Museo Radio']",Santa Anastasia,strategy_nearest,False,0.0034160614013671875,success
04CBB73A9C4C80,0,"['Arena', 'Casa Giulietta']",Torre Lamberti,"['Sighseeing', 'Centro Fotografia', 'Museo Conte', 'Palazzo della Ragione', 'AMO']",Teatro Romano,strategy_nearest,False,0.0017428398132324219,success
04CBAC429C4C80,0,['Arena'],Torre Lamberti,"['Sighseeing', 'Centro Fotografia', 'Museo Conte', 'Casa Giulietta', 'Palazzo della Ragione']",Casa Giulietta,strategy_nearest,True,0.004015207290649414,success
04CBC63A9C4C80,3,"['Arena', 'Casa Giulietta']",Torre Lamberti,"['Sighseeing', 'Centro Fotografia', 'Museo Conte', 'Palazzo della Ragione', 'AMO']",Santa Anastasia,strategy_nearest,False,0.0037450790405273438,success
04CBCA3A9C4C80,2,['Castelvecchio'],San Zeno,"['Verona Tour', 'Museo Lapidario', 'Arena', 'Museo Miniscalchi', 'Sighseeing']",Casa Giulietta,strategy_nearest,False,0.0029840469360351562,success
04CBE33A9C4C80,3,"['Arena', 'Torre Lamberti']",Santa Anastasia,"['AMO', 'Museo Conte', 'Palazzo della Ragione', 'Teatro Romano', 'Centro Fotografia']",Teatro Romano,strategy_nearest,True,0.002117156982421875,success
04CBE93A9C4C80,3,['Arena'],Casa Giulietta,"['Centro Fotografia', 'Sighseeing', 'Torre Lamberti', 'Museo Conte', 'Museo Radio']",San Fermo,strategy_nearest,False,0.00267791748046875,success
04CBD03A9C4C80,3,"['San Zeno', 'Torre Lamberti']",Santa Anastasia,"['AMO', 'Museo Conte', 'Palazzo della Ragione', 'Teatro Romano', 'Centro Fotografia']",Duomo,strategy_nearest,False,0.0022869110107421875,success
04CBD53A9C4C80,3,"['Arena', 'Casa Giulietta', 'Torre Lamberti']",Castelvecchio,"['Museo Lapidario', 'Verona Tour', 'Museo Radio', 'San Zeno', 'Sighseeing']",Duomo,strategy_nearest,False,0.003429889678955078,success
04CBF03A9C4C80,3,"['Teatro Romano', 'Duomo']",Arena,"['Verona Tour', 'Museo Lapidario', 'Museo Radio', 'San Fermo', 'Casa Giulietta']",Torre Lamberti,strategy_nearest,False,0.00275421142578125,success
04CC013A9C4C84,3,"['Arena', 'Casa Giulietta', 'Torre Lamberti']",Santa Anastasia,"['AMO', 'Museo Conte', 'Palazzo della Ragione', 'Teatro Romano', 'Centro Fotografia']",Duomo,strategy_nearest,False,0.0014128684997558594,success
04CBEC429C4C80,1,"['Casa Giulietta', 'Arena', 'Castelvecchio']",Santa Anastasia,"['AMO', 'Museo Conte', 'Palazzo della Ragione', 'Teatro Romano', 'Centro Fotografia']",Duomo,strategy_nearest,False,0.003988027572631836,success
04CBF73A9C4C80,3,"['Duomo', 'Santa Anastasia']",Arena,"['Verona Tour', 'Museo Lapidario', 'Museo Radio', 'San Fermo', 'Casa Giulietta']",Casa Giulietta,strategy_nearest,True,0.0034177303314208984,success
04CC0B429C4C84,1,"['Arena', 'Casa Giulietta', 'Palazzo della Ragione']",Torre Lamberti,"['Sighseeing', 'Centro Fotografia', 'Museo Conte', 'AMO', 'Museo Miniscalchi']",Santa Anastasia,strategy_nearest,False,0.0033600330352783203,success
04CC0E429C4C84,3,"['Giardino Giusti', 'Castelvecchio', 'Arena']",San Fermo,"['Museo Storia', 'Museo Radio', 'Casa Giulietta', 'Centro Fotografia', 'Sighseeing']",Casa Giulietta,strategy_nearest,True,0.002154111862182617,success
04CC1D429C4C80,4,"['Arena', 'San Zeno', 'Casa Giulietta']",Museo Radio,"['San Fermo', 'Sighseeing', 'Torre Lamberti', 'Centro Fotografia', 'Verona Tour']",Tomba Giulietta,strategy_nearest,False,0.003222227096557617,success
04CC103A9C4C84,3,['Arena'],Casa Giulietta,"['Centro Fotografia', 'Sighseeing', 'Torre Lamberti', 'Museo Conte', 'Museo Radio']",Santa Anastasia,strategy_nearest,False,0.002001047134399414,success
04CC203A9C4C80,3,"['Arena', 'Torre Lamberti', 'Santa Anastasia']",Duomo,"['AMO', 'Museo Miniscalchi', 'Teatro Romano', 'Palazzo della Ragione', 'Museo Conte']",Teatro Romano,strategy_nearest,True,0.003095865249633789,success
04CC22429C4C84,3,"['Casa Giulietta', 'Arena', 'Castelvecchio']",San Zeno,"['Verona Tour', 'Museo Lapidario', 'Museo Miniscalchi', 'Sighseeing', 'Museo Radio']",Santa Anastasia,strategy_nearest,False,0.002421140670776367,success
04CC23429C4C84,3,"['Arena', 'San Fermo', 'Casa Giulietta']",Torre Lamberti,"['Sighseeing', 'Centro Fotografia', 'Museo Conte', 'Palazzo della Ragione', 'AMO']",Santa Anastasia,strategy_nearest,False,0.0034189224243164062,success
04CC233A9C4C80,2,['Torre Lamberti'],Palazzo della Ragione,"['AMO', 'Museo Conte', 'Centro Fotografia', 'Sighseeing', 'Santa Anastasia']",Teatro Romano,strategy_nearest,False,0.0016529560089111328,success
04CC37429C4C80,3,"['Arena', 'San Fermo']",Casa Giulietta,"['Centro Fotografia', 'Sighseeing', 'Torre Lamberti', 'Museo Conte', 'Museo Radio']",Torre Lamberti,strategy_nearest,True,0.002627134323120117,success
04CC2E4A9C4C80,3,"['Arena', 'Casa Giulietta', 'Santa Anastasia', 'Teatro Romano']",Duomo,"['AMO', 'Museo Miniscalchi', 'Palazzo della Ragione', 'Museo Conte', 'Torre Lamberti']",Torre Lamberti,strategy_nearest,True,0.004000186920166016,success
04CC39429C4C80,3,"['Arena', 'Casa Giulietta', 'Santa Anastasia']",Duomo,"['AMO', 'Museo Miniscalchi', 'Teatro Romano', 'Palazzo della Ragione', 'Museo Conte']",Teatro Romano,strategy_nearest,True,0.0019490718841552734,success
04CC35429C4C80,3,"['Arena', 'Torre Lamberti', 'Casa Giulietta']",San Fermo,"['Museo Storia', 'Museo Radio', 'Centro Fotografia', 'Sighseeing', 'Museo Conte']",Teatro Romano,strategy_nearest,False,0.0021669864654541016,success
04CC523A9C4C80,0,"['Arena', 'Teatro Romano']",Torre Lamberti,"['Sighseeing', 'Centro Fotografia', 'Museo Conte', 'Casa Giulietta', 'Palazzo della Ragione']",Casa Giulietta,strategy_nearest,True,0.0013980865478515625,success
04CC4B3A9C4C80,0,['Arena'],Teatro Romano,"['Santa Anastasia', 'Duomo', 'AMO', 'Palazzo della Ragione', 'Museo Conte']",Duomo,strategy_nearest,True,0.0021500587463378906,success
04CC43429C4C80,0,['Arena'],Casa Giulietta,"['Centro Fotografia', 'Sighseeing', 'Torre Lamberti', 'Museo Conte', 'Museo Radio']",Torre Lamberti,strategy_nearest,True,0.0027968883514404297,success
04CC3C429C4C80,3,"['San Zeno', 'Castelvecchio', 'Arena']",San Fermo,"['Museo Storia', 'Museo Radio', 'Casa Giulietta', 'Centro Fotografia', 'Sighseeing']",Casa Giulietta,strategy_nearest,True,0.004127025604248047,success
04CC683A9C4C80,2,['Castelvecchio'],Teatro Romano,"['Santa Anastasia', 'Duomo', 'AMO', 'Palazzo della Ragione', 'Museo Conte']",San Zeno,strategy_nearest,False,0.002682209014892578,success
04CC6D429C4C80,0,['Casa Giulietta'],Tomba Giulietta,"['San Fermo', 'Museo Storia', 'Arena', 'Museo Lapidario', 'Museo Radio']",Arena,strategy_nearest,True,0.0033500194549560547,success
04CC783A9C4C80,3,['Arena'],Casa Giulietta,"['Centro Fotografia', 'Sighseeing', 'Torre Lamberti', 'Museo Conte', 'Museo Radio']",Santa Anastasia,strategy_nearest,False,0.003283977508544922,success
04CC75429C4C80,0,['Casa Giulietta'],Arena,"['Verona Tour', 'Museo Lapidario', 'Museo Radio', 'San Fermo', 'Sighseeing']",Teatro Romano,strategy_nearest,False,0.0011429786682128906,success
04CC803A9C4C80,3,['Arena'],Casa Giulietta,"['Centro Fotografia', 'Sighseeing', 'Torre Lamberti', 'Museo Conte', 'Museo Radio']",Santa Anastasia,strategy_nearest,False,0.002748727798461914,success
04CC85429C4C80,3,"['Arena', 'Casa Giulietta', 'Torre Lamberti']",Santa Anastasia,"['AMO', 'Museo Conte', 'Palazzo della Ragione', 'Teatro Romano', 'Centro Fotografia']",Duomo,strategy_nearest,False,0.0025870800018310547,success
04CC83429C4C80,0,['Arena'],Casa Giulietta,"['Centro Fotografia', 'Sighseeing', 'Torre Lamberti', 'Museo Conte', 'Museo Radio']",Duomo,strategy_nearest,False,0.003253936767578125,success
04CC82429C4C80,3,"['Castelvecchio', 'Arena']",Torre Lamberti,"['Sighseeing', 'Centro Fotografia', 'Museo Conte', 'Casa Giulietta', 'Palazzo della Ragione']",Santa Anastasia,strategy_nearest,False,0.0028009414672851562,success
04CC8D4A9C4C80,0,"['Arena', 'Casa Giulietta']",Torre Lamberti,"['Sighseeing', 'Centro Fotografia', 'Museo Conte', 'Palazzo della Ragione', 'AMO']",Duomo,strategy_nearest,False,0.001964092254638672,success
04CC8A4A9C4C80,3,['Arena'],Casa Giulietta,"['Centro Fotografia', 'Sighseeing', 'Torre Lamberti', 'Museo Conte', 'Museo Radio']",Torre Lamberti,strategy_nearest,True,0.0026111602783203125,success
04CC89429C4C80,1,['Arena'],Casa Giulietta,"['Centro Fotografia', 'Sighseeing', 'Torre Lamberti', 'Museo Conte', 'Museo Radio']",Torre Lamberti,strategy_nearest,True,0.0025942325592041016,success
04CC954A9C4C80,2,['Duomo'],San Fermo,"['Museo Storia', 'Museo Radio', 'Casa Giulietta', 'Centro Fotografia', 'Arena']",Torre Lamberti,strategy_nearest,False,0.003751039505004883,success
04CC9E4A9C4C80,3,"['Casa Giulietta', 'Torre Lamberti']",Santa Anastasia,"['AMO', 'Museo Conte', 'Palazzo della Ragione', 'Teatro Romano', 'Centro Fotografia']",Duomo,strategy_nearest,False,0.0026819705963134766,success
04CCA14A9C4C80,3,"['Castelvecchio', 'Duomo']",Teatro Romano,"['Santa Anastasia', 'AMO', 'Palazzo della Ragione', 'Museo Conte', 'Centro Fotografia']",Casa Giulietta,strategy_nearest,False,0.0020308494567871094,success
04CC9D4A9C4C80,3,"['Arena', 'Casa Giulietta', 'Torre Lamberti']",Santa Anastasia,"['AMO', 'Museo Conte', 'Palazzo della Ragione', 'Teatro Romano', 'Centro Fotografia']",Duomo,strategy_nearest,False,0.003918170928955078,success
04CCAC429C4C80,0,['Arena'],Torre Lamberti,"['Sighseeing', 'Centro Fotografia', 'Museo Conte', 'Casa Giulietta', 'Palazzo della Ragione']",Teatro Romano,strategy_nearest,False,0.002118825912475586,success
04CCA73A9C4C80,0,['Castelvecchio'],Arena,"['Verona Tour', 'Museo Lapidario', 'Museo Radio', 'San Fermo', 'Casa Giulietta']",Casa Giulietta,strategy_nearest,True,0.0014889240264892578,success
04CCA94A9C4C80,3,"['Arena', 'Museo Lapidario', 'Casa Giulietta', 'Torre Lamberti']",Santa Anastasia,"['AMO', 'Museo Conte', 'Palazzo della Ragione', 'Teatro Romano', 'Centro Fotografia']",Teatro Romano,strategy_nearest,True,0.002830028533935547,success
04CCAE3A9C4C80,3,"['San Fermo', 'Museo Storia']",Santa Anastasia,"['AMO', 'Museo Conte', 'Palazzo della Ragione', 'Teatro Romano', 'Centro Fotografia']",Duomo,strategy_nearest,False,0.0033147335052490234,success
04CCAE429C4C80,0,['Teatro Romano'],Torre Lamberti,"['Sighseeing', 'Centro Fotografia', 'Museo Conte', 'Casa Giulietta', 'Palazzo della Ragione']",Arena,strategy_nearest,False,0.0024271011352539062,success
04CCB33A9C4C80,0,['Arena'],Museo Lapidario,"['Verona Tour', 'Castelvecchio', 'Museo Radio', 'San Fermo', 'Casa Giulietta']",Casa Giulietta,strategy_nearest,True,0.0019931793212890625,success
04CCB4429C4C80,3,"['Arena', 'Casa Giulietta']",Santa Anastasia,"['AMO', 'Museo Conte', 'Palazzo della Ragione', 'Teatro Romano', 'Centro Fotografia']",San Fermo,strategy_nearest,False,0.0026481151580810547,success
04CCB63A9C4C80,2,['Palazzo della Ragione'],Torre Lamberti,"['Sighseeing', 'Centro Fotografia', 'Museo Conte', 'Casa Giulietta', 'AMO']",Santa Anastasia,strategy_nearest,False,0.0029439926147460938,success
04CCCC3A9C4C80,0,['Arena'],Casa Giulietta,"['Centro Fotografia', 'Sighseeing', 'Torre Lamberti', 'Museo Conte', 'Museo Radio']",Santa Anastasia,strategy_nearest,False,0.002386808395385742,success
04CCCE3A9C4C80,0,['Arena'],Torre Lamberti,"['Sighseeing', 'Centro Fotografia', 'Museo Conte', 'Casa Giulietta', 'Palazzo della Ragione']",Casa Giulietta,strategy_nearest,True,0.0025560855865478516,success
04CCD33A9C4C80,2,['San Fermo'],Casa Giulietta,"['Centro Fotografia', 'Sighseeing', 'Torre Lamberti', 'Museo Conte', 'Museo Radio']",Torre Lamberti,strategy_nearest,True,0.0023560523986816406,success
04CCD63A9C4C80,3,['Arena'],Santa Anastasia,"['AMO', 'Museo Conte', 'Palazzo della Ragione', 'Teatro Romano', 'Centro Fotografia']",Torre Lamberti,strategy_nearest,False,0.0032472610473632812,success
04CCD93A9C4C80,2,['Casa Giulietta'],Palazzo della Ragione,"['AMO', 'Museo Conte', 'Torre Lamberti', 'Centro Fotografia', 'Sighseeing']",Santa Anastasia,strategy_nearest,False,0.003389120101928711,success
04CD053A9C4C84,0,['Arena'],Casa Giulietta,"['Centro Fotografia', 'Sighseeing', 'Torre Lamberti', 'Museo Conte', 'Museo Radio']",Santa Anastasia,strategy_nearest,False,0.002557992935180664,success
04CCF6429C4C80,3,['Arena'],Santa Anastasia,"['AMO', 'Museo Conte', 'Palazzo della Ragione', 'Teatro Romano', 'Centro Fotografia']",Duomo,strategy_nearest,False,0.0034291744232177734,success
04CD08429C4C84,3,"['Museo Lapidario', 'Castelvecchio', 'Duomo', 'Casa Giulietta']",Arena,"['Verona Tour', 'Museo Radio', 'San Fermo', 'Sighseeing', 'Torre Lamberti']",San Zeno,strategy_nearest,False,0.003114938735961914,success
04CD0B3A9C4C84,3,"['Arena', 'Casa Giulietta']",Santa Anastasia,"['AMO', 'Museo Conte', 'Palazzo della Ragione', 'Teatro Romano', 'Centro Fotografia']",Teatro Romano,strategy_nearest,True,0.0024209022521972656,success
04CD154A9C4C80,2,['Castelvecchio'],San Zeno,"['Verona Tour', 'Museo Lapidario', 'Arena', 'Museo Miniscalchi', 'Sighseeing']",San Zeno,strategy_nearest,False,0.002429962158203125,success
04CD10429C4C84,4,"['Arena', 'Casa Giulietta', 'Torre Lamberti']",Teatro Romano,"['Santa Anastasia', 'Duomo', 'AMO', 'Palazzo della Ragione', 'Museo Conte']",San Zeno,strategy_nearest,False,0.003520965576171875,success
04CD213A9C4C84,3,"['Arena', 'Casa Giulietta']",Torre Lamberti,"['Sighseeing', 'Centro Fotografia', 'Museo Conte', 'Palazzo della Ragione', 'AMO']",Santa Anastasia,strategy_nearest,False,0.0023877620697021484,success
04CD21429C4C80,0,"['Arena', 'Casa Giulietta']",San Fermo,"['Museo Storia', 'Museo Radio', 'Centro Fotografia', 'Sighseeing', 'Torre Lamberti']",Torre Lamberti,strategy_nearest,True,0.0041730403900146484,success
04CD224A9C4C80,3,"['Castelvecchio', 'Arena', 'Museo Lapidario', 'San Fermo']",Museo Storia,"['Museo Radio', 'Casa Giulietta', 'Centro Fotografia', 'Tomba Giulietta', 'Torre Lamberti']",Torre Lamberti,strategy_nearest,True,0.0019681453704833984,success
04CD23429C4C84,2,['Castelvecchio'],Duomo,"['AMO', 'Museo Miniscalchi', 'Santa Anastasia', 'Teatro Romano', 'Palazzo della Ragione']",Teatro Romano,strategy_nearest,True,0.003306150436401367,success
04CD283A9C4C80,0,['Giardino Giusti'],Arena,"['Verona Tour', 'Museo Lapidario', 'Museo Radio', 'San Fermo', 'Casa Giulietta']",Castelvecchio,strategy_nearest,False,0.0029718875885009766,success
04CD3A429C4C80,0,['Arena'],Casa Giulietta,"['Centro Fotografia', 'Sighseeing', 'Torre Lamberti', 'Museo Conte', 'Museo Radio']",Teatro Romano,strategy_nearest,False,0.0033349990844726562,success
04CD46429C4C80,3,"['Castelvecchio', 'Casa Giulietta']",Torre Lamberti,"['Sighseeing', 'Centro Fotografia', 'Museo Conte', 'Palazzo della Ragione', 'AMO']",Santa Anastasia,strategy_nearest,False,0.003275156021118164,success
04CD48429C4C80,3,"['Museo Lapidario', 'Arena', 'Castelvecchio', 'Tomba Giulietta']",Casa Giulietta,"['Centro Fotografia', 'Sighseeing', 'Torre Lamberti', 'Museo Conte', 'Museo Radio']",Torre Lamberti,strategy_nearest,True,0.0019588470458984375,success
04CD29429C4C80,2,"['Duomo', 'Torre Lamberti', 'Palazzo della Ragione', 'Casa Giulietta']",San Fermo,"['Museo Storia', 'Museo Radio', 'Centro Fotografia', 'Arena', 'Sighseeing']",Museo Storia,strategy_nearest,True,0.0028128623962402344,success
04CD573A9C4C80,3,"['Arena', 'Casa Giulietta', 'San Fermo', 'Tomba Giulietta']",Torre Lamberti,"['Sighseeing', 'Centro Fotografia', 'Museo Conte', 'Palazzo della Ragione', 'AMO']",Castelvecchio,strategy_nearest,False,0.0020971298217773438,success
04CD54429C4C80,3,"['Santa Anastasia', 'Casa Giulietta']",San Fermo,"['Museo Storia', 'Museo Radio', 'Centro Fotografia', 'Arena', 'Sighseeing']",Arena,strategy_nearest,True,0.0028018951416015625,success
04CD4C3A9C4C80,3,"['Castelvecchio', 'Arena']",Casa Giulietta,"['Centro Fotografia', 'Sighseeing', 'Torre Lamberti', 'Museo Conte', 'Museo Radio']",Santa Anastasia,strategy_nearest,False,0.0016069412231445312,success
04CD4D429C4C80,3,"['Casa Giulietta', 'Tomba Giulietta']",San Zeno,"['Castelvecchio', 'Verona Tour', 'Museo Lapidario', 'Arena', 'Museo Miniscalchi']",Arena,strategy_nearest,True,0.003448963165283203,success
04CD633A9C4C80,1,"['Palazzo della Ragione', 'Casa Giulietta', 'Arena', 'Castelvecchio']",Duomo,"['AMO', 'Museo Miniscalchi', 'Santa Anastasia', 'Teatro Romano', 'Museo Conte']",Santa Anastasia,strategy_nearest,True,0.0027968883514404297,success
04CD7A429C4C80,1,['Arena'],Casa Giulietta,"['Centro Fotografia', 'Sighseeing', 'Torre Lamberti', 'Museo Conte', 'Museo Radio']",Palazzo della Ragione,strategy_nearest,False,0.002119779586791992,success
04CD7B3A9C4C80,3,"['Arena', 'Casa Giulietta']",Torre Lamberti,"['Sighseeing', 'Centro Fotografia', 'Museo Conte', 'Palazzo della Ragione', 'AMO']",Santa Anastasia,strategy_nearest,False,0.0026929378509521484,success
04CD7A4A9C4C80,0,['Castelvecchio'],Torre Lamberti,"['Sighseeing', 'Centro Fotografia', 'Museo Conte', 'Casa Giulietta', 'Palazzo della Ragione']",Arena,strategy_nearest,False,0.003361940383911133,success
04CD7E429C4C80,0,['Arena'],Casa Giulietta,"['Centro Fotografia', 'Sighseeing', 'Torre Lamberti', 'Museo Conte', 'Museo Radio']",Torre Lamberti,strategy_nearest,True,0.002763032913208008,success
04CD7C429C4C80,3,"['Arena', 'Castelvecchio']",Duomo,"['AMO', 'Museo Miniscalchi', 'Santa Anastasia', 'Teatro Romano', 'Palazzo della Ragione']",Santa Anastasia,strategy_nearest,True,0.002763032913208008,success
04CD844A9C4C80,3,"['Santa Anastasia', 'Casa Giulietta']",San Fermo,"['Museo Storia', 'Museo Radio', 'Centro Fotografia', 'Arena', 'Sighseeing']",Tomba Giulietta,strategy_nearest,False,0.003172636032104492,success
04CD80429C4C80,2,['Casa Giulietta'],Torre Lamberti,"['Sighseeing', 'Centro Fotografia', 'Museo Conte', 'Palazzo della Ragione', 'AMO']",Castelvecchio,strategy_nearest,False,0.0027840137481689453,success
04CD87429C4C80,3,"['Arena', 'Torre Lamberti']",Casa Giulietta,"['Centro Fotografia', 'Sighseeing', 'Museo Conte', 'Museo Radio', 'Palazzo della Ragione']",Santa Anastasia,strategy_nearest,False,0.0027408599853515625,success
04CD874A9C4C80,0,"['Castelvecchio', 'Arena', 'Tomba Giulietta']",San Fermo,"['Museo Storia', 'Museo Radio', 'Casa Giulietta', 'Centro Fotografia', 'Sighseeing']",Casa Giulietta,strategy_nearest,True,0.0013887882232666016,success
04CD88429C4C80,1,"['Casa Giulietta', 'Torre Lamberti', 'Palazzo della Ragione', 'Santa Anastasia']",Duomo,"['AMO', 'Museo Miniscalchi', 'Teatro Romano', 'Museo Conte', 'Centro Fotografia']",Teatro Romano,strategy_nearest,True,0.0032448768615722656,success
04CD853A9C4C80,3,"['Arena', 'Museo Lapidario', 'Castelvecchio']",Duomo,"['AMO', 'Museo Miniscalchi', 'Santa Anastasia', 'Teatro Romano', 'Palazzo della Ragione']",Teatro Romano,strategy_nearest,True,0.003220081329345703,success
04CD934A9C4C80,2,"['Santa Anastasia', 'San Fermo']",Museo Storia,"['Museo Radio', 'Casa Giulietta', 'Centro Fotografia', 'Tomba Giulietta', 'Arena']",Teatro Romano,strategy_nearest,False,0.002142190933227539,success
04CD914A9C4C80,0,"['Arena', 'Casa Giulietta']",Torre Lamberti,"['Sighseeing', 'Centro Fotografia', 'Museo Conte', 'Palazzo della Ragione', 'AMO']",Duomo,strategy_nearest,False,0.0027799606323242188,success
04CD944A9C4C80,1,"['Arena', 'San Fermo', 'Casa Giulietta']",Torre Lamberti,"['Sighseeing', 'Centro Fotografia', 'Museo Conte', 'Palazzo della Ragione', 'AMO']",Palazzo della Ragione,strategy_nearest,True,0.002627134323120117,success
04CD9D4A9C4C80,1,"['Arena', 'Torre Lamberti']",Palazzo della Ragione,"['AMO', 'Museo Conte', 'Centro Fotografia', 'Sighseeing', 'Santa Anastasia']",Casa Giulietta,strategy_nearest,False,0.003371000289916992,success
04CDA24A9C4C80,0,"['Castelvecchio', 'Casa Giulietta', 'Arena']",Museo Lapidario,"['Verona Tour', 'Museo Radio', 'San Fermo', 'Tomba Giulietta', 'Sighseeing']",Tomba Giulietta,strategy_nearest,True,0.0025777816772460938,success
04CD9F4A9C4C80,2,"['Casa Giulietta', 'Torre Lamberti', 'Torre Lamberti']",Santa Anastasia,"['AMO', 'Museo Conte', 'Palazzo della Ragione', 'Teatro Romano', 'Centro Fotografia']",Teatro Romano,strategy_nearest,True,0.0018343925476074219,success
04CDA53A9C4C80,3,"['Arena', 'San Fermo']",Torre Lamberti,"['Sighseeing', 'Centro Fotografia', 'Museo Conte', 'Casa Giulietta', 'Palazzo della Ragione']",Teatro Romano,strategy_nearest,False,0.004037141799926758,success
04CDA8429C4C80,2,['Torre Lamberti'],Casa Giulietta,"['Centro Fotografia', 'Sighseeing', 'Museo Conte', 'Museo Radio', 'Palazzo della Ragione']",Tomba Giulietta,strategy_nearest,False,0.0037560462951660156,success
04CDAB4A9C4C80,0,"['Arena', 'Museo Lapidario']",Castelvecchio,"['Verona Tour', 'Museo Radio', 'San Zeno', 'Sighseeing', 'Museo Miniscalchi']",Teatro Romano,strategy_nearest,False,0.002917766571044922,success
04CDB13A9C4C80,1,"['Castelvecchio', 'Arena', 'Museo Lapidario', 'Casa Giulietta']",Torre Lamberti,"['Sighseeing', 'Centro Fotografia', 'Museo Conte', 'Palazzo della Ragione', 'AMO']",Palazzo della Ragione,strategy_nearest,True,0.0022771358489990234,success
04CDB33A9C4C80,3,['Arena'],Casa Giulietta,"['Centro Fotografia', 'Sighseeing', 'Torre Lamberti', 'Museo Conte', 'Museo Radio']",Torre Lamberti,strategy_nearest,True,0.0034427642822265625,success
04CDBA3A9C4C80,3,"['Arena', 'Casa Giulietta']",Torre Lamberti,"['Sighseeing', 'Centro Fotografia', 'Museo Conte', 'Palazzo della Ragione', 'AMO']",Duomo,strategy_nearest,False,0.0014872550964355469,success
04CDBC3A9C4C80,2,['Casa Giulietta'],Santa Anastasia,"['AMO', 'Museo Conte', 'Palazzo della Ragione', 'Teatro Romano', 'Centro Fotografia']",Duomo,strategy_nearest,False,0.0021529197692871094,success
04CDC13A9C4C80,3,"['Arena', 'Torre Lamberti']",Santa Anastasia,"['AMO', 'Museo Conte', 'Palazzo della Ragione', 'Teatro Romano', 'Centro Fotografia']",Duomo,strategy_nearest,False,0.0013802051544189453,success
04CDC93A9C4C80,2,"['Torre Lamberti', 'Palazzo della Ragione', 'Casa Giulietta']",San Fermo,"['Museo Storia', 'Museo Radio', 'Centro Fotografia', 'Arena', 'Sighseeing']",Santa Anastasia,strategy_nearest,False,0.003238201141357422,success
04CDBF3A9C4C80,3,"['Arena', 'Museo Lapidario']",San Fermo,"['Museo Storia', 'Museo Radio', 'Casa Giulietta', 'Centro Fotografia', 'Sighseeing']",Duomo,strategy_nearest,False,0.0027947425842285156,success
04CDD03A9C4C80,3,"['Arena', 'San Fermo']",Castelvecchio,"['Museo Lapidario', 'Verona Tour', 'Museo Radio', 'San Zeno', 'Sighseeing']",Duomo,strategy_nearest,False,0.002221822738647461,success
04CDF0429C4C80,3,"['Castelvecchio', 'Arena']",Santa Anastasia,"['AMO', 'Museo Conte', 'Palazzo della Ragione', 'Teatro Romano', 'Centro Fotografia']",Teatro Romano,strategy_nearest,True,0.0020139217376708984,success
04CDEF429C4C80,3,"['Castelvecchio', 'Arena', 'Casa Giulietta']",Torre Lamberti,"['Sighseeing', 'Centro Fotografia', 'Museo Conte', 'Palazzo della Ragione', 'AMO']",San Zeno,strategy_nearest,False,0.0026531219482421875,success
04CDD1429C4C80,3,"['Teatro Romano', 'Giardino Giusti']",Arena,"['Verona Tour', 'Museo Lapidario', 'Museo Radio', 'San Fermo', 'Casa Giulietta']",Santa Anastasia,strategy_nearest,False,0.004007816314697266,success
04CE0F429C4C80,0,['Castelvecchio'],Casa Giulietta,"['Centro Fotografia', 'Sighseeing', 'Torre Lamberti', 'Museo Conte', 'Museo Radio']",Arena,strategy_nearest,False,0.0024080276489257812,success
04CE053A9C4C84,3,"['Arena', 'San Fermo']",Casa Giulietta,"['Centro Fotografia', 'Sighseeing', 'Torre Lamberti', 'Museo Conte', 'Museo Radio']",Torre Lamberti,strategy_nearest,True,0.003216981887817383,success
04CE11429C4C84,3,"['Arena', 'San Fermo', 'Casa Giulietta']",Torre Lamberti,"['Sighseeing', 'Centro Fotografia', 'Museo Conte', 'Palazzo della Ragione', 'AMO']",Teatro Romano,strategy_nearest,False,0.003178834915161133,success
04CE164A9C4C80,3,"['Arena', 'Museo Lapidario', 'Casa Giulietta']",Torre Lamberti,"['Sighseeing', 'Centro Fotografia', 'Museo Conte', 'Palazzo della Ragione', 'AMO']",Santa Anastasia,strategy_nearest,False,0.002685070037841797,success
04CE123A9C4C84,1,['Arena'],Palazzo della Ragione,"['AMO', 'Museo Conte', 'Torre Lamberti', 'Centro Fotografia', 'Sighseeing']",Torre Lamberti,strategy_nearest,True,0.00363922119140625,success
04CE14429C4C84,2,['Castelvecchio'],Torre Lamberti,"['Sighseeing', 'Centro Fotografia', 'Museo Conte', 'Casa Giulietta', 'Palazzo della Ragione']",Giardino Giusti,strategy_nearest,False,0.0021429061889648438,success
04CE18429C4C80,1,"['Castelvecchio', 'Santa Anastasia', 'Torre Lamberti']",Casa Giulietta,"['Centro Fotografia', 'Sighseeing', 'Museo Conte', 'Museo Radio', 'Palazzo della Ragione']",Arena,strategy_nearest,False,0.0032269954681396484,success
04CE1D429C4C80,3,['Arena'],Santa Anastasia,"['AMO', 'Museo Conte', 'Palazzo della Ragione', 'Teatro Romano', 'Centro Fotografia']",Giardino Giusti,strategy_nearest,False,0.0022461414337158203,success
04CE203A9C4C80,3,"['Arena', 'Casa Giulietta']",Santa Anastasia,"['AMO', 'Museo Conte', 'Palazzo della Ragione', 'Teatro Romano', 'Centro Fotografia']",Torre Lamberti,strategy_nearest,False,0.003590822219848633,success
04CE19429C4C84,1,"['Castelvecchio', 'Casa Giulietta', 'Torre Lamberti']",Arena,"['Verona Tour', 'Museo Lapidario', 'Museo Radio', 'San Fermo', 'Sighseeing']",Museo Lapidario,strategy_nearest,True,0.003173828125,success
04CE1F429C4C84,0,['Arena'],Torre Lamberti,"['Sighseeing', 'Centro Fotografia', 'Museo Conte', 'Casa Giulietta', 'Palazzo della Ragione']",Castelvecchio,strategy_nearest,False,0.0030601024627685547,success
04CE243A9C4C84,3,"['Arena', 'Torre Lamberti']",Santa Anastasia,"['AMO', 'Museo Conte', 'Palazzo della Ragione', 'Teatro Romano', 'Centro Fotografia']",Teatro Romano,strategy_nearest,True,0.002167940139770508,success
04CE21429C4C84,3,"['Casa Giulietta', 'Casa Giulietta', 'Arena', 'Museo Lapidario', 'Santa Anastasia']",Duomo,"['AMO', 'Museo Miniscalchi', 'Teatro Romano', 'Palazzo della Ragione', 'Museo Conte']",Castelvecchio,strategy_nearest,False,0.0020737648010253906,success
04CE23429C4C84,3,"['Torre Lamberti', 'Arena']",Santa Anastasia,"['AMO', 'Museo Conte', 'Palazzo della Ragione', 'Teatro Romano', 'Centro Fotografia']",Duomo,strategy_nearest,False,0.002843141555786133,success
04CE2C3A9C4C80,3,['Arena'],Castelvecchio,"['Museo Lapidario', 'Verona Tour', 'Museo Radio', 'San Zeno', 'Sighseeing']",Santa Anastasia,strategy_nearest,False,0.003374814987182617,success
04CE33429C4C80,0,['Arena'],Casa Giulietta,"['Centro Fotografia', 'Sighseeing', 'Torre Lamberti', 'Museo Conte', 'Museo Radio']",Torre Lamberti,strategy_nearest,True,0.001909017562866211,success
04CE2E4A9C4C80,3,"['Torre Lamberti', 'Casa Giulietta', 'Castelvecchio']",San Fermo,"['Museo Storia', 'Museo Radio', 'Centro Fotografia', 'Arena', 'Sighseeing']",Santa Anastasia,strategy_nearest,False,0.0020821094512939453,success
04CE32429C4C80,2,['San Zeno'],Torre Lamberti,"['Sighseeing', 'Centro Fotografia', 'Museo Conte', 'Casa Giulietta', 'Palazzo della Ragione']",Giardino Giusti,strategy_nearest,False,0.003255128860473633,success
04CE4B3A9C4C80,0,['Castelvecchio'],Duomo,"['AMO', 'Museo Miniscalchi', 'Santa Anastasia', 'Teatro Romano', 'Palazzo della Ragione']",Giardino Giusti,strategy_nearest,False,0.0023069381713867188,success
04CE3E429C4C80,2,['Duomo'],Santa Anastasia,"['AMO', 'Museo Conte', 'Palazzo della Ragione', 'Teatro Romano', 'Centro Fotografia']",Torre Lamberti,strategy_nearest,False,0.001992940902709961,success
04CE34429C4C80,3,"['Arena', 'San Fermo']",Torre Lamberti,"['Sighseeing', 'Centro Fotografia', 'Museo Conte', 'Casa Giulietta', 'Palazzo della Ragione']",Santa Anastasia,strategy_nearest,False,0.003686189651489258,success
04CE45429C4C80,0,['Arena'],Casa Giulietta,"['Centro Fotografia', 'Sighseeing', 'Torre Lamberti', 'Museo Conte', 'Museo Radio']",Santa Anastasia,strategy_nearest,False,0.003476858139038086,success
04CE663A9C4C80,0,['Casa Giulietta'],Arena,"['Verona Tour', 'Museo Lapidario', 'Museo Radio', 'San Fermo', 'Sighseeing']",Teatro Romano,strategy_nearest,False,0.002733945846557617,success
04CE793A9C4C80,0,['Arena'],Casa Giulietta,"['Centro Fotografia', 'Sighseeing', 'Torre Lamberti', 'Museo Conte', 'Museo Radio']",Duomo,strategy_nearest,False,0.0014011859893798828,success
04CE7A429C4C80,2,"['Casa Giulietta', 'Torre Lamberti']",Santa Anastasia,"['AMO', 'Museo Conte', 'Palazzo della Ragione', 'Teatro Romano', 'Centro Fotografia']",Teatro Romano,strategy_nearest,True,0.0031981468200683594,success
04CE5F3A9C4C80,0,['Arena'],Casa Giulietta,"['Centro Fotografia', 'Sighseeing', 'Torre Lamberti', 'Museo Conte', 'Museo Radio']",Torre Lamberti,strategy_nearest,True,0.003385305404663086,success
04CE81429C4C80,0,['Arena'],Casa Giulietta,"['Centro Fotografia', 'Sighseeing', 'Torre Lamberti', 'Museo Conte', 'Museo Radio']",San Fermo,strategy_nearest,False,0.0022411346435546875,success
04CE84429C4C80,0,['Tomba Giulietta'],Arena,"['Verona Tour', 'Museo Lapidario', 'Museo Radio', 'San Fermo', 'Casa Giulietta']",Casa Giulietta,strategy_nearest,True,0.0027730464935302734,success
04CE7C4A9C4C80,1,['Arena'],Casa Giulietta,"['Centro Fotografia', 'Sighseeing', 'Torre Lamberti', 'Museo Conte', 'Museo Radio']",Torre Lamberti,strategy_nearest,True,0.00470423698425293,success
04CE82429C4C80,0,['Castelvecchio'],Duomo,"['AMO', 'Museo Miniscalchi', 'Santa Anastasia', 'Teatro Romano', 'Palazzo della Ragione']",Arena,strategy_nearest,False,0.00154876708984375,success
04CE924A9C4C80,0,['Arena'],San Fermo,"['Museo Storia', 'Museo Radio', 'Casa Giulietta', 'Centro Fotografia', 'Sighseeing']",Casa Giulietta,strategy_nearest,True,0.0022249221801757812,success
04CE8B4A9C4C80,1,['Arena'],Palazzo della Ragione,"['AMO', 'Museo Conte', 'Torre Lamberti', 'Centro Fotografia', 'Sighseeing']",Castelvecchio,strategy_nearest,False,0.003465890884399414,success
04CE974A9C4C80,1,"['Arena', 'Casa Giulietta']",Palazzo della Ragione,"['AMO', 'Museo Conte', 'Torre Lamberti', 'Centro Fotografia', 'Sighseeing']",Teatro Romano,strategy_nearest,False,0.0026810169219970703,success
04CE94429C4C80,3,"['Castelvecchio', 'Arena']",Torre Lamberti,"['Sighseeing', 'Centro Fotografia', 'Museo Conte', 'Casa Giulietta', 'Palazzo della Ragione']",Duomo,strategy_nearest,False,0.0016341209411621094,success
04CEA53A9C4C80,3,"['Arena', 'Castelvecchio']",Torre Lamberti,"['Sighseeing', 'Centro Fotografia', 'Museo Conte', 'Casa Giulietta', 'Palazzo della Ragione']",Casa Giulietta,strategy_nearest,True,0.0027840137481689453,success
04CEA14A9C4C80,3,"['Arena', 'San Fermo']",Teatro Romano,"['Santa Anastasia', 'Duomo', 'AMO', 'Palazzo della Ragione', 'Museo Conte']",Casa Giulietta,strategy_nearest,False,0.0015418529510498047,success
04CEA63A9C4C80,3,['Arena'],Duomo,"['AMO', 'Museo Miniscalchi', 'Santa Anastasia', 'Teatro Romano', 'Palazzo della Ragione']",Santa Anastasia,strategy_nearest,True,0.0033948421478271484,success
04CE9B4A9C4C80,3,"['Casa Giulietta', 'Torre Lamberti']",Duomo,"['AMO', 'Museo Miniscalchi', 'Santa Anastasia', 'Teatro Romano', 'Palazzo della Ragione']",Santa Anastasia,strategy_nearest,True,0.0023419857025146484,success
04CEC43A9C4C80,0,['Arena'],Castelvecchio,"['Museo Lapidario', 'Verona Tour', 'Museo Radio', 'San Zeno', 'Sighseeing']",Casa Giulietta,strategy_nearest,False,0.002576112747192383,success
04CEAC3A9C4C80,0,"['Casa Giulietta', 'Arena', 'Museo Lapidario']",Castelvecchio,"['Verona Tour', 'Museo Radio', 'San Zeno', 'Sighseeing', 'Museo Miniscalchi']",Teatro Romano,strategy_nearest,False,0.0021600723266601562,success
04CEBE3A9C4C80,0,['Arena'],San Fermo,"['Museo Storia', 'Museo Radio', 'Casa Giulietta', 'Centro Fotografia', 'Sighseeing']",Casa Giulietta,strategy_nearest,True,0.003298044204711914,success
04CEB2429C4C80,0,['Arena'],Casa Giulietta,"['Centro Fotografia', 'Sighseeing', 'Torre Lamberti', 'Museo Conte', 'Museo Radio']",Torre Lamberti,strategy_nearest,True,0.0027370452880859375,success
04CECA3A9C4C80,0,['Castelvecchio'],Arena,"['Verona Tour', 'Museo Lapidario', 'Museo Radio', 'San Fermo', 'Casa Giulietta']",Teatro Romano,strategy_nearest,False,0.0021419525146484375,success
04CEC63A9C4C80,3,"['Arena', 'San Fermo']",Torre Lamberti,"['Sighseeing', 'Centro Fotografia', 'Museo Conte', 'Casa Giulietta', 'Palazzo della Ragione']",Santa Anastasia,strategy_nearest,False,0.0016260147094726562,success
04CEC5429C4C80,1,"['Arena', 'Casa Giulietta', 'Torre Lamberti', 'Palazzo della Ragione']",Museo Lapidario,"['Verona Tour', 'Castelvecchio', 'Museo Radio', 'San Fermo', 'Tomba Giulietta']",Castelvecchio,strategy_nearest,True,0.002850055694580078,success
04CED33A9C4C80,0,"['Torre Lamberti', 'Teatro Romano']",Arena,"['Verona Tour', 'Museo Lapidario', 'Museo Radio', 'San Fermo', 'Casa Giulietta']",Castelvecchio,strategy_nearest,False,0.003284931182861328,success
04CEF7429C4C80,3,"['Castelvecchio', 'Giardino Giusti']",Torre Lamberti,"['Sighseeing', 'Centro Fotografia', 'Museo Conte', 'Casa Giulietta', 'Palazzo della Ragione']",Arena,strategy_nearest,False,0.002198934555053711,success
04CEF23A9C4C80,0,"['Arena', 'Casa Giulietta']",Torre Lamberti,"['Sighseeing', 'Centro Fotografia', 'Museo Conte', 'Palazzo della Ragione', 'AMO']",Duomo,strategy_nearest,False,0.003481149673461914,success
04CF093A9C4C84,0,['Arena'],Casa Giulietta,"['Centro Fotografia', 'Sighseeing', 'Torre Lamberti', 'Museo Conte', 'Museo Radio']",Santa Anastasia,strategy_nearest,False,0.001550912857055664,success
04CEFD3A9C4C80,0,['Arena'],Castelvecchio,"['Museo Lapidario', 'Verona Tour', 'Museo Radio', 'San Zeno', 'Sighseeing']",San Zeno,strategy_nearest,True,0.0028219223022460938,success
04CF0D4A9C4C80,0,['Arena'],Duomo,"['AMO', 'Museo Miniscalchi', 'Santa Anastasia', 'Teatro Romano', 'Palazzo della Ragione']",Teatro Romano,strategy_nearest,True,0.004040956497192383,success
04CF123A9C4C80,0,"['Arena', 'Museo Lapidario']",Castelvecchio,"['Verona Tour', 'Museo Radio', 'San Zeno', 'Sighseeing', 'Museo Miniscalchi']",Torre Lamberti,strategy_nearest,False,0.0021741390228271484,success
04CF1C3A9C4C80,3,"['Casa Giulietta', 'Santa Anastasia']",Arena,"['Verona Tour', 'Museo Lapidario', 'Museo Radio', 'San Fermo', 'Sighseeing']",Giardino Giusti,strategy_nearest,False,0.0032072067260742188,success
04CF1A3A9C4C80,3,"['Duomo', 'Santa Anastasia']",Casa Giulietta,"['Centro Fotografia', 'Sighseeing', 'Torre Lamberti', 'Museo Conte', 'Museo Radio']",Castelvecchio,strategy_nearest,False,0.0015330314636230469,success
04CF21429C4C84,3,"['Casa Giulietta', 'Torre Lamberti']",Arena,"['Verona Tour', 'Museo Lapidario', 'Museo Radio', 'San Fermo', 'Sighseeing']",Santa Anastasia,strategy_nearest,False,0.0029680728912353516,success
04CF273A9C4C84,0,['Arena'],Museo Lapidario,"['Verona Tour', 'Castelvecchio', 'Museo Radio', 'San Fermo', 'Casa Giulietta']",Castelvecchio,strategy_nearest,True,0.0034132003784179688,success
04CF244A9C4C80,3,"['Arena', 'Santa Anastasia', 'Teatro Romano']",Torre Lamberti,"['Sighseeing', 'Centro Fotografia', 'Museo Conte', 'Casa Giulietta', 'Palazzo della Ragione']",Castelvecchio,strategy_nearest,False,0.0023059844970703125,success
04CF20429C4C80,0,['Giardino Giusti'],Arena,"['Verona Tour', 'Museo Lapidario', 'Museo Radio', 'San Fermo', 'Casa Giulietta']",Santa Anastasia,strategy_nearest,False,0.0016150474548339844,success
04CF37429C4C80,2,"['Tomba Giulietta', 'Torre Lamberti']",Santa Anastasia,"['AMO', 'Museo Conte', 'Palazzo della Ragione', 'Teatro Romano', 'Centro Fotografia']",Duomo,strategy_nearest,False,0.0016732215881347656,success
04CF384A9C4C80,3,"['Arena', 'Castelvecchio']",San Zeno,"['Verona Tour', 'Museo Lapidario', 'Museo Miniscalchi', 'Sighseeing', 'Museo Radio']",San Fermo,strategy_nearest,False,0.002820730209350586,success
04CF453A9C4C80,0,['Arena'],Castelvecchio,"['Museo Lapidario', 'Verona Tour', 'Museo Radio', 'San Zeno', 'Sighseeing']",Teatro Romano,strategy_nearest,False,0.0020971298217773438,success
04CF46429C4C80,2,"['Tomba Giulietta', 'San Fermo']",Casa Giulietta,"['Centro Fotografia', 'Sighseeing', 'Torre Lamberti', 'Museo Conte', 'Museo Radio']",Torre Lamberti,strategy_nearest,True,0.0034890174865722656,success
04CF4D3A9C4C80,2,['Torre Lamberti'],Casa Giulietta,"['Centro Fotografia', 'Sighseeing', 'Museo Conte', 'Museo Radio', 'Palazzo della Ragione']",Santa Anastasia,strategy_nearest,False,0.002306222915649414,success
04CF6C3A9C4C80,3,"['Arena', 'Museo Lapidario']",Castelvecchio,"['Verona Tour', 'Museo Radio', 'San Zeno', 'Sighseeing', 'Museo Miniscalchi']",Duomo,strategy_nearest,False,0.0024340152740478516,success
04CF67429C4C80,2,['San Zeno'],Duomo,"['AMO', 'Museo Miniscalchi', 'Santa Anastasia', 'Teatro Romano', 'Palazzo della Ragione']",Castelvecchio,strategy_nearest,False,0.0026788711547851562,success
04CF71429C4C80,0,['San Fermo'],Casa Giulietta,"['Centro Fotografia', 'Sighseeing', 'Torre Lamberti', 'Museo Conte', 'Museo Radio']",Arena,strategy_nearest,False,0.002439260482788086,success
04CF793A9C4C80,3,"['Castelvecchio', 'Torre Lamberti']",Santa Anastasia,"['AMO', 'Museo Conte', 'Palazzo della Ragione', 'Teatro Romano', 'Centro Fotografia']",Duomo,strategy_nearest,False,0.0033431053161621094,success
04CF7D3A9C4C80,3,"['Arena', 'Casa Giulietta']",Torre Lamberti,"['Sighseeing', 'Centro Fotografia', 'Museo Conte', 'Palazzo della Ragione', 'AMO']",Santa Anastasia,strategy_nearest,False,0.0027608871459960938,success
04CF7F4A9C4C80,0,['Arena'],Torre Lamberti,"['Sighseeing', 'Centro Fotografia', 'Museo Conte', 'Casa Giulietta', 'Palazzo della Ragione']",Casa Giulietta,strategy_nearest,True,0.0031709671020507812,success
04CF7C429C4C80,3,"['Arena', 'San Fermo']",Santa Anastasia,"['AMO', 'Museo Conte', 'Palazzo della Ragione', 'Teatro Romano', 'Centro Fotografia']",Casa Giulietta,strategy_nearest,False,0.0026009082794189453,success
04CF82429C4C80,0,['Arena'],Casa Giulietta,"['Centro Fotografia', 'Sighseeing', 'Torre Lamberti', 'Museo Conte', 'Museo Radio']",Torre Lamberti,strategy_nearest,True,0.0019450187683105469,success
04CF81429C4C80,3,"['Arena', 'Castelvecchio']",San Zeno,"['Verona Tour', 'Museo Lapidario', 'Museo Miniscalchi', 'Sighseeing', 'Museo Radio']",Duomo,strategy_nearest,False,0.0026731491088867188,success
04CF84429C4C80,3,['Arena'],Casa Giulietta,"['Centro Fotografia', 'Sighseeing', 'Torre Lamberti', 'Museo Conte', 'Museo Radio']",Torre Lamberti,strategy_nearest,True,0.002591848373413086,success
04CF893A9C4C80,1,"['Arena', 'Museo Lapidario', 'Casa Giulietta', 'Santa Anastasia']",Duomo,"['AMO', 'Museo Miniscalchi', 'Teatro Romano', 'Palazzo della Ragione', 'Museo Conte']",Torre Lamberti,strategy_nearest,False,0.0022237300872802734,success
04CF894A9C4C80,0,"['Museo Lapidario', 'Torre Lamberti']",Casa Giulietta,"['Centro Fotografia', 'Sighseeing', 'Museo Conte', 'Museo Radio', 'Palazzo della Ragione']",Arena,strategy_nearest,False,0.0033991336822509766,success
04CF8D4A9C4C80,0,['Arena'],Torre Lamberti,"['Sighseeing', 'Centro Fotografia', 'Museo Conte', 'Casa Giulietta', 'Palazzo della Ragione']",Castelvecchio,strategy_nearest,False,0.0027158260345458984,success
04CF853A9C4C80,0,['Arena'],Casa Giulietta,"['Centro Fotografia', 'Sighseeing', 'Torre Lamberti', 'Museo Conte', 'Museo Radio']",Giardino Giusti,strategy_nearest,False,0.003000974655151367,success
04CF9B4A9C4C80,1,"['Casa Giulietta', 'Torre Lamberti']",Palazzo della Ragione,"['AMO', 'Museo Conte', 'Centro Fotografia', 'Sighseeing', 'Santa Anastasia']",Arena,strategy_nearest,False,0.001519918441772461,success
04CF9A429C4C80,0,"['Arena', 'Castelvecchio']",San Zeno,"['Verona Tour', 'Museo Lapidario', 'Museo Miniscalchi', 'Sighseeing', 'Museo Radio']",Teatro Romano,strategy_nearest,False,0.0021829605102539062,success
04CF954A9C4C80,1,['Arena'],Torre Lamberti,"['Sighseeing', 'Centro Fotografia', 'Museo Conte', 'Casa Giulietta', 'Palazzo della Ragione']",Palazzo della Ragione,strategy_nearest,True,0.002858877182006836,success
04CF924A9C4C80,3,"['Arena', 'Casa Giulietta']",Torre Lamberti,"['Sighseeing', 'Centro Fotografia', 'Museo Conte', 'Palazzo della Ragione', 'AMO']",Santa Anastasia,strategy_nearest,False,0.003529071807861328,success
04CFA0429C4C80,3,"['Arena', 'Casa Giulietta']",Torre Lamberti,"['Sighseeing', 'Centro Fotografia', 'Museo Conte', 'Palazzo della Ragione', 'AMO']",Santa Anastasia,strategy_nearest,False,0.0026788711547851562,success
04CFA63A9C4C80,0,['Arena'],Casa Giulietta,"['Centro Fotografia', 'Sighseeing', 'Torre Lamberti', 'Museo Conte', 'Museo Radio']",Duomo,strategy_nearest,False,0.0027408599853515625,success
04CFA94A9C4C80,0,['Arena'],Teatro Romano,"['Santa Anastasia', 'Duomo', 'AMO', 'Palazzo della Ragione', 'Museo Conte']",Castelvecchio,strategy_nearest,False,0.003331899642944336,success
04CFA44A9C4C80,3,['Arena'],Casa Giulietta,"['Centro Fotografia', 'Sighseeing', 'Torre Lamberti', 'Museo Conte', 'Museo Radio']",Santa Anastasia,strategy_nearest,False,0.002936124801635742,success
04CFAA429C4C80,3,"['Arena', 'Torre Lamberti']",Santa Anastasia,"['AMO', 'Museo Conte', 'Palazzo della Ragione', 'Teatro Romano', 'Centro Fotografia']",Duomo,strategy_nearest,False,0.0027778148651123047,success
04CFB1429C4C80,0,['Arena'],Torre Lamberti,"['Sighseeing', 'Centro Fotografia', 'Museo Conte', 'Casa Giulietta', 'Palazzo della Ragione']",Casa Giulietta,strategy_nearest,True,0.0012691020965576172,success
04CFC03A9C4C80,3,"['Arena', 'Museo Lapidario', 'San Fermo']",Casa Giulietta,"['Centro Fotografia', 'Sighseeing', 'Torre Lamberti', 'Museo Conte', 'Museo Radio']",Duomo,strategy_nearest,False,0.003326892852783203,success
04CFAB3A9C4C80,0,['Arena'],Casa Giulietta,"['Centro Fotografia', 'Sighseeing', 'Torre Lamberti', 'Museo Conte', 'Museo Radio']",Torre Lamberti,strategy_nearest,True,0.0034461021423339844,success
04CFC5429C4C80,3,"['Arena', 'Torre Lamberti']",Casa Giulietta,"['Centro Fotografia', 'Sighseeing', 'Museo Conte', 'Museo Radio', 'Palazzo della Ragione']",Santa Anastasia,strategy_nearest,False,0.002791881561279297,success
04CFD6429C4C80,2,['Castelvecchio'],Santa Anastasia,"['AMO', 'Museo Conte', 'Palazzo della Ragione', 'Teatro Romano', 'Centro Fotografia']",Teatro Romano,strategy_nearest,True,0.0020890235900878906,success
04CFC83A9C4C80,2,['Casa Giulietta'],Torre Lamberti,"['Sighseeing', 'Centro Fotografia', 'Museo Conte', 'Palazzo della Ragione', 'AMO']",San Fermo,strategy_nearest,False,0.0027608871459960938,success
04CFDC429C4C80,3,"['Duomo', 'Arena']",Torre Lamberti,"['Sighseeing', 'Centro Fotografia', 'Museo Conte', 'Casa Giulietta', 'Palazzo della Ragione']",Castelvecchio,strategy_nearest,False,0.003313302993774414,success
04CFF63A9C4C80,0,['Arena'],Torre Lamberti,"['Sighseeing', 'Centro Fotografia', 'Museo Conte', 'Casa Giulietta', 'Palazzo della Ragione']",Casa Giulietta,strategy_nearest,True,0.0015649795532226562,success
04CFEA3A9C4C80,3,"['Castelvecchio', 'Arena']",Casa Giulietta,"['Centro Fotografia', 'Sighseeing', 'Torre Lamberti', 'Museo Conte', 'Museo Radio']",Torre Lamberti,strategy_nearest,True,0.0040509700775146484,success
04CFEB3A9C4C80,0,['Arena'],Museo Lapidario,"['Verona Tour', 'Castelvecchio', 'Museo Radio', 'San Fermo', 'Casa Giulietta']",Casa Giulietta,strategy_nearest,True,0.0028219223022460938,success
04CFFF3A9C4C80,3,"['Arena', 'Museo Lapidario']",Casa Giulietta,"['Centro Fotografia', 'Sighseeing', 'Torre Lamberti', 'Museo Conte', 'Museo Radio']",Torre Lamberti,strategy_nearest,True,0.0032219886779785156,success
04D00E429C4C84,1,"['San Fermo', 'Santa Anastasia', 'Duomo']",Casa Giulietta,"['Centro Fotografia', 'Sighseeing', 'Torre Lamberti', 'Museo Conte', 'Museo Radio']",Arena,strategy_nearest,False,0.0013189315795898438,success
04D00B429C4C84,2,"['Tomba Giulietta', 'San Fermo']",Torre Lamberti,"['Sighseeing', 'Centro Fotografia', 'Museo Conte', 'Casa Giulietta', 'Palazzo della Ragione']",Teatro Romano,strategy_nearest,False,0.0021266937255859375,success
04D010429C4C84,2,['Casa Giulietta'],Torre Lamberti,"['Sighseeing', 'Centro Fotografia', 'Museo Conte', 'Palazzo della Ragione', 'AMO']",Santa Anastasia,strategy_nearest,False,0.0026197433471679688,success
04D0083A9C4C84,2,"['Casa Giulietta', 'Torre Lamberti']",Santa Anastasia,"['AMO', 'Museo Conte', 'Palazzo della Ragione', 'Teatro Romano', 'Centro Fotografia']",Duomo,strategy_nearest,False,0.0034089088439941406,success
04D0163A9C4C84,3,"['Arena', 'Museo Lapidario', 'Castelvecchio']",Santa Anastasia,"['AMO', 'Museo Conte', 'Palazzo della Ragione', 'Teatro Romano', 'Centro Fotografia']",Teatro Romano,strategy_nearest,True,0.002029895782470703,success
04D0104A9C4C80,3,"['Casa Giulietta', 'Arena']",Santa Anastasia,"['AMO', 'Museo Conte', 'Palazzo della Ragione', 'Teatro Romano', 'Centro Fotografia']",Duomo,strategy_nearest,False,0.0028052330017089844,success
04D011429C4C84,0,"['Arena', 'Museo Lapidario']",Castelvecchio,"['Verona Tour', 'Museo Radio', 'San Zeno', 'Sighseeing', 'Museo Miniscalchi']",Torre Lamberti,strategy_nearest,False,0.004016876220703125,success
04D015429C4C84,0,['Arena'],Casa Giulietta,"['Centro Fotografia', 'Sighseeing', 'Torre Lamberti', 'Museo Conte', 'Museo Radio']",Santa Anastasia,strategy_nearest,False,0.003471851348876953,success
04D0213A9C4C80,3,['Arena'],Casa Giulietta,"['Centro Fotografia', 'Sighseeing', 'Torre Lamberti', 'Museo Conte', 'Museo Radio']",Torre Lamberti,strategy_nearest,True,0.0027229785919189453,success
04D018429C4C84,0,['Duomo'],Casa Giulietta,"['Centro Fotografia', 'Sighseeing', 'Torre Lamberti', 'Museo Conte', 'Museo Radio']",Arena,strategy_nearest,False,0.003362894058227539,success
04D01D429C4C80,3,['Arena'],Santa Anastasia,"['AMO', 'Museo Conte', 'Palazzo della Ragione', 'Teatro Romano', 'Centro Fotografia']",Casa Giulietta,strategy_nearest,False,0.002010822296142578,success
04D0213A9C4C84,3,"['Arena', 'Santa Anastasia']",Duomo,"['AMO', 'Museo Miniscalchi', 'Teatro Romano', 'Palazzo della Ragione', 'Museo Conte']",San Zeno,strategy_nearest,False,0.003239870071411133,success
04D02C4A9C4C80,1,"['Arena', 'Torre Lamberti']",Palazzo della Ragione,"['AMO', 'Museo Conte', 'Centro Fotografia', 'Sighseeing', 'Santa Anastasia']",Castelvecchio,strategy_nearest,False,0.0013818740844726562,success
04D02B429C4C80,3,"['Arena', 'Torre Lamberti', 'Casa Giulietta']",Tomba Giulietta,"['San Fermo', 'Museo Storia', 'Museo Lapidario', 'Museo Radio', 'Verona Tour']",Teatro Romano,strategy_nearest,False,0.0033216476440429688,success
04D021429C4C84,3,"['Arena', 'San Fermo']",Casa Giulietta,"['Centro Fotografia', 'Sighseeing', 'Torre Lamberti', 'Museo Conte', 'Museo Radio']",Torre Lamberti,strategy_nearest,True,0.0027599334716796875,success
04D0254A9C4C80,3,"['Casa Giulietta', 'Arena']",Tomba Giulietta,"['San Fermo', 'Museo Storia', 'Museo Lapidario', 'Museo Radio', 'Verona Tour']",San Fermo,strategy_nearest,True,0.0027811527252197266,success
04D0343A9C4C80,1,['Santa Anastasia'],Arena,"['Verona Tour', 'Museo Lapidario', 'Museo Radio', 'San Fermo', 'Casa Giulietta']",Torre Lamberti,strategy_nearest,False,0.0020308494567871094,success
04D032429C4C80,0,"['Arena', 'Castelvecchio']",Teatro Romano,"['Santa Anastasia', 'Duomo', 'AMO', 'Palazzo della Ragione', 'Museo Conte']",San Fermo,strategy_nearest,False,0.002721071243286133,success
04D02D429C4C80,0,['Arena'],Castelvecchio,"['Museo Lapidario', 'Verona Tour', 'Museo Radio', 'San Zeno', 'Sighseeing']",San Zeno,strategy_nearest,True,0.002343893051147461,success
04D03E429C4C80,0,['Arena'],Casa Giulietta,"['Centro Fotografia', 'Sighseeing', 'Torre Lamberti', 'Museo Conte', 'Museo Radio']",Torre Lamberti,strategy_nearest,True,0.003220081329345703,success
04D0483A9C4C80,0,['Casa Giulietta'],Torre Lamberti,"['Sighseeing', 'Centro Fotografia', 'Museo Conte', 'Palazzo della Ragione', 'AMO']",Arena,strategy_nearest,False,0.0023908615112304688,success
04D0833A9C4C80,0,['Casa Giulietta'],Santa Anastasia,"['AMO', 'Museo Conte', 'Palazzo della Ragione', 'Teatro Romano', 'Centro Fotografia']",Arena,strategy_nearest,False,0.0025730133056640625,success
04D0533A9C4C80,0,"['Arena', 'Castelvecchio']",Teatro Romano,"['Santa Anastasia', 'Duomo', 'AMO', 'Palazzo della Ragione', 'Museo Conte']",Torre Lamberti,strategy_nearest,False,0.0035867691040039062,success
04D0834A9C4C80,1,['Arena'],Casa Giulietta,"['Centro Fotografia', 'Sighseeing', 'Torre Lamberti', 'Museo Conte', 'Museo Radio']",Palazzo della Ragione,strategy_nearest,False,0.0032210350036621094,success
04D087429C4C80,0,['Arena'],Casa Giulietta,"['Centro Fotografia', 'Sighseeing', 'Torre Lamberti', 'Museo Conte', 'Museo Radio']",Castelvecchio,strategy_nearest,False,0.0031120777130126953,success
04D08E4A9C4C80,1,"['Arena', 'Casa Giulietta']",Torre Lamberti,"['Sighseeing', 'Centro Fotografia', 'Museo Conte', 'Palazzo della Ragione', 'AMO']",Palazzo della Ragione,strategy_nearest,True,0.003637075424194336,success
04D0854A9C4C80,3,"['Casa Giulietta', 'Torre Lamberti']",Arena,"['Verona Tour', 'Museo Lapidario', 'Museo Radio', 'San Fermo', 'Sighseeing']",Castelvecchio,strategy_nearest,False,0.003576040267944336,success
04D08F429C4C80,0,['Arena'],Casa Giulietta,"['Centro Fotografia', 'Sighseeing', 'Torre Lamberti', 'Museo Conte', 'Museo Radio']",Torre Lamberti,strategy_nearest,True,0.0033168792724609375,success
04D09B4A9C4C80,0,"['Arena', 'Castelvecchio']",San Zeno,"['Verona Tour', 'Museo Lapidario', 'Museo Miniscalchi', 'Sighseeing', 'Museo Radio']",Teatro Romano,strategy_nearest,False,0.0026328563690185547,success
04D09E429C4C80,0,['Castelvecchio'],Arena,"['Verona Tour', 'Museo Lapidario', 'Museo Radio', 'San Fermo', 'Casa Giulietta']",Casa Giulietta,strategy_nearest,True,0.002399921417236328,success
04D0A04A9C4C80,0,['Arena'],Museo Lapidario,"['Verona Tour', 'Castelvecchio', 'Museo Radio', 'San Fermo', 'Casa Giulietta']",Santa Anastasia,strategy_nearest,False,0.0029969215393066406,success
04D090429C4C80,2,['Duomo'],Castelvecchio,"['Museo Lapidario', 'Verona Tour', 'Arena', 'Museo Radio', 'San Zeno']",San Zeno,strategy_nearest,True,0.0020596981048583984,success
04D0A14A9C4C80,3,"['Arena', 'San Fermo']",Teatro Romano,"['Santa Anastasia', 'Duomo', 'AMO', 'Palazzo della Ragione', 'Museo Conte']",Casa Giulietta,strategy_nearest,False,0.0016970634460449219,success
04D0B23A9C4C80,3,"['Casa Giulietta', 'Duomo']",Torre Lamberti,"['Sighseeing', 'Centro Fotografia', 'Museo Conte', 'Palazzo della Ragione', 'AMO']",San Zeno,strategy_nearest,False,0.003526926040649414,success
04D0C3429C4C80,3,['Arena'],Santa Anastasia,"['AMO', 'Museo Conte', 'Palazzo della Ragione', 'Teatro Romano', 'Centro Fotografia']",Torre Lamberti,strategy_nearest,False,0.0026619434356689453,success
04D0B13A9C4C80,2,['Castelvecchio'],Duomo,"['AMO', 'Museo Miniscalchi', 'Santa Anastasia', 'Teatro Romano', 'Palazzo della Ragione']",Teatro Romano,strategy_nearest,True,0.002939939498901367,success
04D0CF429C4C80,3,"['Teatro Romano', 'Duomo', 'Giardino Giusti']",Arena,"['Verona Tour', 'Museo Lapidario', 'Museo Radio', 'San Fermo', 'Casa Giulietta']",Santa Anastasia,strategy_nearest,False,0.0027871131896972656,success
04D0CC3A9C4C80,3,['Arena'],Santa Anastasia,"['AMO', 'Museo Conte', 'Palazzo della Ragione', 'Teatro Romano', 'Centro Fotografia']",Duomo,strategy_nearest,False,0.003055095672607422,success
04D0D1BA7B3F80,0,['Casa Giulietta'],Arena,"['Verona Tour', 'Museo Lapidario', 'Museo Radio', 'San Fermo', 'Sighseeing']",Giardino Giusti,strategy_nearest,False,0.002171754837036133,success
04D0E33A9C4C80,0,"['Teatro Romano', 'Museo Storia']",San Fermo,"['Museo Radio', 'Casa Giulietta', 'Centro Fotografia', 'Arena', 'Sighseeing']",Arena,strategy_nearest,True,0.003117084503173828,success
04D0FE3A9C4C80,0,"['Casa Giulietta', 'Castelvecchio']",Arena,"['Verona Tour', 'Museo Lapidario', 'Museo Radio', 'San Fermo', 'Sighseeing']",Teatro Romano,strategy_nearest,False,0.002834796905517578,success
04D0F6429C4C80,2,['Museo Lapidario'],Castelvecchio,"['Verona Tour', 'Arena', 'Museo Radio', 'San Zeno', 'Sighseeing']",Torre Lamberti,strategy_nearest,False,0.002691984176635742,success
04D1013A9C4C84,3,"['Arena', 'Castelvecchio']",Santa Anastasia,"['AMO', 'Museo Conte', 'Palazzo della Ragione', 'Teatro Romano', 'Centro Fotografia']",Duomo,strategy_nearest,False,0.00131988525390625,success
04D10B3A9C4C84,0,['Arena'],Casa Giulietta,"['Centro Fotografia', 'Sighseeing', 'Torre Lamberti', 'Museo Conte', 'Museo Radio']",Torre Lamberti,strategy_nearest,True,0.0033249855041503906,success
04D10D3A9C4C84,3,"['Tomba Giulietta', 'Arena', 'Castelvecchio']",Torre Lamberti,"['Sighseeing', 'Centro Fotografia', 'Museo Conte', 'Casa Giulietta', 'Palazzo della Ragione']",Santa Anastasia,strategy_nearest,False,0.002758026123046875,success
04D10F3A9C4C84,3,"['Casa Giulietta', 'Torre Lamberti', 'Castelvecchio']",Teatro Romano,"['Santa Anastasia', 'Duomo', 'AMO', 'Palazzo della Ragione', 'Museo Conte']",Duomo,strategy_nearest,True,0.003302335739135742,success
04D1103A9C4C80,3,"['Teatro Romano', 'Duomo', 'Torre Lamberti']",Museo Lapidario,"['Verona Tour', 'Arena', 'Castelvecchio', 'Museo Radio', 'San Fermo']",Castelvecchio,strategy_nearest,True,0.0031223297119140625,success
04D10F429C4C84,3,"['Arena', 'Casa Giulietta']",Torre Lamberti,"['Sighseeing', 'Centro Fotografia', 'Museo Conte', 'Palazzo della Ragione', 'AMO']",Santa Anastasia,strategy_nearest,False,0.001463174819946289,success
04D114429C4C84,2,"['Casa Giulietta', 'Torre Lamberti']",Palazzo della Ragione,"['AMO', 'Museo Conte', 'Centro Fotografia', 'Sighseeing', 'Santa Anastasia']",Duomo,strategy_nearest,False,0.002666950225830078,success
04D112429C4C80,2,"['Torre Lamberti', 'Palazzo della Ragione', 'Santa Anastasia', 'Duomo']",Casa Giulietta,"['Centro Fotografia', 'Sighseeing', 'Museo Conte', 'Museo Radio', 'San Fermo']",San Fermo,strategy_nearest,True,0.0021789073944091797,success
04D112429C4C84,3,"['Arena', 'Torre Lamberti']",Santa Anastasia,"['AMO', 'Museo Conte', 'Palazzo della Ragione', 'Teatro Romano', 'Centro Fotografia']",Casa Giulietta,strategy_nearest,False,0.0013859272003173828,success
04D116429C4C80,1,"['Arena', 'Casa Giulietta']",Torre Lamberti,"['Sighseeing', 'Centro Fotografia', 'Museo Conte', 'Palazzo della Ragione', 'AMO']",Palazzo della Ragione,strategy_nearest,True,0.0032749176025390625,success
04D118429C4C80,3,"['San Zeno', 'Torre Lamberti', 'San Fermo', 'Teatro Romano']",Duomo,"['AMO', 'Museo Miniscalchi', 'Santa Anastasia', 'Palazzo della Ragione', 'Museo Conte']",Arena,strategy_nearest,False,0.002275705337524414,success
04D1273A9C4C84,3,"['Arena', 'Museo Lapidario', 'Castelvecchio']",Casa Giulietta,"['Centro Fotografia', 'Sighseeing', 'Torre Lamberti', 'Museo Conte', 'Museo Radio']",Santa Anastasia,strategy_nearest,False,0.002663135528564453,success
04D1204A9C4C80,2,['Torre Lamberti'],Santa Anastasia,"['AMO', 'Museo Conte', 'Palazzo della Ragione', 'Teatro Romano', 'Centro Fotografia']",Giardino Giusti,strategy_nearest,False,0.004120826721191406,success
04D126429C4C84,3,['Arena'],Castelvecchio,"['Museo Lapidario', 'Verona Tour', 'Museo Radio', 'San Zeno', 'Sighseeing']",San Zeno,strategy_nearest,True,0.0022399425506591797,success
04D12B4A9C4C80,3,"['Castelvecchio', 'Casa Giulietta', 'Duomo', 'Teatro Romano']",Santa Anastasia,"['AMO', 'Museo Conte', 'Palazzo della Ragione', 'Centro Fotografia', 'Torre Lamberti']",San Fermo,strategy_nearest,False,0.002935171127319336,success
04D1303A9C4C80,3,"['Castelvecchio', 'Arena', 'Casa Giulietta', 'Torre Lamberti']",Teatro Romano,"['Santa Anastasia', 'Duomo', 'AMO', 'Palazzo della Ragione', 'Museo Conte']",Duomo,strategy_nearest,True,0.0021927356719970703,success
04D12E429C4C80,2,"['Casa Giulietta', 'San Fermo', 'Giardino Giusti']",Castelvecchio,"['Museo Lapidario', 'Verona Tour', 'Arena', 'Museo Radio', 'San Zeno']",San Zeno,strategy_nearest,True,0.001695871353149414,success
04D1324A9C4C80,1,"['Castelvecchio', 'Arena', 'Casa Giulietta', 'Palazzo della Ragione']",Torre Lamberti,"['Sighseeing', 'Centro Fotografia', 'Museo Conte', 'AMO', 'Museo Miniscalchi']",Santa Anastasia,strategy_nearest,False,0.0031850337982177734,success
04D13D429C4C80,3,"['Castelvecchio', 'Arena', 'Duomo']",Teatro Romano,"['Santa Anastasia', 'AMO', 'Palazzo della Ragione', 'Museo Conte', 'Centro Fotografia']",Santa Anastasia,strategy_nearest,True,0.002006053924560547,success
04D14D3A9C4C80,0,['Castelvecchio'],San Zeno,"['Verona Tour', 'Museo Lapidario', 'Arena', 'Museo Miniscalchi', 'Sighseeing']",Arena,strategy_nearest,True,0.003298044204711914,success
04D13E429C4C80,0,['Arena'],Museo Lapidario,"['Verona Tour', 'Castelvecchio', 'Museo Radio', 'San Fermo', 'Casa Giulietta']",Casa Giulietta,strategy_nearest,True,0.0025267601013183594,success
04D172429C4C80,3,"['Arena', 'Torre Lamberti']",Santa Anastasia,"['AMO', 'Museo Conte', 'Palazzo della Ragione', 'Teatro Romano', 'Centro Fotografia']",Casa Giulietta,strategy_nearest,False,0.0029087066650390625,success
04D170429C4C80,2,['Casa Giulietta'],Tomba Giulietta,"['San Fermo', 'Museo Storia', 'Arena', 'Museo Lapidario', 'Museo Radio']",Torre Lamberti,strategy_nearest,False,0.003039121627807617,success
04D1573A9C4C80,0,['Arena'],Castelvecchio,"['Museo Lapidario', 'Verona Tour', 'Museo Radio', 'San Zeno', 'Sighseeing']",Torre Lamberti,strategy_nearest,False,0.0024499893188476562,success
04D1763A9C4C80,3,"['Arena', 'San Fermo']",Giardino Giusti,"['Santa Anastasia', 'Teatro Romano', 'Museo Conte', 'Centro Fotografia', 'Museo Storia']",Santa Anastasia,strategy_nearest,True,0.0035500526428222656,success
04D1793A9C4C80,3,['Arena'],Casa Giulietta,"['Centro Fotografia', 'Sighseeing', 'Torre Lamberti', 'Museo Conte', 'Museo Radio']",Santa Anastasia,strategy_nearest,False,0.0034711360931396484,success
04D179429C4C80,2,"['Casa Giulietta', 'Castelvecchio']",San Zeno,"['Verona Tour', 'Museo Lapidario', 'Arena', 'Museo Miniscalchi', 'Sighseeing']",San Fermo,strategy_nearest,False,0.003443002700805664,success
04D178429C4C80,1,"['Casa Giulietta', 'Santa Anastasia']",Giardino Giusti,"['Teatro Romano', 'Museo Conte', 'Centro Fotografia', 'Museo Storia', 'AMO']",Torre Lamberti,strategy_nearest,False,0.001714944839477539,success
04D17B3A9C4C80,0,['Arena'],Duomo,"['AMO', 'Museo Miniscalchi', 'Santa Anastasia', 'Teatro Romano', 'Palazzo della Ragione']",Teatro Romano,strategy_nearest,True,0.0019724369049072266,success
04D184429C4C80,3,"['Arena', 'Torre Lamberti', 'Casa Giulietta']",Santa Anastasia,"['AMO', 'Museo Conte', 'Palazzo della Ragione', 'Teatro Romano', 'Centro Fotografia']",Duomo,strategy_nearest,False,0.0028400421142578125,success
04D18E4A9C4C80,3,"['Arena', 'Casa Giulietta']",Santa Anastasia,"['AMO', 'Museo Conte', 'Palazzo della Ragione', 'Teatro Romano', 'Centro Fotografia']",San Zeno,strategy_nearest,False,0.0015878677368164062,success
04D18F4A9C4C80,3,"['Arena', 'Torre Lamberti']",Giardino Giusti,"['Santa Anastasia', 'Teatro Romano', 'Museo Conte', 'Centro Fotografia', 'Museo Storia']",Teatro Romano,strategy_nearest,True,0.002103090286254883,success
04D187429C4C80,0,['Casa Giulietta'],Santa Anastasia,"['AMO', 'Museo Conte', 'Palazzo della Ragione', 'Teatro Romano', 'Centro Fotografia']",Arena,strategy_nearest,False,0.0034389495849609375,success
04D19C4A9C4C80,2,"['Palazzo della Ragione', 'Santa Anastasia']",Duomo,"['AMO', 'Museo Miniscalchi', 'Teatro Romano', 'Museo Conte', 'Torre Lamberti']",Teatro Romano,strategy_nearest,True,0.0034220218658447266,success
04D1A54A9C4C80,0,['Arena'],Casa Giulietta,"['Centro Fotografia', 'Sighseeing', 'Torre Lamberti', 'Museo Conte', 'Museo Radio']",Teatro Romano,strategy_nearest,False,0.002724170684814453,success
04D1A0429C4C80,1,"['Palazzo della Ragione', 'Torre Lamberti', 'Santa Anastasia']",Teatro Romano,"['Duomo', 'AMO', 'Museo Conte', 'Centro Fotografia', 'Museo Miniscalchi']",Casa Giulietta,strategy_nearest,False,0.002196788787841797,success
04D1A93A9C4C80,0,['Arena'],Casa Giulietta,"['Centro Fotografia', 'Sighseeing', 'Torre Lamberti', 'Museo Conte', 'Museo Radio']",Tomba Giulietta,strategy_nearest,False,0.0014579296112060547,success
04D1AE429C4C80,2,['San Fermo'],Casa Giulietta,"['Centro Fotografia', 'Sighseeing', 'Torre Lamberti', 'Museo Conte', 'Museo Radio']",Santa Anastasia,strategy_nearest,False,0.0027132034301757812,success
04D1A94A9C4C80,1,"['Arena', 'Duomo', 'Teatro Romano']",Torre Lamberti,"['Sighseeing', 'Centro Fotografia', 'Museo Conte', 'Casa Giulietta', 'Palazzo della Ragione']",Palazzo della Ragione,strategy_nearest,True,0.001567840576171875,success
04D1B8429C4C80,3,"['Santa Anastasia', 'Torre Lamberti']",Arena,"['Verona Tour', 'Museo Lapidario', 'Museo Radio', 'San Fermo', 'Casa Giulietta']",Castelvecchio,strategy_nearest,False,0.0032939910888671875,success
04D1AC429C4C80,0,['Arena'],Casa Giulietta,"['Centro Fotografia', 'Sighseeing', 'Torre Lamberti', 'Museo Conte', 'Museo Radio']",Castelvecchio,strategy_nearest,False,0.0022161006927490234,success
04D1BF429C4C80,3,"['Arena', 'San Fermo']",Santa Anastasia,"['AMO', 'Museo Conte', 'Palazzo della Ragione', 'Teatro Romano', 'Centro Fotografia']",Duomo,strategy_nearest,False,0.0020542144775390625,success
04D1C03A9C4C80,0,['San Zeno'],Arena,"['Verona Tour', 'Museo Lapidario', 'Museo Radio', 'San Fermo', 'Casa Giulietta']",Giardino Giusti,strategy_nearest,False,0.003215312957763672,success
04D1BA429C4C80,0,['Castelvecchio'],Arena,"['Verona Tour', 'Museo Lapidario', 'Museo Radio', 'San Fermo', 'Casa Giulietta']",Teatro Romano,strategy_nearest,False,0.0034639835357666016,success
04D1BA3A9C4C80,3,"['Arena', 'Torre Lamberti']",Casa Giulietta,"['Centro Fotografia', 'Sighseeing', 'Museo Conte', 'Museo Radio', 'Palazzo della Ragione']",Tomba Giulietta,strategy_nearest,False,0.00209808349609375,success
04D1C33A9C4C80,3,"['Tomba Giulietta', 'Casa Giulietta']",Santa Anastasia,"['AMO', 'Museo Conte', 'Palazzo della Ragione', 'Teatro Romano', 'Centro Fotografia']",Castelvecchio,strategy_nearest,False,0.0026471614837646484,success
04D1C43A9C4C80,0,['Castelvecchio'],Arena,"['Verona Tour', 'Museo Lapidario', 'Museo Radio', 'San Fermo', 'Casa Giulietta']",Casa Giulietta,strategy_nearest,True,0.0019519329071044922,success
04D1C7429C4C80,3,['Arena'],San Fermo,"['Museo Storia', 'Museo Radio', 'Casa Giulietta', 'Centro Fotografia', 'Sighseeing']",Casa Giulietta,strategy_nearest,True,0.0026721954345703125,success
04D1C83A9C4C80,0,['Museo Lapidario'],Arena,"['Verona Tour', 'Museo Radio', 'San Fermo', 'Casa Giulietta', 'Sighseeing']",Casa Giulietta,strategy_nearest,True,0.003265857696533203,success
04D210429C4C84,0,['Arena'],Tomba Giulietta,"['San Fermo', 'Museo Storia', 'Museo Lapidario', 'Museo Radio', 'Verona Tour']",Duomo,strategy_nearest,False,0.003242969512939453,success
04D205429C4C84,3,"['Arena', 'Torre Lamberti', 'Casa Giulietta', 'Duomo']",Museo Lapidario,"['Verona Tour', 'Castelvecchio', 'Museo Radio', 'San Fermo', 'Tomba Giulietta']",Castelvecchio,strategy_nearest,True,0.002149820327758789,success
04D1FB429C4C80,0,['Castelvecchio'],Arena,"['Verona Tour', 'Museo Lapidario', 'Museo Radio', 'San Fermo', 'Casa Giulietta']",Torre Lamberti,strategy_nearest,False,0.002187967300415039,success
04D1F5429C4C80,1,"['Arena', 'Santa Anastasia', 'Duomo']",Palazzo della Ragione,"['AMO', 'Museo Conte', 'Torre Lamberti', 'Centro Fotografia', 'Sighseeing']",Castelvecchio,strategy_nearest,False,0.003431081771850586,success
04D216429C4C84,0,"['Arena', 'Museo Lapidario']",Castelvecchio,"['Verona Tour', 'Museo Radio', 'San Zeno', 'Sighseeing', 'Museo Miniscalchi']",Casa Giulietta,strategy_nearest,False,0.0015017986297607422,success
04D215429C4C84,3,"['Santa Anastasia', 'Teatro Romano', 'Casa Giulietta']",Torre Lamberti,"['Sighseeing', 'Centro Fotografia', 'Museo Conte', 'Palazzo della Ragione', 'AMO']",Duomo,strategy_nearest,False,0.002123117446899414,success
04D21C429C4C84,3,['Castelvecchio'],Arena,"['Verona Tour', 'Museo Lapidario', 'Museo Radio', 'San Fermo', 'Casa Giulietta']",Duomo,strategy_nearest,False,0.0025751590728759766,success
04D211429C4C84,3,['Arena'],Torre Lamberti,"['Sighseeing', 'Centro Fotografia', 'Museo Conte', 'Casa Giulietta', 'Palazzo della Ragione']",Santa Anastasia,strategy_nearest,False,0.0034072399139404297,success
04D21E3A9C4C84,0,['Arena'],Torre Lamberti,"['Sighseeing', 'Centro Fotografia', 'Museo Conte', 'Casa Giulietta', 'Palazzo della Ragione']",Casa Giulietta,strategy_nearest,True,0.0028798580169677734,success
04D221429C4C80,3,"['Arena', 'Castelvecchio']",Casa Giulietta,"['Centro Fotografia', 'Sighseeing', 'Torre Lamberti', 'Museo Conte', 'Museo Radio']",Duomo,strategy_nearest,False,0.002888917922973633,success
04D21D3A9C4C84,3,"['Arena', 'Santa Anastasia']",San Zeno,"['Castelvecchio', 'Verona Tour', 'Museo Lapidario', 'Museo Miniscalchi', 'Sighseeing']",Castelvecchio,strategy_nearest,True,0.0021719932556152344,success
04D225429C4C80,1,"['Arena', 'Teatro Romano']",Museo Lapidario,"['Verona Tour', 'Castelvecchio', 'Museo Radio', 'San Fermo', 'Casa Giulietta']",Palazzo della Ragione,strategy_nearest,False,0.0035212039947509766,success
04D2264A9C4C80,0,['Casa Giulietta'],Arena,"['Verona Tour', 'Museo Lapidario', 'Museo Radio', 'San Fermo', 'Sighseeing']",Duomo,strategy_nearest,False,0.0035300254821777344,success
04D235429C4C80,3,"['Santa Anastasia', 'Duomo']",Torre Lamberti,"['Sighseeing', 'Centro Fotografia', 'Museo Conte', 'Casa Giulietta', 'Palazzo della Ragione']",Arena,strategy_nearest,False,0.00215911865234375,success
04D23A3A9C4C80,3,"['Arena', 'Torre Lamberti']",Santa Anastasia,"['AMO', 'Museo Conte', 'Palazzo della Ragione', 'Teatro Romano', 'Centro Fotografia']",Duomo,strategy_nearest,False,0.0032918453216552734,success
04D2273A9C4C80,3,"['Arena', 'Torre Lamberti']",Casa Giulietta,"['Centro Fotografia', 'Sighseeing', 'Museo Conte', 'Museo Radio', 'Palazzo della Ragione']",Teatro Romano,strategy_nearest,False,0.002109050750732422,success
04D23B4A9C4C80,2,"['Teatro Romano', 'Castelvecchio']",San Fermo,"['Museo Storia', 'Museo Radio', 'Casa Giulietta', 'Centro Fotografia', 'Arena']",San Zeno,strategy_nearest,False,0.002859830856323242,success
04D23E429C4C80,1,"['Palazzo della Ragione', 'Torre Lamberti', 'Duomo', 'Teatro Romano']",Casa Giulietta,"['Centro Fotografia', 'Sighseeing', 'Museo Conte', 'Museo Radio', 'San Fermo']",Arena,strategy_nearest,False,0.003450155258178711,success
04D241429C4C80,0,['Arena'],Casa Giulietta,"['Centro Fotografia', 'Sighseeing', 'Torre Lamberti', 'Museo Conte', 'Museo Radio']",Torre Lamberti,strategy_nearest,True,0.0014278888702392578,success
04D23D4A9C4C80,4,"['Castelvecchio', 'Museo Radio']",Tomba Giulietta,"['San Fermo', 'Museo Storia', 'Arena', 'Museo Lapidario', 'Verona Tour']",Casa Giulietta,strategy_nearest,False,0.002843141555786133,success
04D261429C4C80,3,"['Castelvecchio', 'Arena']",Museo Lapidario,"['Verona Tour', 'Museo Radio', 'San Fermo', 'Casa Giulietta', 'Tomba Giulietta']",San Fermo,strategy_nearest,True,0.0028100013732910156,success
04D26B429C4C80,2,['Casa Giulietta'],Torre Lamberti,"['Sighseeing', 'Centro Fotografia', 'Museo Conte', 'Palazzo della Ragione', 'AMO']",Santa Anastasia,strategy_nearest,False,0.0033969879150390625,success
04D2723A9C4C80,2,['Casa Giulietta'],Santa Anastasia,"['AMO', 'Museo Conte', 'Palazzo della Ragione', 'Teatro Romano', 'Centro Fotografia']",Duomo,strategy_nearest,False,0.001499176025390625,success
04D2663A9C4C80,3,"['Arena', 'San Fermo']",Castelvecchio,"['Museo Lapidario', 'Verona Tour', 'Museo Radio', 'San Zeno', 'Sighseeing']",Teatro Romano,strategy_nearest,False,0.002208709716796875,success
04D283429C4C80,0,['Arena'],Casa Giulietta,"['Centro Fotografia', 'Sighseeing', 'Torre Lamberti', 'Museo Conte', 'Museo Radio']",Teatro Romano,strategy_nearest,False,0.0012929439544677734,success
04D2843A9C4C80,3,"['Arena', 'Santa Anastasia']",Torre Lamberti,"['Sighseeing', 'Centro Fotografia', 'Museo Conte', 'Casa Giulietta', 'Palazzo della Ragione']",Casa Giulietta,strategy_nearest,True,0.0023469924926757812,success
04D285429C4C80,1,"['Arena', 'Casa Giulietta']",Santa Anastasia,"['AMO', 'Museo Conte', 'Palazzo della Ragione', 'Teatro Romano', 'Centro Fotografia']",Palazzo della Ragione,strategy_nearest,True,0.0028519630432128906,success
04D284429C4C80,0,['Arena'],Santa Anastasia,"['AMO', 'Museo Conte', 'Palazzo della Ragione', 'Teatro Romano', 'Centro Fotografia']",Casa Giulietta,strategy_nearest,False,0.003606081008911133,success
04D28F4A9C4C80,1,"['Arena', 'Casa Giulietta']",Torre Lamberti,"['Sighseeing', 'Centro Fotografia', 'Museo Conte', 'Palazzo della Ragione', 'AMO']",Palazzo della Ragione,strategy_nearest,True,0.003570079803466797,success
04D2934A9C4C80,3,"['San Fermo', 'San Zeno', 'Santa Anastasia']",Duomo,"['AMO', 'Museo Miniscalchi', 'Teatro Romano', 'Palazzo della Ragione', 'Museo Conte']",Casa Giulietta,strategy_nearest,False,0.0025038719177246094,success
04D2904A9C4C80,3,"['San Zeno', 'Duomo']",Santa Anastasia,"['AMO', 'Museo Conte', 'Palazzo della Ragione', 'Teatro Romano', 'Centro Fotografia']",Arena,strategy_nearest,False,0.0023298263549804688,success
04D2864A9C4C80,1,['Arena'],Torre Lamberti,"['Sighseeing', 'Centro Fotografia', 'Museo Conte', 'Casa Giulietta', 'Palazzo della Ragione']",Palazzo della Ragione,strategy_nearest,True,0.0025436878204345703,success
04D29D4A9C4C80,3,"['Arena', 'Castelvecchio', 'Casa Giulietta']",Torre Lamberti,"['Sighseeing', 'Centro Fotografia', 'Museo Conte', 'Palazzo della Ragione', 'AMO']",Santa Anastasia,strategy_nearest,False,0.0024459362030029297,success
04D299429C4C80,3,"['Arena', 'Casa Giulietta']",Torre Lamberti,"['Sighseeing', 'Centro Fotografia', 'Museo Conte', 'Palazzo della Ragione', 'AMO']",Santa Anastasia,strategy_nearest,False,0.0030481815338134766,success
04D2984A9C4C80,0,['Arena'],Castelvecchio,"['Museo Lapidario', 'Verona Tour', 'Museo Radio', 'San Zeno', 'Sighseeing']",Santa Anastasia,strategy_nearest,False,0.0036721229553222656,success
04D2A1429C4C80,0,"['Casa Giulietta', 'Torre Lamberti']",Arena,"['Verona Tour', 'Museo Lapidario', 'Museo Radio', 'San Fermo', 'Sighseeing']",San Zeno,strategy_nearest,False,0.0016908645629882812,success
04D2A83A9C4C80,3,"['Tomba Giulietta', 'Castelvecchio', 'Arena', 'Casa Giulietta']",Torre Lamberti,"['Sighseeing', 'Centro Fotografia', 'Museo Conte', 'Palazzo della Ragione', 'AMO']",Santa Anastasia,strategy_nearest,False,0.003326892852783203,success
04D2A73A9C4C80,1,"['Teatro Romano', 'Arena']",Casa Giulietta,"['Centro Fotografia', 'Sighseeing', 'Torre Lamberti', 'Museo Conte', 'Museo Radio']",Palazzo della Ragione,strategy_nearest,False,0.0022830963134765625,success
04D2A7429C4C80,2,['Castelvecchio'],Santa Anastasia,"['AMO', 'Museo Conte', 'Palazzo della Ragione', 'Teatro Romano', 'Centro Fotografia']",Duomo,strategy_nearest,False,0.001626729965209961,success
04D2A74A9C4C80,0,['Casa Giulietta'],Castelvecchio,"['Museo Lapidario', 'Verona Tour', 'Arena', 'Museo Radio', 'San Zeno']",Arena,strategy_nearest,True,0.002804994583129883,success
04D2AB4A9C4C80,0,['Arena'],Torre Lamberti,"['Sighseeing', 'Centro Fotografia', 'Museo Conte', 'Casa Giulietta', 'Palazzo della Ragione']",Castelvecchio,strategy_nearest,False,0.00337982177734375,success
04D2AA3A9C4C80,0,['Arena'],Casa Giulietta,"['Centro Fotografia', 'Sighseeing', 'Torre Lamberti', 'Museo Conte', 'Museo Radio']",Torre Lamberti,strategy_nearest,True,0.0023801326751708984,success
04D2AB3A9C4C80,0,['Casa Giulietta'],Arena,"['Verona Tour', 'Museo Lapidario', 'Museo Radio', 'San Fermo', 'Sighseeing']",Santa Anastasia,strategy_nearest,False,0.0029239654541015625,success
04D2AA4A9C4C80,0,['Casa Giulietta'],Castelvecchio,"['Museo Lapidario', 'Verona Tour', 'Arena', 'Museo Radio', 'San Zeno']",Arena,strategy_nearest,True,0.0013611316680908203,success
04D2AD3A9C4C80,2,['Torre Lamberti'],Santa Anastasia,"['AMO', 'Museo Conte', 'Palazzo della Ragione', 'Teatro Romano', 'Centro Fotografia']",Duomo,strategy_nearest,False,0.0036389827728271484,success
04D2AD429C4C80,0,['Arena'],Torre Lamberti,"['Sighseeing', 'Centro Fotografia', 'Museo Conte', 'Casa Giulietta', 'Palazzo della Ragione']",Casa Giulietta,strategy_nearest,True,0.002173900604248047,success
04D2AC3A9C4C80,2,['Casa Giulietta'],Santa Anastasia,"['AMO', 'Museo Conte', 'Palazzo della Ragione', 'Teatro Romano', 'Centro Fotografia']",Teatro Romano,strategy_nearest,True,0.003061056137084961,success
04D2ABBA7B3F80,2,"['Torre Lamberti', 'Santa Anastasia']",Casa Giulietta,"['Centro Fotografia', 'Sighseeing', 'Museo Conte', 'Museo Radio', 'Palazzo della Ragione']",Tomba Giulietta,strategy_nearest,False,0.0017359256744384766,success
04D2B2429C4C80,1,['Arena'],Casa Giulietta,"['Centro Fotografia', 'Sighseeing', 'Torre Lamberti', 'Museo Conte', 'Museo Radio']",Palazzo della Ragione,strategy_nearest,False,0.0018687248229980469,success
04D2B4429C4C80,2,['Giardino Giusti'],Castelvecchio,"['Museo Lapidario', 'Verona Tour', 'Arena', 'Museo Radio', 'San Zeno']",Santa Anastasia,strategy_nearest,False,0.003389120101928711,success
04D2B83A9C4C80,1,"['Arena', 'Duomo']",Santa Anastasia,"['AMO', 'Museo Conte', 'Palazzo della Ragione', 'Teatro Romano', 'Centro Fotografia']",Torre Lamberti,strategy_nearest,False,0.0023610591888427734,success
04D2BA3A9C4C80,2,['Castelvecchio'],San Zeno,"['Verona Tour', 'Museo Lapidario', 'Arena', 'Museo Miniscalchi', 'Sighseeing']",Santa Anastasia,strategy_nearest,False,0.0031609535217285156,success
04D2C53A9C4C80,0,['Arena'],Torre Lamberti,"['Sighseeing', 'Centro Fotografia', 'Museo Conte', 'Casa Giulietta', 'Palazzo della Ragione']",Giardino Giusti,strategy_nearest,False,0.0018727779388427734,success
04D2C93A9C4C80,1,"['Tomba Giulietta', 'Arena', 'Museo Lapidario']",Castelvecchio,"['Verona Tour', 'Museo Radio', 'San Zeno', 'Sighseeing', 'Museo Miniscalchi']",Torre Lamberti,strategy_nearest,False,0.0027539730072021484,success
04D2BF429C4C80,2,['Castelvecchio'],San Zeno,"['Verona Tour', 'Museo Lapidario', 'Arena', 'Museo Miniscalchi', 'Sighseeing']",Santa Anastasia,strategy_nearest,False,0.003021240234375,success
04D2C83A9C4C80,3,"['Castelvecchio', 'Arena', 'Casa Giulietta']",Torre Lamberti,"['Sighseeing', 'Centro Fotografia', 'Museo Conte', 'Palazzo della Ragione', 'AMO']",Teatro Romano,strategy_nearest,False,0.0037572383880615234,success
04D2D2429C4C80,3,['Arena'],Santa Anastasia,"['AMO', 'Museo Conte', 'Palazzo della Ragione', 'Teatro Romano', 'Centro Fotografia']",Teatro Romano,strategy_nearest,True,0.0023190975189208984,success
04D2DEBA7B3F80,2,"['Torre Lamberti', 'Santa Anastasia']",Casa Giulietta,"['Centro Fotografia', 'Sighseeing', 'Museo Conte', 'Museo Radio', 'Palazzo della Ragione']",Tomba Giulietta,strategy_nearest,False,0.0018849372863769531,success
04D2D63A9C4C80,3,"['Arena', 'San Zeno', 'Museo Lapidario']",Castelvecchio,"['Verona Tour', 'Museo Radio', 'Sighseeing', 'Museo Miniscalchi', 'Torre Lamberti']",Santa Anastasia,strategy_nearest,False,0.0026140213012695312,success
04D308429C4C84,3,"['Museo Lapidario', 'Arena', 'Casa Giulietta']",Duomo,"['AMO', 'Museo Miniscalchi', 'Santa Anastasia', 'Teatro Romano', 'Palazzo della Ragione']",Torre Lamberti,strategy_nearest,False,0.0013968944549560547,success
04D2F5429C4C80,2,['Castelvecchio'],Teatro Romano,"['Santa Anastasia', 'Duomo', 'AMO', 'Palazzo della Ragione', 'Museo Conte']",Giardino Giusti,strategy_nearest,False,0.002167940139770508,success
04D2E4429C4C80,4,"['Museo Radio', 'Tomba Giulietta', 'Castelvecchio', 'Casa Giulietta']",Duomo,"['AMO', 'Museo Miniscalchi', 'Santa Anastasia', 'Teatro Romano', 'Palazzo della Ragione']",Santa Anastasia,strategy_nearest,True,0.004832029342651367,success
04D2F0429C4C80,3,"['Torre Lamberti', 'Casa Giulietta', 'Castelvecchio', 'Arena']",Tomba Giulietta,"['San Fermo', 'Museo Storia', 'Museo Lapidario', 'Museo Radio', 'Verona Tour']",Santa Anastasia,strategy_nearest,False,0.003453969955444336,success
04D3103A9C4C80,2,"['Castelvecchio', 'Palazzo della Ragione']",Duomo,"['AMO', 'Museo Miniscalchi', 'Santa Anastasia', 'Teatro Romano', 'Museo Conte']",Teatro Romano,strategy_nearest,True,0.0014030933380126953,success
04D316429C4C84,0,['Arena'],Torre Lamberti,"['Sighseeing', 'Centro Fotografia', 'Museo Conte', 'Casa Giulietta', 'Palazzo della Ragione']",Casa Giulietta,strategy_nearest,True,0.0031468868255615234,success
04D310429C4C84,0,['Arena'],Tomba Giulietta,"['San Fermo', 'Museo Storia', 'Museo Lapidario', 'Museo Radio', 'Verona Tour']",Duomo,strategy_nearest,False,0.0024137496948242188,success
04D317429C4C80,3,"['Arena', 'Casa Giulietta']",Torre Lamberti,"['Sighseeing', 'Centro Fotografia', 'Museo Conte', 'Palazzo della Ragione', 'AMO']",Santa Anastasia,strategy_nearest,False,0.002579927444458008,success
04D318429C4C84,1,"['Arena', 'San Fermo']",Casa Giulietta,"['Centro Fotografia', 'Sighseeing', 'Torre Lamberti', 'Museo Conte', 'Museo Radio']",Torre Lamberti,strategy_nearest,True,0.0026941299438476562,success
04D319429C4C84,3,"['Arena', 'Casa Giulietta']",Torre Lamberti,"['Sighseeing', 'Centro Fotografia', 'Museo Conte', 'Palazzo della Ragione', 'AMO']",Santa Anastasia,strategy_nearest,False,0.002679109573364258,success
04D31D429C4C84,2,['Casa Giulietta'],Torre Lamberti,"['Sighseeing', 'Centro Fotografia', 'Museo Conte', 'Palazzo della Ragione', 'AMO']",Santa Anastasia,strategy_nearest,False,0.0033249855041503906,success
04D31A429C4C80,0,['Arena'],Castelvecchio,"['Museo Lapidario', 'Verona Tour', 'Museo Radio', 'San Zeno', 'Sighseeing']",Duomo,strategy_nearest,False,0.0030062198638916016,success
04D321429C4C80,3,['Casa Giulietta'],Torre Lamberti,"['Sighseeing', 'Centro Fotografia', 'Museo Conte', 'Palazzo della Ragione', 'AMO']",Santa Anastasia,strategy_nearest,False,0.0032799243927001953,success
04D327429C4C84,0,['Arena'],Casa Giulietta,"['Centro Fotografia', 'Sighseeing', 'Torre Lamberti', 'Museo Conte', 'Museo Radio']",Teatro Romano,strategy_nearest,False,0.001316070556640625,success
04D31E429C4C84,3,"['Arena', 'Casa Giulietta']",Torre Lamberti,"['Sighseeing', 'Centro Fotografia', 'Museo Conte', 'Palazzo della Ragione', 'AMO']",Santa Anastasia,strategy_nearest,False,0.004863262176513672,success
04D32C429C4C80,0,"['Arena', 'Torre Lamberti']",Casa Giulietta,"['Centro Fotografia', 'Sighseeing', 'Museo Conte', 'Museo Radio', 'Palazzo della Ragione']",Duomo,strategy_nearest,False,0.0027201175689697266,success
04D3303A9C4C80,2,"['Torre Lamberti', 'Casa Giulietta']",Santa Anastasia,"['AMO', 'Museo Conte', 'Palazzo della Ragione', 'Teatro Romano', 'Centro Fotografia']",Teatro Romano,strategy_nearest,True,0.003473997116088867,success
04D33A429C4C80,2,"['San Zeno', 'Castelvecchio', 'Castelvecchio']",Teatro Romano,"['Santa Anastasia', 'Duomo', 'AMO', 'Palazzo della Ragione', 'Museo Conte']",San Fermo,strategy_nearest,False,0.002718210220336914,success
04D353429C4C80,0,"['Tomba Giulietta', 'Casa Giulietta']",Castelvecchio,"['Museo Lapidario', 'Verona Tour', 'Arena', 'Museo Radio', 'San Zeno']",Torre Lamberti,strategy_nearest,False,0.0032901763916015625,success
04D3683A9C4C80,3,"['Arena', 'Castelvecchio']",San Zeno,"['Verona Tour', 'Museo Lapidario', 'Museo Miniscalchi', 'Sighseeing', 'Museo Radio']",Torre Lamberti,strategy_nearest,False,0.0014138221740722656,success
04D36B3A9C4C80,0,['Arena'],Torre Lamberti,"['Sighseeing', 'Centro Fotografia', 'Museo Conte', 'Casa Giulietta', 'Palazzo della Ragione']",Teatro Romano,strategy_nearest,False,0.0029859542846679688,success
04D377429C4C80,1,"['Museo Lapidario', 'Arena']",Torre Lamberti,"['Sighseeing', 'Centro Fotografia', 'Museo Conte', 'Casa Giulietta', 'Palazzo della Ragione']",Palazzo della Ragione,strategy_nearest,True,0.0034818649291992188,success
04D36C429C4C80,3,"['Arena', 'Castelvecchio']",Santa Anastasia,"['AMO', 'Museo Conte', 'Palazzo della Ragione', 'Teatro Romano', 'Centro Fotografia']",Teatro Romano,strategy_nearest,True,0.0016911029815673828,success
04D37D3A9C4C80,0,['Arena'],Castelvecchio,"['Museo Lapidario', 'Verona Tour', 'Museo Radio', 'San Zeno', 'Sighseeing']",Teatro Romano,strategy_nearest,False,0.0022232532501220703,success
04D385429C4C80,3,"['Arena', 'Torre Lamberti']",Santa Anastasia,"['AMO', 'Museo Conte', 'Palazzo della Ragione', 'Teatro Romano', 'Centro Fotografia']",Teatro Romano,strategy_nearest,True,0.002017974853515625,success
04D3824A9C4C80,6,['Verona Tour'],Teatro Romano,"['Santa Anastasia', 'Duomo', 'AMO', 'Palazzo della Ragione', 'Museo Conte']",San Fermo,strategy_nearest,False,0.0015501976013183594,success
04D37D4A9C4C80,3,"['Arena', 'Casa Giulietta']",Santa Anastasia,"['AMO', 'Museo Conte', 'Palazzo della Ragione', 'Teatro Romano', 'Centro Fotografia']",Duomo,strategy_nearest,False,0.0033800601959228516,success
04D384429C4C80,3,"['Arena', 'Casa Giulietta', 'Torre Lamberti']",Santa Anastasia,"['AMO', 'Museo Conte', 'Palazzo della Ragione', 'Teatro Romano', 'Centro Fotografia']",Duomo,strategy_nearest,False,0.0027298927307128906,success
04D386429C4C80,0,['Castelvecchio'],Arena,"['Verona Tour', 'Museo Lapidario', 'Museo Radio', 'San Fermo', 'Casa Giulietta']",Duomo,strategy_nearest,False,0.002835988998413086,success
04D3914A9C4C80,0,['Arena'],Castelvecchio,"['Museo Lapidario', 'Verona Tour', 'Museo Radio', 'San Zeno', 'Sighseeing']",Casa Giulietta,strategy_nearest,False,0.0022139549255371094,success
04D39D4A9C4C80,0,['Arena'],Casa Giulietta,"['Centro Fotografia', 'Sighseeing', 'Torre Lamberti', 'Museo Conte', 'Museo Radio']",Torre Lamberti,strategy_nearest,True,0.00150299072265625,success
04D3964A9C4C80,2,"['Castelvecchio', 'Santa Anastasia']",Torre Lamberti,"['Sighseeing', 'Centro Fotografia', 'Museo Conte', 'Casa Giulietta', 'Palazzo della Ragione']",Casa Giulietta,strategy_nearest,True,0.003473997116088867,success
04D3A63A9C4C80,1,['Arena'],Casa Giulietta,"['Centro Fotografia', 'Sighseeing', 'Torre Lamberti', 'Museo Conte', 'Museo Radio']",Torre Lamberti,strategy_nearest,True,0.002727985382080078,success
04D39F429C4C80,3,['Arena'],Casa Giulietta,"['Centro Fotografia', 'Sighseeing', 'Torre Lamberti', 'Museo Conte', 'Museo Radio']",Torre Lamberti,strategy_nearest,True,0.002877950668334961,success
04D3A34A9C4C80,1,"['Torre Lamberti', 'Palazzo della Ragione', 'Arena']",Duomo,"['AMO', 'Museo Miniscalchi', 'Santa Anastasia', 'Teatro Romano', 'Museo Conte']",Teatro Romano,strategy_nearest,True,0.002076864242553711,success
04D3A8429C4C80,3,['Arena'],Torre Lamberti,"['Sighseeing', 'Centro Fotografia', 'Museo Conte', 'Casa Giulietta', 'Palazzo della Ragione']",Santa Anastasia,strategy_nearest,False,0.003349781036376953,success
04D3AB3A9C4C80,0,"['Arena', 'Casa Giulietta']",Teatro Romano,"['Santa Anastasia', 'Duomo', 'AMO', 'Palazzo della Ragione', 'Museo Conte']",Castelvecchio,strategy_nearest,False,0.001567840576171875,success
04D3B23A9C4C80,1,"['Arena', 'Museo Lapidario', 'San Fermo', 'Casa Giulietta']",Torre Lamberti,"['Sighseeing', 'Centro Fotografia', 'Museo Conte', 'Palazzo della Ragione', 'AMO']",Palazzo della Ragione,strategy_nearest,True,0.0026979446411132812,success
04D3B5429C4C80,0,['Arena'],Casa Giulietta,"['Centro Fotografia', 'Sighseeing', 'Torre Lamberti', 'Museo Conte', 'Museo Radio']",Torre Lamberti,strategy_nearest,True,0.0033609867095947266,success
04D3AF429C4C80,0,"['Castelvecchio', 'Torre Lamberti']",Casa Giulietta,"['Centro Fotografia', 'Sighseeing', 'Museo Conte', 'Museo Radio', 'Palazzo della Ragione']",San Fermo,strategy_nearest,False,0.0029900074005126953,success
04D3C03A9C4C80,4,['Arena'],Casa Giulietta,"['Centro Fotografia', 'Sighseeing', 'Torre Lamberti', 'Museo Conte', 'Museo Radio']",Torre Lamberti,strategy_nearest,True,0.002457857131958008,success
04D3C2429C4C80,1,"['Arena', 'Casa Giulietta']",Torre Lamberti,"['Sighseeing', 'Centro Fotografia', 'Museo Conte', 'Palazzo della Ragione', 'AMO']",Palazzo della Ragione,strategy_nearest,True,0.0027208328247070312,success
04D3D23A9C4C80,0,['Santa Anastasia'],Arena,"['Verona Tour', 'Museo Lapidario', 'Museo Radio', 'San Fermo', 'Casa Giulietta']",Castelvecchio,strategy_nearest,False,0.0029230117797851562,success
04D3CE3A9C4C80,3,['Arena'],Santa Anastasia,"['AMO', 'Museo Conte', 'Palazzo della Ragione', 'Teatro Romano', 'Centro Fotografia']",Teatro Romano,strategy_nearest,True,0.0021598339080810547,success
04D3D63A9C4C80,3,"['Arena', 'Museo Lapidario']",Castelvecchio,"['Verona Tour', 'Museo Radio', 'San Zeno', 'Sighseeing', 'Museo Miniscalchi']",Duomo,strategy_nearest,False,0.0034198760986328125,success
04D3E93A9C4C80,3,['Arena'],Casa Giulietta,"['Centro Fotografia', 'Sighseeing', 'Torre Lamberti', 'Museo Conte', 'Museo Radio']",Santa Anastasia,strategy_nearest,False,0.0013699531555175781,success
04D3E53A9C4C80,3,"['San Fermo', 'Duomo']",Castelvecchio,"['Museo Lapidario', 'Verona Tour', 'Arena', 'Museo Radio', 'San Zeno']",Santa Anastasia,strategy_nearest,False,0.0027899742126464844,success
04D3D83A9C4C80,2,['San Fermo'],Duomo,"['AMO', 'Museo Miniscalchi', 'Santa Anastasia', 'Teatro Romano', 'Palazzo della Ragione']",Santa Anastasia,strategy_nearest,True,0.004138946533203125,success
04D3F03A9C4C80,0,['Arena'],Torre Lamberti,"['Sighseeing', 'Centro Fotografia', 'Museo Conte', 'Casa Giulietta', 'Palazzo della Ragione']",Duomo,strategy_nearest,False,0.003326892852783203,success
04D3F73A9C4C80,0,"['Castelvecchio', 'Tomba Giulietta']",Arena,"['Verona Tour', 'Museo Lapidario', 'Museo Radio', 'San Fermo', 'Casa Giulietta']",Torre Lamberti,strategy_nearest,False,0.003448963165283203,success
04D4133A9C4C84,3,"['Arena', 'Castelvecchio']",Torre Lamberti,"['Sighseeing', 'Centro Fotografia', 'Museo Conte', 'Casa Giulietta', 'Palazzo della Ragione']",Santa Anastasia,strategy_nearest,False,0.0020089149475097656,success
04D410429C4C80,3,"['Casa Giulietta', 'Arena']",Castelvecchio,"['Museo Lapidario', 'Verona Tour', 'Museo Radio', 'San Zeno', 'Sighseeing']",Torre Lamberti,strategy_nearest,False,0.0040819644927978516,success
04D3F63A9C4C80,0,['Arena'],Casa Giulietta,"['Centro Fotografia', 'Sighseeing', 'Torre Lamberti', 'Museo Conte', 'Museo Radio']",Torre Lamberti,strategy_nearest,True,0.0022382736206054688,success
04D4143A9C4C80,0,['Arena'],Castelvecchio,"['Museo Lapidario', 'Verona Tour', 'Museo Radio', 'San Zeno', 'Sighseeing']",Santa Anastasia,strategy_nearest,False,0.002034902572631836,success
04D41C429C4C84,2,"['Teatro Romano', 'Duomo']",Santa Anastasia,"['AMO', 'Museo Conte', 'Palazzo della Ragione', 'Centro Fotografia', 'Torre Lamberti']",Casa Giulietta,strategy_nearest,False,0.0019822120666503906,success
04D418429C4C84,3,"['Santa Anastasia', 'Torre Lamberti']",Arena,"['Verona Tour', 'Museo Lapidario', 'Museo Radio', 'San Fermo', 'Casa Giulietta']",Casa Giulietta,strategy_nearest,True,0.003428220748901367,success
04D422429C4C84,0,['Arena'],Castelvecchio,"['Museo Lapidario', 'Verona Tour', 'Museo Radio', 'San Zeno', 'Sighseeing']",Teatro Romano,strategy_nearest,False,0.003381967544555664,success
04D43C429C4C80,0,['Castelvecchio'],Arena,"['Verona Tour', 'Museo Lapidario', 'Museo Radio', 'San Fermo', 'Casa Giulietta']",Teatro Romano,strategy_nearest,False,0.0019919872283935547,success
04D4384A9C4C80,3,"['Santa Anastasia', 'Torre Lamberti', 'Casa Giulietta']",Castelvecchio,"['Museo Lapidario', 'Verona Tour', 'Arena', 'Museo Radio', 'San Zeno']",Arena,strategy_nearest,True,0.00335693359375,success
04D42B429C4C80,2,['Castelvecchio'],Palazzo della Ragione,"['AMO', 'Museo Conte', 'Torre Lamberti', 'Centro Fotografia', 'Sighseeing']",Duomo,strategy_nearest,False,0.004660129547119141,success
04D42B4A9C4C80,2,"['San Fermo', 'Casa Giulietta']",Santa Anastasia,"['AMO', 'Museo Conte', 'Palazzo della Ragione', 'Teatro Romano', 'Centro Fotografia']",Torre Lamberti,strategy_nearest,False,0.0022058486938476562,success
04D448429C4C80,0,['San Fermo'],Teatro Romano,"['Santa Anastasia', 'Duomo', 'AMO', 'Palazzo della Ragione', 'Museo Conte']",Casa Giulietta,strategy_nearest,False,0.002753019332885742,success
04D45A429C4C80,3,"['Tomba Giulietta', 'Arena']",Castelvecchio,"['Museo Lapidario', 'Verona Tour', 'Museo Radio', 'San Zeno', 'Sighseeing']",Duomo,strategy_nearest,False,0.0014069080352783203,success
04D43E3A9C4C80,2,['Santa Anastasia'],Casa Giulietta,"['Centro Fotografia', 'Sighseeing', 'Torre Lamberti', 'Museo Conte', 'Museo Radio']",Tomba Giulietta,strategy_nearest,False,0.003567218780517578,success
04D44B429C4C80,3,['Arena'],San Fermo,"['Museo Storia', 'Museo Radio', 'Casa Giulietta', 'Centro Fotografia', 'Sighseeing']",Casa Giulietta,strategy_nearest,True,0.002123117446899414,success
04D4633A9C4C80,3,"['San Zeno', 'Castelvecchio', 'Casa Giulietta']",Torre Lamberti,"['Sighseeing', 'Centro Fotografia', 'Museo Conte', 'Palazzo della Ragione', 'AMO']",Arena,strategy_nearest,False,0.002218961715698242,success
04D4794A9C4C80,0,"['Castelvecchio', 'Arena']",Casa Giulietta,"['Centro Fotografia', 'Sighseeing', 'Torre Lamberti', 'Museo Conte', 'Museo Radio']",Teatro Romano,strategy_nearest,False,0.003323078155517578,success
04D4763A9C4C80,3,"['Arena', 'Castelvecchio']",San Zeno,"['Verona Tour', 'Museo Lapidario', 'Museo Miniscalchi', 'Sighseeing', 'Museo Radio']",Santa Anastasia,strategy_nearest,False,0.002712726593017578,success
04D4673A9C4C80,2,"['San Fermo', 'Santa Anastasia', 'San Zeno']",Castelvecchio,"['Museo Lapidario', 'Verona Tour', 'Arena', 'Museo Radio', 'Sighseeing']",Palazzo della Ragione,strategy_nearest,False,0.002878904342651367,success
04D47E3A9C4C80,3,"['Arena', 'Casa Giulietta']",Torre Lamberti,"['Sighseeing', 'Centro Fotografia', 'Museo Conte', 'Palazzo della Ragione', 'AMO']",Santa Anastasia,strategy_nearest,False,0.002814054489135742,success
04D47C429C4C80,2,['Torre Lamberti'],Casa Giulietta,"['Centro Fotografia', 'Sighseeing', 'Museo Conte', 'Museo Radio', 'Palazzo della Ragione']",Santa Anastasia,strategy_nearest,False,0.0016198158264160156,success
04D47E429C4C80,0,['Arena'],Casa Giulietta,"['Centro Fotografia', 'Sighseeing', 'Torre Lamberti', 'Museo Conte', 'Museo Radio']",Castelvecchio,strategy_nearest,False,0.0032150745391845703,success
04D47B3A9C4C80,3,"['Arena', 'Torre Lamberti']",Casa Giulietta,"['Centro Fotografia', 'Sighseeing', 'Museo Conte', 'Museo Radio', 'Palazzo della Ragione']",Santa Anastasia,strategy_nearest,False,0.0023076534271240234,success
04D47F4A9C4C80,2,['Castelvecchio'],Torre Lamberti,"['Sighseeing', 'Centro Fotografia', 'Museo Conte', 'Casa Giulietta', 'Palazzo della Ragione']",Giardino Giusti,strategy_nearest,False,0.0015969276428222656,success
04D4833A9C4C80,0,['Arena'],Casa Giulietta,"['Centro Fotografia', 'Sighseeing', 'Torre Lamberti', 'Museo Conte', 'Museo Radio']",Duomo,strategy_nearest,False,0.002737760543823242,success
04D485429C4C80,2,['Casa Giulietta'],Torre Lamberti,"['Sighseeing', 'Centro Fotografia', 'Museo Conte', 'Palazzo della Ragione', 'AMO']",Castelvecchio,strategy_nearest,False,0.0020139217376708984,success
04D482429C4C80,2,"['Casa Giulietta', 'Museo Storia']",Castelvecchio,"['Museo Lapidario', 'Verona Tour', 'Arena', 'Museo Radio', 'San Zeno']",Torre Lamberti,strategy_nearest,False,0.0035181045532226562,success
04D48D4A9C4C80,1,['Arena'],Museo Lapidario,"['Verona Tour', 'Castelvecchio', 'Museo Radio', 'San Fermo', 'Casa Giulietta']",Palazzo della Ragione,strategy_nearest,False,0.0026209354400634766,success
04D4914A9C4C80,2,['Tomba Giulietta'],Casa Giulietta,"['Centro Fotografia', 'Sighseeing', 'Torre Lamberti', 'Museo Conte', 'Museo Radio']",Torre Lamberti,strategy_nearest,True,0.0027298927307128906,success
04D488429C4C80,0,"['Arena', 'Casa Giulietta']",Teatro Romano,"['Santa Anastasia', 'Duomo', 'AMO', 'Palazzo della Ragione', 'Museo Conte']",Duomo,strategy_nearest,True,0.0020809173583984375,success
04D4944A9C4C80,0,"['San Fermo', 'Casa Giulietta']",Castelvecchio,"['Museo Lapidario', 'Verona Tour', 'Arena', 'Museo Radio', 'San Zeno']",Tomba Giulietta,strategy_nearest,False,0.0033271312713623047,success
04D4A0429C4C80,3,"['Arena', 'Castelvecchio']",Duomo,"['AMO', 'Museo Miniscalchi', 'Santa Anastasia', 'Teatro Romano', 'Palazzo della Ragione']",Santa Anastasia,strategy_nearest,True,0.0023539066314697266,success
04D49D4A9C4C80,3,"['Arena', 'Museo Lapidario', 'Torre Lamberti']",Casa Giulietta,"['Centro Fotografia', 'Sighseeing', 'Museo Conte', 'Museo Radio', 'Palazzo della Ragione']",Santa Anastasia,strategy_nearest,False,0.002961874008178711,success
04D4A2429C4C80,0,['Casa Giulietta'],Arena,"['Verona Tour', 'Museo Lapidario', 'Museo Radio', 'San Fermo', 'Sighseeing']",Santa Anastasia,strategy_nearest,False,0.0035462379455566406,success
04D4A44A9C4C80,0,"['Arena', 'Castelvecchio']",Duomo,"['AMO', 'Museo Miniscalchi', 'Santa Anastasia', 'Teatro Romano', 'Palazzo della Ragione']",Teatro Romano,strategy_nearest,True,0.0028810501098632812,success
04D4A93A9C4C80,3,['Arena'],Santa Anastasia,"['AMO', 'Museo Conte', 'Palazzo della Ragione', 'Teatro Romano', 'Centro Fotografia']",Duomo,strategy_nearest,False,0.0022428035736083984,success
04D4A83A9C4C80,3,"['Arena', 'Casa Giulietta']",Torre Lamberti,"['Sighseeing', 'Centro Fotografia', 'Museo Conte', 'Palazzo della Ragione', 'AMO']",Santa Anastasia,strategy_nearest,False,0.0018699169158935547,success
04D4A94A9C4C80,3,"['Arena', 'Torre Lamberti']",Santa Anastasia,"['AMO', 'Museo Conte', 'Palazzo della Ragione', 'Teatro Romano', 'Centro Fotografia']",Teatro Romano,strategy_nearest,True,0.0031769275665283203,success
04D4A9429C4C80,0,['Arena'],Casa Giulietta,"['Centro Fotografia', 'Sighseeing', 'Torre Lamberti', 'Museo Conte', 'Museo Radio']",Torre Lamberti,strategy_nearest,True,0.0028772354125976562,success
04D4AB4A9C4C80,3,['Arena'],Torre Lamberti,"['Sighseeing', 'Centro Fotografia', 'Museo Conte', 'Casa Giulietta', 'Palazzo della Ragione']",Santa Anastasia,strategy_nearest,False,0.0022678375244140625,success
04D4B4429C4C80,2,"['Teatro Romano', 'Torre Lamberti']",Casa Giulietta,"['Centro Fotografia', 'Sighseeing', 'Museo Conte', 'Museo Radio', 'Palazzo della Ragione']",Castelvecchio,strategy_nearest,False,0.002804279327392578,success
04D4B93A9C4C80,0,['Arena'],Duomo,"['AMO', 'Museo Miniscalchi', 'Santa Anastasia', 'Teatro Romano', 'Palazzo della Ragione']",Casa Giulietta,strategy_nearest,False,0.0033118724822998047,success
04D4B53A9C4C80,6,"['Arena', 'Museo Lapidario', 'Casa Giulietta']",Santa Anastasia,"['AMO', 'Museo Conte', 'Palazzo della Ragione', 'Teatro Romano', 'Centro Fotografia']",Duomo,strategy_nearest,False,0.002064943313598633,success
04D4D13A9C4C80,1,"['Arena', 'San Fermo', 'Casa Giulietta', 'Torre Lamberti', 'Santa Anastasia']",Duomo,"['AMO', 'Museo Miniscalchi', 'Teatro Romano', 'Palazzo della Ragione', 'Museo Conte']",Castelvecchio,strategy_nearest,False,0.0033500194549560547,success
04D4D3429C4C80,0,['Arena'],Castelvecchio,"['Museo Lapidario', 'Verona Tour', 'Museo Radio', 'San Zeno', 'Sighseeing']",Teatro Romano,strategy_nearest,False,0.0020630359649658203,success
04D4E53A9C4C80,2,"['Santa Anastasia', 'Duomo', 'Teatro Romano', 'Torre Lamberti']",Palazzo della Ragione,"['AMO', 'Museo Conte', 'Centro Fotografia', 'Sighseeing', 'Museo Miniscalchi']",Casa Giulietta,strategy_nearest,False,0.002554178237915039,success
04D4F33A9C4C80,3,"['Castelvecchio', 'Casa Giulietta', 'Torre Lamberti']",Santa Anastasia,"['AMO', 'Museo Conte', 'Palazzo della Ragione', 'Teatro Romano', 'Centro Fotografia']",Duomo,strategy_nearest,False,0.0036301612854003906,success
04D4FD3A9C4C80,3,"['Castelvecchio', 'Casa Giulietta']",Torre Lamberti,"['Sighseeing', 'Centro Fotografia', 'Museo Conte', 'Palazzo della Ragione', 'AMO']",Santa Anastasia,strategy_nearest,False,0.0033011436462402344,success
04D4FB3A9C4C80,0,['Arena'],Torre Lamberti,"['Sighseeing', 'Centro Fotografia', 'Museo Conte', 'Casa Giulietta', 'Palazzo della Ragione']",Casa Giulietta,strategy_nearest,True,0.0031778812408447266,success
04D4FC3A9C4C80,3,"['Castelvecchio', 'Arena', 'Casa Giulietta']",Torre Lamberti,"['Sighseeing', 'Centro Fotografia', 'Museo Conte', 'Palazzo della Ragione', 'AMO']",Santa Anastasia,strategy_nearest,False,0.001931905746459961,success
04D5023A9C4C84,3,"['Castelvecchio', 'Arena', 'Casa Giulietta']",Torre Lamberti,"['Sighseeing', 'Centro Fotografia', 'Museo Conte', 'Palazzo della Ragione', 'AMO']",Teatro Romano,strategy_nearest,False,0.0024220943450927734,success
04D51A429C4C80,0,['San Fermo'],Casa Giulietta,"['Centro Fotografia', 'Sighseeing', 'Torre Lamberti', 'Museo Conte', 'Museo Radio']",Arena,strategy_nearest,False,0.0033669471740722656,success
04D50C429C4C84,3,"['Casa Giulietta', 'San Fermo', 'Castelvecchio']",Arena,"['Verona Tour', 'Museo Lapidario', 'Museo Radio', 'Sighseeing', 'Torre Lamberti']",San Zeno,strategy_nearest,False,0.003023862838745117,success
04D50B429C4C84,0,['Arena'],Castelvecchio,"['Museo Lapidario', 'Verona Tour', 'Museo Radio', 'San Zeno', 'Sighseeing']",Teatro Romano,strategy_nearest,False,0.0024900436401367188,success
04D51B429C4C84,1,"['Arena', 'Castelvecchio']",Palazzo della Ragione,"['AMO', 'Museo Conte', 'Torre Lamberti', 'Centro Fotografia', 'Sighseeing']",Santa Anastasia,strategy_nearest,False,0.0014426708221435547,success
04D51F3A9C4C84,0,['Arena'],Casa Giulietta,"['Centro Fotografia', 'Sighseeing', 'Torre Lamberti', 'Museo Conte', 'Museo Radio']",Castelvecchio,strategy_nearest,False,0.003098011016845703,success
04D51D429C4C80,1,"['Arena', 'Torre Lamberti', 'Palazzo della Ragione', 'Casa Giulietta', 'San Fermo', 'Museo Storia']",Tomba Giulietta,"['Museo Lapidario', 'Museo Radio', 'Verona Tour', 'Castelvecchio', 'Sighseeing']",Castelvecchio,strategy_nearest,True,0.002443075180053711,success
04D5243A9C4C84,0,['Arena'],Torre Lamberti,"['Sighseeing', 'Centro Fotografia', 'Museo Conte', 'Casa Giulietta', 'Palazzo della Ragione']",Duomo,strategy_nearest,False,0.0036628246307373047,success
04D5253A9C4C84,0,['Arena'],Torre Lamberti,"['Sighseeing', 'Centro Fotografia', 'Museo Conte', 'Casa Giulietta', 'Palazzo della Ragione']",Teatro Romano,strategy_nearest,False,0.0022263526916503906,success
04D538429C4C80,3,"['Arena', 'Castelvecchio']",Torre Lamberti,"['Sighseeing', 'Centro Fotografia', 'Museo Conte', 'Casa Giulietta', 'Palazzo della Ragione']",Santa Anastasia,strategy_nearest,False,0.003244638442993164,success
04D5383A9C4C80,3,"['Arena', 'Torre Lamberti', 'Casa Giulietta', 'Casa Giulietta']",San Fermo,"['Museo Storia', 'Museo Radio', 'Centro Fotografia', 'Sighseeing', 'Museo Conte']",Santa Anastasia,strategy_nearest,False,0.002295970916748047,success
04D52A429C4C80,1,"['Castelvecchio', 'Duomo', 'Santa Anastasia']",Palazzo della Ragione,"['AMO', 'Museo Conte', 'Torre Lamberti', 'Centro Fotografia', 'Sighseeing']",Arena,strategy_nearest,False,0.003450155258178711,success
04D539429C4C80,1,"['Palazzo della Ragione', 'Torre Lamberti', 'Casa Giulietta']",Santa Anastasia,"['AMO', 'Museo Conte', 'Teatro Romano', 'Centro Fotografia', 'Duomo']",Teatro Romano,strategy_nearest,True,0.002228975296020508,success
04D54E429C4C80,3,"['Arena', 'Torre Lamberti', 'Casa Giulietta']",Santa Anastasia,"['AMO', 'Museo Conte', 'Palazzo della Ragione', 'Teatro Romano', 'Centro Fotografia']",Duomo,strategy_nearest,False,0.002835988998413086,success
04D579429C4C80,0,['Castelvecchio'],Arena,"['Verona Tour', 'Museo Lapidario', 'Museo Radio', 'San Fermo', 'Casa Giulietta']",Casa Giulietta,strategy_nearest,True,0.003264904022216797,success
04D5613A9C4C80,3,"['San Zeno', 'Torre Lamberti', 'San Fermo', 'Teatro Romano']",Duomo,"['AMO', 'Museo Miniscalchi', 'Santa Anastasia', 'Palazzo della Ragione', 'Museo Conte']",Arena,strategy_nearest,False,0.002134084701538086,success
04D581429C4C80,0,['Museo Lapidario'],Arena,"['Verona Tour', 'Museo Radio', 'San Fermo', 'Casa Giulietta', 'Sighseeing']",Torre Lamberti,strategy_nearest,False,0.0025641918182373047,success
04D57C4A9C4C80,3,"['Arena', 'Torre Lamberti']",Santa Anastasia,"['AMO', 'Museo Conte', 'Palazzo della Ragione', 'Teatro Romano', 'Centro Fotografia']",Duomo,strategy_nearest,False,0.002109050750732422,success
04D57C429C4C80,3,"['Arena', 'Casa Giulietta', 'Torre Lamberti']",Santa Anastasia,"['AMO', 'Museo Conte', 'Palazzo della Ragione', 'Teatro Romano', 'Centro Fotografia']",Teatro Romano,strategy_nearest,True,0.002768993377685547,success
04D57D4A9C4C80,3,['Arena'],Casa Giulietta,"['Centro Fotografia', 'Sighseeing', 'Torre Lamberti', 'Museo Conte', 'Museo Radio']",Torre Lamberti,strategy_nearest,True,0.0033969879150390625,success
04D58D4A9C4C80,0,['Arena'],Torre Lamberti,"['Sighseeing', 'Centro Fotografia', 'Museo Conte', 'Casa Giulietta', 'Palazzo della Ragione']",Castelvecchio,strategy_nearest,False,0.002146005630493164,success
04D5924A9C4C80,2,['Castelvecchio'],Casa Giulietta,"['Centro Fotografia', 'Sighseeing', 'Torre Lamberti', 'Museo Conte', 'Museo Radio']",Torre Lamberti,strategy_nearest,True,0.0013720989227294922,success
04D588429C4C80,1,"['Casa Giulietta', 'Torre Lamberti', 'Palazzo della Ragione', 'Santa Anastasia']",Duomo,"['AMO', 'Museo Miniscalchi', 'Teatro Romano', 'Museo Conte', 'Centro Fotografia']",Teatro Romano,strategy_nearest,True,0.0033860206604003906,success
04D585429C4C80,3,"['Arena', 'Casa Giulietta']",Torre Lamberti,"['Sighseeing', 'Centro Fotografia', 'Museo Conte', 'Palazzo della Ragione', 'AMO']",Santa Anastasia,strategy_nearest,False,0.0034019947052001953,success
04D5A8429C4C80,3,"['Arena', 'Casa Giulietta']",Torre Lamberti,"['Sighseeing', 'Centro Fotografia', 'Museo Conte', 'Palazzo della Ragione', 'AMO']",Santa Anastasia,strategy_nearest,False,0.0020439624786376953,success
04D59B429C4C80,0,['Arena'],Casa Giulietta,"['Centro Fotografia', 'Sighseeing', 'Torre Lamberti', 'Museo Conte', 'Museo Radio']",Castelvecchio,strategy_nearest,False,0.0012881755828857422,success
04D5A93A9C4C80,3,['Arena'],Castelvecchio,"['Museo Lapidario', 'Verona Tour', 'Museo Radio', 'San Zeno', 'Sighseeing']",Santa Anastasia,strategy_nearest,False,0.002624034881591797,success
04D5B93A9C4C80,3,"['Arena', 'Torre Lamberti']",Casa Giulietta,"['Centro Fotografia', 'Sighseeing', 'Museo Conte', 'Museo Radio', 'Palazzo della Ragione']",Castelvecchio,strategy_nearest,False,0.002735137939453125,success
04D5AA3A9C4C80,2,"['Casa Giulietta', 'San Fermo']",Giardino Giusti,"['Santa Anastasia', 'Teatro Romano', 'Museo Conte', 'Centro Fotografia', 'Museo Storia']",Santa Anastasia,strategy_nearest,True,0.0020978450775146484,success
04D5BA3A9C4C80,0,['Arena'],Torre Lamberti,"['Sighseeing', 'Centro Fotografia', 'Museo Conte', 'Casa Giulietta', 'Palazzo della Ragione']",Casa Giulietta,strategy_nearest,True,0.003339052200317383,success
04D5B0429C4C80,2,['Casa Giulietta'],Duomo,"['AMO', 'Museo Miniscalchi', 'Santa Anastasia', 'Teatro Romano', 'Palazzo della Ragione']",Torre Lamberti,strategy_nearest,False,0.002727985382080078,success
04D5D03A9C4C80,2,['Casa Giulietta'],Torre Lamberti,"['Sighseeing', 'Centro Fotografia', 'Museo Conte', 'Palazzo della Ragione', 'AMO']",Castelvecchio,strategy_nearest,False,0.0016787052154541016,success
04D5D3429C4C80,3,"['Arena', 'Castelvecchio', 'Duomo']",Santa Anastasia,"['AMO', 'Museo Conte', 'Palazzo della Ragione', 'Teatro Romano', 'Centro Fotografia']",Teatro Romano,strategy_nearest,True,0.002418994903564453,success
04D5D73A9C4C80,0,['Arena'],Casa Giulietta,"['Centro Fotografia', 'Sighseeing', 'Torre Lamberti', 'Museo Conte', 'Museo Radio']",Duomo,strategy_nearest,False,0.0027310848236083984,success
04D5DC429C4C80,2,"['Casa Giulietta', 'San Fermo']",Tomba Giulietta,"['Museo Storia', 'Arena', 'Museo Lapidario', 'Museo Radio', 'Verona Tour']",Santa Anastasia,strategy_nearest,False,0.003445148468017578,success
04D5E03A9C4C80,1,"['Arena', 'Castelvecchio', 'Torre Lamberti']",Torre Lamberti,"['Sighseeing', 'Centro Fotografia', 'Museo Conte', 'Casa Giulietta', 'Palazzo della Ragione']",Torre Lamberti,strategy_nearest,False,0.003153085708618164,success
04D5FD3A9C4C80,2,"['Museo Lapidario', 'Castelvecchio', 'Casa Giulietta', 'Torre Lamberti']",Santa Anastasia,"['AMO', 'Museo Conte', 'Palazzo della Ragione', 'Teatro Romano', 'Centro Fotografia']",Duomo,strategy_nearest,False,0.0019421577453613281,success
04D6023A9C4C84,0,['Arena'],Museo Lapidario,"['Verona Tour', 'Castelvecchio', 'Museo Radio', 'San Fermo', 'Casa Giulietta']",Castelvecchio,strategy_nearest,True,0.0030820369720458984,success
04D5EA429C4C80,2,['Casa Giulietta'],Santa Anastasia,"['AMO', 'Museo Conte', 'Palazzo della Ragione', 'Teatro Romano', 'Centro Fotografia']",Duomo,strategy_nearest,False,0.0033490657806396484,success
04D5E1429C4C80,2,['Santa Anastasia'],Teatro Romano,"['Duomo', 'AMO', 'Palazzo della Ragione', 'Museo Conte', 'Centro Fotografia']",Duomo,strategy_nearest,True,0.003036022186279297,success
04D6053A9C4C84,3,"['Arena', 'Casa Giulietta']",Torre Lamberti,"['Sighseeing', 'Centro Fotografia', 'Museo Conte', 'Palazzo della Ragione', 'AMO']",Santa Anastasia,strategy_nearest,False,0.0027582645416259766,success
04D60D429C4C84,3,['Arena'],Santa Anastasia,"['AMO', 'Museo Conte', 'Palazzo della Ragione', 'Teatro Romano', 'Centro Fotografia']",San Zeno,strategy_nearest,False,0.0026459693908691406,success
04D608429C4C84,3,"['Museo Lapidario', 'Arena', 'Torre Lamberti', 'Giardino Giusti', 'Teatro Romano']",Santa Anastasia,"['AMO', 'Museo Conte', 'Palazzo della Ragione', 'Centro Fotografia', 'Duomo']",Casa Giulietta,strategy_nearest,False,0.002084016799926758,success
04D60F3A9C4C80,1,"['Arena', 'Casa Giulietta', 'Torre Lamberti']",Palazzo della Ragione,"['AMO', 'Museo Conte', 'Centro Fotografia', 'Sighseeing', 'Santa Anastasia']",Santa Anastasia,strategy_nearest,True,0.003407716751098633,success
04D6133A9C4C80,2,['San Zeno'],Casa Giulietta,"['Centro Fotografia', 'Sighseeing', 'Torre Lamberti', 'Museo Conte', 'Museo Radio']",Duomo,strategy_nearest,False,0.0017020702362060547,success
04D614429C4C84,0,['Arena'],Casa Giulietta,"['Centro Fotografia', 'Sighseeing', 'Torre Lamberti', 'Museo Conte', 'Museo Radio']",Santa Anastasia,strategy_nearest,False,0.002743959426879883,success
04D6154A9C4C80,2,"['Castelvecchio', 'Casa Giulietta']",Santa Anastasia,"['AMO', 'Museo Conte', 'Palazzo della Ragione', 'Teatro Romano', 'Centro Fotografia']",Duomo,strategy_nearest,False,0.0031380653381347656,success
04D616429C4C80,1,"['Arena', 'Casa Giulietta']",Torre Lamberti,"['Sighseeing', 'Centro Fotografia', 'Museo Conte', 'Palazzo della Ragione', 'AMO']",Palazzo della Ragione,strategy_nearest,True,0.0023860931396484375,success
04D61B3A9C4C84,0,['Arena'],Castelvecchio,"['Museo Lapidario', 'Verona Tour', 'Museo Radio', 'San Zeno', 'Sighseeing']",Casa Giulietta,strategy_nearest,False,0.0017969608306884766,success
04D6203A9C4C80,3,"['Castelvecchio', 'Arena']",Casa Giulietta,"['Centro Fotografia', 'Sighseeing', 'Torre Lamberti', 'Museo Conte', 'Museo Radio']",Santa Anastasia,strategy_nearest,False,0.003345012664794922,success
04D619429C4C80,1,"['Arena', 'Torre Lamberti']",Palazzo della Ragione,"['AMO', 'Museo Conte', 'Centro Fotografia', 'Sighseeing', 'Santa Anastasia']",Duomo,strategy_nearest,False,0.00403904914855957,success
04D6213A9C4C80,0,['Castelvecchio'],Arena,"['Verona Tour', 'Museo Lapidario', 'Museo Radio', 'San Fermo', 'Casa Giulietta']",Duomo,strategy_nearest,False,0.0030090808868408203,success
04D625429C4C84,0,"['San Zeno', 'Arena']",Casa Giulietta,"['Centro Fotografia', 'Sighseeing', 'Torre Lamberti', 'Museo Conte', 'Museo Radio']",Giardino Giusti,strategy_nearest,False,0.002215862274169922,success
04D62D429C4C80,2,['Castelvecchio'],San Zeno,"['Verona Tour', 'Museo Lapidario', 'Arena', 'Museo Miniscalchi', 'Sighseeing']",Casa Giulietta,strategy_nearest,False,0.002688884735107422,success
04D62C429C4C80,0,"['Castelvecchio', 'Torre Lamberti']",Casa Giulietta,"['Centro Fotografia', 'Sighseeing', 'Museo Conte', 'Museo Radio', 'Palazzo della Ragione']",Arena,strategy_nearest,False,0.004092216491699219,success
04D634429C4C80,0,['Arena'],Casa Giulietta,"['Centro Fotografia', 'Sighseeing', 'Torre Lamberti', 'Museo Conte', 'Museo Radio']",Torre Lamberti,strategy_nearest,True,0.0024399757385253906,success
04D638429C4C80,1,"['Arena', 'Casa Giulietta']",Torre Lamberti,"['Sighseeing', 'Centro Fotografia', 'Museo Conte', 'Palazzo della Ragione', 'AMO']",Palazzo della Ragione,strategy_nearest,True,0.003108978271484375,success
04D65B3A9C4C80,0,"['Arena', 'Casa Giulietta']",San Fermo,"['Museo Storia', 'Museo Radio', 'Centro Fotografia', 'Sighseeing', 'Torre Lamberti']",Torre Lamberti,strategy_nearest,True,0.0031402111053466797,success
04D647429C4C80,3,"['San Fermo', 'Casa Giulietta']",Arena,"['Verona Tour', 'Museo Lapidario', 'Museo Radio', 'Sighseeing', 'Castelvecchio']",Torre Lamberti,strategy_nearest,False,0.0026187896728515625,success
04D63C429C4C80,3,"['Castelvecchio', 'Arena', 'Torre Lamberti']",Santa Anastasia,"['AMO', 'Museo Conte', 'Palazzo della Ragione', 'Teatro Romano', 'Centro Fotografia']",Duomo,strategy_nearest,False,0.0020830631256103516,success
04D6663A9C4C80,0,['Casa Giulietta'],Arena,"['Verona Tour', 'Museo Lapidario', 'Museo Radio', 'San Fermo', 'Sighseeing']",Teatro Romano,strategy_nearest,False,0.0015990734100341797,success
04D65E3A9C4C80,1,"['Arena', 'Museo Lapidario', 'Castelvecchio', 'Duomo']",Santa Anastasia,"['AMO', 'Museo Conte', 'Palazzo della Ragione', 'Teatro Romano', 'Centro Fotografia']",Palazzo della Ragione,strategy_nearest,True,0.0034067630767822266,success
04D66C3A9C4C80,2,"['Palazzo della Ragione', 'Torre Lamberti']",Santa Anastasia,"['AMO', 'Museo Conte', 'Teatro Romano', 'Centro Fotografia', 'Duomo']",Duomo,strategy_nearest,True,0.00344085693359375,success
04D67A429C4C80,0,['Arena'],Torre Lamberti,"['Sighseeing', 'Centro Fotografia', 'Museo Conte', 'Casa Giulietta', 'Palazzo della Ragione']",Castelvecchio,strategy_nearest,False,0.0025501251220703125,success
04D67C4A9C4C80,2,"['Castelvecchio', 'San Zeno']",Santa Anastasia,"['AMO', 'Museo Conte', 'Palazzo della Ragione', 'Teatro Romano', 'Centro Fotografia']",Casa Giulietta,strategy_nearest,False,0.0026481151580810547,success
04D67C429C4C80,0,['Arena'],Casa Giulietta,"['Centro Fotografia', 'Sighseeing', 'Torre Lamberti', 'Museo Conte', 'Museo Radio']",Torre Lamberti,strategy_nearest,True,0.0033562183380126953,success
04D67F429C4C80,2,"['Casa Giulietta', 'Santa Anastasia', 'Duomo']",Teatro Romano,"['AMO', 'Palazzo della Ragione', 'Museo Conte', 'Centro Fotografia', 'Museo Miniscalchi']",Giardino Giusti,strategy_nearest,False,0.0027189254760742188,success
04D680429C4C80,3,['Arena'],Santa Anastasia,"['AMO', 'Museo Conte', 'Palazzo della Ragione', 'Teatro Romano', 'Centro Fotografia']",Teatro Romano,strategy_nearest,True,0.0026750564575195312,success
04D681429C4C80,2,['San Zeno'],Casa Giulietta,"['Centro Fotografia', 'Sighseeing', 'Torre Lamberti', 'Museo Conte', 'Museo Radio']",Santa Anastasia,strategy_nearest,False,0.0032062530517578125,success
04D67E429C4C80,0,['Arena'],Casa Giulietta,"['Centro Fotografia', 'Sighseeing', 'Torre Lamberti', 'Museo Conte', 'Museo Radio']",Casa Giulietta,strategy_nearest,False,0.002613067626953125,success
04D68E4A9C4C80,3,"['Arena', 'Casa Giulietta']",Torre Lamberti,"['Sighseeing', 'Centro Fotografia', 'Museo Conte', 'Palazzo della Ragione', 'AMO']",Santa Anastasia,strategy_nearest,False,0.002003908157348633,success
04D6874A9C4C80,3,"['Arena', 'San Fermo']",Casa Giulietta,"['Centro Fotografia', 'Sighseeing', 'Torre Lamberti', 'Museo Conte', 'Museo Radio']",Castelvecchio,strategy_nearest,False,0.002210855484008789,success
04D68B4A9C4C80,3,"['Museo Lapidario', 'Museo Lapidario', 'Arena']",Casa Giulietta,"['Centro Fotografia', 'Sighseeing', 'Torre Lamberti', 'Museo Conte', 'Museo Radio']",San Fermo,strategy_nearest,False,0.002771139144897461,success
04D687429C4C80,3,"['Arena', 'Castelvecchio']",Duomo,"['AMO', 'Museo Miniscalchi', 'Santa Anastasia', 'Teatro Romano', 'Palazzo della Ragione']",Santa Anastasia,strategy_nearest,True,0.00414586067199707,success
04D6974A9C4C80,3,['Arena'],Duomo,"['AMO', 'Museo Miniscalchi', 'Santa Anastasia', 'Teatro Romano', 'Palazzo della Ragione']",Santa Anastasia,strategy_nearest,True,0.0019540786743164062,success
04D69A429C4C80,3,"['Castelvecchio', 'Arena']",Torre Lamberti,"['Sighseeing', 'Centro Fotografia', 'Museo Conte', 'Casa Giulietta', 'Palazzo della Ragione']",Casa Giulietta,strategy_nearest,True,0.003108978271484375,success
04D6924A9C4C80,3,['Arena'],Casa Giulietta,"['Centro Fotografia', 'Sighseeing', 'Torre Lamberti', 'Museo Conte', 'Museo Radio']",Torre Lamberti,strategy_nearest,True,0.002582073211669922,success
04D69B4A9C4C80,0,"['Arena', 'Castelvecchio']",San Zeno,"['Verona Tour', 'Museo Lapidario', 'Museo Miniscalchi', 'Sighseeing', 'Museo Radio']",Teatro Romano,strategy_nearest,False,0.0033409595489501953,success
04D6A04A9C4C80,0,['Arena'],Torre Lamberti,"['Sighseeing', 'Centro Fotografia', 'Museo Conte', 'Casa Giulietta', 'Palazzo della Ragione']",Giardino Giusti,strategy_nearest,False,0.0026869773864746094,success
04D6A24A9C4C80,0,['Castelvecchio'],Arena,"['Verona Tour', 'Museo Lapidario', 'Museo Radio', 'San Fermo', 'Casa Giulietta']",Torre Lamberti,strategy_nearest,False,0.00302886962890625,success
04D69C429C4C80,3,['Arena'],Casa Giulietta,"['Centro Fotografia', 'Sighseeing', 'Torre Lamberti', 'Museo Conte', 'Museo Radio']",Santa Anastasia,strategy_nearest,False,0.002122163772583008,success
04D6A53A9C4C80,3,"['Arena', 'Casa Giulietta']",Torre Lamberti,"['Sighseeing', 'Centro Fotografia', 'Museo Conte', 'Palazzo della Ragione', 'AMO']",Santa Anastasia,strategy_nearest,False,0.0033011436462402344,success
04D6A44A9C4C80,3,"['Arena', 'Duomo']",Teatro Romano,"['Santa Anastasia', 'AMO', 'Palazzo della Ragione', 'Museo Conte', 'Centro Fotografia']",Torre Lamberti,strategy_nearest,False,0.003348827362060547,success
04D6AA3A9C4C80,0,"['Castelvecchio', 'Arena']",Casa Giulietta,"['Centro Fotografia', 'Sighseeing', 'Torre Lamberti', 'Museo Conte', 'Museo Radio']",Teatro Romano,strategy_nearest,False,0.0019898414611816406,success
04D6A94A9C4C80,0,['Arena'],Casa Giulietta,"['Centro Fotografia', 'Sighseeing', 'Torre Lamberti', 'Museo Conte', 'Museo Radio']",Tomba Giulietta,strategy_nearest,False,0.003215789794921875,success
04D6AE3A9C4C80,2,"['Casa Giulietta', 'Tomba Giulietta']",Castelvecchio,"['Museo Lapidario', 'Verona Tour', 'Arena', 'Museo Radio', 'San Zeno']",Torre Lamberti,strategy_nearest,False,0.002735137939453125,success
04D6C33A9C4C80,3,"['Tomba Giulietta', 'Arena', 'Casa Giulietta']",Torre Lamberti,"['Sighseeing', 'Centro Fotografia', 'Museo Conte', 'Palazzo della Ragione', 'AMO']",Santa Anastasia,strategy_nearest,False,0.0025501251220703125,success
04D6BE3A9C4C80,0,['Arena'],San Fermo,"['Museo Storia', 'Museo Radio', 'Casa Giulietta', 'Centro Fotografia', 'Sighseeing']",Casa Giulietta,strategy_nearest,True,0.0015249252319335938,success
04D6BF429C4C80,3,['Arena'],Santa Anastasia,"['AMO', 'Museo Conte', 'Palazzo della Ragione', 'Teatro Romano', 'Centro Fotografia']",Duomo,strategy_nearest,False,0.0031380653381347656,success
04D6C43A9C4C80,0,"['Tomba Giulietta', 'Casa Giulietta']",Teatro Romano,"['Santa Anastasia', 'Duomo', 'AMO', 'Palazzo della Ragione', 'Museo Conte']",Duomo,strategy_nearest,True,0.0014410018920898438,success
04D6C4429C4C80,0,['Arena'],Casa Giulietta,"['Centro Fotografia', 'Sighseeing', 'Torre Lamberti', 'Museo Conte', 'Museo Radio']",Santa Anastasia,strategy_nearest,False,0.0019960403442382812,success
04D6CB3A9C4C80,2,['Casa Giulietta'],Torre Lamberti,"['Sighseeing', 'Centro Fotografia', 'Museo Conte', 'Palazzo della Ragione', 'AMO']",Duomo,strategy_nearest,False,0.0026962757110595703,success
04D6CF429C4C80,3,"['Castelvecchio', 'San Fermo']",Teatro Romano,"['Santa Anastasia', 'Duomo', 'AMO', 'Palazzo della Ragione', 'Museo Conte']",Duomo,strategy_nearest,True,0.0031838417053222656,success
04D6D5429C4C80,3,"['Arena', 'Castelvecchio', 'Duomo']",Santa Anastasia,"['AMO', 'Museo Conte', 'Palazzo della Ragione', 'Teatro Romano', 'Centro Fotografia']",Giardino Giusti,strategy_nearest,False,0.0022819042205810547,success
04D6F63A9C4C80,3,['Arena'],Torre Lamberti,"['Sighseeing', 'Centro Fotografia', 'Museo Conte', 'Casa Giulietta', 'Palazzo della Ragione']",Santa Anastasia,strategy_nearest,False,0.0031938552856445312,success
04D6D73A9C4C80,3,"['Arena', 'Torre Lamberti', 'Castelvecchio']",Santa Anastasia,"['AMO', 'Museo Conte', 'Palazzo della Ragione', 'Teatro Romano', 'Centro Fotografia']",Teatro Romano,strategy_nearest,True,0.0028486251831054688,success
04D6DA429C4C80,3,"['Teatro Romano', 'Duomo']",Torre Lamberti,"['Sighseeing', 'Centro Fotografia', 'Museo Conte', 'Casa Giulietta', 'Palazzo della Ragione']",Arena,strategy_nearest,False,0.0014500617980957031,success
04D714429C4C84,1,['Arena'],Castelvecchio,"['Museo Lapidario', 'Verona Tour', 'Museo Radio', 'San Zeno', 'Sighseeing']",Palazzo della Ragione,strategy_nearest,False,0.0020940303802490234,success
04D7113A9C4C80,0,['Arena'],Casa Giulietta,"['Centro Fotografia', 'Sighseeing', 'Torre Lamberti', 'Museo Conte', 'Museo Radio']",Teatro Romano,strategy_nearest,False,0.0033440589904785156,success
04D7154A9C4C80,0,"['Castelvecchio', 'Arena']",Casa Giulietta,"['Centro Fotografia', 'Sighseeing', 'Torre Lamberti', 'Museo Conte', 'Museo Radio']",Torre Lamberti,strategy_nearest,True,0.0026171207427978516,success
04D7144A9C4C80,3,"['Castelvecchio', 'San Zeno', 'Torre Lamberti']",San Fermo,"['Museo Storia', 'Museo Radio', 'Casa Giulietta', 'Centro Fotografia', 'Arena']",Arena,strategy_nearest,True,0.0014772415161132812,success
04D71B3A9C4C80,1,"['Castelvecchio', 'Arena', 'Casa Giulietta']",Museo Lapidario,"['Verona Tour', 'Museo Radio', 'San Fermo', 'Tomba Giulietta', 'Sighseeing']",Torre Lamberti,strategy_nearest,False,0.0027430057525634766,success
04D72E429C4C80,0,"['Arena', 'Casa Giulietta']",Duomo,"['AMO', 'Museo Miniscalchi', 'Santa Anastasia', 'Teatro Romano', 'Palazzo della Ragione']",Teatro Romano,strategy_nearest,True,0.002635955810546875,success
04D71B429C4C84,3,"['Arena', 'Torre Lamberti', 'Torre Lamberti']",Santa Anastasia,"['AMO', 'Museo Conte', 'Palazzo della Ragione', 'Teatro Romano', 'Centro Fotografia']",San Fermo,strategy_nearest,False,0.0033600330352783203,success
04D7233A9C4C84,1,"['Arena', 'Museo Lapidario']",Castelvecchio,"['Verona Tour', 'Museo Radio', 'San Zeno', 'Sighseeing', 'Museo Miniscalchi']",Torre Lamberti,strategy_nearest,False,0.0020751953125,success
04D732429C4C80,3,"['Arena', 'San Fermo']",Casa Giulietta,"['Centro Fotografia', 'Sighseeing', 'Torre Lamberti', 'Museo Conte', 'Museo Radio']",Santa Anastasia,strategy_nearest,False,0.0018818378448486328,success
04D72F429C4C80,3,"['Santa Anastasia', 'Duomo', 'Teatro Romano', 'San Zeno']",Castelvecchio,"['Museo Lapidario', 'Verona Tour', 'Arena', 'Museo Radio', 'Sighseeing']",San Fermo,strategy_nearest,False,0.002046823501586914,success
04D730429C4C80,0,"['Arena', 'Casa Giulietta']",Duomo,"['AMO', 'Museo Miniscalchi', 'Santa Anastasia', 'Teatro Romano', 'Palazzo della Ragione']",Teatro Romano,strategy_nearest,True,0.003244161605834961,success
04D741429C4C80,2,"['Santa Anastasia', 'San Zeno']",Castelvecchio,"['Museo Lapidario', 'Verona Tour', 'Arena', 'Museo Radio', 'Sighseeing']",Duomo,strategy_nearest,False,0.0018949508666992188,success
04D733429C4C80,2,"['Castelvecchio', 'Torre Lamberti', 'San Fermo']",Teatro Romano,"['Santa Anastasia', 'Duomo', 'AMO', 'Palazzo della Ragione', 'Museo Conte']",Duomo,strategy_nearest,True,0.003513813018798828,success
04D73D429C4C80,0,['Castelvecchio'],Arena,"['Verona Tour', 'Museo Lapidario', 'Museo Radio', 'San Fermo', 'Casa Giulietta']",San Fermo,strategy_nearest,True,0.003422975540161133,success
04D738429C4C80,0,['Arena'],Casa Giulietta,"['Centro Fotografia', 'Sighseeing', 'Torre Lamberti', 'Museo Conte', 'Museo Radio']",Santa Anastasia,strategy_nearest,False,0.0034112930297851562,success
04D74B3A9C4C80,3,"['Arena', 'San Fermo']",Torre Lamberti,"['Sighseeing', 'Centro Fotografia', 'Museo Conte', 'Casa Giulietta', 'Palazzo della Ragione']",Santa Anastasia,strategy_nearest,False,0.002768993377685547,success
04D7683A9C4C80,0,"['Arena', 'Torre Lamberti']",Casa Giulietta,"['Centro Fotografia', 'Sighseeing', 'Museo Conte', 'Museo Radio', 'Palazzo della Ragione']",Duomo,strategy_nearest,False,0.0013740062713623047,success
04D767429C4C80,0,['Casa Giulietta'],Torre Lamberti,"['Sighseeing', 'Centro Fotografia', 'Museo Conte', 'Palazzo della Ragione', 'AMO']",Arena,strategy_nearest,False,0.0027887821197509766,success
04D7563A9C4C80,3,"['Arena', 'Casa Giulietta']",Santa Anastasia,"['AMO', 'Museo Conte', 'Palazzo della Ragione', 'Teatro Romano', 'Centro Fotografia']",Duomo,strategy_nearest,False,0.0035321712493896484,success
04D778429C4C80,2,['Casa Giulietta'],Torre Lamberti,"['Sighseeing', 'Centro Fotografia', 'Museo Conte', 'Palazzo della Ragione', 'AMO']",Santa Anastasia,strategy_nearest,False,0.0027267932891845703,success
04D77C3A9C4C80,0,['Arena'],Castelvecchio,"['Museo Lapidario', 'Verona Tour', 'Museo Radio', 'San Zeno', 'Sighseeing']",Torre Lamberti,strategy_nearest,False,0.0023660659790039062,success
04D77B429C4C80,0,['Castelvecchio'],Arena,"['Verona Tour', 'Museo Lapidario', 'Museo Radio', 'San Fermo', 'Casa Giulietta']",Casa Giulietta,strategy_nearest,True,0.003014802932739258,success
04D77E3A9C4C80,0,"['Museo Storia', 'Torre Lamberti']",Arena,"['Verona Tour', 'Museo Lapidario', 'Museo Radio', 'San Fermo', 'Casa Giulietta']",Casa Giulietta,strategy_nearest,True,0.003483295440673828,success
04D780429C4C80,0,['Duomo'],Casa Giulietta,"['Centro Fotografia', 'Sighseeing', 'Torre Lamberti', 'Museo Conte', 'Museo Radio']",Arena,strategy_nearest,False,0.0022640228271484375,success
04D7823A9C4C80,3,['Arena'],Casa Giulietta,"['Centro Fotografia', 'Sighseeing', 'Torre Lamberti', 'Museo Conte', 'Museo Radio']",Santa Anastasia,strategy_nearest,False,0.0034608840942382812,success
04D77F429C4C80,3,"['Castelvecchio', 'Arena']",Torre Lamberti,"['Sighseeing', 'Centro Fotografia', 'Museo Conte', 'Casa Giulietta', 'Palazzo della Ragione']",San Fermo,strategy_nearest,False,0.0030930042266845703,success
04D77F3A9C4C80,2,"['Castelvecchio', 'Teatro Romano']",Santa Anastasia,"['AMO', 'Museo Conte', 'Palazzo della Ragione', 'Centro Fotografia', 'Duomo']",Torre Lamberti,strategy_nearest,False,0.0019352436065673828,success
04D788429C4C80,3,"['Arena', 'Torre Lamberti']",Santa Anastasia,"['AMO', 'Museo Conte', 'Palazzo della Ragione', 'Teatro Romano', 'Centro Fotografia']",Duomo,strategy_nearest,False,0.001997232437133789,success
04D7843A9C4C80,3,"['Arena', 'Casa Giulietta']",Torre Lamberti,"['Sighseeing', 'Centro Fotografia', 'Museo Conte', 'Palazzo della Ragione', 'AMO']",Santa Anastasia,strategy_nearest,False,0.0010652542114257812,success
04D7874A9C4C80,2,"['San Fermo', 'Casa Giulietta']",Castelvecchio,"['Museo Lapidario', 'Verona Tour', 'Arena', 'Museo Radio', 'San Zeno']",Duomo,strategy_nearest,False,0.003465890884399414,success
04D786429C4C80,2,['Castelvecchio'],San Fermo,"['Museo Storia', 'Museo Radio', 'Casa Giulietta', 'Centro Fotografia', 'Arena']",Giardino Giusti,strategy_nearest,False,0.002919912338256836,success
04D79B429C4C80,3,['Arena'],Santa Anastasia,"['AMO', 'Museo Conte', 'Palazzo della Ragione', 'Teatro Romano', 'Centro Fotografia']",Teatro Romano,strategy_nearest,True,0.002237081527709961,success
04D79B4A9C4C80,3,"['Arena', 'San Zeno', 'Castelvecchio']",Casa Giulietta,"['Centro Fotografia', 'Sighseeing', 'Torre Lamberti', 'Museo Conte', 'Museo Radio']",Santa Anastasia,strategy_nearest,False,0.0030846595764160156,success
04D7A04A9C4C80,0,['Arena'],Torre Lamberti,"['Sighseeing', 'Centro Fotografia', 'Museo Conte', 'Casa Giulietta', 'Palazzo della Ragione']",Casa Giulietta,strategy_nearest,True,0.001847982406616211,success
04D7A5429C4C80,0,"['Arena', 'Torre Lamberti']",Casa Giulietta,"['Centro Fotografia', 'Sighseeing', 'Museo Conte', 'Museo Radio', 'Palazzo della Ragione']",Castelvecchio,strategy_nearest,False,0.003862142562866211,success
04D79D429C4C80,3,"['Arena', 'Castelvecchio']",Santa Anastasia,"['AMO', 'Museo Conte', 'Palazzo della Ragione', 'Teatro Romano', 'Centro Fotografia']",Duomo,strategy_nearest,False,0.003606081008911133,success
04D7A7429C4C80,2,['Santa Anastasia'],Teatro Romano,"['Duomo', 'AMO', 'Palazzo della Ragione', 'Museo Conte', 'Centro Fotografia']",Casa Giulietta,strategy_nearest,False,0.002246856689453125,success
04D7AB3A9C4C80,0,['Arena'],Castelvecchio,"['Museo Lapidario', 'Verona Tour', 'Museo Radio', 'San Zeno', 'Sighseeing']",San Zeno,strategy_nearest,True,0.0018870830535888672,success
04D7AD3A9C4C80,2,['Casa Giulietta'],Torre Lamberti,"['Sighseeing', 'Centro Fotografia', 'Museo Conte', 'Palazzo della Ragione', 'AMO']",Giardino Giusti,strategy_nearest,False,0.0019402503967285156,success
04D7AC3A9C4C80,0,['Arena'],Casa Giulietta,"['Centro Fotografia', 'Sighseeing', 'Torre Lamberti', 'Museo Conte', 'Museo Radio']",Tomba Giulietta,strategy_nearest,False,0.003385782241821289,success
04D7B33A9C4C80,1,"['Arena', 'Torre Lamberti']",Palazzo della Ragione,"['AMO', 'Museo Conte', 'Centro Fotografia', 'Sighseeing', 'Santa Anastasia']",Casa Giulietta,strategy_nearest,False,0.0024187564849853516,success
04D7C03A9C4C80,0,['Arena'],Casa Giulietta,"['Centro Fotografia', 'Sighseeing', 'Torre Lamberti', 'Museo Conte', 'Museo Radio']",Casa Giulietta,strategy_nearest,False,0.002886056900024414,success
04D7B83A9C4C80,0,['Castelvecchio'],Arena,"['Verona Tour', 'Museo Lapidario', 'Museo Radio', 'San Fermo', 'Casa Giulietta']",Casa Giulietta,strategy_nearest,True,0.0022919178009033203,success
04D7C2429C4C80,2,['Santa Anastasia'],Palazzo della Ragione,"['AMO', 'Museo Conte', 'Torre Lamberti', 'Centro Fotografia', 'Sighseeing']",Torre Lamberti,strategy_nearest,True,0.002747774124145508,success
04D7C5429C4C80,3,"['Arena', 'San Fermo']",Duomo,"['AMO', 'Museo Miniscalchi', 'Santa Anastasia', 'Teatro Romano', 'Palazzo della Ragione']",Teatro Romano,strategy_nearest,True,0.0033111572265625,success
04D7CF3A9C4C80,3,"['Arena', 'Museo Lapidario', 'Castelvecchio']",Torre Lamberti,"['Sighseeing', 'Centro Fotografia', 'Museo Conte', 'Casa Giulietta', 'Palazzo della Ragione']",Casa Giulietta,strategy_nearest,True,0.0021200180053710938,success
04D7CE3A9C4C80,3,['Arena'],Santa Anastasia,"['AMO', 'Museo Conte', 'Palazzo della Ragione', 'Teatro Romano', 'Centro Fotografia']",Teatro Romano,strategy_nearest,True,0.0027761459350585938,success
04D7D53A9C4C80,0,['Arena'],Duomo,"['AMO', 'Museo Miniscalchi', 'Santa Anastasia', 'Teatro Romano', 'Palazzo della Ragione']",San Fermo,strategy_nearest,False,0.0014410018920898438,success
04D7D03A9C4C80,3,"['Duomo', 'Arena']",Casa Giulietta,"['Centro Fotografia', 'Sighseeing', 'Torre Lamberti', 'Museo Conte', 'Museo Radio']",Torre Lamberti,strategy_nearest,True,0.0034651756286621094,success
04D7D63A9C4C80,2,"['Teatro Romano', 'Torre Lamberti']",Palazzo della Ragione,"['AMO', 'Museo Conte', 'Centro Fotografia', 'Sighseeing', 'Santa Anastasia']",Casa Giulietta,strategy_nearest,False,0.0018596649169921875,success
04D7D6429C4C80,3,"['Arena', 'San Zeno']",Castelvecchio,"['Museo Lapidario', 'Verona Tour', 'Museo Radio', 'Sighseeing', 'Museo Miniscalchi']",Santa Anastasia,strategy_nearest,False,0.0026450157165527344,success
04D7F7429C4C80,0,['Arena'],Casa Giulietta,"['Centro Fotografia', 'Sighseeing', 'Torre Lamberti', 'Museo Conte', 'Museo Radio']",Torre Lamberti,strategy_nearest,True,0.0025060176849365234,success
04D7E43A9C4C80,0,['Arena'],Casa Giulietta,"['Centro Fotografia', 'Sighseeing', 'Torre Lamberti', 'Museo Conte', 'Museo Radio']",Torre Lamberti,strategy_nearest,True,0.0032639503479003906,success
04D812429C4C84,0,['Arena'],Castelvecchio,"['Museo Lapidario', 'Verona Tour', 'Museo Radio', 'San Zeno', 'Sighseeing']",Casa Giulietta,strategy_nearest,False,0.002562999725341797,success
04D8103A9C4C80,0,"['Arena', 'Casa Giulietta']",Teatro Romano,"['Santa Anastasia', 'Duomo', 'AMO', 'Palazzo della Ragione', 'Museo Conte']",Torre Lamberti,strategy_nearest,False,0.002034902572631836,success
04D7FA429C4C80,0,['Arena'],Castelvecchio,"['Museo Lapidario', 'Verona Tour', 'Museo Radio', 'San Zeno', 'Sighseeing']",Giardino Giusti,strategy_nearest,False,0.0039310455322265625,success
04D81C429C4C84,0,"['Arena', 'Torre Lamberti']",Castelvecchio,"['Museo Lapidario', 'Verona Tour', 'Museo Radio', 'San Zeno', 'Sighseeing']",Casa Giulietta,strategy_nearest,False,0.00128936767578125,success
04D81C3A9C4C84,0,['Arena'],Casa Giulietta,"['Centro Fotografia', 'Sighseeing', 'Torre Lamberti', 'Museo Conte', 'Museo Radio']",Torre Lamberti,strategy_nearest,True,0.003348112106323242,success
04D815429C4C84,3,"['Santa Anastasia', 'Casa Giulietta']",Arena,"['Verona Tour', 'Museo Lapidario', 'Museo Radio', 'San Fermo', 'Sighseeing']",Castelvecchio,strategy_nearest,False,0.0033240318298339844,success
04D81D3A9C4C80,6,"['Verona Tour', 'San Zeno', 'Castelvecchio']",Duomo,"['AMO', 'Museo Miniscalchi', 'Santa Anastasia', 'Teatro Romano', 'Palazzo della Ragione']",Torre Lamberti,strategy_nearest,False,0.0031359195709228516,success
04D82E429C4C80,3,"['Arena', 'Casa Giulietta']",Santa Anastasia,"['AMO', 'Museo Conte', 'Palazzo della Ragione', 'Teatro Romano', 'Centro Fotografia']",Duomo,strategy_nearest,False,0.002698183059692383,success
04D8273A9C4C84,0,['Arena'],Torre Lamberti,"['Sighseeing', 'Centro Fotografia', 'Museo Conte', 'Casa Giulietta', 'Palazzo della Ragione']",Duomo,strategy_nearest,False,0.0014109611511230469,success
04D825429C4C84,0,['Torre Lamberti'],Arena,"['Verona Tour', 'Museo Lapidario', 'Museo Radio', 'San Fermo', 'Casa Giulietta']",Castelvecchio,strategy_nearest,False,0.002309083938598633,success
04D820429C4C84,3,"['Arena', 'Casa Giulietta']",Torre Lamberti,"['Sighseeing', 'Centro Fotografia', 'Museo Conte', 'Palazzo della Ragione', 'AMO']",Duomo,strategy_nearest,False,0.00417017936706543,success
04D832429C4C80,3,"['Castelvecchio', 'Arena']",Casa Giulietta,"['Centro Fotografia', 'Sighseeing', 'Torre Lamberti', 'Museo Conte', 'Museo Radio']",Torre Lamberti,strategy_nearest,True,0.002191781997680664,success
04D83B429C4C80,2,"['Tomba Giulietta', 'Torre Lamberti']",Santa Anastasia,"['AMO', 'Museo Conte', 'Palazzo della Ragione', 'Teatro Romano', 'Centro Fotografia']",Duomo,strategy_nearest,False,0.0033769607543945312,success
04D841429C4C80,3,"['Arena', 'Castelvecchio']",Torre Lamberti,"['Sighseeing', 'Centro Fotografia', 'Museo Conte', 'Casa Giulietta', 'Palazzo della Ragione']",Santa Anastasia,strategy_nearest,False,0.0015518665313720703,success
04D8513A9C4C80,2,['San Zeno'],Castelvecchio,"['Museo Lapidario', 'Verona Tour', 'Arena', 'Museo Radio', 'Sighseeing']",Santa Anastasia,strategy_nearest,False,0.0026569366455078125,success
04D8533A9C4C80,0,['Arena'],Torre Lamberti,"['Sighseeing', 'Centro Fotografia', 'Museo Conte', 'Casa Giulietta', 'Palazzo della Ragione']",Casa Giulietta,strategy_nearest,True,0.0033249855041503906,success
04D8743A9C4C80,1,"['Arena', 'Casa Giulietta']",Torre Lamberti,"['Sighseeing', 'Centro Fotografia', 'Museo Conte', 'Palazzo della Ragione', 'AMO']",Palazzo della Ragione,strategy_nearest,True,0.001968860626220703,success
04D86B3A9C4C80,3,"['Arena', 'Teatro Romano', 'Castelvecchio', 'Casa Giulietta']",Torre Lamberti,"['Sighseeing', 'Centro Fotografia', 'Museo Conte', 'Palazzo della Ragione', 'AMO']",Santa Anastasia,strategy_nearest,False,0.0015339851379394531,success
04D86C3A9C4C80,0,"['Arena', 'Casa Giulietta']",Teatro Romano,"['Santa Anastasia', 'Duomo', 'AMO', 'Palazzo della Ragione', 'Museo Conte']",Museo Storia,strategy_nearest,False,0.0033822059631347656,success
04D87B429C4C80,0,['Arena'],Castelvecchio,"['Museo Lapidario', 'Verona Tour', 'Museo Radio', 'San Zeno', 'Sighseeing']",Santa Anastasia,strategy_nearest,False,0.002647876739501953,success
04D879429C4C80,3,['Arena'],Santa Anastasia,"['AMO', 'Museo Conte', 'Palazzo della Ragione', 'Teatro Romano', 'Centro Fotografia']",San Fermo,strategy_nearest,False,0.002020120620727539,success
04D8803A9C4C80,3,"['Arena', 'Casa Giulietta']",Santa Anastasia,"['AMO', 'Museo Conte', 'Palazzo della Ragione', 'Teatro Romano', 'Centro Fotografia']",Teatro Romano,strategy_nearest,True,0.0033385753631591797,success
04D878429C4C80,2,['Casa Giulietta'],Torre Lamberti,"['Sighseeing', 'Centro Fotografia', 'Museo Conte', 'Palazzo della Ragione', 'AMO']",Castelvecchio,strategy_nearest,False,0.0028340816497802734,success
04D881429C4C80,2,"['Casa Giulietta', 'Torre Lamberti']",Santa Anastasia,"['AMO', 'Museo Conte', 'Palazzo della Ragione', 'Teatro Romano', 'Centro Fotografia']",Teatro Romano,strategy_nearest,True,0.00279998779296875,success
04D887429C4C80,3,"['Casa Giulietta', 'Torre Lamberti', 'Teatro Romano']",Duomo,"['AMO', 'Museo Miniscalchi', 'Santa Anastasia', 'Palazzo della Ragione', 'Museo Conte']",Santa Anastasia,strategy_nearest,True,0.003412008285522461,success
04D88C4A9C4C80,3,"['Arena', 'San Fermo']",Casa Giulietta,"['Centro Fotografia', 'Sighseeing', 'Torre Lamberti', 'Museo Conte', 'Museo Radio']",Teatro Romano,strategy_nearest,False,0.003319978713989258,success
04D88C3A9C4C80,0,['Arena'],Museo Lapidario,"['Verona Tour', 'Castelvecchio', 'Museo Radio', 'San Fermo', 'Casa Giulietta']",Castelvecchio,strategy_nearest,True,0.0014541149139404297,success
04D88D429C4C80,3,"['Castelvecchio', 'Arena', 'Casa Giulietta']",Museo Storia,"['San Fermo', 'Museo Radio', 'Centro Fotografia', 'Tomba Giulietta', 'Torre Lamberti']",Giardino Giusti,strategy_nearest,False,0.0027801990509033203,success
04D897429C4C80,0,['Arena'],Casa Giulietta,"['Centro Fotografia', 'Sighseeing', 'Torre Lamberti', 'Museo Conte', 'Museo Radio']",Santa Anastasia,strategy_nearest,False,0.0026869773864746094,success
04D88E4A9C4C80,0,['Arena'],Casa Giulietta,"['Centro Fotografia', 'Sighseeing', 'Torre Lamberti', 'Museo Conte', 'Museo Radio']",Torre Lamberti,strategy_nearest,True,0.0020287036895751953,success
04D899429C4C80,1,"['Arena', 'Casa Giulietta']",Torre Lamberti,"['Sighseeing', 'Centro Fotografia', 'Museo Conte', 'Palazzo della Ragione', 'AMO']",Palazzo della Ragione,strategy_nearest,True,0.0032422542572021484,success
04D89B4A9C4C80,3,['Arena'],Santa Anastasia,"['AMO', 'Museo Conte', 'Palazzo della Ragione', 'Teatro Romano', 'Centro Fotografia']",Teatro Romano,strategy_nearest,True,0.002785921096801758,success
04D8A04A9C4C80,3,"['Arena', 'Casa Giulietta', 'Museo Storia']",San Fermo,"['Museo Radio', 'Centro Fotografia', 'Sighseeing', 'Torre Lamberti', 'Museo Conte']",Teatro Romano,strategy_nearest,False,0.0033342838287353516,success
04D8A14A9C4C80,3,"['Arena', 'Casa Giulietta']",Santa Anastasia,"['AMO', 'Museo Conte', 'Palazzo della Ragione', 'Teatro Romano', 'Centro Fotografia']",Duomo,strategy_nearest,False,0.002583742141723633,success
04D89A429C4C80,0,"['Arena', 'Casa Giulietta']",Tomba Giulietta,"['San Fermo', 'Museo Storia', 'Museo Lapidario', 'Museo Radio', 'Verona Tour']",Museo Lapidario,strategy_nearest,True,0.001966238021850586,success
04D8A93A9C4C80,1,"['Arena', 'Casa Giulietta']",Casa Giulietta,"['Centro Fotografia', 'Sighseeing', 'Torre Lamberti', 'Museo Conte', 'Museo Radio']",Torre Lamberti,strategy_nearest,True,0.003242015838623047,success
04D8A64A9C4C80,0,"['Arena', 'Casa Giulietta']",Torre Lamberti,"['Sighseeing', 'Centro Fotografia', 'Museo Conte', 'Palazzo della Ragione', 'AMO']",Teatro Romano,strategy_nearest,False,0.0020961761474609375,success
04D8A53A9C4C80,0,['Arena'],Duomo,"['AMO', 'Museo Miniscalchi', 'Santa Anastasia', 'Teatro Romano', 'Palazzo della Ragione']",Teatro Romano,strategy_nearest,True,0.003361940383911133,success
04D8AB429C4C80,3,['Santa Anastasia'],Duomo,"['AMO', 'Museo Miniscalchi', 'Teatro Romano', 'Palazzo della Ragione', 'Museo Conte']",Arena,strategy_nearest,False,0.0014040470123291016,success
04D8AC3A9C4C80,3,"['Castelvecchio', 'Museo Lapidario', 'Arena', 'San Zeno']",Tomba Giulietta,"['San Fermo', 'Museo Storia', 'Museo Radio', 'Verona Tour', 'Casa Giulietta']",San Fermo,strategy_nearest,True,0.002750873565673828,success
04D8B2429C4C80,2,['San Fermo'],Santa Anastasia,"['AMO', 'Museo Conte', 'Palazzo della Ragione', 'Teatro Romano', 'Centro Fotografia']",Duomo,strategy_nearest,False,0.0015249252319335938,success
04D8B93A9C4C80,3,"['Arena', 'Torre Lamberti']",Casa Giulietta,"['Centro Fotografia', 'Sighseeing', 'Museo Conte', 'Museo Radio', 'Palazzo della Ragione']",Tomba Giulietta,strategy_nearest,False,0.0020699501037597656,success
04D8BB3A9C4C80,1,"['Castelvecchio', 'Arena']",Palazzo della Ragione,"['AMO', 'Museo Conte', 'Torre Lamberti', 'Centro Fotografia', 'Sighseeing']",Torre Lamberti,strategy_nearest,True,0.0033042430877685547,success
04D8C73A9C4C80,3,"['Arena', 'Torre Lamberti', 'Santa Anastasia']",Duomo,"['AMO', 'Museo Miniscalchi', 'Teatro Romano', 'Palazzo della Ragione', 'Museo Conte']",Giardino Giusti,strategy_nearest,False,0.0017139911651611328,success
04D8BF3A9C4C80,3,"['Arena', 'Casa Giulietta', 'Torre Lamberti']",Santa Anastasia,"['AMO', 'Museo Conte', 'Palazzo della Ragione', 'Teatro Romano', 'Centro Fotografia']",Duomo,strategy_nearest,False,0.0023238658905029297,success
04D8D53A9C4C80,3,"['Arena', 'Castelvecchio']",Casa Giulietta,"['Centro Fotografia', 'Sighseeing', 'Torre Lamberti', 'Museo Conte', 'Museo Radio']",San Fermo,strategy_nearest,False,0.003155946731567383,success
04D8D9429C4C80,3,"['Casa Giulietta', 'Arena']",Duomo,"['AMO', 'Museo Miniscalchi', 'Santa Anastasia', 'Teatro Romano', 'Palazzo della Ragione']",Teatro Romano,strategy_nearest,True,0.0026590824127197266,success
04D8E5429C4C80,3,"['Castelvecchio', 'Duomo']",Santa Anastasia,"['AMO', 'Museo Conte', 'Palazzo della Ragione', 'Teatro Romano', 'Centro Fotografia']",San Fermo,strategy_nearest,False,0.0017821788787841797,success
04D8EB429C4C80,0,['Arena'],Casa Giulietta,"['Centro Fotografia', 'Sighseeing', 'Torre Lamberti', 'Museo Conte', 'Museo Radio']",Museo Storia,strategy_nearest,False,0.003256082534790039,success
04D8EF3A9C4C80,3,"['Arena', 'Casa Giulietta', 'Torre Lamberti']",Santa Anastasia,"['AMO', 'Museo Conte', 'Palazzo della Ragione', 'Teatro Romano', 'Centro Fotografia']",Duomo,strategy_nearest,False,0.0031261444091796875,success
04D8F33A9C4C80,3,"['Castelvecchio', 'Casa Giulietta', 'Torre Lamberti']",Santa Anastasia,"['AMO', 'Museo Conte', 'Palazzo della Ragione', 'Teatro Romano', 'Centro Fotografia']",Duomo,strategy_nearest,False,0.003980159759521484,success
04D8F83A9C4C80,0,['Arena'],Castelvecchio,"['Museo Lapidario', 'Verona Tour', 'Museo Radio', 'San Zeno', 'Sighseeing']",Tomba Giulietta,strategy_nearest,False,0.0018067359924316406,success
04D8F03A9C4C80,3,"['Arena', 'Castelvecchio']",Duomo,"['AMO', 'Museo Miniscalchi', 'Santa Anastasia', 'Teatro Romano', 'Palazzo della Ragione']",Santa Anastasia,strategy_nearest,True,0.003414154052734375,success
04D9083A9C4C84,3,"['Arena', 'Casa Giulietta']",Santa Anastasia,"['AMO', 'Museo Conte', 'Palazzo della Ragione', 'Teatro Romano', 'Centro Fotografia']",Duomo,strategy_nearest,False,0.0033180713653564453,success
04D90A429C4C84,3,"['San Fermo', 'Santa Anastasia', 'Duomo', 'Teatro Romano']",Torre Lamberti,"['Sighseeing', 'Centro Fotografia', 'Museo Conte', 'Casa Giulietta', 'Palazzo della Ragione']",San Zeno,strategy_nearest,False,0.0027158260345458984,success
04D8F93A9C4C80,0,"['Arena', 'Museo Lapidario']",Castelvecchio,"['Verona Tour', 'Museo Radio', 'San Zeno', 'Sighseeing', 'Museo Miniscalchi']",Duomo,strategy_nearest,False,0.0028009414672851562,success
04D90B429C4C84,3,['Casa Giulietta'],Santa Anastasia,"['AMO', 'Museo Conte', 'Palazzo della Ragione', 'Teatro Romano', 'Centro Fotografia']",Arena,strategy_nearest,False,0.0019631385803222656,success
04D911429C4C80,3,"['Arena', 'San Fermo', 'Giardino Giusti']",Santa Anastasia,"['AMO', 'Museo Conte', 'Palazzo della Ragione', 'Teatro Romano', 'Centro Fotografia']",Castelvecchio,strategy_nearest,False,0.0021369457244873047,success
04D9123A9C4C80,1,"['Casa Giulietta', 'Torre Lamberti']",Palazzo della Ragione,"['AMO', 'Museo Conte', 'Centro Fotografia', 'Sighseeing', 'Santa Anastasia']",Arena,strategy_nearest,False,0.0027310848236083984,success
04D912429C4C84,3,"['Castelvecchio', 'Arena', 'Torre Lamberti']",Casa Giulietta,"['Centro Fotografia', 'Sighseeing', 'Museo Conte', 'Museo Radio', 'Palazzo della Ragione']",Santa Anastasia,strategy_nearest,False,0.0033719539642333984,success
04D9153A9C4C80,1,"['Museo Lapidario', 'Palazzo della Ragione', 'San Fermo', 'Arena']",Torre Lamberti,"['Sighseeing', 'Centro Fotografia', 'Museo Conte', 'Casa Giulietta', 'AMO']",Duomo,strategy_nearest,False,0.0013670921325683594,success
04D9163A9C4C80,0,"['Castelvecchio', 'San Zeno', 'Casa Giulietta']",Torre Lamberti,"['Sighseeing', 'Centro Fotografia', 'Museo Conte', 'Palazzo della Ragione', 'AMO']",Arena,strategy_nearest,False,0.002146005630493164,success
04D915429C4C84,3,['Arena'],Casa Giulietta,"['Centro Fotografia', 'Sighseeing', 'Torre Lamberti', 'Museo Conte', 'Museo Radio']",Torre Lamberti,strategy_nearest,True,0.0022668838500976562,success
04D91C3A9C4C80,3,"['San Fermo', 'Santa Anastasia']",Arena,"['Verona Tour', 'Museo Lapidario', 'Museo Radio', 'Casa Giulietta', 'Sighseeing']",Torre Lamberti,strategy_nearest,False,0.002707958221435547,success
04D9203A9C4C84,0,"['Arena', 'Casa Giulietta']",Torre Lamberti,"['Sighseeing', 'Centro Fotografia', 'Museo Conte', 'Palazzo della Ragione', 'AMO']",Teatro Romano,strategy_nearest,False,0.0030488967895507812,success
04D947429C4C80,0,"['Arena', 'Castelvecchio']",Torre Lamberti,"['Sighseeing', 'Centro Fotografia', 'Museo Conte', 'Casa Giulietta', 'Palazzo della Ragione']",Casa Giulietta,strategy_nearest,True,0.0026848316192626953,success
04D928429C4C80,0,"['Torre Lamberti', 'Casa Giulietta']",Castelvecchio,"['Museo Lapidario', 'Verona Tour', 'Arena', 'Museo Radio', 'San Zeno']",Arena,strategy_nearest,True,0.0021791458129882812,success
04D930429C4C80,0,['Castelvecchio'],Casa Giulietta,"['Centro Fotografia', 'Sighseeing', 'Torre Lamberti', 'Museo Conte', 'Museo Radio']",Duomo,strategy_nearest,False,0.0015647411346435547,success
04D9264A9C4C80,3,"['Arena', 'Casa Giulietta', 'Torre Lamberti']",Castelvecchio,"['Museo Lapidario', 'Verona Tour', 'Museo Radio', 'San Zeno', 'Sighseeing']",Santa Anastasia,strategy_nearest,False,0.004008769989013672,success
04D94B3A9C4C80,0,"['Arena', 'Casa Giulietta']",Duomo,"['AMO', 'Museo Miniscalchi', 'Santa Anastasia', 'Teatro Romano', 'Palazzo della Ragione']",Castelvecchio,strategy_nearest,False,0.0019998550415039062,success
04D956429C4C80,3,"['Arena', 'San Fermo']",Museo Lapidario,"['Verona Tour', 'Castelvecchio', 'Museo Radio', 'Casa Giulietta', 'Tomba Giulietta']",Teatro Romano,strategy_nearest,False,0.0026340484619140625,success
04D953429C4C80,1,"['Castelvecchio', 'Arena', 'Museo Lapidario', 'Torre Lamberti', 'Palazzo della Ragione']",Santa Anastasia,"['AMO', 'Museo Conte', 'Teatro Romano', 'Centro Fotografia', 'Duomo']",Duomo,strategy_nearest,True,0.0020329952239990234,success
04D96B3A9C4C80,3,"['Arena', 'Torre Lamberti']",Santa Anastasia,"['AMO', 'Museo Conte', 'Palazzo della Ragione', 'Teatro Romano', 'Centro Fotografia']",Duomo,strategy_nearest,False,0.003181934356689453,success
04D971429C4C80,0,"['Teatro Romano', 'Torre Lamberti']",Casa Giulietta,"['Centro Fotografia', 'Sighseeing', 'Museo Conte', 'Museo Radio', 'Palazzo della Ragione']",Arena,strategy_nearest,False,0.002312898635864258,success
04D97B3A9C4C80,3,"['Arena', 'Casa Giulietta']",Torre Lamberti,"['Sighseeing', 'Centro Fotografia', 'Museo Conte', 'Palazzo della Ragione', 'AMO']",Santa Anastasia,strategy_nearest,False,0.002087831497192383,success
04D976429C4C80,0,['Arena'],Casa Giulietta,"['Centro Fotografia', 'Sighseeing', 'Torre Lamberti', 'Museo Conte', 'Museo Radio']",Torre Lamberti,strategy_nearest,True,0.002746105194091797,success
04D9733A9C4C80,2,['Torre Lamberti'],Duomo,"['AMO', 'Museo Miniscalchi', 'Santa Anastasia', 'Teatro Romano', 'Palazzo della Ragione']",Casa Giulietta,strategy_nearest,False,0.004096031188964844,success
04D97F429C4C80,3,"['Arena', 'Castelvecchio']",Casa Giulietta,"['Centro Fotografia', 'Sighseeing', 'Torre Lamberti', 'Museo Conte', 'Museo Radio']",Santa Anastasia,strategy_nearest,False,0.0026171207427978516,success
04D97D429C4C80,3,"['Castelvecchio', 'Arena', 'Casa Giulietta']",Museo Storia,"['San Fermo', 'Museo Radio', 'Centro Fotografia', 'Tomba Giulietta', 'Torre Lamberti']",Giardino Giusti,strategy_nearest,False,0.003386974334716797,success
04D97F3A9C4C80,0,['Arena'],Santa Anastasia,"['AMO', 'Museo Conte', 'Palazzo della Ragione', 'Teatro Romano', 'Centro Fotografia']",Castelvecchio,strategy_nearest,False,0.003294229507446289,success
04D9803A9C4C80,3,"['Arena', 'Casa Giulietta']",Santa Anastasia,"['AMO', 'Museo Conte', 'Palazzo della Ragione', 'Teatro Romano', 'Centro Fotografia']",Teatro Romano,strategy_nearest,True,0.0033380985260009766,success
04D985429C4C80,3,"['Arena', 'Torre Lamberti']",Casa Giulietta,"['Centro Fotografia', 'Sighseeing', 'Museo Conte', 'Museo Radio', 'Palazzo della Ragione']",Santa Anastasia,strategy_nearest,False,0.0017457008361816406,success
04D98C4A9C4C80,1,['Arena'],Casa Giulietta,"['Centro Fotografia', 'Sighseeing', 'Torre Lamberti', 'Museo Conte', 'Museo Radio']",Palazzo della Ragione,strategy_nearest,False,0.002919912338256836,success
04D9984A9C4C80,3,['Arena'],Casa Giulietta,"['Centro Fotografia', 'Sighseeing', 'Torre Lamberti', 'Museo Conte', 'Museo Radio']",Santa Anastasia,strategy_nearest,False,0.002891063690185547,success
04D9A5429C4C80,2,['Teatro Romano'],Santa Anastasia,"['AMO', 'Museo Conte', 'Palazzo della Ragione', 'Centro Fotografia', 'Duomo']",Torre Lamberti,strategy_nearest,False,0.0025489330291748047,success
04D9A63A9C4C80,0,['Arena'],Casa Giulietta,"['Centro Fotografia', 'Sighseeing', 'Torre Lamberti', 'Museo Conte', 'Museo Radio']",Santa Anastasia,strategy_nearest,False,0.0023598670959472656,success
04D9A8429C4C80,3,"['Arena', 'Santa Anastasia', 'Duomo']",Teatro Romano,"['AMO', 'Palazzo della Ragione', 'Museo Conte', 'Centro Fotografia', 'Museo Miniscalchi']",San Zeno,strategy_nearest,False,0.0025060176849365234,success
04D9A64A9C4C80,1,['Arena'],Palazzo della Ragione,"['AMO', 'Museo Conte', 'Torre Lamberti', 'Centro Fotografia', 'Sighseeing']",San Fermo,strategy_nearest,False,0.0035400390625,success
04D9A9429C4C80,0,['Arena'],Torre Lamberti,"['Sighseeing', 'Centro Fotografia', 'Museo Conte', 'Casa Giulietta', 'Palazzo della Ragione']",Casa Giulietta,strategy_nearest,True,0.002496004104614258,success
04D9AA3A9C4C80,1,"['San Zeno', 'Duomo', 'Santa Anastasia']",Casa Giulietta,"['Centro Fotografia', 'Sighseeing', 'Torre Lamberti', 'Museo Conte', 'Museo Radio']",Arena,strategy_nearest,False,0.0035140514373779297,success
04D9B23A9C4C80,3,"['Teatro Romano', 'Casa Giulietta', 'San Fermo']",Torre Lamberti,"['Sighseeing', 'Centro Fotografia', 'Museo Conte', 'Palazzo della Ragione', 'AMO']",Santa Anastasia,strategy_nearest,False,0.0018260478973388672,success
04D9B83A9C4C80,0,['Arena'],Tomba Giulietta,"['San Fermo', 'Museo Storia', 'Museo Lapidario', 'Museo Radio', 'Verona Tour']",San Fermo,strategy_nearest,True,0.0029420852661132812,success
04D9B5429C4C80,2,"['Teatro Romano', 'Torre Lamberti']",Palazzo della Ragione,"['AMO', 'Museo Conte', 'Centro Fotografia', 'Sighseeing', 'Santa Anastasia']",Santa Anastasia,strategy_nearest,True,0.0026171207427978516,success
04D9BF3A9C4C80,0,['Arena'],Casa Giulietta,"['Centro Fotografia', 'Sighseeing', 'Torre Lamberti', 'Museo Conte', 'Museo Radio']",Duomo,strategy_nearest,False,0.0016179084777832031,success
04D9C03A9C4C80,2,"['Castelvecchio', 'Torre Lamberti', 'Palazzo della Ragione']",San Zeno,"['Verona Tour', 'Museo Lapidario', 'Arena', 'Museo Miniscalchi', 'Sighseeing']",Duomo,strategy_nearest,False,0.002605915069580078,success
04D9C73A9C4C80,3,['Arena'],Santa Anastasia,"['AMO', 'Museo Conte', 'Palazzo della Ragione', 'Teatro Romano', 'Centro Fotografia']",Torre Lamberti,strategy_nearest,False,0.002577066421508789,success
04D9E4429C4C80,0,['Arena'],Casa Giulietta,"['Centro Fotografia', 'Sighseeing', 'Torre Lamberti', 'Museo Conte', 'Museo Radio']",Giardino Giusti,strategy_nearest,False,0.003220081329345703,success
04D9F5429C4C80,1,"['Arena', 'Santa Anastasia', 'Duomo']",Palazzo della Ragione,"['AMO', 'Museo Conte', 'Torre Lamberti', 'Centro Fotografia', 'Sighseeing']",Castelvecchio,strategy_nearest,False,0.0033788681030273438,success
04D9EF429C4C80,3,"['Arena', 'Museo Storia']",Castelvecchio,"['Museo Lapidario', 'Verona Tour', 'Museo Radio', 'San Zeno', 'Sighseeing']",Santa Anastasia,strategy_nearest,False,0.003545999526977539,success
04D9FB429C4C80,0,['Castelvecchio'],Arena,"['Verona Tour', 'Museo Lapidario', 'Museo Radio', 'San Fermo', 'Casa Giulietta']",Torre Lamberti,strategy_nearest,False,0.0019211769104003906,success
04DA053A9C4C84,3,['Arena'],Casa Giulietta,"['Centro Fotografia', 'Sighseeing', 'Torre Lamberti', 'Museo Conte', 'Museo Radio']",Torre Lamberti,strategy_nearest,True,0.003175020217895508,success
04DA19429C4C84,2,['Casa Giulietta'],Torre Lamberti,"['Sighseeing', 'Centro Fotografia', 'Museo Conte', 'Palazzo della Ragione', 'AMO']",Santa Anastasia,strategy_nearest,False,0.0020041465759277344,success
04DA264A9C4C80,3,"['Casa Giulietta', 'San Fermo', 'Arena']",Castelvecchio,"['Museo Lapidario', 'Verona Tour', 'Museo Radio', 'San Zeno', 'Sighseeing']",San Zeno,strategy_nearest,True,0.003229856491088867,success
04DA1D429C4C80,3,"['Arena', 'Casa Giulietta']",San Fermo,"['Museo Storia', 'Museo Radio', 'Centro Fotografia', 'Sighseeing', 'Torre Lamberti']",Santa Anastasia,strategy_nearest,False,0.002012014389038086,success
04DA26429C4C84,1,"['Arena', 'Casa Giulietta', 'Teatro Romano', 'Palazzo della Ragione']",Giardino Giusti,"['Santa Anastasia', 'Museo Conte', 'Centro Fotografia', 'Museo Storia', 'AMO']",Santa Anastasia,strategy_nearest,True,0.002530813217163086,success
04DA2B429C4C80,0,['Arena'],Casa Giulietta,"['Centro Fotografia', 'Sighseeing', 'Torre Lamberti', 'Museo Conte', 'Museo Radio']",Teatro Romano,strategy_nearest,False,0.0017690658569335938,success
04DA273A9C4C80,2,"['Museo Lapidario', 'Castelvecchio']",Casa Giulietta,"['Centro Fotografia', 'Sighseeing', 'Torre Lamberti', 'Museo Conte', 'Museo Radio']",Torre Lamberti,strategy_nearest,True,0.001898050308227539,success
04DA334A9C4C80,3,"['Casa Giulietta', 'Torre Lamberti', 'Tomba Giulietta']",Arena,"['Verona Tour', 'Museo Lapidario', 'Museo Radio', 'San Fermo', 'Sighseeing']",Santa Anastasia,strategy_nearest,False,0.0035250186920166016,success
04DA39429C4C80,0,['Arena'],Casa Giulietta,"['Centro Fotografia', 'Sighseeing', 'Torre Lamberti', 'Museo Conte', 'Museo Radio']",Torre Lamberti,strategy_nearest,True,0.0027620792388916016,success
04DA463A9C4C80,3,"['Arena', 'Casa Giulietta']",Teatro Romano,"['Santa Anastasia', 'Duomo', 'AMO', 'Palazzo della Ragione', 'Museo Conte']",Torre Lamberti,strategy_nearest,False,0.002604961395263672,success
04DA44429C4C80,2,"['Castelvecchio', 'Duomo', 'Santa Anastasia']",Casa Giulietta,"['Centro Fotografia', 'Sighseeing', 'Torre Lamberti', 'Museo Conte', 'Museo Radio']",Tomba Giulietta,strategy_nearest,False,0.003328084945678711,success
04DA4E3A9C4C80,0,['Arena'],Torre Lamberti,"['Sighseeing', 'Centro Fotografia', 'Museo Conte', 'Casa Giulietta', 'Palazzo della Ragione']",Casa Giulietta,strategy_nearest,True,0.0023920536041259766,success
04DA58429C4C80,2,['Casa Giulietta'],Castelvecchio,"['Museo Lapidario', 'Verona Tour', 'Arena', 'Museo Radio', 'San Zeno']",Duomo,strategy_nearest,False,0.0027952194213867188,success
04DA623A9C4C80,3,"['Arena', 'Casa Giulietta']",Santa Anastasia,"['AMO', 'Museo Conte', 'Palazzo della Ragione', 'Teatro Romano', 'Centro Fotografia']",Duomo,strategy_nearest,False,0.0032639503479003906,success
04DA5A429C4C80,3,"['Arena', 'Torre Lamberti']",Castelvecchio,"['Museo Lapidario', 'Verona Tour', 'Museo Radio', 'San Zeno', 'Sighseeing']",Duomo,strategy_nearest,False,0.0035028457641601562,success
04DA683A9C4C80,1,"['Arena', 'Casa Giulietta']",Palazzo della Ragione,"['AMO', 'Museo Conte', 'Torre Lamberti', 'Centro Fotografia', 'Sighseeing']",Torre Lamberti,strategy_nearest,True,0.0033159255981445312,success
04DA79429C4C80,3,['Arena'],Casa Giulietta,"['Centro Fotografia', 'Sighseeing', 'Torre Lamberti', 'Museo Conte', 'Museo Radio']",Duomo,strategy_nearest,False,0.0018129348754882812,success
04DA70429C4C80,3,"['Arena', 'Castelvecchio']",Santa Anastasia,"['AMO', 'Museo Conte', 'Palazzo della Ragione', 'Teatro Romano', 'Centro Fotografia']",Duomo,strategy_nearest,False,0.002666950225830078,success
04DA7A3A9C4C80,3,['Arena'],Santa Anastasia,"['AMO', 'Museo Conte', 'Palazzo della Ragione', 'Teatro Romano', 'Centro Fotografia']",Duomo,strategy_nearest,False,0.0026519298553466797,success
04DA7B429C4C80,3,['Arena'],Torre Lamberti,"['Sighseeing', 'Centro Fotografia', 'Museo Conte', 'Casa Giulietta', 'Palazzo della Ragione']",Casa Giulietta,strategy_nearest,True,0.0036008358001708984,success
04DA7C3A9C4C80,0,['Arena'],Casa Giulietta,"['Centro Fotografia', 'Sighseeing', 'Torre Lamberti', 'Museo Conte', 'Museo Radio']",Torre Lamberti,strategy_nearest,True,0.0024139881134033203,success
04DA82429C4C80,0,['Arena'],Torre Lamberti,"['Sighseeing', 'Centro Fotografia', 'Museo Conte', 'Casa Giulietta', 'Palazzo della Ragione']",Casa Giulietta,strategy_nearest,True,0.0024459362030029297,success
04DA844A9C4C80,0,['Arena'],San Zeno,"['Castelvecchio', 'Verona Tour', 'Museo Lapidario', 'Museo Miniscalchi', 'Sighseeing']",Torre Lamberti,strategy_nearest,False,0.003262042999267578,success
04DA88429C4C80,3,"['Arena', 'Casa Giulietta', 'Santa Anastasia']",Torre Lamberti,"['Sighseeing', 'Centro Fotografia', 'Museo Conte', 'Palazzo della Ragione', 'AMO']",Teatro Romano,strategy_nearest,False,0.002583742141723633,success
04DA89429C4C80,2,['Santa Anastasia'],Torre Lamberti,"['Sighseeing', 'Centro Fotografia', 'Museo Conte', 'Casa Giulietta', 'Palazzo della Ragione']",Museo Storia,strategy_nearest,False,0.0032088756561279297,success
04DA8F4A9C4C80,1,"['Museo Lapidario', 'Arena', 'Torre Lamberti']",Palazzo della Ragione,"['AMO', 'Museo Conte', 'Centro Fotografia', 'Sighseeing', 'Santa Anastasia']",Giardino Giusti,strategy_nearest,False,0.0038301944732666016,success
04DA924A9C4C80,3,"['Arena', 'Castelvecchio']",Torre Lamberti,"['Sighseeing', 'Centro Fotografia', 'Museo Conte', 'Casa Giulietta', 'Palazzo della Ragione']",Casa Giulietta,strategy_nearest,True,0.001786947250366211,success
04DA944A9C4C80,3,"['Arena', 'Museo Lapidario', 'Castelvecchio', 'Torre Lamberti']",Casa Giulietta,"['Centro Fotografia', 'Sighseeing', 'Museo Conte', 'Museo Radio', 'Palazzo della Ragione']",Santa Anastasia,strategy_nearest,False,0.0027093887329101562,success
04DA934A9C4C80,3,"['Museo Lapidario', 'Arena']",Torre Lamberti,"['Sighseeing', 'Centro Fotografia', 'Museo Conte', 'Casa Giulietta', 'Palazzo della Ragione']",Giardino Giusti,strategy_nearest,False,0.003947019577026367,success
04DA99429C4C80,3,['Arena'],Torre Lamberti,"['Sighseeing', 'Centro Fotografia', 'Museo Conte', 'Casa Giulietta', 'Palazzo della Ragione']",Santa Anastasia,strategy_nearest,False,0.0025610923767089844,success
04DA9A429C4C80,0,['Arena'],Castelvecchio,"['Museo Lapidario', 'Verona Tour', 'Museo Radio', 'San Zeno', 'Sighseeing']",Casa Giulietta,strategy_nearest,False,0.002997875213623047,success
04DA9A4A9C4C80,1,"['Casa Giulietta', 'Torre Lamberti']",Palazzo della Ragione,"['AMO', 'Museo Conte', 'Centro Fotografia', 'Sighseeing', 'Santa Anastasia']",Arena,strategy_nearest,False,0.003612041473388672,success
04DAA63A9C4C80,0,['Castelvecchio'],Arena,"['Verona Tour', 'Museo Lapidario', 'Museo Radio', 'San Fermo', 'Casa Giulietta']",Casa Giulietta,strategy_nearest,True,0.0029249191284179688,success
04DA9C429C4C80,3,"['Teatro Romano', 'Duomo']",Santa Anastasia,"['AMO', 'Museo Conte', 'Palazzo della Ragione', 'Centro Fotografia', 'Torre Lamberti']",Casa Giulietta,strategy_nearest,False,0.002747774124145508,success
04DAA24A9C4C80,1,['Arena'],Palazzo della Ragione,"['AMO', 'Museo Conte', 'Torre Lamberti', 'Centro Fotografia', 'Sighseeing']",Duomo,strategy_nearest,False,0.0033462047576904297,success
04DABA429C4C80,1,"['Arena', 'Museo Lapidario', 'Castelvecchio']",Duomo,"['AMO', 'Museo Miniscalchi', 'Santa Anastasia', 'Teatro Romano', 'Palazzo della Ragione']",Palazzo della Ragione,strategy_nearest,True,0.002605915069580078,success
04DAA7429C4C80,3,"['Casa Giulietta', 'Torre Lamberti']",Duomo,"['AMO', 'Museo Miniscalchi', 'Santa Anastasia', 'Teatro Romano', 'Palazzo della Ragione']",Teatro Romano,strategy_nearest,True,0.003383159637451172,success
04DAB63A9C4C80,3,"['Arena', 'Museo Lapidario']",Castelvecchio,"['Verona Tour', 'Museo Radio', 'San Zeno', 'Sighseeing', 'Museo Miniscalchi']",San Zeno,strategy_nearest,True,0.001550912857055664,success
04DAB9429C4C80,3,['Arena'],Casa Giulietta,"['Centro Fotografia', 'Sighseeing', 'Torre Lamberti', 'Museo Conte', 'Museo Radio']",Santa Anastasia,strategy_nearest,False,0.0032868385314941406,success
04DABD3A9C4C80,0,['Arena'],Castelvecchio,"['Museo Lapidario', 'Verona Tour', 'Museo Radio', 'San Zeno', 'Sighseeing']",Casa Giulietta,strategy_nearest,False,0.002801179885864258,success
04DABE3A9C4C80,3,['Arena'],Santa Anastasia,"['AMO', 'Museo Conte', 'Palazzo della Ragione', 'Teatro Romano', 'Centro Fotografia']",Torre Lamberti,strategy_nearest,False,0.003384113311767578,success
04DACA3A9C4C80,3,"['Castelvecchio', 'Arena']",Santa Anastasia,"['AMO', 'Museo Conte', 'Palazzo della Ragione', 'Teatro Romano', 'Centro Fotografia']",Duomo,strategy_nearest,False,0.001544952392578125,success
04DAD13A9C4C80,2,"['Tomba Giulietta', 'Castelvecchio']",Duomo,"['AMO', 'Museo Miniscalchi', 'Santa Anastasia', 'Teatro Romano', 'Palazzo della Ragione']",Casa Giulietta,strategy_nearest,False,0.0032808780670166016,success
04DAD33A9C4C80,3,"['Arena', 'Santa Anastasia', 'Duomo']",Torre Lamberti,"['Sighseeing', 'Centro Fotografia', 'Museo Conte', 'Casa Giulietta', 'Palazzo della Ragione']",Castelvecchio,strategy_nearest,False,0.0016739368438720703,success
04DB02429C4C84,3,"['Arena', 'Casa Giulietta', 'Santa Anastasia']",Duomo,"['AMO', 'Museo Miniscalchi', 'Teatro Romano', 'Palazzo della Ragione', 'Museo Conte']",Torre Lamberti,strategy_nearest,False,0.0019288063049316406,success
04DB043A9C4C84,0,['Arena'],Casa Giulietta,"['Centro Fotografia', 'Sighseeing', 'Torre Lamberti', 'Museo Conte', 'Museo Radio']",Torre Lamberti,strategy_nearest,True,0.0027997493743896484,success
04DB08429C4C84,1,"['Casa Giulietta', 'Torre Lamberti', 'Palazzo della Ragione']",Santa Anastasia,"['AMO', 'Museo Conte', 'Teatro Romano', 'Centro Fotografia', 'Duomo']",Arena,strategy_nearest,False,0.003407001495361328,success
04DB10429C4C84,0,['Arena'],Tomba Giulietta,"['San Fermo', 'Museo Storia', 'Museo Lapidario', 'Museo Radio', 'Verona Tour']",Duomo,strategy_nearest,False,0.0022618770599365234,success
04DB163A9C4C80,3,"['Arena', 'Casa Giulietta']",Torre Lamberti,"['Sighseeing', 'Centro Fotografia', 'Museo Conte', 'Palazzo della Ragione', 'AMO']",Santa Anastasia,strategy_nearest,False,0.0029900074005126953,success
04DB173A9C4C80,3,"['Arena', 'San Zeno']",Duomo,"['AMO', 'Museo Miniscalchi', 'Santa Anastasia', 'Teatro Romano', 'Palazzo della Ragione']",Torre Lamberti,strategy_nearest,False,0.002644062042236328,success
04DB1D3A9C4C84,2,['Casa Giulietta'],Santa Anastasia,"['AMO', 'Museo Conte', 'Palazzo della Ragione', 'Teatro Romano', 'Centro Fotografia']",Duomo,strategy_nearest,False,0.003159046173095703,success
04DB21429C4C80,3,"['Arena', 'Casa Giulietta']",Torre Lamberti,"['Sighseeing', 'Centro Fotografia', 'Museo Conte', 'Palazzo della Ragione', 'AMO']",Santa Anastasia,strategy_nearest,False,0.0030012130737304688,success
04DB213A9C4C84,3,"['Arena', 'Casa Giulietta']",Santa Anastasia,"['AMO', 'Museo Conte', 'Palazzo della Ragione', 'Teatro Romano', 'Centro Fotografia']",Teatro Romano,strategy_nearest,True,0.0025739669799804688,success
04DB243A9C4C84,0,['Arena'],Teatro Romano,"['Santa Anastasia', 'Duomo', 'AMO', 'Palazzo della Ragione', 'Museo Conte']",San Fermo,strategy_nearest,False,0.0023450851440429688,success
04DB253A9C4C84,0,['Arena'],Castelvecchio,"['Museo Lapidario', 'Verona Tour', 'Museo Radio', 'San Zeno', 'Sighseeing']",Torre Lamberti,strategy_nearest,False,0.0030629634857177734,success
04DB2B429C4C80,0,"['Arena', 'Museo Lapidario']",Castelvecchio,"['Verona Tour', 'Museo Radio', 'San Zeno', 'Sighseeing', 'Museo Miniscalchi']",Torre Lamberti,strategy_nearest,False,0.0026721954345703125,success
04DB2A3A9C4C80,3,"['Arena', 'Torre Lamberti']",Casa Giulietta,"['Centro Fotografia', 'Sighseeing', 'Museo Conte', 'Museo Radio', 'Palazzo della Ragione']",Santa Anastasia,strategy_nearest,False,0.0033681392669677734,success
04DB384A9C4C80,3,"['Arena', 'Casa Giulietta', 'Santa Anastasia']",Duomo,"['AMO', 'Museo Miniscalchi', 'Teatro Romano', 'Palazzo della Ragione', 'Museo Conte']",Torre Lamberti,strategy_nearest,False,0.0032651424407958984,success
04DB39429C4C80,2,['Casa Giulietta'],Santa Anastasia,"['AMO', 'Museo Conte', 'Palazzo della Ragione', 'Teatro Romano', 'Centro Fotografia']",Duomo,strategy_nearest,False,0.002832174301147461,success
04DB6B3A9C4C80,3,"['Arena', 'Museo Lapidario', 'Castelvecchio', 'Torre Lamberti']",Santa Anastasia,"['AMO', 'Museo Conte', 'Palazzo della Ragione', 'Teatro Romano', 'Centro Fotografia']",Duomo,strategy_nearest,False,0.0031921863555908203,success
04DB40429C4C80,2,['Teatro Romano'],Torre Lamberti,"['Sighseeing', 'Centro Fotografia', 'Museo Conte', 'Casa Giulietta', 'Palazzo della Ragione']",Duomo,strategy_nearest,False,0.0027608871459960938,success
04DB3C3A9C4C80,1,"['Casa Giulietta', 'Palazzo della Ragione', 'Torre Lamberti']",Arena,"['Verona Tour', 'Museo Lapidario', 'Museo Radio', 'San Fermo', 'Sighseeing']",San Fermo,strategy_nearest,True,0.002124786376953125,success
04DB6C429C4C80,3,"['Arena', 'Duomo']",Teatro Romano,"['Santa Anastasia', 'AMO', 'Palazzo della Ragione', 'Museo Conte', 'Centro Fotografia']",Giardino Giusti,strategy_nearest,False,0.0030999183654785156,success
04DB6D429C4C80,2,['Duomo'],Teatro Romano,"['Santa Anastasia', 'AMO', 'Palazzo della Ragione', 'Museo Conte', 'Centro Fotografia']",Teatro Romano,strategy_nearest,False,0.0018260478973388672,success
04DB7E3A9C4C80,0,['Arena'],Torre Lamberti,"['Sighseeing', 'Centro Fotografia', 'Museo Conte', 'Casa Giulietta', 'Palazzo della Ragione']",Castelvecchio,strategy_nearest,False,0.002346038818359375,success
04DB803A9C4C80,0,['Arena'],Castelvecchio,"['Museo Lapidario', 'Verona Tour', 'Museo Radio', 'San Zeno', 'Sighseeing']",Duomo,strategy_nearest,False,0.003251314163208008,success
04DB82429C4C80,3,"['Arena', 'Casa Giulietta', 'Torre Lamberti']",Santa Anastasia,"['AMO', 'Museo Conte', 'Palazzo della Ragione', 'Teatro Romano', 'Centro Fotografia']",Teatro Romano,strategy_nearest,True,0.002471923828125,success
04DB843A9C4C80,3,"['Arena', 'Torre Lamberti', 'Santa Anastasia']",Duomo,"['AMO', 'Museo Miniscalchi', 'Teatro Romano', 'Palazzo della Ragione', 'Museo Conte']",Casa Giulietta,strategy_nearest,False,0.002341032028198242,success
04DB8E3A9C4C80,3,"['Arena', 'Tomba Giulietta']",Santa Anastasia,"['AMO', 'Museo Conte', 'Palazzo della Ragione', 'Teatro Romano', 'Centro Fotografia']",Teatro Romano,strategy_nearest,True,0.0031359195709228516,success
04DB964A9C4C80,3,"['Arena', 'Museo Lapidario', 'Castelvecchio']",Teatro Romano,"['Santa Anastasia', 'Duomo', 'AMO', 'Palazzo della Ragione', 'Museo Conte']",Santa Anastasia,strategy_nearest,True,0.0023369789123535156,success
04DB914A9C4C80,0,['Arena'],Casa Giulietta,"['Centro Fotografia', 'Sighseeing', 'Torre Lamberti', 'Museo Conte', 'Museo Radio']",Santa Anastasia,strategy_nearest,False,0.0024247169494628906,success
04DB934A9C4C80,1,"['Arena', 'Casa Giulietta']",San Fermo,"['Museo Storia', 'Museo Radio', 'Centro Fotografia', 'Sighseeing', 'Torre Lamberti']",Santa Anastasia,strategy_nearest,False,0.0033087730407714844,success
04DB984A9C4C80,0,['Arena'],Museo Lapidario,"['Verona Tour', 'Castelvecchio', 'Museo Radio', 'San Fermo', 'Casa Giulietta']",Castelvecchio,strategy_nearest,True,0.0023040771484375,success
04DB9C4A9C4C80,0,"['Arena', 'Museo Lapidario']",Castelvecchio,"['Verona Tour', 'Museo Radio', 'San Zeno', 'Sighseeing', 'Museo Miniscalchi']",Santa Anastasia,strategy_nearest,False,0.001651763916015625,success
04DB9D4A9C4C80,0,['Torre Lamberti'],Arena,"['Verona Tour', 'Museo Lapidario', 'Museo Radio', 'San Fermo', 'Casa Giulietta']",Casa Giulietta,strategy_nearest,True,0.003203153610229492,success
04DB9F429C4C80,3,"['Duomo', 'Teatro Romano']",Castelvecchio,"['Museo Lapidario', 'Verona Tour', 'Arena', 'Museo Radio', 'San Zeno']",San Zeno,strategy_nearest,True,0.0024950504302978516,success
04DBA53A9C4C80,0,['Arena'],Casa Giulietta,"['Centro Fotografia', 'Sighseeing', 'Torre Lamberti', 'Museo Conte', 'Museo Radio']",Torre Lamberti,strategy_nearest,True,0.003422975540161133,success
04DBA63A9C4C80,0,['Arena'],Torre Lamberti,"['Sighseeing', 'Centro Fotografia', 'Museo Conte', 'Casa Giulietta', 'Palazzo della Ragione']",Duomo,strategy_nearest,False,0.002399921417236328,success
04DBA84A9C4C80,2,"['Casa Giulietta', 'San Fermo']",Santa Anastasia,"['AMO', 'Museo Conte', 'Palazzo della Ragione', 'Teatro Romano', 'Centro Fotografia']",Duomo,strategy_nearest,False,0.0027289390563964844,success
04DBAA4A9C4C80,1,"['Casa Giulietta', 'Arena']",Castelvecchio,"['Museo Lapidario', 'Verona Tour', 'Museo Radio', 'San Zeno', 'Sighseeing']",Torre Lamberti,strategy_nearest,False,0.0033719539642333984,success
04DBAC3A9C4C80,2,['Santa Anastasia'],Duomo,"['AMO', 'Museo Miniscalchi', 'Teatro Romano', 'Palazzo della Ragione', 'Museo Conte']",Casa Giulietta,strategy_nearest,False,0.0021729469299316406,success
04DBB2429C4C80,0,['Arena'],Casa Giulietta,"['Centro Fotografia', 'Sighseeing', 'Torre Lamberti', 'Museo Conte', 'Museo Radio']",Santa Anastasia,strategy_nearest,False,0.0025429725646972656,success
04DBB23A9C4C80,0,['Arena'],Casa Giulietta,"['Centro Fotografia', 'Sighseeing', 'Torre Lamberti', 'Museo Conte', 'Museo Radio']",Torre Lamberti,strategy_nearest,True,0.0034189224243164062,success
04DBBB429C4C80,3,"['Arena', 'Casa Giulietta', 'Torre Lamberti']",Santa Anastasia,"['AMO', 'Museo Conte', 'Palazzo della Ragione', 'Teatro Romano', 'Centro Fotografia']",Duomo,strategy_nearest,False,0.0030481815338134766,success
04DBB9429C4C80,0,['Arena'],Casa Giulietta,"['Centro Fotografia', 'Sighseeing', 'Torre Lamberti', 'Museo Conte', 'Museo Radio']",Teatro Romano,strategy_nearest,False,0.0026068687438964844,success
04DBCA3A9C4C80,2,['Giardino Giusti'],Torre Lamberti,"['Sighseeing', 'Centro Fotografia', 'Museo Conte', 'Casa Giulietta', 'Palazzo della Ragione']",Tomba Giulietta,strategy_nearest,False,0.0030841827392578125,success
04DBC93A9C4C80,1,"['Castelvecchio', 'Arena', 'Casa Giulietta']",Torre Lamberti,"['Sighseeing', 'Centro Fotografia', 'Museo Conte', 'Palazzo della Ragione', 'AMO']",Palazzo della Ragione,strategy_nearest,True,0.0032498836517333984,success
04DBCB3A9C4C80,3,"['Arena', 'Castelvecchio', 'Duomo']",Teatro Romano,"['Santa Anastasia', 'AMO', 'Palazzo della Ragione', 'Museo Conte', 'Centro Fotografia']",Santa Anastasia,strategy_nearest,True,0.0025322437286376953,success
04DBD3429C4C80,3,"['Arena', 'Castelvecchio', 'Teatro Romano']",Duomo,"['AMO', 'Museo Miniscalchi', 'Santa Anastasia', 'Palazzo della Ragione', 'Museo Conte']",Santa Anastasia,strategy_nearest,True,0.004266977310180664,success
04DBD93A9C4C80,3,"['Arena', 'Museo Lapidario']",Torre Lamberti,"['Sighseeing', 'Centro Fotografia', 'Museo Conte', 'Casa Giulietta', 'Palazzo della Ragione']",Santa Anastasia,strategy_nearest,False,0.0020208358764648438,success
04DBF0429C4C80,3,"['Castelvecchio', 'Duomo']",Teatro Romano,"['Santa Anastasia', 'AMO', 'Palazzo della Ragione', 'Museo Conte', 'Centro Fotografia']",Arena,strategy_nearest,False,0.0032989978790283203,success
04DBF13A9C4C80,0,['Arena'],Casa Giulietta,"['Centro Fotografia', 'Sighseeing', 'Torre Lamberti', 'Museo Conte', 'Museo Radio']",Torre Lamberti,strategy_nearest,True,0.0031812191009521484,success
04DBF63A9C4C80,3,"['Casa Giulietta', 'Torre Lamberti', 'Santa Anastasia']",Duomo,"['AMO', 'Museo Miniscalchi', 'Teatro Romano', 'Palazzo della Ragione', 'Museo Conte']",Arena,strategy_nearest,False,0.002481222152709961,success
04DBF4429C4C80,3,"['Arena', 'Duomo', 'San Zeno', 'Castelvecchio']",Teatro Romano,"['Santa Anastasia', 'AMO', 'Palazzo della Ragione', 'Museo Conte', 'Centro Fotografia']",Santa Anastasia,strategy_nearest,True,0.004113912582397461,success
04DBF93A9C4C80,3,['Arena'],Torre Lamberti,"['Sighseeing', 'Centro Fotografia', 'Museo Conte', 'Casa Giulietta', 'Palazzo della Ragione']",Santa Anastasia,strategy_nearest,False,0.0024690628051757812,success
04DC0E3A9C4C84,3,['Arena'],Santa Anastasia,"['AMO', 'Museo Conte', 'Palazzo della Ragione', 'Teatro Romano', 'Centro Fotografia']",Duomo,strategy_nearest,False,0.0021512508392333984,success
04DC0A429C4C84,3,"['Arena', 'Castelvecchio']",Casa Giulietta,"['Centro Fotografia', 'Sighseeing', 'Torre Lamberti', 'Museo Conte', 'Museo Radio']",Santa Anastasia,strategy_nearest,False,0.0035758018493652344,success
04DC03429C4C84,2,"['Torre Lamberti', 'Santa Anastasia']",Teatro Romano,"['Duomo', 'AMO', 'Palazzo della Ragione', 'Museo Conte', 'Centro Fotografia']",Duomo,strategy_nearest,True,0.0023453235626220703,success
04DC063A9C4C84,0,['Arena'],Casa Giulietta,"['Centro Fotografia', 'Sighseeing', 'Torre Lamberti', 'Museo Conte', 'Museo Radio']",Torre Lamberti,strategy_nearest,True,0.0035877227783203125,success
04DC123A9C4C80,0,['Arena'],Castelvecchio,"['Museo Lapidario', 'Verona Tour', 'Museo Radio', 'San Zeno', 'Sighseeing']",Santa Anastasia,strategy_nearest,False,0.0014693737030029297,success
04DC0F429C4C84,0,['Arena'],Castelvecchio,"['Museo Lapidario', 'Verona Tour', 'Museo Radio', 'San Zeno', 'Sighseeing']",Casa Giulietta,strategy_nearest,False,0.0022268295288085938,success
04DC10429C4C84,0,"['Casa Giulietta', 'Arena']",Castelvecchio,"['Museo Lapidario', 'Verona Tour', 'Museo Radio', 'San Zeno', 'Sighseeing']",Teatro Romano,strategy_nearest,False,0.0028162002563476562,success
04DC154A9C4C80,0,"['Arena', 'Castelvecchio', 'Casa Giulietta']",Museo Lapidario,"['Verona Tour', 'Museo Radio', 'San Fermo', 'Tomba Giulietta', 'Sighseeing']",Museo Storia,strategy_nearest,False,0.004433870315551758,success
04DC21429C4C80,0,['Arena'],Duomo,"['AMO', 'Museo Miniscalchi', 'Santa Anastasia', 'Teatro Romano', 'Palazzo della Ragione']",Casa Giulietta,strategy_nearest,False,0.0027132034301757812,success
04DC1A429C4C84,1,"['Arena', 'San Fermo', 'Casa Giulietta']",Torre Lamberti,"['Sighseeing', 'Centro Fotografia', 'Museo Conte', 'Palazzo della Ragione', 'AMO']",Palazzo della Ragione,strategy_nearest,True,0.0016598701477050781,success
04DC29429C4C80,3,"['Castelvecchio', 'Casa Giulietta']",Arena,"['Verona Tour', 'Museo Lapidario', 'Museo Radio', 'San Fermo', 'Sighseeing']",Torre Lamberti,strategy_nearest,False,0.0031461715698242188,success
04DC2C429C4C80,3,['Arena'],Castelvecchio,"['Museo Lapidario', 'Verona Tour', 'Museo Radio', 'San Zeno', 'Sighseeing']",Santa Anastasia,strategy_nearest,False,0.004101276397705078,success
04DC2B429C4C80,2,['Museo Lapidario'],Castelvecchio,"['Verona Tour', 'Arena', 'Museo Radio', 'San Zeno', 'Sighseeing']",Torre Lamberti,strategy_nearest,False,0.0023109912872314453,success
04DC2D429C4C80,2,"['Torre Lamberti', 'Casa Giulietta']",Duomo,"['AMO', 'Museo Miniscalchi', 'Santa Anastasia', 'Teatro Romano', 'Palazzo della Ragione']",Teatro Romano,strategy_nearest,True,0.002779245376586914,success
04DC3B429C4C80,0,['Santa Anastasia'],Casa Giulietta,"['Centro Fotografia', 'Sighseeing', 'Torre Lamberti', 'Museo Conte', 'Museo Radio']",Arena,strategy_nearest,False,0.002105712890625,success
04DC54429C4C80,3,"['Torre Lamberti', 'Arena', 'Giardino Giusti', 'Teatro Romano']",San Zeno,"['Castelvecchio', 'Verona Tour', 'Museo Lapidario', 'Museo Miniscalchi', 'Sighseeing']",Castelvecchio,strategy_nearest,True,0.0027120113372802734,success
04DC573A9C4C80,0,['Arena'],Casa Giulietta,"['Centro Fotografia', 'Sighseeing', 'Torre Lamberti', 'Museo Conte', 'Museo Radio']",Santa Anastasia,strategy_nearest,False,0.0020608901977539062,success
04DC4C3A9C4C80,3,['Arena'],Torre Lamberti,"['Sighseeing', 'Centro Fotografia', 'Museo Conte', 'Casa Giulietta', 'Palazzo della Ragione']",Santa Anastasia,strategy_nearest,False,0.0014100074768066406,success
04DC613A9C4C80,1,"['Torre Lamberti', 'Palazzo della Ragione', 'Casa Giulietta']",Santa Anastasia,"['AMO', 'Museo Conte', 'Teatro Romano', 'Centro Fotografia', 'Duomo']",Duomo,strategy_nearest,True,0.002907991409301758,success
04DC7B3A9C4C80,3,"['Arena', 'Torre Lamberti']",Casa Giulietta,"['Centro Fotografia', 'Sighseeing', 'Museo Conte', 'Museo Radio', 'Palazzo della Ragione']",Santa Anastasia,strategy_nearest,False,0.0013649463653564453,success
04DC76429C4C80,0,"['Arena', 'Torre Lamberti']",Casa Giulietta,"['Centro Fotografia', 'Sighseeing', 'Museo Conte', 'Museo Radio', 'Palazzo della Ragione']",San Fermo,strategy_nearest,False,0.002741098403930664,success
04DC7A3A9C4C80,3,"['Arena', 'San Fermo', 'Torre Lamberti']",Santa Anastasia,"['AMO', 'Museo Conte', 'Palazzo della Ragione', 'Teatro Romano', 'Centro Fotografia']",Duomo,strategy_nearest,False,0.002657175064086914,success
04DC623A9C4C80,1,"['San Zeno', 'Duomo', 'Palazzo della Ragione']",Arena,"['Verona Tour', 'Museo Lapidario', 'Museo Radio', 'San Fermo', 'Casa Giulietta']",Casa Giulietta,strategy_nearest,True,0.004100799560546875,success
04DC7E3A9C4C80,0,['Arena'],Torre Lamberti,"['Sighseeing', 'Centro Fotografia', 'Museo Conte', 'Casa Giulietta', 'Palazzo della Ragione']",Duomo,strategy_nearest,False,0.0018808841705322266,success
04DC7D429C4C80,0,"['Casa Giulietta', 'Torre Lamberti']",Arena,"['Verona Tour', 'Museo Lapidario', 'Museo Radio', 'San Fermo', 'Sighseeing']",Castelvecchio,strategy_nearest,False,0.002500295639038086,success
04DC85429C4C80,3,"['Arena', 'Torre Lamberti']",Santa Anastasia,"['AMO', 'Museo Conte', 'Palazzo della Ragione', 'Teatro Romano', 'Centro Fotografia']",Teatro Romano,strategy_nearest,True,0.0033583641052246094,success
04DC7E429C4C80,0,['Casa Giulietta'],Torre Lamberti,"['Sighseeing', 'Centro Fotografia', 'Museo Conte', 'Palazzo della Ragione', 'AMO']",Arena,strategy_nearest,False,0.0028548240661621094,success
04DC98429C4C80,0,"['Arena', 'Museo Lapidario']",Torre Lamberti,"['Sighseeing', 'Centro Fotografia', 'Museo Conte', 'Casa Giulietta', 'Palazzo della Ragione']",Casa Giulietta,strategy_nearest,True,0.0013189315795898438,success
04DC944A9C4C80,3,"['San Zeno', 'Castelvecchio', 'Arena']",Santa Anastasia,"['AMO', 'Museo Conte', 'Palazzo della Ragione', 'Teatro Romano', 'Centro Fotografia']",Casa Giulietta,strategy_nearest,False,0.003404855728149414,success
04DC854A9C4C80,3,"['Arena', 'Casa Giulietta']",Torre Lamberti,"['Sighseeing', 'Centro Fotografia', 'Museo Conte', 'Palazzo della Ragione', 'AMO']",Santa Anastasia,strategy_nearest,False,0.0041620731353759766,success
04DC9F4A9C4C80,2,['Torre Lamberti'],Casa Giulietta,"['Centro Fotografia', 'Sighseeing', 'Museo Conte', 'Museo Radio', 'Palazzo della Ragione']",Duomo,strategy_nearest,False,0.003201723098754883,success
04DCA0429C4C80,0,['Casa Giulietta'],Arena,"['Verona Tour', 'Museo Lapidario', 'Museo Radio', 'San Fermo', 'Sighseeing']",Santa Anastasia,strategy_nearest,False,0.0031893253326416016,success
04DCA2429C4C80,2,"['Castelvecchio', 'Torre Lamberti']",Santa Anastasia,"['AMO', 'Museo Conte', 'Palazzo della Ragione', 'Teatro Romano', 'Centro Fotografia']",Duomo,strategy_nearest,False,0.001154184341430664,success
04DCA54A9C4C80,3,"['Arena', 'Casa Giulietta']",Torre Lamberti,"['Sighseeing', 'Centro Fotografia', 'Museo Conte', 'Palazzo della Ragione', 'AMO']",Santa Anastasia,strategy_nearest,False,0.002691984176635742,success
04DCA24A9C4C80,2,['Castelvecchio'],Duomo,"['AMO', 'Museo Miniscalchi', 'Santa Anastasia', 'Teatro Romano', 'Palazzo della Ragione']",Palazzo della Ragione,strategy_nearest,True,0.003412961959838867,success
04DCA6429C4C80,3,['Teatro Romano'],Duomo,"['AMO', 'Museo Miniscalchi', 'Santa Anastasia', 'Palazzo della Ragione', 'Museo Conte']",Santa Anastasia,strategy_nearest,True,0.0018041133880615234,success
04DCB2429C4C80,6,"['Arena', 'Torre Lamberti']",Casa Giulietta,"['Centro Fotografia', 'Sighseeing', 'Museo Conte', 'Museo Radio', 'Palazzo della Ragione']",Verona Tour,strategy_nearest,False,0.002727031707763672,success
04DCA63A9C4C80,1,"['Arena', 'Casa Giulietta']",Santa Anastasia,"['AMO', 'Museo Conte', 'Palazzo della Ragione', 'Teatro Romano', 'Centro Fotografia']",Torre Lamberti,strategy_nearest,False,0.003289937973022461,success
04DCB4429C4C80,0,['Arena'],Casa Giulietta,"['Centro Fotografia', 'Sighseeing', 'Torre Lamberti', 'Museo Conte', 'Museo Radio']",Tomba Giulietta,strategy_nearest,False,0.002893686294555664,success
04DCC2429C4C80,1,"['Arena', 'Casa Giulietta']",Torre Lamberti,"['Sighseeing', 'Centro Fotografia', 'Museo Conte', 'Palazzo della Ragione', 'AMO']",Palazzo della Ragione,strategy_nearest,True,0.002997159957885742,success
04DCC33A9C4C80,3,"['Arena', 'Casa Giulietta']",Santa Anastasia,"['AMO', 'Museo Conte', 'Palazzo della Ragione', 'Teatro Romano', 'Centro Fotografia']",Duomo,strategy_nearest,False,0.0016069412231445312,success
04DCD3429C4C80,3,"['Arena', 'Castelvecchio']",San Zeno,"['Verona Tour', 'Museo Lapidario', 'Museo Miniscalchi', 'Sighseeing', 'Museo Radio']",Giardino Giusti,strategy_nearest,False,0.002532958984375,success
04DCD23A9C4C80,0,['Arena'],Casa Giulietta,"['Centro Fotografia', 'Sighseeing', 'Torre Lamberti', 'Museo Conte', 'Museo Radio']",Castelvecchio,strategy_nearest,False,0.003404855728149414,success
04DCD7429C4C80,3,"['Castelvecchio', 'Arena', 'Casa Giulietta', 'Torre Lamberti']",Tomba Giulietta,"['San Fermo', 'Museo Storia', 'Museo Lapidario', 'Museo Radio', 'Verona Tour']",Museo Storia,strategy_nearest,True,0.0023369789123535156,success
04DCE73A9C4C80,2,['Tomba Giulietta'],Casa Giulietta,"['Centro Fotografia', 'Sighseeing', 'Torre Lamberti', 'Museo Conte', 'Museo Radio']",Castelvecchio,strategy_nearest,False,0.0031080245971679688,success
04DCF33A9C4C80,3,"['Castelvecchio', 'Torre Lamberti']",Arena,"['Verona Tour', 'Museo Lapidario', 'Museo Radio', 'San Fermo', 'Casa Giulietta']",San Fermo,strategy_nearest,True,0.002065896987915039,success
04DCF93A9C4C80,3,"['Arena', 'Torre Lamberti']",Teatro Romano,"['Santa Anastasia', 'Duomo', 'AMO', 'Palazzo della Ragione', 'Museo Conte']",Duomo,strategy_nearest,True,0.0031087398529052734,success
04DCEC429C4C80,3,['Castelvecchio'],Duomo,"['AMO', 'Museo Miniscalchi', 'Santa Anastasia', 'Teatro Romano', 'Palazzo della Ragione']",San Fermo,strategy_nearest,False,0.0033838748931884766,success
04DCFD3A9C4C80,3,"['Arena', 'Casa Giulietta']",Giardino Giusti,"['Santa Anastasia', 'Teatro Romano', 'Museo Conte', 'Centro Fotografia', 'Museo Storia']",Duomo,strategy_nearest,False,0.0032720565795898438,success
04DD153A9C4C80,0,['Arena'],Casa Giulietta,"['Centro Fotografia', 'Sighseeing', 'Torre Lamberti', 'Museo Conte', 'Museo Radio']",Teatro Romano,strategy_nearest,False,0.0027341842651367188,success
04DD103A9C4C84,3,"['Arena', 'Casa Giulietta']",Torre Lamberti,"['Sighseeing', 'Centro Fotografia', 'Museo Conte', 'Palazzo della Ragione', 'AMO']",Santa Anastasia,strategy_nearest,False,0.0031731128692626953,success
04DD17429C4C80,3,"['Arena', 'Torre Lamberti', 'Santa Anastasia', 'Duomo']",Casa Giulietta,"['Centro Fotografia', 'Sighseeing', 'Museo Conte', 'Museo Radio', 'Palazzo della Ragione']",San Fermo,strategy_nearest,False,0.003567934036254883,success
04DD193A9C4C80,3,"['Arena', 'Casa Giulietta']",Torre Lamberti,"['Sighseeing', 'Centro Fotografia', 'Museo Conte', 'Palazzo della Ragione', 'AMO']",Duomo,strategy_nearest,False,0.0025589466094970703,success
04DD1F429C4C84,3,"['Teatro Romano', 'Santa Anastasia', 'Torre Lamberti']",Casa Giulietta,"['Centro Fotografia', 'Sighseeing', 'Museo Conte', 'Museo Radio', 'Palazzo della Ragione']",Arena,strategy_nearest,False,0.0031058788299560547,success
04DD1F3A9C4C84,3,"['Arena', 'San Fermo', 'Casa Giulietta']",Torre Lamberti,"['Sighseeing', 'Centro Fotografia', 'Museo Conte', 'Palazzo della Ragione', 'AMO']",Santa Anastasia,strategy_nearest,False,0.002511739730834961,success
04DD223A9C4C80,0,"['Arena', 'Museo Lapidario']",Torre Lamberti,"['Sighseeing', 'Centro Fotografia', 'Museo Conte', 'Casa Giulietta', 'Palazzo della Ragione']",Teatro Romano,strategy_nearest,False,0.0027391910552978516,success
04DD2A4A9C4C80,3,"['Arena', 'Casa Giulietta', 'Castelvecchio', 'San Zeno']",Torre Lamberti,"['Sighseeing', 'Centro Fotografia', 'Museo Conte', 'Palazzo della Ragione', 'AMO']",Santa Anastasia,strategy_nearest,False,0.0026082992553710938,success
04DD21429C4C80,3,"['Arena', 'Casa Giulietta']",Torre Lamberti,"['Sighseeing', 'Centro Fotografia', 'Museo Conte', 'Palazzo della Ragione', 'AMO']",Santa Anastasia,strategy_nearest,False,0.002769947052001953,success
04DD223A9C4C84,0,['Arena'],Teatro Romano,"['Santa Anastasia', 'Duomo', 'AMO', 'Palazzo della Ragione', 'Museo Conte']",Casa Giulietta,strategy_nearest,False,0.0033490657806396484,success
04DD2C429C4C80,3,"['Casa Giulietta', 'Torre Lamberti']",Santa Anastasia,"['AMO', 'Museo Conte', 'Palazzo della Ragione', 'Teatro Romano', 'Centro Fotografia']",Arena,strategy_nearest,False,0.0033860206604003906,success
04DD33429C4C80,3,"['Torre Lamberti', 'Arena']",Casa Giulietta,"['Centro Fotografia', 'Sighseeing', 'Museo Conte', 'Museo Radio', 'Palazzo della Ragione']",Duomo,strategy_nearest,False,0.0025339126586914062,success
04DD2B429C4C80,1,"['Arena', 'Casa Giulietta', 'Torre Lamberti', 'Palazzo della Ragione']",Santa Anastasia,"['AMO', 'Museo Conte', 'Teatro Romano', 'Centro Fotografia', 'Duomo']",Duomo,strategy_nearest,True,0.003451108932495117,success
04DD2E429C4C80,3,"['San Zeno', 'Arena']",Torre Lamberti,"['Sighseeing', 'Centro Fotografia', 'Museo Conte', 'Casa Giulietta', 'Palazzo della Ragione']",San Fermo,strategy_nearest,False,0.0015189647674560547,success
04DD37429C4C80,3,"['Arena', 'San Fermo']",Casa Giulietta,"['Centro Fotografia', 'Sighseeing', 'Torre Lamberti', 'Museo Conte', 'Museo Radio']",Santa Anastasia,strategy_nearest,False,0.002228975296020508,success
04DD38429C4C80,1,"['Arena', 'Museo Lapidario', 'Castelvecchio', 'Casa Giulietta']",Torre Lamberti,"['Sighseeing', 'Centro Fotografia', 'Museo Conte', 'Palazzo della Ragione', 'AMO']",Palazzo della Ragione,strategy_nearest,True,0.001447916030883789,success
04DD34429C4C80,2,['Casa Giulietta'],San Fermo,"['Museo Storia', 'Museo Radio', 'Centro Fotografia', 'Arena', 'Sighseeing']",Torre Lamberti,strategy_nearest,False,0.003486156463623047,success
04DD3C429C4C80,0,['Teatro Romano'],Casa Giulietta,"['Centro Fotografia', 'Sighseeing', 'Torre Lamberti', 'Museo Conte', 'Museo Radio']",Arena,strategy_nearest,False,0.002641916275024414,success
04DD4B3A9C4C80,0,['Arena'],Casa Giulietta,"['Centro Fotografia', 'Sighseeing', 'Torre Lamberti', 'Museo Conte', 'Museo Radio']",Tomba Giulietta,strategy_nearest,False,0.0021800994873046875,success
04DD513A9C4C80,3,"['Arena', 'Torre Lamberti']",Santa Anastasia,"['AMO', 'Museo Conte', 'Palazzo della Ragione', 'Teatro Romano', 'Centro Fotografia']",Casa Giulietta,strategy_nearest,False,0.0015568733215332031,success
04DD44429C4C80,1,"['Arena', 'Casa Giulietta']",Torre Lamberti,"['Sighseeing', 'Centro Fotografia', 'Museo Conte', 'Palazzo della Ragione', 'AMO']",Palazzo della Ragione,strategy_nearest,True,0.004638195037841797,success
04DD563A9C4C80,2,['Castelvecchio'],Torre Lamberti,"['Sighseeing', 'Centro Fotografia', 'Museo Conte', 'Casa Giulietta', 'Palazzo della Ragione']",Santa Anastasia,strategy_nearest,False,0.002724170684814453,success
04DD5F3A9C4C80,3,"['Casa Giulietta', 'Castelvecchio', 'Torre Lamberti']",Duomo,"['AMO', 'Museo Miniscalchi', 'Santa Anastasia', 'Teatro Romano', 'Palazzo della Ragione']",Santa Anastasia,strategy_nearest,True,0.002148866653442383,success
04DD763A9C4C80,3,"['Arena', 'Santa Anastasia']",Teatro Romano,"['Duomo', 'AMO', 'Palazzo della Ragione', 'Museo Conte', 'Centro Fotografia']",Castelvecchio,strategy_nearest,False,0.0025529861450195312,success
04DD75429C4C80,2,"['Casa Giulietta', 'Giardino Giusti']",Teatro Romano,"['Santa Anastasia', 'Duomo', 'AMO', 'Palazzo della Ragione', 'Museo Conte']",Santa Anastasia,strategy_nearest,True,0.0015361309051513672,success
04DD593A9C4C80,3,['Museo Lapidario'],Arena,"['Verona Tour', 'Museo Radio', 'San Fermo', 'Casa Giulietta', 'Sighseeing']",Teatro Romano,strategy_nearest,False,0.00457000732421875,success
04DD803A9C4C80,0,"['San Zeno', 'Arena']",Torre Lamberti,"['Sighseeing', 'Centro Fotografia', 'Museo Conte', 'Casa Giulietta', 'Palazzo della Ragione']",Casa Giulietta,strategy_nearest,True,0.001940011978149414,success
04DD7B3A9C4C80,0,"['Arena', 'Museo Lapidario']",Castelvecchio,"['Verona Tour', 'Museo Radio', 'San Zeno', 'Sighseeing', 'Museo Miniscalchi']",San Zeno,strategy_nearest,True,0.0013651847839355469,success
04DD80429C4C80,1,"['Arena', 'Casa Giulietta']",Torre Lamberti,"['Sighseeing', 'Centro Fotografia', 'Museo Conte', 'Palazzo della Ragione', 'AMO']",Palazzo della Ragione,strategy_nearest,True,0.002463102340698242,success
04DD853A9C4C80,3,"['Arena', 'Casa Giulietta', 'Santa Anastasia']",Duomo,"['AMO', 'Museo Miniscalchi', 'Teatro Romano', 'Palazzo della Ragione', 'Museo Conte']",Teatro Romano,strategy_nearest,True,0.0033416748046875,success
04DD86429C4C80,3,['Arena'],Casa Giulietta,"['Centro Fotografia', 'Sighseeing', 'Torre Lamberti', 'Museo Conte', 'Museo Radio']",Santa Anastasia,strategy_nearest,False,0.0031890869140625,success
04DD8C3A9C4C80,2,"['Palazzo della Ragione', 'Torre Lamberti']",Teatro Romano,"['Santa Anastasia', 'Duomo', 'AMO', 'Museo Conte', 'Centro Fotografia']",Duomo,strategy_nearest,True,0.002485990524291992,success
04DD87429C4C80,0,"['Arena', 'San Zeno']",Castelvecchio,"['Museo Lapidario', 'Verona Tour', 'Museo Radio', 'Sighseeing', 'Museo Miniscalchi']",Tomba Giulietta,strategy_nearest,False,0.0018947124481201172,success
04DD9B4A9C4C80,0,"['Arena', 'Castelvecchio']",Teatro Romano,"['Santa Anastasia', 'Duomo', 'AMO', 'Palazzo della Ragione', 'Museo Conte']",Torre Lamberti,strategy_nearest,False,0.001554250717163086,success
04DD9B429C4C80,0,['Arena'],Castelvecchio,"['Museo Lapidario', 'Verona Tour', 'Museo Radio', 'San Zeno', 'Sighseeing']",Duomo,strategy_nearest,False,0.0021948814392089844,success
04DD93429C4C80,0,"['Arena', 'Museo Lapidario']",Casa Giulietta,"['Centro Fotografia', 'Sighseeing', 'Torre Lamberti', 'Museo Conte', 'Museo Radio']",Torre Lamberti,strategy_nearest,True,0.004075050354003906,success
04DD9D4A9C4C80,2,['Torre Lamberti'],Palazzo della Ragione,"['AMO', 'Museo Conte', 'Centro Fotografia', 'Sighseeing', 'Santa Anastasia']",Santa Anastasia,strategy_nearest,True,0.0033349990844726562,success
04DDA04A9C4C80,1,"['Tomba Giulietta', 'Arena']",Casa Giulietta,"['Centro Fotografia', 'Sighseeing', 'Torre Lamberti', 'Museo Conte', 'Museo Radio']",Palazzo della Ragione,strategy_nearest,False,0.0024640560150146484,success
04DDA14A9C4C80,1,"['Castelvecchio', 'Palazzo della Ragione']",Casa Giulietta,"['Centro Fotografia', 'Sighseeing', 'Torre Lamberti', 'Museo Conte', 'Museo Radio']",Santa Anastasia,strategy_nearest,False,0.0024230480194091797,success
04DDA63A9C4C80,3,"['Museo Lapidario', 'Arena']",Santa Anastasia,"['AMO', 'Museo Conte', 'Palazzo della Ragione', 'Teatro Romano', 'Centro Fotografia']",Duomo,strategy_nearest,False,0.003529071807861328,success
04DDA83A9C4C80,3,"['Casa Giulietta', 'Arena']",Castelvecchio,"['Museo Lapidario', 'Verona Tour', 'Museo Radio', 'San Zeno', 'Sighseeing']",Torre Lamberti,strategy_nearest,False,0.002732992172241211,success
04DDA94A9C4C80,0,['Arena'],Castelvecchio,"['Museo Lapidario', 'Verona Tour', 'Museo Radio', 'San Zeno', 'Sighseeing']",Torre Lamberti,strategy_nearest,False,0.0025191307067871094,success
04DDB6429C4C80,2,['Duomo'],Santa Anastasia,"['AMO', 'Museo Conte', 'Palazzo della Ragione', 'Teatro Romano', 'Centro Fotografia']",Casa Giulietta,strategy_nearest,False,0.0026769638061523438,success
04DDB4429C4C80,3,['Arena'],Torre Lamberti,"['Sighseeing', 'Centro Fotografia', 'Museo Conte', 'Casa Giulietta', 'Palazzo della Ragione']",Santa Anastasia,strategy_nearest,False,0.0033249855041503906,success
04DDB63A9C4C80,3,"['Arena', 'Castelvecchio']",Casa Giulietta,"['Centro Fotografia', 'Sighseeing', 'Torre Lamberti', 'Museo Conte', 'Museo Radio']",Santa Anastasia,strategy_nearest,False,0.003412008285522461,success
04DDBF3A9C4C80,3,"['Arena', 'Casa Giulietta']",Torre Lamberti,"['Sighseeing', 'Centro Fotografia', 'Museo Conte', 'Palazzo della Ragione', 'AMO']",Santa Anastasia,strategy_nearest,False,0.0035157203674316406,success
04DDC53A9C4C80,1,"['Arena', 'Torre Lamberti', 'Palazzo della Ragione']",Casa Giulietta,"['Centro Fotografia', 'Sighseeing', 'Museo Conte', 'Museo Radio', 'San Fermo']",Duomo,strategy_nearest,False,0.002707958221435547,success
04DDC73A9C4C80,3,"['Arena', 'Casa Giulietta']",Santa Anastasia,"['AMO', 'Museo Conte', 'Palazzo della Ragione', 'Teatro Romano', 'Centro Fotografia']",Torre Lamberti,strategy_nearest,False,0.001909017562866211,success
04DDD23A9C4C80,3,"['Arena', 'Castelvecchio']",San Zeno,"['Verona Tour', 'Museo Lapidario', 'Museo Miniscalchi', 'Sighseeing', 'Museo Radio']",Teatro Romano,strategy_nearest,False,0.002379894256591797,success
04DDEA429C4C80,4,"['Castelvecchio', 'Tomba Giulietta', 'Museo Radio', 'Museo Lapidario', 'San Zeno']",Teatro Romano,"['Santa Anastasia', 'Duomo', 'AMO', 'Palazzo della Ragione', 'Museo Conte']",Santa Anastasia,strategy_nearest,True,0.0030510425567626953,success
04DDEC3A9C4C80,2,"['Teatro Romano', 'Duomo']",Torre Lamberti,"['Sighseeing', 'Centro Fotografia', 'Museo Conte', 'Casa Giulietta', 'Palazzo della Ragione']",Casa Giulietta,strategy_nearest,True,0.0028848648071289062,success
04DDFD429C4C80,3,"['Arena', 'Museo Lapidario', 'Torre Lamberti']",Casa Giulietta,"['Centro Fotografia', 'Sighseeing', 'Museo Conte', 'Museo Radio', 'Palazzo della Ragione']",San Fermo,strategy_nearest,False,0.003350973129272461,success
04DDFD3A9C4C80,2,['Torre Lamberti'],Casa Giulietta,"['Centro Fotografia', 'Sighseeing', 'Museo Conte', 'Museo Radio', 'Palazzo della Ragione']",Santa Anastasia,strategy_nearest,False,0.0026798248291015625,success
04DE05429C4C84,0,['Casa Giulietta'],Torre Lamberti,"['Sighseeing', 'Centro Fotografia', 'Museo Conte', 'Palazzo della Ragione', 'AMO']",Castelvecchio,strategy_nearest,False,0.0032062530517578125,success
04DE133A9C4C80,0,['Arena'],Casa Giulietta,"['Centro Fotografia', 'Sighseeing', 'Torre Lamberti', 'Museo Conte', 'Museo Radio']",Teatro Romano,strategy_nearest,False,0.0017747879028320312,success
04DE1B3A9C4C80,3,"['Arena', 'Museo Lapidario', 'Castelvecchio']",San Zeno,"['Verona Tour', 'Museo Miniscalchi', 'Sighseeing', 'Museo Radio', 'Torre Lamberti']",Torre Lamberti,strategy_nearest,True,0.0026788711547851562,success
04DE1C429C4C84,0,['Castelvecchio'],Giardino Giusti,"['Santa Anastasia', 'Teatro Romano', 'Museo Conte', 'Centro Fotografia', 'Museo Storia']",San Zeno,strategy_nearest,False,0.0026161670684814453,success
04DE1D3A9C4C84,3,"['Arena', 'Castelvecchio']",Torre Lamberti,"['Sighseeing', 'Centro Fotografia', 'Museo Conte', 'Casa Giulietta', 'Palazzo della Ragione']",Duomo,strategy_nearest,False,0.0032858848571777344,success
04DE223A9C4C80,3,"['Castelvecchio', 'Arena']",Teatro Romano,"['Santa Anastasia', 'Duomo', 'AMO', 'Palazzo della Ragione', 'Museo Conte']",Duomo,strategy_nearest,True,0.002977132797241211,success
04DE2B3A9C4C80,3,"['Arena', 'Casa Giulietta', 'Duomo']",Santa Anastasia,"['AMO', 'Museo Conte', 'Palazzo della Ragione', 'Teatro Romano', 'Centro Fotografia']",Torre Lamberti,strategy_nearest,False,0.0026187896728515625,success
04DE31429C4C80,3,"['Duomo', 'Teatro Romano']",Arena,"['Verona Tour', 'Museo Lapidario', 'Museo Radio', 'San Fermo', 'Casa Giulietta']",San Zeno,strategy_nearest,False,0.0027120113372802734,success
04DE2C429C4C80,3,"['Arena', 'Castelvecchio']",San Zeno,"['Verona Tour', 'Museo Lapidario', 'Museo Miniscalchi', 'Sighseeing', 'Museo Radio']",Torre Lamberti,strategy_nearest,False,0.004266977310180664,success
04DE394A9C4C80,3,"['Arena', 'San Fermo', 'Museo Lapidario']",Castelvecchio,"['Verona Tour', 'Museo Radio', 'San Zeno', 'Sighseeing', 'Museo Miniscalchi']",Santa Anastasia,strategy_nearest,False,0.002370119094848633,success
04DE37429C4C80,2,['Casa Giulietta'],Torre Lamberti,"['Sighseeing', 'Centro Fotografia', 'Museo Conte', 'Palazzo della Ragione', 'AMO']",San Fermo,strategy_nearest,False,0.00434422492980957,success
04DE3A429C4C80,0,['Arena'],Casa Giulietta,"['Centro Fotografia', 'Sighseeing', 'Torre Lamberti', 'Museo Conte', 'Museo Radio']",Tomba Giulietta,strategy_nearest,False,0.0031890869140625,success
04DE46429C4C80,3,"['Arena', 'Casa Giulietta', 'Museo Lapidario']",Castelvecchio,"['Verona Tour', 'Museo Radio', 'San Zeno', 'Sighseeing', 'Museo Miniscalchi']",San Zeno,strategy_nearest,True,0.0031418800354003906,success
04DE4F429C4C80,3,"['Arena', 'Casa Giulietta', 'San Fermo', 'Torre Lamberti']",Santa Anastasia,"['AMO', 'Museo Conte', 'Palazzo della Ragione', 'Teatro Romano', 'Centro Fotografia']",San Zeno,strategy_nearest,False,0.0027670860290527344,success
04DE47429C4C80,3,"['Arena', 'San Fermo', 'Duomo']",Torre Lamberti,"['Sighseeing', 'Centro Fotografia', 'Museo Conte', 'Casa Giulietta', 'Palazzo della Ragione']",Teatro Romano,strategy_nearest,False,0.003796100616455078,success
04DE4B3A9C4C80,0,"['Arena', 'San Fermo']",Casa Giulietta,"['Centro Fotografia', 'Sighseeing', 'Torre Lamberti', 'Museo Conte', 'Museo Radio']",Torre Lamberti,strategy_nearest,True,0.0028159618377685547,success
04DE563A9C4C80,2,['Castelvecchio'],San Zeno,"['Verona Tour', 'Museo Lapidario', 'Arena', 'Museo Miniscalchi', 'Sighseeing']",Casa Giulietta,strategy_nearest,False,0.0035331249237060547,success
04DE673A9C4C80,2,"['Castelvecchio', 'San Zeno', 'Tomba Giulietta']",San Fermo,"['Museo Storia', 'Museo Radio', 'Casa Giulietta', 'Centro Fotografia', 'Arena']",Casa Giulietta,strategy_nearest,True,0.002611875534057617,success
04DE79429C4C80,3,"['Castelvecchio', 'Arena', 'Torre Lamberti', 'Santa Anastasia']",Duomo,"['AMO', 'Museo Miniscalchi', 'Teatro Romano', 'Palazzo della Ragione', 'Museo Conte']",Teatro Romano,strategy_nearest,True,0.0032167434692382812,success
04DE7A429C4C80,2,"['Castelvecchio', 'Torre Lamberti']",Santa Anastasia,"['AMO', 'Museo Conte', 'Palazzo della Ragione', 'Teatro Romano', 'Centro Fotografia']",Casa Giulietta,strategy_nearest,False,0.0030410289764404297,success
04DE74429C4C80,3,['Arena'],Duomo,"['AMO', 'Museo Miniscalchi', 'Santa Anastasia', 'Teatro Romano', 'Palazzo della Ragione']",Teatro Romano,strategy_nearest,True,0.0032720565795898438,success
04DE7F429C4C80,1,"['Casa Giulietta', 'Arena']",Torre Lamberti,"['Sighseeing', 'Centro Fotografia', 'Museo Conte', 'Palazzo della Ragione', 'AMO']",Palazzo della Ragione,strategy_nearest,True,0.0017359256744384766,success
04DE7F4A9C4C80,2,"['Casa Giulietta', 'Torre Lamberti']",Museo Lapidario,"['Verona Tour', 'Arena', 'Castelvecchio', 'Museo Radio', 'San Fermo']",Santa Anastasia,strategy_nearest,False,0.0020258426666259766,success
04DE81429C4C80,3,"['Museo Lapidario', 'Arena']",San Fermo,"['Museo Storia', 'Museo Radio', 'Casa Giulietta', 'Centro Fotografia', 'Sighseeing']",Casa Giulietta,strategy_nearest,True,0.0032591819763183594,success
04DE803A9C4C80,0,['Arena'],Santa Anastasia,"['AMO', 'Museo Conte', 'Palazzo della Ragione', 'Teatro Romano', 'Centro Fotografia']",Casa Giulietta,strategy_nearest,False,0.0028848648071289062,success
04DE83429C4C80,0,['Arena'],Casa Giulietta,"['Centro Fotografia', 'Sighseeing', 'Torre Lamberti', 'Museo Conte', 'Museo Radio']",Castelvecchio,strategy_nearest,False,0.002317190170288086,success
04DE84429C4C80,2,"['Casa Giulietta', 'Torre Lamberti']",Palazzo della Ragione,"['AMO', 'Museo Conte', 'Centro Fotografia', 'Sighseeing', 'Santa Anastasia']",Santa Anastasia,strategy_nearest,True,0.0030918121337890625,success
04DE91429C4C80,0,"['San Fermo', 'Casa Giulietta', 'Arena']",Castelvecchio,"['Museo Lapidario', 'Verona Tour', 'Museo Radio', 'San Zeno', 'Sighseeing']",San Zeno,strategy_nearest,True,0.0031957626342773438,success
04DE8C3A9C4C80,3,"['Arena', 'Casa Giulietta']",Santa Anastasia,"['AMO', 'Museo Conte', 'Palazzo della Ragione', 'Teatro Romano', 'Centro Fotografia']",Duomo,strategy_nearest,False,0.0026361942291259766,success
04DE944A9C4C80,2,"['Castelvecchio', 'Casa Giulietta']",Torre Lamberti,"['Sighseeing', 'Centro Fotografia', 'Museo Conte', 'Palazzo della Ragione', 'AMO']",Santa Anastasia,strategy_nearest,False,0.002356290817260742,success
04DE9B4A9C4C80,3,"['Arena', 'Museo Lapidario', 'Castelvecchio']",San Zeno,"['Verona Tour', 'Museo Miniscalchi', 'Sighseeing', 'Museo Radio', 'Torre Lamberti']",Santa Anastasia,strategy_nearest,False,0.003076314926147461,success
04DEA04A9C4C80,0,['Arena'],Casa Giulietta,"['Centro Fotografia', 'Sighseeing', 'Torre Lamberti', 'Museo Conte', 'Museo Radio']",Torre Lamberti,strategy_nearest,True,0.0028078556060791016,success
04DEA63A9C4C80,0,['Castelvecchio'],Arena,"['Verona Tour', 'Museo Lapidario', 'Museo Radio', 'San Fermo', 'Casa Giulietta']",Santa Anastasia,strategy_nearest,False,0.002743959426879883,success
04DEA94A9C4C80,0,['Arena'],Torre Lamberti,"['Sighseeing', 'Centro Fotografia', 'Museo Conte', 'Casa Giulietta', 'Palazzo della Ragione']",Giardino Giusti,strategy_nearest,False,0.0026051998138427734,success
04DEAC3A9C4C80,0,['Arena'],Casa Giulietta,"['Centro Fotografia', 'Sighseeing', 'Torre Lamberti', 'Museo Conte', 'Museo Radio']",Torre Lamberti,strategy_nearest,True,0.003084897994995117,success
04DEAD3A9C4C80,3,"['Arena', 'Casa Giulietta']",Santa Anastasia,"['AMO', 'Museo Conte', 'Palazzo della Ragione', 'Teatro Romano', 'Centro Fotografia']",Teatro Romano,strategy_nearest,True,0.001741170883178711,success
04DEB2429C4C80,1,"['Castelvecchio', 'Arena', 'Torre Lamberti', 'Palazzo della Ragione', 'Santa Anastasia']",Duomo,"['AMO', 'Museo Miniscalchi', 'Teatro Romano', 'Museo Conte', 'Centro Fotografia']",Teatro Romano,strategy_nearest,True,0.0033550262451171875,success
04DEB8429C4C80,3,"['Arena', 'Castelvecchio', 'Torre Lamberti']",Casa Giulietta,"['Centro Fotografia', 'Sighseeing', 'Museo Conte', 'Museo Radio', 'Palazzo della Ragione']",Santa Anastasia,strategy_nearest,False,0.0017459392547607422,success
04DED43A9C4C80,0,"['Arena', 'Castelvecchio']",Torre Lamberti,"['Sighseeing', 'Centro Fotografia', 'Museo Conte', 'Casa Giulietta', 'Palazzo della Ragione']",Casa Giulietta,strategy_nearest,True,0.001970052719116211,success
04DEC03A9C4C80,0,"['Teatro Romano', 'Giardino Giusti', 'Castelvecchio']",Casa Giulietta,"['Centro Fotografia', 'Sighseeing', 'Torre Lamberti', 'Museo Conte', 'Museo Radio']",Tomba Giulietta,strategy_nearest,False,0.002569913864135742,success
04DED53A9C4C80,0,"['Arena', 'Castelvecchio']",Casa Giulietta,"['Centro Fotografia', 'Sighseeing', 'Torre Lamberti', 'Museo Conte', 'Museo Radio']",Teatro Romano,strategy_nearest,False,0.0032057762145996094,success
04DED4429C4C80,3,"['Torre Lamberti', 'Santa Anastasia']",Arena,"['Verona Tour', 'Museo Lapidario', 'Museo Radio', 'San Fermo', 'Casa Giulietta']",Castelvecchio,strategy_nearest,False,0.0027501583099365234,success
04DEDD429C4C80,1,"['Palazzo della Ragione', 'Santa Anastasia', 'Casa Giulietta']",Castelvecchio,"['Museo Lapidario', 'Verona Tour', 'Arena', 'Museo Radio', 'San Zeno']",Arena,strategy_nearest,True,0.0027709007263183594,success
04DEED3A9C4C80,3,"['Castelvecchio', 'Arena']",Casa Giulietta,"['Centro Fotografia', 'Sighseeing', 'Torre Lamberti', 'Museo Conte', 'Museo Radio']",Torre Lamberti,strategy_nearest,True,0.003186941146850586,success
04DEE9429C4C80,2,"['Museo Lapidario', 'Castelvecchio']",Duomo,"['AMO', 'Museo Miniscalchi', 'Santa Anastasia', 'Teatro Romano', 'Palazzo della Ragione']",Teatro Romano,strategy_nearest,True,0.002641916275024414,success
04DEDA3A9C4C80,3,"['Arena', 'Torre Lamberti']",Santa Anastasia,"['AMO', 'Museo Conte', 'Palazzo della Ragione', 'Teatro Romano', 'Centro Fotografia']",Casa Giulietta,strategy_nearest,False,0.0027098655700683594,success
04DF013A9C4C84,0,['Arena'],Museo Lapidario,"['Verona Tour', 'Castelvecchio', 'Museo Radio', 'San Fermo', 'Casa Giulietta']",Castelvecchio,strategy_nearest,True,0.0014281272888183594,success
04DF14429C4C80,1,"['Arena', 'Casa Giulietta', 'Santa Anastasia']",Palazzo della Ragione,"['AMO', 'Museo Conte', 'Torre Lamberti', 'Centro Fotografia', 'Sighseeing']",Torre Lamberti,strategy_nearest,True,0.0026769638061523438,success
04DF144A9C4C80,3,"['Castelvecchio', 'Duomo', 'Teatro Romano']",Santa Anastasia,"['AMO', 'Museo Conte', 'Palazzo della Ragione', 'Centro Fotografia', 'Torre Lamberti']",Casa Giulietta,strategy_nearest,False,0.003323793411254883,success
04DEF9429C4C80,0,"['Arena', 'San Zeno']",Tomba Giulietta,"['San Fermo', 'Museo Storia', 'Museo Lapidario', 'Museo Radio', 'Verona Tour']",San Fermo,strategy_nearest,True,0.002071857452392578,success
04DF1C429C4C84,3,"['Santa Anastasia', 'Torre Lamberti']",Casa Giulietta,"['Centro Fotografia', 'Sighseeing', 'Museo Conte', 'Museo Radio', 'Palazzo della Ragione']",Arena,strategy_nearest,False,0.002469301223754883,success
04DF1F3A9C4C80,3,"['Arena', 'Torre Lamberti']",San Zeno,"['Castelvecchio', 'Verona Tour', 'Museo Lapidario', 'Museo Miniscalchi', 'Sighseeing']",Teatro Romano,strategy_nearest,False,0.0018489360809326172,success
04DF213A9C4C84,0,['Arena'],Castelvecchio,"['Museo Lapidario', 'Verona Tour', 'Museo Radio', 'San Zeno', 'Sighseeing']",Duomo,strategy_nearest,False,0.0024127960205078125,success
04DF2E3A9C4C80,2,['Castelvecchio'],Duomo,"['AMO', 'Museo Miniscalchi', 'Santa Anastasia', 'Teatro Romano', 'Palazzo della Ragione']",Santa Anastasia,strategy_nearest,True,0.0017859935760498047,success
04DF223A9C4C80,3,"['Castelvecchio', 'San Zeno', 'Casa Giulietta']",Teatro Romano,"['Santa Anastasia', 'Duomo', 'AMO', 'Palazzo della Ragione', 'Museo Conte']",Santa Anastasia,strategy_nearest,True,0.004141807556152344,success
04DF2E429C4C80,3,"['Arena', 'Torre Lamberti']",Casa Giulietta,"['Centro Fotografia', 'Sighseeing', 'Museo Conte', 'Museo Radio', 'Palazzo della Ragione']",Santa Anastasia,strategy_nearest,False,0.003328084945678711,success
04DF37429C4C80,1,"['Arena', 'Museo Lapidario', 'Giardino Giusti', 'Teatro Romano', 'San Zeno']",Castelvecchio,"['Verona Tour', 'Museo Radio', 'Sighseeing', 'Museo Miniscalchi', 'Torre Lamberti']",Casa Giulietta,strategy_nearest,False,0.0032958984375,success
04DF3B429C4C80,0,['Arena'],Casa Giulietta,"['Centro Fotografia', 'Sighseeing', 'Torre Lamberti', 'Museo Conte', 'Museo Radio']",Torre Lamberti,strategy_nearest,True,0.0020389556884765625,success
04DF4C3A9C4C80,0,['Arena'],Santa Anastasia,"['AMO', 'Museo Conte', 'Palazzo della Ragione', 'Teatro Romano', 'Centro Fotografia']",Casa Giulietta,strategy_nearest,False,0.0025162696838378906,success
04DF573A9C4C80,0,"['Arena', 'Casa Giulietta']",Tomba Giulietta,"['San Fermo', 'Museo Storia', 'Museo Lapidario', 'Museo Radio', 'Verona Tour']",Duomo,strategy_nearest,False,0.0029709339141845703,success
04DF45429C4C80,1,['Arena'],Palazzo della Ragione,"['AMO', 'Museo Conte', 'Torre Lamberti', 'Centro Fotografia', 'Sighseeing']",Casa Giulietta,strategy_nearest,False,0.003462076187133789,success
04DF613A9C4C80,2,"['Santa Anastasia', 'Torre Lamberti']",San Zeno,"['Castelvecchio', 'Verona Tour', 'Museo Lapidario', 'Arena', 'Museo Miniscalchi']",Teatro Romano,strategy_nearest,False,0.002373933792114258,success
04DF67429C4C80,0,['Arena'],Casa Giulietta,"['Centro Fotografia', 'Sighseeing', 'Torre Lamberti', 'Museo Conte', 'Museo Radio']",Duomo,strategy_nearest,False,0.0026099681854248047,success
04DF6B3A9C4C80,1,"['Arena', 'San Fermo', 'Casa Giulietta', 'Torre Lamberti']",Palazzo della Ragione,"['AMO', 'Museo Conte', 'Centro Fotografia', 'Sighseeing', 'Santa Anastasia']",Tomba Giulietta,strategy_nearest,False,0.001901865005493164,success
04DF7F429C4C80,0,"['Arena', 'Casa Giulietta']",Torre Lamberti,"['Sighseeing', 'Centro Fotografia', 'Museo Conte', 'Palazzo della Ragione', 'AMO']",Duomo,strategy_nearest,False,0.0032501220703125,success
04DF81429C4C80,2,['Torre Lamberti'],Santa Anastasia,"['AMO', 'Museo Conte', 'Palazzo della Ragione', 'Teatro Romano', 'Centro Fotografia']",Teatro Romano,strategy_nearest,True,0.002646923065185547,success
04DF82429C4C80,2,['Castelvecchio'],Teatro Romano,"['Santa Anastasia', 'Duomo', 'AMO', 'Palazzo della Ragione', 'Museo Conte']",Duomo,strategy_nearest,True,0.0032668113708496094,success
04DF83429C4C80,3,"['Arena', 'Castelvecchio']",San Zeno,"['Verona Tour', 'Museo Lapidario', 'Museo Miniscalchi', 'Sighseeing', 'Museo Radio']",Duomo,strategy_nearest,False,0.002512216567993164,success
04DF864A9C4C80,0,['Arena'],Santa Anastasia,"['AMO', 'Museo Conte', 'Palazzo della Ragione', 'Teatro Romano', 'Centro Fotografia']",Castelvecchio,strategy_nearest,False,0.0030210018157958984,success
04DF8A4A9C4C80,0,"['Museo Lapidario', 'Torre Lamberti']",Casa Giulietta,"['Centro Fotografia', 'Sighseeing', 'Museo Conte', 'Museo Radio', 'Palazzo della Ragione']",Arena,strategy_nearest,False,0.002452850341796875,success
04DF894A9C4C80,1,"['Museo Lapidario', 'Arena', 'Torre Lamberti']",Palazzo della Ragione,"['AMO', 'Museo Conte', 'Centro Fotografia', 'Sighseeing', 'Santa Anastasia']",Santa Anastasia,strategy_nearest,True,0.0031690597534179688,success
04DF8D429C4C80,3,"['Arena', 'Museo Lapidario', 'Castelvecchio']",Torre Lamberti,"['Sighseeing', 'Centro Fotografia', 'Museo Conte', 'Casa Giulietta', 'Palazzo della Ragione']",Casa Giulietta,strategy_nearest,True,0.003314971923828125,success
04DF994A9C4C80,3,['Arena'],Casa Giulietta,"['Centro Fotografia', 'Sighseeing', 'Torre Lamberti', 'Museo Conte', 'Museo Radio']",Teatro Romano,strategy_nearest,False,0.0018570423126220703,success
04DF96429C4C80,0,['Castelvecchio'],Arena,"['Verona Tour', 'Museo Lapidario', 'Museo Radio', 'San Fermo', 'Casa Giulietta']",Torre Lamberti,strategy_nearest,False,0.0026869773864746094,success
04DF9B429C4C80,0,"['Arena', 'Museo Lapidario']",Casa Giulietta,"['Centro Fotografia', 'Sighseeing', 'Torre Lamberti', 'Museo Conte', 'Museo Radio']",Torre Lamberti,strategy_nearest,True,0.0024819374084472656,success
04DFA2429C4C80,1,['Arena'],Casa Giulietta,"['Centro Fotografia', 'Sighseeing', 'Torre Lamberti', 'Museo Conte', 'Museo Radio']",Torre Lamberti,strategy_nearest,True,0.0025527477264404297,success
04DFA74A9C4C80,0,['Arena'],Torre Lamberti,"['Sighseeing', 'Centro Fotografia', 'Museo Conte', 'Casa Giulietta', 'Palazzo della Ragione']",Teatro Romano,strategy_nearest,False,0.002557039260864258,success
04DFAB3A9C4C80,1,"['Arena', 'Museo Lapidario', 'Castelvecchio', 'San Zeno', 'Duomo']",Santa Anastasia,"['AMO', 'Museo Conte', 'Palazzo della Ragione', 'Teatro Romano', 'Centro Fotografia']",Torre Lamberti,strategy_nearest,False,0.003175973892211914,success
04DFA8429C4C80,3,"['Casa Giulietta', 'Torre Lamberti', 'Teatro Romano']",Duomo,"['AMO', 'Museo Miniscalchi', 'Santa Anastasia', 'Palazzo della Ragione', 'Museo Conte']",Castelvecchio,strategy_nearest,False,0.002566814422607422,success
04DFAC3A9C4C80,3,['Arena'],Casa Giulietta,"['Centro Fotografia', 'Sighseeing', 'Torre Lamberti', 'Museo Conte', 'Museo Radio']",Santa Anastasia,strategy_nearest,False,0.002401590347290039,success
04DFB43A9C4C80,0,"['Arena', 'Museo Lapidario']",Castelvecchio,"['Verona Tour', 'Museo Radio', 'San Zeno', 'Sighseeing', 'Museo Miniscalchi']",Casa Giulietta,strategy_nearest,False,0.0031342506408691406,success
04DFB73A9C4C80,3,['Arena'],Casa Giulietta,"['Centro Fotografia', 'Sighseeing', 'Torre Lamberti', 'Museo Conte', 'Museo Radio']",Torre Lamberti,strategy_nearest,True,0.0032160282135009766,success
04DFB6429C4C80,2,['Teatro Romano'],Giardino Giusti,"['Santa Anastasia', 'Museo Conte', 'Centro Fotografia', 'Museo Storia', 'AMO']",Casa Giulietta,strategy_nearest,False,0.0024261474609375,success
04DFB93A9C4C80,3,"['Castelvecchio', 'Torre Lamberti']",Arena,"['Verona Tour', 'Museo Lapidario', 'Museo Radio', 'San Fermo', 'Casa Giulietta']",San Fermo,strategy_nearest,True,0.002481698989868164,success
04DFBB3A9C4C80,2,"['Duomo', 'Casa Giulietta']",Torre Lamberti,"['Sighseeing', 'Centro Fotografia', 'Museo Conte', 'Palazzo della Ragione', 'AMO']",Teatro Romano,strategy_nearest,False,0.0026769638061523438,success
04DFC23A9C4C80,3,"['Tomba Giulietta', 'Casa Giulietta', 'Torre Lamberti']",Santa Anastasia,"['AMO', 'Museo Conte', 'Palazzo della Ragione', 'Teatro Romano', 'Centro Fotografia']",Duomo,strategy_nearest,False,0.002688884735107422,success
04DFBD429C4C80,3,"['Castelvecchio', 'Arena', 'Casa Giulietta']",Torre Lamberti,"['Sighseeing', 'Centro Fotografia', 'Museo Conte', 'Palazzo della Ragione', 'AMO']",Santa Anastasia,strategy_nearest,False,0.0026369094848632812,success
04DFD0429C4C80,4,"['Teatro Romano', 'Duomo', 'Torre Lamberti']",Castelvecchio,"['Museo Lapidario', 'Verona Tour', 'Arena', 'Museo Radio', 'San Zeno']",Arena,strategy_nearest,True,0.0033059120178222656,success
04DFD63A9C4C80,0,"['Arena', 'Tomba Giulietta']",San Fermo,"['Museo Storia', 'Museo Radio', 'Casa Giulietta', 'Centro Fotografia', 'Sighseeing']",Casa Giulietta,strategy_nearest,True,0.0031218528747558594,success
04DFEE3A9C4C80,2,"['Palazzo della Ragione', 'Teatro Romano', 'Casa Giulietta']",Santa Anastasia,"['AMO', 'Museo Conte', 'Centro Fotografia', 'Duomo', 'Torre Lamberti']",Duomo,strategy_nearest,True,0.002424001693725586,success
04DFF0429C4C80,0,['Arena'],Casa Giulietta,"['Centro Fotografia', 'Sighseeing', 'Torre Lamberti', 'Museo Conte', 'Museo Radio']",Casa Giulietta,strategy_nearest,False,0.002537965774536133,success
04DFF5429C4C80,3,"['Arena', 'Museo Storia']",Castelvecchio,"['Museo Lapidario', 'Verona Tour', 'Museo Radio', 'San Zeno', 'Sighseeing']",Santa Anastasia,strategy_nearest,False,0.0033431053161621094,success
04DFF1429C4C80,3,"['Arena', 'San Fermo', 'Casa Giulietta']",Torre Lamberti,"['Sighseeing', 'Centro Fotografia', 'Museo Conte', 'Palazzo della Ragione', 'AMO']",Santa Anastasia,strategy_nearest,False,0.0032427310943603516,success
04DFF63A9C4C80,0,"['Arena', 'Tomba Giulietta', 'Castelvecchio']",Torre Lamberti,"['Sighseeing', 'Centro Fotografia', 'Museo Conte', 'Casa Giulietta', 'Palazzo della Ragione']",Casa Giulietta,strategy_nearest,True,0.0017328262329101562,success
04DFFD3A9C4C80,0,['Arena'],Casa Giulietta,"['Centro Fotografia', 'Sighseeing', 'Torre Lamberti', 'Museo Conte', 'Museo Radio']",Torre Lamberti,strategy_nearest,True,0.0030078887939453125,success
04E0033A9C4C84,3,['Arena'],Castelvecchio,"['Museo Lapidario', 'Verona Tour', 'Museo Radio', 'San Zeno', 'Sighseeing']",Santa Anastasia,strategy_nearest,False,0.002569913864135742,success
04E012429C4C84,3,"['Arena', 'Casa Giulietta']",San Fermo,"['Museo Storia', 'Museo Radio', 'Centro Fotografia', 'Sighseeing', 'Torre Lamberti']",Torre Lamberti,strategy_nearest,True,0.001219034194946289,success
04E01B3A9C4C84,2,"['Casa Giulietta', 'Santa Anastasia']",Duomo,"['AMO', 'Museo Miniscalchi', 'Teatro Romano', 'Palazzo della Ragione', 'Museo Conte']",Teatro Romano,strategy_nearest,True,0.002683877944946289,success
04E01E429C4C84,3,"['Teatro Romano', 'Duomo']",Santa Anastasia,"['AMO', 'Museo Conte', 'Palazzo della Ragione', 'Centro Fotografia', 'Torre Lamberti']",Casa Giulietta,strategy_nearest,False,0.001682281494140625,success
04E01D429C4C84,3,"['Casa Giulietta', 'Teatro Romano']",Duomo,"['AMO', 'Museo Miniscalchi', 'Santa Anastasia', 'Palazzo della Ragione', 'Museo Conte']",Castelvecchio,strategy_nearest,False,0.004058837890625,success
04E032429C4C80,0,['Arena'],Santa Anastasia,"['AMO', 'Museo Conte', 'Palazzo della Ragione', 'Teatro Romano', 'Centro Fotografia']",Casa Giulietta,strategy_nearest,False,0.0022101402282714844,success
04E0243A9C4C80,3,['Torre Lamberti'],Duomo,"['AMO', 'Museo Miniscalchi', 'Santa Anastasia', 'Teatro Romano', 'Palazzo della Ragione']",Teatro Romano,strategy_nearest,True,0.0021491050720214844,success
04E02A4A9C4C80,3,"['Torre Lamberti', 'Casa Giulietta', 'Teatro Romano']",Duomo,"['AMO', 'Museo Miniscalchi', 'Santa Anastasia', 'Palazzo della Ragione', 'Museo Conte']",Museo Lapidario,strategy_nearest,False,0.002979755401611328,success
04E0223A9C4C84,3,"['San Fermo', 'Casa Giulietta', 'Torre Lamberti']",Santa Anastasia,"['AMO', 'Museo Conte', 'Palazzo della Ragione', 'Teatro Romano', 'Centro Fotografia']",Duomo,strategy_nearest,False,0.004987001419067383,success
04E0333A9C4C80,3,"['San Fermo', 'Casa Giulietta', 'Torre Lamberti']",Santa Anastasia,"['AMO', 'Museo Conte', 'Palazzo della Ragione', 'Teatro Romano', 'Centro Fotografia']",Teatro Romano,strategy_nearest,True,0.003008127212524414,success
04E0324A9C4C80,0,['Teatro Romano'],Arena,"['Verona Tour', 'Museo Lapidario', 'Museo Radio', 'San Fermo', 'Casa Giulietta']",Castelvecchio,strategy_nearest,False,0.003653287887573242,success
04E03B429C4C80,3,"['Arena', 'San Zeno']",Castelvecchio,"['Museo Lapidario', 'Verona Tour', 'Museo Radio', 'Sighseeing', 'Museo Miniscalchi']",Torre Lamberti,strategy_nearest,False,0.0034019947052001953,success
04E033429C4C80,2,['Casa Giulietta'],San Fermo,"['Museo Storia', 'Museo Radio', 'Centro Fotografia', 'Arena', 'Sighseeing']",Torre Lamberti,strategy_nearest,False,0.0017168521881103516,success
04E0533A9C4C80,2,['Casa Giulietta'],Torre Lamberti,"['Sighseeing', 'Centro Fotografia', 'Museo Conte', 'Palazzo della Ragione', 'AMO']",Museo Storia,strategy_nearest,False,0.002972126007080078,success
04E076429C4C80,0,['Arena'],Castelvecchio,"['Museo Lapidario', 'Verona Tour', 'Museo Radio', 'San Zeno', 'Sighseeing']",Casa Giulietta,strategy_nearest,False,0.0035071372985839844,success
04E043429C4C80,0,"['Castelvecchio', 'Arena', 'San Fermo']",Tomba Giulietta,"['Museo Storia', 'Museo Lapidario', 'Museo Radio', 'Verona Tour', 'Casa Giulietta']",Casa Giulietta,strategy_nearest,True,0.0016489028930664062,success
04E03B4A9C4C80,1,"['Santa Anastasia', 'Teatro Romano', 'San Fermo', 'Casa Giulietta']",Palazzo della Ragione,"['AMO', 'Museo Conte', 'Torre Lamberti', 'Centro Fotografia', 'Sighseeing']",Torre Lamberti,strategy_nearest,True,0.002354860305786133,success
04E0773A9C4C80,1,['Torre Lamberti'],Palazzo della Ragione,"['AMO', 'Museo Conte', 'Centro Fotografia', 'Sighseeing', 'Santa Anastasia']",Casa Giulietta,strategy_nearest,False,0.0022552013397216797,success
04E078429C4C80,2,['Castelvecchio'],Torre Lamberti,"['Sighseeing', 'Centro Fotografia', 'Museo Conte', 'Casa Giulietta', 'Palazzo della Ragione']",Santa Anastasia,strategy_nearest,False,0.001626729965209961,success
04E07F3A9C4C80,0,['Arena'],Torre Lamberti,"['Sighseeing', 'Centro Fotografia', 'Museo Conte', 'Casa Giulietta', 'Palazzo della Ragione']",Casa Giulietta,strategy_nearest,True,0.002608776092529297,success
04E07B429C4C80,3,['Arena'],Casa Giulietta,"['Centro Fotografia', 'Sighseeing', 'Torre Lamberti', 'Museo Conte', 'Museo Radio']",Santa Anastasia,strategy_nearest,False,0.003398895263671875,success
04E086429C4C80,0,"['Arena', 'Museo Lapidario']",Casa Giulietta,"['Centro Fotografia', 'Sighseeing', 'Torre Lamberti', 'Museo Conte', 'Museo Radio']",Torre Lamberti,strategy_nearest,True,0.0022118091583251953,success
04E0874A9C4C80,0,"['Arena', 'Torre Lamberti']",Casa Giulietta,"['Centro Fotografia', 'Sighseeing', 'Museo Conte', 'Museo Radio', 'Palazzo della Ragione']",Duomo,strategy_nearest,False,0.0014731884002685547,success
04E0823A9C4C80,3,"['Arena', 'Castelvecchio', 'Torre Lamberti']",Santa Anastasia,"['AMO', 'Museo Conte', 'Palazzo della Ragione', 'Teatro Romano', 'Centro Fotografia']",Duomo,strategy_nearest,False,0.003515005111694336,success
04E082429C4C80,0,['Casa Giulietta'],Arena,"['Verona Tour', 'Museo Lapidario', 'Museo Radio', 'San Fermo', 'Sighseeing']",Castelvecchio,strategy_nearest,False,0.0036432743072509766,success
04E0A04A9C4C80,1,"['Arena', 'Casa Giulietta', 'Palazzo della Ragione']",Torre Lamberti,"['Sighseeing', 'Centro Fotografia', 'Museo Conte', 'AMO', 'Museo Miniscalchi']",Santa Anastasia,strategy_nearest,False,0.002429962158203125,success
04E08E4A9C4C80,3,"['Arena', 'Casa Giulietta', 'Santa Anastasia']",Duomo,"['AMO', 'Museo Miniscalchi', 'Teatro Romano', 'Palazzo della Ragione', 'Museo Conte']",Teatro Romano,strategy_nearest,True,0.002549886703491211,success
04E0934A9C4C80,2,['Castelvecchio'],Torre Lamberti,"['Sighseeing', 'Centro Fotografia', 'Museo Conte', 'Casa Giulietta', 'Palazzo della Ragione']",San Fermo,strategy_nearest,False,0.0033032894134521484,success
04E0A94A9C4C80,3,"['Arena', 'Casa Giulietta']",Torre Lamberti,"['Sighseeing', 'Centro Fotografia', 'Museo Conte', 'Palazzo della Ragione', 'AMO']",Santa Anastasia,strategy_nearest,False,0.0037887096405029297,success
04E0AE429C4C80,3,"['Arena', 'Casa Giulietta']",Torre Lamberti,"['Sighseeing', 'Centro Fotografia', 'Museo Conte', 'Palazzo della Ragione', 'AMO']",Teatro Romano,strategy_nearest,False,0.001905202865600586,success
04E0AE3A9C4C80,2,['San Fermo'],Santa Anastasia,"['AMO', 'Museo Conte', 'Palazzo della Ragione', 'Teatro Romano', 'Centro Fotografia']",Duomo,strategy_nearest,False,0.004241943359375,success
04E0B63A9C4C80,3,"['Arena', 'Casa Giulietta']",Torre Lamberti,"['Sighseeing', 'Centro Fotografia', 'Museo Conte', 'Palazzo della Ragione', 'AMO']",Santa Anastasia,strategy_nearest,False,0.003359079360961914,success
04E0B23A9C4C80,2,['Torre Lamberti'],Santa Anastasia,"['AMO', 'Museo Conte', 'Palazzo della Ragione', 'Teatro Romano', 'Centro Fotografia']",Giardino Giusti,strategy_nearest,False,0.0021829605102539062,success
04E0C23A9C4C80,2,"['Torre Lamberti', 'Palazzo della Ragione', 'Casa Giulietta']",San Fermo,"['Museo Storia', 'Museo Radio', 'Centro Fotografia', 'Arena', 'Sighseeing']",Santa Anastasia,strategy_nearest,False,0.0022819042205810547,success
04E0C33A9C4C80,3,"['Tomba Giulietta', 'Arena', 'Casa Giulietta']",San Fermo,"['Museo Storia', 'Museo Radio', 'Centro Fotografia', 'Sighseeing', 'Torre Lamberti']",Teatro Romano,strategy_nearest,False,0.0014989376068115234,success
04E0C83A9C4C80,0,['Castelvecchio'],Arena,"['Verona Tour', 'Museo Lapidario', 'Museo Radio', 'San Fermo', 'Casa Giulietta']",Casa Giulietta,strategy_nearest,True,0.002685070037841797,success
04E0C73A9C4C80,3,['Arena'],Santa Anastasia,"['AMO', 'Museo Conte', 'Palazzo della Ragione', 'Teatro Romano', 'Centro Fotografia']",Torre Lamberti,strategy_nearest,False,0.003778219223022461,success
04E0D1429C4C80,2,['Tomba Giulietta'],Torre Lamberti,"['Sighseeing', 'Centro Fotografia', 'Museo Conte', 'Casa Giulietta', 'Palazzo della Ragione']",Giardino Giusti,strategy_nearest,False,0.0018229484558105469,success
04E0D23A9C4C80,3,"['Arena', 'Museo Lapidario', 'Castelvecchio']",Casa Giulietta,"['Centro Fotografia', 'Sighseeing', 'Torre Lamberti', 'Museo Conte', 'Museo Radio']",Santa Anastasia,strategy_nearest,False,0.003181934356689453,success
04E0D63A9C4C80,0,['Castelvecchio'],Casa Giulietta,"['Centro Fotografia', 'Sighseeing', 'Torre Lamberti', 'Museo Conte', 'Museo Radio']",Arena,strategy_nearest,False,0.0025191307067871094,success
04E0DD429C4C80,2,"['Teatro Romano', 'Castelvecchio', 'San Zeno']",Torre Lamberti,"['Sighseeing', 'Centro Fotografia', 'Museo Conte', 'Casa Giulietta', 'Palazzo della Ragione']",Duomo,strategy_nearest,False,0.0034601688385009766,success
04E108429C4C84,3,"['Museo Lapidario', 'Arena', 'San Fermo']",Casa Giulietta,"['Centro Fotografia', 'Sighseeing', 'Torre Lamberti', 'Museo Conte', 'Museo Radio']",Santa Anastasia,strategy_nearest,False,0.0021026134490966797,success
04E1033A9C4C84,0,"['Arena', 'Casa Giulietta']",Duomo,"['AMO', 'Museo Miniscalchi', 'Santa Anastasia', 'Teatro Romano', 'Palazzo della Ragione']",Teatro Romano,strategy_nearest,True,0.0016598701477050781,success
04E0F0429C4C80,6,"['Arena', 'Casa Giulietta', 'Torre Lamberti', 'Santa Anastasia']",San Zeno,"['Castelvecchio', 'Verona Tour', 'Museo Lapidario', 'Museo Miniscalchi', 'Sighseeing']",Castelvecchio,strategy_nearest,True,0.0030548572540283203,success
04E104429C4C84,2,"['Casa Giulietta', 'Torre Lamberti', 'Santa Anastasia']",Teatro Romano,"['Duomo', 'AMO', 'Palazzo della Ragione', 'Museo Conte', 'Centro Fotografia']",Duomo,strategy_nearest,True,0.0035600662231445312,success
04E1103A9C4C84,0,"['Arena', 'Torre Lamberti']",Casa Giulietta,"['Centro Fotografia', 'Sighseeing', 'Museo Conte', 'Museo Radio', 'Palazzo della Ragione']",Teatro Romano,strategy_nearest,False,0.0019009113311767578,success
04E114429C4C84,0,['Arena'],Casa Giulietta,"['Centro Fotografia', 'Sighseeing', 'Torre Lamberti', 'Museo Conte', 'Museo Radio']",Santa Anastasia,strategy_nearest,False,0.0030808448791503906,success
04E1173A9C4C80,0,['Castelvecchio'],Arena,"['Verona Tour', 'Museo Lapidario', 'Museo Radio', 'San Fermo', 'Casa Giulietta']",Teatro Romano,strategy_nearest,False,0.0022096633911132812,success
04E10D3A9C4C84,1,['Arena'],Torre Lamberti,"['Sighseeing', 'Centro Fotografia', 'Museo Conte', 'Casa Giulietta', 'Palazzo della Ragione']",Palazzo della Ragione,strategy_nearest,True,0.0047109127044677734,success
04E1174A9C4C80,0,"['Arena', 'Museo Lapidario']",Duomo,"['AMO', 'Museo Miniscalchi', 'Santa Anastasia', 'Teatro Romano', 'Palazzo della Ragione']",Teatro Romano,strategy_nearest,True,0.0019311904907226562,success
04E119429C4C84,1,['Arena'],Casa Giulietta,"['Centro Fotografia', 'Sighseeing', 'Torre Lamberti', 'Museo Conte', 'Museo Radio']",Torre Lamberti,strategy_nearest,True,0.002902984619140625,success
04E11E4A9C4C80,3,"['Casa Giulietta', 'Torre Lamberti', 'Arena', 'San Zeno']",Teatro Romano,"['Santa Anastasia', 'Duomo', 'AMO', 'Palazzo della Ragione', 'Museo Conte']",Giardino Giusti,strategy_nearest,False,0.003432035446166992,success
04E118429C4C80,1,"['Arena', 'Torre Lamberti']",Palazzo della Ragione,"['AMO', 'Museo Conte', 'Centro Fotografia', 'Sighseeing', 'Santa Anastasia']",Duomo,strategy_nearest,False,0.0029609203338623047,success
04E11F429C4C84,1,['Arena'],Palazzo della Ragione,"['AMO', 'Museo Conte', 'Torre Lamberti', 'Centro Fotografia', 'Sighseeing']",Torre Lamberti,strategy_nearest,True,0.0035707950592041016,success
04E120429C4C80,0,"['Teatro Romano', 'Torre Lamberti']",Casa Giulietta,"['Centro Fotografia', 'Sighseeing', 'Museo Conte', 'Museo Radio', 'Palazzo della Ragione']",Arena,strategy_nearest,False,0.002064943313598633,success
04E121429C4C84,0,['Santa Anastasia'],Arena,"['Verona Tour', 'Museo Lapidario', 'Museo Radio', 'San Fermo', 'Casa Giulietta']",Castelvecchio,strategy_nearest,False,0.002608060836791992,success
04E12E3A9C4C80,3,"['Tomba Giulietta', 'San Fermo', 'Santa Anastasia', 'Teatro Romano', 'Museo Lapidario']",Casa Giulietta,"['Centro Fotografia', 'Sighseeing', 'Torre Lamberti', 'Museo Conte', 'Museo Radio']",Torre Lamberti,strategy_nearest,True,0.003248929977416992,success
04E1323A9C4C80,1,"['Teatro Romano', 'Duomo', 'Santa Anastasia', 'Torre Lamberti', 'Palazzo della Ragione']",Casa Giulietta,"['Centro Fotografia', 'Sighseeing', 'Museo Conte', 'Museo Radio', 'San Fermo']",Museo Storia,strategy_nearest,False,0.002496957778930664,success
04E1334A9C4C80,3,"['Casa Giulietta', 'Torre Lamberti', 'Tomba Giulietta']",Arena,"['Verona Tour', 'Museo Lapidario', 'Museo Radio', 'San Fermo', 'Sighseeing']",Santa Anastasia,strategy_nearest,False,0.0026340484619140625,success
04E13B429C4C80,3,"['Arena', 'Santa Anastasia', 'Duomo']",Torre Lamberti,"['Sighseeing', 'Centro Fotografia', 'Museo Conte', 'Casa Giulietta', 'Palazzo della Ragione']",Casa Giulietta,strategy_nearest,True,0.0035610198974609375,success
04E13C4A9C4C80,0,['Arena'],Museo Lapidario,"['Verona Tour', 'Castelvecchio', 'Museo Radio', 'San Fermo', 'Casa Giulietta']",Duomo,strategy_nearest,False,0.0025849342346191406,success
04E136429C4C80,3,"['Arena', 'Casa Giulietta']",Duomo,"['AMO', 'Museo Miniscalchi', 'Santa Anastasia', 'Teatro Romano', 'Palazzo della Ragione']",Teatro Romano,strategy_nearest,True,0.0029861927032470703,success
04E15A429C4C80,3,"['Castelvecchio', 'Santa Anastasia', 'Arena']",Museo Lapidario,"['Verona Tour', 'Museo Radio', 'San Fermo', 'Casa Giulietta', 'Tomba Giulietta']",San Fermo,strategy_nearest,True,0.0030672550201416016,success
04E149429C4C80,1,"['Arena', 'Museo Lapidario']",Casa Giulietta,"['Centro Fotografia', 'Sighseeing', 'Torre Lamberti', 'Museo Conte', 'Museo Radio']",Palazzo della Ragione,strategy_nearest,False,0.0033740997314453125,success
04E158429C4C80,2,['Casa Giulietta'],Santa Anastasia,"['AMO', 'Museo Conte', 'Palazzo della Ragione', 'Teatro Romano', 'Centro Fotografia']",Duomo,strategy_nearest,False,0.0025200843811035156,success
04E157429C4C80,3,"['Arena', 'San Zeno']",Castelvecchio,"['Museo Lapidario', 'Verona Tour', 'Museo Radio', 'Sighseeing', 'Museo Miniscalchi']",Duomo,strategy_nearest,False,0.0027053356170654297,success
04E1623A9C4C80,1,"['Palazzo della Ragione', 'Casa Giulietta', 'Arena', 'Castelvecchio']",Duomo,"['AMO', 'Museo Miniscalchi', 'Santa Anastasia', 'Teatro Romano', 'Museo Conte']",Santa Anastasia,strategy_nearest,True,0.0016829967498779297,success
04E1743A9C4C80,0,['Arena'],Casa Giulietta,"['Centro Fotografia', 'Sighseeing', 'Torre Lamberti', 'Museo Conte', 'Museo Radio']",Duomo,strategy_nearest,False,0.003432035446166992,success
04E16B3A9C4C80,3,"['Teatro Romano', 'Santa Anastasia', 'Duomo']",Arena,"['Verona Tour', 'Museo Lapidario', 'Museo Radio', 'San Fermo', 'Casa Giulietta']",Castelvecchio,strategy_nearest,False,0.0022611618041992188,success
04E1793A9C4C80,1,"['Arena', 'Castelvecchio']",San Fermo,"['Museo Storia', 'Museo Radio', 'Casa Giulietta', 'Centro Fotografia', 'Sighseeing']",Torre Lamberti,strategy_nearest,False,0.002711057662963867,success
04E185429C4C80,2,['Castelvecchio'],Torre Lamberti,"['Sighseeing', 'Centro Fotografia', 'Museo Conte', 'Casa Giulietta', 'Palazzo della Ragione']",Santa Anastasia,strategy_nearest,False,0.003300189971923828,success
04E17C429C4C80,3,"['Arena', 'Casa Giulietta']",Torre Lamberti,"['Sighseeing', 'Centro Fotografia', 'Museo Conte', 'Palazzo della Ragione', 'AMO']",Santa Anastasia,strategy_nearest,False,0.0015990734100341797,success
04E179429C4C80,0,['Casa Giulietta'],Arena,"['Verona Tour', 'Museo Lapidario', 'Museo Radio', 'San Fermo', 'Sighseeing']",Castelvecchio,strategy_nearest,False,0.00286102294921875,success
04E181429C4C80,3,"['Casa Giulietta', 'Torre Lamberti']",Arena,"['Verona Tour', 'Museo Lapidario', 'Museo Radio', 'San Fermo', 'Sighseeing']",Giardino Giusti,strategy_nearest,False,0.0021529197692871094,success
04E190429C4C80,2,['Duomo'],Castelvecchio,"['Museo Lapidario', 'Verona Tour', 'Arena', 'Museo Radio', 'San Zeno']",San Zeno,strategy_nearest,True,0.002054929733276367,success
04E18A429C4C80,3,"['Arena', 'Torre Lamberti', 'Casa Giulietta']",Santa Anastasia,"['AMO', 'Museo Conte', 'Palazzo della Ragione', 'Teatro Romano', 'Centro Fotografia']",Teatro Romano,strategy_nearest,True,0.002766847610473633,success
04E1914A9C4C80,0,['Arena'],Casa Giulietta,"['Centro Fotografia', 'Sighseeing', 'Torre Lamberti', 'Museo Conte', 'Museo Radio']",Arena,strategy_nearest,False,0.0036249160766601562,success
04E18E4A9C4C80,3,['Arena'],Casa Giulietta,"['Centro Fotografia', 'Sighseeing', 'Torre Lamberti', 'Museo Conte', 'Museo Radio']",Torre Lamberti,strategy_nearest,True,0.001505136489868164,success
04E1A34A9C4C80,0,['Castelvecchio'],Arena,"['Verona Tour', 'Museo Lapidario', 'Museo Radio', 'San Fermo', 'Casa Giulietta']",Casa Giulietta,strategy_nearest,True,0.002115011215209961,success
04E1A94A9C4C80,3,"['Arena', 'Santa Anastasia']",Duomo,"['AMO', 'Museo Miniscalchi', 'Teatro Romano', 'Palazzo della Ragione', 'Museo Conte']",Torre Lamberti,strategy_nearest,False,0.003339052200317383,success
04E1A04A9C4C80,0,"['Arena', 'Castelvecchio']",Duomo,"['AMO', 'Museo Miniscalchi', 'Santa Anastasia', 'Teatro Romano', 'Palazzo della Ragione']",Teatro Romano,strategy_nearest,True,0.004415035247802734,success
04E1A84A9C4C80,3,"['Arena', 'Torre Lamberti']",Casa Giulietta,"['Centro Fotografia', 'Sighseeing', 'Museo Conte', 'Museo Radio', 'Palazzo della Ragione']",Tomba Giulietta,strategy_nearest,False,0.0021266937255859375,success
04E1AB4A9C4C80,1,"['Tomba Giulietta', 'Arena']",Palazzo della Ragione,"['AMO', 'Museo Conte', 'Torre Lamberti', 'Centro Fotografia', 'Sighseeing']",Torre Lamberti,strategy_nearest,True,0.0025200843811035156,success
04E1C73A9C4C80,3,['Arena'],Santa Anastasia,"['AMO', 'Museo Conte', 'Palazzo della Ragione', 'Teatro Romano', 'Centro Fotografia']",Torre Lamberti,strategy_nearest,False,0.002067089080810547,success
04E1C53A9C4C80,3,"['Arena', 'Torre Lamberti']",Santa Anastasia,"['AMO', 'Museo Conte', 'Palazzo della Ragione', 'Teatro Romano', 'Centro Fotografia']",Duomo,strategy_nearest,False,0.002786874771118164,success
04E1D63A9C4C80,3,"['Arena', 'San Fermo', 'Museo Storia', 'Casa Giulietta']",Santa Anastasia,"['AMO', 'Museo Conte', 'Palazzo della Ragione', 'Teatro Romano', 'Centro Fotografia']",Duomo,strategy_nearest,False,0.0033409595489501953,success
04E1E03A9C4C80,3,"['Santa Anastasia', 'Teatro Romano', 'Torre Lamberti']",San Fermo,"['Museo Storia', 'Museo Radio', 'Casa Giulietta', 'Centro Fotografia', 'Arena']",Casa Giulietta,strategy_nearest,True,0.0018880367279052734,success
04E1DC429C4C80,3,"['Teatro Romano', 'Duomo', 'San Fermo']",Castelvecchio,"['Museo Lapidario', 'Verona Tour', 'Arena', 'Museo Radio', 'San Zeno']",Arena,strategy_nearest,True,0.0025892257690429688,success
04E1F0429C4C80,3,"['Arena', 'Casa Giulietta', 'Santa Anastasia', 'Teatro Romano']",Duomo,"['AMO', 'Museo Miniscalchi', 'Palazzo della Ragione', 'Museo Conte', 'Torre Lamberti']",Torre Lamberti,strategy_nearest,True,0.002788066864013672,success
04E2043A9C4C84,3,['Arena'],Casa Giulietta,"['Centro Fotografia', 'Sighseeing', 'Torre Lamberti', 'Museo Conte', 'Museo Radio']",Santa Anastasia,strategy_nearest,False,0.003940105438232422,success
04E20C3A9C4C84,2,['Castelvecchio'],Tomba Giulietta,"['San Fermo', 'Museo Storia', 'Arena', 'Museo Lapidario', 'Museo Radio']",Teatro Romano,strategy_nearest,False,0.0018050670623779297,success
04E213429C4C84,3,"['Arena', 'Casa Giulietta', 'Torre Lamberti']",Santa Anastasia,"['AMO', 'Museo Conte', 'Palazzo della Ragione', 'Teatro Romano', 'Centro Fotografia']",Duomo,strategy_nearest,False,0.002366304397583008,success
04E2143A9C4C80,3,"['Arena', 'San Fermo', 'Casa Giulietta', 'Giardino Giusti', 'Teatro Romano']",Duomo,"['AMO', 'Museo Miniscalchi', 'Santa Anastasia', 'Palazzo della Ragione', 'Museo Conte']",Santa Anastasia,strategy_nearest,True,0.002973318099975586,success
04E2164A9C4C80,0,['Arena'],Castelvecchio,"['Museo Lapidario', 'Verona Tour', 'Museo Radio', 'San Zeno', 'Sighseeing']",Casa Giulietta,strategy_nearest,False,0.002393007278442383,success
04E219429C4C84,1,['Arena'],Casa Giulietta,"['Centro Fotografia', 'Sighseeing', 'Torre Lamberti', 'Museo Conte', 'Museo Radio']",Palazzo della Ragione,strategy_nearest,False,0.002500295639038086,success
04E2213A9C4C84,0,['Arena'],Museo Lapidario,"['Verona Tour', 'Castelvecchio', 'Museo Radio', 'San Fermo', 'Casa Giulietta']",Castelvecchio,strategy_nearest,True,0.0034592151641845703,success
04E2223A9C4C80,3,"['Arena', 'Torre Lamberti']",Santa Anastasia,"['AMO', 'Museo Conte', 'Palazzo della Ragione', 'Teatro Romano', 'Centro Fotografia']",Duomo,strategy_nearest,False,0.0020139217376708984,success
04E22F3A9C4C80,3,"['Arena', 'San Fermo']",Duomo,"['AMO', 'Museo Miniscalchi', 'Santa Anastasia', 'Teatro Romano', 'Palazzo della Ragione']",Casa Giulietta,strategy_nearest,False,0.004101991653442383,success
04E23A429C4C80,3,"['Tomba Giulietta', 'Santa Anastasia', 'Duomo']",Giardino Giusti,"['Teatro Romano', 'Museo Conte', 'Centro Fotografia', 'Museo Storia', 'AMO']",Teatro Romano,strategy_nearest,True,0.004056215286254883,success
04E23C429C4C80,3,"['Santa Anastasia', 'Tomba Giulietta', 'Museo Lapidario']",Arena,"['Verona Tour', 'Museo Radio', 'San Fermo', 'Casa Giulietta', 'Sighseeing']",Casa Giulietta,strategy_nearest,True,0.0021550655364990234,success
04E24F3A9C4C80,3,['Arena'],Castelvecchio,"['Museo Lapidario', 'Verona Tour', 'Museo Radio', 'San Zeno', 'Sighseeing']",Santa Anastasia,strategy_nearest,False,0.0028238296508789062,success
04E23B429C4C80,3,"['Castelvecchio', 'Arena', 'Tomba Giulietta']",Museo Storia,"['San Fermo', 'Museo Radio', 'Casa Giulietta', 'Centro Fotografia', 'Torre Lamberti']",Casa Giulietta,strategy_nearest,True,0.0013089179992675781,success
04E245429C4C80,0,"['Castelvecchio', 'Arena']",Casa Giulietta,"['Centro Fotografia', 'Sighseeing', 'Torre Lamberti', 'Museo Conte', 'Museo Radio']",Duomo,strategy_nearest,False,0.003554105758666992,success
04E25A429C4C80,3,"['Castelvecchio', 'Santa Anastasia', 'Arena']",Museo Lapidario,"['Verona Tour', 'Museo Radio', 'San Fermo', 'Casa Giulietta', 'Tomba Giulietta']",San Fermo,strategy_nearest,True,0.0027480125427246094,success
04E2523A9C4C80,3,"['San Zeno', 'Arena']",Torre Lamberti,"['Sighseeing', 'Centro Fotografia', 'Museo Conte', 'Casa Giulietta', 'Palazzo della Ragione']",San Fermo,strategy_nearest,False,0.0024919509887695312,success
04E2603A9C4C80,3,"['Tomba Giulietta', 'Teatro Romano', 'San Zeno', 'Duomo']",Santa Anastasia,"['AMO', 'Museo Conte', 'Palazzo della Ragione', 'Centro Fotografia', 'Torre Lamberti']",Torre Lamberti,strategy_nearest,True,0.002689838409423828,success
04E2623A9C4C80,0,['Arena'],Castelvecchio,"['Museo Lapidario', 'Verona Tour', 'Museo Radio', 'San Zeno', 'Sighseeing']",Casa Giulietta,strategy_nearest,False,0.0032546520233154297,success
04E2643A9C4C80,1,"['Duomo', 'Teatro Romano', 'San Fermo', 'Arena', 'Museo Lapidario']",Castelvecchio,"['Verona Tour', 'Museo Radio', 'San Zeno', 'Sighseeing', 'Museo Miniscalchi']",San Zeno,strategy_nearest,True,0.0016150474548339844,success
04E2673A9C4C80,3,"['Arena', 'Museo Lapidario', 'Castelvecchio', 'Torre Lamberti']",Santa Anastasia,"['AMO', 'Museo Conte', 'Palazzo della Ragione', 'Teatro Romano', 'Centro Fotografia']",Duomo,strategy_nearest,False,0.0034770965576171875,success
04E275429C4C80,2,"['Casa Giulietta', 'Torre Lamberti']",San Fermo,"['Museo Storia', 'Museo Radio', 'Centro Fotografia', 'Arena', 'Sighseeing']",Santa Anastasia,strategy_nearest,False,0.0030732154846191406,success
04E26E3A9C4C80,0,['Castelvecchio'],Casa Giulietta,"['Centro Fotografia', 'Sighseeing', 'Torre Lamberti', 'Museo Conte', 'Museo Radio']",Arena,strategy_nearest,False,0.0025000572204589844,success
04E277429C4C80,3,"['Museo Lapidario', 'Arena']",San Fermo,"['Museo Storia', 'Museo Radio', 'Casa Giulietta', 'Centro Fotografia', 'Sighseeing']",Casa Giulietta,strategy_nearest,True,0.004405021667480469,success
04E2793A9C4C80,3,"['Arena', 'Casa Giulietta']",Torre Lamberti,"['Sighseeing', 'Centro Fotografia', 'Museo Conte', 'Palazzo della Ragione', 'AMO']",Santa Anastasia,strategy_nearest,False,0.0011548995971679688,success
04E279429C4C80,0,"['Arena', 'Casa Giulietta']",Torre Lamberti,"['Sighseeing', 'Centro Fotografia', 'Museo Conte', 'Palazzo della Ragione', 'AMO']",Castelvecchio,strategy_nearest,False,0.002795696258544922,success
04E27F3A9C4C80,3,"['Arena', 'Castelvecchio']",San Zeno,"['Verona Tour', 'Museo Lapidario', 'Museo Miniscalchi', 'Sighseeing', 'Museo Radio']",Casa Giulietta,strategy_nearest,False,0.003401041030883789,success
04E287429C4C80,0,['Arena'],Castelvecchio,"['Museo Lapidario', 'Verona Tour', 'Museo Radio', 'San Zeno', 'Sighseeing']",San Zeno,strategy_nearest,True,0.0028069019317626953,success
04E28D429C4C80,0,['Arena'],Casa Giulietta,"['Centro Fotografia', 'Sighseeing', 'Torre Lamberti', 'Museo Conte', 'Museo Radio']",Torre Lamberti,strategy_nearest,True,0.0033578872680664062,success
04E2934A9C4C80,2,"['Castelvecchio', 'Casa Giulietta']",Torre Lamberti,"['Sighseeing', 'Centro Fotografia', 'Museo Conte', 'Palazzo della Ragione', 'AMO']",Santa Anastasia,strategy_nearest,False,0.002496957778930664,success
04E2924A9C4C80,0,['Arena'],Castelvecchio,"['Museo Lapidario', 'Verona Tour', 'Museo Radio', 'San Zeno', 'Sighseeing']",Santa Anastasia,strategy_nearest,False,0.0033130645751953125,success
04E2984A9C4C80,0,['Arena'],Museo Lapidario,"['Verona Tour', 'Castelvecchio', 'Museo Radio', 'San Fermo', 'Casa Giulietta']",Santa Anastasia,strategy_nearest,False,0.0026140213012695312,success
04E29C4A9C4C80,3,"['Arena', 'San Fermo']",Casa Giulietta,"['Centro Fotografia', 'Sighseeing', 'Torre Lamberti', 'Museo Conte', 'Museo Radio']",Torre Lamberti,strategy_nearest,True,0.002561807632446289,success
04E298429C4C80,3,"['Duomo', 'Teatro Romano']",Castelvecchio,"['Museo Lapidario', 'Verona Tour', 'Arena', 'Museo Radio', 'San Zeno']",San Zeno,strategy_nearest,True,0.0026569366455078125,success
04E2A5429C4C80,2,['Teatro Romano'],San Zeno,"['Castelvecchio', 'Verona Tour', 'Museo Lapidario', 'Arena', 'Museo Miniscalchi']",Torre Lamberti,strategy_nearest,False,0.0033898353576660156,success
04E2A94A9C4C80,0,['Arena'],Casa Giulietta,"['Centro Fotografia', 'Sighseeing', 'Torre Lamberti', 'Museo Conte', 'Museo Radio']",Torre Lamberti,strategy_nearest,True,0.0032613277435302734,success
04E2AB3A9C4C80,3,['Castelvecchio'],Arena,"['Verona Tour', 'Museo Lapidario', 'Museo Radio', 'San Fermo', 'Casa Giulietta']",Giardino Giusti,strategy_nearest,False,0.002997159957885742,success
04E2A6429C4C80,3,"['Arena', 'Tomba Giulietta', 'San Fermo']",Casa Giulietta,"['Centro Fotografia', 'Sighseeing', 'Torre Lamberti', 'Museo Conte', 'Museo Radio']",Torre Lamberti,strategy_nearest,True,0.0024597644805908203,success
04E2A83A9C4C80,0,['Arena'],Casa Giulietta,"['Centro Fotografia', 'Sighseeing', 'Torre Lamberti', 'Museo Conte', 'Museo Radio']",Santa Anastasia,strategy_nearest,False,0.0027849674224853516,success
04E2AB4A9C4C80,0,['Arena'],Casa Giulietta,"['Centro Fotografia', 'Sighseeing', 'Torre Lamberti', 'Museo Conte', 'Museo Radio']",Torre Lamberti,strategy_nearest,True,0.002248048782348633,success
04E2AD3A9C4C80,2,['Casa Giulietta'],Santa Anastasia,"['AMO', 'Museo Conte', 'Palazzo della Ragione', 'Teatro Romano', 'Centro Fotografia']",Torre Lamberti,strategy_nearest,False,0.0027370452880859375,success
04E2AC3A9C4C80,2,['Casa Giulietta'],Castelvecchio,"['Museo Lapidario', 'Verona Tour', 'Arena', 'Museo Radio', 'San Zeno']",Santa Anastasia,strategy_nearest,False,0.003384828567504883,success
04E2AB429C4C80,2,['San Fermo'],Santa Anastasia,"['AMO', 'Museo Conte', 'Palazzo della Ragione', 'Teatro Romano', 'Centro Fotografia']",Teatro Romano,strategy_nearest,True,0.002277851104736328,success
04E2D53A9C4C80,3,"['Castelvecchio', 'Arena']",Casa Giulietta,"['Centro Fotografia', 'Sighseeing', 'Torre Lamberti', 'Museo Conte', 'Museo Radio']",Santa Anastasia,strategy_nearest,False,0.0025949478149414062,success
04E2BA3A9C4C80,0,['Arena'],Castelvecchio,"['Museo Lapidario', 'Verona Tour', 'Museo Radio', 'San Zeno', 'Sighseeing']",San Zeno,strategy_nearest,True,0.0014071464538574219,success
04E2BB3A9C4C80,3,"['Arena', 'San Fermo']",Santa Anastasia,"['AMO', 'Museo Conte', 'Palazzo della Ragione', 'Teatro Romano', 'Centro Fotografia']",Duomo,strategy_nearest,False,0.003439188003540039,success
04E2C3429C4C80,0,['Arena'],Casa Giulietta,"['Centro Fotografia', 'Sighseeing', 'Torre Lamberti', 'Museo Conte', 'Museo Radio']",Torre Lamberti,strategy_nearest,True,0.002218961715698242,success
04E2E83A9C4C80,2,"['Duomo', 'Casa Giulietta']",Torre Lamberti,"['Sighseeing', 'Centro Fotografia', 'Museo Conte', 'Palazzo della Ragione', 'AMO']",Teatro Romano,strategy_nearest,False,0.003446817398071289,success
04E2F8429C4C80,2,"['Castelvecchio', 'Santa Anastasia']",Teatro Romano,"['Duomo', 'AMO', 'Palazzo della Ragione', 'Museo Conte', 'Centro Fotografia']",Giardino Giusti,strategy_nearest,False,0.0014240741729736328,success
04E2F03A9C4C80,2,"['Santa Anastasia', 'San Fermo']",Teatro Romano,"['Duomo', 'AMO', 'Palazzo della Ragione', 'Museo Conte', 'Centro Fotografia']",Casa Giulietta,strategy_nearest,False,0.002229928970336914,success
04E2FC429C4C80,3,['Arena'],Santa Anastasia,"['AMO', 'Museo Conte', 'Palazzo della Ragione', 'Teatro Romano', 'Centro Fotografia']",Teatro Romano,strategy_nearest,True,0.003259897232055664,success
04E311429C4C84,0,['Arena'],Torre Lamberti,"['Sighseeing', 'Centro Fotografia', 'Museo Conte', 'Casa Giulietta', 'Palazzo della Ragione']",Castelvecchio,strategy_nearest,False,0.0014107227325439453,success
04E31A429C4C84,1,"['Arena', 'San Fermo', 'Casa Giulietta']",Torre Lamberti,"['Sighseeing', 'Centro Fotografia', 'Museo Conte', 'Palazzo della Ragione', 'AMO']",Palazzo della Ragione,strategy_nearest,True,0.0032558441162109375,success
04E2FF3A9C4C80,3,"['Arena', 'Casa Giulietta']",Torre Lamberti,"['Sighseeing', 'Centro Fotografia', 'Museo Conte', 'Palazzo della Ragione', 'AMO']",Santa Anastasia,strategy_nearest,False,0.003448963165283203,success
04E30A429C4C84,0,['Arena'],Casa Giulietta,"['Centro Fotografia', 'Sighseeing', 'Torre Lamberti', 'Museo Conte', 'Museo Radio']",Duomo,strategy_nearest,False,0.002123117446899414,success
04E31C429C4C80,3,['Arena'],Torre Lamberti,"['Sighseeing', 'Centro Fotografia', 'Museo Conte', 'Casa Giulietta', 'Palazzo della Ragione']",Santa Anastasia,strategy_nearest,False,0.0027618408203125,success
04E31D429C4C84,3,"['Arena', 'San Fermo']",Santa Anastasia,"['AMO', 'Museo Conte', 'Palazzo della Ragione', 'Teatro Romano', 'Centro Fotografia']",Duomo,strategy_nearest,False,0.001332998275756836,success
04E325429C4C80,3,"['Torre Lamberti', 'Arena', 'Castelvecchio']",Santa Anastasia,"['AMO', 'Museo Conte', 'Palazzo della Ragione', 'Teatro Romano', 'Centro Fotografia']",San Zeno,strategy_nearest,False,0.002679109573364258,success
04E3294A9C4C80,3,['Santa Anastasia'],Arena,"['Verona Tour', 'Museo Lapidario', 'Museo Radio', 'San Fermo', 'Casa Giulietta']",Torre Lamberti,strategy_nearest,False,0.0033190250396728516,success
04E335429C4C80,2,"['Casa Giulietta', 'Torre Lamberti']",Santa Anastasia,"['AMO', 'Museo Conte', 'Palazzo della Ragione', 'Teatro Romano', 'Centro Fotografia']",San Zeno,strategy_nearest,False,0.0020279884338378906,success
04E32A3A9C4C80,1,"['Arena', 'Palazzo della Ragione']",Torre Lamberti,"['Sighseeing', 'Centro Fotografia', 'Museo Conte', 'Casa Giulietta', 'AMO']",Casa Giulietta,strategy_nearest,True,0.00374603271484375,success
04E33B429C4C80,6,"['Torre Lamberti', 'Casa Giulietta', 'Arena']",Verona Tour,"['Museo Lapidario', 'Castelvecchio', 'Museo Radio', 'Sighseeing', 'San Fermo']",Castelvecchio,strategy_nearest,True,0.003041982650756836,success
04E33F429C4C80,3,"['Arena', 'Casa Giulietta']",Santa Anastasia,"['AMO', 'Museo Conte', 'Palazzo della Ragione', 'Teatro Romano', 'Centro Fotografia']",Duomo,strategy_nearest,False,0.002496004104614258,success
04E350429C4C80,3,"['Santa Anastasia', 'Duomo', 'Torre Lamberti']",Casa Giulietta,"['Centro Fotografia', 'Sighseeing', 'Museo Conte', 'Museo Radio', 'Palazzo della Ragione']",San Zeno,strategy_nearest,False,0.0022890567779541016,success
04E3523A9C4C80,0,"['Castelvecchio', 'Arena']",Torre Lamberti,"['Sighseeing', 'Centro Fotografia', 'Museo Conte', 'Casa Giulietta', 'Palazzo della Ragione']",Casa Giulietta,strategy_nearest,True,0.0026149749755859375,success
04E377429C4C80,3,"['Arena', 'Torre Lamberti']",Santa Anastasia,"['AMO', 'Museo Conte', 'Palazzo della Ragione', 'Teatro Romano', 'Centro Fotografia']",Casa Giulietta,strategy_nearest,False,0.0025658607482910156,success
04E36B429C4C80,3,"['Arena', 'Casa Giulietta']",Torre Lamberti,"['Sighseeing', 'Centro Fotografia', 'Museo Conte', 'Palazzo della Ragione', 'AMO']",Santa Anastasia,strategy_nearest,False,0.004168033599853516,success
04E356429C4C80,3,"['Duomo', 'Santa Anastasia', 'Giardino Giusti']",Teatro Romano,"['AMO', 'Palazzo della Ragione', 'Museo Conte', 'Centro Fotografia', 'Museo Miniscalchi']",Torre Lamberti,strategy_nearest,False,0.0037779808044433594,success
04E3794A9C4C80,2,['Castelvecchio'],Torre Lamberti,"['Sighseeing', 'Centro Fotografia', 'Museo Conte', 'Casa Giulietta', 'Palazzo della Ragione']",Santa Anastasia,strategy_nearest,False,0.002946138381958008,success
04E379429C4C80,2,"['Tomba Giulietta', 'Torre Lamberti']",Santa Anastasia,"['AMO', 'Museo Conte', 'Palazzo della Ragione', 'Teatro Romano', 'Centro Fotografia']",Teatro Romano,strategy_nearest,True,0.003604888916015625,success
04E3783A9C4C80,0,['Arena'],Torre Lamberti,"['Sighseeing', 'Centro Fotografia', 'Museo Conte', 'Casa Giulietta', 'Palazzo della Ragione']",Duomo,strategy_nearest,False,0.0032770633697509766,success
04E3793A9C4C80,3,"['Castelvecchio', 'Arena']",Casa Giulietta,"['Centro Fotografia', 'Sighseeing', 'Torre Lamberti', 'Museo Conte', 'Museo Radio']",Torre Lamberti,strategy_nearest,True,0.0031228065490722656,success
04E37B3A9C4C80,0,['Arena'],Castelvecchio,"['Museo Lapidario', 'Verona Tour', 'Museo Radio', 'San Zeno', 'Sighseeing']",Casa Giulietta,strategy_nearest,False,0.002249002456665039,success
04E37F4A9C4C80,3,"['Arena', 'Casa Giulietta']",Santa Anastasia,"['AMO', 'Museo Conte', 'Palazzo della Ragione', 'Teatro Romano', 'Centro Fotografia']",Teatro Romano,strategy_nearest,True,0.002850770950317383,success
04E37C4A9C4C80,3,"['Tomba Giulietta', 'Arena']",Casa Giulietta,"['Centro Fotografia', 'Sighseeing', 'Torre Lamberti', 'Museo Conte', 'Museo Radio']",Santa Anastasia,strategy_nearest,False,0.0014781951904296875,success
04E3813A9C4C80,1,"['Arena', 'Torre Lamberti']",Palazzo della Ragione,"['AMO', 'Museo Conte', 'Centro Fotografia', 'Sighseeing', 'Santa Anastasia']",Santa Anastasia,strategy_nearest,True,0.0033648014068603516,success
04E383429C4C80,3,"['Arena', 'Torre Lamberti', 'Casa Giulietta']",Santa Anastasia,"['AMO', 'Museo Conte', 'Palazzo della Ragione', 'Teatro Romano', 'Centro Fotografia']",Duomo,strategy_nearest,False,0.0034389495849609375,success
04E3823A9C4C80,3,"['Arena', 'Santa Anastasia']",Duomo,"['AMO', 'Museo Miniscalchi', 'Teatro Romano', 'Palazzo della Ragione', 'Museo Conte']",Castelvecchio,strategy_nearest,False,0.0028090476989746094,success
04E387429C4C80,3,['Arena'],Casa Giulietta,"['Centro Fotografia', 'Sighseeing', 'Torre Lamberti', 'Museo Conte', 'Museo Radio']",Santa Anastasia,strategy_nearest,False,0.002141237258911133,success
04E3874A9C4C80,3,"['Arena', 'Torre Lamberti', 'Casa Giulietta']",Santa Anastasia,"['AMO', 'Museo Conte', 'Palazzo della Ragione', 'Teatro Romano', 'Centro Fotografia']",Duomo,strategy_nearest,False,0.0035169124603271484,success
04E38D429C4C80,2,"['Tomba Giulietta', 'Museo Lapidario', 'Castelvecchio', 'Santa Anastasia']",Duomo,"['AMO', 'Museo Miniscalchi', 'Teatro Romano', 'Palazzo della Ragione', 'Museo Conte']",Teatro Romano,strategy_nearest,True,0.0015900135040283203,success
04E38D4A9C4C80,0,['Arena'],Casa Giulietta,"['Centro Fotografia', 'Sighseeing', 'Torre Lamberti', 'Museo Conte', 'Museo Radio']",Torre Lamberti,strategy_nearest,True,0.002443075180053711,success
04E3984A9C4C80,0,['Castelvecchio'],Arena,"['Verona Tour', 'Museo Lapidario', 'Museo Radio', 'San Fermo', 'Casa Giulietta']",Casa Giulietta,strategy_nearest,True,0.0033071041107177734,success
04E399429C4C80,0,"['Arena', 'Santa Anastasia']",Casa Giulietta,"['Centro Fotografia', 'Sighseeing', 'Torre Lamberti', 'Museo Conte', 'Museo Radio']",Castelvecchio,strategy_nearest,False,0.0030410289764404297,success
04E39D4A9C4C80,0,['Arena'],Casa Giulietta,"['Centro Fotografia', 'Sighseeing', 'Torre Lamberti', 'Museo Conte', 'Museo Radio']",Torre Lamberti,strategy_nearest,True,0.002106189727783203,success
04E3A04A9C4C80,0,['Arena'],Casa Giulietta,"['Centro Fotografia', 'Sighseeing', 'Torre Lamberti', 'Museo Conte', 'Museo Radio']",Torre Lamberti,strategy_nearest,True,0.0028641223907470703,success
04E39E4A9C4C80,0,['Arena'],Casa Giulietta,"['Centro Fotografia', 'Sighseeing', 'Torre Lamberti', 'Museo Conte', 'Museo Radio']",Santa Anastasia,strategy_nearest,False,0.003709077835083008,success
04E3A14A9C4C80,1,"['Castelvecchio', 'Arena', 'Casa Giulietta']",Palazzo della Ragione,"['AMO', 'Museo Conte', 'Torre Lamberti', 'Centro Fotografia', 'Sighseeing']",Torre Lamberti,strategy_nearest,True,0.0018281936645507812,success
04E3A3429C4C80,2,['Teatro Romano'],San Zeno,"['Castelvecchio', 'Verona Tour', 'Museo Lapidario', 'Arena', 'Museo Miniscalchi']",Casa Giulietta,strategy_nearest,False,0.0026857852935791016,success
04E3A63A9C4C80,3,"['Arena', 'Museo Lapidario']",Castelvecchio,"['Verona Tour', 'Museo Radio', 'San Zeno', 'Sighseeing', 'Museo Miniscalchi']",Teatro Romano,strategy_nearest,False,0.0024297237396240234,success
04E3AA4A9C4C80,0,['Casa Giulietta'],Castelvecchio,"['Museo Lapidario', 'Verona Tour', 'Arena', 'Museo Radio', 'San Zeno']",Arena,strategy_nearest,True,0.003020763397216797,success
04E3AE3A9C4C80,3,"['Castelvecchio', 'Casa Giulietta']",Arena,"['Verona Tour', 'Museo Lapidario', 'Museo Radio', 'San Fermo', 'Sighseeing']",Torre Lamberti,strategy_nearest,False,0.002480030059814453,success
04E3AD3A9C4C80,3,['Arena'],Duomo,"['AMO', 'Museo Miniscalchi', 'Santa Anastasia', 'Teatro Romano', 'Palazzo della Ragione']",Teatro Romano,strategy_nearest,True,0.0032660961151123047,success
04E3BE429C4C80,0,['Arena'],Casa Giulietta,"['Centro Fotografia', 'Sighseeing', 'Torre Lamberti', 'Museo Conte', 'Museo Radio']",Teatro Romano,strategy_nearest,False,0.003550291061401367,success
04E3C3429C4C80,3,"['Arena', 'Casa Giulietta']",Torre Lamberti,"['Sighseeing', 'Centro Fotografia', 'Museo Conte', 'Palazzo della Ragione', 'AMO']",Santa Anastasia,strategy_nearest,False,0.003287076950073242,success
04E3C93A9C4C80,2,"['Casa Giulietta', 'San Fermo']",Torre Lamberti,"['Sighseeing', 'Centro Fotografia', 'Museo Conte', 'Palazzo della Ragione', 'AMO']",Santa Anastasia,strategy_nearest,False,0.003324270248413086,success
04E3EB3A9C4C80,0,['Arena'],Casa Giulietta,"['Centro Fotografia', 'Sighseeing', 'Torre Lamberti', 'Museo Conte', 'Museo Radio']",Torre Lamberti,strategy_nearest,True,0.0023338794708251953,success
04E40B429C4C84,3,"['Arena', 'San Zeno']",Santa Anastasia,"['AMO', 'Museo Conte', 'Palazzo della Ragione', 'Teatro Romano', 'Centro Fotografia']",Casa Giulietta,strategy_nearest,False,0.002852916717529297,success
04E41D429C4C80,3,"['Arena', 'Castelvecchio', 'San Zeno']",Casa Giulietta,"['Centro Fotografia', 'Sighseeing', 'Torre Lamberti', 'Museo Conte', 'Museo Radio']",Giardino Giusti,strategy_nearest,False,0.0022678375244140625,success
04E4623A9C4C80,1,"['Arena', 'San Fermo', 'Casa Giulietta', 'Palazzo della Ragione', 'Torre Lamberti']",Santa Anastasia,"['AMO', 'Museo Conte', 'Teatro Romano', 'Centro Fotografia', 'Duomo']",Duomo,strategy_nearest,True,0.002737283706665039,success
04E4843A9C4C80,3,"['Arena', 'Castelvecchio', 'Torre Lamberti']",Santa Anastasia,"['AMO', 'Museo Conte', 'Palazzo della Ragione', 'Teatro Romano', 'Centro Fotografia']",Duomo,strategy_nearest,False,0.00341796875,success
04E484429C4C80,3,['Casa Giulietta'],Torre Lamberti,"['Sighseeing', 'Centro Fotografia', 'Museo Conte', 'Palazzo della Ragione', 'AMO']",Santa Anastasia,strategy_nearest,False,0.0020520687103271484,success
04E50D429C4C84,2,"['Teatro Romano', 'Duomo']",Santa Anastasia,"['AMO', 'Museo Conte', 'Palazzo della Ragione', 'Centro Fotografia', 'Torre Lamberti']",San Zeno,strategy_nearest,False,0.007449150085449219,success
04E4A63A9C4C80,2,['Museo Lapidario'],Casa Giulietta,"['Centro Fotografia', 'Sighseeing', 'Torre Lamberti', 'Museo Conte', 'Museo Radio']",Torre Lamberti,strategy_nearest,True,0.0027647018432617188,success
04E4C83A9C4C80,3,"['Arena', 'Casa Giulietta']",Torre Lamberti,"['Sighseeing', 'Centro Fotografia', 'Museo Conte', 'Palazzo della Ragione', 'AMO']",Santa Anastasia,strategy_nearest,False,0.002746105194091797,success
04E511429C4C84,3,"['Arena', 'Torre Lamberti']",Santa Anastasia,"['AMO', 'Museo Conte', 'Palazzo della Ragione', 'Teatro Romano', 'Centro Fotografia']",Duomo,strategy_nearest,False,0.0013949871063232422,success
04E5103A9C4C84,0,['Arena'],Casa Giulietta,"['Centro Fotografia', 'Sighseeing', 'Torre Lamberti', 'Museo Conte', 'Museo Radio']",Santa Anastasia,strategy_nearest,False,0.00918889045715332,success
04E51A429C4C84,1,['Arena'],Casa Giulietta,"['Centro Fotografia', 'Sighseeing', 'Torre Lamberti', 'Museo Conte', 'Museo Radio']",Torre Lamberti,strategy_nearest,True,0.0027513504028320312,success
04E51A3A9C4C84,2,['San Zeno'],Tomba Giulietta,"['San Fermo', 'Museo Storia', 'Arena', 'Museo Lapidario', 'Museo Radio']",Casa Giulietta,strategy_nearest,False,0.0035970211029052734,success
04E51E429C4C84,3,"['Arena', 'Museo Lapidario']",Duomo,"['AMO', 'Museo Miniscalchi', 'Santa Anastasia', 'Teatro Romano', 'Palazzo della Ragione']",Santa Anastasia,strategy_nearest,True,0.003889799118041992,success
04E51F3A9C4C84,3,"['Arena', 'Torre Lamberti']",Santa Anastasia,"['AMO', 'Museo Conte', 'Palazzo della Ragione', 'Teatro Romano', 'Centro Fotografia']",Teatro Romano,strategy_nearest,True,0.002791166305541992,success
04E52E4A9C4C80,2,"['San Fermo', 'Giardino Giusti']",Casa Giulietta,"['Centro Fotografia', 'Sighseeing', 'Torre Lamberti', 'Museo Conte', 'Museo Radio']",Casa Giulietta,strategy_nearest,False,0.0032558441162109375,success
04E551429C4C80,3,"['Arena', 'Santa Anastasia']",San Zeno,"['Castelvecchio', 'Verona Tour', 'Museo Lapidario', 'Museo Miniscalchi', 'Sighseeing']",Torre Lamberti,strategy_nearest,False,0.003381967544555664,success
04E5243A9C4C80,3,['Arena'],Casa Giulietta,"['Centro Fotografia', 'Sighseeing', 'Torre Lamberti', 'Museo Conte', 'Museo Radio']",Santa Anastasia,strategy_nearest,False,0.0027441978454589844,success
04E552429C4C80,2,"['Castelvecchio', 'Casa Giulietta']",Palazzo della Ragione,"['AMO', 'Museo Conte', 'Torre Lamberti', 'Centro Fotografia', 'Sighseeing']",San Zeno,strategy_nearest,False,0.001497030258178711,success
04E56D429C4C80,0,['Arena'],Castelvecchio,"['Museo Lapidario', 'Verona Tour', 'Museo Radio', 'San Zeno', 'Sighseeing']",Casa Giulietta,strategy_nearest,False,0.0024340152740478516,success
04E572429C4C80,2,['Duomo'],Teatro Romano,"['Santa Anastasia', 'AMO', 'Palazzo della Ragione', 'Museo Conte', 'Centro Fotografia']",Castelvecchio,strategy_nearest,False,0.0045239925384521484,success
04E55B429C4C80,1,['Arena'],Palazzo della Ragione,"['AMO', 'Museo Conte', 'Torre Lamberti', 'Centro Fotografia', 'Sighseeing']",Castelvecchio,strategy_nearest,False,0.006299018859863281,success
04E5794A9C4C80,3,"['Castelvecchio', 'Arena', 'Torre Lamberti']",Torre Lamberti,"['Sighseeing', 'Centro Fotografia', 'Museo Conte', 'Casa Giulietta', 'Palazzo della Ragione']",Casa Giulietta,strategy_nearest,True,0.0024580955505371094,success
04E57D429C4C80,3,['Arena'],Casa Giulietta,"['Centro Fotografia', 'Sighseeing', 'Torre Lamberti', 'Museo Conte', 'Museo Radio']",Santa Anastasia,strategy_nearest,False,0.003103971481323242,success
04E577429C4C80,2,"['Museo Lapidario', 'Museo Lapidario', 'Castelvecchio']",Santa Anastasia,"['AMO', 'Museo Conte', 'Palazzo della Ragione', 'Teatro Romano', 'Centro Fotografia']",Teatro Romano,strategy_nearest,True,0.0026161670684814453,success
04E57D4A9C4C80,0,"['Arena', 'Casa Giulietta']",Duomo,"['AMO', 'Museo Miniscalchi', 'Santa Anastasia', 'Teatro Romano', 'Palazzo della Ragione']",Giardino Giusti,strategy_nearest,False,0.004163980484008789,success
04E57F429C4C80,0,['Arena'],Casa Giulietta,"['Centro Fotografia', 'Sighseeing', 'Torre Lamberti', 'Museo Conte', 'Museo Radio']",Torre Lamberti,strategy_nearest,True,0.003609895706176758,success
04E57E3A9C4C80,2,['Duomo'],Torre Lamberti,"['Sighseeing', 'Centro Fotografia', 'Museo Conte', 'Casa Giulietta', 'Palazzo della Ragione']",Casa Giulietta,strategy_nearest,True,0.00257110595703125,success
04E57E429C4C80,0,['Casa Giulietta'],Arena,"['Verona Tour', 'Museo Lapidario', 'Museo Radio', 'San Fermo', 'Sighseeing']",Tomba Giulietta,strategy_nearest,False,0.0033349990844726562,success
04E585429C4C80,3,"['Arena', 'Castelvecchio', 'Tomba Giulietta', 'San Fermo']",Casa Giulietta,"['Centro Fotografia', 'Sighseeing', 'Torre Lamberti', 'Museo Conte', 'Museo Radio']",Torre Lamberti,strategy_nearest,True,0.0021619796752929688,success
04E583429C4C80,3,"['Casa Giulietta', 'Torre Lamberti', 'San Fermo']",Duomo,"['AMO', 'Museo Miniscalchi', 'Santa Anastasia', 'Teatro Romano', 'Palazzo della Ragione']",Castelvecchio,strategy_nearest,False,0.0029189586639404297,success
04E584429C4C80,0,['Casa Giulietta'],San Fermo,"['Museo Storia', 'Museo Radio', 'Centro Fotografia', 'Arena', 'Sighseeing']",Arena,strategy_nearest,True,0.0015292167663574219,success
04E5864A9C4C80,3,"['Duomo', 'Casa Giulietta']",San Fermo,"['Museo Storia', 'Museo Radio', 'Centro Fotografia', 'Arena', 'Sighseeing']",Arena,strategy_nearest,True,0.0035691261291503906,success
04E588429C4C80,2,"['Castelvecchio', 'Torre Lamberti']",Santa Anastasia,"['AMO', 'Museo Conte', 'Palazzo della Ragione', 'Teatro Romano', 'Centro Fotografia']",Duomo,strategy_nearest,False,0.001936197280883789,success
04E5894A9C4C80,0,['Arena'],Casa Giulietta,"['Centro Fotografia', 'Sighseeing', 'Torre Lamberti', 'Museo Conte', 'Museo Radio']",Santa Anastasia,strategy_nearest,False,0.002908945083618164,success
04E5924A9C4C80,0,['Arena'],Castelvecchio,"['Museo Lapidario', 'Verona Tour', 'Museo Radio', 'San Zeno', 'Sighseeing']",Casa Giulietta,strategy_nearest,False,0.002920866012573242,success
04E58F4A9C4C80,2,['Torre Lamberti'],Teatro Romano,"['Santa Anastasia', 'Duomo', 'AMO', 'Palazzo della Ragione', 'Museo Conte']",Duomo,strategy_nearest,True,0.003941059112548828,success
04E5934A9C4C80,2,"['Castelvecchio', 'Torre Lamberti']",Palazzo della Ragione,"['AMO', 'Museo Conte', 'Centro Fotografia', 'Sighseeing', 'Santa Anastasia']",Casa Giulietta,strategy_nearest,False,0.002583026885986328,success
04E59C429C4C80,0,"['Arena', 'Museo Lapidario']",Casa Giulietta,"['Centro Fotografia', 'Sighseeing', 'Torre Lamberti', 'Museo Conte', 'Museo Radio']",Duomo,strategy_nearest,False,0.0023720264434814453,success
04E5A54A9C4C80,0,['Arena'],Casa Giulietta,"['Centro Fotografia', 'Sighseeing', 'Torre Lamberti', 'Museo Conte', 'Museo Radio']",Torre Lamberti,strategy_nearest,True,0.0027980804443359375,success
04E59C4A9C4C80,1,"['Arena', 'Casa Giulietta']",Torre Lamberti,"['Sighseeing', 'Centro Fotografia', 'Museo Conte', 'Palazzo della Ragione', 'AMO']",Palazzo della Ragione,strategy_nearest,True,0.0036878585815429688,success
04E599429C4C80,3,"['Duomo', 'Teatro Romano']",Santa Anastasia,"['AMO', 'Museo Conte', 'Palazzo della Ragione', 'Centro Fotografia', 'Torre Lamberti']",Casa Giulietta,strategy_nearest,False,0.002454042434692383,success
04E5A74A9C4C80,0,['Arena'],Museo Lapidario,"['Verona Tour', 'Castelvecchio', 'Museo Radio', 'San Fermo', 'Casa Giulietta']",Casa Giulietta,strategy_nearest,True,0.003136873245239258,success
04E5A8429C4C80,3,"['Arena', 'Santa Anastasia', 'Duomo']",Teatro Romano,"['AMO', 'Palazzo della Ragione', 'Museo Conte', 'Centro Fotografia', 'Museo Miniscalchi']",San Zeno,strategy_nearest,False,0.0017969608306884766,success
04E5AE429C4C80,2,['Casa Giulietta'],Castelvecchio,"['Museo Lapidario', 'Verona Tour', 'Arena', 'Museo Radio', 'San Zeno']",Tomba Giulietta,strategy_nearest,False,0.002935171127319336,success
04E5B93A9C4C80,2,['Tomba Giulietta'],Giardino Giusti,"['Santa Anastasia', 'Teatro Romano', 'Museo Conte', 'Centro Fotografia', 'Museo Storia']",Santa Anastasia,strategy_nearest,True,0.003686189651489258,success
04E5D03A9C4C80,1,"['Arena', 'Casa Giulietta']",Palazzo della Ragione,"['AMO', 'Museo Conte', 'Torre Lamberti', 'Centro Fotografia', 'Sighseeing']",Santa Anastasia,strategy_nearest,False,0.0030231475830078125,success
04E5D3429C4C80,3,"['Casa Giulietta', 'Arena']",Torre Lamberti,"['Sighseeing', 'Centro Fotografia', 'Museo Conte', 'Palazzo della Ragione', 'AMO']",Santa Anastasia,strategy_nearest,False,0.003061056137084961,success
04E5D9429C4C80,3,"['Teatro Romano', 'Teatro Romano', 'Santa Anastasia', 'Torre Lamberti']",Casa Giulietta,"['Centro Fotografia', 'Sighseeing', 'Museo Conte', 'Museo Radio', 'Palazzo della Ragione']",San Fermo,strategy_nearest,False,0.0031991004943847656,success
04E5C33A9C4C80,3,"['Tomba Giulietta', 'Arena', 'Casa Giulietta']",San Fermo,"['Museo Storia', 'Museo Radio', 'Centro Fotografia', 'Sighseeing', 'Torre Lamberti']",Teatro Romano,strategy_nearest,False,0.0021979808807373047,success
04E60F3A9C4C84,0,['Arena'],Torre Lamberti,"['Sighseeing', 'Centro Fotografia', 'Museo Conte', 'Casa Giulietta', 'Palazzo della Ragione']",Casa Giulietta,strategy_nearest,True,0.0025658607482910156,success
04E616429C4C80,3,"['Duomo', 'Santa Anastasia']",San Fermo,"['Museo Storia', 'Museo Radio', 'Casa Giulietta', 'Centro Fotografia', 'Arena']",Arena,strategy_nearest,True,0.003117084503173828,success
04E6173A9C4C80,3,"['Teatro Romano', 'Duomo', 'Torre Lamberti']",Museo Lapidario,"['Verona Tour', 'Arena', 'Castelvecchio', 'Museo Radio', 'San Fermo']",Castelvecchio,strategy_nearest,True,0.003638029098510742,success
04E6093A9C4C84,2,"['Tomba Giulietta', 'San Fermo']",Casa Giulietta,"['Centro Fotografia', 'Sighseeing', 'Torre Lamberti', 'Museo Conte', 'Museo Radio']",Torre Lamberti,strategy_nearest,True,0.001987934112548828,success
04E61A429C4C84,3,"['Arena', 'San Fermo', 'Giardino Giusti']",Santa Anastasia,"['AMO', 'Museo Conte', 'Palazzo della Ragione', 'Teatro Romano', 'Centro Fotografia']",Castelvecchio,strategy_nearest,False,0.002183198928833008,success
04E6183A9C4C80,2,['San Zeno'],Castelvecchio,"['Museo Lapidario', 'Verona Tour', 'Arena', 'Museo Radio', 'Sighseeing']",Teatro Romano,strategy_nearest,False,0.002207040786743164,success
04E620429C4C84,2,"['Castelvecchio', 'Torre Lamberti']",Santa Anastasia,"['AMO', 'Museo Conte', 'Palazzo della Ragione', 'Teatro Romano', 'Centro Fotografia']",Duomo,strategy_nearest,False,0.002650022506713867,success
04E62F3A9C4C80,1,"['Arena', 'Museo Lapidario', 'Castelvecchio']",Duomo,"['AMO', 'Museo Miniscalchi', 'Santa Anastasia', 'Teatro Romano', 'Palazzo della Ragione']",Torre Lamberti,strategy_nearest,False,0.00347900390625,success
04E62F4A9C4C80,3,"['Arena', 'Casa Giulietta', 'Torre Lamberti']",Castelvecchio,"['Museo Lapidario', 'Verona Tour', 'Museo Radio', 'San Zeno', 'Sighseeing']",Santa Anastasia,strategy_nearest,False,0.0030488967895507812,success
04E6314A9C4C80,1,"['Castelvecchio', 'Arena', 'Casa Giulietta', 'Palazzo della Ragione']",Torre Lamberti,"['Sighseeing', 'Centro Fotografia', 'Museo Conte', 'AMO', 'Museo Miniscalchi']",Santa Anastasia,strategy_nearest,False,0.0022649765014648438,success
04E634429C4C80,3,"['San Fermo', 'Teatro Romano', 'Duomo', 'Santa Anastasia']",Torre Lamberti,"['Sighseeing', 'Centro Fotografia', 'Museo Conte', 'Casa Giulietta', 'Palazzo della Ragione']",Casa Giulietta,strategy_nearest,True,0.0027260780334472656,success
04E63C429C4C80,2,['Torre Lamberti'],Tomba Giulietta,"['San Fermo', 'Museo Storia', 'Arena', 'Museo Lapidario', 'Museo Radio']",Teatro Romano,strategy_nearest,False,0.0016388893127441406,success
04E63A3A9C4C80,2,['Casa Giulietta'],Santa Anastasia,"['AMO', 'Museo Conte', 'Palazzo della Ragione', 'Teatro Romano', 'Centro Fotografia']",San Fermo,strategy_nearest,False,0.003509044647216797,success
04E6423A9C4C80,3,"['Arena', 'Casa Giulietta']",Santa Anastasia,"['AMO', 'Museo Conte', 'Palazzo della Ragione', 'Teatro Romano', 'Centro Fotografia']",Duomo,strategy_nearest,False,0.0027420520782470703,success
04E64B3A9C4C80,3,"['Casa Giulietta', 'Torre Lamberti']",Santa Anastasia,"['AMO', 'Museo Conte', 'Palazzo della Ragione', 'Teatro Romano', 'Centro Fotografia']",Duomo,strategy_nearest,False,0.002626657485961914,success
04E66E429C4C80,3,"['Arena', 'Torre Lamberti']",Santa Anastasia,"['AMO', 'Museo Conte', 'Palazzo della Ragione', 'Teatro Romano', 'Centro Fotografia']",Teatro Romano,strategy_nearest,True,0.0027840137481689453,success
04E66D429C4C80,3,"['Arena', 'Castelvecchio']",Teatro Romano,"['Santa Anastasia', 'Duomo', 'AMO', 'Palazzo della Ragione', 'Museo Conte']",Duomo,strategy_nearest,True,0.003492116928100586,success
04E6733A9C4C80,2,['Torre Lamberti'],Casa Giulietta,"['Centro Fotografia', 'Sighseeing', 'Museo Conte', 'Museo Radio', 'Palazzo della Ragione']",San Fermo,strategy_nearest,False,0.0025339126586914062,success
04E6793A9C4C80,0,"['Tomba Giulietta', 'Museo Storia', 'Teatro Romano']",Casa Giulietta,"['Centro Fotografia', 'Sighseeing', 'Torre Lamberti', 'Museo Conte', 'Museo Radio']",Torre Lamberti,strategy_nearest,True,0.003429889678955078,success
04E67B3A9C4C80,0,['Arena'],Casa Giulietta,"['Centro Fotografia', 'Sighseeing', 'Torre Lamberti', 'Museo Conte', 'Museo Radio']",Duomo,strategy_nearest,False,0.002126932144165039,success
04E67E429C4C80,0,['Arena'],Castelvecchio,"['Museo Lapidario', 'Verona Tour', 'Museo Radio', 'San Zeno', 'Sighseeing']",Tomba Giulietta,strategy_nearest,False,0.0032510757446289062,success
04E67C3A9C4C80,3,"['Arena', 'Casa Giulietta']",Torre Lamberti,"['Sighseeing', 'Centro Fotografia', 'Museo Conte', 'Palazzo della Ragione', 'AMO']",Castelvecchio,strategy_nearest,False,0.0025968551635742188,success
04E68D429C4C80,3,['San Fermo'],Torre Lamberti,"['Sighseeing', 'Centro Fotografia', 'Museo Conte', 'Casa Giulietta', 'Palazzo della Ragione']",Santa Anastasia,strategy_nearest,False,0.00232696533203125,success
04E685429C4C80,3,"['San Zeno', 'Duomo', 'Santa Anastasia']",Casa Giulietta,"['Centro Fotografia', 'Sighseeing', 'Torre Lamberti', 'Museo Conte', 'Museo Radio']",San Fermo,strategy_nearest,False,0.0033211708068847656,success
04E69D4A9C4C80,3,['Arena'],Torre Lamberti,"['Sighseeing', 'Centro Fotografia', 'Museo Conte', 'Casa Giulietta', 'Palazzo della Ragione']",Santa Anastasia,strategy_nearest,False,0.0030951499938964844,success
04E68D4A9C4C80,3,"['Arena', 'Torre Lamberti']",Santa Anastasia,"['AMO', 'Museo Conte', 'Palazzo della Ragione', 'Teatro Romano', 'Centro Fotografia']",Duomo,strategy_nearest,False,0.0035958290100097656,success
04E698429C4C80,3,"['Arena', 'Casa Giulietta']",Torre Lamberti,"['Sighseeing', 'Centro Fotografia', 'Museo Conte', 'Palazzo della Ragione', 'AMO']",Santa Anastasia,strategy_nearest,False,0.003393888473510742,success
04E68F4A9C4C80,0,['Arena'],Casa Giulietta,"['Centro Fotografia', 'Sighseeing', 'Torre Lamberti', 'Museo Conte', 'Museo Radio']",Santa Anastasia,strategy_nearest,False,0.0021681785583496094,success
04E6A53A9C4C80,0,['Arena'],Casa Giulietta,"['Centro Fotografia', 'Sighseeing', 'Torre Lamberti', 'Museo Conte', 'Museo Radio']",Museo Lapidario,strategy_nearest,False,0.0014977455139160156,success
04E6A63A9C4C80,0,['Castelvecchio'],Arena,"['Verona Tour', 'Museo Lapidario', 'Museo Radio', 'San Fermo', 'Casa Giulietta']",Torre Lamberti,strategy_nearest,False,0.0032351016998291016,success
04E6A04A9C4C80,0,"['Arena', 'Castelvecchio', 'Torre Lamberti']",Teatro Romano,"['Santa Anastasia', 'Duomo', 'AMO', 'Palazzo della Ragione', 'Museo Conte']",Casa Giulietta,strategy_nearest,False,0.002234220504760742,success
04E6A34A9C4C80,0,"['Arena', 'Torre Lamberti']",Casa Giulietta,"['Centro Fotografia', 'Sighseeing', 'Museo Conte', 'Museo Radio', 'Palazzo della Ragione']",Duomo,strategy_nearest,False,0.0028297901153564453,success
04E6A83A9C4C80,3,"['Castelvecchio', 'Casa Giulietta', 'Santa Anastasia', 'Teatro Romano']",Arena,"['Verona Tour', 'Museo Lapidario', 'Museo Radio', 'San Fermo', 'Sighseeing']",Museo Lapidario,strategy_nearest,True,0.0014729499816894531,success
04E6AA4A9C4C80,3,"['Torre Lamberti', 'Casa Giulietta', 'Santa Anastasia']",Teatro Romano,"['Duomo', 'AMO', 'Palazzo della Ragione', 'Museo Conte', 'Centro Fotografia']",San Zeno,strategy_nearest,False,0.002546072006225586,success
04E6A74A9C4C80,1,"['Arena', 'Casa Giulietta']",Palazzo della Ragione,"['AMO', 'Museo Conte', 'Torre Lamberti', 'Centro Fotografia', 'Sighseeing']",Torre Lamberti,strategy_nearest,True,0.0033273696899414062,success
04E6B4429C4C80,0,['Teatro Romano'],Torre Lamberti,"['Sighseeing', 'Centro Fotografia', 'Museo Conte', 'Casa Giulietta', 'Palazzo della Ragione']",Arena,strategy_nearest,False,0.0034079551696777344,success
04E6C4429C4C80,3,"['Arena', 'Castelvecchio']",San Zeno,"['Verona Tour', 'Museo Lapidario', 'Museo Miniscalchi', 'Sighseeing', 'Museo Radio']",Duomo,strategy_nearest,False,0.0015239715576171875,success
04E6C43A9C4C80,3,"['Arena', 'San Zeno']",Duomo,"['AMO', 'Museo Miniscalchi', 'Santa Anastasia', 'Teatro Romano', 'Palazzo della Ragione']",Santa Anastasia,strategy_nearest,True,0.0035839080810546875,success
04E6BE429C4C80,3,['Arena'],Torre Lamberti,"['Sighseeing', 'Centro Fotografia', 'Museo Conte', 'Casa Giulietta', 'Palazzo della Ragione']",Santa Anastasia,strategy_nearest,False,0.002962350845336914,success
04E6E1429C4C80,3,"['San Fermo', 'Arena', 'San Zeno', 'Museo Lapidario']",Casa Giulietta,"['Centro Fotografia', 'Sighseeing', 'Torre Lamberti', 'Museo Conte', 'Museo Radio']",Torre Lamberti,strategy_nearest,True,0.003253936767578125,success
04E6D53A9C4C80,0,"['Arena', 'Casa Giulietta']",Torre Lamberti,"['Sighseeing', 'Centro Fotografia', 'Museo Conte', 'Palazzo della Ragione', 'AMO']",Castelvecchio,strategy_nearest,False,0.002148151397705078,success
04E6DA3A9C4C80,3,"['Museo Lapidario', 'Casa Giulietta', 'San Fermo']",Arena,"['Verona Tour', 'Museo Radio', 'Sighseeing', 'Castelvecchio', 'Torre Lamberti']",Torre Lamberti,strategy_nearest,True,0.002694845199584961,success
04E6C5429C4C80,0,"['Arena', 'Castelvecchio']",Casa Giulietta,"['Centro Fotografia', 'Sighseeing', 'Torre Lamberti', 'Museo Conte', 'Museo Radio']",Torre Lamberti,strategy_nearest,True,0.002920866012573242,success
04E6F83A9C4C80,3,['Arena'],San Fermo,"['Museo Storia', 'Museo Radio', 'Casa Giulietta', 'Centro Fotografia', 'Sighseeing']",Duomo,strategy_nearest,False,0.002856016159057617,success
04E6F8429C4C80,3,"['Museo Storia', 'San Fermo', 'Casa Giulietta', 'Teatro Romano']",Santa Anastasia,"['AMO', 'Museo Conte', 'Palazzo della Ragione', 'Centro Fotografia', 'Duomo']",Arena,strategy_nearest,False,0.0020160675048828125,success
04E6F23A9C4C80,3,['Arena'],Torre Lamberti,"['Sighseeing', 'Centro Fotografia', 'Museo Conte', 'Casa Giulietta', 'Palazzo della Ragione']",Santa Anastasia,strategy_nearest,False,0.001470804214477539,success
04E6FC3A9C4C80,3,"['Castelvecchio', 'San Zeno', 'Arena']",Torre Lamberti,"['Sighseeing', 'Centro Fotografia', 'Museo Conte', 'Casa Giulietta', 'Palazzo della Ragione']",Duomo,strategy_nearest,False,0.0033032894134521484,success
04E70F429C4C84,3,"['Arena', 'Castelvecchio']",San Zeno,"['Verona Tour', 'Museo Lapidario', 'Museo Miniscalchi', 'Sighseeing', 'Museo Radio']",Torre Lamberti,strategy_nearest,False,0.0028231143951416016,success
04E70F3A9C4C84,0,['Arena'],Casa Giulietta,"['Centro Fotografia', 'Sighseeing', 'Torre Lamberti', 'Museo Conte', 'Museo Radio']",San Fermo,strategy_nearest,False,0.0022330284118652344,success
04E7183A9C4C84,1,"['Arena', 'Casa Giulietta', 'Torre Lamberti']",Palazzo della Ragione,"['AMO', 'Museo Conte', 'Centro Fotografia', 'Sighseeing', 'Santa Anastasia']",Teatro Romano,strategy_nearest,False,0.003401041030883789,success
04E70E429C4C84,2,"['Castelvecchio', 'Torre Lamberti', 'Casa Giulietta']",Santa Anastasia,"['AMO', 'Museo Conte', 'Palazzo della Ragione', 'Teatro Romano', 'Centro Fotografia']",Duomo,strategy_nearest,False,0.0028989315032958984,success
04E71A3A9C4C84,3,"['Arena', 'Duomo']",Teatro Romano,"['Santa Anastasia', 'AMO', 'Palazzo della Ragione', 'Museo Conte', 'Centro Fotografia']",Santa Anastasia,strategy_nearest,True,0.0014510154724121094,success
04E719429C4C84,3,"['Casa Giulietta', 'Torre Lamberti', 'San Zeno', 'Castelvecchio']",Arena,"['Verona Tour', 'Museo Lapidario', 'Museo Radio', 'San Fermo', 'Sighseeing']",Santa Anastasia,strategy_nearest,False,0.002672910690307617,success
04E7293A9C4C80,0,['Arena'],Casa Giulietta,"['Centro Fotografia', 'Sighseeing', 'Torre Lamberti', 'Museo Conte', 'Museo Radio']",Torre Lamberti,strategy_nearest,True,0.002830028533935547,success
04E72A3A9C4C80,1,"['Castelvecchio', 'San Zeno']",Arena,"['Verona Tour', 'Museo Lapidario', 'Museo Radio', 'San Fermo', 'Casa Giulietta']",Duomo,strategy_nearest,False,0.0034019947052001953,success
04E72B429C4C80,2,['Casa Giulietta'],Santa Anastasia,"['AMO', 'Museo Conte', 'Palazzo della Ragione', 'Teatro Romano', 'Centro Fotografia']",Duomo,strategy_nearest,False,0.002273082733154297,success
04E7394A9C4C80,3,"['Arena', 'Torre Lamberti', 'Santa Anastasia', 'Duomo']",Teatro Romano,"['AMO', 'Palazzo della Ragione', 'Museo Conte', 'Centro Fotografia', 'Museo Miniscalchi']",Casa Giulietta,strategy_nearest,False,0.0025408267974853516,success
04E72C429C4C80,0,"['Arena', 'Museo Lapidario', 'Castelvecchio']",Torre Lamberti,"['Sighseeing', 'Centro Fotografia', 'Museo Conte', 'Casa Giulietta', 'Palazzo della Ragione']",Casa Giulietta,strategy_nearest,True,0.002627849578857422,success
04E7413A9C4C80,2,"['Santa Anastasia', 'Duomo', 'Teatro Romano']",Torre Lamberti,"['Sighseeing', 'Centro Fotografia', 'Museo Conte', 'Casa Giulietta', 'Palazzo della Ragione']",Palazzo della Ragione,strategy_nearest,True,0.0027320384979248047,success
04E74B3A9C4C80,1,['Arena'],Palazzo della Ragione,"['AMO', 'Museo Conte', 'Torre Lamberti', 'Centro Fotografia', 'Sighseeing']",Duomo,strategy_nearest,False,0.0028040409088134766,success
04E76D429C4C80,0,['Casa Giulietta'],Arena,"['Verona Tour', 'Museo Lapidario', 'Museo Radio', 'San Fermo', 'Sighseeing']",Museo Lapidario,strategy_nearest,True,0.002542257308959961,success
04E7533A9C4C80,0,"['Castelvecchio', 'Arena']",Torre Lamberti,"['Sighseeing', 'Centro Fotografia', 'Museo Conte', 'Casa Giulietta', 'Palazzo della Ragione']",Casa Giulietta,strategy_nearest,True,0.0033998489379882812,success
04E771429C4C80,2,['Duomo'],Teatro Romano,"['Santa Anastasia', 'AMO', 'Palazzo della Ragione', 'Museo Conte', 'Centro Fotografia']",Castelvecchio,strategy_nearest,False,0.002908945083618164,success
04E777429C4C80,2,['Casa Giulietta'],Tomba Giulietta,"['San Fermo', 'Museo Storia', 'Arena', 'Museo Lapidario', 'Museo Radio']",Castelvecchio,strategy_nearest,False,0.0020890235900878906,success
04E77E429C4C80,3,"['Castelvecchio', 'Santa Anastasia']",Teatro Romano,"['Duomo', 'AMO', 'Palazzo della Ragione', 'Museo Conte', 'Centro Fotografia']",Duomo,strategy_nearest,True,0.0032231807708740234,success
04E7803A9C4C80,3,"['Tomba Giulietta', 'Arena', 'Torre Lamberti']",Casa Giulietta,"['Centro Fotografia', 'Sighseeing', 'Museo Conte', 'Museo Radio', 'Palazzo della Ragione']",Duomo,strategy_nearest,False,0.002563953399658203,success
04E786429C4C80,2,"['Casa Giulietta', 'Torre Lamberti']",Santa Anastasia,"['AMO', 'Museo Conte', 'Palazzo della Ragione', 'Teatro Romano', 'Centro Fotografia']",Duomo,strategy_nearest,False,0.003325223922729492,success
04E78A429C4C80,3,['Arena'],Santa Anastasia,"['AMO', 'Museo Conte', 'Palazzo della Ragione', 'Teatro Romano', 'Centro Fotografia']",Duomo,strategy_nearest,False,0.001840829849243164,success
04E7954A9C4C80,3,"['Arena', 'Casa Giulietta']",Torre Lamberti,"['Sighseeing', 'Centro Fotografia', 'Museo Conte', 'Palazzo della Ragione', 'AMO']",Duomo,strategy_nearest,False,0.0025501251220703125,success
04E7A14A9C4C80,0,"['Arena', 'Castelvecchio']",Duomo,"['AMO', 'Museo Miniscalchi', 'Santa Anastasia', 'Teatro Romano', 'Palazzo della Ragione']",Teatro Romano,strategy_nearest,True,0.0031549930572509766,success
04E7984A9C4C80,0,['Arena'],Castelvecchio,"['Museo Lapidario', 'Verona Tour', 'Museo Radio', 'San Zeno', 'Sighseeing']",Santa Anastasia,strategy_nearest,False,0.0025072097778320312,success
04E7A44A9C4C80,0,['Arena'],Casa Giulietta,"['Centro Fotografia', 'Sighseeing', 'Torre Lamberti', 'Museo Conte', 'Museo Radio']",Torre Lamberti,strategy_nearest,True,0.001811981201171875,success
04E7A4429C4C80,3,['Arena'],Santa Anastasia,"['AMO', 'Museo Conte', 'Palazzo della Ragione', 'Teatro Romano', 'Centro Fotografia']",Duomo,strategy_nearest,False,0.0030570030212402344,success
04E7AD3A9C4C80,1,"['Arena', 'Palazzo della Ragione']",Casa Giulietta,"['Centro Fotografia', 'Sighseeing', 'Torre Lamberti', 'Museo Conte', 'Museo Radio']",Museo Storia,strategy_nearest,False,0.0023651123046875,success
04E7AB4A9C4C80,3,['Arena'],Casa Giulietta,"['Centro Fotografia', 'Sighseeing', 'Torre Lamberti', 'Museo Conte', 'Museo Radio']",Torre Lamberti,strategy_nearest,True,0.002769947052001953,success
04E7AB3A9C4C80,2,"['Torre Lamberti', 'Santa Anastasia']",Duomo,"['AMO', 'Museo Miniscalchi', 'Teatro Romano', 'Palazzo della Ragione', 'Museo Conte']",Teatro Romano,strategy_nearest,True,0.00362396240234375,success
04E7AE3A9C4C80,2,"['Palazzo della Ragione', 'Torre Lamberti']",Casa Giulietta,"['Centro Fotografia', 'Sighseeing', 'Museo Conte', 'Museo Radio', 'San Fermo']",Santa Anastasia,strategy_nearest,False,0.0031807422637939453,success
04E7B73A9C4C80,0,['Casa Giulietta'],Torre Lamberti,"['Sighseeing', 'Centro Fotografia', 'Museo Conte', 'Palazzo della Ragione', 'AMO']",Arena,strategy_nearest,False,0.0021910667419433594,success
04E7BA3A9C4C80,3,"['Arena', 'Casa Giulietta']",Santa Anastasia,"['AMO', 'Museo Conte', 'Palazzo della Ragione', 'Teatro Romano', 'Centro Fotografia']",Duomo,strategy_nearest,False,0.002724170684814453,success
04E7B9429C4C80,3,"['Arena', 'Casa Giulietta']",Torre Lamberti,"['Sighseeing', 'Centro Fotografia', 'Museo Conte', 'Palazzo della Ragione', 'AMO']",Santa Anastasia,strategy_nearest,False,0.0034990310668945312,success
04E7BE429C4C80,3,"['Tomba Giulietta', 'Arena', 'Casa Giulietta']",Santa Anastasia,"['AMO', 'Museo Conte', 'Palazzo della Ragione', 'Teatro Romano', 'Centro Fotografia']",Duomo,strategy_nearest,False,0.0017580986022949219,success
04E7C33A9C4C80,0,['Arena'],Torre Lamberti,"['Sighseeing', 'Centro Fotografia', 'Museo Conte', 'Casa Giulietta', 'Palazzo della Ragione']",Casa Giulietta,strategy_nearest,True,0.002633810043334961,success
04E7BD3A9C4C80,3,['Arena'],Santa Anastasia,"['AMO', 'Museo Conte', 'Palazzo della Ragione', 'Teatro Romano', 'Centro Fotografia']",Teatro Romano,strategy_nearest,True,0.00410008430480957,success
04E7C23A9C4C80,0,['Arena'],Casa Giulietta,"['Centro Fotografia', 'Sighseeing', 'Torre Lamberti', 'Museo Conte', 'Museo Radio']",Castelvecchio,strategy_nearest,False,0.0040552616119384766,success
04E7C53A9C4C80,0,['Arena'],Castelvecchio,"['Museo Lapidario', 'Verona Tour', 'Museo Radio', 'San Zeno', 'Sighseeing']",Duomo,strategy_nearest,False,0.0026009082794189453,success
04E7C73A9C4C80,0,['Arena'],Casa Giulietta,"['Centro Fotografia', 'Sighseeing', 'Torre Lamberti', 'Museo Conte', 'Museo Radio']",Torre Lamberti,strategy_nearest,True,0.001981019973754883,success
04E7CB429C4C80,1,"['San Zeno', 'Casa Giulietta', 'Santa Anastasia', 'Teatro Romano']",Giardino Giusti,"['Museo Conte', 'Centro Fotografia', 'Museo Storia', 'AMO', 'Palazzo della Ragione']",Torre Lamberti,strategy_nearest,False,0.002717256546020508,success
04E7CF3A9C4C80,0,['Arena'],Castelvecchio,"['Museo Lapidario', 'Verona Tour', 'Museo Radio', 'San Zeno', 'Sighseeing']",Teatro Romano,strategy_nearest,False,0.003370046615600586,success
04E7D5429C4C80,0,['Arena'],Casa Giulietta,"['Centro Fotografia', 'Sighseeing', 'Torre Lamberti', 'Museo Conte', 'Museo Radio']",Torre Lamberti,strategy_nearest,True,0.003116130828857422,success
04E7D3429C4C80,4,"['Arena', 'Museo Lapidario', 'Castelvecchio']",Tomba Giulietta,"['San Fermo', 'Museo Storia', 'Museo Radio', 'Verona Tour', 'Casa Giulietta']",Museo Storia,strategy_nearest,True,0.002707958221435547,success
04E7D63A9C4C80,2,['Casa Giulietta'],Duomo,"['AMO', 'Museo Miniscalchi', 'Santa Anastasia', 'Teatro Romano', 'Palazzo della Ragione']",Giardino Giusti,strategy_nearest,False,0.003062009811401367,success
04E7E13A9C4C80,3,"['Arena', 'Torre Lamberti', 'San Zeno']",Castelvecchio,"['Museo Lapidario', 'Verona Tour', 'Museo Radio', 'Sighseeing', 'Museo Miniscalchi']",Santa Anastasia,strategy_nearest,False,0.0029959678649902344,success
04E7E43A9C4C80,2,"['San Fermo', 'Casa Giulietta']",Torre Lamberti,"['Sighseeing', 'Centro Fotografia', 'Museo Conte', 'Palazzo della Ragione', 'AMO']",Castelvecchio,strategy_nearest,False,0.003242015838623047,success
04E7EA3A9C4C80,3,['Arena'],Casa Giulietta,"['Centro Fotografia', 'Sighseeing', 'Torre Lamberti', 'Museo Conte', 'Museo Radio']",Santa Anastasia,strategy_nearest,False,0.0018768310546875,success
04E8093A9C4C84,2,['Duomo'],Casa Giulietta,"['Centro Fotografia', 'Sighseeing', 'Torre Lamberti', 'Museo Conte', 'Museo Radio']",Castelvecchio,strategy_nearest,False,0.002802133560180664,success
04E809429C4C84,3,"['Casa Giulietta', 'Teatro Romano']",Duomo,"['AMO', 'Museo Miniscalchi', 'Santa Anastasia', 'Palazzo della Ragione', 'Museo Conte']",Arena,strategy_nearest,False,0.003117084503173828,success
04E80A3A9C4C84,0,['Arena'],Casa Giulietta,"['Centro Fotografia', 'Sighseeing', 'Torre Lamberti', 'Museo Conte', 'Museo Radio']",Castelvecchio,strategy_nearest,False,0.002222776412963867,success
04E81B3A9C4C80,1,"['Tomba Giulietta', 'Torre Lamberti', 'Arena']",Castelvecchio,"['Museo Lapidario', 'Verona Tour', 'Museo Radio', 'San Zeno', 'Sighseeing']",Teatro Romano,strategy_nearest,False,0.002989053726196289,success
04E81C3A9C4C80,3,"['Arena', 'Torre Lamberti', 'Casa Giulietta', 'San Fermo']",Giardino Giusti,"['Santa Anastasia', 'Teatro Romano', 'Museo Conte', 'Centro Fotografia', 'Museo Storia']",Teatro Romano,strategy_nearest,True,0.0022521018981933594,success
04E81B429C4C84,0,['Arena'],Casa Giulietta,"['Centro Fotografia', 'Sighseeing', 'Torre Lamberti', 'Museo Conte', 'Museo Radio']",Torre Lamberti,strategy_nearest,True,0.0035598278045654297,success
04E81F429C4C84,3,"['Arena', 'Torre Lamberti', 'Santa Anastasia']",Museo Lapidario,"['Verona Tour', 'Castelvecchio', 'Museo Radio', 'San Fermo', 'Casa Giulietta']",Castelvecchio,strategy_nearest,True,0.002407073974609375,success
04E81D3A9C4C84,3,"['Arena', 'Casa Giulietta', 'Duomo']",Teatro Romano,"['Santa Anastasia', 'AMO', 'Palazzo della Ragione', 'Museo Conte', 'Centro Fotografia']",Torre Lamberti,strategy_nearest,False,0.003938913345336914,success
04E827429C4C80,3,"['Santa Anastasia', 'Casa Giulietta']",San Fermo,"['Museo Storia', 'Museo Radio', 'Centro Fotografia', 'Arena', 'Sighseeing']",Arena,strategy_nearest,True,0.0015366077423095703,success
04E828429C4C80,1,"['Duomo', 'Teatro Romano', 'Santa Anastasia', 'Torre Lamberti']",Palazzo della Ragione,"['AMO', 'Museo Conte', 'Centro Fotografia', 'Sighseeing', 'Museo Miniscalchi']",Casa Giulietta,strategy_nearest,False,0.0020329952239990234,success
04E8223A9C4C80,3,"['Arena', 'Casa Giulietta']",Santa Anastasia,"['AMO', 'Museo Conte', 'Palazzo della Ragione', 'Teatro Romano', 'Centro Fotografia']",Duomo,strategy_nearest,False,0.0034067630767822266,success
04E820429C4C80,3,"['Arena', 'Torre Lamberti']",Santa Anastasia,"['AMO', 'Museo Conte', 'Palazzo della Ragione', 'Teatro Romano', 'Centro Fotografia']",Duomo,strategy_nearest,False,0.004781007766723633,success
04E8374A9C4C80,3,"['Teatro Romano', 'Duomo', 'Santa Anastasia', 'Casa Giulietta']",San Fermo,"['Museo Storia', 'Museo Radio', 'Centro Fotografia', 'Arena', 'Sighseeing']",Museo Storia,strategy_nearest,True,0.001981019973754883,success
04E833429C4C80,0,['Arena'],Casa Giulietta,"['Centro Fotografia', 'Sighseeing', 'Torre Lamberti', 'Museo Conte', 'Museo Radio']",Torre Lamberti,strategy_nearest,True,0.002615213394165039,success
04E84B3A9C4C80,0,"['Museo Lapidario', 'Arena']",Casa Giulietta,"['Centro Fotografia', 'Sighseeing', 'Torre Lamberti', 'Museo Conte', 'Museo Radio']",Giardino Giusti,strategy_nearest,False,0.0024597644805908203,success
04E8533A9C4C80,0,"['Castelvecchio', 'Arena']",Torre Lamberti,"['Sighseeing', 'Centro Fotografia', 'Museo Conte', 'Casa Giulietta', 'Palazzo della Ragione']",Casa Giulietta,strategy_nearest,True,0.0033490657806396484,success
04E853429C4C80,0,"['Castelvecchio', 'Arena']",Casa Giulietta,"['Centro Fotografia', 'Sighseeing', 'Torre Lamberti', 'Museo Conte', 'Museo Radio']",Tomba Giulietta,strategy_nearest,False,0.0018591880798339844,success
04E8673A9C4C80,1,"['Arena', 'Tomba Giulietta', 'Casa Giulietta']",Torre Lamberti,"['Sighseeing', 'Centro Fotografia', 'Museo Conte', 'Palazzo della Ragione', 'AMO']",Palazzo della Ragione,strategy_nearest,True,0.0031499862670898438,success
04E8603A9C4C80,3,"['Arena', 'Torre Lamberti', 'Duomo']",San Zeno,"['Castelvecchio', 'Verona Tour', 'Museo Lapidario', 'Museo Miniscalchi', 'Sighseeing']",Castelvecchio,strategy_nearest,True,0.0024480819702148438,success
04E8693A9C4C80,3,"['San Fermo', 'Torre Lamberti']",Arena,"['Verona Tour', 'Museo Lapidario', 'Museo Radio', 'Casa Giulietta', 'Sighseeing']",Castelvecchio,strategy_nearest,False,0.0029740333557128906,success
04E8783A9C4C80,0,['Arena'],Castelvecchio,"['Museo Lapidario', 'Verona Tour', 'Museo Radio', 'San Zeno', 'Sighseeing']",Casa Giulietta,strategy_nearest,False,0.0028030872344970703,success
04E87A429C4C80,2,"['Casa Giulietta', 'Torre Lamberti']",Santa Anastasia,"['AMO', 'Museo Conte', 'Palazzo della Ragione', 'Teatro Romano', 'Centro Fotografia']",Teatro Romano,strategy_nearest,True,0.0012927055358886719,success
04E86B3A9C4C80,0,"['Castelvecchio', 'Arena']",Casa Giulietta,"['Centro Fotografia', 'Sighseeing', 'Torre Lamberti', 'Museo Conte', 'Museo Radio']",Torre Lamberti,strategy_nearest,True,0.004864931106567383,success
04E87B429C4C80,2,['Castelvecchio'],Duomo,"['AMO', 'Museo Miniscalchi', 'Santa Anastasia', 'Teatro Romano', 'Palazzo della Ragione']",San Fermo,strategy_nearest,False,0.002671957015991211,success
04E883429C4C80,3,['Castelvecchio'],Arena,"['Verona Tour', 'Museo Lapidario', 'Museo Radio', 'San Fermo', 'Casa Giulietta']",Santa Anastasia,strategy_nearest,False,0.0027599334716796875,success
04E8854A9C4C80,1,['Arena'],Casa Giulietta,"['Centro Fotografia', 'Sighseeing', 'Torre Lamberti', 'Museo Conte', 'Museo Radio']",Palazzo della Ragione,strategy_nearest,False,0.0021419525146484375,success
04E881429C4C80,3,"['Museo Lapidario', 'Arena', 'Torre Lamberti']",Casa Giulietta,"['Centro Fotografia', 'Sighseeing', 'Museo Conte', 'Museo Radio', 'Palazzo della Ragione']",Duomo,strategy_nearest,False,0.004617929458618164,success
04E87E429C4C80,3,"['Arena', 'Tomba Giulietta', 'San Fermo']",Casa Giulietta,"['Centro Fotografia', 'Sighseeing', 'Torre Lamberti', 'Museo Conte', 'Museo Radio']",Torre Lamberti,strategy_nearest,True,0.002804994583129883,success
04E888429C4C80,0,['Arena'],Torre Lamberti,"['Sighseeing', 'Centro Fotografia', 'Museo Conte', 'Casa Giulietta', 'Palazzo della Ragione']",Casa Giulietta,strategy_nearest,True,0.0027992725372314453,success
04E890429C4C80,2,['San Zeno'],Duomo,"['AMO', 'Museo Miniscalchi', 'Santa Anastasia', 'Teatro Romano', 'Palazzo della Ragione']",Torre Lamberti,strategy_nearest,False,0.002629995346069336,success
04E8863A9C4C80,0,['Arena'],Santa Anastasia,"['AMO', 'Museo Conte', 'Palazzo della Ragione', 'Teatro Romano', 'Centro Fotografia']",Castelvecchio,strategy_nearest,False,0.00215911865234375,success
04E88D4A9C4C80,0,['Arena'],Casa Giulietta,"['Centro Fotografia', 'Sighseeing', 'Torre Lamberti', 'Museo Conte', 'Museo Radio']",Santa Anastasia,strategy_nearest,False,0.0034027099609375,success
04E8934A9C4C80,3,"['Arena', 'Museo Lapidario']",Duomo,"['AMO', 'Museo Miniscalchi', 'Santa Anastasia', 'Teatro Romano', 'Palazzo della Ragione']",Casa Giulietta,strategy_nearest,False,0.002653837203979492,success
04E896BA7B3F80,3,"['Arena', 'Casa Giulietta']",Torre Lamberti,"['Sighseeing', 'Centro Fotografia', 'Museo Conte', 'Palazzo della Ragione', 'AMO']",Santa Anastasia,strategy_nearest,False,0.002008676528930664,success
04E89A429C4C80,2,"['Casa Giulietta', 'Castelvecchio']",Torre Lamberti,"['Sighseeing', 'Centro Fotografia', 'Museo Conte', 'Palazzo della Ragione', 'AMO']",Santa Anastasia,strategy_nearest,False,0.002624988555908203,success
04E89BBA7B3F80,3,"['Arena', 'Casa Giulietta']",Torre Lamberti,"['Sighseeing', 'Centro Fotografia', 'Museo Conte', 'Palazzo della Ragione', 'AMO']",Santa Anastasia,strategy_nearest,False,0.003247976303100586,success
04E8A7429C4C80,0,['Arena'],Castelvecchio,"['Museo Lapidario', 'Verona Tour', 'Museo Radio', 'San Zeno', 'Sighseeing']",Casa Giulietta,strategy_nearest,False,0.0021288394927978516,success
04E8AB3A9C4C80,3,"['Arena', 'Castelvecchio']",Casa Giulietta,"['Centro Fotografia', 'Sighseeing', 'Torre Lamberti', 'Museo Conte', 'Museo Radio']",Torre Lamberti,strategy_nearest,True,0.003229856491088867,success
04E8A63A9C4C80,3,"['Museo Lapidario', 'Arena', 'Casa Giulietta']",Torre Lamberti,"['Sighseeing', 'Centro Fotografia', 'Museo Conte', 'Palazzo della Ragione', 'AMO']",Santa Anastasia,strategy_nearest,False,0.004019021987915039,success
04E8A9429C4C80,2,['Tomba Giulietta'],Castelvecchio,"['Museo Lapidario', 'Verona Tour', 'Arena', 'Museo Radio', 'San Zeno']",Casa Giulietta,strategy_nearest,False,0.0020809173583984375,success
04E8B13A9C4C80,3,"['Arena', 'Duomo']",Teatro Romano,"['Santa Anastasia', 'AMO', 'Palazzo della Ragione', 'Museo Conte', 'Centro Fotografia']",Casa Giulietta,strategy_nearest,False,0.0019540786743164062,success
04E8AB4A9C4C80,3,"['Arena', 'San Zeno']",Castelvecchio,"['Museo Lapidario', 'Verona Tour', 'Museo Radio', 'Sighseeing', 'Museo Miniscalchi']",Casa Giulietta,strategy_nearest,False,0.003941774368286133,success
04E8AC3A9C4C80,2,['Torre Lamberti'],Santa Anastasia,"['AMO', 'Museo Conte', 'Palazzo della Ragione', 'Teatro Romano', 'Centro Fotografia']",Duomo,strategy_nearest,False,0.001348733901977539,success
04E8B43A9C4C80,0,['Arena'],Casa Giulietta,"['Centro Fotografia', 'Sighseeing', 'Torre Lamberti', 'Museo Conte', 'Museo Radio']",Torre Lamberti,strategy_nearest,True,0.0033736228942871094,success
04E8CD3A9C4C80,3,"['Arena', 'Casa Giulietta']",Torre Lamberti,"['Sighseeing', 'Centro Fotografia', 'Museo Conte', 'Palazzo della Ragione', 'AMO']",Santa Anastasia,strategy_nearest,False,0.0019350051879882812,success
04E8B93A9C4C80,0,['Arena'],Museo Lapidario,"['Verona Tour', 'Castelvecchio', 'Museo Radio', 'San Fermo', 'Casa Giulietta']",Castelvecchio,strategy_nearest,True,0.0033750534057617188,success
04E8D5429C4C80,3,"['Castelvecchio', 'Arena', 'Santa Anastasia', 'Duomo']",Torre Lamberti,"['Sighseeing', 'Centro Fotografia', 'Museo Conte', 'Casa Giulietta', 'Palazzo della Ragione']",Casa Giulietta,strategy_nearest,True,0.0030939579010009766,success
04E8D63A9C4C80,2,['Tomba Giulietta'],San Fermo,"['Museo Storia', 'Museo Radio', 'Casa Giulietta', 'Centro Fotografia', 'Arena']",Casa Giulietta,strategy_nearest,True,0.0030519962310791016,success
04E8DF429C4C80,3,"['Arena', 'Castelvecchio', 'Tomba Giulietta']",San Fermo,"['Museo Storia', 'Museo Radio', 'Casa Giulietta', 'Centro Fotografia', 'Sighseeing']",Museo Storia,strategy_nearest,True,0.002521038055419922,success
04E8F03A9C4C80,0,['Arena'],Castelvecchio,"['Museo Lapidario', 'Verona Tour', 'Museo Radio', 'San Zeno', 'Sighseeing']",Teatro Romano,strategy_nearest,False,0.003313779830932617,success
04E8FA3A9C4C80,0,['Casa Giulietta'],Arena,"['Verona Tour', 'Museo Lapidario', 'Museo Radio', 'San Fermo', 'Sighseeing']",Tomba Giulietta,strategy_nearest,False,0.0034749507904052734,success
04E8FD3A9C4C80,0,['Arena'],Castelvecchio,"['Museo Lapidario', 'Verona Tour', 'Museo Radio', 'San Zeno', 'Sighseeing']",Casa Giulietta,strategy_nearest,False,0.002417325973510742,success
04E908429C4C84,3,"['Museo Lapidario', 'Arena', 'Torre Lamberti', 'Giardino Giusti', 'Teatro Romano']",Santa Anastasia,"['AMO', 'Museo Conte', 'Palazzo della Ragione', 'Centro Fotografia', 'Duomo']",Casa Giulietta,strategy_nearest,False,0.003401041030883789,success
04E91C429C4C84,0,"['Casa Giulietta', 'Santa Anastasia']",Arena,"['Verona Tour', 'Museo Lapidario', 'Museo Radio', 'San Fermo', 'Sighseeing']",Tomba Giulietta,strategy_nearest,False,0.0020759105682373047,success
04E9103A9C4C84,2,['Castelvecchio'],Casa Giulietta,"['Centro Fotografia', 'Sighseeing', 'Torre Lamberti', 'Museo Conte', 'Museo Radio']",Duomo,strategy_nearest,False,0.002750396728515625,success
04E920429C4C80,3,"['Arena', 'Castelvecchio']",Santa Anastasia,"['AMO', 'Museo Conte', 'Palazzo della Ragione', 'Teatro Romano', 'Centro Fotografia']",Duomo,strategy_nearest,False,0.0019049644470214844,success
04E9294A9C4C80,1,"['San Fermo', 'Arena', 'Torre Lamberti']",Palazzo della Ragione,"['AMO', 'Museo Conte', 'Centro Fotografia', 'Sighseeing', 'Santa Anastasia']",Casa Giulietta,strategy_nearest,False,0.0027420520782470703,success
04E92C429C4C80,2,"['Torre Lamberti', 'Casa Giulietta']",Duomo,"['AMO', 'Museo Miniscalchi', 'Santa Anastasia', 'Teatro Romano', 'Palazzo della Ragione']",Teatro Romano,strategy_nearest,True,0.003340005874633789,success
04E9274A9C4C80,3,"['Castelvecchio', 'Casa Giulietta', 'Torre Lamberti']",Arena,"['Verona Tour', 'Museo Lapidario', 'Museo Radio', 'San Fermo', 'Sighseeing']",Giardino Giusti,strategy_nearest,False,0.0022039413452148438,success
04E93B429C4C80,3,"['Arena', 'Santa Anastasia', 'Duomo']",Torre Lamberti,"['Sighseeing', 'Centro Fotografia', 'Museo Conte', 'Casa Giulietta', 'Palazzo della Ragione']",Casa Giulietta,strategy_nearest,True,0.0014159679412841797,success
04E930429C4C80,3,"['Arena', 'San Fermo']",Casa Giulietta,"['Centro Fotografia', 'Sighseeing', 'Torre Lamberti', 'Museo Conte', 'Museo Radio']",Santa Anastasia,strategy_nearest,False,0.0035028457641601562,success
04E936429C4C80,3,"['Santa Anastasia', 'Duomo']",Torre Lamberti,"['Sighseeing', 'Centro Fotografia', 'Museo Conte', 'Casa Giulietta', 'Palazzo della Ragione']",Arena,strategy_nearest,False,0.0021071434020996094,success
04E92E429C4C80,2,['Casa Giulietta'],San Fermo,"['Museo Storia', 'Museo Radio', 'Centro Fotografia', 'Arena', 'Sighseeing']",Teatro Romano,strategy_nearest,False,0.004148006439208984,success
04E93B4A9C4C80,3,"['Castelvecchio', 'San Fermo']",Arena,"['Verona Tour', 'Museo Lapidario', 'Museo Radio', 'Casa Giulietta', 'Sighseeing']",Santa Anastasia,strategy_nearest,False,0.0034580230712890625,success
04E93C429C4C80,2,"['Casa Giulietta', 'Torre Lamberti', 'Santa Anastasia']",Duomo,"['AMO', 'Museo Miniscalchi', 'Teatro Romano', 'Palazzo della Ragione', 'Museo Conte']",Teatro Romano,strategy_nearest,True,0.002789020538330078,success
04E93F429C4C80,3,['Arena'],Torre Lamberti,"['Sighseeing', 'Centro Fotografia', 'Museo Conte', 'Casa Giulietta', 'Palazzo della Ragione']",Castelvecchio,strategy_nearest,False,0.0015339851379394531,success
04E9433A9C4C80,3,"['Duomo', 'Teatro Romano', 'Casa Giulietta']",Arena,"['Verona Tour', 'Museo Lapidario', 'Museo Radio', 'San Fermo', 'Sighseeing']",Torre Lamberti,strategy_nearest,False,0.0032777786254882812,success
04E95F3A9C4C80,3,"['Casa Giulietta', 'Castelvecchio', 'Torre Lamberti']",Duomo,"['AMO', 'Museo Miniscalchi', 'Santa Anastasia', 'Teatro Romano', 'Palazzo della Ragione']",Santa Anastasia,strategy_nearest,True,0.0013921260833740234,success
04E9573A9C4C80,3,"['Arena', 'Casa Giulietta']",Torre Lamberti,"['Sighseeing', 'Centro Fotografia', 'Museo Conte', 'Palazzo della Ragione', 'AMO']",Santa Anastasia,strategy_nearest,False,0.003401041030883789,success
04E946429C4C80,1,"['Arena', 'Casa Giulietta']",Palazzo della Ragione,"['AMO', 'Museo Conte', 'Torre Lamberti', 'Centro Fotografia', 'Sighseeing']",Teatro Romano,strategy_nearest,False,0.0021810531616210938,success
04E94C3A9C4C80,3,"['Torre Lamberti', 'Santa Anastasia', 'Duomo', 'San Fermo']",Casa Giulietta,"['Centro Fotografia', 'Sighseeing', 'Museo Conte', 'Museo Radio', 'Palazzo della Ragione']",Arena,strategy_nearest,False,0.002792835235595703,success
04E9683A9C4C80,3,"['Arena', 'Museo Lapidario']",Castelvecchio,"['Verona Tour', 'Museo Radio', 'San Zeno', 'Sighseeing', 'Museo Miniscalchi']",Duomo,strategy_nearest,False,0.0025451183319091797,success
04E96B3A9C4C80,2,"['Castelvecchio', 'Casa Giulietta']",Palazzo della Ragione,"['AMO', 'Museo Conte', 'Torre Lamberti', 'Centro Fotografia', 'Sighseeing']",Santa Anastasia,strategy_nearest,False,0.002084016799926758,success
04E969429C4C80,0,"['Arena', 'Museo Lapidario']",Casa Giulietta,"['Centro Fotografia', 'Sighseeing', 'Torre Lamberti', 'Museo Conte', 'Museo Radio']",Torre Lamberti,strategy_nearest,True,0.0027379989624023438,success
04E970429C4C80,3,"['Arena', 'Castelvecchio']",Teatro Romano,"['Santa Anastasia', 'Duomo', 'AMO', 'Palazzo della Ragione', 'Museo Conte']",Duomo,strategy_nearest,True,0.003326892852783203,success
04E9743A9C4C80,3,['Arena'],Torre Lamberti,"['Sighseeing', 'Centro Fotografia', 'Museo Conte', 'Casa Giulietta', 'Palazzo della Ragione']",Santa Anastasia,strategy_nearest,False,0.0018877983093261719,success
04E973429C4C80,0,['Arena'],Casa Giulietta,"['Centro Fotografia', 'Sighseeing', 'Torre Lamberti', 'Museo Conte', 'Museo Radio']",Torre Lamberti,strategy_nearest,True,0.0034439563751220703,success
04E97A3A9C4C80,3,"['Arena', 'Torre Lamberti']",Casa Giulietta,"['Centro Fotografia', 'Sighseeing', 'Museo Conte', 'Museo Radio', 'Palazzo della Ragione']",Santa Anastasia,strategy_nearest,False,0.0026810169219970703,success
04E976429C4C80,0,['Torre Lamberti'],Arena,"['Verona Tour', 'Museo Lapidario', 'Museo Radio', 'San Fermo', 'Casa Giulietta']",Castelvecchio,strategy_nearest,False,0.0033299922943115234,success
04E985429C4C80,3,"['Castelvecchio', 'Arena', 'San Fermo']",Casa Giulietta,"['Centro Fotografia', 'Sighseeing', 'Torre Lamberti', 'Museo Conte', 'Museo Radio']",Torre Lamberti,strategy_nearest,True,0.002682924270629883,success
04E97F429C4C80,0,"['Museo Lapidario', 'Arena']",Casa Giulietta,"['Centro Fotografia', 'Sighseeing', 'Torre Lamberti', 'Museo Conte', 'Museo Radio']",San Fermo,strategy_nearest,False,0.002190113067626953,success
04E97B3A9C4C80,0,['Arena'],Casa Giulietta,"['Centro Fotografia', 'Sighseeing', 'Torre Lamberti', 'Museo Conte', 'Museo Radio']",Torre Lamberti,strategy_nearest,True,0.001628875732421875,success
04E984429C4C80,0,"['Arena', 'Casa Giulietta']",Torre Lamberti,"['Sighseeing', 'Centro Fotografia', 'Museo Conte', 'Palazzo della Ragione', 'AMO']",Teatro Romano,strategy_nearest,False,0.003335237503051758,success
04E9904A9C4C80,3,['Arena'],Santa Anastasia,"['AMO', 'Museo Conte', 'Palazzo della Ragione', 'Teatro Romano', 'Centro Fotografia']",Duomo,strategy_nearest,False,0.003292083740234375,success
04E98F3A9C4C80,0,['Arena'],Torre Lamberti,"['Sighseeing', 'Centro Fotografia', 'Museo Conte', 'Casa Giulietta', 'Palazzo della Ragione']",Teatro Romano,strategy_nearest,False,0.002724885940551758,success
04E9944A9C4C80,1,"['Arena', 'Palazzo della Ragione']",Santa Anastasia,"['AMO', 'Museo Conte', 'Teatro Romano', 'Centro Fotografia', 'Duomo']",Duomo,strategy_nearest,True,0.001996755599975586,success
04E98E4A9C4C80,0,['Arena'],Casa Giulietta,"['Centro Fotografia', 'Sighseeing', 'Torre Lamberti', 'Museo Conte', 'Museo Radio']",Castelvecchio,strategy_nearest,False,0.0015811920166015625,success
04E9A74A9C4C80,3,"['Arena', 'Santa Anastasia']",Casa Giulietta,"['Centro Fotografia', 'Sighseeing', 'Torre Lamberti', 'Museo Conte', 'Museo Radio']",San Fermo,strategy_nearest,False,0.003313779830932617,success
04E99B429C4C80,0,['Castelvecchio'],Arena,"['Verona Tour', 'Museo Lapidario', 'Museo Radio', 'San Fermo', 'Casa Giulietta']",Torre Lamberti,strategy_nearest,False,0.002778768539428711,success
04E9A94A9C4C80,3,"['Arena', 'Casa Giulietta']",Torre Lamberti,"['Sighseeing', 'Centro Fotografia', 'Museo Conte', 'Palazzo della Ragione', 'AMO']",San Fermo,strategy_nearest,False,0.0019881725311279297,success
04E99C429C4C80,0,"['Arena', 'Castelvecchio']",San Zeno,"['Verona Tour', 'Museo Lapidario', 'Museo Miniscalchi', 'Sighseeing', 'Museo Radio']",Duomo,strategy_nearest,False,0.0015821456909179688,success
04E9B63A9C4C80,3,"['Arena', 'Torre Lamberti']",Casa Giulietta,"['Centro Fotografia', 'Sighseeing', 'Museo Conte', 'Museo Radio', 'Palazzo della Ragione']",Santa Anastasia,strategy_nearest,False,0.002691030502319336,success
04E9B53A9C4C80,3,['Arena'],Casa Giulietta,"['Centro Fotografia', 'Sighseeing', 'Torre Lamberti', 'Museo Conte', 'Museo Radio']",Santa Anastasia,strategy_nearest,False,0.0015759468078613281,success
04E9BE3A9C4C80,2,"['Castelvecchio', 'San Zeno']",Casa Giulietta,"['Centro Fotografia', 'Sighseeing', 'Torre Lamberti', 'Museo Conte', 'Museo Radio']",Santa Anastasia,strategy_nearest,False,0.0020258426666259766,success
04E9B0429C4C80,3,"['Arena', 'San Zeno']",Santa Anastasia,"['AMO', 'Museo Conte', 'Palazzo della Ragione', 'Teatro Romano', 'Centro Fotografia']",Duomo,strategy_nearest,False,0.0033719539642333984,success
04E9C83A9C4C80,1,"['Castelvecchio', 'Arena', 'Museo Lapidario', 'San Fermo']",Casa Giulietta,"['Centro Fotografia', 'Sighseeing', 'Torre Lamberti', 'Museo Conte', 'Museo Radio']",Palazzo della Ragione,strategy_nearest,False,0.001531839370727539,success
04E9DE429C4C80,3,"['Arena', 'Tomba Giulietta', 'Casa Giulietta']",Santa Anastasia,"['AMO', 'Museo Conte', 'Palazzo della Ragione', 'Teatro Romano', 'Centro Fotografia']",Teatro Romano,strategy_nearest,True,0.0025992393493652344,success
04E9C1429C4C80,0,['Arena'],Casa Giulietta,"['Centro Fotografia', 'Sighseeing', 'Torre Lamberti', 'Museo Conte', 'Museo Radio']",Torre Lamberti,strategy_nearest,True,0.0021376609802246094,success
04E9EF3A9C4C80,0,['Arena'],Castelvecchio,"['Museo Lapidario', 'Verona Tour', 'Museo Radio', 'San Zeno', 'Sighseeing']",Teatro Romano,strategy_nearest,False,0.0030939579010009766,success
04E9F0429C4C80,3,"['Teatro Romano', 'Arena']",Castelvecchio,"['Museo Lapidario', 'Verona Tour', 'Museo Radio', 'San Zeno', 'Sighseeing']",Duomo,strategy_nearest,False,0.0027310848236083984,success
04E9FF3A9C4C80,3,"['Arena', 'Giardino Giusti']",Teatro Romano,"['Santa Anastasia', 'Duomo', 'AMO', 'Palazzo della Ragione', 'Museo Conte']",Duomo,strategy_nearest,True,0.00208282470703125,success
04E9F1429C4C80,1,"['Tomba Giulietta', 'Casa Giulietta', 'San Zeno', 'Castelvecchio']",Arena,"['Verona Tour', 'Museo Lapidario', 'Museo Radio', 'San Fermo', 'Sighseeing']",Torre Lamberti,strategy_nearest,False,0.0033359527587890625,success
04E9F73A9C4C80,3,['Arena'],Torre Lamberti,"['Sighseeing', 'Centro Fotografia', 'Museo Conte', 'Casa Giulietta', 'Palazzo della Ragione']",Santa Anastasia,strategy_nearest,False,0.0015189647674560547,success
04EA0F3A9C4C84,3,"['Arena', 'Casa Giulietta']",Torre Lamberti,"['Sighseeing', 'Centro Fotografia', 'Museo Conte', 'Palazzo della Ragione', 'AMO']",Santa Anastasia,strategy_nearest,False,0.0027670860290527344,success
04EA1E3A9C4C84,0,['Arena'],Casa Giulietta,"['Centro Fotografia', 'Sighseeing', 'Torre Lamberti', 'Museo Conte', 'Museo Radio']",Castelvecchio,strategy_nearest,False,0.002557039260864258,success
04EA103A9C4C84,3,"['Arena', 'Casa Giulietta']",Torre Lamberti,"['Sighseeing', 'Centro Fotografia', 'Museo Conte', 'Palazzo della Ragione', 'AMO']",Santa Anastasia,strategy_nearest,False,0.0014109611511230469,success
04EA13429C4C84,0,['Arena'],Torre Lamberti,"['Sighseeing', 'Centro Fotografia', 'Museo Conte', 'Casa Giulietta', 'Palazzo della Ragione']",Casa Giulietta,strategy_nearest,True,0.003448963165283203,success
04EA28429C4C80,3,"['Casa Giulietta', 'Santa Anastasia', 'Duomo']",Teatro Romano,"['AMO', 'Palazzo della Ragione', 'Museo Conte', 'Centro Fotografia', 'Museo Miniscalchi']",San Zeno,strategy_nearest,False,0.0027840137481689453,success
04EA1F429C4C84,2,"['Torre Lamberti', 'Santa Anastasia']",Duomo,"['AMO', 'Museo Miniscalchi', 'Teatro Romano', 'Palazzo della Ragione', 'Museo Conte']",Teatro Romano,strategy_nearest,True,0.0019702911376953125,success
04EA2C3A9C4C80,0,"['Casa Giulietta', 'Tomba Giulietta']",Castelvecchio,"['Museo Lapidario', 'Verona Tour', 'Arena', 'Museo Radio', 'San Zeno']",Arena,strategy_nearest,True,0.002671957015991211,success
04EA34429C4C80,0,['Arena'],Duomo,"['AMO', 'Museo Miniscalchi', 'Santa Anastasia', 'Teatro Romano', 'Palazzo della Ragione']",Teatro Romano,strategy_nearest,True,0.0032079219818115234,success
04EA35429C4C80,3,"['Santa Anastasia', 'Casa Giulietta', 'San Fermo']",Teatro Romano,"['Duomo', 'AMO', 'Palazzo della Ragione', 'Museo Conte', 'Centro Fotografia']",Arena,strategy_nearest,False,0.0015990734100341797,success
04EA354A9C4C80,2,['Teatro Romano'],Santa Anastasia,"['AMO', 'Museo Conte', 'Palazzo della Ragione', 'Centro Fotografia', 'Duomo']",Torre Lamberti,strategy_nearest,False,0.0026650428771972656,success
04EA56429C4C80,0,"['Arena', 'Castelvecchio']",Casa Giulietta,"['Centro Fotografia', 'Sighseeing', 'Torre Lamberti', 'Museo Conte', 'Museo Radio']",San Zeno,strategy_nearest,False,0.0022950172424316406,success
04EA3D429C4C80,3,"['Castelvecchio', 'Arena', 'Torre Lamberti']",Santa Anastasia,"['AMO', 'Museo Conte', 'Palazzo della Ragione', 'Teatro Romano', 'Centro Fotografia']",Duomo,strategy_nearest,False,0.003222942352294922,success
04EA503A9C4C80,0,['Arena'],Casa Giulietta,"['Centro Fotografia', 'Sighseeing', 'Torre Lamberti', 'Museo Conte', 'Museo Radio']",Tomba Giulietta,strategy_nearest,False,0.0033690929412841797,success
04EA6C3A9C4C80,0,['Arena'],Duomo,"['AMO', 'Museo Miniscalchi', 'Santa Anastasia', 'Teatro Romano', 'Palazzo della Ragione']",Torre Lamberti,strategy_nearest,False,0.0011992454528808594,success
04EA72429C4C80,0,['Arena'],Casa Giulietta,"['Centro Fotografia', 'Sighseeing', 'Torre Lamberti', 'Museo Conte', 'Museo Radio']",Torre Lamberti,strategy_nearest,True,0.0036699771881103516,success
04EA794A9C4C80,0,"['Castelvecchio', 'Arena']",Casa Giulietta,"['Centro Fotografia', 'Sighseeing', 'Torre Lamberti', 'Museo Conte', 'Museo Radio']",Torre Lamberti,strategy_nearest,True,0.0027849674224853516,success
04EA58429C4C80,1,"['Santa Anastasia', 'Arena', 'Castelvecchio', 'Casa Giulietta']",Torre Lamberti,"['Sighseeing', 'Centro Fotografia', 'Museo Conte', 'Palazzo della Ragione', 'AMO']",Palazzo della Ragione,strategy_nearest,True,0.0029692649841308594,success
04EA7F429C4C80,0,['Casa Giulietta'],Arena,"['Verona Tour', 'Museo Lapidario', 'Museo Radio', 'San Fermo', 'Sighseeing']",Tomba Giulietta,strategy_nearest,False,0.0021393299102783203,success
04EA864A9C4C80,0,"['Arena', 'Torre Lamberti']",Casa Giulietta,"['Centro Fotografia', 'Sighseeing', 'Museo Conte', 'Museo Radio', 'Palazzo della Ragione']",Duomo,strategy_nearest,False,0.002668142318725586,success
04EA7B429C4C80,3,['Torre Lamberti'],Arena,"['Verona Tour', 'Museo Lapidario', 'Museo Radio', 'San Fermo', 'Casa Giulietta']",Santa Anastasia,strategy_nearest,False,0.0023970603942871094,success
04EA7D429C4C80,3,"['Castelvecchio', 'Arena', 'Casa Giulietta']",Santa Anastasia,"['AMO', 'Museo Conte', 'Palazzo della Ragione', 'Teatro Romano', 'Centro Fotografia']",Duomo,strategy_nearest,False,0.003535032272338867,success
04EA934A9C4C80,6,"['Casa Giulietta', 'Torre Lamberti']",Duomo,"['AMO', 'Museo Miniscalchi', 'Santa Anastasia', 'Teatro Romano', 'Palazzo della Ragione']",Verona Tour,strategy_nearest,False,0.0020220279693603516,success
04EA8E3A9C4C80,3,"['Arena', 'Casa Giulietta']",Torre Lamberti,"['Sighseeing', 'Centro Fotografia', 'Museo Conte', 'Palazzo della Ragione', 'AMO']",Santa Anastasia,strategy_nearest,False,0.001960277557373047,success
04EA964A9C4C80,2,['Teatro Romano'],Santa Anastasia,"['AMO', 'Museo Conte', 'Palazzo della Ragione', 'Centro Fotografia', 'Duomo']",Castelvecchio,strategy_nearest,False,0.0033240318298339844,success
04EA8F4A9C4C80,0,['Arena'],Torre Lamberti,"['Sighseeing', 'Centro Fotografia', 'Museo Conte', 'Casa Giulietta', 'Palazzo della Ragione']",Castelvecchio,strategy_nearest,False,0.0035331249237060547,success
04EA9C4A9C4C80,3,['Arena'],Santa Anastasia,"['AMO', 'Museo Conte', 'Palazzo della Ragione', 'Teatro Romano', 'Centro Fotografia']",Torre Lamberti,strategy_nearest,False,0.0029659271240234375,success
04EA984A9C4C80,0,"['Arena', 'Casa Giulietta']",Castelvecchio,"['Museo Lapidario', 'Verona Tour', 'Museo Radio', 'San Zeno', 'Sighseeing']",Torre Lamberti,strategy_nearest,False,0.0021991729736328125,success
04EAA44A9C4C80,0,['Arena'],Casa Giulietta,"['Centro Fotografia', 'Sighseeing', 'Torre Lamberti', 'Museo Conte', 'Museo Radio']",Duomo,strategy_nearest,False,0.0029687881469726562,success
04EAA53A9C4C80,2,['Castelvecchio'],Torre Lamberti,"['Sighseeing', 'Centro Fotografia', 'Museo Conte', 'Casa Giulietta', 'Palazzo della Ragione']",Santa Anastasia,strategy_nearest,False,0.0027799606323242188,success
04EAAA429C4C80,0,['Castelvecchio'],Arena,"['Verona Tour', 'Museo Lapidario', 'Museo Radio', 'San Fermo', 'Casa Giulietta']",Casa Giulietta,strategy_nearest,True,0.003341197967529297,success
04EAAD3A9C4C80,3,"['Arena', 'Casa Giulietta']",Torre Lamberti,"['Sighseeing', 'Centro Fotografia', 'Museo Conte', 'Palazzo della Ragione', 'AMO']",Santa Anastasia,strategy_nearest,False,0.0024518966674804688,success
04EAAF3A9C4C80,1,"['Teatro Romano', 'Duomo', 'Torre Lamberti']",Palazzo della Ragione,"['AMO', 'Museo Conte', 'Centro Fotografia', 'Sighseeing', 'Santa Anastasia']",Casa Giulietta,strategy_nearest,False,0.0022661685943603516,success
04EAB5429C4C80,2,['Duomo'],Santa Anastasia,"['AMO', 'Museo Conte', 'Palazzo della Ragione', 'Teatro Romano', 'Centro Fotografia']",Castelvecchio,strategy_nearest,False,0.002986907958984375,success
04EABC429C4C80,1,"['Arena', 'Torre Lamberti', 'Palazzo della Ragione']",Casa Giulietta,"['Centro Fotografia', 'Sighseeing', 'Museo Conte', 'Museo Radio', 'San Fermo']",Santa Anastasia,strategy_nearest,False,0.003423929214477539,success
04EAB2429C4C80,0,['Arena'],Castelvecchio,"['Museo Lapidario', 'Verona Tour', 'Museo Radio', 'San Zeno', 'Sighseeing']",San Fermo,strategy_nearest,False,0.0024139881134033203,success
04EAC03A9C4C80,0,['San Zeno'],Arena,"['Verona Tour', 'Museo Lapidario', 'Museo Radio', 'San Fermo', 'Casa Giulietta']",Giardino Giusti,strategy_nearest,False,0.002832174301147461,success
04EABF3A9C4C80,0,"['Arena', 'Torre Lamberti']",Casa Giulietta,"['Centro Fotografia', 'Sighseeing', 'Museo Conte', 'Museo Radio', 'Palazzo della Ragione']",Castelvecchio,strategy_nearest,False,0.0034749507904052734,success
04EAFE3A9C4C80,3,['Arena'],Santa Anastasia,"['AMO', 'Museo Conte', 'Palazzo della Ragione', 'Teatro Romano', 'Centro Fotografia']",Duomo,strategy_nearest,False,0.0020117759704589844,success
04EAC43A9C4C80,3,"['Arena', 'Castelvecchio']",San Zeno,"['Verona Tour', 'Museo Lapidario', 'Museo Miniscalchi', 'Sighseeing', 'Museo Radio']",Torre Lamberti,strategy_nearest,False,0.0014369487762451172,success
04EB053A9C4C84,3,['Arena'],Casa Giulietta,"['Centro Fotografia', 'Sighseeing', 'Torre Lamberti', 'Museo Conte', 'Museo Radio']",Torre Lamberti,strategy_nearest,True,0.003936052322387695,success
04EB093A9C4C84,0,"['Arena', 'Casa Giulietta']",Castelvecchio,"['Museo Lapidario', 'Verona Tour', 'Museo Radio', 'San Zeno', 'Sighseeing']",Torre Lamberti,strategy_nearest,False,0.0015630722045898438,success
04EB103A9C4C84,0,['Arena'],Teatro Romano,"['Santa Anastasia', 'Duomo', 'AMO', 'Palazzo della Ragione', 'Museo Conte']",Torre Lamberti,strategy_nearest,False,0.002557039260864258,success
04EB0A429C4C84,0,['Castelvecchio'],Casa Giulietta,"['Centro Fotografia', 'Sighseeing', 'Torre Lamberti', 'Museo Conte', 'Museo Radio']",Torre Lamberti,strategy_nearest,True,0.0021228790283203125,success
04EB18429C4C84,2,['Casa Giulietta'],Santa Anastasia,"['AMO', 'Museo Conte', 'Palazzo della Ragione', 'Teatro Romano', 'Centro Fotografia']",Duomo,strategy_nearest,False,0.0022580623626708984,success
04EB123A9C4C84,0,['Arena'],Castelvecchio,"['Museo Lapidario', 'Verona Tour', 'Museo Radio', 'San Zeno', 'Sighseeing']",Tomba Giulietta,strategy_nearest,False,0.0034999847412109375,success
04EB1D429C4C84,0,['Arena'],Casa Giulietta,"['Centro Fotografia', 'Sighseeing', 'Torre Lamberti', 'Museo Conte', 'Museo Radio']",Duomo,strategy_nearest,False,0.0028281211853027344,success
04EB1F3A9C4C80,0,['Torre Lamberti'],Casa Giulietta,"['Centro Fotografia', 'Sighseeing', 'Museo Conte', 'Museo Radio', 'Palazzo della Ragione']",Arena,strategy_nearest,False,0.0015659332275390625,success
04EB243A9C4C80,3,['Arena'],Casa Giulietta,"['Centro Fotografia', 'Sighseeing', 'Torre Lamberti', 'Museo Conte', 'Museo Radio']",Santa Anastasia,strategy_nearest,False,0.0016601085662841797,success
04EB26429C4C80,2,"['Torre Lamberti', 'Duomo', 'Teatro Romano']",Giardino Giusti,"['Santa Anastasia', 'Museo Conte', 'Centro Fotografia', 'Museo Storia', 'AMO']",Casa Giulietta,strategy_nearest,False,0.0021538734436035156,success
04EB254A9C4C80,3,"['Arena', 'Castelvecchio', 'Santa Anastasia']",Duomo,"['AMO', 'Museo Miniscalchi', 'Teatro Romano', 'Palazzo della Ragione', 'Museo Conte']",Teatro Romano,strategy_nearest,True,0.002844095230102539,success
04EB543A9C4C80,3,"['Teatro Romano', 'Arena', 'Castelvecchio']",Torre Lamberti,"['Sighseeing', 'Centro Fotografia', 'Museo Conte', 'Casa Giulietta', 'Palazzo della Ragione']",Santa Anastasia,strategy_nearest,False,0.003186941146850586,success
04EB55429C4C80,1,"['Casa Giulietta', 'Teatro Romano', 'Duomo']",Torre Lamberti,"['Sighseeing', 'Centro Fotografia', 'Museo Conte', 'Palazzo della Ragione', 'AMO']",Palazzo della Ragione,strategy_nearest,True,0.0028820037841796875,success
04EB5E3A9C4C80,3,"['Castelvecchio', 'Torre Lamberti']",Santa Anastasia,"['AMO', 'Museo Conte', 'Palazzo della Ragione', 'Teatro Romano', 'Centro Fotografia']",Arena,strategy_nearest,False,0.0032377243041992188,success
04EB633A9C4C80,2,"['Museo Lapidario', 'Castelvecchio']",Santa Anastasia,"['AMO', 'Museo Conte', 'Palazzo della Ragione', 'Teatro Romano', 'Centro Fotografia']",Teatro Romano,strategy_nearest,True,0.0024559497833251953,success
04EB563A9C4C80,3,"['Arena', 'Casa Giulietta']",Torre Lamberti,"['Sighseeing', 'Centro Fotografia', 'Museo Conte', 'Palazzo della Ragione', 'AMO']",Santa Anastasia,strategy_nearest,False,0.002930164337158203,success
04EB59429C4C80,3,"['Santa Anastasia', 'San Fermo']",Giardino Giusti,"['Teatro Romano', 'Museo Conte', 'Centro Fotografia', 'Museo Storia', 'AMO']",Arena,strategy_nearest,False,0.002516031265258789,success
04EB6F3A9C4C80,4,"['Arena', 'San Zeno', 'Castelvecchio', 'Museo Lapidario', 'San Fermo', 'Museo Storia']",Casa Giulietta,"['Centro Fotografia', 'Sighseeing', 'Torre Lamberti', 'Museo Conte', 'Museo Radio']",Torre Lamberti,strategy_nearest,True,0.0021467208862304688,success
04EB683A9C4C80,3,['Arena'],Casa Giulietta,"['Centro Fotografia', 'Sighseeing', 'Torre Lamberti', 'Museo Conte', 'Museo Radio']",Santa Anastasia,strategy_nearest,False,0.0016007423400878906,success
04EB783A9C4C80,3,"['Arena', 'Casa Giulietta', 'Santa Anastasia']",Torre Lamberti,"['Sighseeing', 'Centro Fotografia', 'Museo Conte', 'Palazzo della Ragione', 'AMO']",Teatro Romano,strategy_nearest,False,0.0028951168060302734,success
04EB77429C4C80,2,['Casa Giulietta'],Torre Lamberti,"['Sighseeing', 'Centro Fotografia', 'Museo Conte', 'Palazzo della Ragione', 'AMO']",Tomba Giulietta,strategy_nearest,False,0.0035698413848876953,success
04EB79429C4C80,2,"['Tomba Giulietta', 'San Fermo']",Casa Giulietta,"['Centro Fotografia', 'Sighseeing', 'Torre Lamberti', 'Museo Conte', 'Museo Radio']",Torre Lamberti,strategy_nearest,True,0.002585887908935547,success
04EB7B4A9C4C80,3,"['Castelvecchio', 'Arena']",Casa Giulietta,"['Centro Fotografia', 'Sighseeing', 'Torre Lamberti', 'Museo Conte', 'Museo Radio']",Torre Lamberti,strategy_nearest,True,0.0021262168884277344,success
04EB8E3A9C4C80,0,['Arena'],Castelvecchio,"['Museo Lapidario', 'Verona Tour', 'Museo Radio', 'San Zeno', 'Sighseeing']",Casa Giulietta,strategy_nearest,False,0.002605915069580078,success
04EB8A3A9C4C80,2,['Tomba Giulietta'],Casa Giulietta,"['Centro Fotografia', 'Sighseeing', 'Torre Lamberti', 'Museo Conte', 'Museo Radio']",Torre Lamberti,strategy_nearest,True,0.0037279129028320312,success
04EB914A9C4C80,3,"['Castelvecchio', 'Arena']",Casa Giulietta,"['Centro Fotografia', 'Sighseeing', 'Torre Lamberti', 'Museo Conte', 'Museo Radio']",Torre Lamberti,strategy_nearest,True,0.0024530887603759766,success
04EB944A9C4C80,2,['Palazzo della Ragione'],Torre Lamberti,"['Sighseeing', 'Centro Fotografia', 'Museo Conte', 'Casa Giulietta', 'AMO']",Castelvecchio,strategy_nearest,False,0.003159046173095703,success
04EB99429C4C80,0,['Castelvecchio'],Arena,"['Verona Tour', 'Museo Lapidario', 'Museo Radio', 'San Fermo', 'Casa Giulietta']",Torre Lamberti,strategy_nearest,False,0.002391815185546875,success
04EB9D4A9C4C80,0,['Arena'],Teatro Romano,"['Santa Anastasia', 'Duomo', 'AMO', 'Palazzo della Ragione', 'Museo Conte']",Casa Giulietta,strategy_nearest,False,0.0032880306243896484,success
04EBA14A9C4C80,2,['Castelvecchio'],Santa Anastasia,"['AMO', 'Museo Conte', 'Palazzo della Ragione', 'Teatro Romano', 'Centro Fotografia']",Teatro Romano,strategy_nearest,True,0.002290010452270508,success
04EB9E429C4C80,3,"['Arena', 'Casa Giulietta']",Santa Anastasia,"['AMO', 'Museo Conte', 'Palazzo della Ragione', 'Teatro Romano', 'Centro Fotografia']",Teatro Romano,strategy_nearest,True,0.0022809505462646484,success
04EBA53A9C4C80,3,"['Arena', 'Castelvecchio']",Torre Lamberti,"['Sighseeing', 'Centro Fotografia', 'Museo Conte', 'Casa Giulietta', 'Palazzo della Ragione']",Casa Giulietta,strategy_nearest,True,0.002824068069458008,success
04EBA64A9C4C80,0,['Arena'],Duomo,"['AMO', 'Museo Miniscalchi', 'Santa Anastasia', 'Teatro Romano', 'Palazzo della Ragione']",Teatro Romano,strategy_nearest,True,0.0034830570220947266,success
04EBA9429C4C80,3,['Arena'],Torre Lamberti,"['Sighseeing', 'Centro Fotografia', 'Museo Conte', 'Casa Giulietta', 'Palazzo della Ragione']",Santa Anastasia,strategy_nearest,False,0.002500772476196289,success
04EBAA3A9C4C80,3,"['Arena', 'Castelvecchio']",Casa Giulietta,"['Centro Fotografia', 'Sighseeing', 'Torre Lamberti', 'Museo Conte', 'Museo Radio']",Torre Lamberti,strategy_nearest,True,0.0018661022186279297,success
04EBAE3A9C4C80,1,['Arena'],Casa Giulietta,"['Centro Fotografia', 'Sighseeing', 'Torre Lamberti', 'Museo Conte', 'Museo Radio']",Torre Lamberti,strategy_nearest,True,0.0033359527587890625,success
04EBB4429C4C80,0,['Arena'],Casa Giulietta,"['Centro Fotografia', 'Sighseeing', 'Torre Lamberti', 'Museo Conte', 'Museo Radio']",Torre Lamberti,strategy_nearest,True,0.0032410621643066406,success
04EBB53A9C4C80,3,"['Castelvecchio', 'Santa Anastasia']",Casa Giulietta,"['Centro Fotografia', 'Sighseeing', 'Torre Lamberti', 'Museo Conte', 'Museo Radio']",Arena,strategy_nearest,False,0.002234220504760742,success
04EBBC429C4C80,2,['Castelvecchio'],San Zeno,"['Verona Tour', 'Museo Lapidario', 'Arena', 'Museo Miniscalchi', 'Sighseeing']",Santa Anastasia,strategy_nearest,False,0.003991127014160156,success
04EBD8429C4C80,3,"['Castelvecchio', 'Arena']",Santa Anastasia,"['AMO', 'Museo Conte', 'Palazzo della Ragione', 'Teatro Romano', 'Centro Fotografia']",Santa Anastasia,strategy_nearest,False,0.002154827117919922,success
04EBBA3A9C4C80,2,['San Zeno'],Torre Lamberti,"['Sighseeing', 'Centro Fotografia', 'Museo Conte', 'Casa Giulietta', 'Palazzo della Ragione']",Santa Anastasia,strategy_nearest,False,0.0034368038177490234,success
04EBE13A9C4C80,4,"['Casa Giulietta', 'Castelvecchio', 'Arena']",Torre Lamberti,"['Sighseeing', 'Centro Fotografia', 'Museo Conte', 'Palazzo della Ragione', 'AMO']",Santa Anastasia,strategy_nearest,False,0.0031402111053466797,success
04EBFE3A9C4C80,0,['Arena'],Museo Lapidario,"['Verona Tour', 'Castelvecchio', 'Museo Radio', 'San Fermo', 'Casa Giulietta']",Castelvecchio,strategy_nearest,True,0.002248048782348633,success
04EBF53A9C4C80,0,['Arena'],Casa Giulietta,"['Centro Fotografia', 'Sighseeing', 'Torre Lamberti', 'Museo Conte', 'Museo Radio']",Teatro Romano,strategy_nearest,False,0.0015201568603515625,success
04EC003A9C4C84,3,"['Duomo', 'Santa Anastasia']",Arena,"['Verona Tour', 'Museo Lapidario', 'Museo Radio', 'San Fermo', 'Casa Giulietta']",Torre Lamberti,strategy_nearest,False,0.0028333663940429688,success
04EC01429C4C84,3,"['Arena', 'Duomo']",Santa Anastasia,"['AMO', 'Museo Conte', 'Palazzo della Ragione', 'Teatro Romano', 'Centro Fotografia']",San Fermo,strategy_nearest,False,0.0033288002014160156,success
04EC1C4A9C4C80,3,"['Arena', 'Casa Giulietta', 'Torre Lamberti']",Tomba Giulietta,"['San Fermo', 'Museo Storia', 'Museo Lapidario', 'Museo Radio', 'Verona Tour']",Castelvecchio,strategy_nearest,False,0.002625703811645508,success
04EC1C429C4C84,1,"['Castelvecchio', 'Casa Giulietta', 'Torre Lamberti']",Arena,"['Verona Tour', 'Museo Lapidario', 'Museo Radio', 'San Fermo', 'Sighseeing']",Museo Lapidario,strategy_nearest,True,0.0021162033081054688,success
04EC18429C4C84,3,['Arena'],Castelvecchio,"['Museo Lapidario', 'Verona Tour', 'Museo Radio', 'San Zeno', 'Sighseeing']",Santa Anastasia,strategy_nearest,False,0.004037141799926758,success
04EC0F429C4C84,3,['Arena'],Santa Anastasia,"['AMO', 'Museo Conte', 'Palazzo della Ragione', 'Teatro Romano', 'Centro Fotografia']",San Zeno,strategy_nearest,False,0.0028510093688964844,success
04EC1E3A9C4C80,3,['Arena'],Casa Giulietta,"['Centro Fotografia', 'Sighseeing', 'Torre Lamberti', 'Museo Conte', 'Museo Radio']",Santa Anastasia,strategy_nearest,False,0.0020279884338378906,success
04EC2A3A9C4C80,3,"['Arena', 'Torre Lamberti', 'Casa Giulietta']",Santa Anastasia,"['AMO', 'Museo Conte', 'Palazzo della Ragione', 'Teatro Romano', 'Centro Fotografia']",Teatro Romano,strategy_nearest,True,0.0018990039825439453,success
04EC233A9C4C80,3,"['Arena', 'San Fermo', 'Torre Lamberti', 'Palazzo della Ragione']",Santa Anastasia,"['AMO', 'Museo Conte', 'Teatro Romano', 'Centro Fotografia', 'Duomo']",Santa Anastasia,strategy_nearest,False,0.0033371448516845703,success
04EC2B429C4C80,3,"['Arena', 'Tomba Giulietta', 'Castelvecchio']",Casa Giulietta,"['Centro Fotografia', 'Sighseeing', 'Torre Lamberti', 'Museo Conte', 'Museo Radio']",Torre Lamberti,strategy_nearest,True,0.0033140182495117188,success
04EC2E4A9C4C80,1,"['Arena', 'Torre Lamberti', 'Palazzo della Ragione', 'Santa Anastasia']",Duomo,"['AMO', 'Museo Miniscalchi', 'Teatro Romano', 'Museo Conte', 'Centro Fotografia']",Museo Lapidario,strategy_nearest,False,0.002479076385498047,success
04EC34429C4C80,2,['San Zeno'],Castelvecchio,"['Museo Lapidario', 'Verona Tour', 'Arena', 'Museo Radio', 'Sighseeing']",Santa Anastasia,strategy_nearest,False,0.0031702518463134766,success
04EC2C3A9C4C80,3,"['Arena', 'Torre Lamberti']",Santa Anastasia,"['AMO', 'Museo Conte', 'Palazzo della Ragione', 'Teatro Romano', 'Centro Fotografia']",Duomo,strategy_nearest,False,0.00197601318359375,success
04EC363A9C4C80,3,"['Santa Anastasia', 'Torre Lamberti']",Casa Giulietta,"['Centro Fotografia', 'Sighseeing', 'Museo Conte', 'Museo Radio', 'Palazzo della Ragione']",Tomba Giulietta,strategy_nearest,False,0.0027010440826416016,success
04EC35429C4C80,2,['Santa Anastasia'],Casa Giulietta,"['Centro Fotografia', 'Sighseeing', 'Torre Lamberti', 'Museo Conte', 'Museo Radio']",San Zeno,strategy_nearest,False,0.003408193588256836,success
04EC503A9C4C80,3,"['Arena', 'Castelvecchio']",Santa Anastasia,"['AMO', 'Museo Conte', 'Palazzo della Ragione', 'Teatro Romano', 'Centro Fotografia']",Casa Giulietta,strategy_nearest,False,0.002488851547241211,success
04EC4D3A9C4C80,3,['Arena'],Santa Anastasia,"['AMO', 'Museo Conte', 'Palazzo della Ragione', 'Teatro Romano', 'Centro Fotografia']",Torre Lamberti,strategy_nearest,False,0.0033359527587890625,success
04EC6E3A9C4C80,0,['Castelvecchio'],Casa Giulietta,"['Centro Fotografia', 'Sighseeing', 'Torre Lamberti', 'Museo Conte', 'Museo Radio']",Arena,strategy_nearest,False,0.0024530887603759766,success
04EC523A9C4C80,3,"['Arena', 'Castelvecchio', 'Duomo']",Teatro Romano,"['Santa Anastasia', 'AMO', 'Palazzo della Ragione', 'Museo Conte', 'Centro Fotografia']",Santa Anastasia,strategy_nearest,True,0.0022420883178710938,success
04EC5A429C4C80,1,"['Tomba Giulietta', 'Torre Lamberti', 'Castelvecchio']",Arena,"['Verona Tour', 'Museo Lapidario', 'Museo Radio', 'San Fermo', 'Casa Giulietta']",Palazzo della Ragione,strategy_nearest,False,0.0019638538360595703,success
04EC5E3A9C4C80,0,['Museo Lapidario'],Castelvecchio,"['Verona Tour', 'Arena', 'Museo Radio', 'San Zeno', 'Sighseeing']",Arena,strategy_nearest,True,0.0031409263610839844,success
04EC72429C4C80,1,"['Casa Giulietta', 'Arena', 'Tomba Giulietta']",Castelvecchio,"['Museo Lapidario', 'Verona Tour', 'Museo Radio', 'San Zeno', 'Sighseeing']",Duomo,strategy_nearest,False,0.0025968551635742188,success
04EC884A9C4C80,2,"['Casa Giulietta', 'Torre Lamberti', 'San Fermo', 'Duomo']",Santa Anastasia,"['AMO', 'Museo Conte', 'Palazzo della Ragione', 'Teatro Romano', 'Centro Fotografia']",Teatro Romano,strategy_nearest,True,0.0025453567504882812,success
04EC7A3A9C4C80,3,"['Arena', 'San Zeno']",Castelvecchio,"['Museo Lapidario', 'Verona Tour', 'Museo Radio', 'Sighseeing', 'Museo Miniscalchi']",Torre Lamberti,strategy_nearest,False,0.00139617919921875,success
04EC89429C4C80,3,['Arena'],Santa Anastasia,"['AMO', 'Museo Conte', 'Palazzo della Ragione', 'Teatro Romano', 'Centro Fotografia']",Duomo,strategy_nearest,False,0.0033469200134277344,success
04EC944A9C4C80,0,['Casa Giulietta'],Torre Lamberti,"['Sighseeing', 'Centro Fotografia', 'Museo Conte', 'Palazzo della Ragione', 'AMO']",Arena,strategy_nearest,False,0.002712726593017578,success
04EC8B429C4C80,0,['Arena'],Casa Giulietta,"['Centro Fotografia', 'Sighseeing', 'Torre Lamberti', 'Museo Conte', 'Museo Radio']",Santa Anastasia,strategy_nearest,False,0.0016639232635498047,success
04EC90429C4C80,3,"['Arena', 'San Fermo']",Torre Lamberti,"['Sighseeing', 'Centro Fotografia', 'Museo Conte', 'Casa Giulietta', 'Palazzo della Ragione']",Santa Anastasia,strategy_nearest,False,0.0034821033477783203,success
04EC984A9C4C80,0,['Castelvecchio'],Arena,"['Verona Tour', 'Museo Lapidario', 'Museo Radio', 'San Fermo', 'Casa Giulietta']",Casa Giulietta,strategy_nearest,True,0.0028221607208251953,success
04EC9E4A9C4C80,0,['Tomba Giulietta'],Arena,"['Verona Tour', 'Museo Lapidario', 'Museo Radio', 'San Fermo', 'Casa Giulietta']",Casa Giulietta,strategy_nearest,True,0.002393007278442383,success
04EC9F4A9C4C80,2,"['Casa Giulietta', 'Torre Lamberti']",Santa Anastasia,"['AMO', 'Museo Conte', 'Palazzo della Ragione', 'Teatro Romano', 'Centro Fotografia']",Teatro Romano,strategy_nearest,True,0.0031228065490722656,success
04EC9F429C4C80,3,['Arena'],Casa Giulietta,"['Centro Fotografia', 'Sighseeing', 'Torre Lamberti', 'Museo Conte', 'Museo Radio']",Santa Anastasia,strategy_nearest,False,0.0026140213012695312,success
04ECB2429C4C80,3,"['Arena', 'Casa Giulietta']",Teatro Romano,"['Santa Anastasia', 'Duomo', 'AMO', 'Palazzo della Ragione', 'Museo Conte']",Duomo,strategy_nearest,True,0.0023810863494873047,success
04ECB4429C4C80,0,"['Torre Lamberti', 'Casa Giulietta']",Arena,"['Verona Tour', 'Museo Lapidario', 'Museo Radio', 'San Fermo', 'Sighseeing']",Castelvecchio,strategy_nearest,False,0.004014015197753906,success
04ECB93A9C4C80,0,['Teatro Romano'],Duomo,"['AMO', 'Museo Miniscalchi', 'Santa Anastasia', 'Palazzo della Ragione', 'Museo Conte']",Casa Giulietta,strategy_nearest,False,0.0019459724426269531,success
04ECBF429C4C80,0,['Arena'],Casa Giulietta,"['Centro Fotografia', 'Sighseeing', 'Torre Lamberti', 'Museo Conte', 'Museo Radio']",Castelvecchio,strategy_nearest,False,0.003201007843017578,success
04ECC23A9C4C80,3,"['Arena', 'Casa Giulietta']",Santa Anastasia,"['AMO', 'Museo Conte', 'Palazzo della Ragione', 'Teatro Romano', 'Centro Fotografia']",Duomo,strategy_nearest,False,0.0022809505462646484,success
04ECD13A9C4C80,3,"['Teatro Romano', 'Duomo', 'Santa Anastasia']",Torre Lamberti,"['Sighseeing', 'Centro Fotografia', 'Museo Conte', 'Casa Giulietta', 'Palazzo della Ragione']",Casa Giulietta,strategy_nearest,True,0.0018041133880615234,success
04ECD03A9C4C80,3,['Arena'],Casa Giulietta,"['Centro Fotografia', 'Sighseeing', 'Torre Lamberti', 'Museo Conte', 'Museo Radio']",Santa Anastasia,strategy_nearest,False,0.003381967544555664,success
04ECEA3A9C4C80,0,['Arena'],Duomo,"['AMO', 'Museo Miniscalchi', 'Santa Anastasia', 'Teatro Romano', 'Palazzo della Ragione']",Casa Giulietta,strategy_nearest,False,0.0030107498168945312,success
04ECD53A9C4C80,0,['Arena'],Casa Giulietta,"['Centro Fotografia', 'Sighseeing', 'Torre Lamberti', 'Museo Conte', 'Museo Radio']",Santa Anastasia,strategy_nearest,False,0.00328826904296875,success
04ECFC3A9C4C80,1,"['Arena', 'Casa Giulietta', 'Torre Lamberti']",Palazzo della Ragione,"['AMO', 'Museo Conte', 'Centro Fotografia', 'Sighseeing', 'Santa Anastasia']",Teatro Romano,strategy_nearest,False,0.002613067626953125,success
04ECEE429C4C80,3,"['Arena', 'Torre Lamberti', 'Casa Giulietta']",Tomba Giulietta,"['San Fermo', 'Museo Storia', 'Museo Lapidario', 'Museo Radio', 'Verona Tour']",Teatro Romano,strategy_nearest,False,0.004580974578857422,success
04ECEF429C4C80,3,"['Arena', 'Santa Anastasia', 'Teatro Romano', 'Museo Lapidario']",San Zeno,"['Castelvecchio', 'Verona Tour', 'Museo Miniscalchi', 'Sighseeing', 'Museo Radio']",Castelvecchio,strategy_nearest,True,0.0027740001678466797,success
04ECF53A9C4C80,3,['Arena'],Castelvecchio,"['Museo Lapidario', 'Verona Tour', 'Museo Radio', 'San Zeno', 'Sighseeing']",Santa Anastasia,strategy_nearest,False,0.0015230178833007812,success
04ED16429C4C84,3,"['Arena', 'Casa Giulietta']",Torre Lamberti,"['Sighseeing', 'Centro Fotografia', 'Museo Conte', 'Palazzo della Ragione', 'AMO']",Duomo,strategy_nearest,False,0.0021791458129882812,success
04ED1A3A9C4C84,0,"['Tomba Giulietta', 'Arena']",Museo Lapidario,"['Verona Tour', 'Castelvecchio', 'Museo Radio', 'San Fermo', 'Casa Giulietta']",Casa Giulietta,strategy_nearest,True,0.0027201175689697266,success
04ED19429C4C84,0,"['Castelvecchio', 'Arena']",Casa Giulietta,"['Centro Fotografia', 'Sighseeing', 'Torre Lamberti', 'Museo Conte', 'Museo Radio']",Museo Storia,strategy_nearest,False,0.0015559196472167969,success
04ED2E4A9C4C80,3,"['Arena', 'Museo Lapidario', 'Tomba Giulietta']",Santa Anastasia,"['AMO', 'Museo Conte', 'Palazzo della Ragione', 'Teatro Romano', 'Centro Fotografia']",Torre Lamberti,strategy_nearest,False,0.0032138824462890625,success
04ED3D429C4C80,1,"['Castelvecchio', 'Arena', 'Casa Giulietta']",Museo Lapidario,"['Verona Tour', 'Museo Radio', 'San Fermo', 'Tomba Giulietta', 'Sighseeing']",Torre Lamberti,strategy_nearest,False,0.0032880306243896484,success
04ED34429C4C80,3,"['Arena', 'Duomo']",Teatro Romano,"['Santa Anastasia', 'AMO', 'Palazzo della Ragione', 'Museo Conte', 'Centro Fotografia']",Giardino Giusti,strategy_nearest,False,0.0027811527252197266,success
04ED3E429C4C80,3,"['Teatro Romano', 'Duomo']",Duomo,"['AMO', 'Museo Miniscalchi', 'Santa Anastasia', 'Palazzo della Ragione', 'Museo Conte']",Torre Lamberti,strategy_nearest,False,0.002674102783203125,success
04ED3A429C4C80,0,['Arena'],Casa Giulietta,"['Centro Fotografia', 'Sighseeing', 'Torre Lamberti', 'Museo Conte', 'Museo Radio']",Teatro Romano,strategy_nearest,False,0.0021491050720214844,success
04ED4F429C4C80,0,['Arena'],Torre Lamberti,"['Sighseeing', 'Centro Fotografia', 'Museo Conte', 'Casa Giulietta', 'Palazzo della Ragione']",Casa Giulietta,strategy_nearest,True,0.0021071434020996094,success
04ED3F429C4C80,1,"['Torre Lamberti', 'Arena']",Castelvecchio,"['Museo Lapidario', 'Verona Tour', 'Museo Radio', 'San Zeno', 'Sighseeing']",San Zeno,strategy_nearest,True,0.0016498565673828125,success
04ED5A429C4C80,3,"['Arena', 'Casa Giulietta']",Santa Anastasia,"['AMO', 'Museo Conte', 'Palazzo della Ragione', 'Teatro Romano', 'Centro Fotografia']",Teatro Romano,strategy_nearest,True,0.002669095993041992,success
04ED43429C4C80,0,"['Arena', 'Casa Giulietta']",Tomba Giulietta,"['San Fermo', 'Museo Storia', 'Museo Lapidario', 'Museo Radio', 'Verona Tour']",Torre Lamberti,strategy_nearest,False,0.0034470558166503906,success
04ED723A9C4C80,3,['Arena'],Torre Lamberti,"['Sighseeing', 'Centro Fotografia', 'Museo Conte', 'Casa Giulietta', 'Palazzo della Ragione']",Duomo,strategy_nearest,False,0.0033102035522460938,success
04ED6C429C4C80,0,['Arena'],Santa Anastasia,"['AMO', 'Museo Conte', 'Palazzo della Ragione', 'Teatro Romano', 'Centro Fotografia']",Casa Giulietta,strategy_nearest,False,0.002752065658569336,success
04ED75429C4C80,1,"['Arena', 'San Fermo', 'Casa Giulietta']",Torre Lamberti,"['Sighseeing', 'Centro Fotografia', 'Museo Conte', 'Palazzo della Ragione', 'AMO']",Palazzo della Ragione,strategy_nearest,True,0.0015151500701904297,success
04ED77429C4C80,2,['Casa Giulietta'],Santa Anastasia,"['AMO', 'Museo Conte', 'Palazzo della Ragione', 'Teatro Romano', 'Centro Fotografia']",Duomo,strategy_nearest,False,0.003246784210205078,success
04ED81429C4C80,2,"['Casa Giulietta', 'Torre Lamberti']",Santa Anastasia,"['AMO', 'Museo Conte', 'Palazzo della Ragione', 'Teatro Romano', 'Centro Fotografia']",Duomo,strategy_nearest,False,0.0013399124145507812,success
04ED783A9C4C80,1,"['Palazzo della Ragione', 'Torre Lamberti', 'Arena']",Castelvecchio,"['Museo Lapidario', 'Verona Tour', 'Museo Radio', 'San Zeno', 'Sighseeing']",Casa Giulietta,strategy_nearest,False,0.002660036087036133,success
04ED84429C4C80,0,['Arena'],Casa Giulietta,"['Centro Fotografia', 'Sighseeing', 'Torre Lamberti', 'Museo Conte', 'Museo Radio']",Museo Storia,strategy_nearest,False,0.003323793411254883,success
04ED794A9C4C80,3,"['Castelvecchio', 'Torre Lamberti']",Santa Anastasia,"['AMO', 'Museo Conte', 'Palazzo della Ragione', 'Teatro Romano', 'Centro Fotografia']",Duomo,strategy_nearest,False,0.0028858184814453125,success
04ED8A4A9C4C80,0,['Arena'],Casa Giulietta,"['Centro Fotografia', 'Sighseeing', 'Torre Lamberti', 'Museo Conte', 'Museo Radio']",Torre Lamberti,strategy_nearest,True,0.0020318031311035156,success
04ED87429C4C80,3,['Arena'],Torre Lamberti,"['Sighseeing', 'Centro Fotografia', 'Museo Conte', 'Casa Giulietta', 'Palazzo della Ragione']",Casa Giulietta,strategy_nearest,True,0.0029418468475341797,success
04ED88429C4C80,0,['Arena'],Casa Giulietta,"['Centro Fotografia', 'Sighseeing', 'Torre Lamberti', 'Museo Conte', 'Museo Radio']",Tomba Giulietta,strategy_nearest,False,0.003994941711425781,success
04ED91429C4C80,3,['Arena'],Santa Anastasia,"['AMO', 'Museo Conte', 'Palazzo della Ragione', 'Teatro Romano', 'Centro Fotografia']",Duomo,strategy_nearest,False,0.003280162811279297,success
04ED9D4A9C4C80,3,"['Arena', 'Casa Giulietta']",Torre Lamberti,"['Sighseeing', 'Centro Fotografia', 'Museo Conte', 'Palazzo della Ragione', 'AMO']",Santa Anastasia,strategy_nearest,False,0.0028111934661865234,success
04ED994A9C4C80,3,"['Arena', 'Casa Giulietta']",Santa Anastasia,"['AMO', 'Museo Conte', 'Palazzo della Ragione', 'Teatro Romano', 'Centro Fotografia']",Duomo,strategy_nearest,False,0.004051923751831055,success
04EDA14A9C4C80,0,['Arena'],Casa Giulietta,"['Centro Fotografia', 'Sighseeing', 'Torre Lamberti', 'Museo Conte', 'Museo Radio']",Castelvecchio,strategy_nearest,False,0.0015590190887451172,success
04EDA0429C4C80,3,"['Arena', 'Casa Giulietta']",Torre Lamberti,"['Sighseeing', 'Centro Fotografia', 'Museo Conte', 'Palazzo della Ragione', 'AMO']",Santa Anastasia,strategy_nearest,False,0.0034761428833007812,success
04EDA34A9C4C80,0,['Casa Giulietta'],San Fermo,"['Museo Storia', 'Museo Radio', 'Centro Fotografia', 'Arena', 'Sighseeing']",Arena,strategy_nearest,True,0.0039081573486328125,success
04EDAE429C4C80,0,['Arena'],Museo Storia,"['San Fermo', 'Museo Radio', 'Casa Giulietta', 'Centro Fotografia', 'Tomba Giulietta']",Castelvecchio,strategy_nearest,False,0.0013501644134521484,success
04EDAC3A9C4C80,3,"['Arena', 'Casa Giulietta']",Torre Lamberti,"['Sighseeing', 'Centro Fotografia', 'Museo Conte', 'Palazzo della Ragione', 'AMO']",Santa Anastasia,strategy_nearest,False,0.00269317626953125,success
04EDA93A9C4C80,0,['Arena'],Casa Giulietta,"['Centro Fotografia', 'Sighseeing', 'Torre Lamberti', 'Museo Conte', 'Museo Radio']",Duomo,strategy_nearest,False,0.004015207290649414,success
04EDB23A9C4C80,3,"['Arena', 'Torre Lamberti']",Casa Giulietta,"['Centro Fotografia', 'Sighseeing', 'Museo Conte', 'Museo Radio', 'Palazzo della Ragione']",Santa Anastasia,strategy_nearest,False,0.0032100677490234375,success
04EDB3429C4C80,3,['Arena'],Torre Lamberti,"['Sighseeing', 'Centro Fotografia', 'Museo Conte', 'Casa Giulietta', 'Palazzo della Ragione']",Santa Anastasia,strategy_nearest,False,0.0019769668579101562,success
04EDBB3A9C4C80,3,"['Arena', 'Casa Giulietta']",Tomba Giulietta,"['San Fermo', 'Museo Storia', 'Museo Lapidario', 'Museo Radio', 'Verona Tour']",Castelvecchio,strategy_nearest,False,0.002573251724243164,success
04EDC3429C4C80,3,"['Casa Giulietta', 'Torre Lamberti']",Duomo,"['AMO', 'Museo Miniscalchi', 'Santa Anastasia', 'Teatro Romano', 'Palazzo della Ragione']",Teatro Romano,strategy_nearest,True,0.0034339427947998047,success
04EDC43A9C4C80,0,['Arena'],Castelvecchio,"['Museo Lapidario', 'Verona Tour', 'Museo Radio', 'San Zeno', 'Sighseeing']",Casa Giulietta,strategy_nearest,False,0.002750396728515625,success
04EDC73A9C4C80,3,"['Arena', 'Museo Lapidario']",Castelvecchio,"['Verona Tour', 'Museo Radio', 'San Zeno', 'Sighseeing', 'Museo Miniscalchi']",Casa Giulietta,strategy_nearest,False,0.0021288394927978516,success
04EDCA3A9C4C80,0,['Arena'],Casa Giulietta,"['Centro Fotografia', 'Sighseeing', 'Torre Lamberti', 'Museo Conte', 'Museo Radio']",Castelvecchio,strategy_nearest,False,0.003030061721801758,success
04EDD03A9C4C80,0,['Arena'],Casa Giulietta,"['Centro Fotografia', 'Sighseeing', 'Torre Lamberti', 'Museo Conte', 'Museo Radio']",Castelvecchio,strategy_nearest,False,0.003173828125,success
04EDD33A9C4C80,0,"['Torre Lamberti', 'Arena']",Castelvecchio,"['Museo Lapidario', 'Verona Tour', 'Museo Radio', 'San Zeno', 'Sighseeing']",Casa Giulietta,strategy_nearest,False,0.002646207809448242,success
04EDF33A9C4C80,2,['Castelvecchio'],Santa Anastasia,"['AMO', 'Museo Conte', 'Palazzo della Ragione', 'Teatro Romano', 'Centro Fotografia']",Duomo,strategy_nearest,False,0.0026230812072753906,success
04EDF13A9C4C80,2,['Santa Anastasia'],Duomo,"['AMO', 'Museo Miniscalchi', 'Teatro Romano', 'Palazzo della Ragione', 'Museo Conte']",Castelvecchio,strategy_nearest,False,0.00328826904296875,success
04EE0B429C4C84,1,"['Arena', 'Casa Giulietta', 'Palazzo della Ragione']",Torre Lamberti,"['Sighseeing', 'Centro Fotografia', 'Museo Conte', 'AMO', 'Museo Miniscalchi']",Santa Anastasia,strategy_nearest,False,0.0015749931335449219,success
04EE0D429C4C84,0,['Arena'],Duomo,"['AMO', 'Museo Miniscalchi', 'Santa Anastasia', 'Teatro Romano', 'Palazzo della Ragione']",Torre Lamberti,strategy_nearest,False,0.0021228790283203125,success
04EE0A429C4C84,3,"['Museo Storia', 'San Fermo', 'Duomo']",Arena,"['Verona Tour', 'Museo Lapidario', 'Museo Radio', 'Casa Giulietta', 'Sighseeing']",Castelvecchio,strategy_nearest,False,0.002766132354736328,success
04EDF73A9C4C80,3,"['Arena', 'Tomba Giulietta']",Torre Lamberti,"['Sighseeing', 'Centro Fotografia', 'Museo Conte', 'Casa Giulietta', 'Palazzo della Ragione']",Casa Giulietta,strategy_nearest,True,0.003422975540161133,success
04EE314A9C4C80,3,"['Arena', 'Tomba Giulietta']",Torre Lamberti,"['Sighseeing', 'Centro Fotografia', 'Museo Conte', 'Casa Giulietta', 'Palazzo della Ragione']",Casa Giulietta,strategy_nearest,True,0.003072977066040039,success
04EE103A9C4C84,0,"['Arena', 'Museo Lapidario']",Castelvecchio,"['Verona Tour', 'Museo Radio', 'San Zeno', 'Sighseeing', 'Museo Miniscalchi']",Teatro Romano,strategy_nearest,False,0.0025069713592529297,success
04EE33429C4C80,3,"['Torre Lamberti', 'Teatro Romano', 'Arena']",Castelvecchio,"['Museo Lapidario', 'Verona Tour', 'Museo Radio', 'San Zeno', 'Sighseeing']",Casa Giulietta,strategy_nearest,False,0.0018310546875,success
04EE364A9C4C80,3,"['Arena', 'Torre Lamberti']",Duomo,"['AMO', 'Museo Miniscalchi', 'Santa Anastasia', 'Teatro Romano', 'Palazzo della Ragione']",Santa Anastasia,strategy_nearest,True,0.003749847412109375,success
04EE3E429C4C80,3,"['Castelvecchio', 'Arena', 'Tomba Giulietta']",Museo Storia,"['San Fermo', 'Museo Radio', 'Casa Giulietta', 'Centro Fotografia', 'Torre Lamberti']",Casa Giulietta,strategy_nearest,True,0.0013399124145507812,success
04EE38429C4C80,1,['Arena'],Casa Giulietta,"['Centro Fotografia', 'Sighseeing', 'Torre Lamberti', 'Museo Conte', 'Museo Radio']",Torre Lamberti,strategy_nearest,True,0.003304004669189453,success
04EE41429C4C80,2,['San Fermo'],Museo Storia,"['Museo Radio', 'Casa Giulietta', 'Centro Fotografia', 'Tomba Giulietta', 'Arena']",Castelvecchio,strategy_nearest,False,0.0019390583038330078,success
04EE4C3A9C4C80,0,['Arena'],Casa Giulietta,"['Centro Fotografia', 'Sighseeing', 'Torre Lamberti', 'Museo Conte', 'Museo Radio']",Torre Lamberti,strategy_nearest,True,0.0035791397094726562,success
04EE54429C4C80,0,"['Arena', 'Torre Lamberti']",Casa Giulietta,"['Centro Fotografia', 'Sighseeing', 'Museo Conte', 'Museo Radio', 'Palazzo della Ragione']",Tomba Giulietta,strategy_nearest,False,0.0026466846466064453,success
04EE503A9C4C80,3,"['Torre Lamberti', 'Santa Anastasia']",Teatro Romano,"['Duomo', 'AMO', 'Palazzo della Ragione', 'Museo Conte', 'Centro Fotografia']",Arena,strategy_nearest,False,0.0019199848175048828,success
04EE65429C4C80,3,"['Casa Giulietta', 'Torre Lamberti', 'Arena']",San Fermo,"['Museo Storia', 'Museo Radio', 'Centro Fotografia', 'Sighseeing', 'Museo Conte']",Santa Anastasia,strategy_nearest,False,0.0025730133056640625,success
04EE563A9C4C80,0,['Arena'],Castelvecchio,"['Museo Lapidario', 'Verona Tour', 'Museo Radio', 'San Zeno', 'Sighseeing']",Torre Lamberti,strategy_nearest,False,0.002675771713256836,success
04EE6E429C4C80,2,['Castelvecchio'],Santa Anastasia,"['AMO', 'Museo Conte', 'Palazzo della Ragione', 'Teatro Romano', 'Centro Fotografia']",Duomo,strategy_nearest,False,0.002351045608520508,success
04EE7C429C4C80,3,"['Arena', 'Castelvecchio', 'San Zeno']",Casa Giulietta,"['Centro Fotografia', 'Sighseeing', 'Torre Lamberti', 'Museo Conte', 'Museo Radio']",Torre Lamberti,strategy_nearest,True,0.0015931129455566406,success
04EE77429C4C80,0,['Casa Giulietta'],Torre Lamberti,"['Sighseeing', 'Centro Fotografia', 'Museo Conte', 'Palazzo della Ragione', 'AMO']",Arena,strategy_nearest,False,0.0032050609588623047,success
04EE82429C4C80,0,['Castelvecchio'],Arena,"['Verona Tour', 'Museo Lapidario', 'Museo Radio', 'San Fermo', 'Casa Giulietta']",Duomo,strategy_nearest,False,0.0024080276489257812,success
04EE7D429C4C80,3,['Torre Lamberti'],Arena,"['Verona Tour', 'Museo Lapidario', 'Museo Radio', 'San Fermo', 'Casa Giulietta']",Santa Anastasia,strategy_nearest,False,0.0033330917358398438,success
04EE7B4A9C4C80,0,"['Castelvecchio', 'Torre Lamberti']",Casa Giulietta,"['Centro Fotografia', 'Sighseeing', 'Museo Conte', 'Museo Radio', 'Palazzo della Ragione']",Teatro Romano,strategy_nearest,False,0.002721071243286133,success
04EE844A9C4C80,3,"['Castelvecchio', 'Arena']",Casa Giulietta,"['Centro Fotografia', 'Sighseeing', 'Torre Lamberti', 'Museo Conte', 'Museo Radio']",Torre Lamberti,strategy_nearest,True,0.003013134002685547,success
04EE99429C4C80,2,['Torre Lamberti'],Santa Anastasia,"['AMO', 'Museo Conte', 'Palazzo della Ragione', 'Teatro Romano', 'Centro Fotografia']",Duomo,strategy_nearest,False,0.002001047134399414,success
04EE88429C4C80,3,"['Arena', 'Arena', 'Casa Giulietta']",Santa Anastasia,"['AMO', 'Museo Conte', 'Palazzo della Ragione', 'Teatro Romano', 'Centro Fotografia']",Torre Lamberti,strategy_nearest,False,0.003968000411987305,success
04EE98429C4C80,0,['Arena'],Castelvecchio,"['Museo Lapidario', 'Verona Tour', 'Museo Radio', 'San Zeno', 'Sighseeing']",Casa Giulietta,strategy_nearest,False,0.003319978713989258,success
04EE89429C4C80,3,['Arena'],Torre Lamberti,"['Sighseeing', 'Centro Fotografia', 'Museo Conte', 'Casa Giulietta', 'Palazzo della Ragione']",Casa Giulietta,strategy_nearest,True,0.0021729469299316406,success
04EE9C429C4C80,3,"['Arena', 'Santa Anastasia']",Duomo,"['AMO', 'Museo Miniscalchi', 'Teatro Romano', 'Palazzo della Ragione', 'Museo Conte']",Torre Lamberti,strategy_nearest,False,0.0013189315795898438,success
04EE9B4A9C4C80,2,['Castelvecchio'],Casa Giulietta,"['Centro Fotografia', 'Sighseeing', 'Torre Lamberti', 'Museo Conte', 'Museo Radio']",Torre Lamberti,strategy_nearest,True,0.0021638870239257812,success
04EE994A9C4C80,0,['Arena'],Torre Lamberti,"['Sighseeing', 'Centro Fotografia', 'Museo Conte', 'Casa Giulietta', 'Palazzo della Ragione']",Casa Giulietta,strategy_nearest,True,0.0034492015838623047,success
04EE9D4A9C4C80,1,"['Arena', 'Casa Giulietta']",Santa Anastasia,"['AMO', 'Museo Conte', 'Palazzo della Ragione', 'Teatro Romano', 'Centro Fotografia']",Duomo,strategy_nearest,False,0.0026450157165527344,success
04EEA44A9C4C80,1,"['Arena', 'Casa Giulietta']",Palazzo della Ragione,"['AMO', 'Museo Conte', 'Torre Lamberti', 'Centro Fotografia', 'Sighseeing']",Santa Anastasia,strategy_nearest,False,0.0021371841430664062,success
04EE9F4A9C4C80,3,"['Arena', 'Casa Giulietta']",Santa Anastasia,"['AMO', 'Museo Conte', 'Palazzo della Ragione', 'Teatro Romano', 'Centro Fotografia']",Duomo,strategy_nearest,False,0.0025911331176757812,success
04EEA64A9C4C80,0,['Arena'],Casa Giulietta,"['Centro Fotografia', 'Sighseeing', 'Torre Lamberti', 'Museo Conte', 'Museo Radio']",Teatro Romano,strategy_nearest,False,0.0027201175689697266,success
04EEA94A9C4C80,1,"['Tomba Giulietta', 'Arena', 'Casa Giulietta']",Torre Lamberti,"['Sighseeing', 'Centro Fotografia', 'Museo Conte', 'Palazzo della Ragione', 'AMO']",Palazzo della Ragione,strategy_nearest,True,0.003206014633178711,success
04EEC3429C4C80,3,"['Castelvecchio', 'Arena']",Torre Lamberti,"['Sighseeing', 'Centro Fotografia', 'Museo Conte', 'Casa Giulietta', 'Palazzo della Ragione']",Santa Anastasia,strategy_nearest,False,0.0031728744506835938,success
04EEC2429C4C80,0,"['Arena', 'Casa Giulietta']",Castelvecchio,"['Museo Lapidario', 'Verona Tour', 'Museo Radio', 'San Zeno', 'Sighseeing']",Tomba Giulietta,strategy_nearest,False,0.0032968521118164062,success
04EEC4429C4C80,3,"['Arena', 'Casa Giulietta']",Santa Anastasia,"['AMO', 'Museo Conte', 'Palazzo della Ragione', 'Teatro Romano', 'Centro Fotografia']",Duomo,strategy_nearest,False,0.0019698143005371094,success
04EEB73A9C4C80,3,"['Santa Anastasia', 'Torre Lamberti', 'Casa Giulietta']",San Fermo,"['Museo Storia', 'Museo Radio', 'Centro Fotografia', 'Arena', 'Sighseeing']",Arena,strategy_nearest,True,0.002747058868408203,success
04EEEF3A9C4C80,1,"['Arena', 'Torre Lamberti']",Palazzo della Ragione,"['AMO', 'Museo Conte', 'Centro Fotografia', 'Sighseeing', 'Santa Anastasia']",Teatro Romano,strategy_nearest,False,0.002717733383178711,success
04EEF23A9C4C80,3,['Arena'],Torre Lamberti,"['Sighseeing', 'Centro Fotografia', 'Museo Conte', 'Casa Giulietta', 'Palazzo della Ragione']",Santa Anastasia,strategy_nearest,False,0.0019829273223876953,success
04EEEA3A9C4C80,3,"['Arena', 'Casa Giulietta']",Duomo,"['AMO', 'Museo Miniscalchi', 'Santa Anastasia', 'Teatro Romano', 'Palazzo della Ragione']",Santa Anastasia,strategy_nearest,True,0.0033206939697265625,success
04EECA3A9C4C80,0,['Arena'],Casa Giulietta,"['Centro Fotografia', 'Sighseeing', 'Torre Lamberti', 'Museo Conte', 'Museo Radio']",Castelvecchio,strategy_nearest,False,0.0016169548034667969,success
04EF03429C4C84,3,"['Torre Lamberti', 'Santa Anastasia']",Arena,"['Verona Tour', 'Museo Lapidario', 'Museo Radio', 'San Fermo', 'Casa Giulietta']",Casa Giulietta,strategy_nearest,True,0.001981973648071289,success
04EEFC429C4C80,3,"['Duomo', 'Arena']",Castelvecchio,"['Museo Lapidario', 'Verona Tour', 'Museo Radio', 'San Zeno', 'Sighseeing']",Teatro Romano,strategy_nearest,False,0.002599000930786133,success
04EEF53A9C4C80,2,"['Santa Anastasia', 'Torre Lamberti']",Teatro Romano,"['Duomo', 'AMO', 'Palazzo della Ragione', 'Museo Conte', 'Centro Fotografia']",Duomo,strategy_nearest,True,0.003422975540161133,success
04EEF33A9C4C80,0,['Santa Anastasia'],Arena,"['Verona Tour', 'Museo Lapidario', 'Museo Radio', 'San Fermo', 'Casa Giulietta']",Casa Giulietta,strategy_nearest,True,0.0015921592712402344,success
04EF0E429C4C84,3,"['Arena', 'Castelvecchio', 'San Fermo']",Museo Storia,"['Museo Radio', 'Casa Giulietta', 'Centro Fotografia', 'Tomba Giulietta', 'Torre Lamberti']",Casa Giulietta,strategy_nearest,True,0.0019881725311279297,success
04EF1A3A9C4C84,0,['Arena'],Torre Lamberti,"['Sighseeing', 'Centro Fotografia', 'Museo Conte', 'Casa Giulietta', 'Palazzo della Ragione']",Casa Giulietta,strategy_nearest,True,0.002864837646484375,success
04EF17429C4C84,3,"['Arena', 'Casa Giulietta']",Santa Anastasia,"['AMO', 'Museo Conte', 'Palazzo della Ragione', 'Teatro Romano', 'Centro Fotografia']",Duomo,strategy_nearest,False,0.002609729766845703,success
04EF15429C4C84,2,['Castelvecchio'],Casa Giulietta,"['Centro Fotografia', 'Sighseeing', 'Torre Lamberti', 'Museo Conte', 'Museo Radio']",Torre Lamberti,strategy_nearest,True,0.0027158260345458984,success
04EF213A9C4C80,3,"['Castelvecchio', 'Arena']",Teatro Romano,"['Santa Anastasia', 'Duomo', 'AMO', 'Palazzo della Ragione', 'Museo Conte']",Giardino Giusti,strategy_nearest,False,0.0034019947052001953,success
04EF37429C4C80,0,['Arena'],Santa Anastasia,"['AMO', 'Museo Conte', 'Palazzo della Ragione', 'Teatro Romano', 'Centro Fotografia']",Casa Giulietta,strategy_nearest,False,0.002132892608642578,success
04EF533A9C4C80,2,['Castelvecchio'],Casa Giulietta,"['Centro Fotografia', 'Sighseeing', 'Torre Lamberti', 'Museo Conte', 'Museo Radio']",Santa Anastasia,strategy_nearest,False,0.003162860870361328,success
04EF44429C4C80,3,"['Arena', 'Castelvecchio']",Santa Anastasia,"['AMO', 'Museo Conte', 'Palazzo della Ragione', 'Teatro Romano', 'Centro Fotografia']",Torre Lamberti,strategy_nearest,False,0.0013780593872070312,success
04EF613A9C4C80,3,"['Arena', 'Casa Giulietta', 'Tomba Giulietta']",San Fermo,"['Museo Storia', 'Museo Radio', 'Centro Fotografia', 'Sighseeing', 'Torre Lamberti']",Teatro Romano,strategy_nearest,False,0.0034308433532714844,success
04EF67429C4C80,2,"['Castelvecchio', 'Casa Giulietta']",Torre Lamberti,"['Sighseeing', 'Centro Fotografia', 'Museo Conte', 'Palazzo della Ragione', 'AMO']",Duomo,strategy_nearest,False,0.0014619827270507812,success
04EF61BA7B3F80,3,"['Museo Lapidario', 'Arena', 'Castelvecchio', 'Casa Giulietta']",San Fermo,"['Museo Storia', 'Museo Radio', 'Centro Fotografia', 'Sighseeing', 'Torre Lamberti']",Santa Anastasia,strategy_nearest,False,0.00215911865234375,success
04EF6D3A9C4C80,3,"['Arena', 'Casa Giulietta']",Castelvecchio,"['Museo Lapidario', 'Verona Tour', 'Museo Radio', 'San Zeno', 'Sighseeing']",San Zeno,strategy_nearest,True,0.0033071041107177734,success
04EF7B3A9C4C80,2,['Castelvecchio'],Casa Giulietta,"['Centro Fotografia', 'Sighseeing', 'Torre Lamberti', 'Museo Conte', 'Museo Radio']",Giardino Giusti,strategy_nearest,False,0.0026807785034179688,success
04EF7E429C4C80,3,"['Arena', 'Torre Lamberti']",Casa Giulietta,"['Centro Fotografia', 'Sighseeing', 'Museo Conte', 'Museo Radio', 'Palazzo della Ragione']",San Fermo,strategy_nearest,False,0.0026209354400634766,success
04EF6D429C4C80,3,"['Arena', 'Casa Giulietta']",San Fermo,"['Museo Storia', 'Museo Radio', 'Centro Fotografia', 'Sighseeing', 'Torre Lamberti']",Santa Anastasia,strategy_nearest,False,0.0018351078033447266,success
04EF7C429C4C80,2,['Casa Giulietta'],Torre Lamberti,"['Sighseeing', 'Centro Fotografia', 'Museo Conte', 'Palazzo della Ragione', 'AMO']",Santa Anastasia,strategy_nearest,False,0.003364086151123047,success
04EF7F429C4C80,3,"['Arena', 'San Fermo']",Casa Giulietta,"['Centro Fotografia', 'Sighseeing', 'Torre Lamberti', 'Museo Conte', 'Museo Radio']",Santa Anastasia,strategy_nearest,False,0.003398895263671875,success
04EF824A9C4C80,1,['Arena'],Casa Giulietta,"['Centro Fotografia', 'Sighseeing', 'Torre Lamberti', 'Museo Conte', 'Museo Radio']",Palazzo della Ragione,strategy_nearest,False,0.0033609867095947266,success
04EF853A9C4C80,0,['Arena'],Castelvecchio,"['Museo Lapidario', 'Verona Tour', 'Museo Radio', 'San Zeno', 'Sighseeing']",Torre Lamberti,strategy_nearest,False,0.0015201568603515625,success
04EF8F429C4C80,3,"['Santa Anastasia', 'Torre Lamberti']",Casa Giulietta,"['Centro Fotografia', 'Sighseeing', 'Museo Conte', 'Museo Radio', 'Palazzo della Ragione']",Tomba Giulietta,strategy_nearest,False,0.003141164779663086,success
04EF984A9C4C80,2,"['Casa Giulietta', 'Museo Lapidario']",Torre Lamberti,"['Sighseeing', 'Centro Fotografia', 'Museo Conte', 'Palazzo della Ragione', 'AMO']",Duomo,strategy_nearest,False,0.002095937728881836,success
04EF9B429C4C80,1,"['Arena', 'Casa Giulietta', 'Santa Anastasia']",Teatro Romano,"['Duomo', 'AMO', 'Palazzo della Ragione', 'Museo Conte', 'Centro Fotografia']",Duomo,strategy_nearest,True,0.0032460689544677734,success
04EF9B4A9C4C80,1,"['Arena', 'Torre Lamberti']",Palazzo della Ragione,"['AMO', 'Museo Conte', 'Centro Fotografia', 'Sighseeing', 'Santa Anastasia']",Santa Anastasia,strategy_nearest,True,0.0013570785522460938,success
04EF944A9C4C80,0,['Casa Giulietta'],Arena,"['Verona Tour', 'Museo Lapidario', 'Museo Radio', 'San Fermo', 'Sighseeing']",Duomo,strategy_nearest,False,0.0027108192443847656,success
04EF9C429C4C80,3,"['Arena', 'Casa Giulietta']",Santa Anastasia,"['AMO', 'Museo Conte', 'Palazzo della Ragione', 'Teatro Romano', 'Centro Fotografia']",Duomo,strategy_nearest,False,0.002780914306640625,success
04EFA53A9C4C80,3,['Arena'],Santa Anastasia,"['AMO', 'Museo Conte', 'Palazzo della Ragione', 'Teatro Romano', 'Centro Fotografia']",Torre Lamberti,strategy_nearest,False,0.0020341873168945312,success
04EFA3429C4C80,0,['Arena'],Casa Giulietta,"['Centro Fotografia', 'Sighseeing', 'Torre Lamberti', 'Museo Conte', 'Museo Radio']",Santa Anastasia,strategy_nearest,False,0.0015141963958740234,success
04EFA14A9C4C80,0,['Arena'],Casa Giulietta,"['Centro Fotografia', 'Sighseeing', 'Torre Lamberti', 'Museo Conte', 'Museo Radio']",Santa Anastasia,strategy_nearest,False,0.003339052200317383,success
04EFA84A9C4C80,1,"['Arena', 'Teatro Romano']",Santa Anastasia,"['AMO', 'Museo Conte', 'Palazzo della Ragione', 'Centro Fotografia', 'Duomo']",Torre Lamberti,strategy_nearest,False,0.002045154571533203,success
04EFA7429C4C80,3,"['Arena', 'Torre Lamberti']",Santa Anastasia,"['AMO', 'Museo Conte', 'Palazzo della Ragione', 'Teatro Romano', 'Centro Fotografia']",Duomo,strategy_nearest,False,0.0034301280975341797,success
04EFA63A9C4C80,0,['Castelvecchio'],Arena,"['Verona Tour', 'Museo Lapidario', 'Museo Radio', 'San Fermo', 'Casa Giulietta']",San Fermo,strategy_nearest,True,0.0016150474548339844,success
04EFAD3A9C4C80,3,"['San Fermo', 'Museo Storia']",Duomo,"['AMO', 'Museo Miniscalchi', 'Santa Anastasia', 'Teatro Romano', 'Palazzo della Ragione']",Casa Giulietta,strategy_nearest,False,0.002628803253173828,success
04EFAD429C4C80,2,['Casa Giulietta'],Castelvecchio,"['Museo Lapidario', 'Verona Tour', 'Arena', 'Museo Radio', 'San Zeno']",Tomba Giulietta,strategy_nearest,False,0.002541065216064453,success
04EFAF3A9C4C80,0,['Arena'],Casa Giulietta,"['Centro Fotografia', 'Sighseeing', 'Torre Lamberti', 'Museo Conte', 'Museo Radio']",Torre Lamberti,strategy_nearest,True,0.0018889904022216797,success
04EFB2429C4C80,3,"['Arena', 'Castelvecchio', 'Santa Anastasia']",Duomo,"['AMO', 'Museo Miniscalchi', 'Teatro Romano', 'Palazzo della Ragione', 'Museo Conte']",Casa Giulietta,strategy_nearest,False,0.0033490657806396484,success
04EFBD429C4C80,1,"['Arena', 'Torre Lamberti', 'Palazzo della Ragione']",Casa Giulietta,"['Centro Fotografia', 'Sighseeing', 'Museo Conte', 'Museo Radio', 'San Fermo']",Santa Anastasia,strategy_nearest,False,0.0026459693908691406,success
04EFC73A9C4C80,0,['Castelvecchio'],Duomo,"['AMO', 'Museo Miniscalchi', 'Santa Anastasia', 'Teatro Romano', 'Palazzo della Ragione']",Torre Lamberti,strategy_nearest,False,0.0032148361206054688,success
04EFC33A9C4C80,2,"['Castelvecchio', 'Teatro Romano']",Duomo,"['AMO', 'Museo Miniscalchi', 'Santa Anastasia', 'Palazzo della Ragione', 'Museo Conte']",Santa Anastasia,strategy_nearest,True,0.003949165344238281,success
04EFC83A9C4C80,3,"['Castelvecchio', 'Arena']",San Fermo,"['Museo Storia', 'Museo Radio', 'Casa Giulietta', 'Centro Fotografia', 'Sighseeing']",Casa Giulietta,strategy_nearest,True,0.0019338130950927734,success
04EFC4429C4C80,3,"['Arena', 'Torre Lamberti']",Santa Anastasia,"['AMO', 'Museo Conte', 'Palazzo della Ragione', 'Teatro Romano', 'Centro Fotografia']",Casa Giulietta,strategy_nearest,False,0.002753019332885742,success
04EFD23A9C4C80,0,['Arena'],Torre Lamberti,"['Sighseeing', 'Centro Fotografia', 'Museo Conte', 'Casa Giulietta', 'Palazzo della Ragione']",Castelvecchio,strategy_nearest,False,0.002210855484008789,success
04EFD5429C4C80,3,"['Arena', 'San Fermo']",Duomo,"['AMO', 'Museo Miniscalchi', 'Santa Anastasia', 'Teatro Romano', 'Palazzo della Ragione']",Casa Giulietta,strategy_nearest,False,0.0027561187744140625,success
04EFE93A9C4C80,3,"['Arena', 'Castelvecchio', 'Casa Giulietta']",Torre Lamberti,"['Sighseeing', 'Centro Fotografia', 'Museo Conte', 'Palazzo della Ragione', 'AMO']",Santa Anastasia,strategy_nearest,False,0.0014789104461669922,success
04EFD4429C4C80,3,"['Casa Giulietta', 'Torre Lamberti', 'Santa Anastasia']",Arena,"['Verona Tour', 'Museo Lapidario', 'Museo Radio', 'San Fermo', 'Sighseeing']",Castelvecchio,strategy_nearest,False,0.0034058094024658203,success
04EFF53A9C4C80,0,['Casa Giulietta'],Arena,"['Verona Tour', 'Museo Lapidario', 'Museo Radio', 'San Fermo', 'Sighseeing']",Tomba Giulietta,strategy_nearest,False,0.0014383792877197266,success
04EFF63A9C4C80,0,['Arena'],Teatro Romano,"['Santa Anastasia', 'Duomo', 'AMO', 'Palazzo della Ragione', 'Museo Conte']",Torre Lamberti,strategy_nearest,False,0.0028040409088134766,success
04EFF8429C4C80,3,"['Arena', 'Casa Giulietta']",Castelvecchio,"['Museo Lapidario', 'Verona Tour', 'Museo Radio', 'San Zeno', 'Sighseeing']",Santa Anastasia,strategy_nearest,False,0.0020329952239990234,success
04F0013A9C4C84,3,"['Castelvecchio', 'Arena', 'Tomba Giulietta']",San Fermo,"['Museo Storia', 'Museo Radio', 'Casa Giulietta', 'Centro Fotografia', 'Sighseeing']",Casa Giulietta,strategy_nearest,True,0.0033059120178222656,success
04F014429C4C84,0,['Casa Giulietta'],Arena,"['Verona Tour', 'Museo Lapidario', 'Museo Radio', 'San Fermo', 'Sighseeing']",Castelvecchio,strategy_nearest,False,0.004572868347167969,success
04F03A4A9C4C80,2,"['Castelvecchio', 'Teatro Romano']",Museo Lapidario,"['Verona Tour', 'Arena', 'Museo Radio', 'San Fermo', 'Casa Giulietta']",Giardino Giusti,strategy_nearest,False,0.0025551319122314453,success
04F033429C4C80,3,"['Arena', 'Castelvecchio']",Duomo,"['AMO', 'Museo Miniscalchi', 'Santa Anastasia', 'Teatro Romano', 'Palazzo della Ragione']",Santa Anastasia,strategy_nearest,True,0.002070188522338867,success
04F02A4A9C4C80,3,"['Arena', 'Casa Giulietta', 'Torre Lamberti']",Santa Anastasia,"['AMO', 'Museo Conte', 'Palazzo della Ragione', 'Teatro Romano', 'Centro Fotografia']",Duomo,strategy_nearest,False,0.002683877944946289,success
04F045429C4C80,0,['Casa Giulietta'],Arena,"['Verona Tour', 'Museo Lapidario', 'Museo Radio', 'San Fermo', 'Sighseeing']",Castelvecchio,strategy_nearest,False,0.0019648075103759766,success
04F044429C4C80,1,['Arena'],Palazzo della Ragione,"['AMO', 'Museo Conte', 'Torre Lamberti', 'Centro Fotografia', 'Sighseeing']",Casa Giulietta,strategy_nearest,False,0.0014789104461669922,success
04F03D4A9C4C80,2,"['Castelvecchio', 'San Zeno']",Duomo,"['AMO', 'Museo Miniscalchi', 'Santa Anastasia', 'Teatro Romano', 'Palazzo della Ragione']",Santa Anastasia,strategy_nearest,True,0.0027098655700683594,success
04F03D429C4C80,3,"['Teatro Romano', 'Duomo']",Duomo,"['AMO', 'Museo Miniscalchi', 'Santa Anastasia', 'Palazzo della Ragione', 'Museo Conte']",Torre Lamberti,strategy_nearest,False,0.003370046615600586,success
04F04F429C4C80,0,"['Arena', 'Castelvecchio']",Torre Lamberti,"['Sighseeing', 'Centro Fotografia', 'Museo Conte', 'Casa Giulietta', 'Palazzo della Ragione']",Casa Giulietta,strategy_nearest,True,0.0013489723205566406,success
04F04A3A9C4C80,3,"['Castelvecchio', 'Tomba Giulietta', 'Museo Storia', 'San Fermo']",Arena,"['Verona Tour', 'Museo Lapidario', 'Museo Radio', 'Casa Giulietta', 'Sighseeing']",Casa Giulietta,strategy_nearest,True,0.0033371448516845703,success
04F046429C4C80,0,['Casa Giulietta'],Arena,"['Verona Tour', 'Museo Lapidario', 'Museo Radio', 'San Fermo', 'Sighseeing']",Torre Lamberti,strategy_nearest,False,0.0033478736877441406,success
04F0513A9C4C80,0,"['Castelvecchio', 'Torre Lamberti']",Arena,"['Verona Tour', 'Museo Lapidario', 'Museo Radio', 'San Fermo', 'Casa Giulietta']",Teatro Romano,strategy_nearest,False,0.0032918453216552734,success
04F0713A9C4C80,3,['Arena'],Santa Anastasia,"['AMO', 'Museo Conte', 'Palazzo della Ragione', 'Teatro Romano', 'Centro Fotografia']",Duomo,strategy_nearest,False,0.0017819404602050781,success
04F05B429C4C80,2,"['Museo Lapidario', 'Castelvecchio']",Teatro Romano,"['Santa Anastasia', 'Duomo', 'AMO', 'Palazzo della Ragione', 'Museo Conte']",Duomo,strategy_nearest,True,0.0024471282958984375,success
04F077429C4C80,3,['Arena'],Casa Giulietta,"['Centro Fotografia', 'Sighseeing', 'Torre Lamberti', 'Museo Conte', 'Museo Radio']",Santa Anastasia,strategy_nearest,False,0.0024671554565429688,success
04F0793A9C4C80,3,['Arena'],Santa Anastasia,"['AMO', 'Museo Conte', 'Palazzo della Ragione', 'Teatro Romano', 'Centro Fotografia']",Duomo,strategy_nearest,False,0.004036903381347656,success
04F07A4A9C4C80,0,"['Torre Lamberti', 'Casa Giulietta']",Giardino Giusti,"['Santa Anastasia', 'Teatro Romano', 'Museo Conte', 'Centro Fotografia', 'Museo Storia']",Arena,strategy_nearest,False,0.003271818161010742,success
04F07A429C4C80,2,['Museo Lapidario'],Casa Giulietta,"['Centro Fotografia', 'Sighseeing', 'Torre Lamberti', 'Museo Conte', 'Museo Radio']",Santa Anastasia,strategy_nearest,False,0.002750873565673828,success
04F07F429C4C80,0,['Casa Giulietta'],Torre Lamberti,"['Sighseeing', 'Centro Fotografia', 'Museo Conte', 'Palazzo della Ragione', 'AMO']",Arena,strategy_nearest,False,0.002907991409301758,success
04F08C3A9C4C80,0,['Arena'],Teatro Romano,"['Santa Anastasia', 'Duomo', 'AMO', 'Palazzo della Ragione', 'Museo Conte']",Duomo,strategy_nearest,True,0.0018460750579833984,success
04F0914A9C4C80,3,['Arena'],Teatro Romano,"['Santa Anastasia', 'Duomo', 'AMO', 'Palazzo della Ragione', 'Museo Conte']",Santa Anastasia,strategy_nearest,True,0.002113819122314453,success
04F080429C4C80,3,"['Casa Giulietta', 'Duomo', 'Arena']",Museo Lapidario,"['Verona Tour', 'Castelvecchio', 'Museo Radio', 'San Fermo', 'Tomba Giulietta']",Castelvecchio,strategy_nearest,True,0.004140138626098633,success
04F0944A9C4C80,6,"['Casa Giulietta', 'Torre Lamberti']",Duomo,"['AMO', 'Museo Miniscalchi', 'Santa Anastasia', 'Teatro Romano', 'Palazzo della Ragione']",Verona Tour,strategy_nearest,False,0.0031647682189941406,success
04F09A429C4C80,0,['Arena'],Santa Anastasia,"['AMO', 'Museo Conte', 'Palazzo della Ragione', 'Teatro Romano', 'Centro Fotografia']",Castelvecchio,strategy_nearest,False,0.002118825912475586,success
04F0A54A9C4C80,3,['Arena'],Casa Giulietta,"['Centro Fotografia', 'Sighseeing', 'Torre Lamberti', 'Museo Conte', 'Museo Radio']",Torre Lamberti,strategy_nearest,True,0.001394033432006836,success
04F0A5429C4C80,3,"['Arena', 'Casa Giulietta']",San Fermo,"['Museo Storia', 'Museo Radio', 'Centro Fotografia', 'Sighseeing', 'Torre Lamberti']",Torre Lamberti,strategy_nearest,True,0.003000020980834961,success
04F0AB4A9C4C80,0,['Casa Giulietta'],Arena,"['Verona Tour', 'Museo Lapidario', 'Museo Radio', 'San Fermo', 'Sighseeing']",Tomba Giulietta,strategy_nearest,False,0.003686189651489258,success
04F0B3429C4C80,1,['Arena'],Casa Giulietta,"['Centro Fotografia', 'Sighseeing', 'Torre Lamberti', 'Museo Conte', 'Museo Radio']",Palazzo della Ragione,strategy_nearest,False,0.0017671585083007812,success
04F0BB3A9C4C80,3,"['Arena', 'Castelvecchio']",Casa Giulietta,"['Centro Fotografia', 'Sighseeing', 'Torre Lamberti', 'Museo Conte', 'Museo Radio']",Santa Anastasia,strategy_nearest,False,0.0026412010192871094,success
04F0C1429C4C80,3,"['Castelvecchio', 'Arena']",Casa Giulietta,"['Centro Fotografia', 'Sighseeing', 'Torre Lamberti', 'Museo Conte', 'Museo Radio']",Torre Lamberti,strategy_nearest,True,0.0026102066040039062,success
04F0C4429C4C80,0,"['Arena', 'Tomba Giulietta']",San Fermo,"['Museo Storia', 'Museo Radio', 'Casa Giulietta', 'Centro Fotografia', 'Sighseeing']",Casa Giulietta,strategy_nearest,True,0.002611875534057617,success
04F0C7429C4C80,3,"['Casa Giulietta', 'Torre Lamberti']",Santa Anastasia,"['AMO', 'Museo Conte', 'Palazzo della Ragione', 'Teatro Romano', 'Centro Fotografia']",Teatro Romano,strategy_nearest,True,0.003690958023071289,success
04F0C53A9C4C80,3,"['Arena', 'Torre Lamberti']",Santa Anastasia,"['AMO', 'Museo Conte', 'Palazzo della Ragione', 'Teatro Romano', 'Centro Fotografia']",Duomo,strategy_nearest,False,0.0026171207427978516,success
04F0CB3A9C4C80,0,['Arena'],Casa Giulietta,"['Centro Fotografia', 'Sighseeing', 'Torre Lamberti', 'Museo Conte', 'Museo Radio']",Torre Lamberti,strategy_nearest,True,0.001970052719116211,success
04F0C83A9C4C80,3,"['Arena', 'Castelvecchio']",San Zeno,"['Verona Tour', 'Museo Lapidario', 'Museo Miniscalchi', 'Sighseeing', 'Museo Radio']",Teatro Romano,strategy_nearest,False,0.003358125686645508,success
04F0D6429C4C80,3,"['Arena', 'San Fermo', 'Castelvecchio']",San Zeno,"['Verona Tour', 'Museo Lapidario', 'Museo Miniscalchi', 'Sighseeing', 'Museo Radio']",Santa Anastasia,strategy_nearest,False,0.003287792205810547,success
04F0D03A9C4C80,2,['Casa Giulietta'],Torre Lamberti,"['Sighseeing', 'Centro Fotografia', 'Museo Conte', 'Palazzo della Ragione', 'AMO']",Castelvecchio,strategy_nearest,False,0.0027751922607421875,success
04F0CE3A9C4C80,0,['Arena'],Casa Giulietta,"['Centro Fotografia', 'Sighseeing', 'Torre Lamberti', 'Museo Conte', 'Museo Radio']",Teatro Romano,strategy_nearest,False,0.0022208690643310547,success
04F0D13A9C4C80,2,['Casa Giulietta'],Torre Lamberti,"['Sighseeing', 'Centro Fotografia', 'Museo Conte', 'Palazzo della Ragione', 'AMO']",Santa Anastasia,strategy_nearest,False,0.0015196800231933594,success
04F0D93A9C4C80,0,"['Duomo', 'Castelvecchio']",Arena,"['Verona Tour', 'Museo Lapidario', 'Museo Radio', 'San Fermo', 'Casa Giulietta']",Casa Giulietta,strategy_nearest,True,0.002254962921142578,success
04F0EF3A9C4C80,0,['Arena'],Casa Giulietta,"['Centro Fotografia', 'Sighseeing', 'Torre Lamberti', 'Museo Conte', 'Museo Radio']",Torre Lamberti,strategy_nearest,True,0.0014028549194335938,success
04F0EB429C4C80,3,"['Castelvecchio', 'Arena']",San Fermo,"['Museo Storia', 'Museo Radio', 'Casa Giulietta', 'Centro Fotografia', 'Sighseeing']",Santa Anastasia,strategy_nearest,False,0.0033233165740966797,success
04F0EA3A9C4C80,0,['Arena'],Casa Giulietta,"['Centro Fotografia', 'Sighseeing', 'Torre Lamberti', 'Museo Conte', 'Museo Radio']",Tomba Giulietta,strategy_nearest,False,0.0027570724487304688,success
04F0F7429C4C80,0,"['Arena', 'Torre Lamberti']",Casa Giulietta,"['Centro Fotografia', 'Sighseeing', 'Museo Conte', 'Museo Radio', 'Palazzo della Ragione']",Duomo,strategy_nearest,False,0.0015649795532226562,success
04F10E429C4C84,0,['Arena'],Casa Giulietta,"['Centro Fotografia', 'Sighseeing', 'Torre Lamberti', 'Museo Conte', 'Museo Radio']",Duomo,strategy_nearest,False,0.0026760101318359375,success
04F0F63A9C4C80,0,['Casa Giulietta'],Arena,"['Verona Tour', 'Museo Lapidario', 'Museo Radio', 'San Fermo', 'Sighseeing']",Castelvecchio,strategy_nearest,False,0.0021822452545166016,success
04F0F03A9C4C80,3,"['Teatro Romano', 'Duomo']",Arena,"['Verona Tour', 'Museo Lapidario', 'Museo Radio', 'San Fermo', 'Casa Giulietta']",Torre Lamberti,strategy_nearest,False,0.003470897674560547,success
04F113429C4C84,0,['Casa Giulietta'],Arena,"['Verona Tour', 'Museo Lapidario', 'Museo Radio', 'San Fermo', 'Sighseeing']",Tomba Giulietta,strategy_nearest,False,0.0039522647857666016,success
04F10F429C4C84,2,"['Tomba Giulietta', 'San Fermo']",Torre Lamberti,"['Sighseeing', 'Centro Fotografia', 'Museo Conte', 'Casa Giulietta', 'Palazzo della Ragione']",Teatro Romano,strategy_nearest,False,0.002780914306640625,success
04F11C3A9C4C80,0,"['Casa Giulietta', 'Arena']",Giardino Giusti,"['Santa Anastasia', 'Teatro Romano', 'Museo Conte', 'Centro Fotografia', 'Museo Storia']",Duomo,strategy_nearest,False,0.0026090145111083984,success
04F11B429C4C84,0,['Torre Lamberti'],Arena,"['Verona Tour', 'Museo Lapidario', 'Museo Radio', 'San Fermo', 'Casa Giulietta']",Castelvecchio,strategy_nearest,False,0.0015170574188232422,success
04F1254A9C4C80,0,['Castelvecchio'],Arena,"['Verona Tour', 'Museo Lapidario', 'Museo Radio', 'San Fermo', 'Casa Giulietta']",Casa Giulietta,strategy_nearest,True,0.0021829605102539062,success
04F12D429C4C80,0,['Arena'],Casa Giulietta,"['Centro Fotografia', 'Sighseeing', 'Torre Lamberti', 'Museo Conte', 'Museo Radio']",Santa Anastasia,strategy_nearest,False,0.0015680789947509766,success
04F12E3A9C4C80,1,"['Arena', 'San Zeno', 'Castelvecchio']",Palazzo della Ragione,"['AMO', 'Museo Conte', 'Torre Lamberti', 'Centro Fotografia', 'Sighseeing']",Duomo,strategy_nearest,False,0.003465890884399414,success
04F12E4A9C4C80,1,"['Arena', 'Torre Lamberti', 'Palazzo della Ragione', 'Santa Anastasia']",Duomo,"['AMO', 'Museo Miniscalchi', 'Teatro Romano', 'Museo Conte', 'Centro Fotografia']",Museo Lapidario,strategy_nearest,False,0.0026311874389648438,success
04F13F429C4C80,3,['Arena'],Duomo,"['AMO', 'Museo Miniscalchi', 'Santa Anastasia', 'Teatro Romano', 'Palazzo della Ragione']",Santa Anastasia,strategy_nearest,True,0.0012519359588623047,success
04F1343A9C4C80,2,['Teatro Romano'],Santa Anastasia,"['AMO', 'Museo Conte', 'Palazzo della Ragione', 'Centro Fotografia', 'Duomo']",Torre Lamberti,strategy_nearest,False,0.0037949085235595703,success
04F13C3A9C4C80,1,"['Casa Giulietta', 'Giardino Giusti', 'Torre Lamberti', 'Palazzo della Ragione', 'San Fermo']",Museo Storia,"['Museo Radio', 'Centro Fotografia', 'Tomba Giulietta', 'Arena', 'Sighseeing']",Castelvecchio,strategy_nearest,False,0.002568960189819336,success
04F143429C4C80,1,"['Teatro Romano', 'Casa Giulietta', 'Palazzo della Ragione', 'San Zeno']",Castelvecchio,"['Museo Lapidario', 'Verona Tour', 'Arena', 'Museo Radio', 'Sighseeing']",Museo Lapidario,strategy_nearest,True,0.0033190250396728516,success
04F1463A9C4C80,3,"['Arena', 'Duomo', 'Torre Lamberti']",Casa Giulietta,"['Centro Fotografia', 'Sighseeing', 'Museo Conte', 'Museo Radio', 'Palazzo della Ragione']",San Fermo,strategy_nearest,False,0.001627206802368164,success
04F15E3A9C4C80,1,"['Castelvecchio', 'Palazzo della Ragione', 'Torre Lamberti', 'Santa Anastasia']",Duomo,"['AMO', 'Museo Miniscalchi', 'Teatro Romano', 'Museo Conte', 'Centro Fotografia']",Teatro Romano,strategy_nearest,True,0.0026018619537353516,success
04F1623A9C4C80,3,"['Duomo', 'Santa Anastasia']",San Fermo,"['Museo Storia', 'Museo Radio', 'Casa Giulietta', 'Centro Fotografia', 'Arena']",Arena,strategy_nearest,True,0.0024628639221191406,success
04F174429C4C80,3,"['Casa Giulietta', 'Arena', 'Torre Lamberti']",Santa Anastasia,"['AMO', 'Museo Conte', 'Palazzo della Ragione', 'Teatro Romano', 'Centro Fotografia']",Duomo,strategy_nearest,False,0.0024199485778808594,success
04F16F3A9C4C80,2,"['San Zeno', 'Castelvecchio', 'San Fermo']",Casa Giulietta,"['Centro Fotografia', 'Sighseeing', 'Torre Lamberti', 'Museo Conte', 'Museo Radio']",Torre Lamberti,strategy_nearest,True,0.004211902618408203,success
04F179429C4C80,0,"['Casa Giulietta', 'Arena']",Teatro Romano,"['Santa Anastasia', 'Duomo', 'AMO', 'Palazzo della Ragione', 'Museo Conte']",Duomo,strategy_nearest,True,0.0033190250396728516,success
04F184429C4C80,1,['Arena'],Torre Lamberti,"['Sighseeing', 'Centro Fotografia', 'Museo Conte', 'Casa Giulietta', 'Palazzo della Ragione']",Palazzo della Ragione,strategy_nearest,True,0.002962350845336914,success
04F17C3A9C4C80,3,"['Arena', 'Casa Giulietta', 'Torre Lamberti']",Santa Anastasia,"['AMO', 'Museo Conte', 'Palazzo della Ragione', 'Teatro Romano', 'Centro Fotografia']",Teatro Romano,strategy_nearest,True,0.002969026565551758,success
04F1843A9C4C80,0,['Tomba Giulietta'],Casa Giulietta,"['Centro Fotografia', 'Sighseeing', 'Torre Lamberti', 'Museo Conte', 'Museo Radio']",Arena,strategy_nearest,False,0.002405881881713867,success
04F1853A9C4C80,3,"['Arena', 'Casa Giulietta']",Torre Lamberti,"['Sighseeing', 'Centro Fotografia', 'Museo Conte', 'Palazzo della Ragione', 'AMO']",Teatro Romano,strategy_nearest,False,0.0022220611572265625,success
04F186429C4C80,0,['Arena'],Castelvecchio,"['Museo Lapidario', 'Verona Tour', 'Museo Radio', 'San Zeno', 'Sighseeing']",San Zeno,strategy_nearest,True,0.003345966339111328,success
04F187429C4C80,3,"['Casa Giulietta', 'Torre Lamberti', 'Teatro Romano']",Duomo,"['AMO', 'Museo Miniscalchi', 'Santa Anastasia', 'Palazzo della Ragione', 'Museo Conte']",Santa Anastasia,strategy_nearest,True,0.0021209716796875,success
04F1894A9C4C80,3,"['Museo Lapidario', 'Arena', 'Torre Lamberti']",Giardino Giusti,"['Santa Anastasia', 'Teatro Romano', 'Museo Conte', 'Centro Fotografia', 'Museo Storia']",Teatro Romano,strategy_nearest,True,0.002686023712158203,success
04F18B3A9C4C80,3,"['Arena', 'Casa Giulietta']",Torre Lamberti,"['Sighseeing', 'Centro Fotografia', 'Museo Conte', 'Palazzo della Ragione', 'AMO']",Santa Anastasia,strategy_nearest,False,0.0028901100158691406,success
04F197429C4C80,0,['Arena'],Casa Giulietta,"['Centro Fotografia', 'Sighseeing', 'Torre Lamberti', 'Museo Conte', 'Museo Radio']",Santa Anastasia,strategy_nearest,False,0.002706766128540039,success
04F18E4A9C4C80,1,"['Arena', 'Torre Lamberti']",Palazzo della Ragione,"['AMO', 'Museo Conte', 'Centro Fotografia', 'Sighseeing', 'Santa Anastasia']",Santa Anastasia,strategy_nearest,True,0.0020971298217773438,success
04F192429C4C80,1,"['Arena', 'Palazzo della Ragione', 'Torre Lamberti']",Teatro Romano,"['Santa Anastasia', 'Duomo', 'AMO', 'Museo Conte', 'Centro Fotografia']",Duomo,strategy_nearest,True,0.003339052200317383,success
04F1974A9C4C80,1,['Arena'],Santa Anastasia,"['AMO', 'Museo Conte', 'Palazzo della Ragione', 'Teatro Romano', 'Centro Fotografia']",Duomo,strategy_nearest,False,0.0033829212188720703,success
04F1A8429C4C80,2,['San Fermo'],Santa Anastasia,"['AMO', 'Museo Conte', 'Palazzo della Ragione', 'Teatro Romano', 'Centro Fotografia']",Duomo,strategy_nearest,False,0.0028679370880126953,success
04F19B4A9C4C80,0,['Arena'],Casa Giulietta,"['Centro Fotografia', 'Sighseeing', 'Torre Lamberti', 'Museo Conte', 'Museo Radio']",Santa Anastasia,strategy_nearest,False,0.0023391246795654297,success
04F1A73A9C4C80,0,['Arena'],Casa Giulietta,"['Centro Fotografia', 'Sighseeing', 'Torre Lamberti', 'Museo Conte', 'Museo Radio']",Torre Lamberti,strategy_nearest,True,0.003606081008911133,success
04F1AA429C4C80,3,['Arena'],Casa Giulietta,"['Centro Fotografia', 'Sighseeing', 'Torre Lamberti', 'Museo Conte', 'Museo Radio']",Torre Lamberti,strategy_nearest,True,0.001760244369506836,success
04F1AC3A9C4C80,0,['Arena'],Casa Giulietta,"['Centro Fotografia', 'Sighseeing', 'Torre Lamberti', 'Museo Conte', 'Museo Radio']",Santa Anastasia,strategy_nearest,False,0.002562999725341797,success
04F1A93A9C4C80,3,"['Arena', 'Museo Lapidario', 'Casa Giulietta']",Torre Lamberti,"['Sighseeing', 'Centro Fotografia', 'Museo Conte', 'Palazzo della Ragione', 'AMO']",Santa Anastasia,strategy_nearest,False,0.0037949085235595703,success
04F1B33A9C4C80,2,"['Castelvecchio', 'Castelvecchio', 'Tomba Giulietta']",San Fermo,"['Museo Storia', 'Museo Radio', 'Casa Giulietta', 'Centro Fotografia', 'Arena']",Santa Anastasia,strategy_nearest,False,0.0026061534881591797,success
04F1B63A9C4C80,2,['Casa Giulietta'],Torre Lamberti,"['Sighseeing', 'Centro Fotografia', 'Museo Conte', 'Palazzo della Ragione', 'AMO']",Castelvecchio,strategy_nearest,False,0.0026569366455078125,success
04F1BF3A9C4C80,3,"['Arena', 'Museo Lapidario', 'Tomba Giulietta', 'Castelvecchio']",San Zeno,"['Verona Tour', 'Museo Miniscalchi', 'Sighseeing', 'Museo Radio', 'Torre Lamberti']",Duomo,strategy_nearest,False,0.0031189918518066406,success
04F1AE3A9C4C80,2,['Casa Giulietta'],Palazzo della Ragione,"['AMO', 'Museo Conte', 'Torre Lamberti', 'Centro Fotografia', 'Sighseeing']",Torre Lamberti,strategy_nearest,True,0.003606081008911133,success
04F1ED429C4C80,3,"['Arena', 'Santa Anastasia']",Teatro Romano,"['Duomo', 'AMO', 'Palazzo della Ragione', 'Museo Conte', 'Centro Fotografia']",San Zeno,strategy_nearest,False,0.0025742053985595703,success
04F1CC3A9C4C80,1,"['Castelvecchio', 'Arena']",Casa Giulietta,"['Centro Fotografia', 'Sighseeing', 'Torre Lamberti', 'Museo Conte', 'Museo Radio']",Palazzo della Ragione,strategy_nearest,False,0.0028150081634521484,success
04F1D03A9C4C80,3,"['Torre Lamberti', 'Arena']",Castelvecchio,"['Museo Lapidario', 'Verona Tour', 'Museo Radio', 'San Zeno', 'Sighseeing']",Duomo,strategy_nearest,False,0.001438140869140625,success
04F1CD429C4C80,2,"['Teatro Romano', 'San Fermo']",San Zeno,"['Castelvecchio', 'Verona Tour', 'Museo Lapidario', 'Arena', 'Museo Miniscalchi']",Torre Lamberti,strategy_nearest,False,0.004006147384643555,success
04F1F83A9C4C80,3,"['Arena', 'Castelvecchio']",San Zeno,"['Verona Tour', 'Museo Lapidario', 'Museo Miniscalchi', 'Sighseeing', 'Museo Radio']",Casa Giulietta,strategy_nearest,False,0.002099275588989258,success
04F1FE3A9C4C80,3,"['Arena', 'Casa Giulietta']",Santa Anastasia,"['AMO', 'Museo Conte', 'Palazzo della Ragione', 'Teatro Romano', 'Centro Fotografia']",Duomo,strategy_nearest,False,0.002583026885986328,success
04F1F93A9C4C80,3,['Arena'],Torre Lamberti,"['Sighseeing', 'Centro Fotografia', 'Museo Conte', 'Casa Giulietta', 'Palazzo della Ragione']",Casa Giulietta,strategy_nearest,True,0.003313779830932617,success
04F1F73A9C4C80,0,['Arena'],Museo Lapidario,"['Verona Tour', 'Castelvecchio', 'Museo Radio', 'San Fermo', 'Casa Giulietta']",Castelvecchio,strategy_nearest,True,0.0021491050720214844,success
04F205429C4C84,0,"['Casa Giulietta', 'Torre Lamberti']",Arena,"['Verona Tour', 'Museo Lapidario', 'Museo Radio', 'San Fermo', 'Sighseeing']",Castelvecchio,strategy_nearest,False,0.0033838748931884766,success
04F212429C4C84,0,['Arena'],Casa Giulietta,"['Centro Fotografia', 'Sighseeing', 'Torre Lamberti', 'Museo Conte', 'Museo Radio']",Castelvecchio,strategy_nearest,False,0.001461029052734375,success
04F2253A9C4C80,1,"['Arena', 'Casa Giulietta', 'Palazzo della Ragione']",Torre Lamberti,"['Sighseeing', 'Centro Fotografia', 'Museo Conte', 'AMO', 'Museo Miniscalchi']",Santa Anastasia,strategy_nearest,False,0.0026459693908691406,success
04F228429C4C80,1,"['Torre Lamberti', 'Palazzo della Ragione', 'Casa Giulietta']",Santa Anastasia,"['AMO', 'Museo Conte', 'Teatro Romano', 'Centro Fotografia', 'Duomo']",Arena,strategy_nearest,False,0.003332853317260742,success
04F22C429C4C80,3,"['Casa Giulietta', 'Santa Anastasia', 'Duomo']",Teatro Romano,"['AMO', 'Palazzo della Ragione', 'Museo Conte', 'Centro Fotografia', 'Museo Miniscalchi']",San Zeno,strategy_nearest,False,0.0024220943450927734,success
04F232429C4C80,0,['Arena'],Castelvecchio,"['Museo Lapidario', 'Verona Tour', 'Museo Radio', 'San Zeno', 'Sighseeing']",Casa Giulietta,strategy_nearest,False,0.001810312271118164,success
04F24C429C4C80,3,"['San Fermo', 'Santa Anastasia']",Arena,"['Verona Tour', 'Museo Lapidario', 'Museo Radio', 'Casa Giulietta', 'Sighseeing']",Castelvecchio,strategy_nearest,False,0.0019981861114501953,success
04F23F429C4C80,3,['Arena'],Duomo,"['AMO', 'Museo Miniscalchi', 'Santa Anastasia', 'Teatro Romano', 'Palazzo della Ragione']",Santa Anastasia,strategy_nearest,True,0.0035581588745117188,success
04F253429C4C80,3,"['Santa Anastasia', 'Duomo', 'Torre Lamberti']",Casa Giulietta,"['Centro Fotografia', 'Sighseeing', 'Museo Conte', 'Museo Radio', 'Palazzo della Ragione']",San Zeno,strategy_nearest,False,0.002568960189819336,success
04F241429C4C80,0,['Arena'],Casa Giulietta,"['Centro Fotografia', 'Sighseeing', 'Torre Lamberti', 'Museo Conte', 'Museo Radio']",Torre Lamberti,strategy_nearest,True,0.004624128341674805,success
04F2573A9C4C80,0,['Arena'],Casa Giulietta,"['Centro Fotografia', 'Sighseeing', 'Torre Lamberti', 'Museo Conte', 'Museo Radio']",Torre Lamberti,strategy_nearest,True,0.0033659934997558594,success
04F26D3A9C4C80,2,"['Casa Giulietta', 'Teatro Romano']",Santa Anastasia,"['AMO', 'Museo Conte', 'Palazzo della Ragione', 'Centro Fotografia', 'Duomo']",Palazzo della Ragione,strategy_nearest,True,0.0015797615051269531,success
04F274429C4C80,1,"['Arena', 'Casa Giulietta', 'Torre Lamberti', 'Palazzo della Ragione']",Duomo,"['AMO', 'Museo Miniscalchi', 'Santa Anastasia', 'Teatro Romano', 'Museo Conte']",Teatro Romano,strategy_nearest,True,0.0032148361206054688,success
04F271429C4C80,3,['Santa Anastasia'],Casa Giulietta,"['Centro Fotografia', 'Sighseeing', 'Torre Lamberti', 'Museo Conte', 'Museo Radio']",Arena,strategy_nearest,False,0.002766132354736328,success
04F288429C4C80,3,['Arena'],Santa Anastasia,"['AMO', 'Museo Conte', 'Palazzo della Ragione', 'Teatro Romano', 'Centro Fotografia']",Casa Giulietta,strategy_nearest,False,0.002022981643676758,success
04F286429C4C80,2,['Casa Giulietta'],Santa Anastasia,"['AMO', 'Museo Conte', 'Palazzo della Ragione', 'Teatro Romano', 'Centro Fotografia']",Duomo,strategy_nearest,False,0.0033130645751953125,success
04F279429C4C80,0,['Arena'],Museo Lapidario,"['Verona Tour', 'Castelvecchio', 'Museo Radio', 'San Fermo', 'Casa Giulietta']",Casa Giulietta,strategy_nearest,True,0.0027000904083251953,success
04F278429C4C80,3,"['Arena', 'San Fermo']",Teatro Romano,"['Santa Anastasia', 'Duomo', 'AMO', 'Palazzo della Ragione', 'Museo Conte']",Santa Anastasia,strategy_nearest,True,0.002772808074951172,success
04F28C429C4C80,3,"['Arena', 'Casa Giulietta']",Torre Lamberti,"['Sighseeing', 'Centro Fotografia', 'Museo Conte', 'Palazzo della Ragione', 'AMO']",Santa Anastasia,strategy_nearest,False,0.0032629966735839844,success
04F299429C4C80,0,['Arena'],Castelvecchio,"['Museo Lapidario', 'Verona Tour', 'Museo Radio', 'San Zeno', 'Sighseeing']",Tomba Giulietta,strategy_nearest,False,0.0023758411407470703,success
04F294429C4C80,3,"['Castelvecchio', 'Santa Anastasia']",Duomo,"['AMO', 'Museo Miniscalchi', 'Teatro Romano', 'Palazzo della Ragione', 'Museo Conte']",Casa Giulietta,strategy_nearest,False,0.0033359527587890625,success
04F2984A9C4C80,0,['Arena'],Teatro Romano,"['Santa Anastasia', 'Duomo', 'AMO', 'Palazzo della Ragione', 'Museo Conte']",Castelvecchio,strategy_nearest,False,0.001402139663696289,success
04F2A44A9C4C80,0,['Castelvecchio'],Arena,"['Verona Tour', 'Museo Lapidario', 'Museo Radio', 'San Fermo', 'Casa Giulietta']",Casa Giulietta,strategy_nearest,True,0.0014138221740722656,success
04F2A0429C4C80,3,['Arena'],Castelvecchio,"['Museo Lapidario', 'Verona Tour', 'Museo Radio', 'San Zeno', 'Sighseeing']",Santa Anastasia,strategy_nearest,False,0.004586935043334961,success
04F2A04A9C4C80,3,"['Arena', 'Museo Lapidario', 'Castelvecchio', 'Duomo']",Santa Anastasia,"['AMO', 'Museo Conte', 'Palazzo della Ragione', 'Teatro Romano', 'Centro Fotografia']",Torre Lamberti,strategy_nearest,False,0.0033578872680664062,success
04F2A34A9C4C80,3,"['Arena', 'San Fermo', 'Tomba Giulietta']",Torre Lamberti,"['Sighseeing', 'Centro Fotografia', 'Museo Conte', 'Casa Giulietta', 'Palazzo della Ragione']",Casa Giulietta,strategy_nearest,True,0.002044200897216797,success
04F2A7429C4C80,0,['Arena'],Casa Giulietta,"['Centro Fotografia', 'Sighseeing', 'Torre Lamberti', 'Museo Conte', 'Museo Radio']",Torre Lamberti,strategy_nearest,True,0.0032258033752441406,success
04F2AE3A9C4C80,2,"['Castelvecchio', 'Torre Lamberti']",Palazzo della Ragione,"['AMO', 'Museo Conte', 'Centro Fotografia', 'Sighseeing', 'Santa Anastasia']",Casa Giulietta,strategy_nearest,False,0.0019638538360595703,success
04F2AD429C4C80,0,['Arena'],Casa Giulietta,"['Centro Fotografia', 'Sighseeing', 'Torre Lamberti', 'Museo Conte', 'Museo Radio']",Torre Lamberti,strategy_nearest,True,0.0014190673828125,success
04F2A5429C4C80,0,['Torre Lamberti'],Arena,"['Verona Tour', 'Museo Lapidario', 'Museo Radio', 'San Fermo', 'Casa Giulietta']",Casa Giulietta,strategy_nearest,True,0.002663135528564453,success
04F2B4429C4C80,2,['Casa Giulietta'],Tomba Giulietta,"['San Fermo', 'Museo Storia', 'Arena', 'Museo Lapidario', 'Museo Radio']",Torre Lamberti,strategy_nearest,False,0.0015959739685058594,success
04F2C6429C4C80,3,"['Arena', 'Duomo']",Santa Anastasia,"['AMO', 'Museo Conte', 'Palazzo della Ragione', 'Teatro Romano', 'Centro Fotografia']",Torre Lamberti,strategy_nearest,False,0.003077983856201172,success
04F2C43A9C4C80,3,"['Arena', 'San Zeno']",Duomo,"['AMO', 'Museo Miniscalchi', 'Santa Anastasia', 'Teatro Romano', 'Palazzo della Ragione']",Santa Anastasia,strategy_nearest,True,0.0021080970764160156,success
04F2C23A9C4C80,3,"['Tomba Giulietta', 'Arena']",Casa Giulietta,"['Centro Fotografia', 'Sighseeing', 'Torre Lamberti', 'Museo Conte', 'Museo Radio']",Santa Anastasia,strategy_nearest,False,0.002725839614868164,success
04F2D73A9C4C80,3,"['Duomo', 'Santa Anastasia', 'Teatro Romano', 'Casa Giulietta']",Torre Lamberti,"['Sighseeing', 'Centro Fotografia', 'Museo Conte', 'Palazzo della Ragione', 'AMO']",Castelvecchio,strategy_nearest,False,0.002017974853515625,success
04F2DC429C4C80,3,"['Teatro Romano', 'Giardino Giusti']",Santa Anastasia,"['AMO', 'Museo Conte', 'Palazzo della Ragione', 'Centro Fotografia', 'Duomo']",Arena,strategy_nearest,False,0.0013723373413085938,success
04F306429C4C84,3,"['Torre Lamberti', 'Casa Giulietta']",Castelvecchio,"['Museo Lapidario', 'Verona Tour', 'Arena', 'Museo Radio', 'San Zeno']",Arena,strategy_nearest,True,0.0022449493408203125,success
04F2D63A9C4C80,2,['Casa Giulietta'],Duomo,"['AMO', 'Museo Miniscalchi', 'Santa Anastasia', 'Teatro Romano', 'Palazzo della Ragione']",Giardino Giusti,strategy_nearest,False,0.002666950225830078,success
04F2EA3A9C4C80,0,['Arena'],Castelvecchio,"['Museo Lapidario', 'Verona Tour', 'Museo Radio', 'San Zeno', 'Sighseeing']",Casa Giulietta,strategy_nearest,False,0.0033092498779296875,success
04F310429C4C84,3,"['Duomo', 'Teatro Romano']",Casa Giulietta,"['Centro Fotografia', 'Sighseeing', 'Torre Lamberti', 'Museo Conte', 'Museo Radio']",Arena,strategy_nearest,False,0.002530813217163086,success
04F316429C4C84,0,"['Castelvecchio', 'Casa Giulietta']",Santa Anastasia,"['AMO', 'Museo Conte', 'Palazzo della Ragione', 'Teatro Romano', 'Centro Fotografia']",Tomba Giulietta,strategy_nearest,False,0.0026390552520751953,success
04F313429C4C84,0,['Arena'],Castelvecchio,"['Museo Lapidario', 'Verona Tour', 'Museo Radio', 'San Zeno', 'Sighseeing']",San Fermo,strategy_nearest,False,0.0020177364349365234,success
04F3253A9C4C80,1,"['Arena', 'Casa Giulietta']",Palazzo della Ragione,"['AMO', 'Museo Conte', 'Torre Lamberti', 'Centro Fotografia', 'Sighseeing']",Santa Anastasia,strategy_nearest,False,0.0031578540802001953,success
04F335429C4C80,2,['Santa Anastasia'],Casa Giulietta,"['Centro Fotografia', 'Sighseeing', 'Torre Lamberti', 'Museo Conte', 'Museo Radio']",San Zeno,strategy_nearest,False,0.0027642250061035156,success
04F3254A9C4C80,1,"['Casa Giulietta', 'Torre Lamberti', 'Arena', 'Santa Anastasia']",Duomo,"['AMO', 'Museo Miniscalchi', 'Teatro Romano', 'Palazzo della Ragione', 'Museo Conte']",San Zeno,strategy_nearest,False,0.004029989242553711,success
04F339429C4C80,1,['Arena'],Santa Anastasia,"['AMO', 'Museo Conte', 'Palazzo della Ragione', 'Teatro Romano', 'Centro Fotografia']",Palazzo della Ragione,strategy_nearest,True,0.002065896987915039,success
04F33D429C4C80,0,['San Zeno'],Teatro Romano,"['Santa Anastasia', 'Duomo', 'AMO', 'Palazzo della Ragione', 'Museo Conte']",Castelvecchio,strategy_nearest,False,0.0032958984375,success
04F3623A9C4C80,2,['San Fermo'],Castelvecchio,"['Museo Lapidario', 'Verona Tour', 'Arena', 'Museo Radio', 'San Zeno']",San Zeno,strategy_nearest,True,0.0021262168884277344,success
04F3503A9C4C80,2,['Santa Anastasia'],Duomo,"['AMO', 'Museo Miniscalchi', 'Teatro Romano', 'Palazzo della Ragione', 'Museo Conte']",Teatro Romano,strategy_nearest,True,0.0027740001678466797,success
04F35D3A9C4C80,0,"['Casa Giulietta', 'Santa Anastasia']",Castelvecchio,"['Museo Lapidario', 'Verona Tour', 'Arena', 'Museo Radio', 'San Zeno']",Arena,strategy_nearest,True,0.002961874008178711,success
04F3633A9C4C80,0,['Arena'],Casa Giulietta,"['Centro Fotografia', 'Sighseeing', 'Torre Lamberti', 'Museo Conte', 'Museo Radio']",San Zeno,strategy_nearest,False,0.0031919479370117188,success
04F375429C4C80,0,['Arena'],Museo Lapidario,"['Verona Tour', 'Castelvecchio', 'Museo Radio', 'San Fermo', 'Casa Giulietta']",Casa Giulietta,strategy_nearest,True,0.002312898635864258,success
04F3713A9C4C80,3,"['Castelvecchio', 'San Zeno']",Arena,"['Verona Tour', 'Museo Lapidario', 'Museo Radio', 'San Fermo', 'Casa Giulietta']",Casa Giulietta,strategy_nearest,True,0.003812074661254883,success
04F372429C4C80,0,['Casa Giulietta'],Arena,"['Verona Tour', 'Museo Lapidario', 'Museo Radio', 'San Fermo', 'Sighseeing']",Torre Lamberti,strategy_nearest,False,0.0037832260131835938,success
04F369429C4C80,2,"['Casa Giulietta', 'Torre Lamberti', 'Santa Anastasia']",Duomo,"['AMO', 'Museo Miniscalchi', 'Teatro Romano', 'Palazzo della Ragione', 'Museo Conte']",Teatro Romano,strategy_nearest,True,0.002561807632446289,success
04F37B429C4C80,2,['Santa Anastasia'],Teatro Romano,"['Duomo', 'AMO', 'Palazzo della Ragione', 'Museo Conte', 'Centro Fotografia']",Duomo,strategy_nearest,True,0.002727985382080078,success
04F377429C4C80,3,"['Casa Giulietta', 'Arena']",Castelvecchio,"['Museo Lapidario', 'Verona Tour', 'Museo Radio', 'San Zeno', 'Sighseeing']",Santa Anastasia,strategy_nearest,False,0.002928018569946289,success
04F37D4A9C4C80,0,['Arena'],Casa Giulietta,"['Centro Fotografia', 'Sighseeing', 'Torre Lamberti', 'Museo Conte', 'Museo Radio']",Santa Anastasia,strategy_nearest,False,0.0032668113708496094,success
04F379429C4C80,2,"['Casa Giulietta', 'Santa Anastasia']",Teatro Romano,"['Duomo', 'AMO', 'Palazzo della Ragione', 'Museo Conte', 'Centro Fotografia']",San Fermo,strategy_nearest,False,0.0022950172424316406,success
04F380429C4C80,3,"['Arena', 'Casa Giulietta']",Torre Lamberti,"['Sighseeing', 'Centro Fotografia', 'Museo Conte', 'Palazzo della Ragione', 'AMO']",Santa Anastasia,strategy_nearest,False,0.001960277557373047,success
04F3813A9C4C80,3,"['Castelvecchio', 'Torre Lamberti', 'Santa Anastasia']",Casa Giulietta,"['Centro Fotografia', 'Sighseeing', 'Museo Conte', 'Museo Radio', 'Palazzo della Ragione']",Duomo,strategy_nearest,False,0.0021169185638427734,success
04F384429C4C80,3,"['Arena', 'Casa Giulietta']",Torre Lamberti,"['Sighseeing', 'Centro Fotografia', 'Museo Conte', 'Palazzo della Ragione', 'AMO']",Santa Anastasia,strategy_nearest,False,0.0031652450561523438,success
04F3824A9C4C80,0,['Arena'],Casa Giulietta,"['Centro Fotografia', 'Sighseeing', 'Torre Lamberti', 'Museo Conte', 'Museo Radio']",Torre Lamberti,strategy_nearest,True,0.0026547908782958984,success
04F385429C4C80,2,['San Zeno'],Torre Lamberti,"['Sighseeing', 'Centro Fotografia', 'Museo Conte', 'Casa Giulietta', 'Palazzo della Ragione']",Santa Anastasia,strategy_nearest,False,0.0022249221801757812,success
04F39C4A9C4C80,2,['Castelvecchio'],Casa Giulietta,"['Centro Fotografia', 'Sighseeing', 'Torre Lamberti', 'Museo Conte', 'Museo Radio']",San Zeno,strategy_nearest,False,0.0019860267639160156,success
04F388429C4C80,3,"['Arena', 'Museo Lapidario']",San Fermo,"['Museo Storia', 'Museo Radio', 'Casa Giulietta', 'Centro Fotografia', 'Sighseeing']",Torre Lamberti,strategy_nearest,False,0.004029035568237305,success
04F397429C4C80,0,['Arena'],Duomo,"['AMO', 'Museo Miniscalchi', 'Santa Anastasia', 'Teatro Romano', 'Palazzo della Ragione']",Teatro Romano,strategy_nearest,True,0.002753019332885742,success
04F3A14A9C4C80,2,['Tomba Giulietta'],Casa Giulietta,"['Centro Fotografia', 'Sighseeing', 'Torre Lamberti', 'Museo Conte', 'Museo Radio']",Torre Lamberti,strategy_nearest,True,0.0021560192108154297,success
04F3A63A9C4C80,2,['Castelvecchio'],Torre Lamberti,"['Sighseeing', 'Centro Fotografia', 'Museo Conte', 'Casa Giulietta', 'Palazzo della Ragione']",Santa Anastasia,strategy_nearest,False,0.003310680389404297,success
04F3A04A9C4C80,3,"['Arena', 'San Fermo', 'Teatro Romano']",Duomo,"['AMO', 'Museo Miniscalchi', 'Santa Anastasia', 'Palazzo della Ragione', 'Museo Conte']",Santa Anastasia,strategy_nearest,True,0.003545999526977539,success
04F39E429C4C80,1,['Arena'],Palazzo della Ragione,"['AMO', 'Museo Conte', 'Torre Lamberti', 'Centro Fotografia', 'Sighseeing']",San Fermo,strategy_nearest,False,0.002157926559448242,success
04F3A6429C4C80,3,"['Arena', 'Torre Lamberti', 'Casa Giulietta']",Santa Anastasia,"['AMO', 'Museo Conte', 'Palazzo della Ragione', 'Teatro Romano', 'Centro Fotografia']",Teatro Romano,strategy_nearest,True,0.0015742778778076172,success
04F3B4429C4C80,0,['Arena'],Museo Lapidario,"['Verona Tour', 'Castelvecchio', 'Museo Radio', 'San Fermo', 'Casa Giulietta']",Castelvecchio,strategy_nearest,True,0.0020711421966552734,success
04F3AF3A9C4C80,3,['Arena'],Casa Giulietta,"['Centro Fotografia', 'Sighseeing', 'Torre Lamberti', 'Museo Conte', 'Museo Radio']",Santa Anastasia,strategy_nearest,False,0.0028197765350341797,success
04F3BB3A9C4C80,3,['Arena'],San Fermo,"['Museo Storia', 'Museo Radio', 'Casa Giulietta', 'Centro Fotografia', 'Sighseeing']",Teatro Romano,strategy_nearest,False,0.003314971923828125,success
04F3C3429C4C80,3,"['Arena', 'Casa Giulietta']",Torre Lamberti,"['Sighseeing', 'Centro Fotografia', 'Museo Conte', 'Palazzo della Ragione', 'AMO']",Santa Anastasia,strategy_nearest,False,0.0034630298614501953,success
04F3C53A9C4C80,2,"['San Fermo', 'Casa Giulietta', 'Torre Lamberti', 'Tomba Giulietta']",Museo Lapidario,"['Verona Tour', 'Arena', 'Castelvecchio', 'Museo Radio', 'Sighseeing']",Castelvecchio,strategy_nearest,True,0.002185821533203125,success
04F3C83A9C4C80,0,['Arena'],Casa Giulietta,"['Centro Fotografia', 'Sighseeing', 'Torre Lamberti', 'Museo Conte', 'Museo Radio']",Santa Anastasia,strategy_nearest,False,0.0028219223022460938,success
04F3D13A9C4C80,2,['Torre Lamberti'],Santa Anastasia,"['AMO', 'Museo Conte', 'Palazzo della Ragione', 'Teatro Romano', 'Centro Fotografia']",Teatro Romano,strategy_nearest,True,0.003427267074584961,success
04F3D43A9C4C80,3,"['Duomo', 'Santa Anastasia']",Torre Lamberti,"['Sighseeing', 'Centro Fotografia', 'Museo Conte', 'Casa Giulietta', 'Palazzo della Ragione']",Casa Giulietta,strategy_nearest,True,0.0026259422302246094,success
04F3DC429C4C80,2,"['Teatro Romano', 'Santa Anastasia']",Torre Lamberti,"['Sighseeing', 'Centro Fotografia', 'Museo Conte', 'Casa Giulietta', 'Palazzo della Ragione']",Casa Giulietta,strategy_nearest,True,0.0026099681854248047,success
04F3D7429C4C80,0,['Castelvecchio'],Arena,"['Verona Tour', 'Museo Lapidario', 'Museo Radio', 'San Fermo', 'Casa Giulietta']",Casa Giulietta,strategy_nearest,True,0.002621889114379883,success
04F3DE429C4C80,2,['Castelvecchio'],Casa Giulietta,"['Centro Fotografia', 'Sighseeing', 'Torre Lamberti', 'Museo Conte', 'Museo Radio']",Santa Anastasia,strategy_nearest,False,0.0036590099334716797,success
04F3E4429C4C80,2,"['Giardino Giusti', 'Teatro Romano']",Santa Anastasia,"['AMO', 'Museo Conte', 'Palazzo della Ragione', 'Centro Fotografia', 'Duomo']",Duomo,strategy_nearest,True,0.003184080123901367,success
04F3E83A9C4C80,2,['Casa Giulietta'],Torre Lamberti,"['Sighseeing', 'Centro Fotografia', 'Museo Conte', 'Palazzo della Ragione', 'AMO']",Santa Anastasia,strategy_nearest,False,0.002363920211791992,success
04F3EA3A9C4C80,3,"['Torre Lamberti', 'Duomo']",San Fermo,"['Museo Storia', 'Museo Radio', 'Casa Giulietta', 'Centro Fotografia', 'Arena']",Castelvecchio,strategy_nearest,False,0.003228902816772461,success
04F4023A9C4C84,3,"['Arena', 'Casa Giulietta']",Santa Anastasia,"['AMO', 'Museo Conte', 'Palazzo della Ragione', 'Teatro Romano', 'Centro Fotografia']",Torre Lamberti,strategy_nearest,False,0.0025861263275146484,success
04F40D429C4C84,3,"['Arena', 'Casa Giulietta', 'Torre Lamberti']",Duomo,"['AMO', 'Museo Miniscalchi', 'Santa Anastasia', 'Teatro Romano', 'Palazzo della Ragione']",Giardino Giusti,strategy_nearest,False,0.003007173538208008,success
04F3F23A9C4C80,2,['Casa Giulietta'],Santa Anastasia,"['AMO', 'Museo Conte', 'Palazzo della Ragione', 'Teatro Romano', 'Centro Fotografia']",Duomo,strategy_nearest,False,0.003573894500732422,success
04F40C429C4C84,1,['Arena'],Casa Giulietta,"['Centro Fotografia', 'Sighseeing', 'Torre Lamberti', 'Museo Conte', 'Museo Radio']",Palazzo della Ragione,strategy_nearest,False,0.001968860626220703,success
04F40F429C4C84,3,"['Duomo', 'Teatro Romano']",Arena,"['Verona Tour', 'Museo Lapidario', 'Museo Radio', 'San Fermo', 'Casa Giulietta']",Museo Lapidario,strategy_nearest,True,0.002391815185546875,success
04F4243A9C4C80,0,['Arena'],Casa Giulietta,"['Centro Fotografia', 'Sighseeing', 'Torre Lamberti', 'Museo Conte', 'Museo Radio']",Torre Lamberti,strategy_nearest,True,0.0027608871459960938,success
04F422429C4C80,3,"['Arena', 'San Fermo']",Torre Lamberti,"['Sighseeing', 'Centro Fotografia', 'Museo Conte', 'Casa Giulietta', 'Palazzo della Ragione']",Duomo,strategy_nearest,False,0.003620147705078125,success
04F417429C4C84,0,['Arena'],Casa Giulietta,"['Centro Fotografia', 'Sighseeing', 'Torre Lamberti', 'Museo Conte', 'Museo Radio']",Duomo,strategy_nearest,False,0.0017232894897460938,success
04F4274A9C4C80,3,"['San Fermo', 'Museo Lapidario']",Castelvecchio,"['Verona Tour', 'Arena', 'Museo Radio', 'San Zeno', 'Sighseeing']",Torre Lamberti,strategy_nearest,False,0.002223968505859375,success
04F42D3A9C4C80,2,"['Casa Giulietta', 'Torre Lamberti', 'Palazzo della Ragione']",Santa Anastasia,"['AMO', 'Museo Conte', 'Teatro Romano', 'Centro Fotografia', 'Duomo']",Duomo,strategy_nearest,True,0.0028159618377685547,success
04F439429C4C80,2,"['Teatro Romano', 'Duomo']",Santa Anastasia,"['AMO', 'Museo Conte', 'Palazzo della Ragione', 'Centro Fotografia', 'Torre Lamberti']",San Zeno,strategy_nearest,False,0.002599954605102539,success
04F4383A9C4C80,3,"['San Zeno', 'Arena']",Duomo,"['AMO', 'Museo Miniscalchi', 'Santa Anastasia', 'Teatro Romano', 'Palazzo della Ragione']",Santa Anastasia,strategy_nearest,True,0.003428936004638672,success
04F4793A9C4C80,3,"['Casa Giulietta', 'San Zeno']",Arena,"['Verona Tour', 'Museo Lapidario', 'Museo Radio', 'San Fermo', 'Sighseeing']",Santa Anastasia,strategy_nearest,False,0.0014789104461669922,success
04F4794A9C4C80,0,['Teatro Romano'],Arena,"['Verona Tour', 'Museo Lapidario', 'Museo Radio', 'San Fermo', 'Casa Giulietta']",Castelvecchio,strategy_nearest,False,0.0026590824127197266,success
04F4573A9C4C80,0,['Arena'],Casa Giulietta,"['Centro Fotografia', 'Sighseeing', 'Torre Lamberti', 'Museo Conte', 'Museo Radio']",Torre Lamberti,strategy_nearest,True,0.0028417110443115234,success
04F476429C4C80,0,['Arena'],Casa Giulietta,"['Centro Fotografia', 'Sighseeing', 'Torre Lamberti', 'Museo Conte', 'Museo Radio']",Teatro Romano,strategy_nearest,False,0.004207134246826172,success
04F47F3A9C4C80,0,['Arena'],Casa Giulietta,"['Centro Fotografia', 'Sighseeing', 'Torre Lamberti', 'Museo Conte', 'Museo Radio']",Torre Lamberti,strategy_nearest,True,0.0018110275268554688,success
04F47B429C4C80,2,"['Casa Giulietta', 'Santa Anastasia']",Torre Lamberti,"['Sighseeing', 'Centro Fotografia', 'Museo Conte', 'Palazzo della Ragione', 'AMO']",Duomo,strategy_nearest,False,0.002480745315551758,success
04F4824A9C4C80,0,['Santa Anastasia'],Arena,"['Verona Tour', 'Museo Lapidario', 'Museo Radio', 'San Fermo', 'Casa Giulietta']",Tomba Giulietta,strategy_nearest,False,0.003337383270263672,success
04F487429C4C80,0,['Arena'],Castelvecchio,"['Museo Lapidario', 'Verona Tour', 'Museo Radio', 'San Zeno', 'Sighseeing']",San Zeno,strategy_nearest,True,0.0023958683013916016,success
04F48D3A9C4C80,0,['Arena'],Torre Lamberti,"['Sighseeing', 'Centro Fotografia', 'Museo Conte', 'Casa Giulietta', 'Palazzo della Ragione']",Tomba Giulietta,strategy_nearest,False,0.0025742053985595703,success
04F49C429C4C80,0,['Arena'],Casa Giulietta,"['Centro Fotografia', 'Sighseeing', 'Torre Lamberti', 'Museo Conte', 'Museo Radio']",Duomo,strategy_nearest,False,0.0025506019592285156,success
04F4934A9C4C80,3,"['Castelvecchio', 'Arena']",Torre Lamberti,"['Sighseeing', 'Centro Fotografia', 'Museo Conte', 'Casa Giulietta', 'Palazzo della Ragione']",Santa Anastasia,strategy_nearest,False,0.0028219223022460938,success
04F4964A9C4C80,0,['Arena'],Museo Lapidario,"['Verona Tour', 'Castelvecchio', 'Museo Radio', 'San Fermo', 'Casa Giulietta']",Casa Giulietta,strategy_nearest,True,0.003220796585083008,success
04F48F4A9C4C80,2,"['San Fermo', 'Casa Giulietta', 'Torre Lamberti']",Palazzo della Ragione,"['AMO', 'Museo Conte', 'Centro Fotografia', 'Sighseeing', 'Santa Anastasia']",Santa Anastasia,strategy_nearest,True,0.003244161605834961,success
04F4A34A9C4C80,2,['Casa Giulietta'],Torre Lamberti,"['Sighseeing', 'Centro Fotografia', 'Museo Conte', 'Palazzo della Ragione', 'AMO']",Duomo,strategy_nearest,False,0.0020940303802490234,success
04F4A83A9C4C80,3,"['Arena', 'Castelvecchio']",Casa Giulietta,"['Centro Fotografia', 'Sighseeing', 'Torre Lamberti', 'Museo Conte', 'Museo Radio']",Duomo,strategy_nearest,False,0.002630949020385742,success
04F49D4A9C4C80,3,"['Arena', 'Museo Lapidario']",Castelvecchio,"['Verona Tour', 'Museo Radio', 'San Zeno', 'Sighseeing', 'Museo Miniscalchi']",Duomo,strategy_nearest,False,0.00145721435546875,success
04F4B0429C4C80,0,['Arena'],Casa Giulietta,"['Centro Fotografia', 'Sighseeing', 'Torre Lamberti', 'Museo Conte', 'Museo Radio']",Santa Anastasia,strategy_nearest,False,0.003309965133666992,success
04F4B73A9C4C80,2,"['Santa Anastasia', 'Museo Lapidario']",Torre Lamberti,"['Sighseeing', 'Centro Fotografia', 'Museo Conte', 'Casa Giulietta', 'Palazzo della Ragione']",Casa Giulietta,strategy_nearest,True,0.0024390220642089844,success
04F4B43A9C4C80,2,"['Castelvecchio', 'Casa Giulietta']",Palazzo della Ragione,"['AMO', 'Museo Conte', 'Torre Lamberti', 'Centro Fotografia', 'Sighseeing']",Torre Lamberti,strategy_nearest,True,0.0018720626831054688,success
04F4B9429C4C80,0,['Arena'],Casa Giulietta,"['Centro Fotografia', 'Sighseeing', 'Torre Lamberti', 'Museo Conte', 'Museo Radio']",Tomba Giulietta,strategy_nearest,False,0.0029408931732177734,success
04F4BD3A9C4C80,3,"['Arena', 'Torre Lamberti']",Santa Anastasia,"['AMO', 'Museo Conte', 'Palazzo della Ragione', 'Teatro Romano', 'Centro Fotografia']",Duomo,strategy_nearest,False,0.003298044204711914,success
04F4BC429C4C80,3,"['Arena', 'Museo Lapidario', 'Castelvecchio']",Teatro Romano,"['Santa Anastasia', 'Duomo', 'AMO', 'Palazzo della Ragione', 'Museo Conte']",Duomo,strategy_nearest,True,0.003618001937866211,success
04F4BE3A9C4C80,0,['Arena'],Casa Giulietta,"['Centro Fotografia', 'Sighseeing', 'Torre Lamberti', 'Museo Conte', 'Museo Radio']",Torre Lamberti,strategy_nearest,True,0.002610921859741211,success
04F4C23A9C4C80,3,['Arena'],Torre Lamberti,"['Sighseeing', 'Centro Fotografia', 'Museo Conte', 'Casa Giulietta', 'Palazzo della Ragione']",Santa Anastasia,strategy_nearest,False,0.0020990371704101562,success
04F4E3429C4C80,3,"['Arena', 'Tomba Giulietta', 'Casa Giulietta']",Santa Anastasia,"['AMO', 'Museo Conte', 'Palazzo della Ragione', 'Teatro Romano', 'Centro Fotografia']",Teatro Romano,strategy_nearest,True,0.0013759136199951172,success
04F4D13A9C4C80,2,"['San Zeno', 'Castelvecchio']",San Fermo,"['Museo Storia', 'Museo Radio', 'Casa Giulietta', 'Centro Fotografia', 'Arena']",Duomo,strategy_nearest,False,0.0032880306243896484,success
04F4C1429C4C80,3,['Arena'],Santa Anastasia,"['AMO', 'Museo Conte', 'Palazzo della Ragione', 'Teatro Romano', 'Centro Fotografia']",Duomo,strategy_nearest,False,0.0027561187744140625,success
04F4F43A9C4C80,3,['Arena'],Torre Lamberti,"['Sighseeing', 'Centro Fotografia', 'Museo Conte', 'Casa Giulietta', 'Palazzo della Ragione']",Santa Anastasia,strategy_nearest,False,0.002067089080810547,success
04F4F13A9C4C80,0,['Arena'],Torre Lamberti,"['Sighseeing', 'Centro Fotografia', 'Museo Conte', 'Casa Giulietta', 'Palazzo della Ragione']",Duomo,strategy_nearest,False,0.0027091503143310547,success
04F509429C4C84,3,"['Arena', 'Casa Giulietta', 'Torre Lamberti']",Santa Anastasia,"['AMO', 'Museo Conte', 'Palazzo della Ragione', 'Teatro Romano', 'Centro Fotografia']",Castelvecchio,strategy_nearest,False,0.002629995346069336,success
04F50B3A9C4C84,1,['Arena'],Palazzo della Ragione,"['AMO', 'Museo Conte', 'Torre Lamberti', 'Centro Fotografia', 'Sighseeing']",Torre Lamberti,strategy_nearest,True,0.0032389163970947266,success
04F521429C4C80,3,"['Arena', 'Castelvecchio']",San Zeno,"['Verona Tour', 'Museo Lapidario', 'Museo Miniscalchi', 'Sighseeing', 'Museo Radio']",Torre Lamberti,strategy_nearest,False,0.0013248920440673828,success
04F515429C4C84,2,['Casa Giulietta'],Castelvecchio,"['Museo Lapidario', 'Verona Tour', 'Arena', 'Museo Radio', 'San Zeno']",Santa Anastasia,strategy_nearest,False,0.0028159618377685547,success
04F517429C4C84,0,['Arena'],Casa Giulietta,"['Centro Fotografia', 'Sighseeing', 'Torre Lamberti', 'Museo Conte', 'Museo Radio']",Torre Lamberti,strategy_nearest,True,0.003462076187133789,success
04F5214A9C4C80,2,"['Santa Anastasia', 'Duomo', 'Teatro Romano', 'Torre Lamberti']",Palazzo della Ragione,"['AMO', 'Museo Conte', 'Centro Fotografia', 'Sighseeing', 'Museo Miniscalchi']",Casa Giulietta,strategy_nearest,False,0.003220081329345703,success
04F52B429C4C80,3,"['Arena', 'Santa Anastasia']",Teatro Romano,"['Duomo', 'AMO', 'Palazzo della Ragione', 'Museo Conte', 'Centro Fotografia']",Duomo,strategy_nearest,True,0.002131938934326172,success
04F522429C4C80,3,"['Arena', 'Tomba Giulietta', 'Castelvecchio']",Duomo,"['AMO', 'Museo Miniscalchi', 'Santa Anastasia', 'Teatro Romano', 'Palazzo della Ragione']",Teatro Romano,strategy_nearest,True,0.0021409988403320312,success
04F52B4A9C4C80,3,"['Arena', 'Santa Anastasia']",Casa Giulietta,"['Centro Fotografia', 'Sighseeing', 'Torre Lamberti', 'Museo Conte', 'Museo Radio']",Castelvecchio,strategy_nearest,False,0.0027010440826416016,success
04F530429C4C80,2,"['Santa Anastasia', 'Torre Lamberti']",San Zeno,"['Castelvecchio', 'Verona Tour', 'Museo Lapidario', 'Arena', 'Museo Miniscalchi']",Teatro Romano,strategy_nearest,False,0.0033829212188720703,success
04F53B4A9C4C80,3,"['Santa Anastasia', 'Duomo']",San Zeno,"['Castelvecchio', 'Verona Tour', 'Museo Lapidario', 'Arena', 'Museo Miniscalchi']",Teatro Romano,strategy_nearest,False,0.0023679733276367188,success
04F535429C4C80,3,"['Santa Anastasia', 'Torre Lamberti', 'Casa Giulietta']",Tomba Giulietta,"['San Fermo', 'Museo Storia', 'Arena', 'Museo Lapidario', 'Museo Radio']",Arena,strategy_nearest,True,0.002203702926635742,success
04F54E429C4C80,2,"['Torre Lamberti', 'Duomo']",Santa Anastasia,"['AMO', 'Museo Conte', 'Palazzo della Ragione', 'Teatro Romano', 'Centro Fotografia']",Teatro Romano,strategy_nearest,True,0.0017781257629394531,success
04F53E429C4C80,3,"['Teatro Romano', 'Santa Anastasia']",Duomo,"['AMO', 'Museo Miniscalchi', 'Palazzo della Ragione', 'Museo Conte', 'Torre Lamberti']",Casa Giulietta,strategy_nearest,False,0.0032618045806884766,success
04F54C3A9C4C80,3,"['Arena', 'Casa Giulietta', 'Torre Lamberti']",Duomo,"['AMO', 'Museo Miniscalchi', 'Santa Anastasia', 'Teatro Romano', 'Palazzo della Ragione']",Teatro Romano,strategy_nearest,True,0.002694845199584961,success
04F5503A9C4C80,3,"['Arena', 'Santa Anastasia']",Torre Lamberti,"['Sighseeing', 'Centro Fotografia', 'Museo Conte', 'Casa Giulietta', 'Palazzo della Ragione']",Duomo,strategy_nearest,False,0.0030438899993896484,success
04F5523A9C4C80,2,"['Casa Giulietta', 'Santa Anastasia', 'Duomo']",Teatro Romano,"['AMO', 'Palazzo della Ragione', 'Museo Conte', 'Centro Fotografia', 'Museo Miniscalchi']",Torre Lamberti,strategy_nearest,False,0.0021376609802246094,success
04F551429C4C80,3,"['Casa Giulietta', 'Torre Lamberti', 'Santa Anastasia']",Duomo,"['AMO', 'Museo Miniscalchi', 'Teatro Romano', 'Palazzo della Ragione', 'Museo Conte']",Arena,strategy_nearest,False,0.0020630359649658203,success
04F5633A9C4C80,1,['Arena'],Teatro Romano,"['Santa Anastasia', 'Duomo', 'AMO', 'Palazzo della Ragione', 'Museo Conte']",Palazzo della Ragione,strategy_nearest,True,0.002624988555908203,success
04F5563A9C4C80,3,"['Arena', 'Torre Lamberti']",Casa Giulietta,"['Centro Fotografia', 'Sighseeing', 'Museo Conte', 'Museo Radio', 'Palazzo della Ragione']",Teatro Romano,strategy_nearest,False,0.0034978389739990234,success
04F56B429C4C80,3,['Arena'],Torre Lamberti,"['Sighseeing', 'Centro Fotografia', 'Museo Conte', 'Casa Giulietta', 'Palazzo della Ragione']",Santa Anastasia,strategy_nearest,False,0.0022919178009033203,success
04F56D429C4C80,2,"['Casa Giulietta', 'Santa Anastasia']",Duomo,"['AMO', 'Museo Miniscalchi', 'Teatro Romano', 'Palazzo della Ragione', 'Museo Conte']",Castelvecchio,strategy_nearest,False,0.0026328563690185547,success
04F5773A9C4C80,0,"['Castelvecchio', 'Arena']",Torre Lamberti,"['Sighseeing', 'Centro Fotografia', 'Museo Conte', 'Casa Giulietta', 'Palazzo della Ragione']",Casa Giulietta,strategy_nearest,True,0.002607107162475586,success
04F5794A9C4C80,0,['Torre Lamberti'],Casa Giulietta,"['Centro Fotografia', 'Sighseeing', 'Museo Conte', 'Museo Radio', 'Palazzo della Ragione']",Castelvecchio,strategy_nearest,False,0.0024590492248535156,success
04F57A4A9C4C80,3,"['Museo Lapidario', 'San Fermo', 'Casa Giulietta', 'Torre Lamberti']",Santa Anastasia,"['AMO', 'Museo Conte', 'Palazzo della Ragione', 'Teatro Romano', 'Centro Fotografia']",Teatro Romano,strategy_nearest,True,0.002710103988647461,success
04F5824A9C4C80,2,"['Torre Lamberti', 'San Fermo']",Teatro Romano,"['Santa Anastasia', 'Duomo', 'AMO', 'Palazzo della Ragione', 'Museo Conte']",San Zeno,strategy_nearest,False,0.002483844757080078,success
04F584429C4C80,3,"['Arena', 'Casa Giulietta']",Torre Lamberti,"['Sighseeing', 'Centro Fotografia', 'Museo Conte', 'Palazzo della Ragione', 'AMO']",Santa Anastasia,strategy_nearest,False,0.0030870437622070312,success
04F58C4A9C4C80,3,"['Arena', 'Casa Giulietta']",Torre Lamberti,"['Sighseeing', 'Centro Fotografia', 'Museo Conte', 'Palazzo della Ragione', 'AMO']",Santa Anastasia,strategy_nearest,False,0.003101825714111328,success
04F58D4A9C4C80,1,['Arena'],Museo Lapidario,"['Verona Tour', 'Castelvecchio', 'Museo Radio', 'San Fermo', 'Casa Giulietta']",Palazzo della Ragione,strategy_nearest,False,0.002719879150390625,success
04F5964A9C4C80,0,['Arena'],Casa Giulietta,"['Centro Fotografia', 'Sighseeing', 'Torre Lamberti', 'Museo Conte', 'Museo Radio']",Duomo,strategy_nearest,False,0.0027391910552978516,success
04F599429C4C80,3,"['Arena', 'Casa Giulietta']",Castelvecchio,"['Museo Lapidario', 'Verona Tour', 'Museo Radio', 'San Zeno', 'Sighseeing']",Duomo,strategy_nearest,False,0.004116058349609375,success
04F59D4A9C4C80,0,['Arena'],Torre Lamberti,"['Sighseeing', 'Centro Fotografia', 'Museo Conte', 'Casa Giulietta', 'Palazzo della Ragione']",Casa Giulietta,strategy_nearest,True,0.001474142074584961,success
04F59E4A9C4C80,3,"['Arena', 'Teatro Romano', 'Duomo']",Santa Anastasia,"['AMO', 'Museo Conte', 'Palazzo della Ragione', 'Centro Fotografia', 'Torre Lamberti']",Torre Lamberti,strategy_nearest,True,0.0032808780670166016,success
04F59C429C4C80,3,"['Arena', 'Duomo']",Teatro Romano,"['Santa Anastasia', 'AMO', 'Palazzo della Ragione', 'Museo Conte', 'Centro Fotografia']",Torre Lamberti,strategy_nearest,False,0.003453969955444336,success
04F59F429C4C80,3,"['Arena', 'San Zeno', 'San Fermo']",Casa Giulietta,"['Centro Fotografia', 'Sighseeing', 'Torre Lamberti', 'Museo Conte', 'Museo Radio']",Torre Lamberti,strategy_nearest,True,0.001708984375,success
04F5A14A9C4C80,3,"['Arena', 'Casa Giulietta']",Santa Anastasia,"['AMO', 'Museo Conte', 'Palazzo della Ragione', 'Teatro Romano', 'Centro Fotografia']",Duomo,strategy_nearest,False,0.002218961715698242,success
04F5A53A9C4C80,3,"['Arena', 'Casa Giulietta']",Santa Anastasia,"['AMO', 'Museo Conte', 'Palazzo della Ragione', 'Teatro Romano', 'Centro Fotografia']",Duomo,strategy_nearest,False,0.003275156021118164,success
04F5A0429C4C80,0,['Arena'],Tomba Giulietta,"['San Fermo', 'Museo Storia', 'Museo Lapidario', 'Museo Radio', 'Verona Tour']",San Fermo,strategy_nearest,True,0.0034618377685546875,success
04F5B5429C4C80,0,['Arena'],Casa Giulietta,"['Centro Fotografia', 'Sighseeing', 'Torre Lamberti', 'Museo Conte', 'Museo Radio']",Castelvecchio,strategy_nearest,False,0.0035161972045898438,success
04F5AC3A9C4C80,0,"['Arena', 'Museo Lapidario']",Casa Giulietta,"['Centro Fotografia', 'Sighseeing', 'Torre Lamberti', 'Museo Conte', 'Museo Radio']",Torre Lamberti,strategy_nearest,True,0.0030210018157958984,success
04F5A74A9C4C80,3,"['Arena', 'Casa Giulietta']",Santa Anastasia,"['AMO', 'Museo Conte', 'Palazzo della Ragione', 'Teatro Romano', 'Centro Fotografia']",Torre Lamberti,strategy_nearest,False,0.003547191619873047,success
04F5B13A9C4C80,2,"['Castelvecchio', 'Casa Giulietta']",Santa Anastasia,"['AMO', 'Museo Conte', 'Palazzo della Ragione', 'Teatro Romano', 'Centro Fotografia']",Duomo,strategy_nearest,False,0.0015790462493896484,success
04F5BE3A9C4C80,2,['Torre Lamberti'],Casa Giulietta,"['Centro Fotografia', 'Sighseeing', 'Museo Conte', 'Museo Radio', 'Palazzo della Ragione']",Castelvecchio,strategy_nearest,False,0.0020952224731445312,success
04F5BB3A9C4C80,3,"['Casa Giulietta', 'San Fermo']",Duomo,"['AMO', 'Museo Miniscalchi', 'Santa Anastasia', 'Teatro Romano', 'Palazzo della Ragione']",Santa Anastasia,strategy_nearest,True,0.00290679931640625,success
04F5C03A9C4C80,3,"['Arena', 'Casa Giulietta', 'Santa Anastasia']",Teatro Romano,"['Duomo', 'AMO', 'Palazzo della Ragione', 'Museo Conte', 'Centro Fotografia']",Duomo,strategy_nearest,True,0.0034346580505371094,success
04F5BB429C4C80,3,"['Arena', 'Casa Giulietta']",Santa Anastasia,"['AMO', 'Museo Conte', 'Palazzo della Ragione', 'Teatro Romano', 'Centro Fotografia']",Teatro Romano,strategy_nearest,True,0.0015287399291992188,success
04F5CB3A9C4C80,2,['Castelvecchio'],Torre Lamberti,"['Sighseeing', 'Centro Fotografia', 'Museo Conte', 'Casa Giulietta', 'Palazzo della Ragione']",Duomo,strategy_nearest,False,0.0018830299377441406,success
04F5D53A9C4C80,1,"['Arena', 'Castelvecchio', 'Santa Anastasia', 'Duomo']",Teatro Romano,"['AMO', 'Palazzo della Ragione', 'Museo Conte', 'Centro Fotografia', 'Museo Miniscalchi']",Casa Giulietta,strategy_nearest,False,0.0031299591064453125,success
04F5D63A9C4C80,0,['Teatro Romano'],Casa Giulietta,"['Centro Fotografia', 'Sighseeing', 'Torre Lamberti', 'Museo Conte', 'Museo Radio']",San Zeno,strategy_nearest,False,0.0015311241149902344,success
04F5F93A9C4C80,3,"['Arena', 'Casa Giulietta', 'Torre Lamberti']",Santa Anastasia,"['AMO', 'Museo Conte', 'Palazzo della Ragione', 'Teatro Romano', 'Centro Fotografia']",Teatro Romano,strategy_nearest,True,0.0019419193267822266,success
04F6093A9C4C84,1,"['Arena', 'Museo Lapidario', 'Castelvecchio']",Casa Giulietta,"['Centro Fotografia', 'Sighseeing', 'Torre Lamberti', 'Museo Conte', 'Museo Radio']",Torre Lamberti,strategy_nearest,True,0.002634286880493164,success
04F5D93A9C4C80,3,['Arena'],Santa Anastasia,"['AMO', 'Museo Conte', 'Palazzo della Ragione', 'Teatro Romano', 'Centro Fotografia']",Duomo,strategy_nearest,False,0.003010988235473633,success
04F60B429C4C84,1,"['Arena', 'Museo Lapidario', 'San Fermo']",Casa Giulietta,"['Centro Fotografia', 'Sighseeing', 'Torre Lamberti', 'Museo Conte', 'Museo Radio']",Torre Lamberti,strategy_nearest,True,0.003039121627807617,success
04F622429C4C80,3,"['Arena', 'Casa Giulietta']",Torre Lamberti,"['Sighseeing', 'Centro Fotografia', 'Museo Conte', 'Palazzo della Ragione', 'AMO']",Santa Anastasia,strategy_nearest,False,0.002761363983154297,success
04F630429C4C80,3,['Duomo'],Arena,"['Verona Tour', 'Museo Lapidario', 'Museo Radio', 'San Fermo', 'Casa Giulietta']",San Zeno,strategy_nearest,False,0.0013811588287353516,success
04F6234A9C4C80,3,"['Arena', 'Torre Lamberti', 'Santa Anastasia']",Castelvecchio,"['Museo Lapidario', 'Verona Tour', 'Museo Radio', 'San Zeno', 'Sighseeing']",San Fermo,strategy_nearest,False,0.003326892852783203,success
04F62E429C4C80,3,['Arena'],Santa Anastasia,"['AMO', 'Museo Conte', 'Palazzo della Ragione', 'Teatro Romano', 'Centro Fotografia']",Casa Giulietta,strategy_nearest,False,0.0033910274505615234,success
04F632429C4C80,4,"['Arena', 'Casa Giulietta', 'Santa Anastasia']",Castelvecchio,"['Museo Lapidario', 'Verona Tour', 'Museo Radio', 'San Zeno', 'Sighseeing']",Teatro Romano,strategy_nearest,False,0.002719879150390625,success
04F6364A9C4C80,3,"['Arena', 'Casa Giulietta']",Santa Anastasia,"['AMO', 'Museo Conte', 'Palazzo della Ragione', 'Teatro Romano', 'Centro Fotografia']",Castelvecchio,strategy_nearest,False,0.003187894821166992,success
04F6343A9C4C80,0,['Castelvecchio'],Casa Giulietta,"['Centro Fotografia', 'Sighseeing', 'Torre Lamberti', 'Museo Conte', 'Museo Radio']",Arena,strategy_nearest,False,0.0020182132720947266,success
04F6374A9C4C80,0,['San Zeno'],Castelvecchio,"['Museo Lapidario', 'Verona Tour', 'Arena', 'Museo Radio', 'Sighseeing']",Duomo,strategy_nearest,False,0.0034592151641845703,success
04F63C429C4C80,2,"['San Fermo', 'Casa Giulietta']",Torre Lamberti,"['Sighseeing', 'Centro Fotografia', 'Museo Conte', 'Palazzo della Ragione', 'AMO']",Castelvecchio,strategy_nearest,False,0.0033028125762939453,success
04F638429C4C80,3,"['Arena', 'San Fermo']",Casa Giulietta,"['Centro Fotografia', 'Sighseeing', 'Torre Lamberti', 'Museo Conte', 'Museo Radio']",Torre Lamberti,strategy_nearest,True,0.0022416114807128906,success
04F643429C4C80,0,['Arena'],Casa Giulietta,"['Centro Fotografia', 'Sighseeing', 'Torre Lamberti', 'Museo Conte', 'Museo Radio']",Torre Lamberti,strategy_nearest,True,0.002610921859741211,success
04F64B3A9C4C80,2,"['Torre Lamberti', 'Palazzo della Ragione']",Duomo,"['AMO', 'Museo Miniscalchi', 'Santa Anastasia', 'Teatro Romano', 'Museo Conte']",Giardino Giusti,strategy_nearest,False,0.001497030258178711,success
04F6593A9C4C80,3,"['Arena', 'Casa Giulietta']",Torre Lamberti,"['Sighseeing', 'Centro Fotografia', 'Museo Conte', 'Palazzo della Ragione', 'AMO']",Tomba Giulietta,strategy_nearest,False,0.0026330947875976562,success
04F6663A9C4C80,3,"['Casa Giulietta', 'Torre Lamberti', 'Santa Anastasia']",Teatro Romano,"['Duomo', 'AMO', 'Palazzo della Ragione', 'Museo Conte', 'Centro Fotografia']",Giardino Giusti,strategy_nearest,False,0.0020208358764648438,success
04F6553A9C4C80,2,['Casa Giulietta'],Torre Lamberti,"['Sighseeing', 'Centro Fotografia', 'Museo Conte', 'Palazzo della Ragione', 'AMO']",Santa Anastasia,strategy_nearest,False,0.003451108932495117,success
04F67D4A9C4C80,3,"['Arena', 'Casa Giulietta']",Torre Lamberti,"['Sighseeing', 'Centro Fotografia', 'Museo Conte', 'Palazzo della Ragione', 'AMO']",Teatro Romano,strategy_nearest,False,0.00279998779296875,success
04F6803A9C4C80,0,['Arena'],Casa Giulietta,"['Centro Fotografia', 'Sighseeing', 'Torre Lamberti', 'Museo Conte', 'Museo Radio']",Santa Anastasia,strategy_nearest,False,0.0031468868255615234,success
04F67E3A9C4C80,0,"['Arena', 'Torre Lamberti']",Casa Giulietta,"['Centro Fotografia', 'Sighseeing', 'Museo Conte', 'Museo Radio', 'Palazzo della Ragione']",Duomo,strategy_nearest,False,0.0025970935821533203,success
04F6823A9C4C80,3,['Arena'],Casa Giulietta,"['Centro Fotografia', 'Sighseeing', 'Torre Lamberti', 'Museo Conte', 'Museo Radio']",Santa Anastasia,strategy_nearest,False,0.0032601356506347656,success
04F682429C4C80,0,['Arena'],Casa Giulietta,"['Centro Fotografia', 'Sighseeing', 'Torre Lamberti', 'Museo Conte', 'Museo Radio']",Castelvecchio,strategy_nearest,False,0.0030448436737060547,success
04F684429C4C80,0,['Arena'],Casa Giulietta,"['Centro Fotografia', 'Sighseeing', 'Torre Lamberti', 'Museo Conte', 'Museo Radio']",Teatro Romano,strategy_nearest,False,0.0023899078369140625,success
04F683429C4C80,3,"['Arena', 'Santa Anastasia']",Teatro Romano,"['Duomo', 'AMO', 'Palazzo della Ragione', 'Museo Conte', 'Centro Fotografia']",Casa Giulietta,strategy_nearest,False,0.003366231918334961,success
04F68E3A9C4C80,3,"['Castelvecchio', 'Torre Lamberti']",Santa Anastasia,"['AMO', 'Museo Conte', 'Palazzo della Ragione', 'Teatro Romano', 'Centro Fotografia']",Duomo,strategy_nearest,False,0.0033721923828125,success
04F6994A9C4C80,0,['Arena'],Casa Giulietta,"['Centro Fotografia', 'Sighseeing', 'Torre Lamberti', 'Museo Conte', 'Museo Radio']",Palazzo della Ragione,strategy_nearest,False,0.003072977066040039,success
04F6A0429C4C80,1,"['Castelvecchio', 'Arena']",Casa Giulietta,"['Centro Fotografia', 'Sighseeing', 'Torre Lamberti', 'Museo Conte', 'Museo Radio']",Torre Lamberti,strategy_nearest,True,0.002846956253051758,success
04F698429C4C80,0,['Arena'],Museo Lapidario,"['Verona Tour', 'Castelvecchio', 'Museo Radio', 'San Fermo', 'Casa Giulietta']",Torre Lamberti,strategy_nearest,False,0.003075122833251953,success
04F6A24A9C4C80,2,['Torre Lamberti'],Santa Anastasia,"['AMO', 'Museo Conte', 'Palazzo della Ragione', 'Teatro Romano', 'Centro Fotografia']",Duomo,strategy_nearest,False,0.00273895263671875,success
04F6A14A9C4C80,3,"['Tomba Giulietta', 'Arena', 'Casa Giulietta']",Torre Lamberti,"['Sighseeing', 'Centro Fotografia', 'Museo Conte', 'Palazzo della Ragione', 'AMO']",Santa Anastasia,strategy_nearest,False,0.0024259090423583984,success
04F6A53A9C4C80,0,['Torre Lamberti'],Arena,"['Verona Tour', 'Museo Lapidario', 'Museo Radio', 'San Fermo', 'Casa Giulietta']",Casa Giulietta,strategy_nearest,True,0.0026979446411132812,success
04F6A8429C4C80,3,['Arena'],Torre Lamberti,"['Sighseeing', 'Centro Fotografia', 'Museo Conte', 'Casa Giulietta', 'Palazzo della Ragione']",Santa Anastasia,strategy_nearest,False,0.0032410621643066406,success
04F6C33A9C4C80,3,"['Castelvecchio', 'Arena']",San Fermo,"['Museo Storia', 'Museo Radio', 'Casa Giulietta', 'Centro Fotografia', 'Sighseeing']",Casa Giulietta,strategy_nearest,True,0.0019860267639160156,success
04F6B93A9C4C80,2,['San Zeno'],Torre Lamberti,"['Sighseeing', 'Centro Fotografia', 'Museo Conte', 'Casa Giulietta', 'Palazzo della Ragione']",Santa Anastasia,strategy_nearest,False,0.002682924270629883,success
04F6B1429C4C80,3,"['Arena', 'Castelvecchio']",Santa Anastasia,"['AMO', 'Museo Conte', 'Palazzo della Ragione', 'Teatro Romano', 'Centro Fotografia']",Teatro Romano,strategy_nearest,True,0.003290891647338867,success
04F6AC3A9C4C80,2,['San Fermo'],Santa Anastasia,"['AMO', 'Museo Conte', 'Palazzo della Ragione', 'Teatro Romano', 'Centro Fotografia']",Casa Giulietta,strategy_nearest,False,0.0028281211853027344,success
04F6C6429C4C80,0,"['Castelvecchio', 'Arena', 'San Fermo']",Tomba Giulietta,"['Museo Storia', 'Museo Lapidario', 'Museo Radio', 'Verona Tour', 'Casa Giulietta']",Casa Giulietta,strategy_nearest,True,0.00205230712890625,success
04F6C63A9C4C80,2,['Casa Giulietta'],Torre Lamberti,"['Sighseeing', 'Centro Fotografia', 'Museo Conte', 'Palazzo della Ragione', 'AMO']",Santa Anastasia,strategy_nearest,False,0.0010480880737304688,success
04F6CB429C4C80,4,"['Teatro Romano', 'Duomo', 'Torre Lamberti']",Castelvecchio,"['Museo Lapidario', 'Verona Tour', 'Arena', 'Museo Radio', 'San Zeno']",Arena,strategy_nearest,True,0.0032651424407958984,success
04F6D03A9C4C80,3,"['Casa Giulietta', 'Torre Lamberti', 'San Fermo', 'Tomba Giulietta', 'Arena']",Museo Lapidario,"['Verona Tour', 'Castelvecchio', 'Museo Radio', 'Sighseeing', 'Centro Fotografia']",Castelvecchio,strategy_nearest,True,0.0025861263275146484,success
04F6D33A9C4C80,1,"['Arena', 'Santa Anastasia']",Casa Giulietta,"['Centro Fotografia', 'Sighseeing', 'Torre Lamberti', 'Museo Conte', 'Museo Radio']",Torre Lamberti,strategy_nearest,True,0.002680063247680664,success
04F6D0429C4C80,2,"['Castelvecchio', 'Torre Lamberti']",Santa Anastasia,"['AMO', 'Museo Conte', 'Palazzo della Ragione', 'Teatro Romano', 'Centro Fotografia']",Giardino Giusti,strategy_nearest,False,0.002725839614868164,success
04F6F33A9C4C80,2,['Santa Anastasia'],Duomo,"['AMO', 'Museo Miniscalchi', 'Teatro Romano', 'Palazzo della Ragione', 'Museo Conte']",Casa Giulietta,strategy_nearest,False,0.0031528472900390625,success
04F6D6429C4C80,2,['Castelvecchio'],Torre Lamberti,"['Sighseeing', 'Centro Fotografia', 'Museo Conte', 'Casa Giulietta', 'Palazzo della Ragione']",Teatro Romano,strategy_nearest,False,0.002574920654296875,success
04F6FD3A9C4C80,3,"['Arena', 'Santa Anastasia']",Torre Lamberti,"['Sighseeing', 'Centro Fotografia', 'Museo Conte', 'Casa Giulietta', 'Palazzo della Ragione']",Casa Giulietta,strategy_nearest,True,0.0027561187744140625,success
04F715429C4C84,3,"['Teatro Romano', 'Duomo', 'Santa Anastasia']",Torre Lamberti,"['Sighseeing', 'Centro Fotografia', 'Museo Conte', 'Casa Giulietta', 'Palazzo della Ragione']",Casa Giulietta,strategy_nearest,True,0.0031890869140625,success
04F6F53A9C4C80,1,"['Arena', 'Casa Giulietta']",Torre Lamberti,"['Sighseeing', 'Centro Fotografia', 'Museo Conte', 'Palazzo della Ragione', 'AMO']",Palazzo della Ragione,strategy_nearest,True,0.0016012191772460938,success
04F7103A9C4C84,3,"['Arena', 'Tomba Giulietta']",Teatro Romano,"['Santa Anastasia', 'Duomo', 'AMO', 'Palazzo della Ragione', 'Museo Conte']",Duomo,strategy_nearest,True,0.0021011829376220703,success
04F7234A9C4C80,3,"['Casa Giulietta', 'Santa Anastasia']",Duomo,"['AMO', 'Museo Miniscalchi', 'Teatro Romano', 'Palazzo della Ragione', 'Museo Conte']",Castelvecchio,strategy_nearest,False,0.002794027328491211,success
04F7233A9C4C80,1,"['Arena', 'San Fermo', 'Torre Lamberti']",Palazzo della Ragione,"['AMO', 'Museo Conte', 'Centro Fotografia', 'Sighseeing', 'Santa Anastasia']",Santa Anastasia,strategy_nearest,True,0.003432035446166992,success
04F72B3A9C4C80,2,"['Teatro Romano', 'Torre Lamberti']",Museo Lapidario,"['Verona Tour', 'Arena', 'Castelvecchio', 'Museo Radio', 'San Fermo']",Castelvecchio,strategy_nearest,True,0.0015811920166015625,success
04F72C429C4C80,3,['Casa Giulietta'],Torre Lamberti,"['Sighseeing', 'Centro Fotografia', 'Museo Conte', 'Palazzo della Ragione', 'AMO']",Santa Anastasia,strategy_nearest,False,0.0019850730895996094,success
04F737429C4C80,3,"['Arena', 'Castelvecchio']",Torre Lamberti,"['Sighseeing', 'Centro Fotografia', 'Museo Conte', 'Casa Giulietta', 'Palazzo della Ragione']",Santa Anastasia,strategy_nearest,False,0.0013570785522460938,success
04F7324A9C4C80,2,['San Fermo'],Castelvecchio,"['Museo Lapidario', 'Verona Tour', 'Arena', 'Museo Radio', 'San Zeno']",San Zeno,strategy_nearest,True,0.0033349990844726562,success
04F7394A9C4C80,2,"['Castelvecchio', 'Teatro Romano']",Museo Lapidario,"['Verona Tour', 'Arena', 'Museo Radio', 'San Fermo', 'Casa Giulietta']",Giardino Giusti,strategy_nearest,False,0.0019121170043945312,success
04F73C429C4C80,2,['Duomo'],Teatro Romano,"['Santa Anastasia', 'AMO', 'Palazzo della Ragione', 'Museo Conte', 'Centro Fotografia']",San Fermo,strategy_nearest,False,0.0022499561309814453,success
04F73A429C4C80,3,['Arena'],Castelvecchio,"['Museo Lapidario', 'Verona Tour', 'Museo Radio', 'San Zeno', 'Sighseeing']",Duomo,strategy_nearest,False,0.0033042430877685547,success
04F74B3A9C4C80,0,['Arena'],Castelvecchio,"['Museo Lapidario', 'Verona Tour', 'Museo Radio', 'San Zeno', 'Sighseeing']",San Fermo,strategy_nearest,False,0.003204822540283203,success
04F7403A9C4C80,1,"['Duomo', 'Teatro Romano', 'Castelvecchio']",San Fermo,"['Museo Storia', 'Museo Radio', 'Casa Giulietta', 'Centro Fotografia', 'Arena']",Arena,strategy_nearest,True,0.002651691436767578,success
04F7523A9C4C80,2,['Torre Lamberti'],Duomo,"['AMO', 'Museo Miniscalchi', 'Santa Anastasia', 'Teatro Romano', 'Palazzo della Ragione']",Castelvecchio,strategy_nearest,False,0.0025787353515625,success
04F753429C4C80,0,['Arena'],Casa Giulietta,"['Centro Fotografia', 'Sighseeing', 'Torre Lamberti', 'Museo Conte', 'Museo Radio']",Tomba Giulietta,strategy_nearest,False,0.0032019615173339844,success
04F7673A9C4C80,3,"['Arena', 'Duomo']",Santa Anastasia,"['AMO', 'Museo Conte', 'Palazzo della Ragione', 'Teatro Romano', 'Centro Fotografia']",San Fermo,strategy_nearest,False,0.0027132034301757812,success
04F76D3A9C4C80,0,['Arena'],Casa Giulietta,"['Centro Fotografia', 'Sighseeing', 'Torre Lamberti', 'Museo Conte', 'Museo Radio']",Castelvecchio,strategy_nearest,False,0.0032987594604492188,success
04F7723A9C4C80,0,['Arena'],Casa Giulietta,"['Centro Fotografia', 'Sighseeing', 'Torre Lamberti', 'Museo Conte', 'Museo Radio']",Castelvecchio,strategy_nearest,False,0.003101825714111328,success
04F7843A9C4C80,0,['Arena'],Casa Giulietta,"['Centro Fotografia', 'Sighseeing', 'Torre Lamberti', 'Museo Conte', 'Museo Radio']",Torre Lamberti,strategy_nearest,True,0.0028600692749023438,success
04F786429C4C80,3,['San Fermo'],Torre Lamberti,"['Sighseeing', 'Centro Fotografia', 'Museo Conte', 'Casa Giulietta', 'Palazzo della Ragione']",Santa Anastasia,strategy_nearest,False,0.003410816192626953,success
04F7864A9C4C80,0,"['Castelvecchio', 'Arena']",Casa Giulietta,"['Centro Fotografia', 'Sighseeing', 'Torre Lamberti', 'Museo Conte', 'Museo Radio']",Duomo,strategy_nearest,False,0.0025610923767089844,success
04F788429C4C80,2,"['Casa Giulietta', 'Torre Lamberti']",Castelvecchio,"['Museo Lapidario', 'Verona Tour', 'Arena', 'Museo Radio', 'San Zeno']",Tomba Giulietta,strategy_nearest,False,0.003203153610229492,success
04F78A429C4C80,3,['Arena'],Torre Lamberti,"['Sighseeing', 'Centro Fotografia', 'Museo Conte', 'Casa Giulietta', 'Palazzo della Ragione']",Duomo,strategy_nearest,False,0.0032820701599121094,success
04F7924A9C4C80,0,['Arena'],Torre Lamberti,"['Sighseeing', 'Centro Fotografia', 'Museo Conte', 'Casa Giulietta', 'Palazzo della Ragione']",Casa Giulietta,strategy_nearest,True,0.002689838409423828,success
04F78B4A9C4C80,0,['Arena'],Torre Lamberti,"['Sighseeing', 'Centro Fotografia', 'Museo Conte', 'Casa Giulietta', 'Palazzo della Ragione']",Casa Giulietta,strategy_nearest,True,0.0018167495727539062,success
04F79C429C4C80,3,"['Arena', 'Casa Giulietta', 'Duomo']",Teatro Romano,"['Santa Anastasia', 'AMO', 'Palazzo della Ragione', 'Museo Conte', 'Centro Fotografia']",Torre Lamberti,strategy_nearest,False,0.003268003463745117,success
04F7A64A9C4C80,0,['Arena'],Casa Giulietta,"['Centro Fotografia', 'Sighseeing', 'Torre Lamberti', 'Museo Conte', 'Museo Radio']",Tomba Giulietta,strategy_nearest,False,0.002687215805053711,success
04F7A63A9C4C80,0,['Castelvecchio'],Arena,"['Verona Tour', 'Museo Lapidario', 'Museo Radio', 'San Fermo', 'Casa Giulietta']",Teatro Romano,strategy_nearest,False,0.002154827117919922,success
04F7A73A9C4C80,2,['Torre Lamberti'],Santa Anastasia,"['AMO', 'Museo Conte', 'Palazzo della Ragione', 'Teatro Romano', 'Centro Fotografia']",Duomo,strategy_nearest,False,0.0033490657806396484,success
04F7A74A9C4C80,0,"['Arena', 'Museo Lapidario']",Castelvecchio,"['Verona Tour', 'Museo Radio', 'San Zeno', 'Sighseeing', 'Museo Miniscalchi']",Giardino Giusti,strategy_nearest,False,0.0019659996032714844,success
04F7A84A9C4C80,3,"['Castelvecchio', 'Arena', 'San Zeno']",Torre Lamberti,"['Sighseeing', 'Centro Fotografia', 'Museo Conte', 'Casa Giulietta', 'Palazzo della Ragione']",San Fermo,strategy_nearest,False,0.0018389225006103516,success
04F7B1429C4C80,0,['Arena'],Casa Giulietta,"['Centro Fotografia', 'Sighseeing', 'Torre Lamberti', 'Museo Conte', 'Museo Radio']",Torre Lamberti,strategy_nearest,True,0.002864837646484375,success
04F7A94A9C4C80,0,"['Casa Giulietta', 'Arena']",Castelvecchio,"['Museo Lapidario', 'Verona Tour', 'Museo Radio', 'San Zeno', 'Sighseeing']",Torre Lamberti,strategy_nearest,False,0.0025491714477539062,success
04F7AA429C4C80,3,['Arena'],Torre Lamberti,"['Sighseeing', 'Centro Fotografia', 'Museo Conte', 'Casa Giulietta', 'Palazzo della Ragione']",Santa Anastasia,strategy_nearest,False,0.0027208328247070312,success
04F7B43A9C4C80,2,"['Castelvecchio', 'Casa Giulietta']",Palazzo della Ragione,"['AMO', 'Museo Conte', 'Torre Lamberti', 'Centro Fotografia', 'Sighseeing']",Torre Lamberti,strategy_nearest,True,0.002721071243286133,success
04F7D13A9C4C80,3,"['Arena', 'Museo Lapidario', 'Castelvecchio']",San Zeno,"['Verona Tour', 'Museo Miniscalchi', 'Sighseeing', 'Museo Radio', 'Torre Lamberti']",Duomo,strategy_nearest,False,0.002009868621826172,success
04F7B33A9C4C80,0,"['Castelvecchio', 'Arena']",Teatro Romano,"['Santa Anastasia', 'Duomo', 'AMO', 'Palazzo della Ragione', 'Museo Conte']",Duomo,strategy_nearest,True,0.0015788078308105469,success
04F7C63A9C4C80,2,['Torre Lamberti'],Santa Anastasia,"['AMO', 'Museo Conte', 'Palazzo della Ragione', 'Teatro Romano', 'Centro Fotografia']",Casa Giulietta,strategy_nearest,False,0.003248929977416992,success
04F7D33A9C4C80,3,"['Casa Giulietta', 'Torre Lamberti', 'Santa Anastasia', 'Castelvecchio']",San Zeno,"['Verona Tour', 'Museo Lapidario', 'Arena', 'Museo Miniscalchi', 'Sighseeing']",Teatro Romano,strategy_nearest,False,0.002009153366088867,success
04F7D53A9C4C80,3,"['San Zeno', 'Teatro Romano', 'Duomo']",Santa Anastasia,"['AMO', 'Museo Conte', 'Palazzo della Ragione', 'Centro Fotografia', 'Torre Lamberti']",Casa Giulietta,strategy_nearest,False,0.00214385986328125,success
04F7D73A9C4C80,1,"['Palazzo della Ragione', 'Torre Lamberti', 'Giardino Giusti', 'Teatro Romano']",Santa Anastasia,"['AMO', 'Museo Conte', 'Centro Fotografia', 'Duomo', 'Sighseeing']",Castelvecchio,strategy_nearest,False,0.0026810169219970703,success
04F7E93A9C4C80,0,['Arena'],Casa Giulietta,"['Centro Fotografia', 'Sighseeing', 'Torre Lamberti', 'Museo Conte', 'Museo Radio']",Torre Lamberti,strategy_nearest,True,0.003245830535888672,success
04F800429C4C84,1,"['Arena', 'San Zeno', 'San Zeno', 'San Zeno']",Torre Lamberti,"['Sighseeing', 'Centro Fotografia', 'Museo Conte', 'Casa Giulietta', 'Palazzo della Ragione']",Palazzo della Ragione,strategy_nearest,True,0.0024261474609375,success
04F7FA429C4C80,3,"['Duomo', 'Casa Giulietta']",Arena,"['Verona Tour', 'Museo Lapidario', 'Museo Radio', 'San Fermo', 'Sighseeing']",Torre Lamberti,strategy_nearest,False,0.001909017562866211,success
04F7EB429C4C80,1,"['Arena', 'Torre Lamberti']",Casa Giulietta,"['Centro Fotografia', 'Sighseeing', 'Museo Conte', 'Museo Radio', 'Palazzo della Ragione']",Duomo,strategy_nearest,False,0.0031578540802001953,success
04F8043A9C4C84,0,['Casa Giulietta'],Santa Anastasia,"['AMO', 'Museo Conte', 'Palazzo della Ragione', 'Teatro Romano', 'Centro Fotografia']",Arena,strategy_nearest,False,0.003275156021118164,success
04F830429C4C80,3,"['Arena', 'Casa Giulietta']",Torre Lamberti,"['Sighseeing', 'Centro Fotografia', 'Museo Conte', 'Palazzo della Ragione', 'AMO']",Santa Anastasia,strategy_nearest,False,0.0025718212127685547,success
04F8264A9C4C80,2,"['Duomo', 'Castelvecchio']",Torre Lamberti,"['Sighseeing', 'Centro Fotografia', 'Museo Conte', 'Casa Giulietta', 'Palazzo della Ragione']",Palazzo della Ragione,strategy_nearest,True,0.0028891563415527344,success
04F80D429C4C84,3,"['Casa Giulietta', 'Torre Lamberti', 'Duomo', 'Teatro Romano']",Museo Storia,"['San Fermo', 'Museo Radio', 'Centro Fotografia', 'Tomba Giulietta', 'Arena']",San Fermo,strategy_nearest,True,0.0020880699157714844,success
04F828429C4C80,2,"['Duomo', 'Torre Lamberti', 'Palazzo della Ragione', 'Casa Giulietta']",San Fermo,"['Museo Storia', 'Museo Radio', 'Centro Fotografia', 'Arena', 'Sighseeing']",Museo Storia,strategy_nearest,True,0.004034996032714844,success
04F84B3A9C4C80,0,['Arena'],Castelvecchio,"['Museo Lapidario', 'Verona Tour', 'Museo Radio', 'San Zeno', 'Sighseeing']",San Zeno,strategy_nearest,True,0.0016090869903564453,success
04F8553A9C4C80,2,['Teatro Romano'],Duomo,"['AMO', 'Museo Miniscalchi', 'Santa Anastasia', 'Palazzo della Ragione', 'Museo Conte']",San Zeno,strategy_nearest,False,0.0020198822021484375,success
04F84F429C4C80,3,"['Castelvecchio', 'San Zeno', 'Duomo']",Arena,"['Verona Tour', 'Museo Lapidario', 'Museo Radio', 'San Fermo', 'Casa Giulietta']",Casa Giulietta,strategy_nearest,True,0.0027458667755126953,success
04F834429C4C80,3,"['San Fermo', 'Arena']",Casa Giulietta,"['Centro Fotografia', 'Sighseeing', 'Torre Lamberti', 'Museo Conte', 'Museo Radio']",Santa Anastasia,strategy_nearest,False,0.0036079883575439453,success
04F877429C4C80,1,['Arena'],Palazzo della Ragione,"['AMO', 'Museo Conte', 'Torre Lamberti', 'Centro Fotografia', 'Sighseeing']",Torre Lamberti,strategy_nearest,True,0.0035049915313720703,success
04F86C3A9C4C80,3,"['Arena', 'Casa Giulietta']",Torre Lamberti,"['Sighseeing', 'Centro Fotografia', 'Museo Conte', 'Palazzo della Ragione', 'AMO']",Duomo,strategy_nearest,False,0.0014889240264892578,success
04F8593A9C4C80,1,"['Teatro Romano', 'Duomo']",Torre Lamberti,"['Sighseeing', 'Centro Fotografia', 'Museo Conte', 'Casa Giulietta', 'Palazzo della Ragione']",Palazzo della Ragione,strategy_nearest,True,0.002335071563720703,success
04F86A429C4C80,3,"['Casa Giulietta', 'Arena']",Torre Lamberti,"['Sighseeing', 'Centro Fotografia', 'Museo Conte', 'Palazzo della Ragione', 'AMO']",Santa Anastasia,strategy_nearest,False,0.003074169158935547,success
04F8894A9C4C80,0,"['Museo Lapidario', 'Torre Lamberti']",Casa Giulietta,"['Centro Fotografia', 'Sighseeing', 'Museo Conte', 'Museo Radio', 'Palazzo della Ragione']",Arena,strategy_nearest,False,0.002042055130004883,success
04F884429C4C80,0,"['Arena', 'Castelvecchio']",Teatro Romano,"['Santa Anastasia', 'Duomo', 'AMO', 'Palazzo della Ragione', 'Museo Conte']",Tomba Giulietta,strategy_nearest,False,0.0035102367401123047,success
04F87A429C4C80,3,"['Casa Giulietta', 'Torre Lamberti', 'Santa Anastasia']",Duomo,"['AMO', 'Museo Miniscalchi', 'Teatro Romano', 'Palazzo della Ragione', 'Museo Conte']",Teatro Romano,strategy_nearest,True,0.0017352104187011719,success
04F881429C4C80,0,['Casa Giulietta'],Arena,"['Verona Tour', 'Museo Lapidario', 'Museo Radio', 'San Fermo', 'Sighseeing']",Museo Lapidario,strategy_nearest,True,0.002911090850830078,success
04F88E4A9C4C80,2,['Casa Giulietta'],Giardino Giusti,"['Santa Anastasia', 'Teatro Romano', 'Museo Conte', 'Centro Fotografia', 'Museo Storia']",Museo Storia,strategy_nearest,True,0.0028569698333740234,success
04F8A4429C4C80,3,['Arena'],Casa Giulietta,"['Centro Fotografia', 'Sighseeing', 'Torre Lamberti', 'Museo Conte', 'Museo Radio']",Santa Anastasia,strategy_nearest,False,0.0014238357543945312,success
04F896429C4C80,0,['Arena'],Casa Giulietta,"['Centro Fotografia', 'Sighseeing', 'Torre Lamberti', 'Museo Conte', 'Museo Radio']",Torre Lamberti,strategy_nearest,True,0.0022127628326416016,success
04F89B4A9C4C80,0,"['Arena', 'Museo Lapidario']",Casa Giulietta,"['Centro Fotografia', 'Sighseeing', 'Torre Lamberti', 'Museo Conte', 'Museo Radio']",Torre Lamberti,strategy_nearest,True,0.003385782241821289,success
04F8A54A9C4C80,2,['San Zeno'],Castelvecchio,"['Museo Lapidario', 'Verona Tour', 'Arena', 'Museo Radio', 'Sighseeing']",Santa Anastasia,strategy_nearest,False,0.0021560192108154297,success
04F8A44A9C4C80,3,['Arena'],Torre Lamberti,"['Sighseeing', 'Centro Fotografia', 'Museo Conte', 'Casa Giulietta', 'Palazzo della Ragione']",Santa Anastasia,strategy_nearest,False,0.0015931129455566406,success
04F8A8429C4C80,3,"['Castelvecchio', 'Santa Anastasia']",Duomo,"['AMO', 'Museo Miniscalchi', 'Teatro Romano', 'Palazzo della Ragione', 'Museo Conte']",Teatro Romano,strategy_nearest,True,0.0032460689544677734,success
04F8AC3A9C4C80,0,['Arena'],San Fermo,"['Museo Storia', 'Museo Radio', 'Casa Giulietta', 'Centro Fotografia', 'Sighseeing']",Teatro Romano,strategy_nearest,False,0.0026140213012695312,success
04F8BB3A9C4C80,0,['Castelvecchio'],Casa Giulietta,"['Centro Fotografia', 'Sighseeing', 'Torre Lamberti', 'Museo Conte', 'Museo Radio']",Arena,strategy_nearest,False,0.0015769004821777344,success
04F8B73A9C4C80,3,"['Arena', 'Casa Giulietta']",Castelvecchio,"['Museo Lapidario', 'Verona Tour', 'Museo Radio', 'San Zeno', 'Sighseeing']",Santa Anastasia,strategy_nearest,False,0.0027818679809570312,success
04F8B03A9C4C80,0,"['Arena', 'San Zeno']",Castelvecchio,"['Museo Lapidario', 'Verona Tour', 'Museo Radio', 'Sighseeing', 'Museo Miniscalchi']",Casa Giulietta,strategy_nearest,False,0.0034170150756835938,success
04F8BB429C4C80,3,['Arena'],Castelvecchio,"['Museo Lapidario', 'Verona Tour', 'Museo Radio', 'San Zeno', 'Sighseeing']",Santa Anastasia,strategy_nearest,False,0.002100229263305664,success
04F8C73A9C4C80,3,"['Arena', 'Torre Lamberti']",Casa Giulietta,"['Centro Fotografia', 'Sighseeing', 'Museo Conte', 'Museo Radio', 'Palazzo della Ragione']",Santa Anastasia,strategy_nearest,False,0.0020380020141601562,success
04F8BC429C4C80,3,"['Arena', 'Casa Giulietta', 'Torre Lamberti']",Santa Anastasia,"['AMO', 'Museo Conte', 'Palazzo della Ragione', 'Teatro Romano', 'Centro Fotografia']",Duomo,strategy_nearest,False,0.0028908252716064453,success
04F8D33A9C4C80,0,['Arena'],Casa Giulietta,"['Centro Fotografia', 'Sighseeing', 'Torre Lamberti', 'Museo Conte', 'Museo Radio']",Castelvecchio,strategy_nearest,False,0.003278017044067383,success
04F8D03A9C4C80,2,['Torre Lamberti'],Teatro Romano,"['Santa Anastasia', 'Duomo', 'AMO', 'Palazzo della Ragione', 'Museo Conte']",Casa Giulietta,strategy_nearest,False,0.0014188289642333984,success
04F8D5429C4C80,3,"['Arena', 'Casa Giulietta', 'Torre Lamberti', 'Santa Anastasia']",Duomo,"['AMO', 'Museo Miniscalchi', 'Teatro Romano', 'Palazzo della Ragione', 'Museo Conte']",Castelvecchio,strategy_nearest,False,0.002794981002807617,success
04F8EE429C4C80,0,['Arena'],San Zeno,"['Castelvecchio', 'Verona Tour', 'Museo Lapidario', 'Museo Miniscalchi', 'Sighseeing']",Castelvecchio,strategy_nearest,True,0.0019881725311279297,success
04F8E83A9C4C80,2,"['Tomba Giulietta', 'Casa Giulietta', 'Torre Lamberti']",Santa Anastasia,"['AMO', 'Museo Conte', 'Palazzo della Ragione', 'Teatro Romano', 'Centro Fotografia']",Teatro Romano,strategy_nearest,True,0.003508329391479492,success
04F8D6429C4C80,2,"['Teatro Romano', 'Museo Lapidario']",Santa Anastasia,"['AMO', 'Museo Conte', 'Palazzo della Ragione', 'Centro Fotografia', 'Duomo']",Duomo,strategy_nearest,True,0.004973173141479492,success
04F8F6429C4C80,0,"['Arena', 'Casa Giulietta']",Tomba Giulietta,"['San Fermo', 'Museo Storia', 'Museo Lapidario', 'Museo Radio', 'Verona Tour']",San Fermo,strategy_nearest,True,0.0031349658966064453,success
04F9033A9C4C84,2,"['Casa Giulietta', 'Santa Anastasia']",Duomo,"['AMO', 'Museo Miniscalchi', 'Teatro Romano', 'Palazzo della Ragione', 'Museo Conte']",Teatro Romano,strategy_nearest,True,0.0034928321838378906,success
04F90E3A9C4C84,0,['Arena'],Casa Giulietta,"['Centro Fotografia', 'Sighseeing', 'Torre Lamberti', 'Museo Conte', 'Museo Radio']",San Fermo,strategy_nearest,False,0.0021979808807373047,success
04F90C429C4C84,0,['Arena'],Torre Lamberti,"['Sighseeing', 'Centro Fotografia', 'Museo Conte', 'Casa Giulietta', 'Palazzo della Ragione']",Castelvecchio,strategy_nearest,False,0.0028679370880126953,success
04F922429C4C80,0,"['San Zeno', 'Arena']",Casa Giulietta,"['Centro Fotografia', 'Sighseeing', 'Torre Lamberti', 'Museo Conte', 'Museo Radio']",Giardino Giusti,strategy_nearest,False,0.0015139579772949219,success
04F932429C4C80,2,['Castelvecchio'],Torre Lamberti,"['Sighseeing', 'Centro Fotografia', 'Museo Conte', 'Casa Giulietta', 'Palazzo della Ragione']",Casa Giulietta,strategy_nearest,True,0.002630949020385742,success
04F92F3A9C4C80,3,"['Duomo', 'Arena', 'Giardino Giusti']",Teatro Romano,"['Santa Anastasia', 'AMO', 'Palazzo della Ragione', 'Museo Conte', 'Centro Fotografia']",Casa Giulietta,strategy_nearest,False,0.003461122512817383,success
04F930429C4C80,3,"['Arena', 'Museo Lapidario', 'San Fermo']",Museo Storia,"['Museo Radio', 'Casa Giulietta', 'Centro Fotografia', 'Tomba Giulietta', 'Torre Lamberti']",Casa Giulietta,strategy_nearest,True,0.001310110092163086,success
04F92E429C4C80,3,"['Castelvecchio', 'Arena']",Casa Giulietta,"['Centro Fotografia', 'Sighseeing', 'Torre Lamberti', 'Museo Conte', 'Museo Radio']",Santa Anastasia,strategy_nearest,False,0.00232696533203125,success
04F945429C4C80,2,['Castelvecchio'],Santa Anastasia,"['AMO', 'Museo Conte', 'Palazzo della Ragione', 'Teatro Romano', 'Centro Fotografia']",Casa Giulietta,strategy_nearest,False,0.002000093460083008,success
04F94D429C4C80,0,['Arena'],Casa Giulietta,"['Centro Fotografia', 'Sighseeing', 'Torre Lamberti', 'Museo Conte', 'Museo Radio']",Tomba Giulietta,strategy_nearest,False,0.002702951431274414,success
04F94B3A9C4C80,0,['Arena'],Casa Giulietta,"['Centro Fotografia', 'Sighseeing', 'Torre Lamberti', 'Museo Conte', 'Museo Radio']",Teatro Romano,strategy_nearest,False,0.001390695571899414,success
04F956429C4C80,3,"['Arena', 'Casa Giulietta', 'Duomo']",Torre Lamberti,"['Sighseeing', 'Centro Fotografia', 'Museo Conte', 'Palazzo della Ragione', 'AMO']",Teatro Romano,strategy_nearest,False,0.0033330917358398438,success
04F959429C4C80,1,"['Palazzo della Ragione', 'Torre Lamberti', 'Casa Giulietta']",Arena,"['Verona Tour', 'Museo Lapidario', 'Museo Radio', 'San Fermo', 'Sighseeing']",Castelvecchio,strategy_nearest,False,0.0024356842041015625,success
04F974429C4C80,2,['Torre Lamberti'],Palazzo della Ragione,"['AMO', 'Museo Conte', 'Centro Fotografia', 'Sighseeing', 'Santa Anastasia']",Santa Anastasia,strategy_nearest,True,0.0023651123046875,success
04F9623A9C4C80,3,"['Arena', 'Santa Anastasia', 'Castelvecchio']",San Zeno,"['Verona Tour', 'Museo Lapidario', 'Museo Miniscalchi', 'Sighseeing', 'Museo Radio']",Torre Lamberti,strategy_nearest,False,0.003996849060058594,success
04F969429C4C80,0,['Casa Giulietta'],Arena,"['Verona Tour', 'Museo Lapidario', 'Museo Radio', 'San Fermo', 'Sighseeing']",Castelvecchio,strategy_nearest,False,0.0024919509887695312,success
04F97E4A9C4C80,0,['Arena'],Casa Giulietta,"['Centro Fotografia', 'Sighseeing', 'Torre Lamberti', 'Museo Conte', 'Museo Radio']",Santa Anastasia,strategy_nearest,False,0.002039194107055664,success
04F97F3A9C4C80,3,"['Arena', 'Torre Lamberti']",Santa Anastasia,"['AMO', 'Museo Conte', 'Palazzo della Ragione', 'Teatro Romano', 'Centro Fotografia']",Duomo,strategy_nearest,False,0.002580881118774414,success
04F978429C4C80,1,"['Museo Lapidario', 'Arena']",Torre Lamberti,"['Sighseeing', 'Centro Fotografia', 'Museo Conte', 'Casa Giulietta', 'Palazzo della Ragione']",Palazzo della Ragione,strategy_nearest,True,0.0019562244415283203,success
04F97B3A9C4C80,2,['Teatro Romano'],Torre Lamberti,"['Sighseeing', 'Centro Fotografia', 'Museo Conte', 'Casa Giulietta', 'Palazzo della Ragione']",Casa Giulietta,strategy_nearest,True,0.004128932952880859,success
04F981429C4C80,3,['Arena'],Torre Lamberti,"['Sighseeing', 'Centro Fotografia', 'Museo Conte', 'Casa Giulietta', 'Palazzo della Ragione']",Santa Anastasia,strategy_nearest,False,0.003419160842895508,success
04F98E4A9C4C80,1,['Arena'],Casa Giulietta,"['Centro Fotografia', 'Sighseeing', 'Torre Lamberti', 'Museo Conte', 'Museo Radio']",Teatro Romano,strategy_nearest,False,0.0031778812408447266,success
04F984429C4C80,0,['Arena'],Casa Giulietta,"['Centro Fotografia', 'Sighseeing', 'Torre Lamberti', 'Museo Conte', 'Museo Radio']",Palazzo della Ragione,strategy_nearest,False,0.002209186553955078,success
04F98E3A9C4C80,0,['Arena'],Castelvecchio,"['Museo Lapidario', 'Verona Tour', 'Museo Radio', 'San Zeno', 'Sighseeing']",Casa Giulietta,strategy_nearest,False,0.003304004669189453,success
04F9A24A9C4C80,3,"['Tomba Giulietta', 'Arena', 'Casa Giulietta']",Torre Lamberti,"['Sighseeing', 'Centro Fotografia', 'Museo Conte', 'Palazzo della Ragione', 'AMO']",Santa Anastasia,strategy_nearest,False,0.002063751220703125,success
04F9934A9C4C80,1,"['Arena', 'Torre Lamberti']",Palazzo della Ragione,"['AMO', 'Museo Conte', 'Centro Fotografia', 'Sighseeing', 'Santa Anastasia']",Santa Anastasia,strategy_nearest,True,0.0010831356048583984,success
04F9A44A9C4C80,0,"['Arena', 'Castelvecchio']",Duomo,"['AMO', 'Museo Miniscalchi', 'Santa Anastasia', 'Teatro Romano', 'Palazzo della Ragione']",Torre Lamberti,strategy_nearest,False,0.003282785415649414,success
04F9A2429C4C80,3,"['Arena', 'Castelvecchio']",Torre Lamberti,"['Sighseeing', 'Centro Fotografia', 'Museo Conte', 'Casa Giulietta', 'Palazzo della Ragione']",Santa Anastasia,strategy_nearest,False,0.0027866363525390625,success
04F9B1429C4C80,2,['Casa Giulietta'],Castelvecchio,"['Museo Lapidario', 'Verona Tour', 'Arena', 'Museo Radio', 'San Zeno']",Tomba Giulietta,strategy_nearest,False,0.0045318603515625,success
04F9B63A9C4C80,0,"['Arena', 'Casa Giulietta']",Tomba Giulietta,"['San Fermo', 'Museo Storia', 'Museo Lapidario', 'Museo Radio', 'Verona Tour']",Castelvecchio,strategy_nearest,False,0.002009868621826172,success
04F9B8429C4C80,2,"['San Fermo', 'Casa Giulietta']",Torre Lamberti,"['Sighseeing', 'Centro Fotografia', 'Museo Conte', 'Palazzo della Ragione', 'AMO']",Santa Anastasia,strategy_nearest,False,0.002569913864135742,success
04F9B53A9C4C80,3,['Arena'],Casa Giulietta,"['Centro Fotografia', 'Sighseeing', 'Torre Lamberti', 'Museo Conte', 'Museo Radio']",Santa Anastasia,strategy_nearest,False,0.002154111862182617,success
04F9D53A9C4C80,3,"['Arena', 'San Fermo', 'Casa Giulietta', 'Torre Lamberti']",Santa Anastasia,"['AMO', 'Museo Conte', 'Palazzo della Ragione', 'Teatro Romano', 'Centro Fotografia']",Teatro Romano,strategy_nearest,True,0.0021409988403320312,success
04F9ED429C4C80,0,['Arena'],Castelvecchio,"['Museo Lapidario', 'Verona Tour', 'Museo Radio', 'San Zeno', 'Sighseeing']",Teatro Romano,strategy_nearest,False,0.0032291412353515625,success
04F9EF3A9C4C80,0,['Arena'],Casa Giulietta,"['Centro Fotografia', 'Sighseeing', 'Torre Lamberti', 'Museo Conte', 'Museo Radio']",Santa Anastasia,strategy_nearest,False,0.002595663070678711,success
04F9C03A9C4C80,0,['Arena'],Casa Giulietta,"['Centro Fotografia', 'Sighseeing', 'Torre Lamberti', 'Museo Conte', 'Museo Radio']",Torre Lamberti,strategy_nearest,True,0.0015492439270019531,success
04F9F93A9C4C80,0,['Arena'],Torre Lamberti,"['Sighseeing', 'Centro Fotografia', 'Museo Conte', 'Casa Giulietta', 'Palazzo della Ragione']",Casa Giulietta,strategy_nearest,True,0.0022079944610595703,success
04F9FD3A9C4C80,0,['Arena'],Casa Giulietta,"['Centro Fotografia', 'Sighseeing', 'Torre Lamberti', 'Museo Conte', 'Museo Radio']",Torre Lamberti,strategy_nearest,True,0.0015370845794677734,success
04F9F43A9C4C80,2,['Castelvecchio'],Casa Giulietta,"['Centro Fotografia', 'Sighseeing', 'Torre Lamberti', 'Museo Conte', 'Museo Radio']",Torre Lamberti,strategy_nearest,True,0.00403285026550293,success
04FA10429C4C84,2,['Casa Giulietta'],Torre Lamberti,"['Sighseeing', 'Centro Fotografia', 'Museo Conte', 'Palazzo della Ragione', 'AMO']",Teatro Romano,strategy_nearest,False,0.0032749176025390625,success
04FA34429C4C80,0,"['San Fermo', 'Castelvecchio']",Arena,"['Verona Tour', 'Museo Lapidario', 'Museo Radio', 'Casa Giulietta', 'Sighseeing']",Casa Giulietta,strategy_nearest,True,0.0027289390563964844,success
04FA42429C4C80,1,"['Arena', 'Casa Giulietta']",Torre Lamberti,"['Sighseeing', 'Centro Fotografia', 'Museo Conte', 'Palazzo della Ragione', 'AMO']",Palazzo della Ragione,strategy_nearest,True,0.002568960189819336,success
04FA343A9C4C80,1,"['Santa Anastasia', 'Arena']",Castelvecchio,"['Museo Lapidario', 'Verona Tour', 'Museo Radio', 'San Zeno', 'Sighseeing']",Casa Giulietta,strategy_nearest,False,0.004578113555908203,success
04FA403A9C4C80,0,['Arena'],Casa Giulietta,"['Centro Fotografia', 'Sighseeing', 'Torre Lamberti', 'Museo Conte', 'Museo Radio']",Torre Lamberti,strategy_nearest,True,0.0014328956604003906,success
04FA57429C4C80,0,"['Arena', 'Castelvecchio']",Casa Giulietta,"['Centro Fotografia', 'Sighseeing', 'Torre Lamberti', 'Museo Conte', 'Museo Radio']",San Zeno,strategy_nearest,False,0.0027701854705810547,success
04FA78429C4C80,3,['Arena'],Castelvecchio,"['Museo Lapidario', 'Verona Tour', 'Museo Radio', 'San Zeno', 'Sighseeing']",Santa Anastasia,strategy_nearest,False,0.0020012855529785156,success
04FA59429C4C80,3,"['Casa Giulietta', 'San Fermo', 'Tomba Giulietta', 'Museo Storia']",Arena,"['Verona Tour', 'Museo Lapidario', 'Museo Radio', 'Sighseeing', 'Castelvecchio']",Castelvecchio,strategy_nearest,True,0.0033478736877441406,success
04FA74429C4C80,1,"['Arena', 'Casa Giulietta']",Palazzo della Ragione,"['AMO', 'Museo Conte', 'Torre Lamberti', 'Centro Fotografia', 'Sighseeing']",Torre Lamberti,strategy_nearest,True,0.0015420913696289062,success
04FA82429C4C80,2,"['Duomo', 'Teatro Romano']",Santa Anastasia,"['AMO', 'Museo Conte', 'Palazzo della Ragione', 'Centro Fotografia', 'Torre Lamberti']",Torre Lamberti,strategy_nearest,True,0.002167224884033203,success
04FA7E3A9C4C80,0,['Arena'],Casa Giulietta,"['Centro Fotografia', 'Sighseeing', 'Torre Lamberti', 'Museo Conte', 'Museo Radio']",Torre Lamberti,strategy_nearest,True,0.002162933349609375,success
04FA824A9C4C80,3,['Santa Anastasia'],Arena,"['Verona Tour', 'Museo Lapidario', 'Museo Radio', 'San Fermo', 'Casa Giulietta']",Duomo,strategy_nearest,False,0.0026628971099853516,success
04FA843A9C4C80,0,['Arena'],Casa Giulietta,"['Centro Fotografia', 'Sighseeing', 'Torre Lamberti', 'Museo Conte', 'Museo Radio']",Torre Lamberti,strategy_nearest,True,0.0032379627227783203,success
04FA8C429C4C80,0,['San Fermo'],Casa Giulietta,"['Centro Fotografia', 'Sighseeing', 'Torre Lamberti', 'Museo Conte', 'Museo Radio']",Arena,strategy_nearest,False,0.0020847320556640625,success
04FA84429C4C80,2,['Casa Giulietta'],Torre Lamberti,"['Sighseeing', 'Centro Fotografia', 'Museo Conte', 'Palazzo della Ragione', 'AMO']",Duomo,strategy_nearest,False,0.0046100616455078125,success
04FA87429C4C80,2,"['Castelvecchio', 'Duomo']",Teatro Romano,"['Santa Anastasia', 'AMO', 'Palazzo della Ragione', 'Museo Conte', 'Centro Fotografia']",Tomba Giulietta,strategy_nearest,False,0.001519918441772461,success
04FA86429C4C80,0,"['Arena', 'Casa Giulietta']",Castelvecchio,"['Museo Lapidario', 'Verona Tour', 'Museo Radio', 'San Zeno', 'Sighseeing']",San Zeno,strategy_nearest,True,0.0033719539642333984,success
04FA9A4A9C4C80,3,['Arena'],Torre Lamberti,"['Sighseeing', 'Centro Fotografia', 'Museo Conte', 'Casa Giulietta', 'Palazzo della Ragione']",Santa Anastasia,strategy_nearest,False,0.0031299591064453125,success
04FA8E4A9C4C80,3,"['Museo Lapidario', 'Arena']",Torre Lamberti,"['Sighseeing', 'Centro Fotografia', 'Museo Conte', 'Casa Giulietta', 'Palazzo della Ragione']",Giardino Giusti,strategy_nearest,False,0.003932952880859375,success
04FA97429C4C80,3,"['Arena', 'Casa Giulietta']",Torre Lamberti,"['Sighseeing', 'Centro Fotografia', 'Museo Conte', 'Palazzo della Ragione', 'AMO']",Teatro Romano,strategy_nearest,False,0.00156402587890625,success
04FA974A9C4C80,3,"['Arena', 'Casa Giulietta']",Teatro Romano,"['Santa Anastasia', 'Duomo', 'AMO', 'Palazzo della Ragione', 'Museo Conte']",Duomo,strategy_nearest,True,0.0020449161529541016,success
04FA9E429C4C80,2,['Torre Lamberti'],Casa Giulietta,"['Centro Fotografia', 'Sighseeing', 'Museo Conte', 'Museo Radio', 'Palazzo della Ragione']",Castelvecchio,strategy_nearest,False,0.002173900604248047,success
04FAA34A9C4C80,0,['Arena'],Casa Giulietta,"['Centro Fotografia', 'Sighseeing', 'Torre Lamberti', 'Museo Conte', 'Museo Radio']",Torre Lamberti,strategy_nearest,True,0.002562999725341797,success
04FA9C4A9C4C80,0,"['Arena', 'Casa Giulietta']",Torre Lamberti,"['Sighseeing', 'Centro Fotografia', 'Museo Conte', 'Palazzo della Ragione', 'AMO']",Tomba Giulietta,strategy_nearest,False,0.0033850669860839844,success
04FAA2429C4C80,1,['Arena'],Casa Giulietta,"['Centro Fotografia', 'Sighseeing', 'Torre Lamberti', 'Museo Conte', 'Museo Radio']",Torre Lamberti,strategy_nearest,True,0.0015430450439453125,success
04FAA5429C4C80,0,['Arena'],Giardino Giusti,"['Santa Anastasia', 'Teatro Romano', 'Museo Conte', 'Centro Fotografia', 'Museo Storia']",Teatro Romano,strategy_nearest,True,0.003980159759521484,success
04FAA64A9C4C80,3,"['Arena', 'Casa Giulietta', 'Torre Lamberti']",Teatro Romano,"['Santa Anastasia', 'Duomo', 'AMO', 'Palazzo della Ragione', 'Museo Conte']",Duomo,strategy_nearest,True,0.002087831497192383,success
04FAA7429C4C80,3,"['Arena', 'Santa Anastasia']",Duomo,"['AMO', 'Museo Miniscalchi', 'Teatro Romano', 'Palazzo della Ragione', 'Museo Conte']",Teatro Romano,strategy_nearest,True,0.0033638477325439453,success
04FAA54A9C4C80,0,['Arena'],Museo Lapidario,"['Verona Tour', 'Castelvecchio', 'Museo Radio', 'San Fermo', 'Casa Giulietta']",Casa Giulietta,strategy_nearest,True,0.0015900135040283203,success
04FAAD429C4C80,0,['Arena'],Casa Giulietta,"['Centro Fotografia', 'Sighseeing', 'Torre Lamberti', 'Museo Conte', 'Museo Radio']",Torre Lamberti,strategy_nearest,True,0.0033600330352783203,success
04FAB5429C4C80,3,['Arena'],Santa Anastasia,"['AMO', 'Museo Conte', 'Palazzo della Ragione', 'Teatro Romano', 'Centro Fotografia']",Duomo,strategy_nearest,False,0.001405954360961914,success
04FAA94A9C4C80,0,"['Arena', 'Castelvecchio']",Duomo,"['AMO', 'Museo Miniscalchi', 'Santa Anastasia', 'Teatro Romano', 'Palazzo della Ragione']",Torre Lamberti,strategy_nearest,False,0.002774953842163086,success
04FAB9429C4C80,3,"['Arena', 'Castelvecchio', 'Museo Lapidario']",Casa Giulietta,"['Centro Fotografia', 'Sighseeing', 'Torre Lamberti', 'Museo Conte', 'Museo Radio']",San Fermo,strategy_nearest,False,0.0032248497009277344,success
04FAC5429C4C80,0,['Arena'],Teatro Romano,"['Santa Anastasia', 'Duomo', 'AMO', 'Palazzo della Ragione', 'Museo Conte']",Giardino Giusti,strategy_nearest,False,0.003300189971923828,success
04FACD3A9C4C80,0,['Arena'],Casa Giulietta,"['Centro Fotografia', 'Sighseeing', 'Torre Lamberti', 'Museo Conte', 'Museo Radio']",Castelvecchio,strategy_nearest,False,0.002096891403198242,success
04FAC53A9C4C80,3,"['Casa Giulietta', 'Torre Lamberti', 'Santa Anastasia']",Duomo,"['AMO', 'Museo Miniscalchi', 'Teatro Romano', 'Palazzo della Ragione', 'Museo Conte']",Castelvecchio,strategy_nearest,False,0.003340005874633789,success
04FAD1429C4C80,3,"['Torre Lamberti', 'Casa Giulietta', 'Santa Anastasia']",Duomo,"['AMO', 'Museo Miniscalchi', 'Teatro Romano', 'Palazzo della Ragione', 'Museo Conte']",Tomba Giulietta,strategy_nearest,False,0.0013501644134521484,success
04FAD5429C4C80,3,"['Arena', 'Castelvecchio', 'Casa Giulietta']",Torre Lamberti,"['Sighseeing', 'Centro Fotografia', 'Museo Conte', 'Palazzo della Ragione', 'AMO']",Duomo,strategy_nearest,False,0.0015540122985839844,success
04FAF4429C4C80,3,"['San Zeno', 'Teatro Romano', 'Santa Anastasia', 'Torre Lamberti']",Castelvecchio,"['Museo Lapidario', 'Verona Tour', 'Arena', 'Museo Radio', 'Sighseeing']",Arena,strategy_nearest,True,0.0030739307403564453,success
04FAEA3A9C4C80,2,['Castelvecchio'],Casa Giulietta,"['Centro Fotografia', 'Sighseeing', 'Torre Lamberti', 'Museo Conte', 'Museo Radio']",Duomo,strategy_nearest,False,0.0025811195373535156,success
04FAE93A9C4C80,1,"['Arena', 'Castelvecchio']",Palazzo della Ragione,"['AMO', 'Museo Conte', 'Torre Lamberti', 'Centro Fotografia', 'Sighseeing']",Torre Lamberti,strategy_nearest,True,0.002115964889526367,success
04FAF83A9C4C80,0,"['Casa Giulietta', 'Arena']",Teatro Romano,"['Santa Anastasia', 'Duomo', 'AMO', 'Palazzo della Ragione', 'Museo Conte']",Duomo,strategy_nearest,True,0.0024309158325195312,success
04FAF5429C4C80,0,"['Arena', 'Casa Giulietta']",Tomba Giulietta,"['San Fermo', 'Museo Storia', 'Museo Lapidario', 'Museo Radio', 'Verona Tour']",San Fermo,strategy_nearest,True,0.0013608932495117188,success
04FAFA3A9C4C80,3,"['Castelvecchio', 'Castelvecchio', 'Arena']",Casa Giulietta,"['Centro Fotografia', 'Sighseeing', 'Torre Lamberti', 'Museo Conte', 'Museo Radio']",Torre Lamberti,strategy_nearest,True,0.0029571056365966797,success
04FAFB3A9C4C80,3,"['Arena', 'Casa Giulietta']",Santa Anastasia,"['AMO', 'Museo Conte', 'Palazzo della Ragione', 'Teatro Romano', 'Centro Fotografia']",Duomo,strategy_nearest,False,0.003589153289794922,success
04FB254A9C4C80,0,"['Arena', 'Casa Giulietta', 'Torre Lamberti']",Teatro Romano,"['Santa Anastasia', 'Duomo', 'AMO', 'Palazzo della Ragione', 'Museo Conte']",Giardino Giusti,strategy_nearest,False,0.002045869827270508,success
04FB063A9C4C84,0,['Arena'],Casa Giulietta,"['Centro Fotografia', 'Sighseeing', 'Torre Lamberti', 'Museo Conte', 'Museo Radio']",Torre Lamberti,strategy_nearest,True,0.003309011459350586,success
04FB263A9C4C80,1,"['Arena', 'Castelvecchio', 'Torre Lamberti', 'Palazzo della Ragione']",Casa Giulietta,"['Centro Fotografia', 'Sighseeing', 'Museo Conte', 'Museo Radio', 'San Fermo']",Santa Anastasia,strategy_nearest,False,0.003487825393676758,success
04FAFE3A9C4C80,3,['Arena'],Castelvecchio,"['Museo Lapidario', 'Verona Tour', 'Museo Radio', 'San Zeno', 'Sighseeing']",Santa Anastasia,strategy_nearest,False,0.002833127975463867,success
04FB294A9C4C80,3,"['Arena', 'Casa Giulietta', 'Torre Lamberti']",Santa Anastasia,"['AMO', 'Museo Conte', 'Palazzo della Ragione', 'Teatro Romano', 'Centro Fotografia']",Castelvecchio,strategy_nearest,False,0.002267122268676758,success
04FB293A9C4C80,3,"['Duomo', 'Arena']",Castelvecchio,"['Museo Lapidario', 'Verona Tour', 'Museo Radio', 'San Zeno', 'Sighseeing']",San Zeno,strategy_nearest,True,0.0038411617279052734,success
04FB2C3A9C4C80,0,['Castelvecchio'],Casa Giulietta,"['Centro Fotografia', 'Sighseeing', 'Torre Lamberti', 'Museo Conte', 'Museo Radio']",Teatro Romano,strategy_nearest,False,0.0029840469360351562,success
04FB303A9C4C80,0,"['Castelvecchio', 'Arena']",Torre Lamberti,"['Sighseeing', 'Centro Fotografia', 'Museo Conte', 'Casa Giulietta', 'Palazzo della Ragione']",Teatro Romano,strategy_nearest,False,0.0024671554565429688,success
04FB314A9C4C80,3,"['Arena', 'Casa Giulietta', 'Tomba Giulietta']",Santa Anastasia,"['AMO', 'Museo Conte', 'Palazzo della Ragione', 'Teatro Romano', 'Centro Fotografia']",Castelvecchio,strategy_nearest,False,0.0025730133056640625,success
04FB36429C4C80,2,['Castelvecchio'],Torre Lamberti,"['Sighseeing', 'Centro Fotografia', 'Museo Conte', 'Casa Giulietta', 'Palazzo della Ragione']",Casa Giulietta,strategy_nearest,True,0.002335071563720703,success
04FB78429C4C80,2,"['Casa Giulietta', 'Giardino Giusti']",Teatro Romano,"['Santa Anastasia', 'Duomo', 'AMO', 'Palazzo della Ragione', 'Museo Conte']",Santa Anastasia,strategy_nearest,True,0.0022068023681640625,success
04FB583A9C4C80,3,"['Casa Giulietta', 'Arena', 'Castelvecchio']",San Zeno,"['Verona Tour', 'Museo Lapidario', 'Museo Miniscalchi', 'Sighseeing', 'Museo Radio']",Torre Lamberti,strategy_nearest,False,0.0035409927368164062,success
04FB814A9C4C80,3,['Arena'],Casa Giulietta,"['Centro Fotografia', 'Sighseeing', 'Torre Lamberti', 'Museo Conte', 'Museo Radio']",Torre Lamberti,strategy_nearest,True,0.0032529830932617188,success
04FB6E3A9C4C80,3,"['Castelvecchio', 'San Zeno', 'Santa Anastasia', 'Duomo']",Casa Giulietta,"['Centro Fotografia', 'Sighseeing', 'Torre Lamberti', 'Museo Conte', 'Museo Radio']",Teatro Romano,strategy_nearest,False,0.0028197765350341797,success
04FB82429C4C80,0,"['Casa Giulietta', 'Arena']",Castelvecchio,"['Museo Lapidario', 'Verona Tour', 'Museo Radio', 'San Zeno', 'Sighseeing']",Museo Storia,strategy_nearest,False,0.002067089080810547,success
04FB824A9C4C80,3,['Santa Anastasia'],Arena,"['Verona Tour', 'Museo Lapidario', 'Museo Radio', 'San Fermo', 'Casa Giulietta']",Duomo,strategy_nearest,False,0.0027267932891845703,success
04FB86429C4C80,1,"['Casa Giulietta', 'Santa Anastasia', 'Teatro Romano']",Duomo,"['AMO', 'Museo Miniscalchi', 'Palazzo della Ragione', 'Museo Conte', 'Torre Lamberti']",Torre Lamberti,strategy_nearest,True,0.0033838748931884766,success
04FB83429C4C80,1,['Arena'],Torre Lamberti,"['Sighseeing', 'Centro Fotografia', 'Museo Conte', 'Casa Giulietta', 'Palazzo della Ragione']",Palazzo della Ragione,strategy_nearest,True,0.0027227401733398438,success
04FB9B429C4C80,0,"['Arena', 'Castelvecchio']",Casa Giulietta,"['Centro Fotografia', 'Sighseeing', 'Torre Lamberti', 'Museo Conte', 'Museo Radio']",Torre Lamberti,strategy_nearest,True,0.0017290115356445312,success
04FB9D4A9C4C80,2,"['Casa Giulietta', 'San Fermo']",Santa Anastasia,"['AMO', 'Museo Conte', 'Palazzo della Ragione', 'Teatro Romano', 'Centro Fotografia']",Duomo,strategy_nearest,False,0.002721071243286133,success
04FBA63A9C4C80,0,['Arena'],Casa Giulietta,"['Centro Fotografia', 'Sighseeing', 'Torre Lamberti', 'Museo Conte', 'Museo Radio']",Duomo,strategy_nearest,False,0.0030059814453125,success
04FBA6429C4C80,2,['Castelvecchio'],Santa Anastasia,"['AMO', 'Museo Conte', 'Palazzo della Ragione', 'Teatro Romano', 'Centro Fotografia']",Duomo,strategy_nearest,False,0.002675294876098633,success
04FBAA3A9C4C80,2,"['Museo Lapidario', 'Casa Giulietta']",Santa Anastasia,"['AMO', 'Museo Conte', 'Palazzo della Ragione', 'Teatro Romano', 'Centro Fotografia']",Duomo,strategy_nearest,False,0.0039479732513427734,success
04FBB4429C4C80,2,['Castelvecchio'],Casa Giulietta,"['Centro Fotografia', 'Sighseeing', 'Torre Lamberti', 'Museo Conte', 'Museo Radio']",San Fermo,strategy_nearest,False,0.0025827884674072266,success
04FBBE3A9C4C80,3,['Arena'],Torre Lamberti,"['Sighseeing', 'Centro Fotografia', 'Museo Conte', 'Casa Giulietta', 'Palazzo della Ragione']",Santa Anastasia,strategy_nearest,False,0.002022266387939453,success
04FBD53A9C4C80,0,['Arena'],Casa Giulietta,"['Centro Fotografia', 'Sighseeing', 'Torre Lamberti', 'Museo Conte', 'Museo Radio']",Castelvecchio,strategy_nearest,False,0.0032880306243896484,success
04FBE93A9C4C80,0,['Arena'],Casa Giulietta,"['Centro Fotografia', 'Sighseeing', 'Torre Lamberti', 'Museo Conte', 'Museo Radio']",Tomba Giulietta,strategy_nearest,False,0.0027740001678466797,success
04FBE4429C4C80,0,['Castelvecchio'],Arena,"['Verona Tour', 'Museo Lapidario', 'Museo Radio', 'San Fermo', 'Casa Giulietta']",Casa Giulietta,strategy_nearest,True,0.003448009490966797,success
04FBD9429C4C80,1,"['Teatro Romano', 'Casa Giulietta', 'San Fermo', 'Arena', 'Duomo']",Santa Anastasia,"['AMO', 'Museo Conte', 'Palazzo della Ragione', 'Centro Fotografia', 'Torre Lamberti']",San Zeno,strategy_nearest,False,0.0022428035736083984,success
04FBFF3A9C4C80,0,"['Castelvecchio', 'Arena']",Santa Anastasia,"['AMO', 'Museo Conte', 'Palazzo della Ragione', 'Teatro Romano', 'Centro Fotografia']",Casa Giulietta,strategy_nearest,False,0.0034110546112060547,success
04FC0F429C4C84,0,['Arena'],Casa Giulietta,"['Centro Fotografia', 'Sighseeing', 'Torre Lamberti', 'Museo Conte', 'Museo Radio']",Castelvecchio,strategy_nearest,False,0.002766847610473633,success
04FC063A9C4C84,3,"['Arena', 'Tomba Giulietta']",Teatro Romano,"['Santa Anastasia', 'Duomo', 'AMO', 'Palazzo della Ragione', 'Museo Conte']",Duomo,strategy_nearest,True,0.0018689632415771484,success
04FC244A9C4C80,3,"['Casa Giulietta', 'Santa Anastasia']",Duomo,"['AMO', 'Museo Miniscalchi', 'Teatro Romano', 'Palazzo della Ragione', 'Museo Conte']",Castelvecchio,strategy_nearest,False,0.0026857852935791016,success
04FC10429C4C84,2,['Casa Giulietta'],Duomo,"['AMO', 'Museo Miniscalchi', 'Santa Anastasia', 'Teatro Romano', 'Palazzo della Ragione']",Giardino Giusti,strategy_nearest,False,0.003438711166381836,success
04FC3C429C4C80,1,"['Torre Lamberti', 'Teatro Romano', 'Duomo', 'Santa Anastasia']",Castelvecchio,"['Museo Lapidario', 'Verona Tour', 'Arena', 'Museo Radio', 'San Zeno']",Arena,strategy_nearest,True,0.0021431446075439453,success
04FC3D3A9C4C80,3,"['Arena', 'Casa Giulietta', 'Castelvecchio']",Tomba Giulietta,"['San Fermo', 'Museo Storia', 'Museo Lapidario', 'Museo Radio', 'Verona Tour']",San Zeno,strategy_nearest,False,0.003960132598876953,success
04FC3E429C4C80,3,"['Tomba Giulietta', 'Arena', 'Castelvecchio']",Torre Lamberti,"['Sighseeing', 'Centro Fotografia', 'Museo Conte', 'Casa Giulietta', 'Palazzo della Ragione']",Santa Anastasia,strategy_nearest,False,0.0026879310607910156,success
04FC2C429C4C80,0,"['Arena', 'Museo Lapidario', 'Castelvecchio']",Torre Lamberti,"['Sighseeing', 'Centro Fotografia', 'Museo Conte', 'Casa Giulietta', 'Palazzo della Ragione']",Casa Giulietta,strategy_nearest,True,0.0034399032592773438,success
04FC42429C4C80,3,"['Arena', 'Santa Anastasia']",Duomo,"['AMO', 'Museo Miniscalchi', 'Teatro Romano', 'Palazzo della Ragione', 'Museo Conte']",Teatro Romano,strategy_nearest,True,0.002351999282836914,success
04FC4B3A9C4C80,3,"['Torre Lamberti', 'Santa Anastasia', 'Duomo', 'San Fermo']",Casa Giulietta,"['Centro Fotografia', 'Sighseeing', 'Museo Conte', 'Museo Radio', 'Palazzo della Ragione']",Arena,strategy_nearest,False,0.0027189254760742188,success
04FC463A9C4C80,3,"['Duomo', 'Teatro Romano']",Castelvecchio,"['Museo Lapidario', 'Verona Tour', 'Arena', 'Museo Radio', 'San Zeno']",Arena,strategy_nearest,True,0.003496885299682617,success
04FC4C3A9C4C80,0,['Arena'],Casa Giulietta,"['Centro Fotografia', 'Sighseeing', 'Torre Lamberti', 'Museo Conte', 'Museo Radio']",Castelvecchio,strategy_nearest,False,0.0020678043365478516,success
04FC55429C4C80,3,"['Torre Lamberti', 'Museo Lapidario']",San Fermo,"['Museo Storia', 'Museo Radio', 'Casa Giulietta', 'Centro Fotografia', 'Arena']",Teatro Romano,strategy_nearest,False,0.0016918182373046875,success
04FC563A9C4C80,3,['Arena'],Santa Anastasia,"['AMO', 'Museo Conte', 'Palazzo della Ragione', 'Teatro Romano', 'Centro Fotografia']",Duomo,strategy_nearest,False,0.002443075180053711,success
04FC623A9C4C80,2,"['Tomba Giulietta', 'San Zeno', 'Giardino Giusti']",Teatro Romano,"['Santa Anastasia', 'Duomo', 'AMO', 'Palazzo della Ragione', 'Museo Conte']",Duomo,strategy_nearest,True,0.0023109912872314453,success
04FC7C4A9C4C80,3,"['Arena', 'Casa Giulietta', 'San Fermo', 'Santa Anastasia']",Teatro Romano,"['Duomo', 'AMO', 'Palazzo della Ragione', 'Museo Conte', 'Centro Fotografia']",Duomo,strategy_nearest,True,0.002685070037841797,success
04FC7D429C4C80,2,['Castelvecchio'],Torre Lamberti,"['Sighseeing', 'Centro Fotografia', 'Museo Conte', 'Casa Giulietta', 'Palazzo della Ragione']",Casa Giulietta,strategy_nearest,True,0.0031201839447021484,success
04FC72429C4C80,0,['Arena'],Castelvecchio,"['Museo Lapidario', 'Verona Tour', 'Museo Radio', 'San Zeno', 'Sighseeing']",San Zeno,strategy_nearest,True,0.0034661293029785156,success
04FC84429C4C80,3,['Arena'],Torre Lamberti,"['Sighseeing', 'Centro Fotografia', 'Museo Conte', 'Casa Giulietta', 'Palazzo della Ragione']",Santa Anastasia,strategy_nearest,False,0.003061056137084961,success
04FC87429C4C80,3,"['Arena', 'Casa Giulietta', 'Duomo', 'Teatro Romano']",Santa Anastasia,"['AMO', 'Museo Conte', 'Palazzo della Ragione', 'Centro Fotografia', 'Torre Lamberti']",Torre Lamberti,strategy_nearest,True,0.0025451183319091797,success
04FC85429C4C80,3,"['Arena', 'Casa Giulietta']",Santa Anastasia,"['AMO', 'Museo Conte', 'Palazzo della Ragione', 'Teatro Romano', 'Centro Fotografia']",Duomo,strategy_nearest,False,0.003248929977416992,success
04FC8B4A9C4C80,3,"['Arena', 'Torre Lamberti']",Casa Giulietta,"['Centro Fotografia', 'Sighseeing', 'Museo Conte', 'Museo Radio', 'Palazzo della Ragione']",Santa Anastasia,strategy_nearest,False,0.003168821334838867,success
04FC8F4A9C4C80,3,['Arena'],Santa Anastasia,"['AMO', 'Museo Conte', 'Palazzo della Ragione', 'Teatro Romano', 'Centro Fotografia']",Teatro Romano,strategy_nearest,True,0.0012769699096679688,success
04FC8A4A9C4C80,3,"['San Fermo', 'Museo Storia']",Santa Anastasia,"['AMO', 'Museo Conte', 'Palazzo della Ragione', 'Teatro Romano', 'Centro Fotografia']",Duomo,strategy_nearest,False,0.0038170814514160156,success
04FC934A9C4C80,0,['Arena'],Castelvecchio,"['Museo Lapidario', 'Verona Tour', 'Museo Radio', 'San Zeno', 'Sighseeing']",Teatro Romano,strategy_nearest,False,0.0033578872680664062,success
04FCA54A9C4C80,0,"['Arena', 'Torre Lamberti']",Casa Giulietta,"['Centro Fotografia', 'Sighseeing', 'Museo Conte', 'Museo Radio', 'Palazzo della Ragione']",Castelvecchio,strategy_nearest,False,0.0033609867095947266,success
04FC9E4A9C4C80,3,"['Arena', 'Casa Giulietta']",Torre Lamberti,"['Sighseeing', 'Centro Fotografia', 'Museo Conte', 'Palazzo della Ragione', 'AMO']",Teatro Romano,strategy_nearest,False,0.0016901493072509766,success
04FCAD3A9C4C80,2,"['Palazzo della Ragione', 'Torre Lamberti']",Santa Anastasia,"['AMO', 'Museo Conte', 'Teatro Romano', 'Centro Fotografia', 'Duomo']",Duomo,strategy_nearest,True,0.0025339126586914062,success
04FCBC429C4C80,0,['Arena'],Casa Giulietta,"['Centro Fotografia', 'Sighseeing', 'Torre Lamberti', 'Museo Conte', 'Museo Radio']",Castelvecchio,strategy_nearest,False,0.0020079612731933594,success
04FCB8429C4C80,3,['Arena'],Casa Giulietta,"['Centro Fotografia', 'Sighseeing', 'Torre Lamberti', 'Museo Conte', 'Museo Radio']",Teatro Romano,strategy_nearest,False,0.002694845199584961,success
04FCB5429C4C80,0,['Arena'],Casa Giulietta,"['Centro Fotografia', 'Sighseeing', 'Torre Lamberti', 'Museo Conte', 'Museo Radio']",Teatro Romano,strategy_nearest,False,0.0028238296508789062,success
04FCC73A9C4C80,3,"['Arena', 'Castelvecchio']",Santa Anastasia,"['AMO', 'Museo Conte', 'Palazzo della Ragione', 'Teatro Romano', 'Centro Fotografia']",Casa Giulietta,strategy_nearest,False,0.003297090530395508,success
04FCC83A9C4C80,3,"['Arena', 'Castelvecchio', 'Torre Lamberti']",Casa Giulietta,"['Centro Fotografia', 'Sighseeing', 'Museo Conte', 'Museo Radio', 'Palazzo della Ragione']",Tomba Giulietta,strategy_nearest,False,0.002485036849975586,success
04FCCB3A9C4C80,3,['Arena'],Casa Giulietta,"['Centro Fotografia', 'Sighseeing', 'Torre Lamberti', 'Museo Conte', 'Museo Radio']",Santa Anastasia,strategy_nearest,False,0.0018630027770996094,success
04FCDC3A9C4C80,0,['Arena'],Casa Giulietta,"['Centro Fotografia', 'Sighseeing', 'Torre Lamberti', 'Museo Conte', 'Museo Radio']",Santa Anastasia,strategy_nearest,False,0.0025827884674072266,success
04FCD13A9C4C80,1,"['Arena', 'San Fermo']",Casa Giulietta,"['Centro Fotografia', 'Sighseeing', 'Torre Lamberti', 'Museo Conte', 'Museo Radio']",Torre Lamberti,strategy_nearest,True,0.0036940574645996094,success
04FCE63A9C4C80,3,"['Castelvecchio', 'San Zeno', 'Arena']",Casa Giulietta,"['Centro Fotografia', 'Sighseeing', 'Torre Lamberti', 'Museo Conte', 'Museo Radio']",San Fermo,strategy_nearest,False,0.0026068687438964844,success
04FCE7429C4C80,3,['Arena'],San Zeno,"['Castelvecchio', 'Verona Tour', 'Museo Lapidario', 'Museo Miniscalchi', 'Sighseeing']",Castelvecchio,strategy_nearest,True,0.003004789352416992,success
04FCEE3A9C4C80,2,['Castelvecchio'],Casa Giulietta,"['Centro Fotografia', 'Sighseeing', 'Torre Lamberti', 'Museo Conte', 'Museo Radio']",Torre Lamberti,strategy_nearest,True,0.002774953842163086,success
04FD073A9C4C84,0,"['Castelvecchio', 'Museo Lapidario', 'Tomba Giulietta']",Museo Storia,"['San Fermo', 'Museo Radio', 'Casa Giulietta', 'Centro Fotografia', 'Arena']",Arena,strategy_nearest,True,0.0023469924926757812,success
04FCEA3A9C4C80,1,"['Castelvecchio', 'Arena']",Palazzo della Ragione,"['AMO', 'Museo Conte', 'Torre Lamberti', 'Centro Fotografia', 'Sighseeing']",Torre Lamberti,strategy_nearest,True,0.002499103546142578,success
04FD0C3A9C4C84,3,"['Arena', 'Torre Lamberti']",Casa Giulietta,"['Centro Fotografia', 'Sighseeing', 'Museo Conte', 'Museo Radio', 'Palazzo della Ragione']",Santa Anastasia,strategy_nearest,False,0.0023031234741210938,success
04FD0C429C4C84,1,"['Arena', 'Casa Giulietta', 'Torre Lamberti']",Teatro Romano,"['Santa Anastasia', 'Duomo', 'AMO', 'Palazzo della Ragione', 'Museo Conte']",Santa Anastasia,strategy_nearest,True,0.002447843551635742,success
04FD0D429C4C84,0,['Arena'],Casa Giulietta,"['Centro Fotografia', 'Sighseeing', 'Torre Lamberti', 'Museo Conte', 'Museo Radio']",Castelvecchio,strategy_nearest,False,0.0018329620361328125,success
04FD11429C4C84,0,"['Arena', 'Teatro Romano']",Casa Giulietta,"['Centro Fotografia', 'Sighseeing', 'Torre Lamberti', 'Museo Conte', 'Museo Radio']",Torre Lamberti,strategy_nearest,True,0.002399921417236328,success
04FD10429C4C84,3,"['Arena', 'Castelvecchio', 'San Zeno']",San Fermo,"['Museo Storia', 'Museo Radio', 'Casa Giulietta', 'Centro Fotografia', 'Sighseeing']",Teatro Romano,strategy_nearest,False,0.004008054733276367,success
04FD314A9C4C80,3,"['Castelvecchio', 'Teatro Romano', 'Torre Lamberti']",Tomba Giulietta,"['San Fermo', 'Museo Storia', 'Arena', 'Museo Lapidario', 'Museo Radio']",San Zeno,strategy_nearest,False,0.002660989761352539,success
04FD2B429C4C80,0,['Arena'],Teatro Romano,"['Santa Anastasia', 'Duomo', 'AMO', 'Palazzo della Ragione', 'Museo Conte']",Duomo,strategy_nearest,True,0.003392934799194336,success
04FD2B3A9C4C80,0,['Arena'],Museo Lapidario,"['Verona Tour', 'Castelvecchio', 'Museo Radio', 'San Fermo', 'Casa Giulietta']",Casa Giulietta,strategy_nearest,True,0.002840280532836914,success
04FD343A9C4C80,3,"['Castelvecchio', 'Torre Lamberti', 'Santa Anastasia']",Teatro Romano,"['Duomo', 'AMO', 'Palazzo della Ragione', 'Museo Conte', 'Centro Fotografia']",Arena,strategy_nearest,False,0.0047609806060791016,success
04FD583A9C4C80,3,"['Arena', 'Castelvecchio', 'San Zeno']",San Fermo,"['Museo Storia', 'Museo Radio', 'Casa Giulietta', 'Centro Fotografia', 'Sighseeing']",Teatro Romano,strategy_nearest,False,0.003214120864868164,success
04FD50429C4C80,3,"['Arena', 'Torre Lamberti']",Duomo,"['AMO', 'Museo Miniscalchi', 'Santa Anastasia', 'Teatro Romano', 'Palazzo della Ragione']",Teatro Romano,strategy_nearest,True,0.0021619796752929688,success
04FD503A9C4C80,3,"['Arena', 'Teatro Romano']",Casa Giulietta,"['Centro Fotografia', 'Sighseeing', 'Torre Lamberti', 'Museo Conte', 'Museo Radio']",Duomo,strategy_nearest,False,0.001622915267944336,success
04FD88429C4C80,3,"['Castelvecchio', 'Arena', 'Teatro Romano']",San Zeno,"['Verona Tour', 'Museo Lapidario', 'Museo Miniscalchi', 'Sighseeing', 'Museo Radio']",San Fermo,strategy_nearest,False,0.0026772022247314453,success
04FD773A9C4C80,0,['Casa Giulietta'],Santa Anastasia,"['AMO', 'Museo Conte', 'Palazzo della Ragione', 'Teatro Romano', 'Centro Fotografia']",Arena,strategy_nearest,False,0.0021860599517822266,success
04FD903A9C4C80,3,"['Arena', 'Casa Giulietta']",San Fermo,"['Museo Storia', 'Museo Radio', 'Centro Fotografia', 'Sighseeing', 'Torre Lamberti']",Torre Lamberti,strategy_nearest,True,0.0031740665435791016,success
04FD883A9C4C80,0,['Arena'],Casa Giulietta,"['Centro Fotografia', 'Sighseeing', 'Torre Lamberti', 'Museo Conte', 'Museo Radio']",Torre Lamberti,strategy_nearest,True,0.0013880729675292969,success
04FD984A9C4C80,1,"['Arena', 'Museo Lapidario']",Casa Giulietta,"['Centro Fotografia', 'Sighseeing', 'Torre Lamberti', 'Museo Conte', 'Museo Radio']",Palazzo della Ragione,strategy_nearest,False,0.0027740001678466797,success
04FD91429C4C80,2,['Castelvecchio'],Casa Giulietta,"['Centro Fotografia', 'Sighseeing', 'Torre Lamberti', 'Museo Conte', 'Museo Radio']",Torre Lamberti,strategy_nearest,True,0.003999948501586914,success
04FDA9429C4C80,0,['Arena'],Casa Giulietta,"['Centro Fotografia', 'Sighseeing', 'Torre Lamberti', 'Museo Conte', 'Museo Radio']",Torre Lamberti,strategy_nearest,True,0.002070903778076172,success
04FDA7429C4C80,1,"['Arena', 'Casa Giulietta']",Palazzo della Ragione,"['AMO', 'Museo Conte', 'Torre Lamberti', 'Centro Fotografia', 'Sighseeing']",Santa Anastasia,strategy_nearest,False,0.0015521049499511719,success
04FDAB4A9C4C80,0,['Arena'],Castelvecchio,"['Museo Lapidario', 'Verona Tour', 'Museo Radio', 'San Zeno', 'Sighseeing']",Casa Giulietta,strategy_nearest,False,0.0033822059631347656,success
04FDC0429C4C80,0,['Arena'],Casa Giulietta,"['Centro Fotografia', 'Sighseeing', 'Torre Lamberti', 'Museo Conte', 'Museo Radio']",Torre Lamberti,strategy_nearest,True,0.0014691352844238281,success
04FDBE3A9C4C80,1,"['Arena', 'Casa Giulietta']",Palazzo della Ragione,"['AMO', 'Museo Conte', 'Torre Lamberti', 'Centro Fotografia', 'Sighseeing']",San Fermo,strategy_nearest,False,0.0027031898498535156,success
04FDAC3A9C4C80,0,"['Arena', 'Casa Giulietta']",Torre Lamberti,"['Sighseeing', 'Centro Fotografia', 'Museo Conte', 'Palazzo della Ragione', 'AMO']",Duomo,strategy_nearest,False,0.0021767616271972656,success
04FDC2429C4C80,0,"['Arena', 'Tomba Giulietta']",San Fermo,"['Museo Storia', 'Museo Radio', 'Casa Giulietta', 'Centro Fotografia', 'Sighseeing']",Casa Giulietta,strategy_nearest,True,0.001977205276489258,success
04FDC4429C4C80,2,"['Torre Lamberti', 'Santa Anastasia']",Teatro Romano,"['Duomo', 'AMO', 'Palazzo della Ragione', 'Museo Conte', 'Centro Fotografia']",Duomo,strategy_nearest,True,0.0012359619140625,success
04FDC83A9C4C80,3,"['Arena', 'Torre Lamberti']",Casa Giulietta,"['Centro Fotografia', 'Sighseeing', 'Museo Conte', 'Museo Radio', 'Palazzo della Ragione']",Teatro Romano,strategy_nearest,False,0.0027251243591308594,success
04FDD53A9C4C80,3,"['Arena', 'Castelvecchio', 'Museo Lapidario']",Tomba Giulietta,"['San Fermo', 'Museo Storia', 'Museo Radio', 'Verona Tour', 'Casa Giulietta']",Teatro Romano,strategy_nearest,False,0.0032639503479003906,success
04FDE4429C4C80,3,"['Arena', 'Giardino Giusti', 'Teatro Romano', 'Tomba Giulietta']",Casa Giulietta,"['Centro Fotografia', 'Sighseeing', 'Torre Lamberti', 'Museo Conte', 'Museo Radio']",Torre Lamberti,strategy_nearest,True,0.002288818359375,success
04FDF13A9C4C80,0,['Arena'],Torre Lamberti,"['Sighseeing', 'Centro Fotografia', 'Museo Conte', 'Casa Giulietta', 'Palazzo della Ragione']",Duomo,strategy_nearest,False,0.002130746841430664,success
04FDEA429C4C80,3,"['Torre Lamberti', 'Duomo']",Castelvecchio,"['Museo Lapidario', 'Verona Tour', 'Arena', 'Museo Radio', 'San Zeno']",Arena,strategy_nearest,True,0.0034019947052001953,success
04FDE83A9C4C80,2,['Casa Giulietta'],Santa Anastasia,"['AMO', 'Museo Conte', 'Palazzo della Ragione', 'Teatro Romano', 'Centro Fotografia']",Teatro Romano,strategy_nearest,True,0.002794027328491211,success
04FDFE3A9C4C80,3,['Arena'],Casa Giulietta,"['Centro Fotografia', 'Sighseeing', 'Torre Lamberti', 'Museo Conte', 'Museo Radio']",Torre Lamberti,strategy_nearest,True,0.003063201904296875,success
04FE02429C4C84,3,"['Casa Giulietta', 'Arena']",Torre Lamberti,"['Sighseeing', 'Centro Fotografia', 'Museo Conte', 'Palazzo della Ragione', 'AMO']",Duomo,strategy_nearest,False,0.002680063247680664,success
04FE0F429C4C84,0,"['Casa Giulietta', 'Arena']",Castelvecchio,"['Museo Lapidario', 'Verona Tour', 'Museo Radio', 'San Zeno', 'Sighseeing']",Teatro Romano,strategy_nearest,False,0.002061128616333008,success
04FE274A9C4C80,0,"['Casa Giulietta', 'Torre Lamberti']",Arena,"['Verona Tour', 'Museo Lapidario', 'Museo Radio', 'San Fermo', 'Sighseeing']",Castelvecchio,strategy_nearest,False,0.0015420913696289062,success
04FE00429C4C84,0,['Arena'],Casa Giulietta,"['Centro Fotografia', 'Sighseeing', 'Torre Lamberti', 'Museo Conte', 'Museo Radio']",San Zeno,strategy_nearest,False,0.004062175750732422,success
04FE2B429C4C80,0,['Arena'],Casa Giulietta,"['Centro Fotografia', 'Sighseeing', 'Torre Lamberti', 'Museo Conte', 'Museo Radio']",Torre Lamberti,strategy_nearest,True,0.0027430057525634766,success
04FE2C429C4C80,3,"['Arena', 'Castelvecchio', 'Duomo']",Teatro Romano,"['Santa Anastasia', 'AMO', 'Palazzo della Ragione', 'Museo Conte', 'Centro Fotografia']",Santa Anastasia,strategy_nearest,True,0.0024383068084716797,success
04FE2E429C4C80,0,['Arena'],San Fermo,"['Museo Storia', 'Museo Radio', 'Casa Giulietta', 'Centro Fotografia', 'Sighseeing']",Tomba Giulietta,strategy_nearest,False,0.002610921859741211,success
04FE343A9C4C80,0,['Arena'],Casa Giulietta,"['Centro Fotografia', 'Sighseeing', 'Torre Lamberti', 'Museo Conte', 'Museo Radio']",Torre Lamberti,strategy_nearest,True,0.0033490657806396484,success
04FE4B3A9C4C80,0,['Arena'],Casa Giulietta,"['Centro Fotografia', 'Sighseeing', 'Torre Lamberti', 'Museo Conte', 'Museo Radio']",Torre Lamberti,strategy_nearest,True,0.002824068069458008,success
04FE49429C4C80,0,['Castelvecchio'],Arena,"['Verona Tour', 'Museo Lapidario', 'Museo Radio', 'San Fermo', 'Casa Giulietta']",Duomo,strategy_nearest,False,0.0035729408264160156,success
04FE553A9C4C80,2,['Casa Giulietta'],Duomo,"['AMO', 'Museo Miniscalchi', 'Santa Anastasia', 'Teatro Romano', 'Palazzo della Ragione']",Teatro Romano,strategy_nearest,True,0.00257110595703125,success
04FE623A9C4C80,2,['Castelvecchio'],Casa Giulietta,"['Centro Fotografia', 'Sighseeing', 'Torre Lamberti', 'Museo Conte', 'Museo Radio']",Torre Lamberti,strategy_nearest,True,0.0031011104583740234,success
04FE83429C4C80,3,"['Casa Giulietta', 'Arena']",Santa Anastasia,"['AMO', 'Museo Conte', 'Palazzo della Ragione', 'Teatro Romano', 'Centro Fotografia']",Duomo,strategy_nearest,False,0.002290010452270508,success
04FE88429C4C80,3,"['Arena', 'Casa Giulietta', 'Torre Lamberti', 'Santa Anastasia']",Duomo,"['AMO', 'Museo Miniscalchi', 'Teatro Romano', 'Palazzo della Ragione', 'Museo Conte']",Teatro Romano,strategy_nearest,True,0.003662109375,success
04FE8A4A9C4C80,2,"['San Zeno', 'Torre Lamberti']",Casa Giulietta,"['Centro Fotografia', 'Sighseeing', 'Museo Conte', 'Museo Radio', 'Palazzo della Ragione']",Castelvecchio,strategy_nearest,False,0.0023479461669921875,success
04FE843A9C4C80,3,"['Arena', 'Casa Giulietta', 'Torre Lamberti']",Santa Anastasia,"['AMO', 'Museo Conte', 'Palazzo della Ragione', 'Teatro Romano', 'Centro Fotografia']",Duomo,strategy_nearest,False,0.00374603271484375,success
04FE904A9C4C80,3,"['Arena', 'Castelvecchio']",Torre Lamberti,"['Sighseeing', 'Centro Fotografia', 'Museo Conte', 'Casa Giulietta', 'Palazzo della Ragione']",Santa Anastasia,strategy_nearest,False,0.0036458969116210938,success
04FE944A9C4C80,0,['Arena'],Torre Lamberti,"['Sighseeing', 'Centro Fotografia', 'Museo Conte', 'Casa Giulietta', 'Palazzo della Ragione']",Casa Giulietta,strategy_nearest,True,0.002071857452392578,success
04FE934A9C4C80,3,['Arena'],Teatro Romano,"['Santa Anastasia', 'Duomo', 'AMO', 'Palazzo della Ragione', 'Museo Conte']",Santa Anastasia,strategy_nearest,True,0.001886129379272461,success
04FE9E429C4C80,0,['Arena'],Duomo,"['AMO', 'Museo Miniscalchi', 'Santa Anastasia', 'Teatro Romano', 'Palazzo della Ragione']",Castelvecchio,strategy_nearest,False,0.0027849674224853516,success
04FE9E4A9C4C80,3,"['Arena', 'Museo Lapidario', 'Casa Giulietta']",Torre Lamberti,"['Sighseeing', 'Centro Fotografia', 'Museo Conte', 'Palazzo della Ragione', 'AMO']",Santa Anastasia,strategy_nearest,False,0.0031931400299072266,success
04FEA0429C4C80,3,"['Arena', 'Museo Lapidario', 'Castelvecchio', 'Torre Lamberti']",Casa Giulietta,"['Centro Fotografia', 'Sighseeing', 'Museo Conte', 'Museo Radio', 'Palazzo della Ragione']",San Fermo,strategy_nearest,False,0.0028100013732910156,success
04FEA53A9C4C80,2,['Castelvecchio'],Torre Lamberti,"['Sighseeing', 'Centro Fotografia', 'Museo Conte', 'Casa Giulietta', 'Palazzo della Ragione']",San Fermo,strategy_nearest,False,0.0019998550415039062,success
04FEA84A9C4C80,0,['Arena'],Casa Giulietta,"['Centro Fotografia', 'Sighseeing', 'Torre Lamberti', 'Museo Conte', 'Museo Radio']",Torre Lamberti,strategy_nearest,True,0.0024950504302978516,success
04FEB13A9C4C80,2,['Castelvecchio'],Santa Anastasia,"['AMO', 'Museo Conte', 'Palazzo della Ragione', 'Teatro Romano', 'Centro Fotografia']",Duomo,strategy_nearest,False,0.0022728443145751953,success
04FEB4429C4C80,3,"['Arena', 'Museo Lapidario']",Duomo,"['AMO', 'Museo Miniscalchi', 'Santa Anastasia', 'Teatro Romano', 'Palazzo della Ragione']",Santa Anastasia,strategy_nearest,True,0.0025911331176757812,success
04FEB83A9C4C80,0,"['Arena', 'Casa Giulietta']",Torre Lamberti,"['Sighseeing', 'Centro Fotografia', 'Museo Conte', 'Palazzo della Ragione', 'AMO']",San Fermo,strategy_nearest,False,0.0017347335815429688,success
04FEB53A9C4C80,3,"['Teatro Romano', 'Duomo']",Santa Anastasia,"['AMO', 'Museo Conte', 'Palazzo della Ragione', 'Centro Fotografia', 'Torre Lamberti']",Casa Giulietta,strategy_nearest,False,0.003607034683227539,success
04FEC0429C4C80,3,['Castelvecchio'],Arena,"['Verona Tour', 'Museo Lapidario', 'Museo Radio', 'San Fermo', 'Casa Giulietta']",Santa Anastasia,strategy_nearest,False,0.003242015838623047,success
04FECB3A9C4C80,3,"['Castelvecchio', 'Arena']",Casa Giulietta,"['Centro Fotografia', 'Sighseeing', 'Torre Lamberti', 'Museo Conte', 'Museo Radio']",Torre Lamberti,strategy_nearest,True,0.0031299591064453125,success
04FEE83A9C4C80,2,['San Zeno'],Casa Giulietta,"['Centro Fotografia', 'Sighseeing', 'Torre Lamberti', 'Museo Conte', 'Museo Radio']",Torre Lamberti,strategy_nearest,True,0.0016770362854003906,success
04FED03A9C4C80,0,"['Casa Giulietta', 'Tomba Giulietta']",Arena,"['Verona Tour', 'Museo Lapidario', 'Museo Radio', 'San Fermo', 'Sighseeing']",Torre Lamberti,strategy_nearest,False,0.003496885299682617,success
04FEF03A9C4C80,2,"['Palazzo della Ragione', 'Teatro Romano', 'Casa Giulietta']",Santa Anastasia,"['AMO', 'Museo Conte', 'Centro Fotografia', 'Duomo', 'Torre Lamberti']",Duomo,strategy_nearest,True,0.0024559497833251953,success
04FEEC3A9C4C80,3,['Arena'],Casa Giulietta,"['Centro Fotografia', 'Sighseeing', 'Torre Lamberti', 'Museo Conte', 'Museo Radio']",San Fermo,strategy_nearest,False,0.0026559829711914062,success
04FEF5429C4C80,3,"['Arena', 'Casa Giulietta']",Torre Lamberti,"['Sighseeing', 'Centro Fotografia', 'Museo Conte', 'Palazzo della Ragione', 'AMO']",Castelvecchio,strategy_nearest,False,0.0026140213012695312,success
04FEF73A9C4C80,2,"['Casa Giulietta', 'Museo Lapidario']",Torre Lamberti,"['Sighseeing', 'Centro Fotografia', 'Museo Conte', 'Palazzo della Ragione', 'AMO']",Duomo,strategy_nearest,False,0.0031502246856689453,success
04FEFB429C4C80,3,"['Castelvecchio', 'San Zeno', 'Giardino Giusti', 'Casa Giulietta', 'Santa Anastasia']",Duomo,"['AMO', 'Museo Miniscalchi', 'Teatro Romano', 'Palazzo della Ragione', 'Museo Conte']",Teatro Romano,strategy_nearest,True,0.002229928970336914,success
04FF01429C4C84,4,"['Arena', 'Torre Lamberti', 'Casa Giulietta', 'San Fermo']",Museo Radio,"['Sighseeing', 'Centro Fotografia', 'Verona Tour', 'Museo Conte', 'Museo Storia']",Tomba Giulietta,strategy_nearest,False,0.001741170883178711,success
04FEFE429C4C80,3,"['Arena', 'Casa Giulietta']",Santa Anastasia,"['AMO', 'Museo Conte', 'Palazzo della Ragione', 'Teatro Romano', 'Centro Fotografia']",Castelvecchio,strategy_nearest,False,0.003960132598876953,success
04FF02429C4C84,0,['Torre Lamberti'],Arena,"['Verona Tour', 'Museo Lapidario', 'Museo Radio', 'San Fermo', 'Casa Giulietta']",Castelvecchio,strategy_nearest,False,0.0030908584594726562,success
04FF263A9C4C80,0,"['Tomba Giulietta', 'Casa Giulietta']",Castelvecchio,"['Museo Lapidario', 'Verona Tour', 'Arena', 'Museo Radio', 'San Zeno']",Torre Lamberti,strategy_nearest,False,0.0029952526092529297,success
04FF2D429C4C80,2,"['Casa Giulietta', 'Santa Anastasia', 'Duomo']",Teatro Romano,"['AMO', 'Palazzo della Ragione', 'Museo Conte', 'Centro Fotografia', 'Museo Miniscalchi']",Torre Lamberti,strategy_nearest,False,0.0026979446411132812,success
04FF2B4A9C4C80,0,"['Casa Giulietta', 'Torre Lamberti']",Castelvecchio,"['Museo Lapidario', 'Verona Tour', 'Arena', 'Museo Radio', 'San Zeno']",Giardino Giusti,strategy_nearest,False,0.0029158592224121094,success
04FF303A9C4C80,3,"['Arena', 'San Fermo']",Torre Lamberti,"['Sighseeing', 'Centro Fotografia', 'Museo Conte', 'Casa Giulietta', 'Palazzo della Ragione']",Santa Anastasia,strategy_nearest,False,0.0030939579010009766,success
04FF2E4A9C4C80,0,"['Arena', 'Casa Giulietta', 'Torre Lamberti']",Teatro Romano,"['Santa Anastasia', 'Duomo', 'AMO', 'Palazzo della Ragione', 'Museo Conte']",Giardino Giusti,strategy_nearest,False,0.0033168792724609375,success
04FF393A9C4C80,4,"['Casa Giulietta', 'Torre Lamberti', 'Tomba Giulietta']",Teatro Romano,"['Santa Anastasia', 'Duomo', 'AMO', 'Palazzo della Ragione', 'Museo Conte']",Castelvecchio,strategy_nearest,False,0.004043102264404297,success
04FF46429C4C80,0,['Arena'],Casa Giulietta,"['Centro Fotografia', 'Sighseeing', 'Torre Lamberti', 'Museo Conte', 'Museo Radio']",Duomo,strategy_nearest,False,0.003288745880126953,success
04FF323A9C4C80,1,"['Duomo', 'Teatro Romano', 'Castelvecchio']",Palazzo della Ragione,"['AMO', 'Museo Conte', 'Torre Lamberti', 'Centro Fotografia', 'Sighseeing']",Torre Lamberti,strategy_nearest,True,0.0034728050231933594,success
04FF41A28C3680,2,['Teatro Romano'],Museo Lapidario,"['Verona Tour', 'Arena', 'Castelvecchio', 'Museo Radio', 'San Fermo']",Casa Giulietta,strategy_nearest,False,0.0013549327850341797,success
04FF6B3A9C4C80,3,"['Arena', 'Torre Lamberti', 'Santa Anastasia']",San Zeno,"['Castelvecchio', 'Verona Tour', 'Museo Lapidario', 'Museo Miniscalchi', 'Sighseeing']",Castelvecchio,strategy_nearest,True,0.003386974334716797,success
04FF88429C4C80,3,"['Arena', 'Torre Lamberti']",Santa Anastasia,"['AMO', 'Museo Conte', 'Palazzo della Ragione', 'Teatro Romano', 'Centro Fotografia']",Duomo,strategy_nearest,False,0.001996755599975586,success
04FF793A9C4C80,3,"['Arena', 'Casa Giulietta']",Santa Anastasia,"['AMO', 'Museo Conte', 'Palazzo della Ragione', 'Teatro Romano', 'Centro Fotografia']",Duomo,strategy_nearest,False,0.0027980804443359375,success
04FF803A9C4C80,0,['Arena'],Castelvecchio,"['Museo Lapidario', 'Verona Tour', 'Museo Radio', 'San Zeno', 'Sighseeing']",Duomo,strategy_nearest,False,0.0015690326690673828,success
04FF974A9C4C80,0,['Arena'],Tomba Giulietta,"['San Fermo', 'Museo Storia', 'Museo Lapidario', 'Museo Radio', 'Verona Tour']",Teatro Romano,strategy_nearest,False,0.002574920654296875,success
04FF944A9C4C80,3,"['Arena', 'Casa Giulietta']",Santa Anastasia,"['AMO', 'Museo Conte', 'Palazzo della Ragione', 'Teatro Romano', 'Centro Fotografia']",Duomo,strategy_nearest,False,0.003248929977416992,success
04FF8C3A9C4C80,2,"['Palazzo della Ragione', 'Torre Lamberti']",Teatro Romano,"['Santa Anastasia', 'Duomo', 'AMO', 'Museo Conte', 'Centro Fotografia']",Duomo,strategy_nearest,True,0.002199888229370117,success
04FF8D4A9C4C80,0,['Arena'],Casa Giulietta,"['Centro Fotografia', 'Sighseeing', 'Torre Lamberti', 'Museo Conte', 'Museo Radio']",Castelvecchio,strategy_nearest,False,0.0015606880187988281,success
04FF9B4A9C4C80,0,['Arena'],Casa Giulietta,"['Centro Fotografia', 'Sighseeing', 'Torre Lamberti', 'Museo Conte', 'Museo Radio']",Tomba Giulietta,strategy_nearest,False,0.0028028488159179688,success
04FF9C429C4C80,0,['Arena'],Casa Giulietta,"['Centro Fotografia', 'Sighseeing', 'Torre Lamberti', 'Museo Conte', 'Museo Radio']",Duomo,strategy_nearest,False,0.0021157264709472656,success
04FF9B429C4C80,0,['Arena'],Casa Giulietta,"['Centro Fotografia', 'Sighseeing', 'Torre Lamberti', 'Museo Conte', 'Museo Radio']",Torre Lamberti,strategy_nearest,True,0.0016350746154785156,success
04FF9F4A9C4C80,0,['Arena'],Casa Giulietta,"['Centro Fotografia', 'Sighseeing', 'Torre Lamberti', 'Museo Conte', 'Museo Radio']",Torre Lamberti,strategy_nearest,True,0.003197908401489258,success
04FFAB3A9C4C80,0,['Arena'],Casa Giulietta,"['Centro Fotografia', 'Sighseeing', 'Torre Lamberti', 'Museo Conte', 'Museo Radio']",Santa Anastasia,strategy_nearest,False,0.0013468265533447266,success
04FFA54A9C4C80,1,"['Arena', 'Casa Giulietta']",Duomo,"['AMO', 'Museo Miniscalchi', 'Santa Anastasia', 'Teatro Romano', 'Palazzo della Ragione']",Palazzo della Ragione,strategy_nearest,True,0.002568960189819336,success
04FFA7429C4C80,3,"['Arena', 'Torre Lamberti']",Casa Giulietta,"['Centro Fotografia', 'Sighseeing', 'Museo Conte', 'Museo Radio', 'Palazzo della Ragione']",Santa Anastasia,strategy_nearest,False,0.0019609928131103516,success
04FFAB4A9C4C80,0,['Arena'],Casa Giulietta,"['Centro Fotografia', 'Sighseeing', 'Torre Lamberti', 'Museo Conte', 'Museo Radio']",San Fermo,strategy_nearest,False,0.003284931182861328,success
04FFB03A9C4C80,1,"['Teatro Romano', 'Arena']",Casa Giulietta,"['Centro Fotografia', 'Sighseeing', 'Torre Lamberti', 'Museo Conte', 'Museo Radio']",Palazzo della Ragione,strategy_nearest,False,0.0016961097717285156,success
04FFBA3A9C4C80,1,"['Arena', 'Casa Giulietta']",Torre Lamberti,"['Sighseeing', 'Centro Fotografia', 'Museo Conte', 'Palazzo della Ragione', 'AMO']",Palazzo della Ragione,strategy_nearest,True,0.0020742416381835938,success
04FFB6429C4C80,2,"['Teatro Romano', 'Santa Anastasia']",Duomo,"['AMO', 'Museo Miniscalchi', 'Palazzo della Ragione', 'Museo Conte', 'Torre Lamberti']",Castelvecchio,strategy_nearest,False,0.0034291744232177734,success
04FFBE3A9C4C80,0,"['Arena', 'Torre Lamberti']",Casa Giulietta,"['Centro Fotografia', 'Sighseeing', 'Museo Conte', 'Museo Radio', 'Palazzo della Ragione']",Castelvecchio,strategy_nearest,False,0.003101825714111328,success
04FFC7429C4C80,3,"['Arena', 'Casa Giulietta']",Torre Lamberti,"['Sighseeing', 'Centro Fotografia', 'Museo Conte', 'Palazzo della Ragione', 'AMO']",Santa Anastasia,strategy_nearest,False,0.0012629032135009766,success
04FFC6429C4C80,3,"['Arena', 'Duomo']",Santa Anastasia,"['AMO', 'Museo Conte', 'Palazzo della Ragione', 'Teatro Romano', 'Centro Fotografia']",Torre Lamberti,strategy_nearest,False,0.00267791748046875,success
04FFC0429C4C80,0,['Arena'],Casa Giulietta,"['Centro Fotografia', 'Sighseeing', 'Torre Lamberti', 'Museo Conte', 'Museo Radio']",Tomba Giulietta,strategy_nearest,False,0.0027260780334472656,success
04FFC93A9C4C80,2,['Castelvecchio'],Casa Giulietta,"['Centro Fotografia', 'Sighseeing', 'Torre Lamberti', 'Museo Conte', 'Museo Radio']",Torre Lamberti,strategy_nearest,True,0.003299236297607422,success
04FFFB3A9C4C80,1,"['Castelvecchio', 'Arena', 'Casa Giulietta']",Torre Lamberti,"['Sighseeing', 'Centro Fotografia', 'Museo Conte', 'Palazzo della Ragione', 'AMO']",Palazzo della Ragione,strategy_nearest,True,0.0020339488983154297,success
04FFCB429C4C80,0,"['Castelvecchio', 'Torre Lamberti']",Duomo,"['AMO', 'Museo Miniscalchi', 'Santa Anastasia', 'Teatro Romano', 'Palazzo della Ragione']",Arena,strategy_nearest,False,0.002053976058959961,success
04FFFC429C4C80,3,"['Arena', 'Torre Lamberti']",Santa Anastasia,"['AMO', 'Museo Conte', 'Palazzo della Ragione', 'Teatro Romano', 'Centro Fotografia']",Duomo,strategy_nearest,False,0.003184080123901367,success
04FFF8429C4C80,3,"['Arena', 'Casa Giulietta']",Castelvecchio,"['Museo Lapidario', 'Verona Tour', 'Museo Radio', 'San Zeno', 'Sighseeing']",Santa Anastasia,strategy_nearest,False,0.003434896469116211,success
0400013A9C4C85,0,['Castelvecchio'],Arena,"['Verona Tour', 'Museo Lapidario', 'Museo Radio', 'San Fermo', 'Casa Giulietta']",Casa Giulietta,strategy_nearest,True,0.0013172626495361328,success
040010429C4C85,0,['Arena'],Torre Lamberti,"['Sighseeing', 'Centro Fotografia', 'Museo Conte', 'Casa Giulietta', 'Palazzo della Ragione']",Teatro Romano,strategy_nearest,False,0.0026628971099853516,success
04FFFD3A9C4C80,1,"['Casa Giulietta', 'Torre Lamberti', 'Palazzo della Ragione']",Santa Anastasia,"['AMO', 'Museo Conte', 'Teatro Romano', 'Centro Fotografia', 'Duomo']",Teatro Romano,strategy_nearest,True,0.0033140182495117188,success
0400263A9C4C81,0,['Castelvecchio'],Arena,"['Verona Tour', 'Museo Lapidario', 'Museo Radio', 'San Fermo', 'Casa Giulietta']",Casa Giulietta,strategy_nearest,True,0.003348827362060547,success
040032429C4C81,3,"['Arena', 'Torre Lamberti', 'Duomo']",Santa Anastasia,"['AMO', 'Museo Conte', 'Palazzo della Ragione', 'Teatro Romano', 'Centro Fotografia']",Casa Giulietta,strategy_nearest,False,0.001589059829711914,success
0400383A9C4C81,3,"['Casa Giulietta', 'Santa Anastasia']",Torre Lamberti,"['Sighseeing', 'Centro Fotografia', 'Museo Conte', 'Palazzo della Ragione', 'AMO']",Duomo,strategy_nearest,False,0.00255584716796875,success
0400453A9C4C81,3,"['San Fermo', 'Arena']",Castelvecchio,"['Museo Lapidario', 'Verona Tour', 'Museo Radio', 'San Zeno', 'Sighseeing']",Santa Anastasia,strategy_nearest,False,0.003286123275756836,success
0400353A9C4C81,1,"['Arena', 'Casa Giulietta', 'Santa Anastasia']",Duomo,"['AMO', 'Museo Miniscalchi', 'Teatro Romano', 'Palazzo della Ragione', 'Museo Conte']",Torre Lamberti,strategy_nearest,False,0.0036590099334716797,success
04004D3A9C4C81,1,"['Arena', 'Casa Giulietta']",Teatro Romano,"['Santa Anastasia', 'Duomo', 'AMO', 'Palazzo della Ragione', 'Museo Conte']",Palazzo della Ragione,strategy_nearest,True,0.0031599998474121094,success
04004E429C4C81,3,['Arena'],Santa Anastasia,"['AMO', 'Museo Conte', 'Palazzo della Ragione', 'Teatro Romano', 'Centro Fotografia']",Torre Lamberti,strategy_nearest,False,0.003242015838623047,success
040058429C4C81,1,['Arena'],Casa Giulietta,"['Centro Fotografia', 'Sighseeing', 'Torre Lamberti', 'Museo Conte', 'Museo Radio']",Palazzo della Ragione,strategy_nearest,False,0.002076864242553711,success
0400573A9C4C81,3,"['Arena', 'Casa Giulietta']",Teatro Romano,"['Santa Anastasia', 'Duomo', 'AMO', 'Palazzo della Ragione', 'Museo Conte']",Duomo,strategy_nearest,True,0.0033757686614990234,success
04005A429C4C81,0,"['Arena', 'Casa Giulietta']",Torre Lamberti,"['Sighseeing', 'Centro Fotografia', 'Museo Conte', 'Palazzo della Ragione', 'AMO']",Castelvecchio,strategy_nearest,False,0.003328084945678711,success
04005C429C4C81,1,"['Arena', 'Casa Giulietta', 'Torre Lamberti']",Palazzo della Ragione,"['AMO', 'Museo Conte', 'Centro Fotografia', 'Sighseeing', 'Santa Anastasia']",Santa Anastasia,strategy_nearest,True,0.002549886703491211,success
04006C429C4C81,2,"['Castelvecchio', 'Casa Giulietta']",Palazzo della Ragione,"['AMO', 'Museo Conte', 'Torre Lamberti', 'Centro Fotografia', 'Sighseeing']",Torre Lamberti,strategy_nearest,True,0.002526998519897461,success
04005D429C4C81,0,['Arena'],Casa Giulietta,"['Centro Fotografia', 'Sighseeing', 'Torre Lamberti', 'Museo Conte', 'Museo Radio']",Torre Lamberti,strategy_nearest,True,0.003313302993774414,success
04007B4A9C4C81,2,['Casa Giulietta'],Torre Lamberti,"['Sighseeing', 'Centro Fotografia', 'Museo Conte', 'Palazzo della Ragione', 'AMO']",Castelvecchio,strategy_nearest,False,0.0017991065979003906,success
040075429C4C81,1,"['Museo Lapidario', 'Arena']",Torre Lamberti,"['Sighseeing', 'Centro Fotografia', 'Museo Conte', 'Casa Giulietta', 'Palazzo della Ragione']",Palazzo della Ragione,strategy_nearest,True,0.003126859664916992,success
040071429C4C81,0,"['Arena', 'Museo Lapidario']",Casa Giulietta,"['Centro Fotografia', 'Sighseeing', 'Torre Lamberti', 'Museo Conte', 'Museo Radio']",Torre Lamberti,strategy_nearest,True,0.003737211227416992,success
040078429C4C81,0,"['Arena', 'Casa Giulietta']",San Fermo,"['Museo Storia', 'Museo Radio', 'Centro Fotografia', 'Sighseeing', 'Torre Lamberti']",Torre Lamberti,strategy_nearest,True,0.0031685829162597656,success
0400854A9C4C81,3,"['Arena', 'Casa Giulietta']",Torre Lamberti,"['Sighseeing', 'Centro Fotografia', 'Museo Conte', 'Palazzo della Ragione', 'AMO']",Santa Anastasia,strategy_nearest,False,0.0018129348754882812,success
0400944A9C4C81,3,"['Arena', 'Castelvecchio']",Duomo,"['AMO', 'Museo Miniscalchi', 'Santa Anastasia', 'Teatro Romano', 'Palazzo della Ragione']",Teatro Romano,strategy_nearest,True,0.0026357173919677734,success
040092429C4C81,0,['Arena'],Castelvecchio,"['Museo Lapidario', 'Verona Tour', 'Museo Radio', 'San Zeno', 'Sighseeing']",Tomba Giulietta,strategy_nearest,False,0.0025839805603027344,success
04009A429C4C81,3,"['Castelvecchio', 'Santa Anastasia']",Arena,"['Verona Tour', 'Museo Lapidario', 'Museo Radio', 'San Fermo', 'Casa Giulietta']",Casa Giulietta,strategy_nearest,True,0.003016233444213867,success
0400A14A9C4C81,0,"['Arena', 'Torre Lamberti']",Casa Giulietta,"['Centro Fotografia', 'Sighseeing', 'Museo Conte', 'Museo Radio', 'Palazzo della Ragione']",Duomo,strategy_nearest,False,0.003141164779663086,success
0400A3429C4C81,3,"['Arena', 'San Fermo']",Casa Giulietta,"['Centro Fotografia', 'Sighseeing', 'Torre Lamberti', 'Museo Conte', 'Museo Radio']",Torre Lamberti,strategy_nearest,True,0.0018358230590820312,success
04009C429C4C81,3,"['Arena', 'Torre Lamberti']",Santa Anastasia,"['AMO', 'Museo Conte', 'Palazzo della Ragione', 'Teatro Romano', 'Centro Fotografia']",Duomo,strategy_nearest,False,0.003239870071411133,success
0400A5429C4C81,2,['Castelvecchio'],Torre Lamberti,"['Sighseeing', 'Centro Fotografia', 'Museo Conte', 'Casa Giulietta', 'Palazzo della Ragione']",Casa Giulietta,strategy_nearest,True,0.0029859542846679688,success
0400A7C27B3F81,0,['Arena'],Casa Giulietta,"['Centro Fotografia', 'Sighseeing', 'Torre Lamberti', 'Museo Conte', 'Museo Radio']",Torre Lamberti,strategy_nearest,True,0.0019991397857666016,success
0400A7429C4C81,1,"['Castelvecchio', 'Arena']",Palazzo della Ragione,"['AMO', 'Museo Conte', 'Torre Lamberti', 'Centro Fotografia', 'Sighseeing']",San Fermo,strategy_nearest,False,0.0026388168334960938,success
0400A9429C4C81,2,"['Teatro Romano', 'Duomo']",Casa Giulietta,"['Centro Fotografia', 'Sighseeing', 'Torre Lamberti', 'Museo Conte', 'Museo Radio']",Santa Anastasia,strategy_nearest,False,0.003175020217895508,success
0400A93A9C4C81,1,"['Arena', 'Casa Giulietta']",Torre Lamberti,"['Sighseeing', 'Centro Fotografia', 'Museo Conte', 'Palazzo della Ragione', 'AMO']",Palazzo della Ragione,strategy_nearest,True,0.0025856494903564453,success
0400A94A9C4C81,3,"['Duomo', 'Teatro Romano']",Arena,"['Verona Tour', 'Museo Lapidario', 'Museo Radio', 'San Fermo', 'Casa Giulietta']",Castelvecchio,strategy_nearest,False,0.00322723388671875,success
0400AB3A9C4C81,0,['Arena'],Castelvecchio,"['Museo Lapidario', 'Verona Tour', 'Museo Radio', 'San Zeno', 'Sighseeing']",Casa Giulietta,strategy_nearest,False,0.0023260116577148438,success
0400AB4A9C4C81,0,['Arena'],Casa Giulietta,"['Centro Fotografia', 'Sighseeing', 'Torre Lamberti', 'Museo Conte', 'Museo Radio']",Duomo,strategy_nearest,False,0.0029900074005126953,success
0400AD429C4C81,3,"['Museo Lapidario', 'Arena']",Duomo,"['AMO', 'Museo Miniscalchi', 'Santa Anastasia', 'Teatro Romano', 'Palazzo della Ragione']",Teatro Romano,strategy_nearest,True,0.001207113265991211,success
0400B73A9C4C81,0,['Arena'],Castelvecchio,"['Museo Lapidario', 'Verona Tour', 'Museo Radio', 'San Zeno', 'Sighseeing']",Torre Lamberti,strategy_nearest,False,0.0026378631591796875,success
0400B6429C4C81,2,"['Duomo', 'Teatro Romano', 'Casa Giulietta']",Torre Lamberti,"['Sighseeing', 'Centro Fotografia', 'Museo Conte', 'Palazzo della Ragione', 'AMO']",Palazzo della Ragione,strategy_nearest,True,0.003359079360961914,success
0400B7429C4C81,3,"['Torre Lamberti', 'Arena']",Casa Giulietta,"['Centro Fotografia', 'Sighseeing', 'Museo Conte', 'Museo Radio', 'Palazzo della Ragione']",Duomo,strategy_nearest,False,0.002251148223876953,success
0400BA429C4C81,2,"['Casa Giulietta', 'Torre Lamberti']",Duomo,"['AMO', 'Museo Miniscalchi', 'Santa Anastasia', 'Teatro Romano', 'Palazzo della Ragione']",Teatro Romano,strategy_nearest,True,0.0019109249114990234,success
0400B93A9C4C81,2,"['San Zeno', 'Torre Lamberti', 'Palazzo della Ragione']",Casa Giulietta,"['Centro Fotografia', 'Sighseeing', 'Museo Conte', 'Museo Radio', 'San Fermo']",Santa Anastasia,strategy_nearest,False,0.0031681060791015625,success
0400BAC27B3F81,0,"['Arena', 'Museo Lapidario']",Castelvecchio,"['Verona Tour', 'Museo Radio', 'San Zeno', 'Sighseeing', 'Museo Miniscalchi']",Torre Lamberti,strategy_nearest,False,0.002257823944091797,success
0400BE3A9C4C81,0,['Arena'],Torre Lamberti,"['Sighseeing', 'Centro Fotografia', 'Museo Conte', 'Casa Giulietta', 'Palazzo della Ragione']",Casa Giulietta,strategy_nearest,True,0.002399921417236328,success
0400C33A9C4C81,3,"['Castelvecchio', 'Arena', 'Tomba Giulietta']",Casa Giulietta,"['Centro Fotografia', 'Sighseeing', 'Torre Lamberti', 'Museo Conte', 'Museo Radio']",Torre Lamberti,strategy_nearest,True,0.002588987350463867,success
0400C6429C4C81,1,"['Arena', 'Casa Giulietta']",Torre Lamberti,"['Sighseeing', 'Centro Fotografia', 'Museo Conte', 'Palazzo della Ragione', 'AMO']",Palazzo della Ragione,strategy_nearest,True,0.003101348876953125,success
0400D13A9C4C81,1,['Arena'],San Fermo,"['Museo Storia', 'Museo Radio', 'Casa Giulietta', 'Centro Fotografia', 'Sighseeing']",Torre Lamberti,strategy_nearest,False,0.0033910274505615234,success
0400C83A9C4C81,1,['Arena'],Torre Lamberti,"['Sighseeing', 'Centro Fotografia', 'Museo Conte', 'Casa Giulietta', 'Palazzo della Ragione']",Palazzo della Ragione,strategy_nearest,True,0.003816843032836914,success
0400E13A9C4C81,2,['Castelvecchio'],Casa Giulietta,"['Centro Fotografia', 'Sighseeing', 'Torre Lamberti', 'Museo Conte', 'Museo Radio']",San Fermo,strategy_nearest,False,0.00261688232421875,success
0400E33A9C4C81,3,['Arena'],San Zeno,"['Castelvecchio', 'Verona Tour', 'Museo Lapidario', 'Museo Miniscalchi', 'Sighseeing']",Castelvecchio,strategy_nearest,True,0.003261089324951172,success
0400FD3A9C4C81,2,['Casa Giulietta'],Teatro Romano,"['Santa Anastasia', 'Duomo', 'AMO', 'Palazzo della Ragione', 'Museo Conte']",Torre Lamberti,strategy_nearest,False,0.002214193344116211,success
0400FF3A9C4C81,3,"['Arena', 'Casa Giulietta']",Teatro Romano,"['Santa Anastasia', 'Duomo', 'AMO', 'Palazzo della Ragione', 'Museo Conte']",Duomo,strategy_nearest,True,0.0026450157165527344,success
04012D3A9C4C81,2,"['Palazzo della Ragione', 'Torre Lamberti']",Duomo,"['AMO', 'Museo Miniscalchi', 'Santa Anastasia', 'Teatro Romano', 'Museo Conte']",San Zeno,strategy_nearest,False,0.0033299922943115234,success
04010F3A9C4C85,0,['Arena'],Casa Giulietta,"['Centro Fotografia', 'Sighseeing', 'Torre Lamberti', 'Museo Conte', 'Museo Radio']",Teatro Romano,strategy_nearest,False,0.004069805145263672,success
0401353A9C4C81,0,"['Casa Giulietta', 'Torre Lamberti']",Castelvecchio,"['Museo Lapidario', 'Verona Tour', 'Arena', 'Museo Radio', 'San Zeno']",Arena,strategy_nearest,True,0.003706693649291992,success
0401383A9C4C81,3,"['Casa Giulietta', 'Santa Anastasia']",Arena,"['Verona Tour', 'Museo Lapidario', 'Museo Radio', 'San Fermo', 'Sighseeing']",Giardino Giusti,strategy_nearest,False,0.0036590099334716797,success
040138429C4C81,1,['Palazzo della Ragione'],Arena,"['Verona Tour', 'Museo Lapidario', 'Museo Radio', 'San Fermo', 'Casa Giulietta']",Teatro Romano,strategy_nearest,False,0.0020825862884521484,success
04013F3A9C4C81,2,"['Teatro Romano', 'Duomo']",Santa Anastasia,"['AMO', 'Museo Conte', 'Palazzo della Ragione', 'Centro Fotografia', 'Torre Lamberti']",Torre Lamberti,strategy_nearest,True,0.0026581287384033203,success
0401543A9C4C81,2,['Casa Giulietta'],Giardino Giusti,"['Santa Anastasia', 'Teatro Romano', 'Museo Conte', 'Centro Fotografia', 'Museo Storia']",Torre Lamberti,strategy_nearest,False,0.0032291412353515625,success
040158429C4C81,2,['Casa Giulietta'],Torre Lamberti,"['Sighseeing', 'Centro Fotografia', 'Museo Conte', 'Palazzo della Ragione', 'AMO']",Palazzo della Ragione,strategy_nearest,True,0.0018973350524902344,success
04015B3A9C4C81,3,"['Casa Giulietta', 'Torre Lamberti']",Arena,"['Verona Tour', 'Museo Lapidario', 'Museo Radio', 'San Fermo', 'Sighseeing']",Castelvecchio,strategy_nearest,False,0.0026400089263916016,success
04015B429C4C81,1,"['Arena', 'Casa Giulietta']",Palazzo della Ragione,"['AMO', 'Museo Conte', 'Torre Lamberti', 'Centro Fotografia', 'Sighseeing']",Torre Lamberti,strategy_nearest,True,0.0033037662506103516,success
0401593A9C4C81,3,"['Teatro Romano', 'Santa Anastasia']",Torre Lamberti,"['Sighseeing', 'Centro Fotografia', 'Museo Conte', 'Casa Giulietta', 'Palazzo della Ragione']",Arena,strategy_nearest,False,0.003802776336669922,success
04016B429C4C81,0,"['Museo Lapidario', 'Arena']",Casa Giulietta,"['Centro Fotografia', 'Sighseeing', 'Torre Lamberti', 'Museo Conte', 'Museo Radio']",San Fermo,strategy_nearest,False,0.002505064010620117,success
04016D429C4C81,0,['Arena'],Castelvecchio,"['Museo Lapidario', 'Verona Tour', 'Museo Radio', 'San Zeno', 'Sighseeing']",Casa Giulietta,strategy_nearest,False,0.002663850784301758,success
040173C27B3F81,0,['Arena'],Casa Giulietta,"['Centro Fotografia', 'Sighseeing', 'Torre Lamberti', 'Museo Conte', 'Museo Radio']",Torre Lamberti,strategy_nearest,True,0.0031349658966064453,success
04016E429C4C81,3,"['Arena', 'Castelvecchio']",Torre Lamberti,"['Sighseeing', 'Centro Fotografia', 'Museo Conte', 'Casa Giulietta', 'Palazzo della Ragione']",Santa Anastasia,strategy_nearest,False,0.002640962600708008,success
0401743A9C4C81,0,"['Torre Lamberti', 'Casa Giulietta']",Tomba Giulietta,"['San Fermo', 'Museo Storia', 'Arena', 'Museo Lapidario', 'Museo Radio']",Arena,strategy_nearest,True,0.0025501251220703125,success
040174429C4C81,0,"['Tomba Giulietta', 'Arena']",Castelvecchio,"['Museo Lapidario', 'Verona Tour', 'Museo Radio', 'San Zeno', 'Sighseeing']",Casa Giulietta,strategy_nearest,False,0.002665996551513672,success
0401863A9C4C81,0,['Arena'],Casa Giulietta,"['Centro Fotografia', 'Sighseeing', 'Torre Lamberti', 'Museo Conte', 'Museo Radio']",Santa Anastasia,strategy_nearest,False,0.0026590824127197266,success
040184429C4C81,1,"['Arena', 'Casa Giulietta']",Torre Lamberti,"['Sighseeing', 'Centro Fotografia', 'Museo Conte', 'Palazzo della Ragione', 'AMO']",Palazzo della Ragione,strategy_nearest,True,0.0018310546875,success
04018C4A9C4C81,1,"['Arena', 'Museo Lapidario']",Castelvecchio,"['Verona Tour', 'Museo Radio', 'San Zeno', 'Sighseeing', 'Museo Miniscalchi']",Palazzo della Ragione,strategy_nearest,False,0.002237081527709961,success
0401894A9C4C81,0,['Arena'],Museo Lapidario,"['Verona Tour', 'Castelvecchio', 'Museo Radio', 'San Fermo', 'Casa Giulietta']",Museo Storia,strategy_nearest,False,0.00341796875,success
0401914A9C4C81,3,['Arena'],Casa Giulietta,"['Centro Fotografia', 'Sighseeing', 'Torre Lamberti', 'Museo Conte', 'Museo Radio']",Santa Anastasia,strategy_nearest,False,0.003186941146850586,success
0401924A9C4C81,0,['Arena'],Casa Giulietta,"['Centro Fotografia', 'Sighseeing', 'Torre Lamberti', 'Museo Conte', 'Museo Radio']",Tomba Giulietta,strategy_nearest,False,0.0025649070739746094,success
040193429C4C81,3,"['Arena', 'San Fermo']",Santa Anastasia,"['AMO', 'Museo Conte', 'Palazzo della Ragione', 'Teatro Romano', 'Centro Fotografia']",Duomo,strategy_nearest,False,0.0029799938201904297,success
040195429C4C81,0,['Arena'],Castelvecchio,"['Museo Lapidario', 'Verona Tour', 'Museo Radio', 'San Zeno', 'Sighseeing']",San Zeno,strategy_nearest,True,0.002028942108154297,success
040194429C4C81,1,"['Arena', 'Torre Lamberti']",Palazzo della Ragione,"['AMO', 'Museo Conte', 'Centro Fotografia', 'Sighseeing', 'Santa Anastasia']",Santa Anastasia,strategy_nearest,True,0.004634857177734375,success
04019D429C4C81,2,['Castelvecchio'],Palazzo della Ragione,"['AMO', 'Museo Conte', 'Torre Lamberti', 'Centro Fotografia', 'Sighseeing']",Santa Anastasia,strategy_nearest,False,0.002470254898071289,success
04019E429C4C81,1,"['Arena', 'Casa Giulietta']",Torre Lamberti,"['Sighseeing', 'Centro Fotografia', 'Museo Conte', 'Palazzo della Ragione', 'AMO']",Palazzo della Ragione,strategy_nearest,True,0.0021049976348876953,success
0401A5429C4C81,0,['Santa Anastasia'],Casa Giulietta,"['Centro Fotografia', 'Sighseeing', 'Torre Lamberti', 'Museo Conte', 'Museo Radio']",Arena,strategy_nearest,False,0.0012478828430175781,success
0401A53A9C4C81,1,"['Arena', 'Museo Lapidario', 'Casa Giulietta']",Torre Lamberti,"['Sighseeing', 'Centro Fotografia', 'Museo Conte', 'Palazzo della Ragione', 'AMO']",Palazzo della Ragione,strategy_nearest,True,0.0025169849395751953,success
0401A63A9C4C81,0,['Arena'],Castelvecchio,"['Museo Lapidario', 'Verona Tour', 'Museo Radio', 'San Zeno', 'Sighseeing']",Casa Giulietta,strategy_nearest,False,0.002619028091430664,success
0401A84A9C4C81,3,"['Arena', 'Casa Giulietta']",Torre Lamberti,"['Sighseeing', 'Centro Fotografia', 'Museo Conte', 'Palazzo della Ragione', 'AMO']",Santa Anastasia,strategy_nearest,False,0.0031490325927734375,success
0401A9429C4C81,3,"['Teatro Romano', 'Santa Anastasia']",Arena,"['Verona Tour', 'Museo Lapidario', 'Museo Radio', 'San Fermo', 'Casa Giulietta']",Casa Giulietta,strategy_nearest,True,0.002399921417236328,success
0401AA4A9C4C81,0,['Arena'],Casa Giulietta,"['Centro Fotografia', 'Sighseeing', 'Torre Lamberti', 'Museo Conte', 'Museo Radio']",Torre Lamberti,strategy_nearest,True,0.003462076187133789,success
0401AB4A9C4C81,0,['Arena'],Torre Lamberti,"['Sighseeing', 'Centro Fotografia', 'Museo Conte', 'Casa Giulietta', 'Palazzo della Ragione']",Teatro Romano,strategy_nearest,False,0.0032269954681396484,success
0401B63A9C4C81,0,['Arena'],Casa Giulietta,"['Centro Fotografia', 'Sighseeing', 'Torre Lamberti', 'Museo Conte', 'Museo Radio']",Teatro Romano,strategy_nearest,False,0.0023810863494873047,success
0401B7429C4C81,3,"['Duomo', 'Santa Anastasia']",Teatro Romano,"['AMO', 'Palazzo della Ragione', 'Museo Conte', 'Centro Fotografia', 'Museo Miniscalchi']",Castelvecchio,strategy_nearest,False,0.001711130142211914,success
0401B73A9C4C81,2,"['Teatro Romano', 'Santa Anastasia']",Duomo,"['AMO', 'Museo Miniscalchi', 'Palazzo della Ragione', 'Museo Conte', 'Torre Lamberti']",Torre Lamberti,strategy_nearest,True,0.00400996208190918,success
0401BC3A9C4C81,0,['Arena'],Casa Giulietta,"['Centro Fotografia', 'Sighseeing', 'Torre Lamberti', 'Museo Conte', 'Museo Radio']",Santa Anastasia,strategy_nearest,False,0.003080129623413086,success
0401BF429C4C81,3,['Arena'],Santa Anastasia,"['AMO', 'Museo Conte', 'Palazzo della Ragione', 'Teatro Romano', 'Centro Fotografia']",Torre Lamberti,strategy_nearest,False,0.0029687881469726562,success
0401CF429C4C81,2,"['Castelvecchio', 'Teatro Romano', 'San Fermo']",Casa Giulietta,"['Centro Fotografia', 'Sighseeing', 'Torre Lamberti', 'Museo Conte', 'Museo Radio']",Palazzo della Ragione,strategy_nearest,False,0.0019037723541259766,success
0401CE3A9C4C81,3,['Arena'],Torre Lamberti,"['Sighseeing', 'Centro Fotografia', 'Museo Conte', 'Casa Giulietta', 'Palazzo della Ragione']",Santa Anastasia,strategy_nearest,False,0.002582073211669922,success
0401C23A9C4C81,0,['Arena'],Casa Giulietta,"['Centro Fotografia', 'Sighseeing', 'Torre Lamberti', 'Museo Conte', 'Museo Radio']",Torre Lamberti,strategy_nearest,True,0.004311084747314453,success
0401D33A9C4C81,6,['Verona Tour'],Teatro Romano,"['Santa Anastasia', 'Duomo', 'AMO', 'Palazzo della Ragione', 'Museo Conte']",Santa Anastasia,strategy_nearest,True,0.0033059120178222656,success
0401D93A9C4C81,2,['Santa Anastasia'],Castelvecchio,"['Museo Lapidario', 'Verona Tour', 'Arena', 'Museo Radio', 'San Zeno']",San Zeno,strategy_nearest,True,0.0033240318298339844,success
0401DC429C4C81,2,['Casa Giulietta'],Giardino Giusti,"['Santa Anastasia', 'Teatro Romano', 'Museo Conte', 'Centro Fotografia', 'Museo Storia']",Teatro Romano,strategy_nearest,True,0.002528667449951172,success
0401FDC27B3F81,0,['Arena'],Museo Lapidario,"['Verona Tour', 'Castelvecchio', 'Museo Radio', 'San Fermo', 'Casa Giulietta']",Castelvecchio,strategy_nearest,True,0.002319812774658203,success
0401E53A9C4C81,3,"['Castelvecchio', 'Torre Lamberti', 'Santa Anastasia']",Duomo,"['AMO', 'Museo Miniscalchi', 'Teatro Romano', 'Palazzo della Ragione', 'Museo Conte']",Casa Giulietta,strategy_nearest,False,0.003156900405883789,success
0401E03A9C4C81,1,"['Palazzo della Ragione', 'Torre Lamberti']",Santa Anastasia,"['AMO', 'Museo Conte', 'Teatro Romano', 'Centro Fotografia', 'Duomo']",Arena,strategy_nearest,False,0.0025658607482910156,success
04020C429C4C85,0,['Arena'],Casa Giulietta,"['Centro Fotografia', 'Sighseeing', 'Torre Lamberti', 'Museo Conte', 'Museo Radio']",Torre Lamberti,strategy_nearest,True,0.0022771358489990234,success
04020F429C4C85,1,"['Palazzo della Ragione', 'Torre Lamberti']",Castelvecchio,"['Museo Lapidario', 'Verona Tour', 'Arena', 'Museo Radio', 'San Zeno']",Arena,strategy_nearest,True,0.0020859241485595703,success
04022E4A9C4C81,2,"['Museo Lapidario', 'Castelvecchio']",Casa Giulietta,"['Centro Fotografia', 'Sighseeing', 'Torre Lamberti', 'Museo Conte', 'Museo Radio']",Torre Lamberti,strategy_nearest,True,0.002707958221435547,success
0402283A9C4C81,0,['Castelvecchio'],Arena,"['Verona Tour', 'Museo Lapidario', 'Museo Radio', 'San Fermo', 'Casa Giulietta']",Casa Giulietta,strategy_nearest,True,0.0033740997314453125,success
04023F429C4C81,0,['Arena'],Castelvecchio,"['Museo Lapidario', 'Verona Tour', 'Museo Radio', 'San Zeno', 'Sighseeing']",Casa Giulietta,strategy_nearest,False,0.0029129981994628906,success
040240429C4C81,0,['Castelvecchio'],Arena,"['Verona Tour', 'Museo Lapidario', 'Museo Radio', 'San Fermo', 'Casa Giulietta']",Casa Giulietta,strategy_nearest,True,0.002591848373413086,success
04024D3A9C4C81,0,['Arena'],Casa Giulietta,"['Centro Fotografia', 'Sighseeing', 'Torre Lamberti', 'Museo Conte', 'Museo Radio']",San Fermo,strategy_nearest,False,0.002768278121948242,success
040253429C4C81,2,['Santa Anastasia'],Duomo,"['AMO', 'Museo Miniscalchi', 'Teatro Romano', 'Palazzo della Ragione', 'Museo Conte']",Teatro Romano,strategy_nearest,True,0.003168821334838867,success
04026B429C4C81,0,['Arena'],Museo Lapidario,"['Verona Tour', 'Castelvecchio', 'Museo Radio', 'San Fermo', 'Casa Giulietta']",Duomo,strategy_nearest,False,0.003270864486694336,success
04026D429C4C81,0,['Castelvecchio'],Arena,"['Verona Tour', 'Museo Lapidario', 'Museo Radio', 'San Fermo', 'Casa Giulietta']",Casa Giulietta,strategy_nearest,True,0.002640247344970703,success
040283429C4C81,0,['Arena'],Casa Giulietta,"['Centro Fotografia', 'Sighseeing', 'Torre Lamberti', 'Museo Conte', 'Museo Radio']",Torre Lamberti,strategy_nearest,True,0.002318859100341797,success
0402814A9C4C81,0,['Arena'],Museo Lapidario,"['Verona Tour', 'Castelvecchio', 'Museo Radio', 'San Fermo', 'Casa Giulietta']",Casa Giulietta,strategy_nearest,True,0.0031900405883789062,success
040282429C4C81,1,"['Casa Giulietta', 'Palazzo della Ragione']",Torre Lamberti,"['Sighseeing', 'Centro Fotografia', 'Museo Conte', 'AMO', 'Museo Miniscalchi']",San Fermo,strategy_nearest,False,0.0030248165130615234,success
0402854A9C4C81,0,['Arena'],San Fermo,"['Museo Storia', 'Museo Radio', 'Casa Giulietta', 'Centro Fotografia', 'Sighseeing']",Casa Giulietta,strategy_nearest,True,0.004172801971435547,success
04028F4A9C4C81,1,"['Arena', 'Castelvecchio']",Casa Giulietta,"['Centro Fotografia', 'Sighseeing', 'Torre Lamberti', 'Museo Conte', 'Museo Radio']",Torre Lamberti,strategy_nearest,True,0.0012958049774169922,success
04028D429C4C81,0,['Arena'],Museo Lapidario,"['Verona Tour', 'Castelvecchio', 'Museo Radio', 'San Fermo', 'Casa Giulietta']",Duomo,strategy_nearest,False,0.0019271373748779297,success
0402934A9C4C81,0,['Castelvecchio'],Arena,"['Verona Tour', 'Museo Lapidario', 'Museo Radio', 'San Fermo', 'Casa Giulietta']",Teatro Romano,strategy_nearest,False,0.0033419132232666016,success
0402944A9C4C81,0,"['Arena', 'Museo Lapidario', 'Castelvecchio']",San Zeno,"['Verona Tour', 'Museo Miniscalchi', 'Sighseeing', 'Museo Radio', 'Torre Lamberti']",Torre Lamberti,strategy_nearest,True,0.002566099166870117,success
040294429C4C81,0,['Arena'],Castelvecchio,"['Museo Lapidario', 'Verona Tour', 'Museo Radio', 'San Zeno', 'Sighseeing']",Duomo,strategy_nearest,False,0.0019481182098388672,success
040295429C4C81,1,"['Castelvecchio', 'Arena', 'Casa Giulietta']",Torre Lamberti,"['Sighseeing', 'Centro Fotografia', 'Museo Conte', 'Palazzo della Ragione', 'AMO']",Palazzo della Ragione,strategy_nearest,True,0.0031540393829345703,success
040296429C4C81,0,['Arena'],Casa Giulietta,"['Centro Fotografia', 'Sighseeing', 'Torre Lamberti', 'Museo Conte', 'Museo Radio']",Castelvecchio,strategy_nearest,False,0.0030510425567626953,success
040299429C4C81,0,['Arena'],Casa Giulietta,"['Centro Fotografia', 'Sighseeing', 'Torre Lamberti', 'Museo Conte', 'Museo Radio']",Santa Anastasia,strategy_nearest,False,0.0035490989685058594,success
0402A14A9C4C81,3,"['Arena', 'Casa Giulietta']",Santa Anastasia,"['AMO', 'Museo Conte', 'Palazzo della Ragione', 'Teatro Romano', 'Centro Fotografia']",Duomo,strategy_nearest,False,0.0022869110107421875,success
04029F429C4C81,0,['Arena'],Casa Giulietta,"['Centro Fotografia', 'Sighseeing', 'Torre Lamberti', 'Museo Conte', 'Museo Radio']",Casa Giulietta,strategy_nearest,False,0.0039250850677490234,success
040298429C4C81,0,['Arena'],Casa Giulietta,"['Centro Fotografia', 'Sighseeing', 'Torre Lamberti', 'Museo Conte', 'Museo Radio']",Torre Lamberti,strategy_nearest,True,0.0028297901153564453,success
0402AE429C4C81,1,"['Casa Giulietta', 'Palazzo della Ragione']",Teatro Romano,"['Santa Anastasia', 'Duomo', 'AMO', 'Museo Conte', 'Centro Fotografia']",Arena,strategy_nearest,False,0.0019137859344482422,success
0402A83A9C4C81,2,['Museo Lapidario'],Torre Lamberti,"['Sighseeing', 'Centro Fotografia', 'Museo Conte', 'Casa Giulietta', 'Palazzo della Ragione']",Palazzo della Ragione,strategy_nearest,True,0.002570629119873047,success
0402A93A9C4C81,0,['Arena'],Casa Giulietta,"['Centro Fotografia', 'Sighseeing', 'Torre Lamberti', 'Museo Conte', 'Museo Radio']",Torre Lamberti,strategy_nearest,True,0.0031349658966064453,success
0402BA3A9C4C81,3,"['Arena', 'Casa Giulietta']",Torre Lamberti,"['Sighseeing', 'Centro Fotografia', 'Museo Conte', 'Palazzo della Ragione', 'AMO']",Santa Anastasia,strategy_nearest,False,0.0033440589904785156,success
0402C63A9C4C81,6,['Arena'],Casa Giulietta,"['Centro Fotografia', 'Sighseeing', 'Torre Lamberti', 'Museo Conte', 'Museo Radio']",Verona Tour,strategy_nearest,False,0.0019450187683105469,success
0402BE3A9C4C81,0,['Tomba Giulietta'],Arena,"['Verona Tour', 'Museo Lapidario', 'Museo Radio', 'San Fermo', 'Casa Giulietta']",Casa Giulietta,strategy_nearest,True,0.002780914306640625,success
0402CA3A9C4C81,1,"['Arena', 'Casa Giulietta', 'Santa Anastasia']",Duomo,"['AMO', 'Museo Miniscalchi', 'Teatro Romano', 'Palazzo della Ragione', 'Museo Conte']",Teatro Romano,strategy_nearest,True,0.0031218528747558594,success
0402F43A9C4C81,0,['Torre Lamberti'],Casa Giulietta,"['Centro Fotografia', 'Sighseeing', 'Museo Conte', 'Museo Radio', 'Palazzo della Ragione']",Arena,strategy_nearest,False,0.002804994583129883,success
0402F4C27B3F81,2,['Torre Lamberti'],Santa Anastasia,"['AMO', 'Museo Conte', 'Palazzo della Ragione', 'Teatro Romano', 'Centro Fotografia']",Castelvecchio,strategy_nearest,False,0.0017540454864501953,success
0402FD429C4C81,1,"['Arena', 'Museo Lapidario', 'Castelvecchio', 'San Zeno', 'Teatro Romano']",Duomo,"['AMO', 'Museo Miniscalchi', 'Santa Anastasia', 'Palazzo della Ragione', 'Museo Conte']",Casa Giulietta,strategy_nearest,False,0.002319812774658203,success
0402FD3A9C4C81,3,"['Casa Giulietta', 'Arena']",Castelvecchio,"['Museo Lapidario', 'Verona Tour', 'Museo Radio', 'San Zeno', 'Sighseeing']",Santa Anastasia,strategy_nearest,False,0.0024199485778808594,success
0403354A9C4C81,3,"['Castelvecchio', 'San Zeno', 'Casa Giulietta']",Santa Anastasia,"['AMO', 'Museo Conte', 'Palazzo della Ragione', 'Teatro Romano', 'Centro Fotografia']",Arena,strategy_nearest,False,0.0030829906463623047,success
0402FE3A9C4C81,2,"['Casa Giulietta', 'Torre Lamberti']",Santa Anastasia,"['AMO', 'Museo Conte', 'Palazzo della Ragione', 'Teatro Romano', 'Centro Fotografia']",Teatro Romano,strategy_nearest,True,0.003332853317260742,success
04033D3A9C4C81,3,"['Casa Giulietta', 'Giardino Giusti', 'Teatro Romano', 'Duomo']",Santa Anastasia,"['AMO', 'Museo Conte', 'Palazzo della Ragione', 'Centro Fotografia', 'Torre Lamberti']",San Zeno,strategy_nearest,False,0.002711772918701172,success
040342429C4C81,3,"['Castelvecchio', 'Arena']",Torre Lamberti,"['Sighseeing', 'Centro Fotografia', 'Museo Conte', 'Casa Giulietta', 'Palazzo della Ragione']",Santa Anastasia,strategy_nearest,False,0.003214120864868164,success
040343429C4C81,3,"['San Zeno', 'Castelvecchio', 'Torre Lamberti', 'Santa Anastasia']",Casa Giulietta,"['Centro Fotografia', 'Sighseeing', 'Museo Conte', 'Museo Radio', 'Palazzo della Ragione']",San Fermo,strategy_nearest,False,0.0027039051055908203,success
040374429C4C81,0,"['Castelvecchio', 'Torre Lamberti']",Casa Giulietta,"['Centro Fotografia', 'Sighseeing', 'Museo Conte', 'Museo Radio', 'Palazzo della Ragione']",Arena,strategy_nearest,False,0.003055095672607422,success
040353429C4C81,3,"['Arena', 'Casa Giulietta']",Torre Lamberti,"['Sighseeing', 'Centro Fotografia', 'Museo Conte', 'Palazzo della Ragione', 'AMO']",Santa Anastasia,strategy_nearest,False,0.003080129623413086,success
040377429C4C81,0,['Arena'],Casa Giulietta,"['Centro Fotografia', 'Sighseeing', 'Torre Lamberti', 'Museo Conte', 'Museo Radio']",Castelvecchio,strategy_nearest,False,0.002259969711303711,success
0403824A9C4C81,2,['Duomo'],Teatro Romano,"['Santa Anastasia', 'AMO', 'Palazzo della Ragione', 'Museo Conte', 'Centro Fotografia']",Casa Giulietta,strategy_nearest,False,0.001962900161743164,success
040387429C4C81,1,['Casa Giulietta'],Torre Lamberti,"['Sighseeing', 'Centro Fotografia', 'Museo Conte', 'Palazzo della Ragione', 'AMO']",Palazzo della Ragione,strategy_nearest,True,0.003055095672607422,success
0403834A9C4C81,3,['Arena'],Torre Lamberti,"['Sighseeing', 'Centro Fotografia', 'Museo Conte', 'Casa Giulietta', 'Palazzo della Ragione']",Duomo,strategy_nearest,False,0.002542734146118164,success
04038B4A9C4C81,3,"['Arena', 'Castelvecchio', 'Casa Giulietta']",Santa Anastasia,"['AMO', 'Museo Conte', 'Palazzo della Ragione', 'Teatro Romano', 'Centro Fotografia']",Teatro Romano,strategy_nearest,True,0.002916097640991211,success
0403934A9C4C81,3,"['Arena', 'Museo Lapidario', 'San Fermo']",Giardino Giusti,"['Santa Anastasia', 'Teatro Romano', 'Museo Conte', 'Centro Fotografia', 'Museo Storia']",Teatro Romano,strategy_nearest,True,0.0023522377014160156,success
040395429C4C81,1,"['Arena', 'Casa Giulietta', 'Torre Lamberti']",Palazzo della Ragione,"['AMO', 'Museo Conte', 'Centro Fotografia', 'Sighseeing', 'Santa Anastasia']",Duomo,strategy_nearest,False,0.0023031234741210938,success
040398429C4C81,3,"['Torre Lamberti', 'Casa Giulietta']",Castelvecchio,"['Museo Lapidario', 'Verona Tour', 'Arena', 'Museo Radio', 'San Zeno']",Arena,strategy_nearest,True,0.002618074417114258,success
0403A0429C4C81,0,"['Tomba Giulietta', 'Arena']",Casa Giulietta,"['Centro Fotografia', 'Sighseeing', 'Torre Lamberti', 'Museo Conte', 'Museo Radio']",Giardino Giusti,strategy_nearest,False,0.0019159317016601562,success
0403A1429C4C81,2,['Casa Giulietta'],Torre Lamberti,"['Sighseeing', 'Centro Fotografia', 'Museo Conte', 'Palazzo della Ragione', 'AMO']",Santa Anastasia,strategy_nearest,False,0.0032529830932617188,success
04039A4A9C4C81,3,['Arena'],Santa Anastasia,"['AMO', 'Museo Conte', 'Palazzo della Ragione', 'Teatro Romano', 'Centro Fotografia']",Duomo,strategy_nearest,False,0.003428936004638672,success
0403A14A9C4C81,0,['Arena'],Castelvecchio,"['Museo Lapidario', 'Verona Tour', 'Museo Radio', 'San Zeno', 'Sighseeing']",Casa Giulietta,strategy_nearest,False,0.002953052520751953,success
0403AA4A9C4C81,3,"['Arena', 'Casa Giulietta']",Santa Anastasia,"['AMO', 'Museo Conte', 'Palazzo della Ragione', 'Teatro Romano', 'Centro Fotografia']",Teatro Romano,strategy_nearest,True,0.0022270679473876953,success
0403AB429C4C81,1,"['Museo Lapidario', 'Arena']",Casa Giulietta,"['Centro Fotografia', 'Sighseeing', 'Torre Lamberti', 'Museo Conte', 'Museo Radio']",Torre Lamberti,strategy_nearest,True,0.0025599002838134766,success
0403BE429C4C81,3,"['Arena', 'Torre Lamberti']",Santa Anastasia,"['AMO', 'Museo Conte', 'Palazzo della Ragione', 'Teatro Romano', 'Centro Fotografia']",Casa Giulietta,strategy_nearest,False,0.003177165985107422,success
0403BF3A9C4C81,0,['Arena'],Casa Giulietta,"['Centro Fotografia', 'Sighseeing', 'Torre Lamberti', 'Museo Conte', 'Museo Radio']",Torre Lamberti,strategy_nearest,True,0.003344297409057617,success
0403CD3A9C4C81,1,"['Teatro Romano', 'Santa Anastasia', 'Torre Lamberti']",Palazzo della Ragione,"['AMO', 'Museo Conte', 'Centro Fotografia', 'Sighseeing', 'Museo Miniscalchi']",Casa Giulietta,strategy_nearest,False,0.0029408931732177734,success
0403F23A9C4C81,2,"['Teatro Romano', 'Castelvecchio']",San Zeno,"['Verona Tour', 'Museo Lapidario', 'Arena', 'Museo Miniscalchi', 'Sighseeing']",Torre Lamberti,strategy_nearest,False,0.002804994583129883,success
0403EB3A9C4C81,2,['Duomo'],Torre Lamberti,"['Sighseeing', 'Centro Fotografia', 'Museo Conte', 'Casa Giulietta', 'Palazzo della Ragione']",Casa Giulietta,strategy_nearest,True,0.004062175750732422,success
0403D43A9C4C81,0,['Tomba Giulietta'],Casa Giulietta,"['Centro Fotografia', 'Sighseeing', 'Torre Lamberti', 'Museo Conte', 'Museo Radio']",Arena,strategy_nearest,False,0.002682924270629883,success
0403E43A9C4C81,1,"['Tomba Giulietta', 'Arena']",Casa Giulietta,"['Centro Fotografia', 'Sighseeing', 'Torre Lamberti', 'Museo Conte', 'Museo Radio']",Palazzo della Ragione,strategy_nearest,False,0.0035293102264404297,success
0403F6429C4C81,0,"['Torre Lamberti', 'Castelvecchio']",San Zeno,"['Verona Tour', 'Museo Lapidario', 'Arena', 'Museo Miniscalchi', 'Sighseeing']",Arena,strategy_nearest,True,0.002610921859741211,success
0403FC3A9C4C81,2,['Casa Giulietta'],Santa Anastasia,"['AMO', 'Museo Conte', 'Palazzo della Ragione', 'Teatro Romano', 'Centro Fotografia']",Duomo,strategy_nearest,False,0.0012929439544677734,success
0403FA429C4C81,3,"['Arena', 'Torre Lamberti', 'Casa Giulietta', 'San Fermo']",Giardino Giusti,"['Santa Anastasia', 'Teatro Romano', 'Museo Conte', 'Centro Fotografia', 'Museo Storia']",Teatro Romano,strategy_nearest,True,0.0019991397857666016,success
0403FD429C4C81,1,"['Arena', 'Palazzo della Ragione', 'Torre Lamberti']",Duomo,"['AMO', 'Museo Miniscalchi', 'Santa Anastasia', 'Teatro Romano', 'Museo Conte']",Castelvecchio,strategy_nearest,False,0.003410816192626953,success
040401429C4C85,2,"['Castelvecchio', 'San Zeno']",Santa Anastasia,"['AMO', 'Museo Conte', 'Palazzo della Ragione', 'Teatro Romano', 'Centro Fotografia']",Duomo,strategy_nearest,False,0.003392934799194336,success
0404013A9C4C85,0,['Castelvecchio'],Arena,"['Verona Tour', 'Museo Lapidario', 'Museo Radio', 'San Fermo', 'Casa Giulietta']",Casa Giulietta,strategy_nearest,True,0.0029478073120117188,success
0403FF3A9C4C81,0,['Arena'],Castelvecchio,"['Museo Lapidario', 'Verona Tour', 'Museo Radio', 'San Zeno', 'Sighseeing']",Duomo,strategy_nearest,False,0.001987934112548828,success
04042B3A9C4C81,2,"['Palazzo della Ragione', 'Casa Giulietta']",San Fermo,"['Museo Storia', 'Museo Radio', 'Centro Fotografia', 'Arena', 'Sighseeing']",Tomba Giulietta,strategy_nearest,False,0.002905130386352539,success
04042D429C4C81,2,['Casa Giulietta'],Castelvecchio,"['Museo Lapidario', 'Verona Tour', 'Arena', 'Museo Radio', 'San Zeno']",Duomo,strategy_nearest,False,0.0021440982818603516,success
04043D3A9C4C81,2,"['Castelvecchio', 'Casa Giulietta']",Torre Lamberti,"['Sighseeing', 'Centro Fotografia', 'Museo Conte', 'Palazzo della Ragione', 'AMO']",Palazzo della Ragione,strategy_nearest,True,0.0025849342346191406,success
04043C3A9C4C81,3,['Casa Giulietta'],Santa Anastasia,"['AMO', 'Museo Conte', 'Palazzo della Ragione', 'Teatro Romano', 'Centro Fotografia']",Duomo,strategy_nearest,False,0.003464937210083008,success
04045B429C4C81,1,"['Arena', 'Museo Lapidario', 'Casa Giulietta']",Torre Lamberti,"['Sighseeing', 'Centro Fotografia', 'Museo Conte', 'Palazzo della Ragione', 'AMO']",Palazzo della Ragione,strategy_nearest,True,0.0014951229095458984,success
04043D429C4C81,3,"['Teatro Romano', 'Santa Anastasia', 'Torre Lamberti']",Casa Giulietta,"['Centro Fotografia', 'Sighseeing', 'Museo Conte', 'Museo Radio', 'Palazzo della Ragione']",San Fermo,strategy_nearest,False,0.004174232482910156,success
040457429C4C81,0,['Arena'],Casa Giulietta,"['Centro Fotografia', 'Sighseeing', 'Torre Lamberti', 'Museo Conte', 'Museo Radio']",Teatro Romano,strategy_nearest,False,0.0027251243591308594,success
0404523A9C4C81,1,"['Castelvecchio', 'Arena']",Palazzo della Ragione,"['AMO', 'Museo Conte', 'Torre Lamberti', 'Centro Fotografia', 'Sighseeing']",Santa Anastasia,strategy_nearest,False,0.0029268264770507812,success
04045F3A9C4C81,3,['Santa Anastasia'],Duomo,"['AMO', 'Museo Miniscalchi', 'Teatro Romano', 'Palazzo della Ragione', 'Museo Conte']",Arena,strategy_nearest,False,0.002846956253051758,success
040469429C4C81,0,['Arena'],Casa Giulietta,"['Centro Fotografia', 'Sighseeing', 'Torre Lamberti', 'Museo Conte', 'Museo Radio']",Teatro Romano,strategy_nearest,False,0.0021941661834716797,success
04046C429C4C81,0,"['Castelvecchio', 'Arena']",Giardino Giusti,"['Santa Anastasia', 'Teatro Romano', 'Museo Conte', 'Centro Fotografia', 'Museo Storia']",Casa Giulietta,strategy_nearest,False,0.0014781951904296875,success
04047FC27B3F81,0,['Arena'],Casa Giulietta,"['Centro Fotografia', 'Sighseeing', 'Torre Lamberti', 'Museo Conte', 'Museo Radio']",Torre Lamberti,strategy_nearest,True,0.001995086669921875,success
04046E429C4C81,0,['Arena'],Torre Lamberti,"['Sighseeing', 'Centro Fotografia', 'Museo Conte', 'Casa Giulietta', 'Palazzo della Ragione']",Teatro Romano,strategy_nearest,False,0.004123210906982422,success
040471429C4C81,2,['Palazzo della Ragione'],Torre Lamberti,"['Sighseeing', 'Centro Fotografia', 'Museo Conte', 'Casa Giulietta', 'AMO']",San Fermo,strategy_nearest,False,0.0028290748596191406,success
0404813A9C4C81,0,['Castelvecchio'],Arena,"['Verona Tour', 'Museo Lapidario', 'Museo Radio', 'San Fermo', 'Casa Giulietta']",Casa Giulietta,strategy_nearest,True,0.0032558441162109375,success
0404833A9C4C81,2,['Torre Lamberti'],Casa Giulietta,"['Centro Fotografia', 'Sighseeing', 'Museo Conte', 'Museo Radio', 'Palazzo della Ragione']",Santa Anastasia,strategy_nearest,False,0.0022521018981933594,success
04048F4A9C4C81,2,"['Torre Lamberti', 'Palazzo della Ragione']",Casa Giulietta,"['Centro Fotografia', 'Sighseeing', 'Museo Conte', 'Museo Radio', 'San Fermo']",Duomo,strategy_nearest,False,0.003259897232055664,success
040488429C4C81,0,"['Castelvecchio', 'Arena']",San Fermo,"['Museo Storia', 'Museo Radio', 'Casa Giulietta', 'Centro Fotografia', 'Sighseeing']",Casa Giulietta,strategy_nearest,True,0.002541780471801758,success
040491429C4C81,0,['Arena'],Casa Giulietta,"['Centro Fotografia', 'Sighseeing', 'Torre Lamberti', 'Museo Conte', 'Museo Radio']",Tomba Giulietta,strategy_nearest,False,0.003206968307495117,success
0404844A9C4C81,1,"['Arena', 'Tomba Giulietta']",Museo Storia,"['San Fermo', 'Museo Radio', 'Casa Giulietta', 'Centro Fotografia', 'Torre Lamberti']",Casa Giulietta,strategy_nearest,True,0.0037240982055664062,success
0404974A9C4C81,1,"['Arena', 'Torre Lamberti']",Palazzo della Ragione,"['AMO', 'Museo Conte', 'Centro Fotografia', 'Sighseeing', 'Santa Anastasia']",Casa Giulietta,strategy_nearest,False,0.0015099048614501953,success
040495429C4C81,2,['Torre Lamberti'],Palazzo della Ragione,"['AMO', 'Museo Conte', 'Centro Fotografia', 'Sighseeing', 'Santa Anastasia']",Casa Giulietta,strategy_nearest,False,0.002735137939453125,success
040499429C4C81,3,"['San Fermo', 'Arena', 'Torre Lamberti']",Santa Anastasia,"['AMO', 'Museo Conte', 'Palazzo della Ragione', 'Teatro Romano', 'Centro Fotografia']",Casa Giulietta,strategy_nearest,False,0.001968860626220703,success
0404944A9C4C81,0,['Arena'],Casa Giulietta,"['Centro Fotografia', 'Sighseeing', 'Torre Lamberti', 'Museo Conte', 'Museo Radio']",Torre Lamberti,strategy_nearest,True,0.004163026809692383,success
04049B429C4C81,3,"['Arena', 'Castelvecchio', 'San Zeno']",Duomo,"['AMO', 'Museo Miniscalchi', 'Santa Anastasia', 'Teatro Romano', 'Palazzo della Ragione']",Teatro Romano,strategy_nearest,True,0.0020291805267333984,success
04049C429C4C81,0,['Arena'],Casa Giulietta,"['Centro Fotografia', 'Sighseeing', 'Torre Lamberti', 'Museo Conte', 'Museo Radio']",Santa Anastasia,strategy_nearest,False,0.0031731128692626953,success
04049D429C4C81,0,['Tomba Giulietta'],Casa Giulietta,"['Centro Fotografia', 'Sighseeing', 'Torre Lamberti', 'Museo Conte', 'Museo Radio']",Arena,strategy_nearest,False,0.002549886703491211,success
0404A83A9C4C81,3,"['Arena', 'Casa Giulietta']",Santa Anastasia,"['AMO', 'Museo Conte', 'Palazzo della Ragione', 'Teatro Romano', 'Centro Fotografia']",Duomo,strategy_nearest,False,0.003282308578491211,success
0404A84A9C4C81,3,"['Arena', 'Tomba Giulietta', 'San Fermo']",Casa Giulietta,"['Centro Fotografia', 'Sighseeing', 'Torre Lamberti', 'Museo Conte', 'Museo Radio']",Torre Lamberti,strategy_nearest,True,0.0034492015838623047,success
0404B3429C4C81,0,['Santa Anastasia'],Casa Giulietta,"['Centro Fotografia', 'Sighseeing', 'Torre Lamberti', 'Museo Conte', 'Museo Radio']",Arena,strategy_nearest,False,0.002707242965698242,success
0404B53A9C4C81,0,['Arena'],Casa Giulietta,"['Centro Fotografia', 'Sighseeing', 'Torre Lamberti', 'Museo Conte', 'Museo Radio']",Castelvecchio,strategy_nearest,False,0.0032460689544677734,success
0404A94A9C4C81,3,['Arena'],Casa Giulietta,"['Centro Fotografia', 'Sighseeing', 'Torre Lamberti', 'Museo Conte', 'Museo Radio']",Torre Lamberti,strategy_nearest,True,0.002023935317993164,success
0404B8429C4C81,0,['Arena'],Casa Giulietta,"['Centro Fotografia', 'Sighseeing', 'Torre Lamberti', 'Museo Conte', 'Museo Radio']",Castelvecchio,strategy_nearest,False,0.003320932388305664,success
0404B73A9C4C81,0,['Arena'],Casa Giulietta,"['Centro Fotografia', 'Sighseeing', 'Torre Lamberti', 'Museo Conte', 'Museo Radio']",Torre Lamberti,strategy_nearest,True,0.0027549266815185547,success
0404BA3A9C4C81,3,"['Arena', 'Casa Giulietta']",San Fermo,"['Museo Storia', 'Museo Radio', 'Centro Fotografia', 'Sighseeing', 'Torre Lamberti']",Torre Lamberti,strategy_nearest,True,0.0012810230255126953,success
0404BC3A9C4C81,3,"['San Zeno', 'Castelvecchio', 'Arena', 'Casa Giulietta']",San Fermo,"['Museo Storia', 'Museo Radio', 'Centro Fotografia', 'Sighseeing', 'Torre Lamberti']",Torre Lamberti,strategy_nearest,True,0.0032279491424560547,success
0404BF3A9C4C81,0,['Arena'],Casa Giulietta,"['Centro Fotografia', 'Sighseeing', 'Torre Lamberti', 'Museo Conte', 'Museo Radio']",Torre Lamberti,strategy_nearest,True,0.0016372203826904297,success
0404CE429C4C81,3,"['Arena', 'Casa Giulietta', 'Santa Anastasia']",Duomo,"['AMO', 'Museo Miniscalchi', 'Teatro Romano', 'Palazzo della Ragione', 'Museo Conte']",Teatro Romano,strategy_nearest,True,0.0020139217376708984,success
0404E4429C4C81,2,"['Castelvecchio', 'Palazzo della Ragione']",Santa Anastasia,"['AMO', 'Museo Conte', 'Teatro Romano', 'Centro Fotografia', 'Duomo']",San Fermo,strategy_nearest,False,0.0026481151580810547,success
0404C6429C4C81,1,['Arena'],Casa Giulietta,"['Centro Fotografia', 'Sighseeing', 'Torre Lamberti', 'Museo Conte', 'Museo Radio']",Torre Lamberti,strategy_nearest,True,0.004080295562744141,success
0404FB429C4C81,2,"['Castelvecchio', 'Duomo', 'San Zeno']",San Fermo,"['Museo Storia', 'Museo Radio', 'Casa Giulietta', 'Centro Fotografia', 'Arena']",Casa Giulietta,strategy_nearest,True,0.001851797103881836,success
0404E53A9C4C81,0,['Arena'],Duomo,"['AMO', 'Museo Miniscalchi', 'Santa Anastasia', 'Teatro Romano', 'Palazzo della Ragione']",San Zeno,strategy_nearest,False,0.0026369094848632812,success
0404F9429C4C81,2,['Castelvecchio'],Casa Giulietta,"['Centro Fotografia', 'Sighseeing', 'Torre Lamberti', 'Museo Conte', 'Museo Radio']",Tomba Giulietta,strategy_nearest,False,0.003264904022216797,success
04052D4A9C4C81,1,"['Arena', 'Museo Lapidario', 'Castelvecchio']",Torre Lamberti,"['Sighseeing', 'Centro Fotografia', 'Museo Conte', 'Casa Giulietta', 'Palazzo della Ragione']",Palazzo della Ragione,strategy_nearest,True,0.003330707550048828,success
04052F3A9C4C81,2,['Castelvecchio'],Teatro Romano,"['Santa Anastasia', 'Duomo', 'AMO', 'Palazzo della Ragione', 'Museo Conte']",Duomo,strategy_nearest,True,0.002598285675048828,success
040531429C4C81,3,"['Arena', 'San Fermo', 'Castelvecchio']",Santa Anastasia,"['AMO', 'Museo Conte', 'Palazzo della Ragione', 'Teatro Romano', 'Centro Fotografia']",Teatro Romano,strategy_nearest,True,0.0019249916076660156,success
04053A3A9C4C81,3,"['Santa Anastasia', 'Torre Lamberti', 'Casa Giulietta']",Arena,"['Verona Tour', 'Museo Lapidario', 'Museo Radio', 'San Fermo', 'Sighseeing']",Tomba Giulietta,strategy_nearest,False,0.003059864044189453,success
040547429C4C81,0,['Torre Lamberti'],Teatro Romano,"['Santa Anastasia', 'Duomo', 'AMO', 'Palazzo della Ragione', 'Museo Conte']",Arena,strategy_nearest,False,0.002827882766723633,success
040557429C4C81,0,['Arena'],Torre Lamberti,"['Sighseeing', 'Centro Fotografia', 'Museo Conte', 'Casa Giulietta', 'Palazzo della Ragione']",Castelvecchio,strategy_nearest,False,0.0026769638061523438,success
04056E429C4C81,2,['Santa Anastasia'],Duomo,"['AMO', 'Museo Miniscalchi', 'Teatro Romano', 'Palazzo della Ragione', 'Museo Conte']",Casa Giulietta,strategy_nearest,False,0.002015829086303711,success
040559429C4C81,3,['Arena'],Santa Anastasia,"['AMO', 'Museo Conte', 'Palazzo della Ragione', 'Teatro Romano', 'Centro Fotografia']",Duomo,strategy_nearest,False,0.003329753875732422,success
040573429C4C81,0,['Castelvecchio'],Arena,"['Verona Tour', 'Museo Lapidario', 'Museo Radio', 'San Fermo', 'Casa Giulietta']",Casa Giulietta,strategy_nearest,True,0.00199127197265625,success
0405733A9C4C81,0,['Arena'],Museo Lapidario,"['Verona Tour', 'Castelvecchio', 'Museo Radio', 'San Fermo', 'Casa Giulietta']",Tomba Giulietta,strategy_nearest,False,0.0034399032592773438,success
040576429C4C81,1,"['Museo Lapidario', 'Arena']",Torre Lamberti,"['Sighseeing', 'Centro Fotografia', 'Museo Conte', 'Casa Giulietta', 'Palazzo della Ragione']",Palazzo della Ragione,strategy_nearest,True,0.002035856246948242,success
0405794A9C4C81,3,"['Arena', 'Torre Lamberti']",Santa Anastasia,"['AMO', 'Museo Conte', 'Palazzo della Ragione', 'Teatro Romano', 'Centro Fotografia']",Teatro Romano,strategy_nearest,True,0.0033979415893554688,success
0405834A9C4C81,2,"['Casa Giulietta', 'Tomba Giulietta']",San Fermo,"['Museo Storia', 'Museo Radio', 'Centro Fotografia', 'Arena', 'Sighseeing']",Castelvecchio,strategy_nearest,False,0.002359151840209961,success
0405813A9C4C81,1,"['Arena', 'Torre Lamberti']",Palazzo della Ragione,"['AMO', 'Museo Conte', 'Centro Fotografia', 'Sighseeing', 'Santa Anastasia']",Santa Anastasia,strategy_nearest,True,0.003034830093383789,success
0405924A9C4C81,3,"['Castelvecchio', 'Casa Giulietta']",Santa Anastasia,"['AMO', 'Museo Conte', 'Palazzo della Ragione', 'Teatro Romano', 'Centro Fotografia']",Duomo,strategy_nearest,False,0.002668619155883789,success
0405853A9C4C81,2,['Casa Giulietta'],Torre Lamberti,"['Sighseeing', 'Centro Fotografia', 'Museo Conte', 'Palazzo della Ragione', 'AMO']",Duomo,strategy_nearest,False,0.0022749900817871094,success
0405934A9C4C81,0,['Arena'],San Fermo,"['Museo Storia', 'Museo Radio', 'Casa Giulietta', 'Centro Fotografia', 'Sighseeing']",Casa Giulietta,strategy_nearest,True,0.0031168460845947266,success
040585429C4C81,3,"['Casa Giulietta', 'Santa Anastasia', 'Torre Lamberti']",Arena,"['Verona Tour', 'Museo Lapidario', 'Museo Radio', 'San Fermo', 'Sighseeing']",Castelvecchio,strategy_nearest,False,0.001978158950805664,success
040598429C4C81,3,"['Arena', 'Castelvecchio']",Casa Giulietta,"['Centro Fotografia', 'Sighseeing', 'Torre Lamberti', 'Museo Conte', 'Museo Radio']",Santa Anastasia,strategy_nearest,False,0.0018486976623535156,success
040599429C4C81,1,"['Arena', 'Casa Giulietta']",Palazzo della Ragione,"['AMO', 'Museo Conte', 'Torre Lamberti', 'Centro Fotografia', 'Sighseeing']",Torre Lamberti,strategy_nearest,True,0.0024089813232421875,success
04059A4A9C4C81,2,"['Casa Giulietta', 'Santa Anastasia']",Tomba Giulietta,"['San Fermo', 'Museo Storia', 'Arena', 'Museo Lapidario', 'Museo Radio']",Castelvecchio,strategy_nearest,False,0.0023670196533203125,success
0405A0429C4C81,1,"['Tomba Giulietta', 'Arena', 'Torre Lamberti']",Palazzo della Ragione,"['AMO', 'Museo Conte', 'Centro Fotografia', 'Sighseeing', 'Santa Anastasia']",Santa Anastasia,strategy_nearest,True,0.0030019283294677734,success
0405A83A9C4C81,3,"['Arena', 'Museo Lapidario', 'Casa Giulietta']",Santa Anastasia,"['AMO', 'Museo Conte', 'Palazzo della Ragione', 'Teatro Romano', 'Centro Fotografia']",Duomo,strategy_nearest,False,0.003197908401489258,success
0405A94A9C4C81,0,"['Torre Lamberti', 'Casa Giulietta']",San Fermo,"['Museo Storia', 'Museo Radio', 'Centro Fotografia', 'Arena', 'Sighseeing']",Arena,strategy_nearest,True,0.0027158260345458984,success
0405A3429C4C81,3,"['Castelvecchio', 'Arena', 'Tomba Giulietta', 'San Fermo']",Casa Giulietta,"['Centro Fotografia', 'Sighseeing', 'Torre Lamberti', 'Museo Conte', 'Museo Radio']",Duomo,strategy_nearest,False,0.0026569366455078125,success
0405B63A9C4C81,0,['Torre Lamberti'],Casa Giulietta,"['Centro Fotografia', 'Sighseeing', 'Museo Conte', 'Museo Radio', 'Palazzo della Ragione']",Arena,strategy_nearest,False,0.0020821094512939453,success
0405AA3A9C4C81,0,['Arena'],Casa Giulietta,"['Centro Fotografia', 'Sighseeing', 'Torre Lamberti', 'Museo Conte', 'Museo Radio']",Santa Anastasia,strategy_nearest,False,0.0026369094848632812,success
0405AA4A9C4C81,3,"['Duomo', 'Teatro Romano']",Arena,"['Verona Tour', 'Museo Lapidario', 'Museo Radio', 'San Fermo', 'Casa Giulietta']",Castelvecchio,strategy_nearest,False,0.002405881881713867,success
0405BD3A9C4C81,3,"['Santa Anastasia', 'San Zeno', 'Teatro Romano', 'Arena']",Tomba Giulietta,"['San Fermo', 'Museo Storia', 'Museo Lapidario', 'Museo Radio', 'Verona Tour']",Duomo,strategy_nearest,False,0.0011413097381591797,success
0405BA3A9C4C81,3,"['Arena', 'Casa Giulietta']",Santa Anastasia,"['AMO', 'Museo Conte', 'Palazzo della Ragione', 'Teatro Romano', 'Centro Fotografia']",Torre Lamberti,strategy_nearest,False,0.004204988479614258,success
0405BA429C4C81,0,['Castelvecchio'],Arena,"['Verona Tour', 'Museo Lapidario', 'Museo Radio', 'San Fermo', 'Casa Giulietta']",Torre Lamberti,strategy_nearest,False,0.002780914306640625,success
0405C0429C4C81,0,['Arena'],Casa Giulietta,"['Centro Fotografia', 'Sighseeing', 'Torre Lamberti', 'Museo Conte', 'Museo Radio']",Castelvecchio,strategy_nearest,False,0.002960205078125,success
0405C3429C4C81,3,['Arena'],Santa Anastasia,"['AMO', 'Museo Conte', 'Palazzo della Ragione', 'Teatro Romano', 'Centro Fotografia']",Duomo,strategy_nearest,False,0.0033822059631347656,success
0405D03A9C4C81,0,['Arena'],Casa Giulietta,"['Centro Fotografia', 'Sighseeing', 'Torre Lamberti', 'Museo Conte', 'Museo Radio']",Torre Lamberti,strategy_nearest,True,0.0026290416717529297,success
0405C6429C4C81,1,['Arena'],Santa Anastasia,"['AMO', 'Museo Conte', 'Palazzo della Ragione', 'Teatro Romano', 'Centro Fotografia']",Casa Giulietta,strategy_nearest,False,0.0021209716796875,success
0405C83A9C4C81,1,['Arena'],Palazzo della Ragione,"['AMO', 'Museo Conte', 'Torre Lamberti', 'Centro Fotografia', 'Sighseeing']",Castelvecchio,strategy_nearest,False,0.0034399032592773438,success
0405D93A9C4C81,0,['Arena'],Castelvecchio,"['Museo Lapidario', 'Verona Tour', 'Museo Radio', 'San Zeno', 'Sighseeing']",Duomo,strategy_nearest,False,0.0025658607482910156,success
0405F13A9C4C81,1,"['San Zeno', 'Castelvecchio']",Arena,"['Verona Tour', 'Museo Lapidario', 'Museo Radio', 'San Fermo', 'Casa Giulietta']",Duomo,strategy_nearest,False,0.0027458667755126953,success
0405F3429C4C81,1,"['Castelvecchio', 'Casa Giulietta', 'Torre Lamberti', 'Palazzo della Ragione']",Arena,"['Verona Tour', 'Museo Lapidario', 'Museo Radio', 'San Fermo', 'Sighseeing']",Museo Lapidario,strategy_nearest,True,0.0032501220703125,success
0405E03A9C4C81,1,"['Palazzo della Ragione', 'Torre Lamberti']",Santa Anastasia,"['AMO', 'Museo Conte', 'Teatro Romano', 'Centro Fotografia', 'Duomo']",Arena,strategy_nearest,False,0.0027382373809814453,success
040685429C4C81,0,"['Castelvecchio', 'Arena']",San Fermo,"['Museo Storia', 'Museo Radio', 'Casa Giulietta', 'Centro Fotografia', 'Sighseeing']",Casa Giulietta,strategy_nearest,True,0.002586841583251953,success
0406843A9C4C81,3,"['Torre Lamberti', 'Santa Anastasia']",Teatro Romano,"['Duomo', 'AMO', 'Palazzo della Ragione', 'Museo Conte', 'Centro Fotografia']",Arena,strategy_nearest,False,0.002162933349609375,success
0405FA429C4C81,2,['Castelvecchio'],Casa Giulietta,"['Centro Fotografia', 'Sighseeing', 'Torre Lamberti', 'Museo Conte', 'Museo Radio']",Santa Anastasia,strategy_nearest,False,0.0027620792388916016,success
0406844A9C4C81,1,"['Arena', 'Castelvecchio']",Casa Giulietta,"['Centro Fotografia', 'Sighseeing', 'Torre Lamberti', 'Museo Conte', 'Museo Radio']",Torre Lamberti,strategy_nearest,True,0.0033142566680908203,success
0406954A9C4C80,3,"['Arena', 'Torre Lamberti']",Santa Anastasia,"['AMO', 'Museo Conte', 'Palazzo della Ragione', 'Teatro Romano', 'Centro Fotografia']",Duomo,strategy_nearest,False,0.00391697883605957,success
04069B4A9C4C80,3,['Arena'],Casa Giulietta,"['Centro Fotografia', 'Sighseeing', 'Torre Lamberti', 'Museo Conte', 'Museo Radio']",San Fermo,strategy_nearest,False,0.0020842552185058594,success
0406A0429C4C80,3,['Arena'],Casa Giulietta,"['Centro Fotografia', 'Sighseeing', 'Torre Lamberti', 'Museo Conte', 'Museo Radio']",Torre Lamberti,strategy_nearest,True,0.0014719963073730469,success
04069A4A9C4C80,0,['Arena'],Casa Giulietta,"['Centro Fotografia', 'Sighseeing', 'Torre Lamberti', 'Museo Conte', 'Museo Radio']",Castelvecchio,strategy_nearest,False,0.002701997756958008,success
0406A4429C4C81,0,"['Arena', 'Casa Giulietta']",Castelvecchio,"['Museo Lapidario', 'Verona Tour', 'Museo Radio', 'San Zeno', 'Sighseeing']",Tomba Giulietta,strategy_nearest,False,0.0019550323486328125,success
0406A73A9C4C81,0,['Arena'],Casa Giulietta,"['Centro Fotografia', 'Sighseeing', 'Torre Lamberti', 'Museo Conte', 'Museo Radio']",Teatro Romano,strategy_nearest,False,0.002445220947265625,success
0406A44A9C4C81,1,"['Santa Anastasia', 'Palazzo della Ragione']",Torre Lamberti,"['Sighseeing', 'Centro Fotografia', 'Museo Conte', 'Casa Giulietta', 'AMO']",Arena,strategy_nearest,False,0.0013480186462402344,success
0407043A9C4C85,3,"['Casa Giulietta', 'Teatro Romano']",Duomo,"['AMO', 'Museo Miniscalchi', 'Santa Anastasia', 'Palazzo della Ragione', 'Museo Conte']",Torre Lamberti,strategy_nearest,False,0.003299236297607422,success
04072C4A9C4C81,3,"['Tomba Giulietta', 'Arena', 'Santa Anastasia']",Duomo,"['AMO', 'Museo Miniscalchi', 'Teatro Romano', 'Palazzo della Ragione', 'Museo Conte']",Teatro Romano,strategy_nearest,True,0.0016481876373291016,success
04072D429C4C81,3,"['Arena', 'Castelvecchio', 'Casa Giulietta']",Torre Lamberti,"['Sighseeing', 'Centro Fotografia', 'Museo Conte', 'Palazzo della Ragione', 'AMO']",Duomo,strategy_nearest,False,0.0026488304138183594,success
04072E429C4C81,1,"['Palazzo della Ragione', 'Torre Lamberti']",Arena,"['Verona Tour', 'Museo Lapidario', 'Museo Radio', 'San Fermo', 'Casa Giulietta']",Santa Anastasia,strategy_nearest,False,0.003267049789428711,success
0407363A9C4C81,0,['Arena'],Casa Giulietta,"['Centro Fotografia', 'Sighseeing', 'Torre Lamberti', 'Museo Conte', 'Museo Radio']",Torre Lamberti,strategy_nearest,True,0.0031502246856689453,success
040743429C4C81,3,"['Arena', 'Museo Lapidario']",Torre Lamberti,"['Sighseeing', 'Centro Fotografia', 'Museo Conte', 'Casa Giulietta', 'Palazzo della Ragione']",Santa Anastasia,strategy_nearest,False,0.0028710365295410156,success
04074D3A9C4C81,2,['Casa Giulietta'],San Fermo,"['Museo Storia', 'Museo Radio', 'Centro Fotografia', 'Arena', 'Sighseeing']",Tomba Giulietta,strategy_nearest,False,0.0024192333221435547,success
0407463A9C4C81,3,['Arena'],San Fermo,"['Museo Storia', 'Museo Radio', 'Casa Giulietta', 'Centro Fotografia', 'Sighseeing']",Santa Anastasia,strategy_nearest,False,0.003094911575317383,success
04074D429C4C81,3,"['Arena', 'San Zeno']",Santa Anastasia,"['AMO', 'Museo Conte', 'Palazzo della Ragione', 'Teatro Romano', 'Centro Fotografia']",Duomo,strategy_nearest,False,0.0031218528747558594,success
040757429C4C81,0,['Arena'],Torre Lamberti,"['Sighseeing', 'Centro Fotografia', 'Museo Conte', 'Casa Giulietta', 'Palazzo della Ragione']",Castelvecchio,strategy_nearest,False,0.0011172294616699219,success
04075A429C4C81,2,['Castelvecchio'],Casa Giulietta,"['Centro Fotografia', 'Sighseeing', 'Torre Lamberti', 'Museo Conte', 'Museo Radio']",Santa Anastasia,strategy_nearest,False,0.003314971923828125,success
040756429C4C81,0,['Arena'],Casa Giulietta,"['Centro Fotografia', 'Sighseeing', 'Torre Lamberti', 'Museo Conte', 'Museo Radio']",Torre Lamberti,strategy_nearest,True,0.0035011768341064453,success
04076B429C4C81,0,['Arena'],Casa Giulietta,"['Centro Fotografia', 'Sighseeing', 'Torre Lamberti', 'Museo Conte', 'Museo Radio']",Torre Lamberti,strategy_nearest,True,0.0026209354400634766,success
040770429C4C81,3,"['Arena', 'Casa Giulietta', 'Torre Lamberti']",Santa Anastasia,"['AMO', 'Museo Conte', 'Palazzo della Ragione', 'Teatro Romano', 'Centro Fotografia']",Duomo,strategy_nearest,False,0.0025339126586914062,success
0407673A9C4C81,3,"['Arena', 'Torre Lamberti']",Santa Anastasia,"['AMO', 'Museo Conte', 'Palazzo della Ragione', 'Teatro Romano', 'Centro Fotografia']",Teatro Romano,strategy_nearest,True,0.0035660266876220703,success
0407844A9C4C81,3,"['Arena', 'Casa Giulietta']",Torre Lamberti,"['Sighseeing', 'Centro Fotografia', 'Museo Conte', 'Palazzo della Ragione', 'AMO']",Santa Anastasia,strategy_nearest,False,0.002666950225830078,success
040773429C4C81,3,"['Arena', 'Casa Giulietta']",Torre Lamberti,"['Sighseeing', 'Centro Fotografia', 'Museo Conte', 'Palazzo della Ragione', 'AMO']",Santa Anastasia,strategy_nearest,False,0.0034339427947998047,success
0407904A9C4C81,0,['Arena'],Casa Giulietta,"['Centro Fotografia', 'Sighseeing', 'Torre Lamberti', 'Museo Conte', 'Museo Radio']",San Fermo,strategy_nearest,False,0.0024988651275634766,success
04078C4A9C4C80,3,"['Castelvecchio', 'Duomo']",Santa Anastasia,"['AMO', 'Museo Conte', 'Palazzo della Ragione', 'Teatro Romano', 'Centro Fotografia']",Casa Giulietta,strategy_nearest,False,0.003133058547973633,success
040791429C4C80,1,"['Arena', 'Casa Giulietta']",Torre Lamberti,"['Sighseeing', 'Centro Fotografia', 'Museo Conte', 'Palazzo della Ragione', 'AMO']",Palazzo della Ragione,strategy_nearest,True,0.0027282238006591797,success
040791429C4C81,1,['Arena'],Palazzo della Ragione,"['AMO', 'Museo Conte', 'Torre Lamberti', 'Centro Fotografia', 'Sighseeing']",Torre Lamberti,strategy_nearest,True,0.0023958683013916016,success
040799429C4C80,0,"['Tomba Giulietta', 'Arena']",Castelvecchio,"['Museo Lapidario', 'Verona Tour', 'Museo Radio', 'San Zeno', 'Sighseeing']",Santa Anastasia,strategy_nearest,False,0.002524137496948242,success
0407A0429C4C80,0,"['Arena', 'Casa Giulietta']",Castelvecchio,"['Museo Lapidario', 'Verona Tour', 'Museo Radio', 'San Zeno', 'Sighseeing']",Giardino Giusti,strategy_nearest,False,0.003284931182861328,success
0407A24A9C4C80,3,['Arena'],Casa Giulietta,"['Centro Fotografia', 'Sighseeing', 'Torre Lamberti', 'Museo Conte', 'Museo Radio']",Santa Anastasia,strategy_nearest,False,0.0026450157165527344,success
04079E429C4C80,3,"['Santa Anastasia', 'Teatro Romano']",Casa Giulietta,"['Centro Fotografia', 'Sighseeing', 'Torre Lamberti', 'Museo Conte', 'Museo Radio']",Arena,strategy_nearest,False,0.0029239654541015625,success
04079E4A9C4C81,3,['Arena'],San Fermo,"['Museo Storia', 'Museo Radio', 'Casa Giulietta', 'Centro Fotografia', 'Sighseeing']",Santa Anastasia,strategy_nearest,False,0.0028901100158691406,success
0407A34A9C4C80,1,"['Arena', 'Casa Giulietta', 'Torre Lamberti']",Palazzo della Ragione,"['AMO', 'Museo Conte', 'Centro Fotografia', 'Sighseeing', 'Santa Anastasia']",Santa Anastasia,strategy_nearest,True,0.001455068588256836,success
0407A4429C4C80,3,"['San Fermo', 'Santa Anastasia']",Teatro Romano,"['Duomo', 'AMO', 'Palazzo della Ragione', 'Museo Conte', 'Centro Fotografia']",Duomo,strategy_nearest,True,0.002650022506713867,success
0407A5429C4C80,1,"['Castelvecchio', 'Arena']",Casa Giulietta,"['Centro Fotografia', 'Sighseeing', 'Torre Lamberti', 'Museo Conte', 'Museo Radio']",Palazzo della Ragione,strategy_nearest,False,0.0033669471740722656,success
0407A44A9C4C80,3,"['Arena', 'Casa Giulietta']",Torre Lamberti,"['Sighseeing', 'Centro Fotografia', 'Museo Conte', 'Palazzo della Ragione', 'AMO']",Santa Anastasia,strategy_nearest,False,0.0019042491912841797,success
0407AA3A9C4C81,0,['Arena'],Casa Giulietta,"['Centro Fotografia', 'Sighseeing', 'Torre Lamberti', 'Museo Conte', 'Museo Radio']",Castelvecchio,strategy_nearest,False,0.0016438961029052734,success
0407A94A9C4C80,3,"['Arena', 'Casa Giulietta']",Torre Lamberti,"['Sighseeing', 'Centro Fotografia', 'Museo Conte', 'Palazzo della Ragione', 'AMO']",Duomo,strategy_nearest,False,0.0034830570220947266,success
0407C6429C4C81,2,['Teatro Romano'],Duomo,"['AMO', 'Museo Miniscalchi', 'Santa Anastasia', 'Palazzo della Ragione', 'Museo Conte']",Torre Lamberti,strategy_nearest,False,0.0031747817993164062,success
0407AC429C4C81,1,"['Arena', 'Casa Giulietta']",Santa Anastasia,"['AMO', 'Museo Conte', 'Palazzo della Ragione', 'Teatro Romano', 'Centro Fotografia']",Duomo,strategy_nearest,False,0.0018389225006103516,success
0407AB4A9C4C81,0,['Arena'],Casa Giulietta,"['Centro Fotografia', 'Sighseeing', 'Torre Lamberti', 'Museo Conte', 'Museo Radio']",Torre Lamberti,strategy_nearest,True,0.0029230117797851562,success
0407D33A9C4C81,0,['Santa Anastasia'],Casa Giulietta,"['Centro Fotografia', 'Sighseeing', 'Torre Lamberti', 'Museo Conte', 'Museo Radio']",Arena,strategy_nearest,False,0.002402067184448242,success
0407E3429C4C81,2,['Castelvecchio'],Torre Lamberti,"['Sighseeing', 'Centro Fotografia', 'Museo Conte', 'Casa Giulietta', 'Palazzo della Ragione']",Santa Anastasia,strategy_nearest,False,0.0033659934997558594,success
0407E43A9C4C81,1,"['Arena', 'Museo Lapidario', 'Castelvecchio', 'Palazzo della Ragione', 'Torre Lamberti']",Casa Giulietta,"['Centro Fotografia', 'Sighseeing', 'Museo Conte', 'Museo Radio', 'San Fermo']",San Fermo,strategy_nearest,True,0.002741098403930664,success
0407FE3A9C4C81,2,"['Casa Giulietta', 'Torre Lamberti']",Santa Anastasia,"['AMO', 'Museo Conte', 'Palazzo della Ragione', 'Teatro Romano', 'Centro Fotografia']",Teatro Romano,strategy_nearest,True,0.0020449161529541016,success
040837429C4C81,1,['Palazzo della Ragione'],Torre Lamberti,"['Sighseeing', 'Centro Fotografia', 'Museo Conte', 'Casa Giulietta', 'AMO']",Arena,strategy_nearest,False,0.001361846923828125,success
0408394A9C4C81,1,"['Arena', 'Torre Lamberti']",Palazzo della Ragione,"['AMO', 'Museo Conte', 'Centro Fotografia', 'Sighseeing', 'Santa Anastasia']",Santa Anastasia,strategy_nearest,True,0.0026700496673583984,success
0408303A9C4C81,0,['Arena'],Palazzo della Ragione,"['AMO', 'Museo Conte', 'Torre Lamberti', 'Centro Fotografia', 'Sighseeing']",Casa Giulietta,strategy_nearest,False,0.003840923309326172,success
04083B3A9C4C81,3,"['Casa Giulietta', 'Torre Lamberti']",Santa Anastasia,"['AMO', 'Museo Conte', 'Palazzo della Ragione', 'Teatro Romano', 'Centro Fotografia']",Duomo,strategy_nearest,False,0.0032629966735839844,success
0408583A9C4C81,1,"['Casa Giulietta', 'San Fermo']",Palazzo della Ragione,"['AMO', 'Museo Conte', 'Torre Lamberti', 'Centro Fotografia', 'Sighseeing']",Arena,strategy_nearest,False,0.0021429061889648438,success
04085C429C4C81,1,['Arena'],Torre Lamberti,"['Sighseeing', 'Centro Fotografia', 'Museo Conte', 'Casa Giulietta', 'Palazzo della Ragione']",Palazzo della Ragione,strategy_nearest,True,0.002583026885986328,success
0408543A9C4C81,0,"['Castelvecchio', 'Arena']",Casa Giulietta,"['Centro Fotografia', 'Sighseeing', 'Torre Lamberti', 'Museo Conte', 'Museo Radio']",Torre Lamberti,strategy_nearest,True,0.004024982452392578,success
04085A429C4C81,0,"['Arena', 'Casa Giulietta']",Torre Lamberti,"['Sighseeing', 'Centro Fotografia', 'Museo Conte', 'Palazzo della Ragione', 'AMO']",Duomo,strategy_nearest,False,0.0021209716796875,success
040862429C4C81,3,"['Arena', 'Torre Lamberti']",Casa Giulietta,"['Centro Fotografia', 'Sighseeing', 'Museo Conte', 'Museo Radio', 'Palazzo della Ragione']",San Fermo,strategy_nearest,False,0.0034248828887939453,success
04085D429C4C81,3,"['Arena', 'Torre Lamberti']",Santa Anastasia,"['AMO', 'Museo Conte', 'Palazzo della Ragione', 'Teatro Romano', 'Centro Fotografia']",Duomo,strategy_nearest,False,0.004065990447998047,success
04087F4A9C4C81,3,['Arena'],Casa Giulietta,"['Centro Fotografia', 'Sighseeing', 'Torre Lamberti', 'Museo Conte', 'Museo Radio']",Santa Anastasia,strategy_nearest,False,0.0020639896392822266,success
040868429C4C81,0,"['Arena', 'Museo Lapidario']",San Fermo,"['Museo Storia', 'Museo Radio', 'Casa Giulietta', 'Centro Fotografia', 'Sighseeing']",Casa Giulietta,strategy_nearest,True,0.0015518665313720703,success
040884429C4C80,3,"['Arena', 'Castelvecchio']",San Zeno,"['Verona Tour', 'Museo Lapidario', 'Museo Miniscalchi', 'Sighseeing', 'Museo Radio']",Casa Giulietta,strategy_nearest,False,0.0033469200134277344,success
040885429C4C80,0,['Arena'],Castelvecchio,"['Museo Lapidario', 'Verona Tour', 'Museo Radio', 'San Zeno', 'Sighseeing']",Casa Giulietta,strategy_nearest,False,0.0021369457244873047,success
0408833A9C4C81,0,['Arena'],Casa Giulietta,"['Centro Fotografia', 'Sighseeing', 'Torre Lamberti', 'Museo Conte', 'Museo Radio']",Castelvecchio,strategy_nearest,False,0.0015540122985839844,success
0408854A9C4C81,1,['Arena'],Casa Giulietta,"['Centro Fotografia', 'Sighseeing', 'Torre Lamberti', 'Museo Conte', 'Museo Radio']",Torre Lamberti,strategy_nearest,True,0.0025680065155029297,success
0408893A9C4C81,0,['Arena'],Casa Giulietta,"['Centro Fotografia', 'Sighseeing', 'Torre Lamberti', 'Museo Conte', 'Museo Radio']",Duomo,strategy_nearest,False,0.0028197765350341797,success
04088C4A9C4C80,1,['Arena'],Torre Lamberti,"['Sighseeing', 'Centro Fotografia', 'Museo Conte', 'Casa Giulietta', 'Palazzo della Ragione']",Palazzo della Ragione,strategy_nearest,True,0.002012014389038086,success
0408874A9C4C81,3,"['Arena', 'Casa Giulietta']",Santa Anastasia,"['AMO', 'Museo Conte', 'Palazzo della Ragione', 'Teatro Romano', 'Centro Fotografia']",Duomo,strategy_nearest,False,0.0015711784362792969,success
04088A4A9C4C80,1,['Arena'],Casa Giulietta,"['Centro Fotografia', 'Sighseeing', 'Torre Lamberti', 'Museo Conte', 'Museo Radio']",Torre Lamberti,strategy_nearest,True,0.0034809112548828125,success
04088C4A9C4C81,1,"['Arena', 'Museo Lapidario']",Castelvecchio,"['Verona Tour', 'Museo Radio', 'San Zeno', 'Sighseeing', 'Museo Miniscalchi']",Palazzo della Ragione,strategy_nearest,False,0.001834869384765625,success
04088F4A9C4C81,0,['Arena'],Tomba Giulietta,"['San Fermo', 'Museo Storia', 'Museo Lapidario', 'Museo Radio', 'Verona Tour']",Casa Giulietta,strategy_nearest,False,0.0027272701263427734,success
040891429C4C81,1,"['Arena', 'Casa Giulietta']",Santa Anastasia,"['AMO', 'Museo Conte', 'Palazzo della Ragione', 'Teatro Romano', 'Centro Fotografia']",Duomo,strategy_nearest,False,0.0032699108123779297,success
040892429C4C81,3,"['Tomba Giulietta', 'Casa Giulietta']",Santa Anastasia,"['AMO', 'Museo Conte', 'Palazzo della Ragione', 'Teatro Romano', 'Centro Fotografia']",Duomo,strategy_nearest,False,0.0030968189239501953,success
0408944A9C4C80,3,"['Arena', 'Museo Lapidario']",Santa Anastasia,"['AMO', 'Museo Conte', 'Palazzo della Ragione', 'Teatro Romano', 'Centro Fotografia']",Duomo,strategy_nearest,False,0.002515077590942383,success
0408944A9C4C81,0,"['Arena', 'Casa Giulietta']",Torre Lamberti,"['Sighseeing', 'Centro Fotografia', 'Museo Conte', 'Palazzo della Ragione', 'AMO']",Teatro Romano,strategy_nearest,False,0.003935098648071289,success
040898429C4C80,3,['Arena'],Santa Anastasia,"['AMO', 'Museo Conte', 'Palazzo della Ragione', 'Teatro Romano', 'Centro Fotografia']",Castelvecchio,strategy_nearest,False,0.0025911331176757812,success
040897429C4C81,3,"['Arena', 'Casa Giulietta', 'Torre Lamberti']",Santa Anastasia,"['AMO', 'Museo Conte', 'Palazzo della Ragione', 'Teatro Romano', 'Centro Fotografia']",Castelvecchio,strategy_nearest,False,0.0020711421966552734,success
04089D429C4C81,2,['Tomba Giulietta'],Casa Giulietta,"['Centro Fotografia', 'Sighseeing', 'Torre Lamberti', 'Museo Conte', 'Museo Radio']",Duomo,strategy_nearest,False,0.002110004425048828,success
040898429C4C81,0,['Arena'],Castelvecchio,"['Museo Lapidario', 'Verona Tour', 'Museo Radio', 'San Zeno', 'Sighseeing']",Casa Giulietta,strategy_nearest,False,0.003988981246948242,success
04089C429C4C80,4,"['Castelvecchio', 'San Zeno', 'Arena', 'Museo Radio']",San Fermo,"['Museo Storia', 'Casa Giulietta', 'Centro Fotografia', 'Sighseeing', 'Torre Lamberti']",Torre Lamberti,strategy_nearest,True,0.0015578269958496094,success
04089A429C4C81,2,"['Castelvecchio', 'Casa Giulietta']",Palazzo della Ragione,"['AMO', 'Museo Conte', 'Torre Lamberti', 'Centro Fotografia', 'Sighseeing']",Torre Lamberti,strategy_nearest,True,0.0035240650177001953,success
04089F4A9C4C81,1,"['Arena', 'Castelvecchio']",San Zeno,"['Verona Tour', 'Museo Lapidario', 'Museo Miniscalchi', 'Sighseeing', 'Museo Radio']",Torre Lamberti,strategy_nearest,False,0.001756906509399414,success
04089E4A9C4C81,1,"['Arena', 'Museo Lapidario']",Castelvecchio,"['Verona Tour', 'Museo Radio', 'San Zeno', 'Sighseeing', 'Museo Miniscalchi']",Casa Giulietta,strategy_nearest,False,0.0025091171264648438,success
0408A0429C4C80,0,['Arena'],Giardino Giusti,"['Santa Anastasia', 'Teatro Romano', 'Museo Conte', 'Centro Fotografia', 'Museo Storia']",San Zeno,strategy_nearest,False,0.002359151840209961,success
0408A34A9C4C80,0,['Arena'],Casa Giulietta,"['Centro Fotografia', 'Sighseeing', 'Torre Lamberti', 'Museo Conte', 'Museo Radio']",Torre Lamberti,strategy_nearest,True,0.003129720687866211,success
0408A44A9C4C80,0,['Arena'],Castelvecchio,"['Museo Lapidario', 'Verona Tour', 'Museo Radio', 'San Zeno', 'Sighseeing']",Santa Anastasia,strategy_nearest,False,0.002374887466430664,success
0408A84A9C4C80,0,['Arena'],Casa Giulietta,"['Centro Fotografia', 'Sighseeing', 'Torre Lamberti', 'Museo Conte', 'Museo Radio']",Torre Lamberti,strategy_nearest,True,0.002657175064086914,success
0408A5429C4C81,0,['Arena'],Castelvecchio,"['Museo Lapidario', 'Verona Tour', 'Museo Radio', 'San Zeno', 'Sighseeing']",Casa Giulietta,strategy_nearest,False,0.004046201705932617,success
0408A94A9C4C81,0,['Arena'],Casa Giulietta,"['Centro Fotografia', 'Sighseeing', 'Torre Lamberti', 'Museo Conte', 'Museo Radio']",Duomo,strategy_nearest,False,0.003101348876953125,success
0408B4429C4C80,2,['Duomo'],Santa Anastasia,"['AMO', 'Museo Conte', 'Palazzo della Ragione', 'Teatro Romano', 'Centro Fotografia']",Torre Lamberti,strategy_nearest,False,0.00189208984375,success
0408B6429C4C81,2,['Casa Giulietta'],Torre Lamberti,"['Sighseeing', 'Centro Fotografia', 'Museo Conte', 'Palazzo della Ragione', 'AMO']",Duomo,strategy_nearest,False,0.0032498836517333984,success
0408AB3A9C4C81,0,['Arena'],San Zeno,"['Castelvecchio', 'Verona Tour', 'Museo Lapidario', 'Museo Miniscalchi', 'Sighseeing']",Casa Giulietta,strategy_nearest,False,0.0026760101318359375,success
0408AB4A9C4C81,3,['Arena'],Duomo,"['AMO', 'Museo Miniscalchi', 'Santa Anastasia', 'Teatro Romano', 'Palazzo della Ragione']",Santa Anastasia,strategy_nearest,True,0.003145933151245117,success
0408BB429C4C81,3,"['Arena', 'Castelvecchio', 'San Zeno', 'Duomo']",Santa Anastasia,"['AMO', 'Museo Conte', 'Palazzo della Ragione', 'Teatro Romano', 'Centro Fotografia']",Torre Lamberti,strategy_nearest,False,0.002064943313598633,success
0408C2429C4C81,2,['Duomo'],Teatro Romano,"['Santa Anastasia', 'AMO', 'Palazzo della Ragione', 'Museo Conte', 'Centro Fotografia']",Castelvecchio,strategy_nearest,False,0.002707958221435547,success
0408B93A9C4C81,3,['Arena'],Santa Anastasia,"['AMO', 'Museo Conte', 'Palazzo della Ragione', 'Teatro Romano', 'Centro Fotografia']",Duomo,strategy_nearest,False,0.0020139217376708984,success
0408C33A9C4C81,2,['Castelvecchio'],Torre Lamberti,"['Sighseeing', 'Centro Fotografia', 'Museo Conte', 'Casa Giulietta', 'Palazzo della Ragione']",Casa Giulietta,strategy_nearest,True,0.003129720687866211,success
0408C5429C4C81,2,"['Castelvecchio', 'Casa Giulietta']",Santa Anastasia,"['AMO', 'Museo Conte', 'Palazzo della Ragione', 'Teatro Romano', 'Centro Fotografia']",Duomo,strategy_nearest,False,0.002240896224975586,success
0408CE3A9C4C81,1,"['Arena', 'San Fermo', 'Torre Lamberti']",Palazzo della Ragione,"['AMO', 'Museo Conte', 'Centro Fotografia', 'Sighseeing', 'Santa Anastasia']",Santa Anastasia,strategy_nearest,True,0.0032989978790283203,success
0408C83A9C4C81,3,"['Arena', 'Tomba Giulietta', 'Castelvecchio']",Torre Lamberti,"['Sighseeing', 'Centro Fotografia', 'Museo Conte', 'Casa Giulietta', 'Palazzo della Ragione']",Casa Giulietta,strategy_nearest,True,0.0027399063110351562,success
0408CB429C4C81,3,"['Teatro Romano', 'Arena', 'Castelvecchio']",San Zeno,"['Verona Tour', 'Museo Lapidario', 'Museo Miniscalchi', 'Sighseeing', 'Museo Radio']",Duomo,strategy_nearest,False,0.0021071434020996094,success
0408CE429C4C81,1,"['Torre Lamberti', 'Palazzo della Ragione', 'Casa Giulietta', 'Arena']",Santa Anastasia,"['AMO', 'Museo Conte', 'Teatro Romano', 'Centro Fotografia', 'Duomo']",Duomo,strategy_nearest,True,0.0027780532836914062,success
0408E93A9C4C81,3,"['Santa Anastasia', 'Arena']",Torre Lamberti,"['Sighseeing', 'Centro Fotografia', 'Museo Conte', 'Casa Giulietta', 'Palazzo della Ragione']",Casa Giulietta,strategy_nearest,True,0.003036975860595703,success
0408D0429C4C81,2,['Teatro Romano'],Castelvecchio,"['Museo Lapidario', 'Verona Tour', 'Arena', 'Museo Radio', 'San Zeno']",San Fermo,strategy_nearest,False,0.0027260780334472656,success
0408DA3A9C4C81,3,"['San Zeno', 'Castelvecchio', 'Torre Lamberti']",Casa Giulietta,"['Centro Fotografia', 'Sighseeing', 'Museo Conte', 'Museo Radio', 'Palazzo della Ragione']",Giardino Giusti,strategy_nearest,False,0.0021169185638427734,success
0408F23A9C4C81,3,['Casa Giulietta'],Santa Anastasia,"['AMO', 'Museo Conte', 'Palazzo della Ragione', 'Teatro Romano', 'Centro Fotografia']",Duomo,strategy_nearest,False,0.0028760433197021484,success
0408FB3A9C4C81,2,"['Teatro Romano', 'Santa Anastasia']",Duomo,"['AMO', 'Museo Miniscalchi', 'Palazzo della Ragione', 'Museo Conte', 'Torre Lamberti']",Castelvecchio,strategy_nearest,False,0.0029778480529785156,success
040905429C4C85,3,"['Casa Giulietta', 'Arena', 'San Fermo']",Tomba Giulietta,"['Museo Storia', 'Museo Lapidario', 'Museo Radio', 'Verona Tour', 'Castelvecchio']",Santa Anastasia,strategy_nearest,False,0.003153085708618164,success
040902429C4C85,1,"['Museo Lapidario', 'Arena', 'Casa Giulietta']",Castelvecchio,"['Verona Tour', 'Museo Radio', 'San Zeno', 'Sighseeing', 'Museo Miniscalchi']",San Zeno,strategy_nearest,True,0.0032320022583007812,success
0408F53A9C4C81,2,['Palazzo della Ragione'],Santa Anastasia,"['AMO', 'Museo Conte', 'Teatro Romano', 'Centro Fotografia', 'Duomo']",Duomo,strategy_nearest,True,0.0022001266479492188,success
0409383A9C4C81,3,"['Casa Giulietta', 'Arena']",Castelvecchio,"['Museo Lapidario', 'Verona Tour', 'Museo Radio', 'San Zeno', 'Sighseeing']",San Zeno,strategy_nearest,True,0.0019521713256835938,success
04094C429C4C81,0,"['Arena', 'Casa Giulietta']",Torre Lamberti,"['Sighseeing', 'Centro Fotografia', 'Museo Conte', 'Palazzo della Ragione', 'AMO']",Castelvecchio,strategy_nearest,False,0.0032091140747070312,success
04094F429C4C81,3,['Castelvecchio'],Arena,"['Verona Tour', 'Museo Lapidario', 'Museo Radio', 'San Fermo', 'Casa Giulietta']",Torre Lamberti,strategy_nearest,False,0.0019030570983886719,success
04094B3A9C4C81,3,"['Arena', 'Castelvecchio']",San Zeno,"['Verona Tour', 'Museo Lapidario', 'Museo Miniscalchi', 'Sighseeing', 'Museo Radio']",Santa Anastasia,strategy_nearest,False,0.002638101577758789,success
04095A429C4C81,1,"['Arena', 'Casa Giulietta', 'Palazzo della Ragione']",Torre Lamberti,"['Sighseeing', 'Centro Fotografia', 'Museo Conte', 'AMO', 'Museo Miniscalchi']",Castelvecchio,strategy_nearest,False,0.002187967300415039,success
040963429C4C81,1,"['Arena', 'Casa Giulietta']",Torre Lamberti,"['Sighseeing', 'Centro Fotografia', 'Museo Conte', 'Palazzo della Ragione', 'AMO']",Palazzo della Ragione,strategy_nearest,True,0.0019390583038330078,success
040965429C4C81,3,"['Torre Lamberti', 'Casa Giulietta']",Santa Anastasia,"['AMO', 'Museo Conte', 'Palazzo della Ragione', 'Teatro Romano', 'Centro Fotografia']",Teatro Romano,strategy_nearest,True,0.0031158924102783203,success
04095B3A9C4C81,0,['Casa Giulietta'],Arena,"['Verona Tour', 'Museo Lapidario', 'Museo Radio', 'San Fermo', 'Sighseeing']",Castelvecchio,strategy_nearest,False,0.0027480125427246094,success
040970429C4C81,2,['Casa Giulietta'],Torre Lamberti,"['Sighseeing', 'Centro Fotografia', 'Museo Conte', 'Palazzo della Ragione', 'AMO']",Teatro Romano,strategy_nearest,False,0.0021200180053710938,success
04096B429C4C81,2,"['Castelvecchio', 'Duomo']",Santa Anastasia,"['AMO', 'Museo Conte', 'Palazzo della Ragione', 'Teatro Romano', 'Centro Fotografia']",Palazzo della Ragione,strategy_nearest,True,0.0040760040283203125,success
04097E429C4C80,1,"['Castelvecchio', 'Arena', 'San Fermo']",Casa Giulietta,"['Centro Fotografia', 'Sighseeing', 'Torre Lamberti', 'Museo Conte', 'Museo Radio']",Torre Lamberti,strategy_nearest,True,0.0026178359985351562,success
04098A429C4C80,3,"['Arena', 'Casa Giulietta']",Torre Lamberti,"['Sighseeing', 'Centro Fotografia', 'Museo Conte', 'Palazzo della Ragione', 'AMO']",Santa Anastasia,strategy_nearest,False,0.0031642913818359375,success
0409904A9C4C81,0,['Arena'],Casa Giulietta,"['Centro Fotografia', 'Sighseeing', 'Torre Lamberti', 'Museo Conte', 'Museo Radio']",Casa Giulietta,strategy_nearest,False,0.002177000045776367,success
04099F429C4C81,1,['Arena'],Torre Lamberti,"['Sighseeing', 'Centro Fotografia', 'Museo Conte', 'Casa Giulietta', 'Palazzo della Ragione']",Palazzo della Ragione,strategy_nearest,True,0.0014948844909667969,success
040999429C4C81,2,"['Tomba Giulietta', 'Casa Giulietta']",Santa Anastasia,"['AMO', 'Museo Conte', 'Palazzo della Ragione', 'Teatro Romano', 'Centro Fotografia']",Duomo,strategy_nearest,False,0.002732992172241211,success
04098E429C4C81,3,"['Arena', 'Casa Giulietta', 'Torre Lamberti']",Santa Anastasia,"['AMO', 'Museo Conte', 'Palazzo della Ragione', 'Teatro Romano', 'Centro Fotografia']",Duomo,strategy_nearest,False,0.004083871841430664,success
0409A8429C4C81,3,"['Arena', 'Santa Anastasia']",Duomo,"['AMO', 'Museo Miniscalchi', 'Teatro Romano', 'Palazzo della Ragione', 'Museo Conte']",Teatro Romano,strategy_nearest,True,0.002802133560180664,success
0409A9429C4C81,2,['Casa Giulietta'],Palazzo della Ragione,"['AMO', 'Museo Conte', 'Torre Lamberti', 'Centro Fotografia', 'Sighseeing']",Torre Lamberti,strategy_nearest,True,0.002062082290649414,success
0409A84A9C4C81,3,"['Castelvecchio', 'Santa Anastasia']",Duomo,"['AMO', 'Museo Miniscalchi', 'Teatro Romano', 'Palazzo della Ragione', 'Museo Conte']",Teatro Romano,strategy_nearest,True,0.0033681392669677734,success
0409AD3A9C4C81,0,['Arena'],Casa Giulietta,"['Centro Fotografia', 'Sighseeing', 'Torre Lamberti', 'Museo Conte', 'Museo Radio']",Torre Lamberti,strategy_nearest,True,0.0032482147216796875,success
0409BB429C4C81,1,"['Arena', 'Torre Lamberti', 'Palazzo della Ragione']",Duomo,"['AMO', 'Museo Miniscalchi', 'Santa Anastasia', 'Teatro Romano', 'Museo Conte']",San Fermo,strategy_nearest,False,0.0026221275329589844,success
0409BE429C4C81,0,['Castelvecchio'],Casa Giulietta,"['Centro Fotografia', 'Sighseeing', 'Torre Lamberti', 'Museo Conte', 'Museo Radio']",Arena,strategy_nearest,False,0.0019359588623046875,success
0409B43A9C4C81,0,['Arena'],Casa Giulietta,"['Centro Fotografia', 'Sighseeing', 'Torre Lamberti', 'Museo Conte', 'Museo Radio']",Teatro Romano,strategy_nearest,False,0.003873109817504883,success
0409B0429C4C81,0,['Arena'],Castelvecchio,"['Museo Lapidario', 'Verona Tour', 'Museo Radio', 'San Zeno', 'Sighseeing']",Casa Giulietta,strategy_nearest,False,0.002166748046875,success
0409C0429C4C81,2,['Castelvecchio'],Torre Lamberti,"['Sighseeing', 'Centro Fotografia', 'Museo Conte', 'Casa Giulietta', 'Palazzo della Ragione']",Santa Anastasia,strategy_nearest,False,0.0015690326690673828,success
0409BF3A9C4C81,3,['Arena'],Santa Anastasia,"['AMO', 'Museo Conte', 'Palazzo della Ragione', 'Teatro Romano', 'Centro Fotografia']",Duomo,strategy_nearest,False,0.002193927764892578,success
0409C2429C4C81,0,['Arena'],Casa Giulietta,"['Centro Fotografia', 'Sighseeing', 'Torre Lamberti', 'Museo Conte', 'Museo Radio']",Tomba Giulietta,strategy_nearest,False,0.0032711029052734375,success
0409C7429C4C81,1,"['Casa Giulietta', 'Arena', 'Torre Lamberti', 'Castelvecchio']",Tomba Giulietta,"['San Fermo', 'Museo Storia', 'Museo Lapidario', 'Museo Radio', 'Verona Tour']",Palazzo della Ragione,strategy_nearest,False,0.0025908946990966797,success
0409D23A9C4C81,1,['Arena'],Torre Lamberti,"['Sighseeing', 'Centro Fotografia', 'Museo Conte', 'Casa Giulietta', 'Palazzo della Ragione']",Palazzo della Ragione,strategy_nearest,True,0.0035212039947509766,success
0409D53A9C4C81,3,['Santa Anastasia'],Duomo,"['AMO', 'Museo Miniscalchi', 'Teatro Romano', 'Palazzo della Ragione', 'Museo Conte']",Arena,strategy_nearest,False,0.002295255661010742,success
0409DC3A9C4C81,2,['Casa Giulietta'],Torre Lamberti,"['Sighseeing', 'Centro Fotografia', 'Museo Conte', 'Palazzo della Ragione', 'AMO']",Santa Anastasia,strategy_nearest,False,0.0032546520233154297,success
0409D93A9C4C81,3,"['Arena', 'Casa Giulietta']",Torre Lamberti,"['Sighseeing', 'Centro Fotografia', 'Museo Conte', 'Palazzo della Ragione', 'AMO']",Castelvecchio,strategy_nearest,False,0.0016200542449951172,success
0409EB3A9C4C81,0,['Arena'],Casa Giulietta,"['Centro Fotografia', 'Sighseeing', 'Torre Lamberti', 'Museo Conte', 'Museo Radio']",Tomba Giulietta,strategy_nearest,False,0.0013620853424072266,success
0409F93A9C4C81,2,"['Castelvecchio', 'Torre Lamberti']",San Fermo,"['Museo Storia', 'Museo Radio', 'Casa Giulietta', 'Centro Fotografia', 'Arena']",Duomo,strategy_nearest,False,0.00191497802734375,success
0409E13A9C4C81,3,['Arena'],Duomo,"['AMO', 'Museo Miniscalchi', 'Santa Anastasia', 'Teatro Romano', 'Palazzo della Ragione']",San Zeno,strategy_nearest,False,0.002586841583251953,success
040A023A9C4C85,3,"['Arena', 'Santa Anastasia']",Duomo,"['AMO', 'Museo Miniscalchi', 'Teatro Romano', 'Palazzo della Ragione', 'Museo Conte']",Teatro Romano,strategy_nearest,True,0.0034360885620117188,success
040A03429C4C85,0,"['Arena', 'Casa Giulietta']",Teatro Romano,"['Santa Anastasia', 'Duomo', 'AMO', 'Palazzo della Ragione', 'Museo Conte']",Castelvecchio,strategy_nearest,False,0.003094911575317383,success
040A54429C4C81,2,['San Zeno'],Castelvecchio,"['Museo Lapidario', 'Verona Tour', 'Arena', 'Museo Radio', 'Sighseeing']",Santa Anastasia,strategy_nearest,False,0.003701925277709961,success
040A4A429C4C81,3,"['Casa Giulietta', 'Torre Lamberti', 'Arena']",Santa Anastasia,"['AMO', 'Museo Conte', 'Palazzo della Ragione', 'Teatro Romano', 'Centro Fotografia']",Teatro Romano,strategy_nearest,True,0.0023338794708251953,success
040A5B429C4C81,0,"['Arena', 'Museo Lapidario']",Duomo,"['AMO', 'Museo Miniscalchi', 'Santa Anastasia', 'Teatro Romano', 'Palazzo della Ragione']",Teatro Romano,strategy_nearest,True,0.0031490325927734375,success
040A69429C4C81,1,['Arena'],Casa Giulietta,"['Centro Fotografia', 'Sighseeing', 'Torre Lamberti', 'Museo Conte', 'Museo Radio']",Palazzo della Ragione,strategy_nearest,False,0.0024139881134033203,success
040A74429C4C81,3,['Arena'],Casa Giulietta,"['Centro Fotografia', 'Sighseeing', 'Torre Lamberti', 'Museo Conte', 'Museo Radio']",Duomo,strategy_nearest,False,0.0027358531951904297,success
040A6F429C4C81,2,"['San Zeno', 'Castelvecchio', 'Casa Giulietta']",Torre Lamberti,"['Sighseeing', 'Centro Fotografia', 'Museo Conte', 'Palazzo della Ragione', 'AMO']",Palazzo della Ragione,strategy_nearest,True,0.0026140213012695312,success
040A79429C4C81,3,"['Arena', 'Teatro Romano']",Duomo,"['AMO', 'Museo Miniscalchi', 'Santa Anastasia', 'Palazzo della Ragione', 'Museo Conte']",Torre Lamberti,strategy_nearest,False,0.0024809837341308594,success
040A7F429C4C80,3,"['Arena', 'Castelvecchio']",Santa Anastasia,"['AMO', 'Museo Conte', 'Palazzo della Ragione', 'Teatro Romano', 'Centro Fotografia']",Torre Lamberti,strategy_nearest,False,0.003299236297607422,success
040A82429C4C80,2,"['Casa Giulietta', 'Torre Lamberti']",Teatro Romano,"['Santa Anastasia', 'Duomo', 'AMO', 'Palazzo della Ragione', 'Museo Conte']",Duomo,strategy_nearest,True,0.0024979114532470703,success
040A8C4A9C4C81,3,"['Arena', 'Castelvecchio']",San Zeno,"['Verona Tour', 'Museo Lapidario', 'Museo Miniscalchi', 'Sighseeing', 'Museo Radio']",Casa Giulietta,strategy_nearest,False,0.001981019973754883,success
040A924A9C4C80,3,"['Arena', 'Tomba Giulietta']",San Fermo,"['Museo Storia', 'Museo Radio', 'Casa Giulietta', 'Centro Fotografia', 'Sighseeing']",Casa Giulietta,strategy_nearest,True,0.0025129318237304688,success
040A914A9C4C81,0,['Arena'],San Fermo,"['Museo Storia', 'Museo Radio', 'Casa Giulietta', 'Centro Fotografia', 'Sighseeing']",Casa Giulietta,strategy_nearest,True,0.003535032272338867,success
040A864A9C4C81,0,['Arena'],Casa Giulietta,"['Centro Fotografia', 'Sighseeing', 'Torre Lamberti', 'Museo Conte', 'Museo Radio']",Torre Lamberti,strategy_nearest,True,0.0038089752197265625,success
040A94429C4C81,3,"['Arena', 'Castelvecchio']",Duomo,"['AMO', 'Museo Miniscalchi', 'Santa Anastasia', 'Teatro Romano', 'Palazzo della Ragione']",Teatro Romano,strategy_nearest,True,0.0020241737365722656,success
040A944A9C4C81,0,"['Arena', 'Castelvecchio']",Torre Lamberti,"['Sighseeing', 'Centro Fotografia', 'Museo Conte', 'Casa Giulietta', 'Palazzo della Ragione']",Casa Giulietta,strategy_nearest,True,0.0026068687438964844,success
040A954A9C4C81,3,"['Arena', 'Castelvecchio']",Duomo,"['AMO', 'Museo Miniscalchi', 'Santa Anastasia', 'Teatro Romano', 'Palazzo della Ragione']",Casa Giulietta,strategy_nearest,False,0.002579927444458008,success
040A97429C4C81,1,['Arena'],Casa Giulietta,"['Centro Fotografia', 'Sighseeing', 'Torre Lamberti', 'Museo Conte', 'Museo Radio']",Torre Lamberti,strategy_nearest,True,0.0018146038055419922,success
040A9C429C4C81,0,['Arena'],Museo Lapidario,"['Verona Tour', 'Castelvecchio', 'Museo Radio', 'San Fermo', 'Casa Giulietta']",Castelvecchio,strategy_nearest,True,0.0029621124267578125,success
040A96429C4C81,0,"['Arena', 'Casa Giulietta']",Castelvecchio,"['Museo Lapidario', 'Verona Tour', 'Museo Radio', 'San Zeno', 'Sighseeing']",Torre Lamberti,strategy_nearest,False,0.004094839096069336,success
040A98429C4C80,3,['Arena'],Casa Giulietta,"['Centro Fotografia', 'Sighseeing', 'Torre Lamberti', 'Museo Conte', 'Museo Radio']",Torre Lamberti,strategy_nearest,True,0.003345012664794922,success
040AA24A9C4C80,3,['Arena'],Santa Anastasia,"['AMO', 'Museo Conte', 'Palazzo della Ragione', 'Teatro Romano', 'Centro Fotografia']",Duomo,strategy_nearest,False,0.002264261245727539,success
040AA5429C4C81,3,"['Arena', 'Casa Giulietta']",Santa Anastasia,"['AMO', 'Museo Conte', 'Palazzo della Ragione', 'Teatro Romano', 'Centro Fotografia']",Teatro Romano,strategy_nearest,True,0.0026979446411132812,success
040AA3429C4C80,0,['Arena'],Casa Giulietta,"['Centro Fotografia', 'Sighseeing', 'Torre Lamberti', 'Museo Conte', 'Museo Radio']",Castelvecchio,strategy_nearest,False,0.0021288394927978516,success
040AA54A9C4C81,0,['Teatro Romano'],Arena,"['Verona Tour', 'Museo Lapidario', 'Museo Radio', 'San Fermo', 'Casa Giulietta']",Castelvecchio,strategy_nearest,False,0.003323078155517578,success
040AA64A9C4C80,1,"['Arena', 'Casa Giulietta']",Palazzo della Ragione,"['AMO', 'Museo Conte', 'Torre Lamberti', 'Centro Fotografia', 'Sighseeing']",Duomo,strategy_nearest,False,0.002862215042114258,success
040AA73A9C4C81,3,['Arena'],Santa Anastasia,"['AMO', 'Museo Conte', 'Palazzo della Ragione', 'Teatro Romano', 'Centro Fotografia']",Duomo,strategy_nearest,False,0.0034110546112060547,success
040AA83A9C4C80,1,"['Arena', 'Casa Giulietta']",Torre Lamberti,"['Sighseeing', 'Centro Fotografia', 'Museo Conte', 'Palazzo della Ragione', 'AMO']",Palazzo della Ragione,strategy_nearest,True,0.002123117446899414,success
040AA93A9C4C80,1,['Arena'],Palazzo della Ragione,"['AMO', 'Museo Conte', 'Torre Lamberti', 'Centro Fotografia', 'Sighseeing']",Torre Lamberti,strategy_nearest,True,0.002748727798461914,success
040AB53A9C4C80,3,"['Arena', 'Museo Lapidario', 'Castelvecchio']",Duomo,"['AMO', 'Museo Miniscalchi', 'Santa Anastasia', 'Teatro Romano', 'Palazzo della Ragione']",San Fermo,strategy_nearest,False,0.002270936965942383,success
040AB9429C4C81,0,['Arena'],Casa Giulietta,"['Centro Fotografia', 'Sighseeing', 'Torre Lamberti', 'Museo Conte', 'Museo Radio']",Duomo,strategy_nearest,False,0.0024471282958984375,success
040AB63A9C4C81,0,"['Arena', 'Casa Giulietta']",Duomo,"['AMO', 'Museo Miniscalchi', 'Santa Anastasia', 'Teatro Romano', 'Palazzo della Ragione']",Castelvecchio,strategy_nearest,False,0.00335693359375,success
040AB5429C4C80,2,['Duomo'],Teatro Romano,"['Santa Anastasia', 'AMO', 'Palazzo della Ragione', 'Museo Conte', 'Centro Fotografia']",Casa Giulietta,strategy_nearest,False,0.0021469593048095703,success
040ABA3A9C4C81,3,['Arena'],Casa Giulietta,"['Centro Fotografia', 'Sighseeing', 'Torre Lamberti', 'Museo Conte', 'Museo Radio']",Duomo,strategy_nearest,False,0.002726316452026367,success
040ABD429C4C80,0,['Arena'],Casa Giulietta,"['Centro Fotografia', 'Sighseeing', 'Torre Lamberti', 'Museo Conte', 'Museo Radio']",Santa Anastasia,strategy_nearest,False,0.0019559860229492188,success
040AC73A9C4C81,2,['Casa Giulietta'],Torre Lamberti,"['Sighseeing', 'Centro Fotografia', 'Museo Conte', 'Palazzo della Ragione', 'AMO']",Santa Anastasia,strategy_nearest,False,0.0031061172485351562,success
040AD33A9C4C81,3,"['Santa Anastasia', 'Torre Lamberti']",Casa Giulietta,"['Centro Fotografia', 'Sighseeing', 'Museo Conte', 'Museo Radio', 'Palazzo della Ragione']",Arena,strategy_nearest,False,0.0017900466918945312,success
040AD03A9C4C81,0,['Arena'],Casa Giulietta,"['Centro Fotografia', 'Sighseeing', 'Torre Lamberti', 'Museo Conte', 'Museo Radio']",Torre Lamberti,strategy_nearest,True,0.0033218860626220703,success
040AD73A9C4C81,0,['Arena'],Castelvecchio,"['Museo Lapidario', 'Verona Tour', 'Museo Radio', 'San Zeno', 'Sighseeing']",Casa Giulietta,strategy_nearest,False,0.001589059829711914,success
040AE83A9C4C81,3,"['Arena', 'San Fermo']",Torre Lamberti,"['Sighseeing', 'Centro Fotografia', 'Museo Conte', 'Casa Giulietta', 'Palazzo della Ragione']",Santa Anastasia,strategy_nearest,False,0.002540111541748047,success
040ADC429C4C81,3,"['Arena', 'Casa Giulietta']",Torre Lamberti,"['Sighseeing', 'Centro Fotografia', 'Museo Conte', 'Palazzo della Ragione', 'AMO']",Duomo,strategy_nearest,False,0.0024809837341308594,success
040AE03A9C4C81,2,"['Palazzo della Ragione', 'Torre Lamberti']",Casa Giulietta,"['Centro Fotografia', 'Sighseeing', 'Museo Conte', 'Museo Radio', 'San Fermo']",Santa Anastasia,strategy_nearest,False,0.0032389163970947266,success
040AF7429C4C81,1,"['Teatro Romano', 'Duomo', 'Arena']",Castelvecchio,"['Museo Lapidario', 'Verona Tour', 'Museo Radio', 'San Zeno', 'Sighseeing']",Torre Lamberti,strategy_nearest,False,0.002240896224975586,success
040B05429C4C85,3,"['Casa Giulietta', 'San Fermo', 'Museo Lapidario']",Tomba Giulietta,"['Museo Storia', 'Arena', 'Museo Radio', 'Verona Tour', 'Castelvecchio']",Arena,strategy_nearest,True,0.0025987625122070312,success
040B334A9C4C81,3,['Arena'],Giardino Giusti,"['Santa Anastasia', 'Teatro Romano', 'Museo Conte', 'Centro Fotografia', 'Museo Storia']",Teatro Romano,strategy_nearest,True,0.002414226531982422,success
040B3D429C4C81,3,"['Tomba Giulietta', 'Arena']",Casa Giulietta,"['Centro Fotografia', 'Sighseeing', 'Torre Lamberti', 'Museo Conte', 'Museo Radio']",Torre Lamberti,strategy_nearest,True,0.002609729766845703,success
040B57429C4C81,1,"['Castelvecchio', 'Teatro Romano', 'Arena', 'Casa Giulietta']",Torre Lamberti,"['Sighseeing', 'Centro Fotografia', 'Museo Conte', 'Palazzo della Ragione', 'AMO']",Palazzo della Ragione,strategy_nearest,True,0.0027451515197753906,success
040B5A3A9C4C81,3,"['San Zeno', 'Castelvecchio']",Arena,"['Verona Tour', 'Museo Lapidario', 'Museo Radio', 'San Fermo', 'Casa Giulietta']",Torre Lamberti,strategy_nearest,False,0.003220081329345703,success
040B50429C4C81,0,['Castelvecchio'],Arena,"['Verona Tour', 'Museo Lapidario', 'Museo Radio', 'San Fermo', 'Casa Giulietta']",Santa Anastasia,strategy_nearest,False,0.00341796875,success
040B5C429C4C81,3,"['Arena', 'Castelvecchio', 'San Fermo']",Santa Anastasia,"['AMO', 'Museo Conte', 'Palazzo della Ragione', 'Teatro Romano', 'Centro Fotografia']",Teatro Romano,strategy_nearest,True,0.0028269290924072266,success
040B7C429C4C80,0,['Arena'],Casa Giulietta,"['Centro Fotografia', 'Sighseeing', 'Torre Lamberti', 'Museo Conte', 'Museo Radio']",Torre Lamberti,strategy_nearest,True,0.002328157424926758,success
040B72429C4C81,0,['Arena'],Torre Lamberti,"['Sighseeing', 'Centro Fotografia', 'Museo Conte', 'Casa Giulietta', 'Palazzo della Ragione']",Teatro Romano,strategy_nearest,False,0.002641916275024414,success
040B813A9C4C80,0,['Arena'],Castelvecchio,"['Museo Lapidario', 'Verona Tour', 'Museo Radio', 'San Zeno', 'Sighseeing']",Casa Giulietta,strategy_nearest,False,0.0024940967559814453,success
040B7F3A9C4C81,0,['Arena'],Casa Giulietta,"['Centro Fotografia', 'Sighseeing', 'Torre Lamberti', 'Museo Conte', 'Museo Radio']",Tomba Giulietta,strategy_nearest,False,0.003419160842895508,success
040B814A9C4C81,0,['Arena'],Torre Lamberti,"['Sighseeing', 'Centro Fotografia', 'Museo Conte', 'Casa Giulietta', 'Palazzo della Ragione']",Duomo,strategy_nearest,False,0.0026710033416748047,success
040B82429C4C81,1,"['Castelvecchio', 'Arena', 'San Fermo']",Casa Giulietta,"['Centro Fotografia', 'Sighseeing', 'Torre Lamberti', 'Museo Conte', 'Museo Radio']",Torre Lamberti,strategy_nearest,True,0.002855062484741211,success
040B8A4A9C4C80,0,['Arena'],Torre Lamberti,"['Sighseeing', 'Centro Fotografia', 'Museo Conte', 'Casa Giulietta', 'Palazzo della Ragione']",Duomo,strategy_nearest,False,0.0029659271240234375,success
040B874A9C4C81,2,['Castelvecchio'],Casa Giulietta,"['Centro Fotografia', 'Sighseeing', 'Torre Lamberti', 'Museo Conte', 'Museo Radio']",San Fermo,strategy_nearest,False,0.002675294876098633,success
040B85429C4C80,0,"['Torre Lamberti', 'Teatro Romano']",Arena,"['Verona Tour', 'Museo Lapidario', 'Museo Radio', 'San Fermo', 'Casa Giulietta']",Castelvecchio,strategy_nearest,False,0.0036249160766601562,success
040B8D4A9C4C81,0,['Arena'],Casa Giulietta,"['Centro Fotografia', 'Sighseeing', 'Torre Lamberti', 'Museo Conte', 'Museo Radio']",Torre Lamberti,strategy_nearest,True,0.0019540786743164062,success
040B8D4A9C4C80,1,['Arena'],Torre Lamberti,"['Sighseeing', 'Centro Fotografia', 'Museo Conte', 'Casa Giulietta', 'Palazzo della Ragione']",Palazzo della Ragione,strategy_nearest,True,0.002218008041381836,success
040B90429C4C81,0,['Arena'],Castelvecchio,"['Museo Lapidario', 'Verona Tour', 'Museo Radio', 'San Zeno', 'Sighseeing']",Teatro Romano,strategy_nearest,False,0.0025911331176757812,success
040B904A9C4C80,1,"['Arena', 'Casa Giulietta']",Torre Lamberti,"['Sighseeing', 'Centro Fotografia', 'Museo Conte', 'Palazzo della Ragione', 'AMO']",Palazzo della Ragione,strategy_nearest,True,0.0027408599853515625,success
040B934A9C4C80,1,"['Arena', 'Museo Lapidario']",Casa Giulietta,"['Centro Fotografia', 'Sighseeing', 'Torre Lamberti', 'Museo Conte', 'Museo Radio']",Palazzo della Ragione,strategy_nearest,False,0.002682924270629883,success
040B944A9C4C80,0,['Arena'],Casa Giulietta,"['Centro Fotografia', 'Sighseeing', 'Torre Lamberti', 'Museo Conte', 'Museo Radio']",Castelvecchio,strategy_nearest,False,0.0033342838287353516,success
040B944A9C4C81,3,"['Arena', 'Castelvecchio']",Duomo,"['AMO', 'Museo Miniscalchi', 'Santa Anastasia', 'Teatro Romano', 'Palazzo della Ragione']",Teatro Romano,strategy_nearest,True,0.0031087398529052734,success
040B954A9C4C80,3,"['Arena', 'Museo Lapidario']",Santa Anastasia,"['AMO', 'Museo Conte', 'Palazzo della Ragione', 'Teatro Romano', 'Centro Fotografia']",Duomo,strategy_nearest,False,0.003034830093383789,success
040BA34A9C4C80,3,"['Arena', 'Casa Giulietta']",Santa Anastasia,"['AMO', 'Museo Conte', 'Palazzo della Ragione', 'Teatro Romano', 'Centro Fotografia']",Duomo,strategy_nearest,False,0.0023288726806640625,success
040B98429C4C80,0,['Arena'],Casa Giulietta,"['Centro Fotografia', 'Sighseeing', 'Torre Lamberti', 'Museo Conte', 'Museo Radio']",Castelvecchio,strategy_nearest,False,0.002046823501586914,success
040BA2429C4C80,2,['Santa Anastasia'],Duomo,"['AMO', 'Museo Miniscalchi', 'Teatro Romano', 'Palazzo della Ragione', 'Museo Conte']",Teatro Romano,strategy_nearest,True,0.0032830238342285156,success
040B984A9C4C80,3,"['Arena', 'Casa Giulietta']",Torre Lamberti,"['Sighseeing', 'Centro Fotografia', 'Museo Conte', 'Palazzo della Ragione', 'AMO']",Santa Anastasia,strategy_nearest,False,0.0030112266540527344,success
040BAD429C4C81,2,['Tomba Giulietta'],Teatro Romano,"['Santa Anastasia', 'Duomo', 'AMO', 'Palazzo della Ragione', 'Museo Conte']",Casa Giulietta,strategy_nearest,False,0.002565145492553711,success
040BA93A9C4C81,1,"['Arena', 'Casa Giulietta']",Torre Lamberti,"['Sighseeing', 'Centro Fotografia', 'Museo Conte', 'Palazzo della Ragione', 'AMO']",Palazzo della Ragione,strategy_nearest,True,0.003990888595581055,success
040BAB3A9C4C80,1,"['Arena', 'Casa Giulietta']",Torre Lamberti,"['Sighseeing', 'Centro Fotografia', 'Museo Conte', 'Palazzo della Ragione', 'AMO']",Palazzo della Ragione,strategy_nearest,True,0.002132892608642578,success
040BA9429C4C81,3,"['Teatro Romano', 'Santa Anastasia']",Arena,"['Verona Tour', 'Museo Lapidario', 'Museo Radio', 'San Fermo', 'Casa Giulietta']",Casa Giulietta,strategy_nearest,True,0.0015606880187988281,success
040BB33A9C4C81,1,"['Arena', 'Casa Giulietta', 'Museo Lapidario']",San Fermo,"['Museo Storia', 'Museo Radio', 'Centro Fotografia', 'Sighseeing', 'Torre Lamberti']",Palazzo della Ragione,strategy_nearest,False,0.0015330314636230469,success
040BAE429C4C81,0,['Arena'],Casa Giulietta,"['Centro Fotografia', 'Sighseeing', 'Torre Lamberti', 'Museo Conte', 'Museo Radio']",Teatro Romano,strategy_nearest,False,0.0033550262451171875,success
040BB73A9C4C80,0,['Casa Giulietta'],Arena,"['Verona Tour', 'Museo Lapidario', 'Museo Radio', 'San Fermo', 'Sighseeing']",Torre Lamberti,strategy_nearest,False,0.0021059513092041016,success
040BBA3A9C4C80,0,['Arena'],Museo Lapidario,"['Verona Tour', 'Castelvecchio', 'Museo Radio', 'San Fermo', 'Casa Giulietta']",Castelvecchio,strategy_nearest,True,0.0033218860626220703,success
040BBB429C4C80,3,"['Casa Giulietta', 'Arena']",Torre Lamberti,"['Sighseeing', 'Centro Fotografia', 'Museo Conte', 'Palazzo della Ragione', 'AMO']",Santa Anastasia,strategy_nearest,False,0.002584695816040039,success
040BBC429C4C81,2,['Casa Giulietta'],Torre Lamberti,"['Sighseeing', 'Centro Fotografia', 'Museo Conte', 'Palazzo della Ragione', 'AMO']",Santa Anastasia,strategy_nearest,False,0.002460956573486328,success
040BBA429C4C80,3,"['Castelvecchio', 'Arena']",Casa Giulietta,"['Centro Fotografia', 'Sighseeing', 'Torre Lamberti', 'Museo Conte', 'Museo Radio']",Torre Lamberti,strategy_nearest,True,0.0020520687103271484,success
040BC7429C4C81,0,['Arena'],Castelvecchio,"['Museo Lapidario', 'Verona Tour', 'Museo Radio', 'San Zeno', 'Sighseeing']",Casa Giulietta,strategy_nearest,False,0.0033369064331054688,success
040BCE3A9C4C81,0,['Castelvecchio'],Arena,"['Verona Tour', 'Museo Lapidario', 'Museo Radio', 'San Fermo', 'Casa Giulietta']",Casa Giulietta,strategy_nearest,True,0.002089977264404297,success
040BD13A9C4C81,1,"['Torre Lamberti', 'Palazzo della Ragione']",Casa Giulietta,"['Centro Fotografia', 'Sighseeing', 'Museo Conte', 'Museo Radio', 'San Fermo']",Arena,strategy_nearest,False,0.002624034881591797,success
040BD33A9C4C81,2,['Castelvecchio'],Casa Giulietta,"['Centro Fotografia', 'Sighseeing', 'Torre Lamberti', 'Museo Conte', 'Museo Radio']",Santa Anastasia,strategy_nearest,False,0.0030651092529296875,success
040C003A9C4C85,3,"['Arena', 'Casa Giulietta']",Torre Lamberti,"['Sighseeing', 'Centro Fotografia', 'Museo Conte', 'Palazzo della Ragione', 'AMO']",Castelvecchio,strategy_nearest,False,0.0016999244689941406,success
040BDE429C4C81,1,"['Arena', 'Museo Lapidario', 'Castelvecchio', 'San Zeno']",Teatro Romano,"['Santa Anastasia', 'Duomo', 'AMO', 'Palazzo della Ragione', 'Museo Conte']",Duomo,strategy_nearest,True,0.003116130828857422,success
040C043A9C4C85,3,"['Casa Giulietta', 'Teatro Romano']",Duomo,"['AMO', 'Museo Miniscalchi', 'Santa Anastasia', 'Palazzo della Ragione', 'Museo Conte']",Santa Anastasia,strategy_nearest,True,0.0028069019317626953,success
040C353A9C4C81,1,"['Arena', 'Casa Giulietta']",Palazzo della Ragione,"['AMO', 'Museo Conte', 'Torre Lamberti', 'Centro Fotografia', 'Sighseeing']",Torre Lamberti,strategy_nearest,True,0.002511262893676758,success
040C363A9C4C81,2,"['Santa Anastasia', 'Casa Giulietta', 'Torre Lamberti']",Palazzo della Ragione,"['AMO', 'Museo Conte', 'Centro Fotografia', 'Sighseeing', 'Museo Miniscalchi']",Castelvecchio,strategy_nearest,False,0.002493143081665039,success
040C383A9C4C81,0,['Arena'],Torre Lamberti,"['Sighseeing', 'Centro Fotografia', 'Museo Conte', 'Casa Giulietta', 'Palazzo della Ragione']",Teatro Romano,strategy_nearest,False,0.003075122833251953,success
040C46429C4C81,1,"['San Zeno', 'Castelvecchio', 'Torre Lamberti', 'Palazzo della Ragione']",San Fermo,"['Museo Storia', 'Museo Radio', 'Casa Giulietta', 'Centro Fotografia', 'Arena']",Arena,strategy_nearest,True,0.0026450157165527344,success
040C52429C4C81,1,['Palazzo della Ragione'],Torre Lamberti,"['Sighseeing', 'Centro Fotografia', 'Museo Conte', 'Casa Giulietta', 'AMO']",Teatro Romano,strategy_nearest,False,0.0019981861114501953,success
040C44429C4C81,2,['Torre Lamberti'],San Fermo,"['Museo Storia', 'Museo Radio', 'Casa Giulietta', 'Centro Fotografia', 'Arena']",Duomo,strategy_nearest,False,0.002599000930786133,success
040C4B3A9C4C81,2,"['Teatro Romano', 'Torre Lamberti', 'Palazzo della Ragione']",Santa Anastasia,"['AMO', 'Museo Conte', 'Centro Fotografia', 'Duomo', 'Sighseeing']",Castelvecchio,strategy_nearest,False,0.003332853317260742,success
040C543A9C4C81,3,"['Casa Giulietta', 'Torre Lamberti', 'Arena']",Teatro Romano,"['Santa Anastasia', 'Duomo', 'AMO', 'Palazzo della Ragione', 'Museo Conte']",Santa Anastasia,strategy_nearest,True,0.0032927989959716797,success
040C5B429C4C81,0,"['Arena', 'Museo Lapidario']",Duomo,"['AMO', 'Museo Miniscalchi', 'Santa Anastasia', 'Teatro Romano', 'Palazzo della Ragione']",Teatro Romano,strategy_nearest,True,0.0019428730010986328,success
040C53429C4C81,1,"['Arena', 'Casa Giulietta', 'Palazzo della Ragione']",Santa Anastasia,"['AMO', 'Museo Conte', 'Teatro Romano', 'Centro Fotografia', 'Duomo']",Duomo,strategy_nearest,True,0.0039119720458984375,success
040C553A9C4C81,0,['Arena'],Casa Giulietta,"['Centro Fotografia', 'Sighseeing', 'Torre Lamberti', 'Museo Conte', 'Museo Radio']",Castelvecchio,strategy_nearest,False,0.00150299072265625,success
040C6E429C4C81,0,['Arena'],Torre Lamberti,"['Sighseeing', 'Centro Fotografia', 'Museo Conte', 'Casa Giulietta', 'Palazzo della Ragione']",Teatro Romano,strategy_nearest,False,0.0013210773468017578,success
040C6F3A9C4C81,1,"['Arena', 'Castelvecchio', 'San Zeno']",Torre Lamberti,"['Sighseeing', 'Centro Fotografia', 'Museo Conte', 'Casa Giulietta', 'Palazzo della Ragione']",Palazzo della Ragione,strategy_nearest,True,0.0031630992889404297,success
040C6C3A9C4C81,0,['Castelvecchio'],San Zeno,"['Verona Tour', 'Museo Lapidario', 'Arena', 'Museo Miniscalchi', 'Sighseeing']",Arena,strategy_nearest,True,0.0027701854705810547,success
040C6B429C4C81,2,"['Casa Giulietta', 'San Fermo']",Tomba Giulietta,"['Museo Storia', 'Arena', 'Museo Lapidario', 'Museo Radio', 'Verona Tour']",Torre Lamberti,strategy_nearest,False,0.002130270004272461,success
040C723A9C4C81,1,"['Tomba Giulietta', 'Museo Lapidario', 'Arena']",Casa Giulietta,"['Centro Fotografia', 'Sighseeing', 'Torre Lamberti', 'Museo Conte', 'Museo Radio']",Palazzo della Ragione,strategy_nearest,False,0.0011870861053466797,success
040C73429C4C80,3,"['Arena', 'Casa Giulietta', 'San Fermo']",Torre Lamberti,"['Sighseeing', 'Centro Fotografia', 'Museo Conte', 'Palazzo della Ragione', 'AMO']",Santa Anastasia,strategy_nearest,False,0.003406047821044922,success
040C74429C4C81,1,"['Arena', 'Torre Lamberti']",Palazzo della Ragione,"['AMO', 'Museo Conte', 'Centro Fotografia', 'Sighseeing', 'Santa Anastasia']",Casa Giulietta,strategy_nearest,False,0.002057790756225586,success
040C753A9C4C80,0,['Arena'],Casa Giulietta,"['Centro Fotografia', 'Sighseeing', 'Torre Lamberti', 'Museo Conte', 'Museo Radio']",Castelvecchio,strategy_nearest,False,0.0027048587799072266,success
040C80429C4C80,3,"['Duomo', 'Santa Anastasia', 'Arena']",Casa Giulietta,"['Centro Fotografia', 'Sighseeing', 'Torre Lamberti', 'Museo Conte', 'Museo Radio']",Castelvecchio,strategy_nearest,False,0.0020248889923095703,success
040C7B4A9C4C80,0,['Arena'],Casa Giulietta,"['Centro Fotografia', 'Sighseeing', 'Torre Lamberti', 'Museo Conte', 'Museo Radio']",Castelvecchio,strategy_nearest,False,0.0027179718017578125,success
040C78429C4C81,2,['Castelvecchio'],Duomo,"['AMO', 'Museo Miniscalchi', 'Santa Anastasia', 'Teatro Romano', 'Palazzo della Ragione']",Santa Anastasia,strategy_nearest,True,0.0028748512268066406,success
040C793A9C4C80,1,"['Arena', 'Casa Giulietta']",Teatro Romano,"['Santa Anastasia', 'Duomo', 'AMO', 'Palazzo della Ragione', 'Museo Conte']",Duomo,strategy_nearest,True,0.0033707618713378906,success
040C83429C4C80,3,"['Arena', 'Castelvecchio']",Casa Giulietta,"['Centro Fotografia', 'Sighseeing', 'Torre Lamberti', 'Museo Conte', 'Museo Radio']",Santa Anastasia,strategy_nearest,False,0.002173900604248047,success
040C82429C4C80,2,['Casa Giulietta'],Santa Anastasia,"['AMO', 'Museo Conte', 'Palazzo della Ragione', 'Teatro Romano', 'Centro Fotografia']",Duomo,strategy_nearest,False,0.002791166305541992,success
040C834A9C4C81,3,"['Arena', 'Casa Giulietta']",Torre Lamberti,"['Sighseeing', 'Centro Fotografia', 'Museo Conte', 'Palazzo della Ragione', 'AMO']",Santa Anastasia,strategy_nearest,False,0.0027692317962646484,success
040C85429C4C81,0,['Tomba Giulietta'],Arena,"['Verona Tour', 'Museo Lapidario', 'Museo Radio', 'San Fermo', 'Casa Giulietta']",Castelvecchio,strategy_nearest,False,0.0033180713653564453,success
040C8B4A9C4C80,3,"['Arena', 'Casa Giulietta']",Torre Lamberti,"['Sighseeing', 'Centro Fotografia', 'Museo Conte', 'Palazzo della Ragione', 'AMO']",Santa Anastasia,strategy_nearest,False,0.0036323070526123047,success
040C87429C4C80,0,"['Castelvecchio', 'Arena']",San Fermo,"['Museo Storia', 'Museo Radio', 'Casa Giulietta', 'Centro Fotografia', 'Sighseeing']",Casa Giulietta,strategy_nearest,True,0.0032570362091064453,success
040C88429C4C81,1,"['Arena', 'Casa Giulietta']",Torre Lamberti,"['Sighseeing', 'Centro Fotografia', 'Museo Conte', 'Palazzo della Ragione', 'AMO']",Palazzo della Ragione,strategy_nearest,True,0.0025827884674072266,success
040C854A9C4C81,1,['Arena'],Casa Giulietta,"['Centro Fotografia', 'Sighseeing', 'Torre Lamberti', 'Museo Conte', 'Museo Radio']",Torre Lamberti,strategy_nearest,True,0.0030579566955566406,success
040C954A9C4C80,0,"['Arena', 'Castelvecchio']",Torre Lamberti,"['Sighseeing', 'Centro Fotografia', 'Museo Conte', 'Casa Giulietta', 'Palazzo della Ragione']",Casa Giulietta,strategy_nearest,True,0.0022258758544921875,success
040C95429C4C81,3,['Arena'],Castelvecchio,"['Museo Lapidario', 'Verona Tour', 'Museo Radio', 'San Zeno', 'Sighseeing']",Duomo,strategy_nearest,False,0.002913236618041992,success
040C98429C4C80,3,"['Arena', 'Torre Lamberti', 'Santa Anastasia']",Casa Giulietta,"['Centro Fotografia', 'Sighseeing', 'Museo Conte', 'Museo Radio', 'Palazzo della Ragione']",Teatro Romano,strategy_nearest,False,0.0015192031860351562,success
040C984A9C4C80,0,['Arena'],Casa Giulietta,"['Centro Fotografia', 'Sighseeing', 'Torre Lamberti', 'Museo Conte', 'Museo Radio']",Santa Anastasia,strategy_nearest,False,0.003414154052734375,success
040C9D429C4C81,0,['Arena'],Casa Giulietta,"['Centro Fotografia', 'Sighseeing', 'Torre Lamberti', 'Museo Conte', 'Museo Radio']",Santa Anastasia,strategy_nearest,False,0.0020880699157714844,success
040C9B429C4C80,0,"['Arena', 'Castelvecchio']",Torre Lamberti,"['Sighseeing', 'Centro Fotografia', 'Museo Conte', 'Casa Giulietta', 'Palazzo della Ragione']",San Fermo,strategy_nearest,False,0.0034220218658447266,success
040C9A429C4C81,2,"['Casa Giulietta', 'Duomo']",Torre Lamberti,"['Sighseeing', 'Centro Fotografia', 'Museo Conte', 'Palazzo della Ragione', 'AMO']",Tomba Giulietta,strategy_nearest,False,0.002187013626098633,success
040CA1429C4C81,3,['Arena'],Torre Lamberti,"['Sighseeing', 'Centro Fotografia', 'Museo Conte', 'Casa Giulietta', 'Palazzo della Ragione']",Santa Anastasia,strategy_nearest,False,0.002079010009765625,success
040C9F429C4C80,1,"['Arena', 'Casa Giulietta']",Torre Lamberti,"['Sighseeing', 'Centro Fotografia', 'Museo Conte', 'Palazzo della Ragione', 'AMO']",Palazzo della Ragione,strategy_nearest,True,0.003690958023071289,success
040CA2429C4C80,2,['Torre Lamberti'],Santa Anastasia,"['AMO', 'Museo Conte', 'Palazzo della Ragione', 'Teatro Romano', 'Centro Fotografia']",Duomo,strategy_nearest,False,0.0027120113372802734,success
040CA54A9C4C80,3,"['Duomo', 'Teatro Romano']",Arena,"['Verona Tour', 'Museo Lapidario', 'Museo Radio', 'San Fermo', 'Casa Giulietta']",Castelvecchio,strategy_nearest,False,0.0029768943786621094,success
040CA73A9C4C80,3,"['Teatro Romano', 'Duomo']",Santa Anastasia,"['AMO', 'Museo Conte', 'Palazzo della Ragione', 'Centro Fotografia', 'Torre Lamberti']",Torre Lamberti,strategy_nearest,True,0.0019850730895996094,success
040CA6429C4C81,2,['Santa Anastasia'],Torre Lamberti,"['Sighseeing', 'Centro Fotografia', 'Museo Conte', 'Casa Giulietta', 'Palazzo della Ragione']",Casa Giulietta,strategy_nearest,True,0.0034580230712890625,success
040CA73A9C4C81,2,['Museo Lapidario'],Santa Anastasia,"['AMO', 'Museo Conte', 'Palazzo della Ragione', 'Teatro Romano', 'Centro Fotografia']",Duomo,strategy_nearest,False,0.003329753875732422,success
040CA74A9C4C81,3,"['Teatro Romano', 'Duomo', 'Santa Anastasia']",San Fermo,"['Museo Storia', 'Museo Radio', 'Casa Giulietta', 'Centro Fotografia', 'Arena']",Tomba Giulietta,strategy_nearest,False,0.003039121627807617,success
040CAA429C4C80,3,['Casa Giulietta'],Santa Anastasia,"['AMO', 'Museo Conte', 'Palazzo della Ragione', 'Teatro Romano', 'Centro Fotografia']",Teatro Romano,strategy_nearest,True,0.0026192665100097656,success
040CAA429C4C81,0,"['Teatro Romano', 'Arena']",Castelvecchio,"['Museo Lapidario', 'Verona Tour', 'Museo Radio', 'San Zeno', 'Sighseeing']",Tomba Giulietta,strategy_nearest,False,0.003103971481323242,success
040CAA4A9C4C81,2,['Tomba Giulietta'],Casa Giulietta,"['Centro Fotografia', 'Sighseeing', 'Torre Lamberti', 'Museo Conte', 'Museo Radio']",Santa Anastasia,strategy_nearest,False,0.0024111270904541016,success
040CAD3A9C4C80,3,['Arena'],Casa Giulietta,"['Centro Fotografia', 'Sighseeing', 'Torre Lamberti', 'Museo Conte', 'Museo Radio']",Santa Anastasia,strategy_nearest,False,0.002658843994140625,success
040CB03A9C4C80,3,"['Arena', 'Torre Lamberti', 'Teatro Romano']",Santa Anastasia,"['AMO', 'Museo Conte', 'Palazzo della Ragione', 'Centro Fotografia', 'Duomo']",Duomo,strategy_nearest,True,0.0023937225341796875,success
040CAB3A9C4C81,3,['Castelvecchio'],Arena,"['Verona Tour', 'Museo Lapidario', 'Museo Radio', 'San Fermo', 'Casa Giulietta']",San Zeno,strategy_nearest,False,0.0030951499938964844,success
040CAB4A9C4C80,0,"['Castelvecchio', 'San Zeno']",Tomba Giulietta,"['San Fermo', 'Museo Storia', 'Arena', 'Museo Lapidario', 'Museo Radio']",Arena,strategy_nearest,True,0.003985166549682617,success
040CB7429C4C80,0,['Casa Giulietta'],Duomo,"['AMO', 'Museo Miniscalchi', 'Santa Anastasia', 'Teatro Romano', 'Palazzo della Ragione']",Arena,strategy_nearest,False,0.002627134323120117,success
040CB63A9C4C80,2,"['Casa Giulietta', 'Torre Lamberti']",Santa Anastasia,"['AMO', 'Museo Conte', 'Palazzo della Ragione', 'Teatro Romano', 'Centro Fotografia']",Duomo,strategy_nearest,False,0.002785205841064453,success
040CB4429C4C81,1,"['Tomba Giulietta', 'San Fermo', 'Teatro Romano', 'Palazzo della Ragione']",Torre Lamberti,"['Sighseeing', 'Centro Fotografia', 'Museo Conte', 'Casa Giulietta', 'AMO']",Arena,strategy_nearest,False,0.0022430419921875,success
040CB53A9C4C81,2,"['Palazzo della Ragione', 'Torre Lamberti']",Casa Giulietta,"['Centro Fotografia', 'Sighseeing', 'Museo Conte', 'Museo Radio', 'San Fermo']",Duomo,strategy_nearest,False,0.00400996208190918,success
040CBB3A9C4C81,0,['Arena'],Casa Giulietta,"['Centro Fotografia', 'Sighseeing', 'Torre Lamberti', 'Museo Conte', 'Museo Radio']",Tomba Giulietta,strategy_nearest,False,0.0025801658630371094,success
040CBA429C4C80,3,['Arena'],Casa Giulietta,"['Centro Fotografia', 'Sighseeing', 'Torre Lamberti', 'Museo Conte', 'Museo Radio']",Santa Anastasia,strategy_nearest,False,0.0014269351959228516,success
040CBB3A9C4C80,0,"['Arena', 'Museo Lapidario']",Castelvecchio,"['Verona Tour', 'Museo Radio', 'San Zeno', 'Sighseeing', 'Museo Miniscalchi']",Duomo,strategy_nearest,False,0.0021169185638427734,success
040CBD429C4C80,3,"['Casa Giulietta', 'Arena']",Torre Lamberti,"['Sighseeing', 'Centro Fotografia', 'Museo Conte', 'Palazzo della Ragione', 'AMO']",Santa Anastasia,strategy_nearest,False,0.0033049583435058594,success
040CC43A9C4C81,0,['Arena'],Castelvecchio,"['Museo Lapidario', 'Verona Tour', 'Museo Radio', 'San Zeno', 'Sighseeing']",Casa Giulietta,strategy_nearest,False,0.002586841583251953,success
040CCB3A9C4C81,0,['Arena'],Santa Anastasia,"['AMO', 'Museo Conte', 'Palazzo della Ragione', 'Teatro Romano', 'Centro Fotografia']",Casa Giulietta,strategy_nearest,False,0.0019273757934570312,success
040CE03A9C4C81,0,['Arena'],Casa Giulietta,"['Centro Fotografia', 'Sighseeing', 'Torre Lamberti', 'Museo Conte', 'Museo Radio']",Santa Anastasia,strategy_nearest,False,0.003061056137084961,success
040CE3429C4C81,2,"['Casa Giulietta', 'Santa Anastasia', 'Torre Lamberti']",Palazzo della Ragione,"['AMO', 'Museo Conte', 'Centro Fotografia', 'Sighseeing', 'Museo Miniscalchi']",Castelvecchio,strategy_nearest,False,0.002974987030029297,success
040CE53A9C4C81,2,['Casa Giulietta'],Santa Anastasia,"['AMO', 'Museo Conte', 'Palazzo della Ragione', 'Teatro Romano', 'Centro Fotografia']",Duomo,strategy_nearest,False,0.002351999282836914,success
040CE63A9C4C81,2,"['Palazzo della Ragione', 'Torre Lamberti']",Santa Anastasia,"['AMO', 'Museo Conte', 'Teatro Romano', 'Centro Fotografia', 'Duomo']",Duomo,strategy_nearest,True,0.0026400089263916016,success
040CF23A9C4C81,3,"['Casa Giulietta', 'Torre Lamberti']",Santa Anastasia,"['AMO', 'Museo Conte', 'Palazzo della Ragione', 'Teatro Romano', 'Centro Fotografia']",Duomo,strategy_nearest,False,0.003336191177368164,success
040CFD429C4C81,1,"['San Fermo', 'Casa Giulietta', 'Arena']",Torre Lamberti,"['Sighseeing', 'Centro Fotografia', 'Museo Conte', 'Palazzo della Ragione', 'AMO']",Palazzo della Ragione,strategy_nearest,True,0.00261688232421875,success
040D003A9C4C85,0,"['Arena', 'Museo Lapidario']",Castelvecchio,"['Verona Tour', 'Museo Radio', 'San Zeno', 'Sighseeing', 'Museo Miniscalchi']",Teatro Romano,strategy_nearest,False,0.0030279159545898438,success
040D353A9C4C81,2,"['Casa Giulietta', 'Castelvecchio']",San Zeno,"['Verona Tour', 'Museo Lapidario', 'Arena', 'Museo Miniscalchi', 'Sighseeing']",Teatro Romano,strategy_nearest,False,0.0025610923767089844,success
040D333A9C4C81,1,"['Castelvecchio', 'Arena']",Palazzo della Ragione,"['AMO', 'Museo Conte', 'Torre Lamberti', 'Centro Fotografia', 'Sighseeing']",Casa Giulietta,strategy_nearest,False,0.0025331974029541016,success
040D37429C4C81,1,['Palazzo della Ragione'],Casa Giulietta,"['Centro Fotografia', 'Sighseeing', 'Torre Lamberti', 'Museo Conte', 'Museo Radio']",Santa Anastasia,strategy_nearest,False,0.0023653507232666016,success
040D3F3A9C4C81,3,"['Arena', 'Casa Giulietta', 'Castelvecchio', 'San Zeno']",Tomba Giulietta,"['San Fermo', 'Museo Storia', 'Museo Lapidario', 'Museo Radio', 'Verona Tour']",Torre Lamberti,strategy_nearest,False,0.002622842788696289,success
040D503A9C4C81,0,['Arena'],Casa Giulietta,"['Centro Fotografia', 'Sighseeing', 'Torre Lamberti', 'Museo Conte', 'Museo Radio']",Tomba Giulietta,strategy_nearest,False,0.0023908615112304688,success
040D3D3A9C4C81,2,['Casa Giulietta'],Palazzo della Ragione,"['AMO', 'Museo Conte', 'Torre Lamberti', 'Centro Fotografia', 'Sighseeing']",Torre Lamberti,strategy_nearest,True,0.0033011436462402344,success
040D543A9C4C81,0,['Arena'],Casa Giulietta,"['Centro Fotografia', 'Sighseeing', 'Torre Lamberti', 'Museo Conte', 'Museo Radio']",Castelvecchio,strategy_nearest,False,0.0032639503479003906,success
040D60429C4C81,1,"['Teatro Romano', 'Torre Lamberti', 'Palazzo della Ragione']",Castelvecchio,"['Museo Lapidario', 'Verona Tour', 'Arena', 'Museo Radio', 'San Zeno']",San Zeno,strategy_nearest,True,0.0016961097717285156,success
040D5E429C4C81,0,['Arena'],Torre Lamberti,"['Sighseeing', 'Centro Fotografia', 'Museo Conte', 'Casa Giulietta', 'Palazzo della Ragione']",Casa Giulietta,strategy_nearest,True,0.0031938552856445312,success
040D64429C4C81,3,['Arena'],Castelvecchio,"['Museo Lapidario', 'Verona Tour', 'Museo Radio', 'San Zeno', 'Sighseeing']",Torre Lamberti,strategy_nearest,False,0.0032150745391845703,success
040D6E3A9C4C81,1,"['Arena', 'Casa Giulietta', 'Torre Lamberti']",Palazzo della Ragione,"['AMO', 'Museo Conte', 'Centro Fotografia', 'Sighseeing', 'Santa Anastasia']",Castelvecchio,strategy_nearest,False,0.003165006637573242,success
040D733A9C4C81,2,['Castelvecchio'],Casa Giulietta,"['Centro Fotografia', 'Sighseeing', 'Torre Lamberti', 'Museo Conte', 'Museo Radio']",Torre Lamberti,strategy_nearest,True,0.0025510787963867188,success
040D753A9C4C81,1,"['Tomba Giulietta', 'Arena']",Casa Giulietta,"['Centro Fotografia', 'Sighseeing', 'Torre Lamberti', 'Museo Conte', 'Museo Radio']",Palazzo della Ragione,strategy_nearest,False,0.0031828880310058594,success
040D7B4A9C4C81,3,['Arena'],Casa Giulietta,"['Centro Fotografia', 'Sighseeing', 'Torre Lamberti', 'Museo Conte', 'Museo Radio']",San Fermo,strategy_nearest,False,0.0016551017761230469,success
040D77429C4C81,1,"['Arena', 'Casa Giulietta']",Palazzo della Ragione,"['AMO', 'Museo Conte', 'Torre Lamberti', 'Centro Fotografia', 'Sighseeing']",Torre Lamberti,strategy_nearest,True,0.0026819705963134766,success
040D76429C4C80,3,"['Arena', 'San Fermo']",Torre Lamberti,"['Sighseeing', 'Centro Fotografia', 'Museo Conte', 'Casa Giulietta', 'Palazzo della Ragione']",Santa Anastasia,strategy_nearest,False,0.004891157150268555,success
040D7F3A9C4C80,0,['Arena'],Casa Giulietta,"['Centro Fotografia', 'Sighseeing', 'Torre Lamberti', 'Museo Conte', 'Museo Radio']",Teatro Romano,strategy_nearest,False,0.0031647682189941406,success
040D804A9C4C81,0,['Arena'],Casa Giulietta,"['Centro Fotografia', 'Sighseeing', 'Torre Lamberti', 'Museo Conte', 'Museo Radio']",Castelvecchio,strategy_nearest,False,0.0016911029815673828,success
040D813A9C4C81,3,"['Arena', 'Casa Giulietta']",Torre Lamberti,"['Sighseeing', 'Centro Fotografia', 'Museo Conte', 'Palazzo della Ragione', 'AMO']",Santa Anastasia,strategy_nearest,False,0.0027990341186523438,success
040D814A9C4C81,1,"['Arena', 'Casa Giulietta']",Palazzo della Ragione,"['AMO', 'Museo Conte', 'Torre Lamberti', 'Centro Fotografia', 'Sighseeing']",Santa Anastasia,strategy_nearest,False,0.0020682811737060547,success
040D824A9C4C80,0,"['Arena', 'San Fermo']",Museo Storia,"['Museo Radio', 'Casa Giulietta', 'Centro Fotografia', 'Tomba Giulietta', 'Torre Lamberti']",Casa Giulietta,strategy_nearest,True,0.002549886703491211,success
040D814A9C4C80,1,['Arena'],Museo Lapidario,"['Verona Tour', 'Castelvecchio', 'Museo Radio', 'San Fermo', 'Casa Giulietta']",Palazzo della Ragione,strategy_nearest,False,0.003337860107421875,success
040D834A9C4C80,2,['Duomo'],Teatro Romano,"['Santa Anastasia', 'AMO', 'Palazzo della Ragione', 'Museo Conte', 'Centro Fotografia']",Casa Giulietta,strategy_nearest,False,0.0021371841430664062,success
040D85429C4C80,2,"['Teatro Romano', 'Duomo', 'Santa Anastasia', 'Torre Lamberti']",Palazzo della Ragione,"['AMO', 'Museo Conte', 'Centro Fotografia', 'Sighseeing', 'Museo Miniscalchi']",San Zeno,strategy_nearest,False,0.0027289390563964844,success
040D86429C4C81,3,"['Arena', 'Torre Lamberti', 'Duomo']",Santa Anastasia,"['AMO', 'Museo Conte', 'Palazzo della Ragione', 'Teatro Romano', 'Centro Fotografia']",Castelvecchio,strategy_nearest,False,0.0014450550079345703,success
040D833A9C4C81,2,['Castelvecchio'],Duomo,"['AMO', 'Museo Miniscalchi', 'Santa Anastasia', 'Teatro Romano', 'Palazzo della Ragione']",Teatro Romano,strategy_nearest,True,0.004040956497192383,success
040D8B3A9C4C80,2,"['San Zeno', 'Castelvecchio', 'Tomba Giulietta']",San Fermo,"['Museo Storia', 'Museo Radio', 'Casa Giulietta', 'Centro Fotografia', 'Arena']",Torre Lamberti,strategy_nearest,False,0.002540111541748047,success
040D884A9C4C80,0,"['Arena', 'Casa Giulietta']",Torre Lamberti,"['Sighseeing', 'Centro Fotografia', 'Museo Conte', 'Palazzo della Ragione', 'AMO']",Teatro Romano,strategy_nearest,False,0.0020020008087158203,success
040D88429C4C81,0,"['Castelvecchio', 'Arena']",San Fermo,"['Museo Storia', 'Museo Radio', 'Casa Giulietta', 'Centro Fotografia', 'Sighseeing']",Casa Giulietta,strategy_nearest,True,0.00398707389831543,success
040D8E4A9C4C81,1,"['Arena', 'Castelvecchio', 'San Zeno']",Casa Giulietta,"['Centro Fotografia', 'Sighseeing', 'Torre Lamberti', 'Museo Conte', 'Museo Radio']",Palazzo della Ragione,strategy_nearest,False,0.003348827362060547,success
040D904A9C4C81,1,"['Arena', 'Casa Giulietta', 'Torre Lamberti']",Palazzo della Ragione,"['AMO', 'Museo Conte', 'Centro Fotografia', 'Sighseeing', 'Santa Anastasia']",Castelvecchio,strategy_nearest,False,0.002360820770263672,success
040D95429C4C81,0,['Arena'],Museo Lapidario,"['Verona Tour', 'Castelvecchio', 'Museo Radio', 'San Fermo', 'Casa Giulietta']",Castelvecchio,strategy_nearest,True,0.002513885498046875,success
040D91429C4C81,2,"['Castelvecchio', 'Torre Lamberti']",Santa Anastasia,"['AMO', 'Museo Conte', 'Palazzo della Ragione', 'Teatro Romano', 'Centro Fotografia']",Teatro Romano,strategy_nearest,True,0.003392934799194336,success
040D964A9C4C81,0,['Arena'],Casa Giulietta,"['Centro Fotografia', 'Sighseeing', 'Torre Lamberti', 'Museo Conte', 'Museo Radio']",Castelvecchio,strategy_nearest,False,0.0031309127807617188,success
040D98429C4C81,1,"['Arena', 'Casa Giulietta']",Torre Lamberti,"['Sighseeing', 'Centro Fotografia', 'Museo Conte', 'Palazzo della Ragione', 'AMO']",Palazzo della Ragione,strategy_nearest,True,0.0030181407928466797,success
040D9E429C4C81,0,['Castelvecchio'],Casa Giulietta,"['Centro Fotografia', 'Sighseeing', 'Torre Lamberti', 'Museo Conte', 'Museo Radio']",Arena,strategy_nearest,False,0.0024557113647460938,success
040D9A429C4C80,2,"['Palazzo della Ragione', 'Torre Lamberti']",Teatro Romano,"['Santa Anastasia', 'Duomo', 'AMO', 'Museo Conte', 'Centro Fotografia']",Castelvecchio,strategy_nearest,False,0.0027251243591308594,success
040DA1429C4C80,3,"['Arena', 'Casa Giulietta']",Santa Anastasia,"['AMO', 'Museo Conte', 'Palazzo della Ragione', 'Teatro Romano', 'Centro Fotografia']",Duomo,strategy_nearest,False,0.003186941146850586,success
040D994A9C4C80,1,"['Arena', 'Casa Giulietta', 'Torre Lamberti']",Palazzo della Ragione,"['AMO', 'Museo Conte', 'Centro Fotografia', 'Sighseeing', 'Santa Anastasia']",Castelvecchio,strategy_nearest,False,0.00429224967956543,success
040DA63A9C4C80,0,['Arena'],Casa Giulietta,"['Centro Fotografia', 'Sighseeing', 'Torre Lamberti', 'Museo Conte', 'Museo Radio']",Teatro Romano,strategy_nearest,False,0.0031468868255615234,success
040DA83A9C4C80,2,['Castelvecchio'],Casa Giulietta,"['Centro Fotografia', 'Sighseeing', 'Torre Lamberti', 'Museo Conte', 'Museo Radio']",Teatro Romano,strategy_nearest,False,0.002488851547241211,success
040DAA3A9C4C80,2,"['Castelvecchio', 'San Zeno']",Torre Lamberti,"['Sighseeing', 'Centro Fotografia', 'Museo Conte', 'Casa Giulietta', 'Palazzo della Ragione']",Casa Giulietta,strategy_nearest,True,0.0013010501861572266,success
040DA84A9C4C81,2,"['Duomo', 'Santa Anastasia']",Torre Lamberti,"['Sighseeing', 'Centro Fotografia', 'Museo Conte', 'Casa Giulietta', 'Palazzo della Ragione']",Palazzo della Ragione,strategy_nearest,True,0.00390625,success
040DAD3A9C4C81,1,"['Palazzo della Ragione', 'Casa Giulietta', 'San Fermo']",Arena,"['Verona Tour', 'Museo Lapidario', 'Museo Radio', 'Sighseeing', 'Castelvecchio']",Giardino Giusti,strategy_nearest,False,0.001995086669921875,success
040DB3429C4C80,3,"['Arena', 'Santa Anastasia', 'Teatro Romano']",Duomo,"['AMO', 'Museo Miniscalchi', 'Palazzo della Ragione', 'Museo Conte', 'Torre Lamberti']",San Zeno,strategy_nearest,False,0.0031859874725341797,success
040DB4429C4C81,1,['Castelvecchio'],Arena,"['Verona Tour', 'Museo Lapidario', 'Museo Radio', 'San Fermo', 'Casa Giulietta']",Palazzo della Ragione,strategy_nearest,False,0.003268003463745117,success
040DB83A9C4C80,2,"['Palazzo della Ragione', 'Torre Lamberti']",Santa Anastasia,"['AMO', 'Museo Conte', 'Teatro Romano', 'Centro Fotografia', 'Duomo']",Duomo,strategy_nearest,True,0.001968860626220703,success
040DB63A9C4C80,2,['Tomba Giulietta'],Casa Giulietta,"['Centro Fotografia', 'Sighseeing', 'Torre Lamberti', 'Museo Conte', 'Museo Radio']",Santa Anastasia,strategy_nearest,False,0.0020401477813720703,success
040DB5429C4C80,2,['Castelvecchio'],Tomba Giulietta,"['San Fermo', 'Museo Storia', 'Arena', 'Museo Lapidario', 'Museo Radio']",Giardino Giusti,strategy_nearest,False,0.003896951675415039,success
040DBB3A9C4C81,0,"['Torre Lamberti', 'Casa Giulietta']",San Fermo,"['Museo Storia', 'Museo Radio', 'Centro Fotografia', 'Arena', 'Sighseeing']",Arena,strategy_nearest,True,0.003106832504272461,success
040DBB3A9C4C80,0,['Arena'],Castelvecchio,"['Museo Lapidario', 'Verona Tour', 'Museo Radio', 'San Zeno', 'Sighseeing']",Casa Giulietta,strategy_nearest,False,0.0014488697052001953,success
040DBA3A9C4C81,0,['Arena'],Torre Lamberti,"['Sighseeing', 'Centro Fotografia', 'Museo Conte', 'Casa Giulietta', 'Palazzo della Ragione']",Casa Giulietta,strategy_nearest,True,0.003257274627685547,success
040DB93A9C4C81,0,"['Arena', 'Casa Giulietta']",Torre Lamberti,"['Sighseeing', 'Centro Fotografia', 'Museo Conte', 'Palazzo della Ragione', 'AMO']",Duomo,strategy_nearest,False,0.0027060508728027344,success
040DBF429C4C81,2,['Torre Lamberti'],Casa Giulietta,"['Centro Fotografia', 'Sighseeing', 'Museo Conte', 'Museo Radio', 'Palazzo della Ragione']",Teatro Romano,strategy_nearest,False,0.0016026496887207031,success
040DC5429C4C81,0,['Arena'],Casa Giulietta,"['Centro Fotografia', 'Sighseeing', 'Torre Lamberti', 'Museo Conte', 'Museo Radio']",Torre Lamberti,strategy_nearest,True,0.002048969268798828,success
040DC3429C4C80,0,['Arena'],Casa Giulietta,"['Centro Fotografia', 'Sighseeing', 'Torre Lamberti', 'Museo Conte', 'Museo Radio']",Torre Lamberti,strategy_nearest,True,0.002763032913208008,success
040DC3429C4C81,2,"['Casa Giulietta', 'Torre Lamberti']",Palazzo della Ragione,"['AMO', 'Museo Conte', 'Centro Fotografia', 'Sighseeing', 'Santa Anastasia']",Santa Anastasia,strategy_nearest,True,0.0033190250396728516,success
040DDA3A9C4C81,3,"['San Zeno', 'Castelvecchio', 'Torre Lamberti']",Casa Giulietta,"['Centro Fotografia', 'Sighseeing', 'Museo Conte', 'Museo Radio', 'Palazzo della Ragione']",Giardino Giusti,strategy_nearest,False,0.0014090538024902344,success
040DE33A9C4C81,3,"['Torre Lamberti', 'Casa Giulietta', 'San Fermo']",Arena,"['Verona Tour', 'Museo Lapidario', 'Museo Radio', 'Sighseeing', 'Castelvecchio']",Tomba Giulietta,strategy_nearest,False,0.0032231807708740234,success
040DC73A9C4C81,0,['Arena'],Casa Giulietta,"['Centro Fotografia', 'Sighseeing', 'Torre Lamberti', 'Museo Conte', 'Museo Radio']",Tomba Giulietta,strategy_nearest,False,0.0021979808807373047,success
040DCF429C4C81,2,['Casa Giulietta'],Torre Lamberti,"['Sighseeing', 'Centro Fotografia', 'Museo Conte', 'Palazzo della Ragione', 'AMO']",Castelvecchio,strategy_nearest,False,0.002763032913208008,success
040DEA3A9C4C81,2,"['Castelvecchio', 'Duomo']",Santa Anastasia,"['AMO', 'Museo Conte', 'Palazzo della Ragione', 'Teatro Romano', 'Centro Fotografia']",Casa Giulietta,strategy_nearest,False,0.002154827117919922,success
040DFF3A9C4C81,3,"['Arena', 'Museo Lapidario']",Castelvecchio,"['Verona Tour', 'Museo Radio', 'San Zeno', 'Sighseeing', 'Museo Miniscalchi']",Casa Giulietta,strategy_nearest,False,0.0013871192932128906,success
040DE83A9C4C81,1,"['Arena', 'Torre Lamberti', 'Palazzo della Ragione']",Santa Anastasia,"['AMO', 'Museo Conte', 'Teatro Romano', 'Centro Fotografia', 'Duomo']",Duomo,strategy_nearest,True,0.003431081771850586,success
040DFC3A9C4C81,0,['Casa Giulietta'],Torre Lamberti,"['Sighseeing', 'Centro Fotografia', 'Museo Conte', 'Palazzo della Ragione', 'AMO']",Castelvecchio,strategy_nearest,False,0.0034339427947998047,success
040E46429C4C81,3,"['Castelvecchio', 'Arena']",Casa Giulietta,"['Centro Fotografia', 'Sighseeing', 'Torre Lamberti', 'Museo Conte', 'Museo Radio']",Santa Anastasia,strategy_nearest,False,0.004760026931762695,success
040E4F3A9C4C81,1,"['San Fermo', 'Torre Lamberti', 'Palazzo della Ragione', 'Santa Anastasia', 'Teatro Romano']",Duomo,"['AMO', 'Museo Miniscalchi', 'Museo Conte', 'Centro Fotografia', 'Sighseeing']",Casa Giulietta,strategy_nearest,False,0.001508951187133789,success
040E55429C4C81,0,"['Arena', 'Castelvecchio']",Casa Giulietta,"['Centro Fotografia', 'Sighseeing', 'Torre Lamberti', 'Museo Conte', 'Museo Radio']",Duomo,strategy_nearest,False,0.002061128616333008,success
040E4E3A9C4C81,1,"['Arena', 'San Fermo', 'Casa Giulietta', 'Torre Lamberti']",Palazzo della Ragione,"['AMO', 'Museo Conte', 'Centro Fotografia', 'Sighseeing', 'Santa Anastasia']",Teatro Romano,strategy_nearest,False,0.002789020538330078,success
040E58429C4C81,0,"['Arena', 'Castelvecchio']",Teatro Romano,"['Santa Anastasia', 'Duomo', 'AMO', 'Palazzo della Ragione', 'Museo Conte']",Duomo,strategy_nearest,True,0.0015523433685302734,success
040E5A3A9C4C81,2,"['Duomo', 'Santa Anastasia']",San Fermo,"['Museo Storia', 'Museo Radio', 'Casa Giulietta', 'Centro Fotografia', 'Arena']",Casa Giulietta,strategy_nearest,True,0.0021331310272216797,success
040E68429C4C81,0,['Arena'],Casa Giulietta,"['Centro Fotografia', 'Sighseeing', 'Torre Lamberti', 'Museo Conte', 'Museo Radio']",Teatro Romano,strategy_nearest,False,0.0027570724487304688,success
040E6C429C4C81,0,['Arena'],Casa Giulietta,"['Centro Fotografia', 'Sighseeing', 'Torre Lamberti', 'Museo Conte', 'Museo Radio']",Torre Lamberti,strategy_nearest,True,0.003271818161010742,success
040E75429C4C80,2,"['Castelvecchio', 'Torre Lamberti']",Palazzo della Ragione,"['AMO', 'Museo Conte', 'Centro Fotografia', 'Sighseeing', 'Santa Anastasia']",Casa Giulietta,strategy_nearest,False,0.0024428367614746094,success
040E71429C4C81,1,"['Palazzo della Ragione', 'Torre Lamberti']",Arena,"['Verona Tour', 'Museo Lapidario', 'Museo Radio', 'San Fermo', 'Casa Giulietta']",Casa Giulietta,strategy_nearest,True,0.0043408870697021484,success
040E723A9C4C81,3,['Arena'],Torre Lamberti,"['Sighseeing', 'Centro Fotografia', 'Museo Conte', 'Casa Giulietta', 'Palazzo della Ragione']",Santa Anastasia,strategy_nearest,False,0.003061056137084961,success
040E773A9C4C80,3,"['Casa Giulietta', 'Santa Anastasia', 'Duomo']",San Fermo,"['Museo Storia', 'Museo Radio', 'Centro Fotografia', 'Arena', 'Sighseeing']",Arena,strategy_nearest,True,0.0038509368896484375,success
040E7B429C4C81,0,['Castelvecchio'],Arena,"['Verona Tour', 'Museo Lapidario', 'Museo Radio', 'San Fermo', 'Casa Giulietta']",Teatro Romano,strategy_nearest,False,0.0016629695892333984,success
040E7C4A9C4C81,0,['Arena'],Casa Giulietta,"['Centro Fotografia', 'Sighseeing', 'Torre Lamberti', 'Museo Conte', 'Museo Radio']",Torre Lamberti,strategy_nearest,True,0.0033707618713378906,success
040E804A9C4C80,0,['Arena'],Casa Giulietta,"['Centro Fotografia', 'Sighseeing', 'Torre Lamberti', 'Museo Conte', 'Museo Radio']",Castelvecchio,strategy_nearest,False,0.0019960403442382812,success
040E843A9C4C81,2,['Casa Giulietta'],Torre Lamberti,"['Sighseeing', 'Centro Fotografia', 'Museo Conte', 'Palazzo della Ragione', 'AMO']",Castelvecchio,strategy_nearest,False,0.003280162811279297,success
040E834A9C4C80,0,"['Santa Anastasia', 'Arena']",Tomba Giulietta,"['San Fermo', 'Museo Storia', 'Museo Lapidario', 'Museo Radio', 'Verona Tour']",Casa Giulietta,strategy_nearest,False,0.0034842491149902344,success
040E844A9C4C80,0,['Arena'],Casa Giulietta,"['Centro Fotografia', 'Sighseeing', 'Torre Lamberti', 'Museo Conte', 'Museo Radio']",Tomba Giulietta,strategy_nearest,False,0.0028519630432128906,success
040E853A9C4C80,1,"['Arena', 'Casa Giulietta']",Santa Anastasia,"['AMO', 'Museo Conte', 'Palazzo della Ragione', 'Teatro Romano', 'Centro Fotografia']",Torre Lamberti,strategy_nearest,False,0.002502918243408203,success
040E85429C4C80,2,['Casa Giulietta'],Palazzo della Ragione,"['AMO', 'Museo Conte', 'Torre Lamberti', 'Centro Fotografia', 'Sighseeing']",Duomo,strategy_nearest,False,0.002844095230102539,success
040E864A9C4C80,3,"['Arena', 'Santa Anastasia']",Duomo,"['AMO', 'Museo Miniscalchi', 'Teatro Romano', 'Palazzo della Ragione', 'Museo Conte']",Torre Lamberti,strategy_nearest,False,0.0034329891204833984,success
040E883A9C4C81,3,"['Arena', 'Teatro Romano']",Santa Anastasia,"['AMO', 'Museo Conte', 'Palazzo della Ragione', 'Centro Fotografia', 'Duomo']",Torre Lamberti,strategy_nearest,False,0.0026848316192626953,success
040E8A3A9C4C81,2,['Santa Anastasia'],Santa Anastasia,"['AMO', 'Museo Conte', 'Palazzo della Ragione', 'Teatro Romano', 'Centro Fotografia']",Duomo,strategy_nearest,False,0.003078937530517578,success
040E8D4A9C4C81,3,['Arena'],Torre Lamberti,"['Sighseeing', 'Centro Fotografia', 'Museo Conte', 'Casa Giulietta', 'Palazzo della Ragione']",Santa Anastasia,strategy_nearest,False,0.0025479793548583984,success
040E8B4A9C4C80,0,"['Arena', 'Museo Lapidario', 'Castelvecchio']",Duomo,"['AMO', 'Museo Miniscalchi', 'Santa Anastasia', 'Teatro Romano', 'Palazzo della Ragione']",Torre Lamberti,strategy_nearest,False,0.0028259754180908203,success
040E8E4A9C4C80,3,"['Arena', 'Torre Lamberti']",Casa Giulietta,"['Centro Fotografia', 'Sighseeing', 'Museo Conte', 'Museo Radio', 'Palazzo della Ragione']",Santa Anastasia,strategy_nearest,False,0.0032618045806884766,success
040E8E429C4C80,3,['Arena'],Casa Giulietta,"['Centro Fotografia', 'Sighseeing', 'Torre Lamberti', 'Museo Conte', 'Museo Radio']",Torre Lamberti,strategy_nearest,True,0.0027246475219726562,success
040E8F3A9C4C81,0,['Arena'],Casa Giulietta,"['Centro Fotografia', 'Sighseeing', 'Torre Lamberti', 'Museo Conte', 'Museo Radio']",Torre Lamberti,strategy_nearest,True,0.0023827552795410156,success
040E97429C4C81,3,['Duomo'],Santa Anastasia,"['AMO', 'Museo Conte', 'Palazzo della Ragione', 'Teatro Romano', 'Centro Fotografia']",Casa Giulietta,strategy_nearest,False,0.0020570755004882812,success
040E92429C4C80,1,"['Arena', 'Museo Lapidario', 'Casa Giulietta', 'Palazzo della Ragione']",Torre Lamberti,"['Sighseeing', 'Centro Fotografia', 'Museo Conte', 'AMO', 'Museo Miniscalchi']",Santa Anastasia,strategy_nearest,False,0.0028090476989746094,success
040E98429C4C81,1,"['Palazzo della Ragione', 'Santa Anastasia', 'Duomo']",Arena,"['Verona Tour', 'Museo Lapidario', 'Museo Radio', 'San Fermo', 'Casa Giulietta']",San Fermo,strategy_nearest,True,0.0031232833862304688,success
040E91429C4C80,3,['Arena'],Santa Anastasia,"['AMO', 'Museo Conte', 'Palazzo della Ragione', 'Teatro Romano', 'Centro Fotografia']",Teatro Romano,strategy_nearest,True,0.004748821258544922,success
040E9A4A9C4C80,1,"['Arena', 'Casa Giulietta', 'Torre Lamberti']",Palazzo della Ragione,"['AMO', 'Museo Conte', 'Centro Fotografia', 'Sighseeing', 'Santa Anastasia']",Santa Anastasia,strategy_nearest,True,0.00335693359375,success
040E9E429C4C80,0,['Arena'],Santa Anastasia,"['AMO', 'Museo Conte', 'Palazzo della Ragione', 'Teatro Romano', 'Centro Fotografia']",Casa Giulietta,strategy_nearest,False,0.002736330032348633,success
040E9F4A9C4C81,2,['Duomo'],Santa Anastasia,"['AMO', 'Museo Conte', 'Palazzo della Ragione', 'Teatro Romano', 'Centro Fotografia']",Casa Giulietta,strategy_nearest,False,0.0015180110931396484,success
040EA2429C4C80,6,['Verona Tour'],Teatro Romano,"['Santa Anastasia', 'Duomo', 'AMO', 'Palazzo della Ragione', 'Museo Conte']",Santa Anastasia,strategy_nearest,True,0.0020232200622558594,success
040EA34A9C4C81,0,['Arena'],Casa Giulietta,"['Centro Fotografia', 'Sighseeing', 'Torre Lamberti', 'Museo Conte', 'Museo Radio']",Teatro Romano,strategy_nearest,False,0.0021469593048095703,success
040EA44A9C4C80,1,['Arena'],Castelvecchio,"['Museo Lapidario', 'Verona Tour', 'Museo Radio', 'San Zeno', 'Sighseeing']",Palazzo della Ragione,strategy_nearest,False,0.0027742385864257812,success
040EA5429C4C80,2,"['Casa Giulietta', 'Torre Lamberti', 'Palazzo della Ragione']",Santa Anastasia,"['AMO', 'Museo Conte', 'Teatro Romano', 'Centro Fotografia', 'Duomo']",Duomo,strategy_nearest,True,0.0013849735260009766,success
040EA54A9C4C80,1,"['Castelvecchio', 'Arena']",Casa Giulietta,"['Centro Fotografia', 'Sighseeing', 'Torre Lamberti', 'Museo Conte', 'Museo Radio']",Palazzo della Ragione,strategy_nearest,False,0.0032241344451904297,success
040EA73A9C4C81,3,"['Santa Anastasia', 'Teatro Romano', 'Giardino Giusti', 'Castelvecchio']",Arena,"['Verona Tour', 'Museo Lapidario', 'Museo Radio', 'San Fermo', 'Casa Giulietta']",Torre Lamberti,strategy_nearest,False,0.00397801399230957,success
040EA84A9C4C81,2,['Torre Lamberti'],Palazzo della Ragione,"['AMO', 'Museo Conte', 'Centro Fotografia', 'Sighseeing', 'Santa Anastasia']",Santa Anastasia,strategy_nearest,True,0.003329038619995117,success
040EAA429C4C80,3,"['Arena', 'Duomo']",Santa Anastasia,"['AMO', 'Museo Conte', 'Palazzo della Ragione', 'Teatro Romano', 'Centro Fotografia']",Casa Giulietta,strategy_nearest,False,0.002056121826171875,success
040EA74A9C4C81,0,['Arena'],Torre Lamberti,"['Sighseeing', 'Centro Fotografia', 'Museo Conte', 'Casa Giulietta', 'Palazzo della Ragione']",Casa Giulietta,strategy_nearest,True,0.0021822452545166016,success
040EAF3A9C4C80,2,['Duomo'],Castelvecchio,"['Museo Lapidario', 'Verona Tour', 'Arena', 'Museo Radio', 'San Zeno']",San Zeno,strategy_nearest,True,0.0014767646789550781,success
040EAD3A9C4C80,2,['Casa Giulietta'],Torre Lamberti,"['Sighseeing', 'Centro Fotografia', 'Museo Conte', 'Palazzo della Ragione', 'AMO']",Santa Anastasia,strategy_nearest,False,0.0021021366119384766,success
040EB3429C4C80,3,"['Teatro Romano', 'Duomo']",Santa Anastasia,"['AMO', 'Museo Conte', 'Palazzo della Ragione', 'Centro Fotografia', 'Torre Lamberti']",Arena,strategy_nearest,False,0.0027391910552978516,success
040EB9429C4C81,0,['Casa Giulietta'],Arena,"['Verona Tour', 'Museo Lapidario', 'Museo Radio', 'San Fermo', 'Sighseeing']",Tomba Giulietta,strategy_nearest,False,0.003248929977416992,success
040EBA429C4C80,3,['Duomo'],Santa Anastasia,"['AMO', 'Museo Conte', 'Palazzo della Ragione', 'Teatro Romano', 'Centro Fotografia']",Arena,strategy_nearest,False,0.0031099319458007812,success
040ECC3A9C4C81,0,['Arena'],Museo Lapidario,"['Verona Tour', 'Castelvecchio', 'Museo Radio', 'San Fermo', 'Casa Giulietta']",Casa Giulietta,strategy_nearest,True,0.0010941028594970703,success
040ED03A9C4C81,1,"['Arena', 'Casa Giulietta', 'Torre Lamberti']",Palazzo della Ragione,"['AMO', 'Museo Conte', 'Centro Fotografia', 'Sighseeing', 'Santa Anastasia']",Santa Anastasia,strategy_nearest,True,0.0032291412353515625,success
040EC0429C4C81,0,['Castelvecchio'],Arena,"['Verona Tour', 'Museo Lapidario', 'Museo Radio', 'San Fermo', 'Casa Giulietta']",Teatro Romano,strategy_nearest,False,0.0033941268920898438,success
040EDE429C4C81,3,"['Arena', 'Duomo']",Santa Anastasia,"['AMO', 'Museo Conte', 'Palazzo della Ragione', 'Teatro Romano', 'Centro Fotografia']",Casa Giulietta,strategy_nearest,False,0.002375364303588867,success
040EDF3A9C4C81,1,"['Casa Giulietta', 'Palazzo della Ragione', 'Torre Lamberti']",Teatro Romano,"['Santa Anastasia', 'Duomo', 'AMO', 'Museo Conte', 'Centro Fotografia']",Santa Anastasia,strategy_nearest,True,0.0029942989349365234,success
040EE83A9C4C81,3,"['Arena', 'Casa Giulietta', 'Torre Lamberti', 'Santa Anastasia']",Duomo,"['AMO', 'Museo Miniscalchi', 'Teatro Romano', 'Palazzo della Ragione', 'Museo Conte']",Teatro Romano,strategy_nearest,True,0.0027341842651367188,success
040EEC3A9C4C81,1,['Arena'],Casa Giulietta,"['Centro Fotografia', 'Sighseeing', 'Torre Lamberti', 'Museo Conte', 'Museo Radio']",Torre Lamberti,strategy_nearest,True,0.003353118896484375,success
040EFA3A9C4C81,0,['Casa Giulietta'],Arena,"['Verona Tour', 'Museo Lapidario', 'Museo Radio', 'San Fermo', 'Sighseeing']",Castelvecchio,strategy_nearest,False,0.0024919509887695312,success
040F3D3A9C4C81,2,"['Casa Giulietta', 'Santa Anastasia', 'Duomo', 'Teatro Romano']",Castelvecchio,"['Museo Lapidario', 'Verona Tour', 'Arena', 'Museo Radio', 'San Zeno']",San Zeno,strategy_nearest,True,0.0027761459350585938,success
040F36429C4C81,3,"['Teatro Romano', 'Duomo']",Santa Anastasia,"['AMO', 'Museo Conte', 'Palazzo della Ragione', 'Centro Fotografia', 'Torre Lamberti']",Casa Giulietta,strategy_nearest,False,0.002820253372192383,success
040F363A9C4C81,1,"['Arena', 'Casa Giulietta', 'Santa Anastasia']",Duomo,"['AMO', 'Museo Miniscalchi', 'Teatro Romano', 'Palazzo della Ragione', 'Museo Conte']",Torre Lamberti,strategy_nearest,False,0.003582000732421875,success
040F383A9C4C81,2,"['Casa Giulietta', 'Torre Lamberti']",Palazzo della Ragione,"['AMO', 'Museo Conte', 'Centro Fotografia', 'Sighseeing', 'Santa Anastasia']",Santa Anastasia,strategy_nearest,True,0.0032482147216796875,success
040F3F3A9C4C81,3,"['Arena', 'Duomo']",Santa Anastasia,"['AMO', 'Museo Conte', 'Palazzo della Ragione', 'Teatro Romano', 'Centro Fotografia']",San Fermo,strategy_nearest,False,0.0010170936584472656,success
040F45429C4C81,0,['Arena'],Castelvecchio,"['Museo Lapidario', 'Verona Tour', 'Museo Radio', 'San Zeno', 'Sighseeing']",Giardino Giusti,strategy_nearest,False,0.0026750564575195312,success
040F453A9C4C81,2,['Museo Lapidario'],Castelvecchio,"['Verona Tour', 'Arena', 'Museo Radio', 'San Zeno', 'Sighseeing']",Duomo,strategy_nearest,False,0.003350973129272461,success
040F40429C4C81,3,"['Santa Anastasia', 'Teatro Romano']",Tomba Giulietta,"['San Fermo', 'Museo Storia', 'Arena', 'Museo Lapidario', 'Museo Radio']",Arena,strategy_nearest,True,0.0021791458129882812,success
040F57429C4C81,1,"['Arena', 'Casa Giulietta']",Palazzo della Ragione,"['AMO', 'Museo Conte', 'Torre Lamberti', 'Centro Fotografia', 'Sighseeing']",Torre Lamberti,strategy_nearest,True,0.0031821727752685547,success
040F59429C4C81,1,"['Arena', 'Museo Lapidario', 'Casa Giulietta']",Torre Lamberti,"['Sighseeing', 'Centro Fotografia', 'Museo Conte', 'Palazzo della Ragione', 'AMO']",Palazzo della Ragione,strategy_nearest,True,0.0026712417602539062,success
040F673A9C4C81,1,"['Arena', 'Santa Anastasia']",Palazzo della Ragione,"['AMO', 'Museo Conte', 'Torre Lamberti', 'Centro Fotografia', 'Sighseeing']",Duomo,strategy_nearest,False,0.003206968307495117,success
040F64429C4C81,0,['Arena'],Torre Lamberti,"['Sighseeing', 'Centro Fotografia', 'Museo Conte', 'Casa Giulietta', 'Palazzo della Ragione']",Casa Giulietta,strategy_nearest,True,0.002529144287109375,success
040F7C4A9C4C81,0,['Arena'],San Fermo,"['Museo Storia', 'Museo Radio', 'Casa Giulietta', 'Centro Fotografia', 'Sighseeing']",Torre Lamberti,strategy_nearest,False,0.001959085464477539,success
040F72429C4C80,3,"['Arena', 'Torre Lamberti']",Santa Anastasia,"['AMO', 'Museo Conte', 'Palazzo della Ragione', 'Teatro Romano', 'Centro Fotografia']",Duomo,strategy_nearest,False,0.003361940383911133,success
040F683A9C4C81,2,['Santa Anastasia'],Casa Giulietta,"['Centro Fotografia', 'Sighseeing', 'Torre Lamberti', 'Museo Conte', 'Museo Radio']",Teatro Romano,strategy_nearest,False,0.0023059844970703125,success
040F7D4A9C4C80,3,"['Arena', 'Casa Giulietta']",Torre Lamberti,"['Sighseeing', 'Centro Fotografia', 'Museo Conte', 'Palazzo della Ragione', 'AMO']",Santa Anastasia,strategy_nearest,False,0.0032989978790283203,success
040F8B4A9C4C80,0,['Arena'],Casa Giulietta,"['Centro Fotografia', 'Sighseeing', 'Torre Lamberti', 'Museo Conte', 'Museo Radio']",Torre Lamberti,strategy_nearest,True,0.002662181854248047,success
040F8C429C4C81,3,"['Teatro Romano', 'Santa Anastasia']",Torre Lamberti,"['Sighseeing', 'Centro Fotografia', 'Museo Conte', 'Casa Giulietta', 'Palazzo della Ragione']",Arena,strategy_nearest,False,0.0020220279693603516,success
040F7E429C4C81,2,"['Casa Giulietta', 'San Zeno']",Castelvecchio,"['Museo Lapidario', 'Verona Tour', 'Arena', 'Museo Radio', 'Sighseeing']",Duomo,strategy_nearest,False,0.0022401809692382812,success
040F85429C4C80,3,"['Arena', 'San Fermo', 'Casa Giulietta']",Torre Lamberti,"['Sighseeing', 'Centro Fotografia', 'Museo Conte', 'Palazzo della Ragione', 'AMO']",Duomo,strategy_nearest,False,0.004019975662231445,success
040F8C4A9C4C81,1,"['Arena', 'Casa Giulietta']",Palazzo della Ragione,"['AMO', 'Museo Conte', 'Torre Lamberti', 'Centro Fotografia', 'Sighseeing']",Torre Lamberti,strategy_nearest,True,0.0020999908447265625,success
040F8C4A9C4C80,0,['Arena'],Casa Giulietta,"['Centro Fotografia', 'Sighseeing', 'Torre Lamberti', 'Museo Conte', 'Museo Radio']",Torre Lamberti,strategy_nearest,True,0.0020492076873779297,success
040F91429C4C80,3,"['Arena', 'Casa Giulietta']",Santa Anastasia,"['AMO', 'Museo Conte', 'Palazzo della Ragione', 'Teatro Romano', 'Centro Fotografia']",Duomo,strategy_nearest,False,0.0025348663330078125,success
040F8D4A9C4C81,1,"['Arena', 'Casa Giulietta', 'Torre Lamberti']",Palazzo della Ragione,"['AMO', 'Museo Conte', 'Centro Fotografia', 'Sighseeing', 'Santa Anastasia']",Castelvecchio,strategy_nearest,False,0.003335237503051758,success
040F92429C4C80,2,['Casa Giulietta'],Torre Lamberti,"['Sighseeing', 'Centro Fotografia', 'Museo Conte', 'Palazzo della Ragione', 'AMO']",Duomo,strategy_nearest,False,0.001644134521484375,success
040F954A9C4C81,0,['Arena'],Casa Giulietta,"['Centro Fotografia', 'Sighseeing', 'Torre Lamberti', 'Museo Conte', 'Museo Radio']",Castelvecchio,strategy_nearest,False,0.0026540756225585938,success
040F934A9C4C81,3,"['Arena', 'Museo Lapidario', 'San Fermo']",Giardino Giusti,"['Santa Anastasia', 'Teatro Romano', 'Museo Conte', 'Centro Fotografia', 'Museo Storia']",Teatro Romano,strategy_nearest,True,0.0034050941467285156,success
040F92429C4C81,2,['Torre Lamberti'],Casa Giulietta,"['Centro Fotografia', 'Sighseeing', 'Museo Conte', 'Museo Radio', 'Palazzo della Ragione']",Tomba Giulietta,strategy_nearest,False,0.002811908721923828,success
040F9C429C4C81,3,"['San Zeno', 'Castelvecchio']",Torre Lamberti,"['Sighseeing', 'Centro Fotografia', 'Museo Conte', 'Casa Giulietta', 'Palazzo della Ragione']",Casa Giulietta,strategy_nearest,True,0.0013072490692138672,success
040F99429C4C81,0,['Castelvecchio'],Arena,"['Verona Tour', 'Museo Lapidario', 'Museo Radio', 'San Fermo', 'Casa Giulietta']",San Fermo,strategy_nearest,True,0.0031490325927734375,success
040F984A9C4C81,3,"['Arena', 'Casa Giulietta']",Torre Lamberti,"['Sighseeing', 'Centro Fotografia', 'Museo Conte', 'Palazzo della Ragione', 'AMO']",Santa Anastasia,strategy_nearest,False,0.00379180908203125,success
040FA4429C4C80,2,['Santa Anastasia'],Torre Lamberti,"['Sighseeing', 'Centro Fotografia', 'Museo Conte', 'Casa Giulietta', 'Palazzo della Ragione']",San Zeno,strategy_nearest,False,0.003246784210205078,success
040FA8429C4C81,1,"['Arena', 'Casa Giulietta']",Torre Lamberti,"['Sighseeing', 'Centro Fotografia', 'Museo Conte', 'Palazzo della Ragione', 'AMO']",Palazzo della Ragione,strategy_nearest,True,0.0018420219421386719,success
040FA94A9C4C80,3,['Arena'],Casa Giulietta,"['Centro Fotografia', 'Sighseeing', 'Torre Lamberti', 'Museo Conte', 'Museo Radio']",Santa Anastasia,strategy_nearest,False,0.0024690628051757812,success
040FA94A9C4C81,0,['Casa Giulietta'],Arena,"['Verona Tour', 'Museo Lapidario', 'Museo Radio', 'San Fermo', 'Sighseeing']",Castelvecchio,strategy_nearest,False,0.002747058868408203,success
040FAB3A9C4C80,1,"['Arena', 'Casa Giulietta']",Palazzo della Ragione,"['AMO', 'Museo Conte', 'Torre Lamberti', 'Centro Fotografia', 'Sighseeing']",Duomo,strategy_nearest,False,0.003034830093383789,success
040FAC429C4C81,0,['Casa Giulietta'],Arena,"['Verona Tour', 'Museo Lapidario', 'Museo Radio', 'San Fermo', 'Sighseeing']",Tomba Giulietta,strategy_nearest,False,0.0038950443267822266,success
040FAC3A9C4C81,3,"['Arena', 'Casa Giulietta']",Santa Anastasia,"['AMO', 'Museo Conte', 'Palazzo della Ragione', 'Teatro Romano', 'Centro Fotografia']",Duomo,strategy_nearest,False,0.00356292724609375,success
040FB33A9C4C81,0,['Palazzo della Ragione'],Casa Giulietta,"['Centro Fotografia', 'Sighseeing', 'Torre Lamberti', 'Museo Conte', 'Museo Radio']",Arena,strategy_nearest,False,0.0018429756164550781,success
040FAD429C4C80,0,"['Duomo', 'Giardino Giusti']",Castelvecchio,"['Museo Lapidario', 'Verona Tour', 'Arena', 'Museo Radio', 'San Zeno']",Arena,strategy_nearest,True,0.003324270248413086,success
040FB6429C4C80,3,"['Arena', 'Casa Giulietta', 'Torre Lamberti']",Santa Anastasia,"['AMO', 'Museo Conte', 'Palazzo della Ragione', 'Teatro Romano', 'Centro Fotografia']",Castelvecchio,strategy_nearest,False,0.0019218921661376953,success
040FB83A9C4C81,2,"['Casa Giulietta', 'Palazzo della Ragione']",Torre Lamberti,"['Sighseeing', 'Centro Fotografia', 'Museo Conte', 'AMO', 'Museo Miniscalchi']",Santa Anastasia,strategy_nearest,False,0.0024149417877197266,success
040FB73A9C4C80,0,['Castelvecchio'],Arena,"['Verona Tour', 'Museo Lapidario', 'Museo Radio', 'San Fermo', 'Casa Giulietta']",Teatro Romano,strategy_nearest,False,0.0032241344451904297,success
040FBA3A9C4C80,0,['Arena'],Casa Giulietta,"['Centro Fotografia', 'Sighseeing', 'Torre Lamberti', 'Museo Conte', 'Museo Radio']",Torre Lamberti,strategy_nearest,True,0.00220489501953125,success
040FBB3A9C4C81,1,"['Arena', 'Casa Giulietta']",Torre Lamberti,"['Sighseeing', 'Centro Fotografia', 'Museo Conte', 'Palazzo della Ragione', 'AMO']",Palazzo della Ragione,strategy_nearest,True,0.0025169849395751953,success
040FBB3A9C4C80,1,['Arena'],Casa Giulietta,"['Centro Fotografia', 'Sighseeing', 'Torre Lamberti', 'Museo Conte', 'Museo Radio']",Torre Lamberti,strategy_nearest,True,0.0025861263275146484,success
040FBB429C4C80,0,['Arena'],Casa Giulietta,"['Centro Fotografia', 'Sighseeing', 'Torre Lamberti', 'Museo Conte', 'Museo Radio']",Teatro Romano,strategy_nearest,False,0.003802776336669922,success
040FC0429C4C81,3,['Arena'],Santa Anastasia,"['AMO', 'Museo Conte', 'Palazzo della Ragione', 'Teatro Romano', 'Centro Fotografia']",Duomo,strategy_nearest,False,0.0020661354064941406,success
040FC23A9C4C81,3,"['Arena', 'Torre Lamberti']",Casa Giulietta,"['Centro Fotografia', 'Sighseeing', 'Museo Conte', 'Museo Radio', 'Palazzo della Ragione']",Santa Anastasia,strategy_nearest,False,0.002390146255493164,success
040FBD429C4C80,1,"['Arena', 'San Fermo']",Casa Giulietta,"['Centro Fotografia', 'Sighseeing', 'Torre Lamberti', 'Museo Conte', 'Museo Radio']",Palazzo della Ragione,strategy_nearest,False,0.004503011703491211,success
040FD33A9C4C81,3,"['Duomo', 'Torre Lamberti']",San Fermo,"['Museo Storia', 'Museo Radio', 'Casa Giulietta', 'Centro Fotografia', 'Arena']",Arena,strategy_nearest,True,0.0028269290924072266,success
040FCA3A9C4C81,2,"['Casa Giulietta', 'Santa Anastasia', 'Torre Lamberti']",Duomo,"['AMO', 'Museo Miniscalchi', 'Teatro Romano', 'Palazzo della Ragione', 'Museo Conte']",Castelvecchio,strategy_nearest,False,0.0027740001678466797,success
040FD43A9C4C81,2,"['Santa Anastasia', 'Castelvecchio']",San Zeno,"['Verona Tour', 'Museo Lapidario', 'Arena', 'Museo Miniscalchi', 'Sighseeing']",Torre Lamberti,strategy_nearest,False,0.0035157203674316406,success
040FE33A9C4C81,0,"['Teatro Romano', 'Arena']",Museo Lapidario,"['Verona Tour', 'Castelvecchio', 'Museo Radio', 'San Fermo', 'Casa Giulietta']",Castelvecchio,strategy_nearest,True,0.0021393299102783203,success
040FDF429C4C81,2,"['Casa Giulietta', 'Torre Lamberti']",Tomba Giulietta,"['San Fermo', 'Museo Storia', 'Arena', 'Museo Lapidario', 'Museo Radio']",Teatro Romano,strategy_nearest,False,0.002792835235595703,success
040FD73A9C4C81,0,['Casa Giulietta'],Torre Lamberti,"['Sighseeing', 'Centro Fotografia', 'Museo Conte', 'Palazzo della Ragione', 'AMO']",Arena,strategy_nearest,False,0.003425121307373047,success
040FF7429C4C81,0,['Arena'],Castelvecchio,"['Museo Lapidario', 'Verona Tour', 'Museo Radio', 'San Zeno', 'Sighseeing']",Teatro Romano,strategy_nearest,False,0.0014767646789550781,success
04103E429C4C81,0,['Arena'],Museo Lapidario,"['Verona Tour', 'Castelvecchio', 'Museo Radio', 'San Fermo', 'Casa Giulietta']",Castelvecchio,strategy_nearest,True,0.0022041797637939453,success
04104C429C4C81,0,['Arena'],San Fermo,"['Museo Storia', 'Museo Radio', 'Casa Giulietta', 'Centro Fotografia', 'Sighseeing']",Casa Giulietta,strategy_nearest,True,0.0015728473663330078,success
0410364A9C4C81,3,"['Museo Lapidario', 'Torre Lamberti', 'Casa Giulietta']",Duomo,"['AMO', 'Museo Miniscalchi', 'Santa Anastasia', 'Teatro Romano', 'Palazzo della Ragione']",Santa Anastasia,strategy_nearest,True,0.003000020980834961,success
041050429C4C81,3,"['Arena', 'Casa Giulietta']",Santa Anastasia,"['AMO', 'Museo Conte', 'Palazzo della Ragione', 'Teatro Romano', 'Centro Fotografia']",Duomo,strategy_nearest,False,0.003348827362060547,success
0410523A9C4C81,0,"['Castelvecchio', 'Arena']",Casa Giulietta,"['Centro Fotografia', 'Sighseeing', 'Torre Lamberti', 'Museo Conte', 'Museo Radio']",Torre Lamberti,strategy_nearest,True,0.0016829967498779297,success
041059429C4C81,3,"['Arena', 'Casa Giulietta']",Santa Anastasia,"['AMO', 'Museo Conte', 'Palazzo della Ragione', 'Teatro Romano', 'Centro Fotografia']",Teatro Romano,strategy_nearest,True,0.002052783966064453,success
041063429C4C81,3,"['Santa Anastasia', 'Duomo']",Torre Lamberti,"['Sighseeing', 'Centro Fotografia', 'Museo Conte', 'Casa Giulietta', 'Palazzo della Ragione']",Arena,strategy_nearest,False,0.0025959014892578125,success
04105F429C4C81,3,['San Zeno'],Castelvecchio,"['Museo Lapidario', 'Verona Tour', 'Arena', 'Museo Radio', 'Sighseeing']",Arena,strategy_nearest,True,0.0033881664276123047,success
041065429C4C81,0,['Arena'],Castelvecchio,"['Museo Lapidario', 'Verona Tour', 'Museo Radio', 'San Zeno', 'Sighseeing']",Casa Giulietta,strategy_nearest,False,0.0021839141845703125,success
0410673A9C4C81,3,"['Arena', 'Santa Anastasia', 'Casa Giulietta']",San Fermo,"['Museo Storia', 'Museo Radio', 'Centro Fotografia', 'Sighseeing', 'Torre Lamberti']",Museo Lapidario,strategy_nearest,False,0.0028960704803466797,success
04106D3A9C4C80,3,"['Santa Anastasia', 'Duomo', 'Torre Lamberti']",Casa Giulietta,"['Centro Fotografia', 'Sighseeing', 'Museo Conte', 'Museo Radio', 'Palazzo della Ragione']",Arena,strategy_nearest,False,0.0027790069580078125,success
04106C3A9C4C80,3,"['Arena', 'Casa Giulietta', 'Torre Lamberti']",Santa Anastasia,"['AMO', 'Museo Conte', 'Palazzo della Ragione', 'Teatro Romano', 'Centro Fotografia']",Duomo,strategy_nearest,False,0.003319978713989258,success
04106F429C4C80,1,"['Palazzo della Ragione', 'Torre Lamberti', 'Arena']",Castelvecchio,"['Museo Lapidario', 'Verona Tour', 'Museo Radio', 'San Zeno', 'Sighseeing']",San Zeno,strategy_nearest,True,0.002680063247680664,success
041070429C4C81,3,['Arena'],Torre Lamberti,"['Sighseeing', 'Centro Fotografia', 'Museo Conte', 'Casa Giulietta', 'Palazzo della Ragione']",Santa Anastasia,strategy_nearest,False,0.0030846595764160156,success
041072429C4C81,3,['Torre Lamberti'],Casa Giulietta,"['Centro Fotografia', 'Sighseeing', 'Museo Conte', 'Museo Radio', 'Palazzo della Ragione']",Arena,strategy_nearest,False,0.0027990341186523438,success
04107D429C4C80,0,['Arena'],Casa Giulietta,"['Centro Fotografia', 'Sighseeing', 'Torre Lamberti', 'Museo Conte', 'Museo Radio']",Teatro Romano,strategy_nearest,False,0.0019979476928710938,success
0410773A9C4C80,0,['Arena'],Castelvecchio,"['Museo Lapidario', 'Verona Tour', 'Museo Radio', 'San Zeno', 'Sighseeing']",San Fermo,strategy_nearest,False,0.0034699440002441406,success
0410713A9C4C81,2,"['Casa Giulietta', 'San Fermo']",Torre Lamberti,"['Sighseeing', 'Centro Fotografia', 'Museo Conte', 'Palazzo della Ragione', 'AMO']",Palazzo della Ragione,strategy_nearest,True,0.001641988754272461,success
0410834A9C4C81,0,['Arena'],Duomo,"['AMO', 'Museo Miniscalchi', 'Santa Anastasia', 'Teatro Romano', 'Palazzo della Ragione']",Castelvecchio,strategy_nearest,False,0.002635955810546875,success
041083429C4C80,1,"['Arena', 'Casa Giulietta', 'Torre Lamberti']",Palazzo della Ragione,"['AMO', 'Museo Conte', 'Centro Fotografia', 'Sighseeing', 'Santa Anastasia']",Santa Anastasia,strategy_nearest,True,0.0033249855041503906,success
0410833A9C4C80,0,['Arena'],Casa Giulietta,"['Centro Fotografia', 'Sighseeing', 'Torre Lamberti', 'Museo Conte', 'Museo Radio']",Castelvecchio,strategy_nearest,False,0.0021660327911376953,success
04107E429C4C81,0,"['Castelvecchio', 'Casa Giulietta']",Arena,"['Verona Tour', 'Museo Lapidario', 'Museo Radio', 'San Fermo', 'Sighseeing']",Torre Lamberti,strategy_nearest,False,0.0028090476989746094,success
0410874A9C4C81,0,['Arena'],Teatro Romano,"['Santa Anastasia', 'Duomo', 'AMO', 'Palazzo della Ragione', 'Museo Conte']",Casa Giulietta,strategy_nearest,False,0.0027611255645751953,success
0410863A9C4C80,3,"['Arena', 'Santa Anastasia']",Teatro Romano,"['Duomo', 'AMO', 'Palazzo della Ragione', 'Museo Conte', 'Centro Fotografia']",San Zeno,strategy_nearest,False,0.0014100074768066406,success
04108B4A9C4C81,1,['Arena'],Museo Lapidario,"['Verona Tour', 'Castelvecchio', 'Museo Radio', 'San Fermo', 'Casa Giulietta']",Casa Giulietta,strategy_nearest,True,0.003220081329345703,success
041084429C4C80,3,['Duomo'],Santa Anastasia,"['AMO', 'Museo Conte', 'Palazzo della Ragione', 'Teatro Romano', 'Centro Fotografia']",Casa Giulietta,strategy_nearest,False,0.002805948257446289,success
04108C4A9C4C81,3,"['Arena', 'Casa Giulietta']",Torre Lamberti,"['Sighseeing', 'Centro Fotografia', 'Museo Conte', 'Palazzo della Ragione', 'AMO']",Santa Anastasia,strategy_nearest,False,0.0013370513916015625,success
04108C4A9C4C80,1,['Arena'],Casa Giulietta,"['Centro Fotografia', 'Sighseeing', 'Torre Lamberti', 'Museo Conte', 'Museo Radio']",Palazzo della Ragione,strategy_nearest,False,0.0026192665100097656,success
04108F4A9C4C81,1,"['Arena', 'Casa Giulietta']",Torre Lamberti,"['Sighseeing', 'Centro Fotografia', 'Museo Conte', 'Palazzo della Ragione', 'AMO']",Palazzo della Ragione,strategy_nearest,True,0.00255584716796875,success
041096429C4C80,3,"['Arena', 'Torre Lamberti']",Santa Anastasia,"['AMO', 'Museo Conte', 'Palazzo della Ragione', 'Teatro Romano', 'Centro Fotografia']",Duomo,strategy_nearest,False,0.00191497802734375,success
0410954A9C4C80,3,"['Arena', 'Torre Lamberti']",Santa Anastasia,"['AMO', 'Museo Conte', 'Palazzo della Ragione', 'Teatro Romano', 'Centro Fotografia']",Duomo,strategy_nearest,False,0.0033578872680664062,success
041091429C4C81,0,['Museo Lapidario'],Casa Giulietta,"['Centro Fotografia', 'Sighseeing', 'Torre Lamberti', 'Museo Conte', 'Museo Radio']",Arena,strategy_nearest,False,0.003881216049194336,success
04109B429C4C81,2,['Casa Giulietta'],Torre Lamberti,"['Sighseeing', 'Centro Fotografia', 'Museo Conte', 'Palazzo della Ragione', 'AMO']",San Fermo,strategy_nearest,False,0.003236055374145508,success
04109C429C4C80,0,['Arena'],Torre Lamberti,"['Sighseeing', 'Centro Fotografia', 'Museo Conte', 'Casa Giulietta', 'Palazzo della Ragione']",Teatro Romano,strategy_nearest,False,0.0023937225341796875,success
04109D429C4C81,0,['Arena'],Torre Lamberti,"['Sighseeing', 'Centro Fotografia', 'Museo Conte', 'Casa Giulietta', 'Palazzo della Ragione']",Teatro Romano,strategy_nearest,False,0.0024039745330810547,success
0410A1429C4C80,0,['Arena'],Castelvecchio,"['Museo Lapidario', 'Verona Tour', 'Museo Radio', 'San Zeno', 'Sighseeing']",Casa Giulietta,strategy_nearest,False,0.0031659603118896484,success
0410A3429C4C80,1,['Arena'],Casa Giulietta,"['Centro Fotografia', 'Sighseeing', 'Torre Lamberti', 'Museo Conte', 'Museo Radio']",Torre Lamberti,strategy_nearest,True,0.002530813217163086,success
0410A34A9C4C81,0,['Arena'],Casa Giulietta,"['Centro Fotografia', 'Sighseeing', 'Torre Lamberti', 'Museo Conte', 'Museo Radio']",Torre Lamberti,strategy_nearest,True,0.0024819374084472656,success
0410A53A9C4C81,2,['Castelvecchio'],Casa Giulietta,"['Centro Fotografia', 'Sighseeing', 'Torre Lamberti', 'Museo Conte', 'Museo Radio']",Santa Anastasia,strategy_nearest,False,0.002227783203125,success
0410AA4A9C4C80,0,"['Teatro Romano', 'Torre Lamberti']",Casa Giulietta,"['Centro Fotografia', 'Sighseeing', 'Museo Conte', 'Museo Radio', 'Palazzo della Ragione']",Arena,strategy_nearest,False,0.0025169849395751953,success
0410A83A9C4C81,2,['Museo Lapidario'],Torre Lamberti,"['Sighseeing', 'Centro Fotografia', 'Museo Conte', 'Casa Giulietta', 'Palazzo della Ragione']",Palazzo della Ragione,strategy_nearest,True,0.0038619041442871094,success
0410B2429C4C81,2,['Teatro Romano'],Castelvecchio,"['Museo Lapidario', 'Verona Tour', 'Arena', 'Museo Radio', 'San Zeno']",Casa Giulietta,strategy_nearest,False,0.003282785415649414,success
0410B6429C4C81,3,['Santa Anastasia'],Santa Anastasia,"['AMO', 'Museo Conte', 'Palazzo della Ragione', 'Teatro Romano', 'Centro Fotografia']",Casa Giulietta,strategy_nearest,False,0.002646923065185547,success
0410B73A9C4C80,0,['San Zeno'],Castelvecchio,"['Museo Lapidario', 'Verona Tour', 'Arena', 'Museo Radio', 'Sighseeing']",Arena,strategy_nearest,True,0.0030829906463623047,success
0410B13A9C4C81,3,"['Arena', 'Torre Lamberti']",Casa Giulietta,"['Centro Fotografia', 'Sighseeing', 'Museo Conte', 'Museo Radio', 'Palazzo della Ragione']",Teatro Romano,strategy_nearest,False,0.0036020278930664062,success
0410B93A9C4C81,3,"['Arena', 'San Fermo']",Casa Giulietta,"['Centro Fotografia', 'Sighseeing', 'Torre Lamberti', 'Museo Conte', 'Museo Radio']",Torre Lamberti,strategy_nearest,True,0.0015811920166015625,success
0410BA3A9C4C81,3,"['Arena', 'Casa Giulietta']",Torre Lamberti,"['Sighseeing', 'Centro Fotografia', 'Museo Conte', 'Palazzo della Ragione', 'AMO']",Santa Anastasia,strategy_nearest,False,0.003271818161010742,success
0410BA3A9C4C80,1,"['Teatro Romano', 'Santa Anastasia', 'Casa Giulietta']",Arena,"['Verona Tour', 'Museo Lapidario', 'Museo Radio', 'San Fermo', 'Sighseeing']",Torre Lamberti,strategy_nearest,False,0.0021209716796875,success
0410B9429C4C81,1,"['Arena', 'Casa Giulietta']",Torre Lamberti,"['Sighseeing', 'Centro Fotografia', 'Museo Conte', 'Palazzo della Ragione', 'AMO']",Palazzo della Ragione,strategy_nearest,True,0.0027298927307128906,success
0410BB429C4C81,3,"['Santa Anastasia', 'Torre Lamberti']",San Fermo,"['Museo Storia', 'Museo Radio', 'Casa Giulietta', 'Centro Fotografia', 'Arena']",Arena,strategy_nearest,True,0.0021331310272216797,success
0410C53A9C4C81,0,"['Castelvecchio', 'Arena']",Casa Giulietta,"['Centro Fotografia', 'Sighseeing', 'Torre Lamberti', 'Museo Conte', 'Museo Radio']",Teatro Romano,strategy_nearest,False,0.0032739639282226562,success
0410BB3A9C4C81,1,"['Arena', 'Casa Giulietta']",Torre Lamberti,"['Sighseeing', 'Centro Fotografia', 'Museo Conte', 'Palazzo della Ragione', 'AMO']",Palazzo della Ragione,strategy_nearest,True,0.0027818679809570312,success
0410C63A9C4C81,3,"['Duomo', 'Arena']",Casa Giulietta,"['Centro Fotografia', 'Sighseeing', 'Torre Lamberti', 'Museo Conte', 'Museo Radio']",Santa Anastasia,strategy_nearest,False,0.0014090538024902344,success
0410C9429C4C81,3,['Casa Giulietta'],Torre Lamberti,"['Sighseeing', 'Centro Fotografia', 'Museo Conte', 'Palazzo della Ragione', 'AMO']",Santa Anastasia,strategy_nearest,False,0.0012958049774169922,success
0410C8429C4C80,2,['San Zeno'],Castelvecchio,"['Museo Lapidario', 'Verona Tour', 'Arena', 'Museo Radio', 'Sighseeing']",Duomo,strategy_nearest,False,0.002052783966064453,success
0410CC3A9C4C80,2,"['Palazzo della Ragione', 'Torre Lamberti']",Santa Anastasia,"['AMO', 'Museo Conte', 'Teatro Romano', 'Centro Fotografia', 'Duomo']",Casa Giulietta,strategy_nearest,False,0.0032401084899902344,success
0410C73A9C4C81,0,['Arena'],Castelvecchio,"['Museo Lapidario', 'Verona Tour', 'Museo Radio', 'San Zeno', 'Sighseeing']",Casa Giulietta,strategy_nearest,False,0.003907203674316406,success
0410CD429C4C81,2,['Torre Lamberti'],Teatro Romano,"['Santa Anastasia', 'Duomo', 'AMO', 'Palazzo della Ragione', 'Museo Conte']",Castelvecchio,strategy_nearest,False,0.002022981643676758,success
0410D03A9C4C80,0,['Arena'],Torre Lamberti,"['Sighseeing', 'Centro Fotografia', 'Museo Conte', 'Casa Giulietta', 'Palazzo della Ragione']",Teatro Romano,strategy_nearest,False,0.0018639564514160156,success
0410CE3A9C4C81,1,"['Museo Lapidario', 'Arena', 'San Fermo']",Casa Giulietta,"['Centro Fotografia', 'Sighseeing', 'Torre Lamberti', 'Museo Conte', 'Museo Radio']",Palazzo della Ragione,strategy_nearest,False,0.0034341812133789062,success
0410D03A9C4C81,3,"['Arena', 'Tomba Giulietta', 'Casa Giulietta']",San Fermo,"['Museo Storia', 'Museo Radio', 'Centro Fotografia', 'Sighseeing', 'Torre Lamberti']",Teatro Romano,strategy_nearest,False,0.0032341480255126953,success
0410E23A9C4C81,1,"['Arena', 'Casa Giulietta', 'Torre Lamberti']",Palazzo della Ragione,"['AMO', 'Museo Conte', 'Centro Fotografia', 'Sighseeing', 'Santa Anastasia']",Duomo,strategy_nearest,False,0.0022401809692382812,success
0410E93A9C4C81,0,"['Castelvecchio', 'Arena']",Casa Giulietta,"['Centro Fotografia', 'Sighseeing', 'Torre Lamberti', 'Museo Conte', 'Museo Radio']",Teatro Romano,strategy_nearest,False,0.0026950836181640625,success
0411003A9C4C85,1,"['Arena', 'Palazzo della Ragione']",Torre Lamberti,"['Sighseeing', 'Centro Fotografia', 'Museo Conte', 'Casa Giulietta', 'AMO']",Santa Anastasia,strategy_nearest,False,0.002650022506713867,success
0411013A9C4C85,1,"['Arena', 'Castelvecchio']",Casa Giulietta,"['Centro Fotografia', 'Sighseeing', 'Torre Lamberti', 'Museo Conte', 'Museo Radio']",Torre Lamberti,strategy_nearest,True,0.0032968521118164062,success
0411383A9C4C81,0,['Arena'],Castelvecchio,"['Museo Lapidario', 'Verona Tour', 'Museo Radio', 'San Zeno', 'Sighseeing']",Casa Giulietta,strategy_nearest,False,0.002986907958984375,success
04113F3A9C4C81,1,"['Arena', 'Torre Lamberti', 'Palazzo della Ragione']",Santa Anastasia,"['AMO', 'Museo Conte', 'Teatro Romano', 'Centro Fotografia', 'Duomo']",Casa Giulietta,strategy_nearest,False,0.002705812454223633,success
041158429C4C81,0,['Arena'],Torre Lamberti,"['Sighseeing', 'Centro Fotografia', 'Museo Conte', 'Casa Giulietta', 'Palazzo della Ragione']",Casa Giulietta,strategy_nearest,True,0.003242015838623047,success
04115B3A9C4C81,1,"['Arena', 'Castelvecchio']",San Zeno,"['Verona Tour', 'Museo Lapidario', 'Museo Miniscalchi', 'Sighseeing', 'Museo Radio']",Santa Anastasia,strategy_nearest,False,0.002650022506713867,success
041163429C4C81,0,['Arena'],Casa Giulietta,"['Centro Fotografia', 'Sighseeing', 'Torre Lamberti', 'Museo Conte', 'Museo Radio']",Torre Lamberti,strategy_nearest,True,0.002585172653198242,success
041167429C4C80,3,"['Castelvecchio', 'Arena']",Casa Giulietta,"['Centro Fotografia', 'Sighseeing', 'Torre Lamberti', 'Museo Conte', 'Museo Radio']",Torre Lamberti,strategy_nearest,True,0.0040340423583984375,success
041167429C4C81,2,['Castelvecchio'],Casa Giulietta,"['Centro Fotografia', 'Sighseeing', 'Torre Lamberti', 'Museo Conte', 'Museo Radio']",Torre Lamberti,strategy_nearest,True,0.0019359588623046875,success
04116C429C4C81,0,['Torre Lamberti'],Teatro Romano,"['Santa Anastasia', 'Duomo', 'AMO', 'Palazzo della Ragione', 'Museo Conte']",Arena,strategy_nearest,False,0.0032939910888671875,success
04116F429C4C81,3,['San Fermo'],Santa Anastasia,"['AMO', 'Museo Conte', 'Palazzo della Ragione', 'Teatro Romano', 'Centro Fotografia']",Arena,strategy_nearest,False,0.0022580623626708984,success
041176429C4C81,3,"['Museo Lapidario', 'Arena', 'Casa Giulietta']",Teatro Romano,"['Santa Anastasia', 'Duomo', 'AMO', 'Palazzo della Ragione', 'Museo Conte']",Santa Anastasia,strategy_nearest,True,0.0025620460510253906,success
041176429C4C80,0,['Arena'],Museo Lapidario,"['Verona Tour', 'Castelvecchio', 'Museo Radio', 'San Fermo', 'Casa Giulietta']",Santa Anastasia,strategy_nearest,False,0.0027399063110351562,success
0411783A9C4C80,0,['Tomba Giulietta'],Arena,"['Verona Tour', 'Museo Lapidario', 'Museo Radio', 'San Fermo', 'Casa Giulietta']",Casa Giulietta,strategy_nearest,True,0.0030701160430908203,success
04117D429C4C80,0,['Arena'],Torre Lamberti,"['Sighseeing', 'Centro Fotografia', 'Museo Conte', 'Casa Giulietta', 'Palazzo della Ragione']",Casa Giulietta,strategy_nearest,True,0.0035021305084228516,success
0411864A9C4C80,3,['Arena'],Torre Lamberti,"['Sighseeing', 'Centro Fotografia', 'Museo Conte', 'Casa Giulietta', 'Palazzo della Ragione']",Santa Anastasia,strategy_nearest,False,0.0028820037841796875,success
041185429C4C80,3,"['Castelvecchio', 'Arena', 'Casa Giulietta']",Torre Lamberti,"['Sighseeing', 'Centro Fotografia', 'Museo Conte', 'Palazzo della Ragione', 'AMO']",Santa Anastasia,strategy_nearest,False,0.0016109943389892578,success
0411874A9C4C80,0,['Arena'],Casa Giulietta,"['Centro Fotografia', 'Sighseeing', 'Torre Lamberti', 'Museo Conte', 'Museo Radio']",Teatro Romano,strategy_nearest,False,0.0033698081970214844,success
04118A4A9C4C81,0,['Arena'],Casa Giulietta,"['Centro Fotografia', 'Sighseeing', 'Torre Lamberti', 'Museo Conte', 'Museo Radio']",San Zeno,strategy_nearest,False,0.0032029151916503906,success
04118C4A9C4C80,1,['Arena'],Casa Giulietta,"['Centro Fotografia', 'Sighseeing', 'Torre Lamberti', 'Museo Conte', 'Museo Radio']",Palazzo della Ragione,strategy_nearest,False,0.0018045902252197266,success
04118B3A9C4C81,1,"['Arena', 'Torre Lamberti', 'Palazzo della Ragione']",Casa Giulietta,"['Centro Fotografia', 'Sighseeing', 'Museo Conte', 'Museo Radio', 'San Fermo']",Teatro Romano,strategy_nearest,False,0.0019910335540771484,success
04118C4A9C4C81,3,['Arena'],Torre Lamberti,"['Sighseeing', 'Centro Fotografia', 'Museo Conte', 'Casa Giulietta', 'Palazzo della Ragione']",Teatro Romano,strategy_nearest,False,0.003361940383911133,success
04118F4A9C4C81,1,"['Arena', 'Museo Lapidario', 'Castelvecchio']",Casa Giulietta,"['Centro Fotografia', 'Sighseeing', 'Torre Lamberti', 'Museo Conte', 'Museo Radio']",Torre Lamberti,strategy_nearest,True,0.002054929733276367,success
0411914A9C4C80,0,['Arena'],San Fermo,"['Museo Storia', 'Museo Radio', 'Casa Giulietta', 'Centro Fotografia', 'Sighseeing']",Casa Giulietta,strategy_nearest,True,0.002480030059814453,success
041190429C4C80,1,['Arena'],Casa Giulietta,"['Centro Fotografia', 'Sighseeing', 'Torre Lamberti', 'Museo Conte', 'Museo Radio']",Palazzo della Ragione,strategy_nearest,False,0.003376007080078125,success
041192429C4C81,2,['Torre Lamberti'],Casa Giulietta,"['Centro Fotografia', 'Sighseeing', 'Museo Conte', 'Museo Radio', 'Palazzo della Ragione']",San Fermo,strategy_nearest,False,0.0027298927307128906,success
0411934A9C4C81,2,"['Casa Giulietta', 'Santa Anastasia', 'Castelvecchio']",Duomo,"['AMO', 'Museo Miniscalchi', 'Teatro Romano', 'Palazzo della Ragione', 'Museo Conte']",Santa Anastasia,strategy_nearest,False,0.0033299922943115234,success
041194429C4C81,0,"['Castelvecchio', 'Arena']",Casa Giulietta,"['Centro Fotografia', 'Sighseeing', 'Torre Lamberti', 'Museo Conte', 'Museo Radio']",Torre Lamberti,strategy_nearest,True,0.0018486976623535156,success
041194429C4C80,1,"['Arena', 'Casa Giulietta']",Palazzo della Ragione,"['AMO', 'Museo Conte', 'Torre Lamberti', 'Centro Fotografia', 'Sighseeing']",Santa Anastasia,strategy_nearest,False,0.0013959407806396484,success
0411954A9C4C81,0,['Arena'],Casa Giulietta,"['Centro Fotografia', 'Sighseeing', 'Torre Lamberti', 'Museo Conte', 'Museo Radio']",Tomba Giulietta,strategy_nearest,False,0.003343820571899414,success
041196429C4C81,3,"['Arena', 'Castelvecchio']",Torre Lamberti,"['Sighseeing', 'Centro Fotografia', 'Museo Conte', 'Casa Giulietta', 'Palazzo della Ragione']",Duomo,strategy_nearest,False,0.002496957778930664,success
041197429C4C81,3,['Arena'],Santa Anastasia,"['AMO', 'Museo Conte', 'Palazzo della Ragione', 'Teatro Romano', 'Centro Fotografia']",Duomo,strategy_nearest,False,0.001825094223022461,success
0411974A9C4C81,3,['Arena'],Casa Giulietta,"['Centro Fotografia', 'Sighseeing', 'Torre Lamberti', 'Museo Conte', 'Museo Radio']",Santa Anastasia,strategy_nearest,False,0.0028579235076904297,success
041199429C4C80,3,"['Arena', 'Torre Lamberti', 'Santa Anastasia']",Casa Giulietta,"['Centro Fotografia', 'Sighseeing', 'Museo Conte', 'Museo Radio', 'Palazzo della Ragione']",San Fermo,strategy_nearest,False,0.003008127212524414,success
04119B429C4C81,3,['San Fermo'],Casa Giulietta,"['Centro Fotografia', 'Sighseeing', 'Torre Lamberti', 'Museo Conte', 'Museo Radio']",Santa Anastasia,strategy_nearest,False,0.002553701400756836,success
041199429C4C81,1,"['Arena', 'Casa Giulietta', 'Palazzo della Ragione']",Torre Lamberti,"['Sighseeing', 'Centro Fotografia', 'Museo Conte', 'AMO', 'Museo Miniscalchi']",Castelvecchio,strategy_nearest,False,0.0035490989685058594,success
0411A24A9C4C80,6,"['Arena', 'Casa Giulietta', 'Santa Anastasia']",Duomo,"['AMO', 'Museo Miniscalchi', 'Teatro Romano', 'Palazzo della Ragione', 'Museo Conte']",Castelvecchio,strategy_nearest,False,0.0024161338806152344,success
04119E429C4C81,3,"['Arena', 'Casa Giulietta']",Santa Anastasia,"['AMO', 'Museo Conte', 'Palazzo della Ragione', 'Teatro Romano', 'Centro Fotografia']",Teatro Romano,strategy_nearest,True,0.0033960342407226562,success
0411A5429C4C81,1,"['Museo Lapidario', 'Arena', 'Torre Lamberti', 'Palazzo della Ragione']",Casa Giulietta,"['Centro Fotografia', 'Sighseeing', 'Museo Conte', 'Museo Radio', 'San Fermo']",Santa Anastasia,strategy_nearest,False,0.0030689239501953125,success
0411A3429C4C81,3,"['Arena', 'San Fermo']",Casa Giulietta,"['Centro Fotografia', 'Sighseeing', 'Torre Lamberti', 'Museo Conte', 'Museo Radio']",Santa Anastasia,strategy_nearest,False,0.0026121139526367188,success
0411A63A9C4C80,2,['Casa Giulietta'],Palazzo della Ragione,"['AMO', 'Museo Conte', 'Torre Lamberti', 'Centro Fotografia', 'Sighseeing']",Castelvecchio,strategy_nearest,False,0.0030989646911621094,success
0411AA4A9C4C80,2,['Teatro Romano'],Torre Lamberti,"['Sighseeing', 'Centro Fotografia', 'Museo Conte', 'Casa Giulietta', 'Palazzo della Ragione']",Palazzo della Ragione,strategy_nearest,True,0.003031015396118164,success
0411AB4A9C4C81,0,['Arena'],Casa Giulietta,"['Centro Fotografia', 'Sighseeing', 'Torre Lamberti', 'Museo Conte', 'Museo Radio']",San Fermo,strategy_nearest,False,0.0028290748596191406,success
0411BB429C4C81,0,['Arena'],Casa Giulietta,"['Centro Fotografia', 'Sighseeing', 'Torre Lamberti', 'Museo Conte', 'Museo Radio']",Duomo,strategy_nearest,False,0.003276824951171875,success
0411BD3A9C4C81,2,"['Teatro Romano', 'Santa Anastasia']",Duomo,"['AMO', 'Museo Miniscalchi', 'Palazzo della Ragione', 'Museo Conte', 'Torre Lamberti']",Torre Lamberti,strategy_nearest,True,0.003058195114135742,success
0411B73A9C4C80,0,"['Arena', 'Castelvecchio']",Torre Lamberti,"['Sighseeing', 'Centro Fotografia', 'Museo Conte', 'Casa Giulietta', 'Palazzo della Ragione']",Casa Giulietta,strategy_nearest,True,0.0027952194213867188,success
0411BE429C4C80,1,"['Arena', 'Casa Giulietta', 'Torre Lamberti', 'Palazzo della Ragione']",Santa Anastasia,"['AMO', 'Museo Conte', 'Teatro Romano', 'Centro Fotografia', 'Duomo']",Duomo,strategy_nearest,True,0.0019960403442382812,success
0411BE3A9C4C81,3,"['San Fermo', 'San Zeno']",Duomo,"['AMO', 'Museo Miniscalchi', 'Santa Anastasia', 'Teatro Romano', 'Palazzo della Ragione']",Casa Giulietta,strategy_nearest,False,0.003991127014160156,success
0411BF429C4C80,0,['Arena'],Casa Giulietta,"['Centro Fotografia', 'Sighseeing', 'Torre Lamberti', 'Museo Conte', 'Museo Radio']",Duomo,strategy_nearest,False,0.0026781558990478516,success
0411C2429C4C80,0,['Arena'],Castelvecchio,"['Museo Lapidario', 'Verona Tour', 'Museo Radio', 'San Zeno', 'Sighseeing']",Casa Giulietta,strategy_nearest,False,0.003242015838623047,success
0411C9429C4C80,2,['Museo Lapidario'],Castelvecchio,"['Verona Tour', 'Arena', 'Museo Radio', 'San Zeno', 'Sighseeing']",Santa Anastasia,strategy_nearest,False,0.0013251304626464844,success
0411C43A9C4C81,2,"['Torre Lamberti', 'Santa Anastasia']",Duomo,"['AMO', 'Museo Miniscalchi', 'Teatro Romano', 'Palazzo della Ragione', 'Museo Conte']",San Zeno,strategy_nearest,False,0.004042863845825195,success
0411C73A9C4C81,0,['Arena'],Casa Giulietta,"['Centro Fotografia', 'Sighseeing', 'Torre Lamberti', 'Museo Conte', 'Museo Radio']",Tomba Giulietta,strategy_nearest,False,0.001985788345336914,success
0411D03A9C4C80,2,"['Teatro Romano', 'Duomo']",Santa Anastasia,"['AMO', 'Museo Conte', 'Palazzo della Ragione', 'Centro Fotografia', 'Torre Lamberti']",San Zeno,strategy_nearest,False,0.0032079219818115234,success
04124C3A9C4C81,3,"['Santa Anastasia', 'Torre Lamberti']",Casa Giulietta,"['Centro Fotografia', 'Sighseeing', 'Museo Conte', 'Museo Radio', 'Palazzo della Ragione']",Castelvecchio,strategy_nearest,False,0.00218963623046875,success
0411F8429C4C81,1,"['Teatro Romano', 'Duomo', 'Santa Anastasia']",Arena,"['Verona Tour', 'Museo Lapidario', 'Museo Radio', 'San Fermo', 'Casa Giulietta']",Castelvecchio,strategy_nearest,False,0.003487825393676758,success
04124E3A9C4C81,1,"['San Fermo', 'Torre Lamberti', 'Palazzo della Ragione', 'Santa Anastasia', 'Teatro Romano']",Duomo,"['AMO', 'Museo Miniscalchi', 'Museo Conte', 'Centro Fotografia', 'Sighseeing']",Casa Giulietta,strategy_nearest,False,0.003408193588256836,success
04124F3A9C4C81,1,['Arena'],Torre Lamberti,"['Sighseeing', 'Centro Fotografia', 'Museo Conte', 'Casa Giulietta', 'Palazzo della Ragione']",Palazzo della Ragione,strategy_nearest,True,0.0022530555725097656,success
041254429C4C81,1,"['Arena', 'Casa Giulietta', 'Torre Lamberti']",Palazzo della Ragione,"['AMO', 'Museo Conte', 'Centro Fotografia', 'Sighseeing', 'Santa Anastasia']",Santa Anastasia,strategy_nearest,True,0.002140045166015625,success
0412633A9C4C81,0,"['Arena', 'Casa Giulietta']",San Fermo,"['Museo Storia', 'Museo Radio', 'Centro Fotografia', 'Sighseeing', 'Torre Lamberti']",Museo Lapidario,strategy_nearest,False,0.002629995346069336,success
04125A429C4C81,3,['Arena'],Torre Lamberti,"['Sighseeing', 'Centro Fotografia', 'Museo Conte', 'Casa Giulietta', 'Palazzo della Ragione']",Santa Anastasia,strategy_nearest,False,0.0033690929412841797,success
041271429C4C81,0,['Arena'],Torre Lamberti,"['Sighseeing', 'Centro Fotografia', 'Museo Conte', 'Casa Giulietta', 'Palazzo della Ragione']",Casa Giulietta,strategy_nearest,True,0.0012340545654296875,success
041272429C4C80,0,['Arena'],Castelvecchio,"['Museo Lapidario', 'Verona Tour', 'Museo Radio', 'San Zeno', 'Sighseeing']",Santa Anastasia,strategy_nearest,False,0.0021600723266601562,success
04126D3A9C4C80,1,"['Arena', 'Museo Lapidario', 'Castelvecchio', 'Casa Giulietta', 'Torre Lamberti']",Palazzo della Ragione,"['AMO', 'Museo Conte', 'Centro Fotografia', 'Sighseeing', 'Santa Anastasia']",Santa Anastasia,strategy_nearest,True,0.004089832305908203,success
0412733A9C4C81,0,"['Torre Lamberti', 'Casa Giulietta']",Tomba Giulietta,"['San Fermo', 'Museo Storia', 'Arena', 'Museo Lapidario', 'Museo Radio']",Arena,strategy_nearest,True,0.003225088119506836,success
041276429C4C81,0,['Arena'],Casa Giulietta,"['Centro Fotografia', 'Sighseeing', 'Torre Lamberti', 'Museo Conte', 'Museo Radio']",Torre Lamberti,strategy_nearest,True,0.0030820369720458984,success
04127C429C4C80,3,"['Arena', 'Museo Lapidario']",Casa Giulietta,"['Centro Fotografia', 'Sighseeing', 'Torre Lamberti', 'Museo Conte', 'Museo Radio']",Santa Anastasia,strategy_nearest,False,0.0028018951416015625,success
04127D3A9C4C81,1,"['Arena', 'Casa Giulietta', 'Palazzo della Ragione']",Torre Lamberti,"['Sighseeing', 'Centro Fotografia', 'Museo Conte', 'AMO', 'Museo Miniscalchi']",Santa Anastasia,strategy_nearest,False,0.003269195556640625,success
04127B4A9C4C80,0,['Casa Giulietta'],Torre Lamberti,"['Sighseeing', 'Centro Fotografia', 'Museo Conte', 'Palazzo della Ragione', 'AMO']",Arena,strategy_nearest,False,0.0021429061889648438,success
0412814A9C4C81,1,"['Arena', 'Torre Lamberti']",Palazzo della Ragione,"['AMO', 'Museo Conte', 'Centro Fotografia', 'Sighseeing', 'Santa Anastasia']",Casa Giulietta,strategy_nearest,False,0.002576112747192383,success
0412843A9C4C81,2,"['Castelvecchio', 'San Zeno', 'Torre Lamberti']",Casa Giulietta,"['Centro Fotografia', 'Sighseeing', 'Museo Conte', 'Museo Radio', 'Palazzo della Ragione']",Santa Anastasia,strategy_nearest,False,0.0022928714752197266,success
04127D4A9C4C81,1,"['Arena', 'Casa Giulietta']",Torre Lamberti,"['Sighseeing', 'Centro Fotografia', 'Museo Conte', 'Palazzo della Ragione', 'AMO']",Palazzo della Ragione,strategy_nearest,True,0.0018618106842041016,success
0412824A9C4C81,0,['Arena'],Casa Giulietta,"['Centro Fotografia', 'Sighseeing', 'Torre Lamberti', 'Museo Conte', 'Museo Radio']",Duomo,strategy_nearest,False,0.003412961959838867,success
0412884A9C4C81,1,"['Arena', 'Casa Giulietta', 'Palazzo della Ragione']",Torre Lamberti,"['Sighseeing', 'Centro Fotografia', 'Museo Conte', 'AMO', 'Museo Miniscalchi']",Santa Anastasia,strategy_nearest,False,0.0019409656524658203,success
0412884A9C4C80,3,"['Arena', 'Casa Giulietta']",Santa Anastasia,"['AMO', 'Museo Conte', 'Palazzo della Ragione', 'Teatro Romano', 'Centro Fotografia']",Teatro Romano,strategy_nearest,True,0.0033817291259765625,success
04128C4A9C4C81,1,"['Arena', 'Castelvecchio', 'Torre Lamberti']",Palazzo della Ragione,"['AMO', 'Museo Conte', 'Centro Fotografia', 'Sighseeing', 'Santa Anastasia']",Casa Giulietta,strategy_nearest,False,0.0026650428771972656,success
04128F4A9C4C80,3,['Arena'],Duomo,"['AMO', 'Museo Miniscalchi', 'Santa Anastasia', 'Teatro Romano', 'Palazzo della Ragione']",Santa Anastasia,strategy_nearest,True,0.0032777786254882812,success
0412924A9C4C80,1,"['Arena', 'Torre Lamberti']",Palazzo della Ragione,"['AMO', 'Museo Conte', 'Centro Fotografia', 'Sighseeing', 'Santa Anastasia']",Santa Anastasia,strategy_nearest,True,0.00273895263671875,success
041290429C4C81,0,['Arena'],Duomo,"['AMO', 'Museo Miniscalchi', 'Santa Anastasia', 'Teatro Romano', 'Palazzo della Ragione']",Casa Giulietta,strategy_nearest,False,0.0018930435180664062,success
0412934A9C4C81,3,"['Arena', 'Casa Giulietta']",Torre Lamberti,"['Sighseeing', 'Centro Fotografia', 'Museo Conte', 'Palazzo della Ragione', 'AMO']",Santa Anastasia,strategy_nearest,False,0.0025429725646972656,success
041293429C4C80,3,['Arena'],Casa Giulietta,"['Centro Fotografia', 'Sighseeing', 'Torre Lamberti', 'Museo Conte', 'Museo Radio']",Santa Anastasia,strategy_nearest,False,0.003326892852783203,success
041294429C4C80,0,['Arena'],Casa Giulietta,"['Centro Fotografia', 'Sighseeing', 'Torre Lamberti', 'Museo Conte', 'Museo Radio']",Duomo,strategy_nearest,False,0.003267049789428711,success
041297429C4C80,0,['Arena'],Castelvecchio,"['Museo Lapidario', 'Verona Tour', 'Museo Radio', 'San Zeno', 'Sighseeing']",San Zeno,strategy_nearest,True,0.0013570785522460938,success
041298429C4C81,1,"['Arena', 'Casa Giulietta']",Palazzo della Ragione,"['AMO', 'Museo Conte', 'Torre Lamberti', 'Centro Fotografia', 'Sighseeing']",Torre Lamberti,strategy_nearest,True,0.0034089088439941406,success
041294429C4C81,0,['Arena'],Casa Giulietta,"['Centro Fotografia', 'Sighseeing', 'Torre Lamberti', 'Museo Conte', 'Museo Radio']",Castelvecchio,strategy_nearest,False,0.004112958908081055,success
041299429C4C80,0,['Arena'],Torre Lamberti,"['Sighseeing', 'Centro Fotografia', 'Museo Conte', 'Casa Giulietta', 'Palazzo della Ragione']",Casa Giulietta,strategy_nearest,True,0.0026979446411132812,success
041299429C4C81,0,['Arena'],Casa Giulietta,"['Centro Fotografia', 'Sighseeing', 'Torre Lamberti', 'Museo Conte', 'Museo Radio']",Santa Anastasia,strategy_nearest,False,0.0013740062713623047,success
04129A429C4C81,0,['Arena'],Teatro Romano,"['Santa Anastasia', 'Duomo', 'AMO', 'Palazzo della Ragione', 'Museo Conte']",Giardino Giusti,strategy_nearest,False,0.0028400421142578125,success
04129B4A9C4C81,1,"['Arena', 'Torre Lamberti']",Palazzo della Ragione,"['AMO', 'Museo Conte', 'Centro Fotografia', 'Sighseeing', 'Santa Anastasia']",Santa Anastasia,strategy_nearest,True,0.003339052200317383,success
04129C429C4C80,3,"['Castelvecchio', 'San Zeno', 'Casa Giulietta']",Santa Anastasia,"['AMO', 'Museo Conte', 'Palazzo della Ragione', 'Teatro Romano', 'Centro Fotografia']",Torre Lamberti,strategy_nearest,False,0.0026061534881591797,success
04129F429C4C80,3,"['Castelvecchio', 'Casa Giulietta', 'Arena']",Santa Anastasia,"['AMO', 'Museo Conte', 'Palazzo della Ragione', 'Teatro Romano', 'Centro Fotografia']",Duomo,strategy_nearest,False,0.002416849136352539,success
04129D4A9C4C81,3,"['Santa Anastasia', 'Duomo']",Casa Giulietta,"['Centro Fotografia', 'Sighseeing', 'Torre Lamberti', 'Museo Conte', 'Museo Radio']",Arena,strategy_nearest,False,0.0032279491424560547,success
04129D429C4C80,1,"['Arena', 'Castelvecchio']",San Zeno,"['Verona Tour', 'Museo Lapidario', 'Museo Miniscalchi', 'Sighseeing', 'Museo Radio']",Torre Lamberti,strategy_nearest,False,0.003353118896484375,success
0412A0429C4C81,0,['Arena'],Torre Lamberti,"['Sighseeing', 'Centro Fotografia', 'Museo Conte', 'Casa Giulietta', 'Palazzo della Ragione']",Casa Giulietta,strategy_nearest,True,0.0018291473388671875,success
0412A3429C4C80,3,['Arena'],Santa Anastasia,"['AMO', 'Museo Conte', 'Palazzo della Ragione', 'Teatro Romano', 'Centro Fotografia']",Torre Lamberti,strategy_nearest,False,0.0023827552795410156,success
04129F429C4C81,1,['Arena'],Torre Lamberti,"['Sighseeing', 'Centro Fotografia', 'Museo Conte', 'Casa Giulietta', 'Palazzo della Ragione']",Palazzo della Ragione,strategy_nearest,True,0.00344085693359375,success
0412A04A9C4C81,3,"['Arena', 'Casa Giulietta']",Santa Anastasia,"['AMO', 'Museo Conte', 'Palazzo della Ragione', 'Teatro Romano', 'Centro Fotografia']",Duomo,strategy_nearest,False,0.003420114517211914,success
0412A3429C4C81,0,"['Arena', 'Museo Lapidario']",Castelvecchio,"['Verona Tour', 'Museo Radio', 'San Zeno', 'Sighseeing', 'Museo Miniscalchi']",Casa Giulietta,strategy_nearest,False,0.0028994083404541016,success
0412A4429C4C81,3,"['Arena', 'San Fermo']",Casa Giulietta,"['Centro Fotografia', 'Sighseeing', 'Torre Lamberti', 'Museo Conte', 'Museo Radio']",Torre Lamberti,strategy_nearest,True,0.0021648406982421875,success
0412A8429C4C81,3,"['San Zeno', 'Arena']",San Fermo,"['Museo Storia', 'Museo Radio', 'Casa Giulietta', 'Centro Fotografia', 'Sighseeing']",Casa Giulietta,strategy_nearest,True,0.0025489330291748047,success
0412A572743381,2,['Teatro Romano'],Castelvecchio,"['Museo Lapidario', 'Verona Tour', 'Arena', 'Museo Radio', 'San Zeno']",San Zeno,strategy_nearest,True,0.0033500194549560547,success
0412AC3A9C4C81,0,['Arena'],Casa Giulietta,"['Centro Fotografia', 'Sighseeing', 'Torre Lamberti', 'Museo Conte', 'Museo Radio']",Santa Anastasia,strategy_nearest,False,0.002978086471557617,success
0412AF429C4C80,2,"['San Fermo', 'Casa Giulietta', 'Palazzo della Ragione']",Torre Lamberti,"['Sighseeing', 'Centro Fotografia', 'Museo Conte', 'AMO', 'Museo Miniscalchi']",Castelvecchio,strategy_nearest,False,0.002560138702392578,success
0412B2429C4C81,0,"['Arena', 'Museo Lapidario']",Castelvecchio,"['Verona Tour', 'Museo Radio', 'San Zeno', 'Sighseeing', 'Museo Miniscalchi']",Casa Giulietta,strategy_nearest,False,0.0026519298553466797,success
0412B4429C4C80,0,['Teatro Romano'],Arena,"['Verona Tour', 'Museo Lapidario', 'Museo Radio', 'San Fermo', 'Casa Giulietta']",Castelvecchio,strategy_nearest,False,0.0026078224182128906,success
0412B5429C4C81,2,['Duomo'],Teatro Romano,"['Santa Anastasia', 'AMO', 'Palazzo della Ragione', 'Museo Conte', 'Centro Fotografia']",Casa Giulietta,strategy_nearest,False,0.003408193588256836,success
0412BE3A9C4C80,0,['Arena'],Casa Giulietta,"['Centro Fotografia', 'Sighseeing', 'Torre Lamberti', 'Museo Conte', 'Museo Radio']",Santa Anastasia,strategy_nearest,False,0.003297567367553711,success
0412BC3A9C4C81,0,['Arena'],Castelvecchio,"['Museo Lapidario', 'Verona Tour', 'Museo Radio', 'San Zeno', 'Sighseeing']",Santa Anastasia,strategy_nearest,False,0.0020668506622314453,success
0412BF429C4C80,0,['Arena'],Arena,"['Verona Tour', 'Museo Lapidario', 'Museo Radio', 'San Fermo', 'Casa Giulietta']",Castelvecchio,strategy_nearest,False,0.002717733383178711,success
0412BE429C4C81,1,['Arena'],Torre Lamberti,"['Sighseeing', 'Centro Fotografia', 'Museo Conte', 'Casa Giulietta', 'Palazzo della Ragione']",Palazzo della Ragione,strategy_nearest,True,0.0029091835021972656,success
0412C83A9C4C81,2,"['Casa Giulietta', 'Torre Lamberti']",Duomo,"['AMO', 'Museo Miniscalchi', 'Santa Anastasia', 'Teatro Romano', 'Palazzo della Ragione']",Castelvecchio,strategy_nearest,False,0.0033609867095947266,success
0412CC3A9C4C81,3,['Arena'],Duomo,"['AMO', 'Museo Miniscalchi', 'Santa Anastasia', 'Teatro Romano', 'Palazzo della Ragione']",Santa Anastasia,strategy_nearest,True,0.0025992393493652344,success
0412D33A9C4C81,1,"['Tomba Giulietta', 'Arena', 'Casa Giulietta']",Torre Lamberti,"['Sighseeing', 'Centro Fotografia', 'Museo Conte', 'Palazzo della Ragione', 'AMO']",Palazzo della Ragione,strategy_nearest,True,0.002619028091430664,success
0412CD3A9C4C81,3,['Arena'],Casa Giulietta,"['Centro Fotografia', 'Sighseeing', 'Torre Lamberti', 'Museo Conte', 'Museo Radio']",Santa Anastasia,strategy_nearest,False,0.003372669219970703,success
0412CF3A9C4C80,0,['Castelvecchio'],Tomba Giulietta,"['San Fermo', 'Museo Storia', 'Arena', 'Museo Lapidario', 'Museo Radio']",Casa Giulietta,strategy_nearest,False,0.003933906555175781,success
0412D43A9C4C80,1,"['Castelvecchio', 'Arena']",Casa Giulietta,"['Centro Fotografia', 'Sighseeing', 'Torre Lamberti', 'Museo Conte', 'Museo Radio']",Torre Lamberti,strategy_nearest,True,0.0013699531555175781,success
0412E33A9C4C81,2,"['Castelvecchio', 'Torre Lamberti', 'Palazzo della Ragione']",Giardino Giusti,"['Santa Anastasia', 'Teatro Romano', 'Museo Conte', 'Centro Fotografia', 'Museo Storia']",Santa Anastasia,strategy_nearest,True,0.0017452239990234375,success
0412FD429C4C81,2,"['Torre Lamberti', 'Casa Giulietta']",San Fermo,"['Museo Storia', 'Museo Radio', 'Centro Fotografia', 'Arena', 'Sighseeing']",Teatro Romano,strategy_nearest,False,0.002712726593017578,success
0412EA3A9C4C81,1,"['Arena', 'Casa Giulietta']",San Fermo,"['Museo Storia', 'Museo Radio', 'Centro Fotografia', 'Sighseeing', 'Torre Lamberti']",Palazzo della Ragione,strategy_nearest,False,0.0034210681915283203,success
0413543A9C4C81,0,['Arena'],San Zeno,"['Castelvecchio', 'Verona Tour', 'Museo Lapidario', 'Museo Miniscalchi', 'Sighseeing']",Teatro Romano,strategy_nearest,False,0.0019850730895996094,success
04135A3A9C4C81,3,"['Casa Giulietta', 'Arena', 'San Fermo']",Tomba Giulietta,"['Museo Storia', 'Museo Lapidario', 'Museo Radio', 'Verona Tour', 'Castelvecchio']",Santa Anastasia,strategy_nearest,False,0.0034661293029785156,success
041361429C4C81,3,['Arena'],Casa Giulietta,"['Centro Fotografia', 'Sighseeing', 'Torre Lamberti', 'Museo Conte', 'Museo Radio']",Santa Anastasia,strategy_nearest,False,0.0015420913696289062,success
04136A429C4C80,2,"['Torre Lamberti', 'Santa Anastasia']",Duomo,"['AMO', 'Museo Miniscalchi', 'Teatro Romano', 'Palazzo della Ragione', 'Museo Conte']",Casa Giulietta,strategy_nearest,False,0.0034019947052001953,success
041360429C4C81,0,['Castelvecchio'],Arena,"['Verona Tour', 'Museo Lapidario', 'Museo Radio', 'San Fermo', 'Casa Giulietta']",Casa Giulietta,strategy_nearest,True,0.0028150081634521484,success
0413723A9C4C80,3,['Casa Giulietta'],Santa Anastasia,"['AMO', 'Museo Conte', 'Palazzo della Ragione', 'Teatro Romano', 'Centro Fotografia']",Duomo,strategy_nearest,False,0.003213644027709961,success
0413713A9C4C81,2,"['Torre Lamberti', 'Casa Giulietta']",Duomo,"['AMO', 'Museo Miniscalchi', 'Santa Anastasia', 'Teatro Romano', 'Palazzo della Ragione']",Teatro Romano,strategy_nearest,True,0.0020651817321777344,success
041372429C4C80,6,"['Arena', 'Torre Lamberti', 'Santa Anastasia']",Duomo,"['AMO', 'Museo Miniscalchi', 'Teatro Romano', 'Palazzo della Ragione', 'Museo Conte']",Casa Giulietta,strategy_nearest,False,0.0025861263275146484,success
04136D429C4C81,0,['Arena'],Casa Giulietta,"['Centro Fotografia', 'Sighseeing', 'Torre Lamberti', 'Museo Conte', 'Museo Radio']",Castelvecchio,strategy_nearest,False,0.0027170181274414062,success
0413773A9C4C80,1,"['Casa Giulietta', 'San Fermo', 'Arena', 'Torre Lamberti', 'Santa Anastasia']",Duomo,"['AMO', 'Museo Miniscalchi', 'Teatro Romano', 'Palazzo della Ragione', 'Museo Conte']",Tomba Giulietta,strategy_nearest,False,0.0015180110931396484,success
0413743A9C4C81,2,['San Fermo'],Casa Giulietta,"['Centro Fotografia', 'Sighseeing', 'Torre Lamberti', 'Museo Conte', 'Museo Radio']",Santa Anastasia,strategy_nearest,False,0.0033750534057617188,success
041379429C4C81,0,['Arena'],Casa Giulietta,"['Centro Fotografia', 'Sighseeing', 'Torre Lamberti', 'Museo Conte', 'Museo Radio']",Torre Lamberti,strategy_nearest,True,0.0027310848236083984,success
0413804A9C4C81,0,['Arena'],Casa Giulietta,"['Centro Fotografia', 'Sighseeing', 'Torre Lamberti', 'Museo Conte', 'Museo Radio']",Torre Lamberti,strategy_nearest,True,0.0019860267639160156,success
0413824A9C4C80,0,['Arena'],Casa Giulietta,"['Centro Fotografia', 'Sighseeing', 'Torre Lamberti', 'Museo Conte', 'Museo Radio']",Casa Giulietta,strategy_nearest,False,0.0013759136199951172,success
0413823A9C4C81,0,['Arena'],Castelvecchio,"['Museo Lapidario', 'Verona Tour', 'Museo Radio', 'San Zeno', 'Sighseeing']",Casa Giulietta,strategy_nearest,False,0.0021462440490722656,success
0413833A9C4C81,2,['Castelvecchio'],San Zeno,"['Verona Tour', 'Museo Lapidario', 'Arena', 'Museo Miniscalchi', 'Sighseeing']",Torre Lamberti,strategy_nearest,False,0.0026853084564208984,success
04138D429C4C81,1,['Arena'],Casa Giulietta,"['Centro Fotografia', 'Sighseeing', 'Torre Lamberti', 'Museo Conte', 'Museo Radio']",Torre Lamberti,strategy_nearest,True,0.003262042999267578,success
04138D4A9C4C80,3,['Arena'],Casa Giulietta,"['Centro Fotografia', 'Sighseeing', 'Torre Lamberti', 'Museo Conte', 'Museo Radio']",Santa Anastasia,strategy_nearest,False,0.0017969608306884766,success
04138F4A9C4C80,0,"['Castelvecchio', 'Arena']",Tomba Giulietta,"['San Fermo', 'Museo Storia', 'Museo Lapidario', 'Museo Radio', 'Verona Tour']",San Fermo,strategy_nearest,True,0.0017251968383789062,success
04138E3A9C4C81,3,['Arena'],Torre Lamberti,"['Sighseeing', 'Centro Fotografia', 'Museo Conte', 'Casa Giulietta', 'Palazzo della Ragione']",Santa Anastasia,strategy_nearest,False,0.0032160282135009766,success
0413914A9C4C80,1,"['Arena', 'Casa Giulietta', 'Torre Lamberti']",Palazzo della Ragione,"['AMO', 'Museo Conte', 'Centro Fotografia', 'Sighseeing', 'Santa Anastasia']",Castelvecchio,strategy_nearest,False,0.0032219886779785156,success
0413924A9C4C80,3,['Arena'],Santa Anastasia,"['AMO', 'Museo Conte', 'Palazzo della Ragione', 'Teatro Romano', 'Centro Fotografia']",Duomo,strategy_nearest,False,0.0029451847076416016,success
04139A429C4C80,3,"['Arena', 'Santa Anastasia']",San Fermo,"['Museo Storia', 'Museo Radio', 'Casa Giulietta', 'Centro Fotografia', 'Sighseeing']",Tomba Giulietta,strategy_nearest,False,0.0026388168334960938,success
04139C4A9C4C81,3,"['Castelvecchio', 'Arena']",Casa Giulietta,"['Centro Fotografia', 'Sighseeing', 'Torre Lamberti', 'Museo Conte', 'Museo Radio']",Santa Anastasia,strategy_nearest,False,0.0033330917358398438,success
04139D429C4C81,0,['Arena'],Castelvecchio,"['Museo Lapidario', 'Verona Tour', 'Museo Radio', 'San Zeno', 'Sighseeing']",Torre Lamberti,strategy_nearest,False,0.0033822059631347656,success
04139F429C4C80,3,['Arena'],Casa Giulietta,"['Centro Fotografia', 'Sighseeing', 'Torre Lamberti', 'Museo Conte', 'Museo Radio']",Santa Anastasia,strategy_nearest,False,0.0028989315032958984,success
0413A04A9C4C81,1,"['Arena', 'Casa Giulietta']",Palazzo della Ragione,"['AMO', 'Museo Conte', 'Torre Lamberti', 'Centro Fotografia', 'Sighseeing']",Torre Lamberti,strategy_nearest,True,0.00310516357421875,success
0413A6429C4C81,1,"['Castelvecchio', 'Arena', 'San Fermo']",Casa Giulietta,"['Centro Fotografia', 'Sighseeing', 'Torre Lamberti', 'Museo Conte', 'Museo Radio']",Torre Lamberti,strategy_nearest,True,0.002370119094848633,success
0413A73A9C4C80,3,['Arena'],Torre Lamberti,"['Sighseeing', 'Centro Fotografia', 'Museo Conte', 'Casa Giulietta', 'Palazzo della Ragione']",Santa Anastasia,strategy_nearest,False,0.002538919448852539,success
0413AA4A9C4C81,6,['Arena'],Verona Tour,"['Museo Lapidario', 'Castelvecchio', 'Museo Radio', 'Casa Giulietta', 'Sighseeing']",Teatro Romano,strategy_nearest,False,0.003325223922729492,success
0413A94A9C4C81,2,['Torre Lamberti'],Santa Anastasia,"['AMO', 'Museo Conte', 'Palazzo della Ragione', 'Teatro Romano', 'Centro Fotografia']",Castelvecchio,strategy_nearest,False,0.0020470619201660156,success
0413AE429C4C80,0,['Arena'],Castelvecchio,"['Museo Lapidario', 'Verona Tour', 'Museo Radio', 'San Zeno', 'Sighseeing']",Casa Giulietta,strategy_nearest,False,0.0026290416717529297,success
0413B8429C4C81,0,['Arena'],Casa Giulietta,"['Centro Fotografia', 'Sighseeing', 'Torre Lamberti', 'Museo Conte', 'Museo Radio']",Duomo,strategy_nearest,False,0.0031309127807617188,success
0413C13A9C4C80,1,['Arena'],Palazzo della Ragione,"['AMO', 'Museo Conte', 'Torre Lamberti', 'Centro Fotografia', 'Sighseeing']",Casa Giulietta,strategy_nearest,False,0.0015490055084228516,success
0413BE3A9C4C81,3,"['Arena', 'Torre Lamberti']",Santa Anastasia,"['AMO', 'Museo Conte', 'Palazzo della Ragione', 'Teatro Romano', 'Centro Fotografia']",Duomo,strategy_nearest,False,0.003342866897583008,success
0413C23A9C4C80,0,['Castelvecchio'],Arena,"['Verona Tour', 'Museo Lapidario', 'Museo Radio', 'San Fermo', 'Casa Giulietta']",Santa Anastasia,strategy_nearest,False,0.0020599365234375,success
0413BB3A9C4C80,1,"['Arena', 'Casa Giulietta', 'Palazzo della Ragione']",Torre Lamberti,"['Sighseeing', 'Centro Fotografia', 'Museo Conte', 'AMO', 'Museo Miniscalchi']",Santa Anastasia,strategy_nearest,False,0.0033588409423828125,success
0413C3429C4C80,1,['Arena'],Casa Giulietta,"['Centro Fotografia', 'Sighseeing', 'Torre Lamberti', 'Museo Conte', 'Museo Radio']",Palazzo della Ragione,strategy_nearest,False,0.0014100074768066406,success
0413C83A9C4C80,1,"['Arena', 'Casa Giulietta']",Palazzo della Ragione,"['AMO', 'Museo Conte', 'Torre Lamberti', 'Centro Fotografia', 'Sighseeing']",Torre Lamberti,strategy_nearest,True,0.002094268798828125,success
0413C73A9C4C81,1,"['Arena', 'Museo Lapidario']",Torre Lamberti,"['Sighseeing', 'Centro Fotografia', 'Museo Conte', 'Casa Giulietta', 'Palazzo della Ragione']",Palazzo della Ragione,strategy_nearest,True,0.0027468204498291016,success
0413CD429C4C81,1,"['Arena', 'San Fermo', 'Casa Giulietta']",Castelvecchio,"['Museo Lapidario', 'Verona Tour', 'Museo Radio', 'San Zeno', 'Sighseeing']",Santa Anastasia,strategy_nearest,False,0.0031402111053466797,success
0413DF3A9C4C81,1,"['Castelvecchio', 'Casa Giulietta']",Arena,"['Verona Tour', 'Museo Lapidario', 'Museo Radio', 'San Fermo', 'Sighseeing']",Torre Lamberti,strategy_nearest,False,0.0026688575744628906,success
0413D63A9C4C81,1,"['Palazzo della Ragione', 'Torre Lamberti', 'Casa Giulietta', 'Santa Anastasia']",San Zeno,"['Castelvecchio', 'Verona Tour', 'Museo Lapidario', 'Arena', 'Museo Miniscalchi']",Castelvecchio,strategy_nearest,True,0.0019960403442382812,success
0413CF429C4C81,3,"['Castelvecchio', 'Arena']",Casa Giulietta,"['Centro Fotografia', 'Sighseeing', 'Torre Lamberti', 'Museo Conte', 'Museo Radio']",Santa Anastasia,strategy_nearest,False,0.001445770263671875,success
0413F8429C4C81,2,['Casa Giulietta'],Torre Lamberti,"['Sighseeing', 'Centro Fotografia', 'Museo Conte', 'Palazzo della Ragione', 'AMO']",Duomo,strategy_nearest,False,0.0032219886779785156,success
04144E429C4C81,3,"['Duomo', 'San Zeno', 'Castelvecchio']",Casa Giulietta,"['Centro Fotografia', 'Sighseeing', 'Torre Lamberti', 'Museo Conte', 'Museo Radio']",Arena,strategy_nearest,False,0.0033102035522460938,success
0414443A9C4C81,1,"['Casa Giulietta', 'Teatro Romano', 'Castelvecchio']",San Zeno,"['Verona Tour', 'Museo Lapidario', 'Arena', 'Museo Miniscalchi', 'Sighseeing']",Arena,strategy_nearest,True,0.0033562183380126953,success
0413FB3A9C4C81,3,"['Casa Giulietta', 'San Fermo', 'Santa Anastasia']",Duomo,"['AMO', 'Museo Miniscalchi', 'Teatro Romano', 'Palazzo della Ragione', 'Museo Conte']",Torre Lamberti,strategy_nearest,False,0.0021889209747314453,success
041465429C4C81,2,['Casa Giulietta'],San Fermo,"['Museo Storia', 'Museo Radio', 'Centro Fotografia', 'Arena', 'Sighseeing']",Santa Anastasia,strategy_nearest,False,0.002007722854614258,success
04146D3A9C4C81,2,"['Palazzo della Ragione', 'Torre Lamberti', 'Casa Giulietta', 'Duomo']",Castelvecchio,"['Museo Lapidario', 'Verona Tour', 'Arena', 'Museo Radio', 'San Zeno']",San Zeno,strategy_nearest,True,0.0011570453643798828,success
04146F429C4C81,2,['Torre Lamberti'],Santa Anastasia,"['AMO', 'Museo Conte', 'Palazzo della Ragione', 'Teatro Romano', 'Centro Fotografia']",Duomo,strategy_nearest,False,0.0025463104248046875,success
04146C429C4C80,0,['Arena'],Casa Giulietta,"['Centro Fotografia', 'Sighseeing', 'Torre Lamberti', 'Museo Conte', 'Museo Radio']",Torre Lamberti,strategy_nearest,True,0.002113819122314453,success
04146E3A9C4C81,2,"['Torre Lamberti', 'Palazzo della Ragione']",Duomo,"['AMO', 'Museo Miniscalchi', 'Santa Anastasia', 'Teatro Romano', 'Museo Conte']",Casa Giulietta,strategy_nearest,False,0.0034317970275878906,success
0414763A9C4C81,3,"['Casa Giulietta', 'Arena']",Castelvecchio,"['Museo Lapidario', 'Verona Tour', 'Museo Radio', 'San Zeno', 'Sighseeing']",San Zeno,strategy_nearest,True,0.0019199848175048828,success
0414773A9C4C80,2,['Tomba Giulietta'],Giardino Giusti,"['Santa Anastasia', 'Teatro Romano', 'Museo Conte', 'Centro Fotografia', 'Museo Storia']",Teatro Romano,strategy_nearest,True,0.002655029296875,success
0414793A9C4C80,1,"['Arena', 'Casa Giulietta']",Teatro Romano,"['Santa Anastasia', 'Duomo', 'AMO', 'Palazzo della Ragione', 'Museo Conte']",Duomo,strategy_nearest,True,0.0033240318298339844,success
0414763A9C4C80,0,"['Arena', 'Museo Lapidario']",Castelvecchio,"['Verona Tour', 'Museo Radio', 'San Zeno', 'Sighseeing', 'Museo Miniscalchi']",Torre Lamberti,strategy_nearest,False,0.0029168128967285156,success
0414833A9C4C80,0,['Arena'],Casa Giulietta,"['Centro Fotografia', 'Sighseeing', 'Torre Lamberti', 'Museo Conte', 'Museo Radio']",Santa Anastasia,strategy_nearest,False,0.0017430782318115234,success
04147B4A9C4C81,0,"['Torre Lamberti', 'Castelvecchio']",Arena,"['Verona Tour', 'Museo Lapidario', 'Museo Radio', 'San Fermo', 'Casa Giulietta']",Casa Giulietta,strategy_nearest,True,0.002680063247680664,success
041483429C4C80,3,"['Arena', 'Torre Lamberti']",Santa Anastasia,"['AMO', 'Museo Conte', 'Palazzo della Ragione', 'Teatro Romano', 'Centro Fotografia']",Teatro Romano,strategy_nearest,True,0.002608776092529297,success
0414834A9C4C81,1,"['Arena', 'Castelvecchio']",Casa Giulietta,"['Centro Fotografia', 'Sighseeing', 'Torre Lamberti', 'Museo Conte', 'Museo Radio']",Torre Lamberti,strategy_nearest,True,0.0029778480529785156,success
0414854A9C4C80,0,['Arena'],Casa Giulietta,"['Centro Fotografia', 'Sighseeing', 'Torre Lamberti', 'Museo Conte', 'Museo Radio']",Santa Anastasia,strategy_nearest,False,0.002353191375732422,success
041484429C4C81,0,"['Arena', 'Arena']",San Fermo,"['Museo Storia', 'Museo Radio', 'Casa Giulietta', 'Centro Fotografia', 'Sighseeing']",Casa Giulietta,strategy_nearest,True,0.004519939422607422,success
0414894A9C4C81,2,['Castelvecchio'],Casa Giulietta,"['Centro Fotografia', 'Sighseeing', 'Torre Lamberti', 'Museo Conte', 'Museo Radio']",Torre Lamberti,strategy_nearest,True,0.003443002700805664,success
0414903A9C4C81,0,['Arena'],Torre Lamberti,"['Sighseeing', 'Centro Fotografia', 'Museo Conte', 'Casa Giulietta', 'Palazzo della Ragione']",Casa Giulietta,strategy_nearest,True,0.0013828277587890625,success
0414924A9C4C80,0,"['Castelvecchio', 'Casa Giulietta']",Teatro Romano,"['Santa Anastasia', 'Duomo', 'AMO', 'Palazzo della Ragione', 'Museo Conte']",Torre Lamberti,strategy_nearest,False,0.0032219886779785156,success
04148D4A9C4C81,1,"['Arena', 'Museo Lapidario', 'Castelvecchio', 'Casa Giulietta', 'San Fermo']",Palazzo della Ragione,"['AMO', 'Museo Conte', 'Torre Lamberti', 'Centro Fotografia', 'Sighseeing']",Torre Lamberti,strategy_nearest,True,0.0028219223022460938,success
04148D4A9C4C80,3,['Arena'],Santa Anastasia,"['AMO', 'Museo Conte', 'Palazzo della Ragione', 'Teatro Romano', 'Centro Fotografia']",Duomo,strategy_nearest,False,0.003963947296142578,success
0414954A9C4C80,2,['Castelvecchio'],Casa Giulietta,"['Centro Fotografia', 'Sighseeing', 'Torre Lamberti', 'Museo Conte', 'Museo Radio']",Santa Anastasia,strategy_nearest,False,0.002743959426879883,success
0414934A9C4C81,0,['Arena'],Casa Giulietta,"['Centro Fotografia', 'Sighseeing', 'Torre Lamberti', 'Museo Conte', 'Museo Radio']",Santa Anastasia,strategy_nearest,False,0.003410816192626953,success
041497429C4C81,0,"['Arena', 'Museo Lapidario']",Torre Lamberti,"['Sighseeing', 'Centro Fotografia', 'Museo Conte', 'Casa Giulietta', 'Palazzo della Ragione']",Casa Giulietta,strategy_nearest,True,0.0032110214233398438,success
0414944A9C4C80,3,"['Arena', 'Torre Lamberti']",Casa Giulietta,"['Centro Fotografia', 'Sighseeing', 'Museo Conte', 'Museo Radio', 'Palazzo della Ragione']",Santa Anastasia,strategy_nearest,False,0.0015842914581298828,success
041498429C4C81,0,"['Arena', 'Torre Lamberti']",Casa Giulietta,"['Centro Fotografia', 'Sighseeing', 'Museo Conte', 'Museo Radio', 'Palazzo della Ragione']",San Fermo,strategy_nearest,False,0.002597808837890625,success
04149E429C4C81,1,"['Arena', 'Casa Giulietta']",Torre Lamberti,"['Sighseeing', 'Centro Fotografia', 'Museo Conte', 'Palazzo della Ragione', 'AMO']",Palazzo della Ragione,strategy_nearest,True,0.0011539459228515625,success
0414A04A9C4C80,3,['Arena'],Casa Giulietta,"['Centro Fotografia', 'Sighseeing', 'Torre Lamberti', 'Museo Conte', 'Museo Radio']",Santa Anastasia,strategy_nearest,False,0.003225088119506836,success
04149A4A9C4C81,0,['Arena'],Casa Giulietta,"['Centro Fotografia', 'Sighseeing', 'Torre Lamberti', 'Museo Conte', 'Museo Radio']",Santa Anastasia,strategy_nearest,False,0.002743959426879883,success
0414A84A9C4C80,3,['Arena'],Duomo,"['AMO', 'Museo Miniscalchi', 'Santa Anastasia', 'Teatro Romano', 'Palazzo della Ragione']",Santa Anastasia,strategy_nearest,True,0.0015223026275634766,success
0414A1429C4C80,1,"['Castelvecchio', 'Museo Lapidario', 'Casa Giulietta', 'Torre Lamberti']",Palazzo della Ragione,"['AMO', 'Museo Conte', 'Centro Fotografia', 'Sighseeing', 'Santa Anastasia']",Santa Anastasia,strategy_nearest,True,0.004069089889526367,success
0414AB3A9C4C81,3,"['Arena', 'Casa Giulietta']",Santa Anastasia,"['AMO', 'Museo Conte', 'Palazzo della Ragione', 'Teatro Romano', 'Centro Fotografia']",Duomo,strategy_nearest,False,0.001990079879760742,success
0414A8429C4C80,0,['Arena'],Casa Giulietta,"['Centro Fotografia', 'Sighseeing', 'Torre Lamberti', 'Museo Conte', 'Museo Radio']",Torre Lamberti,strategy_nearest,True,0.0027971267700195312,success
0414AB4A9C4C80,3,['Casa Giulietta'],Torre Lamberti,"['Sighseeing', 'Centro Fotografia', 'Museo Conte', 'Palazzo della Ragione', 'AMO']",Arena,strategy_nearest,False,0.001522064208984375,success
0414B13A9C4C80,0,['Castelvecchio'],Arena,"['Verona Tour', 'Museo Lapidario', 'Museo Radio', 'San Fermo', 'Casa Giulietta']",Casa Giulietta,strategy_nearest,True,0.002714872360229492,success
0414AF429C4C81,3,"['Arena', 'Tomba Giulietta', 'Museo Lapidario']",Castelvecchio,"['Verona Tour', 'Museo Radio', 'San Zeno', 'Sighseeing', 'Museo Miniscalchi']",Casa Giulietta,strategy_nearest,False,0.002215147018432617,success
0414B53A9C4C80,1,"['Arena', 'Casa Giulietta']",Palazzo della Ragione,"['AMO', 'Museo Conte', 'Torre Lamberti', 'Centro Fotografia', 'Sighseeing']",Torre Lamberti,strategy_nearest,True,0.0033512115478515625,success
0414B5429C4C81,2,['Teatro Romano'],Santa Anastasia,"['AMO', 'Museo Conte', 'Palazzo della Ragione', 'Centro Fotografia', 'Duomo']",Torre Lamberti,strategy_nearest,False,0.0034170150756835938,success
0414B5429C4C80,3,"['Castelvecchio', 'Arena']",Torre Lamberti,"['Sighseeing', 'Centro Fotografia', 'Museo Conte', 'Casa Giulietta', 'Palazzo della Ragione']",Duomo,strategy_nearest,False,0.0026519298553466797,success
0414BC429C4C81,3,['Arena'],Santa Anastasia,"['AMO', 'Museo Conte', 'Palazzo della Ragione', 'Teatro Romano', 'Centro Fotografia']",Teatro Romano,strategy_nearest,True,0.0032358169555664062,success
0414B93A9C4C81,0,['Arena'],Castelvecchio,"['Museo Lapidario', 'Verona Tour', 'Museo Radio', 'San Zeno', 'Sighseeing']",Casa Giulietta,strategy_nearest,False,0.001360177993774414,success
0414BD3A9C4C81,0,['Arena'],Casa Giulietta,"['Centro Fotografia', 'Sighseeing', 'Torre Lamberti', 'Museo Conte', 'Museo Radio']",San Zeno,strategy_nearest,False,0.0012018680572509766,success
0414BD3A9C4C80,2,['San Zeno'],Duomo,"['AMO', 'Museo Miniscalchi', 'Santa Anastasia', 'Teatro Romano', 'Palazzo della Ragione']",Santa Anastasia,strategy_nearest,True,0.002752065658569336,success
0414BE429C4C80,0,['Arena'],Torre Lamberti,"['Sighseeing', 'Centro Fotografia', 'Museo Conte', 'Casa Giulietta', 'Palazzo della Ragione']",Casa Giulietta,strategy_nearest,True,0.0034608840942382812,success
0414BF3A9C4C81,1,"['Arena', 'Casa Giulietta', 'San Fermo']",Museo Storia,"['Museo Radio', 'Centro Fotografia', 'Tomba Giulietta', 'Torre Lamberti', 'Sighseeing']",Palazzo della Ragione,strategy_nearest,False,0.002655029296875,success
0414BF429C4C81,3,"['Tomba Giulietta', 'Arena', 'Castelvecchio']",Torre Lamberti,"['Sighseeing', 'Centro Fotografia', 'Museo Conte', 'Casa Giulietta', 'Palazzo della Ragione']",Casa Giulietta,strategy_nearest,True,0.003091096878051758,success
0414C1429C4C80,2,"['Casa Giulietta', 'Torre Lamberti']",Palazzo della Ragione,"['AMO', 'Museo Conte', 'Centro Fotografia', 'Sighseeing', 'Santa Anastasia']",San Fermo,strategy_nearest,False,0.0031669139862060547,success
0414C3429C4C80,0,"['Arena', 'Museo Lapidario']",Castelvecchio,"['Verona Tour', 'Museo Radio', 'San Zeno', 'Sighseeing', 'Museo Miniscalchi']",Torre Lamberti,strategy_nearest,False,0.0025281906127929688,success
0414CB3A9C4C81,0,['Arena'],Teatro Romano,"['Santa Anastasia', 'Duomo', 'AMO', 'Palazzo della Ragione', 'Museo Conte']",Duomo,strategy_nearest,True,0.003072977066040039,success
0414E4429C4C81,2,['Castelvecchio'],Torre Lamberti,"['Sighseeing', 'Centro Fotografia', 'Museo Conte', 'Casa Giulietta', 'Palazzo della Ragione']",Santa Anastasia,strategy_nearest,False,0.002721071243286133,success
0414CE429C4C80,0,['Arena'],Teatro Romano,"['Santa Anastasia', 'Duomo', 'AMO', 'Palazzo della Ragione', 'Museo Conte']",Casa Giulietta,strategy_nearest,False,0.0025260448455810547,success
0414F93A9C4C81,3,"['Arena', 'Torre Lamberti']",Casa Giulietta,"['Centro Fotografia', 'Sighseeing', 'Museo Conte', 'Museo Radio', 'Palazzo della Ragione']",Duomo,strategy_nearest,False,0.0028159618377685547,success
0414FC429C4C81,4,"['San Zeno', 'Castelvecchio', 'Santa Anastasia']",Duomo,"['AMO', 'Museo Miniscalchi', 'Teatro Romano', 'Palazzo della Ragione', 'Museo Conte']",Teatro Romano,strategy_nearest,True,0.003383159637451172,success
041548429C4C81,0,"['Arena', 'San Fermo']",Castelvecchio,"['Museo Lapidario', 'Verona Tour', 'Museo Radio', 'San Zeno', 'Sighseeing']",Casa Giulietta,strategy_nearest,False,0.0029790401458740234,success
0414FE3A9C4C81,0,['Tomba Giulietta'],Casa Giulietta,"['Centro Fotografia', 'Sighseeing', 'Torre Lamberti', 'Museo Conte', 'Museo Radio']",Arena,strategy_nearest,False,0.002386331558227539,success
04154E429C4C81,1,['Arena'],Palazzo della Ragione,"['AMO', 'Museo Conte', 'Torre Lamberti', 'Centro Fotografia', 'Sighseeing']",Torre Lamberti,strategy_nearest,True,0.003482818603515625,success
0415553A9C4C81,1,"['Arena', 'Torre Lamberti', 'Palazzo della Ragione', 'Casa Giulietta']",San Zeno,"['Castelvecchio', 'Verona Tour', 'Museo Lapidario', 'Museo Miniscalchi', 'Sighseeing']",Duomo,strategy_nearest,False,0.0027618408203125,success
041557429C4C81,0,['Arena'],Casa Giulietta,"['Centro Fotografia', 'Sighseeing', 'Torre Lamberti', 'Museo Conte', 'Museo Radio']",Santa Anastasia,strategy_nearest,False,0.003252267837524414,success
041559429C4C81,3,"['Arena', 'San Fermo', 'Casa Giulietta']",Casa Giulietta,"['Centro Fotografia', 'Sighseeing', 'Torre Lamberti', 'Museo Conte', 'Museo Radio']",Torre Lamberti,strategy_nearest,True,0.0026252269744873047,success
041561429C4C81,3,"['Arena', 'Torre Lamberti']",Santa Anastasia,"['AMO', 'Museo Conte', 'Palazzo della Ragione', 'Teatro Romano', 'Centro Fotografia']",Duomo,strategy_nearest,False,0.0033779144287109375,success
0415663A9C4C80,3,"['Santa Anastasia', 'Tomba Giulietta']",San Zeno,"['Castelvecchio', 'Verona Tour', 'Museo Lapidario', 'Arena', 'Museo Miniscalchi']",Castelvecchio,strategy_nearest,True,0.0015017986297607422,success
0415683A9C4C80,1,"['Castelvecchio', 'Museo Lapidario']",San Fermo,"['Museo Storia', 'Museo Radio', 'Casa Giulietta', 'Centro Fotografia', 'Arena']",Palazzo della Ragione,strategy_nearest,False,0.0031747817993164062,success
0415653A9C4C80,3,"['Arena', 'Museo Lapidario', 'Castelvecchio', 'Duomo']",Teatro Romano,"['Santa Anastasia', 'AMO', 'Palazzo della Ragione', 'Museo Conte', 'Centro Fotografia']",Santa Anastasia,strategy_nearest,True,0.0027751922607421875,success
0415683A9C4C81,1,"['Castelvecchio', 'Casa Giulietta', 'Palazzo della Ragione']",Giardino Giusti,"['Santa Anastasia', 'Teatro Romano', 'Museo Conte', 'Centro Fotografia', 'Museo Storia']",Arena,strategy_nearest,False,0.0022346973419189453,success
04156F429C4C81,3,['Arena'],Torre Lamberti,"['Sighseeing', 'Centro Fotografia', 'Museo Conte', 'Casa Giulietta', 'Palazzo della Ragione']",Santa Anastasia,strategy_nearest,False,0.0026068687438964844,success
04156D3A9C4C80,3,"['Arena', 'Castelvecchio', 'San Fermo']",Casa Giulietta,"['Centro Fotografia', 'Sighseeing', 'Torre Lamberti', 'Museo Conte', 'Museo Radio']",San Zeno,strategy_nearest,False,0.00131988525390625,success
041569429C4C81,0,['Arena'],Casa Giulietta,"['Centro Fotografia', 'Sighseeing', 'Torre Lamberti', 'Museo Conte', 'Museo Radio']",Castelvecchio,strategy_nearest,False,0.0034379959106445312,success
041573429C4C80,0,['Tomba Giulietta'],Arena,"['Verona Tour', 'Museo Lapidario', 'Museo Radio', 'San Fermo', 'Casa Giulietta']",Casa Giulietta,strategy_nearest,True,0.001146078109741211,success
041571429C4C80,2,['Torre Lamberti'],Teatro Romano,"['Santa Anastasia', 'Duomo', 'AMO', 'Palazzo della Ragione', 'Museo Conte']",Duomo,strategy_nearest,True,0.0033690929412841797,success
0415763A9C4C80,3,['Casa Giulietta'],Santa Anastasia,"['AMO', 'Museo Conte', 'Palazzo della Ragione', 'Teatro Romano', 'Centro Fotografia']",Duomo,strategy_nearest,False,0.0026140213012695312,success
041573429C4C81,0,['Arena'],Castelvecchio,"['Museo Lapidario', 'Verona Tour', 'Museo Radio', 'San Zeno', 'Sighseeing']",Casa Giulietta,strategy_nearest,False,0.003412961959838867,success
0415773A9C4C80,0,['Tomba Giulietta'],Arena,"['Verona Tour', 'Museo Lapidario', 'Museo Radio', 'San Fermo', 'Casa Giulietta']",Casa Giulietta,strategy_nearest,True,0.003247976303100586,success
041577429C4C81,0,['Arena'],Casa Giulietta,"['Centro Fotografia', 'Sighseeing', 'Torre Lamberti', 'Museo Conte', 'Museo Radio']",Torre Lamberti,strategy_nearest,True,0.0019540786743164062,success
04157C4A9C4C80,6,"['Arena', 'Verona Tour']",Teatro Romano,"['Santa Anastasia', 'Duomo', 'AMO', 'Palazzo della Ragione', 'Museo Conte']",Torre Lamberti,strategy_nearest,False,0.0027909278869628906,success
04157D4A9C4C80,3,['Arena'],Casa Giulietta,"['Centro Fotografia', 'Sighseeing', 'Torre Lamberti', 'Museo Conte', 'Museo Radio']",Torre Lamberti,strategy_nearest,True,0.0031218528747558594,success
0415824A9C4C80,1,"['Arena', 'Palazzo della Ragione']",Torre Lamberti,"['Sighseeing', 'Centro Fotografia', 'Museo Conte', 'Casa Giulietta', 'AMO']",Santa Anastasia,strategy_nearest,False,0.0022618770599365234,success
0415843A9C4C80,2,['Casa Giulietta'],Torre Lamberti,"['Sighseeing', 'Centro Fotografia', 'Museo Conte', 'Palazzo della Ragione', 'AMO']",Palazzo della Ragione,strategy_nearest,True,0.0031890869140625,success
0415844A9C4C81,0,['Arena'],Castelvecchio,"['Museo Lapidario', 'Verona Tour', 'Museo Radio', 'San Zeno', 'Sighseeing']",Torre Lamberti,strategy_nearest,False,0.0019199848175048828,success
0415844A9C4C80,3,"['Arena', 'Duomo']",Teatro Romano,"['Santa Anastasia', 'AMO', 'Palazzo della Ragione', 'Museo Conte', 'Centro Fotografia']",San Fermo,strategy_nearest,False,0.0035598278045654297,success
0415874A9C4C81,3,"['Arena', 'Castelvecchio']",Casa Giulietta,"['Centro Fotografia', 'Sighseeing', 'Torre Lamberti', 'Museo Conte', 'Museo Radio']",Santa Anastasia,strategy_nearest,False,0.0024797916412353516,success
04158A429C4C80,3,"['Arena', 'Museo Lapidario', 'Santa Anastasia']",Torre Lamberti,"['Sighseeing', 'Centro Fotografia', 'Museo Conte', 'Casa Giulietta', 'Palazzo della Ragione']",Teatro Romano,strategy_nearest,False,0.0031156539916992188,success
04158E429C4C81,3,"['Arena', 'Torre Lamberti']",Casa Giulietta,"['Centro Fotografia', 'Sighseeing', 'Museo Conte', 'Museo Radio', 'Palazzo della Ragione']",Duomo,strategy_nearest,False,0.0024318695068359375,success
04158C4A9C4C81,0,['Arena'],Casa Giulietta,"['Centro Fotografia', 'Sighseeing', 'Torre Lamberti', 'Museo Conte', 'Museo Radio']",Santa Anastasia,strategy_nearest,False,0.003194093704223633,success
04158E4A9C4C81,3,"['Tomba Giulietta', 'Museo Lapidario']",Arena,"['Verona Tour', 'Museo Radio', 'San Fermo', 'Casa Giulietta', 'Sighseeing']",Casa Giulietta,strategy_nearest,True,0.0032591819763183594,success
04158F3A9C4C80,3,"['Arena', 'Castelvecchio']",San Zeno,"['Verona Tour', 'Museo Lapidario', 'Museo Miniscalchi', 'Sighseeing', 'Museo Radio']",Casa Giulietta,strategy_nearest,False,0.0033659934997558594,success
041592429C4C80,0,['Tomba Giulietta'],Arena,"['Verona Tour', 'Museo Lapidario', 'Museo Radio', 'San Fermo', 'Casa Giulietta']",Casa Giulietta,strategy_nearest,True,0.003366708755493164,success
041597429C4C81,0,['Arena'],San Fermo,"['Museo Storia', 'Museo Radio', 'Casa Giulietta', 'Centro Fotografia', 'Sighseeing']",Casa Giulietta,strategy_nearest,True,0.002790212631225586,success
0415924A9C4C80,3,"['Arena', 'Tomba Giulietta']",San Fermo,"['Museo Storia', 'Museo Radio', 'Casa Giulietta', 'Centro Fotografia', 'Sighseeing']",Casa Giulietta,strategy_nearest,True,0.0021071434020996094,success
04159D429C4C81,0,"['Arena', 'Duomo']",Casa Giulietta,"['Centro Fotografia', 'Sighseeing', 'Torre Lamberti', 'Museo Conte', 'Museo Radio']",Castelvecchio,strategy_nearest,False,0.0033059120178222656,success
04159F429C4C80,0,['Arena'],Museo Lapidario,"['Verona Tour', 'Castelvecchio', 'Museo Radio', 'San Fermo', 'Casa Giulietta']",Teatro Romano,strategy_nearest,False,0.0020170211791992188,success
04159E429C4C80,1,"['Tomba Giulietta', 'Arena']",Casa Giulietta,"['Centro Fotografia', 'Sighseeing', 'Torre Lamberti', 'Museo Conte', 'Museo Radio']",Palazzo della Ragione,strategy_nearest,False,0.003303050994873047,success
04159C429C4C80,2,['Castelvecchio'],San Zeno,"['Verona Tour', 'Museo Lapidario', 'Arena', 'Museo Miniscalchi', 'Sighseeing']",Museo Lapidario,strategy_nearest,True,0.002487659454345703,success
0415A0429C4C80,1,"['Castelvecchio', 'Arena']",Palazzo della Ragione,"['AMO', 'Museo Conte', 'Torre Lamberti', 'Centro Fotografia', 'Sighseeing']",Torre Lamberti,strategy_nearest,True,0.0016160011291503906,success
0415A53A9C4C81,0,['Arena'],Castelvecchio,"['Museo Lapidario', 'Verona Tour', 'Museo Radio', 'San Zeno', 'Sighseeing']",Casa Giulietta,strategy_nearest,False,0.002711057662963867,success
0415A572743381,2,"['Duomo', 'Torre Lamberti', 'Palazzo della Ragione']",Santa Anastasia,"['AMO', 'Museo Conte', 'Teatro Romano', 'Centro Fotografia', 'Sighseeing']",San Fermo,strategy_nearest,False,0.0020580291748046875,success
0415A1429C4C80,1,"['Arena', 'Museo Lapidario', 'Castelvecchio', 'Duomo']",Santa Anastasia,"['AMO', 'Museo Conte', 'Palazzo della Ragione', 'Teatro Romano', 'Centro Fotografia']",Torre Lamberti,strategy_nearest,False,0.003329038619995117,success
0415A63A9C4C81,2,"['San Fermo', 'Teatro Romano']",Museo Lapidario,"['Verona Tour', 'Arena', 'Castelvecchio', 'Museo Radio', 'Casa Giulietta']",Duomo,strategy_nearest,False,0.003926992416381836,success
0415B1429C4C81,2,['Teatro Romano'],Duomo,"['AMO', 'Museo Miniscalchi', 'Santa Anastasia', 'Palazzo della Ragione', 'Museo Conte']",Casa Giulietta,strategy_nearest,False,0.0025899410247802734,success
0415A84A9C4C81,2,"['Castelvecchio', 'Santa Anastasia']",Torre Lamberti,"['Sighseeing', 'Centro Fotografia', 'Museo Conte', 'Casa Giulietta', 'Palazzo della Ragione']",Palazzo della Ragione,strategy_nearest,True,0.0011849403381347656,success
0415AB3A9C4C81,0,"['Casa Giulietta', 'Torre Lamberti']",Castelvecchio,"['Museo Lapidario', 'Verona Tour', 'Arena', 'Museo Radio', 'San Zeno']",Museo Lapidario,strategy_nearest,True,0.003425121307373047,success
0415B5429C4C81,0,['Arena'],Castelvecchio,"['Museo Lapidario', 'Verona Tour', 'Museo Radio', 'San Zeno', 'Sighseeing']",Duomo,strategy_nearest,False,0.003062725067138672,success
0415BA3A9C4C80,3,"['Arena', 'Casa Giulietta', 'Torre Lamberti']",Teatro Romano,"['Santa Anastasia', 'Duomo', 'AMO', 'Palazzo della Ragione', 'Museo Conte']",Duomo,strategy_nearest,True,0.001730203628540039,success
0415BE3A9C4C80,0,['Castelvecchio'],Arena,"['Verona Tour', 'Museo Lapidario', 'Museo Radio', 'San Fermo', 'Casa Giulietta']",Duomo,strategy_nearest,False,0.002540111541748047,success
0415C6429C4C81,1,['Arena'],Santa Anastasia,"['AMO', 'Museo Conte', 'Palazzo della Ragione', 'Teatro Romano', 'Centro Fotografia']",Casa Giulietta,strategy_nearest,False,0.0016567707061767578,success
0415C0429C4C80,0,['Arena'],Castelvecchio,"['Museo Lapidario', 'Verona Tour', 'Museo Radio', 'San Zeno', 'Sighseeing']",Casa Giulietta,strategy_nearest,False,0.004015207290649414,success
0415C33A9C4C80,0,['Museo Lapidario'],Arena,"['Verona Tour', 'Museo Radio', 'San Fermo', 'Casa Giulietta', 'Sighseeing']",Casa Giulietta,strategy_nearest,True,0.003175973892211914,success
0415C73A9C4C80,3,"['Castelvecchio', 'Arena', 'Casa Giulietta', 'Santa Anastasia']",Duomo,"['AMO', 'Museo Miniscalchi', 'Teatro Romano', 'Palazzo della Ragione', 'Museo Conte']",Teatro Romano,strategy_nearest,True,0.002355813980102539,success
0415CC3A9C4C80,0,['Arena'],Torre Lamberti,"['Sighseeing', 'Centro Fotografia', 'Museo Conte', 'Casa Giulietta', 'Palazzo della Ragione']",Castelvecchio,strategy_nearest,False,0.001912832260131836,success
0415C83A9C4C80,0,"['Castelvecchio', 'Arena']",Museo Lapidario,"['Verona Tour', 'Museo Radio', 'San Fermo', 'Casa Giulietta', 'Tomba Giulietta']",Teatro Romano,strategy_nearest,False,0.0034062862396240234,success
0415CC3A9C4C81,0,['Arena'],Casa Giulietta,"['Centro Fotografia', 'Sighseeing', 'Torre Lamberti', 'Museo Conte', 'Museo Radio']",Castelvecchio,strategy_nearest,False,0.003159761428833008,success
0415D0429C4C81,3,"['Castelvecchio', 'Arena']",Casa Giulietta,"['Centro Fotografia', 'Sighseeing', 'Torre Lamberti', 'Museo Conte', 'Museo Radio']",Santa Anastasia,strategy_nearest,False,0.003046751022338867,success
0415D23A9C4C80,1,"['Arena', 'Casa Giulietta']",Torre Lamberti,"['Sighseeing', 'Centro Fotografia', 'Museo Conte', 'Palazzo della Ragione', 'AMO']",Palazzo della Ragione,strategy_nearest,True,0.0031309127807617188,success
0415D53A9C4C81,3,['Santa Anastasia'],Duomo,"['AMO', 'Museo Miniscalchi', 'Teatro Romano', 'Palazzo della Ragione', 'Museo Conte']",Arena,strategy_nearest,False,0.0031599998474121094,success
0415D63A9C4C80,3,['Santa Anastasia'],Torre Lamberti,"['Sighseeing', 'Centro Fotografia', 'Museo Conte', 'Casa Giulietta', 'Palazzo della Ragione']",Arena,strategy_nearest,False,0.0033729076385498047,success
0415FD429C4C81,1,"['Arena', 'Museo Lapidario', 'Santa Anastasia']",Duomo,"['AMO', 'Museo Miniscalchi', 'Teatro Romano', 'Palazzo della Ragione', 'Museo Conte']",Palazzo della Ragione,strategy_nearest,True,0.0025899410247802734,success
0415FB3A9C4C81,0,['Arena'],Casa Giulietta,"['Centro Fotografia', 'Sighseeing', 'Torre Lamberti', 'Museo Conte', 'Museo Radio']",Duomo,strategy_nearest,False,0.004065036773681641,success
0416413A9C4C81,3,"['Casa Giulietta', 'Torre Lamberti']",Santa Anastasia,"['AMO', 'Museo Conte', 'Palazzo della Ragione', 'Teatro Romano', 'Centro Fotografia']",Duomo,strategy_nearest,False,0.0024077892303466797,success
041642429C4C81,0,['Arena'],Casa Giulietta,"['Centro Fotografia', 'Sighseeing', 'Torre Lamberti', 'Museo Conte', 'Museo Radio']",Castelvecchio,strategy_nearest,False,0.0023839473724365234,success
041645429C4C81,3,"['Castelvecchio', 'Arena']",Casa Giulietta,"['Centro Fotografia', 'Sighseeing', 'Torre Lamberti', 'Museo Conte', 'Museo Radio']",Santa Anastasia,strategy_nearest,False,0.003203153610229492,success
041646429C4C81,2,"['Santa Anastasia', 'Teatro Romano']",Casa Giulietta,"['Centro Fotografia', 'Sighseeing', 'Torre Lamberti', 'Museo Conte', 'Museo Radio']",Castelvecchio,strategy_nearest,False,0.0016832351684570312,success
04164F3A9C4C81,1,"['San Fermo', 'Torre Lamberti', 'Palazzo della Ragione', 'Santa Anastasia']",Teatro Romano,"['Duomo', 'AMO', 'Museo Conte', 'Centro Fotografia', 'Museo Miniscalchi']",Duomo,strategy_nearest,True,0.003171205520629883,success
04165F429C4C80,3,['Arena'],Casa Giulietta,"['Centro Fotografia', 'Sighseeing', 'Torre Lamberti', 'Museo Conte', 'Museo Radio']",Santa Anastasia,strategy_nearest,False,0.002674102783203125,success
041666429C4C81,0,['Arena'],Casa Giulietta,"['Centro Fotografia', 'Sighseeing', 'Torre Lamberti', 'Museo Conte', 'Museo Radio']",Torre Lamberti,strategy_nearest,True,0.002650022506713867,success
04166A429C4C81,0,"['Arena', 'Museo Lapidario']",San Zeno,"['Castelvecchio', 'Verona Tour', 'Museo Miniscalchi', 'Sighseeing', 'Museo Radio']",Castelvecchio,strategy_nearest,True,0.0032677650451660156,success
0416733A9C4C81,2,['Castelvecchio'],Casa Giulietta,"['Centro Fotografia', 'Sighseeing', 'Torre Lamberti', 'Museo Conte', 'Museo Radio']",Torre Lamberti,strategy_nearest,True,0.0031778812408447266,success
0416743A9C4C81,1,"['Castelvecchio', 'Arena', 'San Fermo']",Palazzo della Ragione,"['AMO', 'Museo Conte', 'Torre Lamberti', 'Centro Fotografia', 'Sighseeing']",Torre Lamberti,strategy_nearest,True,0.0024001598358154297,success
041675429C4C80,0,['Tomba Giulietta'],Arena,"['Verona Tour', 'Museo Lapidario', 'Museo Radio', 'San Fermo', 'Casa Giulietta']",Casa Giulietta,strategy_nearest,True,0.002544879913330078,success
0416763A9C4C81,2,['San Fermo'],Torre Lamberti,"['Sighseeing', 'Centro Fotografia', 'Museo Conte', 'Casa Giulietta', 'Palazzo della Ragione']",Palazzo della Ragione,strategy_nearest,True,0.003425121307373047,success
0416783A9C4C80,0,"['Torre Lamberti', 'Casa Giulietta']",San Fermo,"['Museo Storia', 'Museo Radio', 'Centro Fotografia', 'Arena', 'Sighseeing']",Arena,strategy_nearest,True,0.003049135208129883,success
0416783A9C4C81,3,"['Arena', 'Castelvecchio', 'San Zeno']",Teatro Romano,"['Santa Anastasia', 'Duomo', 'AMO', 'Palazzo della Ragione', 'Museo Conte']",Duomo,strategy_nearest,True,0.0037729740142822266,success
04167C4A9C4C81,3,['Arena'],Casa Giulietta,"['Centro Fotografia', 'Sighseeing', 'Torre Lamberti', 'Museo Conte', 'Museo Radio']",San Fermo,strategy_nearest,False,0.0035381317138671875,success
04167E429C4C80,3,"['Casa Giulietta', 'Arena', 'Torre Lamberti']",Castelvecchio,"['Museo Lapidario', 'Verona Tour', 'Museo Radio', 'San Zeno', 'Sighseeing']",San Zeno,strategy_nearest,True,0.002382993698120117,success
04167E429C4C81,0,['Arena'],Torre Lamberti,"['Sighseeing', 'Centro Fotografia', 'Museo Conte', 'Casa Giulietta', 'Palazzo della Ragione']",Casa Giulietta,strategy_nearest,True,0.0017037391662597656,success
04167F429C4C81,0,['Arena'],Casa Giulietta,"['Centro Fotografia', 'Sighseeing', 'Torre Lamberti', 'Museo Conte', 'Museo Radio']",Santa Anastasia,strategy_nearest,False,0.0035173892974853516,success
041684429C4C80,1,"['Arena', 'Torre Lamberti']",Palazzo della Ragione,"['AMO', 'Museo Conte', 'Centro Fotografia', 'Sighseeing', 'Santa Anastasia']",Casa Giulietta,strategy_nearest,False,0.0020101070404052734,success
0416844A9C4C80,0,['Arena'],Museo Lapidario,"['Verona Tour', 'Castelvecchio', 'Museo Radio', 'San Fermo', 'Casa Giulietta']",Casa Giulietta,strategy_nearest,True,0.0024330615997314453,success
04168B3A9C4C81,3,"['Arena', 'Casa Giulietta', 'Santa Anastasia']",Duomo,"['AMO', 'Museo Miniscalchi', 'Teatro Romano', 'Palazzo della Ragione', 'Museo Conte']",Teatro Romano,strategy_nearest,True,0.001878976821899414,success
0416894A9C4C81,0,['Arena'],Casa Giulietta,"['Centro Fotografia', 'Sighseeing', 'Torre Lamberti', 'Museo Conte', 'Museo Radio']",Torre Lamberti,strategy_nearest,True,0.00499415397644043,success
04168B429C4C80,2,"['Castelvecchio', 'Casa Giulietta']",Torre Lamberti,"['Sighseeing', 'Centro Fotografia', 'Museo Conte', 'Palazzo della Ragione', 'AMO']",Palazzo della Ragione,strategy_nearest,True,0.0022079944610595703,success
04168D4A9C4C80,1,"['Arena', 'Casa Giulietta', 'Casa Giulietta']",Duomo,"['AMO', 'Museo Miniscalchi', 'Santa Anastasia', 'Teatro Romano', 'Palazzo della Ragione']",Palazzo della Ragione,strategy_nearest,True,0.0023870468139648438,success
04168E4A9C4C81,0,['Arena'],San Fermo,"['Museo Storia', 'Museo Radio', 'Casa Giulietta', 'Centro Fotografia', 'Sighseeing']",Giardino Giusti,strategy_nearest,False,0.0018780231475830078,success
04168D4A9C4C81,3,"['Arena', 'Museo Lapidario']",Casa Giulietta,"['Centro Fotografia', 'Sighseeing', 'Torre Lamberti', 'Museo Conte', 'Museo Radio']",Torre Lamberti,strategy_nearest,True,0.0033037662506103516,success
04168E4A9C4C80,1,"['Museo Lapidario', 'Arena']",Casa Giulietta,"['Centro Fotografia', 'Sighseeing', 'Torre Lamberti', 'Museo Conte', 'Museo Radio']",Santa Anastasia,strategy_nearest,False,0.0026428699493408203,success
041692429C4C80,0,"['Arena', 'Torre Lamberti']",Castelvecchio,"['Museo Lapidario', 'Verona Tour', 'Museo Radio', 'San Zeno', 'Sighseeing']",Casa Giulietta,strategy_nearest,False,0.002073049545288086,success
04168F429C4C80,0,['Arena'],Torre Lamberti,"['Sighseeing', 'Centro Fotografia', 'Museo Conte', 'Casa Giulietta', 'Palazzo della Ragione']",Castelvecchio,strategy_nearest,False,0.002763986587524414,success
0416924A9C4C80,0,['Arena'],Santa Anastasia,"['AMO', 'Museo Conte', 'Palazzo della Ragione', 'Teatro Romano', 'Centro Fotografia']",Casa Giulietta,strategy_nearest,False,0.0027120113372802734,success
041697429C4C81,0,['Arena'],San Fermo,"['Museo Storia', 'Museo Radio', 'Casa Giulietta', 'Centro Fotografia', 'Sighseeing']",Casa Giulietta,strategy_nearest,True,0.0032711029052734375,success
0416974A9C4C80,0,['Arena'],Torre Lamberti,"['Sighseeing', 'Centro Fotografia', 'Museo Conte', 'Casa Giulietta', 'Palazzo della Ragione']",Casa Giulietta,strategy_nearest,True,0.0028688907623291016,success
04169B429C4C80,0,['Arena'],Castelvecchio,"['Museo Lapidario', 'Verona Tour', 'Museo Radio', 'San Zeno', 'Sighseeing']",Torre Lamberti,strategy_nearest,False,0.0021140575408935547,success
04169B429C4C81,0,['Arena'],Casa Giulietta,"['Centro Fotografia', 'Sighseeing', 'Torre Lamberti', 'Museo Conte', 'Museo Radio']",Torre Lamberti,strategy_nearest,True,0.0025751590728759766,success
04169C4A9C4C80,1,['Arena'],Palazzo della Ragione,"['AMO', 'Museo Conte', 'Torre Lamberti', 'Centro Fotografia', 'Sighseeing']",Torre Lamberti,strategy_nearest,True,0.0020301342010498047,success
04169D429C4C81,3,['Arena'],Torre Lamberti,"['Sighseeing', 'Centro Fotografia', 'Museo Conte', 'Casa Giulietta', 'Palazzo della Ragione']",Casa Giulietta,strategy_nearest,True,0.0025627613067626953,success
04169B4A9C4C80,0,['Arena'],Castelvecchio,"['Museo Lapidario', 'Verona Tour', 'Museo Radio', 'San Zeno', 'Sighseeing']",Torre Lamberti,strategy_nearest,False,0.003863811492919922,success
04169C429C4C80,2,['Torre Lamberti'],Casa Giulietta,"['Centro Fotografia', 'Sighseeing', 'Museo Conte', 'Museo Radio', 'Palazzo della Ragione']",Tomba Giulietta,strategy_nearest,False,0.0035071372985839844,success
04169D4A9C4C81,3,['Arena'],San Fermo,"['Museo Storia', 'Museo Radio', 'Casa Giulietta', 'Centro Fotografia', 'Sighseeing']",Santa Anastasia,strategy_nearest,False,0.0022749900817871094,success
0416A5429C4C80,2,"['Santa Anastasia', 'Torre Lamberti']",Casa Giulietta,"['Centro Fotografia', 'Sighseeing', 'Museo Conte', 'Museo Radio', 'Palazzo della Ragione']",Castelvecchio,strategy_nearest,False,0.0027430057525634766,success
0416A54A9C4C80,0,['Arena'],Casa Giulietta,"['Centro Fotografia', 'Sighseeing', 'Torre Lamberti', 'Museo Conte', 'Museo Radio']",Santa Anastasia,strategy_nearest,False,0.002023935317993164,success
0416A0429C4C80,0,['Arena'],Casa Giulietta,"['Centro Fotografia', 'Sighseeing', 'Torre Lamberti', 'Museo Conte', 'Museo Radio']",Castelvecchio,strategy_nearest,False,0.0034749507904052734,success
0416A84A9C4C81,0,['Arena'],Castelvecchio,"['Museo Lapidario', 'Verona Tour', 'Museo Radio', 'San Zeno', 'Sighseeing']",Santa Anastasia,strategy_nearest,False,0.0028967857360839844,success
0416A94A9C4C81,3,"['Arena', 'Casa Giulietta']",Santa Anastasia,"['AMO', 'Museo Conte', 'Palazzo della Ragione', 'Teatro Romano', 'Centro Fotografia']",Teatro Romano,strategy_nearest,True,0.003172159194946289,success
0416A93A9C4C80,3,['Arena'],Casa Giulietta,"['Centro Fotografia', 'Sighseeing', 'Torre Lamberti', 'Museo Conte', 'Museo Radio']",Santa Anastasia,strategy_nearest,False,0.002604961395263672,success
0416AA429C4C80,0,['Arena'],Casa Giulietta,"['Centro Fotografia', 'Sighseeing', 'Torre Lamberti', 'Museo Conte', 'Museo Radio']",Torre Lamberti,strategy_nearest,True,0.003184080123901367,success
0416B1429C4C81,2,['Teatro Romano'],Torre Lamberti,"['Sighseeing', 'Centro Fotografia', 'Museo Conte', 'Casa Giulietta', 'Palazzo della Ragione']",Casa Giulietta,strategy_nearest,True,0.0019299983978271484,success
0416AC3A9C4C81,3,['Arena'],Casa Giulietta,"['Centro Fotografia', 'Sighseeing', 'Torre Lamberti', 'Museo Conte', 'Museo Radio']",Torre Lamberti,strategy_nearest,True,0.002821207046508789,success
0416C0429C4C80,3,"['Arena', 'Castelvecchio', 'San Zeno']",Teatro Romano,"['Santa Anastasia', 'Duomo', 'AMO', 'Palazzo della Ragione', 'Museo Conte']",Duomo,strategy_nearest,True,0.003186941146850586,success
0416CB429C4C81,2,"['Casa Giulietta', 'Torre Lamberti']",Palazzo della Ragione,"['AMO', 'Museo Conte', 'Centro Fotografia', 'Sighseeing', 'Santa Anastasia']",Santa Anastasia,strategy_nearest,True,0.003228902816772461,success
0416C23A9C4C80,0,['Museo Lapidario'],Arena,"['Verona Tour', 'Museo Radio', 'San Fermo', 'Casa Giulietta', 'Sighseeing']",Casa Giulietta,strategy_nearest,True,0.003313779830932617,success
0416CC3A9C4C80,2,['San Fermo'],Torre Lamberti,"['Sighseeing', 'Centro Fotografia', 'Museo Conte', 'Casa Giulietta', 'Palazzo della Ragione']",Castelvecchio,strategy_nearest,False,0.0022690296173095703,success
0416D23A9C4C81,3,"['Arena', 'Casa Giulietta']",Santa Anastasia,"['AMO', 'Museo Conte', 'Palazzo della Ragione', 'Teatro Romano', 'Centro Fotografia']",Duomo,strategy_nearest,False,0.0017642974853515625,success
0416CF3A9C4C80,3,"['Santa Anastasia', 'Duomo', 'Teatro Romano']",Arena,"['Verona Tour', 'Museo Lapidario', 'Museo Radio', 'San Fermo', 'Casa Giulietta']",Castelvecchio,strategy_nearest,False,0.0041599273681640625,success
0416D93A9C4C80,1,"['Museo Lapidario', 'Arena']",Torre Lamberti,"['Sighseeing', 'Centro Fotografia', 'Museo Conte', 'Casa Giulietta', 'Palazzo della Ragione']",Palazzo della Ragione,strategy_nearest,True,0.0027179718017578125,success
0416D53A9C4C80,1,"['San Zeno', 'Santa Anastasia', 'Duomo', 'Teatro Romano', 'San Fermo']",Tomba Giulietta,"['Museo Storia', 'Arena', 'Museo Lapidario', 'Museo Radio', 'Verona Tour']",Museo Lapidario,strategy_nearest,True,0.003638029098510742,success
0416E23A9C4C81,0,['Casa Giulietta'],Arena,"['Verona Tour', 'Museo Lapidario', 'Museo Radio', 'San Fermo', 'Sighseeing']",Castelvecchio,strategy_nearest,False,0.0030961036682128906,success
0416E0429C4C81,2,"['Castelvecchio', 'Casa Giulietta']",San Fermo,"['Museo Storia', 'Museo Radio', 'Centro Fotografia', 'Arena', 'Sighseeing']",Palazzo della Ragione,strategy_nearest,False,0.0025148391723632812,success
0416E33A9C4C81,1,"['Castelvecchio', 'San Fermo', 'Torre Lamberti', 'Teatro Romano']",Casa Giulietta,"['Centro Fotografia', 'Sighseeing', 'Museo Conte', 'Museo Radio', 'Palazzo della Ragione']",San Zeno,strategy_nearest,False,0.0024499893188476562,success
041757429C4C81,1,"['Arena', 'Casa Giulietta', 'Palazzo della Ragione']",Santa Anastasia,"['AMO', 'Museo Conte', 'Teatro Romano', 'Centro Fotografia', 'Duomo']",Castelvecchio,strategy_nearest,False,0.003242015838623047,success
041746429C4C81,3,"['Arena', 'Castelvecchio', 'San Zeno']",Casa Giulietta,"['Centro Fotografia', 'Sighseeing', 'Torre Lamberti', 'Museo Conte', 'Museo Radio']",Torre Lamberti,strategy_nearest,True,0.004132986068725586,success
041750429C4C81,0,['Arena'],Casa Giulietta,"['Centro Fotografia', 'Sighseeing', 'Torre Lamberti', 'Museo Conte', 'Museo Radio']",Teatro Romano,strategy_nearest,False,0.0019631385803222656,success
04175E429C4C81,1,"['Castelvecchio', 'Museo Lapidario', 'Casa Giulietta']",Palazzo della Ragione,"['AMO', 'Museo Conte', 'Torre Lamberti', 'Centro Fotografia', 'Sighseeing']",Giardino Giusti,strategy_nearest,False,0.002937793731689453,success
04176B429C4C80,3,"['Castelvecchio', 'Arena']",Santa Anastasia,"['AMO', 'Museo Conte', 'Palazzo della Ragione', 'Teatro Romano', 'Centro Fotografia']",Duomo,strategy_nearest,False,0.0021622180938720703,success
04176D429C4C81,0,['Arena'],Casa Giulietta,"['Centro Fotografia', 'Sighseeing', 'Torre Lamberti', 'Museo Conte', 'Museo Radio']",Teatro Romano,strategy_nearest,False,0.002081155776977539,success
04175F429C4C80,0,['Arena'],Casa Giulietta,"['Centro Fotografia', 'Sighseeing', 'Torre Lamberti', 'Museo Conte', 'Museo Radio']",Duomo,strategy_nearest,False,0.0033588409423828125,success
04176F429C4C81,1,"['Arena', 'Casa Giulietta']",Palazzo della Ragione,"['AMO', 'Museo Conte', 'Torre Lamberti', 'Centro Fotografia', 'Sighseeing']",Teatro Romano,strategy_nearest,False,0.003180980682373047,success
0417743A9C4C80,3,"['Arena', 'Castelvecchio', 'San Zeno']",Teatro Romano,"['Santa Anastasia', 'Duomo', 'AMO', 'Palazzo della Ragione', 'Museo Conte']",Duomo,strategy_nearest,True,0.003422975540161133,success
041776429C4C80,1,"['Arena', 'Casa Giulietta']",Torre Lamberti,"['Sighseeing', 'Centro Fotografia', 'Museo Conte', 'Palazzo della Ragione', 'AMO']",Palazzo della Ragione,strategy_nearest,True,0.0021409988403320312,success
0417713A9C4C80,3,"['Arena', 'Casa Giulietta']",Torre Lamberti,"['Sighseeing', 'Centro Fotografia', 'Museo Conte', 'Palazzo della Ragione', 'AMO']",Santa Anastasia,strategy_nearest,False,0.0028390884399414062,success
04177A429C4C81,0,"['Arena', 'Casa Giulietta']",San Zeno,"['Castelvecchio', 'Verona Tour', 'Museo Lapidario', 'Museo Miniscalchi', 'Sighseeing']",Castelvecchio,strategy_nearest,True,0.0011949539184570312,success
041781429C4C81,1,['Arena'],Torre Lamberti,"['Sighseeing', 'Centro Fotografia', 'Museo Conte', 'Casa Giulietta', 'Palazzo della Ragione']",Palazzo della Ragione,strategy_nearest,True,0.0019698143005371094,success
0417833A9C4C81,2,['Palazzo della Ragione'],Torre Lamberti,"['Sighseeing', 'Centro Fotografia', 'Museo Conte', 'Casa Giulietta', 'AMO']",Teatro Romano,strategy_nearest,False,0.0011920928955078125,success
04177F4A9C4C81,2,"['Casa Giulietta', 'Torre Lamberti', 'Palazzo della Ragione']",San Fermo,"['Museo Storia', 'Museo Radio', 'Centro Fotografia', 'Arena', 'Sighseeing']",Castelvecchio,strategy_nearest,False,0.0028879642486572266,success
0417874A9C4C81,0,['Arena'],Museo Lapidario,"['Verona Tour', 'Castelvecchio', 'Museo Radio', 'San Fermo', 'Casa Giulietta']",Castelvecchio,strategy_nearest,True,0.003359079360961914,success
04178B3A9C4C81,0,['Arena'],Castelvecchio,"['Museo Lapidario', 'Verona Tour', 'Museo Radio', 'San Zeno', 'Sighseeing']",Tomba Giulietta,strategy_nearest,False,0.002566814422607422,success
0417894A9C4C81,0,"['Arena', 'Casa Giulietta']",Torre Lamberti,"['Sighseeing', 'Centro Fotografia', 'Museo Conte', 'Palazzo della Ragione', 'AMO']",Duomo,strategy_nearest,False,0.003957986831665039,success
04178C4A9C4C80,0,['Arena'],Casa Giulietta,"['Centro Fotografia', 'Sighseeing', 'Torre Lamberti', 'Museo Conte', 'Museo Radio']",Torre Lamberti,strategy_nearest,True,0.0012989044189453125,success
04178E4A9C4C81,3,['Arena'],Torre Lamberti,"['Sighseeing', 'Centro Fotografia', 'Museo Conte', 'Casa Giulietta', 'Palazzo della Ragione']",Santa Anastasia,strategy_nearest,False,0.003287076950073242,success
04178F429C4C81,0,['Arena'],Torre Lamberti,"['Sighseeing', 'Centro Fotografia', 'Museo Conte', 'Casa Giulietta', 'Palazzo della Ragione']",Duomo,strategy_nearest,False,0.0025599002838134766,success
04178F429C4C80,1,"['Torre Lamberti', 'Palazzo della Ragione']",Casa Giulietta,"['Centro Fotografia', 'Sighseeing', 'Museo Conte', 'Museo Radio', 'San Fermo']",Santa Anastasia,strategy_nearest,False,0.0018570423126220703,success
041790429C4C80,0,['Arena'],Casa Giulietta,"['Centro Fotografia', 'Sighseeing', 'Torre Lamberti', 'Museo Conte', 'Museo Radio']",Torre Lamberti,strategy_nearest,True,0.0027179718017578125,success
0417914A9C4C81,3,"['Arena', 'Castelvecchio']",San Zeno,"['Verona Tour', 'Museo Lapidario', 'Museo Miniscalchi', 'Sighseeing', 'Museo Radio']",Casa Giulietta,strategy_nearest,False,0.0033140182495117188,success
0417994A9C4C80,2,['Museo Lapidario'],Castelvecchio,"['Verona Tour', 'Arena', 'Museo Radio', 'San Zeno', 'Sighseeing']",Duomo,strategy_nearest,False,0.002016782760620117,success
041792429C4C81,3,"['Casa Giulietta', 'Arena']",Torre Lamberti,"['Sighseeing', 'Centro Fotografia', 'Museo Conte', 'Palazzo della Ragione', 'AMO']",Santa Anastasia,strategy_nearest,False,0.0028519630432128906,success
0417924A9C4C81,0,"['Castelvecchio', 'Arena']",Tomba Giulietta,"['San Fermo', 'Museo Storia', 'Museo Lapidario', 'Museo Radio', 'Verona Tour']",San Fermo,strategy_nearest,True,0.003981828689575195,success
04179A429C4C80,3,"['San Fermo', 'Arena', 'Torre Lamberti', 'Duomo']",Santa Anastasia,"['AMO', 'Museo Conte', 'Palazzo della Ragione', 'Teatro Romano', 'Centro Fotografia']",Casa Giulietta,strategy_nearest,False,0.0026171207427978516,success
04179D4A9C4C80,0,['Arena'],Castelvecchio,"['Museo Lapidario', 'Verona Tour', 'Museo Radio', 'San Zeno', 'Sighseeing']",Torre Lamberti,strategy_nearest,False,0.0022788047790527344,success
04179E429C4C80,3,"['Arena', 'Casa Giulietta']",Torre Lamberti,"['Sighseeing', 'Centro Fotografia', 'Museo Conte', 'Palazzo della Ragione', 'AMO']",Duomo,strategy_nearest,False,0.002769947052001953,success
04179F429C4C81,2,['Castelvecchio'],Casa Giulietta,"['Centro Fotografia', 'Sighseeing', 'Torre Lamberti', 'Museo Conte', 'Museo Radio']",Torre Lamberti,strategy_nearest,True,0.0033898353576660156,success
0417A3429C4C81,0,['Arena'],Castelvecchio,"['Museo Lapidario', 'Verona Tour', 'Museo Radio', 'San Zeno', 'Sighseeing']",Torre Lamberti,strategy_nearest,False,0.0018157958984375,success
0417A54A9C4C80,1,['Arena'],Castelvecchio,"['Museo Lapidario', 'Verona Tour', 'Museo Radio', 'San Zeno', 'Sighseeing']",Palazzo della Ragione,strategy_nearest,False,0.002865314483642578,success
0417A84A9C4C81,0,['Arena'],Casa Giulietta,"['Centro Fotografia', 'Sighseeing', 'Torre Lamberti', 'Museo Conte', 'Museo Radio']",Torre Lamberti,strategy_nearest,True,0.0024650096893310547,success
0417A83A9C4C81,2,"['Museo Lapidario', 'Casa Giulietta', 'Palazzo della Ragione']",Torre Lamberti,"['Sighseeing', 'Centro Fotografia', 'Museo Conte', 'AMO', 'Museo Miniscalchi']",Santa Anastasia,strategy_nearest,False,0.002174854278564453,success
0417A84A9C4C80,2,['Casa Giulietta'],Palazzo della Ragione,"['AMO', 'Museo Conte', 'Torre Lamberti', 'Centro Fotografia', 'Sighseeing']",Torre Lamberti,strategy_nearest,True,0.003371000289916992,success
0417B73A9C4C80,0,['Castelvecchio'],Arena,"['Verona Tour', 'Museo Lapidario', 'Museo Radio', 'San Fermo', 'Casa Giulietta']",Teatro Romano,strategy_nearest,False,0.0033490657806396484,success
0417B83A9C4C81,1,"['Teatro Romano', 'Santa Anastasia', 'Torre Lamberti']",Palazzo della Ragione,"['AMO', 'Museo Conte', 'Centro Fotografia', 'Sighseeing', 'Museo Miniscalchi']",Casa Giulietta,strategy_nearest,False,0.001856088638305664,success
0417B93A9C4C81,0,['Arena'],Duomo,"['AMO', 'Museo Miniscalchi', 'Santa Anastasia', 'Teatro Romano', 'Palazzo della Ragione']",Casa Giulietta,strategy_nearest,False,0.003139019012451172,success
0417AD429C4C80,1,"['Arena', 'Torre Lamberti']",Palazzo della Ragione,"['AMO', 'Museo Conte', 'Centro Fotografia', 'Sighseeing', 'Santa Anastasia']",Casa Giulietta,strategy_nearest,False,0.0033447742462158203,success
0417BD3A9C4C81,1,"['Tomba Giulietta', 'Arena']",Museo Lapidario,"['Verona Tour', 'Castelvecchio', 'Museo Radio', 'San Fermo', 'Casa Giulietta']",Torre Lamberti,strategy_nearest,False,0.0032520294189453125,success
0417BB429C4C80,3,"['Arena', 'Casa Giulietta']",Santa Anastasia,"['AMO', 'Museo Conte', 'Palazzo della Ragione', 'Teatro Romano', 'Centro Fotografia']",Duomo,strategy_nearest,False,0.0033347606658935547,success
0417BD429C4C81,2,['Museo Lapidario'],Castelvecchio,"['Verona Tour', 'Arena', 'Museo Radio', 'San Zeno', 'Sighseeing']",Duomo,strategy_nearest,False,0.0019600391387939453,success
0417BC3A9C4C81,1,"['Arena', 'Casa Giulietta']",Palazzo della Ragione,"['AMO', 'Museo Conte', 'Torre Lamberti', 'Centro Fotografia', 'Sighseeing']",Torre Lamberti,strategy_nearest,True,0.0021266937255859375,success
0417C3429C4C80,0,['Arena'],Casa Giulietta,"['Centro Fotografia', 'Sighseeing', 'Torre Lamberti', 'Museo Conte', 'Museo Radio']",Torre Lamberti,strategy_nearest,True,0.0014171600341796875,success
0417C23A9C4C81,3,"['Arena', 'Torre Lamberti']",Casa Giulietta,"['Centro Fotografia', 'Sighseeing', 'Museo Conte', 'Museo Radio', 'Palazzo della Ragione']",Santa Anastasia,strategy_nearest,False,0.0020220279693603516,success
0417C7429C4C80,3,"['Arena', 'Torre Lamberti']",Santa Anastasia,"['AMO', 'Museo Conte', 'Palazzo della Ragione', 'Teatro Romano', 'Centro Fotografia']",Duomo,strategy_nearest,False,0.003468036651611328,success
0417C73A9C4C81,0,['Castelvecchio'],Casa Giulietta,"['Centro Fotografia', 'Sighseeing', 'Torre Lamberti', 'Museo Conte', 'Museo Radio']",Arena,strategy_nearest,False,0.0028150081634521484,success
0417C93A9C4C81,0,['Arena'],Casa Giulietta,"['Centro Fotografia', 'Sighseeing', 'Torre Lamberti', 'Museo Conte', 'Museo Radio']",Palazzo della Ragione,strategy_nearest,False,0.0022449493408203125,success
0417CA3A9C4C80,2,['Duomo'],Casa Giulietta,"['Centro Fotografia', 'Sighseeing', 'Torre Lamberti', 'Museo Conte', 'Museo Radio']",Castelvecchio,strategy_nearest,False,0.0024728775024414062,success
0417CB429C4C80,0,['Casa Giulietta'],Castelvecchio,"['Museo Lapidario', 'Verona Tour', 'Arena', 'Museo Radio', 'San Zeno']",Arena,strategy_nearest,True,0.0024461746215820312,success
0417D0429C4C80,0,['Casa Giulietta'],Arena,"['Verona Tour', 'Museo Lapidario', 'Museo Radio', 'San Fermo', 'Sighseeing']",San Fermo,strategy_nearest,True,0.002382993698120117,success
0417D13A9C4C80,2,"['Teatro Romano', 'Duomo']",Santa Anastasia,"['AMO', 'Museo Conte', 'Palazzo della Ragione', 'Centro Fotografia', 'Torre Lamberti']",San Zeno,strategy_nearest,False,0.003145933151245117,success
0417D03A9C4C80,2,['Santa Anastasia'],Duomo,"['AMO', 'Museo Miniscalchi', 'Teatro Romano', 'Palazzo della Ragione', 'Museo Conte']",Teatro Romano,strategy_nearest,True,0.004263877868652344,success
0417D83A9C4C80,0,['Tomba Giulietta'],Arena,"['Verona Tour', 'Museo Lapidario', 'Museo Radio', 'San Fermo', 'Casa Giulietta']",Casa Giulietta,strategy_nearest,True,0.003000974655151367,success
0417D23A9C4C81,2,"['Palazzo della Ragione', 'Torre Lamberti', 'Casa Giulietta']",Giardino Giusti,"['Santa Anastasia', 'Teatro Romano', 'Museo Conte', 'Centro Fotografia', 'Museo Storia']",Santa Anastasia,strategy_nearest,True,0.003445863723754883,success
04183F3A9C4C81,2,['Casa Giulietta'],Palazzo della Ragione,"['AMO', 'Museo Conte', 'Torre Lamberti', 'Centro Fotografia', 'Sighseeing']",Torre Lamberti,strategy_nearest,True,0.0023660659790039062,success
0417DD3A9C4C80,3,"['Arena', 'Torre Lamberti']",Casa Giulietta,"['Centro Fotografia', 'Sighseeing', 'Museo Conte', 'Museo Radio', 'Palazzo della Ragione']",Santa Anastasia,strategy_nearest,False,0.0028231143951416016,success
0417E43A9C4C81,2,"['Castelvecchio', 'San Zeno']",Torre Lamberti,"['Sighseeing', 'Centro Fotografia', 'Museo Conte', 'Casa Giulietta', 'Palazzo della Ragione']",Santa Anastasia,strategy_nearest,False,0.003290891647338867,success
0417DE3A9C4C80,3,"['Casa Giulietta', 'Castelvecchio', 'San Zeno']",Torre Lamberti,"['Sighseeing', 'Centro Fotografia', 'Museo Conte', 'Palazzo della Ragione', 'AMO']",Santa Anastasia,strategy_nearest,False,0.0034189224243164062,success
04184C429C4C81,3,['Arena'],Casa Giulietta,"['Centro Fotografia', 'Sighseeing', 'Torre Lamberti', 'Museo Conte', 'Museo Radio']",Torre Lamberti,strategy_nearest,True,0.0034890174865722656,success
04184A429C4C81,3,['Arena'],Santa Anastasia,"['AMO', 'Museo Conte', 'Palazzo della Ragione', 'Teatro Romano', 'Centro Fotografia']",Duomo,strategy_nearest,False,0.0021300315856933594,success
041850429C4C81,2,['Duomo'],Santa Anastasia,"['AMO', 'Museo Conte', 'Palazzo della Ragione', 'Teatro Romano', 'Centro Fotografia']",San Fermo,strategy_nearest,False,0.002215147018432617,success
041854429C4C81,2,['Castelvecchio'],Santa Anastasia,"['AMO', 'Museo Conte', 'Palazzo della Ragione', 'Teatro Romano', 'Centro Fotografia']",Duomo,strategy_nearest,False,0.0033490657806396484,success
04185D429C4C81,1,['Arena'],Casa Giulietta,"['Centro Fotografia', 'Sighseeing', 'Torre Lamberti', 'Museo Conte', 'Museo Radio']",Torre Lamberti,strategy_nearest,True,0.001977205276489258,success
04185A429C4C81,1,"['Arena', 'Casa Giulietta', 'Palazzo della Ragione']",Torre Lamberti,"['Sighseeing', 'Centro Fotografia', 'Museo Conte', 'AMO', 'Museo Miniscalchi']",Castelvecchio,strategy_nearest,False,0.002624034881591797,success
04185E429C4C81,1,"['Arena', 'Casa Giulietta', 'Tomba Giulietta']",Casa Giulietta,"['Centro Fotografia', 'Sighseeing', 'Torre Lamberti', 'Museo Conte', 'Museo Radio']",Torre Lamberti,strategy_nearest,True,0.002804994583129883,success
041863429C4C80,0,['Arena'],Torre Lamberti,"['Sighseeing', 'Centro Fotografia', 'Museo Conte', 'Casa Giulietta', 'Palazzo della Ragione']",Casa Giulietta,strategy_nearest,True,0.0036280155181884766,success
041862429C4C81,0,['Arena'],Casa Giulietta,"['Centro Fotografia', 'Sighseeing', 'Torre Lamberti', 'Museo Conte', 'Museo Radio']",Castelvecchio,strategy_nearest,False,0.003627777099609375,success
041863429C4C81,0,['Arena'],Casa Giulietta,"['Centro Fotografia', 'Sighseeing', 'Torre Lamberti', 'Museo Conte', 'Museo Radio']",Santa Anastasia,strategy_nearest,False,0.002791166305541992,success
04186C429C4C81,0,['Arena'],Teatro Romano,"['Santa Anastasia', 'Duomo', 'AMO', 'Palazzo della Ragione', 'Museo Conte']",Torre Lamberti,strategy_nearest,False,0.002599954605102539,success
04186E3A9C4C81,2,"['Duomo', 'Teatro Romano', 'Tomba Giulietta']",San Zeno,"['Castelvecchio', 'Verona Tour', 'Museo Lapidario', 'Arena', 'Museo Miniscalchi']",Giardino Giusti,strategy_nearest,False,0.0019099712371826172,success
041866429C4C81,2,['Teatro Romano'],Duomo,"['AMO', 'Museo Miniscalchi', 'Santa Anastasia', 'Palazzo della Ragione', 'Museo Conte']",Santa Anastasia,strategy_nearest,True,0.0025970935821533203,success
041872429C4C81,1,"['Palazzo della Ragione', 'Torre Lamberti']",Arena,"['Verona Tour', 'Museo Lapidario', 'Museo Radio', 'San Fermo', 'Casa Giulietta']",Casa Giulietta,strategy_nearest,True,0.0019540786743164062,success
041871429C4C81,0,['Arena'],Casa Giulietta,"['Centro Fotografia', 'Sighseeing', 'Torre Lamberti', 'Museo Conte', 'Museo Radio']",Santa Anastasia,strategy_nearest,False,0.0025658607482910156,success
041874429C4C81,1,"['Arena', 'San Fermo']",Casa Giulietta,"['Centro Fotografia', 'Sighseeing', 'Torre Lamberti', 'Museo Conte', 'Museo Radio']",Palazzo della Ragione,strategy_nearest,False,0.0026078224182128906,success
0418753A9C4C81,3,['Arena'],Casa Giulietta,"['Centro Fotografia', 'Sighseeing', 'Torre Lamberti', 'Museo Conte', 'Museo Radio']",Torre Lamberti,strategy_nearest,True,0.003571033477783203,success
041876429C4C81,3,"['Museo Lapidario', 'Arena']",Casa Giulietta,"['Centro Fotografia', 'Sighseeing', 'Torre Lamberti', 'Museo Conte', 'Museo Radio']",Torre Lamberti,strategy_nearest,True,0.002468109130859375,success
0418833A9C4C80,0,['Arena'],Casa Giulietta,"['Centro Fotografia', 'Sighseeing', 'Torre Lamberti', 'Museo Conte', 'Museo Radio']",Santa Anastasia,strategy_nearest,False,0.002992868423461914,success
041886429C4C81,1,"['Arena', 'Torre Lamberti']",Palazzo della Ragione,"['AMO', 'Museo Conte', 'Centro Fotografia', 'Sighseeing', 'Santa Anastasia']",Casa Giulietta,strategy_nearest,False,0.0032210350036621094,success
041884429C4C81,0,['Arena'],Casa Giulietta,"['Centro Fotografia', 'Sighseeing', 'Torre Lamberti', 'Museo Conte', 'Museo Radio']",Torre Lamberti,strategy_nearest,True,0.0033349990844726562,success
041883429C4C81,3,['Casa Giulietta'],Arena,"['Verona Tour', 'Museo Lapidario', 'Museo Radio', 'San Fermo', 'Sighseeing']",Santa Anastasia,strategy_nearest,False,0.0033669471740722656,success
041892429C4C81,2,['Castelvecchio'],San Zeno,"['Verona Tour', 'Museo Lapidario', 'Arena', 'Museo Miniscalchi', 'Sighseeing']",Teatro Romano,strategy_nearest,False,0.0026521682739257812,success
041893429C4C81,0,['Arena'],Casa Giulietta,"['Centro Fotografia', 'Sighseeing', 'Torre Lamberti', 'Museo Conte', 'Museo Radio']",Torre Lamberti,strategy_nearest,True,0.002231121063232422,success
041897429C4C81,1,"['Arena', 'Casa Giulietta', 'Torre Lamberti', 'Palazzo della Ragione']",Santa Anastasia,"['AMO', 'Museo Conte', 'Teatro Romano', 'Centro Fotografia', 'Duomo']",Duomo,strategy_nearest,True,0.0035457611083984375,success
041896429C4C81,3,"['Arena', 'Tomba Giulietta']",San Fermo,"['Museo Storia', 'Museo Radio', 'Casa Giulietta', 'Centro Fotografia', 'Sighseeing']",Santa Anastasia,strategy_nearest,False,0.002847909927368164,success
0418A572743381,1,['Teatro Romano'],Castelvecchio,"['Museo Lapidario', 'Verona Tour', 'Arena', 'Museo Radio', 'San Zeno']",Palazzo della Ragione,strategy_nearest,False,0.0020630359649658203,success
04189F429C4C81,2,['Castelvecchio'],Casa Giulietta,"['Centro Fotografia', 'Sighseeing', 'Torre Lamberti', 'Museo Conte', 'Museo Radio']",Teatro Romano,strategy_nearest,False,0.003721952438354492,success
0418AB4A9C4C81,0,['Arena'],Casa Giulietta,"['Centro Fotografia', 'Sighseeing', 'Torre Lamberti', 'Museo Conte', 'Museo Radio']",Castelvecchio,strategy_nearest,False,0.002681732177734375,success
0418AA429C4C81,1,['Museo Lapidario'],Torre Lamberti,"['Sighseeing', 'Centro Fotografia', 'Museo Conte', 'Casa Giulietta', 'Palazzo della Ragione']",Palazzo della Ragione,strategy_nearest,True,0.003560781478881836,success
0418B0429C4C81,3,['Arena'],Casa Giulietta,"['Centro Fotografia', 'Sighseeing', 'Torre Lamberti', 'Museo Conte', 'Museo Radio']",Santa Anastasia,strategy_nearest,False,0.0018420219421386719,success
0418AD429C4C81,0,['Arena'],Palazzo della Ragione,"['AMO', 'Museo Conte', 'Torre Lamberti', 'Centro Fotografia', 'Sighseeing']",Casa Giulietta,strategy_nearest,False,0.0032927989959716797,success
0418AF3A9C4C81,0,"['Arena', 'Museo Lapidario']",Castelvecchio,"['Verona Tour', 'Museo Radio', 'San Zeno', 'Sighseeing', 'Museo Miniscalchi']",Casa Giulietta,strategy_nearest,False,0.0032501220703125,success
0418C83A9C4C80,1,"['Arena', 'Museo Lapidario']",Torre Lamberti,"['Sighseeing', 'Centro Fotografia', 'Museo Conte', 'Casa Giulietta', 'Palazzo della Ragione']",Palazzo della Ragione,strategy_nearest,True,0.0012850761413574219,success
0418B6429C4C81,0,['Arena'],Torre Lamberti,"['Sighseeing', 'Centro Fotografia', 'Museo Conte', 'Casa Giulietta', 'Palazzo della Ragione']",Teatro Romano,strategy_nearest,False,0.003805875778198242,success
0418B8429C4C81,0,['Arena'],Casa Giulietta,"['Centro Fotografia', 'Sighseeing', 'Torre Lamberti', 'Museo Conte', 'Museo Radio']",Duomo,strategy_nearest,False,0.003930091857910156,success
0418C93A9C4C80,2,"['Teatro Romano', 'Castelvecchio', 'San Zeno']",Torre Lamberti,"['Sighseeing', 'Centro Fotografia', 'Museo Conte', 'Casa Giulietta', 'Palazzo della Ragione']",Palazzo della Ragione,strategy_nearest,True,0.003325939178466797,success
0418CC3A9C4C81,0,['Arena'],Castelvecchio,"['Museo Lapidario', 'Verona Tour', 'Museo Radio', 'San Zeno', 'Sighseeing']",Casa Giulietta,strategy_nearest,False,0.0022678375244140625,success
0418CD429C4C81,2,"['Torre Lamberti', 'Palazzo della Ragione', 'San Zeno']",Casa Giulietta,"['Centro Fotografia', 'Sighseeing', 'Museo Conte', 'Museo Radio', 'San Fermo']",Duomo,strategy_nearest,False,0.0026149749755859375,success
0418CE429C4C81,1,"['San Fermo', 'Casa Giulietta', 'Palazzo della Ragione', 'Santa Anastasia']",Duomo,"['AMO', 'Museo Miniscalchi', 'Teatro Romano', 'Museo Conte', 'Torre Lamberti']",Teatro Romano,strategy_nearest,True,0.00267791748046875,success
0418CE3A9C4C81,3,"['Arena', 'Castelvecchio']",Torre Lamberti,"['Sighseeing', 'Centro Fotografia', 'Museo Conte', 'Casa Giulietta', 'Palazzo della Ragione']",Duomo,strategy_nearest,False,0.002660989761352539,success
0418E33A9C4C81,0,"['Arena', 'Casa Giulietta']",Torre Lamberti,"['Sighseeing', 'Centro Fotografia', 'Museo Conte', 'Palazzo della Ragione', 'AMO']",Duomo,strategy_nearest,False,0.0023598670959472656,success
0418E4429C4C81,1,"['Arena', 'Casa Giulietta']",Torre Lamberti,"['Sighseeing', 'Centro Fotografia', 'Museo Conte', 'Palazzo della Ragione', 'AMO']",Palazzo della Ragione,strategy_nearest,True,0.0046939849853515625,success
0419433A9C4C81,1,"['Arena', 'Casa Giulietta', 'Torre Lamberti']",Palazzo della Ragione,"['AMO', 'Museo Conte', 'Centro Fotografia', 'Sighseeing', 'Santa Anastasia']",Teatro Romano,strategy_nearest,False,0.002106189727783203,success
0419513A9C4C81,0,['Arena'],Torre Lamberti,"['Sighseeing', 'Centro Fotografia', 'Museo Conte', 'Casa Giulietta', 'Palazzo della Ragione']",Teatro Romano,strategy_nearest,False,0.0032210350036621094,success
04195B3A9C4C81,2,"['San Zeno', 'Castelvecchio', 'Casa Giulietta']",Torre Lamberti,"['Sighseeing', 'Centro Fotografia', 'Museo Conte', 'Palazzo della Ragione', 'AMO']",Santa Anastasia,strategy_nearest,False,0.002001047134399414,success
04195F3A9C4C81,3,"['Torre Lamberti', 'Santa Anastasia', 'Arena']",Castelvecchio,"['Museo Lapidario', 'Verona Tour', 'Museo Radio', 'San Zeno', 'Sighseeing']",San Zeno,strategy_nearest,True,0.0033168792724609375,success
041963429C4C81,0,['Arena'],Casa Giulietta,"['Centro Fotografia', 'Sighseeing', 'Torre Lamberti', 'Museo Conte', 'Museo Radio']",Duomo,strategy_nearest,False,0.001940011978149414,success
041965429C4C80,0,['Arena'],Casa Giulietta,"['Centro Fotografia', 'Sighseeing', 'Torre Lamberti', 'Museo Conte', 'Museo Radio']",Teatro Romano,strategy_nearest,False,0.001338958740234375,success
04196A429C4C80,0,['Arena'],Casa Giulietta,"['Centro Fotografia', 'Sighseeing', 'Torre Lamberti', 'Museo Conte', 'Museo Radio']",Giardino Giusti,strategy_nearest,False,0.0032608509063720703,success
04196D429C4C80,3,['Arena'],Santa Anastasia,"['AMO', 'Museo Conte', 'Palazzo della Ragione', 'Teatro Romano', 'Centro Fotografia']",Duomo,strategy_nearest,False,0.0017681121826171875,success
04197A429C4C80,0,['Arena'],Casa Giulietta,"['Centro Fotografia', 'Sighseeing', 'Torre Lamberti', 'Museo Conte', 'Museo Radio']",Castelvecchio,strategy_nearest,False,0.0024662017822265625,success
0419723A9C4C80,3,['Casa Giulietta'],Santa Anastasia,"['AMO', 'Museo Conte', 'Palazzo della Ragione', 'Teatro Romano', 'Centro Fotografia']",Duomo,strategy_nearest,False,0.003443002700805664,success
041970429C4C81,1,"['Arena', 'Tomba Giulietta']",Casa Giulietta,"['Centro Fotografia', 'Sighseeing', 'Torre Lamberti', 'Museo Conte', 'Museo Radio']",Torre Lamberti,strategy_nearest,True,0.0028579235076904297,success
04197A4A9C4C81,0,['Arena'],Torre Lamberti,"['Sighseeing', 'Centro Fotografia', 'Museo Conte', 'Casa Giulietta', 'Palazzo della Ragione']",Teatro Romano,strategy_nearest,False,0.003070831298828125,success
04197E3A9C4C80,0,"['Arena', 'Casa Giulietta']",Tomba Giulietta,"['San Fermo', 'Museo Storia', 'Museo Lapidario', 'Museo Radio', 'Verona Tour']",Arena,strategy_nearest,False,0.0022830963134765625,success
04197E429C4C80,0,['Arena'],Torre Lamberti,"['Sighseeing', 'Centro Fotografia', 'Museo Conte', 'Casa Giulietta', 'Palazzo della Ragione']",Teatro Romano,strategy_nearest,False,0.0027332305908203125,success
0419843A9C4C80,3,['Arena'],Casa Giulietta,"['Centro Fotografia', 'Sighseeing', 'Torre Lamberti', 'Museo Conte', 'Museo Radio']",Torre Lamberti,strategy_nearest,True,0.002032756805419922,success
041981429C4C81,3,"['Arena', 'Castelvecchio']",Duomo,"['AMO', 'Museo Miniscalchi', 'Santa Anastasia', 'Teatro Romano', 'Palazzo della Ragione']",Santa Anastasia,strategy_nearest,True,0.003390073776245117,success
041985429C4C80,3,"['Arena', 'Casa Giulietta']",Torre Lamberti,"['Sighseeing', 'Centro Fotografia', 'Museo Conte', 'Palazzo della Ragione', 'AMO']",Castelvecchio,strategy_nearest,False,0.003932952880859375,success
041991429C4C81,2,"['Castelvecchio', 'Teatro Romano']",Santa Anastasia,"['AMO', 'Museo Conte', 'Palazzo della Ragione', 'Centro Fotografia', 'Duomo']",Torre Lamberti,strategy_nearest,False,0.0019550323486328125,success
041990429C4C80,1,"['Arena', 'Casa Giulietta']",Torre Lamberti,"['Sighseeing', 'Centro Fotografia', 'Museo Conte', 'Palazzo della Ragione', 'AMO']",Palazzo della Ragione,strategy_nearest,True,0.0032269954681396484,success
04198C4A9C4C81,1,"['Arena', 'Museo Lapidario', 'Castelvecchio']",Casa Giulietta,"['Centro Fotografia', 'Sighseeing', 'Torre Lamberti', 'Museo Conte', 'Museo Radio']",Torre Lamberti,strategy_nearest,True,0.0021162033081054688,success
041994429C4C81,2,"['Castelvecchio', 'Casa Giulietta']",Palazzo della Ragione,"['AMO', 'Museo Conte', 'Torre Lamberti', 'Centro Fotografia', 'Sighseeing']",Santa Anastasia,strategy_nearest,False,0.0015079975128173828,success
0419934A9C4C81,0,"['Arena', 'Museo Lapidario', 'Castelvecchio']",San Zeno,"['Verona Tour', 'Museo Miniscalchi', 'Sighseeing', 'Museo Radio', 'Torre Lamberti']",Torre Lamberti,strategy_nearest,True,0.0021719932556152344,success
041992429C4C80,0,['Castelvecchio'],Santa Anastasia,"['AMO', 'Museo Conte', 'Palazzo della Ragione', 'Teatro Romano', 'Centro Fotografia']",Arena,strategy_nearest,False,0.002847909927368164,success
041993429C4C81,1,"['Arena', 'San Fermo']",Torre Lamberti,"['Sighseeing', 'Centro Fotografia', 'Museo Conte', 'Casa Giulietta', 'Palazzo della Ragione']",Palazzo della Ragione,strategy_nearest,True,0.003465890884399414,success
041996429C4C81,3,['Arena'],San Fermo,"['Museo Storia', 'Museo Radio', 'Casa Giulietta', 'Centro Fotografia', 'Sighseeing']",Santa Anastasia,strategy_nearest,False,0.0019369125366210938,success
041996429C4C80,1,"['Arena', 'San Fermo', 'Casa Giulietta', 'Palazzo della Ragione']",Torre Lamberti,"['Sighseeing', 'Centro Fotografia', 'Museo Conte', 'AMO', 'Museo Miniscalchi']",Santa Anastasia,strategy_nearest,False,0.0025479793548583984,success
041998429C4C81,0,['Arena'],Torre Lamberti,"['Sighseeing', 'Centro Fotografia', 'Museo Conte', 'Casa Giulietta', 'Palazzo della Ragione']",Casa Giulietta,strategy_nearest,True,0.003319978713989258,success
041997429C4C81,0,['Arena'],Casa Giulietta,"['Centro Fotografia', 'Sighseeing', 'Torre Lamberti', 'Museo Conte', 'Museo Radio']",Torre Lamberti,strategy_nearest,True,0.002665996551513672,success
041999429C4C81,0,['Arena'],Teatro Romano,"['Santa Anastasia', 'Duomo', 'AMO', 'Palazzo della Ragione', 'Museo Conte']",Giardino Giusti,strategy_nearest,False,0.00202178955078125,success
0419994A9C4C80,0,['Arena'],Duomo,"['AMO', 'Museo Miniscalchi', 'Santa Anastasia', 'Teatro Romano', 'Palazzo della Ragione']",Teatro Romano,strategy_nearest,True,0.0025930404663085938,success
04199A429C4C80,3,"['Casa Giulietta', 'Santa Anastasia']",Duomo,"['AMO', 'Museo Miniscalchi', 'Teatro Romano', 'Palazzo della Ragione', 'Museo Conte']",Arena,strategy_nearest,False,0.0027289390563964844,success
04199A429C4C81,0,['Arena'],Casa Giulietta,"['Centro Fotografia', 'Sighseeing', 'Torre Lamberti', 'Museo Conte', 'Museo Radio']",Castelvecchio,strategy_nearest,False,0.003119945526123047,success
04199D429C4C81,0,['Castelvecchio'],Casa Giulietta,"['Centro Fotografia', 'Sighseeing', 'Torre Lamberti', 'Museo Conte', 'Museo Radio']",Torre Lamberti,strategy_nearest,True,0.002347707748413086,success
04199E429C4C80,2,"['Castelvecchio', 'Torre Lamberti']",Casa Giulietta,"['Centro Fotografia', 'Sighseeing', 'Museo Conte', 'Museo Radio', 'Palazzo della Ragione']",Teatro Romano,strategy_nearest,False,0.0029630661010742188,success
04199E4A9C4C81,3,"['Arena', 'Casa Giulietta']",Santa Anastasia,"['AMO', 'Museo Conte', 'Palazzo della Ragione', 'Teatro Romano', 'Centro Fotografia']",Teatro Romano,strategy_nearest,True,0.003358125686645508,success
0419A63A9C4C80,3,"['Arena', 'Tomba Giulietta', 'San Fermo']",Casa Giulietta,"['Centro Fotografia', 'Sighseeing', 'Torre Lamberti', 'Museo Conte', 'Museo Radio']",Santa Anastasia,strategy_nearest,False,0.002529144287109375,success
0419A63A9C4C81,0,['Arena'],Casa Giulietta,"['Centro Fotografia', 'Sighseeing', 'Torre Lamberti', 'Museo Conte', 'Museo Radio']",Tomba Giulietta,strategy_nearest,False,0.003262042999267578,success
0419A73A9C4C80,2,"['San Fermo', 'Teatro Romano', 'Museo Lapidario']",Santa Anastasia,"['AMO', 'Museo Conte', 'Palazzo della Ragione', 'Centro Fotografia', 'Duomo']",Duomo,strategy_nearest,True,0.0033211708068847656,success
0419AA3A9C4C81,2,['Tomba Giulietta'],Castelvecchio,"['Museo Lapidario', 'Verona Tour', 'Arena', 'Museo Radio', 'San Zeno']",San Fermo,strategy_nearest,False,0.0023849010467529297,success
0419A93A9C4C80,1,['Arena'],Casa Giulietta,"['Centro Fotografia', 'Sighseeing', 'Torre Lamberti', 'Museo Conte', 'Museo Radio']",Palazzo della Ragione,strategy_nearest,False,0.0034589767456054688,success
0419B0429C4C80,3,"['Arena', 'San Fermo']",Casa Giulietta,"['Centro Fotografia', 'Sighseeing', 'Torre Lamberti', 'Museo Conte', 'Museo Radio']",Santa Anastasia,strategy_nearest,False,0.0034432411193847656,success
0419AD429C4C81,2,['Teatro Romano'],Duomo,"['AMO', 'Museo Miniscalchi', 'Santa Anastasia', 'Palazzo della Ragione', 'Museo Conte']",Santa Anastasia,strategy_nearest,True,0.0027670860290527344,success
0419B0429C4C81,3,"['Arena', 'San Fermo', 'Casa Giulietta']",Torre Lamberti,"['Sighseeing', 'Centro Fotografia', 'Museo Conte', 'Palazzo della Ragione', 'AMO']",Santa Anastasia,strategy_nearest,False,0.0021979808807373047,success
0419B7429C4C80,0,['Arena'],Casa Giulietta,"['Centro Fotografia', 'Sighseeing', 'Torre Lamberti', 'Museo Conte', 'Museo Radio']",Torre Lamberti,strategy_nearest,True,0.00321197509765625,success
0419B8429C4C81,3,"['Arena', 'Casa Giulietta']",Santa Anastasia,"['AMO', 'Museo Conte', 'Palazzo della Ragione', 'Teatro Romano', 'Centro Fotografia']",Duomo,strategy_nearest,False,0.0023097991943359375,success
0419BA3A9C4C81,3,"['Arena', 'San Zeno']",Castelvecchio,"['Museo Lapidario', 'Verona Tour', 'Museo Radio', 'Sighseeing', 'Museo Miniscalchi']",Duomo,strategy_nearest,False,0.003518819808959961,success
0419C33A9C4C80,2,['Casa Giulietta'],Torre Lamberti,"['Sighseeing', 'Centro Fotografia', 'Museo Conte', 'Palazzo della Ragione', 'AMO']",Santa Anastasia,strategy_nearest,False,0.0018749237060546875,success
0419C6429C4C81,3,['Arena'],Torre Lamberti,"['Sighseeing', 'Centro Fotografia', 'Museo Conte', 'Casa Giulietta', 'Palazzo della Ragione']",Duomo,strategy_nearest,False,0.003074169158935547,success
0419C2429C4C80,2,"['Castelvecchio', 'Duomo']",Santa Anastasia,"['AMO', 'Museo Conte', 'Palazzo della Ragione', 'Teatro Romano', 'Centro Fotografia']",Casa Giulietta,strategy_nearest,False,0.003928184509277344,success
0419C8429C4C81,3,['Arena'],Torre Lamberti,"['Sighseeing', 'Centro Fotografia', 'Museo Conte', 'Casa Giulietta', 'Palazzo della Ragione']",Casa Giulietta,strategy_nearest,True,0.0029840469360351562,success
0419C9429C4C80,0,['Castelvecchio'],Casa Giulietta,"['Centro Fotografia', 'Sighseeing', 'Torre Lamberti', 'Museo Conte', 'Museo Radio']",Arena,strategy_nearest,False,0.001127004623413086,success
0419CA429C4C81,3,"['Casa Giulietta', 'Torre Lamberti']",Santa Anastasia,"['AMO', 'Museo Conte', 'Palazzo della Ragione', 'Teatro Romano', 'Centro Fotografia']",Arena,strategy_nearest,False,0.002639293670654297,success
0419CF3A9C4C80,3,"['Duomo', 'Arena', 'Santa Anastasia']",Casa Giulietta,"['Centro Fotografia', 'Sighseeing', 'Torre Lamberti', 'Museo Conte', 'Museo Radio']",Casa Giulietta,strategy_nearest,False,0.0032012462615966797,success
0419D03A9C4C80,2,['Casa Giulietta'],San Fermo,"['Museo Storia', 'Museo Radio', 'Centro Fotografia', 'Arena', 'Sighseeing']",Torre Lamberti,strategy_nearest,False,0.0029189586639404297,success
0419D53A9C4C80,1,"['Casa Giulietta', 'Santa Anastasia', 'Duomo', 'Palazzo della Ragione', 'Teatro Romano']",Tomba Giulietta,"['San Fermo', 'Museo Storia', 'Arena', 'Museo Lapidario', 'Museo Radio']",Castelvecchio,strategy_nearest,False,0.0022461414337158203,success
0419D23A9C4C81,1,"['Arena', 'Casa Giulietta']",Duomo,"['AMO', 'Museo Miniscalchi', 'Santa Anastasia', 'Teatro Romano', 'Palazzo della Ragione']",Torre Lamberti,strategy_nearest,False,0.0038399696350097656,success
0419D63A9C4C80,1,"['Teatro Romano', 'Casa Giulietta']",Torre Lamberti,"['Sighseeing', 'Centro Fotografia', 'Museo Conte', 'Palazzo della Ragione', 'AMO']",Palazzo della Ragione,strategy_nearest,True,0.0031578540802001953,success
0419D73A9C4C80,0,['Arena'],Torre Lamberti,"['Sighseeing', 'Centro Fotografia', 'Museo Conte', 'Casa Giulietta', 'Palazzo della Ragione']",Teatro Romano,strategy_nearest,False,0.0012860298156738281,success
0419DD429C4C80,1,['Arena'],Torre Lamberti,"['Sighseeing', 'Centro Fotografia', 'Museo Conte', 'Casa Giulietta', 'Palazzo della Ragione']",Palazzo della Ragione,strategy_nearest,True,0.0026209354400634766,success
0419E03A9C4C80,0,['Arena'],Torre Lamberti,"['Sighseeing', 'Centro Fotografia', 'Museo Conte', 'Casa Giulietta', 'Palazzo della Ragione']",Casa Giulietta,strategy_nearest,True,0.003239870071411133,success
0419E23A9C4C81,1,"['Torre Lamberti', 'Santa Anastasia', 'Duomo', 'Castelvecchio', 'Teatro Romano']",Arena,"['Verona Tour', 'Museo Lapidario', 'Museo Radio', 'San Fermo', 'Casa Giulietta']",San Fermo,strategy_nearest,True,0.0021660327911376953,success
0419E13A9C4C81,1,"['Arena', 'San Fermo']",Castelvecchio,"['Museo Lapidario', 'Verona Tour', 'Museo Radio', 'San Zeno', 'Sighseeing']",Santa Anastasia,strategy_nearest,False,0.003412008285522461,success
041A483A9C4C81,0,['Santa Anastasia'],Casa Giulietta,"['Centro Fotografia', 'Sighseeing', 'Torre Lamberti', 'Museo Conte', 'Museo Radio']",Arena,strategy_nearest,False,0.0014920234680175781,success
041A4E3A9C4C81,1,"['San Fermo', 'Torre Lamberti', 'Palazzo della Ragione', 'Santa Anastasia', 'Teatro Romano']",Duomo,"['AMO', 'Museo Miniscalchi', 'Museo Conte', 'Centro Fotografia', 'Sighseeing']",Casa Giulietta,strategy_nearest,False,0.0032639503479003906,success
041A563A9C4C80,0,['Castelvecchio'],Arena,"['Verona Tour', 'Museo Lapidario', 'Museo Radio', 'San Fermo', 'Casa Giulietta']",Casa Giulietta,strategy_nearest,True,0.0025076866149902344,success
041A553A9C4C81,3,"['Arena', 'San Fermo', 'Castelvecchio']",Torre Lamberti,"['Sighseeing', 'Centro Fotografia', 'Museo Conte', 'Casa Giulietta', 'Palazzo della Ragione']",Teatro Romano,strategy_nearest,False,0.0023899078369140625,success
041A58429C4C81,0,['Arena'],Casa Giulietta,"['Centro Fotografia', 'Sighseeing', 'Torre Lamberti', 'Museo Conte', 'Museo Radio']",Santa Anastasia,strategy_nearest,False,0.0033109188079833984,success
041A5B3A9C4C81,3,"['Arena', 'Casa Giulietta', 'Torre Lamberti']",San Fermo,"['Museo Storia', 'Museo Radio', 'Centro Fotografia', 'Sighseeing', 'Museo Conte']",Santa Anastasia,strategy_nearest,False,0.0026030540466308594,success
041A60429C4C80,0,['Arena'],Casa Giulietta,"['Centro Fotografia', 'Sighseeing', 'Torre Lamberti', 'Museo Conte', 'Museo Radio']",Santa Anastasia,strategy_nearest,False,0.0022079944610595703,success
041A693A9C4C80,1,"['Arena', 'Castelvecchio', 'Torre Lamberti']",Palazzo della Ragione,"['AMO', 'Museo Conte', 'Centro Fotografia', 'Sighseeing', 'Santa Anastasia']",Casa Giulietta,strategy_nearest,False,0.0025987625122070312,success
041A63429C4C81,0,['Arena'],Casa Giulietta,"['Centro Fotografia', 'Sighseeing', 'Torre Lamberti', 'Museo Conte', 'Museo Radio']",Santa Anastasia,strategy_nearest,False,0.003325939178466797,success
041A653A9C4C81,2,"['San Fermo', 'Casa Giulietta', 'Torre Lamberti']",Tomba Giulietta,"['Museo Storia', 'Arena', 'Museo Lapidario', 'Museo Radio', 'Verona Tour']",San Zeno,strategy_nearest,False,0.0020971298217773438,success
041A70429C4C81,0,"['Arena', 'Tomba Giulietta']",San Fermo,"['Museo Storia', 'Museo Radio', 'Casa Giulietta', 'Centro Fotografia', 'Sighseeing']",Casa Giulietta,strategy_nearest,True,0.0037686824798583984,success
041A73429C4C81,0,['Arena'],Torre Lamberti,"['Sighseeing', 'Centro Fotografia', 'Museo Conte', 'Casa Giulietta', 'Palazzo della Ragione']",Duomo,strategy_nearest,False,0.002588033676147461,success
041A71429C4C81,0,['Arena'],Casa Giulietta,"['Centro Fotografia', 'Sighseeing', 'Torre Lamberti', 'Museo Conte', 'Museo Radio']",Torre Lamberti,strategy_nearest,True,0.0017590522766113281,success
041A72429C4C81,0,['Arena'],Casa Giulietta,"['Centro Fotografia', 'Sighseeing', 'Torre Lamberti', 'Museo Conte', 'Museo Radio']",Torre Lamberti,strategy_nearest,True,0.0033829212188720703,success
041A80429C4C80,0,['Arena'],Castelvecchio,"['Museo Lapidario', 'Verona Tour', 'Museo Radio', 'San Zeno', 'Sighseeing']",Casa Giulietta,strategy_nearest,False,0.002534151077270508,success
041A75429C4C81,3,"['Arena', 'Torre Lamberti']",Santa Anastasia,"['AMO', 'Museo Conte', 'Palazzo della Ragione', 'Teatro Romano', 'Centro Fotografia']",Duomo,strategy_nearest,False,0.002541065216064453,success
041A813A9C4C81,3,['Arena'],Casa Giulietta,"['Centro Fotografia', 'Sighseeing', 'Torre Lamberti', 'Museo Conte', 'Museo Radio']",Santa Anastasia,strategy_nearest,False,0.0035181045532226562,success
041A843A9C4C80,2,['Torre Lamberti'],Castelvecchio,"['Museo Lapidario', 'Verona Tour', 'Arena', 'Museo Radio', 'San Zeno']",San Zeno,strategy_nearest,True,0.0023589134216308594,success
041A824A9C4C81,1,"['Arena', 'Casa Giulietta', 'Torre Lamberti', 'Palazzo della Ragione']",Teatro Romano,"['Santa Anastasia', 'Duomo', 'AMO', 'Museo Conte', 'Centro Fotografia']",Santa Anastasia,strategy_nearest,True,0.002708911895751953,success
041A8F4A9C4C80,3,"['Arena', 'Museo Lapidario', 'Tomba Giulietta']",Teatro Romano,"['Santa Anastasia', 'Duomo', 'AMO', 'Palazzo della Ragione', 'Museo Conte']",Santa Anastasia,strategy_nearest,True,0.0018360614776611328,success
041A844A9C4C81,2,['Casa Giulietta'],Castelvecchio,"['Museo Lapidario', 'Verona Tour', 'Arena', 'Museo Radio', 'San Zeno']",Tomba Giulietta,strategy_nearest,False,0.0027730464935302734,success
041A8C4A9C4C81,3,"['Arena', 'Tomba Giulietta']",Casa Giulietta,"['Centro Fotografia', 'Sighseeing', 'Torre Lamberti', 'Museo Conte', 'Museo Radio']",Santa Anastasia,strategy_nearest,False,0.003422975540161133,success
041A8F429C4C80,0,['Arena'],Torre Lamberti,"['Sighseeing', 'Centro Fotografia', 'Museo Conte', 'Casa Giulietta', 'Palazzo della Ragione']",Castelvecchio,strategy_nearest,False,0.002804994583129883,success
041A90429C4C80,2,['Duomo'],Santa Anastasia,"['AMO', 'Museo Conte', 'Palazzo della Ragione', 'Teatro Romano', 'Centro Fotografia']",Torre Lamberti,strategy_nearest,False,0.0021800994873046875,success
041A92429C4C81,2,['Castelvecchio'],San Zeno,"['Verona Tour', 'Museo Lapidario', 'Arena', 'Museo Miniscalchi', 'Sighseeing']",Teatro Romano,strategy_nearest,False,0.002586841583251953,success
041A91429C4C80,3,"['Arena', 'Tomba Giulietta']",San Fermo,"['Museo Storia', 'Museo Radio', 'Casa Giulietta', 'Centro Fotografia', 'Sighseeing']",Casa Giulietta,strategy_nearest,True,0.0015311241149902344,success
041A924A9C4C80,3,"['Castelvecchio', 'Casa Giulietta']",Torre Lamberti,"['Sighseeing', 'Centro Fotografia', 'Museo Conte', 'Palazzo della Ragione', 'AMO']",Santa Anastasia,strategy_nearest,False,0.0032868385314941406,success
041A96429C4C80,3,"['Arena', 'Castelvecchio']",Casa Giulietta,"['Centro Fotografia', 'Sighseeing', 'Torre Lamberti', 'Museo Conte', 'Museo Radio']",Torre Lamberti,strategy_nearest,True,0.0020220279693603516,success
041A96429C4C81,3,"['Santa Anastasia', 'Teatro Romano']",Arena,"['Verona Tour', 'Museo Lapidario', 'Museo Radio', 'San Fermo', 'Casa Giulietta']",Casa Giulietta,strategy_nearest,True,0.003282785415649414,success
041A94429C4C81,0,['Arena'],Torre Lamberti,"['Sighseeing', 'Centro Fotografia', 'Museo Conte', 'Casa Giulietta', 'Palazzo della Ragione']",Casa Giulietta,strategy_nearest,True,0.0028600692749023438,success
041A97429C4C80,2,['Castelvecchio'],Torre Lamberti,"['Sighseeing', 'Centro Fotografia', 'Museo Conte', 'Casa Giulietta', 'Palazzo della Ragione']",Casa Giulietta,strategy_nearest,True,0.002913951873779297,success
041A9E429C4C80,3,"['Duomo', 'Torre Lamberti', 'Santa Anastasia', 'Teatro Romano']",Casa Giulietta,"['Centro Fotografia', 'Sighseeing', 'Museo Conte', 'Museo Radio', 'Palazzo della Ragione']",Arena,strategy_nearest,False,0.002093076705932617,success
041A98429C4C81,1,"['Arena', 'Torre Lamberti']",Palazzo della Ragione,"['AMO', 'Museo Conte', 'Centro Fotografia', 'Sighseeing', 'Santa Anastasia']",Santa Anastasia,strategy_nearest,True,0.004015922546386719,success
041A9E4A9C4C80,3,"['Arena', 'Casa Giulietta', 'Santa Anastasia']",Duomo,"['AMO', 'Museo Miniscalchi', 'Teatro Romano', 'Palazzo della Ragione', 'Museo Conte']",Teatro Romano,strategy_nearest,True,0.0026502609252929688,success
041A98429C4C80,1,"['Tomba Giulietta', 'Arena']",Casa Giulietta,"['Centro Fotografia', 'Sighseeing', 'Torre Lamberti', 'Museo Conte', 'Museo Radio']",Palazzo della Ragione,strategy_nearest,False,0.0022420883178710938,success
041AA4429C4C81,0,['Castelvecchio'],Casa Giulietta,"['Centro Fotografia', 'Sighseeing', 'Torre Lamberti', 'Museo Conte', 'Museo Radio']",Arena,strategy_nearest,False,0.0027399063110351562,success
041AA14A9C4C81,0,['Arena'],Santa Anastasia,"['AMO', 'Museo Conte', 'Palazzo della Ragione', 'Teatro Romano', 'Centro Fotografia']",Casa Giulietta,strategy_nearest,False,0.0016808509826660156,success
041AA3429C4C80,0,['Arena'],Museo Lapidario,"['Verona Tour', 'Castelvecchio', 'Museo Radio', 'San Fermo', 'Casa Giulietta']",Castelvecchio,strategy_nearest,True,0.002287149429321289,success
041AA04A9C4C81,0,['Arena'],Casa Giulietta,"['Centro Fotografia', 'Sighseeing', 'Torre Lamberti', 'Museo Conte', 'Museo Radio']",Santa Anastasia,strategy_nearest,False,0.004848957061767578,success
041AA8429C4C81,0,['Arena'],Casa Giulietta,"['Centro Fotografia', 'Sighseeing', 'Torre Lamberti', 'Museo Conte', 'Museo Radio']",Tomba Giulietta,strategy_nearest,False,0.002053976058959961,success
041AA93A9C4C80,3,"['Arena', 'Museo Lapidario']",Torre Lamberti,"['Sighseeing', 'Centro Fotografia', 'Museo Conte', 'Casa Giulietta', 'Palazzo della Ragione']",Santa Anastasia,strategy_nearest,False,0.0031969547271728516,success
041AA6429C4C81,0,['Arena'],Casa Giulietta,"['Centro Fotografia', 'Sighseeing', 'Torre Lamberti', 'Museo Conte', 'Museo Radio']",Duomo,strategy_nearest,False,0.0034418106079101562,success
041AA83A9C4C80,3,['Arena'],Casa Giulietta,"['Centro Fotografia', 'Sighseeing', 'Torre Lamberti', 'Museo Conte', 'Museo Radio']",Santa Anastasia,strategy_nearest,False,0.001379251480102539,success
041AB93A9C4C81,1,"['Arena', 'Casa Giulietta']",Torre Lamberti,"['Sighseeing', 'Centro Fotografia', 'Museo Conte', 'Palazzo della Ragione', 'AMO']",Palazzo della Ragione,strategy_nearest,True,0.0027441978454589844,success
041AB9429C4C80,2,['Torre Lamberti'],Duomo,"['AMO', 'Museo Miniscalchi', 'Santa Anastasia', 'Teatro Romano', 'Palazzo della Ragione']",Casa Giulietta,strategy_nearest,False,0.0013937950134277344,success
041AB3429C4C81,2,['Museo Lapidario'],Casa Giulietta,"['Centro Fotografia', 'Sighseeing', 'Torre Lamberti', 'Museo Conte', 'Museo Radio']",Torre Lamberti,strategy_nearest,True,0.0033762454986572266,success
041ABC3A9C4C80,3,"['Arena', 'Torre Lamberti']",Santa Anastasia,"['AMO', 'Museo Conte', 'Palazzo della Ragione', 'Teatro Romano', 'Centro Fotografia']",Duomo,strategy_nearest,False,0.0032587051391601562,success
041ABE3A9C4C81,0,['Arena'],Casa Giulietta,"['Centro Fotografia', 'Sighseeing', 'Torre Lamberti', 'Museo Conte', 'Museo Radio']",Torre Lamberti,strategy_nearest,True,0.0012218952178955078,success
041ABE3A9C4C80,3,['Arena'],Torre Lamberti,"['Sighseeing', 'Centro Fotografia', 'Museo Conte', 'Casa Giulietta', 'Palazzo della Ragione']",Santa Anastasia,strategy_nearest,False,0.003282785415649414,success
041ABD429C4C81,0,['Arena'],Casa Giulietta,"['Centro Fotografia', 'Sighseeing', 'Torre Lamberti', 'Museo Conte', 'Museo Radio']",Santa Anastasia,strategy_nearest,False,0.002588987350463867,success
041ABE429C4C81,1,"['Arena', 'Casa Giulietta', 'Palazzo della Ragione']",Torre Lamberti,"['Sighseeing', 'Centro Fotografia', 'Museo Conte', 'AMO', 'Museo Miniscalchi']",Santa Anastasia,strategy_nearest,False,0.003367900848388672,success
041ABF429C4C80,1,"['Arena', 'Torre Lamberti']",Palazzo della Ragione,"['AMO', 'Museo Conte', 'Centro Fotografia', 'Sighseeing', 'Santa Anastasia']",Santa Anastasia,strategy_nearest,True,0.0024781227111816406,success
041AC9429C4C81,3,['San Fermo'],Santa Anastasia,"['AMO', 'Museo Conte', 'Palazzo della Ragione', 'Teatro Romano', 'Centro Fotografia']",Arena,strategy_nearest,False,0.0024781227111816406,success
041ACD3A9C4C81,2,['Castelvecchio'],Torre Lamberti,"['Sighseeing', 'Centro Fotografia', 'Museo Conte', 'Casa Giulietta', 'Palazzo della Ragione']",Duomo,strategy_nearest,False,0.002405881881713867,success
041AD13A9C4C81,0,['Arena'],San Fermo,"['Museo Storia', 'Museo Radio', 'Casa Giulietta', 'Centro Fotografia', 'Sighseeing']",Torre Lamberti,strategy_nearest,False,0.002930879592895508,success
041AD03A9C4C81,0,['Arena'],Casa Giulietta,"['Centro Fotografia', 'Sighseeing', 'Torre Lamberti', 'Museo Conte', 'Museo Radio']",Teatro Romano,strategy_nearest,False,0.003322124481201172,success
041ACB3A9C4C80,0,['Arena'],Casa Giulietta,"['Centro Fotografia', 'Sighseeing', 'Torre Lamberti', 'Museo Conte', 'Museo Radio']",Palazzo della Ragione,strategy_nearest,False,0.004183053970336914,success
041AD23A9C4C81,2,"['Casa Giulietta', 'Santa Anastasia']",Teatro Romano,"['Duomo', 'AMO', 'Palazzo della Ragione', 'Museo Conte', 'Centro Fotografia']",Duomo,strategy_nearest,True,0.002258777618408203,success
041AD73A9C4C81,3,"['Arena', 'San Fermo']",Casa Giulietta,"['Centro Fotografia', 'Sighseeing', 'Torre Lamberti', 'Museo Conte', 'Museo Radio']",Santa Anastasia,strategy_nearest,False,0.002657175064086914,success
041AD73A9C4C80,3,"['Arena', 'Torre Lamberti', 'Santa Anastasia']",Duomo,"['AMO', 'Museo Miniscalchi', 'Teatro Romano', 'Palazzo della Ragione', 'Museo Conte']",Teatro Romano,strategy_nearest,True,0.002071857452392578,success
041AE23A9C4C80,3,"['Arena', 'Santa Anastasia', 'Teatro Romano']",Castelvecchio,"['Museo Lapidario', 'Verona Tour', 'Museo Radio', 'San Zeno', 'Sighseeing']",Duomo,strategy_nearest,False,0.002989053726196289,success
041B4E429C4C81,0,['San Zeno'],Arena,"['Verona Tour', 'Museo Lapidario', 'Museo Radio', 'San Fermo', 'Casa Giulietta']",San Fermo,strategy_nearest,True,0.002374887466430664,success
041B5E429C4C81,0,['Arena'],Casa Giulietta,"['Centro Fotografia', 'Sighseeing', 'Torre Lamberti', 'Museo Conte', 'Museo Radio']",Castelvecchio,strategy_nearest,False,0.002064228057861328,success
041B64429C4C80,2,['Torre Lamberti'],Casa Giulietta,"['Centro Fotografia', 'Sighseeing', 'Museo Conte', 'Museo Radio', 'Palazzo della Ragione']",Santa Anastasia,strategy_nearest,False,0.0033829212188720703,success
041B5F429C4C81,3,['Arena'],Casa Giulietta,"['Centro Fotografia', 'Sighseeing', 'Torre Lamberti', 'Museo Conte', 'Museo Radio']",Torre Lamberti,strategy_nearest,True,0.002825021743774414,success
041B67429C4C81,0,['Tomba Giulietta'],Arena,"['Verona Tour', 'Museo Lapidario', 'Museo Radio', 'San Fermo', 'Casa Giulietta']",Castelvecchio,strategy_nearest,False,0.0023040771484375,success
041B6A429C4C81,1,['Torre Lamberti'],Palazzo della Ragione,"['AMO', 'Museo Conte', 'Centro Fotografia', 'Sighseeing', 'Santa Anastasia']",Arena,strategy_nearest,False,0.0025548934936523438,success
041B69429C4C81,0,['Arena'],Casa Giulietta,"['Centro Fotografia', 'Sighseeing', 'Torre Lamberti', 'Museo Conte', 'Museo Radio']",San Fermo,strategy_nearest,False,0.0033409595489501953,success
041B6D3A9C4C81,2,['Palazzo della Ragione'],Teatro Romano,"['Santa Anastasia', 'Duomo', 'AMO', 'Museo Conte', 'Centro Fotografia']",Giardino Giusti,strategy_nearest,False,0.0030400753021240234,success
041B72429C4C81,3,"['San Fermo', 'Torre Lamberti']",Santa Anastasia,"['AMO', 'Museo Conte', 'Palazzo della Ragione', 'Teatro Romano', 'Centro Fotografia']",Arena,strategy_nearest,False,0.0021209716796875,success
041B70429C4C81,0,"['Arena', 'Tomba Giulietta']",San Fermo,"['Museo Storia', 'Museo Radio', 'Casa Giulietta', 'Centro Fotografia', 'Sighseeing']",Casa Giulietta,strategy_nearest,True,0.002421855926513672,success
041B74429C4C81,2,"['Casa Giulietta', 'Museo Lapidario']",Torre Lamberti,"['Sighseeing', 'Centro Fotografia', 'Museo Conte', 'Palazzo della Ragione', 'AMO']",Teatro Romano,strategy_nearest,False,0.002640962600708008,success
041B74429C4C80,2,['Tomba Giulietta'],Torre Lamberti,"['Sighseeing', 'Centro Fotografia', 'Museo Conte', 'Casa Giulietta', 'Palazzo della Ragione']",Casa Giulietta,strategy_nearest,True,0.0033059120178222656,success
041B7C3A9C4C81,2,['Torre Lamberti'],Santa Anastasia,"['AMO', 'Museo Conte', 'Palazzo della Ragione', 'Teatro Romano', 'Centro Fotografia']",Duomo,strategy_nearest,False,0.0033562183380126953,success
041B80429C4C80,0,['Arena'],Casa Giulietta,"['Centro Fotografia', 'Sighseeing', 'Torre Lamberti', 'Museo Conte', 'Museo Radio']",Santa Anastasia,strategy_nearest,False,0.0032188892364501953,success
041B7C3A9C4C80,0,"['Casa Giulietta', 'Arena']",Castelvecchio,"['Museo Lapidario', 'Verona Tour', 'Museo Radio', 'San Zeno', 'Sighseeing']",Torre Lamberti,strategy_nearest,False,0.0026540756225585938,success
041B7F429C4C80,3,"['Arena', 'San Fermo']",Torre Lamberti,"['Sighseeing', 'Centro Fotografia', 'Museo Conte', 'Casa Giulietta', 'Palazzo della Ragione']",Duomo,strategy_nearest,False,0.0020542144775390625,success
041B824A9C4C81,1,"['Arena', 'Casa Giulietta', 'Torre Lamberti']",Palazzo della Ragione,"['AMO', 'Museo Conte', 'Centro Fotografia', 'Sighseeing', 'Santa Anastasia']",Santa Anastasia,strategy_nearest,True,0.0017969608306884766,success
041B814A9C4C80,0,['Arena'],Museo Lapidario,"['Verona Tour', 'Castelvecchio', 'Museo Radio', 'San Fermo', 'Casa Giulietta']",Teatro Romano,strategy_nearest,False,0.0016329288482666016,success
041B82429C4C80,3,"['Arena', 'Casa Giulietta', 'Torre Lamberti']",Santa Anastasia,"['AMO', 'Museo Conte', 'Palazzo della Ragione', 'Teatro Romano', 'Centro Fotografia']",Duomo,strategy_nearest,False,0.002696990966796875,success
041B85429C4C80,1,"['Arena', 'Castelvecchio', 'Casa Giulietta']",Torre Lamberti,"['Sighseeing', 'Centro Fotografia', 'Museo Conte', 'Palazzo della Ragione', 'AMO']",Palazzo della Ragione,strategy_nearest,True,0.003103971481323242,success
041B914A9C4C80,0,['Arena'],Castelvecchio,"['Museo Lapidario', 'Verona Tour', 'Museo Radio', 'San Zeno', 'Sighseeing']",Santa Anastasia,strategy_nearest,False,0.0018808841705322266,success
041B8D4A9C4C81,3,"['Arena', 'Castelvecchio', 'Casa Giulietta']",Torre Lamberti,"['Sighseeing', 'Centro Fotografia', 'Museo Conte', 'Palazzo della Ragione', 'AMO']",Santa Anastasia,strategy_nearest,False,0.001973867416381836,success
041B863A9C4C80,3,"['Arena', 'San Zeno', 'Castelvecchio']",Tomba Giulietta,"['San Fermo', 'Museo Storia', 'Museo Lapidario', 'Museo Radio', 'Verona Tour']",Santa Anastasia,strategy_nearest,False,0.003362894058227539,success
041B924A9C4C80,1,"['Arena', 'Casa Giulietta']",Torre Lamberti,"['Sighseeing', 'Centro Fotografia', 'Museo Conte', 'Palazzo della Ragione', 'AMO']",Palazzo della Ragione,strategy_nearest,True,0.0033609867095947266,success
041B96429C4C81,2,['Torre Lamberti'],Casa Giulietta,"['Centro Fotografia', 'Sighseeing', 'Museo Conte', 'Museo Radio', 'Palazzo della Ragione']",Tomba Giulietta,strategy_nearest,False,0.0025599002838134766,success
041B924A9C4C81,0,['Arena'],Casa Giulietta,"['Centro Fotografia', 'Sighseeing', 'Torre Lamberti', 'Museo Conte', 'Museo Radio']",Castelvecchio,strategy_nearest,False,0.0033872127532958984,success
041B95429C4C80,1,"['Arena', 'Torre Lamberti', 'Palazzo della Ragione']",Casa Giulietta,"['Centro Fotografia', 'Sighseeing', 'Museo Conte', 'Museo Radio', 'San Fermo']",Santa Anastasia,strategy_nearest,False,0.001924276351928711,success
041B97429C4C81,3,['Arena'],Casa Giulietta,"['Centro Fotografia', 'Sighseeing', 'Torre Lamberti', 'Museo Conte', 'Museo Radio']",Torre Lamberti,strategy_nearest,True,0.0030701160430908203,success
041B98429C4C80,3,"['Arena', 'Castelvecchio']",Torre Lamberti,"['Sighseeing', 'Centro Fotografia', 'Museo Conte', 'Casa Giulietta', 'Palazzo della Ragione']",Santa Anastasia,strategy_nearest,False,0.0015840530395507812,success
041B984A9C4C80,3,['Arena'],Casa Giulietta,"['Centro Fotografia', 'Sighseeing', 'Torre Lamberti', 'Museo Conte', 'Museo Radio']",Santa Anastasia,strategy_nearest,False,0.002621173858642578,success
041B99429C4C81,0,['Arena'],San Zeno,"['Castelvecchio', 'Verona Tour', 'Museo Lapidario', 'Museo Miniscalchi', 'Sighseeing']",Casa Giulietta,strategy_nearest,False,0.0031731128692626953,success
041B9C429C4C80,3,['Arena'],Santa Anastasia,"['AMO', 'Museo Conte', 'Palazzo della Ragione', 'Teatro Romano', 'Centro Fotografia']",Torre Lamberti,strategy_nearest,False,0.002810239791870117,success
041B9D429C4C80,3,"['Arena', 'Torre Lamberti']",Teatro Romano,"['Santa Anastasia', 'Duomo', 'AMO', 'Palazzo della Ragione', 'Museo Conte']",Duomo,strategy_nearest,True,0.021101713180541992,success
041B9F429C4C81,0,['Arena'],Casa Giulietta,"['Centro Fotografia', 'Sighseeing', 'Torre Lamberti', 'Museo Conte', 'Museo Radio']",Duomo,strategy_nearest,False,0.022968053817749023,success
041B9D429C4C81,0,['Tomba Giulietta'],Casa Giulietta,"['Centro Fotografia', 'Sighseeing', 'Torre Lamberti', 'Museo Conte', 'Museo Radio']",Torre Lamberti,strategy_nearest,True,0.02074289321899414,success
041BA44A9C4C81,0,"['Teatro Romano', 'Casa Giulietta']",Torre Lamberti,"['Sighseeing', 'Centro Fotografia', 'Museo Conte', 'Palazzo della Ragione', 'AMO']",Castelvecchio,strategy_nearest,False,0.004817008972167969,success
041BA04A9C4C81,1,"['Arena', 'Casa Giulietta']",Palazzo della Ragione,"['AMO', 'Museo Conte', 'Torre Lamberti', 'Centro Fotografia', 'Sighseeing']",Torre Lamberti,strategy_nearest,True,0.005630970001220703,success
041BA3429C4C80,0,['Arena'],Casa Giulietta,"['Centro Fotografia', 'Sighseeing', 'Torre Lamberti', 'Museo Conte', 'Museo Radio']",Teatro Romano,strategy_nearest,False,0.006175041198730469,success
041BA572743381,3,"['Santa Anastasia', 'Torre Lamberti', 'Arena']",Teatro Romano,"['Duomo', 'AMO', 'Palazzo della Ragione', 'Museo Conte', 'Centro Fotografia']",San Fermo,strategy_nearest,False,0.004174709320068359,success
041BA93A9C4C81,0,['Arena'],Casa Giulietta,"['Centro Fotografia', 'Sighseeing', 'Torre Lamberti', 'Museo Conte', 'Museo Radio']",Duomo,strategy_nearest,False,0.0010831356048583984,success
041BAB429C4C80,2,['Casa Giulietta'],Santa Anastasia,"['AMO', 'Museo Conte', 'Palazzo della Ragione', 'Teatro Romano', 'Centro Fotografia']",Tomba Giulietta,strategy_nearest,False,0.002660989761352539,success
041BAB3A9C4C81,0,['Casa Giulietta'],Torre Lamberti,"['Sighseeing', 'Centro Fotografia', 'Museo Conte', 'Palazzo della Ragione', 'AMO']",Arena,strategy_nearest,False,0.001972198486328125,success
041BA73A9C4C81,0,['Arena'],Casa Giulietta,"['Centro Fotografia', 'Sighseeing', 'Torre Lamberti', 'Museo Conte', 'Museo Radio']",Santa Anastasia,strategy_nearest,False,0.003160715103149414,success
041BAC429C4C81,0,['Castelvecchio'],Arena,"['Verona Tour', 'Museo Lapidario', 'Museo Radio', 'San Fermo', 'Casa Giulietta']",Casa Giulietta,strategy_nearest,True,0.0025720596313476562,success
041BB53A9C4C81,1,"['Arena', 'Casa Giulietta']",Palazzo della Ragione,"['AMO', 'Museo Conte', 'Torre Lamberti', 'Centro Fotografia', 'Sighseeing']",Santa Anastasia,strategy_nearest,False,0.0010912418365478516,success
041BB2429C4C81,3,"['Arena', 'Santa Anastasia', 'Duomo']",Torre Lamberti,"['Sighseeing', 'Centro Fotografia', 'Museo Conte', 'Casa Giulietta', 'Palazzo della Ragione']",Casa Giulietta,strategy_nearest,True,0.003000020980834961,success
041BAD429C4C81,2,['Teatro Romano'],Duomo,"['AMO', 'Museo Miniscalchi', 'Santa Anastasia', 'Palazzo della Ragione', 'Museo Conte']",Castelvecchio,strategy_nearest,False,0.003635883331298828,success
041BB83A9C4C80,3,['Arena'],Torre Lamberti,"['Sighseeing', 'Centro Fotografia', 'Museo Conte', 'Casa Giulietta', 'Palazzo della Ragione']",Santa Anastasia,strategy_nearest,False,0.0024688243865966797,success
041BBE3A9C4C80,3,"['Arena', 'Castelvecchio', 'Casa Giulietta']",San Fermo,"['Museo Storia', 'Museo Radio', 'Centro Fotografia', 'Sighseeing', 'Torre Lamberti']",Santa Anastasia,strategy_nearest,False,0.0019750595092773438,success
041BB8429C4C81,2,['Casa Giulietta'],Torre Lamberti,"['Sighseeing', 'Centro Fotografia', 'Museo Conte', 'Palazzo della Ragione', 'AMO']",Palazzo della Ragione,strategy_nearest,True,0.0027480125427246094,success
041BBE3A9C4C81,1,"['Arena', 'Castelvecchio']",Torre Lamberti,"['Sighseeing', 'Centro Fotografia', 'Museo Conte', 'Casa Giulietta', 'Palazzo della Ragione']",Palazzo della Ragione,strategy_nearest,True,0.002499818801879883,success
041BC23A9C4C80,0,"['Castelvecchio', 'Arena']",Museo Lapidario,"['Verona Tour', 'Museo Radio', 'San Fermo', 'Casa Giulietta', 'Tomba Giulietta']",Teatro Romano,strategy_nearest,False,0.003963947296142578,success
041BC63A9C4C80,0,['Arena'],Casa Giulietta,"['Centro Fotografia', 'Sighseeing', 'Torre Lamberti', 'Museo Conte', 'Museo Radio']",Duomo,strategy_nearest,False,0.002418041229248047,success
041BC2429C4C81,0,['Arena'],Casa Giulietta,"['Centro Fotografia', 'Sighseeing', 'Torre Lamberti', 'Museo Conte', 'Museo Radio']",Torre Lamberti,strategy_nearest,True,0.002599000930786133,success
041BC6429C4C80,0,['Arena'],Casa Giulietta,"['Centro Fotografia', 'Sighseeing', 'Torre Lamberti', 'Museo Conte', 'Museo Radio']",Torre Lamberti,strategy_nearest,True,0.0030891895294189453,success
041BC9429C4C81,2,['Tomba Giulietta'],Casa Giulietta,"['Centro Fotografia', 'Sighseeing', 'Torre Lamberti', 'Museo Conte', 'Museo Radio']",Castelvecchio,strategy_nearest,False,0.0022649765014648438,success
041BCB429C4C80,3,['Casa Giulietta'],Santa Anastasia,"['AMO', 'Museo Conte', 'Palazzo della Ragione', 'Teatro Romano', 'Centro Fotografia']",Duomo,strategy_nearest,False,0.002026081085205078,success
041BE23A9C4C80,1,"['Arena', 'Castelvecchio', 'San Zeno', 'Museo Lapidario']",Duomo,"['AMO', 'Museo Miniscalchi', 'Santa Anastasia', 'Teatro Romano', 'Palazzo della Ragione']",Casa Giulietta,strategy_nearest,False,0.002727985382080078,success
041BE2429C4C80,3,"['Castelvecchio', 'Santa Anastasia']",Teatro Romano,"['Duomo', 'AMO', 'Palazzo della Ragione', 'Museo Conte', 'Centro Fotografia']",Arena,strategy_nearest,False,0.0024330615997314453,success
041C483A9C4C81,3,"['Arena', 'Santa Anastasia', 'Duomo']",Torre Lamberti,"['Sighseeing', 'Centro Fotografia', 'Museo Conte', 'Casa Giulietta', 'Palazzo della Ragione']",Casa Giulietta,strategy_nearest,True,0.0031332969665527344,success
041C523A9C4C80,3,"['San Fermo', 'Torre Lamberti', 'Casa Giulietta', 'Santa Anastasia']",Duomo,"['AMO', 'Museo Miniscalchi', 'Teatro Romano', 'Palazzo della Ragione', 'Museo Conte']",Teatro Romano,strategy_nearest,True,0.003152132034301758,success
041C52429C4C81,0,['Arena'],San Zeno,"['Castelvecchio', 'Verona Tour', 'Museo Lapidario', 'Museo Miniscalchi', 'Sighseeing']",Casa Giulietta,strategy_nearest,False,0.0029740333557128906,success
041C55429C4C81,2,['Santa Anastasia'],Duomo,"['AMO', 'Museo Miniscalchi', 'Teatro Romano', 'Palazzo della Ragione', 'Museo Conte']",Teatro Romano,strategy_nearest,True,0.002736806869506836,success
041C533A9C4C80,2,['Castelvecchio'],Torre Lamberti,"['Sighseeing', 'Centro Fotografia', 'Museo Conte', 'Casa Giulietta', 'Palazzo della Ragione']",Duomo,strategy_nearest,False,0.003975868225097656,success
041C56429C4C80,1,"['Arena', 'Torre Lamberti']",Palazzo della Ragione,"['AMO', 'Museo Conte', 'Centro Fotografia', 'Sighseeing', 'Santa Anastasia']",Teatro Romano,strategy_nearest,False,0.002624034881591797,success
041C583A9C4C81,3,"['San Zeno', 'Castelvecchio', 'Casa Giulietta']",Teatro Romano,"['Santa Anastasia', 'Duomo', 'AMO', 'Palazzo della Ragione', 'Museo Conte']",Duomo,strategy_nearest,True,0.002312898635864258,success
041C57429C4C81,1,['Arena'],Casa Giulietta,"['Centro Fotografia', 'Sighseeing', 'Torre Lamberti', 'Museo Conte', 'Museo Radio']",Torre Lamberti,strategy_nearest,True,0.0030078887939453125,success
041C5B429C4C80,3,"['Arena', 'Casa Giulietta']",Torre Lamberti,"['Sighseeing', 'Centro Fotografia', 'Museo Conte', 'Palazzo della Ragione', 'AMO']",Santa Anastasia,strategy_nearest,False,0.003437042236328125,success
041C5A3A9C4C81,1,"['Teatro Romano', 'Arena', 'Casa Giulietta']",Torre Lamberti,"['Sighseeing', 'Centro Fotografia', 'Museo Conte', 'Palazzo della Ragione', 'AMO']",Palazzo della Ragione,strategy_nearest,True,0.0014050006866455078,success
041C6B429C4C80,3,"['Arena', 'Casa Giulietta']",Torre Lamberti,"['Sighseeing', 'Centro Fotografia', 'Museo Conte', 'Palazzo della Ragione', 'AMO']",Santa Anastasia,strategy_nearest,False,0.0014140605926513672,success
041C61429C4C81,3,"['Arena', 'Casa Giulietta', 'Castelvecchio']",San Zeno,"['Verona Tour', 'Museo Lapidario', 'Museo Miniscalchi', 'Sighseeing', 'Museo Radio']",Tomba Giulietta,strategy_nearest,False,0.002808094024658203,success
041C6F3A9C4C81,3,"['Duomo', 'Teatro Romano', 'Giardino Giusti', 'Arena']",Castelvecchio,"['Museo Lapidario', 'Verona Tour', 'Museo Radio', 'San Zeno', 'Sighseeing']",San Zeno,strategy_nearest,True,0.0027840137481689453,success
041C71429C4C80,0,['Arena'],Casa Giulietta,"['Centro Fotografia', 'Sighseeing', 'Torre Lamberti', 'Museo Conte', 'Museo Radio']",Torre Lamberti,strategy_nearest,True,0.0034608840942382812,success
041C78429C4C80,3,"['Arena', 'Casa Giulietta']",Torre Lamberti,"['Sighseeing', 'Centro Fotografia', 'Museo Conte', 'Palazzo della Ragione', 'AMO']",Santa Anastasia,strategy_nearest,False,0.002949953079223633,success
041C7A429C4C81,1,"['Arena', 'Torre Lamberti']",Casa Giulietta,"['Centro Fotografia', 'Sighseeing', 'Museo Conte', 'Museo Radio', 'Palazzo della Ragione']",Santa Anastasia,strategy_nearest,False,0.001592874526977539,success
041C773A9C4C80,0,['Casa Giulietta'],Arena,"['Verona Tour', 'Museo Lapidario', 'Museo Radio', 'San Fermo', 'Sighseeing']",Museo Lapidario,strategy_nearest,True,0.0023832321166992188,success
041C803A9C4C80,2,['Castelvecchio'],Casa Giulietta,"['Centro Fotografia', 'Sighseeing', 'Torre Lamberti', 'Museo Conte', 'Museo Radio']",Giardino Giusti,strategy_nearest,False,0.0036230087280273438,success
041C8D4A9C4C80,0,['Arena'],Casa Giulietta,"['Centro Fotografia', 'Sighseeing', 'Torre Lamberti', 'Museo Conte', 'Museo Radio']",Teatro Romano,strategy_nearest,False,0.003155946731567383,success
041C84429C4C81,0,['Arena'],San Fermo,"['Museo Storia', 'Museo Radio', 'Casa Giulietta', 'Centro Fotografia', 'Sighseeing']",Casa Giulietta,strategy_nearest,True,0.002045154571533203,success
041C8A3A9C4C80,0,['Duomo'],Torre Lamberti,"['Sighseeing', 'Centro Fotografia', 'Museo Conte', 'Casa Giulietta', 'Palazzo della Ragione']",Arena,strategy_nearest,False,0.0026879310607910156,success
041C8D4A9C4C81,2,"['Torre Lamberti', 'Palazzo della Ragione']",Santa Anastasia,"['AMO', 'Museo Conte', 'Teatro Romano', 'Centro Fotografia', 'Duomo']",Teatro Romano,strategy_nearest,True,0.0026788711547851562,success
041C8F3A9C4C81,0,['Arena'],Casa Giulietta,"['Centro Fotografia', 'Sighseeing', 'Torre Lamberti', 'Museo Conte', 'Museo Radio']",Tomba Giulietta,strategy_nearest,False,0.0035288333892822266,success
041C924A9C4C80,2,"['Casa Giulietta', 'Torre Lamberti']",Palazzo della Ragione,"['AMO', 'Museo Conte', 'Centro Fotografia', 'Sighseeing', 'Santa Anastasia']",Santa Anastasia,strategy_nearest,True,0.002753019332885742,success
041C8E4A9C4C81,3,['Arena'],Torre Lamberti,"['Sighseeing', 'Centro Fotografia', 'Museo Conte', 'Casa Giulietta', 'Palazzo della Ragione']",Casa Giulietta,strategy_nearest,True,0.0020210742950439453,success
041C964A9C4C80,0,['Arena'],Torre Lamberti,"['Sighseeing', 'Centro Fotografia', 'Museo Conte', 'Casa Giulietta', 'Palazzo della Ragione']",Casa Giulietta,strategy_nearest,True,0.0020911693572998047,success
041C934A9C4C81,3,['Arena'],Santa Anastasia,"['AMO', 'Museo Conte', 'Palazzo della Ragione', 'Teatro Romano', 'Centro Fotografia']",Torre Lamberti,strategy_nearest,False,0.002995014190673828,success
041C954A9C4C80,1,"['Arena', 'Casa Giulietta']",Torre Lamberti,"['Sighseeing', 'Centro Fotografia', 'Museo Conte', 'Palazzo della Ragione', 'AMO']",Palazzo della Ragione,strategy_nearest,True,0.0027761459350585938,success
041C944A9C4C81,0,['Arena'],Casa Giulietta,"['Centro Fotografia', 'Sighseeing', 'Torre Lamberti', 'Museo Conte', 'Museo Radio']",Santa Anastasia,strategy_nearest,False,0.0035400390625,success
041C97429C4C80,2,['Castelvecchio'],Torre Lamberti,"['Sighseeing', 'Centro Fotografia', 'Museo Conte', 'Casa Giulietta', 'Palazzo della Ragione']",Casa Giulietta,strategy_nearest,True,0.003400087356567383,success
041C98429C4C81,3,['Arena'],Casa Giulietta,"['Centro Fotografia', 'Sighseeing', 'Torre Lamberti', 'Museo Conte', 'Museo Radio']",Santa Anastasia,strategy_nearest,False,0.0026197433471679688,success
041C9D429C4C81,3,"['Duomo', 'Torre Lamberti', 'Santa Anastasia']",Teatro Romano,"['AMO', 'Palazzo della Ragione', 'Museo Conte', 'Centro Fotografia', 'Museo Miniscalchi']",Casa Giulietta,strategy_nearest,False,0.0033621788024902344,success
041C99429C4C81,6,['Arena'],Verona Tour,"['Museo Lapidario', 'Castelvecchio', 'Museo Radio', 'Casa Giulietta', 'Sighseeing']",Casa Giulietta,strategy_nearest,True,0.0013260841369628906,success
041C9F4A9C4C81,3,"['Arena', 'Casa Giulietta']",Santa Anastasia,"['AMO', 'Museo Conte', 'Palazzo della Ragione', 'Teatro Romano', 'Centro Fotografia']",San Zeno,strategy_nearest,False,0.0033750534057617188,success
041CA04A9C4C80,2,['Torre Lamberti'],Palazzo della Ragione,"['AMO', 'Museo Conte', 'Centro Fotografia', 'Sighseeing', 'Santa Anastasia']",Santa Anastasia,strategy_nearest,True,0.0018699169158935547,success
041C9E429C4C81,1,['Arena'],Casa Giulietta,"['Centro Fotografia', 'Sighseeing', 'Torre Lamberti', 'Museo Conte', 'Museo Radio']",Torre Lamberti,strategy_nearest,True,0.002084970474243164,success
041CA3429C4C80,0,['Arena'],Casa Giulietta,"['Centro Fotografia', 'Sighseeing', 'Torre Lamberti', 'Museo Conte', 'Museo Radio']",Castelvecchio,strategy_nearest,False,0.0033919811248779297,success
041CA54A9C4C80,1,"['Arena', 'Casa Giulietta', 'Castelvecchio']",Teatro Romano,"['Santa Anastasia', 'Duomo', 'AMO', 'Palazzo della Ragione', 'Museo Conte']",Duomo,strategy_nearest,True,0.003245115280151367,success
041CB43A9C4C80,0,['Torre Lamberti'],Casa Giulietta,"['Centro Fotografia', 'Sighseeing', 'Museo Conte', 'Museo Radio', 'Palazzo della Ragione']",Arena,strategy_nearest,False,0.0019450187683105469,success
041CA73A9C4C80,0,"['Museo Lapidario', 'Arena']",Casa Giulietta,"['Centro Fotografia', 'Sighseeing', 'Torre Lamberti', 'Museo Conte', 'Museo Radio']",Santa Anastasia,strategy_nearest,False,0.0025849342346191406,success
041CB53A9C4C81,0,['Arena'],Torre Lamberti,"['Sighseeing', 'Centro Fotografia', 'Museo Conte', 'Casa Giulietta', 'Palazzo della Ragione']",Casa Giulietta,strategy_nearest,True,0.003197908401489258,success
041CBA3A9C4C80,1,"['Castelvecchio', 'Arena']",Casa Giulietta,"['Centro Fotografia', 'Sighseeing', 'Torre Lamberti', 'Museo Conte', 'Museo Radio']",Torre Lamberti,strategy_nearest,True,0.002702951431274414,success
041CB93A9C4C81,0,['Arena'],Castelvecchio,"['Museo Lapidario', 'Verona Tour', 'Museo Radio', 'San Zeno', 'Sighseeing']",Casa Giulietta,strategy_nearest,False,0.00215911865234375,success
041CBC429C4C81,2,['Santa Anastasia'],Teatro Romano,"['Duomo', 'AMO', 'Palazzo della Ragione', 'Museo Conte', 'Centro Fotografia']",Castelvecchio,strategy_nearest,False,0.00322723388671875,success
041CBF429C4C80,3,"['Arena', 'Santa Anastasia']",Teatro Romano,"['Duomo', 'AMO', 'Palazzo della Ragione', 'Museo Conte', 'Centro Fotografia']",Castelvecchio,strategy_nearest,False,0.0019369125366210938,success
041CBD3A9C4C81,2,['Tomba Giulietta'],Teatro Romano,"['Santa Anastasia', 'Duomo', 'AMO', 'Palazzo della Ragione', 'Museo Conte']",Duomo,strategy_nearest,True,0.0026471614837646484,success
041CBE429C4C80,2,"['San Zeno', 'Duomo', 'Santa Anastasia']",Torre Lamberti,"['Sighseeing', 'Centro Fotografia', 'Museo Conte', 'Casa Giulietta', 'Palazzo della Ragione']",Casa Giulietta,strategy_nearest,True,0.0033941268920898438,success
041CC03A9C4C80,1,"['Museo Lapidario', 'Arena', 'San Fermo']",Casa Giulietta,"['Centro Fotografia', 'Sighseeing', 'Torre Lamberti', 'Museo Conte', 'Museo Radio']",Palazzo della Ragione,strategy_nearest,False,0.003359079360961914,success
041CC13A9C4C81,3,"['Castelvecchio', 'Arena']",San Fermo,"['Museo Storia', 'Museo Radio', 'Casa Giulietta', 'Centro Fotografia', 'Sighseeing']",Santa Anastasia,strategy_nearest,False,0.003412008285522461,success
041CC73A9C4C81,3,"['Arena', 'Casa Giulietta']",Torre Lamberti,"['Sighseeing', 'Centro Fotografia', 'Museo Conte', 'Palazzo della Ragione', 'AMO']",Teatro Romano,strategy_nearest,False,0.0012297630310058594,success
041CC23A9C4C80,0,['Castelvecchio'],Casa Giulietta,"['Centro Fotografia', 'Sighseeing', 'Torre Lamberti', 'Museo Conte', 'Museo Radio']",Arena,strategy_nearest,False,0.0033402442932128906,success
041CC9429C4C81,0,"['Arena', 'Museo Lapidario']",Castelvecchio,"['Verona Tour', 'Museo Radio', 'San Zeno', 'Sighseeing', 'Museo Miniscalchi']",Torre Lamberti,strategy_nearest,False,0.003355264663696289,success
041CCF3A9C4C81,3,"['Arena', 'Castelvecchio', 'Casa Giulietta']",San Fermo,"['Museo Storia', 'Museo Radio', 'Centro Fotografia', 'Sighseeing', 'Torre Lamberti']",Tomba Giulietta,strategy_nearest,False,0.0017657279968261719,success
041CDD3A9C4C80,3,"['Arena', 'Torre Lamberti']",Casa Giulietta,"['Centro Fotografia', 'Sighseeing', 'Museo Conte', 'Museo Radio', 'Palazzo della Ragione']",Santa Anastasia,strategy_nearest,False,0.0027341842651367188,success
041CCE3A9C4C80,1,"['Arena', 'Casa Giulietta']",Torre Lamberti,"['Sighseeing', 'Centro Fotografia', 'Museo Conte', 'Palazzo della Ragione', 'AMO']",Palazzo della Ragione,strategy_nearest,True,0.003283977508544922,success
041CE2429C4C80,3,['San Zeno'],Arena,"['Verona Tour', 'Museo Lapidario', 'Museo Radio', 'San Fermo', 'Casa Giulietta']",Santa Anastasia,strategy_nearest,False,0.003062009811401367,success
041CE63A9C4C80,1,"['Arena', 'Casa Giulietta']",Palazzo della Ragione,"['AMO', 'Museo Conte', 'Torre Lamberti', 'Centro Fotografia', 'Sighseeing']",Torre Lamberti,strategy_nearest,True,0.0031490325927734375,success
041D443A9C4C81,3,"['Duomo', 'San Fermo']",Tomba Giulietta,"['Museo Storia', 'Arena', 'Museo Lapidario', 'Museo Radio', 'Verona Tour']",Museo Lapidario,strategy_nearest,True,0.0016040802001953125,success
041D4F3A9C4C81,0,['Arena'],Casa Giulietta,"['Centro Fotografia', 'Sighseeing', 'Torre Lamberti', 'Museo Conte', 'Museo Radio']",Tomba Giulietta,strategy_nearest,False,0.002585172653198242,success
041D543A9C4C80,3,"['San Fermo', 'Casa Giulietta', 'Santa Anastasia']",Duomo,"['AMO', 'Museo Miniscalchi', 'Teatro Romano', 'Palazzo della Ragione', 'Museo Conte']",Arena,strategy_nearest,False,0.003220081329345703,success
041D583A9C4C81,2,"['Castelvecchio', 'Santa Anastasia']",Torre Lamberti,"['Sighseeing', 'Centro Fotografia', 'Museo Conte', 'Casa Giulietta', 'Palazzo della Ragione']",Palazzo della Ragione,strategy_nearest,True,0.002257823944091797,success
041D583A9C4C80,3,"['Arena', 'Torre Lamberti', 'Santa Anastasia']",Duomo,"['AMO', 'Museo Miniscalchi', 'Teatro Romano', 'Palazzo della Ragione', 'Museo Conte']",Tomba Giulietta,strategy_nearest,False,0.003101348876953125,success
041D553A9C4C80,2,['Casa Giulietta'],Torre Lamberti,"['Sighseeing', 'Centro Fotografia', 'Museo Conte', 'Palazzo della Ragione', 'AMO']",Santa Anastasia,strategy_nearest,False,0.0024499893188476562,success
041D5C429C4C81,3,"['Arena', 'Torre Lamberti']",Santa Anastasia,"['AMO', 'Museo Conte', 'Palazzo della Ragione', 'Teatro Romano', 'Centro Fotografia']",Teatro Romano,strategy_nearest,True,0.0022950172424316406,success
041D5D3A9C4C81,2,"['Castelvecchio', 'San Zeno', 'Casa Giulietta']",Torre Lamberti,"['Sighseeing', 'Centro Fotografia', 'Museo Conte', 'Palazzo della Ragione', 'AMO']",Santa Anastasia,strategy_nearest,False,0.0033588409423828125,success
041D61429C4C80,2,['Castelvecchio'],Castelvecchio,"['Museo Lapidario', 'Verona Tour', 'Arena', 'Museo Radio', 'San Zeno']",Casa Giulietta,strategy_nearest,False,0.002077817916870117,success
041D633A9C4C80,2,"['Torre Lamberti', 'Santa Anastasia', 'Duomo']",Castelvecchio,"['Museo Lapidario', 'Verona Tour', 'Arena', 'Museo Radio', 'San Zeno']",Tomba Giulietta,strategy_nearest,False,0.002716064453125,success
041D72429C4C80,6,"['Arena', 'Torre Lamberti', 'Santa Anastasia']",Duomo,"['AMO', 'Museo Miniscalchi', 'Teatro Romano', 'Palazzo della Ragione', 'Museo Conte']",Casa Giulietta,strategy_nearest,False,0.0015239715576171875,success
041D693A9C4C80,2,['Giardino Giusti'],Torre Lamberti,"['Sighseeing', 'Centro Fotografia', 'Museo Conte', 'Casa Giulietta', 'Palazzo della Ragione']",Palazzo della Ragione,strategy_nearest,True,0.004076957702636719,success
041D763A9C4C81,0,['Casa Giulietta'],Duomo,"['AMO', 'Museo Miniscalchi', 'Santa Anastasia', 'Teatro Romano', 'Palazzo della Ragione']",Arena,strategy_nearest,False,0.002744913101196289,success
041D76429C4C80,3,"['Torre Lamberti', 'Duomo', 'Casa Giulietta']",San Fermo,"['Museo Storia', 'Museo Radio', 'Centro Fotografia', 'Arena', 'Sighseeing']",Castelvecchio,strategy_nearest,False,0.003264904022216797,success
041D76429C4C81,3,"['Arena', 'Santa Anastasia']",Duomo,"['AMO', 'Museo Miniscalchi', 'Teatro Romano', 'Palazzo della Ragione', 'Museo Conte']",Casa Giulietta,strategy_nearest,False,0.0026721954345703125,success
041D81429C4C81,2,['Casa Giulietta'],Torre Lamberti,"['Sighseeing', 'Centro Fotografia', 'Museo Conte', 'Palazzo della Ragione', 'AMO']",Tomba Giulietta,strategy_nearest,False,0.0026979446411132812,success
041D7D4A9C4C80,0,['Arena'],Casa Giulietta,"['Centro Fotografia', 'Sighseeing', 'Torre Lamberti', 'Museo Conte', 'Museo Radio']",Castelvecchio,strategy_nearest,False,0.0021712779998779297,success
041D814A9C4C80,1,"['Arena', 'Casa Giulietta']",Palazzo della Ragione,"['AMO', 'Museo Conte', 'Torre Lamberti', 'Centro Fotografia', 'Sighseeing']",Torre Lamberti,strategy_nearest,True,0.0032682418823242188,success
041D834A9C4C80,3,"['Arena', 'Casa Giulietta', 'San Fermo']",Tomba Giulietta,"['Museo Storia', 'Museo Lapidario', 'Museo Radio', 'Verona Tour', 'Castelvecchio']",Torre Lamberti,strategy_nearest,False,0.0026929378509521484,success
041D824A9C4C80,2,['Santa Anastasia'],Duomo,"['AMO', 'Museo Miniscalchi', 'Teatro Romano', 'Palazzo della Ragione', 'Museo Conte']",Castelvecchio,strategy_nearest,False,0.0027959346771240234,success
041D834A9C4C81,0,['Arena'],Casa Giulietta,"['Centro Fotografia', 'Sighseeing', 'Torre Lamberti', 'Museo Conte', 'Museo Radio']",Castelvecchio,strategy_nearest,False,0.003171205520629883,success
041D833A9C4C81,3,['Arena'],San Fermo,"['Museo Storia', 'Museo Radio', 'Casa Giulietta', 'Centro Fotografia', 'Sighseeing']",Duomo,strategy_nearest,False,0.002125263214111328,success
041D86429C4C80,3,"['Arena', 'Castelvecchio']",San Zeno,"['Verona Tour', 'Museo Lapidario', 'Museo Miniscalchi', 'Sighseeing', 'Museo Radio']",Casa Giulietta,strategy_nearest,False,0.0034580230712890625,success
041D8A4A9C4C81,2,['Tomba Giulietta'],Casa Giulietta,"['Centro Fotografia', 'Sighseeing', 'Torre Lamberti', 'Museo Conte', 'Museo Radio']",Castelvecchio,strategy_nearest,False,0.0022509098052978516,success
041D8B3A9C4C81,0,['Arena'],Castelvecchio,"['Museo Lapidario', 'Verona Tour', 'Museo Radio', 'San Zeno', 'Sighseeing']",Casa Giulietta,strategy_nearest,False,0.0016319751739501953,success
041D8C4A9C4C81,1,['Arena'],Torre Lamberti,"['Sighseeing', 'Centro Fotografia', 'Museo Conte', 'Casa Giulietta', 'Palazzo della Ragione']",Palazzo della Ragione,strategy_nearest,True,0.0034918785095214844,success
041D8F3A9C4C80,0,['Arena'],Casa Giulietta,"['Centro Fotografia', 'Sighseeing', 'Torre Lamberti', 'Museo Conte', 'Museo Radio']",Duomo,strategy_nearest,False,0.0018069744110107422,success
041D904A9C4C80,0,['Castelvecchio'],Arena,"['Verona Tour', 'Museo Lapidario', 'Museo Radio', 'San Fermo', 'Casa Giulietta']",Casa Giulietta,strategy_nearest,True,0.00255584716796875,success
041D8D4A9C4C80,0,['Arena'],Castelvecchio,"['Museo Lapidario', 'Verona Tour', 'Museo Radio', 'San Zeno', 'Sighseeing']",Torre Lamberti,strategy_nearest,False,0.002618074417114258,success
041D8F4A9C4C80,3,"['Casa Giulietta', 'Arena']",Torre Lamberti,"['Sighseeing', 'Centro Fotografia', 'Museo Conte', 'Palazzo della Ragione', 'AMO']",Teatro Romano,strategy_nearest,False,0.003398895263671875,success
041D944A9C4C80,3,"['Arena', 'Torre Lamberti']",Casa Giulietta,"['Centro Fotografia', 'Sighseeing', 'Museo Conte', 'Museo Radio', 'Palazzo della Ragione']",Santa Anastasia,strategy_nearest,False,0.002171754837036133,success
041D974A9C4C81,1,"['Arena', 'Casa Giulietta']",Palazzo della Ragione,"['AMO', 'Museo Conte', 'Torre Lamberti', 'Centro Fotografia', 'Sighseeing']",Duomo,strategy_nearest,False,0.0025682449340820312,success
041DA0429C4C81,1,"['Arena', 'Museo Lapidario', 'Tomba Giulietta', 'Museo Storia']",San Fermo,"['Museo Radio', 'Casa Giulietta', 'Centro Fotografia', 'Sighseeing', 'Torre Lamberti']",Casa Giulietta,strategy_nearest,True,0.002370119094848633,success
041DA1429C4C81,2,"['Castelvecchio', 'Casa Giulietta']",Palazzo della Ragione,"['AMO', 'Museo Conte', 'Torre Lamberti', 'Centro Fotografia', 'Sighseeing']",Torre Lamberti,strategy_nearest,True,0.0025360584259033203,success
041DA34A9C4C80,1,"['Arena', 'Casa Giulietta']",Torre Lamberti,"['Sighseeing', 'Centro Fotografia', 'Museo Conte', 'Palazzo della Ragione', 'AMO']",Palazzo della Ragione,strategy_nearest,True,0.0031189918518066406,success
041DA44A9C4C81,3,"['Arena', 'Torre Lamberti']",Santa Anastasia,"['AMO', 'Museo Conte', 'Palazzo della Ragione', 'Teatro Romano', 'Centro Fotografia']",Duomo,strategy_nearest,False,0.0031387805938720703,success
041DA63A9C4C81,2,['San Fermo'],Casa Giulietta,"['Centro Fotografia', 'Sighseeing', 'Torre Lamberti', 'Museo Conte', 'Museo Radio']",Torre Lamberti,strategy_nearest,True,0.0031909942626953125,success
041DA54A9C4C80,3,"['Arena', 'Casa Giulietta']",Torre Lamberti,"['Sighseeing', 'Centro Fotografia', 'Museo Conte', 'Palazzo della Ragione', 'AMO']",Santa Anastasia,strategy_nearest,False,0.004086017608642578,success
041DA63A9C4C80,2,['Torre Lamberti'],Palazzo della Ragione,"['AMO', 'Museo Conte', 'Centro Fotografia', 'Sighseeing', 'Santa Anastasia']",Santa Anastasia,strategy_nearest,True,0.0021581649780273438,success
041DA83A9C4C81,2,['Casa Giulietta'],Palazzo della Ragione,"['AMO', 'Museo Conte', 'Torre Lamberti', 'Centro Fotografia', 'Sighseeing']",Torre Lamberti,strategy_nearest,True,0.003201007843017578,success
041DAC3A9C4C80,3,['Arena'],Santa Anastasia,"['AMO', 'Museo Conte', 'Palazzo della Ragione', 'Teatro Romano', 'Centro Fotografia']",Duomo,strategy_nearest,False,0.0026938915252685547,success
041DB4429C4C80,0,['Duomo'],Arena,"['Verona Tour', 'Museo Lapidario', 'Museo Radio', 'San Fermo', 'Casa Giulietta']",Torre Lamberti,strategy_nearest,False,0.002637147903442383,success
041DB53A9C4C80,3,['Arena'],Torre Lamberti,"['Sighseeing', 'Centro Fotografia', 'Museo Conte', 'Casa Giulietta', 'Palazzo della Ragione']",Santa Anastasia,strategy_nearest,False,0.0032358169555664062,success
041DAA429C4C81,0,['Arena'],Casa Giulietta,"['Centro Fotografia', 'Sighseeing', 'Torre Lamberti', 'Museo Conte', 'Museo Radio']",Torre Lamberti,strategy_nearest,True,0.002112150192260742,success
041DBC3A9C4C80,3,"['Arena', 'Torre Lamberti']",Santa Anastasia,"['AMO', 'Museo Conte', 'Palazzo della Ragione', 'Teatro Romano', 'Centro Fotografia']",Duomo,strategy_nearest,False,0.0013539791107177734,success
041DBA3A9C4C80,0,"['Tomba Giulietta', 'Arena']",Casa Giulietta,"['Centro Fotografia', 'Sighseeing', 'Torre Lamberti', 'Museo Conte', 'Museo Radio']",Duomo,strategy_nearest,False,0.002579927444458008,success
041DB73A9C4C80,3,"['Arena', 'Torre Lamberti']",Santa Anastasia,"['AMO', 'Museo Conte', 'Palazzo della Ragione', 'Teatro Romano', 'Centro Fotografia']",Duomo,strategy_nearest,False,0.0040781497955322266,success
041DBC429C4C81,2,['Castelvecchio'],Santa Anastasia,"['AMO', 'Museo Conte', 'Palazzo della Ragione', 'Teatro Romano', 'Centro Fotografia']",San Zeno,strategy_nearest,False,0.0032749176025390625,success
041DC33A9C4C80,3,"['Duomo', 'Arena']",Casa Giulietta,"['Centro Fotografia', 'Sighseeing', 'Torre Lamberti', 'Museo Conte', 'Museo Radio']",Santa Anastasia,strategy_nearest,False,0.0022020339965820312,success
041DC73A9C4C80,0,['Arena'],Museo Lapidario,"['Verona Tour', 'Castelvecchio', 'Museo Radio', 'San Fermo', 'Casa Giulietta']",Casa Giulietta,strategy_nearest,True,0.002521991729736328,success
041DC3429C4C81,0,['Castelvecchio'],Arena,"['Verona Tour', 'Museo Lapidario', 'Museo Radio', 'San Fermo', 'Casa Giulietta']",Tomba Giulietta,strategy_nearest,False,0.002531766891479492,success
041DC9429C4C81,0,['Casa Giulietta'],Torre Lamberti,"['Sighseeing', 'Centro Fotografia', 'Museo Conte', 'Palazzo della Ragione', 'AMO']",Arena,strategy_nearest,False,0.0031888484954833984,success
041DCD3A9C4C81,0,"['Arena', 'San Fermo']",Casa Giulietta,"['Centro Fotografia', 'Sighseeing', 'Torre Lamberti', 'Museo Conte', 'Museo Radio']",Tomba Giulietta,strategy_nearest,False,0.003911733627319336,success
041DCF3A9C4C80,1,"['San Zeno', 'Castelvecchio', 'Arena']",Casa Giulietta,"['Centro Fotografia', 'Sighseeing', 'Torre Lamberti', 'Museo Conte', 'Museo Radio']",Tomba Giulietta,strategy_nearest,False,0.0026960372924804688,success
041DD03A9C4C80,0,['Casa Giulietta'],Castelvecchio,"['Museo Lapidario', 'Verona Tour', 'Arena', 'Museo Radio', 'San Zeno']",Arena,strategy_nearest,True,0.002518177032470703,success
041DCD3A9C4C80,1,['Arena'],Palazzo della Ragione,"['AMO', 'Museo Conte', 'Torre Lamberti', 'Centro Fotografia', 'Sighseeing']",Torre Lamberti,strategy_nearest,True,0.002803802490234375,success
041DD03A9C4C81,3,"['Santa Anastasia', 'Arena']",Torre Lamberti,"['Sighseeing', 'Centro Fotografia', 'Museo Conte', 'Casa Giulietta', 'Palazzo della Ragione']",Teatro Romano,strategy_nearest,False,0.002093791961669922,success
041DD63A9C4C81,3,"['Santa Anastasia', 'Duomo']",Arena,"['Verona Tour', 'Museo Lapidario', 'Museo Radio', 'San Fermo', 'Casa Giulietta']",Castelvecchio,strategy_nearest,False,0.002668142318725586,success
041DD0429C4C80,1,"['Arena', 'Santa Anastasia', 'Duomo', 'Castelvecchio']",Casa Giulietta,"['Centro Fotografia', 'Sighseeing', 'Torre Lamberti', 'Museo Conte', 'Museo Radio']",Palazzo della Ragione,strategy_nearest,False,0.0014781951904296875,success
041DD83A9C4C80,3,"['Arena', 'Santa Anastasia']",Duomo,"['AMO', 'Museo Miniscalchi', 'Teatro Romano', 'Palazzo della Ragione', 'Museo Conte']",Casa Giulietta,strategy_nearest,False,0.0033388137817382812,success
041DE23A9C4C80,3,"['Arena', 'Castelvecchio', 'Duomo']",Santa Anastasia,"['AMO', 'Museo Conte', 'Palazzo della Ragione', 'Teatro Romano', 'Centro Fotografia']",Torre Lamberti,strategy_nearest,False,0.002214193344116211,success
041E4E429C4C81,3,"['Arena', 'Casa Giulietta']",Castelvecchio,"['Museo Lapidario', 'Verona Tour', 'Museo Radio', 'San Zeno', 'Sighseeing']",San Zeno,strategy_nearest,True,0.002530813217163086,success
041E473A9C4C81,3,"['Arena', 'Casa Giulietta']",Santa Anastasia,"['AMO', 'Museo Conte', 'Palazzo della Ragione', 'Teatro Romano', 'Centro Fotografia']",Duomo,strategy_nearest,False,0.0033102035522460938,success
041E57429C4C80,1,"['Arena', 'Casa Giulietta']",Torre Lamberti,"['Sighseeing', 'Centro Fotografia', 'Museo Conte', 'Palazzo della Ragione', 'AMO']",Palazzo della Ragione,strategy_nearest,True,0.0031027793884277344,success
041E57429C4C81,0,['Arena'],Casa Giulietta,"['Centro Fotografia', 'Sighseeing', 'Torre Lamberti', 'Museo Conte', 'Museo Radio']",Castelvecchio,strategy_nearest,False,0.0034492015838623047,success
041E59429C4C81,0,['Arena'],Duomo,"['AMO', 'Museo Miniscalchi', 'Santa Anastasia', 'Teatro Romano', 'Palazzo della Ragione']",Casa Giulietta,strategy_nearest,False,0.0027501583099365234,success
041E58429C4C80,2,['Casa Giulietta'],Torre Lamberti,"['Sighseeing', 'Centro Fotografia', 'Museo Conte', 'Palazzo della Ragione', 'AMO']",Palazzo della Ragione,strategy_nearest,True,0.0034580230712890625,success
041E5D3A9C4C81,0,['San Fermo'],Tomba Giulietta,"['Museo Storia', 'Arena', 'Museo Lapidario', 'Museo Radio', 'Verona Tour']",Arena,strategy_nearest,True,0.0034286975860595703,success
041E5D429C4C80,2,['Duomo'],Castelvecchio,"['Museo Lapidario', 'Verona Tour', 'Arena', 'Museo Radio', 'San Zeno']",Casa Giulietta,strategy_nearest,False,0.002237081527709961,success
041E66429C4C80,1,['Torre Lamberti'],Palazzo della Ragione,"['AMO', 'Museo Conte', 'Centro Fotografia', 'Sighseeing', 'Santa Anastasia']",Arena,strategy_nearest,False,0.002565145492553711,success
041E6A429C4C81,3,"['Arena', 'Torre Lamberti']",Casa Giulietta,"['Centro Fotografia', 'Sighseeing', 'Museo Conte', 'Museo Radio', 'Palazzo della Ragione']",Teatro Romano,strategy_nearest,False,0.0031418800354003906,success
041E763A9C4C80,0,"['Casa Giulietta', 'Torre Lamberti']",Arena,"['Verona Tour', 'Museo Lapidario', 'Museo Radio', 'San Fermo', 'Sighseeing']",Castelvecchio,strategy_nearest,False,0.003290891647338867,success
041E71429C4C80,2,['Torre Lamberti'],Teatro Romano,"['Santa Anastasia', 'Duomo', 'AMO', 'Palazzo della Ragione', 'Museo Conte']",Duomo,strategy_nearest,True,0.003568887710571289,success
041E743A9C4C81,2,"['Castelvecchio', 'Teatro Romano', 'Duomo']",Torre Lamberti,"['Sighseeing', 'Centro Fotografia', 'Museo Conte', 'Casa Giulietta', 'Palazzo della Ragione']",Palazzo della Ragione,strategy_nearest,True,0.0020248889923095703,success
041E6E3A9C4C80,3,"['Duomo', 'Santa Anastasia']",San Zeno,"['Castelvecchio', 'Verona Tour', 'Museo Lapidario', 'Arena', 'Museo Miniscalchi']",San Fermo,strategy_nearest,False,0.0035991668701171875,success
041E844A9C4C81,0,['Arena'],Casa Giulietta,"['Centro Fotografia', 'Sighseeing', 'Torre Lamberti', 'Museo Conte', 'Museo Radio']",Duomo,strategy_nearest,False,0.0014019012451171875,success
041E7D4A9C4C80,2,['Casa Giulietta'],Castelvecchio,"['Museo Lapidario', 'Verona Tour', 'Arena', 'Museo Radio', 'San Zeno']",Museo Lapidario,strategy_nearest,True,0.002852201461791992,success
041E834A9C4C81,0,['Arena'],Castelvecchio,"['Museo Lapidario', 'Verona Tour', 'Museo Radio', 'San Zeno', 'Sighseeing']",Teatro Romano,strategy_nearest,False,0.0034329891204833984,success
041E84429C4C81,2,"['Casa Giulietta', 'Castelvecchio']",Torre Lamberti,"['Sighseeing', 'Centro Fotografia', 'Museo Conte', 'Palazzo della Ragione', 'AMO']",Palazzo della Ragione,strategy_nearest,True,0.0021698474884033203,success
041E873A9C4C80,3,"['Arena', 'Casa Giulietta', 'Santa Anastasia']",Duomo,"['AMO', 'Museo Miniscalchi', 'Teatro Romano', 'Palazzo della Ragione', 'Museo Conte']",San Zeno,strategy_nearest,False,0.0019428730010986328,success
041E864A9C4C81,3,"['Arena', 'San Fermo', 'Duomo']",Teatro Romano,"['Santa Anastasia', 'AMO', 'Palazzo della Ragione', 'Museo Conte', 'Centro Fotografia']",Castelvecchio,strategy_nearest,False,0.0013918876647949219,success
041E863A9C4C80,3,"['Arena', 'Torre Lamberti']",Santa Anastasia,"['AMO', 'Museo Conte', 'Palazzo della Ragione', 'Teatro Romano', 'Centro Fotografia']",Duomo,strategy_nearest,False,0.002897977828979492,success
041E8B3A9C4C80,3,"['Arena', 'Casa Giulietta']",Teatro Romano,"['Santa Anastasia', 'Duomo', 'AMO', 'Palazzo della Ragione', 'Museo Conte']",Santa Anastasia,strategy_nearest,True,0.0034770965576171875,success
041E8C3A9C4C81,0,"['Arena', 'Castelvecchio']",Torre Lamberti,"['Sighseeing', 'Centro Fotografia', 'Museo Conte', 'Casa Giulietta', 'Palazzo della Ragione']",Casa Giulietta,strategy_nearest,True,0.0026988983154296875,success
041E8F3A9C4C80,0,['Arena'],Casa Giulietta,"['Centro Fotografia', 'Sighseeing', 'Torre Lamberti', 'Museo Conte', 'Museo Radio']",Duomo,strategy_nearest,False,0.002797842025756836,success
041E91429C4C81,0,['Torre Lamberti'],Casa Giulietta,"['Centro Fotografia', 'Sighseeing', 'Museo Conte', 'Museo Radio', 'Palazzo della Ragione']",Arena,strategy_nearest,False,0.0032150745391845703,success
041E8B429C4C80,3,"['Arena', 'Casa Giulietta']",Torre Lamberti,"['Sighseeing', 'Centro Fotografia', 'Museo Conte', 'Palazzo della Ragione', 'AMO']",Santa Anastasia,strategy_nearest,False,0.0020389556884765625,success
041E924A9C4C80,3,['Arena'],Santa Anastasia,"['AMO', 'Museo Conte', 'Palazzo della Ragione', 'Teatro Romano', 'Centro Fotografia']",Duomo,strategy_nearest,False,0.0032067298889160156,success
041E984A9C4C81,0,['Arena'],Torre Lamberti,"['Sighseeing', 'Centro Fotografia', 'Museo Conte', 'Casa Giulietta', 'Palazzo della Ragione']",Casa Giulietta,strategy_nearest,True,0.002457857131958008,success
041E97429C4C81,3,['Arena'],Torre Lamberti,"['Sighseeing', 'Centro Fotografia', 'Museo Conte', 'Casa Giulietta', 'Palazzo della Ragione']",Santa Anastasia,strategy_nearest,False,0.0019779205322265625,success
041E99429C4C81,1,['Arena'],Casa Giulietta,"['Centro Fotografia', 'Sighseeing', 'Torre Lamberti', 'Museo Conte', 'Museo Radio']",Palazzo della Ragione,strategy_nearest,False,0.0033903121948242188,success
041E9C429C4C80,3,"['Tomba Giulietta', 'Arena', 'Casa Giulietta']",Torre Lamberti,"['Sighseeing', 'Centro Fotografia', 'Museo Conte', 'Palazzo della Ragione', 'AMO']",Santa Anastasia,strategy_nearest,False,0.0017838478088378906,success
041E9C4A9C4C80,1,"['Arena', 'Museo Lapidario']",Castelvecchio,"['Verona Tour', 'Museo Radio', 'San Zeno', 'Sighseeing', 'Museo Miniscalchi']",Casa Giulietta,strategy_nearest,False,0.003217935562133789,success
041E9D429C4C81,0,['Arena'],Museo Lapidario,"['Verona Tour', 'Castelvecchio', 'Museo Radio', 'San Fermo', 'Casa Giulietta']",Tomba Giulietta,strategy_nearest,False,0.0032601356506347656,success
041E9A429C4C81,2,['Castelvecchio'],Teatro Romano,"['Santa Anastasia', 'Duomo', 'AMO', 'Palazzo della Ragione', 'Museo Conte']",Duomo,strategy_nearest,True,0.0026481151580810547,success
041E9F429C4C80,2,['Castelvecchio'],San Zeno,"['Verona Tour', 'Museo Lapidario', 'Arena', 'Museo Miniscalchi', 'Sighseeing']",San Fermo,strategy_nearest,False,0.0021390914916992188,success
041E9E4A9C4C81,0,"['Arena', 'Torre Lamberti']",Casa Giulietta,"['Centro Fotografia', 'Sighseeing', 'Museo Conte', 'Museo Radio', 'Palazzo della Ragione']",Castelvecchio,strategy_nearest,False,0.002034902572631836,success
041EA1429C4C80,0,['Arena'],Casa Giulietta,"['Centro Fotografia', 'Sighseeing', 'Torre Lamberti', 'Museo Conte', 'Museo Radio']",Teatro Romano,strategy_nearest,False,0.0028061866760253906,success
041EA2429C4C81,2,['Castelvecchio'],Palazzo della Ragione,"['AMO', 'Museo Conte', 'Torre Lamberti', 'Centro Fotografia', 'Sighseeing']",Santa Anastasia,strategy_nearest,False,0.0033342838287353516,success
041EA5429C4C80,2,['Castelvecchio'],San Zeno,"['Verona Tour', 'Museo Lapidario', 'Arena', 'Museo Miniscalchi', 'Sighseeing']",Torre Lamberti,strategy_nearest,False,0.0034987926483154297,success
041EA74A9C4C80,3,"['Santa Anastasia', 'Duomo', 'Torre Lamberti']",San Fermo,"['Museo Storia', 'Museo Radio', 'Casa Giulietta', 'Centro Fotografia', 'Arena']",Arena,strategy_nearest,True,0.002256155014038086,success
041EAA429C4C81,1,"['Arena', 'San Fermo', 'Casa Giulietta']",Palazzo della Ragione,"['AMO', 'Museo Conte', 'Torre Lamberti', 'Centro Fotografia', 'Sighseeing']",Torre Lamberti,strategy_nearest,True,0.002832174301147461,success
041EAB429C4C81,0,['Arena'],Casa Giulietta,"['Centro Fotografia', 'Sighseeing', 'Torre Lamberti', 'Museo Conte', 'Museo Radio']",San Zeno,strategy_nearest,False,0.003467082977294922,success
041EAE429C4C80,3,"['Arena', 'Casa Giulietta']",Torre Lamberti,"['Sighseeing', 'Centro Fotografia', 'Museo Conte', 'Palazzo della Ragione', 'AMO']",Santa Anastasia,strategy_nearest,False,0.0027468204498291016,success
041EB33A9C4C81,3,"['Arena', 'Torre Lamberti']",Casa Giulietta,"['Centro Fotografia', 'Sighseeing', 'Museo Conte', 'Museo Radio', 'Palazzo della Ragione']",Duomo,strategy_nearest,False,0.001767873764038086,success
041EB6429C4C81,0,['Castelvecchio'],Arena,"['Verona Tour', 'Museo Lapidario', 'Museo Radio', 'San Fermo', 'Casa Giulietta']",Torre Lamberti,strategy_nearest,False,0.003962993621826172,success
041EB73A9C4C81,0,['Arena'],Casa Giulietta,"['Centro Fotografia', 'Sighseeing', 'Torre Lamberti', 'Museo Conte', 'Museo Radio']",Castelvecchio,strategy_nearest,False,0.002665996551513672,success
041EBE3A9C4C81,3,"['Arena', 'Casa Giulietta']",Santa Anastasia,"['AMO', 'Museo Conte', 'Palazzo della Ragione', 'Teatro Romano', 'Centro Fotografia']",Duomo,strategy_nearest,False,0.0025479793548583984,success
041EBA3A9C4C80,0,['Castelvecchio'],Casa Giulietta,"['Centro Fotografia', 'Sighseeing', 'Torre Lamberti', 'Museo Conte', 'Museo Radio']",Arena,strategy_nearest,False,0.004135847091674805,success
041EBF3A9C4C80,0,"['Tomba Giulietta', 'Arena']",Casa Giulietta,"['Centro Fotografia', 'Sighseeing', 'Torre Lamberti', 'Museo Conte', 'Museo Radio']",Duomo,strategy_nearest,False,0.002002716064453125,success
041EC0429C4C80,3,"['Arena', 'Museo Lapidario']",Castelvecchio,"['Verona Tour', 'Museo Radio', 'San Zeno', 'Sighseeing', 'Museo Miniscalchi']",Duomo,strategy_nearest,False,0.0033228397369384766,success
041EC6429C4C81,3,"['Arena', 'Casa Giulietta']",Santa Anastasia,"['AMO', 'Museo Conte', 'Palazzo della Ragione', 'Teatro Romano', 'Centro Fotografia']",Duomo,strategy_nearest,False,0.0023469924926757812,success
041EC63A9C4C80,1,"['San Zeno', 'Castelvecchio', 'Arena']",Duomo,"['AMO', 'Museo Miniscalchi', 'Santa Anastasia', 'Teatro Romano', 'Palazzo della Ragione']",Casa Giulietta,strategy_nearest,False,0.0024750232696533203,success
041EC93A9C4C80,0,['Arena'],Castelvecchio,"['Museo Lapidario', 'Verona Tour', 'Museo Radio', 'San Zeno', 'Sighseeing']",Casa Giulietta,strategy_nearest,False,0.0030422210693359375,success
041EC73A9C4C81,1,"['Arena', 'Casa Giulietta']",San Fermo,"['Museo Storia', 'Museo Radio', 'Centro Fotografia', 'Sighseeing', 'Torre Lamberti']",Palazzo della Ragione,strategy_nearest,False,0.002804994583129883,success
041ECA3A9C4C81,0,['Arena'],Casa Giulietta,"['Centro Fotografia', 'Sighseeing', 'Torre Lamberti', 'Museo Conte', 'Museo Radio']",Torre Lamberti,strategy_nearest,True,0.0035181045532226562,success
041ECB429C4C80,3,"['Arena', 'Castelvecchio', 'San Zeno']",Teatro Romano,"['Santa Anastasia', 'Duomo', 'AMO', 'Palazzo della Ragione', 'Museo Conte']",Duomo,strategy_nearest,True,0.0026280879974365234,success
041ECC3A9C4C80,2,['Castelvecchio'],Torre Lamberti,"['Sighseeing', 'Centro Fotografia', 'Museo Conte', 'Casa Giulietta', 'Palazzo della Ragione']",Casa Giulietta,strategy_nearest,True,0.002593994140625,success
041ED13A9C4C80,0,['Arena'],Casa Giulietta,"['Centro Fotografia', 'Sighseeing', 'Torre Lamberti', 'Museo Conte', 'Museo Radio']",Torre Lamberti,strategy_nearest,True,0.002585887908935547,success
041ECC429C4C81,2,"['Casa Giulietta', 'Torre Lamberti']",Palazzo della Ragione,"['AMO', 'Museo Conte', 'Centro Fotografia', 'Sighseeing', 'Santa Anastasia']",Santa Anastasia,strategy_nearest,True,0.002964019775390625,success
041ED63A9C4C80,1,['Arena'],Casa Giulietta,"['Centro Fotografia', 'Sighseeing', 'Torre Lamberti', 'Museo Conte', 'Museo Radio']",Palazzo della Ragione,strategy_nearest,False,0.0031769275665283203,success
041ED63A9C4C81,3,"['Arena', 'Castelvecchio']",Teatro Romano,"['Santa Anastasia', 'Duomo', 'AMO', 'Palazzo della Ragione', 'Museo Conte']",Duomo,strategy_nearest,True,0.0031287670135498047,success
041EE0429C4C80,1,"['Casa Giulietta', 'San Zeno', 'Castelvecchio', 'Arena', 'Santa Anastasia']",Duomo,"['AMO', 'Museo Miniscalchi', 'Teatro Romano', 'Palazzo della Ragione', 'Museo Conte']",San Fermo,strategy_nearest,False,0.0025327205657958984,success
041ED93A9C4C80,2,['Museo Lapidario'],Castelvecchio,"['Verona Tour', 'Arena', 'Museo Radio', 'San Zeno', 'Sighseeing']",Teatro Romano,strategy_nearest,False,0.0033190250396728516,success
041F50429C4C81,3,"['Castelvecchio', 'Arena']",Casa Giulietta,"['Centro Fotografia', 'Sighseeing', 'Torre Lamberti', 'Museo Conte', 'Museo Radio']",Tomba Giulietta,strategy_nearest,False,0.0025649070739746094,success
041F523A9C4C81,1,"['Casa Giulietta', 'Castelvecchio']",Arena,"['Verona Tour', 'Museo Lapidario', 'Museo Radio', 'San Fermo', 'Sighseeing']",Torre Lamberti,strategy_nearest,False,0.003262042999267578,success
041F57429C4C81,0,['Arena'],Casa Giulietta,"['Centro Fotografia', 'Sighseeing', 'Torre Lamberti', 'Museo Conte', 'Museo Radio']",Tomba Giulietta,strategy_nearest,False,0.002290964126586914,success
041F543A9C4C80,3,"['Castelvecchio', 'Arena']",San Zeno,"['Verona Tour', 'Museo Lapidario', 'Museo Miniscalchi', 'Sighseeing', 'Museo Radio']",Teatro Romano,strategy_nearest,False,0.0024580955505371094,success
041F56429C4C80,0,['Arena'],Casa Giulietta,"['Centro Fotografia', 'Sighseeing', 'Torre Lamberti', 'Museo Conte', 'Museo Radio']",Santa Anastasia,strategy_nearest,False,0.0038940906524658203,success
041F5D3A9C4C81,2,['Casa Giulietta'],Castelvecchio,"['Museo Lapidario', 'Verona Tour', 'Arena', 'Museo Radio', 'San Zeno']",Santa Anastasia,strategy_nearest,False,0.0023620128631591797,success
041F5B3A9C4C80,2,['Casa Giulietta'],Torre Lamberti,"['Sighseeing', 'Centro Fotografia', 'Museo Conte', 'Palazzo della Ragione', 'AMO']",Santa Anastasia,strategy_nearest,False,0.0024361610412597656,success
041F5E3A9C4C81,3,"['Giardino Giusti', 'Teatro Romano', 'Castelvecchio', 'San Fermo']",Arena,"['Verona Tour', 'Museo Lapidario', 'Museo Radio', 'Casa Giulietta', 'Sighseeing']",Torre Lamberti,strategy_nearest,False,0.003123044967651367,success
041F5D429C4C80,0,['Arena'],Torre Lamberti,"['Sighseeing', 'Centro Fotografia', 'Museo Conte', 'Casa Giulietta', 'Palazzo della Ragione']",Castelvecchio,strategy_nearest,False,0.0026390552520751953,success
041F64429C4C81,2,['Castelvecchio'],Casa Giulietta,"['Centro Fotografia', 'Sighseeing', 'Torre Lamberti', 'Museo Conte', 'Museo Radio']",Santa Anastasia,strategy_nearest,False,0.0029718875885009766,success
041F5E429C4C81,1,"['Arena', 'Casa Giulietta']",Palazzo della Ragione,"['AMO', 'Museo Conte', 'Torre Lamberti', 'Centro Fotografia', 'Sighseeing']",Duomo,strategy_nearest,False,0.0028200149536132812,success
041F683A9C4C81,2,"['Castelvecchio', 'Torre Lamberti']",Duomo,"['AMO', 'Museo Miniscalchi', 'Santa Anastasia', 'Teatro Romano', 'Palazzo della Ragione']",Giardino Giusti,strategy_nearest,False,0.0027141571044921875,success
041F68429C4C80,2,['Torre Lamberti'],Casa Giulietta,"['Centro Fotografia', 'Sighseeing', 'Museo Conte', 'Museo Radio', 'Palazzo della Ragione']",Teatro Romano,strategy_nearest,False,0.003103017807006836,success
041F6C3A9C4C81,1,"['Arena', 'Casa Giulietta', 'Torre Lamberti', 'Santa Anastasia', 'Castelvecchio']",Palazzo della Ragione,"['AMO', 'Museo Conte', 'Centro Fotografia', 'Sighseeing', 'Museo Miniscalchi']",San Zeno,strategy_nearest,False,0.0022079944610595703,success
041F76429C4C81,3,"['Museo Lapidario', 'Arena', 'Tomba Giulietta']",San Fermo,"['Museo Storia', 'Museo Radio', 'Casa Giulietta', 'Centro Fotografia', 'Sighseeing']",Casa Giulietta,strategy_nearest,True,0.0032176971435546875,success
041F72429C4C81,2,['Santa Anastasia'],Duomo,"['AMO', 'Museo Miniscalchi', 'Teatro Romano', 'Palazzo della Ragione', 'Museo Conte']",Casa Giulietta,strategy_nearest,False,0.0032100677490234375,success
041F773A9C4C80,1,"['Casa Giulietta', 'Arena']",Tomba Giulietta,"['San Fermo', 'Museo Storia', 'Museo Lapidario', 'Museo Radio', 'Verona Tour']",Torre Lamberti,strategy_nearest,False,0.0031332969665527344,success
041F7A4A9C4C80,2,"['Duomo', 'Santa Anastasia']",Torre Lamberti,"['Sighseeing', 'Centro Fotografia', 'Museo Conte', 'Casa Giulietta', 'Palazzo della Ragione']",Palazzo della Ragione,strategy_nearest,True,0.0029740333557128906,success
041F7D429C4C81,0,['Casa Giulietta'],Arena,"['Verona Tour', 'Museo Lapidario', 'Museo Radio', 'San Fermo', 'Sighseeing']",Tomba Giulietta,strategy_nearest,False,0.0017080307006835938,success
041F7C4A9C4C80,1,"['Castelvecchio', 'Arena', 'Casa Giulietta']",Santa Anastasia,"['AMO', 'Museo Conte', 'Palazzo della Ragione', 'Teatro Romano', 'Centro Fotografia']",Duomo,strategy_nearest,False,0.0034170150756835938,success
041F7E429C4C80,0,['Santa Anastasia'],Arena,"['Verona Tour', 'Museo Lapidario', 'Museo Radio', 'San Fermo', 'Casa Giulietta']",Castelvecchio,strategy_nearest,False,0.0024890899658203125,success
041F7D4A9C4C80,3,"['Arena', 'Casa Giulietta']",Santa Anastasia,"['AMO', 'Museo Conte', 'Palazzo della Ragione', 'Teatro Romano', 'Centro Fotografia']",Duomo,strategy_nearest,False,0.003197908401489258,success
041F7E429C4C81,0,['Casa Giulietta'],Arena,"['Verona Tour', 'Museo Lapidario', 'Museo Radio', 'San Fermo', 'Sighseeing']",Tomba Giulietta,strategy_nearest,False,0.003957033157348633,success
041F7F3A9C4C81,0,['Arena'],Casa Giulietta,"['Centro Fotografia', 'Sighseeing', 'Torre Lamberti', 'Museo Conte', 'Museo Radio']",Castelvecchio,strategy_nearest,False,0.002530813217163086,success
041F83429C4C81,1,"['Arena', 'Museo Lapidario', 'Castelvecchio']",Casa Giulietta,"['Centro Fotografia', 'Sighseeing', 'Torre Lamberti', 'Museo Conte', 'Museo Radio']",Palazzo della Ragione,strategy_nearest,False,0.003155946731567383,success
041F843A9C4C81,2,"['Palazzo della Ragione', 'Torre Lamberti']",Santa Anastasia,"['AMO', 'Museo Conte', 'Teatro Romano', 'Centro Fotografia', 'Duomo']",Teatro Romano,strategy_nearest,True,0.0025010108947753906,success
041F803A9C4C81,2,"['Castelvecchio', 'Torre Lamberti']",Palazzo della Ragione,"['AMO', 'Museo Conte', 'Centro Fotografia', 'Sighseeing', 'Santa Anastasia']",Duomo,strategy_nearest,False,0.0026710033416748047,success
041F864A9C4C80,0,['Arena'],Casa Giulietta,"['Centro Fotografia', 'Sighseeing', 'Torre Lamberti', 'Museo Conte', 'Museo Radio']",Torre Lamberti,strategy_nearest,True,0.0032389163970947266,success
041F88429C4C80,2,['Casa Giulietta'],Santa Anastasia,"['AMO', 'Museo Conte', 'Palazzo della Ragione', 'Teatro Romano', 'Centro Fotografia']",Duomo,strategy_nearest,False,0.0018329620361328125,success
041F844A9C4C81,3,['Arena'],Castelvecchio,"['Museo Lapidario', 'Verona Tour', 'Museo Radio', 'San Zeno', 'Sighseeing']",Santa Anastasia,strategy_nearest,False,0.0037338733673095703,success
041F8E4A9C4C80,0,['Arena'],Casa Giulietta,"['Centro Fotografia', 'Sighseeing', 'Torre Lamberti', 'Museo Conte', 'Museo Radio']",Castelvecchio,strategy_nearest,False,0.0032448768615722656,success
041F92429C4C80,1,"['Tomba Giulietta', 'Arena', 'Casa Giulietta']",Santa Anastasia,"['AMO', 'Museo Conte', 'Palazzo della Ragione', 'Teatro Romano', 'Centro Fotografia']",Torre Lamberti,strategy_nearest,False,0.0027320384979248047,success
041F914A9C4C81,1,"['Museo Lapidario', 'Arena']",Casa Giulietta,"['Centro Fotografia', 'Sighseeing', 'Torre Lamberti', 'Museo Conte', 'Museo Radio']",Santa Anastasia,strategy_nearest,False,0.0021691322326660156,success
041F98429C4C81,1,"['Arena', 'Casa Giulietta']",Torre Lamberti,"['Sighseeing', 'Centro Fotografia', 'Museo Conte', 'Palazzo della Ragione', 'AMO']",Palazzo della Ragione,strategy_nearest,True,0.003225088119506836,success
041F98429C4C80,0,['Arena'],Casa Giulietta,"['Centro Fotografia', 'Sighseeing', 'Torre Lamberti', 'Museo Conte', 'Museo Radio']",Torre Lamberti,strategy_nearest,True,0.0026369094848632812,success
041F9A429C4C81,3,['Arena'],Casa Giulietta,"['Centro Fotografia', 'Sighseeing', 'Torre Lamberti', 'Museo Conte', 'Museo Radio']",Torre Lamberti,strategy_nearest,True,0.0014240741729736328,success
041F994A9C4C81,3,"['Arena', 'Casa Giulietta']",Santa Anastasia,"['AMO', 'Museo Conte', 'Palazzo della Ragione', 'Teatro Romano', 'Centro Fotografia']",Duomo,strategy_nearest,False,0.003973960876464844,success
041F9A429C4C80,3,"['Arena', 'San Fermo']",Casa Giulietta,"['Centro Fotografia', 'Sighseeing', 'Torre Lamberti', 'Museo Conte', 'Museo Radio']",Santa Anastasia,strategy_nearest,False,0.0027480125427246094,success
041F9C429C4C81,0,['Arena'],Casa Giulietta,"['Centro Fotografia', 'Sighseeing', 'Torre Lamberti', 'Museo Conte', 'Museo Radio']",Castelvecchio,strategy_nearest,False,0.0033159255981445312,success
041FA1429C4C80,0,['Castelvecchio'],Casa Giulietta,"['Centro Fotografia', 'Sighseeing', 'Torre Lamberti', 'Museo Conte', 'Museo Radio']",Arena,strategy_nearest,False,0.002012968063354492,success
041F9D429C4C80,2,['Castelvecchio'],San Zeno,"['Verona Tour', 'Museo Lapidario', 'Arena', 'Museo Miniscalchi', 'Sighseeing']",Teatro Romano,strategy_nearest,False,0.0034339427947998047,success
041F9E429C4C80,0,['Arena'],Casa Giulietta,"['Centro Fotografia', 'Sighseeing', 'Torre Lamberti', 'Museo Conte', 'Museo Radio']",Tomba Giulietta,strategy_nearest,False,0.00214385986328125,success
041FA2429C4C81,1,"['Torre Lamberti', 'Teatro Romano']",Casa Giulietta,"['Centro Fotografia', 'Sighseeing', 'Museo Conte', 'Museo Radio', 'Palazzo della Ragione']",Arena,strategy_nearest,False,0.003267049789428711,success
041FA54A9C4C80,0,['Arena'],Museo Lapidario,"['Verona Tour', 'Castelvecchio', 'Museo Radio', 'San Fermo', 'Casa Giulietta']",Castelvecchio,strategy_nearest,True,0.002057313919067383,success
041FA34A9C4C81,0,['Arena'],Torre Lamberti,"['Sighseeing', 'Centro Fotografia', 'Museo Conte', 'Casa Giulietta', 'Palazzo della Ragione']",Casa Giulietta,strategy_nearest,True,0.003378152847290039,success
041FA83A9C4C80,0,['Arena'],San Zeno,"['Castelvecchio', 'Verona Tour', 'Museo Lapidario', 'Museo Miniscalchi', 'Sighseeing']",Casa Giulietta,strategy_nearest,False,0.002569913864135742,success
041FA4429C4C80,1,"['Arena', 'Casa Giulietta', 'Santa Anastasia']",Santa Anastasia,"['AMO', 'Museo Conte', 'Palazzo della Ragione', 'Teatro Romano', 'Centro Fotografia']",Torre Lamberti,strategy_nearest,False,0.003956794738769531,success
041FAC3A9C4C81,3,['Arena'],Casa Giulietta,"['Centro Fotografia', 'Sighseeing', 'Torre Lamberti', 'Museo Conte', 'Museo Radio']",Santa Anastasia,strategy_nearest,False,0.0021572113037109375,success
041FA84A9C4C81,3,['Arena'],Casa Giulietta,"['Centro Fotografia', 'Sighseeing', 'Torre Lamberti', 'Museo Conte', 'Museo Radio']",Torre Lamberti,strategy_nearest,True,0.0021948814392089844,success
041FAE429C4C81,2,"['Casa Giulietta', 'San Fermo']",Torre Lamberti,"['Sighseeing', 'Centro Fotografia', 'Museo Conte', 'Palazzo della Ragione', 'AMO']",Santa Anastasia,strategy_nearest,False,0.0026879310607910156,success
041FB0429C4C80,1,"['Castelvecchio', 'Arena', 'Casa Giulietta']",Torre Lamberti,"['Sighseeing', 'Centro Fotografia', 'Museo Conte', 'Palazzo della Ragione', 'AMO']",Palazzo della Ragione,strategy_nearest,True,0.0032510757446289062,success
041FB83A9C4C81,2,"['Casa Giulietta', 'Palazzo della Ragione']",Torre Lamberti,"['Sighseeing', 'Centro Fotografia', 'Museo Conte', 'AMO', 'Museo Miniscalchi']",Santa Anastasia,strategy_nearest,False,0.0015270709991455078,success
041FB2429C4C80,2,['Teatro Romano'],Duomo,"['AMO', 'Museo Miniscalchi', 'Santa Anastasia', 'Palazzo della Ragione', 'Museo Conte']",Casa Giulietta,strategy_nearest,False,0.0021979808807373047,success
041FBE3A9C4C81,1,"['Museo Lapidario', 'Arena', 'Santa Anastasia']",Duomo,"['AMO', 'Museo Miniscalchi', 'Teatro Romano', 'Palazzo della Ragione', 'Museo Conte']",Casa Giulietta,strategy_nearest,False,0.002713918685913086,success
041FC03A9C4C81,0,"['Castelvecchio', 'Arena']",Casa Giulietta,"['Centro Fotografia', 'Sighseeing', 'Torre Lamberti', 'Museo Conte', 'Museo Radio']",Teatro Romano,strategy_nearest,False,0.003206968307495117,success
041FC63A9C4C81,3,['Arena'],Torre Lamberti,"['Sighseeing', 'Centro Fotografia', 'Museo Conte', 'Casa Giulietta', 'Palazzo della Ragione']",Santa Anastasia,strategy_nearest,False,0.0026092529296875,success
041FCA3A9C4C80,2,['Duomo'],Casa Giulietta,"['Centro Fotografia', 'Sighseeing', 'Torre Lamberti', 'Museo Conte', 'Museo Radio']",Castelvecchio,strategy_nearest,False,0.0026879310607910156,success
041FC7429C4C81,0,"['Arena', 'Torre Lamberti']",Castelvecchio,"['Museo Lapidario', 'Verona Tour', 'Museo Radio', 'San Zeno', 'Sighseeing']",Casa Giulietta,strategy_nearest,False,0.0014116764068603516,success
041FCA3A9C4C81,0,['Arena'],Casa Giulietta,"['Centro Fotografia', 'Sighseeing', 'Torre Lamberti', 'Museo Conte', 'Museo Radio']",Santa Anastasia,strategy_nearest,False,0.003476858139038086,success
041FDC429C4C81,3,"['Arena', 'Castelvecchio', 'Santa Anastasia']",Duomo,"['AMO', 'Museo Miniscalchi', 'Teatro Romano', 'Palazzo della Ragione', 'Museo Conte']",Casa Giulietta,strategy_nearest,False,0.002574920654296875,success
041FE03A9C4C81,0,"['Castelvecchio', 'Casa Giulietta']",Arena,"['Verona Tour', 'Museo Lapidario', 'Museo Radio', 'San Fermo', 'Sighseeing']",San Zeno,strategy_nearest,False,0.002752065658569336,success
041FE33A9C4C81,3,"['Teatro Romano', 'Arena']",San Zeno,"['Castelvecchio', 'Verona Tour', 'Museo Lapidario', 'Museo Miniscalchi', 'Sighseeing']",Duomo,strategy_nearest,False,0.003061056137084961,success
041FDF429C4C80,0,"['Casa Giulietta', 'Teatro Romano']",Arena,"['Verona Tour', 'Museo Lapidario', 'Museo Radio', 'San Fermo', 'Sighseeing']",Castelvecchio,strategy_nearest,False,0.001977205276489258,success
042058429C4C81,1,['Arena'],Casa Giulietta,"['Centro Fotografia', 'Sighseeing', 'Torre Lamberti', 'Museo Conte', 'Museo Radio']",Torre Lamberti,strategy_nearest,True,0.0024347305297851562,success
04204E429C4C81,0,['Santa Anastasia'],Arena,"['Verona Tour', 'Museo Lapidario', 'Museo Radio', 'San Fermo', 'Casa Giulietta']",Castelvecchio,strategy_nearest,False,0.002329111099243164,success
04205A429C4C81,0,['Arena'],Torre Lamberti,"['Sighseeing', 'Centro Fotografia', 'Museo Conte', 'Casa Giulietta', 'Palazzo della Ragione']",Casa Giulietta,strategy_nearest,True,0.004103899002075195,success
042053429C4C80,2,['Duomo'],Torre Lamberti,"['Sighseeing', 'Centro Fotografia', 'Museo Conte', 'Casa Giulietta', 'Palazzo della Ragione']",Palazzo della Ragione,strategy_nearest,True,0.0033278465270996094,success
042063429C4C81,0,"['Arena', 'Castelvecchio']",Casa Giulietta,"['Centro Fotografia', 'Sighseeing', 'Torre Lamberti', 'Museo Conte', 'Museo Radio']",Torre Lamberti,strategy_nearest,True,0.0022351741790771484,success
042062429C4C80,0,['Arena'],Casa Giulietta,"['Centro Fotografia', 'Sighseeing', 'Torre Lamberti', 'Museo Conte', 'Museo Radio']",Torre Lamberti,strategy_nearest,True,0.00244903564453125,success
042060429C4C80,1,['Arena'],Torre Lamberti,"['Sighseeing', 'Centro Fotografia', 'Museo Conte', 'Casa Giulietta', 'Palazzo della Ragione']",Palazzo della Ragione,strategy_nearest,True,0.003682851791381836,success
042065429C4C80,3,['Arena'],Torre Lamberti,"['Sighseeing', 'Centro Fotografia', 'Museo Conte', 'Casa Giulietta', 'Palazzo della Ragione']",Santa Anastasia,strategy_nearest,False,0.0033342838287353516,success
042068429C4C81,2,['Torre Lamberti'],Palazzo della Ragione,"['AMO', 'Museo Conte', 'Centro Fotografia', 'Sighseeing', 'Santa Anastasia']",Santa Anastasia,strategy_nearest,True,0.0023260116577148438,success
042073429C4C81,1,"['Arena', 'San Fermo']",Casa Giulietta,"['Centro Fotografia', 'Sighseeing', 'Torre Lamberti', 'Museo Conte', 'Museo Radio']",Palazzo della Ragione,strategy_nearest,False,0.0016570091247558594,success
0420743A9C4C80,3,"['Tomba Giulietta', 'Museo Lapidario']",Arena,"['Verona Tour', 'Museo Radio', 'San Fermo', 'Casa Giulietta', 'Sighseeing']",Casa Giulietta,strategy_nearest,True,0.0031280517578125,success
042067429C4C81,2,['Casa Giulietta'],Santa Anastasia,"['AMO', 'Museo Conte', 'Palazzo della Ragione', 'Teatro Romano', 'Centro Fotografia']",Castelvecchio,strategy_nearest,False,0.0032203197479248047,success
0420773A9C4C80,1,['Torre Lamberti'],Palazzo della Ragione,"['AMO', 'Museo Conte', 'Centro Fotografia', 'Sighseeing', 'Santa Anastasia']",Arena,strategy_nearest,False,0.0017888545989990234,success
042076429C4C80,3,"['Arena', 'San Fermo']",Torre Lamberti,"['Sighseeing', 'Centro Fotografia', 'Museo Conte', 'Casa Giulietta', 'Palazzo della Ragione']",Santa Anastasia,strategy_nearest,False,0.003353118896484375,success
042077429C4C81,0,['Arena'],Casa Giulietta,"['Centro Fotografia', 'Sighseeing', 'Torre Lamberti', 'Museo Conte', 'Museo Radio']",Castelvecchio,strategy_nearest,False,0.0033500194549560547,success
04207B4A9C4C81,0,['Casa Giulietta'],Arena,"['Verona Tour', 'Museo Lapidario', 'Museo Radio', 'San Fermo', 'Sighseeing']",Tomba Giulietta,strategy_nearest,False,0.0026929378509521484,success
0420844A9C4C81,3,"['Arena', 'Torre Lamberti']",Casa Giulietta,"['Centro Fotografia', 'Sighseeing', 'Museo Conte', 'Museo Radio', 'Palazzo della Ragione']",Santa Anastasia,strategy_nearest,False,0.0020329952239990234,success
04207E429C4C81,3,"['Arena', 'Castelvecchio', 'San Fermo']",Santa Anastasia,"['AMO', 'Museo Conte', 'Palazzo della Ragione', 'Teatro Romano', 'Centro Fotografia']",Duomo,strategy_nearest,False,0.004085063934326172,success
042085429C4C80,0,['Arena'],Museo Lapidario,"['Verona Tour', 'Castelvecchio', 'Museo Radio', 'San Fermo', 'Casa Giulietta']",Castelvecchio,strategy_nearest,True,0.003246784210205078,success
0420833A9C4C80,0,['Arena'],Casa Giulietta,"['Centro Fotografia', 'Sighseeing', 'Torre Lamberti', 'Museo Conte', 'Museo Radio']",Teatro Romano,strategy_nearest,False,0.002582073211669922,success
04208D3A9C4C81,3,"['Casa Giulietta', 'Arena', 'Tomba Giulietta']",San Fermo,"['Museo Storia', 'Museo Radio', 'Centro Fotografia', 'Sighseeing', 'Torre Lamberti']",Teatro Romano,strategy_nearest,False,0.0027577877044677734,success
04208F3A9C4C81,0,['Arena'],Casa Giulietta,"['Centro Fotografia', 'Sighseeing', 'Torre Lamberti', 'Museo Conte', 'Museo Radio']",Tomba Giulietta,strategy_nearest,False,0.003282785415649414,success
04208E4A9C4C80,0,['Arena'],Castelvecchio,"['Museo Lapidario', 'Verona Tour', 'Museo Radio', 'San Zeno', 'Sighseeing']",Teatro Romano,strategy_nearest,False,0.0033347606658935547,success
042091429C4C80,3,['Arena'],Torre Lamberti,"['Sighseeing', 'Centro Fotografia', 'Museo Conte', 'Casa Giulietta', 'Palazzo della Ragione']",Santa Anastasia,strategy_nearest,False,0.002045154571533203,success
042091429C4C81,0,['Casa Giulietta'],Arena,"['Verona Tour', 'Museo Lapidario', 'Museo Radio', 'San Fermo', 'Sighseeing']",Tomba Giulietta,strategy_nearest,False,0.002804994583129883,success
042093429C4C80,1,"['Arena', 'Museo Lapidario', 'Casa Giulietta', 'Palazzo della Ragione']",Torre Lamberti,"['Sighseeing', 'Centro Fotografia', 'Museo Conte', 'AMO', 'Museo Miniscalchi']",Santa Anastasia,strategy_nearest,False,0.001405954360961914,success
042098429C4C81,2,['Torre Lamberti'],Santa Anastasia,"['AMO', 'Museo Conte', 'Palazzo della Ragione', 'Teatro Romano', 'Centro Fotografia']",Casa Giulietta,strategy_nearest,False,0.0032188892364501953,success
042094429C4C81,3,"['Casa Giulietta', 'Santa Anastasia']",Arena,"['Verona Tour', 'Museo Lapidario', 'Museo Radio', 'San Fermo', 'Sighseeing']",Museo Lapidario,strategy_nearest,True,0.002162933349609375,success
04209C429C4C81,3,"['Arena', 'Casa Giulietta', 'Torre Lamberti']",Santa Anastasia,"['AMO', 'Museo Conte', 'Palazzo della Ragione', 'Teatro Romano', 'Centro Fotografia']",San Zeno,strategy_nearest,False,0.0013680458068847656,success
042099429C4C80,1,['Arena'],Palazzo della Ragione,"['AMO', 'Museo Conte', 'Torre Lamberti', 'Centro Fotografia', 'Sighseeing']",Castelvecchio,strategy_nearest,False,0.0025949478149414062,success
04209D429C4C81,0,"['Tomba Giulietta', 'Casa Giulietta']",San Fermo,"['Museo Storia', 'Museo Radio', 'Centro Fotografia', 'Arena', 'Sighseeing']",Arena,strategy_nearest,True,0.002685070037841797,success
04209E429C4C81,1,['Arena'],Palazzo della Ragione,"['AMO', 'Museo Conte', 'Torre Lamberti', 'Centro Fotografia', 'Sighseeing']",Torre Lamberti,strategy_nearest,True,0.003361940383911133,success
0420A0429C4C80,1,"['Arena', 'Casa Giulietta', 'Torre Lamberti']",Palazzo della Ragione,"['AMO', 'Museo Conte', 'Centro Fotografia', 'Sighseeing', 'Santa Anastasia']",Santa Anastasia,strategy_nearest,True,0.001955270767211914,success
04209F429C4C81,3,['Arena'],Casa Giulietta,"['Centro Fotografia', 'Sighseeing', 'Torre Lamberti', 'Museo Conte', 'Museo Radio']",Santa Anastasia,strategy_nearest,False,0.002665996551513672,success
0420A2429C4C80,0,['Arena'],Casa Giulietta,"['Centro Fotografia', 'Sighseeing', 'Torre Lamberti', 'Museo Conte', 'Museo Radio']",Santa Anastasia,strategy_nearest,False,0.0033767223358154297,success
0420A24A9C4C81,0,['Arena'],Castelvecchio,"['Museo Lapidario', 'Verona Tour', 'Museo Radio', 'San Zeno', 'Sighseeing']",Casa Giulietta,strategy_nearest,False,0.002811908721923828,success
0420A3429C4C81,3,['Santa Anastasia'],Duomo,"['AMO', 'Museo Miniscalchi', 'Teatro Romano', 'Palazzo della Ragione', 'Museo Conte']",Arena,strategy_nearest,False,0.0024061203002929688,success
0420A44A9C4C80,0,['Casa Giulietta'],Castelvecchio,"['Museo Lapidario', 'Verona Tour', 'Arena', 'Museo Radio', 'San Zeno']",Arena,strategy_nearest,True,0.0030126571655273438,success
0420A7429C4C81,2,"['San Fermo', 'Torre Lamberti']",Santa Anastasia,"['AMO', 'Museo Conte', 'Palazzo della Ragione', 'Teatro Romano', 'Centro Fotografia']",Duomo,strategy_nearest,False,0.0025780200958251953,success
0420A84A9C4C81,0,['Arena'],Teatro Romano,"['Santa Anastasia', 'Duomo', 'AMO', 'Palazzo della Ragione', 'Museo Conte']",Torre Lamberti,strategy_nearest,False,0.0024497509002685547,success
0420A74A9C4C80,1,"['Arena', 'Castelvecchio', 'Torre Lamberti']",Palazzo della Ragione,"['AMO', 'Museo Conte', 'Centro Fotografia', 'Sighseeing', 'Santa Anastasia']",Casa Giulietta,strategy_nearest,False,0.0033309459686279297,success
0420AA3A9C4C81,3,['Arena'],Casa Giulietta,"['Centro Fotografia', 'Sighseeing', 'Torre Lamberti', 'Museo Conte', 'Museo Radio']",San Fermo,strategy_nearest,False,0.0030388832092285156,success
0420AB3A9C4C80,0,['Arena'],Casa Giulietta,"['Centro Fotografia', 'Sighseeing', 'Torre Lamberti', 'Museo Conte', 'Museo Radio']",Castelvecchio,strategy_nearest,False,0.0027501583099365234,success
0420AE3A9C4C80,2,['Duomo'],Castelvecchio,"['Museo Lapidario', 'Verona Tour', 'Arena', 'Museo Radio', 'San Zeno']",Teatro Romano,strategy_nearest,False,0.0015189647674560547,success
0420B03A9C4C80,0,['Castelvecchio'],Arena,"['Verona Tour', 'Museo Lapidario', 'Museo Radio', 'San Fermo', 'Casa Giulietta']",Casa Giulietta,strategy_nearest,True,0.002679109573364258,success
0420AA4A9C4C81,2,['Teatro Romano'],Duomo,"['AMO', 'Museo Miniscalchi', 'Santa Anastasia', 'Palazzo della Ragione', 'Museo Conte']",Santa Anastasia,strategy_nearest,True,0.003960132598876953,success
0420B43A9C4C80,1,['Palazzo della Ragione'],Torre Lamberti,"['Sighseeing', 'Centro Fotografia', 'Museo Conte', 'Casa Giulietta', 'AMO']",Casa Giulietta,strategy_nearest,True,0.0028100013732910156,success
0420B3429C4C80,0,['Teatro Romano'],Arena,"['Verona Tour', 'Museo Lapidario', 'Museo Radio', 'San Fermo', 'Casa Giulietta']",Castelvecchio,strategy_nearest,False,0.0016021728515625,success
0420BB429C4C80,0,"['Castelvecchio', 'Arena']",Casa Giulietta,"['Centro Fotografia', 'Sighseeing', 'Torre Lamberti', 'Museo Conte', 'Museo Radio']",Teatro Romano,strategy_nearest,False,0.0032629966735839844,success
0420BB3A9C4C81,1,"['Torre Lamberti', 'Casa Giulietta']",San Fermo,"['Museo Storia', 'Museo Radio', 'Centro Fotografia', 'Arena', 'Sighseeing']",Arena,strategy_nearest,True,0.0021800994873046875,success
0420BC3A9C4C81,0,['Arena'],Casa Giulietta,"['Centro Fotografia', 'Sighseeing', 'Torre Lamberti', 'Museo Conte', 'Museo Radio']",Duomo,strategy_nearest,False,0.0027189254760742188,success
0420BB429C4C81,1,"['Arena', 'Casa Giulietta']",Palazzo della Ragione,"['AMO', 'Museo Conte', 'Torre Lamberti', 'Centro Fotografia', 'Sighseeing']",Torre Lamberti,strategy_nearest,True,0.003979921340942383,success
0420C13A9C4C81,0,['Arena'],Casa Giulietta,"['Centro Fotografia', 'Sighseeing', 'Torre Lamberti', 'Museo Conte', 'Museo Radio']",Torre Lamberti,strategy_nearest,True,0.0019497871398925781,success
0420BD429C4C81,1,"['Duomo', 'San Zeno', 'Castelvecchio']",Tomba Giulietta,"['San Fermo', 'Museo Storia', 'Arena', 'Museo Lapidario', 'Museo Radio']",Arena,strategy_nearest,True,0.001512289047241211,success
0420C4429C4C81,0,['Arena'],Castelvecchio,"['Museo Lapidario', 'Verona Tour', 'Museo Radio', 'San Zeno', 'Sighseeing']",Duomo,strategy_nearest,False,0.0013630390167236328,success
0420C1429C4C81,0,['Arena'],Casa Giulietta,"['Centro Fotografia', 'Sighseeing', 'Torre Lamberti', 'Museo Conte', 'Museo Radio']",Castelvecchio,strategy_nearest,False,0.0026149749755859375,success
0420C23A9C4C81,2,"['Museo Lapidario', 'Torre Lamberti']",Casa Giulietta,"['Centro Fotografia', 'Sighseeing', 'Museo Conte', 'Museo Radio', 'Palazzo della Ragione']",Santa Anastasia,strategy_nearest,False,0.002758026123046875,success
0420C63A9C4C81,0,['Castelvecchio'],Arena,"['Verona Tour', 'Museo Lapidario', 'Museo Radio', 'San Fermo', 'Casa Giulietta']",Casa Giulietta,strategy_nearest,True,0.0033092498779296875,success
0420CA429C4C80,0,['Arena'],Casa Giulietta,"['Centro Fotografia', 'Sighseeing', 'Torre Lamberti', 'Museo Conte', 'Museo Radio']",Torre Lamberti,strategy_nearest,True,0.0032529830932617188,success
0420CE429C4C81,2,['Teatro Romano'],Giardino Giusti,"['Santa Anastasia', 'Museo Conte', 'Centro Fotografia', 'Museo Storia', 'AMO']",Castelvecchio,strategy_nearest,False,0.0031349658966064453,success
0420CE3A9C4C80,3,"['Santa Anastasia', 'Torre Lamberti']",Duomo,"['AMO', 'Museo Miniscalchi', 'Teatro Romano', 'Palazzo della Ragione', 'Museo Conte']",Teatro Romano,strategy_nearest,True,0.0026388168334960938,success
0420CA3A9C4C81,2,['Castelvecchio'],San Fermo,"['Museo Storia', 'Museo Radio', 'Casa Giulietta', 'Centro Fotografia', 'Arena']",Santa Anastasia,strategy_nearest,False,0.001990795135498047,success
0420D53A9C4C81,1,"['San Zeno', 'Duomo', 'Castelvecchio']",Torre Lamberti,"['Sighseeing', 'Centro Fotografia', 'Museo Conte', 'Casa Giulietta', 'Palazzo della Ragione']",Palazzo della Ragione,strategy_nearest,True,0.0019109249114990234,success
0421563A9C4C80,1,"['Castelvecchio', 'Arena']",Palazzo della Ragione,"['AMO', 'Museo Conte', 'Torre Lamberti', 'Centro Fotografia', 'Sighseeing']",Santa Anastasia,strategy_nearest,False,0.002629995346069336,success
0420DD429C4C80,1,"['Arena', 'Castelvecchio', 'San Zeno', 'Tomba Giulietta']",Casa Giulietta,"['Centro Fotografia', 'Sighseeing', 'Torre Lamberti', 'Museo Conte', 'Museo Radio']",Torre Lamberti,strategy_nearest,True,0.003435850143432617,success
0420EB3A9C4C80,2,"['San Zeno', 'Castelvecchio']",Torre Lamberti,"['Sighseeing', 'Centro Fotografia', 'Museo Conte', 'Casa Giulietta', 'Palazzo della Ragione']",Santa Anastasia,strategy_nearest,False,0.0014269351959228516,success
0420DD3A9C4C80,0,"['Arena', 'Casa Giulietta']",Tomba Giulietta,"['San Fermo', 'Museo Storia', 'Museo Lapidario', 'Museo Radio', 'Verona Tour']",Museo Lapidario,strategy_nearest,True,0.002226114273071289,success
04215A429C4C81,0,['Arena'],Casa Giulietta,"['Centro Fotografia', 'Sighseeing', 'Torre Lamberti', 'Museo Conte', 'Museo Radio']",Duomo,strategy_nearest,False,0.0021898746490478516,success
042164429C4C80,0,['Arena'],Castelvecchio,"['Museo Lapidario', 'Verona Tour', 'Museo Radio', 'San Zeno', 'Sighseeing']",San Zeno,strategy_nearest,True,0.003248929977416992,success
042158429C4C80,0,['Arena'],Casa Giulietta,"['Centro Fotografia', 'Sighseeing', 'Torre Lamberti', 'Museo Conte', 'Museo Radio']",Tomba Giulietta,strategy_nearest,False,0.0021529197692871094,success
04215B3A9C4C81,2,"['Casa Giulietta', 'Torre Lamberti', 'Santa Anastasia']",Teatro Romano,"['Duomo', 'AMO', 'Palazzo della Ragione', 'Museo Conte', 'Centro Fotografia']",Torre Lamberti,strategy_nearest,False,0.002683877944946289,success
042175429C4C80,1,"['Palazzo della Ragione', 'Arena']",Duomo,"['AMO', 'Museo Miniscalchi', 'Santa Anastasia', 'Teatro Romano', 'Museo Conte']",Casa Giulietta,strategy_nearest,False,0.0019822120666503906,success
0421763A9C4C80,0,"['Arena', 'Museo Lapidario']",Castelvecchio,"['Verona Tour', 'Museo Radio', 'San Zeno', 'Sighseeing', 'Museo Miniscalchi']",Torre Lamberti,strategy_nearest,False,0.0012989044189453125,success
04216D429C4C81,0,['Arena'],Casa Giulietta,"['Centro Fotografia', 'Sighseeing', 'Torre Lamberti', 'Museo Conte', 'Museo Radio']",Torre Lamberti,strategy_nearest,True,0.0026171207427978516,success
0421763A9C4C81,3,"['Casa Giulietta', 'Arena']",Castelvecchio,"['Museo Lapidario', 'Verona Tour', 'Museo Radio', 'San Zeno', 'Sighseeing']",San Zeno,strategy_nearest,True,0.003309965133666992,success
0421773A9C4C80,0,['Arena'],Casa Giulietta,"['Centro Fotografia', 'Sighseeing', 'Torre Lamberti', 'Museo Conte', 'Museo Radio']",Santa Anastasia,strategy_nearest,False,0.001744985580444336,success
0421784A9C4C80,3,"['Arena', 'San Fermo']",Torre Lamberti,"['Sighseeing', 'Centro Fotografia', 'Museo Conte', 'Casa Giulietta', 'Palazzo della Ragione']",Santa Anastasia,strategy_nearest,False,0.0024509429931640625,success
0421833A9C4C81,3,"['Arena', 'Casa Giulietta', 'Torre Lamberti']",Santa Anastasia,"['AMO', 'Museo Conte', 'Palazzo della Ragione', 'Teatro Romano', 'Centro Fotografia']",San Zeno,strategy_nearest,False,0.002379894256591797,success
04217F429C4C80,0,['Arena'],Castelvecchio,"['Museo Lapidario', 'Verona Tour', 'Museo Radio', 'San Zeno', 'Sighseeing']",Casa Giulietta,strategy_nearest,False,0.003350973129272461,success
04218E4A9C4C80,3,"['Arena', 'Casa Giulietta']",Torre Lamberti,"['Sighseeing', 'Centro Fotografia', 'Museo Conte', 'Palazzo della Ragione', 'AMO']",Santa Anastasia,strategy_nearest,False,0.0018448829650878906,success
04218C4A9C4C80,0,['Arena'],Casa Giulietta,"['Centro Fotografia', 'Sighseeing', 'Torre Lamberti', 'Museo Conte', 'Museo Radio']",Torre Lamberti,strategy_nearest,True,0.002543926239013672,success
042184429C4C80,3,['Arena'],Casa Giulietta,"['Centro Fotografia', 'Sighseeing', 'Torre Lamberti', 'Museo Conte', 'Museo Radio']",Santa Anastasia,strategy_nearest,False,0.002460002899169922,success
04218C429C4C81,2,"['Castelvecchio', 'San Zeno', 'Tomba Giulietta', 'San Fermo']",Duomo,"['AMO', 'Museo Miniscalchi', 'Santa Anastasia', 'Teatro Romano', 'Palazzo della Ragione']",Santa Anastasia,strategy_nearest,True,0.004598140716552734,success
04218F4A9C4C81,3,"['Santa Anastasia', 'Teatro Romano', 'Giardino Giusti']",Castelvecchio,"['Museo Lapidario', 'Verona Tour', 'Arena', 'Museo Radio', 'San Zeno']",Arena,strategy_nearest,True,0.002775907516479492,success
042191429C4C81,3,"['Santa Anastasia', 'Teatro Romano']",Arena,"['Verona Tour', 'Museo Lapidario', 'Museo Radio', 'San Fermo', 'Casa Giulietta']",Duomo,strategy_nearest,False,0.003240346908569336,success
04218F3A9C4C80,0,"['Arena', 'Casa Giulietta']",Duomo,"['AMO', 'Museo Miniscalchi', 'Santa Anastasia', 'Teatro Romano', 'Palazzo della Ragione']",Teatro Romano,strategy_nearest,True,0.0034341812133789062,success
042190429C4C80,0,"['Castelvecchio', 'Museo Lapidario']",Arena,"['Verona Tour', 'Museo Radio', 'San Fermo', 'Casa Giulietta', 'Sighseeing']",Casa Giulietta,strategy_nearest,True,0.002151012420654297,success
0421924A9C4C80,0,['Arena'],Museo Lapidario,"['Verona Tour', 'Castelvecchio', 'Museo Radio', 'San Fermo', 'Casa Giulietta']",Casa Giulietta,strategy_nearest,True,0.002065896987915039,success
042192429C4C81,1,['Arena'],Casa Giulietta,"['Centro Fotografia', 'Sighseeing', 'Torre Lamberti', 'Museo Conte', 'Museo Radio']",Palazzo della Ragione,strategy_nearest,False,0.0015337467193603516,success
042192429C4C80,0,['Arena'],Duomo,"['AMO', 'Museo Miniscalchi', 'Santa Anastasia', 'Teatro Romano', 'Palazzo della Ragione']",San Fermo,strategy_nearest,False,0.003965854644775391,success
042194429C4C80,0,['Arena'],Casa Giulietta,"['Centro Fotografia', 'Sighseeing', 'Torre Lamberti', 'Museo Conte', 'Museo Radio']",Tomba Giulietta,strategy_nearest,False,0.0032448768615722656,success
04219C429C4C80,2,['Tomba Giulietta'],Casa Giulietta,"['Centro Fotografia', 'Sighseeing', 'Torre Lamberti', 'Museo Conte', 'Museo Radio']",Castelvecchio,strategy_nearest,False,0.0020449161529541016,success
042199429C4C80,2,"['Santa Anastasia', 'Giardino Giusti']",Teatro Romano,"['Duomo', 'AMO', 'Palazzo della Ragione', 'Museo Conte', 'Centro Fotografia']",Torre Lamberti,strategy_nearest,False,0.0021550655364990234,success
04219B429C4C81,3,"['Tomba Giulietta', 'Arena', 'Casa Giulietta']",Torre Lamberti,"['Sighseeing', 'Centro Fotografia', 'Museo Conte', 'Palazzo della Ragione', 'AMO']",Santa Anastasia,strategy_nearest,False,0.0027260780334472656,success
042196429C4C81,0,['Arena'],Duomo,"['AMO', 'Museo Miniscalchi', 'Santa Anastasia', 'Teatro Romano', 'Palazzo della Ragione']",Teatro Romano,strategy_nearest,True,0.0039670467376708984,success
04219D429C4C81,0,['Arena'],Casa Giulietta,"['Centro Fotografia', 'Sighseeing', 'Torre Lamberti', 'Museo Conte', 'Museo Radio']",Torre Lamberti,strategy_nearest,True,0.0027718544006347656,success
04219E4A9C4C80,2,['Duomo'],Torre Lamberti,"['Sighseeing', 'Centro Fotografia', 'Museo Conte', 'Casa Giulietta', 'Palazzo della Ragione']",Casa Giulietta,strategy_nearest,True,0.0021097660064697266,success
04219E4A9C4C81,0,"['Arena', 'Torre Lamberti']",Casa Giulietta,"['Centro Fotografia', 'Sighseeing', 'Museo Conte', 'Museo Radio', 'Palazzo della Ragione']",Castelvecchio,strategy_nearest,False,0.003214120864868164,success
04219D4A9C4C80,3,"['Arena', 'Museo Lapidario', 'Castelvecchio']",Casa Giulietta,"['Centro Fotografia', 'Sighseeing', 'Torre Lamberti', 'Museo Conte', 'Museo Radio']",Giardino Giusti,strategy_nearest,False,0.0015561580657958984,success
0421A0429C4C81,0,['Arena'],Torre Lamberti,"['Sighseeing', 'Centro Fotografia', 'Museo Conte', 'Casa Giulietta', 'Palazzo della Ragione']",Duomo,strategy_nearest,False,0.0033249855041503906,success
0421A0429C4C80,3,"['Arena', 'Casa Giulietta']",Torre Lamberti,"['Sighseeing', 'Centro Fotografia', 'Museo Conte', 'Palazzo della Ragione', 'AMO']",Santa Anastasia,strategy_nearest,False,0.0022170543670654297,success
0421A1429C4C80,3,"['Arena', 'Torre Lamberti']",Santa Anastasia,"['AMO', 'Museo Conte', 'Palazzo della Ragione', 'Teatro Romano', 'Centro Fotografia']",Duomo,strategy_nearest,False,0.0033006668090820312,success
0421A2429C4C80,0,['Arena'],Casa Giulietta,"['Centro Fotografia', 'Sighseeing', 'Torre Lamberti', 'Museo Conte', 'Museo Radio']",Torre Lamberti,strategy_nearest,True,0.002010822296142578,success
0421A44A9C4C81,0,['Arena'],Casa Giulietta,"['Centro Fotografia', 'Sighseeing', 'Torre Lamberti', 'Museo Conte', 'Museo Radio']",Torre Lamberti,strategy_nearest,True,0.0021257400512695312,success
0421A34A9C4C80,1,"['Arena', 'Casa Giulietta', 'Torre Lamberti']",Palazzo della Ragione,"['AMO', 'Museo Conte', 'Centro Fotografia', 'Sighseeing', 'Santa Anastasia']",Santa Anastasia,strategy_nearest,True,0.002131938934326172,success
0421A73A9C4C80,2,['San Fermo'],Casa Giulietta,"['Centro Fotografia', 'Sighseeing', 'Torre Lamberti', 'Museo Conte', 'Museo Radio']",Torre Lamberti,strategy_nearest,True,0.002567768096923828,success
0421A44A9C4C80,3,['Arena'],Torre Lamberti,"['Sighseeing', 'Centro Fotografia', 'Museo Conte', 'Casa Giulietta', 'Palazzo della Ragione']",Casa Giulietta,strategy_nearest,True,0.003993988037109375,success
0421AC429C4C80,3,"['Casa Giulietta', 'Santa Anastasia']",Teatro Romano,"['Duomo', 'AMO', 'Palazzo della Ragione', 'Museo Conte', 'Centro Fotografia']",Arena,strategy_nearest,False,0.0025811195373535156,success
0421AB4A9C4C81,2,['Castelvecchio'],Santa Anastasia,"['AMO', 'Museo Conte', 'Palazzo della Ragione', 'Teatro Romano', 'Centro Fotografia']",Duomo,strategy_nearest,False,0.0012538433074951172,success
0421A83A9C4C81,0,['Arena'],Museo Lapidario,"['Verona Tour', 'Castelvecchio', 'Museo Radio', 'San Fermo', 'Casa Giulietta']",Casa Giulietta,strategy_nearest,True,0.003300905227661133,success
0421AA429C4C81,0,['Tomba Giulietta'],Arena,"['Verona Tour', 'Museo Lapidario', 'Museo Radio', 'San Fermo', 'Casa Giulietta']",Casa Giulietta,strategy_nearest,True,0.0035600662231445312,success
0421B4429C4C81,3,"['Casa Giulietta', 'Santa Anastasia', 'Duomo']",Teatro Romano,"['AMO', 'Palazzo della Ragione', 'Museo Conte', 'Centro Fotografia', 'Museo Miniscalchi']",Museo Lapidario,strategy_nearest,False,0.0018029212951660156,success
0421B13A9C4C81,0,"['Duomo', 'Arena']",San Zeno,"['Castelvecchio', 'Verona Tour', 'Museo Lapidario', 'Museo Miniscalchi', 'Sighseeing']",Castelvecchio,strategy_nearest,True,0.002786874771118164,success
0421B8429C4C80,1,['Arena'],Casa Giulietta,"['Centro Fotografia', 'Sighseeing', 'Torre Lamberti', 'Museo Conte', 'Museo Radio']",Palazzo della Ragione,strategy_nearest,False,0.0026237964630126953,success
0421B73A9C4C81,0,['Arena'],San Fermo,"['Museo Storia', 'Museo Radio', 'Casa Giulietta', 'Centro Fotografia', 'Sighseeing']",Duomo,strategy_nearest,False,0.0034101009368896484,success
0421BB429C4C80,0,"['Castelvecchio', 'Arena']",Casa Giulietta,"['Centro Fotografia', 'Sighseeing', 'Torre Lamberti', 'Museo Conte', 'Museo Radio']",Torre Lamberti,strategy_nearest,True,0.002425670623779297,success
0421BE429C4C81,0,['Arena'],Casa Giulietta,"['Centro Fotografia', 'Sighseeing', 'Torre Lamberti', 'Museo Conte', 'Museo Radio']",Castelvecchio,strategy_nearest,False,0.002892017364501953,success
0421C83A9C4C81,1,['Arena'],Torre Lamberti,"['Sighseeing', 'Centro Fotografia', 'Museo Conte', 'Casa Giulietta', 'Palazzo della Ragione']",Palazzo della Ragione,strategy_nearest,True,0.0023267269134521484,success
0421C7429C4C81,0,"['Casa Giulietta', 'Torre Lamberti']",Arena,"['Verona Tour', 'Museo Lapidario', 'Museo Radio', 'San Fermo', 'Sighseeing']",Castelvecchio,strategy_nearest,False,0.00186920166015625,success
0421BF3A9C4C80,2,"['Palazzo della Ragione', 'Torre Lamberti']",Duomo,"['AMO', 'Museo Miniscalchi', 'Santa Anastasia', 'Teatro Romano', 'Museo Conte']",San Zeno,strategy_nearest,False,0.0038640499114990234,success
0421CB429C4C80,3,['Casa Giulietta'],Torre Lamberti,"['Sighseeing', 'Centro Fotografia', 'Museo Conte', 'Palazzo della Ragione', 'AMO']",Santa Anastasia,strategy_nearest,False,0.0029218196868896484,success
0421C9429C4C80,3,"['Arena', 'Santa Anastasia']",Duomo,"['AMO', 'Museo Miniscalchi', 'Teatro Romano', 'Palazzo della Ragione', 'Museo Conte']",Teatro Romano,strategy_nearest,True,0.002348184585571289,success
0421CD3A9C4C81,0,['Arena'],Torre Lamberti,"['Sighseeing', 'Centro Fotografia', 'Museo Conte', 'Casa Giulietta', 'Palazzo della Ragione']",Casa Giulietta,strategy_nearest,True,0.0021598339080810547,success
0421CC3A9C4C80,2,"['Castelvecchio', 'Torre Lamberti']",Palazzo della Ragione,"['AMO', 'Museo Conte', 'Centro Fotografia', 'Sighseeing', 'Santa Anastasia']",Santa Anastasia,strategy_nearest,True,0.003551006317138672,success
0421D63A9C4C81,2,['Duomo'],Teatro Romano,"['Santa Anastasia', 'AMO', 'Palazzo della Ragione', 'Museo Conte', 'Centro Fotografia']",Casa Giulietta,strategy_nearest,False,0.0026221275329589844,success
0421D03A9C4C80,0,['Casa Giulietta'],Duomo,"['AMO', 'Museo Miniscalchi', 'Santa Anastasia', 'Teatro Romano', 'Palazzo della Ragione']",Teatro Romano,strategy_nearest,True,0.0028450489044189453,success
0421CF3A9C4C81,3,"['Arena', 'Torre Lamberti', 'Casa Giulietta', 'San Fermo']",Giardino Giusti,"['Santa Anastasia', 'Teatro Romano', 'Museo Conte', 'Centro Fotografia', 'Museo Storia']",San Zeno,strategy_nearest,False,0.0042078495025634766,success
0421D53A9C4C81,0,"['Duomo', 'Torre Lamberti']",Casa Giulietta,"['Centro Fotografia', 'Sighseeing', 'Museo Conte', 'Museo Radio', 'Palazzo della Ragione']",Castelvecchio,strategy_nearest,False,0.0014309883117675781,success
0421E13A9C4C81,1,"['Arena', 'Museo Lapidario', 'Castelvecchio', 'Duomo']",Santa Anastasia,"['AMO', 'Museo Conte', 'Palazzo della Ragione', 'Teatro Romano', 'Centro Fotografia']",Palazzo della Ragione,strategy_nearest,True,0.002125978469848633,success
0421DB429C4C81,1,"['Palazzo della Ragione', 'Torre Lamberti', 'Casa Giulietta']",Teatro Romano,"['Santa Anastasia', 'Duomo', 'AMO', 'Museo Conte', 'Centro Fotografia']",Arena,strategy_nearest,False,0.002772092819213867,success
0421E23A9C4C80,3,['Teatro Romano'],Santa Anastasia,"['AMO', 'Museo Conte', 'Palazzo della Ragione', 'Centro Fotografia', 'Duomo']",Arena,strategy_nearest,False,0.0026667118072509766,success
0421E43A9C4C81,3,"['Teatro Romano', 'Giardino Giusti']",Arena,"['Verona Tour', 'Museo Lapidario', 'Museo Radio', 'San Fermo', 'Casa Giulietta']",Casa Giulietta,strategy_nearest,True,0.00327301025390625,success
0421EE3A9C4C80,3,"['Castelvecchio', 'Teatro Romano']",Santa Anastasia,"['AMO', 'Museo Conte', 'Palazzo della Ragione', 'Centro Fotografia', 'Duomo']",Torre Lamberti,strategy_nearest,False,0.0028171539306640625,success
0422533A9C4C81,1,"['Castelvecchio', 'Arena']",Torre Lamberti,"['Sighseeing', 'Centro Fotografia', 'Museo Conte', 'Casa Giulietta', 'Palazzo della Ragione']",Palazzo della Ragione,strategy_nearest,True,0.0021140575408935547,success
0422563A9C4C80,1,"['Castelvecchio', 'Palazzo della Ragione']",Santa Anastasia,"['AMO', 'Museo Conte', 'Teatro Romano', 'Centro Fotografia', 'Duomo']",Teatro Romano,strategy_nearest,True,0.0027289390563964844,success
04224E429C4C81,0,['Arena'],Casa Giulietta,"['Centro Fotografia', 'Sighseeing', 'Torre Lamberti', 'Museo Conte', 'Museo Radio']",Santa Anastasia,strategy_nearest,False,0.004115104675292969,success
042257429C4C81,3,"['Castelvecchio', 'Arena']",Santa Anastasia,"['AMO', 'Museo Conte', 'Palazzo della Ragione', 'Teatro Romano', 'Centro Fotografia']",Duomo,strategy_nearest,False,0.0034759044647216797,success
042257C27B3F81,3,"['Arena', 'Casa Giulietta']",Santa Anastasia,"['AMO', 'Museo Conte', 'Palazzo della Ragione', 'Teatro Romano', 'Centro Fotografia']",Teatro Romano,strategy_nearest,True,0.003381013870239258,success
0422593A9C4C81,0,"['Arena', 'Casa Giulietta']",Torre Lamberti,"['Sighseeing', 'Centro Fotografia', 'Museo Conte', 'Palazzo della Ragione', 'AMO']",Teatro Romano,strategy_nearest,False,0.0015668869018554688,success
042261429C4C81,3,"['Arena', 'Casa Giulietta', 'Castelvecchio']",San Zeno,"['Verona Tour', 'Museo Lapidario', 'Museo Miniscalchi', 'Sighseeing', 'Museo Radio']",Tomba Giulietta,strategy_nearest,False,0.0032949447631835938,success
042269429C4C81,0,['Arena'],Castelvecchio,"['Museo Lapidario', 'Verona Tour', 'Museo Radio', 'San Zeno', 'Sighseeing']",Casa Giulietta,strategy_nearest,False,0.0026161670684814453,success
042265429C4C80,1,"['Palazzo della Ragione', 'Torre Lamberti']",Casa Giulietta,"['Centro Fotografia', 'Sighseeing', 'Museo Conte', 'Museo Radio', 'San Fermo']",Tomba Giulietta,strategy_nearest,False,0.002585172653198242,success
042263429C4C80,1,['Teatro Romano'],Torre Lamberti,"['Sighseeing', 'Centro Fotografia', 'Museo Conte', 'Casa Giulietta', 'Palazzo della Ragione']",Palazzo della Ragione,strategy_nearest,True,0.0020148754119873047,success
04226E3A9C4C81,2,"['Santa Anastasia', 'Casa Giulietta', 'Palazzo della Ragione']",Torre Lamberti,"['Sighseeing', 'Centro Fotografia', 'Museo Conte', 'AMO', 'Museo Miniscalchi']",Duomo,strategy_nearest,False,0.0033142566680908203,success
0422713A9C4C80,3,"['Arena', 'Museo Lapidario', 'Tomba Giulietta']",Casa Giulietta,"['Centro Fotografia', 'Sighseeing', 'Torre Lamberti', 'Museo Conte', 'Museo Radio']",Teatro Romano,strategy_nearest,False,0.0027358531951904297,success
0422763A9C4C80,0,"['Casa Giulietta', 'Teatro Romano']",Duomo,"['AMO', 'Museo Miniscalchi', 'Santa Anastasia', 'Palazzo della Ragione', 'Museo Conte']",Castelvecchio,strategy_nearest,False,0.0026328563690185547,success
04226F3A9C4C80,1,"['Arena', 'Casa Giulietta', 'Torre Lamberti']",Palazzo della Ragione,"['AMO', 'Museo Conte', 'Centro Fotografia', 'Sighseeing', 'Santa Anastasia']",Santa Anastasia,strategy_nearest,True,0.0020449161529541016,success
042276429C4C81,0,['Arena'],Casa Giulietta,"['Centro Fotografia', 'Sighseeing', 'Torre Lamberti', 'Museo Conte', 'Museo Radio']",Torre Lamberti,strategy_nearest,True,0.003317117691040039,success
042279429C4C80,0,['Arena'],Casa Giulietta,"['Centro Fotografia', 'Sighseeing', 'Torre Lamberti', 'Museo Conte', 'Museo Radio']",Torre Lamberti,strategy_nearest,True,0.0018451213836669922,success
04227C429C4C80,0,['Arena'],Castelvecchio,"['Museo Lapidario', 'Verona Tour', 'Museo Radio', 'San Zeno', 'Sighseeing']",Casa Giulietta,strategy_nearest,False,0.002457141876220703,success
04227C4A9C4C80,1,['Arena'],Casa Giulietta,"['Centro Fotografia', 'Sighseeing', 'Torre Lamberti', 'Museo Conte', 'Museo Radio']",Torre Lamberti,strategy_nearest,True,0.0031728744506835938,success
04227D3A9C4C80,2,['Torre Lamberti'],Castelvecchio,"['Museo Lapidario', 'Verona Tour', 'Arena', 'Museo Radio', 'San Zeno']",San Zeno,strategy_nearest,True,0.0025560855865478516,success
0422814A9C4C81,1,"['Arena', 'Casa Giulietta', 'Palazzo della Ragione']",Teatro Romano,"['Santa Anastasia', 'Duomo', 'AMO', 'Museo Conte', 'Centro Fotografia']",Santa Anastasia,strategy_nearest,True,0.0024261474609375,success
042280429C4C80,0,['Arena'],Castelvecchio,"['Museo Lapidario', 'Verona Tour', 'Museo Radio', 'San Zeno', 'Sighseeing']",Santa Anastasia,strategy_nearest,False,0.003396749496459961,success
0422874A9C4C81,0,"['Casa Giulietta', 'Torre Lamberti']",Castelvecchio,"['Museo Lapidario', 'Verona Tour', 'Arena', 'Museo Radio', 'San Zeno']",Arena,strategy_nearest,True,0.0026650428771972656,success
042285429C4C80,0,['Arena'],Casa Giulietta,"['Centro Fotografia', 'Sighseeing', 'Torre Lamberti', 'Museo Conte', 'Museo Radio']",Torre Lamberti,strategy_nearest,True,0.003432035446166992,success
04228C3A9C4C80,3,"['Castelvecchio', 'Arena']",Casa Giulietta,"['Centro Fotografia', 'Sighseeing', 'Torre Lamberti', 'Museo Conte', 'Museo Radio']",Santa Anastasia,strategy_nearest,False,0.0033731460571289062,success
04228C4A9C4C80,0,['Arena'],Duomo,"['AMO', 'Museo Miniscalchi', 'Santa Anastasia', 'Teatro Romano', 'Palazzo della Ragione']",Arena,strategy_nearest,False,0.0025801658630371094,success
04228D4A9C4C81,3,"['Arena', 'Casa Giulietta']",Torre Lamberti,"['Sighseeing', 'Centro Fotografia', 'Museo Conte', 'Palazzo della Ragione', 'AMO']",Teatro Romano,strategy_nearest,False,0.003200054168701172,success
042291429C4C80,0,['Arena'],Castelvecchio,"['Museo Lapidario', 'Verona Tour', 'Museo Radio', 'San Zeno', 'Sighseeing']",Giardino Giusti,strategy_nearest,False,0.003350973129272461,success
04228E4A9C4C81,3,"['Arena', 'Torre Lamberti']",Santa Anastasia,"['AMO', 'Museo Conte', 'Palazzo della Ragione', 'Teatro Romano', 'Centro Fotografia']",Casa Giulietta,strategy_nearest,False,0.0031561851501464844,success
042293429C4C80,0,['Casa Giulietta'],Arena,"['Verona Tour', 'Museo Lapidario', 'Museo Radio', 'San Fermo', 'Sighseeing']",Torre Lamberti,strategy_nearest,False,0.0031261444091796875,success
042292429C4C81,0,"['Arena', 'Torre Lamberti']",Giardino Giusti,"['Santa Anastasia', 'Teatro Romano', 'Museo Conte', 'Centro Fotografia', 'Museo Storia']",Teatro Romano,strategy_nearest,True,0.0024900436401367188,success
042294429C4C80,3,"['Arena', 'Casa Giulietta']",San Fermo,"['Museo Storia', 'Museo Radio', 'Centro Fotografia', 'Sighseeing', 'Torre Lamberti']",Santa Anastasia,strategy_nearest,False,0.0026891231536865234,success
0422934A9C4C81,1,"['Arena', 'Museo Lapidario']",Casa Giulietta,"['Centro Fotografia', 'Sighseeing', 'Torre Lamberti', 'Museo Conte', 'Museo Radio']",Palazzo della Ragione,strategy_nearest,False,0.0016357898712158203,success
042295429C4C80,0,"['Castelvecchio', 'Arena']",Casa Giulietta,"['Centro Fotografia', 'Sighseeing', 'Torre Lamberti', 'Museo Conte', 'Museo Radio']",Torre Lamberti,strategy_nearest,True,0.0026388168334960938,success
042294429C4C81,1,"['Torre Lamberti', 'Palazzo della Ragione', 'Casa Giulietta']",Arena,"['Verona Tour', 'Museo Lapidario', 'Museo Radio', 'San Fermo', 'Sighseeing']",Castelvecchio,strategy_nearest,False,0.0033402442932128906,success
042296429C4C81,0,['Tomba Giulietta'],Casa Giulietta,"['Centro Fotografia', 'Sighseeing', 'Torre Lamberti', 'Museo Conte', 'Museo Radio']",Torre Lamberti,strategy_nearest,True,0.003342151641845703,success
042296429C4C80,3,"['Arena', 'Casa Giulietta']",Santa Anastasia,"['AMO', 'Museo Conte', 'Palazzo della Ragione', 'Teatro Romano', 'Centro Fotografia']",Duomo,strategy_nearest,False,0.004579067230224609,success
042297429C4C81,0,['Arena'],Casa Giulietta,"['Centro Fotografia', 'Sighseeing', 'Torre Lamberti', 'Museo Conte', 'Museo Radio']",Torre Lamberti,strategy_nearest,True,0.001989126205444336,success
042297429C4C80,0,['Arena'],Torre Lamberti,"['Sighseeing', 'Centro Fotografia', 'Museo Conte', 'Casa Giulietta', 'Palazzo della Ragione']",Casa Giulietta,strategy_nearest,True,0.0014681816101074219,success
042298429C4C80,0,"['Arena', 'Casa Giulietta']",Castelvecchio,"['Museo Lapidario', 'Verona Tour', 'Museo Radio', 'San Zeno', 'Sighseeing']",Teatro Romano,strategy_nearest,False,0.0015339851379394531,success
04229B429C4C81,0,['Arena'],San Fermo,"['Museo Storia', 'Museo Radio', 'Casa Giulietta', 'Centro Fotografia', 'Sighseeing']",Museo Storia,strategy_nearest,True,0.0031652450561523438,success
042299429C4C81,0,['Arena'],Castelvecchio,"['Museo Lapidario', 'Verona Tour', 'Museo Radio', 'San Zeno', 'Sighseeing']",Casa Giulietta,strategy_nearest,False,0.002744913101196289,success
04229A429C4C80,0,['Arena'],Santa Anastasia,"['AMO', 'Museo Conte', 'Palazzo della Ragione', 'Teatro Romano', 'Centro Fotografia']",Castelvecchio,strategy_nearest,False,0.0021507740020751953,success
04229F4A9C4C81,3,['Duomo'],Torre Lamberti,"['Sighseeing', 'Centro Fotografia', 'Museo Conte', 'Casa Giulietta', 'Palazzo della Ragione']",Arena,strategy_nearest,False,0.0021598339080810547,success
04229F429C4C81,1,"['Arena', 'Casa Giulietta']",Torre Lamberti,"['Sighseeing', 'Centro Fotografia', 'Museo Conte', 'Palazzo della Ragione', 'AMO']",Palazzo della Ragione,strategy_nearest,True,0.0015978813171386719,success
0422A0429C4C80,0,['Casa Giulietta'],Torre Lamberti,"['Sighseeing', 'Centro Fotografia', 'Museo Conte', 'Palazzo della Ragione', 'AMO']",Arena,strategy_nearest,False,0.002686023712158203,success
04229F429C4C80,0,['Castelvecchio'],Arena,"['Verona Tour', 'Museo Lapidario', 'Museo Radio', 'San Fermo', 'Casa Giulietta']",Casa Giulietta,strategy_nearest,True,0.0035371780395507812,success
0422A4429C4C81,1,"['Arena', 'Casa Giulietta']",Palazzo della Ragione,"['AMO', 'Museo Conte', 'Torre Lamberti', 'Centro Fotografia', 'Sighseeing']",Torre Lamberti,strategy_nearest,True,0.0028700828552246094,success
0422A44A9C4C81,0,['Arena'],Casa Giulietta,"['Centro Fotografia', 'Sighseeing', 'Torre Lamberti', 'Museo Conte', 'Museo Radio']",Torre Lamberti,strategy_nearest,True,0.0021970272064208984,success
0422A14A9C4C80,2,['Casa Giulietta'],Castelvecchio,"['Museo Lapidario', 'Verona Tour', 'Arena', 'Museo Radio', 'San Zeno']",Museo Lapidario,strategy_nearest,True,0.004787921905517578,success
0422A3429C4C81,2,['Santa Anastasia'],Torre Lamberti,"['Sighseeing', 'Centro Fotografia', 'Museo Conte', 'Casa Giulietta', 'Palazzo della Ragione']",Casa Giulietta,strategy_nearest,True,0.002894163131713867,success
0422AD429C4C80,0,['Teatro Romano'],Castelvecchio,"['Museo Lapidario', 'Verona Tour', 'Arena', 'Museo Radio', 'San Zeno']",Arena,strategy_nearest,True,0.002658843994140625,success
0422A94A9C4C80,1,['Arena'],Casa Giulietta,"['Centro Fotografia', 'Sighseeing', 'Torre Lamberti', 'Museo Conte', 'Museo Radio']",Torre Lamberti,strategy_nearest,True,0.0027701854705810547,success
0422B2429C4C81,2,['Teatro Romano'],Duomo,"['AMO', 'Museo Miniscalchi', 'Santa Anastasia', 'Palazzo della Ragione', 'Museo Conte']",Torre Lamberti,strategy_nearest,False,0.0032799243927001953,success
0422A74A9C4C81,1,['Arena'],Torre Lamberti,"['Sighseeing', 'Centro Fotografia', 'Museo Conte', 'Casa Giulietta', 'Palazzo della Ragione']",Santa Anastasia,strategy_nearest,False,0.0022008419036865234,success
0422BE429C4C81,1,"['Arena', 'Museo Lapidario']",Palazzo della Ragione,"['AMO', 'Museo Conte', 'Torre Lamberti', 'Centro Fotografia', 'Sighseeing']",Duomo,strategy_nearest,False,0.0026590824127197266,success
0422B8429C4C81,2,['Castelvecchio'],Casa Giulietta,"['Centro Fotografia', 'Sighseeing', 'Torre Lamberti', 'Museo Conte', 'Museo Radio']",Teatro Romano,strategy_nearest,False,0.002205371856689453,success
0422BE3A9C4C80,3,"['Arena', 'Casa Giulietta']",Torre Lamberti,"['Sighseeing', 'Centro Fotografia', 'Museo Conte', 'Palazzo della Ragione', 'AMO']",Santa Anastasia,strategy_nearest,False,0.004045009613037109,success
0422BF3A9C4C81,0,['Arena'],Casa Giulietta,"['Centro Fotografia', 'Sighseeing', 'Torre Lamberti', 'Museo Conte', 'Museo Radio']",Castelvecchio,strategy_nearest,False,0.002023935317993164,success
0422C23A9C4C80,3,"['Arena', 'Casa Giulietta']",Torre Lamberti,"['Sighseeing', 'Centro Fotografia', 'Museo Conte', 'Palazzo della Ragione', 'AMO']",Santa Anastasia,strategy_nearest,False,0.003458738327026367,success
0422C2429C4C80,3,"['Arena', 'Casa Giulietta']",Santa Anastasia,"['AMO', 'Museo Conte', 'Palazzo della Ragione', 'Teatro Romano', 'Centro Fotografia']",Torre Lamberti,strategy_nearest,False,0.0014259815216064453,success
0422BF429C4C80,3,['Arena'],Santa Anastasia,"['AMO', 'Museo Conte', 'Palazzo della Ragione', 'Teatro Romano', 'Centro Fotografia']",Duomo,strategy_nearest,False,0.0028901100158691406,success
0422C3429C4C80,1,"['Arena', 'Torre Lamberti', 'Palazzo della Ragione']",Casa Giulietta,"['Centro Fotografia', 'Sighseeing', 'Museo Conte', 'Museo Radio', 'San Fermo']",Santa Anastasia,strategy_nearest,False,0.0032329559326171875,success
0422C83A9C4C80,3,['Arena'],Santa Anastasia,"['AMO', 'Museo Conte', 'Palazzo della Ragione', 'Teatro Romano', 'Centro Fotografia']",Duomo,strategy_nearest,False,0.002650022506713867,success
0422CB429C4C80,3,"['Casa Giulietta', 'Santa Anastasia']",Duomo,"['AMO', 'Museo Miniscalchi', 'Teatro Romano', 'Palazzo della Ragione', 'Museo Conte']",Arena,strategy_nearest,False,0.001911163330078125,success
0422C4429C4C81,0,['Arena'],Duomo,"['AMO', 'Museo Miniscalchi', 'Santa Anastasia', 'Teatro Romano', 'Palazzo della Ragione']",Torre Lamberti,strategy_nearest,False,0.0019459724426269531,success
0422CE3A9C4C80,0,['Arena'],Santa Anastasia,"['AMO', 'Museo Conte', 'Palazzo della Ragione', 'Teatro Romano', 'Centro Fotografia']",Casa Giulietta,strategy_nearest,False,0.0031490325927734375,success
0422CF429C4C81,1,"['Arena', 'Museo Lapidario', 'Castelvecchio', 'Santa Anastasia', 'Duomo']",Torre Lamberti,"['Sighseeing', 'Centro Fotografia', 'Museo Conte', 'Casa Giulietta', 'Palazzo della Ragione']",Palazzo della Ragione,strategy_nearest,True,0.0024640560150146484,success
0422CF3A9C4C80,3,"['Arena', 'Casa Giulietta']",Torre Lamberti,"['Sighseeing', 'Centro Fotografia', 'Museo Conte', 'Palazzo della Ragione', 'AMO']",Santa Anastasia,strategy_nearest,False,0.0020301342010498047,success
0422CF3A9C4C81,3,"['Santa Anastasia', 'Duomo']",Arena,"['Verona Tour', 'Museo Lapidario', 'Museo Radio', 'San Fermo', 'Casa Giulietta']",Castelvecchio,strategy_nearest,False,0.0031290054321289062,success
0422D53A9C4C81,2,['Casa Giulietta'],Torre Lamberti,"['Sighseeing', 'Centro Fotografia', 'Museo Conte', 'Palazzo della Ragione', 'AMO']",Torre Lamberti,strategy_nearest,False,0.002897024154663086,success
0422DB3A9C4C81,0,['Casa Giulietta'],Arena,"['Verona Tour', 'Museo Lapidario', 'Museo Radio', 'San Fermo', 'Sighseeing']",Santa Anastasia,strategy_nearest,False,0.001811981201171875,success
0422DF3A9C4C81,2,"['Santa Anastasia', 'Teatro Romano']",Torre Lamberti,"['Sighseeing', 'Centro Fotografia', 'Museo Conte', 'Casa Giulietta', 'Palazzo della Ragione']",Palazzo della Ragione,strategy_nearest,True,0.0030689239501953125,success
0422D63A9C4C80,0,['Arena'],Tomba Giulietta,"['San Fermo', 'Museo Storia', 'Museo Lapidario', 'Museo Radio', 'Verona Tour']",Castelvecchio,strategy_nearest,False,0.0034627914428710938,success
0422E03A9C4C81,2,"['Duomo', 'Teatro Romano', 'Torre Lamberti']",Palazzo della Ragione,"['AMO', 'Museo Conte', 'Centro Fotografia', 'Sighseeing', 'Santa Anastasia']",Casa Giulietta,strategy_nearest,False,0.0032613277435302734,success
0422E43A9C4C81,1,"['San Fermo', 'Museo Storia', 'Casa Giulietta', 'Santa Anastasia', 'Castelvecchio']",Arena,"['Verona Tour', 'Museo Lapidario', 'Museo Radio', 'Sighseeing', 'Torre Lamberti']",Museo Lapidario,strategy_nearest,True,0.002722024917602539,success
0422EB429C4C80,1,"['Castelvecchio', 'Torre Lamberti', 'Palazzo della Ragione', 'Casa Giulietta']",Arena,"['Verona Tour', 'Museo Lapidario', 'Museo Radio', 'San Fermo', 'Sighseeing']",Museo Lapidario,strategy_nearest,True,0.003264904022216797,success
0422E43A9C4C80,1,"['Arena', 'Casa Giulietta']",Torre Lamberti,"['Sighseeing', 'Centro Fotografia', 'Museo Conte', 'Palazzo della Ragione', 'AMO']",Palazzo della Ragione,strategy_nearest,True,0.0021190643310546875,success
04235A3A9C4C81,3,"['San Fermo', 'Casa Giulietta', 'Santa Anastasia']",Duomo,"['AMO', 'Museo Miniscalchi', 'Teatro Romano', 'Palazzo della Ragione', 'Museo Conte']",Torre Lamberti,strategy_nearest,False,0.0019669532775878906,success
042352429C4C81,0,['Arena'],Casa Giulietta,"['Centro Fotografia', 'Sighseeing', 'Torre Lamberti', 'Museo Conte', 'Museo Radio']",Castelvecchio,strategy_nearest,False,0.004465818405151367,success
0423543A9C4C81,4,"['Arena', 'Casa Giulietta', 'Santa Anastasia', 'Duomo', 'Teatro Romano']",Tomba Giulietta,"['San Fermo', 'Museo Storia', 'Museo Lapidario', 'Museo Radio', 'Verona Tour']",Museo Radio,strategy_nearest,True,0.001310110092163086,success
042355429C4C80,3,"['Arena', 'Casa Giulietta']",Torre Lamberti,"['Sighseeing', 'Centro Fotografia', 'Museo Conte', 'Palazzo della Ragione', 'AMO']",Santa Anastasia,strategy_nearest,False,0.0034301280975341797,success
04235B3A9C4C81,1,"['Arena', 'Castelvecchio']",San Zeno,"['Verona Tour', 'Museo Lapidario', 'Museo Miniscalchi', 'Sighseeing', 'Museo Radio']",Santa Anastasia,strategy_nearest,False,0.001631021499633789,success
042362429C4C80,1,['Arena'],Torre Lamberti,"['Sighseeing', 'Centro Fotografia', 'Museo Conte', 'Casa Giulietta', 'Palazzo della Ragione']",Palazzo della Ragione,strategy_nearest,True,0.002774953842163086,success
04235B429C4C81,3,"['Arena', 'Duomo', 'Santa Anastasia']",Torre Lamberti,"['Sighseeing', 'Centro Fotografia', 'Museo Conte', 'Casa Giulietta', 'Palazzo della Ragione']",Casa Giulietta,strategy_nearest,True,0.0034019947052001953,success
04236B429C4C80,2,['Duomo'],Santa Anastasia,"['AMO', 'Museo Conte', 'Palazzo della Ragione', 'Teatro Romano', 'Centro Fotografia']",Palazzo della Ragione,strategy_nearest,True,0.0031821727752685547,success
04236C429C4C80,0,['Arena'],Casa Giulietta,"['Centro Fotografia', 'Sighseeing', 'Torre Lamberti', 'Museo Conte', 'Museo Radio']",Torre Lamberti,strategy_nearest,True,0.0030710697174072266,success
042374429C4C80,0,['Arena'],Castelvecchio,"['Museo Lapidario', 'Verona Tour', 'Museo Radio', 'San Zeno', 'Sighseeing']",Casa Giulietta,strategy_nearest,False,0.002584218978881836,success
0423773A9C4C80,0,['Arena'],Santa Anastasia,"['AMO', 'Museo Conte', 'Palazzo della Ragione', 'Teatro Romano', 'Centro Fotografia']",Casa Giulietta,strategy_nearest,False,0.0026810169219970703,success
042377429C4C80,3,"['Arena', 'Torre Lamberti']",Santa Anastasia,"['AMO', 'Museo Conte', 'Palazzo della Ragione', 'Teatro Romano', 'Centro Fotografia']",Duomo,strategy_nearest,False,0.002578258514404297,success
04237A4A9C4C81,1,['Palazzo della Ragione'],Torre Lamberti,"['Sighseeing', 'Centro Fotografia', 'Museo Conte', 'Casa Giulietta', 'AMO']",Giardino Giusti,strategy_nearest,False,0.004183053970336914,success
0423834A9C4C81,2,['Casa Giulietta'],Torre Lamberti,"['Sighseeing', 'Centro Fotografia', 'Museo Conte', 'Palazzo della Ragione', 'AMO']",San Zeno,strategy_nearest,False,0.002042055130004883,success
0423834A9C4C80,0,['Arena'],Castelvecchio,"['Museo Lapidario', 'Verona Tour', 'Museo Radio', 'San Zeno', 'Sighseeing']",Torre Lamberti,strategy_nearest,False,0.0034029483795166016,success
04238E3A9C4C81,0,"['Arena', 'Tomba Giulietta']",San Fermo,"['Museo Storia', 'Museo Radio', 'Casa Giulietta', 'Centro Fotografia', 'Sighseeing']",Casa Giulietta,strategy_nearest,True,0.0028929710388183594,success
0423934A9C4C80,2,['Casa Giulietta'],San Fermo,"['Museo Storia', 'Museo Radio', 'Centro Fotografia', 'Arena', 'Sighseeing']",Santa Anastasia,strategy_nearest,False,0.0033659934997558594,success
0423914A9C4C81,0,['Museo Lapidario'],Arena,"['Verona Tour', 'Museo Radio', 'San Fermo', 'Casa Giulietta', 'Sighseeing']",Casa Giulietta,strategy_nearest,True,0.002805948257446289,success
042394429C4C80,3,"['Castelvecchio', 'Arena', 'Casa Giulietta']",Torre Lamberti,"['Sighseeing', 'Centro Fotografia', 'Museo Conte', 'Palazzo della Ragione', 'AMO']",San Fermo,strategy_nearest,False,0.003159046173095703,success
042396429C4C81,3,"['Arena', 'Casa Giulietta']",Duomo,"['AMO', 'Museo Miniscalchi', 'Santa Anastasia', 'Teatro Romano', 'Palazzo della Ragione']",Torre Lamberti,strategy_nearest,False,0.0028901100158691406,success
042398429C4C81,3,"['Arena', 'Castelvecchio', 'San Zeno', 'Casa Giulietta']",Santa Anastasia,"['AMO', 'Museo Conte', 'Palazzo della Ragione', 'Teatro Romano', 'Centro Fotografia']",Duomo,strategy_nearest,False,0.0035359859466552734,success
04239A429C4C81,1,"['Castelvecchio', 'Arena']",Tomba Giulietta,"['San Fermo', 'Museo Storia', 'Museo Lapidario', 'Museo Radio', 'Verona Tour']",Casa Giulietta,strategy_nearest,False,0.002585887908935547,success
042398429C4C80,0,['Casa Giulietta'],Torre Lamberti,"['Sighseeing', 'Centro Fotografia', 'Museo Conte', 'Palazzo della Ragione', 'AMO']",Arena,strategy_nearest,False,0.0027687549591064453,success
0423AA4A9C4C81,3,"['Torre Lamberti', 'Arena']",Santa Anastasia,"['AMO', 'Museo Conte', 'Palazzo della Ragione', 'Teatro Romano', 'Centro Fotografia']",Teatro Romano,strategy_nearest,True,0.0023980140686035156,success
0423A14A9C4C81,0,['Arena'],Casa Giulietta,"['Centro Fotografia', 'Sighseeing', 'Torre Lamberti', 'Museo Conte', 'Museo Radio']",Torre Lamberti,strategy_nearest,True,0.0036652088165283203,success
04239B429C4C80,0,['Arena'],San Fermo,"['Museo Storia', 'Museo Radio', 'Casa Giulietta', 'Centro Fotografia', 'Sighseeing']",Casa Giulietta,strategy_nearest,True,0.0025300979614257812,success
0423AD429C4C80,1,"['Teatro Romano', 'Torre Lamberti']",Palazzo della Ragione,"['AMO', 'Museo Conte', 'Centro Fotografia', 'Sighseeing', 'Santa Anastasia']",Casa Giulietta,strategy_nearest,False,0.002686023712158203,success
0423B33A9C4C81,1,"['Teatro Romano', 'Casa Giulietta', 'Torre Lamberti']",Palazzo della Ragione,"['AMO', 'Museo Conte', 'Centro Fotografia', 'Sighseeing', 'Santa Anastasia']",Arena,strategy_nearest,False,0.0011930465698242188,success
0423B3429C4C81,2,['Teatro Romano'],Torre Lamberti,"['Sighseeing', 'Centro Fotografia', 'Museo Conte', 'Casa Giulietta', 'Palazzo della Ragione']",San Fermo,strategy_nearest,False,0.0018169879913330078,success
0423B1429C4C80,0,['Arena'],Casa Giulietta,"['Centro Fotografia', 'Sighseeing', 'Torre Lamberti', 'Museo Conte', 'Museo Radio']",Santa Anastasia,strategy_nearest,False,0.002809762954711914,success
0423B8429C4C81,1,"['Arena', 'Casa Giulietta']",Torre Lamberti,"['Sighseeing', 'Centro Fotografia', 'Museo Conte', 'Palazzo della Ragione', 'AMO']",Palazzo della Ragione,strategy_nearest,True,0.0024497509002685547,success
0423B53A9C4C80,0,['Santa Anastasia'],Casa Giulietta,"['Centro Fotografia', 'Sighseeing', 'Torre Lamberti', 'Museo Conte', 'Museo Radio']",Arena,strategy_nearest,False,0.002621889114379883,success
0423BA3A9C4C80,3,"['San Zeno', 'Castelvecchio']",Duomo,"['AMO', 'Museo Miniscalchi', 'Santa Anastasia', 'Teatro Romano', 'Palazzo della Ragione']",Casa Giulietta,strategy_nearest,False,0.002496004104614258,success
0423C13A9C4C80,1,"['Arena', 'Casa Giulietta']",Torre Lamberti,"['Sighseeing', 'Centro Fotografia', 'Museo Conte', 'Palazzo della Ragione', 'AMO']",Palazzo della Ragione,strategy_nearest,True,0.0030760765075683594,success
0423C53A9C4C80,0,"['Arena', 'Giardino Giusti']",Teatro Romano,"['Santa Anastasia', 'Duomo', 'AMO', 'Palazzo della Ragione', 'Museo Conte']",Torre Lamberti,strategy_nearest,False,0.0033540725708007812,success
0423C5429C4C81,3,"['Arena', 'Duomo']",Santa Anastasia,"['AMO', 'Museo Conte', 'Palazzo della Ragione', 'Teatro Romano', 'Centro Fotografia']",Casa Giulietta,strategy_nearest,False,0.002415895462036133,success
0423C93A9C4C80,0,['Arena'],Castelvecchio,"['Museo Lapidario', 'Verona Tour', 'Museo Radio', 'San Zeno', 'Sighseeing']",Casa Giulietta,strategy_nearest,False,0.0025489330291748047,success
0423CE429C4C81,1,['Torre Lamberti'],Palazzo della Ragione,"['AMO', 'Museo Conte', 'Centro Fotografia', 'Sighseeing', 'Santa Anastasia']",Casa Giulietta,strategy_nearest,False,0.0034339427947998047,success
0423CA3A9C4C81,1,"['Castelvecchio', 'Torre Lamberti', 'Palazzo della Ragione', 'Casa Giulietta']",Arena,"['Verona Tour', 'Museo Lapidario', 'Museo Radio', 'San Fermo', 'Sighseeing']",San Fermo,strategy_nearest,True,0.003582000732421875,success
0423D43A9C4C80,2,['Santa Anastasia'],Teatro Romano,"['Duomo', 'AMO', 'Palazzo della Ragione', 'Museo Conte', 'Centro Fotografia']",Castelvecchio,strategy_nearest,False,0.0031881332397460938,success
0423CF3A9C4C81,0,['Arena'],Torre Lamberti,"['Sighseeing', 'Centro Fotografia', 'Museo Conte', 'Casa Giulietta', 'Palazzo della Ragione']",Castelvecchio,strategy_nearest,False,0.002707958221435547,success
0423DD429C4C80,1,"['Santa Anastasia', 'Teatro Romano', 'Duomo']",Torre Lamberti,"['Sighseeing', 'Centro Fotografia', 'Museo Conte', 'Casa Giulietta', 'Palazzo della Ragione']",Palazzo della Ragione,strategy_nearest,True,0.0015978813171386719,success
0423E23A9C4C80,0,"['Arena', 'Casa Giulietta']",Santa Anastasia,"['AMO', 'Museo Conte', 'Palazzo della Ragione', 'Teatro Romano', 'Centro Fotografia']",Castelvecchio,strategy_nearest,False,0.0020651817321777344,success
0423E03A9C4C80,1,"['Castelvecchio', 'Duomo', 'Casa Giulietta']",Arena,"['Verona Tour', 'Museo Lapidario', 'Museo Radio', 'San Fermo', 'Sighseeing']",Torre Lamberti,strategy_nearest,False,0.0027971267700195312,success
0423E33A9C4C80,1,"['Arena', 'Torre Lamberti', 'Duomo', 'Casa Giulietta']",Castelvecchio,"['Museo Lapidario', 'Verona Tour', 'Museo Radio', 'San Zeno', 'Sighseeing']",Palazzo della Ragione,strategy_nearest,False,0.0033049583435058594,success
0423EE3A9C4C80,0,['Arena'],Casa Giulietta,"['Centro Fotografia', 'Sighseeing', 'Torre Lamberti', 'Museo Conte', 'Museo Radio']",Santa Anastasia,strategy_nearest,False,0.0025548934936523438,success
0423E9429C4C80,0,['Torre Lamberti'],Casa Giulietta,"['Centro Fotografia', 'Sighseeing', 'Museo Conte', 'Museo Radio', 'Palazzo della Ragione']",Castelvecchio,strategy_nearest,False,0.0033097267150878906,success
0423E53A9C4C80,1,"['Arena', 'Casa Giulietta', 'Torre Lamberti']",Palazzo della Ragione,"['AMO', 'Museo Conte', 'Centro Fotografia', 'Sighseeing', 'Santa Anastasia']",San Fermo,strategy_nearest,False,0.002809286117553711,success
0423E73A9C4C80,1,['Arena'],Casa Giulietta,"['Centro Fotografia', 'Sighseeing', 'Torre Lamberti', 'Museo Conte', 'Museo Radio']",Torre Lamberti,strategy_nearest,True,0.0021719932556152344,success
0424543A9C4C81,2,['Casa Giulietta'],Castelvecchio,"['Museo Lapidario', 'Verona Tour', 'Arena', 'Museo Radio', 'San Zeno']",Santa Anastasia,strategy_nearest,False,0.002691030502319336,success
042453429C4C81,2,['Teatro Romano'],Duomo,"['AMO', 'Museo Miniscalchi', 'Santa Anastasia', 'Palazzo della Ragione', 'Museo Conte']",Santa Anastasia,strategy_nearest,True,0.002118825912475586,success
0423EF429C4C80,3,['Arena'],Santa Anastasia,"['AMO', 'Museo Conte', 'Palazzo della Ragione', 'Teatro Romano', 'Centro Fotografia']",Casa Giulietta,strategy_nearest,False,0.0014090538024902344,success
042454429C4C80,3,['Arena'],Torre Lamberti,"['Sighseeing', 'Centro Fotografia', 'Museo Conte', 'Casa Giulietta', 'Palazzo della Ragione']",Santa Anastasia,strategy_nearest,False,0.0032262802124023438,success
0424553A9C4C81,3,"['Torre Lamberti', 'Casa Giulietta']",Arena,"['Verona Tour', 'Museo Lapidario', 'Museo Radio', 'San Fermo', 'Sighseeing']",Duomo,strategy_nearest,False,0.0025510787963867188,success
042456429C4C80,3,"['Arena', 'Duomo', 'Santa Anastasia']",Torre Lamberti,"['Sighseeing', 'Centro Fotografia', 'Museo Conte', 'Casa Giulietta', 'Palazzo della Ragione']",Casa Giulietta,strategy_nearest,True,0.0019321441650390625,success
042459429C4C81,0,['Arena'],Casa Giulietta,"['Centro Fotografia', 'Sighseeing', 'Torre Lamberti', 'Museo Conte', 'Museo Radio']",Castelvecchio,strategy_nearest,False,0.002502918243408203,success
04245B429C4C81,0,['Arena'],Torre Lamberti,"['Sighseeing', 'Centro Fotografia', 'Museo Conte', 'Casa Giulietta', 'Palazzo della Ragione']",Duomo,strategy_nearest,False,0.0033478736877441406,success
04245C429C4C81,2,['Duomo'],Teatro Romano,"['Santa Anastasia', 'AMO', 'Palazzo della Ragione', 'Museo Conte', 'Centro Fotografia']",Casa Giulietta,strategy_nearest,False,0.002737283706665039,success
04246C429C4C81,2,['Torre Lamberti'],Santa Anastasia,"['AMO', 'Museo Conte', 'Palazzo della Ragione', 'Teatro Romano', 'Centro Fotografia']",Duomo,strategy_nearest,False,0.0024988651275634766,success
04246C429C4C80,0,['Arena'],Casa Giulietta,"['Centro Fotografia', 'Sighseeing', 'Torre Lamberti', 'Museo Conte', 'Museo Radio']",Torre Lamberti,strategy_nearest,True,0.0024459362030029297,success
04246A429C4C80,1,['Arena'],Palazzo della Ragione,"['AMO', 'Museo Conte', 'Torre Lamberti', 'Centro Fotografia', 'Sighseeing']",Torre Lamberti,strategy_nearest,True,0.0040740966796875,success
042470429C4C81,3,"['Arena', 'Castelvecchio']",Santa Anastasia,"['AMO', 'Museo Conte', 'Palazzo della Ragione', 'Teatro Romano', 'Centro Fotografia']",Torre Lamberti,strategy_nearest,False,0.0013158321380615234,success
04246E3A9C4C81,1,"['Arena', 'Casa Giulietta', 'Torre Lamberti']",Palazzo della Ragione,"['AMO', 'Museo Conte', 'Centro Fotografia', 'Sighseeing', 'Santa Anastasia']",Santa Anastasia,strategy_nearest,True,0.004194021224975586,success
042474429C4C80,3,"['Tomba Giulietta', 'Arena', 'Castelvecchio']",Torre Lamberti,"['Sighseeing', 'Centro Fotografia', 'Museo Conte', 'Casa Giulietta', 'Palazzo della Ragione']",Casa Giulietta,strategy_nearest,True,0.0019268989562988281,success
04246F3A9C4C81,2,"['Duomo', 'Teatro Romano', 'Tomba Giulietta']",San Zeno,"['Castelvecchio', 'Verona Tour', 'Museo Lapidario', 'Arena', 'Museo Miniscalchi']",Giardino Giusti,strategy_nearest,False,0.003569364547729492,success
042483429C4C80,2,['Castelvecchio'],San Zeno,"['Verona Tour', 'Museo Lapidario', 'Arena', 'Museo Miniscalchi', 'Sighseeing']",Duomo,strategy_nearest,False,0.0020253658294677734,success
0424804A9C4C81,3,"['Arena', 'Museo Lapidario', 'Castelvecchio']",Torre Lamberti,"['Sighseeing', 'Centro Fotografia', 'Museo Conte', 'Casa Giulietta', 'Palazzo della Ragione']",Casa Giulietta,strategy_nearest,True,0.002111196517944336,success
04247E4A9C4C81,1,['Arena'],Casa Giulietta,"['Centro Fotografia', 'Sighseeing', 'Torre Lamberti', 'Museo Conte', 'Museo Radio']",Torre Lamberti,strategy_nearest,True,0.0034089088439941406,success
0424824A9C4C80,0,['Arena'],Castelvecchio,"['Museo Lapidario', 'Verona Tour', 'Museo Radio', 'San Zeno', 'Sighseeing']",Casa Giulietta,strategy_nearest,False,0.003336191177368164,success
0424834A9C4C81,2,"['Castelvecchio', 'San Fermo']",Duomo,"['AMO', 'Museo Miniscalchi', 'Santa Anastasia', 'Teatro Romano', 'Palazzo della Ragione']",Torre Lamberti,strategy_nearest,False,0.003467082977294922,success
04248D4A9C4C81,3,"['Arena', 'Museo Lapidario']",Castelvecchio,"['Verona Tour', 'Museo Radio', 'San Zeno', 'Sighseeing', 'Museo Miniscalchi']",Santa Anastasia,strategy_nearest,False,0.0033152103424072266,success
04248A4A9C4C80,3,"['Arena', 'Casa Giulietta', 'San Fermo']",Teatro Romano,"['Santa Anastasia', 'Duomo', 'AMO', 'Palazzo della Ragione', 'Museo Conte']",Duomo,strategy_nearest,True,0.002830028533935547,success
0424844A9C4C80,0,['Arena'],Casa Giulietta,"['Centro Fotografia', 'Sighseeing', 'Torre Lamberti', 'Museo Conte', 'Museo Radio']",Giardino Giusti,strategy_nearest,False,0.0022149085998535156,success
0424934A9C4C80,1,"['Casa Giulietta', 'Santa Anastasia']",Arena,"['Verona Tour', 'Museo Lapidario', 'Museo Radio', 'San Fermo', 'Sighseeing']",Torre Lamberti,strategy_nearest,False,0.0015377998352050781,success
04248E4A9C4C81,0,['Arena'],Casa Giulietta,"['Centro Fotografia', 'Sighseeing', 'Torre Lamberti', 'Museo Conte', 'Museo Radio']",San Fermo,strategy_nearest,False,0.0028090476989746094,success
0424903A9C4C81,1,['Arena'],Casa Giulietta,"['Centro Fotografia', 'Sighseeing', 'Torre Lamberti', 'Museo Conte', 'Museo Radio']",Palazzo della Ragione,strategy_nearest,False,0.0021660327911376953,success
0424934A9C4C81,3,"['Arena', 'Museo Lapidario', 'San Zeno', 'Castelvecchio']",Casa Giulietta,"['Centro Fotografia', 'Sighseeing', 'Torre Lamberti', 'Museo Conte', 'Museo Radio']",San Fermo,strategy_nearest,False,0.0032761096954345703,success
042497429C4C81,0,['Arena'],Museo Lapidario,"['Verona Tour', 'Castelvecchio', 'Museo Radio', 'San Fermo', 'Casa Giulietta']",Castelvecchio,strategy_nearest,True,0.0020198822021484375,success
042495429C4C80,0,['Arena'],San Fermo,"['Museo Storia', 'Museo Radio', 'Casa Giulietta', 'Centro Fotografia', 'Sighseeing']",Casa Giulietta,strategy_nearest,True,0.0026199817657470703,success
042499429C4C81,0,['Arena'],Casa Giulietta,"['Centro Fotografia', 'Sighseeing', 'Torre Lamberti', 'Museo Conte', 'Museo Radio']",Duomo,strategy_nearest,False,0.002640247344970703,success
04249D429C4C81,1,"['Palazzo della Ragione', 'Torre Lamberti']",Santa Anastasia,"['AMO', 'Museo Conte', 'Teatro Romano', 'Centro Fotografia', 'Duomo']",Duomo,strategy_nearest,True,0.003469228744506836,success
0424A3429C4C80,2,['Duomo'],Santa Anastasia,"['AMO', 'Museo Conte', 'Palazzo della Ragione', 'Teatro Romano', 'Centro Fotografia']",Torre Lamberti,strategy_nearest,False,0.0022580623626708984,success
04249F4A9C4C80,3,"['Arena', 'Castelvecchio']",Torre Lamberti,"['Sighseeing', 'Centro Fotografia', 'Museo Conte', 'Casa Giulietta', 'Palazzo della Ragione']",Santa Anastasia,strategy_nearest,False,0.003010988235473633,success
0424A04A9C4C80,3,['Arena'],Casa Giulietta,"['Centro Fotografia', 'Sighseeing', 'Torre Lamberti', 'Museo Conte', 'Museo Radio']",Torre Lamberti,strategy_nearest,True,0.003495931625366211,success
0424A54A9C4C80,3,"['Arena', 'Casa Giulietta']",Torre Lamberti,"['Sighseeing', 'Centro Fotografia', 'Museo Conte', 'Palazzo della Ragione', 'AMO']",Santa Anastasia,strategy_nearest,False,0.003342151641845703,success
0424A73A9C4C81,2,"['Castelvecchio', 'Casa Giulietta']",Santa Anastasia,"['AMO', 'Museo Conte', 'Palazzo della Ragione', 'Teatro Romano', 'Centro Fotografia']",Duomo,strategy_nearest,False,0.002747058868408203,success
0424A84A9C4C80,1,['Arena'],Torre Lamberti,"['Sighseeing', 'Centro Fotografia', 'Museo Conte', 'Casa Giulietta', 'Palazzo della Ragione']",Santa Anastasia,strategy_nearest,False,0.003355264663696289,success
0424A73A9C4C80,2,['Torre Lamberti'],Santa Anastasia,"['AMO', 'Museo Conte', 'Palazzo della Ragione', 'Teatro Romano', 'Centro Fotografia']",Casa Giulietta,strategy_nearest,False,0.0022401809692382812,success
0424A64A9C4C80,0,['Arena'],Casa Giulietta,"['Centro Fotografia', 'Sighseeing', 'Torre Lamberti', 'Museo Conte', 'Museo Radio']",Teatro Romano,strategy_nearest,False,0.0022819042205810547,success
0424AC3A9C4C80,0,['Arena'],Museo Lapidario,"['Verona Tour', 'Castelvecchio', 'Museo Radio', 'San Fermo', 'Casa Giulietta']",Castelvecchio,strategy_nearest,True,0.0018918514251708984,success
0424A93A9C4C81,2,['Torre Lamberti'],Palazzo della Ragione,"['AMO', 'Museo Conte', 'Centro Fotografia', 'Sighseeing', 'Santa Anastasia']",Casa Giulietta,strategy_nearest,False,0.0020101070404052734,success
0424AB3A9C4C80,3,"['Arena', 'Giardino Giusti']",Teatro Romano,"['Santa Anastasia', 'Duomo', 'AMO', 'Palazzo della Ragione', 'Museo Conte']",Duomo,strategy_nearest,True,0.003628969192504883,success
0424AE429C4C81,1,"['Casa Giulietta', 'Palazzo della Ragione']",Santa Anastasia,"['AMO', 'Museo Conte', 'Teatro Romano', 'Centro Fotografia', 'Duomo']",Teatro Romano,strategy_nearest,True,0.002707958221435547,success
0424AF429C4C81,1,['Arena'],Palazzo della Ragione,"['AMO', 'Museo Conte', 'Torre Lamberti', 'Centro Fotografia', 'Sighseeing']",Duomo,strategy_nearest,False,0.0023949146270751953,success
0424B0429C4C80,3,['Teatro Romano'],Duomo,"['AMO', 'Museo Miniscalchi', 'Santa Anastasia', 'Palazzo della Ragione', 'Museo Conte']",Arena,strategy_nearest,False,0.003020048141479492,success
0424B23A9C4C81,3,['Arena'],Torre Lamberti,"['Sighseeing', 'Centro Fotografia', 'Museo Conte', 'Casa Giulietta', 'Palazzo della Ragione']",Santa Anastasia,strategy_nearest,False,0.003117799758911133,success
0424B13A9C4C81,3,['Arena'],Casa Giulietta,"['Centro Fotografia', 'Sighseeing', 'Torre Lamberti', 'Museo Conte', 'Museo Radio']",Santa Anastasia,strategy_nearest,False,0.002620220184326172,success
0424B4429C4C81,2,"['Castelvecchio', 'Torre Lamberti']",Duomo,"['AMO', 'Museo Miniscalchi', 'Santa Anastasia', 'Teatro Romano', 'Palazzo della Ragione']",Casa Giulietta,strategy_nearest,False,0.003309011459350586,success
0424B53A9C4C81,2,['Casa Giulietta'],Santa Anastasia,"['AMO', 'Museo Conte', 'Palazzo della Ragione', 'Teatro Romano', 'Centro Fotografia']",Torre Lamberti,strategy_nearest,False,0.002735137939453125,success
0424B5429C4C81,3,"['Arena', 'Casa Giulietta']",Santa Anastasia,"['AMO', 'Museo Conte', 'Palazzo della Ragione', 'Teatro Romano', 'Centro Fotografia']",Duomo,strategy_nearest,False,0.003340005874633789,success
0424B4429C4C80,1,"['Teatro Romano', 'Casa Giulietta']",Tomba Giulietta,"['San Fermo', 'Museo Storia', 'Arena', 'Museo Lapidario', 'Museo Radio']",Arena,strategy_nearest,True,0.0024580955505371094,success
0424B73A9C4C81,0,['Arena'],Castelvecchio,"['Museo Lapidario', 'Verona Tour', 'Museo Radio', 'San Zeno', 'Sighseeing']",Casa Giulietta,strategy_nearest,False,0.0026390552520751953,success
0424B7429C4C80,1,"['Torre Lamberti', 'Casa Giulietta', 'Santa Anastasia', 'Teatro Romano']",Tomba Giulietta,"['San Fermo', 'Museo Storia', 'Arena', 'Museo Lapidario', 'Museo Radio']",Arena,strategy_nearest,True,0.001973867416381836,success
0424B8429C4C80,2,"['Casa Giulietta', 'Castelvecchio']",Torre Lamberti,"['Sighseeing', 'Centro Fotografia', 'Museo Conte', 'Palazzo della Ragione', 'AMO']",Santa Anastasia,strategy_nearest,False,0.002544879913330078,success
0424B93A9C4C81,1,"['Arena', 'Casa Giulietta']",Palazzo della Ragione,"['AMO', 'Museo Conte', 'Torre Lamberti', 'Centro Fotografia', 'Sighseeing']",Palazzo della Ragione,strategy_nearest,False,0.0033202171325683594,success
0424BF429C4C80,1,"['Arena', 'Museo Lapidario']",Casa Giulietta,"['Centro Fotografia', 'Sighseeing', 'Torre Lamberti', 'Museo Conte', 'Museo Radio']",Torre Lamberti,strategy_nearest,True,0.001873016357421875,success
0424C23A9C4C80,0,['Arena'],Arena,"['Verona Tour', 'Museo Lapidario', 'Museo Radio', 'San Fermo', 'Casa Giulietta']",Casa Giulietta,strategy_nearest,True,0.002582073211669922,success
0424C73A9C4C80,0,['Arena'],Castelvecchio,"['Museo Lapidario', 'Verona Tour', 'Museo Radio', 'San Zeno', 'Sighseeing']",Torre Lamberti,strategy_nearest,False,0.0026361942291259766,success
0424C6429C4C81,0,['Arena'],Casa Giulietta,"['Centro Fotografia', 'Sighseeing', 'Torre Lamberti', 'Museo Conte', 'Museo Radio']",Santa Anastasia,strategy_nearest,False,0.004012107849121094,success
0424E0429C4C80,1,"['Arena', 'Torre Lamberti', 'Palazzo della Ragione']",Santa Anastasia,"['AMO', 'Museo Conte', 'Teatro Romano', 'Centro Fotografia', 'Duomo']",Duomo,strategy_nearest,True,0.0018727779388427734,success
0424DE3A9C4C80,2,"['Castelvecchio', 'Museo Lapidario']",Torre Lamberti,"['Sighseeing', 'Centro Fotografia', 'Museo Conte', 'Casa Giulietta', 'Palazzo della Ragione']",Palazzo della Ragione,strategy_nearest,True,0.0033211708068847656,success
0424D0429C4C81,3,"['Duomo', 'Arena', 'Castelvecchio']",San Zeno,"['Verona Tour', 'Museo Lapidario', 'Museo Miniscalchi', 'Sighseeing', 'Museo Radio']",Casa Giulietta,strategy_nearest,False,0.003531932830810547,success
0424E23A9C4C80,1,['Arena'],Torre Lamberti,"['Sighseeing', 'Centro Fotografia', 'Museo Conte', 'Casa Giulietta', 'Palazzo della Ragione']",Palazzo della Ragione,strategy_nearest,True,0.003245115280151367,success
042556429C4C80,0,['Arena'],Castelvecchio,"['Museo Lapidario', 'Verona Tour', 'Museo Radio', 'San Zeno', 'Sighseeing']",Duomo,strategy_nearest,False,0.002187013626098633,success
0424E53A9C4C80,0,['Arena'],Arena,"['Verona Tour', 'Museo Lapidario', 'Museo Radio', 'San Fermo', 'Casa Giulietta']",Casa Giulietta,strategy_nearest,True,0.002833843231201172,success
04255A429C4C80,0,"['Arena', 'Casa Giulietta']",Santa Anastasia,"['AMO', 'Museo Conte', 'Palazzo della Ragione', 'Teatro Romano', 'Centro Fotografia']",Castelvecchio,strategy_nearest,False,0.0031931400299072266,success
04255A3A9C4C80,4,"['Arena', 'Casa Giulietta', 'Torre Lamberti', 'Palazzo della Ragione', 'Teatro Romano']",Duomo,"['AMO', 'Museo Miniscalchi', 'Santa Anastasia', 'Museo Conte', 'Centro Fotografia']",Tomba Giulietta,strategy_nearest,False,0.0027370452880859375,success
0425603A9C4C80,2,['Castelvecchio'],Giardino Giusti,"['Santa Anastasia', 'Teatro Romano', 'Museo Conte', 'Centro Fotografia', 'Museo Storia']",Santa Anastasia,strategy_nearest,True,0.0011210441589355469,success
042561429C4C81,0,['Arena'],Casa Giulietta,"['Centro Fotografia', 'Sighseeing', 'Torre Lamberti', 'Museo Conte', 'Museo Radio']",Duomo,strategy_nearest,False,0.002624034881591797,success
04255C3A9C4C80,3,"['San Fermo', 'Duomo', 'Teatro Romano']",Casa Giulietta,"['Centro Fotografia', 'Sighseeing', 'Torre Lamberti', 'Museo Conte', 'Museo Radio']",Arena,strategy_nearest,False,0.002782106399536133,success
04255E429C4C81,3,"['Arena', 'Santa Anastasia']",Torre Lamberti,"['Sighseeing', 'Centro Fotografia', 'Museo Conte', 'Casa Giulietta', 'Palazzo della Ragione']",San Fermo,strategy_nearest,False,0.0033919811248779297,success
0425623A9C4C80,3,"['Arena', 'Santa Anastasia', 'Casa Giulietta']",San Fermo,"['Museo Storia', 'Museo Radio', 'Centro Fotografia', 'Sighseeing', 'Torre Lamberti']",Museo Lapidario,strategy_nearest,False,0.0031821727752685547,success
04256D3A9C4C80,0,"['Arena', 'San Fermo']",Tomba Giulietta,"['Museo Storia', 'Museo Lapidario', 'Museo Radio', 'Verona Tour', 'Casa Giulietta']",Castelvecchio,strategy_nearest,False,0.002682209014892578,success
0425723A9C4C80,3,"['Casa Giulietta', 'Santa Anastasia']",Duomo,"['AMO', 'Museo Miniscalchi', 'Teatro Romano', 'Palazzo della Ragione', 'Museo Conte']",Teatro Romano,strategy_nearest,True,0.001264810562133789,success
0425673A9C4C81,2,"['Castelvecchio', 'Torre Lamberti']",Santa Anastasia,"['AMO', 'Museo Conte', 'Palazzo della Ragione', 'Teatro Romano', 'Centro Fotografia']",Casa Giulietta,strategy_nearest,False,0.003504037857055664,success
0425763A9C4C80,1,"['Arena', 'Casa Giulietta']",Torre Lamberti,"['Sighseeing', 'Centro Fotografia', 'Museo Conte', 'Palazzo della Ragione', 'AMO']",Palazzo della Ragione,strategy_nearest,True,0.0021162033081054688,success
0425783A9C4C80,0,['Casa Giulietta'],Duomo,"['AMO', 'Museo Miniscalchi', 'Santa Anastasia', 'Teatro Romano', 'Palazzo della Ragione']",Arena,strategy_nearest,False,0.0033578872680664062,success
042573429C4C81,1,"['Arena', 'San Fermo', 'Casa Giulietta']",Torre Lamberti,"['Sighseeing', 'Centro Fotografia', 'Museo Conte', 'Palazzo della Ragione', 'AMO']",Palazzo della Ragione,strategy_nearest,True,0.0027740001678466797,success
042576429C4C81,2,['Castelvecchio'],Duomo,"['AMO', 'Museo Miniscalchi', 'Santa Anastasia', 'Teatro Romano', 'Palazzo della Ragione']",Santa Anastasia,strategy_nearest,True,0.002758026123046875,success
042582429C4C80,3,"['Arena', 'Torre Lamberti']",Santa Anastasia,"['AMO', 'Museo Conte', 'Palazzo della Ragione', 'Teatro Romano', 'Centro Fotografia']",Teatro Romano,strategy_nearest,True,0.0023088455200195312,success
0425814A9C4C80,1,"['Arena', 'Casa Giulietta']",Palazzo della Ragione,"['AMO', 'Museo Conte', 'Torre Lamberti', 'Centro Fotografia', 'Sighseeing']",Torre Lamberti,strategy_nearest,True,0.0030968189239501953,success
04257F4A9C4C81,0,['Arena'],Casa Giulietta,"['Centro Fotografia', 'Sighseeing', 'Torre Lamberti', 'Museo Conte', 'Museo Radio']",Castelvecchio,strategy_nearest,False,0.003143787384033203,success
042583429C4C80,0,['Arena'],Casa Giulietta,"['Centro Fotografia', 'Sighseeing', 'Torre Lamberti', 'Museo Conte', 'Museo Radio']",Torre Lamberti,strategy_nearest,True,0.003228902816772461,success
0425844A9C4C80,3,"['Arena', 'Torre Lamberti']",Duomo,"['AMO', 'Museo Miniscalchi', 'Santa Anastasia', 'Teatro Romano', 'Palazzo della Ragione']",Teatro Romano,strategy_nearest,True,0.0031418800354003906,success
04258D4A9C4C81,2,"['Torre Lamberti', 'Palazzo della Ragione']",Santa Anastasia,"['AMO', 'Museo Conte', 'Teatro Romano', 'Centro Fotografia', 'Duomo']",Teatro Romano,strategy_nearest,True,0.002202272415161133,success
0425904A9C4C80,0,"['Arena', 'Museo Lapidario']",Castelvecchio,"['Verona Tour', 'Museo Radio', 'San Zeno', 'Sighseeing', 'Museo Miniscalchi']",San Zeno,strategy_nearest,True,0.003065824508666992,success
042595429C4C80,3,"['Arena', 'Santa Anastasia']",Duomo,"['AMO', 'Museo Miniscalchi', 'Teatro Romano', 'Palazzo della Ragione', 'Museo Conte']",Casa Giulietta,strategy_nearest,False,0.004055976867675781,success
0425964A9C4C81,1,"['Arena', 'Torre Lamberti']",Palazzo della Ragione,"['AMO', 'Museo Conte', 'Centro Fotografia', 'Sighseeing', 'Santa Anastasia']",Casa Giulietta,strategy_nearest,False,0.0030448436737060547,success
042599429C4C80,3,"['Arena', 'Tomba Giulietta']",San Fermo,"['Museo Storia', 'Museo Radio', 'Casa Giulietta', 'Centro Fotografia', 'Sighseeing']",Santa Anastasia,strategy_nearest,False,0.0023658275604248047,success
042599429C4C81,3,"['Casa Giulietta', 'Santa Anastasia']",Teatro Romano,"['Duomo', 'AMO', 'Palazzo della Ragione', 'Museo Conte', 'Centro Fotografia']",Arena,strategy_nearest,False,0.004771232604980469,success
04259B429C4C81,0,['Arena'],Castelvecchio,"['Museo Lapidario', 'Verona Tour', 'Museo Radio', 'San Zeno', 'Sighseeing']",Casa Giulietta,strategy_nearest,False,0.0031499862670898438,success
04259C429C4C80,0,['Arena'],Casa Giulietta,"['Centro Fotografia', 'Sighseeing', 'Torre Lamberti', 'Museo Conte', 'Museo Radio']",San Fermo,strategy_nearest,False,0.0037398338317871094,success
04259B429C4C80,0,"['San Fermo', 'Castelvecchio']",Casa Giulietta,"['Centro Fotografia', 'Sighseeing', 'Torre Lamberti', 'Museo Conte', 'Museo Radio']",Arena,strategy_nearest,False,0.0016739368438720703,success
04259D4A9C4C81,3,['Arena'],Santa Anastasia,"['AMO', 'Museo Conte', 'Palazzo della Ragione', 'Teatro Romano', 'Centro Fotografia']",Duomo,strategy_nearest,False,0.0028290748596191406,success
0425A0429C4C81,0,"['Arena', 'Casa Giulietta']",Torre Lamberti,"['Sighseeing', 'Centro Fotografia', 'Museo Conte', 'Palazzo della Ragione', 'AMO']",Teatro Romano,strategy_nearest,False,0.002724885940551758,success
04259F429C4C80,0,['Arena'],Duomo,"['AMO', 'Museo Miniscalchi', 'Santa Anastasia', 'Teatro Romano', 'Palazzo della Ragione']",Teatro Romano,strategy_nearest,True,0.0021500587463378906,success
0425A1429C4C81,0,['Castelvecchio'],Arena,"['Verona Tour', 'Museo Lapidario', 'Museo Radio', 'San Fermo', 'Casa Giulietta']",Casa Giulietta,strategy_nearest,True,0.0030999183654785156,success
0425A83A9C4C80,1,['Arena'],Casa Giulietta,"['Centro Fotografia', 'Sighseeing', 'Torre Lamberti', 'Museo Conte', 'Museo Radio']",Palazzo della Ragione,strategy_nearest,False,0.002566099166870117,success
0425A63A9C4C80,0,['Arena'],Castelvecchio,"['Museo Lapidario', 'Verona Tour', 'Museo Radio', 'San Zeno', 'Sighseeing']",Casa Giulietta,strategy_nearest,False,0.001728057861328125,success
0425A94A9C4C80,3,['Arena'],Torre Lamberti,"['Sighseeing', 'Centro Fotografia', 'Museo Conte', 'Casa Giulietta', 'Palazzo della Ragione']",Santa Anastasia,strategy_nearest,False,0.0019161701202392578,success
0425A93A9C4C81,1,['Arena'],Casa Giulietta,"['Centro Fotografia', 'Sighseeing', 'Torre Lamberti', 'Museo Conte', 'Museo Radio']",Palazzo della Ragione,strategy_nearest,False,0.0035839080810546875,success
0425AF429C4C80,1,"['Castelvecchio', 'Arena']",Santa Anastasia,"['AMO', 'Museo Conte', 'Palazzo della Ragione', 'Teatro Romano', 'Centro Fotografia']",Duomo,strategy_nearest,False,0.002682209014892578,success
0425B13A9C4C80,0,['Arena'],Museo Lapidario,"['Verona Tour', 'Castelvecchio', 'Museo Radio', 'San Fermo', 'Casa Giulietta']",Duomo,strategy_nearest,False,0.0035429000854492188,success
0425B03A9C4C80,2,['San Fermo'],Casa Giulietta,"['Centro Fotografia', 'Sighseeing', 'Torre Lamberti', 'Museo Conte', 'Museo Radio']",Torre Lamberti,strategy_nearest,True,0.003270864486694336,success
0425B3429C4C80,3,"['Arena', 'Castelvecchio']",Torre Lamberti,"['Sighseeing', 'Centro Fotografia', 'Museo Conte', 'Casa Giulietta', 'Palazzo della Ragione']",Santa Anastasia,strategy_nearest,False,0.002835988998413086,success
0425BF3A9C4C80,3,"['Arena', 'Castelvecchio', 'Casa Giulietta']",San Fermo,"['Museo Storia', 'Museo Radio', 'Centro Fotografia', 'Sighseeing', 'Torre Lamberti']",Santa Anastasia,strategy_nearest,False,0.0021822452545166016,success
0425B63A9C4C81,1,"['Arena', 'Museo Lapidario']",Casa Giulietta,"['Centro Fotografia', 'Sighseeing', 'Torre Lamberti', 'Museo Conte', 'Museo Radio']",Palazzo della Ragione,strategy_nearest,False,0.0030121803283691406,success
0425B4429C4C81,0,"['Casa Giulietta', 'Arena']",Castelvecchio,"['Museo Lapidario', 'Verona Tour', 'Museo Radio', 'San Zeno', 'Sighseeing']",Torre Lamberti,strategy_nearest,False,0.001628875732421875,success
0425CE3A9C4C81,2,"['Castelvecchio', 'Teatro Romano']",Museo Storia,"['San Fermo', 'Museo Radio', 'Casa Giulietta', 'Centro Fotografia', 'Tomba Giulietta']",San Fermo,strategy_nearest,True,0.0018851757049560547,success
0425C53A9C4C80,3,['Arena'],Torre Lamberti,"['Sighseeing', 'Centro Fotografia', 'Museo Conte', 'Casa Giulietta', 'Palazzo della Ragione']",Santa Anastasia,strategy_nearest,False,0.0030891895294189453,success
0425D0429C4C80,0,['Casa Giulietta'],Arena,"['Verona Tour', 'Museo Lapidario', 'Museo Radio', 'San Fermo', 'Sighseeing']",San Fermo,strategy_nearest,True,0.0032041072845458984,success
0425CF429C4C80,3,"['Castelvecchio', 'Teatro Romano', 'San Fermo']",Casa Giulietta,"['Centro Fotografia', 'Sighseeing', 'Torre Lamberti', 'Museo Conte', 'Museo Radio']",Torre Lamberti,strategy_nearest,True,0.0026450157165527344,success
0425D53A9C4C81,0,"['Teatro Romano', 'Torre Lamberti']",Casa Giulietta,"['Centro Fotografia', 'Sighseeing', 'Museo Conte', 'Museo Radio', 'Palazzo della Ragione']",San Fermo,strategy_nearest,False,0.0022940635681152344,success
0425DB3A9C4C80,1,"['Arena', 'San Zeno', 'Castelvecchio']",Torre Lamberti,"['Sighseeing', 'Centro Fotografia', 'Museo Conte', 'Casa Giulietta', 'Palazzo della Ragione']",Palazzo della Ragione,strategy_nearest,True,0.002788066864013672,success
0425D43A9C4C81,0,"['Torre Lamberti', 'San Fermo']",Casa Giulietta,"['Centro Fotografia', 'Sighseeing', 'Museo Conte', 'Museo Radio', 'Palazzo della Ragione']",Tomba Giulietta,strategy_nearest,False,0.0023069381713867188,success
0425E2429C4C81,0,['Arena'],Torre Lamberti,"['Sighseeing', 'Centro Fotografia', 'Museo Conte', 'Casa Giulietta', 'Palazzo della Ragione']",Casa Giulietta,strategy_nearest,True,0.003117084503173828,success
0425E4429C4C81,2,"['Santa Anastasia', 'Casa Giulietta']",Teatro Romano,"['Duomo', 'AMO', 'Palazzo della Ragione', 'Museo Conte', 'Centro Fotografia']",Palazzo della Ragione,strategy_nearest,True,0.0020151138305664062,success
0425E63A9C4C80,0,['Arena'],Casa Giulietta,"['Centro Fotografia', 'Sighseeing', 'Torre Lamberti', 'Museo Conte', 'Museo Radio']",Torre Lamberti,strategy_nearest,True,0.002598285675048828,success
0425E33A9C4C81,4,"['Arena', 'Torre Lamberti', 'Santa Anastasia', 'Duomo']",Teatro Romano,"['AMO', 'Palazzo della Ragione', 'Museo Conte', 'Centro Fotografia', 'Museo Miniscalchi']",Castelvecchio,strategy_nearest,False,0.0035979747772216797,success
0425E93A9C4C80,3,['Arena'],Castelvecchio,"['Museo Lapidario', 'Verona Tour', 'Museo Radio', 'San Zeno', 'Sighseeing']",Santa Anastasia,strategy_nearest,False,0.003403902053833008,success
0425E73A9C4C80,0,['Arena'],San Fermo,"['Museo Storia', 'Museo Radio', 'Casa Giulietta', 'Centro Fotografia', 'Sighseeing']",Torre Lamberti,strategy_nearest,False,0.0024650096893310547,success
0425F13A9C4C80,0,['Arena'],Torre Lamberti,"['Sighseeing', 'Centro Fotografia', 'Museo Conte', 'Casa Giulietta', 'Palazzo della Ragione']",Casa Giulietta,strategy_nearest,True,0.0027163028717041016,success
0425EF3A9C4C80,2,['Casa Giulietta'],Torre Lamberti,"['Sighseeing', 'Centro Fotografia', 'Museo Conte', 'Palazzo della Ragione', 'AMO']",Santa Anastasia,strategy_nearest,False,0.0034017562866210938,success
042656429C4C80,1,"['Palazzo della Ragione', 'Torre Lamberti']",Duomo,"['AMO', 'Museo Miniscalchi', 'Santa Anastasia', 'Teatro Romano', 'Museo Conte']",Arena,strategy_nearest,False,0.002348184585571289,success
04265C429C4C80,2,['Casa Giulietta'],Casa Giulietta,"['Centro Fotografia', 'Sighseeing', 'Torre Lamberti', 'Museo Conte', 'Museo Radio']",Castelvecchio,strategy_nearest,False,0.002218008041381836,success
0426603A9C4C81,1,"['Santa Anastasia', 'Torre Lamberti', 'Palazzo della Ragione']",Casa Giulietta,"['Centro Fotografia', 'Sighseeing', 'Museo Conte', 'Museo Radio', 'San Fermo']",Teatro Romano,strategy_nearest,False,0.0032889842987060547,success
042657429C4C81,0,"['Arena', 'Castelvecchio']",Casa Giulietta,"['Centro Fotografia', 'Sighseeing', 'Torre Lamberti', 'Museo Conte', 'Museo Radio']",Torre Lamberti,strategy_nearest,True,0.0030159950256347656,success
042669429C4C81,0,['Arena'],Castelvecchio,"['Museo Lapidario', 'Verona Tour', 'Museo Radio', 'San Zeno', 'Sighseeing']",Casa Giulietta,strategy_nearest,False,0.003061056137084961,success
04266F429C4C81,2,['Castelvecchio'],Casa Giulietta,"['Centro Fotografia', 'Sighseeing', 'Torre Lamberti', 'Museo Conte', 'Museo Radio']",Teatro Romano,strategy_nearest,False,0.0020227432250976562,success
0426733A9C4C81,1,"['Castelvecchio', 'Santa Anastasia']",Palazzo della Ragione,"['AMO', 'Museo Conte', 'Torre Lamberti', 'Centro Fotografia', 'Sighseeing']",Torre Lamberti,strategy_nearest,True,0.002504110336303711,success
0426763A9C4C80,3,['Casa Giulietta'],Torre Lamberti,"['Sighseeing', 'Centro Fotografia', 'Museo Conte', 'Palazzo della Ragione', 'AMO']",Santa Anastasia,strategy_nearest,False,0.0033609867095947266,success
04266D429C4C81,0,"['Arena', 'Casa Giulietta']",Castelvecchio,"['Museo Lapidario', 'Verona Tour', 'Museo Radio', 'San Zeno', 'Sighseeing']",Tomba Giulietta,strategy_nearest,False,0.003297090530395508,success
04267C429C4C80,2,"['Castelvecchio', 'Tomba Giulietta']",San Fermo,"['Museo Storia', 'Museo Radio', 'Casa Giulietta', 'Centro Fotografia', 'Arena']",San Zeno,strategy_nearest,False,0.003368854522705078,success
042681429C4C80,3,"['Arena', 'Casa Giulietta', 'Torre Lamberti']",Santa Anastasia,"['AMO', 'Museo Conte', 'Palazzo della Ragione', 'Teatro Romano', 'Centro Fotografia']",Teatro Romano,strategy_nearest,True,0.0012531280517578125,success
0426773A9C4C80,3,['Arena'],Castelvecchio,"['Museo Lapidario', 'Verona Tour', 'Museo Radio', 'San Zeno', 'Sighseeing']",Santa Anastasia,strategy_nearest,False,0.002808094024658203,success
042684429C4C81,0,"['Casa Giulietta', 'Arena']",Torre Lamberti,"['Sighseeing', 'Centro Fotografia', 'Museo Conte', 'Palazzo della Ragione', 'AMO']",San Fermo,strategy_nearest,False,0.0033500194549560547,success
0426863A9C4C80,2,['Casa Giulietta'],Torre Lamberti,"['Sighseeing', 'Centro Fotografia', 'Museo Conte', 'Palazzo della Ragione', 'AMO']",Palazzo della Ragione,strategy_nearest,True,0.0027849674224853516,success
0426884A9C4C81,0,['Arena'],Castelvecchio,"['Museo Lapidario', 'Verona Tour', 'Museo Radio', 'San Zeno', 'Sighseeing']",Torre Lamberti,strategy_nearest,False,0.001974821090698242,success
04268D4A9C4C81,3,['Arena'],Santa Anastasia,"['AMO', 'Museo Conte', 'Palazzo della Ragione', 'Teatro Romano', 'Centro Fotografia']",Teatro Romano,strategy_nearest,True,0.0025331974029541016,success
04268E4A9C4C80,0,"['Arena', 'Casa Giulietta']",Torre Lamberti,"['Sighseeing', 'Centro Fotografia', 'Museo Conte', 'Palazzo della Ragione', 'AMO']",Castelvecchio,strategy_nearest,False,0.0031490325927734375,success
04268D3A9C4C80,3,"['Arena', 'Casa Giulietta']",Torre Lamberti,"['Sighseeing', 'Centro Fotografia', 'Museo Conte', 'Palazzo della Ragione', 'AMO']",Santa Anastasia,strategy_nearest,False,0.003129720687866211,success
04268D4A9C4C80,0,['Arena'],Casa Giulietta,"['Centro Fotografia', 'Sighseeing', 'Torre Lamberti', 'Museo Conte', 'Museo Radio']",Torre Lamberti,strategy_nearest,True,0.0031769275665283203,success
0426904A9C4C80,3,"['Arena', 'Museo Lapidario']",Torre Lamberti,"['Sighseeing', 'Centro Fotografia', 'Museo Conte', 'Casa Giulietta', 'Palazzo della Ragione']",Santa Anastasia,strategy_nearest,False,0.002586841583251953,success
0426904A9C4C81,1,"['Arena', 'Museo Lapidario', 'Casa Giulietta']",Palazzo della Ragione,"['AMO', 'Museo Conte', 'Torre Lamberti', 'Centro Fotografia', 'Sighseeing']",Santa Anastasia,strategy_nearest,False,0.0013790130615234375,success
042691429C4C81,2,"['Castelvecchio', 'Casa Giulietta']",San Fermo,"['Museo Storia', 'Museo Radio', 'Centro Fotografia', 'Arena', 'Sighseeing']",Santa Anastasia,strategy_nearest,False,0.0018520355224609375,success
042692429C4C80,0,['Arena'],Castelvecchio,"['Museo Lapidario', 'Verona Tour', 'Museo Radio', 'San Zeno', 'Sighseeing']",Torre Lamberti,strategy_nearest,False,0.0036079883575439453,success
0426944A9C4C81,0,['Arena'],Castelvecchio,"['Museo Lapidario', 'Verona Tour', 'Museo Radio', 'San Zeno', 'Sighseeing']",Duomo,strategy_nearest,False,0.0019447803497314453,success
0426944A9C4C80,3,['Arena'],Torre Lamberti,"['Sighseeing', 'Centro Fotografia', 'Museo Conte', 'Casa Giulietta', 'Palazzo della Ragione']",Santa Anastasia,strategy_nearest,False,0.0029070377349853516,success
04269B429C4C80,3,"['Arena', 'Casa Giulietta']",Santa Anastasia,"['AMO', 'Museo Conte', 'Palazzo della Ragione', 'Teatro Romano', 'Centro Fotografia']",Duomo,strategy_nearest,False,0.0023598670959472656,success
04269A429C4C80,3,"['Arena', 'Torre Lamberti']",Casa Giulietta,"['Centro Fotografia', 'Sighseeing', 'Museo Conte', 'Museo Radio', 'Palazzo della Ragione']",Duomo,strategy_nearest,False,0.003242969512939453,success
04269C429C4C81,1,"['Castelvecchio', 'Arena']",Tomba Giulietta,"['San Fermo', 'Museo Storia', 'Museo Lapidario', 'Museo Radio', 'Verona Tour']",Casa Giulietta,strategy_nearest,False,0.003159046173095703,success
04269D429C4C80,0,['Arena'],Casa Giulietta,"['Centro Fotografia', 'Sighseeing', 'Torre Lamberti', 'Museo Conte', 'Museo Radio']",Torre Lamberti,strategy_nearest,True,0.0018429756164550781,success
04269D429C4C81,3,"['Arena', 'Torre Lamberti']",Casa Giulietta,"['Centro Fotografia', 'Sighseeing', 'Museo Conte', 'Museo Radio', 'Palazzo della Ragione']",Duomo,strategy_nearest,False,0.002471923828125,success
04269F429C4C80,0,['Arena'],Casa Giulietta,"['Centro Fotografia', 'Sighseeing', 'Torre Lamberti', 'Museo Conte', 'Museo Radio']",Torre Lamberti,strategy_nearest,True,0.003215789794921875,success
0426A2429C4C81,0,"['Castelvecchio', 'Arena']",Teatro Romano,"['Santa Anastasia', 'Duomo', 'AMO', 'Palazzo della Ragione', 'Museo Conte']",Torre Lamberti,strategy_nearest,False,0.0025637149810791016,success
0426A74A9C4C80,0,['Arena'],Casa Giulietta,"['Centro Fotografia', 'Sighseeing', 'Torre Lamberti', 'Museo Conte', 'Museo Radio']",Santa Anastasia,strategy_nearest,False,0.003283977508544922,success
0426A54A9C4C80,0,['Arena'],Casa Giulietta,"['Centro Fotografia', 'Sighseeing', 'Torre Lamberti', 'Museo Conte', 'Museo Radio']",Castelvecchio,strategy_nearest,False,0.0034198760986328125,success
0426A74A9C4C81,3,"['Arena', 'Casa Giulietta']",Torre Lamberti,"['Sighseeing', 'Centro Fotografia', 'Museo Conte', 'Palazzo della Ragione', 'AMO']",Santa Anastasia,strategy_nearest,False,0.0029549598693847656,success
0426A83A9C4C81,1,['Arena'],Casa Giulietta,"['Centro Fotografia', 'Sighseeing', 'Torre Lamberti', 'Museo Conte', 'Museo Radio']",Palazzo della Ragione,strategy_nearest,False,0.0030667781829833984,success
0426A872743381,1,"['Arena', 'Casa Giulietta', 'Torre Lamberti', 'Palazzo della Ragione', 'Duomo']",Teatro Romano,"['Santa Anastasia', 'AMO', 'Museo Conte', 'Centro Fotografia', 'Museo Miniscalchi']",Castelvecchio,strategy_nearest,False,0.0025739669799804688,success
0426A94A9C4C80,0,"['Teatro Romano', 'Duomo']",Casa Giulietta,"['Centro Fotografia', 'Sighseeing', 'Torre Lamberti', 'Museo Conte', 'Museo Radio']",Arena,strategy_nearest,False,0.0033338069915771484,success
0426AA4A9C4C81,1,"['Palazzo della Ragione', 'Torre Lamberti', 'Casa Giulietta']",Arena,"['Verona Tour', 'Museo Lapidario', 'Museo Radio', 'San Fermo', 'Sighseeing']",Tomba Giulietta,strategy_nearest,False,0.003258228302001953,success
0426AF429C4C80,2,['Tomba Giulietta'],Castelvecchio,"['Museo Lapidario', 'Verona Tour', 'Arena', 'Museo Radio', 'San Zeno']",Casa Giulietta,strategy_nearest,False,0.0024797916412353516,success
0426AB429C4C81,0,['Arena'],Casa Giulietta,"['Centro Fotografia', 'Sighseeing', 'Torre Lamberti', 'Museo Conte', 'Museo Radio']",Castelvecchio,strategy_nearest,False,0.003322124481201172,success
0426B0429C4C81,0,['Castelvecchio'],Torre Lamberti,"['Sighseeing', 'Centro Fotografia', 'Museo Conte', 'Casa Giulietta', 'Palazzo della Ragione']",San Fermo,strategy_nearest,False,0.003097057342529297,success
0426BC3A9C4C80,0,['Arena'],Castelvecchio,"['Museo Lapidario', 'Verona Tour', 'Museo Radio', 'San Zeno', 'Sighseeing']",Torre Lamberti,strategy_nearest,False,0.0030059814453125,success
0426BC3A9C4C81,0,['Arena'],Casa Giulietta,"['Centro Fotografia', 'Sighseeing', 'Torre Lamberti', 'Museo Conte', 'Museo Radio']",Duomo,strategy_nearest,False,0.0024671554565429688,success
0426CA3A9C4C81,3,"['Arena', 'Casa Giulietta']",Torre Lamberti,"['Sighseeing', 'Centro Fotografia', 'Museo Conte', 'Palazzo della Ragione', 'AMO']",Santa Anastasia,strategy_nearest,False,0.003284931182861328,success
0426CE3A9C4C80,0,['Teatro Romano'],Duomo,"['AMO', 'Museo Miniscalchi', 'Santa Anastasia', 'Palazzo della Ragione', 'Museo Conte']",Casa Giulietta,strategy_nearest,False,0.0032320022583007812,success
0426C5429C4C81,2,"['Casa Giulietta', 'Torre Lamberti']",Santa Anastasia,"['AMO', 'Museo Conte', 'Palazzo della Ragione', 'Teatro Romano', 'Centro Fotografia']",Duomo,strategy_nearest,False,0.0027408599853515625,success
0426D03A9C4C81,0,['Duomo'],Arena,"['Verona Tour', 'Museo Lapidario', 'Museo Radio', 'San Fermo', 'Casa Giulietta']",Torre Lamberti,strategy_nearest,False,0.003014802932739258,success
0426D13A9C4C81,1,"['Palazzo della Ragione', 'Torre Lamberti', 'Casa Giulietta']",Duomo,"['AMO', 'Museo Miniscalchi', 'Santa Anastasia', 'Teatro Romano', 'Museo Conte']",Arena,strategy_nearest,False,0.002624988555908203,success
0426D53A9C4C81,0,['Arena'],Torre Lamberti,"['Sighseeing', 'Centro Fotografia', 'Museo Conte', 'Casa Giulietta', 'Palazzo della Ragione']",Casa Giulietta,strategy_nearest,True,0.0026879310607910156,success
0426D93A9C4C81,2,"['Torre Lamberti', 'Palazzo della Ragione']",Casa Giulietta,"['Centro Fotografia', 'Sighseeing', 'Museo Conte', 'Museo Radio', 'San Fermo']",Castelvecchio,strategy_nearest,False,0.0026619434356689453,success
0426D83A9C4C80,3,"['Duomo', 'Santa Anastasia']",Castelvecchio,"['Museo Lapidario', 'Verona Tour', 'Arena', 'Museo Radio', 'San Zeno']",Arena,strategy_nearest,True,0.003410816192626953,success
0426DA3A9C4C81,3,"['Arena', 'Casa Giulietta']",Santa Anastasia,"['AMO', 'Museo Conte', 'Palazzo della Ragione', 'Teatro Romano', 'Centro Fotografia']",Duomo,strategy_nearest,False,0.002307891845703125,success
0426DB3A9C4C81,1,['Santa Anastasia'],Arena,"['Verona Tour', 'Museo Lapidario', 'Museo Radio', 'San Fermo', 'Casa Giulietta']",Palazzo della Ragione,strategy_nearest,False,0.002105236053466797,success
0426E43A9C4C81,2,"['San Zeno', 'Santa Anastasia']",San Zeno,"['Castelvecchio', 'Verona Tour', 'Museo Lapidario', 'Arena', 'Museo Miniscalchi']",Castelvecchio,strategy_nearest,True,0.0035059452056884766,success
0427543A9C4C81,0,['Arena'],Casa Giulietta,"['Centro Fotografia', 'Sighseeing', 'Torre Lamberti', 'Museo Conte', 'Museo Radio']",Santa Anastasia,strategy_nearest,False,0.002814054489135742,success
0426F13A9C4C80,3,['Arena'],Torre Lamberti,"['Sighseeing', 'Centro Fotografia', 'Museo Conte', 'Casa Giulietta', 'Palazzo della Ragione']",Casa Giulietta,strategy_nearest,True,0.0026617050170898438,success
0427563A9C4C81,3,"['Arena', 'Castelvecchio']",San Zeno,"['Verona Tour', 'Museo Lapidario', 'Museo Miniscalchi', 'Sighseeing', 'Museo Radio']",Duomo,strategy_nearest,False,0.002526998519897461,success
042757429C4C80,3,"['Castelvecchio', 'Casa Giulietta']",Arena,"['Verona Tour', 'Museo Lapidario', 'Museo Radio', 'San Fermo', 'Sighseeing']",Tomba Giulietta,strategy_nearest,False,0.0025489330291748047,success
042756429C4C81,0,['Arena'],Torre Lamberti,"['Sighseeing', 'Centro Fotografia', 'Museo Conte', 'Casa Giulietta', 'Palazzo della Ragione']",Casa Giulietta,strategy_nearest,True,0.002020120620727539,success
0427583A9C4C80,3,"['Arena', 'San Fermo', 'Torre Lamberti']",Santa Anastasia,"['AMO', 'Museo Conte', 'Palazzo della Ragione', 'Teatro Romano', 'Centro Fotografia']",Duomo,strategy_nearest,False,0.003158092498779297,success
042758429C4C80,0,['Arena'],Torre Lamberti,"['Sighseeing', 'Centro Fotografia', 'Museo Conte', 'Casa Giulietta', 'Palazzo della Ragione']",Castelvecchio,strategy_nearest,False,0.0030951499938964844,success
042759429C4C81,3,"['Arena', 'San Fermo']",Casa Giulietta,"['Centro Fotografia', 'Sighseeing', 'Torre Lamberti', 'Museo Conte', 'Museo Radio']",Santa Anastasia,strategy_nearest,False,0.002444028854370117,success
04276E429C4C81,3,['Arena'],Santa Anastasia,"['AMO', 'Museo Conte', 'Palazzo della Ragione', 'Teatro Romano', 'Centro Fotografia']",Torre Lamberti,strategy_nearest,False,0.0031032562255859375,success
042769429C4C81,0,['Arena'],Torre Lamberti,"['Sighseeing', 'Centro Fotografia', 'Museo Conte', 'Casa Giulietta', 'Palazzo della Ragione']",Casa Giulietta,strategy_nearest,True,0.0031578540802001953,success
04275E429C4C80,2,['Santa Anastasia'],Teatro Romano,"['Duomo', 'AMO', 'Palazzo della Ragione', 'Museo Conte', 'Centro Fotografia']",Casa Giulietta,strategy_nearest,False,0.0026340484619140625,success
0427763A9C4C81,0,['Tomba Giulietta'],Arena,"['Verona Tour', 'Museo Lapidario', 'Museo Radio', 'San Fermo', 'Casa Giulietta']",Casa Giulietta,strategy_nearest,True,0.0022110939025878906,success
042773429C4C81,0,['Arena'],Torre Lamberti,"['Sighseeing', 'Centro Fotografia', 'Museo Conte', 'Casa Giulietta', 'Palazzo della Ragione']",Casa Giulietta,strategy_nearest,True,0.0025818347930908203,success
042774429C4C80,2,['Torre Lamberti'],Santa Anastasia,"['AMO', 'Museo Conte', 'Palazzo della Ragione', 'Teatro Romano', 'Centro Fotografia']",Casa Giulietta,strategy_nearest,False,0.002875804901123047,success
0427773A9C4C80,0,['Casa Giulietta'],Torre Lamberti,"['Sighseeing', 'Centro Fotografia', 'Museo Conte', 'Palazzo della Ragione', 'AMO']",Arena,strategy_nearest,False,0.003370046615600586,success
04277B4A9C4C80,0,['Arena'],Casa Giulietta,"['Centro Fotografia', 'Sighseeing', 'Torre Lamberti', 'Museo Conte', 'Museo Radio']",Duomo,strategy_nearest,False,0.0018150806427001953,success
0427794A9C4C81,2,['Museo Lapidario'],Casa Giulietta,"['Centro Fotografia', 'Sighseeing', 'Torre Lamberti', 'Museo Conte', 'Museo Radio']",Torre Lamberti,strategy_nearest,True,0.0032896995544433594,success
04277D4A9C4C80,0,['Arena'],Casa Giulietta,"['Centro Fotografia', 'Sighseeing', 'Torre Lamberti', 'Museo Conte', 'Museo Radio']",Duomo,strategy_nearest,False,0.0033800601959228516,success
04277E429C4C80,0,['Castelvecchio'],Casa Giulietta,"['Centro Fotografia', 'Sighseeing', 'Torre Lamberti', 'Museo Conte', 'Museo Radio']",Arena,strategy_nearest,False,0.002988100051879883,success
0427814A9C4C80,0,['Arena'],Tomba Giulietta,"['San Fermo', 'Museo Storia', 'Museo Lapidario', 'Museo Radio', 'Verona Tour']",Casa Giulietta,strategy_nearest,False,0.0022878646850585938,success
0427813A9C4C81,3,"['Arena', 'Casa Giulietta']",Santa Anastasia,"['AMO', 'Museo Conte', 'Palazzo della Ragione', 'Teatro Romano', 'Centro Fotografia']",San Fermo,strategy_nearest,False,0.0030989646911621094,success
0427834A9C4C81,2,['Casa Giulietta'],Torre Lamberti,"['Sighseeing', 'Centro Fotografia', 'Museo Conte', 'Palazzo della Ragione', 'AMO']",Teatro Romano,strategy_nearest,False,0.002337932586669922,success
042784429C4C80,3,"['Arena', 'San Fermo']",Torre Lamberti,"['Sighseeing', 'Centro Fotografia', 'Museo Conte', 'Casa Giulietta', 'Palazzo della Ragione']",Santa Anastasia,strategy_nearest,False,0.003610849380493164,success
0427823A9C4C80,0,['Arena'],Castelvecchio,"['Museo Lapidario', 'Verona Tour', 'Museo Radio', 'San Zeno', 'Sighseeing']",Casa Giulietta,strategy_nearest,False,0.0022840499877929688,success
0427864A9C4C81,0,['Arena'],Museo Lapidario,"['Verona Tour', 'Castelvecchio', 'Museo Radio', 'San Fermo', 'Casa Giulietta']",Casa Giulietta,strategy_nearest,True,0.0025920867919921875,success
0427874A9C4C81,3,['Arena'],Santa Anastasia,"['AMO', 'Museo Conte', 'Palazzo della Ragione', 'Teatro Romano', 'Centro Fotografia']",Duomo,strategy_nearest,False,0.0022499561309814453,success
04278A3A9C4C81,0,['Arena'],Casa Giulietta,"['Centro Fotografia', 'Sighseeing', 'Torre Lamberti', 'Museo Conte', 'Museo Radio']",Castelvecchio,strategy_nearest,False,0.0017580986022949219,success
0427914A9C4C80,0,['Arena'],Casa Giulietta,"['Centro Fotografia', 'Sighseeing', 'Torre Lamberti', 'Museo Conte', 'Museo Radio']",Santa Anastasia,strategy_nearest,False,0.0017719268798828125,success
04278A4A9C4C80,0,['Arena'],Castelvecchio,"['Museo Lapidario', 'Verona Tour', 'Museo Radio', 'San Zeno', 'Sighseeing']",Casa Giulietta,strategy_nearest,False,0.002722024917602539,success
042792429C4C80,0,['Arena'],Casa Giulietta,"['Centro Fotografia', 'Sighseeing', 'Torre Lamberti', 'Museo Conte', 'Museo Radio']",Santa Anastasia,strategy_nearest,False,0.0031943321228027344,success
04278C4A9C4C81,3,"['Arena', 'Casa Giulietta', 'Santa Anastasia']",Duomo,"['AMO', 'Museo Miniscalchi', 'Teatro Romano', 'Palazzo della Ragione', 'Museo Conte']",Torre Lamberti,strategy_nearest,False,0.0037958621978759766,success
0427964A9C4C80,1,"['Palazzo della Ragione', 'Santa Anastasia']",Torre Lamberti,"['Sighseeing', 'Centro Fotografia', 'Museo Conte', 'Casa Giulietta', 'AMO']",Arena,strategy_nearest,False,0.001725912094116211,success
0427994A9C4C80,1,"['Arena', 'Torre Lamberti']",Palazzo della Ragione,"['AMO', 'Museo Conte', 'Centro Fotografia', 'Sighseeing', 'Santa Anastasia']",Santa Anastasia,strategy_nearest,True,0.0021369457244873047,success
042799429C4C81,0,['Arena'],Casa Giulietta,"['Centro Fotografia', 'Sighseeing', 'Torre Lamberti', 'Museo Conte', 'Museo Radio']",Castelvecchio,strategy_nearest,False,0.003130197525024414,success
04279C429C4C81,0,['Arena'],Casa Giulietta,"['Centro Fotografia', 'Sighseeing', 'Torre Lamberti', 'Museo Conte', 'Museo Radio']",Torre Lamberti,strategy_nearest,True,0.0025169849395751953,success
04279A4A9C4C80,0,['Arena'],Casa Giulietta,"['Centro Fotografia', 'Sighseeing', 'Torre Lamberti', 'Museo Conte', 'Museo Radio']",Santa Anastasia,strategy_nearest,False,0.003409862518310547,success
04279E429C4C80,3,"['Arena', 'Casa Giulietta', 'San Fermo']",Torre Lamberti,"['Sighseeing', 'Centro Fotografia', 'Museo Conte', 'Palazzo della Ragione', 'AMO']",Santa Anastasia,strategy_nearest,False,0.0013439655303955078,success
04279D429C4C81,1,['Arena'],Casa Giulietta,"['Centro Fotografia', 'Sighseeing', 'Torre Lamberti', 'Museo Conte', 'Museo Radio']",Torre Lamberti,strategy_nearest,True,0.003498077392578125,success
04279F429C4C81,3,"['Arena', 'Torre Lamberti']",Casa Giulietta,"['Centro Fotografia', 'Sighseeing', 'Museo Conte', 'Museo Radio', 'Palazzo della Ragione']",Santa Anastasia,strategy_nearest,False,0.003658294677734375,success
0427A0429C4C80,0,['Duomo'],Arena,"['Verona Tour', 'Museo Lapidario', 'Museo Radio', 'San Fermo', 'Casa Giulietta']",Castelvecchio,strategy_nearest,False,0.0029158592224121094,success
0427A5429C4C80,3,"['Arena', 'Casa Giulietta']",Torre Lamberti,"['Sighseeing', 'Centro Fotografia', 'Museo Conte', 'Palazzo della Ragione', 'AMO']",Santa Anastasia,strategy_nearest,False,0.0011510848999023438,success
0427A14A9C4C80,0,['Arena'],Castelvecchio,"['Museo Lapidario', 'Verona Tour', 'Museo Radio', 'San Zeno', 'Sighseeing']",Torre Lamberti,strategy_nearest,False,0.002640247344970703,success
0427A5429C4C81,2,['Castelvecchio'],Palazzo della Ragione,"['AMO', 'Museo Conte', 'Torre Lamberti', 'Centro Fotografia', 'Sighseeing']",Santa Anastasia,strategy_nearest,False,0.002855062484741211,success
0427A64A9C4C80,0,"['Arena', 'Casa Giulietta']",San Fermo,"['Museo Storia', 'Museo Radio', 'Centro Fotografia', 'Sighseeing', 'Torre Lamberti']",Castelvecchio,strategy_nearest,False,0.0034720897674560547,success
0427A73A9C4C80,0,['Arena'],Museo Lapidario,"['Verona Tour', 'Castelvecchio', 'Museo Radio', 'San Fermo', 'Casa Giulietta']",Castelvecchio,strategy_nearest,True,0.002393007278442383,success
0427A9429C4C81,2,['Teatro Romano'],Duomo,"['AMO', 'Museo Miniscalchi', 'Santa Anastasia', 'Palazzo della Ragione', 'Museo Conte']",Castelvecchio,strategy_nearest,False,0.0017499923706054688,success
0427A84A9C4C81,3,['Torre Lamberti'],Santa Anastasia,"['AMO', 'Museo Conte', 'Palazzo della Ragione', 'Teatro Romano', 'Centro Fotografia']",Arena,strategy_nearest,False,0.0032470226287841797,success
0427A74A9C4C80,1,"['Arena', 'Castelvecchio', 'Teatro Romano']",Casa Giulietta,"['Centro Fotografia', 'Sighseeing', 'Torre Lamberti', 'Museo Conte', 'Museo Radio']",Torre Lamberti,strategy_nearest,True,0.0030226707458496094,success
0427A94A9C4C81,1,"['Palazzo della Ragione', 'Casa Giulietta', 'San Fermo']",Arena,"['Verona Tour', 'Museo Lapidario', 'Museo Radio', 'Sighseeing', 'Castelvecchio']",Giardino Giusti,strategy_nearest,False,0.0031981468200683594,success
0427AE429C4C81,3,"['Arena', 'Torre Lamberti']",Duomo,"['AMO', 'Museo Miniscalchi', 'Santa Anastasia', 'Teatro Romano', 'Palazzo della Ragione']",Teatro Romano,strategy_nearest,True,0.002374887466430664,success
0427AF429C4C80,3,"['Teatro Romano', 'Duomo']",Santa Anastasia,"['AMO', 'Museo Conte', 'Palazzo della Ragione', 'Centro Fotografia', 'Torre Lamberti']",Arena,strategy_nearest,False,0.0023870468139648438,success
0427B13A9C4C81,3,"['Arena', 'Torre Lamberti']",Casa Giulietta,"['Centro Fotografia', 'Sighseeing', 'Museo Conte', 'Museo Radio', 'Palazzo della Ragione']",Teatro Romano,strategy_nearest,False,0.002531766891479492,success
0427B53A9C4C81,3,"['Arena', 'Casa Giulietta']",Torre Lamberti,"['Sighseeing', 'Centro Fotografia', 'Museo Conte', 'Palazzo della Ragione', 'AMO']",Santa Anastasia,strategy_nearest,False,0.0028710365295410156,success
0427B8429C4C80,0,"['Duomo', 'Torre Lamberti']",Casa Giulietta,"['Centro Fotografia', 'Sighseeing', 'Museo Conte', 'Museo Radio', 'Palazzo della Ragione']",Castelvecchio,strategy_nearest,False,0.002769947052001953,success
0427B93A9C4C80,2,"['Palazzo della Ragione', 'Torre Lamberti']",Santa Anastasia,"['AMO', 'Museo Conte', 'Teatro Romano', 'Centro Fotografia', 'Duomo']",Duomo,strategy_nearest,True,0.003412008285522461,success
0427B93A9C4C81,0,['Arena'],Casa Giulietta,"['Centro Fotografia', 'Sighseeing', 'Torre Lamberti', 'Museo Conte', 'Museo Radio']",Santa Anastasia,strategy_nearest,False,0.002858877182006836,success
0427BD3A9C4C81,1,"['Tomba Giulietta', 'Arena']",Casa Giulietta,"['Centro Fotografia', 'Sighseeing', 'Torre Lamberti', 'Museo Conte', 'Museo Radio']",Torre Lamberti,strategy_nearest,True,0.0022459030151367188,success
0427C73A9C4C81,2,"['Casa Giulietta', 'Santa Anastasia']",San Zeno,"['Castelvecchio', 'Verona Tour', 'Museo Lapidario', 'Arena', 'Museo Miniscalchi']",Torre Lamberti,strategy_nearest,False,0.0020339488983154297,success
0427C7429C4C81,3,"['Castelvecchio', 'Museo Lapidario', 'Arena']",Duomo,"['AMO', 'Museo Miniscalchi', 'Santa Anastasia', 'Teatro Romano', 'Palazzo della Ragione']",Santa Anastasia,strategy_nearest,True,0.002733945846557617,success
0427C83A9C4C81,2,['Castelvecchio'],Duomo,"['AMO', 'Museo Miniscalchi', 'Santa Anastasia', 'Teatro Romano', 'Palazzo della Ragione']",San Fermo,strategy_nearest,False,0.0024688243865966797,success
0427C83A9C4C80,3,['Arena'],Casa Giulietta,"['Centro Fotografia', 'Sighseeing', 'Torre Lamberti', 'Museo Conte', 'Museo Radio']",San Fermo,strategy_nearest,False,0.0033881664276123047,success
0427CA3A9C4C80,1,"['Arena', 'San Fermo', 'Museo Storia']",Casa Giulietta,"['Centro Fotografia', 'Sighseeing', 'Torre Lamberti', 'Museo Conte', 'Museo Radio']",Torre Lamberti,strategy_nearest,True,0.002443075180053711,success
0427CA3A9C4C81,0,['Arena'],Casa Giulietta,"['Centro Fotografia', 'Sighseeing', 'Torre Lamberti', 'Museo Conte', 'Museo Radio']",Torre Lamberti,strategy_nearest,True,0.004066944122314453,success
0427D0429C4C81,3,"['Arena', 'Torre Lamberti']",Casa Giulietta,"['Centro Fotografia', 'Sighseeing', 'Museo Conte', 'Museo Radio', 'Palazzo della Ragione']",Santa Anastasia,strategy_nearest,False,0.0020799636840820312,success
0427D33A9C4C81,1,"['Arena', 'Casa Giulietta']",Palazzo della Ragione,"['AMO', 'Museo Conte', 'Torre Lamberti', 'Centro Fotografia', 'Sighseeing']",Santa Anastasia,strategy_nearest,False,0.0033431053161621094,success
0427E3429C4C81,3,"['Arena', 'Torre Lamberti']",Santa Anastasia,"['AMO', 'Museo Conte', 'Palazzo della Ragione', 'Teatro Romano', 'Centro Fotografia']",Teatro Romano,strategy_nearest,True,0.0018570423126220703,success
0427D43A9C4C81,1,"['Santa Anastasia', 'Casa Giulietta', 'Museo Lapidario']",Arena,"['Verona Tour', 'Museo Radio', 'San Fermo', 'Sighseeing', 'Castelvecchio']",Torre Lamberti,strategy_nearest,False,0.004156827926635742,success
0427EE429C4C80,3,"['Arena', 'Castelvecchio']",Casa Giulietta,"['Centro Fotografia', 'Sighseeing', 'Torre Lamberti', 'Museo Conte', 'Museo Radio']",Santa Anastasia,strategy_nearest,False,0.0032541751861572266,success
0427E93A9C4C80,0,['Arena'],Torre Lamberti,"['Sighseeing', 'Centro Fotografia', 'Museo Conte', 'Casa Giulietta', 'Palazzo della Ragione']",Teatro Romano,strategy_nearest,False,0.0021958351135253906,success
0428553A9C4C80,1,"['Arena', 'Casa Giulietta']",Palazzo della Ragione,"['AMO', 'Museo Conte', 'Torre Lamberti', 'Centro Fotografia', 'Sighseeing']",Torre Lamberti,strategy_nearest,True,0.0015537738800048828,success
0427F73A9C4C80,0,"['Casa Giulietta', 'Teatro Romano']",Arena,"['Verona Tour', 'Museo Lapidario', 'Museo Radio', 'San Fermo', 'Sighseeing']",Torre Lamberti,strategy_nearest,False,0.0033740997314453125,success
042855429C4C80,0,"['Castelvecchio', 'Casa Giulietta']",Duomo,"['AMO', 'Museo Miniscalchi', 'Santa Anastasia', 'Teatro Romano', 'Palazzo della Ragione']",Arena,strategy_nearest,False,0.0027170181274414062,success
042862429C4C80,0,"['Arena', 'San Fermo']",Casa Giulietta,"['Centro Fotografia', 'Sighseeing', 'Torre Lamberti', 'Museo Conte', 'Museo Radio']",Torre Lamberti,strategy_nearest,True,0.0032188892364501953,success
042869429C4C80,0,"['Casa Giulietta', 'Torre Lamberti']",Duomo,"['AMO', 'Museo Miniscalchi', 'Santa Anastasia', 'Teatro Romano', 'Palazzo della Ragione']",Arena,strategy_nearest,False,0.0026311874389648438,success
042883429C4C81,1,"['Casa Giulietta', 'Palazzo della Ragione']",Castelvecchio,"['Museo Lapidario', 'Verona Tour', 'Arena', 'Museo Radio', 'San Zeno']",Arena,strategy_nearest,True,0.0012898445129394531,success
04286C429C4C80,2,['Castelvecchio'],Tomba Giulietta,"['San Fermo', 'Museo Storia', 'Arena', 'Museo Lapidario', 'Museo Radio']",Teatro Romano,strategy_nearest,False,0.0027070045471191406,success
0428844A9C4C81,0,"['Arena', 'Casa Giulietta']",Teatro Romano,"['Santa Anastasia', 'Duomo', 'AMO', 'Palazzo della Ragione', 'Museo Conte']",Torre Lamberti,strategy_nearest,False,0.0033903121948242188,success
042888429C4C80,1,"['Casa Giulietta', 'Torre Lamberti']",Palazzo della Ragione,"['AMO', 'Museo Conte', 'Centro Fotografia', 'Sighseeing', 'Santa Anastasia']",Arena,strategy_nearest,False,0.003407716751098633,success
0428863A9C4C80,3,"['Arena', 'Museo Lapidario', 'San Zeno', 'Castelvecchio']",Casa Giulietta,"['Centro Fotografia', 'Sighseeing', 'Torre Lamberti', 'Museo Conte', 'Museo Radio']",San Fermo,strategy_nearest,False,0.0028312206268310547,success
04288C4A9C4C80,3,"['Arena', 'Museo Lapidario']",Casa Giulietta,"['Centro Fotografia', 'Sighseeing', 'Torre Lamberti', 'Museo Conte', 'Museo Radio']",Torre Lamberti,strategy_nearest,True,0.0013649463653564453,success
04288D4A9C4C80,3,"['Castelvecchio', 'Santa Anastasia', 'Duomo']",Torre Lamberti,"['Sighseeing', 'Centro Fotografia', 'Museo Conte', 'Casa Giulietta', 'Palazzo della Ragione']",Casa Giulietta,strategy_nearest,True,0.0033168792724609375,success
042892429C4C80,3,"['Arena', 'Teatro Romano', 'Duomo']",Santa Anastasia,"['AMO', 'Museo Conte', 'Palazzo della Ragione', 'Centro Fotografia', 'Torre Lamberti']",Torre Lamberti,strategy_nearest,True,0.0025839805603027344,success
0428924A9C4C80,1,"['Arena', 'Castelvecchio', 'San Zeno', 'Casa Giulietta']",Torre Lamberti,"['Sighseeing', 'Centro Fotografia', 'Museo Conte', 'Palazzo della Ragione', 'AMO']",Palazzo della Ragione,strategy_nearest,True,0.001940011978149414,success
042899429C4C80,2,['Torre Lamberti'],Santa Anastasia,"['AMO', 'Museo Conte', 'Palazzo della Ragione', 'Teatro Romano', 'Centro Fotografia']",San Zeno,strategy_nearest,False,0.002415895462036133,success
04289C429C4C80,0,['Castelvecchio'],Arena,"['Verona Tour', 'Museo Lapidario', 'Museo Radio', 'San Fermo', 'Casa Giulietta']",Casa Giulietta,strategy_nearest,True,0.0017347335815429688,success
042893429C4C80,0,['Arena'],Casa Giulietta,"['Centro Fotografia', 'Sighseeing', 'Torre Lamberti', 'Museo Conte', 'Museo Radio']",Santa Anastasia,strategy_nearest,False,0.0027053356170654297,success
0428A34A9C4C80,3,"['Arena', 'San Fermo', 'Casa Giulietta']",Torre Lamberti,"['Sighseeing', 'Centro Fotografia', 'Museo Conte', 'Palazzo della Ragione', 'AMO']",Santa Anastasia,strategy_nearest,False,0.001928091049194336,success
04289D429C4C80,1,"['Castelvecchio', 'Arena']",Casa Giulietta,"['Centro Fotografia', 'Sighseeing', 'Torre Lamberti', 'Museo Conte', 'Museo Radio']",Palazzo della Ragione,strategy_nearest,False,0.003286123275756836,success
0428A5429C4C80,3,"['Castelvecchio', 'San Zeno']",Casa Giulietta,"['Centro Fotografia', 'Sighseeing', 'Torre Lamberti', 'Museo Conte', 'Museo Radio']",Santa Anastasia,strategy_nearest,False,0.0031540393829345703,success
0428A0429C4C80,0,['Arena'],Casa Giulietta,"['Centro Fotografia', 'Sighseeing', 'Torre Lamberti', 'Museo Conte', 'Museo Radio']",Torre Lamberti,strategy_nearest,True,0.002736806869506836,success
0428A63A9C4C81,3,"['Casa Giulietta', 'Torre Lamberti']",Santa Anastasia,"['AMO', 'Museo Conte', 'Palazzo della Ragione', 'Teatro Romano', 'Centro Fotografia']",Teatro Romano,strategy_nearest,True,0.0023491382598876953,success
0428A73A9C4C81,2,['Torre Lamberti'],Santa Anastasia,"['AMO', 'Museo Conte', 'Palazzo della Ragione', 'Teatro Romano', 'Centro Fotografia']",Casa Giulietta,strategy_nearest,False,0.0029261112213134766,success
0428B03A9C4C80,1,"['Arena', 'Castelvecchio']",Casa Giulietta,"['Centro Fotografia', 'Sighseeing', 'Torre Lamberti', 'Museo Conte', 'Museo Radio']",Torre Lamberti,strategy_nearest,True,0.002012968063354492,success
0428B23A9C4C80,0,['Arena'],Casa Giulietta,"['Centro Fotografia', 'Sighseeing', 'Torre Lamberti', 'Museo Conte', 'Museo Radio']",Castelvecchio,strategy_nearest,False,0.0030689239501953125,success
0428AB429C4C80,2,"['Casa Giulietta', 'San Fermo']",Torre Lamberti,"['Sighseeing', 'Centro Fotografia', 'Museo Conte', 'Palazzo della Ragione', 'AMO']",Santa Anastasia,strategy_nearest,False,0.0033919811248779297,success
0428BD429C4C80,1,"['Tomba Giulietta', 'Arena', 'Torre Lamberti']",Palazzo della Ragione,"['AMO', 'Museo Conte', 'Centro Fotografia', 'Sighseeing', 'Santa Anastasia']",Casa Giulietta,strategy_nearest,False,0.0014319419860839844,success
0428BB429C4C80,3,"['Castelvecchio', 'Arena']",Casa Giulietta,"['Centro Fotografia', 'Sighseeing', 'Torre Lamberti', 'Museo Conte', 'Museo Radio']",Torre Lamberti,strategy_nearest,True,0.002107858657836914,success
0428B6429C4C80,0,"['Castelvecchio', 'Torre Lamberti']",Casa Giulietta,"['Centro Fotografia', 'Sighseeing', 'Museo Conte', 'Museo Radio', 'Palazzo della Ragione']",Arena,strategy_nearest,False,0.003634929656982422,success
0428C63A9C4C80,3,"['Arena', 'Torre Lamberti']",Santa Anastasia,"['AMO', 'Museo Conte', 'Palazzo della Ragione', 'Teatro Romano', 'Centro Fotografia']",Casa Giulietta,strategy_nearest,False,0.0027048587799072266,success
0428C9429C4C80,3,"['Arena', 'Torre Lamberti']",Santa Anastasia,"['AMO', 'Museo Conte', 'Palazzo della Ragione', 'Teatro Romano', 'Centro Fotografia']",Duomo,strategy_nearest,False,0.0032100677490234375,success
0428D33A9C4C80,1,"['Tomba Giulietta', 'San Zeno']",Teatro Romano,"['Santa Anastasia', 'Duomo', 'AMO', 'Palazzo della Ragione', 'Museo Conte']",Palazzo della Ragione,strategy_nearest,True,0.002660036087036133,success
0428D13A9C4C80,3,['Torre Lamberti'],Arena,"['Verona Tour', 'Museo Lapidario', 'Museo Radio', 'San Fermo', 'Casa Giulietta']",Santa Anastasia,strategy_nearest,False,0.0017409324645996094,success
0428D43A9C4C80,2,['Torre Lamberti'],Duomo,"['AMO', 'Museo Miniscalchi', 'Santa Anastasia', 'Teatro Romano', 'Palazzo della Ragione']",Casa Giulietta,strategy_nearest,False,0.0033109188079833984,success
0428E93A9C4C80,1,['Arena'],Casa Giulietta,"['Centro Fotografia', 'Sighseeing', 'Torre Lamberti', 'Museo Conte', 'Museo Radio']",Palazzo della Ragione,strategy_nearest,False,0.0023720264434814453,success
0428F33A9C4C80,0,['Arena'],Casa Giulietta,"['Centro Fotografia', 'Sighseeing', 'Torre Lamberti', 'Museo Conte', 'Museo Radio']",San Zeno,strategy_nearest,False,0.002747058868408203,success
042955429C4C80,0,"['Castelvecchio', 'Casa Giulietta']",Duomo,"['AMO', 'Museo Miniscalchi', 'Santa Anastasia', 'Teatro Romano', 'Palazzo della Ragione']",Arena,strategy_nearest,False,0.002682924270629883,success
042959429C4C80,1,"['Arena', 'Museo Lapidario', 'Casa Giulietta']",Palazzo della Ragione,"['AMO', 'Museo Conte', 'Torre Lamberti', 'Centro Fotografia', 'Sighseeing']",Duomo,strategy_nearest,False,0.0032477378845214844,success
0429643A9C4C80,1,"['Castelvecchio', 'Torre Lamberti', 'Palazzo della Ragione', 'Casa Giulietta']",Arena,"['Verona Tour', 'Museo Lapidario', 'Museo Radio', 'San Fermo', 'Sighseeing']",Museo Lapidario,strategy_nearest,True,0.002574920654296875,success
04295F429C4C80,2,['Duomo'],Castelvecchio,"['Museo Lapidario', 'Verona Tour', 'Arena', 'Museo Radio', 'San Zeno']",San Zeno,strategy_nearest,True,0.0026350021362304688,success
042966429C4C80,0,['Arena'],Castelvecchio,"['Museo Lapidario', 'Verona Tour', 'Museo Radio', 'San Zeno', 'Sighseeing']",Torre Lamberti,strategy_nearest,False,0.0032439231872558594,success
042966429C4C81,0,['Arena'],Casa Giulietta,"['Centro Fotografia', 'Sighseeing', 'Torre Lamberti', 'Museo Conte', 'Museo Radio']",Torre Lamberti,strategy_nearest,True,0.002991914749145508,success
042969429C4C80,2,"['Casa Giulietta', 'San Fermo']",Torre Lamberti,"['Sighseeing', 'Centro Fotografia', 'Museo Conte', 'Palazzo della Ragione', 'AMO']",Santa Anastasia,strategy_nearest,False,0.0031762123107910156,success
04296B429C4C80,2,"['Torre Lamberti', 'Santa Anastasia']",Duomo,"['AMO', 'Museo Miniscalchi', 'Teatro Romano', 'Palazzo della Ragione', 'Museo Conte']",Casa Giulietta,strategy_nearest,False,0.002402067184448242,success
0429753A9C4C81,0,['Arena'],Casa Giulietta,"['Centro Fotografia', 'Sighseeing', 'Torre Lamberti', 'Museo Conte', 'Museo Radio']",San Zeno,strategy_nearest,False,0.0026450157165527344,success
042971429C4C81,2,['Torre Lamberti'],Palazzo della Ragione,"['AMO', 'Museo Conte', 'Centro Fotografia', 'Sighseeing', 'Santa Anastasia']",Casa Giulietta,strategy_nearest,False,0.003287792205810547,success
042973429C4C81,3,['Arena'],Torre Lamberti,"['Sighseeing', 'Centro Fotografia', 'Museo Conte', 'Casa Giulietta', 'Palazzo della Ragione']",Santa Anastasia,strategy_nearest,False,0.0033142566680908203,success
042970429C4C80,0,['Arena'],Torre Lamberti,"['Sighseeing', 'Centro Fotografia', 'Museo Conte', 'Casa Giulietta', 'Palazzo della Ragione']",Castelvecchio,strategy_nearest,False,0.002624034881591797,success
0429863A9C4C80,0,['Arena'],Casa Giulietta,"['Centro Fotografia', 'Sighseeing', 'Torre Lamberti', 'Museo Conte', 'Museo Radio']",Santa Anastasia,strategy_nearest,False,0.003165721893310547,success
04297A4A9C4C81,0,"['Arena', 'Museo Lapidario']",Castelvecchio,"['Verona Tour', 'Museo Radio', 'San Zeno', 'Sighseeing', 'Museo Miniscalchi']",Teatro Romano,strategy_nearest,False,0.0027780532836914062,success
04297B4A9C4C81,1,"['Arena', 'Castelvecchio', 'Torre Lamberti']",Casa Giulietta,"['Centro Fotografia', 'Sighseeing', 'Museo Conte', 'Museo Radio', 'Palazzo della Ragione']",Tomba Giulietta,strategy_nearest,False,0.0021660327911376953,success
042977429C4C80,0,['Arena'],Museo Lapidario,"['Verona Tour', 'Castelvecchio', 'Museo Radio', 'San Fermo', 'Casa Giulietta']",Santa Anastasia,strategy_nearest,False,0.0022416114807128906,success
04298A4A9C4C81,0,"['Castelvecchio', 'Arena']",Casa Giulietta,"['Centro Fotografia', 'Sighseeing', 'Torre Lamberti', 'Museo Conte', 'Museo Radio']",Torre Lamberti,strategy_nearest,True,0.0025370121002197266,success
0429874A9C4C81,0,['Arena'],Casa Giulietta,"['Centro Fotografia', 'Sighseeing', 'Torre Lamberti', 'Museo Conte', 'Museo Radio']",Torre Lamberti,strategy_nearest,True,0.001435995101928711,success
04298C4A9C4C80,0,['Arena'],Casa Giulietta,"['Centro Fotografia', 'Sighseeing', 'Torre Lamberti', 'Museo Conte', 'Museo Radio']",San Fermo,strategy_nearest,False,0.001863241195678711,success
0429884A9C4C81,0,['Arena'],Castelvecchio,"['Museo Lapidario', 'Verona Tour', 'Museo Radio', 'San Zeno', 'Sighseeing']",Torre Lamberti,strategy_nearest,False,0.003573894500732422,success
0429904A9C4C81,1,['Arena'],Casa Giulietta,"['Centro Fotografia', 'Sighseeing', 'Torre Lamberti', 'Museo Conte', 'Museo Radio']",Palazzo della Ragione,strategy_nearest,False,0.003473043441772461,success
04298D4A9C4C80,3,['Arena'],Casa Giulietta,"['Centro Fotografia', 'Sighseeing', 'Torre Lamberti', 'Museo Conte', 'Museo Radio']",Torre Lamberti,strategy_nearest,True,0.003247976303100586,success
0429914A9C4C81,0,['Arena'],San Zeno,"['Castelvecchio', 'Verona Tour', 'Museo Lapidario', 'Museo Miniscalchi', 'Sighseeing']",Casa Giulietta,strategy_nearest,False,0.00238800048828125,success
04298F4A9C4C81,0,['Arena'],Casa Giulietta,"['Centro Fotografia', 'Sighseeing', 'Torre Lamberti', 'Museo Conte', 'Museo Radio']",Castelvecchio,strategy_nearest,False,0.0019931793212890625,success
0429934A9C4C81,0,['Arena'],Castelvecchio,"['Museo Lapidario', 'Verona Tour', 'Museo Radio', 'San Zeno', 'Sighseeing']",San Zeno,strategy_nearest,True,0.001332998275756836,success
042992429C4C80,3,"['Arena', 'San Fermo']",Santa Anastasia,"['AMO', 'Museo Conte', 'Palazzo della Ragione', 'Teatro Romano', 'Centro Fotografia']",Duomo,strategy_nearest,False,0.0021331310272216797,success
042993429C4C80,0,['Arena'],Torre Lamberti,"['Sighseeing', 'Centro Fotografia', 'Museo Conte', 'Casa Giulietta', 'Palazzo della Ragione']",Casa Giulietta,strategy_nearest,True,0.002725839614868164,success
0429944A9C4C81,3,['Arena'],Castelvecchio,"['Museo Lapidario', 'Verona Tour', 'Museo Radio', 'San Zeno', 'Sighseeing']",Duomo,strategy_nearest,False,0.0033211708068847656,success
042996429C4C80,0,['Arena'],Casa Giulietta,"['Centro Fotografia', 'Sighseeing', 'Torre Lamberti', 'Museo Conte', 'Museo Radio']",Castelvecchio,strategy_nearest,False,0.00185394287109375,success
0429984A9C4C81,0,['Arena'],Casa Giulietta,"['Centro Fotografia', 'Sighseeing', 'Torre Lamberti', 'Museo Conte', 'Museo Radio']",Castelvecchio,strategy_nearest,False,0.002756834030151367,success
042998429C4C80,0,['Castelvecchio'],Santa Anastasia,"['AMO', 'Museo Conte', 'Palazzo della Ragione', 'Teatro Romano', 'Centro Fotografia']",Casa Giulietta,strategy_nearest,False,0.0021970272064208984,success
042999429C4C80,1,"['Arena', 'Teatro Romano']",Duomo,"['AMO', 'Museo Miniscalchi', 'Santa Anastasia', 'Palazzo della Ragione', 'Museo Conte']",Casa Giulietta,strategy_nearest,False,0.0032508373260498047,success
04299A429C4C81,0,['Casa Giulietta'],Duomo,"['AMO', 'Museo Miniscalchi', 'Santa Anastasia', 'Teatro Romano', 'Palazzo della Ragione']",Arena,strategy_nearest,False,0.0021431446075439453,success
04299B429C4C81,0,['Castelvecchio'],Arena,"['Verona Tour', 'Museo Lapidario', 'Museo Radio', 'San Fermo', 'Casa Giulietta']",Casa Giulietta,strategy_nearest,True,0.002663850784301758,success
04299C429C4C80,0,"['Castelvecchio', 'Arena']",Casa Giulietta,"['Centro Fotografia', 'Sighseeing', 'Torre Lamberti', 'Museo Conte', 'Museo Radio']",San Fermo,strategy_nearest,False,0.0031430721282958984,success
04299A429C4C80,0,['Arena'],Casa Giulietta,"['Centro Fotografia', 'Sighseeing', 'Torre Lamberti', 'Museo Conte', 'Museo Radio']",Castelvecchio,strategy_nearest,False,0.0028159618377685547,success
04299C429C4C81,3,"['Arena', 'Casa Giulietta']",Torre Lamberti,"['Sighseeing', 'Centro Fotografia', 'Museo Conte', 'Palazzo della Ragione', 'AMO']",Teatro Romano,strategy_nearest,False,0.0012760162353515625,success
04299D429C4C81,1,['Arena'],Casa Giulietta,"['Centro Fotografia', 'Sighseeing', 'Torre Lamberti', 'Museo Conte', 'Museo Radio']",Torre Lamberti,strategy_nearest,True,0.002185344696044922,success
0429A73A9C4C80,0,['Arena'],Casa Giulietta,"['Centro Fotografia', 'Sighseeing', 'Torre Lamberti', 'Museo Conte', 'Museo Radio']",Duomo,strategy_nearest,False,0.003298044204711914,success
0429A4429C4C81,2,"['Castelvecchio', 'Giardino Giusti', 'Casa Giulietta']",San Fermo,"['Museo Storia', 'Museo Radio', 'Centro Fotografia', 'Arena', 'Sighseeing']",Torre Lamberti,strategy_nearest,False,0.002702951431274414,success
0429A93A9C4C81,3,"['Arena', 'Torre Lamberti']",Santa Anastasia,"['AMO', 'Museo Conte', 'Palazzo della Ragione', 'Teatro Romano', 'Centro Fotografia']",Teatro Romano,strategy_nearest,True,0.002089977264404297,success
0429AB3A9C4C81,3,"['Arena', 'Santa Anastasia']",Duomo,"['AMO', 'Museo Miniscalchi', 'Teatro Romano', 'Palazzo della Ragione', 'Museo Conte']",Casa Giulietta,strategy_nearest,False,0.0031507015228271484,success
0429A74A9C4C80,2,"['Museo Lapidario', 'Castelvecchio']",Santa Anastasia,"['AMO', 'Museo Conte', 'Palazzo della Ragione', 'Teatro Romano', 'Centro Fotografia']",Casa Giulietta,strategy_nearest,False,0.002727985382080078,success
0429A84A9C4C80,0,['Duomo'],Torre Lamberti,"['Sighseeing', 'Centro Fotografia', 'Museo Conte', 'Casa Giulietta', 'Palazzo della Ragione']",Casa Giulietta,strategy_nearest,True,0.0033800601959228516,success
0429B0429C4C81,1,"['Arena', 'Torre Lamberti']",Palazzo della Ragione,"['AMO', 'Museo Conte', 'Centro Fotografia', 'Sighseeing', 'Santa Anastasia']",Casa Giulietta,strategy_nearest,False,0.0014510154724121094,success
0429AB429C4C80,3,"['Casa Giulietta', 'Santa Anastasia']",Teatro Romano,"['Duomo', 'AMO', 'Palazzo della Ragione', 'Museo Conte', 'Centro Fotografia']",Arena,strategy_nearest,False,0.0033111572265625,success
0429B6429C4C80,2,['Castelvecchio'],Casa Giulietta,"['Centro Fotografia', 'Sighseeing', 'Torre Lamberti', 'Museo Conte', 'Museo Radio']",Torre Lamberti,strategy_nearest,True,0.002962827682495117,success
0429B0429C4C80,0,['Arena'],Teatro Romano,"['Santa Anastasia', 'Duomo', 'AMO', 'Palazzo della Ragione', 'Museo Conte']",Casa Giulietta,strategy_nearest,False,0.003865957260131836,success
0429B8429C4C81,3,"['Arena', 'Torre Lamberti']",Santa Anastasia,"['AMO', 'Museo Conte', 'Palazzo della Ragione', 'Teatro Romano', 'Centro Fotografia']",Duomo,strategy_nearest,False,0.0031740665435791016,success
0429B7429C4C81,2,['Teatro Romano'],Palazzo della Ragione,"['AMO', 'Museo Conte', 'Torre Lamberti', 'Centro Fotografia', 'Sighseeing']",Castelvecchio,strategy_nearest,False,0.0021390914916992188,success
0429B7429C4C80,0,['Arena'],Torre Lamberti,"['Sighseeing', 'Centro Fotografia', 'Museo Conte', 'Casa Giulietta', 'Palazzo della Ragione']",Teatro Romano,strategy_nearest,False,0.003013134002685547,success
0429B8429C4C80,3,"['Arena', 'Torre Lamberti']",Santa Anastasia,"['AMO', 'Museo Conte', 'Palazzo della Ragione', 'Teatro Romano', 'Centro Fotografia']",Teatro Romano,strategy_nearest,True,0.0028760433197021484,success
0429BB429C4C80,0,['Duomo'],Castelvecchio,"['Museo Lapidario', 'Verona Tour', 'Arena', 'Museo Radio', 'San Zeno']",Arena,strategy_nearest,True,0.0033588409423828125,success
0429B9429C4C80,3,"['Arena', 'Torre Lamberti']",Santa Anastasia,"['AMO', 'Museo Conte', 'Palazzo della Ragione', 'Teatro Romano', 'Centro Fotografia']",Teatro Romano,strategy_nearest,True,0.0028121471405029297,success
0429BD3A9C4C81,0,['Tomba Giulietta'],Arena,"['Verona Tour', 'Museo Lapidario', 'Museo Radio', 'San Fermo', 'Casa Giulietta']",Casa Giulietta,strategy_nearest,True,0.0014171600341796875,success
0429BA429C4C81,3,"['Arena', 'Casa Giulietta']",Santa Anastasia,"['AMO', 'Museo Conte', 'Palazzo della Ragione', 'Teatro Romano', 'Centro Fotografia']",Duomo,strategy_nearest,False,0.002192974090576172,success
0429C3429C4C81,2,"['Casa Giulietta', 'Teatro Romano']",Castelvecchio,"['Museo Lapidario', 'Verona Tour', 'Arena', 'Museo Radio', 'San Zeno']",Torre Lamberti,strategy_nearest,False,0.0021669864654541016,success
0429C2429C4C81,0,"['Arena', 'Tomba Giulietta']",Casa Giulietta,"['Centro Fotografia', 'Sighseeing', 'Torre Lamberti', 'Museo Conte', 'Museo Radio']",San Fermo,strategy_nearest,False,0.002786874771118164,success
0429C1429C4C81,0,['Arena'],Museo Lapidario,"['Verona Tour', 'Castelvecchio', 'Museo Radio', 'San Fermo', 'Casa Giulietta']",Casa Giulietta,strategy_nearest,True,0.0014882087707519531,success
0429C5429C4C80,0,['Arena'],Castelvecchio,"['Museo Lapidario', 'Verona Tour', 'Museo Radio', 'San Zeno', 'Sighseeing']",Casa Giulietta,strategy_nearest,False,0.003309011459350586,success
0429D13A9C4C81,1,"['Arena', 'Casa Giulietta']",Palazzo della Ragione,"['AMO', 'Museo Conte', 'Torre Lamberti', 'Centro Fotografia', 'Sighseeing']",Torre Lamberti,strategy_nearest,True,0.0026869773864746094,success
0429C6429C4C81,1,"['Arena', 'Torre Lamberti']",Palazzo della Ragione,"['AMO', 'Museo Conte', 'Centro Fotografia', 'Sighseeing', 'Santa Anastasia']",Santa Anastasia,strategy_nearest,True,0.0028939247131347656,success
0429C9429C4C81,2,['Tomba Giulietta'],Casa Giulietta,"['Centro Fotografia', 'Sighseeing', 'Torre Lamberti', 'Museo Conte', 'Museo Radio']",Castelvecchio,strategy_nearest,False,0.002167940139770508,success
0429CE3A9C4C80,2,['Castelvecchio'],Torre Lamberti,"['Sighseeing', 'Centro Fotografia', 'Museo Conte', 'Casa Giulietta', 'Palazzo della Ragione']",Duomo,strategy_nearest,False,0.0035228729248046875,success
0429DB429C4C81,4,"['Castelvecchio', 'Arena', 'Santa Anastasia']",Duomo,"['AMO', 'Museo Miniscalchi', 'Teatro Romano', 'Palazzo della Ragione', 'Museo Conte']",Teatro Romano,strategy_nearest,True,0.002541065216064453,success
0429D53A9C4C80,0,['Arena'],Castelvecchio,"['Museo Lapidario', 'Verona Tour', 'Museo Radio', 'San Zeno', 'Sighseeing']",Santa Anastasia,strategy_nearest,False,0.0019218921661376953,success
0429DA429C4C80,3,"['Arena', 'Duomo', 'Santa Anastasia']",Casa Giulietta,"['Centro Fotografia', 'Sighseeing', 'Torre Lamberti', 'Museo Conte', 'Museo Radio']",Casa Giulietta,strategy_nearest,False,0.0028429031372070312,success
0429E2429C4C80,1,"['Arena', 'Museo Lapidario', 'Casa Giulietta']",Teatro Romano,"['Santa Anastasia', 'Duomo', 'AMO', 'Palazzo della Ragione', 'Museo Conte']",Duomo,strategy_nearest,True,0.0023407936096191406,success
042A6A429C4C80,2,"['San Zeno', 'Castelvecchio', 'Casa Giulietta']",Torre Lamberti,"['Sighseeing', 'Centro Fotografia', 'Museo Conte', 'Palazzo della Ragione', 'AMO']",Palazzo della Ragione,strategy_nearest,True,0.0014600753784179688,success
042A6C429C4C81,0,['Castelvecchio'],Casa Giulietta,"['Centro Fotografia', 'Sighseeing', 'Torre Lamberti', 'Museo Conte', 'Museo Radio']",Arena,strategy_nearest,False,0.002686023712158203,success
042A61429C4C81,2,"['Torre Lamberti', 'Casa Giulietta']",Santa Anastasia,"['AMO', 'Museo Conte', 'Palazzo della Ragione', 'Teatro Romano', 'Centro Fotografia']",Duomo,strategy_nearest,False,0.004246950149536133,success
042A62429C4C80,0,['Arena'],San Fermo,"['Museo Storia', 'Museo Radio', 'Casa Giulietta', 'Centro Fotografia', 'Sighseeing']",Casa Giulietta,strategy_nearest,True,0.002888917922973633,success
042A71BA7B3F80,2,"['Casa Giulietta', 'Torre Lamberti']",Duomo,"['AMO', 'Museo Miniscalchi', 'Santa Anastasia', 'Teatro Romano', 'Palazzo della Ragione']",Castelvecchio,strategy_nearest,False,0.002825021743774414,success
042A78BA7B3F80,1,"['Arena', 'Casa Giulietta', 'Torre Lamberti', 'Palazzo della Ragione']",Santa Anastasia,"['AMO', 'Museo Conte', 'Teatro Romano', 'Centro Fotografia', 'Duomo']",Tomba Giulietta,strategy_nearest,False,0.0027680397033691406,success
042A793A9C4C80,0,['Tomba Giulietta'],Arena,"['Verona Tour', 'Museo Lapidario', 'Museo Radio', 'San Fermo', 'Casa Giulietta']",Torre Lamberti,strategy_nearest,False,0.0033757686614990234,success
042A75429C4C80,0,['Torre Lamberti'],Casa Giulietta,"['Centro Fotografia', 'Sighseeing', 'Museo Conte', 'Museo Radio', 'Palazzo della Ragione']",Arena,strategy_nearest,False,0.0018541812896728516,success
042A804A9C4C81,3,"['Arena', 'Museo Lapidario', 'Castelvecchio']",Casa Giulietta,"['Centro Fotografia', 'Sighseeing', 'Torre Lamberti', 'Museo Conte', 'Museo Radio']",Giardino Giusti,strategy_nearest,False,0.0026700496673583984,success
042A80429C4C80,0,['Arena'],Casa Giulietta,"['Centro Fotografia', 'Sighseeing', 'Torre Lamberti', 'Museo Conte', 'Museo Radio']",Teatro Romano,strategy_nearest,False,0.0033919811248779297,success
042A7EBA7B3F80,2,"['Casa Giulietta', 'Torre Lamberti']",Santa Anastasia,"['AMO', 'Museo Conte', 'Palazzo della Ragione', 'Teatro Romano', 'Centro Fotografia']",Duomo,strategy_nearest,False,0.002279996871948242,success
042A7F3A9C4C80,3,['Arena'],Torre Lamberti,"['Sighseeing', 'Centro Fotografia', 'Museo Conte', 'Casa Giulietta', 'Palazzo della Ragione']",Casa Giulietta,strategy_nearest,True,0.0022101402282714844,success
042A82429C4C80,1,"['Arena', 'Museo Lapidario', 'Castelvecchio']",Duomo,"['AMO', 'Museo Miniscalchi', 'Santa Anastasia', 'Teatro Romano', 'Palazzo della Ragione']",Santa Anastasia,strategy_nearest,True,0.002202272415161133,success
042A83429C4C81,1,"['Arena', 'Casa Giulietta']",Torre Lamberti,"['Sighseeing', 'Centro Fotografia', 'Museo Conte', 'Palazzo della Ragione', 'AMO']",Palazzo della Ragione,strategy_nearest,True,0.0021812915802001953,success
042A83BA7B3F80,2,"['Casa Giulietta', 'Torre Lamberti']",Santa Anastasia,"['AMO', 'Museo Conte', 'Palazzo della Ragione', 'Teatro Romano', 'Centro Fotografia']",Duomo,strategy_nearest,False,0.002790212631225586,success
042A863A9C4C81,2,"['San Zeno', 'Castelvecchio', 'Torre Lamberti']",Palazzo della Ragione,"['AMO', 'Museo Conte', 'Centro Fotografia', 'Sighseeing', 'Santa Anastasia']",Duomo,strategy_nearest,False,0.003353118896484375,success
042A874A9C4C81,3,"['Arena', 'Casa Giulietta']",Santa Anastasia,"['AMO', 'Museo Conte', 'Palazzo della Ragione', 'Teatro Romano', 'Centro Fotografia']",Duomo,strategy_nearest,False,0.0017769336700439453,success
042A91429C4C81,0,['Arena'],Castelvecchio,"['Museo Lapidario', 'Verona Tour', 'Museo Radio', 'San Zeno', 'Sighseeing']",Duomo,strategy_nearest,False,0.002135753631591797,success
042A8C4A9C4C81,3,"['Arena', 'Casa Giulietta', 'Santa Anastasia']",Duomo,"['AMO', 'Museo Miniscalchi', 'Teatro Romano', 'Palazzo della Ragione', 'Museo Conte']",Torre Lamberti,strategy_nearest,False,0.0034139156341552734,success
042A8C3A9C4C81,3,"['Arena', 'Casa Giulietta']",Santa Anastasia,"['AMO', 'Museo Conte', 'Palazzo della Ragione', 'Teatro Romano', 'Centro Fotografia']",Teatro Romano,strategy_nearest,True,0.002836942672729492,success
042A94429C4C81,0,['Arena'],Casa Giulietta,"['Centro Fotografia', 'Sighseeing', 'Torre Lamberti', 'Museo Conte', 'Museo Radio']",Duomo,strategy_nearest,False,0.0026171207427978516,success
042A94429C4C80,0,['Castelvecchio'],Santa Anastasia,"['AMO', 'Museo Conte', 'Palazzo della Ragione', 'Teatro Romano', 'Centro Fotografia']",Arena,strategy_nearest,False,0.002110004425048828,success
042A92429C4C81,1,"['Arena', 'Casa Giulietta']",Palazzo della Ragione,"['AMO', 'Museo Conte', 'Torre Lamberti', 'Centro Fotografia', 'Sighseeing']",Torre Lamberti,strategy_nearest,True,0.002811908721923828,success
042A934A9C4C80,0,['Arena'],Casa Giulietta,"['Centro Fotografia', 'Sighseeing', 'Torre Lamberti', 'Museo Conte', 'Museo Radio']",Torre Lamberti,strategy_nearest,True,0.00345611572265625,success
042A95429C4C80,3,"['Arena', 'Casa Giulietta']",Santa Anastasia,"['AMO', 'Museo Conte', 'Palazzo della Ragione', 'Teatro Romano', 'Centro Fotografia']",Duomo,strategy_nearest,False,0.002035856246948242,success
042A96429C4C80,3,"['San Zeno', 'Castelvecchio', 'Arena', 'Casa Giulietta']",San Fermo,"['Museo Storia', 'Museo Radio', 'Centro Fotografia', 'Sighseeing', 'Torre Lamberti']",Torre Lamberti,strategy_nearest,True,0.0028238296508789062,success
042A9C429C4C81,3,"['Arena', 'Tomba Giulietta', 'San Fermo']",Santa Anastasia,"['AMO', 'Museo Conte', 'Palazzo della Ragione', 'Teatro Romano', 'Centro Fotografia']",Duomo,strategy_nearest,False,0.0030291080474853516,success
042A9D429C4C81,2,"['Torre Lamberti', 'Casa Giulietta']",Santa Anastasia,"['AMO', 'Museo Conte', 'Palazzo della Ragione', 'Teatro Romano', 'Centro Fotografia']",Duomo,strategy_nearest,False,0.0015292167663574219,success
042A96429C4C81,0,['Arena'],Casa Giulietta,"['Centro Fotografia', 'Sighseeing', 'Torre Lamberti', 'Museo Conte', 'Museo Radio']",Castelvecchio,strategy_nearest,False,0.002131938934326172,success
042A9E429C4C80,0,['Arena'],Castelvecchio,"['Museo Lapidario', 'Verona Tour', 'Museo Radio', 'San Zeno', 'Sighseeing']",Tomba Giulietta,strategy_nearest,False,0.0024149417877197266,success
042A9E429C4C81,1,"['Tomba Giulietta', 'Arena', 'Casa Giulietta']",Santa Anastasia,"['AMO', 'Museo Conte', 'Palazzo della Ragione', 'Teatro Romano', 'Centro Fotografia']",Torre Lamberti,strategy_nearest,False,0.0017859935760498047,success
042AA2429C4C81,1,"['Arena', 'Torre Lamberti']",Palazzo della Ragione,"['AMO', 'Museo Conte', 'Centro Fotografia', 'Sighseeing', 'Santa Anastasia']",Santa Anastasia,strategy_nearest,True,0.0026209354400634766,success
042AA3429C4C81,3,"['San Fermo', 'Santa Anastasia', 'Teatro Romano']",Duomo,"['AMO', 'Museo Miniscalchi', 'Palazzo della Ragione', 'Museo Conte', 'Torre Lamberti']",Castelvecchio,strategy_nearest,False,0.002547025680541992,success
042AA4429C4C81,2,['Torre Lamberti'],Palazzo della Ragione,"['AMO', 'Museo Conte', 'Centro Fotografia', 'Sighseeing', 'Santa Anastasia']",Santa Anastasia,strategy_nearest,True,0.0022499561309814453,success
042AA94A9C4C81,2,['San Zeno'],Castelvecchio,"['Museo Lapidario', 'Verona Tour', 'Arena', 'Museo Radio', 'Sighseeing']",Casa Giulietta,strategy_nearest,False,0.003137826919555664,success
042AA7429C4C80,2,['Castelvecchio'],Casa Giulietta,"['Centro Fotografia', 'Sighseeing', 'Torre Lamberti', 'Museo Conte', 'Museo Radio']",Torre Lamberti,strategy_nearest,True,0.0027730464935302734,success
042AA44A9C4C81,3,"['Arena', 'San Fermo', 'Casa Giulietta']",Torre Lamberti,"['Sighseeing', 'Centro Fotografia', 'Museo Conte', 'Palazzo della Ragione', 'AMO']",Santa Anastasia,strategy_nearest,False,0.004112958908081055,success
042AAB3A9C4C81,0,['Arena'],Casa Giulietta,"['Centro Fotografia', 'Sighseeing', 'Torre Lamberti', 'Museo Conte', 'Museo Radio']",Teatro Romano,strategy_nearest,False,0.00290679931640625,success
042AAC429C4C81,3,['Santa Anastasia'],Torre Lamberti,"['Sighseeing', 'Centro Fotografia', 'Museo Conte', 'Casa Giulietta', 'Palazzo della Ragione']",Casa Giulietta,strategy_nearest,True,0.0020198822021484375,success
042AB23A9C4C80,0,['Arena'],Casa Giulietta,"['Centro Fotografia', 'Sighseeing', 'Torre Lamberti', 'Museo Conte', 'Museo Radio']",Torre Lamberti,strategy_nearest,True,0.002362966537475586,success
042AB4429C4C80,3,"['Teatro Romano', 'Duomo', 'Santa Anastasia']",Torre Lamberti,"['Sighseeing', 'Centro Fotografia', 'Museo Conte', 'Casa Giulietta', 'Palazzo della Ragione']",San Zeno,strategy_nearest,False,0.0035779476165771484,success
042ABA429C4C80,0,['Duomo'],Arena,"['Verona Tour', 'Museo Lapidario', 'Museo Radio', 'San Fermo', 'Casa Giulietta']",Castelvecchio,strategy_nearest,False,0.0031480789184570312,success
042ABD429C4C81,0,['Arena'],Casa Giulietta,"['Centro Fotografia', 'Sighseeing', 'Torre Lamberti', 'Museo Conte', 'Museo Radio']",Duomo,strategy_nearest,False,0.0027980804443359375,success
042AC4429C4C81,1,"['Arena', 'Castelvecchio']",Palazzo della Ragione,"['AMO', 'Museo Conte', 'Torre Lamberti', 'Centro Fotografia', 'Sighseeing']",Casa Giulietta,strategy_nearest,False,0.003185749053955078,success
042AC73A9C4C81,2,['Castelvecchio'],Torre Lamberti,"['Sighseeing', 'Centro Fotografia', 'Museo Conte', 'Casa Giulietta', 'Palazzo della Ragione']",Santa Anastasia,strategy_nearest,False,0.003155946731567383,success
042AC9429C4C80,1,"['Arena', 'Palazzo della Ragione', 'Torre Lamberti']",Santa Anastasia,"['AMO', 'Museo Conte', 'Teatro Romano', 'Centro Fotografia', 'Duomo']",Teatro Romano,strategy_nearest,True,0.0025212764739990234,success
042ADD429C4C80,1,"['Teatro Romano', 'Arena', 'Museo Lapidario', 'Palazzo della Ragione']",Torre Lamberti,"['Sighseeing', 'Centro Fotografia', 'Museo Conte', 'Casa Giulietta', 'AMO']",Castelvecchio,strategy_nearest,False,0.002777099609375,success
042AE43A9C4C80,2,"['San Fermo', 'Casa Giulietta']",Torre Lamberti,"['Sighseeing', 'Centro Fotografia', 'Museo Conte', 'Palazzo della Ragione', 'AMO']",Duomo,strategy_nearest,False,0.001997232437133789,success
042AD0429C4C80,3,"['Torre Lamberti', 'Arena', 'Castelvecchio']",San Zeno,"['Verona Tour', 'Museo Lapidario', 'Museo Miniscalchi', 'Sighseeing', 'Museo Radio']",Casa Giulietta,strategy_nearest,False,0.004657745361328125,success
042AD63A9C4C80,2,"['Castelvecchio', 'Torre Lamberti']",Casa Giulietta,"['Centro Fotografia', 'Sighseeing', 'Museo Conte', 'Museo Radio', 'Palazzo della Ragione']",Santa Anastasia,strategy_nearest,False,0.0015819072723388672,success
042B61429C4C81,0,['Arena'],Casa Giulietta,"['Centro Fotografia', 'Sighseeing', 'Torre Lamberti', 'Museo Conte', 'Museo Radio']",Castelvecchio,strategy_nearest,False,0.001352071762084961,success
042AED429C4C80,2,['Duomo'],San Zeno,"['Castelvecchio', 'Verona Tour', 'Museo Lapidario', 'Arena', 'Museo Miniscalchi']",Castelvecchio,strategy_nearest,True,0.002626180648803711,success
042AE63A9C4C80,3,"['Arena', 'Duomo']",Teatro Romano,"['Santa Anastasia', 'AMO', 'Palazzo della Ragione', 'Museo Conte', 'Centro Fotografia']",Castelvecchio,strategy_nearest,False,0.0020728111267089844,success
042B62429C4C81,0,['Arena'],Casa Giulietta,"['Centro Fotografia', 'Sighseeing', 'Torre Lamberti', 'Museo Conte', 'Museo Radio']",Torre Lamberti,strategy_nearest,True,0.003397703170776367,success
042B65429C4C81,3,['Arena'],Torre Lamberti,"['Sighseeing', 'Centro Fotografia', 'Museo Conte', 'Casa Giulietta', 'Palazzo della Ragione']",Santa Anastasia,strategy_nearest,False,0.0029020309448242188,success
042B673A9C4C81,0,['Castelvecchio'],Arena,"['Verona Tour', 'Museo Lapidario', 'Museo Radio', 'San Fermo', 'Casa Giulietta']",Casa Giulietta,strategy_nearest,True,0.0020928382873535156,success
042B67429C4C80,3,"['Castelvecchio', 'Arena', 'Casa Giulietta']",Torre Lamberti,"['Sighseeing', 'Centro Fotografia', 'Museo Conte', 'Palazzo della Ragione', 'AMO']",Santa Anastasia,strategy_nearest,False,0.0026459693908691406,success
042B703A9C4C80,0,['Arena'],Museo Lapidario,"['Verona Tour', 'Castelvecchio', 'Museo Radio', 'San Fermo', 'Casa Giulietta']",Castelvecchio,strategy_nearest,True,0.0017809867858886719,success
042B6F429C4C80,3,['Torre Lamberti'],Casa Giulietta,"['Centro Fotografia', 'Sighseeing', 'Museo Conte', 'Museo Radio', 'Palazzo della Ragione']",Arena,strategy_nearest,False,0.003260374069213867,success
042B6A429C4C81,0,['Arena'],Museo Lapidario,"['Verona Tour', 'Castelvecchio', 'Museo Radio', 'San Fermo', 'Casa Giulietta']",Tomba Giulietta,strategy_nearest,False,0.003228902816772461,success
042B70429C4C80,3,['Arena'],Santa Anastasia,"['AMO', 'Museo Conte', 'Palazzo della Ragione', 'Teatro Romano', 'Centro Fotografia']",Duomo,strategy_nearest,False,0.0032219886779785156,success
042B7D429C4C80,1,"['Arena', 'San Fermo', 'Palazzo della Ragione']",Torre Lamberti,"['Sighseeing', 'Centro Fotografia', 'Museo Conte', 'Casa Giulietta', 'AMO']",Santa Anastasia,strategy_nearest,False,0.0033130645751953125,success
042B723A9C4C80,0,['Arena'],Castelvecchio,"['Museo Lapidario', 'Verona Tour', 'Museo Radio', 'San Zeno', 'Sighseeing']",Casa Giulietta,strategy_nearest,False,0.0027599334716796875,success
042B71429C4C81,2,['Castelvecchio'],San Zeno,"['Verona Tour', 'Museo Lapidario', 'Arena', 'Museo Miniscalchi', 'Sighseeing']",San Fermo,strategy_nearest,False,0.0021860599517822266,success
042B7DBA7B3F81,0,['Casa Giulietta'],Arena,"['Verona Tour', 'Museo Lapidario', 'Museo Radio', 'San Fermo', 'Sighseeing']",Tomba Giulietta,strategy_nearest,False,0.002596139907836914,success
042B82429C4C81,0,['San Zeno'],Arena,"['Verona Tour', 'Museo Lapidario', 'Museo Radio', 'San Fermo', 'Casa Giulietta']",Duomo,strategy_nearest,False,0.002668142318725586,success
042B82429C4C80,3,"['Casa Giulietta', 'Arena']",Tomba Giulietta,"['San Fermo', 'Museo Storia', 'Museo Lapidario', 'Museo Radio', 'Verona Tour']",Torre Lamberti,strategy_nearest,False,0.001508951187133789,success
042B80429C4C81,0,['Castelvecchio'],Arena,"['Verona Tour', 'Museo Lapidario', 'Museo Radio', 'San Fermo', 'Casa Giulietta']",Casa Giulietta,strategy_nearest,True,0.0021631717681884766,success
042B824A9C4C81,1,"['Arena', 'Casa Giulietta', 'Torre Lamberti']",Palazzo della Ragione,"['AMO', 'Museo Conte', 'Centro Fotografia', 'Sighseeing', 'Santa Anastasia']",Santa Anastasia,strategy_nearest,True,0.0031790733337402344,success
042B834A9C4C80,2,"['Santa Anastasia', 'Duomo']",San Fermo,"['Museo Storia', 'Museo Radio', 'Casa Giulietta', 'Centro Fotografia', 'Arena']",Casa Giulietta,strategy_nearest,True,0.001827239990234375,success
042B834A9C4C81,0,['Arena'],Castelvecchio,"['Museo Lapidario', 'Verona Tour', 'Museo Radio', 'San Zeno', 'Sighseeing']",San Zeno,strategy_nearest,True,0.002273082733154297,success
042B90429C4C80,0,['Arena'],Torre Lamberti,"['Sighseeing', 'Centro Fotografia', 'Museo Conte', 'Casa Giulietta', 'Palazzo della Ragione']",Casa Giulietta,strategy_nearest,True,0.0033431053161621094,success
042B85429C4C80,2,['Casa Giulietta'],Santa Anastasia,"['AMO', 'Museo Conte', 'Palazzo della Ragione', 'Teatro Romano', 'Centro Fotografia']",Duomo,strategy_nearest,False,0.002847909927368164,success
042B91429C4C80,3,"['Casa Giulietta', 'San Zeno', 'Castelvecchio']",Arena,"['Verona Tour', 'Museo Lapidario', 'Museo Radio', 'San Fermo', 'Sighseeing']",Torre Lamberti,strategy_nearest,False,0.003078937530517578,success
042B914A9C4C81,3,"['Arena', 'Casa Giulietta']",San Fermo,"['Museo Storia', 'Museo Radio', 'Centro Fotografia', 'Sighseeing', 'Torre Lamberti']",Tomba Giulietta,strategy_nearest,False,0.0018608570098876953,success
042B934A9C4C80,1,"['Casa Giulietta', 'Palazzo della Ragione', 'Santa Anastasia', 'Tomba Giulietta']",Teatro Romano,"['Duomo', 'AMO', 'Museo Conte', 'Centro Fotografia', 'Museo Miniscalchi']",Duomo,strategy_nearest,True,0.0031468868255615234,success
042B93429C4C81,3,"['San Fermo', 'Giardino Giusti']",Duomo,"['AMO', 'Museo Miniscalchi', 'Santa Anastasia', 'Teatro Romano', 'Palazzo della Ragione']",Castelvecchio,strategy_nearest,False,0.002846956253051758,success
042B934A9C4C81,1,"['Arena', 'Castelvecchio', 'Casa Giulietta']",Palazzo della Ragione,"['AMO', 'Museo Conte', 'Torre Lamberti', 'Centro Fotografia', 'Sighseeing']",Santa Anastasia,strategy_nearest,False,0.0023860931396484375,success
042B97429C4C80,0,"['Arena', 'Casa Giulietta']",Duomo,"['AMO', 'Museo Miniscalchi', 'Santa Anastasia', 'Teatro Romano', 'Palazzo della Ragione']",Teatro Romano,strategy_nearest,True,0.0025751590728759766,success
042B98429C4C80,1,"['Arena', 'Casa Giulietta', 'Palazzo della Ragione']",Torre Lamberti,"['Sighseeing', 'Centro Fotografia', 'Museo Conte', 'AMO', 'Museo Miniscalchi']",Santa Anastasia,strategy_nearest,False,0.0027790069580078125,success
042B96429C4C81,3,['Arena'],Torre Lamberti,"['Sighseeing', 'Centro Fotografia', 'Museo Conte', 'Casa Giulietta', 'Palazzo della Ragione']",Duomo,strategy_nearest,False,0.002065896987915039,success
042B94429C4C81,3,"['Casa Giulietta', 'Arena']",Torre Lamberti,"['Sighseeing', 'Centro Fotografia', 'Museo Conte', 'Palazzo della Ragione', 'AMO']",Santa Anastasia,strategy_nearest,False,0.0034799575805664062,success
042B9F429C4C81,0,"['Arena', 'Torre Lamberti']",Casa Giulietta,"['Centro Fotografia', 'Sighseeing', 'Museo Conte', 'Museo Radio', 'Palazzo della Ragione']",Tomba Giulietta,strategy_nearest,False,0.0019898414611816406,success
042B99429C4C81,3,"['Tomba Giulietta', 'Museo Lapidario', 'Arena']",San Fermo,"['Museo Storia', 'Museo Radio', 'Casa Giulietta', 'Centro Fotografia', 'Sighseeing']",Casa Giulietta,strategy_nearest,True,0.003378152847290039,success
042B99429C4C80,3,"['Arena', 'Torre Lamberti']",Casa Giulietta,"['Centro Fotografia', 'Sighseeing', 'Museo Conte', 'Museo Radio', 'Palazzo della Ragione']",Santa Anastasia,strategy_nearest,False,0.0028281211853027344,success
042B9D429C4C81,1,"['Arena', 'Casa Giulietta']",Duomo,"['AMO', 'Museo Miniscalchi', 'Santa Anastasia', 'Teatro Romano', 'Palazzo della Ragione']",Torre Lamberti,strategy_nearest,False,0.0015082359313964844,success
042BA0429C4C80,2,"['Casa Giulietta', 'Santa Anastasia']",Teatro Romano,"['Duomo', 'AMO', 'Palazzo della Ragione', 'Museo Conte', 'Centro Fotografia']",Duomo,strategy_nearest,True,0.0014090538024902344,success
042BA54A9C4C81,3,['Arena'],Santa Anastasia,"['AMO', 'Museo Conte', 'Palazzo della Ragione', 'Teatro Romano', 'Centro Fotografia']",Duomo,strategy_nearest,False,0.0024890899658203125,success
042BA0429C4C81,2,"['Castelvecchio', 'Giardino Giusti', 'Teatro Romano']",Duomo,"['AMO', 'Museo Miniscalchi', 'Santa Anastasia', 'Palazzo della Ragione', 'Museo Conte']",Santa Anastasia,strategy_nearest,True,0.001978158950805664,success
042BA63A9C4C81,3,['Arena'],Casa Giulietta,"['Centro Fotografia', 'Sighseeing', 'Torre Lamberti', 'Museo Conte', 'Museo Radio']",Santa Anastasia,strategy_nearest,False,0.003264904022216797,success
042BA6429C4C81,3,['Arena'],Duomo,"['AMO', 'Museo Miniscalchi', 'Santa Anastasia', 'Teatro Romano', 'Palazzo della Ragione']",Teatro Romano,strategy_nearest,True,0.0018398761749267578,success
042BA64A9C4C80,3,"['Arena', 'Casa Giulietta']",Torre Lamberti,"['Sighseeing', 'Centro Fotografia', 'Museo Conte', 'Palazzo della Ragione', 'AMO']",Santa Anastasia,strategy_nearest,False,0.0027000904083251953,success
042BA83A9C4C81,3,"['Arena', 'Casa Giulietta']",Torre Lamberti,"['Sighseeing', 'Centro Fotografia', 'Museo Conte', 'Palazzo della Ragione', 'AMO']",Santa Anastasia,strategy_nearest,False,0.003410816192626953,success
042BA7429C4C80,3,"['Castelvecchio', 'Teatro Romano', 'Duomo']",Santa Anastasia,"['AMO', 'Museo Conte', 'Palazzo della Ragione', 'Centro Fotografia', 'Torre Lamberti']",Casa Giulietta,strategy_nearest,False,0.0025780200958251953,success
042BAA4A9C4C80,1,"['Arena', 'Casa Giulietta', 'San Fermo']",Palazzo della Ragione,"['AMO', 'Museo Conte', 'Torre Lamberti', 'Centro Fotografia', 'Sighseeing']",Torre Lamberti,strategy_nearest,True,0.0019199848175048828,success
042BAA429C4C80,6,['Arena'],Verona Tour,"['Museo Lapidario', 'Castelvecchio', 'Museo Radio', 'Casa Giulietta', 'Sighseeing']",Casa Giulietta,strategy_nearest,True,0.003242015838623047,success
042BA9429C4C81,3,"['Arena', 'San Fermo']",Torre Lamberti,"['Sighseeing', 'Centro Fotografia', 'Museo Conte', 'Casa Giulietta', 'Palazzo della Ragione']",Teatro Romano,strategy_nearest,False,0.002167224884033203,success
042BAB429C4C80,2,['Casa Giulietta'],Palazzo della Ragione,"['AMO', 'Museo Conte', 'Torre Lamberti', 'Centro Fotografia', 'Sighseeing']",Torre Lamberti,strategy_nearest,True,0.003384113311767578,success
042BB1429C4C81,3,"['San Fermo', 'Arena']",Torre Lamberti,"['Sighseeing', 'Centro Fotografia', 'Museo Conte', 'Casa Giulietta', 'Palazzo della Ragione']",Santa Anastasia,strategy_nearest,False,0.0017070770263671875,success
042BB7429C4C81,3,"['Santa Anastasia', 'Teatro Romano']",Duomo,"['AMO', 'Museo Miniscalchi', 'Palazzo della Ragione', 'Museo Conte', 'Torre Lamberti']",Arena,strategy_nearest,False,0.0028357505798339844,success
042BB73A9C4C80,2,['San Zeno'],Castelvecchio,"['Museo Lapidario', 'Verona Tour', 'Arena', 'Museo Radio', 'Sighseeing']",Duomo,strategy_nearest,False,0.005081653594970703,success
042BB73A9C4C81,1,['Arena'],Torre Lamberti,"['Sighseeing', 'Centro Fotografia', 'Museo Conte', 'Casa Giulietta', 'Palazzo della Ragione']",Palazzo della Ragione,strategy_nearest,True,0.002277851104736328,success
042BB83A9C4C81,0,['Arena'],Casa Giulietta,"['Centro Fotografia', 'Sighseeing', 'Torre Lamberti', 'Museo Conte', 'Museo Radio']",Santa Anastasia,strategy_nearest,False,0.002547025680541992,success
042BBF429C4C80,2,['Casa Giulietta'],Giardino Giusti,"['Santa Anastasia', 'Teatro Romano', 'Museo Conte', 'Centro Fotografia', 'Museo Storia']",Teatro Romano,strategy_nearest,True,0.002023935317993164,success
042BBD429C4C81,0,"['Casa Giulietta', 'Arena']",Castelvecchio,"['Museo Lapidario', 'Verona Tour', 'Museo Radio', 'San Zeno', 'Sighseeing']",Torre Lamberti,strategy_nearest,False,0.0015778541564941406,success
042BBE429C4C80,0,['Castelvecchio'],Arena,"['Verona Tour', 'Museo Lapidario', 'Museo Radio', 'San Fermo', 'Casa Giulietta']",Casa Giulietta,strategy_nearest,True,0.002747774124145508,success
042BBE429C4C81,3,"['Arena', 'Museo Lapidario']",Castelvecchio,"['Verona Tour', 'Museo Radio', 'San Zeno', 'Sighseeing', 'Museo Miniscalchi']",Duomo,strategy_nearest,False,0.0032629966735839844,success
042BC23A9C4C80,3,"['Arena', 'Casa Giulietta']",Santa Anastasia,"['AMO', 'Museo Conte', 'Palazzo della Ragione', 'Teatro Romano', 'Centro Fotografia']",Santa Anastasia,strategy_nearest,False,0.001390695571899414,success
042BC5429C4C80,0,['Arena'],Casa Giulietta,"['Centro Fotografia', 'Sighseeing', 'Torre Lamberti', 'Museo Conte', 'Museo Radio']",Torre Lamberti,strategy_nearest,True,0.0026578903198242188,success
042BC6429C4C81,1,['Arena'],Casa Giulietta,"['Centro Fotografia', 'Sighseeing', 'Torre Lamberti', 'Museo Conte', 'Museo Radio']",Torre Lamberti,strategy_nearest,True,0.0033652782440185547,success
042BC3429C4C81,0,"['Casa Giulietta', 'Arena']",Castelvecchio,"['Museo Lapidario', 'Verona Tour', 'Museo Radio', 'San Zeno', 'Sighseeing']",Teatro Romano,strategy_nearest,False,0.0021071434020996094,success
042BC83A9C4C81,1,"['Arena', 'Museo Lapidario', 'Casa Giulietta', 'Palazzo della Ragione', 'Torre Lamberti']",Santa Anastasia,"['AMO', 'Museo Conte', 'Teatro Romano', 'Centro Fotografia', 'Duomo']",Duomo,strategy_nearest,True,0.0019998550415039062,success
042BCE429C4C81,2,"['Torre Lamberti', 'Palazzo della Ragione', 'San Zeno']",Casa Giulietta,"['Centro Fotografia', 'Sighseeing', 'Museo Conte', 'Museo Radio', 'San Fermo']",Duomo,strategy_nearest,False,0.001825094223022461,success
042BD13A9C4C81,1,"['Torre Lamberti', 'Palazzo della Ragione']",Casa Giulietta,"['Centro Fotografia', 'Sighseeing', 'Museo Conte', 'Museo Radio', 'San Fermo']",Arena,strategy_nearest,False,0.0028269290924072266,success
042BD2429C4C81,2,"['Castelvecchio', 'Torre Lamberti', 'Palazzo della Ragione', 'Santa Anastasia']",Tomba Giulietta,"['San Fermo', 'Museo Storia', 'Arena', 'Museo Lapidario', 'Museo Radio']",San Zeno,strategy_nearest,False,0.0034189224243164062,success
042BDC429C4C80,1,"['Casa Giulietta', 'Arena', 'Museo Lapidario']",Castelvecchio,"['Verona Tour', 'Museo Radio', 'San Zeno', 'Sighseeing', 'Museo Miniscalchi']",Torre Lamberti,strategy_nearest,False,0.003131866455078125,success
042BD43A9C4C80,3,['Arena'],Santa Anastasia,"['AMO', 'Museo Conte', 'Palazzo della Ragione', 'Teatro Romano', 'Centro Fotografia']",Torre Lamberti,strategy_nearest,False,0.0026988983154296875,success
042BEF3A9C4C80,3,"['Arena', 'Casa Giulietta']",Torre Lamberti,"['Sighseeing', 'Centro Fotografia', 'Museo Conte', 'Palazzo della Ragione', 'AMO']",Santa Anastasia,strategy_nearest,False,0.002588987350463867,success
042BE03A9C4C80,0,['San Zeno'],Castelvecchio,"['Museo Lapidario', 'Verona Tour', 'Arena', 'Museo Radio', 'Sighseeing']",Arena,strategy_nearest,True,0.0020291805267333984,success
042BE73A9C4C80,0,['Arena'],Casa Giulietta,"['Centro Fotografia', 'Sighseeing', 'Torre Lamberti', 'Museo Conte', 'Museo Radio']",Torre Lamberti,strategy_nearest,True,0.0036957263946533203,success
042BE23A9C4C80,2,['San Zeno'],Castelvecchio,"['Museo Lapidario', 'Verona Tour', 'Arena', 'Museo Radio', 'Sighseeing']",Teatro Romano,strategy_nearest,False,0.002858400344848633,success
042C3D429C4C80,3,"['Arena', 'Castelvecchio']",Santa Anastasia,"['AMO', 'Museo Conte', 'Palazzo della Ragione', 'Teatro Romano', 'Centro Fotografia']",Duomo,strategy_nearest,False,0.002362966537475586,success
042C58429C4C80,0,"['Arena', 'Castelvecchio']",Teatro Romano,"['Santa Anastasia', 'Duomo', 'AMO', 'Palazzo della Ragione', 'Museo Conte']",Duomo,strategy_nearest,True,0.0015578269958496094,success
042C5C3A9C4C80,3,"['San Fermo', 'Duomo', 'Teatro Romano']",Casa Giulietta,"['Centro Fotografia', 'Sighseeing', 'Torre Lamberti', 'Museo Conte', 'Museo Radio']",Arena,strategy_nearest,False,0.002794981002807617,success
042C5F429C4C80,3,"['Arena', 'Casa Giulietta']",Torre Lamberti,"['Sighseeing', 'Centro Fotografia', 'Museo Conte', 'Palazzo della Ragione', 'AMO']",Duomo,strategy_nearest,False,0.0030710697174072266,success
042C6E429C4C81,3,"['Arena', 'Castelvecchio']",Torre Lamberti,"['Sighseeing', 'Centro Fotografia', 'Museo Conte', 'Casa Giulietta', 'Palazzo della Ragione']",Santa Anastasia,strategy_nearest,False,0.003459930419921875,success
042C6F429C4C80,3,['Arena'],Castelvecchio,"['Museo Lapidario', 'Verona Tour', 'Museo Radio', 'San Zeno', 'Sighseeing']",San Zeno,strategy_nearest,True,0.001405954360961914,success
042C6C3A9C4C81,0,['Castelvecchio'],San Zeno,"['Verona Tour', 'Museo Lapidario', 'Arena', 'Museo Miniscalchi', 'Sighseeing']",Arena,strategy_nearest,True,0.0035331249237060547,success
042C72429C4C81,3,"['Arena', 'Santa Anastasia']",Duomo,"['AMO', 'Museo Miniscalchi', 'Teatro Romano', 'Palazzo della Ragione', 'Museo Conte']",Casa Giulietta,strategy_nearest,False,0.00339508056640625,success
042C784A9C4C80,3,"['Arena', 'Casa Giulietta']",Santa Anastasia,"['AMO', 'Museo Conte', 'Palazzo della Ragione', 'Teatro Romano', 'Centro Fotografia']",Teatro Romano,strategy_nearest,True,0.003365039825439453,success
042C733A9C4C81,2,['Castelvecchio'],Casa Giulietta,"['Centro Fotografia', 'Sighseeing', 'Torre Lamberti', 'Museo Conte', 'Museo Radio']",Santa Anastasia,strategy_nearest,False,0.002172231674194336,success
042C79429C4C81,0,"['Arena', 'Museo Lapidario']",Castelvecchio,"['Verona Tour', 'Museo Radio', 'San Zeno', 'Sighseeing', 'Museo Miniscalchi']",San Zeno,strategy_nearest,True,0.0021140575408935547,success
042C75429C4C81,3,"['Museo Lapidario', 'Arena', 'Tomba Giulietta']",San Fermo,"['Museo Storia', 'Museo Radio', 'Casa Giulietta', 'Centro Fotografia', 'Sighseeing']",Santa Anastasia,strategy_nearest,False,0.0027577877044677734,success
042C814A9C4C81,1,['Arena'],Torre Lamberti,"['Sighseeing', 'Centro Fotografia', 'Museo Conte', 'Casa Giulietta', 'Palazzo della Ragione']",Palazzo della Ragione,strategy_nearest,True,0.0020427703857421875,success
042C80429C4C80,0,['Castelvecchio'],Arena,"['Verona Tour', 'Museo Lapidario', 'Museo Radio', 'San Fermo', 'Casa Giulietta']",Casa Giulietta,strategy_nearest,True,0.003534078598022461,success
042C814A9C4C80,3,['Arena'],Santa Anastasia,"['AMO', 'Museo Conte', 'Palazzo della Ragione', 'Teatro Romano', 'Centro Fotografia']",Torre Lamberti,strategy_nearest,False,0.0015799999237060547,success
042C7C429C4C81,1,"['Arena', 'San Fermo', 'Palazzo della Ragione']",Torre Lamberti,"['Sighseeing', 'Centro Fotografia', 'Museo Conte', 'Casa Giulietta', 'AMO']",Santa Anastasia,strategy_nearest,False,0.002830982208251953,success
042C824A9C4C81,0,['Arena'],Casa Giulietta,"['Centro Fotografia', 'Sighseeing', 'Torre Lamberti', 'Museo Conte', 'Museo Radio']",Tomba Giulietta,strategy_nearest,False,0.002404928207397461,success
042C844A9C4C80,3,"['Arena', 'Torre Lamberti']",Duomo,"['AMO', 'Museo Miniscalchi', 'Santa Anastasia', 'Teatro Romano', 'Palazzo della Ragione']",Teatro Romano,strategy_nearest,True,0.004449129104614258,success
042C97429C4C80,3,"['Arena', 'Casa Giulietta', 'Torre Lamberti']",Santa Anastasia,"['AMO', 'Museo Conte', 'Palazzo della Ragione', 'Teatro Romano', 'Centro Fotografia']",Castelvecchio,strategy_nearest,False,0.0033719539642333984,success
042C844A9C4C81,0,['Arena'],Museo Lapidario,"['Verona Tour', 'Castelvecchio', 'Museo Radio', 'San Fermo', 'Casa Giulietta']",Casa Giulietta,strategy_nearest,True,0.0029370784759521484,success
042C964A9C4C80,3,['Arena'],Teatro Romano,"['Santa Anastasia', 'Duomo', 'AMO', 'Palazzo della Ragione', 'Museo Conte']",Duomo,strategy_nearest,True,0.0033469200134277344,success
042C984A9C4C81,3,"['Arena', 'Casa Giulietta', 'Santa Anastasia']",Duomo,"['AMO', 'Museo Miniscalchi', 'Teatro Romano', 'Palazzo della Ragione', 'Museo Conte']",Teatro Romano,strategy_nearest,True,0.002228975296020508,success
042C99429C4C81,0,['Tomba Giulietta'],Arena,"['Verona Tour', 'Museo Lapidario', 'Museo Radio', 'San Fermo', 'Casa Giulietta']",Casa Giulietta,strategy_nearest,True,0.0020020008087158203,success
042C9E4A9C4C81,3,"['Castelvecchio', 'Arena']",Casa Giulietta,"['Centro Fotografia', 'Sighseeing', 'Torre Lamberti', 'Museo Conte', 'Museo Radio']",Santa Anastasia,strategy_nearest,False,0.0035948753356933594,success
042C99429C4C80,3,"['Arena', 'Torre Lamberti']",Casa Giulietta,"['Centro Fotografia', 'Sighseeing', 'Museo Conte', 'Museo Radio', 'Palazzo della Ragione']",Santa Anastasia,strategy_nearest,False,0.0028638839721679688,success
042CA54A9C4C81,2,"['Casa Giulietta', 'Santa Anastasia']",Torre Lamberti,"['Sighseeing', 'Centro Fotografia', 'Museo Conte', 'Palazzo della Ragione', 'AMO']",Palazzo della Ragione,strategy_nearest,True,0.0019190311431884766,success
042CA34A9C4C81,3,['Arena'],Casa Giulietta,"['Centro Fotografia', 'Sighseeing', 'Torre Lamberti', 'Museo Conte', 'Museo Radio']",Torre Lamberti,strategy_nearest,True,0.0027129650115966797,success
042CAB3A9C4C80,3,['Arena'],Casa Giulietta,"['Centro Fotografia', 'Sighseeing', 'Torre Lamberti', 'Museo Conte', 'Museo Radio']",Santa Anastasia,strategy_nearest,False,0.0028569698333740234,success
042CA93A9C4C80,3,['Arena'],Casa Giulietta,"['Centro Fotografia', 'Sighseeing', 'Torre Lamberti', 'Museo Conte', 'Museo Radio']",Torre Lamberti,strategy_nearest,True,0.0037157535552978516,success
042CAB429C4C81,1,"['Teatro Romano', 'Palazzo della Ragione', 'San Fermo']",Torre Lamberti,"['Sighseeing', 'Centro Fotografia', 'Museo Conte', 'Casa Giulietta', 'AMO']",Duomo,strategy_nearest,False,0.0023717880249023438,success
042CAB4A9C4C81,2,['Casa Giulietta'],Duomo,"['AMO', 'Museo Miniscalchi', 'Santa Anastasia', 'Teatro Romano', 'Palazzo della Ragione']",Castelvecchio,strategy_nearest,False,0.0032329559326171875,success
042CB43A9C4C80,1,"['Arena', 'Casa Giulietta', 'Torre Lamberti', 'Palazzo della Ragione']",Santa Anastasia,"['AMO', 'Museo Conte', 'Teatro Romano', 'Centro Fotografia', 'Duomo']",Duomo,strategy_nearest,True,0.003198385238647461,success
042CB33A9C4C80,3,['Arena'],Torre Lamberti,"['Sighseeing', 'Centro Fotografia', 'Museo Conte', 'Casa Giulietta', 'Palazzo della Ragione']",Casa Giulietta,strategy_nearest,True,0.002048015594482422,success
042CB1429C4C80,2,['Museo Lapidario'],Castelvecchio,"['Verona Tour', 'Arena', 'Museo Radio', 'San Zeno', 'Sighseeing']",Teatro Romano,strategy_nearest,False,0.0034379959106445312,success
042CB43A9C4C81,0,['Arena'],Castelvecchio,"['Museo Lapidario', 'Verona Tour', 'Museo Radio', 'San Zeno', 'Sighseeing']",Teatro Romano,strategy_nearest,False,0.0029342174530029297,success
042CBE429C4C81,3,"['Arena', 'San Fermo', 'Casa Giulietta']",Tomba Giulietta,"['Museo Storia', 'Museo Lapidario', 'Museo Radio', 'Verona Tour', 'Castelvecchio']",Giardino Giusti,strategy_nearest,False,0.0025751590728759766,success
042CBE429C4C80,2,"['Casa Giulietta', 'Torre Lamberti']",Palazzo della Ragione,"['AMO', 'Museo Conte', 'Centro Fotografia', 'Sighseeing', 'Santa Anastasia']",Santa Anastasia,strategy_nearest,True,0.0034580230712890625,success
042CB5429C4C80,0,['Arena'],Tomba Giulietta,"['San Fermo', 'Museo Storia', 'Museo Lapidario', 'Museo Radio', 'Verona Tour']",Castelvecchio,strategy_nearest,False,0.0018260478973388672,success
042CBF429C4C80,3,"['Arena', 'Museo Lapidario', 'Castelvecchio']",San Fermo,"['Museo Storia', 'Museo Radio', 'Casa Giulietta', 'Centro Fotografia', 'Sighseeing']",Casa Giulietta,strategy_nearest,True,0.0024492740631103516,success
042CCC429C4C81,0,['Arena'],Casa Giulietta,"['Centro Fotografia', 'Sighseeing', 'Torre Lamberti', 'Museo Conte', 'Museo Radio']",Castelvecchio,strategy_nearest,False,0.0020630359649658203,success
042CC2429C4C80,0,['Torre Lamberti'],Arena,"['Verona Tour', 'Museo Lapidario', 'Museo Radio', 'San Fermo', 'Casa Giulietta']",Giardino Giusti,strategy_nearest,False,0.0027599334716796875,success
042CC93A9C4C80,0,['Arena'],Casa Giulietta,"['Centro Fotografia', 'Sighseeing', 'Torre Lamberti', 'Museo Conte', 'Museo Radio']",Torre Lamberti,strategy_nearest,True,0.0034520626068115234,success
042CCD429C4C80,3,['Arena'],Museo Lapidario,"['Verona Tour', 'Castelvecchio', 'Museo Radio', 'San Fermo', 'Casa Giulietta']",Santa Anastasia,strategy_nearest,False,0.0032987594604492188,success
042CD43A9C4C80,0,['Arena'],Santa Anastasia,"['AMO', 'Museo Conte', 'Palazzo della Ragione', 'Teatro Romano', 'Centro Fotografia']",Casa Giulietta,strategy_nearest,False,0.0017399787902832031,success
042CD53A9C4C81,0,['Arena'],Castelvecchio,"['Museo Lapidario', 'Verona Tour', 'Museo Radio', 'San Zeno', 'Sighseeing']",Casa Giulietta,strategy_nearest,False,0.002761363983154297,success
042CD83A9C4C80,0,"['Museo Lapidario', 'Museo Lapidario', 'Arena']",Santa Anastasia,"['AMO', 'Museo Conte', 'Palazzo della Ragione', 'Teatro Romano', 'Centro Fotografia']",Casa Giulietta,strategy_nearest,False,0.0032591819763183594,success
042CE73A9C4C80,0,['Arena'],Castelvecchio,"['Museo Lapidario', 'Verona Tour', 'Museo Radio', 'San Zeno', 'Sighseeing']",Torre Lamberti,strategy_nearest,False,0.001847982406616211,success
042CF53A9C4C80,0,"['Casa Giulietta', 'Torre Lamberti']",Giardino Giusti,"['Santa Anastasia', 'Teatro Romano', 'Museo Conte', 'Centro Fotografia', 'Museo Storia']",Arena,strategy_nearest,False,0.002538919448852539,success
042CEB3A9C4C80,2,['Casa Giulietta'],Torre Lamberti,"['Sighseeing', 'Centro Fotografia', 'Museo Conte', 'Palazzo della Ragione', 'AMO']",Tomba Giulietta,strategy_nearest,False,0.003500699996948242,success
042CFD3A9C4C80,0,['Casa Giulietta'],Torre Lamberti,"['Sighseeing', 'Centro Fotografia', 'Museo Conte', 'Palazzo della Ragione', 'AMO']",Castelvecchio,strategy_nearest,False,0.002457857131958008,success
042D3A3A9C4C80,3,"['Casa Giulietta', 'Teatro Romano']",Santa Anastasia,"['AMO', 'Museo Conte', 'Palazzo della Ragione', 'Centro Fotografia', 'Duomo']",San Zeno,strategy_nearest,False,0.0024569034576416016,success
042D59429C4C80,0,['Arena'],Duomo,"['AMO', 'Museo Miniscalchi', 'Santa Anastasia', 'Teatro Romano', 'Palazzo della Ragione']",Casa Giulietta,strategy_nearest,False,0.002416849136352539,success
042D5C429C4C80,3,"['Arena', 'Castelvecchio', 'San Fermo']",Santa Anastasia,"['AMO', 'Museo Conte', 'Palazzo della Ragione', 'Teatro Romano', 'Centro Fotografia']",Teatro Romano,strategy_nearest,True,0.003175973892211914,success
042D6B429C4C81,2,['Santa Anastasia'],Duomo,"['AMO', 'Museo Miniscalchi', 'Teatro Romano', 'Palazzo della Ragione', 'Museo Conte']",Casa Giulietta,strategy_nearest,False,0.0023696422576904297,success
042D6A429C4C80,2,"['San Zeno', 'Casa Giulietta', 'Teatro Romano']",Santa Anastasia,"['AMO', 'Museo Conte', 'Palazzo della Ragione', 'Centro Fotografia', 'Duomo']",San Fermo,strategy_nearest,False,0.0018031597137451172,success
042D6C429C4C81,2,['Casa Giulietta'],Teatro Romano,"['Santa Anastasia', 'Duomo', 'AMO', 'Palazzo della Ragione', 'Museo Conte']",Santa Anastasia,strategy_nearest,True,0.0034089088439941406,success
042D71429C4C80,2,['San Zeno'],Torre Lamberti,"['Sighseeing', 'Centro Fotografia', 'Museo Conte', 'Casa Giulietta', 'Palazzo della Ragione']",Santa Anastasia,strategy_nearest,False,0.002537965774536133,success
042D73429C4C80,3,"['Arena', 'Casa Giulietta']",Torre Lamberti,"['Sighseeing', 'Centro Fotografia', 'Museo Conte', 'Palazzo della Ragione', 'AMO']",Santa Anastasia,strategy_nearest,False,0.002762317657470703,success
042D7A3A9C4C81,0,['Arena'],Casa Giulietta,"['Centro Fotografia', 'Sighseeing', 'Torre Lamberti', 'Museo Conte', 'Museo Radio']",Santa Anastasia,strategy_nearest,False,0.0034067630767822266,success
042D814A9C4C81,3,['Arena'],Santa Anastasia,"['AMO', 'Museo Conte', 'Palazzo della Ragione', 'Teatro Romano', 'Centro Fotografia']",Duomo,strategy_nearest,False,0.0026209354400634766,success
042D824A9C4C80,0,"['Casa Giulietta', 'Arena']",Museo Lapidario,"['Verona Tour', 'Castelvecchio', 'Museo Radio', 'San Fermo', 'Tomba Giulietta']",Castelvecchio,strategy_nearest,True,0.00345611572265625,success
042D824A9C4C81,1,"['Arena', 'Torre Lamberti']",Palazzo della Ragione,"['AMO', 'Museo Conte', 'Centro Fotografia', 'Sighseeing', 'Santa Anastasia']",Santa Anastasia,strategy_nearest,True,0.004024028778076172,success
042D834A9C4C80,3,"['Arena', 'Torre Lamberti']",Casa Giulietta,"['Centro Fotografia', 'Sighseeing', 'Museo Conte', 'Museo Radio', 'Palazzo della Ragione']",Castelvecchio,strategy_nearest,False,0.0023412704467773438,success
042D843A9C4C81,0,['Arena'],Casa Giulietta,"['Centro Fotografia', 'Sighseeing', 'Torre Lamberti', 'Museo Conte', 'Museo Radio']",Tomba Giulietta,strategy_nearest,False,0.002163410186767578,success
042D844A9C4C80,1,"['Arena', 'Casa Giulietta', 'Palazzo della Ragione', 'Torre Lamberti']",Santa Anastasia,"['AMO', 'Museo Conte', 'Teatro Romano', 'Centro Fotografia', 'Duomo']",Duomo,strategy_nearest,True,0.0030243396759033203,success
042D844A9C4C81,3,"['Arena', 'Casa Giulietta']",Santa Anastasia,"['AMO', 'Museo Conte', 'Palazzo della Ragione', 'Teatro Romano', 'Centro Fotografia']",Duomo,strategy_nearest,False,0.001898050308227539,success
042D8B4A9C4C80,0,"['Arena', 'Museo Lapidario']",Castelvecchio,"['Verona Tour', 'Museo Radio', 'San Zeno', 'Sighseeing', 'Museo Miniscalchi']",Torre Lamberti,strategy_nearest,False,0.0032930374145507812,success
042D85429C4C81,3,"['Casa Giulietta', 'San Fermo', 'Tomba Giulietta']",Arena,"['Verona Tour', 'Museo Lapidario', 'Museo Radio', 'Sighseeing', 'Castelvecchio']",Torre Lamberti,strategy_nearest,False,0.002615213394165039,success
042D8D3A9C4C81,0,['Arena'],Duomo,"['AMO', 'Museo Miniscalchi', 'Santa Anastasia', 'Teatro Romano', 'Palazzo della Ragione']",Castelvecchio,strategy_nearest,False,0.0026330947875976562,success
042D904A9C4C80,1,"['Arena', 'Casa Giulietta', 'Palazzo della Ragione']",Santa Anastasia,"['AMO', 'Museo Conte', 'Teatro Romano', 'Centro Fotografia', 'Duomo']",Duomo,strategy_nearest,True,0.002067089080810547,success
042D934A9C4C81,0,['Arena'],Casa Giulietta,"['Centro Fotografia', 'Sighseeing', 'Torre Lamberti', 'Museo Conte', 'Museo Radio']",Castelvecchio,strategy_nearest,False,0.003072023391723633,success
042D924A9C4C80,2,['Castelvecchio'],Santa Anastasia,"['AMO', 'Museo Conte', 'Palazzo della Ragione', 'Teatro Romano', 'Centro Fotografia']",Duomo,strategy_nearest,False,0.002732992172241211,success
042D8E4A9C4C81,3,"['Arena', 'Castelvecchio', 'Casa Giulietta']",Torre Lamberti,"['Sighseeing', 'Centro Fotografia', 'Museo Conte', 'Palazzo della Ragione', 'AMO']",Santa Anastasia,strategy_nearest,False,0.002696990966796875,success
042D944A9C4C80,3,['Arena'],Torre Lamberti,"['Sighseeing', 'Centro Fotografia', 'Museo Conte', 'Casa Giulietta', 'Palazzo della Ragione']",Santa Anastasia,strategy_nearest,False,0.0046541690826416016,success
042D98429C4C80,3,"['Arena', 'Torre Lamberti', 'Santa Anastasia']",Casa Giulietta,"['Centro Fotografia', 'Sighseeing', 'Museo Conte', 'Museo Radio', 'Palazzo della Ragione']",Teatro Romano,strategy_nearest,False,0.0015020370483398438,success
042D964A9C4C80,3,['Arena'],Castelvecchio,"['Museo Lapidario', 'Verona Tour', 'Museo Radio', 'San Zeno', 'Sighseeing']",Torre Lamberti,strategy_nearest,False,0.0027348995208740234,success
042D99429C4C81,2,"['Casa Giulietta', 'Torre Lamberti']",Palazzo della Ragione,"['AMO', 'Museo Conte', 'Centro Fotografia', 'Sighseeing', 'Santa Anastasia']",Santa Anastasia,strategy_nearest,True,0.002075672149658203,success
042D9D429C4C80,1,"['Arena', 'Casa Giulietta']",Torre Lamberti,"['Sighseeing', 'Centro Fotografia', 'Museo Conte', 'Palazzo della Ragione', 'AMO']",Palazzo della Ragione,strategy_nearest,True,0.0015718936920166016,success
042D9F429C4C80,2,['Torre Lamberti'],Santa Anastasia,"['AMO', 'Museo Conte', 'Palazzo della Ragione', 'Teatro Romano', 'Centro Fotografia']",Duomo,strategy_nearest,False,0.0020380020141601562,success
042D9F4A9C4C81,2,['Santa Anastasia'],Duomo,"['AMO', 'Museo Miniscalchi', 'Teatro Romano', 'Palazzo della Ragione', 'Museo Conte']",Casa Giulietta,strategy_nearest,False,0.0033969879150390625,success
042D9E429C4C81,3,"['Arena', 'Casa Giulietta']",Torre Lamberti,"['Sighseeing', 'Centro Fotografia', 'Museo Conte', 'Palazzo della Ragione', 'AMO']",Santa Anastasia,strategy_nearest,False,0.0027642250061035156,success
042DA24A9C4C80,0,['Arena'],Castelvecchio,"['Museo Lapidario', 'Verona Tour', 'Museo Radio', 'San Zeno', 'Sighseeing']",San Zeno,strategy_nearest,True,0.00202178955078125,success
042DA44A9C4C81,3,"['San Zeno', 'Arena']",Castelvecchio,"['Museo Lapidario', 'Verona Tour', 'Museo Radio', 'Sighseeing', 'Museo Miniscalchi']",Teatro Romano,strategy_nearest,False,0.0020139217376708984,success
042DA63A9C4C80,0,"['Tomba Giulietta', 'Casa Giulietta']",Arena,"['Verona Tour', 'Museo Lapidario', 'Museo Radio', 'San Fermo', 'Sighseeing']",Torre Lamberti,strategy_nearest,False,0.0028917789459228516,success
042DA63A9C4C81,0,['Arena'],Tomba Giulietta,"['San Fermo', 'Museo Storia', 'Museo Lapidario', 'Museo Radio', 'Verona Tour']",Casa Giulietta,strategy_nearest,False,0.00315093994140625,success
042DA83A9C4C81,0,"['Arena', 'San Fermo']",Tomba Giulietta,"['Museo Storia', 'Museo Lapidario', 'Museo Radio', 'Verona Tour', 'Casa Giulietta']",Teatro Romano,strategy_nearest,False,0.0024797916412353516,success
042DA73A9C4C81,1,"['Museo Lapidario', 'Arena']",Torre Lamberti,"['Sighseeing', 'Centro Fotografia', 'Museo Conte', 'Casa Giulietta', 'Palazzo della Ragione']",Palazzo della Ragione,strategy_nearest,True,0.003281831741333008,success
042DA84A9C4C80,2,"['Palazzo della Ragione', 'Torre Lamberti', 'Casa Giulietta']",Santa Anastasia,"['AMO', 'Museo Conte', 'Teatro Romano', 'Centro Fotografia', 'Duomo']",Duomo,strategy_nearest,True,0.002564668655395508,success
042DA94A9C4C80,1,"['Castelvecchio', 'Arena']",Casa Giulietta,"['Centro Fotografia', 'Sighseeing', 'Torre Lamberti', 'Museo Conte', 'Museo Radio']",Torre Lamberti,strategy_nearest,True,0.0033829212188720703,success
042DAA429C4C80,3,"['Arena', 'San Fermo']",Casa Giulietta,"['Centro Fotografia', 'Sighseeing', 'Torre Lamberti', 'Museo Conte', 'Museo Radio']",Santa Anastasia,strategy_nearest,False,0.002429962158203125,success
042DAB3A9C4C81,0,['Arena'],Torre Lamberti,"['Sighseeing', 'Centro Fotografia', 'Museo Conte', 'Casa Giulietta', 'Palazzo della Ragione']",Casa Giulietta,strategy_nearest,True,0.0032389163970947266,success
042DAB4A9C4C81,3,['Arena'],San Fermo,"['Museo Storia', 'Museo Radio', 'Casa Giulietta', 'Centro Fotografia', 'Sighseeing']",Duomo,strategy_nearest,False,0.0022780895233154297,success
042DAA4A9C4C81,0,"['San Zeno', 'Castelvecchio']",Arena,"['Verona Tour', 'Museo Lapidario', 'Museo Radio', 'San Fermo', 'Casa Giulietta']",Casa Giulietta,strategy_nearest,True,0.0024330615997314453,success
042DB23A9C4C81,0,['Arena'],Casa Giulietta,"['Centro Fotografia', 'Sighseeing', 'Torre Lamberti', 'Museo Conte', 'Museo Radio']",Torre Lamberti,strategy_nearest,True,0.0025463104248046875,success
042DB4429C4C81,2,"['Castelvecchio', 'Casa Giulietta']",Torre Lamberti,"['Sighseeing', 'Centro Fotografia', 'Museo Conte', 'Palazzo della Ragione', 'AMO']",Palazzo della Ragione,strategy_nearest,True,0.002535104751586914,success
042DBB3A9C4C80,3,"['Arena', 'Castelvecchio', 'Casa Giulietta']",San Fermo,"['Museo Storia', 'Museo Radio', 'Centro Fotografia', 'Sighseeing', 'Torre Lamberti']",Duomo,strategy_nearest,False,0.0035371780395507812,success
042DBB429C4C80,3,"['Casa Giulietta', 'Santa Anastasia']",Teatro Romano,"['Duomo', 'AMO', 'Palazzo della Ragione', 'Museo Conte', 'Centro Fotografia']",Arena,strategy_nearest,False,0.0027332305908203125,success
042DBC3A9C4C81,3,"['Arena', 'Torre Lamberti']",Teatro Romano,"['Santa Anastasia', 'Duomo', 'AMO', 'Palazzo della Ragione', 'Museo Conte']",Duomo,strategy_nearest,True,0.002610921859741211,success
042DC23A9C4C81,0,['Arena'],San Fermo,"['Museo Storia', 'Museo Radio', 'Casa Giulietta', 'Centro Fotografia', 'Sighseeing']",Casa Giulietta,strategy_nearest,True,0.0017321109771728516,success
042DBE429C4C80,3,['Castelvecchio'],Torre Lamberti,"['Sighseeing', 'Centro Fotografia', 'Museo Conte', 'Casa Giulietta', 'Palazzo della Ragione']",Santa Anastasia,strategy_nearest,False,0.0038161277770996094,success
042DC33A9C4C80,0,['Arena'],Casa Giulietta,"['Centro Fotografia', 'Sighseeing', 'Torre Lamberti', 'Museo Conte', 'Museo Radio']",Torre Lamberti,strategy_nearest,True,0.003412008285522461,success
042DC43A9C4C80,3,"['Arena', 'Casa Giulietta']",Torre Lamberti,"['Sighseeing', 'Centro Fotografia', 'Museo Conte', 'Palazzo della Ragione', 'AMO']",Santa Anastasia,strategy_nearest,False,0.001981973648071289,success
042DC3429C4C80,3,['Arena'],Casa Giulietta,"['Centro Fotografia', 'Sighseeing', 'Torre Lamberti', 'Museo Conte', 'Museo Radio']",Torre Lamberti,strategy_nearest,True,0.003244161605834961,success
042DC5429C4C80,2,['Casa Giulietta'],Santa Anastasia,"['AMO', 'Museo Conte', 'Palazzo della Ragione', 'Teatro Romano', 'Centro Fotografia']",Castelvecchio,strategy_nearest,False,0.0032057762145996094,success
042DCA429C4C81,0,['Tomba Giulietta'],Arena,"['Verona Tour', 'Museo Lapidario', 'Museo Radio', 'San Fermo', 'Casa Giulietta']",Casa Giulietta,strategy_nearest,True,0.0017380714416503906,success
042DC6429C4C81,0,['Arena'],Casa Giulietta,"['Centro Fotografia', 'Sighseeing', 'Torre Lamberti', 'Museo Conte', 'Museo Radio']",Santa Anastasia,strategy_nearest,False,0.003255128860473633,success
042DCB3A9C4C80,2,"['Teatro Romano', 'Castelvecchio', 'San Zeno']",Torre Lamberti,"['Sighseeing', 'Centro Fotografia', 'Museo Conte', 'Casa Giulietta', 'Palazzo della Ragione']",Palazzo della Ragione,strategy_nearest,True,0.0034072399139404297,success
042DD8429C4C81,2,"['Casa Giulietta', 'Santa Anastasia']",Torre Lamberti,"['Sighseeing', 'Centro Fotografia', 'Museo Conte', 'Palazzo della Ragione', 'AMO']",Palazzo della Ragione,strategy_nearest,True,0.004017829895019531,success
042DDB3A9C4C80,3,['Torre Lamberti'],Santa Anastasia,"['AMO', 'Museo Conte', 'Palazzo della Ragione', 'Teatro Romano', 'Centro Fotografia']",Duomo,strategy_nearest,False,0.0025081634521484375,success
042DD43A9C4C81,0,['Casa Giulietta'],Castelvecchio,"['Museo Lapidario', 'Verona Tour', 'Arena', 'Museo Radio', 'San Zeno']",Arena,strategy_nearest,True,0.002838611602783203,success
042DE43A9C4C80,2,['San Fermo'],Casa Giulietta,"['Centro Fotografia', 'Sighseeing', 'Torre Lamberti', 'Museo Conte', 'Museo Radio']",Santa Anastasia,strategy_nearest,False,0.003297090530395508,success
042DEF3A9C4C80,0,['Arena'],San Zeno,"['Castelvecchio', 'Verona Tour', 'Museo Lapidario', 'Museo Miniscalchi', 'Sighseeing']",Castelvecchio,strategy_nearest,True,0.0020608901977539062,success
042DF33A9C4C80,3,"['San Zeno', 'Castelvecchio']",Arena,"['Verona Tour', 'Museo Lapidario', 'Museo Radio', 'San Fermo', 'Casa Giulietta']",Torre Lamberti,strategy_nearest,False,0.0030820369720458984,success
042DEF429C4C80,1,"['Santa Anastasia', 'Casa Giulietta', 'Torre Lamberti', 'Palazzo della Ragione']",San Fermo,"['Museo Storia', 'Museo Radio', 'Centro Fotografia', 'Arena', 'Sighseeing']",Tomba Giulietta,strategy_nearest,False,0.002712726593017578,success
042DF7429C4C80,0,['Casa Giulietta'],Arena,"['Verona Tour', 'Museo Lapidario', 'Museo Radio', 'San Fermo', 'Sighseeing']",Torre Lamberti,strategy_nearest,False,0.004069805145263672,success
042DFA429C4C80,0,['Arena'],Casa Giulietta,"['Centro Fotografia', 'Sighseeing', 'Torre Lamberti', 'Museo Conte', 'Museo Radio']",Torre Lamberti,strategy_nearest,True,0.0014371871948242188,success
042E383A9C4C80,2,"['Casa Giulietta', 'Torre Lamberti']",Duomo,"['AMO', 'Museo Miniscalchi', 'Santa Anastasia', 'Teatro Romano', 'Palazzo della Ragione']",Teatro Romano,strategy_nearest,True,0.0020389556884765625,success
042E3B429C4C80,0,['Arena'],Casa Giulietta,"['Centro Fotografia', 'Sighseeing', 'Torre Lamberti', 'Museo Conte', 'Museo Radio']",Castelvecchio,strategy_nearest,False,0.003233194351196289,success
042E3D3A9C4C80,0,['Arena'],Castelvecchio,"['Museo Lapidario', 'Verona Tour', 'Museo Radio', 'San Zeno', 'Sighseeing']",Casa Giulietta,strategy_nearest,False,0.0020580291748046875,success
042E3D429C4C80,3,"['Arena', 'Castelvecchio']",Santa Anastasia,"['AMO', 'Museo Conte', 'Palazzo della Ragione', 'Teatro Romano', 'Centro Fotografia']",Duomo,strategy_nearest,False,0.00215911865234375,success
042E5B429C4C80,0,['Arena'],Castelvecchio,"['Museo Lapidario', 'Verona Tour', 'Museo Radio', 'San Zeno', 'Sighseeing']",Casa Giulietta,strategy_nearest,False,0.0025620460510253906,success
042E69429C4C80,0,['Arena'],Casa Giulietta,"['Centro Fotografia', 'Sighseeing', 'Torre Lamberti', 'Museo Conte', 'Museo Radio']",Torre Lamberti,strategy_nearest,True,0.003181934356689453,success
042E6A429C4C81,3,"['Arena', 'Santa Anastasia']",Duomo,"['AMO', 'Museo Miniscalchi', 'Teatro Romano', 'Palazzo della Ragione', 'Museo Conte']",Casa Giulietta,strategy_nearest,False,0.0029947757720947266,success
042E6D429C4C80,0,['Castelvecchio'],Arena,"['Verona Tour', 'Museo Lapidario', 'Museo Radio', 'San Fermo', 'Casa Giulietta']",Casa Giulietta,strategy_nearest,True,0.002682209014892578,success
042E76429C4C80,3,"['Museo Lapidario', 'Arena']",Casa Giulietta,"['Centro Fotografia', 'Sighseeing', 'Torre Lamberti', 'Museo Conte', 'Museo Radio']",Santa Anastasia,strategy_nearest,False,0.002305746078491211,success
042E6F3A9C4C80,2,['Duomo'],Palazzo della Ragione,"['AMO', 'Museo Conte', 'Torre Lamberti', 'Centro Fotografia', 'Sighseeing']",Santa Anastasia,strategy_nearest,False,0.003217935562133789,success
042E73429C4C81,0,['Arena'],Casa Giulietta,"['Centro Fotografia', 'Sighseeing', 'Torre Lamberti', 'Museo Conte', 'Museo Radio']",Santa Anastasia,strategy_nearest,False,0.004050016403198242,success
042E7B4A9C4C81,3,"['Arena', 'Casa Giulietta']",Torre Lamberti,"['Sighseeing', 'Centro Fotografia', 'Museo Conte', 'Palazzo della Ragione', 'AMO']",Santa Anastasia,strategy_nearest,False,0.002257823944091797,success
042E80429C4C80,3,"['Arena', 'Casa Giulietta']",Torre Lamberti,"['Sighseeing', 'Centro Fotografia', 'Museo Conte', 'Palazzo della Ragione', 'AMO']",Santa Anastasia,strategy_nearest,False,0.002115964889526367,success
042E80429C4C81,0,['Casa Giulietta'],Castelvecchio,"['Museo Lapidario', 'Verona Tour', 'Arena', 'Museo Radio', 'San Zeno']",Arena,strategy_nearest,True,0.0026509761810302734,success
042E803A9C4C81,0,['Arena'],Castelvecchio,"['Museo Lapidario', 'Verona Tour', 'Museo Radio', 'San Zeno', 'Sighseeing']",Casa Giulietta,strategy_nearest,False,0.004032135009765625,success
042E82429C4C81,3,"['Castelvecchio', 'Arena', 'Casa Giulietta']",Torre Lamberti,"['Sighseeing', 'Centro Fotografia', 'Museo Conte', 'Palazzo della Ragione', 'AMO']",Santa Anastasia,strategy_nearest,False,0.003997087478637695,success
042E834A9C4C80,1,['Arena'],Museo Lapidario,"['Verona Tour', 'Castelvecchio', 'Museo Radio', 'San Fermo', 'Casa Giulietta']",Palazzo della Ragione,strategy_nearest,False,0.0027163028717041016,success
042E843A9C4C81,2,['Castelvecchio'],Casa Giulietta,"['Centro Fotografia', 'Sighseeing', 'Torre Lamberti', 'Museo Conte', 'Museo Radio']",Teatro Romano,strategy_nearest,False,0.001409769058227539,success
042E844A9C4C80,3,"['Arena', 'Torre Lamberti']",Duomo,"['AMO', 'Museo Miniscalchi', 'Santa Anastasia', 'Teatro Romano', 'Palazzo della Ragione']",Teatro Romano,strategy_nearest,True,0.0031800270080566406,success
042E8E429C4C80,1,"['Arena', 'Casa Giulietta']",Torre Lamberti,"['Sighseeing', 'Centro Fotografia', 'Museo Conte', 'Palazzo della Ragione', 'AMO']",Palazzo della Ragione,strategy_nearest,True,0.0015380382537841797,success
042E884A9C4C81,0,['Castelvecchio'],Arena,"['Verona Tour', 'Museo Lapidario', 'Museo Radio', 'San Fermo', 'Casa Giulietta']",Casa Giulietta,strategy_nearest,True,0.0021932125091552734,success
042E8D4A9C4C80,0,['Arena'],Casa Giulietta,"['Centro Fotografia', 'Sighseeing', 'Torre Lamberti', 'Museo Conte', 'Museo Radio']",Teatro Romano,strategy_nearest,False,0.0033867359161376953,success
042E8F4A9C4C80,3,"['Arena', 'Torre Lamberti']",Santa Anastasia,"['AMO', 'Museo Conte', 'Palazzo della Ragione', 'Teatro Romano', 'Centro Fotografia']",Casa Giulietta,strategy_nearest,False,0.0026092529296875,success
042E9B429C4C81,0,['Arena'],Torre Lamberti,"['Sighseeing', 'Centro Fotografia', 'Museo Conte', 'Casa Giulietta', 'Palazzo della Ragione']",Casa Giulietta,strategy_nearest,True,0.0014808177947998047,success
042E9F429C4C81,2,['Duomo'],Casa Giulietta,"['Centro Fotografia', 'Sighseeing', 'Torre Lamberti', 'Museo Conte', 'Museo Radio']",Teatro Romano,strategy_nearest,False,0.0025849342346191406,success
042E97429C4C81,1,"['Arena', 'San Fermo', 'Casa Giulietta', 'Palazzo della Ragione']",Torre Lamberti,"['Sighseeing', 'Centro Fotografia', 'Museo Conte', 'AMO', 'Museo Miniscalchi']",Santa Anastasia,strategy_nearest,False,0.0021398067474365234,success
042E914A9C4C80,0,['Arena'],Casa Giulietta,"['Centro Fotografia', 'Sighseeing', 'Torre Lamberti', 'Museo Conte', 'Museo Radio']",Santa Anastasia,strategy_nearest,False,0.003348112106323242,success
042EA34A9C4C80,0,['Arena'],Casa Giulietta,"['Centro Fotografia', 'Sighseeing', 'Torre Lamberti', 'Museo Conte', 'Museo Radio']",Teatro Romano,strategy_nearest,False,0.0013020038604736328,success
042EA63A9C4C81,1,"['Arena', 'Casa Giulietta']",Torre Lamberti,"['Sighseeing', 'Centro Fotografia', 'Museo Conte', 'Palazzo della Ragione', 'AMO']",Palazzo della Ragione,strategy_nearest,True,0.002692699432373047,success
042EA1429C4C81,1,"['Palazzo della Ragione', 'Torre Lamberti']",Santa Anastasia,"['AMO', 'Museo Conte', 'Teatro Romano', 'Centro Fotografia', 'Duomo']",Duomo,strategy_nearest,True,0.0020949840545654297,success
042EA73A9C4C80,0,['Arena'],Casa Giulietta,"['Centro Fotografia', 'Sighseeing', 'Torre Lamberti', 'Museo Conte', 'Museo Radio']",Teatro Romano,strategy_nearest,False,0.002894163131713867,success
042EA84A9C4C80,0,['Arena'],Casa Giulietta,"['Centro Fotografia', 'Sighseeing', 'Torre Lamberti', 'Museo Conte', 'Museo Radio']",Duomo,strategy_nearest,False,0.002733945846557617,success
042EB0429C4C80,3,"['Castelvecchio', 'Arena']",San Fermo,"['Museo Storia', 'Museo Radio', 'Casa Giulietta', 'Centro Fotografia', 'Sighseeing']",Santa Anastasia,strategy_nearest,False,0.0025870800018310547,success
042EA93A9C4C81,2,['Torre Lamberti'],Santa Anastasia,"['AMO', 'Museo Conte', 'Palazzo della Ragione', 'Teatro Romano', 'Centro Fotografia']",Casa Giulietta,strategy_nearest,False,0.0021398067474365234,success
042EAD3A9C4C80,0,['Arena'],Castelvecchio,"['Museo Lapidario', 'Verona Tour', 'Museo Radio', 'San Zeno', 'Sighseeing']",Casa Giulietta,strategy_nearest,False,0.0033140182495117188,success
042EB23A9C4C80,1,"['Castelvecchio', 'Arena']",Casa Giulietta,"['Centro Fotografia', 'Sighseeing', 'Torre Lamberti', 'Museo Conte', 'Museo Radio']",Torre Lamberti,strategy_nearest,True,0.003325939178466797,success
042EB63A9C4C80,0,['Casa Giulietta'],Arena,"['Verona Tour', 'Museo Lapidario', 'Museo Radio', 'San Fermo', 'Sighseeing']",Torre Lamberti,strategy_nearest,False,0.002007722854614258,success
042EB1429C4C81,3,"['Arena', 'Castelvecchio']",Torre Lamberti,"['Sighseeing', 'Centro Fotografia', 'Museo Conte', 'Casa Giulietta', 'Palazzo della Ragione']",Santa Anastasia,strategy_nearest,False,0.0027551651000976562,success
042EB33A9C4C81,0,['Arena'],Castelvecchio,"['Museo Lapidario', 'Verona Tour', 'Museo Radio', 'San Zeno', 'Sighseeing']",Teatro Romano,strategy_nearest,False,0.0014891624450683594,success
042EBB3A9C4C81,0,['Arena'],Castelvecchio,"['Museo Lapidario', 'Verona Tour', 'Museo Radio', 'San Zeno', 'Sighseeing']",Casa Giulietta,strategy_nearest,False,0.0026459693908691406,success
042EBA3A9C4C80,0,"['Arena', 'Torre Lamberti']",Casa Giulietta,"['Centro Fotografia', 'Sighseeing', 'Museo Conte', 'Museo Radio', 'Palazzo della Ragione']",Museo Storia,strategy_nearest,False,0.00214385986328125,success
042EBB429C4C80,0,['Arena'],Castelvecchio,"['Museo Lapidario', 'Verona Tour', 'Museo Radio', 'San Zeno', 'Sighseeing']",Casa Giulietta,strategy_nearest,False,0.003217935562133789,success
042EB9429C4C81,0,['Casa Giulietta'],Arena,"['Verona Tour', 'Museo Lapidario', 'Museo Radio', 'San Fermo', 'Sighseeing']",Tomba Giulietta,strategy_nearest,False,0.001461029052734375,success
042EC53A9C4C81,3,"['Castelvecchio', 'Arena', 'Casa Giulietta']",Santa Anastasia,"['AMO', 'Museo Conte', 'Palazzo della Ragione', 'Teatro Romano', 'Centro Fotografia']",Torre Lamberti,strategy_nearest,False,0.001966238021850586,success
042ECC429C4C80,1,"['Arena', 'San Fermo', 'Casa Giulietta']",Castelvecchio,"['Museo Lapidario', 'Verona Tour', 'Museo Radio', 'San Zeno', 'Sighseeing']",Santa Anastasia,strategy_nearest,False,0.0030519962310791016,success
042EC3429C4C81,0,"['Castelvecchio', 'Arena']",Casa Giulietta,"['Centro Fotografia', 'Sighseeing', 'Torre Lamberti', 'Museo Conte', 'Museo Radio']",Teatro Romano,strategy_nearest,False,0.002007007598876953,success
042ECA429C4C81,3,"['Arena', 'Castelvecchio']",San Zeno,"['Verona Tour', 'Museo Lapidario', 'Museo Miniscalchi', 'Sighseeing', 'Museo Radio']",Santa Anastasia,strategy_nearest,False,0.002701997756958008,success
042ED73A9C4C80,0,['Arena'],Casa Giulietta,"['Centro Fotografia', 'Sighseeing', 'Torre Lamberti', 'Museo Conte', 'Museo Radio']",Torre Lamberti,strategy_nearest,True,0.0024940967559814453,success
042ED63A9C4C80,0,['Arena'],Casa Giulietta,"['Centro Fotografia', 'Sighseeing', 'Torre Lamberti', 'Museo Conte', 'Museo Radio']",Torre Lamberti,strategy_nearest,True,0.003184080123901367,success
042EDA3A9C4C80,1,"['Castelvecchio', 'Arena', 'Casa Giulietta', 'Teatro Romano']",Torre Lamberti,"['Sighseeing', 'Centro Fotografia', 'Museo Conte', 'Palazzo della Ragione', 'AMO']",Palazzo della Ragione,strategy_nearest,True,0.0012798309326171875,success
042EE3429C4C80,3,"['Torre Lamberti', 'Casa Giulietta', 'Castelvecchio']",San Zeno,"['Verona Tour', 'Museo Lapidario', 'Arena', 'Museo Miniscalchi', 'Sighseeing']",Arena,strategy_nearest,True,0.0033652782440185547,success
042EF63A9C4C80,2,['Casa Giulietta'],Duomo,"['AMO', 'Museo Miniscalchi', 'Santa Anastasia', 'Teatro Romano', 'Palazzo della Ragione']",Santa Anastasia,strategy_nearest,True,0.0019338130950927734,success
042EFB3A9C4C80,2,"['Casa Giulietta', 'Santa Anastasia']",Teatro Romano,"['Duomo', 'AMO', 'Palazzo della Ragione', 'Museo Conte', 'Centro Fotografia']",Duomo,strategy_nearest,True,0.00251007080078125,success
042F3D429C4C80,1,"['Arena', 'Torre Lamberti']",Palazzo della Ragione,"['AMO', 'Museo Conte', 'Centro Fotografia', 'Sighseeing', 'Santa Anastasia']",Casa Giulietta,strategy_nearest,False,0.003310680389404297,success
042F533A9C4C80,1,"['Torre Lamberti', 'Duomo', 'Teatro Romano', 'Giardino Giusti', 'Casa Giulietta']",San Zeno,"['Castelvecchio', 'Verona Tour', 'Museo Lapidario', 'Arena', 'Museo Miniscalchi']",Arena,strategy_nearest,True,0.002006053924560547,success
042F3D4A9C4C80,2,"['Castelvecchio', 'Torre Lamberti', 'Palazzo della Ragione', 'Santa Anastasia']",Tomba Giulietta,"['San Fermo', 'Museo Storia', 'Arena', 'Museo Lapidario', 'Museo Radio']",San Zeno,strategy_nearest,False,0.0033881664276123047,success
042F54429C4C80,2,"['Palazzo della Ragione', 'Torre Lamberti']",Casa Giulietta,"['Centro Fotografia', 'Sighseeing', 'Museo Conte', 'Museo Radio', 'San Fermo']",Santa Anastasia,strategy_nearest,False,0.0026760101318359375,success
042F5A3A9C4C80,0,['Arena'],Castelvecchio,"['Museo Lapidario', 'Verona Tour', 'Museo Radio', 'San Zeno', 'Sighseeing']",Casa Giulietta,strategy_nearest,False,0.0030372142791748047,success
042F6A429C4C80,0,['Arena'],Casa Giulietta,"['Centro Fotografia', 'Sighseeing', 'Torre Lamberti', 'Museo Conte', 'Museo Radio']",Torre Lamberti,strategy_nearest,True,0.0021181106567382812,success
042F5B3A9C4C80,0,"['Arena', 'Duomo']",Casa Giulietta,"['Centro Fotografia', 'Sighseeing', 'Torre Lamberti', 'Museo Conte', 'Museo Radio']",Castelvecchio,strategy_nearest,False,0.003591775894165039,success
042F6B429C4C80,0,['Arena'],Torre Lamberti,"['Sighseeing', 'Centro Fotografia', 'Museo Conte', 'Casa Giulietta', 'Palazzo della Ragione']",Casa Giulietta,strategy_nearest,True,0.0014920234680175781,success
042F63429C4C80,2,"['San Fermo', 'Torre Lamberti', 'Palazzo della Ragione']",Santa Anastasia,"['AMO', 'Museo Conte', 'Teatro Romano', 'Centro Fotografia', 'Duomo']",Teatro Romano,strategy_nearest,True,0.0043032169342041016,success
042F70429C4C81,0,['Casa Giulietta'],Torre Lamberti,"['Sighseeing', 'Centro Fotografia', 'Museo Conte', 'Palazzo della Ragione', 'AMO']",Arena,strategy_nearest,False,0.0018351078033447266,success
042F743A9C4C81,0,['Tomba Giulietta'],Arena,"['Verona Tour', 'Museo Lapidario', 'Museo Radio', 'San Fermo', 'Casa Giulietta']",Casa Giulietta,strategy_nearest,True,0.0036427974700927734,success
042F74429C4C80,0,['Arena'],Museo Lapidario,"['Verona Tour', 'Castelvecchio', 'Museo Radio', 'San Fermo', 'Casa Giulietta']",Castelvecchio,strategy_nearest,True,0.0024678707122802734,success
042F72429C4C81,0,['Arena'],Casa Giulietta,"['Centro Fotografia', 'Sighseeing', 'Torre Lamberti', 'Museo Conte', 'Museo Radio']",Torre Lamberti,strategy_nearest,True,0.002081155776977539,success
042F71429C4C80,0,['Torre Lamberti'],Casa Giulietta,"['Centro Fotografia', 'Sighseeing', 'Museo Conte', 'Museo Radio', 'Palazzo della Ragione']",Castelvecchio,strategy_nearest,False,0.003571033477783203,success
042F77429C4C81,0,['Arena'],Casa Giulietta,"['Centro Fotografia', 'Sighseeing', 'Torre Lamberti', 'Museo Conte', 'Museo Radio']",Torre Lamberti,strategy_nearest,True,0.0020751953125,success
042F76429C4C80,3,"['Castelvecchio', 'Torre Lamberti']",Santa Anastasia,"['AMO', 'Museo Conte', 'Palazzo della Ragione', 'Teatro Romano', 'Centro Fotografia']",Duomo,strategy_nearest,False,0.001489877700805664,success
042F7A429C4C81,0,['Arena'],Casa Giulietta,"['Centro Fotografia', 'Sighseeing', 'Torre Lamberti', 'Museo Conte', 'Museo Radio']",Torre Lamberti,strategy_nearest,True,0.002652883529663086,success
042F7A4A9C4C81,3,"['Arena', 'San Zeno']",Casa Giulietta,"['Centro Fotografia', 'Sighseeing', 'Torre Lamberti', 'Museo Conte', 'Museo Radio']",Teatro Romano,strategy_nearest,False,0.0034008026123046875,success
042F7B429C4C81,0,['Castelvecchio'],Arena,"['Verona Tour', 'Museo Lapidario', 'Museo Radio', 'San Fermo', 'Casa Giulietta']",Casa Giulietta,strategy_nearest,True,0.0018117427825927734,success
042F7C4A9C4C80,0,['Casa Giulietta'],Torre Lamberti,"['Sighseeing', 'Centro Fotografia', 'Museo Conte', 'Palazzo della Ragione', 'AMO']",Arena,strategy_nearest,False,0.002482891082763672,success
042F834A9C4C80,0,['Arena'],Torre Lamberti,"['Sighseeing', 'Centro Fotografia', 'Museo Conte', 'Casa Giulietta', 'Palazzo della Ragione']",Casa Giulietta,strategy_nearest,True,0.00209808349609375,success
042F7D429C4C80,3,"['Castelvecchio', 'Arena']",Casa Giulietta,"['Centro Fotografia', 'Sighseeing', 'Torre Lamberti', 'Museo Conte', 'Museo Radio']",Teatro Romano,strategy_nearest,False,0.002992868423461914,success
042F83429C4C81,3,"['Casa Giulietta', 'Arena', 'Torre Lamberti']",Castelvecchio,"['Museo Lapidario', 'Verona Tour', 'Museo Radio', 'San Zeno', 'Sighseeing']",San Zeno,strategy_nearest,True,0.002790212631225586,success
042F823A9C4C80,2,"['Castelvecchio', 'San Zeno']",Santa Anastasia,"['AMO', 'Museo Conte', 'Palazzo della Ragione', 'Teatro Romano', 'Centro Fotografia']",Casa Giulietta,strategy_nearest,False,0.003451824188232422,success
042F844A9C4C81,0,['Arena'],Castelvecchio,"['Museo Lapidario', 'Verona Tour', 'Museo Radio', 'San Zeno', 'Sighseeing']",Teatro Romano,strategy_nearest,False,0.002749204635620117,success
042F843A9C4C81,1,"['Arena', 'Casa Giulietta']",Teatro Romano,"['Santa Anastasia', 'Duomo', 'AMO', 'Palazzo della Ragione', 'Museo Conte']",Torre Lamberti,strategy_nearest,False,0.003990888595581055,success
042F874A9C4C80,0,['Arena'],Casa Giulietta,"['Centro Fotografia', 'Sighseeing', 'Torre Lamberti', 'Museo Conte', 'Museo Radio']",Teatro Romano,strategy_nearest,False,0.0013980865478515625,success
042F894A9C4C81,1,"['Arena', 'Museo Lapidario']",Castelvecchio,"['Verona Tour', 'Museo Radio', 'San Zeno', 'Sighseeing', 'Museo Miniscalchi']",Palazzo della Ragione,strategy_nearest,False,0.003609895706176758,success
042F8C3A9C4C81,3,"['Casa Giulietta', 'Arena', 'Tomba Giulietta']",San Fermo,"['Museo Storia', 'Museo Radio', 'Centro Fotografia', 'Sighseeing', 'Torre Lamberti']",Teatro Romano,strategy_nearest,False,0.0026082992553710938,success
042F8D4A9C4C81,0,['Arena'],Casa Giulietta,"['Centro Fotografia', 'Sighseeing', 'Torre Lamberti', 'Museo Conte', 'Museo Radio']",Torre Lamberti,strategy_nearest,True,0.0019860267639160156,success
042F8E4A9C4C81,0,['Arena'],Torre Lamberti,"['Sighseeing', 'Centro Fotografia', 'Museo Conte', 'Casa Giulietta', 'Palazzo della Ragione']",Duomo,strategy_nearest,False,0.003103971481323242,success
042F8E3A9C4C80,0,['Arena'],Casa Giulietta,"['Centro Fotografia', 'Sighseeing', 'Torre Lamberti', 'Museo Conte', 'Museo Radio']",Torre Lamberti,strategy_nearest,True,0.0026018619537353516,success
042F98429C4C81,1,"['Castelvecchio', 'Teatro Romano']",Santa Anastasia,"['AMO', 'Museo Conte', 'Palazzo della Ragione', 'Centro Fotografia', 'Duomo']",Torre Lamberti,strategy_nearest,False,0.002474069595336914,success
042F97429C4C81,3,"['Arena', 'Casa Giulietta']",Santa Anastasia,"['AMO', 'Museo Conte', 'Palazzo della Ragione', 'Teatro Romano', 'Centro Fotografia']",Duomo,strategy_nearest,False,0.003139972686767578,success
042F944A9C4C81,1,"['Arena', 'Torre Lamberti', 'Palazzo della Ragione', 'Casa Giulietta']",Santa Anastasia,"['AMO', 'Museo Conte', 'Teatro Romano', 'Centro Fotografia', 'Duomo']",Tomba Giulietta,strategy_nearest,False,0.00261688232421875,success
042F9A429C4C80,0,['Arena'],Casa Giulietta,"['Centro Fotografia', 'Sighseeing', 'Torre Lamberti', 'Museo Conte', 'Museo Radio']",Torre Lamberti,strategy_nearest,True,0.0032172203063964844,success
042F9D429C4C80,2,"['Santa Anastasia', 'Duomo']",Teatro Romano,"['AMO', 'Palazzo della Ragione', 'Museo Conte', 'Centro Fotografia', 'Museo Miniscalchi']",Casa Giulietta,strategy_nearest,False,0.0027420520782470703,success
042FA0429C4C80,0,['Arena'],Casa Giulietta,"['Centro Fotografia', 'Sighseeing', 'Torre Lamberti', 'Museo Conte', 'Museo Radio']",Torre Lamberti,strategy_nearest,True,0.0033059120178222656,success
042F9F429C4C80,1,['Arena'],Palazzo della Ragione,"['AMO', 'Museo Conte', 'Torre Lamberti', 'Centro Fotografia', 'Sighseeing']",Torre Lamberti,strategy_nearest,True,0.0021209716796875,success
042FA73A9C4C80,3,"['Arena', 'Castelvecchio', 'Torre Lamberti']",Casa Giulietta,"['Centro Fotografia', 'Sighseeing', 'Museo Conte', 'Museo Radio', 'Palazzo della Ragione']",Santa Anastasia,strategy_nearest,False,0.003306865692138672,success
042FA74A9C4C81,1,"['Arena', 'Casa Giulietta', 'Casa Giulietta']",Torre Lamberti,"['Sighseeing', 'Centro Fotografia', 'Museo Conte', 'Palazzo della Ragione', 'AMO']",Palazzo della Ragione,strategy_nearest,True,0.002148151397705078,success
042FAE429C4C80,3,"['Arena', 'Casa Giulietta']",Torre Lamberti,"['Sighseeing', 'Centro Fotografia', 'Museo Conte', 'Palazzo della Ragione', 'AMO']",Santa Anastasia,strategy_nearest,False,0.0027709007263183594,success
042FB73A9C4C80,1,"['Arena', 'Palazzo della Ragione']",Santa Anastasia,"['AMO', 'Museo Conte', 'Teatro Romano', 'Centro Fotografia', 'Duomo']",Teatro Romano,strategy_nearest,True,0.0026552677154541016,success
042FB23A9C4C80,0,['Arena'],Castelvecchio,"['Museo Lapidario', 'Verona Tour', 'Museo Radio', 'San Zeno', 'Sighseeing']",Duomo,strategy_nearest,False,0.0033309459686279297,success
042FC0429C4C80,0,['Arena'],Torre Lamberti,"['Sighseeing', 'Centro Fotografia', 'Museo Conte', 'Casa Giulietta', 'Palazzo della Ragione']",Casa Giulietta,strategy_nearest,True,0.00255584716796875,success
042FBA429C4C80,3,"['Casa Giulietta', 'Tomba Giulietta', 'Castelvecchio']",Arena,"['Verona Tour', 'Museo Lapidario', 'Museo Radio', 'San Fermo', 'Sighseeing']",Duomo,strategy_nearest,False,0.0024399757385253906,success
042FC2429C4C80,0,['Arena'],Casa Giulietta,"['Centro Fotografia', 'Sighseeing', 'Torre Lamberti', 'Museo Conte', 'Museo Radio']",Torre Lamberti,strategy_nearest,True,0.0026128292083740234,success
042FC53A9C4C80,1,"['Arena', 'Casa Giulietta', 'Torre Lamberti']",Palazzo della Ragione,"['AMO', 'Museo Conte', 'Centro Fotografia', 'Sighseeing', 'Santa Anastasia']",Santa Anastasia,strategy_nearest,True,0.0029997825622558594,success
042FC73A9C4C80,0,['Arena'],Casa Giulietta,"['Centro Fotografia', 'Sighseeing', 'Torre Lamberti', 'Museo Conte', 'Museo Radio']",Castelvecchio,strategy_nearest,False,0.0023927688598632812,success
042FD23A9C4C80,1,"['Arena', 'Torre Lamberti', 'Palazzo della Ragione', 'Museo Lapidario']",Castelvecchio,"['Verona Tour', 'Museo Radio', 'San Zeno', 'Sighseeing', 'Museo Miniscalchi']",San Fermo,strategy_nearest,False,0.0032019615173339844,success
042FD33A9C4C80,1,"['Teatro Romano', 'Duomo', 'Santa Anastasia', 'Torre Lamberti']",Palazzo della Ragione,"['AMO', 'Museo Conte', 'Centro Fotografia', 'Sighseeing', 'Museo Miniscalchi']",Casa Giulietta,strategy_nearest,False,0.0025162696838378906,success
042FD63A9C4C80,3,"['Duomo', 'Santa Anastasia']",Teatro Romano,"['AMO', 'Palazzo della Ragione', 'Museo Conte', 'Centro Fotografia', 'Museo Miniscalchi']",Castelvecchio,strategy_nearest,False,0.0032057762145996094,success
042FE33A9C4C80,2,"['Castelvecchio', 'Torre Lamberti', 'Palazzo della Ragione']",Teatro Romano,"['Santa Anastasia', 'Duomo', 'AMO', 'Museo Conte', 'Centro Fotografia']",Duomo,strategy_nearest,True,0.002090930938720703,success
0430013A9C4C84,3,['Arena'],Casa Giulietta,"['Centro Fotografia', 'Sighseeing', 'Torre Lamberti', 'Museo Conte', 'Museo Radio']",Santa Anastasia,strategy_nearest,False,0.003531932830810547,success
0430003A9C4C84,2,['San Fermo'],Casa Giulietta,"['Centro Fotografia', 'Sighseeing', 'Torre Lamberti', 'Museo Conte', 'Museo Radio']",Santa Anastasia,strategy_nearest,False,0.0027887821197509766,success
04303E3A9C4C80,0,['Casa Giulietta'],San Zeno,"['Castelvecchio', 'Verona Tour', 'Museo Lapidario', 'Arena', 'Museo Miniscalchi']",Arena,strategy_nearest,True,0.002927064895629883,success
04304D429C4C80,0,"['Arena', 'Casa Giulietta']",Torre Lamberti,"['Sighseeing', 'Centro Fotografia', 'Museo Conte', 'Palazzo della Ragione', 'AMO']",Castelvecchio,strategy_nearest,False,0.0018391609191894531,success
043041429C4C80,3,"['Tomba Giulietta', 'Arena']",Casa Giulietta,"['Centro Fotografia', 'Sighseeing', 'Torre Lamberti', 'Museo Conte', 'Museo Radio']",Santa Anastasia,strategy_nearest,False,0.0032122135162353516,success
0430503A9C4C80,0,['Arena'],Casa Giulietta,"['Centro Fotografia', 'Sighseeing', 'Torre Lamberti', 'Museo Conte', 'Museo Radio']",Torre Lamberti,strategy_nearest,True,0.0031752586364746094,success
043052429C4C80,0,"['Arena', 'San Zeno']",Castelvecchio,"['Museo Lapidario', 'Verona Tour', 'Museo Radio', 'Sighseeing', 'Museo Miniscalchi']",Arena,strategy_nearest,False,0.0029671192169189453,success
043053429C4C80,1,"['Arena', 'Castelvecchio', 'Teatro Romano']",Santa Anastasia,"['AMO', 'Museo Conte', 'Palazzo della Ragione', 'Centro Fotografia', 'Duomo']",Palazzo della Ragione,strategy_nearest,True,0.002427816390991211,success
043056429C4C80,2,['Castelvecchio'],Torre Lamberti,"['Sighseeing', 'Centro Fotografia', 'Museo Conte', 'Casa Giulietta', 'Palazzo della Ragione']",Santa Anastasia,strategy_nearest,False,0.003214120864868164,success
04305A3A9C4C80,1,"['Arena', 'San Fermo', 'Casa Giulietta']",Palazzo della Ragione,"['AMO', 'Museo Conte', 'Torre Lamberti', 'Centro Fotografia', 'Sighseeing']",Duomo,strategy_nearest,False,0.001965761184692383,success
043068429C4C80,0,['Arena'],Casa Giulietta,"['Centro Fotografia', 'Sighseeing', 'Torre Lamberti', 'Museo Conte', 'Museo Radio']",Santa Anastasia,strategy_nearest,False,0.0021600723266601562,success
043062429C4C80,3,['Arena'],Casa Giulietta,"['Centro Fotografia', 'Sighseeing', 'Torre Lamberti', 'Museo Conte', 'Museo Radio']",Torre Lamberti,strategy_nearest,True,0.004063129425048828,success
0430723A9C4C80,2,['Casa Giulietta'],San Fermo,"['Museo Storia', 'Museo Radio', 'Centro Fotografia', 'Arena', 'Sighseeing']",Torre Lamberti,strategy_nearest,False,0.0030629634857177734,success
043069429C4C80,2,"['Casa Giulietta', 'San Fermo']",Torre Lamberti,"['Sighseeing', 'Centro Fotografia', 'Museo Conte', 'Palazzo della Ragione', 'AMO']",Santa Anastasia,strategy_nearest,False,0.002835988998413086,success
043069429C4C81,2,['Torre Lamberti'],Casa Giulietta,"['Centro Fotografia', 'Sighseeing', 'Museo Conte', 'Museo Radio', 'Palazzo della Ragione']",Teatro Romano,strategy_nearest,False,0.0027790069580078125,success
043076429C4C80,0,['Castelvecchio'],Santa Anastasia,"['AMO', 'Museo Conte', 'Palazzo della Ragione', 'Teatro Romano', 'Centro Fotografia']",Arena,strategy_nearest,False,0.003000020980834961,success
04307A429C4C81,0,['Arena'],Casa Giulietta,"['Centro Fotografia', 'Sighseeing', 'Torre Lamberti', 'Museo Conte', 'Museo Radio']",Torre Lamberti,strategy_nearest,True,0.0031080245971679688,success
0430773A9C4C80,0,['Arena'],Castelvecchio,"['Museo Lapidario', 'Verona Tour', 'Museo Radio', 'San Zeno', 'Sighseeing']",San Zeno,strategy_nearest,True,0.0027730464935302734,success
0430794A9C4C81,2,['Torre Lamberti'],Santa Anastasia,"['AMO', 'Museo Conte', 'Palazzo della Ragione', 'Teatro Romano', 'Centro Fotografia']",Duomo,strategy_nearest,False,0.0020012855529785156,success
04307C4A9C4C80,1,"['Tomba Giulietta', 'Arena']",Casa Giulietta,"['Centro Fotografia', 'Sighseeing', 'Torre Lamberti', 'Museo Conte', 'Museo Radio']",Palazzo della Ragione,strategy_nearest,False,0.0033311843872070312,success
04307B3A9C4C80,0,['Arena'],Casa Giulietta,"['Centro Fotografia', 'Sighseeing', 'Torre Lamberti', 'Museo Conte', 'Museo Radio']",Torre Lamberti,strategy_nearest,True,0.004060268402099609,success
0430804A9C4C81,0,['Arena'],Torre Lamberti,"['Sighseeing', 'Centro Fotografia', 'Museo Conte', 'Casa Giulietta', 'Palazzo della Ragione']",Casa Giulietta,strategy_nearest,True,0.0014629364013671875,success
04307F3A9C4C81,2,['San Fermo'],Museo Storia,"['Museo Radio', 'Casa Giulietta', 'Centro Fotografia', 'Tomba Giulietta', 'Arena']",Palazzo della Ragione,strategy_nearest,False,0.002718210220336914,success
043088429C4C80,2,['Casa Giulietta'],Duomo,"['AMO', 'Museo Miniscalchi', 'Santa Anastasia', 'Teatro Romano', 'Palazzo della Ragione']",Santa Anastasia,strategy_nearest,True,0.0026688575744628906,success
04308E429C4C80,3,['Arena'],Casa Giulietta,"['Centro Fotografia', 'Sighseeing', 'Torre Lamberti', 'Museo Conte', 'Museo Radio']",Torre Lamberti,strategy_nearest,True,0.001936197280883789,success
0430814A9C4C80,0,['Arena'],Castelvecchio,"['Museo Lapidario', 'Verona Tour', 'Museo Radio', 'San Zeno', 'Sighseeing']",Casa Giulietta,strategy_nearest,False,0.0034089088439941406,success
043082429C4C81,3,"['Duomo', 'Santa Anastasia']",Casa Giulietta,"['Centro Fotografia', 'Sighseeing', 'Torre Lamberti', 'Museo Conte', 'Museo Radio']",Arena,strategy_nearest,False,0.001528024673461914,success
04308F4A9C4C80,3,"['Arena', 'Casa Giulietta']",Torre Lamberti,"['Sighseeing', 'Centro Fotografia', 'Museo Conte', 'Palazzo della Ragione', 'AMO']",Santa Anastasia,strategy_nearest,False,0.002568960189819336,success
043092429C4C80,2,"['Casa Giulietta', 'Torre Lamberti']",Palazzo della Ragione,"['AMO', 'Museo Conte', 'Centro Fotografia', 'Sighseeing', 'Santa Anastasia']",Santa Anastasia,strategy_nearest,True,0.001306772232055664,success
0430924A9C4C81,0,"['Castelvecchio', 'Arena', 'San Fermo']",Casa Giulietta,"['Centro Fotografia', 'Sighseeing', 'Torre Lamberti', 'Museo Conte', 'Museo Radio']",Torre Lamberti,strategy_nearest,True,0.002488851547241211,success
043098429C4C81,3,"['Casa Giulietta', 'San Zeno', 'Castelvecchio']",Arena,"['Verona Tour', 'Museo Lapidario', 'Museo Radio', 'San Fermo', 'Sighseeing']",Torre Lamberti,strategy_nearest,False,0.0032241344451904297,success
04309D429C4C80,2,['Castelvecchio'],Duomo,"['AMO', 'Museo Miniscalchi', 'Santa Anastasia', 'Teatro Romano', 'Palazzo della Ragione']",Santa Anastasia,strategy_nearest,True,0.0027811527252197266,success
04309D429C4C81,3,['Arena'],Casa Giulietta,"['Centro Fotografia', 'Sighseeing', 'Torre Lamberti', 'Museo Conte', 'Museo Radio']",Santa Anastasia,strategy_nearest,False,0.001850128173828125,success
0430A4429C4C81,0,"['Castelvecchio', 'Arena']",Casa Giulietta,"['Centro Fotografia', 'Sighseeing', 'Torre Lamberti', 'Museo Conte', 'Museo Radio']",Duomo,strategy_nearest,False,0.002933025360107422,success
04309E4A9C4C81,0,['Arena'],Casa Giulietta,"['Centro Fotografia', 'Sighseeing', 'Torre Lamberti', 'Museo Conte', 'Museo Radio']",Castelvecchio,strategy_nearest,False,0.0027289390563964844,success
0430A63A9C4C81,3,"['Arena', 'San Fermo', 'Casa Giulietta']",Torre Lamberti,"['Sighseeing', 'Centro Fotografia', 'Museo Conte', 'Palazzo della Ragione', 'AMO']",Santa Anastasia,strategy_nearest,False,0.002053976058959961,success
0430A73A9C4C80,3,"['Castelvecchio', 'Castelvecchio', 'Arena', 'Tomba Giulietta']",San Fermo,"['Museo Storia', 'Museo Radio', 'Casa Giulietta', 'Centro Fotografia', 'Sighseeing']",Casa Giulietta,strategy_nearest,True,0.0026078224182128906,success
0430A5429C4C80,2,['Castelvecchio'],Torre Lamberti,"['Sighseeing', 'Centro Fotografia', 'Museo Conte', 'Casa Giulietta', 'Palazzo della Ragione']",Casa Giulietta,strategy_nearest,True,0.004673957824707031,success
0430A63A9C4C80,0,['Arena'],Casa Giulietta,"['Centro Fotografia', 'Sighseeing', 'Torre Lamberti', 'Museo Conte', 'Museo Radio']",Teatro Romano,strategy_nearest,False,0.0014541149139404297,success
0430A93A9C4C81,0,['Arena'],Casa Giulietta,"['Centro Fotografia', 'Sighseeing', 'Torre Lamberti', 'Museo Conte', 'Museo Radio']",Tomba Giulietta,strategy_nearest,False,0.0026569366455078125,success
0430A74A9C4C81,3,['Arena'],San Zeno,"['Castelvecchio', 'Verona Tour', 'Museo Lapidario', 'Museo Miniscalchi', 'Sighseeing']",San Fermo,strategy_nearest,False,0.0018091201782226562,success
0430AF429C4C81,2,['Museo Lapidario'],Castelvecchio,"['Verona Tour', 'Arena', 'Museo Radio', 'San Zeno', 'Sighseeing']",Santa Anastasia,strategy_nearest,False,0.0026259422302246094,success
0430AB429C4C80,2,['Teatro Romano'],Santa Anastasia,"['AMO', 'Museo Conte', 'Palazzo della Ragione', 'Centro Fotografia', 'Duomo']",Castelvecchio,strategy_nearest,False,0.003299236297607422,success
0430B13A9C4C81,0,"['Arena', 'Casa Giulietta']",Castelvecchio,"['Museo Lapidario', 'Verona Tour', 'Museo Radio', 'San Zeno', 'Sighseeing']",Castelvecchio,strategy_nearest,False,0.003920078277587891,success
0430C13A9C4C80,1,"['Arena', 'Casa Giulietta']",Palazzo della Ragione,"['AMO', 'Museo Conte', 'Torre Lamberti', 'Centro Fotografia', 'Sighseeing']",Torre Lamberti,strategy_nearest,True,0.0032148361206054688,success
0430B6429C4C80,3,"['Arena', 'Casa Giulietta', 'Torre Lamberti']",Santa Anastasia,"['AMO', 'Museo Conte', 'Palazzo della Ragione', 'Teatro Romano', 'Centro Fotografia']",Duomo,strategy_nearest,False,0.0019321441650390625,success
0430BF429C4C81,2,"['Casa Giulietta', 'Torre Lamberti']",Palazzo della Ragione,"['AMO', 'Museo Conte', 'Centro Fotografia', 'Sighseeing', 'Santa Anastasia']",San Fermo,strategy_nearest,False,0.002020120620727539,success
0430CF3A9C4C81,2,['Santa Anastasia'],Duomo,"['AMO', 'Museo Miniscalchi', 'Teatro Romano', 'Palazzo della Ragione', 'Museo Conte']",Casa Giulietta,strategy_nearest,False,0.0032320022583007812,success
0430C93A9C4C81,1,"['Arena', 'Casa Giulietta', 'Duomo', 'Santa Anastasia']",Tomba Giulietta,"['San Fermo', 'Museo Storia', 'Museo Lapidario', 'Museo Radio', 'Verona Tour']",San Fermo,strategy_nearest,True,0.002729177474975586,success
0430DD429C4C80,1,"['Palazzo della Ragione', 'Torre Lamberti', 'Casa Giulietta']",Duomo,"['AMO', 'Museo Miniscalchi', 'Santa Anastasia', 'Teatro Romano', 'Museo Conte']",Castelvecchio,strategy_nearest,False,0.0019681453704833984,success
0430C6429C4C81,1,"['Arena', 'Casa Giulietta']",San Fermo,"['Museo Storia', 'Museo Radio', 'Centro Fotografia', 'Sighseeing', 'Torre Lamberti']",Santa Anastasia,strategy_nearest,False,0.0022118091583251953,success
0430F03A9C4C80,3,"['Torre Lamberti', 'Santa Anastasia']",San Fermo,"['Museo Storia', 'Museo Radio', 'Casa Giulietta', 'Centro Fotografia', 'Arena']",Arena,strategy_nearest,True,0.0013861656188964844,success
0431423A9C4C80,3,"['Teatro Romano', 'Casa Giulietta', 'San Zeno']",Castelvecchio,"['Museo Lapidario', 'Verona Tour', 'Arena', 'Museo Radio', 'Sighseeing']",Arena,strategy_nearest,True,0.002019166946411133,success
0430F43A9C4C80,3,"['Arena', 'San Fermo', 'Torre Lamberti']",Duomo,"['AMO', 'Museo Miniscalchi', 'Santa Anastasia', 'Teatro Romano', 'Palazzo della Ragione']",Santa Anastasia,strategy_nearest,True,0.002695798873901367,success
0431353A9C4C80,1,"['Arena', 'San Fermo', 'Casa Giulietta', 'Torre Lamberti']",Palazzo della Ragione,"['AMO', 'Museo Conte', 'Centro Fotografia', 'Sighseeing', 'Santa Anastasia']",Santa Anastasia,strategy_nearest,True,0.00350189208984375,success
043155429C4C80,0,['Arena'],Torre Lamberti,"['Sighseeing', 'Centro Fotografia', 'Museo Conte', 'Casa Giulietta', 'Palazzo della Ragione']",Casa Giulietta,strategy_nearest,True,0.0026311874389648438,success
043154429C4C80,3,"['Arena', 'Museo Lapidario', 'Castelvecchio']",Torre Lamberti,"['Sighseeing', 'Centro Fotografia', 'Museo Conte', 'Casa Giulietta', 'Palazzo della Ragione']",Casa Giulietta,strategy_nearest,True,0.001980304718017578,success
043169429C4C80,0,['Tomba Giulietta'],Duomo,"['AMO', 'Museo Miniscalchi', 'Santa Anastasia', 'Teatro Romano', 'Palazzo della Ragione']",Casa Giulietta,strategy_nearest,False,0.003126859664916992,success
04316D429C4C80,0,"['Arena', 'Casa Giulietta']",Museo Storia,"['San Fermo', 'Museo Radio', 'Centro Fotografia', 'Tomba Giulietta', 'Torre Lamberti']",Torre Lamberti,strategy_nearest,True,0.0028228759765625,success
0431723A9C4C81,0,['Arena'],Casa Giulietta,"['Centro Fotografia', 'Sighseeing', 'Torre Lamberti', 'Museo Conte', 'Museo Radio']",Torre Lamberti,strategy_nearest,True,0.002590179443359375,success
0431733A9C4C80,3,"['Casa Giulietta', 'Santa Anastasia']",Duomo,"['AMO', 'Museo Miniscalchi', 'Teatro Romano', 'Palazzo della Ragione', 'Museo Conte']",Teatro Romano,strategy_nearest,True,0.0027189254760742188,success
0431733A9C4C81,1,"['Castelvecchio', 'Arena', 'Casa Giulietta']",San Fermo,"['Museo Storia', 'Museo Radio', 'Centro Fotografia', 'Sighseeing', 'Torre Lamberti']",Torre Lamberti,strategy_nearest,True,0.0022840499877929688,success
04317B3A9C4C81,0,['Arena'],Casa Giulietta,"['Centro Fotografia', 'Sighseeing', 'Torre Lamberti', 'Museo Conte', 'Museo Radio']",Teatro Romano,strategy_nearest,False,0.002794027328491211,success
04317C429C4C81,0,['Arena'],Torre Lamberti,"['Sighseeing', 'Centro Fotografia', 'Museo Conte', 'Casa Giulietta', 'Palazzo della Ragione']",Casa Giulietta,strategy_nearest,True,0.0025930404663085938,success
043175429C4C80,0,['Arena'],Castelvecchio,"['Museo Lapidario', 'Verona Tour', 'Museo Radio', 'San Zeno', 'Sighseeing']",Torre Lamberti,strategy_nearest,False,0.003634929656982422,success
04317C429C4C80,2,['Casa Giulietta'],Palazzo della Ragione,"['AMO', 'Museo Conte', 'Torre Lamberti', 'Centro Fotografia', 'Sighseeing']",Teatro Romano,strategy_nearest,False,0.003985166549682617,success
0431803A9C4C80,1,"['Arena', 'Casa Giulietta']",Torre Lamberti,"['Sighseeing', 'Centro Fotografia', 'Museo Conte', 'Palazzo della Ragione', 'AMO']",Palazzo della Ragione,strategy_nearest,True,0.002046346664428711,success
04317E429C4C81,0,['Castelvecchio'],Arena,"['Verona Tour', 'Museo Lapidario', 'Museo Radio', 'San Fermo', 'Casa Giulietta']",Torre Lamberti,strategy_nearest,False,0.0027120113372802734,success
0431813A9C4C80,2,['Casa Giulietta'],Torre Lamberti,"['Sighseeing', 'Centro Fotografia', 'Museo Conte', 'Palazzo della Ragione', 'AMO']",Castelvecchio,strategy_nearest,False,0.0026340484619140625,success
043184429C4C81,0,['Arena'],Casa Giulietta,"['Centro Fotografia', 'Sighseeing', 'Torre Lamberti', 'Museo Conte', 'Museo Radio']",Torre Lamberti,strategy_nearest,True,0.0011928081512451172,success
04318B3A9C4C80,3,"['Tomba Giulietta', 'Arena']",San Fermo,"['Museo Storia', 'Museo Radio', 'Casa Giulietta', 'Centro Fotografia', 'Sighseeing']",Casa Giulietta,strategy_nearest,True,0.0032830238342285156,success
04318C429C4C80,3,"['Arena', 'Museo Lapidario', 'Santa Anastasia']",Torre Lamberti,"['Sighseeing', 'Centro Fotografia', 'Museo Conte', 'Casa Giulietta', 'Palazzo della Ragione']",Teatro Romano,strategy_nearest,False,0.0022559165954589844,success
0431824A9C4C80,0,['Arena'],San Fermo,"['Museo Storia', 'Museo Radio', 'Casa Giulietta', 'Centro Fotografia', 'Sighseeing']",Torre Lamberti,strategy_nearest,False,0.0040209293365478516,success
04318F3A9C4C80,0,"['Arena', 'Tomba Giulietta']",San Fermo,"['Museo Storia', 'Museo Radio', 'Casa Giulietta', 'Centro Fotografia', 'Sighseeing']",Casa Giulietta,strategy_nearest,True,0.0029909610748291016,success
04318D3A9C4C81,0,['Casa Giulietta'],Castelvecchio,"['Museo Lapidario', 'Verona Tour', 'Arena', 'Museo Radio', 'San Zeno']",Arena,strategy_nearest,True,0.0021572113037109375,success
04318E429C4C80,0,['Arena'],Castelvecchio,"['Museo Lapidario', 'Verona Tour', 'Museo Radio', 'San Zeno', 'Sighseeing']",Casa Giulietta,strategy_nearest,False,0.002371072769165039,success
04318F429C4C81,3,"['Arena', 'San Zeno']",Duomo,"['AMO', 'Museo Miniscalchi', 'Santa Anastasia', 'Teatro Romano', 'Palazzo della Ragione']",Torre Lamberti,strategy_nearest,False,0.0034906864166259766,success
04318F4A9C4C80,0,['Arena'],Torre Lamberti,"['Sighseeing', 'Centro Fotografia', 'Museo Conte', 'Casa Giulietta', 'Palazzo della Ragione']",Duomo,strategy_nearest,False,0.0013399124145507812,success
043191429C4C81,0,"['Arena', 'Torre Lamberti']",Giardino Giusti,"['Santa Anastasia', 'Teatro Romano', 'Museo Conte', 'Centro Fotografia', 'Museo Storia']",Teatro Romano,strategy_nearest,True,0.0021462440490722656,success
0431944A9C4C80,3,['Arena'],Castelvecchio,"['Museo Lapidario', 'Verona Tour', 'Museo Radio', 'San Zeno', 'Sighseeing']",Duomo,strategy_nearest,False,0.002585887908935547,success
043192429C4C81,1,"['Arena', 'San Fermo']",Torre Lamberti,"['Sighseeing', 'Centro Fotografia', 'Museo Conte', 'Casa Giulietta', 'Palazzo della Ragione']",Palazzo della Ragione,strategy_nearest,True,0.0033850669860839844,success
0431944A9C4C81,0,['Arena'],San Fermo,"['Museo Storia', 'Museo Radio', 'Casa Giulietta', 'Centro Fotografia', 'Sighseeing']",Casa Giulietta,strategy_nearest,True,0.0027239322662353516,success
0431984A9C4C81,0,['Arena'],Casa Giulietta,"['Centro Fotografia', 'Sighseeing', 'Torre Lamberti', 'Museo Conte', 'Museo Radio']",Duomo,strategy_nearest,False,0.003331899642944336,success
043196429C4C81,3,"['Duomo', 'Santa Anastasia']",Torre Lamberti,"['Sighseeing', 'Centro Fotografia', 'Museo Conte', 'Casa Giulietta', 'Palazzo della Ragione']",Casa Giulietta,strategy_nearest,True,0.0034508705139160156,success
043198429C4C80,0,['Tomba Giulietta'],Arena,"['Verona Tour', 'Museo Lapidario', 'Museo Radio', 'San Fermo', 'Casa Giulietta']",Casa Giulietta,strategy_nearest,True,0.0013833045959472656,success
04319A429C4C80,0,['Arena'],Casa Giulietta,"['Centro Fotografia', 'Sighseeing', 'Torre Lamberti', 'Museo Conte', 'Museo Radio']",Santa Anastasia,strategy_nearest,False,0.0022809505462646484,success
0431A2429C4C81,1,"['Arena', 'Casa Giulietta', 'Teatro Romano']",Torre Lamberti,"['Sighseeing', 'Centro Fotografia', 'Museo Conte', 'Palazzo della Ragione', 'AMO']",Palazzo della Ragione,strategy_nearest,True,0.003036022186279297,success
04319C429C4C80,0,"['Castelvecchio', 'Casa Giulietta']",Arena,"['Verona Tour', 'Museo Lapidario', 'Museo Radio', 'San Fermo', 'Sighseeing']",Teatro Romano,strategy_nearest,False,0.003793001174926758,success
04319B429C4C80,0,['Tomba Giulietta'],Casa Giulietta,"['Centro Fotografia', 'Sighseeing', 'Torre Lamberti', 'Museo Conte', 'Museo Radio']",Casa Giulietta,strategy_nearest,False,0.0027272701263427734,success
04319E429C4C80,0,['Arena'],Torre Lamberti,"['Sighseeing', 'Centro Fotografia', 'Museo Conte', 'Casa Giulietta', 'Palazzo della Ragione']",Casa Giulietta,strategy_nearest,True,0.0017299652099609375,success
0431A34A9C4C81,1,"['Arena', 'Torre Lamberti']",Palazzo della Ragione,"['AMO', 'Museo Conte', 'Centro Fotografia', 'Sighseeing', 'Santa Anastasia']",Santa Anastasia,strategy_nearest,True,0.003393888473510742,success
0431A83A9C4C80,3,['Arena'],Santa Anastasia,"['AMO', 'Museo Conte', 'Palazzo della Ragione', 'Teatro Romano', 'Centro Fotografia']",Duomo,strategy_nearest,False,0.0020380020141601562,success
0431A44A9C4C80,3,"['Arena', 'Torre Lamberti']",Santa Anastasia,"['AMO', 'Museo Conte', 'Palazzo della Ragione', 'Teatro Romano', 'Centro Fotografia']",Duomo,strategy_nearest,False,0.002782106399536133,success
0431A63A9C4C81,2,['Castelvecchio'],Casa Giulietta,"['Centro Fotografia', 'Sighseeing', 'Torre Lamberti', 'Museo Conte', 'Museo Radio']",Santa Anastasia,strategy_nearest,False,0.0015439987182617188,success
0431A8429C4C81,0,['Arena'],Casa Giulietta,"['Centro Fotografia', 'Sighseeing', 'Torre Lamberti', 'Museo Conte', 'Museo Radio']",Torre Lamberti,strategy_nearest,True,0.0014379024505615234,success
0431AD3A9C4C80,1,"['Arena', 'Teatro Romano']",Casa Giulietta,"['Centro Fotografia', 'Sighseeing', 'Torre Lamberti', 'Museo Conte', 'Museo Radio']",Torre Lamberti,strategy_nearest,True,0.002246856689453125,success
0431AD429C4C80,3,"['Santa Anastasia', 'San Zeno']",Arena,"['Verona Tour', 'Museo Lapidario', 'Museo Radio', 'San Fermo', 'Casa Giulietta']",Tomba Giulietta,strategy_nearest,False,0.002753019332885742,success
0431B03A9C4C81,0,['Arena'],Casa Giulietta,"['Centro Fotografia', 'Sighseeing', 'Torre Lamberti', 'Museo Conte', 'Museo Radio']",Teatro Romano,strategy_nearest,False,0.003305196762084961,success
0431B0429C4C80,0,['Castelvecchio'],Casa Giulietta,"['Centro Fotografia', 'Sighseeing', 'Torre Lamberti', 'Museo Conte', 'Museo Radio']",Arena,strategy_nearest,False,0.002633810043334961,success
0431B1429C4C80,3,['Arena'],Casa Giulietta,"['Centro Fotografia', 'Sighseeing', 'Torre Lamberti', 'Museo Conte', 'Museo Radio']",Santa Anastasia,strategy_nearest,False,0.002749919891357422,success
0431B8429C4C80,0,['Arena'],Torre Lamberti,"['Sighseeing', 'Centro Fotografia', 'Museo Conte', 'Casa Giulietta', 'Palazzo della Ragione']",Casa Giulietta,strategy_nearest,True,0.0027000904083251953,success
0431BB3A9C4C81,1,"['Tomba Giulietta', 'Arena', 'Casa Giulietta']",Torre Lamberti,"['Sighseeing', 'Centro Fotografia', 'Museo Conte', 'Palazzo della Ragione', 'AMO']",Palazzo della Ragione,strategy_nearest,True,0.0033168792724609375,success
0431BB429C4C80,0,['Castelvecchio'],Arena,"['Verona Tour', 'Museo Lapidario', 'Museo Radio', 'San Fermo', 'Casa Giulietta']",Casa Giulietta,strategy_nearest,True,0.0030629634857177734,success
0431BF429C4C80,2,['Casa Giulietta'],Tomba Giulietta,"['San Fermo', 'Museo Storia', 'Arena', 'Museo Lapidario', 'Museo Radio']",Castelvecchio,strategy_nearest,False,0.003371000289916992,success
0431BC3A9C4C80,1,"['Arena', 'Casa Giulietta']",Santa Anastasia,"['AMO', 'Museo Conte', 'Palazzo della Ragione', 'Teatro Romano', 'Centro Fotografia']",Palazzo della Ragione,strategy_nearest,True,0.0027697086334228516,success
0431BD429C4C81,2,['San Fermo'],Torre Lamberti,"['Sighseeing', 'Centro Fotografia', 'Museo Conte', 'Casa Giulietta', 'Palazzo della Ragione']",Castelvecchio,strategy_nearest,False,0.003378152847290039,success
0431C33A9C4C80,0,['Castelvecchio'],Arena,"['Verona Tour', 'Museo Lapidario', 'Museo Radio', 'San Fermo', 'Casa Giulietta']",Tomba Giulietta,strategy_nearest,False,0.003654003143310547,success
0431C5429C4C80,3,"['Arena', 'Museo Lapidario']",Castelvecchio,"['Verona Tour', 'Museo Radio', 'San Zeno', 'Sighseeing', 'Museo Miniscalchi']",Santa Anastasia,strategy_nearest,False,0.0027730464935302734,success
0431C53A9C4C81,3,"['Arena', 'Casa Giulietta']",Santa Anastasia,"['AMO', 'Museo Conte', 'Palazzo della Ragione', 'Teatro Romano', 'Centro Fotografia']",Duomo,strategy_nearest,False,0.003425121307373047,success
0431DD3A9C4C80,2,"['Palazzo della Ragione', 'Torre Lamberti', 'Castelvecchio']",Giardino Giusti,"['Santa Anastasia', 'Teatro Romano', 'Museo Conte', 'Centro Fotografia', 'Museo Storia']",San Zeno,strategy_nearest,False,0.002176046371459961,success
0431C8429C4C81,0,['Arena'],Casa Giulietta,"['Centro Fotografia', 'Sighseeing', 'Torre Lamberti', 'Museo Conte', 'Museo Radio']",Torre Lamberti,strategy_nearest,True,0.002917051315307617,success
0431D83A9C4C80,0,['Castelvecchio'],Arena,"['Verona Tour', 'Museo Lapidario', 'Museo Radio', 'San Fermo', 'Casa Giulietta']",Torre Lamberti,strategy_nearest,False,0.0013720989227294922,success
0431E9429C4C80,1,"['Castelvecchio', 'Torre Lamberti', 'Palazzo della Ragione', 'Casa Giulietta']",Arena,"['Verona Tour', 'Museo Lapidario', 'Museo Radio', 'San Fermo', 'Sighseeing']",Museo Lapidario,strategy_nearest,True,0.0033228397369384766,success
0431FD429C4C80,3,"['San Zeno', 'Castelvecchio', 'Torre Lamberti', 'Casa Giulietta']",Santa Anastasia,"['AMO', 'Museo Conte', 'Palazzo della Ragione', 'Teatro Romano', 'Centro Fotografia']",Teatro Romano,strategy_nearest,True,0.0033707618713378906,success
0432353A9C4C80,0,"['Casa Giulietta', 'Arena']",Castelvecchio,"['Museo Lapidario', 'Verona Tour', 'Museo Radio', 'San Zeno', 'Sighseeing']",Tomba Giulietta,strategy_nearest,False,0.0014200210571289062,success
0432033A9C4C84,2,['Teatro Romano'],Casa Giulietta,"['Centro Fotografia', 'Sighseeing', 'Torre Lamberti', 'Museo Conte', 'Museo Radio']",Torre Lamberti,strategy_nearest,True,0.003339052200317383,success
0431FF429C4C80,2,"['Castelvecchio', 'San Zeno']",Casa Giulietta,"['Centro Fotografia', 'Sighseeing', 'Torre Lamberti', 'Museo Conte', 'Museo Radio']",Santa Anastasia,strategy_nearest,False,0.002766132354736328,success
04323B3A9C4C80,3,"['Casa Giulietta', 'Arena']",San Fermo,"['Museo Storia', 'Museo Radio', 'Centro Fotografia', 'Sighseeing', 'Torre Lamberti']",Teatro Romano,strategy_nearest,False,0.0015232563018798828,success
0432383A9C4C80,0,"['Arena', 'Castelvecchio', 'Tomba Giulietta']",Museo Storia,"['San Fermo', 'Museo Radio', 'Casa Giulietta', 'Centro Fotografia', 'Torre Lamberti']",Teatro Romano,strategy_nearest,False,0.0033860206604003906,success
0432384A9C4C80,1,"['Arena', 'Castelvecchio', 'Casa Giulietta', 'Teatro Romano']",Duomo,"['AMO', 'Museo Miniscalchi', 'Santa Anastasia', 'Palazzo della Ragione', 'Museo Conte']",Santa Anastasia,strategy_nearest,True,0.003468036651611328,success
04323C3A9C4C80,1,"['Casa Giulietta', 'Palazzo della Ragione', 'Torre Lamberti']",Santa Anastasia,"['AMO', 'Museo Conte', 'Teatro Romano', 'Centro Fotografia', 'Duomo']",Arena,strategy_nearest,False,0.002608776092529297,success
043249429C4C80,3,"['Arena', 'Casa Giulietta']",Castelvecchio,"['Museo Lapidario', 'Verona Tour', 'Museo Radio', 'San Zeno', 'Sighseeing']",San Zeno,strategy_nearest,True,0.00400090217590332,success
04324C429C4C80,0,['Arena'],Castelvecchio,"['Museo Lapidario', 'Verona Tour', 'Museo Radio', 'San Zeno', 'Sighseeing']",Casa Giulietta,strategy_nearest,False,0.0013930797576904297,success
04324D429C4C80,3,"['Castelvecchio', 'Teatro Romano']",Duomo,"['AMO', 'Museo Miniscalchi', 'Santa Anastasia', 'Palazzo della Ragione', 'Museo Conte']",Santa Anastasia,strategy_nearest,True,0.0020868778228759766,success
043254429C4C80,0,"['Casa Giulietta', 'Arena']",Castelvecchio,"['Museo Lapidario', 'Verona Tour', 'Museo Radio', 'San Zeno', 'Sighseeing']",San Zeno,strategy_nearest,True,0.003345012664794922,success
0432763A9C4C80,1,"['Casa Giulietta', 'Casa Giulietta', 'Torre Lamberti']",Palazzo della Ragione,"['AMO', 'Museo Conte', 'Centro Fotografia', 'Sighseeing', 'Santa Anastasia']",Castelvecchio,strategy_nearest,False,0.0023849010467529297,success
04325E429C4C80,2,['San Zeno'],Duomo,"['AMO', 'Museo Miniscalchi', 'Santa Anastasia', 'Teatro Romano', 'Palazzo della Ragione']",Casa Giulietta,strategy_nearest,False,0.0018188953399658203,success
04327C429C4C81,2,['Castelvecchio'],San Zeno,"['Verona Tour', 'Museo Lapidario', 'Arena', 'Museo Miniscalchi', 'Sighseeing']",Duomo,strategy_nearest,False,0.002337932586669922,success
04327D4A9C4C80,0,['Arena'],Castelvecchio,"['Museo Lapidario', 'Verona Tour', 'Museo Radio', 'San Zeno', 'Sighseeing']",Casa Giulietta,strategy_nearest,False,0.0030069351196289062,success
04327F429C4C81,0,['Casa Giulietta'],Arena,"['Verona Tour', 'Museo Lapidario', 'Museo Radio', 'San Fermo', 'Sighseeing']",Castelvecchio,strategy_nearest,False,0.0019388198852539062,success
04327F3A9C4C80,1,['Arena'],Torre Lamberti,"['Sighseeing', 'Centro Fotografia', 'Museo Conte', 'Casa Giulietta', 'Palazzo della Ragione']",Palazzo della Ragione,strategy_nearest,True,0.0034089088439941406,success
0432804A9C4C81,3,"['Arena', 'Casa Giulietta']",Torre Lamberti,"['Sighseeing', 'Centro Fotografia', 'Museo Conte', 'Palazzo della Ragione', 'AMO']",Duomo,strategy_nearest,False,0.002427816390991211,success
043282429C4C81,0,['Arena'],San Zeno,"['Castelvecchio', 'Verona Tour', 'Museo Lapidario', 'Museo Miniscalchi', 'Sighseeing']",Duomo,strategy_nearest,False,0.0031681060791015625,success
0432824A9C4C80,0,"['Casa Giulietta', 'Arena']",Museo Lapidario,"['Verona Tour', 'Castelvecchio', 'Museo Radio', 'San Fermo', 'Tomba Giulietta']",Castelvecchio,strategy_nearest,True,0.00263214111328125,success
0432843A9C4C80,0,['Castelvecchio'],Arena,"['Verona Tour', 'Museo Lapidario', 'Museo Radio', 'San Fermo', 'Casa Giulietta']",Casa Giulietta,strategy_nearest,True,0.003041982650756836,success
0432833A9C4C81,0,['Arena'],Torre Lamberti,"['Sighseeing', 'Centro Fotografia', 'Museo Conte', 'Casa Giulietta', 'Palazzo della Ragione']",Casa Giulietta,strategy_nearest,True,0.002017974853515625,success
0432864A9C4C80,0,['Arena'],Duomo,"['AMO', 'Museo Miniscalchi', 'Santa Anastasia', 'Teatro Romano', 'Palazzo della Ragione']",Casa Giulietta,strategy_nearest,False,0.0011441707611083984,success
04328A4A9C4C80,2,['Casa Giulietta'],Castelvecchio,"['Museo Lapidario', 'Verona Tour', 'Arena', 'Museo Radio', 'San Zeno']",Tomba Giulietta,strategy_nearest,False,0.002804279327392578,success
04328B3A9C4C81,3,"['Arena', 'Casa Giulietta']",Torre Lamberti,"['Sighseeing', 'Centro Fotografia', 'Museo Conte', 'Palazzo della Ragione', 'AMO']",Santa Anastasia,strategy_nearest,False,0.002959012985229492,success
043284429C4C81,3,['Arena'],Santa Anastasia,"['AMO', 'Museo Conte', 'Palazzo della Ragione', 'Teatro Romano', 'Centro Fotografia']",Duomo,strategy_nearest,False,0.004266977310180664,success
04328D3A9C4C80,3,"['Arena', 'Castelvecchio']",Teatro Romano,"['Santa Anastasia', 'Duomo', 'AMO', 'Palazzo della Ragione', 'Museo Conte']",Santa Anastasia,strategy_nearest,True,0.003994941711425781,success
04328D4A9C4C80,0,['Arena'],Casa Giulietta,"['Centro Fotografia', 'Sighseeing', 'Torre Lamberti', 'Museo Conte', 'Museo Radio']",Torre Lamberti,strategy_nearest,True,0.001967906951904297,success
043292429C4C81,2,['Castelvecchio'],San Zeno,"['Verona Tour', 'Museo Lapidario', 'Arena', 'Museo Miniscalchi', 'Sighseeing']",Duomo,strategy_nearest,False,0.003228902816772461,success
0432914A9C4C80,3,"['Arena', 'Casa Giulietta']",Santa Anastasia,"['AMO', 'Museo Conte', 'Palazzo della Ragione', 'Teatro Romano', 'Centro Fotografia']",Torre Lamberti,strategy_nearest,False,0.002635955810546875,success
043294429C4C81,2,"['Santa Anastasia', 'Duomo']",Torre Lamberti,"['Sighseeing', 'Centro Fotografia', 'Museo Conte', 'Casa Giulietta', 'Palazzo della Ragione']",Palazzo della Ragione,strategy_nearest,True,0.0019731521606445312,success
0432924A9C4C80,1,"['Casa Giulietta', 'Palazzo della Ragione', 'Santa Anastasia', 'Tomba Giulietta']",Teatro Romano,"['Duomo', 'AMO', 'Museo Conte', 'Centro Fotografia', 'Museo Miniscalchi']",Duomo,strategy_nearest,True,0.0033609867095947266,success
043293429C4C81,0,"['Castelvecchio', 'Arena']",Casa Giulietta,"['Centro Fotografia', 'Sighseeing', 'Torre Lamberti', 'Museo Conte', 'Museo Radio']",Torre Lamberti,strategy_nearest,True,0.0021512508392333984,success
043294429C4C80,3,"['Arena', 'Casa Giulietta']",Santa Anastasia,"['AMO', 'Museo Conte', 'Palazzo della Ragione', 'Teatro Romano', 'Centro Fotografia']",Duomo,strategy_nearest,False,0.0033600330352783203,success
043295429C4C80,0,['Castelvecchio'],Arena,"['Verona Tour', 'Museo Lapidario', 'Museo Radio', 'San Fermo', 'Casa Giulietta']",San Fermo,strategy_nearest,True,0.0018429756164550781,success
043297429C4C81,0,['Arena'],Castelvecchio,"['Museo Lapidario', 'Verona Tour', 'Museo Radio', 'San Zeno', 'Sighseeing']",San Zeno,strategy_nearest,True,0.0024220943450927734,success
043298429C4C80,3,['Arena'],Casa Giulietta,"['Centro Fotografia', 'Sighseeing', 'Torre Lamberti', 'Museo Conte', 'Museo Radio']",Torre Lamberti,strategy_nearest,True,0.0027718544006347656,success
043298429C4C81,3,"['Arena', 'Castelvecchio']",Duomo,"['AMO', 'Museo Miniscalchi', 'Santa Anastasia', 'Teatro Romano', 'Palazzo della Ragione']",Santa Anastasia,strategy_nearest,True,0.003528118133544922,success
04329B429C4C81,0,['Arena'],Tomba Giulietta,"['San Fermo', 'Museo Storia', 'Museo Lapidario', 'Museo Radio', 'Verona Tour']",Teatro Romano,strategy_nearest,False,0.002413034439086914,success
04329C429C4C81,3,"['Arena', 'Casa Giulietta']",Santa Anastasia,"['AMO', 'Museo Conte', 'Palazzo della Ragione', 'Teatro Romano', 'Centro Fotografia']",Duomo,strategy_nearest,False,0.0029754638671875,success
0432A2429C4C81,0,['Arena'],Casa Giulietta,"['Centro Fotografia', 'Sighseeing', 'Torre Lamberti', 'Museo Conte', 'Museo Radio']",Duomo,strategy_nearest,False,0.0026628971099853516,success
0432A1429C4C80,0,['Arena'],Casa Giulietta,"['Centro Fotografia', 'Sighseeing', 'Torre Lamberti', 'Museo Conte', 'Museo Radio']",Tomba Giulietta,strategy_nearest,False,0.0028018951416015625,success
0432A54A9C4C80,0,['Arena'],Castelvecchio,"['Museo Lapidario', 'Verona Tour', 'Museo Radio', 'San Zeno', 'Sighseeing']",Casa Giulietta,strategy_nearest,False,0.0032401084899902344,success
0432A4429C4C81,3,"['Arena', 'San Fermo']",Casa Giulietta,"['Centro Fotografia', 'Sighseeing', 'Torre Lamberti', 'Museo Conte', 'Museo Radio']",Torre Lamberti,strategy_nearest,True,0.0026786327362060547,success
0432A73A9C4C80,0,['Arena'],Casa Giulietta,"['Centro Fotografia', 'Sighseeing', 'Torre Lamberti', 'Museo Conte', 'Museo Radio']",Castelvecchio,strategy_nearest,False,0.003155946731567383,success
0432A74A9C4C81,3,['Arena'],Santa Anastasia,"['AMO', 'Museo Conte', 'Palazzo della Ragione', 'Teatro Romano', 'Centro Fotografia']",Duomo,strategy_nearest,False,0.002512216567993164,success
0432A94A9C4C80,0,"['Arena', 'Castelvecchio']",Casa Giulietta,"['Centro Fotografia', 'Sighseeing', 'Torre Lamberti', 'Museo Conte', 'Museo Radio']",Torre Lamberti,strategy_nearest,True,0.002683877944946289,success
0432AA3A9C4C80,1,['Palazzo della Ragione'],Torre Lamberti,"['Sighseeing', 'Centro Fotografia', 'Museo Conte', 'Casa Giulietta', 'AMO']",Arena,strategy_nearest,False,0.003252267837524414,success
0432B33A9C4C81,1,['Palazzo della Ragione'],Casa Giulietta,"['Centro Fotografia', 'Sighseeing', 'Torre Lamberti', 'Museo Conte', 'Museo Radio']",Arena,strategy_nearest,False,0.0020551681518554688,success
0432AD429C4C81,0,['Arena'],Palazzo della Ragione,"['AMO', 'Museo Conte', 'Torre Lamberti', 'Centro Fotografia', 'Sighseeing']",Casa Giulietta,strategy_nearest,False,0.0027587413787841797,success
0432B7429C4C81,2,['Museo Lapidario'],Castelvecchio,"['Verona Tour', 'Arena', 'Museo Radio', 'San Zeno', 'Sighseeing']",Teatro Romano,strategy_nearest,False,0.0032351016998291016,success
0432AB4A9C4C81,2,['Castelvecchio'],San Zeno,"['Verona Tour', 'Museo Lapidario', 'Arena', 'Museo Miniscalchi', 'Sighseeing']",Duomo,strategy_nearest,False,0.004015207290649414,success
0432C0429C4C81,2,['Casa Giulietta'],Giardino Giusti,"['Santa Anastasia', 'Teatro Romano', 'Museo Conte', 'Centro Fotografia', 'Museo Storia']",Teatro Romano,strategy_nearest,True,0.0032958984375,success
0432B93A9C4C81,0,['Arena'],Casa Giulietta,"['Centro Fotografia', 'Sighseeing', 'Torre Lamberti', 'Museo Conte', 'Museo Radio']",Tomba Giulietta,strategy_nearest,False,0.003409147262573242,success
0432BE429C4C80,3,['Arena'],San Fermo,"['Museo Storia', 'Museo Radio', 'Casa Giulietta', 'Centro Fotografia', 'Sighseeing']",Casa Giulietta,strategy_nearest,True,0.0027718544006347656,success
0432C03A9C4C81,3,"['San Fermo', 'Arena']",Casa Giulietta,"['Centro Fotografia', 'Sighseeing', 'Torre Lamberti', 'Museo Conte', 'Museo Radio']",Santa Anastasia,strategy_nearest,False,0.0015790462493896484,success
0432C2429C4C80,2,['Casa Giulietta'],Torre Lamberti,"['Sighseeing', 'Centro Fotografia', 'Museo Conte', 'Palazzo della Ragione', 'AMO']",Palazzo della Ragione,strategy_nearest,True,0.001413106918334961,success
0432CC3A9C4C80,0,['Arena'],Casa Giulietta,"['Centro Fotografia', 'Sighseeing', 'Torre Lamberti', 'Museo Conte', 'Museo Radio']",Torre Lamberti,strategy_nearest,True,0.0019478797912597656,success
0432CB3A9C4C81,3,"['Arena', 'Casa Giulietta', 'San Zeno']",Castelvecchio,"['Museo Lapidario', 'Verona Tour', 'Museo Radio', 'Sighseeing', 'Museo Miniscalchi']",Duomo,strategy_nearest,False,0.0028018951416015625,success
0432CD3A9C4C80,0,['Arena'],Casa Giulietta,"['Centro Fotografia', 'Sighseeing', 'Torre Lamberti', 'Museo Conte', 'Museo Radio']",Castelvecchio,strategy_nearest,False,0.0032699108123779297,success
0432CE3A9C4C81,0,"['Castelvecchio', 'Arena']",Casa Giulietta,"['Centro Fotografia', 'Sighseeing', 'Torre Lamberti', 'Museo Conte', 'Museo Radio']",Torre Lamberti,strategy_nearest,True,0.003968000411987305,success
0432D83A9C4C80,2,"['Palazzo della Ragione', 'Casa Giulietta']",San Fermo,"['Museo Storia', 'Museo Radio', 'Centro Fotografia', 'Arena', 'Sighseeing']",Castelvecchio,strategy_nearest,False,0.002052783966064453,success
0432CF3A9C4C80,3,['Santa Anastasia'],Torre Lamberti,"['Sighseeing', 'Centro Fotografia', 'Museo Conte', 'Casa Giulietta', 'Palazzo della Ragione']",Casa Giulietta,strategy_nearest,True,0.0019328594207763672,success
0432DC429C4C80,3,"['Arena', 'Casa Giulietta']",Torre Lamberti,"['Sighseeing', 'Centro Fotografia', 'Museo Conte', 'Palazzo della Ragione', 'AMO']",Duomo,strategy_nearest,False,0.0032231807708740234,success
0432EF3A9C4C80,0,"['Arena', 'Casa Giulietta']",Torre Lamberti,"['Sighseeing', 'Centro Fotografia', 'Museo Conte', 'Palazzo della Ragione', 'AMO']",Torre Lamberti,strategy_nearest,False,0.002974987030029297,success
0432E53A9C4C80,2,['San Zeno'],Giardino Giusti,"['Santa Anastasia', 'Teatro Romano', 'Museo Conte', 'Centro Fotografia', 'Museo Storia']",Santa Anastasia,strategy_nearest,True,0.0030608177185058594,success
0432EB429C4C80,3,"['Arena', 'Castelvecchio', 'San Zeno', 'Tomba Giulietta']",San Fermo,"['Museo Storia', 'Museo Radio', 'Casa Giulietta', 'Centro Fotografia', 'Sighseeing']",Santa Anastasia,strategy_nearest,False,0.002290010452270508,success
0432FB3A9C4C80,0,"['Casa Giulietta', 'Torre Lamberti']",Giardino Giusti,"['Santa Anastasia', 'Teatro Romano', 'Museo Conte', 'Centro Fotografia', 'Museo Storia']",Arena,strategy_nearest,False,0.0017771720886230469,success
0432F3429C4C80,3,"['Arena', 'Santa Anastasia', 'San Zeno']",Teatro Romano,"['Duomo', 'AMO', 'Palazzo della Ragione', 'Museo Conte', 'Centro Fotografia']",San Fermo,strategy_nearest,False,0.0036389827728271484,success
0433023A9C4C84,1,"['Castelvecchio', 'Arena']",Casa Giulietta,"['Centro Fotografia', 'Sighseeing', 'Torre Lamberti', 'Museo Conte', 'Museo Radio']",Torre Lamberti,strategy_nearest,True,0.002344369888305664,success
0433033A9C4C84,2,['Castelvecchio'],Torre Lamberti,"['Sighseeing', 'Centro Fotografia', 'Museo Conte', 'Casa Giulietta', 'Palazzo della Ragione']",Casa Giulietta,strategy_nearest,True,0.0032219886779785156,success
04334C429C4C80,3,"['Castelvecchio', 'Casa Giulietta', 'Santa Anastasia']",Arena,"['Verona Tour', 'Museo Lapidario', 'Museo Radio', 'San Fermo', 'Sighseeing']",San Zeno,strategy_nearest,False,0.003022909164428711,success
04333A3A9C4C80,3,"['Casa Giulietta', 'Arena']",San Fermo,"['Museo Storia', 'Museo Radio', 'Centro Fotografia', 'Sighseeing', 'Torre Lamberti']",Teatro Romano,strategy_nearest,False,0.0018079280853271484,success
04334F429C4C80,0,"['Giardino Giusti', 'Santa Anastasia']",Casa Giulietta,"['Centro Fotografia', 'Sighseeing', 'Torre Lamberti', 'Museo Conte', 'Museo Radio']",Arena,strategy_nearest,False,0.0035789012908935547,success
043354429C4C80,1,"['Arena', 'Casa Giulietta']",Torre Lamberti,"['Sighseeing', 'Centro Fotografia', 'Museo Conte', 'Palazzo della Ragione', 'AMO']",Palazzo della Ragione,strategy_nearest,True,0.0033440589904785156,success
043358429C4C80,3,"['Santa Anastasia', 'Arena']",Tomba Giulietta,"['San Fermo', 'Museo Storia', 'Museo Lapidario', 'Museo Radio', 'Verona Tour']",San Fermo,strategy_nearest,True,0.002026081085205078,success
0433693A9C4C80,1,"['Arena', 'San Zeno', 'Teatro Romano', 'Santa Anastasia']",Torre Lamberti,"['Sighseeing', 'Centro Fotografia', 'Museo Conte', 'Casa Giulietta', 'Palazzo della Ragione']",Castelvecchio,strategy_nearest,False,0.0027861595153808594,success
04336B429C4C80,3,"['Arena', 'Casa Giulietta']",Torre Lamberti,"['Sighseeing', 'Centro Fotografia', 'Museo Conte', 'Palazzo della Ragione', 'AMO']",Santa Anastasia,strategy_nearest,False,0.002206087112426758,success
04336A429C4C80,0,['Arena'],Torre Lamberti,"['Sighseeing', 'Centro Fotografia', 'Museo Conte', 'Casa Giulietta', 'Palazzo della Ragione']",Duomo,strategy_nearest,False,0.003618001937866211,success
0433753A9C4C80,2,['Casa Giulietta'],Torre Lamberti,"['Sighseeing', 'Centro Fotografia', 'Museo Conte', 'Palazzo della Ragione', 'AMO']",Santa Anastasia,strategy_nearest,False,0.002583026885986328,success
0433763A9C4C81,3,"['Arena', 'Casa Giulietta', 'Torre Lamberti']",Santa Anastasia,"['AMO', 'Museo Conte', 'Palazzo della Ragione', 'Teatro Romano', 'Centro Fotografia']",Duomo,strategy_nearest,False,0.002508878707885742,success
0433753A9C4C81,2,['Museo Storia'],Castelvecchio,"['Museo Lapidario', 'Verona Tour', 'Arena', 'Museo Radio', 'San Zeno']",Casa Giulietta,strategy_nearest,False,0.002275705337524414,success
043375429C4C81,3,"['Arena', 'San Zeno']",Castelvecchio,"['Museo Lapidario', 'Verona Tour', 'Museo Radio', 'Sighseeing', 'Museo Miniscalchi']",Santa Anastasia,strategy_nearest,False,0.0033211708068847656,success
0433783A9C4C81,2,"['Castelvecchio', 'San Fermo']",Giardino Giusti,"['Santa Anastasia', 'Teatro Romano', 'Museo Conte', 'Centro Fotografia', 'Museo Storia']",Duomo,strategy_nearest,False,0.003075122833251953,success
043378429C4C81,3,['San Zeno'],Arena,"['Verona Tour', 'Museo Lapidario', 'Museo Radio', 'San Fermo', 'Casa Giulietta']",Santa Anastasia,strategy_nearest,False,0.0034270286560058594,success
0433793A9C4C81,3,"['Casa Giulietta', 'Torre Lamberti']",Santa Anastasia,"['AMO', 'Museo Conte', 'Palazzo della Ragione', 'Teatro Romano', 'Centro Fotografia']",Arena,strategy_nearest,False,0.0021882057189941406,success
043379429C4C81,0,"['Arena', 'Casa Giulietta']",San Fermo,"['Museo Storia', 'Museo Radio', 'Centro Fotografia', 'Sighseeing', 'Torre Lamberti']",Torre Lamberti,strategy_nearest,True,0.0024759769439697266,success
0433804A9C4C80,3,['Arena'],Santa Anastasia,"['AMO', 'Museo Conte', 'Palazzo della Ragione', 'Teatro Romano', 'Centro Fotografia']",Teatro Romano,strategy_nearest,True,0.0024352073669433594,success
04337B429C4C80,3,['Arena'],Santa Anastasia,"['AMO', 'Museo Conte', 'Palazzo della Ragione', 'Teatro Romano', 'Centro Fotografia']",Duomo,strategy_nearest,False,0.0034279823303222656,success
04337E429C4C81,0,['Arena'],Casa Giulietta,"['Centro Fotografia', 'Sighseeing', 'Torre Lamberti', 'Museo Conte', 'Museo Radio']",Torre Lamberti,strategy_nearest,True,0.0032660961151123047,success
043382429C4C80,3,"['Arena', 'Museo Lapidario', 'Castelvecchio']",Duomo,"['AMO', 'Museo Miniscalchi', 'Santa Anastasia', 'Teatro Romano', 'Palazzo della Ragione']",Santa Anastasia,strategy_nearest,True,0.0030410289764404297,success
0433834A9C4C80,1,"['Arena', 'Castelvecchio']",Casa Giulietta,"['Centro Fotografia', 'Sighseeing', 'Torre Lamberti', 'Museo Conte', 'Museo Radio']",Torre Lamberti,strategy_nearest,True,0.0019888877868652344,success
0433824A9C4C80,0,['Arena'],Casa Giulietta,"['Centro Fotografia', 'Sighseeing', 'Torre Lamberti', 'Museo Conte', 'Museo Radio']",Santa Anastasia,strategy_nearest,False,0.003245115280151367,success
0433834A9C4C81,1,"['Arena', 'Casa Giulietta']",Castelvecchio,"['Museo Lapidario', 'Verona Tour', 'Museo Radio', 'San Zeno', 'Sighseeing']",Torre Lamberti,strategy_nearest,False,0.002421855926513672,success
043391429C4C81,0,['Castelvecchio'],Casa Giulietta,"['Centro Fotografia', 'Sighseeing', 'Torre Lamberti', 'Museo Conte', 'Museo Radio']",Arena,strategy_nearest,False,0.002480030059814453,success
04338F4A9C4C81,2,['Duomo'],Torre Lamberti,"['Sighseeing', 'Centro Fotografia', 'Museo Conte', 'Casa Giulietta', 'Palazzo della Ragione']",Casa Giulietta,strategy_nearest,True,0.0019490718841552734,success
043384429C4C81,3,['Arena'],Torre Lamberti,"['Sighseeing', 'Centro Fotografia', 'Museo Conte', 'Casa Giulietta', 'Palazzo della Ragione']",Santa Anastasia,strategy_nearest,False,0.004745006561279297,success
043392429C4C81,2,['Castelvecchio'],San Zeno,"['Verona Tour', 'Museo Lapidario', 'Arena', 'Museo Miniscalchi', 'Sighseeing']",Duomo,strategy_nearest,False,0.0029778480529785156,success
0433944A9C4C80,3,"['Arena', 'San Zeno']",Castelvecchio,"['Museo Lapidario', 'Verona Tour', 'Museo Radio', 'Sighseeing', 'Museo Miniscalchi']",Santa Anastasia,strategy_nearest,False,0.0017771720886230469,success
043394429C4C80,3,"['Arena', 'Casa Giulietta']",Santa Anastasia,"['AMO', 'Museo Conte', 'Palazzo della Ragione', 'Teatro Romano', 'Centro Fotografia']",Duomo,strategy_nearest,False,0.0025680065155029297,success
043394429C4C81,0,['Arena'],Casa Giulietta,"['Centro Fotografia', 'Sighseeing', 'Torre Lamberti', 'Museo Conte', 'Museo Radio']",Torre Lamberti,strategy_nearest,True,0.004124879837036133,success
043396429C4C80,3,"['Arena', 'Museo Lapidario']",Santa Anastasia,"['AMO', 'Museo Conte', 'Palazzo della Ragione', 'Teatro Romano', 'Centro Fotografia']",Duomo,strategy_nearest,False,0.00269317626953125,success
043397429C4C80,3,['Castelvecchio'],Arena,"['Verona Tour', 'Museo Lapidario', 'Museo Radio', 'San Fermo', 'Casa Giulietta']",Torre Lamberti,strategy_nearest,False,0.0038068294525146484,success
043398429C4C81,2,['Torre Lamberti'],Palazzo della Ragione,"['AMO', 'Museo Conte', 'Centro Fotografia', 'Sighseeing', 'Santa Anastasia']",Santa Anastasia,strategy_nearest,True,0.0025730133056640625,success
04339B4A9C4C80,0,['Arena'],Castelvecchio,"['Museo Lapidario', 'Verona Tour', 'Museo Radio', 'San Zeno', 'Sighseeing']",Torre Lamberti,strategy_nearest,False,0.0018727779388427734,success
04339F429C4C80,0,"['Tomba Giulietta', 'Arena']",Casa Giulietta,"['Centro Fotografia', 'Sighseeing', 'Torre Lamberti', 'Museo Conte', 'Museo Radio']",Giardino Giusti,strategy_nearest,False,0.0020139217376708984,success
0433A0429C4C81,1,['Palazzo della Ragione'],Torre Lamberti,"['Sighseeing', 'Centro Fotografia', 'Museo Conte', 'Casa Giulietta', 'AMO']",Casa Giulietta,strategy_nearest,True,0.0013821125030517578,success
04339E429C4C81,3,['Arena'],Casa Giulietta,"['Centro Fotografia', 'Sighseeing', 'Torre Lamberti', 'Museo Conte', 'Museo Radio']",Santa Anastasia,strategy_nearest,False,0.004592180252075195,success
0433A63A9C4C80,3,"['Castelvecchio', 'Arena']",Torre Lamberti,"['Sighseeing', 'Centro Fotografia', 'Museo Conte', 'Casa Giulietta', 'Palazzo della Ragione']",Casa Giulietta,strategy_nearest,True,0.003227710723876953,success
0433B5429C4C81,2,['Santa Anastasia'],Duomo,"['AMO', 'Museo Miniscalchi', 'Teatro Romano', 'Palazzo della Ragione', 'Museo Conte']",Palazzo della Ragione,strategy_nearest,True,0.001542806625366211,success
0433B8429C4C81,3,"['Arena', 'Casa Giulietta', 'Castelvecchio']",San Zeno,"['Verona Tour', 'Museo Lapidario', 'Museo Miniscalchi', 'Sighseeing', 'Museo Radio']",Tomba Giulietta,strategy_nearest,False,0.0026140213012695312,success
0433AD429C4C80,0,['Arena'],Casa Giulietta,"['Centro Fotografia', 'Sighseeing', 'Torre Lamberti', 'Museo Conte', 'Museo Radio']",Duomo,strategy_nearest,False,0.003960132598876953,success
0433AC3A9C4C80,1,"['Arena', 'Torre Lamberti']",Palazzo della Ragione,"['AMO', 'Museo Conte', 'Centro Fotografia', 'Sighseeing', 'Santa Anastasia']",Casa Giulietta,strategy_nearest,False,0.002789020538330078,success
0433B9429C4C80,3,['Arena'],Santa Anastasia,"['AMO', 'Museo Conte', 'Palazzo della Ragione', 'Teatro Romano', 'Centro Fotografia']",Duomo,strategy_nearest,False,0.002135038375854492,success
0433B93A9C4C80,2,"['Torre Lamberti', 'Palazzo della Ragione']",Casa Giulietta,"['Centro Fotografia', 'Sighseeing', 'Museo Conte', 'Museo Radio', 'San Fermo']",Duomo,strategy_nearest,False,0.0033779144287109375,success
0433BF429C4C80,0,['Castelvecchio'],Casa Giulietta,"['Centro Fotografia', 'Sighseeing', 'Torre Lamberti', 'Museo Conte', 'Museo Radio']",Arena,strategy_nearest,False,0.001399993896484375,success
0433B9429C4C81,2,"['Museo Lapidario', 'Castelvecchio']",Duomo,"['AMO', 'Museo Miniscalchi', 'Santa Anastasia', 'Teatro Romano', 'Palazzo della Ragione']",Palazzo della Ragione,strategy_nearest,True,0.0033631324768066406,success
0433D0429C4C80,1,"['Torre Lamberti', 'Palazzo della Ragione', 'Arena']",San Zeno,"['Castelvecchio', 'Verona Tour', 'Museo Lapidario', 'Museo Miniscalchi', 'Sighseeing']",Castelvecchio,strategy_nearest,True,0.0019729137420654297,success
0433C9429C4C81,3,"['Casa Giulietta', 'Arena']",Tomba Giulietta,"['San Fermo', 'Museo Storia', 'Museo Lapidario', 'Museo Radio', 'Verona Tour']",Torre Lamberti,strategy_nearest,False,0.002691030502319336,success
0433C5429C4C80,0,['Arena'],Casa Giulietta,"['Centro Fotografia', 'Sighseeing', 'Torre Lamberti', 'Museo Conte', 'Museo Radio']",Torre Lamberti,strategy_nearest,True,0.002151966094970703,success
0433D73A9C4C80,0,"['Casa Giulietta', 'Arena']",Museo Lapidario,"['Verona Tour', 'Castelvecchio', 'Museo Radio', 'San Fermo', 'Tomba Giulietta']",Castelvecchio,strategy_nearest,True,0.0032689571380615234,success
0433F13A9C4C80,1,"['Arena', 'Museo Lapidario', 'Casa Giulietta']",Torre Lamberti,"['Sighseeing', 'Centro Fotografia', 'Museo Conte', 'Palazzo della Ragione', 'AMO']",Palazzo della Ragione,strategy_nearest,True,0.003452777862548828,success
0433FD3A9C4C80,1,['Arena'],Palazzo della Ragione,"['AMO', 'Museo Conte', 'Torre Lamberti', 'Centro Fotografia', 'Sighseeing']",Casa Giulietta,strategy_nearest,False,0.0021848678588867188,success
043401429C4C84,6,"['Castelvecchio', 'Arena', 'Casa Giulietta']",Duomo,"['AMO', 'Museo Miniscalchi', 'Santa Anastasia', 'Teatro Romano', 'Palazzo della Ragione']",Teatro Romano,strategy_nearest,True,0.0033490657806396484,success
0433F4429C4C80,3,"['Casa Giulietta', 'Arena']",Santa Anastasia,"['AMO', 'Museo Conte', 'Palazzo della Ragione', 'Teatro Romano', 'Centro Fotografia']",Duomo,strategy_nearest,False,0.0021979808807373047,success
0434323A9C4C80,0,['Arena'],Casa Giulietta,"['Centro Fotografia', 'Sighseeing', 'Torre Lamberti', 'Museo Conte', 'Museo Radio']",Palazzo della Ragione,strategy_nearest,False,0.0019850730895996094,success
04343F3A9C4C80,0,"['Arena', 'Casa Giulietta']",Torre Lamberti,"['Sighseeing', 'Centro Fotografia', 'Museo Conte', 'Palazzo della Ragione', 'AMO']",Duomo,strategy_nearest,False,0.0026628971099853516,success
04343B3A9C4C80,0,['Santa Anastasia'],Arena,"['Verona Tour', 'Museo Lapidario', 'Museo Radio', 'San Fermo', 'Casa Giulietta']",Castelvecchio,strategy_nearest,False,0.0027840137481689453,success
0434433A9C4C80,2,['Teatro Romano'],Giardino Giusti,"['Santa Anastasia', 'Museo Conte', 'Centro Fotografia', 'Museo Storia', 'AMO']",Castelvecchio,strategy_nearest,False,0.0033059120178222656,success
0434723A9C4C80,3,['Arena'],Casa Giulietta,"['Centro Fotografia', 'Sighseeing', 'Torre Lamberti', 'Museo Conte', 'Museo Radio']",Santa Anastasia,strategy_nearest,False,0.0014362335205078125,success
04346F429C4C80,2,['Palazzo della Ragione'],Torre Lamberti,"['Sighseeing', 'Centro Fotografia', 'Museo Conte', 'Casa Giulietta', 'AMO']",Casa Giulietta,strategy_nearest,True,0.0029129981994628906,success
0434653A9C4C80,0,['Teatro Romano'],Duomo,"['AMO', 'Museo Miniscalchi', 'Santa Anastasia', 'Palazzo della Ragione', 'Museo Conte']",Arena,strategy_nearest,False,0.004875898361206055,success
0434733A9C4C80,1,['Arena'],Casa Giulietta,"['Centro Fotografia', 'Sighseeing', 'Torre Lamberti', 'Museo Conte', 'Museo Radio']",Palazzo della Ragione,strategy_nearest,False,0.0034029483795166016,success
04347A429C4C80,3,"['Arena', 'Casa Giulietta']",Torre Lamberti,"['Sighseeing', 'Centro Fotografia', 'Museo Conte', 'Palazzo della Ragione', 'AMO']",Santa Anastasia,strategy_nearest,False,0.002652883529663086,success
04347B429C4C81,0,['Arena'],Casa Giulietta,"['Centro Fotografia', 'Sighseeing', 'Torre Lamberti', 'Museo Conte', 'Museo Radio']",Tomba Giulietta,strategy_nearest,False,0.0026178359985351562,success
043478429C4C80,3,"['Arena', 'Casa Giulietta']",Santa Anastasia,"['AMO', 'Museo Conte', 'Palazzo della Ragione', 'Teatro Romano', 'Centro Fotografia']",Teatro Romano,strategy_nearest,True,0.001958131790161133,success
0434814A9C4C80,0,['Arena'],Casa Giulietta,"['Centro Fotografia', 'Sighseeing', 'Torre Lamberti', 'Museo Conte', 'Museo Radio']",Torre Lamberti,strategy_nearest,True,0.003242015838623047,success
0434814A9C4C81,3,"['Arena', 'Casa Giulietta']",Torre Lamberti,"['Sighseeing', 'Centro Fotografia', 'Museo Conte', 'Palazzo della Ragione', 'AMO']",Santa Anastasia,strategy_nearest,False,0.002711057662963867,success
0434833A9C4C80,2,"['Castelvecchio', 'San Zeno', 'Torre Lamberti']",Casa Giulietta,"['Centro Fotografia', 'Sighseeing', 'Museo Conte', 'Museo Radio', 'Palazzo della Ragione']",Santa Anastasia,strategy_nearest,False,0.0033521652221679688,success
0434833A9C4C81,1,"['Castelvecchio', 'Casa Giulietta']",Torre Lamberti,"['Sighseeing', 'Centro Fotografia', 'Museo Conte', 'Palazzo della Ragione', 'AMO']",Palazzo della Ragione,strategy_nearest,True,0.002035856246948242,success
043483429C4C81,1,"['Arena', 'Torre Lamberti']",Casa Giulietta,"['Centro Fotografia', 'Sighseeing', 'Museo Conte', 'Museo Radio', 'Palazzo della Ragione']",Santa Anastasia,strategy_nearest,False,0.003264904022216797,success
04348E4A9C4C80,0,['Arena'],Casa Giulietta,"['Centro Fotografia', 'Sighseeing', 'Torre Lamberti', 'Museo Conte', 'Museo Radio']",Torre Lamberti,strategy_nearest,True,0.003149271011352539,success
0434873A9C4C80,2,['Casa Giulietta'],Torre Lamberti,"['Sighseeing', 'Centro Fotografia', 'Museo Conte', 'Palazzo della Ragione', 'AMO']",Santa Anastasia,strategy_nearest,False,0.002666950225830078,success
0434844A9C4C81,3,"['Arena', 'Castelvecchio']",Torre Lamberti,"['Sighseeing', 'Centro Fotografia', 'Museo Conte', 'Casa Giulietta', 'Palazzo della Ragione']",Casa Giulietta,strategy_nearest,True,0.0018849372863769531,success
043485429C4C80,2,"['Teatro Romano', 'Duomo', 'Santa Anastasia', 'Torre Lamberti']",Palazzo della Ragione,"['AMO', 'Museo Conte', 'Centro Fotografia', 'Sighseeing', 'Museo Miniscalchi']",San Zeno,strategy_nearest,False,0.002724885940551758,success
0434924A9C4C81,0,['Arena'],San Zeno,"['Castelvecchio', 'Verona Tour', 'Museo Lapidario', 'Museo Miniscalchi', 'Sighseeing']",Casa Giulietta,strategy_nearest,False,0.0011649131774902344,success
04348F4A9C4C81,3,"['Arena', 'Museo Lapidario', 'Castelvecchio']",Torre Lamberti,"['Sighseeing', 'Centro Fotografia', 'Museo Conte', 'Casa Giulietta', 'Palazzo della Ragione']",Casa Giulietta,strategy_nearest,True,0.002840757369995117,success
043492429C4C81,1,['Arena'],Casa Giulietta,"['Centro Fotografia', 'Sighseeing', 'Torre Lamberti', 'Museo Conte', 'Museo Radio']",Palazzo della Ragione,strategy_nearest,False,0.002171039581298828,success
043494429C4C81,0,['Arena'],Castelvecchio,"['Museo Lapidario', 'Verona Tour', 'Museo Radio', 'San Zeno', 'Sighseeing']",Casa Giulietta,strategy_nearest,False,0.002930879592895508,success
043495429C4C80,0,['Tomba Giulietta'],Arena,"['Verona Tour', 'Museo Lapidario', 'Museo Radio', 'San Fermo', 'Casa Giulietta']",Casa Giulietta,strategy_nearest,True,0.003993034362792969,success
043496429C4C80,3,['Arena'],Torre Lamberti,"['Sighseeing', 'Centro Fotografia', 'Museo Conte', 'Casa Giulietta', 'Palazzo della Ragione']",Santa Anastasia,strategy_nearest,False,0.0020589828491210938,success
04349B429C4C80,3,"['Arena', 'San Fermo', 'Casa Giulietta']",Torre Lamberti,"['Sighseeing', 'Centro Fotografia', 'Museo Conte', 'Palazzo della Ragione', 'AMO']",Santa Anastasia,strategy_nearest,False,0.0031747817993164062,success
043495429C4C81,3,['Arena'],Torre Lamberti,"['Sighseeing', 'Centro Fotografia', 'Museo Conte', 'Casa Giulietta', 'Palazzo della Ragione']",Santa Anastasia,strategy_nearest,False,0.0014557838439941406,success
0434A0429C4C80,1,"['Duomo', 'Casa Giulietta', 'Arena']",Torre Lamberti,"['Sighseeing', 'Centro Fotografia', 'Museo Conte', 'Palazzo della Ragione', 'AMO']",Palazzo della Ragione,strategy_nearest,True,0.001560211181640625,success
0434A04A9C4C80,3,"['Arena', 'Torre Lamberti']",Santa Anastasia,"['AMO', 'Museo Conte', 'Palazzo della Ragione', 'Teatro Romano', 'Centro Fotografia']",Duomo,strategy_nearest,False,0.003271818161010742,success
04349F429C4C81,3,"['Santa Anastasia', 'Arena']",Duomo,"['AMO', 'Museo Miniscalchi', 'Teatro Romano', 'Palazzo della Ragione', 'Museo Conte']",Casa Giulietta,strategy_nearest,False,0.003386974334716797,success
0434A0429C4C81,2,"['Castelvecchio', 'Giardino Giusti', 'Teatro Romano']",Duomo,"['AMO', 'Museo Miniscalchi', 'Santa Anastasia', 'Palazzo della Ragione', 'Museo Conte']",Casa Giulietta,strategy_nearest,False,0.0021181106567382812,success
0434A1429C4C80,0,['Arena'],Casa Giulietta,"['Centro Fotografia', 'Sighseeing', 'Torre Lamberti', 'Museo Conte', 'Museo Radio']",Duomo,strategy_nearest,False,0.0022478103637695312,success
0434A44A9C4C81,3,"['Arena', 'Casa Giulietta', 'Torre Lamberti']",Santa Anastasia,"['AMO', 'Museo Conte', 'Palazzo della Ragione', 'Teatro Romano', 'Centro Fotografia']",Duomo,strategy_nearest,False,0.002460956573486328,success
0434A1429C4C81,0,"['Castelvecchio', 'Arena']",Teatro Romano,"['Santa Anastasia', 'Duomo', 'AMO', 'Palazzo della Ragione', 'Museo Conte']",Torre Lamberti,strategy_nearest,False,0.0035300254821777344,success
0434A73A9C4C80,1,"['Museo Lapidario', 'Arena', 'Torre Lamberti']",Palazzo della Ragione,"['AMO', 'Museo Conte', 'Centro Fotografia', 'Sighseeing', 'Santa Anastasia']",Santa Anastasia,strategy_nearest,True,0.001708984375,success
0434A3429C4C81,0,"['Castelvecchio', 'Arena']",Casa Giulietta,"['Centro Fotografia', 'Sighseeing', 'Torre Lamberti', 'Museo Conte', 'Museo Radio']",Teatro Romano,strategy_nearest,False,0.002107858657836914,success
0434A6429C4C81,0,['Arena'],Casa Giulietta,"['Centro Fotografia', 'Sighseeing', 'Torre Lamberti', 'Museo Conte', 'Museo Radio']",Giardino Giusti,strategy_nearest,False,0.0030281543731689453,success
0434A54A9C4C81,1,"['Castelvecchio', 'Arena', 'Casa Giulietta']",Palazzo della Ragione,"['AMO', 'Museo Conte', 'Torre Lamberti', 'Centro Fotografia', 'Sighseeing']",Torre Lamberti,strategy_nearest,True,0.003074169158935547,success
0434A93A9C4C81,3,"['Arena', 'San Zeno']",Casa Giulietta,"['Centro Fotografia', 'Sighseeing', 'Torre Lamberti', 'Museo Conte', 'Museo Radio']",Teatro Romano,strategy_nearest,False,0.002070903778076172,success
0434AA3A9C4C80,2,"['Castelvecchio', 'Torre Lamberti']",Palazzo della Ragione,"['AMO', 'Museo Conte', 'Centro Fotografia', 'Sighseeing', 'Santa Anastasia']",Santa Anastasia,strategy_nearest,True,0.002630949020385742,success
0434A94A9C4C80,1,"['Arena', 'Castelvecchio']",Palazzo della Ragione,"['AMO', 'Museo Conte', 'Torre Lamberti', 'Centro Fotografia', 'Sighseeing']",Torre Lamberti,strategy_nearest,True,0.0020651817321777344,success
0434AC3A9C4C81,3,"['Arena', 'Teatro Romano']",Duomo,"['AMO', 'Museo Miniscalchi', 'Santa Anastasia', 'Palazzo della Ragione', 'Museo Conte']",Santa Anastasia,strategy_nearest,True,0.003309965133666992,success
0434AF429C4C80,3,"['Tomba Giulietta', 'Arena', 'Casa Giulietta']",Torre Lamberti,"['Sighseeing', 'Centro Fotografia', 'Museo Conte', 'Palazzo della Ragione', 'AMO']",Santa Anastasia,strategy_nearest,False,0.0026772022247314453,success
0434AC429C4C80,1,"['Arena', 'Torre Lamberti']",Palazzo della Ragione,"['AMO', 'Museo Conte', 'Centro Fotografia', 'Sighseeing', 'Santa Anastasia']",Casa Giulietta,strategy_nearest,False,0.0020079612731933594,success
0434B53A9C4C81,0,['Duomo'],Castelvecchio,"['Museo Lapidario', 'Verona Tour', 'Arena', 'Museo Radio', 'San Zeno']",Arena,strategy_nearest,True,0.003141164779663086,success
0434B13A9C4C81,0,['Arena'],Casa Giulietta,"['Centro Fotografia', 'Sighseeing', 'Torre Lamberti', 'Museo Conte', 'Museo Radio']",Museo Lapidario,strategy_nearest,False,0.0032308101654052734,success
0434B5429C4C81,3,"['Arena', 'Casa Giulietta', 'Torre Lamberti']",Santa Anastasia,"['AMO', 'Museo Conte', 'Palazzo della Ragione', 'Teatro Romano', 'Centro Fotografia']",Duomo,strategy_nearest,False,0.0027468204498291016,success
0434B8429C4C81,3,"['Santa Anastasia', 'Duomo']",Casa Giulietta,"['Centro Fotografia', 'Sighseeing', 'Torre Lamberti', 'Museo Conte', 'Museo Radio']",Tomba Giulietta,strategy_nearest,False,0.002669095993041992,success
0434BD429C4C81,0,['Tomba Giulietta'],Arena,"['Verona Tour', 'Museo Lapidario', 'Museo Radio', 'San Fermo', 'Casa Giulietta']",Casa Giulietta,strategy_nearest,True,0.0031380653381347656,success
0434B93A9C4C80,1,['Arena'],Palazzo della Ragione,"['AMO', 'Museo Conte', 'Torre Lamberti', 'Centro Fotografia', 'Sighseeing']",Casa Giulietta,strategy_nearest,False,0.0013167858123779297,success
0434BE429C4C80,2,['Casa Giulietta'],Torre Lamberti,"['Sighseeing', 'Centro Fotografia', 'Museo Conte', 'Palazzo della Ragione', 'AMO']",Santa Anastasia,strategy_nearest,False,0.0032300949096679688,success
0434C83A9C4C81,1,['Arena'],Casa Giulietta,"['Centro Fotografia', 'Sighseeing', 'Torre Lamberti', 'Museo Conte', 'Museo Radio']",Palazzo della Ragione,strategy_nearest,False,0.0012137889862060547,success
0434C73A9C4C81,0,"['Arena', 'Museo Lapidario']",Casa Giulietta,"['Centro Fotografia', 'Sighseeing', 'Torre Lamberti', 'Museo Conte', 'Museo Radio']",Torre Lamberti,strategy_nearest,True,0.0026617050170898438,success
0434D13A9C4C80,1,"['Castelvecchio', 'Torre Lamberti', 'Torre Lamberti', 'Palazzo della Ragione']",Casa Giulietta,"['Centro Fotografia', 'Sighseeing', 'Museo Conte', 'Museo Radio', 'San Fermo']",Arena,strategy_nearest,False,0.0030121803283691406,success
0434E73A9C4C80,0,['Arena'],Casa Giulietta,"['Centro Fotografia', 'Sighseeing', 'Torre Lamberti', 'Museo Conte', 'Museo Radio']",Castelvecchio,strategy_nearest,False,0.0028100013732910156,success
0434E53A9C4C80,3,"['Arena', 'Torre Lamberti']",Santa Anastasia,"['AMO', 'Museo Conte', 'Palazzo della Ragione', 'Teatro Romano', 'Centro Fotografia']",Duomo,strategy_nearest,False,0.0034749507904052734,success
0434ED3A9C4C80,2,"['San Fermo', 'Casa Giulietta']",Torre Lamberti,"['Sighseeing', 'Centro Fotografia', 'Museo Conte', 'Palazzo della Ragione', 'AMO']",Tomba Giulietta,strategy_nearest,False,0.0030808448791503906,success
0434F9429C4C80,3,"['Castelvecchio', 'Torre Lamberti']",Casa Giulietta,"['Centro Fotografia', 'Sighseeing', 'Museo Conte', 'Museo Radio', 'Palazzo della Ragione']",Santa Anastasia,strategy_nearest,False,0.0012958049774169922,success
0434FE3A9C4C80,0,['Arena'],Casa Giulietta,"['Centro Fotografia', 'Sighseeing', 'Torre Lamberti', 'Museo Conte', 'Museo Radio']",Torre Lamberti,strategy_nearest,True,0.0018689632415771484,success
0434F53A9C4C80,2,['Casa Giulietta'],Duomo,"['AMO', 'Museo Miniscalchi', 'Santa Anastasia', 'Teatro Romano', 'Palazzo della Ragione']",Santa Anastasia,strategy_nearest,True,0.004003047943115234,success
0435394A9C4C80,1,"['Teatro Romano', 'Arena', 'Casa Giulietta', 'San Fermo']",Giardino Giusti,"['Santa Anastasia', 'Museo Conte', 'Centro Fotografia', 'Museo Storia', 'AMO']",Castelvecchio,strategy_nearest,False,0.003323078155517578,success
0435493A9C4C80,3,"['Teatro Romano', 'Santa Anastasia', 'Casa Giulietta']",Arena,"['Verona Tour', 'Museo Lapidario', 'Museo Radio', 'San Fermo', 'Sighseeing']",San Zeno,strategy_nearest,False,0.0028259754180908203,success
04353D429C4C80,2,"['Museo Lapidario', 'Castelvecchio']",Palazzo della Ragione,"['AMO', 'Museo Conte', 'Torre Lamberti', 'Centro Fotografia', 'Sighseeing']",Museo Storia,strategy_nearest,False,0.0029039382934570312,success
043551429C4C80,0,['Casa Giulietta'],Arena,"['Verona Tour', 'Museo Lapidario', 'Museo Radio', 'San Fermo', 'Sighseeing']",San Zeno,strategy_nearest,False,0.002894878387451172,success
043552429C4C80,3,"['Arena', 'Casa Giulietta']",Santa Anastasia,"['AMO', 'Museo Conte', 'Palazzo della Ragione', 'Teatro Romano', 'Centro Fotografia']",Duomo,strategy_nearest,False,0.002653837203979492,success
043555429C4C80,3,"['Museo Lapidario', 'Castelvecchio']",Arena,"['Verona Tour', 'Museo Radio', 'San Fermo', 'Casa Giulietta', 'Sighseeing']",Santa Anastasia,strategy_nearest,False,0.0023560523986816406,success
0435533A9C4C80,3,"['Castelvecchio', 'Arena']",Casa Giulietta,"['Centro Fotografia', 'Sighseeing', 'Torre Lamberti', 'Museo Conte', 'Museo Radio']",Santa Anastasia,strategy_nearest,False,0.0030930042266845703,success
043574429C4C81,3,"['Arena', 'Torre Lamberti']",Casa Giulietta,"['Centro Fotografia', 'Sighseeing', 'Museo Conte', 'Museo Radio', 'Palazzo della Ragione']",Santa Anastasia,strategy_nearest,False,0.002779245376586914,success
043558429C4C80,4,"['Castelvecchio', 'Arena', 'Casa Giulietta']",Santa Anastasia,"['AMO', 'Museo Conte', 'Palazzo della Ragione', 'Teatro Romano', 'Centro Fotografia']",Duomo,strategy_nearest,False,0.0028858184814453125,success
04356B429C4C80,3,"['Arena', 'Torre Lamberti']",Casa Giulietta,"['Centro Fotografia', 'Sighseeing', 'Museo Conte', 'Museo Radio', 'Palazzo della Ragione']",Santa Anastasia,strategy_nearest,False,0.0022079944610595703,success
043576429C4C80,3,"['Arena', 'Casa Giulietta']",Tomba Giulietta,"['San Fermo', 'Museo Storia', 'Museo Lapidario', 'Museo Radio', 'Verona Tour']",Torre Lamberti,strategy_nearest,False,0.0034270286560058594,success
0435793A9C4C80,1,['Arena'],Torre Lamberti,"['Sighseeing', 'Centro Fotografia', 'Museo Conte', 'Casa Giulietta', 'Palazzo della Ragione']",Palazzo della Ragione,strategy_nearest,True,0.002710103988647461,success
043576429C4C81,3,"['Arena', 'Museo Lapidario', 'Castelvecchio']",Santa Anastasia,"['AMO', 'Museo Conte', 'Palazzo della Ragione', 'Teatro Romano', 'Centro Fotografia']",Casa Giulietta,strategy_nearest,False,0.0020983219146728516,success
04358C4A9C4C81,2,"['San Fermo', 'Casa Giulietta']",Torre Lamberti,"['Sighseeing', 'Centro Fotografia', 'Museo Conte', 'Palazzo della Ragione', 'AMO']",Palazzo della Ragione,strategy_nearest,True,0.002371072769165039,success
0435813A9C4C81,0,['Arena'],Casa Giulietta,"['Centro Fotografia', 'Sighseeing', 'Torre Lamberti', 'Museo Conte', 'Museo Radio']",Teatro Romano,strategy_nearest,False,0.0027167797088623047,success
0435884A9C4C80,0,['Arena'],Santa Anastasia,"['AMO', 'Museo Conte', 'Palazzo della Ragione', 'Teatro Romano', 'Centro Fotografia']",Castelvecchio,strategy_nearest,False,0.0031909942626953125,success
04358E3A9C4C81,3,"['Arena', 'Casa Giulietta', 'Santa Anastasia']",Duomo,"['AMO', 'Museo Miniscalchi', 'Teatro Romano', 'Palazzo della Ragione', 'Museo Conte']",Teatro Romano,strategy_nearest,True,0.002694845199584961,success
0435934A9C4C80,2,"['Torre Lamberti', 'Duomo']",Santa Anastasia,"['AMO', 'Museo Conte', 'Palazzo della Ragione', 'Teatro Romano', 'Centro Fotografia']",Castelvecchio,strategy_nearest,False,0.002045154571533203,success
04358D4A9C4C81,3,"['Arena', 'Torre Lamberti']",Casa Giulietta,"['Centro Fotografia', 'Sighseeing', 'Museo Conte', 'Museo Radio', 'Palazzo della Ragione']",Santa Anastasia,strategy_nearest,False,0.0030541419982910156,success
04358E4A9C4C81,3,"['Arena', 'Casa Giulietta']",Santa Anastasia,"['AMO', 'Museo Conte', 'Palazzo della Ragione', 'Teatro Romano', 'Centro Fotografia']",Torre Lamberti,strategy_nearest,False,0.0032808780670166016,success
043597429C4C81,0,['Arena'],Castelvecchio,"['Museo Lapidario', 'Verona Tour', 'Museo Radio', 'San Zeno', 'Sighseeing']",Casa Giulietta,strategy_nearest,False,0.002048015594482422,success
0435934A9C4C81,0,['Arena'],Duomo,"['AMO', 'Museo Miniscalchi', 'Santa Anastasia', 'Teatro Romano', 'Palazzo della Ragione']",Castelvecchio,strategy_nearest,False,0.002109050750732422,success
043598429C4C80,1,"['Arena', 'Museo Lapidario', 'Casa Giulietta', 'Palazzo della Ragione']",Torre Lamberti,"['Sighseeing', 'Centro Fotografia', 'Museo Conte', 'AMO', 'Museo Miniscalchi']",Santa Anastasia,strategy_nearest,False,0.0026731491088867188,success
043595429C4C81,1,"['Palazzo della Ragione', 'Torre Lamberti']",Arena,"['Verona Tour', 'Museo Lapidario', 'Museo Radio', 'San Fermo', 'Casa Giulietta']",Tomba Giulietta,strategy_nearest,False,0.0034368038177490234,success
0435984A9C4C80,2,['Castelvecchio'],Casa Giulietta,"['Centro Fotografia', 'Sighseeing', 'Torre Lamberti', 'Museo Conte', 'Museo Radio']",Duomo,strategy_nearest,False,0.002624034881591797,success
04359C429C4C80,2,"['Castelvecchio', 'San Zeno']",Casa Giulietta,"['Centro Fotografia', 'Sighseeing', 'Torre Lamberti', 'Museo Conte', 'Museo Radio']",San Fermo,strategy_nearest,False,0.002655029296875,success
043598429C4C81,3,['Casa Giulietta'],Arena,"['Verona Tour', 'Museo Lapidario', 'Museo Radio', 'San Fermo', 'Sighseeing']",Santa Anastasia,strategy_nearest,False,0.002582073211669922,success
04359E429C4C81,2,['Torre Lamberti'],Casa Giulietta,"['Centro Fotografia', 'Sighseeing', 'Museo Conte', 'Museo Radio', 'Palazzo della Ragione']",Tomba Giulietta,strategy_nearest,False,0.003280162811279297,success
04359F429C4C81,3,"['Tomba Giulietta', 'Arena']",Casa Giulietta,"['Centro Fotografia', 'Sighseeing', 'Torre Lamberti', 'Museo Conte', 'Museo Radio']",Santa Anastasia,strategy_nearest,False,0.0024449825286865234,success
0435A34A9C4C81,3,"['Arena', 'Castelvecchio']",Santa Anastasia,"['AMO', 'Museo Conte', 'Palazzo della Ragione', 'Teatro Romano', 'Centro Fotografia']",Duomo,strategy_nearest,False,0.002549886703491211,success
0435A54A9C4C81,0,"['Teatro Romano', 'Casa Giulietta']",Torre Lamberti,"['Sighseeing', 'Centro Fotografia', 'Museo Conte', 'Palazzo della Ragione', 'AMO']",Castelvecchio,strategy_nearest,False,0.0033278465270996094,success
0435A73A9C4C81,1,"['Museo Lapidario', 'Arena']",Torre Lamberti,"['Sighseeing', 'Centro Fotografia', 'Museo Conte', 'Casa Giulietta', 'Palazzo della Ragione']",Palazzo della Ragione,strategy_nearest,True,0.003412008285522461,success
0435A93A9C4C81,3,['Arena'],Santa Anastasia,"['AMO', 'Museo Conte', 'Palazzo della Ragione', 'Teatro Romano', 'Centro Fotografia']",Duomo,strategy_nearest,False,0.0018198490142822266,success
0435A83A9C4C81,1,"['Museo Lapidario', 'Casa Giulietta']",Palazzo della Ragione,"['AMO', 'Museo Conte', 'Torre Lamberti', 'Centro Fotografia', 'Sighseeing']",Duomo,strategy_nearest,False,0.003422975540161133,success
0435AB4A9C4C80,1,"['Arena', 'Casa Giulietta', 'Palazzo della Ragione']",Santa Anastasia,"['AMO', 'Museo Conte', 'Teatro Romano', 'Centro Fotografia', 'Duomo']",Teatro Romano,strategy_nearest,True,0.0026559829711914062,success
0435AB4A9C4C81,0,['Arena'],Casa Giulietta,"['Centro Fotografia', 'Sighseeing', 'Torre Lamberti', 'Museo Conte', 'Museo Radio']",Castelvecchio,strategy_nearest,False,0.0033478736877441406,success
0435AD429C4C80,2,['Teatro Romano'],Duomo,"['AMO', 'Museo Miniscalchi', 'Santa Anastasia', 'Palazzo della Ragione', 'Museo Conte']",Castelvecchio,strategy_nearest,False,0.0015289783477783203,success
0435B23A9C4C81,0,['San Zeno'],Arena,"['Verona Tour', 'Museo Lapidario', 'Museo Radio', 'San Fermo', 'Casa Giulietta']",Castelvecchio,strategy_nearest,False,0.0024776458740234375,success
0435AC429C4C81,2,['Teatro Romano'],Santa Anastasia,"['AMO', 'Museo Conte', 'Palazzo della Ragione', 'Centro Fotografia', 'Duomo']",Casa Giulietta,strategy_nearest,False,0.0031490325927734375,success
0435B13A9C4C81,1,['Arena'],Palazzo della Ragione,"['AMO', 'Museo Conte', 'Torre Lamberti', 'Centro Fotografia', 'Sighseeing']",Teatro Romano,strategy_nearest,False,0.001936197280883789,success
0435B4429C4C81,3,"['Arena', 'Casa Giulietta', 'Torre Lamberti']",Duomo,"['AMO', 'Museo Miniscalchi', 'Santa Anastasia', 'Teatro Romano', 'Palazzo della Ragione']",Teatro Romano,strategy_nearest,True,0.003244161605834961,success
0435B93A9C4C81,3,"['Arena', 'Casa Giulietta']",Duomo,"['AMO', 'Museo Miniscalchi', 'Santa Anastasia', 'Teatro Romano', 'Palazzo della Ragione']",Teatro Romano,strategy_nearest,True,0.0019419193267822266,success
0435BB3A9C4C80,3,"['Arena', 'Santa Anastasia']",Torre Lamberti,"['Sighseeing', 'Centro Fotografia', 'Museo Conte', 'Casa Giulietta', 'Palazzo della Ragione']",Casa Giulietta,strategy_nearest,True,0.0024330615997314453,success
0435BF3A9C4C80,3,"['Arena', 'San Zeno', 'Castelvecchio']",Duomo,"['AMO', 'Museo Miniscalchi', 'Santa Anastasia', 'Teatro Romano', 'Palazzo della Ragione']",Santa Anastasia,strategy_nearest,True,0.0024209022521972656,success
0435C43A9C4C81,1,"['Castelvecchio', 'Casa Giulietta', 'Tomba Giulietta']",Torre Lamberti,"['Sighseeing', 'Centro Fotografia', 'Museo Conte', 'Palazzo della Ragione', 'AMO']",Palazzo della Ragione,strategy_nearest,True,0.0016922950744628906,success
0435C3429C4C81,3,['Arena'],Casa Giulietta,"['Centro Fotografia', 'Sighseeing', 'Torre Lamberti', 'Museo Conte', 'Museo Radio']",Santa Anastasia,strategy_nearest,False,0.0039598941802978516,success
0435C4429C4C81,0,['Castelvecchio'],Arena,"['Verona Tour', 'Museo Lapidario', 'Museo Radio', 'San Fermo', 'Casa Giulietta']",Casa Giulietta,strategy_nearest,True,0.0035719871520996094,success
0435D43A9C4C80,1,"['Castelvecchio', 'Museo Lapidario', 'Arena', 'Casa Giulietta']",Torre Lamberti,"['Sighseeing', 'Centro Fotografia', 'Museo Conte', 'Palazzo della Ragione', 'AMO']",Palazzo della Ragione,strategy_nearest,True,0.0024881362915039062,success
0435D23A9C4C80,1,"['Arena', 'Casa Giulietta']",Duomo,"['AMO', 'Museo Miniscalchi', 'Santa Anastasia', 'Teatro Romano', 'Palazzo della Ragione']",Torre Lamberti,strategy_nearest,False,0.003103017807006836,success
0435D73A9C4C80,0,['Torre Lamberti'],Casa Giulietta,"['Centro Fotografia', 'Sighseeing', 'Museo Conte', 'Museo Radio', 'Palazzo della Ragione']",Arena,strategy_nearest,False,0.003213167190551758,success
0435E43A9C4C80,2,['Torre Lamberti'],Palazzo della Ragione,"['AMO', 'Museo Conte', 'Centro Fotografia', 'Sighseeing', 'Santa Anastasia']",Castelvecchio,strategy_nearest,False,0.0015912055969238281,success
0435EF3A9C4C80,0,['Arena'],Castelvecchio,"['Museo Lapidario', 'Verona Tour', 'Museo Radio', 'San Zeno', 'Sighseeing']",Casa Giulietta,strategy_nearest,False,0.0018579959869384766,success
0435EA3A9C4C80,0,['Arena'],Casa Giulietta,"['Centro Fotografia', 'Sighseeing', 'Torre Lamberti', 'Museo Conte', 'Museo Radio']",Torre Lamberti,strategy_nearest,True,0.0027577877044677734,success
0435F23A9C4C80,1,"['Arena', 'Torre Lamberti']",Palazzo della Ragione,"['AMO', 'Museo Conte', 'Centro Fotografia', 'Sighseeing', 'Santa Anastasia']",Casa Giulietta,strategy_nearest,False,0.002374887466430664,success
0435FA3A9C4C80,0,['Casa Giulietta'],Arena,"['Verona Tour', 'Museo Lapidario', 'Museo Radio', 'San Fermo', 'Sighseeing']",Castelvecchio,strategy_nearest,False,0.002382040023803711,success
0435FB429C4C80,6,['Verona Tour'],Castelvecchio,"['Museo Lapidario', 'Arena', 'Museo Radio', 'San Zeno', 'Sighseeing']",Duomo,strategy_nearest,False,0.00333404541015625,success
0435FC429C4C80,1,"['Arena', 'Museo Lapidario', 'Tomba Giulietta', 'San Fermo', 'Casa Giulietta']",Torre Lamberti,"['Sighseeing', 'Centro Fotografia', 'Museo Conte', 'Palazzo della Ragione', 'AMO']",Palazzo della Ragione,strategy_nearest,True,0.0025641918182373047,success
0435FF3A9C4C80,0,['Teatro Romano'],Duomo,"['AMO', 'Museo Miniscalchi', 'Santa Anastasia', 'Palazzo della Ragione', 'Museo Conte']",Casa Giulietta,strategy_nearest,False,0.002557039260864258,success
043633429C4C80,0,['Arena'],Casa Giulietta,"['Centro Fotografia', 'Sighseeing', 'Torre Lamberti', 'Museo Conte', 'Museo Radio']",Tomba Giulietta,strategy_nearest,False,0.0030868053436279297,success
04363A3A9C4C80,3,"['Arena', 'Castelvecchio', 'Tomba Giulietta']",Torre Lamberti,"['Sighseeing', 'Centro Fotografia', 'Museo Conte', 'Casa Giulietta', 'Palazzo della Ragione']",Casa Giulietta,strategy_nearest,True,0.003371000289916992,success
0436363A9C4C80,2,"['Castelvecchio', 'Casa Giulietta']",Giardino Giusti,"['Santa Anastasia', 'Teatro Romano', 'Museo Conte', 'Centro Fotografia', 'Museo Storia']",Teatro Romano,strategy_nearest,True,0.0026628971099853516,success
04363D3A9C4C80,0,['Casa Giulietta'],Torre Lamberti,"['Sighseeing', 'Centro Fotografia', 'Museo Conte', 'Palazzo della Ragione', 'AMO']",Arena,strategy_nearest,False,0.0034329891204833984,success
04364F3A9C4C80,1,"['Arena', 'Casa Giulietta']",Torre Lamberti,"['Sighseeing', 'Centro Fotografia', 'Museo Conte', 'Palazzo della Ragione', 'AMO']",Palazzo della Ragione,strategy_nearest,True,0.0033562183380126953,success
04365B429C4C80,0,['Arena'],Casa Giulietta,"['Centro Fotografia', 'Sighseeing', 'Torre Lamberti', 'Museo Conte', 'Museo Radio']",San Fermo,strategy_nearest,False,0.002554178237915039,success
04365E3A9C4C80,2,['Torre Lamberti'],Santa Anastasia,"['AMO', 'Museo Conte', 'Palazzo della Ragione', 'Teatro Romano', 'Centro Fotografia']",Duomo,strategy_nearest,False,0.0030069351196289062,success
043669429C4C80,0,['Castelvecchio'],Casa Giulietta,"['Centro Fotografia', 'Sighseeing', 'Torre Lamberti', 'Museo Conte', 'Museo Radio']",Arena,strategy_nearest,False,0.0029256343841552734,success
04366B429C4C80,3,"['Arena', 'Casa Giulietta']",Torre Lamberti,"['Sighseeing', 'Centro Fotografia', 'Museo Conte', 'Palazzo della Ragione', 'AMO']",Santa Anastasia,strategy_nearest,False,0.002536773681640625,success
04366D429C4C80,0,['Arena'],Teatro Romano,"['Santa Anastasia', 'Duomo', 'AMO', 'Palazzo della Ragione', 'Museo Conte']",Torre Lamberti,strategy_nearest,False,0.0030901432037353516,success
0436763A9C4C80,0,['Casa Giulietta'],Torre Lamberti,"['Sighseeing', 'Centro Fotografia', 'Museo Conte', 'Palazzo della Ragione', 'AMO']",Arena,strategy_nearest,False,0.0018911361694335938,success
04366F429C4C80,3,['Arena'],Casa Giulietta,"['Centro Fotografia', 'Sighseeing', 'Torre Lamberti', 'Museo Conte', 'Museo Radio']",Santa Anastasia,strategy_nearest,False,0.0032269954681396484,success
043677429C4C81,3,"['Arena', 'Casa Giulietta']",Torre Lamberti,"['Sighseeing', 'Centro Fotografia', 'Museo Conte', 'Palazzo della Ragione', 'AMO']",Santa Anastasia,strategy_nearest,False,0.002481222152709961,success
04367C429C4C80,0,['Castelvecchio'],Casa Giulietta,"['Centro Fotografia', 'Sighseeing', 'Torre Lamberti', 'Museo Conte', 'Museo Radio']",Arena,strategy_nearest,False,0.0032062530517578125,success
04367D4A9C4C80,0,['Arena'],Casa Giulietta,"['Centro Fotografia', 'Sighseeing', 'Torre Lamberti', 'Museo Conte', 'Museo Radio']",Duomo,strategy_nearest,False,0.0022470951080322266,success
0436814A9C4C81,3,['Arena'],Torre Lamberti,"['Sighseeing', 'Centro Fotografia', 'Museo Conte', 'Casa Giulietta', 'Palazzo della Ragione']",Duomo,strategy_nearest,False,0.0032570362091064453,success
0436803A9C4C81,0,['Arena'],Castelvecchio,"['Museo Lapidario', 'Verona Tour', 'Museo Radio', 'San Zeno', 'Sighseeing']",Casa Giulietta,strategy_nearest,False,0.002641916275024414,success
0436834A9C4C80,0,['Arena'],Casa Giulietta,"['Centro Fotografia', 'Sighseeing', 'Torre Lamberti', 'Museo Conte', 'Museo Radio']",Torre Lamberti,strategy_nearest,True,0.003162860870361328,success
043684429C4C80,2,"['Casa Giulietta', 'Tomba Giulietta']",Castelvecchio,"['Museo Lapidario', 'Verona Tour', 'Arena', 'Museo Radio', 'San Zeno']",San Zeno,strategy_nearest,True,0.003325223922729492,success
043684429C4C81,1,"['Casa Giulietta', 'Santa Anastasia']",Duomo,"['AMO', 'Museo Miniscalchi', 'Teatro Romano', 'Palazzo della Ragione', 'Museo Conte']",Arena,strategy_nearest,False,0.002582073211669922,success
04368E4A9C4C81,3,"['Arena', 'Torre Lamberti']",Casa Giulietta,"['Centro Fotografia', 'Sighseeing', 'Museo Conte', 'Museo Radio', 'Palazzo della Ragione']",Santa Anastasia,strategy_nearest,False,0.002910137176513672,success
04368D4A9C4C81,1,"['Arena', 'Casa Giulietta']",Torre Lamberti,"['Sighseeing', 'Centro Fotografia', 'Museo Conte', 'Palazzo della Ragione', 'AMO']",Palazzo della Ragione,strategy_nearest,True,0.0033500194549560547,success
0436934A9C4C80,2,"['San Fermo', 'Casa Giulietta']",Torre Lamberti,"['Sighseeing', 'Centro Fotografia', 'Museo Conte', 'Palazzo della Ragione', 'AMO']",Santa Anastasia,strategy_nearest,False,0.0022077560424804688,success
0436954A9C4C80,3,['Arena'],Casa Giulietta,"['Centro Fotografia', 'Sighseeing', 'Torre Lamberti', 'Museo Conte', 'Museo Radio']",Santa Anastasia,strategy_nearest,False,0.0019371509552001953,success
043695429C4C81,2,['Santa Anastasia'],Santa Anastasia,"['AMO', 'Museo Conte', 'Palazzo della Ragione', 'Teatro Romano', 'Centro Fotografia']",Teatro Romano,strategy_nearest,True,0.0026009082794189453,success
043698429C4C81,1,"['Arena', 'Museo Lapidario', 'Castelvecchio']",Casa Giulietta,"['Centro Fotografia', 'Sighseeing', 'Torre Lamberti', 'Museo Conte', 'Museo Radio']",Torre Lamberti,strategy_nearest,True,0.002357006072998047,success
0436964A9C4C81,0,['Arena'],Casa Giulietta,"['Centro Fotografia', 'Sighseeing', 'Torre Lamberti', 'Museo Conte', 'Museo Radio']",Teatro Romano,strategy_nearest,False,0.004142045974731445,success
04369E429C4C81,3,['Arena'],Casa Giulietta,"['Centro Fotografia', 'Sighseeing', 'Torre Lamberti', 'Museo Conte', 'Museo Radio']",Santa Anastasia,strategy_nearest,False,0.0025479793548583984,success
04369B429C4C81,1,"['Arena', 'Torre Lamberti']",Palazzo della Ragione,"['AMO', 'Museo Conte', 'Centro Fotografia', 'Sighseeing', 'Santa Anastasia']",Casa Giulietta,strategy_nearest,False,0.0033168792724609375,success
04369F4A9C4C81,3,['Arena'],Casa Giulietta,"['Centro Fotografia', 'Sighseeing', 'Torre Lamberti', 'Museo Conte', 'Museo Radio']",Santa Anastasia,strategy_nearest,False,0.00316619873046875,success
04369F429C4C81,1,"['Santa Anastasia', 'Duomo']",Arena,"['Verona Tour', 'Museo Lapidario', 'Museo Radio', 'San Fermo', 'Casa Giulietta']",Casa Giulietta,strategy_nearest,True,0.0024487972259521484,success
0436A34A9C4C80,2,"['Castelvecchio', 'Torre Lamberti']",Casa Giulietta,"['Centro Fotografia', 'Sighseeing', 'Museo Conte', 'Museo Radio', 'Palazzo della Ragione']",Santa Anastasia,strategy_nearest,False,0.002585172653198242,success
0436A1429C4C81,3,"['Arena', 'Casa Giulietta', 'Torre Lamberti']",San Zeno,"['Castelvecchio', 'Verona Tour', 'Museo Lapidario', 'Museo Miniscalchi', 'Sighseeing']",Duomo,strategy_nearest,False,0.0034651756286621094,success
0436A74A9C4C81,0,"['San Zeno', 'Castelvecchio']",Arena,"['Verona Tour', 'Museo Lapidario', 'Museo Radio', 'San Fermo', 'Casa Giulietta']",Casa Giulietta,strategy_nearest,True,0.0017240047454833984,success
0436A4429C4C80,0,['Arena'],Castelvecchio,"['Museo Lapidario', 'Verona Tour', 'Museo Radio', 'San Zeno', 'Sighseeing']",San Zeno,strategy_nearest,True,0.0025658607482910156,success
0436AA429C4C80,2,"['Palazzo della Ragione', 'Torre Lamberti']",Giardino Giusti,"['Santa Anastasia', 'Teatro Romano', 'Museo Conte', 'Centro Fotografia', 'Museo Storia']",Teatro Romano,strategy_nearest,True,0.003237009048461914,success
0436AB4A9C4C81,1,['Arena'],Castelvecchio,"['Museo Lapidario', 'Verona Tour', 'Museo Radio', 'San Zeno', 'Sighseeing']",Palazzo della Ragione,strategy_nearest,False,0.0017018318176269531,success
0436AA429C4C81,3,"['Arena', 'Casa Giulietta']",Torre Lamberti,"['Sighseeing', 'Centro Fotografia', 'Museo Conte', 'Palazzo della Ragione', 'AMO']",Santa Anastasia,strategy_nearest,False,0.0023758411407470703,success
0436AA4A9C4C81,3,"['Arena', 'Santa Anastasia']",Duomo,"['AMO', 'Museo Miniscalchi', 'Teatro Romano', 'Palazzo della Ragione', 'Museo Conte']",Castelvecchio,strategy_nearest,False,0.0033011436462402344,success
0436AC429C4C81,2,['Castelvecchio'],Casa Giulietta,"['Centro Fotografia', 'Sighseeing', 'Torre Lamberti', 'Museo Conte', 'Museo Radio']",Santa Anastasia,strategy_nearest,False,0.003139019012451172,success
0436BB3A9C4C81,1,"['Arena', 'Palazzo della Ragione']",Torre Lamberti,"['Sighseeing', 'Centro Fotografia', 'Museo Conte', 'Casa Giulietta', 'AMO']",Santa Anastasia,strategy_nearest,False,0.0030837059020996094,success
0436B73A9C4C80,2,"['Palazzo della Ragione', 'Torre Lamberti']",Teatro Romano,"['Santa Anastasia', 'Duomo', 'AMO', 'Museo Conte', 'Centro Fotografia']",Duomo,strategy_nearest,True,0.0019478797912597656,success
0436AE3A9C4C81,0,['Castelvecchio'],Arena,"['Verona Tour', 'Museo Lapidario', 'Museo Radio', 'San Fermo', 'Casa Giulietta']",Casa Giulietta,strategy_nearest,True,0.0026009082794189453,success
0436BC3A9C4C81,1,"['Teatro Romano', 'Palazzo della Ragione']",Torre Lamberti,"['Sighseeing', 'Centro Fotografia', 'Museo Conte', 'Casa Giulietta', 'AMO']",Casa Giulietta,strategy_nearest,True,0.0027892589569091797,success
0436BE3A9C4C81,0,['Arena'],Casa Giulietta,"['Centro Fotografia', 'Sighseeing', 'Torre Lamberti', 'Museo Conte', 'Museo Radio']",Torre Lamberti,strategy_nearest,True,0.0019712448120117188,success
0436C13A9C4C80,0,['Arena'],Casa Giulietta,"['Centro Fotografia', 'Sighseeing', 'Torre Lamberti', 'Museo Conte', 'Museo Radio']",Torre Lamberti,strategy_nearest,True,0.0026962757110595703,success
0436CC3A9C4C80,3,"['Arena', 'Torre Lamberti']",Santa Anastasia,"['AMO', 'Museo Conte', 'Palazzo della Ragione', 'Teatro Romano', 'Centro Fotografia']",Duomo,strategy_nearest,False,0.0029828548431396484,success
0436C93A9C4C80,0,"['Castelvecchio', 'Arena']",Torre Lamberti,"['Sighseeing', 'Centro Fotografia', 'Museo Conte', 'Casa Giulietta', 'Palazzo della Ragione']",Teatro Romano,strategy_nearest,False,0.002374887466430664,success
0436F2429C4C80,1,"['Arena', 'Museo Storia', 'San Fermo', 'Castelvecchio', 'Casa Giulietta']",Tomba Giulietta,"['Museo Lapidario', 'Museo Radio', 'Verona Tour', 'Sighseeing', 'Torre Lamberti']",Museo Lapidario,strategy_nearest,True,0.0025980472564697266,success
0436FC429C4C80,3,"['Tomba Giulietta', 'Castelvecchio', 'Casa Giulietta', 'Torre Lamberti', 'Duomo']",Santa Anastasia,"['AMO', 'Museo Conte', 'Palazzo della Ragione', 'Teatro Romano', 'Centro Fotografia']",San Zeno,strategy_nearest,False,0.0022640228271484375,success
0436FB3A9C4C80,2,"['Casa Giulietta', 'Santa Anastasia']",Teatro Romano,"['Duomo', 'AMO', 'Palazzo della Ragione', 'Museo Conte', 'Centro Fotografia']",Duomo,strategy_nearest,True,0.002549886703491211,success
0436FB429C4C80,3,"['Castelvecchio', 'Santa Anastasia']",Teatro Romano,"['Duomo', 'AMO', 'Palazzo della Ragione', 'Museo Conte', 'Centro Fotografia']",Arena,strategy_nearest,False,0.0031652450561523438,success
0437323A9C4C80,3,['Torre Lamberti'],Arena,"['Verona Tour', 'Museo Lapidario', 'Museo Radio', 'San Fermo', 'Casa Giulietta']",Santa Anastasia,strategy_nearest,False,0.0028269290924072266,success
04373D429C4C80,2,['Casa Giulietta'],Tomba Giulietta,"['San Fermo', 'Museo Storia', 'Arena', 'Museo Lapidario', 'Museo Radio']",Giardino Giusti,strategy_nearest,False,0.002646923065185547,success
0437393A9C4C80,2,['Casa Giulietta'],Palazzo della Ragione,"['AMO', 'Museo Conte', 'Torre Lamberti', 'Centro Fotografia', 'Sighseeing']",Torre Lamberti,strategy_nearest,True,0.002193927764892578,success
04373FBA7B3F80,2,['Castelvecchio'],Duomo,"['AMO', 'Museo Miniscalchi', 'Santa Anastasia', 'Teatro Romano', 'Palazzo della Ragione']",Santa Anastasia,strategy_nearest,True,0.0035719871520996094,success
0437563A9C4C80,3,"['Arena', 'San Fermo', 'Casa Giulietta']",Castelvecchio,"['Museo Lapidario', 'Verona Tour', 'Museo Radio', 'San Zeno', 'Sighseeing']",Torre Lamberti,strategy_nearest,False,0.002360105514526367,success
04376B3A9C4C80,3,"['Teatro Romano', 'Santa Anastasia']",Torre Lamberti,"['Sighseeing', 'Centro Fotografia', 'Museo Conte', 'Casa Giulietta', 'Palazzo della Ragione']",Arena,strategy_nearest,False,0.0025730133056640625,success
0437773A9C4C80,0,['Arena'],Castelvecchio,"['Museo Lapidario', 'Verona Tour', 'Museo Radio', 'San Zeno', 'Sighseeing']",San Fermo,strategy_nearest,False,0.003201007843017578,success
04377F4A9C4C81,0,['Arena'],Casa Giulietta,"['Centro Fotografia', 'Sighseeing', 'Torre Lamberti', 'Museo Conte', 'Museo Radio']",Teatro Romano,strategy_nearest,False,0.0033080577850341797,success
043781429C4C81,3,"['Duomo', 'Santa Anastasia', 'Arena']",Casa Giulietta,"['Centro Fotografia', 'Sighseeing', 'Torre Lamberti', 'Museo Conte', 'Museo Radio']",Castelvecchio,strategy_nearest,False,0.002780914306640625,success
04377E429C4C80,3,"['Arena', 'Casa Giulietta']",Casa Giulietta,"['Centro Fotografia', 'Sighseeing', 'Torre Lamberti', 'Museo Conte', 'Museo Radio']",Torre Lamberti,strategy_nearest,True,0.0026159286499023438,success
0437823A9C4C80,2,['Castelvecchio'],Santa Anastasia,"['AMO', 'Museo Conte', 'Palazzo della Ragione', 'Teatro Romano', 'Centro Fotografia']",Palazzo della Ragione,strategy_nearest,True,0.0025091171264648438,success
0437814A9C4C81,0,['Arena'],Torre Lamberti,"['Sighseeing', 'Centro Fotografia', 'Museo Conte', 'Casa Giulietta', 'Palazzo della Ragione']",Castelvecchio,strategy_nearest,False,0.0019750595092773438,success
0437844A9C4C81,0,['Arena'],Castelvecchio,"['Museo Lapidario', 'Verona Tour', 'Museo Radio', 'San Zeno', 'Sighseeing']",San Zeno,strategy_nearest,True,0.0018360614776611328,success
043788429C4C80,2,['Casa Giulietta'],Torre Lamberti,"['Sighseeing', 'Centro Fotografia', 'Museo Conte', 'Palazzo della Ragione', 'AMO']",Santa Anastasia,strategy_nearest,False,0.0022161006927490234,success
0437844A9C4C80,0,['Arena'],Castelvecchio,"['Museo Lapidario', 'Verona Tour', 'Museo Radio', 'San Zeno', 'Sighseeing']",Torre Lamberti,strategy_nearest,False,0.0035619735717773438,success
0437864A9C4C80,0,['Arena'],Duomo,"['AMO', 'Museo Miniscalchi', 'Santa Anastasia', 'Teatro Romano', 'Palazzo della Ragione']",Casa Giulietta,strategy_nearest,False,0.003679037094116211,success
04378C4A9C4C81,0,['Arena'],Casa Giulietta,"['Centro Fotografia', 'Sighseeing', 'Torre Lamberti', 'Museo Conte', 'Museo Radio']",Santa Anastasia,strategy_nearest,False,0.002767801284790039,success
04378C4A9C4C80,0,"['Arena', 'Casa Giulietta']",Duomo,"['AMO', 'Museo Miniscalchi', 'Santa Anastasia', 'Teatro Romano', 'Palazzo della Ragione']",Torre Lamberti,strategy_nearest,False,0.002663135528564453,success
04378D4A9C4C80,0,['Arena'],Casa Giulietta,"['Centro Fotografia', 'Sighseeing', 'Torre Lamberti', 'Museo Conte', 'Museo Radio']",Castelvecchio,strategy_nearest,False,0.003129720687866211,success
04378E4A9C4C81,3,"['Arena', 'Casa Giulietta']",Santa Anastasia,"['AMO', 'Museo Conte', 'Palazzo della Ragione', 'Teatro Romano', 'Centro Fotografia']",Torre Lamberti,strategy_nearest,False,0.002857208251953125,success
0437954A9C4C80,3,"['Arena', 'San Fermo']",Casa Giulietta,"['Centro Fotografia', 'Sighseeing', 'Torre Lamberti', 'Museo Conte', 'Museo Radio']",Torre Lamberti,strategy_nearest,True,0.0014219284057617188,success
0437924A9C4C80,1,"['Arena', 'Casa Giulietta', 'Torre Lamberti']",Palazzo della Ragione,"['AMO', 'Museo Conte', 'Centro Fotografia', 'Sighseeing', 'Santa Anastasia']",Castelvecchio,strategy_nearest,False,0.002189159393310547,success
043797429C4C81,3,"['Arena', 'Casa Giulietta', 'Torre Lamberti']",Teatro Romano,"['Santa Anastasia', 'Duomo', 'AMO', 'Palazzo della Ragione', 'Museo Conte']",Duomo,strategy_nearest,True,0.003240823745727539,success
04379E429C4C80,0,['Arena'],Casa Giulietta,"['Centro Fotografia', 'Sighseeing', 'Torre Lamberti', 'Museo Conte', 'Museo Radio']",Santa Anastasia,strategy_nearest,False,0.0014030933380126953,success
04379B429C4C81,0,['Arena'],Casa Giulietta,"['Centro Fotografia', 'Sighseeing', 'Torre Lamberti', 'Museo Conte', 'Museo Radio']",Castelvecchio,strategy_nearest,False,0.0021910667419433594,success
04379C429C4C81,1,"['Arena', 'Torre Lamberti']",Palazzo della Ragione,"['AMO', 'Museo Conte', 'Centro Fotografia', 'Sighseeing', 'Santa Anastasia']",Casa Giulietta,strategy_nearest,False,0.0034029483795166016,success
0437974A9C4C80,3,['Arena'],Torre Lamberti,"['Sighseeing', 'Centro Fotografia', 'Museo Conte', 'Casa Giulietta', 'Palazzo della Ragione']",Santa Anastasia,strategy_nearest,False,0.0034630298614501953,success
0437A1429C4C80,0,['Arena'],Casa Giulietta,"['Centro Fotografia', 'Sighseeing', 'Torre Lamberti', 'Museo Conte', 'Museo Radio']",Torre Lamberti,strategy_nearest,True,0.0017499923706054688,success
0437A0429C4C81,3,"['Arena', 'Torre Lamberti']",Casa Giulietta,"['Centro Fotografia', 'Sighseeing', 'Museo Conte', 'Museo Radio', 'Palazzo della Ragione']",Santa Anastasia,strategy_nearest,False,0.0030248165130615234,success
0437A24A9C4C80,0,['Duomo'],Torre Lamberti,"['Sighseeing', 'Centro Fotografia', 'Museo Conte', 'Casa Giulietta', 'Palazzo della Ragione']",Arena,strategy_nearest,False,0.0028018951416015625,success
0437A44A9C4C81,3,"['Arena', 'Casa Giulietta']",Torre Lamberti,"['Sighseeing', 'Centro Fotografia', 'Museo Conte', 'Palazzo della Ragione', 'AMO']",Santa Anastasia,strategy_nearest,False,0.003404855728149414,success
0437A83A9C4C80,3,['Arena'],Casa Giulietta,"['Centro Fotografia', 'Sighseeing', 'Torre Lamberti', 'Museo Conte', 'Museo Radio']",Santa Anastasia,strategy_nearest,False,0.002902984619140625,success
0437AC429C4C80,0,['Teatro Romano'],Castelvecchio,"['Museo Lapidario', 'Verona Tour', 'Arena', 'Museo Radio', 'San Zeno']",Arena,strategy_nearest,True,0.002008676528930664,success
0437AA4A9C4C81,1,"['Palazzo della Ragione', 'Torre Lamberti', 'Casa Giulietta']",Arena,"['Verona Tour', 'Museo Lapidario', 'Museo Radio', 'San Fermo', 'Sighseeing']",Tomba Giulietta,strategy_nearest,False,0.0027039051055908203,success
0437A94A9C4C81,3,"['Arena', 'Santa Anastasia']",Duomo,"['AMO', 'Museo Miniscalchi', 'Teatro Romano', 'Palazzo della Ragione', 'Museo Conte']",Castelvecchio,strategy_nearest,False,0.004645824432373047,success
0437BA429C4C81,1,"['Museo Lapidario', 'Arena']",Torre Lamberti,"['Sighseeing', 'Centro Fotografia', 'Museo Conte', 'Casa Giulietta', 'Palazzo della Ragione']",Palazzo della Ragione,strategy_nearest,True,0.0013141632080078125,success
0437AE429C4C80,1,"['Arena', 'Torre Lamberti']",Palazzo della Ragione,"['AMO', 'Museo Conte', 'Centro Fotografia', 'Sighseeing', 'Santa Anastasia']",Casa Giulietta,strategy_nearest,False,0.004021167755126953,success
0437BD3A9C4C80,0,['Tomba Giulietta'],Arena,"['Verona Tour', 'Museo Lapidario', 'Museo Radio', 'San Fermo', 'Casa Giulietta']",San Fermo,strategy_nearest,True,0.002744913101196289,success
0437BF429C4C80,2,['Casa Giulietta'],Castelvecchio,"['Museo Lapidario', 'Verona Tour', 'Arena', 'Museo Radio', 'San Zeno']",Torre Lamberti,strategy_nearest,False,0.003422975540161133,success
0437CA429C4C80,0,"['Casa Giulietta', 'Arena']",Tomba Giulietta,"['San Fermo', 'Museo Storia', 'Museo Lapidario', 'Museo Radio', 'Verona Tour']",Torre Lamberti,strategy_nearest,False,0.002563953399658203,success
0437CB429C4C80,1,"['Arena', 'Torre Lamberti']",Palazzo della Ragione,"['AMO', 'Museo Conte', 'Centro Fotografia', 'Sighseeing', 'Santa Anastasia']",Casa Giulietta,strategy_nearest,False,0.003159761428833008,success
0437C0429C4C80,3,"['Arena', 'Museo Lapidario']",Castelvecchio,"['Verona Tour', 'Museo Radio', 'San Zeno', 'Sighseeing', 'Museo Miniscalchi']",Duomo,strategy_nearest,False,0.002424955368041992,success
0437F03A9C4C80,0,['Arena'],Casa Giulietta,"['Centro Fotografia', 'Sighseeing', 'Torre Lamberti', 'Museo Conte', 'Museo Radio']",Torre Lamberti,strategy_nearest,True,0.0031609535217285156,success
0437F1429C4C80,2,"['Giardino Giusti', 'Teatro Romano', 'Duomo', 'Santa Anastasia']",Torre Lamberti,"['Sighseeing', 'Centro Fotografia', 'Museo Conte', 'Casa Giulietta', 'Palazzo della Ragione']",Casa Giulietta,strategy_nearest,True,0.002440214157104492,success
0437F23A9C4C80,2,"['Tomba Giulietta', 'Torre Lamberti']",Casa Giulietta,"['Centro Fotografia', 'Sighseeing', 'Museo Conte', 'Museo Radio', 'Palazzo della Ragione']",Santa Anastasia,strategy_nearest,False,0.0025589466094970703,success
04382F3A9C4C80,1,"['Palazzo della Ragione', 'Torre Lamberti']",Arena,"['Verona Tour', 'Museo Lapidario', 'Museo Radio', 'San Fermo', 'Casa Giulietta']",San Fermo,strategy_nearest,True,0.001934051513671875,success
0438383A9C4C80,3,"['Casa Giulietta', 'Santa Anastasia', 'Teatro Romano', 'Duomo']",San Zeno,"['Castelvecchio', 'Verona Tour', 'Museo Lapidario', 'Arena', 'Museo Miniscalchi']",Arena,strategy_nearest,True,0.00243377685546875,success
0437FC3A9C4C80,2,['Casa Giulietta'],Santa Anastasia,"['AMO', 'Museo Conte', 'Palazzo della Ragione', 'Teatro Romano', 'Centro Fotografia']",Duomo,strategy_nearest,False,0.004736900329589844,success
043848BA7B3F80,2,['Castelvecchio'],Duomo,"['AMO', 'Museo Miniscalchi', 'Santa Anastasia', 'Teatro Romano', 'Palazzo della Ragione']",Santa Anastasia,strategy_nearest,True,0.003140687942504883,success
043850429C4C80,1,"['Castelvecchio', 'Casa Giulietta', 'Arena']",Torre Lamberti,"['Sighseeing', 'Centro Fotografia', 'Museo Conte', 'Palazzo della Ragione', 'AMO']",Palazzo della Ragione,strategy_nearest,True,0.002559185028076172,success
043853429C4C80,0,['Arena'],Duomo,"['AMO', 'Museo Miniscalchi', 'Santa Anastasia', 'Teatro Romano', 'Palazzo della Ragione']",Casa Giulietta,strategy_nearest,False,0.003197193145751953,success
04384E429C4C80,3,['Santa Anastasia'],Arena,"['Verona Tour', 'Museo Lapidario', 'Museo Radio', 'San Fermo', 'Casa Giulietta']",Teatro Romano,strategy_nearest,False,0.0023932456970214844,success
043855429C4C80,3,['Arena'],Torre Lamberti,"['Sighseeing', 'Centro Fotografia', 'Museo Conte', 'Casa Giulietta', 'Palazzo della Ragione']",Santa Anastasia,strategy_nearest,False,0.003132343292236328,success
04385B3A9C4C80,3,"['Casa Giulietta', 'Santa Anastasia']",Torre Lamberti,"['Sighseeing', 'Centro Fotografia', 'Museo Conte', 'Palazzo della Ragione', 'AMO']",Arena,strategy_nearest,False,0.0017919540405273438,success
043857429C4C80,2,"['Casa Giulietta', 'Santa Anastasia']",Duomo,"['AMO', 'Museo Miniscalchi', 'Teatro Romano', 'Palazzo della Ragione', 'Museo Conte']",Teatro Romano,strategy_nearest,True,0.002444028854370117,success
043868429C4C80,0,['Arena'],San Fermo,"['Museo Storia', 'Museo Radio', 'Casa Giulietta', 'Centro Fotografia', 'Sighseeing']",Torre Lamberti,strategy_nearest,False,0.0026481151580810547,success
043866429C4C80,1,['Arena'],Palazzo della Ragione,"['AMO', 'Museo Conte', 'Torre Lamberti', 'Centro Fotografia', 'Sighseeing']",Torre Lamberti,strategy_nearest,True,0.003489971160888672,success
0438723A9C4C80,3,['Arena'],Casa Giulietta,"['Centro Fotografia', 'Sighseeing', 'Torre Lamberti', 'Museo Conte', 'Museo Radio']",Santa Anastasia,strategy_nearest,False,0.002329111099243164,success
04387C4A9C4C80,3,"['Arena', 'Castelvecchio', 'San Zeno']",Casa Giulietta,"['Centro Fotografia', 'Sighseeing', 'Torre Lamberti', 'Museo Conte', 'Museo Radio']",Santa Anastasia,strategy_nearest,False,0.0025310516357421875,success
0438804A9C4C80,3,['Arena'],Teatro Romano,"['Santa Anastasia', 'Duomo', 'AMO', 'Palazzo della Ragione', 'Museo Conte']",Duomo,strategy_nearest,True,0.0026750564575195312,success
043881429C4C81,0,['Arena'],Torre Lamberti,"['Sighseeing', 'Centro Fotografia', 'Museo Conte', 'Casa Giulietta', 'Palazzo della Ragione']",Casa Giulietta,strategy_nearest,True,0.002698183059692383,success
043882429C4C81,1,"['Arena', 'Casa Giulietta', 'Torre Lamberti']",Palazzo della Ragione,"['AMO', 'Museo Conte', 'Centro Fotografia', 'Sighseeing', 'Santa Anastasia']",Santa Anastasia,strategy_nearest,True,0.0026907920837402344,success
043883429C4C80,0,['Arena'],Casa Giulietta,"['Centro Fotografia', 'Sighseeing', 'Torre Lamberti', 'Museo Conte', 'Museo Radio']",Castelvecchio,strategy_nearest,False,0.0035037994384765625,success
04388A4A9C4C80,0,['Arena'],Casa Giulietta,"['Centro Fotografia', 'Sighseeing', 'Torre Lamberti', 'Museo Conte', 'Museo Radio']",Torre Lamberti,strategy_nearest,True,0.003055095672607422,success
0438854A9C4C80,0,['Arena'],Casa Giulietta,"['Centro Fotografia', 'Sighseeing', 'Torre Lamberti', 'Museo Conte', 'Museo Radio']",Duomo,strategy_nearest,False,0.0027551651000976562,success
04388A429C4C80,0,['Arena'],Torre Lamberti,"['Sighseeing', 'Centro Fotografia', 'Museo Conte', 'Casa Giulietta', 'Palazzo della Ragione']",Casa Giulietta,strategy_nearest,True,0.0033452510833740234,success
04388F4A9C4C80,0,['Arena'],Casa Giulietta,"['Centro Fotografia', 'Sighseeing', 'Torre Lamberti', 'Museo Conte', 'Museo Radio']",Santa Anastasia,strategy_nearest,False,0.0011639595031738281,success
04388C429C4C80,1,['Arena'],Torre Lamberti,"['Sighseeing', 'Centro Fotografia', 'Museo Conte', 'Casa Giulietta', 'Palazzo della Ragione']",Palazzo della Ragione,strategy_nearest,True,0.0033261775970458984,success
0438904A9C4C81,2,"['San Zeno', 'Torre Lamberti', 'Santa Anastasia']",Casa Giulietta,"['Centro Fotografia', 'Sighseeing', 'Museo Conte', 'Museo Radio', 'Palazzo della Ragione']",Teatro Romano,strategy_nearest,False,0.0026869773864746094,success
043892429C4C80,0,['Arena'],Casa Giulietta,"['Centro Fotografia', 'Sighseeing', 'Torre Lamberti', 'Museo Conte', 'Museo Radio']",Torre Lamberti,strategy_nearest,True,0.003023862838745117,success
043893429C4C80,0,['Arena'],Castelvecchio,"['Museo Lapidario', 'Verona Tour', 'Museo Radio', 'San Zeno', 'Sighseeing']",Tomba Giulietta,strategy_nearest,False,0.003281831741333008,success
0438944A9C4C81,1,['Arena'],Torre Lamberti,"['Sighseeing', 'Centro Fotografia', 'Museo Conte', 'Casa Giulietta', 'Palazzo della Ragione']",Palazzo della Ragione,strategy_nearest,True,0.0030388832092285156,success
043893429C4C81,2,"['Castelvecchio', 'Torre Lamberti']",Palazzo della Ragione,"['AMO', 'Museo Conte', 'Centro Fotografia', 'Sighseeing', 'Santa Anastasia']",Casa Giulietta,strategy_nearest,False,0.002577066421508789,success
0438934A9C4C81,0,['Arena'],Castelvecchio,"['Museo Lapidario', 'Verona Tour', 'Museo Radio', 'San Zeno', 'Sighseeing']",Casa Giulietta,strategy_nearest,False,0.003370046615600586,success
043897429C4C81,3,"['Arena', 'San Fermo', 'Torre Lamberti']",Santa Anastasia,"['AMO', 'Museo Conte', 'Palazzo della Ragione', 'Teatro Romano', 'Centro Fotografia']",Teatro Romano,strategy_nearest,True,0.0022029876708984375,success
043898429C4C80,3,"['Arena', 'Duomo']",Teatro Romano,"['Santa Anastasia', 'AMO', 'Palazzo della Ragione', 'Museo Conte', 'Centro Fotografia']",Santa Anastasia,strategy_nearest,True,0.0016210079193115234,success
043899429C4C80,0,"['Castelvecchio', 'Arena']",Tomba Giulietta,"['San Fermo', 'Museo Storia', 'Museo Lapidario', 'Museo Radio', 'Verona Tour']",Casa Giulietta,strategy_nearest,False,0.0018301010131835938,success
04389F4A9C4C81,3,"['Arena', 'Casa Giulietta']",Torre Lamberti,"['Sighseeing', 'Centro Fotografia', 'Museo Conte', 'Palazzo della Ragione', 'AMO']",Duomo,strategy_nearest,False,0.00234222412109375,success
0438994A9C4C80,1,"['Arena', 'Torre Lamberti']",Palazzo della Ragione,"['AMO', 'Museo Conte', 'Centro Fotografia', 'Sighseeing', 'Santa Anastasia']",Santa Anastasia,strategy_nearest,True,0.002611875534057617,success
0438A14A9C4C81,0,['Arena'],Casa Giulietta,"['Centro Fotografia', 'Sighseeing', 'Torre Lamberti', 'Museo Conte', 'Museo Radio']",Torre Lamberti,strategy_nearest,True,0.002543926239013672,success
0438A1429C4C80,1,"['Arena', 'Casa Giulietta']",Palazzo della Ragione,"['AMO', 'Museo Conte', 'Torre Lamberti', 'Centro Fotografia', 'Sighseeing']",Torre Lamberti,strategy_nearest,True,0.0033380985260009766,success
0438A34A9C4C80,3,['Arena'],Santa Anastasia,"['AMO', 'Museo Conte', 'Palazzo della Ragione', 'Teatro Romano', 'Centro Fotografia']",Teatro Romano,strategy_nearest,True,0.0024271011352539062,success
0438A63A9C4C80,0,['Arena'],Museo Lapidario,"['Verona Tour', 'Castelvecchio', 'Museo Radio', 'San Fermo', 'Casa Giulietta']",Castelvecchio,strategy_nearest,True,0.0030639171600341797,success
0438B0429C4C81,1,"['Arena', 'Torre Lamberti']",Palazzo della Ragione,"['AMO', 'Museo Conte', 'Centro Fotografia', 'Sighseeing', 'Santa Anastasia']",Casa Giulietta,strategy_nearest,False,0.00189208984375,success
0438AD3A9C4C80,2,['Tomba Giulietta'],Casa Giulietta,"['Centro Fotografia', 'Sighseeing', 'Torre Lamberti', 'Museo Conte', 'Museo Radio']",Palazzo della Ragione,strategy_nearest,False,0.003317117691040039,success
0438B13A9C4C80,1,"['Arena', 'Museo Lapidario']",Torre Lamberti,"['Sighseeing', 'Centro Fotografia', 'Museo Conte', 'Casa Giulietta', 'Palazzo della Ragione']",Palazzo della Ragione,strategy_nearest,True,0.003159046173095703,success
0438A9429C4C80,3,"['Arena', 'Castelvecchio']",Casa Giulietta,"['Centro Fotografia', 'Sighseeing', 'Torre Lamberti', 'Museo Conte', 'Museo Radio']",Santa Anastasia,strategy_nearest,False,0.002719879150390625,success
0438C93A9C4C80,1,"['Arena', 'Casa Giulietta', 'Torre Lamberti']",Palazzo della Ragione,"['AMO', 'Museo Conte', 'Centro Fotografia', 'Sighseeing', 'Santa Anastasia']",Santa Anastasia,strategy_nearest,True,0.002727985382080078,success
0438C0429C4C80,2,"['Museo Lapidario', 'San Fermo']",Casa Giulietta,"['Centro Fotografia', 'Sighseeing', 'Torre Lamberti', 'Museo Conte', 'Museo Radio']",Santa Anastasia,strategy_nearest,False,0.0021660327911376953,success
0438B83A9C4C80,2,"['Torre Lamberti', 'Palazzo della Ragione']",Casa Giulietta,"['Centro Fotografia', 'Sighseeing', 'Museo Conte', 'Museo Radio', 'San Fermo']",Duomo,strategy_nearest,False,0.0021963119506835938,success
0438CE429C4C80,2,"['Casa Giulietta', 'Torre Lamberti']",Palazzo della Ragione,"['AMO', 'Museo Conte', 'Centro Fotografia', 'Sighseeing', 'Santa Anastasia']",Santa Anastasia,strategy_nearest,True,0.0032722949981689453,success
0438DF3A9C4C80,3,"['Castelvecchio', 'Casa Giulietta']",Arena,"['Verona Tour', 'Museo Lapidario', 'Museo Radio', 'San Fermo', 'Sighseeing']",Tomba Giulietta,strategy_nearest,False,0.0026769638061523438,success
0438D33A9C4C80,3,"['Arena', 'Casa Giulietta', 'Torre Lamberti', 'Museo Lapidario']",Castelvecchio,"['Verona Tour', 'Museo Radio', 'San Zeno', 'Sighseeing', 'Museo Miniscalchi']",San Zeno,strategy_nearest,True,0.003962993621826172,success
0438FE3A9C4C80,2,"['Castelvecchio', 'Castelvecchio']",Duomo,"['AMO', 'Museo Miniscalchi', 'Santa Anastasia', 'Teatro Romano', 'Palazzo della Ragione']",Santa Anastasia,strategy_nearest,True,0.002012968063354492,success
0438DD3A9C4C80,2,['Giardino Giusti'],Teatro Romano,"['Santa Anastasia', 'Duomo', 'AMO', 'Palazzo della Ragione', 'Museo Conte']",San Zeno,strategy_nearest,False,0.0021309852600097656,success
0439343A9C4C80,0,['Casa Giulietta'],Arena,"['Verona Tour', 'Museo Lapidario', 'Museo Radio', 'San Fermo', 'Sighseeing']",Santa Anastasia,strategy_nearest,False,0.002535104751586914,success
043932429C4C80,0,['Arena'],Castelvecchio,"['Museo Lapidario', 'Verona Tour', 'Museo Radio', 'San Zeno', 'Sighseeing']",Casa Giulietta,strategy_nearest,False,0.002093076705932617,success
04392D3A9C4C80,0,['Arena'],Museo Lapidario,"['Verona Tour', 'Castelvecchio', 'Museo Radio', 'San Fermo', 'Casa Giulietta']",Casa Giulietta,strategy_nearest,True,0.0015289783477783203,success
0438FE429C4C80,0,['Teatro Romano'],Arena,"['Verona Tour', 'Museo Lapidario', 'Museo Radio', 'San Fermo', 'Casa Giulietta']",Torre Lamberti,strategy_nearest,False,0.003531217575073242,success
043936429C4C80,2,['Castelvecchio'],San Fermo,"['Museo Storia', 'Museo Radio', 'Casa Giulietta', 'Centro Fotografia', 'Arena']",Duomo,strategy_nearest,False,0.002735137939453125,success
04393F429C4C80,3,"['Arena', 'Castelvecchio']",Santa Anastasia,"['AMO', 'Museo Conte', 'Palazzo della Ragione', 'Teatro Romano', 'Centro Fotografia']",Duomo,strategy_nearest,False,0.0012459754943847656,success
04393E429C4C80,2,['Castelvecchio'],Torre Lamberti,"['Sighseeing', 'Centro Fotografia', 'Museo Conte', 'Casa Giulietta', 'Palazzo della Ragione']",Casa Giulietta,strategy_nearest,True,0.003345966339111328,success
0439533A9C4C80,1,['Arena'],Giardino Giusti,"['Santa Anastasia', 'Teatro Romano', 'Museo Conte', 'Centro Fotografia', 'Museo Storia']",Casa Giulietta,strategy_nearest,False,0.0032820701599121094,success
043956429C4C80,0,['Castelvecchio'],Arena,"['Verona Tour', 'Museo Lapidario', 'Museo Radio', 'San Fermo', 'Casa Giulietta']",Santa Anastasia,strategy_nearest,False,0.0026750564575195312,success
04395A3A9C4C80,2,"['Santa Anastasia', 'Giardino Giusti']",Teatro Romano,"['Duomo', 'AMO', 'Palazzo della Ragione', 'Museo Conte', 'Centro Fotografia']",Palazzo della Ragione,strategy_nearest,True,0.0031239986419677734,success
043955429C4C80,3,"['Arena', 'Museo Lapidario', 'Castelvecchio']",Torre Lamberti,"['Sighseeing', 'Centro Fotografia', 'Museo Conte', 'Casa Giulietta', 'Palazzo della Ragione']",Casa Giulietta,strategy_nearest,True,0.001984119415283203,success
043958429C4C80,0,['Santa Anastasia'],Casa Giulietta,"['Centro Fotografia', 'Sighseeing', 'Torre Lamberti', 'Museo Conte', 'Museo Radio']",Arena,strategy_nearest,False,0.0032799243927001953,success
043969429C4C80,0,['Arena'],Casa Giulietta,"['Centro Fotografia', 'Sighseeing', 'Torre Lamberti', 'Museo Conte', 'Museo Radio']",Teatro Romano,strategy_nearest,False,0.001981973648071289,success
04396D429C4C80,3,"['Arena', 'Castelvecchio', 'Casa Giulietta']",Torre Lamberti,"['Sighseeing', 'Centro Fotografia', 'Museo Conte', 'Palazzo della Ragione', 'AMO']",Santa Anastasia,strategy_nearest,False,0.0019121170043945312,success
043975429C4C80,0,"['Arena', 'Castelvecchio']",Torre Lamberti,"['Sighseeing', 'Centro Fotografia', 'Museo Conte', 'Casa Giulietta', 'Palazzo della Ragione']",Casa Giulietta,strategy_nearest,True,0.002476930618286133,success
0439783A9C4C80,3,"['Teatro Romano', 'Giardino Giusti', 'Arena']",Castelvecchio,"['Museo Lapidario', 'Verona Tour', 'Museo Radio', 'San Zeno', 'Sighseeing']",Duomo,strategy_nearest,False,0.003337860107421875,success
0439874A9C4C81,0,['Arena'],Torre Lamberti,"['Sighseeing', 'Centro Fotografia', 'Museo Conte', 'Casa Giulietta', 'Palazzo della Ragione']",Castelvecchio,strategy_nearest,False,0.0019078254699707031,success
04397C429C4C80,0,"['Castelvecchio', 'Arena']",Casa Giulietta,"['Centro Fotografia', 'Sighseeing', 'Torre Lamberti', 'Museo Conte', 'Museo Radio']",Torre Lamberti,strategy_nearest,True,0.0033180713653564453,success
0439863A9C4C80,1,['Arena'],Torre Lamberti,"['Sighseeing', 'Centro Fotografia', 'Museo Conte', 'Casa Giulietta', 'Palazzo della Ragione']",Palazzo della Ragione,strategy_nearest,True,0.002688884735107422,success
04398B4A9C4C80,1,"['Arena', 'Museo Lapidario', 'Castelvecchio', 'Torre Lamberti']",Palazzo della Ragione,"['AMO', 'Museo Conte', 'Centro Fotografia', 'Sighseeing', 'Santa Anastasia']",Casa Giulietta,strategy_nearest,False,0.0032110214233398438,success
04398C4A9C4C81,0,['Arena'],Castelvecchio,"['Museo Lapidario', 'Verona Tour', 'Museo Radio', 'San Zeno', 'Sighseeing']",Casa Giulietta,strategy_nearest,False,0.002816915512084961,success
04398C4A9C4C80,3,"['Arena', 'Museo Lapidario']",Castelvecchio,"['Verona Tour', 'Museo Radio', 'San Zeno', 'Sighseeing', 'Museo Miniscalchi']",Santa Anastasia,strategy_nearest,False,0.004165172576904297,success
043991429C4C81,3,"['Castelvecchio', 'Arena']",San Fermo,"['Museo Storia', 'Museo Radio', 'Casa Giulietta', 'Centro Fotografia', 'Sighseeing']",Torre Lamberti,strategy_nearest,False,0.0026099681854248047,success
0439904A9C4C81,0,['Arena'],Teatro Romano,"['Santa Anastasia', 'Duomo', 'AMO', 'Palazzo della Ragione', 'Museo Conte']",Giardino Giusti,strategy_nearest,False,0.0013797283172607422,success
043992429C4C81,2,['Torre Lamberti'],Duomo,"['AMO', 'Museo Miniscalchi', 'Santa Anastasia', 'Teatro Romano', 'Palazzo della Ragione']",Teatro Romano,strategy_nearest,True,0.002246856689453125,success
043996429C4C81,3,"['Castelvecchio', 'Casa Giulietta']",Arena,"['Verona Tour', 'Museo Lapidario', 'Museo Radio', 'San Fermo', 'Sighseeing']",Museo Lapidario,strategy_nearest,True,0.00202178955078125,success
0439944A9C4C81,0,['Arena'],Torre Lamberti,"['Sighseeing', 'Centro Fotografia', 'Museo Conte', 'Casa Giulietta', 'Palazzo della Ragione']",Casa Giulietta,strategy_nearest,True,0.0027337074279785156,success
0439924A9C4C81,0,['Arena'],Casa Giulietta,"['Centro Fotografia', 'Sighseeing', 'Torre Lamberti', 'Museo Conte', 'Museo Radio']",Teatro Romano,strategy_nearest,False,0.0034439563751220703,success
043997429C4C81,3,"['Arena', 'San Fermo', 'Torre Lamberti']",Santa Anastasia,"['AMO', 'Museo Conte', 'Palazzo della Ragione', 'Teatro Romano', 'Centro Fotografia']",Teatro Romano,strategy_nearest,True,0.0035741329193115234,success
04399A429C4C80,0,['Arena'],Castelvecchio,"['Museo Lapidario', 'Verona Tour', 'Museo Radio', 'San Zeno', 'Sighseeing']",Torre Lamberti,strategy_nearest,False,0.0021028518676757812,success
04399D429C4C80,0,['Arena'],Torre Lamberti,"['Sighseeing', 'Centro Fotografia', 'Museo Conte', 'Casa Giulietta', 'Palazzo della Ragione']",Casa Giulietta,strategy_nearest,True,0.0037262439727783203,success
04399A429C4C81,3,"['Casa Giulietta', 'Santa Anastasia']",Duomo,"['AMO', 'Museo Miniscalchi', 'Teatro Romano', 'Palazzo della Ragione', 'Museo Conte']",Arena,strategy_nearest,False,0.0031201839447021484,success
0439A0429C4C80,0,['Arena'],Giardino Giusti,"['Santa Anastasia', 'Teatro Romano', 'Museo Conte', 'Centro Fotografia', 'Museo Storia']",San Zeno,strategy_nearest,False,0.0023221969604492188,success
0439A5429C4C81,3,"['Teatro Romano', 'Duomo', 'Santa Anastasia']",Torre Lamberti,"['Sighseeing', 'Centro Fotografia', 'Museo Conte', 'Casa Giulietta', 'Palazzo della Ragione']",Arena,strategy_nearest,False,0.001811981201171875,success
0439AB429C4C80,3,"['Teatro Romano', 'Santa Anastasia']",Arena,"['Verona Tour', 'Museo Lapidario', 'Museo Radio', 'San Fermo', 'Casa Giulietta']",Casa Giulietta,strategy_nearest,True,0.002646923065185547,success
0439A84A9C4C80,1,"['Teatro Romano', 'Duomo']",Arena,"['Verona Tour', 'Museo Lapidario', 'Museo Radio', 'San Fermo', 'Casa Giulietta']",Torre Lamberti,strategy_nearest,False,0.0035049915313720703,success
0439AD429C4C81,3,"['Casa Giulietta', 'Torre Lamberti']",Santa Anastasia,"['AMO', 'Museo Conte', 'Palazzo della Ragione', 'Teatro Romano', 'Centro Fotografia']",Arena,strategy_nearest,False,0.0027801990509033203,success
0439B8429C4C80,2,"['Museo Lapidario', 'Casa Giulietta', 'Palazzo della Ragione']",Torre Lamberti,"['Sighseeing', 'Centro Fotografia', 'Museo Conte', 'AMO', 'Museo Miniscalchi']",Santa Anastasia,strategy_nearest,False,0.0036149024963378906,success
0439BC3A9C4C80,0,['Arena'],Castelvecchio,"['Museo Lapidario', 'Verona Tour', 'Museo Radio', 'San Zeno', 'Sighseeing']",Santa Anastasia,strategy_nearest,False,0.0024819374084472656,success
0439BB429C4C80,2,['Castelvecchio'],Casa Giulietta,"['Centro Fotografia', 'Sighseeing', 'Torre Lamberti', 'Museo Conte', 'Museo Radio']",San Zeno,strategy_nearest,False,0.002974987030029297,success
0439C73A9C4C80,1,"['Arena', 'Casa Giulietta', 'Torre Lamberti']",Palazzo della Ragione,"['AMO', 'Museo Conte', 'Centro Fotografia', 'Sighseeing', 'Santa Anastasia']",Santa Anastasia,strategy_nearest,True,0.0023441314697265625,success
0439EA3A9C4C80,2,"['Santa Anastasia', 'Duomo']",Palazzo della Ragione,"['AMO', 'Museo Conte', 'Torre Lamberti', 'Centro Fotografia', 'Sighseeing']",Torre Lamberti,strategy_nearest,True,0.0025987625122070312,success
0439FE3A9C4C80,1,['Arena'],Palazzo della Ragione,"['AMO', 'Museo Conte', 'Torre Lamberti', 'Centro Fotografia', 'Sighseeing']",Torre Lamberti,strategy_nearest,True,0.001814126968383789,success
043A62429C4C80,0,['Arena'],Torre Lamberti,"['Sighseeing', 'Centro Fotografia', 'Museo Conte', 'Casa Giulietta', 'Palazzo della Ragione']",San Zeno,strategy_nearest,False,0.0034630298614501953,success
043A824A9C4C80,3,"['Arena', 'Casa Giulietta']",Santa Anastasia,"['AMO', 'Museo Conte', 'Palazzo della Ragione', 'Teatro Romano', 'Centro Fotografia']",Duomo,strategy_nearest,False,0.0031681060791015625,success
043A91429C4C81,0,['Arena'],Teatro Romano,"['Santa Anastasia', 'Duomo', 'AMO', 'Palazzo della Ragione', 'Museo Conte']",Castelvecchio,strategy_nearest,False,0.0024137496948242188,success
043A93429C4C81,3,"['Giardino Giusti', 'Teatro Romano']",San Zeno,"['Castelvecchio', 'Verona Tour', 'Museo Lapidario', 'Arena', 'Museo Miniscalchi']",Arena,strategy_nearest,True,0.002773761749267578,success
043A914A9C4C81,0,"['Arena', 'Casa Giulietta']",Torre Lamberti,"['Sighseeing', 'Centro Fotografia', 'Museo Conte', 'Palazzo della Ragione', 'AMO']",Castelvecchio,strategy_nearest,False,0.003631114959716797,success
043A96429C4C81,2,['Castelvecchio'],Palazzo della Ragione,"['AMO', 'Museo Conte', 'Torre Lamberti', 'Centro Fotografia', 'Sighseeing']",Casa Giulietta,strategy_nearest,False,0.0027430057525634766,success
043A9B4A9C4C81,1,"['Arena', 'Casa Giulietta']",Torre Lamberti,"['Sighseeing', 'Centro Fotografia', 'Museo Conte', 'Palazzo della Ragione', 'AMO']",Palazzo della Ragione,strategy_nearest,True,0.0033347606658935547,success
043A9C429C4C81,0,['Arena'],Torre Lamberti,"['Sighseeing', 'Centro Fotografia', 'Museo Conte', 'Casa Giulietta', 'Palazzo della Ragione']",Casa Giulietta,strategy_nearest,True,0.002753019332885742,success
043AA0429C4C81,0,['Casa Giulietta'],Arena,"['Verona Tour', 'Museo Lapidario', 'Museo Radio', 'San Fermo', 'Sighseeing']",Torre Lamberti,strategy_nearest,False,0.003322124481201172,success
043AA3429C4C81,0,['Arena'],Torre Lamberti,"['Sighseeing', 'Centro Fotografia', 'Museo Conte', 'Casa Giulietta', 'Palazzo della Ragione']",Duomo,strategy_nearest,False,0.0032372474670410156,success
043A9D429C4C81,2,['Torre Lamberti'],Casa Giulietta,"['Centro Fotografia', 'Sighseeing', 'Museo Conte', 'Museo Radio', 'Palazzo della Ragione']",Tomba Giulietta,strategy_nearest,False,0.0027892589569091797,success
043AA54A9C4C80,3,"['Arena', 'Casa Giulietta']",Torre Lamberti,"['Sighseeing', 'Centro Fotografia', 'Museo Conte', 'Palazzo della Ragione', 'AMO']",Santa Anastasia,strategy_nearest,False,0.0031299591064453125,success
043AA74A9C4C81,2,['Museo Lapidario'],Palazzo della Ragione,"['AMO', 'Museo Conte', 'Torre Lamberti', 'Centro Fotografia', 'Sighseeing']",Casa Giulietta,strategy_nearest,False,0.0030341148376464844,success
043AA73A9C4C80,2,['Tomba Giulietta'],Casa Giulietta,"['Centro Fotografia', 'Sighseeing', 'Torre Lamberti', 'Museo Conte', 'Museo Radio']",Duomo,strategy_nearest,False,0.0016949176788330078,success
043AA54A9C4C81,0,['Duomo'],Torre Lamberti,"['Sighseeing', 'Centro Fotografia', 'Museo Conte', 'Casa Giulietta', 'Palazzo della Ragione']",Casa Giulietta,strategy_nearest,True,0.004539012908935547,success
043AA84A9C4C81,3,['Arena'],Casa Giulietta,"['Centro Fotografia', 'Sighseeing', 'Torre Lamberti', 'Museo Conte', 'Museo Radio']",Torre Lamberti,strategy_nearest,True,0.002904176712036133,success
043B313A9C4C80,2,"['San Fermo', 'Casa Giulietta']",Castelvecchio,"['Museo Lapidario', 'Verona Tour', 'Arena', 'Museo Radio', 'San Zeno']",Torre Lamberti,strategy_nearest,False,0.002735137939453125,success
043B0A429C4C84,0,['Arena'],Casa Giulietta,"['Centro Fotografia', 'Sighseeing', 'Torre Lamberti', 'Museo Conte', 'Museo Radio']",Torre Lamberti,strategy_nearest,True,0.00152587890625,success
043B2B4A9C4C80,2,['Teatro Romano'],Tomba Giulietta,"['San Fermo', 'Museo Storia', 'Arena', 'Museo Lapidario', 'Museo Radio']",Castelvecchio,strategy_nearest,False,0.0034720897674560547,success
043B4C429C4C80,3,"['Arena', 'Torre Lamberti']",Casa Giulietta,"['Centro Fotografia', 'Sighseeing', 'Museo Conte', 'Museo Radio', 'Palazzo della Ragione']",Teatro Romano,strategy_nearest,False,0.0027000904083251953,success
043B423A9C4C80,3,"['Teatro Romano', 'Santa Anastasia', 'Casa Giulietta']",Duomo,"['AMO', 'Museo Miniscalchi', 'Palazzo della Ragione', 'Museo Conte', 'Torre Lamberti']",Giardino Giusti,strategy_nearest,False,0.002203702926635742,success
043B4B429C4C80,3,"['Arena', 'Santa Anastasia']",Duomo,"['AMO', 'Museo Miniscalchi', 'Teatro Romano', 'Palazzo della Ragione', 'Museo Conte']",Teatro Romano,strategy_nearest,True,0.0027811527252197266,success
043B4F429C4C80,3,['Arena'],Casa Giulietta,"['Centro Fotografia', 'Sighseeing', 'Torre Lamberti', 'Museo Conte', 'Museo Radio']",Torre Lamberti,strategy_nearest,True,0.0033957958221435547,success
043B61429C4C80,0,['Arena'],Casa Giulietta,"['Centro Fotografia', 'Sighseeing', 'Torre Lamberti', 'Museo Conte', 'Museo Radio']",Torre Lamberti,strategy_nearest,True,0.0026340484619140625,success
043B583A9C4C80,6,['Arena'],Verona Tour,"['Museo Lapidario', 'Castelvecchio', 'Museo Radio', 'Casa Giulietta', 'Sighseeing']",Castelvecchio,strategy_nearest,True,0.0018160343170166016,success
043B62429C4C80,0,['Teatro Romano'],Arena,"['Verona Tour', 'Museo Lapidario', 'Museo Radio', 'San Fermo', 'Casa Giulietta']",Casa Giulietta,strategy_nearest,True,0.0023779869079589844,success
043B6F3A9C4C80,1,"['Castelvecchio', 'San Zeno']",Teatro Romano,"['Santa Anastasia', 'Duomo', 'AMO', 'Palazzo della Ragione', 'Museo Conte']",Palazzo della Ragione,strategy_nearest,True,0.0031070709228515625,success
043B7C429C4C80,0,['Arena'],Casa Giulietta,"['Centro Fotografia', 'Sighseeing', 'Torre Lamberti', 'Museo Conte', 'Museo Radio']",Torre Lamberti,strategy_nearest,True,0.001898050308227539,success
043B82429C4C80,2,['Casa Giulietta'],Torre Lamberti,"['Sighseeing', 'Centro Fotografia', 'Museo Conte', 'Palazzo della Ragione', 'AMO']",Santa Anastasia,strategy_nearest,False,0.00249481201171875,success
043B7A4A9C4C80,0,"['Arena', 'Casa Giulietta']",Torre Lamberti,"['Sighseeing', 'Centro Fotografia', 'Museo Conte', 'Palazzo della Ragione', 'AMO']",Duomo,strategy_nearest,False,0.0040798187255859375,success
043B914A9C4C80,3,"['Arena', 'Casa Giulietta', 'Santa Anastasia']",Duomo,"['AMO', 'Museo Miniscalchi', 'Teatro Romano', 'Palazzo della Ragione', 'Museo Conte']",Teatro Romano,strategy_nearest,True,0.0020329952239990234,success
043B8C3A9C4C80,3,"['Tomba Giulietta', 'Arena']",San Fermo,"['Museo Storia', 'Museo Radio', 'Casa Giulietta', 'Centro Fotografia', 'Sighseeing']",Casa Giulietta,strategy_nearest,True,0.004019260406494141,success
043B91429C4C80,3,['Arena'],Casa Giulietta,"['Centro Fotografia', 'Sighseeing', 'Torre Lamberti', 'Museo Conte', 'Museo Radio']",Santa Anastasia,strategy_nearest,False,0.0015869140625,success
043B864A9C4C80,3,"['Arena', 'Duomo']",Teatro Romano,"['Santa Anastasia', 'AMO', 'Palazzo della Ragione', 'Museo Conte', 'Centro Fotografia']",San Fermo,strategy_nearest,False,0.003486156463623047,success
043B95429C4C80,3,"['Castelvecchio', 'Museo Lapidario']",Arena,"['Verona Tour', 'Museo Radio', 'San Fermo', 'Casa Giulietta', 'Sighseeing']",San Fermo,strategy_nearest,True,0.002084016799926758,success
043B94429C4C81,0,['Arena'],Casa Giulietta,"['Centro Fotografia', 'Sighseeing', 'Torre Lamberti', 'Museo Conte', 'Museo Radio']",Torre Lamberti,strategy_nearest,True,0.003370046615600586,success
043B96429C4C81,1,"['Arena', 'Casa Giulietta']",Santa Anastasia,"['AMO', 'Museo Conte', 'Palazzo della Ragione', 'Teatro Romano', 'Centro Fotografia']",Duomo,strategy_nearest,False,0.002650022506713867,success
043B994A9C4C80,2,"['San Fermo', 'Santa Anastasia']",Duomo,"['AMO', 'Museo Miniscalchi', 'Teatro Romano', 'Palazzo della Ragione', 'Museo Conte']",Castelvecchio,strategy_nearest,False,0.0013880729675292969,success
043B9A429C4C80,0,"['Arena', 'Museo Lapidario', 'Castelvecchio']",Teatro Romano,"['Santa Anastasia', 'Duomo', 'AMO', 'Palazzo della Ragione', 'Museo Conte']",Casa Giulietta,strategy_nearest,False,0.0019788742065429688,success
043BA84A9C4C80,0,['Duomo'],Torre Lamberti,"['Sighseeing', 'Centro Fotografia', 'Museo Conte', 'Casa Giulietta', 'Palazzo della Ragione']",Casa Giulietta,strategy_nearest,True,0.0011401176452636719,success
043BA93A9C4C80,2,['Casa Giulietta'],Palazzo della Ragione,"['AMO', 'Museo Conte', 'Torre Lamberti', 'Centro Fotografia', 'Sighseeing']",Castelvecchio,strategy_nearest,False,0.0025899410247802734,success
043BB5429C4C80,1,['Arena'],Casa Giulietta,"['Centro Fotografia', 'Sighseeing', 'Torre Lamberti', 'Museo Conte', 'Museo Radio']",Torre Lamberti,strategy_nearest,True,0.002620220184326172,success
043BAC3A9C4C80,0,['Arena'],Casa Giulietta,"['Centro Fotografia', 'Sighseeing', 'Torre Lamberti', 'Museo Conte', 'Museo Radio']",Palazzo della Ragione,strategy_nearest,False,0.003214120864868164,success
043BB2429C4C80,1,"['Arena', 'Casa Giulietta']",San Fermo,"['Museo Storia', 'Museo Radio', 'Centro Fotografia', 'Sighseeing', 'Torre Lamberti']",Palazzo della Ragione,strategy_nearest,False,0.0020220279693603516,success
043BBD429C4C80,0,"['Tomba Giulietta', 'Arena']",Arena,"['Verona Tour', 'Museo Lapidario', 'Museo Radio', 'San Fermo', 'Casa Giulietta']",Casa Giulietta,strategy_nearest,True,0.0033349990844726562,success
043BBE3A9C4C80,1,"['Tomba Giulietta', 'Arena', 'Museo Lapidario']",Torre Lamberti,"['Sighseeing', 'Centro Fotografia', 'Museo Conte', 'Casa Giulietta', 'Palazzo della Ragione']",Palazzo della Ragione,strategy_nearest,True,0.0016651153564453125,success
043BD23A9C4C80,0,['Arena'],Casa Giulietta,"['Centro Fotografia', 'Sighseeing', 'Torre Lamberti', 'Museo Conte', 'Museo Radio']",Duomo,strategy_nearest,False,0.0020868778228759766,success
043BD33A9C4C80,2,"['Casa Giulietta', 'Palazzo della Ragione', 'Torre Lamberti']",Santa Anastasia,"['AMO', 'Museo Conte', 'Teatro Romano', 'Centro Fotografia', 'Duomo']",Duomo,strategy_nearest,True,0.0026590824127197266,success
043BC2429C4C80,3,['Arena'],Casa Giulietta,"['Centro Fotografia', 'Sighseeing', 'Torre Lamberti', 'Museo Conte', 'Museo Radio']",Torre Lamberti,strategy_nearest,True,0.004065036773681641,success
043BDB3A9C4C80,1,"['Arena', 'San Zeno', 'Castelvecchio']",Torre Lamberti,"['Sighseeing', 'Centro Fotografia', 'Museo Conte', 'Casa Giulietta', 'Palazzo della Ragione']",Palazzo della Ragione,strategy_nearest,True,0.0028243064880371094,success
043BEE3A9C4C80,0,['Arena'],San Zeno,"['Castelvecchio', 'Verona Tour', 'Museo Lapidario', 'Museo Miniscalchi', 'Sighseeing']",Castelvecchio,strategy_nearest,True,0.0033447742462158203,success
043BDD429C4C80,3,"['Arena', 'Santa Anastasia', 'Torre Lamberti']",Casa Giulietta,"['Centro Fotografia', 'Sighseeing', 'Museo Conte', 'Museo Radio', 'Palazzo della Ragione']",Duomo,strategy_nearest,False,0.0021610260009765625,success
043BFD3A9C4C80,1,"['Arena', 'Torre Lamberti']",Palazzo della Ragione,"['AMO', 'Museo Conte', 'Centro Fotografia', 'Sighseeing', 'Santa Anastasia']",Santa Anastasia,strategy_nearest,True,0.0032329559326171875,success
043C3C429C4C80,1,"['Arena', 'Torre Lamberti']",Palazzo della Ragione,"['AMO', 'Museo Conte', 'Centro Fotografia', 'Sighseeing', 'Santa Anastasia']",Casa Giulietta,strategy_nearest,False,0.0020351409912109375,success
043C07429C4C84,3,"['Arena', 'Santa Anastasia', 'Torre Lamberti']",Casa Giulietta,"['Centro Fotografia', 'Sighseeing', 'Museo Conte', 'Museo Radio', 'Palazzo della Ragione']",Duomo,strategy_nearest,False,0.0034279823303222656,success
043C334A9C4C80,1,"['Arena', 'Torre Lamberti', 'Duomo', 'Casa Giulietta']",Castelvecchio,"['Museo Lapidario', 'Verona Tour', 'Museo Radio', 'San Zeno', 'Sighseeing']",Palazzo della Ragione,strategy_nearest,False,0.003992795944213867,success
043C383A9C4C80,3,"['Casa Giulietta', 'Santa Anastasia', 'Teatro Romano']",Duomo,"['AMO', 'Museo Miniscalchi', 'Palazzo della Ragione', 'Museo Conte', 'Torre Lamberti']",San Zeno,strategy_nearest,False,0.001516103744506836,success
043C3E429C4C80,3,"['Santa Anastasia', 'Teatro Romano']",Tomba Giulietta,"['San Fermo', 'Museo Storia', 'Arena', 'Museo Lapidario', 'Museo Radio']",Arena,strategy_nearest,True,0.0019011497497558594,success
043C3D3A9C4C80,1,"['Casa Giulietta', 'Palazzo della Ragione', 'Torre Lamberti']",Santa Anastasia,"['AMO', 'Museo Conte', 'Teatro Romano', 'Centro Fotografia', 'Duomo']",Arena,strategy_nearest,False,0.0012578964233398438,success
043C49429C4C80,3,"['Castelvecchio', 'Casa Giulietta']",San Fermo,"['Museo Storia', 'Museo Radio', 'Centro Fotografia', 'Arena', 'Sighseeing']",Santa Anastasia,strategy_nearest,False,0.0033190250396728516,success
043C44429C4C80,1,"['Castelvecchio', 'Duomo', 'Arena', 'Casa Giulietta']",Torre Lamberti,"['Sighseeing', 'Centro Fotografia', 'Museo Conte', 'Palazzo della Ragione', 'AMO']",Palazzo della Ragione,strategy_nearest,True,0.002713918685913086,success
043C573A9C4C80,3,['Arena'],Torre Lamberti,"['Sighseeing', 'Centro Fotografia', 'Museo Conte', 'Casa Giulietta', 'Palazzo della Ragione']",Santa Anastasia,strategy_nearest,False,0.0032927989959716797,success
043C56429C4C80,1,"['Castelvecchio', 'Tomba Giulietta', 'Museo Storia', 'San Fermo', 'Torre Lamberti']",Palazzo della Ragione,"['AMO', 'Museo Conte', 'Centro Fotografia', 'Sighseeing', 'Santa Anastasia']",Casa Giulietta,strategy_nearest,False,0.0026481151580810547,success
043C703A9C4C80,0,['Casa Giulietta'],Torre Lamberti,"['Sighseeing', 'Centro Fotografia', 'Museo Conte', 'Palazzo della Ragione', 'AMO']",Arena,strategy_nearest,False,0.0024940967559814453,success
043C5A429C4C80,3,['Arena'],Casa Giulietta,"['Centro Fotografia', 'Sighseeing', 'Torre Lamberti', 'Museo Conte', 'Museo Radio']",Torre Lamberti,strategy_nearest,True,0.0031638145446777344,success
043C75429C4C80,1,"['Arena', 'Casa Giulietta', 'Castelvecchio']",Teatro Romano,"['Santa Anastasia', 'Duomo', 'AMO', 'Palazzo della Ragione', 'Museo Conte']",Palazzo della Ragione,strategy_nearest,True,0.0033228397369384766,success
043C80429C4C80,0,['Arena'],Castelvecchio,"['Museo Lapidario', 'Verona Tour', 'Museo Radio', 'San Zeno', 'Sighseeing']",Casa Giulietta,strategy_nearest,False,0.0025751590728759766,success
043C7E3A9C4C80,3,"['Arena', 'Museo Lapidario', 'Castelvecchio', 'Duomo']",Santa Anastasia,"['AMO', 'Museo Conte', 'Palazzo della Ragione', 'Teatro Romano', 'Centro Fotografia']",Torre Lamberti,strategy_nearest,False,0.0014672279357910156,success
043C77429C4C80,3,"['Castelvecchio', 'Torre Lamberti']",Santa Anastasia,"['AMO', 'Museo Conte', 'Palazzo della Ragione', 'Teatro Romano', 'Centro Fotografia']",Duomo,strategy_nearest,False,0.0038878917694091797,success
043C82429C4C80,2,"['Castelvecchio', 'Casa Giulietta', 'Torre Lamberti']",Palazzo della Ragione,"['AMO', 'Museo Conte', 'Centro Fotografia', 'Sighseeing', 'Santa Anastasia']",Teatro Romano,strategy_nearest,False,0.002766847610473633,success
043C84429C4C80,3,['Casa Giulietta'],Arena,"['Verona Tour', 'Museo Lapidario', 'Museo Radio', 'San Fermo', 'Sighseeing']",Santa Anastasia,strategy_nearest,False,0.0031909942626953125,success
043C824A9C4C80,0,['Arena'],Casa Giulietta,"['Centro Fotografia', 'Sighseeing', 'Torre Lamberti', 'Museo Conte', 'Museo Radio']",Teatro Romano,strategy_nearest,False,0.0013909339904785156,success
043C804A9C4C80,3,['Arena'],Santa Anastasia,"['AMO', 'Museo Conte', 'Palazzo della Ragione', 'Teatro Romano', 'Centro Fotografia']",Torre Lamberti,strategy_nearest,False,0.003350973129272461,success
043C934A9C4C80,1,"['Arena', 'Casa Giulietta']",Castelvecchio,"['Museo Lapidario', 'Verona Tour', 'Museo Radio', 'San Zeno', 'Sighseeing']",Torre Lamberti,strategy_nearest,False,0.003345012664794922,success
043C844A9C4C80,1,"['Arena', 'Casa Giulietta']",Palazzo della Ragione,"['AMO', 'Museo Conte', 'Torre Lamberti', 'Centro Fotografia', 'Sighseeing']",Torre Lamberti,strategy_nearest,True,0.002804994583129883,success
043C96429C4C80,0,['Arena'],Torre Lamberti,"['Sighseeing', 'Centro Fotografia', 'Museo Conte', 'Casa Giulietta', 'Palazzo della Ragione']",Teatro Romano,strategy_nearest,False,0.0026750564575195312,success
043C94429C4C80,0,['Arena'],Casa Giulietta,"['Centro Fotografia', 'Sighseeing', 'Torre Lamberti', 'Museo Conte', 'Museo Radio']",Torre Lamberti,strategy_nearest,True,0.0015070438385009766,success
043CA24A9C4C80,1,"['Arena', 'Casa Giulietta', 'Torre Lamberti']",Palazzo della Ragione,"['AMO', 'Museo Conte', 'Centro Fotografia', 'Sighseeing', 'Santa Anastasia']",Santa Anastasia,strategy_nearest,True,0.002791166305541992,success
043CA3429C4C80,0,['Arena'],Casa Giulietta,"['Centro Fotografia', 'Sighseeing', 'Torre Lamberti', 'Museo Conte', 'Museo Radio']",Santa Anastasia,strategy_nearest,False,0.0015420913696289062,success
043CA34A9C4C80,0,"['Arena', 'Castelvecchio']",Torre Lamberti,"['Sighseeing', 'Centro Fotografia', 'Museo Conte', 'Casa Giulietta', 'Palazzo della Ragione']",Casa Giulietta,strategy_nearest,True,0.002117156982421875,success
043CA63A9C4C80,0,['Casa Giulietta'],Tomba Giulietta,"['San Fermo', 'Museo Storia', 'Arena', 'Museo Lapidario', 'Museo Radio']",Arena,strategy_nearest,True,0.0031478404998779297,success
043CC03A9C4C80,3,"['Arena', 'Casa Giulietta', 'San Fermo']",Santa Anastasia,"['AMO', 'Museo Conte', 'Palazzo della Ragione', 'Teatro Romano', 'Centro Fotografia']",Teatro Romano,strategy_nearest,True,0.0033180713653564453,success
043CC5429C4C80,0,['Museo Lapidario'],Arena,"['Verona Tour', 'Museo Radio', 'San Fermo', 'Casa Giulietta', 'Sighseeing']",Torre Lamberti,strategy_nearest,False,0.0020151138305664062,success
043CC43A9C4C80,0,['Castelvecchio'],Arena,"['Verona Tour', 'Museo Lapidario', 'Museo Radio', 'San Fermo', 'Casa Giulietta']",Tomba Giulietta,strategy_nearest,False,0.0026578903198242188,success
043CB2429C4C80,0,['Arena'],Casa Giulietta,"['Centro Fotografia', 'Sighseeing', 'Torre Lamberti', 'Museo Conte', 'Museo Radio']",Torre Lamberti,strategy_nearest,True,0.0015742778778076172,success
043CFA429C4C80,3,"['Arena', 'Torre Lamberti']",Teatro Romano,"['Santa Anastasia', 'Duomo', 'AMO', 'Palazzo della Ragione', 'Museo Conte']",Duomo,strategy_nearest,True,0.0019690990447998047,success
043CD73A9C4C80,2,"['Castelvecchio', 'Duomo']",Santa Anastasia,"['AMO', 'Museo Conte', 'Palazzo della Ragione', 'Teatro Romano', 'Centro Fotografia']",Torre Lamberti,strategy_nearest,False,0.0014922618865966797,success
043CD1429C4C80,2,['Castelvecchio'],Casa Giulietta,"['Centro Fotografia', 'Sighseeing', 'Torre Lamberti', 'Museo Conte', 'Museo Radio']",Santa Anastasia,strategy_nearest,False,0.003384828567504883,success
043CD5429C4C80,2,['Santa Anastasia'],Castelvecchio,"['Museo Lapidario', 'Verona Tour', 'Arena', 'Museo Radio', 'San Zeno']",San Zeno,strategy_nearest,True,0.0027599334716796875,success
043CFD3A9C4C80,0,"['Arena', 'Torre Lamberti']",Casa Giulietta,"['Centro Fotografia', 'Sighseeing', 'Museo Conte', 'Museo Radio', 'Palazzo della Ragione']",Tomba Giulietta,strategy_nearest,False,0.002710103988647461,success
043D2E3A9C4C80,1,"['Palazzo della Ragione', 'Arena']",San Fermo,"['Museo Storia', 'Museo Radio', 'Casa Giulietta', 'Centro Fotografia', 'Sighseeing']",Castelvecchio,strategy_nearest,False,0.0021271705627441406,success
043D3D3A9C4C80,0,['Arena'],Casa Giulietta,"['Centro Fotografia', 'Sighseeing', 'Torre Lamberti', 'Museo Conte', 'Museo Radio']",Castelvecchio,strategy_nearest,False,0.0026772022247314453,success
043D3C429C4C80,2,"['Casa Giulietta', 'Torre Lamberti']",Palazzo della Ragione,"['AMO', 'Museo Conte', 'Centro Fotografia', 'Sighseeing', 'Santa Anastasia']",Teatro Romano,strategy_nearest,False,0.0036852359771728516,success
043D4C3A9C4C80,3,"['Teatro Romano', 'Santa Anastasia', 'Casa Giulietta']",San Fermo,"['Museo Storia', 'Museo Radio', 'Centro Fotografia', 'Arena', 'Sighseeing']",Arena,strategy_nearest,True,0.002318859100341797,success
043D543A9C4C80,3,"['Castelvecchio', 'Arena']",San Zeno,"['Verona Tour', 'Museo Lapidario', 'Museo Miniscalchi', 'Sighseeing', 'Museo Radio']",Teatro Romano,strategy_nearest,False,0.0025458335876464844,success
043D513A9C4C80,1,"['Arena', 'Casa Giulietta']",Torre Lamberti,"['Sighseeing', 'Centro Fotografia', 'Museo Conte', 'Palazzo della Ragione', 'AMO']",Palazzo della Ragione,strategy_nearest,True,0.003340005874633789,success
043D67429C4C80,2,['Torre Lamberti'],Castelvecchio,"['Museo Lapidario', 'Verona Tour', 'Arena', 'Museo Radio', 'San Zeno']",Casa Giulietta,strategy_nearest,False,0.0024259090423583984,success
043D5F429C4C80,3,['San Zeno'],Castelvecchio,"['Museo Lapidario', 'Verona Tour', 'Arena', 'Museo Radio', 'Sighseeing']",Arena,strategy_nearest,True,0.003186941146850586,success
043D6C429C4C80,2,"['San Fermo', 'Casa Giulietta']",Santa Anastasia,"['AMO', 'Museo Conte', 'Palazzo della Ragione', 'Teatro Romano', 'Centro Fotografia']",Duomo,strategy_nearest,False,0.0034041404724121094,success
043D77429C4C80,2,['Casa Giulietta'],Torre Lamberti,"['Sighseeing', 'Centro Fotografia', 'Museo Conte', 'Palazzo della Ragione', 'AMO']",Duomo,strategy_nearest,False,0.0033960342407226562,success
043D81429C4C80,3,"['Arena', 'Castelvecchio']",Duomo,"['AMO', 'Museo Miniscalchi', 'Santa Anastasia', 'Teatro Romano', 'Palazzo della Ragione']",Santa Anastasia,strategy_nearest,True,0.003606081008911133,success
043D814A9C4C80,0,['Arena'],Casa Giulietta,"['Centro Fotografia', 'Sighseeing', 'Torre Lamberti', 'Museo Conte', 'Museo Radio']",Santa Anastasia,strategy_nearest,False,0.002961874008178711,success
043D824A9C4C80,3,"['Arena', 'Arena']",Casa Giulietta,"['Centro Fotografia', 'Sighseeing', 'Torre Lamberti', 'Museo Conte', 'Museo Radio']",Santa Anastasia,strategy_nearest,False,0.0027129650115966797,success
043D91429C4C80,2,['Casa Giulietta'],Santa Anastasia,"['AMO', 'Museo Conte', 'Palazzo della Ragione', 'Teatro Romano', 'Centro Fotografia']",Duomo,strategy_nearest,False,0.0029802322387695312,success
043D8D429C4C80,0,"['Castelvecchio', 'Arena']",Casa Giulietta,"['Centro Fotografia', 'Sighseeing', 'Torre Lamberti', 'Museo Conte', 'Museo Radio']",Teatro Romano,strategy_nearest,False,0.0021059513092041016,success
043D84429C4C80,0,['Casa Giulietta'],Torre Lamberti,"['Sighseeing', 'Centro Fotografia', 'Museo Conte', 'Palazzo della Ragione', 'AMO']",San Zeno,strategy_nearest,False,0.0030231475830078125,success
043D984A9C4C80,0,['Arena'],Casa Giulietta,"['Centro Fotografia', 'Sighseeing', 'Torre Lamberti', 'Museo Conte', 'Museo Radio']",Torre Lamberti,strategy_nearest,True,0.0034351348876953125,success
043D95429C4C80,3,"['Arena', 'Casa Giulietta', 'San Fermo']",Santa Anastasia,"['AMO', 'Museo Conte', 'Palazzo della Ragione', 'Teatro Romano', 'Centro Fotografia']",Torre Lamberti,strategy_nearest,False,0.003101825714111328,success
043D914A9C4C80,0,['Arena'],San Zeno,"['Castelvecchio', 'Verona Tour', 'Museo Lapidario', 'Museo Miniscalchi', 'Sighseeing']",Castelvecchio,strategy_nearest,True,0.004639148712158203,success
043D94429C4C80,0,"['Torre Lamberti', 'Casa Giulietta']",Arena,"['Verona Tour', 'Museo Lapidario', 'Museo Radio', 'San Fermo', 'Sighseeing']",Castelvecchio,strategy_nearest,False,0.001766204833984375,success
043D9E429C4C80,3,"['Castelvecchio', 'Arena']",Casa Giulietta,"['Centro Fotografia', 'Sighseeing', 'Torre Lamberti', 'Museo Conte', 'Museo Radio']",Torre Lamberti,strategy_nearest,True,0.0027899742126464844,success
043D9F429C4C80,0,['Arena'],Casa Giulietta,"['Centro Fotografia', 'Sighseeing', 'Torre Lamberti', 'Museo Conte', 'Museo Radio']",Santa Anastasia,strategy_nearest,False,0.0020127296447753906,success
043DA54A9C4C80,2,"['Teatro Romano', 'Giardino Giusti']",San Zeno,"['Castelvecchio', 'Verona Tour', 'Museo Lapidario', 'Arena', 'Museo Miniscalchi']",Castelvecchio,strategy_nearest,True,0.001386880874633789,success
043DAA3A9C4C80,3,['Arena'],Casa Giulietta,"['Centro Fotografia', 'Sighseeing', 'Torre Lamberti', 'Museo Conte', 'Museo Radio']",Santa Anastasia,strategy_nearest,False,0.0033130645751953125,success
043DAD3A9C4C80,1,"['Arena', 'Torre Lamberti']",Palazzo della Ragione,"['AMO', 'Museo Conte', 'Centro Fotografia', 'Sighseeing', 'Santa Anastasia']",Casa Giulietta,strategy_nearest,False,0.0034220218658447266,success
043DBB3A9C4C80,3,"['Arena', 'Casa Giulietta']",Torre Lamberti,"['Sighseeing', 'Centro Fotografia', 'Museo Conte', 'Palazzo della Ragione', 'AMO']",Santa Anastasia,strategy_nearest,False,0.0032880306243896484,success
043DAD429C4C80,2,"['Teatro Romano', 'San Zeno']",Torre Lamberti,"['Sighseeing', 'Centro Fotografia', 'Museo Conte', 'Casa Giulietta', 'Palazzo della Ragione']",San Fermo,strategy_nearest,False,0.0028409957885742188,success
043DB9429C4C80,3,"['Casa Giulietta', 'Santa Anastasia', 'Duomo']",Arena,"['Verona Tour', 'Museo Lapidario', 'Museo Radio', 'San Fermo', 'Sighseeing']",Teatro Romano,strategy_nearest,False,0.0015070438385009766,success
043DCE3A9C4C80,3,"['Arena', 'San Fermo']",Santa Anastasia,"['AMO', 'Museo Conte', 'Palazzo della Ragione', 'Teatro Romano', 'Centro Fotografia']",Torre Lamberti,strategy_nearest,False,0.0019910335540771484,success
043DC03A9C4C80,1,"['Arena', 'Casa Giulietta']",Santa Anastasia,"['AMO', 'Museo Conte', 'Palazzo della Ragione', 'Teatro Romano', 'Centro Fotografia']",Palazzo della Ragione,strategy_nearest,True,0.0027549266815185547,success
043DCF3A9C4C80,3,['Arena'],Duomo,"['AMO', 'Museo Miniscalchi', 'Santa Anastasia', 'Teatro Romano', 'Palazzo della Ragione']",Santa Anastasia,strategy_nearest,True,0.003298044204711914,success
043DC13A9C4C80,2,"['Castelvecchio', 'Casa Giulietta']",Santa Anastasia,"['AMO', 'Museo Conte', 'Palazzo della Ragione', 'Teatro Romano', 'Centro Fotografia']",Teatro Romano,strategy_nearest,True,0.0014171600341796875,success
043DCF429C4C80,2,"['Castelvecchio', 'Teatro Romano']",San Fermo,"['Museo Storia', 'Museo Radio', 'Casa Giulietta', 'Centro Fotografia', 'Arena']",Casa Giulietta,strategy_nearest,True,0.0031659603118896484,success
043DD23A9C4C80,0,"['Torre Lamberti', 'Casa Giulietta']",Arena,"['Verona Tour', 'Museo Lapidario', 'Museo Radio', 'San Fermo', 'Sighseeing']",Castelvecchio,strategy_nearest,False,0.0019850730895996094,success
043DDF3A9C4C80,2,"['San Zeno', 'Castelvecchio']",Casa Giulietta,"['Centro Fotografia', 'Sighseeing', 'Torre Lamberti', 'Museo Conte', 'Museo Radio']",Teatro Romano,strategy_nearest,False,0.0018696784973144531,success
043DE03A9C4C80,2,"['Duomo', 'Teatro Romano', 'Torre Lamberti']",Palazzo della Ragione,"['AMO', 'Museo Conte', 'Centro Fotografia', 'Sighseeing', 'Santa Anastasia']",Casa Giulietta,strategy_nearest,False,0.003351926803588867,success
043DF93A9C4C80,0,['Casa Giulietta'],Arena,"['Verona Tour', 'Museo Lapidario', 'Museo Radio', 'San Fermo', 'Sighseeing']",Castelvecchio,strategy_nearest,False,0.0026350021362304688,success
043DFE3A9C4C80,2,['Teatro Romano'],Duomo,"['AMO', 'Museo Miniscalchi', 'Santa Anastasia', 'Palazzo della Ragione', 'Museo Conte']",Castelvecchio,strategy_nearest,False,0.001977682113647461,success
043DE73A9C4C80,3,"['San Fermo', 'San Zeno']",Duomo,"['AMO', 'Museo Miniscalchi', 'Santa Anastasia', 'Teatro Romano', 'Palazzo della Ragione']",Casa Giulietta,strategy_nearest,False,0.003374814987182617,success
043E013A9C4C84,3,"['Arena', 'Santa Anastasia', 'Duomo']",Torre Lamberti,"['Sighseeing', 'Centro Fotografia', 'Museo Conte', 'Casa Giulietta', 'Palazzo della Ragione']",Casa Giulietta,strategy_nearest,True,0.0033528804779052734,success
043E2E3A9C4C80,0,"['San Zeno', 'Casa Giulietta', 'Torre Lamberti']",Arena,"['Verona Tour', 'Museo Lapidario', 'Museo Radio', 'San Fermo', 'Sighseeing']",Castelvecchio,strategy_nearest,False,0.0012969970703125,success
043E2B3A9C4C80,2,['San Fermo'],Tomba Giulietta,"['Museo Storia', 'Arena', 'Museo Lapidario', 'Museo Radio', 'Verona Tour']",Casa Giulietta,strategy_nearest,False,0.002740144729614258,success
043E34429C4C80,1,"['Castelvecchio', 'Arena', 'Casa Giulietta']",Torre Lamberti,"['Sighseeing', 'Centro Fotografia', 'Museo Conte', 'Palazzo della Ragione', 'AMO']",Palazzo della Ragione,strategy_nearest,True,0.0032618045806884766,success
043E373A9C4C80,0,"['Casa Giulietta', 'Torre Lamberti']",Castelvecchio,"['Museo Lapidario', 'Verona Tour', 'Arena', 'Museo Radio', 'San Zeno']",Arena,strategy_nearest,True,0.0019469261169433594,success
043E45429C4C80,3,"['Castelvecchio', 'Arena', 'Casa Giulietta', 'Torre Lamberti']",Santa Anastasia,"['AMO', 'Museo Conte', 'Palazzo della Ragione', 'Teatro Romano', 'Centro Fotografia']",Duomo,strategy_nearest,False,0.0024809837341308594,success
043E493A9C4C80,3,"['Duomo', 'Arena', 'Castelvecchio']",Teatro Romano,"['Santa Anastasia', 'AMO', 'Palazzo della Ragione', 'Museo Conte', 'Centro Fotografia']",San Zeno,strategy_nearest,False,0.003057241439819336,success
043E3F3A9C4C80,0,['Arena'],Casa Giulietta,"['Centro Fotografia', 'Sighseeing', 'Torre Lamberti', 'Museo Conte', 'Museo Radio']",Santa Anastasia,strategy_nearest,False,0.0033829212188720703,success
043E543A9C4C80,3,"['Castelvecchio', 'Tomba Giulietta', 'Arena']",Casa Giulietta,"['Centro Fotografia', 'Sighseeing', 'Torre Lamberti', 'Museo Conte', 'Museo Radio']",Torre Lamberti,strategy_nearest,True,0.0031480789184570312,success
043E56429C4C80,3,"['Arena', 'Santa Anastasia']",Duomo,"['AMO', 'Museo Miniscalchi', 'Teatro Romano', 'Palazzo della Ragione', 'Museo Conte']",Castelvecchio,strategy_nearest,False,0.003077983856201172,success
043E5B429C4C80,2,['San Fermo'],Santa Anastasia,"['AMO', 'Museo Conte', 'Palazzo della Ragione', 'Teatro Romano', 'Centro Fotografia']",Duomo,strategy_nearest,False,0.0027201175689697266,success
043E6A429C4C80,2,"['Torre Lamberti', 'Palazzo della Ragione']",Casa Giulietta,"['Centro Fotografia', 'Sighseeing', 'Museo Conte', 'Museo Radio', 'San Fermo']",Duomo,strategy_nearest,False,0.0032711029052734375,success
043E6D429C4C80,0,['Arena'],San Fermo,"['Museo Storia', 'Museo Radio', 'Casa Giulietta', 'Centro Fotografia', 'Sighseeing']",Casa Giulietta,strategy_nearest,True,0.0031630992889404297,success
043E70429C4C80,1,"['Palazzo della Ragione', 'Torre Lamberti']",Arena,"['Verona Tour', 'Museo Lapidario', 'Museo Radio', 'San Fermo', 'Casa Giulietta']",Casa Giulietta,strategy_nearest,True,0.002655029296875,success
043E834A9C4C80,0,['Arena'],San Fermo,"['Museo Storia', 'Museo Radio', 'Casa Giulietta', 'Centro Fotografia', 'Sighseeing']",Castelvecchio,strategy_nearest,False,0.003771066665649414,success
043E934A9C4C80,3,"['Arena', 'Casa Giulietta']",Torre Lamberti,"['Sighseeing', 'Centro Fotografia', 'Museo Conte', 'Palazzo della Ragione', 'AMO']",Santa Anastasia,strategy_nearest,False,0.002482175827026367,success
043E97429C4C80,0,"['Casa Giulietta', 'Torre Lamberti']",Arena,"['Verona Tour', 'Museo Lapidario', 'Museo Radio', 'San Fermo', 'Sighseeing']",San Zeno,strategy_nearest,False,0.0030891895294189453,success
043E9D429C4C80,1,"['Duomo', 'Santa Anastasia', 'Torre Lamberti', 'Palazzo della Ragione']",Arena,"['Verona Tour', 'Museo Lapidario', 'Museo Radio', 'San Fermo', 'Casa Giulietta']",San Zeno,strategy_nearest,False,0.0020630359649658203,success
043E9F429C4C80,0,['Arena'],Casa Giulietta,"['Centro Fotografia', 'Sighseeing', 'Torre Lamberti', 'Museo Conte', 'Museo Radio']",Castelvecchio,strategy_nearest,False,0.002560853958129883,success
043E98429C4C80,3,"['San Fermo', 'Arena', 'Torre Lamberti']",Duomo,"['AMO', 'Museo Miniscalchi', 'Santa Anastasia', 'Teatro Romano', 'Palazzo della Ragione']",Santa Anastasia,strategy_nearest,True,0.0032749176025390625,success
043EA04A9C4C80,3,['Arena'],Casa Giulietta,"['Centro Fotografia', 'Sighseeing', 'Torre Lamberti', 'Museo Conte', 'Museo Radio']",Torre Lamberti,strategy_nearest,True,0.003370046615600586,success
043EA3429C4C80,0,['Arena'],Casa Giulietta,"['Centro Fotografia', 'Sighseeing', 'Torre Lamberti', 'Museo Conte', 'Museo Radio']",Santa Anastasia,strategy_nearest,False,0.002752065658569336,success
043EA83A9C4C80,1,"['Arena', 'Casa Giulietta', 'Museo Lapidario', 'Tomba Giulietta', 'Museo Storia']",San Fermo,"['Museo Radio', 'Centro Fotografia', 'Sighseeing', 'Torre Lamberti', 'Museo Conte']",Torre Lamberti,strategy_nearest,True,0.0019421577453613281,success
043EA64A9C4C80,3,"['Santa Anastasia', 'Duomo']",San Fermo,"['Museo Storia', 'Museo Radio', 'Casa Giulietta', 'Centro Fotografia', 'Arena']",Arena,strategy_nearest,True,0.0032019615173339844,success
043EBB3A9C4C80,2,['Palazzo della Ragione'],Torre Lamberti,"['Sighseeing', 'Centro Fotografia', 'Museo Conte', 'Casa Giulietta', 'AMO']",Casa Giulietta,strategy_nearest,True,0.0013270378112792969,success
043EB73A9C4C80,2,"['Palazzo della Ragione', 'Torre Lamberti']",Santa Anastasia,"['AMO', 'Museo Conte', 'Teatro Romano', 'Centro Fotografia', 'Duomo']",Duomo,strategy_nearest,True,0.0027179718017578125,success
043EAA429C4C80,0,['Casa Giulietta'],Arena,"['Verona Tour', 'Museo Lapidario', 'Museo Radio', 'San Fermo', 'Sighseeing']",Tomba Giulietta,strategy_nearest,False,0.004662990570068359,success
043EBE3A9C4C80,3,"['Casa Giulietta', 'Arena', 'Torre Lamberti']",San Zeno,"['Castelvecchio', 'Verona Tour', 'Museo Lapidario', 'Museo Miniscalchi', 'Sighseeing']",Duomo,strategy_nearest,False,0.0031948089599609375,success
043EC13A9C4C80,0,['Arena'],Casa Giulietta,"['Centro Fotografia', 'Sighseeing', 'Torre Lamberti', 'Museo Conte', 'Museo Radio']",Duomo,strategy_nearest,False,0.0027909278869628906,success
043ECA3A9C4C80,2,['Casa Giulietta'],Palazzo della Ragione,"['AMO', 'Museo Conte', 'Torre Lamberti', 'Centro Fotografia', 'Sighseeing']",Torre Lamberti,strategy_nearest,True,0.0013201236724853516,success
043ECD3A9C4C80,3,['Arena'],Casa Giulietta,"['Centro Fotografia', 'Sighseeing', 'Torre Lamberti', 'Museo Conte', 'Museo Radio']",Santa Anastasia,strategy_nearest,False,0.003242015838623047,success
043EBF429C4C80,3,"['Arena', 'Torre Lamberti', 'Casa Giulietta', 'Santa Anastasia']",Teatro Romano,"['Duomo', 'AMO', 'Palazzo della Ragione', 'Museo Conte', 'Centro Fotografia']",Duomo,strategy_nearest,True,0.0028269290924072266,success
043ED13A9C4C80,2,"['Casa Giulietta', 'Santa Anastasia']",Duomo,"['AMO', 'Museo Miniscalchi', 'Teatro Romano', 'Palazzo della Ragione', 'Museo Conte']",Teatro Romano,strategy_nearest,True,0.0021789073944091797,success
043EE83A9C4C80,0,['Arena'],Casa Giulietta,"['Centro Fotografia', 'Sighseeing', 'Torre Lamberti', 'Museo Conte', 'Museo Radio']",Castelvecchio,strategy_nearest,False,0.0021581649780273438,success
043EEF3A9C4C80,1,"['Casa Giulietta', 'Palazzo della Ragione']",Castelvecchio,"['Museo Lapidario', 'Verona Tour', 'Arena', 'Museo Radio', 'San Zeno']",San Zeno,strategy_nearest,True,0.002727031707763672,success
043F023A9C4C84,2,['Teatro Romano'],Casa Giulietta,"['Centro Fotografia', 'Sighseeing', 'Torre Lamberti', 'Museo Conte', 'Museo Radio']",Castelvecchio,strategy_nearest,False,0.003202199935913086,success
043F2E4A9C4C80,2,['Torre Lamberti'],Palazzo della Ragione,"['AMO', 'Museo Conte', 'Centro Fotografia', 'Sighseeing', 'Santa Anastasia']",Castelvecchio,strategy_nearest,False,0.0013990402221679688,success
043F2B429C4C80,3,"['Arena', 'Casa Giulietta']",Santa Anastasia,"['AMO', 'Museo Conte', 'Palazzo della Ragione', 'Teatro Romano', 'Centro Fotografia']",Teatro Romano,strategy_nearest,True,0.002173900604248047,success
043F29429C4C80,1,"['Arena', 'San Fermo', 'Castelvecchio', 'Casa Giulietta']",Torre Lamberti,"['Sighseeing', 'Centro Fotografia', 'Museo Conte', 'Palazzo della Ragione', 'AMO']",Palazzo della Ragione,strategy_nearest,True,0.0033941268920898438,success
043F2F3A9C4C80,2,['Castelvecchio'],Casa Giulietta,"['Centro Fotografia', 'Sighseeing', 'Torre Lamberti', 'Museo Conte', 'Museo Radio']",Casa Giulietta,strategy_nearest,False,0.0034008026123046875,success
043F303A9C4C80,2,"['San Zeno', 'Castelvecchio', 'San Fermo']",Tomba Giulietta,"['Museo Storia', 'Arena', 'Museo Lapidario', 'Museo Radio', 'Verona Tour']",Torre Lamberti,strategy_nearest,False,0.0015749931335449219,success
043F354A9C4C80,2,"['Casa Giulietta', 'Torre Lamberti']",Palazzo della Ragione,"['AMO', 'Museo Conte', 'Centro Fotografia', 'Sighseeing', 'Santa Anastasia']",Santa Anastasia,strategy_nearest,True,0.0027446746826171875,success
043F36429C4C80,0,['Arena'],Torre Lamberti,"['Sighseeing', 'Centro Fotografia', 'Museo Conte', 'Casa Giulietta', 'Palazzo della Ragione']",Casa Giulietta,strategy_nearest,True,0.004005908966064453,success
043F383A9C4C80,3,['Casa Giulietta'],Torre Lamberti,"['Sighseeing', 'Centro Fotografia', 'Museo Conte', 'Palazzo della Ragione', 'AMO']",Santa Anastasia,strategy_nearest,False,0.0024759769439697266,success
043F513A9C4C80,3,['Arena'],Santa Anastasia,"['AMO', 'Museo Conte', 'Palazzo della Ragione', 'Teatro Romano', 'Centro Fotografia']",Castelvecchio,strategy_nearest,False,0.0033271312713623047,success
043F69429C4C80,3,['Arena'],Casa Giulietta,"['Centro Fotografia', 'Sighseeing', 'Torre Lamberti', 'Museo Conte', 'Museo Radio']",Santa Anastasia,strategy_nearest,False,0.002655029296875,success
043F6A429C4C80,0,['Tomba Giulietta'],Arena,"['Verona Tour', 'Museo Lapidario', 'Museo Radio', 'San Fermo', 'Casa Giulietta']",San Fermo,strategy_nearest,True,0.003245830535888672,success
043F593A9C4C80,3,"['Santa Anastasia', 'Casa Giulietta']",Museo Lapidario,"['Verona Tour', 'Arena', 'Castelvecchio', 'Museo Radio', 'San Fermo']",Arena,strategy_nearest,True,0.002568960189819336,success
043F763A9C4C80,0,['Casa Giulietta'],Duomo,"['AMO', 'Museo Miniscalchi', 'Santa Anastasia', 'Teatro Romano', 'Palazzo della Ragione']",Arena,strategy_nearest,False,0.0026569366455078125,success
043F76429C4C80,2,['Tomba Giulietta'],Palazzo della Ragione,"['AMO', 'Museo Conte', 'Torre Lamberti', 'Centro Fotografia', 'Sighseeing']",Castelvecchio,strategy_nearest,False,0.0026357173919677734,success
043F6B429C4C80,0,"['Casa Giulietta', 'Arena']",San Fermo,"['Museo Storia', 'Museo Radio', 'Centro Fotografia', 'Sighseeing', 'Torre Lamberti']",Tomba Giulietta,strategy_nearest,False,0.004676103591918945,success
043F783A9C4C80,3,"['Arena', 'Duomo']",Santa Anastasia,"['AMO', 'Museo Conte', 'Palazzo della Ragione', 'Teatro Romano', 'Centro Fotografia']",San Zeno,strategy_nearest,False,0.0014331340789794922,success
043F823A9C4C80,0,['Arena'],Casa Giulietta,"['Centro Fotografia', 'Sighseeing', 'Torre Lamberti', 'Museo Conte', 'Museo Radio']",Torre Lamberti,strategy_nearest,True,0.002707958221435547,success
043F7C4A9C4C80,0,['Arena'],Museo Lapidario,"['Verona Tour', 'Castelvecchio', 'Museo Radio', 'San Fermo', 'Casa Giulietta']",San Zeno,strategy_nearest,False,0.002150297164916992,success
043F83429C4C80,2,['Museo Lapidario'],Tomba Giulietta,"['San Fermo', 'Museo Storia', 'Arena', 'Museo Radio', 'Verona Tour']",Casa Giulietta,strategy_nearest,False,0.002647876739501953,success
043F844A9C4C80,0,['Arena'],Castelvecchio,"['Museo Lapidario', 'Verona Tour', 'Museo Radio', 'San Zeno', 'Sighseeing']",Casa Giulietta,strategy_nearest,False,0.003284931182861328,success
043F863A9C4C80,0,"['Arena', 'San Zeno', 'Castelvecchio']",Tomba Giulietta,"['San Fermo', 'Museo Storia', 'Museo Lapidario', 'Museo Radio', 'Verona Tour']",Torre Lamberti,strategy_nearest,False,0.002215862274169922,success
043F8A4A9C4C80,1,"['Arena', 'Palazzo della Ragione']",Torre Lamberti,"['Sighseeing', 'Centro Fotografia', 'Museo Conte', 'Casa Giulietta', 'AMO']",Casa Giulietta,strategy_nearest,True,0.0025827884674072266,success
043F8E4A9C4C80,3,"['Arena', 'Casa Giulietta', 'Torre Lamberti']",Duomo,"['AMO', 'Museo Miniscalchi', 'Santa Anastasia', 'Teatro Romano', 'Palazzo della Ragione']",Teatro Romano,strategy_nearest,True,0.002591848373413086,success
043F914A9C4C80,0,['Arena'],Casa Giulietta,"['Centro Fotografia', 'Sighseeing', 'Torre Lamberti', 'Museo Conte', 'Museo Radio']",Torre Lamberti,strategy_nearest,True,0.0030269622802734375,success
043F9D429C4C80,1,['Arena'],Torre Lamberti,"['Sighseeing', 'Centro Fotografia', 'Museo Conte', 'Casa Giulietta', 'Palazzo della Ragione']",Palazzo della Ragione,strategy_nearest,True,0.0019409656524658203,success
043F98429C4C80,0,['Casa Giulietta'],Torre Lamberti,"['Sighseeing', 'Centro Fotografia', 'Museo Conte', 'Palazzo della Ragione', 'AMO']",Arena,strategy_nearest,False,0.0025899410247802734,success
043FA1429C4C80,3,"['Castelvecchio', 'Santa Anastasia']",Arena,"['Verona Tour', 'Museo Lapidario', 'Museo Radio', 'San Fermo', 'Casa Giulietta']",Casa Giulietta,strategy_nearest,True,0.003309011459350586,success
043F9A429C4C80,1,"['Arena', 'Casa Giulietta']",Santa Anastasia,"['AMO', 'Museo Conte', 'Palazzo della Ragione', 'Teatro Romano', 'Centro Fotografia']",Torre Lamberti,strategy_nearest,False,0.0031690597534179688,success
043FA63A9C4C80,1,"['Castelvecchio', 'San Zeno', 'Casa Giulietta']",Torre Lamberti,"['Sighseeing', 'Centro Fotografia', 'Museo Conte', 'Palazzo della Ragione', 'AMO']",Palazzo della Ragione,strategy_nearest,True,0.0025458335876464844,success
043FAA429C4C80,0,"['Teatro Romano', 'Duomo']",Arena,"['Verona Tour', 'Museo Lapidario', 'Museo Radio', 'San Fermo', 'Casa Giulietta']",Tomba Giulietta,strategy_nearest,False,0.0018110275268554688,success
043FB83A9C4C80,0,['Arena'],Casa Giulietta,"['Centro Fotografia', 'Sighseeing', 'Torre Lamberti', 'Museo Conte', 'Museo Radio']",Santa Anastasia,strategy_nearest,False,0.0034461021423339844,success
043FBA3A9C4C80,3,"['Arena', 'Castelvecchio', 'Casa Giulietta']",San Fermo,"['Museo Storia', 'Museo Radio', 'Centro Fotografia', 'Sighseeing', 'Torre Lamberti']",Santa Anastasia,strategy_nearest,False,0.0026710033416748047,success
043FBC3A9C4C80,1,"['Arena', 'Casa Giulietta']",Torre Lamberti,"['Sighseeing', 'Centro Fotografia', 'Museo Conte', 'Palazzo della Ragione', 'AMO']",Palazzo della Ragione,strategy_nearest,True,0.0022552013397216797,success
043FBA429C4C80,0,['Arena'],Casa Giulietta,"['Centro Fotografia', 'Sighseeing', 'Torre Lamberti', 'Museo Conte', 'Museo Radio']",Santa Anastasia,strategy_nearest,False,0.0031931400299072266,success
043FC2429C4C80,0,['Arena'],Torre Lamberti,"['Sighseeing', 'Centro Fotografia', 'Museo Conte', 'Casa Giulietta', 'Palazzo della Ragione']",Casa Giulietta,strategy_nearest,True,0.0019118785858154297,success
043FC13A9C4C80,0,['Santa Anastasia'],Casa Giulietta,"['Centro Fotografia', 'Sighseeing', 'Torre Lamberti', 'Museo Conte', 'Museo Radio']",Arena,strategy_nearest,False,0.0032150745391845703,success
043FC3429C4C80,3,['Arena'],Santa Anastasia,"['AMO', 'Museo Conte', 'Palazzo della Ragione', 'Teatro Romano', 'Centro Fotografia']",Torre Lamberti,strategy_nearest,False,0.0031099319458007812,success
043FCB3A9C4C80,0,['Arena'],Castelvecchio,"['Museo Lapidario', 'Verona Tour', 'Museo Radio', 'San Zeno', 'Sighseeing']",Casa Giulietta,strategy_nearest,False,0.003047943115234375,success
043FD83A9C4C80,1,"['Arena', 'Torre Lamberti', 'Palazzo della Ragione']",Duomo,"['AMO', 'Museo Miniscalchi', 'Santa Anastasia', 'Teatro Romano', 'Museo Conte']",Teatro Romano,strategy_nearest,True,0.003916025161743164,success
043FD93A9C4C80,0,['Castelvecchio'],Arena,"['Verona Tour', 'Museo Lapidario', 'Museo Radio', 'San Fermo', 'Casa Giulietta']",Casa Giulietta,strategy_nearest,True,0.002543926239013672,success
043FD9429C4C80,2,"['Casa Giulietta', 'Santa Anastasia']",Torre Lamberti,"['Sighseeing', 'Centro Fotografia', 'Museo Conte', 'Palazzo della Ragione', 'AMO']",Palazzo della Ragione,strategy_nearest,True,0.0018229484558105469,success
043FDC3A9C4C80,0,"['Arena', 'Casa Giulietta']",Giardino Giusti,"['Santa Anastasia', 'Teatro Romano', 'Museo Conte', 'Centro Fotografia', 'Museo Storia']",Duomo,strategy_nearest,False,0.0039331912994384766,success
043FFB429C4C80,0,"['Arena', 'Casa Giulietta']",Tomba Giulietta,"['San Fermo', 'Museo Storia', 'Museo Lapidario', 'Museo Radio', 'Verona Tour']",Museo Lapidario,strategy_nearest,True,0.0032079219818115234,success
043FE23A9C4C80,0,"['Casa Giulietta', 'Torre Lamberti']",Castelvecchio,"['Museo Lapidario', 'Verona Tour', 'Arena', 'Museo Radio', 'San Zeno']",Arena,strategy_nearest,True,0.0015521049499511719,success
043FF5429C4C80,1,"['Casa Giulietta', 'Duomo', 'Palazzo della Ragione', 'Teatro Romano']",Tomba Giulietta,"['San Fermo', 'Museo Storia', 'Arena', 'Museo Lapidario', 'Museo Radio']",Castelvecchio,strategy_nearest,False,0.002111196517944336,success
04402B3A9C4C80,3,"['San Zeno', 'Duomo', 'Teatro Romano']",Casa Giulietta,"['Centro Fotografia', 'Sighseeing', 'Torre Lamberti', 'Museo Conte', 'Museo Radio']",San Fermo,strategy_nearest,False,0.002500772476196289,success
0440383A9C4C80,3,"['Casa Giulietta', 'Duomo']",Teatro Romano,"['Santa Anastasia', 'AMO', 'Palazzo della Ragione', 'Museo Conte', 'Centro Fotografia']",Torre Lamberti,strategy_nearest,False,0.0011320114135742188,success
0440413A9C4C80,2,['Casa Giulietta'],Santa Anastasia,"['AMO', 'Museo Conte', 'Palazzo della Ragione', 'Teatro Romano', 'Centro Fotografia']",Torre Lamberti,strategy_nearest,False,0.0026590824127197266,success
044048429C4C80,3,"['Arena', 'Santa Anastasia']",Teatro Romano,"['Duomo', 'AMO', 'Palazzo della Ragione', 'Museo Conte', 'Centro Fotografia']",San Zeno,strategy_nearest,False,0.003216981887817383,success
0440513A9C4C80,2,"['Casa Giulietta', 'Santa Anastasia']",Teatro Romano,"['Duomo', 'AMO', 'Palazzo della Ragione', 'Museo Conte', 'Centro Fotografia']",San Zeno,strategy_nearest,False,0.002515077590942383,success
0440553A9C4C80,1,"['Arena', 'Castelvecchio', 'San Zeno']",Torre Lamberti,"['Sighseeing', 'Centro Fotografia', 'Museo Conte', 'Casa Giulietta', 'Palazzo della Ragione']",Palazzo della Ragione,strategy_nearest,True,0.002863168716430664,success
044065429C4C80,0,['Arena'],Casa Giulietta,"['Centro Fotografia', 'Sighseeing', 'Torre Lamberti', 'Museo Conte', 'Museo Radio']",Torre Lamberti,strategy_nearest,True,0.001950979232788086,success
0440573A9C4C80,0,['San Zeno'],Castelvecchio,"['Museo Lapidario', 'Verona Tour', 'Arena', 'Museo Radio', 'Sighseeing']",Arena,strategy_nearest,True,0.0032198429107666016,success
04406B429C4C80,2,['Castelvecchio'],Torre Lamberti,"['Sighseeing', 'Centro Fotografia', 'Museo Conte', 'Casa Giulietta', 'Palazzo della Ragione']",Duomo,strategy_nearest,False,0.003283262252807617,success
044076429C4C80,3,"['Museo Lapidario', 'Arena', 'San Fermo']",Casa Giulietta,"['Centro Fotografia', 'Sighseeing', 'Torre Lamberti', 'Museo Conte', 'Museo Radio']",Santa Anastasia,strategy_nearest,False,0.0023050308227539062,success
04406F3A9C4C80,3,"['Casa Giulietta', 'Arena', 'Tomba Giulietta']",Santa Anastasia,"['AMO', 'Museo Conte', 'Palazzo della Ragione', 'Teatro Romano', 'Centro Fotografia']",Duomo,strategy_nearest,False,0.004016876220703125,success
0440753A9C4C80,0,['Casa Giulietta'],Arena,"['Verona Tour', 'Museo Lapidario', 'Museo Radio', 'San Fermo', 'Sighseeing']",Torre Lamberti,strategy_nearest,False,0.0029981136322021484,success
04407C429C4C80,3,['Arena'],San Zeno,"['Castelvecchio', 'Verona Tour', 'Museo Lapidario', 'Museo Miniscalchi', 'Sighseeing']",Santa Anastasia,strategy_nearest,False,0.003545999526977539,success
04407E429C4C80,3,"['Arena', 'Casa Giulietta']",Santa Anastasia,"['AMO', 'Museo Conte', 'Palazzo della Ragione', 'Teatro Romano', 'Centro Fotografia']",Duomo,strategy_nearest,False,0.0026721954345703125,success
0440814A9C4C80,3,['Arena'],Santa Anastasia,"['AMO', 'Museo Conte', 'Palazzo della Ragione', 'Teatro Romano', 'Centro Fotografia']",Duomo,strategy_nearest,False,0.003152132034301758,success
044084429C4C80,0,"['Torre Lamberti', 'Casa Giulietta']",Tomba Giulietta,"['San Fermo', 'Museo Storia', 'Arena', 'Museo Lapidario', 'Museo Radio']",Arena,strategy_nearest,True,0.002836942672729492,success
0440803A9C4C80,0,['Arena'],Casa Giulietta,"['Centro Fotografia', 'Sighseeing', 'Torre Lamberti', 'Museo Conte', 'Museo Radio']",Teatro Romano,strategy_nearest,False,0.004416227340698242,success
044085429C4C80,1,"['Arena', 'Palazzo della Ragione']",Santa Anastasia,"['AMO', 'Museo Conte', 'Teatro Romano', 'Centro Fotografia', 'Duomo']",Duomo,strategy_nearest,True,0.0011150836944580078,success
044092429C4C80,0,"['Casa Giulietta', 'Torre Lamberti']",Arena,"['Verona Tour', 'Museo Lapidario', 'Museo Radio', 'San Fermo', 'Sighseeing']",San Zeno,strategy_nearest,False,0.002001047134399414,success
04408C3A9C4C80,2,"['Tomba Giulietta', 'Casa Giulietta', 'Torre Lamberti']",Castelvecchio,"['Museo Lapidario', 'Verona Tour', 'Arena', 'Museo Radio', 'San Zeno']",Torre Lamberti,strategy_nearest,False,0.0033562183380126953,success
04408D4A9C4C80,0,['Arena'],Torre Lamberti,"['Sighseeing', 'Centro Fotografia', 'Museo Conte', 'Casa Giulietta', 'Palazzo della Ragione']",Duomo,strategy_nearest,False,0.002629995346069336,success
0440934A9C4C80,1,"['Castelvecchio', 'Arena', 'Casa Giulietta']",Duomo,"['AMO', 'Museo Miniscalchi', 'Santa Anastasia', 'Teatro Romano', 'Palazzo della Ragione']",Torre Lamberti,strategy_nearest,False,0.001708984375,success
04409A429C4C80,1,"['Arena', 'Casa Giulietta']",San Fermo,"['Museo Storia', 'Museo Radio', 'Centro Fotografia', 'Sighseeing', 'Torre Lamberti']",Palazzo della Ragione,strategy_nearest,False,0.0020699501037597656,success
04409E429C4C80,3,"['Arena', 'Casa Giulietta']",Santa Anastasia,"['AMO', 'Museo Conte', 'Palazzo della Ragione', 'Teatro Romano', 'Centro Fotografia']",Teatro Romano,strategy_nearest,True,0.0032079219818115234,success
0440A1429C4C80,3,"['Arena', 'Casa Giulietta', 'Torre Lamberti']",Duomo,"['AMO', 'Museo Miniscalchi', 'Santa Anastasia', 'Teatro Romano', 'Palazzo della Ragione']",Teatro Romano,strategy_nearest,True,0.002524137496948242,success
0440AB4A9C4C80,2,"['Casa Giulietta', 'Santa Anastasia']",Santa Anastasia,"['AMO', 'Museo Conte', 'Palazzo della Ragione', 'Teatro Romano', 'Centro Fotografia']",Duomo,strategy_nearest,False,0.0020837783813476562,success
0440AB429C4C80,3,"['Arena', 'San Zeno']",Tomba Giulietta,"['San Fermo', 'Museo Storia', 'Museo Lapidario', 'Museo Radio', 'Verona Tour']",San Fermo,strategy_nearest,True,0.002830028533935547,success
0440A84A9C4C80,0,['Arena'],Castelvecchio,"['Museo Lapidario', 'Verona Tour', 'Museo Radio', 'San Zeno', 'Sighseeing']",San Zeno,strategy_nearest,True,0.0016579627990722656,success
0440AC3A9C4C80,0,['Arena'],Castelvecchio,"['Museo Lapidario', 'Verona Tour', 'Museo Radio', 'San Zeno', 'Sighseeing']",Casa Giulietta,strategy_nearest,False,0.0033478736877441406,success
0440B63A9C4C80,0,['Castelvecchio'],Arena,"['Verona Tour', 'Museo Lapidario', 'Museo Radio', 'San Fermo', 'Casa Giulietta']",Teatro Romano,strategy_nearest,False,0.002658843994140625,success
0440AD3A9C4C80,2,['Casa Giulietta'],Torre Lamberti,"['Sighseeing', 'Centro Fotografia', 'Museo Conte', 'Palazzo della Ragione', 'AMO']",Santa Anastasia,strategy_nearest,False,0.002192974090576172,success
0440AE429C4C80,3,"['Arena', 'San Fermo']",Torre Lamberti,"['Sighseeing', 'Centro Fotografia', 'Museo Conte', 'Casa Giulietta', 'Palazzo della Ragione']",Santa Anastasia,strategy_nearest,False,0.002808094024658203,success
0440B8429C4C80,0,['Castelvecchio'],Arena,"['Verona Tour', 'Museo Lapidario', 'Museo Radio', 'San Fermo', 'Casa Giulietta']",Casa Giulietta,strategy_nearest,True,0.0032079219818115234,success
0440CB429C4C80,0,['Arena'],Casa Giulietta,"['Centro Fotografia', 'Sighseeing', 'Torre Lamberti', 'Museo Conte', 'Museo Radio']",Torre Lamberti,strategy_nearest,True,0.0019071102142333984,success
0440D53A9C4C80,0,['Casa Giulietta'],Arena,"['Verona Tour', 'Museo Lapidario', 'Museo Radio', 'San Fermo', 'Sighseeing']",Torre Lamberti,strategy_nearest,False,0.0026051998138427734,success
0440BA3A9C4C80,1,"['Arena', 'Casa Giulietta', 'San Fermo', 'Teatro Romano']",Duomo,"['AMO', 'Museo Miniscalchi', 'Santa Anastasia', 'Palazzo della Ragione', 'Museo Conte']",Santa Anastasia,strategy_nearest,True,0.0018620491027832031,success
0440EC3A9C4C80,3,"['Teatro Romano', 'Arena']",Torre Lamberti,"['Sighseeing', 'Centro Fotografia', 'Museo Conte', 'Casa Giulietta', 'Palazzo della Ragione']",Santa Anastasia,strategy_nearest,False,0.003350973129272461,success
0440F33A9C4C80,0,['Arena'],Casa Giulietta,"['Centro Fotografia', 'Sighseeing', 'Torre Lamberti', 'Museo Conte', 'Museo Radio']",Santa Anastasia,strategy_nearest,False,0.0019600391387939453,success
0440ED3A9C4C80,0,['Arena'],Museo Lapidario,"['Verona Tour', 'Castelvecchio', 'Museo Radio', 'San Fermo', 'Casa Giulietta']",Casa Giulietta,strategy_nearest,True,0.0032720565795898438,success
0440FE429C4C80,6,['Castelvecchio'],Casa Giulietta,"['Centro Fotografia', 'Sighseeing', 'Torre Lamberti', 'Museo Conte', 'Museo Radio']",Santa Anastasia,strategy_nearest,False,0.0025632381439208984,success
0441033A9C4C84,0,['Casa Giulietta'],Arena,"['Verona Tour', 'Museo Lapidario', 'Museo Radio', 'San Fermo', 'Sighseeing']",Castelvecchio,strategy_nearest,False,0.003432035446166992,success
0441273A9C4C80,3,['Arena'],Casa Giulietta,"['Centro Fotografia', 'Sighseeing', 'Torre Lamberti', 'Museo Conte', 'Museo Radio']",Santa Anastasia,strategy_nearest,False,0.0020341873168945312,success
04413D4A9C4C80,2,"['Teatro Romano', 'Duomo', 'Santa Anastasia']",Casa Giulietta,"['Centro Fotografia', 'Sighseeing', 'Torre Lamberti', 'Museo Conte', 'Museo Radio']",Torre Lamberti,strategy_nearest,True,0.003366708755493164,success
044155429C4C80,0,['Castelvecchio'],Arena,"['Verona Tour', 'Museo Lapidario', 'Museo Radio', 'San Fermo', 'Casa Giulietta']",Giardino Giusti,strategy_nearest,False,0.0027132034301757812,success
044156429C4C80,1,"['Castelvecchio', 'Arena', 'Casa Giulietta']",Torre Lamberti,"['Sighseeing', 'Centro Fotografia', 'Museo Conte', 'Palazzo della Ragione', 'AMO']",Palazzo della Ragione,strategy_nearest,True,0.0022170543670654297,success
0441573A9C4C80,1,"['Museo Lapidario', 'Palazzo della Ragione', 'Museo Storia']",Torre Lamberti,"['Sighseeing', 'Centro Fotografia', 'Museo Conte', 'Casa Giulietta', 'AMO']",Torre Lamberti,strategy_nearest,False,0.0040111541748046875,success
04416C429C4C80,0,['Arena'],Casa Giulietta,"['Centro Fotografia', 'Sighseeing', 'Torre Lamberti', 'Museo Conte', 'Museo Radio']",Torre Lamberti,strategy_nearest,True,0.0023038387298583984,success
04415A3A9C4C80,3,"['Casa Giulietta', 'Torre Lamberti']",Santa Anastasia,"['AMO', 'Museo Conte', 'Palazzo della Ragione', 'Teatro Romano', 'Centro Fotografia']",Arena,strategy_nearest,False,0.0018270015716552734,success
04415E3A9C4C80,2,['San Zeno'],Duomo,"['AMO', 'Museo Miniscalchi', 'Santa Anastasia', 'Teatro Romano', 'Palazzo della Ragione']",Castelvecchio,strategy_nearest,False,0.004049777984619141,success
04416F3A9C4C80,2,"['Teatro Romano', 'Castelvecchio']",Museo Lapidario,"['Verona Tour', 'Arena', 'Museo Radio', 'San Fermo', 'Casa Giulietta']",Casa Giulietta,strategy_nearest,True,0.0033969879150390625,success
044172429C4C80,0,['Casa Giulietta'],Tomba Giulietta,"['San Fermo', 'Museo Storia', 'Arena', 'Museo Lapidario', 'Museo Radio']",Arena,strategy_nearest,True,0.003251791000366211,success
044171429C4C80,2,"['Castelvecchio', 'Torre Lamberti']",Casa Giulietta,"['Centro Fotografia', 'Sighseeing', 'Museo Conte', 'Museo Radio', 'Palazzo della Ragione']",Palazzo della Ragione,strategy_nearest,True,0.0027320384979248047,success
04416D429C4C80,0,"['Museo Lapidario', 'Arena']",Casa Giulietta,"['Centro Fotografia', 'Sighseeing', 'Torre Lamberti', 'Museo Conte', 'Museo Radio']",San Fermo,strategy_nearest,False,0.002832174301147461,success
0441773A9C4C80,2,"['Casa Giulietta', 'Torre Lamberti', 'Palazzo della Ragione']",Santa Anastasia,"['AMO', 'Museo Conte', 'Teatro Romano', 'Centro Fotografia', 'Duomo']",Duomo,strategy_nearest,True,0.002724885940551758,success
04417E429C4C80,0,['Arena'],Castelvecchio,"['Museo Lapidario', 'Verona Tour', 'Museo Radio', 'San Zeno', 'Sighseeing']",Casa Giulietta,strategy_nearest,False,0.00115203857421875,success
044181429C4C80,1,['Casa Giulietta'],Torre Lamberti,"['Sighseeing', 'Centro Fotografia', 'Museo Conte', 'Palazzo della Ragione', 'AMO']",Palazzo della Ragione,strategy_nearest,True,0.002747774124145508,success
0441814A9C4C80,0,['Arena'],Torre Lamberti,"['Sighseeing', 'Centro Fotografia', 'Museo Conte', 'Casa Giulietta', 'Palazzo della Ragione']",Casa Giulietta,strategy_nearest,True,0.002946138381958008,success
0441914A9C4C80,1,"['Arena', 'Casa Giulietta', 'Torre Lamberti']",Palazzo della Ragione,"['AMO', 'Museo Conte', 'Centro Fotografia', 'Sighseeing', 'Santa Anastasia']",Castelvecchio,strategy_nearest,False,0.0015091896057128906,success
04418F4A9C4C80,0,"['Arena', 'Castelvecchio']",San Zeno,"['Verona Tour', 'Museo Lapidario', 'Museo Miniscalchi', 'Sighseeing', 'Museo Radio']",Casa Giulietta,strategy_nearest,False,0.004546165466308594,success
0441924A9C4C80,3,"['Castelvecchio', 'Arena']",Torre Lamberti,"['Sighseeing', 'Centro Fotografia', 'Museo Conte', 'Casa Giulietta', 'Palazzo della Ragione']",Santa Anastasia,strategy_nearest,False,0.0020186901092529297,success
04418D3A9C4C80,3,['Arena'],Casa Giulietta,"['Centro Fotografia', 'Sighseeing', 'Torre Lamberti', 'Museo Conte', 'Museo Radio']",Santa Anastasia,strategy_nearest,False,0.003973960876464844,success
0441994A9C4C80,1,"['Arena', 'Castelvecchio']",Casa Giulietta,"['Centro Fotografia', 'Sighseeing', 'Torre Lamberti', 'Museo Conte', 'Museo Radio']",Museo Lapidario,strategy_nearest,False,0.0019621849060058594,success
04419E4A9C4C80,2,['Duomo'],Torre Lamberti,"['Sighseeing', 'Centro Fotografia', 'Museo Conte', 'Casa Giulietta', 'Palazzo della Ragione']",Casa Giulietta,strategy_nearest,True,0.0020563602447509766,success
04419C429C4C80,0,['Castelvecchio'],Arena,"['Verona Tour', 'Museo Lapidario', 'Museo Radio', 'San Fermo', 'Casa Giulietta']",Casa Giulietta,strategy_nearest,True,0.002683877944946289,success
0441A1429C4C80,2,"['Castelvecchio', 'Palazzo della Ragione', 'Torre Lamberti']",Santa Anastasia,"['AMO', 'Museo Conte', 'Teatro Romano', 'Centro Fotografia', 'Duomo']",Duomo,strategy_nearest,True,0.0032439231872558594,success
0441A44A9C4C80,3,"['Arena', 'Santa Anastasia']",Duomo,"['AMO', 'Museo Miniscalchi', 'Teatro Romano', 'Palazzo della Ragione', 'Museo Conte']",Torre Lamberti,strategy_nearest,False,0.0033440589904785156,success
0441AD3A9C4C80,3,"['Museo Lapidario', 'Arena']",Casa Giulietta,"['Centro Fotografia', 'Sighseeing', 'Torre Lamberti', 'Museo Conte', 'Museo Radio']",Santa Anastasia,strategy_nearest,False,0.0020029544830322266,success
0441B8429C4C80,3,"['Teatro Romano', 'Santa Anastasia']",Torre Lamberti,"['Sighseeing', 'Centro Fotografia', 'Museo Conte', 'Casa Giulietta', 'Palazzo della Ragione']",Castelvecchio,strategy_nearest,False,0.0032939910888671875,success
0441A73A9C4C80,2,['Museo Lapidario'],Santa Anastasia,"['AMO', 'Museo Conte', 'Palazzo della Ragione', 'Teatro Romano', 'Centro Fotografia']",Duomo,strategy_nearest,False,0.0020122528076171875,success
0441BB429C4C80,2,['Castelvecchio'],Santa Anastasia,"['AMO', 'Museo Conte', 'Palazzo della Ragione', 'Teatro Romano', 'Centro Fotografia']",San Zeno,strategy_nearest,False,0.0015270709991455078,success
0441CB429C4C80,2,['Torre Lamberti'],Palazzo della Ragione,"['AMO', 'Museo Conte', 'Centro Fotografia', 'Sighseeing', 'Santa Anastasia']",Casa Giulietta,strategy_nearest,False,0.002499103546142578,success
0441CC3A9C4C80,2,"['Casa Giulietta', 'Palazzo della Ragione', 'Torre Lamberti']",Santa Anastasia,"['AMO', 'Museo Conte', 'Teatro Romano', 'Centro Fotografia', 'Duomo']",Duomo,strategy_nearest,True,0.002432107925415039,success
0441E63A9C4C80,1,"['Museo Lapidario', 'Arena']",Casa Giulietta,"['Centro Fotografia', 'Sighseeing', 'Torre Lamberti', 'Museo Conte', 'Museo Radio']",Torre Lamberti,strategy_nearest,True,0.0031168460845947266,success
0441CF3A9C4C80,0,['Arena'],Torre Lamberti,"['Sighseeing', 'Centro Fotografia', 'Museo Conte', 'Casa Giulietta', 'Palazzo della Ragione']",Casa Giulietta,strategy_nearest,True,0.002588033676147461,success
0441FF429C4C80,1,"['Museo Lapidario', 'Giardino Giusti', 'Teatro Romano', 'San Zeno', 'Duomo', 'Santa Anastasia']",Tomba Giulietta,"['San Fermo', 'Museo Storia', 'Arena', 'Museo Radio', 'Verona Tour']",San Fermo,strategy_nearest,True,0.0031731128692626953,success
0441EB3A9C4C80,3,"['Arena', 'Casa Giulietta']",San Fermo,"['Museo Storia', 'Museo Radio', 'Centro Fotografia', 'Sighseeing', 'Torre Lamberti']",Santa Anastasia,strategy_nearest,False,0.002817869186401367,success
044206429C4C84,3,"['Castelvecchio', 'Torre Lamberti', 'San Fermo']",Arena,"['Verona Tour', 'Museo Lapidario', 'Museo Radio', 'Casa Giulietta', 'Sighseeing']",Casa Giulietta,strategy_nearest,True,0.0026848316192626953,success
04420A429C4C84,0,"['Arena', 'Torre Lamberti']",Casa Giulietta,"['Centro Fotografia', 'Sighseeing', 'Museo Conte', 'Museo Radio', 'Palazzo della Ragione']",San Fermo,strategy_nearest,False,0.003299713134765625,success
04422A3A9C4C80,1,"['Arena', 'Palazzo della Ragione']",Torre Lamberti,"['Sighseeing', 'Centro Fotografia', 'Museo Conte', 'Casa Giulietta', 'AMO']",Teatro Romano,strategy_nearest,False,0.003245830535888672,success
0442293A9C4C80,1,"['Casa Giulietta', 'Palazzo della Ragione', 'Torre Lamberti', 'Santa Anastasia']",Duomo,"['AMO', 'Museo Miniscalchi', 'Teatro Romano', 'Museo Conte', 'Centro Fotografia']",Teatro Romano,strategy_nearest,True,0.0026798248291015625,success
044210429C4C84,2,['Castelvecchio'],Torre Lamberti,"['Sighseeing', 'Centro Fotografia', 'Museo Conte', 'Casa Giulietta', 'Palazzo della Ragione']",Casa Giulietta,strategy_nearest,True,0.0026810169219970703,success
04422B429C4C80,3,['Arena'],Duomo,"['AMO', 'Museo Miniscalchi', 'Santa Anastasia', 'Teatro Romano', 'Palazzo della Ragione']",Santa Anastasia,strategy_nearest,True,0.0032901763916015625,success
04422C3A9C4C80,2,['Tomba Giulietta'],San Fermo,"['Museo Storia', 'Museo Radio', 'Casa Giulietta', 'Centro Fotografia', 'Arena']",Santa Anastasia,strategy_nearest,False,0.0018410682678222656,success
04422F4A9C4C80,2,['Duomo'],Castelvecchio,"['Museo Lapidario', 'Verona Tour', 'Arena', 'Museo Radio', 'San Zeno']",San Zeno,strategy_nearest,True,0.002321004867553711,success
04422D4A9C4C80,0,['Casa Giulietta'],Arena,"['Verona Tour', 'Museo Lapidario', 'Museo Radio', 'San Fermo', 'Sighseeing']",Torre Lamberti,strategy_nearest,False,0.0034012794494628906,success
04422D429C4C80,3,"['Museo Lapidario', 'Arena', 'San Fermo']",San Zeno,"['Castelvecchio', 'Verona Tour', 'Museo Miniscalchi', 'Sighseeing', 'Museo Radio']",Castelvecchio,strategy_nearest,True,0.002850055694580078,success
044233429C4C80,0,"['Tomba Giulietta', 'San Fermo']",Casa Giulietta,"['Centro Fotografia', 'Sighseeing', 'Torre Lamberti', 'Museo Conte', 'Museo Radio']",Arena,strategy_nearest,False,0.002902984619140625,success
04423C429C4C80,1,"['Arena', 'Casa Giulietta']",Palazzo della Ragione,"['AMO', 'Museo Conte', 'Torre Lamberti', 'Centro Fotografia', 'Sighseeing']",Palazzo della Ragione,strategy_nearest,False,0.0019180774688720703,success
0442364A9C4C80,1,"['Teatro Romano', 'Arena']",Torre Lamberti,"['Sighseeing', 'Centro Fotografia', 'Museo Conte', 'Casa Giulietta', 'Palazzo della Ragione']",Palazzo della Ragione,strategy_nearest,True,0.002567768096923828,success
04423C4A9C4C80,2,['Teatro Romano'],Santa Anastasia,"['AMO', 'Museo Conte', 'Palazzo della Ragione', 'Centro Fotografia', 'Duomo']",San Fermo,strategy_nearest,False,0.003100156784057617,success
04424C3A9C4C80,0,['Arena'],Torre Lamberti,"['Sighseeing', 'Centro Fotografia', 'Museo Conte', 'Casa Giulietta', 'Palazzo della Ragione']",Casa Giulietta,strategy_nearest,True,0.002714872360229492,success
044241429C4C80,3,['Arena'],Castelvecchio,"['Museo Lapidario', 'Verona Tour', 'Museo Radio', 'San Zeno', 'Sighseeing']",Santa Anastasia,strategy_nearest,False,0.0021507740020751953,success
044240429C4C80,3,"['Arena', 'Torre Lamberti']",Casa Giulietta,"['Centro Fotografia', 'Sighseeing', 'Museo Conte', 'Museo Radio', 'Palazzo della Ragione']",Santa Anastasia,strategy_nearest,False,0.002759218215942383,success
04424F429C4C80,0,['Arena'],San Fermo,"['Museo Storia', 'Museo Radio', 'Casa Giulietta', 'Centro Fotografia', 'Sighseeing']",Castelvecchio,strategy_nearest,False,0.003297090530395508,success
0442553A9C4C80,1,"['Castelvecchio', 'Arena']",Torre Lamberti,"['Sighseeing', 'Centro Fotografia', 'Museo Conte', 'Casa Giulietta', 'Palazzo della Ragione']",Palazzo della Ragione,strategy_nearest,True,0.002354860305786133,success
044254429C4C80,0,"['Casa Giulietta', 'Arena']",Castelvecchio,"['Museo Lapidario', 'Verona Tour', 'Museo Radio', 'San Zeno', 'Sighseeing']",San Zeno,strategy_nearest,True,0.001796722412109375,success
044258429C4C80,2,['Castelvecchio'],Casa Giulietta,"['Centro Fotografia', 'Sighseeing', 'Torre Lamberti', 'Museo Conte', 'Museo Radio']",Santa Anastasia,strategy_nearest,False,0.0032219886779785156,success
04425A429C4C80,1,['Arena'],San Fermo,"['Museo Storia', 'Museo Radio', 'Casa Giulietta', 'Centro Fotografia', 'Sighseeing']",Torre Lamberti,strategy_nearest,False,0.002640962600708008,success
04425A3A9C4C80,3,"['Arena', 'Casa Giulietta', 'Tomba Giulietta']",San Fermo,"['Museo Storia', 'Museo Radio', 'Centro Fotografia', 'Sighseeing', 'Torre Lamberti']",Duomo,strategy_nearest,False,0.0033349990844726562,success
0442583A9C4C80,0,['Arena'],Casa Giulietta,"['Centro Fotografia', 'Sighseeing', 'Torre Lamberti', 'Museo Conte', 'Museo Radio']",Torre Lamberti,strategy_nearest,True,0.0025250911712646484,success
04425E3A9C4C80,2,['San Zeno'],Duomo,"['AMO', 'Museo Miniscalchi', 'Santa Anastasia', 'Teatro Romano', 'Palazzo della Ragione']",Castelvecchio,strategy_nearest,False,0.001875162124633789,success
04425B3A9C4C80,2,"['San Zeno', 'Castelvecchio', 'Casa Giulietta']",Torre Lamberti,"['Sighseeing', 'Centro Fotografia', 'Museo Conte', 'Palazzo della Ragione', 'AMO']",Santa Anastasia,strategy_nearest,False,0.0025730133056640625,success
0442723A9C4C80,2,['Museo Lapidario'],Castelvecchio,"['Verona Tour', 'Arena', 'Museo Radio', 'San Zeno', 'Sighseeing']",Santa Anastasia,strategy_nearest,False,0.0027761459350585938,success
044274429C4C80,1,"['Arena', 'Casa Giulietta', 'Torre Lamberti']",Palazzo della Ragione,"['AMO', 'Museo Conte', 'Centro Fotografia', 'Sighseeing', 'Santa Anastasia']",Santa Anastasia,strategy_nearest,True,0.002980947494506836,success
0442753A9C4C80,2,"['Castelvecchio', 'Teatro Romano', 'Duomo']",Santa Anastasia,"['AMO', 'Museo Conte', 'Palazzo della Ragione', 'Centro Fotografia', 'Torre Lamberti']",Torre Lamberti,strategy_nearest,True,0.0025911331176757812,success
044275429C4C80,2,['Casa Giulietta'],Teatro Romano,"['Santa Anastasia', 'Duomo', 'AMO', 'Palazzo della Ragione', 'Museo Conte']",Duomo,strategy_nearest,True,0.0031588077545166016,success
0442773A9C4C80,2,['Casa Giulietta'],Torre Lamberti,"['Sighseeing', 'Centro Fotografia', 'Museo Conte', 'Palazzo della Ragione', 'AMO']",Teatro Romano,strategy_nearest,False,0.0025908946990966797,success
044277429C4C80,2,"['Torre Lamberti', 'Palazzo della Ragione']",San Fermo,"['Museo Storia', 'Museo Radio', 'Casa Giulietta', 'Centro Fotografia', 'Arena']",Santa Anastasia,strategy_nearest,False,0.0031862258911132812,success
04427A3A9C4C80,3,['San Fermo'],Santa Anastasia,"['AMO', 'Museo Conte', 'Palazzo della Ragione', 'Teatro Romano', 'Centro Fotografia']",Arena,strategy_nearest,False,0.0034019947052001953,success
0442853A9C4C80,3,"['Arena', 'Museo Lapidario', 'Castelvecchio']",Teatro Romano,"['Santa Anastasia', 'Duomo', 'AMO', 'Palazzo della Ragione', 'Museo Conte']",Duomo,strategy_nearest,True,0.0022401809692382812,success
04427F3A9C4C80,2,['San Zeno'],Torre Lamberti,"['Sighseeing', 'Centro Fotografia', 'Museo Conte', 'Casa Giulietta', 'Palazzo della Ragione']",Duomo,strategy_nearest,False,0.003381013870239258,success
044282429C4C80,0,['Santa Anastasia'],Arena,"['Verona Tour', 'Museo Lapidario', 'Museo Radio', 'San Fermo', 'Casa Giulietta']",Castelvecchio,strategy_nearest,False,0.003957033157348633,success
04428C4A9C4C80,0,['Arena'],Casa Giulietta,"['Centro Fotografia', 'Sighseeing', 'Torre Lamberti', 'Museo Conte', 'Museo Radio']",Torre Lamberti,strategy_nearest,True,0.0025539398193359375,success
044294429C4C80,1,"['Castelvecchio', 'Arena']",Palazzo della Ragione,"['AMO', 'Museo Conte', 'Torre Lamberti', 'Centro Fotografia', 'Sighseeing']",Torre Lamberti,strategy_nearest,True,0.0018961429595947266,success
04428E4A9C4C80,3,"['Arena', 'Torre Lamberti', 'Casa Giulietta']",San Fermo,"['Museo Storia', 'Museo Radio', 'Centro Fotografia', 'Sighseeing', 'Museo Conte']",Tomba Giulietta,strategy_nearest,False,0.004060983657836914,success
0442984A9C4C80,0,"['Arena', 'Museo Lapidario']",Castelvecchio,"['Verona Tour', 'Museo Radio', 'San Zeno', 'Sighseeing', 'Museo Miniscalchi']",Torre Lamberti,strategy_nearest,False,0.0026760101318359375,success
0442A1429C4C80,2,"['Casa Giulietta', 'Santa Anastasia']",Teatro Romano,"['Duomo', 'AMO', 'Palazzo della Ragione', 'Museo Conte', 'Centro Fotografia']",Duomo,strategy_nearest,True,0.002460002899169922,success
04429E4A9C4C80,3,"['Arena', 'Torre Lamberti']",Casa Giulietta,"['Centro Fotografia', 'Sighseeing', 'Museo Conte', 'Museo Radio', 'Palazzo della Ragione']",Santa Anastasia,strategy_nearest,False,0.00321197509765625,success
0442A8429C4C80,0,['Arena'],Tomba Giulietta,"['San Fermo', 'Museo Storia', 'Museo Lapidario', 'Museo Radio', 'Verona Tour']",Casa Giulietta,strategy_nearest,False,0.0035698413848876953,success
0442AB429C4C80,0,"['Teatro Romano', 'Castelvecchio']",Arena,"['Verona Tour', 'Museo Lapidario', 'Museo Radio', 'San Fermo', 'Casa Giulietta']",Torre Lamberti,strategy_nearest,False,0.0025060176849365234,success
0442B6429C4C80,1,"['Tomba Giulietta', 'Arena', 'Casa Giulietta']",Torre Lamberti,"['Sighseeing', 'Centro Fotografia', 'Museo Conte', 'Palazzo della Ragione', 'AMO']",Palazzo della Ragione,strategy_nearest,True,0.002629995346069336,success
0442BB3A9C4C80,2,"['Palazzo della Ragione', 'Torre Lamberti']",Santa Anastasia,"['AMO', 'Museo Conte', 'Teatro Romano', 'Centro Fotografia', 'Duomo']",Duomo,strategy_nearest,True,0.003534078598022461,success
0442C13A9C4C80,1,"['Arena', 'Casa Giulietta', 'Castelvecchio']",Teatro Romano,"['Santa Anastasia', 'Duomo', 'AMO', 'Palazzo della Ragione', 'Museo Conte']",Palazzo della Ragione,strategy_nearest,True,0.003493785858154297,success
0442BC3A9C4C80,0,['Arena'],Casa Giulietta,"['Centro Fotografia', 'Sighseeing', 'Torre Lamberti', 'Museo Conte', 'Museo Radio']",Santa Anastasia,strategy_nearest,False,0.0028333663940429688,success
0442C2429C4C80,3,['Castelvecchio'],Arena,"['Verona Tour', 'Museo Lapidario', 'Museo Radio', 'San Fermo', 'Casa Giulietta']",Torre Lamberti,strategy_nearest,False,0.003615140914916992,success
0442D03A9C4C80,0,['Arena'],Casa Giulietta,"['Centro Fotografia', 'Sighseeing', 'Torre Lamberti', 'Museo Conte', 'Museo Radio']",Torre Lamberti,strategy_nearest,True,0.0013408660888671875,success
0442CC3A9C4C80,0,['Arena'],Casa Giulietta,"['Centro Fotografia', 'Sighseeing', 'Torre Lamberti', 'Museo Conte', 'Museo Radio']",Castelvecchio,strategy_nearest,False,0.003532886505126953,success
0442C8429C4C80,3,"['Duomo', 'Torre Lamberti', 'Santa Anastasia']",Teatro Romano,"['AMO', 'Palazzo della Ragione', 'Museo Conte', 'Centro Fotografia', 'Museo Miniscalchi']",Casa Giulietta,strategy_nearest,False,0.0029299259185791016,success
0442D53A9C4C80,3,"['Arena', 'Torre Lamberti', 'Santa Anastasia']",Duomo,"['AMO', 'Museo Miniscalchi', 'Teatro Romano', 'Palazzo della Ragione', 'Museo Conte']",Teatro Romano,strategy_nearest,True,0.003351926803588867,success
0443033A9C4C84,2,"['Castelvecchio', 'Casa Giulietta']",Santa Anastasia,"['AMO', 'Museo Conte', 'Palazzo della Ragione', 'Teatro Romano', 'Centro Fotografia']",Duomo,strategy_nearest,False,0.002260923385620117,success
0442F4429C4C80,3,"['Casa Giulietta', 'Arena']",Santa Anastasia,"['AMO', 'Museo Conte', 'Palazzo della Ragione', 'Teatro Romano', 'Centro Fotografia']",Duomo,strategy_nearest,False,0.0029990673065185547,success
0443013A9C4C84,1,"['Arena', 'Torre Lamberti']",Palazzo della Ragione,"['AMO', 'Museo Conte', 'Centro Fotografia', 'Sighseeing', 'Santa Anastasia']",Duomo,strategy_nearest,False,0.0015461444854736328,success
04430D429C4C84,0,['Arena'],Torre Lamberti,"['Sighseeing', 'Centro Fotografia', 'Museo Conte', 'Casa Giulietta', 'Palazzo della Ragione']",Tomba Giulietta,strategy_nearest,False,0.003425121307373047,success
04430E3A9C4C84,0,['Arena'],Teatro Romano,"['Santa Anastasia', 'Duomo', 'AMO', 'Palazzo della Ragione', 'Museo Conte']",Torre Lamberti,strategy_nearest,False,0.001567840576171875,success
044326429C4C80,1,"['Castelvecchio', 'Teatro Romano', 'Arena', 'Casa Giulietta']",Torre Lamberti,"['Sighseeing', 'Centro Fotografia', 'Museo Conte', 'Palazzo della Ragione', 'AMO']",Palazzo della Ragione,strategy_nearest,True,0.0024690628051757812,success
0443283A9C4C80,0,['Arena'],Torre Lamberti,"['Sighseeing', 'Centro Fotografia', 'Museo Conte', 'Casa Giulietta', 'Palazzo della Ragione']",Teatro Romano,strategy_nearest,False,0.002618074417114258,success
0443373A9C4C80,0,['Arena'],Casa Giulietta,"['Centro Fotografia', 'Sighseeing', 'Torre Lamberti', 'Museo Conte', 'Museo Radio']",Santa Anastasia,strategy_nearest,False,0.0025870800018310547,success
04433C3A9C4C80,3,"['Castelvecchio', 'Arena', 'Casa Giulietta']",Santa Anastasia,"['AMO', 'Museo Conte', 'Palazzo della Ragione', 'Teatro Romano', 'Centro Fotografia']",Torre Lamberti,strategy_nearest,False,0.003107786178588867,success
0443463A9C4C80,1,['Castelvecchio'],Palazzo della Ragione,"['AMO', 'Museo Conte', 'Torre Lamberti', 'Centro Fotografia', 'Sighseeing']",Santa Anastasia,strategy_nearest,False,0.002675771713256836,success
04433D3A9C4C80,2,"['Palazzo della Ragione', 'Torre Lamberti', 'Santa Anastasia']",Teatro Romano,"['Duomo', 'AMO', 'Museo Conte', 'Centro Fotografia', 'Museo Miniscalchi']",Castelvecchio,strategy_nearest,False,0.0034542083740234375,success
044349429C4C80,2,"['Castelvecchio', 'San Zeno', 'Santa Anastasia']",Torre Lamberti,"['Sighseeing', 'Centro Fotografia', 'Museo Conte', 'Casa Giulietta', 'Palazzo della Ragione']",Duomo,strategy_nearest,False,0.002701997756958008,success
0443543A9C4C80,0,['Castelvecchio'],Teatro Romano,"['Santa Anastasia', 'Duomo', 'AMO', 'Palazzo della Ragione', 'Museo Conte']",Casa Giulietta,strategy_nearest,False,0.0031397342681884766,success
044355429C4C80,3,"['San Fermo', 'Santa Anastasia']",Duomo,"['AMO', 'Museo Miniscalchi', 'Teatro Romano', 'Palazzo della Ragione', 'Museo Conte']",Arena,strategy_nearest,False,0.0020949840545654297,success
0443573A9C4C80,1,"['Arena', 'Museo Lapidario', 'Casa Giulietta', 'Palazzo della Ragione']",Santa Anastasia,"['AMO', 'Museo Conte', 'Teatro Romano', 'Centro Fotografia', 'Duomo']",Duomo,strategy_nearest,True,0.0027010440826416016,success
044354429C4C80,0,['Arena'],Torre Lamberti,"['Sighseeing', 'Centro Fotografia', 'Museo Conte', 'Casa Giulietta', 'Palazzo della Ragione']",San Zeno,strategy_nearest,False,0.002668142318725586,success
04435C429C4C80,2,"['Casa Giulietta', 'Palazzo della Ragione']",Torre Lamberti,"['Sighseeing', 'Centro Fotografia', 'Museo Conte', 'AMO', 'Museo Miniscalchi']",Santa Anastasia,strategy_nearest,False,0.0031900405883789062,success
044362429C4C80,2,"['Castelvecchio', 'Palazzo della Ragione']",Torre Lamberti,"['Sighseeing', 'Centro Fotografia', 'Museo Conte', 'Casa Giulietta', 'AMO']",Casa Giulietta,strategy_nearest,True,0.0026938915252685547,success
04436B429C4C80,1,"['Arena', 'Castelvecchio', 'Torre Lamberti']",Palazzo della Ragione,"['AMO', 'Museo Conte', 'Centro Fotografia', 'Sighseeing', 'Santa Anastasia']",Casa Giulietta,strategy_nearest,False,0.0020101070404052734,success
04436C3A9C4C80,3,"['Duomo', 'Santa Anastasia']",San Zeno,"['Castelvecchio', 'Verona Tour', 'Museo Lapidario', 'Arena', 'Museo Miniscalchi']",San Fermo,strategy_nearest,False,0.002640962600708008,success
0443763A9C4C80,0,['Casa Giulietta'],Duomo,"['AMO', 'Museo Miniscalchi', 'Santa Anastasia', 'Teatro Romano', 'Palazzo della Ragione']",Arena,strategy_nearest,False,0.002936124801635742,success
04437B4A9C4C80,2,['Santa Anastasia'],Duomo,"['AMO', 'Museo Miniscalchi', 'Teatro Romano', 'Palazzo della Ragione', 'Museo Conte']",Teatro Romano,strategy_nearest,True,0.0018281936645507812,success
0443813A9C4C80,0,['Arena'],Castelvecchio,"['Museo Lapidario', 'Verona Tour', 'Museo Radio', 'San Zeno', 'Sighseeing']",Casa Giulietta,strategy_nearest,False,0.002552032470703125,success
0443863A9C4C80,3,"['Arena', 'Museo Lapidario', 'Castelvecchio']",Teatro Romano,"['Santa Anastasia', 'Duomo', 'AMO', 'Palazzo della Ragione', 'Museo Conte']",Duomo,strategy_nearest,True,0.00391697883605957,success
0443864A9C4C80,0,['Arena'],Casa Giulietta,"['Centro Fotografia', 'Sighseeing', 'Torre Lamberti', 'Museo Conte', 'Museo Radio']",Torre Lamberti,strategy_nearest,True,0.0026531219482421875,success
04438C3A9C4C80,3,['Arena'],Duomo,"['AMO', 'Museo Miniscalchi', 'Santa Anastasia', 'Teatro Romano', 'Palazzo della Ragione']",Santa Anastasia,strategy_nearest,True,0.003223896026611328,success
0443904A9C4C80,0,['Arena'],Torre Lamberti,"['Sighseeing', 'Centro Fotografia', 'Museo Conte', 'Casa Giulietta', 'Palazzo della Ragione']",Castelvecchio,strategy_nearest,False,0.0026137828826904297,success
04438D4A9C4C80,3,"['Arena', 'Torre Lamberti']",Santa Anastasia,"['AMO', 'Museo Conte', 'Palazzo della Ragione', 'Teatro Romano', 'Centro Fotografia']",Casa Giulietta,strategy_nearest,False,0.0013701915740966797,success
0443934A9C4C80,0,['San Fermo'],Arena,"['Verona Tour', 'Museo Lapidario', 'Museo Radio', 'Casa Giulietta', 'Sighseeing']",Castelvecchio,strategy_nearest,False,0.0034089088439941406,success
044395429C4C80,0,['Arena'],Torre Lamberti,"['Sighseeing', 'Centro Fotografia', 'Museo Conte', 'Casa Giulietta', 'Palazzo della Ragione']",Casa Giulietta,strategy_nearest,True,0.0016338825225830078,success
04439B429C4C80,3,"['Tomba Giulietta', 'Museo Lapidario', 'Arena', 'San Fermo']",Casa Giulietta,"['Centro Fotografia', 'Sighseeing', 'Torre Lamberti', 'Museo Conte', 'Museo Radio']",Torre Lamberti,strategy_nearest,True,0.002635955810546875,success
04439E429C4C80,0,['Arena'],Casa Giulietta,"['Centro Fotografia', 'Sighseeing', 'Torre Lamberti', 'Museo Conte', 'Museo Radio']",Santa Anastasia,strategy_nearest,False,0.0031671524047851562,success
0443A2429C4C80,0,['Arena'],Casa Giulietta,"['Centro Fotografia', 'Sighseeing', 'Torre Lamberti', 'Museo Conte', 'Museo Radio']",Tomba Giulietta,strategy_nearest,False,0.003253936767578125,success
0443A64A9C4C80,3,['Arena'],Casa Giulietta,"['Centro Fotografia', 'Sighseeing', 'Torre Lamberti', 'Museo Conte', 'Museo Radio']",San Fermo,strategy_nearest,False,0.001898050308227539,success
0443A3429C4C80,3,"['Castelvecchio', 'Museo Lapidario', 'Arena']",San Fermo,"['Museo Storia', 'Museo Radio', 'Casa Giulietta', 'Centro Fotografia', 'Sighseeing']",Torre Lamberti,strategy_nearest,False,0.004789829254150391,success
0443A54A9C4C80,0,['Arena'],Torre Lamberti,"['Sighseeing', 'Centro Fotografia', 'Museo Conte', 'Casa Giulietta', 'Palazzo della Ragione']",Casa Giulietta,strategy_nearest,True,0.004683017730712891,success
0443A73A9C4C80,3,"['Arena', 'Castelvecchio', 'San Zeno']",Santa Anastasia,"['AMO', 'Museo Conte', 'Palazzo della Ragione', 'Teatro Romano', 'Centro Fotografia']",Torre Lamberti,strategy_nearest,False,0.004392147064208984,success
0443AC3A9C4C80,0,['Arena'],Castelvecchio,"['Museo Lapidario', 'Verona Tour', 'Museo Radio', 'San Zeno', 'Sighseeing']",Casa Giulietta,strategy_nearest,False,0.0025861263275146484,success
0443A8429C4C80,1,"['Arena', 'Torre Lamberti']",Palazzo della Ragione,"['AMO', 'Museo Conte', 'Centro Fotografia', 'Sighseeing', 'Santa Anastasia']",Santa Anastasia,strategy_nearest,True,0.0036170482635498047,success
0443B63A9C4C80,1,"['Arena', 'Museo Lapidario', 'San Fermo']",Santa Anastasia,"['AMO', 'Museo Conte', 'Palazzo della Ragione', 'Teatro Romano', 'Centro Fotografia']",Duomo,strategy_nearest,False,0.0032999515533447266,success
0443BC429C4C80,3,"['Arena', 'Casa Giulietta']",Casa Giulietta,"['Centro Fotografia', 'Sighseeing', 'Torre Lamberti', 'Museo Conte', 'Museo Radio']",Santa Anastasia,strategy_nearest,False,0.003058195114135742,success
0443BE3A9C4C80,0,['Arena'],Casa Giulietta,"['Centro Fotografia', 'Sighseeing', 'Torre Lamberti', 'Museo Conte', 'Museo Radio']",Torre Lamberti,strategy_nearest,True,0.002961874008178711,success
0443BF3A9C4C80,0,['Arena'],Casa Giulietta,"['Centro Fotografia', 'Sighseeing', 'Torre Lamberti', 'Museo Conte', 'Museo Radio']",Santa Anastasia,strategy_nearest,False,0.0017101764678955078,success
0443C13A9C4C80,2,['San Fermo'],Casa Giulietta,"['Centro Fotografia', 'Sighseeing', 'Torre Lamberti', 'Museo Conte', 'Museo Radio']",Torre Lamberti,strategy_nearest,True,0.0026209354400634766,success
0443C5429C4C80,0,['Arena'],Casa Giulietta,"['Centro Fotografia', 'Sighseeing', 'Torre Lamberti', 'Museo Conte', 'Museo Radio']",Torre Lamberti,strategy_nearest,True,0.003971099853515625,success
0443C63A9C4C80,1,"['Arena', 'Casa Giulietta']",Palazzo della Ragione,"['AMO', 'Museo Conte', 'Torre Lamberti', 'Centro Fotografia', 'Sighseeing']",Torre Lamberti,strategy_nearest,True,0.0021598339080810547,success
0443C9429C4C80,0,['Tomba Giulietta'],Arena,"['Verona Tour', 'Museo Lapidario', 'Museo Radio', 'San Fermo', 'Casa Giulietta']",Casa Giulietta,strategy_nearest,True,0.0031228065490722656,success
0443CC3A9C4C80,0,['Castelvecchio'],Arena,"['Verona Tour', 'Museo Lapidario', 'Museo Radio', 'San Fermo', 'Casa Giulietta']",Teatro Romano,strategy_nearest,False,0.0029408931732177734,success
0443D73A9C4C80,3,['Santa Anastasia'],Duomo,"['AMO', 'Museo Miniscalchi', 'Teatro Romano', 'Palazzo della Ragione', 'Museo Conte']",Arena,strategy_nearest,False,0.0024487972259521484,success
0443D83A9C4C80,2,['Casa Giulietta'],Santa Anastasia,"['AMO', 'Museo Conte', 'Palazzo della Ragione', 'Teatro Romano', 'Centro Fotografia']",Duomo,strategy_nearest,False,0.0033388137817382812,success
0443DF3A9C4C80,0,['Arena'],Casa Giulietta,"['Centro Fotografia', 'Sighseeing', 'Torre Lamberti', 'Museo Conte', 'Museo Radio']",Santa Anastasia,strategy_nearest,False,0.0038640499114990234,success
0443E83A9C4C80,1,['Arena'],Casa Giulietta,"['Centro Fotografia', 'Sighseeing', 'Torre Lamberti', 'Museo Conte', 'Museo Radio']",Torre Lamberti,strategy_nearest,True,0.00179290771484375,success
0443F03A9C4C80,1,['Arena'],Casa Giulietta,"['Centro Fotografia', 'Sighseeing', 'Torre Lamberti', 'Museo Conte', 'Museo Radio']",Torre Lamberti,strategy_nearest,True,0.0040819644927978516,success
0444023A9C4C84,0,['Arena'],Torre Lamberti,"['Sighseeing', 'Centro Fotografia', 'Museo Conte', 'Casa Giulietta', 'Palazzo della Ragione']",Castelvecchio,strategy_nearest,False,0.0022149085998535156,success
044405429C4C84,2,['Duomo'],Torre Lamberti,"['Sighseeing', 'Centro Fotografia', 'Museo Conte', 'Casa Giulietta', 'Palazzo della Ragione']",Palazzo della Ragione,strategy_nearest,True,0.0032210350036621094,success
044401429C4C84,2,"['San Fermo', 'Santa Anastasia']",Duomo,"['AMO', 'Museo Miniscalchi', 'Teatro Romano', 'Palazzo della Ragione', 'Museo Conte']",Castelvecchio,strategy_nearest,False,0.0015997886657714844,success
04440D429C4C84,3,"['Arena', 'Santa Anastasia']",Duomo,"['AMO', 'Museo Miniscalchi', 'Teatro Romano', 'Palazzo della Ragione', 'Museo Conte']",Casa Giulietta,strategy_nearest,False,0.0014050006866455078,success
044407429C4C84,6,"['San Fermo', 'Casa Giulietta']",Verona Tour,"['Museo Lapidario', 'Arena', 'Castelvecchio', 'Museo Radio', 'Sighseeing']",Castelvecchio,strategy_nearest,True,0.002785921096801758,success
0444093A9C4C84,2,['Casa Giulietta'],Castelvecchio,"['Museo Lapidario', 'Verona Tour', 'Arena', 'Museo Radio', 'San Zeno']",Torre Lamberti,strategy_nearest,False,0.0027971267700195312,success
0444283A9C4C80,1,"['Castelvecchio', 'Museo Lapidario', 'Arena', 'Tomba Giulietta', 'Museo Storia', 'San Fermo']",Casa Giulietta,"['Centro Fotografia', 'Sighseeing', 'Torre Lamberti', 'Museo Conte', 'Museo Radio']",Torre Lamberti,strategy_nearest,True,0.003329038619995117,success
044431429C4C80,1,"['Arena', 'Casa Giulietta']",Torre Lamberti,"['Sighseeing', 'Centro Fotografia', 'Museo Conte', 'Palazzo della Ragione', 'AMO']",Palazzo della Ragione,strategy_nearest,True,0.0023779869079589844,success
0444364A9C4C80,1,"['Teatro Romano', 'Arena', 'Casa Giulietta', 'San Fermo']",Giardino Giusti,"['Santa Anastasia', 'Museo Conte', 'Centro Fotografia', 'Museo Storia', 'AMO']",Castelvecchio,strategy_nearest,False,0.0024449825286865234,success
0444383A9C4C80,3,"['Arena', 'Castelvecchio', 'Tomba Giulietta']",Torre Lamberti,"['Sighseeing', 'Centro Fotografia', 'Museo Conte', 'Casa Giulietta', 'Palazzo della Ragione']",Casa Giulietta,strategy_nearest,True,0.002627134323120117,success
04443C429C4C80,2,['Casa Giulietta'],Tomba Giulietta,"['San Fermo', 'Museo Storia', 'Arena', 'Museo Lapidario', 'Museo Radio']",Giardino Giusti,strategy_nearest,False,0.0032460689544677734,success
044451429C4C80,0,['Casa Giulietta'],Arena,"['Verona Tour', 'Museo Lapidario', 'Museo Radio', 'San Fermo', 'Sighseeing']",San Zeno,strategy_nearest,False,0.0023970603942871094,success
0444403A9C4C80,0,['Arena'],Casa Giulietta,"['Centro Fotografia', 'Sighseeing', 'Torre Lamberti', 'Museo Conte', 'Museo Radio']",Castelvecchio,strategy_nearest,False,0.003959178924560547,success
044453429C4C80,2,['Palazzo della Ragione'],Teatro Romano,"['Santa Anastasia', 'Duomo', 'AMO', 'Museo Conte', 'Centro Fotografia']",Castelvecchio,strategy_nearest,False,0.0023000240325927734,success
044454429C4C80,0,['Castelvecchio'],Arena,"['Verona Tour', 'Museo Lapidario', 'Museo Radio', 'San Fermo', 'Casa Giulietta']",Santa Anastasia,strategy_nearest,False,0.002463817596435547,success
0444553A9C4C80,1,['Arena'],Palazzo della Ragione,"['AMO', 'Museo Conte', 'Torre Lamberti', 'Centro Fotografia', 'Sighseeing']",Duomo,strategy_nearest,False,0.003351926803588867,success
0444593A9C4C80,1,"['Arena', 'Museo Lapidario', 'Tomba Giulietta', 'San Fermo']",Casa Giulietta,"['Centro Fotografia', 'Sighseeing', 'Torre Lamberti', 'Museo Conte', 'Museo Radio']",Torre Lamberti,strategy_nearest,True,0.001995086669921875,success
04446F429C4C80,1,"['Arena', 'Casa Giulietta']",Duomo,"['AMO', 'Museo Miniscalchi', 'Santa Anastasia', 'Teatro Romano', 'Palazzo della Ragione']",Torre Lamberti,strategy_nearest,False,0.0024399757385253906,success
04447A3A9C4C80,3,"['Teatro Romano', 'Duomo', 'Castelvecchio']",Santa Anastasia,"['AMO', 'Museo Conte', 'Palazzo della Ragione', 'Centro Fotografia', 'Torre Lamberti']",Torre Lamberti,strategy_nearest,True,0.0031440258026123047,success
0444824A9C4C80,3,"['Arena', 'Museo Lapidario']",Castelvecchio,"['Verona Tour', 'Museo Radio', 'San Zeno', 'Sighseeing', 'Museo Miniscalchi']",Santa Anastasia,strategy_nearest,False,0.002288341522216797,success
0444804A9C4C80,1,['Arena'],Torre Lamberti,"['Sighseeing', 'Centro Fotografia', 'Museo Conte', 'Casa Giulietta', 'Palazzo della Ragione']",Palazzo della Ragione,strategy_nearest,True,0.0031430721282958984,success
0444863A9C4C80,2,"['San Fermo', 'Museo Storia']",Casa Giulietta,"['Centro Fotografia', 'Sighseeing', 'Torre Lamberti', 'Museo Conte', 'Museo Radio']",Palazzo della Ragione,strategy_nearest,False,0.003304004669189453,success
0444914A9C4C80,3,"['Arena', 'Castelvecchio']",Casa Giulietta,"['Centro Fotografia', 'Sighseeing', 'Torre Lamberti', 'Museo Conte', 'Museo Radio']",Duomo,strategy_nearest,False,0.0023729801177978516,success
044497429C4C80,0,"['Arena', 'Tomba Giulietta']",San Fermo,"['Museo Storia', 'Museo Radio', 'Casa Giulietta', 'Centro Fotografia', 'Sighseeing']",Casa Giulietta,strategy_nearest,True,0.003251791000366211,success
044494429C4C80,0,['Arena'],Casa Giulietta,"['Centro Fotografia', 'Sighseeing', 'Torre Lamberti', 'Museo Conte', 'Museo Radio']",Torre Lamberti,strategy_nearest,True,0.0033991336822509766,success
0444A3429C4C80,1,"['Tomba Giulietta', 'Arena', 'Torre Lamberti']",Palazzo della Ragione,"['AMO', 'Museo Conte', 'Centro Fotografia', 'Sighseeing', 'Santa Anastasia']",Santa Anastasia,strategy_nearest,True,0.0019259452819824219,success
04449E429C4C80,0,"['Castelvecchio', 'Arena']",Casa Giulietta,"['Centro Fotografia', 'Sighseeing', 'Torre Lamberti', 'Museo Conte', 'Museo Radio']",Santa Anastasia,strategy_nearest,False,0.002666950225830078,success
0444AA4A9C4C80,3,"['Castelvecchio', 'Arena']",Casa Giulietta,"['Centro Fotografia', 'Sighseeing', 'Torre Lamberti', 'Museo Conte', 'Museo Radio']",Santa Anastasia,strategy_nearest,False,0.003191709518432617,success
04449F4A9C4C80,3,['Arena'],Santa Anastasia,"['AMO', 'Museo Conte', 'Palazzo della Ragione', 'Teatro Romano', 'Centro Fotografia']",Duomo,strategy_nearest,False,0.002752065658569336,success
0444BF429C4C80,1,['Arena'],Casa Giulietta,"['Centro Fotografia', 'Sighseeing', 'Torre Lamberti', 'Museo Conte', 'Museo Radio']",Palazzo della Ragione,strategy_nearest,False,0.0027022361755371094,success
0444BC429C4C80,3,"['Arena', 'Torre Lamberti']",Casa Giulietta,"['Centro Fotografia', 'Sighseeing', 'Museo Conte', 'Museo Radio', 'Palazzo della Ragione']",Santa Anastasia,strategy_nearest,False,0.002577066421508789,success
0444B2429C4C80,2,"['Torre Lamberti', 'Palazzo della Ragione']",Teatro Romano,"['Santa Anastasia', 'Duomo', 'AMO', 'Museo Conte', 'Centro Fotografia']",Giardino Giusti,strategy_nearest,False,0.0026531219482421875,success
0444C43A9C4C80,0,['Arena'],Casa Giulietta,"['Centro Fotografia', 'Sighseeing', 'Torre Lamberti', 'Museo Conte', 'Museo Radio']",Torre Lamberti,strategy_nearest,True,0.0031211376190185547,success
0444D73A9C4C80,3,"['Torre Lamberti', 'Arena']",Casa Giulietta,"['Centro Fotografia', 'Sighseeing', 'Museo Conte', 'Museo Radio', 'Palazzo della Ragione']",Duomo,strategy_nearest,False,0.0020542144775390625,success
0444D13A9C4C80,1,"['Palazzo della Ragione', 'Torre Lamberti', 'Casa Giulietta']",Duomo,"['AMO', 'Museo Miniscalchi', 'Santa Anastasia', 'Teatro Romano', 'Museo Conte']",Arena,strategy_nearest,False,0.0019540786743164062,success
0444C8429C4C80,3,"['Arena', 'Casa Giulietta']",Torre Lamberti,"['Sighseeing', 'Centro Fotografia', 'Museo Conte', 'Palazzo della Ragione', 'AMO']",Santa Anastasia,strategy_nearest,False,0.003469228744506836,success
0444DE3A9C4C80,4,"['Arena', 'Casa Giulietta', 'Santa Anastasia', 'Duomo', 'Teatro Romano']",Tomba Giulietta,"['San Fermo', 'Museo Storia', 'Museo Lapidario', 'Museo Radio', 'Verona Tour']",Museo Radio,strategy_nearest,True,0.0032808780670166016,success
0444EB3A9C4C80,3,"['Arena', 'Museo Lapidario', 'Castelvecchio']",San Fermo,"['Museo Storia', 'Museo Radio', 'Casa Giulietta', 'Centro Fotografia', 'Sighseeing']",Casa Giulietta,strategy_nearest,True,0.002312898635864258,success
0444EF429C4C80,3,"['Arena', 'Castelvecchio']",Casa Giulietta,"['Centro Fotografia', 'Sighseeing', 'Torre Lamberti', 'Museo Conte', 'Museo Radio']",Santa Anastasia,strategy_nearest,False,0.0030438899993896484,success
0444FF3A9C4C80,1,"['Arena', 'Casa Giulietta', 'Torre Lamberti']",Palazzo della Ragione,"['AMO', 'Museo Conte', 'Centro Fotografia', 'Sighseeing', 'Santa Anastasia']",Santa Anastasia,strategy_nearest,True,0.0030777454376220703,success
0444FE3A9C4C80,2,"['Casa Giulietta', 'Tomba Giulietta']",Castelvecchio,"['Museo Lapidario', 'Verona Tour', 'Arena', 'Museo Radio', 'San Zeno']",Torre Lamberti,strategy_nearest,False,0.002434968948364258,success
044506429C4C84,1,"['Arena', 'Palazzo della Ragione']",Torre Lamberti,"['Sighseeing', 'Centro Fotografia', 'Museo Conte', 'Casa Giulietta', 'AMO']",Casa Giulietta,strategy_nearest,True,0.0032231807708740234,success
04450D429C4C84,0,"['Arena', 'Torre Lamberti']",Casa Giulietta,"['Centro Fotografia', 'Sighseeing', 'Museo Conte', 'Museo Radio', 'Palazzo della Ragione']",Museo Storia,strategy_nearest,False,0.002671957015991211,success
044509429C4C84,2,"['Santa Anastasia', 'Giardino Giusti', 'Teatro Romano', 'Casa Giulietta']",Palazzo della Ragione,"['AMO', 'Museo Conte', 'Torre Lamberti', 'Centro Fotografia', 'Sighseeing']",Tomba Giulietta,strategy_nearest,False,0.0018432140350341797,success
044511429C4C84,0,['Arena'],Museo Lapidario,"['Verona Tour', 'Castelvecchio', 'Museo Radio', 'San Fermo', 'Casa Giulietta']",Casa Giulietta,strategy_nearest,True,0.0021750926971435547,success
04450A429C4C84,3,"['Arena', 'Casa Giulietta']",Torre Lamberti,"['Sighseeing', 'Centro Fotografia', 'Museo Conte', 'Palazzo della Ragione', 'AMO']",Santa Anastasia,strategy_nearest,False,0.0033910274505615234,success
044525429C4C80,0,['Arena'],Casa Giulietta,"['Centro Fotografia', 'Sighseeing', 'Torre Lamberti', 'Museo Conte', 'Museo Radio']",Teatro Romano,strategy_nearest,False,0.002797842025756836,success
04452A4A9C4C80,1,"['Castelvecchio', 'Museo Lapidario', 'Casa Giulietta', 'Torre Lamberti']",Palazzo della Ragione,"['AMO', 'Museo Conte', 'Centro Fotografia', 'Sighseeing', 'Santa Anastasia']",Giardino Giusti,strategy_nearest,False,0.0018820762634277344,success
044528429C4C80,2,['Castelvecchio'],Torre Lamberti,"['Sighseeing', 'Centro Fotografia', 'Museo Conte', 'Casa Giulietta', 'Palazzo della Ragione']",Palazzo della Ragione,strategy_nearest,True,0.0032651424407958984,success
0445403A9C4C80,2,['Casa Giulietta'],Santa Anastasia,"['AMO', 'Museo Conte', 'Palazzo della Ragione', 'Teatro Romano', 'Centro Fotografia']",Duomo,strategy_nearest,False,0.003492116928100586,success
04455C429C4C80,1,['Arena'],Casa Giulietta,"['Centro Fotografia', 'Sighseeing', 'Torre Lamberti', 'Museo Conte', 'Museo Radio']",Palazzo della Ragione,strategy_nearest,False,0.0026199817657470703,success
044544429C4C80,3,"['Arena', 'Torre Lamberti']",Santa Anastasia,"['AMO', 'Museo Conte', 'Palazzo della Ragione', 'Teatro Romano', 'Centro Fotografia']",Teatro Romano,strategy_nearest,True,0.0020952224731445312,success
0445553A9C4C80,0,['Arena'],Castelvecchio,"['Museo Lapidario', 'Verona Tour', 'Museo Radio', 'San Zeno', 'Sighseeing']",San Fermo,strategy_nearest,False,0.0032379627227783203,success
04456C429C4C80,1,"['Arena', 'Torre Lamberti']",Palazzo della Ragione,"['AMO', 'Museo Conte', 'Centro Fotografia', 'Sighseeing', 'Santa Anastasia']",Santa Anastasia,strategy_nearest,True,0.0027799606323242188,success
0445743A9C4C80,3,['Arena'],Santa Anastasia,"['AMO', 'Museo Conte', 'Palazzo della Ragione', 'Teatro Romano', 'Centro Fotografia']",Teatro Romano,strategy_nearest,True,0.0026590824127197266,success
044571429C4C80,3,['Arena'],Santa Anastasia,"['AMO', 'Museo Conte', 'Palazzo della Ragione', 'Teatro Romano', 'Centro Fotografia']",Duomo,strategy_nearest,False,0.0021140575408935547,success
044577429C4C80,2,"['Torre Lamberti', 'Palazzo della Ragione']",San Fermo,"['Museo Storia', 'Museo Radio', 'Casa Giulietta', 'Centro Fotografia', 'Arena']",Santa Anastasia,strategy_nearest,False,0.0032918453216552734,success
0445804A9C4C80,3,['Arena'],Torre Lamberti,"['Sighseeing', 'Centro Fotografia', 'Museo Conte', 'Casa Giulietta', 'Palazzo della Ragione']",Santa Anastasia,strategy_nearest,False,0.0038051605224609375,success
0445794A9C4C80,3,['Arena'],Torre Lamberti,"['Sighseeing', 'Centro Fotografia', 'Museo Conte', 'Casa Giulietta', 'Palazzo della Ragione']",Santa Anastasia,strategy_nearest,False,0.0021429061889648438,success
04457A4A9C4C80,2,['Torre Lamberti'],Santa Anastasia,"['AMO', 'Museo Conte', 'Palazzo della Ragione', 'Teatro Romano', 'Centro Fotografia']",Casa Giulietta,strategy_nearest,False,0.0033180713653564453,success
044586429C4C80,1,"['Casa Giulietta', 'Palazzo della Ragione']",Santa Anastasia,"['AMO', 'Museo Conte', 'Teatro Romano', 'Centro Fotografia', 'Duomo']",Arena,strategy_nearest,False,0.0030698776245117188,success
044591429C4C80,0,['Castelvecchio'],Casa Giulietta,"['Centro Fotografia', 'Sighseeing', 'Torre Lamberti', 'Museo Conte', 'Museo Radio']",Torre Lamberti,strategy_nearest,True,0.0013532638549804688,success
0445874A9C4C80,2,['Casa Giulietta'],Santa Anastasia,"['AMO', 'Museo Conte', 'Palazzo della Ragione', 'Teatro Romano', 'Centro Fotografia']",Duomo,strategy_nearest,False,0.002724885940551758,success
04458B4A9C4C80,3,['Arena'],Santa Anastasia,"['AMO', 'Museo Conte', 'Palazzo della Ragione', 'Teatro Romano', 'Centro Fotografia']",Duomo,strategy_nearest,False,0.0020999908447265625,success
0445924A9C4C80,3,"['Arena', 'Castelvecchio', 'Torre Lamberti']",Duomo,"['AMO', 'Museo Miniscalchi', 'Santa Anastasia', 'Teatro Romano', 'Palazzo della Ragione']",Casa Giulietta,strategy_nearest,False,0.0034799575805664062,success
044594429C4C80,0,['Arena'],Casa Giulietta,"['Centro Fotografia', 'Sighseeing', 'Torre Lamberti', 'Museo Conte', 'Museo Radio']",Santa Anastasia,strategy_nearest,False,0.002834320068359375,success
044595429C4C80,0,['Tomba Giulietta'],Arena,"['Verona Tour', 'Museo Lapidario', 'Museo Radio', 'San Fermo', 'Casa Giulietta']",Santa Anastasia,strategy_nearest,False,0.0034322738647460938,success
044596429C4C80,0,['Castelvecchio'],Casa Giulietta,"['Centro Fotografia', 'Sighseeing', 'Torre Lamberti', 'Museo Conte', 'Museo Radio']",Torre Lamberti,strategy_nearest,True,0.0019519329071044922,success
0445984A9C4C80,0,['Arena'],Castelvecchio,"['Museo Lapidario', 'Verona Tour', 'Museo Radio', 'San Zeno', 'Sighseeing']",Teatro Romano,strategy_nearest,False,0.003428220748901367,success
04459C429C4C80,0,['Arena'],Casa Giulietta,"['Centro Fotografia', 'Sighseeing', 'Torre Lamberti', 'Museo Conte', 'Museo Radio']",Castelvecchio,strategy_nearest,False,0.0015652179718017578,success
0445B5429C4C80,3,"['Castelvecchio', 'Arena', 'Casa Giulietta']",Torre Lamberti,"['Sighseeing', 'Centro Fotografia', 'Museo Conte', 'Palazzo della Ragione', 'AMO']",San Fermo,strategy_nearest,False,0.0026061534881591797,success
0445C43A9C4C80,0,['Arena'],Casa Giulietta,"['Centro Fotografia', 'Sighseeing', 'Torre Lamberti', 'Museo Conte', 'Museo Radio']",Torre Lamberti,strategy_nearest,True,0.0032949447631835938,success
0445C9429C4C80,0,"['Teatro Romano', 'Giardino Giusti']",Castelvecchio,"['Museo Lapidario', 'Verona Tour', 'Arena', 'Museo Radio', 'San Zeno']",Arena,strategy_nearest,True,0.0024361610412597656,success
0445D13A9C4C80,1,"['Arena', 'Torre Lamberti', 'Palazzo della Ragione', 'Museo Lapidario']",Castelvecchio,"['Verona Tour', 'Museo Radio', 'San Zeno', 'Sighseeing', 'Museo Miniscalchi']",San Fermo,strategy_nearest,False,0.0029838085174560547,success
0445D43A9C4C80,1,"['Castelvecchio', 'Museo Lapidario', 'Arena', 'Casa Giulietta']",Torre Lamberti,"['Sighseeing', 'Centro Fotografia', 'Museo Conte', 'Palazzo della Ragione', 'AMO']",Palazzo della Ragione,strategy_nearest,True,0.002619028091430664,success
0445DD3A9C4C80,1,"['Museo Lapidario', 'Castelvecchio', 'San Zeno', 'Tomba Giulietta', 'San Fermo']",Casa Giulietta,"['Centro Fotografia', 'Sighseeing', 'Torre Lamberti', 'Museo Conte', 'Museo Radio']",Santa Anastasia,strategy_nearest,False,0.0033898353576660156,success
0445E33A9C4C80,2,['Castelvecchio'],Casa Giulietta,"['Centro Fotografia', 'Sighseeing', 'Torre Lamberti', 'Museo Conte', 'Museo Radio']",San Zeno,strategy_nearest,False,0.003178834915161133,success
0445E43A9C4C80,2,"['Castelvecchio', 'Casa Giulietta']",Torre Lamberti,"['Sighseeing', 'Centro Fotografia', 'Museo Conte', 'Palazzo della Ragione', 'AMO']",Palazzo della Ragione,strategy_nearest,True,0.0022308826446533203,success
0445E63A9C4C80,3,"['Teatro Romano', 'Arena']",Torre Lamberti,"['Sighseeing', 'Centro Fotografia', 'Museo Conte', 'Casa Giulietta', 'Palazzo della Ragione']",Santa Anastasia,strategy_nearest,False,0.003253936767578125,success
0445F53A9C4C80,1,"['Castelvecchio', 'Museo Lapidario']",San Zeno,"['Verona Tour', 'Arena', 'Museo Miniscalchi', 'Sighseeing', 'Museo Radio']",Palazzo della Ragione,strategy_nearest,False,0.0025691986083984375,success
0445FB429C4C80,3,"['Arena', 'Museo Lapidario', 'Castelvecchio', 'Casa Giulietta']",Duomo,"['AMO', 'Museo Miniscalchi', 'Santa Anastasia', 'Teatro Romano', 'Palazzo della Ragione']",Santa Anastasia,strategy_nearest,True,0.003155946731567383,success
044604429C4C84,2,"['Torre Lamberti', 'Teatro Romano']",Santa Anastasia,"['AMO', 'Museo Conte', 'Palazzo della Ragione', 'Centro Fotografia', 'Duomo']",Duomo,strategy_nearest,True,0.0030019283294677734,success
0446273A9C4C80,3,"['Arena', 'San Fermo']",Torre Lamberti,"['Sighseeing', 'Centro Fotografia', 'Museo Conte', 'Casa Giulietta', 'Palazzo della Ragione']",Santa Anastasia,strategy_nearest,False,0.0025899410247802734,success
04462C429C4C80,1,['Arena'],Torre Lamberti,"['Sighseeing', 'Centro Fotografia', 'Museo Conte', 'Casa Giulietta', 'Palazzo della Ragione']",Palazzo della Ragione,strategy_nearest,True,0.00311279296875,success
044625429C4C80,0,['Casa Giulietta'],Arena,"['Verona Tour', 'Museo Lapidario', 'Museo Radio', 'San Fermo', 'Sighseeing']",Castelvecchio,strategy_nearest,False,0.0025620460510253906,success
0446423A9C4C80,0,"['Arena', 'Casa Giulietta']",Teatro Romano,"['Santa Anastasia', 'Duomo', 'AMO', 'Palazzo della Ragione', 'Museo Conte']",Castelvecchio,strategy_nearest,False,0.0013213157653808594,success
04462D4A9C4C80,1,"['Arena', 'San Fermo', 'Torre Lamberti', 'Palazzo della Ragione']",San Zeno,"['Castelvecchio', 'Verona Tour', 'Museo Lapidario', 'Museo Miniscalchi', 'Sighseeing']",Santa Anastasia,strategy_nearest,False,0.003343820571899414,success
04463D429C4C80,1,"['Casa Giulietta', 'Torre Lamberti']",Palazzo della Ragione,"['AMO', 'Museo Conte', 'Centro Fotografia', 'Sighseeing', 'Santa Anastasia']",Arena,strategy_nearest,False,0.0033240318298339844,success
0446473A9C4C80,3,"['Castelvecchio', 'Museo Lapidario', 'Arena', 'San Fermo']",Casa Giulietta,"['Centro Fotografia', 'Sighseeing', 'Torre Lamberti', 'Museo Conte', 'Museo Radio']",Teatro Romano,strategy_nearest,False,0.003253936767578125,success
04464C429C4C80,1,"['San Zeno', 'Torre Lamberti']",Palazzo della Ragione,"['AMO', 'Museo Conte', 'Centro Fotografia', 'Sighseeing', 'Santa Anastasia']",Arena,strategy_nearest,False,0.002234935760498047,success
0446513A9C4C80,0,"['San Fermo', 'Arena']",Casa Giulietta,"['Centro Fotografia', 'Sighseeing', 'Torre Lamberti', 'Museo Conte', 'Museo Radio']",Torre Lamberti,strategy_nearest,True,0.0036051273345947266,success
0446553A9C4C80,3,"['Arena', 'Casa Giulietta', 'Tomba Giulietta']",San Fermo,"['Museo Storia', 'Museo Radio', 'Centro Fotografia', 'Sighseeing', 'Torre Lamberti']",Santa Anastasia,strategy_nearest,False,0.0032930374145507812,success
0446533A9C4C80,3,"['Castelvecchio', 'Tomba Giulietta', 'Arena']",Casa Giulietta,"['Centro Fotografia', 'Sighseeing', 'Torre Lamberti', 'Museo Conte', 'Museo Radio']",Torre Lamberti,strategy_nearest,True,0.002805948257446289,success
0446583A9C4C80,1,"['Teatro Romano', 'Arena']",Torre Lamberti,"['Sighseeing', 'Centro Fotografia', 'Museo Conte', 'Casa Giulietta', 'Palazzo della Ragione']",Palazzo della Ragione,strategy_nearest,True,0.0032668113708496094,success
0446603A9C4C80,3,"['Arena', 'San Fermo']",Santa Anastasia,"['AMO', 'Museo Conte', 'Palazzo della Ragione', 'Teatro Romano', 'Centro Fotografia']",Castelvecchio,strategy_nearest,False,0.002444744110107422,success
04465C429C4C80,3,['Arena'],Casa Giulietta,"['Centro Fotografia', 'Sighseeing', 'Torre Lamberti', 'Museo Conte', 'Museo Radio']",Torre Lamberti,strategy_nearest,True,0.0025739669799804688,success
044664429C4C80,2,['Teatro Romano'],Duomo,"['AMO', 'Museo Miniscalchi', 'Santa Anastasia', 'Palazzo della Ragione', 'Museo Conte']",Casa Giulietta,strategy_nearest,False,0.002590179443359375,success
044673429C4C80,0,['Arena'],Casa Giulietta,"['Centro Fotografia', 'Sighseeing', 'Torre Lamberti', 'Museo Conte', 'Museo Radio']",Santa Anastasia,strategy_nearest,False,0.003486156463623047,success
0446763A9C4C80,0,['Casa Giulietta'],Tomba Giulietta,"['San Fermo', 'Museo Storia', 'Arena', 'Museo Lapidario', 'Museo Radio']",Arena,strategy_nearest,True,0.003428220748901367,success
0446773A9C4C80,1,['Casa Giulietta'],Arena,"['Verona Tour', 'Museo Lapidario', 'Museo Radio', 'San Fermo', 'Sighseeing']",Tomba Giulietta,strategy_nearest,False,0.0032896995544433594,success
044689429C4C80,1,"['Arena', 'Torre Lamberti']",Palazzo della Ragione,"['AMO', 'Museo Conte', 'Centro Fotografia', 'Sighseeing', 'Santa Anastasia']",Casa Giulietta,strategy_nearest,False,0.0018892288208007812,success
044691429C4C80,3,"['Arena', 'Casa Giulietta']",Santa Anastasia,"['AMO', 'Museo Conte', 'Palazzo della Ragione', 'Teatro Romano', 'Centro Fotografia']",Duomo,strategy_nearest,False,0.002821207046508789,success
04468A429C4C80,1,"['Museo Lapidario', 'Arena', 'San Fermo']",Casa Giulietta,"['Centro Fotografia', 'Sighseeing', 'Torre Lamberti', 'Museo Conte', 'Museo Radio']",Palazzo della Ragione,strategy_nearest,False,0.004106044769287109,success
0446934A9C4C80,0,['Arena'],Torre Lamberti,"['Sighseeing', 'Centro Fotografia', 'Museo Conte', 'Casa Giulietta', 'Palazzo della Ragione']",Casa Giulietta,strategy_nearest,True,0.003383159637451172,success
04468E4A9C4C80,3,"['Arena', 'Casa Giulietta']",Torre Lamberti,"['Sighseeing', 'Centro Fotografia', 'Museo Conte', 'Palazzo della Ragione', 'AMO']",Santa Anastasia,strategy_nearest,False,0.002154827117919922,success
044695429C4C80,2,['Santa Anastasia'],Torre Lamberti,"['Sighseeing', 'Centro Fotografia', 'Museo Conte', 'Casa Giulietta', 'Palazzo della Ragione']",Casa Giulietta,strategy_nearest,True,0.0034148693084716797,success
044699429C4C80,3,"['Arena', 'Casa Giulietta', 'San Fermo']",Santa Anastasia,"['AMO', 'Museo Conte', 'Palazzo della Ragione', 'Teatro Romano', 'Centro Fotografia']",Torre Lamberti,strategy_nearest,False,0.0020170211791992188,success
04469C429C4C80,3,['Arena'],Torre Lamberti,"['Sighseeing', 'Centro Fotografia', 'Museo Conte', 'Casa Giulietta', 'Palazzo della Ragione']",Duomo,strategy_nearest,False,0.0018758773803710938,success
04469F429C4C80,1,"['Arena', 'Casa Giulietta', 'Torre Lamberti']",Palazzo della Ragione,"['AMO', 'Museo Conte', 'Centro Fotografia', 'Sighseeing', 'Santa Anastasia']",Duomo,strategy_nearest,False,0.0034601688385009766,success
0446A3429C4C80,0,"['Arena', 'Castelvecchio']",Torre Lamberti,"['Sighseeing', 'Centro Fotografia', 'Museo Conte', 'Casa Giulietta', 'Palazzo della Ragione']",Casa Giulietta,strategy_nearest,True,0.0017621517181396484,success
0446A0429C4C80,2,['Castelvecchio'],Duomo,"['AMO', 'Museo Miniscalchi', 'Santa Anastasia', 'Teatro Romano', 'Palazzo della Ragione']",Santa Anastasia,strategy_nearest,True,0.00267791748046875,success
0446A54A9C4C80,2,"['Museo Lapidario', 'Castelvecchio']",Casa Giulietta,"['Centro Fotografia', 'Sighseeing', 'Torre Lamberti', 'Museo Conte', 'Museo Radio']",Torre Lamberti,strategy_nearest,True,0.003113985061645508,success
0446A63A9C4C80,0,"['Museo Lapidario', 'Arena']",Casa Giulietta,"['Centro Fotografia', 'Sighseeing', 'Torre Lamberti', 'Museo Conte', 'Museo Radio']",Santa Anastasia,strategy_nearest,False,0.0030181407928466797,success
0446A83A9C4C80,3,"['Santa Anastasia', 'Teatro Romano', 'Duomo']",Torre Lamberti,"['Sighseeing', 'Centro Fotografia', 'Museo Conte', 'Casa Giulietta', 'Palazzo della Ragione']",Casa Giulietta,strategy_nearest,True,0.0033941268920898438,success
0446AA429C4C80,0,['Arena'],Torre Lamberti,"['Sighseeing', 'Centro Fotografia', 'Museo Conte', 'Casa Giulietta', 'Palazzo della Ragione']",Duomo,strategy_nearest,False,0.0019981861114501953,success
0446AB3A9C4C80,2,"['Castelvecchio', 'Torre Lamberti']",Palazzo della Ragione,"['AMO', 'Museo Conte', 'Centro Fotografia', 'Sighseeing', 'Santa Anastasia']",Santa Anastasia,strategy_nearest,True,0.003119945526123047,success
0446BF3A9C4C80,0,['Arena'],Castelvecchio,"['Museo Lapidario', 'Verona Tour', 'Museo Radio', 'San Zeno', 'Sighseeing']",Casa Giulietta,strategy_nearest,False,0.0027327537536621094,success
0446AE3A9C4C80,3,"['Arena', 'Casa Giulietta']",Santa Anastasia,"['AMO', 'Museo Conte', 'Palazzo della Ragione', 'Teatro Romano', 'Centro Fotografia']",Duomo,strategy_nearest,False,0.0022089481353759766,success
0446CA429C4C80,0,['Arena'],Casa Giulietta,"['Centro Fotografia', 'Sighseeing', 'Torre Lamberti', 'Museo Conte', 'Museo Radio']",Santa Anastasia,strategy_nearest,False,0.003170013427734375,success
0446AB4A9C4C80,0,['Arena'],Torre Lamberti,"['Sighseeing', 'Centro Fotografia', 'Museo Conte', 'Casa Giulietta', 'Palazzo della Ragione']",Duomo,strategy_nearest,False,0.0036001205444335938,success
0446F9429C4C80,2,"['Casa Giulietta', 'Museo Lapidario', 'San Fermo']",Torre Lamberti,"['Sighseeing', 'Centro Fotografia', 'Museo Conte', 'Palazzo della Ragione', 'AMO']",Duomo,strategy_nearest,False,0.001965045928955078,success
0446D43A9C4C80,3,"['Casa Giulietta', 'Torre Lamberti']",Teatro Romano,"['Santa Anastasia', 'Duomo', 'AMO', 'Palazzo della Ragione', 'Museo Conte']",Duomo,strategy_nearest,True,0.002748250961303711,success
0446CB3A9C4C80,0,['Arena'],Casa Giulietta,"['Centro Fotografia', 'Sighseeing', 'Torre Lamberti', 'Museo Conte', 'Museo Radio']",Castelvecchio,strategy_nearest,False,0.0033648014068603516,success
0446E43A9C4C80,2,"['Castelvecchio', 'Palazzo della Ragione']",Torre Lamberti,"['Sighseeing', 'Centro Fotografia', 'Museo Conte', 'Casa Giulietta', 'AMO']",Santa Anastasia,strategy_nearest,False,0.0015330314636230469,success
044710429C4C84,1,"['Arena', 'Casa Giulietta']",Tomba Giulietta,"['San Fermo', 'Museo Storia', 'Museo Lapidario', 'Museo Radio', 'Verona Tour']",Torre Lamberti,strategy_nearest,False,0.0013058185577392578,success
0446FC429C4C80,3,"['Arena', 'Casa Giulietta']",Torre Lamberti,"['Sighseeing', 'Centro Fotografia', 'Museo Conte', 'Palazzo della Ragione', 'AMO']",Santa Anastasia,strategy_nearest,False,0.0025720596313476562,success
044706429C4C84,3,"['Arena', 'Santa Anastasia']",Casa Giulietta,"['Centro Fotografia', 'Sighseeing', 'Torre Lamberti', 'Museo Conte', 'Museo Radio']",Museo Lapidario,strategy_nearest,False,0.0019609928131103516,success
044725429C4C80,1,"['Casa Giulietta', 'Palazzo della Ragione', 'Santa Anastasia']",Arena,"['Verona Tour', 'Museo Lapidario', 'Museo Radio', 'San Fermo', 'Sighseeing']",Museo Lapidario,strategy_nearest,True,0.0033042430877685547,success
0447254A9C4C80,0,['Arena'],Casa Giulietta,"['Centro Fotografia', 'Sighseeing', 'Torre Lamberti', 'Museo Conte', 'Museo Radio']",Castelvecchio,strategy_nearest,False,0.0026428699493408203,success
04472F429C4C80,0,['Casa Giulietta'],Torre Lamberti,"['Sighseeing', 'Centro Fotografia', 'Museo Conte', 'Palazzo della Ragione', 'AMO']",Arena,strategy_nearest,False,0.0020253658294677734,success
0447363A9C4C80,2,"['Casa Giulietta', 'Castelvecchio']",San Zeno,"['Verona Tour', 'Museo Lapidario', 'Arena', 'Museo Miniscalchi', 'Sighseeing']",Teatro Romano,strategy_nearest,False,0.003381013870239258,success
044738429C4C80,2,"['Castelvecchio', 'Casa Giulietta', 'Torre Lamberti']",Santa Anastasia,"['AMO', 'Museo Conte', 'Palazzo della Ragione', 'Teatro Romano', 'Centro Fotografia']",Palazzo della Ragione,strategy_nearest,True,0.0033719539642333984,success
04473A3A9C4C80,1,"['Arena', 'Castelvecchio', 'Santa Anastasia']",Teatro Romano,"['Duomo', 'AMO', 'Palazzo della Ragione', 'Museo Conte', 'Centro Fotografia']",Duomo,strategy_nearest,True,0.002390146255493164,success
04473F3A9C4C80,3,['Casa Giulietta'],Torre Lamberti,"['Sighseeing', 'Centro Fotografia', 'Museo Conte', 'Palazzo della Ragione', 'AMO']",Arena,strategy_nearest,False,0.0024766921997070312,success
04473D429C4C80,1,"['Arena', 'Casa Giulietta']",Palazzo della Ragione,"['AMO', 'Museo Conte', 'Torre Lamberti', 'Centro Fotografia', 'Sighseeing']",Torre Lamberti,strategy_nearest,True,0.0034041404724121094,success
0447384A9C4C80,2,"['Teatro Romano', 'Casa Giulietta', 'Torre Lamberti']",Palazzo della Ragione,"['AMO', 'Museo Conte', 'Centro Fotografia', 'Sighseeing', 'Santa Anastasia']",Tomba Giulietta,strategy_nearest,False,0.003226041793823242,success
04474B429C4C80,3,"['Arena', 'Santa Anastasia', 'Duomo']",Teatro Romano,"['AMO', 'Palazzo della Ragione', 'Museo Conte', 'Centro Fotografia', 'Museo Miniscalchi']",San Zeno,strategy_nearest,False,0.0034050941467285156,success
044759429C4C80,3,"['Arena', 'Casa Giulietta']",Torre Lamberti,"['Sighseeing', 'Centro Fotografia', 'Museo Conte', 'Palazzo della Ragione', 'AMO']",Santa Anastasia,strategy_nearest,False,0.0032041072845458984,success
044753429C4C80,0,['Arena'],Casa Giulietta,"['Centro Fotografia', 'Sighseeing', 'Torre Lamberti', 'Museo Conte', 'Museo Radio']",Teatro Romano,strategy_nearest,False,0.0021560192108154297,success
044756429C4C80,2,['Castelvecchio'],Duomo,"['AMO', 'Museo Miniscalchi', 'Santa Anastasia', 'Teatro Romano', 'Palazzo della Ragione']",Santa Anastasia,strategy_nearest,True,0.0026590824127197266,success
04475D429C4C80,1,"['Museo Lapidario', 'Torre Lamberti', 'Castelvecchio']",Casa Giulietta,"['Centro Fotografia', 'Sighseeing', 'Museo Conte', 'Museo Radio', 'Palazzo della Ragione']",Palazzo della Ragione,strategy_nearest,True,0.002017974853515625,success
044766429C4C80,0,"['Casa Giulietta', 'Torre Lamberti']",Duomo,"['AMO', 'Museo Miniscalchi', 'Santa Anastasia', 'Teatro Romano', 'Palazzo della Ragione']",Arena,strategy_nearest,False,0.001275777816772461,success
04475B429C4C80,1,['Arena'],Torre Lamberti,"['Sighseeing', 'Centro Fotografia', 'Museo Conte', 'Casa Giulietta', 'Palazzo della Ragione']",Palazzo della Ragione,strategy_nearest,True,0.003885030746459961,success
0447773A9C4C80,0,['San Zeno'],Arena,"['Verona Tour', 'Museo Lapidario', 'Museo Radio', 'San Fermo', 'Casa Giulietta']",Torre Lamberti,strategy_nearest,False,0.003299236297607422,success
0447874A9C4C80,0,['Arena'],Casa Giulietta,"['Centro Fotografia', 'Sighseeing', 'Torre Lamberti', 'Museo Conte', 'Museo Radio']",San Zeno,strategy_nearest,False,0.0018367767333984375,success
04477C429C4C80,0,['Casa Giulietta'],Arena,"['Verona Tour', 'Museo Lapidario', 'Museo Radio', 'San Fermo', 'Sighseeing']",Tomba Giulietta,strategy_nearest,False,0.003206968307495117,success
0447814A9C4C80,3,"['Arena', 'Casa Giulietta']",Torre Lamberti,"['Sighseeing', 'Centro Fotografia', 'Museo Conte', 'Palazzo della Ragione', 'AMO']",Duomo,strategy_nearest,False,0.0025148391723632812,success
044799429C4C80,3,"['Arena', 'Casa Giulietta']",San Fermo,"['Museo Storia', 'Museo Radio', 'Centro Fotografia', 'Sighseeing', 'Torre Lamberti']",Santa Anastasia,strategy_nearest,False,0.0018951892852783203,success
04478A4A9C4C80,3,"['Arena', 'Museo Lapidario', 'Tomba Giulietta']",Teatro Romano,"['Santa Anastasia', 'Duomo', 'AMO', 'Palazzo della Ragione', 'Museo Conte']",Santa Anastasia,strategy_nearest,True,0.002624034881591797,success
044792429C4C80,0,['Arena'],Tomba Giulietta,"['San Fermo', 'Museo Storia', 'Museo Lapidario', 'Museo Radio', 'Verona Tour']",Casa Giulietta,strategy_nearest,False,0.0031621456146240234,success
0447A5429C4C80,3,['Arena'],Santa Anastasia,"['AMO', 'Museo Conte', 'Palazzo della Ragione', 'Teatro Romano', 'Centro Fotografia']",San Zeno,strategy_nearest,False,0.0018589496612548828,success
04479A429C4C80,0,"['Arena', 'Castelvecchio']",Torre Lamberti,"['Sighseeing', 'Centro Fotografia', 'Museo Conte', 'Casa Giulietta', 'Palazzo della Ragione']",San Fermo,strategy_nearest,False,0.0034248828887939453,success
0447A44A9C4C80,1,"['Arena', 'Torre Lamberti']",Palazzo della Ragione,"['AMO', 'Museo Conte', 'Centro Fotografia', 'Sighseeing', 'Santa Anastasia']",Casa Giulietta,strategy_nearest,False,0.002646923065185547,success
0447A83A9C4C80,3,['Arena'],Casa Giulietta,"['Centro Fotografia', 'Sighseeing', 'Torre Lamberti', 'Museo Conte', 'Museo Radio']",Santa Anastasia,strategy_nearest,False,0.002722024917602539,success
0447A63A9C4C80,3,"['Castelvecchio', 'Arena']",Torre Lamberti,"['Sighseeing', 'Centro Fotografia', 'Museo Conte', 'Casa Giulietta', 'Palazzo della Ragione']",Casa Giulietta,strategy_nearest,True,0.0034041404724121094,success
0447A8429C4C80,3,"['Casa Giulietta', 'Santa Anastasia']",Teatro Romano,"['Duomo', 'AMO', 'Palazzo della Ragione', 'Museo Conte', 'Centro Fotografia']",Arena,strategy_nearest,False,0.003229856491088867,success
0447B5429C4C80,0,['Arena'],Torre Lamberti,"['Sighseeing', 'Centro Fotografia', 'Museo Conte', 'Casa Giulietta', 'Palazzo della Ragione']",Casa Giulietta,strategy_nearest,True,0.0031328201293945312,success
0447CF3A9C4C80,0,"['Museo Lapidario', 'Castelvecchio']",Arena,"['Verona Tour', 'Museo Radio', 'San Fermo', 'Casa Giulietta', 'Sighseeing']",Torre Lamberti,strategy_nearest,False,0.002711057662963867,success
0447DB3A9C4C80,3,['San Zeno'],Arena,"['Verona Tour', 'Museo Lapidario', 'Museo Radio', 'San Fermo', 'Casa Giulietta']",Torre Lamberti,strategy_nearest,False,0.0025548934936523438,success
0447D03A9C4C80,2,"['Casa Giulietta', 'Santa Anastasia', 'Teatro Romano']",Duomo,"['AMO', 'Museo Miniscalchi', 'Palazzo della Ragione', 'Museo Conte', 'Torre Lamberti']",Torre Lamberti,strategy_nearest,True,0.002090930938720703,success
0447D23A9C4C80,1,"['Arena', 'Casa Giulietta', 'Torre Lamberti']",Palazzo della Ragione,"['AMO', 'Museo Conte', 'Centro Fotografia', 'Sighseeing', 'Santa Anastasia']",Duomo,strategy_nearest,False,0.003983259201049805,success
0447E43A9C4C80,0,['Arena'],Casa Giulietta,"['Centro Fotografia', 'Sighseeing', 'Torre Lamberti', 'Museo Conte', 'Museo Radio']",Teatro Romano,strategy_nearest,False,0.002622842788696289,success
0447E93A9C4C80,0,['Arena'],Castelvecchio,"['Museo Lapidario', 'Verona Tour', 'Museo Radio', 'San Zeno', 'Sighseeing']",Torre Lamberti,strategy_nearest,False,0.003181934356689453,success
0447E13A9C4C80,1,"['Arena', 'Casa Giulietta', 'Torre Lamberti']",Palazzo della Ragione,"['AMO', 'Museo Conte', 'Centro Fotografia', 'Sighseeing', 'Santa Anastasia']",Santa Anastasia,strategy_nearest,True,0.0021190643310546875,success
0447E3429C4C80,0,['Arena'],Teatro Romano,"['Santa Anastasia', 'Duomo', 'AMO', 'Palazzo della Ragione', 'Museo Conte']",Castelvecchio,strategy_nearest,False,0.0027511119842529297,success
0447F6429C4C80,1,"['Arena', 'Casa Giulietta', 'Santa Anastasia', 'San Zeno']",Castelvecchio,"['Museo Lapidario', 'Verona Tour', 'Museo Radio', 'Sighseeing', 'Museo Miniscalchi']",Tomba Giulietta,strategy_nearest,False,0.002246856689453125,success
0447FF3A9C4C80,1,"['Arena', 'Palazzo della Ragione']",Torre Lamberti,"['Sighseeing', 'Centro Fotografia', 'Museo Conte', 'Casa Giulietta', 'AMO']",Casa Giulietta,strategy_nearest,True,0.0025959014892578125,success
0447F33A9C4C80,0,['Arena'],Casa Giulietta,"['Centro Fotografia', 'Sighseeing', 'Torre Lamberti', 'Museo Conte', 'Museo Radio']",Castelvecchio,strategy_nearest,False,0.001544952392578125,success
044800429C4C84,0,"['Arena', 'Casa Giulietta']",Teatro Romano,"['Santa Anastasia', 'Duomo', 'AMO', 'Palazzo della Ragione', 'Museo Conte']",Castelvecchio,strategy_nearest,False,0.004224061965942383,success
044804429C4C84,1,"['Museo Lapidario', 'Arena', 'San Fermo']",Torre Lamberti,"['Sighseeing', 'Centro Fotografia', 'Museo Conte', 'Casa Giulietta', 'Palazzo della Ragione']",Palazzo della Ragione,strategy_nearest,True,0.002605915069580078,success
04480C429C4C84,3,"['Castelvecchio', 'Arena']",Casa Giulietta,"['Centro Fotografia', 'Sighseeing', 'Torre Lamberti', 'Museo Conte', 'Museo Radio']",Torre Lamberti,strategy_nearest,True,0.003120899200439453,success
044814429C4C84,2,['Museo Lapidario'],Castelvecchio,"['Verona Tour', 'Arena', 'Museo Radio', 'San Zeno', 'Sighseeing']",Casa Giulietta,strategy_nearest,False,0.0017058849334716797,success
044805429C4C84,2,['Castelvecchio'],Santa Anastasia,"['AMO', 'Museo Conte', 'Palazzo della Ragione', 'Teatro Romano', 'Centro Fotografia']",Tomba Giulietta,strategy_nearest,False,0.003818035125732422,success
044815429C4C84,0,['Arena'],Torre Lamberti,"['Sighseeing', 'Centro Fotografia', 'Museo Conte', 'Casa Giulietta', 'Palazzo della Ragione']",Casa Giulietta,strategy_nearest,True,0.0034482479095458984,success
0448153A9C4C84,2,"['Palazzo della Ragione', 'Torre Lamberti']",Santa Anastasia,"['AMO', 'Museo Conte', 'Teatro Romano', 'Centro Fotografia', 'Duomo']",Duomo,strategy_nearest,True,0.0016720294952392578,success
044824429C4C80,3,"['Arena', 'San Fermo', 'Castelvecchio']",Santa Anastasia,"['AMO', 'Museo Conte', 'Palazzo della Ragione', 'Teatro Romano', 'Centro Fotografia']",Teatro Romano,strategy_nearest,True,0.0021152496337890625,success
0448253A9C4C80,3,"['Arena', 'San Fermo']",Torre Lamberti,"['Sighseeing', 'Centro Fotografia', 'Museo Conte', 'Casa Giulietta', 'Palazzo della Ragione']",Santa Anastasia,strategy_nearest,False,0.0026900768280029297,success
04482A3A9C4C80,1,"['Arena', 'Casa Giulietta', 'Torre Lamberti', 'Palazzo della Ragione']",Santa Anastasia,"['AMO', 'Museo Conte', 'Teatro Romano', 'Centro Fotografia', 'Duomo']",Duomo,strategy_nearest,True,0.0015668869018554688,success
044833429C4C80,1,"['Santa Anastasia', 'Torre Lamberti', 'Palazzo della Ragione', 'Tomba Giulietta']",Duomo,"['AMO', 'Museo Miniscalchi', 'Teatro Romano', 'Museo Conte', 'Centro Fotografia']",San Zeno,strategy_nearest,False,0.0025987625122070312,success
044825429C4C80,2,"['Castelvecchio', 'San Zeno', 'San Fermo', 'Casa Giulietta']",Torre Lamberti,"['Sighseeing', 'Centro Fotografia', 'Museo Conte', 'Palazzo della Ragione', 'AMO']",Santa Anastasia,strategy_nearest,False,0.0033960342407226562,success
0448263A9C4C80,3,"['Arena', 'Casa Giulietta']",Torre Lamberti,"['Sighseeing', 'Centro Fotografia', 'Museo Conte', 'Palazzo della Ragione', 'AMO']",Santa Anastasia,strategy_nearest,False,0.0022041797637939453,success
04483C3A9C4C80,2,['San Zeno'],Duomo,"['AMO', 'Museo Miniscalchi', 'Santa Anastasia', 'Teatro Romano', 'Palazzo della Ragione']",Casa Giulietta,strategy_nearest,False,0.0010297298431396484,success
044844429C4C80,0,['Arena'],Casa Giulietta,"['Centro Fotografia', 'Sighseeing', 'Torre Lamberti', 'Museo Conte', 'Museo Radio']",Castelvecchio,strategy_nearest,False,0.0021140575408935547,success
04484C429C4C80,0,"['Arena', 'Casa Giulietta']",Torre Lamberti,"['Sighseeing', 'Centro Fotografia', 'Museo Conte', 'Palazzo della Ragione', 'AMO']",Teatro Romano,strategy_nearest,False,0.0027060508728027344,success
04483D3A9C4C80,3,"['Casa Giulietta', 'Santa Anastasia', 'Duomo']",San Fermo,"['Museo Storia', 'Museo Radio', 'Centro Fotografia', 'Arena', 'Sighseeing']",Arena,strategy_nearest,True,0.003467082977294922,success
04484F3A9C4C80,2,['Casa Giulietta'],Tomba Giulietta,"['San Fermo', 'Museo Storia', 'Arena', 'Museo Lapidario', 'Museo Radio']",Teatro Romano,strategy_nearest,False,0.002933979034423828,success
0448523A9C4C80,3,"['Torre Lamberti', 'Santa Anastasia']",Arena,"['Verona Tour', 'Museo Lapidario', 'Museo Radio', 'San Fermo', 'Casa Giulietta']",San Fermo,strategy_nearest,True,0.00273895263671875,success
044851429C4C80,2,"['Torre Lamberti', 'Palazzo della Ragione']",Casa Giulietta,"['Centro Fotografia', 'Sighseeing', 'Museo Conte', 'Museo Radio', 'San Fermo']",Castelvecchio,strategy_nearest,False,0.0027778148651123047,success
0448553A9C4C80,1,"['Duomo', 'Teatro Romano', 'Museo Storia', 'San Fermo']",Palazzo della Ragione,"['AMO', 'Museo Conte', 'Torre Lamberti', 'Centro Fotografia', 'Sighseeing']",Castelvecchio,strategy_nearest,False,0.0031752586364746094,success
04485A3A9C4C80,0,"['Casa Giulietta', 'Casa Giulietta']",Arena,"['Verona Tour', 'Museo Lapidario', 'Museo Radio', 'San Fermo', 'Sighseeing']",Castelvecchio,strategy_nearest,False,0.0025911331176757812,success
044856429C4C80,0,['Arena'],Casa Giulietta,"['Centro Fotografia', 'Sighseeing', 'Torre Lamberti', 'Museo Conte', 'Museo Radio']",Castelvecchio,strategy_nearest,False,0.003065824508666992,success
044866429C4C80,0,['Arena'],Casa Giulietta,"['Centro Fotografia', 'Sighseeing', 'Torre Lamberti', 'Museo Conte', 'Museo Radio']",Santa Anastasia,strategy_nearest,False,0.002680063247680664,success
044869429C4C80,3,['Arena'],Casa Giulietta,"['Centro Fotografia', 'Sighseeing', 'Torre Lamberti', 'Museo Conte', 'Museo Radio']",Torre Lamberti,strategy_nearest,True,0.003064870834350586,success
04486F429C4C80,3,"['Arena', 'Santa Anastasia', 'Torre Lamberti']",Duomo,"['AMO', 'Museo Miniscalchi', 'Teatro Romano', 'Palazzo della Ragione', 'Museo Conte']",Teatro Romano,strategy_nearest,True,0.0032269954681396484,success
0448713A9C4C80,0,['Arena'],Casa Giulietta,"['Centro Fotografia', 'Sighseeing', 'Torre Lamberti', 'Museo Conte', 'Museo Radio']",Torre Lamberti,strategy_nearest,True,0.0017871856689453125,success
044877429C4C80,3,"['Arena', 'Torre Lamberti']",Santa Anastasia,"['AMO', 'Museo Conte', 'Palazzo della Ragione', 'Teatro Romano', 'Centro Fotografia']",Duomo,strategy_nearest,False,0.002410888671875,success
044876429C4C80,0,['Arena'],Casa Giulietta,"['Centro Fotografia', 'Sighseeing', 'Torre Lamberti', 'Museo Conte', 'Museo Radio']",Tomba Giulietta,strategy_nearest,False,0.004059791564941406,success
0448783A9C4C80,3,"['Arena', 'Casa Giulietta']",San Fermo,"['Museo Storia', 'Museo Radio', 'Centro Fotografia', 'Sighseeing', 'Torre Lamberti']",Torre Lamberti,strategy_nearest,True,0.002346038818359375,success
04487C4A9C4C80,3,"['Arena', 'Torre Lamberti']",Santa Anastasia,"['AMO', 'Museo Conte', 'Palazzo della Ragione', 'Teatro Romano', 'Centro Fotografia']",Duomo,strategy_nearest,False,0.0031251907348632812,success
044885429C4C80,0,['Arena'],Casa Giulietta,"['Centro Fotografia', 'Sighseeing', 'Torre Lamberti', 'Museo Conte', 'Museo Radio']",San Fermo,strategy_nearest,False,0.0025489330291748047,success
044884429C4C80,0,['Arena'],Casa Giulietta,"['Centro Fotografia', 'Sighseeing', 'Torre Lamberti', 'Museo Conte', 'Museo Radio']",Santa Anastasia,strategy_nearest,False,0.002192974090576172,success
04487D4A9C4C80,3,"['Arena', 'Castelvecchio', 'San Zeno']",Santa Anastasia,"['AMO', 'Museo Conte', 'Palazzo della Ragione', 'Teatro Romano', 'Centro Fotografia']",Torre Lamberti,strategy_nearest,False,0.0041010379791259766,success
04488D4A9C4C80,3,"['Arena', 'Torre Lamberti']",Casa Giulietta,"['Centro Fotografia', 'Sighseeing', 'Museo Conte', 'Museo Radio', 'Palazzo della Ragione']",Santa Anastasia,strategy_nearest,False,0.0028963088989257812,success
044898429C4C80,0,"['Arena', 'Museo Lapidario']",Casa Giulietta,"['Centro Fotografia', 'Sighseeing', 'Torre Lamberti', 'Museo Conte', 'Museo Radio']",Teatro Romano,strategy_nearest,False,0.0032820701599121094,success
0448984A9C4C80,1,"['Arena', 'Casa Giulietta', 'Torre Lamberti']",Palazzo della Ragione,"['AMO', 'Museo Conte', 'Centro Fotografia', 'Sighseeing', 'Santa Anastasia']",Duomo,strategy_nearest,False,0.0023658275604248047,success
044891429C4C80,3,"['Arena', 'Casa Giulietta', 'San Fermo']",Torre Lamberti,"['Sighseeing', 'Centro Fotografia', 'Museo Conte', 'Palazzo della Ragione', 'AMO']",Santa Anastasia,strategy_nearest,False,0.0025992393493652344,success
0448A7429C4C80,1,['Arena'],Torre Lamberti,"['Sighseeing', 'Centro Fotografia', 'Museo Conte', 'Casa Giulietta', 'Palazzo della Ragione']",Palazzo della Ragione,strategy_nearest,True,0.0017931461334228516,success
04489A4A9C4C80,0,['Arena'],Casa Giulietta,"['Centro Fotografia', 'Sighseeing', 'Torre Lamberti', 'Museo Conte', 'Museo Radio']",Casa Giulietta,strategy_nearest,False,0.00395965576171875,success
0448AB4A9C4C80,1,"['Arena', 'Casa Giulietta']",Palazzo della Ragione,"['AMO', 'Museo Conte', 'Torre Lamberti', 'Centro Fotografia', 'Sighseeing']",Torre Lamberti,strategy_nearest,True,0.0021791458129882812,success
0448A8429C4C80,0,['Arena'],Casa Giulietta,"['Centro Fotografia', 'Sighseeing', 'Torre Lamberti', 'Museo Conte', 'Museo Radio']",Tomba Giulietta,strategy_nearest,False,0.0036253929138183594,success
0448AF3A9C4C80,3,"['Santa Anastasia', 'Casa Giulietta']",Castelvecchio,"['Museo Lapidario', 'Verona Tour', 'Arena', 'Museo Radio', 'San Zeno']",Arena,strategy_nearest,True,0.00269317626953125,success
0448BA429C4C80,1,"['Arena', 'Casa Giulietta']",San Fermo,"['Museo Storia', 'Museo Radio', 'Centro Fotografia', 'Sighseeing', 'Torre Lamberti']",Palazzo della Ragione,strategy_nearest,False,0.0030426979064941406,success
0448B0429C4C80,2,"['Castelvecchio', 'Torre Lamberti']",Santa Anastasia,"['AMO', 'Museo Conte', 'Palazzo della Ragione', 'Teatro Romano', 'Centro Fotografia']",Duomo,strategy_nearest,False,0.0033142566680908203,success
0448CA3A9C4C80,1,"['Arena', 'Casa Giulietta']",Palazzo della Ragione,"['AMO', 'Museo Conte', 'Torre Lamberti', 'Centro Fotografia', 'Sighseeing']",Torre Lamberti,strategy_nearest,True,0.0020160675048828125,success
0448CA429C4C80,3,"['Teatro Romano', 'Duomo']",Casa Giulietta,"['Centro Fotografia', 'Sighseeing', 'Torre Lamberti', 'Museo Conte', 'Museo Radio']",Torre Lamberti,strategy_nearest,True,0.0025229454040527344,success
0448BF3A9C4C80,2,['Torre Lamberti'],Casa Giulietta,"['Centro Fotografia', 'Sighseeing', 'Museo Conte', 'Museo Radio', 'Palazzo della Ragione']",Castelvecchio,strategy_nearest,False,0.0014462471008300781,success
0448CE3A9C4C80,0,['Arena'],Casa Giulietta,"['Centro Fotografia', 'Sighseeing', 'Torre Lamberti', 'Museo Conte', 'Museo Radio']",Castelvecchio,strategy_nearest,False,0.003568887710571289,success
0448CF429C4C80,1,"['Arena', 'Casa Giulietta', 'Torre Lamberti', 'Palazzo della Ragione', 'Santa Anastasia']",Duomo,"['AMO', 'Museo Miniscalchi', 'Teatro Romano', 'Museo Conte', 'Centro Fotografia']",Teatro Romano,strategy_nearest,True,0.0024030208587646484,success
0448CF3A9C4C80,0,"['Arena', 'Casa Giulietta']",San Fermo,"['Museo Storia', 'Museo Radio', 'Centro Fotografia', 'Sighseeing', 'Torre Lamberti']",Teatro Romano,strategy_nearest,False,0.0023729801177978516,success
0448D13A9C4C80,1,"['Casa Giulietta', 'Castelvecchio', 'San Zeno', 'Santa Anastasia']",San Fermo,"['Museo Storia', 'Museo Radio', 'Centro Fotografia', 'Arena', 'Sighseeing']",Arena,strategy_nearest,True,0.002574920654296875,success
0448D7429C4C80,1,"['Casa Giulietta', 'Palazzo della Ragione', 'Torre Lamberti']",Santa Anastasia,"['AMO', 'Museo Conte', 'Teatro Romano', 'Centro Fotografia', 'Duomo']",Arena,strategy_nearest,False,0.003364086151123047,success
0448D8429C4C80,0,['Arena'],Casa Giulietta,"['Centro Fotografia', 'Sighseeing', 'Torre Lamberti', 'Museo Conte', 'Museo Radio']",Teatro Romano,strategy_nearest,False,0.0023698806762695312,success
0448DC429C4C80,0,"['Arena', 'Casa Giulietta']",Teatro Romano,"['Santa Anastasia', 'Duomo', 'AMO', 'Palazzo della Ragione', 'Museo Conte']",Torre Lamberti,strategy_nearest,False,0.0030679702758789062,success
0448E3429C4C80,3,"['Arena', 'Torre Lamberti']",Santa Anastasia,"['AMO', 'Museo Conte', 'Palazzo della Ragione', 'Teatro Romano', 'Centro Fotografia']",Teatro Romano,strategy_nearest,True,0.0031909942626953125,success
0448E83A9C4C80,0,['Arena'],Museo Lapidario,"['Verona Tour', 'Castelvecchio', 'Museo Radio', 'San Fermo', 'Casa Giulietta']",Santa Anastasia,strategy_nearest,False,0.0024118423461914062,success
0448E93A9C4C80,2,['Casa Giulietta'],Torre Lamberti,"['Sighseeing', 'Centro Fotografia', 'Museo Conte', 'Palazzo della Ragione', 'AMO']",Palazzo della Ragione,strategy_nearest,True,0.004252910614013672,success
0448F93A9C4C80,0,['Castelvecchio'],Arena,"['Verona Tour', 'Museo Lapidario', 'Museo Radio', 'San Fermo', 'Casa Giulietta']",Teatro Romano,strategy_nearest,False,0.0024132728576660156,success
0448EB3A9C4C80,2,['Casa Giulietta'],Duomo,"['AMO', 'Museo Miniscalchi', 'Santa Anastasia', 'Teatro Romano', 'Palazzo della Ragione']",Teatro Romano,strategy_nearest,True,0.0024890899658203125,success
0448FC429C4C80,3,"['Arena', 'Casa Giulietta', 'Santa Anastasia', 'Duomo']",Teatro Romano,"['AMO', 'Palazzo della Ragione', 'Museo Conte', 'Centro Fotografia', 'Museo Miniscalchi']",Castelvecchio,strategy_nearest,False,0.003050088882446289,success
0449003A9C4C84,3,"['Arena', 'Casa Giulietta']",Santa Anastasia,"['AMO', 'Museo Conte', 'Palazzo della Ragione', 'Teatro Romano', 'Centro Fotografia']",Duomo,strategy_nearest,False,0.0025191307067871094,success
044914429C4C84,3,"['Arena', 'Casa Giulietta', 'San Fermo', 'Torre Lamberti']",San Zeno,"['Castelvecchio', 'Verona Tour', 'Museo Lapidario', 'Museo Miniscalchi', 'Sighseeing']",Santa Anastasia,strategy_nearest,False,0.001111745834350586,success
0449133A9C4C84,1,['Palazzo della Ragione'],Casa Giulietta,"['Centro Fotografia', 'Sighseeing', 'Torre Lamberti', 'Museo Conte', 'Museo Radio']",Arena,strategy_nearest,False,0.003445863723754883,success
044921429C4C80,3,['Arena'],Torre Lamberti,"['Sighseeing', 'Centro Fotografia', 'Museo Conte', 'Casa Giulietta', 'Palazzo della Ragione']",Santa Anastasia,strategy_nearest,False,0.0033926963806152344,success
044924429C4C80,2,"['Castelvecchio', 'San Zeno']",Teatro Romano,"['Santa Anastasia', 'Duomo', 'AMO', 'Palazzo della Ragione', 'Museo Conte']",Santa Anastasia,strategy_nearest,True,0.0025300979614257812,success
0449244A9C4C80,1,"['Tomba Giulietta', 'Casa Giulietta']",Arena,"['Verona Tour', 'Museo Lapidario', 'Museo Radio', 'San Fermo', 'Sighseeing']",Castelvecchio,strategy_nearest,False,0.002930879592895508,success
0449253A9C4C80,3,"['Arena', 'Castelvecchio']",Santa Anastasia,"['AMO', 'Museo Conte', 'Palazzo della Ragione', 'Teatro Romano', 'Centro Fotografia']",Torre Lamberti,strategy_nearest,False,0.003448009490966797,success
0449273A9C4C80,2,"['San Fermo', 'Torre Lamberti']",Santa Anastasia,"['AMO', 'Museo Conte', 'Palazzo della Ragione', 'Teatro Romano', 'Centro Fotografia']",Duomo,strategy_nearest,False,0.0023899078369140625,success
04492F3A9C4C80,3,"['Torre Lamberti', 'Teatro Romano', 'Duomo', 'Santa Anastasia']",Arena,"['Verona Tour', 'Museo Lapidario', 'Museo Radio', 'San Fermo', 'Casa Giulietta']",Casa Giulietta,strategy_nearest,True,0.0026559829711914062,success
04492F429C4C80,2,['Castelvecchio'],Torre Lamberti,"['Sighseeing', 'Centro Fotografia', 'Museo Conte', 'Casa Giulietta', 'Palazzo della Ragione']",Duomo,strategy_nearest,False,0.0032351016998291016,success
0449573A9C4C80,0,['Arena'],Teatro Romano,"['Santa Anastasia', 'Duomo', 'AMO', 'Palazzo della Ragione', 'Museo Conte']",Casa Giulietta,strategy_nearest,False,0.002585887908935547,success
044955429C4C80,1,"['Arena', 'Palazzo della Ragione']",Santa Anastasia,"['AMO', 'Museo Conte', 'Teatro Romano', 'Centro Fotografia', 'Duomo']",Duomo,strategy_nearest,True,0.0027201175689697266,success
044958429C4C80,0,"['Arena', 'Casa Giulietta']",San Fermo,"['Museo Storia', 'Museo Radio', 'Centro Fotografia', 'Sighseeing', 'Torre Lamberti']",Duomo,strategy_nearest,False,0.002931833267211914,success
044931429C4C80,2,['Castelvecchio'],Duomo,"['AMO', 'Museo Miniscalchi', 'Santa Anastasia', 'Teatro Romano', 'Palazzo della Ragione']",San Zeno,strategy_nearest,False,0.002605915069580078,success
044976429C4C80,0,['Castelvecchio'],Santa Anastasia,"['AMO', 'Museo Conte', 'Palazzo della Ragione', 'Teatro Romano', 'Centro Fotografia']",Arena,strategy_nearest,False,0.0027179718017578125,success
044965429C4C80,0,['Arena'],Duomo,"['AMO', 'Museo Miniscalchi', 'Santa Anastasia', 'Teatro Romano', 'Palazzo della Ragione']",Casa Giulietta,strategy_nearest,False,0.0019838809967041016,success
0449794A9C4C80,0,['Arena'],Castelvecchio,"['Museo Lapidario', 'Verona Tour', 'Museo Radio', 'San Zeno', 'Sighseeing']",Casa Giulietta,strategy_nearest,False,0.0026421546936035156,success
04497E3A9C4C80,3,"['Arena', 'Museo Lapidario', 'Castelvecchio', 'Duomo']",Santa Anastasia,"['AMO', 'Museo Conte', 'Palazzo della Ragione', 'Teatro Romano', 'Centro Fotografia']",Torre Lamberti,strategy_nearest,False,0.0032410621643066406,success
0449803A9C4C80,1,"['Arena', 'Casa Giulietta']",Torre Lamberti,"['Sighseeing', 'Centro Fotografia', 'Museo Conte', 'Palazzo della Ragione', 'AMO']",Palazzo della Ragione,strategy_nearest,True,0.002254962921142578,success
044992429C4C80,0,"['Castelvecchio', 'Arena']",Tomba Giulietta,"['San Fermo', 'Museo Storia', 'Museo Lapidario', 'Museo Radio', 'Verona Tour']",Casa Giulietta,strategy_nearest,False,0.0031938552856445312,success
04498E4A9C4C80,1,"['Arena', 'Casa Giulietta']",Torre Lamberti,"['Sighseeing', 'Centro Fotografia', 'Museo Conte', 'Palazzo della Ragione', 'AMO']",Palazzo della Ragione,strategy_nearest,True,0.0026187896728515625,success
0449944A9C4C80,3,['Arena'],Casa Giulietta,"['Centro Fotografia', 'Sighseeing', 'Torre Lamberti', 'Museo Conte', 'Museo Radio']",Santa Anastasia,strategy_nearest,False,0.0018928050994873047,success
04499D429C4C80,1,['Casa Giulietta'],Arena,"['Verona Tour', 'Museo Lapidario', 'Museo Radio', 'San Fermo', 'Sighseeing']",Torre Lamberti,strategy_nearest,False,0.0028579235076904297,success
0449A9429C4C80,2,['Castelvecchio'],Casa Giulietta,"['Centro Fotografia', 'Sighseeing', 'Torre Lamberti', 'Museo Conte', 'Museo Radio']",Palazzo della Ragione,strategy_nearest,False,0.002568960189819336,success
0449A54A9C4C80,3,['Arena'],Duomo,"['AMO', 'Museo Miniscalchi', 'Santa Anastasia', 'Teatro Romano', 'Palazzo della Ragione']",Santa Anastasia,strategy_nearest,True,0.0032901763916015625,success
0449A1429C4C80,1,"['Arena', 'Casa Giulietta']",Palazzo della Ragione,"['AMO', 'Museo Conte', 'Torre Lamberti', 'Centro Fotografia', 'Sighseeing']",Torre Lamberti,strategy_nearest,True,0.0020890235900878906,success
0449B13A9C4C80,1,"['Arena', 'Museo Lapidario']",Torre Lamberti,"['Sighseeing', 'Centro Fotografia', 'Museo Conte', 'Casa Giulietta', 'Palazzo della Ragione']",Palazzo della Ragione,strategy_nearest,True,0.0024518966674804688,success
0449AA4A9C4C80,3,"['Castelvecchio', 'Santa Anastasia']",Duomo,"['AMO', 'Museo Miniscalchi', 'Teatro Romano', 'Palazzo della Ragione', 'Museo Conte']",Teatro Romano,strategy_nearest,True,0.0026061534881591797,success
0449B43A9C4C80,0,"['Arena', 'Casa Giulietta']",Santa Anastasia,"['AMO', 'Museo Conte', 'Palazzo della Ragione', 'Teatro Romano', 'Centro Fotografia']",Tomba Giulietta,strategy_nearest,False,0.0033330917358398438,success
0449AF429C4C80,3,['Casa Giulietta'],Santa Anastasia,"['AMO', 'Museo Conte', 'Palazzo della Ragione', 'Teatro Romano', 'Centro Fotografia']",San Fermo,strategy_nearest,False,0.0019850730895996094,success
0449B9429C4C80,0,['Casa Giulietta'],Teatro Romano,"['Santa Anastasia', 'Duomo', 'AMO', 'Palazzo della Ragione', 'Museo Conte']",Duomo,strategy_nearest,True,0.0019788742065429688,success
0449BB3A9C4C80,1,"['Arena', 'Museo Lapidario', 'Castelvecchio', 'Santa Anastasia', 'Duomo']",Teatro Romano,"['AMO', 'Palazzo della Ragione', 'Museo Conte', 'Centro Fotografia', 'Museo Miniscalchi']",Palazzo della Ragione,strategy_nearest,True,0.001827239990234375,success
0449BA429C4C80,3,['Arena'],Casa Giulietta,"['Centro Fotografia', 'Sighseeing', 'Torre Lamberti', 'Museo Conte', 'Museo Radio']",Santa Anastasia,strategy_nearest,False,0.0031442642211914062,success
0449BD429C4C80,0,['Arena'],Torre Lamberti,"['Sighseeing', 'Centro Fotografia', 'Museo Conte', 'Casa Giulietta', 'Palazzo della Ragione']",Castelvecchio,strategy_nearest,False,0.0032041072845458984,success
0449C33A9C4C80,3,['Arena'],Torre Lamberti,"['Sighseeing', 'Centro Fotografia', 'Museo Conte', 'Casa Giulietta', 'Palazzo della Ragione']",Santa Anastasia,strategy_nearest,False,0.0019159317016601562,success
0449C2429C4C80,0,['Casa Giulietta'],San Zeno,"['Castelvecchio', 'Verona Tour', 'Museo Lapidario', 'Arena', 'Museo Miniscalchi']",Arena,strategy_nearest,True,0.003361940383911133,success
0449D33A9C4C80,2,"['Teatro Romano', 'Duomo', 'Santa Anastasia']",Palazzo della Ragione,"['AMO', 'Museo Conte', 'Torre Lamberti', 'Centro Fotografia', 'Sighseeing']",Torre Lamberti,strategy_nearest,True,0.0031280517578125,success
0449E3429C4C80,0,['Arena'],Teatro Romano,"['Santa Anastasia', 'Duomo', 'AMO', 'Palazzo della Ragione', 'Museo Conte']",Castelvecchio,strategy_nearest,False,0.002089262008666992,success
0449E73A9C4C80,2,"['Casa Giulietta', 'Palazzo della Ragione', 'Torre Lamberti']",Santa Anastasia,"['AMO', 'Museo Conte', 'Teatro Romano', 'Centro Fotografia', 'Duomo']",San Fermo,strategy_nearest,False,0.0027251243591308594,success
0449E93A9C4C80,0,"['Arena', 'Casa Giulietta']",Torre Lamberti,"['Sighseeing', 'Centro Fotografia', 'Museo Conte', 'Palazzo della Ragione', 'AMO']",Castelvecchio,strategy_nearest,False,0.003062725067138672,success
0449DF3A9C4C80,1,['Arena'],Torre Lamberti,"['Sighseeing', 'Centro Fotografia', 'Museo Conte', 'Casa Giulietta', 'Palazzo della Ragione']",Palazzo della Ragione,strategy_nearest,True,0.0025992393493652344,success
0449FE429C4C80,0,['Arena'],Museo Lapidario,"['Verona Tour', 'Castelvecchio', 'Museo Radio', 'San Fermo', 'Casa Giulietta']",Torre Lamberti,strategy_nearest,False,0.0031418800354003906,success
0449FB3A9C4C80,6,"['Arena', 'Casa Giulietta']",Torre Lamberti,"['Sighseeing', 'Centro Fotografia', 'Museo Conte', 'Palazzo della Ragione', 'AMO']",Verona Tour,strategy_nearest,False,0.002095937728881836,success
0449FD429C4C80,2,"['San Fermo', 'Casa Giulietta']",Santa Anastasia,"['AMO', 'Museo Conte', 'Palazzo della Ragione', 'Teatro Romano', 'Centro Fotografia']",Duomo,strategy_nearest,False,0.002090930938720703,success
0449EA3A9C4C80,3,"['Arena', 'Museo Lapidario']",Castelvecchio,"['Verona Tour', 'Museo Radio', 'San Zeno', 'Sighseeing', 'Museo Miniscalchi']",Duomo,strategy_nearest,False,0.0040209293365478516,success
044A24429C4C80,0,['Arena'],Casa Giulietta,"['Centro Fotografia', 'Sighseeing', 'Torre Lamberti', 'Museo Conte', 'Museo Radio']",Teatro Romano,strategy_nearest,False,0.002088785171508789,success
044A12429C4C84,1,['Arena'],Torre Lamberti,"['Sighseeing', 'Centro Fotografia', 'Museo Conte', 'Casa Giulietta', 'Palazzo della Ragione']",Palazzo della Ragione,strategy_nearest,True,0.0015342235565185547,success
044A0B429C4C84,2,['Castelvecchio'],San Zeno,"['Verona Tour', 'Museo Lapidario', 'Arena', 'Museo Miniscalchi', 'Sighseeing']",Duomo,strategy_nearest,False,0.0033218860626220703,success
044A0A429C4C84,3,"['Arena', 'Casa Giulietta']",Torre Lamberti,"['Sighseeing', 'Centro Fotografia', 'Museo Conte', 'Palazzo della Ragione', 'AMO']",Santa Anastasia,strategy_nearest,False,0.0027587413787841797,success
044A2D3A9C4C80,3,"['Arena', 'Casa Giulietta']",Santa Anastasia,"['AMO', 'Museo Conte', 'Palazzo della Ragione', 'Teatro Romano', 'Centro Fotografia']",Teatro Romano,strategy_nearest,True,0.0013036727905273438,success
044A2E3A9C4C80,1,"['Arena', 'Museo Lapidario', 'Castelvecchio']",Santa Anastasia,"['AMO', 'Museo Conte', 'Palazzo della Ragione', 'Teatro Romano', 'Centro Fotografia']",Palazzo della Ragione,strategy_nearest,True,0.002579212188720703,success
044A2C429C4C80,1,"['Arena', 'Torre Lamberti', 'Palazzo della Ragione', 'Casa Giulietta']",San Zeno,"['Castelvecchio', 'Verona Tour', 'Museo Lapidario', 'Museo Miniscalchi', 'Sighseeing']",Santa Anastasia,strategy_nearest,False,0.0021288394927978516,success
044A3A429C4C80,0,"['Casa Giulietta', 'Arena']",Castelvecchio,"['Museo Lapidario', 'Verona Tour', 'Museo Radio', 'San Zeno', 'Sighseeing']",San Fermo,strategy_nearest,False,0.003673076629638672,success
044A4A3A9C4C80,0,['Arena'],Casa Giulietta,"['Centro Fotografia', 'Sighseeing', 'Torre Lamberti', 'Museo Conte', 'Museo Radio']",Santa Anastasia,strategy_nearest,False,0.0016660690307617188,success
044A573A9C4C80,3,"['Casa Giulietta', 'Torre Lamberti', 'Arena']",Teatro Romano,"['Santa Anastasia', 'Duomo', 'AMO', 'Palazzo della Ragione', 'Museo Conte']",Santa Anastasia,strategy_nearest,True,0.0026140213012695312,success
044A583A9C4C80,0,['Arena'],Casa Giulietta,"['Centro Fotografia', 'Sighseeing', 'Torre Lamberti', 'Museo Conte', 'Museo Radio']",Duomo,strategy_nearest,False,0.0028657913208007812,success
044A67429C4C80,0,['Arena'],Casa Giulietta,"['Centro Fotografia', 'Sighseeing', 'Torre Lamberti', 'Museo Conte', 'Museo Radio']",Teatro Romano,strategy_nearest,False,0.0033600330352783203,success
044A58429C4C80,0,['Arena'],Casa Giulietta,"['Centro Fotografia', 'Sighseeing', 'Torre Lamberti', 'Museo Conte', 'Museo Radio']",San Fermo,strategy_nearest,False,0.002126932144165039,success
044A74429C4C80,0,['Arena'],San Fermo,"['Museo Storia', 'Museo Radio', 'Casa Giulietta', 'Centro Fotografia', 'Sighseeing']",Casa Giulietta,strategy_nearest,True,0.002460956573486328,success
044A763A9C4C80,3,['Casa Giulietta'],Santa Anastasia,"['AMO', 'Museo Conte', 'Palazzo della Ragione', 'Teatro Romano', 'Centro Fotografia']",Duomo,strategy_nearest,False,0.0029420852661132812,success
044A7C4A9C4C80,0,['Arena'],San Fermo,"['Museo Storia', 'Museo Radio', 'Casa Giulietta', 'Centro Fotografia', 'Sighseeing']",Casa Giulietta,strategy_nearest,True,0.0022809505462646484,success
044A7F3A9C4C80,0,['Arena'],Casa Giulietta,"['Centro Fotografia', 'Sighseeing', 'Torre Lamberti', 'Museo Conte', 'Museo Radio']",Santa Anastasia,strategy_nearest,False,0.003509998321533203,success
044A7F4A9C4C80,3,"['Casa Giulietta', 'Tomba Giulietta', 'Castelvecchio']",San Zeno,"['Verona Tour', 'Museo Lapidario', 'Arena', 'Museo Miniscalchi', 'Sighseeing']",Santa Anastasia,strategy_nearest,False,0.003161191940307617,success
044A8B3A9C4C80,3,"['Arena', 'Casa Giulietta']",Teatro Romano,"['Santa Anastasia', 'Duomo', 'AMO', 'Palazzo della Ragione', 'Museo Conte']",Santa Anastasia,strategy_nearest,True,0.002332925796508789,success
044A934A9C4C80,1,"['Arena', 'Casa Giulietta', 'Torre Lamberti']",Palazzo della Ragione,"['AMO', 'Museo Conte', 'Centro Fotografia', 'Sighseeing', 'Santa Anastasia']",Santa Anastasia,strategy_nearest,True,0.0018169879913330078,success
044A924A9C4C80,3,"['Castelvecchio', 'Arena']",Torre Lamberti,"['Sighseeing', 'Centro Fotografia', 'Museo Conte', 'Casa Giulietta', 'Palazzo della Ragione']",Casa Giulietta,strategy_nearest,True,0.0041120052337646484,success
044A98429C4C80,1,"['Arena', 'Museo Lapidario']",Castelvecchio,"['Verona Tour', 'Museo Radio', 'San Zeno', 'Sighseeing', 'Museo Miniscalchi']",Casa Giulietta,strategy_nearest,False,0.002972841262817383,success
044A96429C4C80,3,"['Torre Lamberti', 'Casa Giulietta', 'Santa Anastasia']",Arena,"['Verona Tour', 'Museo Lapidario', 'Museo Radio', 'San Fermo', 'Sighseeing']",Museo Lapidario,strategy_nearest,True,0.0033757686614990234,success
044A99429C4C80,3,['San Fermo'],Casa Giulietta,"['Centro Fotografia', 'Sighseeing', 'Torre Lamberti', 'Museo Conte', 'Museo Radio']",Santa Anastasia,strategy_nearest,False,0.0022792816162109375,success
044A9C429C4C80,3,"['Santa Anastasia', 'Torre Lamberti']",Casa Giulietta,"['Centro Fotografia', 'Sighseeing', 'Museo Conte', 'Museo Radio', 'Palazzo della Ragione']",Arena,strategy_nearest,False,0.003255128860473633,success
044AA63A9C4C80,1,"['Castelvecchio', 'San Zeno', 'Casa Giulietta']",Torre Lamberti,"['Sighseeing', 'Centro Fotografia', 'Museo Conte', 'Palazzo della Ragione', 'AMO']",Palazzo della Ragione,strategy_nearest,True,0.00321197509765625,success
044A9F429C4C80,0,['Tomba Giulietta'],Arena,"['Verona Tour', 'Museo Lapidario', 'Museo Radio', 'San Fermo', 'Casa Giulietta']",Casa Giulietta,strategy_nearest,True,0.0027587413787841797,success
044AA84A9C4C80,3,['Arena'],Santa Anastasia,"['AMO', 'Museo Conte', 'Palazzo della Ragione', 'Teatro Romano', 'Centro Fotografia']",Duomo,strategy_nearest,False,0.0019290447235107422,success
044AA64A9C4C80,0,"['Arena', 'Museo Lapidario']",Torre Lamberti,"['Sighseeing', 'Centro Fotografia', 'Museo Conte', 'Casa Giulietta', 'Palazzo della Ragione']",Casa Giulietta,strategy_nearest,True,0.0034470558166503906,success
044AA93A9C4C80,0,['Museo Lapidario'],Arena,"['Verona Tour', 'Museo Radio', 'San Fermo', 'Casa Giulietta', 'Sighseeing']",Casa Giulietta,strategy_nearest,True,0.0034949779510498047,success
044AAB3A9C4C80,0,"['Arena', 'Casa Giulietta']",Teatro Romano,"['Santa Anastasia', 'Duomo', 'AMO', 'Palazzo della Ragione', 'Museo Conte']",Giardino Giusti,strategy_nearest,False,0.0027980804443359375,success
044AAD429C4C80,0,['Arena'],Casa Giulietta,"['Centro Fotografia', 'Sighseeing', 'Torre Lamberti', 'Museo Conte', 'Museo Radio']",Castelvecchio,strategy_nearest,False,0.002605915069580078,success
044AB0429C4C80,0,['Arena'],Castelvecchio,"['Museo Lapidario', 'Verona Tour', 'Museo Radio', 'San Zeno', 'Sighseeing']",Casa Giulietta,strategy_nearest,False,0.0022020339965820312,success
044ABA3A9C4C80,0,['Arena'],Casa Giulietta,"['Centro Fotografia', 'Sighseeing', 'Torre Lamberti', 'Museo Conte', 'Museo Radio']",Torre Lamberti,strategy_nearest,True,0.0028107166290283203,success
044ABE3A9C4C80,0,['Arena'],Santa Anastasia,"['AMO', 'Museo Conte', 'Palazzo della Ragione', 'Teatro Romano', 'Centro Fotografia']",Casa Giulietta,strategy_nearest,False,0.0029680728912353516,success
044ABF3A9C4C80,0,['Arena'],Casa Giulietta,"['Centro Fotografia', 'Sighseeing', 'Torre Lamberti', 'Museo Conte', 'Museo Radio']",Casa Giulietta,strategy_nearest,False,0.0029408931732177734,success
044AC63A9C4C80,3,"['Arena', 'Torre Lamberti']",Casa Giulietta,"['Centro Fotografia', 'Sighseeing', 'Museo Conte', 'Museo Radio', 'Palazzo della Ragione']",Santa Anastasia,strategy_nearest,False,0.0018267631530761719,success
044AC2429C4C80,0,['Arena'],Torre Lamberti,"['Sighseeing', 'Centro Fotografia', 'Museo Conte', 'Casa Giulietta', 'Palazzo della Ragione']",Casa Giulietta,strategy_nearest,True,0.0026319026947021484,success
044ACE3A9C4C80,1,"['Arena', 'Casa Giulietta']",Torre Lamberti,"['Sighseeing', 'Centro Fotografia', 'Museo Conte', 'Palazzo della Ragione', 'AMO']",Palazzo della Ragione,strategy_nearest,True,0.003353118896484375,success
044AD83A9C4C80,2,['Castelvecchio'],Casa Giulietta,"['Centro Fotografia', 'Sighseeing', 'Torre Lamberti', 'Museo Conte', 'Museo Radio']",Santa Anastasia,strategy_nearest,False,0.0024061203002929688,success
044ACE429C4C80,3,"['Casa Giulietta', 'Torre Lamberti', 'Arena']",Castelvecchio,"['Museo Lapidario', 'Verona Tour', 'Museo Radio', 'San Zeno', 'Sighseeing']",Teatro Romano,strategy_nearest,False,0.003237009048461914,success
044AE9429C4C80,2,"['Duomo', 'Castelvecchio']",San Zeno,"['Verona Tour', 'Museo Lapidario', 'Arena', 'Museo Miniscalchi', 'Sighseeing']",San Fermo,strategy_nearest,False,0.0034332275390625,success
044AFD429C4C80,2,"['Teatro Romano', 'Castelvecchio']",Casa Giulietta,"['Centro Fotografia', 'Sighseeing', 'Torre Lamberti', 'Museo Conte', 'Museo Radio']",Torre Lamberti,strategy_nearest,True,0.003177165985107422,success
044AFF429C4C80,1,"['Castelvecchio', 'San Zeno', 'Palazzo della Ragione']",Santa Anastasia,"['AMO', 'Museo Conte', 'Teatro Romano', 'Centro Fotografia', 'Duomo']",Duomo,strategy_nearest,True,0.0027251243591308594,success
044B00429C4C84,2,"['Castelvecchio', 'Tomba Giulietta']",San Fermo,"['Museo Storia', 'Museo Radio', 'Casa Giulietta', 'Centro Fotografia', 'Arena']",Casa Giulietta,strategy_nearest,True,0.0031065940856933594,success
044B033A9C4C84,3,['Arena'],Casa Giulietta,"['Centro Fotografia', 'Sighseeing', 'Torre Lamberti', 'Museo Conte', 'Museo Radio']",Santa Anastasia,strategy_nearest,False,0.0023696422576904297,success
044B0A429C4C84,3,"['Arena', 'Castelvecchio', 'San Zeno']",Duomo,"['AMO', 'Museo Miniscalchi', 'Santa Anastasia', 'Teatro Romano', 'Palazzo della Ragione']",Santa Anastasia,strategy_nearest,True,0.003326892852783203,success
044B10429C4C84,2,"['Palazzo della Ragione', 'Torre Lamberti']",Duomo,"['AMO', 'Museo Miniscalchi', 'Santa Anastasia', 'Teatro Romano', 'Museo Conte']",Santa Anastasia,strategy_nearest,True,0.0024328231811523438,success
044B213A9C4C80,1,"['Arena', 'Casa Giulietta']",Palazzo della Ragione,"['AMO', 'Museo Conte', 'Torre Lamberti', 'Centro Fotografia', 'Sighseeing']",Torre Lamberti,strategy_nearest,True,0.002480030059814453,success
044B1F3A9C4C80,4,['Museo Lapidario'],Museo Radio,"['Casa Giulietta', 'San Fermo', 'Arena', 'Sighseeing', 'Torre Lamberti']",Tomba Giulietta,strategy_nearest,False,0.004077911376953125,success
044B2E3A9C4C80,0,['Castelvecchio'],Arena,"['Verona Tour', 'Museo Lapidario', 'Museo Radio', 'San Fermo', 'Casa Giulietta']",Casa Giulietta,strategy_nearest,True,0.002643108367919922,success
044B2F4A9C4C80,0,['Arena'],Giardino Giusti,"['Santa Anastasia', 'Teatro Romano', 'Museo Conte', 'Centro Fotografia', 'Museo Storia']",Teatro Romano,strategy_nearest,True,0.0025010108947753906,success
044B264A9C4C80,4,"['Arena', 'Torre Lamberti', 'Santa Anastasia']",Duomo,"['AMO', 'Museo Miniscalchi', 'Teatro Romano', 'Palazzo della Ragione', 'Museo Conte']",Casa Giulietta,strategy_nearest,False,0.004105091094970703,success
044B3D4A9C4C80,3,"['Arena', 'Casa Giulietta']",Santa Anastasia,"['AMO', 'Museo Conte', 'Palazzo della Ragione', 'Teatro Romano', 'Centro Fotografia']",Duomo,strategy_nearest,False,0.0030438899993896484,success
044B3F3A9C4C80,0,['Santa Anastasia'],Arena,"['Verona Tour', 'Museo Lapidario', 'Museo Radio', 'San Fermo', 'Casa Giulietta']",Castelvecchio,strategy_nearest,False,0.002574920654296875,success
044B423A9C4C80,3,"['Teatro Romano', 'Torre Lamberti', 'Tomba Giulietta', 'Casa Giulietta']",Santa Anastasia,"['AMO', 'Museo Conte', 'Palazzo della Ragione', 'Centro Fotografia', 'Duomo']",Duomo,strategy_nearest,True,0.0022220611572265625,success
044B41429C4C80,3,['Castelvecchio'],Santa Anastasia,"['AMO', 'Museo Conte', 'Palazzo della Ragione', 'Teatro Romano', 'Centro Fotografia']",Arena,strategy_nearest,False,0.0039691925048828125,success
044B3F429C4C80,3,"['Arena', 'Castelvecchio']",Santa Anastasia,"['AMO', 'Museo Conte', 'Palazzo della Ragione', 'Teatro Romano', 'Centro Fotografia']",Duomo,strategy_nearest,False,0.0025141239166259766,success
044B45429C4C80,3,"['Arena', 'Casa Giulietta']",Santa Anastasia,"['AMO', 'Museo Conte', 'Palazzo della Ragione', 'Teatro Romano', 'Centro Fotografia']",Duomo,strategy_nearest,False,0.0025310516357421875,success
044B54429C4C80,2,"['San Fermo', 'Tomba Giulietta']",Torre Lamberti,"['Sighseeing', 'Centro Fotografia', 'Museo Conte', 'Casa Giulietta', 'Palazzo della Ragione']",Casa Giulietta,strategy_nearest,True,0.0026459693908691406,success
044B453A9C4C80,3,"['Casa Giulietta', 'Torre Lamberti']",Santa Anastasia,"['AMO', 'Museo Conte', 'Palazzo della Ragione', 'Teatro Romano', 'Centro Fotografia']",Duomo,strategy_nearest,False,0.0024330615997314453,success
044B513A9C4C80,0,['Arena'],Casa Giulietta,"['Centro Fotografia', 'Sighseeing', 'Torre Lamberti', 'Museo Conte', 'Museo Radio']",Castelvecchio,strategy_nearest,False,0.0037109851837158203,success
044B55429C4C80,1,['Arena'],Casa Giulietta,"['Centro Fotografia', 'Sighseeing', 'Torre Lamberti', 'Museo Conte', 'Museo Radio']",Palazzo della Ragione,strategy_nearest,False,0.0023810863494873047,success
044B58429C4C80,1,"['Arena', 'Casa Giulietta']",Torre Lamberti,"['Sighseeing', 'Centro Fotografia', 'Museo Conte', 'Palazzo della Ragione', 'AMO']",Palazzo della Ragione,strategy_nearest,True,0.002432107925415039,success
044B6C429C4C80,1,"['Arena', 'Casa Giulietta', 'Torre Lamberti']",Palazzo della Ragione,"['AMO', 'Museo Conte', 'Centro Fotografia', 'Sighseeing', 'Santa Anastasia']",Santa Anastasia,strategy_nearest,True,0.003009796142578125,success
044B7B4A9C4C80,2,['Casa Giulietta'],Torre Lamberti,"['Sighseeing', 'Centro Fotografia', 'Museo Conte', 'Palazzo della Ragione', 'AMO']",Castelvecchio,strategy_nearest,False,0.002602100372314453,success
044B7F429C4C80,0,['Arena'],Castelvecchio,"['Museo Lapidario', 'Verona Tour', 'Museo Radio', 'San Zeno', 'Sighseeing']",Casa Giulietta,strategy_nearest,False,0.003052949905395508,success
044B7C429C4C80,0,['Arena'],Casa Giulietta,"['Centro Fotografia', 'Sighseeing', 'Torre Lamberti', 'Museo Conte', 'Museo Radio']",Santa Anastasia,strategy_nearest,False,0.0032498836517333984,success
044B82429C4C80,3,"['Torre Lamberti', 'Santa Anastasia', 'Duomo']",Casa Giulietta,"['Centro Fotografia', 'Sighseeing', 'Museo Conte', 'Museo Radio', 'Palazzo della Ragione']",San Fermo,strategy_nearest,False,0.003008127212524414,success
044B834A9C4C80,0,['Arena'],Casa Giulietta,"['Centro Fotografia', 'Sighseeing', 'Torre Lamberti', 'Museo Conte', 'Museo Radio']",Torre Lamberti,strategy_nearest,True,0.0017042160034179688,success
044B84429C4C80,1,"['Casa Giulietta', 'Torre Lamberti', 'Palazzo della Ragione']",Arena,"['Verona Tour', 'Museo Lapidario', 'Museo Radio', 'San Fermo', 'Sighseeing']",San Fermo,strategy_nearest,True,0.0034198760986328125,success
044B854A9C4C80,3,"['Arena', 'Casa Giulietta']",Torre Lamberti,"['Sighseeing', 'Centro Fotografia', 'Museo Conte', 'Palazzo della Ragione', 'AMO']",Santa Anastasia,strategy_nearest,False,0.0025949478149414062,success
044B874A9C4C80,0,['Arena'],Duomo,"['AMO', 'Museo Miniscalchi', 'Santa Anastasia', 'Teatro Romano', 'Palazzo della Ragione']",Teatro Romano,strategy_nearest,True,0.0030939579010009766,success
044B94429C4C80,0,['Casa Giulietta'],Arena,"['Verona Tour', 'Museo Lapidario', 'Museo Radio', 'San Fermo', 'Sighseeing']",Torre Lamberti,strategy_nearest,False,0.002760171890258789,success
044B90429C4C80,0,['Arena'],Castelvecchio,"['Museo Lapidario', 'Verona Tour', 'Museo Radio', 'San Zeno', 'Sighseeing']",Casa Giulietta,strategy_nearest,False,0.00396275520324707,success
044B98429C4C80,2,"['Tomba Giulietta', 'Casa Giulietta']",Santa Anastasia,"['AMO', 'Museo Conte', 'Palazzo della Ragione', 'Teatro Romano', 'Centro Fotografia']",Duomo,strategy_nearest,False,0.0014767646789550781,success
044B9C429C4C80,3,"['Arena', 'Torre Lamberti']",Santa Anastasia,"['AMO', 'Museo Conte', 'Palazzo della Ragione', 'Teatro Romano', 'Centro Fotografia']",Duomo,strategy_nearest,False,0.0033321380615234375,success
044B9F4A9C4C80,0,['Arena'],Casa Giulietta,"['Centro Fotografia', 'Sighseeing', 'Torre Lamberti', 'Museo Conte', 'Museo Radio']",Castelvecchio,strategy_nearest,False,0.0026950836181640625,success
044BA1429C4C80,0,['Arena'],Torre Lamberti,"['Sighseeing', 'Centro Fotografia', 'Museo Conte', 'Casa Giulietta', 'Palazzo della Ragione']",Casa Giulietta,strategy_nearest,True,0.0025980472564697266,success
044B9D429C4C80,3,"['Duomo', 'Torre Lamberti', 'Santa Anastasia']",Teatro Romano,"['AMO', 'Palazzo della Ragione', 'Museo Conte', 'Centro Fotografia', 'Museo Miniscalchi']",Casa Giulietta,strategy_nearest,False,0.0019788742065429688,success
044BA73A9C4C80,2,['Castelvecchio'],Casa Giulietta,"['Centro Fotografia', 'Sighseeing', 'Torre Lamberti', 'Museo Conte', 'Museo Radio']",Teatro Romano,strategy_nearest,False,0.0033559799194335938,success
044BA74A9C4C80,1,['Arena'],Casa Giulietta,"['Centro Fotografia', 'Sighseeing', 'Torre Lamberti', 'Museo Conte', 'Museo Radio']",Palazzo della Ragione,strategy_nearest,False,0.002328157424926758,success
044BA8429C4C80,0,['Arena'],Tomba Giulietta,"['San Fermo', 'Museo Storia', 'Museo Lapidario', 'Museo Radio', 'Verona Tour']",Casa Giulietta,strategy_nearest,False,0.002598285675048828,success
044BB3429C4C80,3,['Arena'],Casa Giulietta,"['Centro Fotografia', 'Sighseeing', 'Torre Lamberti', 'Museo Conte', 'Museo Radio']",Santa Anastasia,strategy_nearest,False,0.0032799243927001953,success
044BAA4A9C4C80,3,"['Duomo', 'Santa Anastasia']",Torre Lamberti,"['Sighseeing', 'Centro Fotografia', 'Museo Conte', 'Casa Giulietta', 'Palazzo della Ragione']",Casa Giulietta,strategy_nearest,True,0.003426074981689453,success
044BCC3A9C4C80,1,"['Arena', 'Casa Giulietta', 'Duomo', 'Santa Anastasia']",Tomba Giulietta,"['San Fermo', 'Museo Storia', 'Museo Lapidario', 'Museo Radio', 'Verona Tour']",San Fermo,strategy_nearest,True,0.0017087459564208984,success
044BB8429C4C80,1,"['Teatro Romano', 'Casa Giulietta', 'Palazzo della Ragione', 'Torre Lamberti']",Arena,"['Verona Tour', 'Museo Lapidario', 'Museo Radio', 'San Fermo', 'Sighseeing']",San Fermo,strategy_nearest,True,0.0030410289764404297,success
044BE83A9C4C80,0,['Torre Lamberti'],Casa Giulietta,"['Centro Fotografia', 'Sighseeing', 'Museo Conte', 'Museo Radio', 'Palazzo della Ragione']",Arena,strategy_nearest,False,0.0024750232696533203,success
044BBE429C4C80,0,"['Arena', 'Casa Giulietta']",Torre Lamberti,"['Sighseeing', 'Centro Fotografia', 'Museo Conte', 'Palazzo della Ragione', 'AMO']",Castelvecchio,strategy_nearest,False,0.003780841827392578,success
044BF8429C4C80,0,['Arena'],Casa Giulietta,"['Centro Fotografia', 'Sighseeing', 'Torre Lamberti', 'Museo Conte', 'Museo Radio']",Castelvecchio,strategy_nearest,False,0.0027740001678466797,success
044C11429C4C84,2,"['Santa Anastasia', 'Duomo']",San Zeno,"['Castelvecchio', 'Verona Tour', 'Museo Lapidario', 'Arena', 'Museo Miniscalchi']",Torre Lamberti,strategy_nearest,False,0.002557992935180664,success
044BFB429C4C80,3,"['Castelvecchio', 'Santa Anastasia']",Duomo,"['AMO', 'Museo Miniscalchi', 'Teatro Romano', 'Palazzo della Ragione', 'Museo Conte']",Casa Giulietta,strategy_nearest,False,0.0021398067474365234,success
044C06429C4C84,4,"['Arena', 'Casa Giulietta', 'Torre Lamberti', 'Palazzo della Ragione', 'Teatro Romano']",Duomo,"['AMO', 'Museo Miniscalchi', 'Santa Anastasia', 'Museo Conte', 'Centro Fotografia']",Tomba Giulietta,strategy_nearest,False,0.0033910274505615234,success
044C15429C4C84,1,"['Arena', 'Museo Lapidario', 'Castelvecchio', 'Torre Lamberti']",Palazzo della Ragione,"['AMO', 'Museo Conte', 'Centro Fotografia', 'Sighseeing', 'Santa Anastasia']",Teatro Romano,strategy_nearest,False,0.002743959426879883,success
044C2B3A9C4C80,1,"['Casa Giulietta', 'Arena', 'Torre Lamberti', 'Palazzo della Ragione', 'Santa Anastasia']",Duomo,"['AMO', 'Museo Miniscalchi', 'Teatro Romano', 'Museo Conte', 'Centro Fotografia']",Teatro Romano,strategy_nearest,True,0.0025899410247802734,success
044C16429C4C84,3,"['Arena', 'Casa Giulietta']",Santa Anastasia,"['AMO', 'Museo Conte', 'Palazzo della Ragione', 'Teatro Romano', 'Centro Fotografia']",Duomo,strategy_nearest,False,0.0020918846130371094,success
044C283A9C4C80,3,"['Arena', 'Casa Giulietta']",Torre Lamberti,"['Sighseeing', 'Centro Fotografia', 'Museo Conte', 'Palazzo della Ragione', 'AMO']",Santa Anastasia,strategy_nearest,False,0.0033092498779296875,success
044C3C429C4C80,0,"['Arena', 'Casa Giulietta']",Duomo,"['AMO', 'Museo Miniscalchi', 'Santa Anastasia', 'Teatro Romano', 'Palazzo della Ragione']",Tomba Giulietta,strategy_nearest,False,0.0026712417602539062,success
044C2C3A9C4C80,2,['Castelvecchio'],Torre Lamberti,"['Sighseeing', 'Centro Fotografia', 'Museo Conte', 'Casa Giulietta', 'Palazzo della Ragione']",Casa Giulietta,strategy_nearest,True,0.0021996498107910156,success
044C384A9C4C80,1,"['Arena', 'Castelvecchio', 'Teatro Romano']",Casa Giulietta,"['Centro Fotografia', 'Sighseeing', 'Torre Lamberti', 'Museo Conte', 'Museo Radio']",Torre Lamberti,strategy_nearest,True,0.003940105438232422,success
044C3D3A9C4C80,3,"['Casa Giulietta', 'Santa Anastasia', 'Castelvecchio']",San Zeno,"['Verona Tour', 'Museo Lapidario', 'Arena', 'Museo Miniscalchi', 'Sighseeing']",Arena,strategy_nearest,True,0.001958131790161133,success
044C3F3A9C4C80,0,['Arena'],Teatro Romano,"['Santa Anastasia', 'Duomo', 'AMO', 'Palazzo della Ragione', 'Museo Conte']",Casa Giulietta,strategy_nearest,False,0.0009851455688476562,success
044C46429C4C80,3,"['Castelvecchio', 'Casa Giulietta']",San Fermo,"['Museo Storia', 'Museo Radio', 'Centro Fotografia', 'Arena', 'Sighseeing']",Santa Anastasia,strategy_nearest,False,0.0026979446411132812,success
044C433A9C4C80,0,['Arena'],Arena,"['Verona Tour', 'Museo Lapidario', 'Museo Radio', 'San Fermo', 'Casa Giulietta']",Castelvecchio,strategy_nearest,False,0.002170085906982422,success
044C473A9C4C80,0,['Casa Giulietta'],Arena,"['Verona Tour', 'Museo Lapidario', 'Museo Radio', 'San Fermo', 'Sighseeing']",Torre Lamberti,strategy_nearest,False,0.0032591819763183594,success
044C4C429C4C80,2,"['Castelvecchio', 'San Zeno', 'Santa Anastasia']",Torre Lamberti,"['Sighseeing', 'Centro Fotografia', 'Museo Conte', 'Casa Giulietta', 'Palazzo della Ragione']",Duomo,strategy_nearest,False,0.00333404541015625,success
044C52429C4C80,0,['Arena'],Casa Giulietta,"['Centro Fotografia', 'Sighseeing', 'Torre Lamberti', 'Museo Conte', 'Museo Radio']",Tomba Giulietta,strategy_nearest,False,0.0027921199798583984,success
044C5A429C4C80,0,['Arena'],Casa Giulietta,"['Centro Fotografia', 'Sighseeing', 'Torre Lamberti', 'Museo Conte', 'Museo Radio']",Tomba Giulietta,strategy_nearest,False,0.002927064895629883,success
044C51429C4C80,3,['Santa Anastasia'],Arena,"['Verona Tour', 'Museo Lapidario', 'Museo Radio', 'San Fermo', 'Casa Giulietta']",Teatro Romano,strategy_nearest,False,0.002763032913208008,success
044C5C3A9C4C80,1,"['Arena', 'Torre Lamberti', 'Santa Anastasia', 'Duomo', 'Teatro Romano']",San Fermo,"['Museo Storia', 'Museo Radio', 'Casa Giulietta', 'Centro Fotografia', 'Sighseeing']",Museo Lapidario,strategy_nearest,False,0.0039708614349365234,success
044C67429C4C80,2,['Castelvecchio'],Casa Giulietta,"['Centro Fotografia', 'Sighseeing', 'Torre Lamberti', 'Museo Conte', 'Museo Radio']",Palazzo della Ragione,strategy_nearest,False,0.002674102783203125,success
044C6A429C4C80,2,['Casa Giulietta'],Torre Lamberti,"['Sighseeing', 'Centro Fotografia', 'Museo Conte', 'Palazzo della Ragione', 'AMO']",Castelvecchio,strategy_nearest,False,0.0032918453216552734,success
044C5E429C4C80,2,['Torre Lamberti'],Palazzo della Ragione,"['AMO', 'Museo Conte', 'Centro Fotografia', 'Sighseeing', 'Santa Anastasia']",Casa Giulietta,strategy_nearest,False,0.0019230842590332031,success
044C71429C4C80,3,"['Arena', 'Castelvecchio']",Casa Giulietta,"['Centro Fotografia', 'Sighseeing', 'Torre Lamberti', 'Museo Conte', 'Museo Radio']",Santa Anastasia,strategy_nearest,False,0.002724170684814453,success
044C70429C4C80,0,"['Tomba Giulietta', 'Arena']",Casa Giulietta,"['Centro Fotografia', 'Sighseeing', 'Torre Lamberti', 'Museo Conte', 'Museo Radio']",Torre Lamberti,strategy_nearest,True,0.001840829849243164,success
044C73429C4C80,3,"['Arena', 'San Zeno']",Santa Anastasia,"['AMO', 'Museo Conte', 'Palazzo della Ragione', 'Teatro Romano', 'Centro Fotografia']",Duomo,strategy_nearest,False,0.003376007080078125,success
044C753A9C4C80,2,['Casa Giulietta'],San Fermo,"['Museo Storia', 'Museo Radio', 'Centro Fotografia', 'Arena', 'Sighseeing']",Tomba Giulietta,strategy_nearest,False,0.002683877944946289,success
044C834A9C4C80,3,['Santa Anastasia'],Duomo,"['AMO', 'Museo Miniscalchi', 'Teatro Romano', 'Palazzo della Ragione', 'Museo Conte']",Arena,strategy_nearest,False,0.0030241012573242188,success
044C824A9C4C80,3,"['Arena', 'Santa Anastasia']",Duomo,"['AMO', 'Museo Miniscalchi', 'Teatro Romano', 'Palazzo della Ragione', 'Museo Conte']",Torre Lamberti,strategy_nearest,False,0.0024466514587402344,success
044C8F4A9C4C80,0,['Arena'],Casa Giulietta,"['Centro Fotografia', 'Sighseeing', 'Torre Lamberti', 'Museo Conte', 'Museo Radio']",Torre Lamberti,strategy_nearest,True,0.0027861595153808594,success
044C85429C4C80,1,"['Casa Giulietta', 'Torre Lamberti']",Palazzo della Ragione,"['AMO', 'Museo Conte', 'Centro Fotografia', 'Sighseeing', 'Santa Anastasia']",Santa Anastasia,strategy_nearest,True,0.0031518936157226562,success
044C91429C4C80,3,"['San Zeno', 'Castelvecchio', 'Arena', 'Casa Giulietta']",San Fermo,"['Museo Storia', 'Museo Radio', 'Centro Fotografia', 'Sighseeing', 'Torre Lamberti']",Torre Lamberti,strategy_nearest,True,0.0028679370880126953,success
044C86429C4C80,0,['Arena'],Torre Lamberti,"['Sighseeing', 'Centro Fotografia', 'Museo Conte', 'Casa Giulietta', 'Palazzo della Ragione']",Casa Giulietta,strategy_nearest,True,0.003531932830810547,success
044C924A9C4C80,1,"['Arena', 'Casa Giulietta']",Castelvecchio,"['Museo Lapidario', 'Verona Tour', 'Museo Radio', 'San Zeno', 'Sighseeing']",Torre Lamberti,strategy_nearest,False,0.0016019344329833984,success
044C914A9C4C80,1,"['Arena', 'Casa Giulietta']",Palazzo della Ragione,"['AMO', 'Museo Conte', 'Torre Lamberti', 'Centro Fotografia', 'Sighseeing']",Torre Lamberti,strategy_nearest,True,0.002813100814819336,success
044C944A9C4C80,3,"['Arena', 'Torre Lamberti']",Casa Giulietta,"['Centro Fotografia', 'Sighseeing', 'Museo Conte', 'Museo Radio', 'Palazzo della Ragione']",Santa Anastasia,strategy_nearest,False,0.0026559829711914062,success
044C95429C4C80,3,['Arena'],Torre Lamberti,"['Sighseeing', 'Centro Fotografia', 'Museo Conte', 'Casa Giulietta', 'Palazzo della Ragione']",Duomo,strategy_nearest,False,0.003181934356689453,success
044C9D429C4C80,2,"['Castelvecchio', 'San Zeno', 'Casa Giulietta']",San Fermo,"['Museo Storia', 'Museo Radio', 'Centro Fotografia', 'Arena', 'Sighseeing']",Torre Lamberti,strategy_nearest,False,0.0016279220581054688,success
044C97429C4C80,0,"['Teatro Romano', 'Torre Lamberti']",Casa Giulietta,"['Centro Fotografia', 'Sighseeing', 'Museo Conte', 'Museo Radio', 'Palazzo della Ragione']",Arena,strategy_nearest,False,0.0024471282958984375,success
044C9C429C4C80,3,"['Arena', 'San Fermo', 'Santa Anastasia']",Duomo,"['AMO', 'Museo Miniscalchi', 'Teatro Romano', 'Palazzo della Ragione', 'Museo Conte']",Casa Giulietta,strategy_nearest,False,0.0030090808868408203,success
044C9F429C4C80,1,"['Casa Giulietta', 'Arena']",Torre Lamberti,"['Sighseeing', 'Centro Fotografia', 'Museo Conte', 'Palazzo della Ragione', 'AMO']",Palazzo della Ragione,strategy_nearest,True,0.0037450790405273438,success
044CA1429C4C80,1,"['Arena', 'Casa Giulietta']",Palazzo della Ragione,"['AMO', 'Museo Conte', 'Torre Lamberti', 'Centro Fotografia', 'Sighseeing']",Torre Lamberti,strategy_nearest,True,0.002112150192260742,success
044CA2429C4C80,3,"['Castelvecchio', 'Casa Giulietta', 'Arena']",Santa Anastasia,"['AMO', 'Museo Conte', 'Palazzo della Ragione', 'Teatro Romano', 'Centro Fotografia']",Duomo,strategy_nearest,False,0.003495931625366211,success
044CA44A9C4C80,0,['Arena'],Teatro Romano,"['Santa Anastasia', 'Duomo', 'AMO', 'Palazzo della Ragione', 'Museo Conte']",Torre Lamberti,strategy_nearest,False,0.002814769744873047,success
044CA83A9C4C80,1,"['Arena', 'Casa Giulietta']",Palazzo della Ragione,"['AMO', 'Museo Conte', 'Torre Lamberti', 'Centro Fotografia', 'Sighseeing']",Torre Lamberti,strategy_nearest,True,0.0034182071685791016,success
044CAD429C4C80,0,"['Duomo', 'Giardino Giusti']",Castelvecchio,"['Museo Lapidario', 'Verona Tour', 'Arena', 'Museo Radio', 'San Zeno']",Arena,strategy_nearest,True,0.0019960403442382812,success
044CA94A9C4C80,2,"['Duomo', 'Santa Anastasia']",Torre Lamberti,"['Sighseeing', 'Centro Fotografia', 'Museo Conte', 'Casa Giulietta', 'Palazzo della Ragione']",Casa Giulietta,strategy_nearest,True,0.0026319026947021484,success
044CB53A9C4C80,0,['Arena'],Casa Giulietta,"['Centro Fotografia', 'Sighseeing', 'Torre Lamberti', 'Museo Conte', 'Museo Radio']",Torre Lamberti,strategy_nearest,True,0.0025649070739746094,success
044CB7429C4C80,3,"['Arena', 'Casa Giulietta']",Santa Anastasia,"['AMO', 'Museo Conte', 'Palazzo della Ragione', 'Teatro Romano', 'Centro Fotografia']",Duomo,strategy_nearest,False,0.002792835235595703,success
044CB83A9C4C80,0,['Arena'],Casa Giulietta,"['Centro Fotografia', 'Sighseeing', 'Torre Lamberti', 'Museo Conte', 'Museo Radio']",Torre Lamberti,strategy_nearest,True,0.0024619102478027344,success
044CBF3A9C4C80,0,"['Arena', 'Casa Giulietta']",Torre Lamberti,"['Sighseeing', 'Centro Fotografia', 'Museo Conte', 'Palazzo della Ragione', 'AMO']",Duomo,strategy_nearest,False,0.0024499893188476562,success
044CC23A9C4C80,3,"['Castelvecchio', 'Casa Giulietta']",Arena,"['Verona Tour', 'Museo Lapidario', 'Museo Radio', 'San Fermo', 'Sighseeing']",Santa Anastasia,strategy_nearest,False,0.0025250911712646484,success
044CBF429C4C80,2,['Casa Giulietta'],Giardino Giusti,"['Santa Anastasia', 'Teatro Romano', 'Museo Conte', 'Centro Fotografia', 'Museo Storia']",Teatro Romano,strategy_nearest,True,0.0035109519958496094,success
044CD73A9C4C80,0,['Arena'],Torre Lamberti,"['Sighseeing', 'Centro Fotografia', 'Museo Conte', 'Casa Giulietta', 'Palazzo della Ragione']",Castelvecchio,strategy_nearest,False,0.0025992393493652344,success
044CC5429C4C80,0,['Arena'],Casa Giulietta,"['Centro Fotografia', 'Sighseeing', 'Torre Lamberti', 'Museo Conte', 'Museo Radio']",Tomba Giulietta,strategy_nearest,False,0.003638029098510742,success
044CE7429C4C80,3,"['Castelvecchio', 'Casa Giulietta']",Santa Anastasia,"['AMO', 'Museo Conte', 'Palazzo della Ragione', 'Teatro Romano', 'Centro Fotografia']",Torre Lamberti,strategy_nearest,False,0.0033071041107177734,success
044D0A429C4C84,2,['Castelvecchio'],Palazzo della Ragione,"['AMO', 'Museo Conte', 'Torre Lamberti', 'Centro Fotografia', 'Sighseeing']",Santa Anastasia,strategy_nearest,False,0.0020148754119873047,success
044CF6429C4C80,1,"['Tomba Giulietta', 'Casa Giulietta', 'Torre Lamberti']",Santa Anastasia,"['AMO', 'Museo Conte', 'Palazzo della Ragione', 'Teatro Romano', 'Centro Fotografia']",Arena,strategy_nearest,False,0.0034210681915283203,success
044CF3429C4C80,1,"['Arena', 'San Fermo', 'Casa Giulietta', 'Torre Lamberti', 'Teatro Romano']",Palazzo della Ragione,"['AMO', 'Museo Conte', 'Centro Fotografia', 'Sighseeing', 'Santa Anastasia']",Santa Anastasia,strategy_nearest,True,0.002101898193359375,success
044D11429C4C84,1,"['Arena', 'Torre Lamberti']",Palazzo della Ragione,"['AMO', 'Museo Conte', 'Centro Fotografia', 'Sighseeing', 'Santa Anastasia']",Casa Giulietta,strategy_nearest,False,0.0032677650451660156,success
044D163A9C4C84,1,"['Castelvecchio', 'Arena', 'Museo Lapidario', 'Casa Giulietta']",Torre Lamberti,"['Sighseeing', 'Centro Fotografia', 'Museo Conte', 'Palazzo della Ragione', 'AMO']",Palazzo della Ragione,strategy_nearest,True,0.0021979808807373047,success
044D17429C4C84,1,"['Arena', 'Museo Lapidario', 'Castelvecchio', 'Torre Lamberti']",Palazzo della Ragione,"['AMO', 'Museo Conte', 'Centro Fotografia', 'Sighseeing', 'Santa Anastasia']",Teatro Romano,strategy_nearest,False,0.001958131790161133,success
044D23429C4C80,0,"['Castelvecchio', 'Teatro Romano']",Casa Giulietta,"['Centro Fotografia', 'Sighseeing', 'Torre Lamberti', 'Museo Conte', 'Museo Radio']",Torre Lamberti,strategy_nearest,True,0.002359151840209961,success
044D223A9C4C80,3,"['Castelvecchio', 'Arena']",Torre Lamberti,"['Sighseeing', 'Centro Fotografia', 'Museo Conte', 'Casa Giulietta', 'Palazzo della Ragione']",Santa Anastasia,strategy_nearest,False,0.0026459693908691406,success
044D25429C4C80,0,['Casa Giulietta'],Arena,"['Verona Tour', 'Museo Lapidario', 'Museo Radio', 'San Fermo', 'Sighseeing']",Castelvecchio,strategy_nearest,False,0.0034041404724121094,success
044D2A3A9C4C80,3,"['Arena', 'Casa Giulietta', 'Torre Lamberti']",Santa Anastasia,"['AMO', 'Museo Conte', 'Palazzo della Ragione', 'Teatro Romano', 'Centro Fotografia']",San Fermo,strategy_nearest,False,0.003023862838745117,success
044D3D3A9C4C80,0,['Arena'],Teatro Romano,"['Santa Anastasia', 'Duomo', 'AMO', 'Palazzo della Ragione', 'Museo Conte']",Duomo,strategy_nearest,True,0.0026040077209472656,success
044D473A9C4C80,3,"['Santa Anastasia', 'Arena']",Castelvecchio,"['Museo Lapidario', 'Verona Tour', 'Museo Radio', 'San Zeno', 'Sighseeing']",San Zeno,strategy_nearest,True,0.0031020641326904297,success
044D6B429C4C80,0,['Arena'],Santa Anastasia,"['AMO', 'Museo Conte', 'Palazzo della Ragione', 'Teatro Romano', 'Centro Fotografia']",Castelvecchio,strategy_nearest,False,0.002490997314453125,success
044D623A9C4C80,1,"['Arena', 'Palazzo della Ragione']",Duomo,"['AMO', 'Museo Miniscalchi', 'Santa Anastasia', 'Teatro Romano', 'Museo Conte']",Teatro Romano,strategy_nearest,True,0.0028448104858398438,success
044D6A429C4C80,3,"['Arena', 'Casa Giulietta']",Santa Anastasia,"['AMO', 'Museo Conte', 'Palazzo della Ragione', 'Teatro Romano', 'Centro Fotografia']",Teatro Romano,strategy_nearest,True,0.004085063934326172,success
044D703A9C4C80,3,"['Arena', 'Castelvecchio']",San Zeno,"['Verona Tour', 'Museo Lapidario', 'Museo Miniscalchi', 'Sighseeing', 'Museo Radio']",Casa Giulietta,strategy_nearest,False,0.0031659603118896484,success
044D7E429C4C80,2,"['Palazzo della Ragione', 'Torre Lamberti']",Casa Giulietta,"['Centro Fotografia', 'Sighseeing', 'Museo Conte', 'Museo Radio', 'San Fermo']",Teatro Romano,strategy_nearest,False,0.0021429061889648438,success
044D834A9C4C80,0,"['Santa Anastasia', 'Arena']",Tomba Giulietta,"['San Fermo', 'Museo Storia', 'Museo Lapidario', 'Museo Radio', 'Verona Tour']",Casa Giulietta,strategy_nearest,False,0.0025582313537597656,success
044D75429C4C80,0,['Arena'],Castelvecchio,"['Museo Lapidario', 'Verona Tour', 'Museo Radio', 'San Zeno', 'Sighseeing']",Torre Lamberti,strategy_nearest,False,0.0028018951416015625,success
044D824A9C4C80,0,['Arena'],San Zeno,"['Castelvecchio', 'Verona Tour', 'Museo Lapidario', 'Museo Miniscalchi', 'Sighseeing']",Castelvecchio,strategy_nearest,True,0.0034360885620117188,success
044D844A9C4C80,0,['Arena'],Casa Giulietta,"['Centro Fotografia', 'Sighseeing', 'Torre Lamberti', 'Museo Conte', 'Museo Radio']",Torre Lamberti,strategy_nearest,True,0.0026259422302246094,success
044D85429C4C80,1,"['Casa Giulietta', 'Torre Lamberti', 'Palazzo della Ragione']",San Fermo,"['Museo Storia', 'Museo Radio', 'Centro Fotografia', 'Arena', 'Sighseeing']",Tomba Giulietta,strategy_nearest,False,0.0020148754119873047,success
044D95429C4C80,0,['Arena'],Casa Giulietta,"['Centro Fotografia', 'Sighseeing', 'Torre Lamberti', 'Museo Conte', 'Museo Radio']",Castelvecchio,strategy_nearest,False,0.0032949447631835938,success
044D96429C4C80,3,['Duomo'],Santa Anastasia,"['AMO', 'Museo Conte', 'Palazzo della Ragione', 'Teatro Romano', 'Centro Fotografia']",Casa Giulietta,strategy_nearest,False,0.0032892227172851562,success
044DAA3A9C4C80,0,['Arena'],Casa Giulietta,"['Centro Fotografia', 'Sighseeing', 'Torre Lamberti', 'Museo Conte', 'Museo Radio']",Castelvecchio,strategy_nearest,False,0.003253936767578125,success
044DA64A9C4C80,2,"['Teatro Romano', 'Giardino Giusti']",San Zeno,"['Castelvecchio', 'Verona Tour', 'Museo Lapidario', 'Arena', 'Museo Miniscalchi']",Castelvecchio,strategy_nearest,True,0.0027217864990234375,success
044D9D429C4C80,3,"['Duomo', 'Santa Anastasia']",Castelvecchio,"['Museo Lapidario', 'Verona Tour', 'Arena', 'Museo Radio', 'San Zeno']",Arena,strategy_nearest,True,0.002021312713623047,success
044DAE429C4C80,3,['Arena'],Casa Giulietta,"['Centro Fotografia', 'Sighseeing', 'Torre Lamberti', 'Museo Conte', 'Museo Radio']",Santa Anastasia,strategy_nearest,False,0.003304004669189453,success
044DB03A9C4C80,3,"['Torre Lamberti', 'Santa Anastasia']",Teatro Romano,"['Duomo', 'AMO', 'Palazzo della Ragione', 'Museo Conte', 'Centro Fotografia']",Arena,strategy_nearest,False,0.0032889842987060547,success
044DB1429C4C80,0,['Castelvecchio'],Torre Lamberti,"['Sighseeing', 'Centro Fotografia', 'Museo Conte', 'Casa Giulietta', 'Palazzo della Ragione']",San Fermo,strategy_nearest,False,0.0017290115356445312,success
044DAF429C4C80,0,['Arena'],Casa Giulietta,"['Centro Fotografia', 'Sighseeing', 'Torre Lamberti', 'Museo Conte', 'Museo Radio']",Santa Anastasia,strategy_nearest,False,0.0016241073608398438,success
044DD63A9C4C80,2,['Castelvecchio'],Giardino Giusti,"['Santa Anastasia', 'Teatro Romano', 'Museo Conte', 'Centro Fotografia', 'Museo Storia']",Santa Anastasia,strategy_nearest,True,0.0018758773803710938,success
044DD93A9C4C80,1,"['Castelvecchio', 'Arena', 'Torre Lamberti', 'Palazzo della Ragione']",Casa Giulietta,"['Centro Fotografia', 'Sighseeing', 'Museo Conte', 'Museo Radio', 'San Fermo']",San Fermo,strategy_nearest,True,0.0025298595428466797,success
044DB2429C4C80,3,['Arena'],Torre Lamberti,"['Sighseeing', 'Centro Fotografia', 'Museo Conte', 'Casa Giulietta', 'Palazzo della Ragione']",Santa Anastasia,strategy_nearest,False,0.002835988998413086,success
044DF83A9C4C80,2,['Castelvecchio'],San Zeno,"['Verona Tour', 'Museo Lapidario', 'Arena', 'Museo Miniscalchi', 'Sighseeing']",Torre Lamberti,strategy_nearest,False,0.0032613277435302734,success
044DFC3A9C4C80,1,"['Arena', 'Casa Giulietta']",Torre Lamberti,"['Sighseeing', 'Centro Fotografia', 'Museo Conte', 'Palazzo della Ragione', 'AMO']",Palazzo della Ragione,strategy_nearest,True,0.0026290416717529297,success
044E09429C4C84,0,"['Casa Giulietta', 'Teatro Romano']",Arena,"['Verona Tour', 'Museo Lapidario', 'Museo Radio', 'San Fermo', 'Sighseeing']",Castelvecchio,strategy_nearest,False,0.0026209354400634766,success
044E13429C4C84,0,['Castelvecchio'],Arena,"['Verona Tour', 'Museo Lapidario', 'Museo Radio', 'San Fermo', 'Casa Giulietta']",Casa Giulietta,strategy_nearest,True,0.003359079360961914,success
044E1D429C4C80,0,['Arena'],Casa Giulietta,"['Centro Fotografia', 'Sighseeing', 'Torre Lamberti', 'Museo Conte', 'Museo Radio']",Duomo,strategy_nearest,False,0.002979755401611328,success
044E243A9C4C80,3,"['Santa Anastasia', 'Casa Giulietta']",San Fermo,"['Museo Storia', 'Museo Radio', 'Centro Fotografia', 'Arena', 'Sighseeing']",Arena,strategy_nearest,True,0.002655029296875,success
044E3A4A9C4C80,2,"['Castelvecchio', 'Torre Lamberti', 'Palazzo della Ragione']",Tomba Giulietta,"['San Fermo', 'Museo Storia', 'Arena', 'Museo Lapidario', 'Museo Radio']",San Zeno,strategy_nearest,False,0.002653837203979492,success
044E3C429C4C80,3,"['Arena', 'Casa Giulietta']",Santa Anastasia,"['AMO', 'Museo Conte', 'Palazzo della Ragione', 'Teatro Romano', 'Centro Fotografia']",Torre Lamberti,strategy_nearest,False,0.0030820369720458984,success
044E2E4A9C4C80,0,['Arena'],Giardino Giusti,"['Santa Anastasia', 'Teatro Romano', 'Museo Conte', 'Centro Fotografia', 'Museo Storia']",Teatro Romano,strategy_nearest,True,0.0034139156341552734,success
044E6A429C4C80,2,"['San Zeno', 'Santa Anastasia']",Duomo,"['AMO', 'Museo Miniscalchi', 'Teatro Romano', 'Palazzo della Ragione', 'Museo Conte']",Torre Lamberti,strategy_nearest,False,0.0013298988342285156,success
044E4D429C4C80,1,"['Arena', 'Casa Giulietta', 'Palazzo della Ragione']",Torre Lamberti,"['Sighseeing', 'Centro Fotografia', 'Museo Conte', 'AMO', 'Museo Miniscalchi']",Museo Storia,strategy_nearest,False,0.0031957626342773438,success
044E5E429C4C80,0,['Arena'],San Fermo,"['Museo Storia', 'Museo Radio', 'Casa Giulietta', 'Centro Fotografia', 'Sighseeing']",Casa Giulietta,strategy_nearest,True,0.001956939697265625,success
044E6B429C4C80,0,['Arena'],Torre Lamberti,"['Sighseeing', 'Centro Fotografia', 'Museo Conte', 'Casa Giulietta', 'Palazzo della Ragione']",Casa Giulietta,strategy_nearest,True,0.003313779830932617,success
044E753A9C4C80,2,['Castelvecchio'],Duomo,"['AMO', 'Museo Miniscalchi', 'Santa Anastasia', 'Teatro Romano', 'Palazzo della Ragione']",Santa Anastasia,strategy_nearest,True,0.0026330947875976562,success
044E7F3A9C4C80,0,['Arena'],Casa Giulietta,"['Centro Fotografia', 'Sighseeing', 'Torre Lamberti', 'Museo Conte', 'Museo Radio']",Santa Anastasia,strategy_nearest,False,0.0012938976287841797,success
044E723A9C4C80,3,['Arena'],Casa Giulietta,"['Centro Fotografia', 'Sighseeing', 'Torre Lamberti', 'Museo Conte', 'Museo Radio']",Santa Anastasia,strategy_nearest,False,0.003242969512939453,success
044E834A9C4C80,0,['Arena'],Teatro Romano,"['Santa Anastasia', 'Duomo', 'AMO', 'Palazzo della Ragione', 'Museo Conte']",Castelvecchio,strategy_nearest,False,0.003301858901977539,success
044E853A9C4C80,3,['Torre Lamberti'],Arena,"['Verona Tour', 'Museo Lapidario', 'Museo Radio', 'San Fermo', 'Casa Giulietta']",Santa Anastasia,strategy_nearest,False,0.0017790794372558594,success
044E8D4A9C4C80,1,"['Arena', 'Casa Giulietta']",Torre Lamberti,"['Sighseeing', 'Centro Fotografia', 'Museo Conte', 'Palazzo della Ragione', 'AMO']",Palazzo della Ragione,strategy_nearest,True,0.002668142318725586,success
044E924A9C4C80,3,['Arena'],Santa Anastasia,"['AMO', 'Museo Conte', 'Palazzo della Ragione', 'Teatro Romano', 'Centro Fotografia']",Duomo,strategy_nearest,False,0.0026540756225585938,success
044E99429C4C80,0,['Arena'],Castelvecchio,"['Museo Lapidario', 'Verona Tour', 'Museo Radio', 'San Zeno', 'Sighseeing']",San Zeno,strategy_nearest,True,0.0031800270080566406,success
044E9F429C4C80,3,"['Arena', 'Casa Giulietta']",Santa Anastasia,"['AMO', 'Museo Conte', 'Palazzo della Ragione', 'Teatro Romano', 'Centro Fotografia']",Duomo,strategy_nearest,False,0.0024466514587402344,success
044E9B429C4C80,3,['Arena'],Santa Anastasia,"['AMO', 'Museo Conte', 'Palazzo della Ragione', 'Teatro Romano', 'Centro Fotografia']",Torre Lamberti,strategy_nearest,False,0.004563093185424805,success
044E9D429C4C80,2,['Tomba Giulietta'],Casa Giulietta,"['Centro Fotografia', 'Sighseeing', 'Torre Lamberti', 'Museo Conte', 'Museo Radio']",Castelvecchio,strategy_nearest,False,0.001882791519165039,success
044EAB4A9C4C80,1,['Arena'],Castelvecchio,"['Museo Lapidario', 'Verona Tour', 'Museo Radio', 'San Zeno', 'Sighseeing']",Casa Giulietta,strategy_nearest,False,0.0027010440826416016,success
044EA2429C4C80,0,['Arena'],Casa Giulietta,"['Centro Fotografia', 'Sighseeing', 'Torre Lamberti', 'Museo Conte', 'Museo Radio']",Santa Anastasia,strategy_nearest,False,0.002658843994140625,success
044EA4429C4C80,1,['Arena'],Palazzo della Ragione,"['AMO', 'Museo Conte', 'Torre Lamberti', 'Centro Fotografia', 'Sighseeing']",Torre Lamberti,strategy_nearest,True,0.002017974853515625,success
044EB6429C4C80,0,['Casa Giulietta'],Arena,"['Verona Tour', 'Museo Lapidario', 'Museo Radio', 'San Fermo', 'Sighseeing']",Castelvecchio,strategy_nearest,False,0.0032372474670410156,success
044EC3429C4C80,0,['Tomba Giulietta'],Casa Giulietta,"['Centro Fotografia', 'Sighseeing', 'Torre Lamberti', 'Museo Conte', 'Museo Radio']",Arena,strategy_nearest,False,0.0026988983154296875,success
044EB73A9C4C80,0,['Arena'],Castelvecchio,"['Museo Lapidario', 'Verona Tour', 'Museo Radio', 'San Zeno', 'Sighseeing']",Casa Giulietta,strategy_nearest,False,0.0021979808807373047,success
044EBB3A9C4C80,1,['Arena'],Castelvecchio,"['Museo Lapidario', 'Verona Tour', 'Museo Radio', 'San Zeno', 'Sighseeing']",San Zeno,strategy_nearest,True,0.002147197723388672,success
044EBA429C4C80,2,['Santa Anastasia'],Teatro Romano,"['Duomo', 'AMO', 'Palazzo della Ragione', 'Museo Conte', 'Centro Fotografia']",Casa Giulietta,strategy_nearest,False,0.003951072692871094,success
044EC43A9C4C80,3,"['Arena', 'Casa Giulietta']",Torre Lamberti,"['Sighseeing', 'Centro Fotografia', 'Museo Conte', 'Palazzo della Ragione', 'AMO']",Santa Anastasia,strategy_nearest,False,0.0011951923370361328,success
044EC53A9C4C80,0,['Arena'],Castelvecchio,"['Museo Lapidario', 'Verona Tour', 'Museo Radio', 'San Zeno', 'Sighseeing']",Casa Giulietta,strategy_nearest,False,0.002050161361694336,success
044ED03A9C4C80,2,"['Castelvecchio', 'Casa Giulietta']",San Fermo,"['Museo Storia', 'Museo Radio', 'Centro Fotografia', 'Arena', 'Sighseeing']",Santa Anastasia,strategy_nearest,False,0.0026710033416748047,success
044ED43A9C4C80,0,"['Santa Anastasia', 'Arena']",Castelvecchio,"['Museo Lapidario', 'Verona Tour', 'Museo Radio', 'San Zeno', 'Sighseeing']",Casa Giulietta,strategy_nearest,False,0.003258228302001953,success
044ED83A9C4C80,2,['Tomba Giulietta'],Castelvecchio,"['Museo Lapidario', 'Verona Tour', 'Arena', 'Museo Radio', 'San Zeno']",Palazzo della Ragione,strategy_nearest,False,0.0022530555725097656,success
044EE43A9C4C80,2,['San Zeno'],Castelvecchio,"['Museo Lapidario', 'Verona Tour', 'Arena', 'Museo Radio', 'Sighseeing']",Teatro Romano,strategy_nearest,False,0.0025048255920410156,success
044EE3429C4C80,0,"['Arena', 'Casa Giulietta']",Teatro Romano,"['Santa Anastasia', 'Duomo', 'AMO', 'Palazzo della Ragione', 'Museo Conte']",Castelvecchio,strategy_nearest,False,0.0019071102142333984,success
044EE13A9C4C80,2,"['San Zeno', 'Castelvecchio', 'San Fermo']",Casa Giulietta,"['Centro Fotografia', 'Sighseeing', 'Torre Lamberti', 'Museo Conte', 'Museo Radio']",Torre Lamberti,strategy_nearest,True,0.003919839859008789,success
044EEF3A9C4C80,1,"['Arena', 'Castelvecchio']",Santa Anastasia,"['AMO', 'Museo Conte', 'Palazzo della Ragione', 'Teatro Romano', 'Centro Fotografia']",Torre Lamberti,strategy_nearest,False,0.0018799304962158203,success
044EE83A9C4C80,1,"['Arena', 'Casa Giulietta', 'Torre Lamberti', 'Palazzo della Ragione']",Santa Anastasia,"['AMO', 'Museo Conte', 'Teatro Romano', 'Centro Fotografia', 'Duomo']",Duomo,strategy_nearest,True,0.002421140670776367,success
044EED429C4C80,1,"['Palazzo della Ragione', 'Torre Lamberti', 'San Fermo', 'Castelvecchio']",Arena,"['Verona Tour', 'Museo Lapidario', 'Museo Radio', 'Casa Giulietta', 'Sighseeing']",San Zeno,strategy_nearest,False,0.003354310989379883,success
044F013A9C4C84,0,"['Castelvecchio', 'Arena']",Casa Giulietta,"['Centro Fotografia', 'Sighseeing', 'Torre Lamberti', 'Museo Conte', 'Museo Radio']",Teatro Romano,strategy_nearest,False,0.0026750564575195312,success
044F11429C4C84,1,['Arena'],Palazzo della Ragione,"['AMO', 'Museo Conte', 'Torre Lamberti', 'Centro Fotografia', 'Sighseeing']",Torre Lamberti,strategy_nearest,True,0.0022020339965820312,success
044F183A9C4C84,0,['Castelvecchio'],Arena,"['Verona Tour', 'Museo Lapidario', 'Museo Radio', 'San Fermo', 'Casa Giulietta']",Casa Giulietta,strategy_nearest,True,0.0026738643646240234,success
044F12429C4C84,1,"['Arena', 'Casa Giulietta']",Torre Lamberti,"['Sighseeing', 'Centro Fotografia', 'Museo Conte', 'Palazzo della Ragione', 'AMO']",Palazzo della Ragione,strategy_nearest,True,0.0020880699157714844,success
044F17429C4C84,3,"['Arena', 'Casa Giulietta']",Santa Anastasia,"['AMO', 'Museo Conte', 'Palazzo della Ragione', 'Teatro Romano', 'Centro Fotografia']",Duomo,strategy_nearest,False,0.0032949447631835938,success
044F264A9C4C80,1,"['Tomba Giulietta', 'Torre Lamberti', 'Palazzo della Ragione']",Teatro Romano,"['Santa Anastasia', 'Duomo', 'AMO', 'Museo Conte', 'Centro Fotografia']",Duomo,strategy_nearest,True,0.0026748180389404297,success
044F2E429C4C80,3,"['Casa Giulietta', 'Torre Lamberti']",Santa Anastasia,"['AMO', 'Museo Conte', 'Palazzo della Ragione', 'Teatro Romano', 'Centro Fotografia']",Duomo,strategy_nearest,False,0.0020630359649658203,success
044F1A429C4C84,0,['Arena'],Torre Lamberti,"['Sighseeing', 'Centro Fotografia', 'Museo Conte', 'Casa Giulietta', 'Palazzo della Ragione']",San Zeno,strategy_nearest,False,0.0028939247131347656,success
044F323A9C4C80,1,"['Arena', 'Castelvecchio', 'San Zeno', 'Tomba Giulietta']",San Fermo,"['Museo Storia', 'Museo Radio', 'Casa Giulietta', 'Centro Fotografia', 'Sighseeing']",Torre Lamberti,strategy_nearest,False,0.003275156021118164,success
044F32429C4C80,3,"['Arena', 'Casa Giulietta']",Casa Giulietta,"['Centro Fotografia', 'Sighseeing', 'Torre Lamberti', 'Museo Conte', 'Museo Radio']",Santa Anastasia,strategy_nearest,False,0.0019681453704833984,success
044F353A9C4C80,3,"['Arena', 'Casa Giulietta']",Torre Lamberti,"['Sighseeing', 'Centro Fotografia', 'Museo Conte', 'Palazzo della Ragione', 'AMO']",Santa Anastasia,strategy_nearest,False,0.002585887908935547,success
044F373A9C4C80,0,"['Casa Giulietta', 'Torre Lamberti']",Castelvecchio,"['Museo Lapidario', 'Verona Tour', 'Arena', 'Museo Radio', 'San Zeno']",Arena,strategy_nearest,True,0.0027608871459960938,success
044F453A9C4C80,0,['Arena'],Torre Lamberti,"['Sighseeing', 'Centro Fotografia', 'Museo Conte', 'Casa Giulietta', 'Palazzo della Ragione']",Casa Giulietta,strategy_nearest,True,0.001873016357421875,success
044F3F429C4C80,2,['Castelvecchio'],Museo Lapidario,"['Verona Tour', 'Arena', 'Museo Radio', 'San Fermo', 'Casa Giulietta']",Tomba Giulietta,strategy_nearest,False,0.003982067108154297,success
044F57429C4C80,1,['Arena'],Casa Giulietta,"['Centro Fotografia', 'Sighseeing', 'Torre Lamberti', 'Museo Conte', 'Museo Radio']",Torre Lamberti,strategy_nearest,True,0.0032091140747070312,success
044F5B429C4C80,0,"['Arena', 'Museo Lapidario']",Duomo,"['AMO', 'Museo Miniscalchi', 'Santa Anastasia', 'Teatro Romano', 'Palazzo della Ragione']",Teatro Romano,strategy_nearest,True,0.002994060516357422,success
044F5E429C4C80,2,['San Zeno'],Santa Anastasia,"['AMO', 'Museo Conte', 'Palazzo della Ragione', 'Teatro Romano', 'Centro Fotografia']",Duomo,strategy_nearest,False,0.0027709007263183594,success
044F6E3A9C4C80,3,"['San Fermo', 'Casa Giulietta', 'Santa Anastasia']",Arena,"['Verona Tour', 'Museo Lapidario', 'Museo Radio', 'Sighseeing', 'Castelvecchio']",Castelvecchio,strategy_nearest,True,0.0026941299438476562,success
044F72429C4C80,2,"['Castelvecchio', 'Casa Giulietta']",San Fermo,"['Museo Storia', 'Museo Radio', 'Centro Fotografia', 'Arena', 'Sighseeing']",Santa Anastasia,strategy_nearest,False,0.0034742355346679688,success
044F6B429C4C80,3,['Arena'],Santa Anastasia,"['AMO', 'Museo Conte', 'Palazzo della Ragione', 'Teatro Romano', 'Centro Fotografia']",Teatro Romano,strategy_nearest,True,0.0044019222259521484,success
044F7F3A9C4C80,1,['Arena'],Casa Giulietta,"['Centro Fotografia', 'Sighseeing', 'Torre Lamberti', 'Museo Conte', 'Museo Radio']",Palazzo della Ragione,strategy_nearest,False,0.0025801658630371094,success
044F85429C4C80,2,['Castelvecchio'],Teatro Romano,"['Santa Anastasia', 'Duomo', 'AMO', 'Palazzo della Ragione', 'Museo Conte']",Duomo,strategy_nearest,True,0.0023932456970214844,success
044F8C4A9C4C80,3,"['Arena', 'Torre Lamberti']",Santa Anastasia,"['AMO', 'Museo Conte', 'Palazzo della Ragione', 'Teatro Romano', 'Centro Fotografia']",Casa Giulietta,strategy_nearest,False,0.0020589828491210938,success
044F873A9C4C80,3,['Torre Lamberti'],Arena,"['Verona Tour', 'Museo Lapidario', 'Museo Radio', 'San Fermo', 'Casa Giulietta']",Santa Anastasia,strategy_nearest,False,0.0033881664276123047,success
044F92429C4C80,1,"['Arena', 'Casa Giulietta', 'Palazzo della Ragione']",Torre Lamberti,"['Sighseeing', 'Centro Fotografia', 'Museo Conte', 'AMO', 'Museo Miniscalchi']",Santa Anastasia,strategy_nearest,False,0.0031223297119140625,success
044F8D4A9C4C80,3,"['Arena', 'Casa Giulietta', 'San Fermo']",Teatro Romano,"['Santa Anastasia', 'Duomo', 'AMO', 'Palazzo della Ragione', 'Museo Conte']",Duomo,strategy_nearest,True,0.002557039260864258,success
044F9B429C4C80,1,['Arena'],Torre Lamberti,"['Sighseeing', 'Centro Fotografia', 'Museo Conte', 'Casa Giulietta', 'Palazzo della Ragione']",Palazzo della Ragione,strategy_nearest,True,0.002089977264404297,success
044F99429C4C80,0,['Arena'],Torre Lamberti,"['Sighseeing', 'Centro Fotografia', 'Museo Conte', 'Casa Giulietta', 'Palazzo della Ragione']",Casa Giulietta,strategy_nearest,True,0.0032930374145507812,success
044FA44A9C4C80,0,['Arena'],Casa Giulietta,"['Centro Fotografia', 'Sighseeing', 'Torre Lamberti', 'Museo Conte', 'Museo Radio']",Torre Lamberti,strategy_nearest,True,0.0025479793548583984,success
044F9D429C4C80,3,"['Arena', 'Casa Giulietta']",Torre Lamberti,"['Sighseeing', 'Centro Fotografia', 'Museo Conte', 'Palazzo della Ragione', 'AMO']",Santa Anastasia,strategy_nearest,False,0.002585887908935547,success
044FA63A9C4C80,0,"['Arena', 'Castelvecchio']",Torre Lamberti,"['Sighseeing', 'Centro Fotografia', 'Museo Conte', 'Casa Giulietta', 'Palazzo della Ragione']",Casa Giulietta,strategy_nearest,True,0.003103017807006836,success
044FB4429C4C80,2,['Teatro Romano'],Castelvecchio,"['Museo Lapidario', 'Verona Tour', 'Arena', 'Museo Radio', 'San Zeno']",Torre Lamberti,strategy_nearest,False,0.003075122833251953,success
044FB6429C4C80,0,['Casa Giulietta'],Duomo,"['AMO', 'Museo Miniscalchi', 'Santa Anastasia', 'Teatro Romano', 'Palazzo della Ragione']",Torre Lamberti,strategy_nearest,False,0.003345966339111328,success
044FB73A9C4C80,0,['Arena'],Casa Giulietta,"['Centro Fotografia', 'Sighseeing', 'Torre Lamberti', 'Museo Conte', 'Museo Radio']",Santa Anastasia,strategy_nearest,False,0.0021157264709472656,success
044FB9429C4C80,0,['Casa Giulietta'],Tomba Giulietta,"['San Fermo', 'Museo Storia', 'Arena', 'Museo Lapidario', 'Museo Radio']",Arena,strategy_nearest,True,0.0033309459686279297,success
044FCC3A9C4C80,3,"['Arena', 'Castelvecchio']",Torre Lamberti,"['Sighseeing', 'Centro Fotografia', 'Museo Conte', 'Casa Giulietta', 'Palazzo della Ragione']",Santa Anastasia,strategy_nearest,False,0.0020439624786376953,success
044FBF429C4C80,0,['Arena'],Casa Giulietta,"['Centro Fotografia', 'Sighseeing', 'Torre Lamberti', 'Museo Conte', 'Museo Radio']",Duomo,strategy_nearest,False,0.0021369457244873047,success
044FBA429C4C80,0,['Arena'],Casa Giulietta,"['Centro Fotografia', 'Sighseeing', 'Torre Lamberti', 'Museo Conte', 'Museo Radio']",Santa Anastasia,strategy_nearest,False,0.0036690235137939453,success
044FCD3A9C4C80,0,['Arena'],Casa Giulietta,"['Centro Fotografia', 'Sighseeing', 'Torre Lamberti', 'Museo Conte', 'Museo Radio']",Torre Lamberti,strategy_nearest,True,0.0034379959106445312,success
044FD43A9C4C80,1,"['Palazzo della Ragione', 'Torre Lamberti', 'Casa Giulietta']",Teatro Romano,"['Santa Anastasia', 'Duomo', 'AMO', 'Museo Conte', 'Centro Fotografia']",Arena,strategy_nearest,False,0.0021581649780273438,success
044FD83A9C4C80,1,['Arena'],Casa Giulietta,"['Centro Fotografia', 'Sighseeing', 'Torre Lamberti', 'Museo Conte', 'Museo Radio']",Torre Lamberti,strategy_nearest,True,0.0026731491088867188,success
044FD03A9C4C80,2,['Casa Giulietta'],Tomba Giulietta,"['San Fermo', 'Museo Storia', 'Arena', 'Museo Lapidario', 'Museo Radio']",Palazzo della Ragione,strategy_nearest,False,0.0021600723266601562,success
044FDD429C4C80,0,"['Arena', 'Casa Giulietta']",Teatro Romano,"['Santa Anastasia', 'Duomo', 'AMO', 'Palazzo della Ragione', 'Museo Conte']",Torre Lamberti,strategy_nearest,False,0.003268003463745117,success
044FF3429C4C80,0,['Casa Giulietta'],Arena,"['Verona Tour', 'Museo Lapidario', 'Museo Radio', 'San Fermo', 'Sighseeing']",Duomo,strategy_nearest,False,0.002201080322265625,success
044FE93A9C4C80,1,"['Arena', 'Casa Giulietta']",Palazzo della Ragione,"['AMO', 'Museo Conte', 'Torre Lamberti', 'Centro Fotografia', 'Sighseeing']",Torre Lamberti,strategy_nearest,True,0.0028581619262695312,success
044FED3A9C4C80,2,['Torre Lamberti'],Casa Giulietta,"['Centro Fotografia', 'Sighseeing', 'Museo Conte', 'Museo Radio', 'Palazzo della Ragione']",Castelvecchio,strategy_nearest,False,0.003408193588256836,success
0450003A9C4C84,0,['Castelvecchio'],Arena,"['Verona Tour', 'Museo Lapidario', 'Museo Radio', 'San Fermo', 'Casa Giulietta']",Duomo,strategy_nearest,False,0.002713918685913086,success
045009429C4C84,3,"['Santa Anastasia', 'Castelvecchio', 'Tomba Giulietta']",Teatro Romano,"['Duomo', 'AMO', 'Palazzo della Ragione', 'Museo Conte', 'Centro Fotografia']",San Zeno,strategy_nearest,False,0.0013740062713623047,success
045004429C4C84,3,"['San Zeno', 'Arena']",Casa Giulietta,"['Centro Fotografia', 'Sighseeing', 'Torre Lamberti', 'Museo Conte', 'Museo Radio']",Santa Anastasia,strategy_nearest,False,0.001997232437133789,success
04500F3A9C4C84,0,['Arena'],Casa Giulietta,"['Centro Fotografia', 'Sighseeing', 'Torre Lamberti', 'Museo Conte', 'Museo Radio']",Teatro Romano,strategy_nearest,False,0.003217935562133789,success
04500B429C4C84,2,['Palazzo della Ragione'],Torre Lamberti,"['Sighseeing', 'Centro Fotografia', 'Museo Conte', 'Casa Giulietta', 'AMO']",Castelvecchio,strategy_nearest,False,0.002731800079345703,success
045014429C4C84,2,['Museo Lapidario'],Castelvecchio,"['Verona Tour', 'Arena', 'Museo Radio', 'San Zeno', 'Sighseeing']",Casa Giulietta,strategy_nearest,False,0.002752065658569336,success
045016429C4C84,2,"['Palazzo della Ragione', 'Torre Lamberti', 'Duomo']",Santa Anastasia,"['AMO', 'Museo Conte', 'Teatro Romano', 'Centro Fotografia', 'Sighseeing']",Casa Giulietta,strategy_nearest,False,0.0020852088928222656,success
045024429C4C80,1,"['Casa Giulietta', 'Torre Lamberti', 'Palazzo della Ragione', 'Santa Anastasia']",Arena,"['Verona Tour', 'Museo Lapidario', 'Museo Radio', 'San Fermo', 'Sighseeing']",Museo Lapidario,strategy_nearest,True,0.0032939910888671875,success
04501C3A9C4C80,0,['Arena'],Casa Giulietta,"['Centro Fotografia', 'Sighseeing', 'Torre Lamberti', 'Museo Conte', 'Museo Radio']",Castelvecchio,strategy_nearest,False,0.002835988998413086,success
045029429C4C80,1,"['Arena', 'Palazzo della Ragione', 'Torre Lamberti', 'Museo Storia']",San Fermo,"['Museo Radio', 'Casa Giulietta', 'Centro Fotografia', 'Sighseeing', 'Museo Conte']",Santa Anastasia,strategy_nearest,False,0.0033469200134277344,success
04502A3A9C4C80,0,['Torre Lamberti'],Casa Giulietta,"['Centro Fotografia', 'Sighseeing', 'Museo Conte', 'Museo Radio', 'Palazzo della Ragione']",Arena,strategy_nearest,False,0.002664804458618164,success
0450263A9C4C80,3,['Arena'],Casa Giulietta,"['Centro Fotografia', 'Sighseeing', 'Torre Lamberti', 'Museo Conte', 'Museo Radio']",Santa Anastasia,strategy_nearest,False,0.0028848648071289062,success
04502C429C4C80,1,"['Casa Giulietta', 'Castelvecchio', 'Arena', 'Torre Lamberti']",Palazzo della Ragione,"['AMO', 'Museo Conte', 'Centro Fotografia', 'Sighseeing', 'Santa Anastasia']",Duomo,strategy_nearest,False,0.003175973892211914,success
0450363A9C4C80,2,"['Castelvecchio', 'Casa Giulietta', 'Giardino Giusti']",Teatro Romano,"['Santa Anastasia', 'Duomo', 'AMO', 'Palazzo della Ragione', 'Museo Conte']",Duomo,strategy_nearest,True,0.002597808837890625,success
04503B4A9C4C80,2,['Giardino Giusti'],Santa Anastasia,"['AMO', 'Museo Conte', 'Palazzo della Ragione', 'Teatro Romano', 'Centro Fotografia']",Torre Lamberti,strategy_nearest,False,0.001837015151977539,success
04504A3A9C4C80,1,"['San Fermo', 'Torre Lamberti', 'Palazzo della Ragione', 'Santa Anastasia', 'Teatro Romano']",Duomo,"['AMO', 'Museo Miniscalchi', 'Museo Conte', 'Centro Fotografia', 'Sighseeing']",Casa Giulietta,strategy_nearest,False,0.002668142318725586,success
045049429C4C80,3,"['San Fermo', 'Arena', 'Tomba Giulietta', 'Casa Giulietta']",Torre Lamberti,"['Sighseeing', 'Centro Fotografia', 'Museo Conte', 'Palazzo della Ragione', 'AMO']",Santa Anastasia,strategy_nearest,False,0.0039370059967041016,success
045051429C4C80,2,"['Santa Anastasia', 'Torre Lamberti', 'Palazzo della Ragione']",Casa Giulietta,"['Centro Fotografia', 'Sighseeing', 'Museo Conte', 'Museo Radio', 'San Fermo']",Castelvecchio,strategy_nearest,False,0.003964900970458984,success
04505A3A9C4C80,3,"['Arena', 'San Fermo']",Duomo,"['AMO', 'Museo Miniscalchi', 'Santa Anastasia', 'Teatro Romano', 'Palazzo della Ragione']",Santa Anastasia,strategy_nearest,True,0.0020568370819091797,success
04504C429C4C80,2,['Torre Lamberti'],Giardino Giusti,"['Santa Anastasia', 'Teatro Romano', 'Museo Conte', 'Centro Fotografia', 'Museo Storia']",San Zeno,strategy_nearest,False,0.004006147384643555,success
045053429C4C80,0,['Arena'],Duomo,"['AMO', 'Museo Miniscalchi', 'Santa Anastasia', 'Teatro Romano', 'Palazzo della Ragione']",Casa Giulietta,strategy_nearest,False,0.001542806625366211,success
0450793A9C4C80,0,['Arena'],Castelvecchio,"['Museo Lapidario', 'Verona Tour', 'Museo Radio', 'San Zeno', 'Sighseeing']",Torre Lamberti,strategy_nearest,False,0.0025742053985595703,success
04506B429C4C80,3,['Arena'],Santa Anastasia,"['AMO', 'Museo Conte', 'Palazzo della Ragione', 'Teatro Romano', 'Centro Fotografia']",Casa Giulietta,strategy_nearest,False,0.0033838748931884766,success
0450703A9C4C80,3,"['Castelvecchio', 'Arena']",Casa Giulietta,"['Centro Fotografia', 'Sighseeing', 'Torre Lamberti', 'Museo Conte', 'Museo Radio']",Santa Anastasia,strategy_nearest,False,0.0014810562133789062,success
04506C429C4C80,0,['Arena'],Teatro Romano,"['Santa Anastasia', 'Duomo', 'AMO', 'Palazzo della Ragione', 'Museo Conte']",Torre Lamberti,strategy_nearest,False,0.0021409988403320312,success
045080429C4C80,0,['Arena'],San Fermo,"['Museo Storia', 'Museo Radio', 'Casa Giulietta', 'Centro Fotografia', 'Sighseeing']",Casa Giulietta,strategy_nearest,True,0.003339052200317383,success
04507B4A9C4C80,0,['Arena'],Casa Giulietta,"['Centro Fotografia', 'Sighseeing', 'Torre Lamberti', 'Museo Conte', 'Museo Radio']",Torre Lamberti,strategy_nearest,True,0.0021581649780273438,success
045083429C4C80,2,['Museo Lapidario'],Tomba Giulietta,"['San Fermo', 'Museo Storia', 'Arena', 'Museo Radio', 'Verona Tour']",Casa Giulietta,strategy_nearest,False,0.0015091896057128906,success
0450844A9C4C80,2,['Casa Giulietta'],Torre Lamberti,"['Sighseeing', 'Centro Fotografia', 'Museo Conte', 'Palazzo della Ragione', 'AMO']",Teatro Romano,strategy_nearest,False,0.0026161670684814453,success
0450994A9C4C80,2,['Palazzo della Ragione'],San Fermo,"['Museo Storia', 'Museo Radio', 'Casa Giulietta', 'Centro Fotografia', 'Arena']",Duomo,strategy_nearest,False,0.0020411014556884766,success
045087429C4C80,0,['Arena'],Casa Giulietta,"['Centro Fotografia', 'Sighseeing', 'Torre Lamberti', 'Museo Conte', 'Museo Radio']",Castelvecchio,strategy_nearest,False,0.003422260284423828,success
0450874A9C4C80,3,"['Arena', 'San Fermo', 'Duomo']",Teatro Romano,"['Santa Anastasia', 'AMO', 'Palazzo della Ragione', 'Museo Conte', 'Centro Fotografia']",Castelvecchio,strategy_nearest,False,0.0027780532836914062,success
045098429C4C80,0,['Arena'],Casa Giulietta,"['Centro Fotografia', 'Sighseeing', 'Torre Lamberti', 'Museo Conte', 'Museo Radio']",Torre Lamberti,strategy_nearest,True,0.0015099048614501953,success
04509E429C4C80,3,"['Torre Lamberti', 'Santa Anastasia']",Casa Giulietta,"['Centro Fotografia', 'Sighseeing', 'Museo Conte', 'Museo Radio', 'Palazzo della Ragione']",Arena,strategy_nearest,False,0.00144195556640625,success
0450A0429C4C80,0,['Arena'],Casa Giulietta,"['Centro Fotografia', 'Sighseeing', 'Torre Lamberti', 'Museo Conte', 'Museo Radio']",Torre Lamberti,strategy_nearest,True,0.0021910667419433594,success
0450A64A9C4C80,1,"['Arena', 'Casa Giulietta']",Palazzo della Ragione,"['AMO', 'Museo Conte', 'Torre Lamberti', 'Centro Fotografia', 'Sighseeing']",Torre Lamberti,strategy_nearest,True,0.003165006637573242,success
0450A44A9C4C80,3,"['Arena', 'San Fermo', 'Torre Lamberti']",Santa Anastasia,"['AMO', 'Museo Conte', 'Palazzo della Ragione', 'Teatro Romano', 'Centro Fotografia']",Duomo,strategy_nearest,False,0.0026962757110595703,success
0450AB4A9C4C80,3,['Arena'],Casa Giulietta,"['Centro Fotografia', 'Sighseeing', 'Torre Lamberti', 'Museo Conte', 'Museo Radio']",Torre Lamberti,strategy_nearest,True,0.0023741722106933594,success
0450A8429C4C80,1,"['Arena', 'Casa Giulietta']",Torre Lamberti,"['Sighseeing', 'Centro Fotografia', 'Museo Conte', 'Palazzo della Ragione', 'AMO']",Palazzo della Ragione,strategy_nearest,True,0.0018208026885986328,success
0450BA429C4C80,1,['Arena'],Casa Giulietta,"['Centro Fotografia', 'Sighseeing', 'Torre Lamberti', 'Museo Conte', 'Museo Radio']",Palazzo della Ragione,strategy_nearest,False,0.0028781890869140625,success
0450B73A9C4C80,3,"['Arena', 'Torre Lamberti']",Santa Anastasia,"['AMO', 'Museo Conte', 'Palazzo della Ragione', 'Teatro Romano', 'Centro Fotografia']",Teatro Romano,strategy_nearest,True,0.002701997756958008,success
0450D63A9C4C80,3,"['Arena', 'Museo Lapidario', 'Castelvecchio']",Teatro Romano,"['Santa Anastasia', 'Duomo', 'AMO', 'Palazzo della Ragione', 'Museo Conte']",Duomo,strategy_nearest,True,0.0010960102081298828,success
0450CC3A9C4C80,3,"['Arena', 'San Fermo', 'Casa Giulietta']",Torre Lamberti,"['Sighseeing', 'Centro Fotografia', 'Museo Conte', 'Palazzo della Ragione', 'AMO']",Duomo,strategy_nearest,False,0.0029969215393066406,success
0450E73A9C4C80,3,"['Arena', 'Casa Giulietta']",Torre Lamberti,"['Sighseeing', 'Centro Fotografia', 'Museo Conte', 'Palazzo della Ragione', 'AMO']",Santa Anastasia,strategy_nearest,False,0.003328084945678711,success
0450E9429C4C80,0,"['Arena', 'Torre Lamberti']",Castelvecchio,"['Museo Lapidario', 'Verona Tour', 'Museo Radio', 'San Zeno', 'Sighseeing']",Casa Giulietta,strategy_nearest,False,0.0026772022247314453,success
0450F33A9C4C80,3,"['Arena', 'Tomba Giulietta', 'Museo Storia']",San Fermo,"['Museo Radio', 'Casa Giulietta', 'Centro Fotografia', 'Sighseeing', 'Torre Lamberti']",Casa Giulietta,strategy_nearest,True,0.003902912139892578,success
0450ED3A9C4C80,1,['Arena'],Casa Giulietta,"['Centro Fotografia', 'Sighseeing', 'Torre Lamberti', 'Museo Conte', 'Museo Radio']",Torre Lamberti,strategy_nearest,True,0.002754688262939453,success
0450F6429C4C80,0,['Castelvecchio'],Casa Giulietta,"['Centro Fotografia', 'Sighseeing', 'Torre Lamberti', 'Museo Conte', 'Museo Radio']",Arena,strategy_nearest,False,0.0018639564514160156,success
0450F83A9C4C80,2,['Castelvecchio'],Torre Lamberti,"['Sighseeing', 'Centro Fotografia', 'Museo Conte', 'Casa Giulietta', 'Palazzo della Ragione']",Palazzo della Ragione,strategy_nearest,True,0.0033957958221435547,success
0450F9429C4C80,1,"['San Fermo', 'Casa Giulietta', 'Torre Lamberti', 'Palazzo della Ragione', 'Duomo']",Santa Anastasia,"['AMO', 'Museo Conte', 'Teatro Romano', 'Centro Fotografia', 'Sighseeing']",Arena,strategy_nearest,False,0.0018932819366455078,success
045105429C4C84,2,"['Torre Lamberti', 'Teatro Romano']",Santa Anastasia,"['AMO', 'Museo Conte', 'Palazzo della Ragione', 'Centro Fotografia', 'Duomo']",Duomo,strategy_nearest,True,0.0025548934936523438,success
045116429C4C84,3,"['Santa Anastasia', 'Torre Lamberti', 'Arena', 'Castelvecchio']",Teatro Romano,"['Duomo', 'AMO', 'Palazzo della Ragione', 'Museo Conte', 'Centro Fotografia']",Museo Storia,strategy_nearest,False,0.003142118453979492,success
045121429C4C80,3,"['Arena', 'Casa Giulietta']",Santa Anastasia,"['AMO', 'Museo Conte', 'Palazzo della Ragione', 'Teatro Romano', 'Centro Fotografia']",Teatro Romano,strategy_nearest,True,0.0026230812072753906,success
0451263A9C4C80,3,"['Arena', 'Casa Giulietta']",Torre Lamberti,"['Sighseeing', 'Centro Fotografia', 'Museo Conte', 'Palazzo della Ragione', 'AMO']",Duomo,strategy_nearest,False,0.0026187896728515625,success
0451254A9C4C80,1,"['Arena', 'Castelvecchio', 'San Fermo', 'Casa Giulietta']",Torre Lamberti,"['Sighseeing', 'Centro Fotografia', 'Museo Conte', 'Palazzo della Ragione', 'AMO']",Palazzo della Ragione,strategy_nearest,True,0.0033178329467773438,success
04512D429C4C80,1,"['Arena', 'Castelvecchio', 'San Zeno', 'Tomba Giulietta']",Casa Giulietta,"['Centro Fotografia', 'Sighseeing', 'Torre Lamberti', 'Museo Conte', 'Museo Radio']",Torre Lamberti,strategy_nearest,True,0.003325939178466797,success
045130429C4C80,3,"['Arena', 'Casa Giulietta', 'Torre Lamberti', 'Teatro Romano', 'Duomo']",Santa Anastasia,"['AMO', 'Museo Conte', 'Palazzo della Ragione', 'Centro Fotografia', 'Sighseeing']",Tomba Giulietta,strategy_nearest,False,0.0015461444854736328,success
045142429C4C80,3,"['Santa Anastasia', 'Castelvecchio', 'Casa Giulietta']",Torre Lamberti,"['Sighseeing', 'Centro Fotografia', 'Museo Conte', 'Palazzo della Ragione', 'AMO']",Arena,strategy_nearest,False,0.0025031566619873047,success
045131429C4C80,1,"['Castelvecchio', 'Museo Lapidario', 'Palazzo della Ragione', 'Torre Lamberti']",Teatro Romano,"['Santa Anastasia', 'Duomo', 'AMO', 'Museo Conte', 'Centro Fotografia']",Casa Giulietta,strategy_nearest,False,0.0033731460571289062,success
045146429C4C80,0,['Teatro Romano'],Casa Giulietta,"['Centro Fotografia', 'Sighseeing', 'Torre Lamberti', 'Museo Conte', 'Museo Radio']",Torre Lamberti,strategy_nearest,True,0.00327301025390625,success
045155429C4C80,2,"['Santa Anastasia', 'Duomo']",Casa Giulietta,"['Centro Fotografia', 'Sighseeing', 'Torre Lamberti', 'Museo Conte', 'Museo Radio']",San Fermo,strategy_nearest,False,0.004034996032714844,success
04514C429C4C80,3,['Arena'],Santa Anastasia,"['AMO', 'Museo Conte', 'Palazzo della Ragione', 'Teatro Romano', 'Centro Fotografia']",Duomo,strategy_nearest,False,0.002438068389892578,success
04515F3A9C4C80,1,"['Torre Lamberti', 'Duomo', 'Teatro Romano', 'Giardino Giusti', 'Casa Giulietta']",San Zeno,"['Castelvecchio', 'Verona Tour', 'Museo Lapidario', 'Arena', 'Museo Miniscalchi']",Arena,strategy_nearest,True,0.0025849342346191406,success
045166429C4C80,3,"['Arena', 'Santa Anastasia']",Teatro Romano,"['Duomo', 'AMO', 'Palazzo della Ragione', 'Museo Conte', 'Centro Fotografia']",Duomo,strategy_nearest,True,0.002807140350341797,success
0451733A9C4C80,1,"['Castelvecchio', 'Arena', 'San Fermo']",Palazzo della Ragione,"['AMO', 'Museo Conte', 'Torre Lamberti', 'Centro Fotografia', 'Sighseeing']",Torre Lamberti,strategy_nearest,True,0.0018320083618164062,success
04516D429C4C80,0,['Arena'],Torre Lamberti,"['Sighseeing', 'Centro Fotografia', 'Museo Conte', 'Casa Giulietta', 'Palazzo della Ragione']",Casa Giulietta,strategy_nearest,True,0.0028591156005859375,success
0451753A9C4C80,2,['Casa Giulietta'],San Fermo,"['Museo Storia', 'Museo Radio', 'Centro Fotografia', 'Arena', 'Sighseeing']",Tomba Giulietta,strategy_nearest,False,0.0028281211853027344,success
045177429C4C80,0,"['Arena', 'Torre Lamberti']",Giardino Giusti,"['Santa Anastasia', 'Teatro Romano', 'Museo Conte', 'Centro Fotografia', 'Museo Storia']",Teatro Romano,strategy_nearest,True,0.0031461715698242188,success
0451814A9C4C80,3,"['Arena', 'Museo Lapidario', 'Castelvecchio']",Casa Giulietta,"['Centro Fotografia', 'Sighseeing', 'Torre Lamberti', 'Museo Conte', 'Museo Radio']",Santa Anastasia,strategy_nearest,False,0.003383159637451172,success
04517F4A9C4C80,3,"['Casa Giulietta', 'Tomba Giulietta', 'Castelvecchio']",San Zeno,"['Verona Tour', 'Museo Lapidario', 'Arena', 'Museo Miniscalchi', 'Sighseeing']",Santa Anastasia,strategy_nearest,False,0.002565145492553711,success
0451854A9C4C80,0,['Arena'],Museo Lapidario,"['Verona Tour', 'Castelvecchio', 'Museo Radio', 'San Fermo', 'Casa Giulietta']",Casa Giulietta,strategy_nearest,True,0.0025649070739746094,success
0451883A9C4C80,2,['Palazzo della Ragione'],Torre Lamberti,"['Sighseeing', 'Centro Fotografia', 'Museo Conte', 'Casa Giulietta', 'AMO']",Tomba Giulietta,strategy_nearest,False,0.002953767776489258,success
045193429C4C80,0,"['Tomba Giulietta', 'Arena']",Castelvecchio,"['Museo Lapidario', 'Verona Tour', 'Museo Radio', 'San Zeno', 'Sighseeing']",Santa Anastasia,strategy_nearest,False,0.0024118423461914062,success
0451974A9C4C80,3,"['Arena', 'Torre Lamberti']",Casa Giulietta,"['Centro Fotografia', 'Sighseeing', 'Museo Conte', 'Museo Radio', 'Palazzo della Ragione']",Santa Anastasia,strategy_nearest,False,0.002526998519897461,success
0451994A9C4C80,3,['Arena'],Casa Giulietta,"['Centro Fotografia', 'Sighseeing', 'Torre Lamberti', 'Museo Conte', 'Museo Radio']",Santa Anastasia,strategy_nearest,False,0.0026917457580566406,success
045199429C4C80,1,"['Museo Lapidario', 'Arena', 'Torre Lamberti']",Palazzo della Ragione,"['AMO', 'Museo Conte', 'Centro Fotografia', 'Sighseeing', 'Santa Anastasia']",Santa Anastasia,strategy_nearest,True,0.003469228744506836,success
04519F429C4C80,2,"['Museo Lapidario', 'Castelvecchio']",San Zeno,"['Verona Tour', 'Arena', 'Museo Miniscalchi', 'Sighseeing', 'Museo Radio']",Teatro Romano,strategy_nearest,False,0.002298116683959961,success
0451A44A9C4C80,0,['Arena'],Casa Giulietta,"['Centro Fotografia', 'Sighseeing', 'Torre Lamberti', 'Museo Conte', 'Museo Radio']",Torre Lamberti,strategy_nearest,True,0.0024738311767578125,success
0451AA4A9C4C80,0,['Castelvecchio'],Arena,"['Verona Tour', 'Museo Lapidario', 'Museo Radio', 'San Fermo', 'Casa Giulietta']",Casa Giulietta,strategy_nearest,True,0.002624034881591797,success
0451AD3A9C4C80,2,['Casa Giulietta'],Torre Lamberti,"['Sighseeing', 'Centro Fotografia', 'Museo Conte', 'Palazzo della Ragione', 'AMO']",Palazzo della Ragione,strategy_nearest,True,0.002975940704345703,success
0451AB4A9C4C80,2,['Teatro Romano'],Torre Lamberti,"['Sighseeing', 'Centro Fotografia', 'Museo Conte', 'Casa Giulietta', 'Palazzo della Ragione']",Palazzo della Ragione,strategy_nearest,True,0.0027217864990234375,success
0451B43A9C4C80,3,"['Duomo', 'Santa Anastasia']",Castelvecchio,"['Museo Lapidario', 'Verona Tour', 'Arena', 'Museo Radio', 'San Zeno']",Arena,strategy_nearest,True,0.002722024917602539,success
0451BB429C4C80,1,"['Arena', 'Museo Lapidario']",Casa Giulietta,"['Centro Fotografia', 'Sighseeing', 'Torre Lamberti', 'Museo Conte', 'Museo Radio']",Torre Lamberti,strategy_nearest,True,0.002565145492553711,success
0451C2429C4C80,0,['Arena'],Casa Giulietta,"['Centro Fotografia', 'Sighseeing', 'Torre Lamberti', 'Museo Conte', 'Museo Radio']",Torre Lamberti,strategy_nearest,True,0.0028429031372070312,success
0451C83A9C4C80,0,['Arena'],Torre Lamberti,"['Sighseeing', 'Centro Fotografia', 'Museo Conte', 'Casa Giulietta', 'Palazzo della Ragione']",Casa Giulietta,strategy_nearest,True,0.0025920867919921875,success
0451E83A9C4C80,0,"['Arena', 'Castelvecchio']",Torre Lamberti,"['Sighseeing', 'Centro Fotografia', 'Museo Conte', 'Casa Giulietta', 'Palazzo della Ragione']",Duomo,strategy_nearest,False,0.0031821727752685547,success
0451DD3A9C4C80,1,"['Arena', 'Casa Giulietta']",San Fermo,"['Museo Storia', 'Museo Radio', 'Centro Fotografia', 'Sighseeing', 'Torre Lamberti']",Teatro Romano,strategy_nearest,False,0.003337860107421875,success
045204429C4C84,2,['Santa Anastasia'],Casa Giulietta,"['Centro Fotografia', 'Sighseeing', 'Torre Lamberti', 'Museo Conte', 'Museo Radio']",Duomo,strategy_nearest,False,0.0033621788024902344,success
045200429C4C84,4,"['San Zeno', 'Castelvecchio', 'Santa Anastasia']",Duomo,"['AMO', 'Museo Miniscalchi', 'Teatro Romano', 'Palazzo della Ragione', 'Museo Conte']",Teatro Romano,strategy_nearest,True,0.0021200180053710938,success
0451E8429C4C80,3,['Arena'],Santa Anastasia,"['AMO', 'Museo Conte', 'Palazzo della Ragione', 'Teatro Romano', 'Centro Fotografia']",Casa Giulietta,strategy_nearest,False,0.0017719268798828125,success
0451F7429C4C80,3,"['Tomba Giulietta', 'Arena', 'Castelvecchio', 'San Zeno']",San Fermo,"['Museo Storia', 'Museo Radio', 'Casa Giulietta', 'Centro Fotografia', 'Sighseeing']",Casa Giulietta,strategy_nearest,True,0.0030291080474853516,success
04522C4A9C4C80,0,"['Tomba Giulietta', 'Arena']",Casa Giulietta,"['Centro Fotografia', 'Sighseeing', 'Torre Lamberti', 'Museo Conte', 'Museo Radio']",Castelvecchio,strategy_nearest,False,0.002198934555053711,success
04522F3A9C4C80,0,['San Zeno'],Castelvecchio,"['Museo Lapidario', 'Verona Tour', 'Arena', 'Museo Radio', 'Sighseeing']",Arena,strategy_nearest,True,0.003328084945678711,success
0452254A9C4C80,0,['Castelvecchio'],Duomo,"['AMO', 'Museo Miniscalchi', 'Santa Anastasia', 'Teatro Romano', 'Palazzo della Ragione']",Arena,strategy_nearest,False,0.001538991928100586,success
0452274A9C4C80,0,['Arena'],Torre Lamberti,"['Sighseeing', 'Centro Fotografia', 'Museo Conte', 'Casa Giulietta', 'Palazzo della Ragione']",Casa Giulietta,strategy_nearest,True,0.002949953079223633,success
045241429C4C80,3,['Castelvecchio'],Santa Anastasia,"['AMO', 'Museo Conte', 'Palazzo della Ragione', 'Teatro Romano', 'Centro Fotografia']",Arena,strategy_nearest,False,0.0033593177795410156,success
04524C429C4C80,1,"['Castelvecchio', 'Arena']",Santa Anastasia,"['AMO', 'Museo Conte', 'Palazzo della Ragione', 'Teatro Romano', 'Centro Fotografia']",Torre Lamberti,strategy_nearest,False,0.0013680458068847656,success
045248429C4C80,3,"['Torre Lamberti', 'San Fermo', 'Teatro Romano', 'Santa Anastasia']",Casa Giulietta,"['Centro Fotografia', 'Sighseeing', 'Museo Conte', 'Museo Radio', 'Palazzo della Ragione']",San Zeno,strategy_nearest,False,0.0028319358825683594,success
04524F3A9C4C80,0,['Arena'],Casa Giulietta,"['Centro Fotografia', 'Sighseeing', 'Torre Lamberti', 'Museo Conte', 'Museo Radio']",Torre Lamberti,strategy_nearest,True,0.0028040409088134766,success
0452543A9C4C80,2,"['Castelvecchio', 'Palazzo della Ragione']",Torre Lamberti,"['Sighseeing', 'Centro Fotografia', 'Museo Conte', 'Casa Giulietta', 'AMO']",Duomo,strategy_nearest,False,0.002412080764770508,success
0452573A9C4C80,3,"['Arena', 'Castelvecchio']",San Zeno,"['Verona Tour', 'Museo Lapidario', 'Museo Miniscalchi', 'Sighseeing', 'Museo Radio']",Torre Lamberti,strategy_nearest,False,0.0019257068634033203,success
045255429C4C80,3,"['San Fermo', 'Santa Anastasia']",Duomo,"['AMO', 'Museo Miniscalchi', 'Teatro Romano', 'Palazzo della Ragione', 'Museo Conte']",Arena,strategy_nearest,False,0.002707958221435547,success
045258429C4C80,3,['Arena'],Torre Lamberti,"['Sighseeing', 'Centro Fotografia', 'Museo Conte', 'Casa Giulietta', 'Palazzo della Ragione']",Santa Anastasia,strategy_nearest,False,0.002460002899169922,success
04525A3A9C4C80,2,"['Castelvecchio', 'Palazzo della Ragione']",Duomo,"['AMO', 'Museo Miniscalchi', 'Santa Anastasia', 'Teatro Romano', 'Museo Conte']",Teatro Romano,strategy_nearest,True,0.0024261474609375,success
045266429C4C80,3,"['Arena', 'Casa Giulietta']",Torre Lamberti,"['Sighseeing', 'Centro Fotografia', 'Museo Conte', 'Palazzo della Ragione', 'AMO']",Santa Anastasia,strategy_nearest,False,0.002825021743774414,success
04525A429C4C80,0,['Arena'],Casa Giulietta,"['Centro Fotografia', 'Sighseeing', 'Torre Lamberti', 'Museo Conte', 'Museo Radio']",Tomba Giulietta,strategy_nearest,False,0.003958940505981445,success
045267429C4C80,0,['Arena'],Castelvecchio,"['Museo Lapidario', 'Verona Tour', 'Museo Radio', 'San Zeno', 'Sighseeing']",Torre Lamberti,strategy_nearest,False,0.00267791748046875,success
04526B429C4C80,3,"['Arena', 'Casa Giulietta']",Teatro Romano,"['Santa Anastasia', 'Duomo', 'AMO', 'Palazzo della Ragione', 'Museo Conte']",Santa Anastasia,strategy_nearest,True,0.002398967742919922,success
045282429C4C80,2,"['Casa Giulietta', 'Palazzo della Ragione']",Santa Anastasia,"['AMO', 'Museo Conte', 'Teatro Romano', 'Centro Fotografia', 'Duomo']",Teatro Romano,strategy_nearest,True,0.001867055892944336,success
04526F3A9C4C80,1,"['Arena', 'Casa Giulietta', 'San Fermo', 'Torre Lamberti']",Palazzo della Ragione,"['AMO', 'Museo Conte', 'Centro Fotografia', 'Sighseeing', 'Santa Anastasia']",Duomo,strategy_nearest,False,0.003451108932495117,success
0452843A9C4C80,1,"['Arena', 'Casa Giulietta']",San Fermo,"['Museo Storia', 'Museo Radio', 'Centro Fotografia', 'Sighseeing', 'Torre Lamberti']",Palazzo della Ragione,strategy_nearest,False,0.00321197509765625,success
045284429C4C80,3,['Arena'],Duomo,"['AMO', 'Museo Miniscalchi', 'Santa Anastasia', 'Teatro Romano', 'Palazzo della Ragione']",Santa Anastasia,strategy_nearest,True,0.002180814743041992,success
0452894A9C4C80,1,"['Arena', 'Castelvecchio']",Casa Giulietta,"['Centro Fotografia', 'Sighseeing', 'Torre Lamberti', 'Museo Conte', 'Museo Radio']",Torre Lamberti,strategy_nearest,True,0.003141164779663086,success
045270429C4C80,0,['Arena'],Casa Giulietta,"['Centro Fotografia', 'Sighseeing', 'Torre Lamberti', 'Museo Conte', 'Museo Radio']",Santa Anastasia,strategy_nearest,False,0.0035851001739501953,success
04528A429C4C80,0,['Arena'],Torre Lamberti,"['Sighseeing', 'Centro Fotografia', 'Museo Conte', 'Casa Giulietta', 'Palazzo della Ragione']",Duomo,strategy_nearest,False,0.0020532608032226562,success
04528B3A9C4C80,0,['Arena'],Castelvecchio,"['Museo Lapidario', 'Verona Tour', 'Museo Radio', 'San Zeno', 'Sighseeing']",Teatro Romano,strategy_nearest,False,0.0025060176849365234,success
04528C4A9C4C80,1,"['Arena', 'Museo Lapidario', 'Castelvecchio']",Casa Giulietta,"['Centro Fotografia', 'Sighseeing', 'Torre Lamberti', 'Museo Conte', 'Museo Radio']",Torre Lamberti,strategy_nearest,True,0.00321197509765625,success
0452924A9C4C80,0,['Arena'],Castelvecchio,"['Museo Lapidario', 'Verona Tour', 'Museo Radio', 'San Zeno', 'Sighseeing']",Casa Giulietta,strategy_nearest,False,0.002485990524291992,success
045296429C4C80,2,"['Castelvecchio', 'San Zeno']",Teatro Romano,"['Santa Anastasia', 'Duomo', 'AMO', 'Palazzo della Ragione', 'Museo Conte']",Casa Giulietta,strategy_nearest,False,0.0029768943786621094,success
045292429C4C80,2,"['Castelvecchio', 'Casa Giulietta']",San Fermo,"['Museo Storia', 'Museo Radio', 'Centro Fotografia', 'Arena', 'Sighseeing']",Santa Anastasia,strategy_nearest,False,0.002410888671875,success
04529E429C4C80,0,"['San Fermo', 'Castelvecchio']",Casa Giulietta,"['Centro Fotografia', 'Sighseeing', 'Torre Lamberti', 'Museo Conte', 'Museo Radio']",Arena,strategy_nearest,False,0.002209186553955078,success
0452A1429C4C80,1,"['Arena', 'Casa Giulietta']",Palazzo della Ragione,"['AMO', 'Museo Conte', 'Torre Lamberti', 'Centro Fotografia', 'Sighseeing']",Torre Lamberti,strategy_nearest,True,0.002553701400756836,success
0452A34A9C4C80,0,['Arena'],Casa Giulietta,"['Centro Fotografia', 'Sighseeing', 'Torre Lamberti', 'Museo Conte', 'Museo Radio']",Torre Lamberti,strategy_nearest,True,0.0018157958984375,success
0452B73A9C4C80,2,['San Zeno'],Duomo,"['AMO', 'Museo Miniscalchi', 'Santa Anastasia', 'Teatro Romano', 'Palazzo della Ragione']",Santa Anastasia,strategy_nearest,True,0.002371072769165039,success
0452B63A9C4C80,0,['Arena'],Castelvecchio,"['Museo Lapidario', 'Verona Tour', 'Museo Radio', 'San Zeno', 'Sighseeing']",Torre Lamberti,strategy_nearest,False,0.003438234329223633,success
0452A7429C4C80,1,"['Arena', 'Castelvecchio', 'Museo Lapidario']",Casa Giulietta,"['Centro Fotografia', 'Sighseeing', 'Torre Lamberti', 'Museo Conte', 'Museo Radio']",Palazzo della Ragione,strategy_nearest,False,0.0039370059967041016,success
0452B2429C4C80,2,['Castelvecchio'],Casa Giulietta,"['Centro Fotografia', 'Sighseeing', 'Torre Lamberti', 'Museo Conte', 'Museo Radio']",Teatro Romano,strategy_nearest,False,0.002853870391845703,success
0452CF429C4C80,2,"['Giardino Giusti', 'Teatro Romano']",Casa Giulietta,"['Centro Fotografia', 'Sighseeing', 'Torre Lamberti', 'Museo Conte', 'Museo Radio']",Torre Lamberti,strategy_nearest,True,0.002193927764892578,success
0452CC3A9C4C80,3,"['Arena', 'Torre Lamberti']",Santa Anastasia,"['AMO', 'Museo Conte', 'Palazzo della Ragione', 'Teatro Romano', 'Centro Fotografia']",Duomo,strategy_nearest,False,0.0014710426330566406,success
0452D53A9C4C80,2,"['Duomo', 'Torre Lamberti']",Palazzo della Ragione,"['AMO', 'Museo Conte', 'Centro Fotografia', 'Sighseeing', 'Santa Anastasia']",Casa Giulietta,strategy_nearest,False,0.0034401416778564453,success
0452D83A9C4C80,1,"['Arena', 'Casa Giulietta']",Torre Lamberti,"['Sighseeing', 'Centro Fotografia', 'Museo Conte', 'Palazzo della Ragione', 'AMO']",Palazzo della Ragione,strategy_nearest,True,0.0027010440826416016,success
0452E63A9C4C80,3,"['Arena', 'San Fermo', 'Casa Giulietta']",Torre Lamberti,"['Sighseeing', 'Centro Fotografia', 'Museo Conte', 'Palazzo della Ragione', 'AMO']",Duomo,strategy_nearest,False,0.0019288063049316406,success
0452DF429C4C80,0,"['San Zeno', 'Arena']",Castelvecchio,"['Museo Lapidario', 'Verona Tour', 'Museo Radio', 'Sighseeing', 'Museo Miniscalchi']",Teatro Romano,strategy_nearest,False,0.002607107162475586,success
0452F8429C4C80,3,"['Castelvecchio', 'Arena']",Torre Lamberti,"['Sighseeing', 'Centro Fotografia', 'Museo Conte', 'Casa Giulietta', 'Palazzo della Ragione']",Duomo,strategy_nearest,False,0.002908945083618164,success
04530B3A9C4C84,0,['Casa Giulietta'],Casa Giulietta,"['Centro Fotografia', 'Sighseeing', 'Torre Lamberti', 'Museo Conte', 'Museo Radio']",Torre Lamberti,strategy_nearest,True,0.0017859935760498047,success
04530A429C4C84,0,['Arena'],Torre Lamberti,"['Sighseeing', 'Centro Fotografia', 'Museo Conte', 'Casa Giulietta', 'Palazzo della Ragione']",Casa Giulietta,strategy_nearest,True,0.0040760040283203125,success
04530B429C4C84,0,['Castelvecchio'],Arena,"['Verona Tour', 'Museo Lapidario', 'Museo Radio', 'San Fermo', 'Casa Giulietta']",Santa Anastasia,strategy_nearest,False,0.003065824508666992,success
04530C429C4C84,1,"['Castelvecchio', 'Arena', 'Casa Giulietta']",Torre Lamberti,"['Sighseeing', 'Centro Fotografia', 'Museo Conte', 'Palazzo della Ragione', 'AMO']",Palazzo della Ragione,strategy_nearest,True,0.003030061721801758,success
04530D3A9C4C84,2,['Torre Lamberti'],Palazzo della Ragione,"['AMO', 'Museo Conte', 'Centro Fotografia', 'Sighseeing', 'Santa Anastasia']",Casa Giulietta,strategy_nearest,False,0.0025658607482910156,success
0453143A9C4C84,1,"['Castelvecchio', 'Arena', 'Museo Lapidario', 'Casa Giulietta']",Torre Lamberti,"['Sighseeing', 'Centro Fotografia', 'Museo Conte', 'Palazzo della Ragione', 'AMO']",Palazzo della Ragione,strategy_nearest,True,0.003231048583984375,success
0453274A9C4C80,3,"['Tomba Giulietta', 'Castelvecchio', 'Arena']",Santa Anastasia,"['AMO', 'Museo Conte', 'Palazzo della Ragione', 'Teatro Romano', 'Centro Fotografia']",Teatro Romano,strategy_nearest,True,0.0028810501098632812,success
045314429C4C84,0,['Castelvecchio'],Arena,"['Verona Tour', 'Museo Lapidario', 'Museo Radio', 'San Fermo', 'Casa Giulietta']",Casa Giulietta,strategy_nearest,True,0.0035910606384277344,success
045315429C4C84,1,['Arena'],Palazzo della Ragione,"['AMO', 'Museo Conte', 'Torre Lamberti', 'Centro Fotografia', 'Sighseeing']",Torre Lamberti,strategy_nearest,True,0.0025060176849365234,success
04531B3A9C4C80,1,"['Arena', 'Museo Lapidario', 'Castelvecchio']",Torre Lamberti,"['Sighseeing', 'Centro Fotografia', 'Museo Conte', 'Casa Giulietta', 'Palazzo della Ragione']",Palazzo della Ragione,strategy_nearest,True,0.004099130630493164,success
045334429C4C80,1,"['San Fermo', 'Museo Storia', 'Casa Giulietta', 'Santa Anastasia', 'Castelvecchio']",Arena,"['Verona Tour', 'Museo Lapidario', 'Museo Radio', 'Sighseeing', 'Torre Lamberti']",Museo Lapidario,strategy_nearest,True,0.0022039413452148438,success
045328429C4C80,1,"['Arena', 'Museo Lapidario', 'Castelvecchio', 'Torre Lamberti', 'Palazzo della Ragione']",Casa Giulietta,"['Centro Fotografia', 'Sighseeing', 'Museo Conte', 'Museo Radio', 'San Fermo']",San Zeno,strategy_nearest,False,0.0016741752624511719,success
04532F4A9C4C80,3,['Santa Anastasia'],Duomo,"['AMO', 'Museo Miniscalchi', 'Teatro Romano', 'Palazzo della Ragione', 'Museo Conte']",Arena,strategy_nearest,False,0.002923727035522461,success
0453353A9C4C80,2,['Torre Lamberti'],Santa Anastasia,"['AMO', 'Museo Conte', 'Palazzo della Ragione', 'Teatro Romano', 'Centro Fotografia']",Casa Giulietta,strategy_nearest,False,0.003297090530395508,success
0453403A9C4C80,2,['Casa Giulietta'],Tomba Giulietta,"['San Fermo', 'Museo Storia', 'Arena', 'Museo Lapidario', 'Museo Radio']",Museo Lapidario,strategy_nearest,True,0.0016009807586669922,success
0453433A9C4C80,1,"['Castelvecchio', 'Arena', 'Casa Giulietta']",Torre Lamberti,"['Sighseeing', 'Centro Fotografia', 'Museo Conte', 'Palazzo della Ragione', 'AMO']",Palazzo della Ragione,strategy_nearest,True,0.001981973648071289,success
04533C429C4C80,0,['Arena'],Castelvecchio,"['Museo Lapidario', 'Verona Tour', 'Museo Radio', 'San Zeno', 'Sighseeing']",Duomo,strategy_nearest,False,0.004010915756225586,success
0453423A9C4C80,2,"['Teatro Romano', 'Giardino Giusti']",Castelvecchio,"['Museo Lapidario', 'Verona Tour', 'Arena', 'Museo Radio', 'San Zeno']",Palazzo della Ragione,strategy_nearest,False,0.0027399063110351562,success
04535A429C4C80,3,"['San Zeno', 'Duomo']",Santa Anastasia,"['AMO', 'Museo Conte', 'Palazzo della Ragione', 'Teatro Romano', 'Centro Fotografia']",Torre Lamberti,strategy_nearest,False,0.002012968063354492,success
0453623A9C4C80,0,"['Tomba Giulietta', 'San Fermo']",Casa Giulietta,"['Centro Fotografia', 'Sighseeing', 'Torre Lamberti', 'Museo Conte', 'Museo Radio']",Arena,strategy_nearest,False,0.0013430118560791016,success
04536A429C4C80,3,"['Arena', 'Casa Giulietta']",Torre Lamberti,"['Sighseeing', 'Centro Fotografia', 'Museo Conte', 'Palazzo della Ragione', 'AMO']",Santa Anastasia,strategy_nearest,False,0.003366231918334961,success
045350429C4C80,3,"['Museo Lapidario', 'Arena', 'San Fermo']",Museo Storia,"['Museo Radio', 'Casa Giulietta', 'Centro Fotografia', 'Tomba Giulietta', 'Torre Lamberti']",Santa Anastasia,strategy_nearest,False,0.0028069019317626953,success
045375429C4C80,0,['Arena'],Torre Lamberti,"['Sighseeing', 'Centro Fotografia', 'Museo Conte', 'Casa Giulietta', 'Palazzo della Ragione']",Castelvecchio,strategy_nearest,False,0.0026581287384033203,success
045378429C4C80,0,['Arena'],Casa Giulietta,"['Centro Fotografia', 'Sighseeing', 'Torre Lamberti', 'Museo Conte', 'Museo Radio']",Palazzo della Ragione,strategy_nearest,False,0.003429889678955078,success
04537D3A9C4C80,0,['Arena'],Casa Giulietta,"['Centro Fotografia', 'Sighseeing', 'Torre Lamberti', 'Museo Conte', 'Museo Radio']",Teatro Romano,strategy_nearest,False,0.003381013870239258,success
04537D4A9C4C80,0,['Arena'],San Fermo,"['Museo Storia', 'Museo Radio', 'Casa Giulietta', 'Centro Fotografia', 'Sighseeing']",Torre Lamberti,strategy_nearest,False,0.0020380020141601562,success
04537E429C4C80,2,['Castelvecchio'],Casa Giulietta,"['Centro Fotografia', 'Sighseeing', 'Torre Lamberti', 'Museo Conte', 'Museo Radio']",Tomba Giulietta,strategy_nearest,False,0.003206968307495117,success
0453834A9C4C80,1,['Arena'],Castelvecchio,"['Museo Lapidario', 'Verona Tour', 'Museo Radio', 'San Zeno', 'Sighseeing']",Torre Lamberti,strategy_nearest,False,0.0024068355560302734,success
045381429C4C80,3,"['Arena', 'Duomo']",Santa Anastasia,"['AMO', 'Museo Conte', 'Palazzo della Ragione', 'Teatro Romano', 'Centro Fotografia']",Casa Giulietta,strategy_nearest,False,0.002689838409423828,success
045382429C4C80,3,"['Arena', 'San Fermo', 'Casa Giulietta']",Torre Lamberti,"['Sighseeing', 'Centro Fotografia', 'Museo Conte', 'Palazzo della Ragione', 'AMO']",Tomba Giulietta,strategy_nearest,False,0.0034449100494384766,success
045384429C4C80,1,"['Casa Giulietta', 'Torre Lamberti', 'Palazzo della Ragione']",Arena,"['Verona Tour', 'Museo Lapidario', 'Museo Radio', 'San Fermo', 'Sighseeing']",San Fermo,strategy_nearest,True,0.0026810169219970703,success
0453904A9C4C80,1,"['Arena', 'Casa Giulietta', 'Palazzo della Ragione', 'Torre Lamberti']",Santa Anastasia,"['AMO', 'Museo Conte', 'Teatro Romano', 'Centro Fotografia', 'Duomo']",Duomo,strategy_nearest,True,0.002740144729614258,success
04538C4A9C4C80,3,"['Arena', 'San Fermo']",Santa Anastasia,"['AMO', 'Museo Conte', 'Palazzo della Ragione', 'Teatro Romano', 'Centro Fotografia']",Santa Anastasia,strategy_nearest,False,0.0020532608032226562,success
045393429C4C80,2,['Casa Giulietta'],Torre Lamberti,"['Sighseeing', 'Centro Fotografia', 'Museo Conte', 'Palazzo della Ragione', 'AMO']",Duomo,strategy_nearest,False,0.0032842159271240234,success
045394429C4C80,0,['Arena'],Giardino Giusti,"['Santa Anastasia', 'Teatro Romano', 'Museo Conte', 'Centro Fotografia', 'Museo Storia']",San Zeno,strategy_nearest,False,0.003490924835205078,success
045398429C4C80,3,"['Arena', 'Casa Giulietta']",Castelvecchio,"['Museo Lapidario', 'Verona Tour', 'Museo Radio', 'San Zeno', 'Sighseeing']",Torre Lamberti,strategy_nearest,False,0.0026810169219970703,success
0453954A9C4C80,3,"['San Fermo', 'Arena']",San Zeno,"['Castelvecchio', 'Verona Tour', 'Museo Lapidario', 'Museo Miniscalchi', 'Sighseeing']",Castelvecchio,strategy_nearest,True,0.004108905792236328,success
045396429C4C80,3,['Arena'],Torre Lamberti,"['Sighseeing', 'Centro Fotografia', 'Museo Conte', 'Casa Giulietta', 'Palazzo della Ragione']",Santa Anastasia,strategy_nearest,False,0.0014691352844238281,success
04539A429C4C80,0,"['Arena', 'Teatro Romano']",Giardino Giusti,"['Santa Anastasia', 'Museo Conte', 'Centro Fotografia', 'Museo Storia', 'AMO']",Casa Giulietta,strategy_nearest,False,0.0026001930236816406,success
045399429C4C80,0,['Tomba Giulietta'],Arena,"['Verona Tour', 'Museo Lapidario', 'Museo Radio', 'San Fermo', 'Casa Giulietta']",Santa Anastasia,strategy_nearest,False,0.0018837451934814453,success
04539F429C4C80,1,"['Arena', 'Casa Giulietta']",Duomo,"['AMO', 'Museo Miniscalchi', 'Santa Anastasia', 'Teatro Romano', 'Palazzo della Ragione']",Torre Lamberti,strategy_nearest,False,0.0033609867095947266,success
04539D429C4C80,0,['Arena'],San Fermo,"['Museo Storia', 'Museo Radio', 'Casa Giulietta', 'Centro Fotografia', 'Sighseeing']",Casa Giulietta,strategy_nearest,True,0.002650022506713867,success
0453A54A9C4C80,0,['Arena'],Castelvecchio,"['Museo Lapidario', 'Verona Tour', 'Museo Radio', 'San Zeno', 'Sighseeing']",Casa Giulietta,strategy_nearest,False,0.0022177696228027344,success
0453B73A9C4C80,0,['Arena'],Casa Giulietta,"['Centro Fotografia', 'Sighseeing', 'Torre Lamberti', 'Museo Conte', 'Museo Radio']",Santa Anastasia,strategy_nearest,False,0.0019350051879882812,success
0453BD429C4C80,3,"['Castelvecchio', 'Arena']",Casa Giulietta,"['Centro Fotografia', 'Sighseeing', 'Torre Lamberti', 'Museo Conte', 'Museo Radio']",Torre Lamberti,strategy_nearest,True,0.002480030059814453,success
0453B0429C4C80,3,['Teatro Romano'],Duomo,"['AMO', 'Museo Miniscalchi', 'Santa Anastasia', 'Palazzo della Ragione', 'Museo Conte']",Arena,strategy_nearest,False,0.0033011436462402344,success
0453BE429C4C80,0,"['Castelvecchio', 'Arena']",Casa Giulietta,"['Centro Fotografia', 'Sighseeing', 'Torre Lamberti', 'Museo Conte', 'Museo Radio']",Torre Lamberti,strategy_nearest,True,0.0031440258026123047,success
0453C13A9C4C80,0,"['Castelvecchio', 'Arena']",Casa Giulietta,"['Centro Fotografia', 'Sighseeing', 'Torre Lamberti', 'Museo Conte', 'Museo Radio']",Duomo,strategy_nearest,False,0.0026781558990478516,success
0453C2429C4C80,0,['Torre Lamberti'],Arena,"['Verona Tour', 'Museo Lapidario', 'Museo Radio', 'San Fermo', 'Casa Giulietta']",Giardino Giusti,strategy_nearest,False,0.003397226333618164,success
0453DC429C4C80,3,"['Santa Anastasia', 'Arena', 'Castelvecchio']",Tomba Giulietta,"['San Fermo', 'Museo Storia', 'Museo Lapidario', 'Museo Radio', 'Verona Tour']",San Zeno,strategy_nearest,False,0.0018799304962158203,success
0453F03A9C4C80,2,['Teatro Romano'],Duomo,"['AMO', 'Museo Miniscalchi', 'Santa Anastasia', 'Palazzo della Ragione', 'Museo Conte']",Casa Giulietta,strategy_nearest,False,0.0029811859130859375,success
0453D33A9C4C80,0,['Teatro Romano'],Arena,"['Verona Tour', 'Museo Lapidario', 'Museo Radio', 'San Fermo', 'Casa Giulietta']",Casa Giulietta,strategy_nearest,True,0.0032613277435302734,success
045403429C4C84,3,"['Santa Anastasia', 'Duomo']",Arena,"['Verona Tour', 'Museo Lapidario', 'Museo Radio', 'San Fermo', 'Casa Giulietta']",Casa Giulietta,strategy_nearest,True,0.0024487972259521484,success
04540A429C4C84,3,"['Arena', 'Castelvecchio', 'San Zeno']",Duomo,"['AMO', 'Museo Miniscalchi', 'Santa Anastasia', 'Teatro Romano', 'Palazzo della Ragione']",Santa Anastasia,strategy_nearest,True,0.004200935363769531,success
04541B3A9C4C80,0,['Arena'],Casa Giulietta,"['Centro Fotografia', 'Sighseeing', 'Torre Lamberti', 'Museo Conte', 'Museo Radio']",Torre Lamberti,strategy_nearest,True,0.0031309127807617188,success
045413429C4C84,0,['Arena'],Casa Giulietta,"['Centro Fotografia', 'Sighseeing', 'Torre Lamberti', 'Museo Conte', 'Museo Radio']",Santa Anastasia,strategy_nearest,False,0.0019359588623046875,success
04541B429C4C84,2,"['Tomba Giulietta', 'Casa Giulietta']",Torre Lamberti,"['Sighseeing', 'Centro Fotografia', 'Museo Conte', 'Palazzo della Ragione', 'AMO']",Palazzo della Ragione,strategy_nearest,True,0.0040018558502197266,success
04546B3A9C4C80,4,"['Casa Giulietta', 'Museo Lapidario', 'Teatro Romano', 'Giardino Giusti']",Tomba Giulietta,"['San Fermo', 'Museo Storia', 'Arena', 'Museo Radio', 'Verona Tour']",Museo Radio,strategy_nearest,True,0.0021140575408935547,success
04546B429C4C80,2,"['Palazzo della Ragione', 'Torre Lamberti']",Santa Anastasia,"['AMO', 'Museo Conte', 'Teatro Romano', 'Centro Fotografia', 'Duomo']",Teatro Romano,strategy_nearest,True,0.002683877944946289,success
04541C429C4C84,3,"['Arena', 'Casa Giulietta']",Santa Anastasia,"['AMO', 'Museo Conte', 'Palazzo della Ragione', 'Teatro Romano', 'Centro Fotografia']",Duomo,strategy_nearest,False,0.0022063255310058594,success
045476429C4C80,1,"['Museo Lapidario', 'Arena', 'San Fermo']",Casa Giulietta,"['Centro Fotografia', 'Sighseeing', 'Torre Lamberti', 'Museo Conte', 'Museo Radio']",Santa Anastasia,strategy_nearest,False,0.002343893051147461,success
0454804A9C4C80,3,"['Arena', 'Torre Lamberti']",Torre Lamberti,"['Sighseeing', 'Centro Fotografia', 'Museo Conte', 'Casa Giulietta', 'Palazzo della Ragione']",Duomo,strategy_nearest,False,0.0016040802001953125,success
04547F429C4C80,3,"['Arena', 'Castelvecchio']",Santa Anastasia,"['AMO', 'Museo Conte', 'Palazzo della Ragione', 'Teatro Romano', 'Centro Fotografia']",Torre Lamberti,strategy_nearest,False,0.0028672218322753906,success
04547C3A9C4C80,2,['Castelvecchio'],Casa Giulietta,"['Centro Fotografia', 'Sighseeing', 'Torre Lamberti', 'Museo Conte', 'Museo Radio']",Giardino Giusti,strategy_nearest,False,0.0035898685455322266,success
045487429C4C80,2,['Castelvecchio'],San Zeno,"['Verona Tour', 'Museo Lapidario', 'Arena', 'Museo Miniscalchi', 'Sighseeing']",Casa Giulietta,strategy_nearest,False,0.0023169517517089844,success
0454834A9C4C80,2,['Duomo'],Teatro Romano,"['Santa Anastasia', 'AMO', 'Palazzo della Ragione', 'Museo Conte', 'Centro Fotografia']",Casa Giulietta,strategy_nearest,False,0.0016677379608154297,success
0454824A9C4C80,0,['Arena'],Casa Giulietta,"['Centro Fotografia', 'Sighseeing', 'Torre Lamberti', 'Museo Conte', 'Museo Radio']",Santa Anastasia,strategy_nearest,False,0.003039121627807617,success
04548C4A9C4C80,3,"['Arena', 'Castelvecchio', 'Casa Giulietta']",Santa Anastasia,"['AMO', 'Museo Conte', 'Palazzo della Ragione', 'Teatro Romano', 'Centro Fotografia']",Teatro Romano,strategy_nearest,True,0.0034999847412109375,success
045495429C4C80,0,"['Castelvecchio', 'Museo Lapidario']",Arena,"['Verona Tour', 'Museo Radio', 'San Fermo', 'Casa Giulietta', 'Sighseeing']",Casa Giulietta,strategy_nearest,True,0.001909017562866211,success
04549A429C4C80,1,"['Arena', 'Casa Giulietta', 'Palazzo della Ragione']",Torre Lamberti,"['Sighseeing', 'Centro Fotografia', 'Museo Conte', 'AMO', 'Museo Miniscalchi']",Castelvecchio,strategy_nearest,False,0.0018591880798339844,success
04548E4A9C4C80,0,['Arena'],Casa Giulietta,"['Centro Fotografia', 'Sighseeing', 'Torre Lamberti', 'Museo Conte', 'Museo Radio']",Torre Lamberti,strategy_nearest,True,0.003400087356567383,success
04549D429C4C80,0,"['Arena', 'Casa Giulietta']",Teatro Romano,"['Santa Anastasia', 'Duomo', 'AMO', 'Palazzo della Ragione', 'Museo Conte']",Castelvecchio,strategy_nearest,False,0.003186941146850586,success
0454A1429C4C80,3,"['Arena', 'Casa Giulietta']",Torre Lamberti,"['Sighseeing', 'Centro Fotografia', 'Museo Conte', 'Palazzo della Ragione', 'AMO']",Santa Anastasia,strategy_nearest,False,0.002971172332763672,success
0454A6429C4C80,0,['Casa Giulietta'],Tomba Giulietta,"['San Fermo', 'Museo Storia', 'Arena', 'Museo Lapidario', 'Museo Radio']",Arena,strategy_nearest,True,0.003262042999267578,success
0454A63A9C4C80,0,['Arena'],Museo Lapidario,"['Verona Tour', 'Castelvecchio', 'Museo Radio', 'San Fermo', 'Casa Giulietta']",Tomba Giulietta,strategy_nearest,False,0.003412008285522461,success
0454A3429C4C80,0,"['Arena', 'Torre Lamberti']",Duomo,"['AMO', 'Museo Miniscalchi', 'Santa Anastasia', 'Teatro Romano', 'Palazzo della Ragione']",Casa Giulietta,strategy_nearest,False,0.002803325653076172,success
0454A83A9C4C80,2,['Torre Lamberti'],Palazzo della Ragione,"['AMO', 'Museo Conte', 'Centro Fotografia', 'Sighseeing', 'Santa Anastasia']",Casa Giulietta,strategy_nearest,False,0.002682924270629883,success
0454A74A9C4C80,1,"['Santa Anastasia', 'Palazzo della Ragione']",Casa Giulietta,"['Centro Fotografia', 'Sighseeing', 'Torre Lamberti', 'Museo Conte', 'Museo Radio']",Arena,strategy_nearest,False,0.0015308856964111328,success
0454A93A9C4C80,0,['Arena'],Castelvecchio,"['Museo Lapidario', 'Verona Tour', 'Museo Radio', 'San Zeno', 'Sighseeing']",Casa Giulietta,strategy_nearest,False,0.0032792091369628906,success
0454A73A9C4C80,1,"['Arena', 'Museo Lapidario', 'Casa Giulietta']",Torre Lamberti,"['Sighseeing', 'Centro Fotografia', 'Museo Conte', 'Palazzo della Ragione', 'AMO']",Palazzo della Ragione,strategy_nearest,True,0.0021500587463378906,success
0454BE429C4C80,0,['Castelvecchio'],Arena,"['Verona Tour', 'Museo Lapidario', 'Museo Radio', 'San Fermo', 'Casa Giulietta']",Casa Giulietta,strategy_nearest,True,0.001397848129272461,success
0454AD3A9C4C80,0,['Arena'],Casa Giulietta,"['Centro Fotografia', 'Sighseeing', 'Torre Lamberti', 'Museo Conte', 'Museo Radio']",Santa Anastasia,strategy_nearest,False,0.002804994583129883,success
0454C5429C4C80,3,"['Arena', 'Casa Giulietta']",Santa Anastasia,"['AMO', 'Museo Conte', 'Palazzo della Ragione', 'Teatro Romano', 'Centro Fotografia']",Duomo,strategy_nearest,False,0.003259897232055664,success
0454B33A9C4C80,0,"['Arena', 'Castelvecchio']",Duomo,"['AMO', 'Museo Miniscalchi', 'Santa Anastasia', 'Teatro Romano', 'Palazzo della Ragione']",Teatro Romano,strategy_nearest,True,0.0034110546112060547,success
0454C83A9C4C80,3,"['Arena', 'Casa Giulietta']",Torre Lamberti,"['Sighseeing', 'Centro Fotografia', 'Museo Conte', 'Palazzo della Ragione', 'AMO']",Teatro Romano,strategy_nearest,False,0.003662109375,success
0454CA3A9C4C80,0,['Casa Giulietta'],Torre Lamberti,"['Sighseeing', 'Centro Fotografia', 'Museo Conte', 'Palazzo della Ragione', 'AMO']",Arena,strategy_nearest,False,0.002191781997680664,success
0454D93A9C4C80,1,"['Arena', 'Casa Giulietta']",Torre Lamberti,"['Sighseeing', 'Centro Fotografia', 'Museo Conte', 'Palazzo della Ragione', 'AMO']",Palazzo della Ragione,strategy_nearest,True,0.0030069351196289062,success
0454DE3A9C4C80,2,"['Castelvecchio', 'San Zeno']",Torre Lamberti,"['Sighseeing', 'Centro Fotografia', 'Museo Conte', 'Casa Giulietta', 'Palazzo della Ragione']",Santa Anastasia,strategy_nearest,False,0.003148794174194336,success
0454F93A9C4C80,3,"['Casa Giulietta', 'Santa Anastasia', 'Teatro Romano']",Duomo,"['AMO', 'Museo Miniscalchi', 'Palazzo della Ragione', 'Museo Conte', 'Torre Lamberti']",Arena,strategy_nearest,False,0.0026819705963134766,success
0454EE3A9C4C80,1,['Palazzo della Ragione'],Torre Lamberti,"['Sighseeing', 'Centro Fotografia', 'Museo Conte', 'Casa Giulietta', 'AMO']",Casa Giulietta,strategy_nearest,True,0.0021071434020996094,success
0454EB3A9C4C80,0,['San Zeno'],Castelvecchio,"['Museo Lapidario', 'Verona Tour', 'Arena', 'Museo Radio', 'Sighseeing']",Arena,strategy_nearest,True,0.0014731884002685547,success
045507429C4C84,1,['Palazzo della Ragione'],Santa Anastasia,"['AMO', 'Museo Conte', 'Teatro Romano', 'Centro Fotografia', 'Duomo']",Arena,strategy_nearest,False,0.003390789031982422,success
045514429C4C84,0,['Arena'],Torre Lamberti,"['Sighseeing', 'Centro Fotografia', 'Museo Conte', 'Casa Giulietta', 'Palazzo della Ragione']",Casa Giulietta,strategy_nearest,True,0.002624988555908203,success
04550A429C4C84,2,['Santa Anastasia'],Torre Lamberti,"['Sighseeing', 'Centro Fotografia', 'Museo Conte', 'Casa Giulietta', 'Palazzo della Ragione']",Castelvecchio,strategy_nearest,False,0.001895904541015625,success
04551C429C4C84,1,"['Arena', 'Casa Giulietta']",Palazzo della Ragione,"['AMO', 'Museo Conte', 'Torre Lamberti', 'Centro Fotografia', 'Sighseeing']",Torre Lamberti,strategy_nearest,True,0.002588033676147461,success
04551C4A9C4C80,3,"['Arena', 'Castelvecchio', 'Torre Lamberti', 'Santa Anastasia']",Duomo,"['AMO', 'Museo Miniscalchi', 'Teatro Romano', 'Palazzo della Ragione', 'Museo Conte']",Teatro Romano,strategy_nearest,True,0.003047943115234375,success
0455203A9C4C80,3,['Arena'],Santa Anastasia,"['AMO', 'Museo Conte', 'Palazzo della Ragione', 'Teatro Romano', 'Centro Fotografia']",Duomo,strategy_nearest,False,0.002432107925415039,success
0455283A9C4C80,2,"['San Fermo', 'Casa Giulietta']",Santa Anastasia,"['AMO', 'Museo Conte', 'Palazzo della Ragione', 'Teatro Romano', 'Centro Fotografia']",Castelvecchio,strategy_nearest,False,0.0030319690704345703,success
0455214A9C4C80,3,"['Casa Giulietta', 'Santa Anastasia', 'San Fermo']",Arena,"['Verona Tour', 'Museo Lapidario', 'Museo Radio', 'Sighseeing', 'Castelvecchio']",Castelvecchio,strategy_nearest,True,0.0042247772216796875,success
0455223A9C4C80,0,['Castelvecchio'],Torre Lamberti,"['Sighseeing', 'Centro Fotografia', 'Museo Conte', 'Casa Giulietta', 'Palazzo della Ragione']",Arena,strategy_nearest,False,0.002763032913208008,success
0455333A9C4C80,1,"['Torre Lamberti', 'Santa Anastasia']",Teatro Romano,"['Duomo', 'AMO', 'Palazzo della Ragione', 'Museo Conte', 'Centro Fotografia']",Palazzo della Ragione,strategy_nearest,True,0.004103899002075195,success
0455343A9C4C80,1,['Arena'],Torre Lamberti,"['Sighseeing', 'Centro Fotografia', 'Museo Conte', 'Casa Giulietta', 'Palazzo della Ragione']",Palazzo della Ragione,strategy_nearest,True,0.0036149024963378906,success
04556C429C4C80,1,"['Arena', 'Casa Giulietta']",Palazzo della Ragione,"['AMO', 'Museo Conte', 'Torre Lamberti', 'Centro Fotografia', 'Sighseeing']",Santa Anastasia,strategy_nearest,False,0.0028657913208007812,success
0455453A9C4C80,0,['Casa Giulietta'],Tomba Giulietta,"['San Fermo', 'Museo Storia', 'Arena', 'Museo Lapidario', 'Museo Radio']",Arena,strategy_nearest,True,0.0014541149139404297,success
04556F429C4C80,3,['Arena'],Castelvecchio,"['Museo Lapidario', 'Verona Tour', 'Museo Radio', 'San Zeno', 'Sighseeing']",San Zeno,strategy_nearest,True,0.003083944320678711,success
045582429C4C80,2,['Santa Anastasia'],Duomo,"['AMO', 'Museo Miniscalchi', 'Teatro Romano', 'Palazzo della Ragione', 'Museo Conte']",Casa Giulietta,strategy_nearest,False,0.002824068069458008,success
04557E429C4C80,0,['Castelvecchio'],Arena,"['Verona Tour', 'Museo Lapidario', 'Museo Radio', 'San Fermo', 'Casa Giulietta']",Casa Giulietta,strategy_nearest,True,0.0011959075927734375,success
0455824A9C4C80,1,"['Arena', 'Torre Lamberti']",Palazzo della Ragione,"['AMO', 'Museo Conte', 'Centro Fotografia', 'Sighseeing', 'Santa Anastasia']",Teatro Romano,strategy_nearest,False,0.0033807754516601562,success
0455844A9C4C80,0,['Arena'],Casa Giulietta,"['Centro Fotografia', 'Sighseeing', 'Torre Lamberti', 'Museo Conte', 'Museo Radio']",Duomo,strategy_nearest,False,0.002566814422607422,success
045591429C4C80,0,['Arena'],San Fermo,"['Museo Storia', 'Museo Radio', 'Casa Giulietta', 'Centro Fotografia', 'Sighseeing']",Torre Lamberti,strategy_nearest,False,0.0027031898498535156,success
0455834A9C4C80,0,"['Arena', 'San Fermo']",Museo Storia,"['Museo Radio', 'Casa Giulietta', 'Centro Fotografia', 'Tomba Giulietta', 'Torre Lamberti']",Casa Giulietta,strategy_nearest,True,0.0025320053100585938,success
04558F4A9C4C80,0,['Arena'],Casa Giulietta,"['Centro Fotografia', 'Sighseeing', 'Torre Lamberti', 'Museo Conte', 'Museo Radio']",Torre Lamberti,strategy_nearest,True,0.0033729076385498047,success
045598429C4C80,0,"['Arena', 'Torre Lamberti']",Teatro Romano,"['Santa Anastasia', 'Duomo', 'AMO', 'Palazzo della Ragione', 'Museo Conte']",Castelvecchio,strategy_nearest,False,0.0033473968505859375,success
0455984A9C4C80,2,['Castelvecchio'],Casa Giulietta,"['Centro Fotografia', 'Sighseeing', 'Torre Lamberti', 'Museo Conte', 'Museo Radio']",Duomo,strategy_nearest,False,0.001987934112548828,success
045594429C4C80,0,['Arena'],Castelvecchio,"['Museo Lapidario', 'Verona Tour', 'Museo Radio', 'San Zeno', 'Sighseeing']",Torre Lamberti,strategy_nearest,False,0.004010200500488281,success
045596429C4C80,3,['Arena'],Torre Lamberti,"['Sighseeing', 'Centro Fotografia', 'Museo Conte', 'Casa Giulietta', 'Palazzo della Ragione']",Santa Anastasia,strategy_nearest,False,0.0015912055969238281,success
04559C429C4C80,3,['Santa Anastasia'],Torre Lamberti,"['Sighseeing', 'Centro Fotografia', 'Museo Conte', 'Casa Giulietta', 'Palazzo della Ragione']",Arena,strategy_nearest,False,0.0013699531555175781,success
0455A3429C4C80,3,['Arena'],Torre Lamberti,"['Sighseeing', 'Centro Fotografia', 'Museo Conte', 'Casa Giulietta', 'Palazzo della Ragione']",Santa Anastasia,strategy_nearest,False,0.002119779586791992,success
0455A34A9C4C80,3,['Duomo'],Torre Lamberti,"['Sighseeing', 'Centro Fotografia', 'Museo Conte', 'Casa Giulietta', 'Palazzo della Ragione']",Arena,strategy_nearest,False,0.003364086151123047,success
0455A63A9C4C80,3,['Arena'],Casa Giulietta,"['Centro Fotografia', 'Sighseeing', 'Torre Lamberti', 'Museo Conte', 'Museo Radio']",Santa Anastasia,strategy_nearest,False,0.002714872360229492,success
0455A84A9C4C80,3,"['Teatro Romano', 'Duomo', 'Santa Anastasia', 'Casa Giulietta']",San Fermo,"['Museo Storia', 'Museo Radio', 'Centro Fotografia', 'Arena', 'Sighseeing']",Tomba Giulietta,strategy_nearest,False,0.0028600692749023438,success
0455E73A9C4C80,0,"['Arena', 'Castelvecchio']",Casa Giulietta,"['Centro Fotografia', 'Sighseeing', 'Torre Lamberti', 'Museo Conte', 'Museo Radio']",Torre Lamberti,strategy_nearest,True,0.003156900405883789,success
0455BF429C4C80,2,"['San Fermo', 'San Zeno', 'Castelvecchio']",Santa Anastasia,"['AMO', 'Museo Conte', 'Palazzo della Ragione', 'Teatro Romano', 'Centro Fotografia']",Palazzo della Ragione,strategy_nearest,True,0.003432035446166992,success
0455D5429C4C80,2,['Santa Anastasia'],Castelvecchio,"['Museo Lapidario', 'Verona Tour', 'Arena', 'Museo Radio', 'San Zeno']",San Zeno,strategy_nearest,True,0.002696990966796875,success
0455EB3A9C4C80,3,"['Arena', 'San Zeno']",Duomo,"['AMO', 'Museo Miniscalchi', 'Santa Anastasia', 'Teatro Romano', 'Palazzo della Ragione']",Santa Anastasia,strategy_nearest,True,0.002187013626098633,success
0455F8429C4C80,2,['Casa Giulietta'],Torre Lamberti,"['Sighseeing', 'Centro Fotografia', 'Museo Conte', 'Palazzo della Ragione', 'AMO']",Duomo,strategy_nearest,False,0.0028200149536132812,success
04560F429C4C84,0,['Arena'],Torre Lamberti,"['Sighseeing', 'Centro Fotografia', 'Museo Conte', 'Casa Giulietta', 'Palazzo della Ragione']",Casa Giulietta,strategy_nearest,True,0.003301858901977539,success
045606429C4C84,2,"['Tomba Giulietta', 'San Fermo', 'Santa Anastasia']",Castelvecchio,"['Museo Lapidario', 'Verona Tour', 'Arena', 'Museo Radio', 'San Zeno']",Museo Lapidario,strategy_nearest,True,0.0013179779052734375,success
0456323A9C4C80,3,['Torre Lamberti'],Santa Anastasia,"['AMO', 'Museo Conte', 'Palazzo della Ragione', 'Teatro Romano', 'Centro Fotografia']",Duomo,strategy_nearest,False,0.00267791748046875,success
045628429C4C80,1,"['Museo Lapidario', 'Castelvecchio', 'Arena']",Teatro Romano,"['Santa Anastasia', 'Duomo', 'AMO', 'Palazzo della Ragione', 'Museo Conte']",Tomba Giulietta,strategy_nearest,False,0.0034799575805664062,success
045618429C4C84,3,"['Castelvecchio', 'Arena', 'Casa Giulietta']",Torre Lamberti,"['Sighseeing', 'Centro Fotografia', 'Museo Conte', 'Palazzo della Ragione', 'AMO']",Duomo,strategy_nearest,False,0.002277851104736328,success
045617429C4C84,2,['Casa Giulietta'],Palazzo della Ragione,"['AMO', 'Museo Conte', 'Torre Lamberti', 'Centro Fotografia', 'Sighseeing']",Torre Lamberti,strategy_nearest,True,0.002908945083618164,success
0456333A9C4C80,3,['Torre Lamberti'],Arena,"['Verona Tour', 'Museo Lapidario', 'Museo Radio', 'San Fermo', 'Casa Giulietta']",Santa Anastasia,strategy_nearest,False,0.0033087730407714844,success
04563C4A9C4C80,2,"['Teatro Romano', 'Santa Anastasia']",Castelvecchio,"['Museo Lapidario', 'Verona Tour', 'Arena', 'Museo Radio', 'San Zeno']",San Zeno,strategy_nearest,True,0.001474142074584961,success
045637429C4C80,3,['Teatro Romano'],Casa Giulietta,"['Centro Fotografia', 'Sighseeing', 'Torre Lamberti', 'Museo Conte', 'Museo Radio']",Arena,strategy_nearest,False,0.002688169479370117,success
0456433A9C4C80,3,"['Teatro Romano', 'Casa Giulietta', 'San Zeno']",Castelvecchio,"['Museo Lapidario', 'Verona Tour', 'Arena', 'Museo Radio', 'Sighseeing']",Arena,strategy_nearest,True,0.001956939697265625,success
04564D429C4C80,3,"['Castelvecchio', 'Arena']",Casa Giulietta,"['Centro Fotografia', 'Sighseeing', 'Torre Lamberti', 'Museo Conte', 'Museo Radio']",Santa Anastasia,strategy_nearest,False,0.0015690326690673828,success
04564C429C4C80,2,['Palazzo della Ragione'],Torre Lamberti,"['Sighseeing', 'Centro Fotografia', 'Museo Conte', 'Casa Giulietta', 'AMO']",Casa Giulietta,strategy_nearest,True,0.0034189224243164062,success
04564E429C4C80,0,['Arena'],Casa Giulietta,"['Centro Fotografia', 'Sighseeing', 'Torre Lamberti', 'Museo Conte', 'Museo Radio']",Torre Lamberti,strategy_nearest,True,0.0027132034301757812,success
0456523A9C4C80,0,['Castelvecchio'],Arena,"['Verona Tour', 'Museo Lapidario', 'Museo Radio', 'San Fermo', 'Casa Giulietta']",Casa Giulietta,strategy_nearest,True,0.002009153366088867,success
04565B429C4C80,3,"['Arena', 'San Zeno']",Castelvecchio,"['Museo Lapidario', 'Verona Tour', 'Museo Radio', 'Sighseeing', 'Museo Miniscalchi']",Santa Anastasia,strategy_nearest,False,0.0020029544830322266,success
04565E429C4C80,0,['Tomba Giulietta'],Arena,"['Verona Tour', 'Museo Lapidario', 'Museo Radio', 'San Fermo', 'Casa Giulietta']",Castelvecchio,strategy_nearest,False,0.0025610923767089844,success
0456593A9C4C80,3,"['San Zeno', 'Castelvecchio', 'Casa Giulietta']",Teatro Romano,"['Santa Anastasia', 'Duomo', 'AMO', 'Palazzo della Ragione', 'Museo Conte']",Duomo,strategy_nearest,True,0.0014500617980957031,success
04565F429C4C80,1,['Arena'],Torre Lamberti,"['Sighseeing', 'Centro Fotografia', 'Museo Conte', 'Casa Giulietta', 'Palazzo della Ragione']",Palazzo della Ragione,strategy_nearest,True,0.003144979476928711,success
04566A429C4C80,0,['Torre Lamberti'],Arena,"['Verona Tour', 'Museo Lapidario', 'Museo Radio', 'San Fermo', 'Casa Giulietta']",Castelvecchio,strategy_nearest,False,0.002390146255493164,success
045672429C4C80,3,['Arena'],Santa Anastasia,"['AMO', 'Museo Conte', 'Palazzo della Ragione', 'Teatro Romano', 'Centro Fotografia']",Duomo,strategy_nearest,False,0.001664876937866211,success
04566D429C4C80,0,['Arena'],Casa Giulietta,"['Centro Fotografia', 'Sighseeing', 'Torre Lamberti', 'Museo Conte', 'Museo Radio']",Teatro Romano,strategy_nearest,False,0.002592802047729492,success
04566F3A9C4C80,1,"['Castelvecchio', 'San Zeno', 'Teatro Romano']",Palazzo della Ragione,"['AMO', 'Museo Conte', 'Torre Lamberti', 'Centro Fotografia', 'Sighseeing']",Torre Lamberti,strategy_nearest,True,0.0038530826568603516,success
045676429C4C80,3,"['Arena', 'San Zeno']",Duomo,"['AMO', 'Museo Miniscalchi', 'Santa Anastasia', 'Teatro Romano', 'Palazzo della Ragione']",Torre Lamberti,strategy_nearest,False,0.002393007278442383,success
0456783A9C4C80,0,['Arena'],Casa Giulietta,"['Centro Fotografia', 'Sighseeing', 'Torre Lamberti', 'Museo Conte', 'Museo Radio']",Torre Lamberti,strategy_nearest,True,0.0025649070739746094,success
045673429C4C80,1,['Arena'],Torre Lamberti,"['Sighseeing', 'Centro Fotografia', 'Museo Conte', 'Casa Giulietta', 'Palazzo della Ragione']",Palazzo della Ragione,strategy_nearest,True,0.003435850143432617,success
045678429C4C80,0,['Arena'],Casa Giulietta,"['Centro Fotografia', 'Sighseeing', 'Torre Lamberti', 'Museo Conte', 'Museo Radio']",Torre Lamberti,strategy_nearest,True,0.0030031204223632812,success
04567F429C4C80,3,"['Arena', 'San Fermo']",Torre Lamberti,"['Sighseeing', 'Centro Fotografia', 'Museo Conte', 'Casa Giulietta', 'Palazzo della Ragione']",Santa Anastasia,strategy_nearest,False,0.002646923065185547,success
0456844A9C4C80,1,"['Arena', 'Castelvecchio', 'San Zeno']",Casa Giulietta,"['Centro Fotografia', 'Sighseeing', 'Torre Lamberti', 'Museo Conte', 'Museo Radio']",Palazzo della Ragione,strategy_nearest,False,0.002356290817260742,success
045686429C4C80,2,['Casa Giulietta'],Torre Lamberti,"['Sighseeing', 'Centro Fotografia', 'Museo Conte', 'Palazzo della Ragione', 'AMO']",Santa Anastasia,strategy_nearest,False,0.0026128292083740234,success
0456924A9C4C80,1,"['Arena', 'Palazzo della Ragione', 'Torre Lamberti']",Casa Giulietta,"['Centro Fotografia', 'Sighseeing', 'Museo Conte', 'Museo Radio', 'San Fermo']",San Fermo,strategy_nearest,True,0.0018448829650878906,success
04568E3A9C4C80,0,['Arena'],Torre Lamberti,"['Sighseeing', 'Centro Fotografia', 'Museo Conte', 'Casa Giulietta', 'Palazzo della Ragione']",Casa Giulietta,strategy_nearest,True,0.003834247589111328,success
0456A1429C4C80,1,"['Arena', 'Casa Giulietta']",Torre Lamberti,"['Sighseeing', 'Centro Fotografia', 'Museo Conte', 'Palazzo della Ragione', 'AMO']",Palazzo della Ragione,strategy_nearest,True,0.0027780532836914062,success
045695429C4C80,0,['Arena'],Casa Giulietta,"['Centro Fotografia', 'Sighseeing', 'Torre Lamberti', 'Museo Conte', 'Museo Radio']",Torre Lamberti,strategy_nearest,True,0.004575014114379883,success
0456A14A9C4C80,1,"['Teatro Romano', 'Santa Anastasia', 'Palazzo della Ragione']",Torre Lamberti,"['Sighseeing', 'Centro Fotografia', 'Museo Conte', 'Casa Giulietta', 'AMO']",Casa Giulietta,strategy_nearest,True,0.0013489723205566406,success
04569F4A9C4C80,1,"['Arena', 'Casa Giulietta', 'Santa Anastasia']",Duomo,"['AMO', 'Museo Miniscalchi', 'Teatro Romano', 'Palazzo della Ragione', 'Museo Conte']",Torre Lamberti,strategy_nearest,False,0.004855632781982422,success
0456A4429C4C80,1,"['Arena', 'Casa Giulietta']",Torre Lamberti,"['Sighseeing', 'Centro Fotografia', 'Museo Conte', 'Palazzo della Ragione', 'AMO']",Palazzo della Ragione,strategy_nearest,True,0.002051830291748047,success
0456A34A9C4C80,0,['Arena'],Castelvecchio,"['Museo Lapidario', 'Verona Tour', 'Museo Radio', 'San Zeno', 'Sighseeing']",San Zeno,strategy_nearest,True,0.0034019947052001953,success
0456A5429C4C80,2,['Duomo'],Santa Anastasia,"['AMO', 'Museo Conte', 'Palazzo della Ragione', 'Teatro Romano', 'Centro Fotografia']",Torre Lamberti,strategy_nearest,False,0.0018911361694335938,success
0456A9429C4C80,0,['Arena'],Casa Giulietta,"['Centro Fotografia', 'Sighseeing', 'Torre Lamberti', 'Museo Conte', 'Museo Radio']",Castelvecchio,strategy_nearest,False,0.0018091201782226562,success
0456A63A9C4C80,0,['Arena'],Casa Giulietta,"['Centro Fotografia', 'Sighseeing', 'Torre Lamberti', 'Museo Conte', 'Museo Radio']",Palazzo della Ragione,strategy_nearest,False,0.003325939178466797,success
0456AC3A9C4C80,3,['Arena'],Casa Giulietta,"['Centro Fotografia', 'Sighseeing', 'Torre Lamberti', 'Museo Conte', 'Museo Radio']",Santa Anastasia,strategy_nearest,False,0.0026178359985351562,success
0456B63A9C4C80,1,"['Arena', 'Casa Giulietta']",Palazzo della Ragione,"['AMO', 'Museo Conte', 'Torre Lamberti', 'Centro Fotografia', 'Sighseeing']",Torre Lamberti,strategy_nearest,True,0.0032148361206054688,success
0456D03A9C4C80,1,"['Arena', 'Casa Giulietta']",Torre Lamberti,"['Sighseeing', 'Centro Fotografia', 'Museo Conte', 'Palazzo della Ragione', 'AMO']",Palazzo della Ragione,strategy_nearest,True,0.002424955368041992,success
0456E53A9C4C80,0,"['Castelvecchio', 'Arena']",Casa Giulietta,"['Centro Fotografia', 'Sighseeing', 'Torre Lamberti', 'Museo Conte', 'Museo Radio']",San Fermo,strategy_nearest,False,0.002602815628051758,success
0456EE3A9C4C80,1,"['Arena', 'Casa Giulietta', 'Torre Lamberti']",Palazzo della Ragione,"['AMO', 'Museo Conte', 'Centro Fotografia', 'Sighseeing', 'Santa Anastasia']",Santa Anastasia,strategy_nearest,True,0.0023832321166992188,success
0456E23A9C4C80,3,"['Arena', 'Arena', 'San Fermo']",Casa Giulietta,"['Centro Fotografia', 'Sighseeing', 'Torre Lamberti', 'Museo Conte', 'Museo Radio']",Torre Lamberti,strategy_nearest,True,0.0027358531951904297,success
0456EA3A9C4C80,2,['Casa Giulietta'],Palazzo della Ragione,"['AMO', 'Museo Conte', 'Torre Lamberti', 'Centro Fotografia', 'Sighseeing']",Torre Lamberti,strategy_nearest,True,0.004033088684082031,success
0456FF3A9C4C80,3,"['Arena', 'Torre Lamberti']",Duomo,"['AMO', 'Museo Miniscalchi', 'Santa Anastasia', 'Teatro Romano', 'Palazzo della Ragione']",Teatro Romano,strategy_nearest,True,0.001634836196899414,success
045706429C4C84,3,"['Arena', 'San Fermo', 'Duomo', 'Santa Anastasia']",Torre Lamberti,"['Sighseeing', 'Centro Fotografia', 'Museo Conte', 'Casa Giulietta', 'Palazzo della Ragione']",San Zeno,strategy_nearest,False,0.0031630992889404297,success
0456FB429C4C80,3,"['Arena', 'Castelvecchio', 'Casa Giulietta', 'Torre Lamberti']",Santa Anastasia,"['AMO', 'Museo Conte', 'Palazzo della Ragione', 'Teatro Romano', 'Centro Fotografia']",Duomo,strategy_nearest,False,0.0027551651000976562,success
045712429C4C84,2,['Castelvecchio'],Santa Anastasia,"['AMO', 'Museo Conte', 'Palazzo della Ragione', 'Teatro Romano', 'Centro Fotografia']",San Fermo,strategy_nearest,False,0.00512385368347168,success
0457143A9C4C84,1,"['San Zeno', 'Arena', 'Palazzo della Ragione']",Torre Lamberti,"['Sighseeing', 'Centro Fotografia', 'Museo Conte', 'Casa Giulietta', 'AMO']",Teatro Romano,strategy_nearest,False,0.0025119781494140625,success
04571A429C4C84,0,['Arena'],Casa Giulietta,"['Centro Fotografia', 'Sighseeing', 'Torre Lamberti', 'Museo Conte', 'Museo Radio']",Duomo,strategy_nearest,False,0.002067089080810547,success
04571B429C4C84,1,"['San Fermo', 'Torre Lamberti', 'Teatro Romano', 'Duomo']",Castelvecchio,"['Museo Lapidario', 'Verona Tour', 'Arena', 'Museo Radio', 'San Zeno']",Museo Lapidario,strategy_nearest,True,0.003103017807006836,success
04571D3A9C4C80,0,"['Castelvecchio', 'San Fermo', 'Casa Giulietta']",Teatro Romano,"['Santa Anastasia', 'Duomo', 'AMO', 'Palazzo della Ragione', 'Museo Conte']",Torre Lamberti,strategy_nearest,False,0.001730203628540039,success
04571F3A9C4C84,3,['San Zeno'],Arena,"['Verona Tour', 'Museo Lapidario', 'Museo Radio', 'San Fermo', 'Casa Giulietta']",Duomo,strategy_nearest,False,0.0032160282135009766,success
04571F429C4C84,0,['Arena'],Casa Giulietta,"['Centro Fotografia', 'Sighseeing', 'Torre Lamberti', 'Museo Conte', 'Museo Radio']",Santa Anastasia,strategy_nearest,False,0.002588987350463867,success
0457244A9C4C80,0,['Castelvecchio'],Casa Giulietta,"['Centro Fotografia', 'Sighseeing', 'Torre Lamberti', 'Museo Conte', 'Museo Radio']",Arena,strategy_nearest,False,0.002717733383178711,success
045735429C4C80,3,"['Teatro Romano', 'Duomo']",Casa Giulietta,"['Centro Fotografia', 'Sighseeing', 'Torre Lamberti', 'Museo Conte', 'Museo Radio']",Arena,strategy_nearest,False,0.002665996551513672,success
04572A3A9C4C80,3,"['Santa Anastasia', 'Casa Giulietta']",San Fermo,"['Museo Storia', 'Museo Radio', 'Centro Fotografia', 'Arena', 'Sighseeing']",Arena,strategy_nearest,True,0.0032711029052734375,success
045738429C4C80,3,"['Teatro Romano', 'Casa Giulietta']",Arena,"['Verona Tour', 'Museo Lapidario', 'Museo Radio', 'San Fermo', 'Sighseeing']",Santa Anastasia,strategy_nearest,False,0.0034389495849609375,success
04574B429C4C80,2,"['Santa Anastasia', 'Teatro Romano']",Casa Giulietta,"['Centro Fotografia', 'Sighseeing', 'Torre Lamberti', 'Museo Conte', 'Museo Radio']",Castelvecchio,strategy_nearest,False,0.0027608871459960938,success
045754429C4C80,3,"['Arena', 'Torre Lamberti']",Santa Anastasia,"['AMO', 'Museo Conte', 'Palazzo della Ragione', 'Teatro Romano', 'Centro Fotografia']",Duomo,strategy_nearest,False,0.0026352405548095703,success
045742429C4C80,1,"['Castelvecchio', 'Arena', 'Torre Lamberti']",Palazzo della Ragione,"['AMO', 'Museo Conte', 'Centro Fotografia', 'Sighseeing', 'Santa Anastasia']",Santa Anastasia,strategy_nearest,True,0.002077817916870117,success
04575F429C4C80,1,"['Casa Giulietta', 'Arena']",Tomba Giulietta,"['San Fermo', 'Museo Storia', 'Museo Lapidario', 'Museo Radio', 'Verona Tour']",Torre Lamberti,strategy_nearest,False,0.003329038619995117,success
045774429C4C80,0,['Casa Giulietta'],Arena,"['Verona Tour', 'Museo Lapidario', 'Museo Radio', 'San Fermo', 'Sighseeing']",Castelvecchio,strategy_nearest,False,0.002564668655395508,success
04576A429C4C80,3,"['Torre Lamberti', 'Santa Anastasia']",Duomo,"['AMO', 'Museo Miniscalchi', 'Teatro Romano', 'Palazzo della Ragione', 'Museo Conte']",Arena,strategy_nearest,False,0.0018608570098876953,success
04578E429C4C80,3,"['Arena', 'Tomba Giulietta']",Casa Giulietta,"['Centro Fotografia', 'Sighseeing', 'Torre Lamberti', 'Museo Conte', 'Museo Radio']",Torre Lamberti,strategy_nearest,True,0.0025212764739990234,success
045788429C4C80,1,"['Casa Giulietta', 'Torre Lamberti']",Palazzo della Ragione,"['AMO', 'Museo Conte', 'Centro Fotografia', 'Sighseeing', 'Santa Anastasia']",Santa Anastasia,strategy_nearest,True,0.0033609867095947266,success
045799429C4C80,1,"['Arena', 'Casa Giulietta']",Torre Lamberti,"['Sighseeing', 'Centro Fotografia', 'Museo Conte', 'Palazzo della Ragione', 'AMO']",Palazzo della Ragione,strategy_nearest,True,0.002541065216064453,success
045798429C4C80,0,['Arena'],Castelvecchio,"['Museo Lapidario', 'Verona Tour', 'Museo Radio', 'San Zeno', 'Sighseeing']",Casa Giulietta,strategy_nearest,False,0.002385854721069336,success
04578F3A9C4C80,1,"['Arena', 'San Zeno', 'Castelvecchio', 'Santa Anastasia']",Palazzo della Ragione,"['AMO', 'Museo Conte', 'Torre Lamberti', 'Centro Fotografia', 'Sighseeing']",Torre Lamberti,strategy_nearest,True,0.0035610198974609375,success
04579B429C4C80,0,['Arena'],Castelvecchio,"['Museo Lapidario', 'Verona Tour', 'Museo Radio', 'San Zeno', 'Sighseeing']",Casa Giulietta,strategy_nearest,False,0.0024890899658203125,success
04579D429C4C80,0,['Castelvecchio'],Arena,"['Verona Tour', 'Museo Lapidario', 'Museo Radio', 'San Fermo', 'Casa Giulietta']",Santa Anastasia,strategy_nearest,False,0.0020220279693603516,success
0457A1429C4C80,3,"['Castelvecchio', 'Arena']",Torre Lamberti,"['Sighseeing', 'Centro Fotografia', 'Museo Conte', 'Casa Giulietta', 'Palazzo della Ragione']",Santa Anastasia,strategy_nearest,False,0.0032241344451904297,success
04579F429C4C80,2,['Casa Giulietta'],Palazzo della Ragione,"['AMO', 'Museo Conte', 'Torre Lamberti', 'Centro Fotografia', 'Sighseeing']",Torre Lamberti,strategy_nearest,True,0.002868175506591797,success
0457A4429C4C80,2,"['Castelvecchio', 'Torre Lamberti']",Casa Giulietta,"['Centro Fotografia', 'Sighseeing', 'Museo Conte', 'Museo Radio', 'Palazzo della Ragione']",Santa Anastasia,strategy_nearest,False,0.0023529529571533203,success
0457A44A9C4C80,0,['Arena'],Castelvecchio,"['Museo Lapidario', 'Verona Tour', 'Museo Radio', 'San Zeno', 'Sighseeing']",San Zeno,strategy_nearest,True,0.004306793212890625,success
0457A73A9C4C80,3,"['Arena', 'Casa Giulietta']",Torre Lamberti,"['Sighseeing', 'Centro Fotografia', 'Museo Conte', 'Palazzo della Ragione', 'AMO']",Teatro Romano,strategy_nearest,False,0.0028438568115234375,success
0457A8429C4C80,0,['Arena'],Casa Giulietta,"['Centro Fotografia', 'Sighseeing', 'Torre Lamberti', 'Museo Conte', 'Museo Radio']",Castelvecchio,strategy_nearest,False,0.0029561519622802734,success
0457A5429C4C80,2,"['Santa Anastasia', 'Casa Giulietta', 'Torre Lamberti']",Palazzo della Ragione,"['AMO', 'Museo Conte', 'Centro Fotografia', 'Sighseeing', 'Museo Miniscalchi']",Castelvecchio,strategy_nearest,False,0.0022439956665039062,success
0457AB4A9C4C80,1,['Arena'],Casa Giulietta,"['Centro Fotografia', 'Sighseeing', 'Torre Lamberti', 'Museo Conte', 'Museo Radio']",Palazzo della Ragione,strategy_nearest,False,0.0016350746154785156,success
0457B5429C4C80,2,"['Duomo', 'Teatro Romano']",Torre Lamberti,"['Sighseeing', 'Centro Fotografia', 'Museo Conte', 'Casa Giulietta', 'Palazzo della Ragione']",Casa Giulietta,strategy_nearest,True,0.0027120113372802734,success
0457B43A9C4C80,0,['Arena'],Casa Giulietta,"['Centro Fotografia', 'Sighseeing', 'Torre Lamberti', 'Museo Conte', 'Museo Radio']",Torre Lamberti,strategy_nearest,True,0.002062082290649414,success
0457AE429C4C80,0,['Arena'],Teatro Romano,"['Santa Anastasia', 'Duomo', 'AMO', 'Palazzo della Ragione', 'Museo Conte']",Castelvecchio,strategy_nearest,False,0.0034248828887939453,success
0457B9429C4C80,3,"['Casa Giulietta', 'Duomo']",Teatro Romano,"['Santa Anastasia', 'AMO', 'Palazzo della Ragione', 'Museo Conte', 'Centro Fotografia']",Torre Lamberti,strategy_nearest,False,0.0028696060180664062,success
0457BC3A9C4C80,0,['Arena'],Casa Giulietta,"['Centro Fotografia', 'Sighseeing', 'Torre Lamberti', 'Museo Conte', 'Museo Radio']",Teatro Romano,strategy_nearest,False,0.0015647411346435547,success
0457E43A9C4C80,0,['Arena'],Casa Giulietta,"['Centro Fotografia', 'Sighseeing', 'Torre Lamberti', 'Museo Conte', 'Museo Radio']",Torre Lamberti,strategy_nearest,True,0.003203153610229492,success
0457DD3A9C4C80,0,['San Zeno'],Arena,"['Verona Tour', 'Museo Lapidario', 'Museo Radio', 'San Fermo', 'Casa Giulietta']",San Fermo,strategy_nearest,True,0.002708911895751953,success
0457CD3A9C4C80,0,['Arena'],Casa Giulietta,"['Centro Fotografia', 'Sighseeing', 'Torre Lamberti', 'Museo Conte', 'Museo Radio']",Torre Lamberti,strategy_nearest,True,0.0028100013732910156,success
0457D7429C4C80,2,['Casa Giulietta'],Giardino Giusti,"['Santa Anastasia', 'Teatro Romano', 'Museo Conte', 'Centro Fotografia', 'Museo Storia']",Teatro Romano,strategy_nearest,True,0.0026907920837402344,success
0457F9429C4C80,2,"['Casa Giulietta', 'Museo Lapidario', 'San Fermo']",Torre Lamberti,"['Sighseeing', 'Centro Fotografia', 'Museo Conte', 'Palazzo della Ragione', 'AMO']",Duomo,strategy_nearest,False,0.002065896987915039,success
0458023A9C4C84,2,['Teatro Romano'],Casa Giulietta,"['Centro Fotografia', 'Sighseeing', 'Torre Lamberti', 'Museo Conte', 'Museo Radio']",Torre Lamberti,strategy_nearest,True,0.0026030540466308594,success
0457F4429C4C80,1,"['Arena', 'San Fermo', 'San Zeno', 'Castelvecchio', 'Casa Giulietta']",Torre Lamberti,"['Sighseeing', 'Centro Fotografia', 'Museo Conte', 'Palazzo della Ragione', 'AMO']",Palazzo della Ragione,strategy_nearest,True,0.0014960765838623047,success
0457E63A9C4C80,0,"['Arena', 'Casa Giulietta']",San Fermo,"['Museo Storia', 'Museo Radio', 'Centro Fotografia', 'Sighseeing', 'Torre Lamberti']",Teatro Romano,strategy_nearest,False,0.003598928451538086,success
04580B3A9C4C84,0,['Casa Giulietta'],Castelvecchio,"['Museo Lapidario', 'Verona Tour', 'Arena', 'Museo Radio', 'San Zeno']",Arena,strategy_nearest,True,0.002412080764770508,success
045809429C4C84,1,"['Torre Lamberti', 'Santa Anastasia', 'Teatro Romano']",Torre Lamberti,"['Sighseeing', 'Centro Fotografia', 'Museo Conte', 'Casa Giulietta', 'Palazzo della Ragione']",Palazzo della Ragione,strategy_nearest,True,0.002546072006225586,success
04580E429C4C84,3,"['Arena', 'Castelvecchio', 'Torre Lamberti', 'San Fermo']",Teatro Romano,"['Santa Anastasia', 'Duomo', 'AMO', 'Palazzo della Ragione', 'Museo Conte']",Duomo,strategy_nearest,True,0.0034248828887939453,success
045812429C4C84,2,"['San Zeno', 'San Zeno']",Castelvecchio,"['Museo Lapidario', 'Verona Tour', 'Arena', 'Museo Radio', 'Sighseeing']",Santa Anastasia,strategy_nearest,False,0.002501964569091797,success
045818429C4C84,1,"['Arena', 'Casa Giulietta']",Torre Lamberti,"['Sighseeing', 'Centro Fotografia', 'Museo Conte', 'Palazzo della Ragione', 'AMO']",Palazzo della Ragione,strategy_nearest,True,0.003030061721801758,success
045815429C4C84,3,"['Arena', 'Casa Giulietta', 'Torre Lamberti']",Santa Anastasia,"['AMO', 'Museo Conte', 'Palazzo della Ragione', 'Teatro Romano', 'Centro Fotografia']",Duomo,strategy_nearest,False,0.002758026123046875,success
0458214A9C4C80,0,"['Arena', 'Castelvecchio']",Casa Giulietta,"['Centro Fotografia', 'Sighseeing', 'Torre Lamberti', 'Museo Conte', 'Museo Radio']",Torre Lamberti,strategy_nearest,True,0.0033979415893554688,success
0458224A9C4C80,2,"['Castelvecchio', 'Giardino Giusti']",Teatro Romano,"['Santa Anastasia', 'Duomo', 'AMO', 'Palazzo della Ragione', 'Museo Conte']",Duomo,strategy_nearest,True,0.001744985580444336,success
04582C429C4C80,6,"['Museo Lapidario', 'Castelvecchio']",Verona Tour,"['Arena', 'Museo Radio', 'Casa Giulietta', 'Sighseeing', 'Torre Lamberti']",San Fermo,strategy_nearest,False,0.0025169849395751953,success
04582C3A9C4C80,3,['Arena'],San Fermo,"['Museo Storia', 'Museo Radio', 'Casa Giulietta', 'Centro Fotografia', 'Sighseeing']",Santa Anastasia,strategy_nearest,False,0.003304004669189453,success
04582F3A9C4C80,3,"['Torre Lamberti', 'Teatro Romano', 'Duomo', 'Santa Anastasia']",Arena,"['Verona Tour', 'Museo Lapidario', 'Museo Radio', 'San Fermo', 'Casa Giulietta']",Casa Giulietta,strategy_nearest,True,0.0023849010467529297,success
04582F429C4C80,1,['Arena'],Torre Lamberti,"['Sighseeing', 'Centro Fotografia', 'Museo Conte', 'Casa Giulietta', 'Palazzo della Ragione']",Palazzo della Ragione,strategy_nearest,True,0.003735780715942383,success
0458373A9C4C80,0,['Arena'],Castelvecchio,"['Museo Lapidario', 'Verona Tour', 'Museo Radio', 'San Zeno', 'Sighseeing']",Torre Lamberti,strategy_nearest,False,0.0017549991607666016,success
04583B3A9C4C80,2,['Palazzo della Ragione'],Castelvecchio,"['Museo Lapidario', 'Verona Tour', 'Arena', 'Museo Radio', 'San Zeno']",Museo Storia,strategy_nearest,False,0.0031511783599853516,success
04583D3A9C4C80,3,"['Casa Giulietta', 'Santa Anastasia']",Duomo,"['AMO', 'Museo Miniscalchi', 'Teatro Romano', 'Palazzo della Ragione', 'Museo Conte']",Arena,strategy_nearest,False,0.003123044967651367,success
0458423A9C4C80,1,"['Casa Giulietta', 'Torre Lamberti', 'Palazzo della Ragione']",Arena,"['Verona Tour', 'Museo Lapidario', 'Museo Radio', 'San Fermo', 'Sighseeing']",Santa Anastasia,strategy_nearest,False,0.0024068355560302734,success
04583D4A9C4C80,2,['Teatro Romano'],Santa Anastasia,"['AMO', 'Museo Conte', 'Palazzo della Ragione', 'Centro Fotografia', 'Duomo']",San Fermo,strategy_nearest,False,0.0034041404724121094,success
04583D429C4C80,3,['Arena'],Santa Anastasia,"['AMO', 'Museo Conte', 'Palazzo della Ragione', 'Teatro Romano', 'Centro Fotografia']",Duomo,strategy_nearest,False,0.0027327537536621094,success
045842429C4C80,1,"['Castelvecchio', 'Arena', 'Torre Lamberti']",Palazzo della Ragione,"['AMO', 'Museo Conte', 'Centro Fotografia', 'Sighseeing', 'Santa Anastasia']",Santa Anastasia,strategy_nearest,True,0.002407073974609375,success
04584C429C4C80,2,"['Torre Lamberti', 'San Zeno']",Castelvecchio,"['Museo Lapidario', 'Verona Tour', 'Arena', 'Museo Radio', 'Sighseeing']",Duomo,strategy_nearest,False,0.001798868179321289,success
0458503A9C4C80,3,"['Castelvecchio', 'Casa Giulietta', 'Torre Lamberti']",Santa Anastasia,"['AMO', 'Museo Conte', 'Palazzo della Ragione', 'Teatro Romano', 'Centro Fotografia']",Duomo,strategy_nearest,False,0.0035479068756103516,success
04585A3A9C4C80,2,"['Santa Anastasia', 'Giardino Giusti']",Teatro Romano,"['Duomo', 'AMO', 'Palazzo della Ragione', 'Museo Conte', 'Centro Fotografia']",Palazzo della Ragione,strategy_nearest,True,0.0027039051055908203,success
045863429C4C80,0,"['Torre Lamberti', 'Teatro Romano']",Castelvecchio,"['Museo Lapidario', 'Verona Tour', 'Arena', 'Museo Radio', 'San Zeno']",Arena,strategy_nearest,True,0.0030639171600341797,success
045857429C4C80,3,['Arena'],Casa Giulietta,"['Centro Fotografia', 'Sighseeing', 'Torre Lamberti', 'Museo Conte', 'Museo Radio']",Santa Anastasia,strategy_nearest,False,0.0027618408203125,success
045866429C4C80,1,"['Torre Lamberti', 'Palazzo della Ragione']",Casa Giulietta,"['Centro Fotografia', 'Sighseeing', 'Museo Conte', 'Museo Radio', 'San Fermo']",Arena,strategy_nearest,False,0.0024569034576416016,success
04586A429C4C80,0,['Arena'],Casa Giulietta,"['Centro Fotografia', 'Sighseeing', 'Torre Lamberti', 'Museo Conte', 'Museo Radio']",Teatro Romano,strategy_nearest,False,0.0018439292907714844,success
045872429C4C80,3,"['Arena', 'San Zeno']",Torre Lamberti,"['Sighseeing', 'Centro Fotografia', 'Museo Conte', 'Casa Giulietta', 'Palazzo della Ragione']",Casa Giulietta,strategy_nearest,True,0.0035359859466552734,success
04587D4A9C4C80,0,['Arena'],Casa Giulietta,"['Centro Fotografia', 'Sighseeing', 'Torre Lamberti', 'Museo Conte', 'Museo Radio']",Teatro Romano,strategy_nearest,False,0.002402067184448242,success
0458854A9C4C80,0,"['Arena', 'Museo Lapidario']",Casa Giulietta,"['Centro Fotografia', 'Sighseeing', 'Torre Lamberti', 'Museo Conte', 'Museo Radio']",Tomba Giulietta,strategy_nearest,False,0.0025191307067871094,success
0458863A9C4C80,3,"['Arena', 'Torre Lamberti']",Santa Anastasia,"['AMO', 'Museo Conte', 'Palazzo della Ragione', 'Teatro Romano', 'Centro Fotografia']",Duomo,strategy_nearest,False,0.0022351741790771484,success
045888429C4C80,1,"['Casa Giulietta', 'Torre Lamberti']",Palazzo della Ragione,"['AMO', 'Museo Conte', 'Centro Fotografia', 'Sighseeing', 'Santa Anastasia']",Santa Anastasia,strategy_nearest,True,0.0025751590728759766,success
0458864A9C4C80,0,['Arena'],Casa Giulietta,"['Centro Fotografia', 'Sighseeing', 'Torre Lamberti', 'Museo Conte', 'Museo Radio']",Duomo,strategy_nearest,False,0.0025970935821533203,success
04588C4A9C4C80,3,"['Arena', 'Casa Giulietta']",Casa Giulietta,"['Centro Fotografia', 'Sighseeing', 'Torre Lamberti', 'Museo Conte', 'Museo Radio']",Santa Anastasia,strategy_nearest,False,0.003221750259399414,success
04589A429C4C80,3,"['Arena', 'Casa Giulietta']",Torre Lamberti,"['Sighseeing', 'Centro Fotografia', 'Museo Conte', 'Palazzo della Ragione', 'AMO']",Santa Anastasia,strategy_nearest,False,0.0031387805938720703,success
04589F429C4C80,2,['Tomba Giulietta'],Casa Giulietta,"['Centro Fotografia', 'Sighseeing', 'Torre Lamberti', 'Museo Conte', 'Museo Radio']",Torre Lamberti,strategy_nearest,True,0.0028228759765625,success
04589E4A9C4C80,0,['Arena'],Castelvecchio,"['Museo Lapidario', 'Verona Tour', 'Museo Radio', 'San Zeno', 'Sighseeing']",Casa Giulietta,strategy_nearest,False,0.0021131038665771484,success
0458A0429C4C80,1,"['Arena', 'Torre Lamberti', 'Palazzo della Ragione']",Santa Anastasia,"['AMO', 'Museo Conte', 'Teatro Romano', 'Centro Fotografia', 'Duomo']",Duomo,strategy_nearest,True,0.003398895263671875,success
0458A4429C4C80,0,['Arena'],Casa Giulietta,"['Centro Fotografia', 'Sighseeing', 'Torre Lamberti', 'Museo Conte', 'Museo Radio']",Castelvecchio,strategy_nearest,False,0.0034198760986328125,success
0458AB4A9C4C80,1,"['Arena', 'Casa Giulietta', 'San Fermo']",Palazzo della Ragione,"['AMO', 'Museo Conte', 'Torre Lamberti', 'Centro Fotografia', 'Sighseeing']",Torre Lamberti,strategy_nearest,True,0.0020232200622558594,success
0458AD3A9C4C80,2,"['Castelvecchio', 'Tomba Giulietta']",San Fermo,"['Museo Storia', 'Museo Radio', 'Casa Giulietta', 'Centro Fotografia', 'Arena']",Casa Giulietta,strategy_nearest,True,0.0032498836517333984,success
0458A63A9C4C80,1,"['Arena', 'Museo Lapidario']",Castelvecchio,"['Verona Tour', 'Museo Radio', 'San Zeno', 'Sighseeing', 'Museo Miniscalchi']",Casa Giulietta,strategy_nearest,False,0.0026819705963134766,success
0458B43A9C4C80,0,['Arena'],Casa Giulietta,"['Centro Fotografia', 'Sighseeing', 'Torre Lamberti', 'Museo Conte', 'Museo Radio']",Santa Anastasia,strategy_nearest,False,0.003058195114135742,success
0458BA3A9C4C80,2,['Palazzo della Ragione'],Torre Lamberti,"['Sighseeing', 'Centro Fotografia', 'Museo Conte', 'Casa Giulietta', 'AMO']",Casa Giulietta,strategy_nearest,True,0.0021982192993164062,success
0458BE3A9C4C80,3,"['Arena', 'Casa Giulietta', 'Castelvecchio']",Torre Lamberti,"['Sighseeing', 'Centro Fotografia', 'Museo Conte', 'Palazzo della Ragione', 'AMO']",Santa Anastasia,strategy_nearest,False,0.0026781558990478516,success
0458BD3A9C4C80,3,['Arena'],Casa Giulietta,"['Centro Fotografia', 'Sighseeing', 'Torre Lamberti', 'Museo Conte', 'Museo Radio']",Torre Lamberti,strategy_nearest,True,0.003305196762084961,success
0458BF3A9C4C80,0,['Arena'],Casa Giulietta,"['Centro Fotografia', 'Sighseeing', 'Torre Lamberti', 'Museo Conte', 'Museo Radio']",Duomo,strategy_nearest,False,0.003113985061645508,success
0458C4429C4C80,0,['Arena'],Castelvecchio,"['Museo Lapidario', 'Verona Tour', 'Museo Radio', 'San Zeno', 'Sighseeing']",Duomo,strategy_nearest,False,0.004176139831542969,success
0458F83A9C4C80,0,['Casa Giulietta'],Arena,"['Verona Tour', 'Museo Lapidario', 'Museo Radio', 'San Fermo', 'Sighseeing']",Castelvecchio,strategy_nearest,False,0.0026807785034179688,success
0458CC3A9C4C80,3,['Torre Lamberti'],Duomo,"['AMO', 'Museo Miniscalchi', 'Santa Anastasia', 'Teatro Romano', 'Palazzo della Ragione']",Teatro Romano,strategy_nearest,True,0.0021219253540039062,success
0459013A9C4C84,2,"['San Fermo', 'Museo Storia']",Torre Lamberti,"['Sighseeing', 'Centro Fotografia', 'Museo Conte', 'Casa Giulietta', 'Palazzo della Ragione']",Duomo,strategy_nearest,False,0.0033600330352783203,success
045917429C4C84,2,"['Torre Lamberti', 'Palazzo della Ragione']",Santa Anastasia,"['AMO', 'Museo Conte', 'Teatro Romano', 'Centro Fotografia', 'Duomo']",Duomo,strategy_nearest,True,0.0031342506408691406,success
045913429C4C84,3,"['Arena', 'Castelvecchio']",San Zeno,"['Verona Tour', 'Museo Lapidario', 'Museo Miniscalchi', 'Sighseeing', 'Museo Radio']",Santa Anastasia,strategy_nearest,False,0.002579927444458008,success
04590C429C4C84,1,"['Castelvecchio', 'Arena', 'Casa Giulietta']",Torre Lamberti,"['Sighseeing', 'Centro Fotografia', 'Museo Conte', 'Palazzo della Ragione', 'AMO']",Palazzo della Ragione,strategy_nearest,True,0.0026848316192626953,success
04591A3A9C4C80,3,"['Arena', 'Casa Giulietta']",Torre Lamberti,"['Sighseeing', 'Centro Fotografia', 'Museo Conte', 'Palazzo della Ragione', 'AMO']",Santa Anastasia,strategy_nearest,False,0.0033168792724609375,success
04591B4A9C4C80,2,"['Casa Giulietta', 'Torre Lamberti']",Palazzo della Ragione,"['AMO', 'Museo Conte', 'Centro Fotografia', 'Sighseeing', 'Santa Anastasia']",Santa Anastasia,strategy_nearest,True,0.0017600059509277344,success
04591D3A9C4C84,3,"['Arena', 'Duomo']",Teatro Romano,"['Santa Anastasia', 'AMO', 'Palazzo della Ragione', 'Museo Conte', 'Centro Fotografia']",Santa Anastasia,strategy_nearest,True,0.0025968551635742188,success
04591E3A9C4C80,0,"['Duomo', 'Casa Giulietta']",Castelvecchio,"['Museo Lapidario', 'Verona Tour', 'Arena', 'Museo Radio', 'San Zeno']",Arena,strategy_nearest,True,0.002508878707885742,success
04591D429C4C80,0,['Arena'],Tomba Giulietta,"['San Fermo', 'Museo Storia', 'Museo Lapidario', 'Museo Radio', 'Verona Tour']",Teatro Romano,strategy_nearest,False,0.003287076950073242,success
04591E3A9C4C84,3,"['Arena', 'Casa Giulietta']",Santa Anastasia,"['AMO', 'Museo Conte', 'Palazzo della Ragione', 'Teatro Romano', 'Centro Fotografia']",Teatro Romano,strategy_nearest,True,0.0031778812408447266,success
04592B429C4C80,6,"['Castelvecchio', 'Torre Lamberti']",Palazzo della Ragione,"['AMO', 'Museo Conte', 'Centro Fotografia', 'Sighseeing', 'Santa Anastasia']",San Zeno,strategy_nearest,False,0.002669811248779297,success
045930429C4C80,0,"['Castelvecchio', 'Arena']",Casa Giulietta,"['Centro Fotografia', 'Sighseeing', 'Torre Lamberti', 'Museo Conte', 'Museo Radio']",Torre Lamberti,strategy_nearest,True,0.003100872039794922,success
04591E429C4C84,1,['Arena'],Palazzo della Ragione,"['AMO', 'Museo Conte', 'Torre Lamberti', 'Centro Fotografia', 'Sighseeing']",Santa Anastasia,strategy_nearest,False,0.0030591487884521484,success
04592A4A9C4C80,2,"['Tomba Giulietta', 'San Zeno', 'Castelvecchio', 'Castelvecchio']",Casa Giulietta,"['Centro Fotografia', 'Sighseeing', 'Torre Lamberti', 'Museo Conte', 'Museo Radio']",Palazzo della Ragione,strategy_nearest,False,0.003323078155517578,success
045957429C4C80,0,['Castelvecchio'],Torre Lamberti,"['Sighseeing', 'Centro Fotografia', 'Museo Conte', 'Casa Giulietta', 'Palazzo della Ragione']",Casa Giulietta,strategy_nearest,True,0.0018382072448730469,success
04593A429C4C80,0,['Arena'],Santa Anastasia,"['AMO', 'Museo Conte', 'Palazzo della Ragione', 'Teatro Romano', 'Centro Fotografia']",Castelvecchio,strategy_nearest,False,0.0023851394653320312,success
04594C429C4C80,0,"['Arena', 'Casa Giulietta']",Torre Lamberti,"['Sighseeing', 'Centro Fotografia', 'Museo Conte', 'Palazzo della Ragione', 'AMO']",Teatro Romano,strategy_nearest,False,0.0028200149536132812,success
04595A3A9C4C80,0,['Arena'],Duomo,"['AMO', 'Museo Miniscalchi', 'Santa Anastasia', 'Teatro Romano', 'Palazzo della Ragione']",San Zeno,strategy_nearest,False,0.002527952194213867,success
045959429C4C80,2,"['Castelvecchio', 'Casa Giulietta']",Torre Lamberti,"['Sighseeing', 'Centro Fotografia', 'Museo Conte', 'Palazzo della Ragione', 'AMO']",Palazzo della Ragione,strategy_nearest,True,0.003469705581665039,success
045969429C4C80,3,"['Arena', 'Castelvecchio', 'Casa Giulietta']",Torre Lamberti,"['Sighseeing', 'Centro Fotografia', 'Museo Conte', 'Palazzo della Ragione', 'AMO']",Santa Anastasia,strategy_nearest,False,0.002975940704345703,success
04596D429C4C80,0,['Casa Giulietta'],Torre Lamberti,"['Sighseeing', 'Centro Fotografia', 'Museo Conte', 'Palazzo della Ragione', 'AMO']",Arena,strategy_nearest,False,0.0025632381439208984,success
045975429C4C80,3,['Arena'],Casa Giulietta,"['Centro Fotografia', 'Sighseeing', 'Torre Lamberti', 'Museo Conte', 'Museo Radio']",Santa Anastasia,strategy_nearest,False,0.0026400089263916016,success
0459753A9C4C80,0,"['Casa Giulietta', 'Torre Lamberti']",Arena,"['Verona Tour', 'Museo Lapidario', 'Museo Radio', 'San Fermo', 'Sighseeing']",Castelvecchio,strategy_nearest,False,0.002730131149291992,success
045976429C4C80,2,['Santa Anastasia'],Duomo,"['AMO', 'Museo Miniscalchi', 'Teatro Romano', 'Palazzo della Ragione', 'Museo Conte']",Castelvecchio,strategy_nearest,False,0.0031118392944335938,success
045980429C4C80,1,"['Arena', 'Casa Giulietta']",Torre Lamberti,"['Sighseeing', 'Centro Fotografia', 'Museo Conte', 'Palazzo della Ragione', 'AMO']",Palazzo della Ragione,strategy_nearest,True,0.002156972885131836,success
045983429C4C80,1,"['Arena', 'Casa Giulietta']",Torre Lamberti,"['Sighseeing', 'Centro Fotografia', 'Museo Conte', 'Palazzo della Ragione', 'AMO']",Palazzo della Ragione,strategy_nearest,True,0.001965045928955078,success
04597E3A9C4C80,2,['San Fermo'],Museo Storia,"['Museo Radio', 'Casa Giulietta', 'Centro Fotografia', 'Tomba Giulietta', 'Arena']",Palazzo della Ragione,strategy_nearest,False,0.004024028778076172,success
0459833A9C4C80,0,['Arena'],Castelvecchio,"['Museo Lapidario', 'Verona Tour', 'Museo Radio', 'San Zeno', 'Sighseeing']",San Fermo,strategy_nearest,False,0.003359079360961914,success
04598C4A9C4C80,1,"['Arena', 'Casa Giulietta', 'Casa Giulietta']",Torre Lamberti,"['Sighseeing', 'Centro Fotografia', 'Museo Conte', 'Palazzo della Ragione', 'AMO']",Palazzo della Ragione,strategy_nearest,True,0.0029282569885253906,success
045988429C4C80,1,"['Casa Giulietta', 'Torre Lamberti']",Palazzo della Ragione,"['AMO', 'Museo Conte', 'Centro Fotografia', 'Sighseeing', 'Santa Anastasia']",Arena,strategy_nearest,False,0.0024309158325195312,success
04598B4A9C4C80,1,['Arena'],Torre Lamberti,"['Sighseeing', 'Centro Fotografia', 'Museo Conte', 'Casa Giulietta', 'Palazzo della Ragione']",Palazzo della Ragione,strategy_nearest,True,0.0017468929290771484,success
04599D429C4C80,3,"['Tomba Giulietta', 'Arena']",Casa Giulietta,"['Centro Fotografia', 'Sighseeing', 'Torre Lamberti', 'Museo Conte', 'Museo Radio']",Torre Lamberti,strategy_nearest,True,0.0022079944610595703,success
04599E429C4C80,0,['Arena'],Casa Giulietta,"['Centro Fotografia', 'Sighseeing', 'Torre Lamberti', 'Museo Conte', 'Museo Radio']",Santa Anastasia,strategy_nearest,False,0.003323078155517578,success
0459924A9C4C80,1,['Arena'],Casa Giulietta,"['Centro Fotografia', 'Sighseeing', 'Torre Lamberti', 'Museo Conte', 'Museo Radio']",Torre Lamberti,strategy_nearest,True,0.0014908313751220703,success
045992429C4C80,3,['Arena'],Casa Giulietta,"['Centro Fotografia', 'Sighseeing', 'Torre Lamberti', 'Museo Conte', 'Museo Radio']",Torre Lamberti,strategy_nearest,True,0.003564119338989258,success
0459A0429C4C80,0,['Arena'],Casa Giulietta,"['Centro Fotografia', 'Sighseeing', 'Torre Lamberti', 'Museo Conte', 'Museo Radio']",Teatro Romano,strategy_nearest,False,0.002647876739501953,success
0459AA3A9C4C80,1,"['Arena', 'Casa Giulietta']",Palazzo della Ragione,"['AMO', 'Museo Conte', 'Torre Lamberti', 'Centro Fotografia', 'Sighseeing']",Duomo,strategy_nearest,False,0.002669095993041992,success
0459A5429C4C80,0,['Arena'],Casa Giulietta,"['Centro Fotografia', 'Sighseeing', 'Torre Lamberti', 'Museo Conte', 'Museo Radio']",Casa Giulietta,strategy_nearest,False,0.0011911392211914062,success
0459AB429C4C80,3,['Santa Anastasia'],Teatro Romano,"['Duomo', 'AMO', 'Palazzo della Ragione', 'Museo Conte', 'Centro Fotografia']",Arena,strategy_nearest,False,0.003526926040649414,success
0459AF429C4C80,3,['Casa Giulietta'],Santa Anastasia,"['AMO', 'Museo Conte', 'Palazzo della Ragione', 'Teatro Romano', 'Centro Fotografia']",San Fermo,strategy_nearest,False,0.0023190975189208984,success
0459CE3A9C4C80,0,['Arena'],Casa Giulietta,"['Centro Fotografia', 'Sighseeing', 'Torre Lamberti', 'Museo Conte', 'Museo Radio']",Castelvecchio,strategy_nearest,False,0.002640962600708008,success
0459BD429C4C80,3,"['San Zeno', 'Arena']",San Fermo,"['Museo Storia', 'Museo Radio', 'Casa Giulietta', 'Centro Fotografia', 'Sighseeing']",Casa Giulietta,strategy_nearest,True,0.0034868717193603516,success
0459D23A9C4C80,1,"['Tomba Giulietta', 'San Zeno']",Teatro Romano,"['Santa Anastasia', 'Duomo', 'AMO', 'Palazzo della Ragione', 'Museo Conte']",Palazzo della Ragione,strategy_nearest,True,0.002641916275024414,success
0459D1429C4C80,3,"['San Fermo', 'Santa Anastasia', 'Arena', 'Casa Giulietta']",Tomba Giulietta,"['Museo Storia', 'Museo Lapidario', 'Museo Radio', 'Verona Tour', 'Castelvecchio']",Duomo,strategy_nearest,False,0.001875162124633789,success
0459DF3A9C4C80,0,"['San Zeno', 'Torre Lamberti']",Casa Giulietta,"['Centro Fotografia', 'Sighseeing', 'Museo Conte', 'Museo Radio', 'Palazzo della Ragione']",Arena,strategy_nearest,False,0.002613067626953125,success
0459F33A9C4C80,2,['Castelvecchio'],Palazzo della Ragione,"['AMO', 'Museo Conte', 'Torre Lamberti', 'Centro Fotografia', 'Sighseeing']",Santa Anastasia,strategy_nearest,False,0.002465963363647461,success
0459EB429C4C80,1,"['San Fermo', 'Castelvecchio']",Arena,"['Verona Tour', 'Museo Lapidario', 'Museo Radio', 'Casa Giulietta', 'Sighseeing']",Tomba Giulietta,strategy_nearest,False,0.003200054168701172,success
0459FF429C4C80,2,"['Castelvecchio', 'San Zeno', 'Santa Anastasia', 'Duomo']",Teatro Romano,"['AMO', 'Palazzo della Ragione', 'Museo Conte', 'Centro Fotografia', 'Museo Miniscalchi']",San Fermo,strategy_nearest,False,0.003200054168701172,success
045A00429C4C84,1,"['Casa Giulietta', 'Arena', 'Museo Lapidario', 'Castelvecchio']",San Fermo,"['Museo Storia', 'Museo Radio', 'Centro Fotografia', 'Sighseeing', 'Torre Lamberti']",Torre Lamberti,strategy_nearest,True,0.0021278858184814453,success
045A05429C4C84,2,"['Torre Lamberti', 'Teatro Romano']",Santa Anastasia,"['AMO', 'Museo Conte', 'Palazzo della Ragione', 'Centro Fotografia', 'Duomo']",Duomo,strategy_nearest,True,0.0027446746826171875,success
045A17429C4C84,3,"['Arena', 'Torre Lamberti']",Santa Anastasia,"['AMO', 'Museo Conte', 'Palazzo della Ragione', 'Teatro Romano', 'Centro Fotografia']",Teatro Romano,strategy_nearest,True,0.003065824508666992,success
045A0D429C4C84,0,['Casa Giulietta'],Castelvecchio,"['Museo Lapidario', 'Verona Tour', 'Arena', 'Museo Radio', 'San Zeno']",Arena,strategy_nearest,True,0.003287076950073242,success
045A183A9C4C80,3,['Arena'],Santa Anastasia,"['AMO', 'Museo Conte', 'Palazzo della Ragione', 'Teatro Romano', 'Centro Fotografia']",Duomo,strategy_nearest,False,0.0023751258850097656,success
045A18429C4C80,0,['Arena'],Castelvecchio,"['Museo Lapidario', 'Verona Tour', 'Museo Radio', 'San Zeno', 'Sighseeing']",Duomo,strategy_nearest,False,0.0029671192169189453,success
045A1B429C4C84,2,['San Fermo'],Casa Giulietta,"['Centro Fotografia', 'Sighseeing', 'Torre Lamberti', 'Museo Conte', 'Museo Radio']",Castelvecchio,strategy_nearest,False,0.002830982208251953,success
045A1E429C4C84,1,['Arena'],Palazzo della Ragione,"['AMO', 'Museo Conte', 'Torre Lamberti', 'Centro Fotografia', 'Sighseeing']",Santa Anastasia,strategy_nearest,False,0.0025680065155029297,success
045A1E3A9C4C84,3,"['Arena', 'San Fermo']",Santa Anastasia,"['AMO', 'Museo Conte', 'Palazzo della Ragione', 'Teatro Romano', 'Centro Fotografia']",Teatro Romano,strategy_nearest,True,0.003535032272338867,success
045A1F3A9C4C84,3,"['Arena', 'Tomba Giulietta']",San Fermo,"['Museo Storia', 'Museo Radio', 'Casa Giulietta', 'Centro Fotografia', 'Sighseeing']",Casa Giulietta,strategy_nearest,True,0.0033206939697265625,success
045A2A3A9C4C80,1,"['Casa Giulietta', 'Palazzo della Ragione', 'Torre Lamberti', 'Santa Anastasia']",Duomo,"['AMO', 'Museo Miniscalchi', 'Teatro Romano', 'Museo Conte', 'Centro Fotografia']",Teatro Romano,strategy_nearest,True,0.0024437904357910156,success
045A2D4A9C4C80,0,"['Tomba Giulietta', 'Arena']",Casa Giulietta,"['Centro Fotografia', 'Sighseeing', 'Torre Lamberti', 'Museo Conte', 'Museo Radio']",Castelvecchio,strategy_nearest,False,0.0028018951416015625,success
045A323A9C4C80,0,['Arena'],Castelvecchio,"['Museo Lapidario', 'Verona Tour', 'Museo Radio', 'San Zeno', 'Sighseeing']",Duomo,strategy_nearest,False,0.0031371116638183594,success
045A2E429C4C80,2,['Casa Giulietta'],Tomba Giulietta,"['San Fermo', 'Museo Storia', 'Arena', 'Museo Lapidario', 'Museo Radio']",Teatro Romano,strategy_nearest,False,0.0031638145446777344,success
045A3A429C4C80,0,['Arena'],Casa Giulietta,"['Centro Fotografia', 'Sighseeing', 'Torre Lamberti', 'Museo Conte', 'Museo Radio']",Castelvecchio,strategy_nearest,False,0.0019500255584716797,success
045A32429C4C80,1,"['Castelvecchio', 'Duomo', 'Arena', 'Casa Giulietta']",Torre Lamberti,"['Sighseeing', 'Centro Fotografia', 'Museo Conte', 'Palazzo della Ragione', 'AMO']",Palazzo della Ragione,strategy_nearest,True,0.0032699108123779297,success
045A4B3A9C4C80,3,"['Santa Anastasia', 'Torre Lamberti', 'San Fermo']",Casa Giulietta,"['Centro Fotografia', 'Sighseeing', 'Museo Conte', 'Museo Radio', 'Palazzo della Ragione']",Teatro Romano,strategy_nearest,False,0.002652883529663086,success
045A513A9C4C80,1,"['Arena', 'Museo Lapidario']",Casa Giulietta,"['Centro Fotografia', 'Sighseeing', 'Torre Lamberti', 'Museo Conte', 'Museo Radio']",Palazzo della Ragione,strategy_nearest,False,0.0033359527587890625,success
045A56429C4C80,2,"['Castelvecchio', 'Casa Giulietta']",Torre Lamberti,"['Sighseeing', 'Centro Fotografia', 'Museo Conte', 'Palazzo della Ragione', 'AMO']",Santa Anastasia,strategy_nearest,False,0.001741170883178711,success
045A55429C4C80,2,['Castelvecchio'],Torre Lamberti,"['Sighseeing', 'Centro Fotografia', 'Museo Conte', 'Casa Giulietta', 'Palazzo della Ragione']",Palazzo della Ragione,strategy_nearest,True,0.0031709671020507812,success
045A583A9C4C80,3,"['Arena', 'Casa Giulietta']",Torre Lamberti,"['Sighseeing', 'Centro Fotografia', 'Museo Conte', 'Palazzo della Ragione', 'AMO']",Duomo,strategy_nearest,False,0.0031549930572509766,success
045A5D429C4C80,2,"['Duomo', 'Santa Anastasia']",Torre Lamberti,"['Sighseeing', 'Centro Fotografia', 'Museo Conte', 'Casa Giulietta', 'Palazzo della Ragione']",Castelvecchio,strategy_nearest,False,0.002421855926513672,success
045A61429C4C80,0,['Tomba Giulietta'],Arena,"['Verona Tour', 'Museo Lapidario', 'Museo Radio', 'San Fermo', 'Casa Giulietta']",San Fermo,strategy_nearest,True,0.0025200843811035156,success
045A66429C4C80,0,['Arena'],Casa Giulietta,"['Centro Fotografia', 'Sighseeing', 'Torre Lamberti', 'Museo Conte', 'Museo Radio']",Santa Anastasia,strategy_nearest,False,0.002790212631225586,success
045A69429C4C80,0,['Arena'],Casa Giulietta,"['Centro Fotografia', 'Sighseeing', 'Torre Lamberti', 'Museo Conte', 'Museo Radio']",Tomba Giulietta,strategy_nearest,False,0.0030298233032226562,success
045A824A9C4C80,0,['Arena'],Torre Lamberti,"['Sighseeing', 'Centro Fotografia', 'Museo Conte', 'Casa Giulietta', 'Palazzo della Ragione']",Castelvecchio,strategy_nearest,False,0.0033147335052490234,success
045A82429C4C80,3,"['Arena', 'Torre Lamberti']",Teatro Romano,"['Santa Anastasia', 'Duomo', 'AMO', 'Palazzo della Ragione', 'Museo Conte']",Duomo,strategy_nearest,True,0.0026178359985351562,success
045A854A9C4C80,3,"['Arena', 'San Fermo', 'Casa Giulietta']",Torre Lamberti,"['Sighseeing', 'Centro Fotografia', 'Museo Conte', 'Palazzo della Ragione', 'AMO']",Santa Anastasia,strategy_nearest,False,0.0030841827392578125,success
045A93429C4C80,0,"['Arena', 'Tomba Giulietta']",Castelvecchio,"['Museo Lapidario', 'Verona Tour', 'Museo Radio', 'San Zeno', 'Sighseeing']",Torre Lamberti,strategy_nearest,False,0.0025069713592529297,success
045A96429C4C80,1,"['Arena', 'Casa Giulietta']",Santa Anastasia,"['AMO', 'Museo Conte', 'Palazzo della Ragione', 'Teatro Romano', 'Centro Fotografia']",Duomo,strategy_nearest,False,0.002653360366821289,success
045A874A9C4C80,1,"['Arena', 'Tomba Giulietta']",Museo Storia,"['San Fermo', 'Museo Radio', 'Casa Giulietta', 'Centro Fotografia', 'Torre Lamberti']",Casa Giulietta,strategy_nearest,True,0.002971172332763672,success
045A974A9C4C80,0,"['Castelvecchio', 'Casa Giulietta']",Teatro Romano,"['Santa Anastasia', 'Duomo', 'AMO', 'Palazzo della Ragione', 'Museo Conte']",Torre Lamberti,strategy_nearest,False,0.003173828125,success
045A9F429C4C80,3,"['Tomba Giulietta', 'Arena', 'San Fermo']",Casa Giulietta,"['Centro Fotografia', 'Sighseeing', 'Torre Lamberti', 'Museo Conte', 'Museo Radio']",Santa Anastasia,strategy_nearest,False,0.002257823944091797,success
045A99429C4C80,1,['Castelvecchio'],Arena,"['Verona Tour', 'Museo Lapidario', 'Museo Radio', 'San Fermo', 'Casa Giulietta']",Torre Lamberti,strategy_nearest,False,0.0033550262451171875,success
045A9C429C4C80,3,"['Arena', 'Casa Giulietta']",Torre Lamberti,"['Sighseeing', 'Centro Fotografia', 'Museo Conte', 'Palazzo della Ragione', 'AMO']",Santa Anastasia,strategy_nearest,False,0.001851797103881836,success
045A9E429C4C80,0,['Arena'],Casa Giulietta,"['Centro Fotografia', 'Sighseeing', 'Torre Lamberti', 'Museo Conte', 'Museo Radio']",Santa Anastasia,strategy_nearest,False,0.004038333892822266,success
045AA84A9C4C80,0,['Arena'],Casa Giulietta,"['Centro Fotografia', 'Sighseeing', 'Torre Lamberti', 'Museo Conte', 'Museo Radio']",Torre Lamberti,strategy_nearest,True,0.0020170211791992188,success
045A9F4A9C4C80,0,['Arena'],Casa Giulietta,"['Centro Fotografia', 'Sighseeing', 'Torre Lamberti', 'Museo Conte', 'Museo Radio']",Duomo,strategy_nearest,False,0.0034117698669433594,success
045AA83A9C4C80,2,['Museo Lapidario'],Casa Giulietta,"['Centro Fotografia', 'Sighseeing', 'Torre Lamberti', 'Museo Conte', 'Museo Radio']",Teatro Romano,strategy_nearest,False,0.0032939910888671875,success
045AA34A9C4C80,3,"['Arena', 'Castelvecchio']",Santa Anastasia,"['AMO', 'Museo Conte', 'Palazzo della Ragione', 'Teatro Romano', 'Centro Fotografia']",Duomo,strategy_nearest,False,0.0021419525146484375,success
045AB9429C4C80,0,['Arena'],Castelvecchio,"['Museo Lapidario', 'Verona Tour', 'Museo Radio', 'San Zeno', 'Sighseeing']",Duomo,strategy_nearest,False,0.0014078617095947266,success
045AAA3A9C4C80,0,['Arena'],Torre Lamberti,"['Sighseeing', 'Centro Fotografia', 'Museo Conte', 'Casa Giulietta', 'Palazzo della Ragione']",Casa Giulietta,strategy_nearest,True,0.0032308101654052734,success
045ABF3A9C4C80,3,"['Arena', 'San Zeno', 'Castelvecchio']",Duomo,"['AMO', 'Museo Miniscalchi', 'Santa Anastasia', 'Teatro Romano', 'Palazzo della Ragione']",Santa Anastasia,strategy_nearest,True,0.0032770633697509766,success
045ABA429C4C80,3,['Arena'],Casa Giulietta,"['Centro Fotografia', 'Sighseeing', 'Torre Lamberti', 'Museo Conte', 'Museo Radio']",Santa Anastasia,strategy_nearest,False,0.0019807815551757812,success
045AC4429C4C80,1,"['Arena', 'Casa Giulietta', 'Palazzo della Ragione']",Tomba Giulietta,"['San Fermo', 'Museo Storia', 'Museo Lapidario', 'Museo Radio', 'Verona Tour']",Torre Lamberti,strategy_nearest,False,0.0033473968505859375,success
045AC5429C4C80,0,['Arena'],Museo Lapidario,"['Verona Tour', 'Castelvecchio', 'Museo Radio', 'San Fermo', 'Casa Giulietta']",Castelvecchio,strategy_nearest,True,0.0032601356506347656,success
045AC33A9C4C80,0,"['Arena', 'Museo Lapidario']",Tomba Giulietta,"['San Fermo', 'Museo Storia', 'Museo Radio', 'Verona Tour', 'Casa Giulietta']",San Fermo,strategy_nearest,True,0.0018460750579833984,success
045AC83A9C4C80,0,['Arena'],Castelvecchio,"['Museo Lapidario', 'Verona Tour', 'Museo Radio', 'San Zeno', 'Sighseeing']",Giardino Giusti,strategy_nearest,False,0.0020630359649658203,success
045AD43A9C4C80,3,"['Casa Giulietta', 'Arena']",Teatro Romano,"['Santa Anastasia', 'Duomo', 'AMO', 'Palazzo della Ragione', 'Museo Conte']",Santa Anastasia,strategy_nearest,True,0.0020580291748046875,success
045ACF3A9C4C80,1,"['Arena', 'Casa Giulietta', 'Torre Lamberti']",Palazzo della Ragione,"['AMO', 'Museo Conte', 'Centro Fotografia', 'Sighseeing', 'Santa Anastasia']",Santa Anastasia,strategy_nearest,True,0.0027337074279785156,success
045ACE3A9C4C80,0,"['Arena', 'Museo Lapidario']",Castelvecchio,"['Verona Tour', 'Museo Radio', 'San Zeno', 'Sighseeing', 'Museo Miniscalchi']",Casa Giulietta,strategy_nearest,False,0.003437042236328125,success
045AD13A9C4C80,2,"['Casa Giulietta', 'Tomba Giulietta']",San Fermo,"['Museo Storia', 'Museo Radio', 'Centro Fotografia', 'Arena', 'Sighseeing']",Museo Storia,strategy_nearest,True,0.0015180110931396484,success
045AFB3A9C4C80,3,"['Arena', 'Casa Giulietta']",Santa Anastasia,"['AMO', 'Museo Conte', 'Palazzo della Ragione', 'Teatro Romano', 'Centro Fotografia']",Duomo,strategy_nearest,False,0.002707242965698242,success
045AE53A9C4C80,3,"['Arena', 'Casa Giulietta', 'Santa Anastasia']",Duomo,"['AMO', 'Museo Miniscalchi', 'Teatro Romano', 'Palazzo della Ragione', 'Museo Conte']",San Zeno,strategy_nearest,False,0.002009153366088867,success
045AFE3A9C4C80,0,['Castelvecchio'],Torre Lamberti,"['Sighseeing', 'Centro Fotografia', 'Museo Conte', 'Casa Giulietta', 'Palazzo della Ragione']",Casa Giulietta,strategy_nearest,True,0.002746105194091797,success
045AFE429C4C80,2,"['Castelvecchio', 'San Fermo']",San Zeno,"['Verona Tour', 'Museo Lapidario', 'Arena', 'Museo Miniscalchi', 'Sighseeing']",Casa Giulietta,strategy_nearest,False,0.0033218860626220703,success
045B0B3A9C4C84,2,['Casa Giulietta'],Torre Lamberti,"['Sighseeing', 'Centro Fotografia', 'Museo Conte', 'Palazzo della Ragione', 'AMO']",Castelvecchio,strategy_nearest,False,0.0021851062774658203,success
045B16429C4C84,0,['Arena'],Casa Giulietta,"['Centro Fotografia', 'Sighseeing', 'Torre Lamberti', 'Museo Conte', 'Museo Radio']",Torre Lamberti,strategy_nearest,True,0.002465963363647461,success
045B0B429C4C84,3,['Arena'],Santa Anastasia,"['AMO', 'Museo Conte', 'Palazzo della Ragione', 'Teatro Romano', 'Centro Fotografia']",Duomo,strategy_nearest,False,0.0030579566955566406,success
045B0E3A9C4C84,2,"['Castelvecchio', 'San Zeno']",Santa Anastasia,"['AMO', 'Museo Conte', 'Palazzo della Ragione', 'Teatro Romano', 'Centro Fotografia']",Duomo,strategy_nearest,False,0.001905202865600586,success
045B0D429C4C84,1,"['Arena', 'Torre Lamberti']",Palazzo della Ragione,"['AMO', 'Museo Conte', 'Centro Fotografia', 'Sighseeing', 'Santa Anastasia']",Santa Anastasia,strategy_nearest,True,0.0038852691650390625,success
045B264A9C4C80,3,"['Arena', 'Teatro Romano', 'Duomo']",Santa Anastasia,"['AMO', 'Museo Conte', 'Palazzo della Ragione', 'Centro Fotografia', 'Torre Lamberti']",Castelvecchio,strategy_nearest,False,0.0019540786743164062,success
045B1F429C4C84,2,['Tomba Giulietta'],San Fermo,"['Museo Storia', 'Museo Radio', 'Casa Giulietta', 'Centro Fotografia', 'Arena']",Santa Anastasia,strategy_nearest,False,0.0015730857849121094,success
045B1B429C4C84,0,['Castelvecchio'],Arena,"['Verona Tour', 'Museo Lapidario', 'Museo Radio', 'San Fermo', 'Casa Giulietta']",Casa Giulietta,strategy_nearest,True,0.0033202171325683594,success
045B213A9C4C80,0,['Arena'],Casa Giulietta,"['Centro Fotografia', 'Sighseeing', 'Torre Lamberti', 'Museo Conte', 'Museo Radio']",Castelvecchio,strategy_nearest,False,0.003198862075805664,success
045B28429C4C80,1,"['Arena', 'Palazzo della Ragione', 'Torre Lamberti', 'Museo Storia']",San Fermo,"['Museo Radio', 'Casa Giulietta', 'Centro Fotografia', 'Sighseeing', 'Museo Conte']",Santa Anastasia,strategy_nearest,False,0.0014388561248779297,success
045B284A9C4C80,1,"['Tomba Giulietta', 'San Fermo', 'Arena', 'Palazzo della Ragione']",Torre Lamberti,"['Sighseeing', 'Centro Fotografia', 'Museo Conte', 'Casa Giulietta', 'AMO']",Santa Anastasia,strategy_nearest,False,0.0019631385803222656,success
045B2C3A9C4C80,2,"['Santa Anastasia', 'Torre Lamberti']",Casa Giulietta,"['Centro Fotografia', 'Sighseeing', 'Museo Conte', 'Museo Radio', 'Palazzo della Ragione']",Castelvecchio,strategy_nearest,False,0.0026290416717529297,success
045B2D3A9C4C80,0,['Casa Giulietta'],Giardino Giusti,"['Santa Anastasia', 'Teatro Romano', 'Museo Conte', 'Centro Fotografia', 'Museo Storia']",Castelvecchio,strategy_nearest,False,0.003359079360961914,success
045B2E429C4C80,2,['Casa Giulietta'],Santa Anastasia,"['AMO', 'Museo Conte', 'Palazzo della Ragione', 'Teatro Romano', 'Centro Fotografia']",Duomo,strategy_nearest,False,0.0017290115356445312,success
045B3A3A9C4C80,3,['Casa Giulietta'],Torre Lamberti,"['Sighseeing', 'Centro Fotografia', 'Museo Conte', 'Palazzo della Ragione', 'AMO']",Santa Anastasia,strategy_nearest,False,0.0027289390563964844,success
045B35429C4C80,3,['Torre Lamberti'],Santa Anastasia,"['AMO', 'Museo Conte', 'Palazzo della Ragione', 'Teatro Romano', 'Centro Fotografia']",Duomo,strategy_nearest,False,0.002399921417236328,success
045B3A4A9C4C80,0,['Castelvecchio'],Arena,"['Verona Tour', 'Museo Lapidario', 'Museo Radio', 'San Fermo', 'Casa Giulietta']",Casa Giulietta,strategy_nearest,True,0.0031900405883789062,success
045B3D3A9C4C80,2,"['Palazzo della Ragione', 'Torre Lamberti', 'Santa Anastasia']",Teatro Romano,"['Duomo', 'AMO', 'Museo Conte', 'Centro Fotografia', 'Museo Miniscalchi']",Castelvecchio,strategy_nearest,False,0.003117799758911133,success
045B3F429C4C80,0,['Arena'],Santa Anastasia,"['AMO', 'Museo Conte', 'Palazzo della Ragione', 'Teatro Romano', 'Centro Fotografia']",Castelvecchio,strategy_nearest,False,0.0032830238342285156,success
045B3D4A9C4C80,2,"['Teatro Romano', 'Duomo', 'Santa Anastasia', 'Casa Giulietta']",Torre Lamberti,"['Sighseeing', 'Centro Fotografia', 'Museo Conte', 'Palazzo della Ragione', 'AMO']",Giardino Giusti,strategy_nearest,False,0.001983165740966797,success
045B45429C4C80,0,['Torre Lamberti'],Arena,"['Verona Tour', 'Museo Lapidario', 'Museo Radio', 'San Fermo', 'Casa Giulietta']",Teatro Romano,strategy_nearest,False,0.003161907196044922,success
045B423A9C4C80,3,"['Teatro Romano', 'Santa Anastasia', 'Casa Giulietta']",Duomo,"['AMO', 'Museo Miniscalchi', 'Palazzo della Ragione', 'Museo Conte', 'Torre Lamberti']",Giardino Giusti,strategy_nearest,False,0.0026290416717529297,success
045B4C429C4C80,0,['Arena'],Casa Giulietta,"['Centro Fotografia', 'Sighseeing', 'Torre Lamberti', 'Museo Conte', 'Museo Radio']",Castelvecchio,strategy_nearest,False,0.0033380985260009766,success
045B5A429C4C80,3,"['San Zeno', 'Duomo']",Santa Anastasia,"['AMO', 'Museo Conte', 'Palazzo della Ragione', 'Teatro Romano', 'Centro Fotografia']",Torre Lamberti,strategy_nearest,False,0.0019488334655761719,success
045B58429C4C80,0,"['Arena', 'Castelvecchio']",Casa Giulietta,"['Centro Fotografia', 'Sighseeing', 'Torre Lamberti', 'Museo Conte', 'Museo Radio']",Torre Lamberti,strategy_nearest,True,0.003298044204711914,success
045B553A9C4C80,3,"['Castelvecchio', 'Arena', 'Casa Giulietta']",Torre Lamberti,"['Sighseeing', 'Centro Fotografia', 'Museo Conte', 'Palazzo della Ragione', 'AMO']",Santa Anastasia,strategy_nearest,False,0.0015349388122558594,success
045B5C429C4C80,0,['Arena'],Museo Lapidario,"['Verona Tour', 'Castelvecchio', 'Museo Radio', 'San Fermo', 'Casa Giulietta']",Tomba Giulietta,strategy_nearest,False,0.002749919891357422,success
045B69429C4C80,2,['Santa Anastasia'],Torre Lamberti,"['Sighseeing', 'Centro Fotografia', 'Museo Conte', 'Casa Giulietta', 'Palazzo della Ragione']",Castelvecchio,strategy_nearest,False,0.0014979839324951172,success
045B6E429C4C80,3,"['Arena', 'Casa Giulietta']",Torre Lamberti,"['Sighseeing', 'Centro Fotografia', 'Museo Conte', 'Palazzo della Ragione', 'AMO']",Santa Anastasia,strategy_nearest,False,0.002735137939453125,success
045B75429C4C80,3,"['Arena', 'Santa Anastasia']",Duomo,"['AMO', 'Museo Miniscalchi', 'Teatro Romano', 'Palazzo della Ragione', 'Museo Conte']",Teatro Romano,strategy_nearest,True,0.0032460689544677734,success
045B8E4A9C4C80,0,['Arena'],Torre Lamberti,"['Sighseeing', 'Centro Fotografia', 'Museo Conte', 'Casa Giulietta', 'Palazzo della Ragione']",Casa Giulietta,strategy_nearest,True,0.002718210220336914,success
045B81429C4C80,2,['Palazzo della Ragione'],Casa Giulietta,"['Centro Fotografia', 'Sighseeing', 'Torre Lamberti', 'Museo Conte', 'Museo Radio']",Teatro Romano,strategy_nearest,False,0.003429889678955078,success
045B834A9C4C80,1,"['Arena', 'Casa Giulietta']",Palazzo della Ragione,"['AMO', 'Museo Conte', 'Torre Lamberti', 'Centro Fotografia', 'Sighseeing']",Santa Anastasia,strategy_nearest,False,0.003981113433837891,success
045B904A9C4C80,2,['Casa Giulietta'],Santa Anastasia,"['AMO', 'Museo Conte', 'Palazzo della Ragione', 'Teatro Romano', 'Centro Fotografia']",Duomo,strategy_nearest,False,0.001445770263671875,success
045B924A9C4C80,3,"['Arena', 'Torre Lamberti']",Santa Anastasia,"['AMO', 'Museo Conte', 'Palazzo della Ragione', 'Teatro Romano', 'Centro Fotografia']",Giardino Giusti,strategy_nearest,False,0.0022971630096435547,success
045B94429C4C80,0,['Arena'],Castelvecchio,"['Museo Lapidario', 'Verona Tour', 'Museo Radio', 'San Zeno', 'Sighseeing']",San Zeno,strategy_nearest,True,0.0016789436340332031,success
045B95429C4C80,0,['Arena'],Torre Lamberti,"['Sighseeing', 'Centro Fotografia', 'Museo Conte', 'Casa Giulietta', 'Palazzo della Ragione']",Teatro Romano,strategy_nearest,False,0.0028450489044189453,success
045B96429C4C80,1,['Arena'],Palazzo della Ragione,"['AMO', 'Museo Conte', 'Torre Lamberti', 'Centro Fotografia', 'Sighseeing']",Teatro Romano,strategy_nearest,False,0.0034449100494384766,success
045BA63A9C4C80,2,"['Castelvecchio', 'Tomba Giulietta']",San Fermo,"['Museo Storia', 'Museo Radio', 'Casa Giulietta', 'Centro Fotografia', 'Arena']",Casa Giulietta,strategy_nearest,True,0.0013692378997802734,success
045B9C429C4C80,0,['Arena'],Castelvecchio,"['Museo Lapidario', 'Verona Tour', 'Museo Radio', 'San Zeno', 'Sighseeing']",Duomo,strategy_nearest,False,0.003365755081176758,success
045B9D429C4C80,0,['Casa Giulietta'],Arena,"['Verona Tour', 'Museo Lapidario', 'Museo Radio', 'San Fermo', 'Sighseeing']",Torre Lamberti,strategy_nearest,False,0.0021419525146484375,success
045B9E429C4C80,2,['Casa Giulietta'],Palazzo della Ragione,"['AMO', 'Museo Conte', 'Torre Lamberti', 'Centro Fotografia', 'Sighseeing']",Torre Lamberti,strategy_nearest,True,0.0033538341522216797,success
045BAA429C4C80,0,['Castelvecchio'],Casa Giulietta,"['Centro Fotografia', 'Sighseeing', 'Torre Lamberti', 'Museo Conte', 'Museo Radio']",Arena,strategy_nearest,False,0.0017900466918945312,success
045BAB3A9C4C80,0,"['Casa Giulietta', 'Torre Lamberti']",Castelvecchio,"['Museo Lapidario', 'Verona Tour', 'Arena', 'Museo Radio', 'San Zeno']",Museo Lapidario,strategy_nearest,True,0.003086090087890625,success
045BA9429C4C80,0,['Castelvecchio'],Arena,"['Verona Tour', 'Museo Lapidario', 'Museo Radio', 'San Fermo', 'Casa Giulietta']",Casa Giulietta,strategy_nearest,True,0.002530813217163086,success
045BAC3A9C4C80,0,['Arena'],Casa Giulietta,"['Centro Fotografia', 'Sighseeing', 'Torre Lamberti', 'Museo Conte', 'Museo Radio']",Santa Anastasia,strategy_nearest,False,0.003963947296142578,success
045BB2429C4C80,1,"['Arena', 'Casa Giulietta']",Torre Lamberti,"['Sighseeing', 'Centro Fotografia', 'Museo Conte', 'Palazzo della Ragione', 'AMO']",Palazzo della Ragione,strategy_nearest,True,0.0021009445190429688,success
045BB63A9C4C80,3,"['Arena', 'Casa Giulietta', 'Torre Lamberti']",Duomo,"['AMO', 'Museo Miniscalchi', 'Santa Anastasia', 'Teatro Romano', 'Palazzo della Ragione']",Castelvecchio,strategy_nearest,False,0.0026891231536865234,success
045BBA3A9C4C80,0,['Tomba Giulietta'],Arena,"['Verona Tour', 'Museo Lapidario', 'Museo Radio', 'San Fermo', 'Casa Giulietta']",Casa Giulietta,strategy_nearest,True,0.0033571720123291016,success
045BBC3A9C4C80,0,['Arena'],Castelvecchio,"['Museo Lapidario', 'Verona Tour', 'Museo Radio', 'San Zeno', 'Sighseeing']",Casa Giulietta,strategy_nearest,False,0.0036139488220214844,success
045BBE429C4C80,1,"['Arena', 'Casa Giulietta']",Palazzo della Ragione,"['AMO', 'Museo Conte', 'Torre Lamberti', 'Centro Fotografia', 'Sighseeing']",Teatro Romano,strategy_nearest,False,0.0018939971923828125,success
045BBB3A9C4C80,2,"['Palazzo della Ragione', 'Torre Lamberti']",Teatro Romano,"['Santa Anastasia', 'Duomo', 'AMO', 'Museo Conte', 'Centro Fotografia']",Duomo,strategy_nearest,True,0.004261016845703125,success
045BBF3A9C4C80,3,"['Arena', 'San Zeno', 'Castelvecchio']",Duomo,"['AMO', 'Museo Miniscalchi', 'Santa Anastasia', 'Teatro Romano', 'Palazzo della Ragione']",Santa Anastasia,strategy_nearest,True,0.0031158924102783203,success
045BCB3A9C4C80,1,"['Arena', 'Torre Lamberti']",Palazzo della Ragione,"['AMO', 'Museo Conte', 'Centro Fotografia', 'Sighseeing', 'Santa Anastasia']",Santa Anastasia,strategy_nearest,True,0.0021512508392333984,success
045BC63A9C4C80,3,['Arena'],Casa Giulietta,"['Centro Fotografia', 'Sighseeing', 'Torre Lamberti', 'Museo Conte', 'Museo Radio']",San Fermo,strategy_nearest,False,0.002813100814819336,success
045BCD3A9C4C80,2,['Teatro Romano'],Casa Giulietta,"['Centro Fotografia', 'Sighseeing', 'Torre Lamberti', 'Museo Conte', 'Museo Radio']",Torre Lamberti,strategy_nearest,True,0.0033469200134277344,success
045BC83A9C4C80,0,['Arena'],Casa Giulietta,"['Centro Fotografia', 'Sighseeing', 'Torre Lamberti', 'Museo Conte', 'Museo Radio']",Castelvecchio,strategy_nearest,False,0.0015778541564941406,success
045BCE3A9C4C80,0,['Arena'],Casa Giulietta,"['Centro Fotografia', 'Sighseeing', 'Torre Lamberti', 'Museo Conte', 'Museo Radio']",Torre Lamberti,strategy_nearest,True,0.002846956253051758,success
045BD23A9C4C80,2,"['Santa Anastasia', 'Duomo']",Casa Giulietta,"['Centro Fotografia', 'Sighseeing', 'Torre Lamberti', 'Museo Conte', 'Museo Radio']",Castelvecchio,strategy_nearest,False,0.002772092819213867,success
045BD03A9C4C80,2,"['Casa Giulietta', 'Tomba Giulietta']",San Fermo,"['Museo Storia', 'Museo Radio', 'Centro Fotografia', 'Arena', 'Sighseeing']",Museo Storia,strategy_nearest,True,0.002216339111328125,success
045BD63A9C4C80,3,"['Arena', 'Casa Giulietta']",San Fermo,"['Museo Storia', 'Museo Radio', 'Centro Fotografia', 'Sighseeing', 'Torre Lamberti']",Duomo,strategy_nearest,False,0.003351926803588867,success
045BF23A9C4C80,0,['Arena'],Duomo,"['AMO', 'Museo Miniscalchi', 'Santa Anastasia', 'Teatro Romano', 'Palazzo della Ragione']",Castelvecchio,strategy_nearest,False,0.001542806625366211,success
045C844A9C4C80,0,['Arena'],Casa Giulietta,"['Centro Fotografia', 'Sighseeing', 'Torre Lamberti', 'Museo Conte', 'Museo Radio']",Castelvecchio,strategy_nearest,False,0.002546072006225586,success
045BE23A9C4C80,2,"['Casa Giulietta', 'Torre Lamberti']",Teatro Romano,"['Santa Anastasia', 'Duomo', 'AMO', 'Palazzo della Ragione', 'Museo Conte']",Torre Lamberti,strategy_nearest,False,0.0046138763427734375,success
045C0B3A9C4C84,3,['Arena'],Santa Anastasia,"['AMO', 'Museo Conte', 'Palazzo della Ragione', 'Teatro Romano', 'Centro Fotografia']",Teatro Romano,strategy_nearest,True,0.0021109580993652344,success
045D02429C4C84,1,"['Casa Giulietta', 'Arena', 'Castelvecchio', 'San Zeno', 'Duomo']",Torre Lamberti,"['Sighseeing', 'Centro Fotografia', 'Museo Conte', 'Palazzo della Ragione', 'AMO']",Palazzo della Ragione,strategy_nearest,True,0.002068042755126953,success
045D07429C4C84,1,"['Arena', 'Casa Giulietta', 'Santa Anastasia', 'Teatro Romano']",Duomo,"['AMO', 'Museo Miniscalchi', 'Palazzo della Ragione', 'Museo Conte', 'Torre Lamberti']",Tomba Giulietta,strategy_nearest,False,0.0026559829711914062,success
045CA54A9C4C80,3,"['Arena', 'Castelvecchio', 'Torre Lamberti']",Duomo,"['AMO', 'Museo Miniscalchi', 'Santa Anastasia', 'Teatro Romano', 'Palazzo della Ragione']",Casa Giulietta,strategy_nearest,False,0.002238035202026367,success
045CA64A9C4C80,3,['Arena'],Torre Lamberti,"['Sighseeing', 'Centro Fotografia', 'Museo Conte', 'Casa Giulietta', 'Palazzo della Ragione']",Santa Anastasia,strategy_nearest,False,0.004112958908081055,success
045D113A9C4C84,3,"['Castelvecchio', 'Casa Giulietta']",Torre Lamberti,"['Sighseeing', 'Centro Fotografia', 'Museo Conte', 'Palazzo della Ragione', 'AMO']",Santa Anastasia,strategy_nearest,False,0.0034101009368896484,success
045D15429C4C80,3,"['Arena', 'Casa Giulietta', 'Teatro Romano', 'Santa Anastasia']",Torre Lamberti,"['Sighseeing', 'Centro Fotografia', 'Museo Conte', 'Palazzo della Ragione', 'AMO']",San Fermo,strategy_nearest,False,0.0013980865478515625,success
045D14429C4C84,2,"['Tomba Giulietta', 'San Fermo']",Santa Anastasia,"['AMO', 'Museo Conte', 'Palazzo della Ragione', 'Teatro Romano', 'Centro Fotografia']",Duomo,strategy_nearest,False,0.002721071243286133,success
045D164A9C4C80,1,"['Arena', 'Castelvecchio', 'San Zeno', 'Santa Anastasia']",Torre Lamberti,"['Sighseeing', 'Centro Fotografia', 'Museo Conte', 'Casa Giulietta', 'Palazzo della Ragione']",Palazzo della Ragione,strategy_nearest,True,0.003259897232055664,success
045D33429C4C80,0,['Arena'],San Fermo,"['Museo Storia', 'Museo Radio', 'Casa Giulietta', 'Centro Fotografia', 'Sighseeing']",Casa Giulietta,strategy_nearest,True,0.002521038055419922,success
045D1A429C4C84,6,"['Museo Lapidario', 'Arena', 'Castelvecchio', 'Santa Anastasia', 'Teatro Romano']",Casa Giulietta,"['Centro Fotografia', 'Sighseeing', 'Torre Lamberti', 'Museo Conte', 'Museo Radio']",Verona Tour,strategy_nearest,False,0.002087116241455078,success
045D1C429C4C84,0,"['Arena', 'Casa Giulietta']",Torre Lamberti,"['Sighseeing', 'Centro Fotografia', 'Museo Conte', 'Palazzo della Ragione', 'AMO']",San Zeno,strategy_nearest,False,0.003480195999145508,success
045D373A9C4C80,3,['Arena'],Duomo,"['AMO', 'Museo Miniscalchi', 'Santa Anastasia', 'Teatro Romano', 'Palazzo della Ragione']",Teatro Romano,strategy_nearest,True,0.002000093460083008,success
045D343A9C4C80,2,['Castelvecchio'],San Zeno,"['Verona Tour', 'Museo Lapidario', 'Arena', 'Museo Miniscalchi', 'Sighseeing']",Teatro Romano,strategy_nearest,False,0.0025987625122070312,success
045D353A9C4C80,2,['Casa Giulietta'],Santa Anastasia,"['AMO', 'Museo Conte', 'Palazzo della Ragione', 'Teatro Romano', 'Centro Fotografia']",San Fermo,strategy_nearest,False,0.0033860206604003906,success
045D3B4A9C4C80,1,"['Tomba Giulietta', 'Castelvecchio', 'Arena']",San Zeno,"['Verona Tour', 'Museo Lapidario', 'Museo Miniscalchi', 'Sighseeing', 'Museo Radio']",Palazzo della Ragione,strategy_nearest,False,0.003217935562133789,success
045D4C429C4C80,3,"['Arena', 'San Fermo']",Santa Anastasia,"['AMO', 'Museo Conte', 'Palazzo della Ragione', 'Teatro Romano', 'Centro Fotografia']",Duomo,strategy_nearest,False,0.0026149749755859375,success
045D42429C4C80,2,"['Torre Lamberti', 'Palazzo della Ragione', 'Duomo']",Giardino Giusti,"['Santa Anastasia', 'Teatro Romano', 'Museo Conte', 'Centro Fotografia', 'Museo Storia']",Castelvecchio,strategy_nearest,False,0.002721071243286133,success
045D4E429C4C80,1,"['Arena', 'Casa Giulietta', 'Torre Lamberti']",Palazzo della Ragione,"['AMO', 'Museo Conte', 'Centro Fotografia', 'Sighseeing', 'Santa Anastasia']",Santa Anastasia,strategy_nearest,True,0.0012960433959960938,success
045D563A9C4C80,2,"['Museo Lapidario', 'Castelvecchio', 'Santa Anastasia']",Duomo,"['AMO', 'Museo Miniscalchi', 'Teatro Romano', 'Palazzo della Ragione', 'Museo Conte']",Teatro Romano,strategy_nearest,True,0.0016758441925048828,success
045D52429C4C80,1,"['Castelvecchio', 'Arena', 'Casa Giulietta']",Torre Lamberti,"['Sighseeing', 'Centro Fotografia', 'Museo Conte', 'Palazzo della Ragione', 'AMO']",Palazzo della Ragione,strategy_nearest,True,0.0032308101654052734,success
045D57429C4C80,2,['Torre Lamberti'],San Fermo,"['Museo Storia', 'Museo Radio', 'Casa Giulietta', 'Centro Fotografia', 'Arena']",Santa Anastasia,strategy_nearest,False,0.002334117889404297,success
045D58429C4C80,0,"['Arena', 'Castelvecchio']",Casa Giulietta,"['Centro Fotografia', 'Sighseeing', 'Torre Lamberti', 'Museo Conte', 'Museo Radio']",Torre Lamberti,strategy_nearest,True,0.0026509761810302734,success
045D5A429C4C80,3,"['Arena', 'Casa Giulietta']",Torre Lamberti,"['Sighseeing', 'Centro Fotografia', 'Museo Conte', 'Palazzo della Ragione', 'AMO']",Santa Anastasia,strategy_nearest,False,0.002579927444458008,success
045D61429C4C80,1,['Arena'],Torre Lamberti,"['Sighseeing', 'Centro Fotografia', 'Museo Conte', 'Casa Giulietta', 'Palazzo della Ragione']",Palazzo della Ragione,strategy_nearest,True,0.0027899742126464844,success
045D6F3A9C4C80,2,['Duomo'],Castelvecchio,"['Museo Lapidario', 'Verona Tour', 'Arena', 'Museo Radio', 'San Zeno']",San Zeno,strategy_nearest,True,0.0031321048736572266,success
045D71429C4C80,0,"['Tomba Giulietta', 'Arena']",Casa Giulietta,"['Centro Fotografia', 'Sighseeing', 'Torre Lamberti', 'Museo Conte', 'Museo Radio']",Torre Lamberti,strategy_nearest,True,0.002642393112182617,success
045D75429C4C80,0,"['Arena', 'Castelvecchio']",Torre Lamberti,"['Sighseeing', 'Centro Fotografia', 'Museo Conte', 'Casa Giulietta', 'Palazzo della Ragione']",Casa Giulietta,strategy_nearest,True,0.0016760826110839844,success
045D723A9C4C80,2,['San Fermo'],Santa Anastasia,"['AMO', 'Museo Conte', 'Palazzo della Ragione', 'Teatro Romano', 'Centro Fotografia']",Duomo,strategy_nearest,False,0.002675294876098633,success
045D79429C4C80,0,['Arena'],Casa Giulietta,"['Centro Fotografia', 'Sighseeing', 'Torre Lamberti', 'Museo Conte', 'Museo Radio']",Torre Lamberti,strategy_nearest,True,0.0019829273223876953,success
045D7C4A9C4C80,0,['Casa Giulietta'],Duomo,"['AMO', 'Museo Miniscalchi', 'Santa Anastasia', 'Teatro Romano', 'Palazzo della Ragione']",Tomba Giulietta,strategy_nearest,False,0.003258228302001953,success
045D773A9C4C80,3,"['Arena', 'Castelvecchio', 'Santa Anastasia']",Teatro Romano,"['Duomo', 'AMO', 'Palazzo della Ragione', 'Museo Conte', 'Centro Fotografia']",Duomo,strategy_nearest,True,0.004167795181274414,success
045D84429C4C80,1,"['Casa Giulietta', 'Arena', 'Museo Lapidario', 'Castelvecchio', 'Torre Lamberti']",Palazzo della Ragione,"['AMO', 'Museo Conte', 'Centro Fotografia', 'Sighseeing', 'Santa Anastasia']",Santa Anastasia,strategy_nearest,True,0.001878976821899414,success
045D833A9C4C80,2,['Castelvecchio'],Santa Anastasia,"['AMO', 'Museo Conte', 'Palazzo della Ragione', 'Teatro Romano', 'Centro Fotografia']",Duomo,strategy_nearest,False,0.003838777542114258,success
045D844A9C4C80,0,['Arena'],Castelvecchio,"['Museo Lapidario', 'Verona Tour', 'Museo Radio', 'San Zeno', 'Sighseeing']",Teatro Romano,strategy_nearest,False,0.0035080909729003906,success
045D85429C4C80,3,"['Casa Giulietta', 'Torre Lamberti']",Santa Anastasia,"['AMO', 'Museo Conte', 'Palazzo della Ragione', 'Teatro Romano', 'Centro Fotografia']",Teatro Romano,strategy_nearest,True,0.0027778148651123047,success
045D853A9C4C80,0,['Arena'],Casa Giulietta,"['Centro Fotografia', 'Sighseeing', 'Torre Lamberti', 'Museo Conte', 'Museo Radio']",Santa Anastasia,strategy_nearest,False,0.0020360946655273438,success
045D8C429C4C80,0,['Arena'],Museo Lapidario,"['Verona Tour', 'Castelvecchio', 'Museo Radio', 'San Fermo', 'Casa Giulietta']",Duomo,strategy_nearest,False,0.003348112106323242,success
045D94429C4C80,2,"['Castelvecchio', 'Casa Giulietta', 'Palazzo della Ragione']",Torre Lamberti,"['Sighseeing', 'Centro Fotografia', 'Museo Conte', 'AMO', 'Museo Miniscalchi']",Santa Anastasia,strategy_nearest,False,0.0022878646850585938,success
045D944A9C4C80,0,"['Arena', 'Casa Giulietta']",Torre Lamberti,"['Sighseeing', 'Centro Fotografia', 'Museo Conte', 'Palazzo della Ragione', 'AMO']",Tomba Giulietta,strategy_nearest,False,0.0014469623565673828,success
045D934A9C4C80,3,"['Arena', 'Tomba Giulietta', 'San Fermo']",Casa Giulietta,"['Centro Fotografia', 'Sighseeing', 'Torre Lamberti', 'Museo Conte', 'Museo Radio']",Torre Lamberti,strategy_nearest,True,0.002911090850830078,success
045D9B429C4C80,0,['Arena'],Castelvecchio,"['Museo Lapidario', 'Verona Tour', 'Museo Radio', 'San Zeno', 'Sighseeing']",Casa Giulietta,strategy_nearest,False,0.0033979415893554688,success
045DA4429C4C80,1,"['Arena', 'Torre Lamberti']",Palazzo della Ragione,"['AMO', 'Museo Conte', 'Centro Fotografia', 'Sighseeing', 'Santa Anastasia']",Casa Giulietta,strategy_nearest,False,0.0035512447357177734,success
045DA73A9C4C80,3,"['Museo Lapidario', 'Arena']",Casa Giulietta,"['Centro Fotografia', 'Sighseeing', 'Torre Lamberti', 'Museo Conte', 'Museo Radio']",Santa Anastasia,strategy_nearest,False,0.002813100814819336,success
045DA63A9C4C80,0,['Casa Giulietta'],Tomba Giulietta,"['San Fermo', 'Museo Storia', 'Arena', 'Museo Lapidario', 'Museo Radio']",Arena,strategy_nearest,True,0.0022478103637695312,success
045DA93A9C4C80,0,['Arena'],Torre Lamberti,"['Sighseeing', 'Centro Fotografia', 'Museo Conte', 'Casa Giulietta', 'Palazzo della Ragione']",Casa Giulietta,strategy_nearest,True,0.0034089088439941406,success
045DAA429C4C80,3,"['Arena', 'Santa Anastasia']",Duomo,"['AMO', 'Museo Miniscalchi', 'Teatro Romano', 'Palazzo della Ragione', 'Museo Conte']",Teatro Romano,strategy_nearest,True,0.003464937210083008,success
045DAC3A9C4C80,0,['Arena'],Castelvecchio,"['Museo Lapidario', 'Verona Tour', 'Museo Radio', 'San Zeno', 'Sighseeing']",Casa Giulietta,strategy_nearest,False,0.004082918167114258,success
045DB63A9C4C80,0,['Teatro Romano'],Duomo,"['AMO', 'Museo Miniscalchi', 'Santa Anastasia', 'Palazzo della Ragione', 'Museo Conte']",Casa Giulietta,strategy_nearest,False,0.0019910335540771484,success
045DB1429C4C80,0,['Castelvecchio'],Arena,"['Verona Tour', 'Museo Lapidario', 'Museo Radio', 'San Fermo', 'Casa Giulietta']",Casa Giulietta,strategy_nearest,True,0.0022039413452148438,success
045DB9429C4C80,3,['Santa Anastasia'],Duomo,"['AMO', 'Museo Miniscalchi', 'Teatro Romano', 'Palazzo della Ragione', 'Museo Conte']",Arena,strategy_nearest,False,0.0025589466094970703,success
045DB73A9C4C80,3,"['Arena', 'Casa Giulietta']",Torre Lamberti,"['Sighseeing', 'Centro Fotografia', 'Museo Conte', 'Palazzo della Ragione', 'AMO']",Santa Anastasia,strategy_nearest,False,0.0026292800903320312,success
045DC2429C4C80,1,"['Arena', 'Torre Lamberti']",Palazzo della Ragione,"['AMO', 'Museo Conte', 'Centro Fotografia', 'Sighseeing', 'Santa Anastasia']",Santa Anastasia,strategy_nearest,True,0.004024982452392578,success
045DB7429C4C80,1,"['Torre Lamberti', 'Casa Giulietta', 'Santa Anastasia', 'Teatro Romano', 'Tomba Giulietta']",Arena,"['Verona Tour', 'Museo Lapidario', 'Museo Radio', 'San Fermo', 'Sighseeing']",Museo Lapidario,strategy_nearest,True,0.001402139663696289,success
045DCC429C4C80,1,"['Arena', 'Castelvecchio', 'Museo Lapidario']",Duomo,"['AMO', 'Museo Miniscalchi', 'Santa Anastasia', 'Teatro Romano', 'Palazzo della Ragione']",Casa Giulietta,strategy_nearest,False,0.0034742355346679688,success
045DD93A9C4C80,0,['Arena'],Torre Lamberti,"['Sighseeing', 'Centro Fotografia', 'Museo Conte', 'Casa Giulietta', 'Palazzo della Ragione']",Castelvecchio,strategy_nearest,False,0.0022361278533935547,success
045DE83A9C4C80,0,['Arena'],Casa Giulietta,"['Centro Fotografia', 'Sighseeing', 'Torre Lamberti', 'Museo Conte', 'Museo Radio']",Torre Lamberti,strategy_nearest,True,0.002810955047607422,success
045DF33A9C4C80,0,['Arena'],Duomo,"['AMO', 'Museo Miniscalchi', 'Santa Anastasia', 'Teatro Romano', 'Palazzo della Ragione']",Castelvecchio,strategy_nearest,False,0.0015120506286621094,success
045E02429C4C84,3,"['Arena', 'Casa Giulietta']",Santa Anastasia,"['AMO', 'Museo Conte', 'Palazzo della Ragione', 'Teatro Romano', 'Centro Fotografia']",Duomo,strategy_nearest,False,0.0020682811737060547,success
045DF83A9C4C80,3,['Santa Anastasia'],Duomo,"['AMO', 'Museo Miniscalchi', 'Teatro Romano', 'Palazzo della Ragione', 'Museo Conte']",Arena,strategy_nearest,False,0.0014667510986328125,success
045E003A9C4C84,1,"['Arena', 'Casa Giulietta']",Torre Lamberti,"['Sighseeing', 'Centro Fotografia', 'Museo Conte', 'Palazzo della Ragione', 'AMO']",Palazzo della Ragione,strategy_nearest,True,0.0028340816497802734,success
045E0D429C4C84,3,"['Arena', 'Tomba Giulietta', 'Museo Lapidario']",Castelvecchio,"['Verona Tour', 'Museo Radio', 'San Zeno', 'Sighseeing', 'Museo Miniscalchi']",Casa Giulietta,strategy_nearest,False,0.003332853317260742,success
045E13429C4C84,0,['Arena'],Museo Lapidario,"['Verona Tour', 'Castelvecchio', 'Museo Radio', 'San Fermo', 'Casa Giulietta']",Casa Giulietta,strategy_nearest,True,0.0017669200897216797,success
045E12429C4C84,2,"['San Zeno', 'Castelvecchio']",Santa Anastasia,"['AMO', 'Museo Conte', 'Palazzo della Ragione', 'Teatro Romano', 'Centro Fotografia']",San Fermo,strategy_nearest,False,0.0026361942291259766,success
045E203A9C4C80,0,['Arena'],Casa Giulietta,"['Centro Fotografia', 'Sighseeing', 'Torre Lamberti', 'Museo Conte', 'Museo Radio']",Torre Lamberti,strategy_nearest,True,0.002707958221435547,success
045E1A429C4C84,0,"['Arena', 'Castelvecchio']",Casa Giulietta,"['Centro Fotografia', 'Sighseeing', 'Torre Lamberti', 'Museo Conte', 'Museo Radio']",Teatro Romano,strategy_nearest,False,0.003467082977294922,success
045E213A9C4C80,0,"['Castelvecchio', 'Arena']",Museo Storia,"['San Fermo', 'Museo Radio', 'Casa Giulietta', 'Centro Fotografia', 'Tomba Giulietta']",Casa Giulietta,strategy_nearest,True,0.002424001693725586,success
045E20429C4C80,3,"['Arena', 'Casa Giulietta', 'San Zeno']",Castelvecchio,"['Museo Lapidario', 'Verona Tour', 'Museo Radio', 'Sighseeing', 'Museo Miniscalchi']",Torre Lamberti,strategy_nearest,False,0.0030472278594970703,success
045E2A3A9C4C80,3,"['Castelvecchio', 'San Zeno']",Duomo,"['AMO', 'Museo Miniscalchi', 'Santa Anastasia', 'Teatro Romano', 'Palazzo della Ragione']",Arena,strategy_nearest,False,0.002916097640991211,success
045E28429C4C80,0,"['Arena', 'Tomba Giulietta']",Teatro Romano,"['Santa Anastasia', 'Duomo', 'AMO', 'Palazzo della Ragione', 'Museo Conte']",San Zeno,strategy_nearest,False,0.003118753433227539,success
045E2B429C4C80,0,['Arena'],Giardino Giusti,"['Santa Anastasia', 'Teatro Romano', 'Museo Conte', 'Centro Fotografia', 'Museo Storia']",Torre Lamberti,strategy_nearest,False,0.0023980140686035156,success
045E3F3A9C4C80,3,"['Arena', 'Duomo']",Teatro Romano,"['Santa Anastasia', 'AMO', 'Palazzo della Ragione', 'Museo Conte', 'Centro Fotografia']",Santa Anastasia,strategy_nearest,True,0.0020761489868164062,success
045E373A9C4C80,2,"['Casa Giulietta', 'Palazzo della Ragione', 'Torre Lamberti', 'Castelvecchio']",San Zeno,"['Verona Tour', 'Museo Lapidario', 'Arena', 'Museo Miniscalchi', 'Sighseeing']",Santa Anastasia,strategy_nearest,False,0.0035293102264404297,success
045E403A9C4C80,2,['Tomba Giulietta'],San Zeno,"['Castelvecchio', 'Verona Tour', 'Museo Lapidario', 'Arena', 'Museo Miniscalchi']",Torre Lamberti,strategy_nearest,False,0.0033626556396484375,success
045E553A9C4C80,0,['Casa Giulietta'],Giardino Giusti,"['Santa Anastasia', 'Teatro Romano', 'Museo Conte', 'Centro Fotografia', 'Museo Storia']",Arena,strategy_nearest,False,0.002655029296875,success
045E6A429C4C80,3,"['Castelvecchio', 'Duomo', 'Teatro Romano']",Santa Anastasia,"['AMO', 'Museo Conte', 'Palazzo della Ragione', 'Centro Fotografia', 'Torre Lamberti']",Torre Lamberti,strategy_nearest,True,0.0013277530670166016,success
045E6B429C4C80,0,['Castelvecchio'],Arena,"['Verona Tour', 'Museo Lapidario', 'Museo Radio', 'San Fermo', 'Casa Giulietta']",Casa Giulietta,strategy_nearest,True,0.00327301025390625,success
045E543A9C4C80,3,"['Arena', 'Casa Giulietta']",Torre Lamberti,"['Sighseeing', 'Centro Fotografia', 'Museo Conte', 'Palazzo della Ragione', 'AMO']",Santa Anastasia,strategy_nearest,False,0.003387928009033203,success
045E6F3A9C4C80,2,['Palazzo della Ragione'],Torre Lamberti,"['Sighseeing', 'Centro Fotografia', 'Museo Conte', 'Casa Giulietta', 'AMO']",Castelvecchio,strategy_nearest,False,0.0020322799682617188,success
045E7F429C4C80,0,['Arena'],Tomba Giulietta,"['San Fermo', 'Museo Storia', 'Museo Lapidario', 'Museo Radio', 'Verona Tour']",Casa Giulietta,strategy_nearest,False,0.0020291805267333984,success
045E73429C4C80,0,['Arena'],Santa Anastasia,"['AMO', 'Museo Conte', 'Palazzo della Ragione', 'Teatro Romano', 'Centro Fotografia']",Casa Giulietta,strategy_nearest,False,0.003899812698364258,success
045E834A9C4C80,3,"['Arena', 'Castelvecchio']",Torre Lamberti,"['Sighseeing', 'Centro Fotografia', 'Museo Conte', 'Casa Giulietta', 'Palazzo della Ragione']",Casa Giulietta,strategy_nearest,True,0.002518892288208008,success
045E86429C4C80,1,"['Arena', 'Casa Giulietta']",Torre Lamberti,"['Sighseeing', 'Centro Fotografia', 'Museo Conte', 'Palazzo della Ragione', 'AMO']",Palazzo della Ragione,strategy_nearest,True,0.0023000240325927734,success
045E8C3A9C4C80,2,['Casa Giulietta'],Tomba Giulietta,"['San Fermo', 'Museo Storia', 'Arena', 'Museo Lapidario', 'Museo Radio']",Teatro Romano,strategy_nearest,False,0.002856016159057617,success
045E8F3A9C4C80,0,['Arena'],Casa Giulietta,"['Centro Fotografia', 'Sighseeing', 'Torre Lamberti', 'Museo Conte', 'Museo Radio']",Torre Lamberti,strategy_nearest,True,0.0032510757446289062,success
045E854A9C4C80,2,['Casa Giulietta'],Torre Lamberti,"['Sighseeing', 'Centro Fotografia', 'Museo Conte', 'Palazzo della Ragione', 'AMO']",Teatro Romano,strategy_nearest,False,0.0023190975189208984,success
045E924A9C4C80,3,['Arena'],Casa Giulietta,"['Centro Fotografia', 'Sighseeing', 'Torre Lamberti', 'Museo Conte', 'Museo Radio']",Santa Anastasia,strategy_nearest,False,0.0024247169494628906,success
045E95429C4C80,3,"['Castelvecchio', 'San Zeno']",Arena,"['Verona Tour', 'Museo Lapidario', 'Museo Radio', 'San Fermo', 'Casa Giulietta']",Santa Anastasia,strategy_nearest,False,0.0024361610412597656,success
045E954A9C4C80,0,"['Arena', 'Castelvecchio']",Torre Lamberti,"['Sighseeing', 'Centro Fotografia', 'Museo Conte', 'Casa Giulietta', 'Palazzo della Ragione']",Casa Giulietta,strategy_nearest,True,0.0027790069580078125,success
045E984A9C4C80,3,['Arena'],Casa Giulietta,"['Centro Fotografia', 'Sighseeing', 'Torre Lamberti', 'Museo Conte', 'Museo Radio']",Santa Anastasia,strategy_nearest,False,0.0035338401794433594,success
045E9A429C4C80,3,"['Arena', 'Casa Giulietta']",Santa Anastasia,"['AMO', 'Museo Conte', 'Palazzo della Ragione', 'Teatro Romano', 'Centro Fotografia']",Teatro Romano,strategy_nearest,True,0.0037970542907714844,success
045E9B429C4C80,3,['Arena'],Casa Giulietta,"['Centro Fotografia', 'Sighseeing', 'Torre Lamberti', 'Museo Conte', 'Museo Radio']",Santa Anastasia,strategy_nearest,False,0.0026459693908691406,success
045E9C429C4C80,2,"['Castelvecchio', 'Casa Giulietta', 'Torre Lamberti']",Palazzo della Ragione,"['AMO', 'Museo Conte', 'Centro Fotografia', 'Sighseeing', 'Santa Anastasia']",Santa Anastasia,strategy_nearest,True,0.002736330032348633,success
045E9D429C4C80,1,"['Arena', 'Casa Giulietta']",Torre Lamberti,"['Sighseeing', 'Centro Fotografia', 'Museo Conte', 'Palazzo della Ragione', 'AMO']",Palazzo della Ragione,strategy_nearest,True,0.002624034881591797,success
045E9E429C4C80,3,"['Arena', 'Santa Anastasia']",Duomo,"['AMO', 'Museo Miniscalchi', 'Teatro Romano', 'Palazzo della Ragione', 'Museo Conte']",Castelvecchio,strategy_nearest,False,0.0027191638946533203,success
045EA34A9C4C80,3,"['Arena', 'Santa Anastasia']",Duomo,"['AMO', 'Museo Miniscalchi', 'Teatro Romano', 'Palazzo della Ragione', 'Museo Conte']",Torre Lamberti,strategy_nearest,False,0.0025627613067626953,success
045EB43A9C4C80,3,"['Arena', 'Casa Giulietta']",Santa Anastasia,"['AMO', 'Museo Conte', 'Palazzo della Ragione', 'Teatro Romano', 'Centro Fotografia']",Duomo,strategy_nearest,False,0.0024018287658691406,success
045EA24A9C4C80,3,"['Arena', 'Museo Lapidario', 'Castelvecchio']",Torre Lamberti,"['Sighseeing', 'Centro Fotografia', 'Museo Conte', 'Casa Giulietta', 'Palazzo della Ragione']",Casa Giulietta,strategy_nearest,True,0.0026590824127197266,success
045EBE429C4C80,2,['Casa Giulietta'],Torre Lamberti,"['Sighseeing', 'Centro Fotografia', 'Museo Conte', 'Palazzo della Ragione', 'AMO']",Palazzo della Ragione,strategy_nearest,True,0.002607107162475586,success
045EC93A9C4C80,1,['Arena'],Palazzo della Ragione,"['AMO', 'Museo Conte', 'Torre Lamberti', 'Centro Fotografia', 'Sighseeing']",Casa Giulietta,strategy_nearest,False,0.0026378631591796875,success
045EC2429C4C80,0,['Arena'],Casa Giulietta,"['Centro Fotografia', 'Sighseeing', 'Torre Lamberti', 'Museo Conte', 'Museo Radio']",Torre Lamberti,strategy_nearest,True,0.001798868179321289,success
045ED43A9C4C80,3,"['Arena', 'Casa Giulietta', 'Castelvecchio']",San Zeno,"['Verona Tour', 'Museo Lapidario', 'Museo Miniscalchi', 'Sighseeing', 'Museo Radio']",Tomba Giulietta,strategy_nearest,False,0.002462148666381836,success
045EE23A9C4C80,0,['Arena'],Casa Giulietta,"['Centro Fotografia', 'Sighseeing', 'Torre Lamberti', 'Museo Conte', 'Museo Radio']",Tomba Giulietta,strategy_nearest,False,0.0031731128692626953,success
045EF53A9C4C80,2,['Casa Giulietta'],Palazzo della Ragione,"['AMO', 'Museo Conte', 'Torre Lamberti', 'Centro Fotografia', 'Sighseeing']",Teatro Romano,strategy_nearest,False,0.0026597976684570312,success
045EEE3A9C4C80,0,"['Torre Lamberti', 'Casa Giulietta']",Arena,"['Verona Tour', 'Museo Lapidario', 'Museo Radio', 'San Fermo', 'Sighseeing']",Castelvecchio,strategy_nearest,False,0.0020020008087158203,success
045EF9429C4C80,2,['Castelvecchio'],Casa Giulietta,"['Centro Fotografia', 'Sighseeing', 'Torre Lamberti', 'Museo Conte', 'Museo Radio']",Santa Anastasia,strategy_nearest,False,0.0032892227172851562,success
045EFF3A9C4C80,0,['Casa Giulietta'],Torre Lamberti,"['Sighseeing', 'Centro Fotografia', 'Museo Conte', 'Palazzo della Ragione', 'AMO']",Arena,strategy_nearest,False,0.002975940704345703,success
045F033A9C4C84,3,"['Arena', 'Torre Lamberti']",Santa Anastasia,"['AMO', 'Museo Conte', 'Palazzo della Ragione', 'Teatro Romano', 'Centro Fotografia']",Castelvecchio,strategy_nearest,False,0.002328157424926758,success
045F06429C4C84,1,"['Museo Lapidario', 'Arena', 'San Fermo']",Torre Lamberti,"['Sighseeing', 'Centro Fotografia', 'Museo Conte', 'Casa Giulietta', 'Palazzo della Ragione']",Palazzo della Ragione,strategy_nearest,True,0.0026111602783203125,success
045F0A3A9C4C84,0,['Casa Giulietta'],Casa Giulietta,"['Centro Fotografia', 'Sighseeing', 'Torre Lamberti', 'Museo Conte', 'Museo Radio']",Torre Lamberti,strategy_nearest,True,0.003482818603515625,success
045F0C3A9C4C84,2,['San Zeno'],Castelvecchio,"['Museo Lapidario', 'Verona Tour', 'Arena', 'Museo Radio', 'Sighseeing']",Teatro Romano,strategy_nearest,False,0.0033369064331054688,success
045F0B3A9C4C84,3,"['Casa Giulietta', 'Arena']",Torre Lamberti,"['Sighseeing', 'Centro Fotografia', 'Museo Conte', 'Palazzo della Ragione', 'AMO']",Santa Anastasia,strategy_nearest,False,0.0031371116638183594,success
045F10429C4C84,0,['Santa Anastasia'],Arena,"['Verona Tour', 'Museo Lapidario', 'Museo Radio', 'San Fermo', 'Casa Giulietta']",Museo Lapidario,strategy_nearest,True,0.003002166748046875,success
045F144A9C4C80,1,"['Arena', 'Torre Lamberti', 'Duomo', 'Teatro Romano', 'Giardino Giusti']",San Zeno,"['Castelvecchio', 'Verona Tour', 'Museo Lapidario', 'Museo Miniscalchi', 'Sighseeing']",Castelvecchio,strategy_nearest,True,0.0031957626342773438,success
045F15429C4C80,1,"['Arena', 'Casa Giulietta', 'Santa Anastasia']",Torre Lamberti,"['Sighseeing', 'Centro Fotografia', 'Museo Conte', 'Palazzo della Ragione', 'AMO']",Palazzo della Ragione,strategy_nearest,True,0.0024230480194091797,success
045F15429C4C84,3,"['Duomo', 'Santa Anastasia']",Torre Lamberti,"['Sighseeing', 'Centro Fotografia', 'Museo Conte', 'Casa Giulietta', 'Palazzo della Ragione']",Casa Giulietta,strategy_nearest,True,0.0030460357666015625,success
045F1A3A9C4C80,2,"['Teatro Romano', 'Duomo']",Santa Anastasia,"['AMO', 'Museo Conte', 'Palazzo della Ragione', 'Centro Fotografia', 'Torre Lamberti']",San Fermo,strategy_nearest,False,0.0033600330352783203,success
045F1B3A9C4C84,3,"['San Zeno', 'Arena']",Duomo,"['AMO', 'Museo Miniscalchi', 'Santa Anastasia', 'Teatro Romano', 'Palazzo della Ragione']",Santa Anastasia,strategy_nearest,True,0.0025331974029541016,success
045F1C3A9C4C80,3,"['Teatro Romano', 'Duomo']",Santa Anastasia,"['AMO', 'Museo Conte', 'Palazzo della Ragione', 'Centro Fotografia', 'Torre Lamberti']",Arena,strategy_nearest,False,0.0031881332397460938,success
045F234A9C4C80,0,"['Casa Giulietta', 'Arena', 'Tomba Giulietta']",San Fermo,"['Museo Storia', 'Museo Radio', 'Centro Fotografia', 'Sighseeing', 'Torre Lamberti']",Giardino Giusti,strategy_nearest,False,0.0025031566619873047,success
045F1E3A9C4C84,1,"['Arena', 'Museo Lapidario']",Castelvecchio,"['Verona Tour', 'Museo Radio', 'San Zeno', 'Sighseeing', 'Museo Miniscalchi']",San Zeno,strategy_nearest,True,0.0033240318298339844,success
045F1F429C4C84,0,['Arena'],Duomo,"['AMO', 'Museo Miniscalchi', 'Santa Anastasia', 'Teatro Romano', 'Palazzo della Ragione']",Casa Giulietta,strategy_nearest,False,0.003237009048461914,success
045F2B429C4C80,3,"['Arena', 'San Fermo', 'Torre Lamberti']",Santa Anastasia,"['AMO', 'Museo Conte', 'Palazzo della Ragione', 'Teatro Romano', 'Centro Fotografia']",Duomo,strategy_nearest,False,0.002692699432373047,success
045F284A9C4C80,1,"['Tomba Giulietta', 'San Fermo', 'Arena', 'Palazzo della Ragione']",Torre Lamberti,"['Sighseeing', 'Centro Fotografia', 'Museo Conte', 'Casa Giulietta', 'AMO']",Santa Anastasia,strategy_nearest,False,0.0035610198974609375,success
045F313A9C4C80,0,['Arena'],Casa Giulietta,"['Centro Fotografia', 'Sighseeing', 'Torre Lamberti', 'Museo Conte', 'Museo Radio']",San Fermo,strategy_nearest,False,0.0025229454040527344,success
045F393A9C4C80,3,"['Casa Giulietta', 'Arena']",Castelvecchio,"['Museo Lapidario', 'Verona Tour', 'Museo Radio', 'San Zeno', 'Sighseeing']",Torre Lamberti,strategy_nearest,False,0.003170013427734375,success
045F4A429C4C80,0,"['Tomba Giulietta', 'Arena']",Casa Giulietta,"['Centro Fotografia', 'Sighseeing', 'Torre Lamberti', 'Museo Conte', 'Museo Radio']",Castelvecchio,strategy_nearest,False,0.002234935760498047,success
045F5C3A9C4C80,2,['Casa Giulietta'],Castelvecchio,"['Museo Lapidario', 'Verona Tour', 'Arena', 'Museo Radio', 'San Zeno']",Santa Anastasia,strategy_nearest,False,0.003297090530395508,success
045F5A3A9C4C80,0,"['Arena', 'Casa Giulietta']",Torre Lamberti,"['Sighseeing', 'Centro Fotografia', 'Museo Conte', 'Palazzo della Ragione', 'AMO']",Teatro Romano,strategy_nearest,False,0.0031800270080566406,success
045F6D429C4C80,0,"['Arena', 'Torre Lamberti']",Giardino Giusti,"['Santa Anastasia', 'Teatro Romano', 'Museo Conte', 'Centro Fotografia', 'Museo Storia']",Teatro Romano,strategy_nearest,True,0.0031609535217285156,success
045F6F3A9C4C80,0,['Arena'],Castelvecchio,"['Museo Lapidario', 'Verona Tour', 'Museo Radio', 'San Zeno', 'Sighseeing']",Casa Giulietta,strategy_nearest,False,0.003103971481323242,success
045F823A9C4C80,0,['Arena'],Casa Giulietta,"['Centro Fotografia', 'Sighseeing', 'Torre Lamberti', 'Museo Conte', 'Museo Radio']",Teatro Romano,strategy_nearest,False,0.003136157989501953,success
045F804A9C4C80,1,"['Arena', 'Museo Lapidario', 'Casa Giulietta', 'Palazzo della Ragione']",Torre Lamberti,"['Sighseeing', 'Centro Fotografia', 'Museo Conte', 'AMO', 'Museo Miniscalchi']",Duomo,strategy_nearest,False,0.003355264663696289,success
045F7D429C4C80,0,['Arena'],Castelvecchio,"['Museo Lapidario', 'Verona Tour', 'Museo Radio', 'San Zeno', 'Sighseeing']",Casa Giulietta,strategy_nearest,False,0.002878904342651367,success
045F844A9C4C80,3,"['Arena', 'Torre Lamberti']",Casa Giulietta,"['Centro Fotografia', 'Sighseeing', 'Museo Conte', 'Museo Radio', 'Palazzo della Ragione']",Duomo,strategy_nearest,False,0.0030107498168945312,success
045F8B3A9C4C80,1,"['San Zeno', 'Casa Giulietta']",Torre Lamberti,"['Sighseeing', 'Centro Fotografia', 'Museo Conte', 'Palazzo della Ragione', 'AMO']",Palazzo della Ragione,strategy_nearest,True,0.0027451515197753906,success
045F91429C4C80,0,['Arena'],Casa Giulietta,"['Centro Fotografia', 'Sighseeing', 'Torre Lamberti', 'Museo Conte', 'Museo Radio']",Santa Anastasia,strategy_nearest,False,0.0019750595092773438,success
045F924A9C4C80,3,['Arena'],Santa Anastasia,"['AMO', 'Museo Conte', 'Palazzo della Ragione', 'Teatro Romano', 'Centro Fotografia']",Duomo,strategy_nearest,False,0.003170013427734375,success
045F9C429C4C80,0,['Castelvecchio'],Casa Giulietta,"['Centro Fotografia', 'Sighseeing', 'Torre Lamberti', 'Museo Conte', 'Museo Radio']",Arena,strategy_nearest,False,0.002064228057861328,success
045F9A429C4C80,3,['Arena'],Santa Anastasia,"['AMO', 'Museo Conte', 'Palazzo della Ragione', 'Teatro Romano', 'Centro Fotografia']",Duomo,strategy_nearest,False,0.002179861068725586,success
045F9B429C4C80,0,['Arena'],San Fermo,"['Museo Storia', 'Museo Radio', 'Casa Giulietta', 'Centro Fotografia', 'Sighseeing']",Museo Storia,strategy_nearest,True,0.0033991336822509766,success
045F9F429C4C80,1,"['Santa Anastasia', 'Duomo']",Arena,"['Verona Tour', 'Museo Lapidario', 'Museo Radio', 'San Fermo', 'Casa Giulietta']",Casa Giulietta,strategy_nearest,True,0.0032699108123779297,success
045FA5429C4C80,3,"['Arena', 'Castelvecchio']",Santa Anastasia,"['AMO', 'Museo Conte', 'Palazzo della Ragione', 'Teatro Romano', 'Centro Fotografia']",Torre Lamberti,strategy_nearest,False,0.0022499561309814453,success
045FA9429C4C80,0,['Arena'],Castelvecchio,"['Museo Lapidario', 'Verona Tour', 'Museo Radio', 'San Zeno', 'Sighseeing']",Casa Giulietta,strategy_nearest,False,0.0020799636840820312,success
045FA54A9C4C80,1,"['Arena', 'Casa Giulietta']",Torre Lamberti,"['Sighseeing', 'Centro Fotografia', 'Museo Conte', 'Palazzo della Ragione', 'AMO']",Palazzo della Ragione,strategy_nearest,True,0.004024028778076172,success
045FAC429C4C80,2,['Tomba Giulietta'],Teatro Romano,"['Santa Anastasia', 'Duomo', 'AMO', 'Palazzo della Ragione', 'Museo Conte']",Casa Giulietta,strategy_nearest,False,0.0027000904083251953,success
045FBA429C4C80,0,"['Castelvecchio', 'Arena']",Casa Giulietta,"['Centro Fotografia', 'Sighseeing', 'Torre Lamberti', 'Museo Conte', 'Museo Radio']",Teatro Romano,strategy_nearest,False,0.0037069320678710938,success
045FBF429C4C80,0,['Arena'],Casa Giulietta,"['Centro Fotografia', 'Sighseeing', 'Torre Lamberti', 'Museo Conte', 'Museo Radio']",Casa Giulietta,strategy_nearest,False,0.002344846725463867,success
045FC33A9C4C80,3,"['Arena', 'Casa Giulietta']",Torre Lamberti,"['Sighseeing', 'Centro Fotografia', 'Museo Conte', 'Palazzo della Ragione', 'AMO']",Santa Anastasia,strategy_nearest,False,0.002833843231201172,success
045FC83A9C4C80,0,"['Arena', 'Museo Lapidario']",Casa Giulietta,"['Centro Fotografia', 'Sighseeing', 'Torre Lamberti', 'Museo Conte', 'Museo Radio']",Torre Lamberti,strategy_nearest,True,0.0035247802734375,success
045FCC3A9C4C80,3,['Arena'],Torre Lamberti,"['Sighseeing', 'Centro Fotografia', 'Museo Conte', 'Casa Giulietta', 'Palazzo della Ragione']",Santa Anastasia,strategy_nearest,False,0.0032160282135009766,success
045FC8429C4C80,0,['Casa Giulietta'],Torre Lamberti,"['Sighseeing', 'Centro Fotografia', 'Museo Conte', 'Palazzo della Ragione', 'AMO']",Castelvecchio,strategy_nearest,False,0.002749919891357422,success
045FCD3A9C4C80,0,['Arena'],Casa Giulietta,"['Centro Fotografia', 'Sighseeing', 'Torre Lamberti', 'Museo Conte', 'Museo Radio']",Santa Anastasia,strategy_nearest,False,0.0029048919677734375,success
045FE1429C4C80,0,"['Casa Giulietta', 'Arena']",Tomba Giulietta,"['San Fermo', 'Museo Storia', 'Museo Lapidario', 'Museo Radio', 'Verona Tour']",Torre Lamberti,strategy_nearest,False,0.0023238658905029297,success
045FD03A9C4C80,0,"['Arena', 'Museo Storia']",San Fermo,"['Museo Radio', 'Casa Giulietta', 'Centro Fotografia', 'Sighseeing', 'Torre Lamberti']",Casa Giulietta,strategy_nearest,True,0.0026340484619140625,success
045FD13A9C4C80,2,"['Casa Giulietta', 'Tomba Giulietta']",San Fermo,"['Museo Storia', 'Museo Radio', 'Centro Fotografia', 'Arena', 'Sighseeing']",Museo Storia,strategy_nearest,True,0.0033347606658935547,success
045FE63A9C4C80,1,"['Arena', 'Casa Giulietta']",Torre Lamberti,"['Sighseeing', 'Centro Fotografia', 'Museo Conte', 'Palazzo della Ragione', 'AMO']",Torre Lamberti,strategy_nearest,False,0.0032460689544677734,success
0460023A9C4C84,1,"['Arena', 'Casa Giulietta']",Palazzo della Ragione,"['AMO', 'Museo Conte', 'Torre Lamberti', 'Centro Fotografia', 'Sighseeing']",Torre Lamberti,strategy_nearest,True,0.0026090145111083984,success
045FF4429C4C80,0,['Arena'],Teatro Romano,"['Santa Anastasia', 'Duomo', 'AMO', 'Palazzo della Ragione', 'Museo Conte']",Castelvecchio,strategy_nearest,False,0.0027887821197509766,success
045FF6429C4C80,1,"['Tomba Giulietta', 'Casa Giulietta', 'Torre Lamberti']",Santa Anastasia,"['AMO', 'Museo Conte', 'Palazzo della Ragione', 'Teatro Romano', 'Centro Fotografia']",Arena,strategy_nearest,False,0.002741098403930664,success
045FFE3A9C4C80,3,"['Castelvecchio', 'Teatro Romano']",Santa Anastasia,"['AMO', 'Museo Conte', 'Palazzo della Ragione', 'Centro Fotografia', 'Duomo']",Torre Lamberti,strategy_nearest,False,0.003343820571899414,success
046004429C4C84,2,"['Torre Lamberti', 'Teatro Romano']",Santa Anastasia,"['AMO', 'Museo Conte', 'Palazzo della Ragione', 'Centro Fotografia', 'Duomo']",Duomo,strategy_nearest,True,0.002660036087036133,success
046005429C4C84,1,"['Santa Anastasia', 'Torre Lamberti', 'Palazzo della Ragione']",Casa Giulietta,"['Centro Fotografia', 'Sighseeing', 'Museo Conte', 'Museo Radio', 'San Fermo']",Teatro Romano,strategy_nearest,False,0.002711772918701172,success
04600B429C4C84,2,['Castelvecchio'],Casa Giulietta,"['Centro Fotografia', 'Sighseeing', 'Torre Lamberti', 'Museo Conte', 'Museo Radio']",Palazzo della Ragione,strategy_nearest,False,0.003133058547973633,success
046006429C4C84,1,"['Arena', 'Teatro Romano']",Casa Giulietta,"['Centro Fotografia', 'Sighseeing', 'Torre Lamberti', 'Museo Conte', 'Museo Radio']",Torre Lamberti,strategy_nearest,True,0.0013968944549560547,success
04600F429C4C84,0,['Arena'],Casa Giulietta,"['Centro Fotografia', 'Sighseeing', 'Torre Lamberti', 'Museo Conte', 'Museo Radio']",Torre Lamberti,strategy_nearest,True,0.0022020339965820312,success
046014429C4C80,3,"['Arena', 'San Zeno', 'Castelvecchio', 'Tomba Giulietta']",San Fermo,"['Museo Storia', 'Museo Radio', 'Casa Giulietta', 'Centro Fotografia', 'Sighseeing']",Teatro Romano,strategy_nearest,False,0.0020799636840820312,success
04601A429C4C84,1,"['Palazzo della Ragione', 'Santa Anastasia', 'Duomo']",Arena,"['Verona Tour', 'Museo Lapidario', 'Museo Radio', 'San Fermo', 'Casa Giulietta']",San Fermo,strategy_nearest,True,0.002684354782104492,success
046018429C4C84,0,['Arena'],Casa Giulietta,"['Centro Fotografia', 'Sighseeing', 'Torre Lamberti', 'Museo Conte', 'Museo Radio']",Santa Anastasia,strategy_nearest,False,0.0033092498779296875,success
04601E429C4C84,0,"['Arena', 'San Fermo']",Tomba Giulietta,"['Museo Storia', 'Museo Lapidario', 'Museo Radio', 'Verona Tour', 'Casa Giulietta']",Castelvecchio,strategy_nearest,False,0.0013561248779296875,success
04601F3A9C4C84,0,['Arena'],Torre Lamberti,"['Sighseeing', 'Centro Fotografia', 'Museo Conte', 'Casa Giulietta', 'Palazzo della Ragione']",Casa Giulietta,strategy_nearest,True,0.003196239471435547,success
04601C429C4C84,0,['Casa Giulietta'],Casa Giulietta,"['Centro Fotografia', 'Sighseeing', 'Torre Lamberti', 'Museo Conte', 'Museo Radio']",Arena,strategy_nearest,False,0.0033049583435058594,success
04601C3A9C4C80,0,['Arena'],Casa Giulietta,"['Centro Fotografia', 'Sighseeing', 'Torre Lamberti', 'Museo Conte', 'Museo Radio']",Torre Lamberti,strategy_nearest,True,0.0046727657318115234,success
046022429C4C84,1,"['Arena', 'Torre Lamberti']",Palazzo della Ragione,"['AMO', 'Museo Conte', 'Centro Fotografia', 'Sighseeing', 'Santa Anastasia']",Santa Anastasia,strategy_nearest,True,0.0019750595092773438,success
0460203A9C4C80,2,['Casa Giulietta'],Torre Lamberti,"['Sighseeing', 'Centro Fotografia', 'Museo Conte', 'Palazzo della Ragione', 'AMO']",Santa Anastasia,strategy_nearest,False,0.00140380859375,success
046025429C4C80,1,"['Casa Giulietta', 'Torre Lamberti', 'Palazzo della Ragione', 'Santa Anastasia']",Arena,"['Verona Tour', 'Museo Lapidario', 'Museo Radio', 'San Fermo', 'Sighseeing']",Museo Lapidario,strategy_nearest,True,0.00251007080078125,success
0460273A9C4C80,2,"['Castelvecchio', 'Tomba Giulietta']",Torre Lamberti,"['Sighseeing', 'Centro Fotografia', 'Museo Conte', 'Casa Giulietta', 'Palazzo della Ragione']",Casa Giulietta,strategy_nearest,True,0.0033872127532958984,success
0460313A9C4C80,3,"['Arena', 'Torre Lamberti']",Casa Giulietta,"['Centro Fotografia', 'Sighseeing', 'Museo Conte', 'Museo Radio', 'Palazzo della Ragione']",Santa Anastasia,strategy_nearest,False,0.0027642250061035156,success
0460353A9C4C80,3,"['Arena', 'San Fermo']",Duomo,"['AMO', 'Museo Miniscalchi', 'Santa Anastasia', 'Teatro Romano', 'Palazzo della Ragione']",Santa Anastasia,strategy_nearest,True,0.0018160343170166016,success
04602D4A9C4C80,3,"['Casa Giulietta', 'Santa Anastasia', 'Giardino Giusti', 'San Fermo']",Tomba Giulietta,"['Museo Storia', 'Arena', 'Museo Lapidario', 'Museo Radio', 'Verona Tour']",Arena,strategy_nearest,True,0.004024982452392578,success
0460393A9C4C80,0,['Arena'],Castelvecchio,"['Museo Lapidario', 'Verona Tour', 'Museo Radio', 'San Zeno', 'Sighseeing']",Torre Lamberti,strategy_nearest,False,0.002686023712158203,success
0460373A9C4C80,0,['Casa Giulietta'],Castelvecchio,"['Museo Lapidario', 'Verona Tour', 'Arena', 'Museo Radio', 'San Zeno']",Arena,strategy_nearest,True,0.0028867721557617188,success
04604B3A9C4C80,4,"['Castelvecchio', 'Museo Lapidario', 'Arena']",Giardino Giusti,"['Santa Anastasia', 'Teatro Romano', 'Museo Conte', 'Centro Fotografia', 'Museo Storia']",Santa Anastasia,strategy_nearest,True,0.0024988651275634766,success
04603A4A9C4C80,2,"['Teatro Romano', 'Torre Lamberti', 'Palazzo della Ragione']",Casa Giulietta,"['Centro Fotografia', 'Sighseeing', 'Museo Conte', 'Museo Radio', 'San Fermo']",Castelvecchio,strategy_nearest,False,0.003171205520629883,success
04605A3A9C4C80,3,"['Casa Giulietta', 'Torre Lamberti']",Santa Anastasia,"['AMO', 'Museo Conte', 'Palazzo della Ragione', 'Teatro Romano', 'Centro Fotografia']",Arena,strategy_nearest,False,0.0018010139465332031,success
046053429C4C80,3,"['Arena', 'Torre Lamberti']",Santa Anastasia,"['AMO', 'Museo Conte', 'Palazzo della Ragione', 'Teatro Romano', 'Centro Fotografia']",Duomo,strategy_nearest,False,0.0031201839447021484,success
04605E429C4C80,1,['Arena'],Torre Lamberti,"['Sighseeing', 'Centro Fotografia', 'Museo Conte', 'Casa Giulietta', 'Palazzo della Ragione']",Palazzo della Ragione,strategy_nearest,True,0.0027692317962646484,success
046063429C4C80,0,['Arena'],Palazzo della Ragione,"['AMO', 'Museo Conte', 'Torre Lamberti', 'Centro Fotografia', 'Sighseeing']",Casa Giulietta,strategy_nearest,False,0.003237009048461914,success
0460753A9C4C80,2,['Castelvecchio'],Duomo,"['AMO', 'Museo Miniscalchi', 'Santa Anastasia', 'Teatro Romano', 'Palazzo della Ragione']",Santa Anastasia,strategy_nearest,True,0.003061056137084961,success
04606B429C4C80,0,['Arena'],Casa Giulietta,"['Centro Fotografia', 'Sighseeing', 'Torre Lamberti', 'Museo Conte', 'Museo Radio']",Tomba Giulietta,strategy_nearest,False,0.0024509429931640625,success
04607D429C4C80,0,['San Zeno'],Arena,"['Verona Tour', 'Museo Lapidario', 'Museo Radio', 'San Fermo', 'Casa Giulietta']",Duomo,strategy_nearest,False,0.0024750232696533203,success
0460793A9C4C80,0,['Tomba Giulietta'],Arena,"['Verona Tour', 'Museo Lapidario', 'Museo Radio', 'San Fermo', 'Casa Giulietta']",Torre Lamberti,strategy_nearest,False,0.0033140182495117188,success
0460833A9C4C80,0,['Arena'],Casa Giulietta,"['Centro Fotografia', 'Sighseeing', 'Torre Lamberti', 'Museo Conte', 'Museo Radio']",Castelvecchio,strategy_nearest,False,0.0024628639221191406,success
0460844A9C4C80,0,['Arena'],Casa Giulietta,"['Centro Fotografia', 'Sighseeing', 'Torre Lamberti', 'Museo Conte', 'Museo Radio']",Torre Lamberti,strategy_nearest,True,0.0032227039337158203,success
0460854A9C4C80,0,"['Arena', 'Museo Lapidario']",Castelvecchio,"['Verona Tour', 'Museo Radio', 'San Zeno', 'Sighseeing', 'Museo Miniscalchi']",Teatro Romano,strategy_nearest,False,0.0019860267639160156,success
046087429C4C80,0,['Arena'],Casa Giulietta,"['Centro Fotografia', 'Sighseeing', 'Torre Lamberti', 'Museo Conte', 'Museo Radio']",Santa Anastasia,strategy_nearest,False,0.00325775146484375,success
04608D4A9C4C80,3,"['Arena', 'Museo Lapidario']",Castelvecchio,"['Verona Tour', 'Museo Radio', 'San Zeno', 'Sighseeing', 'Museo Miniscalchi']",Santa Anastasia,strategy_nearest,False,0.002974987030029297,success
046092429C4C80,0,['Arena'],Torre Lamberti,"['Sighseeing', 'Centro Fotografia', 'Museo Conte', 'Casa Giulietta', 'Palazzo della Ragione']",Castelvecchio,strategy_nearest,False,0.002521991729736328,success
0460924A9C4C80,3,"['Arena', 'Museo Lapidario']",Torre Lamberti,"['Sighseeing', 'Centro Fotografia', 'Museo Conte', 'Casa Giulietta', 'Palazzo della Ragione']",Santa Anastasia,strategy_nearest,False,0.0024607181549072266,success
0460934A9C4C80,0,['Arena'],Casa Giulietta,"['Centro Fotografia', 'Sighseeing', 'Torre Lamberti', 'Museo Conte', 'Museo Radio']",Teatro Romano,strategy_nearest,False,0.003200054168701172,success
046099429C4C80,3,"['Arena', 'Casa Giulietta', 'Torre Lamberti']",Duomo,"['AMO', 'Museo Miniscalchi', 'Santa Anastasia', 'Teatro Romano', 'Palazzo della Ragione']",Teatro Romano,strategy_nearest,True,0.0026061534881591797,success
0460A34A9C4C80,3,"['Arena', 'Museo Lapidario', 'Castelvecchio']",Torre Lamberti,"['Sighseeing', 'Centro Fotografia', 'Museo Conte', 'Casa Giulietta', 'Palazzo della Ragione']",Casa Giulietta,strategy_nearest,True,0.0019106864929199219,success
04609A4A9C4C80,1,['Arena'],Torre Lamberti,"['Sighseeing', 'Centro Fotografia', 'Museo Conte', 'Casa Giulietta', 'Palazzo della Ragione']",Palazzo della Ragione,strategy_nearest,True,0.003217935562133789,success
0460A44A9C4C80,3,"['Duomo', 'Teatro Romano']",Arena,"['Verona Tour', 'Museo Lapidario', 'Museo Radio', 'San Fermo', 'Casa Giulietta']",Castelvecchio,strategy_nearest,False,0.003050088882446289,success
0460A84A9C4C80,3,"['Arena', 'Casa Giulietta']",Torre Lamberti,"['Sighseeing', 'Centro Fotografia', 'Museo Conte', 'Palazzo della Ragione', 'AMO']",Duomo,strategy_nearest,False,0.0023369789123535156,success
0460AE429C4C80,3,"['Arena', 'Teatro Romano']",Santa Anastasia,"['AMO', 'Museo Conte', 'Palazzo della Ragione', 'Centro Fotografia', 'Duomo']",Torre Lamberti,strategy_nearest,False,0.0025789737701416016,success
0460B63A9C4C80,2,"['Casa Giulietta', 'Palazzo della Ragione', 'Torre Lamberti']",Santa Anastasia,"['AMO', 'Museo Conte', 'Teatro Romano', 'Centro Fotografia', 'Duomo']",San Fermo,strategy_nearest,False,0.00189208984375,success
0460B5429C4C80,0,['Arena'],Casa Giulietta,"['Centro Fotografia', 'Sighseeing', 'Torre Lamberti', 'Museo Conte', 'Museo Radio']",Torre Lamberti,strategy_nearest,True,0.004056215286254883,success
0460B83A9C4C80,3,"['Arena', 'Castelvecchio']",Torre Lamberti,"['Sighseeing', 'Centro Fotografia', 'Museo Conte', 'Casa Giulietta', 'Palazzo della Ragione']",Santa Anastasia,strategy_nearest,False,0.0035800933837890625,success
0460BA3A9C4C80,2,['Palazzo della Ragione'],Torre Lamberti,"['Sighseeing', 'Centro Fotografia', 'Museo Conte', 'Casa Giulietta', 'AMO']",Casa Giulietta,strategy_nearest,True,0.0029566287994384766,success
0460C43A9C4C80,1,"['Arena', 'Museo Lapidario', 'Casa Giulietta', 'Palazzo della Ragione', 'Torre Lamberti']",Santa Anastasia,"['AMO', 'Museo Conte', 'Teatro Romano', 'Centro Fotografia', 'Duomo']",Duomo,strategy_nearest,True,0.002894163131713867,success
0460BC3A9C4C80,3,"['Arena', 'Casa Giulietta']",Torre Lamberti,"['Sighseeing', 'Centro Fotografia', 'Museo Conte', 'Palazzo della Ragione', 'AMO']",Santa Anastasia,strategy_nearest,False,0.003088712692260742,success
0460C9429C4C80,1,['Arena'],Casa Giulietta,"['Centro Fotografia', 'Sighseeing', 'Torre Lamberti', 'Museo Conte', 'Museo Radio']",Palazzo della Ragione,strategy_nearest,False,0.002518892288208008,success
0460D83A9C4C80,3,['Arena'],Casa Giulietta,"['Centro Fotografia', 'Sighseeing', 'Torre Lamberti', 'Museo Conte', 'Museo Radio']",Santa Anastasia,strategy_nearest,False,0.0024340152740478516,success
0460D93A9C4C80,3,"['Santa Anastasia', 'Teatro Romano']",Casa Giulietta,"['Centro Fotografia', 'Sighseeing', 'Torre Lamberti', 'Museo Conte', 'Museo Radio']",Arena,strategy_nearest,False,0.002415895462036133,success
0460E3429C4C80,3,"['Arena', 'Casa Giulietta', 'Castelvecchio']",Duomo,"['AMO', 'Museo Miniscalchi', 'Santa Anastasia', 'Teatro Romano', 'Palazzo della Ragione']",Santa Anastasia,strategy_nearest,True,0.0024750232696533203,success
0460EC429C4C80,1,"['Arena', 'Palazzo della Ragione', 'Torre Lamberti', 'Museo Storia']",San Fermo,"['Museo Radio', 'Casa Giulietta', 'Centro Fotografia', 'Sighseeing', 'Museo Conte']",Santa Anastasia,strategy_nearest,False,0.0020051002502441406,success
0460E4429C4C80,2,['Torre Lamberti'],Tomba Giulietta,"['San Fermo', 'Museo Storia', 'Arena', 'Museo Lapidario', 'Museo Radio']",Casa Giulietta,strategy_nearest,False,0.003244161605834961,success
0460FD3A9C4C80,0,['Arena'],Duomo,"['AMO', 'Museo Miniscalchi', 'Santa Anastasia', 'Teatro Romano', 'Palazzo della Ragione']",Torre Lamberti,strategy_nearest,False,0.002763986587524414,success
0461023A9C4C84,0,['Arena'],Torre Lamberti,"['Sighseeing', 'Centro Fotografia', 'Museo Conte', 'Casa Giulietta', 'Palazzo della Ragione']",Casa Giulietta,strategy_nearest,True,0.0020210742950439453,success
0460F33A9C4C80,2,['Torre Lamberti'],Palazzo della Ragione,"['AMO', 'Museo Conte', 'Centro Fotografia', 'Sighseeing', 'Santa Anastasia']",Casa Giulietta,strategy_nearest,False,0.004171133041381836,success
046104429C4C84,2,"['Torre Lamberti', 'Teatro Romano']",Santa Anastasia,"['AMO', 'Museo Conte', 'Palazzo della Ragione', 'Centro Fotografia', 'Duomo']",Duomo,strategy_nearest,True,0.003256082534790039,success
046116429C4C80,2,"['Castelvecchio', 'Torre Lamberti', 'Palazzo della Ragione', 'San Zeno']",Museo Lapidario,"['Verona Tour', 'Arena', 'Museo Radio', 'San Fermo', 'Casa Giulietta']",San Fermo,strategy_nearest,True,0.00208282470703125,success
04611D3A9C4C80,0,"['Arena', 'Casa Giulietta']",Torre Lamberti,"['Sighseeing', 'Centro Fotografia', 'Museo Conte', 'Palazzo della Ragione', 'AMO']",Duomo,strategy_nearest,False,0.003350973129272461,success
046109429C4C84,2,"['Casa Giulietta', 'Castelvecchio']",Torre Lamberti,"['Sighseeing', 'Centro Fotografia', 'Museo Conte', 'Palazzo della Ragione', 'AMO']",Santa Anastasia,strategy_nearest,False,0.0027587413787841797,success
04611E4A9C4C80,3,"['Arena', 'Casa Giulietta', 'Museo Lapidario']",Castelvecchio,"['Verona Tour', 'Museo Radio', 'San Zeno', 'Sighseeing', 'Museo Miniscalchi']",San Zeno,strategy_nearest,True,0.003262042999267578,success
04612F3A9C4C80,2,"['Palazzo della Ragione', 'Torre Lamberti', 'Casa Giulietta']",Castelvecchio,"['Museo Lapidario', 'Verona Tour', 'Arena', 'Museo Radio', 'San Zeno']",San Zeno,strategy_nearest,True,0.002708911895751953,success
0461273A9C4C80,0,['Arena'],Casa Giulietta,"['Centro Fotografia', 'Sighseeing', 'Torre Lamberti', 'Museo Conte', 'Museo Radio']",Teatro Romano,strategy_nearest,False,0.0017118453979492188,success
0461344A9C4C80,0,['Arena'],Casa Giulietta,"['Centro Fotografia', 'Sighseeing', 'Torre Lamberti', 'Museo Conte', 'Museo Radio']",Torre Lamberti,strategy_nearest,True,0.002088308334350586,success
046129429C4C80,2,"['Santa Anastasia', 'Duomo', 'Torre Lamberti']",Casa Giulietta,"['Centro Fotografia', 'Sighseeing', 'Museo Conte', 'Museo Radio', 'Palazzo della Ragione']",San Fermo,strategy_nearest,False,0.0035021305084228516,success
046138429C4C80,3,"['Castelvecchio', 'Arena', 'Tomba Giulietta']",Torre Lamberti,"['Sighseeing', 'Centro Fotografia', 'Museo Conte', 'Casa Giulietta', 'Palazzo della Ragione']",Santa Anastasia,strategy_nearest,False,0.003340005874633789,success
046144429C4C80,1,"['Castelvecchio', 'Arena']",Torre Lamberti,"['Sighseeing', 'Centro Fotografia', 'Museo Conte', 'Casa Giulietta', 'Palazzo della Ragione']",Palazzo della Ragione,strategy_nearest,True,0.002009868621826172,success
04614F3A9C4C80,1,"['Museo Lapidario', 'Arena']",Torre Lamberti,"['Sighseeing', 'Centro Fotografia', 'Museo Conte', 'Casa Giulietta', 'Palazzo della Ragione']",Palazzo della Ragione,strategy_nearest,True,0.0032842159271240234,success
0461364A9C4C80,3,"['Castelvecchio', 'Arena']",San Zeno,"['Verona Tour', 'Museo Lapidario', 'Museo Miniscalchi', 'Sighseeing', 'Museo Radio']",Torre Lamberti,strategy_nearest,False,0.0020449161529541016,success
046156429C4C80,3,['Torre Lamberti'],Santa Anastasia,"['AMO', 'Museo Conte', 'Palazzo della Ragione', 'Teatro Romano', 'Centro Fotografia']",Arena,strategy_nearest,False,0.001928091049194336,success
0461563A9C4C80,3,['Arena'],San Fermo,"['Museo Storia', 'Museo Radio', 'Casa Giulietta', 'Centro Fotografia', 'Sighseeing']",Castelvecchio,strategy_nearest,False,0.0025773048400878906,success
046159429C4C80,2,['Duomo'],Teatro Romano,"['Santa Anastasia', 'AMO', 'Palazzo della Ragione', 'Museo Conte', 'Centro Fotografia']",Casa Giulietta,strategy_nearest,False,0.0028200149536132812,success
046163429C4C80,3,"['Arena', 'Casa Giulietta']",Santa Anastasia,"['AMO', 'Museo Conte', 'Palazzo della Ragione', 'Teatro Romano', 'Centro Fotografia']",Duomo,strategy_nearest,False,0.002994060516357422,success
046169429C4C80,1,"['Arena', 'Casa Giulietta', 'Torre Lamberti', 'Museo Lapidario']",Palazzo della Ragione,"['AMO', 'Museo Conte', 'Centro Fotografia', 'Sighseeing', 'Santa Anastasia']",Santa Anastasia,strategy_nearest,True,0.0032911300659179688,success
046168429C4C80,0,"['Arena', 'Museo Lapidario']",San Fermo,"['Museo Storia', 'Museo Radio', 'Casa Giulietta', 'Centro Fotografia', 'Sighseeing']",Casa Giulietta,strategy_nearest,True,0.0026607513427734375,success
0461804A9C4C80,3,"['Arena', 'Casa Giulietta']",Torre Lamberti,"['Sighseeing', 'Centro Fotografia', 'Museo Conte', 'Palazzo della Ragione', 'AMO']",Santa Anastasia,strategy_nearest,False,0.0024690628051757812,success
0461803A9C4C80,2,['Casa Giulietta'],Santa Anastasia,"['AMO', 'Museo Conte', 'Palazzo della Ragione', 'Teatro Romano', 'Centro Fotografia']",Duomo,strategy_nearest,False,0.003159046173095703,success
04618D429C4C80,1,"['Museo Lapidario', 'Arena', 'San Fermo']",Casa Giulietta,"['Centro Fotografia', 'Sighseeing', 'Torre Lamberti', 'Museo Conte', 'Museo Radio']",Palazzo della Ragione,strategy_nearest,False,0.002090930938720703,success
046188429C4C80,2,['Casa Giulietta'],Torre Lamberti,"['Sighseeing', 'Centro Fotografia', 'Museo Conte', 'Palazzo della Ragione', 'AMO']",Teatro Romano,strategy_nearest,False,0.003361940383911133,success
046185429C4C80,1,['Arena'],Torre Lamberti,"['Sighseeing', 'Centro Fotografia', 'Museo Conte', 'Casa Giulietta', 'Palazzo della Ragione']",Palazzo della Ragione,strategy_nearest,True,0.004683017730712891,success
046191429C4C80,0,['Tomba Giulietta'],Arena,"['Verona Tour', 'Museo Lapidario', 'Museo Radio', 'San Fermo', 'Casa Giulietta']",Casa Giulietta,strategy_nearest,True,0.001363992691040039,success
0461A04A9C4C80,3,['Arena'],Casa Giulietta,"['Centro Fotografia', 'Sighseeing', 'Torre Lamberti', 'Museo Conte', 'Museo Radio']",Santa Anastasia,strategy_nearest,False,0.003301858901977539,success
0461A0429C4C80,3,"['Arena', 'San Fermo']",Torre Lamberti,"['Sighseeing', 'Centro Fotografia', 'Museo Conte', 'Casa Giulietta', 'Palazzo della Ragione']",Duomo,strategy_nearest,False,0.0021409988403320312,success
0461944A9C4C80,3,"['Arena', 'Torre Lamberti']",Santa Anastasia,"['AMO', 'Museo Conte', 'Palazzo della Ragione', 'Teatro Romano', 'Centro Fotografia']",Duomo,strategy_nearest,False,0.0028219223022460938,success
0461A8429C4C80,0,['Arena'],Casa Giulietta,"['Centro Fotografia', 'Sighseeing', 'Torre Lamberti', 'Museo Conte', 'Museo Radio']",Teatro Romano,strategy_nearest,False,0.0026102066040039062,success
0461BF3A9C4C80,3,"['Arena', 'Casa Giulietta']",Torre Lamberti,"['Sighseeing', 'Centro Fotografia', 'Museo Conte', 'Palazzo della Ragione', 'AMO']",Santa Anastasia,strategy_nearest,False,0.0014052391052246094,success
0461C13A9C4C80,0,['Arena'],Casa Giulietta,"['Centro Fotografia', 'Sighseeing', 'Torre Lamberti', 'Museo Conte', 'Museo Radio']",Santa Anastasia,strategy_nearest,False,0.0026640892028808594,success
0461B23A9C4C80,0,['Arena'],Casa Giulietta,"['Centro Fotografia', 'Sighseeing', 'Torre Lamberti', 'Museo Conte', 'Museo Radio']",San Fermo,strategy_nearest,False,0.0021610260009765625,success
0461C43A9C4C80,0,"['Arena', 'Museo Lapidario']",Tomba Giulietta,"['San Fermo', 'Museo Storia', 'Museo Radio', 'Verona Tour', 'Casa Giulietta']",San Fermo,strategy_nearest,True,0.003290891647338867,success
0461D7429C4C80,1,"['Arena', 'Castelvecchio']",Teatro Romano,"['Santa Anastasia', 'Duomo', 'AMO', 'Palazzo della Ragione', 'Museo Conte']",Palazzo della Ragione,strategy_nearest,True,0.0017850399017333984,success
0461D63A9C4C80,0,['Arena'],Casa Giulietta,"['Centro Fotografia', 'Sighseeing', 'Torre Lamberti', 'Museo Conte', 'Museo Radio']",Teatro Romano,strategy_nearest,False,0.0024127960205078125,success
0461DB429C4C80,2,"['Torre Lamberti', 'Casa Giulietta']",Teatro Romano,"['Santa Anastasia', 'Duomo', 'AMO', 'Palazzo della Ragione', 'Museo Conte']",Santa Anastasia,strategy_nearest,True,0.004112958908081055,success
0461E03A9C4C80,1,"['Arena', 'Torre Lamberti']",Palazzo della Ragione,"['AMO', 'Museo Conte', 'Centro Fotografia', 'Sighseeing', 'Santa Anastasia']",Teatro Romano,strategy_nearest,False,0.0027587413787841797,success
0461E1429C4C80,1,"['Casa Giulietta', 'Palazzo della Ragione']",Palazzo della Ragione,"['AMO', 'Museo Conte', 'Torre Lamberti', 'Centro Fotografia', 'Sighseeing']",Torre Lamberti,strategy_nearest,True,0.0023386478424072266,success
0461EA429C4C80,3,"['Torre Lamberti', 'San Fermo', 'Castelvecchio', 'Casa Giulietta']",Arena,"['Verona Tour', 'Museo Lapidario', 'Museo Radio', 'Sighseeing', 'Centro Fotografia']",San Zeno,strategy_nearest,False,0.0029671192169189453,success
0461F13A9C4C80,3,['Arena'],Casa Giulietta,"['Centro Fotografia', 'Sighseeing', 'Torre Lamberti', 'Museo Conte', 'Museo Radio']",Torre Lamberti,strategy_nearest,True,0.002794981002807617,success
0461F5429C4C80,1,"['Arena', 'Casa Giulietta', 'Torre Lamberti']",Palazzo della Ragione,"['AMO', 'Museo Conte', 'Centro Fotografia', 'Sighseeing', 'Santa Anastasia']",San Fermo,strategy_nearest,False,0.0038690567016601562,success
0461FE3A9C4C80,2,['Casa Giulietta'],Santa Anastasia,"['AMO', 'Museo Conte', 'Palazzo della Ragione', 'Teatro Romano', 'Centro Fotografia']",Castelvecchio,strategy_nearest,False,0.0019919872283935547,success
0461F7429C4C80,0,"['Casa Giulietta', 'Teatro Romano']",Arena,"['Verona Tour', 'Museo Lapidario', 'Museo Radio', 'San Fermo', 'Sighseeing']",Castelvecchio,strategy_nearest,False,0.002626657485961914,success
0462003A9C4C84,3,"['Santa Anastasia', 'Torre Lamberti']",San Fermo,"['Museo Storia', 'Museo Radio', 'Casa Giulietta', 'Centro Fotografia', 'Arena']",Arena,strategy_nearest,True,0.0020630359649658203,success
0462013A9C4C84,3,['Arena'],Casa Giulietta,"['Centro Fotografia', 'Sighseeing', 'Torre Lamberti', 'Museo Conte', 'Museo Radio']",Torre Lamberti,strategy_nearest,True,0.001432180404663086,success
04620B429C4C84,2,['Castelvecchio'],Casa Giulietta,"['Centro Fotografia', 'Sighseeing', 'Torre Lamberti', 'Museo Conte', 'Museo Radio']",Palazzo della Ragione,strategy_nearest,False,0.0026040077209472656,success
046210429C4C84,1,['Palazzo della Ragione'],Torre Lamberti,"['Sighseeing', 'Centro Fotografia', 'Museo Conte', 'Casa Giulietta', 'AMO']",Arena,strategy_nearest,False,0.002933025360107422,success
046217429C4C84,0,['Casa Giulietta'],Torre Lamberti,"['Sighseeing', 'Centro Fotografia', 'Museo Conte', 'Palazzo della Ragione', 'AMO']",Arena,strategy_nearest,False,0.0033316612243652344,success
046218429C4C84,3,"['Castelvecchio', 'Arena']",Casa Giulietta,"['Centro Fotografia', 'Sighseeing', 'Torre Lamberti', 'Museo Conte', 'Museo Radio']",Torre Lamberti,strategy_nearest,True,0.0018382072448730469,success
04621A3A9C4C80,0,['Arena'],Castelvecchio,"['Museo Lapidario', 'Verona Tour', 'Museo Radio', 'San Zeno', 'Sighseeing']",Torre Lamberti,strategy_nearest,False,0.0024602413177490234,success
04621D429C4C84,0,['Casa Giulietta'],Torre Lamberti,"['Sighseeing', 'Centro Fotografia', 'Museo Conte', 'Palazzo della Ragione', 'AMO']",Arena,strategy_nearest,False,0.003415822982788086,success
0462213A9C4C84,0,['Arena'],Casa Giulietta,"['Centro Fotografia', 'Sighseeing', 'Torre Lamberti', 'Museo Conte', 'Museo Radio']",Palazzo della Ragione,strategy_nearest,False,0.0024759769439697266,success
046222429C4C84,1,"['Castelvecchio', 'Arena', 'Casa Giulietta', 'Palazzo della Ragione']",Tomba Giulietta,"['San Fermo', 'Museo Storia', 'Museo Lapidario', 'Museo Radio', 'Verona Tour']",Torre Lamberti,strategy_nearest,False,0.002523183822631836,success
04622B429C4C80,2,"['Castelvecchio', 'Museo Lapidario']",Torre Lamberti,"['Sighseeing', 'Centro Fotografia', 'Museo Conte', 'Casa Giulietta', 'Palazzo della Ragione']",Palazzo della Ragione,strategy_nearest,True,0.0032320022583007812,success
0462383A9C4C80,0,['San Fermo'],Tomba Giulietta,"['Museo Storia', 'Arena', 'Museo Lapidario', 'Museo Radio', 'Verona Tour']",Arena,strategy_nearest,True,0.0023317337036132812,success
04623A429C4C80,3,['Arena'],Torre Lamberti,"['Sighseeing', 'Centro Fotografia', 'Museo Conte', 'Casa Giulietta', 'Palazzo della Ragione']",Santa Anastasia,strategy_nearest,False,0.0029420852661132812,success
04624B3A9C4C80,1,"['Santa Anastasia', 'Palazzo della Ragione']",Torre Lamberti,"['Sighseeing', 'Centro Fotografia', 'Museo Conte', 'Casa Giulietta', 'AMO']",San Zeno,strategy_nearest,False,0.0023500919342041016,success
04624C429C4C80,1,"['Castelvecchio', 'Arena']",Santa Anastasia,"['AMO', 'Museo Conte', 'Palazzo della Ragione', 'Teatro Romano', 'Centro Fotografia']",Torre Lamberti,strategy_nearest,False,0.004126787185668945,success
046259429C4C80,0,['Arena'],Casa Giulietta,"['Centro Fotografia', 'Sighseeing', 'Torre Lamberti', 'Museo Conte', 'Museo Radio']",Teatro Romano,strategy_nearest,False,0.0021791458129882812,success
04624E429C4C80,3,"['Castelvecchio', 'Arena']",Casa Giulietta,"['Centro Fotografia', 'Sighseeing', 'Torre Lamberti', 'Museo Conte', 'Museo Radio']",Torre Lamberti,strategy_nearest,True,0.002513885498046875,success
04625A429C4C80,3,"['San Zeno', 'Duomo']",Santa Anastasia,"['AMO', 'Museo Conte', 'Palazzo della Ragione', 'Teatro Romano', 'Centro Fotografia']",Torre Lamberti,strategy_nearest,False,0.003162860870361328,success
046260429C4C80,0,['Arena'],Castelvecchio,"['Museo Lapidario', 'Verona Tour', 'Museo Radio', 'San Zeno', 'Sighseeing']",Casa Giulietta,strategy_nearest,False,0.002363920211791992,success
04627C4A9C4C80,0,['Arena'],Tomba Giulietta,"['San Fermo', 'Museo Storia', 'Museo Lapidario', 'Museo Radio', 'Verona Tour']",Torre Lamberti,strategy_nearest,False,0.0020148754119873047,success
046263429C4C80,0,['Arena'],San Fermo,"['Museo Storia', 'Museo Radio', 'Casa Giulietta', 'Centro Fotografia', 'Sighseeing']",Casa Giulietta,strategy_nearest,True,0.004079103469848633,success
0462814A9C4C80,3,['Arena'],Santa Anastasia,"['AMO', 'Museo Conte', 'Palazzo della Ragione', 'Teatro Romano', 'Centro Fotografia']",Teatro Romano,strategy_nearest,True,0.003329038619995117,success
046272429C4C80,4,"['Torre Lamberti', 'Casa Giulietta', 'Arena']",Tomba Giulietta,"['San Fermo', 'Museo Storia', 'Museo Lapidario', 'Museo Radio', 'Verona Tour']",Museo Radio,strategy_nearest,True,0.002674102783203125,success
046282429C4C80,3,"['Casa Giulietta', 'Santa Anastasia', 'Torre Lamberti']",Arena,"['Verona Tour', 'Museo Lapidario', 'Museo Radio', 'San Fermo', 'Sighseeing']",Castelvecchio,strategy_nearest,False,0.002201080322265625,success
04628A429C4C80,0,['Arena'],Casa Giulietta,"['Centro Fotografia', 'Sighseeing', 'Torre Lamberti', 'Museo Conte', 'Museo Radio']",Santa Anastasia,strategy_nearest,False,0.0023550987243652344,success
0462864A9C4C80,0,['Arena'],Casa Giulietta,"['Centro Fotografia', 'Sighseeing', 'Torre Lamberti', 'Museo Conte', 'Museo Radio']",Duomo,strategy_nearest,False,0.0024650096893310547,success
04628F4A9C4C80,2,['Torre Lamberti'],Santa Anastasia,"['AMO', 'Museo Conte', 'Palazzo della Ragione', 'Teatro Romano', 'Centro Fotografia']",Casa Giulietta,strategy_nearest,False,0.003158092498779297,success
0462984A9C4C80,0,"['Arena', 'Casa Giulietta']",Torre Lamberti,"['Sighseeing', 'Centro Fotografia', 'Museo Conte', 'Palazzo della Ragione', 'AMO']",Duomo,strategy_nearest,False,0.002862691879272461,success
04628E3A9C4C80,0,"['Arena', 'Casa Giulietta']",Duomo,"['AMO', 'Museo Miniscalchi', 'Santa Anastasia', 'Teatro Romano', 'Palazzo della Ragione']",Teatro Romano,strategy_nearest,True,0.002628803253173828,success
046292429C4C80,0,['Arena'],Casa Giulietta,"['Centro Fotografia', 'Sighseeing', 'Torre Lamberti', 'Museo Conte', 'Museo Radio']",Torre Lamberti,strategy_nearest,True,0.0026557445526123047,success
04629A429C4C80,0,['Arena'],Casa Giulietta,"['Centro Fotografia', 'Sighseeing', 'Torre Lamberti', 'Museo Conte', 'Museo Radio']",Arena,strategy_nearest,False,0.001962900161743164,success
04629E429C4C80,3,"['Arena', 'San Fermo']",Duomo,"['AMO', 'Museo Miniscalchi', 'Santa Anastasia', 'Teatro Romano', 'Palazzo della Ragione']",Teatro Romano,strategy_nearest,True,0.002593994140625,success
04629B4A9C4C80,0,['Arena'],Castelvecchio,"['Museo Lapidario', 'Verona Tour', 'Museo Radio', 'San Zeno', 'Sighseeing']",Casa Giulietta,strategy_nearest,False,0.0013470649719238281,success
0462A0429C4C80,3,"['Arena', 'Casa Giulietta']",Santa Anastasia,"['AMO', 'Museo Conte', 'Palazzo della Ragione', 'Teatro Romano', 'Centro Fotografia']",Duomo,strategy_nearest,False,0.0033168792724609375,success
0462A93A9C4C80,1,"['Arena', 'Casa Giulietta', 'Torre Lamberti']",Palazzo della Ragione,"['AMO', 'Museo Conte', 'Centro Fotografia', 'Sighseeing', 'Santa Anastasia']",Santa Anastasia,strategy_nearest,True,0.00222015380859375,success
0462BD429C4C80,1,"['Casa Giulietta', 'Palazzo della Ragione', 'Torre Lamberti']",Castelvecchio,"['Museo Lapidario', 'Verona Tour', 'Arena', 'Museo Radio', 'San Zeno']",San Zeno,strategy_nearest,True,0.001911163330078125,success
0462B73A9C4C80,1,"['Palazzo della Ragione', 'Torre Lamberti']",Castelvecchio,"['Museo Lapidario', 'Verona Tour', 'Arena', 'Museo Radio', 'San Zeno']",Arena,strategy_nearest,True,0.003410816192626953,success
0462C3429C4C80,3,"['Arena', 'Santa Anastasia']",Duomo,"['AMO', 'Museo Miniscalchi', 'Teatro Romano', 'Palazzo della Ragione', 'Museo Conte']",Castelvecchio,strategy_nearest,False,0.003246307373046875,success
0462C43A9C4C80,3,"['Torre Lamberti', 'Santa Anastasia']",Duomo,"['AMO', 'Museo Miniscalchi', 'Teatro Romano', 'Palazzo della Ragione', 'Museo Conte']",San Zeno,strategy_nearest,False,0.0029230117797851562,success
0462C73A9C4C80,2,['Casa Giulietta'],Torre Lamberti,"['Sighseeing', 'Centro Fotografia', 'Museo Conte', 'Palazzo della Ragione', 'AMO']",Palazzo della Ragione,strategy_nearest,True,0.0030181407928466797,success
0462C8429C4C80,0,['Arena'],Casa Giulietta,"['Centro Fotografia', 'Sighseeing', 'Torre Lamberti', 'Museo Conte', 'Museo Radio']",Giardino Giusti,strategy_nearest,False,0.003374814987182617,success
0462CA3A9C4C80,2,['Duomo'],Casa Giulietta,"['Centro Fotografia', 'Sighseeing', 'Torre Lamberti', 'Museo Conte', 'Museo Radio']",Castelvecchio,strategy_nearest,False,0.0027451515197753906,success
0462CA429C4C80,3,"['Arena', 'Casa Giulietta', 'Torre Lamberti']",Santa Anastasia,"['AMO', 'Museo Conte', 'Palazzo della Ragione', 'Teatro Romano', 'Centro Fotografia']",Duomo,strategy_nearest,False,0.0033631324768066406,success
0462D1429C4C80,3,"['Teatro Romano', 'Casa Giulietta', 'Arena']",San Fermo,"['Museo Storia', 'Museo Radio', 'Centro Fotografia', 'Sighseeing', 'Torre Lamberti']",Santa Anastasia,strategy_nearest,False,0.0028638839721679688,success
0462D43A9C4C80,1,"['Teatro Romano', 'Arena', 'Casa Giulietta']",Palazzo della Ragione,"['AMO', 'Museo Conte', 'Torre Lamberti', 'Centro Fotografia', 'Sighseeing']",Torre Lamberti,strategy_nearest,True,0.002441883087158203,success
0462EA3A9C4C80,2,"['Castelvecchio', 'Casa Giulietta']",Torre Lamberti,"['Sighseeing', 'Centro Fotografia', 'Museo Conte', 'Palazzo della Ragione', 'AMO']",Santa Anastasia,strategy_nearest,False,0.0017199516296386719,success
0462DF3A9C4C80,1,"['Casa Giulietta', 'Torre Lamberti']",Palazzo della Ragione,"['AMO', 'Museo Conte', 'Centro Fotografia', 'Sighseeing', 'Santa Anastasia']",Arena,strategy_nearest,False,0.0031898021697998047,success
0462F83A9C4C80,0,['Arena'],Casa Giulietta,"['Centro Fotografia', 'Sighseeing', 'Torre Lamberti', 'Museo Conte', 'Museo Radio']",Torre Lamberti,strategy_nearest,True,0.003062009811401367,success
0462EE3A9C4C80,2,"['Castelvecchio', 'San Fermo']",Casa Giulietta,"['Centro Fotografia', 'Sighseeing', 'Torre Lamberti', 'Museo Conte', 'Museo Radio']",Torre Lamberti,strategy_nearest,True,0.0033321380615234375,success
0462FE429C4C80,2,"['Santa Anastasia', 'Duomo']",Teatro Romano,"['AMO', 'Palazzo della Ragione', 'Museo Conte', 'Centro Fotografia', 'Museo Miniscalchi']",Castelvecchio,strategy_nearest,False,0.002496004104614258,success
046301429C4C84,3,"['Santa Anastasia', 'Duomo']",Arena,"['Verona Tour', 'Museo Lapidario', 'Museo Radio', 'San Fermo', 'Casa Giulietta']",Castelvecchio,strategy_nearest,False,0.004272937774658203,success
0463183A9C4C80,0,['Arena'],Casa Giulietta,"['Centro Fotografia', 'Sighseeing', 'Torre Lamberti', 'Museo Conte', 'Museo Radio']",Casa Giulietta,strategy_nearest,False,0.003281831741333008,success
04631A3A9C4C80,2,['San Zeno'],Castelvecchio,"['Museo Lapidario', 'Verona Tour', 'Arena', 'Museo Radio', 'Sighseeing']",Torre Lamberti,strategy_nearest,False,0.0030031204223632812,success
0463033A9C4C84,3,['Arena'],Santa Anastasia,"['AMO', 'Museo Conte', 'Palazzo della Ragione', 'Teatro Romano', 'Centro Fotografia']",Teatro Romano,strategy_nearest,True,0.002045869827270508,success
04632C429C4C80,3,"['Museo Lapidario', 'Castelvecchio']",Arena,"['Verona Tour', 'Museo Radio', 'San Fermo', 'Casa Giulietta', 'Sighseeing']",Santa Anastasia,strategy_nearest,False,0.003162860870361328,success
04631A429C4C80,0,['Tomba Giulietta'],Arena,"['Verona Tour', 'Museo Lapidario', 'Museo Radio', 'San Fermo', 'Casa Giulietta']",Castelvecchio,strategy_nearest,False,0.002723217010498047,success
046323429C4C84,1,"['Arena', 'Casa Giulietta']",Palazzo della Ragione,"['AMO', 'Museo Conte', 'Torre Lamberti', 'Centro Fotografia', 'Sighseeing']",Santa Anastasia,strategy_nearest,False,0.0012900829315185547,success
04631E429C4C84,2,['Teatro Romano'],Duomo,"['AMO', 'Museo Miniscalchi', 'Santa Anastasia', 'Palazzo della Ragione', 'Museo Conte']",Castelvecchio,strategy_nearest,False,0.003320932388305664,success
0463384A9C4C80,1,"['Arena', 'Castelvecchio', 'Teatro Romano']",Casa Giulietta,"['Centro Fotografia', 'Sighseeing', 'Torre Lamberti', 'Museo Conte', 'Museo Radio']",Torre Lamberti,strategy_nearest,True,0.0031888484954833984,success
04632F429C4C80,2,['Casa Giulietta'],Santa Anastasia,"['AMO', 'Museo Conte', 'Palazzo della Ragione', 'Teatro Romano', 'Centro Fotografia']",Duomo,strategy_nearest,False,0.0016748905181884766,success
04633D3A9C4C80,3,"['Duomo', 'Arena', 'Castelvecchio', 'Casa Giulietta']",Teatro Romano,"['Santa Anastasia', 'AMO', 'Palazzo della Ragione', 'Museo Conte', 'Centro Fotografia']",San Zeno,strategy_nearest,False,0.003756999969482422,success
046331429C4C80,2,"['Duomo', 'Santa Anastasia', 'San Fermo', 'Museo Storia']",Tomba Giulietta,"['Arena', 'Museo Lapidario', 'Museo Radio', 'Verona Tour', 'Casa Giulietta']",Casa Giulietta,strategy_nearest,True,0.002640962600708008,success
04634C429C4C80,0,['Santa Anastasia'],Arena,"['Verona Tour', 'Museo Lapidario', 'Museo Radio', 'San Fermo', 'Casa Giulietta']",Casa Giulietta,strategy_nearest,True,0.002306699752807617,success
046356429C4C80,3,"['Arena', 'San Fermo']",Casa Giulietta,"['Centro Fotografia', 'Sighseeing', 'Torre Lamberti', 'Museo Conte', 'Museo Radio']",Duomo,strategy_nearest,False,0.003328084945678711,success
04633D429C4C80,1,"['Casa Giulietta', 'Torre Lamberti']",Palazzo della Ragione,"['AMO', 'Museo Conte', 'Centro Fotografia', 'Sighseeing', 'Santa Anastasia']",Arena,strategy_nearest,False,0.0016901493072509766,success
046354429C4C80,1,"['Arena', 'San Zeno', 'Palazzo della Ragione']",Torre Lamberti,"['Sighseeing', 'Centro Fotografia', 'Museo Conte', 'Casa Giulietta', 'AMO']",Casa Giulietta,strategy_nearest,True,0.0029129981994628906,success
046359429C4C80,2,"['Casa Giulietta', 'Palazzo della Ragione']",Torre Lamberti,"['Sighseeing', 'Centro Fotografia', 'Museo Conte', 'AMO', 'Museo Miniscalchi']",Santa Anastasia,strategy_nearest,False,0.002592325210571289,success
046362429C4C80,0,['Arena'],Casa Giulietta,"['Centro Fotografia', 'Sighseeing', 'Torre Lamberti', 'Museo Conte', 'Museo Radio']",Castelvecchio,strategy_nearest,False,0.0011501312255859375,success
046368429C4C80,2,"['San Zeno', 'Castelvecchio', 'Santa Anastasia']",Torre Lamberti,"['Sighseeing', 'Centro Fotografia', 'Museo Conte', 'Casa Giulietta', 'Palazzo della Ragione']",Torre Lamberti,strategy_nearest,False,0.0032019615173339844,success
0463663A9C4C80,0,"['Tomba Giulietta', 'Arena']",Casa Giulietta,"['Centro Fotografia', 'Sighseeing', 'Torre Lamberti', 'Museo Conte', 'Museo Radio']",Castelvecchio,strategy_nearest,False,0.002722024917602539,success
046370429C4C80,2,['San Zeno'],Torre Lamberti,"['Sighseeing', 'Centro Fotografia', 'Museo Conte', 'Casa Giulietta', 'Palazzo della Ragione']",Teatro Romano,strategy_nearest,False,0.0021250247955322266,success
0463773A9C4C80,3,"['Casa Giulietta', 'Arena', 'Torre Lamberti']",Teatro Romano,"['Santa Anastasia', 'Duomo', 'AMO', 'Palazzo della Ragione', 'Museo Conte']",Tomba Giulietta,strategy_nearest,False,0.002650022506713867,success
04636F429C4C80,3,['Arena'],Casa Giulietta,"['Centro Fotografia', 'Sighseeing', 'Torre Lamberti', 'Museo Conte', 'Museo Radio']",Santa Anastasia,strategy_nearest,False,0.00345611572265625,success
04636B3A9C4C80,2,['Casa Giulietta'],Torre Lamberti,"['Sighseeing', 'Centro Fotografia', 'Museo Conte', 'Palazzo della Ragione', 'AMO']",Castelvecchio,strategy_nearest,False,0.0027878284454345703,success
0463834A9C4C80,0,['Arena'],Casa Giulietta,"['Centro Fotografia', 'Sighseeing', 'Torre Lamberti', 'Museo Conte', 'Museo Radio']",Torre Lamberti,strategy_nearest,True,0.0018091201782226562,success
04637E429C4C80,3,['Santa Anastasia'],Teatro Romano,"['Duomo', 'AMO', 'Palazzo della Ragione', 'Museo Conte', 'Centro Fotografia']",Arena,strategy_nearest,False,0.003259897232055664,success
046384429C4C80,0,['Arena'],Torre Lamberti,"['Sighseeing', 'Centro Fotografia', 'Museo Conte', 'Casa Giulietta', 'Palazzo della Ragione']",Casa Giulietta,strategy_nearest,True,0.0028519630432128906,success
046392429C4C80,0,['Museo Lapidario'],Casa Giulietta,"['Centro Fotografia', 'Sighseeing', 'Torre Lamberti', 'Museo Conte', 'Museo Radio']",Arena,strategy_nearest,False,0.003381967544555664,success
046393429C4C80,3,"['Castelvecchio', 'Santa Anastasia']",Duomo,"['AMO', 'Museo Miniscalchi', 'Teatro Romano', 'Palazzo della Ragione', 'Museo Conte']",Teatro Romano,strategy_nearest,True,0.003103017807006836,success
046399429C4C80,0,['Torre Lamberti'],Casa Giulietta,"['Centro Fotografia', 'Sighseeing', 'Museo Conte', 'Museo Radio', 'Palazzo della Ragione']",Arena,strategy_nearest,False,0.0026929378509521484,success
046396429C4C80,0,['Arena'],San Fermo,"['Museo Storia', 'Museo Radio', 'Casa Giulietta', 'Centro Fotografia', 'Sighseeing']",Casa Giulietta,strategy_nearest,True,0.003203153610229492,success
04639B429C4C80,3,"['Castelvecchio', 'Santa Anastasia']",Casa Giulietta,"['Centro Fotografia', 'Sighseeing', 'Torre Lamberti', 'Museo Conte', 'Museo Radio']",Arena,strategy_nearest,False,0.003175973892211914,success
04639C429C4C80,2,['Castelvecchio'],Teatro Romano,"['Santa Anastasia', 'Duomo', 'AMO', 'Palazzo della Ragione', 'Museo Conte']",Giardino Giusti,strategy_nearest,False,0.0016438961029052734,success
04639D429C4C80,2,"['Tomba Giulietta', 'San Fermo']",Santa Anastasia,"['AMO', 'Museo Conte', 'Palazzo della Ragione', 'Teatro Romano', 'Centro Fotografia']",San Zeno,strategy_nearest,False,0.0024938583374023438,success
0463AD429C4C80,3,"['Santa Anastasia', 'Arena']",Casa Giulietta,"['Centro Fotografia', 'Sighseeing', 'Torre Lamberti', 'Museo Conte', 'Museo Radio']",Torre Lamberti,strategy_nearest,True,0.003141164779663086,success
04639E429C4C80,0,['Arena'],Casa Giulietta,"['Centro Fotografia', 'Sighseeing', 'Torre Lamberti', 'Museo Conte', 'Museo Radio']",Torre Lamberti,strategy_nearest,True,0.002568960189819336,success
0463B6429C4C80,2,['Casa Giulietta'],Santa Anastasia,"['AMO', 'Museo Conte', 'Palazzo della Ragione', 'Teatro Romano', 'Centro Fotografia']",Duomo,strategy_nearest,False,0.002386331558227539,success
0463B13A9C4C80,3,['Arena'],Casa Giulietta,"['Centro Fotografia', 'Sighseeing', 'Torre Lamberti', 'Museo Conte', 'Museo Radio']",Santa Anastasia,strategy_nearest,False,0.0028548240661621094,success
0463B3429C4C80,1,"['Arena', 'San Fermo', 'Casa Giulietta']",Palazzo della Ragione,"['AMO', 'Museo Conte', 'Torre Lamberti', 'Centro Fotografia', 'Sighseeing']",Torre Lamberti,strategy_nearest,True,0.003307819366455078,success
0463B33A9C4C80,0,['Arena'],Museo Lapidario,"['Verona Tour', 'Castelvecchio', 'Museo Radio', 'San Fermo', 'Casa Giulietta']",Casa Giulietta,strategy_nearest,True,0.0033550262451171875,success
0463CC3A9C4C80,3,"['Arena', 'Castelvecchio']",Torre Lamberti,"['Sighseeing', 'Centro Fotografia', 'Museo Conte', 'Casa Giulietta', 'Palazzo della Ragione']",Santa Anastasia,strategy_nearest,False,0.0025818347930908203,success
0463C1429C4C80,0,['Arena'],Castelvecchio,"['Museo Lapidario', 'Verona Tour', 'Museo Radio', 'San Zeno', 'Sighseeing']",Casa Giulietta,strategy_nearest,False,0.002207040786743164,success
0463CA3A9C4C80,1,['Arena'],Duomo,"['AMO', 'Museo Miniscalchi', 'Santa Anastasia', 'Teatro Romano', 'Palazzo della Ragione']",Palazzo della Ragione,strategy_nearest,True,0.0015110969543457031,success
0463C7429C4C80,2,"['Casa Giulietta', 'Teatro Romano']",Castelvecchio,"['Museo Lapidario', 'Verona Tour', 'Arena', 'Museo Radio', 'San Zeno']",Torre Lamberti,strategy_nearest,False,0.003390789031982422,success
0463CF429C4C80,3,"['Castelvecchio', 'Casa Giulietta']",Torre Lamberti,"['Sighseeing', 'Centro Fotografia', 'Museo Conte', 'Palazzo della Ragione', 'AMO']",Santa Anastasia,strategy_nearest,False,0.001600027084350586,success
0463E3429C4C80,2,"['Santa Anastasia', 'Casa Giulietta']",Teatro Romano,"['Duomo', 'AMO', 'Palazzo della Ragione', 'Museo Conte', 'Centro Fotografia']",Duomo,strategy_nearest,True,0.002022981643676758,success
0463CF3A9C4C80,0,['Arena'],Castelvecchio,"['Museo Lapidario', 'Verona Tour', 'Museo Radio', 'San Zeno', 'Sighseeing']",Casa Giulietta,strategy_nearest,False,0.0034401416778564453,success
0463DD3A9C4C80,1,"['Castelvecchio', 'Arena', 'Casa Giulietta', 'Teatro Romano']",Torre Lamberti,"['Sighseeing', 'Centro Fotografia', 'Museo Conte', 'Palazzo della Ragione', 'AMO']",Palazzo della Ragione,strategy_nearest,True,0.0034029483795166016,success
0463E43A9C4C80,3,"['Arena', 'Museo Lapidario', 'Torre Lamberti']",Santa Anastasia,"['AMO', 'Museo Conte', 'Palazzo della Ragione', 'Teatro Romano', 'Centro Fotografia']",Teatro Romano,strategy_nearest,True,0.002852201461791992,success
0463E53A9C4C80,2,['Casa Giulietta'],Torre Lamberti,"['Sighseeing', 'Centro Fotografia', 'Museo Conte', 'Palazzo della Ragione', 'AMO']",Santa Anastasia,strategy_nearest,False,0.001291036605834961,success
0463F23A9C4C80,0,"['Arena', 'Museo Lapidario']",Castelvecchio,"['Verona Tour', 'Museo Radio', 'San Zeno', 'Sighseeing', 'Museo Miniscalchi']",Casa Giulietta,strategy_nearest,False,0.002928018569946289,success
0463F8429C4C80,0,['Arena'],Castelvecchio,"['Museo Lapidario', 'Verona Tour', 'Museo Radio', 'San Zeno', 'Sighseeing']",Teatro Romano,strategy_nearest,False,0.0034329891204833984,success
0464023A9C4C84,3,['Arena'],Santa Anastasia,"['AMO', 'Museo Conte', 'Palazzo della Ragione', 'Teatro Romano', 'Centro Fotografia']",Torre Lamberti,strategy_nearest,False,0.0033299922943115234,success
0464134A9C4C80,3,"['Arena', 'San Fermo', 'Santa Anastasia', 'Torre Lamberti']",Casa Giulietta,"['Centro Fotografia', 'Sighseeing', 'Museo Conte', 'Museo Radio', 'Palazzo della Ragione']",San Zeno,strategy_nearest,False,0.002679586410522461,success
046410429C4C84,1,['Arena'],Casa Giulietta,"['Centro Fotografia', 'Sighseeing', 'Torre Lamberti', 'Museo Conte', 'Museo Radio']",Palazzo della Ragione,strategy_nearest,False,0.0025789737701416016,success
046414429C4C80,2,['Duomo'],Santa Anastasia,"['AMO', 'Museo Conte', 'Palazzo della Ragione', 'Teatro Romano', 'Centro Fotografia']",Torre Lamberti,strategy_nearest,False,0.0032389163970947266,success
0464173A9C4C80,3,"['Arena', 'San Fermo']",Santa Anastasia,"['AMO', 'Museo Conte', 'Palazzo della Ragione', 'Teatro Romano', 'Centro Fotografia']",Duomo,strategy_nearest,False,0.0023698806762695312,success
046416429C4C84,0,['Arena'],Torre Lamberti,"['Sighseeing', 'Centro Fotografia', 'Museo Conte', 'Casa Giulietta', 'Palazzo della Ragione']",Casa Giulietta,strategy_nearest,True,0.0024192333221435547,success
046417429C4C80,3,"['Arena', 'Casa Giulietta']",Duomo,"['AMO', 'Museo Miniscalchi', 'Santa Anastasia', 'Teatro Romano', 'Palazzo della Ragione']",Castelvecchio,strategy_nearest,False,0.003415822982788086,success
0464183A9C4C80,0,['Arena'],Casa Giulietta,"['Centro Fotografia', 'Sighseeing', 'Torre Lamberti', 'Museo Conte', 'Museo Radio']",Castelvecchio,strategy_nearest,False,0.0027320384979248047,success
046419429C4C80,0,"['Arena', 'Castelvecchio']",Casa Giulietta,"['Centro Fotografia', 'Sighseeing', 'Torre Lamberti', 'Museo Conte', 'Museo Radio']",Museo Storia,strategy_nearest,False,0.0022389888763427734,success
0464294A9C4C80,0,['Castelvecchio'],Duomo,"['AMO', 'Museo Miniscalchi', 'Santa Anastasia', 'Teatro Romano', 'Palazzo della Ragione']",Arena,strategy_nearest,False,0.0027730464935302734,success
04641A429C4C80,2,"['Tomba Giulietta', 'Castelvecchio']",San Fermo,"['Museo Storia', 'Museo Radio', 'Casa Giulietta', 'Centro Fotografia', 'Arena']",Casa Giulietta,strategy_nearest,True,0.002904176712036133,success
046423429C4C84,0,['Arena'],Torre Lamberti,"['Sighseeing', 'Centro Fotografia', 'Museo Conte', 'Casa Giulietta', 'Palazzo della Ragione']",Tomba Giulietta,strategy_nearest,False,0.002810955047607422,success
0464324A9C4C80,0,"['Arena', 'Castelvecchio']",Torre Lamberti,"['Sighseeing', 'Centro Fotografia', 'Museo Conte', 'Casa Giulietta', 'Palazzo della Ragione']",Casa Giulietta,strategy_nearest,True,0.0031909942626953125,success
046450429C4C80,3,['Arena'],Torre Lamberti,"['Sighseeing', 'Centro Fotografia', 'Museo Conte', 'Casa Giulietta', 'Palazzo della Ragione']",Santa Anastasia,strategy_nearest,False,0.003383159637451172,success
0464373A9C4C80,0,['Arena'],Casa Giulietta,"['Centro Fotografia', 'Sighseeing', 'Torre Lamberti', 'Museo Conte', 'Museo Radio']",Santa Anastasia,strategy_nearest,False,0.003492116928100586,success
0464473A9C4C80,0,['Arena'],Casa Giulietta,"['Centro Fotografia', 'Sighseeing', 'Torre Lamberti', 'Museo Conte', 'Museo Radio']",Castelvecchio,strategy_nearest,False,0.0022161006927490234,success
04643F429C4C80,0,['Torre Lamberti'],Arena,"['Verona Tour', 'Museo Lapidario', 'Museo Radio', 'San Fermo', 'Casa Giulietta']",Teatro Romano,strategy_nearest,False,0.0016360282897949219,success
04646C429C4C80,0,['Arena'],Casa Giulietta,"['Centro Fotografia', 'Sighseeing', 'Torre Lamberti', 'Museo Conte', 'Museo Radio']",Teatro Romano,strategy_nearest,False,0.001905202865600586,success
04645A429C4C80,3,"['Arena', 'Museo Lapidario', 'Tomba Giulietta']",San Fermo,"['Museo Storia', 'Museo Radio', 'Casa Giulietta', 'Centro Fotografia', 'Sighseeing']",Torre Lamberti,strategy_nearest,False,0.0014438629150390625,success
046458429C4C80,3,['Arena'],Torre Lamberti,"['Sighseeing', 'Centro Fotografia', 'Museo Conte', 'Casa Giulietta', 'Palazzo della Ragione']",Santa Anastasia,strategy_nearest,False,0.002823352813720703,success
04646F3A9C4C80,1,"['Santa Anastasia', 'Teatro Romano', 'Duomo']",Torre Lamberti,"['Sighseeing', 'Centro Fotografia', 'Museo Conte', 'Casa Giulietta', 'Palazzo della Ragione']",Palazzo della Ragione,strategy_nearest,True,0.0032739639282226562,success
0464763A9C4C80,0,['Casa Giulietta'],Tomba Giulietta,"['San Fermo', 'Museo Storia', 'Arena', 'Museo Lapidario', 'Museo Radio']",Arena,strategy_nearest,True,0.0017209053039550781,success
0464773A9C4C80,1,"['Tomba Giulietta', 'Castelvecchio']",Arena,"['Verona Tour', 'Museo Lapidario', 'Museo Radio', 'San Fermo', 'Casa Giulietta']",Casa Giulietta,strategy_nearest,True,0.0028591156005859375,success
0464824A9C4C80,1,['Arena'],Torre Lamberti,"['Sighseeing', 'Centro Fotografia', 'Museo Conte', 'Casa Giulietta', 'Palazzo della Ragione']",Palazzo della Ragione,strategy_nearest,True,0.00278472900390625,success
0464834A9C4C80,0,['Arena'],Casa Giulietta,"['Centro Fotografia', 'Sighseeing', 'Torre Lamberti', 'Museo Conte', 'Museo Radio']",Castelvecchio,strategy_nearest,False,0.003467082977294922,success
0464844A9C4C80,1,"['Arena', 'Castelvecchio', 'Torre Lamberti', 'Palazzo della Ragione']",Duomo,"['AMO', 'Museo Miniscalchi', 'Santa Anastasia', 'Teatro Romano', 'Museo Conte']",Santa Anastasia,strategy_nearest,True,0.0017969608306884766,success
0464864A9C4C80,0,"['Teatro Romano', 'Duomo']",Casa Giulietta,"['Centro Fotografia', 'Sighseeing', 'Torre Lamberti', 'Museo Conte', 'Museo Radio']",Arena,strategy_nearest,False,0.0021278858184814453,success
04648B4A9C4C80,3,"['Arena', 'Casa Giulietta']",Torre Lamberti,"['Sighseeing', 'Centro Fotografia', 'Museo Conte', 'Palazzo della Ragione', 'AMO']",Teatro Romano,strategy_nearest,False,0.0025517940521240234,success
04648A4A9C4C80,1,"['Castelvecchio', 'Arena', 'Casa Giulietta']",Duomo,"['AMO', 'Museo Miniscalchi', 'Santa Anastasia', 'Teatro Romano', 'Palazzo della Ragione']",Torre Lamberti,strategy_nearest,False,0.0034492015838623047,success
04648D429C4C80,3,"['Arena', 'Casa Giulietta']",Santa Anastasia,"['AMO', 'Museo Conte', 'Palazzo della Ragione', 'Teatro Romano', 'Centro Fotografia']",Duomo,strategy_nearest,False,0.0024280548095703125,success
04648D4A9C4C80,0,"['Castelvecchio', 'San Zeno']",Tomba Giulietta,"['San Fermo', 'Museo Storia', 'Arena', 'Museo Lapidario', 'Museo Radio']",Arena,strategy_nearest,True,0.003409147262573242,success
0464924A9C4C80,0,['Arena'],Castelvecchio,"['Museo Lapidario', 'Verona Tour', 'Museo Radio', 'San Zeno', 'Sighseeing']",Giardino Giusti,strategy_nearest,False,0.0026569366455078125,success
046490429C4C80,0,['Arena'],Castelvecchio,"['Museo Lapidario', 'Verona Tour', 'Museo Radio', 'San Zeno', 'Sighseeing']",Torre Lamberti,strategy_nearest,False,0.003341197967529297,success
04649C429C4C80,1,"['Arena', 'Casa Giulietta']",Torre Lamberti,"['Sighseeing', 'Centro Fotografia', 'Museo Conte', 'Palazzo della Ragione', 'AMO']",Palazzo della Ragione,strategy_nearest,True,0.0022687911987304688,success
046499429C4C80,0,['Tomba Giulietta'],Casa Giulietta,"['Centro Fotografia', 'Sighseeing', 'Torre Lamberti', 'Museo Conte', 'Museo Radio']",Arena,strategy_nearest,False,0.002914905548095703,success
04649E429C4C80,0,['Arena'],Torre Lamberti,"['Sighseeing', 'Centro Fotografia', 'Museo Conte', 'Casa Giulietta', 'Palazzo della Ragione']",Torre Lamberti,strategy_nearest,False,0.0034401416778564453,success
04649B4A9C4C80,0,['Arena'],Casa Giulietta,"['Centro Fotografia', 'Sighseeing', 'Torre Lamberti', 'Museo Conte', 'Museo Radio']",Santa Anastasia,strategy_nearest,False,0.0017001628875732422,success
0464A6429C4C80,0,"['Arena', 'Tomba Giulietta']",San Fermo,"['Museo Storia', 'Museo Radio', 'Casa Giulietta', 'Centro Fotografia', 'Sighseeing']",Giardino Giusti,strategy_nearest,False,0.0014219284057617188,success
0464A54A9C4C80,1,"['Arena', 'Torre Lamberti']",Palazzo della Ragione,"['AMO', 'Museo Conte', 'Centro Fotografia', 'Sighseeing', 'Santa Anastasia']",Santa Anastasia,strategy_nearest,True,0.0033338069915771484,success
0464A04A9C4C80,3,"['Arena', 'Casa Giulietta', 'Torre Lamberti']",Santa Anastasia,"['AMO', 'Museo Conte', 'Palazzo della Ragione', 'Teatro Romano', 'Centro Fotografia']",Duomo,strategy_nearest,False,0.002769947052001953,success
0464AA429C4C80,1,"['Arena', 'Castelvecchio', 'Museo Lapidario']",Casa Giulietta,"['Centro Fotografia', 'Sighseeing', 'Torre Lamberti', 'Museo Conte', 'Museo Radio']",Palazzo della Ragione,strategy_nearest,False,0.001986265182495117,success
0464B43A9C4C80,0,"['Arena', 'Castelvecchio']",Duomo,"['AMO', 'Museo Miniscalchi', 'Santa Anastasia', 'Teatro Romano', 'Palazzo della Ragione']",Teatro Romano,strategy_nearest,True,0.002232074737548828,success
0464BE429C4C80,3,"['Tomba Giulietta', 'Arena', 'Castelvecchio']",Torre Lamberti,"['Sighseeing', 'Centro Fotografia', 'Museo Conte', 'Casa Giulietta', 'Palazzo della Ragione']",Casa Giulietta,strategy_nearest,True,0.0015799999237060547,success
0464C5429C4C80,0,"['Arena', 'Casa Giulietta']",Teatro Romano,"['Santa Anastasia', 'Duomo', 'AMO', 'Palazzo della Ragione', 'Museo Conte']",Torre Lamberti,strategy_nearest,False,0.0026481151580810547,success
0464C2429C4C80,0,['Arena'],Torre Lamberti,"['Sighseeing', 'Centro Fotografia', 'Museo Conte', 'Casa Giulietta', 'Palazzo della Ragione']",Casa Giulietta,strategy_nearest,True,0.003398895263671875,success
0464C83A9C4C80,0,['Arena'],Casa Giulietta,"['Centro Fotografia', 'Sighseeing', 'Torre Lamberti', 'Museo Conte', 'Museo Radio']",Duomo,strategy_nearest,False,0.0016169548034667969,success
0464D73A9C4C80,1,"['Casa Giulietta', 'Torre Lamberti', 'Palazzo della Ragione']",Santa Anastasia,"['AMO', 'Museo Conte', 'Teatro Romano', 'Centro Fotografia', 'Duomo']",Duomo,strategy_nearest,True,0.002035856246948242,success
0464CD3A9C4C80,0,['Castelvecchio'],Arena,"['Verona Tour', 'Museo Lapidario', 'Museo Radio', 'San Fermo', 'Casa Giulietta']",Teatro Romano,strategy_nearest,False,0.002846956253051758,success
0464C63A9C4C80,0,['Castelvecchio'],Arena,"['Verona Tour', 'Museo Lapidario', 'Museo Radio', 'San Fermo', 'Casa Giulietta']",Casa Giulietta,strategy_nearest,True,0.003591299057006836,success
0464FD429C4C80,3,"['Arena', 'Castelvecchio']",Santa Anastasia,"['AMO', 'Museo Conte', 'Palazzo della Ragione', 'Teatro Romano', 'Centro Fotografia']",Teatro Romano,strategy_nearest,True,0.002722024917602539,success
0465023A9C4C84,0,['Arena'],Casa Giulietta,"['Centro Fotografia', 'Sighseeing', 'Torre Lamberti', 'Museo Conte', 'Museo Radio']",San Fermo,strategy_nearest,False,0.0026290416717529297,success
0464EB3A9C4C80,0,['Arena'],San Zeno,"['Castelvecchio', 'Verona Tour', 'Museo Lapidario', 'Museo Miniscalchi', 'Sighseeing']",Castelvecchio,strategy_nearest,True,0.0028057098388671875,success
0465124A9C4C80,0,['Casa Giulietta'],Arena,"['Verona Tour', 'Museo Lapidario', 'Museo Radio', 'San Fermo', 'Sighseeing']",Teatro Romano,strategy_nearest,False,0.0031859874725341797,success
046518429C4C80,3,"['Arena', 'San Fermo']",Castelvecchio,"['Museo Lapidario', 'Verona Tour', 'Museo Radio', 'San Zeno', 'Sighseeing']",Torre Lamberti,strategy_nearest,False,0.001955747604370117,success
046515429C4C80,2,['Torre Lamberti'],Palazzo della Ragione,"['AMO', 'Museo Conte', 'Centro Fotografia', 'Sighseeing', 'Santa Anastasia']",Casa Giulietta,strategy_nearest,False,0.001377105712890625,success
04651C429C4C84,3,"['Arena', 'Santa Anastasia']",Duomo,"['AMO', 'Museo Miniscalchi', 'Teatro Romano', 'Palazzo della Ragione', 'Museo Conte']",Torre Lamberti,strategy_nearest,False,0.0031659603118896484,success
0465264A9C4C80,2,"['Tomba Giulietta', 'San Zeno', 'Castelvecchio']",Casa Giulietta,"['Centro Fotografia', 'Sighseeing', 'Torre Lamberti', 'Museo Conte', 'Museo Radio']",Palazzo della Ragione,strategy_nearest,False,0.0024671554565429688,success
04651F3A9C4C80,0,['Arena'],Castelvecchio,"['Museo Lapidario', 'Verona Tour', 'Museo Radio', 'San Zeno', 'Sighseeing']",Torre Lamberti,strategy_nearest,False,0.003515958786010742,success
046535429C4C80,0,['Torre Lamberti'],Duomo,"['AMO', 'Museo Miniscalchi', 'Santa Anastasia', 'Teatro Romano', 'Palazzo della Ragione']",Arena,strategy_nearest,False,0.002897024154663086,success
04654B429C4C80,1,"['Palazzo della Ragione', 'Torre Lamberti']",Arena,"['Verona Tour', 'Museo Lapidario', 'Museo Radio', 'San Fermo', 'Casa Giulietta']",Casa Giulietta,strategy_nearest,True,0.0025670528411865234,success
0465383A9C4C80,1,"['Castelvecchio', 'Torre Lamberti', 'Tomba Giulietta']",Museo Storia,"['San Fermo', 'Museo Radio', 'Casa Giulietta', 'Centro Fotografia', 'Arena']",Casa Giulietta,strategy_nearest,True,0.002791881561279297,success
04655A429C4C80,1,['Arena'],San Fermo,"['Museo Storia', 'Museo Radio', 'Casa Giulietta', 'Centro Fotografia', 'Sighseeing']",Torre Lamberti,strategy_nearest,False,0.002924203872680664,success
046558429C4C80,0,['Arena'],Torre Lamberti,"['Sighseeing', 'Centro Fotografia', 'Museo Conte', 'Casa Giulietta', 'Palazzo della Ragione']",Castelvecchio,strategy_nearest,False,0.0025780200958251953,success
04656A429C4C80,2,"['Casa Giulietta', 'Tomba Giulietta', 'San Fermo']",Teatro Romano,"['Santa Anastasia', 'Duomo', 'AMO', 'Palazzo della Ragione', 'Museo Conte']",Duomo,strategy_nearest,True,0.0027539730072021484,success
04655B429C4C80,0,['Arena'],Casa Giulietta,"['Centro Fotografia', 'Sighseeing', 'Torre Lamberti', 'Museo Conte', 'Museo Radio']",Castelvecchio,strategy_nearest,False,0.0029497146606445312,success
04657C429C4C80,1,"['Arena', 'Castelvecchio', 'Museo Lapidario']",Torre Lamberti,"['Sighseeing', 'Centro Fotografia', 'Museo Conte', 'Casa Giulietta', 'Palazzo della Ragione']",Palazzo della Ragione,strategy_nearest,True,0.0033516883850097656,success
046567429C4C80,2,"['Torre Lamberti', 'Palazzo della Ragione']",Torre Lamberti,"['Sighseeing', 'Centro Fotografia', 'Museo Conte', 'Casa Giulietta', 'AMO']",Museo Lapidario,strategy_nearest,False,0.002160310745239258,success
046582429C4C80,0,['Arena'],Castelvecchio,"['Museo Lapidario', 'Verona Tour', 'Museo Radio', 'San Zeno', 'Sighseeing']",Santa Anastasia,strategy_nearest,False,0.0027039051055908203,success
04657C4A9C4C80,1,"['Torre Lamberti', 'Palazzo della Ragione']",Santa Anastasia,"['AMO', 'Museo Conte', 'Teatro Romano', 'Centro Fotografia', 'Duomo']",Duomo,strategy_nearest,True,0.002051115036010742,success
0465833A9C4C80,0,['Arena'],Casa Giulietta,"['Centro Fotografia', 'Sighseeing', 'Torre Lamberti', 'Museo Conte', 'Museo Radio']",Santa Anastasia,strategy_nearest,False,0.002669095993041992,success
0465834A9C4C80,1,['Arena'],Torre Lamberti,"['Sighseeing', 'Centro Fotografia', 'Museo Conte', 'Casa Giulietta', 'Palazzo della Ragione']",Palazzo della Ragione,strategy_nearest,True,0.0032148361206054688,success
0465843A9C4C80,0,"['Arena', 'Museo Lapidario']",Castelvecchio,"['Verona Tour', 'Museo Radio', 'San Zeno', 'Sighseeing', 'Museo Miniscalchi']",Teatro Romano,strategy_nearest,False,0.0021898746490478516,success
046585429C4C80,0,['Casa Giulietta'],Torre Lamberti,"['Sighseeing', 'Centro Fotografia', 'Museo Conte', 'Palazzo della Ragione', 'AMO']",San Zeno,strategy_nearest,False,0.002228975296020508,success
0465844A9C4C80,0,['Arena'],Museo Lapidario,"['Verona Tour', 'Castelvecchio', 'Museo Radio', 'San Fermo', 'Casa Giulietta']",Casa Giulietta,strategy_nearest,True,0.002913951873779297,success
046586429C4C80,1,['Casa Giulietta'],Palazzo della Ragione,"['AMO', 'Museo Conte', 'Torre Lamberti', 'Centro Fotografia', 'Sighseeing']",Arena,strategy_nearest,False,0.0037157535552978516,success
04658C429C4C80,3,"['Casa Giulietta', 'Santa Anastasia']",Duomo,"['AMO', 'Museo Miniscalchi', 'Teatro Romano', 'Palazzo della Ragione', 'Museo Conte']",Arena,strategy_nearest,False,0.0027251243591308594,success
0465914A9C4C80,0,"['Tomba Giulietta', 'Arena']",Casa Giulietta,"['Centro Fotografia', 'Sighseeing', 'Torre Lamberti', 'Museo Conte', 'Museo Radio']",Duomo,strategy_nearest,False,0.001950979232788086,success
046595429C4C80,2,"['Santa Anastasia', 'Duomo']",Torre Lamberti,"['Sighseeing', 'Centro Fotografia', 'Museo Conte', 'Casa Giulietta', 'Palazzo della Ragione']",Palazzo della Ragione,strategy_nearest,True,0.002591371536254883,success
046596429C4C80,3,"['Arena', 'Casa Giulietta']",Duomo,"['AMO', 'Museo Miniscalchi', 'Santa Anastasia', 'Teatro Romano', 'Palazzo della Ragione']",Torre Lamberti,strategy_nearest,False,0.0031061172485351562,success
0465A4429C4C80,3,['Arena'],Casa Giulietta,"['Centro Fotografia', 'Sighseeing', 'Torre Lamberti', 'Museo Conte', 'Museo Radio']",Santa Anastasia,strategy_nearest,False,0.0032689571380615234,success
0465A84A9C4C80,3,"['Arena', 'Casa Giulietta']",Torre Lamberti,"['Sighseeing', 'Centro Fotografia', 'Museo Conte', 'Palazzo della Ragione', 'AMO']",Santa Anastasia,strategy_nearest,False,0.00249481201171875,success
046598429C4C80,1,"['Museo Lapidario', 'Arena', 'Casa Giulietta']",Torre Lamberti,"['Sighseeing', 'Centro Fotografia', 'Museo Conte', 'Palazzo della Ragione', 'AMO']",Palazzo della Ragione,strategy_nearest,True,0.0016078948974609375,success
0465A94A9C4C80,1,"['Arena', 'Casa Giulietta']",Palazzo della Ragione,"['AMO', 'Museo Conte', 'Torre Lamberti', 'Centro Fotografia', 'Sighseeing']",Torre Lamberti,strategy_nearest,True,0.002271890640258789,success
0465BE3A9C4C80,3,['Arena'],Torre Lamberti,"['Sighseeing', 'Centro Fotografia', 'Museo Conte', 'Casa Giulietta', 'Palazzo della Ragione']",Santa Anastasia,strategy_nearest,False,0.0021440982818603516,success
0465AB4A9C4C80,0,['Arena'],Casa Giulietta,"['Centro Fotografia', 'Sighseeing', 'Torre Lamberti', 'Museo Conte', 'Museo Radio']",San Fermo,strategy_nearest,False,0.004022121429443359,success
0465AA429C4C80,1,"['Tomba Giulietta', 'San Fermo', 'Teatro Romano', 'Palazzo della Ragione']",Torre Lamberti,"['Sighseeing', 'Centro Fotografia', 'Museo Conte', 'Casa Giulietta', 'AMO']",Arena,strategy_nearest,False,0.0022618770599365234,success
0465BD429C4C80,1,"['Tomba Giulietta', 'Arena', 'Casa Giulietta']",Palazzo della Ragione,"['AMO', 'Museo Conte', 'Torre Lamberti', 'Centro Fotografia', 'Sighseeing']",Torre Lamberti,strategy_nearest,True,0.0027620792388916016,success
0465D23A9C4C80,0,['Teatro Romano'],Arena,"['Verona Tour', 'Museo Lapidario', 'Museo Radio', 'San Fermo', 'Casa Giulietta']",Castelvecchio,strategy_nearest,False,0.0014209747314453125,success
0465D63A9C4C80,0,['Arena'],Casa Giulietta,"['Centro Fotografia', 'Sighseeing', 'Torre Lamberti', 'Museo Conte', 'Museo Radio']",Santa Anastasia,strategy_nearest,False,0.0019299983978271484,success
0465CF3A9C4C80,0,['Arena'],Casa Giulietta,"['Centro Fotografia', 'Sighseeing', 'Torre Lamberti', 'Museo Conte', 'Museo Radio']",Castelvecchio,strategy_nearest,False,0.002846956253051758,success
0465DB3A9C4C80,1,"['Castelvecchio', 'Arena', 'Casa Giulietta']",Palazzo della Ragione,"['AMO', 'Museo Conte', 'Torre Lamberti', 'Centro Fotografia', 'Sighseeing']",Tomba Giulietta,strategy_nearest,False,0.00347900390625,success
0466013A9C4C84,0,['Arena'],Arena,"['Verona Tour', 'Museo Lapidario', 'Museo Radio', 'San Fermo', 'Casa Giulietta']",Castelvecchio,strategy_nearest,False,0.0021848678588867188,success
0465FA3A9C4C80,0,"['Arena', 'Casa Giulietta']",Torre Lamberti,"['Sighseeing', 'Centro Fotografia', 'Museo Conte', 'Palazzo della Ragione', 'AMO']",Teatro Romano,strategy_nearest,False,0.004328250885009766,success
0466003A9C4C84,1,"['Arena', 'Museo Lapidario']",Casa Giulietta,"['Centro Fotografia', 'Sighseeing', 'Torre Lamberti', 'Museo Conte', 'Museo Radio']",Torre Lamberti,strategy_nearest,True,0.002244234085083008,success
046601429C4C84,2,['Castelvecchio'],Giardino Giusti,"['Santa Anastasia', 'Teatro Romano', 'Museo Conte', 'Centro Fotografia', 'Museo Storia']",Santa Anastasia,strategy_nearest,True,0.003487110137939453,success
04660E3A9C4C84,2,['Castelvecchio'],San Zeno,"['Verona Tour', 'Museo Lapidario', 'Arena', 'Museo Miniscalchi', 'Sighseeing']",Casa Giulietta,strategy_nearest,False,0.0019299983978271484,success
04661D3A9C4C80,0,['Casa Giulietta'],Castelvecchio,"['Museo Lapidario', 'Verona Tour', 'Arena', 'Museo Radio', 'San Zeno']",Arena,strategy_nearest,True,0.002501964569091797,success
046604429C4C84,2,"['Palazzo della Ragione', 'Torre Lamberti', 'Duomo']",San Fermo,"['Museo Storia', 'Museo Radio', 'Casa Giulietta', 'Centro Fotografia', 'Arena']",Casa Giulietta,strategy_nearest,True,0.003303050994873047,success
046625429C4C80,1,"['Arena', 'Santa Anastasia', 'Duomo', 'San Fermo', 'Museo Storia']",Teatro Romano,"['AMO', 'Palazzo della Ragione', 'Museo Conte', 'Centro Fotografia', 'Museo Miniscalchi']",Castelvecchio,strategy_nearest,False,0.0029480457305908203,success
04662C3A9C4C80,3,"['Santa Anastasia', 'Torre Lamberti', 'Casa Giulietta']",Arena,"['Verona Tour', 'Museo Lapidario', 'Museo Radio', 'San Fermo', 'Sighseeing']",Duomo,strategy_nearest,False,0.0018398761749267578,success
046628429C4C80,2,"['Santa Anastasia', 'Duomo', 'Torre Lamberti']",Casa Giulietta,"['Centro Fotografia', 'Sighseeing', 'Museo Conte', 'Museo Radio', 'Palazzo della Ragione']",San Fermo,strategy_nearest,False,0.002886056900024414,success
046626429C4C84,0,['Arena'],Castelvecchio,"['Museo Lapidario', 'Verona Tour', 'Museo Radio', 'San Zeno', 'Sighseeing']",Casa Giulietta,strategy_nearest,False,0.004142045974731445,success
046633429C4C80,0,['Arena'],Casa Giulietta,"['Centro Fotografia', 'Sighseeing', 'Torre Lamberti', 'Museo Conte', 'Museo Radio']",Santa Anastasia,strategy_nearest,False,0.0032813549041748047,success
0466334A9C4C80,3,['Arena'],Santa Anastasia,"['AMO', 'Museo Conte', 'Palazzo della Ragione', 'Teatro Romano', 'Centro Fotografia']",Duomo,strategy_nearest,False,0.002650022506713867,success
0466314A9C4C80,3,"['Arena', 'Teatro Romano', 'Duomo']",Santa Anastasia,"['AMO', 'Museo Conte', 'Palazzo della Ragione', 'Centro Fotografia', 'Torre Lamberti']",Castelvecchio,strategy_nearest,False,0.002541780471801758,success
04668B4A9C4C80,0,['Arena'],Torre Lamberti,"['Sighseeing', 'Centro Fotografia', 'Museo Conte', 'Casa Giulietta', 'Palazzo della Ragione']",Casa Giulietta,strategy_nearest,True,0.0023310184478759766,success
0466944A9C4C80,0,['Arena'],Casa Giulietta,"['Centro Fotografia', 'Sighseeing', 'Torre Lamberti', 'Museo Conte', 'Museo Radio']",Castelvecchio,strategy_nearest,False,0.0021288394927978516,success
046691429C4C80,2,"['Palazzo della Ragione', 'Duomo']",San Fermo,"['Museo Storia', 'Museo Radio', 'Casa Giulietta', 'Centro Fotografia', 'Arena']",Castelvecchio,strategy_nearest,False,0.003055095672607422,success
0466964A9C4C80,0,['Arena'],Teatro Romano,"['Santa Anastasia', 'Duomo', 'AMO', 'Palazzo della Ragione', 'Museo Conte']",Giardino Giusti,strategy_nearest,False,0.0034317970275878906,success
046696429C4C80,3,"['Arena', 'Casa Giulietta']",Santa Anastasia,"['AMO', 'Museo Conte', 'Palazzo della Ragione', 'Teatro Romano', 'Centro Fotografia']",Duomo,strategy_nearest,False,0.003590822219848633,success
0466A73A9C4C80,3,['Arena'],Torre Lamberti,"['Sighseeing', 'Centro Fotografia', 'Museo Conte', 'Casa Giulietta', 'Palazzo della Ragione']",Santa Anastasia,strategy_nearest,False,0.0021457672119140625,success
0466B3429C4C80,2,"['Santa Anastasia', 'Santa Anastasia']",Casa Giulietta,"['Centro Fotografia', 'Sighseeing', 'Torre Lamberti', 'Museo Conte', 'Museo Radio']",Castelvecchio,strategy_nearest,False,0.002643108367919922,success
0466AD3A9C4C80,2,"['Torre Lamberti', 'Palazzo della Ragione']",San Fermo,"['Museo Storia', 'Museo Radio', 'Casa Giulietta', 'Centro Fotografia', 'Arena']",Santa Anastasia,strategy_nearest,False,0.0012421607971191406,success
0466B73A9C4C80,0,['Arena'],Castelvecchio,"['Museo Lapidario', 'Verona Tour', 'Museo Radio', 'San Zeno', 'Sighseeing']",Torre Lamberti,strategy_nearest,False,0.0034580230712890625,success
0466BE429C4C80,0,['Arena'],Casa Giulietta,"['Centro Fotografia', 'Sighseeing', 'Torre Lamberti', 'Museo Conte', 'Museo Radio']",Teatro Romano,strategy_nearest,False,0.0018072128295898438,success
0466C63A9C4C80,0,['Arena'],Torre Lamberti,"['Sighseeing', 'Centro Fotografia', 'Museo Conte', 'Casa Giulietta', 'Palazzo della Ragione']",Casa Giulietta,strategy_nearest,True,0.002028226852416992,success
0466CA3A9C4C80,0,"['Arena', 'Museo Lapidario']",Castelvecchio,"['Verona Tour', 'Museo Radio', 'San Zeno', 'Sighseeing', 'Museo Miniscalchi']",Torre Lamberti,strategy_nearest,False,0.0025360584259033203,success
0466BF3A9C4C80,3,"['Casa Giulietta', 'Arena', 'Torre Lamberti']",San Zeno,"['Castelvecchio', 'Verona Tour', 'Museo Lapidario', 'Museo Miniscalchi', 'Sighseeing']",Duomo,strategy_nearest,False,0.0041239261627197266,success
0466DC429C4C80,3,"['Santa Anastasia', 'Torre Lamberti', 'Arena']",Castelvecchio,"['Museo Lapidario', 'Verona Tour', 'Museo Radio', 'San Zeno', 'Sighseeing']",Tomba Giulietta,strategy_nearest,False,0.002747058868408203,success
0466CA429C4C80,1,"['San Fermo', 'Torre Lamberti', 'Palazzo della Ragione']",Duomo,"['AMO', 'Museo Miniscalchi', 'Santa Anastasia', 'Teatro Romano', 'Museo Conte']",Santa Anastasia,strategy_nearest,True,0.0015552043914794922,success
0466CF3A9C4C80,0,['Arena'],Casa Giulietta,"['Centro Fotografia', 'Sighseeing', 'Torre Lamberti', 'Museo Conte', 'Museo Radio']",Castelvecchio,strategy_nearest,False,0.0021009445190429688,success
0466F4429C4C80,2,"['Castelvecchio', 'San Fermo']",San Zeno,"['Verona Tour', 'Museo Lapidario', 'Arena', 'Museo Miniscalchi', 'Sighseeing']",Casa Giulietta,strategy_nearest,False,0.0033998489379882812,success
0467063A9C4C84,0,"['Casa Giulietta', 'Teatro Romano']",Torre Lamberti,"['Sighseeing', 'Centro Fotografia', 'Museo Conte', 'Palazzo della Ragione', 'AMO']",Arena,strategy_nearest,False,0.003215312957763672,success
0467134A9C4C80,2,"['Torre Lamberti', 'Palazzo della Ragione']",Casa Giulietta,"['Centro Fotografia', 'Sighseeing', 'Museo Conte', 'Museo Radio', 'San Fermo']",Museo Storia,strategy_nearest,False,0.0018897056579589844,success
046709429C4C84,1,"['Casa Giulietta', 'Castelvecchio', 'San Zeno', 'Santa Anastasia']",San Fermo,"['Museo Storia', 'Museo Radio', 'Centro Fotografia', 'Arena', 'Sighseeing']",Arena,strategy_nearest,True,0.001997232437133789,success
046719429C4C84,3,"['Arena', 'Castelvecchio']",Torre Lamberti,"['Sighseeing', 'Centro Fotografia', 'Museo Conte', 'Casa Giulietta', 'Palazzo della Ragione']",Casa Giulietta,strategy_nearest,True,0.0034918785095214844,success
04671A3A9C4C80,3,"['Arena', 'Tomba Giulietta', 'San Fermo']",Casa Giulietta,"['Centro Fotografia', 'Sighseeing', 'Torre Lamberti', 'Museo Conte', 'Museo Radio']",Torre Lamberti,strategy_nearest,True,0.0019221305847167969,success
04671B429C4C84,3,"['Tomba Giulietta', 'Arena']",San Fermo,"['Museo Storia', 'Museo Radio', 'Casa Giulietta', 'Centro Fotografia', 'Sighseeing']",Santa Anastasia,strategy_nearest,False,0.0028078556060791016,success
04671D3A9C4C84,0,['Arena'],Casa Giulietta,"['Centro Fotografia', 'Sighseeing', 'Torre Lamberti', 'Museo Conte', 'Museo Radio']",Santa Anastasia,strategy_nearest,False,0.0026099681854248047,success
04671C3A9C4C80,1,"['Arena', 'Palazzo della Ragione']",Torre Lamberti,"['Sighseeing', 'Centro Fotografia', 'Museo Conte', 'Casa Giulietta', 'AMO']",Casa Giulietta,strategy_nearest,True,0.0029649734497070312,success
04671F3A9C4C80,0,['Arena'],Castelvecchio,"['Museo Lapidario', 'Verona Tour', 'Museo Radio', 'San Zeno', 'Sighseeing']",Casa Giulietta,strategy_nearest,False,0.0028221607208251953,success
046725429C4C80,2,"['Castelvecchio', 'San Zeno', 'San Fermo', 'Torre Lamberti']",Santa Anastasia,"['AMO', 'Museo Conte', 'Palazzo della Ragione', 'Teatro Romano', 'Centro Fotografia']",Duomo,strategy_nearest,False,0.002863645553588867,success
04672B429C4C80,0,['Arena'],Casa Giulietta,"['Centro Fotografia', 'Sighseeing', 'Torre Lamberti', 'Museo Conte', 'Museo Radio']",Duomo,strategy_nearest,False,0.003000974655151367,success
046722429C4C84,0,['Arena'],Casa Giulietta,"['Centro Fotografia', 'Sighseeing', 'Torre Lamberti', 'Museo Conte', 'Museo Radio']",San Zeno,strategy_nearest,False,0.003815174102783203,success
0467273A9C4C80,4,['Museo Lapidario'],Museo Radio,"['Casa Giulietta', 'San Fermo', 'Arena', 'Sighseeing', 'Torre Lamberti']",Tomba Giulietta,strategy_nearest,False,0.0026509761810302734,success
04672C4A9C4C80,2,"['Museo Lapidario', 'Castelvecchio']",Casa Giulietta,"['Centro Fotografia', 'Sighseeing', 'Torre Lamberti', 'Museo Conte', 'Museo Radio']",Torre Lamberti,strategy_nearest,True,0.0017762184143066406,success
04672C3A9C4C80,1,"['Casa Giulietta', 'Santa Anastasia', 'Duomo', 'Teatro Romano']",Castelvecchio,"['Museo Lapidario', 'Verona Tour', 'Arena', 'Museo Radio', 'San Zeno']",Tomba Giulietta,strategy_nearest,False,0.0018742084503173828,success
04672F429C4C80,1,"['Arena', 'Museo Lapidario', 'Castelvecchio', 'Torre Lamberti', 'Palazzo della Ragione']",Casa Giulietta,"['Centro Fotografia', 'Sighseeing', 'Museo Conte', 'Museo Radio', 'San Fermo']",San Zeno,strategy_nearest,False,0.0027527809143066406,success
0467323A9C4C80,1,['Arena'],Casa Giulietta,"['Centro Fotografia', 'Sighseeing', 'Torre Lamberti', 'Museo Conte', 'Museo Radio']",Torre Lamberti,strategy_nearest,True,0.003103971481323242,success
046735429C4C80,3,"['Castelvecchio', 'Arena']",Santa Anastasia,"['AMO', 'Museo Conte', 'Palazzo della Ragione', 'Teatro Romano', 'Centro Fotografia']",Teatro Romano,strategy_nearest,True,0.002463817596435547,success
0467344A9C4C80,3,"['Arena', 'Casa Giulietta', 'San Fermo']",Duomo,"['AMO', 'Museo Miniscalchi', 'Santa Anastasia', 'Teatro Romano', 'Palazzo della Ragione']",Santa Anastasia,strategy_nearest,True,0.0026519298553466797,success
04674C3A9C4C80,3,"['Arena', 'Teatro Romano']",Duomo,"['AMO', 'Museo Miniscalchi', 'Santa Anastasia', 'Palazzo della Ragione', 'Museo Conte']",Castelvecchio,strategy_nearest,False,0.003320932388305664,success
046746429C4C80,3,['Arena'],Casa Giulietta,"['Centro Fotografia', 'Sighseeing', 'Torre Lamberti', 'Museo Conte', 'Museo Radio']",Santa Anastasia,strategy_nearest,False,0.0040628910064697266,success
0467573A9C4C80,0,['Arena'],San Fermo,"['Museo Storia', 'Museo Radio', 'Casa Giulietta', 'Centro Fotografia', 'Sighseeing']",Casa Giulietta,strategy_nearest,True,0.003328084945678711,success
0467513A9C4C80,3,"['Santa Anastasia', 'Arena']",Torre Lamberti,"['Sighseeing', 'Centro Fotografia', 'Museo Conte', 'Casa Giulietta', 'Palazzo della Ragione']",San Fermo,strategy_nearest,False,0.0012726783752441406,success
04675E429C4C80,2,['Torre Lamberti'],Palazzo della Ragione,"['AMO', 'Museo Conte', 'Centro Fotografia', 'Sighseeing', 'Santa Anastasia']",Casa Giulietta,strategy_nearest,False,0.0023849010467529297,success
04675C3A9C4C80,1,"['Casa Giulietta', 'Torre Lamberti', 'Palazzo della Ragione']",Castelvecchio,"['Museo Lapidario', 'Verona Tour', 'Arena', 'Museo Radio', 'San Zeno']",Tomba Giulietta,strategy_nearest,False,0.0026040077209472656,success
04675A3A9C4C80,2,"['Casa Giulietta', 'Torre Lamberti']",Santa Anastasia,"['AMO', 'Museo Conte', 'Palazzo della Ragione', 'Teatro Romano', 'Centro Fotografia']",Duomo,strategy_nearest,False,0.002499103546142578,success
046763429C4C80,0,['Arena'],Torre Lamberti,"['Sighseeing', 'Centro Fotografia', 'Museo Conte', 'Casa Giulietta', 'Palazzo della Ragione']",Casa Giulietta,strategy_nearest,True,0.002974987030029297,success
046769429C4C80,0,"['Arena', 'Casa Giulietta']",San Zeno,"['Castelvecchio', 'Verona Tour', 'Museo Lapidario', 'Museo Miniscalchi', 'Sighseeing']",Castelvecchio,strategy_nearest,True,0.0020580291748046875,success
04676D429C4C80,0,['Castelvecchio'],Arena,"['Verona Tour', 'Museo Lapidario', 'Museo Radio', 'San Fermo', 'Casa Giulietta']",Casa Giulietta,strategy_nearest,True,0.0020589828491210938,success
0467763A9C4C80,0,['Casa Giulietta'],Torre Lamberti,"['Sighseeing', 'Centro Fotografia', 'Museo Conte', 'Palazzo della Ragione', 'AMO']",Arena,strategy_nearest,False,0.00263214111328125,success
046777429C4C80,3,['Arena'],Casa Giulietta,"['Centro Fotografia', 'Sighseeing', 'Torre Lamberti', 'Museo Conte', 'Museo Radio']",Santa Anastasia,strategy_nearest,False,0.0034580230712890625,success
0467804A9C4C80,1,"['Arena', 'Museo Lapidario']",Palazzo della Ragione,"['AMO', 'Museo Conte', 'Torre Lamberti', 'Centro Fotografia', 'Sighseeing']",Torre Lamberti,strategy_nearest,True,0.00269317626953125,success
0467853A9C4C80,1,"['Arena', 'Casa Giulietta']",Palazzo della Ragione,"['AMO', 'Museo Conte', 'Torre Lamberti', 'Centro Fotografia', 'Sighseeing']",Santa Anastasia,strategy_nearest,False,0.002569913864135742,success
04678D4A9C4C80,2,['San Fermo'],Casa Giulietta,"['Centro Fotografia', 'Sighseeing', 'Torre Lamberti', 'Museo Conte', 'Museo Radio']",Teatro Romano,strategy_nearest,False,0.0025839805603027344,success
04678E3A9C4C80,0,"['Arena', 'Museo Lapidario']",Casa Giulietta,"['Centro Fotografia', 'Sighseeing', 'Torre Lamberti', 'Museo Conte', 'Museo Radio']",Teatro Romano,strategy_nearest,False,0.003072023391723633,success
04678E4A9C4C80,3,"['Arena', 'Casa Giulietta', 'Torre Lamberti']",Santa Anastasia,"['AMO', 'Museo Conte', 'Palazzo della Ragione', 'Teatro Romano', 'Centro Fotografia']",Teatro Romano,strategy_nearest,True,0.0026540756225585938,success
0467A3429C4C80,6,"['Verona Tour', 'Teatro Romano']",Santa Anastasia,"['AMO', 'Museo Conte', 'Palazzo della Ragione', 'Centro Fotografia', 'Duomo']",Casa Giulietta,strategy_nearest,False,0.0027561187744140625,success
0467A73A9C4C80,0,['Arena'],Casa Giulietta,"['Centro Fotografia', 'Sighseeing', 'Torre Lamberti', 'Museo Conte', 'Museo Radio']",Teatro Romano,strategy_nearest,False,0.002655029296875,success
0467924A9C4C80,0,['Arena'],Castelvecchio,"['Museo Lapidario', 'Verona Tour', 'Museo Radio', 'San Zeno', 'Sighseeing']",Torre Lamberti,strategy_nearest,False,0.004137992858886719,success
0467AE429C4C80,3,"['Arena', 'San Fermo', 'Torre Lamberti']",Santa Anastasia,"['AMO', 'Museo Conte', 'Palazzo della Ragione', 'Teatro Romano', 'Centro Fotografia']",Duomo,strategy_nearest,False,0.0018589496612548828,success
0467AB4A9C4C80,3,['Arena'],Torre Lamberti,"['Sighseeing', 'Centro Fotografia', 'Museo Conte', 'Casa Giulietta', 'Palazzo della Ragione']",Teatro Romano,strategy_nearest,False,0.0025599002838134766,success
0467AB3A9C4C80,3,"['Arena', 'Casa Giulietta']",Torre Lamberti,"['Sighseeing', 'Centro Fotografia', 'Museo Conte', 'Palazzo della Ragione', 'AMO']",Santa Anastasia,strategy_nearest,False,0.004831075668334961,success
0467B2429C4C80,3,"['Casa Giulietta', 'Arena']",Torre Lamberti,"['Sighseeing', 'Centro Fotografia', 'Museo Conte', 'Palazzo della Ragione', 'AMO']",Duomo,strategy_nearest,False,0.003408193588256836,success
0467C33A9C4C80,0,['Arena'],Museo Lapidario,"['Verona Tour', 'Castelvecchio', 'Museo Radio', 'San Fermo', 'Casa Giulietta']",Casa Giulietta,strategy_nearest,True,0.002537965774536133,success
0467BA429C4C80,1,"['Arena', 'Casa Giulietta', 'Torre Lamberti']",Palazzo della Ragione,"['AMO', 'Museo Conte', 'Centro Fotografia', 'Sighseeing', 'Santa Anastasia']",Santa Anastasia,strategy_nearest,True,0.002276182174682617,success
0467C2429C4C80,0,['Arena'],Casa Giulietta,"['Centro Fotografia', 'Sighseeing', 'Torre Lamberti', 'Museo Conte', 'Museo Radio']",Tomba Giulietta,strategy_nearest,False,0.0032172203063964844,success
0467D13A9C4C80,0,['Arena'],Casa Giulietta,"['Centro Fotografia', 'Sighseeing', 'Torre Lamberti', 'Museo Conte', 'Museo Radio']",Torre Lamberti,strategy_nearest,True,0.0010440349578857422,success
0467D83A9C4C80,3,['Santa Anastasia'],Torre Lamberti,"['Sighseeing', 'Centro Fotografia', 'Museo Conte', 'Casa Giulietta', 'Palazzo della Ragione']",Casa Giulietta,strategy_nearest,True,0.0033609867095947266,success
0467DB429C4C80,1,"['Arena', 'Castelvecchio', 'Duomo']",Teatro Romano,"['Santa Anastasia', 'AMO', 'Palazzo della Ragione', 'Museo Conte', 'Centro Fotografia']",Casa Giulietta,strategy_nearest,False,0.002655029296875,success
0467D53A9C4C80,1,"['Arena', 'Museo Lapidario', 'Castelvecchio']",San Zeno,"['Verona Tour', 'Museo Miniscalchi', 'Sighseeing', 'Museo Radio', 'Torre Lamberti']",Casa Giulietta,strategy_nearest,False,0.0021622180938720703,success
0467DD3A9C4C80,1,"['Casa Giulietta', 'Torre Lamberti', 'Palazzo della Ragione']",Santa Anastasia,"['AMO', 'Museo Conte', 'Teatro Romano', 'Centro Fotografia', 'Duomo']",Castelvecchio,strategy_nearest,False,0.002847909927368164,success
0467E13A9C4C80,3,['Arena'],Duomo,"['AMO', 'Museo Miniscalchi', 'Santa Anastasia', 'Teatro Romano', 'Palazzo della Ragione']",San Zeno,strategy_nearest,False,0.0027260780334472656,success
0467F4429C4C80,1,"['Arena', 'Museo Lapidario', 'Casa Giulietta']",Torre Lamberti,"['Sighseeing', 'Centro Fotografia', 'Museo Conte', 'Palazzo della Ragione', 'AMO']",Palazzo della Ragione,strategy_nearest,True,0.003398895263671875,success
0467F33A9C4C80,1,"['Arena', 'Museo Lapidario']",Casa Giulietta,"['Centro Fotografia', 'Sighseeing', 'Torre Lamberti', 'Museo Conte', 'Museo Radio']",Torre Lamberti,strategy_nearest,True,0.0020821094512939453,success
0467FF3A9C4C80,1,"['Torre Lamberti', 'Palazzo della Ragione']",Casa Giulietta,"['Centro Fotografia', 'Sighseeing', 'Museo Conte', 'Museo Radio', 'San Fermo']",Santa Anastasia,strategy_nearest,False,0.0019299983978271484,success
0467F5429C4C80,3,"['Castelvecchio', 'Santa Anastasia']",Casa Giulietta,"['Centro Fotografia', 'Sighseeing', 'Torre Lamberti', 'Museo Conte', 'Museo Radio']",Arena,strategy_nearest,False,0.0019750595092773438,success
0468023A9C4C84,0,['Arena'],Castelvecchio,"['Museo Lapidario', 'Verona Tour', 'Museo Radio', 'San Zeno', 'Sighseeing']",Casa Giulietta,strategy_nearest,False,0.0030059814453125,success
0467FB429C4C80,2,['Castelvecchio'],Teatro Romano,"['Santa Anastasia', 'Duomo', 'AMO', 'Palazzo della Ragione', 'Museo Conte']",Santa Anastasia,strategy_nearest,True,0.0033681392669677734,success
04680B429C4C84,2,['Castelvecchio'],San Zeno,"['Verona Tour', 'Museo Lapidario', 'Arena', 'Museo Miniscalchi', 'Sighseeing']",Duomo,strategy_nearest,False,0.0027608871459960938,success
0468033A9C4C84,1,"['Casa Giulietta', 'Torre Lamberti']",Palazzo della Ragione,"['AMO', 'Museo Conte', 'Centro Fotografia', 'Sighseeing', 'Santa Anastasia']",Arena,strategy_nearest,False,0.001977205276489258,success
04681F3A9C4C80,3,"['Casa Giulietta', 'Arena', 'Museo Lapidario']",Castelvecchio,"['Verona Tour', 'Museo Radio', 'San Zeno', 'Sighseeing', 'Museo Miniscalchi']",Santa Anastasia,strategy_nearest,False,0.0027189254760742188,success
0468254A9C4C80,3,"['Torre Lamberti', 'Teatro Romano', 'Casa Giulietta']",San Fermo,"['Museo Storia', 'Museo Radio', 'Centro Fotografia', 'Arena', 'Sighseeing']",Arena,strategy_nearest,True,0.0019152164459228516,success
046812429C4C84,1,"['Arena', 'San Zeno']",Torre Lamberti,"['Sighseeing', 'Centro Fotografia', 'Museo Conte', 'Casa Giulietta', 'Palazzo della Ragione']",Torre Lamberti,strategy_nearest,False,0.003387928009033203,success
046820429C4C84,0,['Arena'],Casa Giulietta,"['Centro Fotografia', 'Sighseeing', 'Torre Lamberti', 'Museo Conte', 'Museo Radio']",Santa Anastasia,strategy_nearest,False,0.002714872360229492,success
046824429C4C84,3,"['Casa Giulietta', 'Torre Lamberti', 'Santa Anastasia']",Teatro Romano,"['Duomo', 'AMO', 'Palazzo della Ragione', 'Museo Conte', 'Centro Fotografia']",Arena,strategy_nearest,False,0.0038671493530273438,success
0468274A9C4C80,1,"['Arena', 'Casa Giulietta', 'Torre Lamberti', 'Palazzo della Ragione']",Santa Anastasia,"['AMO', 'Museo Conte', 'Teatro Romano', 'Centro Fotografia', 'Duomo']",Tomba Giulietta,strategy_nearest,False,0.001928091049194336,success
04682E4A9C4C80,2,"['Duomo', 'Santa Anastasia']",Casa Giulietta,"['Centro Fotografia', 'Sighseeing', 'Torre Lamberti', 'Museo Conte', 'Museo Radio']",Castelvecchio,strategy_nearest,False,0.0027718544006347656,success
04682C429C4C80,2,['Casa Giulietta'],Tomba Giulietta,"['San Fermo', 'Museo Storia', 'Arena', 'Museo Lapidario', 'Museo Radio']",Teatro Romano,strategy_nearest,False,0.0022890567779541016,success
0468334A9C4C80,1,['Palazzo della Ragione'],Torre Lamberti,"['Sighseeing', 'Centro Fotografia', 'Museo Conte', 'Casa Giulietta', 'AMO']",Arena,strategy_nearest,False,0.003041982650756836,success
046836429C4C80,3,['Arena'],Torre Lamberti,"['Sighseeing', 'Centro Fotografia', 'Museo Conte', 'Casa Giulietta', 'Palazzo della Ragione']",Santa Anastasia,strategy_nearest,False,0.003144979476928711,success
0468523A9C4C80,0,['Arena'],Casa Giulietta,"['Centro Fotografia', 'Sighseeing', 'Torre Lamberti', 'Museo Conte', 'Museo Radio']",Tomba Giulietta,strategy_nearest,False,0.0034401416778564453,success
04684D429C4C80,0,['Arena'],Torre Lamberti,"['Sighseeing', 'Centro Fotografia', 'Museo Conte', 'Casa Giulietta', 'Palazzo della Ragione']",Casa Giulietta,strategy_nearest,True,0.0029370784759521484,success
04683B3A9C4C80,0,"['Arena', 'Casa Giulietta']",Torre Lamberti,"['Sighseeing', 'Centro Fotografia', 'Museo Conte', 'Palazzo della Ragione', 'AMO']",San Zeno,strategy_nearest,False,0.00286102294921875,success
046853429C4C80,3,"['Arena', 'Casa Giulietta']",Santa Anastasia,"['AMO', 'Museo Conte', 'Palazzo della Ragione', 'Teatro Romano', 'Centro Fotografia']",Duomo,strategy_nearest,False,0.0028002262115478516,success
046856429C4C80,3,['Arena'],Casa Giulietta,"['Centro Fotografia', 'Sighseeing', 'Torre Lamberti', 'Museo Conte', 'Museo Radio']",Torre Lamberti,strategy_nearest,True,0.0018112659454345703,success
0468603A9C4C80,0,"['Arena', 'Castelvecchio', 'Tomba Giulietta']",Museo Storia,"['San Fermo', 'Museo Radio', 'Casa Giulietta', 'Centro Fotografia', 'Torre Lamberti']",Teatro Romano,strategy_nearest,False,0.0021009445190429688,success
046866429C4C80,3,['Arena'],Torre Lamberti,"['Sighseeing', 'Centro Fotografia', 'Museo Conte', 'Casa Giulietta', 'Palazzo della Ragione']",Santa Anastasia,strategy_nearest,False,0.0027840137481689453,success
04686C429C4C80,3,"['Arena', 'Torre Lamberti']",Santa Anastasia,"['AMO', 'Museo Conte', 'Palazzo della Ragione', 'Teatro Romano', 'Centro Fotografia']",Duomo,strategy_nearest,False,0.0033681392669677734,success
04687C429C4C80,0,['Arena'],Torre Lamberti,"['Sighseeing', 'Centro Fotografia', 'Museo Conte', 'Casa Giulietta', 'Palazzo della Ragione']",Casa Giulietta,strategy_nearest,True,0.0012347698211669922,success
0468763A9C4C80,3,['Arena'],Santa Anastasia,"['AMO', 'Museo Conte', 'Palazzo della Ragione', 'Teatro Romano', 'Centro Fotografia']",Teatro Romano,strategy_nearest,True,0.0032150745391845703,success
0468793A9C4C80,1,"['Duomo', 'Casa Giulietta', 'Arena']",Torre Lamberti,"['Sighseeing', 'Centro Fotografia', 'Museo Conte', 'Palazzo della Ragione', 'AMO']",Palazzo della Ragione,strategy_nearest,True,0.0038208961486816406,success
046883429C4C80,0,['Arena'],Castelvecchio,"['Museo Lapidario', 'Verona Tour', 'Museo Radio', 'San Zeno', 'Sighseeing']",Tomba Giulietta,strategy_nearest,False,0.0013060569763183594,success
04687E3A9C4C80,3,"['Arena', 'Torre Lamberti']",Santa Anastasia,"['AMO', 'Museo Conte', 'Palazzo della Ragione', 'Teatro Romano', 'Centro Fotografia']",Duomo,strategy_nearest,False,0.0037071704864501953,success
0468814A9C4C80,3,"['Arena', 'Museo Lapidario', 'Castelvecchio']",Casa Giulietta,"['Centro Fotografia', 'Sighseeing', 'Torre Lamberti', 'Museo Conte', 'Museo Radio']",Santa Anastasia,strategy_nearest,False,0.0037648677825927734,success
0468863A9C4C80,3,"['Tomba Giulietta', 'San Fermo', 'Torre Lamberti']",Santa Anastasia,"['AMO', 'Museo Conte', 'Palazzo della Ragione', 'Teatro Romano', 'Centro Fotografia']",Teatro Romano,strategy_nearest,True,0.003548860549926758,success
04688D4A9C4C80,0,['Arena'],Torre Lamberti,"['Sighseeing', 'Centro Fotografia', 'Museo Conte', 'Casa Giulietta', 'Palazzo della Ragione']",Casa Giulietta,strategy_nearest,True,0.0033118724822998047,success
0468914A9C4C80,0,"['Arena', 'Casa Giulietta']",Casa Giulietta,"['Centro Fotografia', 'Sighseeing', 'Torre Lamberti', 'Museo Conte', 'Museo Radio']",Tomba Giulietta,strategy_nearest,False,0.002647876739501953,success
046891429C4C80,2,"['Palazzo della Ragione', 'Torre Lamberti']",Teatro Romano,"['Santa Anastasia', 'Duomo', 'AMO', 'Museo Conte', 'Centro Fotografia']",Castelvecchio,strategy_nearest,False,0.0014379024505615234,success
0468924A9C4C80,1,"['Arena', 'Castelvecchio', 'San Zeno', 'Casa Giulietta']",Torre Lamberti,"['Sighseeing', 'Centro Fotografia', 'Museo Conte', 'Palazzo della Ragione', 'AMO']",Palazzo della Ragione,strategy_nearest,True,0.0034220218658447266,success
0468944A9C4C80,2,['Casa Giulietta'],Tomba Giulietta,"['San Fermo', 'Museo Storia', 'Arena', 'Museo Lapidario', 'Museo Radio']",Castelvecchio,strategy_nearest,False,0.0034139156341552734,success
04689A429C4C80,1,['Arena'],Casa Giulietta,"['Centro Fotografia', 'Sighseeing', 'Torre Lamberti', 'Museo Conte', 'Museo Radio']",Palazzo della Ragione,strategy_nearest,False,0.003108978271484375,success
046899429C4C80,0,['Arena'],Teatro Romano,"['Santa Anastasia', 'Duomo', 'AMO', 'Palazzo della Ragione', 'Museo Conte']",Torre Lamberti,strategy_nearest,False,0.0019838809967041016,success
0468A34A9C4C80,3,"['Santa Anastasia', 'Torre Lamberti', 'San Fermo']",Arena,"['Verona Tour', 'Museo Lapidario', 'Museo Radio', 'Casa Giulietta', 'Sighseeing']",Duomo,strategy_nearest,False,0.002804279327392578,success
04689D4A9C4C80,1,"['Arena', 'Casa Giulietta', 'Torre Lamberti']",Palazzo della Ragione,"['AMO', 'Museo Conte', 'Centro Fotografia', 'Sighseeing', 'Santa Anastasia']",Santa Anastasia,strategy_nearest,True,0.004908084869384766,success
0468A63A9C4C80,3,"['San Zeno', 'Duomo', 'Santa Anastasia']",Casa Giulietta,"['Centro Fotografia', 'Sighseeing', 'Torre Lamberti', 'Museo Conte', 'Museo Radio']",Torre Lamberti,strategy_nearest,True,0.0014281272888183594,success
0468A94A9C4C80,3,['Arena'],Torre Lamberti,"['Sighseeing', 'Centro Fotografia', 'Museo Conte', 'Casa Giulietta', 'Palazzo della Ragione']",Teatro Romano,strategy_nearest,False,0.0033588409423828125,success
0468B4429C4C80,0,['Arena'],Tomba Giulietta,"['San Fermo', 'Museo Storia', 'Museo Lapidario', 'Museo Radio', 'Verona Tour']",Teatro Romano,strategy_nearest,False,0.0025031566619873047,success
0468B0429C4C80,1,['Museo Lapidario'],Torre Lamberti,"['Sighseeing', 'Centro Fotografia', 'Museo Conte', 'Casa Giulietta', 'Palazzo della Ragione']",Palazzo della Ragione,strategy_nearest,True,0.001986980438232422,success
0468AE429C4C80,0,['Arena'],Santa Anastasia,"['AMO', 'Museo Conte', 'Palazzo della Ragione', 'Teatro Romano', 'Centro Fotografia']",Casa Giulietta,strategy_nearest,False,0.002622842788696289,success
0468BC3A9C4C80,0,['Arena'],Castelvecchio,"['Museo Lapidario', 'Verona Tour', 'Museo Radio', 'San Zeno', 'Sighseeing']",San Zeno,strategy_nearest,True,0.00344085693359375,success
0468C43A9C4C80,1,['Arena'],Palazzo della Ragione,"['AMO', 'Museo Conte', 'Torre Lamberti', 'Centro Fotografia', 'Sighseeing']",Torre Lamberti,strategy_nearest,True,0.002911090850830078,success
0468C63A9C4C80,0,"['Arena', 'Museo Lapidario']",Tomba Giulietta,"['San Fermo', 'Museo Storia', 'Museo Radio', 'Verona Tour', 'Casa Giulietta']",San Fermo,strategy_nearest,True,0.002218961715698242,success
0468C3BA7B3F80,3,"['Arena', 'Casa Giulietta']",Santa Anastasia,"['AMO', 'Museo Conte', 'Palazzo della Ragione', 'Teatro Romano', 'Centro Fotografia']",Teatro Romano,strategy_nearest,True,0.0037000179290771484,success
0468C8429C4C80,3,"['Casa Giulietta', 'Torre Lamberti', 'Teatro Romano']",Duomo,"['AMO', 'Museo Miniscalchi', 'Santa Anastasia', 'Palazzo della Ragione', 'Museo Conte']",Santa Anastasia,strategy_nearest,True,0.002933979034423828,success
0468D53A9C4C80,3,"['Castelvecchio', 'San Fermo', 'Casa Giulietta', 'Santa Anastasia']",Giardino Giusti,"['Teatro Romano', 'Museo Conte', 'Centro Fotografia', 'Museo Storia', 'AMO']",Arena,strategy_nearest,False,0.0025200843811035156,success
0468E93A9C4C80,0,['Arena'],Torre Lamberti,"['Sighseeing', 'Centro Fotografia', 'Museo Conte', 'Casa Giulietta', 'Palazzo della Ragione']",Duomo,strategy_nearest,False,0.002312898635864258,success
0468D33A9C4C80,0,['Arena'],Casa Giulietta,"['Centro Fotografia', 'Sighseeing', 'Torre Lamberti', 'Museo Conte', 'Museo Radio']",Duomo,strategy_nearest,False,0.001909017562866211,success
0468E3429C4C80,3,"['Arena', 'Torre Lamberti']",Santa Anastasia,"['AMO', 'Museo Conte', 'Palazzo della Ragione', 'Teatro Romano', 'Centro Fotografia']",Teatro Romano,strategy_nearest,True,0.0034072399139404297,success
0468F23A9C4C80,0,['San Fermo'],Arena,"['Verona Tour', 'Museo Lapidario', 'Museo Radio', 'Casa Giulietta', 'Sighseeing']",Castelvecchio,strategy_nearest,False,0.002418041229248047,success
0469114A9C4C80,3,"['Museo Lapidario', 'Arena', 'Torre Lamberti', 'Casa Giulietta']",San Fermo,"['Museo Storia', 'Museo Radio', 'Centro Fotografia', 'Sighseeing', 'Museo Conte']",Tomba Giulietta,strategy_nearest,False,0.0026209354400634766,success
0469133A9C4C80,3,['Arena'],San Fermo,"['Museo Storia', 'Museo Radio', 'Casa Giulietta', 'Centro Fotografia', 'Sighseeing']",Duomo,strategy_nearest,False,0.002621889114379883,success
04691D429C4C84,3,['Duomo'],Santa Anastasia,"['AMO', 'Museo Conte', 'Palazzo della Ragione', 'Teatro Romano', 'Centro Fotografia']",Arena,strategy_nearest,False,0.002527952194213867,success
046913429C4C84,3,"['Arena', 'Castelvecchio', 'San Zeno']",Santa Anastasia,"['AMO', 'Museo Conte', 'Palazzo della Ragione', 'Teatro Romano', 'Centro Fotografia']",Duomo,strategy_nearest,False,0.003287076950073242,success
0469203A9C4C80,3,"['Duomo', 'Santa Anastasia']",Casa Giulietta,"['Centro Fotografia', 'Sighseeing', 'Torre Lamberti', 'Museo Conte', 'Museo Radio']",Arena,strategy_nearest,False,0.002574920654296875,success
04691F429C4C84,3,"['Arena', 'Casa Giulietta']",Torre Lamberti,"['Sighseeing', 'Centro Fotografia', 'Museo Conte', 'Palazzo della Ragione', 'AMO']",Santa Anastasia,strategy_nearest,False,0.0032918453216552734,success
0469203A9C4C84,3,['San Zeno'],Arena,"['Verona Tour', 'Museo Lapidario', 'Museo Radio', 'San Fermo', 'Casa Giulietta']",Duomo,strategy_nearest,False,0.0032749176025390625,success
046923429C4C84,3,"['Castelvecchio', 'Arena', 'Casa Giulietta']",Torre Lamberti,"['Sighseeing', 'Centro Fotografia', 'Museo Conte', 'Palazzo della Ragione', 'AMO']",Santa Anastasia,strategy_nearest,False,0.003020048141479492,success
0469254A9C4C80,2,"['San Fermo', 'Teatro Romano', 'Torre Lamberti']",Santa Anastasia,"['AMO', 'Museo Conte', 'Palazzo della Ragione', 'Centro Fotografia', 'Duomo']",Duomo,strategy_nearest,True,0.0031790733337402344,success
0469293A9C4C80,1,"['Castelvecchio', 'Arena']",Casa Giulietta,"['Centro Fotografia', 'Sighseeing', 'Torre Lamberti', 'Museo Conte', 'Museo Radio']",Palazzo della Ragione,strategy_nearest,False,0.003072023391723633,success
0469264A9C4C80,0,['Arena'],Torre Lamberti,"['Sighseeing', 'Centro Fotografia', 'Museo Conte', 'Casa Giulietta', 'Palazzo della Ragione']",Castelvecchio,strategy_nearest,False,0.0019681453704833984,success
04692B3A9C4C80,2,['San Fermo'],Santa Anastasia,"['AMO', 'Museo Conte', 'Palazzo della Ragione', 'Teatro Romano', 'Centro Fotografia']",Duomo,strategy_nearest,False,0.0039958953857421875,success
04692C429C4C80,3,"['Museo Lapidario', 'Casa Giulietta', 'Torre Lamberti', 'Santa Anastasia']",Duomo,"['AMO', 'Museo Miniscalchi', 'Teatro Romano', 'Palazzo della Ragione', 'Museo Conte']",Teatro Romano,strategy_nearest,True,0.0013980865478515625,success
04693A3A9C4C80,3,"['Casa Giulietta', 'Teatro Romano']",Santa Anastasia,"['AMO', 'Museo Conte', 'Palazzo della Ragione', 'Centro Fotografia', 'Duomo']",San Zeno,strategy_nearest,False,0.003183126449584961,success
04692E3A9C4C80,3,"['Arena', 'Casa Giulietta', 'Torre Lamberti']",Duomo,"['AMO', 'Museo Miniscalchi', 'Santa Anastasia', 'Teatro Romano', 'Palazzo della Ragione']",Teatro Romano,strategy_nearest,True,0.002107858657836914,success
046945429C4C80,1,"['San Fermo', 'Santa Anastasia', 'Duomo', 'San Zeno']",Casa Giulietta,"['Centro Fotografia', 'Sighseeing', 'Torre Lamberti', 'Museo Conte', 'Museo Radio']",Arena,strategy_nearest,False,0.0021381378173828125,success
04694D429C4C80,0,['Arena'],Casa Giulietta,"['Centro Fotografia', 'Sighseeing', 'Torre Lamberti', 'Museo Conte', 'Museo Radio']",Palazzo della Ragione,strategy_nearest,False,0.0015180110931396484,success
04694F429C4C80,0,['Arena'],Casa Giulietta,"['Centro Fotografia', 'Sighseeing', 'Torre Lamberti', 'Museo Conte', 'Museo Radio']",Teatro Romano,strategy_nearest,False,0.003422975540161133,success
046957429C4C80,3,"['Arena', 'Casa Giulietta']",San Fermo,"['Museo Storia', 'Museo Radio', 'Centro Fotografia', 'Sighseeing', 'Torre Lamberti']",Santa Anastasia,strategy_nearest,False,0.0026128292083740234,success
046959429C4C80,0,['Santa Anastasia'],Casa Giulietta,"['Centro Fotografia', 'Sighseeing', 'Torre Lamberti', 'Museo Conte', 'Museo Radio']",Arena,strategy_nearest,False,0.002501249313354492,success
046958429C4C80,1,"['Museo Lapidario', 'Castelvecchio', 'Duomo', 'Teatro Romano', 'Santa Anastasia']",Casa Giulietta,"['Centro Fotografia', 'Sighseeing', 'Torre Lamberti', 'Museo Conte', 'Museo Radio']",Tomba Giulietta,strategy_nearest,False,0.004060983657836914,success
04695A3A9C4C80,3,"['Casa Giulietta', 'Torre Lamberti']",Santa Anastasia,"['AMO', 'Museo Conte', 'Palazzo della Ragione', 'Teatro Romano', 'Centro Fotografia']",Arena,strategy_nearest,False,0.003492116928100586,success
04695D429C4C80,3,"['Casa Giulietta', 'Torre Lamberti']",Santa Anastasia,"['AMO', 'Museo Conte', 'Palazzo della Ragione', 'Teatro Romano', 'Centro Fotografia']",Duomo,strategy_nearest,False,0.0016980171203613281,success
046962429C4C80,0,['Arena'],Casa Giulietta,"['Centro Fotografia', 'Sighseeing', 'Torre Lamberti', 'Museo Conte', 'Museo Radio']",Teatro Romano,strategy_nearest,False,0.0018508434295654297,success
046968429C4C80,0,['Arena'],Casa Giulietta,"['Centro Fotografia', 'Sighseeing', 'Torre Lamberti', 'Museo Conte', 'Museo Radio']",Teatro Romano,strategy_nearest,False,0.002608776092529297,success
0469773A9C4C80,3,['Arena'],Castelvecchio,"['Museo Lapidario', 'Verona Tour', 'Museo Radio', 'San Zeno', 'Sighseeing']",Santa Anastasia,strategy_nearest,False,0.0027570724487304688,success
04697E429C4C80,0,"['Arena', 'Casa Giulietta']",Castelvecchio,"['Museo Lapidario', 'Verona Tour', 'Museo Radio', 'San Zeno', 'Sighseeing']",Tomba Giulietta,strategy_nearest,False,0.0030422210693359375,success
046981429C4C80,2,"['Torre Lamberti', 'San Zeno']",Castelvecchio,"['Museo Lapidario', 'Verona Tour', 'Arena', 'Museo Radio', 'Sighseeing']",Santa Anastasia,strategy_nearest,False,0.0034797191619873047,success
0469824A9C4C80,3,"['Arena', 'Casa Giulietta']",Santa Anastasia,"['AMO', 'Museo Conte', 'Palazzo della Ragione', 'Teatro Romano', 'Centro Fotografia']",Teatro Romano,strategy_nearest,True,0.002412080764770508,success
0469863A9C4C80,2,"['San Fermo', 'Museo Storia']",Casa Giulietta,"['Centro Fotografia', 'Sighseeing', 'Torre Lamberti', 'Museo Conte', 'Museo Radio']",Palazzo della Ragione,strategy_nearest,False,0.0023670196533203125,success
0469864A9C4C80,3,"['Arena', 'Tomba Giulietta', 'San Fermo']",Torre Lamberti,"['Sighseeing', 'Centro Fotografia', 'Museo Conte', 'Casa Giulietta', 'Palazzo della Ragione']",Teatro Romano,strategy_nearest,False,0.003131866455078125,success
046998429C4C80,3,"['San Fermo', 'Giardino Giusti']",Duomo,"['AMO', 'Museo Miniscalchi', 'Santa Anastasia', 'Teatro Romano', 'Palazzo della Ragione']",Castelvecchio,strategy_nearest,False,0.0019638538360595703,success
0469A14A9C4C80,0,['Teatro Romano'],Arena,"['Verona Tour', 'Museo Lapidario', 'Museo Radio', 'San Fermo', 'Casa Giulietta']",Castelvecchio,strategy_nearest,False,0.0017771720886230469,success
0469A2429C4C80,1,"['Casa Giulietta', 'Palazzo della Ragione']",Arena,"['Verona Tour', 'Museo Lapidario', 'Museo Radio', 'San Fermo', 'Sighseeing']",Santa Anastasia,strategy_nearest,False,0.003134012222290039,success
0469A1429C4C80,3,"['Arena', 'Casa Giulietta', 'Torre Lamberti']",Duomo,"['AMO', 'Museo Miniscalchi', 'Santa Anastasia', 'Teatro Romano', 'Palazzo della Ragione']",Teatro Romano,strategy_nearest,True,0.0035240650177001953,success
0469AB4A9C4C80,3,['Arena'],Casa Giulietta,"['Centro Fotografia', 'Sighseeing', 'Torre Lamberti', 'Museo Conte', 'Museo Radio']",Torre Lamberti,strategy_nearest,True,0.0018520355224609375,success
0469A5429C4C80,2,"['Castelvecchio', 'Torre Lamberti']",Casa Giulietta,"['Centro Fotografia', 'Sighseeing', 'Museo Conte', 'Museo Radio', 'Palazzo della Ragione']",Santa Anastasia,strategy_nearest,False,0.003299713134765625,success
0469AA3A9C4C80,2,['Castelvecchio'],San Zeno,"['Verona Tour', 'Museo Lapidario', 'Arena', 'Museo Miniscalchi', 'Sighseeing']",Casa Giulietta,strategy_nearest,False,0.0037078857421875,success
0469B73A9C4C80,0,['Arena'],Casa Giulietta,"['Centro Fotografia', 'Sighseeing', 'Torre Lamberti', 'Museo Conte', 'Museo Radio']",Castelvecchio,strategy_nearest,False,0.003245115280151367,success
0469B83A9C4C80,3,"['San Zeno', 'Castelvecchio']",Arena,"['Verona Tour', 'Museo Lapidario', 'Museo Radio', 'San Fermo', 'Casa Giulietta']",Casa Giulietta,strategy_nearest,True,0.0016901493072509766,success
0469BA429C4C80,2,['Museo Storia'],San Fermo,"['Museo Radio', 'Casa Giulietta', 'Centro Fotografia', 'Arena', 'Sighseeing']",Castelvecchio,strategy_nearest,False,0.003329038619995117,success
0469BA3A9C4C80,2,['Palazzo della Ragione'],Casa Giulietta,"['Centro Fotografia', 'Sighseeing', 'Torre Lamberti', 'Museo Conte', 'Museo Radio']",Torre Lamberti,strategy_nearest,True,0.0026941299438476562,success
0469CA3A9C4C80,0,['Arena'],Casa Giulietta,"['Centro Fotografia', 'Sighseeing', 'Torre Lamberti', 'Museo Conte', 'Museo Radio']",Duomo,strategy_nearest,False,0.0032041072845458984,success
0469D23A9C4C80,1,"['Arena', 'Casa Giulietta']",Torre Lamberti,"['Sighseeing', 'Centro Fotografia', 'Museo Conte', 'Palazzo della Ragione', 'AMO']",Palazzo della Ragione,strategy_nearest,True,0.001737833023071289,success
0469CD3A9C4C80,0,['Arena'],Casa Giulietta,"['Centro Fotografia', 'Sighseeing', 'Torre Lamberti', 'Museo Conte', 'Museo Radio']",Castelvecchio,strategy_nearest,False,0.003920078277587891,success
0469E93A9C4C80,1,"['Arena', 'Casa Giulietta']",Tomba Giulietta,"['San Fermo', 'Museo Storia', 'Museo Lapidario', 'Museo Radio', 'Verona Tour']",Torre Lamberti,strategy_nearest,False,0.0024919509887695312,success
0469DE3A9C4C80,1,"['Castelvecchio', 'Arena', 'San Fermo', 'Casa Giulietta']",Teatro Romano,"['Santa Anastasia', 'Duomo', 'AMO', 'Palazzo della Ragione', 'Museo Conte']",Duomo,strategy_nearest,True,0.003345012664794922,success
0469F4429C4C80,1,"['Arena', 'Torre Lamberti', 'Museo Storia', 'San Fermo', 'Castelvecchio']",Casa Giulietta,"['Centro Fotografia', 'Sighseeing', 'Museo Conte', 'Museo Radio', 'Palazzo della Ragione']",Tomba Giulietta,strategy_nearest,False,0.002892017364501953,success
0469F73A9C4C80,1,"['Casa Giulietta', 'Torre Lamberti', 'Palazzo della Ragione']",Santa Anastasia,"['AMO', 'Museo Conte', 'Teatro Romano', 'Centro Fotografia', 'Duomo']",Duomo,strategy_nearest,True,0.0034949779510498047,success
0469FE3A9C4C80,0,['Casa Giulietta'],Torre Lamberti,"['Sighseeing', 'Centro Fotografia', 'Museo Conte', 'Palazzo della Ragione', 'AMO']",Arena,strategy_nearest,False,0.003412008285522461,success
046A003A9C4C84,1,['Arena'],Casa Giulietta,"['Centro Fotografia', 'Sighseeing', 'Torre Lamberti', 'Museo Conte', 'Museo Radio']",Torre Lamberti,strategy_nearest,True,0.0032968521118164062,success
046A013A9C4C84,0,['Arena'],Casa Giulietta,"['Centro Fotografia', 'Sighseeing', 'Torre Lamberti', 'Museo Conte', 'Museo Radio']",Torre Lamberti,strategy_nearest,True,0.001711130142211914,success
046A17429C4C84,0,['Arena'],Casa Giulietta,"['Centro Fotografia', 'Sighseeing', 'Torre Lamberti', 'Museo Conte', 'Museo Radio']",Torre Lamberti,strategy_nearest,True,0.0020329952239990234,success
046A1A429C4C80,3,"['Arena', 'Duomo']",Giardino Giusti,"['Santa Anastasia', 'Teatro Romano', 'Museo Conte', 'Centro Fotografia', 'Museo Storia']",Teatro Romano,strategy_nearest,True,0.002574920654296875,success
046A1B429C4C84,3,"['Tomba Giulietta', 'Arena']",San Fermo,"['Museo Storia', 'Museo Radio', 'Casa Giulietta', 'Centro Fotografia', 'Sighseeing']",Santa Anastasia,strategy_nearest,False,0.003122091293334961,success
046A254A9C4C80,2,"['San Zeno', 'Castelvecchio']",Duomo,"['AMO', 'Museo Miniscalchi', 'Santa Anastasia', 'Teatro Romano', 'Palazzo della Ragione']",Santa Anastasia,strategy_nearest,True,0.0025610923767089844,success
046A213A9C4C84,2,['Torre Lamberti'],Santa Anastasia,"['AMO', 'Museo Conte', 'Palazzo della Ragione', 'Teatro Romano', 'Centro Fotografia']",Duomo,strategy_nearest,False,0.0030121803283691406,success
046A24429C4C80,0,['Museo Lapidario'],Arena,"['Verona Tour', 'Museo Radio', 'San Fermo', 'Casa Giulietta', 'Sighseeing']",San Fermo,strategy_nearest,True,0.0028231143951416016,success
046A27429C4C84,2,['Castelvecchio'],Casa Giulietta,"['Centro Fotografia', 'Sighseeing', 'Torre Lamberti', 'Museo Conte', 'Museo Radio']",Santa Anastasia,strategy_nearest,False,0.003242015838623047,success
046A274A9C4C80,1,"['Arena', 'Castelvecchio', 'Torre Lamberti', 'Palazzo della Ragione', 'Casa Giulietta']",San Fermo,"['Museo Storia', 'Museo Radio', 'Centro Fotografia', 'Sighseeing', 'Museo Conte']",Santa Anastasia,strategy_nearest,False,0.0018100738525390625,success
046A2D429C4C80,0,['Museo Lapidario'],Arena,"['Verona Tour', 'Museo Radio', 'San Fermo', 'Casa Giulietta', 'Sighseeing']",San Fermo,strategy_nearest,True,0.0024099349975585938,success
046A32429C4C80,3,"['Castelvecchio', 'Arena']",Casa Giulietta,"['Centro Fotografia', 'Sighseeing', 'Torre Lamberti', 'Museo Conte', 'Museo Radio']",Tomba Giulietta,strategy_nearest,False,0.0036249160766601562,success
046A393A9C4C80,0,['Casa Giulietta'],Duomo,"['AMO', 'Museo Miniscalchi', 'Santa Anastasia', 'Teatro Romano', 'Palazzo della Ragione']",Arena,strategy_nearest,False,0.0025768280029296875,success
046A4E429C4C80,3,"['Santa Anastasia', 'Casa Giulietta']",Castelvecchio,"['Museo Lapidario', 'Verona Tour', 'Arena', 'Museo Radio', 'San Zeno']",Arena,strategy_nearest,True,0.0026030540466308594,success
046A573A9C4C80,3,"['Castelvecchio', 'Arena']",Santa Anastasia,"['AMO', 'Museo Conte', 'Palazzo della Ragione', 'Teatro Romano', 'Centro Fotografia']",Santa Anastasia,strategy_nearest,False,0.003069162368774414,success
046A62429C4C80,3,"['Arena', 'Torre Lamberti']",Santa Anastasia,"['AMO', 'Museo Conte', 'Palazzo della Ragione', 'Teatro Romano', 'Centro Fotografia']",Duomo,strategy_nearest,False,0.0024499893188476562,success
046A663A9C4C80,1,"['Arena', 'Torre Lamberti', 'Castelvecchio', 'Duomo']",Teatro Romano,"['Santa Anastasia', 'AMO', 'Palazzo della Ragione', 'Museo Conte', 'Centro Fotografia']",Santa Anastasia,strategy_nearest,True,0.0019249916076660156,success
046A69429C4C80,0,['Arena'],Santa Anastasia,"['AMO', 'Museo Conte', 'Palazzo della Ragione', 'Teatro Romano', 'Centro Fotografia']",Castelvecchio,strategy_nearest,False,0.0027589797973632812,success
046A824A9C4C80,0,['Arena'],Tomba Giulietta,"['San Fermo', 'Museo Storia', 'Museo Lapidario', 'Museo Radio', 'Verona Tour']",Casa Giulietta,strategy_nearest,False,0.0031709671020507812,success
046A74429C4C80,3,"['Arena', 'Casa Giulietta']",Torre Lamberti,"['Sighseeing', 'Centro Fotografia', 'Museo Conte', 'Palazzo della Ragione', 'AMO']",Santa Anastasia,strategy_nearest,False,0.002650737762451172,success
046A854A9C4C80,1,"['Arena', 'Palazzo della Ragione', 'Torre Lamberti']",Casa Giulietta,"['Centro Fotografia', 'Sighseeing', 'Museo Conte', 'Museo Radio', 'San Fermo']",Santa Anastasia,strategy_nearest,False,0.0022602081298828125,success
046AA0429C4C80,2,['Torre Lamberti'],Casa Giulietta,"['Centro Fotografia', 'Sighseeing', 'Museo Conte', 'Museo Radio', 'Palazzo della Ragione']",Duomo,strategy_nearest,False,0.002015829086303711,success
046A994A9C4C80,2,['San Zeno'],Santa Anastasia,"['AMO', 'Museo Conte', 'Palazzo della Ragione', 'Teatro Romano', 'Centro Fotografia']",Torre Lamberti,strategy_nearest,False,0.002810239791870117,success
046A9F429C4C80,1,"['Arena', 'Castelvecchio', 'Torre Lamberti']",Palazzo della Ragione,"['AMO', 'Museo Conte', 'Centro Fotografia', 'Sighseeing', 'Santa Anastasia']",Casa Giulietta,strategy_nearest,False,0.0015208721160888672,success
046A9A429C4C80,0,['Arena'],Casa Giulietta,"['Centro Fotografia', 'Sighseeing', 'Torre Lamberti', 'Museo Conte', 'Museo Radio']",Torre Lamberti,strategy_nearest,True,0.0034699440002441406,success
046ABF3A9C4C80,0,['Arena'],Casa Giulietta,"['Centro Fotografia', 'Sighseeing', 'Torre Lamberti', 'Museo Conte', 'Museo Radio']",Torre Lamberti,strategy_nearest,True,0.0022552013397216797,success
046ABD3A9C4C80,0,['Arena'],Casa Giulietta,"['Centro Fotografia', 'Sighseeing', 'Torre Lamberti', 'Museo Conte', 'Museo Radio']",Torre Lamberti,strategy_nearest,True,0.002354145050048828,success
046AB6429C4C80,3,"['Duomo', 'Arena']",Casa Giulietta,"['Centro Fotografia', 'Sighseeing', 'Torre Lamberti', 'Museo Conte', 'Museo Radio']",Santa Anastasia,strategy_nearest,False,0.004235029220581055,success
046AC93A9C4C80,3,"['Arena', 'Castelvecchio']",San Zeno,"['Verona Tour', 'Museo Lapidario', 'Museo Miniscalchi', 'Sighseeing', 'Museo Radio']",Duomo,strategy_nearest,False,0.0027048587799072266,success
046AEA3A9C4C80,0,['Arena'],Torre Lamberti,"['Sighseeing', 'Centro Fotografia', 'Museo Conte', 'Casa Giulietta', 'Palazzo della Ragione']",Duomo,strategy_nearest,False,0.0019960403442382812,success
046AD43A9C4C80,1,"['Torre Lamberti', 'Casa Giulietta', 'Santa Anastasia', 'Teatro Romano']",Tomba Giulietta,"['San Fermo', 'Museo Storia', 'Arena', 'Museo Lapidario', 'Museo Radio']",Arena,strategy_nearest,True,0.002665996551513672,success
046ADC429C4C80,3,"['Arena', 'Castelvecchio', 'Santa Anastasia']",Duomo,"['AMO', 'Museo Miniscalchi', 'Teatro Romano', 'Palazzo della Ragione', 'Museo Conte']",Casa Giulietta,strategy_nearest,False,0.0014171600341796875,success
046AFC3A9C4C80,1,"['Arena', 'Museo Lapidario']",Palazzo della Ragione,"['AMO', 'Museo Conte', 'Torre Lamberti', 'Centro Fotografia', 'Sighseeing']",Casa Giulietta,strategy_nearest,False,0.0033648014068603516,success
046B1A3A9C4C84,2,['Casa Giulietta'],Tomba Giulietta,"['San Fermo', 'Museo Storia', 'Arena', 'Museo Lapidario', 'Museo Radio']",Castelvecchio,strategy_nearest,False,0.0021619796752929688,success
046B10429C4C80,0,['Arena'],Casa Giulietta,"['Centro Fotografia', 'Sighseeing', 'Torre Lamberti', 'Museo Conte', 'Museo Radio']",Teatro Romano,strategy_nearest,False,0.002830982208251953,success
046B233A9C4C84,1,"['Arena', 'Casa Giulietta']",Torre Lamberti,"['Sighseeing', 'Centro Fotografia', 'Museo Conte', 'Palazzo della Ragione', 'AMO']",Palazzo della Ragione,strategy_nearest,True,0.0033731460571289062,success
046B21429C4C84,3,"['Castelvecchio', 'Casa Giulietta', 'Duomo']",San Zeno,"['Verona Tour', 'Museo Lapidario', 'Arena', 'Museo Miniscalchi', 'Sighseeing']",Arena,strategy_nearest,True,0.003442049026489258,success
046B33429C4C80,0,['Arena'],Casa Giulietta,"['Centro Fotografia', 'Sighseeing', 'Torre Lamberti', 'Museo Conte', 'Museo Radio']",Castelvecchio,strategy_nearest,False,0.002810955047607422,success
046B323A9C4C80,2,['Casa Giulietta'],Castelvecchio,"['Museo Lapidario', 'Verona Tour', 'Arena', 'Museo Radio', 'San Zeno']",San Zeno,strategy_nearest,True,0.0036580562591552734,success
046B45429C4C80,3,['Arena'],Casa Giulietta,"['Centro Fotografia', 'Sighseeing', 'Torre Lamberti', 'Museo Conte', 'Museo Radio']",Santa Anastasia,strategy_nearest,False,0.003422975540161133,success
046B423A9C4C80,6,"['Teatro Romano', 'Duomo', 'Santa Anastasia']",Giardino Giusti,"['Museo Conte', 'Centro Fotografia', 'Museo Storia', 'AMO', 'Casa Giulietta']",Castelvecchio,strategy_nearest,False,0.0014069080352783203,success
046B523A9C4C80,1,"['Arena', 'Casa Giulietta', 'Torre Lamberti', 'Santa Anastasia', 'Castelvecchio']",Palazzo della Ragione,"['AMO', 'Museo Conte', 'Centro Fotografia', 'Sighseeing', 'Museo Miniscalchi']",San Zeno,strategy_nearest,False,0.0026433467864990234,success
046B4C429C4C80,3,"['San Zeno', 'Arena']",Casa Giulietta,"['Centro Fotografia', 'Sighseeing', 'Torre Lamberti', 'Museo Conte', 'Museo Radio']",Torre Lamberti,strategy_nearest,True,0.002008676528930664,success
046B59429C4C80,0,['Arena'],Casa Giulietta,"['Centro Fotografia', 'Sighseeing', 'Torre Lamberti', 'Museo Conte', 'Museo Radio']",Casa Giulietta,strategy_nearest,False,0.0028688907623291016,success
046B60429C4C80,1,"['Casa Giulietta', 'Arena']",Tomba Giulietta,"['San Fermo', 'Museo Storia', 'Museo Lapidario', 'Museo Radio', 'Verona Tour']",Torre Lamberti,strategy_nearest,False,0.0032677650451660156,success
046B6C3A9C4C80,2,['Duomo'],San Zeno,"['Castelvecchio', 'Verona Tour', 'Museo Lapidario', 'Arena', 'Museo Miniscalchi']",Castelvecchio,strategy_nearest,True,0.002699136734008789,success
046B723A9C4C80,0,['Arena'],Casa Giulietta,"['Centro Fotografia', 'Sighseeing', 'Torre Lamberti', 'Museo Conte', 'Museo Radio']",Santa Anastasia,strategy_nearest,False,0.0034439563751220703,success
046B77429C4C80,3,"['Arena', 'Castelvecchio', 'San Fermo']",Santa Anastasia,"['AMO', 'Museo Conte', 'Palazzo della Ragione', 'Teatro Romano', 'Centro Fotografia']",Duomo,strategy_nearest,False,0.002792835235595703,success
046B834A9C4C80,0,['Arena'],Castelvecchio,"['Museo Lapidario', 'Verona Tour', 'Museo Radio', 'San Zeno', 'Sighseeing']",Torre Lamberti,strategy_nearest,False,0.003064870834350586,success
046B84429C4C80,0,['Arena'],Casa Giulietta,"['Centro Fotografia', 'Sighseeing', 'Torre Lamberti', 'Museo Conte', 'Museo Radio']",Tomba Giulietta,strategy_nearest,False,0.0032939910888671875,success
046B8B4A9C4C80,3,['Arena'],Casa Giulietta,"['Centro Fotografia', 'Sighseeing', 'Torre Lamberti', 'Museo Conte', 'Museo Radio']",Torre Lamberti,strategy_nearest,True,0.0023610591888427734,success
046B8E3A9C4C80,3,"['Arena', 'Castelvecchio']",San Zeno,"['Verona Tour', 'Museo Lapidario', 'Museo Miniscalchi', 'Sighseeing', 'Museo Radio']",Casa Giulietta,strategy_nearest,False,0.002285003662109375,success
046B8F429C4C80,0,['Casa Giulietta'],Teatro Romano,"['Santa Anastasia', 'Duomo', 'AMO', 'Palazzo della Ragione', 'Museo Conte']",Arena,strategy_nearest,False,0.002051830291748047,success
046B94429C4C80,0,"['Torre Lamberti', 'Casa Giulietta']",Arena,"['Verona Tour', 'Museo Lapidario', 'Museo Radio', 'San Fermo', 'Sighseeing']",Castelvecchio,strategy_nearest,False,0.0026330947875976562,success
046B99429C4C80,0,"['Arena', 'Castelvecchio']",San Fermo,"['Museo Storia', 'Museo Radio', 'Casa Giulietta', 'Centro Fotografia', 'Sighseeing']",Casa Giulietta,strategy_nearest,True,0.0033359527587890625,success
046B96429C4C80,1,"['Giardino Giusti', 'Teatro Romano', 'San Zeno', 'Castelvecchio']",Arena,"['Verona Tour', 'Museo Lapidario', 'Museo Radio', 'San Fermo', 'Casa Giulietta']",Santa Anastasia,strategy_nearest,False,0.0035300254821777344,success
046B9D429C4C80,1,['Arena'],Torre Lamberti,"['Sighseeing', 'Centro Fotografia', 'Museo Conte', 'Casa Giulietta', 'Palazzo della Ragione']",Palazzo della Ragione,strategy_nearest,True,0.0028200149536132812,success
046B9A429C4C80,0,['Arena'],Casa Giulietta,"['Centro Fotografia', 'Sighseeing', 'Torre Lamberti', 'Museo Conte', 'Museo Radio']",Arena,strategy_nearest,False,0.0037190914154052734,success
046B9F429C4C80,1,['Arena'],Casa Giulietta,"['Centro Fotografia', 'Sighseeing', 'Torre Lamberti', 'Museo Conte', 'Museo Radio']",Torre Lamberti,strategy_nearest,True,0.0013930797576904297,success
046BA64A9C4C80,3,['Arena'],Casa Giulietta,"['Centro Fotografia', 'Sighseeing', 'Torre Lamberti', 'Museo Conte', 'Museo Radio']",Santa Anastasia,strategy_nearest,False,0.0033080577850341797,success
046BA84A9C4C80,1,['Arena'],Torre Lamberti,"['Sighseeing', 'Centro Fotografia', 'Museo Conte', 'Casa Giulietta', 'Palazzo della Ragione']",Palazzo della Ragione,strategy_nearest,True,0.001447916030883789,success
046BA73A9C4C80,0,['Arena'],Casa Giulietta,"['Centro Fotografia', 'Sighseeing', 'Torre Lamberti', 'Museo Conte', 'Museo Radio']",Torre Lamberti,strategy_nearest,True,0.0028569698333740234,success
046BB03A9C4C80,1,['Arena'],Casa Giulietta,"['Centro Fotografia', 'Sighseeing', 'Torre Lamberti', 'Museo Conte', 'Museo Radio']",Torre Lamberti,strategy_nearest,True,0.0029213428497314453,success
046BB6429C4C80,0,['Casa Giulietta'],Arena,"['Verona Tour', 'Museo Lapidario', 'Museo Radio', 'San Fermo', 'Sighseeing']",Castelvecchio,strategy_nearest,False,0.00350189208984375,success
046BBB429C4C80,3,['Arena'],Torre Lamberti,"['Sighseeing', 'Centro Fotografia', 'Museo Conte', 'Casa Giulietta', 'Palazzo della Ragione']",Santa Anastasia,strategy_nearest,False,0.002368927001953125,success
046BB7429C4C80,2,['Duomo'],Teatro Romano,"['Santa Anastasia', 'AMO', 'Palazzo della Ragione', 'Museo Conte', 'Centro Fotografia']",Casa Giulietta,strategy_nearest,False,0.0031790733337402344,success
046BCC429C4C80,3,['Duomo'],Torre Lamberti,"['Sighseeing', 'Centro Fotografia', 'Museo Conte', 'Casa Giulietta', 'Palazzo della Ragione']",Arena,strategy_nearest,False,0.0018627643585205078,success
046BCA429C4C80,3,"['Teatro Romano', 'Duomo']",Casa Giulietta,"['Centro Fotografia', 'Sighseeing', 'Torre Lamberti', 'Museo Conte', 'Museo Radio']",Torre Lamberti,strategy_nearest,True,0.003923892974853516,success
046BC7429C4C80,0,"['Casa Giulietta', 'Torre Lamberti']",Arena,"['Verona Tour', 'Museo Lapidario', 'Museo Radio', 'San Fermo', 'Sighseeing']",Castelvecchio,strategy_nearest,False,0.0036780834197998047,success
046BD03A9C4C80,1,"['Arena', 'Casa Giulietta']",San Fermo,"['Museo Storia', 'Museo Radio', 'Centro Fotografia', 'Sighseeing', 'Torre Lamberti']",Palazzo della Ragione,strategy_nearest,False,0.002981901168823242,success
046BE13A9C4C80,3,"['Arena', 'Torre Lamberti']",Santa Anastasia,"['AMO', 'Museo Conte', 'Palazzo della Ragione', 'Teatro Romano', 'Centro Fotografia']",Teatro Romano,strategy_nearest,True,0.0020089149475097656,success
046BD53A9C4C80,1,"['Museo Lapidario', 'Arena']",Casa Giulietta,"['Centro Fotografia', 'Sighseeing', 'Torre Lamberti', 'Museo Conte', 'Museo Radio']",Torre Lamberti,strategy_nearest,True,0.0029039382934570312,success
046BF53A9C4C80,6,"['Casa Giulietta', 'Arena']",Tomba Giulietta,"['San Fermo', 'Museo Storia', 'Museo Lapidario', 'Museo Radio', 'Verona Tour']",Torre Lamberti,strategy_nearest,False,0.0033118724822998047,success
046BED429C4C80,1,"['San Zeno', 'Castelvecchio', 'Casa Giulietta']",Torre Lamberti,"['Sighseeing', 'Centro Fotografia', 'Museo Conte', 'Palazzo della Ragione', 'AMO']",Palazzo della Ragione,strategy_nearest,True,0.0035676956176757812,success
046BF63A9C4C80,0,['Casa Giulietta'],Arena,"['Verona Tour', 'Museo Lapidario', 'Museo Radio', 'San Fermo', 'Sighseeing']",Tomba Giulietta,strategy_nearest,False,0.0023391246795654297,success
046C1B3A9C4C84,3,"['Arena', 'Casa Giulietta']",Torre Lamberti,"['Sighseeing', 'Centro Fotografia', 'Museo Conte', 'Palazzo della Ragione', 'AMO']",Santa Anastasia,strategy_nearest,False,0.002643108367919922,success
046C1C429C4C84,2,"['San Fermo', 'Casa Giulietta']",Torre Lamberti,"['Sighseeing', 'Centro Fotografia', 'Museo Conte', 'Palazzo della Ragione', 'AMO']",Palazzo della Ragione,strategy_nearest,True,0.002778768539428711,success
046C1E429C4C84,0,['Castelvecchio'],Torre Lamberti,"['Sighseeing', 'Centro Fotografia', 'Museo Conte', 'Casa Giulietta', 'Palazzo della Ragione']",Tomba Giulietta,strategy_nearest,False,0.0029397010803222656,success
046C023A9C4C84,0,['Castelvecchio'],Arena,"['Verona Tour', 'Museo Lapidario', 'Museo Radio', 'San Fermo', 'Casa Giulietta']",Santa Anastasia,strategy_nearest,False,0.002026081085205078,success
046C22429C4C84,3,"['Arena', 'Castelvecchio']",Santa Anastasia,"['AMO', 'Museo Conte', 'Palazzo della Ragione', 'Teatro Romano', 'Centro Fotografia']",San Zeno,strategy_nearest,False,0.0015439987182617188,success
046C21429C4C80,2,"['Castelvecchio', 'Giardino Giusti']",Teatro Romano,"['Santa Anastasia', 'Duomo', 'AMO', 'Palazzo della Ragione', 'Museo Conte']",Duomo,strategy_nearest,True,0.002869129180908203,success
046C303A9C4C80,1,"['Arena', 'Museo Lapidario']",Castelvecchio,"['Verona Tour', 'Museo Radio', 'San Zeno', 'Sighseeing', 'Museo Miniscalchi']",San Zeno,strategy_nearest,True,0.0027170181274414062,success
046C20429C4C84,1,['Palazzo della Ragione'],Torre Lamberti,"['Sighseeing', 'Centro Fotografia', 'Museo Conte', 'Casa Giulietta', 'AMO']",San Fermo,strategy_nearest,False,0.004757881164550781,success
046C3A3A9C4C80,1,"['Casa Giulietta', 'Torre Lamberti', 'Palazzo della Ragione']",Castelvecchio,"['Museo Lapidario', 'Verona Tour', 'Arena', 'Museo Radio', 'San Zeno']",Arena,strategy_nearest,True,0.0014448165893554688,success
046C49429C4C80,0,"['Arena', 'San Fermo']",Casa Giulietta,"['Centro Fotografia', 'Sighseeing', 'Torre Lamberti', 'Museo Conte', 'Museo Radio']",Torre Lamberti,strategy_nearest,True,0.0026929378509521484,success
046C383A9C4C80,3,"['Torre Lamberti', 'Santa Anastasia']",Arena,"['Verona Tour', 'Museo Lapidario', 'Museo Radio', 'San Fermo', 'Casa Giulietta']",San Fermo,strategy_nearest,True,0.002231121063232422,success
046C37429C4C80,2,['Casa Giulietta'],Torre Lamberti,"['Sighseeing', 'Centro Fotografia', 'Museo Conte', 'Palazzo della Ragione', 'AMO']",Tomba Giulietta,strategy_nearest,False,0.0041048526763916016,success
046C4C429C4C80,0,['Castelvecchio'],Arena,"['Verona Tour', 'Museo Lapidario', 'Museo Radio', 'San Fermo', 'Casa Giulietta']",Casa Giulietta,strategy_nearest,True,0.002847909927368164,success
046C69429C4C80,0,['Arena'],Torre Lamberti,"['Sighseeing', 'Centro Fotografia', 'Museo Conte', 'Casa Giulietta', 'Palazzo della Ragione']",Casa Giulietta,strategy_nearest,True,0.002191781997680664,success
046C723A9C4C80,3,['Arena'],Torre Lamberti,"['Sighseeing', 'Centro Fotografia', 'Museo Conte', 'Casa Giulietta', 'Palazzo della Ragione']",Santa Anastasia,strategy_nearest,False,0.002743959426879883,success
046C74429C4C80,3,"['Arena', 'San Fermo', 'Torre Lamberti']",Duomo,"['AMO', 'Museo Miniscalchi', 'Santa Anastasia', 'Teatro Romano', 'Palazzo della Ragione']",Santa Anastasia,strategy_nearest,True,0.0032720565795898438,success
046C83429C4C80,2,['Duomo'],Santa Anastasia,"['AMO', 'Museo Conte', 'Palazzo della Ragione', 'Teatro Romano', 'Centro Fotografia']",Casa Giulietta,strategy_nearest,False,0.0025339126586914062,success
046C7D3A9C4C80,3,"['Castelvecchio', 'Arena']",Torre Lamberti,"['Sighseeing', 'Centro Fotografia', 'Museo Conte', 'Casa Giulietta', 'Palazzo della Ragione']",Santa Anastasia,strategy_nearest,False,0.002016782760620117,success
046C7C429C4C80,3,['Arena'],Casa Giulietta,"['Centro Fotografia', 'Sighseeing', 'Torre Lamberti', 'Museo Conte', 'Museo Radio']",Torre Lamberti,strategy_nearest,True,0.0014491081237792969,success
046C834A9C4C80,0,['Arena'],Casa Giulietta,"['Centro Fotografia', 'Sighseeing', 'Torre Lamberti', 'Museo Conte', 'Museo Radio']",Torre Lamberti,strategy_nearest,True,0.0033898353576660156,success
046C84429C4C80,2,['Casa Giulietta'],Torre Lamberti,"['Sighseeing', 'Centro Fotografia', 'Museo Conte', 'Palazzo della Ragione', 'AMO']",Santa Anastasia,strategy_nearest,False,0.0017058849334716797,success
046C863A9C4C80,3,"['Arena', 'Teatro Romano']",Santa Anastasia,"['AMO', 'Museo Conte', 'Palazzo della Ragione', 'Centro Fotografia', 'Duomo']",Torre Lamberti,strategy_nearest,False,0.0027723312377929688,success
046C8B3A9C4C80,1,"['San Zeno', 'Casa Giulietta']",Torre Lamberti,"['Sighseeing', 'Centro Fotografia', 'Museo Conte', 'Palazzo della Ragione', 'AMO']",Palazzo della Ragione,strategy_nearest,True,0.0032439231872558594,success
046C864A9C4C80,0,['Arena'],Casa Giulietta,"['Centro Fotografia', 'Sighseeing', 'Torre Lamberti', 'Museo Conte', 'Museo Radio']",Teatro Romano,strategy_nearest,False,0.0026030540466308594,success
046C8C3A9C4C80,3,"['Castelvecchio', 'Arena']",Torre Lamberti,"['Sighseeing', 'Centro Fotografia', 'Museo Conte', 'Casa Giulietta', 'Palazzo della Ragione']",Santa Anastasia,strategy_nearest,False,0.0031299591064453125,success
046C93429C4C80,0,"['Arena', 'Tomba Giulietta']",Castelvecchio,"['Museo Lapidario', 'Verona Tour', 'Museo Radio', 'San Zeno', 'Sighseeing']",Torre Lamberti,strategy_nearest,False,0.001870870590209961,success
046C934A9C4C80,3,"['Arena', 'Torre Lamberti']",Casa Giulietta,"['Centro Fotografia', 'Sighseeing', 'Museo Conte', 'Museo Radio', 'Palazzo della Ragione']",Santa Anastasia,strategy_nearest,False,0.002725839614868164,success
046C8F3A9C4C80,3,"['Arena', 'Casa Giulietta', 'Santa Anastasia']",Duomo,"['AMO', 'Museo Miniscalchi', 'Teatro Romano', 'Palazzo della Ragione', 'Museo Conte']",Teatro Romano,strategy_nearest,True,0.0033431053161621094,success
046C954A9C4C80,0,['Arena'],Castelvecchio,"['Museo Lapidario', 'Verona Tour', 'Museo Radio', 'San Zeno', 'Sighseeing']",San Zeno,strategy_nearest,True,0.003309965133666992,success
046CA14A9C4C80,1,['Arena'],Torre Lamberti,"['Sighseeing', 'Centro Fotografia', 'Museo Conte', 'Casa Giulietta', 'Palazzo della Ragione']",Palazzo della Ragione,strategy_nearest,True,0.0019872188568115234,success
046C9A429C4C80,0,['Arena'],Casa Giulietta,"['Centro Fotografia', 'Sighseeing', 'Torre Lamberti', 'Museo Conte', 'Museo Radio']",Torre Lamberti,strategy_nearest,True,0.0015459060668945312,success
046C96429C4C80,0,['Arena'],Casa Giulietta,"['Centro Fotografia', 'Sighseeing', 'Torre Lamberti', 'Museo Conte', 'Museo Radio']",Torre Lamberti,strategy_nearest,True,0.004637002944946289,success
046C98429C4C80,1,['Castelvecchio'],Arena,"['Verona Tour', 'Museo Lapidario', 'Museo Radio', 'San Fermo', 'Casa Giulietta']",Torre Lamberti,strategy_nearest,False,0.0027561187744140625,success
046CAF429C4C80,2,['Casa Giulietta'],Torre Lamberti,"['Sighseeing', 'Centro Fotografia', 'Museo Conte', 'Palazzo della Ragione', 'AMO']",Torre Lamberti,strategy_nearest,False,0.001950979232788086,success
046CA34A9C4C80,0,"['Arena', 'Museo Lapidario', 'Castelvecchio']",Casa Giulietta,"['Centro Fotografia', 'Sighseeing', 'Torre Lamberti', 'Museo Conte', 'Museo Radio']",Torre Lamberti,strategy_nearest,True,0.002746105194091797,success
046CAC3A9C4C80,1,['Arena'],Torre Lamberti,"['Sighseeing', 'Centro Fotografia', 'Museo Conte', 'Casa Giulietta', 'Palazzo della Ragione']",Palazzo della Ragione,strategy_nearest,True,0.0014903545379638672,success
046CA83A9C4C80,0,['Arena'],Torre Lamberti,"['Sighseeing', 'Centro Fotografia', 'Museo Conte', 'Casa Giulietta', 'Palazzo della Ragione']",Casa Giulietta,strategy_nearest,True,0.0033228397369384766,success
046CBA3A9C4C80,3,"['Arena', 'San Zeno']",Duomo,"['AMO', 'Museo Miniscalchi', 'Santa Anastasia', 'Teatro Romano', 'Palazzo della Ragione']",Santa Anastasia,strategy_nearest,True,0.0020270347595214844,success
046CB53A9C4C80,3,"['Arena', 'Castelvecchio']",Casa Giulietta,"['Centro Fotografia', 'Sighseeing', 'Torre Lamberti', 'Museo Conte', 'Museo Radio']",Santa Anastasia,strategy_nearest,False,0.0010938644409179688,success
046CBB3A9C4C80,1,"['Arena', 'Castelvecchio']",Torre Lamberti,"['Sighseeing', 'Centro Fotografia', 'Museo Conte', 'Casa Giulietta', 'Palazzo della Ragione']",Palazzo della Ragione,strategy_nearest,True,0.002735137939453125,success
046CBD429C4C80,0,['Arena'],Casa Giulietta,"['Centro Fotografia', 'Sighseeing', 'Torre Lamberti', 'Museo Conte', 'Museo Radio']",Torre Lamberti,strategy_nearest,True,0.0032150745391845703,success
046CC03A9C4C80,3,"['Arena', 'Casa Giulietta', 'San Fermo']",Santa Anastasia,"['AMO', 'Museo Conte', 'Palazzo della Ragione', 'Teatro Romano', 'Centro Fotografia']",Teatro Romano,strategy_nearest,True,0.0017588138580322266,success
046CCF3A9C4C80,0,['Arena'],Casa Giulietta,"['Centro Fotografia', 'Sighseeing', 'Torre Lamberti', 'Museo Conte', 'Museo Radio']",Tomba Giulietta,strategy_nearest,False,0.0024950504302978516,success
046CD23A9C4C80,3,['Arena'],Torre Lamberti,"['Sighseeing', 'Centro Fotografia', 'Museo Conte', 'Casa Giulietta', 'Palazzo della Ragione']",Santa Anastasia,strategy_nearest,False,0.0032558441162109375,success
046CD73A9C4C80,3,"['Arena', 'Santa Anastasia']",Duomo,"['AMO', 'Museo Miniscalchi', 'Teatro Romano', 'Palazzo della Ragione', 'Museo Conte']",Casa Giulietta,strategy_nearest,False,0.002443075180053711,success
046CFF3A9C4C80,1,"['Arena', 'Casa Giulietta', 'Palazzo della Ragione']",Torre Lamberti,"['Sighseeing', 'Centro Fotografia', 'Museo Conte', 'AMO', 'Museo Miniscalchi']",Santa Anastasia,strategy_nearest,False,0.002711772918701172,success
046D023A9C4C84,0,"['Arena', 'Casa Giulietta']",Duomo,"['AMO', 'Museo Miniscalchi', 'Santa Anastasia', 'Teatro Romano', 'Palazzo della Ragione']",Teatro Romano,strategy_nearest,True,0.0025179386138916016,success
046D0F4A9C4C80,1,"['Arena', 'San Fermo', 'Santa Anastasia', 'Duomo', 'Teatro Romano']",Torre Lamberti,"['Sighseeing', 'Centro Fotografia', 'Museo Conte', 'Casa Giulietta', 'Palazzo della Ragione']",Casa Giulietta,strategy_nearest,True,0.0030639171600341797,success
046D0E429C4C84,0,"['Arena', 'Casa Giulietta']",Giardino Giusti,"['Santa Anastasia', 'Teatro Romano', 'Museo Conte', 'Centro Fotografia', 'Museo Storia']",Tomba Giulietta,strategy_nearest,False,0.003256082534790039,success
046D104A9C4C80,2,['Castelvecchio'],Palazzo della Ragione,"['AMO', 'Museo Conte', 'Torre Lamberti', 'Centro Fotografia', 'Sighseeing']",Santa Anastasia,strategy_nearest,False,0.003013134002685547,success
046D134A9C4C80,3,"['Arena', 'San Zeno']",Casa Giulietta,"['Centro Fotografia', 'Sighseeing', 'Torre Lamberti', 'Museo Conte', 'Museo Radio']",Torre Lamberti,strategy_nearest,True,0.0027399063110351562,success
046D15429C4C84,0,['Arena'],Casa Giulietta,"['Centro Fotografia', 'Sighseeing', 'Torre Lamberti', 'Museo Conte', 'Museo Radio']",Torre Lamberti,strategy_nearest,True,0.0030431747436523438,success
046D18429C4C80,0,['Arena'],Casa Giulietta,"['Centro Fotografia', 'Sighseeing', 'Torre Lamberti', 'Museo Conte', 'Museo Radio']",Santa Anastasia,strategy_nearest,False,0.004158973693847656,success
046D1A3A9C4C80,2,['Castelvecchio'],Casa Giulietta,"['Centro Fotografia', 'Sighseeing', 'Torre Lamberti', 'Museo Conte', 'Museo Radio']",San Zeno,strategy_nearest,False,0.0023589134216308594,success
046D20429C4C84,1,"['Arena', 'Casa Giulietta']",Palazzo della Ragione,"['AMO', 'Museo Conte', 'Torre Lamberti', 'Centro Fotografia', 'Sighseeing']",Torre Lamberti,strategy_nearest,True,0.0025336742401123047,success
046D2A4A9C4C80,1,"['Castelvecchio', 'Casa Giulietta', 'Torre Lamberti', 'Palazzo della Ragione']",Arena,"['Verona Tour', 'Museo Lapidario', 'Museo Radio', 'San Fermo', 'Sighseeing']",Museo Lapidario,strategy_nearest,True,0.0033037662506103516,success
046D33429C4C80,0,['Arena'],Casa Giulietta,"['Centro Fotografia', 'Sighseeing', 'Torre Lamberti', 'Museo Conte', 'Museo Radio']",Torre Lamberti,strategy_nearest,True,0.0034949779510498047,success
046D2C3A9C4C80,3,"['Arena', 'Casa Giulietta']",Torre Lamberti,"['Sighseeing', 'Centro Fotografia', 'Museo Conte', 'Palazzo della Ragione', 'AMO']",Santa Anastasia,strategy_nearest,False,0.002763032913208008,success
046D34429C4C80,0,"['Arena', 'Museo Lapidario']",Castelvecchio,"['Verona Tour', 'Museo Radio', 'San Zeno', 'Sighseeing', 'Museo Miniscalchi']",Casa Giulietta,strategy_nearest,False,0.002708911895751953,success
046D35429C4C80,1,"['Arena', 'Torre Lamberti']",Torre Lamberti,"['Sighseeing', 'Centro Fotografia', 'Museo Conte', 'Casa Giulietta', 'Palazzo della Ragione']",Palazzo della Ragione,strategy_nearest,True,0.0027930736541748047,success
046D383A9C4C80,0,"['Casa Giulietta', 'Torre Lamberti']",Castelvecchio,"['Museo Lapidario', 'Verona Tour', 'Arena', 'Museo Radio', 'San Zeno']",Arena,strategy_nearest,True,0.0027239322662353516,success
046D473A9C4C80,2,"['San Fermo', 'Teatro Romano']",Museo Lapidario,"['Verona Tour', 'Arena', 'Castelvecchio', 'Museo Radio', 'Casa Giulietta']",Castelvecchio,strategy_nearest,True,0.0024518966674804688,success
046D48429C4C80,3,"['Arena', 'San Fermo', 'Casa Giulietta']",Santa Anastasia,"['AMO', 'Museo Conte', 'Palazzo della Ragione', 'Teatro Romano', 'Centro Fotografia']",Teatro Romano,strategy_nearest,True,0.002598285675048828,success
046D5A429C4C80,1,"['Arena', 'Casa Giulietta']",Torre Lamberti,"['Sighseeing', 'Centro Fotografia', 'Museo Conte', 'Palazzo della Ragione', 'AMO']",Palazzo della Ragione,strategy_nearest,True,0.002660036087036133,success
046D4D429C4C80,0,"['Arena', 'San Fermo']",Casa Giulietta,"['Centro Fotografia', 'Sighseeing', 'Torre Lamberti', 'Museo Conte', 'Museo Radio']",Torre Lamberti,strategy_nearest,True,0.0036339759826660156,success
046D723A9C4C80,1,"['Arena', 'Palazzo della Ragione']",Torre Lamberti,"['Sighseeing', 'Centro Fotografia', 'Museo Conte', 'Casa Giulietta', 'AMO']",Casa Giulietta,strategy_nearest,True,0.0025818347930908203,success
046D80429C4C80,0,['Arena'],Casa Giulietta,"['Centro Fotografia', 'Sighseeing', 'Torre Lamberti', 'Museo Conte', 'Museo Radio']",Torre Lamberti,strategy_nearest,True,0.0032188892364501953,success
046D834A9C4C80,0,['Arena'],Torre Lamberti,"['Sighseeing', 'Centro Fotografia', 'Museo Conte', 'Casa Giulietta', 'Palazzo della Ragione']",Duomo,strategy_nearest,False,0.0024771690368652344,success
046D854A9C4C80,2,['Castelvecchio'],Casa Giulietta,"['Centro Fotografia', 'Sighseeing', 'Torre Lamberti', 'Museo Conte', 'Museo Radio']",Santa Anastasia,strategy_nearest,False,0.002483844757080078,success
046D85429C4C80,2,['Casa Giulietta'],Torre Lamberti,"['Sighseeing', 'Centro Fotografia', 'Museo Conte', 'Palazzo della Ragione', 'AMO']",Santa Anastasia,strategy_nearest,False,0.0019488334655761719,success
046D84429C4C80,2,"['Casa Giulietta', 'Tomba Giulietta']",Castelvecchio,"['Museo Lapidario', 'Verona Tour', 'Arena', 'Museo Radio', 'San Zeno']",San Zeno,strategy_nearest,True,0.004066944122314453,success
046D8B4A9C4C80,0,['Arena'],Casa Giulietta,"['Centro Fotografia', 'Sighseeing', 'Torre Lamberti', 'Museo Conte', 'Museo Radio']",Tomba Giulietta,strategy_nearest,False,0.0010340213775634766,success
046D8E429C4C80,0,['Arena'],Casa Giulietta,"['Centro Fotografia', 'Sighseeing', 'Torre Lamberti', 'Museo Conte', 'Museo Radio']",Torre Lamberti,strategy_nearest,True,0.0023241043090820312,success
046D8F4A9C4C80,2,['Torre Lamberti'],Santa Anastasia,"['AMO', 'Museo Conte', 'Palazzo della Ragione', 'Teatro Romano', 'Centro Fotografia']",Casa Giulietta,strategy_nearest,False,0.0036020278930664062,success
046D90429C4C80,0,['Castelvecchio'],Arena,"['Verona Tour', 'Museo Lapidario', 'Museo Radio', 'San Fermo', 'Casa Giulietta']",San Fermo,strategy_nearest,True,0.002838134765625,success
046D97429C4C80,0,"['Arena', 'Giardino Giusti']",Teatro Romano,"['Santa Anastasia', 'Duomo', 'AMO', 'Palazzo della Ragione', 'Museo Conte']",Torre Lamberti,strategy_nearest,False,0.0017771720886230469,success
046D9F429C4C80,2,['Casa Giulietta'],Teatro Romano,"['Santa Anastasia', 'Duomo', 'AMO', 'Palazzo della Ragione', 'Museo Conte']",Duomo,strategy_nearest,True,0.002821207046508789,success
046DA4429C4C80,3,"['Arena', 'Santa Anastasia']",Duomo,"['AMO', 'Museo Miniscalchi', 'Teatro Romano', 'Palazzo della Ragione', 'Museo Conte']",Teatro Romano,strategy_nearest,True,0.0021288394927978516,success
046DA3429C4C80,1,"['Arena', 'Castelvecchio', 'San Zeno']",Casa Giulietta,"['Centro Fotografia', 'Sighseeing', 'Torre Lamberti', 'Museo Conte', 'Museo Radio']",Torre Lamberti,strategy_nearest,True,0.003574848175048828,success
046DAA429C4C80,2,"['San Fermo', 'Torre Lamberti']",Santa Anastasia,"['AMO', 'Museo Conte', 'Palazzo della Ragione', 'Teatro Romano', 'Centro Fotografia']",Duomo,strategy_nearest,False,0.0019540786743164062,success
046DAB429C4C80,1,"['Teatro Romano', 'Giardino Giusti', 'Torre Lamberti']",Palazzo della Ragione,"['AMO', 'Museo Conte', 'Centro Fotografia', 'Sighseeing', 'Santa Anastasia']",Arena,strategy_nearest,False,0.003286123275756836,success
046DA64A9C4C80,3,"['Arena', 'Casa Giulietta']",Torre Lamberti,"['Sighseeing', 'Centro Fotografia', 'Museo Conte', 'Palazzo della Ragione', 'AMO']",Santa Anastasia,strategy_nearest,False,0.002734661102294922,success
046DA94A9C4C80,0,['Arena'],Casa Giulietta,"['Centro Fotografia', 'Sighseeing', 'Torre Lamberti', 'Museo Conte', 'Museo Radio']",Duomo,strategy_nearest,False,0.0033850669860839844,success
046DBC429C4C80,0,"['Castelvecchio', 'Arena']",Casa Giulietta,"['Centro Fotografia', 'Sighseeing', 'Torre Lamberti', 'Museo Conte', 'Museo Radio']",Torre Lamberti,strategy_nearest,True,0.002110004425048828,success
046DAF429C4C80,0,"['Castelvecchio', 'Torre Lamberti']",Casa Giulietta,"['Centro Fotografia', 'Sighseeing', 'Museo Conte', 'Museo Radio', 'Palazzo della Ragione']",Arena,strategy_nearest,False,0.0015752315521240234,success
046DB73A9C4C80,3,"['Arena', 'Casa Giulietta']",Torre Lamberti,"['Sighseeing', 'Centro Fotografia', 'Museo Conte', 'Palazzo della Ragione', 'AMO']",Santa Anastasia,strategy_nearest,False,0.003412961959838867,success
046DBD3A9C4C80,3,"['Arena', 'Casa Giulietta', 'Castelvecchio']",Torre Lamberti,"['Sighseeing', 'Centro Fotografia', 'Museo Conte', 'Palazzo della Ragione', 'AMO']",Santa Anastasia,strategy_nearest,False,0.002655029296875,success
046DBE429C4C80,0,['Arena'],Torre Lamberti,"['Sighseeing', 'Centro Fotografia', 'Museo Conte', 'Casa Giulietta', 'Palazzo della Ragione']",Casa Giulietta,strategy_nearest,True,0.0032377243041992188,success
046DC83A9C4C80,1,"['Arena', 'Castelvecchio']",Casa Giulietta,"['Centro Fotografia', 'Sighseeing', 'Torre Lamberti', 'Museo Conte', 'Museo Radio']",Casa Giulietta,strategy_nearest,False,0.0025789737701416016,success
046DCA3A9C4C80,3,"['Arena', 'Torre Lamberti']",Casa Giulietta,"['Centro Fotografia', 'Sighseeing', 'Museo Conte', 'Museo Radio', 'Palazzo della Ragione']",Santa Anastasia,strategy_nearest,False,0.001390218734741211,success
046DCC429C4C80,0,"['Casa Giulietta', 'Giardino Giusti']",Arena,"['Verona Tour', 'Museo Lapidario', 'Museo Radio', 'San Fermo', 'Sighseeing']",Castelvecchio,strategy_nearest,False,0.0030426979064941406,success
046DD13A9C4C80,1,"['Arena', 'Torre Lamberti', 'Palazzo della Ragione', 'Museo Lapidario']",Castelvecchio,"['Verona Tour', 'Museo Radio', 'San Zeno', 'Sighseeing', 'Museo Miniscalchi']",San Fermo,strategy_nearest,False,0.002299785614013672,success
046DEB3A9C4C80,3,"['Arena', 'Casa Giulietta']",San Fermo,"['Museo Storia', 'Museo Radio', 'Centro Fotografia', 'Sighseeing', 'Torre Lamberti']",Santa Anastasia,strategy_nearest,False,0.002608060836791992,success
046DEE3A9C4C80,2,"['Castelvecchio', 'San Fermo', 'Casa Giulietta']",Torre Lamberti,"['Sighseeing', 'Centro Fotografia', 'Museo Conte', 'Palazzo della Ragione', 'AMO']",Santa Anastasia,strategy_nearest,False,0.0023899078369140625,success
046DF33A9C4C80,0,['Arena'],Duomo,"['AMO', 'Museo Miniscalchi', 'Santa Anastasia', 'Teatro Romano', 'Palazzo della Ragione']",Castelvecchio,strategy_nearest,False,0.0036847591400146484,success
046DFE3A9C4C80,0,"['Casa Giulietta', 'Arena']",Castelvecchio,"['Museo Lapidario', 'Verona Tour', 'Museo Radio', 'San Zeno', 'Sighseeing']",San Fermo,strategy_nearest,False,0.0033981800079345703,success
046E06429C4C84,1,['Casa Giulietta'],Arena,"['Verona Tour', 'Museo Lapidario', 'Museo Radio', 'San Fermo', 'Sighseeing']",Castelvecchio,strategy_nearest,False,0.001341104507446289,success
046E08429C4C84,0,['Arena'],Torre Lamberti,"['Sighseeing', 'Centro Fotografia', 'Museo Conte', 'Casa Giulietta', 'Palazzo della Ragione']",Teatro Romano,strategy_nearest,False,0.003245115280151367,success
046E10429C4C84,0,['Arena'],Castelvecchio,"['Museo Lapidario', 'Verona Tour', 'Museo Radio', 'San Zeno', 'Sighseeing']",Santa Anastasia,strategy_nearest,False,0.0019419193267822266,success
046E0C429C4C84,0,['Arena'],Castelvecchio,"['Museo Lapidario', 'Verona Tour', 'Museo Radio', 'San Zeno', 'Sighseeing']",San Fermo,strategy_nearest,False,0.0031890869140625,success
046E144A9C4C80,3,"['Arena', 'Casa Giulietta', 'San Fermo']",Duomo,"['AMO', 'Museo Miniscalchi', 'Santa Anastasia', 'Teatro Romano', 'Palazzo della Ragione']",Santa Anastasia,strategy_nearest,True,0.0029151439666748047,success
046E1A429C4C80,3,"['Castelvecchio', 'Arena']",Santa Anastasia,"['AMO', 'Museo Conte', 'Palazzo della Ragione', 'Teatro Romano', 'Centro Fotografia']",Teatro Romano,strategy_nearest,True,0.0019240379333496094,success
046E16429C4C80,3,"['Arena', 'Casa Giulietta', 'Tomba Giulietta']",Castelvecchio,"['Museo Lapidario', 'Verona Tour', 'Museo Radio', 'San Zeno', 'Sighseeing']",Museo Lapidario,strategy_nearest,True,0.00407719612121582,success
046E18429C4C84,3,"['Arena', 'Tomba Giulietta', 'San Fermo']",Castelvecchio,"['Museo Lapidario', 'Verona Tour', 'Museo Radio', 'San Zeno', 'Sighseeing']",Santa Anastasia,strategy_nearest,False,0.003283977508544922,success
046E1D3A9C4C84,3,"['Arena', 'San Fermo']",Santa Anastasia,"['AMO', 'Museo Conte', 'Palazzo della Ragione', 'Teatro Romano', 'Centro Fotografia']",Teatro Romano,strategy_nearest,True,0.0037817955017089844,success
046E22429C4C84,0,['Arena'],Casa Giulietta,"['Centro Fotografia', 'Sighseeing', 'Torre Lamberti', 'Museo Conte', 'Museo Radio']",Torre Lamberti,strategy_nearest,True,0.0023927688598632812,success
046E1F429C4C84,3,"['San Zeno', 'Castelvecchio', 'Arena', 'Casa Giulietta']",Torre Lamberti,"['Sighseeing', 'Centro Fotografia', 'Museo Conte', 'Palazzo della Ragione', 'AMO']",Santa Anastasia,strategy_nearest,False,0.0019299983978271484,success
046E223A9C4C80,3,"['Arena', 'Casa Giulietta']",Casa Giulietta,"['Centro Fotografia', 'Sighseeing', 'Torre Lamberti', 'Museo Conte', 'Museo Radio']",Torre Lamberti,strategy_nearest,True,0.0033740997314453125,success
046E24429C4C84,0,"['Torre Lamberti', 'San Fermo']",Casa Giulietta,"['Centro Fotografia', 'Sighseeing', 'Museo Conte', 'Museo Radio', 'Palazzo della Ragione']",Tomba Giulietta,strategy_nearest,False,0.0018329620361328125,success
046E25429C4C80,3,"['Arena', 'San Fermo', 'Castelvecchio']",Santa Anastasia,"['AMO', 'Museo Conte', 'Palazzo della Ragione', 'Teatro Romano', 'Centro Fotografia']",Teatro Romano,strategy_nearest,True,0.002530813217163086,success
046E25429C4C84,1,"['Casa Giulietta', 'Palazzo della Ragione']",Santa Anastasia,"['AMO', 'Museo Conte', 'Teatro Romano', 'Centro Fotografia', 'Duomo']",Castelvecchio,strategy_nearest,False,0.0032351016998291016,success
046E26429C4C84,1,['Arena'],Palazzo della Ragione,"['AMO', 'Museo Conte', 'Torre Lamberti', 'Centro Fotografia', 'Sighseeing']",Torre Lamberti,strategy_nearest,True,0.003863096237182617,success
046E283A9C4C80,3,"['Arena', 'Casa Giulietta']",Torre Lamberti,"['Sighseeing', 'Centro Fotografia', 'Museo Conte', 'Palazzo della Ragione', 'AMO']",Santa Anastasia,strategy_nearest,False,0.0018079280853271484,success
046E29429C4C84,3,"['Arena', 'Casa Giulietta']",Duomo,"['AMO', 'Museo Miniscalchi', 'Santa Anastasia', 'Teatro Romano', 'Palazzo della Ragione']",Santa Anastasia,strategy_nearest,True,0.0032308101654052734,success
046E32429C4C80,1,"['Teatro Romano', 'Duomo', 'Santa Anastasia']",Palazzo della Ragione,"['AMO', 'Museo Conte', 'Torre Lamberti', 'Centro Fotografia', 'Sighseeing']",Torre Lamberti,strategy_nearest,True,0.002477884292602539,success
046E2F3A9C4C80,2,['Castelvecchio'],San Zeno,"['Verona Tour', 'Museo Lapidario', 'Arena', 'Museo Miniscalchi', 'Sighseeing']",Teatro Romano,strategy_nearest,False,0.0019021034240722656,success
046E304A9C4C80,2,"['Casa Giulietta', 'Torre Lamberti']",Teatro Romano,"['Santa Anastasia', 'Duomo', 'AMO', 'Palazzo della Ragione', 'Museo Conte']",Giardino Giusti,strategy_nearest,False,0.002624988555908203,success
046E343A9C4C80,1,"['Museo Lapidario', 'Arena', 'Santa Anastasia']",Duomo,"['AMO', 'Museo Miniscalchi', 'Teatro Romano', 'Palazzo della Ragione', 'Museo Conte']",Casa Giulietta,strategy_nearest,False,0.0031349658966064453,success
046E4B3A9C4C80,3,"['Arena', 'Torre Lamberti']",Santa Anastasia,"['AMO', 'Museo Conte', 'Palazzo della Ragione', 'Teatro Romano', 'Centro Fotografia']",Duomo,strategy_nearest,False,0.0026438236236572266,success
046E3D3A9C4C80,2,"['Palazzo della Ragione', 'Duomo']",Castelvecchio,"['Museo Lapidario', 'Verona Tour', 'Arena', 'Museo Radio', 'San Zeno']",Giardino Giusti,strategy_nearest,False,0.004038095474243164,success
046E3D4A9C4C80,2,['Casa Giulietta'],Castelvecchio,"['Museo Lapidario', 'Verona Tour', 'Arena', 'Museo Radio', 'San Zeno']",Teatro Romano,strategy_nearest,False,0.0020596981048583984,success
046E3B3A9C4C80,3,"['Arena', 'San Fermo', 'Torre Lamberti']",Santa Anastasia,"['AMO', 'Museo Conte', 'Palazzo della Ragione', 'Teatro Romano', 'Centro Fotografia']",Duomo,strategy_nearest,False,0.0022101402282714844,success
046E5F429C4C80,0,['Arena'],Duomo,"['AMO', 'Museo Miniscalchi', 'Santa Anastasia', 'Teatro Romano', 'Palazzo della Ragione']",Casa Giulietta,strategy_nearest,False,0.0014908313751220703,success
046E753A9C4C80,2,['Casa Giulietta'],Torre Lamberti,"['Sighseeing', 'Centro Fotografia', 'Museo Conte', 'Palazzo della Ragione', 'AMO']",Teatro Romano,strategy_nearest,False,0.003178834915161133,success
046E5D429C4C80,3,"['Castelvecchio', 'Duomo', 'Teatro Romano']",Arena,"['Verona Tour', 'Museo Lapidario', 'Museo Radio', 'San Fermo', 'Casa Giulietta']",Torre Lamberti,strategy_nearest,False,0.0028448104858398438,success
046E73429C4C80,1,['Arena'],Palazzo della Ragione,"['AMO', 'Museo Conte', 'Torre Lamberti', 'Centro Fotografia', 'Sighseeing']",Santa Anastasia,strategy_nearest,False,0.002685070037841797,success
046E864A9C4C80,2,"['Castelvecchio', 'Torre Lamberti']",Casa Giulietta,"['Centro Fotografia', 'Sighseeing', 'Museo Conte', 'Museo Radio', 'Palazzo della Ragione']",San Fermo,strategy_nearest,False,0.001983165740966797,success
046E794A9C4C80,0,['Arena'],Castelvecchio,"['Museo Lapidario', 'Verona Tour', 'Museo Radio', 'San Zeno', 'Sighseeing']",Casa Giulietta,strategy_nearest,False,0.0015330314636230469,success
046E78429C4C80,1,['Arena'],Casa Giulietta,"['Centro Fotografia', 'Sighseeing', 'Torre Lamberti', 'Museo Conte', 'Museo Radio']",Palazzo della Ragione,strategy_nearest,False,0.0028409957885742188,success
046E8C4A9C4C80,0,['Arena'],Castelvecchio,"['Museo Lapidario', 'Verona Tour', 'Museo Radio', 'San Zeno', 'Sighseeing']",Casa Giulietta,strategy_nearest,False,0.0022428035736083984,success
046E79429C4C80,3,"['Arena', 'Museo Lapidario', 'Castelvecchio']",Torre Lamberti,"['Sighseeing', 'Centro Fotografia', 'Museo Conte', 'Casa Giulietta', 'Palazzo della Ragione']",Casa Giulietta,strategy_nearest,True,0.003653287887573242,success
046E99429C4C80,1,"['Arena', 'San Fermo', 'Torre Lamberti', 'Palazzo della Ragione']",Santa Anastasia,"['AMO', 'Museo Conte', 'Teatro Romano', 'Centro Fotografia', 'Duomo']",Teatro Romano,strategy_nearest,True,0.003195047378540039,success
046E95429C4C80,0,['Arena'],Teatro Romano,"['Santa Anastasia', 'Duomo', 'AMO', 'Palazzo della Ragione', 'Museo Conte']",Casa Giulietta,strategy_nearest,False,0.0025441646575927734,success
046EAE429C4C80,0,['Arena'],Casa Giulietta,"['Centro Fotografia', 'Sighseeing', 'Torre Lamberti', 'Museo Conte', 'Museo Radio']",San Zeno,strategy_nearest,False,0.0017828941345214844,success
046E9C429C4C80,0,['Arena'],Duomo,"['AMO', 'Museo Miniscalchi', 'Santa Anastasia', 'Teatro Romano', 'Palazzo della Ragione']",Teatro Romano,strategy_nearest,True,0.0032548904418945312,success
046EC23A9C4C80,0,['Arena'],Torre Lamberti,"['Sighseeing', 'Centro Fotografia', 'Museo Conte', 'Casa Giulietta', 'Palazzo della Ragione']",Castelvecchio,strategy_nearest,False,0.002438783645629883,success
046EB93A9C4C80,3,"['Arena', 'San Fermo']",Casa Giulietta,"['Centro Fotografia', 'Sighseeing', 'Torre Lamberti', 'Museo Conte', 'Museo Radio']",Torre Lamberti,strategy_nearest,True,0.0033626556396484375,success
046EEA3A9C4C80,0,"['Castelvecchio', 'Arena']",Torre Lamberti,"['Sighseeing', 'Centro Fotografia', 'Museo Conte', 'Casa Giulietta', 'Palazzo della Ragione']",Casa Giulietta,strategy_nearest,True,0.001992940902709961,success
046EDC429C4C80,1,"['Casa Giulietta', 'Arena', 'Museo Lapidario']",Castelvecchio,"['Verona Tour', 'Museo Radio', 'San Zeno', 'Sighseeing', 'Museo Miniscalchi']",Torre Lamberti,strategy_nearest,False,0.0022079944610595703,success
046EE03A9C4C80,2,"['Castelvecchio', 'Museo Lapidario', 'Torre Lamberti']",Palazzo della Ragione,"['AMO', 'Museo Conte', 'Centro Fotografia', 'Sighseeing', 'Santa Anastasia']",Casa Giulietta,strategy_nearest,False,0.003968000411987305,success
046EC8429C4C80,3,"['Casa Giulietta', 'Torre Lamberti', 'Teatro Romano']",Duomo,"['AMO', 'Museo Miniscalchi', 'Santa Anastasia', 'Palazzo della Ragione', 'Museo Conte']",Santa Anastasia,strategy_nearest,True,0.0040130615234375,success
046F14429C4C84,2,['Santa Anastasia'],Castelvecchio,"['Museo Lapidario', 'Verona Tour', 'Arena', 'Museo Radio', 'San Zeno']",Casa Giulietta,strategy_nearest,False,0.002034902572631836,success
046F144A9C4C80,0,['Arena'],Casa Giulietta,"['Centro Fotografia', 'Sighseeing', 'Torre Lamberti', 'Museo Conte', 'Museo Radio']",Castelvecchio,strategy_nearest,False,0.0014121532440185547,success
046F16429C4C80,0,['Castelvecchio'],Casa Giulietta,"['Centro Fotografia', 'Sighseeing', 'Torre Lamberti', 'Museo Conte', 'Museo Radio']",Arena,strategy_nearest,False,0.0026869773864746094,success
046F17429C4C84,2,"['Torre Lamberti', 'Palazzo della Ragione']",Santa Anastasia,"['AMO', 'Museo Conte', 'Teatro Romano', 'Centro Fotografia', 'Duomo']",Duomo,strategy_nearest,True,0.0033867359161376953,success
046F18429C4C84,3,"['Castelvecchio', 'Arena']",Casa Giulietta,"['Centro Fotografia', 'Sighseeing', 'Torre Lamberti', 'Museo Conte', 'Museo Radio']",Torre Lamberti,strategy_nearest,True,0.0025739669799804688,success
046F1A429C4C84,1,"['Arena', 'Casa Giulietta']",Torre Lamberti,"['Sighseeing', 'Centro Fotografia', 'Museo Conte', 'Palazzo della Ragione', 'AMO']",Palazzo della Ragione,strategy_nearest,True,0.0025420188903808594,success
046F1C3A9C4C84,0,"['Casa Giulietta', 'San Zeno']",Castelvecchio,"['Museo Lapidario', 'Verona Tour', 'Arena', 'Museo Radio', 'Sighseeing']",Arena,strategy_nearest,True,0.0031859874725341797,success
046F22429C4C84,0,"['Arena', 'Museo Lapidario']",Castelvecchio,"['Verona Tour', 'Museo Radio', 'San Zeno', 'Sighseeing', 'Museo Miniscalchi']",Duomo,strategy_nearest,False,0.003094911575317383,success
046F1E429C4C84,0,"['Arena', 'San Fermo']",Tomba Giulietta,"['Museo Storia', 'Museo Lapidario', 'Museo Radio', 'Verona Tour', 'Casa Giulietta']",Castelvecchio,strategy_nearest,False,0.003126859664916992,success
046F1D3A9C4C80,2,['Casa Giulietta'],Santa Anastasia,"['AMO', 'Museo Conte', 'Palazzo della Ragione', 'Teatro Romano', 'Centro Fotografia']",Castelvecchio,strategy_nearest,False,0.003153085708618164,success
046F244A9C4C80,0,['Castelvecchio'],Duomo,"['AMO', 'Museo Miniscalchi', 'Santa Anastasia', 'Teatro Romano', 'Palazzo della Ragione']",Arena,strategy_nearest,False,0.0019032955169677734,success
046F2B3A9C4C80,1,"['Castelvecchio', 'Arena']",Casa Giulietta,"['Centro Fotografia', 'Sighseeing', 'Torre Lamberti', 'Museo Conte', 'Museo Radio']",Palazzo della Ragione,strategy_nearest,False,0.0027458667755126953,success
046F23429C4C84,3,"['San Fermo', 'Giardino Giusti', 'Teatro Romano']",Museo Lapidario,"['Verona Tour', 'Arena', 'Castelvecchio', 'Museo Radio', 'Casa Giulietta']",Arena,strategy_nearest,True,0.0018839836120605469,success
046F303A9C4C80,3,"['Castelvecchio', 'Duomo']",Teatro Romano,"['Santa Anastasia', 'AMO', 'Palazzo della Ragione', 'Museo Conte', 'Centro Fotografia']",Arena,strategy_nearest,False,0.0033681392669677734,success
046F32429C4C80,1,"['Arena', 'Torre Lamberti']",Palazzo della Ragione,"['AMO', 'Museo Conte', 'Centro Fotografia', 'Sighseeing', 'Santa Anastasia']",Casa Giulietta,strategy_nearest,False,0.003114938735961914,success
046F36429C4C80,1,"['Arena', 'Casa Giulietta']",Palazzo della Ragione,"['AMO', 'Museo Conte', 'Torre Lamberti', 'Centro Fotografia', 'Sighseeing']",Santa Anastasia,strategy_nearest,False,0.0017769336700439453,success
046F44429C4C80,1,"['Arena', 'Casa Giulietta']",Palazzo della Ragione,"['AMO', 'Museo Conte', 'Torre Lamberti', 'Centro Fotografia', 'Sighseeing']",Duomo,strategy_nearest,False,0.0031898021697998047,success
046F364A9C4C80,0,"['Teatro Romano', 'Torre Lamberti']",Casa Giulietta,"['Centro Fotografia', 'Sighseeing', 'Museo Conte', 'Museo Radio', 'Palazzo della Ragione']",Arena,strategy_nearest,False,0.0032320022583007812,success
046F4A3A9C4C80,1,"['Santa Anastasia', 'Palazzo della Ragione']",Torre Lamberti,"['Sighseeing', 'Centro Fotografia', 'Museo Conte', 'Casa Giulietta', 'AMO']",San Zeno,strategy_nearest,False,0.0025873184204101562,success
046F4D429C4C80,0,['Arena'],Casa Giulietta,"['Centro Fotografia', 'Sighseeing', 'Torre Lamberti', 'Museo Conte', 'Museo Radio']",Teatro Romano,strategy_nearest,False,0.003292083740234375,success
046F5A3A9C4C80,2,['Museo Lapidario'],Casa Giulietta,"['Centro Fotografia', 'Sighseeing', 'Torre Lamberti', 'Museo Conte', 'Museo Radio']",Torre Lamberti,strategy_nearest,True,0.002207040786743164,success
046F6F3A9C4C80,2,['Palazzo della Ragione'],Torre Lamberti,"['Sighseeing', 'Centro Fotografia', 'Museo Conte', 'Casa Giulietta', 'AMO']",Teatro Romano,strategy_nearest,False,0.003184795379638672,success
046F4E429C4C80,3,"['Casa Giulietta', 'Arena', 'Torre Lamberti']",Duomo,"['AMO', 'Museo Miniscalchi', 'Santa Anastasia', 'Teatro Romano', 'Palazzo della Ragione']",Teatro Romano,strategy_nearest,True,0.0034360885620117188,success
046F71429C4C80,3,"['Arena', 'Santa Anastasia']",Teatro Romano,"['Duomo', 'AMO', 'Palazzo della Ragione', 'Museo Conte', 'Centro Fotografia']",Duomo,strategy_nearest,True,0.0031468868255615234,success
046F79429C4C80,0,"['Arena', 'San Fermo']",Casa Giulietta,"['Centro Fotografia', 'Sighseeing', 'Torre Lamberti', 'Museo Conte', 'Museo Radio']",Tomba Giulietta,strategy_nearest,False,0.0017342567443847656,success
046F7E3A9C4C80,1,"['Arena', 'Casa Giulietta']",Torre Lamberti,"['Sighseeing', 'Centro Fotografia', 'Museo Conte', 'Palazzo della Ragione', 'AMO']",Palazzo della Ragione,strategy_nearest,True,0.002560138702392578,success
046F7D4A9C4C80,3,"['Arena', 'Castelvecchio']",Torre Lamberti,"['Sighseeing', 'Centro Fotografia', 'Museo Conte', 'Casa Giulietta', 'Palazzo della Ragione']",Duomo,strategy_nearest,False,0.0034711360931396484,success
046F864A9C4C80,3,"['Arena', 'Castelvecchio']",San Zeno,"['Verona Tour', 'Museo Lapidario', 'Museo Miniscalchi', 'Sighseeing', 'Museo Radio']",Santa Anastasia,strategy_nearest,False,0.0016162395477294922,success
046F854A9C4C80,3,"['Arena', 'Casa Giulietta']",Santa Anastasia,"['AMO', 'Museo Conte', 'Palazzo della Ragione', 'Teatro Romano', 'Centro Fotografia']",Duomo,strategy_nearest,False,0.003907203674316406,success
046F81429C4C80,3,"['Arena', 'Casa Giulietta']",Torre Lamberti,"['Sighseeing', 'Centro Fotografia', 'Museo Conte', 'Palazzo della Ragione', 'AMO']",Santa Anastasia,strategy_nearest,False,0.0024640560150146484,success
046F8E4A9C4C80,0,['Arena'],Casa Giulietta,"['Centro Fotografia', 'Sighseeing', 'Torre Lamberti', 'Museo Conte', 'Museo Radio']",Santa Anastasia,strategy_nearest,False,0.0028400421142578125,success
046F8B4A9C4C80,0,"['Castelvecchio', 'San Zeno']",Tomba Giulietta,"['San Fermo', 'Museo Storia', 'Arena', 'Museo Lapidario', 'Museo Radio']",Arena,strategy_nearest,True,0.0035016536712646484,success
046F934A9C4C80,0,['Arena'],Castelvecchio,"['Museo Lapidario', 'Verona Tour', 'Museo Radio', 'San Zeno', 'Sighseeing']",Duomo,strategy_nearest,False,0.0014042854309082031,success
046F95429C4C80,1,"['Torre Lamberti', 'Palazzo della Ragione', 'Casa Giulietta']",Arena,"['Verona Tour', 'Museo Lapidario', 'Museo Radio', 'San Fermo', 'Sighseeing']",Castelvecchio,strategy_nearest,False,0.0033941268920898438,success
046F9E429C4C80,0,['Arena'],Torre Lamberti,"['Sighseeing', 'Centro Fotografia', 'Museo Conte', 'Casa Giulietta', 'Palazzo della Ragione']",Casa Giulietta,strategy_nearest,True,0.0019969940185546875,success
046F9F4A9C4C80,0,['Arena'],Casa Giulietta,"['Centro Fotografia', 'Sighseeing', 'Torre Lamberti', 'Museo Conte', 'Museo Radio']",Castelvecchio,strategy_nearest,False,0.002727985382080078,success
046FA73A9C4C80,3,['Arena'],Torre Lamberti,"['Sighseeing', 'Centro Fotografia', 'Museo Conte', 'Casa Giulietta', 'Palazzo della Ragione']",Santa Anastasia,strategy_nearest,False,0.0032570362091064453,success
046FA4429C4C80,3,"['Arena', 'Santa Anastasia']",Duomo,"['AMO', 'Museo Miniscalchi', 'Teatro Romano', 'Palazzo della Ragione', 'Museo Conte']",Casa Giulietta,strategy_nearest,False,0.0026879310607910156,success
046FBE429C4C80,2,"['Torre Lamberti', 'Casa Giulietta']",Palazzo della Ragione,"['AMO', 'Museo Conte', 'Centro Fotografia', 'Sighseeing', 'Santa Anastasia']",Santa Anastasia,strategy_nearest,True,0.003242969512939453,success
046FBA429C4C80,2,"['Castelvecchio', 'Torre Lamberti']",Casa Giulietta,"['Centro Fotografia', 'Sighseeing', 'Museo Conte', 'Museo Radio', 'Palazzo della Ragione']",Santa Anastasia,strategy_nearest,False,0.0028400421142578125,success
046FAF429C4C80,0,['Arena'],Casa Giulietta,"['Centro Fotografia', 'Sighseeing', 'Torre Lamberti', 'Museo Conte', 'Museo Radio']",Duomo,strategy_nearest,False,0.0014870166778564453,success
046FB4429C4C80,0,['Arena'],Casa Giulietta,"['Centro Fotografia', 'Sighseeing', 'Torre Lamberti', 'Museo Conte', 'Museo Radio']",Teatro Romano,strategy_nearest,False,0.0021529197692871094,success
046FC43A9C4C80,1,"['Casa Giulietta', 'Arena', 'Museo Lapidario', 'Castelvecchio', 'San Zeno']",Torre Lamberti,"['Sighseeing', 'Centro Fotografia', 'Museo Conte', 'Palazzo della Ragione', 'AMO']",Palazzo della Ragione,strategy_nearest,True,0.0028018951416015625,success
046FC7429C4C80,0,['Arena'],Torre Lamberti,"['Sighseeing', 'Centro Fotografia', 'Museo Conte', 'Casa Giulietta', 'Palazzo della Ragione']",Casa Giulietta,strategy_nearest,True,0.0014979839324951172,success
046FC8429C4C80,2,"['Casa Giulietta', 'Torre Lamberti']",Santa Anastasia,"['AMO', 'Museo Conte', 'Palazzo della Ragione', 'Teatro Romano', 'Centro Fotografia']",Santa Anastasia,strategy_nearest,False,0.001995086669921875,success
046FC33A9C4C80,3,['Torre Lamberti'],Santa Anastasia,"['AMO', 'Museo Conte', 'Palazzo della Ragione', 'Teatro Romano', 'Centro Fotografia']",San Zeno,strategy_nearest,False,0.0035200119018554688,success
047006429C4C84,3,"['San Zeno', 'Castelvecchio']",Duomo,"['AMO', 'Museo Miniscalchi', 'Santa Anastasia', 'Teatro Romano', 'Palazzo della Ragione']",Santa Anastasia,strategy_nearest,True,0.003555774688720703,success
046FF4429C4C80,0,['Arena'],Torre Lamberti,"['Sighseeing', 'Centro Fotografia', 'Museo Conte', 'Casa Giulietta', 'Palazzo della Ragione']",Casa Giulietta,strategy_nearest,True,0.003136157989501953,success
046FD0429C4C80,1,"['Arena', 'Santa Anastasia', 'Duomo', 'Castelvecchio']",Casa Giulietta,"['Centro Fotografia', 'Sighseeing', 'Torre Lamberti', 'Museo Conte', 'Museo Radio']",Palazzo della Ragione,strategy_nearest,False,0.003155946731567383,success
046FD03A9C4C80,0,['Arena'],Torre Lamberti,"['Sighseeing', 'Centro Fotografia', 'Museo Conte', 'Casa Giulietta', 'Palazzo della Ragione']",San Fermo,strategy_nearest,False,0.0025663375854492188,success
047013429C4C84,3,['Torre Lamberti'],Santa Anastasia,"['AMO', 'Museo Conte', 'Palazzo della Ragione', 'Teatro Romano', 'Centro Fotografia']",Arena,strategy_nearest,False,0.0020248889923095703,success
047015429C4C84,3,"['Arena', 'Torre Lamberti']",Casa Giulietta,"['Centro Fotografia', 'Sighseeing', 'Museo Conte', 'Museo Radio', 'Palazzo della Ragione']",Santa Anastasia,strategy_nearest,False,0.002650737762451172,success
04700F3A9C4C84,2,['Casa Giulietta'],Torre Lamberti,"['Sighseeing', 'Centro Fotografia', 'Museo Conte', 'Palazzo della Ragione', 'AMO']",Castelvecchio,strategy_nearest,False,0.0015811920166015625,success
0470123A9C4C84,3,"['Castelvecchio', 'Arena']",Casa Giulietta,"['Centro Fotografia', 'Sighseeing', 'Torre Lamberti', 'Museo Conte', 'Museo Radio']",Santa Anastasia,strategy_nearest,False,0.003428936004638672,success
047017429C4C84,3,"['Arena', 'Museo Lapidario', 'Casa Giulietta']",Santa Anastasia,"['AMO', 'Museo Conte', 'Palazzo della Ragione', 'Teatro Romano', 'Centro Fotografia']",Duomo,strategy_nearest,False,0.004228830337524414,success
047021429C4C84,1,"['Arena', 'Museo Lapidario']",Palazzo della Ragione,"['AMO', 'Museo Conte', 'Torre Lamberti', 'Centro Fotografia', 'Sighseeing']",Torre Lamberti,strategy_nearest,True,0.002228975296020508,success
04701D4A9C4C80,0,"['Arena', 'Castelvecchio']",Casa Giulietta,"['Centro Fotografia', 'Sighseeing', 'Torre Lamberti', 'Museo Conte', 'Museo Radio']",Torre Lamberti,strategy_nearest,True,0.0016732215881347656,success
04701A3A9C4C80,2,['Casa Giulietta'],Santa Anastasia,"['AMO', 'Museo Conte', 'Palazzo della Ragione', 'Teatro Romano', 'Centro Fotografia']",Duomo,strategy_nearest,False,0.003615140914916992,success
0470233A9C4C80,1,"['Castelvecchio', 'Arena']",Casa Giulietta,"['Centro Fotografia', 'Sighseeing', 'Torre Lamberti', 'Museo Conte', 'Museo Radio']",Palazzo della Ragione,strategy_nearest,False,0.0028569698333740234,success
0470343A9C4C80,1,"['Casa Giulietta', 'Palazzo della Ragione', 'Torre Lamberti', 'Arena']",Castelvecchio,"['Museo Lapidario', 'Verona Tour', 'Museo Radio', 'San Zeno', 'Sighseeing']",Duomo,strategy_nearest,False,0.0013852119445800781,success
047025429C4C84,3,['Casa Giulietta'],Arena,"['Verona Tour', 'Museo Lapidario', 'Museo Radio', 'San Fermo', 'Sighseeing']",Torre Lamberti,strategy_nearest,False,0.002807140350341797,success
0470373A9C4C80,3,"['San Fermo', 'Duomo', 'Teatro Romano']",Arena,"['Verona Tour', 'Museo Lapidario', 'Museo Radio', 'Casa Giulietta', 'Sighseeing']",Castelvecchio,strategy_nearest,False,0.0034728050231933594,success
04703B3A9C4C80,2,['Santa Anastasia'],San Zeno,"['Castelvecchio', 'Verona Tour', 'Museo Lapidario', 'Arena', 'Museo Miniscalchi']",Castelvecchio,strategy_nearest,True,0.002866983413696289,success
047041429C4C80,0,['Arena'],Casa Giulietta,"['Centro Fotografia', 'Sighseeing', 'Torre Lamberti', 'Museo Conte', 'Museo Radio']",Torre Lamberti,strategy_nearest,True,0.0032591819763183594,success
04703F429C4C80,1,"['San Fermo', 'Casa Giulietta', 'Tomba Giulietta', 'Arena']",Santa Anastasia,"['AMO', 'Museo Conte', 'Palazzo della Ragione', 'Teatro Romano', 'Centro Fotografia']",Duomo,strategy_nearest,False,0.0026302337646484375,success
04703C429C4C80,1,"['Casa Giulietta', 'Torre Lamberti', 'Palazzo della Ragione']",Arena,"['Verona Tour', 'Museo Lapidario', 'Museo Radio', 'San Fermo', 'Sighseeing']",Duomo,strategy_nearest,False,0.0028018951416015625,success
04704F429C4C80,1,"['Teatro Romano', 'Arena', 'Museo Lapidario']",Castelvecchio,"['Verona Tour', 'Museo Radio', 'San Zeno', 'Sighseeing', 'Museo Miniscalchi']",Torre Lamberti,strategy_nearest,False,0.0022912025451660156,success
0470533A9C4C80,1,['Arena'],Giardino Giusti,"['Santa Anastasia', 'Teatro Romano', 'Museo Conte', 'Centro Fotografia', 'Museo Storia']",Casa Giulietta,strategy_nearest,False,0.0015721321105957031,success
0470553A9C4C80,3,"['San Zeno', 'Casa Giulietta', 'Santa Anastasia']",Teatro Romano,"['Duomo', 'AMO', 'Palazzo della Ragione', 'Museo Conte', 'Centro Fotografia']",Torre Lamberti,strategy_nearest,False,0.0033369064331054688,success
047044429C4C80,0,['Castelvecchio'],Arena,"['Verona Tour', 'Museo Lapidario', 'Museo Radio', 'San Fermo', 'Casa Giulietta']",San Fermo,strategy_nearest,True,0.002974987030029297,success
0470563A9C4C80,3,"['Casa Giulietta', 'Torre Lamberti', 'Arena']",Teatro Romano,"['Santa Anastasia', 'Duomo', 'AMO', 'Palazzo della Ragione', 'Museo Conte']",Santa Anastasia,strategy_nearest,True,0.004607439041137695,success
047063429C4C80,0,['Arena'],Casa Giulietta,"['Centro Fotografia', 'Sighseeing', 'Torre Lamberti', 'Museo Conte', 'Museo Radio']",Teatro Romano,strategy_nearest,False,0.00148773193359375,success
04705B429C4C80,0,['Arena'],Torre Lamberti,"['Sighseeing', 'Centro Fotografia', 'Museo Conte', 'Casa Giulietta', 'Palazzo della Ragione']",Castelvecchio,strategy_nearest,False,0.0021240711212158203,success
047073429C4C80,1,"['Arena', 'Tomba Giulietta']",Casa Giulietta,"['Centro Fotografia', 'Sighseeing', 'Torre Lamberti', 'Museo Conte', 'Museo Radio']",Torre Lamberti,strategy_nearest,True,0.0026700496673583984,success
0470804A9C4C80,0,['Arena'],Casa Giulietta,"['Centro Fotografia', 'Sighseeing', 'Torre Lamberti', 'Museo Conte', 'Museo Radio']",Tomba Giulietta,strategy_nearest,False,0.002045869827270508,success
0470833A9C4C80,2,"['Torre Lamberti', 'Santa Anastasia']",Duomo,"['AMO', 'Museo Miniscalchi', 'Teatro Romano', 'Palazzo della Ragione', 'Museo Conte']",Castelvecchio,strategy_nearest,False,0.002712249755859375,success
0470814A9C4C80,0,['Arena'],Casa Giulietta,"['Centro Fotografia', 'Sighseeing', 'Torre Lamberti', 'Museo Conte', 'Museo Radio']",Santa Anastasia,strategy_nearest,False,0.0014011859893798828,success
047083429C4C80,2,"['Torre Lamberti', 'San Zeno']",Castelvecchio,"['Museo Lapidario', 'Verona Tour', 'Arena', 'Museo Radio', 'Sighseeing']",Santa Anastasia,strategy_nearest,False,0.0031991004943847656,success
0470904A9C4C80,0,"['Arena', 'Museo Lapidario']",Castelvecchio,"['Verona Tour', 'Museo Radio', 'San Zeno', 'Sighseeing', 'Museo Miniscalchi']",San Zeno,strategy_nearest,True,0.0023109912872314453,success
04709E429C4C80,0,['Arena'],Torre Lamberti,"['Sighseeing', 'Centro Fotografia', 'Museo Conte', 'Casa Giulietta', 'Palazzo della Ragione']",Casa Giulietta,strategy_nearest,True,0.0014982223510742188,success
047099429C4C80,0,['Arena'],Casa Giulietta,"['Centro Fotografia', 'Sighseeing', 'Torre Lamberti', 'Museo Conte', 'Museo Radio']",Santa Anastasia,strategy_nearest,False,0.00347900390625,success
04709D429C4C80,0,['Arena'],Castelvecchio,"['Museo Lapidario', 'Verona Tour', 'Museo Radio', 'San Zeno', 'Sighseeing']",San Zeno,strategy_nearest,True,0.002817869186401367,success
0470A0429C4C80,0,['Tomba Giulietta'],Arena,"['Verona Tour', 'Museo Lapidario', 'Museo Radio', 'San Fermo', 'Casa Giulietta']",Castelvecchio,strategy_nearest,False,0.002183198928833008,success
0470A4429C4C80,0,['Teatro Romano'],Arena,"['Verona Tour', 'Museo Lapidario', 'Museo Radio', 'San Fermo', 'Casa Giulietta']",Casa Giulietta,strategy_nearest,True,0.0013420581817626953,success
0470A63A9C4C80,0,['Casa Giulietta'],Tomba Giulietta,"['San Fermo', 'Museo Storia', 'Arena', 'Museo Lapidario', 'Museo Radio']",Arena,strategy_nearest,True,0.0033054351806640625,success
0470A1429C4C80,0,['Arena'],Casa Giulietta,"['Centro Fotografia', 'Sighseeing', 'Torre Lamberti', 'Museo Conte', 'Museo Radio']",Torre Lamberti,strategy_nearest,True,0.002846956253051758,success
0470AF429C4C80,2,['Tomba Giulietta'],Castelvecchio,"['Museo Lapidario', 'Verona Tour', 'Arena', 'Museo Radio', 'San Zeno']",Casa Giulietta,strategy_nearest,False,0.002095937728881836,success
0470A84A9C4C80,0,"['Duomo', 'Torre Lamberti']",Casa Giulietta,"['Centro Fotografia', 'Sighseeing', 'Museo Conte', 'Museo Radio', 'Palazzo della Ragione']",Arena,strategy_nearest,False,0.0022211074829101562,success
0470AB4A9C4C80,3,['Casa Giulietta'],Torre Lamberti,"['Sighseeing', 'Centro Fotografia', 'Museo Conte', 'Palazzo della Ragione', 'AMO']",Arena,strategy_nearest,False,0.003426790237426758,success
0470B53A9C4C80,1,"['Arena', 'Casa Giulietta', 'Torre Lamberti']",Palazzo della Ragione,"['AMO', 'Museo Conte', 'Centro Fotografia', 'Sighseeing', 'Santa Anastasia']",Duomo,strategy_nearest,False,0.0026569366455078125,success
0470BB429C4C80,0,"['Castelvecchio', 'Arena']",Torre Lamberti,"['Sighseeing', 'Centro Fotografia', 'Museo Conte', 'Casa Giulietta', 'Palazzo della Ragione']",Teatro Romano,strategy_nearest,False,0.0028350353240966797,success
0470C2429C4C80,1,['Arena'],Casa Giulietta,"['Centro Fotografia', 'Sighseeing', 'Torre Lamberti', 'Museo Conte', 'Museo Radio']",Palazzo della Ragione,strategy_nearest,False,0.002789020538330078,success
0470BE3A9C4C80,3,['Arena'],Santa Anastasia,"['AMO', 'Museo Conte', 'Palazzo della Ragione', 'Teatro Romano', 'Centro Fotografia']",Duomo,strategy_nearest,False,0.002063751220703125,success
0470C53A9C4C80,0,['Arena'],Castelvecchio,"['Museo Lapidario', 'Verona Tour', 'Museo Radio', 'San Zeno', 'Sighseeing']",Casa Giulietta,strategy_nearest,False,0.0034248828887939453,success
0470CE3A9C4C80,1,"['Castelvecchio', 'Palazzo della Ragione', 'Torre Lamberti']",Santa Anastasia,"['AMO', 'Museo Conte', 'Teatro Romano', 'Centro Fotografia', 'Duomo']",Teatro Romano,strategy_nearest,True,0.0025331974029541016,success
0470CB3A9C4C80,0,['Castelvecchio'],Arena,"['Verona Tour', 'Museo Lapidario', 'Museo Radio', 'San Fermo', 'Casa Giulietta']",Casa Giulietta,strategy_nearest,True,0.001809835433959961,success
0470D03A9C4C80,0,['Arena'],Torre Lamberti,"['Sighseeing', 'Centro Fotografia', 'Museo Conte', 'Casa Giulietta', 'Palazzo della Ragione']",Teatro Romano,strategy_nearest,False,0.003215789794921875,success
0470D43A9C4C80,0,['Casa Giulietta'],Tomba Giulietta,"['San Fermo', 'Museo Storia', 'Arena', 'Museo Lapidario', 'Museo Radio']",Arena,strategy_nearest,True,0.0018188953399658203,success
0470D53A9C4C80,1,"['Arena', 'Museo Lapidario', 'Castelvecchio']",San Zeno,"['Verona Tour', 'Museo Miniscalchi', 'Sighseeing', 'Museo Radio', 'Torre Lamberti']",Casa Giulietta,strategy_nearest,False,0.002412080764770508,success
0470D73A9C4C80,1,"['Arena', 'Casa Giulietta', 'San Fermo']",Museo Storia,"['Museo Radio', 'Centro Fotografia', 'Tomba Giulietta', 'Torre Lamberti', 'Sighseeing']",Palazzo della Ragione,strategy_nearest,False,0.0024700164794921875,success
0470DC3A9C4C80,6,['Castelvecchio'],Casa Giulietta,"['Centro Fotografia', 'Sighseeing', 'Torre Lamberti', 'Museo Conte', 'Museo Radio']",Santa Anastasia,strategy_nearest,False,0.0025968551635742188,success
0470E93A9C4C80,1,"['Arena', 'Palazzo della Ragione']",Torre Lamberti,"['Sighseeing', 'Centro Fotografia', 'Museo Conte', 'Casa Giulietta', 'AMO']",Casa Giulietta,strategy_nearest,True,0.0019199848175048828,success
0470EB429C4C80,3,"['Arena', 'Casa Giulietta']",Santa Anastasia,"['AMO', 'Museo Conte', 'Palazzo della Ragione', 'Teatro Romano', 'Centro Fotografia']",Teatro Romano,strategy_nearest,True,0.0031430721282958984,success
047106429C4C84,1,"['Castelvecchio', 'Museo Lapidario', 'San Fermo']",Giardino Giusti,"['Santa Anastasia', 'Teatro Romano', 'Museo Conte', 'Centro Fotografia', 'Museo Storia']",Santa Anastasia,strategy_nearest,True,0.0023970603942871094,success
0470FD3A9C4C80,0,['Arena'],Casa Giulietta,"['Centro Fotografia', 'Sighseeing', 'Torre Lamberti', 'Museo Conte', 'Museo Radio']",Castelvecchio,strategy_nearest,False,0.003231048583984375,success
04710B3A9C4C84,3,"['Casa Giulietta', 'Arena']",Santa Anastasia,"['AMO', 'Museo Conte', 'Palazzo della Ragione', 'Teatro Romano', 'Centro Fotografia']",Teatro Romano,strategy_nearest,True,0.0033478736877441406,success
04710D429C4C84,3,['Arena'],Teatro Romano,"['Santa Anastasia', 'Duomo', 'AMO', 'Palazzo della Ragione', 'Museo Conte']",Santa Anastasia,strategy_nearest,True,0.0012738704681396484,success
04710E429C4C84,2,"['Castelvecchio', 'Teatro Romano', 'San Fermo']",Casa Giulietta,"['Centro Fotografia', 'Sighseeing', 'Torre Lamberti', 'Museo Conte', 'Museo Radio']",Palazzo della Ragione,strategy_nearest,False,0.0032722949981689453,success
04710B429C4C84,3,['Arena'],Torre Lamberti,"['Sighseeing', 'Centro Fotografia', 'Museo Conte', 'Casa Giulietta', 'Palazzo della Ragione']",Santa Anastasia,strategy_nearest,False,0.003980875015258789,success
04710F429C4C80,2,"['Castelvecchio', 'Giardino Giusti']",Teatro Romano,"['Santa Anastasia', 'Duomo', 'AMO', 'Palazzo della Ragione', 'Museo Conte']",Duomo,strategy_nearest,True,0.0024709701538085938,success
0471183A9C4C84,2,"['Palazzo della Ragione', 'Torre Lamberti']",Santa Anastasia,"['AMO', 'Museo Conte', 'Teatro Romano', 'Centro Fotografia', 'Duomo']",Duomo,strategy_nearest,True,0.0024919509887695312,success
047119429C4C84,3,"['Castelvecchio', 'Arena', 'Casa Giulietta']",Santa Anastasia,"['AMO', 'Museo Conte', 'Palazzo della Ragione', 'Teatro Romano', 'Centro Fotografia']",Duomo,strategy_nearest,False,0.003337860107421875,success
04711B429C4C84,2,"['San Fermo', 'Casa Giulietta']",Castelvecchio,"['Museo Lapidario', 'Verona Tour', 'Arena', 'Museo Radio', 'San Zeno']",Torre Lamberti,strategy_nearest,False,0.002675771713256836,success
04711C429C4C80,0,['Arena'],Casa Giulietta,"['Centro Fotografia', 'Sighseeing', 'Torre Lamberti', 'Museo Conte', 'Museo Radio']",Duomo,strategy_nearest,False,0.0027670860290527344,success
04711D429C4C84,0,['Arena'],Casa Giulietta,"['Centro Fotografia', 'Sighseeing', 'Torre Lamberti', 'Museo Conte', 'Museo Radio']",Giardino Giusti,strategy_nearest,False,0.0027539730072021484,success
0471294A9C4C80,0,"['Casa Giulietta', 'Torre Lamberti']",Castelvecchio,"['Museo Lapidario', 'Verona Tour', 'Arena', 'Museo Radio', 'San Zeno']",Arena,strategy_nearest,True,0.0033197402954101562,success
047124429C4C84,3,"['Castelvecchio', 'San Zeno', 'Duomo', 'Santa Anastasia']",Torre Lamberti,"['Sighseeing', 'Centro Fotografia', 'Museo Conte', 'Casa Giulietta', 'Palazzo della Ragione']",Casa Giulietta,strategy_nearest,True,0.0026268959045410156,success
0471303A9C4C80,0,['Arena'],Torre Lamberti,"['Sighseeing', 'Centro Fotografia', 'Museo Conte', 'Casa Giulietta', 'Palazzo della Ragione']",Casa Giulietta,strategy_nearest,True,0.0019390583038330078,success
04712B429C4C80,2,"['Castelvecchio', 'Palazzo della Ragione', 'Torre Lamberti', 'Duomo']",Santa Anastasia,"['AMO', 'Museo Conte', 'Teatro Romano', 'Centro Fotografia', 'Sighseeing']",Museo Lapidario,strategy_nearest,False,0.0033638477325439453,success
047134429C4C80,3,"['Arena', 'Tomba Giulietta']",Casa Giulietta,"['Centro Fotografia', 'Sighseeing', 'Torre Lamberti', 'Museo Conte', 'Museo Radio']",Torre Lamberti,strategy_nearest,True,0.0020182132720947266,success
0471383A9C4C80,2,"['Casa Giulietta', 'Torre Lamberti']",Duomo,"['AMO', 'Museo Miniscalchi', 'Santa Anastasia', 'Teatro Romano', 'Palazzo della Ragione']",Teatro Romano,strategy_nearest,True,0.0020389556884765625,success
04713E429C4C80,1,"['Castelvecchio', 'Arena']",Torre Lamberti,"['Sighseeing', 'Centro Fotografia', 'Museo Conte', 'Casa Giulietta', 'Palazzo della Ragione']",Palazzo della Ragione,strategy_nearest,True,0.002646207809448242,success
0471304A9C4C80,3,"['Castelvecchio', 'San Zeno', 'Duomo']",Teatro Romano,"['Santa Anastasia', 'AMO', 'Palazzo della Ragione', 'Museo Conte', 'Centro Fotografia']",Santa Anastasia,strategy_nearest,True,0.0032749176025390625,success
047149429C4C80,0,"['Arena', 'Casa Giulietta']",Torre Lamberti,"['Sighseeing', 'Centro Fotografia', 'Museo Conte', 'Palazzo della Ragione', 'AMO']",Castelvecchio,strategy_nearest,False,0.002004861831665039,success
04714C429C4C80,2,"['San Fermo', 'Casa Giulietta']",Torre Lamberti,"['Sighseeing', 'Centro Fotografia', 'Museo Conte', 'Palazzo della Ragione', 'AMO']",Duomo,strategy_nearest,False,0.0013680458068847656,success
04714C3A9C4C80,0,"['Arena', 'Casa Giulietta']",Torre Lamberti,"['Sighseeing', 'Centro Fotografia', 'Museo Conte', 'Palazzo della Ragione', 'AMO']",Teatro Romano,strategy_nearest,False,0.0019941329956054688,success
047155429C4C80,3,"['Arena', 'Torre Lamberti']",Santa Anastasia,"['AMO', 'Museo Conte', 'Palazzo della Ragione', 'Teatro Romano', 'Centro Fotografia']",Duomo,strategy_nearest,False,0.002563953399658203,success
047156429C4C80,0,['Arena'],Casa Giulietta,"['Centro Fotografia', 'Sighseeing', 'Torre Lamberti', 'Museo Conte', 'Museo Radio']",Tomba Giulietta,strategy_nearest,False,0.0034132003784179688,success
04716E3A9C4C80,3,"['Arena', 'Casa Giulietta']",Santa Anastasia,"['AMO', 'Museo Conte', 'Palazzo della Ragione', 'Teatro Romano', 'Centro Fotografia']",Tomba Giulietta,strategy_nearest,False,0.0023789405822753906,success
0471753A9C4C80,1,['Casa Giulietta'],Arena,"['Verona Tour', 'Museo Lapidario', 'Museo Radio', 'San Fermo', 'Sighseeing']",Palazzo della Ragione,strategy_nearest,False,0.0026988983154296875,success
047176429C4C80,2,"['Museo Lapidario', 'Casa Giulietta']",Torre Lamberti,"['Sighseeing', 'Centro Fotografia', 'Museo Conte', 'Palazzo della Ragione', 'AMO']",Palazzo della Ragione,strategy_nearest,True,0.0034439563751220703,success
04717C4A9C4C80,3,['Arena'],Casa Giulietta,"['Centro Fotografia', 'Sighseeing', 'Torre Lamberti', 'Museo Conte', 'Museo Radio']",San Fermo,strategy_nearest,False,0.0031948089599609375,success
047180429C4C80,3,"['Arena', 'Casa Giulietta']",Torre Lamberti,"['Sighseeing', 'Centro Fotografia', 'Museo Conte', 'Palazzo della Ragione', 'AMO']",Santa Anastasia,strategy_nearest,False,0.0025272369384765625,success
0471924A9C4C80,3,"['Arena', 'Casa Giulietta']",Santa Anastasia,"['AMO', 'Museo Conte', 'Palazzo della Ragione', 'Teatro Romano', 'Centro Fotografia']",Duomo,strategy_nearest,False,0.002584695816040039,success
0471863A9C4C80,0,['Arena'],Torre Lamberti,"['Sighseeing', 'Centro Fotografia', 'Museo Conte', 'Casa Giulietta', 'Palazzo della Ragione']",Casa Giulietta,strategy_nearest,True,0.003298044204711914,success
0471883A9C4C80,1,"['Castelvecchio', 'Arena']",Torre Lamberti,"['Sighseeing', 'Centro Fotografia', 'Museo Conte', 'Casa Giulietta', 'Palazzo della Ragione']",Palazzo della Ragione,strategy_nearest,True,0.0023810863494873047,success
04718E429C4C80,0,['Arena'],Casa Giulietta,"['Centro Fotografia', 'Sighseeing', 'Torre Lamberti', 'Museo Conte', 'Museo Radio']",Torre Lamberti,strategy_nearest,True,0.0032889842987060547,success
0471934A9C4C80,3,['Arena'],Torre Lamberti,"['Sighseeing', 'Centro Fotografia', 'Museo Conte', 'Casa Giulietta', 'Palazzo della Ragione']",Santa Anastasia,strategy_nearest,False,0.0015630722045898438,success
04719A429C4C80,2,['Santa Anastasia'],Duomo,"['AMO', 'Museo Miniscalchi', 'Teatro Romano', 'Palazzo della Ragione', 'Museo Conte']",Teatro Romano,strategy_nearest,True,0.002115964889526367,success
047198429C4C80,0,['Torre Lamberti'],Arena,"['Verona Tour', 'Museo Lapidario', 'Museo Radio', 'San Fermo', 'Casa Giulietta']",Tomba Giulietta,strategy_nearest,False,0.002794981002807617,success
04719D429C4C80,3,['Arena'],Casa Giulietta,"['Centro Fotografia', 'Sighseeing', 'Torre Lamberti', 'Museo Conte', 'Museo Radio']",Santa Anastasia,strategy_nearest,False,0.001895904541015625,success
0471A5429C4C80,1,"['Arena', 'Casa Giulietta']",Castelvecchio,"['Museo Lapidario', 'Verona Tour', 'Museo Radio', 'San Zeno', 'Sighseeing']",Tomba Giulietta,strategy_nearest,False,0.0025119781494140625,success
04719A4A9C4C80,3,"['Arena', 'Museo Lapidario', 'Castelvecchio', 'Casa Giulietta']",Torre Lamberti,"['Sighseeing', 'Centro Fotografia', 'Museo Conte', 'Palazzo della Ragione', 'AMO']",Duomo,strategy_nearest,False,0.004144191741943359,success
0471B43A9C4C80,0,['Arena'],Museo Lapidario,"['Verona Tour', 'Castelvecchio', 'Museo Radio', 'San Fermo', 'Casa Giulietta']",Casa Giulietta,strategy_nearest,True,0.0024251937866210938,success
0471AC429C4C80,1,"['Arena', 'Torre Lamberti']",Palazzo della Ragione,"['AMO', 'Museo Conte', 'Centro Fotografia', 'Sighseeing', 'Santa Anastasia']",Casa Giulietta,strategy_nearest,False,0.0031816959381103516,success
0471B4429C4C80,0,['Arena'],Casa Giulietta,"['Centro Fotografia', 'Sighseeing', 'Torre Lamberti', 'Museo Conte', 'Museo Radio']",Santa Anastasia,strategy_nearest,False,0.002440929412841797,success
0471B73A9C4C80,3,"['Arena', 'Torre Lamberti']",Santa Anastasia,"['AMO', 'Museo Conte', 'Palazzo della Ragione', 'Teatro Romano', 'Centro Fotografia']",Teatro Romano,strategy_nearest,True,0.003408193588256836,success
0471BE3A9C4C80,0,['Arena'],Casa Giulietta,"['Centro Fotografia', 'Sighseeing', 'Torre Lamberti', 'Museo Conte', 'Museo Radio']",Torre Lamberti,strategy_nearest,True,0.0023651123046875,success
0471C83A9C4C80,0,['Arena'],Casa Giulietta,"['Centro Fotografia', 'Sighseeing', 'Torre Lamberti', 'Museo Conte', 'Museo Radio']",Torre Lamberti,strategy_nearest,True,0.002531290054321289,success
0471CA429C4C80,3,['Tomba Giulietta'],Arena,"['Verona Tour', 'Museo Lapidario', 'Museo Radio', 'San Fermo', 'Casa Giulietta']",Santa Anastasia,strategy_nearest,False,0.003210783004760742,success
0471D23A9C4C80,1,"['Arena', 'Casa Giulietta', 'Torre Lamberti']",Palazzo della Ragione,"['AMO', 'Museo Conte', 'Centro Fotografia', 'Sighseeing', 'Santa Anastasia']",Santa Anastasia,strategy_nearest,True,0.0034177303314208984,success
0471D73A9C4C80,2,"['Museo Lapidario', 'Castelvecchio']",Duomo,"['AMO', 'Museo Miniscalchi', 'Santa Anastasia', 'Teatro Romano', 'Palazzo della Ragione']",Palazzo della Ragione,strategy_nearest,True,0.002346038818359375,success
0471D53A9C4C80,2,"['Duomo', 'Torre Lamberti']",Palazzo della Ragione,"['AMO', 'Museo Conte', 'Centro Fotografia', 'Sighseeing', 'Santa Anastasia']",Casa Giulietta,strategy_nearest,False,0.002613067626953125,success
0471DE3A9C4C80,2,['Castelvecchio'],Casa Giulietta,"['Centro Fotografia', 'Sighseeing', 'Torre Lamberti', 'Museo Conte', 'Museo Radio']",Torre Lamberti,strategy_nearest,True,0.0030379295349121094,success
0471E73A9C4C80,0,['Arena'],Casa Giulietta,"['Centro Fotografia', 'Sighseeing', 'Torre Lamberti', 'Museo Conte', 'Museo Radio']",Torre Lamberti,strategy_nearest,True,0.0025229454040527344,success
0471EA3A9C4C80,0,"['Duomo', 'Torre Lamberti']",Tomba Giulietta,"['San Fermo', 'Museo Storia', 'Arena', 'Museo Lapidario', 'Museo Radio']",Arena,strategy_nearest,True,0.002457141876220703,success
0471ED3A9C4C80,0,['Arena'],Museo Lapidario,"['Verona Tour', 'Castelvecchio', 'Museo Radio', 'San Fermo', 'Casa Giulietta']",Casa Giulietta,strategy_nearest,True,0.002577066421508789,success
0471F23A9C4C80,0,['Arena'],Duomo,"['AMO', 'Museo Miniscalchi', 'Santa Anastasia', 'Teatro Romano', 'Palazzo della Ragione']",Castelvecchio,strategy_nearest,False,0.0033020973205566406,success
0471F73A9C4C80,3,"['Casa Giulietta', 'Santa Anastasia']",Teatro Romano,"['Duomo', 'AMO', 'Palazzo della Ragione', 'Museo Conte', 'Centro Fotografia']",Duomo,strategy_nearest,True,0.0024530887603759766,success
047210429C4C84,3,"['Arena', 'Museo Lapidario', 'Casa Giulietta']",Santa Anastasia,"['AMO', 'Museo Conte', 'Palazzo della Ragione', 'Teatro Romano', 'Centro Fotografia']",Duomo,strategy_nearest,False,0.003201007843017578,success
047214429C4C84,3,"['Casa Giulietta', 'Arena', 'Tomba Giulietta']",San Zeno,"['Castelvecchio', 'Verona Tour', 'Museo Lapidario', 'Museo Miniscalchi', 'Sighseeing']",Torre Lamberti,strategy_nearest,False,0.0035681724548339844,success
047218429C4C84,1,"['Arena', 'Torre Lamberti']",Palazzo della Ragione,"['AMO', 'Museo Conte', 'Centro Fotografia', 'Sighseeing', 'Santa Anastasia']",Casa Giulietta,strategy_nearest,False,0.002131938934326172,success
047221429C4C84,3,"['Castelvecchio', 'San Zeno', 'Duomo', 'Santa Anastasia']",Torre Lamberti,"['Sighseeing', 'Centro Fotografia', 'Museo Conte', 'Casa Giulietta', 'Palazzo della Ragione']",Casa Giulietta,strategy_nearest,True,0.002788066864013672,success
047227429C4C84,2,['Torre Lamberti'],Teatro Romano,"['Santa Anastasia', 'Duomo', 'AMO', 'Palazzo della Ragione', 'Museo Conte']",Castelvecchio,strategy_nearest,False,0.00333404541015625,success
047229429C4C80,0,"['Arena', 'Tomba Giulietta']",Castelvecchio,"['Museo Lapidario', 'Verona Tour', 'Museo Radio', 'San Zeno', 'Sighseeing']",Teatro Romano,strategy_nearest,False,0.002567291259765625,success
04722A429C4C84,2,"['Tomba Giulietta', 'San Fermo', 'Santa Anastasia']",Teatro Romano,"['Duomo', 'AMO', 'Palazzo della Ragione', 'Museo Conte', 'Centro Fotografia']",Palazzo della Ragione,strategy_nearest,True,0.0034248828887939453,success
04722C3A9C4C80,1,"['San Fermo', 'Torre Lamberti', 'Teatro Romano', 'Duomo']",Castelvecchio,"['Museo Lapidario', 'Verona Tour', 'Arena', 'Museo Radio', 'San Zeno']",Museo Lapidario,strategy_nearest,True,0.002501964569091797,success
04722D429C4C80,2,['Casa Giulietta'],Castelvecchio,"['Museo Lapidario', 'Verona Tour', 'Arena', 'Museo Radio', 'San Zeno']",Santa Anastasia,strategy_nearest,False,0.0030972957611083984,success
04722A429C4C80,1,"['Arena', 'Torre Lamberti', 'Castelvecchio']",San Zeno,"['Verona Tour', 'Museo Lapidario', 'Museo Miniscalchi', 'Sighseeing', 'Museo Radio']",Duomo,strategy_nearest,False,0.002838134765625,success
0472323A9C4C80,1,"['Arena', 'Casa Giulietta']",Torre Lamberti,"['Sighseeing', 'Centro Fotografia', 'Museo Conte', 'Palazzo della Ragione', 'AMO']",Palazzo della Ragione,strategy_nearest,True,0.0024497509002685547,success
047250429C4C80,2,"['Duomo', 'Santa Anastasia']",Santa Anastasia,"['AMO', 'Museo Conte', 'Palazzo della Ragione', 'Teatro Romano', 'Centro Fotografia']",San Fermo,strategy_nearest,False,0.002711772918701172,success
047234429C4C80,0,['Arena'],Castelvecchio,"['Museo Lapidario', 'Verona Tour', 'Museo Radio', 'San Zeno', 'Sighseeing']",Santa Anastasia,strategy_nearest,False,0.0018310546875,success
047256429C4C80,3,"['Duomo', 'Santa Anastasia']",Casa Giulietta,"['Centro Fotografia', 'Sighseeing', 'Torre Lamberti', 'Museo Conte', 'Museo Radio']",Arena,strategy_nearest,False,0.0033249855041503906,success
04725E3A9C4C80,1,"['Castelvecchio', 'Torre Lamberti', 'Palazzo della Ragione']",Arena,"['Verona Tour', 'Museo Lapidario', 'Museo Radio', 'San Fermo', 'Casa Giulietta']",Duomo,strategy_nearest,False,0.0026807785034179688,success
04727E429C4C80,0,['Castelvecchio'],Arena,"['Verona Tour', 'Museo Lapidario', 'Museo Radio', 'San Fermo', 'Casa Giulietta']",Teatro Romano,strategy_nearest,False,0.0021936893463134766,success
04727F4A9C4C80,0,"['Casa Giulietta', 'Santa Anastasia']",Arena,"['Verona Tour', 'Museo Lapidario', 'Museo Radio', 'San Fermo', 'Sighseeing']",Castelvecchio,strategy_nearest,False,0.0033330917358398438,success
047276429C4C80,1,"['Museo Lapidario', 'Arena']",Casa Giulietta,"['Centro Fotografia', 'Sighseeing', 'Torre Lamberti', 'Museo Conte', 'Museo Radio']",Palazzo della Ragione,strategy_nearest,False,0.0028100013732910156,success
04728E3A9C4C80,1,"['Arena', 'Casa Giulietta']",Torre Lamberti,"['Sighseeing', 'Centro Fotografia', 'Museo Conte', 'Palazzo della Ragione', 'AMO']",Palazzo della Ragione,strategy_nearest,True,0.003335237503051758,success
0472854A9C4C80,0,['Arena'],Castelvecchio,"['Museo Lapidario', 'Verona Tour', 'Museo Radio', 'San Zeno', 'Sighseeing']",Torre Lamberti,strategy_nearest,False,0.0013740062713623047,success
0472814A9C4C80,2,['Torre Lamberti'],Casa Giulietta,"['Centro Fotografia', 'Sighseeing', 'Museo Conte', 'Museo Radio', 'Palazzo della Ragione']",Tomba Giulietta,strategy_nearest,False,0.003549814224243164,success
0472844A9C4C80,0,"['Arena', 'Museo Lapidario']",Castelvecchio,"['Verona Tour', 'Museo Radio', 'San Zeno', 'Sighseeing', 'Museo Miniscalchi']",Duomo,strategy_nearest,False,0.002863168716430664,success
047291429C4C80,2,"['Castelvecchio', 'Teatro Romano']",Santa Anastasia,"['AMO', 'Museo Conte', 'Palazzo della Ragione', 'Centro Fotografia', 'Duomo']",Palazzo della Ragione,strategy_nearest,True,0.0028371810913085938,success
0472A34A9C4C80,0,"['Arena', 'Torre Lamberti']",Castelvecchio,"['Museo Lapidario', 'Verona Tour', 'Museo Radio', 'San Zeno', 'Sighseeing']",Casa Giulietta,strategy_nearest,False,0.003269195556640625,success
04729A429C4C80,0,"['Arena', 'Castelvecchio']",Torre Lamberti,"['Sighseeing', 'Centro Fotografia', 'Museo Conte', 'Casa Giulietta', 'Palazzo della Ragione']",San Fermo,strategy_nearest,False,0.002201080322265625,success
04729D429C4C80,0,['Arena'],Casa Giulietta,"['Centro Fotografia', 'Sighseeing', 'Torre Lamberti', 'Museo Conte', 'Museo Radio']",Castelvecchio,strategy_nearest,False,0.0015559196472167969,success
0472A73A9C4C80,3,"['Arena', 'Casa Giulietta']",Santa Anastasia,"['AMO', 'Museo Conte', 'Palazzo della Ragione', 'Teatro Romano', 'Centro Fotografia']",Duomo,strategy_nearest,False,0.0020689964294433594,success
0472A5429C4C80,0,"['Arena', 'Castelvecchio']",Torre Lamberti,"['Sighseeing', 'Centro Fotografia', 'Museo Conte', 'Casa Giulietta', 'Palazzo della Ragione']",Casa Giulietta,strategy_nearest,True,0.0015189647674560547,success
0472B4429C4C80,0,"['Torre Lamberti', 'Casa Giulietta']",Duomo,"['AMO', 'Museo Miniscalchi', 'Santa Anastasia', 'Teatro Romano', 'Palazzo della Ragione']",Arena,strategy_nearest,False,0.0032148361206054688,success
0472A44A9C4C80,0,['Arena'],Torre Lamberti,"['Sighseeing', 'Centro Fotografia', 'Museo Conte', 'Casa Giulietta', 'Palazzo della Ragione']",Casa Giulietta,strategy_nearest,True,0.002827882766723633,success
0472B8429C4C80,0,['Arena'],Castelvecchio,"['Museo Lapidario', 'Verona Tour', 'Museo Radio', 'San Zeno', 'Sighseeing']",San Zeno,strategy_nearest,True,0.003412961959838867,success
0472C63A9C4C80,1,['Arena'],Torre Lamberti,"['Sighseeing', 'Centro Fotografia', 'Museo Conte', 'Casa Giulietta', 'Palazzo della Ragione']",Palazzo della Ragione,strategy_nearest,True,0.002811908721923828,success
0472DF3A9C4C80,3,"['Castelvecchio', 'Santa Anastasia', 'Torre Lamberti']",San Zeno,"['Verona Tour', 'Museo Lapidario', 'Arena', 'Museo Miniscalchi', 'Sighseeing']",Arena,strategy_nearest,True,0.0022280216217041016,success
0472CC3A9C4C80,0,"['Castelvecchio', 'Arena']",Casa Giulietta,"['Centro Fotografia', 'Sighseeing', 'Torre Lamberti', 'Museo Conte', 'Museo Radio']",Torre Lamberti,strategy_nearest,True,0.0013017654418945312,success
0472EE3A9C4C80,2,"['Castelvecchio', 'Casa Giulietta', 'Torre Lamberti']",Palazzo della Ragione,"['AMO', 'Museo Conte', 'Centro Fotografia', 'Sighseeing', 'Santa Anastasia']",Santa Anastasia,strategy_nearest,True,0.0033957958221435547,success
0472EA3A9C4C80,3,['Santa Anastasia'],Duomo,"['AMO', 'Museo Miniscalchi', 'Teatro Romano', 'Palazzo della Ragione', 'Museo Conte']",Arena,strategy_nearest,False,0.002893209457397461,success
04730C429C4C84,3,"['Teatro Romano', 'Duomo', 'Santa Anastasia']",Arena,"['Verona Tour', 'Museo Lapidario', 'Museo Radio', 'San Fermo', 'Casa Giulietta']",Castelvecchio,strategy_nearest,False,0.002141714096069336,success
0472FA429C4C80,2,['Duomo'],Casa Giulietta,"['Centro Fotografia', 'Sighseeing', 'Torre Lamberti', 'Museo Conte', 'Museo Radio']",Tomba Giulietta,strategy_nearest,False,0.002629995346069336,success
047316429C4C84,3,"['Arena', 'Tomba Giulietta', 'San Fermo']",Santa Anastasia,"['AMO', 'Museo Conte', 'Palazzo della Ragione', 'Teatro Romano', 'Centro Fotografia']",Duomo,strategy_nearest,False,0.0032651424407958984,success
04730E4A9C4C80,0,"['Castelvecchio', 'San Zeno']",Arena,"['Verona Tour', 'Museo Lapidario', 'Museo Radio', 'San Fermo', 'Casa Giulietta']",Casa Giulietta,strategy_nearest,True,0.002664804458618164,success
047318429C4C84,0,"['Arena', 'Torre Lamberti']",Casa Giulietta,"['Centro Fotografia', 'Sighseeing', 'Museo Conte', 'Museo Radio', 'Palazzo della Ragione']",Tomba Giulietta,strategy_nearest,False,0.0016200542449951172,success
047319429C4C84,3,"['Arena', 'Castelvecchio']",Torre Lamberti,"['Sighseeing', 'Centro Fotografia', 'Museo Conte', 'Casa Giulietta', 'Palazzo della Ragione']",Casa Giulietta,strategy_nearest,True,0.003242969512939453,success
04731B429C4C84,3,"['Tomba Giulietta', 'Arena']",Castelvecchio,"['Museo Lapidario', 'Verona Tour', 'Museo Radio', 'San Zeno', 'Sighseeing']",Casa Giulietta,strategy_nearest,False,0.0017609596252441406,success
04731E429C4C84,0,"['San Zeno', 'Castelvecchio']",Arena,"['Verona Tour', 'Museo Lapidario', 'Museo Radio', 'San Fermo', 'Casa Giulietta']",Torre Lamberti,strategy_nearest,False,0.003160238265991211,success
0473213A9C4C80,0,['Arena'],Castelvecchio,"['Museo Lapidario', 'Verona Tour', 'Museo Radio', 'San Zeno', 'Sighseeing']",Casa Giulietta,strategy_nearest,False,0.002734661102294922,success
047321429C4C84,2,"['Castelvecchio', 'Torre Lamberti', 'Palazzo della Ragione', 'Santa Anastasia']",Casa Giulietta,"['Centro Fotografia', 'Sighseeing', 'Museo Conte', 'Museo Radio', 'San Fermo']",San Fermo,strategy_nearest,True,0.001981019973754883,success
047324429C4C84,1,"['Arena', 'Museo Lapidario', 'Castelvecchio']",Santa Anastasia,"['AMO', 'Museo Conte', 'Palazzo della Ragione', 'Teatro Romano', 'Centro Fotografia']",Palazzo della Ragione,strategy_nearest,True,0.0025632381439208984,success
047328429C4C84,3,['Arena'],Castelvecchio,"['Museo Lapidario', 'Verona Tour', 'Museo Radio', 'San Zeno', 'Sighseeing']",Santa Anastasia,strategy_nearest,False,0.0024309158325195312,success
0473253A9C4C80,2,['San Fermo'],Santa Anastasia,"['AMO', 'Museo Conte', 'Palazzo della Ragione', 'Teatro Romano', 'Centro Fotografia']",Castelvecchio,strategy_nearest,False,0.00333404541015625,success
04732B429C4C80,1,"['Casa Giulietta', 'Torre Lamberti']",Palazzo della Ragione,"['AMO', 'Museo Conte', 'Centro Fotografia', 'Sighseeing', 'Santa Anastasia']",Arena,strategy_nearest,False,0.003259897232055664,success
04732E3A9C4C80,1,"['Arena', 'Casa Giulietta']",Torre Lamberti,"['Sighseeing', 'Centro Fotografia', 'Museo Conte', 'Palazzo della Ragione', 'AMO']",Palazzo della Ragione,strategy_nearest,True,0.0030028820037841797,success
04733D3A9C4C80,2,['Casa Giulietta'],Palazzo della Ragione,"['AMO', 'Museo Conte', 'Torre Lamberti', 'Centro Fotografia', 'Sighseeing']",Torre Lamberti,strategy_nearest,True,0.002669095993041992,success
0473303A9C4C80,2,['Torre Lamberti'],Casa Giulietta,"['Centro Fotografia', 'Sighseeing', 'Museo Conte', 'Museo Radio', 'Palazzo della Ragione']",Teatro Romano,strategy_nearest,False,0.002649068832397461,success
047331429C4C80,2,"['Duomo', 'San Fermo', 'Museo Storia', 'Tomba Giulietta']",Casa Giulietta,"['Centro Fotografia', 'Sighseeing', 'Torre Lamberti', 'Museo Conte', 'Museo Radio']",Castelvecchio,strategy_nearest,False,0.0040738582611083984,success
047332429C4C80,0,"['Castelvecchio', 'Casa Giulietta']",Teatro Romano,"['Santa Anastasia', 'Duomo', 'AMO', 'Palazzo della Ragione', 'Museo Conte']",Arena,strategy_nearest,False,0.0018260478973388672,success
04733D4A9C4C80,2,"['Teatro Romano', 'Duomo', 'Santa Anastasia', 'Casa Giulietta']",Torre Lamberti,"['Sighseeing', 'Centro Fotografia', 'Museo Conte', 'Palazzo della Ragione', 'AMO']",Giardino Giusti,strategy_nearest,False,0.00392913818359375,success
04734D429C4C80,2,"['Santa Anastasia', 'Teatro Romano']",Castelvecchio,"['Museo Lapidario', 'Verona Tour', 'Arena', 'Museo Radio', 'San Zeno']",San Zeno,strategy_nearest,True,0.0019769668579101562,success
04733E429C4C80,2,"['Casa Giulietta', 'Torre Lamberti']",Duomo,"['AMO', 'Museo Miniscalchi', 'Santa Anastasia', 'Teatro Romano', 'Palazzo della Ragione']",Santa Anastasia,strategy_nearest,True,0.001550912857055664,success
04734D3A9C4C80,1,"['Teatro Romano', 'Casa Giulietta', 'Santa Anastasia', 'Arena']",Museo Lapidario,"['Verona Tour', 'Castelvecchio', 'Museo Radio', 'San Fermo', 'Tomba Giulietta']",Castelvecchio,strategy_nearest,True,0.0027129650115966797,success
047354429C4C80,2,"['Torre Lamberti', 'Palazzo della Ragione']",Santa Anastasia,"['AMO', 'Museo Conte', 'Teatro Romano', 'Centro Fotografia', 'Duomo']",Duomo,strategy_nearest,True,0.0015041828155517578,success
047366429C4C80,2,['Casa Giulietta'],Casa Giulietta,"['Centro Fotografia', 'Sighseeing', 'Torre Lamberti', 'Museo Conte', 'Museo Radio']",Torre Lamberti,strategy_nearest,True,0.0019669532775878906,success
047355429C4C80,0,"['Arena', 'Castelvecchio']",Casa Giulietta,"['Centro Fotografia', 'Sighseeing', 'Torre Lamberti', 'Museo Conte', 'Museo Radio']",Duomo,strategy_nearest,False,0.002663850784301758,success
0473533A9C4C80,3,"['Castelvecchio', 'Arena']",Santa Anastasia,"['AMO', 'Museo Conte', 'Palazzo della Ragione', 'Teatro Romano', 'Centro Fotografia']",Teatro Romano,strategy_nearest,True,0.003340005874633789,success
04737C4A9C4C80,3,['Arena'],Casa Giulietta,"['Centro Fotografia', 'Sighseeing', 'Torre Lamberti', 'Museo Conte', 'Museo Radio']",San Fermo,strategy_nearest,False,0.0021538734436035156,success
047384429C4C80,3,"['Casa Giulietta', 'Giardino Giusti', 'Duomo']",Santa Anastasia,"['AMO', 'Museo Conte', 'Palazzo della Ragione', 'Teatro Romano', 'Centro Fotografia']",Arena,strategy_nearest,False,0.002131938934326172,success
04738C4A9C4C80,3,"['Arena', 'Torre Lamberti']",Santa Anastasia,"['AMO', 'Museo Conte', 'Palazzo della Ragione', 'Teatro Romano', 'Centro Fotografia']",Giardino Giusti,strategy_nearest,False,0.0026319026947021484,success
0473864A9C4C80,0,['Arena'],San Zeno,"['Castelvecchio', 'Verona Tour', 'Museo Lapidario', 'Museo Miniscalchi', 'Sighseeing']",San Fermo,strategy_nearest,False,0.0034177303314208984,success
0473934A9C4C80,3,"['Arena', 'Casa Giulietta']",Torre Lamberti,"['Sighseeing', 'Centro Fotografia', 'Museo Conte', 'Palazzo della Ragione', 'AMO']",Santa Anastasia,strategy_nearest,False,0.0031528472900390625,success
047394429C4C80,1,"['Arena', 'Casa Giulietta']",Torre Lamberti,"['Sighseeing', 'Centro Fotografia', 'Museo Conte', 'Palazzo della Ragione', 'AMO']",Palazzo della Ragione,strategy_nearest,True,0.0017817020416259766,success
047399429C4C80,0,['Tomba Giulietta'],Arena,"['Verona Tour', 'Museo Lapidario', 'Museo Radio', 'San Fermo', 'Casa Giulietta']",Casa Giulietta,strategy_nearest,True,0.0026519298553466797,success
0473984A9C4C80,0,['Arena'],Torre Lamberti,"['Sighseeing', 'Centro Fotografia', 'Museo Conte', 'Casa Giulietta', 'Palazzo della Ragione']",Casa Giulietta,strategy_nearest,True,0.0034029483795166016,success
0473AA3A9C4C80,1,"['Arena', 'Casa Giulietta']",Torre Lamberti,"['Sighseeing', 'Centro Fotografia', 'Museo Conte', 'Palazzo della Ragione', 'AMO']",Palazzo della Ragione,strategy_nearest,True,0.002925872802734375,success
0473A63A9C4C80,1,"['Tomba Giulietta', 'Casa Giulietta']",Palazzo della Ragione,"['AMO', 'Museo Conte', 'Torre Lamberti', 'Centro Fotografia', 'Sighseeing']",Arena,strategy_nearest,False,0.002496004104614258,success
0473BB3A9C4C80,1,"['Arena', 'Casa Giulietta', 'Palazzo della Ragione']",Torre Lamberti,"['Sighseeing', 'Centro Fotografia', 'Museo Conte', 'AMO', 'Museo Miniscalchi']",Santa Anastasia,strategy_nearest,False,0.0028460025787353516,success
0473C8429C4C80,1,"['Arena', 'Palazzo della Ragione', 'Torre Lamberti']",Santa Anastasia,"['AMO', 'Museo Conte', 'Teatro Romano', 'Centro Fotografia', 'Duomo']",Teatro Romano,strategy_nearest,True,0.0029649734497070312,success
0473C9429C4C80,3,['Arena'],Santa Anastasia,"['AMO', 'Museo Conte', 'Palazzo della Ragione', 'Teatro Romano', 'Centro Fotografia']",Teatro Romano,strategy_nearest,True,0.0025489330291748047,success
0473F63A9C4C80,1,"['Casa Giulietta', 'Torre Lamberti', 'Palazzo della Ragione']",Santa Anastasia,"['AMO', 'Museo Conte', 'Teatro Romano', 'Centro Fotografia', 'Duomo']",Duomo,strategy_nearest,True,0.001728057861328125,success
0473CA3A9C4C80,3,"['Arena', 'San Fermo']",Torre Lamberti,"['Sighseeing', 'Centro Fotografia', 'Museo Conte', 'Casa Giulietta', 'Palazzo della Ragione']",Santa Anastasia,strategy_nearest,False,0.0038619041442871094,success
047403429C4C84,0,"['Arena', 'Casa Giulietta']",Teatro Romano,"['Santa Anastasia', 'Duomo', 'AMO', 'Palazzo della Ragione', 'Museo Conte']",Castelvecchio,strategy_nearest,False,0.0031633377075195312,success
04740A429C4C84,1,"['Palazzo della Ragione', 'Torre Lamberti']",Casa Giulietta,"['Centro Fotografia', 'Sighseeing', 'Museo Conte', 'Museo Radio', 'San Fermo']",Santa Anastasia,strategy_nearest,False,0.00337982177734375,success
04740F3A9C4C80,3,['Arena'],Casa Giulietta,"['Centro Fotografia', 'Sighseeing', 'Torre Lamberti', 'Museo Conte', 'Museo Radio']",Santa Anastasia,strategy_nearest,False,0.0025076866149902344,success
04740D429C4C84,0,['Arena'],Casa Giulietta,"['Centro Fotografia', 'Sighseeing', 'Torre Lamberti', 'Museo Conte', 'Museo Radio']",Castelvecchio,strategy_nearest,False,0.003173828125,success
047410429C4C80,0,['Arena'],Casa Giulietta,"['Centro Fotografia', 'Sighseeing', 'Torre Lamberti', 'Museo Conte', 'Museo Radio']",Tomba Giulietta,strategy_nearest,False,0.002529621124267578,success
04740F429C4C80,1,"['Arena', 'Casa Giulietta']",Palazzo della Ragione,"['AMO', 'Museo Conte', 'Torre Lamberti', 'Centro Fotografia', 'Sighseeing']",Torre Lamberti,strategy_nearest,True,0.003740072250366211,success
0474104A9C4C80,0,['Arena'],Teatro Romano,"['Santa Anastasia', 'Duomo', 'AMO', 'Palazzo della Ragione', 'Museo Conte']",Castelvecchio,strategy_nearest,False,0.0033588409423828125,success
0474164A9C4C80,2,['Santa Anastasia'],Torre Lamberti,"['Sighseeing', 'Centro Fotografia', 'Museo Conte', 'Casa Giulietta', 'Palazzo della Ragione']",San Fermo,strategy_nearest,False,0.0032601356506347656,success
047418429C4C84,3,"['Casa Giulietta', 'Santa Anastasia', 'San Zeno', 'Arena']",Tomba Giulietta,"['San Fermo', 'Museo Storia', 'Museo Lapidario', 'Museo Radio', 'Verona Tour']",San Fermo,strategy_nearest,True,0.0022237300872802734,success
04741E4A9C4C80,2,['Teatro Romano'],Giardino Giusti,"['Santa Anastasia', 'Museo Conte', 'Centro Fotografia', 'Museo Storia', 'AMO']",Castelvecchio,strategy_nearest,False,0.0022211074829101562,success
047424429C4C84,3,"['Arena', 'Casa Giulietta', 'Torre Lamberti']",Duomo,"['AMO', 'Museo Miniscalchi', 'Santa Anastasia', 'Teatro Romano', 'Palazzo della Ragione']",Teatro Romano,strategy_nearest,True,0.0024912357330322266,success
047425429C4C84,1,"['Palazzo della Ragione', 'Torre Lamberti', 'Casa Giulietta']",Duomo,"['AMO', 'Museo Miniscalchi', 'Santa Anastasia', 'Teatro Romano', 'Museo Conte']",Arena,strategy_nearest,False,0.003140687942504883,success
04741F3A9C4C84,3,"['Castelvecchio', 'Arena']",San Fermo,"['Museo Storia', 'Museo Radio', 'Casa Giulietta', 'Centro Fotografia', 'Sighseeing']",Santa Anastasia,strategy_nearest,False,0.003701925277709961,success
04742E3A9C4C80,1,['Arena'],Casa Giulietta,"['Centro Fotografia', 'Sighseeing', 'Torre Lamberti', 'Museo Conte', 'Museo Radio']",Palazzo della Ragione,strategy_nearest,False,0.003267049789428711,success
04742B3A9C4C80,1,"['Castelvecchio', 'Arena', 'San Fermo']",Casa Giulietta,"['Centro Fotografia', 'Sighseeing', 'Torre Lamberti', 'Museo Conte', 'Museo Radio']",Santa Anastasia,strategy_nearest,False,0.002583026885986328,success
047434429C4C80,0,['Arena'],Castelvecchio,"['Museo Lapidario', 'Verona Tour', 'Museo Radio', 'San Zeno', 'Sighseeing']",Giardino Giusti,strategy_nearest,False,0.00273895263671875,success
04743A4A9C4C80,2,"['Casa Giulietta', 'Torre Lamberti']",Duomo,"['AMO', 'Museo Miniscalchi', 'Santa Anastasia', 'Teatro Romano', 'Palazzo della Ragione']",Santa Anastasia,strategy_nearest,True,0.0032949447631835938,success
047445429C4C80,0,"['Casa Giulietta', 'Torre Lamberti']",Castelvecchio,"['Museo Lapidario', 'Verona Tour', 'Arena', 'Museo Radio', 'San Zeno']",Arena,strategy_nearest,True,0.0023651123046875,success
047446429C4C80,3,"['Arena', 'Casa Giulietta', 'San Fermo']",Duomo,"['AMO', 'Museo Miniscalchi', 'Santa Anastasia', 'Teatro Romano', 'Palazzo della Ragione']",Castelvecchio,strategy_nearest,False,0.0033767223358154297,success
047452429C4C80,1,"['Castelvecchio', 'Casa Giulietta', 'Arena']",Torre Lamberti,"['Sighseeing', 'Centro Fotografia', 'Museo Conte', 'Palazzo della Ragione', 'AMO']",Palazzo della Ragione,strategy_nearest,True,0.0025873184204101562,success
047454429C4C80,1,"['Arena', 'San Zeno', 'Palazzo della Ragione']",Torre Lamberti,"['Sighseeing', 'Centro Fotografia', 'Museo Conte', 'Casa Giulietta', 'AMO']",Casa Giulietta,strategy_nearest,True,0.003976106643676758,success
047458429C4C80,0,['Arena'],Casa Giulietta,"['Centro Fotografia', 'Sighseeing', 'Torre Lamberti', 'Museo Conte', 'Museo Radio']",Torre Lamberti,strategy_nearest,True,0.0024881362915039062,success
0474593A9C4C80,4,"['Arena', 'Castelvecchio', 'Museo Lapidario', 'Teatro Romano']",Museo Radio,"['Casa Giulietta', 'San Fermo', 'Sighseeing', 'Torre Lamberti', 'Centro Fotografia']",San Fermo,strategy_nearest,True,0.0052530765533447266,success
04745F429C4C80,2,['Casa Giulietta'],Torre Lamberti,"['Sighseeing', 'Centro Fotografia', 'Museo Conte', 'Palazzo della Ragione', 'AMO']",Santa Anastasia,strategy_nearest,False,0.0016698837280273438,success
04745C429C4C80,3,"['Santa Anastasia', 'Duomo']",San Zeno,"['Castelvecchio', 'Verona Tour', 'Museo Lapidario', 'Arena', 'Museo Miniscalchi']",Castelvecchio,strategy_nearest,True,0.003762960433959961,success
0474693A9C4C80,1,"['Arena', 'Castelvecchio', 'San Zeno']",Torre Lamberti,"['Sighseeing', 'Centro Fotografia', 'Museo Conte', 'Casa Giulietta', 'Palazzo della Ragione']",Palazzo della Ragione,strategy_nearest,True,0.0031299591064453125,success
047469429C4C80,3,['Arena'],Santa Anastasia,"['AMO', 'Museo Conte', 'Palazzo della Ragione', 'Teatro Romano', 'Centro Fotografia']",Teatro Romano,strategy_nearest,True,0.0015900135040283203,success
0474834A9C4C80,0,['Arena'],Casa Giulietta,"['Centro Fotografia', 'Sighseeing', 'Torre Lamberti', 'Museo Conte', 'Museo Radio']",Torre Lamberti,strategy_nearest,True,0.0021209716796875,success
0474773A9C4C80,1,"['Arena', 'Casa Giulietta', 'San Fermo']",Palazzo della Ragione,"['AMO', 'Museo Conte', 'Torre Lamberti', 'Centro Fotografia', 'Sighseeing']",Torre Lamberti,strategy_nearest,True,0.0031499862670898438,success
047484429C4C80,1,"['Casa Giulietta', 'Santa Anastasia', 'Teatro Romano']",Torre Lamberti,"['Sighseeing', 'Centro Fotografia', 'Museo Conte', 'Palazzo della Ragione', 'AMO']",Palazzo della Ragione,strategy_nearest,True,0.002561807632446289,success
0474824A9C4C80,2,['Santa Anastasia'],Torre Lamberti,"['Sighseeing', 'Centro Fotografia', 'Museo Conte', 'Casa Giulietta', 'Palazzo della Ragione']",Giardino Giusti,strategy_nearest,False,0.004194021224975586,success
0474863A9C4C80,2,['Casa Giulietta'],Torre Lamberti,"['Sighseeing', 'Centro Fotografia', 'Museo Conte', 'Palazzo della Ragione', 'AMO']",Palazzo della Ragione,strategy_nearest,True,0.0014150142669677734,success
047485429C4C80,1,"['Casa Giulietta', 'Torre Lamberti', 'Palazzo della Ragione']",San Fermo,"['Museo Storia', 'Museo Radio', 'Centro Fotografia', 'Arena', 'Sighseeing']",Tomba Giulietta,strategy_nearest,False,0.003316164016723633,success
0474844A9C4C80,1,"['Arena', 'Castelvecchio', 'Torre Lamberti']",Palazzo della Ragione,"['AMO', 'Museo Conte', 'Centro Fotografia', 'Sighseeing', 'Santa Anastasia']",Casa Giulietta,strategy_nearest,False,0.0034291744232177734,success
04748B4A9C4C80,0,['Arena'],Casa Giulietta,"['Centro Fotografia', 'Sighseeing', 'Torre Lamberti', 'Museo Conte', 'Museo Radio']",Duomo,strategy_nearest,False,0.0022232532501220703,success
04748F4A9C4C80,3,['Arena'],Santa Anastasia,"['AMO', 'Museo Conte', 'Palazzo della Ragione', 'Teatro Romano', 'Centro Fotografia']",Torre Lamberti,strategy_nearest,False,0.002782106399536133,success
0474924A9C4C80,0,['Arena'],Torre Lamberti,"['Sighseeing', 'Centro Fotografia', 'Museo Conte', 'Casa Giulietta', 'Palazzo della Ragione']",Casa Giulietta,strategy_nearest,True,0.0032999515533447266,success
04748C3A9C4C80,3,"['Castelvecchio', 'Arena']",Casa Giulietta,"['Centro Fotografia', 'Sighseeing', 'Torre Lamberti', 'Museo Conte', 'Museo Radio']",Santa Anastasia,strategy_nearest,False,0.0015208721160888672,success
0474944A9C4C80,0,['Arena'],Casa Giulietta,"['Centro Fotografia', 'Sighseeing', 'Torre Lamberti', 'Museo Conte', 'Museo Radio']",Santa Anastasia,strategy_nearest,False,0.0019168853759765625,success
047499429C4C80,3,"['Arena', 'Castelvecchio']",Santa Anastasia,"['AMO', 'Museo Conte', 'Palazzo della Ragione', 'Teatro Romano', 'Centro Fotografia']",Duomo,strategy_nearest,False,0.0033528804779052734,success
047494429C4C80,3,['Giardino Giusti'],San Zeno,"['Castelvecchio', 'Verona Tour', 'Museo Lapidario', 'Arena', 'Museo Miniscalchi']",Arena,strategy_nearest,True,0.002496004104614258,success
04749B4A9C4C80,1,['Arena'],Torre Lamberti,"['Sighseeing', 'Centro Fotografia', 'Museo Conte', 'Casa Giulietta', 'Palazzo della Ragione']",Palazzo della Ragione,strategy_nearest,True,0.0027091503143310547,success
04749E429C4C80,3,"['Arena', 'San Fermo']",Duomo,"['AMO', 'Museo Miniscalchi', 'Santa Anastasia', 'Teatro Romano', 'Palazzo della Ragione']",Teatro Romano,strategy_nearest,True,0.0023729801177978516,success
0474A1429C4C80,1,"['Arena', 'Castelvecchio', 'Torre Lamberti', 'Palazzo della Ragione']",Santa Anastasia,"['AMO', 'Museo Conte', 'Teatro Romano', 'Centro Fotografia', 'Duomo']",Casa Giulietta,strategy_nearest,False,0.00267791748046875,success
0474A0429C4C80,3,"['Casa Giulietta', 'Teatro Romano']",Duomo,"['AMO', 'Museo Miniscalchi', 'Santa Anastasia', 'Palazzo della Ragione', 'Museo Conte']",Arena,strategy_nearest,False,0.0019478797912597656,success
0474A64A9C4C80,2,['Torre Lamberti'],Palazzo della Ragione,"['AMO', 'Museo Conte', 'Centro Fotografia', 'Sighseeing', 'Santa Anastasia']",Santa Anastasia,strategy_nearest,True,0.0031371116638183594,success
0474AE3A9C4C80,0,['Arena'],Casa Giulietta,"['Centro Fotografia', 'Sighseeing', 'Torre Lamberti', 'Museo Conte', 'Museo Radio']",Duomo,strategy_nearest,False,0.003020048141479492,success
0474B6429C4C80,3,"['Arena', 'Casa Giulietta']",Castelvecchio,"['Museo Lapidario', 'Verona Tour', 'Museo Radio', 'San Zeno', 'Sighseeing']",San Zeno,strategy_nearest,True,0.0026121139526367188,success
0474BB3A9C4C80,0,['Tomba Giulietta'],Arena,"['Verona Tour', 'Museo Lapidario', 'Museo Radio', 'San Fermo', 'Casa Giulietta']",Casa Giulietta,strategy_nearest,True,0.0032072067260742188,success
0474BC429C4C80,3,"['Arena', 'Casa Giulietta', 'Torre Lamberti', 'Santa Anastasia']",Duomo,"['AMO', 'Museo Miniscalchi', 'Teatro Romano', 'Palazzo della Ragione', 'Museo Conte']",Teatro Romano,strategy_nearest,True,0.003434896469116211,success
0474BD3A9C4C80,1,"['Arena', 'Casa Giulietta']",Torre Lamberti,"['Sighseeing', 'Centro Fotografia', 'Museo Conte', 'Palazzo della Ragione', 'AMO']",Palazzo della Ragione,strategy_nearest,True,0.002978086471557617,success
0474BF3A9C4C80,6,"['Arena', 'Casa Giulietta']",Torre Lamberti,"['Sighseeing', 'Centro Fotografia', 'Museo Conte', 'Palazzo della Ragione', 'AMO']",Verona Tour,strategy_nearest,False,0.0037038326263427734,success
0474D03A9C4C80,2,['Castelvecchio'],San Zeno,"['Verona Tour', 'Museo Lapidario', 'Arena', 'Museo Miniscalchi', 'Sighseeing']",Torre Lamberti,strategy_nearest,False,0.002625703811645508,success
0474CF429C4C80,1,"['Arena', 'Museo Lapidario', 'Tomba Giulietta', 'San Fermo']",Casa Giulietta,"['Centro Fotografia', 'Sighseeing', 'Torre Lamberti', 'Museo Conte', 'Museo Radio']",Torre Lamberti,strategy_nearest,True,0.0024368762969970703,success
0474DC429C4C80,2,"['Tomba Giulietta', 'Casa Giulietta', 'Palazzo della Ragione']",Torre Lamberti,"['Sighseeing', 'Centro Fotografia', 'Museo Conte', 'AMO', 'Museo Miniscalchi']",Santa Anastasia,strategy_nearest,False,0.003050088882446289,success
0474E93A9C4C80,0,['Arena'],Casa Giulietta,"['Centro Fotografia', 'Sighseeing', 'Torre Lamberti', 'Museo Conte', 'Museo Radio']",Torre Lamberti,strategy_nearest,True,0.0021200180053710938,success
0474FE3A9C4C80,0,"['Casa Giulietta', 'Torre Lamberti']",Arena,"['Verona Tour', 'Museo Lapidario', 'Museo Radio', 'San Fermo', 'Sighseeing']",Castelvecchio,strategy_nearest,False,0.0025339126586914062,success
0474EB3A9C4C80,0,['Arena'],Museo Lapidario,"['Verona Tour', 'Castelvecchio', 'Museo Radio', 'San Fermo', 'Casa Giulietta']",Castelvecchio,strategy_nearest,True,0.0021021366119384766,success
0474E73A9C4C80,1,"['Arena', 'Casa Giulietta']",Palazzo della Ragione,"['AMO', 'Museo Conte', 'Torre Lamberti', 'Centro Fotografia', 'Sighseeing']",Torre Lamberti,strategy_nearest,True,0.004644155502319336,success
0474FE429C4C80,4,"['Castelvecchio', 'Casa Giulietta', 'Torre Lamberti', 'Palazzo della Ragione', 'Tomba Giulietta', 'San Zeno']",Santa Anastasia,"['AMO', 'Museo Conte', 'Teatro Romano', 'Centro Fotografia', 'Duomo']",Teatro Romano,strategy_nearest,True,0.0027229785919189453,success
047506429C4C84,3,"['Duomo', 'Santa Anastasia', 'Casa Giulietta']",San Zeno,"['Castelvecchio', 'Verona Tour', 'Museo Lapidario', 'Arena', 'Museo Miniscalchi']",Arena,strategy_nearest,True,0.0017826557159423828,success
04750A429C4C84,0,"['Casa Giulietta', 'Arena', 'Tomba Giulietta']",Castelvecchio,"['Museo Lapidario', 'Verona Tour', 'Museo Radio', 'San Zeno', 'Sighseeing']",Torre Lamberti,strategy_nearest,False,0.0026679039001464844,success
047507429C4C84,1,"['Arena', 'Casa Giulietta', 'Palazzo della Ragione']",Torre Lamberti,"['Sighseeing', 'Centro Fotografia', 'Museo Conte', 'AMO', 'Museo Miniscalchi']",Museo Lapidario,strategy_nearest,False,0.0033600330352783203,success
04750B3A9C4C84,0,['Casa Giulietta'],Torre Lamberti,"['Sighseeing', 'Centro Fotografia', 'Museo Conte', 'Palazzo della Ragione', 'AMO']",Arena,strategy_nearest,False,0.0022308826446533203,success
0475124A9C4C80,1,"['Arena', 'Casa Giulietta']",Palazzo della Ragione,"['AMO', 'Museo Conte', 'Torre Lamberti', 'Centro Fotografia', 'Sighseeing']",Torre Lamberti,strategy_nearest,True,0.0024361610412597656,success
04750C4A9C4C80,3,['Castelvecchio'],San Fermo,"['Museo Storia', 'Museo Radio', 'Casa Giulietta', 'Centro Fotografia', 'Arena']",Arena,strategy_nearest,True,0.004005908966064453,success
04750E429C4C84,0,['Casa Giulietta'],Museo Lapidario,"['Verona Tour', 'Arena', 'Castelvecchio', 'Museo Radio', 'San Fermo']",Arena,strategy_nearest,True,0.002768278121948242,success
047513429C4C80,3,['Arena'],Casa Giulietta,"['Centro Fotografia', 'Sighseeing', 'Torre Lamberti', 'Museo Conte', 'Museo Radio']",Santa Anastasia,strategy_nearest,False,0.0031919479370117188,success
047516429C4C84,3,"['Casa Giulietta', 'Museo Lapidario', 'Santa Anastasia']",Duomo,"['AMO', 'Museo Miniscalchi', 'Teatro Romano', 'Palazzo della Ragione', 'Museo Conte']",Castelvecchio,strategy_nearest,False,0.002736806869506836,success
0475183A9C4C80,0,['Arena'],Torre Lamberti,"['Sighseeing', 'Centro Fotografia', 'Museo Conte', 'Casa Giulietta', 'Palazzo della Ragione']",Casa Giulietta,strategy_nearest,True,0.0024290084838867188,success
04751A3A9C4C80,2,['Casa Giulietta'],Torre Lamberti,"['Sighseeing', 'Centro Fotografia', 'Museo Conte', 'Palazzo della Ragione', 'AMO']",Duomo,strategy_nearest,False,0.0029299259185791016,success
0475164A9C4C80,1,"['Arena', 'Casa Giulietta']",Palazzo della Ragione,"['AMO', 'Museo Conte', 'Torre Lamberti', 'Centro Fotografia', 'Sighseeing']",Torre Lamberti,strategy_nearest,True,0.0026378631591796875,success
04751A429C4C80,6,"['San Zeno', 'Castelvecchio', 'Arena', 'Casa Giulietta', 'Verona Tour']",Santa Anastasia,"['AMO', 'Museo Conte', 'Palazzo della Ragione', 'Teatro Romano', 'Centro Fotografia']",Duomo,strategy_nearest,False,0.0022058486938476562,success
0475213A9C4C80,1,"['Castelvecchio', 'Arena']",Casa Giulietta,"['Centro Fotografia', 'Sighseeing', 'Torre Lamberti', 'Museo Conte', 'Museo Radio']",Torre Lamberti,strategy_nearest,True,0.0019328594207763672,success
04751B3A9C4C80,0,['Arena'],Casa Giulietta,"['Centro Fotografia', 'Sighseeing', 'Torre Lamberti', 'Museo Conte', 'Museo Radio']",Castelvecchio,strategy_nearest,False,0.0032711029052734375,success
04751C3A9C4C80,3,"['Arena', 'Casa Giulietta']",Torre Lamberti,"['Sighseeing', 'Centro Fotografia', 'Museo Conte', 'Palazzo della Ragione', 'AMO']",Santa Anastasia,strategy_nearest,False,0.0032858848571777344,success
047523429C4C84,0,['Arena'],Casa Giulietta,"['Centro Fotografia', 'Sighseeing', 'Torre Lamberti', 'Museo Conte', 'Museo Radio']",Torre Lamberti,strategy_nearest,True,0.0025920867919921875,success
047524429C4C84,1,"['Arena', 'Santa Anastasia']",Duomo,"['AMO', 'Museo Miniscalchi', 'Teatro Romano', 'Palazzo della Ragione', 'Museo Conte']",Torre Lamberti,strategy_nearest,False,0.0018150806427001953,success
047529429C4C84,3,"['Arena', 'Tomba Giulietta', 'Casa Giulietta']",Teatro Romano,"['Santa Anastasia', 'Duomo', 'AMO', 'Palazzo della Ragione', 'Museo Conte']",Duomo,strategy_nearest,True,0.0026149749755859375,success
047550429C4C80,2,"['Palazzo della Ragione', 'Torre Lamberti']",Santa Anastasia,"['AMO', 'Museo Conte', 'Teatro Romano', 'Centro Fotografia', 'Duomo']",Teatro Romano,strategy_nearest,True,0.002470254898071289,success
04753A3A9C4C80,2,"['Casa Giulietta', 'Torre Lamberti', 'Palazzo della Ragione']",Santa Anastasia,"['AMO', 'Museo Conte', 'Teatro Romano', 'Centro Fotografia', 'Duomo']",Duomo,strategy_nearest,True,0.0017960071563720703,success
04752F3A9C4C80,2,['Castelvecchio'],Palazzo della Ragione,"['AMO', 'Museo Conte', 'Torre Lamberti', 'Centro Fotografia', 'Sighseeing']",Santa Anastasia,strategy_nearest,False,0.0034461021423339844,success
047555429C4C80,0,['Castelvecchio'],Arena,"['Verona Tour', 'Museo Lapidario', 'Museo Radio', 'San Fermo', 'Casa Giulietta']",Casa Giulietta,strategy_nearest,True,0.0032110214233398438,success
04755D429C4C80,0,['Arena'],Casa Giulietta,"['Centro Fotografia', 'Sighseeing', 'Torre Lamberti', 'Museo Conte', 'Museo Radio']",Castelvecchio,strategy_nearest,False,0.0012638568878173828,success
04755B429C4C80,0,['Arena'],Casa Giulietta,"['Centro Fotografia', 'Sighseeing', 'Torre Lamberti', 'Museo Conte', 'Museo Radio']",Teatro Romano,strategy_nearest,False,0.003161907196044922,success
0475593A9C4C80,3,"['Arena', 'Casa Giulietta', 'Torre Lamberti']",Duomo,"['AMO', 'Museo Miniscalchi', 'Santa Anastasia', 'Teatro Romano', 'Palazzo della Ragione']",Castelvecchio,strategy_nearest,False,0.0026259422302246094,success
04756F3A9C4C80,3,"['San Fermo', 'San Zeno', 'Arena', 'Casa Giulietta']",Torre Lamberti,"['Sighseeing', 'Centro Fotografia', 'Museo Conte', 'Palazzo della Ragione', 'AMO']",Teatro Romano,strategy_nearest,False,0.003263235092163086,success
047575429C4C80,1,"['Arena', 'Casa Giulietta']",Torre Lamberti,"['Sighseeing', 'Centro Fotografia', 'Museo Conte', 'Palazzo della Ragione', 'AMO']",Palazzo della Ragione,strategy_nearest,True,0.0017561912536621094,success
047576429C4C80,3,"['Arena', 'Museo Lapidario', 'Castelvecchio']",Torre Lamberti,"['Sighseeing', 'Centro Fotografia', 'Museo Conte', 'Casa Giulietta', 'Palazzo della Ragione']",Casa Giulietta,strategy_nearest,True,0.0026891231536865234,success
0475834A9C4C80,3,"['Arena', 'Casa Giulietta']",Santa Anastasia,"['AMO', 'Museo Conte', 'Palazzo della Ragione', 'Teatro Romano', 'Centro Fotografia']",Duomo,strategy_nearest,False,0.0039119720458984375,success
047584429C4C80,2,"['Casa Giulietta', 'Casa Giulietta', 'Torre Lamberti']",Palazzo della Ragione,"['AMO', 'Museo Conte', 'Centro Fotografia', 'Sighseeing', 'Santa Anastasia']",Santa Anastasia,strategy_nearest,True,0.0024881362915039062,success
047582429C4C80,1,"['Casa Giulietta', 'Palazzo della Ragione', 'Torre Lamberti']",Santa Anastasia,"['AMO', 'Museo Conte', 'Teatro Romano', 'Centro Fotografia', 'Duomo']",Arena,strategy_nearest,False,0.002805948257446289,success
0475863A9C4C80,1,['Castelvecchio'],Arena,"['Verona Tour', 'Museo Lapidario', 'Museo Radio', 'San Fermo', 'Casa Giulietta']",Palazzo della Ragione,strategy_nearest,False,0.0027227401733398438,success
0475854A9C4C80,0,['Arena'],San Fermo,"['Museo Storia', 'Museo Radio', 'Casa Giulietta', 'Centro Fotografia', 'Sighseeing']",Torre Lamberti,strategy_nearest,False,0.0016891956329345703,success
04758C4A9C4C80,3,"['Arena', 'Museo Lapidario']",Casa Giulietta,"['Centro Fotografia', 'Sighseeing', 'Torre Lamberti', 'Museo Conte', 'Museo Radio']",Torre Lamberti,strategy_nearest,True,0.002065896987915039,success
04758B4A9C4C80,1,"['Arena', 'Casa Giulietta']",Torre Lamberti,"['Sighseeing', 'Centro Fotografia', 'Museo Conte', 'Palazzo della Ragione', 'AMO']",Palazzo della Ragione,strategy_nearest,True,0.0034041404724121094,success
047594429C4C80,3,"['San Zeno', 'Castelvecchio', 'Santa Anastasia']",Duomo,"['AMO', 'Museo Miniscalchi', 'Teatro Romano', 'Palazzo della Ragione', 'Museo Conte']",Arena,strategy_nearest,False,0.001964092254638672,success
04759B429C4C80,0,['Arena'],San Zeno,"['Castelvecchio', 'Verona Tour', 'Museo Lapidario', 'Museo Miniscalchi', 'Sighseeing']",Duomo,strategy_nearest,False,0.002412080764770508,success
0475914A9C4C80,1,"['Arena', 'Torre Lamberti']",Palazzo della Ragione,"['AMO', 'Museo Conte', 'Centro Fotografia', 'Sighseeing', 'Santa Anastasia']",Santa Anastasia,strategy_nearest,True,0.0025908946990966797,success
04759C429C4C80,3,['Arena'],Torre Lamberti,"['Sighseeing', 'Centro Fotografia', 'Museo Conte', 'Casa Giulietta', 'Palazzo della Ragione']",Santa Anastasia,strategy_nearest,False,0.0034210681915283203,success
0475A3429C4C80,1,"['Arena', 'Castelvecchio', 'Torre Lamberti']",Palazzo della Ragione,"['AMO', 'Museo Conte', 'Centro Fotografia', 'Sighseeing', 'Santa Anastasia']",Santa Anastasia,strategy_nearest,True,0.0020771026611328125,success
0475A14A9C4C80,0,['Arena'],Casa Giulietta,"['Centro Fotografia', 'Sighseeing', 'Torre Lamberti', 'Museo Conte', 'Museo Radio']",Torre Lamberti,strategy_nearest,True,0.0027408599853515625,success
0475A64A9C4C80,1,"['Arena', 'Torre Lamberti']",Palazzo della Ragione,"['AMO', 'Museo Conte', 'Centro Fotografia', 'Sighseeing', 'Santa Anastasia']",Casa Giulietta,strategy_nearest,False,0.0034110546112060547,success
0475B73A9C4C80,3,['Arena'],Casa Giulietta,"['Centro Fotografia', 'Sighseeing', 'Torre Lamberti', 'Museo Conte', 'Museo Radio']",Torre Lamberti,strategy_nearest,True,0.002621173858642578,success
0475A93A9C4C80,0,['Arena'],Torre Lamberti,"['Sighseeing', 'Centro Fotografia', 'Museo Conte', 'Casa Giulietta', 'Palazzo della Ragione']",Casa Giulietta,strategy_nearest,True,0.003229856491088867,success
0475B8429C4C80,0,['Casa Giulietta'],Arena,"['Verona Tour', 'Museo Lapidario', 'Museo Radio', 'San Fermo', 'Sighseeing']",Teatro Romano,strategy_nearest,False,0.003084897994995117,success
0475AA429C4C80,2,['Castelvecchio'],Casa Giulietta,"['Centro Fotografia', 'Sighseeing', 'Torre Lamberti', 'Museo Conte', 'Museo Radio']",Teatro Romano,strategy_nearest,False,0.0033440589904785156,success
0475C2429C4C80,1,"['Arena', 'Torre Lamberti']",Palazzo della Ragione,"['AMO', 'Museo Conte', 'Centro Fotografia', 'Sighseeing', 'Santa Anastasia']",Santa Anastasia,strategy_nearest,True,0.002725839614868164,success
0475BC429C4C80,2,"['San Zeno', 'Torre Lamberti', 'Palazzo della Ragione']",Casa Giulietta,"['Centro Fotografia', 'Sighseeing', 'Museo Conte', 'Museo Radio', 'San Fermo']",Santa Anastasia,strategy_nearest,False,0.0033059120178222656,success
0475CD3A9C4C80,1,"['Arena', 'Casa Giulietta']",Palazzo della Ragione,"['AMO', 'Museo Conte', 'Torre Lamberti', 'Centro Fotografia', 'Sighseeing']",Torre Lamberti,strategy_nearest,True,0.0031769275665283203,success
0475CC3A9C4C80,3,"['San Fermo', 'Arena']",San Zeno,"['Castelvecchio', 'Verona Tour', 'Museo Lapidario', 'Museo Miniscalchi', 'Sighseeing']",Duomo,strategy_nearest,False,0.0012850761413574219,success
0475CE3A9C4C80,0,['Arena'],Casa Giulietta,"['Centro Fotografia', 'Sighseeing', 'Torre Lamberti', 'Museo Conte', 'Museo Radio']",Torre Lamberti,strategy_nearest,True,0.002171754837036133,success
0475DC3A9C4C80,2,"['Castelvecchio', 'Casa Giulietta']",Torre Lamberti,"['Sighseeing', 'Centro Fotografia', 'Museo Conte', 'Palazzo della Ragione', 'AMO']",Palazzo della Ragione,strategy_nearest,True,0.0019800662994384766,success
0475D73A9C4C80,1,['Arena'],Casa Giulietta,"['Centro Fotografia', 'Sighseeing', 'Torre Lamberti', 'Museo Conte', 'Museo Radio']",Torre Lamberti,strategy_nearest,True,0.0032470226287841797,success
0475D53A9C4C80,1,"['Arena', 'Palazzo della Ragione']",Torre Lamberti,"['Sighseeing', 'Centro Fotografia', 'Museo Conte', 'Casa Giulietta', 'AMO']",San Zeno,strategy_nearest,False,0.0028018951416015625,success
0475E63A9C4C80,2,['Duomo'],Santa Anastasia,"['AMO', 'Museo Conte', 'Palazzo della Ragione', 'Teatro Romano', 'Centro Fotografia']",Castelvecchio,strategy_nearest,False,0.0022230148315429688,success
047604429C4C84,1,"['San Zeno', 'Santa Anastasia', 'Duomo', 'Teatro Romano', 'San Fermo']",Tomba Giulietta,"['Museo Storia', 'Arena', 'Museo Lapidario', 'Museo Radio', 'Verona Tour']",Museo Lapidario,strategy_nearest,True,0.0020470619201660156,success
0475EC429C4C80,3,"['Casa Giulietta', 'Arena', 'Tomba Giulietta']",Santa Anastasia,"['AMO', 'Museo Conte', 'Palazzo della Ragione', 'Teatro Romano', 'Centro Fotografia']",Duomo,strategy_nearest,False,0.003397703170776367,success
04760C3A9C4C84,0,"['Castelvecchio', 'Casa Giulietta']",Torre Lamberti,"['Sighseeing', 'Centro Fotografia', 'Museo Conte', 'Palazzo della Ragione', 'AMO']",Duomo,strategy_nearest,False,0.0027611255645751953,success
04760F4A9C4C80,2,"['Palazzo della Ragione', 'Torre Lamberti', 'Santa Anastasia']",Teatro Romano,"['Duomo', 'AMO', 'Museo Conte', 'Centro Fotografia', 'Museo Miniscalchi']",Duomo,strategy_nearest,True,0.003954887390136719,success
047614429C4C84,3,"['Arena', 'San Zeno']",Duomo,"['AMO', 'Museo Miniscalchi', 'Santa Anastasia', 'Teatro Romano', 'Palazzo della Ragione']",Santa Anastasia,strategy_nearest,True,0.0023767948150634766,success
047617429C4C84,0,['Arena'],Casa Giulietta,"['Centro Fotografia', 'Sighseeing', 'Torre Lamberti', 'Museo Conte', 'Museo Radio']",Teatro Romano,strategy_nearest,False,0.002705097198486328,success
0476183A9C4C80,3,"['Teatro Romano', 'Duomo']",Santa Anastasia,"['AMO', 'Museo Conte', 'Palazzo della Ragione', 'Centro Fotografia', 'Torre Lamberti']",Arena,strategy_nearest,False,0.003262042999267578,success
0476304A9C4C80,0,"['Casa Giulietta', 'Torre Lamberti']",Castelvecchio,"['Museo Lapidario', 'Verona Tour', 'Arena', 'Museo Radio', 'San Zeno']",Arena,strategy_nearest,True,0.002688884735107422,success
04763A429C4C80,3,"['San Zeno', 'Torre Lamberti']",Santa Anastasia,"['AMO', 'Museo Conte', 'Palazzo della Ragione', 'Teatro Romano', 'Centro Fotografia']",Duomo,strategy_nearest,False,0.0019659996032714844,success
0476213A9C4C80,3,"['Duomo', 'Santa Anastasia']",Casa Giulietta,"['Centro Fotografia', 'Sighseeing', 'Torre Lamberti', 'Museo Conte', 'Museo Radio']",Arena,strategy_nearest,False,0.004563808441162109,success
0476224A9C4C80,1,"['Arena', 'Castelvecchio', 'Duomo']",Teatro Romano,"['Santa Anastasia', 'AMO', 'Palazzo della Ragione', 'Museo Conte', 'Centro Fotografia']",Casa Giulietta,strategy_nearest,False,0.002749919891357422,success
04764E429C4C80,3,"['Arena', 'Casa Giulietta']",Torre Lamberti,"['Sighseeing', 'Centro Fotografia', 'Museo Conte', 'Palazzo della Ragione', 'AMO']",Duomo,strategy_nearest,False,0.002512216567993164,success
047648429C4C80,1,"['Castelvecchio', 'Arena', 'Casa Giulietta']",Torre Lamberti,"['Sighseeing', 'Centro Fotografia', 'Museo Conte', 'Palazzo della Ragione', 'AMO']",Palazzo della Ragione,strategy_nearest,True,0.0013480186462402344,success
047656429C4C80,2,['Castelvecchio'],San Fermo,"['Museo Storia', 'Museo Radio', 'Casa Giulietta', 'Centro Fotografia', 'Arena']",Duomo,strategy_nearest,False,0.0033190250396728516,success
04763A4A9C4C80,2,"['Teatro Romano', 'Duomo', 'Santa Anastasia']",Torre Lamberti,"['Sighseeing', 'Centro Fotografia', 'Museo Conte', 'Casa Giulietta', 'Palazzo della Ragione']",Palazzo della Ragione,strategy_nearest,True,0.0019609928131103516,success
04765F429C4C80,0,['Arena'],Torre Lamberti,"['Sighseeing', 'Centro Fotografia', 'Museo Conte', 'Casa Giulietta', 'Palazzo della Ragione']",San Zeno,strategy_nearest,False,0.0025207996368408203,success
047657429C4C80,0,['Castelvecchio'],Arena,"['Verona Tour', 'Museo Lapidario', 'Museo Radio', 'San Fermo', 'Casa Giulietta']",Casa Giulietta,strategy_nearest,True,0.001950979232788086,success
047669429C4C80,0,['Tomba Giulietta'],Arena,"['Verona Tour', 'Museo Lapidario', 'Museo Radio', 'San Fermo', 'Casa Giulietta']",Casa Giulietta,strategy_nearest,True,0.002670764923095703,success
04766E3A9C4C80,1,"['Arena', 'Casa Giulietta', 'Palazzo della Ragione']",Santa Anastasia,"['AMO', 'Museo Conte', 'Teatro Romano', 'Centro Fotografia', 'Duomo']",Duomo,strategy_nearest,True,0.0032300949096679688,success
047674429C4C80,0,['Arena'],Casa Giulietta,"['Centro Fotografia', 'Sighseeing', 'Torre Lamberti', 'Museo Conte', 'Museo Radio']",Torre Lamberti,strategy_nearest,True,0.0016179084777832031,success
0476803A9C4C80,0,['Arena'],Castelvecchio,"['Museo Lapidario', 'Verona Tour', 'Museo Radio', 'San Zeno', 'Sighseeing']",Casa Giulietta,strategy_nearest,False,0.002074003219604492,success
0476753A9C4C80,3,"['Arena', 'Torre Lamberti', 'Santa Anastasia']",Teatro Romano,"['Duomo', 'AMO', 'Palazzo della Ragione', 'Museo Conte', 'Centro Fotografia']",Duomo,strategy_nearest,True,0.0028269290924072266,success
0476844A9C4C80,1,['Arena'],Palazzo della Ragione,"['AMO', 'Museo Conte', 'Torre Lamberti', 'Centro Fotografia', 'Sighseeing']",Torre Lamberti,strategy_nearest,True,0.002933025360107422,success
0476813A9C4C80,3,"['Casa Giulietta', 'San Fermo', 'Tomba Giulietta']",Arena,"['Verona Tour', 'Museo Lapidario', 'Museo Radio', 'Sighseeing', 'Castelvecchio']",Torre Lamberti,strategy_nearest,False,0.003957986831665039,success
0476854A9C4C80,0,['Arena'],Casa Giulietta,"['Centro Fotografia', 'Sighseeing', 'Torre Lamberti', 'Museo Conte', 'Museo Radio']",San Zeno,strategy_nearest,False,0.0022230148315429688,success
0476834A9C4C80,3,"['Arena', 'Casa Giulietta']",Torre Lamberti,"['Sighseeing', 'Centro Fotografia', 'Museo Conte', 'Palazzo della Ragione', 'AMO']",Santa Anastasia,strategy_nearest,False,0.0037970542907714844,success
047687429C4C80,1,"['Casa Giulietta', 'Torre Lamberti', 'Palazzo della Ragione']",Castelvecchio,"['Museo Lapidario', 'Verona Tour', 'Arena', 'Museo Radio', 'San Zeno']",Arena,strategy_nearest,True,0.0018591880798339844,success
04768A3A9C4C80,1,"['Tomba Giulietta', 'Arena']",Casa Giulietta,"['Centro Fotografia', 'Sighseeing', 'Torre Lamberti', 'Museo Conte', 'Museo Radio']",Palazzo della Ragione,strategy_nearest,False,0.0024352073669433594,success
04768D4A9C4C80,1,"['Arena', 'Casa Giulietta']",Duomo,"['AMO', 'Museo Miniscalchi', 'Santa Anastasia', 'Teatro Romano', 'Palazzo della Ragione']",Palazzo della Ragione,strategy_nearest,True,0.002557039260864258,success
047691C27B3F80,3,"['Santa Anastasia', 'Arena']",Torre Lamberti,"['Sighseeing', 'Centro Fotografia', 'Museo Conte', 'Casa Giulietta', 'Palazzo della Ragione']",San Fermo,strategy_nearest,False,0.0032079219818115234,success
04769D429C4C80,0,"['Arena', 'Castelvecchio']",Torre Lamberti,"['Sighseeing', 'Centro Fotografia', 'Museo Conte', 'Casa Giulietta', 'Palazzo della Ragione']",Teatro Romano,strategy_nearest,False,0.003437042236328125,success
04769E429C4C80,3,"['Arena', 'Santa Anastasia']",Casa Giulietta,"['Centro Fotografia', 'Sighseeing', 'Torre Lamberti', 'Museo Conte', 'Museo Radio']",San Fermo,strategy_nearest,False,0.001958131790161133,success
047696429C4C80,0,['Arena'],Casa Giulietta,"['Centro Fotografia', 'Sighseeing', 'Torre Lamberti', 'Museo Conte', 'Museo Radio']",San Fermo,strategy_nearest,False,0.0026509761810302734,success
047697429C4C80,0,['Arena'],Castelvecchio,"['Museo Lapidario', 'Verona Tour', 'Museo Radio', 'San Zeno', 'Sighseeing']",Torre Lamberti,strategy_nearest,False,0.004385948181152344,success
0476A2C27B3F80,2,"['Santa Anastasia', 'San Fermo']",Casa Giulietta,"['Centro Fotografia', 'Sighseeing', 'Torre Lamberti', 'Museo Conte', 'Museo Radio']",Torre Lamberti,strategy_nearest,True,0.002173185348510742,success
0476A3C27B3F80,2,"['Duomo', 'Teatro Romano']",Giardino Giusti,"['Santa Anastasia', 'Museo Conte', 'Centro Fotografia', 'Museo Storia', 'AMO']",Casa Giulietta,strategy_nearest,False,0.0021810531616210938,success
0476A63A9C4C80,3,"['San Zeno', 'Castelvecchio']",Arena,"['Verona Tour', 'Museo Lapidario', 'Museo Radio', 'San Fermo', 'Casa Giulietta']",Torre Lamberti,strategy_nearest,False,0.002771139144897461,success
0476AA3A9C4C80,0,['Arena'],Casa Giulietta,"['Centro Fotografia', 'Sighseeing', 'Torre Lamberti', 'Museo Conte', 'Museo Radio']",Tomba Giulietta,strategy_nearest,False,0.0033121109008789062,success
0476C23A9C4C80,0,['Arena'],Casa Giulietta,"['Centro Fotografia', 'Sighseeing', 'Torre Lamberti', 'Museo Conte', 'Museo Radio']",Santa Anastasia,strategy_nearest,False,0.0014851093292236328,success
0476C53A9C4C80,2,['Casa Giulietta'],Duomo,"['AMO', 'Museo Miniscalchi', 'Santa Anastasia', 'Teatro Romano', 'Palazzo della Ragione']",Teatro Romano,strategy_nearest,True,0.0026166439056396484,success
0476BC429C4C80,2,['Museo Lapidario'],Torre Lamberti,"['Sighseeing', 'Centro Fotografia', 'Museo Conte', 'Casa Giulietta', 'Palazzo della Ragione']",Castelvecchio,strategy_nearest,False,0.002772092819213867,success
0476B7429C4C80,0,"['Teatro Romano', 'Duomo']",Casa Giulietta,"['Centro Fotografia', 'Sighseeing', 'Torre Lamberti', 'Museo Conte', 'Museo Radio']",Arena,strategy_nearest,False,0.004654884338378906,success
0476EA3A9C4C80,1,"['Arena', 'Torre Lamberti']",Palazzo della Ragione,"['AMO', 'Museo Conte', 'Centro Fotografia', 'Sighseeing', 'Santa Anastasia']",Santa Anastasia,strategy_nearest,True,0.0014750957489013672,success
0476D43A9C4C80,0,['Tomba Giulietta'],Arena,"['Verona Tour', 'Museo Lapidario', 'Museo Radio', 'San Fermo', 'Casa Giulietta']",Teatro Romano,strategy_nearest,False,0.0021080970764160156,success
0476CE3A9C4C80,3,"['Arena', 'Torre Lamberti']",Santa Anastasia,"['AMO', 'Museo Conte', 'Palazzo della Ragione', 'Teatro Romano', 'Centro Fotografia']",Duomo,strategy_nearest,False,0.00401616096496582,success
0476CA3A9C4C80,0,['Arena'],Casa Giulietta,"['Centro Fotografia', 'Sighseeing', 'Torre Lamberti', 'Museo Conte', 'Museo Radio']",Palazzo della Ragione,strategy_nearest,False,0.003412961959838867,success
047701429C4C84,0,['Castelvecchio'],Arena,"['Verona Tour', 'Museo Lapidario', 'Museo Radio', 'San Fermo', 'Casa Giulietta']",Santa Anastasia,strategy_nearest,False,0.0020530223846435547,success
047706429C4C84,2,"['Casa Giulietta', 'Castelvecchio', 'Santa Anastasia']",San Fermo,"['Museo Storia', 'Museo Radio', 'Centro Fotografia', 'Arena', 'Sighseeing']",Tomba Giulietta,strategy_nearest,False,0.0032181739807128906,success
0476FC3A9C4C80,3,"['Arena', 'Casa Giulietta']",Santa Anastasia,"['AMO', 'Museo Conte', 'Palazzo della Ragione', 'Teatro Romano', 'Centro Fotografia']",Duomo,strategy_nearest,False,0.002206087112426758,success
0476F33A9C4C80,2,['Museo Lapidario'],Castelvecchio,"['Verona Tour', 'Arena', 'Museo Radio', 'San Zeno', 'Sighseeing']",Duomo,strategy_nearest,False,0.00410008430480957,success
047709429C4C84,4,"['Casa Giulietta', 'Palazzo della Ragione']",Santa Anastasia,"['AMO', 'Museo Conte', 'Teatro Romano', 'Centro Fotografia', 'Duomo']",Giardino Giusti,strategy_nearest,False,0.0021882057189941406,success
04770D4A9C4C80,2,"['Castelvecchio', 'Duomo', 'San Zeno']",San Fermo,"['Museo Storia', 'Museo Radio', 'Casa Giulietta', 'Centro Fotografia', 'Arena']",Casa Giulietta,strategy_nearest,True,0.002023935317993164,success
04770E429C4C84,0,['Casa Giulietta'],Museo Lapidario,"['Verona Tour', 'Arena', 'Castelvecchio', 'Museo Radio', 'San Fermo']",Arena,strategy_nearest,True,0.002760171890258789,success
0477123A9C4C80,0,['Arena'],Casa Giulietta,"['Centro Fotografia', 'Sighseeing', 'Torre Lamberti', 'Museo Conte', 'Museo Radio']",Santa Anastasia,strategy_nearest,False,0.002504110336303711,success
0477124A9C4C80,3,"['Arena', 'Castelvecchio']",San Zeno,"['Verona Tour', 'Museo Lapidario', 'Museo Miniscalchi', 'Sighseeing', 'Museo Radio']",San Fermo,strategy_nearest,False,0.0029408931732177734,success
0477154A9C4C80,1,"['Castelvecchio', 'Arena']",Torre Lamberti,"['Sighseeing', 'Centro Fotografia', 'Museo Conte', 'Casa Giulietta', 'Palazzo della Ragione']",Duomo,strategy_nearest,False,0.0026559829711914062,success
04771C429C4C84,1,"['Arena', 'Museo Lapidario', 'Castelvecchio']",Torre Lamberti,"['Sighseeing', 'Centro Fotografia', 'Museo Conte', 'Casa Giulietta', 'Palazzo della Ragione']",Palazzo della Ragione,strategy_nearest,True,0.001992940902709961,success
047717429C4C84,0,['Arena'],Casa Giulietta,"['Centro Fotografia', 'Sighseeing', 'Torre Lamberti', 'Museo Conte', 'Museo Radio']",Torre Lamberti,strategy_nearest,True,0.0033648014068603516,success
047716429C4C84,3,"['Casa Giulietta', 'Arena', 'Santa Anastasia']",Duomo,"['AMO', 'Museo Miniscalchi', 'Teatro Romano', 'Palazzo della Ragione', 'Museo Conte']",Teatro Romano,strategy_nearest,True,0.0034079551696777344,success
04771D429C4C84,3,"['Arena', 'Casa Giulietta']",Santa Anastasia,"['AMO', 'Museo Conte', 'Palazzo della Ragione', 'Teatro Romano', 'Centro Fotografia']",Teatro Romano,strategy_nearest,True,0.0037660598754882812,success
0477233A9C4C84,2,"['Castelvecchio', 'San Zeno']",Santa Anastasia,"['AMO', 'Museo Conte', 'Palazzo della Ragione', 'Teatro Romano', 'Centro Fotografia']",Casa Giulietta,strategy_nearest,False,0.0018239021301269531,success
0477223A9C4C84,2,"['Torre Lamberti', 'Santa Anastasia']",Casa Giulietta,"['Centro Fotografia', 'Sighseeing', 'Museo Conte', 'Museo Radio', 'Palazzo della Ragione']",Duomo,strategy_nearest,False,0.001953125,success
0477244A9C4C80,1,"['San Zeno', 'Castelvecchio', 'Arena', 'Museo Lapidario', 'Santa Anastasia']",San Fermo,"['Museo Storia', 'Museo Radio', 'Casa Giulietta', 'Centro Fotografia', 'Sighseeing']",Duomo,strategy_nearest,False,0.003314971923828125,success
0477294A9C4C80,2,"['Tomba Giulietta', 'Palazzo della Ragione', 'San Fermo']",Santa Anastasia,"['AMO', 'Museo Conte', 'Teatro Romano', 'Centro Fotografia', 'Duomo']",Duomo,strategy_nearest,True,0.002742767333984375,success
047726429C4C84,0,['Arena'],Casa Giulietta,"['Centro Fotografia', 'Sighseeing', 'Torre Lamberti', 'Museo Conte', 'Museo Radio']",Santa Anastasia,strategy_nearest,False,0.0021140575408935547,success
04772B3A9C4C80,3,"['Arena', 'Casa Giulietta', 'Santa Anastasia']",Duomo,"['AMO', 'Museo Miniscalchi', 'Teatro Romano', 'Palazzo della Ragione', 'Museo Conte']",Teatro Romano,strategy_nearest,True,0.003344297409057617,success
04772DC27B3F80,2,"['Duomo', 'Torre Lamberti', 'Palazzo della Ragione']",Santa Anastasia,"['AMO', 'Museo Conte', 'Teatro Romano', 'Centro Fotografia', 'Sighseeing']",San Fermo,strategy_nearest,False,0.002911090850830078,success
047733C27B3F80,3,"['Santa Anastasia', 'Torre Lamberti', 'Arena']",Teatro Romano,"['Duomo', 'AMO', 'Palazzo della Ragione', 'Museo Conte', 'Centro Fotografia']",San Fermo,strategy_nearest,False,0.0023550987243652344,success
04773A429C4C80,3,"['Torre Lamberti', 'Casa Giulietta', 'Santa Anastasia']",Castelvecchio,"['Museo Lapidario', 'Verona Tour', 'Arena', 'Museo Radio', 'San Zeno']",Tomba Giulietta,strategy_nearest,False,0.0034637451171875,success
04773C3A9C4C80,0,['Arena'],Teatro Romano,"['Santa Anastasia', 'Duomo', 'AMO', 'Palazzo della Ragione', 'Museo Conte']",Duomo,strategy_nearest,True,0.0032281875610351562,success
047737429C4C80,2,['Casa Giulietta'],Torre Lamberti,"['Sighseeing', 'Centro Fotografia', 'Museo Conte', 'Palazzo della Ragione', 'AMO']",Tomba Giulietta,strategy_nearest,False,0.0027039051055908203,success
047751429C4C80,2,['Torre Lamberti'],Giardino Giusti,"['Santa Anastasia', 'Teatro Romano', 'Museo Conte', 'Centro Fotografia', 'Museo Storia']",San Zeno,strategy_nearest,False,0.0017070770263671875,success
0477463A9C4C80,1,"['Castelvecchio', 'Museo Lapidario', 'Arena', 'San Fermo']",Casa Giulietta,"['Centro Fotografia', 'Sighseeing', 'Torre Lamberti', 'Museo Conte', 'Museo Radio']",Palazzo della Ragione,strategy_nearest,False,0.0026178359985351562,success
047745429C4C80,3,"['Castelvecchio', 'Santa Anastasia']",Duomo,"['AMO', 'Museo Miniscalchi', 'Teatro Romano', 'Palazzo della Ragione', 'Museo Conte']",Arena,strategy_nearest,False,0.0032439231872558594,success
047757429C4C80,1,"['Arena', 'Santa Anastasia', 'Teatro Romano', 'Torre Lamberti']",Palazzo della Ragione,"['AMO', 'Museo Conte', 'Centro Fotografia', 'Sighseeing', 'Museo Miniscalchi']",Casa Giulietta,strategy_nearest,False,0.0022919178009033203,success
04775C3A9C4C80,2,['Casa Giulietta'],Castelvecchio,"['Museo Lapidario', 'Verona Tour', 'Arena', 'Museo Radio', 'San Zeno']",Santa Anastasia,strategy_nearest,False,0.0024988651275634766,success
047770429C4C80,0,['Arena'],Casa Giulietta,"['Centro Fotografia', 'Sighseeing', 'Torre Lamberti', 'Museo Conte', 'Museo Radio']",Castelvecchio,strategy_nearest,False,0.002825021743774414,success
047774429C4C80,0,['Arena'],Casa Giulietta,"['Centro Fotografia', 'Sighseeing', 'Torre Lamberti', 'Museo Conte', 'Museo Radio']",Torre Lamberti,strategy_nearest,True,0.0027158260345458984,success
0477793A9C4C80,3,"['Arena', 'San Fermo']",Santa Anastasia,"['AMO', 'Museo Conte', 'Palazzo della Ragione', 'Teatro Romano', 'Centro Fotografia']",Duomo,strategy_nearest,False,0.003309011459350586,success
047779429C4C80,1,"['Arena', 'Casa Giulietta', 'Torre Lamberti']",Palazzo della Ragione,"['AMO', 'Museo Conte', 'Centro Fotografia', 'Sighseeing', 'Santa Anastasia']",San Fermo,strategy_nearest,False,0.0029549598693847656,success
0477944A9C4C80,0,['Arena'],Casa Giulietta,"['Centro Fotografia', 'Sighseeing', 'Torre Lamberti', 'Museo Conte', 'Museo Radio']",Castelvecchio,strategy_nearest,False,0.002118825912475586,success
04778F3A9C4C80,0,['Castelvecchio'],Arena,"['Verona Tour', 'Museo Lapidario', 'Museo Radio', 'San Fermo', 'Casa Giulietta']",Torre Lamberti,strategy_nearest,False,0.0034399032592773438,success
0477844A9C4C80,0,['Arena'],Casa Giulietta,"['Centro Fotografia', 'Sighseeing', 'Torre Lamberti', 'Museo Conte', 'Museo Radio']",Castelvecchio,strategy_nearest,False,0.002209901809692383,success
047799429C4C80,0,['Arena'],Palazzo della Ragione,"['AMO', 'Museo Conte', 'Torre Lamberti', 'Centro Fotografia', 'Sighseeing']",Casa Giulietta,strategy_nearest,False,0.0034492015838623047,success
0477A0429C4C80,2,"['Casa Giulietta', 'Duomo']",Torre Lamberti,"['Sighseeing', 'Centro Fotografia', 'Museo Conte', 'Palazzo della Ragione', 'AMO']",Tomba Giulietta,strategy_nearest,False,0.0015969276428222656,success
04779D4A9C4C80,3,['Arena'],Casa Giulietta,"['Centro Fotografia', 'Sighseeing', 'Torre Lamberti', 'Museo Conte', 'Museo Radio']",Santa Anastasia,strategy_nearest,False,0.0028607845306396484,success
0477A3429C4C80,1,"['Arena', 'Castelvecchio', 'Casa Giulietta']",Torre Lamberti,"['Sighseeing', 'Centro Fotografia', 'Museo Conte', 'Palazzo della Ragione', 'AMO']",Palazzo della Ragione,strategy_nearest,True,0.0030472278594970703,success
0477A1429C4C80,1,"['Arena', 'Casa Giulietta', 'Torre Lamberti']",Palazzo della Ragione,"['AMO', 'Museo Conte', 'Centro Fotografia', 'Sighseeing', 'Santa Anastasia']",Santa Anastasia,strategy_nearest,True,0.003350973129272461,success
0477A63A9C4C80,3,"['Arena', 'Casa Giulietta']",Duomo,"['AMO', 'Museo Miniscalchi', 'Santa Anastasia', 'Teatro Romano', 'Palazzo della Ragione']",Teatro Romano,strategy_nearest,True,0.0025632381439208984,success
0477A84A9C4C80,3,"['Arena', 'Casa Giulietta']",Torre Lamberti,"['Sighseeing', 'Centro Fotografia', 'Museo Conte', 'Palazzo della Ragione', 'AMO']",Duomo,strategy_nearest,False,0.0025861263275146484,success
0477A73A9C4C80,1,"['Arena', 'Torre Lamberti', 'Palazzo della Ragione']",Castelvecchio,"['Museo Lapidario', 'Verona Tour', 'Museo Radio', 'San Zeno', 'Sighseeing']",Casa Giulietta,strategy_nearest,False,0.0033059120178222656,success
0477A5429C4C80,2,['Santa Anastasia'],Casa Giulietta,"['Centro Fotografia', 'Sighseeing', 'Torre Lamberti', 'Museo Conte', 'Museo Radio']",Torre Lamberti,strategy_nearest,True,0.0032300949096679688,success
0477A94A9C4C80,3,['Arena'],Casa Giulietta,"['Centro Fotografia', 'Sighseeing', 'Torre Lamberti', 'Museo Conte', 'Museo Radio']",Santa Anastasia,strategy_nearest,False,0.002593994140625,success
0477B13A9C4C80,3,"['Museo Lapidario', 'Arena']",Casa Giulietta,"['Centro Fotografia', 'Sighseeing', 'Torre Lamberti', 'Museo Conte', 'Museo Radio']",Santa Anastasia,strategy_nearest,False,0.0020570755004882812,success
0477BF3A9C4C80,0,['Arena'],Casa Giulietta,"['Centro Fotografia', 'Sighseeing', 'Torre Lamberti', 'Museo Conte', 'Museo Radio']",Duomo,strategy_nearest,False,0.0027341842651367188,success
0477C3429C4C80,1,"['Arena', 'Torre Lamberti']",Palazzo della Ragione,"['AMO', 'Museo Conte', 'Centro Fotografia', 'Sighseeing', 'Santa Anastasia']",Duomo,strategy_nearest,False,0.0032241344451904297,success
0477D93A9C4C80,1,"['Torre Lamberti', 'Palazzo della Ragione', 'Casa Giulietta']",Teatro Romano,"['Santa Anastasia', 'Duomo', 'AMO', 'Museo Conte', 'Centro Fotografia']",Santa Anastasia,strategy_nearest,True,0.0020189285278320312,success
0477CE3A9C4C80,3,['Arena'],San Fermo,"['Museo Storia', 'Museo Radio', 'Casa Giulietta', 'Centro Fotografia', 'Sighseeing']",Santa Anastasia,strategy_nearest,False,0.003340005874633789,success
0477C93A9C4C80,1,"['Arena', 'Casa Giulietta']",Palazzo della Ragione,"['AMO', 'Museo Conte', 'Torre Lamberti', 'Centro Fotografia', 'Sighseeing']",Torre Lamberti,strategy_nearest,True,0.0028030872344970703,success
0477D43A9C4C80,3,"['Castelvecchio', 'San Fermo', 'Casa Giulietta', 'Santa Anastasia']",Giardino Giusti,"['Teatro Romano', 'Museo Conte', 'Centro Fotografia', 'Museo Storia', 'AMO']",Arena,strategy_nearest,False,0.0027000904083251953,success
0477E2C27B3F80,2,['Santa Anastasia'],Torre Lamberti,"['Sighseeing', 'Centro Fotografia', 'Museo Conte', 'Casa Giulietta', 'Palazzo della Ragione']",San Fermo,strategy_nearest,False,0.002710103988647461,success
0477DD3A9C4C80,2,"['Teatro Romano', 'Duomo']",Santa Anastasia,"['AMO', 'Museo Conte', 'Palazzo della Ragione', 'Centro Fotografia', 'Torre Lamberti']",Palazzo della Ragione,strategy_nearest,True,0.002811908721923828,success
0477E9C27B3F80,2,"['Santa Anastasia', 'San Fermo']",Casa Giulietta,"['Centro Fotografia', 'Sighseeing', 'Torre Lamberti', 'Museo Conte', 'Museo Radio']",Torre Lamberti,strategy_nearest,True,0.002045869827270508,success
0477E0429C4C80,0,"['Arena', 'Casa Giulietta']",Torre Lamberti,"['Sighseeing', 'Centro Fotografia', 'Museo Conte', 'Palazzo della Ragione', 'AMO']",Duomo,strategy_nearest,False,0.0033206939697265625,success
0477EF3A9C4C80,0,['Arena'],Castelvecchio,"['Museo Lapidario', 'Verona Tour', 'Museo Radio', 'San Zeno', 'Sighseeing']",Casa Giulietta,strategy_nearest,False,0.0020918846130371094,success
0477EEC27B3F80,2,['Santa Anastasia'],Torre Lamberti,"['Sighseeing', 'Centro Fotografia', 'Museo Conte', 'Casa Giulietta', 'Palazzo della Ragione']",San Fermo,strategy_nearest,False,0.0015282630920410156,success
0477F5C27B3F80,2,"['San Fermo', 'Castelvecchio']",San Zeno,"['Verona Tour', 'Museo Lapidario', 'Arena', 'Museo Miniscalchi', 'Sighseeing']",Palazzo della Ragione,strategy_nearest,False,0.003322124481201172,success
0477F83A9C4C80,0,['Casa Giulietta'],Arena,"['Verona Tour', 'Museo Lapidario', 'Museo Radio', 'San Fermo', 'Sighseeing']",Castelvecchio,strategy_nearest,False,0.0025670528411865234,success
047800429C4C84,2,['Santa Anastasia'],Casa Giulietta,"['Centro Fotografia', 'Sighseeing', 'Torre Lamberti', 'Museo Conte', 'Museo Radio']",Duomo,strategy_nearest,False,0.0023050308227539062,success
047806429C4C84,2,"['Casa Giulietta', 'Torre Lamberti']",Santa Anastasia,"['AMO', 'Museo Conte', 'Palazzo della Ragione', 'Teatro Romano', 'Centro Fotografia']",Duomo,strategy_nearest,False,0.0035810470581054688,success
0478124A9C4C80,0,['Casa Giulietta'],Arena,"['Verona Tour', 'Museo Lapidario', 'Museo Radio', 'San Fermo', 'Sighseeing']",Teatro Romano,strategy_nearest,False,0.0024437904357910156,success
047812429C4C84,3,"['Arena', 'Castelvecchio']",San Zeno,"['Verona Tour', 'Museo Lapidario', 'Museo Miniscalchi', 'Sighseeing', 'Museo Radio']",Santa Anastasia,strategy_nearest,False,0.002167224884033203,success
047816C27B3F80,2,"['Casa Giulietta', 'Santa Anastasia', 'Duomo', 'Teatro Romano']",Tomba Giulietta,"['San Fermo', 'Museo Storia', 'Arena', 'Museo Lapidario', 'Museo Radio']",Torre Lamberti,strategy_nearest,False,0.002664804458618164,success
04781B3A9C4C80,1,"['Arena', 'Palazzo della Ragione']",Torre Lamberti,"['Sighseeing', 'Centro Fotografia', 'Museo Conte', 'Casa Giulietta', 'AMO']",Casa Giulietta,strategy_nearest,True,0.002093791961669922,success
047817C27B3F80,2,"['Santa Anastasia', 'Casa Giulietta']",Torre Lamberti,"['Sighseeing', 'Centro Fotografia', 'Museo Conte', 'Palazzo della Ragione', 'AMO']",San Fermo,strategy_nearest,False,0.002708911895751953,success
04781C429C4C80,0,['Arena'],Casa Giulietta,"['Centro Fotografia', 'Sighseeing', 'Torre Lamberti', 'Museo Conte', 'Museo Radio']",Duomo,strategy_nearest,False,0.0014259815216064453,success
047817429C4C84,1,"['Arena', 'Casa Giulietta']",Palazzo della Ragione,"['AMO', 'Museo Conte', 'Torre Lamberti', 'Centro Fotografia', 'Sighseeing']",Duomo,strategy_nearest,False,0.004013776779174805,success
04781F3A9C4C80,3,"['Arena', 'Casa Giulietta']",Torre Lamberti,"['Sighseeing', 'Centro Fotografia', 'Museo Conte', 'Palazzo della Ragione', 'AMO']",Duomo,strategy_nearest,False,0.0033130645751953125,success
04781E429C4C84,0,['Arena'],Castelvecchio,"['Museo Lapidario', 'Verona Tour', 'Museo Radio', 'San Zeno', 'Sighseeing']",Santa Anastasia,strategy_nearest,False,0.003921985626220703,success
04782C3A9C4C80,1,"['Arena', 'Casa Giulietta', 'Palazzo della Ragione']",San Zeno,"['Castelvecchio', 'Verona Tour', 'Museo Lapidario', 'Museo Miniscalchi', 'Sighseeing']",Castelvecchio,strategy_nearest,True,0.0020339488983154297,success
047824C27B3F80,2,"['Santa Anastasia', 'Casa Giulietta']",Torre Lamberti,"['Sighseeing', 'Centro Fotografia', 'Museo Conte', 'Palazzo della Ragione', 'AMO']",San Fermo,strategy_nearest,False,0.0015299320220947266,success
0478353A9C4C80,2,['Castelvecchio'],Duomo,"['AMO', 'Museo Miniscalchi', 'Santa Anastasia', 'Teatro Romano', 'Palazzo della Ragione']",Santa Anastasia,strategy_nearest,True,0.001983165740966797,success
0478394A9C4C80,1,"['Teatro Romano', 'Arena', 'Casa Giulietta', 'San Fermo']",Giardino Giusti,"['Santa Anastasia', 'Museo Conte', 'Centro Fotografia', 'Museo Storia', 'AMO']",Castelvecchio,strategy_nearest,False,0.0013720989227294922,success
0478463A9C4C80,2,"['San Fermo', 'Teatro Romano']",Museo Lapidario,"['Verona Tour', 'Arena', 'Castelvecchio', 'Museo Radio', 'Casa Giulietta']",Castelvecchio,strategy_nearest,True,0.003203153610229492,success
047834429C4C80,1,['Arena'],Palazzo della Ragione,"['AMO', 'Museo Conte', 'Torre Lamberti', 'Centro Fotografia', 'Sighseeing']",Castelvecchio,strategy_nearest,False,0.002789735794067383,success
047866429C4C80,0,['Torre Lamberti'],Casa Giulietta,"['Centro Fotografia', 'Sighseeing', 'Museo Conte', 'Museo Radio', 'Palazzo della Ragione']",Arena,strategy_nearest,False,0.003134012222290039,success
04785B3A9C4C80,3,"['Casa Giulietta', 'Arena', 'San Zeno']",Santa Anastasia,"['AMO', 'Museo Conte', 'Palazzo della Ragione', 'Teatro Romano', 'Centro Fotografia']",Duomo,strategy_nearest,False,0.0027430057525634766,success
047863429C4C80,3,"['Arena', 'Casa Giulietta']",Santa Anastasia,"['AMO', 'Museo Conte', 'Palazzo della Ragione', 'Teatro Romano', 'Centro Fotografia']",Duomo,strategy_nearest,False,0.0015270709991455078,success
04785A3A9C4C80,2,"['Santa Anastasia', 'Giardino Giusti']",Teatro Romano,"['Duomo', 'AMO', 'Palazzo della Ragione', 'Museo Conte', 'Centro Fotografia']",Palazzo della Ragione,strategy_nearest,True,0.002802133560180664,success
04786A429C4C80,1,"['Arena', 'Casa Giulietta', 'Torre Lamberti']",Palazzo della Ragione,"['AMO', 'Museo Conte', 'Centro Fotografia', 'Sighseeing', 'Santa Anastasia']",Palazzo della Ragione,strategy_nearest,False,0.0021250247955322266,success
04787C429C4C80,0,['Castelvecchio'],Arena,"['Verona Tour', 'Museo Lapidario', 'Museo Radio', 'San Fermo', 'Casa Giulietta']",Casa Giulietta,strategy_nearest,True,0.0013811588287353516,success
0478763A9C4C80,2,['Castelvecchio'],San Zeno,"['Verona Tour', 'Museo Lapidario', 'Arena', 'Museo Miniscalchi', 'Sighseeing']",San Fermo,strategy_nearest,False,0.0027611255645751953,success
04787D4A9C4C80,0,['Arena'],Casa Giulietta,"['Centro Fotografia', 'Sighseeing', 'Torre Lamberti', 'Museo Conte', 'Museo Radio']",Castelvecchio,strategy_nearest,False,0.0032629966735839844,success
0478804A9C4C80,1,"['Arena', 'Museo Lapidario']",Palazzo della Ragione,"['AMO', 'Museo Conte', 'Torre Lamberti', 'Centro Fotografia', 'Sighseeing']",Torre Lamberti,strategy_nearest,True,0.00400996208190918,success
0478863A9C4C80,3,['Arena'],Santa Anastasia,"['AMO', 'Museo Conte', 'Palazzo della Ragione', 'Teatro Romano', 'Centro Fotografia']",Torre Lamberti,strategy_nearest,False,0.001986980438232422,success
0478814A9C4C80,0,['Arena'],Museo Lapidario,"['Verona Tour', 'Castelvecchio', 'Museo Radio', 'San Fermo', 'Casa Giulietta']",Casa Giulietta,strategy_nearest,True,0.0022089481353759766,success
0478854A9C4C80,0,['Arena'],Torre Lamberti,"['Sighseeing', 'Centro Fotografia', 'Museo Conte', 'Casa Giulietta', 'Palazzo della Ragione']",Casa Giulietta,strategy_nearest,True,0.0032439231872558594,success
04788D4A9C4C80,0,['Arena'],Casa Giulietta,"['Centro Fotografia', 'Sighseeing', 'Torre Lamberti', 'Museo Conte', 'Museo Radio']",Duomo,strategy_nearest,False,0.0014209747314453125,success
04788A4A9C4C80,0,['Arena'],Casa Giulietta,"['Centro Fotografia', 'Sighseeing', 'Torre Lamberti', 'Museo Conte', 'Museo Radio']",Tomba Giulietta,strategy_nearest,False,0.002196073532104492,success
04788B429C4C80,3,"['Arena', 'Casa Giulietta']",Teatro Romano,"['Santa Anastasia', 'Duomo', 'AMO', 'Palazzo della Ragione', 'Museo Conte']",Duomo,strategy_nearest,True,0.0027930736541748047,success
047891429C4C80,1,"['Palazzo della Ragione', 'Santa Anastasia', 'Duomo']",Arena,"['Verona Tour', 'Museo Lapidario', 'Museo Radio', 'San Fermo', 'Casa Giulietta']",San Fermo,strategy_nearest,True,0.0032291412353515625,success
0478914A9C4C80,0,"['Tomba Giulietta', 'Arena']",Casa Giulietta,"['Centro Fotografia', 'Sighseeing', 'Torre Lamberti', 'Museo Conte', 'Museo Radio']",Duomo,strategy_nearest,False,0.0022149085998535156,success
0478934A9C4C80,2,['Castelvecchio'],Tomba Giulietta,"['San Fermo', 'Museo Storia', 'Arena', 'Museo Lapidario', 'Museo Radio']",Teatro Romano,strategy_nearest,False,0.0015420913696289062,success
04789F429C4C80,3,['Arena'],Santa Anastasia,"['AMO', 'Museo Conte', 'Palazzo della Ragione', 'Teatro Romano', 'Centro Fotografia']",Duomo,strategy_nearest,False,0.002948760986328125,success
0478A54A9C4C80,1,['Arena'],Torre Lamberti,"['Sighseeing', 'Centro Fotografia', 'Museo Conte', 'Casa Giulietta', 'Palazzo della Ragione']",Palazzo della Ragione,strategy_nearest,True,0.002816915512084961,success
0478A63A9C4C80,1,['Arena'],Casa Giulietta,"['Centro Fotografia', 'Sighseeing', 'Torre Lamberti', 'Museo Conte', 'Museo Radio']",Torre Lamberti,strategy_nearest,True,0.003283262252807617,success
0478A83A9C4C80,1,"['Arena', 'Casa Giulietta', 'Torre Lamberti']",Palazzo della Ragione,"['AMO', 'Museo Conte', 'Centro Fotografia', 'Sighseeing', 'Santa Anastasia']",Santa Anastasia,strategy_nearest,True,0.002621889114379883,success
0478A44A9C4C80,1,"['Arena', 'Casa Giulietta', 'Santa Anastasia']",Torre Lamberti,"['Sighseeing', 'Centro Fotografia', 'Museo Conte', 'Palazzo della Ragione', 'AMO']",Palazzo della Ragione,strategy_nearest,True,0.0034291744232177734,success
0478AF3A9C4C80,3,"['Santa Anastasia', 'Casa Giulietta']",Castelvecchio,"['Museo Lapidario', 'Verona Tour', 'Arena', 'Museo Radio', 'San Zeno']",Arena,strategy_nearest,True,0.0019791126251220703,success
0478AB4A9C4C80,3,"['Arena', 'Casa Giulietta']",Torre Lamberti,"['Sighseeing', 'Centro Fotografia', 'Museo Conte', 'Palazzo della Ragione', 'AMO']",Santa Anastasia,strategy_nearest,False,0.003376007080078125,success
0478AA3A9C4C80,2,['Torre Lamberti'],Santa Anastasia,"['AMO', 'Museo Conte', 'Palazzo della Ragione', 'Teatro Romano', 'Centro Fotografia']",Casa Giulietta,strategy_nearest,False,0.001519918441772461,success
0478B5429C4C80,0,['Arena'],Torre Lamberti,"['Sighseeing', 'Centro Fotografia', 'Museo Conte', 'Casa Giulietta', 'Palazzo della Ragione']",Teatro Romano,strategy_nearest,False,0.0026302337646484375,success
0478BA429C4C80,2,['Casa Giulietta'],Torre Lamberti,"['Sighseeing', 'Centro Fotografia', 'Museo Conte', 'Palazzo della Ragione', 'AMO']",Santa Anastasia,strategy_nearest,False,0.002198934555053711,success
0478BA3A9C4C80,1,"['Tomba Giulietta', 'Arena', 'Museo Lapidario']",Torre Lamberti,"['Sighseeing', 'Centro Fotografia', 'Museo Conte', 'Casa Giulietta', 'Palazzo della Ragione']",Palazzo della Ragione,strategy_nearest,True,0.002869129180908203,success
0478BD429C4C80,2,['Casa Giulietta'],Tomba Giulietta,"['San Fermo', 'Museo Storia', 'Arena', 'Museo Lapidario', 'Museo Radio']",Museo Lapidario,strategy_nearest,True,0.003396749496459961,success
0478BF429C4C80,0,['Castelvecchio'],Casa Giulietta,"['Centro Fotografia', 'Sighseeing', 'Torre Lamberti', 'Museo Conte', 'Museo Radio']",Arena,strategy_nearest,False,0.0012302398681640625,success
0478C33A9C4C80,1,"['Arena', 'Museo Lapidario', 'Casa Giulietta', 'Palazzo della Ragione', 'Torre Lamberti']",Santa Anastasia,"['AMO', 'Museo Conte', 'Teatro Romano', 'Centro Fotografia', 'Duomo']",Duomo,strategy_nearest,True,0.0021851062774658203,success
0478D33A9C4C80,3,"['Santa Anastasia', 'Giardino Giusti']",San Zeno,"['Castelvecchio', 'Verona Tour', 'Museo Lapidario', 'Arena', 'Museo Miniscalchi']",Arena,strategy_nearest,True,0.0026030540466308594,success
0478CD3A9C4C80,1,"['Castelvecchio', 'Torre Lamberti', 'Palazzo della Ragione', 'Casa Giulietta']",Arena,"['Verona Tour', 'Museo Lapidario', 'Museo Radio', 'San Fermo', 'Sighseeing']",San Fermo,strategy_nearest,True,0.0020380020141601562,success
0478CC3A9C4C80,3,"['San Fermo', 'Santa Anastasia']",Duomo,"['AMO', 'Museo Miniscalchi', 'Teatro Romano', 'Palazzo della Ragione', 'Museo Conte']",Casa Giulietta,strategy_nearest,False,0.004102945327758789,success
0478E0429C4C80,2,"['Casa Giulietta', 'Tomba Giulietta']",Torre Lamberti,"['Sighseeing', 'Centro Fotografia', 'Museo Conte', 'Palazzo della Ragione', 'AMO']",Castelvecchio,strategy_nearest,False,0.0015718936920166016,success
0478E93A9C4C80,0,"['Arena', 'Tomba Giulietta']",Castelvecchio,"['Museo Lapidario', 'Verona Tour', 'Museo Radio', 'San Zeno', 'Sighseeing']",Torre Lamberti,strategy_nearest,False,0.0024759769439697266,success
0478E3429C4C80,2,"['Casa Giulietta', 'Santa Anastasia', 'Torre Lamberti']",Palazzo della Ragione,"['AMO', 'Museo Conte', 'Centro Fotografia', 'Sighseeing', 'Museo Miniscalchi']",Castelvecchio,strategy_nearest,False,0.003335237503051758,success
0478E9429C4C80,3,"['Castelvecchio', 'Arena', 'Casa Giulietta', 'Torre Lamberti']",Santa Anastasia,"['AMO', 'Museo Conte', 'Palazzo della Ragione', 'Teatro Romano', 'Centro Fotografia']",Duomo,strategy_nearest,False,0.0031049251556396484,success
0478F03A9C4C80,3,"['Teatro Romano', 'Teatro Romano']",Arena,"['Verona Tour', 'Museo Lapidario', 'Museo Radio', 'San Fermo', 'Casa Giulietta']",Castelvecchio,strategy_nearest,False,0.0032579898834228516,success
0478F2429C4C80,1,"['Arena', 'Museo Lapidario', 'Casa Giulietta']",Torre Lamberti,"['Sighseeing', 'Centro Fotografia', 'Museo Conte', 'Palazzo della Ragione', 'AMO']",Palazzo della Ragione,strategy_nearest,True,0.002452850341796875,success
0478F33A9C4C80,0,['Castelvecchio'],Arena,"['Verona Tour', 'Museo Lapidario', 'Museo Radio', 'San Fermo', 'Casa Giulietta']",San Fermo,strategy_nearest,True,0.003603219985961914,success
0479003A9C4C84,1,"['Arena', 'Casa Giulietta', 'Torre Lamberti']",Palazzo della Ragione,"['AMO', 'Museo Conte', 'Centro Fotografia', 'Sighseeing', 'Santa Anastasia']",Duomo,strategy_nearest,False,0.0025358200073242188,success
04790A429C4C84,2,"['Palazzo della Ragione', 'Casa Giulietta']",San Fermo,"['Museo Storia', 'Museo Radio', 'Centro Fotografia', 'Arena', 'Sighseeing']",Castelvecchio,strategy_nearest,False,0.0023229122161865234,success
04790B3A9C4C84,1,"['Casa Giulietta', 'Torre Lamberti', 'Palazzo della Ragione']",Arena,"['Verona Tour', 'Museo Lapidario', 'Museo Radio', 'San Fermo', 'Sighseeing']",Castelvecchio,strategy_nearest,False,0.003384828567504883,success
047910429C4C84,2,['Duomo'],Castelvecchio,"['Museo Lapidario', 'Verona Tour', 'Arena', 'Museo Radio', 'San Zeno']",Torre Lamberti,strategy_nearest,False,0.002524852752685547,success
047911429C4C84,1,"['Arena', 'Museo Lapidario', 'Castelvecchio']",Torre Lamberti,"['Sighseeing', 'Centro Fotografia', 'Museo Conte', 'Casa Giulietta', 'Palazzo della Ragione']",Palazzo della Ragione,strategy_nearest,True,0.0028350353240966797,success
047912429C4C80,2,['Torre Lamberti'],Santa Anastasia,"['AMO', 'Museo Conte', 'Palazzo della Ragione', 'Teatro Romano', 'Centro Fotografia']",San Zeno,strategy_nearest,False,0.0033309459686279297,success
04791D3A9C4C84,0,"['Castelvecchio', 'Casa Giulietta']",Torre Lamberti,"['Sighseeing', 'Centro Fotografia', 'Museo Conte', 'Palazzo della Ragione', 'AMO']",Duomo,strategy_nearest,False,0.00321197509765625,success
047914429C4C84,0,"['Casa Giulietta', 'Tomba Giulietta']",Teatro Romano,"['Santa Anastasia', 'Duomo', 'AMO', 'Palazzo della Ragione', 'Museo Conte']",Duomo,strategy_nearest,True,0.0024569034576416016,success
047925429C4C84,2,['Torre Lamberti'],Duomo,"['AMO', 'Museo Miniscalchi', 'Santa Anastasia', 'Teatro Romano', 'Palazzo della Ragione']",Teatro Romano,strategy_nearest,True,0.0021789073944091797,success
0479263A9C4C80,3,['Arena'],Casa Giulietta,"['Centro Fotografia', 'Sighseeing', 'Torre Lamberti', 'Museo Conte', 'Museo Radio']",Santa Anastasia,strategy_nearest,False,0.0029840469360351562,success
04792A3A9C4C80,2,"['Casa Giulietta', 'Torre Lamberti']",Santa Anastasia,"['AMO', 'Museo Conte', 'Palazzo della Ragione', 'Teatro Romano', 'Centro Fotografia']",Duomo,strategy_nearest,False,0.0032808780670166016,success
04792F4A9C4C80,0,"['Casa Giulietta', 'Torre Lamberti']",Castelvecchio,"['Museo Lapidario', 'Verona Tour', 'Arena', 'Museo Radio', 'San Zeno']",Arena,strategy_nearest,True,0.0020308494567871094,success
0479283A9C4C80,1,"['Arena', 'Torre Lamberti', 'Castelvecchio']",Duomo,"['AMO', 'Museo Miniscalchi', 'Santa Anastasia', 'Teatro Romano', 'Palazzo della Ragione']",Teatro Romano,strategy_nearest,True,0.002721071243286133,success
04793D3A9C4C80,2,['Casa Giulietta'],Tomba Giulietta,"['San Fermo', 'Museo Storia', 'Arena', 'Museo Lapidario', 'Museo Radio']",Castelvecchio,strategy_nearest,False,0.0018639564514160156,success
047936429C4C80,1,"['Arena', 'Torre Lamberti']",Palazzo della Ragione,"['AMO', 'Museo Conte', 'Centro Fotografia', 'Sighseeing', 'Santa Anastasia']",Casa Giulietta,strategy_nearest,False,0.0026030540466308594,success
04793C3A9C4C80,3,"['Arena', 'Casa Giulietta', 'Castelvecchio', 'San Zeno']",Tomba Giulietta,"['San Fermo', 'Museo Storia', 'Museo Lapidario', 'Museo Radio', 'Verona Tour']",Torre Lamberti,strategy_nearest,False,0.0024709701538085938,success
04794E429C4C80,3,"['Casa Giulietta', 'Arena', 'Torre Lamberti']",Duomo,"['AMO', 'Museo Miniscalchi', 'Santa Anastasia', 'Teatro Romano', 'Palazzo della Ragione']",Teatro Romano,strategy_nearest,True,0.0032792091369628906,success
0479593A9C4C80,2,['Casa Giulietta'],Palazzo della Ragione,"['AMO', 'Museo Conte', 'Torre Lamberti', 'Centro Fotografia', 'Sighseeing']",Castelvecchio,strategy_nearest,False,0.002501249313354492,success
04795F429C4C80,0,['Arena'],Castelvecchio,"['Museo Lapidario', 'Verona Tour', 'Museo Radio', 'San Zeno', 'Sighseeing']",Casa Giulietta,strategy_nearest,False,0.002543926239013672,success
047956429C4C80,0,['Arena'],Casa Giulietta,"['Centro Fotografia', 'Sighseeing', 'Torre Lamberti', 'Museo Conte', 'Museo Radio']",Torre Lamberti,strategy_nearest,True,0.0017788410186767578,success
047974429C4C80,3,"['Arena', 'Santa Anastasia']",Duomo,"['AMO', 'Museo Miniscalchi', 'Teatro Romano', 'Palazzo della Ragione', 'Museo Conte']",Casa Giulietta,strategy_nearest,False,0.0018811225891113281,success
047963429C4C80,0,['Arena'],Torre Lamberti,"['Sighseeing', 'Centro Fotografia', 'Museo Conte', 'Casa Giulietta', 'Palazzo della Ragione']",San Zeno,strategy_nearest,False,0.00399017333984375,success
04797C4A9C4C80,3,['Arena'],Casa Giulietta,"['Centro Fotografia', 'Sighseeing', 'Torre Lamberti', 'Museo Conte', 'Museo Radio']",San Fermo,strategy_nearest,False,0.0025589466094970703,success
0479804A9C4C80,0,['Arena'],Casa Giulietta,"['Centro Fotografia', 'Sighseeing', 'Torre Lamberti', 'Museo Conte', 'Museo Radio']",Castelvecchio,strategy_nearest,False,0.0031900405883789062,success
0479844A9C4C80,0,['Arena'],Casa Giulietta,"['Centro Fotografia', 'Sighseeing', 'Torre Lamberti', 'Museo Conte', 'Museo Radio']",Santa Anastasia,strategy_nearest,False,0.003377199172973633,success
0479894A9C4C80,1,"['Arena', 'Casa Giulietta', 'Palazzo della Ragione']",Torre Lamberti,"['Sighseeing', 'Centro Fotografia', 'Museo Conte', 'AMO', 'Museo Miniscalchi']",Santa Anastasia,strategy_nearest,False,0.003337860107421875,success
04798C4A9C4C80,1,['Arena'],Museo Lapidario,"['Verona Tour', 'Castelvecchio', 'Museo Radio', 'San Fermo', 'Casa Giulietta']",Casa Giulietta,strategy_nearest,True,0.0028228759765625,success
047985429C4C80,0,['Arena'],Casa Giulietta,"['Centro Fotografia', 'Sighseeing', 'Torre Lamberti', 'Museo Conte', 'Museo Radio']",Torre Lamberti,strategy_nearest,True,0.002752065658569336,success
0479954A9C4C80,0,"['Arena', 'San Zeno']",Casa Giulietta,"['Centro Fotografia', 'Sighseeing', 'Torre Lamberti', 'Museo Conte', 'Museo Radio']",Torre Lamberti,strategy_nearest,True,0.0022630691528320312,success
04799B429C4C80,1,"['Castelvecchio', 'Arena']",Casa Giulietta,"['Centro Fotografia', 'Sighseeing', 'Torre Lamberti', 'Museo Conte', 'Museo Radio']",Palazzo della Ragione,strategy_nearest,False,0.001837015151977539,success
047999429C4C80,0,['Castelvecchio'],Arena,"['Verona Tour', 'Museo Lapidario', 'Museo Radio', 'San Fermo', 'Casa Giulietta']",Casa Giulietta,strategy_nearest,True,0.0031981468200683594,success
04799E4A9C4C80,3,['Arena'],Santa Anastasia,"['AMO', 'Museo Conte', 'Palazzo della Ragione', 'Teatro Romano', 'Centro Fotografia']",Duomo,strategy_nearest,False,0.002727985382080078,success
04799C4A9C4C80,3,"['Arena', 'Casa Giulietta']",Torre Lamberti,"['Sighseeing', 'Centro Fotografia', 'Museo Conte', 'Palazzo della Ragione', 'AMO']",Santa Anastasia,strategy_nearest,False,0.004118919372558594,success
0479A1429C4C80,2,['Torre Lamberti'],Santa Anastasia,"['AMO', 'Museo Conte', 'Palazzo della Ragione', 'Teatro Romano', 'Centro Fotografia']",Duomo,strategy_nearest,False,0.0025663375854492188,success
0479A0429C4C80,3,"['San Fermo', 'Arena', 'Torre Lamberti']",Duomo,"['AMO', 'Museo Miniscalchi', 'Santa Anastasia', 'Teatro Romano', 'Palazzo della Ragione']",Santa Anastasia,strategy_nearest,True,0.0034148693084716797,success
0479A2429C4C80,0,['Castelvecchio'],Arena,"['Verona Tour', 'Museo Lapidario', 'Museo Radio', 'San Fermo', 'Casa Giulietta']",Teatro Romano,strategy_nearest,False,0.002457141876220703,success
0479A34A9C4C80,0,['Arena'],Casa Giulietta,"['Centro Fotografia', 'Sighseeing', 'Torre Lamberti', 'Museo Conte', 'Museo Radio']",Santa Anastasia,strategy_nearest,False,0.003253936767578125,success
0479A24A9C4C80,2,['Casa Giulietta'],Santa Anastasia,"['AMO', 'Museo Conte', 'Palazzo della Ragione', 'Teatro Romano', 'Centro Fotografia']",Duomo,strategy_nearest,False,0.0032358169555664062,success
0479A44A9C4C80,0,"['Arena', 'Duomo']",Torre Lamberti,"['Sighseeing', 'Centro Fotografia', 'Museo Conte', 'Casa Giulietta', 'Palazzo della Ragione']",Casa Giulietta,strategy_nearest,True,0.0032062530517578125,success
0479AA429C4C80,3,['Arena'],Duomo,"['AMO', 'Museo Miniscalchi', 'Santa Anastasia', 'Teatro Romano', 'Palazzo della Ragione']",Santa Anastasia,strategy_nearest,True,0.0026237964630126953,success
0479B3429C4C80,2,"['Torre Lamberti', 'Palazzo della Ragione']",Santa Anastasia,"['AMO', 'Museo Conte', 'Teatro Romano', 'Centro Fotografia', 'Duomo']",Duomo,strategy_nearest,True,0.0030858516693115234,success
0479B0429C4C80,1,"['Teatro Romano', 'Santa Anastasia', 'Duomo']",Torre Lamberti,"['Sighseeing', 'Centro Fotografia', 'Museo Conte', 'Casa Giulietta', 'Palazzo della Ragione']",Palazzo della Ragione,strategy_nearest,True,0.0020110607147216797,success
0479BB3A9C4C80,1,"['Arena', 'Casa Giulietta']",Torre Lamberti,"['Sighseeing', 'Centro Fotografia', 'Museo Conte', 'Palazzo della Ragione', 'AMO']",Palazzo della Ragione,strategy_nearest,True,0.0033876895904541016,success
0479C43A9C4C80,1,"['Arena', 'Casa Giulietta']",Torre Lamberti,"['Sighseeing', 'Centro Fotografia', 'Museo Conte', 'Palazzo della Ragione', 'AMO']",Palazzo della Ragione,strategy_nearest,True,0.002126932144165039,success
0479C83A9C4C80,0,['Arena'],Museo Lapidario,"['Verona Tour', 'Castelvecchio', 'Museo Radio', 'San Fermo', 'Casa Giulietta']",Castelvecchio,strategy_nearest,True,0.0031821727752685547,success
0479C3429C4C80,2,['Casa Giulietta'],Teatro Romano,"['Santa Anastasia', 'Duomo', 'AMO', 'Palazzo della Ragione', 'Museo Conte']",Torre Lamberti,strategy_nearest,False,0.0027611255645751953,success
0479C93A9C4C80,3,"['Arena', 'Castelvecchio']",San Zeno,"['Verona Tour', 'Museo Lapidario', 'Museo Miniscalchi', 'Sighseeing', 'Museo Radio']",Duomo,strategy_nearest,False,0.0021140575408935547,success
0479C9429C4C80,2,['Casa Giulietta'],Torre Lamberti,"['Sighseeing', 'Centro Fotografia', 'Museo Conte', 'Palazzo della Ragione', 'AMO']",Santa Anastasia,strategy_nearest,False,0.0014081001281738281,success
0479D0429C4C80,3,"['Arena', 'Casa Giulietta']",Santa Anastasia,"['AMO', 'Museo Conte', 'Palazzo della Ragione', 'Teatro Romano', 'Centro Fotografia']",Torre Lamberti,strategy_nearest,False,0.0032639503479003906,success
0479F43A9C4C80,0,['Arena'],Casa Giulietta,"['Centro Fotografia', 'Sighseeing', 'Torre Lamberti', 'Museo Conte', 'Museo Radio']",Castelvecchio,strategy_nearest,False,0.0026412010192871094,success
047A0B429C4C84,2,['Castelvecchio'],Palazzo della Ragione,"['AMO', 'Museo Conte', 'Torre Lamberti', 'Centro Fotografia', 'Sighseeing']",Torre Lamberti,strategy_nearest,True,0.0013949871063232422,success
0479FB429C4C80,1,"['Santa Anastasia', 'Casa Giulietta', 'Torre Lamberti', 'Palazzo della Ragione']",San Fermo,"['Museo Storia', 'Museo Radio', 'Centro Fotografia', 'Arena', 'Sighseeing']",Tomba Giulietta,strategy_nearest,False,0.0031900405883789062,success
047A0C429C4C84,1,['Arena'],Torre Lamberti,"['Sighseeing', 'Centro Fotografia', 'Museo Conte', 'Casa Giulietta', 'Palazzo della Ragione']",Palazzo della Ragione,strategy_nearest,True,0.002650022506713867,success
047A10429C4C84,3,"['Castelvecchio', 'Arena']",Casa Giulietta,"['Centro Fotografia', 'Sighseeing', 'Torre Lamberti', 'Museo Conte', 'Museo Radio']",Torre Lamberti,strategy_nearest,True,0.0033559799194335938,success
047A123A9C4C80,0,['Arena'],Casa Giulietta,"['Centro Fotografia', 'Sighseeing', 'Torre Lamberti', 'Museo Conte', 'Museo Radio']",Santa Anastasia,strategy_nearest,False,0.0025811195373535156,success
047A13429C4C84,0,"['Torre Lamberti', 'Casa Giulietta']",Arena,"['Verona Tour', 'Museo Lapidario', 'Museo Radio', 'San Fermo', 'Sighseeing']",Castelvecchio,strategy_nearest,False,0.0023560523986816406,success
047A1D429C4C84,3,['Arena'],Casa Giulietta,"['Centro Fotografia', 'Sighseeing', 'Torre Lamberti', 'Museo Conte', 'Museo Radio']",Santa Anastasia,strategy_nearest,False,0.0042531490325927734,success
047A20429C4C84,2,"['Castelvecchio', 'San Zeno']",Teatro Romano,"['Santa Anastasia', 'Duomo', 'AMO', 'Palazzo della Ragione', 'Museo Conte']",Torre Lamberti,strategy_nearest,False,0.002357006072998047,success
047A24429C4C84,1,"['Arena', 'Torre Lamberti', 'Palazzo della Ragione']",Santa Anastasia,"['AMO', 'Museo Conte', 'Teatro Romano', 'Centro Fotografia', 'Duomo']",Duomo,strategy_nearest,True,0.0027320384979248047,success
047A273A9C4C80,0,['Arena'],Casa Giulietta,"['Centro Fotografia', 'Sighseeing', 'Torre Lamberti', 'Museo Conte', 'Museo Radio']",Teatro Romano,strategy_nearest,False,0.0032029151916503906,success
047A28429C4C84,0,"['Arena', 'Museo Lapidario']",Casa Giulietta,"['Centro Fotografia', 'Sighseeing', 'Torre Lamberti', 'Museo Conte', 'Museo Radio']",Torre Lamberti,strategy_nearest,True,0.002391815185546875,success
047A2C4A9C4C80,0,"['Casa Giulietta', 'San Zeno']",Arena,"['Verona Tour', 'Museo Lapidario', 'Museo Radio', 'San Fermo', 'Sighseeing']",Teatro Romano,strategy_nearest,False,0.0031681060791015625,success
047A2F3A9C4C80,2,"['Palazzo della Ragione', 'Torre Lamberti']",Casa Giulietta,"['Centro Fotografia', 'Sighseeing', 'Museo Conte', 'Museo Radio', 'San Fermo']",Santa Anastasia,strategy_nearest,False,0.003194093704223633,success
047A373A9C4C80,0,['Casa Giulietta'],Arena,"['Verona Tour', 'Museo Lapidario', 'Museo Radio', 'San Fermo', 'Sighseeing']",Castelvecchio,strategy_nearest,False,0.0031702518463134766,success
047A3C429C4C80,3,['Arena'],Santa Anastasia,"['AMO', 'Museo Conte', 'Palazzo della Ragione', 'Teatro Romano', 'Centro Fotografia']",Duomo,strategy_nearest,False,0.0033550262451171875,success
047A3E3A9C4C80,3,"['Castelvecchio', 'Arena']",Casa Giulietta,"['Centro Fotografia', 'Sighseeing', 'Torre Lamberti', 'Museo Conte', 'Museo Radio']",Santa Anastasia,strategy_nearest,False,0.0032629966735839844,success
047A423A9C4C80,6,"['Teatro Romano', 'Duomo', 'Santa Anastasia']",Giardino Giusti,"['Museo Conte', 'Centro Fotografia', 'Museo Storia', 'AMO', 'Casa Giulietta']",Castelvecchio,strategy_nearest,False,0.0032460689544677734,success
047A44429C4C80,1,['Arena'],Casa Giulietta,"['Centro Fotografia', 'Sighseeing', 'Torre Lamberti', 'Museo Conte', 'Museo Radio']",Castelvecchio,strategy_nearest,False,0.004115104675292969,success
047A4C429C4C80,1,"['Arena', 'Casa Giulietta', 'Palazzo della Ragione']",Torre Lamberti,"['Sighseeing', 'Centro Fotografia', 'Museo Conte', 'AMO', 'Museo Miniscalchi']",Museo Storia,strategy_nearest,False,0.0027010440826416016,success
047A4D3A9C4C80,0,['Arena'],Casa Giulietta,"['Centro Fotografia', 'Sighseeing', 'Torre Lamberti', 'Museo Conte', 'Museo Radio']",Torre Lamberti,strategy_nearest,True,0.001318216323852539,success
047A503A9C4C80,3,"['Arena', 'San Fermo']",Torre Lamberti,"['Sighseeing', 'Centro Fotografia', 'Museo Conte', 'Casa Giulietta', 'Palazzo della Ragione']",Santa Anastasia,strategy_nearest,False,0.003309965133666992,success
047A5E429C4C80,2,['Casa Giulietta'],Palazzo della Ragione,"['AMO', 'Museo Conte', 'Torre Lamberti', 'Centro Fotografia', 'Sighseeing']",Castelvecchio,strategy_nearest,False,0.0022590160369873047,success
047A61429C4C80,2,['San Zeno'],Torre Lamberti,"['Sighseeing', 'Centro Fotografia', 'Museo Conte', 'Casa Giulietta', 'Palazzo della Ragione']",Santa Anastasia,strategy_nearest,False,0.0025458335876464844,success
047A6F429C4C80,0,"['Arena', 'Museo Lapidario']",Casa Giulietta,"['Centro Fotografia', 'Sighseeing', 'Torre Lamberti', 'Museo Conte', 'Museo Radio']",Torre Lamberti,strategy_nearest,True,0.0033669471740722656,success
047A70429C4C80,2,['Palazzo della Ragione'],Torre Lamberti,"['Sighseeing', 'Centro Fotografia', 'Museo Conte', 'Casa Giulietta', 'AMO']",San Fermo,strategy_nearest,False,0.0031142234802246094,success
047A773A9C4C80,0,['Arena'],Casa Giulietta,"['Centro Fotografia', 'Sighseeing', 'Torre Lamberti', 'Museo Conte', 'Museo Radio']",Torre Lamberti,strategy_nearest,True,0.00238800048828125,success
047A7D4A9C4C80,0,['Arena'],Casa Giulietta,"['Centro Fotografia', 'Sighseeing', 'Torre Lamberti', 'Museo Conte', 'Museo Radio']",Duomo,strategy_nearest,False,0.003198862075805664,success
047A7F429C4C80,0,['Arena'],Museo Lapidario,"['Verona Tour', 'Castelvecchio', 'Museo Radio', 'San Fermo', 'Casa Giulietta']",Casa Giulietta,strategy_nearest,True,0.0023839473724365234,success
047A814A9C4C80,3,['Arena'],Santa Anastasia,"['AMO', 'Museo Conte', 'Palazzo della Ragione', 'Teatro Romano', 'Centro Fotografia']",Torre Lamberti,strategy_nearest,False,0.0025339126586914062,success
047A804A9C4C80,1,"['Arena', 'Torre Lamberti']",Palazzo della Ragione,"['AMO', 'Museo Conte', 'Centro Fotografia', 'Sighseeing', 'Santa Anastasia']",Casa Giulietta,strategy_nearest,False,0.0037920475006103516,success
047A8A3A9C4C80,0,['Arena'],Santa Anastasia,"['AMO', 'Museo Conte', 'Palazzo della Ragione', 'Teatro Romano', 'Centro Fotografia']",Casa Giulietta,strategy_nearest,False,0.0025670528411865234,success
047A85429C4C80,3,"['Arena', 'Castelvecchio']",Duomo,"['AMO', 'Museo Miniscalchi', 'Santa Anastasia', 'Teatro Romano', 'Palazzo della Ragione']",Santa Anastasia,strategy_nearest,True,0.0034780502319335938,success
047A8A4A9C4C80,1,['Arena'],Torre Lamberti,"['Sighseeing', 'Centro Fotografia', 'Museo Conte', 'Casa Giulietta', 'Palazzo della Ragione']",Palazzo della Ragione,strategy_nearest,True,0.0025589466094970703,success
047AA0429C4C80,3,"['Arena', 'San Fermo']",Casa Giulietta,"['Centro Fotografia', 'Sighseeing', 'Torre Lamberti', 'Museo Conte', 'Museo Radio']",Santa Anastasia,strategy_nearest,False,0.0018880367279052734,success
047A914A9C4C80,3,"['Arena', 'Torre Lamberti']",Casa Giulietta,"['Centro Fotografia', 'Sighseeing', 'Museo Conte', 'Museo Radio', 'Palazzo della Ragione']",Teatro Romano,strategy_nearest,False,0.0031728744506835938,success
047A954A9C4C80,0,['Arena'],Teatro Romano,"['Santa Anastasia', 'Duomo', 'AMO', 'Palazzo della Ragione', 'Museo Conte']",Duomo,strategy_nearest,True,0.003422975540161133,success
047A99429C4C80,3,"['Arena', 'Torre Lamberti']",Casa Giulietta,"['Centro Fotografia', 'Sighseeing', 'Museo Conte', 'Museo Radio', 'Palazzo della Ragione']",Santa Anastasia,strategy_nearest,False,0.0031528472900390625,success
047AA83A9C4C80,1,"['Arena', 'Casa Giulietta', 'Museo Lapidario', 'Tomba Giulietta', 'Museo Storia']",San Fermo,"['Museo Radio', 'Centro Fotografia', 'Sighseeing', 'Torre Lamberti', 'Museo Conte']",Torre Lamberti,strategy_nearest,True,0.0027589797973632812,success
047AA1429C4C80,0,['Arena'],Casa Giulietta,"['Centro Fotografia', 'Sighseeing', 'Torre Lamberti', 'Museo Conte', 'Museo Radio']",Torre Lamberti,strategy_nearest,True,0.002151966094970703,success
047AA93A9C4C80,1,"['Arena', 'Casa Giulietta', 'Torre Lamberti']",Palazzo della Ragione,"['AMO', 'Museo Conte', 'Centro Fotografia', 'Sighseeing', 'Santa Anastasia']",Santa Anastasia,strategy_nearest,True,0.002753019332885742,success
047AC1429C4C80,3,['Casa Giulietta'],Arena,"['Verona Tour', 'Museo Lapidario', 'Museo Radio', 'San Fermo', 'Sighseeing']",Santa Anastasia,strategy_nearest,False,0.003317117691040039,success
047AD53A9C4C80,0,['Arena'],Casa Giulietta,"['Centro Fotografia', 'Sighseeing', 'Torre Lamberti', 'Museo Conte', 'Museo Radio']",Tomba Giulietta,strategy_nearest,False,0.0021600723266601562,success
047AD43A9C4C80,0,['Casa Giulietta'],San Zeno,"['Castelvecchio', 'Verona Tour', 'Museo Lapidario', 'Arena', 'Museo Miniscalchi']",Arena,strategy_nearest,True,0.003386974334716797,success
047AC23A9C4C80,3,['Arena'],Santa Anastasia,"['AMO', 'Museo Conte', 'Palazzo della Ragione', 'Teatro Romano', 'Centro Fotografia']",San Zeno,strategy_nearest,False,0.003156900405883789,success
047AD0429C4C80,1,"['Palazzo della Ragione', 'Arena', 'Teatro Romano', 'San Fermo']",Santa Anastasia,"['AMO', 'Museo Conte', 'Centro Fotografia', 'Duomo', 'Torre Lamberti']",Duomo,strategy_nearest,True,0.004769086837768555,success
047AE3429C4C80,3,"['Castelvecchio', 'Santa Anastasia']",Teatro Romano,"['Duomo', 'AMO', 'Palazzo della Ragione', 'Museo Conte', 'Centro Fotografia']",Arena,strategy_nearest,False,0.0040819644927978516,success
047AD93A9C4C80,3,['San Zeno'],Arena,"['Verona Tour', 'Museo Lapidario', 'Museo Radio', 'San Fermo', 'Casa Giulietta']",Santa Anastasia,strategy_nearest,False,0.0022859573364257812,success
047AFE429C4C80,2,"['Castelvecchio', 'San Zeno', 'Santa Anastasia', 'Duomo']",Teatro Romano,"['AMO', 'Palazzo della Ragione', 'Museo Conte', 'Centro Fotografia', 'Museo Miniscalchi']",San Fermo,strategy_nearest,False,0.0026979446411132812,success
047AE43A9C4C80,2,"['Casa Giulietta', 'Torre Lamberti', 'Santa Anastasia']",Duomo,"['AMO', 'Museo Miniscalchi', 'Teatro Romano', 'Palazzo della Ragione', 'Museo Conte']",San Zeno,strategy_nearest,False,0.0021390914916992188,success
047B013A9C4C84,1,"['Arena', 'San Fermo', 'Casa Giulietta', 'Palazzo della Ragione']",Torre Lamberti,"['Sighseeing', 'Centro Fotografia', 'Museo Conte', 'AMO', 'Museo Miniscalchi']",Santa Anastasia,strategy_nearest,False,0.002232074737548828,success
047B083A9C4C84,1,"['Arena', 'Palazzo della Ragione']",Duomo,"['AMO', 'Museo Miniscalchi', 'Santa Anastasia', 'Teatro Romano', 'Museo Conte']",Santa Anastasia,strategy_nearest,True,0.0028438568115234375,success
047B0A429C4C84,1,"['Castelvecchio', 'Arena']",Casa Giulietta,"['Centro Fotografia', 'Sighseeing', 'Torre Lamberti', 'Museo Conte', 'Museo Radio']",Palazzo della Ragione,strategy_nearest,False,0.0015368461608886719,success
047B113A9C4C80,1,['Arena'],Casa Giulietta,"['Centro Fotografia', 'Sighseeing', 'Torre Lamberti', 'Museo Conte', 'Museo Radio']",Palazzo della Ragione,strategy_nearest,False,0.0033469200134277344,success
047B15429C4C80,1,"['Arena', 'Castelvecchio', 'San Zeno', 'Tomba Giulietta']",Casa Giulietta,"['Centro Fotografia', 'Sighseeing', 'Torre Lamberti', 'Museo Conte', 'Museo Radio']",Torre Lamberti,strategy_nearest,True,0.0027761459350585938,success
047B1B3A9C4C84,2,"['Torre Lamberti', 'Santa Anastasia']",Teatro Romano,"['Duomo', 'AMO', 'Palazzo della Ragione', 'Museo Conte', 'Centro Fotografia']",Duomo,strategy_nearest,True,0.0027010440826416016,success
047B1C429C4C80,3,"['Arena', 'Duomo']",San Zeno,"['Castelvecchio', 'Verona Tour', 'Museo Lapidario', 'Museo Miniscalchi', 'Sighseeing']",Castelvecchio,strategy_nearest,True,0.0031280517578125,success
047B143A9C4C80,0,"['Arena', 'Museo Lapidario']",Castelvecchio,"['Verona Tour', 'Museo Radio', 'San Zeno', 'Sighseeing', 'Museo Miniscalchi']",Casa Giulietta,strategy_nearest,False,0.0027031898498535156,success
047B2D3A9C4C80,2,['Casa Giulietta'],Torre Lamberti,"['Sighseeing', 'Centro Fotografia', 'Museo Conte', 'Palazzo della Ragione', 'AMO']",Duomo,strategy_nearest,False,0.0034067630767822266,success
047B3D3A9C4C80,2,"['Casa Giulietta', 'Palazzo della Ragione']",Teatro Romano,"['Santa Anastasia', 'Duomo', 'AMO', 'Museo Conte', 'Centro Fotografia']",Duomo,strategy_nearest,True,0.003191709518432617,success
047B373A9C4C80,3,"['Arena', 'Casa Giulietta']",Santa Anastasia,"['AMO', 'Museo Conte', 'Palazzo della Ragione', 'Teatro Romano', 'Centro Fotografia']",Duomo,strategy_nearest,False,0.002162933349609375,success
047B253A9C4C80,3,"['San Zeno', 'Arena']",Casa Giulietta,"['Centro Fotografia', 'Sighseeing', 'Torre Lamberti', 'Museo Conte', 'Museo Radio']",Santa Anastasia,strategy_nearest,False,0.002796649932861328,success
047B543A9C4C80,1,"['Arena', 'Castelvecchio']",Casa Giulietta,"['Centro Fotografia', 'Sighseeing', 'Torre Lamberti', 'Museo Conte', 'Museo Radio']",Teatro Romano,strategy_nearest,False,0.0021631717681884766,success
047B59429C4C80,3,"['Arena', 'Casa Giulietta']",San Fermo,"['Museo Storia', 'Museo Radio', 'Centro Fotografia', 'Sighseeing', 'Torre Lamberti']",Teatro Romano,strategy_nearest,False,0.0026111602783203125,success
047B573A9C4C80,2,['Santa Anastasia'],Duomo,"['AMO', 'Museo Miniscalchi', 'Teatro Romano', 'Palazzo della Ragione', 'Museo Conte']",Casa Giulietta,strategy_nearest,False,0.003490924835205078,success
047B58429C4C80,0,"['Arena', 'Castelvecchio']",Casa Giulietta,"['Centro Fotografia', 'Sighseeing', 'Torre Lamberti', 'Museo Conte', 'Museo Radio']",Torre Lamberti,strategy_nearest,True,0.0014111995697021484,success
047B67429C4C80,2,['Torre Lamberti'],Teatro Romano,"['Santa Anastasia', 'Duomo', 'AMO', 'Palazzo della Ragione', 'Museo Conte']",Castelvecchio,strategy_nearest,False,0.0018680095672607422,success
047B6B429C4C80,2,"['Santa Anastasia', 'Teatro Romano']",San Zeno,"['Castelvecchio', 'Verona Tour', 'Museo Lapidario', 'Arena', 'Museo Miniscalchi']",Castelvecchio,strategy_nearest,True,0.0026521682739257812,success
047B68429C4C80,0,"['Arena', 'Museo Lapidario']",San Fermo,"['Museo Storia', 'Museo Radio', 'Casa Giulietta', 'Centro Fotografia', 'Sighseeing']",Casa Giulietta,strategy_nearest,True,0.0034177303314208984,success
047B66429C4C80,3,['Arena'],Santa Anastasia,"['AMO', 'Museo Conte', 'Palazzo della Ragione', 'Teatro Romano', 'Centro Fotografia']",Duomo,strategy_nearest,False,0.0027709007263183594,success
047B804A9C4C80,3,"['Arena', 'Museo Lapidario']",Castelvecchio,"['Verona Tour', 'Museo Radio', 'San Zeno', 'Sighseeing', 'Museo Miniscalchi']",Santa Anastasia,strategy_nearest,False,0.003240823745727539,success
047B824A9C4C80,0,['Arena'],Casa Giulietta,"['Centro Fotografia', 'Sighseeing', 'Torre Lamberti', 'Museo Conte', 'Museo Radio']",Santa Anastasia,strategy_nearest,False,0.0012731552124023438,success
047B814A9C4C80,0,['Arena'],Castelvecchio,"['Museo Lapidario', 'Verona Tour', 'Museo Radio', 'San Zeno', 'Sighseeing']",Torre Lamberti,strategy_nearest,False,0.0031778812408447266,success
047B843A9C4C80,0,['Arena'],Casa Giulietta,"['Centro Fotografia', 'Sighseeing', 'Torre Lamberti', 'Museo Conte', 'Museo Radio']",Torre Lamberti,strategy_nearest,True,0.0032181739807128906,success
047B934A9C4C80,2,"['Torre Lamberti', 'Palazzo della Ragione']",Santa Anastasia,"['AMO', 'Museo Conte', 'Teatro Romano', 'Centro Fotografia', 'Duomo']",Duomo,strategy_nearest,True,0.0017611980438232422,success
047B844A9C4C80,1,"['Arena', 'Casa Giulietta']",Torre Lamberti,"['Sighseeing', 'Centro Fotografia', 'Museo Conte', 'Palazzo della Ragione', 'AMO']",Palazzo della Ragione,strategy_nearest,True,0.0033330917358398438,success
047B96429C4C80,0,"['Arena', 'Casa Giulietta']",Castelvecchio,"['Museo Lapidario', 'Verona Tour', 'Museo Radio', 'San Zeno', 'Sighseeing']",Teatro Romano,strategy_nearest,False,0.0032138824462890625,success
047B98429C4C80,0,['Arena'],Casa Giulietta,"['Centro Fotografia', 'Sighseeing', 'Torre Lamberti', 'Museo Conte', 'Museo Radio']",Santa Anastasia,strategy_nearest,False,0.002444028854370117,success
047B9D429C4C80,3,['Arena'],Casa Giulietta,"['Centro Fotografia', 'Sighseeing', 'Torre Lamberti', 'Museo Conte', 'Museo Radio']",Santa Anastasia,strategy_nearest,False,0.0025930404663085938,success
047BA0429C4C80,0,['Arena'],Casa Giulietta,"['Centro Fotografia', 'Sighseeing', 'Torre Lamberti', 'Museo Conte', 'Museo Radio']",Castelvecchio,strategy_nearest,False,0.0039119720458984375,success
047BA34A9C4C80,0,['Arena'],Casa Giulietta,"['Centro Fotografia', 'Sighseeing', 'Torre Lamberti', 'Museo Conte', 'Museo Radio']",Torre Lamberti,strategy_nearest,True,0.0018589496612548828,success
047B9E429C4C80,0,['Arena'],Casa Giulietta,"['Centro Fotografia', 'Sighseeing', 'Torre Lamberti', 'Museo Conte', 'Museo Radio']",Giardino Giusti,strategy_nearest,False,0.003648996353149414,success
047BA73A9C4C80,3,"['Arena', 'Casa Giulietta']",Santa Anastasia,"['AMO', 'Museo Conte', 'Palazzo della Ragione', 'Teatro Romano', 'Centro Fotografia']",Duomo,strategy_nearest,False,0.0029828548431396484,success
047BAD429C4C80,2,['Teatro Romano'],Duomo,"['AMO', 'Museo Miniscalchi', 'Santa Anastasia', 'Palazzo della Ragione', 'Museo Conte']",Santa Anastasia,strategy_nearest,True,0.001924753189086914,success
047BAB429C4C80,0,"['Teatro Romano', 'Arena']",Castelvecchio,"['Museo Lapidario', 'Verona Tour', 'Museo Radio', 'San Zeno', 'Sighseeing']",Tomba Giulietta,strategy_nearest,False,0.002638101577758789,success
047BA84A9C4C80,3,"['Teatro Romano', 'Duomo', 'Santa Anastasia', 'Casa Giulietta']",San Fermo,"['Museo Storia', 'Museo Radio', 'Centro Fotografia', 'Arena', 'Sighseeing']",Tomba Giulietta,strategy_nearest,False,0.0020389556884765625,success
047BB9429C4C80,3,"['Arena', 'Santa Anastasia']",Duomo,"['AMO', 'Museo Miniscalchi', 'Teatro Romano', 'Palazzo della Ragione', 'Museo Conte']",Casa Giulietta,strategy_nearest,False,0.0018918514251708984,success
047BB7429C4C80,1,"['Castelvecchio', 'Arena']",Casa Giulietta,"['Centro Fotografia', 'Sighseeing', 'Torre Lamberti', 'Museo Conte', 'Museo Radio']",Torre Lamberti,strategy_nearest,True,0.0031719207763671875,success
047BB0429C4C80,2,['Casa Giulietta'],Torre Lamberti,"['Sighseeing', 'Centro Fotografia', 'Museo Conte', 'Palazzo della Ragione', 'AMO']",Duomo,strategy_nearest,False,0.0034389495849609375,success
047BB13A9C4C80,0,['Arena'],Castelvecchio,"['Museo Lapidario', 'Verona Tour', 'Museo Radio', 'San Zeno', 'Sighseeing']",Casa Giulietta,strategy_nearest,False,0.0033631324768066406,success
047BD53A9C4C80,0,['Arena'],Castelvecchio,"['Museo Lapidario', 'Verona Tour', 'Museo Radio', 'San Zeno', 'Sighseeing']",Santa Anastasia,strategy_nearest,False,0.0021669864654541016,success
047BBC3A9C4C80,3,['Arena'],Casa Giulietta,"['Centro Fotografia', 'Sighseeing', 'Torre Lamberti', 'Museo Conte', 'Museo Radio']",Santa Anastasia,strategy_nearest,False,0.001589059829711914,success
047BDC3A9C4C80,3,"['Arena', 'Tomba Giulietta', 'San Fermo']",Casa Giulietta,"['Centro Fotografia', 'Sighseeing', 'Torre Lamberti', 'Museo Conte', 'Museo Radio']",Torre Lamberti,strategy_nearest,True,0.003426790237426758,success
047BF13A9C4C80,2,"['Castelvecchio', 'San Zeno', 'Tomba Giulietta', 'San Fermo']",Duomo,"['AMO', 'Museo Miniscalchi', 'Santa Anastasia', 'Teatro Romano', 'Palazzo della Ragione']",Santa Anastasia,strategy_nearest,True,0.0026433467864990234,success
047BFF3A9C4C80,3,['Arena'],Santa Anastasia,"['AMO', 'Museo Conte', 'Palazzo della Ragione', 'Teatro Romano', 'Centro Fotografia']",Teatro Romano,strategy_nearest,True,0.0014710426330566406,success
047BFA3A9C4C80,0,['Arena'],Casa Giulietta,"['Centro Fotografia', 'Sighseeing', 'Torre Lamberti', 'Museo Conte', 'Museo Radio']",Torre Lamberti,strategy_nearest,True,0.0027692317962646484,success
047BFF429C4C80,2,"['Castelvecchio', 'San Zeno']",Casa Giulietta,"['Centro Fotografia', 'Sighseeing', 'Torre Lamberti', 'Museo Conte', 'Museo Radio']",Santa Anastasia,strategy_nearest,False,0.0026819705963134766,success
047BF53A9C4C80,1,"['Casa Giulietta', 'Arena']",Torre Lamberti,"['Sighseeing', 'Centro Fotografia', 'Museo Conte', 'Palazzo della Ragione', 'AMO']",Palazzo della Ragione,strategy_nearest,True,0.004718780517578125,success
047C123A9C4C80,3,['Santa Anastasia'],Torre Lamberti,"['Sighseeing', 'Centro Fotografia', 'Museo Conte', 'Casa Giulietta', 'Palazzo della Ragione']",Casa Giulietta,strategy_nearest,True,0.002621889114379883,success
047C11429C4C84,3,"['Duomo', 'Santa Anastasia', 'Casa Giulietta']",San Zeno,"['Castelvecchio', 'Verona Tour', 'Museo Lapidario', 'Arena', 'Museo Miniscalchi']",Arena,strategy_nearest,True,0.0027070045471191406,success
047C11429C4C80,0,['Arena'],Casa Giulietta,"['Centro Fotografia', 'Sighseeing', 'Torre Lamberti', 'Museo Conte', 'Museo Radio']",Castelvecchio,strategy_nearest,False,0.0023882389068603516,success
047C12429C4C80,3,"['San Zeno', 'Castelvecchio']",Arena,"['Verona Tour', 'Museo Lapidario', 'Museo Radio', 'San Fermo', 'Casa Giulietta']",Teatro Romano,strategy_nearest,False,0.003383159637451172,success
047C134A9C4C80,1,"['Arena', 'Palazzo della Ragione']",Torre Lamberti,"['Sighseeing', 'Centro Fotografia', 'Museo Conte', 'Casa Giulietta', 'AMO']",Teatro Romano,strategy_nearest,False,0.001651763916015625,success
047C154A9C4C80,1,"['Castelvecchio', 'Museo Lapidario', 'San Fermo']",Palazzo della Ragione,"['AMO', 'Museo Conte', 'Torre Lamberti', 'Centro Fotografia', 'Sighseeing']",Torre Lamberti,strategy_nearest,True,0.0035719871520996094,success
047C17429C4C80,3,"['Arena', 'Casa Giulietta', 'Santa Anastasia']",Teatro Romano,"['Duomo', 'AMO', 'Palazzo della Ragione', 'Museo Conte', 'Centro Fotografia']",Tomba Giulietta,strategy_nearest,False,0.0020990371704101562,success
047C17429C4C84,3,"['Santa Anastasia', 'Torre Lamberti', 'Arena', 'Castelvecchio']",Teatro Romano,"['Duomo', 'AMO', 'Palazzo della Ragione', 'Museo Conte', 'Centro Fotografia']",Museo Storia,strategy_nearest,False,0.0032491683959960938,success
047C193A9C4C80,0,"['Teatro Romano', 'Torre Lamberti']",Casa Giulietta,"['Centro Fotografia', 'Sighseeing', 'Museo Conte', 'Museo Radio', 'Palazzo della Ragione']",Arena,strategy_nearest,False,0.002850055694580078,success
047C1A3A9C4C80,2,['Tomba Giulietta'],Castelvecchio,"['Museo Lapidario', 'Verona Tour', 'Arena', 'Museo Radio', 'San Zeno']",Casa Giulietta,strategy_nearest,False,0.003985881805419922,success
047C203A9C4C80,0,['Arena'],Casa Giulietta,"['Centro Fotografia', 'Sighseeing', 'Torre Lamberti', 'Museo Conte', 'Museo Radio']",Castelvecchio,strategy_nearest,False,0.0021381378173828125,success
047C1C429C4C84,1,['Arena'],Casa Giulietta,"['Centro Fotografia', 'Sighseeing', 'Torre Lamberti', 'Museo Conte', 'Museo Radio']",Palazzo della Ragione,strategy_nearest,False,0.001425027847290039,success
047C20429C4C84,3,"['Arena', 'Casa Giulietta']",Torre Lamberti,"['Sighseeing', 'Centro Fotografia', 'Museo Conte', 'Palazzo della Ragione', 'AMO']",Santa Anastasia,strategy_nearest,False,0.003329038619995117,success
047C27429C4C80,1,"['Museo Lapidario', 'Castelvecchio']",Arena,"['Verona Tour', 'Museo Radio', 'San Fermo', 'Casa Giulietta', 'Sighseeing']",Teatro Romano,strategy_nearest,False,0.0017971992492675781,success
047C23429C4C84,0,['Arena'],Casa Giulietta,"['Centro Fotografia', 'Sighseeing', 'Torre Lamberti', 'Museo Conte', 'Museo Radio']",Santa Anastasia,strategy_nearest,False,0.002435922622680664,success
047C2C3A9C4C80,0,['Casa Giulietta'],Arena,"['Verona Tour', 'Museo Lapidario', 'Museo Radio', 'San Fermo', 'Sighseeing']",Castelvecchio,strategy_nearest,False,0.0033233165740966797,success
047C383A9C4C80,1,"['Castelvecchio', 'Torre Lamberti']",Tomba Giulietta,"['San Fermo', 'Museo Storia', 'Arena', 'Museo Lapidario', 'Museo Radio']",Casa Giulietta,strategy_nearest,False,0.002668142318725586,success
047C40429C4C80,3,"['Arena', 'Torre Lamberti']",Casa Giulietta,"['Centro Fotografia', 'Sighseeing', 'Museo Conte', 'Museo Radio', 'Palazzo della Ragione']",Santa Anastasia,strategy_nearest,False,0.0014159679412841797,success
047C394A9C4C80,2,['Santa Anastasia'],Duomo,"['AMO', 'Museo Miniscalchi', 'Teatro Romano', 'Palazzo della Ragione', 'Museo Conte']",Castelvecchio,strategy_nearest,False,0.003997802734375,success
047C4C429C4C80,0,['Arena'],Torre Lamberti,"['Sighseeing', 'Centro Fotografia', 'Museo Conte', 'Casa Giulietta', 'Palazzo della Ragione']",Casa Giulietta,strategy_nearest,True,0.0019729137420654297,success
047C3B4A9C4C80,3,"['Duomo', 'Arena', 'Castelvecchio']",San Zeno,"['Verona Tour', 'Museo Lapidario', 'Museo Miniscalchi', 'Sighseeing', 'Museo Radio']",Casa Giulietta,strategy_nearest,False,0.004661083221435547,success
047C5D429C4C80,3,"['Arena', 'Santa Anastasia']",Torre Lamberti,"['Sighseeing', 'Centro Fotografia', 'Museo Conte', 'Casa Giulietta', 'Palazzo della Ragione']",San Fermo,strategy_nearest,False,0.0026149749755859375,success
047C543A9C4C80,0,['Arena'],Casa Giulietta,"['Centro Fotografia', 'Sighseeing', 'Torre Lamberti', 'Museo Conte', 'Museo Radio']",Torre Lamberti,strategy_nearest,True,0.002029895782470703,success
047C59429C4C80,1,"['Palazzo della Ragione', 'Torre Lamberti', 'Arena']",Castelvecchio,"['Museo Lapidario', 'Verona Tour', 'Museo Radio', 'San Zeno', 'Sighseeing']",San Zeno,strategy_nearest,True,0.0033750534057617188,success
047C54429C4C80,1,"['Arena', 'Casa Giulietta']",Santa Anastasia,"['AMO', 'Museo Conte', 'Palazzo della Ragione', 'Teatro Romano', 'Centro Fotografia']",Palazzo della Ragione,strategy_nearest,True,0.002771139144897461,success
047C7C429C4C80,3,['Arena'],Casa Giulietta,"['Centro Fotografia', 'Sighseeing', 'Torre Lamberti', 'Museo Conte', 'Museo Radio']",Torre Lamberti,strategy_nearest,True,0.0026407241821289062,success
047C60429C4C80,2,"['San Fermo', 'Casa Giulietta', 'Torre Lamberti']",Tomba Giulietta,"['Museo Storia', 'Arena', 'Museo Lapidario', 'Museo Radio', 'Verona Tour']",San Zeno,strategy_nearest,False,0.002808809280395508,success
047C7A4A9C4C80,0,['Arena'],Casa Giulietta,"['Centro Fotografia', 'Sighseeing', 'Torre Lamberti', 'Museo Conte', 'Museo Radio']",Santa Anastasia,strategy_nearest,False,0.0032930374145507812,success
047C763A9C4C80,0,['Arena'],Castelvecchio,"['Museo Lapidario', 'Verona Tour', 'Museo Radio', 'San Zeno', 'Sighseeing']",San Zeno,strategy_nearest,True,0.0020279884338378906,success
047C824A9C4C80,0,['Arena'],Casa Giulietta,"['Centro Fotografia', 'Sighseeing', 'Torre Lamberti', 'Museo Conte', 'Museo Radio']",Duomo,strategy_nearest,False,0.0016570091247558594,success
047C83429C4C80,1,"['Palazzo della Ragione', 'Torre Lamberti']",Casa Giulietta,"['Centro Fotografia', 'Sighseeing', 'Museo Conte', 'Museo Radio', 'San Fermo']",Arena,strategy_nearest,False,0.002028942108154297,success
047C833A9C4C80,3,"['Arena', 'Casa Giulietta', 'Torre Lamberti']",Santa Anastasia,"['AMO', 'Museo Conte', 'Palazzo della Ragione', 'Teatro Romano', 'Centro Fotografia']",San Zeno,strategy_nearest,False,0.0027391910552978516,success
047C834A9C4C80,3,"['Arena', 'Casa Giulietta']",Santa Anastasia,"['AMO', 'Museo Conte', 'Palazzo della Ragione', 'Teatro Romano', 'Centro Fotografia']",Duomo,strategy_nearest,False,0.003353118896484375,success
047C8C3A9C4C80,3,"['Arena', 'Casa Giulietta']",Torre Lamberti,"['Sighseeing', 'Centro Fotografia', 'Museo Conte', 'Palazzo della Ragione', 'AMO']",Santa Anastasia,strategy_nearest,False,0.002482891082763672,success
047C884A9C4C80,0,['Arena'],Casa Giulietta,"['Centro Fotografia', 'Sighseeing', 'Torre Lamberti', 'Museo Conte', 'Museo Radio']",Duomo,strategy_nearest,False,0.0023801326751708984,success
047C89429C4C80,1,['Arena'],Palazzo della Ragione,"['AMO', 'Museo Conte', 'Torre Lamberti', 'Centro Fotografia', 'Sighseeing']",Torre Lamberti,strategy_nearest,True,0.003926992416381836,success
047C92429C4C80,1,"['Arena', 'Casa Giulietta', 'Santa Anastasia']",Duomo,"['AMO', 'Museo Miniscalchi', 'Teatro Romano', 'Palazzo della Ragione', 'Museo Conte']",Teatro Romano,strategy_nearest,True,0.0029511451721191406,success
047C924A9C4C80,0,['Arena'],Castelvecchio,"['Museo Lapidario', 'Verona Tour', 'Museo Radio', 'San Zeno', 'Sighseeing']",Giardino Giusti,strategy_nearest,False,0.002777099609375,success
047C98429C4C80,0,['Arena'],Casa Giulietta,"['Centro Fotografia', 'Sighseeing', 'Torre Lamberti', 'Museo Conte', 'Museo Radio']",Torre Lamberti,strategy_nearest,True,0.002569913864135742,success
047C96429C4C80,3,['Arena'],Santa Anastasia,"['AMO', 'Museo Conte', 'Palazzo della Ragione', 'Teatro Romano', 'Centro Fotografia']",Duomo,strategy_nearest,False,0.0039141178131103516,success
047C94429C4C80,0,['Arena'],Torre Lamberti,"['Sighseeing', 'Centro Fotografia', 'Museo Conte', 'Casa Giulietta', 'Palazzo della Ragione']",Casa Giulietta,strategy_nearest,True,0.0021491050720214844,success
047C9F429C4C80,0,['Castelvecchio'],Arena,"['Verona Tour', 'Museo Lapidario', 'Museo Radio', 'San Fermo', 'Casa Giulietta']",Casa Giulietta,strategy_nearest,True,0.0021140575408935547,success
047C9D429C4C80,0,['Arena'],Casa Giulietta,"['Centro Fotografia', 'Sighseeing', 'Torre Lamberti', 'Museo Conte', 'Museo Radio']",Torre Lamberti,strategy_nearest,True,0.0033919811248779297,success
047CA1429C4C80,0,"['Tomba Giulietta', 'Casa Giulietta']",San Fermo,"['Museo Storia', 'Museo Radio', 'Centro Fotografia', 'Arena', 'Sighseeing']",Arena,strategy_nearest,True,0.0032148361206054688,success
047C99429C4C80,3,"['Arena', 'Casa Giulietta']",Castelvecchio,"['Museo Lapidario', 'Verona Tour', 'Museo Radio', 'San Zeno', 'Sighseeing']",Torre Lamberti,strategy_nearest,False,0.0027818679809570312,success
047CAD429C4C80,1,"['Teatro Romano', 'Casa Giulietta']",Tomba Giulietta,"['San Fermo', 'Museo Storia', 'Arena', 'Museo Lapidario', 'Museo Radio']",Arena,strategy_nearest,True,0.0028090476989746094,success
047CA63A9C4C80,2,['Castelvecchio'],Casa Giulietta,"['Centro Fotografia', 'Sighseeing', 'Torre Lamberti', 'Museo Conte', 'Museo Radio']",Giardino Giusti,strategy_nearest,False,0.0028209686279296875,success
047CB33A9C4C80,3,"['Arena', 'Casa Giulietta']",Santa Anastasia,"['AMO', 'Museo Conte', 'Palazzo della Ragione', 'Teatro Romano', 'Centro Fotografia']",Duomo,strategy_nearest,False,0.002183198928833008,success
047CBF3A9C4C80,1,"['Arena', 'Castelvecchio', 'San Zeno']",Torre Lamberti,"['Sighseeing', 'Centro Fotografia', 'Museo Conte', 'Casa Giulietta', 'Palazzo della Ragione']",Palazzo della Ragione,strategy_nearest,True,0.0032088756561279297,success
047CC73A9C4C80,1,"['San Zeno', 'Castelvecchio', 'Arena']",Duomo,"['AMO', 'Museo Miniscalchi', 'Santa Anastasia', 'Teatro Romano', 'Palazzo della Ragione']",Casa Giulietta,strategy_nearest,False,0.003489971160888672,success
047CCF3A9C4C80,3,"['San Fermo', 'Santa Anastasia']",Duomo,"['AMO', 'Museo Miniscalchi', 'Teatro Romano', 'Palazzo della Ragione', 'Museo Conte']",Casa Giulietta,strategy_nearest,False,0.0020661354064941406,success
047CD83A9C4C80,3,['Arena'],Santa Anastasia,"['AMO', 'Museo Conte', 'Palazzo della Ragione', 'Teatro Romano', 'Centro Fotografia']",Duomo,strategy_nearest,False,0.0012438297271728516,success
047CCE429C4C80,1,"['Torre Lamberti', 'Palazzo della Ragione', 'Casa Giulietta', 'Arena']",Santa Anastasia,"['AMO', 'Museo Conte', 'Teatro Romano', 'Centro Fotografia', 'Duomo']",Duomo,strategy_nearest,True,0.0037140846252441406,success
047CF9429C4C80,0,"['Torre Lamberti', 'Castelvecchio']",Arena,"['Verona Tour', 'Museo Lapidario', 'Museo Radio', 'San Fermo', 'Casa Giulietta']",San Fermo,strategy_nearest,True,0.003409147262573242,success
047CFD429C4C80,0,"['Arena', 'Casa Giulietta']",Giardino Giusti,"['Santa Anastasia', 'Teatro Romano', 'Museo Conte', 'Centro Fotografia', 'Museo Storia']",Duomo,strategy_nearest,False,0.001336812973022461,success
047CE8429C4C80,2,"['Torre Lamberti', 'Duomo']",Palazzo della Ragione,"['AMO', 'Museo Conte', 'Centro Fotografia', 'Sighseeing', 'Santa Anastasia']",San Fermo,strategy_nearest,False,0.002836942672729492,success
047CFE429C4C80,2,"['Castelvecchio', 'Teatro Romano', 'San Fermo']",Casa Giulietta,"['Centro Fotografia', 'Sighseeing', 'Torre Lamberti', 'Museo Conte', 'Museo Radio']",Palazzo della Ragione,strategy_nearest,False,0.0033102035522460938,success
047CFF429C4C80,1,"['Castelvecchio', 'San Zeno', 'Palazzo della Ragione']",Santa Anastasia,"['AMO', 'Museo Conte', 'Teatro Romano', 'Centro Fotografia', 'Duomo']",Duomo,strategy_nearest,True,0.00168609619140625,success
047D06429C4C84,0,"['San Zeno', 'Arena']",Castelvecchio,"['Museo Lapidario', 'Verona Tour', 'Museo Radio', 'Sighseeing', 'Museo Miniscalchi']",Teatro Romano,strategy_nearest,False,0.003490924835205078,success
047D123A9C4C80,0,['Arena'],San Fermo,"['Museo Storia', 'Museo Radio', 'Casa Giulietta', 'Centro Fotografia', 'Sighseeing']",Duomo,strategy_nearest,False,0.001889944076538086,success
047D003A9C4C84,1,"['Arena', 'Casa Giulietta', 'Torre Lamberti']",Palazzo della Ragione,"['AMO', 'Museo Conte', 'Centro Fotografia', 'Sighseeing', 'Santa Anastasia']",Duomo,strategy_nearest,False,0.004500865936279297,success
047D12429C4C84,0,['Arena'],Casa Giulietta,"['Centro Fotografia', 'Sighseeing', 'Torre Lamberti', 'Museo Conte', 'Museo Radio']",Tomba Giulietta,strategy_nearest,False,0.0037958621978759766,success
047D1F429C4C84,3,"['San Fermo', 'Giardino Giusti', 'Teatro Romano']",Museo Lapidario,"['Verona Tour', 'Arena', 'Castelvecchio', 'Museo Radio', 'Casa Giulietta']",Arena,strategy_nearest,True,0.0031249523162841797,success
047D21429C4C80,2,"['Teatro Romano', 'Santa Anastasia', 'Duomo']",Castelvecchio,"['Museo Lapidario', 'Verona Tour', 'Arena', 'Museo Radio', 'San Zeno']",San Zeno,strategy_nearest,True,0.0027551651000976562,success
047D154A9C4C80,3,['Castelvecchio'],Arena,"['Verona Tour', 'Museo Lapidario', 'Museo Radio', 'San Fermo', 'Casa Giulietta']",San Fermo,strategy_nearest,True,0.0022749900817871094,success
047D243A9C4C80,0,"['Teatro Romano', 'Arena']",Museo Lapidario,"['Verona Tour', 'Castelvecchio', 'Museo Radio', 'San Fermo', 'Casa Giulietta']",Castelvecchio,strategy_nearest,True,0.001634836196899414,success
047D223A9C4C80,2,"['San Fermo', 'Casa Giulietta']",Santa Anastasia,"['AMO', 'Museo Conte', 'Palazzo della Ragione', 'Teatro Romano', 'Centro Fotografia']",Castelvecchio,strategy_nearest,False,0.003304004669189453,success
047D26429C4C84,0,"['Castelvecchio', 'Arena']",Casa Giulietta,"['Centro Fotografia', 'Sighseeing', 'Torre Lamberti', 'Museo Conte', 'Museo Radio']",Torre Lamberti,strategy_nearest,True,0.0027189254760742188,success
047D433A9C4C80,2,"['Casa Giulietta', 'Torre Lamberti', 'Palazzo della Ragione']",Santa Anastasia,"['AMO', 'Museo Conte', 'Teatro Romano', 'Centro Fotografia', 'Duomo']",Giardino Giusti,strategy_nearest,False,0.002588033676147461,success
047D473A9C4C80,4,"['Museo Lapidario', 'Arena', 'Giardino Giusti']",Santa Anastasia,"['AMO', 'Museo Conte', 'Palazzo della Ragione', 'Teatro Romano', 'Centro Fotografia']",Museo Radio,strategy_nearest,False,0.003365039825439453,success
047D61429C4C80,2,"['Castelvecchio', 'Palazzo della Ragione']",Torre Lamberti,"['Sighseeing', 'Centro Fotografia', 'Museo Conte', 'Casa Giulietta', 'AMO']",Casa Giulietta,strategy_nearest,True,0.0030908584594726562,success
047D58429C4C80,3,['Arena'],Torre Lamberti,"['Sighseeing', 'Centro Fotografia', 'Museo Conte', 'Casa Giulietta', 'Palazzo della Ragione']",Santa Anastasia,strategy_nearest,False,0.002735137939453125,success
047D70429C4C80,1,"['Arena', 'Casa Giulietta']",Palazzo della Ragione,"['AMO', 'Museo Conte', 'Torre Lamberti', 'Centro Fotografia', 'Sighseeing']",Torre Lamberti,strategy_nearest,True,0.0026879310607910156,success
047D753A9C4C80,0,['Casa Giulietta'],Arena,"['Verona Tour', 'Museo Lapidario', 'Museo Radio', 'San Fermo', 'Sighseeing']",Castelvecchio,strategy_nearest,False,0.0027730464935302734,success
047D73429C4C80,0,['Arena'],Casa Giulietta,"['Centro Fotografia', 'Sighseeing', 'Torre Lamberti', 'Museo Conte', 'Museo Radio']",Torre Lamberti,strategy_nearest,True,0.0017900466918945312,success
047D78429C4C80,0,['Castelvecchio'],Arena,"['Verona Tour', 'Museo Lapidario', 'Museo Radio', 'San Fermo', 'Casa Giulietta']",Casa Giulietta,strategy_nearest,True,0.0033180713653564453,success
047D7A3A9C4C80,3,"['Teatro Romano', 'Duomo', 'Castelvecchio']",Santa Anastasia,"['AMO', 'Museo Conte', 'Palazzo della Ragione', 'Centro Fotografia', 'Torre Lamberti']",Torre Lamberti,strategy_nearest,True,0.002321958541870117,success
047D844A9C4C80,3,"['Arena', 'Casa Giulietta']",Torre Lamberti,"['Sighseeing', 'Centro Fotografia', 'Museo Conte', 'Palazzo della Ragione', 'AMO']",Santa Anastasia,strategy_nearest,False,0.0018868446350097656,success
047D813A9C4C80,0,['Arena'],Casa Giulietta,"['Centro Fotografia', 'Sighseeing', 'Torre Lamberti', 'Museo Conte', 'Museo Radio']",Tomba Giulietta,strategy_nearest,False,0.0034592151641845703,success
047D81429C4C80,0,['Arena'],Castelvecchio,"['Museo Lapidario', 'Verona Tour', 'Museo Radio', 'San Zeno', 'Sighseeing']",Casa Giulietta,strategy_nearest,False,0.004065036773681641,success
047D86429C4C80,2,"['Casa Giulietta', 'San Fermo']",Tomba Giulietta,"['Museo Storia', 'Arena', 'Museo Lapidario', 'Museo Radio', 'Verona Tour']",Torre Lamberti,strategy_nearest,False,0.0030221939086914062,success
047D8D4A9C4C80,0,['Arena'],Casa Giulietta,"['Centro Fotografia', 'Sighseeing', 'Torre Lamberti', 'Museo Conte', 'Museo Radio']",Torre Lamberti,strategy_nearest,True,0.0019462108612060547,success
047D934A9C4C80,3,"['Arena', 'Museo Lapidario']",Casa Giulietta,"['Centro Fotografia', 'Sighseeing', 'Torre Lamberti', 'Museo Conte', 'Museo Radio']",Torre Lamberti,strategy_nearest,True,0.0032448768615722656,success
047D8B4A9C4C80,3,"['Arena', 'Torre Lamberti']",Santa Anastasia,"['AMO', 'Museo Conte', 'Palazzo della Ragione', 'Teatro Romano', 'Centro Fotografia']",Teatro Romano,strategy_nearest,True,0.004037141799926758,success
047D94429C4C80,0,['Arena'],Torre Lamberti,"['Sighseeing', 'Centro Fotografia', 'Museo Conte', 'Casa Giulietta', 'Palazzo della Ragione']",Casa Giulietta,strategy_nearest,True,0.003134012222290039,success
047D96429C4C80,0,['Arena'],Casa Giulietta,"['Centro Fotografia', 'Sighseeing', 'Torre Lamberti', 'Museo Conte', 'Museo Radio']",Duomo,strategy_nearest,False,0.0025501251220703125,success
047D95429C4C80,0,['Arena'],Casa Giulietta,"['Centro Fotografia', 'Sighseeing', 'Torre Lamberti', 'Museo Conte', 'Museo Radio']",Torre Lamberti,strategy_nearest,True,0.0024280548095703125,success
047D99429C4C80,3,"['Arena', 'Castelvecchio']",Duomo,"['AMO', 'Museo Miniscalchi', 'Santa Anastasia', 'Teatro Romano', 'Palazzo della Ragione']",Santa Anastasia,strategy_nearest,True,0.003180980682373047,success
047D9B4A9C4C80,3,['Arena'],Casa Giulietta,"['Centro Fotografia', 'Sighseeing', 'Torre Lamberti', 'Museo Conte', 'Museo Radio']",San Fermo,strategy_nearest,False,0.002429962158203125,success
047DA74A9C4C80,3,"['Santa Anastasia', 'Teatro Romano']",Casa Giulietta,"['Centro Fotografia', 'Sighseeing', 'Torre Lamberti', 'Museo Conte', 'Museo Radio']",Arena,strategy_nearest,False,0.002579927444458008,success
047DA83A9C4C80,0,['Arena'],Castelvecchio,"['Museo Lapidario', 'Verona Tour', 'Museo Radio', 'San Zeno', 'Sighseeing']",Casa Giulietta,strategy_nearest,False,0.0019071102142333984,success
047DA3429C4C80,3,['Arena'],Santa Anastasia,"['AMO', 'Museo Conte', 'Palazzo della Ragione', 'Teatro Romano', 'Centro Fotografia']",San Zeno,strategy_nearest,False,0.004021883010864258,success
047DAA3A9C4C80,3,"['Santa Anastasia', 'Teatro Romano', 'Duomo']",Torre Lamberti,"['Sighseeing', 'Centro Fotografia', 'Museo Conte', 'Casa Giulietta', 'Palazzo della Ragione']",Casa Giulietta,strategy_nearest,True,0.0024840831756591797,success
047DA8429C4C80,3,"['Arena', 'Museo Lapidario']",Castelvecchio,"['Verona Tour', 'Museo Radio', 'San Zeno', 'Sighseeing', 'Museo Miniscalchi']",Santa Anastasia,strategy_nearest,False,0.003063201904296875,success
047DB5429C4C80,1,"['Tomba Giulietta', 'Arena']",Casa Giulietta,"['Centro Fotografia', 'Sighseeing', 'Torre Lamberti', 'Museo Conte', 'Museo Radio']",Torre Lamberti,strategy_nearest,True,0.0031931400299072266,success
047DB63A9C4C80,1,"['Arena', 'Museo Lapidario']",San Fermo,"['Museo Storia', 'Museo Radio', 'Casa Giulietta', 'Centro Fotografia', 'Sighseeing']",Santa Anastasia,strategy_nearest,False,0.002324819564819336,success
047DAF429C4C80,1,"['Arena', 'Torre Lamberti']",Palazzo della Ragione,"['AMO', 'Museo Conte', 'Centro Fotografia', 'Sighseeing', 'Santa Anastasia']",Casa Giulietta,strategy_nearest,False,0.0036187171936035156,success
047DBA3A9C4C80,0,['Tomba Giulietta'],Arena,"['Verona Tour', 'Museo Lapidario', 'Museo Radio', 'San Fermo', 'Casa Giulietta']",Casa Giulietta,strategy_nearest,True,0.003014802932739258,success
047DBB3A9C4C80,0,"['Arena', 'Castelvecchio']",Casa Giulietta,"['Centro Fotografia', 'Sighseeing', 'Torre Lamberti', 'Museo Conte', 'Museo Radio']",Tomba Giulietta,strategy_nearest,False,0.0036020278930664062,success
047DBE3A9C4C80,2,['Palazzo della Ragione'],Torre Lamberti,"['Sighseeing', 'Centro Fotografia', 'Museo Conte', 'Casa Giulietta', 'AMO']",Santa Anastasia,strategy_nearest,False,0.0023789405822753906,success
047DC83A9C4C80,0,"['Castelvecchio', 'Arena']",Museo Lapidario,"['Verona Tour', 'Museo Radio', 'San Fermo', 'Casa Giulietta', 'Tomba Giulietta']",Teatro Romano,strategy_nearest,False,0.003985166549682617,success
047DCD429C4C80,0,"['Torre Lamberti', 'Casa Giulietta']",Castelvecchio,"['Museo Lapidario', 'Verona Tour', 'Arena', 'Museo Radio', 'San Zeno']",San Zeno,strategy_nearest,True,0.002341747283935547,success
047DEF429C4C80,1,"['Arena', 'Museo Lapidario', 'Casa Giulietta']",Palazzo della Ragione,"['AMO', 'Museo Conte', 'Torre Lamberti', 'Centro Fotografia', 'Sighseeing']",Castelvecchio,strategy_nearest,False,0.0022618770599365234,success
047DFD429C4C80,3,"['Arena', 'Casa Giulietta']",Torre Lamberti,"['Sighseeing', 'Centro Fotografia', 'Museo Conte', 'Palazzo della Ragione', 'AMO']",Santa Anastasia,strategy_nearest,False,0.0020720958709716797,success
047DFC3A9C4C80,0,['Teatro Romano'],Giardino Giusti,"['Santa Anastasia', 'Museo Conte', 'Centro Fotografia', 'Museo Storia', 'AMO']",Arena,strategy_nearest,False,0.002705097198486328,success
047DF13A9C4C80,1,"['Arena', 'San Fermo', 'Casa Giulietta']",Torre Lamberti,"['Sighseeing', 'Centro Fotografia', 'Museo Conte', 'Palazzo della Ragione', 'AMO']",Santa Anastasia,strategy_nearest,False,0.0033659934997558594,success
047DFE3A9C4C80,3,"['Tomba Giulietta', 'Arena']",Casa Giulietta,"['Centro Fotografia', 'Sighseeing', 'Torre Lamberti', 'Museo Conte', 'Museo Radio']",Santa Anastasia,strategy_nearest,False,0.002830982208251953,success
047E1F3A9C4C80,0,['Arena'],Casa Giulietta,"['Centro Fotografia', 'Sighseeing', 'Torre Lamberti', 'Museo Conte', 'Museo Radio']",Castelvecchio,strategy_nearest,False,0.003412961959838867,success
047E844A9C4C80,1,"['Arena', 'Castelvecchio']",Casa Giulietta,"['Centro Fotografia', 'Sighseeing', 'Torre Lamberti', 'Museo Conte', 'Museo Radio']",Torre Lamberti,strategy_nearest,True,0.002067089080810547,success
047E3E429C4C80,3,"['Teatro Romano', 'Santa Anastasia']",Castelvecchio,"['Museo Lapidario', 'Verona Tour', 'Arena', 'Museo Radio', 'San Zeno']",Arena,strategy_nearest,True,0.002740144729614258,success
047EC6429C4C80,2,"['Casa Giulietta', 'Palazzo della Ragione']",Torre Lamberti,"['Sighseeing', 'Centro Fotografia', 'Museo Conte', 'AMO', 'Museo Miniscalchi']",Santa Anastasia,strategy_nearest,False,0.002235889434814453,success
047EC93A9C4C80,0,['Arena'],Casa Giulietta,"['Centro Fotografia', 'Sighseeing', 'Torre Lamberti', 'Museo Conte', 'Museo Radio']",Torre Lamberti,strategy_nearest,True,0.002193927764892578,success
047F0F3A9C4C80,2,"['Santa Anastasia', 'Teatro Romano']",Duomo,"['AMO', 'Museo Miniscalchi', 'Palazzo della Ragione', 'Museo Conte', 'Torre Lamberti']",Castelvecchio,strategy_nearest,False,0.003289937973022461,success
047F0DC27B3F84,3,"['Castelvecchio', 'Arena']",Torre Lamberti,"['Sighseeing', 'Centro Fotografia', 'Museo Conte', 'Casa Giulietta', 'Palazzo della Ragione']",Santa Anastasia,strategy_nearest,False,0.0029299259185791016,success
047F123A9C4C80,3,"['Museo Lapidario', 'Castelvecchio', 'Casa Giulietta']",Arena,"['Verona Tour', 'Museo Radio', 'San Fermo', 'Sighseeing', 'Torre Lamberti']",Teatro Romano,strategy_nearest,False,0.00290679931640625,success
047F13429C4C80,2,['Torre Lamberti'],Santa Anastasia,"['AMO', 'Museo Conte', 'Palazzo della Ragione', 'Teatro Romano', 'Centro Fotografia']",Duomo,strategy_nearest,False,0.002733945846557617,success
047F1B429C4C84,1,"['Arena', 'Casa Giulietta']",Castelvecchio,"['Museo Lapidario', 'Verona Tour', 'Museo Radio', 'San Zeno', 'Sighseeing']",San Zeno,strategy_nearest,True,0.0026438236236572266,success
047F15429C4C84,1,"['Palazzo della Ragione', 'Torre Lamberti']",Arena,"['Verona Tour', 'Museo Lapidario', 'Museo Radio', 'San Fermo', 'Casa Giulietta']",Santa Anastasia,strategy_nearest,False,0.003371000289916992,success
047F20429C4C84,0,"['San Zeno', 'Castelvecchio']",Arena,"['Verona Tour', 'Museo Lapidario', 'Museo Radio', 'San Fermo', 'Casa Giulietta']",Torre Lamberti,strategy_nearest,False,0.0019719600677490234,success
047F25429C4C80,2,['Tomba Giulietta'],Castelvecchio,"['Museo Lapidario', 'Verona Tour', 'Arena', 'Museo Radio', 'San Zeno']",Torre Lamberti,strategy_nearest,False,0.002833127975463867,success
047F294A9C4C80,0,['Tomba Giulietta'],Arena,"['Verona Tour', 'Museo Lapidario', 'Museo Radio', 'San Fermo', 'Casa Giulietta']",Castelvecchio,strategy_nearest,False,0.0040776729583740234,success
047F2C429C4C80,0,['Arena'],Torre Lamberti,"['Sighseeing', 'Centro Fotografia', 'Museo Conte', 'Casa Giulietta', 'Palazzo della Ragione']",Casa Giulietta,strategy_nearest,True,0.0013098716735839844,success
047F2E3A9C4C80,2,"['Palazzo della Ragione', 'Torre Lamberti', 'Castelvecchio']",Giardino Giusti,"['Santa Anastasia', 'Teatro Romano', 'Museo Conte', 'Centro Fotografia', 'Museo Storia']",San Zeno,strategy_nearest,False,0.002592802047729492,success
047F40429C4C80,1,"['Museo Lapidario', 'Arena']",San Fermo,"['Museo Storia', 'Museo Radio', 'Casa Giulietta', 'Centro Fotografia', 'Sighseeing']",Torre Lamberti,strategy_nearest,False,0.003937959671020508,success
047F463A9C4C80,3,"['Santa Anastasia', 'Arena']",Castelvecchio,"['Museo Lapidario', 'Verona Tour', 'Museo Radio', 'San Zeno', 'Sighseeing']",San Zeno,strategy_nearest,True,0.0020639896392822266,success
047F4A3A9C4C80,2,"['San Fermo', 'Torre Lamberti', 'Palazzo della Ragione', 'Santa Anastasia']",Teatro Romano,"['Duomo', 'AMO', 'Museo Conte', 'Centro Fotografia', 'Museo Miniscalchi']",Duomo,strategy_nearest,True,0.0032258033752441406,success
047F47429C4C80,0,"['Casa Giulietta', 'Torre Lamberti']",Arena,"['Verona Tour', 'Museo Lapidario', 'Museo Radio', 'San Fermo', 'Sighseeing']",Teatro Romano,strategy_nearest,False,0.0013289451599121094,success
047F4A429C4C80,3,"['Arena', 'Casa Giulietta', 'Torre Lamberti']",Santa Anastasia,"['AMO', 'Museo Conte', 'Palazzo della Ragione', 'Teatro Romano', 'Centro Fotografia']",Duomo,strategy_nearest,False,0.0020170211791992188,success
047F4F429C4C80,1,['Arena'],Casa Giulietta,"['Centro Fotografia', 'Sighseeing', 'Torre Lamberti', 'Museo Conte', 'Museo Radio']",Palazzo della Ragione,strategy_nearest,False,0.0020399093627929688,success
047F4E429C4C80,3,['Castelvecchio'],Arena,"['Verona Tour', 'Museo Lapidario', 'Museo Radio', 'San Fermo', 'Casa Giulietta']",Torre Lamberti,strategy_nearest,False,0.0033648014068603516,success
047F51429C4C80,2,['Castelvecchio'],Santa Anastasia,"['AMO', 'Museo Conte', 'Palazzo della Ragione', 'Teatro Romano', 'Centro Fotografia']",Duomo,strategy_nearest,False,0.0032918453216552734,success
047F5B429C4C80,0,['Arena'],Museo Lapidario,"['Verona Tour', 'Castelvecchio', 'Museo Radio', 'San Fermo', 'Casa Giulietta']",Castelvecchio,strategy_nearest,True,0.0021398067474365234,success
047F63429C4C80,0,['Arena'],Casa Giulietta,"['Centro Fotografia', 'Sighseeing', 'Torre Lamberti', 'Museo Conte', 'Museo Radio']",Duomo,strategy_nearest,False,0.003847837448120117,success
047F6B429C4C80,2,['Torre Lamberti'],Palazzo della Ragione,"['AMO', 'Museo Conte', 'Centro Fotografia', 'Sighseeing', 'Santa Anastasia']",Casa Giulietta,strategy_nearest,False,0.002554178237915039,success
047F553A9C4C80,3,"['Arena', 'Casa Giulietta', 'Teatro Romano', 'Duomo']",Santa Anastasia,"['AMO', 'Museo Conte', 'Palazzo della Ragione', 'Centro Fotografia', 'Torre Lamberti']",Torre Lamberti,strategy_nearest,True,0.0034270286560058594,success
047F6E3A9C4C80,1,"['Arena', 'Casa Giulietta', 'Palazzo della Ragione']",Santa Anastasia,"['AMO', 'Museo Conte', 'Teatro Romano', 'Centro Fotografia', 'Duomo']",Duomo,strategy_nearest,True,0.00162506103515625,success
047F74429C4C80,0,['Arena'],Duomo,"['AMO', 'Museo Miniscalchi', 'Santa Anastasia', 'Teatro Romano', 'Palazzo della Ragione']",Casa Giulietta,strategy_nearest,False,0.003367900848388672,success
047F77429C4C80,2,['Casa Giulietta'],Torre Lamberti,"['Sighseeing', 'Centro Fotografia', 'Museo Conte', 'Palazzo della Ragione', 'AMO']",Duomo,strategy_nearest,False,0.0021560192108154297,success
047F844A9C4C80,3,"['Arena', 'Torre Lamberti']",Casa Giulietta,"['Centro Fotografia', 'Sighseeing', 'Museo Conte', 'Museo Radio', 'Palazzo della Ragione']",Duomo,strategy_nearest,False,0.0025899410247802734,success
047F924A9C4C80,0,['Arena'],Casa Giulietta,"['Centro Fotografia', 'Sighseeing', 'Torre Lamberti', 'Museo Conte', 'Museo Radio']",Santa Anastasia,strategy_nearest,False,0.0020720958709716797,success
047F8E3A9C4C80,2,"['Torre Lamberti', 'Palazzo della Ragione']",Castelvecchio,"['Museo Lapidario', 'Verona Tour', 'Arena', 'Museo Radio', 'San Zeno']",Duomo,strategy_nearest,False,0.0033600330352783203,success
047F8B429C4C80,3,"['Arena', 'Casa Giulietta']",Teatro Romano,"['Santa Anastasia', 'Duomo', 'AMO', 'Palazzo della Ragione', 'Museo Conte']",Duomo,strategy_nearest,True,0.0015859603881835938,success
047F934A9C4C80,3,"['Arena', 'Museo Lapidario']",Casa Giulietta,"['Centro Fotografia', 'Sighseeing', 'Torre Lamberti', 'Museo Conte', 'Museo Radio']",Torre Lamberti,strategy_nearest,True,0.002537965774536133,success
047F9C4A9C4C80,0,['Castelvecchio'],Arena,"['Verona Tour', 'Museo Lapidario', 'Museo Radio', 'San Fermo', 'Casa Giulietta']",Tomba Giulietta,strategy_nearest,False,0.002672910690307617,success
047F94429C4C80,0,['Arena'],Torre Lamberti,"['Sighseeing', 'Centro Fotografia', 'Museo Conte', 'Casa Giulietta', 'Palazzo della Ragione']",Casa Giulietta,strategy_nearest,True,0.0033152103424072266,success
047F9F429C4C80,3,"['Arena', 'Tomba Giulietta', 'San Fermo']",Santa Anastasia,"['AMO', 'Museo Conte', 'Palazzo della Ragione', 'Teatro Romano', 'Centro Fotografia']",Duomo,strategy_nearest,False,0.003245115280151367,success
047F96429C4C80,2,"['Castelvecchio', 'Casa Giulietta']",Palazzo della Ragione,"['AMO', 'Museo Conte', 'Torre Lamberti', 'Centro Fotografia', 'Sighseeing']",Torre Lamberti,strategy_nearest,True,0.0013861656188964844,success
047FA83A9C4C80,1,"['Museo Lapidario', 'Casa Giulietta']",Torre Lamberti,"['Sighseeing', 'Centro Fotografia', 'Museo Conte', 'Palazzo della Ragione', 'AMO']",Palazzo della Ragione,strategy_nearest,True,0.0020148754119873047,success
047FAB4A9C4C80,1,"['Arena', 'Casa Giulietta', 'San Fermo']",Palazzo della Ragione,"['AMO', 'Museo Conte', 'Torre Lamberti', 'Centro Fotografia', 'Sighseeing']",Torre Lamberti,strategy_nearest,True,0.002588987350463867,success
047FA73A9C4C80,0,"['Arena', 'Casa Giulietta']",Teatro Romano,"['Santa Anastasia', 'Duomo', 'AMO', 'Palazzo della Ragione', 'Museo Conte']",Giardino Giusti,strategy_nearest,False,0.003988027572631836,success
047FA1429C4C80,3,['Arena'],Casa Giulietta,"['Centro Fotografia', 'Sighseeing', 'Torre Lamberti', 'Museo Conte', 'Museo Radio']",Santa Anastasia,strategy_nearest,False,0.0021882057189941406,success
047FB23A9C4C80,2,['Casa Giulietta'],Palazzo della Ragione,"['AMO', 'Museo Conte', 'Torre Lamberti', 'Centro Fotografia', 'Sighseeing']",Torre Lamberti,strategy_nearest,True,0.002197742462158203,success
047FAE429C4C80,0,['Arena'],Casa Giulietta,"['Centro Fotografia', 'Sighseeing', 'Torre Lamberti', 'Museo Conte', 'Museo Radio']",Torre Lamberti,strategy_nearest,True,0.003998994827270508,success
047FBC429C4C80,0,['Arena'],Casa Giulietta,"['Centro Fotografia', 'Sighseeing', 'Torre Lamberti', 'Museo Conte', 'Museo Radio']",Torre Lamberti,strategy_nearest,True,0.0020148754119873047,success
047FB53A9C4C80,3,['Arena'],Casa Giulietta,"['Centro Fotografia', 'Sighseeing', 'Torre Lamberti', 'Museo Conte', 'Museo Radio']",Santa Anastasia,strategy_nearest,False,0.003427743911743164,success
047FBF429C4C80,3,['Castelvecchio'],Torre Lamberti,"['Sighseeing', 'Centro Fotografia', 'Museo Conte', 'Casa Giulietta', 'Palazzo della Ragione']",Santa Anastasia,strategy_nearest,False,0.0033462047576904297,success
047FC1429C4C80,0,"['Arena', 'Tomba Giulietta']",Casa Giulietta,"['Centro Fotografia', 'Sighseeing', 'Torre Lamberti', 'Museo Conte', 'Museo Radio']",San Fermo,strategy_nearest,False,0.002146005630493164,success
047FC73A9C4C80,2,['Casa Giulietta'],Torre Lamberti,"['Sighseeing', 'Centro Fotografia', 'Museo Conte', 'Palazzo della Ragione', 'AMO']",Tomba Giulietta,strategy_nearest,False,0.0032320022583007812,success
047FD13A9C4C80,2,"['San Fermo', 'Castelvecchio', 'San Zeno']",Palazzo della Ragione,"['AMO', 'Museo Conte', 'Torre Lamberti', 'Centro Fotografia', 'Sighseeing']",Duomo,strategy_nearest,False,0.0019769668579101562,success
047FE23A9C4C80,1,"['Arena', 'Casa Giulietta', 'Torre Lamberti']",Palazzo della Ragione,"['AMO', 'Museo Conte', 'Centro Fotografia', 'Sighseeing', 'Santa Anastasia']",Santa Anastasia,strategy_nearest,True,0.0033469200134277344,success
047FF83A9C4C80,2,"['Palazzo della Ragione', 'Torre Lamberti']",Casa Giulietta,"['Centro Fotografia', 'Sighseeing', 'Museo Conte', 'Museo Radio', 'San Fermo']",Santa Anastasia,strategy_nearest,False,0.002012014389038086,success
047FF23A9C4C80,0,['Arena'],Santa Anastasia,"['AMO', 'Museo Conte', 'Palazzo della Ragione', 'Teatro Romano', 'Centro Fotografia']",Casa Giulietta,strategy_nearest,False,0.00214385986328125,success
047FFB429C4C80,0,['Arena'],Casa Giulietta,"['Centro Fotografia', 'Sighseeing', 'Torre Lamberti', 'Museo Conte', 'Museo Radio']",Torre Lamberti,strategy_nearest,True,0.003340005874633789,success
047FFC429C4C80,2,"['San Fermo', 'Casa Giulietta']",Casa Giulietta,"['Centro Fotografia', 'Sighseeing', 'Torre Lamberti', 'Museo Conte', 'Museo Radio']",Santa Anastasia,strategy_nearest,False,0.0016551017761230469,success
048004429C4C84,3,"['Casa Giulietta', 'San Fermo', 'Museo Lapidario']",Tomba Giulietta,"['Museo Storia', 'Arena', 'Museo Radio', 'Verona Tour', 'Castelvecchio']",Arena,strategy_nearest,True,0.0024802684783935547,success
047FFFC27B3F80,3,"['Castelvecchio', 'Arena']",Santa Anastasia,"['AMO', 'Museo Conte', 'Palazzo della Ragione', 'Teatro Romano', 'Centro Fotografia']",Duomo,strategy_nearest,False,0.0032792091369628906,success
048006429C4C84,0,['Casa Giulietta'],Castelvecchio,"['Museo Lapidario', 'Verona Tour', 'Arena', 'Museo Radio', 'San Zeno']",Arena,strategy_nearest,True,0.0041501522064208984,success
04800C429C4C84,0,['Tomba Giulietta'],Arena,"['Verona Tour', 'Museo Lapidario', 'Museo Radio', 'San Fermo', 'Casa Giulietta']",Castelvecchio,strategy_nearest,False,0.0025300979614257812,success
04800C4A9C4C80,2,"['Museo Lapidario', 'Castelvecchio']",Teatro Romano,"['Santa Anastasia', 'Duomo', 'AMO', 'Palazzo della Ragione', 'Museo Conte']",Torre Lamberti,strategy_nearest,False,0.0024619102478027344,success
048010429C4C84,3,"['Arena', 'Castelvecchio', 'Torre Lamberti']",Casa Giulietta,"['Centro Fotografia', 'Sighseeing', 'Museo Conte', 'Museo Radio', 'Palazzo della Ragione']",Teatro Romano,strategy_nearest,False,0.0024356842041015625,success
04800E429C4C84,2,['Casa Giulietta'],Santa Anastasia,"['AMO', 'Museo Conte', 'Palazzo della Ragione', 'Teatro Romano', 'Centro Fotografia']",Torre Lamberti,strategy_nearest,False,0.002629995346069336,success
04800E429C4C80,4,"['Santa Anastasia', 'Museo Radio', 'Duomo']",Teatro Romano,"['AMO', 'Palazzo della Ragione', 'Museo Conte', 'Centro Fotografia', 'Museo Miniscalchi']",Museo Storia,strategy_nearest,False,0.003286123275756836,success
0480154A9C4C80,3,"['Santa Anastasia', 'Duomo']",San Zeno,"['Castelvecchio', 'Verona Tour', 'Museo Lapidario', 'Arena', 'Museo Miniscalchi']",Arena,strategy_nearest,True,0.003154754638671875,success
04801A3A9C4C80,2,"['Castelvecchio', 'Tomba Giulietta']",Torre Lamberti,"['Sighseeing', 'Centro Fotografia', 'Museo Conte', 'Casa Giulietta', 'Palazzo della Ragione']",Casa Giulietta,strategy_nearest,True,0.0019328594207763672,success
048021429C4C84,1,"['Arena', 'San Fermo']",Palazzo della Ragione,"['AMO', 'Museo Conte', 'Torre Lamberti', 'Centro Fotografia', 'Sighseeing']",Torre Lamberti,strategy_nearest,True,0.002454042434692383,success
04801A429C4C80,3,"['Torre Lamberti', 'Santa Anastasia', 'Duomo', 'San Fermo', 'Casa Giulietta']",Teatro Romano,"['AMO', 'Palazzo della Ragione', 'Museo Conte', 'Centro Fotografia', 'Museo Miniscalchi']",Giardino Giusti,strategy_nearest,False,0.003075122833251953,success
048026429C4C84,1,"['Arena', 'Casa Giulietta']",Torre Lamberti,"['Sighseeing', 'Centro Fotografia', 'Museo Conte', 'Palazzo della Ragione', 'AMO']",Palazzo della Ragione,strategy_nearest,True,0.003604888916015625,success
0480244A9C4C80,1,"['Arena', 'Museo Lapidario', 'Castelvecchio']",Torre Lamberti,"['Sighseeing', 'Centro Fotografia', 'Museo Conte', 'Casa Giulietta', 'Palazzo della Ragione']",Palazzo della Ragione,strategy_nearest,True,0.0029900074005126953,success
048022429C4C80,0,"['Casa Giulietta', 'Torre Lamberti']",Teatro Romano,"['Santa Anastasia', 'Duomo', 'AMO', 'Palazzo della Ragione', 'Museo Conte']",Arena,strategy_nearest,False,0.002328157424926758,success
048027429C4C80,1,"['Teatro Romano', 'Torre Lamberti', 'Palazzo della Ragione']",Castelvecchio,"['Museo Lapidario', 'Verona Tour', 'Arena', 'Museo Radio', 'San Zeno']",San Zeno,strategy_nearest,True,0.001516103744506836,success
0480394A9C4C80,1,"['Teatro Romano', 'Casa Giulietta', 'Torre Lamberti']",Palazzo della Ragione,"['AMO', 'Museo Conte', 'Centro Fotografia', 'Sighseeing', 'Santa Anastasia']",Arena,strategy_nearest,False,0.0022470951080322266,success
04803D3A9C4C80,3,"['Arena', 'Casa Giulietta', 'Castelvecchio', 'San Zeno']",Tomba Giulietta,"['San Fermo', 'Museo Storia', 'Museo Lapidario', 'Museo Radio', 'Verona Tour']",Torre Lamberti,strategy_nearest,False,0.0015780925750732422,success
0480283A9C4C80,0,"['Arena', 'Casa Giulietta']",San Fermo,"['Museo Storia', 'Museo Radio', 'Centro Fotografia', 'Sighseeing', 'Torre Lamberti']",Tomba Giulietta,strategy_nearest,False,0.0028810501098632812,success
0480413A9C4C80,2,"['Casa Giulietta', 'Palazzo della Ragione', 'Castelvecchio']",Santa Anastasia,"['AMO', 'Museo Conte', 'Teatro Romano', 'Centro Fotografia', 'Duomo']",San Fermo,strategy_nearest,False,0.0033130645751953125,success
048047429C4C80,2,"['Santa Anastasia', 'Teatro Romano']",Torre Lamberti,"['Sighseeing', 'Centro Fotografia', 'Museo Conte', 'Casa Giulietta', 'Palazzo della Ragione']",Palazzo della Ragione,strategy_nearest,True,0.0020003318786621094,success
04804D429C4C80,0,['San Fermo'],Castelvecchio,"['Museo Lapidario', 'Verona Tour', 'Arena', 'Museo Radio', 'San Zeno']",Arena,strategy_nearest,True,0.0020859241485595703,success
048050429C4C80,3,['Santa Anastasia'],Torre Lamberti,"['Sighseeing', 'Centro Fotografia', 'Museo Conte', 'Casa Giulietta', 'Palazzo della Ragione']",San Fermo,strategy_nearest,False,0.0027480125427246094,success
04805A3A9C4C80,2,['Casa Giulietta'],Palazzo della Ragione,"['AMO', 'Museo Conte', 'Torre Lamberti', 'Centro Fotografia', 'Sighseeing']",Castelvecchio,strategy_nearest,False,0.003209352493286133,success
04805E429C4C80,2,['Casa Giulietta'],Torre Lamberti,"['Sighseeing', 'Centro Fotografia', 'Museo Conte', 'Palazzo della Ragione', 'AMO']",Castelvecchio,strategy_nearest,False,0.002332925796508789,success
04805B429C4C80,1,['Arena'],San Fermo,"['Museo Storia', 'Museo Radio', 'Casa Giulietta', 'Centro Fotografia', 'Sighseeing']",Torre Lamberti,strategy_nearest,False,0.0032057762145996094,success
048069429C4C80,0,"['Tomba Giulietta', 'Arena']",Castelvecchio,"['Museo Lapidario', 'Verona Tour', 'Museo Radio', 'San Zeno', 'Sighseeing']",Casa Giulietta,strategy_nearest,False,0.003259897232055664,success
0480713A9C4C80,3,['Arena'],Duomo,"['AMO', 'Museo Miniscalchi', 'Santa Anastasia', 'Teatro Romano', 'Palazzo della Ragione']",Santa Anastasia,strategy_nearest,True,0.0030257701873779297,success
048076429C4C80,0,['Arena'],Casa Giulietta,"['Centro Fotografia', 'Sighseeing', 'Torre Lamberti', 'Museo Conte', 'Museo Radio']",Torre Lamberti,strategy_nearest,True,0.0026960372924804688,success
048074429C4C80,3,"['Arena', 'Casa Giulietta']",Torre Lamberti,"['Sighseeing', 'Centro Fotografia', 'Museo Conte', 'Palazzo della Ragione', 'AMO']",Santa Anastasia,strategy_nearest,False,0.003461122512817383,success
04808C4A9C4C80,1,"['Arena', 'Torre Lamberti']",Palazzo della Ragione,"['AMO', 'Museo Conte', 'Centro Fotografia', 'Sighseeing', 'Santa Anastasia']",Santa Anastasia,strategy_nearest,True,0.0032057762145996094,success
0480863A9C4C80,3,"['Arena', 'Torre Lamberti', 'Santa Anastasia']",Duomo,"['AMO', 'Museo Miniscalchi', 'Teatro Romano', 'Palazzo della Ragione', 'Museo Conte']",Teatro Romano,strategy_nearest,True,0.0038220882415771484,success
0480924A9C4C80,2,"['Castelvecchio', 'Torre Lamberti']",Santa Anastasia,"['AMO', 'Museo Conte', 'Palazzo della Ragione', 'Teatro Romano', 'Centro Fotografia']",Duomo,strategy_nearest,False,0.002529144287109375,success
04808B4A9C4C80,2,"['Castelvecchio', 'Torre Lamberti']",Palazzo della Ragione,"['AMO', 'Museo Conte', 'Centro Fotografia', 'Sighseeing', 'Santa Anastasia']",Casa Giulietta,strategy_nearest,False,0.003443002700805664,success
0480954A9C4C80,0,['Arena'],Torre Lamberti,"['Sighseeing', 'Centro Fotografia', 'Museo Conte', 'Casa Giulietta', 'Palazzo della Ragione']",Castelvecchio,strategy_nearest,False,0.0012791156768798828,success
0480964A9C4C80,3,['Arena'],Castelvecchio,"['Museo Lapidario', 'Verona Tour', 'Museo Radio', 'San Zeno', 'Sighseeing']",Torre Lamberti,strategy_nearest,False,0.002020120620727539,success
0480A3429C4C80,0,['Arena'],Casa Giulietta,"['Centro Fotografia', 'Sighseeing', 'Torre Lamberti', 'Museo Conte', 'Museo Radio']",Castelvecchio,strategy_nearest,False,0.0027730464935302734,success
0480A4429C4C80,2,"['Santa Anastasia', 'Museo Lapidario']",Casa Giulietta,"['Centro Fotografia', 'Sighseeing', 'Torre Lamberti', 'Museo Conte', 'Museo Radio']",Palazzo della Ragione,strategy_nearest,False,0.0032477378845214844,success
0480A94A9C4C80,3,['Arena'],Casa Giulietta,"['Centro Fotografia', 'Sighseeing', 'Torre Lamberti', 'Museo Conte', 'Museo Radio']",Torre Lamberti,strategy_nearest,True,0.0029420852661132812,success
0480BB3A9C4C80,3,"['Arena', 'Casa Giulietta']",Santa Anastasia,"['AMO', 'Museo Conte', 'Palazzo della Ragione', 'Teatro Romano', 'Centro Fotografia']",Duomo,strategy_nearest,False,0.0025930404663085938,success
0480AB4A9C4C80,1,"['Arena', 'Castelvecchio']",Casa Giulietta,"['Centro Fotografia', 'Sighseeing', 'Torre Lamberti', 'Museo Conte', 'Museo Radio']",Palazzo della Ragione,strategy_nearest,False,0.0027163028717041016,success
0480B4429C4C80,2,['Tomba Giulietta'],Casa Giulietta,"['Centro Fotografia', 'Sighseeing', 'Torre Lamberti', 'Museo Conte', 'Museo Radio']",Torre Lamberti,strategy_nearest,True,0.0039060115814208984,success
0480C0429C4C80,1,['Arena'],Casa Giulietta,"['Centro Fotografia', 'Sighseeing', 'Torre Lamberti', 'Museo Conte', 'Museo Radio']",Torre Lamberti,strategy_nearest,True,0.002523183822631836,success
0480C1429C4C80,1,"['Arena', 'Casa Giulietta']",Palazzo della Ragione,"['AMO', 'Museo Conte', 'Torre Lamberti', 'Centro Fotografia', 'Sighseeing']",San Zeno,strategy_nearest,False,0.002593994140625,success
0480BC429C4C80,0,['Arena'],Casa Giulietta,"['Centro Fotografia', 'Sighseeing', 'Torre Lamberti', 'Museo Conte', 'Museo Radio']",Teatro Romano,strategy_nearest,False,0.001970052719116211,success
0480C2429C4C80,3,"['Arena', 'Tomba Giulietta', 'San Fermo']",Santa Anastasia,"['AMO', 'Museo Conte', 'Palazzo della Ragione', 'Teatro Romano', 'Centro Fotografia']",Duomo,strategy_nearest,False,0.003303050994873047,success
0480CA429C4C80,3,"['Casa Giulietta', 'Arena']",Torre Lamberti,"['Sighseeing', 'Centro Fotografia', 'Museo Conte', 'Palazzo della Ragione', 'AMO']",Santa Anastasia,strategy_nearest,False,0.0027227401733398438,success
0480D93A9C4C80,1,"['Arena', 'Museo Lapidario', 'Torre Lamberti']",Palazzo della Ragione,"['AMO', 'Museo Conte', 'Centro Fotografia', 'Sighseeing', 'Santa Anastasia']",Casa Giulietta,strategy_nearest,False,0.001310110092163086,success
0480CA3A9C4C80,2,['Teatro Romano'],Duomo,"['AMO', 'Museo Miniscalchi', 'Santa Anastasia', 'Palazzo della Ragione', 'Museo Conte']",Castelvecchio,strategy_nearest,False,0.0033779144287109375,success
0480E53A9C4C80,6,"['San Zeno', 'Castelvecchio', 'Arena', 'Casa Giulietta', 'Verona Tour']",Santa Anastasia,"['AMO', 'Museo Conte', 'Palazzo della Ragione', 'Teatro Romano', 'Centro Fotografia']",Duomo,strategy_nearest,False,0.0033380985260009766,success
0480FB429C4C80,1,"['Arena', 'Casa Giulietta']",Teatro Romano,"['Santa Anastasia', 'Duomo', 'AMO', 'Palazzo della Ragione', 'Museo Conte']",Palazzo della Ragione,strategy_nearest,True,0.0025022029876708984,success
0480E63A9C4C80,3,"['Castelvecchio', 'Arena']",Teatro Romano,"['Santa Anastasia', 'Duomo', 'AMO', 'Palazzo della Ragione', 'Museo Conte']",Santa Anastasia,strategy_nearest,True,0.002233743667602539,success
0480EC429C4C80,3,"['Arena', 'Casa Giulietta']",Santa Anastasia,"['AMO', 'Museo Conte', 'Palazzo della Ragione', 'Teatro Romano', 'Centro Fotografia']",Teatro Romano,strategy_nearest,True,0.003180980682373047,success
0480FF3A9C4C80,3,"['Arena', 'Torre Lamberti']",Santa Anastasia,"['AMO', 'Museo Conte', 'Palazzo della Ragione', 'Teatro Romano', 'Centro Fotografia']",Duomo,strategy_nearest,False,0.0022821426391601562,success
048106429C4C84,3,"['Arena', 'Torre Lamberti', 'Castelvecchio']",San Zeno,"['Verona Tour', 'Museo Lapidario', 'Museo Miniscalchi', 'Sighseeing', 'Museo Radio']",Santa Anastasia,strategy_nearest,False,0.0024156570434570312,success
048108429C4C84,0,['Castelvecchio'],Arena,"['Verona Tour', 'Museo Lapidario', 'Museo Radio', 'San Fermo', 'Casa Giulietta']",Teatro Romano,strategy_nearest,False,0.0025949478149414062,success
0481094A9C4C80,1,"['Castelvecchio', 'Arena', 'Torre Lamberti']",Santa Anastasia,"['AMO', 'Museo Conte', 'Palazzo della Ragione', 'Teatro Romano', 'Centro Fotografia']",Duomo,strategy_nearest,False,0.0033180713653564453,success
04810B3A9C4C84,0,['Casa Giulietta'],Arena,"['Verona Tour', 'Museo Lapidario', 'Museo Radio', 'San Fermo', 'Sighseeing']",Torre Lamberti,strategy_nearest,False,0.002566814422607422,success
04811A429C4C84,0,['Arena'],Duomo,"['AMO', 'Museo Miniscalchi', 'Santa Anastasia', 'Teatro Romano', 'Palazzo della Ragione']",Teatro Romano,strategy_nearest,True,0.001795053482055664,success
04810D429C4C80,3,"['Museo Lapidario', 'Castelvecchio', 'Casa Giulietta']",Arena,"['Verona Tour', 'Museo Radio', 'San Fermo', 'Sighseeing', 'Torre Lamberti']",Teatro Romano,strategy_nearest,False,0.003984928131103516,success
04811C3A9C4C80,3,"['Museo Lapidario', 'Arena', 'Casa Giulietta']",Torre Lamberti,"['Sighseeing', 'Centro Fotografia', 'Museo Conte', 'Palazzo della Ragione', 'AMO']",Santa Anastasia,strategy_nearest,False,0.0032830238342285156,success
048127429C4C84,0,"['Arena', 'Museo Lapidario']",Casa Giulietta,"['Centro Fotografia', 'Sighseeing', 'Torre Lamberti', 'Museo Conte', 'Museo Radio']",Torre Lamberti,strategy_nearest,True,0.002931833267211914,success
04812A4A9C4C80,3,['Arena'],Santa Anastasia,"['AMO', 'Museo Conte', 'Palazzo della Ragione', 'Teatro Romano', 'Centro Fotografia']",Duomo,strategy_nearest,False,0.003912925720214844,success
04812E4A9C4C80,3,"['Castelvecchio', 'Santa Anastasia', 'Torre Lamberti']",San Zeno,"['Verona Tour', 'Museo Lapidario', 'Arena', 'Museo Miniscalchi', 'Sighseeing']",Arena,strategy_nearest,True,0.0023179054260253906,success
04812F4A9C4C80,3,"['Casa Giulietta', 'Tomba Giulietta', 'Castelvecchio', 'San Fermo']",Arena,"['Verona Tour', 'Museo Lapidario', 'Museo Radio', 'Sighseeing', 'Torre Lamberti']",Duomo,strategy_nearest,False,0.002413034439086914,success
0481353A9C4C80,1,"['Casa Giulietta', 'Palazzo della Ragione', 'Torre Lamberti', 'Arena']",Castelvecchio,"['Museo Lapidario', 'Verona Tour', 'Museo Radio', 'San Zeno', 'Sighseeing']",Duomo,strategy_nearest,False,0.0032291412353515625,success
048137429C4C80,1,['Castelvecchio'],Arena,"['Verona Tour', 'Museo Lapidario', 'Museo Radio', 'San Fermo', 'Casa Giulietta']",Casa Giulietta,strategy_nearest,True,0.0018720626831054688,success
048131429C4C80,0,['Arena'],Torre Lamberti,"['Sighseeing', 'Centro Fotografia', 'Museo Conte', 'Casa Giulietta', 'Palazzo della Ragione']",Casa Giulietta,strategy_nearest,True,0.0039539337158203125,success
0481384A9C4C80,1,"['Teatro Romano', 'Duomo', 'Arena']",Torre Lamberti,"['Sighseeing', 'Centro Fotografia', 'Museo Conte', 'Casa Giulietta', 'Palazzo della Ragione']",Casa Giulietta,strategy_nearest,True,0.0028510093688964844,success
048154429C4C80,2,"['San Zeno', 'Castelvecchio']",San Fermo,"['Museo Storia', 'Museo Radio', 'Casa Giulietta', 'Centro Fotografia', 'Arena']",Torre Lamberti,strategy_nearest,False,0.0019528865814208984,success
0481563A9C4C80,3,"['Arena', 'Castelvecchio']",Casa Giulietta,"['Centro Fotografia', 'Sighseeing', 'Torre Lamberti', 'Museo Conte', 'Museo Radio']",Torre Lamberti,strategy_nearest,True,0.0030629634857177734,success
0481523A9C4C80,3,"['Arena', 'Castelvecchio', 'San Zeno', 'Santa Anastasia']",Torre Lamberti,"['Sighseeing', 'Centro Fotografia', 'Museo Conte', 'Casa Giulietta', 'Palazzo della Ragione']",Casa Giulietta,strategy_nearest,True,0.002597808837890625,success
04815A3A9C4C80,3,"['Arena', 'San Zeno', 'Castelvecchio']",Santa Anastasia,"['AMO', 'Museo Conte', 'Palazzo della Ragione', 'Teatro Romano', 'Centro Fotografia']",Duomo,strategy_nearest,False,0.002044200897216797,success
04815B429C4C80,0,['Arena'],Casa Giulietta,"['Centro Fotografia', 'Sighseeing', 'Torre Lamberti', 'Museo Conte', 'Museo Radio']",Torre Lamberti,strategy_nearest,True,0.0032758712768554688,success
048157429C4C80,3,"['Arena', 'Castelvecchio', 'Duomo']",Santa Anastasia,"['AMO', 'Museo Conte', 'Palazzo della Ragione', 'Teatro Romano', 'Centro Fotografia']",Torre Lamberti,strategy_nearest,False,0.0015518665313720703,success
048156429C4C80,0,['Arena'],Casa Giulietta,"['Centro Fotografia', 'Sighseeing', 'Torre Lamberti', 'Museo Conte', 'Museo Radio']",Torre Lamberti,strategy_nearest,True,0.005175113677978516,success
048163429C4C80,3,['Arena'],San Fermo,"['Museo Storia', 'Museo Radio', 'Casa Giulietta', 'Centro Fotografia', 'Sighseeing']",Santa Anastasia,strategy_nearest,False,0.0022258758544921875,success
048164429C4C80,1,['Arena'],Torre Lamberti,"['Sighseeing', 'Centro Fotografia', 'Museo Conte', 'Casa Giulietta', 'Palazzo della Ragione']",Palazzo della Ragione,strategy_nearest,True,0.0020759105682373047,success
048166429C4C80,2,['Casa Giulietta'],Torre Lamberti,"['Sighseeing', 'Centro Fotografia', 'Museo Conte', 'Palazzo della Ragione', 'AMO']",Castelvecchio,strategy_nearest,False,0.003306150436401367,success
0481733A9C4C80,3,"['Castelvecchio', 'Arena']",Torre Lamberti,"['Sighseeing', 'Centro Fotografia', 'Museo Conte', 'Casa Giulietta', 'Palazzo della Ragione']",Santa Anastasia,strategy_nearest,False,0.002696990966796875,success
048173429C4C80,1,['Arena'],Casa Giulietta,"['Centro Fotografia', 'Sighseeing', 'Torre Lamberti', 'Museo Conte', 'Museo Radio']",Palazzo della Ragione,strategy_nearest,False,0.002831697463989258,success
04817A3A9C4C80,3,"['Arena', 'Casa Giulietta']",Santa Anastasia,"['AMO', 'Museo Conte', 'Palazzo della Ragione', 'Teatro Romano', 'Centro Fotografia']",Duomo,strategy_nearest,False,0.0031991004943847656,success
0481833A9C4C80,2,['Castelvecchio'],Duomo,"['AMO', 'Museo Miniscalchi', 'Santa Anastasia', 'Teatro Romano', 'Palazzo della Ragione']",Teatro Romano,strategy_nearest,True,0.0036039352416992188,success
0481894A9C4C80,3,['Arena'],Castelvecchio,"['Museo Lapidario', 'Verona Tour', 'Museo Radio', 'San Zeno', 'Sighseeing']",Santa Anastasia,strategy_nearest,False,0.002942323684692383,success
0481874A9C4C80,3,"['Arena', 'Museo Lapidario', 'Castelvecchio']",Santa Anastasia,"['AMO', 'Museo Conte', 'Palazzo della Ragione', 'Teatro Romano', 'Centro Fotografia']",Duomo,strategy_nearest,False,0.0027008056640625,success
048191429C4C80,0,['Castelvecchio'],Teatro Romano,"['Santa Anastasia', 'Duomo', 'AMO', 'Palazzo della Ragione', 'Museo Conte']",Arena,strategy_nearest,False,0.0027298927307128906,success
0481A0429C4C80,3,"['Arena', 'Castelvecchio']",Duomo,"['AMO', 'Museo Miniscalchi', 'Santa Anastasia', 'Teatro Romano', 'Palazzo della Ragione']",Santa Anastasia,strategy_nearest,True,0.0032062530517578125,success
048198429C4C80,3,"['Arena', 'San Fermo']",Casa Giulietta,"['Centro Fotografia', 'Sighseeing', 'Torre Lamberti', 'Museo Conte', 'Museo Radio']",Torre Lamberti,strategy_nearest,True,0.0012710094451904297,success
04818F3A9C4C80,0,['Arena'],Casa Giulietta,"['Centro Fotografia', 'Sighseeing', 'Torre Lamberti', 'Museo Conte', 'Museo Radio']",Torre Lamberti,strategy_nearest,True,0.004691362380981445,success
0481A93A9C4C80,3,"['Arena', 'Casa Giulietta']",Santa Anastasia,"['AMO', 'Museo Conte', 'Palazzo della Ragione', 'Teatro Romano', 'Centro Fotografia']",Duomo,strategy_nearest,False,0.002741098403930664,success
0481A84A9C4C80,0,['Arena'],Casa Giulietta,"['Centro Fotografia', 'Sighseeing', 'Torre Lamberti', 'Museo Conte', 'Museo Radio']",Santa Anastasia,strategy_nearest,False,0.0033850669860839844,success
0481B5429C4C80,2,['Castelvecchio'],Casa Giulietta,"['Centro Fotografia', 'Sighseeing', 'Torre Lamberti', 'Museo Conte', 'Museo Radio']",Teatro Romano,strategy_nearest,False,0.0019903182983398438,success
0481A3429C4C80,3,"['Castelvecchio', 'Arena']",Casa Giulietta,"['Centro Fotografia', 'Sighseeing', 'Torre Lamberti', 'Museo Conte', 'Museo Radio']",Torre Lamberti,strategy_nearest,True,0.002827167510986328,success
0481B9429C4C80,0,['Casa Giulietta'],Teatro Romano,"['Santa Anastasia', 'Duomo', 'AMO', 'Palazzo della Ragione', 'Museo Conte']",Duomo,strategy_nearest,True,0.0021619796752929688,success
0481BB3A9C4C80,0,['Arena'],Castelvecchio,"['Museo Lapidario', 'Verona Tour', 'Museo Radio', 'San Zeno', 'Sighseeing']",Torre Lamberti,strategy_nearest,False,0.003329038619995117,success
0481B73A9C4C80,3,"['Teatro Romano', 'Santa Anastasia']",Casa Giulietta,"['Centro Fotografia', 'Sighseeing', 'Torre Lamberti', 'Museo Conte', 'Museo Radio']",Arena,strategy_nearest,False,0.0022017955780029297,success
0481BE429C4C80,2,"['Casa Giulietta', 'Castelvecchio']",Torre Lamberti,"['Sighseeing', 'Centro Fotografia', 'Museo Conte', 'Palazzo della Ragione', 'AMO']",Santa Anastasia,strategy_nearest,False,0.0025568008422851562,success
0481DC429C4C80,3,"['Arena', 'Duomo']",Santa Anastasia,"['AMO', 'Museo Conte', 'Palazzo della Ragione', 'Teatro Romano', 'Centro Fotografia']",Casa Giulietta,strategy_nearest,False,0.0012841224670410156,success
0481CB3A9C4C80,0,['Arena'],Casa Giulietta,"['Centro Fotografia', 'Sighseeing', 'Torre Lamberti', 'Museo Conte', 'Museo Radio']",Duomo,strategy_nearest,False,0.0021588802337646484,success
0481F4429C4C80,1,"['Arena', 'Santa Anastasia', 'Castelvecchio', 'Torre Lamberti', 'Palazzo della Ragione']",Casa Giulietta,"['Centro Fotografia', 'Sighseeing', 'Museo Conte', 'Museo Radio', 'San Fermo']",Teatro Romano,strategy_nearest,False,0.0027010440826416016,success
0481F63A9C4C80,0,['Casa Giulietta'],Santa Anastasia,"['AMO', 'Museo Conte', 'Palazzo della Ragione', 'Teatro Romano', 'Centro Fotografia']",Arena,strategy_nearest,False,0.0033011436462402344,success
0481FB429C4C80,1,"['Arena', 'Casa Giulietta']",Palazzo della Ragione,"['AMO', 'Museo Conte', 'Torre Lamberti', 'Centro Fotografia', 'Sighseeing']",Santa Anastasia,strategy_nearest,False,0.0021469593048095703,success
0481FD3A9C4C80,0,"['Museo Lapidario', 'Arena']",Castelvecchio,"['Verona Tour', 'Museo Radio', 'San Zeno', 'Sighseeing', 'Museo Miniscalchi']",Casa Giulietta,strategy_nearest,False,0.002131938934326172,success
04820D4A9C4C80,0,['Arena'],Casa Giulietta,"['Centro Fotografia', 'Sighseeing', 'Torre Lamberti', 'Museo Conte', 'Museo Radio']",Castelvecchio,strategy_nearest,False,0.003180980682373047,success
0481F83A9C4C80,0,['Arena'],Castelvecchio,"['Museo Lapidario', 'Verona Tour', 'Museo Radio', 'San Zeno', 'Sighseeing']",Casa Giulietta,strategy_nearest,False,0.0040781497955322266,success
048214429C4C84,1,"['Torre Lamberti', 'Palazzo della Ragione']",Castelvecchio,"['Museo Lapidario', 'Verona Tour', 'Arena', 'Museo Radio', 'San Zeno']",Casa Giulietta,strategy_nearest,False,0.0013728141784667969,success
048214429C4C80,1,"['Arena', 'Palazzo della Ragione', 'San Fermo']",Santa Anastasia,"['AMO', 'Museo Conte', 'Teatro Romano', 'Centro Fotografia', 'Duomo']",Casa Giulietta,strategy_nearest,False,0.0027840137481689453,success
0482174A9C4C80,3,"['Arena', 'Castelvecchio', 'Torre Lamberti', 'Santa Anastasia', 'Duomo']",Teatro Romano,"['AMO', 'Palazzo della Ragione', 'Museo Conte', 'Centro Fotografia', 'Museo Miniscalchi']",Casa Giulietta,strategy_nearest,False,0.0028259754180908203,success
04821C429C4C80,0,['Arena'],Casa Giulietta,"['Centro Fotografia', 'Sighseeing', 'Torre Lamberti', 'Museo Conte', 'Museo Radio']",Castelvecchio,strategy_nearest,False,0.0032892227172851562,success
048220429C4C84,0,['Giardino Giusti'],Arena,"['Verona Tour', 'Museo Lapidario', 'Museo Radio', 'San Fermo', 'Casa Giulietta']",San Zeno,strategy_nearest,False,0.001814126968383789,success
04821E429C4C84,0,['Castelvecchio'],Torre Lamberti,"['Sighseeing', 'Centro Fotografia', 'Museo Conte', 'Casa Giulietta', 'Palazzo della Ragione']",Tomba Giulietta,strategy_nearest,False,0.0022420883178710938,success
04821F429C4C84,2,"['Casa Giulietta', 'Torre Lamberti']",Castelvecchio,"['Museo Lapidario', 'Verona Tour', 'Arena', 'Museo Radio', 'San Zeno']",Duomo,strategy_nearest,False,0.0038170814514160156,success
0482233A9C4C80,3,"['Arena', 'Torre Lamberti']",Santa Anastasia,"['AMO', 'Museo Conte', 'Palazzo della Ragione', 'Teatro Romano', 'Centro Fotografia']",Duomo,strategy_nearest,False,0.0026140213012695312,success
048227429C4C84,0,"['Arena', 'Museo Lapidario']",Casa Giulietta,"['Centro Fotografia', 'Sighseeing', 'Torre Lamberti', 'Museo Conte', 'Museo Radio']",Torre Lamberti,strategy_nearest,True,0.0038597583770751953,success
04822C3A9C4C80,1,"['Arena', 'Museo Lapidario', 'Castelvecchio', 'Santa Anastasia', 'Duomo']",Torre Lamberti,"['Sighseeing', 'Centro Fotografia', 'Museo Conte', 'Casa Giulietta', 'Palazzo della Ragione']",Palazzo della Ragione,strategy_nearest,True,0.002432107925415039,success
0482293A9C4C80,0,['Arena'],Casa Giulietta,"['Centro Fotografia', 'Sighseeing', 'Torre Lamberti', 'Museo Conte', 'Museo Radio']",Tomba Giulietta,strategy_nearest,False,0.002077817916870117,success
0482313A9C4C80,1,['Arena'],Casa Giulietta,"['Centro Fotografia', 'Sighseeing', 'Torre Lamberti', 'Museo Conte', 'Museo Radio']",Torre Lamberti,strategy_nearest,True,0.0027620792388916016,success
048234429C4C80,3,['Arena'],Torre Lamberti,"['Sighseeing', 'Centro Fotografia', 'Museo Conte', 'Casa Giulietta', 'Palazzo della Ragione']",Santa Anastasia,strategy_nearest,False,0.001519918441772461,success
048231429C4C80,0,['Arena'],Casa Giulietta,"['Centro Fotografia', 'Sighseeing', 'Torre Lamberti', 'Museo Conte', 'Museo Radio']",Torre Lamberti,strategy_nearest,True,0.0021390914916992188,success
0482373A9C4C80,3,"['San Fermo', 'Santa Anastasia', 'Duomo', 'Teatro Romano']",Arena,"['Verona Tour', 'Museo Lapidario', 'Museo Radio', 'Casa Giulietta', 'Sighseeing']",Castelvecchio,strategy_nearest,False,0.0032088756561279297,success
04823D4A9C4C80,2,['Tomba Giulietta'],Castelvecchio,"['Museo Lapidario', 'Verona Tour', 'Arena', 'Museo Radio', 'San Zeno']",Casa Giulietta,strategy_nearest,False,0.001566171646118164,success
0482403A9C4C80,4,"['Casa Giulietta', 'Museo Radio', 'Tomba Giulietta', 'Museo Lapidario', 'Arena']",Palazzo della Ragione,"['AMO', 'Museo Conte', 'Torre Lamberti', 'Centro Fotografia', 'Sighseeing']",Torre Lamberti,strategy_nearest,True,0.0021190643310546875,success
04823D429C4C80,0,['Castelvecchio'],Arena,"['Verona Tour', 'Museo Lapidario', 'Museo Radio', 'San Fermo', 'Casa Giulietta']",Casa Giulietta,strategy_nearest,True,0.0028319358825683594,success
04823C3A9C4C80,2,['Santa Anastasia'],Castelvecchio,"['Museo Lapidario', 'Verona Tour', 'Arena', 'Museo Radio', 'San Zeno']",Museo Storia,strategy_nearest,False,0.003592967987060547,success
04824C429C4C80,3,"['Arena', 'Torre Lamberti']",Casa Giulietta,"['Centro Fotografia', 'Sighseeing', 'Museo Conte', 'Museo Radio', 'Palazzo della Ragione']",Teatro Romano,strategy_nearest,False,0.003454923629760742,success
04824E429C4C80,3,"['Castelvecchio', 'Arena']",Torre Lamberti,"['Sighseeing', 'Centro Fotografia', 'Museo Conte', 'Casa Giulietta', 'Palazzo della Ragione']",Santa Anastasia,strategy_nearest,False,0.0014719963073730469,success
048257429C4C80,1,"['Arena', 'Casa Giulietta']",Torre Lamberti,"['Sighseeing', 'Centro Fotografia', 'Museo Conte', 'Palazzo della Ragione', 'AMO']",Palazzo della Ragione,strategy_nearest,True,0.0032858848571777344,success
048256429C4C80,3,['Duomo'],Santa Anastasia,"['AMO', 'Museo Conte', 'Palazzo della Ragione', 'Teatro Romano', 'Centro Fotografia']",Arena,strategy_nearest,False,0.002763986587524414,success
048269429C4C80,0,['Arena'],Castelvecchio,"['Museo Lapidario', 'Verona Tour', 'Museo Radio', 'San Zeno', 'Sighseeing']",Teatro Romano,strategy_nearest,False,0.0031893253326416016,success
04826B429C4C80,0,['Tomba Giulietta'],Arena,"['Verona Tour', 'Museo Lapidario', 'Museo Radio', 'San Fermo', 'Casa Giulietta']",Casa Giulietta,strategy_nearest,True,0.0012826919555664062,success
04825A3A9C4C80,1,"['Casa Giulietta', 'San Zeno', 'Castelvecchio']",Tomba Giulietta,"['San Fermo', 'Museo Storia', 'Arena', 'Museo Lapidario', 'Museo Radio']",Arena,strategy_nearest,True,0.004016876220703125,success
048271429C4C80,1,['Palazzo della Ragione'],Torre Lamberti,"['Sighseeing', 'Centro Fotografia', 'Museo Conte', 'Casa Giulietta', 'AMO']",Arena,strategy_nearest,False,0.003387928009033203,success
048275429C4C80,2,['Casa Giulietta'],Santa Anastasia,"['AMO', 'Museo Conte', 'Palazzo della Ragione', 'Teatro Romano', 'Centro Fotografia']",Duomo,strategy_nearest,False,0.002577066421508789,success
048280429C4C80,0,['Castelvecchio'],Arena,"['Verona Tour', 'Museo Lapidario', 'Museo Radio', 'San Fermo', 'Casa Giulietta']",Casa Giulietta,strategy_nearest,True,0.0016939640045166016,success
0482824A9C4C80,0,['Arena'],Museo Lapidario,"['Verona Tour', 'Castelvecchio', 'Museo Radio', 'San Fermo', 'Casa Giulietta']",Casa Giulietta,strategy_nearest,True,0.0029129981994628906,success
0482814A9C4C80,0,['Arena'],Torre Lamberti,"['Sighseeing', 'Centro Fotografia', 'Museo Conte', 'Casa Giulietta', 'Palazzo della Ragione']",Casa Giulietta,strategy_nearest,True,0.0036630630493164062,success
04828C3A9C4C80,3,"['Castelvecchio', 'Arena']",Casa Giulietta,"['Centro Fotografia', 'Sighseeing', 'Torre Lamberti', 'Museo Conte', 'Museo Radio']",Santa Anastasia,strategy_nearest,False,0.003401041030883789,success
04828F4A9C4C80,0,['Arena'],Castelvecchio,"['Museo Lapidario', 'Verona Tour', 'Museo Radio', 'San Zeno', 'Sighseeing']",Casa Giulietta,strategy_nearest,False,0.0026340484619140625,success
04828C4A9C4C80,1,"['Arena', 'Torre Lamberti']",Palazzo della Ragione,"['AMO', 'Museo Conte', 'Centro Fotografia', 'Sighseeing', 'Santa Anastasia']",Santa Anastasia,strategy_nearest,True,0.0039899349212646484,success
04828F429C4C80,1,['Arena'],Casa Giulietta,"['Centro Fotografia', 'Sighseeing', 'Torre Lamberti', 'Museo Conte', 'Museo Radio']",Torre Lamberti,strategy_nearest,True,0.001323699951171875,success
04829E429C4C80,0,['Arena'],Torre Lamberti,"['Sighseeing', 'Centro Fotografia', 'Museo Conte', 'Casa Giulietta', 'Palazzo della Ragione']",Casa Giulietta,strategy_nearest,True,0.0027582645416259766,success
0482A3429C4C80,3,['Arena'],Torre Lamberti,"['Sighseeing', 'Centro Fotografia', 'Museo Conte', 'Casa Giulietta', 'Palazzo della Ragione']",Santa Anastasia,strategy_nearest,False,0.0031931400299072266,success
04829D429C4C80,0,['Tomba Giulietta'],Arena,"['Verona Tour', 'Museo Lapidario', 'Museo Radio', 'San Fermo', 'Casa Giulietta']",Casa Giulietta,strategy_nearest,True,0.0034182071685791016,success
0482A14A9C4C80,3,['Arena'],Torre Lamberti,"['Sighseeing', 'Centro Fotografia', 'Museo Conte', 'Casa Giulietta', 'Palazzo della Ragione']",Santa Anastasia,strategy_nearest,False,0.0013968944549560547,success
0482A93A9C4C80,0,['Arena'],Torre Lamberti,"['Sighseeing', 'Centro Fotografia', 'Museo Conte', 'Casa Giulietta', 'Palazzo della Ragione']",Casa Giulietta,strategy_nearest,True,0.0014181137084960938,success
0482B5429C4C80,1,"['Teatro Romano', 'Santa Anastasia']",Torre Lamberti,"['Sighseeing', 'Centro Fotografia', 'Museo Conte', 'Casa Giulietta', 'Palazzo della Ragione']",Palazzo della Ragione,strategy_nearest,True,0.001990079879760742,success
0482B73A9C4C80,3,"['Arena', 'Castelvecchio']",Casa Giulietta,"['Centro Fotografia', 'Sighseeing', 'Torre Lamberti', 'Museo Conte', 'Museo Radio']",Torre Lamberti,strategy_nearest,True,0.0027136802673339844,success
0482BA3A9C4C80,0,['Tomba Giulietta'],Arena,"['Verona Tour', 'Museo Lapidario', 'Museo Radio', 'San Fermo', 'Casa Giulietta']",Casa Giulietta,strategy_nearest,True,0.0018088817596435547,success
0482B7429C4C80,1,"['Teatro Romano', 'Torre Lamberti']",Palazzo della Ragione,"['AMO', 'Museo Conte', 'Centro Fotografia', 'Sighseeing', 'Santa Anastasia']",Casa Giulietta,strategy_nearest,False,0.003780841827392578,success
0482BA429C4C80,0,['Castelvecchio'],Arena,"['Verona Tour', 'Museo Lapidario', 'Museo Radio', 'San Fermo', 'Casa Giulietta']",Casa Giulietta,strategy_nearest,True,0.003336191177368164,success
0482BD3A9C4C80,0,['Arena'],Museo Lapidario,"['Verona Tour', 'Castelvecchio', 'Museo Radio', 'San Fermo', 'Casa Giulietta']",Castelvecchio,strategy_nearest,True,0.002595663070678711,success
0482B9429C4C80,3,"['Casa Giulietta', 'Santa Anastasia']",Teatro Romano,"['Duomo', 'AMO', 'Palazzo della Ragione', 'Museo Conte', 'Centro Fotografia']",Arena,strategy_nearest,False,0.003782033920288086,success
0482BD429C4C80,0,['Casa Giulietta'],Tomba Giulietta,"['San Fermo', 'Museo Storia', 'Arena', 'Museo Lapidario', 'Museo Radio']",Arena,strategy_nearest,True,0.0031511783599853516,success
0482C53A9C4C80,3,"['Castelvecchio', 'Arena']",Casa Giulietta,"['Centro Fotografia', 'Sighseeing', 'Torre Lamberti', 'Museo Conte', 'Museo Radio']",Torre Lamberti,strategy_nearest,True,0.003381013870239258,success
0482D83A9C4C80,2,['Torre Lamberti'],Palazzo della Ragione,"['AMO', 'Museo Conte', 'Centro Fotografia', 'Sighseeing', 'Santa Anastasia']",Casa Giulietta,strategy_nearest,False,0.0021543502807617188,success
0482D93A9C4C80,0,['Casa Giulietta'],San Zeno,"['Castelvecchio', 'Verona Tour', 'Museo Lapidario', 'Arena', 'Museo Miniscalchi']",Arena,strategy_nearest,True,0.0028030872344970703,success
0482DE429C4C80,2,"['San Zeno', 'Castelvecchio']",Casa Giulietta,"['Centro Fotografia', 'Sighseeing', 'Torre Lamberti', 'Museo Conte', 'Museo Radio']",San Fermo,strategy_nearest,False,0.0032749176025390625,success
0482E3429C4C80,2,['Torre Lamberti'],Tomba Giulietta,"['San Fermo', 'Museo Storia', 'Arena', 'Museo Lapidario', 'Museo Radio']",Casa Giulietta,strategy_nearest,False,0.0022351741790771484,success
0482FA429C4C80,3,"['Castelvecchio', 'Casa Giulietta', 'Arena']",Torre Lamberti,"['Sighseeing', 'Centro Fotografia', 'Museo Conte', 'Palazzo della Ragione', 'AMO']",Santa Anastasia,strategy_nearest,False,0.0026869773864746094,success
0482EA3A9C4C80,0,['Casa Giulietta'],Arena,"['Verona Tour', 'Museo Lapidario', 'Museo Radio', 'San Fermo', 'Sighseeing']",Torre Lamberti,strategy_nearest,False,0.002117156982421875,success
04830A429C4C84,0,['Arena'],Casa Giulietta,"['Centro Fotografia', 'Sighseeing', 'Torre Lamberti', 'Museo Conte', 'Museo Radio']",Torre Lamberti,strategy_nearest,True,0.0032770633697509766,success
0483143A9C4C80,1,"['Arena', 'Museo Lapidario']",Casa Giulietta,"['Centro Fotografia', 'Sighseeing', 'Torre Lamberti', 'Museo Conte', 'Museo Radio']",Palazzo della Ragione,strategy_nearest,False,0.0033979415893554688,success
0483103A9C4C80,1,"['Arena', 'Casa Giulietta']",Palazzo della Ragione,"['AMO', 'Museo Conte', 'Torre Lamberti', 'Centro Fotografia', 'Sighseeing']",Torre Lamberti,strategy_nearest,True,0.003500223159790039,success
048318429C4C84,0,['Torre Lamberti'],Arena,"['Verona Tour', 'Museo Lapidario', 'Museo Radio', 'San Fermo', 'Casa Giulietta']",Tomba Giulietta,strategy_nearest,False,0.002022981643676758,success
048315429C4C84,3,"['Arena', 'Torre Lamberti', 'Castelvecchio']",San Zeno,"['Verona Tour', 'Museo Lapidario', 'Museo Miniscalchi', 'Sighseeing', 'Museo Radio']",Casa Giulietta,strategy_nearest,False,0.0033578872680664062,success
04831C429C4C84,0,['Arena'],Castelvecchio,"['Museo Lapidario', 'Verona Tour', 'Museo Radio', 'San Zeno', 'Sighseeing']",Torre Lamberti,strategy_nearest,False,0.0028040409088134766,success
048322429C4C84,2,['Castelvecchio'],San Zeno,"['Verona Tour', 'Museo Lapidario', 'Arena', 'Museo Miniscalchi', 'Sighseeing']",Santa Anastasia,strategy_nearest,False,0.0033731460571289062,success
048319429C4C80,3,"['Arena', 'San Fermo', 'Casa Giulietta', 'Santa Anastasia']",Teatro Romano,"['Duomo', 'AMO', 'Palazzo della Ragione', 'Museo Conte', 'Centro Fotografia']",Duomo,strategy_nearest,True,0.0022699832916259766,success
04831C3A9C4C80,0,"['Museo Lapidario', 'Arena', 'Casa Giulietta']",Torre Lamberti,"['Sighseeing', 'Centro Fotografia', 'Museo Conte', 'Palazzo della Ragione', 'AMO']",Teatro Romano,strategy_nearest,False,0.0016431808471679688,success
0483244A9C4C80,1,"['San Zeno', 'Castelvecchio', 'Arena', 'Museo Lapidario', 'Santa Anastasia']",San Fermo,"['Museo Storia', 'Museo Radio', 'Casa Giulietta', 'Centro Fotografia', 'Sighseeing']",Duomo,strategy_nearest,False,0.00104522705078125,success
0483274A9C4C80,3,"['Arena', 'Casa Giulietta', 'San Fermo']",Duomo,"['AMO', 'Museo Miniscalchi', 'Santa Anastasia', 'Teatro Romano', 'Palazzo della Ragione']",Santa Anastasia,strategy_nearest,True,0.001995086669921875,success
0483283A9C4C80,3,"['Arena', 'Casa Giulietta']",Torre Lamberti,"['Sighseeing', 'Centro Fotografia', 'Museo Conte', 'Palazzo della Ragione', 'AMO']",Santa Anastasia,strategy_nearest,False,0.002686023712158203,success
048328429C4C84,0,['Casa Giulietta'],Castelvecchio,"['Museo Lapidario', 'Verona Tour', 'Arena', 'Museo Radio', 'San Zeno']",Arena,strategy_nearest,True,0.003184080123901367,success
04832C3A9C4C80,1,"['Casa Giulietta', 'Santa Anastasia', 'Duomo', 'Teatro Romano']",Castelvecchio,"['Museo Lapidario', 'Verona Tour', 'Arena', 'Museo Radio', 'San Zeno']",Tomba Giulietta,strategy_nearest,False,0.002933025360107422,success
04832F3A9C4C80,2,"['Palazzo della Ragione', 'Torre Lamberti', 'Casa Giulietta']",Castelvecchio,"['Museo Lapidario', 'Verona Tour', 'Arena', 'Museo Radio', 'San Zeno']",San Zeno,strategy_nearest,True,0.0034637451171875,success
0483473A9C4C80,0,['Arena'],Torre Lamberti,"['Sighseeing', 'Centro Fotografia', 'Museo Conte', 'Casa Giulietta', 'Palazzo della Ragione']",Casa Giulietta,strategy_nearest,True,0.003394603729248047,success
0483374A9C4C80,0,['Castelvecchio'],Casa Giulietta,"['Centro Fotografia', 'Sighseeing', 'Torre Lamberti', 'Museo Conte', 'Museo Radio']",Arena,strategy_nearest,False,0.0027151107788085938,success
04834D3A9C4C80,1,['Arena'],Casa Giulietta,"['Centro Fotografia', 'Sighseeing', 'Torre Lamberti', 'Museo Conte', 'Museo Radio']",Palazzo della Ragione,strategy_nearest,False,0.0027430057525634766,success
048353429C4C80,0,['Castelvecchio'],Arena,"['Verona Tour', 'Museo Lapidario', 'Museo Radio', 'San Fermo', 'Casa Giulietta']",Santa Anastasia,strategy_nearest,False,0.002264738082885742,success
048356429C4C80,0,['Arena'],Torre Lamberti,"['Sighseeing', 'Centro Fotografia', 'Museo Conte', 'Casa Giulietta', 'Palazzo della Ragione']",Duomo,strategy_nearest,False,0.0027289390563964844,success
0483573A9C4C80,0,['Arena'],Casa Giulietta,"['Centro Fotografia', 'Sighseeing', 'Torre Lamberti', 'Museo Conte', 'Museo Radio']",Torre Lamberti,strategy_nearest,True,0.0020189285278320312,success
048355429C4C80,1,"['Arena', 'Castelvecchio', 'Teatro Romano']",Santa Anastasia,"['AMO', 'Museo Conte', 'Palazzo della Ragione', 'Centro Fotografia', 'Duomo']",Palazzo della Ragione,strategy_nearest,True,0.003434896469116211,success
04835B3A9C4C80,2,"['Duomo', 'Torre Lamberti']",Casa Giulietta,"['Centro Fotografia', 'Sighseeing', 'Museo Conte', 'Museo Radio', 'Palazzo della Ragione']",Tomba Giulietta,strategy_nearest,False,0.00269317626953125,success
048358429C4C80,1,['Arena'],Casa Giulietta,"['Centro Fotografia', 'Sighseeing', 'Torre Lamberti', 'Museo Conte', 'Museo Radio']",Torre Lamberti,strategy_nearest,True,0.003326892852783203,success
048360429C4C80,0,['Arena'],Torre Lamberti,"['Sighseeing', 'Centro Fotografia', 'Museo Conte', 'Casa Giulietta', 'Palazzo della Ragione']",Casa Giulietta,strategy_nearest,True,0.0031540393829345703,success
04835F429C4C80,3,"['Arena', 'Casa Giulietta']",Torre Lamberti,"['Sighseeing', 'Centro Fotografia', 'Museo Conte', 'Palazzo della Ragione', 'AMO']",Duomo,strategy_nearest,False,0.0033159255981445312,success
0483804A9C4C80,1,"['Arena', 'Casa Giulietta']",Palazzo della Ragione,"['AMO', 'Museo Conte', 'Torre Lamberti', 'Centro Fotografia', 'Sighseeing']",Torre Lamberti,strategy_nearest,True,0.001889944076538086,success
04837E429C4C80,0,['Arena'],Casa Giulietta,"['Centro Fotografia', 'Sighseeing', 'Torre Lamberti', 'Museo Conte', 'Museo Radio']",Santa Anastasia,strategy_nearest,False,0.0025599002838134766,success
048374429C4C80,0,['Arena'],Tomba Giulietta,"['San Fermo', 'Museo Storia', 'Museo Lapidario', 'Museo Radio', 'Verona Tour']",Casa Giulietta,strategy_nearest,False,0.002624034881591797,success
048384429C4C80,0,['Casa Giulietta'],Arena,"['Verona Tour', 'Museo Lapidario', 'Museo Radio', 'San Fermo', 'Sighseeing']",Tomba Giulietta,strategy_nearest,False,0.0034270286560058594,success
0483813A9C4C80,3,"['Arena', 'Casa Giulietta']",Santa Anastasia,"['AMO', 'Museo Conte', 'Palazzo della Ragione', 'Teatro Romano', 'Centro Fotografia']",San Fermo,strategy_nearest,False,0.0031270980834960938,success
04838C4A9C4C80,1,"['Arena', 'Casa Giulietta']",Torre Lamberti,"['Sighseeing', 'Centro Fotografia', 'Museo Conte', 'Palazzo della Ragione', 'AMO']",Palazzo della Ragione,strategy_nearest,True,0.002012968063354492,success
048393429C4C80,2,['Torre Lamberti'],Castelvecchio,"['Museo Lapidario', 'Verona Tour', 'Arena', 'Museo Radio', 'San Zeno']",Casa Giulietta,strategy_nearest,False,0.003167867660522461,success
04839C429C4C80,3,"['San Zeno', 'Castelvecchio']",Torre Lamberti,"['Sighseeing', 'Centro Fotografia', 'Museo Conte', 'Casa Giulietta', 'Palazzo della Ragione']",Casa Giulietta,strategy_nearest,True,0.0021538734436035156,success
04839A429C4C80,0,['Arena'],Casa Giulietta,"['Centro Fotografia', 'Sighseeing', 'Torre Lamberti', 'Museo Conte', 'Museo Radio']",Santa Anastasia,strategy_nearest,False,0.002839803695678711,success
0483A0429C4C80,3,"['Castelvecchio', 'Santa Anastasia']",Arena,"['Verona Tour', 'Museo Lapidario', 'Museo Radio', 'San Fermo', 'Casa Giulietta']",Casa Giulietta,strategy_nearest,True,0.0026602745056152344,success
04839D429C4C80,3,"['Arena', 'Torre Lamberti']",Santa Anastasia,"['AMO', 'Museo Conte', 'Palazzo della Ragione', 'Teatro Romano', 'Centro Fotografia']",Duomo,strategy_nearest,False,0.0040509700775146484,success
0483B6429C4C80,0,"['Santa Anastasia', 'Arena']",Castelvecchio,"['Museo Lapidario', 'Verona Tour', 'Museo Radio', 'San Zeno', 'Sighseeing']",Casa Giulietta,strategy_nearest,False,0.0020799636840820312,success
0483B0429C4C80,0,['Casa Giulietta'],Torre Lamberti,"['Sighseeing', 'Centro Fotografia', 'Museo Conte', 'Palazzo della Ragione', 'AMO']",Arena,strategy_nearest,False,0.0033347606658935547,success
0483A9429C4C80,3,"['Arena', 'Tomba Giulietta', 'Casa Giulietta']",Torre Lamberti,"['Sighseeing', 'Centro Fotografia', 'Museo Conte', 'Palazzo della Ragione', 'AMO']",Santa Anastasia,strategy_nearest,False,0.00275421142578125,success
0483BA429C4C80,3,['Arena'],Casa Giulietta,"['Centro Fotografia', 'Sighseeing', 'Torre Lamberti', 'Museo Conte', 'Museo Radio']",Santa Anastasia,strategy_nearest,False,0.0032079219818115234,success
0483C6429C4C80,3,"['Casa Giulietta', 'Santa Anastasia', 'Duomo']",Teatro Romano,"['AMO', 'Palazzo della Ragione', 'Museo Conte', 'Centro Fotografia', 'Museo Miniscalchi']",Museo Lapidario,strategy_nearest,False,0.0026819705963134766,success
0483D2429C4C80,1,['Torre Lamberti'],Palazzo della Ragione,"['AMO', 'Museo Conte', 'Centro Fotografia', 'Sighseeing', 'Santa Anastasia']",Casa Giulietta,strategy_nearest,False,0.0031690597534179688,success
0483CC3A9C4C80,3,"['Arena', 'Casa Giulietta']",Santa Anastasia,"['AMO', 'Museo Conte', 'Palazzo della Ragione', 'Teatro Romano', 'Centro Fotografia']",Duomo,strategy_nearest,False,0.0019741058349609375,success
0483C1429C4C80,2,['Castelvecchio'],Torre Lamberti,"['Sighseeing', 'Centro Fotografia', 'Museo Conte', 'Casa Giulietta', 'Palazzo della Ragione']",Santa Anastasia,strategy_nearest,False,0.002096891403198242,success
0483DF3A9C4C80,1,"['Arena', 'Torre Lamberti']",Palazzo della Ragione,"['AMO', 'Museo Conte', 'Centro Fotografia', 'Sighseeing', 'Santa Anastasia']",Teatro Romano,strategy_nearest,False,0.0016551017761230469,success
0483F93A9C4C80,0,['Arena'],Casa Giulietta,"['Centro Fotografia', 'Sighseeing', 'Torre Lamberti', 'Museo Conte', 'Museo Radio']",Torre Lamberti,strategy_nearest,True,0.002071857452392578,success
0483FF429C4C80,3,"['Arena', 'Casa Giulietta']",San Fermo,"['Museo Storia', 'Museo Radio', 'Centro Fotografia', 'Sighseeing', 'Torre Lamberti']",Museo Lapidario,strategy_nearest,False,0.0026433467864990234,success
0483F53A9C4C80,2,['Casa Giulietta'],Castelvecchio,"['Museo Lapidario', 'Verona Tour', 'Arena', 'Museo Radio', 'San Zeno']",Tomba Giulietta,strategy_nearest,False,0.003481149673461914,success
04840A429C4C84,0,['Torre Lamberti'],Casa Giulietta,"['Centro Fotografia', 'Sighseeing', 'Museo Conte', 'Museo Radio', 'Palazzo della Ragione']",Arena,strategy_nearest,False,0.002850055694580078,success
0484113A9C4C80,0,['Arena'],Castelvecchio,"['Museo Lapidario', 'Verona Tour', 'Museo Radio', 'San Zeno', 'Sighseeing']",Casa Giulietta,strategy_nearest,False,0.0027437210083007812,success
04840B3A9C4C84,0,['Casa Giulietta'],Torre Lamberti,"['Sighseeing', 'Centro Fotografia', 'Museo Conte', 'Palazzo della Ragione', 'AMO']",Arena,strategy_nearest,False,0.003409862518310547,success
0484123A9C4C80,0,"['Arena', 'Castelvecchio']",Museo Lapidario,"['Verona Tour', 'Museo Radio', 'San Fermo', 'Casa Giulietta', 'Tomba Giulietta']",San Fermo,strategy_nearest,True,0.003340005874633789,success
0484143A9C4C80,0,['Arena'],Casa Giulietta,"['Centro Fotografia', 'Sighseeing', 'Torre Lamberti', 'Museo Conte', 'Museo Radio']",Torre Lamberti,strategy_nearest,True,0.0030531883239746094,success
048418429C4C84,3,"['Arena', 'Torre Lamberti']",Santa Anastasia,"['AMO', 'Museo Conte', 'Palazzo della Ragione', 'Teatro Romano', 'Centro Fotografia']",Teatro Romano,strategy_nearest,True,0.0031921863555908203,success
04841E429C4C84,0,"['Castelvecchio', 'Arena']",Casa Giulietta,"['Centro Fotografia', 'Sighseeing', 'Torre Lamberti', 'Museo Conte', 'Museo Radio']",Torre Lamberti,strategy_nearest,True,0.002367258071899414,success
04841F429C4C84,3,['Arena'],Casa Giulietta,"['Centro Fotografia', 'Sighseeing', 'Torre Lamberti', 'Museo Conte', 'Museo Radio']",Santa Anastasia,strategy_nearest,False,0.0031337738037109375,success
0484253A9C4C84,0,"['Arena', 'Casa Giulietta']",Torre Lamberti,"['Sighseeing', 'Centro Fotografia', 'Museo Conte', 'Palazzo della Ragione', 'AMO']",Torre Lamberti,strategy_nearest,False,0.0021209716796875,success
0484273A9C4C80,0,['Arena'],Torre Lamberti,"['Sighseeing', 'Centro Fotografia', 'Museo Conte', 'Casa Giulietta', 'Palazzo della Ragione']",Teatro Romano,strategy_nearest,False,0.002090930938720703,success
048421429C4C80,3,"['Arena', 'Castelvecchio', 'San Fermo', 'San Zeno']",Duomo,"['AMO', 'Museo Miniscalchi', 'Santa Anastasia', 'Teatro Romano', 'Palazzo della Ragione']",Santa Anastasia,strategy_nearest,True,0.004824161529541016,success
0484294A9C4C80,2,"['San Fermo', 'Teatro Romano', 'Torre Lamberti']",Santa Anastasia,"['AMO', 'Museo Conte', 'Palazzo della Ragione', 'Centro Fotografia', 'Duomo']",Duomo,strategy_nearest,True,0.0032477378845214844,success
04842D3A9C4C80,0,['Arena'],Castelvecchio,"['Museo Lapidario', 'Verona Tour', 'Museo Radio', 'San Zeno', 'Sighseeing']",Duomo,strategy_nearest,False,0.003332853317260742,success
048434429C4C80,1,['Arena'],Palazzo della Ragione,"['AMO', 'Museo Conte', 'Torre Lamberti', 'Centro Fotografia', 'Sighseeing']",Castelvecchio,strategy_nearest,False,0.001293182373046875,success
04843C3A9C4C80,1,"['Castelvecchio', 'San Zeno', 'Arena']",Palazzo della Ragione,"['AMO', 'Museo Conte', 'Torre Lamberti', 'Centro Fotografia', 'Sighseeing']",Torre Lamberti,strategy_nearest,True,0.0026366710662841797,success
04842E3A9C4C80,3,"['San Zeno', 'Arena']",San Fermo,"['Museo Storia', 'Museo Radio', 'Casa Giulietta', 'Centro Fotografia', 'Sighseeing']",Casa Giulietta,strategy_nearest,True,0.0033881664276123047,success
048448429C4C80,2,"['Palazzo della Ragione', 'Torre Lamberti', 'Duomo']",Casa Giulietta,"['Centro Fotografia', 'Sighseeing', 'Museo Conte', 'Museo Radio', 'San Fermo']",Teatro Romano,strategy_nearest,False,0.0023610591888427734,success
04843D4A9C4C80,1,"['Duomo', 'Santa Anastasia', 'Arena', 'Castelvecchio', 'San Zeno']",Torre Lamberti,"['Sighseeing', 'Centro Fotografia', 'Museo Conte', 'Casa Giulietta', 'Palazzo della Ragione']",Casa Giulietta,strategy_nearest,True,0.003070831298828125,success
048454429C4C80,1,"['Arena', 'Casa Giulietta']",Torre Lamberti,"['Sighseeing', 'Centro Fotografia', 'Museo Conte', 'Palazzo della Ragione', 'AMO']",Palazzo della Ragione,strategy_nearest,True,0.002660989761352539,success
04844D429C4C80,0,['Torre Lamberti'],Arena,"['Verona Tour', 'Museo Lapidario', 'Museo Radio', 'San Fermo', 'Casa Giulietta']",Casa Giulietta,strategy_nearest,True,0.0034151077270507812,success
048456429C4C80,3,"['Arena', 'Castelvecchio', 'Duomo']",Casa Giulietta,"['Centro Fotografia', 'Sighseeing', 'Torre Lamberti', 'Museo Conte', 'Museo Radio']",Torre Lamberti,strategy_nearest,True,0.0023949146270751953,success
048455429C4C80,1,"['Arena', 'Torre Lamberti']",Palazzo della Ragione,"['AMO', 'Museo Conte', 'Centro Fotografia', 'Sighseeing', 'Santa Anastasia']",Teatro Romano,strategy_nearest,False,0.003200054168701172,success
048458429C4C80,3,['Arena'],Santa Anastasia,"['AMO', 'Museo Conte', 'Palazzo della Ragione', 'Teatro Romano', 'Centro Fotografia']",Torre Lamberti,strategy_nearest,False,0.002363920211791992,success
04845A429C4C80,3,"['Arena', 'Tomba Giulietta', 'San Fermo']",Duomo,"['AMO', 'Museo Miniscalchi', 'Santa Anastasia', 'Teatro Romano', 'Palazzo della Ragione']",Casa Giulietta,strategy_nearest,False,0.0034351348876953125,success
0484763A9C4C80,0,['Arena'],Castelvecchio,"['Museo Lapidario', 'Verona Tour', 'Museo Radio', 'San Zeno', 'Sighseeing']",San Zeno,strategy_nearest,True,0.0031659603118896484,success
0484683A9C4C80,2,['Castelvecchio'],Casa Giulietta,"['Centro Fotografia', 'Sighseeing', 'Torre Lamberti', 'Museo Conte', 'Museo Radio']",Santa Anastasia,strategy_nearest,False,0.002613067626953125,success
048476429C4C80,0,['Tomba Giulietta'],Casa Giulietta,"['Centro Fotografia', 'Sighseeing', 'Torre Lamberti', 'Museo Conte', 'Museo Radio']",Arena,strategy_nearest,False,0.0034990310668945312,success
0484773A9C4C80,0,['Casa Giulietta'],Torre Lamberti,"['Sighseeing', 'Centro Fotografia', 'Museo Conte', 'Palazzo della Ragione', 'AMO']",Arena,strategy_nearest,False,0.002961874008178711,success
04847E429C4C80,2,['Castelvecchio'],Casa Giulietta,"['Centro Fotografia', 'Sighseeing', 'Torre Lamberti', 'Museo Conte', 'Museo Radio']",Tomba Giulietta,strategy_nearest,False,0.002974987030029297,success
04847F429C4C80,0,['Arena'],Torre Lamberti,"['Sighseeing', 'Centro Fotografia', 'Museo Conte', 'Casa Giulietta', 'Palazzo della Ragione']",Casa Giulietta,strategy_nearest,True,0.003303050994873047,success
048485429C4C80,3,"['Casa Giulietta', 'Torre Lamberti']",Santa Anastasia,"['AMO', 'Museo Conte', 'Palazzo della Ragione', 'Teatro Romano', 'Centro Fotografia']",Teatro Romano,strategy_nearest,True,0.003219127655029297,success
0484804A9C4C80,3,"['Arena', 'Torre Lamberti']",Casa Giulietta,"['Centro Fotografia', 'Sighseeing', 'Museo Conte', 'Museo Radio', 'Palazzo della Ragione']",San Zeno,strategy_nearest,False,0.003303050994873047,success
0484864A9C4C80,0,['Arena'],Santa Anastasia,"['AMO', 'Museo Conte', 'Palazzo della Ragione', 'Teatro Romano', 'Centro Fotografia']",Casa Giulietta,strategy_nearest,False,0.0028197765350341797,success
0484884A9C4C80,3,"['Arena', 'Casa Giulietta']",Santa Anastasia,"['AMO', 'Museo Conte', 'Palazzo della Ragione', 'Teatro Romano', 'Centro Fotografia']",Teatro Romano,strategy_nearest,True,0.0025599002838134766,success
0484873A9C4C80,3,['Arena'],Santa Anastasia,"['AMO', 'Museo Conte', 'Palazzo della Ragione', 'Teatro Romano', 'Centro Fotografia']",Torre Lamberti,strategy_nearest,False,0.002174854278564453,success
04848B3A9C4C80,1,"['San Zeno', 'Casa Giulietta']",Torre Lamberti,"['Sighseeing', 'Centro Fotografia', 'Museo Conte', 'Palazzo della Ragione', 'AMO']",Palazzo della Ragione,strategy_nearest,True,0.0032739639282226562,success
0484934A9C4C80,2,['Casa Giulietta'],San Fermo,"['Museo Storia', 'Museo Radio', 'Centro Fotografia', 'Arena', 'Sighseeing']",Santa Anastasia,strategy_nearest,False,0.0021262168884277344,success
04848E4A9C4C80,0,['Arena'],Casa Giulietta,"['Centro Fotografia', 'Sighseeing', 'Torre Lamberti', 'Museo Conte', 'Museo Radio']",Duomo,strategy_nearest,False,0.0033631324768066406,success
04849A429C4C80,2,"['Torre Lamberti', 'Santa Anastasia']",Duomo,"['AMO', 'Museo Miniscalchi', 'Teatro Romano', 'Palazzo della Ragione', 'Museo Conte']",Teatro Romano,strategy_nearest,True,0.0032110214233398438,success
0484A24A9C4C80,0,['Arena'],Palazzo della Ragione,"['AMO', 'Museo Conte', 'Torre Lamberti', 'Centro Fotografia', 'Sighseeing']",Casa Giulietta,strategy_nearest,False,0.0021791458129882812,success
0484A1429C4C80,3,"['Arena', 'Casa Giulietta', 'San Zeno']",Castelvecchio,"['Museo Lapidario', 'Verona Tour', 'Museo Radio', 'Sighseeing', 'Museo Miniscalchi']",Torre Lamberti,strategy_nearest,False,0.0034329891204833984,success
0484984A9C4C80,3,['Arena'],Casa Giulietta,"['Centro Fotografia', 'Sighseeing', 'Torre Lamberti', 'Museo Conte', 'Museo Radio']",Santa Anastasia,strategy_nearest,False,0.003183126449584961,success
0484A44A9C4C80,0,"['Arena', 'Castelvecchio']",Casa Giulietta,"['Centro Fotografia', 'Sighseeing', 'Torre Lamberti', 'Museo Conte', 'Museo Radio']",Tomba Giulietta,strategy_nearest,False,0.0028312206268310547,success
0484B6429C4C80,1,"['Arena', 'Torre Lamberti']",Palazzo della Ragione,"['AMO', 'Museo Conte', 'Centro Fotografia', 'Sighseeing', 'Santa Anastasia']",Duomo,strategy_nearest,False,0.0015158653259277344,success
0484BA429C4C80,3,"['Arena', 'Casa Giulietta']",Santa Anastasia,"['AMO', 'Museo Conte', 'Palazzo della Ragione', 'Teatro Romano', 'Centro Fotografia']",Duomo,strategy_nearest,False,0.0020411014556884766,success
0484A73A9C4C80,3,"['Castelvecchio', 'Arena', 'Tomba Giulietta']",San Fermo,"['Museo Storia', 'Museo Radio', 'Casa Giulietta', 'Centro Fotografia', 'Sighseeing']",Casa Giulietta,strategy_nearest,True,0.0034089088439941406,success
0484C73A9C4C80,0,"['Arena', 'Casa Giulietta']",San Fermo,"['Museo Storia', 'Museo Radio', 'Centro Fotografia', 'Sighseeing', 'Torre Lamberti']",Castelvecchio,strategy_nearest,False,0.002880096435546875,success
0484DE429C4C80,3,"['Arena', 'Casa Giulietta', 'Duomo']",Teatro Romano,"['Santa Anastasia', 'AMO', 'Palazzo della Ragione', 'Museo Conte', 'Centro Fotografia']",Tomba Giulietta,strategy_nearest,False,0.0021963119506835938,success
0484F23A9C4C80,2,"['Teatro Romano', 'Castelvecchio']",San Zeno,"['Verona Tour', 'Museo Lapidario', 'Arena', 'Museo Miniscalchi', 'Sighseeing']",Torre Lamberti,strategy_nearest,False,0.0033309459686279297,success
0484DC3A9C4C80,0,"['Castelvecchio', 'Torre Lamberti']",Casa Giulietta,"['Centro Fotografia', 'Sighseeing', 'Museo Conte', 'Museo Radio', 'Palazzo della Ragione']",Arena,strategy_nearest,False,0.0014851093292236328,success
048505429C4C84,2,['Teatro Romano'],Santa Anastasia,"['AMO', 'Museo Conte', 'Palazzo della Ragione', 'Centro Fotografia', 'Duomo']",Duomo,strategy_nearest,True,0.002850770950317383,success
04850E3A9C4C80,1,"['Arena', 'Casa Giulietta', 'Torre Lamberti']",Palazzo della Ragione,"['AMO', 'Museo Conte', 'Centro Fotografia', 'Sighseeing', 'Santa Anastasia']",Santa Anastasia,strategy_nearest,True,0.0033178329467773438,success
0485023A9C4C84,2,['Casa Giulietta'],Torre Lamberti,"['Sighseeing', 'Centro Fotografia', 'Museo Conte', 'Palazzo della Ragione', 'AMO']",Santa Anastasia,strategy_nearest,False,0.002149820327758789,success
0484F43A9C4C80,3,['Arena'],Santa Anastasia,"['AMO', 'Museo Conte', 'Palazzo della Ragione', 'Teatro Romano', 'Centro Fotografia']",Duomo,strategy_nearest,False,0.002911090850830078,success
04850E429C4C84,2,['Castelvecchio'],Santa Anastasia,"['AMO', 'Museo Conte', 'Palazzo della Ragione', 'Teatro Romano', 'Centro Fotografia']",Casa Giulietta,strategy_nearest,False,0.0022439956665039062,success
04850F4A9C4C80,3,"['Casa Giulietta', 'San Zeno', 'Duomo']",Santa Anastasia,"['AMO', 'Museo Conte', 'Palazzo della Ragione', 'Teatro Romano', 'Centro Fotografia']",Torre Lamberti,strategy_nearest,False,0.0015709400177001953,success
0485134A9C4C80,3,"['San Fermo', 'Casa Giulietta', 'Torre Lamberti']",Arena,"['Verona Tour', 'Museo Lapidario', 'Museo Radio', 'Sighseeing', 'Castelvecchio']",Castelvecchio,strategy_nearest,True,0.003353118896484375,success
0485104A9C4C80,3,"['Arena', 'Museo Lapidario', 'Casa Giulietta']",Santa Anastasia,"['AMO', 'Museo Conte', 'Palazzo della Ragione', 'Teatro Romano', 'Centro Fotografia']",San Zeno,strategy_nearest,False,0.0028159618377685547,success
048519429C4C84,0,['Tomba Giulietta'],Casa Giulietta,"['Centro Fotografia', 'Sighseeing', 'Torre Lamberti', 'Museo Conte', 'Museo Radio']",Arena,strategy_nearest,False,0.002382993698120117,success
048521429C4C80,2,"['Casa Giulietta', 'Torre Lamberti']",Castelvecchio,"['Museo Lapidario', 'Verona Tour', 'Arena', 'Museo Radio', 'San Zeno']",Duomo,strategy_nearest,False,0.002084970474243164,success
04851B3A9C4C84,1,"['Arena', 'Torre Lamberti', 'Palazzo della Ragione']",Santa Anastasia,"['AMO', 'Museo Conte', 'Teatro Romano', 'Centro Fotografia', 'Duomo']",Duomo,strategy_nearest,True,0.0027489662170410156,success
04852C429C4C80,1,"['Arena', 'Castelvecchio', 'San Zeno', 'Tomba Giulietta']",Casa Giulietta,"['Centro Fotografia', 'Sighseeing', 'Torre Lamberti', 'Museo Conte', 'Museo Radio']",Torre Lamberti,strategy_nearest,True,0.002802133560180664,success
04851C429C4C84,3,"['Arena', 'Casa Giulietta']",Torre Lamberti,"['Sighseeing', 'Centro Fotografia', 'Museo Conte', 'Palazzo della Ragione', 'AMO']",Duomo,strategy_nearest,False,0.0033957958221435547,success
04852D4A9C4C80,3,"['Casa Giulietta', 'Torre Lamberti', 'Santa Anastasia']",Teatro Romano,"['Duomo', 'AMO', 'Palazzo della Ragione', 'Museo Conte', 'Centro Fotografia']",Giardino Giusti,strategy_nearest,False,0.0019681453704833984,success
0485303A9C4C80,0,['Arena'],Museo Lapidario,"['Verona Tour', 'Castelvecchio', 'Museo Radio', 'San Fermo', 'Casa Giulietta']",Teatro Romano,strategy_nearest,False,0.0019271373748779297,success
04852E3A9C4C80,1,['Palazzo della Ragione'],Castelvecchio,"['Museo Lapidario', 'Verona Tour', 'Arena', 'Museo Radio', 'San Zeno']",Arena,strategy_nearest,True,0.004016876220703125,success
04852E4A9C4C80,3,"['Casa Giulietta', 'Torre Lamberti', 'Santa Anastasia']",Teatro Romano,"['Duomo', 'AMO', 'Palazzo della Ragione', 'Museo Conte', 'Centro Fotografia']",Giardino Giusti,strategy_nearest,False,0.002643108367919922,success
04853F3A9C4C80,1,"['Casa Giulietta', 'Santa Anastasia']",Torre Lamberti,"['Sighseeing', 'Centro Fotografia', 'Museo Conte', 'Palazzo della Ragione', 'AMO']",Palazzo della Ragione,strategy_nearest,True,0.0025627613067626953,success
04853A4A9C4C80,1,"['Arena', 'Castelvecchio', 'San Fermo', 'Casa Giulietta']",Torre Lamberti,"['Sighseeing', 'Centro Fotografia', 'Museo Conte', 'Palazzo della Ragione', 'AMO']",Palazzo della Ragione,strategy_nearest,True,0.0018658638000488281,success
0485423A9C4C80,3,"['San Fermo', 'Arena', 'Castelvecchio']",Torre Lamberti,"['Sighseeing', 'Centro Fotografia', 'Museo Conte', 'Casa Giulietta', 'Palazzo della Ragione']",Santa Anastasia,strategy_nearest,False,0.0026128292083740234,success
048545429C4C80,3,"['Arena', 'San Zeno']",Santa Anastasia,"['AMO', 'Museo Conte', 'Palazzo della Ragione', 'Teatro Romano', 'Centro Fotografia']",Duomo,strategy_nearest,False,0.0037910938262939453,success
048558429C4C80,0,"['Arena', 'Torre Lamberti', 'Casa Giulietta']",Teatro Romano,"['Santa Anastasia', 'Duomo', 'AMO', 'Palazzo della Ragione', 'Museo Conte']",San Zeno,strategy_nearest,False,0.0031049251556396484,success
04854C3A9C4C80,0,"['Arena', 'Castelvecchio']",Torre Lamberti,"['Sighseeing', 'Centro Fotografia', 'Museo Conte', 'Casa Giulietta', 'Palazzo della Ragione']",Casa Giulietta,strategy_nearest,True,0.0017271041870117188,success
04855A429C4C80,1,"['Arena', 'Casa Giulietta']",Torre Lamberti,"['Sighseeing', 'Centro Fotografia', 'Museo Conte', 'Palazzo della Ragione', 'AMO']",Palazzo della Ragione,strategy_nearest,True,0.003014802932739258,success
048569429C4C80,0,['Arena'],Casa Giulietta,"['Centro Fotografia', 'Sighseeing', 'Torre Lamberti', 'Museo Conte', 'Museo Radio']",Castelvecchio,strategy_nearest,False,0.0017709732055664062,success
048561429C4C80,2,"['Casa Giulietta', 'Torre Lamberti']",Palazzo della Ragione,"['AMO', 'Museo Conte', 'Centro Fotografia', 'Sighseeing', 'Santa Anastasia']",Castelvecchio,strategy_nearest,False,0.003213167190551758,success
04856B429C4C80,0,"['Torre Lamberti', 'Casa Giulietta']",San Fermo,"['Museo Storia', 'Museo Radio', 'Centro Fotografia', 'Arena', 'Sighseeing']",Arena,strategy_nearest,True,0.0026230812072753906,success
048573429C4C80,3,['Arena'],Torre Lamberti,"['Sighseeing', 'Centro Fotografia', 'Museo Conte', 'Casa Giulietta', 'Palazzo della Ragione']",Santa Anastasia,strategy_nearest,False,0.0025920867919921875,success
04856E429C4C80,1,['Palazzo della Ragione'],Torre Lamberti,"['Sighseeing', 'Centro Fotografia', 'Museo Conte', 'Casa Giulietta', 'AMO']",Giardino Giusti,strategy_nearest,False,0.002391815185546875,success
0485864A9C4C80,0,['Arena'],Castelvecchio,"['Museo Lapidario', 'Verona Tour', 'Museo Radio', 'San Zeno', 'Sighseeing']",Casa Giulietta,strategy_nearest,False,0.0032901763916015625,success
04858B4A9C4C80,0,['Arena'],Casa Giulietta,"['Centro Fotografia', 'Sighseeing', 'Torre Lamberti', 'Museo Conte', 'Museo Radio']",Tomba Giulietta,strategy_nearest,False,0.0031380653381347656,success
04859B429C4C80,3,['Arena'],Casa Giulietta,"['Centro Fotografia', 'Sighseeing', 'Torre Lamberti', 'Museo Conte', 'Museo Radio']",Santa Anastasia,strategy_nearest,False,0.0025200843811035156,success
048592429C4C80,0,['Arena'],Museo Lapidario,"['Verona Tour', 'Castelvecchio', 'Museo Radio', 'San Fermo', 'Casa Giulietta']",Teatro Romano,strategy_nearest,False,0.0018391609191894531,success
04859E429C4C80,3,"['Arena', 'Casa Giulietta', 'Torre Lamberti']",Santa Anastasia,"['AMO', 'Museo Conte', 'Palazzo della Ragione', 'Teatro Romano', 'Centro Fotografia']",Duomo,strategy_nearest,False,0.002405881881713867,success
04859F429C4C80,0,['Arena'],Casa Giulietta,"['Centro Fotografia', 'Sighseeing', 'Torre Lamberti', 'Museo Conte', 'Museo Radio']",Torre Lamberti,strategy_nearest,True,0.0029747486114501953,success
0485A64A9C4C80,1,"['Arena', 'Torre Lamberti']",Palazzo della Ragione,"['AMO', 'Museo Conte', 'Centro Fotografia', 'Sighseeing', 'Santa Anastasia']",Casa Giulietta,strategy_nearest,False,0.0022749900817871094,success
0485AB429C4C80,3,['Duomo'],Santa Anastasia,"['AMO', 'Museo Conte', 'Palazzo della Ragione', 'Teatro Romano', 'Centro Fotografia']",Arena,strategy_nearest,False,0.002340078353881836,success
0485A84A9C4C80,1,"['Arena', 'Museo Lapidario', 'Torre Lamberti']",Palazzo della Ragione,"['AMO', 'Museo Conte', 'Centro Fotografia', 'Sighseeing', 'Santa Anastasia']",Casa Giulietta,strategy_nearest,False,0.003142833709716797,success
0485BA3A9C4C80,0,['Arena'],Casa Giulietta,"['Centro Fotografia', 'Sighseeing', 'Torre Lamberti', 'Museo Conte', 'Museo Radio']",Torre Lamberti,strategy_nearest,True,0.0032019615173339844,success
0485BF3A9C4C80,3,"['Arena', 'Torre Lamberti', 'Santa Anastasia']",Teatro Romano,"['Duomo', 'AMO', 'Palazzo della Ragione', 'Museo Conte', 'Centro Fotografia']",Duomo,strategy_nearest,True,0.0021469593048095703,success
0485BE3A9C4C80,2,"['Palazzo della Ragione', 'Torre Lamberti']",Duomo,"['AMO', 'Museo Miniscalchi', 'Santa Anastasia', 'Teatro Romano', 'Museo Conte']",Teatro Romano,strategy_nearest,True,0.0034160614013671875,success
0485D0429C4C80,1,"['Casa Giulietta', 'Torre Lamberti']",Palazzo della Ragione,"['AMO', 'Museo Conte', 'Centro Fotografia', 'Sighseeing', 'Santa Anastasia']",Arena,strategy_nearest,False,0.0030548572540283203,success
0485C03A9C4C80,0,['Arena'],Castelvecchio,"['Museo Lapidario', 'Verona Tour', 'Museo Radio', 'San Zeno', 'Sighseeing']",Teatro Romano,strategy_nearest,False,0.0025849342346191406,success
0485DA429C4C80,3,"['Arena', 'Santa Anastasia', 'Torre Lamberti']",Casa Giulietta,"['Centro Fotografia', 'Sighseeing', 'Museo Conte', 'Museo Radio', 'Palazzo della Ragione']",Duomo,strategy_nearest,False,0.0026068687438964844,success
0485D33A9C4C80,0,['Arena'],Torre Lamberti,"['Sighseeing', 'Centro Fotografia', 'Museo Conte', 'Casa Giulietta', 'Palazzo della Ragione']",Tomba Giulietta,strategy_nearest,False,0.0028100013732910156,success
0485DC3A9C4C80,0,['Casa Giulietta'],Arena,"['Verona Tour', 'Museo Lapidario', 'Museo Radio', 'San Fermo', 'Sighseeing']",Torre Lamberti,strategy_nearest,False,0.0032558441162109375,success
0485D23A9C4C80,0,['Arena'],Torre Lamberti,"['Sighseeing', 'Centro Fotografia', 'Museo Conte', 'Casa Giulietta', 'Palazzo della Ragione']",Duomo,strategy_nearest,False,0.0022509098052978516,success
0485FE429C4C80,1,"['Museo Lapidario', 'Giardino Giusti', 'Teatro Romano', 'San Zeno', 'Duomo', 'Santa Anastasia']",Tomba Giulietta,"['San Fermo', 'Museo Storia', 'Arena', 'Museo Radio', 'Verona Tour']",San Fermo,strategy_nearest,True,0.002562999725341797,success
0485E83A9C4C80,1,"['Arena', 'Museo Lapidario']",Casa Giulietta,"['Centro Fotografia', 'Sighseeing', 'Torre Lamberti', 'Museo Conte', 'Museo Radio']",Torre Lamberti,strategy_nearest,True,0.002118349075317383,success
0485FD429C4C80,2,"['Torre Lamberti', 'Duomo']",Teatro Romano,"['Santa Anastasia', 'AMO', 'Palazzo della Ragione', 'Museo Conte', 'Centro Fotografia']",San Zeno,strategy_nearest,False,0.002705812454223633,success
048606429C4C84,2,"['San Zeno', 'Teatro Romano']",Casa Giulietta,"['Centro Fotografia', 'Sighseeing', 'Torre Lamberti', 'Museo Conte', 'Museo Radio']",Torre Lamberti,strategy_nearest,True,0.0034780502319335938,success
048607429C4C84,0,['Casa Giulietta'],Arena,"['Verona Tour', 'Museo Lapidario', 'Museo Radio', 'San Fermo', 'Sighseeing']",Castelvecchio,strategy_nearest,False,0.0015997886657714844,success
048611429C4C84,3,"['Castelvecchio', 'Torre Lamberti', 'Tomba Giulietta', 'Arena']",San Fermo,"['Museo Storia', 'Museo Radio', 'Casa Giulietta', 'Centro Fotografia', 'Sighseeing']",Casa Giulietta,strategy_nearest,True,0.001817941665649414,success
0486084A9C4C80,0,['Castelvecchio'],San Zeno,"['Verona Tour', 'Museo Lapidario', 'Arena', 'Museo Miniscalchi', 'Sighseeing']",Arena,strategy_nearest,True,0.0024461746215820312,success
04860E429C4C84,0,['Santa Anastasia'],Casa Giulietta,"['Centro Fotografia', 'Sighseeing', 'Torre Lamberti', 'Museo Conte', 'Museo Radio']",Arena,strategy_nearest,False,0.003306150436401367,success
04860A4A9C4C80,2,['Santa Anastasia'],Santa Anastasia,"['AMO', 'Museo Conte', 'Palazzo della Ragione', 'Teatro Romano', 'Centro Fotografia']",San Zeno,strategy_nearest,False,0.004013776779174805,success
0486123A9C4C80,0,['Arena'],Casa Giulietta,"['Centro Fotografia', 'Sighseeing', 'Torre Lamberti', 'Museo Conte', 'Museo Radio']",Duomo,strategy_nearest,False,0.002576112747192383,success
04861A3A9C4C80,0,['Arena'],Castelvecchio,"['Museo Lapidario', 'Verona Tour', 'Museo Radio', 'San Zeno', 'Sighseeing']",Duomo,strategy_nearest,False,0.0033121109008789062,success
04861C3A9C4C80,1,"['Arena', 'Museo Lapidario', 'Castelvecchio']",Palazzo della Ragione,"['AMO', 'Museo Conte', 'Torre Lamberti', 'Centro Fotografia', 'Sighseeing']",Casa Giulietta,strategy_nearest,False,0.0019283294677734375,success
04861F429C4C84,2,['San Fermo'],Casa Giulietta,"['Centro Fotografia', 'Sighseeing', 'Torre Lamberti', 'Museo Conte', 'Museo Radio']",Torre Lamberti,strategy_nearest,True,0.0032911300659179688,success
048621429C4C84,3,"['Arena', 'Casa Giulietta']",Duomo,"['AMO', 'Museo Miniscalchi', 'Santa Anastasia', 'Teatro Romano', 'Palazzo della Ragione']",Santa Anastasia,strategy_nearest,True,0.0024890899658203125,success
048621429C4C80,3,"['Arena', 'Duomo']",Giardino Giusti,"['Santa Anastasia', 'Teatro Romano', 'Museo Conte', 'Centro Fotografia', 'Museo Storia']",Teatro Romano,strategy_nearest,True,0.0019271373748779297,success
0486223A9C4C80,0,['Casa Giulietta'],Castelvecchio,"['Museo Lapidario', 'Verona Tour', 'Arena', 'Museo Radio', 'San Zeno']",Arena,strategy_nearest,True,0.0031108856201171875,success
048622429C4C80,3,"['Arena', 'Casa Giulietta', 'Torre Lamberti', 'Castelvecchio']",San Zeno,"['Verona Tour', 'Museo Lapidario', 'Museo Miniscalchi', 'Sighseeing', 'Museo Radio']",Santa Anastasia,strategy_nearest,False,0.002814054489135742,success
048638429C4C80,0,['Arena'],Casa Giulietta,"['Centro Fotografia', 'Sighseeing', 'Torre Lamberti', 'Museo Conte', 'Museo Radio']",Torre Lamberti,strategy_nearest,True,0.0026531219482421875,success
048636429C4C80,2,['Torre Lamberti'],San Fermo,"['Museo Storia', 'Museo Radio', 'Casa Giulietta', 'Centro Fotografia', 'Arena']",Santa Anastasia,strategy_nearest,False,0.003453969955444336,success
04863C3A9C4C80,3,"['Arena', 'Castelvecchio', 'Torre Lamberti']",Casa Giulietta,"['Centro Fotografia', 'Sighseeing', 'Museo Conte', 'Museo Radio', 'Palazzo della Ragione']",San Fermo,strategy_nearest,False,0.0033299922943115234,success
048642429C4C80,1,"['Arena', 'Casa Giulietta', 'Torre Lamberti']",Palazzo della Ragione,"['AMO', 'Museo Conte', 'Centro Fotografia', 'Sighseeing', 'Santa Anastasia']",Santa Anastasia,strategy_nearest,True,0.0030410289764404297,success
0486593A9C4C80,1,"['Casa Giulietta', 'San Zeno']",Castelvecchio,"['Museo Lapidario', 'Verona Tour', 'Arena', 'Museo Radio', 'Sighseeing']",Tomba Giulietta,strategy_nearest,False,0.001825094223022461,success
048645429C4C80,3,['Castelvecchio'],Arena,"['Verona Tour', 'Museo Lapidario', 'Museo Radio', 'San Fermo', 'Casa Giulietta']",Santa Anastasia,strategy_nearest,False,0.00327301025390625,success
04866D429C4C80,0,['Arena'],Castelvecchio,"['Museo Lapidario', 'Verona Tour', 'Museo Radio', 'San Zeno', 'Sighseeing']",Casa Giulietta,strategy_nearest,False,0.002714872360229492,success
04866E3A9C4C80,2,"['Santa Anastasia', 'Duomo', 'Tomba Giulietta']",Palazzo della Ragione,"['AMO', 'Museo Conte', 'Torre Lamberti', 'Centro Fotografia', 'Sighseeing']",Casa Giulietta,strategy_nearest,False,0.003074169158935547,success
048676429C4C80,3,['Arena'],Teatro Romano,"['Santa Anastasia', 'Duomo', 'AMO', 'Palazzo della Ragione', 'Museo Conte']",Santa Anastasia,strategy_nearest,True,0.0033538341522216797,success
0486794A9C4C80,0,"['Casa Giulietta', 'Casa Giulietta']",Arena,"['Verona Tour', 'Museo Lapidario', 'Museo Radio', 'San Fermo', 'Sighseeing']",Torre Lamberti,strategy_nearest,False,0.0032320022583007812,success
04867C429C4C80,3,['Arena'],Torre Lamberti,"['Sighseeing', 'Centro Fotografia', 'Museo Conte', 'Casa Giulietta', 'Palazzo della Ragione']",Santa Anastasia,strategy_nearest,False,0.0031702518463134766,success
048678429C4C80,1,"['Tomba Giulietta', 'Arena']",Casa Giulietta,"['Centro Fotografia', 'Sighseeing', 'Torre Lamberti', 'Museo Conte', 'Museo Radio']",Torre Lamberti,strategy_nearest,True,0.0024042129516601562,success
0486853A9C4C80,1,"['Arena', 'Castelvecchio']",Palazzo della Ragione,"['AMO', 'Museo Conte', 'Torre Lamberti', 'Centro Fotografia', 'Sighseeing']",Torre Lamberti,strategy_nearest,True,0.0017910003662109375,success
04868C4A9C4C80,1,"['Arena', 'Torre Lamberti']",Palazzo della Ragione,"['AMO', 'Museo Conte', 'Centro Fotografia', 'Sighseeing', 'Santa Anastasia']",Casa Giulietta,strategy_nearest,False,0.0023708343505859375,success
0486A24A9C4C80,0,['Arena'],Casa Giulietta,"['Centro Fotografia', 'Sighseeing', 'Torre Lamberti', 'Museo Conte', 'Museo Radio']",Torre Lamberti,strategy_nearest,True,0.003070354461669922,success
04869D429C4C80,0,['Tomba Giulietta'],Arena,"['Verona Tour', 'Museo Lapidario', 'Museo Radio', 'San Fermo', 'Casa Giulietta']",Casa Giulietta,strategy_nearest,True,0.0027298927307128906,success
0486A4429C4C80,2,['Santa Anastasia'],Santa Anastasia,"['AMO', 'Museo Conte', 'Palazzo della Ragione', 'Teatro Romano', 'Centro Fotografia']",Duomo,strategy_nearest,False,0.0024099349975585938,success
0486A94A9C4C80,3,"['Arena', 'Casa Giulietta']",Torre Lamberti,"['Sighseeing', 'Centro Fotografia', 'Museo Conte', 'Palazzo della Ragione', 'AMO']",Santa Anastasia,strategy_nearest,False,0.0020301342010498047,success
0486AA3A9C4C80,3,"['Arena', 'Museo Lapidario', 'Castelvecchio', 'Santa Anastasia']",Duomo,"['AMO', 'Museo Miniscalchi', 'Teatro Romano', 'Palazzo della Ragione', 'Museo Conte']",Torre Lamberti,strategy_nearest,False,0.003406047821044922,success
0486B1429C4C80,1,"['Arena', 'Casa Giulietta', 'Torre Lamberti']",Palazzo della Ragione,"['AMO', 'Museo Conte', 'Centro Fotografia', 'Sighseeing', 'Santa Anastasia']",Santa Anastasia,strategy_nearest,True,0.002696990966796875,success
0486B53A9C4C80,2,"['Palazzo della Ragione', 'Torre Lamberti']",Santa Anastasia,"['AMO', 'Museo Conte', 'Teatro Romano', 'Centro Fotografia', 'Duomo']",Duomo,strategy_nearest,True,0.0025022029876708984,success
0486B6429C4C80,3,"['Arena', 'Castelvecchio']",Duomo,"['AMO', 'Museo Miniscalchi', 'Santa Anastasia', 'Teatro Romano', 'Palazzo della Ragione']",Santa Anastasia,strategy_nearest,True,0.002668142318725586,success
0486B73A9C4C80,0,['Arena'],Casa Giulietta,"['Centro Fotografia', 'Sighseeing', 'Torre Lamberti', 'Museo Conte', 'Museo Radio']",Castelvecchio,strategy_nearest,False,0.0032570362091064453,success
0486B63A9C4C80,0,['Arena'],Casa Giulietta,"['Centro Fotografia', 'Sighseeing', 'Torre Lamberti', 'Museo Conte', 'Museo Radio']",Castelvecchio,strategy_nearest,False,0.0033349990844726562,success
0486BE3A9C4C80,3,"['Arena', 'Casa Giulietta', 'Torre Lamberti']",Teatro Romano,"['Santa Anastasia', 'Duomo', 'AMO', 'Palazzo della Ragione', 'Museo Conte']",Duomo,strategy_nearest,True,0.002900838851928711,success
0486BD3A9C4C80,3,['Arena'],San Fermo,"['Museo Storia', 'Museo Radio', 'Casa Giulietta', 'Centro Fotografia', 'Sighseeing']",Santa Anastasia,strategy_nearest,False,0.004140138626098633,success
0486B7429C4C80,3,"['Arena', 'Casa Giulietta']",Santa Anastasia,"['AMO', 'Museo Conte', 'Palazzo della Ragione', 'Teatro Romano', 'Centro Fotografia']",Duomo,strategy_nearest,False,0.002880096435546875,success
0486BF429C4C80,3,"['Duomo', 'Arena']",Torre Lamberti,"['Sighseeing', 'Centro Fotografia', 'Museo Conte', 'Casa Giulietta', 'Palazzo della Ragione']",Casa Giulietta,strategy_nearest,True,0.0020911693572998047,success
0486CB3A9C4C80,2,"['Santa Anastasia', 'Duomo']",Palazzo della Ragione,"['AMO', 'Museo Conte', 'Torre Lamberti', 'Centro Fotografia', 'Sighseeing']",Torre Lamberti,strategy_nearest,True,0.0013780593872070312,success
0486C93A9C4C80,0,['Arena'],Castelvecchio,"['Museo Lapidario', 'Verona Tour', 'Museo Radio', 'San Zeno', 'Sighseeing']",San Zeno,strategy_nearest,True,0.0020978450775146484,success
0486D13A9C4C80,0,['Castelvecchio'],Arena,"['Verona Tour', 'Museo Lapidario', 'Museo Radio', 'San Fermo', 'Casa Giulietta']",Santa Anastasia,strategy_nearest,False,0.0027959346771240234,success
0486D63A9C4C80,2,"['Castelvecchio', 'Torre Lamberti', 'Santa Anastasia']",Duomo,"['AMO', 'Museo Miniscalchi', 'Teatro Romano', 'Palazzo della Ragione', 'Museo Conte']",Casa Giulietta,strategy_nearest,False,0.0029659271240234375,success
0486D93A9C4C80,2,"['Torre Lamberti', 'Palazzo della Ragione']",Casa Giulietta,"['Centro Fotografia', 'Sighseeing', 'Museo Conte', 'Museo Radio', 'San Fermo']",Castelvecchio,strategy_nearest,False,0.0026140213012695312,success
0486FB429C4C80,0,['Teatro Romano'],Arena,"['Verona Tour', 'Museo Lapidario', 'Museo Radio', 'San Fermo', 'Casa Giulietta']",Torre Lamberti,strategy_nearest,False,0.0034568309783935547,success
04870C3A9C4C84,3,"['Castelvecchio', 'Casa Giulietta', 'Torre Lamberti']",Santa Anastasia,"['AMO', 'Museo Conte', 'Palazzo della Ragione', 'Teatro Romano', 'Centro Fotografia']",Duomo,strategy_nearest,False,0.0026559829711914062,success
0486F03A9C4C80,3,"['Torre Lamberti', 'Santa Anastasia']",San Fermo,"['Museo Storia', 'Museo Radio', 'Casa Giulietta', 'Centro Fotografia', 'Arena']",Arena,strategy_nearest,True,0.003487110137939453,success
04870C429C4C84,3,"['Tomba Giulietta', 'Arena']",Castelvecchio,"['Museo Lapidario', 'Verona Tour', 'Museo Radio', 'San Zeno', 'Sighseeing']",Casa Giulietta,strategy_nearest,False,0.0029821395874023438,success
04870F4A9C4C80,2,"['Duomo', 'Palazzo della Ragione', 'Torre Lamberti']",Tomba Giulietta,"['San Fermo', 'Museo Storia', 'Arena', 'Museo Lapidario', 'Museo Radio']",Castelvecchio,strategy_nearest,False,0.0019478797912597656,success
0487153A9C4C80,0,['Arena'],Duomo,"['AMO', 'Museo Miniscalchi', 'Santa Anastasia', 'Teatro Romano', 'Palazzo della Ragione']",Casa Giulietta,strategy_nearest,False,0.0028340816497802734,success
0487103A9C4C80,3,"['Arena', 'Casa Giulietta', 'San Fermo']",Torre Lamberti,"['Sighseeing', 'Centro Fotografia', 'Museo Conte', 'Palazzo della Ragione', 'AMO']",Castelvecchio,strategy_nearest,False,0.002474069595336914,success
048712429C4C84,2,"['Castelvecchio', 'Torre Lamberti', 'Palazzo della Ragione']",Santa Anastasia,"['AMO', 'Museo Conte', 'Teatro Romano', 'Centro Fotografia', 'Duomo']",Duomo,strategy_nearest,True,0.0036630630493164062,success
048715429C4C84,0,['Arena'],San Zeno,"['Castelvecchio', 'Verona Tour', 'Museo Lapidario', 'Museo Miniscalchi', 'Sighseeing']",Castelvecchio,strategy_nearest,True,0.0020627975463867188,success
0487153A9C4C84,2,"['Torre Lamberti', 'Castelvecchio']",Duomo,"['AMO', 'Museo Miniscalchi', 'Santa Anastasia', 'Teatro Romano', 'Palazzo della Ragione']",Santa Anastasia,strategy_nearest,True,0.0014901161193847656,success
0487193A9C4C84,0,['Casa Giulietta'],Castelvecchio,"['Museo Lapidario', 'Verona Tour', 'Arena', 'Museo Radio', 'San Zeno']",Arena,strategy_nearest,True,0.0026721954345703125,success
04871DC27B3F80,3,"['Santa Anastasia', 'Arena']",Torre Lamberti,"['Sighseeing', 'Centro Fotografia', 'Museo Conte', 'Casa Giulietta', 'Palazzo della Ragione']",San Fermo,strategy_nearest,False,0.002774953842163086,success
048719C27B3F80,3,"['Tomba Giulietta', 'Arena', 'Casa Giulietta', 'Santa Anastasia', 'Duomo']",Teatro Romano,"['AMO', 'Palazzo della Ragione', 'Museo Conte', 'Centro Fotografia', 'Museo Miniscalchi']",Casa Giulietta,strategy_nearest,False,0.003793001174926758,success
04871F3A9C4C80,0,['Arena'],San Fermo,"['Museo Storia', 'Museo Radio', 'Casa Giulietta', 'Centro Fotografia', 'Sighseeing']",Casa Giulietta,strategy_nearest,True,0.003439188003540039,success
048720429C4C84,3,"['Arena', 'Duomo', 'Santa Anastasia', 'Teatro Romano']",San Zeno,"['Castelvecchio', 'Verona Tour', 'Museo Lapidario', 'Museo Miniscalchi', 'Sighseeing']",Torre Lamberti,strategy_nearest,False,0.002596139907836914,success
048723429C4C84,1,"['Arena', 'Casa Giulietta']",Palazzo della Ragione,"['AMO', 'Museo Conte', 'Torre Lamberti', 'Centro Fotografia', 'Sighseeing']",Tomba Giulietta,strategy_nearest,False,0.003409862518310547,success
0487223A9C4C80,0,['Casa Giulietta'],Castelvecchio,"['Museo Lapidario', 'Verona Tour', 'Arena', 'Museo Radio', 'San Zeno']",Arena,strategy_nearest,True,0.002730131149291992,success
048724429C4C84,6,"['Verona Tour', 'Teatro Romano']",Santa Anastasia,"['AMO', 'Museo Conte', 'Palazzo della Ragione', 'Centro Fotografia', 'Duomo']",Casa Giulietta,strategy_nearest,False,0.002611875534057617,success
0487263A9C4C80,3,"['Arena', 'San Zeno', 'Castelvecchio']",Teatro Romano,"['Santa Anastasia', 'Duomo', 'AMO', 'Palazzo della Ragione', 'Museo Conte']",Duomo,strategy_nearest,True,0.003246307373046875,success
048727429C4C84,6,['Verona Tour'],Castelvecchio,"['Museo Lapidario', 'Arena', 'Museo Radio', 'San Zeno', 'Sighseeing']",Duomo,strategy_nearest,False,0.00203704833984375,success
0487323A9C4C80,0,['Arena'],Castelvecchio,"['Museo Lapidario', 'Verona Tour', 'Museo Radio', 'San Zeno', 'Sighseeing']",Duomo,strategy_nearest,False,0.0020809173583984375,success
048733429C4C80,2,['Casa Giulietta'],Torre Lamberti,"['Sighseeing', 'Centro Fotografia', 'Museo Conte', 'Palazzo della Ragione', 'AMO']",Palazzo della Ragione,strategy_nearest,True,0.003244161605834961,success
0487294A9C4C80,1,"['Tomba Giulietta', 'San Fermo', 'Arena', 'Palazzo della Ragione']",Torre Lamberti,"['Sighseeing', 'Centro Fotografia', 'Museo Conte', 'Casa Giulietta', 'AMO']",Santa Anastasia,strategy_nearest,False,0.003416776657104492,success
04873C4A9C4C80,1,"['Arena', 'Palazzo della Ragione']",Teatro Romano,"['Santa Anastasia', 'Duomo', 'AMO', 'Museo Conte', 'Centro Fotografia']",San Zeno,strategy_nearest,False,0.0027861595153808594,success
04873E3A9C4C80,0,['Arena'],Torre Lamberti,"['Sighseeing', 'Centro Fotografia', 'Museo Conte', 'Casa Giulietta', 'Palazzo della Ragione']",Casa Giulietta,strategy_nearest,True,0.002660989761352539,success
04873D4A9C4C80,0,"['Teatro Romano', 'Torre Lamberti']",Casa Giulietta,"['Centro Fotografia', 'Sighseeing', 'Museo Conte', 'Museo Radio', 'Palazzo della Ragione']",Arena,strategy_nearest,False,0.00150299072265625,success
04874C429C4C80,3,"['Arena', 'Santa Anastasia']",Duomo,"['AMO', 'Museo Miniscalchi', 'Teatro Romano', 'Palazzo della Ragione', 'Museo Conte']",Teatro Romano,strategy_nearest,True,0.003255128860473633,success
04876D429C4C80,3,"['Arena', 'Torre Lamberti']",Santa Anastasia,"['AMO', 'Museo Conte', 'Palazzo della Ragione', 'Teatro Romano', 'Centro Fotografia']",Duomo,strategy_nearest,False,0.0025610923767089844,success
04874EC27B3F80,3,"['Tomba Giulietta', 'Arena', 'Casa Giulietta', 'Santa Anastasia', 'Duomo']",Teatro Romano,"['AMO', 'Palazzo della Ragione', 'Museo Conte', 'Centro Fotografia', 'Museo Miniscalchi']",Casa Giulietta,strategy_nearest,False,0.0021119117736816406,success
04874FC27B3F80,1,"['Arena', 'Casa Giulietta', 'Torre Lamberti']",Palazzo della Ragione,"['AMO', 'Museo Conte', 'Centro Fotografia', 'Sighseeing', 'Santa Anastasia']",Santa Anastasia,strategy_nearest,True,0.0027022361755371094,success
0487723A9C4C80,3,"['Casa Giulietta', 'Santa Anastasia']",Duomo,"['AMO', 'Museo Miniscalchi', 'Teatro Romano', 'Palazzo della Ragione', 'Museo Conte']",Teatro Romano,strategy_nearest,True,0.0033349990844726562,success
048781429C4C80,0,['Arena'],Torre Lamberti,"['Sighseeing', 'Centro Fotografia', 'Museo Conte', 'Casa Giulietta', 'Palazzo della Ragione']",Casa Giulietta,strategy_nearest,True,0.0020580291748046875,success
048774429C4C80,0,['Arena'],Casa Giulietta,"['Centro Fotografia', 'Sighseeing', 'Torre Lamberti', 'Museo Conte', 'Museo Radio']",Torre Lamberti,strategy_nearest,True,0.0034050941467285156,success
048783429C4C80,0,"['Casa Giulietta', 'Arena']",Torre Lamberti,"['Sighseeing', 'Centro Fotografia', 'Museo Conte', 'Palazzo della Ragione', 'AMO']",San Fermo,strategy_nearest,False,0.003313779830932617,success
048772429C4C80,0,"['Arena', 'Casa Giulietta']",Duomo,"['AMO', 'Museo Miniscalchi', 'Santa Anastasia', 'Teatro Romano', 'Palazzo della Ragione']",Tomba Giulietta,strategy_nearest,False,0.002241849899291992,success
0487844A9C4C80,3,"['Arena', 'Casa Giulietta']",Torre Lamberti,"['Sighseeing', 'Centro Fotografia', 'Museo Conte', 'Palazzo della Ragione', 'AMO']",Santa Anastasia,strategy_nearest,False,0.0031921863555908203,success
0487843A9C4C80,3,"['Torre Lamberti', 'Casa Giulietta', 'Arena']",Tomba Giulietta,"['San Fermo', 'Museo Storia', 'Museo Lapidario', 'Museo Radio', 'Verona Tour']",Teatro Romano,strategy_nearest,False,0.0026390552520751953,success
0487883A9C4C80,3,"['Arena', 'Teatro Romano']",Santa Anastasia,"['AMO', 'Museo Conte', 'Palazzo della Ragione', 'Centro Fotografia', 'Duomo']",Torre Lamberti,strategy_nearest,False,0.0013120174407958984,success
04878B4A9C4C80,0,['Arena'],Casa Giulietta,"['Centro Fotografia', 'Sighseeing', 'Torre Lamberti', 'Museo Conte', 'Museo Radio']",Torre Lamberti,strategy_nearest,True,0.003397226333618164,success
048794429C4C80,1,"['Arena', 'Casa Giulietta']",Torre Lamberti,"['Sighseeing', 'Centro Fotografia', 'Museo Conte', 'Palazzo della Ragione', 'AMO']",Palazzo della Ragione,strategy_nearest,True,0.0025420188903808594,success
04878D4A9C4C80,3,['Arena'],Torre Lamberti,"['Sighseeing', 'Centro Fotografia', 'Museo Conte', 'Casa Giulietta', 'Palazzo della Ragione']",Santa Anastasia,strategy_nearest,False,0.0018036365509033203,success
048795429C4C80,0,['Arena'],Casa Giulietta,"['Centro Fotografia', 'Sighseeing', 'Torre Lamberti', 'Museo Conte', 'Museo Radio']",Torre Lamberti,strategy_nearest,True,0.003036975860595703,success
0487954A9C4C80,0,['Arena'],Casa Giulietta,"['Centro Fotografia', 'Sighseeing', 'Torre Lamberti', 'Museo Conte', 'Museo Radio']",Santa Anastasia,strategy_nearest,False,0.0027883052825927734,success
048799429C4C80,3,"['Arena', 'Casa Giulietta']",Castelvecchio,"['Museo Lapidario', 'Verona Tour', 'Museo Radio', 'San Zeno', 'Sighseeing']",Torre Lamberti,strategy_nearest,False,0.001528024673461914,success
04879A429C4C80,1,['Arena'],Palazzo della Ragione,"['AMO', 'Museo Conte', 'Torre Lamberti', 'Centro Fotografia', 'Sighseeing']",Torre Lamberti,strategy_nearest,True,0.002707958221435547,success
0487A84A9C4C80,0,['Arena'],Casa Giulietta,"['Centro Fotografia', 'Sighseeing', 'Torre Lamberti', 'Museo Conte', 'Museo Radio']",Torre Lamberti,strategy_nearest,True,0.003265857696533203,success
0487A94A9C4C80,0,"['Arena', 'Tomba Giulietta', 'Casa Giulietta']",Casa Giulietta,"['Centro Fotografia', 'Sighseeing', 'Torre Lamberti', 'Museo Conte', 'Museo Radio']",Duomo,strategy_nearest,False,0.0018770694732666016,success
0487B7429C4C80,0,['Arena'],Castelvecchio,"['Museo Lapidario', 'Verona Tour', 'Museo Radio', 'San Zeno', 'Sighseeing']",Casa Giulietta,strategy_nearest,False,0.0025801658630371094,success
0487B93A9C4C80,2,"['Casa Giulietta', 'Palazzo della Ragione']",Torre Lamberti,"['Sighseeing', 'Centro Fotografia', 'Museo Conte', 'AMO', 'Museo Miniscalchi']",Santa Anastasia,strategy_nearest,False,0.0026650428771972656,success
0487B83A9C4C80,0,"['Teatro Romano', 'Torre Lamberti']",Casa Giulietta,"['Centro Fotografia', 'Sighseeing', 'Museo Conte', 'Museo Radio', 'Palazzo della Ragione']",Arena,strategy_nearest,False,0.003484010696411133,success
0487C2429C4C80,2,['Castelvecchio'],Palazzo della Ragione,"['AMO', 'Museo Conte', 'Torre Lamberti', 'Centro Fotografia', 'Sighseeing']",Santa Anastasia,strategy_nearest,False,0.002227306365966797,success
0487CA3A9C4C80,2,['Casa Giulietta'],Torre Lamberti,"['Sighseeing', 'Centro Fotografia', 'Museo Conte', 'Palazzo della Ragione', 'AMO']",Duomo,strategy_nearest,False,0.0026061534881591797,success
0487C33A9C4C80,0,['Arena'],Casa Giulietta,"['Centro Fotografia', 'Sighseeing', 'Torre Lamberti', 'Museo Conte', 'Museo Radio']",Duomo,strategy_nearest,False,0.0034990310668945312,success
0487DB3A9C4C80,3,"['Arena', 'San Zeno', 'Castelvecchio']",Casa Giulietta,"['Centro Fotografia', 'Sighseeing', 'Torre Lamberti', 'Museo Conte', 'Museo Radio']",Teatro Romano,strategy_nearest,False,0.003153085708618164,success
0487DB429C4C80,1,"['Casa Giulietta', 'San Fermo']",Palazzo della Ragione,"['AMO', 'Museo Conte', 'Torre Lamberti', 'Centro Fotografia', 'Sighseeing']",Arena,strategy_nearest,False,0.003013134002685547,success
048804429C4C84,3,"['Arena', 'Castelvecchio', 'Santa Anastasia', 'Casa Giulietta']",San Fermo,"['Museo Storia', 'Museo Radio', 'Centro Fotografia', 'Sighseeing', 'Torre Lamberti']",Tomba Giulietta,strategy_nearest,False,0.0032057762145996094,success
048806429C4C84,3,"['Arena', 'Castelvecchio', 'San Zeno']",Casa Giulietta,"['Centro Fotografia', 'Sighseeing', 'Torre Lamberti', 'Museo Conte', 'Museo Radio']",Torre Lamberti,strategy_nearest,True,0.0019500255584716797,success
048813429C4C84,1,['Palazzo della Ragione'],Torre Lamberti,"['Sighseeing', 'Centro Fotografia', 'Museo Conte', 'Casa Giulietta', 'AMO']",Arena,strategy_nearest,False,0.0014390945434570312,success
04880B3A9C4C84,0,['Casa Giulietta'],Arena,"['Verona Tour', 'Museo Lapidario', 'Museo Radio', 'San Fermo', 'Sighseeing']",Torre Lamberti,strategy_nearest,False,0.004231929779052734,success
04880C429C4C84,0,['Tomba Giulietta'],Arena,"['Verona Tour', 'Museo Lapidario', 'Museo Radio', 'San Fermo', 'Casa Giulietta']",Castelvecchio,strategy_nearest,False,0.0033240318298339844,success
0488153A9C4C84,3,"['Arena', 'Santa Anastasia']",Duomo,"['AMO', 'Museo Miniscalchi', 'Teatro Romano', 'Palazzo della Ragione', 'Museo Conte']",Teatro Romano,strategy_nearest,True,0.0031778812408447266,success
0488253A9C4C84,1,['Arena'],Casa Giulietta,"['Centro Fotografia', 'Sighseeing', 'Torre Lamberti', 'Museo Conte', 'Museo Radio']",Torre Lamberti,strategy_nearest,True,0.001416921615600586,success
048829429C4C80,2,['Santa Anastasia'],Castelvecchio,"['Museo Lapidario', 'Verona Tour', 'Arena', 'Museo Radio', 'San Zeno']",Duomo,strategy_nearest,False,0.0020961761474609375,success
04881F429C4C84,3,"['Torre Lamberti', 'Santa Anastasia', 'Giardino Giusti', 'Teatro Romano', 'Casa Giulietta']",San Fermo,"['Museo Storia', 'Museo Radio', 'Centro Fotografia', 'Arena', 'Sighseeing']",Arena,strategy_nearest,True,0.002852916717529297,success
04883C3A9C4C80,0,['Casa Giulietta'],Arena,"['Verona Tour', 'Museo Lapidario', 'Museo Radio', 'San Fermo', 'Sighseeing']",Castelvecchio,strategy_nearest,False,0.003322124481201172,success
0488553A9C4C80,0,['Castelvecchio'],Duomo,"['AMO', 'Museo Miniscalchi', 'Santa Anastasia', 'Teatro Romano', 'Palazzo della Ragione']",Arena,strategy_nearest,False,0.0019600391387939453,success
0488563A9C4C80,3,"['Arena', 'Casa Giulietta', 'Santa Anastasia']",San Zeno,"['Castelvecchio', 'Verona Tour', 'Museo Lapidario', 'Museo Miniscalchi', 'Sighseeing']",Castelvecchio,strategy_nearest,True,0.0019190311431884766,success
04885B429C4C80,3,"['Arena', 'Castelvecchio']",Duomo,"['AMO', 'Museo Miniscalchi', 'Santa Anastasia', 'Teatro Romano', 'Palazzo della Ragione']",Torre Lamberti,strategy_nearest,False,0.003098726272583008,success
04884F429C4C80,1,"['Teatro Romano', 'Santa Anastasia']",Arena,"['Verona Tour', 'Museo Lapidario', 'Museo Radio', 'San Fermo', 'Casa Giulietta']",Torre Lamberti,strategy_nearest,False,0.0032432079315185547,success
04885E429C4C80,1,"['Castelvecchio', 'Museo Lapidario', 'San Fermo', 'Palazzo della Ragione']",Torre Lamberti,"['Sighseeing', 'Centro Fotografia', 'Museo Conte', 'Casa Giulietta', 'AMO']",Casa Giulietta,strategy_nearest,True,0.002311229705810547,success
04886A429C4C80,3,['Arena'],Casa Giulietta,"['Centro Fotografia', 'Sighseeing', 'Torre Lamberti', 'Museo Conte', 'Museo Radio']",Santa Anastasia,strategy_nearest,False,0.0024192333221435547,success
04886B429C4C80,1,"['Arena', 'Casa Giulietta']",Palazzo della Ragione,"['AMO', 'Museo Conte', 'Torre Lamberti', 'Centro Fotografia', 'Sighseeing']",Torre Lamberti,strategy_nearest,True,0.002599000930786133,success
048878429C4C80,3,"['Arena', 'Santa Anastasia']",Teatro Romano,"['Duomo', 'AMO', 'Palazzo della Ragione', 'Museo Conte', 'Centro Fotografia']",Casa Giulietta,strategy_nearest,False,0.0026400089263916016,success
048881429C4C80,3,"['Arena', 'Casa Giulietta']",Torre Lamberti,"['Sighseeing', 'Centro Fotografia', 'Museo Conte', 'Palazzo della Ragione', 'AMO']",Santa Anastasia,strategy_nearest,False,0.0023069381713867188,success
04887C3A9C4C80,2,['San Fermo'],Santa Anastasia,"['AMO', 'Museo Conte', 'Palazzo della Ragione', 'Teatro Romano', 'Centro Fotografia']",Duomo,strategy_nearest,False,0.004090070724487305,success
048883429C4C80,0,['Casa Giulietta'],Arena,"['Verona Tour', 'Museo Lapidario', 'Museo Radio', 'San Fermo', 'Sighseeing']",Tomba Giulietta,strategy_nearest,False,0.002910137176513672,success
048899429C4C80,2,"['Castelvecchio', 'Torre Lamberti']",Santa Anastasia,"['AMO', 'Museo Conte', 'Palazzo della Ragione', 'Teatro Romano', 'Centro Fotografia']",Teatro Romano,strategy_nearest,True,0.003385782241821289,success
04889F429C4C80,3,"['Museo Lapidario', 'Arena']",Casa Giulietta,"['Centro Fotografia', 'Sighseeing', 'Torre Lamberti', 'Museo Conte', 'Museo Radio']",Santa Anastasia,strategy_nearest,False,0.0020859241485595703,success
04889A429C4C80,1,"['Arena', 'Teatro Romano']",Casa Giulietta,"['Centro Fotografia', 'Sighseeing', 'Torre Lamberti', 'Museo Conte', 'Museo Radio']",Torre Lamberti,strategy_nearest,True,0.003376007080078125,success
0488A1429C4C80,1,"['Arena', 'Casa Giulietta']",Palazzo della Ragione,"['AMO', 'Museo Conte', 'Torre Lamberti', 'Centro Fotografia', 'Sighseeing']",Torre Lamberti,strategy_nearest,True,0.0032100677490234375,success
0488A94A9C4C80,1,"['Arena', 'Museo Lapidario', 'Torre Lamberti']",Palazzo della Ragione,"['AMO', 'Museo Conte', 'Centro Fotografia', 'Sighseeing', 'Santa Anastasia']",San Fermo,strategy_nearest,False,0.002079010009765625,success
0488A5429C4C80,2,['Santa Anastasia'],Casa Giulietta,"['Centro Fotografia', 'Sighseeing', 'Torre Lamberti', 'Museo Conte', 'Museo Radio']",Torre Lamberti,strategy_nearest,True,0.003968000411987305,success
0488A9429C4C80,3,"['Santa Anastasia', 'Torre Lamberti']",Casa Giulietta,"['Centro Fotografia', 'Sighseeing', 'Museo Conte', 'Museo Radio', 'Palazzo della Ragione']",Arena,strategy_nearest,False,0.0021338462829589844,success
0488AA3A9C4C80,1,"['Arena', 'Palazzo della Ragione', 'Torre Lamberti']",Casa Giulietta,"['Centro Fotografia', 'Sighseeing', 'Museo Conte', 'Museo Radio', 'San Fermo']",San Fermo,strategy_nearest,True,0.003304004669189453,success
0488AE429C4C80,3,"['Arena', 'Santa Anastasia']",Duomo,"['AMO', 'Museo Miniscalchi', 'Teatro Romano', 'Palazzo della Ragione', 'Museo Conte']",Casa Giulietta,strategy_nearest,False,0.002480745315551758,success
0488AB4A9C4C80,0,['Arena'],Casa Giulietta,"['Centro Fotografia', 'Sighseeing', 'Torre Lamberti', 'Museo Conte', 'Museo Radio']",Torre Lamberti,strategy_nearest,True,0.002485036849975586,success
0488B13A9C4C80,0,['Arena'],Casa Giulietta,"['Centro Fotografia', 'Sighseeing', 'Torre Lamberti', 'Museo Conte', 'Museo Radio']",Torre Lamberti,strategy_nearest,True,0.002607107162475586,success
0488B0429C4C80,0,['Arena'],Casa Giulietta,"['Centro Fotografia', 'Sighseeing', 'Torre Lamberti', 'Museo Conte', 'Museo Radio']",Santa Anastasia,strategy_nearest,False,0.004009246826171875,success
0488C93A9C4C80,2,['San Zeno'],Torre Lamberti,"['Sighseeing', 'Centro Fotografia', 'Museo Conte', 'Casa Giulietta', 'Palazzo della Ragione']",Duomo,strategy_nearest,False,0.002850055694580078,success
0488BF3A9C4C80,0,['Arena'],Casa Giulietta,"['Centro Fotografia', 'Sighseeing', 'Torre Lamberti', 'Museo Conte', 'Museo Radio']",Santa Anastasia,strategy_nearest,False,0.0027430057525634766,success
0488C83A9C4C80,1,"['Arena', 'Casa Giulietta']",Palazzo della Ragione,"['AMO', 'Museo Conte', 'Torre Lamberti', 'Centro Fotografia', 'Sighseeing']",Torre Lamberti,strategy_nearest,True,0.0032491683959960938,success
0488BC429C4C80,0,['Arena'],Casa Giulietta,"['Centro Fotografia', 'Sighseeing', 'Torre Lamberti', 'Museo Conte', 'Museo Radio']",Teatro Romano,strategy_nearest,False,0.002622842788696289,success
0488E93A9C4C80,3,['Arena'],Torre Lamberti,"['Sighseeing', 'Centro Fotografia', 'Museo Conte', 'Casa Giulietta', 'Palazzo della Ragione']",Santa Anastasia,strategy_nearest,False,0.0032498836517333984,success
0488DF3A9C4C80,2,['Santa Anastasia'],Duomo,"['AMO', 'Museo Miniscalchi', 'Teatro Romano', 'Palazzo della Ragione', 'Museo Conte']",Casa Giulietta,strategy_nearest,False,0.0015079975128173828,success
0488EE3A9C4C80,3,"['Arena', 'Tomba Giulietta', 'Museo Storia']",San Fermo,"['Museo Radio', 'Casa Giulietta', 'Centro Fotografia', 'Sighseeing', 'Torre Lamberti']",Casa Giulietta,strategy_nearest,True,0.0025510787963867188,success
0488D0429C4C80,2,"['San Zeno', 'Castelvecchio', 'Duomo']",Teatro Romano,"['Santa Anastasia', 'AMO', 'Palazzo della Ragione', 'Museo Conte', 'Centro Fotografia']",Santa Anastasia,strategy_nearest,True,0.002126932144165039,success
0488F33A9C4C80,1,"['Palazzo della Ragione', 'Torre Lamberti']",Arena,"['Verona Tour', 'Museo Lapidario', 'Museo Radio', 'San Fermo', 'Casa Giulietta']",Santa Anastasia,strategy_nearest,False,0.002173185348510742,success
0488F63A9C4C80,0,['Casa Giulietta'],Torre Lamberti,"['Sighseeing', 'Centro Fotografia', 'Museo Conte', 'Palazzo della Ragione', 'AMO']",Arena,strategy_nearest,False,0.002777099609375,success
04890C429C4C80,3,"['Arena', 'Casa Giulietta']",Torre Lamberti,"['Sighseeing', 'Centro Fotografia', 'Museo Conte', 'Palazzo della Ragione', 'AMO']",Santa Anastasia,strategy_nearest,False,0.0014541149139404297,success
0489033A9C4C84,0,['Casa Giulietta'],Torre Lamberti,"['Sighseeing', 'Centro Fotografia', 'Museo Conte', 'Palazzo della Ragione', 'AMO']",Arena,strategy_nearest,False,0.003351926803588867,success
0489163A9C4C80,3,"['Arena', 'Casa Giulietta']",Torre Lamberti,"['Sighseeing', 'Centro Fotografia', 'Museo Conte', 'Palazzo della Ragione', 'AMO']",Duomo,strategy_nearest,False,0.0012900829315185547,success
048912429C4C80,0,['Castelvecchio'],Arena,"['Verona Tour', 'Museo Lapidario', 'Museo Radio', 'San Fermo', 'Casa Giulietta']",Casa Giulietta,strategy_nearest,True,0.003947019577026367,success
0489154A9C4C80,0,"['Casa Giulietta', 'Arena']",Torre Lamberti,"['Sighseeing', 'Centro Fotografia', 'Museo Conte', 'Palazzo della Ragione', 'AMO']",Castelvecchio,strategy_nearest,False,0.0019409656524658203,success
0489163A9C4C84,3,['Castelvecchio'],Arena,"['Verona Tour', 'Museo Lapidario', 'Museo Radio', 'San Fermo', 'Casa Giulietta']",Santa Anastasia,strategy_nearest,False,0.0032989978790283203,success
0489173A9C4C80,0,['Arena'],Casa Giulietta,"['Centro Fotografia', 'Sighseeing', 'Torre Lamberti', 'Museo Conte', 'Museo Radio']",Torre Lamberti,strategy_nearest,True,0.0017900466918945312,success
04891A3A9C4C80,2,['Teatro Romano'],Santa Anastasia,"['AMO', 'Museo Conte', 'Palazzo della Ragione', 'Centro Fotografia', 'Duomo']",Casa Giulietta,strategy_nearest,False,0.0028569698333740234,success
048920429C4C80,3,['Arena'],San Fermo,"['Museo Storia', 'Museo Radio', 'Casa Giulietta', 'Centro Fotografia', 'Sighseeing']",Castelvecchio,strategy_nearest,False,0.0026590824127197266,success
048924429C4C80,3,"['Arena', 'Museo Lapidario', 'Torre Lamberti']",Santa Anastasia,"['AMO', 'Museo Conte', 'Palazzo della Ragione', 'Teatro Romano', 'Centro Fotografia']",Teatro Romano,strategy_nearest,True,0.002562999725341797,success
0489223A9C4C80,2,['Torre Lamberti'],Duomo,"['AMO', 'Museo Miniscalchi', 'Santa Anastasia', 'Teatro Romano', 'Palazzo della Ragione']",Teatro Romano,strategy_nearest,True,0.0029439926147460938,success
04893B3A9C4C80,3,"['Casa Giulietta', 'Teatro Romano']",Santa Anastasia,"['AMO', 'Museo Conte', 'Palazzo della Ragione', 'Centro Fotografia', 'Duomo']",San Zeno,strategy_nearest,False,0.003091096878051758,success
048920429C4C84,2,"['Casa Giulietta', 'Torre Lamberti', 'Santa Anastasia']",Teatro Romano,"['Duomo', 'AMO', 'Palazzo della Ragione', 'Museo Conte', 'Centro Fotografia']",Tomba Giulietta,strategy_nearest,False,0.00439000129699707,success
04894B429C4C80,3,"['Santa Anastasia', 'Torre Lamberti']",Arena,"['Verona Tour', 'Museo Lapidario', 'Museo Radio', 'San Fermo', 'Casa Giulietta']",Casa Giulietta,strategy_nearest,True,0.0018949508666992188,success
0489413A9C4C80,2,"['Santa Anastasia', 'San Fermo', 'Castelvecchio']",San Zeno,"['Verona Tour', 'Museo Lapidario', 'Arena', 'Museo Miniscalchi', 'Sighseeing']",Teatro Romano,strategy_nearest,False,0.002034902572631836,success
04893F429C4C80,2,['Teatro Romano'],Casa Giulietta,"['Centro Fotografia', 'Sighseeing', 'Torre Lamberti', 'Museo Conte', 'Museo Radio']",Santa Anastasia,strategy_nearest,False,0.003468036651611328,success
0489563A9C4C80,1,"['San Zeno', 'Museo Lapidario', 'Tomba Giulietta', 'Museo Storia', 'San Fermo', 'Arena']",Castelvecchio,"['Verona Tour', 'Museo Radio', 'Sighseeing', 'Museo Miniscalchi', 'Torre Lamberti']",Duomo,strategy_nearest,False,0.0034399032592773438,success
0489593A9C4C80,2,"['Teatro Romano', 'Duomo', 'Santa Anastasia']",Palazzo della Ragione,"['AMO', 'Museo Conte', 'Torre Lamberti', 'Centro Fotografia', 'Sighseeing']",Torre Lamberti,strategy_nearest,True,0.0029129981994628906,success
04895A3A9C4C80,3,['Santa Anastasia'],Museo Lapidario,"['Verona Tour', 'Arena', 'Castelvecchio', 'Museo Radio', 'San Fermo']",Arena,strategy_nearest,True,0.0013170242309570312,success
048957429C4C80,3,"['Santa Anastasia', 'Arena']",Tomba Giulietta,"['San Fermo', 'Museo Storia', 'Museo Lapidario', 'Museo Radio', 'Verona Tour']",San Fermo,strategy_nearest,True,0.0035810470581054688,success
04895B429C4C80,1,"['Arena', 'Museo Lapidario', 'Casa Giulietta']",Torre Lamberti,"['Sighseeing', 'Centro Fotografia', 'Museo Conte', 'Palazzo della Ragione', 'AMO']",Palazzo della Ragione,strategy_nearest,True,0.0034029483795166016,success
048966429C4C80,1,['Arena'],Casa Giulietta,"['Centro Fotografia', 'Sighseeing', 'Torre Lamberti', 'Museo Conte', 'Museo Radio']",Torre Lamberti,strategy_nearest,True,0.0018157958984375,success
04895F3A9C4C80,1,"['Castelvecchio', 'Duomo']",Teatro Romano,"['Santa Anastasia', 'AMO', 'Palazzo della Ragione', 'Museo Conte', 'Centro Fotografia']",Arena,strategy_nearest,False,0.0030820369720458984,success
04897D4A9C4C80,0,['Santa Anastasia'],Casa Giulietta,"['Centro Fotografia', 'Sighseeing', 'Torre Lamberti', 'Museo Conte', 'Museo Radio']",Arena,strategy_nearest,False,0.0033206939697265625,success
0489803A9C4C80,1,['Arena'],Casa Giulietta,"['Centro Fotografia', 'Sighseeing', 'Torre Lamberti', 'Museo Conte', 'Museo Radio']",Torre Lamberti,strategy_nearest,True,0.0038199424743652344,success
048971429C4C80,0,['Arena'],Torre Lamberti,"['Sighseeing', 'Centro Fotografia', 'Museo Conte', 'Casa Giulietta', 'Palazzo della Ragione']",Casa Giulietta,strategy_nearest,True,0.004827022552490234,success
0489733A9C4C80,3,['Arena'],Casa Giulietta,"['Centro Fotografia', 'Sighseeing', 'Torre Lamberti', 'Museo Conte', 'Museo Radio']",Torre Lamberti,strategy_nearest,True,0.0024619102478027344,success
04898D4A9C4C80,1,['Arena'],Casa Giulietta,"['Centro Fotografia', 'Sighseeing', 'Torre Lamberti', 'Museo Conte', 'Museo Radio']",Palazzo della Ragione,strategy_nearest,False,0.0023369789123535156,success
04899C429C4C80,0,"['Tomba Giulietta', 'Castelvecchio']",Casa Giulietta,"['Centro Fotografia', 'Sighseeing', 'Torre Lamberti', 'Museo Conte', 'Museo Radio']",Arena,strategy_nearest,False,0.0038909912109375,success
04898F4A9C4C80,3,"['Castelvecchio', 'Arena']",Torre Lamberti,"['Sighseeing', 'Centro Fotografia', 'Museo Conte', 'Casa Giulietta', 'Palazzo della Ragione']",Santa Anastasia,strategy_nearest,False,0.0016911029815673828,success
0489A1429C4C80,0,"['Castelvecchio', 'Arena']",Casa Giulietta,"['Centro Fotografia', 'Sighseeing', 'Torre Lamberti', 'Museo Conte', 'Museo Radio']",Torre Lamberti,strategy_nearest,True,0.0031969547271728516,success
0489A74A9C4C80,3,"['Arena', 'Torre Lamberti']",Casa Giulietta,"['Centro Fotografia', 'Sighseeing', 'Museo Conte', 'Museo Radio', 'Palazzo della Ragione']",Duomo,strategy_nearest,False,0.0016489028930664062,success
0489A94A9C4C80,3,['Torre Lamberti'],Santa Anastasia,"['AMO', 'Museo Conte', 'Palazzo della Ragione', 'Teatro Romano', 'Centro Fotografia']",Arena,strategy_nearest,False,0.002254962921142578,success
0489A3429C4C80,1,"['Castelvecchio', 'Arena', 'Casa Giulietta']",San Fermo,"['Museo Storia', 'Museo Radio', 'Centro Fotografia', 'Sighseeing', 'Torre Lamberti']",Santa Anastasia,strategy_nearest,False,0.003693103790283203,success
0489AA3A9C4C80,3,"['Arena', 'Casa Giulietta']",San Fermo,"['Museo Storia', 'Museo Radio', 'Centro Fotografia', 'Sighseeing', 'Torre Lamberti']",Santa Anastasia,strategy_nearest,False,0.002735137939453125,success
0489AB3A9C4C80,0,['Arena'],Casa Giulietta,"['Centro Fotografia', 'Sighseeing', 'Torre Lamberti', 'Museo Conte', 'Museo Radio']",Castelvecchio,strategy_nearest,False,0.002440929412841797,success
0489B83A9C4C80,0,['Arena'],Casa Giulietta,"['Centro Fotografia', 'Sighseeing', 'Torre Lamberti', 'Museo Conte', 'Museo Radio']",Santa Anastasia,strategy_nearest,False,0.0026590824127197266,success
0489BA3A9C4C80,3,"['Tomba Giulietta', 'Arena']",San Fermo,"['Museo Storia', 'Museo Radio', 'Casa Giulietta', 'Centro Fotografia', 'Sighseeing']",Casa Giulietta,strategy_nearest,True,0.0031969547271728516,success
0489BA429C4C80,0,"['Castelvecchio', 'Arena']",Casa Giulietta,"['Centro Fotografia', 'Sighseeing', 'Torre Lamberti', 'Museo Conte', 'Museo Radio']",Teatro Romano,strategy_nearest,False,0.003976106643676758,success
0489BB429C4C80,0,['Arena'],Castelvecchio,"['Museo Lapidario', 'Verona Tour', 'Museo Radio', 'San Zeno', 'Sighseeing']",Duomo,strategy_nearest,False,0.0021300315856933594,success
0489BF3A9C4C80,3,"['Arena', 'Casa Giulietta']",Santa Anastasia,"['AMO', 'Museo Conte', 'Palazzo della Ragione', 'Teatro Romano', 'Centro Fotografia']",Duomo,strategy_nearest,False,0.0030488967895507812,success
0489D33A9C4C80,2,['Castelvecchio'],San Zeno,"['Verona Tour', 'Museo Lapidario', 'Arena', 'Museo Miniscalchi', 'Sighseeing']",Duomo,strategy_nearest,False,0.003648996353149414,success
0489D6429C4C80,2,['Torre Lamberti'],Duomo,"['AMO', 'Museo Miniscalchi', 'Santa Anastasia', 'Teatro Romano', 'Palazzo della Ragione']",Giardino Giusti,strategy_nearest,False,0.002704143524169922,success
0489DB429C4C80,0,['Arena'],Castelvecchio,"['Museo Lapidario', 'Verona Tour', 'Museo Radio', 'San Zeno', 'Sighseeing']",Casa Giulietta,strategy_nearest,False,0.002362966537475586,success
0489EE3A9C4C80,3,"['Teatro Romano', 'Santa Anastasia']",Casa Giulietta,"['Centro Fotografia', 'Sighseeing', 'Torre Lamberti', 'Museo Conte', 'Museo Radio']",Arena,strategy_nearest,False,0.0018279552459716797,success
0489F63A9C4C80,2,['Casa Giulietta'],Torre Lamberti,"['Sighseeing', 'Centro Fotografia', 'Museo Conte', 'Palazzo della Ragione', 'AMO']",Santa Anastasia,strategy_nearest,False,0.0029761791229248047,success
0489F93A9C4C80,3,"['Casa Giulietta', 'Santa Anastasia']",Teatro Romano,"['Duomo', 'AMO', 'Palazzo della Ragione', 'Museo Conte', 'Centro Fotografia']",Duomo,strategy_nearest,True,0.0038399696350097656,success
0489FF3A9C4C80,2,"['Palazzo della Ragione', 'Torre Lamberti', 'Casa Giulietta']",Santa Anastasia,"['AMO', 'Museo Conte', 'Teatro Romano', 'Centro Fotografia', 'Duomo']",Duomo,strategy_nearest,True,0.0020651817321777344,success
0489DD3A9C4C80,3,"['Arena', 'Tomba Giulietta', 'San Fermo']",Duomo,"['AMO', 'Museo Miniscalchi', 'Santa Anastasia', 'Teatro Romano', 'Palazzo della Ragione']",Casa Giulietta,strategy_nearest,False,0.003187894821166992,success
048A173A9C4C80,3,"['Arena', 'Casa Giulietta', 'San Fermo']",Castelvecchio,"['Museo Lapidario', 'Verona Tour', 'Museo Radio', 'San Zeno', 'Sighseeing']",San Zeno,strategy_nearest,True,0.004485130310058594,success
048A1D3A9C4C84,0,['Arena'],Casa Giulietta,"['Centro Fotografia', 'Sighseeing', 'Torre Lamberti', 'Museo Conte', 'Museo Radio']",Teatro Romano,strategy_nearest,False,0.003638029098510742,success
048A1D429C4C84,3,"['Museo Lapidario', 'Arena']",Casa Giulietta,"['Centro Fotografia', 'Sighseeing', 'Torre Lamberti', 'Museo Conte', 'Museo Radio']",Santa Anastasia,strategy_nearest,False,0.0029768943786621094,success
048A0C4A9C4C80,3,"['Casa Giulietta', 'San Zeno']",Santa Anastasia,"['AMO', 'Museo Conte', 'Palazzo della Ragione', 'Teatro Romano', 'Centro Fotografia']",Torre Lamberti,strategy_nearest,False,0.0025489330291748047,success
048A1F429C4C84,0,"['Arena', 'Casa Giulietta']",Torre Lamberti,"['Sighseeing', 'Centro Fotografia', 'Museo Conte', 'Palazzo della Ragione', 'AMO']",Teatro Romano,strategy_nearest,False,0.001917123794555664,success
048A24429C4C80,6,"['Museo Lapidario', 'Castelvecchio']",Verona Tour,"['Arena', 'Museo Radio', 'Casa Giulietta', 'Sighseeing', 'Torre Lamberti']",San Fermo,strategy_nearest,False,0.0025627613067626953,success
048A223A9C4C84,1,"['Casa Giulietta', 'Torre Lamberti']",Palazzo della Ragione,"['AMO', 'Museo Conte', 'Centro Fotografia', 'Sighseeing', 'Santa Anastasia']",Arena,strategy_nearest,False,0.0040361881256103516,success
048A25429C4C84,1,"['Castelvecchio', 'Casa Giulietta']",Torre Lamberti,"['Sighseeing', 'Centro Fotografia', 'Museo Conte', 'Palazzo della Ragione', 'AMO']",Palazzo della Ragione,strategy_nearest,True,0.0027468204498291016,success
048A2E3A9C4C80,3,"['San Zeno', 'Arena']",San Fermo,"['Museo Storia', 'Museo Radio', 'Casa Giulietta', 'Centro Fotografia', 'Sighseeing']",Casa Giulietta,strategy_nearest,True,0.0023958683013916016,success
048A31429C4C80,2,['Casa Giulietta'],Duomo,"['AMO', 'Museo Miniscalchi', 'Santa Anastasia', 'Teatro Romano', 'Palazzo della Ragione']",Torre Lamberti,strategy_nearest,False,0.001669168472290039,success
048A2A4A9C4C80,3,"['Tomba Giulietta', 'Arena', 'Santa Anastasia']",Duomo,"['AMO', 'Museo Miniscalchi', 'Teatro Romano', 'Palazzo della Ragione', 'Museo Conte']",Teatro Romano,strategy_nearest,True,0.003030061721801758,success
048A28429C4C84,0,"['Arena', 'Museo Lapidario']",Casa Giulietta,"['Centro Fotografia', 'Sighseeing', 'Torre Lamberti', 'Museo Conte', 'Museo Radio']",Torre Lamberti,strategy_nearest,True,0.003650188446044922,success
048A4D429C4C80,0,"['Arena', 'Casa Giulietta']",Torre Lamberti,"['Sighseeing', 'Centro Fotografia', 'Museo Conte', 'Palazzo della Ragione', 'AMO']",Castelvecchio,strategy_nearest,False,0.0016269683837890625,success
048A4D3A9C4C80,1,"['Museo Lapidario', 'Arena']",Torre Lamberti,"['Sighseeing', 'Centro Fotografia', 'Museo Conte', 'Casa Giulietta', 'Palazzo della Ragione']",Palazzo della Ragione,strategy_nearest,True,0.0030930042266845703,success
048A533A9C4C80,1,"['Torre Lamberti', 'Duomo', 'Teatro Romano', 'Giardino Giusti', 'Casa Giulietta']",San Zeno,"['Castelvecchio', 'Verona Tour', 'Museo Lapidario', 'Arena', 'Museo Miniscalchi']",Arena,strategy_nearest,True,0.0037431716918945312,success
048A4C429C4C80,0,['Arena'],Museo Lapidario,"['Verona Tour', 'Castelvecchio', 'Museo Radio', 'San Fermo', 'Casa Giulietta']",Castelvecchio,strategy_nearest,True,0.0023877620697021484,success
048A553A9C4C80,1,"['Tomba Giulietta', 'Arena']",Casa Giulietta,"['Centro Fotografia', 'Sighseeing', 'Torre Lamberti', 'Museo Conte', 'Museo Radio']",Palazzo della Ragione,strategy_nearest,False,0.0030858516693115234,success
048A753A9C4C80,2,['Casa Giulietta'],Santa Anastasia,"['AMO', 'Museo Conte', 'Palazzo della Ragione', 'Teatro Romano', 'Centro Fotografia']",Castelvecchio,strategy_nearest,False,0.002856016159057617,success
048A54429C4C80,1,"['Arena', 'San Fermo', 'Santa Anastasia', 'Teatro Romano']",Museo Lapidario,"['Verona Tour', 'Castelvecchio', 'Museo Radio', 'Casa Giulietta', 'Tomba Giulietta']",Castelvecchio,strategy_nearest,True,0.0025031566619873047,success
048A743A9C4C80,1,"['Tomba Giulietta', 'Arena']",Casa Giulietta,"['Centro Fotografia', 'Sighseeing', 'Torre Lamberti', 'Museo Conte', 'Museo Radio']",Palazzo della Ragione,strategy_nearest,False,0.003621816635131836,success
048A7D429C4C80,3,"['Arena', 'Castelvecchio']",Santa Anastasia,"['AMO', 'Museo Conte', 'Palazzo della Ragione', 'Teatro Romano', 'Centro Fotografia']",Torre Lamberti,strategy_nearest,False,0.0026280879974365234,success
048A75429C4C80,1,"['Museo Lapidario', 'Arena', 'San Fermo']",Casa Giulietta,"['Centro Fotografia', 'Sighseeing', 'Torre Lamberti', 'Museo Conte', 'Museo Radio']",Santa Anastasia,strategy_nearest,False,0.0033278465270996094,success
048A7D4A9C4C80,1,"['Arena', 'Casa Giulietta']",Torre Lamberti,"['Sighseeing', 'Centro Fotografia', 'Museo Conte', 'Palazzo della Ragione', 'AMO']",Palazzo della Ragione,strategy_nearest,True,0.0018260478973388672,success
048A7F4A9C4C80,0,['Arena'],San Fermo,"['Museo Storia', 'Museo Radio', 'Casa Giulietta', 'Centro Fotografia', 'Sighseeing']",Casa Giulietta,strategy_nearest,True,0.0036749839782714844,success
048A8C4A9C4C80,0,"['Arena', 'Museo Lapidario']",Castelvecchio,"['Verona Tour', 'Museo Radio', 'San Zeno', 'Sighseeing', 'Museo Miniscalchi']",Casa Giulietta,strategy_nearest,False,0.0031118392944335938,success
048A814A9C4C80,0,['Arena'],Casa Giulietta,"['Centro Fotografia', 'Sighseeing', 'Torre Lamberti', 'Museo Conte', 'Museo Radio']",Castelvecchio,strategy_nearest,False,0.0025289058685302734,success
048A813A9C4C80,2,['Casa Giulietta'],Santa Anastasia,"['AMO', 'Museo Conte', 'Palazzo della Ragione', 'Teatro Romano', 'Centro Fotografia']",Duomo,strategy_nearest,False,0.003258228302001953,success
048A91429C4C80,0,['Castelvecchio'],Teatro Romano,"['Santa Anastasia', 'Duomo', 'AMO', 'Palazzo della Ragione', 'Museo Conte']",Arena,strategy_nearest,False,0.0043010711669921875,success
048A924A9C4C80,1,['Arena'],Casa Giulietta,"['Centro Fotografia', 'Sighseeing', 'Torre Lamberti', 'Museo Conte', 'Museo Radio']",Palazzo della Ragione,strategy_nearest,False,0.002171754837036133,success
048A92429C4C80,2,['Castelvecchio'],Palazzo della Ragione,"['AMO', 'Museo Conte', 'Torre Lamberti', 'Centro Fotografia', 'Sighseeing']",Casa Giulietta,strategy_nearest,False,0.003787994384765625,success
048A98429C4C80,1,['Arena'],Santa Anastasia,"['AMO', 'Museo Conte', 'Palazzo della Ragione', 'Teatro Romano', 'Centro Fotografia']",Torre Lamberti,strategy_nearest,False,0.002666950225830078,success
048AA0429C4C80,0,['Arena'],San Fermo,"['Museo Storia', 'Museo Radio', 'Casa Giulietta', 'Centro Fotografia', 'Sighseeing']",Casa Giulietta,strategy_nearest,True,0.003141164779663086,success
048A994A9C4C80,2,['Castelvecchio'],Teatro Romano,"['Santa Anastasia', 'Duomo', 'AMO', 'Palazzo della Ragione', 'Museo Conte']",Santa Anastasia,strategy_nearest,True,0.0025959014892578125,success
048AA8429C4C80,3,"['Arena', 'Torre Lamberti']",Duomo,"['AMO', 'Museo Miniscalchi', 'Santa Anastasia', 'Teatro Romano', 'Palazzo della Ragione']",Teatro Romano,strategy_nearest,True,0.00177001953125,success
048AA84A9C4C80,3,"['Arena', 'Castelvecchio']",San Zeno,"['Verona Tour', 'Museo Lapidario', 'Museo Miniscalchi', 'Sighseeing', 'Museo Radio']",Santa Anastasia,strategy_nearest,False,0.003529787063598633,success
048AB4429C4C80,2,"['San Fermo', 'Casa Giulietta']",Palazzo della Ragione,"['AMO', 'Museo Conte', 'Torre Lamberti', 'Centro Fotografia', 'Sighseeing']",Castelvecchio,strategy_nearest,False,0.0015249252319335938,success
048AAC429C4C80,2,['Teatro Romano'],Duomo,"['AMO', 'Museo Miniscalchi', 'Santa Anastasia', 'Palazzo della Ragione', 'Museo Conte']",Torre Lamberti,strategy_nearest,False,0.003039121627807617,success
048AB7429C4C80,0,"['Torre Lamberti', 'Castelvecchio']",Arena,"['Verona Tour', 'Museo Lapidario', 'Museo Radio', 'San Fermo', 'Casa Giulietta']",Casa Giulietta,strategy_nearest,True,0.003681182861328125,success
048AAB3A9C4C80,0,['Arena'],Casa Giulietta,"['Centro Fotografia', 'Sighseeing', 'Torre Lamberti', 'Museo Conte', 'Museo Radio']",Tomba Giulietta,strategy_nearest,False,0.0022552013397216797,success
048ABD3A9C4C80,0,['Arena'],Museo Lapidario,"['Verona Tour', 'Castelvecchio', 'Museo Radio', 'San Fermo', 'Casa Giulietta']",Duomo,strategy_nearest,False,0.002061128616333008,success
048ACD3A9C4C80,3,"['Arena', 'Torre Lamberti']",Santa Anastasia,"['AMO', 'Museo Conte', 'Palazzo della Ragione', 'Teatro Romano', 'Centro Fotografia']",Duomo,strategy_nearest,False,0.0019259452819824219,success
048ACA429C4C80,2,['Tomba Giulietta'],Casa Giulietta,"['Centro Fotografia', 'Sighseeing', 'Torre Lamberti', 'Museo Conte', 'Museo Radio']",Castelvecchio,strategy_nearest,False,0.003284931182861328,success
048AD23A9C4C80,0,['Arena'],Torre Lamberti,"['Sighseeing', 'Centro Fotografia', 'Museo Conte', 'Casa Giulietta', 'Palazzo della Ragione']",Duomo,strategy_nearest,False,0.0034837722778320312,success
048AD63A9C4C80,0,['Arena'],Casa Giulietta,"['Centro Fotografia', 'Sighseeing', 'Torre Lamberti', 'Museo Conte', 'Museo Radio']",Torre Lamberti,strategy_nearest,True,0.002811908721923828,success
048AE3429C4C80,3,"['Torre Lamberti', 'San Fermo', 'Castelvecchio', 'Casa Giulietta']",Arena,"['Verona Tour', 'Museo Lapidario', 'Museo Radio', 'Sighseeing', 'Centro Fotografia']",San Zeno,strategy_nearest,False,0.0020220279693603516,success
048B00429C4C84,1,"['Casa Giulietta', 'Arena', 'Museo Lapidario', 'Castelvecchio']",San Fermo,"['Museo Storia', 'Museo Radio', 'Centro Fotografia', 'Sighseeing', 'Torre Lamberti']",Torre Lamberti,strategy_nearest,True,0.003087759017944336,success
048AE63A9C4C80,3,"['Arena', 'Museo Lapidario', 'Castelvecchio']",Santa Anastasia,"['AMO', 'Museo Conte', 'Palazzo della Ragione', 'Teatro Romano', 'Centro Fotografia']",Duomo,strategy_nearest,False,0.0025000572204589844,success
048ADE429C4C80,2,"['San Zeno', 'Castelvecchio']",Casa Giulietta,"['Centro Fotografia', 'Sighseeing', 'Torre Lamberti', 'Museo Conte', 'Museo Radio']",San Fermo,strategy_nearest,False,0.005080699920654297,success
048B05429C4C84,0,"['San Zeno', 'Arena']",Castelvecchio,"['Museo Lapidario', 'Verona Tour', 'Museo Radio', 'Sighseeing', 'Museo Miniscalchi']",Teatro Romano,strategy_nearest,False,0.0026459693908691406,success
048B07429C4C84,3,"['Museo Lapidario', 'Arena']",Casa Giulietta,"['Centro Fotografia', 'Sighseeing', 'Torre Lamberti', 'Museo Conte', 'Museo Radio']",Duomo,strategy_nearest,False,0.0018377304077148438,success
048B09429C4C84,1,"['Arena', 'Casa Giulietta', 'Torre Lamberti']",Palazzo della Ragione,"['AMO', 'Museo Conte', 'Centro Fotografia', 'Sighseeing', 'Santa Anastasia']",Santa Anastasia,strategy_nearest,True,0.002089977264404297,success
048B10429C4C84,3,['Arena'],Santa Anastasia,"['AMO', 'Museo Conte', 'Palazzo della Ragione', 'Teatro Romano', 'Centro Fotografia']",San Zeno,strategy_nearest,False,0.0028460025787353516,success
048B0B429C4C84,1,"['Arena', 'Museo Lapidario', 'Castelvecchio', 'Torre Lamberti']",Palazzo della Ragione,"['AMO', 'Museo Conte', 'Centro Fotografia', 'Sighseeing', 'Santa Anastasia']",Casa Giulietta,strategy_nearest,False,0.002927064895629883,success
048B11429C4C84,1,"['Castelvecchio', 'Torre Lamberti', 'Torre Lamberti']",Palazzo della Ragione,"['AMO', 'Museo Conte', 'Centro Fotografia', 'Sighseeing', 'Santa Anastasia']",Casa Giulietta,strategy_nearest,False,0.0026397705078125,success
048B19429C4C84,3,"['Tomba Giulietta', 'Arena']",Castelvecchio,"['Museo Lapidario', 'Verona Tour', 'Museo Radio', 'San Zeno', 'Sighseeing']",Casa Giulietta,strategy_nearest,False,0.0020437240600585938,success
048B14429C4C80,6,"['Santa Anastasia', 'Duomo']",Castelvecchio,"['Museo Lapidario', 'Verona Tour', 'Arena', 'Museo Radio', 'San Zeno']",Arena,strategy_nearest,True,0.0028390884399414062,success
048B2B3A9C4C80,3,['Santa Anastasia'],Arena,"['Verona Tour', 'Museo Lapidario', 'Museo Radio', 'San Fermo', 'Casa Giulietta']",Casa Giulietta,strategy_nearest,True,0.003945827484130859,success
048B194A9C4C80,3,"['Casa Giulietta', 'San Fermo', 'Arena']",Castelvecchio,"['Museo Lapidario', 'Verona Tour', 'Museo Radio', 'San Zeno', 'Sighseeing']",Castelvecchio,strategy_nearest,False,0.00577998161315918,success
048B2E4A9C4C80,3,"['Casa Giulietta', 'Tomba Giulietta', 'Castelvecchio', 'San Fermo']",Arena,"['Verona Tour', 'Museo Lapidario', 'Museo Radio', 'Sighseeing', 'Torre Lamberti']",Duomo,strategy_nearest,False,0.0023450851440429688,success
048B34429C4C80,3,['Arena'],Santa Anastasia,"['AMO', 'Museo Conte', 'Palazzo della Ragione', 'Teatro Romano', 'Centro Fotografia']",Teatro Romano,strategy_nearest,True,0.004287004470825195,success
048B3B4A9C4C80,0,"['Arena', 'Museo Lapidario']",Castelvecchio,"['Verona Tour', 'Museo Radio', 'San Zeno', 'Sighseeing', 'Museo Miniscalchi']",Torre Lamberti,strategy_nearest,False,0.0031480789184570312,success
048B5A429C4C80,3,"['Arena', 'Castelvecchio']",Duomo,"['AMO', 'Museo Miniscalchi', 'Santa Anastasia', 'Teatro Romano', 'Palazzo della Ragione']",Torre Lamberti,strategy_nearest,False,0.002106189727783203,success
048B77429C4C80,0,"['Arena', 'Castelvecchio']",Torre Lamberti,"['Sighseeing', 'Centro Fotografia', 'Museo Conte', 'Casa Giulietta', 'Palazzo della Ragione']",Casa Giulietta,strategy_nearest,True,0.0026900768280029297,success
048B5D3A9C4C80,2,['Palazzo della Ragione'],Torre Lamberti,"['Sighseeing', 'Centro Fotografia', 'Museo Conte', 'Casa Giulietta', 'AMO']",Casa Giulietta,strategy_nearest,True,0.0045812129974365234,success
048B814A9C4C80,1,['Arena'],Museo Lapidario,"['Verona Tour', 'Castelvecchio', 'Museo Radio', 'San Fermo', 'Casa Giulietta']",Palazzo della Ragione,strategy_nearest,False,0.0030908584594726562,success
048B84429C4C80,1,"['Casa Giulietta', 'Arena', 'Museo Lapidario', 'Castelvecchio', 'Torre Lamberti']",Palazzo della Ragione,"['AMO', 'Museo Conte', 'Centro Fotografia', 'Sighseeing', 'Santa Anastasia']",Santa Anastasia,strategy_nearest,True,0.0027027130126953125,success
048B88429C4C80,1,"['Casa Giulietta', 'Palazzo della Ragione']",Torre Lamberti,"['Sighseeing', 'Centro Fotografia', 'Museo Conte', 'AMO', 'Museo Miniscalchi']",Arena,strategy_nearest,False,0.0028870105743408203,success
048B844A9C4C80,1,['Arena'],Santa Anastasia,"['AMO', 'Museo Conte', 'Palazzo della Ragione', 'Teatro Romano', 'Centro Fotografia']",Palazzo della Ragione,strategy_nearest,True,0.0022432804107666016,success
048B8E4A9C4C80,3,"['Arena', 'Castelvecchio']",Torre Lamberti,"['Sighseeing', 'Centro Fotografia', 'Museo Conte', 'Casa Giulietta', 'Palazzo della Ragione']",Santa Anastasia,strategy_nearest,False,0.0026853084564208984,success
048B90429C4C80,2,['Palazzo della Ragione'],Torre Lamberti,"['Sighseeing', 'Centro Fotografia', 'Museo Conte', 'Casa Giulietta', 'AMO']",Castelvecchio,strategy_nearest,False,0.002162933349609375,success
048B9D429C4C80,0,['Castelvecchio'],Santa Anastasia,"['AMO', 'Museo Conte', 'Palazzo della Ragione', 'Teatro Romano', 'Centro Fotografia']",Casa Giulietta,strategy_nearest,False,0.002223968505859375,success
048B914A9C4C80,1,"['Arena', 'Museo Lapidario']",Torre Lamberti,"['Sighseeing', 'Centro Fotografia', 'Museo Conte', 'Casa Giulietta', 'Palazzo della Ragione']",Palazzo della Ragione,strategy_nearest,True,0.0032439231872558594,success
048B92429C4C80,0,['Arena'],Casa Giulietta,"['Centro Fotografia', 'Sighseeing', 'Torre Lamberti', 'Museo Conte', 'Museo Radio']",Duomo,strategy_nearest,False,0.003862142562866211,success
048BA0429C4C80,0,['Arena'],Casa Giulietta,"['Centro Fotografia', 'Sighseeing', 'Torre Lamberti', 'Museo Conte', 'Museo Radio']",Santa Anastasia,strategy_nearest,False,0.0031909942626953125,success
048BA84A9C4C80,0,['Arena'],Casa Giulietta,"['Centro Fotografia', 'Sighseeing', 'Torre Lamberti', 'Museo Conte', 'Museo Radio']",Teatro Romano,strategy_nearest,False,0.0026459693908691406,success
048BAA429C4C80,2,['Castelvecchio'],Casa Giulietta,"['Centro Fotografia', 'Sighseeing', 'Torre Lamberti', 'Museo Conte', 'Museo Radio']",Teatro Romano,strategy_nearest,False,0.0032761096954345703,success
048BA1429C4C80,0,['Castelvecchio'],Arena,"['Verona Tour', 'Museo Lapidario', 'Museo Radio', 'San Fermo', 'Casa Giulietta']",Teatro Romano,strategy_nearest,False,0.004017829895019531,success
048BAC3A9C4C80,2,['Casa Giulietta'],Torre Lamberti,"['Sighseeing', 'Centro Fotografia', 'Museo Conte', 'Palazzo della Ragione', 'AMO']",Duomo,strategy_nearest,False,0.0017349720001220703,success
048BB0429C4C80,1,"['Tomba Giulietta', 'Casa Giulietta']",Torre Lamberti,"['Sighseeing', 'Centro Fotografia', 'Museo Conte', 'Palazzo della Ragione', 'AMO']",Palazzo della Ragione,strategy_nearest,True,0.001711130142211914,success
048BB23A9C4C80,3,"['Arena', 'Casa Giulietta']",San Fermo,"['Museo Storia', 'Museo Radio', 'Centro Fotografia', 'Sighseeing', 'Torre Lamberti']",Santa Anastasia,strategy_nearest,False,0.002312898635864258,success
048BB5429C4C80,2,['Teatro Romano'],Duomo,"['AMO', 'Museo Miniscalchi', 'Santa Anastasia', 'Palazzo della Ragione', 'Museo Conte']",Castelvecchio,strategy_nearest,False,0.00315093994140625,success
048BB63A9C4C80,2,['Palazzo della Ragione'],Casa Giulietta,"['Centro Fotografia', 'Sighseeing', 'Torre Lamberti', 'Museo Conte', 'Museo Radio']",Torre Lamberti,strategy_nearest,True,0.003470182418823242,success
048BBA3A9C4C80,2,['Torre Lamberti'],Casa Giulietta,"['Centro Fotografia', 'Sighseeing', 'Museo Conte', 'Museo Radio', 'Palazzo della Ragione']",Castelvecchio,strategy_nearest,False,0.0016629695892333984,success
048BB8429C4C80,1,"['Arena', 'Palazzo della Ragione']",Torre Lamberti,"['Sighseeing', 'Centro Fotografia', 'Museo Conte', 'Casa Giulietta', 'AMO']",San Zeno,strategy_nearest,False,0.004106998443603516,success
048BCA3A9C4C80,0,['Arena'],Casa Giulietta,"['Centro Fotografia', 'Sighseeing', 'Torre Lamberti', 'Museo Conte', 'Museo Radio']",Torre Lamberti,strategy_nearest,True,0.0023300647735595703,success
048BD53A9C4C80,0,['Castelvecchio'],Arena,"['Verona Tour', 'Museo Lapidario', 'Museo Radio', 'San Fermo', 'Casa Giulietta']",Torre Lamberti,strategy_nearest,False,0.0032100677490234375,success
048BDD429C4C80,0,"['Casa Giulietta', 'Teatro Romano']",Arena,"['Verona Tour', 'Museo Lapidario', 'Museo Radio', 'San Fermo', 'Sighseeing']",Castelvecchio,strategy_nearest,False,0.002619028091430664,success
048C09429C4C84,2,"['Santa Anastasia', 'Giardino Giusti', 'Teatro Romano', 'Casa Giulietta']",Palazzo della Ragione,"['AMO', 'Museo Conte', 'Torre Lamberti', 'Centro Fotografia', 'Sighseeing']",Tomba Giulietta,strategy_nearest,False,0.0017817020416259766,success
048C0A429C4C84,2,"['Museo Lapidario', 'Torre Lamberti']",Casa Giulietta,"['Centro Fotografia', 'Sighseeing', 'Museo Conte', 'Museo Radio', 'Palazzo della Ragione']",Santa Anastasia,strategy_nearest,False,0.003979921340942383,success
048C05429C4C84,2,"['Torre Lamberti', 'Teatro Romano']",Santa Anastasia,"['AMO', 'Museo Conte', 'Palazzo della Ragione', 'Centro Fotografia', 'Duomo']",Duomo,strategy_nearest,True,0.003652811050415039,success
048C0E4A9C4C80,3,['Santa Anastasia'],Duomo,"['AMO', 'Museo Miniscalchi', 'Teatro Romano', 'Palazzo della Ragione', 'Museo Conte']",Arena,strategy_nearest,False,0.0020821094512939453,success
048C14429C4C80,1,"['Arena', 'Torre Lamberti', 'Palazzo della Ragione']",Casa Giulietta,"['Centro Fotografia', 'Sighseeing', 'Museo Conte', 'Museo Radio', 'San Fermo']",San Fermo,strategy_nearest,True,0.002866983413696289,success
048C104A9C4C80,0,['Arena'],Teatro Romano,"['Santa Anastasia', 'Duomo', 'AMO', 'Palazzo della Ragione', 'Museo Conte']",Castelvecchio,strategy_nearest,False,0.003030061721801758,success
048C174A9C4C80,3,"['Arena', 'Casa Giulietta', 'Museo Lapidario']",Castelvecchio,"['Verona Tour', 'Museo Radio', 'San Zeno', 'Sighseeing', 'Museo Miniscalchi']",San Zeno,strategy_nearest,True,0.004102945327758789,success
048C1A429C4C84,0,['Arena'],Casa Giulietta,"['Centro Fotografia', 'Sighseeing', 'Torre Lamberti', 'Museo Conte', 'Museo Radio']",Torre Lamberti,strategy_nearest,True,0.00467681884765625,success
048C1B3A9C4C84,1,"['Castelvecchio', 'Arena', 'Casa Giulietta']",San Fermo,"['Museo Storia', 'Museo Radio', 'Centro Fotografia', 'Sighseeing', 'Torre Lamberti']",Torre Lamberti,strategy_nearest,True,0.002516031265258789,success
048C20429C4C84,0,['Castelvecchio'],Santa Anastasia,"['AMO', 'Museo Conte', 'Palazzo della Ragione', 'Teatro Romano', 'Centro Fotografia']",Arena,strategy_nearest,False,0.0031960010528564453,success
048C1C429C4C80,3,"['Arena', 'Casa Giulietta', 'Teatro Romano']",Duomo,"['AMO', 'Museo Miniscalchi', 'Santa Anastasia', 'Palazzo della Ragione', 'Museo Conte']",Santa Anastasia,strategy_nearest,True,0.0037009716033935547,success
048C303A9C4C80,2,"['Castelvecchio', 'Teatro Romano']",Santa Anastasia,"['AMO', 'Museo Conte', 'Palazzo della Ragione', 'Centro Fotografia', 'Duomo']",Torre Lamberti,strategy_nearest,False,0.0029478073120117188,success
048C2F3A9C4C80,0,"['San Zeno', 'Casa Giulietta', 'Torre Lamberti']",Arena,"['Verona Tour', 'Museo Lapidario', 'Museo Radio', 'San Fermo', 'Sighseeing']",Castelvecchio,strategy_nearest,False,0.003705739974975586,success
048C433A9C4C80,2,"['Duomo', 'Teatro Romano', 'Casa Giulietta']",Torre Lamberti,"['Sighseeing', 'Centro Fotografia', 'Museo Conte', 'Palazzo della Ragione', 'AMO']",Palazzo della Ragione,strategy_nearest,True,0.00270843505859375,success
048C44429C4C80,3,"['Castelvecchio', 'Arena', 'Casa Giulietta', 'Torre Lamberti']",Santa Anastasia,"['AMO', 'Museo Conte', 'Palazzo della Ragione', 'Teatro Romano', 'Centro Fotografia']",Duomo,strategy_nearest,False,0.002112865447998047,success
048C49429C4C80,0,"['Castelvecchio', 'Casa Giulietta']",Arena,"['Verona Tour', 'Museo Lapidario', 'Museo Radio', 'San Fermo', 'Sighseeing']",San Zeno,strategy_nearest,False,0.0032439231872558594,success
048C4C429C4C80,0,['Arena'],Casa Giulietta,"['Centro Fotografia', 'Sighseeing', 'Torre Lamberti', 'Museo Conte', 'Museo Radio']",San Zeno,strategy_nearest,False,0.002933979034423828,success
048C55429C4C80,0,['Arena'],Casa Giulietta,"['Centro Fotografia', 'Sighseeing', 'Torre Lamberti', 'Museo Conte', 'Museo Radio']",Tomba Giulietta,strategy_nearest,False,0.003144979476928711,success
048C58429C4C80,3,"['Castelvecchio', 'Arena', 'Casa Giulietta']",Casa Giulietta,"['Centro Fotografia', 'Sighseeing', 'Torre Lamberti', 'Museo Conte', 'Museo Radio']",Torre Lamberti,strategy_nearest,True,0.004008293151855469,success
048C66429C4C80,0,['Arena'],Casa Giulietta,"['Centro Fotografia', 'Sighseeing', 'Torre Lamberti', 'Museo Conte', 'Museo Radio']",Torre Lamberti,strategy_nearest,True,0.0025510787963867188,success
048C5A429C4C80,3,"['Arena', 'Duomo']",Santa Anastasia,"['AMO', 'Museo Conte', 'Palazzo della Ragione', 'Teatro Romano', 'Centro Fotografia']",Torre Lamberti,strategy_nearest,False,0.0043849945068359375,success
048C67429C4C80,1,['Arena'],Palazzo della Ragione,"['AMO', 'Museo Conte', 'Torre Lamberti', 'Centro Fotografia', 'Sighseeing']",Torre Lamberti,strategy_nearest,True,0.003961801528930664,success
048C71429C4C80,0,['Tomba Giulietta'],Arena,"['Verona Tour', 'Museo Lapidario', 'Museo Radio', 'San Fermo', 'Casa Giulietta']",Casa Giulietta,strategy_nearest,True,0.0028181076049804688,success
048C7D4A9C4C80,0,['Arena'],Castelvecchio,"['Museo Lapidario', 'Verona Tour', 'Museo Radio', 'San Zeno', 'Sighseeing']",Casa Giulietta,strategy_nearest,False,0.0025751590728759766,success
048C7E429C4C80,1,['Arena'],Casa Giulietta,"['Centro Fotografia', 'Sighseeing', 'Torre Lamberti', 'Museo Conte', 'Museo Radio']",Santa Anastasia,strategy_nearest,False,0.0028951168060302734,success
048C873A9C4C80,0,['Arena'],Torre Lamberti,"['Sighseeing', 'Centro Fotografia', 'Museo Conte', 'Casa Giulietta', 'Palazzo della Ragione']",Casa Giulietta,strategy_nearest,True,0.0028679370880126953,success
048C833A9C4C80,3,"['Torre Lamberti', 'Santa Anastasia', 'Duomo']",Castelvecchio,"['Museo Lapidario', 'Verona Tour', 'Arena', 'Museo Radio', 'San Zeno']",San Fermo,strategy_nearest,False,0.0033380985260009766,success
048C90429C4C80,0,['Arena'],San Fermo,"['Museo Storia', 'Museo Radio', 'Casa Giulietta', 'Centro Fotografia', 'Sighseeing']",Tomba Giulietta,strategy_nearest,False,0.003438711166381836,success
048C8B4A9C4C80,3,"['Arena', 'Casa Giulietta', 'San Fermo']",Tomba Giulietta,"['Museo Storia', 'Museo Lapidario', 'Museo Radio', 'Verona Tour', 'Castelvecchio']",Torre Lamberti,strategy_nearest,False,0.0028281211853027344,success
048C96429C4C80,0,['Arena'],Casa Giulietta,"['Centro Fotografia', 'Sighseeing', 'Torre Lamberti', 'Museo Conte', 'Museo Radio']",Duomo,strategy_nearest,False,0.0020558834075927734,success
048C984A9C4C80,1,"['Castelvecchio', 'Arena']",Casa Giulietta,"['Centro Fotografia', 'Sighseeing', 'Torre Lamberti', 'Museo Conte', 'Museo Radio']",Torre Lamberti,strategy_nearest,True,0.00321197509765625,success
048C94429C4C80,0,['Arena'],Casa Giulietta,"['Centro Fotografia', 'Sighseeing', 'Torre Lamberti', 'Museo Conte', 'Museo Radio']",Santa Anastasia,strategy_nearest,False,0.002868175506591797,success
048C92429C4C80,1,"['Arena', 'Casa Giulietta']",Palazzo della Ragione,"['AMO', 'Museo Conte', 'Torre Lamberti', 'Centro Fotografia', 'Sighseeing']",Torre Lamberti,strategy_nearest,True,0.004338264465332031,success
048C9E429C4C80,3,"['Arena', 'San Fermo']",Casa Giulietta,"['Centro Fotografia', 'Sighseeing', 'Torre Lamberti', 'Museo Conte', 'Museo Radio']",Santa Anastasia,strategy_nearest,False,0.002593994140625,success
048C9A429C4C80,1,"['Arena', 'Casa Giulietta']",Santa Anastasia,"['AMO', 'Museo Conte', 'Palazzo della Ragione', 'Teatro Romano', 'Centro Fotografia']",Duomo,strategy_nearest,False,0.001918792724609375,success
048CA2429C4C80,2,['Castelvecchio'],San Zeno,"['Verona Tour', 'Museo Lapidario', 'Arena', 'Museo Miniscalchi', 'Sighseeing']",Duomo,strategy_nearest,False,0.004086017608642578,success
048C9D429C4C80,3,['Arena'],Casa Giulietta,"['Centro Fotografia', 'Sighseeing', 'Torre Lamberti', 'Museo Conte', 'Museo Radio']",Torre Lamberti,strategy_nearest,True,0.003937959671020508,success
048CA63A9C4C80,2,['Castelvecchio'],Casa Giulietta,"['Centro Fotografia', 'Sighseeing', 'Torre Lamberti', 'Museo Conte', 'Museo Radio']",Santa Anastasia,strategy_nearest,False,0.0026350021362304688,success
048CAD3A9C4C80,3,"['Arena', 'Museo Lapidario', 'Castelvecchio', 'Casa Giulietta']",Torre Lamberti,"['Sighseeing', 'Centro Fotografia', 'Museo Conte', 'Palazzo della Ragione', 'AMO']",Duomo,strategy_nearest,False,0.0026848316192626953,success
048CA93A9C4C80,2,['Museo Lapidario'],Torre Lamberti,"['Sighseeing', 'Centro Fotografia', 'Museo Conte', 'Casa Giulietta', 'Palazzo della Ragione']",Palazzo della Ragione,strategy_nearest,True,0.0038700103759765625,success
048CAF3A9C4C80,3,"['Arena', 'Casa Giulietta']",Santa Anastasia,"['AMO', 'Museo Conte', 'Palazzo della Ragione', 'Teatro Romano', 'Centro Fotografia']",Duomo,strategy_nearest,False,0.0027608871459960938,success
048CBB3A9C4C80,0,['Arena'],San Fermo,"['Museo Storia', 'Museo Radio', 'Casa Giulietta', 'Centro Fotografia', 'Sighseeing']",Casa Giulietta,strategy_nearest,True,0.002713918685913086,success
048CB83A9C4C80,0,['Arena'],Casa Giulietta,"['Centro Fotografia', 'Sighseeing', 'Torre Lamberti', 'Museo Conte', 'Museo Radio']",Torre Lamberti,strategy_nearest,True,0.002803802490234375,success
048CB6429C4C80,2,['Castelvecchio'],Giardino Giusti,"['Santa Anastasia', 'Teatro Romano', 'Museo Conte', 'Centro Fotografia', 'Museo Storia']",Teatro Romano,strategy_nearest,True,0.0022339820861816406,success
048CC83A9C4C80,2,"['Casa Giulietta', 'Palazzo della Ragione']",Torre Lamberti,"['Sighseeing', 'Centro Fotografia', 'Museo Conte', 'AMO', 'Museo Miniscalchi']",Teatro Romano,strategy_nearest,False,0.002256155014038086,success
048CCA429C4C80,1,"['Casa Giulietta', 'Arena', 'Torre Lamberti']",Castelvecchio,"['Museo Lapidario', 'Verona Tour', 'Museo Radio', 'San Zeno', 'Sighseeing']",Tomba Giulietta,strategy_nearest,False,0.0027930736541748047,success
048CD43A9C4C80,2,['Torre Lamberti'],Santa Anastasia,"['AMO', 'Museo Conte', 'Palazzo della Ragione', 'Teatro Romano', 'Centro Fotografia']",Teatro Romano,strategy_nearest,True,0.0031070709228515625,success
048CD1429C4C80,3,"['Arena', 'Castelvecchio', 'Santa Anastasia']",Teatro Romano,"['Duomo', 'AMO', 'Palazzo della Ragione', 'Museo Conte', 'Centro Fotografia']",Duomo,strategy_nearest,True,0.0040340423583984375,success
048CDE429C4C80,0,"['Arena', 'Torre Lamberti']",Casa Giulietta,"['Centro Fotografia', 'Sighseeing', 'Museo Conte', 'Museo Radio', 'Palazzo della Ragione']",Castelvecchio,strategy_nearest,False,0.0024089813232421875,success
048CDF3A9C4C80,3,['Arena'],Casa Giulietta,"['Centro Fotografia', 'Sighseeing', 'Torre Lamberti', 'Museo Conte', 'Museo Radio']",Torre Lamberti,strategy_nearest,True,0.0031158924102783203,success
048CE2429C4C80,1,"['Casa Giulietta', 'Torre Lamberti']",Palazzo della Ragione,"['AMO', 'Museo Conte', 'Centro Fotografia', 'Sighseeing', 'Santa Anastasia']",Santa Anastasia,strategy_nearest,True,0.001644134521484375,success
048CE53A9C4C80,3,"['Casa Giulietta', 'Castelvecchio', 'San Zeno']",Torre Lamberti,"['Sighseeing', 'Centro Fotografia', 'Museo Conte', 'Palazzo della Ragione', 'AMO']",Santa Anastasia,strategy_nearest,False,0.004082918167114258,success
048CF5429C4C80,2,['Casa Giulietta'],Santa Anastasia,"['AMO', 'Museo Conte', 'Palazzo della Ragione', 'Teatro Romano', 'Centro Fotografia']",Torre Lamberti,strategy_nearest,False,0.0029320716857910156,success
048CE93A9C4C80,2,['San Zeno'],Castelvecchio,"['Museo Lapidario', 'Verona Tour', 'Arena', 'Museo Radio', 'Sighseeing']",Santa Anastasia,strategy_nearest,False,0.002235889434814453,success
048CF6429C4C80,2,['Casa Giulietta'],Teatro Romano,"['Santa Anastasia', 'Duomo', 'AMO', 'Palazzo della Ragione', 'Museo Conte']",Duomo,strategy_nearest,True,0.002948760986328125,success
048D05429C4C84,2,"['Torre Lamberti', 'Teatro Romano']",Santa Anastasia,"['AMO', 'Museo Conte', 'Palazzo della Ragione', 'Centro Fotografia', 'Duomo']",Duomo,strategy_nearest,True,0.0025441646575927734,success
048D093A9C4C84,2,['Casa Giulietta'],Castelvecchio,"['Museo Lapidario', 'Verona Tour', 'Arena', 'Museo Radio', 'San Zeno']",Torre Lamberti,strategy_nearest,False,0.0022728443145751953,success
048D133A9C4C80,1,"['Arena', 'Museo Lapidario', 'Castelvecchio']",Duomo,"['AMO', 'Museo Miniscalchi', 'Santa Anastasia', 'Teatro Romano', 'Palazzo della Ragione']",Palazzo della Ragione,strategy_nearest,True,0.003532886505126953,success
048D114A9C4C80,3,"['Museo Lapidario', 'Arena', 'Torre Lamberti', 'Casa Giulietta']",San Fermo,"['Museo Storia', 'Museo Radio', 'Centro Fotografia', 'Sighseeing', 'Museo Conte']",Tomba Giulietta,strategy_nearest,False,0.002937793731689453,success
048D16429C4C84,3,"['Casa Giulietta', 'Museo Lapidario', 'Santa Anastasia']",Duomo,"['AMO', 'Museo Miniscalchi', 'Teatro Romano', 'Palazzo della Ragione', 'Museo Conte']",Castelvecchio,strategy_nearest,False,0.0028412342071533203,success
048D213A9C4C80,2,"['Torre Lamberti', 'Palazzo della Ragione']",Casa Giulietta,"['Centro Fotografia', 'Sighseeing', 'Museo Conte', 'Museo Radio', 'San Fermo']",Santa Anastasia,strategy_nearest,False,0.002835988998413086,success
048D26429C4C84,3,['Arena'],Santa Anastasia,"['AMO', 'Museo Conte', 'Palazzo della Ragione', 'Teatro Romano', 'Centro Fotografia']",Duomo,strategy_nearest,False,0.002813100814819336,success
048D283A9C4C80,0,['Arena'],Castelvecchio,"['Museo Lapidario', 'Verona Tour', 'Museo Radio', 'San Zeno', 'Sighseeing']",Casa Giulietta,strategy_nearest,False,0.0035300254821777344,success
048D2B429C4C80,0,['Arena'],Casa Giulietta,"['Centro Fotografia', 'Sighseeing', 'Torre Lamberti', 'Museo Conte', 'Museo Radio']",Torre Lamberti,strategy_nearest,True,0.002173900604248047,success
048D30429C4C80,0,['Arena'],Casa Giulietta,"['Centro Fotografia', 'Sighseeing', 'Torre Lamberti', 'Museo Conte', 'Museo Radio']",Castelvecchio,strategy_nearest,False,0.0028111934661865234,success
048D2C429C4C80,3,"['Torre Lamberti', 'Casa Giulietta', 'San Fermo']",Teatro Romano,"['Santa Anastasia', 'Duomo', 'AMO', 'Palazzo della Ragione', 'Museo Conte']",Arena,strategy_nearest,False,0.004072904586791992,success
048D38429C4C80,3,"['Arena', 'Museo Lapidario']",Torre Lamberti,"['Sighseeing', 'Centro Fotografia', 'Museo Conte', 'Casa Giulietta', 'Palazzo della Ragione']",Santa Anastasia,strategy_nearest,False,0.003018617630004883,success
048D42429C4C80,3,"['Casa Giulietta', 'Arena', 'Museo Lapidario', 'Castelvecchio']",San Zeno,"['Verona Tour', 'Museo Miniscalchi', 'Sighseeing', 'Museo Radio', 'Torre Lamberti']",San Fermo,strategy_nearest,False,0.0030601024627685547,success
048D46429C4C80,3,"['Castelvecchio', 'San Zeno']",Arena,"['Verona Tour', 'Museo Lapidario', 'Museo Radio', 'San Fermo', 'Casa Giulietta']",Casa Giulietta,strategy_nearest,True,0.0042188167572021484,success
048D453A9C4C80,0,['Arena'],Torre Lamberti,"['Sighseeing', 'Centro Fotografia', 'Museo Conte', 'Casa Giulietta', 'Palazzo della Ragione']",Casa Giulietta,strategy_nearest,True,0.0032761096954345703,success
048D4F429C4C80,3,"['Santa Anastasia', 'Torre Lamberti', 'Casa Giulietta']",Castelvecchio,"['Museo Lapidario', 'Verona Tour', 'Arena', 'Museo Radio', 'San Zeno']",Arena,strategy_nearest,True,0.0035278797149658203,success
048D5C429C4C80,3,"['Santa Anastasia', 'Duomo']",San Zeno,"['Castelvecchio', 'Verona Tour', 'Museo Lapidario', 'Arena', 'Museo Miniscalchi']",Castelvecchio,strategy_nearest,True,0.002808094024658203,success
048D65429C4C80,3,"['Torre Lamberti', 'Casa Giulietta']",Santa Anastasia,"['AMO', 'Museo Conte', 'Palazzo della Ragione', 'Teatro Romano', 'Centro Fotografia']",Teatro Romano,strategy_nearest,True,0.0022449493408203125,success
048D74429C4C80,3,"['Arena', 'Torre Lamberti']",Casa Giulietta,"['Centro Fotografia', 'Sighseeing', 'Museo Conte', 'Museo Radio', 'Palazzo della Ragione']",Santa Anastasia,strategy_nearest,False,0.002270936965942383,success
048D753A9C4C80,3,"['Arena', 'Torre Lamberti']",Santa Anastasia,"['AMO', 'Museo Conte', 'Palazzo della Ragione', 'Teatro Romano', 'Centro Fotografia']",Duomo,strategy_nearest,False,0.003408670425415039,success
048D6B429C4C80,2,['Casa Giulietta'],Torre Lamberti,"['Sighseeing', 'Centro Fotografia', 'Museo Conte', 'Palazzo della Ragione', 'AMO']",Palazzo della Ragione,strategy_nearest,True,0.003657817840576172,success
048D78429C4C80,3,"['Arena', 'Santa Anastasia']",Duomo,"['AMO', 'Museo Miniscalchi', 'Teatro Romano', 'Palazzo della Ragione', 'Museo Conte']",Teatro Romano,strategy_nearest,True,0.0020279884338378906,success
048D84429C4C80,2,['Casa Giulietta'],Torre Lamberti,"['Sighseeing', 'Centro Fotografia', 'Museo Conte', 'Palazzo della Ragione', 'AMO']",Palazzo della Ragione,strategy_nearest,True,0.0024988651275634766,success
048D864A9C4C80,0,['Arena'],Torre Lamberti,"['Sighseeing', 'Centro Fotografia', 'Museo Conte', 'Casa Giulietta', 'Palazzo della Ragione']",Casa Giulietta,strategy_nearest,True,0.0033211708068847656,success
048D83429C4C80,3,"['Arena', 'Museo Lapidario', 'Castelvecchio']",Santa Anastasia,"['AMO', 'Museo Conte', 'Palazzo della Ragione', 'Teatro Romano', 'Centro Fotografia']",Casa Giulietta,strategy_nearest,False,0.0034761428833007812,success
048D8F4A9C4C80,2,"['Santa Anastasia', 'Duomo']",Torre Lamberti,"['Sighseeing', 'Centro Fotografia', 'Museo Conte', 'Casa Giulietta', 'Palazzo della Ragione']",Casa Giulietta,strategy_nearest,True,0.0030510425567626953,success
048DA04A9C4C80,1,"['Santa Anastasia', 'Teatro Romano', 'Arena']",Castelvecchio,"['Museo Lapidario', 'Verona Tour', 'Museo Radio', 'San Zeno', 'Sighseeing']",Casa Giulietta,strategy_nearest,False,0.0037927627563476562,success
048DA2429C4C80,2,"['Torre Lamberti', 'Palazzo della Ragione']",Casa Giulietta,"['Centro Fotografia', 'Sighseeing', 'Museo Conte', 'Museo Radio', 'San Fermo']",San Fermo,strategy_nearest,True,0.002897024154663086,success
048D944A9C4C80,3,"['Arena', 'Casa Giulietta']",Torre Lamberti,"['Sighseeing', 'Centro Fotografia', 'Museo Conte', 'Palazzo della Ragione', 'AMO']",Santa Anastasia,strategy_nearest,False,0.0017690658569335938,success
048DA73A9C4C80,1,"['Museo Lapidario', 'Casa Giulietta']",Palazzo della Ragione,"['AMO', 'Museo Conte', 'Torre Lamberti', 'Centro Fotografia', 'Sighseeing']",Duomo,strategy_nearest,False,0.0033407211303710938,success
048DAA429C4C80,3,['Santa Anastasia'],Torre Lamberti,"['Sighseeing', 'Centro Fotografia', 'Museo Conte', 'Casa Giulietta', 'Palazzo della Ragione']",Arena,strategy_nearest,False,0.0025649070739746094,success
048DA84A9C4C80,3,"['Arena', 'Santa Anastasia']",Duomo,"['AMO', 'Museo Miniscalchi', 'Teatro Romano', 'Palazzo della Ragione', 'Museo Conte']",Torre Lamberti,strategy_nearest,False,0.0020449161529541016,success
048DA63A9C4C80,0,['Museo Lapidario'],Arena,"['Verona Tour', 'Museo Radio', 'San Fermo', 'Casa Giulietta', 'Sighseeing']",Teatro Romano,strategy_nearest,False,0.004063606262207031,success
048DBA3A9C4C80,1,"['Arena', 'Casa Giulietta']",Torre Lamberti,"['Sighseeing', 'Centro Fotografia', 'Museo Conte', 'Palazzo della Ragione', 'AMO']",Palazzo della Ragione,strategy_nearest,True,0.002429962158203125,success
048DAD429C4C80,1,"['Arena', 'Torre Lamberti']",Palazzo della Ragione,"['AMO', 'Museo Conte', 'Centro Fotografia', 'Sighseeing', 'Santa Anastasia']",Casa Giulietta,strategy_nearest,False,0.0017478466033935547,success
048DB8429C4C80,2,['Castelvecchio'],San Zeno,"['Verona Tour', 'Museo Lapidario', 'Arena', 'Museo Miniscalchi', 'Sighseeing']",Torre Lamberti,strategy_nearest,False,0.0031938552856445312,success
048DBC3A9C4C80,0,['Arena'],Casa Giulietta,"['Centro Fotografia', 'Sighseeing', 'Torre Lamberti', 'Museo Conte', 'Museo Radio']",Santa Anastasia,strategy_nearest,False,0.0032029151916503906,success
048DBE3A9C4C80,0,['Arena'],Castelvecchio,"['Museo Lapidario', 'Verona Tour', 'Museo Radio', 'San Zeno', 'Sighseeing']",Santa Anastasia,strategy_nearest,False,0.002335071563720703,success
048DBD429C4C80,3,['Arena'],Casa Giulietta,"['Centro Fotografia', 'Sighseeing', 'Torre Lamberti', 'Museo Conte', 'Museo Radio']",Torre Lamberti,strategy_nearest,True,0.003053903579711914,success
048DBF3A9C4C80,3,['Arena'],Santa Anastasia,"['AMO', 'Museo Conte', 'Palazzo della Ragione', 'Teatro Romano', 'Centro Fotografia']",Teatro Romano,strategy_nearest,True,0.0031528472900390625,success
048DBE429C4C80,0,['Arena'],Casa Giulietta,"['Centro Fotografia', 'Sighseeing', 'Torre Lamberti', 'Museo Conte', 'Museo Radio']",Santa Anastasia,strategy_nearest,False,0.0040171146392822266,success
048DC73A9C4C80,0,"['Arena', 'Castelvecchio']",Torre Lamberti,"['Sighseeing', 'Centro Fotografia', 'Museo Conte', 'Casa Giulietta', 'Palazzo della Ragione']",Teatro Romano,strategy_nearest,False,0.002569913864135742,success
048DC8429C4C80,0,"['Casa Giulietta', 'Torre Lamberti']",Arena,"['Verona Tour', 'Museo Lapidario', 'Museo Radio', 'San Fermo', 'Sighseeing']",Castelvecchio,strategy_nearest,False,0.0021877288818359375,success
048DC93A9C4C80,0,['Arena'],Casa Giulietta,"['Centro Fotografia', 'Sighseeing', 'Torre Lamberti', 'Museo Conte', 'Museo Radio']",Santa Anastasia,strategy_nearest,False,0.003629922866821289,success
048DC83A9C4C80,2,['Casa Giulietta'],Torre Lamberti,"['Sighseeing', 'Centro Fotografia', 'Museo Conte', 'Palazzo della Ragione', 'AMO']",Duomo,strategy_nearest,False,0.002885103225708008,success
048DCE429C4C80,2,"['Palazzo della Ragione', 'Torre Lamberti', 'Santa Anastasia']",Teatro Romano,"['Duomo', 'AMO', 'Museo Conte', 'Centro Fotografia', 'Museo Miniscalchi']",Duomo,strategy_nearest,True,0.0022950172424316406,success
048DCF429C4C80,0,['Teatro Romano'],Torre Lamberti,"['Sighseeing', 'Centro Fotografia', 'Museo Conte', 'Casa Giulietta', 'Palazzo della Ragione']",Arena,strategy_nearest,False,0.002803802490234375,success
048DE13A9C4C80,0,['Arena'],Torre Lamberti,"['Sighseeing', 'Centro Fotografia', 'Museo Conte', 'Casa Giulietta', 'Palazzo della Ragione']",Casa Giulietta,strategy_nearest,True,0.002727985382080078,success
048DD23A9C4C80,2,['Santa Anastasia'],Teatro Romano,"['Duomo', 'AMO', 'Palazzo della Ragione', 'Museo Conte', 'Centro Fotografia']",San Zeno,strategy_nearest,False,0.003420114517211914,success
048E104A9C4C80,3,"['Arena', 'San Zeno']",Casa Giulietta,"['Centro Fotografia', 'Sighseeing', 'Torre Lamberti', 'Museo Conte', 'Museo Radio']",Torre Lamberti,strategy_nearest,True,0.0031201839447021484,success
048DF93A9C4C80,0,"['Castelvecchio', 'Arena']",Casa Giulietta,"['Centro Fotografia', 'Sighseeing', 'Torre Lamberti', 'Museo Conte', 'Museo Radio']",Torre Lamberti,strategy_nearest,True,0.002240896224975586,success
048E0C3A9C4C84,2,['San Zeno'],Castelvecchio,"['Museo Lapidario', 'Verona Tour', 'Arena', 'Museo Radio', 'Sighseeing']",Teatro Romano,strategy_nearest,False,0.0029299259185791016,success
048DFF3A9C4C80,3,"['Arena', 'Casa Giulietta']",San Fermo,"['Museo Storia', 'Museo Radio', 'Centro Fotografia', 'Sighseeing', 'Torre Lamberti']",Santa Anastasia,strategy_nearest,False,0.0031239986419677734,success
048E15429C4C84,0,['Arena'],Casa Giulietta,"['Centro Fotografia', 'Sighseeing', 'Torre Lamberti', 'Museo Conte', 'Museo Radio']",Torre Lamberti,strategy_nearest,True,0.0027751922607421875,success
048E133A9C4C80,1,"['Arena', 'Castelvecchio']",Casa Giulietta,"['Centro Fotografia', 'Sighseeing', 'Torre Lamberti', 'Museo Conte', 'Museo Radio']",Palazzo della Ragione,strategy_nearest,False,0.0022389888763427734,success
048E154A9C4C80,1,"['Casa Giulietta', 'Santa Anastasia', 'Duomo', 'Teatro Romano']",Arena,"['Verona Tour', 'Museo Lapidario', 'Museo Radio', 'San Fermo', 'Sighseeing']",Torre Lamberti,strategy_nearest,False,0.0033757686614990234,success
048E134A9C4C80,3,['Arena'],Santa Anastasia,"['AMO', 'Museo Conte', 'Palazzo della Ragione', 'Teatro Romano', 'Centro Fotografia']",Duomo,strategy_nearest,False,0.004239082336425781,success
048E18429C4C84,1,"['Duomo', 'Santa Anastasia', 'Arena']",San Fermo,"['Museo Storia', 'Museo Radio', 'Casa Giulietta', 'Centro Fotografia', 'Sighseeing']",Museo Lapidario,strategy_nearest,False,0.0018460750579833984,success
048E163A9C4C80,1,"['Palazzo della Ragione', 'Torre Lamberti', 'San Fermo', 'Castelvecchio']",Museo Lapidario,"['Verona Tour', 'Arena', 'Museo Radio', 'Casa Giulietta', 'Tomba Giulietta']",Arena,strategy_nearest,True,0.0032501220703125,success
048E16429C4C84,3,"['Santa Anastasia', 'Arena', 'Castelvecchio']",Teatro Romano,"['Duomo', 'AMO', 'Palazzo della Ragione', 'Museo Conte', 'Centro Fotografia']",Museo Storia,strategy_nearest,False,0.002557039260864258,success
048E1D3A9C4C84,2,"['Santa Anastasia', 'Teatro Romano']",Duomo,"['AMO', 'Museo Miniscalchi', 'Palazzo della Ragione', 'Museo Conte', 'Torre Lamberti']",San Zeno,strategy_nearest,False,0.004214048385620117,success
048E21429C4C80,3,"['Arena', 'Casa Giulietta', 'Tomba Giulietta', 'San Fermo']",Santa Anastasia,"['AMO', 'Museo Conte', 'Palazzo della Ragione', 'Teatro Romano', 'Centro Fotografia']",Torre Lamberti,strategy_nearest,False,0.0024340152740478516,success
048E213A9C4C80,1,"['Arena', 'Torre Lamberti', 'Palazzo della Ragione']",Casa Giulietta,"['Centro Fotografia', 'Sighseeing', 'Museo Conte', 'Museo Radio', 'San Fermo']",San Fermo,strategy_nearest,True,0.0034818649291992188,success
048E20C27B3F80,2,"['Casa Giulietta', 'Torre Lamberti']",Santa Anastasia,"['AMO', 'Museo Conte', 'Palazzo della Ragione', 'Teatro Romano', 'Centro Fotografia']",Duomo,strategy_nearest,False,0.003595113754272461,success
048E223A9C4C80,0,['Casa Giulietta'],Castelvecchio,"['Museo Lapidario', 'Verona Tour', 'Arena', 'Museo Radio', 'San Zeno']",Arena,strategy_nearest,True,0.0036649703979492188,success
048E29429C4C84,1,"['Arena', 'Torre Lamberti']",Palazzo della Ragione,"['AMO', 'Museo Conte', 'Centro Fotografia', 'Sighseeing', 'Santa Anastasia']",Casa Giulietta,strategy_nearest,False,0.0021970272064208984,success
048E58429C4C80,3,"['Arena', 'Castelvecchio']",San Zeno,"['Verona Tour', 'Museo Lapidario', 'Museo Miniscalchi', 'Sighseeing', 'Museo Radio']",Torre Lamberti,strategy_nearest,False,0.003236055374145508,success
048E393A9C4C80,0,"['Arena', 'Casa Giulietta']",Torre Lamberti,"['Sighseeing', 'Centro Fotografia', 'Museo Conte', 'Palazzo della Ragione', 'AMO']",San Zeno,strategy_nearest,False,0.0029230117797851562,success
048E4E429C4C80,3,['Santa Anastasia'],Torre Lamberti,"['Sighseeing', 'Centro Fotografia', 'Museo Conte', 'Casa Giulietta', 'Palazzo della Ragione']",Arena,strategy_nearest,False,0.0027937889099121094,success
048E593A9C4C80,1,"['Tomba Giulietta', 'San Zeno', 'Castelvecchio', 'Museo Lapidario']",Arena,"['Verona Tour', 'Museo Radio', 'San Fermo', 'Casa Giulietta', 'Sighseeing']",Casa Giulietta,strategy_nearest,True,0.003631114959716797,success
048E5C3A9C4C80,3,"['Santa Anastasia', 'Duomo']",Arena,"['Verona Tour', 'Museo Lapidario', 'Museo Radio', 'San Fermo', 'Casa Giulietta']",Casa Giulietta,strategy_nearest,True,0.0019750595092773438,success
048E6C429C4C80,2,['Torre Lamberti'],Casa Giulietta,"['Centro Fotografia', 'Sighseeing', 'Museo Conte', 'Museo Radio', 'Palazzo della Ragione']",Duomo,strategy_nearest,False,0.0028357505798339844,success
048E6A429C4C80,0,['Arena'],Torre Lamberti,"['Sighseeing', 'Centro Fotografia', 'Museo Conte', 'Casa Giulietta', 'Palazzo della Ragione']",Casa Giulietta,strategy_nearest,True,0.0039021968841552734,success
048E74429C4C80,1,"['Arena', 'Casa Giulietta']",Palazzo della Ragione,"['AMO', 'Museo Conte', 'Torre Lamberti', 'Centro Fotografia', 'Sighseeing']",Duomo,strategy_nearest,False,0.0022819042205810547,success
048E78429C4C80,1,"['Tomba Giulietta', 'Arena']",Casa Giulietta,"['Centro Fotografia', 'Sighseeing', 'Torre Lamberti', 'Museo Conte', 'Museo Radio']",Torre Lamberti,strategy_nearest,True,0.001508951187133789,success
048E813A9C4C80,3,"['Arena', 'Casa Giulietta']",Santa Anastasia,"['AMO', 'Museo Conte', 'Palazzo della Ragione', 'Teatro Romano', 'Centro Fotografia']",San Fermo,strategy_nearest,False,0.0033059120178222656,success
048E79429C4C80,0,['Arena'],Casa Giulietta,"['Centro Fotografia', 'Sighseeing', 'Torre Lamberti', 'Museo Conte', 'Museo Radio']",Torre Lamberti,strategy_nearest,True,0.0043621063232421875,success
048E8E4A9C4C80,3,['Arena'],Casa Giulietta,"['Centro Fotografia', 'Sighseeing', 'Torre Lamberti', 'Museo Conte', 'Museo Radio']",Santa Anastasia,strategy_nearest,False,0.0016291141510009766,success
048E83429C4C80,0,"['Casa Giulietta', 'Tomba Giulietta']",Arena,"['Verona Tour', 'Museo Lapidario', 'Museo Radio', 'San Fermo', 'Sighseeing']",Castelvecchio,strategy_nearest,False,0.0026922225952148438,success
048E95429C4C80,0,['Arena'],Teatro Romano,"['Santa Anastasia', 'Duomo', 'AMO', 'Palazzo della Ragione', 'Museo Conte']",Casa Giulietta,strategy_nearest,False,0.0037932395935058594,success
048E934A9C4C80,3,"['San Fermo', 'Arena']",San Zeno,"['Castelvecchio', 'Verona Tour', 'Museo Lapidario', 'Museo Miniscalchi', 'Sighseeing']",Castelvecchio,strategy_nearest,True,0.003427743911743164,success
048E97429C4C80,3,['Arena'],Casa Giulietta,"['Centro Fotografia', 'Sighseeing', 'Torre Lamberti', 'Museo Conte', 'Museo Radio']",Santa Anastasia,strategy_nearest,False,0.003699064254760742,success
048EAA429C4C80,0,['Arena'],Tomba Giulietta,"['San Fermo', 'Museo Storia', 'Museo Lapidario', 'Museo Radio', 'Verona Tour']",Duomo,strategy_nearest,False,0.0014867782592773438,success
048EA44A9C4C80,1,"['Arena', 'Casa Giulietta']",Palazzo della Ragione,"['AMO', 'Museo Conte', 'Torre Lamberti', 'Centro Fotografia', 'Sighseeing']",Torre Lamberti,strategy_nearest,True,0.0029680728912353516,success
048EAB429C4C80,0,"['Teatro Romano', 'Castelvecchio']",Arena,"['Verona Tour', 'Museo Lapidario', 'Museo Radio', 'San Fermo', 'Casa Giulietta']",Torre Lamberti,strategy_nearest,False,0.0037331581115722656,success
048EB93A9C4C80,3,['Arena'],Torre Lamberti,"['Sighseeing', 'Centro Fotografia', 'Museo Conte', 'Casa Giulietta', 'Palazzo della Ragione']",Santa Anastasia,strategy_nearest,False,0.003062009811401367,success
048EAD429C4C80,0,['Teatro Romano'],Arena,"['Verona Tour', 'Museo Lapidario', 'Museo Radio', 'San Fermo', 'Casa Giulietta']",Castelvecchio,strategy_nearest,False,0.002875804901123047,success
048EB8429C4C80,1,"['Teatro Romano', 'Casa Giulietta']",Torre Lamberti,"['Sighseeing', 'Centro Fotografia', 'Museo Conte', 'Palazzo della Ragione', 'AMO']",Palazzo della Ragione,strategy_nearest,True,0.002646923065185547,success
048EB63A9C4C80,0,['Arena'],Castelvecchio,"['Museo Lapidario', 'Verona Tour', 'Museo Radio', 'San Zeno', 'Sighseeing']",Santa Anastasia,strategy_nearest,False,0.004849910736083984,success
048EC2429C4C80,0,['Arena'],Torre Lamberti,"['Sighseeing', 'Centro Fotografia', 'Museo Conte', 'Casa Giulietta', 'Palazzo della Ragione']",Castelvecchio,strategy_nearest,False,0.004024028778076172,success
048ECA3A9C4C80,0,['Arena'],Casa Giulietta,"['Centro Fotografia', 'Sighseeing', 'Torre Lamberti', 'Museo Conte', 'Museo Radio']",Santa Anastasia,strategy_nearest,False,0.003738880157470703,success
048EC5429C4C80,0,['Arena'],Museo Lapidario,"['Verona Tour', 'Castelvecchio', 'Museo Radio', 'San Fermo', 'Casa Giulietta']",Castelvecchio,strategy_nearest,True,0.002608060836791992,success
048EBC429C4C80,3,['Arena'],Casa Giulietta,"['Centro Fotografia', 'Sighseeing', 'Torre Lamberti', 'Museo Conte', 'Museo Radio']",Santa Anastasia,strategy_nearest,False,0.0023839473724365234,success
048ED93A9C4C80,2,"['Santa Anastasia', 'Torre Lamberti']",Palazzo della Ragione,"['AMO', 'Museo Conte', 'Centro Fotografia', 'Sighseeing', 'Museo Miniscalchi']",San Zeno,strategy_nearest,False,0.0031621456146240234,success
048ED33A9C4C80,3,"['San Fermo', 'Arena', 'Casa Giulietta']",Torre Lamberti,"['Sighseeing', 'Centro Fotografia', 'Museo Conte', 'Palazzo della Ragione', 'AMO']",Duomo,strategy_nearest,False,0.002641916275024414,success
048EDC3A9C4C80,0,['Casa Giulietta'],San Fermo,"['Museo Storia', 'Museo Radio', 'Centro Fotografia', 'Arena', 'Sighseeing']",Arena,strategy_nearest,True,0.0017290115356445312,success
048F06429C4C84,3,"['Arena', 'Casa Giulietta', 'Torre Lamberti']",Duomo,"['AMO', 'Museo Miniscalchi', 'Santa Anastasia', 'Teatro Romano', 'Palazzo della Ragione']",Castelvecchio,strategy_nearest,False,0.0036039352416992188,success
048F08429C4C84,2,"['Casa Giulietta', 'Castelvecchio']",Torre Lamberti,"['Sighseeing', 'Centro Fotografia', 'Museo Conte', 'Palazzo della Ragione', 'AMO']",Santa Anastasia,strategy_nearest,False,0.0023381710052490234,success
048F07429C4C84,3,"['Santa Anastasia', 'Castelvecchio', 'Tomba Giulietta']",Teatro Romano,"['Duomo', 'AMO', 'Palazzo della Ragione', 'Museo Conte', 'Centro Fotografia']",San Zeno,strategy_nearest,False,0.001737833023071289,success
048F084A9C4C80,0,['Arena'],Torre Lamberti,"['Sighseeing', 'Centro Fotografia', 'Museo Conte', 'Casa Giulietta', 'Palazzo della Ragione']",Casa Giulietta,strategy_nearest,True,0.0036978721618652344,success
048F0C429C4C80,1,"['Arena', 'Casa Giulietta', 'Torre Lamberti', 'Palazzo della Ragione']",Santa Anastasia,"['AMO', 'Museo Conte', 'Teatro Romano', 'Centro Fotografia', 'Duomo']",Duomo,strategy_nearest,True,0.002476215362548828,success
048F144A9C4C80,1,"['Arena', 'Castelvecchio', 'San Fermo', 'San Zeno']",Palazzo della Ragione,"['AMO', 'Museo Conte', 'Torre Lamberti', 'Centro Fotografia', 'Sighseeing']",Santa Anastasia,strategy_nearest,False,0.0030891895294189453,success
048F143A9C4C84,0,['Arena'],Casa Giulietta,"['Centro Fotografia', 'Sighseeing', 'Torre Lamberti', 'Museo Conte', 'Museo Radio']",Giardino Giusti,strategy_nearest,False,0.0024988651275634766,success
048F12429C4C84,2,['Tomba Giulietta'],Castelvecchio,"['Museo Lapidario', 'Verona Tour', 'Arena', 'Museo Radio', 'San Zeno']",Palazzo della Ragione,strategy_nearest,False,0.003206968307495117,success
048F183A9C4C80,0,"['Teatro Romano', 'Torre Lamberti']",Casa Giulietta,"['Centro Fotografia', 'Sighseeing', 'Museo Conte', 'Museo Radio', 'Palazzo della Ragione']",Arena,strategy_nearest,False,0.0032258033752441406,success
048F26429C4C84,0,['Arena'],Castelvecchio,"['Museo Lapidario', 'Verona Tour', 'Museo Radio', 'San Zeno', 'Sighseeing']",Casa Giulietta,strategy_nearest,False,0.0031862258911132812,success
048F1D3A9C4C80,1,"['Arena', 'Palazzo della Ragione']",Torre Lamberti,"['Sighseeing', 'Centro Fotografia', 'Museo Conte', 'Casa Giulietta', 'AMO']",Casa Giulietta,strategy_nearest,True,0.002343893051147461,success
048F1B429C4C84,0,"['Arena', 'Torre Lamberti']",Casa Giulietta,"['Centro Fotografia', 'Sighseeing', 'Museo Conte', 'Museo Radio', 'Palazzo della Ragione']",Museo Storia,strategy_nearest,False,0.0032193660736083984,success
048F234A9C4C80,3,"['Castelvecchio', 'San Zeno', 'Casa Giulietta']",Santa Anastasia,"['AMO', 'Museo Conte', 'Palazzo della Ragione', 'Teatro Romano', 'Centro Fotografia']",Arena,strategy_nearest,False,0.0039539337158203125,success
048F413A9C4C80,3,"['Casa Giulietta', 'Arena']",Santa Anastasia,"['AMO', 'Museo Conte', 'Palazzo della Ragione', 'Teatro Romano', 'Centro Fotografia']",Duomo,strategy_nearest,False,0.003877878189086914,success
048F553A9C4C80,1,"['Arena', 'Castelvecchio', 'San Zeno', 'Tomba Giulietta']",Casa Giulietta,"['Centro Fotografia', 'Sighseeing', 'Torre Lamberti', 'Museo Conte', 'Museo Radio']",Torre Lamberti,strategy_nearest,True,0.002515077590942383,success
048F37429C4C80,1,"['Castelvecchio', 'Arena', 'Casa Giulietta']",Torre Lamberti,"['Sighseeing', 'Centro Fotografia', 'Museo Conte', 'Palazzo della Ragione', 'AMO']",Palazzo della Ragione,strategy_nearest,True,0.0019068717956542969,success
048F2F3A9C4C80,0,['Arena'],Casa Giulietta,"['Centro Fotografia', 'Sighseeing', 'Torre Lamberti', 'Museo Conte', 'Museo Radio']",Torre Lamberti,strategy_nearest,True,0.0034508705139160156,success
048F5B429C4C80,1,['Arena'],Casa Giulietta,"['Centro Fotografia', 'Sighseeing', 'Torre Lamberti', 'Museo Conte', 'Museo Radio']",Palazzo della Ragione,strategy_nearest,False,0.0015530586242675781,success
048F563A9C4C80,4,"['Arena', 'Torre Lamberti', 'Santa Anastasia', 'Duomo']",Teatro Romano,"['AMO', 'Palazzo della Ragione', 'Museo Conte', 'Centro Fotografia', 'Museo Miniscalchi']",Castelvecchio,strategy_nearest,False,0.003017902374267578,success
048F6C429C4C80,1,"['Arena', 'Castelvecchio', 'Torre Lamberti']",Palazzo della Ragione,"['AMO', 'Museo Conte', 'Centro Fotografia', 'Sighseeing', 'Santa Anastasia']",Casa Giulietta,strategy_nearest,False,0.0023207664489746094,success
048F6E3A9C4C80,2,['Duomo'],Castelvecchio,"['Museo Lapidario', 'Verona Tour', 'Arena', 'Museo Radio', 'San Zeno']",Torre Lamberti,strategy_nearest,False,0.0033080577850341797,success
048F763A9C4C80,3,['Arena'],Casa Giulietta,"['Centro Fotografia', 'Sighseeing', 'Torre Lamberti', 'Museo Conte', 'Museo Radio']",Santa Anastasia,strategy_nearest,False,0.0033469200134277344,success
048F804A9C4C80,1,"['Arena', 'Palazzo della Ragione']",Torre Lamberti,"['Sighseeing', 'Centro Fotografia', 'Museo Conte', 'Casa Giulietta', 'AMO']",Casa Giulietta,strategy_nearest,True,0.0019440650939941406,success
048F83429C4C80,3,"['Arena', 'Castelvecchio']",Torre Lamberti,"['Sighseeing', 'Centro Fotografia', 'Museo Conte', 'Casa Giulietta', 'Palazzo della Ragione']",Casa Giulietta,strategy_nearest,True,0.002550840377807617,success
048F84429C4C80,1,"['Arena', 'Casa Giulietta']",Torre Lamberti,"['Sighseeing', 'Centro Fotografia', 'Museo Conte', 'Palazzo della Ragione', 'AMO']",Palazzo della Ragione,strategy_nearest,True,0.0036780834197998047,success
048F8F4A9C4C80,2,"['Torre Lamberti', 'Palazzo della Ragione']",Casa Giulietta,"['Centro Fotografia', 'Sighseeing', 'Museo Conte', 'Museo Radio', 'San Fermo']",Duomo,strategy_nearest,False,0.0024766921997070312,success
048F954A9C4C80,0,['Arena'],Casa Giulietta,"['Centro Fotografia', 'Sighseeing', 'Torre Lamberti', 'Museo Conte', 'Museo Radio']",Palazzo della Ragione,strategy_nearest,False,0.0036389827728271484,success
048F934A9C4C80,3,"['Arena', 'Torre Lamberti']",Casa Giulietta,"['Centro Fotografia', 'Sighseeing', 'Museo Conte', 'Museo Radio', 'Palazzo della Ragione']",Santa Anastasia,strategy_nearest,False,0.003050088882446289,success
048F94429C4C80,0,['Arena'],Castelvecchio,"['Museo Lapidario', 'Verona Tour', 'Museo Radio', 'San Zeno', 'Sighseeing']",Santa Anastasia,strategy_nearest,False,0.0031328201293945312,success
048F984A9C4C80,2,"['San Fermo', 'Santa Anastasia']",Duomo,"['AMO', 'Museo Miniscalchi', 'Teatro Romano', 'Palazzo della Ragione', 'Museo Conte']",Castelvecchio,strategy_nearest,False,0.0024878978729248047,success
048FAB429C4C80,0,"['Arena', 'Casa Giulietta']",Torre Lamberti,"['Sighseeing', 'Centro Fotografia', 'Museo Conte', 'Palazzo della Ragione', 'AMO']",Tomba Giulietta,strategy_nearest,False,0.003532886505126953,success
048FA3429C4C80,1,"['Castelvecchio', 'Arena']",Torre Lamberti,"['Sighseeing', 'Centro Fotografia', 'Museo Conte', 'Casa Giulietta', 'Palazzo della Ragione']",Palazzo della Ragione,strategy_nearest,True,0.0030908584594726562,success
048FA34A9C4C80,0,['Arena'],Casa Giulietta,"['Centro Fotografia', 'Sighseeing', 'Torre Lamberti', 'Museo Conte', 'Museo Radio']",Torre Lamberti,strategy_nearest,True,0.0017540454864501953,success
048FB13A9C4C80,2,['Castelvecchio'],Torre Lamberti,"['Sighseeing', 'Centro Fotografia', 'Museo Conte', 'Casa Giulietta', 'Palazzo della Ragione']",Casa Giulietta,strategy_nearest,True,0.001753091812133789,success
048FB23A9C4C80,0,['Arena'],Torre Lamberti,"['Sighseeing', 'Centro Fotografia', 'Museo Conte', 'Casa Giulietta', 'Palazzo della Ragione']",Casa Giulietta,strategy_nearest,True,0.0020380020141601562,success
048FB33A9C4C80,0,['Arena'],Castelvecchio,"['Museo Lapidario', 'Verona Tour', 'Museo Radio', 'San Zeno', 'Sighseeing']",Torre Lamberti,strategy_nearest,False,0.0029172897338867188,success
048FB63A9C4C80,3,"['Arena', 'San Fermo']",Torre Lamberti,"['Sighseeing', 'Centro Fotografia', 'Museo Conte', 'Casa Giulietta', 'Palazzo della Ragione']",Santa Anastasia,strategy_nearest,False,0.0035610198974609375,success
048FBE429C4C80,3,"['Arena', 'Castelvecchio', 'San Zeno']",Teatro Romano,"['Santa Anastasia', 'Duomo', 'AMO', 'Palazzo della Ragione', 'Museo Conte']",Duomo,strategy_nearest,True,0.002549886703491211,success
048FC2429C4C80,0,['Arena'],Castelvecchio,"['Museo Lapidario', 'Verona Tour', 'Museo Radio', 'San Zeno', 'Sighseeing']",Casa Giulietta,strategy_nearest,False,0.0028526782989501953,success
048FD03A9C4C80,3,"['San Fermo', 'Casa Giulietta', 'Santa Anastasia', 'Arena']",Museo Lapidario,"['Verona Tour', 'Castelvecchio', 'Museo Radio', 'Tomba Giulietta', 'Sighseeing']",Duomo,strategy_nearest,False,0.003175020217895508,success
048FCB429C4C80,2,"['Teatro Romano', 'Castelvecchio']",Museo Lapidario,"['Verona Tour', 'Arena', 'Museo Radio', 'San Fermo', 'Casa Giulietta']",Casa Giulietta,strategy_nearest,True,0.002741098403930664,success
048FCA3A9C4C80,0,['Arena'],Casa Giulietta,"['Centro Fotografia', 'Sighseeing', 'Torre Lamberti', 'Museo Conte', 'Museo Radio']",Duomo,strategy_nearest,False,0.0019369125366210938,success
048FD1429C4C80,0,['Casa Giulietta'],Castelvecchio,"['Museo Lapidario', 'Verona Tour', 'Arena', 'Museo Radio', 'San Zeno']",Arena,strategy_nearest,True,0.0026488304138183594,success
048FDF3A9C4C80,3,"['Casa Giulietta', 'Torre Lamberti']",Santa Anastasia,"['AMO', 'Museo Conte', 'Palazzo della Ragione', 'Teatro Romano', 'Centro Fotografia']",Duomo,strategy_nearest,False,0.0025069713592529297,success
048FD43A9C4C80,3,"['Santa Anastasia', 'Arena']",Torre Lamberti,"['Sighseeing', 'Centro Fotografia', 'Museo Conte', 'Casa Giulietta', 'Palazzo della Ragione']",Teatro Romano,strategy_nearest,False,0.002129077911376953,success
048FD23A9C4C80,3,"['Arena', 'Torre Lamberti', 'Duomo']",Casa Giulietta,"['Centro Fotografia', 'Sighseeing', 'Museo Conte', 'Museo Radio', 'Palazzo della Ragione']",Santa Anastasia,strategy_nearest,False,0.0035581588745117188,success
048FF9429C4C80,1,"['Torre Lamberti', 'Palazzo della Ragione', 'Casa Giulietta']",Arena,"['Verona Tour', 'Museo Lapidario', 'Museo Radio', 'San Fermo', 'Sighseeing']",Museo Lapidario,strategy_nearest,True,0.0040357112884521484,success
049015429C4C80,3,['Teatro Romano'],Santa Anastasia,"['AMO', 'Museo Conte', 'Palazzo della Ragione', 'Centro Fotografia', 'Duomo']",Casa Giulietta,strategy_nearest,False,0.003047943115234375,success
04900C429C4C84,3,"['Arena', 'Casa Giulietta', 'Santa Anastasia']",Duomo,"['AMO', 'Museo Miniscalchi', 'Teatro Romano', 'Palazzo della Ragione', 'Museo Conte']",Teatro Romano,strategy_nearest,True,0.0025098323822021484,success
049011429C4C84,2,['Casa Giulietta'],Santa Anastasia,"['AMO', 'Museo Conte', 'Palazzo della Ragione', 'Teatro Romano', 'Centro Fotografia']",Duomo,strategy_nearest,False,0.0018460750579833984,success
04901A3A9C4C80,3,"['Museo Lapidario', 'Arena', 'Casa Giulietta']",Torre Lamberti,"['Sighseeing', 'Centro Fotografia', 'Museo Conte', 'Palazzo della Ragione', 'AMO']",Santa Anastasia,strategy_nearest,False,0.0017440319061279297,success
049023429C4C84,2,['Castelvecchio'],Santa Anastasia,"['AMO', 'Museo Conte', 'Palazzo della Ragione', 'Teatro Romano', 'Centro Fotografia']",Teatro Romano,strategy_nearest,True,0.0022199153900146484,success
04901A3A9C4C84,2,['San Fermo'],Duomo,"['AMO', 'Museo Miniscalchi', 'Santa Anastasia', 'Teatro Romano', 'Palazzo della Ragione']",Teatro Romano,strategy_nearest,True,0.002925872802734375,success
049022429C4C80,3,"['Arena', 'Castelvecchio', 'Santa Anastasia']",Castelvecchio,"['Museo Lapidario', 'Verona Tour', 'Museo Radio', 'San Zeno', 'Sighseeing']",San Zeno,strategy_nearest,True,0.003495931625366211,success
049026429C4C80,0,['Castelvecchio'],Arena,"['Verona Tour', 'Museo Lapidario', 'Museo Radio', 'San Fermo', 'Casa Giulietta']",Casa Giulietta,strategy_nearest,True,0.0019237995147705078,success
049024429C4C84,2,['Castelvecchio'],Giardino Giusti,"['Santa Anastasia', 'Teatro Romano', 'Museo Conte', 'Centro Fotografia', 'Museo Storia']",Duomo,strategy_nearest,False,0.002892017364501953,success
04903D3A9C4C80,0,"['Casa Giulietta', 'Castelvecchio']",Torre Lamberti,"['Sighseeing', 'Centro Fotografia', 'Museo Conte', 'Palazzo della Ragione', 'AMO']",Arena,strategy_nearest,False,0.003228902816772461,success
0490394A9C4C80,2,['Teatro Romano'],Castelvecchio,"['Museo Lapidario', 'Verona Tour', 'Arena', 'Museo Radio', 'San Zeno']",San Fermo,strategy_nearest,False,0.0042150020599365234,success
0490463A9C4C80,2,"['Castelvecchio', 'Torre Lamberti']",Palazzo della Ragione,"['AMO', 'Museo Conte', 'Centro Fotografia', 'Sighseeing', 'Santa Anastasia']",Teatro Romano,strategy_nearest,False,0.002611875534057617,success
049047429C4C80,1,"['Teatro Romano', 'Santa Anastasia', 'Casa Giulietta', 'Casa Giulietta']",San Fermo,"['Museo Storia', 'Museo Radio', 'Centro Fotografia', 'Arena', 'Sighseeing']",Castelvecchio,strategy_nearest,False,0.0027132034301757812,success
04904F3A9C4C80,2,['Castelvecchio'],Torre Lamberti,"['Sighseeing', 'Centro Fotografia', 'Museo Conte', 'Casa Giulietta', 'Palazzo della Ragione']",Casa Giulietta,strategy_nearest,True,0.0032701492309570312,success
0490553A9C4C80,1,"['Arena', 'Museo Lapidario', 'Castelvecchio']",Torre Lamberti,"['Sighseeing', 'Centro Fotografia', 'Museo Conte', 'Casa Giulietta', 'Palazzo della Ragione']",Palazzo della Ragione,strategy_nearest,True,0.003993034362792969,success
049057429C4C80,3,"['Arena', 'Casa Giulietta']",Torre Lamberti,"['Sighseeing', 'Centro Fotografia', 'Museo Conte', 'Palazzo della Ragione', 'AMO']",Santa Anastasia,strategy_nearest,False,0.003535747528076172,success
0490593A9C4C80,2,"['San Zeno', 'Casa Giulietta']",Torre Lamberti,"['Sighseeing', 'Centro Fotografia', 'Museo Conte', 'Palazzo della Ragione', 'AMO']",Duomo,strategy_nearest,False,0.004656076431274414,success
049059429C4C80,0,['Arena'],Castelvecchio,"['Museo Lapidario', 'Verona Tour', 'Museo Radio', 'San Zeno', 'Sighseeing']",Duomo,strategy_nearest,False,0.0024650096893310547,success
04905C3A9C4C80,2,"['Teatro Romano', 'Duomo', 'Santa Anastasia']",Palazzo della Ragione,"['AMO', 'Museo Conte', 'Torre Lamberti', 'Centro Fotografia', 'Sighseeing']",Torre Lamberti,strategy_nearest,True,0.0020008087158203125,success
049060429C4C80,0,['Arena'],Casa Giulietta,"['Centro Fotografia', 'Sighseeing', 'Torre Lamberti', 'Museo Conte', 'Museo Radio']",Castelvecchio,strategy_nearest,False,0.0024881362915039062,success
04905C429C4C80,1,"['Arena', 'Casa Giulietta', 'Torre Lamberti']",Palazzo della Ragione,"['AMO', 'Museo Conte', 'Centro Fotografia', 'Sighseeing', 'Santa Anastasia']",Santa Anastasia,strategy_nearest,True,0.0029230117797851562,success
049064429C4C80,0,"['Tomba Giulietta', 'Arena']",Casa Giulietta,"['Centro Fotografia', 'Sighseeing', 'Torre Lamberti', 'Museo Conte', 'Museo Radio']",Torre Lamberti,strategy_nearest,True,0.0030298233032226562,success
0490723A9C4C80,2,['Santa Anastasia'],Casa Giulietta,"['Centro Fotografia', 'Sighseeing', 'Torre Lamberti', 'Museo Conte', 'Museo Radio']",Palazzo della Ragione,strategy_nearest,False,0.0028963088989257812,success
049069429C4C80,0,['Arena'],Duomo,"['AMO', 'Museo Miniscalchi', 'Santa Anastasia', 'Teatro Romano', 'Palazzo della Ragione']",Castelvecchio,strategy_nearest,False,0.0023081302642822266,success
0490773A9C4C80,3,"['Casa Giulietta', 'Arena', 'Torre Lamberti']",Teatro Romano,"['Santa Anastasia', 'Duomo', 'AMO', 'Palazzo della Ragione', 'Museo Conte']",Tomba Giulietta,strategy_nearest,False,0.003289937973022461,success
04907D4A9C4C80,3,"['Arena', 'Museo Lapidario', 'Castelvecchio']",Torre Lamberti,"['Sighseeing', 'Centro Fotografia', 'Museo Conte', 'Casa Giulietta', 'Palazzo della Ragione']",Casa Giulietta,strategy_nearest,True,0.002627134323120117,success
049078429C4C80,3,"['Arena', 'Casa Giulietta']",Torre Lamberti,"['Sighseeing', 'Centro Fotografia', 'Museo Conte', 'Palazzo della Ragione', 'AMO']",Santa Anastasia,strategy_nearest,False,0.0018680095672607422,success
049087429C4C80,0,['Castelvecchio'],Arena,"['Verona Tour', 'Museo Lapidario', 'Museo Radio', 'San Fermo', 'Casa Giulietta']",Casa Giulietta,strategy_nearest,True,0.0031938552856445312,success
04908C4A9C4C80,1,['Arena'],Casa Giulietta,"['Centro Fotografia', 'Sighseeing', 'Torre Lamberti', 'Museo Conte', 'Museo Radio']",Torre Lamberti,strategy_nearest,True,0.003659963607788086,success
0490984A9C4C80,3,"['Arena', 'Casa Giulietta']",Torre Lamberti,"['Sighseeing', 'Centro Fotografia', 'Museo Conte', 'Palazzo della Ragione', 'AMO']",Santa Anastasia,strategy_nearest,False,0.003083944320678711,success
04909C429C4C80,0,"['Arena', 'Duomo']",Torre Lamberti,"['Sighseeing', 'Centro Fotografia', 'Museo Conte', 'Casa Giulietta', 'Palazzo della Ragione']",Casa Giulietta,strategy_nearest,True,0.0015330314636230469,success
049098429C4C80,1,['Arena'],Palazzo della Ragione,"['AMO', 'Museo Conte', 'Torre Lamberti', 'Centro Fotografia', 'Sighseeing']",Torre Lamberti,strategy_nearest,True,0.00385284423828125,success
049095429C4C80,0,['Arena'],Casa Giulietta,"['Centro Fotografia', 'Sighseeing', 'Torre Lamberti', 'Museo Conte', 'Museo Radio']",Santa Anastasia,strategy_nearest,False,0.002483844757080078,success
0490A63A9C4C80,3,"['Arena', 'Torre Lamberti']",Santa Anastasia,"['AMO', 'Museo Conte', 'Palazzo della Ragione', 'Teatro Romano', 'Centro Fotografia']",Castelvecchio,strategy_nearest,False,0.002651691436767578,success
0490AA429C4C80,3,"['Casa Giulietta', 'Santa Anastasia']",Teatro Romano,"['Duomo', 'AMO', 'Palazzo della Ragione', 'Museo Conte', 'Centro Fotografia']",Arena,strategy_nearest,False,0.0018148422241210938,success
04909D429C4C80,3,"['Arena', 'San Fermo', 'Santa Anastasia']",Duomo,"['AMO', 'Museo Miniscalchi', 'Teatro Romano', 'Palazzo della Ragione', 'Museo Conte']",Casa Giulietta,strategy_nearest,False,0.0032889842987060547,success
0490AB3A9C4C80,0,['Arena'],Casa Giulietta,"['Centro Fotografia', 'Sighseeing', 'Torre Lamberti', 'Museo Conte', 'Museo Radio']",Castelvecchio,strategy_nearest,False,0.0036559104919433594,success
0490BA3A9C4C80,0,['Arena'],Casa Giulietta,"['Centro Fotografia', 'Sighseeing', 'Torre Lamberti', 'Museo Conte', 'Museo Radio']",Santa Anastasia,strategy_nearest,False,0.002880096435546875,success
0490BB3A9C4C80,1,"['Arena', 'Torre Lamberti']",Palazzo della Ragione,"['AMO', 'Museo Conte', 'Centro Fotografia', 'Sighseeing', 'Santa Anastasia']",Santa Anastasia,strategy_nearest,True,0.002132892608642578,success
0490AE429C4C80,1,"['Arena', 'Castelvecchio']",Torre Lamberti,"['Sighseeing', 'Centro Fotografia', 'Museo Conte', 'Casa Giulietta', 'Palazzo della Ragione']",Palazzo della Ragione,strategy_nearest,True,0.0016639232635498047,success
0490BA429C4C80,3,"['Castelvecchio', 'Arena']",Santa Anastasia,"['AMO', 'Museo Conte', 'Palazzo della Ragione', 'Teatro Romano', 'Centro Fotografia']",Duomo,strategy_nearest,False,0.0033729076385498047,success
0490E63A9C4C80,4,"['Arena', 'Torre Lamberti', 'Santa Anastasia', 'Duomo']",Teatro Romano,"['AMO', 'Palazzo della Ragione', 'Museo Conte', 'Centro Fotografia', 'Museo Miniscalchi']",Castelvecchio,strategy_nearest,False,0.003635883331298828,success
0490C2429C4C80,0,['Arena'],Casa Giulietta,"['Centro Fotografia', 'Sighseeing', 'Torre Lamberti', 'Museo Conte', 'Museo Radio']",Torre Lamberti,strategy_nearest,True,0.003403902053833008,success
0490E23A9C4C80,0,"['Arena', 'Casa Giulietta']",Torre Lamberti,"['Sighseeing', 'Centro Fotografia', 'Museo Conte', 'Palazzo della Ragione', 'AMO']",Castelvecchio,strategy_nearest,False,0.002407073974609375,success
0490C5429C4C80,2,['Casa Giulietta'],Palazzo della Ragione,"['AMO', 'Museo Conte', 'Torre Lamberti', 'Centro Fotografia', 'Sighseeing']",Torre Lamberti,strategy_nearest,True,0.001967191696166992,success
0490EA3A9C4C80,2,['Duomo'],Casa Giulietta,"['Centro Fotografia', 'Sighseeing', 'Torre Lamberti', 'Museo Conte', 'Museo Radio']",Castelvecchio,strategy_nearest,False,0.001682281494140625,success
049101429C4C84,3,"['Arena', 'Torre Lamberti']",San Zeno,"['Castelvecchio', 'Verona Tour', 'Museo Lapidario', 'Museo Miniscalchi', 'Sighseeing']",Castelvecchio,strategy_nearest,True,0.0030601024627685547,success
0490F63A9C4C80,0,['Casa Giulietta'],Torre Lamberti,"['Sighseeing', 'Centro Fotografia', 'Museo Conte', 'Palazzo della Ragione', 'AMO']",Arena,strategy_nearest,False,0.0023009777069091797,success
049106429C4C84,1,['Palazzo della Ragione'],Santa Anastasia,"['AMO', 'Museo Conte', 'Teatro Romano', 'Centro Fotografia', 'Duomo']",Arena,strategy_nearest,False,0.003554821014404297,success
049109429C4C80,3,"['Castelvecchio', 'Arena']",Casa Giulietta,"['Centro Fotografia', 'Sighseeing', 'Torre Lamberti', 'Museo Conte', 'Museo Radio']",Torre Lamberti,strategy_nearest,True,0.0019528865814208984,success
04910B4A9C4C80,1,"['Arena', 'Museo Lapidario', 'Castelvecchio', 'Duomo']",San Fermo,"['Museo Storia', 'Museo Radio', 'Casa Giulietta', 'Centro Fotografia', 'Sighseeing']",Casa Giulietta,strategy_nearest,True,0.0037298202514648438,success
04910A3A9C4C84,2,['Casa Giulietta'],Torre Lamberti,"['Sighseeing', 'Centro Fotografia', 'Museo Conte', 'Palazzo della Ragione', 'AMO']",Castelvecchio,strategy_nearest,False,0.003194093704223633,success
049107429C4C80,0,['Arena'],Torre Lamberti,"['Sighseeing', 'Centro Fotografia', 'Museo Conte', 'Casa Giulietta', 'Palazzo della Ragione']",Tomba Giulietta,strategy_nearest,False,0.0026950836181640625,success
04910C4A9C4C80,3,"['Arena', 'Museo Lapidario', 'Castelvecchio']",Casa Giulietta,"['Centro Fotografia', 'Sighseeing', 'Torre Lamberti', 'Museo Conte', 'Museo Radio']",Teatro Romano,strategy_nearest,False,0.0015490055084228516,success
049121429C4C84,2,"['San Fermo', 'Casa Giulietta', 'Torre Lamberti']",Santa Anastasia,"['AMO', 'Museo Conte', 'Palazzo della Ragione', 'Teatro Romano', 'Centro Fotografia']",Duomo,strategy_nearest,False,0.0027480125427246094,success
04910D429C4C80,0,['Arena'],San Zeno,"['Castelvecchio', 'Verona Tour', 'Museo Lapidario', 'Museo Miniscalchi', 'Sighseeing']",Casa Giulietta,strategy_nearest,False,0.0022521018981933594,success
0491223A9C4C80,0,['Castelvecchio'],Torre Lamberti,"['Sighseeing', 'Centro Fotografia', 'Museo Conte', 'Casa Giulietta', 'Palazzo della Ragione']",Arena,strategy_nearest,False,0.0033550262451171875,success
0491243A9C4C80,0,['Arena'],Tomba Giulietta,"['San Fermo', 'Museo Storia', 'Museo Lapidario', 'Museo Radio', 'Verona Tour']",Casa Giulietta,strategy_nearest,False,0.0014698505401611328,success
049128429C4C84,0,"['Arena', 'Casa Giulietta']",Giardino Giusti,"['Santa Anastasia', 'Teatro Romano', 'Museo Conte', 'Centro Fotografia', 'Museo Storia']",Tomba Giulietta,strategy_nearest,False,0.0030689239501953125,success
04912B429C4C80,3,"['Arena', 'San Fermo', 'Torre Lamberti']",Santa Anastasia,"['AMO', 'Museo Conte', 'Palazzo della Ragione', 'Teatro Romano', 'Centro Fotografia']",Duomo,strategy_nearest,False,0.00215911865234375,success
04912D429C4C80,3,"['Arena', 'Casa Giulietta', 'Teatro Romano', 'Duomo']",Santa Anastasia,"['AMO', 'Museo Conte', 'Palazzo della Ragione', 'Centro Fotografia', 'Torre Lamberti']",Torre Lamberti,strategy_nearest,True,0.0031440258026123047,success
04913EC27B3F80,3,"['Arena', 'Torre Lamberti']",Casa Giulietta,"['Centro Fotografia', 'Sighseeing', 'Museo Conte', 'Museo Radio', 'Palazzo della Ragione']",Santa Anastasia,strategy_nearest,False,0.0027518272399902344,success
049137429C4C80,3,['Arena'],Casa Giulietta,"['Centro Fotografia', 'Sighseeing', 'Torre Lamberti', 'Museo Conte', 'Museo Radio']",Santa Anastasia,strategy_nearest,False,0.002017974853515625,success
0491333A9C4C80,0,['Arena'],Casa Giulietta,"['Centro Fotografia', 'Sighseeing', 'Torre Lamberti', 'Museo Conte', 'Museo Radio']",Castelvecchio,strategy_nearest,False,0.003574848175048828,success
0491463A9C4C80,2,['Torre Lamberti'],Castelvecchio,"['Museo Lapidario', 'Verona Tour', 'Arena', 'Museo Radio', 'San Zeno']",San Zeno,strategy_nearest,True,0.0034101009368896484,success
04914B3A9C4C80,2,"['Teatro Romano', 'Torre Lamberti', 'Palazzo della Ragione']",Santa Anastasia,"['AMO', 'Museo Conte', 'Centro Fotografia', 'Duomo', 'Sighseeing']",Castelvecchio,strategy_nearest,False,0.0031511783599853516,success
049156429C4C80,0,['Arena'],Casa Giulietta,"['Centro Fotografia', 'Sighseeing', 'Torre Lamberti', 'Museo Conte', 'Museo Radio']",Torre Lamberti,strategy_nearest,True,0.0027740001678466797,success
04914D429C4C80,2,"['Casa Giulietta', 'Duomo']",Santa Anastasia,"['AMO', 'Museo Conte', 'Palazzo della Ragione', 'Teatro Romano', 'Centro Fotografia']",Castelvecchio,strategy_nearest,False,0.003566265106201172,success
049156C27B3F80,3,"['Arena', 'Torre Lamberti']",Casa Giulietta,"['Centro Fotografia', 'Sighseeing', 'Museo Conte', 'Museo Radio', 'Palazzo della Ragione']",Santa Anastasia,strategy_nearest,False,0.003920078277587891,success
04915B429C4C80,1,"['Arena', 'Museo Lapidario', 'Palazzo della Ragione', 'Torre Lamberti']",Santa Anastasia,"['AMO', 'Museo Conte', 'Teatro Romano', 'Centro Fotografia', 'Duomo']",Duomo,strategy_nearest,True,0.0020360946655273438,success
04916EC27B3F80,3,"['Castelvecchio', 'Arena', 'Tomba Giulietta']",San Fermo,"['Museo Storia', 'Museo Radio', 'Casa Giulietta', 'Centro Fotografia', 'Sighseeing']",Casa Giulietta,strategy_nearest,True,0.0023391246795654297,success
04915A3A9C4C80,1,"['Teatro Romano', 'Arena', 'Casa Giulietta']",Torre Lamberti,"['Sighseeing', 'Centro Fotografia', 'Museo Conte', 'Palazzo della Ragione', 'AMO']",Palazzo della Ragione,strategy_nearest,True,0.0033349990844726562,success
04917AC27B3F80,3,"['Castelvecchio', 'Arena', 'Tomba Giulietta']",San Fermo,"['Museo Storia', 'Museo Radio', 'Casa Giulietta', 'Centro Fotografia', 'Sighseeing']",Casa Giulietta,strategy_nearest,True,0.0025420188903808594,success
049162C27B3F80,3,"['Castelvecchio', 'Arena', 'Tomba Giulietta']",San Fermo,"['Museo Storia', 'Museo Radio', 'Casa Giulietta', 'Centro Fotografia', 'Sighseeing']",Casa Giulietta,strategy_nearest,True,0.0035610198974609375,success
04917C4A9C4C80,0,['Arena'],Casa Giulietta,"['Centro Fotografia', 'Sighseeing', 'Torre Lamberti', 'Museo Conte', 'Museo Radio']",Duomo,strategy_nearest,False,0.001486063003540039,success
04917C429C4C80,1,"['Castelvecchio', 'Arena']",Casa Giulietta,"['Centro Fotografia', 'Sighseeing', 'Torre Lamberti', 'Museo Conte', 'Museo Radio']",Torre Lamberti,strategy_nearest,True,0.002825021743774414,success
0491803A9C4C80,2,"['Castelvecchio', 'Torre Lamberti', 'Duomo']",Santa Anastasia,"['AMO', 'Museo Conte', 'Palazzo della Ragione', 'Teatro Romano', 'Centro Fotografia']",Casa Giulietta,strategy_nearest,False,0.0036458969116210938,success
049184429C4C80,0,"['Arena', 'Museo Lapidario']",Castelvecchio,"['Verona Tour', 'Museo Radio', 'San Zeno', 'Sighseeing', 'Museo Miniscalchi']",Casa Giulietta,strategy_nearest,False,0.002552032470703125,success
0491854A9C4C80,0,['Arena'],Torre Lamberti,"['Sighseeing', 'Centro Fotografia', 'Museo Conte', 'Casa Giulietta', 'Palazzo della Ragione']",Casa Giulietta,strategy_nearest,True,0.0024809837341308594,success
0491864A9C4C80,0,['Arena'],Museo Lapidario,"['Verona Tour', 'Castelvecchio', 'Museo Radio', 'San Fermo', 'Casa Giulietta']",Museo Storia,strategy_nearest,False,0.0018889904022216797,success
049186C27B3F80,3,"['Castelvecchio', 'Arena', 'Tomba Giulietta']",San Fermo,"['Museo Storia', 'Museo Radio', 'Casa Giulietta', 'Centro Fotografia', 'Sighseeing']",Casa Giulietta,strategy_nearest,True,0.002444744110107422,success
049191C27B3F80,0,['Castelvecchio'],Arena,"['Verona Tour', 'Museo Lapidario', 'Museo Radio', 'San Fermo', 'Casa Giulietta']",Casa Giulietta,strategy_nearest,True,0.0032570362091064453,success
04918A4A9C4C80,3,['Arena'],Casa Giulietta,"['Centro Fotografia', 'Sighseeing', 'Torre Lamberti', 'Museo Conte', 'Museo Radio']",Santa Anastasia,strategy_nearest,False,0.0022530555725097656,success
049197C27B3F80,3,"['Castelvecchio', 'Arena']",Torre Lamberti,"['Sighseeing', 'Centro Fotografia', 'Museo Conte', 'Casa Giulietta', 'Palazzo della Ragione']",Santa Anastasia,strategy_nearest,False,0.002541780471801758,success
04918C4A9C4C80,0,['Castelvecchio'],Arena,"['Verona Tour', 'Museo Lapidario', 'Museo Radio', 'San Fermo', 'Casa Giulietta']",Teatro Romano,strategy_nearest,False,0.004094839096069336,success
0491A3429C4C80,2,['Castelvecchio'],Casa Giulietta,"['Centro Fotografia', 'Sighseeing', 'Torre Lamberti', 'Museo Conte', 'Museo Radio']",Torre Lamberti,strategy_nearest,True,0.0029168128967285156,success
04919DC27B3F80,3,"['Castelvecchio', 'Arena']",Torre Lamberti,"['Sighseeing', 'Centro Fotografia', 'Museo Conte', 'Casa Giulietta', 'Palazzo della Ragione']",Santa Anastasia,strategy_nearest,False,0.0022652149200439453,success
049198C27B3F80,0,['Castelvecchio'],Arena,"['Verona Tour', 'Museo Lapidario', 'Museo Radio', 'San Fermo', 'Casa Giulietta']",Casa Giulietta,strategy_nearest,True,0.0030579566955566406,success
0491A4429C4C80,3,"['Arena', 'Casa Giulietta']",Torre Lamberti,"['Sighseeing', 'Centro Fotografia', 'Museo Conte', 'Palazzo della Ragione', 'AMO']",Santa Anastasia,strategy_nearest,False,0.0034711360931396484,success
0491A9429C4C80,3,"['Santa Anastasia', 'Torre Lamberti']",Casa Giulietta,"['Centro Fotografia', 'Sighseeing', 'Museo Conte', 'Museo Radio', 'Palazzo della Ragione']",Arena,strategy_nearest,False,0.0021560192108154297,success
0491AB429C4C80,2,['Casa Giulietta'],Santa Anastasia,"['AMO', 'Museo Conte', 'Palazzo della Ragione', 'Teatro Romano', 'Centro Fotografia']",Teatro Romano,strategy_nearest,True,0.0013539791107177734,success
0491A83A9C4C80,1,"['Arena', 'Casa Giulietta']",Torre Lamberti,"['Sighseeing', 'Centro Fotografia', 'Museo Conte', 'Palazzo della Ragione', 'AMO']",Palazzo della Ragione,strategy_nearest,True,0.003545999526977539,success
0491BC3A9C4C80,0,['Arena'],Casa Giulietta,"['Centro Fotografia', 'Sighseeing', 'Torre Lamberti', 'Museo Conte', 'Museo Radio']",San Zeno,strategy_nearest,False,0.0032989978790283203,success
0491C73A9C4C80,0,['Arena'],Casa Giulietta,"['Centro Fotografia', 'Sighseeing', 'Torre Lamberti', 'Museo Conte', 'Museo Radio']",Castelvecchio,strategy_nearest,False,0.0035321712493896484,success
0491BF3A9C4C80,0,['Arena'],Casa Giulietta,"['Centro Fotografia', 'Sighseeing', 'Torre Lamberti', 'Museo Conte', 'Museo Radio']",Santa Anastasia,strategy_nearest,False,0.002988100051879883,success
0491CF429C4C80,3,"['Arena', 'Casa Giulietta', 'San Fermo']",Castelvecchio,"['Museo Lapidario', 'Verona Tour', 'Museo Radio', 'San Zeno', 'Sighseeing']",San Zeno,strategy_nearest,True,0.0016982555389404297,success
0491D33A9C4C80,2,"['Torre Lamberti', 'Santa Anastasia']",Duomo,"['AMO', 'Museo Miniscalchi', 'Teatro Romano', 'Palazzo della Ragione', 'Museo Conte']",Casa Giulietta,strategy_nearest,False,0.0021729469299316406,success
0491E13A9C4C80,3,"['Arena', 'Santa Anastasia', 'Teatro Romano']",Castelvecchio,"['Museo Lapidario', 'Verona Tour', 'Museo Radio', 'San Zeno', 'Sighseeing']",Duomo,strategy_nearest,False,0.002343893051147461,success
049213C27B3F80,0,['Arena'],Casa Giulietta,"['Centro Fotografia', 'Sighseeing', 'Torre Lamberti', 'Museo Conte', 'Museo Radio']",Santa Anastasia,strategy_nearest,False,0.0016341209411621094,success
0491EB3A9C4C80,0,"['Arena', 'Museo Lapidario']",Castelvecchio,"['Verona Tour', 'Museo Radio', 'San Zeno', 'Sighseeing', 'Museo Miniscalchi']",Torre Lamberti,strategy_nearest,False,0.003069162368774414,success
0492143A9C4C80,1,"['Arena', 'Museo Lapidario', 'Castelvecchio']",Duomo,"['AMO', 'Museo Miniscalchi', 'Santa Anastasia', 'Teatro Romano', 'Palazzo della Ragione']",Palazzo della Ragione,strategy_nearest,True,0.0035810470581054688,success
049217429C4C84,0,['Museo Lapidario'],Arena,"['Verona Tour', 'Museo Radio', 'San Fermo', 'Casa Giulietta', 'Sighseeing']",Duomo,strategy_nearest,False,0.0024230480194091797,success
0492184A9C4C80,1,"['Arena', 'Castelvecchio', 'San Zeno']",Santa Anastasia,"['AMO', 'Museo Conte', 'Palazzo della Ragione', 'Teatro Romano', 'Centro Fotografia']",Torre Lamberti,strategy_nearest,False,0.0017659664154052734,success
049219C27B3F80,0,['Arena'],Casa Giulietta,"['Centro Fotografia', 'Sighseeing', 'Torre Lamberti', 'Museo Conte', 'Museo Radio']",Santa Anastasia,strategy_nearest,False,0.003049135208129883,success
04921AC27B3F80,1,"['Castelvecchio', 'Arena', 'Torre Lamberti']",Palazzo della Ragione,"['AMO', 'Museo Conte', 'Centro Fotografia', 'Sighseeing', 'Santa Anastasia']",Santa Anastasia,strategy_nearest,True,0.0036652088165283203,success
0492293A9C4C80,3,"['Casa Giulietta', 'Santa Anastasia']",Teatro Romano,"['Duomo', 'AMO', 'Palazzo della Ragione', 'Museo Conte', 'Centro Fotografia']",Duomo,strategy_nearest,True,0.002103090286254883,success
04921F429C4C84,2,"['Santa Anastasia', 'Duomo', 'Teatro Romano']",Casa Giulietta,"['Centro Fotografia', 'Sighseeing', 'Torre Lamberti', 'Museo Conte', 'Museo Radio']",San Zeno,strategy_nearest,False,0.002733945846557617,success
049226C27B3F80,1,"['Castelvecchio', 'Arena', 'Torre Lamberti']",Palazzo della Ragione,"['AMO', 'Museo Conte', 'Centro Fotografia', 'Sighseeing', 'Santa Anastasia']",Santa Anastasia,strategy_nearest,True,0.003446817398071289,success
049229429C4C80,1,"['Arena', 'Museo Lapidario', 'Castelvecchio', 'Torre Lamberti', 'Palazzo della Ragione']",Casa Giulietta,"['Centro Fotografia', 'Sighseeing', 'Museo Conte', 'Museo Radio', 'San Fermo']",San Zeno,strategy_nearest,False,0.0032892227172851562,success
049229429C4C84,3,"['Casa Giulietta', 'Torre Lamberti', 'Santa Anastasia']",Teatro Romano,"['Duomo', 'AMO', 'Palazzo della Ragione', 'Museo Conte', 'Centro Fotografia']",Arena,strategy_nearest,False,0.003136873245239258,success
0492313A9C4C80,2,"['Castelvecchio', 'Teatro Romano']",Santa Anastasia,"['AMO', 'Museo Conte', 'Palazzo della Ragione', 'Centro Fotografia', 'Duomo']",Torre Lamberti,strategy_nearest,False,0.0018639564514160156,success
0492394A9C4C80,1,"['Teatro Romano', 'Duomo', 'Arena']",Torre Lamberti,"['Sighseeing', 'Centro Fotografia', 'Museo Conte', 'Casa Giulietta', 'Palazzo della Ragione']",Casa Giulietta,strategy_nearest,True,0.003578662872314453,success
04922D429C4C80,1,"['Arena', 'Castelvecchio', 'San Zeno', 'Tomba Giulietta']",Casa Giulietta,"['Centro Fotografia', 'Sighseeing', 'Torre Lamberti', 'Museo Conte', 'Museo Radio']",Torre Lamberti,strategy_nearest,True,0.0037391185760498047,success
04924FC27B3F80,2,"['San Fermo', 'Casa Giulietta']",Torre Lamberti,"['Sighseeing', 'Centro Fotografia', 'Museo Conte', 'Palazzo della Ragione', 'AMO']",Teatro Romano,strategy_nearest,False,0.002123117446899414,success
049249429C4C80,3,['Arena'],Santa Anastasia,"['AMO', 'Museo Conte', 'Palazzo della Ragione', 'Teatro Romano', 'Centro Fotografia']",Duomo,strategy_nearest,False,0.0030601024627685547,success
04923A4A9C4C80,2,"['Casa Giulietta', 'Torre Lamberti']",Palazzo della Ragione,"['AMO', 'Museo Conte', 'Centro Fotografia', 'Sighseeing', 'Santa Anastasia']",Santa Anastasia,strategy_nearest,True,0.0022919178009033203,success
0492513A9C4C80,0,"['San Fermo', 'Arena']",Casa Giulietta,"['Centro Fotografia', 'Sighseeing', 'Torre Lamberti', 'Museo Conte', 'Museo Radio']",Teatro Romano,strategy_nearest,False,0.003092050552368164,success
0492673A9C4C80,3,"['Arena', 'San Fermo', 'Santa Anastasia']",Castelvecchio,"['Museo Lapidario', 'Verona Tour', 'Museo Radio', 'San Zeno', 'Sighseeing']",Duomo,strategy_nearest,False,0.0022068023681640625,success
049253429C4C80,0,['Arena'],Casa Giulietta,"['Centro Fotografia', 'Sighseeing', 'Torre Lamberti', 'Museo Conte', 'Museo Radio']",Castelvecchio,strategy_nearest,False,0.004044055938720703,success
04926F429C4C80,1,"['Arena', 'Casa Giulietta']",Palazzo della Ragione,"['AMO', 'Museo Conte', 'Torre Lamberti', 'Centro Fotografia', 'Sighseeing']",Teatro Romano,strategy_nearest,False,0.0027959346771240234,success
049277429C4C80,3,['Arena'],Teatro Romano,"['Santa Anastasia', 'Duomo', 'AMO', 'Palazzo della Ragione', 'Museo Conte']",Santa Anastasia,strategy_nearest,True,0.0038301944732666016,success
0492854A9C4C80,1,"['Arena', 'Casa Giulietta']",Torre Lamberti,"['Sighseeing', 'Centro Fotografia', 'Museo Conte', 'Palazzo della Ragione', 'AMO']",Palazzo della Ragione,strategy_nearest,True,0.002763986587524414,success
04927B429C4C80,1,"['Casa Giulietta', 'Torre Lamberti', 'Palazzo della Ragione']",Arena,"['Verona Tour', 'Museo Lapidario', 'Museo Radio', 'San Fermo', 'Sighseeing']",Duomo,strategy_nearest,False,0.0018601417541503906,success
0492824A9C4C80,1,['Arena'],Torre Lamberti,"['Sighseeing', 'Centro Fotografia', 'Museo Conte', 'Casa Giulietta', 'Palazzo della Ragione']",Palazzo della Ragione,strategy_nearest,True,0.002459287643432617,success
0492844A9C4C80,1,['Arena'],Santa Anastasia,"['AMO', 'Museo Conte', 'Palazzo della Ragione', 'Teatro Romano', 'Centro Fotografia']",Palazzo della Ragione,strategy_nearest,True,0.003635883331298828,success
0492894A9C4C80,2,['Casa Giulietta'],Torre Lamberti,"['Sighseeing', 'Centro Fotografia', 'Museo Conte', 'Palazzo della Ragione', 'AMO']",San Zeno,strategy_nearest,False,0.0021779537200927734,success
0492864A9C4C80,3,"['Arena', 'Casa Giulietta']",Torre Lamberti,"['Sighseeing', 'Centro Fotografia', 'Museo Conte', 'Palazzo della Ragione', 'AMO']",Teatro Romano,strategy_nearest,False,0.0016169548034667969,success
04928B4A9C4C80,2,"['Castelvecchio', 'Torre Lamberti']",Palazzo della Ragione,"['AMO', 'Museo Conte', 'Centro Fotografia', 'Sighseeing', 'Santa Anastasia']",Casa Giulietta,strategy_nearest,False,0.0034198760986328125,success
0492863A9C4C80,2,['Casa Giulietta'],Santa Anastasia,"['AMO', 'Museo Conte', 'Palazzo della Ragione', 'Teatro Romano', 'Centro Fotografia']",Duomo,strategy_nearest,False,0.0032079219818115234,success
0492A63A9C4C80,2,['Castelvecchio'],Casa Giulietta,"['Centro Fotografia', 'Sighseeing', 'Torre Lamberti', 'Museo Conte', 'Museo Radio']",Tomba Giulietta,strategy_nearest,False,0.0020799636840820312,success
0492A3429C4C80,0,['Arena'],Duomo,"['AMO', 'Museo Miniscalchi', 'Santa Anastasia', 'Teatro Romano', 'Palazzo della Ragione']",San Fermo,strategy_nearest,False,0.0034842491149902344,success
0492944A9C4C80,3,['Arena'],Casa Giulietta,"['Centro Fotografia', 'Sighseeing', 'Torre Lamberti', 'Museo Conte', 'Museo Radio']",Santa Anastasia,strategy_nearest,False,0.0017132759094238281,success
04929E429C4C80,0,['Arena'],Casa Giulietta,"['Centro Fotografia', 'Sighseeing', 'Torre Lamberti', 'Museo Conte', 'Museo Radio']",Duomo,strategy_nearest,False,0.0029489994049072266,success
0492AA429C4C80,1,"['Torre Lamberti', 'Palazzo della Ragione']",Castelvecchio,"['Museo Lapidario', 'Verona Tour', 'Arena', 'Museo Radio', 'San Zeno']",Santa Anastasia,strategy_nearest,False,0.002527952194213867,success
0492A9429C4C80,3,['Arena'],Santa Anastasia,"['AMO', 'Museo Conte', 'Palazzo della Ragione', 'Teatro Romano', 'Centro Fotografia']",Teatro Romano,strategy_nearest,True,0.0018758773803710938,success
0492AF429C4C80,1,"['Arena', 'Casa Giulietta']",Torre Lamberti,"['Sighseeing', 'Centro Fotografia', 'Museo Conte', 'Palazzo della Ragione', 'AMO']",Palazzo della Ragione,strategy_nearest,True,0.003103017807006836,success
0492AE429C4C80,0,['Arena'],Casa Giulietta,"['Centro Fotografia', 'Sighseeing', 'Torre Lamberti', 'Museo Conte', 'Museo Radio']",Torre Lamberti,strategy_nearest,True,0.003997802734375,success
0492BE429C4C80,3,"['Casa Giulietta', 'Santa Anastasia']",Duomo,"['AMO', 'Museo Miniscalchi', 'Teatro Romano', 'Palazzo della Ragione', 'Museo Conte']",Torre Lamberti,strategy_nearest,False,0.0029413700103759766,success
0492BD3A9C4C80,3,"['Arena', 'Casa Giulietta', 'Torre Lamberti']",Teatro Romano,"['Santa Anastasia', 'Duomo', 'AMO', 'Palazzo della Ragione', 'Museo Conte']",Duomo,strategy_nearest,True,0.001934051513671875,success
0492B0429C4C80,1,"['Arena', 'Casa Giulietta']",Palazzo della Ragione,"['AMO', 'Museo Conte', 'Torre Lamberti', 'Centro Fotografia', 'Sighseeing']",Torre Lamberti,strategy_nearest,True,0.0026397705078125,success
0492BC3A9C4C80,1,"['Palazzo della Ragione', 'Casa Giulietta']",Arena,"['Verona Tour', 'Museo Lapidario', 'Museo Radio', 'San Fermo', 'Sighseeing']",Duomo,strategy_nearest,False,0.0038330554962158203,success
0492D63A9C4C80,0,['Arena'],Castelvecchio,"['Museo Lapidario', 'Verona Tour', 'Museo Radio', 'San Zeno', 'Sighseeing']",Casa Giulietta,strategy_nearest,False,0.0014240741729736328,success
0492C9429C4C80,0,['Arena'],Casa Giulietta,"['Centro Fotografia', 'Sighseeing', 'Torre Lamberti', 'Museo Conte', 'Museo Radio']",Santa Anastasia,strategy_nearest,False,0.002359151840209961,success
0492CE3A9C4C80,3,['Arena'],Casa Giulietta,"['Centro Fotografia', 'Sighseeing', 'Torre Lamberti', 'Museo Conte', 'Museo Radio']",Santa Anastasia,strategy_nearest,False,0.002911090850830078,success
0492D73A9C4C80,3,['Arena'],Torre Lamberti,"['Sighseeing', 'Centro Fotografia', 'Museo Conte', 'Casa Giulietta', 'Palazzo della Ragione']",Santa Anastasia,strategy_nearest,False,0.003650188446044922,success
0492E5429C4C80,1,"['Casa Giulietta', 'Torre Lamberti']",Palazzo della Ragione,"['AMO', 'Museo Conte', 'Centro Fotografia', 'Sighseeing', 'Santa Anastasia']",Santa Anastasia,strategy_nearest,True,0.003083944320678711,success
0492E33A9C4C80,1,"['Castelvecchio', 'Museo Lapidario', 'Palazzo della Ragione', 'Torre Lamberti']",Teatro Romano,"['Santa Anastasia', 'Duomo', 'AMO', 'Museo Conte', 'Centro Fotografia']",Casa Giulietta,strategy_nearest,False,0.0030541419982910156,success
0492DB3A9C4C80,2,['Castelvecchio'],Teatro Romano,"['Santa Anastasia', 'Duomo', 'AMO', 'Palazzo della Ragione', 'Museo Conte']",Torre Lamberti,strategy_nearest,False,0.0024619102478027344,success
0492EA3A9C4C80,0,"['Arena', 'Tomba Giulietta']",Castelvecchio,"['Museo Lapidario', 'Verona Tour', 'Museo Radio', 'San Zeno', 'Sighseeing']",Torre Lamberti,strategy_nearest,False,0.0032138824462890625,success
04930B429C4C84,3,['Torre Lamberti'],Santa Anastasia,"['AMO', 'Museo Conte', 'Palazzo della Ragione', 'Teatro Romano', 'Centro Fotografia']",Arena,strategy_nearest,False,0.0018911361694335938,success
049308C27B3F80,3,"['Arena', 'Duomo']",Santa Anastasia,"['AMO', 'Museo Conte', 'Palazzo della Ragione', 'Teatro Romano', 'Centro Fotografia']",Casa Giulietta,strategy_nearest,False,0.0025959014892578125,success
04930C4A9C4C80,3,['Castelvecchio'],San Fermo,"['Museo Storia', 'Museo Radio', 'Casa Giulietta', 'Centro Fotografia', 'Arena']",Arena,strategy_nearest,True,0.0025510787963867188,success
04930DC27B3F80,3,"['San Zeno', 'Duomo']",Arena,"['Verona Tour', 'Museo Lapidario', 'Museo Radio', 'San Fermo', 'Casa Giulietta']",Santa Anastasia,strategy_nearest,False,0.0024721622467041016,success
04930C3A9C4C84,2,"['Castelvecchio', 'San Zeno', 'Santa Anastasia']",Duomo,"['AMO', 'Museo Miniscalchi', 'Teatro Romano', 'Palazzo della Ragione', 'Museo Conte']",Palazzo della Ragione,strategy_nearest,True,0.004430055618286133,success
04930D4A9C4C80,1,"['Arena', 'Museo Lapidario', 'Castelvecchio', 'Duomo']",San Fermo,"['Museo Storia', 'Museo Radio', 'Casa Giulietta', 'Centro Fotografia', 'Sighseeing']",Casa Giulietta,strategy_nearest,True,0.003172159194946289,success
0493113A9C4C84,0,['Arena'],Casa Giulietta,"['Centro Fotografia', 'Sighseeing', 'Torre Lamberti', 'Museo Conte', 'Museo Radio']",Castelvecchio,strategy_nearest,False,0.002443075180053711,success
049314C27B3F80,2,"['San Fermo', 'Casa Giulietta']",Teatro Romano,"['Santa Anastasia', 'Duomo', 'AMO', 'Palazzo della Ragione', 'Museo Conte']",Duomo,strategy_nearest,True,0.002676248550415039,success
049313429C4C80,1,"['Arena', 'Palazzo della Ragione']",Torre Lamberti,"['Sighseeing', 'Centro Fotografia', 'Museo Conte', 'Casa Giulietta', 'AMO']",Casa Giulietta,strategy_nearest,True,0.0020711421966552734,success
049315C27B3F80,2,['Castelvecchio'],Santa Anastasia,"['AMO', 'Museo Conte', 'Palazzo della Ragione', 'Teatro Romano', 'Centro Fotografia']",Torre Lamberti,strategy_nearest,False,0.0025339126586914062,success
0493193A9C4C84,2,['Torre Lamberti'],Casa Giulietta,"['Centro Fotografia', 'Sighseeing', 'Museo Conte', 'Museo Radio', 'Palazzo della Ragione']",Castelvecchio,strategy_nearest,False,0.002385854721069336,success
049318429C4C84,0,['Arena'],Casa Giulietta,"['Centro Fotografia', 'Sighseeing', 'Torre Lamberti', 'Museo Conte', 'Museo Radio']",Torre Lamberti,strategy_nearest,True,0.0031130313873291016,success
0493174A9C4C80,0,"['Arena', 'Giardino Giusti']",Duomo,"['AMO', 'Museo Miniscalchi', 'Santa Anastasia', 'Teatro Romano', 'Palazzo della Ragione']",Castelvecchio,strategy_nearest,False,0.002865314483642578,success
04931A3A9C4C80,2,['Castelvecchio'],Casa Giulietta,"['Centro Fotografia', 'Sighseeing', 'Torre Lamberti', 'Museo Conte', 'Museo Radio']",San Zeno,strategy_nearest,False,0.003373861312866211,success
04931F3A9C4C84,4,"['Tomba Giulietta', 'Arena', 'Museo Lapidario', 'Castelvecchio']",Museo Radio,"['Casa Giulietta', 'San Fermo', 'Sighseeing', 'Torre Lamberti', 'Centro Fotografia']",Casa Giulietta,strategy_nearest,True,0.0028069019317626953,success
04931D429C4C84,0,['Castelvecchio'],Arena,"['Verona Tour', 'Museo Lapidario', 'Museo Radio', 'San Fermo', 'Casa Giulietta']",Casa Giulietta,strategy_nearest,True,0.002317190170288086,success
04931E3A9C4C84,3,['Arena'],Santa Anastasia,"['AMO', 'Museo Conte', 'Palazzo della Ragione', 'Teatro Romano', 'Centro Fotografia']",Duomo,strategy_nearest,False,0.0013129711151123047,success
0493253A9C4C80,0,['Arena'],Castelvecchio,"['Museo Lapidario', 'Verona Tour', 'Museo Radio', 'San Zeno', 'Sighseeing']",Teatro Romano,strategy_nearest,False,0.0034570693969726562,success
04932C4A9C4C80,2,"['Casa Giulietta', 'Giardino Giusti']",Teatro Romano,"['Santa Anastasia', 'Duomo', 'AMO', 'Palazzo della Ragione', 'Museo Conte']",Santa Anastasia,strategy_nearest,True,0.0021800994873046875,success
049327429C4C84,3,"['Arena', 'Casa Giulietta']",Torre Lamberti,"['Sighseeing', 'Centro Fotografia', 'Museo Conte', 'Palazzo della Ragione', 'AMO']",Santa Anastasia,strategy_nearest,False,0.0046138763427734375,success
04932E4A9C4C80,3,"['Casa Giulietta', 'Torre Lamberti', 'Santa Anastasia']",Tomba Giulietta,"['San Fermo', 'Museo Storia', 'Arena', 'Museo Lapidario', 'Museo Radio']",Arena,strategy_nearest,True,0.004334688186645508,success
04932DC27B3F80,3,"['Castelvecchio', 'Santa Anastasia']",Duomo,"['AMO', 'Museo Miniscalchi', 'Teatro Romano', 'Palazzo della Ragione', 'Museo Conte']",Torre Lamberti,strategy_nearest,False,0.002946615219116211,success
049339C27B3F80,3,"['Arena', 'San Fermo']",Casa Giulietta,"['Centro Fotografia', 'Sighseeing', 'Torre Lamberti', 'Museo Conte', 'Museo Radio']",Teatro Romano,strategy_nearest,False,0.0029740333557128906,success
049333C27B3F80,0,['Arena'],Torre Lamberti,"['Sighseeing', 'Centro Fotografia', 'Museo Conte', 'Casa Giulietta', 'Palazzo della Ragione']",Teatro Romano,strategy_nearest,False,0.0029518604278564453,success
0493313A9C4C80,1,['Palazzo della Ragione'],Castelvecchio,"['Museo Lapidario', 'Verona Tour', 'Arena', 'Museo Radio', 'San Zeno']",Arena,strategy_nearest,True,0.002360105514526367,success
04933A429C4C80,3,['Arena'],Torre Lamberti,"['Sighseeing', 'Centro Fotografia', 'Museo Conte', 'Casa Giulietta', 'Palazzo della Ragione']",Santa Anastasia,strategy_nearest,False,0.0037529468536376953,success
04933FC27B3F80,0,['Arena'],Torre Lamberti,"['Sighseeing', 'Centro Fotografia', 'Museo Conte', 'Casa Giulietta', 'Palazzo della Ragione']",Teatro Romano,strategy_nearest,False,0.001828908920288086,success
049345429C4C80,3,"['Arena', 'San Zeno']",Santa Anastasia,"['AMO', 'Museo Conte', 'Palazzo della Ragione', 'Teatro Romano', 'Centro Fotografia']",Duomo,strategy_nearest,False,0.0033111572265625,success
04933A4A9C4C80,1,"['Tomba Giulietta', 'Teatro Romano', 'Castelvecchio', 'Arena']",Casa Giulietta,"['Centro Fotografia', 'Sighseeing', 'Torre Lamberti', 'Museo Conte', 'Museo Radio']",Torre Lamberti,strategy_nearest,True,0.0028340816497802734,success
04934BC27B3F80,3,['Arena'],Santa Anastasia,"['AMO', 'Museo Conte', 'Palazzo della Ragione', 'Teatro Romano', 'Centro Fotografia']",Teatro Romano,strategy_nearest,True,0.002476930618286133,success
04934C429C4C80,2,['Torre Lamberti'],San Zeno,"['Castelvecchio', 'Verona Tour', 'Museo Lapidario', 'Arena', 'Museo Miniscalchi']",Castelvecchio,strategy_nearest,True,0.0029211044311523438,success
0493543A9C4C80,3,"['Arena', 'Santa Anastasia']",Duomo,"['AMO', 'Museo Miniscalchi', 'Teatro Romano', 'Palazzo della Ragione', 'Museo Conte']",Castelvecchio,strategy_nearest,False,0.00228118896484375,success
0493523A9C4C80,1,"['Teatro Romano', 'Santa Anastasia']",Palazzo della Ragione,"['AMO', 'Museo Conte', 'Torre Lamberti', 'Centro Fotografia', 'Sighseeing']",Torre Lamberti,strategy_nearest,True,0.002116680145263672,success
04935D429C4C80,3,['Arena'],Casa Giulietta,"['Centro Fotografia', 'Sighseeing', 'Torre Lamberti', 'Museo Conte', 'Museo Radio']",Santa Anastasia,strategy_nearest,False,0.002012968063354492,success
049362429C4C80,0,['Arena'],Castelvecchio,"['Museo Lapidario', 'Verona Tour', 'Museo Radio', 'San Zeno', 'Sighseeing']",Casa Giulietta,strategy_nearest,False,0.0036809444427490234,success
04935A429C4C80,2,['San Fermo'],Casa Giulietta,"['Centro Fotografia', 'Sighseeing', 'Torre Lamberti', 'Museo Conte', 'Museo Radio']",Santa Anastasia,strategy_nearest,False,0.0028858184814453125,success
04936B429C4C80,0,['Arena'],Santa Anastasia,"['AMO', 'Museo Conte', 'Palazzo della Ragione', 'Teatro Romano', 'Centro Fotografia']",Casa Giulietta,strategy_nearest,False,0.0029740333557128906,success
04937C4A9C4C80,0,['Arena'],Casa Giulietta,"['Centro Fotografia', 'Sighseeing', 'Torre Lamberti', 'Museo Conte', 'Museo Radio']",Castelvecchio,strategy_nearest,False,0.0030438899993896484,success
0493814A9C4C80,0,['Arena'],Duomo,"['AMO', 'Museo Miniscalchi', 'Santa Anastasia', 'Teatro Romano', 'Palazzo della Ragione']",Castelvecchio,strategy_nearest,False,0.002368927001953125,success
049391429C4C80,0,"['San Zeno', 'Castelvecchio']",Museo Lapidario,"['Verona Tour', 'Arena', 'Museo Radio', 'San Fermo', 'Casa Giulietta']",Arena,strategy_nearest,True,0.0035429000854492188,success
04936F3A9C4C80,0,['Arena'],Castelvecchio,"['Museo Lapidario', 'Verona Tour', 'Museo Radio', 'San Zeno', 'Sighseeing']",Casa Giulietta,strategy_nearest,False,0.003345966339111328,success
049393429C4C80,0,['Tomba Giulietta'],Arena,"['Verona Tour', 'Museo Lapidario', 'Museo Radio', 'San Fermo', 'Casa Giulietta']",Casa Giulietta,strategy_nearest,True,0.0014948844909667969,success
04939E429C4C80,0,['Arena'],Casa Giulietta,"['Centro Fotografia', 'Sighseeing', 'Torre Lamberti', 'Museo Conte', 'Museo Radio']",Torre Lamberti,strategy_nearest,True,0.002847909927368164,success
0493A0429C4C80,0,['Arena'],Castelvecchio,"['Museo Lapidario', 'Verona Tour', 'Museo Radio', 'San Zeno', 'Sighseeing']",Torre Lamberti,strategy_nearest,False,0.003389120101928711,success
0493914A9C4C80,0,"['Arena', 'Castelvecchio']",Casa Giulietta,"['Centro Fotografia', 'Sighseeing', 'Torre Lamberti', 'Museo Conte', 'Museo Radio']",Museo Lapidario,strategy_nearest,False,0.002359151840209961,success
0493A04A9C4C80,2,['Teatro Romano'],Santa Anastasia,"['AMO', 'Museo Conte', 'Palazzo della Ragione', 'Centro Fotografia', 'Duomo']",Castelvecchio,strategy_nearest,False,0.002432107925415039,success
0493A1429C4C80,3,"['Castelvecchio', 'Santa Anastasia']",Arena,"['Verona Tour', 'Museo Lapidario', 'Museo Radio', 'San Fermo', 'Casa Giulietta']",Casa Giulietta,strategy_nearest,True,0.0017316341400146484,success
0493A73A9C4C80,0,['Arena'],Casa Giulietta,"['Centro Fotografia', 'Sighseeing', 'Torre Lamberti', 'Museo Conte', 'Museo Radio']",Teatro Romano,strategy_nearest,False,0.002827882766723633,success
0493A93A9C4C80,0,['Arena'],Tomba Giulietta,"['San Fermo', 'Museo Storia', 'Museo Lapidario', 'Museo Radio', 'Verona Tour']",Casa Giulietta,strategy_nearest,False,0.0032041072845458984,success
0493AF429C4C80,1,"['Castelvecchio', 'Arena']",Casa Giulietta,"['Centro Fotografia', 'Sighseeing', 'Torre Lamberti', 'Museo Conte', 'Museo Radio']",Tomba Giulietta,strategy_nearest,False,0.0019969940185546875,success
0493B4429C4C80,3,['Arena'],Santa Anastasia,"['AMO', 'Museo Conte', 'Palazzo della Ragione', 'Teatro Romano', 'Centro Fotografia']",Teatro Romano,strategy_nearest,True,0.002607107162475586,success
0493AA429C4C80,0,['Arena'],Casa Giulietta,"['Centro Fotografia', 'Sighseeing', 'Torre Lamberti', 'Museo Conte', 'Museo Radio']",San Zeno,strategy_nearest,False,0.0034439563751220703,success
0493C4429C4C80,3,"['Casa Giulietta', 'Torre Lamberti']",Santa Anastasia,"['AMO', 'Museo Conte', 'Palazzo della Ragione', 'Teatro Romano', 'Centro Fotografia']",Arena,strategy_nearest,False,0.002825021743774414,success
0493B53A9C4C80,0,"['Arena', 'Casa Giulietta']",Torre Lamberti,"['Sighseeing', 'Centro Fotografia', 'Museo Conte', 'Palazzo della Ragione', 'AMO']",Teatro Romano,strategy_nearest,False,0.0030791759490966797,success
0493CA3A9C4C80,0,['Arena'],Castelvecchio,"['Museo Lapidario', 'Verona Tour', 'Museo Radio', 'San Zeno', 'Sighseeing']",Casa Giulietta,strategy_nearest,False,0.003231048583984375,success
0493D23A9C4C80,2,"['Castelvecchio', 'Tomba Giulietta']",Torre Lamberti,"['Sighseeing', 'Centro Fotografia', 'Museo Conte', 'Casa Giulietta', 'Palazzo della Ragione']",Palazzo della Ragione,strategy_nearest,True,0.002735137939453125,success
0493CE3A9C4C80,0,['Arena'],Torre Lamberti,"['Sighseeing', 'Centro Fotografia', 'Museo Conte', 'Casa Giulietta', 'Palazzo della Ragione']",Duomo,strategy_nearest,False,0.002360105514526367,success
0493F13A9C4C80,0,['Arena'],Casa Giulietta,"['Centro Fotografia', 'Sighseeing', 'Torre Lamberti', 'Museo Conte', 'Museo Radio']",Santa Anastasia,strategy_nearest,False,0.0033919811248779297,success
0493FC429C4C80,1,"['Palazzo della Ragione', 'Torre Lamberti', 'Casa Giulietta']",Santa Anastasia,"['AMO', 'Museo Conte', 'Teatro Romano', 'Centro Fotografia', 'Duomo']",Teatro Romano,strategy_nearest,True,0.0027778148651123047,success
049402429C4C84,1,"['Museo Lapidario', 'Arena', 'Casa Giulietta']",Castelvecchio,"['Verona Tour', 'Museo Radio', 'San Zeno', 'Sighseeing', 'Museo Miniscalchi']",San Zeno,strategy_nearest,True,0.0019478797912597656,success
0493FD429C4C80,3,"['Arena', 'Castelvecchio']",Santa Anastasia,"['AMO', 'Museo Conte', 'Palazzo della Ragione', 'Teatro Romano', 'Centro Fotografia']",Teatro Romano,strategy_nearest,True,0.0035309791564941406,success
049409429C4C84,2,['Castelvecchio'],Teatro Romano,"['Santa Anastasia', 'Duomo', 'AMO', 'Palazzo della Ragione', 'Museo Conte']",Santa Anastasia,strategy_nearest,True,0.003406047821044922,success
04940F429C4C84,3,['Torre Lamberti'],Arena,"['Verona Tour', 'Museo Lapidario', 'Museo Radio', 'San Fermo', 'Casa Giulietta']",Santa Anastasia,strategy_nearest,False,0.0021512508392333984,success
049417429C4C80,2,"['Duomo', 'Castelvecchio']",San Zeno,"['Verona Tour', 'Museo Lapidario', 'Arena', 'Museo Miniscalchi', 'Sighseeing']",San Fermo,strategy_nearest,False,0.0024192333221435547,success
0494193A9C4C80,2,"['Casa Giulietta', 'Torre Lamberti']",Santa Anastasia,"['AMO', 'Museo Conte', 'Palazzo della Ragione', 'Teatro Romano', 'Centro Fotografia']",Duomo,strategy_nearest,False,0.0033168792724609375,success
049410429C4C80,0,"['Arena', 'Museo Lapidario']",San Zeno,"['Castelvecchio', 'Verona Tour', 'Museo Miniscalchi', 'Sighseeing', 'Museo Radio']",Castelvecchio,strategy_nearest,True,0.0031249523162841797,success
049419429C4C84,3,"['Arena', 'Casa Giulietta', 'Santa Anastasia']",Duomo,"['AMO', 'Museo Miniscalchi', 'Teatro Romano', 'Palazzo della Ragione', 'Museo Conte']",Teatro Romano,strategy_nearest,True,0.0017709732055664062,success
04941A3A9C4C84,3,"['Torre Lamberti', 'Santa Anastasia']",Teatro Romano,"['Duomo', 'AMO', 'Palazzo della Ragione', 'Museo Conte', 'Centro Fotografia']",Arena,strategy_nearest,False,0.0027618408203125,success
04941B429C4C84,2,['Castelvecchio'],Duomo,"['AMO', 'Museo Miniscalchi', 'Santa Anastasia', 'Teatro Romano', 'Palazzo della Ragione']",Santa Anastasia,strategy_nearest,True,0.002704143524169922,success
0494213A9C4C80,2,"['Torre Lamberti', 'Palazzo della Ragione']",Casa Giulietta,"['Centro Fotografia', 'Sighseeing', 'Museo Conte', 'Museo Radio', 'San Fermo']",Santa Anastasia,strategy_nearest,False,0.003337860107421875,success
0494263A9C4C80,0,"['Teatro Romano', 'Arena']",Museo Lapidario,"['Verona Tour', 'Castelvecchio', 'Museo Radio', 'San Fermo', 'Casa Giulietta']",Castelvecchio,strategy_nearest,True,0.002290964126586914,success
04942F3A9C4C80,2,['Tomba Giulietta'],Giardino Giusti,"['Santa Anastasia', 'Teatro Romano', 'Museo Conte', 'Centro Fotografia', 'Museo Storia']",Castelvecchio,strategy_nearest,False,0.002886056900024414,success
0494333A9C4C80,2,['Torre Lamberti'],Palazzo della Ragione,"['AMO', 'Museo Conte', 'Centro Fotografia', 'Sighseeing', 'Santa Anastasia']",Santa Anastasia,strategy_nearest,True,0.003092050552368164,success
0494473A9C4C80,0,"['Arena', 'Tomba Giulietta']",Teatro Romano,"['Santa Anastasia', 'Duomo', 'AMO', 'Palazzo della Ragione', 'Museo Conte']",Torre Lamberti,strategy_nearest,False,0.002474069595336914,success
0494373A9C4C80,0,['Casa Giulietta'],Arena,"['Verona Tour', 'Museo Lapidario', 'Museo Radio', 'San Fermo', 'Sighseeing']",Castelvecchio,strategy_nearest,False,0.0017998218536376953,success
04943A429C4C80,1,"['Arena', 'Casa Giulietta']",Palazzo della Ragione,"['AMO', 'Museo Conte', 'Torre Lamberti', 'Centro Fotografia', 'Sighseeing']",Santa Anastasia,strategy_nearest,False,0.0031719207763671875,success
0494513A9C4C80,0,['Arena'],Casa Giulietta,"['Centro Fotografia', 'Sighseeing', 'Torre Lamberti', 'Museo Conte', 'Museo Radio']",Tomba Giulietta,strategy_nearest,False,0.0034439563751220703,success
0494723A9C4C80,2,['Santa Anastasia'],Casa Giulietta,"['Centro Fotografia', 'Sighseeing', 'Torre Lamberti', 'Museo Conte', 'Museo Radio']",Palazzo della Ragione,strategy_nearest,False,0.001348257064819336,success
04945D429C4C80,0,['Casa Giulietta'],Arena,"['Verona Tour', 'Museo Lapidario', 'Museo Radio', 'San Fermo', 'Sighseeing']",Castelvecchio,strategy_nearest,False,0.0022788047790527344,success
04948C4A9C4C80,0,['Arena'],Casa Giulietta,"['Centro Fotografia', 'Sighseeing', 'Torre Lamberti', 'Museo Conte', 'Museo Radio']",Torre Lamberti,strategy_nearest,True,0.0027768611907958984,success
049455429C4C80,3,"['Arena', 'Castelvecchio']",Casa Giulietta,"['Centro Fotografia', 'Sighseeing', 'Torre Lamberti', 'Museo Conte', 'Museo Radio']",Torre Lamberti,strategy_nearest,True,0.0038022994995117188,success
04949A429C4C80,0,"['Arena', 'Castelvecchio']",Torre Lamberti,"['Sighseeing', 'Centro Fotografia', 'Museo Conte', 'Casa Giulietta', 'Palazzo della Ragione']",San Fermo,strategy_nearest,False,0.0027840137481689453,success
04948E3A9C4C80,0,['Casa Giulietta'],Torre Lamberti,"['Sighseeing', 'Centro Fotografia', 'Museo Conte', 'Palazzo della Ragione', 'AMO']",Arena,strategy_nearest,False,0.0031151771545410156,success
049497429C4C80,3,"['Arena', 'Casa Giulietta']",Santa Anastasia,"['AMO', 'Museo Conte', 'Palazzo della Ragione', 'Teatro Romano', 'Centro Fotografia']",Teatro Romano,strategy_nearest,True,0.0017099380493164062,success
049492429C4C80,0,['Tomba Giulietta'],Casa Giulietta,"['Centro Fotografia', 'Sighseeing', 'Torre Lamberti', 'Museo Conte', 'Museo Radio']",Arena,strategy_nearest,False,0.004330873489379883,success
04949B429C4C80,1,"['Castelvecchio', 'Arena']",Tomba Giulietta,"['San Fermo', 'Museo Storia', 'Museo Lapidario', 'Museo Radio', 'Verona Tour']",Casa Giulietta,strategy_nearest,False,0.001669168472290039,success
04949F429C4C80,0,"['Castelvecchio', 'Arena']",Casa Giulietta,"['Centro Fotografia', 'Sighseeing', 'Torre Lamberti', 'Museo Conte', 'Museo Radio']",San Fermo,strategy_nearest,False,0.0023741722106933594,success
04949E429C4C80,0,['Arena'],Teatro Romano,"['Santa Anastasia', 'Duomo', 'AMO', 'Palazzo della Ragione', 'Museo Conte']",Torre Lamberti,strategy_nearest,False,0.00400996208190918,success
0494A2429C4C80,0,"['Castelvecchio', 'Arena']",Teatro Romano,"['Santa Anastasia', 'Duomo', 'AMO', 'Palazzo della Ragione', 'Museo Conte']",Torre Lamberti,strategy_nearest,False,0.003347158432006836,success
0494A6429C4C80,3,['Arena'],San Fermo,"['Museo Storia', 'Museo Radio', 'Casa Giulietta', 'Centro Fotografia', 'Sighseeing']",Santa Anastasia,strategy_nearest,False,0.003074169158935547,success
0494AA4A9C4C80,0,['Arena'],Palazzo della Ragione,"['AMO', 'Museo Conte', 'Torre Lamberti', 'Centro Fotografia', 'Sighseeing']",Casa Giulietta,strategy_nearest,False,0.002599000930786133,success
0494AA429C4C80,0,['Arena'],Casa Giulietta,"['Centro Fotografia', 'Sighseeing', 'Torre Lamberti', 'Museo Conte', 'Museo Radio']",Torre Lamberti,strategy_nearest,True,0.002892017364501953,success
0494B63A9C4C80,0,"['Arena', 'Casa Giulietta']",Torre Lamberti,"['Sighseeing', 'Centro Fotografia', 'Museo Conte', 'Palazzo della Ragione', 'AMO']",Duomo,strategy_nearest,False,0.003240823745727539,success
0494B9429C4C80,2,"['Museo Lapidario', 'Torre Lamberti']",Palazzo della Ragione,"['AMO', 'Museo Conte', 'Centro Fotografia', 'Sighseeing', 'Santa Anastasia']",San Fermo,strategy_nearest,False,0.002064943313598633,success
0494BE3A9C4C80,2,"['Castelvecchio', 'Santa Anastasia']",Duomo,"['AMO', 'Museo Miniscalchi', 'Teatro Romano', 'Palazzo della Ragione', 'Museo Conte']",Teatro Romano,strategy_nearest,True,0.002841949462890625,success
0494DA3A9C4C80,2,"['Palazzo della Ragione', 'Torre Lamberti', 'Casa Giulietta']",Giardino Giusti,"['Santa Anastasia', 'Teatro Romano', 'Museo Conte', 'Centro Fotografia', 'Museo Storia']",Teatro Romano,strategy_nearest,True,0.003370046615600586,success
0494BF3A9C4C80,0,"['Arena', 'Torre Lamberti']",Casa Giulietta,"['Centro Fotografia', 'Sighseeing', 'Museo Conte', 'Museo Radio', 'Palazzo della Ragione']",Museo Storia,strategy_nearest,False,0.0027840137481689453,success
0494E33A9C4C80,3,"['Arena', 'San Fermo']",Casa Giulietta,"['Centro Fotografia', 'Sighseeing', 'Torre Lamberti', 'Museo Conte', 'Museo Radio']",Santa Anastasia,strategy_nearest,False,0.001850128173828125,success
0494DE429C4C80,1,"['Castelvecchio', 'Tomba Giulietta', 'Arena', 'Torre Lamberti']",Palazzo della Ragione,"['AMO', 'Museo Conte', 'Centro Fotografia', 'Sighseeing', 'Santa Anastasia']",Santa Anastasia,strategy_nearest,True,0.00410008430480957,success
049505429C4C84,2,"['Casa Giulietta', 'Castelvecchio']",Torre Lamberti,"['Sighseeing', 'Centro Fotografia', 'Museo Conte', 'Palazzo della Ragione', 'AMO']",Santa Anastasia,strategy_nearest,False,0.002444028854370117,success
04950C3A9C4C84,0,['Casa Giulietta'],Duomo,"['AMO', 'Museo Miniscalchi', 'Santa Anastasia', 'Teatro Romano', 'Palazzo della Ragione']",Teatro Romano,strategy_nearest,True,0.003086090087890625,success
04950F3A9C4C80,3,['Arena'],Casa Giulietta,"['Centro Fotografia', 'Sighseeing', 'Torre Lamberti', 'Museo Conte', 'Museo Radio']",Torre Lamberti,strategy_nearest,True,0.002349853515625,success
049516429C4C80,0,['Arena'],Castelvecchio,"['Museo Lapidario', 'Verona Tour', 'Museo Radio', 'San Zeno', 'Sighseeing']",Santa Anastasia,strategy_nearest,False,0.00298309326171875,success
049511429C4C84,2,"['Palazzo della Ragione', 'Torre Lamberti']",Casa Giulietta,"['Centro Fotografia', 'Sighseeing', 'Museo Conte', 'Museo Radio', 'San Fermo']",Teatro Romano,strategy_nearest,False,0.002128124237060547,success
049516429C4C84,0,"['Arena', 'Castelvecchio']",Teatro Romano,"['Santa Anastasia', 'Duomo', 'AMO', 'Palazzo della Ragione', 'Museo Conte']",Duomo,strategy_nearest,True,0.003184080123901367,success
049513429C4C84,2,"['San Fermo', 'Giardino Giusti']",Teatro Romano,"['Santa Anastasia', 'Duomo', 'AMO', 'Palazzo della Ragione', 'Museo Conte']",Casa Giulietta,strategy_nearest,False,0.004462718963623047,success
0495213A9C4C84,2,"['Castelvecchio', 'Duomo']",Santa Anastasia,"['AMO', 'Museo Conte', 'Palazzo della Ragione', 'Teatro Romano', 'Centro Fotografia']",Palazzo della Ragione,strategy_nearest,True,0.002216339111328125,success
0495213A9C4C80,1,"['Arena', 'Casa Giulietta', 'Torre Lamberti']",Palazzo della Ragione,"['AMO', 'Museo Conte', 'Centro Fotografia', 'Sighseeing', 'Santa Anastasia']",Santa Anastasia,strategy_nearest,True,0.0030448436737060547,success
0495253A9C4C84,0,['Arena'],Casa Giulietta,"['Centro Fotografia', 'Sighseeing', 'Torre Lamberti', 'Museo Conte', 'Museo Radio']",Castelvecchio,strategy_nearest,False,0.003482818603515625,success
049529429C4C84,0,['Arena'],Casa Giulietta,"['Centro Fotografia', 'Sighseeing', 'Torre Lamberti', 'Museo Conte', 'Museo Radio']",Torre Lamberti,strategy_nearest,True,0.0023670196533203125,success
04952A429C4C84,1,"['Casa Giulietta', 'Torre Lamberti', 'Palazzo della Ragione']",Tomba Giulietta,"['San Fermo', 'Museo Storia', 'Arena', 'Museo Lapidario', 'Museo Radio']",Arena,strategy_nearest,True,0.001873016357421875,success
0495314A9C4C80,4,"['Arena', 'Torre Lamberti', 'Santa Anastasia']",Duomo,"['AMO', 'Museo Miniscalchi', 'Teatro Romano', 'Palazzo della Ragione', 'Museo Conte']",Casa Giulietta,strategy_nearest,False,0.0020821094512939453,success
04952E3A9C4C80,3,"['Arena', 'Castelvecchio']",Santa Anastasia,"['AMO', 'Museo Conte', 'Palazzo della Ragione', 'Teatro Romano', 'Centro Fotografia']",Teatro Romano,strategy_nearest,True,0.0028069019317626953,success
04952E429C4C80,3,['Arena'],Santa Anastasia,"['AMO', 'Museo Conte', 'Palazzo della Ragione', 'Teatro Romano', 'Centro Fotografia']",Duomo,strategy_nearest,False,0.0034902095794677734,success
049536429C4C80,0,"['Arena', 'Tomba Giulietta']",Castelvecchio,"['Museo Lapidario', 'Verona Tour', 'Museo Radio', 'San Zeno', 'Sighseeing']",Teatro Romano,strategy_nearest,False,0.003236055374145508,success
0495433A9C4C80,0,['Casa Giulietta'],Arena,"['Verona Tour', 'Museo Lapidario', 'Museo Radio', 'San Fermo', 'Sighseeing']",Castelvecchio,strategy_nearest,False,0.0025529861450195312,success
04954D429C4C80,0,['San Zeno'],Arena,"['Verona Tour', 'Museo Lapidario', 'Museo Radio', 'San Fermo', 'Casa Giulietta']",Duomo,strategy_nearest,False,0.0017309188842773438,success
049540429C4C80,1,"['Castelvecchio', 'Santa Anastasia', 'Duomo', 'Arena']",Torre Lamberti,"['Sighseeing', 'Centro Fotografia', 'Museo Conte', 'Casa Giulietta', 'Palazzo della Ragione']",Palazzo della Ragione,strategy_nearest,True,0.0038421154022216797,success
049558429C4C80,0,['Arena'],Santa Anastasia,"['AMO', 'Museo Conte', 'Palazzo della Ragione', 'Teatro Romano', 'Centro Fotografia']",Casa Giulietta,strategy_nearest,False,0.0022499561309814453,success
04956E3A9C4C80,3,"['Castelvecchio', 'Santa Anastasia']",Duomo,"['AMO', 'Museo Miniscalchi', 'Teatro Romano', 'Palazzo della Ragione', 'Museo Conte']",Casa Giulietta,strategy_nearest,False,0.0035462379455566406,success
04955E3A9C4C80,3,['Santa Anastasia'],Duomo,"['AMO', 'Museo Miniscalchi', 'Teatro Romano', 'Palazzo della Ragione', 'Museo Conte']",Arena,strategy_nearest,False,0.0022270679473876953,success
04955A429C4C80,3,"['Arena', 'Casa Giulietta']",Torre Lamberti,"['Sighseeing', 'Centro Fotografia', 'Museo Conte', 'Palazzo della Ragione', 'AMO']",Santa Anastasia,strategy_nearest,False,0.0030939579010009766,success
04957C429C4C80,3,"['Arena', 'Castelvecchio']",Duomo,"['AMO', 'Museo Miniscalchi', 'Santa Anastasia', 'Teatro Romano', 'Palazzo della Ragione']",Santa Anastasia,strategy_nearest,True,0.002424955368041992,success
0495833A9C4C80,0,['Arena'],Casa Giulietta,"['Centro Fotografia', 'Sighseeing', 'Torre Lamberti', 'Museo Conte', 'Museo Radio']",Castelvecchio,strategy_nearest,False,0.0016710758209228516,success
049578429C4C80,2,"['Tomba Giulietta', 'Torre Lamberti']",Casa Giulietta,"['Centro Fotografia', 'Sighseeing', 'Museo Conte', 'Museo Radio', 'Palazzo della Ragione']",Santa Anastasia,strategy_nearest,False,0.0030961036682128906,success
049576429C4C80,1,"['Arena', 'Casa Giulietta']",Torre Lamberti,"['Sighseeing', 'Centro Fotografia', 'Museo Conte', 'Palazzo della Ragione', 'AMO']",Palazzo della Ragione,strategy_nearest,True,0.0037021636962890625,success
0495844A9C4C80,0,['Arena'],Museo Lapidario,"['Verona Tour', 'Castelvecchio', 'Museo Radio', 'San Fermo', 'Casa Giulietta']",Casa Giulietta,strategy_nearest,True,0.001583099365234375,success
049588429C4C80,0,"['Torre Lamberti', 'Casa Giulietta']",Tomba Giulietta,"['San Fermo', 'Museo Storia', 'Arena', 'Museo Lapidario', 'Museo Radio']",Arena,strategy_nearest,True,0.0021431446075439453,success
0495884A9C4C80,3,"['Arena', 'Casa Giulietta']",Torre Lamberti,"['Sighseeing', 'Centro Fotografia', 'Museo Conte', 'Palazzo della Ragione', 'AMO']",Santa Anastasia,strategy_nearest,False,0.003512859344482422,success
0495873A9C4C80,2,['Museo Lapidario'],Castelvecchio,"['Verona Tour', 'Arena', 'Museo Radio', 'San Zeno', 'Sighseeing']",Teatro Romano,strategy_nearest,False,0.002788066864013672,success
04958B3A9C4C80,1,"['San Zeno', 'Casa Giulietta']",Torre Lamberti,"['Sighseeing', 'Centro Fotografia', 'Museo Conte', 'Palazzo della Ragione', 'AMO']",Palazzo della Ragione,strategy_nearest,True,0.002009153366088867,success
04958B429C4C80,0,['Castelvecchio'],Arena,"['Verona Tour', 'Museo Lapidario', 'Museo Radio', 'San Fermo', 'Casa Giulietta']",Casa Giulietta,strategy_nearest,True,0.0026769638061523438,success
04958F3A9C4C80,2,"['Tomba Giulietta', 'Museo Lapidario']",Casa Giulietta,"['Centro Fotografia', 'Sighseeing', 'Torre Lamberti', 'Museo Conte', 'Museo Radio']",Santa Anastasia,strategy_nearest,False,0.0019288063049316406,success
049591429C4C80,3,"['Tomba Giulietta', 'Santa Anastasia']",Duomo,"['AMO', 'Museo Miniscalchi', 'Teatro Romano', 'Palazzo della Ragione', 'Museo Conte']",Arena,strategy_nearest,False,0.002529144287109375,success
049595429C4C80,2,['Torre Lamberti'],Santa Anastasia,"['AMO', 'Museo Conte', 'Palazzo della Ragione', 'Teatro Romano', 'Centro Fotografia']",Duomo,strategy_nearest,False,0.002296924591064453,success
049596429C4C80,2,"['Castelvecchio', 'San Zeno']",Torre Lamberti,"['Sighseeing', 'Centro Fotografia', 'Museo Conte', 'Casa Giulietta', 'Palazzo della Ragione']",Santa Anastasia,strategy_nearest,False,0.0024259090423583984,success
049598429C4C80,1,['Arena'],Torre Lamberti,"['Sighseeing', 'Centro Fotografia', 'Museo Conte', 'Casa Giulietta', 'Palazzo della Ragione']",Palazzo della Ragione,strategy_nearest,True,0.0029799938201904297,success
0495A24A9C4C80,1,"['Arena', 'Casa Giulietta']",Torre Lamberti,"['Sighseeing', 'Centro Fotografia', 'Museo Conte', 'Palazzo della Ragione', 'AMO']",Palazzo della Ragione,strategy_nearest,True,0.0034971237182617188,success
049597429C4C80,2,['Castelvecchio'],Santa Anastasia,"['AMO', 'Museo Conte', 'Palazzo della Ragione', 'Teatro Romano', 'Centro Fotografia']",Duomo,strategy_nearest,False,0.0030498504638671875,success
0495B2429C4C80,2,['Teatro Romano'],Santa Anastasia,"['AMO', 'Museo Conte', 'Palazzo della Ragione', 'Centro Fotografia', 'Duomo']",Casa Giulietta,strategy_nearest,False,0.0037500858306884766,success
0495AD429C4C80,0,['Arena'],Casa Giulietta,"['Centro Fotografia', 'Sighseeing', 'Torre Lamberti', 'Museo Conte', 'Museo Radio']",Castelvecchio,strategy_nearest,False,0.002500772476196289,success
0495AA429C4C80,0,['Castelvecchio'],Arena,"['Verona Tour', 'Museo Lapidario', 'Museo Radio', 'San Fermo', 'Casa Giulietta']",Casa Giulietta,strategy_nearest,True,0.0019240379333496094,success
0495B8429C4C80,0,['Arena'],Torre Lamberti,"['Sighseeing', 'Centro Fotografia', 'Museo Conte', 'Casa Giulietta', 'Palazzo della Ragione']",Teatro Romano,strategy_nearest,False,0.002953052520751953,success
0495C83A9C4C80,0,['Arena'],Casa Giulietta,"['Centro Fotografia', 'Sighseeing', 'Torre Lamberti', 'Museo Conte', 'Museo Radio']",Teatro Romano,strategy_nearest,False,0.002741098403930664,success
0495BD3A9C4C80,0,['Torre Lamberti'],Casa Giulietta,"['Centro Fotografia', 'Sighseeing', 'Museo Conte', 'Museo Radio', 'Palazzo della Ragione']",Arena,strategy_nearest,False,0.0035347938537597656,success
0495BC3A9C4C80,0,['Arena'],Casa Giulietta,"['Centro Fotografia', 'Sighseeing', 'Torre Lamberti', 'Museo Conte', 'Museo Radio']",Duomo,strategy_nearest,False,0.0017223358154296875,success
0495C63A9C4C80,0,['Arena'],Castelvecchio,"['Museo Lapidario', 'Verona Tour', 'Museo Radio', 'San Zeno', 'Sighseeing']",Casa Giulietta,strategy_nearest,False,0.002268075942993164,success
0495CE3A9C4C80,3,"['Teatro Romano', 'Duomo', 'Santa Anastasia']",Torre Lamberti,"['Sighseeing', 'Centro Fotografia', 'Museo Conte', 'Casa Giulietta', 'Palazzo della Ragione']",Casa Giulietta,strategy_nearest,True,0.0029449462890625,success
0495D83A9C4C80,2,"['Tomba Giulietta', 'Torre Lamberti']",Santa Anastasia,"['AMO', 'Museo Conte', 'Palazzo della Ragione', 'Teatro Romano', 'Centro Fotografia']",Duomo,strategy_nearest,False,0.0022830963134765625,success
0495DC3A9C4C80,3,"['Arena', 'Teatro Romano', 'Castelvecchio']",Torre Lamberti,"['Sighseeing', 'Centro Fotografia', 'Museo Conte', 'Casa Giulietta', 'Palazzo della Ragione']",San Zeno,strategy_nearest,False,0.0016329288482666016,success
0495E33A9C4C80,0,"['Arena', 'San Zeno']",Castelvecchio,"['Museo Lapidario', 'Verona Tour', 'Museo Radio', 'Sighseeing', 'Museo Miniscalchi']",Teatro Romano,strategy_nearest,False,0.003668069839477539,success
0495E4429C4C80,0,['Arena'],Casa Giulietta,"['Centro Fotografia', 'Sighseeing', 'Torre Lamberti', 'Museo Conte', 'Museo Radio']",Santa Anastasia,strategy_nearest,False,0.0025429725646972656,success
0495EB3A9C4C80,0,['Arena'],Casa Giulietta,"['Centro Fotografia', 'Sighseeing', 'Torre Lamberti', 'Museo Conte', 'Museo Radio']",San Fermo,strategy_nearest,False,0.0019099712371826172,success
049603429C4C84,2,['Santa Anastasia'],Castelvecchio,"['Museo Lapidario', 'Verona Tour', 'Arena', 'Museo Radio', 'San Zeno']",Tomba Giulietta,strategy_nearest,False,0.0024471282958984375,success
0495FF429C4C80,3,"['Teatro Romano', 'Duomo', 'Santa Anastasia']",Casa Giulietta,"['Centro Fotografia', 'Sighseeing', 'Torre Lamberti', 'Museo Conte', 'Museo Radio']",San Fermo,strategy_nearest,False,0.0036668777465820312,success
049607429C4C84,3,"['Arena', 'Casa Giulietta', 'Teatro Romano']",Castelvecchio,"['Museo Lapidario', 'Verona Tour', 'Museo Radio', 'San Zeno', 'Sighseeing']",Torre Lamberti,strategy_nearest,False,0.0026350021362304688,success
04960C3A9C4C84,3,"['San Zeno', 'Arena']",Duomo,"['AMO', 'Museo Miniscalchi', 'Santa Anastasia', 'Teatro Romano', 'Palazzo della Ragione']",Santa Anastasia,strategy_nearest,True,0.002022981643676758,success
0496074A9C4C80,3,"['Arena', 'Casa Giulietta']",Torre Lamberti,"['Sighseeing', 'Centro Fotografia', 'Museo Conte', 'Palazzo della Ragione', 'AMO']",Castelvecchio,strategy_nearest,False,0.00269317626953125,success
0496113A9C4C80,1,"['Arena', 'Castelvecchio']",Casa Giulietta,"['Centro Fotografia', 'Sighseeing', 'Torre Lamberti', 'Museo Conte', 'Museo Radio']",Palazzo della Ragione,strategy_nearest,False,0.002118825912475586,success
04960E4A9C4C80,1,"['Casa Giulietta', 'Arena']",Torre Lamberti,"['Sighseeing', 'Centro Fotografia', 'Museo Conte', 'Palazzo della Ragione', 'AMO']",Palazzo della Ragione,strategy_nearest,True,0.0026412010192871094,success
0496123A9C4C80,3,"['Arena', 'Casa Giulietta', 'Teatro Romano']",Duomo,"['AMO', 'Museo Miniscalchi', 'Santa Anastasia', 'Palazzo della Ragione', 'Museo Conte']",Santa Anastasia,strategy_nearest,True,0.002496004104614258,success
049611429C4C84,1,"['Torre Lamberti', 'Palazzo della Ragione', 'Casa Giulietta']",Arena,"['Verona Tour', 'Museo Lapidario', 'Museo Radio', 'San Fermo', 'Sighseeing']",Arena,strategy_nearest,False,0.0036728382110595703,success
049612429C4C84,3,"['Arena', 'Duomo', 'Santa Anastasia']",Teatro Romano,"['AMO', 'Palazzo della Ragione', 'Museo Conte', 'Centro Fotografia', 'Museo Miniscalchi']",San Zeno,strategy_nearest,False,0.0024640560150146484,success
049615429C4C84,2,"['Castelvecchio', 'Torre Lamberti', 'Palazzo della Ragione']",Santa Anastasia,"['AMO', 'Museo Conte', 'Teatro Romano', 'Centro Fotografia', 'Duomo']",Duomo,strategy_nearest,True,0.002660036087036133,success
0496164A9C4C80,1,"['Casa Giulietta', 'Torre Lamberti']",Palazzo della Ragione,"['AMO', 'Museo Conte', 'Centro Fotografia', 'Sighseeing', 'Santa Anastasia']",Santa Anastasia,strategy_nearest,True,0.0024030208587646484,success
0496173A9C4C84,1,"['Casa Giulietta', 'Arena']",Castelvecchio,"['Museo Lapidario', 'Verona Tour', 'Museo Radio', 'San Zeno', 'Sighseeing']",Torre Lamberti,strategy_nearest,False,0.0034940242767333984,success
04961B3A9C4C80,0,['Arena'],Santa Anastasia,"['AMO', 'Museo Conte', 'Palazzo della Ragione', 'Teatro Romano', 'Centro Fotografia']",Castelvecchio,strategy_nearest,False,0.0021839141845703125,success
0496213A9C4C80,3,['Arena'],Santa Anastasia,"['AMO', 'Museo Conte', 'Palazzo della Ragione', 'Teatro Romano', 'Centro Fotografia']",Duomo,strategy_nearest,False,0.003345012664794922,success
049620429C4C84,3,"['Arena', 'Castelvecchio']",Santa Anastasia,"['AMO', 'Museo Conte', 'Palazzo della Ragione', 'Teatro Romano', 'Centro Fotografia']",Duomo,strategy_nearest,False,0.0024809837341308594,success
0496333A9C4C80,2,"['Torre Lamberti', 'Casa Giulietta', 'San Fermo']",Giardino Giusti,"['Santa Anastasia', 'Teatro Romano', 'Museo Conte', 'Centro Fotografia', 'Museo Storia']",Teatro Romano,strategy_nearest,True,0.0016210079193115234,success
049629429C4C84,3,"['Teatro Romano', 'Duomo']",Santa Anastasia,"['AMO', 'Museo Conte', 'Palazzo della Ragione', 'Centro Fotografia', 'Torre Lamberti']",Arena,strategy_nearest,False,0.0037131309509277344,success
04963B3A9C4C80,1,['Arena'],Palazzo della Ragione,"['AMO', 'Museo Conte', 'Torre Lamberti', 'Centro Fotografia', 'Sighseeing']",Torre Lamberti,strategy_nearest,True,0.0022258758544921875,success
049624429C4C84,0,['Arena'],Casa Giulietta,"['Centro Fotografia', 'Sighseeing', 'Torre Lamberti', 'Museo Conte', 'Museo Radio']",Torre Lamberti,strategy_nearest,True,0.004384040832519531,success
0496583A9C4C80,0,['Arena'],Palazzo della Ragione,"['AMO', 'Museo Conte', 'Torre Lamberti', 'Centro Fotografia', 'Sighseeing']",Casa Giulietta,strategy_nearest,False,0.003503084182739258,success
049651429C4C80,1,['Palazzo della Ragione'],Casa Giulietta,"['Centro Fotografia', 'Sighseeing', 'Torre Lamberti', 'Museo Conte', 'Museo Radio']",Arena,strategy_nearest,False,0.0021848678588867188,success
04966C429C4C80,0,['Arena'],Torre Lamberti,"['Sighseeing', 'Centro Fotografia', 'Museo Conte', 'Casa Giulietta', 'Palazzo della Ragione']",Castelvecchio,strategy_nearest,False,0.002621889114379883,success
049658429C4C80,2,['Casa Giulietta'],Duomo,"['AMO', 'Museo Miniscalchi', 'Santa Anastasia', 'Teatro Romano', 'Palazzo della Ragione']",Teatro Romano,strategy_nearest,True,0.004133701324462891,success
0496804A9C4C80,3,"['Arena', 'Torre Lamberti']",Casa Giulietta,"['Centro Fotografia', 'Sighseeing', 'Museo Conte', 'Museo Radio', 'Palazzo della Ragione']",San Zeno,strategy_nearest,False,0.0014951229095458984,success
049671429C4C80,3,['Arena'],Torre Lamberti,"['Sighseeing', 'Centro Fotografia', 'Museo Conte', 'Casa Giulietta', 'Palazzo della Ragione']",Duomo,strategy_nearest,False,0.002454042434692383,success
0496743A9C4C80,0,"['Arena', 'Torre Lamberti']",Casa Giulietta,"['Centro Fotografia', 'Sighseeing', 'Museo Conte', 'Museo Radio', 'Palazzo della Ragione']",Castelvecchio,strategy_nearest,False,0.003860950469970703,success
0496773A9C4C80,0,['Arena'],Casa Giulietta,"['Centro Fotografia', 'Sighseeing', 'Torre Lamberti', 'Museo Conte', 'Museo Radio']",Santa Anastasia,strategy_nearest,False,0.0029680728912353516,success
0496844A9C4C80,0,['Arena'],Museo Lapidario,"['Verona Tour', 'Castelvecchio', 'Museo Radio', 'San Fermo', 'Casa Giulietta']",Castelvecchio,strategy_nearest,True,0.0016689300537109375,success
049695429C4C80,0,['Arena'],Casa Giulietta,"['Centro Fotografia', 'Sighseeing', 'Torre Lamberti', 'Museo Conte', 'Museo Radio']",Torre Lamberti,strategy_nearest,True,0.0031371116638183594,success
04968D4A9C4C80,2,['Casa Giulietta'],Torre Lamberti,"['Sighseeing', 'Centro Fotografia', 'Museo Conte', 'Palazzo della Ragione', 'AMO']",Teatro Romano,strategy_nearest,False,0.003859996795654297,success
0496834A9C4C80,0,"['Arena', 'Casa Giulietta']",Torre Lamberti,"['Sighseeing', 'Centro Fotografia', 'Museo Conte', 'Palazzo della Ragione', 'AMO']",Teatro Romano,strategy_nearest,False,0.002665996551513672,success
04969C429C4C80,0,['Arena'],Casa Giulietta,"['Centro Fotografia', 'Sighseeing', 'Torre Lamberti', 'Museo Conte', 'Museo Radio']",Torre Lamberti,strategy_nearest,True,0.002711057662963867,success
049698429C4C80,2,['Tomba Giulietta'],Casa Giulietta,"['Centro Fotografia', 'Sighseeing', 'Torre Lamberti', 'Museo Conte', 'Museo Radio']",Santa Anastasia,strategy_nearest,False,0.0019099712371826172,success
049699429C4C80,3,"['Arena', 'Casa Giulietta']",Castelvecchio,"['Museo Lapidario', 'Verona Tour', 'Museo Radio', 'San Zeno', 'Sighseeing']",Torre Lamberti,strategy_nearest,False,0.0026891231536865234,success
04969E429C4C80,2,"['Castelvecchio', 'Casa Giulietta']",Torre Lamberti,"['Sighseeing', 'Centro Fotografia', 'Museo Conte', 'Palazzo della Ragione', 'AMO']",Santa Anastasia,strategy_nearest,False,0.003131866455078125,success
0496AC3A9C4C80,0,['Arena'],Casa Giulietta,"['Centro Fotografia', 'Sighseeing', 'Torre Lamberti', 'Museo Conte', 'Museo Radio']",Tomba Giulietta,strategy_nearest,False,0.0037889480590820312,success
0496A2429C4C80,3,"['Arena', 'Casa Giulietta', 'Casa Giulietta']",Torre Lamberti,"['Sighseeing', 'Centro Fotografia', 'Museo Conte', 'Palazzo della Ragione', 'AMO']",Santa Anastasia,strategy_nearest,False,0.003949165344238281,success
0496AA3A9C4C80,2,['Tomba Giulietta'],Casa Giulietta,"['Centro Fotografia', 'Sighseeing', 'Torre Lamberti', 'Museo Conte', 'Museo Radio']",Palazzo della Ragione,strategy_nearest,False,0.0032520294189453125,success
0496B5429C4C80,2,"['Teatro Romano', 'Torre Lamberti']",Palazzo della Ragione,"['AMO', 'Museo Conte', 'Centro Fotografia', 'Sighseeing', 'Santa Anastasia']",Castelvecchio,strategy_nearest,False,0.00452876091003418,success
0496C13A9C4C80,1,"['Arena', 'Casa Giulietta']",Palazzo della Ragione,"['AMO', 'Museo Conte', 'Torre Lamberti', 'Centro Fotografia', 'Sighseeing']",Torre Lamberti,strategy_nearest,True,0.0023038387298583984,success
0496B63A9C4C80,0,['Arena'],Casa Giulietta,"['Centro Fotografia', 'Sighseeing', 'Torre Lamberti', 'Museo Conte', 'Museo Radio']",Torre Lamberti,strategy_nearest,True,0.0024178028106689453,success
0496B73A9C4C80,2,['Palazzo della Ragione'],Torre Lamberti,"['Sighseeing', 'Centro Fotografia', 'Museo Conte', 'Casa Giulietta', 'AMO']",Santa Anastasia,strategy_nearest,False,0.004307985305786133,success
0496C2429C4C80,0,"['Arena', 'Casa Giulietta']",Teatro Romano,"['Santa Anastasia', 'Duomo', 'AMO', 'Palazzo della Ragione', 'Museo Conte']",Torre Lamberti,strategy_nearest,False,0.002797842025756836,success
0496D3429C4C80,0,"['Teatro Romano', 'Casa Giulietta']",Torre Lamberti,"['Sighseeing', 'Centro Fotografia', 'Museo Conte', 'Palazzo della Ragione', 'AMO']",Arena,strategy_nearest,False,0.002193927764892578,success
0496D83A9C4C80,2,"['Tomba Giulietta', 'Torre Lamberti']",Santa Anastasia,"['AMO', 'Museo Conte', 'Palazzo della Ragione', 'Teatro Romano', 'Centro Fotografia']",Duomo,strategy_nearest,False,0.0031769275665283203,success
0496CE429C4C80,0,"['Arena', 'Casa Giulietta']",Torre Lamberti,"['Sighseeing', 'Centro Fotografia', 'Museo Conte', 'Palazzo della Ragione', 'AMO']",Castelvecchio,strategy_nearest,False,0.0015940666198730469,success
0496C53A9C4C80,0,['Arena'],Casa Giulietta,"['Centro Fotografia', 'Sighseeing', 'Torre Lamberti', 'Museo Conte', 'Museo Radio']",Duomo,strategy_nearest,False,0.003049135208129883,success
0496EA3A9C4C80,0,['Arena'],Casa Giulietta,"['Centro Fotografia', 'Sighseeing', 'Torre Lamberti', 'Museo Conte', 'Museo Radio']",Torre Lamberti,strategy_nearest,True,0.0029981136322021484,success
049706429C4C80,3,"['Museo Lapidario', 'Casa Giulietta', 'Torre Lamberti', 'Santa Anastasia']",Duomo,"['AMO', 'Museo Miniscalchi', 'Teatro Romano', 'Palazzo della Ragione', 'Museo Conte']",Teatro Romano,strategy_nearest,True,0.001744985580444336,success
049706429C4C84,3,"['Arena', 'Castelvecchio', 'San Zeno']",Casa Giulietta,"['Centro Fotografia', 'Sighseeing', 'Torre Lamberti', 'Museo Conte', 'Museo Radio']",Torre Lamberti,strategy_nearest,True,0.0034270286560058594,success
049704429C4C84,3,"['Arena', 'Castelvecchio', 'Tomba Giulietta', 'Museo Lapidario', 'Duomo']",Teatro Romano,"['Santa Anastasia', 'AMO', 'Palazzo della Ragione', 'Museo Conte', 'Centro Fotografia']",Santa Anastasia,strategy_nearest,True,0.0023870468139648438,success
0497193A9C4C84,0,['Casa Giulietta'],Torre Lamberti,"['Sighseeing', 'Centro Fotografia', 'Museo Conte', 'Palazzo della Ragione', 'AMO']",Arena,strategy_nearest,False,0.001814126968383789,success
04971B3A9C4C80,0,['Arena'],Casa Giulietta,"['Centro Fotografia', 'Sighseeing', 'Torre Lamberti', 'Museo Conte', 'Museo Radio']",Castelvecchio,strategy_nearest,False,0.004693031311035156,success
04971A429C4C80,3,"['Arena', 'San Zeno', 'Castelvecchio', 'Tomba Giulietta']",San Fermo,"['Museo Storia', 'Museo Radio', 'Casa Giulietta', 'Centro Fotografia', 'Sighseeing']",Teatro Romano,strategy_nearest,False,0.004128217697143555,success
04970E3A9C4C80,1,"['Arena', 'Castelvecchio']",Palazzo della Ragione,"['AMO', 'Museo Conte', 'Torre Lamberti', 'Centro Fotografia', 'Sighseeing']",Torre Lamberti,strategy_nearest,True,0.003489971160888672,success
04971B3A9C4C84,1,['Arena'],Palazzo della Ragione,"['AMO', 'Museo Conte', 'Torre Lamberti', 'Centro Fotografia', 'Sighseeing']",Torre Lamberti,strategy_nearest,True,0.0028989315032958984,success
04971B429C4C84,0,['Casa Giulietta'],Castelvecchio,"['Museo Lapidario', 'Verona Tour', 'Arena', 'Museo Radio', 'San Zeno']",Arena,strategy_nearest,True,0.0023081302642822266,success
049723429C4C80,0,"['Arena', 'Castelvecchio']",Castelvecchio,"['Museo Lapidario', 'Verona Tour', 'Museo Radio', 'San Zeno', 'Sighseeing']",San Zeno,strategy_nearest,True,0.002627134323120117,success
049733429C4C80,0,['Arena'],Castelvecchio,"['Museo Lapidario', 'Verona Tour', 'Museo Radio', 'San Zeno', 'Sighseeing']",Casa Giulietta,strategy_nearest,False,0.002650022506713867,success
049734429C4C80,3,"['San Zeno', 'Duomo']",Arena,"['Verona Tour', 'Museo Lapidario', 'Museo Radio', 'San Fermo', 'Casa Giulietta']",Santa Anastasia,strategy_nearest,False,0.002118825912475586,success
04973D3A9C4C80,3,"['Arena', 'Casa Giulietta']",Torre Lamberti,"['Sighseeing', 'Centro Fotografia', 'Museo Conte', 'Palazzo della Ragione', 'AMO']",Santa Anastasia,strategy_nearest,False,0.002811908721923828,success
0497463A9C4C80,2,"['Torre Lamberti', 'Palazzo della Ragione', 'Santa Anastasia']",Duomo,"['AMO', 'Museo Miniscalchi', 'Teatro Romano', 'Museo Conte', 'Centro Fotografia']",Teatro Romano,strategy_nearest,True,0.0030431747436523438,success
04974D429C4C80,1,"['San Fermo', 'Casa Giulietta', 'Tomba Giulietta', 'Arena']",Santa Anastasia,"['AMO', 'Museo Conte', 'Palazzo della Ragione', 'Teatro Romano', 'Centro Fotografia']",Duomo,strategy_nearest,False,0.003565073013305664,success
049752429C4C80,3,"['Arena', 'Duomo', 'Santa Anastasia']",Torre Lamberti,"['Sighseeing', 'Centro Fotografia', 'Museo Conte', 'Casa Giulietta', 'Palazzo della Ragione']",Casa Giulietta,strategy_nearest,True,0.002228975296020508,success
049753429C4C80,3,"['Castelvecchio', 'San Zeno', 'Arena']",Torre Lamberti,"['Sighseeing', 'Centro Fotografia', 'Museo Conte', 'Casa Giulietta', 'Palazzo della Ragione']",Santa Anastasia,strategy_nearest,False,0.002368927001953125,success
0497573A9C4C80,3,"['Castelvecchio', 'Santa Anastasia', 'Torre Lamberti']",San Zeno,"['Verona Tour', 'Museo Lapidario', 'Arena', 'Museo Miniscalchi', 'Sighseeing']",Arena,strategy_nearest,True,0.002131938934326172,success
0497593A9C4C80,3,"['Teatro Romano', 'Santa Anastasia']",Torre Lamberti,"['Sighseeing', 'Centro Fotografia', 'Museo Conte', 'Casa Giulietta', 'Palazzo della Ragione']",Arena,strategy_nearest,False,0.003112316131591797,success
04975C3A9C4C80,2,['Casa Giulietta'],Castelvecchio,"['Museo Lapidario', 'Verona Tour', 'Arena', 'Museo Radio', 'San Zeno']",Santa Anastasia,strategy_nearest,False,0.0035219192504882812,success
049763429C4C80,2,['Torre Lamberti'],Teatro Romano,"['Santa Anastasia', 'Duomo', 'AMO', 'Palazzo della Ragione', 'Museo Conte']",Castelvecchio,strategy_nearest,False,0.0019500255584716797,success
04975D429C4C80,1,"['Teatro Romano', 'Torre Lamberti', 'Palazzo della Ragione']",Castelvecchio,"['Museo Lapidario', 'Verona Tour', 'Arena', 'Museo Radio', 'San Zeno']",San Zeno,strategy_nearest,True,0.0035789012908935547,success
0497804A9C4C80,0,['Arena'],Casa Giulietta,"['Centro Fotografia', 'Sighseeing', 'Torre Lamberti', 'Museo Conte', 'Museo Radio']",Torre Lamberti,strategy_nearest,True,0.003888845443725586,success
049774429C4C80,3,"['Arena', 'Castelvecchio', 'San Zeno']",Duomo,"['AMO', 'Museo Miniscalchi', 'Santa Anastasia', 'Teatro Romano', 'Palazzo della Ragione']",Teatro Romano,strategy_nearest,True,0.00339508056640625,success
0497883A9C4C80,1,"['Arena', 'Casa Giulietta']",San Fermo,"['Museo Storia', 'Museo Radio', 'Centro Fotografia', 'Sighseeing', 'Torre Lamberti']",Palazzo della Ragione,strategy_nearest,False,0.0019288063049316406,success
04978D4A9C4C80,0,"['Arena', 'Museo Lapidario']",Tomba Giulietta,"['San Fermo', 'Museo Storia', 'Museo Radio', 'Verona Tour', 'Casa Giulietta']",San Fermo,strategy_nearest,True,0.003094196319580078,success
049783429C4C80,0,['Arena'],Castelvecchio,"['Museo Lapidario', 'Verona Tour', 'Museo Radio', 'San Zeno', 'Sighseeing']",Casa Giulietta,strategy_nearest,False,0.002637147903442383,success
04978E4A9C4C80,1,"['Arena', 'Casa Giulietta']",Torre Lamberti,"['Sighseeing', 'Centro Fotografia', 'Museo Conte', 'Palazzo della Ragione', 'AMO']",Teatro Romano,strategy_nearest,False,0.003611326217651367,success
049796429C4C80,0,['Tomba Giulietta'],Arena,"['Verona Tour', 'Museo Lapidario', 'Museo Radio', 'San Fermo', 'Casa Giulietta']",Santa Anastasia,strategy_nearest,False,0.0024569034576416016,success
04979A4A9C4C80,0,['Arena'],Casa Giulietta,"['Centro Fotografia', 'Sighseeing', 'Torre Lamberti', 'Museo Conte', 'Museo Radio']",Torre Lamberti,strategy_nearest,True,0.0017557144165039062,success
04979F429C4C80,0,"['Arena', 'Torre Lamberti']",Casa Giulietta,"['Centro Fotografia', 'Sighseeing', 'Museo Conte', 'Museo Radio', 'Palazzo della Ragione']",Castelvecchio,strategy_nearest,False,0.0030150413513183594,success
0497A2429C4C80,0,['Arena'],Museo Lapidario,"['Verona Tour', 'Castelvecchio', 'Museo Radio', 'San Fermo', 'Casa Giulietta']",Casa Giulietta,strategy_nearest,True,0.0034737586975097656,success
0497A73A9C4C80,3,"['Arena', 'Tomba Giulietta', 'San Fermo']",Casa Giulietta,"['Centro Fotografia', 'Sighseeing', 'Torre Lamberti', 'Museo Conte', 'Museo Radio']",Santa Anastasia,strategy_nearest,False,0.0026979446411132812,success
0497A3429C4C80,3,['Casa Giulietta'],Arena,"['Verona Tour', 'Museo Lapidario', 'Museo Radio', 'San Fermo', 'Sighseeing']",Santa Anastasia,strategy_nearest,False,0.002105236053466797,success
0497A93A9C4C80,3,"['Arena', 'Museo Lapidario']",Castelvecchio,"['Verona Tour', 'Museo Radio', 'San Zeno', 'Sighseeing', 'Museo Miniscalchi']",Santa Anastasia,strategy_nearest,False,0.0035741329193115234,success
0497B33A9C4C80,3,['Arena'],Duomo,"['AMO', 'Museo Miniscalchi', 'Santa Anastasia', 'Teatro Romano', 'Palazzo della Ragione']",Santa Anastasia,strategy_nearest,True,0.00498509407043457,success
0497B7429C4C80,0,['Arena'],Torre Lamberti,"['Sighseeing', 'Centro Fotografia', 'Museo Conte', 'Casa Giulietta', 'Palazzo della Ragione']",Castelvecchio,strategy_nearest,False,0.004176139831542969,success
0497CA3A9C4C80,1,"['Arena', 'San Fermo', 'Museo Storia']",Casa Giulietta,"['Centro Fotografia', 'Sighseeing', 'Torre Lamberti', 'Museo Conte', 'Museo Radio']",Torre Lamberti,strategy_nearest,True,0.0035889148712158203,success
0497D1429C4C80,1,"['Palazzo della Ragione', 'Arena', 'Teatro Romano', 'San Fermo']",Santa Anastasia,"['AMO', 'Museo Conte', 'Centro Fotografia', 'Duomo', 'Torre Lamberti']",Duomo,strategy_nearest,True,0.0028421878814697266,success
0497EE3A9C4C80,2,"['Castelvecchio', 'Casa Giulietta', 'Torre Lamberti']",Palazzo della Ragione,"['AMO', 'Museo Conte', 'Centro Fotografia', 'Sighseeing', 'Santa Anastasia']",Duomo,strategy_nearest,False,0.0023200511932373047,success
0498133A9C4C80,2,['Casa Giulietta'],Duomo,"['AMO', 'Museo Miniscalchi', 'Santa Anastasia', 'Teatro Romano', 'Palazzo della Ragione']",Castelvecchio,strategy_nearest,False,0.003319263458251953,success
04980B4A9C4C80,2,"['Palazzo della Ragione', 'Torre Lamberti', 'Santa Anastasia']",Teatro Romano,"['Duomo', 'AMO', 'Museo Conte', 'Centro Fotografia', 'Museo Miniscalchi']",Duomo,strategy_nearest,True,0.0031070709228515625,success
0498064A9C4C80,3,"['San Fermo', 'Casa Giulietta', 'Santa Anastasia']",Arena,"['Verona Tour', 'Museo Lapidario', 'Museo Radio', 'Sighseeing', 'Castelvecchio']",Castelvecchio,strategy_nearest,True,0.0029370784759521484,success
049814429C4C84,0,['Casa Giulietta'],Tomba Giulietta,"['San Fermo', 'Museo Storia', 'Arena', 'Museo Lapidario', 'Museo Radio']",Arena,strategy_nearest,True,0.002271890640258789,success
04981A429C4C84,3,"['Castelvecchio', 'Arena', 'Casa Giulietta']",Santa Anastasia,"['AMO', 'Museo Conte', 'Palazzo della Ragione', 'Teatro Romano', 'Centro Fotografia']",Duomo,strategy_nearest,False,0.0024471282958984375,success
049815429C4C84,2,"['Casa Giulietta', 'Torre Lamberti']",Castelvecchio,"['Museo Lapidario', 'Verona Tour', 'Arena', 'Museo Radio', 'San Zeno']",Duomo,strategy_nearest,False,0.003097057342529297,success
04981D429C4C84,0,['Arena'],Casa Giulietta,"['Centro Fotografia', 'Sighseeing', 'Torre Lamberti', 'Museo Conte', 'Museo Radio']",Santa Anastasia,strategy_nearest,False,0.003074169158935547,success
0498144A9C4C80,3,"['Arena', 'Museo Lapidario', 'Castelvecchio']",Casa Giulietta,"['Centro Fotografia', 'Sighseeing', 'Torre Lamberti', 'Museo Conte', 'Museo Radio']",Teatro Romano,strategy_nearest,False,0.0016951560974121094,success
04982A429C4C80,3,"['Casa Giulietta', 'San Fermo']",Teatro Romano,"['Santa Anastasia', 'Duomo', 'AMO', 'Palazzo della Ragione', 'Museo Conte']",Arena,strategy_nearest,False,0.003403186798095703,success
049824429C4C84,1,"['Casa Giulietta', 'Palazzo della Ragione', 'Santa Anastasia']",Duomo,"['AMO', 'Museo Miniscalchi', 'Teatro Romano', 'Museo Conte', 'Torre Lamberti']",Castelvecchio,strategy_nearest,False,0.0022537708282470703,success
0498274A9C4C80,1,"['Arena', 'Castelvecchio', 'Torre Lamberti', 'Palazzo della Ragione', 'Casa Giulietta']",San Fermo,"['Museo Storia', 'Museo Radio', 'Centro Fotografia', 'Sighseeing', 'Museo Conte']",Santa Anastasia,strategy_nearest,False,0.002791881561279297,success
049820429C4C84,2,"['Castelvecchio', 'San Zeno']",Teatro Romano,"['Santa Anastasia', 'Duomo', 'AMO', 'Palazzo della Ragione', 'Museo Conte']",Torre Lamberti,strategy_nearest,False,0.0016262531280517578,success
04982A429C4C84,2,"['Torre Lamberti', 'Duomo']",Santa Anastasia,"['AMO', 'Museo Conte', 'Palazzo della Ragione', 'Teatro Romano', 'Centro Fotografia']",Castelvecchio,strategy_nearest,False,0.0034759044647216797,success
04984F3A9C4C80,0,['Arena'],Casa Giulietta,"['Centro Fotografia', 'Sighseeing', 'Torre Lamberti', 'Museo Conte', 'Museo Radio']",Torre Lamberti,strategy_nearest,True,0.002811908721923828,success
0498523A9C4C80,2,"['Castelvecchio', 'San Zeno']",Santa Anastasia,"['AMO', 'Museo Conte', 'Palazzo della Ragione', 'Teatro Romano', 'Centro Fotografia']",Duomo,strategy_nearest,False,0.0021200180053710938,success
0498563A9C4C80,4,"['Tomba Giulietta', 'Casa Giulietta', 'Torre Lamberti', 'Palazzo della Ragione', 'Santa Anastasia']",Castelvecchio,"['Museo Lapidario', 'Verona Tour', 'Arena', 'Museo Radio', 'San Zeno']",San Zeno,strategy_nearest,True,0.003900289535522461,success
04985C3A9C4C80,2,"['Castelvecchio', 'San Zeno']",Santa Anastasia,"['AMO', 'Museo Conte', 'Palazzo della Ragione', 'Teatro Romano', 'Centro Fotografia']",Duomo,strategy_nearest,False,0.0027437210083007812,success
049857429C4C80,2,['Casa Giulietta'],Palazzo della Ragione,"['AMO', 'Museo Conte', 'Torre Lamberti', 'Centro Fotografia', 'Sighseeing']",San Fermo,strategy_nearest,False,0.002749919891357422,success
04985B429C4C80,0,['Arena'],Casa Giulietta,"['Centro Fotografia', 'Sighseeing', 'Torre Lamberti', 'Museo Conte', 'Museo Radio']",San Fermo,strategy_nearest,False,0.0014188289642333984,success
0498593A9C4C80,2,"['San Zeno', 'Casa Giulietta']",Torre Lamberti,"['Sighseeing', 'Centro Fotografia', 'Museo Conte', 'Palazzo della Ragione', 'AMO']",Duomo,strategy_nearest,False,0.003506898880004883,success
049873429C4C80,3,"['Arena', 'San Zeno']",Torre Lamberti,"['Sighseeing', 'Centro Fotografia', 'Museo Conte', 'Casa Giulietta', 'Palazzo della Ragione']",Casa Giulietta,strategy_nearest,True,0.003155946731567383,success
0498864A9C4C80,0,['Arena'],Duomo,"['AMO', 'Museo Miniscalchi', 'Santa Anastasia', 'Teatro Romano', 'Palazzo della Ragione']",Castelvecchio,strategy_nearest,False,0.0019922256469726562,success
04988A4A9C4C80,0,['Arena'],Torre Lamberti,"['Sighseeing', 'Centro Fotografia', 'Museo Conte', 'Casa Giulietta', 'Palazzo della Ragione']",Duomo,strategy_nearest,False,0.0036118030548095703,success
049870429C4C80,0,['Giardino Giusti'],Torre Lamberti,"['Sighseeing', 'Centro Fotografia', 'Museo Conte', 'Casa Giulietta', 'Palazzo della Ragione']",Arena,strategy_nearest,False,0.002727985382080078,success
04988D4A9C4C80,0,['Arena'],Castelvecchio,"['Museo Lapidario', 'Verona Tour', 'Museo Radio', 'San Zeno', 'Sighseeing']",Casa Giulietta,strategy_nearest,False,0.002851724624633789,success
049899429C4C80,0,['Arena'],Casa Giulietta,"['Centro Fotografia', 'Sighseeing', 'Torre Lamberti', 'Museo Conte', 'Museo Radio']",Tomba Giulietta,strategy_nearest,False,0.002040863037109375,success
0498964A9C4C80,1,"['Arena', 'Torre Lamberti']",Palazzo della Ragione,"['AMO', 'Museo Conte', 'Centro Fotografia', 'Sighseeing', 'Santa Anastasia']",Casa Giulietta,strategy_nearest,False,0.001544952392578125,success
049897429C4C80,3,"['Santa Anastasia', 'Torre Lamberti', 'San Fermo']",Arena,"['Verona Tour', 'Museo Lapidario', 'Museo Radio', 'Casa Giulietta', 'Sighseeing']",Duomo,strategy_nearest,False,0.0034019947052001953,success
0498A24A9C4C80,1,"['Arena', 'Casa Giulietta']",Torre Lamberti,"['Sighseeing', 'Centro Fotografia', 'Museo Conte', 'Palazzo della Ragione', 'AMO']",Palazzo della Ragione,strategy_nearest,True,0.0025339126586914062,success
04989A429C4C80,0,['Tomba Giulietta'],Arena,"['Verona Tour', 'Museo Lapidario', 'Museo Radio', 'San Fermo', 'Casa Giulietta']",Santa Anastasia,strategy_nearest,False,0.001882314682006836,success
0498A4429C4C80,3,['Arena'],San Fermo,"['Museo Storia', 'Museo Radio', 'Casa Giulietta', 'Centro Fotografia', 'Sighseeing']",Santa Anastasia,strategy_nearest,False,0.004108905792236328,success
04989C4A9C4C80,3,['Arena'],Casa Giulietta,"['Centro Fotografia', 'Sighseeing', 'Torre Lamberti', 'Museo Conte', 'Museo Radio']",Santa Anastasia,strategy_nearest,False,0.003549814224243164,success
0498A64A9C4C80,0,['Arena'],Castelvecchio,"['Museo Lapidario', 'Verona Tour', 'Museo Radio', 'San Zeno', 'Sighseeing']",Casa Giulietta,strategy_nearest,False,0.0020360946655273438,success
0498A63A9C4C80,0,"['Arena', 'Museo Lapidario']",Castelvecchio,"['Verona Tour', 'Museo Radio', 'San Zeno', 'Sighseeing', 'Museo Miniscalchi']",Tomba Giulietta,strategy_nearest,False,0.0032570362091064453,success
0498AF429C4C80,1,"['Castelvecchio', 'Castelvecchio', 'Arena']",Casa Giulietta,"['Centro Fotografia', 'Sighseeing', 'Torre Lamberti', 'Museo Conte', 'Museo Radio']",Tomba Giulietta,strategy_nearest,False,0.004739999771118164,success
0498C5429C4C80,3,['Arena'],Santa Anastasia,"['AMO', 'Museo Conte', 'Palazzo della Ragione', 'Teatro Romano', 'Centro Fotografia']",Duomo,strategy_nearest,False,0.003560781478881836,success
0498C63A9C4C80,3,"['Arena', 'Casa Giulietta']",Torre Lamberti,"['Sighseeing', 'Centro Fotografia', 'Museo Conte', 'Palazzo della Ragione', 'AMO']",Santa Anastasia,strategy_nearest,False,0.003072977066040039,success
0498CA429C4C80,1,"['Arena', 'Casa Giulietta']",Palazzo della Ragione,"['AMO', 'Museo Conte', 'Torre Lamberti', 'Centro Fotografia', 'Sighseeing']",Torre Lamberti,strategy_nearest,True,0.0028579235076904297,success
0498D53A9C4C80,3,['Santa Anastasia'],Duomo,"['AMO', 'Museo Miniscalchi', 'Teatro Romano', 'Palazzo della Ragione', 'Museo Conte']",Arena,strategy_nearest,False,0.003632783889770508,success
0498EF429C4C80,0,['Arena'],Casa Giulietta,"['Centro Fotografia', 'Sighseeing', 'Torre Lamberti', 'Museo Conte', 'Museo Radio']",Tomba Giulietta,strategy_nearest,False,0.002579927444458008,success
0498F3429C4C80,3,"['Teatro Romano', 'Duomo', 'Santa Anastasia']",Casa Giulietta,"['Centro Fotografia', 'Sighseeing', 'Torre Lamberti', 'Museo Conte', 'Museo Radio']",San Fermo,strategy_nearest,False,0.00403285026550293,success
0498FE3A9C4C80,0,['Arena'],San Fermo,"['Museo Storia', 'Museo Radio', 'Casa Giulietta', 'Centro Fotografia', 'Sighseeing']",Duomo,strategy_nearest,False,0.0014584064483642578,success
0498E33A9C4C80,3,['Arena'],Casa Giulietta,"['Centro Fotografia', 'Sighseeing', 'Torre Lamberti', 'Museo Conte', 'Museo Radio']",Santa Anastasia,strategy_nearest,False,0.00481104850769043,success
049910429C4C84,0,['Casa Giulietta'],Arena,"['Verona Tour', 'Museo Lapidario', 'Museo Radio', 'San Fermo', 'Sighseeing']",Torre Lamberti,strategy_nearest,False,0.0029969215393066406,success
0499074A9C4C80,2,['Torre Lamberti'],Palazzo della Ragione,"['AMO', 'Museo Conte', 'Centro Fotografia', 'Sighseeing', 'Santa Anastasia']",Santa Anastasia,strategy_nearest,True,0.0029540061950683594,success
049906429C4C84,2,"['Palazzo della Ragione', 'Torre Lamberti', 'Casa Giulietta', 'Santa Anastasia']",Teatro Romano,"['Duomo', 'AMO', 'Museo Conte', 'Centro Fotografia', 'Museo Miniscalchi']",Castelvecchio,strategy_nearest,False,0.00506901741027832,success
049909429C4C84,3,"['San Zeno', 'Arena']",Casa Giulietta,"['Centro Fotografia', 'Sighseeing', 'Torre Lamberti', 'Museo Conte', 'Museo Radio']",Santa Anastasia,strategy_nearest,False,0.004246950149536133,success
049911429C4C84,1,['Arena'],Teatro Romano,"['Santa Anastasia', 'Duomo', 'AMO', 'Palazzo della Ragione', 'Museo Conte']",Santa Anastasia,strategy_nearest,True,0.002732992172241211,success
0499133A9C4C80,1,"['Castelvecchio', 'San Fermo', 'Torre Lamberti', 'Santa Anastasia']",Casa Giulietta,"['Centro Fotografia', 'Sighseeing', 'Museo Conte', 'Museo Radio', 'Palazzo della Ragione']",San Zeno,strategy_nearest,False,0.0017857551574707031,success
049913429C4C84,3,"['Arena', 'Casa Giulietta']",Santa Anastasia,"['AMO', 'Museo Conte', 'Palazzo della Ragione', 'Teatro Romano', 'Centro Fotografia']",Teatro Romano,strategy_nearest,True,0.003899097442626953,success
0499143A9C4C84,1,"['San Zeno', 'Castelvecchio']",Arena,"['Verona Tour', 'Museo Lapidario', 'Museo Radio', 'San Fermo', 'Casa Giulietta']",Palazzo della Ragione,strategy_nearest,False,0.0030059814453125,success
04991C429C4C84,0,['Arena'],Casa Giulietta,"['Centro Fotografia', 'Sighseeing', 'Torre Lamberti', 'Museo Conte', 'Museo Radio']",Castelvecchio,strategy_nearest,False,0.0030241012573242188,success
0499213A9C4C84,0,['Arena'],Casa Giulietta,"['Centro Fotografia', 'Sighseeing', 'Torre Lamberti', 'Museo Conte', 'Museo Radio']",Tomba Giulietta,strategy_nearest,False,0.003270864486694336,success
04991F3A9C4C84,3,"['Arena', 'Tomba Giulietta']",San Fermo,"['Museo Storia', 'Museo Radio', 'Casa Giulietta', 'Centro Fotografia', 'Sighseeing']",Casa Giulietta,strategy_nearest,True,0.0021910667419433594,success
0499223A9C4C80,0,['Arena'],Casa Giulietta,"['Centro Fotografia', 'Sighseeing', 'Torre Lamberti', 'Museo Conte', 'Museo Radio']",Santa Anastasia,strategy_nearest,False,0.0035698413848876953,success
04992E429C4C80,0,"['Castelvecchio', 'Arena']",Casa Giulietta,"['Centro Fotografia', 'Sighseeing', 'Torre Lamberti', 'Museo Conte', 'Museo Radio']",Torre Lamberti,strategy_nearest,True,0.0038137435913085938,success
049923429C4C84,3,"['Arena', 'Castelvecchio', 'Casa Giulietta']",Santa Anastasia,"['AMO', 'Museo Conte', 'Palazzo della Ragione', 'Teatro Romano', 'Centro Fotografia']",Teatro Romano,strategy_nearest,True,0.002277851104736328,success
049924429C4C84,2,['Castelvecchio'],Torre Lamberti,"['Sighseeing', 'Centro Fotografia', 'Museo Conte', 'Casa Giulietta', 'Palazzo della Ragione']",Palazzo della Ragione,strategy_nearest,True,0.0032930374145507812,success
04992A429C4C80,2,['San Zeno'],Castelvecchio,"['Museo Lapidario', 'Verona Tour', 'Arena', 'Museo Radio', 'Sighseeing']",Torre Lamberti,strategy_nearest,False,0.001444101333618164,success
049952429C4C80,3,['Torre Lamberti'],Santa Anastasia,"['AMO', 'Museo Conte', 'Palazzo della Ragione', 'Teatro Romano', 'Centro Fotografia']",Arena,strategy_nearest,False,0.0030088424682617188,success
04994F3A9C4C80,2,['Castelvecchio'],Torre Lamberti,"['Sighseeing', 'Centro Fotografia', 'Museo Conte', 'Casa Giulietta', 'Palazzo della Ragione']",Casa Giulietta,strategy_nearest,True,0.0022819042205810547,success
04995F429C4C80,1,"['Arena', 'Casa Giulietta']",Torre Lamberti,"['Sighseeing', 'Centro Fotografia', 'Museo Conte', 'Palazzo della Ragione', 'AMO']",Palazzo della Ragione,strategy_nearest,True,0.004186868667602539,success
04995B429C4C80,1,['Arena'],Torre Lamberti,"['Sighseeing', 'Centro Fotografia', 'Museo Conte', 'Casa Giulietta', 'Palazzo della Ragione']",Palazzo della Ragione,strategy_nearest,True,0.003916025161743164,success
049973429C4C80,2,['Torre Lamberti'],Palazzo della Ragione,"['AMO', 'Museo Conte', 'Centro Fotografia', 'Sighseeing', 'Santa Anastasia']",Casa Giulietta,strategy_nearest,False,0.0015370845794677734,success
04996A429C4C80,3,"['Arena', 'Casa Giulietta']",Torre Lamberti,"['Sighseeing', 'Centro Fotografia', 'Museo Conte', 'Palazzo della Ragione', 'AMO']",Santa Anastasia,strategy_nearest,False,0.002399921417236328,success
04997B4A9C4C80,3,"['Santa Anastasia', 'Torre Lamberti']",Casa Giulietta,"['Centro Fotografia', 'Sighseeing', 'Museo Conte', 'Museo Radio', 'Palazzo della Ragione']",Arena,strategy_nearest,False,0.003576993942260742,success
049977429C4C80,0,['Arena'],Casa Giulietta,"['Centro Fotografia', 'Sighseeing', 'Torre Lamberti', 'Museo Conte', 'Museo Radio']",Torre Lamberti,strategy_nearest,True,0.0032749176025390625,success
04997C4A9C4C80,3,['Arena'],Casa Giulietta,"['Centro Fotografia', 'Sighseeing', 'Torre Lamberti', 'Museo Conte', 'Museo Radio']",San Fermo,strategy_nearest,False,0.002323150634765625,success
04998D429C4C80,0,['Arena'],Torre Lamberti,"['Sighseeing', 'Centro Fotografia', 'Museo Conte', 'Casa Giulietta', 'Palazzo della Ragione']",Casa Giulietta,strategy_nearest,True,0.0015630722045898438,success
0499884A9C4C80,2,['Casa Giulietta'],Santa Anastasia,"['AMO', 'Museo Conte', 'Palazzo della Ragione', 'Teatro Romano', 'Centro Fotografia']",Duomo,strategy_nearest,False,0.0031790733337402344,success
04998E429C4C80,2,['Castelvecchio'],Santa Anastasia,"['AMO', 'Museo Conte', 'Palazzo della Ragione', 'Teatro Romano', 'Centro Fotografia']",Casa Giulietta,strategy_nearest,False,0.0035409927368164062,success
0499914A9C4C80,3,"['Arena', 'Castelvecchio']",Casa Giulietta,"['Centro Fotografia', 'Sighseeing', 'Torre Lamberti', 'Museo Conte', 'Museo Radio']",Duomo,strategy_nearest,False,0.0036020278930664062,success
0499954A9C4C80,2,"['Torre Lamberti', 'Palazzo della Ragione']",Casa Giulietta,"['Centro Fotografia', 'Sighseeing', 'Museo Conte', 'Museo Radio', 'San Fermo']",Duomo,strategy_nearest,False,0.0013089179992675781,success
0499A0429C4C80,1,"['Tomba Giulietta', 'Arena']",Palazzo della Ragione,"['AMO', 'Museo Conte', 'Torre Lamberti', 'Centro Fotografia', 'Sighseeing']",Torre Lamberti,strategy_nearest,True,0.0031490325927734375,success
0499A14A9C4C80,2,['Teatro Romano'],Duomo,"['AMO', 'Museo Miniscalchi', 'Santa Anastasia', 'Palazzo della Ragione', 'Museo Conte']",Santa Anastasia,strategy_nearest,True,0.0038640499114990234,success
0499A3429C4C80,3,"['Castelvecchio', 'Teatro Romano', 'Duomo']",Santa Anastasia,"['AMO', 'Museo Conte', 'Palazzo della Ragione', 'Centro Fotografia', 'Torre Lamberti']",Casa Giulietta,strategy_nearest,False,0.002741098403930664,success
0499A4429C4C80,0,['Arena'],San Fermo,"['Museo Storia', 'Museo Radio', 'Casa Giulietta', 'Centro Fotografia', 'Sighseeing']",Duomo,strategy_nearest,False,0.0020956993103027344,success
0499A5429C4C80,2,['Santa Anastasia'],Torre Lamberti,"['Sighseeing', 'Centro Fotografia', 'Museo Conte', 'Casa Giulietta', 'Palazzo della Ragione']",Casa Giulietta,strategy_nearest,True,0.0027768611907958984,success
0499A83A9C4C80,0,['Arena'],Casa Giulietta,"['Centro Fotografia', 'Sighseeing', 'Torre Lamberti', 'Museo Conte', 'Museo Radio']",Torre Lamberti,strategy_nearest,True,0.0027756690979003906,success
0499AA3A9C4C80,1,"['Arena', 'Santa Anastasia']",Palazzo della Ragione,"['AMO', 'Museo Conte', 'Torre Lamberti', 'Centro Fotografia', 'Sighseeing']",Torre Lamberti,strategy_nearest,True,0.002485990524291992,success
0499AB4A9C4C80,2,['Torre Lamberti'],Palazzo della Ragione,"['AMO', 'Museo Conte', 'Centro Fotografia', 'Sighseeing', 'Santa Anastasia']",Casa Giulietta,strategy_nearest,False,0.0024597644805908203,success
0499AE429C4C80,1,"['Santa Anastasia', 'Arena']",Castelvecchio,"['Museo Lapidario', 'Verona Tour', 'Museo Radio', 'San Zeno', 'Sighseeing']",Torre Lamberti,strategy_nearest,False,0.002841949462890625,success
0499B53A9C4C80,0,"['Castelvecchio', 'San Zeno']",Tomba Giulietta,"['San Fermo', 'Museo Storia', 'Arena', 'Museo Lapidario', 'Museo Radio']",Arena,strategy_nearest,True,0.0020380020141601562,success
0499BA429C4C80,3,"['Casa Giulietta', 'Arena']",Santa Anastasia,"['AMO', 'Museo Conte', 'Palazzo della Ragione', 'Teatro Romano', 'Centro Fotografia']",Torre Lamberti,strategy_nearest,False,0.001863718032836914,success
0499B83A9C4C80,0,['Arena'],Casa Giulietta,"['Centro Fotografia', 'Sighseeing', 'Torre Lamberti', 'Museo Conte', 'Museo Radio']",Museo Storia,strategy_nearest,False,0.0043621063232421875,success
0499BF429C4C80,1,"['Arena', 'Palazzo della Ragione']",Casa Giulietta,"['Centro Fotografia', 'Sighseeing', 'Torre Lamberti', 'Museo Conte', 'Museo Radio']",Torre Lamberti,strategy_nearest,True,0.002471923828125,success
0499C73A9C4C80,0,"['Arena', 'Castelvecchio']",Casa Giulietta,"['Centro Fotografia', 'Sighseeing', 'Torre Lamberti', 'Museo Conte', 'Museo Radio']",Torre Lamberti,strategy_nearest,True,0.0028181076049804688,success
0499CC3A9C4C80,0,['Arena'],Museo Lapidario,"['Verona Tour', 'Castelvecchio', 'Museo Radio', 'San Fermo', 'Casa Giulietta']",Casa Giulietta,strategy_nearest,True,0.0029191970825195312,success
0499CF429C4C80,3,"['Teatro Romano', 'Arena', 'Castelvecchio']",San Zeno,"['Verona Tour', 'Museo Lapidario', 'Museo Miniscalchi', 'Sighseeing', 'Museo Radio']",Duomo,strategy_nearest,False,0.002460956573486328,success
0499D1429C4C80,2,"['Teatro Romano', 'Santa Anastasia', 'Duomo']",Castelvecchio,"['Museo Lapidario', 'Verona Tour', 'Arena', 'Museo Radio', 'San Zeno']",San Fermo,strategy_nearest,False,0.00257110595703125,success
0499D53A9C4C80,2,['Santa Anastasia'],Duomo,"['AMO', 'Museo Miniscalchi', 'Teatro Romano', 'Palazzo della Ragione', 'Museo Conte']",Palazzo della Ragione,strategy_nearest,True,0.003337860107421875,success
0499E13A9C4C80,2,"['Museo Lapidario', 'Casa Giulietta']",Torre Lamberti,"['Sighseeing', 'Centro Fotografia', 'Museo Conte', 'Palazzo della Ragione', 'AMO']",Tomba Giulietta,strategy_nearest,False,0.0028722286224365234,success
0499E33A9C4C80,2,['Duomo'],Torre Lamberti,"['Sighseeing', 'Centro Fotografia', 'Museo Conte', 'Casa Giulietta', 'Palazzo della Ragione']",Castelvecchio,strategy_nearest,False,0.0037183761596679688,success
0499FD3A9C4C80,0,['Castelvecchio'],Arena,"['Verona Tour', 'Museo Lapidario', 'Museo Radio', 'San Fermo', 'Casa Giulietta']",Casa Giulietta,strategy_nearest,True,0.001462697982788086,success
049A09429C4C80,3,"['Arena', 'San Fermo']",Casa Giulietta,"['Centro Fotografia', 'Sighseeing', 'Torre Lamberti', 'Museo Conte', 'Museo Radio']",Torre Lamberti,strategy_nearest,True,0.0020020008087158203,success
0499F4429C4C80,3,"['Castelvecchio', 'Teatro Romano']",San Fermo,"['Museo Storia', 'Museo Radio', 'Casa Giulietta', 'Centro Fotografia', 'Arena']",Arena,strategy_nearest,True,0.0038259029388427734,success
049A0B429C4C84,1,"['Arena', 'Museo Lapidario', 'Castelvecchio', 'Torre Lamberti']",Palazzo della Ragione,"['AMO', 'Museo Conte', 'Centro Fotografia', 'Sighseeing', 'Santa Anastasia']",Casa Giulietta,strategy_nearest,False,0.003223896026611328,success
049A0C429C4C84,3,"['Castelvecchio', 'Museo Lapidario']",Arena,"['Verona Tour', 'Museo Radio', 'San Fermo', 'Casa Giulietta', 'Sighseeing']",Duomo,strategy_nearest,False,0.0028982162475585938,success
049A113A9C4C84,2,"['Casa Giulietta', 'Duomo']",Torre Lamberti,"['Sighseeing', 'Centro Fotografia', 'Museo Conte', 'Palazzo della Ragione', 'AMO']",Tomba Giulietta,strategy_nearest,False,0.003489971160888672,success
049A13429C4C84,3,['Arena'],Casa Giulietta,"['Centro Fotografia', 'Sighseeing', 'Torre Lamberti', 'Museo Conte', 'Museo Radio']",Santa Anastasia,strategy_nearest,False,0.0014011859893798828,success
049A17429C4C84,0,['Arena'],Casa Giulietta,"['Centro Fotografia', 'Sighseeing', 'Torre Lamberti', 'Museo Conte', 'Museo Radio']",Santa Anastasia,strategy_nearest,False,0.003525257110595703,success
049A1A429C4C84,1,"['Castelvecchio', 'Arena', 'Torre Lamberti']",Palazzo della Ragione,"['AMO', 'Museo Conte', 'Centro Fotografia', 'Sighseeing', 'Santa Anastasia']",Santa Anastasia,strategy_nearest,True,0.003760814666748047,success
049A1C429C4C84,2,['Santa Anastasia'],San Zeno,"['Castelvecchio', 'Verona Tour', 'Museo Lapidario', 'Arena', 'Museo Miniscalchi']",Castelvecchio,strategy_nearest,True,0.002871990203857422,success
049A1D3A9C4C84,1,['Arena'],Casa Giulietta,"['Centro Fotografia', 'Sighseeing', 'Torre Lamberti', 'Museo Conte', 'Museo Radio']",Palazzo della Ragione,strategy_nearest,False,0.0015311241149902344,success
049A1D429C4C84,1,"['Arena', 'Casa Giulietta', 'Santa Anastasia']",Duomo,"['AMO', 'Museo Miniscalchi', 'Teatro Romano', 'Palazzo della Ragione', 'Museo Conte']",Torre Lamberti,strategy_nearest,False,0.003448009490966797,success
049A21429C4C84,1,"['Palazzo della Ragione', 'Torre Lamberti', 'Casa Giulietta']",Santa Anastasia,"['AMO', 'Museo Conte', 'Teatro Romano', 'Centro Fotografia', 'Duomo']",Teatro Romano,strategy_nearest,True,0.0016529560089111328,success
049A24429C4C80,3,"['Museo Lapidario', 'Arena', 'San Fermo']",San Zeno,"['Castelvecchio', 'Verona Tour', 'Museo Miniscalchi', 'Sighseeing', 'Museo Radio']",Castelvecchio,strategy_nearest,True,0.002122163772583008,success
049A24429C4C84,2,['Castelvecchio'],Giardino Giusti,"['Santa Anastasia', 'Teatro Romano', 'Museo Conte', 'Centro Fotografia', 'Museo Storia']",Duomo,strategy_nearest,False,0.0029592514038085938,success
049A244A9C4C80,0,['Arena'],San Zeno,"['Castelvecchio', 'Verona Tour', 'Museo Lapidario', 'Museo Miniscalchi', 'Sighseeing']",Casa Giulietta,strategy_nearest,False,0.0033609867095947266,success
049A2F3A9C4C80,0,"['Museo Lapidario', 'Museo Lapidario', 'Arena']",Santa Anastasia,"['AMO', 'Museo Conte', 'Palazzo della Ragione', 'Teatro Romano', 'Centro Fotografia']",Casa Giulietta,strategy_nearest,False,0.002615213394165039,success
049A303A9C4C80,1,"['Arena', 'Museo Lapidario']",Castelvecchio,"['Verona Tour', 'Museo Radio', 'San Zeno', 'Sighseeing', 'Museo Miniscalchi']",San Zeno,strategy_nearest,True,0.003050088882446289,success
049A25429C4C84,0,['Castelvecchio'],Arena,"['Verona Tour', 'Museo Lapidario', 'Museo Radio', 'San Fermo', 'Casa Giulietta']",Torre Lamberti,strategy_nearest,False,0.0027129650115966797,success
049A304A9C4C80,1,"['Arena', 'Castelvecchio', 'San Fermo', 'Casa Giulietta']",Torre Lamberti,"['Sighseeing', 'Centro Fotografia', 'Museo Conte', 'Palazzo della Ragione', 'AMO']",Palazzo della Ragione,strategy_nearest,True,0.0037157535552978516,success
049A403A9C4C80,0,['Arena'],Casa Giulietta,"['Centro Fotografia', 'Sighseeing', 'Torre Lamberti', 'Museo Conte', 'Museo Radio']",Duomo,strategy_nearest,False,0.0022437572479248047,success
049A4D3A9C4C80,1,"['Teatro Romano', 'Casa Giulietta', 'Santa Anastasia', 'Arena']",Museo Lapidario,"['Verona Tour', 'Castelvecchio', 'Museo Radio', 'San Fermo', 'Tomba Giulietta']",Castelvecchio,strategy_nearest,True,0.002171754837036133,success
049A32429C4C80,0,"['Arena', 'San Zeno']",Castelvecchio,"['Museo Lapidario', 'Verona Tour', 'Museo Radio', 'Sighseeing', 'Museo Miniscalchi']",Casa Giulietta,strategy_nearest,False,0.0036139488220214844,success
049A51429C4C80,2,['Castelvecchio'],San Fermo,"['Museo Storia', 'Museo Radio', 'Casa Giulietta', 'Centro Fotografia', 'Arena']",Santa Anastasia,strategy_nearest,False,0.0034492015838623047,success
049A55429C4C80,1,"['Arena', 'Casa Giulietta']",Santa Anastasia,"['AMO', 'Museo Conte', 'Palazzo della Ragione', 'Teatro Romano', 'Centro Fotografia']",Palazzo della Ragione,strategy_nearest,True,0.0019559860229492188,success
049A57429C4C80,3,"['Arena', 'Casa Giulietta']",Torre Lamberti,"['Sighseeing', 'Centro Fotografia', 'Museo Conte', 'Palazzo della Ragione', 'AMO']",Santa Anastasia,strategy_nearest,False,0.003933906555175781,success
049A59429C4C80,3,"['Arena', 'Castelvecchio']",Casa Giulietta,"['Centro Fotografia', 'Sighseeing', 'Torre Lamberti', 'Museo Conte', 'Museo Radio']",Torre Lamberti,strategy_nearest,True,0.0021963119506835938,success
049A60429C4C80,2,['Castelvecchio'],Casa Giulietta,"['Centro Fotografia', 'Sighseeing', 'Torre Lamberti', 'Museo Conte', 'Museo Radio']",Santa Anastasia,strategy_nearest,False,0.0017819404602050781,success
049A74429C4C80,0,['Arena'],Casa Giulietta,"['Centro Fotografia', 'Sighseeing', 'Torre Lamberti', 'Museo Conte', 'Museo Radio']",Torre Lamberti,strategy_nearest,True,0.002332925796508789,success
049A7A3A9C4C80,0,"['Teatro Romano', 'Giardino Giusti']",Castelvecchio,"['Museo Lapidario', 'Verona Tour', 'Arena', 'Museo Radio', 'San Zeno']",Arena,strategy_nearest,True,0.0019631385803222656,success
049A75429C4C80,2,['Casa Giulietta'],Torre Lamberti,"['Sighseeing', 'Centro Fotografia', 'Museo Conte', 'Palazzo della Ragione', 'AMO']",Tomba Giulietta,strategy_nearest,False,0.002669095993041992,success
049A7F3A9C4C80,0,['Arena'],Casa Giulietta,"['Centro Fotografia', 'Sighseeing', 'Torre Lamberti', 'Museo Conte', 'Museo Radio']",Santa Anastasia,strategy_nearest,False,0.003376007080078125,success
049A7C4A9C4C80,3,"['Arena', 'Santa Anastasia']",Torre Lamberti,"['Sighseeing', 'Centro Fotografia', 'Museo Conte', 'Casa Giulietta', 'Palazzo della Ragione']",Duomo,strategy_nearest,False,0.002843141555786133,success
049A824A9C4C80,0,['Arena'],Castelvecchio,"['Museo Lapidario', 'Verona Tour', 'Museo Radio', 'San Zeno', 'Sighseeing']",Teatro Romano,strategy_nearest,False,0.002560138702392578,success
049A884A9C4C80,3,"['Arena', 'Casa Giulietta']",Torre Lamberti,"['Sighseeing', 'Centro Fotografia', 'Museo Conte', 'Palazzo della Ragione', 'AMO']",Teatro Romano,strategy_nearest,False,0.0026519298553466797,success
049A8E4A9C4C80,3,['Arena'],Torre Lamberti,"['Sighseeing', 'Centro Fotografia', 'Museo Conte', 'Casa Giulietta', 'Palazzo della Ragione']",Santa Anastasia,strategy_nearest,False,0.003618955612182617,success
049A914A9C4C80,3,"['Arena', 'Castelvecchio']",Torre Lamberti,"['Sighseeing', 'Centro Fotografia', 'Museo Conte', 'Casa Giulietta', 'Palazzo della Ragione']",Santa Anastasia,strategy_nearest,False,0.002949953079223633,success
049A924A9C4C80,0,['Arena'],Duomo,"['AMO', 'Museo Miniscalchi', 'Santa Anastasia', 'Teatro Romano', 'Palazzo della Ragione']",San Zeno,strategy_nearest,False,0.0014047622680664062,success
049A9E429C4C80,3,"['Torre Lamberti', 'Santa Anastasia']",Casa Giulietta,"['Centro Fotografia', 'Sighseeing', 'Museo Conte', 'Museo Radio', 'Palazzo della Ragione']",Arena,strategy_nearest,False,0.0033829212188720703,success
049AA93A9C4C80,2,['Castelvecchio'],Casa Giulietta,"['Centro Fotografia', 'Sighseeing', 'Torre Lamberti', 'Museo Conte', 'Museo Radio']",Giardino Giusti,strategy_nearest,False,0.002877950668334961,success
049AA63A9C4C80,0,['Arena'],Casa Giulietta,"['Centro Fotografia', 'Sighseeing', 'Torre Lamberti', 'Museo Conte', 'Museo Radio']",Torre Lamberti,strategy_nearest,True,0.0023071765899658203,success
049AA44A9C4C80,0,"['Arena', 'Museo Lapidario']",Casa Giulietta,"['Centro Fotografia', 'Sighseeing', 'Torre Lamberti', 'Museo Conte', 'Museo Radio']",Torre Lamberti,strategy_nearest,True,0.0035550594329833984,success
049AAA3A9C4C80,2,"['Casa Giulietta', 'Santa Anastasia']",Teatro Romano,"['Duomo', 'AMO', 'Palazzo della Ragione', 'Museo Conte', 'Centro Fotografia']",Duomo,strategy_nearest,True,0.0014829635620117188,success
049AAA429C4C80,2,['Casa Giulietta'],Santa Anastasia,"['AMO', 'Museo Conte', 'Palazzo della Ragione', 'Teatro Romano', 'Centro Fotografia']",Teatro Romano,strategy_nearest,True,0.002710103988647461,success
049AAB4A9C4C80,0,['Arena'],Casa Giulietta,"['Centro Fotografia', 'Sighseeing', 'Torre Lamberti', 'Museo Conte', 'Museo Radio']",Duomo,strategy_nearest,False,0.0013670921325683594,success
049AB4429C4C80,1,['Castelvecchio'],Arena,"['Verona Tour', 'Museo Lapidario', 'Museo Radio', 'San Fermo', 'Casa Giulietta']",Palazzo della Ragione,strategy_nearest,False,0.0018343925476074219,success
049AB63A9C4C80,0,['Arena'],Castelvecchio,"['Museo Lapidario', 'Verona Tour', 'Museo Radio', 'San Zeno', 'Sighseeing']",Torre Lamberti,strategy_nearest,False,0.0030782222747802734,success
049AB93A9C4C80,3,['Arena'],Torre Lamberti,"['Sighseeing', 'Centro Fotografia', 'Museo Conte', 'Casa Giulietta', 'Palazzo della Ragione']",Santa Anastasia,strategy_nearest,False,0.0017399787902832031,success
049ABA429C4C80,0,['Castelvecchio'],Arena,"['Verona Tour', 'Museo Lapidario', 'Museo Radio', 'San Fermo', 'Casa Giulietta']",Casa Giulietta,strategy_nearest,True,0.002892732620239258,success
049ABB3A9C4C80,3,"['Arena', 'Casa Giulietta']",Santa Anastasia,"['AMO', 'Museo Conte', 'Palazzo della Ragione', 'Teatro Romano', 'Centro Fotografia']",Duomo,strategy_nearest,False,0.002187967300415039,success
049ABF429C4C80,0,['Tomba Giulietta'],Arena,"['Verona Tour', 'Museo Lapidario', 'Museo Radio', 'San Fermo', 'Casa Giulietta']",Casa Giulietta,strategy_nearest,True,0.0033178329467773438,success
049AC33A9C4C80,2,['Castelvecchio'],Torre Lamberti,"['Sighseeing', 'Centro Fotografia', 'Museo Conte', 'Casa Giulietta', 'Palazzo della Ragione']",Casa Giulietta,strategy_nearest,True,0.004494667053222656,success
049AC3429C4C80,3,"['Casa Giulietta', 'Casa Giulietta']",Arena,"['Verona Tour', 'Museo Lapidario', 'Museo Radio', 'San Fermo', 'Sighseeing']",Santa Anastasia,strategy_nearest,False,0.0023071765899658203,success
049AEC429C4C80,1,"['San Zeno', 'Castelvecchio', 'Casa Giulietta']",Torre Lamberti,"['Sighseeing', 'Centro Fotografia', 'Museo Conte', 'Palazzo della Ragione', 'AMO']",Palazzo della Ragione,strategy_nearest,True,0.0030050277709960938,success
049AC7429C4C80,3,"['Casa Giulietta', 'Arena']",Castelvecchio,"['Museo Lapidario', 'Verona Tour', 'Museo Radio', 'San Zeno', 'Sighseeing']",Santa Anastasia,strategy_nearest,False,0.002228975296020508,success
049B00429C4C84,1,"['Arena', 'Museo Lapidario', 'Tomba Giulietta', 'San Fermo', 'Casa Giulietta']",Torre Lamberti,"['Sighseeing', 'Centro Fotografia', 'Museo Conte', 'Palazzo della Ragione', 'AMO']",Palazzo della Ragione,strategy_nearest,True,0.0033762454986572266,success
049B0C4A9C4C80,0,['Arena'],Casa Giulietta,"['Centro Fotografia', 'Sighseeing', 'Torre Lamberti', 'Museo Conte', 'Museo Radio']",Torre Lamberti,strategy_nearest,True,0.0016069412231445312,success
049B104A9C4C80,3,"['Santa Anastasia', 'Teatro Romano', 'Duomo']",Casa Giulietta,"['Centro Fotografia', 'Sighseeing', 'Torre Lamberti', 'Museo Conte', 'Museo Radio']",San Fermo,strategy_nearest,False,0.00339508056640625,success
049B13429C4C84,0,['Duomo'],Casa Giulietta,"['Centro Fotografia', 'Sighseeing', 'Torre Lamberti', 'Museo Conte', 'Museo Radio']",Arena,strategy_nearest,False,0.002023935317993164,success
049B133A9C4C80,1,"['Arena', 'Torre Lamberti', 'Palazzo della Ragione']",Casa Giulietta,"['Centro Fotografia', 'Sighseeing', 'Museo Conte', 'Museo Radio', 'San Fermo']",Teatro Romano,strategy_nearest,False,0.0026988983154296875,success
049B1C429C4C84,3,"['Castelvecchio', 'Arena', 'Torre Lamberti', 'Casa Giulietta']",San Fermo,"['Museo Storia', 'Museo Radio', 'Centro Fotografia', 'Sighseeing', 'Museo Conte']",Duomo,strategy_nearest,False,0.0020258426666259766,success
049B1A3A9C4C84,2,"['Torre Lamberti', 'Santa Anastasia']",Casa Giulietta,"['Centro Fotografia', 'Sighseeing', 'Museo Conte', 'Museo Radio', 'Palazzo della Ragione']",Duomo,strategy_nearest,False,0.003396272659301758,success
049B19429C4C84,1,['Arena'],Palazzo della Ragione,"['AMO', 'Museo Conte', 'Torre Lamberti', 'Centro Fotografia', 'Sighseeing']",Torre Lamberti,strategy_nearest,True,0.002830982208251953,success
049B143A9C4C80,3,"['Arena', 'Castelvecchio']",San Zeno,"['Verona Tour', 'Museo Lapidario', 'Museo Miniscalchi', 'Sighseeing', 'Museo Radio']",San Fermo,strategy_nearest,False,0.0016551017761230469,success
049B1F3A9C4C80,0,"['Arena', 'Museo Lapidario']",San Zeno,"['Castelvecchio', 'Verona Tour', 'Museo Miniscalchi', 'Sighseeing', 'Museo Radio']",Castelvecchio,strategy_nearest,True,0.002218961715698242,success
049B20429C4C80,1,"['Arena', 'Torre Lamberti', 'Santa Anastasia', 'Duomo']",Casa Giulietta,"['Centro Fotografia', 'Sighseeing', 'Museo Conte', 'Museo Radio', 'Palazzo della Ragione']",Castelvecchio,strategy_nearest,False,0.0032269954681396484,success
049B203A9C4C84,3,"['Arena', 'Casa Giulietta']",Santa Anastasia,"['AMO', 'Museo Conte', 'Palazzo della Ragione', 'Teatro Romano', 'Centro Fotografia']",Teatro Romano,strategy_nearest,True,0.001561880111694336,success
049B1E429C4C84,0,['Arena'],Casa Giulietta,"['Centro Fotografia', 'Sighseeing', 'Torre Lamberti', 'Museo Conte', 'Museo Radio']",Torre Lamberti,strategy_nearest,True,0.0028412342071533203,success
049B22429C4C84,3,"['Santa Anastasia', 'Teatro Romano', 'Duomo', 'San Zeno']",Castelvecchio,"['Museo Lapidario', 'Verona Tour', 'Arena', 'Museo Radio', 'Sighseeing']",San Fermo,strategy_nearest,False,0.0028519630432128906,success
049B25429C4C84,3,"['Arena', 'Casa Giulietta']",Santa Anastasia,"['AMO', 'Museo Conte', 'Palazzo della Ragione', 'Teatro Romano', 'Centro Fotografia']",Duomo,strategy_nearest,False,0.0020761489868164062,success
049B233A9C4C84,3,['Arena'],Santa Anastasia,"['AMO', 'Museo Conte', 'Palazzo della Ragione', 'Teatro Romano', 'Centro Fotografia']",Teatro Romano,strategy_nearest,True,0.0034220218658447266,success
049B24429C4C80,3,"['Arena', 'Museo Lapidario', 'Castelvecchio', 'Santa Anastasia']",Torre Lamberti,"['Sighseeing', 'Centro Fotografia', 'Museo Conte', 'Casa Giulietta', 'Palazzo della Ragione']",Casa Giulietta,strategy_nearest,True,0.0015752315521240234,success
049B383A9C4C80,2,"['Santa Anastasia', 'Duomo']",San Fermo,"['Museo Storia', 'Museo Radio', 'Casa Giulietta', 'Centro Fotografia', 'Arena']",Giardino Giusti,strategy_nearest,False,0.00261688232421875,success
049B2D429C4C80,2,['Santa Anastasia'],Duomo,"['AMO', 'Museo Miniscalchi', 'Teatro Romano', 'Palazzo della Ragione', 'Museo Conte']",San Zeno,strategy_nearest,False,0.0020279884338378906,success
049B403A9C4C80,4,"['Casa Giulietta', 'Museo Radio', 'Tomba Giulietta', 'Museo Lapidario', 'Arena']",Palazzo della Ragione,"['AMO', 'Museo Conte', 'Torre Lamberti', 'Centro Fotografia', 'Sighseeing']",Santa Anastasia,strategy_nearest,False,0.0013649463653564453,success
049B413A9C4C80,2,['Santa Anastasia'],Duomo,"['AMO', 'Museo Miniscalchi', 'Teatro Romano', 'Palazzo della Ragione', 'Museo Conte']",Castelvecchio,strategy_nearest,False,0.003443002700805664,success
049B57429C4C80,1,"['Arena', 'Santa Anastasia', 'Teatro Romano', 'Torre Lamberti']",Palazzo della Ragione,"['AMO', 'Museo Conte', 'Centro Fotografia', 'Sighseeing', 'Museo Miniscalchi']",Casa Giulietta,strategy_nearest,False,0.002641916275024414,success
049B58429C4C80,0,['Arena'],Giardino Giusti,"['Santa Anastasia', 'Teatro Romano', 'Museo Conte', 'Centro Fotografia', 'Museo Storia']",Castelvecchio,strategy_nearest,False,0.0025069713592529297,success
049B4D3A9C4C80,2,"['Castelvecchio', 'Torre Lamberti']",Palazzo della Ragione,"['AMO', 'Museo Conte', 'Centro Fotografia', 'Sighseeing', 'Santa Anastasia']",Giardino Giusti,strategy_nearest,False,0.00209808349609375,success
049B5A429C4C80,3,['Duomo'],Santa Anastasia,"['AMO', 'Museo Conte', 'Palazzo della Ragione', 'Teatro Romano', 'Centro Fotografia']",Torre Lamberti,strategy_nearest,False,0.0034270286560058594,success
049B65429C4C80,0,['Arena'],Casa Giulietta,"['Centro Fotografia', 'Sighseeing', 'Torre Lamberti', 'Museo Conte', 'Museo Radio']",Santa Anastasia,strategy_nearest,False,0.0024509429931640625,success
049B70429C4C80,1,"['Palazzo della Ragione', 'Torre Lamberti']",Teatro Romano,"['Santa Anastasia', 'Duomo', 'AMO', 'Museo Conte', 'Centro Fotografia']",Duomo,strategy_nearest,True,0.0026311874389648438,success
049B713A9C4C80,3,"['Arena', 'Tomba Giulietta']",Castelvecchio,"['Museo Lapidario', 'Verona Tour', 'Museo Radio', 'San Zeno', 'Sighseeing']",Casa Giulietta,strategy_nearest,False,0.003390073776245117,success
049B773A9C4C80,2,"['Casa Giulietta', 'Torre Lamberti']",Tomba Giulietta,"['San Fermo', 'Museo Storia', 'Arena', 'Museo Lapidario', 'Museo Radio']",Castelvecchio,strategy_nearest,False,0.0030379295349121094,success
049B73429C4C80,1,"['Arena', 'Casa Giulietta']",Duomo,"['AMO', 'Museo Miniscalchi', 'Santa Anastasia', 'Teatro Romano', 'Palazzo della Ragione']",Torre Lamberti,strategy_nearest,False,0.002771139144897461,success
049B7C3A9C4C80,2,"['Casa Giulietta', 'Tomba Giulietta']",San Fermo,"['Museo Storia', 'Museo Radio', 'Centro Fotografia', 'Arena', 'Sighseeing']",Teatro Romano,strategy_nearest,False,0.0023179054260253906,success
049B7E429C4C80,2,['Torre Lamberti'],Palazzo della Ragione,"['AMO', 'Museo Conte', 'Centro Fotografia', 'Sighseeing', 'Santa Anastasia']",Casa Giulietta,strategy_nearest,False,0.003885984420776367,success
049B7F4A9C4C80,3,"['Arena', 'Torre Lamberti', 'Duomo']",Santa Anastasia,"['AMO', 'Museo Conte', 'Palazzo della Ragione', 'Teatro Romano', 'Centro Fotografia']",Casa Giulietta,strategy_nearest,False,0.002536296844482422,success
049B904A9C4C80,3,"['Arena', 'Casa Giulietta']",Torre Lamberti,"['Sighseeing', 'Centro Fotografia', 'Museo Conte', 'Palazzo della Ragione', 'AMO']",Santa Anastasia,strategy_nearest,False,0.0031812191009521484,success
049B824A9C4C80,0,['Arena'],Casa Giulietta,"['Centro Fotografia', 'Sighseeing', 'Torre Lamberti', 'Museo Conte', 'Museo Radio']",Santa Anastasia,strategy_nearest,False,0.002655029296875,success
049B854A9C4C80,0,['Arena'],Museo Lapidario,"['Verona Tour', 'Castelvecchio', 'Museo Radio', 'San Fermo', 'Casa Giulietta']",Casa Giulietta,strategy_nearest,True,0.001981973648071289,success
049B93429C4C80,3,"['Arena', 'San Fermo']",Duomo,"['AMO', 'Museo Miniscalchi', 'Santa Anastasia', 'Teatro Romano', 'Palazzo della Ragione']",Santa Anastasia,strategy_nearest,True,0.0038568973541259766,success
049B9E429C4C80,2,['Castelvecchio'],San Zeno,"['Verona Tour', 'Museo Lapidario', 'Arena', 'Museo Miniscalchi', 'Sighseeing']",Teatro Romano,strategy_nearest,False,0.003365039825439453,success
049BA24A9C4C80,1,"['Castelvecchio', 'Arena']",Casa Giulietta,"['Centro Fotografia', 'Sighseeing', 'Torre Lamberti', 'Museo Conte', 'Museo Radio']",Palazzo della Ragione,strategy_nearest,False,0.002009153366088867,success
049B9D429C4C80,0,['Castelvecchio'],Arena,"['Verona Tour', 'Museo Lapidario', 'Museo Radio', 'San Fermo', 'Casa Giulietta']",Casa Giulietta,strategy_nearest,True,0.003985881805419922,success
049BA14A9C4C80,0,"['Teatro Romano', 'Duomo']",Casa Giulietta,"['Centro Fotografia', 'Sighseeing', 'Torre Lamberti', 'Museo Conte', 'Museo Radio']",Arena,strategy_nearest,False,0.001425027847290039,success
049BA64A9C4C80,3,"['Duomo', 'Torre Lamberti', 'Santa Anastasia']",Teatro Romano,"['AMO', 'Palazzo della Ragione', 'Museo Conte', 'Centro Fotografia', 'Museo Miniscalchi']",Casa Giulietta,strategy_nearest,False,0.002874135971069336,success
049BA73A9C4C80,0,"['Arena', 'Casa Giulietta']",Torre Lamberti,"['Sighseeing', 'Centro Fotografia', 'Museo Conte', 'Palazzo della Ragione', 'AMO']",Duomo,strategy_nearest,False,0.0013828277587890625,success
049BAB4A9C4C80,3,['Casa Giulietta'],Santa Anastasia,"['AMO', 'Museo Conte', 'Palazzo della Ragione', 'Teatro Romano', 'Centro Fotografia']",Duomo,strategy_nearest,False,0.002151012420654297,success
049BAC3A9C4C80,0,['Arena'],Tomba Giulietta,"['San Fermo', 'Museo Storia', 'Museo Lapidario', 'Museo Radio', 'Verona Tour']",Casa Giulietta,strategy_nearest,False,0.003337860107421875,success
049BB3429C4C80,3,"['Arena', 'San Fermo']",Casa Giulietta,"['Centro Fotografia', 'Sighseeing', 'Torre Lamberti', 'Museo Conte', 'Museo Radio']",Santa Anastasia,strategy_nearest,False,0.0020787715911865234,success
049BAD3A9C4C80,1,"['Arena', 'Casa Giulietta', 'Torre Lamberti']",Palazzo della Ragione,"['AMO', 'Museo Conte', 'Centro Fotografia', 'Sighseeing', 'Santa Anastasia']",Santa Anastasia,strategy_nearest,True,0.001435995101928711,success
049BAD429C4C80,2,"['Museo Lapidario', 'San Fermo']",Torre Lamberti,"['Sighseeing', 'Centro Fotografia', 'Museo Conte', 'Casa Giulietta', 'Palazzo della Ragione']",Palazzo della Ragione,strategy_nearest,True,0.002775907516479492,success
049BB6429C4C80,0,['Casa Giulietta'],Castelvecchio,"['Museo Lapidario', 'Verona Tour', 'Arena', 'Museo Radio', 'San Zeno']",Arena,strategy_nearest,True,0.003293275833129883,success
049BE5429C4C80,1,"['Arena', 'Casa Giulietta']",Torre Lamberti,"['Sighseeing', 'Centro Fotografia', 'Museo Conte', 'Palazzo della Ragione', 'AMO']",Palazzo della Ragione,strategy_nearest,True,0.0019860267639160156,success
049BB73A9C4C80,0,['Arena'],Casa Giulietta,"['Centro Fotografia', 'Sighseeing', 'Torre Lamberti', 'Museo Conte', 'Museo Radio']",Santa Anastasia,strategy_nearest,False,0.004076957702636719,success
049BDF3A9C4C80,1,"['Arena', 'Torre Lamberti']",Palazzo della Ragione,"['AMO', 'Museo Conte', 'Centro Fotografia', 'Sighseeing', 'Santa Anastasia']",Teatro Romano,strategy_nearest,False,0.0026900768280029297,success
049BDB429C4C80,3,"['Arena', 'Duomo', 'Santa Anastasia']",Casa Giulietta,"['Centro Fotografia', 'Sighseeing', 'Torre Lamberti', 'Museo Conte', 'Museo Radio']",Casa Giulietta,strategy_nearest,False,0.0022590160369873047,success
049C07429C4C80,3,"['Arena', 'San Fermo']",Casa Giulietta,"['Centro Fotografia', 'Sighseeing', 'Torre Lamberti', 'Museo Conte', 'Museo Radio']",Torre Lamberti,strategy_nearest,True,0.0028040409088134766,success
049BFE429C4C80,3,"['Arena', 'Castelvecchio']",San Zeno,"['Verona Tour', 'Museo Lapidario', 'Museo Miniscalchi', 'Sighseeing', 'Museo Radio']",Santa Anastasia,strategy_nearest,False,0.0015752315521240234,success
049C094A9C4C80,1,"['Casa Giulietta', 'Arena', 'Castelvecchio', 'San Zeno', 'Duomo']",Torre Lamberti,"['Sighseeing', 'Centro Fotografia', 'Museo Conte', 'Palazzo della Ragione', 'AMO']",Palazzo della Ragione,strategy_nearest,True,0.0033080577850341797,success
049C09429C4C84,3,"['Arena', 'Casa Giulietta', 'Tomba Giulietta']",San Fermo,"['Museo Storia', 'Museo Radio', 'Centro Fotografia', 'Sighseeing', 'Torre Lamberti']",Duomo,strategy_nearest,False,0.0021860599517822266,success
049C11429C4C84,3,"['Arena', 'San Fermo', 'Castelvecchio']",Torre Lamberti,"['Sighseeing', 'Centro Fotografia', 'Museo Conte', 'Casa Giulietta', 'Palazzo della Ragione']",Santa Anastasia,strategy_nearest,False,0.0020542144775390625,success
049C10429C4C84,2,['Duomo'],San Fermo,"['Museo Storia', 'Museo Radio', 'Casa Giulietta', 'Centro Fotografia', 'Arena']",San Zeno,strategy_nearest,False,0.0016520023345947266,success
049C11429C4C80,1,"['Arena', 'Casa Giulietta', 'Santa Anastasia']",Torre Lamberti,"['Sighseeing', 'Centro Fotografia', 'Museo Conte', 'Palazzo della Ragione', 'AMO']",Palazzo della Ragione,strategy_nearest,True,0.004027843475341797,success
049C13429C4C84,3,"['Arena', 'Torre Lamberti']",Duomo,"['AMO', 'Museo Miniscalchi', 'Santa Anastasia', 'Teatro Romano', 'Palazzo della Ragione']",Casa Giulietta,strategy_nearest,False,0.002493143081665039,success
049C174A9C4C80,3,"['Castelvecchio', 'Arena']",San Fermo,"['Museo Storia', 'Museo Radio', 'Casa Giulietta', 'Centro Fotografia', 'Sighseeing']",Duomo,strategy_nearest,False,0.002689838409423828,success
049C17429C4C84,1,['Arena'],Palazzo della Ragione,"['AMO', 'Museo Conte', 'Torre Lamberti', 'Centro Fotografia', 'Sighseeing']",Torre Lamberti,strategy_nearest,True,0.004567146301269531,success
049C19429C4C84,1,"['Arena', 'Casa Giulietta', 'Torre Lamberti']",Palazzo della Ragione,"['AMO', 'Museo Conte', 'Centro Fotografia', 'Sighseeing', 'Santa Anastasia']",Santa Anastasia,strategy_nearest,True,0.0020318031311035156,success
049C143A9C4C80,1,"['Arena', 'Museo Lapidario']",Casa Giulietta,"['Centro Fotografia', 'Sighseeing', 'Torre Lamberti', 'Museo Conte', 'Museo Radio']",Palazzo della Ragione,strategy_nearest,False,0.0028340816497802734,success
049C243A9C4C80,2,['Torre Lamberti'],San Fermo,"['Museo Storia', 'Museo Radio', 'Casa Giulietta', 'Centro Fotografia', 'Arena']",Santa Anastasia,strategy_nearest,False,0.0027849674224853516,success
049C24429C4C84,2,"['Casa Giulietta', 'Santa Anastasia']",Duomo,"['AMO', 'Museo Miniscalchi', 'Teatro Romano', 'Palazzo della Ragione', 'Museo Conte']",Castelvecchio,strategy_nearest,False,0.0033271312713623047,success
049C233A9C4C80,0,['Arena'],Tomba Giulietta,"['San Fermo', 'Museo Storia', 'Museo Lapidario', 'Museo Radio', 'Verona Tour']",Casa Giulietta,strategy_nearest,False,0.0022149085998535156,success
049C1C3A9C4C84,0,['Arena'],Casa Giulietta,"['Centro Fotografia', 'Sighseeing', 'Torre Lamberti', 'Museo Conte', 'Museo Radio']",Duomo,strategy_nearest,False,0.0016489028930664062,success
049C293A9C4C80,3,"['Castelvecchio', 'Arena', 'Casa Giulietta']",Torre Lamberti,"['Sighseeing', 'Centro Fotografia', 'Museo Conte', 'Palazzo della Ragione', 'AMO']",Duomo,strategy_nearest,False,0.0018842220306396484,success
049C263A9C4C84,3,['Arena'],Santa Anastasia,"['AMO', 'Museo Conte', 'Palazzo della Ragione', 'Teatro Romano', 'Centro Fotografia']",Teatro Romano,strategy_nearest,True,0.00133514404296875,success
049C2B3A9C4C80,1,"['Teatro Romano', 'Arena', 'Museo Lapidario']",Castelvecchio,"['Verona Tour', 'Museo Radio', 'San Zeno', 'Sighseeing', 'Museo Miniscalchi']",Torre Lamberti,strategy_nearest,False,0.002727031707763672,success
049C2B4A9C4C80,0,['Casa Giulietta'],Arena,"['Verona Tour', 'Museo Lapidario', 'Museo Radio', 'San Fermo', 'Sighseeing']",Torre Lamberti,strategy_nearest,False,0.0043299198150634766,success
049C2C429C4C80,0,"['Arena', 'Casa Giulietta']",Duomo,"['AMO', 'Museo Miniscalchi', 'Santa Anastasia', 'Teatro Romano', 'Palazzo della Ragione']",Castelvecchio,strategy_nearest,False,0.0018291473388671875,success
049C384A9C4C80,2,['Giardino Giusti'],Santa Anastasia,"['AMO', 'Museo Conte', 'Palazzo della Ragione', 'Teatro Romano', 'Centro Fotografia']",Castelvecchio,strategy_nearest,False,0.0027511119842529297,success
049C3A3A9C4C80,2,"['Casa Giulietta', 'Torre Lamberti', 'Palazzo della Ragione']",Santa Anastasia,"['AMO', 'Museo Conte', 'Teatro Romano', 'Centro Fotografia', 'Duomo']",Duomo,strategy_nearest,True,0.003023862838745117,success
049C4D429C4C80,3,"['Castelvecchio', 'Arena']",Casa Giulietta,"['Centro Fotografia', 'Sighseeing', 'Torre Lamberti', 'Museo Conte', 'Museo Radio']",Santa Anastasia,strategy_nearest,False,0.003110170364379883,success
049C403A9C4C80,0,['Casa Giulietta'],Tomba Giulietta,"['San Fermo', 'Museo Storia', 'Arena', 'Museo Lapidario', 'Museo Radio']",Arena,strategy_nearest,True,0.0027370452880859375,success
049C4F429C4C80,2,"['San Fermo', 'Casa Giulietta']",Torre Lamberti,"['Sighseeing', 'Centro Fotografia', 'Museo Conte', 'Palazzo della Ragione', 'AMO']",Duomo,strategy_nearest,False,0.003178119659423828,success
049C6D429C4C80,3,"['Arena', 'Casa Giulietta']",Santa Anastasia,"['AMO', 'Museo Conte', 'Palazzo della Ragione', 'Teatro Romano', 'Centro Fotografia']",Duomo,strategy_nearest,False,0.0032160282135009766,success
049C70429C4C80,1,['Arena'],Torre Lamberti,"['Sighseeing', 'Centro Fotografia', 'Museo Conte', 'Casa Giulietta', 'Palazzo della Ragione']",Palazzo della Ragione,strategy_nearest,True,0.002662181854248047,success
049C75429C4C80,0,['Arena'],Casa Giulietta,"['Centro Fotografia', 'Sighseeing', 'Torre Lamberti', 'Museo Conte', 'Museo Radio']",Torre Lamberti,strategy_nearest,True,0.0032150745391845703,success
049C7C4A9C4C80,1,"['Arena', 'Torre Lamberti', 'Palazzo della Ragione']",Castelvecchio,"['Museo Lapidario', 'Verona Tour', 'Museo Radio', 'San Zeno', 'Sighseeing']",Casa Giulietta,strategy_nearest,False,0.0029740333557128906,success
049C824A9C4C80,0,['Arena'],Casa Giulietta,"['Centro Fotografia', 'Sighseeing', 'Torre Lamberti', 'Museo Conte', 'Museo Radio']",Torre Lamberti,strategy_nearest,True,0.0031511783599853516,success
049C7F429C4C80,0,['Arena'],Duomo,"['AMO', 'Museo Miniscalchi', 'Santa Anastasia', 'Teatro Romano', 'Palazzo della Ragione']",Casa Giulietta,strategy_nearest,False,0.003046751022338867,success
049C814A9C4C80,3,['Arena'],Casa Giulietta,"['Centro Fotografia', 'Sighseeing', 'Torre Lamberti', 'Museo Conte', 'Museo Radio']",Santa Anastasia,strategy_nearest,False,0.002226114273071289,success
049C8E3A9C4C80,0,['Arena'],Casa Giulietta,"['Centro Fotografia', 'Sighseeing', 'Torre Lamberti', 'Museo Conte', 'Museo Radio']",Castelvecchio,strategy_nearest,False,0.0028421878814697266,success
049C904A9C4C80,1,"['Arena', 'Torre Lamberti']",Palazzo della Ragione,"['AMO', 'Museo Conte', 'Centro Fotografia', 'Sighseeing', 'Santa Anastasia']",Casa Giulietta,strategy_nearest,False,0.00222015380859375,success
049C854A9C4C80,3,"['Castelvecchio', 'Casa Giulietta', 'San Zeno']",Teatro Romano,"['Santa Anastasia', 'Duomo', 'AMO', 'Palazzo della Ragione', 'Museo Conte']",Arena,strategy_nearest,False,0.0015399456024169922,success
049C924A9C4C80,0,['Arena'],Casa Giulietta,"['Centro Fotografia', 'Sighseeing', 'Torre Lamberti', 'Museo Conte', 'Museo Radio']",San Fermo,strategy_nearest,False,0.003476381301879883,success
049C93429C4C80,3,"['Arena', 'San Fermo']",Casa Giulietta,"['Centro Fotografia', 'Sighseeing', 'Torre Lamberti', 'Museo Conte', 'Museo Radio']",Torre Lamberti,strategy_nearest,True,0.0026922225952148438,success
049C934A9C4C80,2,['Casa Giulietta'],Santa Anastasia,"['AMO', 'Museo Conte', 'Palazzo della Ragione', 'Teatro Romano', 'Centro Fotografia']",Torre Lamberti,strategy_nearest,False,0.0011441707611083984,success
049C9D429C4C80,4,"['Castelvecchio', 'San Zeno', 'Arena', 'Museo Radio']",San Fermo,"['Museo Storia', 'Casa Giulietta', 'Centro Fotografia', 'Sighseeing', 'Torre Lamberti']",Torre Lamberti,strategy_nearest,True,0.0039179325103759766,success
049C99429C4C80,0,['Arena'],Casa Giulietta,"['Centro Fotografia', 'Sighseeing', 'Torre Lamberti', 'Museo Conte', 'Museo Radio']",Santa Anastasia,strategy_nearest,False,0.002580881118774414,success
049CAD429C4C80,0,['Museo Lapidario'],Arena,"['Verona Tour', 'Museo Radio', 'San Fermo', 'Casa Giulietta', 'Sighseeing']",Teatro Romano,strategy_nearest,False,0.0016789436340332031,success
049CB53A9C4C80,0,['Arena'],Casa Giulietta,"['Centro Fotografia', 'Sighseeing', 'Torre Lamberti', 'Museo Conte', 'Museo Radio']",Torre Lamberti,strategy_nearest,True,0.0031900405883789062,success
049CB93A9C4C80,1,"['Arena', 'Casa Giulietta']",Torre Lamberti,"['Sighseeing', 'Centro Fotografia', 'Museo Conte', 'Palazzo della Ragione', 'AMO']",Palazzo della Ragione,strategy_nearest,True,0.0018270015716552734,success
049CC53A9C4C80,0,['Castelvecchio'],Arena,"['Verona Tour', 'Museo Lapidario', 'Museo Radio', 'San Fermo', 'Casa Giulietta']",San Zeno,strategy_nearest,False,0.0027608871459960938,success
049CDD429C4C80,3,"['Castelvecchio', 'Santa Anastasia']",Teatro Romano,"['Duomo', 'AMO', 'Palazzo della Ragione', 'Museo Conte', 'Centro Fotografia']",Duomo,strategy_nearest,True,0.0032389163970947266,success
049CE13A9C4C80,0,['San Zeno'],Arena,"['Verona Tour', 'Museo Lapidario', 'Museo Radio', 'San Fermo', 'Casa Giulietta']",Castelvecchio,strategy_nearest,False,0.00450587272644043,success
049CE43A9C4C80,1,"['Tomba Giulietta', 'Teatro Romano', 'Castelvecchio', 'Arena', 'Casa Giulietta']",Torre Lamberti,"['Sighseeing', 'Centro Fotografia', 'Museo Conte', 'Palazzo della Ragione', 'AMO']",Palazzo della Ragione,strategy_nearest,True,0.004155158996582031,success
049CE93A9C4C80,3,['Arena'],Castelvecchio,"['Museo Lapidario', 'Verona Tour', 'Museo Radio', 'San Zeno', 'Sighseeing']",Santa Anastasia,strategy_nearest,False,0.003670215606689453,success
049CFB3A9C4C80,2,"['Teatro Romano', 'Santa Anastasia']",Duomo,"['AMO', 'Museo Miniscalchi', 'Palazzo della Ragione', 'Museo Conte', 'Torre Lamberti']",Castelvecchio,strategy_nearest,False,0.002518892288208008,success
049D0F4A9C4C80,1,"['Arena', 'Duomo', 'Teatro Romano']",Casa Giulietta,"['Centro Fotografia', 'Sighseeing', 'Torre Lamberti', 'Museo Conte', 'Museo Radio']",Castelvecchio,strategy_nearest,False,0.0020308494567871094,success
049D084A9C4C80,0,"['Torre Lamberti', 'Castelvecchio']",Arena,"['Verona Tour', 'Museo Lapidario', 'Museo Radio', 'San Fermo', 'Casa Giulietta']",San Fermo,strategy_nearest,True,0.0035851001739501953,success
049D06429C4C80,3,"['Duomo', 'Santa Anastasia']",Torre Lamberti,"['Sighseeing', 'Centro Fotografia', 'Museo Conte', 'Casa Giulietta', 'Palazzo della Ragione']",Tomba Giulietta,strategy_nearest,False,0.002443075180053711,success
049D0B3A9C4C84,3,"['Casa Giulietta', 'Torre Lamberti', 'Castelvecchio']",San Zeno,"['Verona Tour', 'Museo Lapidario', 'Arena', 'Museo Miniscalchi', 'Sighseeing']",Teatro Romano,strategy_nearest,False,0.020468950271606445,success
049D12429C4C80,0,"['Arena', 'Castelvecchio']",Casa Giulietta,"['Centro Fotografia', 'Sighseeing', 'Torre Lamberti', 'Museo Conte', 'Museo Radio']",Museo Storia,strategy_nearest,False,0.009237051010131836,success
049D1A429C4C80,2,['Castelvecchio'],Casa Giulietta,"['Centro Fotografia', 'Sighseeing', 'Torre Lamberti', 'Museo Conte', 'Museo Radio']",San Zeno,strategy_nearest,False,0.0025610923767089844,success
049D16429C4C84,2,"['Casa Giulietta', 'Tomba Giulietta']",San Zeno,"['Castelvecchio', 'Verona Tour', 'Museo Lapidario', 'Arena', 'Museo Miniscalchi']",Torre Lamberti,strategy_nearest,False,0.018380165100097656,success
049D1B3A9C4C84,1,"['Arena', 'Torre Lamberti']",Palazzo della Ragione,"['AMO', 'Museo Conte', 'Centro Fotografia', 'Sighseeing', 'Santa Anastasia']",Duomo,strategy_nearest,False,0.004347801208496094,success
049D1E429C4C84,1,"['Arena', 'Casa Giulietta', 'Torre Lamberti']",Palazzo della Ragione,"['AMO', 'Museo Conte', 'Centro Fotografia', 'Sighseeing', 'Santa Anastasia']",Santa Anastasia,strategy_nearest,True,0.005217790603637695,success
049D303A9C4C80,0,['Arena'],Museo Lapidario,"['Verona Tour', 'Castelvecchio', 'Museo Radio', 'San Fermo', 'Casa Giulietta']",Teatro Romano,strategy_nearest,False,0.010865926742553711,success
049D3A429C4C80,0,"['Casa Giulietta', 'Torre Lamberti']",Castelvecchio,"['Museo Lapidario', 'Verona Tour', 'Arena', 'Museo Radio', 'San Zeno']",Arena,strategy_nearest,True,0.009177684783935547,success
049D40429C4C80,3,['Casa Giulietta'],Arena,"['Verona Tour', 'Museo Lapidario', 'Museo Radio', 'San Fermo', 'Sighseeing']",Santa Anastasia,strategy_nearest,False,0.010724067687988281,success
049D2D3A9C4C80,2,['Tomba Giulietta'],Giardino Giusti,"['Santa Anastasia', 'Teatro Romano', 'Museo Conte', 'Centro Fotografia', 'Museo Storia']",Teatro Romano,strategy_nearest,True,0.005242109298706055,success
049D54429C4C80,3,"['Arena', 'Museo Lapidario', 'Castelvecchio']",Santa Anastasia,"['AMO', 'Museo Conte', 'Palazzo della Ragione', 'Teatro Romano', 'Centro Fotografia']",Duomo,strategy_nearest,False,0.0037462711334228516,success
049D583A9C4C80,3,"['Arena', 'Castelvecchio']",Santa Anastasia,"['AMO', 'Museo Conte', 'Palazzo della Ragione', 'Teatro Romano', 'Centro Fotografia']",Teatro Romano,strategy_nearest,True,0.009184122085571289,success
049D4D429C4C80,2,"['Torre Lamberti', 'San Zeno']",Castelvecchio,"['Museo Lapidario', 'Verona Tour', 'Arena', 'Museo Radio', 'Sighseeing']",Duomo,strategy_nearest,False,0.008461236953735352,success
049D5A429C4C80,1,"['Arena', 'Casa Giulietta', 'Palazzo della Ragione']",Torre Lamberti,"['Sighseeing', 'Centro Fotografia', 'Museo Conte', 'AMO', 'Museo Miniscalchi']",Santa Anastasia,strategy_nearest,False,0.011239290237426758,success
049D6C429C4C80,1,"['Arena', 'Casa Giulietta']",Palazzo della Ragione,"['AMO', 'Museo Conte', 'Torre Lamberti', 'Centro Fotografia', 'Sighseeing']",Santa Anastasia,strategy_nearest,False,0.004517793655395508,success
049D5C3A9C4C80,0,['Arena'],Castelvecchio,"['Museo Lapidario', 'Verona Tour', 'Museo Radio', 'San Zeno', 'Sighseeing']",Casa Giulietta,strategy_nearest,False,0.010035037994384766,success
049D74429C4C80,3,['Arena'],Casa Giulietta,"['Centro Fotografia', 'Sighseeing', 'Torre Lamberti', 'Museo Conte', 'Museo Radio']",Duomo,strategy_nearest,False,0.009788274765014648,success
049D76429C4C80,1,"['Arena', 'Casa Giulietta']",Torre Lamberti,"['Sighseeing', 'Centro Fotografia', 'Museo Conte', 'Palazzo della Ragione', 'AMO']",Palazzo della Ragione,strategy_nearest,True,0.005572080612182617,success
049D894A9C4C80,3,"['Castelvecchio', 'Casa Giulietta', 'San Zeno']",Teatro Romano,"['Santa Anastasia', 'Duomo', 'AMO', 'Palazzo della Ragione', 'Museo Conte']",Arena,strategy_nearest,False,0.010515928268432617,success
049D804A9C4C80,0,"['Arena', 'Museo Lapidario']",Tomba Giulietta,"['San Fermo', 'Museo Storia', 'Museo Radio', 'Verona Tour', 'Casa Giulietta']",San Fermo,strategy_nearest,True,0.006788015365600586,success
049D81429C4C80,2,"['Castelvecchio', 'Torre Lamberti']",San Fermo,"['Museo Storia', 'Museo Radio', 'Casa Giulietta', 'Centro Fotografia', 'Arena']",Duomo,strategy_nearest,False,0.009488105773925781,success
049D95429C4C80,3,"['Arena', 'Casa Giulietta']",Santa Anastasia,"['AMO', 'Museo Conte', 'Palazzo della Ragione', 'Teatro Romano', 'Centro Fotografia']",Duomo,strategy_nearest,False,0.01697707176208496,success
049D92429C4C80,0,['Tomba Giulietta'],Arena,"['Verona Tour', 'Museo Lapidario', 'Museo Radio', 'San Fermo', 'Casa Giulietta']",Casa Giulietta,strategy_nearest,True,0.01335597038269043,success
049D97429C4C80,1,"['Arena', 'Torre Lamberti']",Palazzo della Ragione,"['AMO', 'Museo Conte', 'Centro Fotografia', 'Sighseeing', 'Santa Anastasia']",Santa Anastasia,strategy_nearest,True,0.01558828353881836,success
049D8A4A9C4C80,1,"['Casa Giulietta', 'Santa Anastasia']",Teatro Romano,"['Duomo', 'AMO', 'Palazzo della Ragione', 'Museo Conte', 'Centro Fotografia']",Palazzo della Ragione,strategy_nearest,True,0.016894817352294922,success
049D99429C4C80,3,"['Arena', 'Casa Giulietta']",Castelvecchio,"['Museo Lapidario', 'Verona Tour', 'Museo Radio', 'San Zeno', 'Sighseeing']",Torre Lamberti,strategy_nearest,False,0.010307073593139648,success
049D98429C4C80,0,['Tomba Giulietta'],Arena,"['Verona Tour', 'Museo Lapidario', 'Museo Radio', 'San Fermo', 'Casa Giulietta']",Torre Lamberti,strategy_nearest,False,0.014117002487182617,success
049DA9429C4C80,2,['Tomba Giulietta'],Casa Giulietta,"['Centro Fotografia', 'Sighseeing', 'Torre Lamberti', 'Museo Conte', 'Museo Radio']",Santa Anastasia,strategy_nearest,False,0.01891303062438965,success
049D9A429C4C80,1,"['Castelvecchio', 'Arena']",Casa Giulietta,"['Centro Fotografia', 'Sighseeing', 'Torre Lamberti', 'Museo Conte', 'Museo Radio']",Palazzo della Ragione,strategy_nearest,False,0.020951032638549805,success
049D9B429C4C80,3,"['Castelvecchio', 'Santa Anastasia']",Casa Giulietta,"['Centro Fotografia', 'Sighseeing', 'Torre Lamberti', 'Museo Conte', 'Museo Radio']",Arena,strategy_nearest,False,0.014650821685791016,success
049DA83A9C4C80,3,['Arena'],Casa Giulietta,"['Centro Fotografia', 'Sighseeing', 'Torre Lamberti', 'Museo Conte', 'Museo Radio']",Torre Lamberti,strategy_nearest,True,0.027135848999023438,success
049DB8429C4C80,0,['Arena'],Torre Lamberti,"['Sighseeing', 'Centro Fotografia', 'Museo Conte', 'Casa Giulietta', 'Palazzo della Ragione']",Casa Giulietta,strategy_nearest,True,0.0027239322662353516,success
049DAA4A9C4C80,0,['Arena'],Castelvecchio,"['Museo Lapidario', 'Verona Tour', 'Museo Radio', 'San Zeno', 'Sighseeing']",Casa Giulietta,strategy_nearest,False,0.004446983337402344,success
049DB9429C4C80,1,"['Arena', 'Castelvecchio']",Casa Giulietta,"['Centro Fotografia', 'Sighseeing', 'Torre Lamberti', 'Museo Conte', 'Museo Radio']",Torre Lamberti,strategy_nearest,True,0.004873037338256836,success
049DBD429C4C80,3,"['Arena', 'Castelvecchio', 'San Zeno', 'Duomo']",Santa Anastasia,"['AMO', 'Museo Conte', 'Palazzo della Ragione', 'Teatro Romano', 'Centro Fotografia']",Torre Lamberti,strategy_nearest,False,0.00665593147277832,success
049DBA3A9C4C80,3,"['Arena', 'Casa Giulietta']",Torre Lamberti,"['Sighseeing', 'Centro Fotografia', 'Museo Conte', 'Palazzo della Ragione', 'AMO']",Santa Anastasia,strategy_nearest,False,0.008238077163696289,success
049DBC429C4C80,0,"['Castelvecchio', 'Arena']",Torre Lamberti,"['Sighseeing', 'Centro Fotografia', 'Museo Conte', 'Casa Giulietta', 'Palazzo della Ragione']",Casa Giulietta,strategy_nearest,True,0.008060932159423828,success
049DCE3A9C4C80,0,['Casa Giulietta'],Torre Lamberti,"['Sighseeing', 'Centro Fotografia', 'Museo Conte', 'Palazzo della Ragione', 'AMO']",Duomo,strategy_nearest,False,0.009272098541259766,success
049DC93A9C4C80,3,['Arena'],Casa Giulietta,"['Centro Fotografia', 'Sighseeing', 'Torre Lamberti', 'Museo Conte', 'Museo Radio']",Torre Lamberti,strategy_nearest,True,0.0077707767486572266,success
049DCD3A9C4C80,3,"['Arena', 'Torre Lamberti']",Santa Anastasia,"['AMO', 'Museo Conte', 'Palazzo della Ragione', 'Teatro Romano', 'Centro Fotografia']",Duomo,strategy_nearest,False,0.011620044708251953,success
049DD23A9C4C80,3,"['Arena', 'San Fermo', 'Casa Giulietta']",Santa Anastasia,"['AMO', 'Museo Conte', 'Palazzo della Ragione', 'Teatro Romano', 'Centro Fotografia']",Duomo,strategy_nearest,False,0.011873006820678711,success
049DD63A9C4C80,3,"['Arena', 'Santa Anastasia']",Casa Giulietta,"['Centro Fotografia', 'Sighseeing', 'Torre Lamberti', 'Museo Conte', 'Museo Radio']",San Fermo,strategy_nearest,False,0.005079984664916992,success
049DDD429C4C80,1,"['Arena', 'Castelvecchio', 'San Zeno', 'Tomba Giulietta']",Casa Giulietta,"['Centro Fotografia', 'Sighseeing', 'Torre Lamberti', 'Museo Conte', 'Museo Radio']",Torre Lamberti,strategy_nearest,True,0.006206989288330078,success
049DF73A9C4C80,3,['Arena'],Santa Anastasia,"['AMO', 'Museo Conte', 'Palazzo della Ragione', 'Teatro Romano', 'Centro Fotografia']",Duomo,strategy_nearest,False,0.0045528411865234375,success
049DF13A9C4C80,2,"['Torre Lamberti', 'Teatro Romano']",Duomo,"['AMO', 'Museo Miniscalchi', 'Santa Anastasia', 'Palazzo della Ragione', 'Museo Conte']",Santa Anastasia,strategy_nearest,True,0.003446817398071289,success
049DFB3A9C4C80,0,['Casa Giulietta'],Castelvecchio,"['Museo Lapidario', 'Verona Tour', 'Arena', 'Museo Radio', 'San Zeno']",Arena,strategy_nearest,True,0.004455089569091797,success
049E01429C4C84,2,"['Santa Anastasia', 'Duomo']",Torre Lamberti,"['Sighseeing', 'Centro Fotografia', 'Museo Conte', 'Casa Giulietta', 'Palazzo della Ragione']",Casa Giulietta,strategy_nearest,True,0.008626937866210938,success
049E07429C4C84,3,"['Arena', 'Santa Anastasia', 'Torre Lamberti']",Casa Giulietta,"['Centro Fotografia', 'Sighseeing', 'Museo Conte', 'Museo Radio', 'Palazzo della Ragione']",Castelvecchio,strategy_nearest,False,0.007860898971557617,success
049E09429C4C84,1,"['Santa Anastasia', 'Casa Giulietta', 'Torre Lamberti', 'Palazzo della Ragione']",Museo Lapidario,"['Verona Tour', 'Arena', 'Castelvecchio', 'Museo Radio', 'San Fermo']",Castelvecchio,strategy_nearest,True,0.008428096771240234,success
049E06429C4C84,3,"['Arena', 'Torre Lamberti', 'Castelvecchio']",San Zeno,"['Verona Tour', 'Museo Lapidario', 'Museo Miniscalchi', 'Sighseeing', 'Museo Radio']",Santa Anastasia,strategy_nearest,False,0.010186195373535156,success
049E0C429C4C80,2,"['Castelvecchio', 'Giardino Giusti']",Teatro Romano,"['Santa Anastasia', 'Duomo', 'AMO', 'Palazzo della Ragione', 'Museo Conte']",Duomo,strategy_nearest,True,0.0020749568939208984,success
049E0C3A9C4C84,3,"['Casa Giulietta', 'Giardino Giusti', 'Duomo']",Santa Anastasia,"['AMO', 'Museo Conte', 'Palazzo della Ragione', 'Teatro Romano', 'Centro Fotografia']",Arena,strategy_nearest,False,0.0035669803619384766,success
049E0D429C4C80,0,['Arena'],Castelvecchio,"['Museo Lapidario', 'Verona Tour', 'Museo Radio', 'San Zeno', 'Sighseeing']",Casa Giulietta,strategy_nearest,False,0.003570079803466797,success
049E0F3A9C4C80,3,['Arena'],Casa Giulietta,"['Centro Fotografia', 'Sighseeing', 'Torre Lamberti', 'Museo Conte', 'Museo Radio']",Santa Anastasia,strategy_nearest,False,0.004486083984375,success
049E10429C4C84,1,"['Arena', 'Museo Lapidario', 'Castelvecchio']",Casa Giulietta,"['Centro Fotografia', 'Sighseeing', 'Torre Lamberti', 'Museo Conte', 'Museo Radio']",Torre Lamberti,strategy_nearest,True,0.0033278465270996094,success
049E113A9C4C80,0,['Arena'],Casa Giulietta,"['Centro Fotografia', 'Sighseeing', 'Torre Lamberti', 'Museo Conte', 'Museo Radio']",Castelvecchio,strategy_nearest,False,0.003120899200439453,success
049E0F4A9C4C80,1,"['Casa Giulietta', 'Santa Anastasia', 'Duomo', 'Teatro Romano']",Arena,"['Verona Tour', 'Museo Lapidario', 'Museo Radio', 'San Fermo', 'Sighseeing']",Torre Lamberti,strategy_nearest,False,0.0025091171264648438,success
049E11429C4C84,3,"['Arena', 'Giardino Giusti']",Santa Anastasia,"['AMO', 'Museo Conte', 'Palazzo della Ragione', 'Teatro Romano', 'Centro Fotografia']",San Fermo,strategy_nearest,False,0.0024509429931640625,success
049E123A9C4C80,0,['Arena'],Torre Lamberti,"['Sighseeing', 'Centro Fotografia', 'Museo Conte', 'Casa Giulietta', 'Palazzo della Ragione']",Casa Giulietta,strategy_nearest,True,0.003329038619995117,success
049E20429C4C84,2,"['Castelvecchio', 'Teatro Romano']",Santa Anastasia,"['AMO', 'Museo Conte', 'Palazzo della Ragione', 'Centro Fotografia', 'Duomo']",Torre Lamberti,strategy_nearest,False,0.0033338069915771484,success
049E193A9C4C80,2,['Casa Giulietta'],Santa Anastasia,"['AMO', 'Museo Conte', 'Palazzo della Ragione', 'Teatro Romano', 'Centro Fotografia']",Duomo,strategy_nearest,False,0.002432107925415039,success
049E12429C4C84,1,"['Arena', 'San Fermo']",Casa Giulietta,"['Centro Fotografia', 'Sighseeing', 'Torre Lamberti', 'Museo Conte', 'Museo Radio']",Torre Lamberti,strategy_nearest,True,0.0031540393829345703,success
049E22429C4C84,2,['Castelvecchio'],Palazzo della Ragione,"['AMO', 'Museo Conte', 'Torre Lamberti', 'Centro Fotografia', 'Sighseeing']",Santa Anastasia,strategy_nearest,False,0.0017788410186767578,success
049E213A9C4C84,1,"['Arena', 'Casa Giulietta']",Torre Lamberti,"['Sighseeing', 'Centro Fotografia', 'Museo Conte', 'Palazzo della Ragione', 'AMO']",Palazzo della Ragione,strategy_nearest,True,0.0026149749755859375,success
049E22429C4C80,0,"['Casa Giulietta', 'Torre Lamberti']",Teatro Romano,"['Santa Anastasia', 'Duomo', 'AMO', 'Palazzo della Ragione', 'Museo Conte']",Arena,strategy_nearest,False,0.003120899200439453,success
049E27429C4C80,3,"['Castelvecchio', 'Casa Giulietta', 'Arena']",Museo Lapidario,"['Verona Tour', 'Museo Radio', 'San Fermo', 'Tomba Giulietta', 'Sighseeing']",Torre Lamberti,strategy_nearest,False,0.003371000289916992,success
049E303A9C4C80,2,['Castelvecchio'],Giardino Giusti,"['Santa Anastasia', 'Teatro Romano', 'Museo Conte', 'Centro Fotografia', 'Museo Storia']",Teatro Romano,strategy_nearest,True,0.0035400390625,success
049E343A9C4C80,1,['Arena'],Palazzo della Ragione,"['AMO', 'Museo Conte', 'Torre Lamberti', 'Centro Fotografia', 'Sighseeing']",Torre Lamberti,strategy_nearest,True,0.002315998077392578,success
049E34429C4C80,0,"['Castelvecchio', 'Arena']",Casa Giulietta,"['Centro Fotografia', 'Sighseeing', 'Torre Lamberti', 'Museo Conte', 'Museo Radio']",Torre Lamberti,strategy_nearest,True,0.0032160282135009766,success
049E3C3A9C4C80,1,"['Castelvecchio', 'San Zeno', 'Arena']",Palazzo della Ragione,"['AMO', 'Museo Conte', 'Torre Lamberti', 'Centro Fotografia', 'Sighseeing']",Torre Lamberti,strategy_nearest,True,0.0028858184814453125,success
049E553A9C4C80,2,"['Castelvecchio', 'Torre Lamberti', 'Palazzo della Ragione']",Santa Anastasia,"['AMO', 'Museo Conte', 'Teatro Romano', 'Centro Fotografia', 'Duomo']",San Fermo,strategy_nearest,False,0.005052089691162109,success
049E5B429C4C80,0,"['Arena', 'Museo Lapidario']",Casa Giulietta,"['Centro Fotografia', 'Sighseeing', 'Torre Lamberti', 'Museo Conte', 'Museo Radio']",Torre Lamberti,strategy_nearest,True,0.0022840499877929688,success
049E50429C4C80,3,['Arena'],Casa Giulietta,"['Centro Fotografia', 'Sighseeing', 'Torre Lamberti', 'Museo Conte', 'Museo Radio']",Santa Anastasia,strategy_nearest,False,0.004107952117919922,success
049E72429C4C80,3,"['Arena', 'San Fermo']",Casa Giulietta,"['Centro Fotografia', 'Sighseeing', 'Torre Lamberti', 'Museo Conte', 'Museo Radio']",Santa Anastasia,strategy_nearest,False,0.005667686462402344,success
049E934A9C4C80,0,['Castelvecchio'],Arena,"['Verona Tour', 'Museo Lapidario', 'Museo Radio', 'San Fermo', 'Casa Giulietta']",Teatro Romano,strategy_nearest,False,0.0046901702880859375,success
049E844A9C4C80,0,['Arena'],San Fermo,"['Museo Storia', 'Museo Radio', 'Casa Giulietta', 'Centro Fotografia', 'Sighseeing']",Giardino Giusti,strategy_nearest,False,0.003908872604370117,success
049E954A9C4C80,3,"['Castelvecchio', 'Duomo']",Santa Anastasia,"['AMO', 'Museo Conte', 'Palazzo della Ragione', 'Teatro Romano', 'Centro Fotografia']",Casa Giulietta,strategy_nearest,False,0.00424504280090332,success
049E8F4A9C4C80,0,['Arena'],Casa Giulietta,"['Centro Fotografia', 'Sighseeing', 'Torre Lamberti', 'Museo Conte', 'Museo Radio']",Castelvecchio,strategy_nearest,False,0.007924079895019531,success
049E96429C4C80,2,"['Tomba Giulietta', 'San Fermo', 'Santa Anastasia']",Teatro Romano,"['Duomo', 'AMO', 'Palazzo della Ragione', 'Museo Conte', 'Centro Fotografia']",Palazzo della Ragione,strategy_nearest,True,0.002825021743774414,success
049EA44A9C4C80,0,['Arena'],Torre Lamberti,"['Sighseeing', 'Centro Fotografia', 'Museo Conte', 'Casa Giulietta', 'Palazzo della Ragione']",Casa Giulietta,strategy_nearest,True,0.004027843475341797,success
049E98429C4C80,2,"['Santa Anastasia', 'Duomo']",Teatro Romano,"['AMO', 'Palazzo della Ragione', 'Museo Conte', 'Centro Fotografia', 'Museo Miniscalchi']",Torre Lamberti,strategy_nearest,False,0.0034329891204833984,success
049E9A429C4C80,3,"['Arena', 'Santa Anastasia']",San Fermo,"['Museo Storia', 'Museo Radio', 'Casa Giulietta', 'Centro Fotografia', 'Sighseeing']",Tomba Giulietta,strategy_nearest,False,0.005982160568237305,success
049E9C429C4C80,1,['Arena'],Torre Lamberti,"['Sighseeing', 'Centro Fotografia', 'Museo Conte', 'Casa Giulietta', 'Palazzo della Ragione']",Palazzo della Ragione,strategy_nearest,True,0.007634162902832031,success
049EAC3A9C4C80,0,['Arena'],Casa Giulietta,"['Centro Fotografia', 'Sighseeing', 'Torre Lamberti', 'Museo Conte', 'Museo Radio']",Santa Anastasia,strategy_nearest,False,0.0031387805938720703,success
049EB53A9C4C80,2,['Casa Giulietta'],Torre Lamberti,"['Sighseeing', 'Centro Fotografia', 'Museo Conte', 'Palazzo della Ragione', 'AMO']",Duomo,strategy_nearest,False,0.003763914108276367,success
049EB03A9C4C80,0,['Arena'],Casa Giulietta,"['Centro Fotografia', 'Sighseeing', 'Torre Lamberti', 'Museo Conte', 'Museo Radio']",Torre Lamberti,strategy_nearest,True,0.0023288726806640625,success
049ED03A9C4C80,3,"['Arena', 'Torre Lamberti', 'Santa Anastasia']",Duomo,"['AMO', 'Museo Miniscalchi', 'Teatro Romano', 'Palazzo della Ragione', 'Museo Conte']",Casa Giulietta,strategy_nearest,False,0.006705045700073242,success
049EB93A9C4C80,0,"['Arena', 'Museo Lapidario']",Castelvecchio,"['Verona Tour', 'Museo Radio', 'San Zeno', 'Sighseeing', 'Museo Miniscalchi']",Torre Lamberti,strategy_nearest,False,0.008578062057495117,success
049EB73A9C4C80,2,"['Castelvecchio', 'Tomba Giulietta']",San Fermo,"['Museo Storia', 'Museo Radio', 'Casa Giulietta', 'Centro Fotografia', 'Arena']",Torre Lamberti,strategy_nearest,False,0.008476972579956055,success
049EC5429C4C80,0,['Arena'],Casa Giulietta,"['Centro Fotografia', 'Sighseeing', 'Torre Lamberti', 'Museo Conte', 'Museo Radio']",Torre Lamberti,strategy_nearest,True,0.010022163391113281,success
049EE73A9C4C80,3,"['Teatro Romano', 'Santa Anastasia']",Torre Lamberti,"['Sighseeing', 'Centro Fotografia', 'Museo Conte', 'Casa Giulietta', 'Palazzo della Ragione']",Casa Giulietta,strategy_nearest,True,0.003377199172973633,success
049EDD429C4C80,1,"['Castelvecchio', 'Tomba Giulietta', 'Arena', 'Torre Lamberti']",Palazzo della Ragione,"['AMO', 'Museo Conte', 'Centro Fotografia', 'Sighseeing', 'Santa Anastasia']",Santa Anastasia,strategy_nearest,True,0.0027840137481689453,success
049EF2429C4C80,2,['Santa Anastasia'],Castelvecchio,"['Museo Lapidario', 'Verona Tour', 'Arena', 'Museo Radio', 'San Zeno']",Tomba Giulietta,strategy_nearest,False,0.0037300586700439453,success
049ED83A9C4C80,2,"['Tomba Giulietta', 'Casa Giulietta']",Torre Lamberti,"['Sighseeing', 'Centro Fotografia', 'Museo Conte', 'Palazzo della Ragione', 'AMO']",Palazzo della Ragione,strategy_nearest,True,0.0021338462829589844,success
049EF9429C4C80,2,['Palazzo della Ragione'],Torre Lamberti,"['Sighseeing', 'Centro Fotografia', 'Museo Conte', 'Casa Giulietta', 'AMO']",Teatro Romano,strategy_nearest,False,0.002028942108154297,success
049EFD3A9C4C80,1,"['Arena', 'San Fermo', 'Torre Lamberti']",Palazzo della Ragione,"['AMO', 'Museo Conte', 'Centro Fotografia', 'Sighseeing', 'Santa Anastasia']",Santa Anastasia,strategy_nearest,True,0.002630949020385742,success
049EFD429C4C80,3,"['Casa Giulietta', 'Torre Lamberti']",Arena,"['Verona Tour', 'Museo Lapidario', 'Museo Radio', 'San Fermo', 'Sighseeing']",Giardino Giusti,strategy_nearest,False,0.0035448074340820312,success
049F04429C4C84,1,"['Palazzo della Ragione', 'Torre Lamberti', 'San Fermo']",Castelvecchio,"['Museo Lapidario', 'Verona Tour', 'Arena', 'Museo Radio', 'San Zeno']",Casa Giulietta,strategy_nearest,False,0.003596067428588867,success
049F01429C4C84,1,"['Arena', 'Castelvecchio', 'San Zeno', 'Tomba Giulietta']",San Fermo,"['Museo Storia', 'Museo Radio', 'Casa Giulietta', 'Centro Fotografia', 'Sighseeing']",Torre Lamberti,strategy_nearest,False,0.004550933837890625,success
049F05429C4C84,2,['Santa Anastasia'],Casa Giulietta,"['Centro Fotografia', 'Sighseeing', 'Torre Lamberti', 'Museo Conte', 'Museo Radio']",Teatro Romano,strategy_nearest,False,0.0050220489501953125,success
049F0C429C4C80,1,"['Arena', 'Casa Giulietta', 'Santa Anastasia']",Torre Lamberti,"['Sighseeing', 'Centro Fotografia', 'Museo Conte', 'Palazzo della Ragione', 'AMO']",Palazzo della Ragione,strategy_nearest,True,0.004364013671875,success
049F06429C4C80,0,['Casa Giulietta'],Arena,"['Verona Tour', 'Museo Lapidario', 'Museo Radio', 'San Fermo', 'Sighseeing']",San Fermo,strategy_nearest,True,0.004251956939697266,success
049F07429C4C84,1,"['Arena', 'Torre Lamberti', 'Palazzo della Ragione']",Casa Giulietta,"['Centro Fotografia', 'Sighseeing', 'Museo Conte', 'Museo Radio', 'San Fermo']",San Fermo,strategy_nearest,True,0.005124092102050781,success
049F17429C4C84,3,"['Arena', 'San Zeno']",Duomo,"['AMO', 'Museo Miniscalchi', 'Santa Anastasia', 'Teatro Romano', 'Palazzo della Ragione']",Santa Anastasia,strategy_nearest,True,0.0019469261169433594,success
049F15429C4C84,0,['Arena'],Casa Giulietta,"['Centro Fotografia', 'Sighseeing', 'Torre Lamberti', 'Museo Conte', 'Museo Radio']",Duomo,strategy_nearest,False,0.0031969547271728516,success
049F18429C4C84,1,"['Castelvecchio', 'Arena']",Casa Giulietta,"['Centro Fotografia', 'Sighseeing', 'Torre Lamberti', 'Museo Conte', 'Museo Radio']",Palazzo della Ragione,strategy_nearest,False,0.0036423206329345703,success
049F22429C4C84,0,['Arena'],Casa Giulietta,"['Centro Fotografia', 'Sighseeing', 'Torre Lamberti', 'Museo Conte', 'Museo Radio']",Torre Lamberti,strategy_nearest,True,0.006284952163696289,success
049F353A9C4C80,2,['Castelvecchio'],Torre Lamberti,"['Sighseeing', 'Centro Fotografia', 'Museo Conte', 'Casa Giulietta', 'Palazzo della Ragione']",Santa Anastasia,strategy_nearest,False,0.004755973815917969,success
049F30429C4C80,0,"['Arena', 'Museo Lapidario']",San Zeno,"['Castelvecchio', 'Verona Tour', 'Museo Miniscalchi', 'Sighseeing', 'Museo Radio']",Castelvecchio,strategy_nearest,True,0.006468772888183594,success
049F4E3A9C4C80,3,"['Santa Anastasia', 'Casa Giulietta']",Arena,"['Verona Tour', 'Museo Lapidario', 'Museo Radio', 'San Fermo', 'Sighseeing']",Castelvecchio,strategy_nearest,False,0.004836082458496094,success
049F503A9C4C80,0,"['Arena', 'Museo Lapidario']",Casa Giulietta,"['Centro Fotografia', 'Sighseeing', 'Torre Lamberti', 'Museo Conte', 'Museo Radio']",Torre Lamberti,strategy_nearest,True,0.00479578971862793,success
049F563A9C4C80,3,"['Arena', 'Casa Giulietta', 'Tomba Giulietta', 'San Fermo']",Santa Anastasia,"['AMO', 'Museo Conte', 'Palazzo della Ragione', 'Teatro Romano', 'Centro Fotografia']",Torre Lamberti,strategy_nearest,False,0.0047380924224853516,success
049F55429C4C80,0,['Castelvecchio'],Arena,"['Verona Tour', 'Museo Lapidario', 'Museo Radio', 'San Fermo', 'Casa Giulietta']",Casa Giulietta,strategy_nearest,True,0.002627134323120117,success
049F57429C4C80,2,['Castelvecchio'],Santa Anastasia,"['AMO', 'Museo Conte', 'Palazzo della Ragione', 'Teatro Romano', 'Centro Fotografia']",Duomo,strategy_nearest,False,0.0017399787902832031,success
049F6A429C4C80,2,"['Torre Lamberti', 'Palazzo della Ragione']",Casa Giulietta,"['Centro Fotografia', 'Sighseeing', 'Museo Conte', 'Museo Radio', 'San Fermo']",Duomo,strategy_nearest,False,0.002590179443359375,success
049F71429C4C80,0,['Arena'],Santa Anastasia,"['AMO', 'Museo Conte', 'Palazzo della Ragione', 'Teatro Romano', 'Centro Fotografia']",Casa Giulietta,strategy_nearest,False,0.0034520626068115234,success
049F633A9C4C80,0,"['Castelvecchio', 'Arena']",Casa Giulietta,"['Centro Fotografia', 'Sighseeing', 'Torre Lamberti', 'Museo Conte', 'Museo Radio']",Torre Lamberti,strategy_nearest,True,0.0035581588745117188,success
049F7F429C4C80,1,['Arena'],Torre Lamberti,"['Sighseeing', 'Centro Fotografia', 'Museo Conte', 'Casa Giulietta', 'Palazzo della Ragione']",Palazzo della Ragione,strategy_nearest,True,0.0018210411071777344,success
049F763A9C4C80,1,"['Arena', 'Casa Giulietta']",Palazzo della Ragione,"['AMO', 'Museo Conte', 'Torre Lamberti', 'Centro Fotografia', 'Sighseeing']",Torre Lamberti,strategy_nearest,True,0.003214120864868164,success
049F854A9C4C80,3,['Arena'],San Fermo,"['Museo Storia', 'Museo Radio', 'Casa Giulietta', 'Centro Fotografia', 'Sighseeing']",Casa Giulietta,strategy_nearest,True,0.0036208629608154297,success
049F79429C4C80,3,"['Arena', 'Torre Lamberti', 'Casa Giulietta']",Santa Anastasia,"['AMO', 'Museo Conte', 'Palazzo della Ragione', 'Teatro Romano', 'Centro Fotografia']",Teatro Romano,strategy_nearest,True,0.004561185836791992,success
049F8B4A9C4C80,0,['Arena'],Casa Giulietta,"['Centro Fotografia', 'Sighseeing', 'Torre Lamberti', 'Museo Conte', 'Museo Radio']",Torre Lamberti,strategy_nearest,True,0.0020537376403808594,success
049F8D4A9C4C80,0,['Arena'],Casa Giulietta,"['Centro Fotografia', 'Sighseeing', 'Torre Lamberti', 'Museo Conte', 'Museo Radio']",Torre Lamberti,strategy_nearest,True,0.0028798580169677734,success
049F8E3A9C4C80,3,"['Arena', 'Castelvecchio']",San Zeno,"['Verona Tour', 'Museo Lapidario', 'Museo Miniscalchi', 'Sighseeing', 'Museo Radio']",Casa Giulietta,strategy_nearest,False,0.0044858455657958984,success
049F8F4A9C4C80,2,"['Castelvecchio', 'Torre Lamberti']",Casa Giulietta,"['Centro Fotografia', 'Sighseeing', 'Museo Conte', 'Museo Radio', 'Palazzo della Ragione']",San Fermo,strategy_nearest,False,0.003571033477783203,success
049F934A9C4C80,3,"['Arena', 'Casa Giulietta']",Torre Lamberti,"['Sighseeing', 'Centro Fotografia', 'Museo Conte', 'Palazzo della Ragione', 'AMO']",Santa Anastasia,strategy_nearest,False,0.0023131370544433594,success
049F924A9C4C80,2,"['Castelvecchio', 'Torre Lamberti']",Santa Anastasia,"['AMO', 'Museo Conte', 'Palazzo della Ragione', 'Teatro Romano', 'Centro Fotografia']",Duomo,strategy_nearest,False,0.002758026123046875,success
049F97429C4C80,3,"['Castelvecchio', 'Arena']",Casa Giulietta,"['Centro Fotografia', 'Sighseeing', 'Torre Lamberti', 'Museo Conte', 'Museo Radio']",Torre Lamberti,strategy_nearest,True,0.0021920204162597656,success
049F96429C4C80,0,['Arena'],Duomo,"['AMO', 'Museo Miniscalchi', 'Santa Anastasia', 'Teatro Romano', 'Palazzo della Ragione']",Teatro Romano,strategy_nearest,True,0.00392603874206543,success
049FA73A9C4C80,0,['Arena'],Castelvecchio,"['Museo Lapidario', 'Verona Tour', 'Museo Radio', 'San Zeno', 'Sighseeing']",Casa Giulietta,strategy_nearest,False,0.003384113311767578,success
049FB13A9C4C80,1,"['Arena', 'Torre Lamberti', 'Palazzo della Ragione']",Duomo,"['AMO', 'Museo Miniscalchi', 'Santa Anastasia', 'Teatro Romano', 'Museo Conte']",Teatro Romano,strategy_nearest,True,0.014298677444458008,success
049FA93A9C4C80,3,['Arena'],Casa Giulietta,"['Centro Fotografia', 'Sighseeing', 'Torre Lamberti', 'Museo Conte', 'Museo Radio']",Santa Anastasia,strategy_nearest,False,0.016801118850708008,success
049FA0429C4C80,3,"['Arena', 'Casa Giulietta']",Santa Anastasia,"['AMO', 'Museo Conte', 'Palazzo della Ragione', 'Teatro Romano', 'Centro Fotografia']",Duomo,strategy_nearest,False,0.01763772964477539,success
049FB63A9C4C80,0,"['Arena', 'Torre Lamberti']",Casa Giulietta,"['Centro Fotografia', 'Sighseeing', 'Museo Conte', 'Museo Radio', 'Palazzo della Ragione']",Museo Storia,strategy_nearest,False,0.002791166305541992,success
049FB2429C4C80,3,"['Arena', 'Museo Lapidario']",Santa Anastasia,"['AMO', 'Museo Conte', 'Palazzo della Ragione', 'Teatro Romano', 'Centro Fotografia']",Duomo,strategy_nearest,False,0.004628181457519531,success
049FBF3A9C4C80,0,['Arena'],Museo Lapidario,"['Verona Tour', 'Castelvecchio', 'Museo Radio', 'San Fermo', 'Casa Giulietta']",Castelvecchio,strategy_nearest,True,0.006684780120849609,success
049FBB3A9C4C80,1,"['Arena', 'Casa Giulietta']",Torre Lamberti,"['Sighseeing', 'Centro Fotografia', 'Museo Conte', 'Palazzo della Ragione', 'AMO']",Palazzo della Ragione,strategy_nearest,True,0.005968332290649414,success
049FC8429C4C80,3,['Casa Giulietta'],Torre Lamberti,"['Sighseeing', 'Centro Fotografia', 'Museo Conte', 'Palazzo della Ragione', 'AMO']",Santa Anastasia,strategy_nearest,False,0.004151105880737305,success
049FC83A9C4C80,1,"['Arena', 'Casa Giulietta', 'Santa Anastasia']",Duomo,"['AMO', 'Museo Miniscalchi', 'Teatro Romano', 'Palazzo della Ragione', 'Museo Conte']",Torre Lamberti,strategy_nearest,False,0.008187294006347656,success
049FC93A9C4C80,1,"['Arena', 'Museo Lapidario']",Castelvecchio,"['Verona Tour', 'Museo Radio', 'San Zeno', 'Sighseeing', 'Museo Miniscalchi']",Casa Giulietta,strategy_nearest,False,0.010788202285766602,success
049FBF429C4C80,2,['Casa Giulietta'],Santa Anastasia,"['AMO', 'Museo Conte', 'Palazzo della Ragione', 'Teatro Romano', 'Centro Fotografia']",Teatro Romano,strategy_nearest,True,0.01072072982788086,success
049FCA3A9C4C80,3,['Arena'],Santa Anastasia,"['AMO', 'Museo Conte', 'Palazzo della Ragione', 'Teatro Romano', 'Centro Fotografia']",Duomo,strategy_nearest,False,0.012845993041992188,success
049FD8429C4C80,0,['Arena'],Casa Giulietta,"['Centro Fotografia', 'Sighseeing', 'Torre Lamberti', 'Museo Conte', 'Museo Radio']",Teatro Romano,strategy_nearest,False,0.012354135513305664,success
04A0A5429C4C80,2,['Castelvecchio'],Torre Lamberti,"['Sighseeing', 'Centro Fotografia', 'Museo Conte', 'Casa Giulietta', 'Palazzo della Ragione']",Casa Giulietta,strategy_nearest,True,0.0021190643310546875,success
049FFE3A9C4C80,1,['Arena'],Palazzo della Ragione,"['AMO', 'Museo Conte', 'Torre Lamberti', 'Centro Fotografia', 'Sighseeing']",Casa Giulietta,strategy_nearest,False,0.015290975570678711,success
04A062429C4C80,0,['Arena'],Casa Giulietta,"['Centro Fotografia', 'Sighseeing', 'Torre Lamberti', 'Museo Conte', 'Museo Radio']",Teatro Romano,strategy_nearest,False,0.023456096649169922,success
04A0854A9C4C80,0,['Arena'],Museo Lapidario,"['Verona Tour', 'Castelvecchio', 'Museo Radio', 'San Fermo', 'Casa Giulietta']",Casa Giulietta,strategy_nearest,True,0.013132810592651367,success
04A0C7429C4C80,0,['Arena'],Casa Giulietta,"['Centro Fotografia', 'Sighseeing', 'Torre Lamberti', 'Museo Conte', 'Museo Radio']",Santa Anastasia,strategy_nearest,False,0.009587287902832031,success
04A0A63A9C4C80,3,"['Museo Lapidario', 'Arena', 'Torre Lamberti']",Casa Giulietta,"['Centro Fotografia', 'Sighseeing', 'Museo Conte', 'Museo Radio', 'Palazzo della Ragione']",Santa Anastasia,strategy_nearest,False,0.01056528091430664,success
04A0C93A9C4C80,2,['Duomo'],Casa Giulietta,"['Centro Fotografia', 'Sighseeing', 'Torre Lamberti', 'Museo Conte', 'Museo Radio']",Castelvecchio,strategy_nearest,False,0.0024650096893310547,success
04A1074A9C4C80,0,['Arena'],Castelvecchio,"['Museo Lapidario', 'Verona Tour', 'Museo Radio', 'San Zeno', 'Sighseeing']",Casa Giulietta,strategy_nearest,False,0.003345966339111328,success
04A1084A9C4C80,3,"['Castelvecchio', 'Teatro Romano']",San Fermo,"['Museo Storia', 'Museo Radio', 'Casa Giulietta', 'Centro Fotografia', 'Arena']",Arena,strategy_nearest,True,0.0029931068420410156,success
04A10C3A9C4C84,3,"['Casa Giulietta', 'Arena']",Santa Anastasia,"['AMO', 'Museo Conte', 'Palazzo della Ragione', 'Teatro Romano', 'Centro Fotografia']",Duomo,strategy_nearest,False,0.003432035446166992,success
04A10B429C4C84,0,['Castelvecchio'],Arena,"['Verona Tour', 'Museo Lapidario', 'Museo Radio', 'San Fermo', 'Casa Giulietta']",Torre Lamberti,strategy_nearest,False,0.003662109375,success
04A10D4A9C4C80,2,['Casa Giulietta'],Castelvecchio,"['Museo Lapidario', 'Verona Tour', 'Arena', 'Museo Radio', 'San Zeno']",Torre Lamberti,strategy_nearest,False,0.003590106964111328,success
04A11C429C4C80,1,"['Arena', 'Casa Giulietta']",Torre Lamberti,"['Sighseeing', 'Centro Fotografia', 'Museo Conte', 'Palazzo della Ragione', 'AMO']",Palazzo della Ragione,strategy_nearest,True,0.0022187232971191406,success
04A115429C4C80,3,['Santa Anastasia'],Arena,"['Verona Tour', 'Museo Lapidario', 'Museo Radio', 'San Fermo', 'Casa Giulietta']",Casa Giulietta,strategy_nearest,True,0.0024318695068359375,success
04A11E429C4C80,1,"['Arena', 'San Fermo']",Palazzo della Ragione,"['AMO', 'Museo Conte', 'Torre Lamberti', 'Centro Fotografia', 'Sighseeing']",Castelvecchio,strategy_nearest,False,0.002817869186401367,success
04A11F3A9C4C80,3,"['Castelvecchio', 'Santa Anastasia']",Duomo,"['AMO', 'Museo Miniscalchi', 'Teatro Romano', 'Palazzo della Ragione', 'Museo Conte']",Arena,strategy_nearest,False,0.003392934799194336,success
04A127429C4C84,0,['Arena'],Torre Lamberti,"['Sighseeing', 'Centro Fotografia', 'Museo Conte', 'Casa Giulietta', 'Palazzo della Ragione']",Tomba Giulietta,strategy_nearest,False,0.0023207664489746094,success
04A125429C4C84,3,"['Arena', 'Casa Giulietta']",Torre Lamberti,"['Sighseeing', 'Centro Fotografia', 'Museo Conte', 'Palazzo della Ragione', 'AMO']",Santa Anastasia,strategy_nearest,False,0.0032570362091064453,success
04A12C429C4C80,0,['Casa Giulietta'],Torre Lamberti,"['Sighseeing', 'Centro Fotografia', 'Museo Conte', 'Palazzo della Ragione', 'AMO']",Arena,strategy_nearest,False,0.0025970935821533203,success
04A1343A9C4C80,3,"['Casa Giulietta', 'Torre Lamberti', 'Arena']",San Zeno,"['Castelvecchio', 'Verona Tour', 'Museo Lapidario', 'Museo Miniscalchi', 'Sighseeing']",Castelvecchio,strategy_nearest,True,0.0021572113037109375,success
04A12D429C4C80,1,"['Arena', 'Castelvecchio', 'San Zeno', 'Tomba Giulietta']",Casa Giulietta,"['Centro Fotografia', 'Sighseeing', 'Torre Lamberti', 'Museo Conte', 'Museo Radio']",Torre Lamberti,strategy_nearest,True,0.0019559860229492188,success
04A1323A9C4C80,0,"['Teatro Romano', 'Museo Lapidario']",Arena,"['Verona Tour', 'Museo Radio', 'San Fermo', 'Casa Giulietta', 'Sighseeing']",Castelvecchio,strategy_nearest,False,0.002887248992919922,success
04A1403A9C4C80,2,['Tomba Giulietta'],Giardino Giusti,"['Santa Anastasia', 'Teatro Romano', 'Museo Conte', 'Centro Fotografia', 'Museo Storia']",Teatro Romano,strategy_nearest,True,0.0035169124603271484,success
04A163429C4C80,1,"['Arena', 'Casa Giulietta']",Torre Lamberti,"['Sighseeing', 'Centro Fotografia', 'Museo Conte', 'Palazzo della Ragione', 'AMO']",Palazzo della Ragione,strategy_nearest,True,0.0028591156005859375,success
04A15C3A9C4C80,0,['Arena'],Duomo,"['AMO', 'Museo Miniscalchi', 'Santa Anastasia', 'Teatro Romano', 'Palazzo della Ragione']",San Zeno,strategy_nearest,False,0.0023872852325439453,success
04A15B429C4C80,0,['Arena'],Casa Giulietta,"['Centro Fotografia', 'Sighseeing', 'Torre Lamberti', 'Museo Conte', 'Museo Radio']",San Fermo,strategy_nearest,False,0.0038950443267822266,success
04A1723A9C4C80,1,['Arena'],Torre Lamberti,"['Sighseeing', 'Centro Fotografia', 'Museo Conte', 'Casa Giulietta', 'Palazzo della Ragione']",Palazzo della Ragione,strategy_nearest,True,0.002070903778076172,success
04A173429C4C80,1,"['Arena', 'Casa Giulietta', 'Torre Lamberti']",Palazzo della Ragione,"['AMO', 'Museo Conte', 'Centro Fotografia', 'Sighseeing', 'Santa Anastasia']",San Fermo,strategy_nearest,False,0.002440214157104492,success
04A178429C4C80,0,"['Arena', 'Casa Giulietta']",Torre Lamberti,"['Sighseeing', 'Centro Fotografia', 'Museo Conte', 'Palazzo della Ragione', 'AMO']",Castelvecchio,strategy_nearest,False,0.003537893295288086,success
04A1733A9C4C80,2,['Torre Lamberti'],Casa Giulietta,"['Centro Fotografia', 'Sighseeing', 'Museo Conte', 'Museo Radio', 'Palazzo della Ragione']",Santa Anastasia,strategy_nearest,False,0.003103017807006836,success
04A190429C4C80,3,"['Arena', 'Casa Giulietta']",Torre Lamberti,"['Sighseeing', 'Centro Fotografia', 'Museo Conte', 'Palazzo della Ragione', 'AMO']",Duomo,strategy_nearest,False,0.0020380020141601562,success
04A17D429C4C80,1,['Arena'],Torre Lamberti,"['Sighseeing', 'Centro Fotografia', 'Museo Conte', 'Casa Giulietta', 'Palazzo della Ragione']",Palazzo della Ragione,strategy_nearest,True,0.0020868778228759766,success
04A197429C4C80,0,['Castelvecchio'],Arena,"['Verona Tour', 'Museo Lapidario', 'Museo Radio', 'San Fermo', 'Casa Giulietta']",Casa Giulietta,strategy_nearest,True,0.0034728050231933594,success
04A17A4A9C4C80,0,['Casa Giulietta'],Arena,"['Verona Tour', 'Museo Lapidario', 'Museo Radio', 'San Fermo', 'Sighseeing']",Tomba Giulietta,strategy_nearest,False,0.005990028381347656,success
04A19D429C4C80,1,"['Arena', 'Casa Giulietta']",Torre Lamberti,"['Sighseeing', 'Centro Fotografia', 'Museo Conte', 'Palazzo della Ragione', 'AMO']",Palazzo della Ragione,strategy_nearest,True,0.002705812454223633,success
04A19A4A9C4C80,2,['Tomba Giulietta'],Duomo,"['AMO', 'Museo Miniscalchi', 'Santa Anastasia', 'Teatro Romano', 'Palazzo della Ragione']",Santa Anastasia,strategy_nearest,True,0.0020139217376708984,success
04A19B429C4C80,1,"['Castelvecchio', 'Casa Giulietta']",Arena,"['Verona Tour', 'Museo Lapidario', 'Museo Radio', 'San Fermo', 'Sighseeing']",Palazzo della Ragione,strategy_nearest,False,0.0034821033477783203,success
04A1A64A9C4C80,1,"['Castelvecchio', 'Arena', 'Casa Giulietta']",Palazzo della Ragione,"['AMO', 'Museo Conte', 'Torre Lamberti', 'Centro Fotografia', 'Sighseeing']",Torre Lamberti,strategy_nearest,True,0.003988981246948242,success
04A1B5429C4C80,0,['Teatro Romano'],Arena,"['Verona Tour', 'Museo Lapidario', 'Museo Radio', 'San Fermo', 'Casa Giulietta']",Castelvecchio,strategy_nearest,False,0.002949953079223633,success
04A1B83A9C4C80,2,['Casa Giulietta'],Duomo,"['AMO', 'Museo Miniscalchi', 'Santa Anastasia', 'Teatro Romano', 'Palazzo della Ragione']",Museo Lapidario,strategy_nearest,False,0.0034608840942382812,success
04A1A74A9C4C80,0,['Duomo'],Casa Giulietta,"['Centro Fotografia', 'Sighseeing', 'Torre Lamberti', 'Museo Conte', 'Museo Radio']",Arena,strategy_nearest,False,0.0025627613067626953,success
04A1AE429C4C80,3,"['Arena', 'San Fermo']",Torre Lamberti,"['Sighseeing', 'Centro Fotografia', 'Museo Conte', 'Casa Giulietta', 'Palazzo della Ragione']",Santa Anastasia,strategy_nearest,False,0.0015370845794677734,success
04A1BC3A9C4C80,0,['Arena'],Casa Giulietta,"['Centro Fotografia', 'Sighseeing', 'Torre Lamberti', 'Museo Conte', 'Museo Radio']",Torre Lamberti,strategy_nearest,True,0.001852273941040039,success
04A1BB3A9C4C80,2,"['Duomo', 'Teatro Romano']",Casa Giulietta,"['Centro Fotografia', 'Sighseeing', 'Torre Lamberti', 'Museo Conte', 'Museo Radio']",San Zeno,strategy_nearest,False,0.00255584716796875,success
04A1BA3A9C4C80,3,['Arena'],Duomo,"['AMO', 'Museo Miniscalchi', 'Santa Anastasia', 'Teatro Romano', 'Palazzo della Ragione']",Santa Anastasia,strategy_nearest,True,0.003942251205444336,success
04A1CD3A9C4C80,2,['Duomo'],Torre Lamberti,"['Sighseeing', 'Centro Fotografia', 'Museo Conte', 'Casa Giulietta', 'Palazzo della Ragione']",Casa Giulietta,strategy_nearest,True,0.004904031753540039,success
04A1DA3A9C4C80,1,"['Arena', 'Santa Anastasia']",Casa Giulietta,"['Centro Fotografia', 'Sighseeing', 'Torre Lamberti', 'Museo Conte', 'Museo Radio']",Palazzo della Ragione,strategy_nearest,False,0.002401113510131836,success
04A1D43A9C4C80,2,['Casa Giulietta'],Santa Anastasia,"['AMO', 'Museo Conte', 'Palazzo della Ragione', 'Teatro Romano', 'Centro Fotografia']",Castelvecchio,strategy_nearest,False,0.004209280014038086,success
04A1DC429C4C80,4,"['Castelvecchio', 'Arena', 'Santa Anastasia']",Duomo,"['AMO', 'Museo Miniscalchi', 'Teatro Romano', 'Palazzo della Ragione', 'Museo Conte']",Teatro Romano,strategy_nearest,True,0.0025289058685302734,success
04A1DF3A9C4C80,0,['Arena'],Casa Giulietta,"['Centro Fotografia', 'Sighseeing', 'Torre Lamberti', 'Museo Conte', 'Museo Radio']",Torre Lamberti,strategy_nearest,True,0.0019941329956054688,success
04A1E03A9C4C80,0,['Torre Lamberti'],Casa Giulietta,"['Centro Fotografia', 'Sighseeing', 'Museo Conte', 'Museo Radio', 'Palazzo della Ragione']",Arena,strategy_nearest,False,0.0019409656524658203,success
04A1DF429C4C80,1,"['San Fermo', 'Castelvecchio']",Arena,"['Verona Tour', 'Museo Lapidario', 'Museo Radio', 'Casa Giulietta', 'Sighseeing']",Tomba Giulietta,strategy_nearest,False,0.003462076187133789,success
04A1E3429C4C80,1,"['Casa Giulietta', 'Torre Lamberti']",Palazzo della Ragione,"['AMO', 'Museo Conte', 'Centro Fotografia', 'Sighseeing', 'Santa Anastasia']",Santa Anastasia,strategy_nearest,True,0.0025670528411865234,success
04A1EB3A9C4C80,0,['San Zeno'],Arena,"['Verona Tour', 'Museo Lapidario', 'Museo Radio', 'San Fermo', 'Casa Giulietta']",Castelvecchio,strategy_nearest,False,0.0024728775024414062,success
04A2074A9C4C80,1,"['Arena', 'Casa Giulietta', 'San Fermo', 'Torre Lamberti']",Palazzo della Ragione,"['AMO', 'Museo Conte', 'Centro Fotografia', 'Sighseeing', 'Santa Anastasia']",Duomo,strategy_nearest,False,0.0028569698333740234,success
04A1EA429C4C80,2,"['Santa Anastasia', 'Palazzo della Ragione']",San Zeno,"['Castelvecchio', 'Verona Tour', 'Museo Lapidario', 'Arena', 'Museo Miniscalchi']",Castelvecchio,strategy_nearest,True,0.003904104232788086,success
04A214429C4C84,3,"['Teatro Romano', 'Casa Giulietta', 'Castelvecchio', 'Tomba Giulietta']",Arena,"['Verona Tour', 'Museo Lapidario', 'Museo Radio', 'San Fermo', 'Sighseeing']",Santa Anastasia,strategy_nearest,False,0.0019447803497314453,success
04A20D3A9C4C84,2,"['Castelvecchio', 'San Zeno']",Torre Lamberti,"['Sighseeing', 'Centro Fotografia', 'Museo Conte', 'Casa Giulietta', 'Palazzo della Ragione']",Santa Anastasia,strategy_nearest,False,0.0028541088104248047,success
04A20C429C4C84,1,"['Arena', 'Casa Giulietta', 'Torre Lamberti']",Palazzo della Ragione,"['AMO', 'Museo Conte', 'Centro Fotografia', 'Sighseeing', 'Santa Anastasia']",Santa Anastasia,strategy_nearest,True,0.002779722213745117,success
04A215429C4C84,0,['Arena'],Casa Giulietta,"['Centro Fotografia', 'Sighseeing', 'Torre Lamberti', 'Museo Conte', 'Museo Radio']",Torre Lamberti,strategy_nearest,True,0.003568887710571289,success
04A21E3A9C4C80,0,['Castelvecchio'],Santa Anastasia,"['AMO', 'Museo Conte', 'Palazzo della Ragione', 'Teatro Romano', 'Centro Fotografia']",Casa Giulietta,strategy_nearest,False,0.0024063587188720703,success
04A21C3A9C4C84,3,"['Torre Lamberti', 'Santa Anastasia']",Teatro Romano,"['Duomo', 'AMO', 'Palazzo della Ragione', 'Museo Conte', 'Centro Fotografia']",Arena,strategy_nearest,False,0.003651142120361328,success
04A222429C4C84,0,['Arena'],Torre Lamberti,"['Sighseeing', 'Centro Fotografia', 'Museo Conte', 'Casa Giulietta', 'Palazzo della Ragione']",Casa Giulietta,strategy_nearest,True,0.004914999008178711,success
04A2223A9C4C80,3,"['Castelvecchio', 'Arena']",Torre Lamberti,"['Sighseeing', 'Centro Fotografia', 'Museo Conte', 'Casa Giulietta', 'Palazzo della Ragione']",Santa Anastasia,strategy_nearest,False,0.007124900817871094,success
04A228429C4C84,1,"['Arena', 'Casa Giulietta']",Torre Lamberti,"['Sighseeing', 'Centro Fotografia', 'Museo Conte', 'Palazzo della Ragione', 'AMO']",Palazzo della Ragione,strategy_nearest,True,0.0031609535217285156,success
04A229429C4C80,1,"['Arena', 'Torre Lamberti', 'Castelvecchio']",San Zeno,"['Verona Tour', 'Museo Lapidario', 'Museo Miniscalchi', 'Sighseeing', 'Museo Radio']",Duomo,strategy_nearest,False,0.004050254821777344,success
04A22C3A9C4C80,3,"['Santa Anastasia', 'Duomo']",Teatro Romano,"['AMO', 'Palazzo della Ragione', 'Museo Conte', 'Centro Fotografia', 'Museo Miniscalchi']",Arena,strategy_nearest,False,0.002785921096801758,success
04A23A3A9C4C80,2,['Santa Anastasia'],Duomo,"['AMO', 'Museo Miniscalchi', 'Teatro Romano', 'Palazzo della Ragione', 'Museo Conte']",Castelvecchio,strategy_nearest,False,0.0021431446075439453,success
04A23A4A9C4C80,2,"['Teatro Romano', 'Santa Anastasia']",Castelvecchio,"['Museo Lapidario', 'Verona Tour', 'Arena', 'Museo Radio', 'San Zeno']",San Zeno,strategy_nearest,True,0.0029540061950683594,success
04A23B4A9C4C80,3,"['Arena', 'Torre Lamberti', 'Casa Giulietta']",Santa Anastasia,"['AMO', 'Museo Conte', 'Palazzo della Ragione', 'Teatro Romano', 'Centro Fotografia']",Tomba Giulietta,strategy_nearest,False,0.0035979747772216797,success
04A25A3A9C4C80,2,['Museo Lapidario'],Casa Giulietta,"['Centro Fotografia', 'Sighseeing', 'Torre Lamberti', 'Museo Conte', 'Museo Radio']",Torre Lamberti,strategy_nearest,True,0.0017850399017333984,success
04A23F429C4C80,0,['Arena'],Casa Giulietta,"['Centro Fotografia', 'Sighseeing', 'Torre Lamberti', 'Museo Conte', 'Museo Radio']",Torre Lamberti,strategy_nearest,True,0.003803730010986328,success
04A25C3A9C4C80,1,"['Torre Lamberti', 'Palazzo della Ragione', 'Casa Giulietta']",San Fermo,"['Museo Storia', 'Museo Radio', 'Centro Fotografia', 'Arena', 'Sighseeing']",Arena,strategy_nearest,True,0.0035889148712158203,success
04A25E429C4C80,3,"['Castelvecchio', 'Duomo', 'Teatro Romano']",Arena,"['Verona Tour', 'Museo Lapidario', 'Museo Radio', 'San Fermo', 'Casa Giulietta']",Torre Lamberti,strategy_nearest,False,0.003675222396850586,success
04A26C429C4C80,3,"['Arena', 'Torre Lamberti']",Santa Anastasia,"['AMO', 'Museo Conte', 'Palazzo della Ragione', 'Teatro Romano', 'Centro Fotografia']",Duomo,strategy_nearest,False,0.0020751953125,success
04A277429C4C80,3,"['Arena', 'Teatro Romano']",Santa Anastasia,"['AMO', 'Museo Conte', 'Palazzo della Ragione', 'Centro Fotografia', 'Duomo']",Torre Lamberti,strategy_nearest,False,0.0035262107849121094,success
04A2783A9C4C80,3,"['Arena', 'Museo Lapidario', 'Castelvecchio']",Duomo,"['AMO', 'Museo Miniscalchi', 'Santa Anastasia', 'Teatro Romano', 'Palazzo della Ragione']",Teatro Romano,strategy_nearest,True,0.002676248550415039,success
04A2793A9C4C80,0,"['Arena', 'Duomo']",Casa Giulietta,"['Centro Fotografia', 'Sighseeing', 'Torre Lamberti', 'Museo Conte', 'Museo Radio']",Castelvecchio,strategy_nearest,False,0.0025479793548583984,success
04A27C4A9C4C80,0,['Arena'],Casa Giulietta,"['Centro Fotografia', 'Sighseeing', 'Torre Lamberti', 'Museo Conte', 'Museo Radio']",Teatro Romano,strategy_nearest,False,0.0026950836181640625,success
04A27D429C4C80,0,['Casa Giulietta'],Arena,"['Verona Tour', 'Museo Lapidario', 'Museo Radio', 'San Fermo', 'Sighseeing']",Tomba Giulietta,strategy_nearest,False,0.0028290748596191406,success
04A2814A9C4C80,0,"['Arena', 'Casa Giulietta']",Duomo,"['AMO', 'Museo Miniscalchi', 'Santa Anastasia', 'Teatro Romano', 'Palazzo della Ragione']",Torre Lamberti,strategy_nearest,False,0.0013201236724853516,success
04A284429C4C80,0,"['Arena', 'Museo Lapidario']",Castelvecchio,"['Verona Tour', 'Museo Radio', 'San Zeno', 'Sighseeing', 'Museo Miniscalchi']",Casa Giulietta,strategy_nearest,False,0.002873659133911133,success
04A2844A9C4C80,1,"['Arena', 'Casa Giulietta']",Torre Lamberti,"['Sighseeing', 'Centro Fotografia', 'Museo Conte', 'Palazzo della Ragione', 'AMO']",Palazzo della Ragione,strategy_nearest,True,0.003423929214477539,success
04A2873A9C4C80,3,['Arena'],Duomo,"['AMO', 'Museo Miniscalchi', 'Santa Anastasia', 'Teatro Romano', 'Palazzo della Ragione']",Santa Anastasia,strategy_nearest,True,0.002808094024658203,success
04A2894A9C4C80,0,['Arena'],Castelvecchio,"['Museo Lapidario', 'Verona Tour', 'Museo Radio', 'San Zeno', 'Sighseeing']",Casa Giulietta,strategy_nearest,False,0.0021071434020996094,success
04A2964A9C4C80,1,"['Arena', 'Torre Lamberti']",Palazzo della Ragione,"['AMO', 'Museo Conte', 'Centro Fotografia', 'Sighseeing', 'Santa Anastasia']",Casa Giulietta,strategy_nearest,False,0.002711057662963867,success
04A28E4A9C4C80,3,['Arena'],Torre Lamberti,"['Sighseeing', 'Centro Fotografia', 'Museo Conte', 'Casa Giulietta', 'Palazzo della Ragione']",Santa Anastasia,strategy_nearest,False,0.0037488937377929688,success
04A29C429C4C80,0,"['Arena', 'Castelvecchio']",Torre Lamberti,"['Sighseeing', 'Centro Fotografia', 'Museo Conte', 'Casa Giulietta', 'Palazzo della Ragione']",Casa Giulietta,strategy_nearest,True,0.0023827552795410156,success
04A2A6429C4C80,0,['Castelvecchio'],Arena,"['Verona Tour', 'Museo Lapidario', 'Museo Radio', 'San Fermo', 'Casa Giulietta']",Casa Giulietta,strategy_nearest,True,0.0030908584594726562,success
04A2A44A9C4C80,1,"['Castelvecchio', 'Teatro Romano']",Arena,"['Verona Tour', 'Museo Lapidario', 'Museo Radio', 'San Fermo', 'Casa Giulietta']",Torre Lamberti,strategy_nearest,False,0.002335071563720703,success
04A2A3429C4C80,2,"['Castelvecchio', 'Casa Giulietta', 'Torre Lamberti']",Palazzo della Ragione,"['AMO', 'Museo Conte', 'Centro Fotografia', 'Sighseeing', 'Santa Anastasia']",Santa Anastasia,strategy_nearest,True,0.0017347335815429688,success
04A2A2429C4C80,1,['Arena'],Torre Lamberti,"['Sighseeing', 'Centro Fotografia', 'Museo Conte', 'Casa Giulietta', 'Palazzo della Ragione']",Palazzo della Ragione,strategy_nearest,True,0.003214120864868164,success
04A2A93A9C4C80,3,"['San Zeno', 'Castelvecchio']",Arena,"['Verona Tour', 'Museo Lapidario', 'Museo Radio', 'San Fermo', 'Casa Giulietta']",Torre Lamberti,strategy_nearest,False,0.0030641555786132812,success
04A2A83A9C4C80,2,"['Castelvecchio', 'Casa Giulietta']",Torre Lamberti,"['Sighseeing', 'Centro Fotografia', 'Museo Conte', 'Palazzo della Ragione', 'AMO']",Santa Anastasia,strategy_nearest,False,0.0024678707122802734,success
04A2AA429C4C80,0,['Castelvecchio'],Arena,"['Verona Tour', 'Museo Lapidario', 'Museo Radio', 'San Fermo', 'Casa Giulietta']",Casa Giulietta,strategy_nearest,True,0.0015408992767333984,success
04A2AA3A9C4C80,2,"['Castelvecchio', 'Santa Anastasia']",Duomo,"['AMO', 'Museo Miniscalchi', 'Teatro Romano', 'Palazzo della Ragione', 'Museo Conte']",Casa Giulietta,strategy_nearest,False,0.003699064254760742,success
04A2BA3A9C4C80,3,"['San Fermo', 'Santa Anastasia', 'Torre Lamberti']",Teatro Romano,"['Duomo', 'AMO', 'Palazzo della Ragione', 'Museo Conte', 'Centro Fotografia']",Arena,strategy_nearest,False,0.0022640228271484375,success
04A2B93A9C4C80,0,['Arena'],Casa Giulietta,"['Centro Fotografia', 'Sighseeing', 'Torre Lamberti', 'Museo Conte', 'Museo Radio']",Torre Lamberti,strategy_nearest,True,0.0016641616821289062,success
04A2C23A9C4C80,0,"['Teatro Romano', 'Torre Lamberti']",Casa Giulietta,"['Centro Fotografia', 'Sighseeing', 'Museo Conte', 'Museo Radio', 'Palazzo della Ragione']",Arena,strategy_nearest,False,0.0027391910552978516,success
04A2B83A9C4C80,3,"['Arena', 'San Fermo']",Santa Anastasia,"['AMO', 'Museo Conte', 'Palazzo della Ragione', 'Teatro Romano', 'Centro Fotografia']",Duomo,strategy_nearest,False,0.0037610530853271484,success
04A2CA429C4C80,1,"['Arena', 'Palazzo della Ragione']",Torre Lamberti,"['Sighseeing', 'Centro Fotografia', 'Museo Conte', 'Casa Giulietta', 'AMO']",Casa Giulietta,strategy_nearest,True,0.0029408931732177734,success
04A2D03A9C4C80,0,"['Arena', 'Torre Lamberti']",Casa Giulietta,"['Centro Fotografia', 'Sighseeing', 'Museo Conte', 'Museo Radio', 'Palazzo della Ragione']",San Fermo,strategy_nearest,False,0.001895904541015625,success
04A2E33A9C4C80,2,"['San Zeno', 'Castelvecchio', 'San Fermo']",Casa Giulietta,"['Centro Fotografia', 'Sighseeing', 'Torre Lamberti', 'Museo Conte', 'Museo Radio']",Torre Lamberti,strategy_nearest,True,0.0034780502319335938,success
04A2E83A9C4C80,1,"['Arena', 'Palazzo della Ragione']",Torre Lamberti,"['Sighseeing', 'Centro Fotografia', 'Museo Conte', 'Casa Giulietta', 'AMO']",Casa Giulietta,strategy_nearest,True,0.0028040409088134766,success
04A3033A9C4C84,0,['Casa Giulietta'],Torre Lamberti,"['Sighseeing', 'Centro Fotografia', 'Museo Conte', 'Palazzo della Ragione', 'AMO']",Arena,strategy_nearest,False,0.002354860305786133,success
04A30C429C4C84,3,"['Arena', 'Casa Giulietta', 'Santa Anastasia']",Duomo,"['AMO', 'Museo Miniscalchi', 'Teatro Romano', 'Palazzo della Ragione', 'Museo Conte']",Teatro Romano,strategy_nearest,True,0.001538991928100586,success
04A30E3A9C4C80,2,"['Santa Anastasia', 'Teatro Romano']",Duomo,"['AMO', 'Museo Miniscalchi', 'Palazzo della Ragione', 'Museo Conte', 'Torre Lamberti']",Castelvecchio,strategy_nearest,False,0.003175973892211914,success
04A30D4A9C4C80,1,"['Arena', 'Castelvecchio', 'San Fermo']",Palazzo della Ragione,"['AMO', 'Museo Conte', 'Torre Lamberti', 'Centro Fotografia', 'Sighseeing']",Santa Anastasia,strategy_nearest,False,0.002902984619140625,success
04A31D3A9C4C80,3,"['Arena', 'Casa Giulietta']",Torre Lamberti,"['Sighseeing', 'Centro Fotografia', 'Museo Conte', 'Palazzo della Ragione', 'AMO']",Duomo,strategy_nearest,False,0.004091024398803711,success
04A3174A9C4C80,1,"['Castelvecchio', 'Tomba Giulietta', 'San Fermo', 'Casa Giulietta']",San Zeno,"['Verona Tour', 'Museo Lapidario', 'Arena', 'Museo Miniscalchi', 'Sighseeing']",Arena,strategy_nearest,True,0.0035140514373779297,success
04A313429C4C80,1,['Palazzo della Ragione'],Museo Storia,"['San Fermo', 'Museo Radio', 'Casa Giulietta', 'Centro Fotografia', 'Tomba Giulietta']",Teatro Romano,strategy_nearest,False,0.002273082733154297,success
04A317429C4C84,3,"['Arena', 'Casa Giulietta', 'Santa Anastasia']",Duomo,"['AMO', 'Museo Miniscalchi', 'Teatro Romano', 'Palazzo della Ragione', 'Museo Conte']",Teatro Romano,strategy_nearest,True,0.0030956268310546875,success
04A328429C4C84,3,"['Arena', 'Casa Giulietta']",Santa Anastasia,"['AMO', 'Museo Conte', 'Palazzo della Ragione', 'Teatro Romano', 'Centro Fotografia']",Duomo,strategy_nearest,False,0.003593921661376953,success
04A3373A9C4C80,0,['Arena'],Castelvecchio,"['Museo Lapidario', 'Verona Tour', 'Museo Radio', 'San Zeno', 'Sighseeing']",Santa Anastasia,strategy_nearest,False,0.002193927764892578,success
04A323429C4C84,2,['Castelvecchio'],San Zeno,"['Verona Tour', 'Museo Lapidario', 'Arena', 'Museo Miniscalchi', 'Sighseeing']",Teatro Romano,strategy_nearest,False,0.0030121803283691406,success
04A3203A9C4C84,3,['Arena'],Santa Anastasia,"['AMO', 'Museo Conte', 'Palazzo della Ragione', 'Teatro Romano', 'Centro Fotografia']",Duomo,strategy_nearest,False,0.001779794692993164,success
04A357429C4C80,1,"['Arena', 'Casa Giulietta']",Torre Lamberti,"['Sighseeing', 'Centro Fotografia', 'Museo Conte', 'Palazzo della Ragione', 'AMO']",Palazzo della Ragione,strategy_nearest,True,0.0014519691467285156,success
04A34F429C4C80,0,"['San Zeno', 'Castelvecchio']",Duomo,"['AMO', 'Museo Miniscalchi', 'Santa Anastasia', 'Teatro Romano', 'Palazzo della Ragione']",Casa Giulietta,strategy_nearest,False,0.002814054489135742,success
04A3413A9C4C80,3,"['Santa Anastasia', 'Torre Lamberti', 'San Fermo']",Casa Giulietta,"['Centro Fotografia', 'Sighseeing', 'Museo Conte', 'Museo Radio', 'Palazzo della Ragione']",Teatro Romano,strategy_nearest,False,0.002238035202026367,success
04A365429C4C80,2,['Castelvecchio'],Torre Lamberti,"['Sighseeing', 'Centro Fotografia', 'Museo Conte', 'Casa Giulietta', 'Palazzo della Ragione']",Palazzo della Ragione,strategy_nearest,True,0.001499176025390625,success
04A35A3A9C4C80,0,['Arena'],Castelvecchio,"['Museo Lapidario', 'Verona Tour', 'Museo Radio', 'San Zeno', 'Sighseeing']",Casa Giulietta,strategy_nearest,False,0.0027768611907958984,success
04A359429C4C80,0,['Arena'],Casa Giulietta,"['Centro Fotografia', 'Sighseeing', 'Torre Lamberti', 'Museo Conte', 'Museo Radio']",Santa Anastasia,strategy_nearest,False,0.004567623138427734,success
04A36C3A9C4C80,2,"['Palazzo della Ragione', 'Torre Lamberti', 'Casa Giulietta', 'Duomo']",Castelvecchio,"['Museo Lapidario', 'Verona Tour', 'Arena', 'Museo Radio', 'San Zeno']",San Zeno,strategy_nearest,True,0.0036509037017822266,success
04A377429C4C80,0,['Arena'],Tomba Giulietta,"['San Fermo', 'Museo Storia', 'Museo Lapidario', 'Museo Radio', 'Verona Tour']",Casa Giulietta,strategy_nearest,False,0.0036520957946777344,success
04A376429C4C80,2,"['Palazzo della Ragione', 'Torre Lamberti']",Santa Anastasia,"['AMO', 'Museo Conte', 'Teatro Romano', 'Centro Fotografia', 'Duomo']",Duomo,strategy_nearest,True,0.002020120620727539,success
04A37B429C4C80,3,['Arena'],Casa Giulietta,"['Centro Fotografia', 'Sighseeing', 'Torre Lamberti', 'Museo Conte', 'Museo Radio']",Santa Anastasia,strategy_nearest,False,0.003591299057006836,success
04A381429C4C80,3,"['Arena', 'Casa Giulietta']",Torre Lamberti,"['Sighseeing', 'Centro Fotografia', 'Museo Conte', 'Palazzo della Ragione', 'AMO']",Santa Anastasia,strategy_nearest,False,0.0030279159545898438,success
04A38B4A9C4C80,0,"['Castelvecchio', 'Arena']",Casa Giulietta,"['Centro Fotografia', 'Sighseeing', 'Torre Lamberti', 'Museo Conte', 'Museo Radio']",Torre Lamberti,strategy_nearest,True,0.0033469200134277344,success
04A38E3A9C4C80,2,"['Castelvecchio', 'Santa Anastasia', 'Duomo']",Palazzo della Ragione,"['AMO', 'Museo Conte', 'Torre Lamberti', 'Centro Fotografia', 'Sighseeing']",Torre Lamberti,strategy_nearest,True,0.005313873291015625,success
04A388429C4C80,1,"['Casa Giulietta', 'Torre Lamberti']",Palazzo della Ragione,"['AMO', 'Museo Conte', 'Centro Fotografia', 'Sighseeing', 'Santa Anastasia']",Santa Anastasia,strategy_nearest,True,0.005149126052856445,success
04A3834A9C4C80,3,"['Arena', 'Castelvecchio']",Santa Anastasia,"['AMO', 'Museo Conte', 'Palazzo della Ragione', 'Teatro Romano', 'Centro Fotografia']",Teatro Romano,strategy_nearest,True,0.004250049591064453,success
04A39F429C4C80,0,['Tomba Giulietta'],Arena,"['Verona Tour', 'Museo Lapidario', 'Museo Radio', 'San Fermo', 'Casa Giulietta']",Casa Giulietta,strategy_nearest,True,0.0016300678253173828,success
04A3A24A9C4C80,1,"['Arena', 'Duomo', 'Santa Anastasia']",Torre Lamberti,"['Sighseeing', 'Centro Fotografia', 'Museo Conte', 'Casa Giulietta', 'Palazzo della Ragione']",Palazzo della Ragione,strategy_nearest,True,0.003100872039794922,success
04A399429C4C80,0,['Arena'],Tomba Giulietta,"['San Fermo', 'Museo Storia', 'Museo Lapidario', 'Museo Radio', 'Verona Tour']",Casa Giulietta,strategy_nearest,False,0.002730846405029297,success
04A3A04A9C4C80,3,"['Arena', 'San Fermo']",Casa Giulietta,"['Centro Fotografia', 'Sighseeing', 'Torre Lamberti', 'Museo Conte', 'Museo Radio']",Torre Lamberti,strategy_nearest,True,0.0041010379791259766,success
04A3AA4A9C4C80,0,['Arena'],Casa Giulietta,"['Centro Fotografia', 'Sighseeing', 'Torre Lamberti', 'Museo Conte', 'Museo Radio']",Castelvecchio,strategy_nearest,False,0.002529144287109375,success
04A3A44A9C4C80,1,"['Arena', 'Museo Lapidario', 'Torre Lamberti']",Palazzo della Ragione,"['AMO', 'Museo Conte', 'Centro Fotografia', 'Sighseeing', 'Santa Anastasia']",San Fermo,strategy_nearest,False,0.003777027130126953,success
04A3B63A9C4C80,3,"['Arena', 'Casa Giulietta']",Torre Lamberti,"['Sighseeing', 'Centro Fotografia', 'Museo Conte', 'Palazzo della Ragione', 'AMO']",Duomo,strategy_nearest,False,0.004189968109130859,success
04A3B0429C4C80,2,['Castelvecchio'],Casa Giulietta,"['Centro Fotografia', 'Sighseeing', 'Torre Lamberti', 'Museo Conte', 'Museo Radio']",Teatro Romano,strategy_nearest,False,0.006554841995239258,success
04A3B6429C4C80,0,['Casa Giulietta'],San Zeno,"['Castelvecchio', 'Verona Tour', 'Museo Lapidario', 'Arena', 'Museo Miniscalchi']",Arena,strategy_nearest,True,0.002869844436645508,success
04A3BD3A9C4C80,3,['Arena'],San Fermo,"['Museo Storia', 'Museo Radio', 'Casa Giulietta', 'Centro Fotografia', 'Sighseeing']",Santa Anastasia,strategy_nearest,False,0.002337217330932617,success
04A3BA3A9C4C80,0,"['Museo Lapidario', 'Arena']",Castelvecchio,"['Verona Tour', 'Museo Radio', 'San Zeno', 'Sighseeing', 'Museo Miniscalchi']",Casa Giulietta,strategy_nearest,False,0.00490117073059082,success
04A3C0429C4C80,0,['Arena'],Torre Lamberti,"['Sighseeing', 'Centro Fotografia', 'Museo Conte', 'Casa Giulietta', 'Palazzo della Ragione']",Duomo,strategy_nearest,False,0.0034172534942626953,success
04A3C23A9C4C80,1,"['Arena', 'Casa Giulietta', 'Palazzo della Ragione']",Torre Lamberti,"['Sighseeing', 'Centro Fotografia', 'Museo Conte', 'AMO', 'Museo Miniscalchi']",Santa Anastasia,strategy_nearest,False,0.0036780834197998047,success
04A3C43A9C4C80,1,"['Arena', 'Casa Giulietta', 'Torre Lamberti']",Palazzo della Ragione,"['AMO', 'Museo Conte', 'Centro Fotografia', 'Sighseeing', 'Santa Anastasia']",Santa Anastasia,strategy_nearest,True,0.0021538734436035156,success
04A3C5429C4C80,0,['Arena'],Casa Giulietta,"['Centro Fotografia', 'Sighseeing', 'Torre Lamberti', 'Museo Conte', 'Museo Radio']",Casa Giulietta,strategy_nearest,False,0.0031270980834960938,success
04A3E23A9C4C80,3,"['San Zeno', 'Castelvecchio', 'Torre Lamberti']",Santa Anastasia,"['AMO', 'Museo Conte', 'Palazzo della Ragione', 'Teatro Romano', 'Centro Fotografia']",Duomo,strategy_nearest,False,0.003492116928100586,success
04A3C73A9C4C80,3,"['Arena', 'Casa Giulietta']",Teatro Romano,"['Santa Anastasia', 'Duomo', 'AMO', 'Palazzo della Ragione', 'Museo Conte']",Santa Anastasia,strategy_nearest,True,0.0017309188842773438,success
04A3DF3A9C4C80,0,['Arena'],Casa Giulietta,"['Centro Fotografia', 'Sighseeing', 'Torre Lamberti', 'Museo Conte', 'Museo Radio']",Santa Anastasia,strategy_nearest,False,0.0029141902923583984,success
04A3F03A9C4C80,2,['Torre Lamberti'],Santa Anastasia,"['AMO', 'Museo Conte', 'Palazzo della Ragione', 'Teatro Romano', 'Centro Fotografia']",San Zeno,strategy_nearest,False,0.003209829330444336,success
04A408429C4C84,3,['Arena'],Santa Anastasia,"['AMO', 'Museo Conte', 'Palazzo della Ragione', 'Teatro Romano', 'Centro Fotografia']",Teatro Romano,strategy_nearest,True,0.004804134368896484,success
04A4053A9C4C84,3,['Arena'],Duomo,"['AMO', 'Museo Miniscalchi', 'Santa Anastasia', 'Teatro Romano', 'Palazzo della Ragione']",Santa Anastasia,strategy_nearest,True,0.0038208961486816406,success
04A3FE429C4C80,2,"['Castelvecchio', 'Duomo']",Teatro Romano,"['Santa Anastasia', 'AMO', 'Palazzo della Ragione', 'Museo Conte', 'Centro Fotografia']",Santa Anastasia,strategy_nearest,True,0.0028989315032958984,success
04A3F23A9C4C80,0,"['Arena', 'Torre Lamberti']",Casa Giulietta,"['Centro Fotografia', 'Sighseeing', 'Museo Conte', 'Museo Radio', 'Palazzo della Ragione']",Duomo,strategy_nearest,False,0.004583835601806641,success
04A414429C4C84,2,"['Teatro Romano', 'Castelvecchio']",Casa Giulietta,"['Centro Fotografia', 'Sighseeing', 'Torre Lamberti', 'Museo Conte', 'Museo Radio']",Torre Lamberti,strategy_nearest,True,0.001795053482055664,success
04A40D4A9C4C80,2,"['Palazzo della Ragione', 'Torre Lamberti', 'Santa Anastasia']",Teatro Romano,"['Duomo', 'AMO', 'Museo Conte', 'Centro Fotografia', 'Museo Miniscalchi']",Duomo,strategy_nearest,True,0.0025229454040527344,success
04A413429C4C84,1,"['Torre Lamberti', 'Palazzo della Ragione']",Castelvecchio,"['Museo Lapidario', 'Verona Tour', 'Arena', 'Museo Radio', 'San Zeno']",Casa Giulietta,strategy_nearest,False,0.003125905990600586,success
04A41A3A9C4C84,1,"['Palazzo della Ragione', 'Torre Lamberti']",Duomo,"['AMO', 'Museo Miniscalchi', 'Santa Anastasia', 'Teatro Romano', 'Museo Conte']",Arena,strategy_nearest,False,0.0036199092864990234,success
04A41E429C4C84,2,"['San Zeno', 'Teatro Romano', 'Duomo', 'Palazzo della Ragione']",Casa Giulietta,"['Centro Fotografia', 'Sighseeing', 'Torre Lamberti', 'Museo Conte', 'Museo Radio']",Santa Anastasia,strategy_nearest,False,0.0024611949920654297,success
04A41D429C4C84,0,['Arena'],Casa Giulietta,"['Centro Fotografia', 'Sighseeing', 'Torre Lamberti', 'Museo Conte', 'Museo Radio']",Santa Anastasia,strategy_nearest,False,0.0018587112426757812,success
04A424429C4C80,1,"['Teatro Romano', 'Torre Lamberti', 'Palazzo della Ragione']",Castelvecchio,"['Museo Lapidario', 'Verona Tour', 'Arena', 'Museo Radio', 'San Zeno']",San Zeno,strategy_nearest,True,0.0035257339477539062,success
04A4203A9C4C80,0,['Arena'],Casa Giulietta,"['Centro Fotografia', 'Sighseeing', 'Torre Lamberti', 'Museo Conte', 'Museo Radio']",Castelvecchio,strategy_nearest,False,0.0031049251556396484,success
04A4273A9C4C80,3,['Arena'],Torre Lamberti,"['Sighseeing', 'Centro Fotografia', 'Museo Conte', 'Casa Giulietta', 'Palazzo della Ragione']",Santa Anastasia,strategy_nearest,False,0.0026450157165527344,success
04A4363A9C4C80,2,['Castelvecchio'],Palazzo della Ragione,"['AMO', 'Museo Conte', 'Torre Lamberti', 'Centro Fotografia', 'Sighseeing']",Torre Lamberti,strategy_nearest,True,0.0028638839721679688,success
04A4364A9C4C80,3,['Arena'],Museo Lapidario,"['Verona Tour', 'Castelvecchio', 'Museo Radio', 'San Fermo', 'Casa Giulietta']",Santa Anastasia,strategy_nearest,False,0.005099058151245117,success
04A42C3A9C4C80,2,['Tomba Giulietta'],San Fermo,"['Museo Storia', 'Museo Radio', 'Casa Giulietta', 'Centro Fotografia', 'Arena']",Santa Anastasia,strategy_nearest,False,0.0038101673126220703,success
04A455429C4C80,0,"['Arena', 'Duomo']",Torre Lamberti,"['Sighseeing', 'Centro Fotografia', 'Museo Conte', 'Casa Giulietta', 'Palazzo della Ragione']",Casa Giulietta,strategy_nearest,True,0.0026712417602539062,success
04A4563A9C4C80,3,['Arena'],Casa Giulietta,"['Centro Fotografia', 'Sighseeing', 'Torre Lamberti', 'Museo Conte', 'Museo Radio']",Santa Anastasia,strategy_nearest,False,0.003841876983642578,success
04A45A429C4C80,3,"['San Zeno', 'Duomo']",Santa Anastasia,"['AMO', 'Museo Conte', 'Palazzo della Ragione', 'Teatro Romano', 'Centro Fotografia']",Torre Lamberti,strategy_nearest,False,0.003275632858276367,success
04A43D429C4C80,1,"['Arena', 'Casa Giulietta']",Palazzo della Ragione,"['AMO', 'Museo Conte', 'Torre Lamberti', 'Centro Fotografia', 'Sighseeing']",Santa Anastasia,strategy_nearest,False,0.007013797760009766,success
04A45D429C4C80,1,['Arena'],Torre Lamberti,"['Sighseeing', 'Centro Fotografia', 'Museo Conte', 'Casa Giulietta', 'Palazzo della Ragione']",Palazzo della Ragione,strategy_nearest,True,0.004217863082885742,success
04A476429C4C80,0,"['Arena', 'Casa Giulietta']",Torre Lamberti,"['Sighseeing', 'Centro Fotografia', 'Museo Conte', 'Palazzo della Ragione', 'AMO']",Castelvecchio,strategy_nearest,False,0.002527952194213867,success
04A4824A9C4C80,1,"['Arena', 'Casa Giulietta']",Palazzo della Ragione,"['AMO', 'Museo Conte', 'Torre Lamberti', 'Centro Fotografia', 'Sighseeing']",Torre Lamberti,strategy_nearest,True,0.0026407241821289062,success
04A47E429C4C80,1,"['Casa Giulietta', 'Palazzo della Ragione']",Torre Lamberti,"['Sighseeing', 'Centro Fotografia', 'Museo Conte', 'AMO', 'Museo Miniscalchi']",San Fermo,strategy_nearest,False,0.004179954528808594,success
04A4834A9C4C80,0,['Arena'],Casa Giulietta,"['Centro Fotografia', 'Sighseeing', 'Torre Lamberti', 'Museo Conte', 'Museo Radio']",Castelvecchio,strategy_nearest,False,0.004227161407470703,success
04A48F4A9C4C80,3,['Arena'],Torre Lamberti,"['Sighseeing', 'Centro Fotografia', 'Museo Conte', 'Casa Giulietta', 'Palazzo della Ragione']",Santa Anastasia,strategy_nearest,False,0.0025453567504882812,success
04A4894A9C4C80,0,['Arena'],Torre Lamberti,"['Sighseeing', 'Centro Fotografia', 'Museo Conte', 'Casa Giulietta', 'Palazzo della Ragione']",Casa Giulietta,strategy_nearest,True,0.003490924835205078,success
04A49F429C4C80,3,"['Torre Lamberti', 'Santa Anastasia']",Casa Giulietta,"['Centro Fotografia', 'Sighseeing', 'Museo Conte', 'Museo Radio', 'Palazzo della Ragione']",Arena,strategy_nearest,False,0.0027229785919189453,success
04A499429C4C80,1,"['Arena', 'Casa Giulietta', 'Teatro Romano']",Torre Lamberti,"['Sighseeing', 'Centro Fotografia', 'Museo Conte', 'Palazzo della Ragione', 'AMO']",Palazzo della Ragione,strategy_nearest,True,0.003698110580444336,success
04A4A3429C4C80,2,['Castelvecchio'],Palazzo della Ragione,"['AMO', 'Museo Conte', 'Torre Lamberti', 'Centro Fotografia', 'Sighseeing']",Santa Anastasia,strategy_nearest,False,0.002880096435546875,success
04A4A54A9C4C80,2,['Duomo'],Casa Giulietta,"['Centro Fotografia', 'Sighseeing', 'Torre Lamberti', 'Museo Conte', 'Museo Radio']",Teatro Romano,strategy_nearest,False,0.001979351043701172,success
04A4A1429C4C80,1,"['Arena', 'Castelvecchio', 'San Zeno']",Casa Giulietta,"['Centro Fotografia', 'Sighseeing', 'Torre Lamberti', 'Museo Conte', 'Museo Radio']",Torre Lamberti,strategy_nearest,True,0.004004716873168945,success
04A4A63A9C4C80,3,"['Teatro Romano', 'Duomo']",Santa Anastasia,"['AMO', 'Museo Conte', 'Palazzo della Ragione', 'Centro Fotografia', 'Torre Lamberti']",Torre Lamberti,strategy_nearest,True,0.003949165344238281,success
04A4B3429C4C80,3,['Arena'],Torre Lamberti,"['Sighseeing', 'Centro Fotografia', 'Museo Conte', 'Casa Giulietta', 'Palazzo della Ragione']",Santa Anastasia,strategy_nearest,False,0.0034339427947998047,success
04A4AB4A9C4C80,3,['Casa Giulietta'],Santa Anastasia,"['AMO', 'Museo Conte', 'Palazzo della Ragione', 'Teatro Romano', 'Centro Fotografia']",Duomo,strategy_nearest,False,0.0024077892303466797,success
04A4A93A9C4C80,1,"['Arena', 'Casa Giulietta']",Torre Lamberti,"['Sighseeing', 'Centro Fotografia', 'Museo Conte', 'Palazzo della Ragione', 'AMO']",Palazzo della Ragione,strategy_nearest,True,0.001964092254638672,success
04A4A9429C4C80,2,['Santa Anastasia'],Teatro Romano,"['Duomo', 'AMO', 'Palazzo della Ragione', 'Museo Conte', 'Centro Fotografia']",San Zeno,strategy_nearest,False,0.0031228065490722656,success
04A4B8429C4C80,0,['Arena'],Torre Lamberti,"['Sighseeing', 'Centro Fotografia', 'Museo Conte', 'Casa Giulietta', 'Palazzo della Ragione']",Duomo,strategy_nearest,False,0.002052783966064453,success
04A4B4429C4C80,0,"['Torre Lamberti', 'Casa Giulietta']",Duomo,"['AMO', 'Museo Miniscalchi', 'Santa Anastasia', 'Teatro Romano', 'Palazzo della Ragione']",Arena,strategy_nearest,False,0.00128173828125,success
04A4C23A9C4C80,3,['Torre Lamberti'],Santa Anastasia,"['AMO', 'Museo Conte', 'Palazzo della Ragione', 'Teatro Romano', 'Centro Fotografia']",San Zeno,strategy_nearest,False,0.002741098403930664,success
04A4C5429C4C80,1,"['Arena', 'Torre Lamberti', 'Palazzo della Ragione']",Casa Giulietta,"['Centro Fotografia', 'Sighseeing', 'Museo Conte', 'Museo Radio', 'San Fermo']",Santa Anastasia,strategy_nearest,False,0.003097057342529297,success
04A4C83A9C4C80,0,['Arena'],Castelvecchio,"['Museo Lapidario', 'Verona Tour', 'Museo Radio', 'San Zeno', 'Sighseeing']",Casa Giulietta,strategy_nearest,False,0.0027458667755126953,success
04A4CE3A9C4C80,0,['Arena'],Casa Giulietta,"['Centro Fotografia', 'Sighseeing', 'Torre Lamberti', 'Museo Conte', 'Museo Radio']",Castelvecchio,strategy_nearest,False,0.0023260116577148438,success
04A4C8429C4C80,1,['Arena'],Casa Giulietta,"['Centro Fotografia', 'Sighseeing', 'Torre Lamberti', 'Museo Conte', 'Museo Radio']",Torre Lamberti,strategy_nearest,True,0.00345611572265625,success
04A4D43A9C4C80,0,['Arena'],Torre Lamberti,"['Sighseeing', 'Centro Fotografia', 'Museo Conte', 'Casa Giulietta', 'Palazzo della Ragione']",Casa Giulietta,strategy_nearest,True,0.003108978271484375,success
04A4F23A9C4C80,1,"['Duomo', 'Arena']",Torre Lamberti,"['Sighseeing', 'Centro Fotografia', 'Museo Conte', 'Casa Giulietta', 'Palazzo della Ragione']",Palazzo della Ragione,strategy_nearest,True,0.0038390159606933594,success
04A4EB3A9C4C80,0,['Arena'],Museo Lapidario,"['Verona Tour', 'Castelvecchio', 'Museo Radio', 'San Fermo', 'Casa Giulietta']",Castelvecchio,strategy_nearest,True,0.005380153656005859,success
04A5023A9C4C84,0,['Arena'],Castelvecchio,"['Museo Lapidario', 'Verona Tour', 'Museo Radio', 'San Zeno', 'Sighseeing']",San Zeno,strategy_nearest,True,0.004446983337402344,success
04A506429C4C80,3,"['Museo Lapidario', 'Casa Giulietta', 'Torre Lamberti', 'Santa Anastasia']",Duomo,"['AMO', 'Museo Miniscalchi', 'Teatro Romano', 'Palazzo della Ragione', 'Museo Conte']",Teatro Romano,strategy_nearest,True,0.001947164535522461,success
04A5084A9C4C80,3,"['San Fermo', 'San Zeno', 'Arena', 'Casa Giulietta']",Torre Lamberti,"['Sighseeing', 'Centro Fotografia', 'Museo Conte', 'Palazzo della Ragione', 'AMO']",Teatro Romano,strategy_nearest,False,0.0020940303802490234,success
04A50E3A9C4C80,2,"['Castelvecchio', 'Torre Lamberti']",Santa Anastasia,"['AMO', 'Museo Conte', 'Palazzo della Ragione', 'Teatro Romano', 'Centro Fotografia']",Duomo,strategy_nearest,False,0.0027399063110351562,success
04A50F4A9C4C80,0,['Castelvecchio'],San Zeno,"['Verona Tour', 'Museo Lapidario', 'Arena', 'Museo Miniscalchi', 'Sighseeing']",Arena,strategy_nearest,True,0.002774953842163086,success
04A50F3A9C4C80,3,"['Arena', 'Torre Lamberti']",Casa Giulietta,"['Centro Fotografia', 'Sighseeing', 'Museo Conte', 'Museo Radio', 'Palazzo della Ragione']",Santa Anastasia,strategy_nearest,False,0.0028078556060791016,success
04A510429C4C84,2,"['Palazzo della Ragione', 'Torre Lamberti']",Duomo,"['AMO', 'Museo Miniscalchi', 'Santa Anastasia', 'Teatro Romano', 'Museo Conte']",Santa Anastasia,strategy_nearest,True,0.002706766128540039,success
04A511429C4C80,0,['Arena'],Casa Giulietta,"['Centro Fotografia', 'Sighseeing', 'Torre Lamberti', 'Museo Conte', 'Museo Radio']",Teatro Romano,strategy_nearest,False,0.0024101734161376953,success
04A512429C4C80,3,"['San Fermo', 'Casa Giulietta', 'Torre Lamberti']",Santa Anastasia,"['AMO', 'Museo Conte', 'Palazzo della Ragione', 'Teatro Romano', 'Centro Fotografia']",Arena,strategy_nearest,False,0.0018990039825439453,success
04A517429C4C84,1,['Arena'],Palazzo della Ragione,"['AMO', 'Museo Conte', 'Torre Lamberti', 'Centro Fotografia', 'Sighseeing']",Torre Lamberti,strategy_nearest,True,0.0035829544067382812,success
04A51C3A9C4C84,0,['Arena'],Casa Giulietta,"['Centro Fotografia', 'Sighseeing', 'Torre Lamberti', 'Museo Conte', 'Museo Radio']",Santa Anastasia,strategy_nearest,False,0.0026192665100097656,success
04A522429C4C84,3,['Arena'],Santa Anastasia,"['AMO', 'Museo Conte', 'Palazzo della Ragione', 'Teatro Romano', 'Centro Fotografia']",Torre Lamberti,strategy_nearest,False,0.002347707748413086,success
04A523429C4C84,0,"['Arena', 'Torre Lamberti']",Casa Giulietta,"['Centro Fotografia', 'Sighseeing', 'Museo Conte', 'Museo Radio', 'Palazzo della Ragione']",San Fermo,strategy_nearest,False,0.0026509761810302734,success
04A526429C4C84,2,"['Palazzo della Ragione', 'Torre Lamberti', 'San Fermo']",Casa Giulietta,"['Centro Fotografia', 'Sighseeing', 'Museo Conte', 'Museo Radio', 'AMO']",Santa Anastasia,strategy_nearest,False,0.0025708675384521484,success
04A5253A9C4C84,0,"['Arena', 'Arena']",Casa Giulietta,"['Centro Fotografia', 'Sighseeing', 'Torre Lamberti', 'Museo Conte', 'Museo Radio']",Teatro Romano,strategy_nearest,False,0.0034170150756835938,success
04A529429C4C84,0,['Castelvecchio'],Casa Giulietta,"['Centro Fotografia', 'Sighseeing', 'Torre Lamberti', 'Museo Conte', 'Museo Radio']",Arena,strategy_nearest,False,0.0037407875061035156,success
04A52C429C4C80,3,"['Arena', 'Giardino Giusti', 'Casa Giulietta']",Torre Lamberti,"['Sighseeing', 'Centro Fotografia', 'Museo Conte', 'Palazzo della Ragione', 'AMO']",Santa Anastasia,strategy_nearest,False,0.002157926559448242,success
04A52F3A9C4C80,0,"['Arena', 'Castelvecchio']",Casa Giulietta,"['Centro Fotografia', 'Sighseeing', 'Torre Lamberti', 'Museo Conte', 'Museo Radio']",Torre Lamberti,strategy_nearest,True,0.003041982650756836,success
04A536429C4C80,0,"['Castelvecchio', 'Castelvecchio', 'Arena']",Casa Giulietta,"['Centro Fotografia', 'Sighseeing', 'Torre Lamberti', 'Museo Conte', 'Museo Radio']",Torre Lamberti,strategy_nearest,True,0.0029990673065185547,success
04A5384A9C4C80,2,['Santa Anastasia'],Castelvecchio,"['Museo Lapidario', 'Verona Tour', 'Arena', 'Museo Radio', 'San Zeno']",San Fermo,strategy_nearest,False,0.004082918167114258,success
04A54E429C4C80,0,"['Arena', 'Casa Giulietta']",Torre Lamberti,"['Sighseeing', 'Centro Fotografia', 'Museo Conte', 'Palazzo della Ragione', 'AMO']",Castelvecchio,strategy_nearest,False,0.004662036895751953,success
04A53B429C4C80,2,"['Castelvecchio', 'Torre Lamberti']",Teatro Romano,"['Santa Anastasia', 'Duomo', 'AMO', 'Palazzo della Ragione', 'Museo Conte']",Tomba Giulietta,strategy_nearest,False,0.0041179656982421875,success
04A554429C4C80,2,['Castelvecchio'],Casa Giulietta,"['Centro Fotografia', 'Sighseeing', 'Torre Lamberti', 'Museo Conte', 'Museo Radio']",Tomba Giulietta,strategy_nearest,False,0.0027992725372314453,success
04A557429C4C80,2,['Castelvecchio'],Santa Anastasia,"['AMO', 'Museo Conte', 'Palazzo della Ragione', 'Teatro Romano', 'Centro Fotografia']",Duomo,strategy_nearest,False,0.0029129981994628906,success
04A5723A9C4C80,0,['Arena'],Castelvecchio,"['Museo Lapidario', 'Verona Tour', 'Museo Radio', 'San Zeno', 'Sighseeing']",Teatro Romano,strategy_nearest,False,0.0028510093688964844,success
04A5794A9C4C80,0,['Torre Lamberti'],Duomo,"['AMO', 'Museo Miniscalchi', 'Santa Anastasia', 'Teatro Romano', 'Palazzo della Ragione']",Arena,strategy_nearest,False,0.0026760101318359375,success
04A5753A9C4C80,1,"['Arena', 'San Fermo', 'Palazzo della Ragione']",Torre Lamberti,"['Sighseeing', 'Centro Fotografia', 'Museo Conte', 'Casa Giulietta', 'AMO']",Santa Anastasia,strategy_nearest,False,0.003688812255859375,success
04A5814A9C4C80,0,['Arena'],Casa Giulietta,"['Centro Fotografia', 'Sighseeing', 'Torre Lamberti', 'Museo Conte', 'Museo Radio']",Tomba Giulietta,strategy_nearest,False,0.002176046371459961,success
04A57C4A9C4C80,1,"['Santa Anastasia', 'Palazzo della Ragione']",Torre Lamberti,"['Sighseeing', 'Centro Fotografia', 'Museo Conte', 'Casa Giulietta', 'AMO']",Arena,strategy_nearest,False,0.004258871078491211,success
04A582429C4C80,3,"['Arena', 'Casa Giulietta', 'Torre Lamberti']",Santa Anastasia,"['AMO', 'Museo Conte', 'Palazzo della Ragione', 'Teatro Romano', 'Centro Fotografia']",Duomo,strategy_nearest,False,0.003723621368408203,success
04A5844A9C4C80,3,"['Arena', 'Casa Giulietta']",Torre Lamberti,"['Sighseeing', 'Centro Fotografia', 'Museo Conte', 'Palazzo della Ragione', 'AMO']",Santa Anastasia,strategy_nearest,False,0.003412961959838867,success
04A5834A9C4C80,0,"['Arena', 'Casa Giulietta']",Torre Lamberti,"['Sighseeing', 'Centro Fotografia', 'Museo Conte', 'Palazzo della Ragione', 'AMO']",Teatro Romano,strategy_nearest,False,0.0029439926147460938,success
04A592429C4C80,1,"['Arena', 'Casa Giulietta', 'Torre Lamberti']",Palazzo della Ragione,"['AMO', 'Museo Conte', 'Centro Fotografia', 'Sighseeing', 'Santa Anastasia']",Santa Anastasia,strategy_nearest,True,0.004400014877319336,success
04A58F4A9C4C80,1,"['Arena', 'Museo Lapidario', 'Castelvecchio']",Torre Lamberti,"['Sighseeing', 'Centro Fotografia', 'Museo Conte', 'Casa Giulietta', 'Palazzo della Ragione']",Palazzo della Ragione,strategy_nearest,True,0.002777099609375,success
04A5874A9C4C80,0,['Arena'],Torre Lamberti,"['Sighseeing', 'Centro Fotografia', 'Museo Conte', 'Casa Giulietta', 'Palazzo della Ragione']",Casa Giulietta,strategy_nearest,True,0.0046961307525634766,success
04A593429C4C80,3,"['Castelvecchio', 'Casa Giulietta']",Arena,"['Verona Tour', 'Museo Lapidario', 'Museo Radio', 'San Fermo', 'Sighseeing']",Museo Lapidario,strategy_nearest,True,0.004473209381103516,success
04A596429C4C80,3,"['Tomba Giulietta', 'Casa Giulietta']",Santa Anastasia,"['AMO', 'Museo Conte', 'Palazzo della Ragione', 'Teatro Romano', 'Centro Fotografia']",Duomo,strategy_nearest,False,0.002368927001953125,success
04A59D429C4C80,1,"['Castelvecchio', 'Arena']",Palazzo della Ragione,"['AMO', 'Museo Conte', 'Torre Lamberti', 'Centro Fotografia', 'Sighseeing']",Torre Lamberti,strategy_nearest,True,0.0021538734436035156,success
04A5984A9C4C80,1,"['Arena', 'Torre Lamberti']",Palazzo della Ragione,"['AMO', 'Museo Conte', 'Centro Fotografia', 'Sighseeing', 'Santa Anastasia']",Casa Giulietta,strategy_nearest,False,0.002984762191772461,success
04A598429C4C80,2,['Castelvecchio'],Teatro Romano,"['Santa Anastasia', 'Duomo', 'AMO', 'Palazzo della Ragione', 'Museo Conte']",Giardino Giusti,strategy_nearest,False,0.004642963409423828,success
04A5A6429C4C80,1,"['Tomba Giulietta', 'Casa Giulietta']",Torre Lamberti,"['Sighseeing', 'Centro Fotografia', 'Museo Conte', 'Palazzo della Ragione', 'AMO']",Palazzo della Ragione,strategy_nearest,True,0.0031778812408447266,success
04A5A0429C4C80,0,['Arena'],Casa Giulietta,"['Centro Fotografia', 'Sighseeing', 'Torre Lamberti', 'Museo Conte', 'Museo Radio']",Castelvecchio,strategy_nearest,False,0.002068042755126953,success
04A5A64A9C4C80,0,['Arena'],Torre Lamberti,"['Sighseeing', 'Centro Fotografia', 'Museo Conte', 'Casa Giulietta', 'Palazzo della Ragione']",Casa Giulietta,strategy_nearest,True,0.00408482551574707,success
04A5BF3A9C4C80,1,"['Arena', 'Castelvecchio', 'Casa Giulietta']",Torre Lamberti,"['Sighseeing', 'Centro Fotografia', 'Museo Conte', 'Palazzo della Ragione', 'AMO']",Palazzo della Ragione,strategy_nearest,True,0.0025260448455810547,success
04A5AB429C4C80,2,['Teatro Romano'],Duomo,"['AMO', 'Museo Miniscalchi', 'Santa Anastasia', 'Palazzo della Ragione', 'Museo Conte']",Castelvecchio,strategy_nearest,False,0.0022721290588378906,success
04A5C33A9C4C80,2,['Casa Giulietta'],Duomo,"['AMO', 'Museo Miniscalchi', 'Santa Anastasia', 'Teatro Romano', 'Palazzo della Ragione']",Santa Anastasia,strategy_nearest,True,0.004664182662963867,success
04A5B83A9C4C80,0,['Arena'],Castelvecchio,"['Museo Lapidario', 'Verona Tour', 'Museo Radio', 'San Zeno', 'Sighseeing']",Torre Lamberti,strategy_nearest,False,0.003668069839477539,success
04A5D43A9C4C80,3,"['San Fermo', 'Arena', 'Casa Giulietta']",Torre Lamberti,"['Sighseeing', 'Centro Fotografia', 'Museo Conte', 'Palazzo della Ragione', 'AMO']",Santa Anastasia,strategy_nearest,False,0.002655029296875,success
04A5C4429C4C80,3,"['Arena', 'Casa Giulietta']",Santa Anastasia,"['AMO', 'Museo Conte', 'Palazzo della Ragione', 'Teatro Romano', 'Centro Fotografia']",Duomo,strategy_nearest,False,0.005611896514892578,success
04A5DE429C4C80,0,"['Arena', 'Torre Lamberti']",Casa Giulietta,"['Centro Fotografia', 'Sighseeing', 'Museo Conte', 'Museo Radio', 'Palazzo della Ragione']",Castelvecchio,strategy_nearest,False,0.005040168762207031,success
04A5F7429C4C80,3,"['Duomo', 'Arena', 'Castelvecchio']",Torre Lamberti,"['Sighseeing', 'Centro Fotografia', 'Museo Conte', 'Casa Giulietta', 'Palazzo della Ragione']",Teatro Romano,strategy_nearest,False,0.0055768489837646484,success
04A5EB3A9C4C80,0,['Arena'],Casa Giulietta,"['Centro Fotografia', 'Sighseeing', 'Torre Lamberti', 'Museo Conte', 'Museo Radio']",Tomba Giulietta,strategy_nearest,False,0.005013942718505859,success
04A5F8429C4C80,2,['Castelvecchio'],Casa Giulietta,"['Centro Fotografia', 'Sighseeing', 'Torre Lamberti', 'Museo Conte', 'Museo Radio']",Tomba Giulietta,strategy_nearest,False,0.0026831626892089844,success
04A5FE429C4C80,2,"['Torre Lamberti', 'Duomo']",Palazzo della Ragione,"['AMO', 'Museo Conte', 'Centro Fotografia', 'Sighseeing', 'Santa Anastasia']",San Fermo,strategy_nearest,False,0.004976034164428711,success
04A60B429C4C80,2,"['Torre Lamberti', 'Casa Giulietta']",Museo Storia,"['San Fermo', 'Museo Radio', 'Centro Fotografia', 'Tomba Giulietta', 'Arena']",San Fermo,strategy_nearest,True,0.0033588409423828125,success
04A5FF429C4C80,2,['Castelvecchio'],Teatro Romano,"['Santa Anastasia', 'Duomo', 'AMO', 'Palazzo della Ragione', 'Museo Conte']",Duomo,strategy_nearest,True,0.004904031753540039,success
04A60D429C4C84,2,['Castelvecchio'],Torre Lamberti,"['Sighseeing', 'Centro Fotografia', 'Museo Conte', 'Casa Giulietta', 'Palazzo della Ragione']",Palazzo della Ragione,strategy_nearest,True,0.002935647964477539,success
04A60E4A9C4C80,1,"['Arena', 'Duomo', 'Santa Anastasia', 'Teatro Romano']",Casa Giulietta,"['Centro Fotografia', 'Sighseeing', 'Torre Lamberti', 'Museo Conte', 'Museo Radio']",Castelvecchio,strategy_nearest,False,0.003814220428466797,success
04A616429C4C80,2,"['Duomo', 'Santa Anastasia']",Torre Lamberti,"['Sighseeing', 'Centro Fotografia', 'Museo Conte', 'Casa Giulietta', 'Palazzo della Ragione']",Casa Giulietta,strategy_nearest,True,0.004066944122314453,success
04A6123A9C4C80,3,"['Arena', 'Duomo']",Santa Anastasia,"['AMO', 'Museo Conte', 'Palazzo della Ragione', 'Teatro Romano', 'Centro Fotografia']",Casa Giulietta,strategy_nearest,False,0.003606081008911133,success
04A60F4A9C4C80,2,['Palazzo della Ragione'],Torre Lamberti,"['Sighseeing', 'Centro Fotografia', 'Museo Conte', 'Casa Giulietta', 'AMO']",Duomo,strategy_nearest,False,0.0027730464935302734,success
04A6183A9C4C80,3,"['Arena', 'Casa Giulietta']",Torre Lamberti,"['Sighseeing', 'Centro Fotografia', 'Museo Conte', 'Palazzo della Ragione', 'AMO']",Santa Anastasia,strategy_nearest,False,0.0024840831756591797,success
04A6193A9C4C84,2,"['Casa Giulietta', 'Duomo']",Torre Lamberti,"['Sighseeing', 'Centro Fotografia', 'Museo Conte', 'Palazzo della Ragione', 'AMO']",Tomba Giulietta,strategy_nearest,False,0.0022430419921875,success
04A622429C4C84,2,['Santa Anastasia'],Duomo,"['AMO', 'Museo Miniscalchi', 'Teatro Romano', 'Palazzo della Ragione', 'Museo Conte']",Casa Giulietta,strategy_nearest,False,0.0039691925048828125,success
04A624429C4C80,2,['San Zeno'],Castelvecchio,"['Museo Lapidario', 'Verona Tour', 'Arena', 'Museo Radio', 'Sighseeing']",Torre Lamberti,strategy_nearest,False,0.0020999908447265625,success
04A6263A9C4C80,3,"['Arena', 'Casa Giulietta', 'Teatro Romano', 'Santa Anastasia']",Torre Lamberti,"['Sighseeing', 'Centro Fotografia', 'Museo Conte', 'Palazzo della Ragione', 'AMO']",San Fermo,strategy_nearest,False,0.0031859874725341797,success
04A629429C4C84,2,['Torre Lamberti'],Castelvecchio,"['Museo Lapidario', 'Verona Tour', 'Arena', 'Museo Radio', 'San Zeno']",Teatro Romano,strategy_nearest,False,0.0029418468475341797,success
04A62E3A9C4C80,3,"['Teatro Romano', 'Santa Anastasia']",Arena,"['Verona Tour', 'Museo Lapidario', 'Museo Radio', 'San Fermo', 'Casa Giulietta']",San Fermo,strategy_nearest,True,0.003287076950073242,success
04A631429C4C80,2,['San Fermo'],Casa Giulietta,"['Centro Fotografia', 'Sighseeing', 'Torre Lamberti', 'Museo Conte', 'Museo Radio']",Santa Anastasia,strategy_nearest,False,0.0034580230712890625,success
04A63D429C4C80,0,['Arena'],Casa Giulietta,"['Centro Fotografia', 'Sighseeing', 'Torre Lamberti', 'Museo Conte', 'Museo Radio']",Santa Anastasia,strategy_nearest,False,0.002624988555908203,success
04A6384A9C4C80,3,"['San Zeno', 'Castelvecchio', 'Arena']",Casa Giulietta,"['Centro Fotografia', 'Sighseeing', 'Torre Lamberti', 'Museo Conte', 'Museo Radio']",Torre Lamberti,strategy_nearest,True,0.003659963607788086,success
04A6314A9C4C80,0,['Arena'],Casa Giulietta,"['Centro Fotografia', 'Sighseeing', 'Torre Lamberti', 'Museo Conte', 'Museo Radio']",Museo Lapidario,strategy_nearest,False,0.0032339096069335938,success
04A650429C4C80,3,"['Arena', 'San Fermo', 'Casa Giulietta']",Santa Anastasia,"['AMO', 'Museo Conte', 'Palazzo della Ragione', 'Teatro Romano', 'Centro Fotografia']",Teatro Romano,strategy_nearest,True,0.0016319751739501953,success
04A65C429C4C80,0,"['Arena', 'Casa Giulietta']",Santa Anastasia,"['AMO', 'Museo Conte', 'Palazzo della Ragione', 'Teatro Romano', 'Centro Fotografia']",Castelvecchio,strategy_nearest,False,0.0032088756561279297,success
04A669429C4C80,3,['Arena'],Casa Giulietta,"['Centro Fotografia', 'Sighseeing', 'Torre Lamberti', 'Museo Conte', 'Museo Radio']",Torre Lamberti,strategy_nearest,True,0.003615140914916992,success
04A667429C4C80,0,"['Arena', 'Castelvecchio']",Teatro Romano,"['Santa Anastasia', 'Duomo', 'AMO', 'Palazzo della Ragione', 'Museo Conte']",Torre Lamberti,strategy_nearest,False,0.002516031265258789,success
04A66D429C4C80,0,['Arena'],Casa Giulietta,"['Centro Fotografia', 'Sighseeing', 'Torre Lamberti', 'Museo Conte', 'Museo Radio']",Santa Anastasia,strategy_nearest,False,0.003094911575317383,success
04A66E3A9C4C80,3,"['Santa Anastasia', 'Duomo']",Arena,"['Verona Tour', 'Museo Lapidario', 'Museo Radio', 'San Fermo', 'Casa Giulietta']",Castelvecchio,strategy_nearest,False,0.001338958740234375,success
04A67B429C4C80,3,['Arena'],Santa Anastasia,"['AMO', 'Museo Conte', 'Palazzo della Ragione', 'Teatro Romano', 'Centro Fotografia']",Duomo,strategy_nearest,False,0.0027658939361572266,success
04A672429C4C80,2,"['Castelvecchio', 'Casa Giulietta']",Torre Lamberti,"['Sighseeing', 'Centro Fotografia', 'Museo Conte', 'Palazzo della Ragione', 'AMO']",Palazzo della Ragione,strategy_nearest,True,0.0035479068756103516,success
04A692429C4C80,0,['Tomba Giulietta'],Casa Giulietta,"['Centro Fotografia', 'Sighseeing', 'Torre Lamberti', 'Museo Conte', 'Museo Radio']",Arena,strategy_nearest,False,0.0012879371643066406,success
04A68C4A9C4C80,3,"['Arena', 'Tomba Giulietta', 'San Fermo']",Casa Giulietta,"['Centro Fotografia', 'Sighseeing', 'Torre Lamberti', 'Museo Conte', 'Museo Radio']",Santa Anastasia,strategy_nearest,False,0.003368854522705078,success
04A683429C4C80,3,"['Arena', 'Castelvecchio']",Casa Giulietta,"['Centro Fotografia', 'Sighseeing', 'Torre Lamberti', 'Museo Conte', 'Museo Radio']",Santa Anastasia,strategy_nearest,False,0.004724979400634766,success
04A693429C4C80,0,['Arena'],Casa Giulietta,"['Centro Fotografia', 'Sighseeing', 'Torre Lamberti', 'Museo Conte', 'Museo Radio']",Castelvecchio,strategy_nearest,False,0.0037140846252441406,success
04A6934A9C4C80,1,"['Arena', 'Casa Giulietta']",Torre Lamberti,"['Sighseeing', 'Centro Fotografia', 'Museo Conte', 'Palazzo della Ragione', 'AMO']",Palazzo della Ragione,strategy_nearest,True,0.0040590763092041016,success
04A695429C4C80,0,['Castelvecchio'],Arena,"['Verona Tour', 'Museo Lapidario', 'Museo Radio', 'San Fermo', 'Casa Giulietta']",San Fermo,strategy_nearest,True,0.0027937889099121094,success
04A696429C4C80,2,['Castelvecchio'],Casa Giulietta,"['Centro Fotografia', 'Sighseeing', 'Torre Lamberti', 'Museo Conte', 'Museo Radio']",Santa Anastasia,strategy_nearest,False,0.0036001205444335938,success
04A697429C4C80,1,"['Arena', 'Casa Giulietta', 'Castelvecchio', 'Teatro Romano']",Duomo,"['AMO', 'Museo Miniscalchi', 'Santa Anastasia', 'Palazzo della Ragione', 'Museo Conte']",Santa Anastasia,strategy_nearest,True,0.0038857460021972656,success
04A698429C4C80,3,"['Santa Anastasia', 'Duomo', 'Arena']",Tomba Giulietta,"['San Fermo', 'Museo Storia', 'Museo Lapidario', 'Museo Radio', 'Verona Tour']",San Fermo,strategy_nearest,True,0.0030968189239501953,success
04A699429C4C80,2,['Teatro Romano'],Duomo,"['AMO', 'Museo Miniscalchi', 'Santa Anastasia', 'Palazzo della Ragione', 'Museo Conte']",Palazzo della Ragione,strategy_nearest,True,0.003979921340942383,success
04A6A4429C4C80,3,['Arena'],Casa Giulietta,"['Centro Fotografia', 'Sighseeing', 'Torre Lamberti', 'Museo Conte', 'Museo Radio']",Santa Anastasia,strategy_nearest,False,0.0028259754180908203,success
04A69A429C4C80,2,['Castelvecchio'],Casa Giulietta,"['Centro Fotografia', 'Sighseeing', 'Torre Lamberti', 'Museo Conte', 'Museo Radio']",Torre Lamberti,strategy_nearest,True,0.0028159618377685547,success
04A6A14A9C4C80,3,['Arena'],Santa Anastasia,"['AMO', 'Museo Conte', 'Palazzo della Ragione', 'Teatro Romano', 'Centro Fotografia']",Torre Lamberti,strategy_nearest,False,0.00196075439453125,success
04A6A54A9C4C80,1,"['Palazzo della Ragione', 'Torre Lamberti', 'Arena']",Duomo,"['AMO', 'Museo Miniscalchi', 'Santa Anastasia', 'Teatro Romano', 'Museo Conte']",Santa Anastasia,strategy_nearest,True,0.0034368038177490234,success
04A6AD3A9C4C80,0,['Arena'],Torre Lamberti,"['Sighseeing', 'Centro Fotografia', 'Museo Conte', 'Casa Giulietta', 'Palazzo della Ragione']",Casa Giulietta,strategy_nearest,True,0.002671957015991211,success
04A6A84A9C4C80,1,['Arena'],Torre Lamberti,"['Sighseeing', 'Centro Fotografia', 'Museo Conte', 'Casa Giulietta', 'Palazzo della Ragione']",Palazzo della Ragione,strategy_nearest,True,0.002084016799926758,success
04A6AD429C4C80,1,"['Arena', 'Casa Giulietta']",Tomba Giulietta,"['San Fermo', 'Museo Storia', 'Museo Lapidario', 'Museo Radio', 'Verona Tour']",Casa Giulietta,strategy_nearest,False,0.0035657882690429688,success
04A6B53A9C4C80,0,['Casa Giulietta'],Arena,"['Verona Tour', 'Museo Lapidario', 'Museo Radio', 'San Fermo', 'Sighseeing']",Torre Lamberti,strategy_nearest,False,0.002917051315307617,success
04A6B6429C4C80,3,"['Santa Anastasia', 'Arena']",Casa Giulietta,"['Centro Fotografia', 'Sighseeing', 'Torre Lamberti', 'Museo Conte', 'Museo Radio']",Torre Lamberti,strategy_nearest,True,0.002470254898071289,success
04A6B63A9C4C80,0,['Arena'],Castelvecchio,"['Museo Lapidario', 'Verona Tour', 'Museo Radio', 'San Zeno', 'Sighseeing']",Santa Anastasia,strategy_nearest,False,0.0015599727630615234,success
04A6C6429C4C80,0,['Castelvecchio'],Casa Giulietta,"['Centro Fotografia', 'Sighseeing', 'Torre Lamberti', 'Museo Conte', 'Museo Radio']",Arena,strategy_nearest,False,0.0027997493743896484,success
04A6C43A9C4C80,3,"['Duomo', 'Arena']",Casa Giulietta,"['Centro Fotografia', 'Sighseeing', 'Torre Lamberti', 'Museo Conte', 'Museo Radio']",Torre Lamberti,strategy_nearest,True,0.003638029098510742,success
04A6C73A9C4C80,3,"['Arena', 'Casa Giulietta']",Santa Anastasia,"['AMO', 'Museo Conte', 'Palazzo della Ragione', 'Teatro Romano', 'Centro Fotografia']",Santa Anastasia,strategy_nearest,False,0.002382993698120117,success
04A6CE3A9C4C80,0,['Arena'],Casa Giulietta,"['Centro Fotografia', 'Sighseeing', 'Torre Lamberti', 'Museo Conte', 'Museo Radio']",Tomba Giulietta,strategy_nearest,False,0.0015342235565185547,success
04A6CA3A9C4C80,0,"['Casa Giulietta', 'Arena']",Arena,"['Verona Tour', 'Museo Lapidario', 'Museo Radio', 'San Fermo', 'Sighseeing']",Castelvecchio,strategy_nearest,False,0.00323486328125,success
04A6CF3A9C4C80,1,['Arena'],Casa Giulietta,"['Centro Fotografia', 'Sighseeing', 'Torre Lamberti', 'Museo Conte', 'Museo Radio']",Torre Lamberti,strategy_nearest,True,0.0041332244873046875,success
04A6E53A9C4C80,0,['Castelvecchio'],Casa Giulietta,"['Centro Fotografia', 'Sighseeing', 'Torre Lamberti', 'Museo Conte', 'Museo Radio']",Arena,strategy_nearest,False,0.0033299922943115234,success
04A6E73A9C4C80,3,"['Arena', 'Duomo']",Teatro Romano,"['Santa Anastasia', 'AMO', 'Palazzo della Ragione', 'Museo Conte', 'Centro Fotografia']",Castelvecchio,strategy_nearest,False,0.002458810806274414,success
04A6E83A9C4C80,3,['Arena'],Casa Giulietta,"['Centro Fotografia', 'Sighseeing', 'Torre Lamberti', 'Museo Conte', 'Museo Radio']",San Fermo,strategy_nearest,False,0.003638029098510742,success
04A6DC429C4C80,2,"['Tomba Giulietta', 'Casa Giulietta', 'Palazzo della Ragione']",Torre Lamberti,"['Sighseeing', 'Centro Fotografia', 'Museo Conte', 'AMO', 'Museo Miniscalchi']",Santa Anastasia,strategy_nearest,False,0.0019960403442382812,success
04A6FD429C4C80,2,"['Castelvecchio', 'Duomo']",Teatro Romano,"['Santa Anastasia', 'AMO', 'Palazzo della Ragione', 'Museo Conte', 'Centro Fotografia']",Torre Lamberti,strategy_nearest,False,0.002939939498901367,success
04A6F93A9C4C80,3,"['Casa Giulietta', 'Santa Anastasia', 'Teatro Romano']",Duomo,"['AMO', 'Museo Miniscalchi', 'Palazzo della Ragione', 'Museo Conte', 'Torre Lamberti']",Arena,strategy_nearest,False,0.0036280155181884766,success
04A6EB429C4C80,3,['Arena'],Torre Lamberti,"['Sighseeing', 'Centro Fotografia', 'Museo Conte', 'Casa Giulietta', 'Palazzo della Ragione']",Santa Anastasia,strategy_nearest,False,0.0015158653259277344,success
04A6F0429C4C80,1,"['Santa Anastasia', 'Teatro Romano']",Arena,"['Verona Tour', 'Museo Lapidario', 'Museo Radio', 'San Fermo', 'Casa Giulietta']",Museo Lapidario,strategy_nearest,True,0.0023949146270751953,success
04A70D429C4C80,0,['Arena'],Castelvecchio,"['Museo Lapidario', 'Verona Tour', 'Museo Radio', 'San Zeno', 'Sighseeing']",Santa Anastasia,strategy_nearest,False,0.0029833316802978516,success
04A7094A9C4C80,1,"['Arena', 'Casa Giulietta']",Torre Lamberti,"['Sighseeing', 'Centro Fotografia', 'Museo Conte', 'Palazzo della Ragione', 'AMO']",Palazzo della Ragione,strategy_nearest,True,0.0016570091247558594,success
04A709429C4C84,3,"['Arena', 'Torre Lamberti', 'Santa Anastasia']",Teatro Romano,"['Duomo', 'AMO', 'Palazzo della Ragione', 'Museo Conte', 'Centro Fotografia']",Castelvecchio,strategy_nearest,False,0.0024368762969970703,success
04A70E3A9C4C80,3,['Arena'],Castelvecchio,"['Museo Lapidario', 'Verona Tour', 'Museo Radio', 'San Zeno', 'Sighseeing']",Torre Lamberti,strategy_nearest,False,0.0035219192504882812,success
04A70E4A9C4C80,2,"['Palazzo della Ragione', 'Torre Lamberti', 'Santa Anastasia']",Teatro Romano,"['Duomo', 'AMO', 'Museo Conte', 'Centro Fotografia', 'Museo Miniscalchi']",Duomo,strategy_nearest,True,0.0022478103637695312,success
04A70E429C4C84,2,['Castelvecchio'],Torre Lamberti,"['Sighseeing', 'Centro Fotografia', 'Museo Conte', 'Casa Giulietta', 'Palazzo della Ragione']",Palazzo della Ragione,strategy_nearest,True,0.0030362606048583984,success
04A70E3A9C4C84,3,['Arena'],Santa Anastasia,"['AMO', 'Museo Conte', 'Palazzo della Ragione', 'Teatro Romano', 'Centro Fotografia']",Duomo,strategy_nearest,False,0.0038008689880371094,success
04A7134A9C4C80,3,"['Arena', 'Castelvecchio', 'San Zeno', 'San Fermo']",Casa Giulietta,"['Centro Fotografia', 'Sighseeing', 'Torre Lamberti', 'Museo Conte', 'Museo Radio']",Casa Giulietta,strategy_nearest,False,0.0036339759826660156,success
04A714429C4C84,0,['Arena'],Casa Giulietta,"['Centro Fotografia', 'Sighseeing', 'Torre Lamberti', 'Museo Conte', 'Museo Radio']",Torre Lamberti,strategy_nearest,True,0.0021958351135253906,success
04A7173A9C4C84,1,"['San Zeno', 'Arena', 'Casa Giulietta']",Palazzo della Ragione,"['AMO', 'Museo Conte', 'Torre Lamberti', 'Centro Fotografia', 'Sighseeing']",Torre Lamberti,strategy_nearest,True,0.0021021366119384766,success
04A719429C4C84,1,"['Castelvecchio', 'Arena']",Torre Lamberti,"['Sighseeing', 'Centro Fotografia', 'Museo Conte', 'Casa Giulietta', 'Palazzo della Ragione']",Palazzo della Ragione,strategy_nearest,True,0.0029840469360351562,success
04A720429C4C84,3,['Arena'],Casa Giulietta,"['Centro Fotografia', 'Sighseeing', 'Torre Lamberti', 'Museo Conte', 'Museo Radio']",Santa Anastasia,strategy_nearest,False,0.0035402774810791016,success
04A723429C4C84,3,"['San Zeno', 'Castelvecchio', 'Arena']",Casa Giulietta,"['Centro Fotografia', 'Sighseeing', 'Torre Lamberti', 'Museo Conte', 'Museo Radio']",Torre Lamberti,strategy_nearest,True,0.0026857852935791016,success
04A726429C4C80,2,"['Castelvecchio', 'Duomo', 'Santa Anastasia', 'Palazzo della Ragione']",Torre Lamberti,"['Sighseeing', 'Centro Fotografia', 'Museo Conte', 'Casa Giulietta', 'AMO']",Casa Giulietta,strategy_nearest,True,0.002418994903564453,success
04A724429C4C84,3,['Arena'],Casa Giulietta,"['Centro Fotografia', 'Sighseeing', 'Torre Lamberti', 'Museo Conte', 'Museo Radio']",Torre Lamberti,strategy_nearest,True,0.0036211013793945312,success
04A729429C4C84,1,"['Arena', 'Casa Giulietta']",Palazzo della Ragione,"['AMO', 'Museo Conte', 'Torre Lamberti', 'Centro Fotografia', 'Sighseeing']",Torre Lamberti,strategy_nearest,True,0.0025107860565185547,success
04A728429C4C84,0,"['Arena', 'Castelvecchio']",Teatro Romano,"['Santa Anastasia', 'Duomo', 'AMO', 'Palazzo della Ragione', 'Museo Conte']",Giardino Giusti,strategy_nearest,False,0.0036191940307617188,success
04A72C429C4C80,1,['Arena'],Torre Lamberti,"['Sighseeing', 'Centro Fotografia', 'Museo Conte', 'Casa Giulietta', 'Palazzo della Ragione']",Palazzo della Ragione,strategy_nearest,True,0.0026891231536865234,success
04A7313A9C4C80,2,"['San Zeno', 'Castelvecchio']",San Fermo,"['Museo Storia', 'Museo Radio', 'Casa Giulietta', 'Centro Fotografia', 'Arena']",Tomba Giulietta,strategy_nearest,False,0.0027468204498291016,success
04A72F4A9C4C80,1,"['Castelvecchio', 'San Fermo', 'Teatro Romano']",Casa Giulietta,"['Centro Fotografia', 'Sighseeing', 'Torre Lamberti', 'Museo Conte', 'Museo Radio']",San Zeno,strategy_nearest,False,0.0018582344055175781,success
04A7383A9C4C80,0,['Casa Giulietta'],Arena,"['Verona Tour', 'Museo Lapidario', 'Museo Radio', 'San Fermo', 'Sighseeing']",Castelvecchio,strategy_nearest,False,0.0025708675384521484,success
04A73C429C4C80,3,"['Arena', 'Torre Lamberti']",Duomo,"['AMO', 'Museo Miniscalchi', 'Santa Anastasia', 'Teatro Romano', 'Palazzo della Ragione']",Teatro Romano,strategy_nearest,True,0.0025789737701416016,success
04A74E429C4C80,2,['Duomo'],Santa Anastasia,"['AMO', 'Museo Conte', 'Palazzo della Ragione', 'Teatro Romano', 'Centro Fotografia']",Torre Lamberti,strategy_nearest,False,0.002521038055419922,success
04A76A429C4C80,2,['Torre Lamberti'],Palazzo della Ragione,"['AMO', 'Museo Conte', 'Centro Fotografia', 'Sighseeing', 'Santa Anastasia']",Santa Anastasia,strategy_nearest,True,0.0028460025787353516,success
04A75A429C4C80,1,['Arena'],San Fermo,"['Museo Storia', 'Museo Radio', 'Casa Giulietta', 'Centro Fotografia', 'Sighseeing']",Torre Lamberti,strategy_nearest,False,0.0030472278594970703,success
04A767429C4C80,3,"['Arena', 'Castelvecchio']",Santa Anastasia,"['AMO', 'Museo Conte', 'Palazzo della Ragione', 'Teatro Romano', 'Centro Fotografia']",Torre Lamberti,strategy_nearest,False,0.002209901809692383,success
04A76E429C4C80,0,['Tomba Giulietta'],Arena,"['Verona Tour', 'Museo Lapidario', 'Museo Radio', 'San Fermo', 'Casa Giulietta']",Castelvecchio,strategy_nearest,False,0.003074169158935547,success
04A7804A9C4C80,0,['Arena'],Torre Lamberti,"['Sighseeing', 'Centro Fotografia', 'Museo Conte', 'Casa Giulietta', 'Palazzo della Ragione']",Casa Giulietta,strategy_nearest,True,0.0028810501098632812,success
04A771429C4C80,3,['Arena'],Torre Lamberti,"['Sighseeing', 'Centro Fotografia', 'Museo Conte', 'Casa Giulietta', 'Palazzo della Ragione']",Teatro Romano,strategy_nearest,False,0.0015671253204345703,success
04A784429C4C80,3,"['Arena', 'Museo Lapidario']",Santa Anastasia,"['AMO', 'Museo Conte', 'Palazzo della Ragione', 'Teatro Romano', 'Centro Fotografia']",Duomo,strategy_nearest,False,0.0032351016998291016,success
04A783429C4C80,1,"['Castelvecchio', 'Arena']",San Fermo,"['Museo Storia', 'Museo Radio', 'Casa Giulietta', 'Centro Fotografia', 'Sighseeing']",Casa Giulietta,strategy_nearest,True,0.002232074737548828,success
04A7853A9C4C80,0,['Arena'],Torre Lamberti,"['Sighseeing', 'Centro Fotografia', 'Museo Conte', 'Casa Giulietta', 'Palazzo della Ragione']",Casa Giulietta,strategy_nearest,True,0.0014758110046386719,success
04A7884A9C4C80,0,['Arena'],Castelvecchio,"['Museo Lapidario', 'Verona Tour', 'Museo Radio', 'San Zeno', 'Sighseeing']",Casa Giulietta,strategy_nearest,False,0.002048969268798828,success
04A7844A9C4C80,0,['Arena'],Teatro Romano,"['Santa Anastasia', 'Duomo', 'AMO', 'Palazzo della Ragione', 'Museo Conte']",Casa Giulietta,strategy_nearest,False,0.0029718875885009766,success
04A78A4A9C4C80,0,['Arena'],Torre Lamberti,"['Sighseeing', 'Centro Fotografia', 'Museo Conte', 'Casa Giulietta', 'Palazzo della Ragione']",Duomo,strategy_nearest,False,0.003476858139038086,success
04A793429C4C80,3,"['Arena', 'San Fermo', 'Casa Giulietta', 'Torre Lamberti']",Santa Anastasia,"['AMO', 'Museo Conte', 'Palazzo della Ragione', 'Teatro Romano', 'Centro Fotografia']",Duomo,strategy_nearest,False,0.003097057342529297,success
04A794429C4C80,0,['Arena'],Casa Giulietta,"['Centro Fotografia', 'Sighseeing', 'Torre Lamberti', 'Museo Conte', 'Museo Radio']",Santa Anastasia,strategy_nearest,False,0.0032868385314941406,success
04A78C4A9C4C80,3,"['Arena', 'Casa Giulietta']",Santa Anastasia,"['AMO', 'Museo Conte', 'Palazzo della Ragione', 'Teatro Romano', 'Centro Fotografia']",Teatro Romano,strategy_nearest,True,0.001750946044921875,success
04A78E4A9C4C80,0,['Arena'],San Fermo,"['Museo Storia', 'Museo Radio', 'Casa Giulietta', 'Centro Fotografia', 'Sighseeing']",Casa Giulietta,strategy_nearest,True,0.002512216567993164,success
04A79A429C4C80,0,['Arena'],Casa Giulietta,"['Centro Fotografia', 'Sighseeing', 'Torre Lamberti', 'Museo Conte', 'Museo Radio']",Torre Lamberti,strategy_nearest,True,0.0031180381774902344,success
04A7A0429C4C80,3,"['Arena', 'Casa Giulietta']",Santa Anastasia,"['AMO', 'Museo Conte', 'Palazzo della Ragione', 'Teatro Romano', 'Centro Fotografia']",Duomo,strategy_nearest,False,0.0022079944610595703,success
04A79D429C4C80,0,"['Tomba Giulietta', 'Arena']",Casa Giulietta,"['Centro Fotografia', 'Sighseeing', 'Torre Lamberti', 'Museo Conte', 'Museo Radio']",Torre Lamberti,strategy_nearest,True,0.0016219615936279297,success
04A796429C4C80,1,"['Arena', 'Casa Giulietta']",Torre Lamberti,"['Sighseeing', 'Centro Fotografia', 'Museo Conte', 'Palazzo della Ragione', 'AMO']",Palazzo della Ragione,strategy_nearest,True,0.0037789344787597656,success
04A7A54A9C4C80,2,['Casa Giulietta'],Santa Anastasia,"['AMO', 'Museo Conte', 'Palazzo della Ragione', 'Teatro Romano', 'Centro Fotografia']",Duomo,strategy_nearest,False,0.0026428699493408203,success
04A7A5429C4C80,3,"['Duomo', 'Teatro Romano']",Torre Lamberti,"['Sighseeing', 'Centro Fotografia', 'Museo Conte', 'Casa Giulietta', 'Palazzo della Ragione']",Castelvecchio,strategy_nearest,False,0.001461029052734375,success
04A7A04A9C4C80,0,"['Arena', 'Castelvecchio']",Casa Giulietta,"['Centro Fotografia', 'Sighseeing', 'Torre Lamberti', 'Museo Conte', 'Museo Radio']",Torre Lamberti,strategy_nearest,True,0.002105236053466797,success
04A7AA429C4C80,2,['Castelvecchio'],Santa Anastasia,"['AMO', 'Museo Conte', 'Palazzo della Ragione', 'Teatro Romano', 'Centro Fotografia']",Palazzo della Ragione,strategy_nearest,True,0.0035648345947265625,success
04A7C53A9C4C80,1,"['San Zeno', 'Castelvecchio', 'Arena']",Duomo,"['AMO', 'Museo Miniscalchi', 'Santa Anastasia', 'Teatro Romano', 'Palazzo della Ragione']",Casa Giulietta,strategy_nearest,False,0.0026748180389404297,success
04A7CE3A9C4C80,2,['Teatro Romano'],Casa Giulietta,"['Centro Fotografia', 'Sighseeing', 'Torre Lamberti', 'Museo Conte', 'Museo Radio']",Torre Lamberti,strategy_nearest,True,0.002995014190673828,success
04A7AC3A9C4C80,0,['Casa Giulietta'],Torre Lamberti,"['Sighseeing', 'Centro Fotografia', 'Museo Conte', 'Palazzo della Ragione', 'AMO']",Arena,strategy_nearest,False,0.0021729469299316406,success
04A7C6429C4C80,0,['Arena'],Museo Lapidario,"['Verona Tour', 'Castelvecchio', 'Museo Radio', 'San Fermo', 'Casa Giulietta']",Casa Giulietta,strategy_nearest,True,0.002833127975463867,success
04A7D43A9C4C80,3,"['Casa Giulietta', 'Santa Anastasia', 'Castelvecchio']",San Zeno,"['Verona Tour', 'Museo Lapidario', 'Arena', 'Museo Miniscalchi', 'Sighseeing']",Arena,strategy_nearest,True,0.0024089813232421875,success
04A7D53A9C4C80,0,['Arena'],Casa Giulietta,"['Centro Fotografia', 'Sighseeing', 'Torre Lamberti', 'Museo Conte', 'Museo Radio']",Tomba Giulietta,strategy_nearest,False,0.0020401477813720703,success
04A7D63A9C4C80,1,"['Arena', 'Casa Giulietta', 'San Fermo']",Torre Lamberti,"['Sighseeing', 'Centro Fotografia', 'Museo Conte', 'Palazzo della Ragione', 'AMO']",Palazzo della Ragione,strategy_nearest,True,0.003337860107421875,success
04A7D73A9C4C80,0,['Duomo'],Arena,"['Verona Tour', 'Museo Lapidario', 'Museo Radio', 'San Fermo', 'Casa Giulietta']",Torre Lamberti,strategy_nearest,False,0.0017409324645996094,success
04A7DF3A9C4C80,2,"['Castelvecchio', 'Casa Giulietta']",Santa Anastasia,"['AMO', 'Museo Conte', 'Palazzo della Ragione', 'Teatro Romano', 'Centro Fotografia']",Torre Lamberti,strategy_nearest,False,0.001967191696166992,success
04A7E03A9C4C80,2,['Museo Lapidario'],Casa Giulietta,"['Centro Fotografia', 'Sighseeing', 'Torre Lamberti', 'Museo Conte', 'Museo Radio']",Torre Lamberti,strategy_nearest,True,0.002825021743774414,success
04A7F7429C4C80,3,"['Arena', 'Castelvecchio', 'San Zeno', 'Casa Giulietta']",Torre Lamberti,"['Sighseeing', 'Centro Fotografia', 'Museo Conte', 'Palazzo della Ragione', 'AMO']",Santa Anastasia,strategy_nearest,False,0.0031909942626953125,success
04A7E63A9C4C80,2,['San Zeno'],Giardino Giusti,"['Santa Anastasia', 'Teatro Romano', 'Museo Conte', 'Centro Fotografia', 'Museo Storia']",Santa Anastasia,strategy_nearest,True,0.0028390884399414062,success
04A80A3A9C4C84,0,['Casa Giulietta'],Casa Giulietta,"['Centro Fotografia', 'Sighseeing', 'Torre Lamberti', 'Museo Conte', 'Museo Radio']",Torre Lamberti,strategy_nearest,True,0.003286123275756836,success
04A806429C4C84,1,"['Museo Lapidario', 'Arena']",Casa Giulietta,"['Centro Fotografia', 'Sighseeing', 'Torre Lamberti', 'Museo Conte', 'Museo Radio']",Torre Lamberti,strategy_nearest,True,0.003444194793701172,success
04A8084A9C4C80,2,"['Torre Lamberti', 'Palazzo della Ragione']",Duomo,"['AMO', 'Museo Miniscalchi', 'Santa Anastasia', 'Teatro Romano', 'Museo Conte']",Casa Giulietta,strategy_nearest,False,0.0026967525482177734,success
04A7FB3A9C4C80,2,"['Casa Giulietta', 'Palazzo della Ragione', 'Torre Lamberti', 'Santa Anastasia']",Duomo,"['AMO', 'Museo Miniscalchi', 'Teatro Romano', 'Museo Conte', 'Centro Fotografia']",Teatro Romano,strategy_nearest,True,0.002821207046508789,success
04A80E4A9C4C80,2,['Teatro Romano'],Santa Anastasia,"['AMO', 'Museo Conte', 'Palazzo della Ragione', 'Centro Fotografia', 'Duomo']",San Zeno,strategy_nearest,False,0.003495931625366211,success
04A8134A9C4C80,1,"['Arena', 'Teatro Romano', 'Torre Lamberti']",Palazzo della Ragione,"['AMO', 'Museo Conte', 'Centro Fotografia', 'Sighseeing', 'Santa Anastasia']",Santa Anastasia,strategy_nearest,True,0.002788066864013672,success
04A8104A9C4C80,3,"['Arena', 'Teatro Romano']",Duomo,"['AMO', 'Museo Miniscalchi', 'Santa Anastasia', 'Palazzo della Ragione', 'Museo Conte']",Casa Giulietta,strategy_nearest,False,0.0022449493408203125,success
04A81B3A9C4C80,0,['Arena'],Santa Anastasia,"['AMO', 'Museo Conte', 'Palazzo della Ragione', 'Teatro Romano', 'Centro Fotografia']",Castelvecchio,strategy_nearest,False,0.001428842544555664,success
04A81F429C4C84,1,"['Museo Lapidario', 'Castelvecchio', 'San Zeno', 'Tomba Giulietta', 'San Fermo']",Casa Giulietta,"['Centro Fotografia', 'Sighseeing', 'Torre Lamberti', 'Museo Conte', 'Museo Radio']",Santa Anastasia,strategy_nearest,False,0.0012700557708740234,success
04A822429C4C84,0,['Arena'],Torre Lamberti,"['Sighseeing', 'Centro Fotografia', 'Museo Conte', 'Casa Giulietta', 'Palazzo della Ragione']",Casa Giulietta,strategy_nearest,True,0.0033981800079345703,success
04A8213A9C4C80,0,['Casa Giulietta'],Arena,"['Verona Tour', 'Museo Lapidario', 'Museo Radio', 'San Fermo', 'Sighseeing']",Castelvecchio,strategy_nearest,False,0.002112150192260742,success
04A825429C4C84,2,['Giardino Giusti'],Palazzo della Ragione,"['AMO', 'Museo Conte', 'Torre Lamberti', 'Centro Fotografia', 'Sighseeing']",Castelvecchio,strategy_nearest,False,0.0026841163635253906,success
04A8373A9C4C80,1,"['Arena', 'Castelvecchio', 'Santa Anastasia']",Teatro Romano,"['Duomo', 'AMO', 'Palazzo della Ragione', 'Museo Conte', 'Centro Fotografia']",Duomo,strategy_nearest,True,0.00160980224609375,success
04A83B3A9C4C80,3,"['Castelvecchio', 'Arena']",Santa Anastasia,"['AMO', 'Museo Conte', 'Palazzo della Ragione', 'Teatro Romano', 'Centro Fotografia']",Duomo,strategy_nearest,False,0.0027608871459960938,success
04A82C3A9C4C80,0,['Arena'],Torre Lamberti,"['Sighseeing', 'Centro Fotografia', 'Museo Conte', 'Casa Giulietta', 'Palazzo della Ragione']",Casa Giulietta,strategy_nearest,True,0.0023200511932373047,success
04A830429C4C80,1,['Arena'],Torre Lamberti,"['Sighseeing', 'Centro Fotografia', 'Museo Conte', 'Casa Giulietta', 'Palazzo della Ragione']",Palazzo della Ragione,strategy_nearest,True,0.0036759376525878906,success
04A843429C4C80,1,"['Castelvecchio', 'Arena', 'San Fermo']",Casa Giulietta,"['Centro Fotografia', 'Sighseeing', 'Torre Lamberti', 'Museo Conte', 'Museo Radio']",Teatro Romano,strategy_nearest,False,0.0020380020141601562,success
04A84C3A9C4C80,0,['Torre Lamberti'],Casa Giulietta,"['Centro Fotografia', 'Sighseeing', 'Museo Conte', 'Museo Radio', 'Palazzo della Ragione']",Castelvecchio,strategy_nearest,False,0.0034072399139404297,success
04A83C3A9C4C80,3,"['Arena', 'Castelvecchio', 'Torre Lamberti']",Casa Giulietta,"['Centro Fotografia', 'Sighseeing', 'Museo Conte', 'Museo Radio', 'Palazzo della Ragione']",San Fermo,strategy_nearest,False,0.0028569698333740234,success
04A852429C4C80,3,"['Castelvecchio', 'Arena']",Casa Giulietta,"['Centro Fotografia', 'Sighseeing', 'Torre Lamberti', 'Museo Conte', 'Museo Radio']",Torre Lamberti,strategy_nearest,True,0.003496885299682617,success
04A85E3A9C4C80,6,"['Castelvecchio', 'Torre Lamberti', 'Palazzo della Ragione']",Duomo,"['AMO', 'Museo Miniscalchi', 'Santa Anastasia', 'Teatro Romano', 'Museo Conte']",Santa Anastasia,strategy_nearest,True,0.003098011016845703,success
04A854429C4C80,0,['Arena'],Torre Lamberti,"['Sighseeing', 'Centro Fotografia', 'Museo Conte', 'Casa Giulietta', 'Palazzo della Ragione']",Casa Giulietta,strategy_nearest,True,0.0025739669799804688,success
04A8563A9C4C80,1,"['Casa Giulietta', 'Palazzo della Ragione', 'Torre Lamberti']",Teatro Romano,"['Santa Anastasia', 'Duomo', 'AMO', 'Museo Conte', 'Centro Fotografia']",Santa Anastasia,strategy_nearest,True,0.00180816650390625,success
04A8804A9C4C80,0,['Arena'],Museo Lapidario,"['Verona Tour', 'Castelvecchio', 'Museo Radio', 'San Fermo', 'Casa Giulietta']",Tomba Giulietta,strategy_nearest,False,0.0021131038665771484,success
04A869429C4C80,3,['Arena'],Casa Giulietta,"['Centro Fotografia', 'Sighseeing', 'Torre Lamberti', 'Museo Conte', 'Museo Radio']",Duomo,strategy_nearest,False,0.002696990966796875,success
04A8803A9C4C80,1,"['Arena', 'Casa Giulietta']",Torre Lamberti,"['Sighseeing', 'Centro Fotografia', 'Museo Conte', 'Palazzo della Ragione', 'AMO']",Palazzo della Ragione,strategy_nearest,True,0.003412961959838867,success
04A8934A9C4C80,2,"['San Zeno', 'Duomo']",Santa Anastasia,"['AMO', 'Museo Conte', 'Palazzo della Ragione', 'Teatro Romano', 'Centro Fotografia']",Teatro Romano,strategy_nearest,True,0.0026290416717529297,success
04A89C429C4C80,1,"['Arena', 'Torre Lamberti', 'Palazzo della Ragione']",Casa Giulietta,"['Centro Fotografia', 'Sighseeing', 'Museo Conte', 'Museo Radio', 'San Fermo']",Santa Anastasia,strategy_nearest,False,0.002660036087036133,success
04A894429C4C80,1,"['Arena', 'Casa Giulietta']",Torre Lamberti,"['Sighseeing', 'Centro Fotografia', 'Museo Conte', 'Palazzo della Ragione', 'AMO']",Palazzo della Ragione,strategy_nearest,True,0.0022101402282714844,success
04A896429C4C80,0,['Arena'],Casa Giulietta,"['Centro Fotografia', 'Sighseeing', 'Torre Lamberti', 'Museo Conte', 'Museo Radio']",Santa Anastasia,strategy_nearest,False,0.002218008041381836,success
04A897429C4C80,0,['Arena'],Museo Lapidario,"['Verona Tour', 'Castelvecchio', 'Museo Radio', 'San Fermo', 'Casa Giulietta']",Castelvecchio,strategy_nearest,True,0.003350973129272461,success
04A89D429C4C80,0,['Arena'],Casa Giulietta,"['Centro Fotografia', 'Sighseeing', 'Torre Lamberti', 'Museo Conte', 'Museo Radio']",Castelvecchio,strategy_nearest,False,0.0018248558044433594,success
04A8A2429C4C80,1,"['Arena', 'Museo Lapidario', 'Castelvecchio', 'Duomo']",Santa Anastasia,"['AMO', 'Museo Conte', 'Palazzo della Ragione', 'Teatro Romano', 'Centro Fotografia']",Torre Lamberti,strategy_nearest,False,0.002046346664428711,success
04A8B1429C4C80,1,['Arena'],Palazzo della Ragione,"['AMO', 'Museo Conte', 'Torre Lamberti', 'Centro Fotografia', 'Sighseeing']",Duomo,strategy_nearest,False,0.002610921859741211,success
04A8AA4A9C4C80,3,"['Tomba Giulietta', 'Arena']",Casa Giulietta,"['Centro Fotografia', 'Sighseeing', 'Torre Lamberti', 'Museo Conte', 'Museo Radio']",Castelvecchio,strategy_nearest,False,0.003309965133666992,success
04A8B23A9C4C80,3,"['Arena', 'Casa Giulietta']",San Fermo,"['Museo Storia', 'Museo Radio', 'Centro Fotografia', 'Sighseeing', 'Torre Lamberti']",Santa Anastasia,strategy_nearest,False,0.0023827552795410156,success
04A8B7429C4C80,3,"['Santa Anastasia', 'Arena']",Duomo,"['AMO', 'Museo Miniscalchi', 'Teatro Romano', 'Palazzo della Ragione', 'Museo Conte']",Casa Giulietta,strategy_nearest,False,0.0012562274932861328,success
04A8B53A9C4C80,0,['Arena'],Casa Giulietta,"['Centro Fotografia', 'Sighseeing', 'Torre Lamberti', 'Museo Conte', 'Museo Radio']",Torre Lamberti,strategy_nearest,True,0.0030732154846191406,success
04A8BA429C4C80,2,['Castelvecchio'],Santa Anastasia,"['AMO', 'Museo Conte', 'Palazzo della Ragione', 'Teatro Romano', 'Centro Fotografia']",Casa Giulietta,strategy_nearest,False,0.0033402442932128906,success
04A8BB3A9C4C80,1,"['Arena', 'Casa Giulietta', 'San Fermo', 'Teatro Romano']",Duomo,"['AMO', 'Museo Miniscalchi', 'Santa Anastasia', 'Palazzo della Ragione', 'Museo Conte']",Santa Anastasia,strategy_nearest,True,0.0040798187255859375,success
04A8C03A9C4C80,3,"['Arena', 'San Fermo']",Santa Anastasia,"['AMO', 'Museo Conte', 'Palazzo della Ragione', 'Teatro Romano', 'Centro Fotografia']",Duomo,strategy_nearest,False,0.0015423297882080078,success
04A8BC429C4C80,0,['Castelvecchio'],Arena,"['Verona Tour', 'Museo Lapidario', 'Museo Radio', 'San Fermo', 'Casa Giulietta']",Santa Anastasia,strategy_nearest,False,0.003523111343383789,success
04A8C23A9C4C80,0,['Arena'],Castelvecchio,"['Museo Lapidario', 'Verona Tour', 'Museo Radio', 'San Zeno', 'Sighseeing']",San Zeno,strategy_nearest,True,0.0020089149475097656,success
04A8D23A9C4C80,3,"['Arena', 'Castelvecchio']",Santa Anastasia,"['AMO', 'Museo Conte', 'Palazzo della Ragione', 'Teatro Romano', 'Centro Fotografia']",Duomo,strategy_nearest,False,0.002583026885986328,success
04A8C53A9C4C80,0,['Arena'],Casa Giulietta,"['Centro Fotografia', 'Sighseeing', 'Torre Lamberti', 'Museo Conte', 'Museo Radio']",Torre Lamberti,strategy_nearest,True,0.00275421142578125,success
04A8D13A9C4C80,3,"['Arena', 'Teatro Romano', 'Giardino Giusti']",Santa Anastasia,"['AMO', 'Museo Conte', 'Palazzo della Ragione', 'Centro Fotografia', 'Duomo']",San Zeno,strategy_nearest,False,0.0033638477325439453,success
04A8D43A9C4C80,2,['Santa Anastasia'],Duomo,"['AMO', 'Museo Miniscalchi', 'Teatro Romano', 'Palazzo della Ragione', 'Museo Conte']",Teatro Romano,strategy_nearest,True,0.0032978057861328125,success
04A8E93A9C4C80,1,"['Arena', 'Casa Giulietta', 'Torre Lamberti']",Palazzo della Ragione,"['AMO', 'Museo Conte', 'Centro Fotografia', 'Sighseeing', 'Santa Anastasia']",Duomo,strategy_nearest,False,0.0025930404663085938,success
04A8DE3A9C4C80,1,"['Arena', 'Casa Giulietta', 'Palazzo della Ragione']",Duomo,"['AMO', 'Museo Miniscalchi', 'Santa Anastasia', 'Teatro Romano', 'Museo Conte']",Tomba Giulietta,strategy_nearest,False,0.0035109519958496094,success
04A8DB3A9C4C80,1,"['Castelvecchio', 'Arena']",Torre Lamberti,"['Sighseeing', 'Centro Fotografia', 'Museo Conte', 'Casa Giulietta', 'Palazzo della Ragione']",Palazzo della Ragione,strategy_nearest,True,0.0021440982818603516,success
04A90D4A9C4C80,1,"['Arena', 'San Fermo', 'Santa Anastasia', 'Duomo', 'Teatro Romano']",Torre Lamberti,"['Sighseeing', 'Centro Fotografia', 'Museo Conte', 'Casa Giulietta', 'Palazzo della Ragione']",Casa Giulietta,strategy_nearest,True,0.0016629695892333984,success
04A8F9429C4C80,1,"['Casa Giulietta', 'Palazzo della Ragione', 'San Fermo']",Teatro Romano,"['Santa Anastasia', 'Duomo', 'AMO', 'Museo Conte', 'Centro Fotografia']",Santa Anastasia,strategy_nearest,True,0.003480195999145508,success
04A915429C4C84,0,['Arena'],Casa Giulietta,"['Centro Fotografia', 'Sighseeing', 'Torre Lamberti', 'Museo Conte', 'Museo Radio']",Duomo,strategy_nearest,False,0.002584218978881836,success
04A9184A9C4C80,1,"['Castelvecchio', 'Tomba Giulietta', 'San Fermo', 'Casa Giulietta']",San Zeno,"['Verona Tour', 'Museo Lapidario', 'Arena', 'Museo Miniscalchi', 'Sighseeing']",Arena,strategy_nearest,True,0.0020198822021484375,success
04A91C3A9C4C80,3,"['Casa Giulietta', 'Arena', 'Museo Lapidario']",Castelvecchio,"['Verona Tour', 'Museo Radio', 'San Zeno', 'Sighseeing', 'Museo Miniscalchi']",Santa Anastasia,strategy_nearest,False,0.002655029296875,success
04A918429C4C84,0,['Arena'],Torre Lamberti,"['Sighseeing', 'Centro Fotografia', 'Museo Conte', 'Casa Giulietta', 'Palazzo della Ragione']",Teatro Romano,strategy_nearest,False,0.002933025360107422,success
04A91C429C4C80,1,"['Arena', 'Casa Giulietta']",Torre Lamberti,"['Sighseeing', 'Centro Fotografia', 'Museo Conte', 'Palazzo della Ragione', 'AMO']",Palazzo della Ragione,strategy_nearest,True,0.003214120864868164,success
04A91D3A9C4C80,2,['Casa Giulietta'],Tomba Giulietta,"['San Fermo', 'Museo Storia', 'Arena', 'Museo Lapidario', 'Museo Radio']",Palazzo della Ragione,strategy_nearest,False,0.0031960010528564453,success
04A920429C4C84,2,"['San Zeno', 'Castelvecchio', 'Duomo']",Teatro Romano,"['Santa Anastasia', 'AMO', 'Palazzo della Ragione', 'Museo Conte', 'Centro Fotografia']",Santa Anastasia,strategy_nearest,True,0.0022699832916259766,success
04A9213A9C4C80,1,"['Arena', 'Casa Giulietta', 'Palazzo della Ragione']",Santa Anastasia,"['AMO', 'Museo Conte', 'Teatro Romano', 'Centro Fotografia', 'Duomo']",Teatro Romano,strategy_nearest,True,0.0024178028106689453,success
04A925429C4C80,3,"['Arena', 'Santa Anastasia']",Teatro Romano,"['Duomo', 'AMO', 'Palazzo della Ragione', 'Museo Conte', 'Centro Fotografia']",Duomo,strategy_nearest,True,0.0023221969604492188,success
04A92D429C4C80,3,"['Arena', 'Santa Anastasia']",Teatro Romano,"['Duomo', 'AMO', 'Palazzo della Ragione', 'Museo Conte', 'Centro Fotografia']",Duomo,strategy_nearest,True,0.002087831497192383,success
04A9353A9C4C80,0,['Casa Giulietta'],Arena,"['Verona Tour', 'Museo Lapidario', 'Museo Radio', 'San Fermo', 'Sighseeing']",Santa Anastasia,strategy_nearest,False,0.0025200843811035156,success
04A935429C4C80,3,"['San Fermo', 'Castelvecchio']",Arena,"['Verona Tour', 'Museo Lapidario', 'Museo Radio', 'Casa Giulietta', 'Sighseeing']",Duomo,strategy_nearest,False,0.0033762454986572266,success
04A9463A9C4C80,3,"['Castelvecchio', 'Museo Lapidario', 'Arena', 'San Fermo']",Casa Giulietta,"['Centro Fotografia', 'Sighseeing', 'Torre Lamberti', 'Museo Conte', 'Museo Radio']",Teatro Romano,strategy_nearest,False,0.0029370784759521484,success
04A9333A9C4C80,1,"['Arena', 'Museo Lapidario']",Castelvecchio,"['Verona Tour', 'Museo Radio', 'San Zeno', 'Sighseeing', 'Museo Miniscalchi']",Teatro Romano,strategy_nearest,False,0.0036830902099609375,success
04A94A429C4C80,1,"['Arena', 'Casa Giulietta', 'Torre Lamberti']",Palazzo della Ragione,"['AMO', 'Museo Conte', 'Centro Fotografia', 'Sighseeing', 'Santa Anastasia']",Santa Anastasia,strategy_nearest,True,0.0025818347930908203,success
04A960429C4C80,0,['Arena'],Casa Giulietta,"['Centro Fotografia', 'Sighseeing', 'Torre Lamberti', 'Museo Conte', 'Museo Radio']",Tomba Giulietta,strategy_nearest,False,0.003065824508666992,success
04A953429C4C80,3,"['Duomo', 'Santa Anastasia']",Casa Giulietta,"['Centro Fotografia', 'Sighseeing', 'Torre Lamberti', 'Museo Conte', 'Museo Radio']",Arena,strategy_nearest,False,0.0029058456420898438,success
04A950429C4C80,0,['Arena'],Casa Giulietta,"['Centro Fotografia', 'Sighseeing', 'Torre Lamberti', 'Museo Conte', 'Museo Radio']",Torre Lamberti,strategy_nearest,True,0.002485990524291992,success
04A962429C4C80,1,"['Arena', 'Casa Giulietta']",Torre Lamberti,"['Sighseeing', 'Centro Fotografia', 'Museo Conte', 'Palazzo della Ragione', 'AMO']",Palazzo della Ragione,strategy_nearest,True,0.003371000289916992,success
04A970429C4C80,0,['Arena'],Casa Giulietta,"['Centro Fotografia', 'Sighseeing', 'Torre Lamberti', 'Museo Conte', 'Museo Radio']",Torre Lamberti,strategy_nearest,True,0.002557992935180664,success
04A96C429C4C80,2,"['Torre Lamberti', 'Casa Giulietta']",Santa Anastasia,"['AMO', 'Museo Conte', 'Palazzo della Ragione', 'Teatro Romano', 'Centro Fotografia']",Duomo,strategy_nearest,False,0.0014429092407226562,success
04A97E4A9C4C80,0,['Arena'],Castelvecchio,"['Museo Lapidario', 'Verona Tour', 'Museo Radio', 'San Zeno', 'Sighseeing']",Casa Giulietta,strategy_nearest,False,0.0018379688262939453,success
04A97D4A9C4C80,0,['Arena'],Casa Giulietta,"['Centro Fotografia', 'Sighseeing', 'Torre Lamberti', 'Museo Conte', 'Museo Radio']",Tomba Giulietta,strategy_nearest,False,0.0026879310607910156,success
04A971429C4C80,1,"['Palazzo della Ragione', 'Torre Lamberti']",Casa Giulietta,"['Centro Fotografia', 'Sighseeing', 'Museo Conte', 'Museo Radio', 'San Fermo']",Tomba Giulietta,strategy_nearest,False,0.003520965576171875,success
04A998429C4C80,1,"['Arena', 'Casa Giulietta']",Torre Lamberti,"['Sighseeing', 'Centro Fotografia', 'Museo Conte', 'Palazzo della Ragione', 'AMO']",Palazzo della Ragione,strategy_nearest,True,0.002666950225830078,success
04A9803A9C4C80,2,['Casa Giulietta'],Santa Anastasia,"['AMO', 'Museo Conte', 'Palazzo della Ragione', 'Teatro Romano', 'Centro Fotografia']",Duomo,strategy_nearest,False,0.0024111270904541016,success
04A995429C4C80,2,['Castelvecchio'],Casa Giulietta,"['Centro Fotografia', 'Sighseeing', 'Torre Lamberti', 'Museo Conte', 'Museo Radio']",Santa Anastasia,strategy_nearest,False,0.0020368099212646484,success
04A999429C4C80,3,"['Duomo', 'Santa Anastasia']",Torre Lamberti,"['Sighseeing', 'Centro Fotografia', 'Museo Conte', 'Casa Giulietta', 'Palazzo della Ragione']",Casa Giulietta,strategy_nearest,True,0.0034880638122558594,success
04A9A1429C4C80,1,['Arena'],Casa Giulietta,"['Centro Fotografia', 'Sighseeing', 'Torre Lamberti', 'Museo Conte', 'Museo Radio']",Torre Lamberti,strategy_nearest,True,0.002240896224975586,success
04A9AA429C4C80,3,['Arena'],Santa Anastasia,"['AMO', 'Museo Conte', 'Palazzo della Ragione', 'Teatro Romano', 'Centro Fotografia']",Duomo,strategy_nearest,False,0.002759218215942383,success
04A9AA4A9C4C80,0,['Arena'],Casa Giulietta,"['Centro Fotografia', 'Sighseeing', 'Torre Lamberti', 'Museo Conte', 'Museo Radio']",Castelvecchio,strategy_nearest,False,0.0034987926483154297,success
04A99B429C4C80,0,['Arena'],Casa Giulietta,"['Centro Fotografia', 'Sighseeing', 'Torre Lamberti', 'Museo Conte', 'Museo Radio']",Tomba Giulietta,strategy_nearest,False,0.002888202667236328,success
04A9AB4A9C4C80,2,['Teatro Romano'],Casa Giulietta,"['Centro Fotografia', 'Sighseeing', 'Torre Lamberti', 'Museo Conte', 'Museo Radio']",Torre Lamberti,strategy_nearest,True,0.0025780200958251953,success
04A9B03A9C4C80,3,"['Arena', 'Casa Giulietta', 'San Fermo']",Santa Anastasia,"['AMO', 'Museo Conte', 'Palazzo della Ragione', 'Teatro Romano', 'Centro Fotografia']",Duomo,strategy_nearest,False,0.0024566650390625,success
04A9BB3A9C4C80,3,['Arena'],Casa Giulietta,"['Centro Fotografia', 'Sighseeing', 'Torre Lamberti', 'Museo Conte', 'Museo Radio']",Santa Anastasia,strategy_nearest,False,0.002858877182006836,success
04A9BA429C4C80,0,['Arena'],Casa Giulietta,"['Centro Fotografia', 'Sighseeing', 'Torre Lamberti', 'Museo Conte', 'Museo Radio']",Torre Lamberti,strategy_nearest,True,0.002919912338256836,success
04A9BF3A9C4C80,3,['Arena'],Castelvecchio,"['Museo Lapidario', 'Verona Tour', 'Museo Radio', 'San Zeno', 'Sighseeing']",Torre Lamberti,strategy_nearest,False,0.0033648014068603516,success
04A9CA3A9C4C80,3,"['Casa Giulietta', 'Arena']",Torre Lamberti,"['Sighseeing', 'Centro Fotografia', 'Museo Conte', 'Palazzo della Ragione', 'AMO']",Duomo,strategy_nearest,False,0.002526998519897461,success
04A9C5429C4C80,2,"['Casa Giulietta', 'Torre Lamberti']",Palazzo della Ragione,"['AMO', 'Museo Conte', 'Centro Fotografia', 'Sighseeing', 'Santa Anastasia']",Santa Anastasia,strategy_nearest,True,0.0020589828491210938,success
04A9C83A9C4C80,1,['Arena'],Palazzo della Ragione,"['AMO', 'Museo Conte', 'Torre Lamberti', 'Centro Fotografia', 'Sighseeing']",Casa Giulietta,strategy_nearest,False,0.0020139217376708984,success
04A9CC429C4C80,2,"['Tomba Giulietta', 'Santa Anastasia']",Casa Giulietta,"['Centro Fotografia', 'Sighseeing', 'Torre Lamberti', 'Museo Conte', 'Museo Radio']",Castelvecchio,strategy_nearest,False,0.0035059452056884766,success
04A9DE3A9C4C80,0,['Arena'],Casa Giulietta,"['Centro Fotografia', 'Sighseeing', 'Torre Lamberti', 'Museo Conte', 'Museo Radio']",Torre Lamberti,strategy_nearest,True,0.002049684524536133,success
04A9E93A9C4C80,3,['Santa Anastasia'],Torre Lamberti,"['Sighseeing', 'Centro Fotografia', 'Museo Conte', 'Casa Giulietta', 'Palazzo della Ragione']",Casa Giulietta,strategy_nearest,True,0.0026471614837646484,success
04A9EA429C4C80,3,"['Arena', 'Castelvecchio']",San Zeno,"['Verona Tour', 'Museo Lapidario', 'Museo Miniscalchi', 'Sighseeing', 'Museo Radio']",Santa Anastasia,strategy_nearest,False,0.0032978057861328125,success
04A9F63A9C4C80,0,['Casa Giulietta'],Arena,"['Verona Tour', 'Museo Lapidario', 'Museo Radio', 'San Fermo', 'Sighseeing']",Castelvecchio,strategy_nearest,False,0.0026111602783203125,success
04A9EB3A9C4C80,3,"['Arena', 'Torre Lamberti']",Santa Anastasia,"['AMO', 'Museo Conte', 'Palazzo della Ragione', 'Teatro Romano', 'Centro Fotografia']",Castelvecchio,strategy_nearest,False,0.002214193344116211,success
04A9EF429C4C80,1,"['Arena', 'Museo Lapidario', 'Tomba Giulietta', 'San Fermo']",Casa Giulietta,"['Centro Fotografia', 'Sighseeing', 'Torre Lamberti', 'Museo Conte', 'Museo Radio']",Torre Lamberti,strategy_nearest,True,0.0034151077270507812,success
04AA064A9C4C80,0,['Castelvecchio'],San Zeno,"['Verona Tour', 'Museo Lapidario', 'Arena', 'Museo Miniscalchi', 'Sighseeing']",Arena,strategy_nearest,True,0.002988100051879883,success
04AA13429C4C84,0,['Arena'],Casa Giulietta,"['Centro Fotografia', 'Sighseeing', 'Torre Lamberti', 'Museo Conte', 'Museo Radio']",Teatro Romano,strategy_nearest,False,0.0015492439270019531,success
04AA143A9C4C80,0,['Arena'],Castelvecchio,"['Museo Lapidario', 'Verona Tour', 'Museo Radio', 'San Zeno', 'Sighseeing']",Giardino Giusti,strategy_nearest,False,0.002680063247680664,success
04AA0D4A9C4C80,0,"['Castelvecchio', 'Casa Giulietta']",Duomo,"['AMO', 'Museo Miniscalchi', 'Santa Anastasia', 'Teatro Romano', 'Palazzo della Ragione']",Teatro Romano,strategy_nearest,True,0.0022389888763427734,success
04AA08429C4C84,1,"['San Fermo', 'Museo Lapidario', 'Arena']",Casa Giulietta,"['Centro Fotografia', 'Sighseeing', 'Torre Lamberti', 'Museo Conte', 'Museo Radio']",Palazzo della Ragione,strategy_nearest,False,0.004167079925537109,success
04AA16429C4C80,6,"['San Fermo', 'Casa Giulietta']",Verona Tour,"['Museo Lapidario', 'Arena', 'Castelvecchio', 'Museo Radio', 'Sighseeing']",Castelvecchio,strategy_nearest,True,0.0021791458129882812,success
04AA14429C4C84,3,"['Casa Giulietta', 'Torre Lamberti', 'Arena']",Santa Anastasia,"['AMO', 'Museo Conte', 'Palazzo della Ragione', 'Teatro Romano', 'Centro Fotografia']",Duomo,strategy_nearest,False,0.002820730209350586,success
04AA16429C4C84,1,"['Arena', 'Museo Lapidario', 'Tomba Giulietta', 'San Fermo']",Casa Giulietta,"['Centro Fotografia', 'Sighseeing', 'Torre Lamberti', 'Museo Conte', 'Museo Radio']",Torre Lamberti,strategy_nearest,True,0.002682924270629883,success
04AA18429C4C84,0,['Arena'],Casa Giulietta,"['Centro Fotografia', 'Sighseeing', 'Torre Lamberti', 'Museo Conte', 'Museo Radio']",Castelvecchio,strategy_nearest,False,0.0033049583435058594,success
04AA19429C4C84,3,"['Casa Giulietta', 'Torre Lamberti', 'Castelvecchio', 'San Zeno']",Museo Lapidario,"['Verona Tour', 'Arena', 'Museo Radio', 'San Fermo', 'Tomba Giulietta']",Arena,strategy_nearest,True,0.0019750595092773438,success
04AA293A9C4C80,2,['Casa Giulietta'],Castelvecchio,"['Museo Lapidario', 'Verona Tour', 'Arena', 'Museo Radio', 'San Zeno']",Teatro Romano,strategy_nearest,False,0.002610921859741211,success
04AA1C3A9C4C80,3,"['Castelvecchio', 'Teatro Romano']",Arena,"['Verona Tour', 'Museo Lapidario', 'Museo Radio', 'San Fermo', 'Casa Giulietta']",Santa Anastasia,strategy_nearest,False,0.002566099166870117,success
04AA1E429C4C84,0,['Arena'],Torre Lamberti,"['Sighseeing', 'Centro Fotografia', 'Museo Conte', 'Casa Giulietta', 'Palazzo della Ragione']",Castelvecchio,strategy_nearest,False,0.0034933090209960938,success
04AA2D429C4C80,6,"['Museo Lapidario', 'Castelvecchio']",Verona Tour,"['Arena', 'Museo Radio', 'Casa Giulietta', 'Sighseeing', 'Torre Lamberti']",San Fermo,strategy_nearest,False,0.0034558773040771484,success
04AA4E3A9C4C80,0,['Casa Giulietta'],Duomo,"['AMO', 'Museo Miniscalchi', 'Santa Anastasia', 'Teatro Romano', 'Palazzo della Ragione']",Arena,strategy_nearest,False,0.002736806869506836,success
04AA353A9C4C80,3,"['Casa Giulietta', 'Torre Lamberti', 'Arena']",San Zeno,"['Castelvecchio', 'Verona Tour', 'Museo Lapidario', 'Museo Miniscalchi', 'Sighseeing']",Castelvecchio,strategy_nearest,True,0.0019521713256835938,success
04AA61429C4C80,3,['San Zeno'],Castelvecchio,"['Museo Lapidario', 'Verona Tour', 'Arena', 'Museo Radio', 'Sighseeing']",Arena,strategy_nearest,True,0.0027408599853515625,success
04AA53429C4C80,3,"['Duomo', 'Santa Anastasia']",Casa Giulietta,"['Centro Fotografia', 'Sighseeing', 'Torre Lamberti', 'Museo Conte', 'Museo Radio']",Arena,strategy_nearest,False,0.0019829273223876953,success
04AA523A9C4C80,0,['Arena'],Casa Giulietta,"['Centro Fotografia', 'Sighseeing', 'Torre Lamberti', 'Museo Conte', 'Museo Radio']",Torre Lamberti,strategy_nearest,True,0.0025763511657714844,success
04AA62429C4C80,1,['Arena'],Casa Giulietta,"['Centro Fotografia', 'Sighseeing', 'Torre Lamberti', 'Museo Conte', 'Museo Radio']",Palazzo della Ragione,strategy_nearest,False,0.003367185592651367,success
04AA6A429C4C80,2,['San Zeno'],Torre Lamberti,"['Sighseeing', 'Centro Fotografia', 'Museo Conte', 'Casa Giulietta', 'Palazzo della Ragione']",Duomo,strategy_nearest,False,0.0016567707061767578,success
04AA6C429C4C80,0,['Castelvecchio'],Arena,"['Verona Tour', 'Museo Lapidario', 'Museo Radio', 'San Fermo', 'Casa Giulietta']",Casa Giulietta,strategy_nearest,True,0.0034830570220947266,success
04AA72429C4C80,0,['Arena'],Castelvecchio,"['Museo Lapidario', 'Verona Tour', 'Museo Radio', 'San Zeno', 'Sighseeing']",Santa Anastasia,strategy_nearest,False,0.0018737316131591797,success
04AA854A9C4C80,1,['Arena'],Casa Giulietta,"['Centro Fotografia', 'Sighseeing', 'Torre Lamberti', 'Museo Conte', 'Museo Radio']",Torre Lamberti,strategy_nearest,True,0.003328084945678711,success
04AA73429C4C80,2,['Tomba Giulietta'],San Fermo,"['Museo Storia', 'Museo Radio', 'Casa Giulietta', 'Centro Fotografia', 'Arena']",Casa Giulietta,strategy_nearest,True,0.003246784210205078,success
04AA863A9C4C80,3,['Arena'],Santa Anastasia,"['AMO', 'Museo Conte', 'Palazzo della Ragione', 'Teatro Romano', 'Centro Fotografia']",Torre Lamberti,strategy_nearest,False,0.0025811195373535156,success
04AA7F429C4C80,0,['Arena'],Casa Giulietta,"['Centro Fotografia', 'Sighseeing', 'Torre Lamberti', 'Museo Conte', 'Museo Radio']",Teatro Romano,strategy_nearest,False,0.003152132034301758,success
04AA944A9C4C80,1,['Arena'],Castelvecchio,"['Museo Lapidario', 'Verona Tour', 'Museo Radio', 'San Zeno', 'Sighseeing']",Palazzo della Ragione,strategy_nearest,False,0.002032041549682617,success
04AA894A9C4C80,0,['Arena'],Castelvecchio,"['Museo Lapidario', 'Verona Tour', 'Museo Radio', 'San Zeno', 'Sighseeing']",Casa Giulietta,strategy_nearest,False,0.0028219223022460938,success
04AA87429C4C80,1,"['Casa Giulietta', 'Torre Lamberti']",Palazzo della Ragione,"['AMO', 'Museo Conte', 'Centro Fotografia', 'Sighseeing', 'Santa Anastasia']",Arena,strategy_nearest,False,0.0016560554504394531,success
04AA8B4A9C4C80,0,['Arena'],Casa Giulietta,"['Centro Fotografia', 'Sighseeing', 'Torre Lamberti', 'Museo Conte', 'Museo Radio']",San Zeno,strategy_nearest,False,0.0034928321838378906,success
04AA9A4A9C4C80,2,['Torre Lamberti'],Casa Giulietta,"['Centro Fotografia', 'Sighseeing', 'Museo Conte', 'Museo Radio', 'Palazzo della Ragione']",San Fermo,strategy_nearest,False,0.0030279159545898438,success
04AAA44A9C4C80,3,['San Fermo'],Santa Anastasia,"['AMO', 'Museo Conte', 'Palazzo della Ragione', 'Teatro Romano', 'Centro Fotografia']",Arena,strategy_nearest,False,0.0034749507904052734,success
04AAA34A9C4C80,0,['Arena'],Museo Lapidario,"['Verona Tour', 'Castelvecchio', 'Museo Radio', 'San Fermo', 'Casa Giulietta']",San Zeno,strategy_nearest,False,0.0023119449615478516,success
04AA98429C4C80,0,['Castelvecchio'],Casa Giulietta,"['Centro Fotografia', 'Sighseeing', 'Torre Lamberti', 'Museo Conte', 'Museo Radio']",Arena,strategy_nearest,False,0.0017430782318115234,success
04AAAA3A9C4C80,0,['Arena'],Teatro Romano,"['Santa Anastasia', 'Duomo', 'AMO', 'Palazzo della Ragione', 'Museo Conte']",Duomo,strategy_nearest,True,0.002866029739379883,success
04AAAB429C4C80,0,"['Arena', 'Museo Lapidario']",Castelvecchio,"['Verona Tour', 'Museo Radio', 'San Zeno', 'Sighseeing', 'Museo Miniscalchi']",Casa Giulietta,strategy_nearest,False,0.0021829605102539062,success
04AAA84A9C4C80,0,['Arena'],Torre Lamberti,"['Sighseeing', 'Centro Fotografia', 'Museo Conte', 'Casa Giulietta', 'Palazzo della Ragione']",Teatro Romano,strategy_nearest,False,0.001497030258178711,success
04AAAE429C4C80,1,"['Teatro Romano', 'Torre Lamberti']",Palazzo della Ragione,"['AMO', 'Museo Conte', 'Centro Fotografia', 'Sighseeing', 'Santa Anastasia']",Casa Giulietta,strategy_nearest,False,0.003170013427734375,success
04AAAF429C4C80,3,"['Arena', 'Castelvecchio']",San Zeno,"['Verona Tour', 'Museo Lapidario', 'Museo Miniscalchi', 'Sighseeing', 'Museo Radio']",Torre Lamberti,strategy_nearest,False,0.0016150474548339844,success
04AAB2429C4C80,1,['Arena'],Casa Giulietta,"['Centro Fotografia', 'Sighseeing', 'Torre Lamberti', 'Museo Conte', 'Museo Radio']",Torre Lamberti,strategy_nearest,True,0.0024869441986083984,success
04AAB0429C4C80,0,['Arena'],Casa Giulietta,"['Centro Fotografia', 'Sighseeing', 'Torre Lamberti', 'Museo Conte', 'Museo Radio']",Teatro Romano,strategy_nearest,False,0.0034220218658447266,success
04AAB5429C4C80,1,['Santa Anastasia'],Arena,"['Verona Tour', 'Museo Lapidario', 'Museo Radio', 'San Fermo', 'Casa Giulietta']",Palazzo della Ragione,strategy_nearest,False,0.002651214599609375,success
04AABC3A9C4C80,1,"['Arena', 'Castelvecchio']",Torre Lamberti,"['Sighseeing', 'Centro Fotografia', 'Museo Conte', 'Casa Giulietta', 'Palazzo della Ragione']",Palazzo della Ragione,strategy_nearest,True,0.0032188892364501953,success
04AAB9429C4C80,0,['Casa Giulietta'],Teatro Romano,"['Santa Anastasia', 'Duomo', 'AMO', 'Palazzo della Ragione', 'Museo Conte']",Duomo,strategy_nearest,True,0.003429889678955078,success
04AAC0429C4C80,0,['Torre Lamberti'],Arena,"['Verona Tour', 'Museo Lapidario', 'Museo Radio', 'San Fermo', 'Casa Giulietta']",San Zeno,strategy_nearest,False,0.0023810863494873047,success
04AACA429C4C80,2,['San Zeno'],Casa Giulietta,"['Centro Fotografia', 'Sighseeing', 'Torre Lamberti', 'Museo Conte', 'Museo Radio']",Tomba Giulietta,strategy_nearest,False,0.0019550323486328125,success
04AAC43A9C4C80,3,"['Castelvecchio', 'Arena', 'Tomba Giulietta']",Casa Giulietta,"['Centro Fotografia', 'Sighseeing', 'Torre Lamberti', 'Museo Conte', 'Museo Radio']",Torre Lamberti,strategy_nearest,True,0.0034220218658447266,success
04AACE3A9C4C80,0,['Arena'],Torre Lamberti,"['Sighseeing', 'Centro Fotografia', 'Museo Conte', 'Casa Giulietta', 'Palazzo della Ragione']",Casa Giulietta,strategy_nearest,True,0.003561258316040039,success
04AAD23A9C4C80,3,"['Arena', 'Casa Giulietta']",Santa Anastasia,"['AMO', 'Museo Conte', 'Palazzo della Ragione', 'Teatro Romano', 'Centro Fotografia']",Teatro Romano,strategy_nearest,True,0.003262042999267578,success
04AAD53A9C4C80,0,['Castelvecchio'],Arena,"['Verona Tour', 'Museo Lapidario', 'Museo Radio', 'San Fermo', 'Casa Giulietta']",Torre Lamberti,strategy_nearest,False,0.0018558502197265625,success
04AAD63A9C4C80,2,['Santa Anastasia'],Duomo,"['AMO', 'Museo Miniscalchi', 'Teatro Romano', 'Palazzo della Ragione', 'Museo Conte']",Casa Giulietta,strategy_nearest,False,0.0031800270080566406,success
04AAE83A9C4C80,3,"['Museo Lapidario', 'Castelvecchio', 'San Zeno']",Arena,"['Verona Tour', 'Museo Radio', 'San Fermo', 'Casa Giulietta', 'Sighseeing']",Torre Lamberti,strategy_nearest,False,0.0021390914916992188,success
04AAD93A9C4C80,3,"['Duomo', 'Torre Lamberti', 'San Fermo']",Tomba Giulietta,"['Museo Storia', 'Arena', 'Museo Lapidario', 'Museo Radio', 'Verona Tour']",Museo Lapidario,strategy_nearest,True,0.001741170883178711,success
04AAE13A9C4C80,3,"['Arena', 'Santa Anastasia']",Teatro Romano,"['Duomo', 'AMO', 'Palazzo della Ragione', 'Museo Conte', 'Centro Fotografia']",Castelvecchio,strategy_nearest,False,0.0028107166290283203,success
04AAF13A9C4C80,1,"['Arena', 'Museo Lapidario']",Casa Giulietta,"['Centro Fotografia', 'Sighseeing', 'Torre Lamberti', 'Museo Conte', 'Museo Radio']",Torre Lamberti,strategy_nearest,True,0.0033440589904785156,success
04AB0C4A9C4C80,0,"['Arena', 'Casa Giulietta']",Torre Lamberti,"['Sighseeing', 'Centro Fotografia', 'Museo Conte', 'Palazzo della Ragione', 'AMO']",Tomba Giulietta,strategy_nearest,False,0.0014116764068603516,success
04AB04429C4C84,1,"['Arena', 'Museo Lapidario', 'Castelvecchio', 'San Zeno']",Tomba Giulietta,"['San Fermo', 'Museo Storia', 'Museo Radio', 'Verona Tour', 'Casa Giulietta']",San Fermo,strategy_nearest,True,0.0040051937103271484,success
04AB13429C4C80,0,['Arena'],Casa Giulietta,"['Centro Fotografia', 'Sighseeing', 'Torre Lamberti', 'Museo Conte', 'Museo Radio']",Tomba Giulietta,strategy_nearest,False,0.003061056137084961,success
04AB03429C4C84,3,"['Arena', 'Castelvecchio']",Santa Anastasia,"['AMO', 'Museo Conte', 'Palazzo della Ragione', 'Teatro Romano', 'Centro Fotografia']",Duomo,strategy_nearest,False,0.004049062728881836,success
04AB173A9C4C84,2,['Torre Lamberti'],Casa Giulietta,"['Centro Fotografia', 'Sighseeing', 'Museo Conte', 'Museo Radio', 'Palazzo della Ragione']",Castelvecchio,strategy_nearest,False,0.0020558834075927734,success
04AB17429C4C84,2,['Castelvecchio'],Torre Lamberti,"['Sighseeing', 'Centro Fotografia', 'Museo Conte', 'Casa Giulietta', 'Palazzo della Ragione']",Casa Giulietta,strategy_nearest,True,0.0019979476928710938,success
04AB1C429C4C80,0,['Arena'],Duomo,"['AMO', 'Museo Miniscalchi', 'Santa Anastasia', 'Teatro Romano', 'Palazzo della Ragione']",Castelvecchio,strategy_nearest,False,0.0027360916137695312,success
04AB22429C4C80,0,['Arena'],Torre Lamberti,"['Sighseeing', 'Centro Fotografia', 'Museo Conte', 'Casa Giulietta', 'Palazzo della Ragione']",Duomo,strategy_nearest,False,0.0032491683959960938,success
04AB22429C4C84,0,['Giardino Giusti'],Arena,"['Verona Tour', 'Museo Lapidario', 'Museo Radio', 'San Fermo', 'Casa Giulietta']",San Zeno,strategy_nearest,False,0.0017659664154052734,success
04AB29429C4C84,3,"['San Zeno', 'Castelvecchio']",Arena,"['Verona Tour', 'Museo Lapidario', 'Museo Radio', 'San Fermo', 'Casa Giulietta']",Teatro Romano,strategy_nearest,False,0.0020799636840820312,success
04AB2C429C4C80,3,"['Arena', 'Castelvecchio', 'San Fermo']",Casa Giulietta,"['Centro Fotografia', 'Sighseeing', 'Torre Lamberti', 'Museo Conte', 'Museo Radio']",Torre Lamberti,strategy_nearest,True,0.002839803695678711,success
04AB2D429C4C80,2,"['Castelvecchio', 'San Fermo', 'Santa Anastasia']",Duomo,"['AMO', 'Museo Miniscalchi', 'Teatro Romano', 'Palazzo della Ragione', 'Museo Conte']",Torre Lamberti,strategy_nearest,False,0.00341796875,success
04AB3D429C4C80,3,"['Arena', 'Torre Lamberti', 'Casa Giulietta']",Duomo,"['AMO', 'Museo Miniscalchi', 'Santa Anastasia', 'Teatro Romano', 'Palazzo della Ragione']",Teatro Romano,strategy_nearest,True,0.0034699440002441406,success
04AB4D3A9C4C80,3,"['San Fermo', 'Santa Anastasia', 'Duomo']",Teatro Romano,"['AMO', 'Palazzo della Ragione', 'Museo Conte', 'Centro Fotografia', 'Museo Miniscalchi']",Arena,strategy_nearest,False,0.002650022506713867,success
04AB49429C4C80,3,['Arena'],Santa Anastasia,"['AMO', 'Museo Conte', 'Palazzo della Ragione', 'Teatro Romano', 'Centro Fotografia']",Duomo,strategy_nearest,False,0.0028090476989746094,success
04AB55429C4C80,0,['Casa Giulietta'],Arena,"['Verona Tour', 'Museo Lapidario', 'Museo Radio', 'San Fermo', 'Sighseeing']",Torre Lamberti,strategy_nearest,False,0.003278017044067383,success
04AB5A3A9C4C80,2,"['San Fermo', 'Casa Giulietta']",Palazzo della Ragione,"['AMO', 'Museo Conte', 'Torre Lamberti', 'Centro Fotografia', 'Sighseeing']",Duomo,strategy_nearest,False,0.003846883773803711,success
04AB62429C4C80,0,['Arena'],Torre Lamberti,"['Sighseeing', 'Centro Fotografia', 'Museo Conte', 'Casa Giulietta', 'Palazzo della Ragione']",Casa Giulietta,strategy_nearest,True,0.002290010452270508,success
04AB66429C4C80,3,"['Arena', 'Casa Giulietta']",Torre Lamberti,"['Sighseeing', 'Centro Fotografia', 'Museo Conte', 'Palazzo della Ragione', 'AMO']",Santa Anastasia,strategy_nearest,False,0.003328084945678711,success
04AB64429C4C80,0,['Arena'],Castelvecchio,"['Museo Lapidario', 'Verona Tour', 'Museo Radio', 'San Zeno', 'Sighseeing']",San Fermo,strategy_nearest,False,0.002796649932861328,success
04AB69429C4C80,3,"['Torre Lamberti', 'Santa Anastasia']",Duomo,"['AMO', 'Museo Miniscalchi', 'Teatro Romano', 'Palazzo della Ragione', 'Museo Conte']",Arena,strategy_nearest,False,0.00290679931640625,success
04AB7D429C4C80,3,['Arena'],Teatro Romano,"['Santa Anastasia', 'Duomo', 'AMO', 'Palazzo della Ragione', 'Museo Conte']",Santa Anastasia,strategy_nearest,True,0.0020837783813476562,success
04AB6F3A9C4C80,3,"['San Fermo', 'San Zeno', 'Arena', 'Casa Giulietta']",Torre Lamberti,"['Sighseeing', 'Centro Fotografia', 'Museo Conte', 'Palazzo della Ragione', 'AMO']",Teatro Romano,strategy_nearest,False,0.0040569305419921875,success
04AB74429C4C80,0,['Arena'],Tomba Giulietta,"['San Fermo', 'Museo Storia', 'Museo Lapidario', 'Museo Radio', 'Verona Tour']",Casa Giulietta,strategy_nearest,False,0.0027170181274414062,success
04AB7E429C4C80,0,"['Castelvecchio', 'Arena']",Casa Giulietta,"['Centro Fotografia', 'Sighseeing', 'Torre Lamberti', 'Museo Conte', 'Museo Radio']",Giardino Giusti,strategy_nearest,False,0.0028848648071289062,success
04AB844A9C4C80,0,"['Arena', 'Museo Lapidario']",Castelvecchio,"['Verona Tour', 'Museo Radio', 'San Zeno', 'Sighseeing', 'Museo Miniscalchi']",Casa Giulietta,strategy_nearest,False,0.001558065414428711,success
04AB8E3A9C4C80,0,['Arena'],Casa Giulietta,"['Centro Fotografia', 'Sighseeing', 'Torre Lamberti', 'Museo Conte', 'Museo Radio']",Teatro Romano,strategy_nearest,False,0.0026497840881347656,success
04AB88429C4C80,3,"['Casa Giulietta', 'Arena', 'Castelvecchio']",Tomba Giulietta,"['San Fermo', 'Museo Storia', 'Museo Lapidario', 'Museo Radio', 'Verona Tour']",Santa Anastasia,strategy_nearest,False,0.003400087356567383,success
04AB9B429C4C80,0,['Arena'],Castelvecchio,"['Museo Lapidario', 'Verona Tour', 'Museo Radio', 'San Zeno', 'Sighseeing']",San Zeno,strategy_nearest,True,0.002010822296142578,success
04AB8E429C4C80,3,"['Arena', 'Duomo']",Santa Anastasia,"['AMO', 'Museo Conte', 'Palazzo della Ragione', 'Teatro Romano', 'Centro Fotografia']",Casa Giulietta,strategy_nearest,False,0.0023517608642578125,success
04AB9A429C4C80,0,['Arena'],Casa Giulietta,"['Centro Fotografia', 'Sighseeing', 'Torre Lamberti', 'Museo Conte', 'Museo Radio']",Torre Lamberti,strategy_nearest,True,0.002696990966796875,success
04AB9F429C4C80,3,['Arena'],Torre Lamberti,"['Sighseeing', 'Centro Fotografia', 'Museo Conte', 'Casa Giulietta', 'Palazzo della Ragione']",Duomo,strategy_nearest,False,0.003313779830932617,success
04ABA3429C4C80,0,"['Arena', 'Duomo']",Torre Lamberti,"['Sighseeing', 'Centro Fotografia', 'Museo Conte', 'Casa Giulietta', 'Palazzo della Ragione']",Casa Giulietta,strategy_nearest,True,0.0018270015716552734,success
04ABA1429C4C80,3,"['Arena', 'Casa Giulietta']",Torre Lamberti,"['Sighseeing', 'Centro Fotografia', 'Museo Conte', 'Palazzo della Ragione', 'AMO']",Santa Anastasia,strategy_nearest,False,0.003208160400390625,success
04ABA64A9C4C80,1,"['Arena', 'Torre Lamberti']",Palazzo della Ragione,"['AMO', 'Museo Conte', 'Centro Fotografia', 'Sighseeing', 'Santa Anastasia']",Casa Giulietta,strategy_nearest,False,0.002833843231201172,success
04ABA9429C4C80,0,['Castelvecchio'],Arena,"['Verona Tour', 'Museo Lapidario', 'Museo Radio', 'San Fermo', 'Casa Giulietta']",Casa Giulietta,strategy_nearest,True,0.001936197280883789,success
04ABA83A9C4C80,0,['Arena'],Museo Lapidario,"['Verona Tour', 'Castelvecchio', 'Museo Radio', 'San Fermo', 'Casa Giulietta']",Castelvecchio,strategy_nearest,True,0.0040090084075927734,success
04ABAA3A9C4C80,1,['Torre Lamberti'],Palazzo della Ragione,"['AMO', 'Museo Conte', 'Centro Fotografia', 'Sighseeing', 'Santa Anastasia']",Arena,strategy_nearest,False,0.0025789737701416016,success
04ABAF429C4C80,2,['Torre Lamberti'],Santa Anastasia,"['AMO', 'Museo Conte', 'Palazzo della Ragione', 'Teatro Romano', 'Centro Fotografia']",Duomo,strategy_nearest,False,0.0030298233032226562,success
04ABAB4A9C4C80,3,"['Arena', 'Casa Giulietta', 'Torre Lamberti']",Santa Anastasia,"['AMO', 'Museo Conte', 'Palazzo della Ragione', 'Teatro Romano', 'Centro Fotografia']",Duomo,strategy_nearest,False,0.0027348995208740234,success
04ABAE429C4C80,1,"['Tomba Giulietta', 'Arena']",Palazzo della Ragione,"['AMO', 'Museo Conte', 'Torre Lamberti', 'Centro Fotografia', 'Sighseeing']",Casa Giulietta,strategy_nearest,False,0.0029649734497070312,success
04ABB93A9C4C80,2,['Casa Giulietta'],Torre Lamberti,"['Sighseeing', 'Centro Fotografia', 'Museo Conte', 'Palazzo della Ragione', 'AMO']",Duomo,strategy_nearest,False,0.0015840530395507812,success
04ABCD3A9C4C80,0,['Arena'],Castelvecchio,"['Museo Lapidario', 'Verona Tour', 'Museo Radio', 'San Zeno', 'Sighseeing']",Casa Giulietta,strategy_nearest,False,0.0034542083740234375,success
04ABBE429C4C80,0,['Arena'],Casa Giulietta,"['Centro Fotografia', 'Sighseeing', 'Torre Lamberti', 'Museo Conte', 'Museo Radio']",Santa Anastasia,strategy_nearest,False,0.0022687911987304688,success
04ABB33A9C4C80,4,"['Arena', 'Casa Giulietta', 'Torre Lamberti', 'Palazzo della Ragione']",Teatro Romano,"['Santa Anastasia', 'Duomo', 'AMO', 'Museo Conte', 'Centro Fotografia']",Giardino Giusti,strategy_nearest,False,0.004375934600830078,success
04ABE33A9C4C80,3,"['Arena', 'Casa Giulietta']",Castelvecchio,"['Museo Lapidario', 'Verona Tour', 'Museo Radio', 'San Zeno', 'Sighseeing']",Santa Anastasia,strategy_nearest,False,0.0019948482513427734,success
04ABD33A9C4C80,3,"['Arena', 'Casa Giulietta']",Santa Anastasia,"['AMO', 'Museo Conte', 'Palazzo della Ragione', 'Teatro Romano', 'Centro Fotografia']",Teatro Romano,strategy_nearest,True,0.002744913101196289,success
04ABF13A9C4C80,2,"['Torre Lamberti', 'Teatro Romano']",Duomo,"['AMO', 'Museo Miniscalchi', 'Santa Anastasia', 'Palazzo della Ragione', 'Museo Conte']",Santa Anastasia,strategy_nearest,True,0.002499103546142578,success
04ABF4429C4C80,1,"['Arena', 'San Fermo', 'Casa Giulietta', 'Torre Lamberti', 'Teatro Romano']",Palazzo della Ragione,"['AMO', 'Museo Conte', 'Centro Fotografia', 'Sighseeing', 'Santa Anastasia']",Santa Anastasia,strategy_nearest,True,0.001989126205444336,success
04ABF93A9C4C80,0,['Castelvecchio'],Arena,"['Verona Tour', 'Museo Lapidario', 'Museo Radio', 'San Fermo', 'Casa Giulietta']",Teatro Romano,strategy_nearest,False,0.0026869773864746094,success
04ABF23A9C4C80,0,['Arena'],Torre Lamberti,"['Sighseeing', 'Centro Fotografia', 'Museo Conte', 'Casa Giulietta', 'Palazzo della Ragione']",Casa Giulietta,strategy_nearest,True,0.0032570362091064453,success
04ABFE429C4C80,3,['Arena'],Castelvecchio,"['Museo Lapidario', 'Verona Tour', 'Museo Radio', 'San Zeno', 'Sighseeing']",Santa Anastasia,strategy_nearest,False,0.002173900604248047,success
04AC08429C4C84,3,"['San Zeno', 'Castelvecchio']",Santa Anastasia,"['AMO', 'Museo Conte', 'Palazzo della Ragione', 'Teatro Romano', 'Centro Fotografia']",Casa Giulietta,strategy_nearest,False,0.004156827926635742,success
04AC01429C4C84,3,"['Duomo', 'Teatro Romano', 'Giardino Giusti', 'Arena']",Castelvecchio,"['Museo Lapidario', 'Verona Tour', 'Museo Radio', 'San Zeno', 'Sighseeing']",San Zeno,strategy_nearest,True,0.003606081008911133,success
04AC0A429C4C84,1,['Arena'],Duomo,"['AMO', 'Museo Miniscalchi', 'Santa Anastasia', 'Teatro Romano', 'Palazzo della Ragione']",Palazzo della Ragione,strategy_nearest,True,0.002319812774658203,success
04AC13429C4C80,1,"['Museo Lapidario', 'Palazzo della Ragione', 'Museo Storia']",Torre Lamberti,"['Sighseeing', 'Centro Fotografia', 'Museo Conte', 'Casa Giulietta', 'AMO']",Torre Lamberti,strategy_nearest,False,0.0014941692352294922,success
04AC174A9C4C80,1,"['Castelvecchio', 'Arena', 'Torre Lamberti']",Palazzo della Ragione,"['AMO', 'Museo Conte', 'Centro Fotografia', 'Sighseeing', 'Santa Anastasia']",Casa Giulietta,strategy_nearest,False,0.002212047576904297,success
04AC16429C4C84,0,['Arena'],Torre Lamberti,"['Sighseeing', 'Centro Fotografia', 'Museo Conte', 'Casa Giulietta', 'Palazzo della Ragione']",Casa Giulietta,strategy_nearest,True,0.0016818046569824219,success
04AC1E429C4C84,0,['Castelvecchio'],Arena,"['Verona Tour', 'Museo Lapidario', 'Museo Radio', 'San Fermo', 'Casa Giulietta']",Casa Giulietta,strategy_nearest,True,0.0026361942291259766,success
04AC1B429C4C84,3,"['Castelvecchio', 'Arena']",Casa Giulietta,"['Centro Fotografia', 'Sighseeing', 'Torre Lamberti', 'Museo Conte', 'Museo Radio']",Torre Lamberti,strategy_nearest,True,0.004014015197753906,success
04AC203A9C4C80,0,['Arena'],Casa Giulietta,"['Centro Fotografia', 'Sighseeing', 'Torre Lamberti', 'Museo Conte', 'Museo Radio']",Teatro Romano,strategy_nearest,False,0.0026259422302246094,success
04AC28429C4C84,2,['Casa Giulietta'],Duomo,"['AMO', 'Museo Miniscalchi', 'Santa Anastasia', 'Teatro Romano', 'Palazzo della Ragione']",Castelvecchio,strategy_nearest,False,0.0029859542846679688,success
04AC2B429C4C80,2,"['Teatro Romano', 'Casa Giulietta']",Museo Lapidario,"['Verona Tour', 'Arena', 'Castelvecchio', 'Museo Radio', 'San Fermo']",Palazzo della Ragione,strategy_nearest,False,0.0035130977630615234,success
04AC2C429C4C80,2,"['Castelvecchio', 'Duomo', 'Santa Anastasia']",Palazzo della Ragione,"['AMO', 'Museo Conte', 'Torre Lamberti', 'Centro Fotografia', 'Sighseeing']",Torre Lamberti,strategy_nearest,True,0.0027971267700195312,success
04AC2E3A9C4C80,3,['Arena'],Santa Anastasia,"['AMO', 'Museo Conte', 'Palazzo della Ragione', 'Teatro Romano', 'Centro Fotografia']",San Zeno,strategy_nearest,False,0.003612995147705078,success
04AC4D429C4C80,2,['Santa Anastasia'],Duomo,"['AMO', 'Museo Miniscalchi', 'Teatro Romano', 'Palazzo della Ragione', 'Museo Conte']",Casa Giulietta,strategy_nearest,False,0.0022821426391601562,success
04AC57429C4C80,3,"['Arena', 'Casa Giulietta']",Torre Lamberti,"['Sighseeing', 'Centro Fotografia', 'Museo Conte', 'Palazzo della Ragione', 'AMO']",San Fermo,strategy_nearest,False,0.003242015838623047,success
04AC4F429C4C80,0,['Arena'],Casa Giulietta,"['Centro Fotografia', 'Sighseeing', 'Torre Lamberti', 'Museo Conte', 'Museo Radio']",Arena,strategy_nearest,False,0.003378152847290039,success
04AC66429C4C80,2,['Castelvecchio'],Torre Lamberti,"['Sighseeing', 'Centro Fotografia', 'Museo Conte', 'Casa Giulietta', 'Palazzo della Ragione']",Palazzo della Ragione,strategy_nearest,True,0.002639293670654297,success
04AC763A9C4C80,2,['San Fermo'],Santa Anastasia,"['AMO', 'Museo Conte', 'Palazzo della Ragione', 'Teatro Romano', 'Centro Fotografia']",Torre Lamberti,strategy_nearest,False,0.0028498172760009766,success
04AC6B429C4C80,0,['Castelvecchio'],Arena,"['Verona Tour', 'Museo Lapidario', 'Museo Radio', 'San Fermo', 'Casa Giulietta']",Torre Lamberti,strategy_nearest,False,0.0027561187744140625,success
04AC76429C4C80,3,"['Museo Lapidario', 'Arena', 'Casa Giulietta']",Teatro Romano,"['Santa Anastasia', 'Duomo', 'AMO', 'Palazzo della Ragione', 'Museo Conte']",Santa Anastasia,strategy_nearest,True,0.0025463104248046875,success
04AC844A9C4C80,3,"['Arena', 'Torre Lamberti']",Casa Giulietta,"['Centro Fotografia', 'Sighseeing', 'Museo Conte', 'Museo Radio', 'Palazzo della Ragione']",Santa Anastasia,strategy_nearest,False,0.0014181137084960938,success
04AC82429C4C80,3,['Arena'],San Zeno,"['Castelvecchio', 'Verona Tour', 'Museo Lapidario', 'Museo Miniscalchi', 'Sighseeing']",Santa Anastasia,strategy_nearest,False,0.0022110939025878906,success
04AC87429C4C80,2,['Duomo'],Santa Anastasia,"['AMO', 'Museo Conte', 'Palazzo della Ragione', 'Teatro Romano', 'Centro Fotografia']",Casa Giulietta,strategy_nearest,False,0.0035581588745117188,success
04AC7C4A9C4C80,3,['Arena'],Casa Giulietta,"['Centro Fotografia', 'Sighseeing', 'Torre Lamberti', 'Museo Conte', 'Museo Radio']",San Fermo,strategy_nearest,False,0.0043239593505859375,success
04AC8E4A9C4C80,0,['Arena'],Castelvecchio,"['Museo Lapidario', 'Verona Tour', 'Museo Radio', 'San Zeno', 'Sighseeing']",Teatro Romano,strategy_nearest,False,0.002473115921020508,success
04AC8F4A9C4C80,3,"['Arena', 'Museo Lapidario']",Castelvecchio,"['Verona Tour', 'Museo Radio', 'San Zeno', 'Sighseeing', 'Museo Miniscalchi']",Santa Anastasia,strategy_nearest,False,0.0026941299438476562,success
04AC97429C4C80,3,"['Arena', 'San Fermo']",Duomo,"['AMO', 'Museo Miniscalchi', 'Santa Anastasia', 'Teatro Romano', 'Palazzo della Ragione']",Santa Anastasia,strategy_nearest,True,0.0031812191009521484,success
04AC93429C4C80,0,['Castelvecchio'],Santa Anastasia,"['AMO', 'Museo Conte', 'Palazzo della Ragione', 'Teatro Romano', 'Centro Fotografia']",Arena,strategy_nearest,False,0.0039408206939697266,success
04AC984A9C4C80,3,['Arena'],Santa Anastasia,"['AMO', 'Museo Conte', 'Palazzo della Ragione', 'Teatro Romano', 'Centro Fotografia']",Teatro Romano,strategy_nearest,True,0.002618074417114258,success
04ACA0429C4C80,0,['Tomba Giulietta'],Arena,"['Verona Tour', 'Museo Lapidario', 'Museo Radio', 'San Fermo', 'Casa Giulietta']",Casa Giulietta,strategy_nearest,True,0.0037310123443603516,success
04AC9A429C4C80,0,['Arena'],Casa Giulietta,"['Centro Fotografia', 'Sighseeing', 'Torre Lamberti', 'Museo Conte', 'Museo Radio']",Torre Lamberti,strategy_nearest,True,0.003107786178588867,success
04AC99429C4C80,1,"['Arena', 'Casa Giulietta', 'Torre Lamberti']",Palazzo della Ragione,"['AMO', 'Museo Conte', 'Centro Fotografia', 'Sighseeing', 'Santa Anastasia']",San Zeno,strategy_nearest,False,0.003213644027709961,success
04ACA93A9C4C80,0,"['Torre Lamberti', 'Teatro Romano']",Castelvecchio,"['Museo Lapidario', 'Verona Tour', 'Arena', 'Museo Radio', 'San Zeno']",Arena,strategy_nearest,True,0.0028181076049804688,success
04ACA3429C4C80,2,['Castelvecchio'],Casa Giulietta,"['Centro Fotografia', 'Sighseeing', 'Torre Lamberti', 'Museo Conte', 'Museo Radio']",Torre Lamberti,strategy_nearest,True,0.0030100345611572266,success
04ACAA429C4C80,2,['Castelvecchio'],Casa Giulietta,"['Centro Fotografia', 'Sighseeing', 'Torre Lamberti', 'Museo Conte', 'Museo Radio']",Torre Lamberti,strategy_nearest,True,0.0015120506286621094,success
04ACB0429C4C80,1,"['Castelvecchio', 'Arena', 'Casa Giulietta']",Torre Lamberti,"['Sighseeing', 'Centro Fotografia', 'Museo Conte', 'Palazzo della Ragione', 'AMO']",Palazzo della Ragione,strategy_nearest,True,0.0031468868255615234,success
04ACB93A9C4C80,2,['Casa Giulietta'],Torre Lamberti,"['Sighseeing', 'Centro Fotografia', 'Museo Conte', 'Palazzo della Ragione', 'AMO']",Duomo,strategy_nearest,False,0.0029077529907226562,success
04ACB6429C4C80,0,['Arena'],Torre Lamberti,"['Sighseeing', 'Centro Fotografia', 'Museo Conte', 'Casa Giulietta', 'Palazzo della Ragione']",Casa Giulietta,strategy_nearest,True,0.002112865447998047,success
04ACBB429C4C80,2,['Casa Giulietta'],Torre Lamberti,"['Sighseeing', 'Centro Fotografia', 'Museo Conte', 'Palazzo della Ragione', 'AMO']",Santa Anastasia,strategy_nearest,False,0.0035092830657958984,success
04ACBD3A9C4C80,0,['Arena'],Torre Lamberti,"['Sighseeing', 'Centro Fotografia', 'Museo Conte', 'Casa Giulietta', 'Palazzo della Ragione']",Duomo,strategy_nearest,False,0.0019252300262451172,success
04ACC23A9C4C80,0,['Arena'],Casa Giulietta,"['Centro Fotografia', 'Sighseeing', 'Torre Lamberti', 'Museo Conte', 'Museo Radio']",Santa Anastasia,strategy_nearest,False,0.002991914749145508,success
04ACC0429C4C80,0,['San Fermo'],Arena,"['Verona Tour', 'Museo Lapidario', 'Museo Radio', 'Casa Giulietta', 'Sighseeing']",San Zeno,strategy_nearest,False,0.0030269622802734375,success
04ACC4429C4C80,3,['Arena'],Torre Lamberti,"['Sighseeing', 'Centro Fotografia', 'Museo Conte', 'Casa Giulietta', 'Palazzo della Ragione']",Santa Anastasia,strategy_nearest,False,0.0038299560546875,success
04ACE03A9C4C80,1,"['Arena', 'Museo Lapidario', 'Castelvecchio', 'Torre Lamberti', 'Palazzo della Ragione']",Casa Giulietta,"['Centro Fotografia', 'Sighseeing', 'Museo Conte', 'Museo Radio', 'San Fermo']",Santa Anastasia,strategy_nearest,False,0.002460956573486328,success
04ACC83A9C4C80,3,"['Arena', 'Casa Giulietta', 'San Zeno']",Castelvecchio,"['Museo Lapidario', 'Verona Tour', 'Museo Radio', 'Sighseeing', 'Museo Miniscalchi']",Duomo,strategy_nearest,False,0.002855062484741211,success
04ACCE429C4C80,2,"['Palazzo della Ragione', 'Torre Lamberti', 'Casa Giulietta']",Giardino Giusti,"['Santa Anastasia', 'Teatro Romano', 'Museo Conte', 'Centro Fotografia', 'Museo Storia']",Santa Anastasia,strategy_nearest,True,0.003577709197998047,success
04AD023A9C4C84,3,"['Castelvecchio', 'Torre Lamberti']",Santa Anastasia,"['AMO', 'Museo Conte', 'Palazzo della Ragione', 'Teatro Romano', 'Centro Fotografia']",Duomo,strategy_nearest,False,0.002468109130859375,success
04ACFE429C4C80,2,"['Castelvecchio', 'San Zeno', 'Duomo']",Teatro Romano,"['Santa Anastasia', 'AMO', 'Palazzo della Ragione', 'Museo Conte', 'Centro Fotografia']",San Fermo,strategy_nearest,False,0.003242015838623047,success
04ACE53A9C4C80,1,['Arena'],Palazzo della Ragione,"['AMO', 'Museo Conte', 'Torre Lamberti', 'Centro Fotografia', 'Sighseeing']",Torre Lamberti,strategy_nearest,True,0.0020592212677001953,success
04AD033A9C4C84,2,['Casa Giulietta'],Torre Lamberti,"['Sighseeing', 'Centro Fotografia', 'Museo Conte', 'Palazzo della Ragione', 'AMO']",Castelvecchio,strategy_nearest,False,0.0038068294525146484,success
04AD08429C4C84,0,['Casa Giulietta'],Giardino Giusti,"['Santa Anastasia', 'Teatro Romano', 'Museo Conte', 'Centro Fotografia', 'Museo Storia']",Arena,strategy_nearest,False,0.002103090286254883,success
04AD0D429C4C80,2,"['San Zeno', 'Castelvecchio', 'Santa Anastasia']",Duomo,"['AMO', 'Museo Miniscalchi', 'Teatro Romano', 'Palazzo della Ragione', 'Museo Conte']",Palazzo della Ragione,strategy_nearest,True,0.0020618438720703125,success
04AD0D429C4C84,2,"['San Zeno', 'Teatro Romano', 'Duomo', 'Palazzo della Ragione']",Torre Lamberti,"['Sighseeing', 'Centro Fotografia', 'Museo Conte', 'Casa Giulietta', 'AMO']",Casa Giulietta,strategy_nearest,True,0.0037870407104492188,success
04AD09429C4C80,3,"['Duomo', 'Santa Anastasia']",Torre Lamberti,"['Sighseeing', 'Centro Fotografia', 'Museo Conte', 'Casa Giulietta', 'Palazzo della Ragione']",Tomba Giulietta,strategy_nearest,False,0.004016876220703125,success
04AD174A9C4C80,2,"['Castelvecchio', 'San Zeno']",Santa Anastasia,"['AMO', 'Museo Conte', 'Palazzo della Ragione', 'Teatro Romano', 'Centro Fotografia']",Torre Lamberti,strategy_nearest,False,0.0039899349212646484,success
04AD1B3A9C4C80,3,"['Museo Lapidario', 'Arena']",Casa Giulietta,"['Centro Fotografia', 'Sighseeing', 'Torre Lamberti', 'Museo Conte', 'Museo Radio']",Torre Lamberti,strategy_nearest,True,0.002816915512084961,success
04AD1D4A9C4C80,3,"['Tomba Giulietta', 'Arena', 'Castelvecchio']",Casa Giulietta,"['Centro Fotografia', 'Sighseeing', 'Torre Lamberti', 'Museo Conte', 'Museo Radio']",Torre Lamberti,strategy_nearest,True,0.003245115280151367,success
04AD1F4A9C4C80,3,"['Arena', 'Casa Giulietta', 'Museo Lapidario']",Castelvecchio,"['Verona Tour', 'Museo Radio', 'San Zeno', 'Sighseeing', 'Museo Miniscalchi']",San Zeno,strategy_nearest,True,0.001968860626220703,success
04AD20429C4C84,1,"['Arena', 'San Fermo']",Palazzo della Ragione,"['AMO', 'Museo Conte', 'Torre Lamberti', 'Centro Fotografia', 'Sighseeing']",Torre Lamberti,strategy_nearest,True,0.0035479068756103516,success
04AD24429C4C84,1,['Arena'],Palazzo della Ragione,"['AMO', 'Museo Conte', 'Torre Lamberti', 'Centro Fotografia', 'Sighseeing']",Torre Lamberti,strategy_nearest,True,0.0018029212951660156,success
04AD28429C4C84,0,['Arena'],Casa Giulietta,"['Centro Fotografia', 'Sighseeing', 'Torre Lamberti', 'Museo Conte', 'Museo Radio']",Torre Lamberti,strategy_nearest,True,0.002413034439086914,success
04AD2B429C4C80,0,"['Museo Lapidario', 'Castelvecchio']",Arena,"['Verona Tour', 'Museo Radio', 'San Fermo', 'Casa Giulietta', 'Sighseeing']",Teatro Romano,strategy_nearest,False,0.004163980484008789,success
04AD253A9C4C80,3,"['Castelvecchio', 'Arena']",Casa Giulietta,"['Centro Fotografia', 'Sighseeing', 'Torre Lamberti', 'Museo Conte', 'Museo Radio']",Santa Anastasia,strategy_nearest,False,0.0037050247192382812,success
04AD2E3A9C4C80,3,['Arena'],Santa Anastasia,"['AMO', 'Museo Conte', 'Palazzo della Ragione', 'Teatro Romano', 'Centro Fotografia']",San Zeno,strategy_nearest,False,0.0013861656188964844,success
04AD323A9C4C80,0,"['Arena', 'Castelvecchio']",Torre Lamberti,"['Sighseeing', 'Centro Fotografia', 'Museo Conte', 'Casa Giulietta', 'Palazzo della Ragione']",Teatro Romano,strategy_nearest,False,0.003493070602416992,success
04AD2F3A9C4C80,3,"['Arena', 'Casa Giulietta']",San Fermo,"['Museo Storia', 'Museo Radio', 'Centro Fotografia', 'Sighseeing', 'Torre Lamberti']",Duomo,strategy_nearest,False,0.0029201507568359375,success
04AD2C3A9C4C80,1,"['Arena', 'Casa Giulietta', 'Torre Lamberti']",Palazzo della Ragione,"['AMO', 'Museo Conte', 'Centro Fotografia', 'Sighseeing', 'Santa Anastasia']",Palazzo della Ragione,strategy_nearest,False,0.002216815948486328,success
04AD32429C4C80,3,"['Arena', 'Torre Lamberti']",Santa Anastasia,"['AMO', 'Museo Conte', 'Palazzo della Ragione', 'Teatro Romano', 'Centro Fotografia']",Duomo,strategy_nearest,False,0.0020411014556884766,success
04AD3A429C4C80,3,['Arena'],Santa Anastasia,"['AMO', 'Museo Conte', 'Palazzo della Ragione', 'Teatro Romano', 'Centro Fotografia']",Duomo,strategy_nearest,False,0.0028662681579589844,success
04AD384A9C4C80,0,['Arena'],Giardino Giusti,"['Santa Anastasia', 'Teatro Romano', 'Museo Conte', 'Centro Fotografia', 'Museo Storia']",Teatro Romano,strategy_nearest,True,0.0019369125366210938,success
04AD3D3A9C4C80,1,['Arena'],Casa Giulietta,"['Centro Fotografia', 'Sighseeing', 'Torre Lamberti', 'Museo Conte', 'Museo Radio']",Palazzo della Ragione,strategy_nearest,False,0.0032892227172851562,success
04AD463A9C4C80,0,['Casa Giulietta'],Tomba Giulietta,"['San Fermo', 'Museo Storia', 'Arena', 'Museo Lapidario', 'Museo Radio']",Arena,strategy_nearest,True,0.0017559528350830078,success
04AD4E429C4C80,3,"['Arena', 'Casa Giulietta', 'Torre Lamberti']",Santa Anastasia,"['AMO', 'Museo Conte', 'Palazzo della Ragione', 'Teatro Romano', 'Centro Fotografia']",Duomo,strategy_nearest,False,0.001955270767211914,success
04AD49429C4C80,2,"['Castelvecchio', 'San Zeno', 'Santa Anastasia']",Torre Lamberti,"['Sighseeing', 'Centro Fotografia', 'Museo Conte', 'Casa Giulietta', 'Palazzo della Ragione']",Duomo,strategy_nearest,False,0.0035860538482666016,success
04AD4F429C4C80,0,['Arena'],Casa Giulietta,"['Centro Fotografia', 'Sighseeing', 'Torre Lamberti', 'Museo Conte', 'Museo Radio']",Teatro Romano,strategy_nearest,False,0.002811908721923828,success
04AD6F3A9C4C80,1,"['Duomo', 'Arena']",Torre Lamberti,"['Sighseeing', 'Centro Fotografia', 'Museo Conte', 'Casa Giulietta', 'Palazzo della Ragione']",Palazzo della Ragione,strategy_nearest,True,0.0030601024627685547,success
04AD7F429C4C80,0,['Arena'],Casa Giulietta,"['Centro Fotografia', 'Sighseeing', 'Torre Lamberti', 'Museo Conte', 'Museo Radio']",Santa Anastasia,strategy_nearest,False,0.0013439655303955078,success
04AD763A9C4C80,3,"['Casa Giulietta', 'Arena', 'San Fermo']",Castelvecchio,"['Museo Lapidario', 'Verona Tour', 'Museo Radio', 'San Zeno', 'Sighseeing']",San Zeno,strategy_nearest,True,0.002482891082763672,success
04AD803A9C4C80,3,"['Arena', 'Casa Giulietta']",Santa Anastasia,"['AMO', 'Museo Conte', 'Palazzo della Ragione', 'Teatro Romano', 'Centro Fotografia']",San Fermo,strategy_nearest,False,0.004118919372558594,success
04AD854A9C4C80,2,"['Casa Giulietta', 'Palazzo della Ragione']",Santa Anastasia,"['AMO', 'Museo Conte', 'Teatro Romano', 'Centro Fotografia', 'Duomo']",Duomo,strategy_nearest,True,0.0032889842987060547,success
04AD864A9C4C80,3,['Arena'],Santa Anastasia,"['AMO', 'Museo Conte', 'Palazzo della Ragione', 'Teatro Romano', 'Centro Fotografia']",Duomo,strategy_nearest,False,0.002357959747314453,success
04AD8B4A9C4C80,1,"['Arena', 'Palazzo della Ragione']",Torre Lamberti,"['Sighseeing', 'Centro Fotografia', 'Museo Conte', 'Casa Giulietta', 'AMO']",Casa Giulietta,strategy_nearest,True,0.0036182403564453125,success
04AD8F4A9C4C80,3,"['Arena', 'Casa Giulietta']",Torre Lamberti,"['Sighseeing', 'Centro Fotografia', 'Museo Conte', 'Palazzo della Ragione', 'AMO']",Santa Anastasia,strategy_nearest,False,0.0022079944610595703,success
04AD91429C4C80,1,['Arena'],Casa Giulietta,"['Centro Fotografia', 'Sighseeing', 'Torre Lamberti', 'Museo Conte', 'Museo Radio']",Palazzo della Ragione,strategy_nearest,False,0.0013949871063232422,success
04AD92429C4C80,1,"['Arena', 'San Fermo']",Torre Lamberti,"['Sighseeing', 'Centro Fotografia', 'Museo Conte', 'Casa Giulietta', 'Palazzo della Ragione']",Palazzo della Ragione,strategy_nearest,True,0.0047779083251953125,success
04AD98BA7B3F80,3,"['Santa Anastasia', 'Arena']",Torre Lamberti,"['Sighseeing', 'Centro Fotografia', 'Museo Conte', 'Casa Giulietta', 'Palazzo della Ragione']",San Fermo,strategy_nearest,False,0.0013649463653564453,success
04AD96429C4C80,0,"['Tomba Giulietta', 'Arena']",Castelvecchio,"['Museo Lapidario', 'Verona Tour', 'Museo Radio', 'San Zeno', 'Sighseeing']",Santa Anastasia,strategy_nearest,False,0.0021779537200927734,success
04AD99429C4C80,2,['Museo Lapidario'],Castelvecchio,"['Verona Tour', 'Arena', 'Museo Radio', 'San Zeno', 'Sighseeing']",Duomo,strategy_nearest,False,0.0033206939697265625,success
04ADA54A9C4C80,0,['Arena'],Casa Giulietta,"['Centro Fotografia', 'Sighseeing', 'Torre Lamberti', 'Museo Conte', 'Museo Radio']",Santa Anastasia,strategy_nearest,False,0.0023081302642822266,success
04ADA83A9C4C80,2,"['Museo Lapidario', 'Casa Giulietta']",Torre Lamberti,"['Sighseeing', 'Centro Fotografia', 'Museo Conte', 'Palazzo della Ragione', 'AMO']",Palazzo della Ragione,strategy_nearest,True,0.0014989376068115234,success
04ADAA429C4C80,3,"['Castelvecchio', 'Arena']",San Fermo,"['Museo Storia', 'Museo Radio', 'Casa Giulietta', 'Centro Fotografia', 'Sighseeing']",Santa Anastasia,strategy_nearest,False,0.0034050941467285156,success
04AD9F4A9C4C80,3,['Arena'],Casa Giulietta,"['Centro Fotografia', 'Sighseeing', 'Torre Lamberti', 'Museo Conte', 'Museo Radio']",Santa Anastasia,strategy_nearest,False,0.002956867218017578,success
04ADB03A9C4C80,0,['Arena'],Tomba Giulietta,"['San Fermo', 'Museo Storia', 'Museo Lapidario', 'Museo Radio', 'Verona Tour']",Duomo,strategy_nearest,False,0.0012748241424560547,success
04ADAB3A9C4C80,0,['Arena'],Casa Giulietta,"['Centro Fotografia', 'Sighseeing', 'Torre Lamberti', 'Museo Conte', 'Museo Radio']",Santa Anastasia,strategy_nearest,False,0.0028498172760009766,success
04ADB1429C4C80,0,['Arena'],Casa Giulietta,"['Centro Fotografia', 'Sighseeing', 'Torre Lamberti', 'Museo Conte', 'Museo Radio']",San Zeno,strategy_nearest,False,0.002840757369995117,success
04ADB3429C4C80,2,['Torre Lamberti'],Duomo,"['AMO', 'Museo Miniscalchi', 'Santa Anastasia', 'Teatro Romano', 'Palazzo della Ragione']",Casa Giulietta,strategy_nearest,False,0.003340005874633789,success
04ADC83A9C4C80,3,"['Castelvecchio', 'Arena', 'Tomba Giulietta']",Casa Giulietta,"['Centro Fotografia', 'Sighseeing', 'Torre Lamberti', 'Museo Conte', 'Museo Radio']",Torre Lamberti,strategy_nearest,True,0.0036249160766601562,success
04ADB7429C4C80,3,"['Teatro Romano', 'Santa Anastasia']",Casa Giulietta,"['Centro Fotografia', 'Sighseeing', 'Torre Lamberti', 'Museo Conte', 'Museo Radio']",Arena,strategy_nearest,False,0.0037240982055664062,success
04ADE13A9C4C80,3,"['Arena', 'San Zeno']",Castelvecchio,"['Museo Lapidario', 'Verona Tour', 'Museo Radio', 'Sighseeing', 'Museo Miniscalchi']",Torre Lamberti,strategy_nearest,False,0.003500223159790039,success
04ADCE429C4C80,3,"['Castelvecchio', 'Casa Giulietta']",Torre Lamberti,"['Sighseeing', 'Centro Fotografia', 'Museo Conte', 'Palazzo della Ragione', 'AMO']",Santa Anastasia,strategy_nearest,False,0.0014810562133789062,success
04AE0B429C4C84,3,"['Arena', 'Casa Giulietta', 'San Fermo', 'Giardino Giusti']",Torre Lamberti,"['Sighseeing', 'Centro Fotografia', 'Museo Conte', 'Palazzo della Ragione', 'AMO']",San Zeno,strategy_nearest,False,0.0027730464935302734,success
04ADEC3A9C4C80,2,['Torre Lamberti'],Casa Giulietta,"['Centro Fotografia', 'Sighseeing', 'Museo Conte', 'Museo Radio', 'Palazzo della Ragione']",Castelvecchio,strategy_nearest,False,0.002130746841430664,success
04AE103A9C4C80,0,['Arena'],Casa Giulietta,"['Centro Fotografia', 'Sighseeing', 'Torre Lamberti', 'Museo Conte', 'Museo Radio']",Tomba Giulietta,strategy_nearest,False,0.0026788711547851562,success
04AE114A9C4C80,3,"['Arena', 'San Fermo', 'Santa Anastasia', 'Torre Lamberti']",Casa Giulietta,"['Centro Fotografia', 'Sighseeing', 'Museo Conte', 'Museo Radio', 'Palazzo della Ragione']",San Zeno,strategy_nearest,False,0.0033338069915771484,success
04AE1F4A9C4C80,1,"['Arena', 'Torre Lamberti']",Palazzo della Ragione,"['AMO', 'Museo Conte', 'Centro Fotografia', 'Sighseeing', 'Santa Anastasia']",Santa Anastasia,strategy_nearest,True,0.0027871131896972656,success
04AE13429C4C80,1,"['Arena', 'Palazzo della Ragione', 'Torre Lamberti', 'San Fermo']",Santa Anastasia,"['AMO', 'Museo Conte', 'Teatro Romano', 'Centro Fotografia', 'Duomo']",Casa Giulietta,strategy_nearest,False,0.003059864044189453,success
04AE1B429C4C84,0,"['San Zeno', 'Castelvecchio']",Museo Lapidario,"['Verona Tour', 'Arena', 'Museo Radio', 'San Fermo', 'Casa Giulietta']",Arena,strategy_nearest,True,0.00418400764465332,success
04AE1D429C4C84,3,"['Arena', 'Casa Giulietta']",Santa Anastasia,"['AMO', 'Museo Conte', 'Palazzo della Ragione', 'Teatro Romano', 'Centro Fotografia']",Duomo,strategy_nearest,False,0.0014078617095947266,success
04AE2B3A9C4C80,3,"['Arena', 'San Fermo']",Casa Giulietta,"['Centro Fotografia', 'Sighseeing', 'Torre Lamberti', 'Museo Conte', 'Museo Radio']",Torre Lamberti,strategy_nearest,True,0.002432107925415039,success
04AE263A9C4C80,1,['Arena'],Torre Lamberti,"['Sighseeing', 'Centro Fotografia', 'Museo Conte', 'Casa Giulietta', 'Palazzo della Ragione']",Palazzo della Ragione,strategy_nearest,True,0.0031778812408447266,success
04AE263A9C4C84,3,"['Arena', 'Casa Giulietta']",Santa Anastasia,"['AMO', 'Museo Conte', 'Palazzo della Ragione', 'Teatro Romano', 'Centro Fotografia']",Teatro Romano,strategy_nearest,True,0.0019147396087646484,success
04AE29429C4C84,1,['Castelvecchio'],Palazzo della Ragione,"['AMO', 'Museo Conte', 'Torre Lamberti', 'Centro Fotografia', 'Sighseeing']",Santa Anastasia,strategy_nearest,False,0.0038590431213378906,success
04AE403A9C4C80,1,"['Castelvecchio', 'Museo Lapidario', 'Arena', 'San Fermo']",Casa Giulietta,"['Centro Fotografia', 'Sighseeing', 'Torre Lamberti', 'Museo Conte', 'Museo Radio']",Palazzo della Ragione,strategy_nearest,False,0.0033092498779296875,success
04AE3E3A9C4C80,3,"['Arena', 'Museo Lapidario', 'Castelvecchio', 'Casa Giulietta']",Duomo,"['AMO', 'Museo Miniscalchi', 'Santa Anastasia', 'Teatro Romano', 'Palazzo della Ragione']",Santa Anastasia,strategy_nearest,True,0.0035872459411621094,success
04AE3F429C4C80,3,"['Arena', 'Casa Giulietta', 'San Zeno']",Castelvecchio,"['Museo Lapidario', 'Verona Tour', 'Museo Radio', 'Sighseeing', 'Museo Miniscalchi']",Torre Lamberti,strategy_nearest,False,0.002229928970336914,success
04AE323A9C4C80,0,['Castelvecchio'],Arena,"['Verona Tour', 'Museo Lapidario', 'Museo Radio', 'San Fermo', 'Casa Giulietta']",San Fermo,strategy_nearest,True,0.002337217330932617,success
04AE52429C4C80,3,"['San Fermo', 'Casa Giulietta', 'Torre Lamberti']",Santa Anastasia,"['AMO', 'Museo Conte', 'Palazzo della Ragione', 'Teatro Romano', 'Centro Fotografia']",Arena,strategy_nearest,False,0.0023250579833984375,success
04AE43429C4C80,3,['Arena'],Casa Giulietta,"['Centro Fotografia', 'Sighseeing', 'Torre Lamberti', 'Museo Conte', 'Museo Radio']",Santa Anastasia,strategy_nearest,False,0.0030379295349121094,success
04AE4E3A9C4C80,2,"['Castelvecchio', 'San Fermo']",Santa Anastasia,"['AMO', 'Museo Conte', 'Palazzo della Ragione', 'Teatro Romano', 'Centro Fotografia']",San Zeno,strategy_nearest,False,0.0017039775848388672,success
04AE58429C4C80,0,['Arena'],Giardino Giusti,"['Santa Anastasia', 'Teatro Romano', 'Museo Conte', 'Centro Fotografia', 'Museo Storia']",Castelvecchio,strategy_nearest,False,0.003416776657104492,success
04AE683A9C4C80,0,['Arena'],Castelvecchio,"['Museo Lapidario', 'Verona Tour', 'Museo Radio', 'San Zeno', 'Sighseeing']",Duomo,strategy_nearest,False,0.0022208690643310547,success
04AE5A429C4C80,1,"['Arena', 'Museo Lapidario', 'Palazzo della Ragione', 'Santa Anastasia']",Duomo,"['AMO', 'Museo Miniscalchi', 'Teatro Romano', 'Museo Conte', 'Torre Lamberti']",Casa Giulietta,strategy_nearest,False,0.002293825149536133,success
04AE83429C4C80,1,"['Casa Giulietta', 'Santa Anastasia']",Duomo,"['AMO', 'Museo Miniscalchi', 'Teatro Romano', 'Palazzo della Ragione', 'Museo Conte']",Arena,strategy_nearest,False,0.0025568008422851562,success
04AE7C4A9C4C80,3,"['Arena', 'Santa Anastasia']",Duomo,"['AMO', 'Museo Miniscalchi', 'Teatro Romano', 'Palazzo della Ragione', 'Museo Conte']",Torre Lamberti,strategy_nearest,False,0.003371000289916992,success
04AE863A9C4C80,3,"['Arena', 'Casa Giulietta']",Santa Anastasia,"['AMO', 'Museo Conte', 'Palazzo della Ragione', 'Teatro Romano', 'Centro Fotografia']",San Zeno,strategy_nearest,False,0.0015370845794677734,success
04AE894A9C4C80,0,['Arena'],Castelvecchio,"['Museo Lapidario', 'Verona Tour', 'Museo Radio', 'San Zeno', 'Sighseeing']",Casa Giulietta,strategy_nearest,False,0.0021529197692871094,success
04AE853A9C4C80,3,"['Tomba Giulietta', 'San Fermo', 'Torre Lamberti']",Santa Anastasia,"['AMO', 'Museo Conte', 'Palazzo della Ragione', 'Teatro Romano', 'Centro Fotografia']",Teatro Romano,strategy_nearest,True,0.0028200149536132812,success
04AE8B4A9C4C80,0,['Arena'],Torre Lamberti,"['Sighseeing', 'Centro Fotografia', 'Museo Conte', 'Casa Giulietta', 'Palazzo della Ragione']",Casa Giulietta,strategy_nearest,True,0.0036690235137939453,success
04AE8C3A9C4C80,0,['Arena'],Casa Giulietta,"['Centro Fotografia', 'Sighseeing', 'Torre Lamberti', 'Museo Conte', 'Museo Radio']",Teatro Romano,strategy_nearest,False,0.0019359588623046875,success
04AE8C4A9C4C80,0,['Arena'],Torre Lamberti,"['Sighseeing', 'Centro Fotografia', 'Museo Conte', 'Casa Giulietta', 'Palazzo della Ragione']",Casa Giulietta,strategy_nearest,True,0.002679109573364258,success
04AE92429C4C80,0,['Arena'],Castelvecchio,"['Museo Lapidario', 'Verona Tour', 'Museo Radio', 'San Zeno', 'Sighseeing']",Torre Lamberti,strategy_nearest,False,0.0023140907287597656,success
04AE90429C4C80,0,"['Arena', 'Casa Giulietta']",Torre Lamberti,"['Sighseeing', 'Centro Fotografia', 'Museo Conte', 'Palazzo della Ragione', 'AMO']",Duomo,strategy_nearest,False,0.0028688907623291016,success
04AE91429C4C80,0,['Arena'],Casa Giulietta,"['Centro Fotografia', 'Sighseeing', 'Torre Lamberti', 'Museo Conte', 'Museo Radio']",Duomo,strategy_nearest,False,0.002611875534057617,success
04AE934A9C4C80,3,"['Arena', 'Museo Lapidario']",Casa Giulietta,"['Centro Fotografia', 'Sighseeing', 'Torre Lamberti', 'Museo Conte', 'Museo Radio']",Torre Lamberti,strategy_nearest,True,0.0025649070739746094,success
04AEA0429C4C80,3,"['Tomba Giulietta', 'Museo Lapidario']",Arena,"['Verona Tour', 'Museo Radio', 'San Fermo', 'Casa Giulietta', 'Sighseeing']",Casa Giulietta,strategy_nearest,True,0.0028400421142578125,success
04AE9D429C4C80,1,"['Torre Lamberti', 'Teatro Romano']",Casa Giulietta,"['Centro Fotografia', 'Sighseeing', 'Museo Conte', 'Museo Radio', 'Palazzo della Ragione']",Arena,strategy_nearest,False,0.0034906864166259766,success
04AE95429C4C80,1,"['Castelvecchio', 'Casa Giulietta', 'Torre Lamberti']",Palazzo della Ragione,"['AMO', 'Museo Conte', 'Centro Fotografia', 'Sighseeing', 'Santa Anastasia']",Arena,strategy_nearest,False,0.0021331310272216797,success
04AEA34A9C4C80,3,['Arena'],Santa Anastasia,"['AMO', 'Museo Conte', 'Palazzo della Ragione', 'Teatro Romano', 'Centro Fotografia']",Duomo,strategy_nearest,False,0.003471851348876953,success
04AEAA4A9C4C80,3,"['Castelvecchio', 'Arena']",Casa Giulietta,"['Centro Fotografia', 'Sighseeing', 'Torre Lamberti', 'Museo Conte', 'Museo Radio']",Santa Anastasia,strategy_nearest,False,0.002566814422607422,success
04AEAB3A9C4C80,3,"['Arena', 'Teatro Romano']",Duomo,"['AMO', 'Museo Miniscalchi', 'Santa Anastasia', 'Palazzo della Ragione', 'Museo Conte']",Santa Anastasia,strategy_nearest,True,0.002341747283935547,success
04AEAA3A9C4C80,3,"['Santa Anastasia', 'Teatro Romano', 'Duomo']",Torre Lamberti,"['Sighseeing', 'Centro Fotografia', 'Museo Conte', 'Casa Giulietta', 'Palazzo della Ragione']",Casa Giulietta,strategy_nearest,True,0.0018739700317382812,success
04AEB7429C4C80,0,['Teatro Romano'],Casa Giulietta,"['Centro Fotografia', 'Sighseeing', 'Torre Lamberti', 'Museo Conte', 'Museo Radio']",Arena,strategy_nearest,False,0.0028498172760009766,success
04AEB9429C4C80,3,"['Teatro Romano', 'Duomo', 'Santa Anastasia']",Torre Lamberti,"['Sighseeing', 'Centro Fotografia', 'Museo Conte', 'Casa Giulietta', 'Palazzo della Ragione']",Arena,strategy_nearest,False,0.002669095993041992,success
04AEC2429C4C80,0,['Castelvecchio'],Torre Lamberti,"['Sighseeing', 'Centro Fotografia', 'Museo Conte', 'Casa Giulietta', 'Palazzo della Ragione']",Casa Giulietta,strategy_nearest,True,0.0026857852935791016,success
04AED03A9C4C80,0,"['Teatro Romano', 'Torre Lamberti']",Casa Giulietta,"['Centro Fotografia', 'Sighseeing', 'Museo Conte', 'Museo Radio', 'Palazzo della Ragione']",San Fermo,strategy_nearest,False,0.0030770301818847656,success
04AED73A9C4C80,0,['Torre Lamberti'],Casa Giulietta,"['Centro Fotografia', 'Sighseeing', 'Museo Conte', 'Museo Radio', 'Palazzo della Ragione']",Arena,strategy_nearest,False,0.002067089080810547,success
04AED33A9C4C80,0,['Arena'],Museo Lapidario,"['Verona Tour', 'Castelvecchio', 'Museo Radio', 'San Fermo', 'Casa Giulietta']",Casa Giulietta,strategy_nearest,True,0.003290891647338867,success
04AEE53A9C4C80,3,"['Arena', 'San Fermo']",Casa Giulietta,"['Centro Fotografia', 'Sighseeing', 'Torre Lamberti', 'Museo Conte', 'Museo Radio']",Torre Lamberti,strategy_nearest,True,0.003319978713989258,success
04AEDC3A9C4C80,1,['Arena'],Casa Giulietta,"['Centro Fotografia', 'Sighseeing', 'Torre Lamberti', 'Museo Conte', 'Museo Radio']",Torre Lamberti,strategy_nearest,True,0.0027980804443359375,success
04AEE73A9C4C80,1,"['Arena', 'Casa Giulietta']",Palazzo della Ragione,"['AMO', 'Museo Conte', 'Torre Lamberti', 'Centro Fotografia', 'Sighseeing']",Torre Lamberti,strategy_nearest,True,0.002527952194213867,success
04AEE83A9C4C80,3,['Arena'],Casa Giulietta,"['Centro Fotografia', 'Sighseeing', 'Torre Lamberti', 'Museo Conte', 'Museo Radio']",Torre Lamberti,strategy_nearest,True,0.0034759044647216797,success
04AEEE3A9C4C80,1,"['Arena', 'Castelvecchio']",Palazzo della Ragione,"['AMO', 'Museo Conte', 'Torre Lamberti', 'Centro Fotografia', 'Sighseeing']",Torre Lamberti,strategy_nearest,True,0.002847909927368164,success
04AEFD3A9C4C80,0,['Arena'],Torre Lamberti,"['Sighseeing', 'Centro Fotografia', 'Museo Conte', 'Casa Giulietta', 'Palazzo della Ragione']",Teatro Romano,strategy_nearest,False,0.0018968582153320312,success
04AEFE3A9C4C80,0,"['Casa Giulietta', 'Torre Lamberti']",Arena,"['Verona Tour', 'Museo Lapidario', 'Museo Radio', 'San Fermo', 'Sighseeing']",Castelvecchio,strategy_nearest,False,0.003314971923828125,success
04AF04429C4C84,3,"['Arena', 'Castelvecchio', 'Santa Anastasia']",Teatro Romano,"['Duomo', 'AMO', 'Palazzo della Ragione', 'Museo Conte', 'Centro Fotografia']",Duomo,strategy_nearest,True,0.0027599334716796875,success
04AF07429C4C84,0,"['Arena', 'Casa Giulietta']",Teatro Romano,"['Santa Anastasia', 'Duomo', 'AMO', 'Palazzo della Ragione', 'Museo Conte']",Tomba Giulietta,strategy_nearest,False,0.0033719539642333984,success
04AF06429C4C84,3,"['Casa Giulietta', 'San Fermo', 'San Zeno']",Arena,"['Verona Tour', 'Museo Lapidario', 'Museo Radio', 'Sighseeing', 'Castelvecchio']",Torre Lamberti,strategy_nearest,False,0.002131938934326172,success
04AF0E3A9C4C80,3,['Arena'],Duomo,"['AMO', 'Museo Miniscalchi', 'Santa Anastasia', 'Teatro Romano', 'Palazzo della Ragione']",Santa Anastasia,strategy_nearest,True,0.0033102035522460938,success
04AF154A9C4C80,1,"['Castelvecchio', 'Arena', 'Torre Lamberti']",Palazzo della Ragione,"['AMO', 'Museo Conte', 'Centro Fotografia', 'Sighseeing', 'Santa Anastasia']",Casa Giulietta,strategy_nearest,False,0.0018732547760009766,success
04AF113A9C4C80,3,"['Arena', 'Castelvecchio']",San Zeno,"['Verona Tour', 'Museo Lapidario', 'Museo Miniscalchi', 'Sighseeing', 'Museo Radio']",San Fermo,strategy_nearest,False,0.0033349990844726562,success
04AF16429C4C80,3,"['Arena', 'Casa Giulietta']",Torre Lamberti,"['Sighseeing', 'Centro Fotografia', 'Museo Conte', 'Palazzo della Ragione', 'AMO']",Santa Anastasia,strategy_nearest,False,0.002741098403930664,success
04AF14429C4C84,2,"['Museo Lapidario', 'Castelvecchio', 'Torre Lamberti']",Torre Lamberti,"['Sighseeing', 'Centro Fotografia', 'Museo Conte', 'Casa Giulietta', 'Palazzo della Ragione']",Casa Giulietta,strategy_nearest,True,0.004533052444458008,success
04AF17429C4C84,1,"['Teatro Romano', 'Arena', 'San Fermo', 'Casa Giulietta']",Palazzo della Ragione,"['AMO', 'Museo Conte', 'Torre Lamberti', 'Centro Fotografia', 'Sighseeing']",Santa Anastasia,strategy_nearest,False,0.0025217533111572266,success
04AF173A9C4C80,3,['Arena'],Santa Anastasia,"['AMO', 'Museo Conte', 'Palazzo della Ragione', 'Teatro Romano', 'Centro Fotografia']",Duomo,strategy_nearest,False,0.003371000289916992,success
04AF18429C4C80,2,"['Teatro Romano', 'Santa Anastasia', 'Duomo']",Castelvecchio,"['Museo Lapidario', 'Verona Tour', 'Arena', 'Museo Radio', 'San Zeno']",San Zeno,strategy_nearest,True,0.0030128955841064453,success
04AF2D4A9C4C80,2,"['Casa Giulietta', 'Giardino Giusti']",Teatro Romano,"['Santa Anastasia', 'Duomo', 'AMO', 'Palazzo della Ragione', 'Museo Conte']",Castelvecchio,strategy_nearest,False,0.002588033676147461,success
04AF223A9C4C80,3,"['Castelvecchio', 'Teatro Romano']",Arena,"['Verona Tour', 'Museo Lapidario', 'Museo Radio', 'San Fermo', 'Casa Giulietta']",Santa Anastasia,strategy_nearest,False,0.002838134765625,success
04AF21429C4C80,1,"['Arena', 'San Zeno', 'Castelvecchio']",Teatro Romano,"['Santa Anastasia', 'Duomo', 'AMO', 'Palazzo della Ragione', 'Museo Conte']",Casa Giulietta,strategy_nearest,False,0.004701137542724609,success
04AF353A9C4C80,2,['Casa Giulietta'],Santa Anastasia,"['AMO', 'Museo Conte', 'Palazzo della Ragione', 'Teatro Romano', 'Centro Fotografia']",San Fermo,strategy_nearest,False,0.003815889358520508,success
04AF42429C4C80,2,['Castelvecchio'],Museo Lapidario,"['Verona Tour', 'Arena', 'Museo Radio', 'San Fermo', 'Casa Giulietta']",Tomba Giulietta,strategy_nearest,False,0.004488945007324219,success
04AF373A9C4C80,3,"['Casa Giulietta', 'Santa Anastasia']",Arena,"['Verona Tour', 'Museo Lapidario', 'Museo Radio', 'San Fermo', 'Sighseeing']",Giardino Giusti,strategy_nearest,False,0.004490852355957031,success
04AF523A9C4C80,2,['Castelvecchio'],San Zeno,"['Verona Tour', 'Museo Lapidario', 'Arena', 'Museo Miniscalchi', 'Sighseeing']",Torre Lamberti,strategy_nearest,False,0.0025129318237304688,success
04AF69429C4C80,0,"['Arena', 'Casa Giulietta']",San Fermo,"['Museo Storia', 'Museo Radio', 'Centro Fotografia', 'Sighseeing', 'Torre Lamberti']",Teatro Romano,strategy_nearest,False,0.0037589073181152344,success
04AF6F3A9C4C80,2,['Palazzo della Ragione'],Torre Lamberti,"['Sighseeing', 'Centro Fotografia', 'Museo Conte', 'Casa Giulietta', 'AMO']",Teatro Romano,strategy_nearest,False,0.0027582645416259766,success
04AF74429C4C80,0,['Arena'],Castelvecchio,"['Museo Lapidario', 'Verona Tour', 'Museo Radio', 'San Zeno', 'Sighseeing']",Santa Anastasia,strategy_nearest,False,0.0032923221588134766,success
04AF6A429C4C80,0,['Tomba Giulietta'],Duomo,"['AMO', 'Museo Miniscalchi', 'Santa Anastasia', 'Teatro Romano', 'Palazzo della Ragione']",Casa Giulietta,strategy_nearest,False,0.0022268295288085938,success
04AF753A9C4C80,0,['Arena'],Castelvecchio,"['Museo Lapidario', 'Verona Tour', 'Museo Radio', 'San Zeno', 'Sighseeing']",San Zeno,strategy_nearest,True,0.001834869384765625,success
04AF7B4A9C4C80,3,"['Museo Lapidario', 'Arena', 'San Fermo', 'Casa Giulietta']",Torre Lamberti,"['Sighseeing', 'Centro Fotografia', 'Museo Conte', 'Palazzo della Ragione', 'AMO']",Santa Anastasia,strategy_nearest,False,0.002196073532104492,success
04AF7F3A9C4C80,2,['Teatro Romano'],Tomba Giulietta,"['San Fermo', 'Museo Storia', 'Arena', 'Museo Lapidario', 'Museo Radio']",Castelvecchio,strategy_nearest,False,0.0031218528747558594,success
04AF814A9C4C80,0,['Arena'],Teatro Romano,"['Santa Anastasia', 'Duomo', 'AMO', 'Palazzo della Ragione', 'Museo Conte']",Duomo,strategy_nearest,True,0.003690958023071289,success
04AF83429C4C80,0,['Tomba Giulietta'],Arena,"['Verona Tour', 'Museo Lapidario', 'Museo Radio', 'San Fermo', 'Casa Giulietta']",Castelvecchio,strategy_nearest,False,0.0025620460510253906,success
04AF844A9C4C80,0,['Arena'],Museo Lapidario,"['Verona Tour', 'Castelvecchio', 'Museo Radio', 'San Fermo', 'Casa Giulietta']",Casa Giulietta,strategy_nearest,True,0.0023651123046875,success
04AF8B4A9C4C80,1,"['Arena', 'Casa Giulietta']",Torre Lamberti,"['Sighseeing', 'Centro Fotografia', 'Museo Conte', 'Palazzo della Ragione', 'AMO']",Palazzo della Ragione,strategy_nearest,True,0.002740144729614258,success
04AF8F4A9C4C80,1,"['Arena', 'Castelvecchio', 'Torre Lamberti']",Palazzo della Ragione,"['AMO', 'Museo Conte', 'Centro Fotografia', 'Sighseeing', 'Santa Anastasia']",Casa Giulietta,strategy_nearest,False,0.002808094024658203,success
04AF884A9C4C80,1,"['Arena', 'Casa Giulietta', 'Palazzo della Ragione']",Torre Lamberti,"['Sighseeing', 'Centro Fotografia', 'Museo Conte', 'AMO', 'Museo Miniscalchi']",Santa Anastasia,strategy_nearest,False,0.003835916519165039,success
04AF91429C4C80,3,"['San Zeno', 'Castelvecchio', 'Arena', 'Casa Giulietta']",San Fermo,"['Museo Storia', 'Museo Radio', 'Centro Fotografia', 'Sighseeing', 'Torre Lamberti']",Torre Lamberti,strategy_nearest,True,0.0023691654205322266,success
04AF9A429C4C80,3,"['Arena', 'Castelvecchio']",Santa Anastasia,"['AMO', 'Museo Conte', 'Palazzo della Ragione', 'Teatro Romano', 'Centro Fotografia']",Duomo,strategy_nearest,False,0.002090930938720703,success
04AF95429C4C80,0,['Arena'],Castelvecchio,"['Museo Lapidario', 'Verona Tour', 'Museo Radio', 'San Zeno', 'Sighseeing']",Torre Lamberti,strategy_nearest,False,0.0034530162811279297,success
04AF9D429C4C80,2,"['Museo Lapidario', 'Castelvecchio']",Casa Giulietta,"['Centro Fotografia', 'Sighseeing', 'Torre Lamberti', 'Museo Conte', 'Museo Radio']",Teatro Romano,strategy_nearest,False,0.0031490325927734375,success
04AF944A9C4C80,3,"['Arena', 'Torre Lamberti']",Santa Anastasia,"['AMO', 'Museo Conte', 'Palazzo della Ragione', 'Teatro Romano', 'Centro Fotografia']",Duomo,strategy_nearest,False,0.0025720596313476562,success
04AFA34A9C4C80,1,"['Arena', 'Casa Giulietta', 'Torre Lamberti']",Palazzo della Ragione,"['AMO', 'Museo Conte', 'Centro Fotografia', 'Sighseeing', 'Santa Anastasia']",Santa Anastasia,strategy_nearest,True,0.002660036087036133,success
04AFA24A9C4C80,1,"['Tomba Giulietta', 'Museo Lapidario', 'Arena']",Casa Giulietta,"['Centro Fotografia', 'Sighseeing', 'Torre Lamberti', 'Museo Conte', 'Museo Radio']",Palazzo della Ragione,strategy_nearest,False,0.0018901824951171875,success
04AFAB3A9C4C80,1,['Torre Lamberti'],Palazzo della Ragione,"['AMO', 'Museo Conte', 'Centro Fotografia', 'Sighseeing', 'Santa Anastasia']",Arena,strategy_nearest,False,0.002646923065185547,success
04AFB23A9C4C80,3,"['Arena', 'Castelvecchio']",Casa Giulietta,"['Centro Fotografia', 'Sighseeing', 'Torre Lamberti', 'Museo Conte', 'Museo Radio']",Santa Anastasia,strategy_nearest,False,0.0033338069915771484,success
04AFB8429C4C80,2,"['Torre Lamberti', 'Casa Giulietta']",Santa Anastasia,"['AMO', 'Museo Conte', 'Palazzo della Ragione', 'Teatro Romano', 'Centro Fotografia']",Duomo,strategy_nearest,False,0.002796173095703125,success
04AFBC429C4C80,0,['Arena'],Casa Giulietta,"['Centro Fotografia', 'Sighseeing', 'Torre Lamberti', 'Museo Conte', 'Museo Radio']",Castelvecchio,strategy_nearest,False,0.0027608871459960938,success
04AFC2429C4C80,2,"['San Zeno', 'Duomo']",Santa Anastasia,"['AMO', 'Museo Conte', 'Palazzo della Ragione', 'Teatro Romano', 'Centro Fotografia']",Casa Giulietta,strategy_nearest,False,0.003385782241821289,success
04AFB9429C4C80,2,['Castelvecchio'],Palazzo della Ragione,"['AMO', 'Museo Conte', 'Torre Lamberti', 'Centro Fotografia', 'Sighseeing']",Torre Lamberti,strategy_nearest,True,0.002042055130004883,success
04AFC43A9C4C80,0,['Arena'],San Fermo,"['Museo Storia', 'Museo Radio', 'Casa Giulietta', 'Centro Fotografia', 'Sighseeing']",Casa Giulietta,strategy_nearest,True,0.0015931129455566406,success
04AFC63A9C4C80,6,['Arena'],Casa Giulietta,"['Centro Fotografia', 'Sighseeing', 'Torre Lamberti', 'Museo Conte', 'Museo Radio']",Verona Tour,strategy_nearest,False,0.002457141876220703,success
04AFC93A9C4C80,3,"['Arena', 'Casa Giulietta']",Torre Lamberti,"['Sighseeing', 'Centro Fotografia', 'Museo Conte', 'Palazzo della Ragione', 'AMO']",Santa Anastasia,strategy_nearest,False,0.0024242401123046875,success
04AFCF3A9C4C80,0,['Arena'],Castelvecchio,"['Museo Lapidario', 'Verona Tour', 'Museo Radio', 'San Zeno', 'Sighseeing']",Duomo,strategy_nearest,False,0.0017971992492675781,success
04AFCE429C4C80,2,"['Palazzo della Ragione', 'Torre Lamberti', 'Santa Anastasia']",Teatro Romano,"['Duomo', 'AMO', 'Museo Conte', 'Centro Fotografia', 'Museo Miniscalchi']",Duomo,strategy_nearest,True,0.0032677650451660156,success
04AFD23A9C4C80,3,"['Arena', 'Santa Anastasia']",Duomo,"['AMO', 'Museo Miniscalchi', 'Teatro Romano', 'Palazzo della Ragione', 'Museo Conte']",Teatro Romano,strategy_nearest,True,0.0027120113372802734,success
04AFD63A9C4C80,1,"['Palazzo della Ragione', 'Torre Lamberti']",Arena,"['Verona Tour', 'Museo Lapidario', 'Museo Radio', 'San Fermo', 'Casa Giulietta']",Casa Giulietta,strategy_nearest,True,0.003046274185180664,success
04AFD83A9C4C80,0,"['Arena', 'Casa Giulietta']",Castelvecchio,"['Museo Lapidario', 'Verona Tour', 'Museo Radio', 'San Zeno', 'Sighseeing']",Teatro Romano,strategy_nearest,False,0.002989053726196289,success
04AFDB3A9C4C80,2,['Castelvecchio'],San Zeno,"['Verona Tour', 'Museo Lapidario', 'Arena', 'Museo Miniscalchi', 'Sighseeing']",Teatro Romano,strategy_nearest,False,0.004107236862182617,success
04AFDD429C4C80,3,"['Torre Lamberti', 'San Fermo', 'Castelvecchio', 'Casa Giulietta']",Arena,"['Verona Tour', 'Museo Lapidario', 'Museo Radio', 'Sighseeing', 'Centro Fotografia']",San Zeno,strategy_nearest,False,0.003047943115234375,success
04AFE8429C4C80,2,['Torre Lamberti'],Duomo,"['AMO', 'Museo Miniscalchi', 'Santa Anastasia', 'Teatro Romano', 'Palazzo della Ragione']",Casa Giulietta,strategy_nearest,False,0.002202749252319336,success
04AFDF3A9C4C80,2,"['Castelvecchio', 'Casa Giulietta']",Torre Lamberti,"['Sighseeing', 'Centro Fotografia', 'Museo Conte', 'Palazzo della Ragione', 'AMO']",Palazzo della Ragione,strategy_nearest,True,0.001703023910522461,success
04AFFE3A9C4C80,2,"['Casa Giulietta', 'Palazzo della Ragione']",Torre Lamberti,"['Sighseeing', 'Centro Fotografia', 'Museo Conte', 'AMO', 'Museo Miniscalchi']",Santa Anastasia,strategy_nearest,False,0.0035750865936279297,success
04B00D3A9C4C84,3,['Arena'],Santa Anastasia,"['AMO', 'Museo Conte', 'Palazzo della Ragione', 'Teatro Romano', 'Centro Fotografia']",Duomo,strategy_nearest,False,0.003457784652709961,success
04AFFF429C4C80,3,"['Castelvecchio', 'Arena']",Teatro Romano,"['Santa Anastasia', 'Duomo', 'AMO', 'Palazzo della Ragione', 'Museo Conte']",Duomo,strategy_nearest,True,0.0028772354125976562,success
04B00E4A9C4C80,0,['Arena'],Casa Giulietta,"['Centro Fotografia', 'Sighseeing', 'Torre Lamberti', 'Museo Conte', 'Museo Radio']",Castelvecchio,strategy_nearest,False,0.0015270709991455078,success
04B0104A9C4C80,2,"['Castelvecchio', 'San Zeno']",Santa Anastasia,"['AMO', 'Museo Conte', 'Palazzo della Ragione', 'Teatro Romano', 'Centro Fotografia']",Torre Lamberti,strategy_nearest,False,0.003384828567504883,success
04B0133A9C4C80,2,['Casa Giulietta'],Duomo,"['AMO', 'Museo Miniscalchi', 'Santa Anastasia', 'Teatro Romano', 'Palazzo della Ragione']",Castelvecchio,strategy_nearest,False,0.003454923629760742,success
04B015429C4C80,1,"['Arena', 'Casa Giulietta', 'Palazzo della Ragione']",Santa Anastasia,"['AMO', 'Museo Conte', 'Teatro Romano', 'Centro Fotografia', 'Duomo']",Teatro Romano,strategy_nearest,True,0.0015048980712890625,success
04B015429C4C84,1,"['Arena', 'Museo Lapidario', 'Castelvecchio']",Torre Lamberti,"['Sighseeing', 'Centro Fotografia', 'Museo Conte', 'Casa Giulietta', 'Palazzo della Ragione']",Palazzo della Ragione,strategy_nearest,True,0.0032989978790283203,success
04B014429C4C84,1,"['Castelvecchio', 'Arena', 'Torre Lamberti']",Palazzo della Ragione,"['AMO', 'Museo Conte', 'Centro Fotografia', 'Sighseeing', 'Santa Anastasia']",Santa Anastasia,strategy_nearest,True,0.0028231143951416016,success
04B0163A9C4C80,2,"['Tomba Giulietta', 'Castelvecchio', 'San Fermo']",Casa Giulietta,"['Centro Fotografia', 'Sighseeing', 'Torre Lamberti', 'Museo Conte', 'Museo Radio']",Torre Lamberti,strategy_nearest,True,0.003422975540161133,success
04B0173A9C4C80,2,['Casa Giulietta'],San Fermo,"['Museo Storia', 'Museo Radio', 'Centro Fotografia', 'Arena', 'Sighseeing']",Tomba Giulietta,strategy_nearest,False,0.0015869140625,success
04B01B3A9C4C80,2,['Castelvecchio'],Casa Giulietta,"['Centro Fotografia', 'Sighseeing', 'Torre Lamberti', 'Museo Conte', 'Museo Radio']",San Zeno,strategy_nearest,False,0.0020232200622558594,success
04B01A429C4C84,2,"['San Zeno', 'Duomo', 'Castelvecchio']",Torre Lamberti,"['Sighseeing', 'Centro Fotografia', 'Museo Conte', 'Casa Giulietta', 'Palazzo della Ragione']",Palazzo della Ragione,strategy_nearest,True,0.0032858848571777344,success
04B01E429C4C80,2,"['Castelvecchio', 'Casa Giulietta']",Palazzo della Ragione,"['AMO', 'Museo Conte', 'Torre Lamberti', 'Centro Fotografia', 'Sighseeing']",Santa Anastasia,strategy_nearest,False,0.002155780792236328,success
04B021429C4C84,3,"['Castelvecchio', 'Arena']",Casa Giulietta,"['Centro Fotografia', 'Sighseeing', 'Torre Lamberti', 'Museo Conte', 'Museo Radio']",Santa Anastasia,strategy_nearest,False,0.0027310848236083984,success
04B01E3A9C4C84,3,['San Zeno'],Arena,"['Verona Tour', 'Museo Lapidario', 'Museo Radio', 'San Fermo', 'Casa Giulietta']",Duomo,strategy_nearest,False,0.001489877700805664,success
04B023429C4C84,0,['Arena'],Casa Giulietta,"['Centro Fotografia', 'Sighseeing', 'Torre Lamberti', 'Museo Conte', 'Museo Radio']",Santa Anastasia,strategy_nearest,False,0.003320932388305664,success
04B025429C4C80,3,"['Castelvecchio', 'San Zeno', 'Tomba Giulietta', 'San Fermo']",Teatro Romano,"['Santa Anastasia', 'Duomo', 'AMO', 'Palazzo della Ragione', 'Museo Conte']",Casa Giulietta,strategy_nearest,False,0.003371000289916992,success
04B028429C4C84,3,"['Arena', 'Tomba Giulietta', 'Casa Giulietta']",Teatro Romano,"['Santa Anastasia', 'Duomo', 'AMO', 'Palazzo della Ragione', 'Museo Conte']",Duomo,strategy_nearest,True,0.0017769336700439453,success
04B02E429C4C80,0,['Arena'],Castelvecchio,"['Museo Lapidario', 'Verona Tour', 'Museo Radio', 'San Zeno', 'Sighseeing']",Casa Giulietta,strategy_nearest,False,0.002496004104614258,success
04B02D3A9C4C80,1,"['Palazzo della Ragione', 'Torre Lamberti', 'Casa Giulietta', 'Castelvecchio']",San Zeno,"['Verona Tour', 'Museo Lapidario', 'Arena', 'Museo Miniscalchi', 'Sighseeing']",Museo Lapidario,strategy_nearest,True,0.003463268280029297,success
04B06C429C4C80,2,"['San Fermo', 'Casa Giulietta']",Santa Anastasia,"['AMO', 'Museo Conte', 'Palazzo della Ragione', 'Teatro Romano', 'Centro Fotografia']",Duomo,strategy_nearest,False,0.0017118453979492188,success
04B0343A9C4C80,1,['Arena'],Casa Giulietta,"['Centro Fotografia', 'Sighseeing', 'Torre Lamberti', 'Museo Conte', 'Museo Radio']",Palazzo della Ragione,strategy_nearest,False,0.003239870071411133,success
04B06A429C4C80,1,"['Torre Lamberti', 'Palazzo della Ragione']",Casa Giulietta,"['Centro Fotografia', 'Sighseeing', 'Museo Conte', 'Museo Radio', 'San Fermo']",Arena,strategy_nearest,False,0.0034189224243164062,success
04B0753A9C4C80,0,['Casa Giulietta'],Tomba Giulietta,"['San Fermo', 'Museo Storia', 'Arena', 'Museo Lapidario', 'Museo Radio']",Arena,strategy_nearest,True,0.003033161163330078,success
04B081429C4C80,3,"['Arena', 'Casa Giulietta']",Torre Lamberti,"['Sighseeing', 'Centro Fotografia', 'Museo Conte', 'Palazzo della Ragione', 'AMO']",Santa Anastasia,strategy_nearest,False,0.002538919448852539,success
04B07C3A9C4C80,3,"['Castelvecchio', 'Arena']",Santa Anastasia,"['AMO', 'Museo Conte', 'Palazzo della Ragione', 'Teatro Romano', 'Centro Fotografia']",Duomo,strategy_nearest,False,0.0035538673400878906,success
04B08D4A9C4C80,3,['Arena'],Casa Giulietta,"['Centro Fotografia', 'Sighseeing', 'Torre Lamberti', 'Museo Conte', 'Museo Radio']",Santa Anastasia,strategy_nearest,False,0.002599954605102539,success
04B094429C4C80,2,['Torre Lamberti'],Palazzo della Ragione,"['AMO', 'Museo Conte', 'Centro Fotografia', 'Sighseeing', 'Santa Anastasia']",Casa Giulietta,strategy_nearest,False,0.002532958984375,success
04B08D3A9C4C80,0,['Arena'],Torre Lamberti,"['Sighseeing', 'Centro Fotografia', 'Museo Conte', 'Casa Giulietta', 'Palazzo della Ragione']",Giardino Giusti,strategy_nearest,False,0.004914999008178711,success
04B096429C4C80,2,"['Castelvecchio', 'San Zeno']",Torre Lamberti,"['Sighseeing', 'Centro Fotografia', 'Museo Conte', 'Casa Giulietta', 'Palazzo della Ragione']",Santa Anastasia,strategy_nearest,False,0.0027358531951904297,success
04B0944A9C4C80,3,"['Arena', 'Torre Lamberti', 'Torre Lamberti']",Santa Anastasia,"['AMO', 'Museo Conte', 'Palazzo della Ragione', 'Teatro Romano', 'Centro Fotografia']",Duomo,strategy_nearest,False,0.0030269622802734375,success
04B098429C4C80,1,['Arena'],Torre Lamberti,"['Sighseeing', 'Centro Fotografia', 'Museo Conte', 'Casa Giulietta', 'Palazzo della Ragione']",Palazzo della Ragione,strategy_nearest,True,0.0025289058685302734,success
04B099429C4C80,3,"['Arena', 'Casa Giulietta']",Santa Anastasia,"['AMO', 'Museo Conte', 'Palazzo della Ragione', 'Teatro Romano', 'Centro Fotografia']",San Zeno,strategy_nearest,False,0.003141164779663086,success
04B09C4A9C4C80,0,['Tomba Giulietta'],Arena,"['Verona Tour', 'Museo Lapidario', 'Museo Radio', 'San Fermo', 'Casa Giulietta']",Casa Giulietta,strategy_nearest,True,0.0022809505462646484,success
04B0A9429C4C80,2,['Castelvecchio'],Torre Lamberti,"['Sighseeing', 'Centro Fotografia', 'Museo Conte', 'Casa Giulietta', 'Palazzo della Ragione']",Duomo,strategy_nearest,False,0.002729177474975586,success
04B0A34A9C4C80,3,['Arena'],Torre Lamberti,"['Sighseeing', 'Centro Fotografia', 'Museo Conte', 'Casa Giulietta', 'Palazzo della Ragione']",Teatro Romano,strategy_nearest,False,0.002149343490600586,success
04B09E429C4C80,0,"['Arena', 'Duomo']",Casa Giulietta,"['Centro Fotografia', 'Sighseeing', 'Torre Lamberti', 'Museo Conte', 'Museo Radio']",Castelvecchio,strategy_nearest,False,0.003406047821044922,success
04B0B4429C4C80,2,"['Teatro Romano', 'Torre Lamberti']",Casa Giulietta,"['Centro Fotografia', 'Sighseeing', 'Museo Conte', 'Museo Radio', 'Palazzo della Ragione']",Castelvecchio,strategy_nearest,False,0.002215862274169922,success
04B0BC429C4C80,0,['Arena'],Casa Giulietta,"['Centro Fotografia', 'Sighseeing', 'Torre Lamberti', 'Museo Conte', 'Museo Radio']",Santa Anastasia,strategy_nearest,False,0.0033180713653564453,success
04B0BD3A9C4C80,3,['Arena'],Casa Giulietta,"['Centro Fotografia', 'Sighseeing', 'Torre Lamberti', 'Museo Conte', 'Museo Radio']",Torre Lamberti,strategy_nearest,True,0.002679109573364258,success
04B0AA4A9C4C80,3,['Arena'],Casa Giulietta,"['Centro Fotografia', 'Sighseeing', 'Torre Lamberti', 'Museo Conte', 'Museo Radio']",Santa Anastasia,strategy_nearest,False,0.003239154815673828,success
04B0C8429C4C80,3,"['Casa Giulietta', 'Torre Lamberti']",Santa Anastasia,"['AMO', 'Museo Conte', 'Palazzo della Ragione', 'Teatro Romano', 'Centro Fotografia']",Castelvecchio,strategy_nearest,False,0.0020999908447265625,success
04B0C5429C4C80,3,['Arena'],Casa Giulietta,"['Centro Fotografia', 'Sighseeing', 'Torre Lamberti', 'Museo Conte', 'Museo Radio']",Santa Anastasia,strategy_nearest,False,0.001516103744506836,success
04B0BE429C4C80,0,"['Arena', 'Arena']",Casa Giulietta,"['Centro Fotografia', 'Sighseeing', 'Torre Lamberti', 'Museo Conte', 'Museo Radio']",San Fermo,strategy_nearest,False,0.004598855972290039,success
04B0E93A9C4C80,0,['Arena'],Casa Giulietta,"['Centro Fotografia', 'Sighseeing', 'Torre Lamberti', 'Museo Conte', 'Museo Radio']",Torre Lamberti,strategy_nearest,True,0.002627849578857422,success
04B0FE3A9C4C80,0,"['Arena', 'Museo Lapidario']",Castelvecchio,"['Verona Tour', 'Museo Radio', 'San Zeno', 'Sighseeing', 'Museo Miniscalchi']",Teatro Romano,strategy_nearest,False,0.0019519329071044922,success
04B10C429C4C80,0,['Arena'],Casa Giulietta,"['Centro Fotografia', 'Sighseeing', 'Torre Lamberti', 'Museo Conte', 'Museo Radio']",Castelvecchio,strategy_nearest,False,0.0025620460510253906,success
04B0F8429C4C80,2,"['Torre Lamberti', 'San Fermo']",Casa Giulietta,"['Centro Fotografia', 'Sighseeing', 'Museo Conte', 'Museo Radio', 'Palazzo della Ragione']",Teatro Romano,strategy_nearest,False,0.0021369457244873047,success
04B117429C4C84,1,"['Arena', 'Museo Lapidario', 'Tomba Giulietta', 'San Fermo']",Casa Giulietta,"['Centro Fotografia', 'Sighseeing', 'Torre Lamberti', 'Museo Conte', 'Museo Radio']",Torre Lamberti,strategy_nearest,True,0.002880096435546875,success
04B125429C4C80,3,"['Arena', 'San Fermo', 'Castelvecchio']",Santa Anastasia,"['AMO', 'Museo Conte', 'Palazzo della Ragione', 'Teatro Romano', 'Centro Fotografia']",Teatro Romano,strategy_nearest,True,0.0030670166015625,success
04B11D429C4C80,4,"['Arena', 'Museo Lapidario']",Museo Radio,"['Casa Giulietta', 'San Fermo', 'Sighseeing', 'Torre Lamberti', 'Centro Fotografia']",Tomba Giulietta,strategy_nearest,False,0.0027589797973632812,success
04B1223A9C4C80,0,['Casa Giulietta'],Castelvecchio,"['Museo Lapidario', 'Verona Tour', 'Arena', 'Museo Radio', 'San Zeno']",Arena,strategy_nearest,True,0.002123117446899414,success
04B1303A9C4C80,1,"['Torre Lamberti', 'Palazzo della Ragione', 'Casa Giulietta', 'San Fermo']",Arena,"['Verona Tour', 'Museo Lapidario', 'Museo Radio', 'Sighseeing', 'Castelvecchio']",Tomba Giulietta,strategy_nearest,False,0.0024831295013427734,success
04B1334A9C4C80,1,"['Arena', 'Torre Lamberti', 'Santa Anastasia', 'Teatro Romano']",Duomo,"['AMO', 'Museo Miniscalchi', 'Palazzo della Ragione', 'Museo Conte', 'Centro Fotografia']",Casa Giulietta,strategy_nearest,False,0.0035142898559570312,success
04B1313A9C4C80,1,"['Arena', 'Museo Lapidario', 'Castelvecchio', 'Duomo']",Santa Anastasia,"['AMO', 'Museo Conte', 'Palazzo della Ragione', 'Teatro Romano', 'Centro Fotografia']",Palazzo della Ragione,strategy_nearest,True,0.0015611648559570312,success
04B127429C4C84,3,"['Castelvecchio', 'Tomba Giulietta']",Casa Giulietta,"['Centro Fotografia', 'Sighseeing', 'Torre Lamberti', 'Museo Conte', 'Museo Radio']",Torre Lamberti,strategy_nearest,True,0.004336833953857422,success
04B135429C4C80,2,['Castelvecchio'],Museo Lapidario,"['Verona Tour', 'Arena', 'Museo Radio', 'San Fermo', 'Casa Giulietta']",Tomba Giulietta,strategy_nearest,False,0.002299070358276367,success
04B13C3A9C4C80,3,"['Teatro Romano', 'Casa Giulietta', 'San Fermo']",Tomba Giulietta,"['Museo Storia', 'Arena', 'Museo Lapidario', 'Museo Radio', 'Verona Tour']",Arena,strategy_nearest,True,0.003409147262573242,success
04B139429C4C80,1,"['Casa Giulietta', 'Castelvecchio']",Arena,"['Verona Tour', 'Museo Lapidario', 'Museo Radio', 'San Fermo', 'Sighseeing']",Torre Lamberti,strategy_nearest,False,0.001505136489868164,success
04B14D429C4C80,2,"['San Zeno', 'Castelvecchio']",Santa Anastasia,"['AMO', 'Museo Conte', 'Palazzo della Ragione', 'Teatro Romano', 'Centro Fotografia']",Teatro Romano,strategy_nearest,True,0.0026760101318359375,success
04B14F3A9C4C80,0,['Arena'],Casa Giulietta,"['Centro Fotografia', 'Sighseeing', 'Torre Lamberti', 'Museo Conte', 'Museo Radio']",Palazzo della Ragione,strategy_nearest,False,0.0017070770263671875,success
04B169429C4C80,0,['Arena'],Casa Giulietta,"['Centro Fotografia', 'Sighseeing', 'Torre Lamberti', 'Museo Conte', 'Museo Radio']",San Fermo,strategy_nearest,False,0.0033609867095947266,success
04B1613A9C4C80,2,['Casa Giulietta'],Castelvecchio,"['Museo Lapidario', 'Verona Tour', 'Arena', 'Museo Radio', 'San Zeno']",San Zeno,strategy_nearest,True,0.002924680709838867,success
04B157429C4C80,1,"['Palazzo della Ragione', 'Arena']",Tomba Giulietta,"['San Fermo', 'Museo Storia', 'Museo Lapidario', 'Museo Radio', 'Verona Tour']",Castelvecchio,strategy_nearest,False,0.002360820770263672,success
04B173429C4C80,0,['Arena'],Casa Giulietta,"['Centro Fotografia', 'Sighseeing', 'Torre Lamberti', 'Museo Conte', 'Museo Radio']",Teatro Romano,strategy_nearest,False,0.0015087127685546875,success
04B1773A9C4C80,0,"['Arena', 'Museo Storia']",San Fermo,"['Museo Radio', 'Casa Giulietta', 'Centro Fotografia', 'Sighseeing', 'Torre Lamberti']",Casa Giulietta,strategy_nearest,True,0.002254962921142578,success
04B17C429C4C80,0,['Arena'],Casa Giulietta,"['Centro Fotografia', 'Sighseeing', 'Torre Lamberti', 'Museo Conte', 'Museo Radio']",San Fermo,strategy_nearest,False,0.0027658939361572266,success
04B1814A9C4C80,0,['Arena'],Casa Giulietta,"['Centro Fotografia', 'Sighseeing', 'Torre Lamberti', 'Museo Conte', 'Museo Radio']",Torre Lamberti,strategy_nearest,True,0.0034291744232177734,success
04B1854A9C4C80,1,['Arena'],Casa Giulietta,"['Centro Fotografia', 'Sighseeing', 'Torre Lamberti', 'Museo Conte', 'Museo Radio']",Torre Lamberti,strategy_nearest,True,0.003469228744506836,success
04B18F4A9C4C80,2,"['Torre Lamberti', 'Duomo']",Santa Anastasia,"['AMO', 'Museo Conte', 'Palazzo della Ragione', 'Teatro Romano', 'Centro Fotografia']",Castelvecchio,strategy_nearest,False,0.004049062728881836,success
04B199429C4C80,0,['Arena'],Casa Giulietta,"['Centro Fotografia', 'Sighseeing', 'Torre Lamberti', 'Museo Conte', 'Museo Radio']",Torre Lamberti,strategy_nearest,True,0.0026350021362304688,success
04B1934A9C4C80,0,"['Arena', 'Casa Giulietta']",Torre Lamberti,"['Sighseeing', 'Centro Fotografia', 'Museo Conte', 'Palazzo della Ragione', 'AMO']",Castelvecchio,strategy_nearest,False,0.002132892608642578,success
04B19B429C4C80,3,"['Duomo', 'Teatro Romano']",Torre Lamberti,"['Sighseeing', 'Centro Fotografia', 'Museo Conte', 'Casa Giulietta', 'Palazzo della Ragione']",Castelvecchio,strategy_nearest,False,0.00220489501953125,success
04B19D429C4C80,3,"['Arena', 'Castelvecchio', 'Casa Giulietta']",San Fermo,"['Museo Storia', 'Museo Radio', 'Centro Fotografia', 'Sighseeing', 'Torre Lamberti']",Santa Anastasia,strategy_nearest,False,0.0013277530670166016,success
04B1A64A9C4C80,3,"['Arena', 'Casa Giulietta']",Santa Anastasia,"['AMO', 'Museo Conte', 'Palazzo della Ragione', 'Teatro Romano', 'Centro Fotografia']",Torre Lamberti,strategy_nearest,False,0.0035161972045898438,success
04B1A74A9C4C80,1,"['Arena', 'Castelvecchio', 'Teatro Romano']",Casa Giulietta,"['Centro Fotografia', 'Sighseeing', 'Torre Lamberti', 'Museo Conte', 'Museo Radio']",Torre Lamberti,strategy_nearest,True,0.0023250579833984375,success
04B1B23A9C4C80,0,['Castelvecchio'],Arena,"['Verona Tour', 'Museo Lapidario', 'Museo Radio', 'San Fermo', 'Casa Giulietta']",Casa Giulietta,strategy_nearest,True,0.0021932125091552734,success
04B1AE429C4C80,2,['Tomba Giulietta'],Castelvecchio,"['Museo Lapidario', 'Verona Tour', 'Arena', 'Museo Radio', 'San Zeno']",Casa Giulietta,strategy_nearest,False,0.0015711784362792969,success
04B1AA4A9C4C80,3,"['Arena', 'Casa Giulietta']",Santa Anastasia,"['AMO', 'Museo Conte', 'Palazzo della Ragione', 'Teatro Romano', 'Centro Fotografia']",Duomo,strategy_nearest,False,0.003062725067138672,success
04B1BE429C4C80,1,"['Arena', 'Torre Lamberti', 'Palazzo della Ragione']",Casa Giulietta,"['Centro Fotografia', 'Sighseeing', 'Museo Conte', 'Museo Radio', 'San Fermo']",Santa Anastasia,strategy_nearest,False,0.0033330917358398438,success
04B1C03A9C4C80,0,['Arena'],Torre Lamberti,"['Sighseeing', 'Centro Fotografia', 'Museo Conte', 'Casa Giulietta', 'Palazzo della Ragione']",Casa Giulietta,strategy_nearest,True,0.0021491050720214844,success
04B1D43A9C4C80,0,"['Torre Lamberti', 'Duomo']",Casa Giulietta,"['Centro Fotografia', 'Sighseeing', 'Museo Conte', 'Museo Radio', 'Palazzo della Ragione']",Arena,strategy_nearest,False,0.002830028533935547,success
04B1D53A9C4C80,2,"['Casa Giulietta', 'Teatro Romano']",Santa Anastasia,"['AMO', 'Museo Conte', 'Palazzo della Ragione', 'Centro Fotografia', 'Duomo']",Duomo,strategy_nearest,True,0.0030651092529296875,success
04B1E23A9C4C80,3,"['Arena', 'San Fermo', 'Casa Giulietta']",Torre Lamberti,"['Sighseeing', 'Centro Fotografia', 'Museo Conte', 'Palazzo della Ragione', 'AMO']",Santa Anastasia,strategy_nearest,False,0.0034401416778564453,success
04B1DA3A9C4C80,1,"['Casa Giulietta', 'Palazzo della Ragione']",Castelvecchio,"['Museo Lapidario', 'Verona Tour', 'Arena', 'Museo Radio', 'San Zeno']",Arena,strategy_nearest,True,0.003209829330444336,success
04B1E33A9C4C80,0,['Arena'],Casa Giulietta,"['Centro Fotografia', 'Sighseeing', 'Torre Lamberti', 'Museo Conte', 'Museo Radio']",Santa Anastasia,strategy_nearest,False,0.004322052001953125,success
04B1EA429C4C80,1,['Arena'],Palazzo della Ragione,"['AMO', 'Museo Conte', 'Torre Lamberti', 'Centro Fotografia', 'Sighseeing']",Torre Lamberti,strategy_nearest,True,0.0030701160430908203,success
04B208429C4C80,0,['Arena'],San Zeno,"['Castelvecchio', 'Verona Tour', 'Museo Lapidario', 'Museo Miniscalchi', 'Sighseeing']",Casa Giulietta,strategy_nearest,False,0.0025238990783691406,success
04B20B429C4C84,2,['Torre Lamberti'],Santa Anastasia,"['AMO', 'Museo Conte', 'Palazzo della Ragione', 'Teatro Romano', 'Centro Fotografia']",Duomo,strategy_nearest,False,0.0030210018157958984,success
04B1FE3A9C4C80,3,"['Arena', 'Casa Giulietta']",Torre Lamberti,"['Sighseeing', 'Centro Fotografia', 'Museo Conte', 'Palazzo della Ragione', 'AMO']",Santa Anastasia,strategy_nearest,False,0.003314971923828125,success
04B20C3A9C4C84,2,['Palazzo della Ragione'],Torre Lamberti,"['Sighseeing', 'Centro Fotografia', 'Museo Conte', 'Casa Giulietta', 'AMO']",Santa Anastasia,strategy_nearest,False,0.003947019577026367,success
04B2174A9C4C80,1,"['Arena', 'Castelvecchio', 'San Fermo', 'Casa Giulietta']",Torre Lamberti,"['Sighseeing', 'Centro Fotografia', 'Museo Conte', 'Palazzo della Ragione', 'AMO']",Palazzo della Ragione,strategy_nearest,True,0.003239870071411133,success
04B20D3A9C4C84,1,"['Casa Giulietta', 'Arena']",Castelvecchio,"['Museo Lapidario', 'Verona Tour', 'Museo Radio', 'San Zeno', 'Sighseeing']",Torre Lamberti,strategy_nearest,False,0.003958225250244141,success
04B21A429C4C84,0,['Castelvecchio'],Arena,"['Verona Tour', 'Museo Lapidario', 'Museo Radio', 'San Fermo', 'Casa Giulietta']",Casa Giulietta,strategy_nearest,True,0.004375934600830078,success
04B21C3A9C4C84,1,"['Torre Lamberti', 'Palazzo della Ragione']",Casa Giulietta,"['Centro Fotografia', 'Sighseeing', 'Museo Conte', 'Museo Radio', 'San Fermo']",Arena,strategy_nearest,False,0.002893209457397461,success
04B21E3A9C4C80,0,['Arena'],Casa Giulietta,"['Centro Fotografia', 'Sighseeing', 'Torre Lamberti', 'Museo Conte', 'Museo Radio']",Castelvecchio,strategy_nearest,False,0.001505136489868164,success
04B21C3A9C4C80,2,['Teatro Romano'],Duomo,"['AMO', 'Museo Miniscalchi', 'Santa Anastasia', 'Palazzo della Ragione', 'Museo Conte']",Castelvecchio,strategy_nearest,False,0.003065824508666992,success
04B2243A9C4C84,3,"['San Zeno', 'Arena']",Duomo,"['AMO', 'Museo Miniscalchi', 'Santa Anastasia', 'Teatro Romano', 'Palazzo della Ragione']",Santa Anastasia,strategy_nearest,True,0.0031728744506835938,success
04B231429C4C80,1,"['Castelvecchio', 'Arena']",Casa Giulietta,"['Centro Fotografia', 'Sighseeing', 'Torre Lamberti', 'Museo Conte', 'Museo Radio']",Torre Lamberti,strategy_nearest,True,0.0021419525146484375,success
04B227429C4C84,1,"['Arena', 'Casa Giulietta']",Torre Lamberti,"['Sighseeing', 'Centro Fotografia', 'Museo Conte', 'Palazzo della Ragione', 'AMO']",Palazzo della Ragione,strategy_nearest,True,0.003233194351196289,success
04B2344A9C4C80,2,['Torre Lamberti'],San Fermo,"['Museo Storia', 'Museo Radio', 'Casa Giulietta', 'Centro Fotografia', 'Arena']",Santa Anastasia,strategy_nearest,False,0.003036022186279297,success
04B23B429C4C80,1,"['Casa Giulietta', 'Torre Lamberti', 'Palazzo della Ragione']",Arena,"['Verona Tour', 'Museo Lapidario', 'Museo Radio', 'San Fermo', 'Sighseeing']",Duomo,strategy_nearest,False,0.002788066864013672,success
04B2463A9C4C80,3,"['San Fermo', 'Arena']",Castelvecchio,"['Museo Lapidario', 'Verona Tour', 'Museo Radio', 'San Zeno', 'Sighseeing']",Santa Anastasia,strategy_nearest,False,0.002691984176635742,success
04B25B429C4C80,0,['Arena'],Casa Giulietta,"['Centro Fotografia', 'Sighseeing', 'Torre Lamberti', 'Museo Conte', 'Museo Radio']",Santa Anastasia,strategy_nearest,False,0.0024352073669433594,success
04B25D429C4C80,3,"['Castelvecchio', 'Santa Anastasia']",Duomo,"['AMO', 'Museo Miniscalchi', 'Teatro Romano', 'Palazzo della Ragione', 'Museo Conte']",Arena,strategy_nearest,False,0.0027370452880859375,success
04B263429C4C80,0,['Arena'],Tomba Giulietta,"['San Fermo', 'Museo Storia', 'Museo Lapidario', 'Museo Radio', 'Verona Tour']",Casa Giulietta,strategy_nearest,False,0.002096891403198242,success
04B260429C4C80,2,['Palazzo della Ragione'],Torre Lamberti,"['Sighseeing', 'Centro Fotografia', 'Museo Conte', 'Casa Giulietta', 'AMO']",Santa Anastasia,strategy_nearest,False,0.0022661685943603516,success
04B2673A9C4C80,0,['Castelvecchio'],Arena,"['Verona Tour', 'Museo Lapidario', 'Museo Radio', 'San Fermo', 'Casa Giulietta']",Casa Giulietta,strategy_nearest,True,0.0029671192169189453,success
04B26A429C4C80,0,"['Castelvecchio', 'Arena']",Casa Giulietta,"['Centro Fotografia', 'Sighseeing', 'Torre Lamberti', 'Museo Conte', 'Museo Radio']",Duomo,strategy_nearest,False,0.0022928714752197266,success
04B26F3A9C4C80,0,['Teatro Romano'],Duomo,"['AMO', 'Museo Miniscalchi', 'Santa Anastasia', 'Palazzo della Ragione', 'Museo Conte']",Arena,strategy_nearest,False,0.002886056900024414,success
04B27E429C4C80,1,"['Arena', 'Torre Lamberti']",Palazzo della Ragione,"['AMO', 'Museo Conte', 'Centro Fotografia', 'Sighseeing', 'Santa Anastasia']",Casa Giulietta,strategy_nearest,False,0.0028388500213623047,success
04B2843A9C4C80,3,"['Torre Lamberti', 'Santa Anastasia']",Duomo,"['AMO', 'Museo Miniscalchi', 'Teatro Romano', 'Palazzo della Ragione', 'Museo Conte']",Arena,strategy_nearest,False,0.0028710365295410156,success
04B271429C4C80,2,['Torre Lamberti'],Santa Anastasia,"['AMO', 'Museo Conte', 'Palazzo della Ragione', 'Teatro Romano', 'Centro Fotografia']",Duomo,strategy_nearest,False,0.004803180694580078,success
04B2844A9C4C80,0,"['Arena', 'Casa Giulietta']",Teatro Romano,"['Santa Anastasia', 'Duomo', 'AMO', 'Palazzo della Ragione', 'Museo Conte']",Torre Lamberti,strategy_nearest,False,0.002460002899169922,success
04B2863A9C4C80,3,['Arena'],Santa Anastasia,"['AMO', 'Museo Conte', 'Palazzo della Ragione', 'Teatro Romano', 'Centro Fotografia']",Torre Lamberti,strategy_nearest,False,0.0022950172424316406,success
04B299429C4C80,3,"['Arena', 'Casa Giulietta']",San Fermo,"['Museo Storia', 'Museo Radio', 'Centro Fotografia', 'Sighseeing', 'Torre Lamberti']",Santa Anastasia,strategy_nearest,False,0.0020160675048828125,success
04B298429C4C80,2,"['Castelvecchio', 'Casa Giulietta']",San Fermo,"['Museo Storia', 'Museo Radio', 'Centro Fotografia', 'Arena', 'Sighseeing']",Santa Anastasia,strategy_nearest,False,0.0036020278930664062,success
04B28E3A9C4C80,2,['Casa Giulietta'],Teatro Romano,"['Santa Anastasia', 'Duomo', 'AMO', 'Palazzo della Ragione', 'Museo Conte']",Duomo,strategy_nearest,True,0.005364179611206055,success
04B2954A9C4C80,3,"['Arena', 'Torre Lamberti']",Santa Anastasia,"['AMO', 'Museo Conte', 'Palazzo della Ragione', 'Teatro Romano', 'Centro Fotografia']",Duomo,strategy_nearest,False,0.0031528472900390625,success
04B29B429C4C80,0,['Tomba Giulietta'],Casa Giulietta,"['Centro Fotografia', 'Sighseeing', 'Torre Lamberti', 'Museo Conte', 'Museo Radio']",Arena,strategy_nearest,False,0.002258777618408203,success
04B29F429C4C80,0,['Arena'],Casa Giulietta,"['Centro Fotografia', 'Sighseeing', 'Torre Lamberti', 'Museo Conte', 'Museo Radio']",Santa Anastasia,strategy_nearest,False,0.0028617382049560547,success
04B29D429C4C80,3,"['San Zeno', 'Duomo', 'Santa Anastasia']",Casa Giulietta,"['Centro Fotografia', 'Sighseeing', 'Torre Lamberti', 'Museo Conte', 'Museo Radio']",Torre Lamberti,strategy_nearest,True,0.0014309883117675781,success
04B29A429C4C80,0,"['Arena', 'Teatro Romano']",Giardino Giusti,"['Santa Anastasia', 'Museo Conte', 'Centro Fotografia', 'Museo Storia', 'AMO']",Casa Giulietta,strategy_nearest,False,0.003955841064453125,success
04B2A1429C4C80,0,['Arena'],Santa Anastasia,"['AMO', 'Museo Conte', 'Palazzo della Ragione', 'Teatro Romano', 'Centro Fotografia']",Casa Giulietta,strategy_nearest,False,0.002267122268676758,success
04B2A7429C4C80,2,"['San Fermo', 'Torre Lamberti']",Santa Anastasia,"['AMO', 'Museo Conte', 'Palazzo della Ragione', 'Teatro Romano', 'Centro Fotografia']",Duomo,strategy_nearest,False,0.0034470558166503906,success
04B2A04A9C4C80,3,"['Arena', 'Casa Giulietta']",Torre Lamberti,"['Sighseeing', 'Centro Fotografia', 'Museo Conte', 'Palazzo della Ragione', 'AMO']",Teatro Romano,strategy_nearest,False,0.003805875778198242,success
04B2A24A9C4C80,1,"['Arena', 'Casa Giulietta']",Palazzo della Ragione,"['AMO', 'Museo Conte', 'Torre Lamberti', 'Centro Fotografia', 'Sighseeing']",Torre Lamberti,strategy_nearest,True,0.0021572113037109375,success
04B2B8429C4C80,0,"['Teatro Romano', 'Arena']",Castelvecchio,"['Museo Lapidario', 'Verona Tour', 'Museo Radio', 'San Zeno', 'Sighseeing']",Duomo,strategy_nearest,False,0.003010988235473633,success
04B2B33A9C4C80,1,"['Palazzo della Ragione', 'Casa Giulietta']",Arena,"['Verona Tour', 'Museo Lapidario', 'Museo Radio', 'San Fermo', 'Sighseeing']",Duomo,strategy_nearest,False,0.0038442611694335938,success
04B2AA4A9C4C80,1,"['Arena', 'Casa Giulietta']",Torre Lamberti,"['Sighseeing', 'Centro Fotografia', 'Museo Conte', 'Palazzo della Ragione', 'AMO']",Palazzo della Ragione,strategy_nearest,True,0.0026340484619140625,success
04B2AC3A9C4C80,0,['Arena'],San Fermo,"['Museo Storia', 'Museo Radio', 'Casa Giulietta', 'Centro Fotografia', 'Sighseeing']",Casa Giulietta,strategy_nearest,True,0.0018627643585205078,success
04B2BA3A9C4C80,3,"['Arena', 'Santa Anastasia']",Torre Lamberti,"['Sighseeing', 'Centro Fotografia', 'Museo Conte', 'Casa Giulietta', 'Palazzo della Ragione']",Casa Giulietta,strategy_nearest,True,0.0016121864318847656,success
04B2BA429C4C80,0,['Arena'],Castelvecchio,"['Museo Lapidario', 'Verona Tour', 'Museo Radio', 'San Zeno', 'Sighseeing']",Casa Giulietta,strategy_nearest,False,0.0030450820922851562,success
04B2C7429C4C80,0,['Casa Giulietta'],Torre Lamberti,"['Sighseeing', 'Centro Fotografia', 'Museo Conte', 'Palazzo della Ragione', 'AMO']",Arena,strategy_nearest,False,0.0021820068359375,success
04B2D33A9C4C80,3,"['San Fermo', 'Arena']",Torre Lamberti,"['Sighseeing', 'Centro Fotografia', 'Museo Conte', 'Casa Giulietta', 'Palazzo della Ragione']",Teatro Romano,strategy_nearest,False,0.002974987030029297,success
04B2D43A9C4C80,2,"['Casa Giulietta', 'Palazzo della Ragione']",Torre Lamberti,"['Sighseeing', 'Centro Fotografia', 'Museo Conte', 'AMO', 'Museo Miniscalchi']",Castelvecchio,strategy_nearest,False,0.002931833267211914,success
04B304429C4C84,3,"['Casa Giulietta', 'Torre Lamberti', 'Castelvecchio', 'San Zeno']",Museo Lapidario,"['Verona Tour', 'Arena', 'Museo Radio', 'San Fermo', 'Tomba Giulietta']",Arena,strategy_nearest,True,0.0014090538024902344,success
04B30B429C4C84,0,['Castelvecchio'],Arena,"['Verona Tour', 'Museo Lapidario', 'Museo Radio', 'San Fermo', 'Casa Giulietta']",Torre Lamberti,strategy_nearest,False,0.0029692649841308594,success
04B2E13A9C4C80,3,"['Castelvecchio', 'Santa Anastasia', 'Torre Lamberti']",San Zeno,"['Verona Tour', 'Museo Lapidario', 'Arena', 'Museo Miniscalchi', 'Sighseeing']",Arena,strategy_nearest,True,0.003670215606689453,success
04B30C4A9C4C80,0,"['Arena', 'Casa Giulietta']",Torre Lamberti,"['Sighseeing', 'Centro Fotografia', 'Museo Conte', 'Palazzo della Ragione', 'AMO']",Tomba Giulietta,strategy_nearest,False,0.002343893051147461,success
04B30D429C4C84,0,['Arena'],Castelvecchio,"['Museo Lapidario', 'Verona Tour', 'Museo Radio', 'San Zeno', 'Sighseeing']",Casa Giulietta,strategy_nearest,False,0.002377033233642578,success
04B317429C4C80,0,['Arena'],Casa Giulietta,"['Centro Fotografia', 'Sighseeing', 'Torre Lamberti', 'Museo Conte', 'Museo Radio']",Teatro Romano,strategy_nearest,False,0.003095865249633789,success
04B3203A9C4C80,0,['Arena'],Castelvecchio,"['Museo Lapidario', 'Verona Tour', 'Museo Radio', 'San Zeno', 'Sighseeing']",Torre Lamberti,strategy_nearest,False,0.0036628246307373047,success
04B32A429C4C84,0,"['San Zeno', 'Castelvecchio']",Arena,"['Verona Tour', 'Museo Lapidario', 'Museo Radio', 'San Fermo', 'Casa Giulietta']",Casa Giulietta,strategy_nearest,True,0.0018908977508544922,success
04B3213A9C4C84,2,['Castelvecchio'],San Zeno,"['Verona Tour', 'Museo Lapidario', 'Arena', 'Museo Miniscalchi', 'Sighseeing']",Duomo,strategy_nearest,False,0.003641843795776367,success
04B33D429C4C80,2,"['Museo Lapidario', 'Castelvecchio']",Palazzo della Ragione,"['AMO', 'Museo Conte', 'Torre Lamberti', 'Centro Fotografia', 'Sighseeing']",Museo Storia,strategy_nearest,False,0.0031709671020507812,success
04B344429C4C80,3,"['Arena', 'Museo Lapidario']",Casa Giulietta,"['Centro Fotografia', 'Sighseeing', 'Torre Lamberti', 'Museo Conte', 'Museo Radio']",Santa Anastasia,strategy_nearest,False,0.002979755401611328,success
04B353429C4C80,3,"['Duomo', 'Santa Anastasia']",Torre Lamberti,"['Sighseeing', 'Centro Fotografia', 'Museo Conte', 'Casa Giulietta', 'Palazzo della Ragione']",Casa Giulietta,strategy_nearest,True,0.002233743667602539,success
04B33D4A9C4C80,4,"['Museo Radio', 'Duomo']",Teatro Romano,"['Santa Anastasia', 'AMO', 'Palazzo della Ragione', 'Museo Conte', 'Centro Fotografia']",Museo Storia,strategy_nearest,False,0.001950979232788086,success
04B34F429C4C80,2,"['Torre Lamberti', 'Palazzo della Ragione', 'Duomo', 'Giardino Giusti']",San Zeno,"['Castelvecchio', 'Verona Tour', 'Museo Lapidario', 'Arena', 'Museo Miniscalchi']",Castelvecchio,strategy_nearest,True,0.0030930042266845703,success
04B355429C4C80,0,['Castelvecchio'],Arena,"['Verona Tour', 'Museo Lapidario', 'Museo Radio', 'San Fermo', 'Casa Giulietta']",Giardino Giusti,strategy_nearest,False,0.0017180442810058594,success
04B35D429C4C80,3,"['Arena', 'Museo Lapidario', 'Castelvecchio', 'Santa Anastasia']",Torre Lamberti,"['Sighseeing', 'Centro Fotografia', 'Museo Conte', 'Casa Giulietta', 'Palazzo della Ragione']",Casa Giulietta,strategy_nearest,True,0.002444744110107422,success
04B364429C4C80,3,['Arena'],Casa Giulietta,"['Centro Fotografia', 'Sighseeing', 'Torre Lamberti', 'Museo Conte', 'Museo Radio']",Santa Anastasia,strategy_nearest,False,0.0035009384155273438,success
04B35C429C4C80,2,"['Duomo', 'Casa Giulietta']",Torre Lamberti,"['Sighseeing', 'Centro Fotografia', 'Museo Conte', 'Palazzo della Ragione', 'AMO']",Palazzo della Ragione,strategy_nearest,True,0.0052051544189453125,success
04B374429C4C80,3,['Arena'],Torre Lamberti,"['Sighseeing', 'Centro Fotografia', 'Museo Conte', 'Casa Giulietta', 'Palazzo della Ragione']",Santa Anastasia,strategy_nearest,False,0.0027801990509033203,success
04B36E3A9C4C80,0,['Arena'],Castelvecchio,"['Museo Lapidario', 'Verona Tour', 'Museo Radio', 'San Zeno', 'Sighseeing']",San Zeno,strategy_nearest,True,0.004927158355712891,success
04B375429C4C80,3,['Arena'],Casa Giulietta,"['Centro Fotografia', 'Sighseeing', 'Torre Lamberti', 'Museo Conte', 'Museo Radio']",Santa Anastasia,strategy_nearest,False,0.00495600700378418,success
04B377429C4C80,3,"['Arena', 'Torre Lamberti']",Santa Anastasia,"['AMO', 'Museo Conte', 'Palazzo della Ragione', 'Teatro Romano', 'Centro Fotografia']",Duomo,strategy_nearest,False,0.002978801727294922,success
04B37D3A9C4C80,0,['Arena'],Castelvecchio,"['Museo Lapidario', 'Verona Tour', 'Museo Radio', 'San Zeno', 'Sighseeing']",San Zeno,strategy_nearest,True,0.004024028778076172,success
04B3763A9C4C80,1,['Arena'],Museo Lapidario,"['Verona Tour', 'Castelvecchio', 'Museo Radio', 'San Fermo', 'Casa Giulietta']",Torre Lamberti,strategy_nearest,False,0.004656076431274414,success
04B3884A9C4C80,0,['Arena'],Castelvecchio,"['Museo Lapidario', 'Verona Tour', 'Museo Radio', 'San Zeno', 'Sighseeing']",Torre Lamberti,strategy_nearest,False,0.0033130645751953125,success
04B386429C4C80,3,"['Arena', 'Duomo']",Santa Anastasia,"['AMO', 'Museo Conte', 'Palazzo della Ragione', 'Teatro Romano', 'Centro Fotografia']",Casa Giulietta,strategy_nearest,False,0.001499176025390625,success
04B37F3A9C4C80,2,['Teatro Romano'],Tomba Giulietta,"['San Fermo', 'Museo Storia', 'Arena', 'Museo Lapidario', 'Museo Radio']",Castelvecchio,strategy_nearest,False,0.003260374069213867,success
04B381429C4C80,3,"['Arena', 'Casa Giulietta']",Torre Lamberti,"['Sighseeing', 'Centro Fotografia', 'Museo Conte', 'Palazzo della Ragione', 'AMO']",Duomo,strategy_nearest,False,0.0031821727752685547,success
04B392429C4C80,0,['Arena'],Teatro Romano,"['Santa Anastasia', 'Duomo', 'AMO', 'Palazzo della Ragione', 'Museo Conte']",Casa Giulietta,strategy_nearest,False,0.002154111862182617,success
04B398429C4C80,2,['Casa Giulietta'],San Fermo,"['Museo Storia', 'Museo Radio', 'Centro Fotografia', 'Arena', 'Sighseeing']",Torre Lamberti,strategy_nearest,False,0.0027818679809570312,success
04B38C4A9C4C80,0,['Castelvecchio'],Arena,"['Verona Tour', 'Museo Lapidario', 'Museo Radio', 'San Fermo', 'Casa Giulietta']",Teatro Romano,strategy_nearest,False,0.0014789104461669922,success
04B39E4A9C4C80,0,['Arena'],Casa Giulietta,"['Centro Fotografia', 'Sighseeing', 'Torre Lamberti', 'Museo Conte', 'Museo Radio']",Castelvecchio,strategy_nearest,False,0.002441883087158203,success
04B39A429C4C80,0,['Arena'],Casa Giulietta,"['Centro Fotografia', 'Sighseeing', 'Torre Lamberti', 'Museo Conte', 'Museo Radio']",Castelvecchio,strategy_nearest,False,0.0033059120178222656,success
04B39D429C4C80,1,"['Castelvecchio', 'San Zeno', 'Arena', 'Torre Lamberti']",Palazzo della Ragione,"['AMO', 'Museo Conte', 'Centro Fotografia', 'Sighseeing', 'Santa Anastasia']",Santa Anastasia,strategy_nearest,True,0.0024509429931640625,success
04B3A3429C4C80,3,"['Arena', 'San Fermo', 'Torre Lamberti']",Santa Anastasia,"['AMO', 'Museo Conte', 'Palazzo della Ragione', 'Teatro Romano', 'Centro Fotografia']",Duomo,strategy_nearest,False,0.0030488967895507812,success
04B3A2429C4C80,0,"['Castelvecchio', 'Arena']",Casa Giulietta,"['Centro Fotografia', 'Sighseeing', 'Torre Lamberti', 'Museo Conte', 'Museo Radio']",Torre Lamberti,strategy_nearest,True,0.003062009811401367,success
04B3AA3A9C4C80,2,['Torre Lamberti'],Santa Anastasia,"['AMO', 'Museo Conte', 'Palazzo della Ragione', 'Teatro Romano', 'Centro Fotografia']",Casa Giulietta,strategy_nearest,False,0.0023200511932373047,success
04B3AC3A9C4C80,1,"['Arena', 'Casa Giulietta']",Palazzo della Ragione,"['AMO', 'Museo Conte', 'Torre Lamberti', 'Centro Fotografia', 'Sighseeing']",Santa Anastasia,strategy_nearest,False,0.00322723388671875,success
04B3AF429C4C80,2,['Castelvecchio'],Casa Giulietta,"['Centro Fotografia', 'Sighseeing', 'Torre Lamberti', 'Museo Conte', 'Museo Radio']",Teatro Romano,strategy_nearest,False,0.0024712085723876953,success
04B3B83A9C4C80,0,['Teatro Romano'],Casa Giulietta,"['Centro Fotografia', 'Sighseeing', 'Torre Lamberti', 'Museo Conte', 'Museo Radio']",Arena,strategy_nearest,False,0.0030088424682617188,success
04B3BA429C4C80,2,['Duomo'],Casa Giulietta,"['Centro Fotografia', 'Sighseeing', 'Torre Lamberti', 'Museo Conte', 'Museo Radio']",Torre Lamberti,strategy_nearest,True,0.0031349658966064453,success
04B3BB429C4C80,1,"['Arena', 'Casa Giulietta']",Palazzo della Ragione,"['AMO', 'Museo Conte', 'Torre Lamberti', 'Centro Fotografia', 'Sighseeing']",Torre Lamberti,strategy_nearest,True,0.0031969547271728516,success
04B3C23A9C4C80,3,"['Arena', 'Castelvecchio']",San Zeno,"['Verona Tour', 'Museo Lapidario', 'Museo Miniscalchi', 'Sighseeing', 'Museo Radio']",Duomo,strategy_nearest,False,0.0028448104858398438,success
04B3C83A9C4C80,2,['Duomo'],Casa Giulietta,"['Centro Fotografia', 'Sighseeing', 'Torre Lamberti', 'Museo Conte', 'Museo Radio']",Castelvecchio,strategy_nearest,False,0.0015192031860351562,success
04B3CE3A9C4C80,3,"['Arena', 'Torre Lamberti']",Santa Anastasia,"['AMO', 'Museo Conte', 'Palazzo della Ragione', 'Teatro Romano', 'Centro Fotografia']",Duomo,strategy_nearest,False,0.0031251907348632812,success
04B3DB3A9C4C80,2,['Castelvecchio'],Santa Anastasia,"['AMO', 'Museo Conte', 'Palazzo della Ragione', 'Teatro Romano', 'Centro Fotografia']",San Fermo,strategy_nearest,False,0.0024538040161132812,success
04B3D33A9C4C80,3,"['San Fermo', 'Arena']",Teatro Romano,"['Santa Anastasia', 'Duomo', 'AMO', 'Palazzo della Ragione', 'Museo Conte']",Duomo,strategy_nearest,True,0.003283977508544922,success
04B3F23A9C4C80,3,"['Torre Lamberti', 'Arena', 'San Zeno']",Castelvecchio,"['Museo Lapidario', 'Verona Tour', 'Museo Radio', 'Sighseeing', 'Museo Miniscalchi']",Duomo,strategy_nearest,False,0.0025942325592041016,success
04B3DB429C4C80,0,['Arena'],Duomo,"['AMO', 'Museo Miniscalchi', 'Santa Anastasia', 'Teatro Romano', 'Palazzo della Ragione']",Castelvecchio,strategy_nearest,False,0.0039060115814208984,success
04B3F43A9C4C80,3,"['Torre Lamberti', 'Arena', 'San Zeno']",Castelvecchio,"['Museo Lapidario', 'Verona Tour', 'Museo Radio', 'Sighseeing', 'Museo Miniscalchi']",Duomo,strategy_nearest,False,0.0020847320556640625,success
04B3F5429C4C80,3,"['Arena', 'Casa Giulietta', 'Santa Anastasia', 'Duomo', 'Museo Lapidario']",Tomba Giulietta,"['San Fermo', 'Museo Storia', 'Museo Radio', 'Verona Tour', 'Castelvecchio']",San Fermo,strategy_nearest,True,0.0029659271240234375,success
04B4023A9C4C84,3,"['Casa Giulietta', 'Arena']",Duomo,"['AMO', 'Museo Miniscalchi', 'Santa Anastasia', 'Teatro Romano', 'Palazzo della Ragione']",Santa Anastasia,strategy_nearest,True,0.002591848373413086,success
04B4073A9C4C84,3,"['Casa Giulietta', 'Torre Lamberti', 'Castelvecchio']",San Zeno,"['Verona Tour', 'Museo Lapidario', 'Arena', 'Museo Miniscalchi', 'Sighseeing']",Teatro Romano,strategy_nearest,False,0.003300189971923828,success
04B40A3A9C4C84,3,"['Casa Giulietta', 'Giardino Giusti', 'Duomo']",Santa Anastasia,"['AMO', 'Museo Conte', 'Palazzo della Ragione', 'Teatro Romano', 'Centro Fotografia']",Arena,strategy_nearest,False,0.0021440982818603516,success
04B4084A9C4C80,2,['Castelvecchio'],San Fermo,"['Museo Storia', 'Museo Radio', 'Casa Giulietta', 'Centro Fotografia', 'Arena']",Giardino Giusti,strategy_nearest,False,0.0038802623748779297,success
04B411429C4C80,0,"['Casa Giulietta', 'Arena', 'Tomba Giulietta']",San Fermo,"['Museo Storia', 'Museo Radio', 'Centro Fotografia', 'Sighseeing', 'Torre Lamberti']",Giardino Giusti,strategy_nearest,False,0.0035600662231445312,success
04B4253A9C4C84,0,['Arena'],Castelvecchio,"['Museo Lapidario', 'Verona Tour', 'Museo Radio', 'San Zeno', 'Sighseeing']",Casa Giulietta,strategy_nearest,False,0.0021331310272216797,success
04B41A429C4C84,0,['Castelvecchio'],Arena,"['Verona Tour', 'Museo Lapidario', 'Museo Radio', 'San Fermo', 'Casa Giulietta']",Torre Lamberti,strategy_nearest,False,0.002862215042114258,success
04B414429C4C80,1,"['Arena', 'Castelvecchio']",Casa Giulietta,"['Centro Fotografia', 'Sighseeing', 'Torre Lamberti', 'Museo Conte', 'Museo Radio']",Teatro Romano,strategy_nearest,False,0.0038459300994873047,success
04B416429C4C84,3,"['Arena', 'San Zeno']",Duomo,"['AMO', 'Museo Miniscalchi', 'Santa Anastasia', 'Teatro Romano', 'Palazzo della Ragione']",Santa Anastasia,strategy_nearest,True,0.0035409927368164062,success
04B428429C4C84,2,['Castelvecchio'],Palazzo della Ragione,"['AMO', 'Museo Conte', 'Torre Lamberti', 'Centro Fotografia', 'Sighseeing']",Santa Anastasia,strategy_nearest,False,0.0012569427490234375,success
04B427429C4C84,0,['Arena'],Casa Giulietta,"['Centro Fotografia', 'Sighseeing', 'Torre Lamberti', 'Museo Conte', 'Museo Radio']",San Fermo,strategy_nearest,False,0.0022509098052978516,success
04B4284A9C4C80,2,"['Casa Giulietta', 'Torre Lamberti']",Giardino Giusti,"['Santa Anastasia', 'Teatro Romano', 'Museo Conte', 'Centro Fotografia', 'Museo Storia']",Duomo,strategy_nearest,False,0.00299072265625,success
04B42A429C4C80,0,['San Fermo'],Arena,"['Verona Tour', 'Museo Lapidario', 'Museo Radio', 'Casa Giulietta', 'Sighseeing']",Castelvecchio,strategy_nearest,False,0.0018541812896728516,success
04B42C3A9C4C80,2,"['Santa Anastasia', 'Torre Lamberti']",Casa Giulietta,"['Centro Fotografia', 'Sighseeing', 'Museo Conte', 'Museo Radio', 'Palazzo della Ragione']",Castelvecchio,strategy_nearest,False,0.0026531219482421875,success
04B429429C4C84,0,"['San Zeno', 'Castelvecchio']",Arena,"['Verona Tour', 'Museo Lapidario', 'Museo Radio', 'San Fermo', 'Casa Giulietta']",Casa Giulietta,strategy_nearest,True,0.0034410953521728516,success
04B4364A9C4C80,3,"['Tomba Giulietta', 'Arena']",San Fermo,"['Museo Storia', 'Museo Radio', 'Casa Giulietta', 'Centro Fotografia', 'Sighseeing']",Casa Giulietta,strategy_nearest,True,0.0032351016998291016,success
04B43D429C4C80,3,"['Arena', 'Torre Lamberti', 'Casa Giulietta']",Duomo,"['AMO', 'Museo Miniscalchi', 'Santa Anastasia', 'Teatro Romano', 'Palazzo della Ragione']",Teatro Romano,strategy_nearest,True,0.0020530223846435547,success
04B4543A9C4C80,2,"['Teatro Romano', 'Casa Giulietta']",Museo Lapidario,"['Verona Tour', 'Arena', 'Castelvecchio', 'Museo Radio', 'San Fermo']",Palazzo della Ragione,strategy_nearest,False,0.0030143260955810547,success
04B444429C4C80,3,['Arena'],Santa Anastasia,"['AMO', 'Museo Conte', 'Palazzo della Ragione', 'Teatro Romano', 'Centro Fotografia']",Duomo,strategy_nearest,False,0.002588987350463867,success
04B453429C4C80,2,['Santa Anastasia'],Torre Lamberti,"['Sighseeing', 'Centro Fotografia', 'Museo Conte', 'Casa Giulietta', 'Palazzo della Ragione']",Casa Giulietta,strategy_nearest,True,0.004078865051269531,success
04B4573A9C4C80,2,"['San Zeno', 'Castelvecchio']",Casa Giulietta,"['Centro Fotografia', 'Sighseeing', 'Torre Lamberti', 'Museo Conte', 'Museo Radio']",Teatro Romano,strategy_nearest,False,0.0024230480194091797,success
04B45A429C4C80,3,"['Arena', 'Casa Giulietta']",Torre Lamberti,"['Sighseeing', 'Centro Fotografia', 'Museo Conte', 'Palazzo della Ragione', 'AMO']",Santa Anastasia,strategy_nearest,False,0.003325939178466797,success
04B456429C4C80,1,['Arena'],Casa Giulietta,"['Centro Fotografia', 'Sighseeing', 'Torre Lamberti', 'Museo Conte', 'Museo Radio']",Palazzo della Ragione,strategy_nearest,False,0.003075122833251953,success
04B455429C4C80,0,['Casa Giulietta'],Arena,"['Verona Tour', 'Museo Lapidario', 'Museo Radio', 'San Fermo', 'Sighseeing']",Torre Lamberti,strategy_nearest,False,0.0019059181213378906,success
04B45D3A9C4C80,2,['Duomo'],Santa Anastasia,"['AMO', 'Museo Conte', 'Palazzo della Ragione', 'Teatro Romano', 'Centro Fotografia']",Giardino Giusti,strategy_nearest,False,0.002398967742919922,success
04B47C4A9C4C80,0,['Arena'],Torre Lamberti,"['Sighseeing', 'Centro Fotografia', 'Museo Conte', 'Casa Giulietta', 'Palazzo della Ragione']",Teatro Romano,strategy_nearest,False,0.003536701202392578,success
04B47E429C4C80,0,['Arena'],Castelvecchio,"['Museo Lapidario', 'Verona Tour', 'Museo Radio', 'San Zeno', 'Sighseeing']",Casa Giulietta,strategy_nearest,False,0.0015168190002441406,success
04B470429C4C80,2,"['Castelvecchio', 'Casa Giulietta']",Palazzo della Ragione,"['AMO', 'Museo Conte', 'Torre Lamberti', 'Centro Fotografia', 'Sighseeing']",Torre Lamberti,strategy_nearest,True,0.0029702186584472656,success
04B498429C4C80,2,"['Palazzo della Ragione', 'Torre Lamberti', 'Duomo']",Santa Anastasia,"['AMO', 'Museo Conte', 'Teatro Romano', 'Centro Fotografia', 'Sighseeing']",Casa Giulietta,strategy_nearest,False,0.002779245376586914,success
04B4813A9C4C80,0,['Arena'],Casa Giulietta,"['Centro Fotografia', 'Sighseeing', 'Torre Lamberti', 'Museo Conte', 'Museo Radio']",Santa Anastasia,strategy_nearest,False,0.0013489723205566406,success
04B493429C4C80,3,"['Arena', 'Casa Giulietta']",Santa Anastasia,"['AMO', 'Museo Conte', 'Palazzo della Ragione', 'Teatro Romano', 'Centro Fotografia']",Duomo,strategy_nearest,False,0.003423929214477539,success
04B488429C4C80,1,"['Casa Giulietta', 'Torre Lamberti']",Palazzo della Ragione,"['AMO', 'Museo Conte', 'Centro Fotografia', 'Sighseeing', 'Santa Anastasia']",Santa Anastasia,strategy_nearest,True,0.0023300647735595703,success
04B4AB429C4C80,2,['Teatro Romano'],Duomo,"['AMO', 'Museo Miniscalchi', 'Santa Anastasia', 'Palazzo della Ragione', 'Museo Conte']",Castelvecchio,strategy_nearest,False,0.0027730464935302734,success
04B4AB3A9C4C80,0,['Arena'],Teatro Romano,"['Santa Anastasia', 'Duomo', 'AMO', 'Palazzo della Ragione', 'Museo Conte']",Duomo,strategy_nearest,True,0.0012600421905517578,success
04B499429C4C80,1,"['Arena', 'Casa Giulietta']",Santa Anastasia,"['AMO', 'Museo Conte', 'Palazzo della Ragione', 'Teatro Romano', 'Centro Fotografia']",Duomo,strategy_nearest,False,0.0022749900817871094,success
04B4AC429C4C80,3,['Santa Anastasia'],Torre Lamberti,"['Sighseeing', 'Centro Fotografia', 'Museo Conte', 'Casa Giulietta', 'Palazzo della Ragione']",Casa Giulietta,strategy_nearest,True,0.003407001495361328,success
04B4B33A9C4C80,1,['Arena'],Casa Giulietta,"['Centro Fotografia', 'Sighseeing', 'Torre Lamberti', 'Museo Conte', 'Museo Radio']",Torre Lamberti,strategy_nearest,True,0.002362966537475586,success
04B4B6429C4C80,3,['Arena'],Torre Lamberti,"['Sighseeing', 'Centro Fotografia', 'Museo Conte', 'Casa Giulietta', 'Palazzo della Ragione']",Casa Giulietta,strategy_nearest,True,0.001508951187133789,success
04B4B4429C4C80,2,['Teatro Romano'],Castelvecchio,"['Museo Lapidario', 'Verona Tour', 'Arena', 'Museo Radio', 'San Zeno']",Torre Lamberti,strategy_nearest,False,0.002904176712036133,success
04B4B0429C4C80,1,"['Castelvecchio', 'Casa Giulietta', 'Tomba Giulietta']",Torre Lamberti,"['Sighseeing', 'Centro Fotografia', 'Museo Conte', 'Palazzo della Ragione', 'AMO']",Palazzo della Ragione,strategy_nearest,True,0.0036270618438720703,success
04B4C0429C4C80,1,"['Arena', 'Casa Giulietta', 'Palazzo della Ragione']",Tomba Giulietta,"['San Fermo', 'Museo Storia', 'Museo Lapidario', 'Museo Radio', 'Verona Tour']",Torre Lamberti,strategy_nearest,False,0.0022547245025634766,success
04B4BC3A9C4C80,3,"['Teatro Romano', 'Arena']",San Zeno,"['Castelvecchio', 'Verona Tour', 'Museo Lapidario', 'Museo Miniscalchi', 'Sighseeing']",Duomo,strategy_nearest,False,0.0017499923706054688,success
04B4BF3A9C4C80,1,"['Arena', 'Casa Giulietta']",Palazzo della Ragione,"['AMO', 'Museo Conte', 'Torre Lamberti', 'Centro Fotografia', 'Sighseeing']",Torre Lamberti,strategy_nearest,True,0.0030248165130615234,success
04B4C23A9C4C80,3,"['Castelvecchio', 'Arena', 'Casa Giulietta', 'Torre Lamberti']",Santa Anastasia,"['AMO', 'Museo Conte', 'Palazzo della Ragione', 'Teatro Romano', 'Centro Fotografia']",Duomo,strategy_nearest,False,0.003638029098510742,success
04B4D43A9C4C80,2,"['Torre Lamberti', 'Casa Giulietta']",Santa Anastasia,"['AMO', 'Museo Conte', 'Palazzo della Ragione', 'Teatro Romano', 'Centro Fotografia']",Duomo,strategy_nearest,False,0.0019409656524658203,success
04B4FE3A9C4C80,0,['Casa Giulietta'],Arena,"['Verona Tour', 'Museo Lapidario', 'Museo Radio', 'San Fermo', 'Sighseeing']",Torre Lamberti,strategy_nearest,False,0.0025250911712646484,success
04B4E43A9C4C80,2,"['Castelvecchio', 'Torre Lamberti', 'Palazzo della Ragione']",Giardino Giusti,"['Santa Anastasia', 'Teatro Romano', 'Museo Conte', 'Centro Fotografia', 'Museo Storia']",Santa Anastasia,strategy_nearest,True,0.003326892852783203,success
04B4EB3A9C4C80,0,['Arena'],Casa Giulietta,"['Centro Fotografia', 'Sighseeing', 'Torre Lamberti', 'Museo Conte', 'Museo Radio']",Santa Anastasia,strategy_nearest,False,0.00298309326171875,success
04B5023A9C4C84,0,['Arena'],Casa Giulietta,"['Centro Fotografia', 'Sighseeing', 'Torre Lamberti', 'Museo Conte', 'Museo Radio']",Torre Lamberti,strategy_nearest,True,0.001981019973754883,success
04B51E3A9C4C84,3,"['San Zeno', 'Arena']",Duomo,"['AMO', 'Museo Miniscalchi', 'Santa Anastasia', 'Teatro Romano', 'Palazzo della Ragione']",Santa Anastasia,strategy_nearest,True,0.00208282470703125,success
04B502429C4C84,2,"['Museo Lapidario', 'Castelvecchio', 'San Zeno']",Tomba Giulietta,"['San Fermo', 'Museo Storia', 'Arena', 'Museo Radio', 'Verona Tour']",San Fermo,strategy_nearest,True,0.003225088119506836,success
04B510429C4C84,3,"['Arena', 'Torre Lamberti']",Santa Anastasia,"['AMO', 'Museo Conte', 'Palazzo della Ragione', 'Teatro Romano', 'Centro Fotografia']",Teatro Romano,strategy_nearest,True,0.003838062286376953,success
04B5214A9C4C80,0,['Arena'],Casa Giulietta,"['Centro Fotografia', 'Sighseeing', 'Torre Lamberti', 'Museo Conte', 'Museo Radio']",Santa Anastasia,strategy_nearest,False,0.001825094223022461,success
04B5263A9C4C84,0,['Arena'],Casa Giulietta,"['Centro Fotografia', 'Sighseeing', 'Torre Lamberti', 'Museo Conte', 'Museo Radio']",Santa Anastasia,strategy_nearest,False,0.0022940635681152344,success
04B52D429C4C80,2,['Casa Giulietta'],Tomba Giulietta,"['San Fermo', 'Museo Storia', 'Arena', 'Museo Lapidario', 'Museo Radio']",Teatro Romano,strategy_nearest,False,0.003030061721801758,success
04B52F3A9C4C80,0,['Arena'],Casa Giulietta,"['Centro Fotografia', 'Sighseeing', 'Torre Lamberti', 'Museo Conte', 'Museo Radio']",Torre Lamberti,strategy_nearest,True,0.0026938915252685547,success
04B54F429C4C80,2,"['Castelvecchio', 'Torre Lamberti']",Teatro Romano,"['Santa Anastasia', 'Duomo', 'AMO', 'Palazzo della Ragione', 'Museo Conte']",Tomba Giulietta,strategy_nearest,False,0.0021822452545166016,success
04B550429C4C80,2,"['Torre Lamberti', 'Palazzo della Ragione']",Teatro Romano,"['Santa Anastasia', 'Duomo', 'AMO', 'Museo Conte', 'Centro Fotografia']",Castelvecchio,strategy_nearest,False,0.0021109580993652344,success
04B5513A9C4C80,1,['Arena'],Torre Lamberti,"['Sighseeing', 'Centro Fotografia', 'Museo Conte', 'Casa Giulietta', 'Palazzo della Ragione']",Palazzo della Ragione,strategy_nearest,True,0.002808094024658203,success
04B565429C4C80,2,"['Casa Giulietta', 'Santa Anastasia']",Duomo,"['AMO', 'Museo Miniscalchi', 'Teatro Romano', 'Palazzo della Ragione', 'Museo Conte']",Giardino Giusti,strategy_nearest,False,0.003245115280151367,success
04B55A429C4C80,3,"['Arena', 'Casa Giulietta']",Torre Lamberti,"['Sighseeing', 'Centro Fotografia', 'Museo Conte', 'Palazzo della Ragione', 'AMO']",Santa Anastasia,strategy_nearest,False,0.003609895706176758,success
04B5753A9C4C80,3,['Arena'],Casa Giulietta,"['Centro Fotografia', 'Sighseeing', 'Torre Lamberti', 'Museo Conte', 'Museo Radio']",Santa Anastasia,strategy_nearest,False,0.0017139911651611328,success
04B566429C4C80,0,['Arena'],Casa Giulietta,"['Centro Fotografia', 'Sighseeing', 'Torre Lamberti', 'Museo Conte', 'Museo Radio']",Torre Lamberti,strategy_nearest,True,0.003862142562866211,success
04B57C429C4C80,0,['Arena'],Castelvecchio,"['Museo Lapidario', 'Verona Tour', 'Museo Radio', 'San Zeno', 'Sighseeing']",Casa Giulietta,strategy_nearest,False,0.0034890174865722656,success
04B57F3A9C4C80,0,['Arena'],Casa Giulietta,"['Centro Fotografia', 'Sighseeing', 'Torre Lamberti', 'Museo Conte', 'Museo Radio']",Duomo,strategy_nearest,False,0.004396915435791016,success
04B5864A9C4C80,2,"['Museo Storia', 'San Fermo']",Casa Giulietta,"['Centro Fotografia', 'Sighseeing', 'Torre Lamberti', 'Museo Conte', 'Museo Radio']",Santa Anastasia,strategy_nearest,False,0.002331972122192383,success
04B583429C4C80,2,['Casa Giulietta'],Palazzo della Ragione,"['AMO', 'Museo Conte', 'Torre Lamberti', 'Centro Fotografia', 'Sighseeing']",Torre Lamberti,strategy_nearest,True,0.003428220748901367,success
04B58A4A9C4C80,0,['Arena'],Casa Giulietta,"['Centro Fotografia', 'Sighseeing', 'Torre Lamberti', 'Museo Conte', 'Museo Radio']",Castelvecchio,strategy_nearest,False,0.0034780502319335938,success
04B590429C4C80,0,['Arena'],Casa Giulietta,"['Centro Fotografia', 'Sighseeing', 'Torre Lamberti', 'Museo Conte', 'Museo Radio']",Santa Anastasia,strategy_nearest,False,0.002129077911376953,success
04B5924A9C4C80,0,['Arena'],Casa Giulietta,"['Centro Fotografia', 'Sighseeing', 'Torre Lamberti', 'Museo Conte', 'Museo Radio']",Torre Lamberti,strategy_nearest,True,0.004962921142578125,success
04B592429C4C80,0,['Arena'],Casa Giulietta,"['Centro Fotografia', 'Sighseeing', 'Torre Lamberti', 'Museo Conte', 'Museo Radio']",Torre Lamberti,strategy_nearest,True,0.0040667057037353516,success
04B598429C4C80,0,['Tomba Giulietta'],Arena,"['Verona Tour', 'Museo Lapidario', 'Museo Radio', 'San Fermo', 'Casa Giulietta']",Casa Giulietta,strategy_nearest,True,0.0023839473724365234,success
04B5984A9C4C80,2,"['Casa Giulietta', 'Torre Lamberti']",Duomo,"['AMO', 'Museo Miniscalchi', 'Santa Anastasia', 'Teatro Romano', 'Palazzo della Ragione']",Castelvecchio,strategy_nearest,False,0.0024182796478271484,success
04B5974A9C4C80,0,['Arena'],Museo Lapidario,"['Verona Tour', 'Castelvecchio', 'Museo Radio', 'San Fermo', 'Casa Giulietta']",Castelvecchio,strategy_nearest,True,0.006124019622802734,success
04B59C429C4C80,2,['Torre Lamberti'],Santa Anastasia,"['AMO', 'Museo Conte', 'Palazzo della Ragione', 'Teatro Romano', 'Centro Fotografia']",Casa Giulietta,strategy_nearest,False,0.003975868225097656,success
04B59D429C4C80,0,['Arena'],Casa Giulietta,"['Centro Fotografia', 'Sighseeing', 'Torre Lamberti', 'Museo Conte', 'Museo Radio']",Casa Giulietta,strategy_nearest,False,0.0030188560485839844,success
04B5A1429C4C80,3,"['San Fermo', 'Arena', 'Castelvecchio']",Casa Giulietta,"['Centro Fotografia', 'Sighseeing', 'Torre Lamberti', 'Museo Conte', 'Museo Radio']",Santa Anastasia,strategy_nearest,False,0.003467082977294922,success
04B5A6429C4C80,2,"['Castelvecchio', 'Torre Lamberti']",Palazzo della Ragione,"['AMO', 'Museo Conte', 'Centro Fotografia', 'Sighseeing', 'Santa Anastasia']",Teatro Romano,strategy_nearest,False,0.004467010498046875,success
04B59F429C4C80,0,['Arena'],Casa Giulietta,"['Centro Fotografia', 'Sighseeing', 'Torre Lamberti', 'Museo Conte', 'Museo Radio']",Teatro Romano,strategy_nearest,False,0.006735086441040039,success
04B5A9429C4C80,3,"['Castelvecchio', 'Arena', 'San Fermo']",Casa Giulietta,"['Centro Fotografia', 'Sighseeing', 'Torre Lamberti', 'Museo Conte', 'Museo Radio']",Santa Anastasia,strategy_nearest,False,0.003646373748779297,success
04B5A94A9C4C80,2,['Casa Giulietta'],San Fermo,"['Museo Storia', 'Museo Radio', 'Centro Fotografia', 'Arena', 'Sighseeing']",Santa Anastasia,strategy_nearest,False,0.004579305648803711,success
04B5BA3A9C4C80,3,"['Arena', 'Casa Giulietta']",Torre Lamberti,"['Sighseeing', 'Centro Fotografia', 'Museo Conte', 'Palazzo della Ragione', 'AMO']",Santa Anastasia,strategy_nearest,False,0.0024840831756591797,success
04B5B8429C4C80,3,"['Casa Giulietta', 'Torre Lamberti']",Santa Anastasia,"['AMO', 'Museo Conte', 'Palazzo della Ragione', 'Teatro Romano', 'Centro Fotografia']",Arena,strategy_nearest,False,0.005572795867919922,success
04B5C0429C4C80,3,"['San Zeno', 'Castelvecchio', 'Arena']",San Fermo,"['Museo Storia', 'Museo Radio', 'Casa Giulietta', 'Centro Fotografia', 'Sighseeing']",Torre Lamberti,strategy_nearest,False,0.0039980411529541016,success
04B5C5429C4C80,1,"['Arena', 'Casa Giulietta']",Palazzo della Ragione,"['AMO', 'Museo Conte', 'Torre Lamberti', 'Centro Fotografia', 'Sighseeing']",San Zeno,strategy_nearest,False,0.0033528804779052734,success
04B5C4429C4C80,3,['Arena'],Torre Lamberti,"['Sighseeing', 'Centro Fotografia', 'Museo Conte', 'Casa Giulietta', 'Palazzo della Ragione']",Santa Anastasia,strategy_nearest,False,0.00400090217590332,success
04B5CB429C4C80,3,"['Teatro Romano', 'Arena', 'Castelvecchio']",San Zeno,"['Verona Tour', 'Museo Lapidario', 'Museo Miniscalchi', 'Sighseeing', 'Museo Radio']",Duomo,strategy_nearest,False,0.003353118896484375,success
04B5CD3A9C4C80,0,['Arena'],Casa Giulietta,"['Centro Fotografia', 'Sighseeing', 'Torre Lamberti', 'Museo Conte', 'Museo Radio']",Torre Lamberti,strategy_nearest,True,0.0042591094970703125,success
04B5D43A9C4C80,3,"['Arena', 'San Fermo']",Casa Giulietta,"['Centro Fotografia', 'Sighseeing', 'Torre Lamberti', 'Museo Conte', 'Museo Radio']",Santa Anastasia,strategy_nearest,False,0.0035109519958496094,success
04B5E63A9C4C80,1,"['Castelvecchio', 'San Zeno', 'Duomo', 'Teatro Romano', 'Arena']",Torre Lamberti,"['Sighseeing', 'Centro Fotografia', 'Museo Conte', 'Casa Giulietta', 'Palazzo della Ragione']",Palazzo della Ragione,strategy_nearest,True,0.001775979995727539,success
04B5E6429C4C80,0,['Arena'],Casa Giulietta,"['Centro Fotografia', 'Sighseeing', 'Torre Lamberti', 'Museo Conte', 'Museo Radio']",Santa Anastasia,strategy_nearest,False,0.004004001617431641,success
04B5FE429C4C80,2,"['Palazzo della Ragione', 'Duomo']",Castelvecchio,"['Museo Lapidario', 'Verona Tour', 'Arena', 'Museo Radio', 'San Zeno']",San Zeno,strategy_nearest,True,0.0017359256744384766,success
04B6013A9C4C84,0,['Arena'],Casa Giulietta,"['Centro Fotografia', 'Sighseeing', 'Torre Lamberti', 'Museo Conte', 'Museo Radio']",Tomba Giulietta,strategy_nearest,False,0.002749919891357422,success
04B5F53A9C4C80,6,"['Casa Giulietta', 'Arena']",Tomba Giulietta,"['San Fermo', 'Museo Storia', 'Museo Lapidario', 'Museo Radio', 'Verona Tour']",Torre Lamberti,strategy_nearest,False,0.002424001693725586,success
04B608429C4C84,1,"['Arena', 'Teatro Romano']",Tomba Giulietta,"['San Fermo', 'Museo Storia', 'Museo Lapidario', 'Museo Radio', 'Verona Tour']",Palazzo della Ragione,strategy_nearest,False,0.0013921260833740234,success
04B6113A9C4C80,0,['Arena'],Casa Giulietta,"['Centro Fotografia', 'Sighseeing', 'Torre Lamberti', 'Museo Conte', 'Museo Radio']",Castelvecchio,strategy_nearest,False,0.0029659271240234375,success
04B61C429C4C84,1,"['Arena', 'Castelvecchio', 'Santa Anastasia']",Duomo,"['AMO', 'Museo Miniscalchi', 'Teatro Romano', 'Palazzo della Ragione', 'Museo Conte']",Teatro Romano,strategy_nearest,True,0.0032520294189453125,success
04B609429C4C80,2,['Castelvecchio'],Torre Lamberti,"['Sighseeing', 'Centro Fotografia', 'Museo Conte', 'Casa Giulietta', 'Palazzo della Ragione']",Santa Anastasia,strategy_nearest,False,0.0034132003784179688,success
04B60C3A9C4C84,2,"['San Zeno', 'Santa Anastasia', 'Duomo']",Palazzo della Ragione,"['AMO', 'Museo Conte', 'Torre Lamberti', 'Centro Fotografia', 'Sighseeing']",Torre Lamberti,strategy_nearest,True,0.004821062088012695,success
04B61E429C4C84,2,"['Casa Giulietta', 'Santa Anastasia']",Duomo,"['AMO', 'Museo Miniscalchi', 'Teatro Romano', 'Palazzo della Ragione', 'Museo Conte']",Tomba Giulietta,strategy_nearest,False,0.0015711784362792969,success
04B61D429C4C84,2,['San Fermo'],Duomo,"['AMO', 'Museo Miniscalchi', 'Santa Anastasia', 'Teatro Romano', 'Palazzo della Ragione']",Castelvecchio,strategy_nearest,False,0.0032210350036621094,success
04B620429C4C84,2,['Castelvecchio'],Casa Giulietta,"['Centro Fotografia', 'Sighseeing', 'Torre Lamberti', 'Museo Conte', 'Museo Radio']",Santa Anastasia,strategy_nearest,False,0.0030219554901123047,success
04B61F4A9C4C80,3,"['Arena', 'Casa Giulietta', 'Santa Anastasia']",Duomo,"['AMO', 'Museo Miniscalchi', 'Teatro Romano', 'Palazzo della Ragione', 'Museo Conte']",Teatro Romano,strategy_nearest,True,0.0022242069244384766,success
04B6383A9C4C80,0,['Torre Lamberti'],Casa Giulietta,"['Centro Fotografia', 'Sighseeing', 'Museo Conte', 'Museo Radio', 'Palazzo della Ragione']",Arena,strategy_nearest,False,0.0034182071685791016,success
04B6214A9C4C80,2,['Teatro Romano'],Giardino Giusti,"['Santa Anastasia', 'Museo Conte', 'Centro Fotografia', 'Museo Storia', 'AMO']",Castelvecchio,strategy_nearest,False,0.0013990402221679688,success
04B62E3A9C4C80,0,['Castelvecchio'],Arena,"['Verona Tour', 'Museo Lapidario', 'Museo Radio', 'San Fermo', 'Casa Giulietta']",Casa Giulietta,strategy_nearest,True,0.0020291805267333984,success
04B63A429C4C80,2,"['Castelvecchio', 'Palazzo della Ragione']",Torre Lamberti,"['Sighseeing', 'Centro Fotografia', 'Museo Conte', 'Casa Giulietta', 'AMO']",Casa Giulietta,strategy_nearest,True,0.002524137496948242,success
04B64E429C4C80,1,['Arena'],Torre Lamberti,"['Sighseeing', 'Centro Fotografia', 'Museo Conte', 'Casa Giulietta', 'Palazzo della Ragione']",Palazzo della Ragione,strategy_nearest,True,0.0024530887603759766,success
04B63E429C4C80,0,['Arena'],Casa Giulietta,"['Centro Fotografia', 'Sighseeing', 'Torre Lamberti', 'Museo Conte', 'Museo Radio']",Santa Anastasia,strategy_nearest,False,0.0017788410186767578,success
04B64B3A9C4C80,3,['Arena'],San Fermo,"['Museo Storia', 'Museo Radio', 'Casa Giulietta', 'Centro Fotografia', 'Sighseeing']",Torre Lamberti,strategy_nearest,False,0.003284931182861328,success
04B6513A9C4C80,0,['Arena'],Casa Giulietta,"['Centro Fotografia', 'Sighseeing', 'Torre Lamberti', 'Museo Conte', 'Museo Radio']",Tomba Giulietta,strategy_nearest,False,0.0033998489379882812,success
04B6573A9C4C80,2,"['San Zeno', 'San Zeno']",Castelvecchio,"['Museo Lapidario', 'Verona Tour', 'Arena', 'Museo Radio', 'Sighseeing']",Torre Lamberti,strategy_nearest,False,0.0032041072845458984,success
04B6533A9C4C80,2,"['Castelvecchio', 'Casa Giulietta', 'San Fermo']",Torre Lamberti,"['Sighseeing', 'Centro Fotografia', 'Museo Conte', 'Palazzo della Ragione', 'AMO']",Palazzo della Ragione,strategy_nearest,True,0.003269195556640625,success
04B656429C4C80,0,['Arena'],Casa Giulietta,"['Centro Fotografia', 'Sighseeing', 'Torre Lamberti', 'Museo Conte', 'Museo Radio']",Torre Lamberti,strategy_nearest,True,0.0025620460510253906,success
04B65A429C4C80,1,"['Arena', 'Museo Lapidario', 'Casa Giulietta']",Palazzo della Ragione,"['AMO', 'Museo Conte', 'Torre Lamberti', 'Centro Fotografia', 'Sighseeing']",Duomo,strategy_nearest,False,0.0034003257751464844,success
04B66F3A9C4C80,2,['Casa Giulietta'],Torre Lamberti,"['Sighseeing', 'Centro Fotografia', 'Museo Conte', 'Palazzo della Ragione', 'AMO']",Castelvecchio,strategy_nearest,False,0.0015370845794677734,success
04B66B429C4C80,3,"['Castelvecchio', 'Duomo', 'Teatro Romano']",Santa Anastasia,"['AMO', 'Museo Conte', 'Palazzo della Ragione', 'Centro Fotografia', 'Torre Lamberti']",Torre Lamberti,strategy_nearest,True,0.0022051334381103516,success
04B6673A9C4C80,1,"['Arena', 'San Zeno', 'Teatro Romano', 'Santa Anastasia']",Torre Lamberti,"['Sighseeing', 'Centro Fotografia', 'Museo Conte', 'Casa Giulietta', 'Palazzo della Ragione']",Castelvecchio,strategy_nearest,False,0.003596067428588867,success
04B6763A9C4C80,0,['Santa Anastasia'],Castelvecchio,"['Museo Lapidario', 'Verona Tour', 'Arena', 'Museo Radio', 'San Zeno']",Arena,strategy_nearest,True,0.0037860870361328125,success
04B6793A9C4C80,0,['Arena'],Torre Lamberti,"['Sighseeing', 'Centro Fotografia', 'Museo Conte', 'Casa Giulietta', 'Palazzo della Ragione']",Casa Giulietta,strategy_nearest,True,0.0028259754180908203,success
04B67C429C4C80,0,['Arena'],Torre Lamberti,"['Sighseeing', 'Centro Fotografia', 'Museo Conte', 'Casa Giulietta', 'Palazzo della Ragione']",Casa Giulietta,strategy_nearest,True,0.0027141571044921875,success
04B683429C4C80,2,"['Casa Giulietta', 'Castelvecchio']",Torre Lamberti,"['Sighseeing', 'Centro Fotografia', 'Museo Conte', 'Palazzo della Ragione', 'AMO']",Palazzo della Ragione,strategy_nearest,True,0.003463268280029297,success
04B68C429C4C80,0,"['Castelvecchio', 'Arena']",Casa Giulietta,"['Centro Fotografia', 'Sighseeing', 'Torre Lamberti', 'Museo Conte', 'Museo Radio']",Teatro Romano,strategy_nearest,False,0.0034627914428710938,success
04B68D4A9C4C80,0,['Arena'],San Fermo,"['Museo Storia', 'Museo Radio', 'Casa Giulietta', 'Centro Fotografia', 'Sighseeing']",Casa Giulietta,strategy_nearest,True,0.0027740001678466797,success
04B68A4A9C4C80,0,['Arena'],Casa Giulietta,"['Centro Fotografia', 'Sighseeing', 'Torre Lamberti', 'Museo Conte', 'Museo Radio']",Torre Lamberti,strategy_nearest,True,0.0029709339141845703,success
04B694429C4C80,0,['Arena'],Casa Giulietta,"['Centro Fotografia', 'Sighseeing', 'Torre Lamberti', 'Museo Conte', 'Museo Radio']",Duomo,strategy_nearest,False,0.0028219223022460938,success
04B6934A9C4C80,3,['Arena'],Casa Giulietta,"['Centro Fotografia', 'Sighseeing', 'Torre Lamberti', 'Museo Conte', 'Museo Radio']",Santa Anastasia,strategy_nearest,False,0.0041201114654541016,success
04B6914A9C4C80,3,"['Arena', 'Casa Giulietta']",Torre Lamberti,"['Sighseeing', 'Centro Fotografia', 'Museo Conte', 'Palazzo della Ragione', 'AMO']",Santa Anastasia,strategy_nearest,False,0.004302024841308594,success
04B695429C4C80,2,"['Santa Anastasia', 'Teatro Romano', 'Duomo']",Palazzo della Ragione,"['AMO', 'Museo Conte', 'Torre Lamberti', 'Centro Fotografia', 'Sighseeing']",Torre Lamberti,strategy_nearest,True,0.00618290901184082,success
04B699429C4C80,2,"['Palazzo della Ragione', 'Torre Lamberti', 'Casa Giulietta']",Santa Anastasia,"['AMO', 'Museo Conte', 'Teatro Romano', 'Centro Fotografia', 'Duomo']",Duomo,strategy_nearest,True,0.003431081771850586,success
04B69A429C4C80,1,"['Palazzo della Ragione', 'Torre Lamberti', 'Casa Giulietta']",Santa Anastasia,"['AMO', 'Museo Conte', 'Teatro Romano', 'Centro Fotografia', 'Duomo']",Arena,strategy_nearest,False,0.00630497932434082,success
04B6974A9C4C80,2,['Castelvecchio'],San Zeno,"['Verona Tour', 'Museo Lapidario', 'Arena', 'Museo Miniscalchi', 'Sighseeing']",Torre Lamberti,strategy_nearest,False,0.014410018920898438,success
04B698429C4C80,3,"['Arena', 'Casa Giulietta']",Torre Lamberti,"['Sighseeing', 'Centro Fotografia', 'Museo Conte', 'Palazzo della Ragione', 'AMO']",Santa Anastasia,strategy_nearest,False,0.014606237411499023,success
04B69E429C4C80,3,['Arena'],Casa Giulietta,"['Centro Fotografia', 'Sighseeing', 'Torre Lamberti', 'Museo Conte', 'Museo Radio']",Santa Anastasia,strategy_nearest,False,0.005095243453979492,success
04B6A44A9C4C80,2,"['Santa Anastasia', 'Giardino Giusti']",Teatro Romano,"['Duomo', 'AMO', 'Palazzo della Ragione', 'Museo Conte', 'Centro Fotografia']",Torre Lamberti,strategy_nearest,False,0.003062009811401367,success
04B6A8BA7B3F80,3,"['Arena', 'Duomo']",Santa Anastasia,"['AMO', 'Museo Conte', 'Palazzo della Ragione', 'Teatro Romano', 'Centro Fotografia']",Casa Giulietta,strategy_nearest,False,0.0031349658966064453,success
04B6A24A9C4C80,3,"['San Zeno', 'Arena']",Casa Giulietta,"['Centro Fotografia', 'Sighseeing', 'Torre Lamberti', 'Museo Conte', 'Museo Radio']",Torre Lamberti,strategy_nearest,True,0.00471806526184082,success
04B6A7BA7B3F80,3,"['Castelvecchio', 'Arena']",San Fermo,"['Museo Storia', 'Museo Radio', 'Casa Giulietta', 'Centro Fotografia', 'Sighseeing']",Santa Anastasia,strategy_nearest,False,0.006669759750366211,success
04B6B4BA7B3F80,0,['Santa Anastasia'],Casa Giulietta,"['Centro Fotografia', 'Sighseeing', 'Torre Lamberti', 'Museo Conte', 'Museo Radio']",Arena,strategy_nearest,False,0.0031731128692626953,success
04B6AA3A9C4C80,1,"['Arena', 'Santa Anastasia']",Palazzo della Ragione,"['AMO', 'Museo Conte', 'Torre Lamberti', 'Centro Fotografia', 'Sighseeing']",Torre Lamberti,strategy_nearest,True,0.0054819583892822266,success
04B6ADBA7B3F80,2,['San Zeno'],Torre Lamberti,"['Sighseeing', 'Centro Fotografia', 'Museo Conte', 'Casa Giulietta', 'Palazzo della Ragione']",Duomo,strategy_nearest,False,0.002897024154663086,success
04B6BB429C4C80,2,['Duomo'],Casa Giulietta,"['Centro Fotografia', 'Sighseeing', 'Torre Lamberti', 'Museo Conte', 'Museo Radio']",Torre Lamberti,strategy_nearest,True,0.0016522407531738281,success
04B6B83A9C4C80,3,['Arena'],Santa Anastasia,"['AMO', 'Museo Conte', 'Palazzo della Ragione', 'Teatro Romano', 'Centro Fotografia']",Duomo,strategy_nearest,False,0.0058820247650146484,success
04B6C23A9C4C80,0,"['Teatro Romano', 'Torre Lamberti']",Casa Giulietta,"['Centro Fotografia', 'Sighseeing', 'Museo Conte', 'Museo Radio', 'Palazzo della Ragione']",Arena,strategy_nearest,False,0.004238128662109375,success
04B6B9BA7B3F80,2,['San Zeno'],Torre Lamberti,"['Sighseeing', 'Centro Fotografia', 'Museo Conte', 'Casa Giulietta', 'Palazzo della Ragione']",Santa Anastasia,strategy_nearest,False,0.002737283706665039,success
04B6C33A9C4C80,0,['Castelvecchio'],Arena,"['Verona Tour', 'Museo Lapidario', 'Museo Radio', 'San Fermo', 'Casa Giulietta']",Santa Anastasia,strategy_nearest,False,0.0032470226287841797,success
04B6C83A9C4C80,3,"['Arena', 'Castelvecchio']",Duomo,"['AMO', 'Museo Miniscalchi', 'Santa Anastasia', 'Teatro Romano', 'Palazzo della Ragione']",Santa Anastasia,strategy_nearest,True,0.001650094985961914,success
04B6CD3A9C4C80,0,['Arena'],Castelvecchio,"['Museo Lapidario', 'Verona Tour', 'Museo Radio', 'San Zeno', 'Sighseeing']",Casa Giulietta,strategy_nearest,False,0.005631923675537109,success
04B6DA3A9C4C80,0,['Arena'],Casa Giulietta,"['Centro Fotografia', 'Sighseeing', 'Torre Lamberti', 'Museo Conte', 'Museo Radio']",Tomba Giulietta,strategy_nearest,False,0.0028967857360839844,success
04B6E33A9C4C80,1,"['Arena', 'Torre Lamberti', 'Santa Anastasia', 'Teatro Romano']",Duomo,"['AMO', 'Museo Miniscalchi', 'Palazzo della Ragione', 'Museo Conte', 'Centro Fotografia']",Casa Giulietta,strategy_nearest,False,0.005052328109741211,success
04B6E83A9C4C80,0,"['Arena', 'Torre Lamberti']",Castelvecchio,"['Museo Lapidario', 'Verona Tour', 'Museo Radio', 'San Zeno', 'Sighseeing']",Casa Giulietta,strategy_nearest,False,0.0023779869079589844,success
04B6F93A9C4C80,0,['Casa Giulietta'],Arena,"['Verona Tour', 'Museo Lapidario', 'Museo Radio', 'San Fermo', 'Sighseeing']",Castelvecchio,strategy_nearest,False,0.003627777099609375,success
04B6FE429C4C80,2,"['Castelvecchio', 'San Zeno', 'Duomo']",Teatro Romano,"['Santa Anastasia', 'AMO', 'Palazzo della Ragione', 'Museo Conte', 'Centro Fotografia']",San Fermo,strategy_nearest,False,0.0036520957946777344,success
04B709429C4C80,1,"['Arena', 'Casa Giulietta']",Torre Lamberti,"['Sighseeing', 'Centro Fotografia', 'Museo Conte', 'Palazzo della Ragione', 'AMO']",Palazzo della Ragione,strategy_nearest,True,0.0025589466094970703,success
04B70A429C4C80,2,"['San Fermo', 'Casa Giulietta']",Santa Anastasia,"['AMO', 'Museo Conte', 'Palazzo della Ragione', 'Teatro Romano', 'Centro Fotografia']",Castelvecchio,strategy_nearest,False,0.0030498504638671875,success
04B70F3A9C4C80,0,"['Arena', 'Castelvecchio']",Museo Lapidario,"['Verona Tour', 'Museo Radio', 'San Fermo', 'Casa Giulietta', 'Tomba Giulietta']",San Fermo,strategy_nearest,True,0.002228975296020508,success
04B71F3A9C4C80,2,['Casa Giulietta'],Castelvecchio,"['Museo Lapidario', 'Verona Tour', 'Arena', 'Museo Radio', 'San Zeno']",Tomba Giulietta,strategy_nearest,False,0.0028982162475585938,success
04B715429C4C84,0,['Arena'],Torre Lamberti,"['Sighseeing', 'Centro Fotografia', 'Museo Conte', 'Casa Giulietta', 'Palazzo della Ragione']",Casa Giulietta,strategy_nearest,True,0.003119945526123047,success
04B7213A9C4C80,3,"['Arena', 'Casa Giulietta']",Torre Lamberti,"['Sighseeing', 'Centro Fotografia', 'Museo Conte', 'Palazzo della Ragione', 'AMO']",Santa Anastasia,strategy_nearest,False,0.002172231674194336,success
04B721429C4C80,3,"['Santa Anastasia', 'Duomo']",Giardino Giusti,"['Teatro Romano', 'Museo Conte', 'Centro Fotografia', 'Museo Storia', 'AMO']",Castelvecchio,strategy_nearest,False,0.002447843551635742,success
04B72C3A9C4C80,0,['Castelvecchio'],Tomba Giulietta,"['San Fermo', 'Museo Storia', 'Arena', 'Museo Lapidario', 'Museo Radio']",Arena,strategy_nearest,True,0.0036220550537109375,success
04B7253A9C4C80,0,"['Arena', 'Casa Giulietta', 'San Fermo']",Tomba Giulietta,"['Museo Storia', 'Museo Lapidario', 'Museo Radio', 'Verona Tour', 'Castelvecchio']",Castelvecchio,strategy_nearest,True,0.003184080123901367,success
04B72E429C4C80,0,"['Arena', 'Casa Giulietta']",Torre Lamberti,"['Sighseeing', 'Centro Fotografia', 'Museo Conte', 'Palazzo della Ragione', 'AMO']",Duomo,strategy_nearest,False,0.002936124801635742,success
04B7223A9C4C80,3,"['San Zeno', 'Arena']",Casa Giulietta,"['Centro Fotografia', 'Sighseeing', 'Torre Lamberti', 'Museo Conte', 'Museo Radio']",Santa Anastasia,strategy_nearest,False,0.0024809837341308594,success
04B7393A9C4C80,2,"['Torre Lamberti', 'Palazzo della Ragione']",Duomo,"['AMO', 'Museo Miniscalchi', 'Santa Anastasia', 'Teatro Romano', 'Museo Conte']",Teatro Romano,strategy_nearest,True,0.0014562606811523438,success
04B7304A9C4C80,1,"['Casa Giulietta', 'Palazzo della Ragione']",Arena,"['Verona Tour', 'Museo Lapidario', 'Museo Radio', 'San Fermo', 'Sighseeing']",Giardino Giusti,strategy_nearest,False,0.0025129318237304688,success
04B7303A9C4C80,2,"['Santa Anastasia', 'Duomo']",San Fermo,"['Museo Storia', 'Museo Radio', 'Casa Giulietta', 'Centro Fotografia', 'Arena']",Castelvecchio,strategy_nearest,False,0.003299236297607422,success
04B75C3A9C4C80,2,['Castelvecchio'],San Zeno,"['Verona Tour', 'Museo Lapidario', 'Arena', 'Museo Miniscalchi', 'Sighseeing']",Teatro Romano,strategy_nearest,False,0.003882169723510742,success
04B760429C4C80,2,['Casa Giulietta'],Torre Lamberti,"['Sighseeing', 'Centro Fotografia', 'Museo Conte', 'Palazzo della Ragione', 'AMO']",Santa Anastasia,strategy_nearest,False,0.0016508102416992188,success
04B76F3A9C4C80,3,"['Arena', 'Torre Lamberti', 'Casa Giulietta', 'San Fermo']",Giardino Giusti,"['Santa Anastasia', 'Teatro Romano', 'Museo Conte', 'Centro Fotografia', 'Museo Storia']",San Zeno,strategy_nearest,False,0.0025179386138916016,success
04B77F429C4C80,3,"['Castelvecchio', 'Arena']",Casa Giulietta,"['Centro Fotografia', 'Sighseeing', 'Torre Lamberti', 'Museo Conte', 'Museo Radio']",Torre Lamberti,strategy_nearest,True,0.0030357837677001953,success
04B774429C4C80,2,"['Teatro Romano', 'Duomo', 'Santa Anastasia']",Torre Lamberti,"['Sighseeing', 'Centro Fotografia', 'Museo Conte', 'Casa Giulietta', 'Palazzo della Ragione']",Palazzo della Ragione,strategy_nearest,True,0.005266904830932617,success
04B77F4A9C4C80,1,"['Arena', 'Casa Giulietta']",Torre Lamberti,"['Sighseeing', 'Centro Fotografia', 'Museo Conte', 'Palazzo della Ragione', 'AMO']",Palazzo della Ragione,strategy_nearest,True,0.004228115081787109,success
04B7863A9C4C80,2,['Casa Giulietta'],Santa Anastasia,"['AMO', 'Museo Conte', 'Palazzo della Ragione', 'Teatro Romano', 'Centro Fotografia']",Duomo,strategy_nearest,False,0.0032231807708740234,success
04B793429C4C80,0,['Arena'],Duomo,"['AMO', 'Museo Miniscalchi', 'Santa Anastasia', 'Teatro Romano', 'Palazzo della Ragione']",Teatro Romano,strategy_nearest,True,0.002864360809326172,success
04B78B3A9C4C80,2,"['San Zeno', 'Castelvecchio', 'Tomba Giulietta']",San Fermo,"['Museo Storia', 'Museo Radio', 'Casa Giulietta', 'Centro Fotografia', 'Arena']",Torre Lamberti,strategy_nearest,False,0.003863096237182617,success
04B79B4A9C4C80,1,"['Arena', 'Casa Giulietta', 'Torre Lamberti']",Palazzo della Ragione,"['AMO', 'Museo Conte', 'Centro Fotografia', 'Sighseeing', 'Santa Anastasia']",Duomo,strategy_nearest,False,0.0036330223083496094,success
04B7944A9C4C80,2,['Tomba Giulietta'],Casa Giulietta,"['Centro Fotografia', 'Sighseeing', 'Torre Lamberti', 'Museo Conte', 'Museo Radio']",Castelvecchio,strategy_nearest,False,0.003040790557861328,success
04B79F429C4C80,1,"['Arena', 'Casa Giulietta']",Duomo,"['AMO', 'Museo Miniscalchi', 'Santa Anastasia', 'Teatro Romano', 'Palazzo della Ragione']",Torre Lamberti,strategy_nearest,False,0.002147197723388672,success
04B7A64A9C4C80,0,['Duomo'],Torre Lamberti,"['Sighseeing', 'Centro Fotografia', 'Museo Conte', 'Casa Giulietta', 'Palazzo della Ragione']",Casa Giulietta,strategy_nearest,True,0.0034601688385009766,success
04B7A84A9C4C80,0,['Arena'],Torre Lamberti,"['Sighseeing', 'Centro Fotografia', 'Museo Conte', 'Casa Giulietta', 'Palazzo della Ragione']",Casa Giulietta,strategy_nearest,True,0.001477956771850586,success
04B7AC3A9C4C80,1,"['Arena', 'Casa Giulietta', 'Torre Lamberti']",Palazzo della Ragione,"['AMO', 'Museo Conte', 'Centro Fotografia', 'Sighseeing', 'Santa Anastasia']",Santa Anastasia,strategy_nearest,True,0.0035119056701660156,success
04B7BD3A9C4C80,0,['Arena'],Torre Lamberti,"['Sighseeing', 'Centro Fotografia', 'Museo Conte', 'Casa Giulietta', 'Palazzo della Ragione']",Duomo,strategy_nearest,False,0.0028128623962402344,success
04B7A94A9C4C80,3,"['Arena', 'Casa Giulietta']",San Fermo,"['Museo Storia', 'Museo Radio', 'Centro Fotografia', 'Sighseeing', 'Torre Lamberti']",Teatro Romano,strategy_nearest,False,0.0027818679809570312,success
04B7D53A9C4C80,0,"['Arena', 'Casa Giulietta']",Castelvecchio,"['Museo Lapidario', 'Verona Tour', 'Museo Radio', 'San Zeno', 'Sighseeing']",Teatro Romano,strategy_nearest,False,0.003120899200439453,success
04B7CF3A9C4C80,1,['Arena'],Casa Giulietta,"['Centro Fotografia', 'Sighseeing', 'Torre Lamberti', 'Museo Conte', 'Museo Radio']",Palazzo della Ragione,strategy_nearest,False,0.0014820098876953125,success
04B7C23A9C4C80,0,['Arena'],Torre Lamberti,"['Sighseeing', 'Centro Fotografia', 'Museo Conte', 'Casa Giulietta', 'Palazzo della Ragione']",Casa Giulietta,strategy_nearest,True,0.0032639503479003906,success
04B7D83A9C4C80,1,"['Arena', 'Museo Lapidario']",San Fermo,"['Museo Storia', 'Museo Radio', 'Casa Giulietta', 'Centro Fotografia', 'Sighseeing']",Casa Giulietta,strategy_nearest,True,0.003618001937866211,success
04B7E63A9C4C80,0,['Arena'],Castelvecchio,"['Museo Lapidario', 'Verona Tour', 'Museo Radio', 'San Zeno', 'Sighseeing']",Torre Lamberti,strategy_nearest,False,0.0026350021362304688,success
04B7DF3A9C4C80,2,"['Castelvecchio', 'Casa Giulietta', 'Torre Lamberti']",Santa Anastasia,"['AMO', 'Museo Conte', 'Palazzo della Ragione', 'Teatro Romano', 'Centro Fotografia']",Palazzo della Ragione,strategy_nearest,True,0.001851797103881836,success
04B7E73A9C4C80,3,['Arena'],Torre Lamberti,"['Sighseeing', 'Centro Fotografia', 'Museo Conte', 'Casa Giulietta', 'Palazzo della Ragione']",Santa Anastasia,strategy_nearest,False,0.003242015838623047,success
04B7F23A9C4C80,3,"['Torre Lamberti', 'Arena', 'San Zeno']",Castelvecchio,"['Museo Lapidario', 'Verona Tour', 'Museo Radio', 'Sighseeing', 'Museo Miniscalchi']",Duomo,strategy_nearest,False,0.0026302337646484375,success
04B7FE3A9C4C80,2,"['Casa Giulietta', 'Palazzo della Ragione', 'Torre Lamberti', 'Santa Anastasia']",Duomo,"['AMO', 'Museo Miniscalchi', 'Teatro Romano', 'Museo Conte', 'Centro Fotografia']",Teatro Romano,strategy_nearest,True,0.0019648075103759766,success
04B7FB429C4C80,1,"['Arena', 'San Fermo', 'Casa Giulietta', 'Palazzo della Ragione']",Santa Anastasia,"['AMO', 'Museo Conte', 'Teatro Romano', 'Centro Fotografia', 'Duomo']",San Zeno,strategy_nearest,False,0.0037310123443603516,success
04B80D429C4C80,2,['San Fermo'],Santa Anastasia,"['AMO', 'Museo Conte', 'Palazzo della Ragione', 'Teatro Romano', 'Centro Fotografia']",Duomo,strategy_nearest,False,0.002527952194213867,success
04B8093A9C4C84,1,"['Casa Giulietta', 'Torre Lamberti']",Palazzo della Ragione,"['AMO', 'Museo Conte', 'Centro Fotografia', 'Sighseeing', 'Santa Anastasia']",Arena,strategy_nearest,False,0.0041179656982421875,success
04B80D3A9C4C84,3,['Arena'],Santa Anastasia,"['AMO', 'Museo Conte', 'Palazzo della Ragione', 'Teatro Romano', 'Centro Fotografia']",Duomo,strategy_nearest,False,0.003801107406616211,success
04B81B429C4C84,2,"['San Fermo', 'Casa Giulietta']",Castelvecchio,"['Museo Lapidario', 'Verona Tour', 'Arena', 'Museo Radio', 'San Zeno']",Torre Lamberti,strategy_nearest,False,0.0024461746215820312,success
04B80F429C4C80,1,"['Arena', 'Casa Giulietta']",Palazzo della Ragione,"['AMO', 'Museo Conte', 'Torre Lamberti', 'Centro Fotografia', 'Sighseeing']",Torre Lamberti,strategy_nearest,True,0.0038919448852539062,success
04B813429C4C84,3,"['Arena', 'Casa Giulietta']",Torre Lamberti,"['Sighseeing', 'Centro Fotografia', 'Museo Conte', 'Palazzo della Ragione', 'AMO']",Duomo,strategy_nearest,False,0.005522966384887695,success
04B81C429C4C84,2,['Castelvecchio'],Casa Giulietta,"['Centro Fotografia', 'Sighseeing', 'Torre Lamberti', 'Museo Conte', 'Museo Radio']",Santa Anastasia,strategy_nearest,False,0.0032210350036621094,success
04B8213A9C4C80,3,"['Arena', 'Torre Lamberti']",Casa Giulietta,"['Centro Fotografia', 'Sighseeing', 'Museo Conte', 'Museo Radio', 'Palazzo della Ragione']",Santa Anastasia,strategy_nearest,False,0.0018510818481445312,success
04B822429C4C80,0,"['Arena', 'Casa Giulietta']",Duomo,"['AMO', 'Museo Miniscalchi', 'Santa Anastasia', 'Teatro Romano', 'Palazzo della Ragione']",Castelvecchio,strategy_nearest,False,0.0029938220977783203,success
04B821429C4C84,1,"['Arena', 'Casa Giulietta']",Palazzo della Ragione,"['AMO', 'Museo Conte', 'Torre Lamberti', 'Centro Fotografia', 'Sighseeing']",Santa Anastasia,strategy_nearest,False,0.002398967742919922,success
04B8203A9C4C84,2,['Casa Giulietta'],Teatro Romano,"['Santa Anastasia', 'Duomo', 'AMO', 'Palazzo della Ragione', 'Museo Conte']",Santa Anastasia,strategy_nearest,True,0.004072904586791992,success
04B82D3A9C4C80,1,"['Palazzo della Ragione', 'Torre Lamberti', 'Duomo', 'Giardino Giusti']",Teatro Romano,"['Santa Anastasia', 'AMO', 'Museo Conte', 'Centro Fotografia', 'Museo Miniscalchi']",Arena,strategy_nearest,False,0.0019500255584716797,success
04B8224A9C4C80,6,"['Verona Tour', 'Casa Giulietta', 'Palazzo della Ragione', 'Torre Lamberti']",Teatro Romano,"['Santa Anastasia', 'Duomo', 'AMO', 'Museo Conte', 'Centro Fotografia']",Duomo,strategy_nearest,True,0.003407001495361328,success
04B826429C4C84,1,"['Castelvecchio', 'Arena']",Palazzo della Ragione,"['AMO', 'Museo Conte', 'Torre Lamberti', 'Centro Fotografia', 'Sighseeing']",Casa Giulietta,strategy_nearest,False,0.0021550655364990234,success
04B84C3A9C4C80,0,"['Torre Lamberti', 'Casa Giulietta']",Castelvecchio,"['Museo Lapidario', 'Verona Tour', 'Arena', 'Museo Radio', 'San Zeno']",San Zeno,strategy_nearest,True,0.002794027328491211,success
04B846429C4C80,3,['Arena'],Castelvecchio,"['Museo Lapidario', 'Verona Tour', 'Museo Radio', 'San Zeno', 'Sighseeing']",Santa Anastasia,strategy_nearest,False,0.003509998321533203,success
04B8533A9C4C80,3,"['San Fermo', 'Torre Lamberti', 'Casa Giulietta', 'Santa Anastasia']",Duomo,"['AMO', 'Museo Miniscalchi', 'Teatro Romano', 'Palazzo della Ragione', 'Museo Conte']",Teatro Romano,strategy_nearest,True,0.0019097328186035156,success
04B85A3A9C4C80,2,"['Castelvecchio', 'Palazzo della Ragione']",Duomo,"['AMO', 'Museo Miniscalchi', 'Santa Anastasia', 'Teatro Romano', 'Museo Conte']",Teatro Romano,strategy_nearest,True,0.002710103988647461,success
04B864429C4C80,0,['Torre Lamberti'],Casa Giulietta,"['Centro Fotografia', 'Sighseeing', 'Museo Conte', 'Museo Radio', 'Palazzo della Ragione']",Arena,strategy_nearest,False,0.002927064895629883,success
04B85A429C4C80,3,"['Castelvecchio', 'Museo Lapidario', 'Arena', 'Casa Giulietta']",Torre Lamberti,"['Sighseeing', 'Centro Fotografia', 'Museo Conte', 'Palazzo della Ragione', 'AMO']",Santa Anastasia,strategy_nearest,False,0.0017580986022949219,success
04B862429C4C80,0,['Arena'],Palazzo della Ragione,"['AMO', 'Museo Conte', 'Torre Lamberti', 'Centro Fotografia', 'Sighseeing']",Casa Giulietta,strategy_nearest,False,0.0023949146270751953,success
04B86A429C4C80,2,['Torre Lamberti'],Santa Anastasia,"['AMO', 'Museo Conte', 'Palazzo della Ragione', 'Teatro Romano', 'Centro Fotografia']",Casa Giulietta,strategy_nearest,False,0.003759145736694336,success
04B86B429C4C80,2,"['Torre Lamberti', 'Santa Anastasia']",Castelvecchio,"['Museo Lapidario', 'Verona Tour', 'Arena', 'Museo Radio', 'San Zeno']",San Zeno,strategy_nearest,True,0.002850055694580078,success
04B86E3A9C4C80,3,"['Santa Anastasia', 'Duomo', 'Torre Lamberti']",Casa Giulietta,"['Centro Fotografia', 'Sighseeing', 'Museo Conte', 'Museo Radio', 'Palazzo della Ragione']",Arena,strategy_nearest,False,0.0020422935485839844,success
04B87E429C4C80,0,['Castelvecchio'],Arena,"['Verona Tour', 'Museo Lapidario', 'Museo Radio', 'San Fermo', 'Casa Giulietta']",Casa Giulietta,strategy_nearest,True,0.002480030059814453,success
04B8854A9C4C80,3,"['Arena', 'San Fermo']",Teatro Romano,"['Santa Anastasia', 'Duomo', 'AMO', 'Palazzo della Ragione', 'Museo Conte']",Castelvecchio,strategy_nearest,False,0.003242015838623047,success
04B88D4A9C4C80,3,"['Arena', 'Museo Lapidario']",Castelvecchio,"['Verona Tour', 'Museo Radio', 'San Zeno', 'Sighseeing', 'Museo Miniscalchi']",Santa Anastasia,strategy_nearest,False,0.002853870391845703,success
04B887429C4C80,2,['Casa Giulietta'],Tomba Giulietta,"['San Fermo', 'Museo Storia', 'Arena', 'Museo Lapidario', 'Museo Radio']",Teatro Romano,strategy_nearest,False,0.0028128623962402344,success
04B891429C4C80,3,['Arena'],Santa Anastasia,"['AMO', 'Museo Conte', 'Palazzo della Ragione', 'Teatro Romano', 'Centro Fotografia']",Teatro Romano,strategy_nearest,True,0.002429962158203125,success
04B8A1429C4C80,0,['Arena'],Torre Lamberti,"['Sighseeing', 'Centro Fotografia', 'Museo Conte', 'Casa Giulietta', 'Palazzo della Ragione']",Casa Giulietta,strategy_nearest,True,0.0020227432250976562,success
04B8A4429C4C80,2,"['Torre Lamberti', 'Palazzo della Ragione']",Casa Giulietta,"['Centro Fotografia', 'Sighseeing', 'Museo Conte', 'Museo Radio', 'San Fermo']",San Fermo,strategy_nearest,True,0.0031201839447021484,success
04B895429C4C80,2,['Santa Anastasia'],Teatro Romano,"['Duomo', 'AMO', 'Palazzo della Ragione', 'Museo Conte', 'Centro Fotografia']",Casa Giulietta,strategy_nearest,False,0.003699064254760742,success
04B8A5429C4C80,0,['Arena'],Casa Giulietta,"['Centro Fotografia', 'Sighseeing', 'Torre Lamberti', 'Museo Conte', 'Museo Radio']",Torre Lamberti,strategy_nearest,True,0.003548860549926758,success
04B8AA429C4C80,0,['Arena'],Duomo,"['AMO', 'Museo Miniscalchi', 'Santa Anastasia', 'Teatro Romano', 'Palazzo della Ragione']",Casa Giulietta,strategy_nearest,False,0.0011637210845947266,success
04B8B53A9C4C80,0,['Arena'],Casa Giulietta,"['Centro Fotografia', 'Sighseeing', 'Torre Lamberti', 'Museo Conte', 'Museo Radio']",Torre Lamberti,strategy_nearest,True,0.002870798110961914,success
04B8A84A9C4C80,2,['Teatro Romano'],Castelvecchio,"['Museo Lapidario', 'Verona Tour', 'Arena', 'Museo Radio', 'San Zeno']",Casa Giulietta,strategy_nearest,False,0.0034711360931396484,success
04B8B7429C4C80,3,"['Santa Anastasia', 'Duomo']",Casa Giulietta,"['Centro Fotografia', 'Sighseeing', 'Torre Lamberti', 'Museo Conte', 'Museo Radio']",Tomba Giulietta,strategy_nearest,False,0.0033719539642333984,success
04B8BE429C4C80,0,['Arena'],Torre Lamberti,"['Sighseeing', 'Centro Fotografia', 'Museo Conte', 'Casa Giulietta', 'Palazzo della Ragione']",Casa Giulietta,strategy_nearest,True,0.00457310676574707,success
04B8C2429C4C80,0,"['Arena', 'Casa Giulietta']",Teatro Romano,"['Santa Anastasia', 'Duomo', 'AMO', 'Palazzo della Ragione', 'Museo Conte']",Torre Lamberti,strategy_nearest,False,0.0027608871459960938,success
04B8B9429C4C80,2,['Castelvecchio'],Palazzo della Ragione,"['AMO', 'Museo Conte', 'Torre Lamberti', 'Centro Fotografia', 'Sighseeing']",Santa Anastasia,strategy_nearest,False,0.0037810802459716797,success
04B8C63A9C4C80,3,"['Duomo', 'Arena']",Casa Giulietta,"['Centro Fotografia', 'Sighseeing', 'Torre Lamberti', 'Museo Conte', 'Museo Radio']",Santa Anastasia,strategy_nearest,False,0.003434896469116211,success
04B8DF3A9C4C80,2,['Castelvecchio'],Teatro Romano,"['Santa Anastasia', 'Duomo', 'AMO', 'Palazzo della Ragione', 'Museo Conte']",Casa Giulietta,strategy_nearest,False,0.0023698806762695312,success
04B8CA429C4C80,1,"['Arena', 'Casa Giulietta']",Torre Lamberti,"['Sighseeing', 'Centro Fotografia', 'Museo Conte', 'Palazzo della Ragione', 'AMO']",Palazzo della Ragione,strategy_nearest,True,0.0017771720886230469,success
04B8E1429C4C80,0,"['Casa Giulietta', 'Arena']",Tomba Giulietta,"['San Fermo', 'Museo Storia', 'Museo Lapidario', 'Museo Radio', 'Verona Tour']",Torre Lamberti,strategy_nearest,False,0.00350189208984375,success
04B8D43A9C4C80,0,['Arena'],Casa Giulietta,"['Centro Fotografia', 'Sighseeing', 'Torre Lamberti', 'Museo Conte', 'Museo Radio']",Duomo,strategy_nearest,False,0.003011941909790039,success
04B8FB429C4C80,2,"['Santa Anastasia', 'Casa Giulietta', 'Palazzo della Ragione']",Torre Lamberti,"['Sighseeing', 'Centro Fotografia', 'Museo Conte', 'AMO', 'Museo Miniscalchi']",Duomo,strategy_nearest,False,0.0016188621520996094,success
04B8ED3A9C4C80,1,"['Casa Giulietta', 'Palazzo della Ragione']",Castelvecchio,"['Museo Lapidario', 'Verona Tour', 'Arena', 'Museo Radio', 'San Zeno']",Teatro Romano,strategy_nearest,False,0.002246856689453125,success
04B9023A9C4C84,0,['Arena'],Casa Giulietta,"['Centro Fotografia', 'Sighseeing', 'Torre Lamberti', 'Museo Conte', 'Museo Radio']",Torre Lamberti,strategy_nearest,True,0.0027561187744140625,success
04B906429C4C84,2,"['Torre Lamberti', 'Casa Giulietta', 'Castelvecchio', 'Santa Anastasia']",San Fermo,"['Museo Storia', 'Museo Radio', 'Centro Fotografia', 'Arena', 'Sighseeing']",Tomba Giulietta,strategy_nearest,False,0.003114938735961914,success
04B9153A9C4C84,2,['San Fermo'],Santa Anastasia,"['AMO', 'Museo Conte', 'Palazzo della Ragione', 'Teatro Romano', 'Centro Fotografia']",Santa Anastasia,strategy_nearest,False,0.0025339126586914062,success
04B9213A9C4C84,2,['Casa Giulietta'],Palazzo della Ragione,"['AMO', 'Museo Conte', 'Torre Lamberti', 'Centro Fotografia', 'Sighseeing']",Torre Lamberti,strategy_nearest,True,0.003598928451538086,success
04B90B429C4C84,0,['Casa Giulietta'],Arena,"['Verona Tour', 'Museo Lapidario', 'Museo Radio', 'San Fermo', 'Sighseeing']",Torre Lamberti,strategy_nearest,False,0.0025069713592529297,success
04B91E429C4C84,1,"['Arena', 'Casa Giulietta']",Torre Lamberti,"['Sighseeing', 'Centro Fotografia', 'Museo Conte', 'Palazzo della Ragione', 'AMO']",Palazzo della Ragione,strategy_nearest,True,0.003461122512817383,success
04B9223A9C4C84,3,"['Torre Lamberti', 'Santa Anastasia']",Duomo,"['AMO', 'Museo Miniscalchi', 'Teatro Romano', 'Palazzo della Ragione', 'Museo Conte']",Arena,strategy_nearest,False,0.0051801204681396484,success
04B925429C4C84,2,"['Castelvecchio', 'Santa Anastasia']",Palazzo della Ragione,"['AMO', 'Museo Conte', 'Torre Lamberti', 'Centro Fotografia', 'Sighseeing']",Torre Lamberti,strategy_nearest,True,0.0035669803619384766,success
04B9263A9C4C80,1,"['Casa Giulietta', 'Tomba Giulietta']",Arena,"['Verona Tour', 'Museo Lapidario', 'Museo Radio', 'San Fermo', 'Sighseeing']",Palazzo della Ragione,strategy_nearest,False,0.0024039745330810547,success
04B926429C4C80,1,"['Arena', 'Santa Anastasia', 'Duomo', 'San Fermo', 'Museo Storia']",Teatro Romano,"['AMO', 'Palazzo della Ragione', 'Museo Conte', 'Centro Fotografia', 'Museo Miniscalchi']",Castelvecchio,strategy_nearest,False,0.0038280487060546875,success
04B9294A9C4C80,2,"['Tomba Giulietta', 'Santa Anastasia']",Casa Giulietta,"['Centro Fotografia', 'Sighseeing', 'Torre Lamberti', 'Museo Conte', 'Museo Radio']",Castelvecchio,strategy_nearest,False,0.0018246173858642578,success
04B930429C4C80,2,['Castelvecchio'],Torre Lamberti,"['Sighseeing', 'Centro Fotografia', 'Museo Conte', 'Casa Giulietta', 'Palazzo della Ragione']",Casa Giulietta,strategy_nearest,True,0.002949953079223633,success
04B932429C4C80,3,"['Castelvecchio', 'San Zeno', 'Duomo']",Teatro Romano,"['Santa Anastasia', 'AMO', 'Palazzo della Ragione', 'Museo Conte', 'Centro Fotografia']",Santa Anastasia,strategy_nearest,True,0.0029180049896240234,success
04B93C4A9C4C80,1,"['Torre Lamberti', 'Palazzo della Ragione', 'Casa Giulietta']",Arena,"['Verona Tour', 'Museo Lapidario', 'Museo Radio', 'San Fermo', 'Sighseeing']",San Zeno,strategy_nearest,False,0.003173828125,success
04B945429C4C80,3,"['Arena', 'Santa Anastasia', 'Duomo']",Torre Lamberti,"['Sighseeing', 'Centro Fotografia', 'Museo Conte', 'Casa Giulietta', 'Palazzo della Ragione']",Teatro Romano,strategy_nearest,False,0.0023479461669921875,success
04B940429C4C80,2,['Teatro Romano'],Duomo,"['AMO', 'Museo Miniscalchi', 'Santa Anastasia', 'Palazzo della Ragione', 'Museo Conte']",Torre Lamberti,strategy_nearest,False,0.003371000289916992,success
04B957429C4C80,0,"['Arena', 'Casa Giulietta']",Museo Storia,"['San Fermo', 'Museo Radio', 'Centro Fotografia', 'Tomba Giulietta', 'Torre Lamberti']",Torre Lamberti,strategy_nearest,True,0.0038039684295654297,success
04B953429C4C80,0,['Duomo'],Torre Lamberti,"['Sighseeing', 'Centro Fotografia', 'Museo Conte', 'Casa Giulietta', 'Palazzo della Ragione']",Casa Giulietta,strategy_nearest,True,0.0029668807983398438,success
04B95B429C4C80,0,"['Arena', 'Museo Lapidario']",Casa Giulietta,"['Centro Fotografia', 'Sighseeing', 'Torre Lamberti', 'Museo Conte', 'Museo Radio']",Torre Lamberti,strategy_nearest,True,0.002763986587524414,success
04B9543A9C4C80,3,"['Castelvecchio', 'Arena']",San Zeno,"['Verona Tour', 'Museo Lapidario', 'Museo Miniscalchi', 'Sighseeing', 'Museo Radio']",Teatro Romano,strategy_nearest,False,0.003215789794921875,success
04B9693A9C4C80,1,"['San Fermo', 'Castelvecchio']",Arena,"['Verona Tour', 'Museo Lapidario', 'Museo Radio', 'Casa Giulietta', 'Sighseeing']",Tomba Giulietta,strategy_nearest,False,0.0017719268798828125,success
04B963429C4C80,0,['Arena'],Casa Giulietta,"['Centro Fotografia', 'Sighseeing', 'Torre Lamberti', 'Museo Conte', 'Museo Radio']",Tomba Giulietta,strategy_nearest,False,0.003763914108276367,success
04B96D3A9C4C80,0,"['Arena', 'Castelvecchio']",Casa Giulietta,"['Centro Fotografia', 'Sighseeing', 'Torre Lamberti', 'Museo Conte', 'Museo Radio']",San Zeno,strategy_nearest,False,0.005177736282348633,success
04B9763A9C4C80,2,['Casa Giulietta'],Torre Lamberti,"['Sighseeing', 'Centro Fotografia', 'Museo Conte', 'Palazzo della Ragione', 'AMO']",Teatro Romano,strategy_nearest,False,0.0054340362548828125,success
04B981429C4C80,1,"['Palazzo della Ragione', 'Torre Lamberti']",Casa Giulietta,"['Centro Fotografia', 'Sighseeing', 'Museo Conte', 'Museo Radio', 'San Fermo']",Arena,strategy_nearest,False,0.0028350353240966797,success
04B9804A9C4C80,3,['Arena'],Santa Anastasia,"['AMO', 'Museo Conte', 'Palazzo della Ragione', 'Teatro Romano', 'Centro Fotografia']",Torre Lamberti,strategy_nearest,False,0.002285003662109375,success
04B98A4A9C4C80,0,['Arena'],Casa Giulietta,"['Centro Fotografia', 'Sighseeing', 'Torre Lamberti', 'Museo Conte', 'Museo Radio']",Torre Lamberti,strategy_nearest,True,0.001405954360961914,success
04B995429C4C80,2,['Santa Anastasia'],Teatro Romano,"['Duomo', 'AMO', 'Palazzo della Ragione', 'Museo Conte', 'Centro Fotografia']",Casa Giulietta,strategy_nearest,False,0.0032548904418945312,success
04B9A2429C4C80,2,['Torre Lamberti'],Santa Anastasia,"['AMO', 'Museo Conte', 'Palazzo della Ragione', 'Teatro Romano', 'Centro Fotografia']",Duomo,strategy_nearest,False,0.0029489994049072266,success
04B9A34A9C4C80,3,['Arena'],Torre Lamberti,"['Sighseeing', 'Centro Fotografia', 'Museo Conte', 'Casa Giulietta', 'Palazzo della Ragione']",Teatro Romano,strategy_nearest,False,0.0032532215118408203,success
04B998429C4C80,3,['Giardino Giusti'],San Zeno,"['Castelvecchio', 'Verona Tour', 'Museo Lapidario', 'Arena', 'Museo Miniscalchi']",Arena,strategy_nearest,True,0.0021920204162597656,success
04B9A63A9C4C80,0,['Arena'],Castelvecchio,"['Museo Lapidario', 'Verona Tour', 'Museo Radio', 'San Zeno', 'Sighseeing']",Casa Giulietta,strategy_nearest,False,0.0016942024230957031,success
04B9A7429C4C80,3,"['Castelvecchio', 'Arena']",Casa Giulietta,"['Centro Fotografia', 'Sighseeing', 'Torre Lamberti', 'Museo Conte', 'Museo Radio']",Santa Anastasia,strategy_nearest,False,0.0020601749420166016,success
04B9A83A9C4C80,3,"['Arena', 'Casa Giulietta']",San Fermo,"['Museo Storia', 'Museo Radio', 'Centro Fotografia', 'Sighseeing', 'Torre Lamberti']",Santa Anastasia,strategy_nearest,False,0.0032117366790771484,success
04B9A74A9C4C80,0,['Arena'],Casa Giulietta,"['Centro Fotografia', 'Sighseeing', 'Torre Lamberti', 'Museo Conte', 'Museo Radio']",Teatro Romano,strategy_nearest,False,0.0028421878814697266,success
04B9B372743380,4,"['Castelvecchio', 'Casa Giulietta', 'Teatro Romano', 'Santa Anastasia']",San Zeno,"['Verona Tour', 'Museo Lapidario', 'Arena', 'Museo Miniscalchi', 'Sighseeing']",Museo Radio,strategy_nearest,False,0.0037310123443603516,success
04B9B5429C4C80,2,['Santa Anastasia'],Torre Lamberti,"['Sighseeing', 'Centro Fotografia', 'Museo Conte', 'Casa Giulietta', 'Palazzo della Ragione']",Palazzo della Ragione,strategy_nearest,True,0.003905057907104492,success
04B9BB3A9C4C80,2,['Palazzo della Ragione'],Torre Lamberti,"['Sighseeing', 'Centro Fotografia', 'Museo Conte', 'Casa Giulietta', 'AMO']",Casa Giulietta,strategy_nearest,True,0.002264738082885742,success
04B9C13A9C4C80,0,['Castelvecchio'],Arena,"['Verona Tour', 'Museo Lapidario', 'Museo Radio', 'San Fermo', 'Casa Giulietta']",Torre Lamberti,strategy_nearest,False,0.004425048828125,success
04B9D43A9C4C80,3,"['Duomo', 'Torre Lamberti']",San Fermo,"['Museo Storia', 'Museo Radio', 'Casa Giulietta', 'Centro Fotografia', 'Arena']",Arena,strategy_nearest,True,0.0018658638000488281,success
04B9E6429C4C80,1,"['Arena', 'Casa Giulietta']",Torre Lamberti,"['Sighseeing', 'Centro Fotografia', 'Museo Conte', 'Palazzo della Ragione', 'AMO']",Palazzo della Ragione,strategy_nearest,True,0.003640890121459961,success
04B9C73A9C4C80,1,['Arena'],Palazzo della Ragione,"['AMO', 'Museo Conte', 'Torre Lamberti', 'Centro Fotografia', 'Sighseeing']",Torre Lamberti,strategy_nearest,True,0.004659891128540039,success
04B9C5429C4C80,2,"['Castelvecchio', 'Casa Giulietta']",Santa Anastasia,"['AMO', 'Museo Conte', 'Palazzo della Ragione', 'Teatro Romano', 'Centro Fotografia']",Duomo,strategy_nearest,False,0.005075931549072266,success
04B9EA3A9C4C80,2,['Santa Anastasia'],Teatro Romano,"['Duomo', 'AMO', 'Palazzo della Ragione', 'Museo Conte', 'Centro Fotografia']",Casa Giulietta,strategy_nearest,False,0.0013103485107421875,success
04BA0B4A9C4C80,3,['Arena'],Santa Anastasia,"['AMO', 'Museo Conte', 'Palazzo della Ragione', 'Teatro Romano', 'Centro Fotografia']",Duomo,strategy_nearest,False,0.0017540454864501953,success
04BA0B429C4C80,3,"['Arena', 'Casa Giulietta']",Torre Lamberti,"['Sighseeing', 'Centro Fotografia', 'Museo Conte', 'Palazzo della Ragione', 'AMO']",Santa Anastasia,strategy_nearest,False,0.003977060317993164,success
04B9EB3A9C4C80,1,"['Teatro Romano', 'Casa Giulietta', 'Palazzo della Ragione', 'Torre Lamberti']",Arena,"['Verona Tour', 'Museo Lapidario', 'Museo Radio', 'San Fermo', 'Sighseeing']",San Fermo,strategy_nearest,True,0.005209684371948242,success
04BA16429C4C80,1,"['Arena', 'Castelvecchio', 'Duomo', 'Santa Anastasia', 'Torre Lamberti']",Palazzo della Ragione,"['AMO', 'Museo Conte', 'Centro Fotografia', 'Sighseeing', 'Museo Miniscalchi']",San Fermo,strategy_nearest,False,0.004785299301147461,success
04BA1B429C4C84,3,"['Castelvecchio', 'San Zeno', 'Duomo', 'Santa Anastasia']",Torre Lamberti,"['Sighseeing', 'Centro Fotografia', 'Museo Conte', 'Casa Giulietta', 'Palazzo della Ragione']",Casa Giulietta,strategy_nearest,True,0.0034058094024658203,success
04BA1C3A9C4C84,1,"['Torre Lamberti', 'Palazzo della Ragione']",Casa Giulietta,"['Centro Fotografia', 'Sighseeing', 'Museo Conte', 'Museo Radio', 'San Fermo']",Arena,strategy_nearest,False,0.0028107166290283203,success
04BA1E429C4C84,0,['Arena'],Museo Lapidario,"['Verona Tour', 'Castelvecchio', 'Museo Radio', 'San Fermo', 'Casa Giulietta']",Casa Giulietta,strategy_nearest,True,0.0037031173706054688,success
04BA22429C4C80,3,"['Castelvecchio', 'Casa Giulietta', 'Torre Lamberti']",Santa Anastasia,"['AMO', 'Museo Conte', 'Palazzo della Ragione', 'Teatro Romano', 'Centro Fotografia']",Duomo,strategy_nearest,False,0.0043430328369140625,success
04BA1F429C4C84,2,"['Museo Lapidario', 'Castelvecchio', 'Torre Lamberti']",Torre Lamberti,"['Sighseeing', 'Centro Fotografia', 'Museo Conte', 'Casa Giulietta', 'Palazzo della Ragione']",Casa Giulietta,strategy_nearest,True,0.0029020309448242188,success
04BA1C429C4C80,3,"['Arena', 'Museo Lapidario', 'Casa Giulietta']",Torre Lamberti,"['Sighseeing', 'Centro Fotografia', 'Museo Conte', 'Palazzo della Ragione', 'AMO']",Santa Anastasia,strategy_nearest,False,0.0016407966613769531,success
04BA24429C4C84,0,['Arena'],Museo Lapidario,"['Verona Tour', 'Castelvecchio', 'Museo Radio', 'San Fermo', 'Casa Giulietta']",Torre Lamberti,strategy_nearest,False,0.0025360584259033203,success
04BA263A9C4C80,3,"['Arena', 'Castelvecchio', 'San Fermo']",Casa Giulietta,"['Centro Fotografia', 'Sighseeing', 'Torre Lamberti', 'Museo Conte', 'Museo Radio']",San Zeno,strategy_nearest,False,0.003770112991333008,success
04BA25429C4C80,4,"['Casa Giulietta', 'Santa Anastasia', 'Museo Radio']",Tomba Giulietta,"['San Fermo', 'Museo Storia', 'Arena', 'Museo Lapidario', 'Verona Tour']",San Zeno,strategy_nearest,False,0.003149747848510742,success
04BA26429C4C84,2,"['Casa Giulietta', 'Torre Lamberti', 'Santa Anastasia']",Teatro Romano,"['Duomo', 'AMO', 'Palazzo della Ragione', 'Museo Conte', 'Centro Fotografia']",Tomba Giulietta,strategy_nearest,False,0.0043277740478515625,success
04BA2A3A9C4C80,1,"['Torre Lamberti', 'Santa Anastasia', 'Duomo']",Casa Giulietta,"['Centro Fotografia', 'Sighseeing', 'Museo Conte', 'Museo Radio', 'Palazzo della Ragione']",Arena,strategy_nearest,False,0.002485036849975586,success
04BA294A9C4C80,2,"['Tomba Giulietta', 'San Zeno', 'Castelvecchio']",Casa Giulietta,"['Centro Fotografia', 'Sighseeing', 'Torre Lamberti', 'Museo Conte', 'Museo Radio']",Palazzo della Ragione,strategy_nearest,False,0.0018389225006103516,success
04BA31429C4C80,2,"['San Fermo', 'Tomba Giulietta', 'Torre Lamberti']",Casa Giulietta,"['Centro Fotografia', 'Sighseeing', 'Museo Conte', 'Museo Radio', 'Palazzo della Ragione']",Castelvecchio,strategy_nearest,False,0.0030901432037353516,success
04BA3C4A9C4C80,1,"['Torre Lamberti', 'Palazzo della Ragione', 'Casa Giulietta']",Arena,"['Verona Tour', 'Museo Lapidario', 'Museo Radio', 'San Fermo', 'Sighseeing']",San Zeno,strategy_nearest,False,0.003840208053588867,success
04BA43429C4C80,3,"['San Fermo', 'Torre Lamberti']",Arena,"['Verona Tour', 'Museo Lapidario', 'Museo Radio', 'Casa Giulietta', 'Sighseeing']",Castelvecchio,strategy_nearest,False,0.001811981201171875,success
04BA44429C4C80,2,['Castelvecchio'],Casa Giulietta,"['Centro Fotografia', 'Sighseeing', 'Torre Lamberti', 'Museo Conte', 'Museo Radio']",San Fermo,strategy_nearest,False,0.0032281875610351562,success
04BA4E3A9C4C80,0,['Casa Giulietta'],Castelvecchio,"['Museo Lapidario', 'Verona Tour', 'Arena', 'Museo Radio', 'San Zeno']",Arena,strategy_nearest,True,0.0044519901275634766,success
04BA4E429C4C80,0,['Arena'],Torre Lamberti,"['Sighseeing', 'Centro Fotografia', 'Museo Conte', 'Casa Giulietta', 'Palazzo della Ragione']",San Zeno,strategy_nearest,False,0.0052678585052490234,success
04BA4F429C4C80,2,"['Casa Giulietta', 'Duomo']",Santa Anastasia,"['AMO', 'Museo Conte', 'Palazzo della Ragione', 'Teatro Romano', 'Centro Fotografia']",Castelvecchio,strategy_nearest,False,0.003968954086303711,success
04BA53429C4C80,0,"['Arena', 'Casa Giulietta']",Torre Lamberti,"['Sighseeing', 'Centro Fotografia', 'Museo Conte', 'Palazzo della Ragione', 'AMO']",Castelvecchio,strategy_nearest,False,0.005195140838623047,success
04BA64429C4C80,3,"['Arena', 'Museo Lapidario', 'Castelvecchio']",San Zeno,"['Verona Tour', 'Museo Miniscalchi', 'Sighseeing', 'Museo Radio', 'Torre Lamberti']",Duomo,strategy_nearest,False,0.0022399425506591797,success
04BA5E3A9C4C80,2,"['Castelvecchio', 'Torre Lamberti']",Palazzo della Ragione,"['AMO', 'Museo Conte', 'Centro Fotografia', 'Sighseeing', 'Santa Anastasia']",Duomo,strategy_nearest,False,0.003162860870361328,success
04BA72429C4C80,3,"['Arena', 'Castelvecchio']",Casa Giulietta,"['Centro Fotografia', 'Sighseeing', 'Torre Lamberti', 'Museo Conte', 'Museo Radio']",Santa Anastasia,strategy_nearest,False,0.003699064254760742,success
04BA7F4A9C4C80,0,['Casa Giulietta'],Torre Lamberti,"['Sighseeing', 'Centro Fotografia', 'Museo Conte', 'Palazzo della Ragione', 'AMO']",Arena,strategy_nearest,False,0.002938985824584961,success
04BA7C4A9C4C80,3,['Arena'],Casa Giulietta,"['Centro Fotografia', 'Sighseeing', 'Torre Lamberti', 'Museo Conte', 'Museo Radio']",San Fermo,strategy_nearest,False,0.002202749252319336,success
04BA763A9C4C80,2,"['Casa Giulietta', 'Torre Lamberti']",Palazzo della Ragione,"['AMO', 'Museo Conte', 'Centro Fotografia', 'Sighseeing', 'Santa Anastasia']",Santa Anastasia,strategy_nearest,True,0.0030388832092285156,success
04BA854A9C4C80,3,"['Arena', 'San Fermo', 'Duomo']",Teatro Romano,"['Santa Anastasia', 'AMO', 'Palazzo della Ragione', 'Museo Conte', 'Centro Fotografia']",Castelvecchio,strategy_nearest,False,0.0035142898559570312,success
04BA8F4A9C4C80,0,['Arena'],Casa Giulietta,"['Centro Fotografia', 'Sighseeing', 'Torre Lamberti', 'Museo Conte', 'Museo Radio']",Duomo,strategy_nearest,False,0.003264904022216797,success
04BA863A9C4C80,2,['Casa Giulietta'],Torre Lamberti,"['Sighseeing', 'Centro Fotografia', 'Museo Conte', 'Palazzo della Ragione', 'AMO']",Palazzo della Ragione,strategy_nearest,True,0.001880645751953125,success
04BA884A9C4C80,0,['Arena'],Castelvecchio,"['Museo Lapidario', 'Verona Tour', 'Museo Radio', 'San Zeno', 'Sighseeing']",Casa Giulietta,strategy_nearest,False,0.0026760101318359375,success
04BA964A9C4C80,0,['Arena'],Casa Giulietta,"['Centro Fotografia', 'Sighseeing', 'Torre Lamberti', 'Museo Conte', 'Museo Radio']",Tomba Giulietta,strategy_nearest,False,0.004584789276123047,success
04BA97429C4C80,3,['Arena'],Torre Lamberti,"['Sighseeing', 'Centro Fotografia', 'Museo Conte', 'Casa Giulietta', 'Palazzo della Ragione']",Santa Anastasia,strategy_nearest,False,0.0023941993713378906,success
04BA99429C4C80,0,['Arena'],Castelvecchio,"['Museo Lapidario', 'Verona Tour', 'Museo Radio', 'San Zeno', 'Sighseeing']",Casa Giulietta,strategy_nearest,False,0.0028836727142333984,success
04BA9E429C4C80,0,"['Castelvecchio', 'Casa Giulietta']",Arena,"['Verona Tour', 'Museo Lapidario', 'Museo Radio', 'San Fermo', 'Sighseeing']",Teatro Romano,strategy_nearest,False,0.0026009082794189453,success
04BAA3429C4C80,0,['Arena'],Casa Giulietta,"['Centro Fotografia', 'Sighseeing', 'Torre Lamberti', 'Museo Conte', 'Museo Radio']",Castelvecchio,strategy_nearest,False,0.0019462108612060547,success
04BAA34A9C4C80,0,['Arena'],Castelvecchio,"['Museo Lapidario', 'Verona Tour', 'Museo Radio', 'San Zeno', 'Sighseeing']",Casa Giulietta,strategy_nearest,False,0.0029299259185791016,success
04BAA6429C4C80,3,"['Castelvecchio', 'Arena']",San Fermo,"['Museo Storia', 'Museo Radio', 'Casa Giulietta', 'Centro Fotografia', 'Sighseeing']",Torre Lamberti,strategy_nearest,False,0.0030279159545898438,success
04BAA93A9C4C80,3,"['Santa Anastasia', 'Teatro Romano', 'Duomo']",Torre Lamberti,"['Sighseeing', 'Centro Fotografia', 'Museo Conte', 'Casa Giulietta', 'Palazzo della Ragione']",Casa Giulietta,strategy_nearest,True,0.0027780532836914062,success
04BAAA3A9C4C80,3,"['Arena', 'Casa Giulietta']",Torre Lamberti,"['Sighseeing', 'Centro Fotografia', 'Museo Conte', 'Palazzo della Ragione', 'AMO']",Santa Anastasia,strategy_nearest,False,0.0024421215057373047,success
04BAC83A9C4C80,2,['Castelvecchio'],Duomo,"['AMO', 'Museo Miniscalchi', 'Santa Anastasia', 'Teatro Romano', 'Palazzo della Ragione']",San Fermo,strategy_nearest,False,0.002101898193359375,success
04BACB429C4C80,2,"['Teatro Romano', 'Giardino Giusti']",Casa Giulietta,"['Centro Fotografia', 'Sighseeing', 'Torre Lamberti', 'Museo Conte', 'Museo Radio']",Palazzo della Ragione,strategy_nearest,False,0.0034019947052001953,success
04BAB4429C4C80,0,['Arena'],Casa Giulietta,"['Centro Fotografia', 'Sighseeing', 'Torre Lamberti', 'Museo Conte', 'Museo Radio']",Torre Lamberti,strategy_nearest,True,0.0029671192169189453,success
04BACC429C4C80,0,"['Casa Giulietta', 'Arena']",Torre Lamberti,"['Sighseeing', 'Centro Fotografia', 'Museo Conte', 'Palazzo della Ragione', 'AMO']",Teatro Romano,strategy_nearest,False,0.003450155258178711,success
04BAE53A9C4C80,3,"['Arena', 'Torre Lamberti']",Santa Anastasia,"['AMO', 'Museo Conte', 'Palazzo della Ragione', 'Teatro Romano', 'Centro Fotografia']",Teatro Romano,strategy_nearest,True,0.0025992393493652344,success
04BAD93A9C4C80,0,['Arena'],Casa Giulietta,"['Centro Fotografia', 'Sighseeing', 'Torre Lamberti', 'Museo Conte', 'Museo Radio']",Torre Lamberti,strategy_nearest,True,0.0024809837341308594,success
04BAE93A9C4C80,0,['Arena'],Casa Giulietta,"['Centro Fotografia', 'Sighseeing', 'Torre Lamberti', 'Museo Conte', 'Museo Radio']",Duomo,strategy_nearest,False,0.004293918609619141,success
04BAEA3A9C4C80,1,"['Arena', 'Casa Giulietta']",San Fermo,"['Museo Storia', 'Museo Radio', 'Centro Fotografia', 'Sighseeing', 'Torre Lamberti']",Palazzo della Ragione,strategy_nearest,False,0.0024688243865966797,success
04BB0D3A9C4C84,0,['Casa Giulietta'],Arena,"['Verona Tour', 'Museo Lapidario', 'Museo Radio', 'San Fermo', 'Sighseeing']",Castelvecchio,strategy_nearest,False,0.0024487972259521484,success
04BAED3A9C4C80,2,['Castelvecchio'],San Zeno,"['Verona Tour', 'Museo Lapidario', 'Arena', 'Museo Miniscalchi', 'Sighseeing']",Duomo,strategy_nearest,False,0.005920886993408203,success
04BB0D429C4C84,0,['Casa Giulietta'],Torre Lamberti,"['Sighseeing', 'Centro Fotografia', 'Museo Conte', 'Palazzo della Ragione', 'AMO']",Arena,strategy_nearest,False,0.0037469863891601562,success
04BB12429C4C84,3,"['Arena', 'Castelvecchio', 'San Zeno']",Santa Anastasia,"['AMO', 'Museo Conte', 'Palazzo della Ragione', 'Teatro Romano', 'Centro Fotografia']",Duomo,strategy_nearest,False,0.004297971725463867,success
04BB124A9C4C80,0,"['Arena', 'Casa Giulietta']",Castelvecchio,"['Museo Lapidario', 'Verona Tour', 'Museo Radio', 'San Zeno', 'Sighseeing']",Teatro Romano,strategy_nearest,False,0.002465963363647461,success
04BB1C3A9C4C80,0,['Arena'],Casa Giulietta,"['Centro Fotografia', 'Sighseeing', 'Torre Lamberti', 'Museo Conte', 'Museo Radio']",Torre Lamberti,strategy_nearest,True,0.001898050308227539,success
04BB183A9C4C80,3,"['Arena', 'Torre Lamberti', 'Casa Giulietta']",Santa Anastasia,"['AMO', 'Museo Conte', 'Palazzo della Ragione', 'Teatro Romano', 'Centro Fotografia']",Tomba Giulietta,strategy_nearest,False,0.002669095993041992,success
04BB1B3A9C4C80,3,"['Santa Anastasia', 'Arena']",Torre Lamberti,"['Sighseeing', 'Centro Fotografia', 'Museo Conte', 'Casa Giulietta', 'Palazzo della Ragione']",Casa Giulietta,strategy_nearest,True,0.002716064453125,success
04BB1D429C4C84,0,['Arena'],Casa Giulietta,"['Centro Fotografia', 'Sighseeing', 'Torre Lamberti', 'Museo Conte', 'Museo Radio']",Santa Anastasia,strategy_nearest,False,0.004619598388671875,success
04BB203A9C4C84,3,"['Arena', 'San Fermo']",Casa Giulietta,"['Centro Fotografia', 'Sighseeing', 'Torre Lamberti', 'Museo Conte', 'Museo Radio']",Torre Lamberti,strategy_nearest,True,0.0023512840270996094,success
04BB203A9C4C80,1,"['Arena', 'Casa Giulietta', 'Torre Lamberti']",Palazzo della Ragione,"['AMO', 'Museo Conte', 'Centro Fotografia', 'Sighseeing', 'Santa Anastasia']",Santa Anastasia,strategy_nearest,True,0.001672983169555664,success
04BB223A9C4C84,0,"['Casa Giulietta', 'Torre Lamberti']",Arena,"['Verona Tour', 'Museo Lapidario', 'Museo Radio', 'San Fermo', 'Sighseeing']",Tomba Giulietta,strategy_nearest,False,0.0034570693969726562,success
04BB293A9C4C80,2,['Castelvecchio'],Torre Lamberti,"['Sighseeing', 'Centro Fotografia', 'Museo Conte', 'Casa Giulietta', 'Palazzo della Ragione']",Santa Anastasia,strategy_nearest,False,0.004078865051269531,success
04BB24429C4C84,2,['Castelvecchio'],Torre Lamberti,"['Sighseeing', 'Centro Fotografia', 'Museo Conte', 'Casa Giulietta', 'Palazzo della Ragione']",Palazzo della Ragione,strategy_nearest,True,0.002688884735107422,success
04BB2A3A9C4C80,3,"['Arena', 'Torre Lamberti']",Santa Anastasia,"['AMO', 'Museo Conte', 'Palazzo della Ragione', 'Teatro Romano', 'Centro Fotografia']",Duomo,strategy_nearest,False,0.004689931869506836,success
04BB3B429C4C80,3,"['Casa Giulietta', 'Arena']",Torre Lamberti,"['Sighseeing', 'Centro Fotografia', 'Museo Conte', 'Palazzo della Ragione', 'AMO']",Teatro Romano,strategy_nearest,False,0.0018680095672607422,success
04BB2E4A9C4C80,3,"['Casa Giulietta', 'Tomba Giulietta', 'Castelvecchio']",San Fermo,"['Museo Storia', 'Museo Radio', 'Centro Fotografia', 'Arena', 'Sighseeing']",Arena,strategy_nearest,True,0.003443002700805664,success
04BB303A9C4C80,0,"['Castelvecchio', 'Duomo']",Teatro Romano,"['Santa Anastasia', 'AMO', 'Palazzo della Ragione', 'Museo Conte', 'Centro Fotografia']",Casa Giulietta,strategy_nearest,False,0.004189968109130859,success
04BB4B429C4C80,0,['Arena'],Casa Giulietta,"['Centro Fotografia', 'Sighseeing', 'Torre Lamberti', 'Museo Conte', 'Museo Radio']",Torre Lamberti,strategy_nearest,True,0.003741025924682617,success
04BB543A9C4C80,1,"['Arena', 'Casa Giulietta', 'Palazzo della Ragione']",Duomo,"['AMO', 'Museo Miniscalchi', 'Santa Anastasia', 'Teatro Romano', 'Museo Conte']",Tomba Giulietta,strategy_nearest,False,0.0027179718017578125,success
04BB56429C4C80,3,"['Arena', 'Torre Lamberti']",Santa Anastasia,"['AMO', 'Museo Conte', 'Palazzo della Ragione', 'Teatro Romano', 'Centro Fotografia']",Duomo,strategy_nearest,False,0.0040798187255859375,success
04BB57429C4C80,0,['Castelvecchio'],Arena,"['Verona Tour', 'Museo Lapidario', 'Museo Radio', 'San Fermo', 'Casa Giulietta']",Giardino Giusti,strategy_nearest,False,0.002942800521850586,success
04BB59429C4C80,1,"['Teatro Romano', 'Arena', 'Museo Lapidario']",Castelvecchio,"['Verona Tour', 'Museo Radio', 'San Zeno', 'Sighseeing', 'Museo Miniscalchi']",Torre Lamberti,strategy_nearest,False,0.0032019615173339844,success
04BB64429C4C80,0,"['Castelvecchio', 'Torre Lamberti']",Casa Giulietta,"['Centro Fotografia', 'Sighseeing', 'Museo Conte', 'Museo Radio', 'Palazzo della Ragione']",Arena,strategy_nearest,False,0.003451108932495117,success
04BB6B429C4C80,2,['Teatro Romano'],Duomo,"['AMO', 'Museo Miniscalchi', 'Santa Anastasia', 'Palazzo della Ragione', 'Museo Conte']",Torre Lamberti,strategy_nearest,False,0.0012638568878173828,success
04BB6B3A9C4C80,2,"['Santa Anastasia', 'Duomo', 'Tomba Giulietta']",Palazzo della Ragione,"['AMO', 'Museo Conte', 'Torre Lamberti', 'Centro Fotografia', 'Sighseeing']",Casa Giulietta,strategy_nearest,False,0.0033638477325439453,success
04BB6D3A9C4C80,0,['Torre Lamberti'],Casa Giulietta,"['Centro Fotografia', 'Sighseeing', 'Museo Conte', 'Museo Radio', 'Palazzo della Ragione']",Castelvecchio,strategy_nearest,False,0.0029239654541015625,success
04BB72429C4C80,0,['San Zeno'],Torre Lamberti,"['Sighseeing', 'Centro Fotografia', 'Museo Conte', 'Casa Giulietta', 'Palazzo della Ragione']",Arena,strategy_nearest,False,0.0023648738861083984,success
04BB77429C4C80,1,['Casa Giulietta'],Torre Lamberti,"['Sighseeing', 'Centro Fotografia', 'Museo Conte', 'Palazzo della Ragione', 'AMO']",Palazzo della Ragione,strategy_nearest,True,0.003194093704223633,success
04BB73429C4C80,0,['Arena'],Casa Giulietta,"['Centro Fotografia', 'Sighseeing', 'Torre Lamberti', 'Museo Conte', 'Museo Radio']",Torre Lamberti,strategy_nearest,True,0.0031447410583496094,success
04BB7A4A9C4C80,3,['Arena'],Casa Giulietta,"['Centro Fotografia', 'Sighseeing', 'Torre Lamberti', 'Museo Conte', 'Museo Radio']",Teatro Romano,strategy_nearest,False,0.0022020339965820312,success
04BB7F429C4C80,0,['Casa Giulietta'],Castelvecchio,"['Museo Lapidario', 'Verona Tour', 'Arena', 'Museo Radio', 'San Zeno']",Arena,strategy_nearest,True,0.0022459030151367188,success
04BB7B4A9C4C80,3,['Arena'],Casa Giulietta,"['Centro Fotografia', 'Sighseeing', 'Torre Lamberti', 'Museo Conte', 'Museo Radio']",San Fermo,strategy_nearest,False,0.003206014633178711,success
04BB814A9C4C80,3,"['Arena', 'Casa Giulietta']",Santa Anastasia,"['AMO', 'Museo Conte', 'Palazzo della Ragione', 'Teatro Romano', 'Centro Fotografia']",Duomo,strategy_nearest,False,0.0034461021423339844,success
04BB823A9C4C80,0,"['Arena', 'Casa Giulietta']",Torre Lamberti,"['Sighseeing', 'Centro Fotografia', 'Museo Conte', 'Palazzo della Ragione', 'AMO']",Castelvecchio,strategy_nearest,False,0.0022280216217041016,success
04BB894A9C4C80,1,"['Arena', 'Castelvecchio']",Casa Giulietta,"['Centro Fotografia', 'Sighseeing', 'Torre Lamberti', 'Museo Conte', 'Museo Radio']",Torre Lamberti,strategy_nearest,True,0.0027649402618408203,success
04BB88429C4C80,1,"['Arena', 'Museo Lapidario', 'Castelvecchio']",Casa Giulietta,"['Centro Fotografia', 'Sighseeing', 'Torre Lamberti', 'Museo Conte', 'Museo Radio']",Palazzo della Ragione,strategy_nearest,False,0.0021920204162597656,success
04BB9D429C4C80,3,['Tomba Giulietta'],Arena,"['Verona Tour', 'Museo Lapidario', 'Museo Radio', 'San Fermo', 'Casa Giulietta']",Santa Anastasia,strategy_nearest,False,0.0032258033752441406,success
04BBA84A9C4C80,0,['Arena'],Casa Giulietta,"['Centro Fotografia', 'Sighseeing', 'Torre Lamberti', 'Museo Conte', 'Museo Radio']",Castelvecchio,strategy_nearest,False,0.0020780563354492188,success
04BBA24A9C4C80,0,['Arena'],Torre Lamberti,"['Sighseeing', 'Centro Fotografia', 'Museo Conte', 'Casa Giulietta', 'Palazzo della Ragione']",Casa Giulietta,strategy_nearest,True,0.0020411014556884766,success
04BBB13A9C4C80,0,['Arena'],Casa Giulietta,"['Centro Fotografia', 'Sighseeing', 'Torre Lamberti', 'Museo Conte', 'Museo Radio']",Santa Anastasia,strategy_nearest,False,0.0030057430267333984,success
04BBC1429C4C80,0,['Arena'],Casa Giulietta,"['Centro Fotografia', 'Sighseeing', 'Torre Lamberti', 'Museo Conte', 'Museo Radio']",San Fermo,strategy_nearest,False,0.003228902816772461,success
04BBC33A9C4C80,2,"['Castelvecchio', 'Torre Lamberti']",Santa Anastasia,"['AMO', 'Museo Conte', 'Palazzo della Ragione', 'Teatro Romano', 'Centro Fotografia']",Duomo,strategy_nearest,False,0.0029230117797851562,success
04BBCE3A9C4C80,2,"['Castelvecchio', 'Teatro Romano']",Museo Storia,"['San Fermo', 'Museo Radio', 'Casa Giulietta', 'Centro Fotografia', 'Tomba Giulietta']",San Fermo,strategy_nearest,True,0.002073049545288086,success
04BBC9429C4C80,0,"['Tomba Giulietta', 'Arena']",Casa Giulietta,"['Centro Fotografia', 'Sighseeing', 'Torre Lamberti', 'Museo Conte', 'Museo Radio']",Torre Lamberti,strategy_nearest,True,0.003770112991333008,success
04BBC5429C4C80,0,['Arena'],Casa Giulietta,"['Centro Fotografia', 'Sighseeing', 'Torre Lamberti', 'Museo Conte', 'Museo Radio']",Castelvecchio,strategy_nearest,False,0.00360107421875,success
04BBD03A9C4C80,2,['Casa Giulietta'],Torre Lamberti,"['Sighseeing', 'Centro Fotografia', 'Museo Conte', 'Palazzo della Ragione', 'AMO']",Palazzo della Ragione,strategy_nearest,True,0.0024461746215820312,success
04BBCF3A9C4C80,0,['Arena'],Casa Giulietta,"['Centro Fotografia', 'Sighseeing', 'Torre Lamberti', 'Museo Conte', 'Museo Radio']",Santa Anastasia,strategy_nearest,False,0.00356292724609375,success
04BBD73A9C4C80,2,['Casa Giulietta'],Torre Lamberti,"['Sighseeing', 'Centro Fotografia', 'Museo Conte', 'Palazzo della Ragione', 'AMO']",Duomo,strategy_nearest,False,0.00418400764465332,success
04BBDD3A9C4C80,0,"['Arena', 'Castelvecchio']",Torre Lamberti,"['Sighseeing', 'Centro Fotografia', 'Museo Conte', 'Casa Giulietta', 'Palazzo della Ragione']",Casa Giulietta,strategy_nearest,True,0.0025691986083984375,success
04BBF3429C4C80,1,"['Arena', 'Castelvecchio', 'San Fermo']",Palazzo della Ragione,"['AMO', 'Museo Conte', 'Torre Lamberti', 'Centro Fotografia', 'Sighseeing']",Teatro Romano,strategy_nearest,False,0.0019829273223876953,success
04BBE53A9C4C80,3,"['Arena', 'Casa Giulietta', 'Teatro Romano', 'Duomo']",Santa Anastasia,"['AMO', 'Museo Conte', 'Palazzo della Ragione', 'Centro Fotografia', 'Torre Lamberti']",Torre Lamberti,strategy_nearest,True,0.0029990673065185547,success
04BBF5429C4C80,2,['Castelvecchio'],Palazzo della Ragione,"['AMO', 'Museo Conte', 'Torre Lamberti', 'Centro Fotografia', 'Sighseeing']",Torre Lamberti,strategy_nearest,True,0.0028531551361083984,success
04BC023A9C4C84,0,['Arena'],Museo Lapidario,"['Verona Tour', 'Castelvecchio', 'Museo Radio', 'San Fermo', 'Casa Giulietta']",Castelvecchio,strategy_nearest,True,0.0023801326751708984,success
04BC09429C4C84,3,"['Arena', 'Teatro Romano']",Duomo,"['AMO', 'Museo Miniscalchi', 'Santa Anastasia', 'Palazzo della Ragione', 'Museo Conte']",Casa Giulietta,strategy_nearest,False,0.0025331974029541016,success
04BC163A9C4C80,1,"['Arena', 'Torre Lamberti', 'Palazzo della Ragione']",Casa Giulietta,"['Centro Fotografia', 'Sighseeing', 'Museo Conte', 'Museo Radio', 'San Fermo']",San Fermo,strategy_nearest,True,0.002650022506713867,success
04BC114A9C4C80,0,['Arena'],Casa Giulietta,"['Centro Fotografia', 'Sighseeing', 'Torre Lamberti', 'Museo Conte', 'Museo Radio']",Torre Lamberti,strategy_nearest,True,0.0033180713653564453,success
04BC1E429C4C84,1,"['Arena', 'Casa Giulietta']",Castelvecchio,"['Museo Lapidario', 'Verona Tour', 'Museo Radio', 'San Zeno', 'Sighseeing']",San Zeno,strategy_nearest,True,0.0032892227172851562,success
04BC21429C4C84,3,"['Arena', 'Castelvecchio', 'Casa Giulietta']",Santa Anastasia,"['AMO', 'Museo Conte', 'Palazzo della Ragione', 'Teatro Romano', 'Centro Fotografia']",Teatro Romano,strategy_nearest,True,0.0032629966735839844,success
04BC243A9C4C80,1,"['Torre Lamberti', 'Palazzo della Ragione']",Casa Giulietta,"['Centro Fotografia', 'Sighseeing', 'Museo Conte', 'Museo Radio', 'San Fermo']",Museo Storia,strategy_nearest,False,0.002672910690307617,success
04BC244A9C4C80,0,['Castelvecchio'],Duomo,"['AMO', 'Museo Miniscalchi', 'Santa Anastasia', 'Teatro Romano', 'Palazzo della Ragione']",Arena,strategy_nearest,False,0.0024399757385253906,success
04BC27429C4C84,3,"['Arena', 'Casa Giulietta', 'Duomo']",Santa Anastasia,"['AMO', 'Museo Conte', 'Palazzo della Ragione', 'Teatro Romano', 'Centro Fotografia']",Torre Lamberti,strategy_nearest,False,0.0028409957885742188,success
04BC293A9C4C80,3,"['San Zeno', 'Arena']",Casa Giulietta,"['Centro Fotografia', 'Sighseeing', 'Torre Lamberti', 'Museo Conte', 'Museo Radio']",Santa Anastasia,strategy_nearest,False,0.004017829895019531,success
04BC28429C4C84,0,['Arena'],Casa Giulietta,"['Centro Fotografia', 'Sighseeing', 'Torre Lamberti', 'Museo Conte', 'Museo Radio']",Torre Lamberti,strategy_nearest,True,0.0036301612854003906,success
04BC2C429C4C80,2,"['San Zeno', 'Castelvecchio', 'Casa Giulietta']",Santa Anastasia,"['AMO', 'Museo Conte', 'Palazzo della Ragione', 'Teatro Romano', 'Centro Fotografia']",Tomba Giulietta,strategy_nearest,False,0.0029718875885009766,success
04BC2A429C4C80,3,"['Arena', 'Castelvecchio', 'San Zeno']",Casa Giulietta,"['Centro Fotografia', 'Sighseeing', 'Torre Lamberti', 'Museo Conte', 'Museo Radio']",Torre Lamberti,strategy_nearest,True,0.0023899078369140625,success
04BC29429C4C84,1,"['Castelvecchio', 'Arena']",Torre Lamberti,"['Sighseeing', 'Centro Fotografia', 'Museo Conte', 'Casa Giulietta', 'Palazzo della Ragione']",Palazzo della Ragione,strategy_nearest,True,0.0032901763916015625,success
04BC303A9C4C80,1,"['Palazzo della Ragione', 'Santa Anastasia', 'Duomo']",Arena,"['Verona Tour', 'Museo Lapidario', 'Museo Radio', 'San Fermo', 'Casa Giulietta']",San Fermo,strategy_nearest,True,0.003345012664794922,success
04BC3C3A9C4C80,0,['Casa Giulietta'],Teatro Romano,"['Santa Anastasia', 'Duomo', 'AMO', 'Palazzo della Ragione', 'Museo Conte']",Duomo,strategy_nearest,True,0.0019221305847167969,success
04BC443A9C4C80,3,"['Arena', 'Casa Giulietta']",San Fermo,"['Museo Storia', 'Museo Radio', 'Centro Fotografia', 'Sighseeing', 'Torre Lamberti']",Duomo,strategy_nearest,False,0.0026619434356689453,success
04BC47429C4C80,0,['Castelvecchio'],Santa Anastasia,"['AMO', 'Museo Conte', 'Palazzo della Ragione', 'Teatro Romano', 'Centro Fotografia']",Casa Giulietta,strategy_nearest,False,0.0035080909729003906,success
04BC4E3A9C4C80,2,['Castelvecchio'],San Fermo,"['Museo Storia', 'Museo Radio', 'Casa Giulietta', 'Centro Fotografia', 'Arena']",Santa Anastasia,strategy_nearest,False,0.002877950668334961,success
04BC533A9C4C80,3,"['Castelvecchio', 'Arena', 'Casa Giulietta']",Torre Lamberti,"['Sighseeing', 'Centro Fotografia', 'Museo Conte', 'Palazzo della Ragione', 'AMO']",Santa Anastasia,strategy_nearest,False,0.002727031707763672,success
04BC523A9C4C80,1,"['Torre Lamberti', 'Duomo', 'Teatro Romano', 'Giardino Giusti', 'Casa Giulietta']",San Zeno,"['Castelvecchio', 'Verona Tour', 'Museo Lapidario', 'Arena', 'Museo Miniscalchi']",Arena,strategy_nearest,True,0.003407001495361328,success
04BC563A9C4C80,0,['Arena'],Casa Giulietta,"['Centro Fotografia', 'Sighseeing', 'Torre Lamberti', 'Museo Conte', 'Museo Radio']",Castelvecchio,strategy_nearest,False,0.002650022506713867,success
04BC56429C4C80,2,['Casa Giulietta'],Palazzo della Ragione,"['AMO', 'Museo Conte', 'Torre Lamberti', 'Centro Fotografia', 'Sighseeing']",San Fermo,strategy_nearest,False,0.0034151077270507812,success
04BC573A9C4C80,3,"['Arena', 'Museo Lapidario', 'Castelvecchio', 'Casa Giulietta']",Teatro Romano,"['Santa Anastasia', 'Duomo', 'AMO', 'Palazzo della Ragione', 'Museo Conte']",San Fermo,strategy_nearest,False,0.0028722286224365234,success
04BC5A429C4C80,0,['Arena'],Castelvecchio,"['Museo Lapidario', 'Verona Tour', 'Museo Radio', 'San Zeno', 'Sighseeing']",Casa Giulietta,strategy_nearest,False,0.0017919540405273438,success
04BC58429C4C80,0,['Casa Giulietta'],Arena,"['Verona Tour', 'Museo Lapidario', 'Museo Radio', 'San Fermo', 'Sighseeing']",Castelvecchio,strategy_nearest,False,0.003919839859008789,success
04BC5E3A9C4C80,3,"['Arena', 'San Fermo', 'Casa Giulietta', 'Santa Anastasia']",Teatro Romano,"['Duomo', 'AMO', 'Palazzo della Ragione', 'Museo Conte', 'Centro Fotografia']",Duomo,strategy_nearest,True,0.0038709640502929688,success
04BC673A9C4C80,0,['Arena'],Castelvecchio,"['Museo Lapidario', 'Verona Tour', 'Museo Radio', 'San Zeno', 'Sighseeing']",Duomo,strategy_nearest,False,0.001973390579223633,success
04BC6F3A9C4C80,3,"['San Fermo', 'San Zeno', 'Arena', 'Casa Giulietta']",Torre Lamberti,"['Sighseeing', 'Centro Fotografia', 'Museo Conte', 'Palazzo della Ragione', 'AMO']",Teatro Romano,strategy_nearest,False,0.0020089149475097656,success
04BC71429C4C80,4,"['Torre Lamberti', 'Casa Giulietta', 'Arena']",Tomba Giulietta,"['San Fermo', 'Museo Storia', 'Museo Lapidario', 'Museo Radio', 'Verona Tour']",Museo Radio,strategy_nearest,True,0.002610921859741211,success
04BC7C4A9C4C80,3,"['Santa Anastasia', 'Torre Lamberti']",Casa Giulietta,"['Centro Fotografia', 'Sighseeing', 'Museo Conte', 'Museo Radio', 'Palazzo della Ragione']",Arena,strategy_nearest,False,0.0020089149475097656,success
04BC7C429C4C80,3,['Arena'],Casa Giulietta,"['Centro Fotografia', 'Sighseeing', 'Torre Lamberti', 'Museo Conte', 'Museo Radio']",Santa Anastasia,strategy_nearest,False,0.0029578208923339844,success
04BC74429C4C80,3,"['Arena', 'Torre Lamberti', 'Santa Anastasia']",Duomo,"['AMO', 'Museo Miniscalchi', 'Teatro Romano', 'Palazzo della Ragione', 'Museo Conte']",Teatro Romano,strategy_nearest,True,0.0036270618438720703,success
04BC843A9C4C80,1,"['Arena', 'Casa Giulietta']",Torre Lamberti,"['Sighseeing', 'Centro Fotografia', 'Museo Conte', 'Palazzo della Ragione', 'AMO']",Palazzo della Ragione,strategy_nearest,True,0.0027921199798583984,success
04BC8E429C4C80,0,"['Arena', 'Casa Giulietta']",Castelvecchio,"['Museo Lapidario', 'Verona Tour', 'Museo Radio', 'San Zeno', 'Sighseeing']",Castelvecchio,strategy_nearest,False,0.002177715301513672,success
04BC92429C4C80,3,"['Torre Lamberti', 'Santa Anastasia']",Duomo,"['AMO', 'Museo Miniscalchi', 'Teatro Romano', 'Palazzo della Ragione', 'Museo Conte']",Arena,strategy_nearest,False,0.002789020538330078,success
04BC8C4A9C4C80,0,['Arena'],Torre Lamberti,"['Sighseeing', 'Centro Fotografia', 'Museo Conte', 'Casa Giulietta', 'Palazzo della Ragione']",Casa Giulietta,strategy_nearest,True,0.0036509037017822266,success
04BC924A9C4C80,0,"['Arena', 'Casa Giulietta']",Torre Lamberti,"['Sighseeing', 'Centro Fotografia', 'Museo Conte', 'Palazzo della Ragione', 'AMO']",Castelvecchio,strategy_nearest,False,0.0028181076049804688,success
04BC9B429C4C80,0,['Arena'],Castelvecchio,"['Museo Lapidario', 'Verona Tour', 'Museo Radio', 'San Zeno', 'Sighseeing']",Santa Anastasia,strategy_nearest,False,0.00279998779296875,success
04BC9A429C4C80,3,"['Arena', 'Santa Anastasia']",Teatro Romano,"['Duomo', 'AMO', 'Palazzo della Ragione', 'Museo Conte', 'Centro Fotografia']",Duomo,strategy_nearest,True,0.0021920204162597656,success
04BC99429C4C80,1,"['Castelvecchio', 'Casa Giulietta', 'Torre Lamberti']",Palazzo della Ragione,"['AMO', 'Museo Conte', 'Centro Fotografia', 'Sighseeing', 'Santa Anastasia']",Arena,strategy_nearest,False,0.0037178993225097656,success
04BCA8429C4C80,1,['Arena'],Torre Lamberti,"['Sighseeing', 'Centro Fotografia', 'Museo Conte', 'Casa Giulietta', 'Palazzo della Ragione']",Palazzo della Ragione,strategy_nearest,True,0.0024209022521972656,success
04BCA54A9C4C80,0,['Arena'],Torre Lamberti,"['Sighseeing', 'Centro Fotografia', 'Museo Conte', 'Casa Giulietta', 'Palazzo della Ragione']",Teatro Romano,strategy_nearest,False,0.003281831741333008,success
04BCA63A9C4C80,2,['Castelvecchio'],Casa Giulietta,"['Centro Fotografia', 'Sighseeing', 'Torre Lamberti', 'Museo Conte', 'Museo Radio']",Duomo,strategy_nearest,False,0.0031201839447021484,success
04BCA84A9C4C80,2,['San Fermo'],Torre Lamberti,"['Sighseeing', 'Centro Fotografia', 'Museo Conte', 'Casa Giulietta', 'Palazzo della Ragione']",Palazzo della Ragione,strategy_nearest,True,0.0035979747772216797,success
04BCAD429C4C80,2,"['Tomba Giulietta', 'San Fermo']",Santa Anastasia,"['AMO', 'Museo Conte', 'Palazzo della Ragione', 'Teatro Romano', 'Centro Fotografia']",Duomo,strategy_nearest,False,0.0020940303802490234,success
04BCAA4A9C4C80,0,"['Duomo', 'Torre Lamberti']",Casa Giulietta,"['Centro Fotografia', 'Sighseeing', 'Museo Conte', 'Museo Radio', 'Palazzo della Ragione']",Arena,strategy_nearest,False,0.0029630661010742188,success
04BCB03A9C4C80,0,['Arena'],Casa Giulietta,"['Centro Fotografia', 'Sighseeing', 'Torre Lamberti', 'Museo Conte', 'Museo Radio']",Castelvecchio,strategy_nearest,False,0.0027861595153808594,success
04BCBA3A9C4C80,2,"['Torre Lamberti', 'Palazzo della Ragione']",Casa Giulietta,"['Centro Fotografia', 'Sighseeing', 'Museo Conte', 'Museo Radio', 'San Fermo']",Duomo,strategy_nearest,False,0.003180980682373047,success
04BCBD429C4C80,1,"['Duomo', 'Palazzo della Ragione', 'Torre Lamberti']",Casa Giulietta,"['Centro Fotografia', 'Sighseeing', 'Museo Conte', 'Museo Radio', 'San Fermo']",Castelvecchio,strategy_nearest,False,0.0018470287322998047,success
04BCC0429C4C80,1,"['Duomo', 'Teatro Romano', 'Torre Lamberti']",Arena,"['Verona Tour', 'Museo Lapidario', 'Museo Radio', 'San Fermo', 'Casa Giulietta']",Casa Giulietta,strategy_nearest,True,0.0019409656524658203,success
04BCC5429C4C80,3,"['Arena', 'Duomo']",Santa Anastasia,"['AMO', 'Museo Conte', 'Palazzo della Ragione', 'Teatro Romano', 'Centro Fotografia']",Casa Giulietta,strategy_nearest,False,0.002401113510131836,success
04BCC2429C4C80,1,"['Casa Giulietta', 'Arena', 'Torre Lamberti', 'Castelvecchio']",Tomba Giulietta,"['San Fermo', 'Museo Storia', 'Museo Lapidario', 'Museo Radio', 'Verona Tour']",Palazzo della Ragione,strategy_nearest,False,0.0027620792388916016,success
04BCCA429C4C80,1,"['Tomba Giulietta', 'Castelvecchio']",Arena,"['Verona Tour', 'Museo Lapidario', 'Museo Radio', 'San Fermo', 'Casa Giulietta']",Casa Giulietta,strategy_nearest,True,0.0025408267974853516,success
04BCCC3A9C4C80,2,['Teatro Romano'],Casa Giulietta,"['Centro Fotografia', 'Sighseeing', 'Torre Lamberti', 'Museo Conte', 'Museo Radio']",Castelvecchio,strategy_nearest,False,0.003181934356689453,success
04BCE03A9C4C80,3,"['Arena', 'San Fermo', 'Casa Giulietta']",Castelvecchio,"['Museo Lapidario', 'Verona Tour', 'Museo Radio', 'San Zeno', 'Sighseeing']",Torre Lamberti,strategy_nearest,False,0.0014801025390625,success
04BD09429C4C84,2,"['Giardino Giusti', 'Teatro Romano', 'Castelvecchio']",Tomba Giulietta,"['San Fermo', 'Museo Storia', 'Arena', 'Museo Lapidario', 'Museo Radio']",Santa Anastasia,strategy_nearest,False,0.0034339427947998047,success
04BCFE3A9C4C80,1,['Arena'],Palazzo della Ragione,"['AMO', 'Museo Conte', 'Torre Lamberti', 'Centro Fotografia', 'Sighseeing']",Casa Giulietta,strategy_nearest,False,0.002635955810546875,success
04BCD0429C4C80,1,"['Arena', 'Casa Giulietta', 'Tomba Giulietta']",Palazzo della Ragione,"['AMO', 'Museo Conte', 'Torre Lamberti', 'Centro Fotografia', 'Sighseeing']",San Zeno,strategy_nearest,False,0.002119302749633789,success
04BD114A9C4C80,0,"['Arena', 'Torre Lamberti']",Castelvecchio,"['Museo Lapidario', 'Verona Tour', 'Museo Radio', 'San Zeno', 'Sighseeing']",Teatro Romano,strategy_nearest,False,0.0024509429931640625,success
04BD0A429C4C84,0,['Arena'],Torre Lamberti,"['Sighseeing', 'Centro Fotografia', 'Museo Conte', 'Casa Giulietta', 'Palazzo della Ragione']",Casa Giulietta,strategy_nearest,True,0.001941680908203125,success
04BD173A9C4C80,0,['Arena'],Castelvecchio,"['Museo Lapidario', 'Verona Tour', 'Museo Radio', 'San Zeno', 'Sighseeing']",Casa Giulietta,strategy_nearest,False,0.0030074119567871094,success
04BD14429C4C80,0,['Arena'],Casa Giulietta,"['Centro Fotografia', 'Sighseeing', 'Torre Lamberti', 'Museo Conte', 'Museo Radio']",Santa Anastasia,strategy_nearest,False,0.00422215461730957,success
04BD28429C4C84,3,"['Arena', 'San Fermo', 'Casa Giulietta']",Torre Lamberti,"['Sighseeing', 'Centro Fotografia', 'Museo Conte', 'Palazzo della Ragione', 'AMO']",Santa Anastasia,strategy_nearest,False,0.0020291805267333984,success
04BD1E429C4C84,0,['Teatro Romano'],Arena,"['Verona Tour', 'Museo Lapidario', 'Museo Radio', 'San Fermo', 'Casa Giulietta']",Casa Giulietta,strategy_nearest,True,0.0027222633361816406,success
04BD2C3A9C4C80,2,['Museo Lapidario'],Casa Giulietta,"['Centro Fotografia', 'Sighseeing', 'Torre Lamberti', 'Museo Conte', 'Museo Radio']",Duomo,strategy_nearest,False,0.002299070358276367,success
04BD313A9C4C80,2,['Castelvecchio'],Torre Lamberti,"['Sighseeing', 'Centro Fotografia', 'Museo Conte', 'Casa Giulietta', 'Palazzo della Ragione']",Santa Anastasia,strategy_nearest,False,0.0019040107727050781,success
04BD314A9C4C80,0,"['Casa Giulietta', 'Torre Lamberti']",Castelvecchio,"['Museo Lapidario', 'Verona Tour', 'Arena', 'Museo Radio', 'San Zeno']",Arena,strategy_nearest,True,0.0017919540405273438,success
04BD323A9C4C80,3,['Castelvecchio'],Torre Lamberti,"['Sighseeing', 'Centro Fotografia', 'Museo Conte', 'Casa Giulietta', 'Palazzo della Ragione']",Santa Anastasia,strategy_nearest,False,0.002756834030151367,success
04BD384A9C4C80,0,"['Arena', 'Museo Lapidario']",Castelvecchio,"['Verona Tour', 'Museo Radio', 'San Zeno', 'Sighseeing', 'Museo Miniscalchi']",Torre Lamberti,strategy_nearest,False,0.0022857189178466797,success
04BD32429C4C80,0,['Arena'],Castelvecchio,"['Museo Lapidario', 'Verona Tour', 'Museo Radio', 'San Zeno', 'Sighseeing']",Santa Anastasia,strategy_nearest,False,0.003396749496459961,success
04BD37429C4C80,1,"['Teatro Romano', 'Duomo', 'Santa Anastasia']",Palazzo della Ragione,"['AMO', 'Museo Conte', 'Torre Lamberti', 'Centro Fotografia', 'Sighseeing']",Torre Lamberti,strategy_nearest,True,0.0026140213012695312,success
04BD33429C4C80,3,"['Arena', 'Casa Giulietta']",Santa Anastasia,"['AMO', 'Museo Conte', 'Palazzo della Ragione', 'Teatro Romano', 'Centro Fotografia']",Duomo,strategy_nearest,False,0.004834890365600586,success
04BD3C429C4C80,1,"['Castelvecchio', 'San Fermo', 'Santa Anastasia', 'Duomo']",Torre Lamberti,"['Sighseeing', 'Centro Fotografia', 'Museo Conte', 'Casa Giulietta', 'Palazzo della Ragione']",Palazzo della Ragione,strategy_nearest,True,0.0016901493072509766,success
04BD5D429C4C80,3,"['Arena', 'Casa Giulietta']",San Fermo,"['Museo Storia', 'Museo Radio', 'Centro Fotografia', 'Sighseeing', 'Torre Lamberti']",Teatro Romano,strategy_nearest,False,0.002198934555053711,success
04BD3EA28C3680,3,['Arena'],Torre Lamberti,"['Sighseeing', 'Centro Fotografia', 'Museo Conte', 'Casa Giulietta', 'Palazzo della Ragione']",Casa Giulietta,strategy_nearest,True,0.0029571056365966797,success
04BD66429C4C80,0,['Arena'],Casa Giulietta,"['Centro Fotografia', 'Sighseeing', 'Torre Lamberti', 'Museo Conte', 'Museo Radio']",Torre Lamberti,strategy_nearest,True,0.0034110546112060547,success
04BD72429C4C80,3,"['Arena', 'Casa Giulietta']",Torre Lamberti,"['Sighseeing', 'Centro Fotografia', 'Museo Conte', 'Palazzo della Ragione', 'AMO']",Santa Anastasia,strategy_nearest,False,0.006201982498168945,success
04BD7A429C4C80,0,"['Arena', 'Arena']",Casa Giulietta,"['Centro Fotografia', 'Sighseeing', 'Torre Lamberti', 'Museo Conte', 'Museo Radio']",Castelvecchio,strategy_nearest,False,0.004326820373535156,success
04BD74429C4C80,2,['Tomba Giulietta'],San Fermo,"['Museo Storia', 'Museo Radio', 'Casa Giulietta', 'Centro Fotografia', 'Arena']",Casa Giulietta,strategy_nearest,True,0.0052640438079833984,success
04BD7C4A9C4C80,0,['Arena'],Santa Anastasia,"['AMO', 'Museo Conte', 'Palazzo della Ragione', 'Teatro Romano', 'Centro Fotografia']",Castelvecchio,strategy_nearest,False,0.006558895111083984,success
04BD874A9C4C80,0,['Arena'],Torre Lamberti,"['Sighseeing', 'Centro Fotografia', 'Museo Conte', 'Casa Giulietta', 'Palazzo della Ragione']",Casa Giulietta,strategy_nearest,True,0.003543853759765625,success
04BD803A9C4C80,0,['Arena'],Tomba Giulietta,"['San Fermo', 'Museo Storia', 'Museo Lapidario', 'Museo Radio', 'Verona Tour']",San Fermo,strategy_nearest,True,0.0031108856201171875,success
04BD824A9C4C80,1,"['Arena', 'Palazzo della Ragione']",Torre Lamberti,"['Sighseeing', 'Centro Fotografia', 'Museo Conte', 'Casa Giulietta', 'AMO']",Casa Giulietta,strategy_nearest,True,0.002360820770263672,success
04BD7F3A9C4C80,0,"['Arena', 'Casa Giulietta']",Tomba Giulietta,"['San Fermo', 'Museo Storia', 'Museo Lapidario', 'Museo Radio', 'Verona Tour']",Arena,strategy_nearest,False,0.0018451213836669922,success
04BD8F4A9C4C80,1,"['Arena', 'Castelvecchio']",Casa Giulietta,"['Centro Fotografia', 'Sighseeing', 'Torre Lamberti', 'Museo Conte', 'Museo Radio']",Torre Lamberti,strategy_nearest,True,0.0024118423461914062,success
04BD90429C4C80,0,['Arena'],Casa Giulietta,"['Centro Fotografia', 'Sighseeing', 'Torre Lamberti', 'Museo Conte', 'Museo Radio']",Torre Lamberti,strategy_nearest,True,0.003545999526977539,success
04BD8A3A9C4C80,0,['Castelvecchio'],Arena,"['Verona Tour', 'Museo Lapidario', 'Museo Radio', 'San Fermo', 'Casa Giulietta']",Casa Giulietta,strategy_nearest,True,0.001634836196899414,success
04BD904A9C4C80,0,['Arena'],Torre Lamberti,"['Sighseeing', 'Centro Fotografia', 'Museo Conte', 'Casa Giulietta', 'Palazzo della Ragione']",Castelvecchio,strategy_nearest,False,0.005368232727050781,success
04BD92429C4C80,3,['Arena'],San Fermo,"['Museo Storia', 'Museo Radio', 'Casa Giulietta', 'Centro Fotografia', 'Sighseeing']",Santa Anastasia,strategy_nearest,False,0.0025968551635742188,success
04BD91429C4C80,0,['Arena'],Torre Lamberti,"['Sighseeing', 'Centro Fotografia', 'Museo Conte', 'Casa Giulietta', 'Palazzo della Ragione']",Tomba Giulietta,strategy_nearest,False,0.004884004592895508,success
04BD954A9C4C80,1,['Arena'],Castelvecchio,"['Museo Lapidario', 'Verona Tour', 'Museo Radio', 'San Zeno', 'Sighseeing']",Palazzo della Ragione,strategy_nearest,False,0.0033164024353027344,success
04BD94429C4C80,3,"['Arena', 'San Fermo', 'Casa Giulietta']",Torre Lamberti,"['Sighseeing', 'Centro Fotografia', 'Museo Conte', 'Palazzo della Ragione', 'AMO']",Santa Anastasia,strategy_nearest,False,0.002855062484741211,success
04BDA63A9C4C80,0,"['Museo Lapidario', 'Arena']",Casa Giulietta,"['Centro Fotografia', 'Sighseeing', 'Torre Lamberti', 'Museo Conte', 'Museo Radio']",Santa Anastasia,strategy_nearest,False,0.0018188953399658203,success
04BDA73A9C4C80,0,"['Arena', 'Castelvecchio']",Casa Giulietta,"['Centro Fotografia', 'Sighseeing', 'Torre Lamberti', 'Museo Conte', 'Museo Radio']",Torre Lamberti,strategy_nearest,True,0.002496004104614258,success
04BD9E429C4C80,0,['Arena'],Castelvecchio,"['Museo Lapidario', 'Verona Tour', 'Museo Radio', 'San Zeno', 'Sighseeing']",Duomo,strategy_nearest,False,0.0042209625244140625,success
04BDA44A9C4C80,1,"['Arena', 'Museo Lapidario', 'Torre Lamberti']",Palazzo della Ragione,"['AMO', 'Museo Conte', 'Centro Fotografia', 'Sighseeing', 'Santa Anastasia']",San Fermo,strategy_nearest,False,0.003470182418823242,success
04BDAD3A9C4C80,1,['Arena'],Palazzo della Ragione,"['AMO', 'Museo Conte', 'Torre Lamberti', 'Centro Fotografia', 'Sighseeing']",Torre Lamberti,strategy_nearest,True,0.0014030933380126953,success
04BDAB3A9C4C80,0,['Arena'],Casa Giulietta,"['Centro Fotografia', 'Sighseeing', 'Torre Lamberti', 'Museo Conte', 'Museo Radio']",Castelvecchio,strategy_nearest,False,0.002785921096801758,success
04BDB4429C4C80,2,['Teatro Romano'],Torre Lamberti,"['Sighseeing', 'Centro Fotografia', 'Museo Conte', 'Casa Giulietta', 'Palazzo della Ragione']",San Fermo,strategy_nearest,False,0.0038709640502929688,success
04BDA94A9C4C80,3,"['Arena', 'Casa Giulietta']",Santa Anastasia,"['AMO', 'Museo Conte', 'Palazzo della Ragione', 'Teatro Romano', 'Centro Fotografia']",San Zeno,strategy_nearest,False,0.0033860206604003906,success
04BDBA429C4C80,1,"['Arena', 'Torre Lamberti', 'Palazzo della Ragione']",Casa Giulietta,"['Centro Fotografia', 'Sighseeing', 'Museo Conte', 'Museo Radio', 'San Fermo']",Santa Anastasia,strategy_nearest,False,0.0022306442260742188,success
04BDBB429C4C80,3,"['Arena', 'Casa Giulietta']",Santa Anastasia,"['AMO', 'Museo Conte', 'Palazzo della Ragione', 'Teatro Romano', 'Centro Fotografia']",Duomo,strategy_nearest,False,0.0028221607208251953,success
04BDC33A9C4C80,3,"['Arena', 'Casa Giulietta']",Santa Anastasia,"['AMO', 'Museo Conte', 'Palazzo della Ragione', 'Teatro Romano', 'Centro Fotografia']",Teatro Romano,strategy_nearest,True,0.002660036087036133,success
04BDC6429C4C80,3,"['Casa Giulietta', 'Arena']",Castelvecchio,"['Museo Lapidario', 'Verona Tour', 'Museo Radio', 'San Zeno', 'Sighseeing']",Santa Anastasia,strategy_nearest,False,0.0032448768615722656,success
04BDD53A9C4C80,1,"['Palazzo della Ragione', 'Torre Lamberti', 'Casa Giulietta', 'Santa Anastasia']",San Zeno,"['Castelvecchio', 'Verona Tour', 'Museo Lapidario', 'Arena', 'Museo Miniscalchi']",Castelvecchio,strategy_nearest,True,0.0024340152740478516,success
04BDD43A9C4C80,2,['Duomo'],San Fermo,"['Museo Storia', 'Museo Radio', 'Casa Giulietta', 'Centro Fotografia', 'Arena']",San Zeno,strategy_nearest,False,0.0014350414276123047,success
04BDF6429C4C80,2,['Casa Giulietta'],Teatro Romano,"['Santa Anastasia', 'Duomo', 'AMO', 'Palazzo della Ragione', 'Museo Conte']",Duomo,strategy_nearest,True,0.0034618377685546875,success
04BDDA3A9C4C80,1,"['Arena', 'Castelvecchio', 'Palazzo della Ragione']",Torre Lamberti,"['Sighseeing', 'Centro Fotografia', 'Museo Conte', 'Casa Giulietta', 'AMO']",Casa Giulietta,strategy_nearest,True,0.002902984619140625,success
04BE0E429C4C84,0,"['Arena', 'Casa Giulietta']",Torre Lamberti,"['Sighseeing', 'Centro Fotografia', 'Museo Conte', 'Palazzo della Ragione', 'AMO']",Teatro Romano,strategy_nearest,False,0.0025441646575927734,success
04BE10429C4C84,0,['Casa Giulietta'],Torre Lamberti,"['Sighseeing', 'Centro Fotografia', 'Museo Conte', 'Palazzo della Ragione', 'AMO']",Arena,strategy_nearest,False,0.0030050277709960938,success
04BDFF3A9C4C80,0,['Castelvecchio'],Arena,"['Verona Tour', 'Museo Lapidario', 'Museo Radio', 'San Fermo', 'Casa Giulietta']",Casa Giulietta,strategy_nearest,True,0.001909017562866211,success
04BE17429C4C80,0,"['Arena', 'Castelvecchio']",Casa Giulietta,"['Centro Fotografia', 'Sighseeing', 'Torre Lamberti', 'Museo Conte', 'Museo Radio']",Torre Lamberti,strategy_nearest,True,0.0037078857421875,success
04BE1A429C4C80,3,"['Arena', 'San Fermo']",Casa Giulietta,"['Centro Fotografia', 'Sighseeing', 'Torre Lamberti', 'Museo Conte', 'Museo Radio']",Torre Lamberti,strategy_nearest,True,0.001714944839477539,success
04BE1E429C4C84,1,"['Arena', 'Castelvecchio']",Santa Anastasia,"['AMO', 'Museo Conte', 'Palazzo della Ragione', 'Teatro Romano', 'Centro Fotografia']",Teatro Romano,strategy_nearest,True,0.002796173095703125,success
04BE1F429C4C84,3,"['Arena', 'Torre Lamberti', 'Casa Giulietta', 'Santa Anastasia']",Duomo,"['AMO', 'Museo Miniscalchi', 'Teatro Romano', 'Palazzo della Ragione', 'Museo Conte']",Teatro Romano,strategy_nearest,True,0.0034749507904052734,success
04BE24429C4C84,2,['Museo Lapidario'],Casa Giulietta,"['Centro Fotografia', 'Sighseeing', 'Torre Lamberti', 'Museo Conte', 'Museo Radio']",Duomo,strategy_nearest,False,0.003484964370727539,success
04BE21429C4C80,0,['Arena'],Casa Giulietta,"['Centro Fotografia', 'Sighseeing', 'Torre Lamberti', 'Museo Conte', 'Museo Radio']",Santa Anastasia,strategy_nearest,False,0.0034601688385009766,success
04BE27429C4C84,0,"['Arena', 'San Fermo']",Tomba Giulietta,"['Museo Storia', 'Museo Lapidario', 'Museo Radio', 'Verona Tour', 'Casa Giulietta']",Castelvecchio,strategy_nearest,False,0.002710103988647461,success
04BE363A9C4C80,1,"['Arena', 'Castelvecchio']",San Zeno,"['Verona Tour', 'Museo Lapidario', 'Museo Miniscalchi', 'Sighseeing', 'Museo Radio']",Torre Lamberti,strategy_nearest,False,0.0033409595489501953,success
04BE373A9C4C80,0,"['Casa Giulietta', 'Arena']",Castelvecchio,"['Museo Lapidario', 'Verona Tour', 'Museo Radio', 'San Zeno', 'Sighseeing']",Torre Lamberti,strategy_nearest,False,0.0022039413452148438,success
04BE3F429C4C80,2,"['Teatro Romano', 'Duomo', 'Castelvecchio', 'San Fermo']",Casa Giulietta,"['Centro Fotografia', 'Sighseeing', 'Torre Lamberti', 'Museo Conte', 'Museo Radio']",Santa Anastasia,strategy_nearest,False,0.002904176712036133,success
04BE6C429C4C80,1,"['Arena', 'Casa Giulietta', 'Torre Lamberti']",Palazzo della Ragione,"['AMO', 'Museo Conte', 'Centro Fotografia', 'Sighseeing', 'Santa Anastasia']",Santa Anastasia,strategy_nearest,True,0.0030279159545898438,success
04BE58429C4C80,0,['Arena'],Casa Giulietta,"['Centro Fotografia', 'Sighseeing', 'Torre Lamberti', 'Museo Conte', 'Museo Radio']",Castelvecchio,strategy_nearest,False,0.004153013229370117,success
04BE523A9C4C80,3,"['San Fermo', 'Casa Giulietta', 'Santa Anastasia']",Duomo,"['AMO', 'Museo Miniscalchi', 'Teatro Romano', 'Palazzo della Ragione', 'Museo Conte']",Arena,strategy_nearest,False,0.003220081329345703,success
04BE74429C4C80,0,['Arena'],Castelvecchio,"['Museo Lapidario', 'Verona Tour', 'Museo Radio', 'San Zeno', 'Sighseeing']",Casa Giulietta,strategy_nearest,False,0.002743959426879883,success
04BE763A9C4C80,2,['Casa Giulietta'],Torre Lamberti,"['Sighseeing', 'Centro Fotografia', 'Museo Conte', 'Palazzo della Ragione', 'AMO']",Teatro Romano,strategy_nearest,False,0.002946138381958008,success
04BE78BA7B3F80,3,"['Castelvecchio', 'Santa Anastasia']",Duomo,"['AMO', 'Museo Miniscalchi', 'Teatro Romano', 'Palazzo della Ragione', 'Museo Conte']",Torre Lamberti,strategy_nearest,False,0.0036118030548095703,success
04BE79BA7B3F80,0,['Santa Anastasia'],Casa Giulietta,"['Centro Fotografia', 'Sighseeing', 'Torre Lamberti', 'Museo Conte', 'Museo Radio']",Arena,strategy_nearest,False,0.004312038421630859,success
04BE8ABA7B3F80,2,['San Zeno'],Torre Lamberti,"['Sighseeing', 'Centro Fotografia', 'Museo Conte', 'Casa Giulietta', 'Palazzo della Ragione']",Duomo,strategy_nearest,False,0.0025670528411865234,success
04BE84BA7B3F80,3,"['Castelvecchio', 'Arena']",San Fermo,"['Museo Storia', 'Museo Radio', 'Casa Giulietta', 'Centro Fotografia', 'Sighseeing']",Santa Anastasia,strategy_nearest,False,0.002866983413696289,success
04BE83429C4C80,2,"['Casa Giulietta', 'San Zeno']",Castelvecchio,"['Museo Lapidario', 'Verona Tour', 'Arena', 'Museo Radio', 'Sighseeing']",Duomo,strategy_nearest,False,0.002562999725341797,success
04BE8A4A9C4C80,1,['Arena'],Casa Giulietta,"['Centro Fotografia', 'Sighseeing', 'Torre Lamberti', 'Museo Conte', 'Museo Radio']",Torre Lamberti,strategy_nearest,True,0.0033478736877441406,success
04BE92429C4C80,1,['Palazzo della Ragione'],Torre Lamberti,"['Sighseeing', 'Centro Fotografia', 'Museo Conte', 'Casa Giulietta', 'AMO']",San Fermo,strategy_nearest,False,0.0016870498657226562,success
04BE91429C4C80,1,"['Arena', 'Torre Lamberti', 'Palazzo della Ragione']",Casa Giulietta,"['Centro Fotografia', 'Sighseeing', 'Museo Conte', 'Museo Radio', 'San Fermo']",Santa Anastasia,strategy_nearest,False,0.0031468868255615234,success
04BE924A9C4C80,2,"['Casa Giulietta', 'Torre Lamberti']",Palazzo della Ragione,"['AMO', 'Museo Conte', 'Centro Fotografia', 'Sighseeing', 'Santa Anastasia']",Santa Anastasia,strategy_nearest,True,0.0037848949432373047,success
04BE93429C4C80,3,"['Castelvecchio', 'Casa Giulietta']",Arena,"['Verona Tour', 'Museo Lapidario', 'Museo Radio', 'San Fermo', 'Sighseeing']",Museo Lapidario,strategy_nearest,True,0.002300262451171875,success
04BE95429C4C80,3,"['Arena', 'Casa Giulietta']",Torre Lamberti,"['Sighseeing', 'Centro Fotografia', 'Museo Conte', 'Palazzo della Ragione', 'AMO']",Santa Anastasia,strategy_nearest,False,0.003986835479736328,success
04BE9E429C4C80,1,"['Arena', 'Castelvecchio']",Casa Giulietta,"['Centro Fotografia', 'Sighseeing', 'Torre Lamberti', 'Museo Conte', 'Museo Radio']",Torre Lamberti,strategy_nearest,True,0.0023729801177978516,success
04BE99429C4C80,1,"['Castelvecchio', 'San Zeno', 'Arena', 'Torre Lamberti']",Palazzo della Ragione,"['AMO', 'Museo Conte', 'Centro Fotografia', 'Sighseeing', 'Santa Anastasia']",Santa Anastasia,strategy_nearest,True,0.0019309520721435547,success
04BE98429C4C80,0,['Arena'],Casa Giulietta,"['Centro Fotografia', 'Sighseeing', 'Torre Lamberti', 'Museo Conte', 'Museo Radio']",Duomo,strategy_nearest,False,0.0038840770721435547,success
04BEA73A9C4C80,3,['Arena'],Casa Giulietta,"['Centro Fotografia', 'Sighseeing', 'Torre Lamberti', 'Museo Conte', 'Museo Radio']",Santa Anastasia,strategy_nearest,False,0.0018439292907714844,success
04BEB33A9C4C80,1,"['Teatro Romano', 'Santa Anastasia', 'Torre Lamberti']",Palazzo della Ragione,"['AMO', 'Museo Conte', 'Centro Fotografia', 'Sighseeing', 'Museo Miniscalchi']",Casa Giulietta,strategy_nearest,False,0.004073143005371094,success
04BEA9429C4C80,1,"['Arena', 'Casa Giulietta']",Santa Anastasia,"['AMO', 'Museo Conte', 'Palazzo della Ragione', 'Teatro Romano', 'Centro Fotografia']",Duomo,strategy_nearest,False,0.0025968551635742188,success
04BEA44A9C4C80,3,"['San Zeno', 'Arena']",Casa Giulietta,"['Centro Fotografia', 'Sighseeing', 'Torre Lamberti', 'Museo Conte', 'Museo Radio']",Torre Lamberti,strategy_nearest,True,0.003667116165161133,success
04BEB4429C4C80,2,['Castelvecchio'],Torre Lamberti,"['Sighseeing', 'Centro Fotografia', 'Museo Conte', 'Casa Giulietta', 'Palazzo della Ragione']",Duomo,strategy_nearest,False,0.002696990966796875,success
04BEBA3A9C4C80,0,"['Arena', 'Casa Giulietta']",Duomo,"['AMO', 'Museo Miniscalchi', 'Santa Anastasia', 'Teatro Romano', 'Palazzo della Ragione']",Tomba Giulietta,strategy_nearest,False,0.003020048141479492,success
04BEB63A9C4C80,0,['Arena'],Casa Giulietta,"['Centro Fotografia', 'Sighseeing', 'Torre Lamberti', 'Museo Conte', 'Museo Radio']",Castelvecchio,strategy_nearest,False,0.0022809505462646484,success
04BECF429C4C80,0,['Arena'],Castelvecchio,"['Museo Lapidario', 'Verona Tour', 'Museo Radio', 'San Zeno', 'Sighseeing']",Teatro Romano,strategy_nearest,False,0.001631021499633789,success
04BEC2429C4C80,2,['Casa Giulietta'],Giardino Giusti,"['Santa Anastasia', 'Teatro Romano', 'Museo Conte', 'Centro Fotografia', 'Museo Storia']",Teatro Romano,strategy_nearest,True,0.002747774124145508,success
04BED03A9C4C80,3,"['Arena', 'Torre Lamberti']",Santa Anastasia,"['AMO', 'Museo Conte', 'Palazzo della Ragione', 'Teatro Romano', 'Centro Fotografia']",Duomo,strategy_nearest,False,0.0026009082794189453,success
04BED13A9C4C80,1,"['Arena', 'Castelvecchio']",Palazzo della Ragione,"['AMO', 'Museo Conte', 'Torre Lamberti', 'Centro Fotografia', 'Sighseeing']",Torre Lamberti,strategy_nearest,True,0.002936124801635742,success
04BEDA3A9C4C80,3,"['Castelvecchio', 'Arena']",Casa Giulietta,"['Centro Fotografia', 'Sighseeing', 'Torre Lamberti', 'Museo Conte', 'Museo Radio']",Torre Lamberti,strategy_nearest,True,0.0026781558990478516,success
04BEF9429C4C80,3,"['Duomo', 'Arena', 'Castelvecchio']",Torre Lamberti,"['Sighseeing', 'Centro Fotografia', 'Museo Conte', 'Casa Giulietta', 'Palazzo della Ragione']",Teatro Romano,strategy_nearest,False,0.0037021636962890625,success
04BF0F429C4C80,0,"['Arena', 'Museo Lapidario']",San Zeno,"['Castelvecchio', 'Verona Tour', 'Museo Miniscalchi', 'Sighseeing', 'Museo Radio']",Castelvecchio,strategy_nearest,True,0.002868175506591797,success
04BEFA3A9C4C80,3,['Arena'],Casa Giulietta,"['Centro Fotografia', 'Sighseeing', 'Torre Lamberti', 'Museo Conte', 'Museo Radio']",Torre Lamberti,strategy_nearest,True,0.0030410289764404297,success
04BF0A3A9C4C84,0,['Casa Giulietta'],Torre Lamberti,"['Sighseeing', 'Centro Fotografia', 'Museo Conte', 'Palazzo della Ragione', 'AMO']",Arena,strategy_nearest,False,0.002351045608520508,success
04BF113A9C4C80,3,['Arena'],Casa Giulietta,"['Centro Fotografia', 'Sighseeing', 'Torre Lamberti', 'Museo Conte', 'Museo Radio']",Santa Anastasia,strategy_nearest,False,0.0023839473724365234,success
04BF153A9C4C84,3,"['Castelvecchio', 'Arena']",Casa Giulietta,"['Centro Fotografia', 'Sighseeing', 'Torre Lamberti', 'Museo Conte', 'Museo Radio']",Torre Lamberti,strategy_nearest,True,0.0036101341247558594,success
04BF13429C4C84,1,['Palazzo della Ragione'],Torre Lamberti,"['Sighseeing', 'Centro Fotografia', 'Museo Conte', 'Casa Giulietta', 'AMO']",San Fermo,strategy_nearest,False,0.0015990734100341797,success
04BF10429C4C84,0,['Arena'],Casa Giulietta,"['Centro Fotografia', 'Sighseeing', 'Torre Lamberti', 'Museo Conte', 'Museo Radio']",Torre Lamberti,strategy_nearest,True,0.0037660598754882812,success
04BF164A9C4C80,0,"['Castelvecchio', 'Casa Giulietta']",Duomo,"['AMO', 'Museo Miniscalchi', 'Santa Anastasia', 'Teatro Romano', 'Palazzo della Ragione']",Teatro Romano,strategy_nearest,True,0.0019922256469726562,success
04BF17429C4C84,6,"['San Fermo', 'Casa Giulietta']",Verona Tour,"['Museo Lapidario', 'Arena', 'Castelvecchio', 'Museo Radio', 'Sighseeing']",Castelvecchio,strategy_nearest,True,0.002189159393310547,success
04BF183A9C4C80,0,['Arena'],Casa Giulietta,"['Centro Fotografia', 'Sighseeing', 'Torre Lamberti', 'Museo Conte', 'Museo Radio']",Palazzo della Ragione,strategy_nearest,False,0.002775907516479492,success
04BF19429C4C84,2,['Castelvecchio'],Santa Anastasia,"['AMO', 'Museo Conte', 'Palazzo della Ragione', 'Teatro Romano', 'Centro Fotografia']",Torre Lamberti,strategy_nearest,False,0.003515958786010742,success
04BF1B429C4C84,2,['Castelvecchio'],Santa Anastasia,"['AMO', 'Museo Conte', 'Palazzo della Ragione', 'Teatro Romano', 'Centro Fotografia']",Torre Lamberti,strategy_nearest,False,0.0030477046966552734,success
04BF1B4A9C4C80,2,['San Zeno'],Castelvecchio,"['Museo Lapidario', 'Verona Tour', 'Arena', 'Museo Radio', 'Sighseeing']",Torre Lamberti,strategy_nearest,False,0.0025119781494140625,success
04BF21429C4C84,0,['Arena'],Duomo,"['AMO', 'Museo Miniscalchi', 'Santa Anastasia', 'Teatro Romano', 'Palazzo della Ragione']",San Fermo,strategy_nearest,False,0.0034639835357666016,success
04BF223A9C4C84,3,['Casa Giulietta'],Torre Lamberti,"['Sighseeing', 'Centro Fotografia', 'Museo Conte', 'Palazzo della Ragione', 'AMO']",Santa Anastasia,strategy_nearest,False,0.0018048286437988281,success
04BF25429C4C84,2,['Casa Giulietta'],Torre Lamberti,"['Sighseeing', 'Centro Fotografia', 'Museo Conte', 'Palazzo della Ragione', 'AMO']",Santa Anastasia,strategy_nearest,False,0.0037870407104492188,success
04BF2D429C4C80,1,['Arena'],Torre Lamberti,"['Sighseeing', 'Centro Fotografia', 'Museo Conte', 'Casa Giulietta', 'Palazzo della Ragione']",Palazzo della Ragione,strategy_nearest,True,0.002153158187866211,success
04BF2B3A9C4C80,0,['Arena'],Casa Giulietta,"['Centro Fotografia', 'Sighseeing', 'Torre Lamberti', 'Museo Conte', 'Museo Radio']",Castelvecchio,strategy_nearest,False,0.0029151439666748047,success
04BF2A3A9C4C80,3,"['Arena', 'Castelvecchio']",Duomo,"['AMO', 'Museo Miniscalchi', 'Santa Anastasia', 'Teatro Romano', 'Palazzo della Ragione']",San Zeno,strategy_nearest,False,0.002374887466430664,success
04BF26429C4C84,3,"['Arena', 'Torre Lamberti']",Santa Anastasia,"['AMO', 'Museo Conte', 'Palazzo della Ragione', 'Teatro Romano', 'Centro Fotografia']",Teatro Romano,strategy_nearest,True,0.004488229751586914,success
04BF2D4A9C4C80,2,['Casa Giulietta'],Duomo,"['AMO', 'Museo Miniscalchi', 'Santa Anastasia', 'Teatro Romano', 'Palazzo della Ragione']",Castelvecchio,strategy_nearest,False,0.0017647743225097656,success
04BF32429C4C80,3,"['Casa Giulietta', 'Arena']",Tomba Giulietta,"['San Fermo', 'Museo Storia', 'Museo Lapidario', 'Museo Radio', 'Verona Tour']",Torre Lamberti,strategy_nearest,False,0.0023660659790039062,success
04BF2E4A9C4C80,2,['Santa Anastasia'],Tomba Giulietta,"['San Fermo', 'Museo Storia', 'Arena', 'Museo Lapidario', 'Museo Radio']",Torre Lamberti,strategy_nearest,False,0.0032470226287841797,success
04BF423A9C4C80,3,"['Arena', 'Casa Giulietta']",San Fermo,"['Museo Storia', 'Museo Radio', 'Centro Fotografia', 'Sighseeing', 'Torre Lamberti']",Duomo,strategy_nearest,False,0.0037338733673095703,success
04BF50429C4C80,1,['Arena'],Torre Lamberti,"['Sighseeing', 'Centro Fotografia', 'Museo Conte', 'Casa Giulietta', 'Palazzo della Ragione']",Palazzo della Ragione,strategy_nearest,True,0.0023751258850097656,success
04BF58429C4C80,3,['Arena'],Torre Lamberti,"['Sighseeing', 'Centro Fotografia', 'Museo Conte', 'Casa Giulietta', 'Palazzo della Ragione']",Santa Anastasia,strategy_nearest,False,0.002235889434814453,success
04BF573A9C4C80,3,"['Arena', 'Museo Lapidario', 'Castelvecchio', 'Teatro Romano']",San Fermo,"['Museo Storia', 'Museo Radio', 'Casa Giulietta', 'Centro Fotografia', 'Sighseeing']",San Zeno,strategy_nearest,False,0.002889871597290039,success
04BF67429C4C80,0,['Arena'],Casa Giulietta,"['Centro Fotografia', 'Sighseeing', 'Torre Lamberti', 'Museo Conte', 'Museo Radio']",Torre Lamberti,strategy_nearest,True,0.0029201507568359375,success
04BF6A429C4C80,1,"['Arena', 'Casa Giulietta', 'Torre Lamberti']",Palazzo della Ragione,"['AMO', 'Museo Conte', 'Centro Fotografia', 'Sighseeing', 'Santa Anastasia']",Duomo,strategy_nearest,False,0.0020589828491210938,success
04BF70429C4C80,0,['Arena'],Torre Lamberti,"['Sighseeing', 'Centro Fotografia', 'Museo Conte', 'Casa Giulietta', 'Palazzo della Ragione']",Castelvecchio,strategy_nearest,False,0.002663135528564453,success
04BF72429C4C80,2,['Torre Lamberti'],Santa Anastasia,"['AMO', 'Museo Conte', 'Palazzo della Ragione', 'Teatro Romano', 'Centro Fotografia']",Duomo,strategy_nearest,False,0.002686023712158203,success
04BF733A9C4C80,0,['Arena'],Tomba Giulietta,"['San Fermo', 'Museo Storia', 'Museo Lapidario', 'Museo Radio', 'Verona Tour']",Casa Giulietta,strategy_nearest,False,0.0033979415893554688,success
04BF84429C4C80,2,['Castelvecchio'],San Zeno,"['Verona Tour', 'Museo Lapidario', 'Arena', 'Museo Miniscalchi', 'Sighseeing']",Teatro Romano,strategy_nearest,False,0.0025148391723632812,success
04BF95429C4C80,3,"['Arena', 'Casa Giulietta']",Torre Lamberti,"['Sighseeing', 'Centro Fotografia', 'Museo Conte', 'Palazzo della Ragione', 'AMO']",Santa Anastasia,strategy_nearest,False,0.0019030570983886719,success
04BF8A429C4C80,0,['Arena'],Casa Giulietta,"['Centro Fotografia', 'Sighseeing', 'Torre Lamberti', 'Museo Conte', 'Museo Radio']",Torre Lamberti,strategy_nearest,True,0.0025768280029296875,success
04BF944A9C4C80,0,['Arena'],Casa Giulietta,"['Centro Fotografia', 'Sighseeing', 'Torre Lamberti', 'Museo Conte', 'Museo Radio']",Santa Anastasia,strategy_nearest,False,0.003336191177368164,success
04BF964A9C4C80,0,['Arena'],Casa Giulietta,"['Centro Fotografia', 'Sighseeing', 'Torre Lamberti', 'Museo Conte', 'Museo Radio']",Castelvecchio,strategy_nearest,False,0.0035331249237060547,success
04BFA4429C4C80,2,['Santa Anastasia'],Torre Lamberti,"['Sighseeing', 'Centro Fotografia', 'Museo Conte', 'Casa Giulietta', 'Palazzo della Ragione']",Casa Giulietta,strategy_nearest,True,0.0032160282135009766,success
04BFA34A9C4C80,3,['Teatro Romano'],Santa Anastasia,"['AMO', 'Museo Conte', 'Palazzo della Ragione', 'Centro Fotografia', 'Duomo']",Arena,strategy_nearest,False,0.0026891231536865234,success
04BF9D429C4C80,1,"['Arena', 'Casa Giulietta']",Palazzo della Ragione,"['AMO', 'Museo Conte', 'Torre Lamberti', 'Centro Fotografia', 'Sighseeing']",Torre Lamberti,strategy_nearest,True,0.0037469863891601562,success
04BF9B429C4C80,0,['Casa Giulietta'],Duomo,"['AMO', 'Museo Miniscalchi', 'Santa Anastasia', 'Teatro Romano', 'Palazzo della Ragione']",Arena,strategy_nearest,False,0.0025839805603027344,success
04BFA44A9C4C80,1,"['Arena', 'Casa Giulietta']",Torre Lamberti,"['Sighseeing', 'Centro Fotografia', 'Museo Conte', 'Palazzo della Ragione', 'AMO']",Palazzo della Ragione,strategy_nearest,True,0.00150299072265625,success
04BFA74A9C4C80,3,"['Santa Anastasia', 'Teatro Romano']",Casa Giulietta,"['Centro Fotografia', 'Sighseeing', 'Torre Lamberti', 'Museo Conte', 'Museo Radio']",Giardino Giusti,strategy_nearest,False,0.001956939697265625,success
04BFA73A9C4C80,3,['Arena'],Casa Giulietta,"['Centro Fotografia', 'Sighseeing', 'Torre Lamberti', 'Museo Conte', 'Museo Radio']",Teatro Romano,strategy_nearest,False,0.0027098655700683594,success
04BFAA429C4C80,0,['Castelvecchio'],Arena,"['Verona Tour', 'Museo Lapidario', 'Museo Radio', 'San Fermo', 'Casa Giulietta']",Santa Anastasia,strategy_nearest,False,0.0034897327423095703,success
04BFB372743380,4,"['Castelvecchio', 'Casa Giulietta', 'Teatro Romano', 'Santa Anastasia']",San Zeno,"['Verona Tour', 'Museo Lapidario', 'Arena', 'Museo Miniscalchi', 'Sighseeing']",Museo Radio,strategy_nearest,False,0.001692056655883789,success
04BFB9429C4C80,1,"['Arena', 'Castelvecchio']",Casa Giulietta,"['Centro Fotografia', 'Sighseeing', 'Torre Lamberti', 'Museo Conte', 'Museo Radio']",Torre Lamberti,strategy_nearest,True,0.0026099681854248047,success
04BFB63A9C4C80,3,"['Arena', 'Castelvecchio']",Casa Giulietta,"['Centro Fotografia', 'Sighseeing', 'Torre Lamberti', 'Museo Conte', 'Museo Radio']",Santa Anastasia,strategy_nearest,False,0.0034351348876953125,success
04BFBA3A9C4C80,1,"['Arena', 'San Fermo', 'Casa Giulietta', 'Palazzo della Ragione']",Torre Lamberti,"['Sighseeing', 'Centro Fotografia', 'Museo Conte', 'AMO', 'Museo Miniscalchi']",Santa Anastasia,strategy_nearest,False,0.0025289058685302734,success
04BFBF3A9C4C80,0,['Arena'],Casa Giulietta,"['Centro Fotografia', 'Sighseeing', 'Torre Lamberti', 'Museo Conte', 'Museo Radio']",Castelvecchio,strategy_nearest,False,0.0026140213012695312,success
04BFC2429C4C80,3,"['Arena', 'Casa Giulietta']",Torre Lamberti,"['Sighseeing', 'Centro Fotografia', 'Museo Conte', 'Palazzo della Ragione', 'AMO']",Santa Anastasia,strategy_nearest,False,0.0027000904083251953,success
04BFCD3A9C4C80,0,['Arena'],Casa Giulietta,"['Centro Fotografia', 'Sighseeing', 'Torre Lamberti', 'Museo Conte', 'Museo Radio']",Duomo,strategy_nearest,False,0.0030689239501953125,success
04BFD03A9C4C80,1,"['Arena', 'Casa Giulietta']",Torre Lamberti,"['Sighseeing', 'Centro Fotografia', 'Museo Conte', 'Palazzo della Ragione', 'AMO']",Palazzo della Ragione,strategy_nearest,True,0.0017337799072265625,success
04BFD43A9C4C80,2,"['Palazzo della Ragione', 'Torre Lamberti']",Casa Giulietta,"['Centro Fotografia', 'Sighseeing', 'Museo Conte', 'Museo Radio', 'San Fermo']",Teatro Romano,strategy_nearest,False,0.0027289390563964844,success
04BFE2429C4C80,3,"['San Fermo', 'Arena', 'Castelvecchio']",Torre Lamberti,"['Sighseeing', 'Centro Fotografia', 'Museo Conte', 'Casa Giulietta', 'Palazzo della Ragione']",Santa Anastasia,strategy_nearest,False,0.0027840137481689453,success
04BFD53A9C4C80,2,['Castelvecchio'],San Zeno,"['Verona Tour', 'Museo Lapidario', 'Arena', 'Museo Miniscalchi', 'Sighseeing']",Torre Lamberti,strategy_nearest,False,0.0028939247131347656,success
04C00A429C4C80,3,"['San Zeno', 'Torre Lamberti', 'Duomo', 'Teatro Romano']",Casa Giulietta,"['Centro Fotografia', 'Sighseeing', 'Museo Conte', 'Museo Radio', 'Palazzo della Ragione']",San Fermo,strategy_nearest,False,0.002534151077270508,success
04BFFE3A9C4C80,2,['Casa Giulietta'],Santa Anastasia,"['AMO', 'Museo Conte', 'Palazzo della Ragione', 'Teatro Romano', 'Centro Fotografia']",Castelvecchio,strategy_nearest,False,0.0028312206268310547,success
04C00C4A9C4C80,3,"['Arena', 'San Zeno', 'Castelvecchio']",Teatro Romano,"['Santa Anastasia', 'Duomo', 'AMO', 'Palazzo della Ragione', 'Museo Conte']",Duomo,strategy_nearest,True,0.002470254898071289,success
04C0123A9C4C80,0,"['Arena', 'San Zeno']",Casa Giulietta,"['Centro Fotografia', 'Sighseeing', 'Torre Lamberti', 'Museo Conte', 'Museo Radio']",Torre Lamberti,strategy_nearest,True,0.003342866897583008,success
04C0153A9C4C84,3,"['Arena', 'Casa Giulietta']",Santa Anastasia,"['AMO', 'Museo Conte', 'Palazzo della Ragione', 'Teatro Romano', 'Centro Fotografia']",Teatro Romano,strategy_nearest,True,0.0020151138305664062,success
04C0144A9C4C80,3,"['San Fermo', 'Casa Giulietta', 'Torre Lamberti']",Arena,"['Verona Tour', 'Museo Lapidario', 'Museo Radio', 'Sighseeing', 'Castelvecchio']",Castelvecchio,strategy_nearest,True,0.002732992172241211,success
04C01D429C4C84,3,"['Arena', 'Casa Giulietta']",Santa Anastasia,"['AMO', 'Museo Conte', 'Palazzo della Ragione', 'Teatro Romano', 'Centro Fotografia']",Duomo,strategy_nearest,False,0.0032351016998291016,success
04C01E429C4C80,2,"['Castelvecchio', 'Torre Lamberti', 'Palazzo della Ragione']",San Zeno,"['Verona Tour', 'Museo Lapidario', 'Arena', 'Museo Miniscalchi', 'Sighseeing']",Museo Lapidario,strategy_nearest,True,0.002385854721069336,success
04C0213A9C4C80,3,"['Arena', 'San Fermo']",Torre Lamberti,"['Sighseeing', 'Centro Fotografia', 'Museo Conte', 'Casa Giulietta', 'Palazzo della Ragione']",Santa Anastasia,strategy_nearest,False,0.003245830535888672,success
04C0213A9C4C84,0,['Arena'],Casa Giulietta,"['Centro Fotografia', 'Sighseeing', 'Torre Lamberti', 'Museo Conte', 'Museo Radio']",Palazzo della Ragione,strategy_nearest,False,0.002020120620727539,success
04C022429C4C80,3,"['Arena', 'Castelvecchio', 'Santa Anastasia', 'Casa Giulietta']",San Fermo,"['Museo Storia', 'Museo Radio', 'Centro Fotografia', 'Sighseeing', 'Torre Lamberti']",Tomba Giulietta,strategy_nearest,False,0.0027861595153808594,success
04C025429C4C84,3,"['Arena', 'Casa Giulietta']",Santa Anastasia,"['AMO', 'Museo Conte', 'Palazzo della Ragione', 'Teatro Romano', 'Centro Fotografia']",Duomo,strategy_nearest,False,0.002852916717529297,success
04C024429C4C84,2,['Castelvecchio'],Torre Lamberti,"['Sighseeing', 'Centro Fotografia', 'Museo Conte', 'Casa Giulietta', 'Palazzo della Ragione']",Palazzo della Ragione,strategy_nearest,True,0.0033538341522216797,success
04C02B429C4C80,0,['Arena'],Casa Giulietta,"['Centro Fotografia', 'Sighseeing', 'Torre Lamberti', 'Museo Conte', 'Museo Radio']",Tomba Giulietta,strategy_nearest,False,0.0015096664428710938,success
04C026429C4C80,2,"['Castelvecchio', 'San Zeno']",Teatro Romano,"['Santa Anastasia', 'Duomo', 'AMO', 'Palazzo della Ragione', 'Museo Conte']",Torre Lamberti,strategy_nearest,False,0.0023469924926757812,success
04C02C3A9C4C80,0,['Arena'],Torre Lamberti,"['Sighseeing', 'Centro Fotografia', 'Museo Conte', 'Casa Giulietta', 'Palazzo della Ragione']",Casa Giulietta,strategy_nearest,True,0.002805948257446289,success
04C036429C4C80,3,"['Arena', 'Tomba Giulietta']",Casa Giulietta,"['Centro Fotografia', 'Sighseeing', 'Torre Lamberti', 'Museo Conte', 'Museo Radio']",Torre Lamberti,strategy_nearest,True,0.003432035446166992,success
04C038429C4C80,0,['Castelvecchio'],Arena,"['Verona Tour', 'Museo Lapidario', 'Museo Radio', 'San Fermo', 'Casa Giulietta']",Casa Giulietta,strategy_nearest,True,0.0012850761413574219,success
04C0543A9C4C80,2,['Casa Giulietta'],San Fermo,"['Museo Storia', 'Museo Radio', 'Centro Fotografia', 'Arena', 'Sighseeing']",Tomba Giulietta,strategy_nearest,False,0.002050161361694336,success
04C054429C4C80,3,['Santa Anastasia'],Torre Lamberti,"['Sighseeing', 'Centro Fotografia', 'Museo Conte', 'Casa Giulietta', 'Palazzo della Ragione']",Arena,strategy_nearest,False,0.0027239322662353516,success
04C071429C4C80,3,['Arena'],Casa Giulietta,"['Centro Fotografia', 'Sighseeing', 'Torre Lamberti', 'Museo Conte', 'Museo Radio']",Santa Anastasia,strategy_nearest,False,0.002565145492553711,success
04C0563A9C4C80,1,"['San Zeno', 'Museo Lapidario', 'Tomba Giulietta', 'Museo Storia', 'San Fermo', 'Arena']",Castelvecchio,"['Verona Tour', 'Museo Radio', 'Sighseeing', 'Museo Miniscalchi', 'Torre Lamberti']",Duomo,strategy_nearest,False,0.0024437904357910156,success
04C063429C4C80,3,"['Arena', 'Torre Lamberti']",Santa Anastasia,"['AMO', 'Museo Conte', 'Palazzo della Ragione', 'Teatro Romano', 'Centro Fotografia']",Duomo,strategy_nearest,False,0.0033152103424072266,success
04C0783A9C4C80,1,"['Arena', 'Casa Giulietta']",Palazzo della Ragione,"['AMO', 'Museo Conte', 'Torre Lamberti', 'Centro Fotografia', 'Sighseeing']",Torre Lamberti,strategy_nearest,True,0.0020360946655273438,success
04C073429C4C80,3,"['Casa Giulietta', 'San Fermo', 'Torre Lamberti']",Arena,"['Verona Tour', 'Museo Lapidario', 'Museo Radio', 'Sighseeing', 'Castelvecchio']",Castelvecchio,strategy_nearest,True,0.0035009384155273438,success
04C08B4A9C4C80,0,"['Arena', 'Casa Giulietta']",Torre Lamberti,"['Sighseeing', 'Centro Fotografia', 'Museo Conte', 'Palazzo della Ragione', 'AMO']",Duomo,strategy_nearest,False,0.0031232833862304688,success
04C086429C4C80,3,['Arena'],Torre Lamberti,"['Sighseeing', 'Centro Fotografia', 'Museo Conte', 'Casa Giulietta', 'Palazzo della Ragione']",Teatro Romano,strategy_nearest,False,0.002752065658569336,success
04C090429C4C80,0,['Arena'],Casa Giulietta,"['Centro Fotografia', 'Sighseeing', 'Torre Lamberti', 'Museo Conte', 'Museo Radio']",Santa Anastasia,strategy_nearest,False,0.002251148223876953,success
04C095429C4C80,2,"['Castelvecchio', 'San Zeno']",Teatro Romano,"['Santa Anastasia', 'Duomo', 'AMO', 'Palazzo della Ragione', 'Museo Conte']",Casa Giulietta,strategy_nearest,False,0.0028460025787353516,success
04C09B429C4C80,3,['Arena'],Casa Giulietta,"['Centro Fotografia', 'Sighseeing', 'Torre Lamberti', 'Museo Conte', 'Museo Radio']",Santa Anastasia,strategy_nearest,False,0.003515958786010742,success
04C09E429C4C80,0,['Castelvecchio'],Arena,"['Verona Tour', 'Museo Lapidario', 'Museo Radio', 'San Fermo', 'Casa Giulietta']",Casa Giulietta,strategy_nearest,True,0.0026407241821289062,success
04C0AB4A9C4C80,2,['Teatro Romano'],Torre Lamberti,"['Sighseeing', 'Centro Fotografia', 'Museo Conte', 'Casa Giulietta', 'Palazzo della Ragione']",Palazzo della Ragione,strategy_nearest,True,0.0034592151641845703,success
04C0A93A9C4C80,1,"['Arena', 'Castelvecchio', 'Torre Lamberti']",Palazzo della Ragione,"['AMO', 'Museo Conte', 'Centro Fotografia', 'Sighseeing', 'Santa Anastasia']",Casa Giulietta,strategy_nearest,False,0.002869844436645508,success
04C0B1429C4C80,0,['Arena'],Casa Giulietta,"['Centro Fotografia', 'Sighseeing', 'Torre Lamberti', 'Museo Conte', 'Museo Radio']",Torre Lamberti,strategy_nearest,True,0.0026199817657470703,success
04C0A63A9C4C80,1,['Arena'],Palazzo della Ragione,"['AMO', 'Museo Conte', 'Torre Lamberti', 'Centro Fotografia', 'Sighseeing']",Museo Lapidario,strategy_nearest,False,0.001968860626220703,success
04C0BE3A9C4C80,1,"['Arena', 'Casa Giulietta', 'San Fermo', 'Teatro Romano']",Duomo,"['AMO', 'Museo Miniscalchi', 'Santa Anastasia', 'Palazzo della Ragione', 'Museo Conte']",Santa Anastasia,strategy_nearest,True,0.002022981643676758,success
04C0BE429C4C80,1,"['San Zeno', 'Castelvecchio', 'Arena']",Casa Giulietta,"['Centro Fotografia', 'Sighseeing', 'Torre Lamberti', 'Museo Conte', 'Museo Radio']",Tomba Giulietta,strategy_nearest,False,0.0013718605041503906,success
04C0C0429C4C80,0,['Casa Giulietta'],Arena,"['Verona Tour', 'Museo Lapidario', 'Museo Radio', 'San Fermo', 'Sighseeing']",Castelvecchio,strategy_nearest,False,0.004080057144165039,success
04C0C5429C4C80,0,['Teatro Romano'],Giardino Giusti,"['Santa Anastasia', 'Museo Conte', 'Centro Fotografia', 'Museo Storia', 'AMO']",Arena,strategy_nearest,False,0.0030448436737060547,success
04C0CC429C4C80,1,"['Casa Giulietta', 'Palazzo della Ragione', 'San Fermo']",Teatro Romano,"['Santa Anastasia', 'Duomo', 'AMO', 'Museo Conte', 'Centro Fotografia']",Santa Anastasia,strategy_nearest,True,0.0033380985260009766,success
04C0C8429C4C80,0,['Casa Giulietta'],Arena,"['Verona Tour', 'Museo Lapidario', 'Museo Radio', 'San Fermo', 'Sighseeing']",Castelvecchio,strategy_nearest,False,0.0027799606323242188,success
04C0CF3A9C4C80,0,['Arena'],Casa Giulietta,"['Centro Fotografia', 'Sighseeing', 'Torre Lamberti', 'Museo Conte', 'Museo Radio']",Torre Lamberti,strategy_nearest,True,0.0021839141845703125,success
04C0F53A9C4C80,3,"['Casa Giulietta', 'Arena']",Castelvecchio,"['Museo Lapidario', 'Verona Tour', 'Museo Radio', 'San Zeno', 'Sighseeing']",Santa Anastasia,strategy_nearest,False,0.0013740062713623047,success
04C0F7429C4C80,0,['Castelvecchio'],Casa Giulietta,"['Centro Fotografia', 'Sighseeing', 'Torre Lamberti', 'Museo Conte', 'Museo Radio']",Arena,strategy_nearest,False,0.0027730464935302734,success
04C1013A9C4C84,2,['Castelvecchio'],Torre Lamberti,"['Sighseeing', 'Centro Fotografia', 'Museo Conte', 'Casa Giulietta', 'Palazzo della Ragione']",Santa Anastasia,strategy_nearest,False,0.0033419132232666016,success
04C1154A9C4C80,3,['Santa Anastasia'],Duomo,"['AMO', 'Museo Miniscalchi', 'Teatro Romano', 'Palazzo della Ragione', 'Museo Conte']",San Zeno,strategy_nearest,False,0.0021169185638427734,success
04C10E3A9C4C84,3,"['Arena', 'Museo Lapidario']",Castelvecchio,"['Verona Tour', 'Museo Radio', 'San Zeno', 'Sighseeing', 'Museo Miniscalchi']",Santa Anastasia,strategy_nearest,False,0.0028460025787353516,success
04C119429C4C80,2,"['Castelvecchio', 'Torre Lamberti']",Palazzo della Ragione,"['AMO', 'Museo Conte', 'Centro Fotografia', 'Sighseeing', 'Santa Anastasia']",Teatro Romano,strategy_nearest,False,0.002653837203979492,success
04C114429C4C84,2,"['Castelvecchio', 'Tomba Giulietta']",Torre Lamberti,"['Sighseeing', 'Centro Fotografia', 'Museo Conte', 'Casa Giulietta', 'Palazzo della Ragione']",Palazzo della Ragione,strategy_nearest,True,0.004038095474243164,success
04C11C3A9C4C84,0,['Arena'],Casa Giulietta,"['Centro Fotografia', 'Sighseeing', 'Torre Lamberti', 'Museo Conte', 'Museo Radio']",Torre Lamberti,strategy_nearest,True,0.0013151168823242188,success
04C11A429C4C84,2,['Castelvecchio'],Casa Giulietta,"['Centro Fotografia', 'Sighseeing', 'Torre Lamberti', 'Museo Conte', 'Museo Radio']",Tomba Giulietta,strategy_nearest,False,0.004190921783447266,success
04C11B429C4C84,2,['Casa Giulietta'],Castelvecchio,"['Museo Lapidario', 'Verona Tour', 'Arena', 'Museo Radio', 'San Zeno']",Santa Anastasia,strategy_nearest,False,0.0021979808807373047,success
04C11E3A9C4C80,1,"['Arena', 'Casa Giulietta', 'Torre Lamberti']",Palazzo della Ragione,"['AMO', 'Museo Conte', 'Centro Fotografia', 'Sighseeing', 'Santa Anastasia']",Santa Anastasia,strategy_nearest,True,0.003469228744506836,success
04C124429C4C84,0,"['Castelvecchio', 'San Zeno']",Arena,"['Verona Tour', 'Museo Lapidario', 'Museo Radio', 'San Fermo', 'Casa Giulietta']",Casa Giulietta,strategy_nearest,True,0.0017108917236328125,success
04C127429C4C84,3,"['Arena', 'Casa Giulietta', 'Duomo']",Santa Anastasia,"['AMO', 'Museo Conte', 'Palazzo della Ragione', 'Teatro Romano', 'Centro Fotografia']",Torre Lamberti,strategy_nearest,False,0.0031280517578125,success
04C1244A9C4C80,3,"['Castelvecchio', 'San Zeno', 'Casa Giulietta']",Santa Anastasia,"['AMO', 'Museo Conte', 'Palazzo della Ragione', 'Teatro Romano', 'Centro Fotografia']",Arena,strategy_nearest,False,0.0025589466094970703,success
04C12F3A9C4C80,2,"['Torre Lamberti', 'Duomo']",Santa Anastasia,"['AMO', 'Museo Conte', 'Palazzo della Ragione', 'Teatro Romano', 'Centro Fotografia']",Castelvecchio,strategy_nearest,False,0.0033490657806396484,success
04C13E429C4C80,2,['Casa Giulietta'],Teatro Romano,"['Santa Anastasia', 'Duomo', 'AMO', 'Palazzo della Ragione', 'Museo Conte']",San Zeno,strategy_nearest,False,0.0023050308227539062,success
04C1303A9C4C80,2,"['Giardino Giusti', 'Santa Anastasia', 'Torre Lamberti']",Casa Giulietta,"['Centro Fotografia', 'Sighseeing', 'Museo Conte', 'Museo Radio', 'Palazzo della Ragione']",Castelvecchio,strategy_nearest,False,0.0030851364135742188,success
04C144429C4C80,0,['Arena'],Castelvecchio,"['Museo Lapidario', 'Verona Tour', 'Museo Radio', 'San Zeno', 'Sighseeing']",Casa Giulietta,strategy_nearest,False,0.00321197509765625,success
04C14E429C4C80,0,"['Giardino Giusti', 'Santa Anastasia']",Casa Giulietta,"['Centro Fotografia', 'Sighseeing', 'Torre Lamberti', 'Museo Conte', 'Museo Radio']",Arena,strategy_nearest,False,0.0025949478149414062,success
04C15C3A9C4C80,3,"['Casa Giulietta', 'Torre Lamberti']",Teatro Romano,"['Santa Anastasia', 'Duomo', 'AMO', 'Palazzo della Ragione', 'Museo Conte']",Santa Anastasia,strategy_nearest,True,0.002023935317993164,success
04C1583A9C4C80,3,"['Santa Anastasia', 'Duomo']",Giardino Giusti,"['Teatro Romano', 'Museo Conte', 'Centro Fotografia', 'Museo Storia', 'AMO']",Castelvecchio,strategy_nearest,False,0.0035021305084228516,success
04C16C3A9C4C80,3,"['Teatro Romano', 'Santa Anastasia']",Torre Lamberti,"['Sighseeing', 'Centro Fotografia', 'Museo Conte', 'Casa Giulietta', 'Palazzo della Ragione']",Arena,strategy_nearest,False,0.002689838409423828,success
04C163429C4C80,3,"['Arena', 'Casa Giulietta']",Duomo,"['AMO', 'Museo Miniscalchi', 'Santa Anastasia', 'Teatro Romano', 'Palazzo della Ragione']",Castelvecchio,strategy_nearest,False,0.002660989761352539,success
04C16E429C4C80,0,['Arena'],San Zeno,"['Castelvecchio', 'Verona Tour', 'Museo Lapidario', 'Museo Miniscalchi', 'Sighseeing']",Duomo,strategy_nearest,False,0.0026531219482421875,success
04C1814A9C4C80,0,"['Arena', 'Museo Lapidario']",Castelvecchio,"['Verona Tour', 'Museo Radio', 'San Zeno', 'Sighseeing', 'Museo Miniscalchi']",Casa Giulietta,strategy_nearest,False,0.0034918785095214844,success
04C182429C4C80,1,"['Arena', 'San Fermo', 'Palazzo della Ragione']",Torre Lamberti,"['Sighseeing', 'Centro Fotografia', 'Museo Conte', 'Casa Giulietta', 'AMO']",Santa Anastasia,strategy_nearest,False,0.0035457611083984375,success
04C185429C4C80,3,"['Arena', 'Palazzo della Ragione', 'Santa Anastasia']",Duomo,"['AMO', 'Museo Miniscalchi', 'Teatro Romano', 'Museo Conte', 'Torre Lamberti']",Teatro Romano,strategy_nearest,True,0.0037260055541992188,success
04C195429C4C80,0,['Arena'],Casa Giulietta,"['Centro Fotografia', 'Sighseeing', 'Torre Lamberti', 'Museo Conte', 'Museo Radio']",Teatro Romano,strategy_nearest,False,0.002026796340942383,success
04C18C4A9C4C80,1,"['Arena', 'Museo Lapidario', 'Castelvecchio']",Santa Anastasia,"['AMO', 'Museo Conte', 'Palazzo della Ragione', 'Teatro Romano', 'Centro Fotografia']",Palazzo della Ragione,strategy_nearest,True,0.004248142242431641,success
04C1954A9C4C80,0,['Arena'],Casa Giulietta,"['Centro Fotografia', 'Sighseeing', 'Torre Lamberti', 'Museo Conte', 'Museo Radio']",Tomba Giulietta,strategy_nearest,False,0.002641916275024414,success
04C19B429C4C80,3,['Arena'],Casa Giulietta,"['Centro Fotografia', 'Sighseeing', 'Torre Lamberti', 'Museo Conte', 'Museo Radio']",Torre Lamberti,strategy_nearest,True,0.003184795379638672,success
04C19E429C4C80,2,['Castelvecchio'],San Zeno,"['Verona Tour', 'Museo Lapidario', 'Arena', 'Museo Miniscalchi', 'Sighseeing']",Duomo,strategy_nearest,False,0.0017099380493164062,success
04C19D4A9C4C80,3,"['Arena', 'Tomba Giulietta', 'San Fermo']",Casa Giulietta,"['Centro Fotografia', 'Sighseeing', 'Torre Lamberti', 'Museo Conte', 'Museo Radio']",Santa Anastasia,strategy_nearest,False,0.0025300979614257812,success
04C19D429C4C80,2,"['Museo Lapidario', 'Castelvecchio']",Casa Giulietta,"['Centro Fotografia', 'Sighseeing', 'Torre Lamberti', 'Museo Conte', 'Museo Radio']",Teatro Romano,strategy_nearest,False,0.0038459300994873047,success
04C1A0429C4C80,2,['Torre Lamberti'],Duomo,"['AMO', 'Museo Miniscalchi', 'Santa Anastasia', 'Teatro Romano', 'Palazzo della Ragione']",Casa Giulietta,strategy_nearest,False,0.003184080123901367,success
04C1A1429C4C80,0,['Arena'],Casa Giulietta,"['Centro Fotografia', 'Sighseeing', 'Torre Lamberti', 'Museo Conte', 'Museo Radio']",Torre Lamberti,strategy_nearest,True,0.004175901412963867,success
04C1A34A9C4C80,3,"['Arena', 'Castelvecchio']",Santa Anastasia,"['AMO', 'Museo Conte', 'Palazzo della Ragione', 'Teatro Romano', 'Centro Fotografia']",Duomo,strategy_nearest,False,0.0022461414337158203,success
04C1A74A9C4C80,0,['Arena'],Casa Giulietta,"['Centro Fotografia', 'Sighseeing', 'Torre Lamberti', 'Museo Conte', 'Museo Radio']",Teatro Romano,strategy_nearest,False,0.002611875534057617,success
04C1AE429C4C80,0,['Arena'],Teatro Romano,"['Santa Anastasia', 'Duomo', 'AMO', 'Palazzo della Ragione', 'Museo Conte']",Castelvecchio,strategy_nearest,False,0.0013382434844970703,success
04C1AA4A9C4C80,3,"['Santa Anastasia', 'Duomo', 'Arena']",Tomba Giulietta,"['San Fermo', 'Museo Storia', 'Museo Lapidario', 'Museo Radio', 'Verona Tour']",San Fermo,strategy_nearest,True,0.002732992172241211,success
04C1AD3A9C4C80,3,"['Arena', 'Castelvecchio']",Torre Lamberti,"['Sighseeing', 'Centro Fotografia', 'Museo Conte', 'Casa Giulietta', 'Palazzo della Ragione']",Santa Anastasia,strategy_nearest,False,0.0028438568115234375,success
04C1AF429C4C80,3,"['Arena', 'Teatro Romano']",Santa Anastasia,"['AMO', 'Museo Conte', 'Palazzo della Ragione', 'Centro Fotografia', 'Duomo']",Torre Lamberti,strategy_nearest,False,0.002899169921875,success
04C1B5429C4C80,2,['Torre Lamberti'],Santa Anastasia,"['AMO', 'Museo Conte', 'Palazzo della Ragione', 'Teatro Romano', 'Centro Fotografia']",Teatro Romano,strategy_nearest,True,0.0021610260009765625,success
04C1B2429C4C80,3,['Casa Giulietta'],Santa Anastasia,"['AMO', 'Museo Conte', 'Palazzo della Ragione', 'Teatro Romano', 'Centro Fotografia']",San Fermo,strategy_nearest,False,0.0024271011352539062,success
04C1B83A9C4C80,0,['Arena'],Casa Giulietta,"['Centro Fotografia', 'Sighseeing', 'Torre Lamberti', 'Museo Conte', 'Museo Radio']",Santa Anastasia,strategy_nearest,False,0.002672910690307617,success
04C1BC3A9C4C80,3,"['Arena', 'Torre Lamberti']",Teatro Romano,"['Santa Anastasia', 'Duomo', 'AMO', 'Palazzo della Ragione', 'Museo Conte']",Duomo,strategy_nearest,True,0.003297090530395508,success
04C1D43A9C4C80,0,['Arena'],Castelvecchio,"['Museo Lapidario', 'Verona Tour', 'Museo Radio', 'San Zeno', 'Sighseeing']",Duomo,strategy_nearest,False,0.0018069744110107422,success
04C1C03A9C4C80,3,"['Arena', 'Castelvecchio']",Torre Lamberti,"['Sighseeing', 'Centro Fotografia', 'Museo Conte', 'Casa Giulietta', 'Palazzo della Ragione']",Santa Anastasia,strategy_nearest,False,0.0036809444427490234,success
04C1E43A9C4C80,0,"['Arena', 'Casa Giulietta']",Teatro Romano,"['Santa Anastasia', 'Duomo', 'AMO', 'Palazzo della Ragione', 'Museo Conte']",Duomo,strategy_nearest,True,0.003580808639526367,success
04C1BF429C4C80,0,"['Duomo', 'Arena']",Torre Lamberti,"['Sighseeing', 'Centro Fotografia', 'Museo Conte', 'Casa Giulietta', 'Palazzo della Ragione']",Casa Giulietta,strategy_nearest,True,0.003083944320678711,success
04C2633A9C4C80,1,"['Arena', 'Castelvecchio']",Torre Lamberti,"['Sighseeing', 'Centro Fotografia', 'Museo Conte', 'Casa Giulietta', 'Palazzo della Ragione']",Palazzo della Ragione,strategy_nearest,True,0.0027332305908203125,success
04C1ED429C4C80,1,"['Santa Anastasia', 'Casa Giulietta', 'Torre Lamberti', 'Palazzo della Ragione']",San Fermo,"['Museo Storia', 'Museo Radio', 'Centro Fotografia', 'Arena', 'Sighseeing']",Tomba Giulietta,strategy_nearest,False,0.0019838809967041016,success
04C2843A9C4C80,3,"['Torre Lamberti', 'Santa Anastasia', 'Duomo']",Castelvecchio,"['Museo Lapidario', 'Verona Tour', 'Arena', 'Museo Radio', 'San Zeno']",San Fermo,strategy_nearest,False,0.0032727718353271484,success
04C1F53A9C4C80,2,['Casa Giulietta'],Castelvecchio,"['Museo Lapidario', 'Verona Tour', 'Arena', 'Museo Radio', 'San Zeno']",Tomba Giulietta,strategy_nearest,False,0.0020151138305664062,success
04C2A6429C4C80,1,['Arena'],Palazzo della Ragione,"['AMO', 'Museo Conte', 'Torre Lamberti', 'Centro Fotografia', 'Sighseeing']",Torre Lamberti,strategy_nearest,True,0.002146005630493164,success
04C2C83A9C4C80,3,"['Arena', 'Castelvecchio']",Duomo,"['AMO', 'Museo Miniscalchi', 'Santa Anastasia', 'Teatro Romano', 'Palazzo della Ragione']",Santa Anastasia,strategy_nearest,True,0.0026581287384033203,success
04C2C6429C4C80,0,['Arena'],Casa Giulietta,"['Centro Fotografia', 'Sighseeing', 'Torre Lamberti', 'Museo Conte', 'Museo Radio']",Santa Anastasia,strategy_nearest,False,0.00331878662109375,success
04C2A44A9C4C80,1,"['Arena', 'Casa Giulietta']",Torre Lamberti,"['Sighseeing', 'Centro Fotografia', 'Museo Conte', 'Palazzo della Ragione', 'AMO']",Palazzo della Ragione,strategy_nearest,True,0.001528024673461914,success
04C311429C4C80,1,"['Arena', 'Museo Lapidario', 'Castelvecchio']",Palazzo della Ragione,"['AMO', 'Museo Conte', 'Torre Lamberti', 'Centro Fotografia', 'Sighseeing']",Teatro Romano,strategy_nearest,False,0.0012862682342529297,success
04C30C4A9C4C80,1,"['Casa Giulietta', 'Arena']",Torre Lamberti,"['Sighseeing', 'Centro Fotografia', 'Museo Conte', 'Palazzo della Ragione', 'AMO']",Palazzo della Ragione,strategy_nearest,True,0.002743959426879883,success
04C304429C4C84,2,"['Palazzo della Ragione', 'Torre Lamberti', 'Casa Giulietta', 'Santa Anastasia']",Teatro Romano,"['Duomo', 'AMO', 'Museo Conte', 'Centro Fotografia', 'Museo Miniscalchi']",Castelvecchio,strategy_nearest,False,0.004002094268798828,success
04C313429C4C84,2,['Torre Lamberti'],Santa Anastasia,"['AMO', 'Museo Conte', 'Palazzo della Ragione', 'Teatro Romano', 'Centro Fotografia']",Duomo,strategy_nearest,False,0.0032341480255126953,success
04C3163A9C4C80,1,['Arena'],Castelvecchio,"['Museo Lapidario', 'Verona Tour', 'Museo Radio', 'San Zeno', 'Sighseeing']",Palazzo della Ragione,strategy_nearest,False,0.003058910369873047,success
04C314429C4C84,1,"['Santa Anastasia', 'Teatro Romano']",Arena,"['Verona Tour', 'Museo Lapidario', 'Museo Radio', 'San Fermo', 'Casa Giulietta']",Museo Lapidario,strategy_nearest,True,0.001196146011352539,success
04C31D429C4C80,3,"['Arena', 'Casa Giulietta', 'Torre Lamberti', 'Castelvecchio']",San Zeno,"['Verona Tour', 'Museo Lapidario', 'Museo Miniscalchi', 'Sighseeing', 'Museo Radio']",Santa Anastasia,strategy_nearest,False,0.0023069381713867188,success
04C31C429C4C84,0,['Arena'],Casa Giulietta,"['Centro Fotografia', 'Sighseeing', 'Torre Lamberti', 'Museo Conte', 'Museo Radio']",Torre Lamberti,strategy_nearest,True,0.0036568641662597656,success
04C31E429C4C80,1,"['Castelvecchio', 'San Zeno', 'Duomo', 'Teatro Romano', 'Arena']",Torre Lamberti,"['Sighseeing', 'Centro Fotografia', 'Museo Conte', 'Casa Giulietta', 'Palazzo della Ragione']",Palazzo della Ragione,strategy_nearest,True,0.0015070438385009766,success
04C322429C4C84,2,['Castelvecchio'],San Zeno,"['Verona Tour', 'Museo Lapidario', 'Arena', 'Museo Miniscalchi', 'Sighseeing']",Santa Anastasia,strategy_nearest,False,0.0022020339965820312,success
04C31E429C4C84,0,['Arena'],Casa Giulietta,"['Centro Fotografia', 'Sighseeing', 'Torre Lamberti', 'Museo Conte', 'Museo Radio']",Torre Lamberti,strategy_nearest,True,0.003280162811279297,success
04C325429C4C84,1,['Arena'],Palazzo della Ragione,"['AMO', 'Museo Conte', 'Torre Lamberti', 'Centro Fotografia', 'Sighseeing']",Santa Anastasia,strategy_nearest,False,0.004294157028198242,success
04C327429C4C84,2,['Casa Giulietta'],Santa Anastasia,"['AMO', 'Museo Conte', 'Palazzo della Ragione', 'Teatro Romano', 'Centro Fotografia']",Duomo,strategy_nearest,False,0.002871990203857422,success
04C32C3A9C4C80,0,['Arena'],Torre Lamberti,"['Sighseeing', 'Centro Fotografia', 'Museo Conte', 'Casa Giulietta', 'Palazzo della Ragione']",Casa Giulietta,strategy_nearest,True,0.0033369064331054688,success
04C3293A9C4C80,1,"['Casa Giulietta', 'Palazzo della Ragione', 'Torre Lamberti']",Duomo,"['AMO', 'Museo Miniscalchi', 'Santa Anastasia', 'Teatro Romano', 'Museo Conte']",Teatro Romano,strategy_nearest,True,0.003916025161743164,success
04C32A3A9C4C80,2,['Casa Giulietta'],Santa Anastasia,"['AMO', 'Museo Conte', 'Palazzo della Ragione', 'Teatro Romano', 'Centro Fotografia']",Duomo,strategy_nearest,False,0.00467681884765625,success
04C3314A9C4C80,2,"['Casa Giulietta', 'Torre Lamberti']",Teatro Romano,"['Santa Anastasia', 'Duomo', 'AMO', 'Palazzo della Ragione', 'Museo Conte']",Giardino Giusti,strategy_nearest,False,0.0017600059509277344,success
04C3403A9C4C80,3,"['Arena', 'Duomo']",Teatro Romano,"['Santa Anastasia', 'AMO', 'Palazzo della Ragione', 'Museo Conte', 'Centro Fotografia']",Santa Anastasia,strategy_nearest,True,0.003271818161010742,success
04C3443A9C4C80,0,['San Fermo'],Arena,"['Verona Tour', 'Museo Lapidario', 'Museo Radio', 'Casa Giulietta', 'Sighseeing']",Casa Giulietta,strategy_nearest,True,0.005108833312988281,success
04C357429C4C80,3,"['Arena', 'Castelvecchio']",Santa Anastasia,"['AMO', 'Museo Conte', 'Palazzo della Ragione', 'Teatro Romano', 'Centro Fotografia']",Duomo,strategy_nearest,False,0.00479888916015625,success
04C353429C4C80,1,['Arena'],Casa Giulietta,"['Centro Fotografia', 'Sighseeing', 'Torre Lamberti', 'Museo Conte', 'Museo Radio']",Torre Lamberti,strategy_nearest,True,0.005530118942260742,success
04C370429C4C80,3,"['Arena', 'Torre Lamberti']",Santa Anastasia,"['AMO', 'Museo Conte', 'Palazzo della Ragione', 'Teatro Romano', 'Centro Fotografia']",Duomo,strategy_nearest,False,0.0017919540405273438,success
04C36B429C4C80,3,"['Arena', 'San Zeno']",Duomo,"['AMO', 'Museo Miniscalchi', 'Santa Anastasia', 'Teatro Romano', 'Palazzo della Ragione']",Torre Lamberti,strategy_nearest,False,0.0038967132568359375,success
04C3733A9C4C80,2,['Teatro Romano'],Santa Anastasia,"['AMO', 'Museo Conte', 'Palazzo della Ragione', 'Centro Fotografia', 'Duomo']",San Zeno,strategy_nearest,False,0.003571033477783203,success
04C372429C4C80,0,['San Zeno'],Torre Lamberti,"['Sighseeing', 'Centro Fotografia', 'Museo Conte', 'Casa Giulietta', 'Palazzo della Ragione']",Arena,strategy_nearest,False,0.0027980804443359375,success
04C3763A9C4C80,0,['Casa Giulietta'],Torre Lamberti,"['Sighseeing', 'Centro Fotografia', 'Museo Conte', 'Palazzo della Ragione', 'AMO']",Arena,strategy_nearest,False,0.002482891082763672,success
04C3824A9C4C80,0,['Arena'],Torre Lamberti,"['Sighseeing', 'Centro Fotografia', 'Museo Conte', 'Casa Giulietta', 'Palazzo della Ragione']",Casa Giulietta,strategy_nearest,True,0.0022058486938476562,success
04C37D4A9C4C80,1,"['Arena', 'Casa Giulietta']",Torre Lamberti,"['Sighseeing', 'Centro Fotografia', 'Museo Conte', 'Palazzo della Ragione', 'AMO']",Palazzo della Ragione,strategy_nearest,True,0.0025336742401123047,success
04C377429C4C80,0,['Arena'],Museo Lapidario,"['Verona Tour', 'Castelvecchio', 'Museo Radio', 'San Fermo', 'Casa Giulietta']",Castelvecchio,strategy_nearest,True,0.004796028137207031,success
04C37F3A9C4C80,1,['Arena'],Casa Giulietta,"['Centro Fotografia', 'Sighseeing', 'Torre Lamberti', 'Museo Conte', 'Museo Radio']",Palazzo della Ragione,strategy_nearest,False,0.0050220489501953125,success
04C3864A9C4C80,2,"['San Fermo', 'Casa Giulietta']",Torre Lamberti,"['Sighseeing', 'Centro Fotografia', 'Museo Conte', 'Palazzo della Ragione', 'AMO']",Santa Anastasia,strategy_nearest,False,0.002846956253051758,success
04C3873A9C4C80,0,['Duomo'],Torre Lamberti,"['Sighseeing', 'Centro Fotografia', 'Museo Conte', 'Casa Giulietta', 'Palazzo della Ragione']",Arena,strategy_nearest,False,0.002402067184448242,success
04C38B429C4C80,3,"['Arena', 'Casa Giulietta']",San Fermo,"['Museo Storia', 'Museo Radio', 'Centro Fotografia', 'Sighseeing', 'Torre Lamberti']",Santa Anastasia,strategy_nearest,False,0.003362894058227539,success
04C38E429C4C80,3,"['Arena', 'Museo Lapidario', 'Santa Anastasia']",Torre Lamberti,"['Sighseeing', 'Centro Fotografia', 'Museo Conte', 'Casa Giulietta', 'Palazzo della Ragione']",Teatro Romano,strategy_nearest,False,0.00409388542175293,success
04C38F4A9C4C80,3,"['Arena', 'Torre Lamberti']",Casa Giulietta,"['Centro Fotografia', 'Sighseeing', 'Museo Conte', 'Museo Radio', 'Palazzo della Ragione']",Santa Anastasia,strategy_nearest,False,0.0018820762634277344,success
04C39C429C4C80,2,['Duomo'],Casa Giulietta,"['Centro Fotografia', 'Sighseeing', 'Torre Lamberti', 'Museo Conte', 'Museo Radio']",Castelvecchio,strategy_nearest,False,0.0034830570220947266,success
04C38E4A9C4C80,0,['Arena'],Castelvecchio,"['Museo Lapidario', 'Verona Tour', 'Museo Radio', 'San Zeno', 'Sighseeing']",Casa Giulietta,strategy_nearest,False,0.003942728042602539,success
04C39D429C4C80,3,"['Arena', 'Torre Lamberti']",Casa Giulietta,"['Centro Fotografia', 'Sighseeing', 'Museo Conte', 'Museo Radio', 'Palazzo della Ragione']",Santa Anastasia,strategy_nearest,False,0.0021240711212158203,success
04C39D4A9C4C80,3,"['Arena', 'Casa Giulietta']",Torre Lamberti,"['Sighseeing', 'Centro Fotografia', 'Museo Conte', 'Palazzo della Ragione', 'AMO']",Santa Anastasia,strategy_nearest,False,0.0024182796478271484,success
04C39E429C4C80,3,['Arena'],Casa Giulietta,"['Centro Fotografia', 'Sighseeing', 'Torre Lamberti', 'Museo Conte', 'Museo Radio']",Santa Anastasia,strategy_nearest,False,0.0029449462890625,success
04C3A6429C4C80,1,['Arena'],Torre Lamberti,"['Sighseeing', 'Centro Fotografia', 'Museo Conte', 'Casa Giulietta', 'Palazzo della Ragione']",Palazzo della Ragione,strategy_nearest,True,0.0036191940307617188,success
04C3A0429C4C80,1,"['Arena', 'Casa Giulietta', 'Torre Lamberti']",Palazzo della Ragione,"['AMO', 'Museo Conte', 'Centro Fotografia', 'Sighseeing', 'Santa Anastasia']",Duomo,strategy_nearest,False,0.0032210350036621094,success
04C39F429C4C80,3,"['Tomba Giulietta', 'Arena']",Casa Giulietta,"['Centro Fotografia', 'Sighseeing', 'Torre Lamberti', 'Museo Conte', 'Museo Radio']",Santa Anastasia,strategy_nearest,False,0.0018520355224609375,success
04C3A1429C4C80,1,"['Arena', 'Museo Lapidario']",Castelvecchio,"['Verona Tour', 'Museo Radio', 'San Zeno', 'Sighseeing', 'Museo Miniscalchi']",Torre Lamberti,strategy_nearest,False,0.002504110336303711,success
04C3AE429C4C80,2,"['Teatro Romano', 'Duomo']",Santa Anastasia,"['AMO', 'Museo Conte', 'Palazzo della Ragione', 'Centro Fotografia', 'Torre Lamberti']",Torre Lamberti,strategy_nearest,True,0.003710031509399414,success
04C3AB3A9C4C80,0,['Arena'],Casa Giulietta,"['Centro Fotografia', 'Sighseeing', 'Torre Lamberti', 'Museo Conte', 'Museo Radio']",Castelvecchio,strategy_nearest,False,0.007344961166381836,success
04C3A64A9C4C80,0,['Torre Lamberti'],Casa Giulietta,"['Centro Fotografia', 'Sighseeing', 'Museo Conte', 'Museo Radio', 'Palazzo della Ragione']",Castelvecchio,strategy_nearest,False,0.001695871353149414,success
04C3A83A9C4C80,2,"['Torre Lamberti', 'Casa Giulietta']",Museo Lapidario,"['Verona Tour', 'Arena', 'Castelvecchio', 'Museo Radio', 'San Fermo']",San Zeno,strategy_nearest,False,0.00650787353515625,success
04C3AF429C4C80,3,"['Arena', 'Tomba Giulietta', 'Casa Giulietta']",Torre Lamberti,"['Sighseeing', 'Centro Fotografia', 'Museo Conte', 'Palazzo della Ragione', 'AMO']",Santa Anastasia,strategy_nearest,False,0.001980304718017578,success
04C3B83A9C4C80,3,"['Arena', 'Castelvecchio']",Torre Lamberti,"['Sighseeing', 'Centro Fotografia', 'Museo Conte', 'Casa Giulietta', 'Palazzo della Ragione']",Santa Anastasia,strategy_nearest,False,0.003323793411254883,success
04C3C23A9C4C80,0,['Arena'],Casa Giulietta,"['Centro Fotografia', 'Sighseeing', 'Torre Lamberti', 'Museo Conte', 'Museo Radio']",Teatro Romano,strategy_nearest,False,0.0035088062286376953,success
04C3B63A9C4C80,3,"['San Zeno', 'Castelvecchio']",Arena,"['Verona Tour', 'Museo Lapidario', 'Museo Radio', 'San Fermo', 'Casa Giulietta']",Torre Lamberti,strategy_nearest,False,0.002424001693725586,success
04C3D73A9C4C80,3,['Santa Anastasia'],San Zeno,"['Castelvecchio', 'Verona Tour', 'Museo Lapidario', 'Arena', 'Museo Miniscalchi']",Torre Lamberti,strategy_nearest,False,0.0017757415771484375,success
04C3C9429C4C80,0,['Arena'],Casa Giulietta,"['Centro Fotografia', 'Sighseeing', 'Torre Lamberti', 'Museo Conte', 'Museo Radio']",Duomo,strategy_nearest,False,0.002483844757080078,success
04C3D03A9C4C80,0,['Arena'],Teatro Romano,"['Santa Anastasia', 'Duomo', 'AMO', 'Palazzo della Ragione', 'Museo Conte']",San Fermo,strategy_nearest,False,0.0032079219818115234,success
04C3F83A9C4C80,3,"['Arena', 'Casa Giulietta']",Torre Lamberti,"['Sighseeing', 'Centro Fotografia', 'Museo Conte', 'Palazzo della Ragione', 'AMO']",Santa Anastasia,strategy_nearest,False,0.0026569366455078125,success
04C3D83A9C4C80,1,"['Arena', 'Casa Giulietta']",Torre Lamberti,"['Sighseeing', 'Centro Fotografia', 'Museo Conte', 'Palazzo della Ragione', 'AMO']",Palazzo della Ragione,strategy_nearest,True,0.003952980041503906,success
04C40B429C4C84,2,['Torre Lamberti'],Santa Anastasia,"['AMO', 'Museo Conte', 'Palazzo della Ragione', 'Teatro Romano', 'Centro Fotografia']",Duomo,strategy_nearest,False,0.0027620792388916016,success
04C40C4A9C4C80,2,['Santa Anastasia'],San Zeno,"['Castelvecchio', 'Verona Tour', 'Museo Lapidario', 'Arena', 'Museo Miniscalchi']",Duomo,strategy_nearest,False,0.0026051998138427734,success
04C40F429C4C84,3,"['Arena', 'Castelvecchio']",Casa Giulietta,"['Centro Fotografia', 'Sighseeing', 'Torre Lamberti', 'Museo Conte', 'Museo Radio']",Torre Lamberti,strategy_nearest,True,0.0025589466094970703,success
04C413429C4C84,1,"['Arena', 'Torre Lamberti', 'Palazzo della Ragione', 'Museo Lapidario']",Castelvecchio,"['Verona Tour', 'Museo Radio', 'San Zeno', 'Sighseeing', 'Museo Miniscalchi']",San Fermo,strategy_nearest,False,0.001728057861328125,success
04C4163A9C4C80,3,"['Arena', 'Casa Giulietta']",Torre Lamberti,"['Sighseeing', 'Centro Fotografia', 'Museo Conte', 'Palazzo della Ragione', 'AMO']",Santa Anastasia,strategy_nearest,False,0.003133058547973633,success
04C41E429C4C84,2,"['Museo Lapidario', 'Castelvecchio', 'Torre Lamberti']",Casa Giulietta,"['Centro Fotografia', 'Sighseeing', 'Museo Conte', 'Museo Radio', 'Palazzo della Ragione']",San Fermo,strategy_nearest,False,0.002025127410888672,success
04C420429C4C80,0,['Arena'],Torre Lamberti,"['Sighseeing', 'Centro Fotografia', 'Museo Conte', 'Casa Giulietta', 'Palazzo della Ragione']",Casa Giulietta,strategy_nearest,True,0.0036160945892333984,success
04C41A429C4C80,2,['Santa Anastasia'],San Fermo,"['Museo Storia', 'Museo Radio', 'Casa Giulietta', 'Centro Fotografia', 'Arena']",Museo Storia,strategy_nearest,True,0.003087282180786133,success
04C429429C4C80,2,['Santa Anastasia'],Castelvecchio,"['Museo Lapidario', 'Verona Tour', 'Arena', 'Museo Radio', 'San Zeno']",Duomo,strategy_nearest,False,0.0038199424743652344,success
04C4274A9C4C80,3,['Arena'],Giardino Giusti,"['Santa Anastasia', 'Teatro Romano', 'Museo Conte', 'Centro Fotografia', 'Museo Storia']",Teatro Romano,strategy_nearest,True,0.00434422492980957,success
04C42A429C4C80,2,['San Fermo'],Casa Giulietta,"['Centro Fotografia', 'Sighseeing', 'Torre Lamberti', 'Museo Conte', 'Museo Radio']",Duomo,strategy_nearest,False,0.0016140937805175781,success
04C438429C4C80,1,"['Castelvecchio', 'Duomo', 'Teatro Romano']",Santa Anastasia,"['AMO', 'Museo Conte', 'Palazzo della Ragione', 'Centro Fotografia', 'Torre Lamberti']",Arena,strategy_nearest,False,0.0037779808044433594,success
04C43E429C4C80,2,"['Casa Giulietta', 'Torre Lamberti']",Duomo,"['AMO', 'Museo Miniscalchi', 'Santa Anastasia', 'Teatro Romano', 'Palazzo della Ragione']",Santa Anastasia,strategy_nearest,True,0.0065882205963134766,success
04C42E429C4C80,1,"['Torre Lamberti', 'Palazzo della Ragione', 'Casa Giulietta', 'San Fermo']",Teatro Romano,"['Santa Anastasia', 'Duomo', 'AMO', 'Museo Conte', 'Centro Fotografia']",Santa Anastasia,strategy_nearest,True,0.0030989646911621094,success
04C43F429C4C80,2,"['Teatro Romano', 'Duomo']",Santa Anastasia,"['AMO', 'Museo Conte', 'Palazzo della Ragione', 'Centro Fotografia', 'Torre Lamberti']",Castelvecchio,strategy_nearest,False,0.0064678192138671875,success
04C44D429C4C80,0,['Castelvecchio'],Arena,"['Verona Tour', 'Museo Lapidario', 'Museo Radio', 'San Fermo', 'Casa Giulietta']",Santa Anastasia,strategy_nearest,False,0.002415895462036133,success
04C44F3A9C4C80,1,['Arena'],Casa Giulietta,"['Centro Fotografia', 'Sighseeing', 'Torre Lamberti', 'Museo Conte', 'Museo Radio']",Torre Lamberti,strategy_nearest,True,0.0029540061950683594,success
04C472429C4C80,0,"['Arena', 'Torre Lamberti']",Castelvecchio,"['Museo Lapidario', 'Verona Tour', 'Museo Radio', 'San Zeno', 'Sighseeing']",San Fermo,strategy_nearest,False,0.00321197509765625,success
04C46F3A9C4C80,2,"['Teatro Romano', 'Giardino Giusti']",Duomo,"['AMO', 'Museo Miniscalchi', 'Santa Anastasia', 'Palazzo della Ragione', 'Museo Conte']",Castelvecchio,strategy_nearest,False,0.0016367435455322266,success
04C4753A9C4C80,2,['Casa Giulietta'],Duomo,"['AMO', 'Museo Miniscalchi', 'Santa Anastasia', 'Teatro Romano', 'Palazzo della Ragione']",Giardino Giusti,strategy_nearest,False,0.003242969512939453,success
04C476429C4C80,3,['Arena'],Casa Giulietta,"['Centro Fotografia', 'Sighseeing', 'Torre Lamberti', 'Museo Conte', 'Museo Radio']",Santa Anastasia,strategy_nearest,False,0.0020170211791992188,success
04C47D3A9C4C80,3,['Arena'],San Fermo,"['Museo Storia', 'Museo Radio', 'Casa Giulietta', 'Centro Fotografia', 'Sighseeing']",Duomo,strategy_nearest,False,0.002978086471557617,success
04C4794A9C4C80,3,['Arena'],Casa Giulietta,"['Centro Fotografia', 'Sighseeing', 'Torre Lamberti', 'Museo Conte', 'Museo Radio']",Santa Anastasia,strategy_nearest,False,0.004266023635864258,success
04C47D4A9C4C80,1,"['Arena', 'Casa Giulietta']",Torre Lamberti,"['Sighseeing', 'Centro Fotografia', 'Museo Conte', 'Palazzo della Ragione', 'AMO']",Palazzo della Ragione,strategy_nearest,True,0.003912210464477539,success
04C4824A9C4C80,1,"['Arena', 'Casa Giulietta']",Torre Lamberti,"['Sighseeing', 'Centro Fotografia', 'Museo Conte', 'Palazzo della Ragione', 'AMO']",Palazzo della Ragione,strategy_nearest,True,0.002628803253173828,success
04C4884A9C4C80,3,"['Castelvecchio', 'Casa Giulietta', 'San Zeno']",Teatro Romano,"['Santa Anastasia', 'Duomo', 'AMO', 'Palazzo della Ragione', 'Museo Conte']",Arena,strategy_nearest,False,0.002104043960571289,success
04C4844A9C4C80,3,['Arena'],Casa Giulietta,"['Centro Fotografia', 'Sighseeing', 'Torre Lamberti', 'Museo Conte', 'Museo Radio']",Santa Anastasia,strategy_nearest,False,0.002415895462036133,success
04C48E4A9C4C80,0,['Arena'],Castelvecchio,"['Museo Lapidario', 'Verona Tour', 'Museo Radio', 'San Zeno', 'Sighseeing']",Casa Giulietta,strategy_nearest,False,0.0037813186645507812,success
04C48D3A9C4C80,1,['Arena'],Casa Giulietta,"['Centro Fotografia', 'Sighseeing', 'Torre Lamberti', 'Museo Conte', 'Museo Radio']",Castelvecchio,strategy_nearest,False,0.007854938507080078,success
04C4863A9C4C80,2,['Casa Giulietta'],Santa Anastasia,"['AMO', 'Museo Conte', 'Palazzo della Ragione', 'Teatro Romano', 'Centro Fotografia']",Duomo,strategy_nearest,False,0.0042302608489990234,success
04C499429C4C80,3,"['Castelvecchio', 'Arena']",Torre Lamberti,"['Sighseeing', 'Centro Fotografia', 'Museo Conte', 'Casa Giulietta', 'Palazzo della Ragione']",Santa Anastasia,strategy_nearest,False,0.002290964126586914,success
04C4994A9C4C80,0,['Arena'],Casa Giulietta,"['Centro Fotografia', 'Sighseeing', 'Torre Lamberti', 'Museo Conte', 'Museo Radio']",Duomo,strategy_nearest,False,0.0038831233978271484,success
04C49A4A9C4C80,2,['Torre Lamberti'],Casa Giulietta,"['Centro Fotografia', 'Sighseeing', 'Museo Conte', 'Museo Radio', 'Palazzo della Ragione']",San Fermo,strategy_nearest,False,0.004948139190673828,success
04C49D429C4C80,1,['Arena'],Casa Giulietta,"['Centro Fotografia', 'Sighseeing', 'Torre Lamberti', 'Museo Conte', 'Museo Radio']",Torre Lamberti,strategy_nearest,True,0.0058269500732421875,success
04C49E429C4C80,3,['Casa Giulietta'],Arena,"['Verona Tour', 'Museo Lapidario', 'Museo Radio', 'San Fermo', 'Sighseeing']",Santa Anastasia,strategy_nearest,False,0.0023093223571777344,success
04C4A04A9C4C80,0,"['Teatro Romano', 'Torre Lamberti']",Casa Giulietta,"['Centro Fotografia', 'Sighseeing', 'Museo Conte', 'Museo Radio', 'Palazzo della Ragione']",Arena,strategy_nearest,False,0.003596782684326172,success
04C4A73A9C4C80,1,"['Museo Lapidario', 'Arena', 'Torre Lamberti', 'Palazzo della Ragione']",Santa Anastasia,"['AMO', 'Museo Conte', 'Teatro Romano', 'Centro Fotografia', 'Duomo']",Teatro Romano,strategy_nearest,True,0.0025207996368408203,success
04C4A34A9C4C80,3,['Duomo'],Torre Lamberti,"['Sighseeing', 'Centro Fotografia', 'Museo Conte', 'Casa Giulietta', 'Palazzo della Ragione']",Arena,strategy_nearest,False,0.005321025848388672,success
04C4A74A9C4C80,3,"['Arena', 'Casa Giulietta']",Santa Anastasia,"['AMO', 'Museo Conte', 'Palazzo della Ragione', 'Teatro Romano', 'Centro Fotografia']",San Zeno,strategy_nearest,False,0.005159139633178711,success
04C4B0429C4C80,0,['Arena'],Casa Giulietta,"['Centro Fotografia', 'Sighseeing', 'Torre Lamberti', 'Museo Conte', 'Museo Radio']",Duomo,strategy_nearest,False,0.00397491455078125,success
04C4BD3A9C4C80,0,['Arena'],Torre Lamberti,"['Sighseeing', 'Centro Fotografia', 'Museo Conte', 'Casa Giulietta', 'Palazzo della Ragione']",San Fermo,strategy_nearest,False,0.0031957626342773438,success
04C4AF429C4C80,0,['Castelvecchio'],Arena,"['Verona Tour', 'Museo Lapidario', 'Museo Radio', 'San Fermo', 'Casa Giulietta']",Casa Giulietta,strategy_nearest,True,0.004494905471801758,success
04C4C63A9C4C80,2,['Castelvecchio'],Torre Lamberti,"['Sighseeing', 'Centro Fotografia', 'Museo Conte', 'Casa Giulietta', 'Palazzo della Ragione']",Santa Anastasia,strategy_nearest,False,0.001878976821899414,success
04C4C5429C4C80,2,['Casa Giulietta'],Giardino Giusti,"['Santa Anastasia', 'Teatro Romano', 'Museo Conte', 'Centro Fotografia', 'Museo Storia']",Teatro Romano,strategy_nearest,True,0.002699136734008789,success
04C4CC3A9C4C80,6,['Arena'],Casa Giulietta,"['Centro Fotografia', 'Sighseeing', 'Torre Lamberti', 'Museo Conte', 'Museo Radio']",Verona Tour,strategy_nearest,False,0.0021948814392089844,success
04C4CD3A9C4C80,1,"['Teatro Romano', 'Santa Anastasia', 'Casa Giulietta']",Arena,"['Verona Tour', 'Museo Lapidario', 'Museo Radio', 'San Fermo', 'Sighseeing']",Torre Lamberti,strategy_nearest,False,0.002835988998413086,success
04C4D03A9C4C80,2,['Santa Anastasia'],Torre Lamberti,"['Sighseeing', 'Centro Fotografia', 'Museo Conte', 'Casa Giulietta', 'Palazzo della Ragione']",Castelvecchio,strategy_nearest,False,0.002006053924560547,success
04C4D23A9C4C80,0,['Santa Anastasia'],Casa Giulietta,"['Centro Fotografia', 'Sighseeing', 'Torre Lamberti', 'Museo Conte', 'Museo Radio']",Arena,strategy_nearest,False,0.003245115280151367,success
04C4D63A9C4C80,2,['Casa Giulietta'],Santa Anastasia,"['AMO', 'Museo Conte', 'Palazzo della Ragione', 'Teatro Romano', 'Centro Fotografia']",Torre Lamberti,strategy_nearest,False,0.0028307437896728516,success
04C4F7429C4C80,3,"['Arena', 'Castelvecchio', 'San Zeno', 'Casa Giulietta']",Torre Lamberti,"['Sighseeing', 'Centro Fotografia', 'Museo Conte', 'Palazzo della Ragione', 'AMO']",Santa Anastasia,strategy_nearest,False,0.0029931068420410156,success
04C4F93A9C4C80,2,['Casa Giulietta'],Palazzo della Ragione,"['AMO', 'Museo Conte', 'Torre Lamberti', 'Centro Fotografia', 'Sighseeing']",Torre Lamberti,strategy_nearest,True,0.0031108856201171875,success
04C50B429C4C84,2,"['Castelvecchio', 'Torre Lamberti']",Casa Giulietta,"['Centro Fotografia', 'Sighseeing', 'Museo Conte', 'Museo Radio', 'Palazzo della Ragione']",Teatro Romano,strategy_nearest,False,0.003092050552368164,success
04C5124A9C4C80,3,"['Arena', 'San Zeno']",Casa Giulietta,"['Centro Fotografia', 'Sighseeing', 'Torre Lamberti', 'Museo Conte', 'Museo Radio']",Torre Lamberti,strategy_nearest,True,0.003916025161743164,success
04C5193A9C4C80,0,['Arena'],Casa Giulietta,"['Centro Fotografia', 'Sighseeing', 'Torre Lamberti', 'Museo Conte', 'Museo Radio']",Torre Lamberti,strategy_nearest,True,0.0038530826568603516,success
04C51E429C4C84,2,"['San Fermo', 'Casa Giulietta']",Torre Lamberti,"['Sighseeing', 'Centro Fotografia', 'Museo Conte', 'Palazzo della Ragione', 'AMO']",Palazzo della Ragione,strategy_nearest,True,0.003055095672607422,success
04C517429C4C84,3,"['Santa Anastasia', 'Arena', 'Castelvecchio']",Teatro Romano,"['Duomo', 'AMO', 'Palazzo della Ragione', 'Museo Conte', 'Centro Fotografia']",Museo Storia,strategy_nearest,False,0.0026068687438964844,success
04C5153A9C4C84,1,['Castelvecchio'],Arena,"['Verona Tour', 'Museo Lapidario', 'Museo Radio', 'San Fermo', 'Casa Giulietta']",Palazzo della Ragione,strategy_nearest,False,0.002021312713623047,success
04C520429C4C84,1,"['Palazzo della Ragione', 'Casa Giulietta']",Arena,"['Verona Tour', 'Museo Lapidario', 'Museo Radio', 'San Fermo', 'Sighseeing']",Castelvecchio,strategy_nearest,False,0.002425670623779297,success
04C524429C4C84,0,['Arena'],Casa Giulietta,"['Centro Fotografia', 'Sighseeing', 'Torre Lamberti', 'Museo Conte', 'Museo Radio']",Santa Anastasia,strategy_nearest,False,0.0029709339141845703,success
04C52C429C4C80,3,"['Arena', 'Castelvecchio', 'San Zeno']",Casa Giulietta,"['Centro Fotografia', 'Sighseeing', 'Torre Lamberti', 'Museo Conte', 'Museo Radio']",Torre Lamberti,strategy_nearest,True,0.0013797283172607422,success
04C52D429C4C80,2,"['Castelvecchio', 'San Zeno']",Teatro Romano,"['Santa Anastasia', 'Duomo', 'AMO', 'Palazzo della Ragione', 'Museo Conte']",Torre Lamberti,strategy_nearest,False,0.0037369728088378906,success
04C5403A9C4C80,3,"['Arena', 'Casa Giulietta']",Torre Lamberti,"['Sighseeing', 'Centro Fotografia', 'Museo Conte', 'Palazzo della Ragione', 'AMO']",Teatro Romano,strategy_nearest,False,0.0035440921783447266,success
04C5394A9C4C80,0,"['Teatro Romano', 'Casa Giulietta', 'Torre Lamberti']",Arena,"['Verona Tour', 'Museo Lapidario', 'Museo Radio', 'San Fermo', 'Sighseeing']",Castelvecchio,strategy_nearest,False,0.0029587745666503906,success
04C5443A9C4C80,0,['Arena'],Torre Lamberti,"['Sighseeing', 'Centro Fotografia', 'Museo Conte', 'Casa Giulietta', 'Palazzo della Ragione']",Casa Giulietta,strategy_nearest,True,0.004169940948486328,success
04C5453A9C4C80,0,['Arena'],Teatro Romano,"['Santa Anastasia', 'Duomo', 'AMO', 'Palazzo della Ragione', 'Museo Conte']",Casa Giulietta,strategy_nearest,False,0.0020279884338378906,success
04C546429C4C80,1,"['Casa Giulietta', 'San Fermo']",Palazzo della Ragione,"['AMO', 'Museo Conte', 'Torre Lamberti', 'Centro Fotografia', 'Sighseeing']",Arena,strategy_nearest,False,0.0032541751861572266,success
04C552429C4C80,1,"['Castelvecchio', 'Torre Lamberti', 'Palazzo della Ragione', 'Casa Giulietta']",Tomba Giulietta,"['San Fermo', 'Museo Storia', 'Arena', 'Museo Lapidario', 'Museo Radio']",Arena,strategy_nearest,True,0.0015957355499267578,success
04C5513A9C4C80,3,"['Arena', 'Casa Giulietta']",Santa Anastasia,"['AMO', 'Museo Conte', 'Palazzo della Ragione', 'Teatro Romano', 'Centro Fotografia']",Duomo,strategy_nearest,False,0.002256155014038086,success
04C555429C4C80,3,"['Arena', 'Museo Lapidario', 'Castelvecchio']",Santa Anastasia,"['AMO', 'Museo Conte', 'Palazzo della Ragione', 'Teatro Romano', 'Centro Fotografia']",Duomo,strategy_nearest,False,0.0029218196868896484,success
04C557429C4C80,1,"['Arena', 'Casa Giulietta']",Santa Anastasia,"['AMO', 'Museo Conte', 'Palazzo della Ragione', 'Teatro Romano', 'Centro Fotografia']",Castelvecchio,strategy_nearest,False,0.0016689300537109375,success
04C5583A9C4C80,1,"['Palazzo della Ragione', 'Torre Lamberti', 'Casa Giulietta']",Teatro Romano,"['Santa Anastasia', 'Duomo', 'AMO', 'Museo Conte', 'Centro Fotografia']",Arena,strategy_nearest,False,0.0023071765899658203,success
04C569429C4C80,0,['Arena'],Torre Lamberti,"['Sighseeing', 'Centro Fotografia', 'Museo Conte', 'Casa Giulietta', 'Palazzo della Ragione']",Casa Giulietta,strategy_nearest,True,0.003428936004638672,success
04C566429C4C80,0,['Arena'],Casa Giulietta,"['Centro Fotografia', 'Sighseeing', 'Torre Lamberti', 'Museo Conte', 'Museo Radio']",Torre Lamberti,strategy_nearest,True,0.0028650760650634766,success
04C5743A9C4C80,2,"['Tomba Giulietta', 'Casa Giulietta', 'Torre Lamberti']",Castelvecchio,"['Museo Lapidario', 'Verona Tour', 'Arena', 'Museo Radio', 'San Zeno']",Torre Lamberti,strategy_nearest,False,0.0032639503479003906,success
04C574429C4C80,0,['Arena'],Teatro Romano,"['Santa Anastasia', 'Duomo', 'AMO', 'Palazzo della Ragione', 'Museo Conte']",San Zeno,strategy_nearest,False,0.0018477439880371094,success
04C5793A9C4C80,0,"['Teatro Romano', 'Giardino Giusti']",Castelvecchio,"['Museo Lapidario', 'Verona Tour', 'Arena', 'Museo Radio', 'San Zeno']",Arena,strategy_nearest,True,0.0026068687438964844,success
04C57A429C4C80,1,"['Arena', 'Casa Giulietta']",Torre Lamberti,"['Sighseeing', 'Centro Fotografia', 'Museo Conte', 'Palazzo della Ragione', 'AMO']",Palazzo della Ragione,strategy_nearest,True,0.003619670867919922,success
04C57C4A9C4C80,0,['Arena'],Torre Lamberti,"['Sighseeing', 'Centro Fotografia', 'Museo Conte', 'Casa Giulietta', 'Palazzo della Ragione']",Casa Giulietta,strategy_nearest,True,0.0025811195373535156,success
04C5804A9C4C80,3,"['Arena', 'Santa Anastasia']",Duomo,"['AMO', 'Museo Miniscalchi', 'Teatro Romano', 'Palazzo della Ragione', 'Museo Conte']",Torre Lamberti,strategy_nearest,False,0.0026009082794189453,success
04C58D4A9C4C80,2,['Casa Giulietta'],Torre Lamberti,"['Sighseeing', 'Centro Fotografia', 'Museo Conte', 'Palazzo della Ragione', 'AMO']",Santa Anastasia,strategy_nearest,False,0.0022797584533691406,success
04C5844A9C4C80,3,['Arena'],Santa Anastasia,"['AMO', 'Museo Conte', 'Palazzo della Ragione', 'Teatro Romano', 'Centro Fotografia']",Duomo,strategy_nearest,False,0.0033981800079345703,success
04C58B4A9C4C80,0,['Arena'],Castelvecchio,"['Museo Lapidario', 'Verona Tour', 'Museo Radio', 'San Zeno', 'Sighseeing']",Castelvecchio,strategy_nearest,False,0.0038709640502929688,success
04C593429C4C80,3,"['Arena', 'Casa Giulietta']",Torre Lamberti,"['Sighseeing', 'Centro Fotografia', 'Museo Conte', 'Palazzo della Ragione', 'AMO']",Santa Anastasia,strategy_nearest,False,0.0028989315032958984,success
04C5924A9C4C80,3,"['Arena', 'Castelvecchio']",San Zeno,"['Verona Tour', 'Museo Lapidario', 'Museo Miniscalchi', 'Sighseeing', 'Museo Radio']",Santa Anastasia,strategy_nearest,False,0.003045320510864258,success
04C598429C4C80,0,['Arena'],Museo Lapidario,"['Verona Tour', 'Castelvecchio', 'Museo Radio', 'San Fermo', 'Casa Giulietta']",Teatro Romano,strategy_nearest,False,0.0033998489379882812,success
04C592429C4C80,1,"['Arena', 'Casa Giulietta']",Palazzo della Ragione,"['AMO', 'Museo Conte', 'Torre Lamberti', 'Centro Fotografia', 'Sighseeing']",Torre Lamberti,strategy_nearest,True,0.002443075180053711,success
04C59C429C4C80,0,['Arena'],Casa Giulietta,"['Centro Fotografia', 'Sighseeing', 'Torre Lamberti', 'Museo Conte', 'Museo Radio']",Torre Lamberti,strategy_nearest,True,0.0022368431091308594,success
04C5984A9C4C80,3,"['Arena', 'San Fermo']",Casa Giulietta,"['Centro Fotografia', 'Sighseeing', 'Torre Lamberti', 'Museo Conte', 'Museo Radio']",Torre Lamberti,strategy_nearest,True,0.0014829635620117188,success
04C5994A9C4C80,0,['Arena'],Casa Giulietta,"['Centro Fotografia', 'Sighseeing', 'Torre Lamberti', 'Museo Conte', 'Museo Radio']",Santa Anastasia,strategy_nearest,False,0.0036711692810058594,success
04C59F4A9C4C80,3,"['Duomo', 'Santa Anastasia']",Torre Lamberti,"['Sighseeing', 'Centro Fotografia', 'Museo Conte', 'Casa Giulietta', 'Palazzo della Ragione']",Casa Giulietta,strategy_nearest,True,0.0027718544006347656,success
04C5A0429C4C80,0,['Arena'],Castelvecchio,"['Museo Lapidario', 'Verona Tour', 'Museo Radio', 'San Zeno', 'Sighseeing']",Torre Lamberti,strategy_nearest,False,0.004029989242553711,success
04C5A2429C4C80,1,"['Arena', 'Museo Lapidario']",Palazzo della Ragione,"['AMO', 'Museo Conte', 'Torre Lamberti', 'Centro Fotografia', 'Sighseeing']",Torre Lamberti,strategy_nearest,True,0.0020258426666259766,success
04C5AB4A9C4C80,0,"['San Zeno', 'Castelvecchio']",Arena,"['Verona Tour', 'Museo Lapidario', 'Museo Radio', 'San Fermo', 'Casa Giulietta']",Casa Giulietta,strategy_nearest,True,0.0020329952239990234,success
04C5AD429C4C80,3,"['Santa Anastasia', 'San Zeno']",Arena,"['Verona Tour', 'Museo Lapidario', 'Museo Radio', 'San Fermo', 'Casa Giulietta']",Tomba Giulietta,strategy_nearest,False,0.0032799243927001953,success
04C5B0429C4C80,1,"['Arena', 'Castelvecchio']",Palazzo della Ragione,"['AMO', 'Museo Conte', 'Torre Lamberti', 'Centro Fotografia', 'Sighseeing']",Torre Lamberti,strategy_nearest,True,0.0020322799682617188,success
04C5BE429C4C80,1,"['Arena', 'Torre Lamberti', 'Palazzo della Ragione']",Casa Giulietta,"['Centro Fotografia', 'Sighseeing', 'Museo Conte', 'Museo Radio', 'San Fermo']",Santa Anastasia,strategy_nearest,False,0.002714872360229492,success
04C5BA429C4C80,0,"['Arena', 'Castelvecchio']",Casa Giulietta,"['Centro Fotografia', 'Sighseeing', 'Torre Lamberti', 'Museo Conte', 'Museo Radio']",Tomba Giulietta,strategy_nearest,False,0.0019838809967041016,success
04C5B53A9C4C80,0,['San Zeno'],Arena,"['Verona Tour', 'Museo Lapidario', 'Museo Radio', 'San Fermo', 'Casa Giulietta']",Castelvecchio,strategy_nearest,False,0.0047380924224853516,success
04C5E83A9C4C80,1,['Arena'],Casa Giulietta,"['Centro Fotografia', 'Sighseeing', 'Torre Lamberti', 'Museo Conte', 'Museo Radio']",Santa Anastasia,strategy_nearest,False,0.002788066864013672,success
04C5E43A9C4C80,1,"['Arena', 'Casa Giulietta', 'Torre Lamberti']",Palazzo della Ragione,"['AMO', 'Museo Conte', 'Centro Fotografia', 'Sighseeing', 'Santa Anastasia']",San Fermo,strategy_nearest,False,0.002347707748413086,success
04C5CF429C4C80,3,"['Castelvecchio', 'Teatro Romano']",San Fermo,"['Museo Storia', 'Museo Radio', 'Casa Giulietta', 'Centro Fotografia', 'Arena']",Casa Giulietta,strategy_nearest,True,0.0062808990478515625,success
04C5DF3A9C4C80,2,"['Castelvecchio', 'Palazzo della Ragione']",Torre Lamberti,"['Sighseeing', 'Centro Fotografia', 'Museo Conte', 'Casa Giulietta', 'AMO']",Santa Anastasia,strategy_nearest,False,0.004903316497802734,success
04C5EB3A9C4C80,3,['Arena'],Castelvecchio,"['Museo Lapidario', 'Verona Tour', 'Museo Radio', 'San Zeno', 'Sighseeing']",Santa Anastasia,strategy_nearest,False,0.002599000930786133,success
04C5F6429C4C80,2,"['Torre Lamberti', 'San Fermo']",Casa Giulietta,"['Centro Fotografia', 'Sighseeing', 'Museo Conte', 'Museo Radio', 'Palazzo della Ragione']",Teatro Romano,strategy_nearest,False,0.0014128684997558594,success
04C6013A9C4C84,0,['Arena'],Casa Giulietta,"['Centro Fotografia', 'Sighseeing', 'Torre Lamberti', 'Museo Conte', 'Museo Radio']",Torre Lamberti,strategy_nearest,True,0.004106044769287109,success
04C5FE3A9C4C80,0,['Arena'],Castelvecchio,"['Museo Lapidario', 'Verona Tour', 'Museo Radio', 'San Zeno', 'Sighseeing']",Casa Giulietta,strategy_nearest,False,0.003506183624267578,success
04C610429C4C84,0,['Casa Giulietta'],Torre Lamberti,"['Sighseeing', 'Centro Fotografia', 'Museo Conte', 'Palazzo della Ragione', 'AMO']",Arena,strategy_nearest,False,0.0014882087707519531,success
04C608429C4C84,2,['Santa Anastasia'],Duomo,"['AMO', 'Museo Miniscalchi', 'Teatro Romano', 'Palazzo della Ragione', 'Museo Conte']",San Zeno,strategy_nearest,False,0.003885984420776367,success
04C609429C4C84,3,"['Tomba Giulietta', 'San Zeno', 'Castelvecchio', 'Museo Lapidario']",Arena,"['Verona Tour', 'Museo Radio', 'San Fermo', 'Casa Giulietta', 'Sighseeing']",Casa Giulietta,strategy_nearest,True,0.0023488998413085938,success
04C6114A9C4C80,0,"['Arena', 'Casa Giulietta']",Torre Lamberti,"['Sighseeing', 'Centro Fotografia', 'Museo Conte', 'Palazzo della Ragione', 'AMO']",Castelvecchio,strategy_nearest,False,0.0032901763916015625,success
04C613429C4C80,1,"['Arena', 'Museo Lapidario', 'Castelvecchio', 'Torre Lamberti', 'Palazzo della Ragione']",Casa Giulietta,"['Centro Fotografia', 'Sighseeing', 'Museo Conte', 'Museo Radio', 'San Fermo']",San Zeno,strategy_nearest,False,0.002093076705932617,success
04C619429C4C84,2,"['Torre Lamberti', 'Palazzo della Ragione']",Casa Giulietta,"['Centro Fotografia', 'Sighseeing', 'Museo Conte', 'Museo Radio', 'San Fermo']",San Fermo,strategy_nearest,True,0.003271341323852539,success
04C617429C4C84,0,"['Arena', 'Torre Lamberti']",Casa Giulietta,"['Centro Fotografia', 'Sighseeing', 'Museo Conte', 'Museo Radio', 'Palazzo della Ragione']",Tomba Giulietta,strategy_nearest,False,0.004266977310180664,success
04C6143A9C4C84,1,"['Castelvecchio', 'Casa Giulietta']",Torre Lamberti,"['Sighseeing', 'Centro Fotografia', 'Museo Conte', 'Palazzo della Ragione', 'AMO']",Palazzo della Ragione,strategy_nearest,True,0.0030138492584228516,success
04C6203A9C4C80,3,"['Arena', 'San Fermo']",Torre Lamberti,"['Sighseeing', 'Centro Fotografia', 'Museo Conte', 'Casa Giulietta', 'Palazzo della Ragione']",Santa Anastasia,strategy_nearest,False,0.005054950714111328,success
04C621429C4C80,1,"['Arena', 'San Fermo']",Castelvecchio,"['Museo Lapidario', 'Verona Tour', 'Museo Radio', 'San Zeno', 'Sighseeing']",Santa Anastasia,strategy_nearest,False,0.0019178390502929688,success
04C623429C4C84,0,['Arena'],Casa Giulietta,"['Centro Fotografia', 'Sighseeing', 'Torre Lamberti', 'Museo Conte', 'Museo Radio']",Santa Anastasia,strategy_nearest,False,0.003448009490966797,success
04C624429C4C84,3,"['Arena', 'Casa Giulietta']",Torre Lamberti,"['Sighseeing', 'Centro Fotografia', 'Museo Conte', 'Palazzo della Ragione', 'AMO']",Santa Anastasia,strategy_nearest,False,0.002260923385620117,success
04C6263A9C4C84,3,"['Arena', 'Casa Giulietta']",San Fermo,"['Museo Storia', 'Museo Radio', 'Centro Fotografia', 'Sighseeing', 'Torre Lamberti']",Duomo,strategy_nearest,False,0.002088308334350586,success
04C625429C4C84,1,"['Casa Giulietta', 'Palazzo della Ragione']",Santa Anastasia,"['AMO', 'Museo Conte', 'Teatro Romano', 'Centro Fotografia', 'Duomo']",Castelvecchio,strategy_nearest,False,0.0040740966796875,success
04C62C429C4C80,3,"['Arena', 'Castelvecchio', 'San Zeno']",Casa Giulietta,"['Centro Fotografia', 'Sighseeing', 'Torre Lamberti', 'Museo Conte', 'Museo Radio']",Torre Lamberti,strategy_nearest,True,0.0027141571044921875,success
04C62D3A9C4C80,3,['Arena'],Castelvecchio,"['Museo Lapidario', 'Verona Tour', 'Museo Radio', 'San Zeno', 'Sighseeing']",Duomo,strategy_nearest,False,0.002830028533935547,success
04C62F3A9C4C80,3,"['Castelvecchio', 'Arena', 'San Fermo']",Museo Storia,"['Museo Radio', 'Casa Giulietta', 'Centro Fotografia', 'Tomba Giulietta', 'Torre Lamberti']",Tomba Giulietta,strategy_nearest,True,0.002878904342651367,success
04C6333A9C4C80,0,['Arena'],Casa Giulietta,"['Centro Fotografia', 'Sighseeing', 'Torre Lamberti', 'Museo Conte', 'Museo Radio']",Arena,strategy_nearest,False,0.003055095672607422,success
04C633429C4C80,0,['Arena'],Casa Giulietta,"['Centro Fotografia', 'Sighseeing', 'Torre Lamberti', 'Museo Conte', 'Museo Radio']",Torre Lamberti,strategy_nearest,True,0.0038650035858154297,success
04C6393A9C4C80,2,['Santa Anastasia'],Duomo,"['AMO', 'Museo Miniscalchi', 'Teatro Romano', 'Palazzo della Ragione', 'Museo Conte']",Castelvecchio,strategy_nearest,False,0.0028569698333740234,success
04C63A3A9C4C80,3,"['Santa Anastasia', 'Torre Lamberti', 'Casa Giulietta']",Arena,"['Verona Tour', 'Museo Lapidario', 'Museo Radio', 'San Fermo', 'Sighseeing']",Tomba Giulietta,strategy_nearest,False,0.003730297088623047,success
04C63B3A9C4C80,2,"['Teatro Romano', 'Torre Lamberti']",Palazzo della Ragione,"['AMO', 'Museo Conte', 'Centro Fotografia', 'Sighseeing', 'Santa Anastasia']",Castelvecchio,strategy_nearest,False,0.004160881042480469,success
04C64A429C4C80,2,"['Castelvecchio', 'Casa Giulietta']",Santa Anastasia,"['AMO', 'Museo Conte', 'Palazzo della Ragione', 'Teatro Romano', 'Centro Fotografia']",Torre Lamberti,strategy_nearest,False,0.0030078887939453125,success
04C655429C4C80,3,['Arena'],Santa Anastasia,"['AMO', 'Museo Conte', 'Palazzo della Ragione', 'Teatro Romano', 'Centro Fotografia']",Duomo,strategy_nearest,False,0.0037322044372558594,success
04C6553A9C4C80,0,['Arena'],Casa Giulietta,"['Centro Fotografia', 'Sighseeing', 'Torre Lamberti', 'Museo Conte', 'Museo Radio']",Torre Lamberti,strategy_nearest,True,0.002502918243408203,success
04C64D429C4C80,1,['Arena'],Casa Giulietta,"['Centro Fotografia', 'Sighseeing', 'Torre Lamberti', 'Museo Conte', 'Museo Radio']",Torre Lamberti,strategy_nearest,True,0.003236055374145508,success
04C658429C4C80,3,"['Arena', 'Castelvecchio']",Casa Giulietta,"['Centro Fotografia', 'Sighseeing', 'Torre Lamberti', 'Museo Conte', 'Museo Radio']",Torre Lamberti,strategy_nearest,True,0.002978086471557617,success
04C659429C4C80,3,"['Arena', 'Castelvecchio', 'Casa Giulietta']",Torre Lamberti,"['Sighseeing', 'Centro Fotografia', 'Museo Conte', 'Palazzo della Ragione', 'AMO']",San Fermo,strategy_nearest,False,0.0016658306121826172,success
04C65D429C4C80,1,['Arena'],Palazzo della Ragione,"['AMO', 'Museo Conte', 'Torre Lamberti', 'Centro Fotografia', 'Sighseeing']",Castelvecchio,strategy_nearest,False,0.002930164337158203,success
04C65F3A9C4C80,1,"['Museo Lapidario', 'Castelvecchio', 'Duomo', 'Teatro Romano', 'Santa Anastasia']",Casa Giulietta,"['Centro Fotografia', 'Sighseeing', 'Torre Lamberti', 'Museo Conte', 'Museo Radio']",Tomba Giulietta,strategy_nearest,False,0.002226114273071289,success
04C670429C4C80,1,"['Palazzo della Ragione', 'Torre Lamberti']",Teatro Romano,"['Santa Anastasia', 'Duomo', 'AMO', 'Museo Conte', 'Centro Fotografia']",Duomo,strategy_nearest,True,0.0033769607543945312,success
04C676429C4C80,2,['Casa Giulietta'],Teatro Romano,"['Santa Anastasia', 'Duomo', 'AMO', 'Palazzo della Ragione', 'Museo Conte']",Duomo,strategy_nearest,True,0.0026857852935791016,success
04C675429C4C80,0,['Casa Giulietta'],Torre Lamberti,"['Sighseeing', 'Centro Fotografia', 'Museo Conte', 'Palazzo della Ragione', 'AMO']",Arena,strategy_nearest,False,0.0022399425506591797,success
04C674429C4C80,3,"['Casa Giulietta', 'San Fermo', 'Torre Lamberti']",Arena,"['Verona Tour', 'Museo Lapidario', 'Museo Radio', 'Sighseeing', 'Castelvecchio']",Castelvecchio,strategy_nearest,True,0.0015821456909179688,success
04C6794A9C4C80,3,['Arena'],Torre Lamberti,"['Sighseeing', 'Centro Fotografia', 'Museo Conte', 'Casa Giulietta', 'Palazzo della Ragione']",Santa Anastasia,strategy_nearest,False,0.003391265869140625,success
04C684429C4C80,2,['Casa Giulietta'],Palazzo della Ragione,"['AMO', 'Museo Conte', 'Torre Lamberti', 'Centro Fotografia', 'Sighseeing']",Torre Lamberti,strategy_nearest,True,0.0019812583923339844,success
04C68A4A9C4C80,1,"['Arena', 'San Fermo']",Casa Giulietta,"['Centro Fotografia', 'Sighseeing', 'Torre Lamberti', 'Museo Conte', 'Museo Radio']",Torre Lamberti,strategy_nearest,True,0.002766847610473633,success
04C6874A9C4C80,0,['Arena'],Casa Giulietta,"['Centro Fotografia', 'Sighseeing', 'Torre Lamberti', 'Museo Conte', 'Museo Radio']",Torre Lamberti,strategy_nearest,True,0.003571033477783203,success
04C68E429C4C80,3,"['Arena', 'Santa Anastasia']",Duomo,"['AMO', 'Museo Miniscalchi', 'Teatro Romano', 'Palazzo della Ragione', 'Museo Conte']",Teatro Romano,strategy_nearest,True,0.0032711029052734375,success
04C696429C4C80,0,['Arena'],Teatro Romano,"['Santa Anastasia', 'Duomo', 'AMO', 'Palazzo della Ragione', 'Museo Conte']",Castelvecchio,strategy_nearest,False,0.0021109580993652344,success
04C6974A9C4C80,1,['Arena'],Palazzo della Ragione,"['AMO', 'Museo Conte', 'Torre Lamberti', 'Centro Fotografia', 'Sighseeing']",Torre Lamberti,strategy_nearest,True,0.0023288726806640625,success
04C698429C4C80,0,['Torre Lamberti'],Arena,"['Verona Tour', 'Museo Lapidario', 'Museo Radio', 'San Fermo', 'Casa Giulietta']",Tomba Giulietta,strategy_nearest,False,0.0027909278869628906,success
04C69B4A9C4C80,0,['Arena'],Casa Giulietta,"['Centro Fotografia', 'Sighseeing', 'Torre Lamberti', 'Museo Conte', 'Museo Radio']",Santa Anastasia,strategy_nearest,False,0.004307985305786133,success
04C6A14A9C4C80,3,"['Arena', 'Casa Giulietta']",Santa Anastasia,"['AMO', 'Museo Conte', 'Palazzo della Ragione', 'Teatro Romano', 'Centro Fotografia']",Duomo,strategy_nearest,False,0.0026650428771972656,success
04C69F4A9C4C80,3,"['Teatro Romano', 'Santa Anastasia']",Casa Giulietta,"['Centro Fotografia', 'Sighseeing', 'Torre Lamberti', 'Museo Conte', 'Museo Radio']",Arena,strategy_nearest,False,0.0012586116790771484,success
04C6A44A9C4C80,3,"['Duomo', 'Teatro Romano']",Arena,"['Verona Tour', 'Museo Lapidario', 'Museo Radio', 'San Fermo', 'Casa Giulietta']",Castelvecchio,strategy_nearest,False,0.00321197509765625,success
04C6B4429C4C80,0,"['Teatro Romano', 'Duomo']",Arena,"['Verona Tour', 'Museo Lapidario', 'Museo Radio', 'San Fermo', 'Casa Giulietta']",Tomba Giulietta,strategy_nearest,False,0.002023935317993164,success
04C6B0429C4C80,3,"['Tomba Giulietta', 'Arena', 'Casa Giulietta']",Torre Lamberti,"['Sighseeing', 'Centro Fotografia', 'Museo Conte', 'Palazzo della Ragione', 'AMO']",Santa Anastasia,strategy_nearest,False,0.0020589828491210938,success
04C6B3429C4C80,3,['Arena'],Santa Anastasia,"['AMO', 'Museo Conte', 'Palazzo della Ragione', 'Teatro Romano', 'Centro Fotografia']",Duomo,strategy_nearest,False,0.002827882766723633,success
04C6A74A9C4C80,3,['San Fermo'],Santa Anastasia,"['AMO', 'Museo Conte', 'Palazzo della Ragione', 'Teatro Romano', 'Centro Fotografia']",Casa Giulietta,strategy_nearest,False,0.004304170608520508,success
04C6B63A9C4C80,3,"['Arena', 'Casa Giulietta']",Torre Lamberti,"['Sighseeing', 'Centro Fotografia', 'Museo Conte', 'Palazzo della Ragione', 'AMO']",Santa Anastasia,strategy_nearest,False,0.0016360282897949219,success
04C6B8429C4C80,2,"['Casa Giulietta', 'Teatro Romano']",San Fermo,"['Museo Storia', 'Museo Radio', 'Centro Fotografia', 'Arena', 'Sighseeing']",San Zeno,strategy_nearest,False,0.0025620460510253906,success
04C6BD429C4C80,0,['Arena'],Casa Giulietta,"['Centro Fotografia', 'Sighseeing', 'Torre Lamberti', 'Museo Conte', 'Museo Radio']",Tomba Giulietta,strategy_nearest,False,0.0019190311431884766,success
04C6BB3A9C4C80,1,"['Arena', 'Palazzo della Ragione']",Torre Lamberti,"['Sighseeing', 'Centro Fotografia', 'Museo Conte', 'Casa Giulietta', 'AMO']",Santa Anastasia,strategy_nearest,False,0.004357099533081055,success
04C6BB429C4C80,0,['Casa Giulietta'],Teatro Romano,"['Santa Anastasia', 'Duomo', 'AMO', 'Palazzo della Ragione', 'Museo Conte']",Arena,strategy_nearest,False,0.002683877944946289,success
04C6BF3A9C4C80,3,['Arena'],San Fermo,"['Museo Storia', 'Museo Radio', 'Casa Giulietta', 'Centro Fotografia', 'Sighseeing']",Santa Anastasia,strategy_nearest,False,0.0028879642486572266,success
04C6C13A9C4C80,0,['Arena'],Castelvecchio,"['Museo Lapidario', 'Verona Tour', 'Museo Radio', 'San Zeno', 'Sighseeing']",Teatro Romano,strategy_nearest,False,0.0032918453216552734,success
04C6C0429C4C80,0,['Castelvecchio'],Arena,"['Verona Tour', 'Museo Lapidario', 'Museo Radio', 'San Fermo', 'Casa Giulietta']",Casa Giulietta,strategy_nearest,True,0.0027489662170410156,success
04C6CD429C4C80,2,"['Castelvecchio', 'San Zeno', 'Casa Giulietta']",Torre Lamberti,"['Sighseeing', 'Centro Fotografia', 'Museo Conte', 'Palazzo della Ragione', 'AMO']",Santa Anastasia,strategy_nearest,False,0.002965211868286133,success
04C6DF429C4C80,1,"['Arena', 'Museo Lapidario', 'Casa Giulietta']",Torre Lamberti,"['Sighseeing', 'Centro Fotografia', 'Museo Conte', 'Palazzo della Ragione', 'AMO']",Palazzo della Ragione,strategy_nearest,True,0.001964092254638672,success
04C6CA3A9C4C80,0,['Arena'],Casa Giulietta,"['Centro Fotografia', 'Sighseeing', 'Torre Lamberti', 'Museo Conte', 'Museo Radio']",Castelvecchio,strategy_nearest,False,0.0020151138305664062,success
04C6F23A9C4C80,2,['Duomo'],Torre Lamberti,"['Sighseeing', 'Centro Fotografia', 'Museo Conte', 'Casa Giulietta', 'Palazzo della Ragione']",Casa Giulietta,strategy_nearest,True,0.002894163131713867,success
04C6FF3A9C4C80,2,['Casa Giulietta'],Teatro Romano,"['Santa Anastasia', 'Duomo', 'AMO', 'Palazzo della Ragione', 'Museo Conte']",Torre Lamberti,strategy_nearest,False,0.001177072525024414,success
04C6FD3A9C4C80,2,['Casa Giulietta'],Giardino Giusti,"['Santa Anastasia', 'Teatro Romano', 'Museo Conte', 'Centro Fotografia', 'Museo Storia']",Teatro Romano,strategy_nearest,True,0.00296783447265625,success
04C70A429C4C84,1,"['Arena', 'Casa Giulietta', 'Palazzo della Ragione']",Torre Lamberti,"['Sighseeing', 'Centro Fotografia', 'Museo Conte', 'AMO', 'Museo Miniscalchi']",Museo Lapidario,strategy_nearest,False,0.0027620792388916016,success
04C704429C4C84,0,"['San Zeno', 'Castelvecchio', 'Torre Lamberti']",Casa Giulietta,"['Centro Fotografia', 'Sighseeing', 'Museo Conte', 'Museo Radio', 'Palazzo della Ragione']",Teatro Romano,strategy_nearest,False,0.003604888916015625,success
04C70B429C4C84,1,"['Arena', 'Casa Giulietta', 'Palazzo della Ragione']",San Zeno,"['Castelvecchio', 'Verona Tour', 'Museo Lapidario', 'Museo Miniscalchi', 'Sighseeing']",Castelvecchio,strategy_nearest,True,0.0036139488220214844,success
04C7114A9C4C80,3,"['Arena', 'Museo Lapidario']",Castelvecchio,"['Verona Tour', 'Museo Radio', 'San Zeno', 'Sighseeing', 'Museo Miniscalchi']",Tomba Giulietta,strategy_nearest,False,0.0031402111053466797,success
04C70F429C4C84,1,"['Arena', 'Palazzo della Ragione']",Castelvecchio,"['Museo Lapidario', 'Verona Tour', 'Museo Radio', 'San Zeno', 'Sighseeing']",Casa Giulietta,strategy_nearest,False,0.002079010009765625,success
04C710429C4C80,0,['Arena'],Casa Giulietta,"['Centro Fotografia', 'Sighseeing', 'Torre Lamberti', 'Museo Conte', 'Museo Radio']",Torre Lamberti,strategy_nearest,True,0.0024831295013427734,success
04C7143A9C4C84,0,['Arena'],Casa Giulietta,"['Centro Fotografia', 'Sighseeing', 'Torre Lamberti', 'Museo Conte', 'Museo Radio']",Teatro Romano,strategy_nearest,False,0.0014591217041015625,success
04C7123A9C4C80,2,['Castelvecchio'],Casa Giulietta,"['Centro Fotografia', 'Sighseeing', 'Torre Lamberti', 'Museo Conte', 'Museo Radio']",Torre Lamberti,strategy_nearest,True,0.0021407604217529297,success
04C714429C4C80,2,['Duomo'],Santa Anastasia,"['AMO', 'Museo Conte', 'Palazzo della Ragione', 'Teatro Romano', 'Centro Fotografia']",Torre Lamberti,strategy_nearest,False,0.0029020309448242188,success
04C7153A9C4C84,1,"['Arena', 'Casa Giulietta', 'Santa Anastasia']",Tomba Giulietta,"['San Fermo', 'Museo Storia', 'Museo Lapidario', 'Museo Radio', 'Verona Tour']",Museo Lapidario,strategy_nearest,True,0.002947092056274414,success
04C715429C4C80,0,['Castelvecchio'],Teatro Romano,"['Santa Anastasia', 'Duomo', 'AMO', 'Palazzo della Ragione', 'Museo Conte']",Casa Giulietta,strategy_nearest,False,0.0024309158325195312,success
04C71B429C4C84,6,"['Museo Lapidario', 'Arena', 'Castelvecchio', 'Santa Anastasia', 'Teatro Romano']",Casa Giulietta,"['Centro Fotografia', 'Sighseeing', 'Torre Lamberti', 'Museo Conte', 'Museo Radio']",Verona Tour,strategy_nearest,False,0.0027017593383789062,success
04C71C3A9C4C84,1,"['Arena', 'Casa Giulietta']",Torre Lamberti,"['Sighseeing', 'Centro Fotografia', 'Museo Conte', 'Palazzo della Ragione', 'AMO']",Palazzo della Ragione,strategy_nearest,True,0.002655029296875,success
04C723429C4C84,0,['Arena'],Castelvecchio,"['Museo Lapidario', 'Verona Tour', 'Museo Radio', 'San Zeno', 'Sighseeing']",Casa Giulietta,strategy_nearest,False,0.0026712417602539062,success
04C721429C4C84,1,"['Arena', 'Museo Lapidario']",Castelvecchio,"['Verona Tour', 'Museo Radio', 'San Zeno', 'Sighseeing', 'Museo Miniscalchi']",Torre Lamberti,strategy_nearest,False,0.003434896469116211,success
04C72C429C4C80,1,"['Castelvecchio', 'San Fermo', 'Santa Anastasia', 'Duomo']",Torre Lamberti,"['Sighseeing', 'Centro Fotografia', 'Museo Conte', 'Casa Giulietta', 'Palazzo della Ragione']",Palazzo della Ragione,strategy_nearest,True,0.0024080276489257812,success
04C72C3A9C4C80,0,['Arena'],Casa Giulietta,"['Centro Fotografia', 'Sighseeing', 'Torre Lamberti', 'Museo Conte', 'Museo Radio']",Torre Lamberti,strategy_nearest,True,0.004232883453369141,success
04C72E3A9C4C80,2,"['Torre Lamberti', 'Palazzo della Ragione']",Casa Giulietta,"['Centro Fotografia', 'Sighseeing', 'Museo Conte', 'Museo Radio', 'San Fermo']",San Fermo,strategy_nearest,True,0.0017819404602050781,success
04C7314A9C4C80,4,"['Arena', 'Castelvecchio', 'Museo Lapidario', 'Teatro Romano']",Museo Radio,"['Casa Giulietta', 'San Fermo', 'Sighseeing', 'Torre Lamberti', 'Centro Fotografia']",San Fermo,strategy_nearest,True,0.0023040771484375,success
04C7364A9C4C80,3,['Arena'],Museo Lapidario,"['Verona Tour', 'Castelvecchio', 'Museo Radio', 'San Fermo', 'Casa Giulietta']",Santa Anastasia,strategy_nearest,False,0.0018062591552734375,success
04C7374A9C4C80,2,"['Teatro Romano', 'Torre Lamberti', 'Palazzo della Ragione']",Casa Giulietta,"['Centro Fotografia', 'Sighseeing', 'Museo Conte', 'Museo Radio', 'San Fermo']",Castelvecchio,strategy_nearest,False,0.0027310848236083984,success
04C74D3A9C4C80,2,"['Casa Giulietta', 'Torre Lamberti']",Palazzo della Ragione,"['AMO', 'Museo Conte', 'Centro Fotografia', 'Sighseeing', 'Santa Anastasia']",Santa Anastasia,strategy_nearest,True,0.0027871131896972656,success
04C754429C4C80,3,['Arena'],Santa Anastasia,"['AMO', 'Museo Conte', 'Palazzo della Ragione', 'Teatro Romano', 'Centro Fotografia']",Teatro Romano,strategy_nearest,True,0.0026280879974365234,success
04C755429C4C80,2,['Casa Giulietta'],Casa Giulietta,"['Centro Fotografia', 'Sighseeing', 'Torre Lamberti', 'Museo Conte', 'Museo Radio']",Torre Lamberti,strategy_nearest,True,0.0024580955505371094,success
04C759429C4C80,0,['Arena'],Casa Giulietta,"['Centro Fotografia', 'Sighseeing', 'Torre Lamberti', 'Museo Conte', 'Museo Radio']",Tomba Giulietta,strategy_nearest,False,0.0022416114807128906,success
04C767429C4C80,3,"['Castelvecchio', 'Arena']",Casa Giulietta,"['Centro Fotografia', 'Sighseeing', 'Torre Lamberti', 'Museo Conte', 'Museo Radio']",Santa Anastasia,strategy_nearest,False,0.0029938220977783203,success
04C75D429C4C80,0,['Arena'],Castelvecchio,"['Museo Lapidario', 'Verona Tour', 'Museo Radio', 'San Zeno', 'Sighseeing']",Casa Giulietta,strategy_nearest,False,0.0027010440826416016,success
04C760429C4C80,3,"['Arena', 'Casa Giulietta']",Torre Lamberti,"['Sighseeing', 'Centro Fotografia', 'Museo Conte', 'Palazzo della Ragione', 'AMO']",Santa Anastasia,strategy_nearest,False,0.004234790802001953,success
04C76D429C4C80,0,['Tomba Giulietta'],Casa Giulietta,"['Centro Fotografia', 'Sighseeing', 'Torre Lamberti', 'Museo Conte', 'Museo Radio']",Arena,strategy_nearest,False,0.0026297569274902344,success
04C7763A9C4C80,0,['Casa Giulietta'],Duomo,"['AMO', 'Museo Miniscalchi', 'Santa Anastasia', 'Teatro Romano', 'Palazzo della Ragione']",Arena,strategy_nearest,False,0.003663778305053711,success
04C78A4A9C4C80,1,"['Arena', 'Casa Giulietta']",Torre Lamberti,"['Sighseeing', 'Centro Fotografia', 'Museo Conte', 'Palazzo della Ragione', 'AMO']",Palazzo della Ragione,strategy_nearest,True,0.004536867141723633,success
04C789429C4C80,1,"['Arena', 'Palazzo della Ragione']",Torre Lamberti,"['Sighseeing', 'Centro Fotografia', 'Museo Conte', 'Casa Giulietta', 'AMO']",Santa Anastasia,strategy_nearest,False,0.004280805587768555,success
04C78C3A9C4C80,0,['Tomba Giulietta'],Arena,"['Verona Tour', 'Museo Lapidario', 'Museo Radio', 'San Fermo', 'Casa Giulietta']",Casa Giulietta,strategy_nearest,True,0.004021167755126953,success
04C792429C4C80,0,['Tomba Giulietta'],Arena,"['Verona Tour', 'Museo Lapidario', 'Museo Radio', 'San Fermo', 'Casa Giulietta']",Santa Anastasia,strategy_nearest,False,0.0029060840606689453,success
04C78D4A9C4C80,3,"['Arena', 'Castelvecchio']",Casa Giulietta,"['Centro Fotografia', 'Sighseeing', 'Torre Lamberti', 'Museo Conte', 'Museo Radio']",Santa Anastasia,strategy_nearest,False,0.002341032028198242,success
04C78F429C4C80,3,"['Arena', 'Tomba Giulietta']",Casa Giulietta,"['Centro Fotografia', 'Sighseeing', 'Torre Lamberti', 'Museo Conte', 'Museo Radio']",Torre Lamberti,strategy_nearest,True,0.004950046539306641,success
04C793429C4C80,0,['Arena'],Teatro Romano,"['Santa Anastasia', 'Duomo', 'AMO', 'Palazzo della Ragione', 'Museo Conte']",Casa Giulietta,strategy_nearest,False,0.003991127014160156,success
04C79A429C4C80,1,['Arena'],Casa Giulietta,"['Centro Fotografia', 'Sighseeing', 'Torre Lamberti', 'Museo Conte', 'Museo Radio']",Torre Lamberti,strategy_nearest,True,0.004045963287353516,success
04C79D429C4C80,3,['Arena'],Casa Giulietta,"['Centro Fotografia', 'Sighseeing', 'Torre Lamberti', 'Museo Conte', 'Museo Radio']",Torre Lamberti,strategy_nearest,True,0.0045778751373291016,success
04C7A1429C4C80,2,['Casa Giulietta'],Torre Lamberti,"['Sighseeing', 'Centro Fotografia', 'Museo Conte', 'Palazzo della Ragione', 'AMO']",Santa Anastasia,strategy_nearest,False,0.0036249160766601562,success
04C7A44A9C4C80,2,"['Casa Giulietta', 'Torre Lamberti']",Santa Anastasia,"['AMO', 'Museo Conte', 'Palazzo della Ragione', 'Teatro Romano', 'Centro Fotografia']",Castelvecchio,strategy_nearest,False,0.0025510787963867188,success
04C7B3429C4C80,3,"['Santa Anastasia', 'Teatro Romano']",Duomo,"['AMO', 'Museo Miniscalchi', 'Palazzo della Ragione', 'Museo Conte', 'Torre Lamberti']",Arena,strategy_nearest,False,0.002930164337158203,success
04C7AC3A9C4C80,3,"['Arena', 'Teatro Romano']",Duomo,"['AMO', 'Museo Miniscalchi', 'Santa Anastasia', 'Palazzo della Ragione', 'Museo Conte']",Santa Anastasia,strategy_nearest,True,0.00428009033203125,success
04C7B372743380,4,"['Castelvecchio', 'Casa Giulietta', 'Teatro Romano', 'San Zeno']",Museo Radio,"['San Fermo', 'Arena', 'Sighseeing', 'Torre Lamberti', 'Centro Fotografia']",Tomba Giulietta,strategy_nearest,False,0.003097057342529297,success
04C7BC3A9C4C80,3,['Arena'],Santa Anastasia,"['AMO', 'Museo Conte', 'Palazzo della Ragione', 'Teatro Romano', 'Centro Fotografia']",Teatro Romano,strategy_nearest,True,0.003593921661376953,success
04C7B83A9C4C80,1,['Arena'],Torre Lamberti,"['Sighseeing', 'Centro Fotografia', 'Museo Conte', 'Casa Giulietta', 'Palazzo della Ragione']",Palazzo della Ragione,strategy_nearest,True,0.0036690235137939453,success
04C7C53A9C4C80,0,['Castelvecchio'],Arena,"['Verona Tour', 'Museo Lapidario', 'Museo Radio', 'San Fermo', 'Casa Giulietta']",Casa Giulietta,strategy_nearest,True,0.0015790462493896484,success
04C7D3429C4C80,2,"['Teatro Romano', 'Santa Anastasia']",Castelvecchio,"['Museo Lapidario', 'Verona Tour', 'Arena', 'Museo Radio', 'San Zeno']",San Fermo,strategy_nearest,False,0.00215911865234375,success
04C7D03A9C4C80,2,"['Casa Giulietta', 'Teatro Romano']",San Fermo,"['Museo Storia', 'Museo Radio', 'Centro Fotografia', 'Arena', 'Sighseeing']",San Zeno,strategy_nearest,False,0.0015799999237060547,success
04C7D73A9C4C80,3,"['Arena', 'San Fermo']",Casa Giulietta,"['Centro Fotografia', 'Sighseeing', 'Torre Lamberti', 'Museo Conte', 'Museo Radio']",Torre Lamberti,strategy_nearest,True,0.0029540061950683594,success
04C7E33A9C4C80,1,"['Castelvecchio', 'Teatro Romano', 'Torre Lamberti', 'Casa Giulietta']",Arena,"['Verona Tour', 'Museo Lapidario', 'Museo Radio', 'San Fermo', 'Sighseeing']",Tomba Giulietta,strategy_nearest,False,0.003434896469116211,success
04C7E43A9C4C80,1,"['Arena', 'Casa Giulietta', 'Torre Lamberti']",Palazzo della Ragione,"['AMO', 'Museo Conte', 'Centro Fotografia', 'Sighseeing', 'Santa Anastasia']",Santa Anastasia,strategy_nearest,True,0.0018382072448730469,success
04C7FF429C4C80,1,"['San Fermo', 'Castelvecchio']",Arena,"['Verona Tour', 'Museo Lapidario', 'Museo Radio', 'Casa Giulietta', 'Sighseeing']",Tomba Giulietta,strategy_nearest,False,0.0027468204498291016,success
04C8033A9C4C84,2,['Casa Giulietta'],Torre Lamberti,"['Sighseeing', 'Centro Fotografia', 'Museo Conte', 'Palazzo della Ragione', 'AMO']",Palazzo della Ragione,strategy_nearest,True,0.002724170684814453,success
04C806429C4C84,0,"['Arena', 'Casa Giulietta']",Teatro Romano,"['Santa Anastasia', 'Duomo', 'AMO', 'Palazzo della Ragione', 'Museo Conte']",Tomba Giulietta,strategy_nearest,False,0.003268003463745117,success
04C80A3A9C4C84,3,"['Casa Giulietta', 'Arena']",Santa Anastasia,"['AMO', 'Museo Conte', 'Palazzo della Ragione', 'Teatro Romano', 'Centro Fotografia']",Teatro Romano,strategy_nearest,True,0.003098011016845703,success
04C80F3A9C4C80,3,['Arena'],Torre Lamberti,"['Sighseeing', 'Centro Fotografia', 'Museo Conte', 'Casa Giulietta', 'Palazzo della Ragione']",Santa Anastasia,strategy_nearest,False,0.0018811225891113281,success
04C80D429C4C80,2,['Casa Giulietta'],Torre Lamberti,"['Sighseeing', 'Centro Fotografia', 'Museo Conte', 'Palazzo della Ragione', 'AMO']",Duomo,strategy_nearest,False,0.0039370059967041016,success
04C80B429C4C80,3,"['Arena', 'Casa Giulietta']",Santa Anastasia,"['AMO', 'Museo Conte', 'Palazzo della Ragione', 'Teatro Romano', 'Centro Fotografia']",Duomo,strategy_nearest,False,0.003473997116088867,success
04C818429C4C84,3,"['Arena', 'Torre Lamberti', 'Santa Anastasia']",Castelvecchio,"['Museo Lapidario', 'Verona Tour', 'Museo Radio', 'San Zeno', 'Sighseeing']",San Zeno,strategy_nearest,True,0.0020067691802978516,success
04C8114A9C4C80,2,"['Santa Anastasia', 'Castelvecchio', 'Casa Giulietta']",Teatro Romano,"['Duomo', 'AMO', 'Palazzo della Ragione', 'Museo Conte', 'Centro Fotografia']",Tomba Giulietta,strategy_nearest,False,0.0032491683959960938,success
04C8183A9C4C84,3,"['Torre Lamberti', 'Castelvecchio']",Arena,"['Verona Tour', 'Museo Lapidario', 'Museo Radio', 'San Fermo', 'Casa Giulietta']",Casa Giulietta,strategy_nearest,True,0.0028531551361083984,success
04C819429C4C84,1,"['Arena', 'Torre Lamberti']",Palazzo della Ragione,"['AMO', 'Museo Conte', 'Centro Fotografia', 'Sighseeing', 'Santa Anastasia']",Santa Anastasia,strategy_nearest,True,0.003422975540161133,success
04C81B429C4C84,1,['Arena'],Casa Giulietta,"['Centro Fotografia', 'Sighseeing', 'Torre Lamberti', 'Museo Conte', 'Museo Radio']",Torre Lamberti,strategy_nearest,True,0.002376079559326172,success
04C821429C4C80,0,"['Arena', 'Tomba Giulietta']",Teatro Romano,"['Santa Anastasia', 'Duomo', 'AMO', 'Palazzo della Ragione', 'Museo Conte']",San Zeno,strategy_nearest,False,0.0033757686614990234,success
04C821429C4C84,3,['Arena'],Casa Giulietta,"['Centro Fotografia', 'Sighseeing', 'Torre Lamberti', 'Museo Conte', 'Museo Radio']",Santa Anastasia,strategy_nearest,False,0.0021009445190429688,success
04C827429C4C80,1,"['Arena', 'San Fermo', 'Castelvecchio']",Casa Giulietta,"['Centro Fotografia', 'Sighseeing', 'Torre Lamberti', 'Museo Conte', 'Museo Radio']",Palazzo della Ragione,strategy_nearest,False,0.0026769638061523438,success
04C82D3A9C4C80,1,"['Palazzo della Ragione', 'Torre Lamberti', 'Casa Giulietta', 'Castelvecchio']",San Zeno,"['Verona Tour', 'Museo Lapidario', 'Arena', 'Museo Miniscalchi', 'Sighseeing']",Museo Lapidario,strategy_nearest,True,0.0032548904418945312,success
04C8313A9C4C80,2,['Santa Anastasia'],Duomo,"['AMO', 'Museo Miniscalchi', 'Teatro Romano', 'Palazzo della Ragione', 'Museo Conte']",Castelvecchio,strategy_nearest,False,0.0029468536376953125,success
04C856429C4C80,3,"['Castelvecchio', 'San Zeno', 'Arena']",Casa Giulietta,"['Centro Fotografia', 'Sighseeing', 'Torre Lamberti', 'Museo Conte', 'Museo Radio']",Santa Anastasia,strategy_nearest,False,0.0023109912872314453,success
04C854429C4C80,2,['Duomo'],Santa Anastasia,"['AMO', 'Museo Conte', 'Palazzo della Ragione', 'Teatro Romano', 'Centro Fotografia']",Torre Lamberti,strategy_nearest,False,0.004395723342895508,success
04C83EA28C3680,3,['Arena'],Torre Lamberti,"['Sighseeing', 'Centro Fotografia', 'Museo Conte', 'Casa Giulietta', 'Palazzo della Ragione']",Casa Giulietta,strategy_nearest,True,0.0047261714935302734,success
04C8573A9C4C80,1,"['Castelvecchio', 'Teatro Romano', 'Torre Lamberti']",Arena,"['Verona Tour', 'Museo Lapidario', 'Museo Radio', 'San Fermo', 'Casa Giulietta']",Tomba Giulietta,strategy_nearest,False,0.0034389495849609375,success
04C858429C4C80,0,['Arena'],Casa Giulietta,"['Centro Fotografia', 'Sighseeing', 'Torre Lamberti', 'Museo Conte', 'Museo Radio']",Duomo,strategy_nearest,False,0.0021467208862304688,success
04C862429C4C80,3,"['Arena', 'Museo Lapidario', 'Castelvecchio']",San Zeno,"['Verona Tour', 'Museo Miniscalchi', 'Sighseeing', 'Museo Radio', 'Torre Lamberti']",Duomo,strategy_nearest,False,0.003374814987182617,success
04C867429C4C80,2,"['Castelvecchio', 'Torre Lamberti']",Palazzo della Ragione,"['AMO', 'Museo Conte', 'Centro Fotografia', 'Sighseeing', 'Santa Anastasia']",Santa Anastasia,strategy_nearest,True,0.0026192665100097656,success
04C869429C4C80,0,['Arena'],Casa Giulietta,"['Centro Fotografia', 'Sighseeing', 'Torre Lamberti', 'Museo Conte', 'Museo Radio']",Castelvecchio,strategy_nearest,False,0.0038299560546875,success
04C8743A9C4C80,0,"['Castelvecchio', 'Arena']",Torre Lamberti,"['Sighseeing', 'Centro Fotografia', 'Museo Conte', 'Casa Giulietta', 'Palazzo della Ragione']",Casa Giulietta,strategy_nearest,True,0.001500844955444336,success
04C87A4A9C4C80,2,"['Teatro Romano', 'Santa Anastasia']",Casa Giulietta,"['Centro Fotografia', 'Sighseeing', 'Torre Lamberti', 'Museo Conte', 'Museo Radio']",San Fermo,strategy_nearest,False,0.0032477378845214844,success
04C876429C4C80,0,"['Arena', 'Casa Giulietta']",Torre Lamberti,"['Sighseeing', 'Centro Fotografia', 'Museo Conte', 'Palazzo della Ragione', 'AMO']",Castelvecchio,strategy_nearest,False,0.0026149749755859375,success
04C8814A9C4C80,0,['Arena'],Torre Lamberti,"['Sighseeing', 'Centro Fotografia', 'Museo Conte', 'Casa Giulietta', 'Palazzo della Ragione']",Duomo,strategy_nearest,False,0.002370119094848633,success
04C895429C4C80,0,['Arena'],Casa Giulietta,"['Centro Fotografia', 'Sighseeing', 'Torre Lamberti', 'Museo Conte', 'Museo Radio']",Teatro Romano,strategy_nearest,False,0.0025141239166259766,success
04C8863A9C4C80,3,"['Arena', 'Torre Lamberti']",Duomo,"['AMO', 'Museo Miniscalchi', 'Santa Anastasia', 'Teatro Romano', 'Palazzo della Ragione']",Teatro Romano,strategy_nearest,True,0.002733945846557617,success
04C893429C4C80,2,"['Torre Lamberti', 'Teatro Romano']",Duomo,"['AMO', 'Museo Miniscalchi', 'Santa Anastasia', 'Palazzo della Ragione', 'Museo Conte']",Santa Anastasia,strategy_nearest,True,0.003226041793823242,success
04C8964A9C4C80,0,['Arena'],Casa Giulietta,"['Centro Fotografia', 'Sighseeing', 'Torre Lamberti', 'Museo Conte', 'Museo Radio']",Teatro Romano,strategy_nearest,False,0.003287076950073242,success
04C89C429C4C80,3,"['Arena', 'Castelvecchio', 'Teatro Romano']",Santa Anastasia,"['AMO', 'Museo Conte', 'Palazzo della Ragione', 'Centro Fotografia', 'Duomo']",Santa Anastasia,strategy_nearest,False,0.0030188560485839844,success
04C8974A9C4C80,0,['Arena'],Museo Lapidario,"['Verona Tour', 'Castelvecchio', 'Museo Radio', 'San Fermo', 'Casa Giulietta']",Casa Giulietta,strategy_nearest,True,0.0039560794830322266,success
04C8A34A9C4C80,2,['Casa Giulietta'],Santa Anastasia,"['AMO', 'Museo Conte', 'Palazzo della Ragione', 'Teatro Romano', 'Centro Fotografia']",Duomo,strategy_nearest,False,0.0017142295837402344,success
04C8A5429C4C80,3,"['Arena', 'Castelvecchio']",Santa Anastasia,"['AMO', 'Museo Conte', 'Palazzo della Ragione', 'Teatro Romano', 'Centro Fotografia']",Torre Lamberti,strategy_nearest,False,0.003108978271484375,success
04C8A8429C4C80,0,['Arena'],Casa Giulietta,"['Centro Fotografia', 'Sighseeing', 'Torre Lamberti', 'Museo Conte', 'Museo Radio']",Castelvecchio,strategy_nearest,False,0.002380847930908203,success
04C8A9429C4C80,2,['Casa Giulietta'],Santa Anastasia,"['AMO', 'Museo Conte', 'Palazzo della Ragione', 'Teatro Romano', 'Centro Fotografia']",Tomba Giulietta,strategy_nearest,False,0.005646228790283203,success
04C8A64A9C4C80,1,"['Santa Anastasia', 'Palazzo della Ragione']",Casa Giulietta,"['Centro Fotografia', 'Sighseeing', 'Torre Lamberti', 'Museo Conte', 'Museo Radio']",Arena,strategy_nearest,False,0.003360748291015625,success
04C8A54A9C4C80,2,['Teatro Romano'],Casa Giulietta,"['Centro Fotografia', 'Sighseeing', 'Torre Lamberti', 'Museo Conte', 'Museo Radio']",Torre Lamberti,strategy_nearest,True,0.0017690658569335938,success
04C8BD3A9C4C80,3,"['Arena', 'Casa Giulietta']",Santa Anastasia,"['AMO', 'Museo Conte', 'Palazzo della Ragione', 'Teatro Romano', 'Centro Fotografia']",Torre Lamberti,strategy_nearest,False,0.004306793212890625,success
04C8AA429C4C80,0,['Arena'],Casa Giulietta,"['Centro Fotografia', 'Sighseeing', 'Torre Lamberti', 'Museo Conte', 'Museo Radio']",San Fermo,strategy_nearest,False,0.00562286376953125,success
04C8AA3A9C4C80,2,['Tomba Giulietta'],Castelvecchio,"['Museo Lapidario', 'Verona Tour', 'Arena', 'Museo Radio', 'San Zeno']",San Fermo,strategy_nearest,False,0.006590127944946289,success
04C8C53A9C4C80,3,"['Arena', 'Casa Giulietta']",Santa Anastasia,"['AMO', 'Museo Conte', 'Palazzo della Ragione', 'Teatro Romano', 'Centro Fotografia']",Duomo,strategy_nearest,False,0.0069310665130615234,success
04C8D23A9C4C80,0,['Santa Anastasia'],Casa Giulietta,"['Centro Fotografia', 'Sighseeing', 'Torre Lamberti', 'Museo Conte', 'Museo Radio']",Arena,strategy_nearest,False,0.0024340152740478516,success
04C8D43A9C4C80,1,"['Arena', 'Castelvecchio']",Teatro Romano,"['Santa Anastasia', 'Duomo', 'AMO', 'Palazzo della Ragione', 'Museo Conte']",Palazzo della Ragione,strategy_nearest,True,0.003926992416381836,success
04C8D03A9C4C80,1,"['Arena', 'Casa Giulietta']",Torre Lamberti,"['Sighseeing', 'Centro Fotografia', 'Museo Conte', 'Palazzo della Ragione', 'AMO']",Palazzo della Ragione,strategy_nearest,True,0.004956960678100586,success
04C8D73A9C4C80,3,['Santa Anastasia'],Duomo,"['AMO', 'Museo Miniscalchi', 'Teatro Romano', 'Palazzo della Ragione', 'Museo Conte']",Arena,strategy_nearest,False,0.0031189918518066406,success
04C8F63A9C4C80,1,"['Arena', 'Palazzo della Ragione']",Casa Giulietta,"['Centro Fotografia', 'Sighseeing', 'Torre Lamberti', 'Museo Conte', 'Museo Radio']",Torre Lamberti,strategy_nearest,True,0.0016410350799560547,success
04C8E9429C4C80,3,"['Arena', 'Castelvecchio', 'Tomba Giulietta']",San Fermo,"['Museo Storia', 'Museo Radio', 'Casa Giulietta', 'Centro Fotografia', 'Sighseeing']",Santa Anastasia,strategy_nearest,False,0.0024869441986083984,success
04C9023A9C4C84,2,['Castelvecchio'],Torre Lamberti,"['Sighseeing', 'Centro Fotografia', 'Museo Conte', 'Casa Giulietta', 'Palazzo della Ragione']",Casa Giulietta,strategy_nearest,True,0.0029571056365966797,success
04C8FB429C4C80,1,"['Arena', 'San Fermo', 'Casa Giulietta', 'Palazzo della Ragione']",Santa Anastasia,"['AMO', 'Museo Conte', 'Teatro Romano', 'Centro Fotografia', 'Duomo']",San Zeno,strategy_nearest,False,0.004147052764892578,success
04C906429C4C84,3,"['Casa Giulietta', 'San Fermo', 'San Zeno']",Arena,"['Verona Tour', 'Museo Lapidario', 'Museo Radio', 'Sighseeing', 'Castelvecchio']",Torre Lamberti,strategy_nearest,False,0.0023581981658935547,success
04C90C429C4C84,0,['Castelvecchio'],Arena,"['Verona Tour', 'Museo Lapidario', 'Museo Radio', 'San Fermo', 'Casa Giulietta']",Torre Lamberti,strategy_nearest,False,0.0023491382598876953,success
04C911429C4C84,1,['Arena'],Teatro Romano,"['Santa Anastasia', 'Duomo', 'AMO', 'Palazzo della Ragione', 'Museo Conte']",Santa Anastasia,strategy_nearest,True,0.00299072265625,success
04C91C429C4C84,0,['Duomo'],Castelvecchio,"['Museo Lapidario', 'Verona Tour', 'Arena', 'Museo Radio', 'San Zeno']",Arena,strategy_nearest,True,0.004007816314697266,success
04C91F429C4C84,2,"['Torre Lamberti', 'Palazzo della Ragione']",Casa Giulietta,"['Centro Fotografia', 'Sighseeing', 'Museo Conte', 'Museo Radio', 'San Fermo']",San Fermo,strategy_nearest,True,0.0032129287719726562,success
04C91E3A9C4C84,2,['Castelvecchio'],San Zeno,"['Verona Tour', 'Museo Lapidario', 'Arena', 'Museo Miniscalchi', 'Sighseeing']",Duomo,strategy_nearest,False,0.001476287841796875,success
04C9223A9C4C80,0,['Arena'],Casa Giulietta,"['Centro Fotografia', 'Sighseeing', 'Torre Lamberti', 'Museo Conte', 'Museo Radio']",Torre Lamberti,strategy_nearest,True,0.0037429332733154297,success
04C9243A9C4C80,0,['Arena'],Casa Giulietta,"['Centro Fotografia', 'Sighseeing', 'Torre Lamberti', 'Museo Conte', 'Museo Radio']",Tomba Giulietta,strategy_nearest,False,0.0018148422241210938,success
04C926429C4C84,3,"['Arena', 'Torre Lamberti']",Santa Anastasia,"['AMO', 'Museo Conte', 'Palazzo della Ragione', 'Teatro Romano', 'Centro Fotografia']",Teatro Romano,strategy_nearest,True,0.002398967742919922,success
04C92E3A9C4C80,2,"['Palazzo della Ragione', 'Torre Lamberti', 'Santa Anastasia']",Teatro Romano,"['Duomo', 'AMO', 'Museo Conte', 'Centro Fotografia', 'Museo Miniscalchi']",Castelvecchio,strategy_nearest,False,0.003103017807006836,success
04C9254A9C4C80,3,"['Tomba Giulietta', 'Arena', 'Castelvecchio']",Torre Lamberti,"['Sighseeing', 'Centro Fotografia', 'Museo Conte', 'Casa Giulietta', 'Palazzo della Ragione']",Casa Giulietta,strategy_nearest,True,0.0032987594604492188,success
04C93B429C4C80,1,['Arena'],Palazzo della Ragione,"['AMO', 'Museo Conte', 'Torre Lamberti', 'Centro Fotografia', 'Sighseeing']",Castelvecchio,strategy_nearest,False,0.0014598369598388672,success
04C933429C4C80,3,"['Arena', 'Casa Giulietta']",Duomo,"['AMO', 'Museo Miniscalchi', 'Santa Anastasia', 'Teatro Romano', 'Palazzo della Ragione']",Teatro Romano,strategy_nearest,True,0.002526998519897461,success
04C93F3A9C4C80,2,['Castelvecchio'],Duomo,"['AMO', 'Museo Miniscalchi', 'Santa Anastasia', 'Teatro Romano', 'Palazzo della Ragione']",Teatro Romano,strategy_nearest,True,0.0035839080810546875,success
04C93EA28C3680,3,['Arena'],Torre Lamberti,"['Sighseeing', 'Centro Fotografia', 'Museo Conte', 'Casa Giulietta', 'Palazzo della Ragione']",Casa Giulietta,strategy_nearest,True,0.003063678741455078,success
04C94E3A9C4C80,0,['Casa Giulietta'],Duomo,"['AMO', 'Museo Miniscalchi', 'Santa Anastasia', 'Teatro Romano', 'Palazzo della Ragione']",Arena,strategy_nearest,False,0.0030059814453125,success
04C94F3A9C4C80,2,['Castelvecchio'],Torre Lamberti,"['Sighseeing', 'Centro Fotografia', 'Museo Conte', 'Casa Giulietta', 'Palazzo della Ragione']",Casa Giulietta,strategy_nearest,True,0.0022499561309814453,success
04C94D3A9C4C80,1,"['Arena', 'Tomba Giulietta', 'Casa Giulietta', 'Torre Lamberti']",Palazzo della Ragione,"['AMO', 'Museo Conte', 'Centro Fotografia', 'Sighseeing', 'Santa Anastasia']",Teatro Romano,strategy_nearest,False,0.0016429424285888672,success
04C947429C4C80,3,"['Castelvecchio', 'Santa Anastasia', 'Torre Lamberti', 'Teatro Romano']",Giardino Giusti,"['Museo Conte', 'Centro Fotografia', 'Museo Storia', 'AMO', 'Casa Giulietta']",San Fermo,strategy_nearest,False,0.003721952438354492,success
04C950429C4C80,3,['Arena'],Casa Giulietta,"['Centro Fotografia', 'Sighseeing', 'Torre Lamberti', 'Museo Conte', 'Museo Radio']",Santa Anastasia,strategy_nearest,False,0.0025589466094970703,success
04C969429C4C80,0,['Arena'],Santa Anastasia,"['AMO', 'Museo Conte', 'Palazzo della Ragione', 'Teatro Romano', 'Centro Fotografia']",Casa Giulietta,strategy_nearest,False,0.003326892852783203,success
04C962429C4C80,3,['Arena'],Casa Giulietta,"['Centro Fotografia', 'Sighseeing', 'Torre Lamberti', 'Museo Conte', 'Museo Radio']",Santa Anastasia,strategy_nearest,False,0.0018529891967773438,success
04C9543A9C4C80,3,"['Torre Lamberti', 'Santa Anastasia']",Teatro Romano,"['Duomo', 'AMO', 'Palazzo della Ragione', 'Museo Conte', 'Centro Fotografia']",Castelvecchio,strategy_nearest,False,0.003362894058227539,success
04C96D3A9C4C80,0,"['Castelvecchio', 'Casa Giulietta']",Tomba Giulietta,"['San Fermo', 'Museo Storia', 'Arena', 'Museo Lapidario', 'Museo Radio']",Arena,strategy_nearest,True,0.0017218589782714844,success
04C9793A9C4C80,2,['Teatro Romano'],Torre Lamberti,"['Sighseeing', 'Centro Fotografia', 'Museo Conte', 'Casa Giulietta', 'Palazzo della Ragione']",Casa Giulietta,strategy_nearest,True,0.003020048141479492,success
04C9833A9C4C80,0,['Arena'],Castelvecchio,"['Museo Lapidario', 'Verona Tour', 'Museo Radio', 'San Zeno', 'Sighseeing']",San Fermo,strategy_nearest,False,0.0022830963134765625,success
04C98B4A9C4C80,0,"['Arena', 'Casa Giulietta']",Torre Lamberti,"['Sighseeing', 'Centro Fotografia', 'Museo Conte', 'Palazzo della Ragione', 'AMO']",Castelvecchio,strategy_nearest,False,0.0038330554962158203,success
04C98D4A9C4C80,2,"['Torre Lamberti', 'Palazzo della Ragione']",Santa Anastasia,"['AMO', 'Museo Conte', 'Teatro Romano', 'Centro Fotografia', 'Duomo']",Teatro Romano,strategy_nearest,True,0.0015139579772949219,success
04C98F4A9C4C80,2,['Casa Giulietta'],Palazzo della Ragione,"['AMO', 'Museo Conte', 'Torre Lamberti', 'Centro Fotografia', 'Sighseeing']",Teatro Romano,strategy_nearest,False,0.0032079219818115234,success
04C9924A9C4C80,2,"['Casa Giulietta', 'Torre Lamberti']",Palazzo della Ragione,"['AMO', 'Museo Conte', 'Centro Fotografia', 'Sighseeing', 'Santa Anastasia']",Santa Anastasia,strategy_nearest,True,0.0023419857025146484,success
04C9934A9C4C80,1,"['Arena', 'Castelvecchio', 'Casa Giulietta']",Palazzo della Ragione,"['AMO', 'Museo Conte', 'Torre Lamberti', 'Centro Fotografia', 'Sighseeing']",Santa Anastasia,strategy_nearest,False,0.0037589073181152344,success
04C99F429C4C80,3,['Arena'],Casa Giulietta,"['Centro Fotografia', 'Sighseeing', 'Torre Lamberti', 'Museo Conte', 'Museo Radio']",Santa Anastasia,strategy_nearest,False,0.0032091140747070312,success
04C9A24A9C4C80,1,"['Arena', 'Casa Giulietta']",Torre Lamberti,"['Sighseeing', 'Centro Fotografia', 'Museo Conte', 'Palazzo della Ragione', 'AMO']",Palazzo della Ragione,strategy_nearest,True,0.0032651424407958984,success
04C9A1429C4C80,0,['Arena'],Torre Lamberti,"['Sighseeing', 'Centro Fotografia', 'Museo Conte', 'Casa Giulietta', 'Palazzo della Ragione']",Casa Giulietta,strategy_nearest,True,0.0047760009765625,success
04C9A53A9C4C80,0,"['Arena', 'Museo Lapidario']",Castelvecchio,"['Verona Tour', 'Museo Radio', 'San Zeno', 'Sighseeing', 'Museo Miniscalchi']",Tomba Giulietta,strategy_nearest,False,0.0046520233154296875,success
04C9A5429C4C80,3,"['Arena', 'Duomo']",Teatro Romano,"['Santa Anastasia', 'AMO', 'Palazzo della Ragione', 'Museo Conte', 'Centro Fotografia']",Santa Anastasia,strategy_nearest,True,0.0033881664276123047,success
04C9A672743380,1,"['Arena', 'Casa Giulietta']",Torre Lamberti,"['Sighseeing', 'Centro Fotografia', 'Museo Conte', 'Palazzo della Ragione', 'AMO']",Palazzo della Ragione,strategy_nearest,True,0.0023598670959472656,success
04C9A73A9C4C80,2,['Museo Lapidario'],Casa Giulietta,"['Centro Fotografia', 'Sighseeing', 'Torre Lamberti', 'Museo Conte', 'Museo Radio']",Torre Lamberti,strategy_nearest,True,0.0031321048736572266,success
04C9A93A9C4C80,3,"['Arena', 'Casa Giulietta']",Torre Lamberti,"['Sighseeing', 'Centro Fotografia', 'Museo Conte', 'Palazzo della Ragione', 'AMO']",Santa Anastasia,strategy_nearest,False,0.0037720203399658203,success
04C9B1429C4C80,2,"['Santa Anastasia', 'Museo Lapidario']",Casa Giulietta,"['Centro Fotografia', 'Sighseeing', 'Torre Lamberti', 'Museo Conte', 'Museo Radio']",Palazzo della Ragione,strategy_nearest,False,0.002669095993041992,success
04C9B2429C4C80,3,"['Arena', 'Tomba Giulietta', 'San Fermo']",Casa Giulietta,"['Centro Fotografia', 'Sighseeing', 'Torre Lamberti', 'Museo Conte', 'Museo Radio']",Torre Lamberti,strategy_nearest,True,0.0038950443267822266,success
04C9AA429C4C80,3,"['Teatro Romano', 'Santa Anastasia']",Arena,"['Verona Tour', 'Museo Lapidario', 'Museo Radio', 'San Fermo', 'Casa Giulietta']",Casa Giulietta,strategy_nearest,True,0.003582000732421875,success
04C9B3429C4C80,3,"['Arena', 'Tomba Giulietta', 'Casa Giulietta']",Torre Lamberti,"['Sighseeing', 'Centro Fotografia', 'Museo Conte', 'Palazzo della Ragione', 'AMO']",Santa Anastasia,strategy_nearest,False,0.003203153610229492,success
04C9BD3A9C4C80,0,['Arena'],Casa Giulietta,"['Centro Fotografia', 'Sighseeing', 'Torre Lamberti', 'Museo Conte', 'Museo Radio']",Duomo,strategy_nearest,False,0.0036339759826660156,success
04C9BE429C4C80,0,['Arena'],Casa Giulietta,"['Centro Fotografia', 'Sighseeing', 'Torre Lamberti', 'Museo Conte', 'Museo Radio']",Torre Lamberti,strategy_nearest,True,0.005691051483154297,success
04C9C8429C4C80,2,['Castelvecchio'],Casa Giulietta,"['Centro Fotografia', 'Sighseeing', 'Torre Lamberti', 'Museo Conte', 'Museo Radio']",Torre Lamberti,strategy_nearest,True,0.0024042129516601562,success
04C9C83A9C4C80,2,['Castelvecchio'],Torre Lamberti,"['Sighseeing', 'Centro Fotografia', 'Museo Conte', 'Casa Giulietta', 'Palazzo della Ragione']",Casa Giulietta,strategy_nearest,True,0.006452083587646484,success
04C9DF3A9C4C80,0,['Arena'],San Zeno,"['Castelvecchio', 'Verona Tour', 'Museo Lapidario', 'Museo Miniscalchi', 'Sighseeing']",Teatro Romano,strategy_nearest,False,0.007241964340209961,success
04C9ED3A9C4C80,0,['Arena'],Casa Giulietta,"['Centro Fotografia', 'Sighseeing', 'Torre Lamberti', 'Museo Conte', 'Museo Radio']",Santa Anastasia,strategy_nearest,False,0.004211902618408203,success
04C9E83A9C4C80,3,['Arena'],Torre Lamberti,"['Sighseeing', 'Centro Fotografia', 'Museo Conte', 'Casa Giulietta', 'Palazzo della Ragione']",Santa Anastasia,strategy_nearest,False,0.003673076629638672,success
04CA124A9C4C80,1,"['Arena', 'Casa Giulietta']",Palazzo della Ragione,"['AMO', 'Museo Conte', 'Torre Lamberti', 'Centro Fotografia', 'Sighseeing']",Torre Lamberti,strategy_nearest,True,0.0015332698822021484,success
04CA0B429C4C84,1,"['Teatro Romano', 'Duomo']",Arena,"['Verona Tour', 'Museo Lapidario', 'Museo Radio', 'San Fermo', 'Casa Giulietta']",Torre Lamberti,strategy_nearest,False,0.004258871078491211,success
04CA12429C4C84,0,['Arena'],Museo Lapidario,"['Verona Tour', 'Castelvecchio', 'Museo Radio', 'San Fermo', 'Casa Giulietta']",Casa Giulietta,strategy_nearest,True,0.0025339126586914062,success
04CA16429C4C84,3,['Santa Anastasia'],Torre Lamberti,"['Sighseeing', 'Centro Fotografia', 'Museo Conte', 'Casa Giulietta', 'Palazzo della Ragione']",Arena,strategy_nearest,False,0.003576993942260742,success
04CA1C3A9C4C84,1,"['Torre Lamberti', 'Palazzo della Ragione', 'Santa Anastasia', 'Duomo']",Teatro Romano,"['AMO', 'Museo Conte', 'Centro Fotografia', 'Museo Miniscalchi', 'Giardino Giusti']",Casa Giulietta,strategy_nearest,False,0.0020470619201660156,success
04CA1E3A9C4C84,1,"['Museo Lapidario', 'Arena', 'Casa Giulietta']",Torre Lamberti,"['Sighseeing', 'Centro Fotografia', 'Museo Conte', 'Palazzo della Ragione', 'AMO']",Palazzo della Ragione,strategy_nearest,True,0.002986907958984375,success
04CA21429C4C84,3,"['Arena', 'Castelvecchio', 'San Zeno']",Santa Anastasia,"['AMO', 'Museo Conte', 'Palazzo della Ragione', 'Teatro Romano', 'Centro Fotografia']",Duomo,strategy_nearest,False,0.0021567344665527344,success
04CA24429C4C84,1,"['Arena', 'Casa Giulietta', 'Palazzo della Ragione']",Torre Lamberti,"['Sighseeing', 'Centro Fotografia', 'Museo Conte', 'AMO', 'Museo Miniscalchi']",Santa Anastasia,strategy_nearest,False,0.0034482479095458984,success
04CA25429C4C84,0,['Arena'],Castelvecchio,"['Museo Lapidario', 'Verona Tour', 'Museo Radio', 'San Zeno', 'Sighseeing']",Casa Giulietta,strategy_nearest,False,0.002385854721069336,success
04CA2A429C4C80,3,"['San Zeno', 'Castelvecchio']",Arena,"['Verona Tour', 'Museo Lapidario', 'Museo Radio', 'San Fermo', 'Casa Giulietta']",Santa Anastasia,strategy_nearest,False,0.002496957778930664,success
04CA314A9C4C80,3,"['Arena', 'Museo Lapidario', 'Casa Giulietta']",Santa Anastasia,"['AMO', 'Museo Conte', 'Palazzo della Ragione', 'Teatro Romano', 'Centro Fotografia']",San Zeno,strategy_nearest,False,0.0028400421142578125,success
04CA3D3A9C4C80,3,"['San Fermo', 'Casa Giulietta', 'Santa Anastasia', 'Arena']",Museo Lapidario,"['Verona Tour', 'Castelvecchio', 'Museo Radio', 'Tomba Giulietta', 'Sighseeing']",Duomo,strategy_nearest,False,0.0031342506408691406,success
04CA35429C4C80,0,"['Castelvecchio', 'Arena']",Casa Giulietta,"['Centro Fotografia', 'Sighseeing', 'Torre Lamberti', 'Museo Conte', 'Museo Radio']",Torre Lamberti,strategy_nearest,True,0.0030138492584228516,success
04CA3E429C4C80,2,"['Santa Anastasia', 'Duomo', 'Castelvecchio']",Tomba Giulietta,"['San Fermo', 'Museo Storia', 'Arena', 'Museo Lapidario', 'Museo Radio']",Casa Giulietta,strategy_nearest,False,0.003313302993774414,success
04CA4D3A9C4C80,3,"['San Fermo', 'Santa Anastasia', 'Duomo']",Teatro Romano,"['AMO', 'Palazzo della Ragione', 'Museo Conte', 'Centro Fotografia', 'Museo Miniscalchi']",Arena,strategy_nearest,False,0.0027599334716796875,success
04CA4E429C4C80,3,"['Arena', 'San Fermo']",Casa Giulietta,"['Centro Fotografia', 'Sighseeing', 'Torre Lamberti', 'Museo Conte', 'Museo Radio']",Torre Lamberti,strategy_nearest,True,0.002881765365600586,success
04CA50429C4C80,1,['Arena'],Palazzo della Ragione,"['AMO', 'Museo Conte', 'Torre Lamberti', 'Centro Fotografia', 'Sighseeing']",Torre Lamberti,strategy_nearest,True,0.0022346973419189453,success
04CA57429C4C80,0,"['Arena', 'Torre Lamberti', 'Casa Giulietta']",Teatro Romano,"['Santa Anastasia', 'Duomo', 'AMO', 'Palazzo della Ragione', 'Museo Conte']",San Zeno,strategy_nearest,False,0.002969980239868164,success
04CA61429C4C80,0,['Arena'],Casa Giulietta,"['Centro Fotografia', 'Sighseeing', 'Torre Lamberti', 'Museo Conte', 'Museo Radio']",Castelvecchio,strategy_nearest,False,0.0015730857849121094,success
04CA63429C4C80,3,"['Arena', 'Casa Giulietta']",San Fermo,"['Museo Storia', 'Museo Radio', 'Centro Fotografia', 'Sighseeing', 'Torre Lamberti']",Santa Anastasia,strategy_nearest,False,0.0037529468536376953,success
04CA6A429C4C80,3,"['Castelvecchio', 'Duomo', 'Teatro Romano']",Santa Anastasia,"['AMO', 'Museo Conte', 'Palazzo della Ragione', 'Centro Fotografia', 'Torre Lamberti']",Torre Lamberti,strategy_nearest,True,0.0022242069244384766,success
04CA60429C4C80,0,['Arena'],Casa Giulietta,"['Centro Fotografia', 'Sighseeing', 'Torre Lamberti', 'Museo Conte', 'Museo Radio']",Torre Lamberti,strategy_nearest,True,0.0031769275665283203,success
04CA72429C4C80,0,"['Arena', 'Museo Lapidario']",Casa Giulietta,"['Centro Fotografia', 'Sighseeing', 'Torre Lamberti', 'Museo Conte', 'Museo Radio']",Torre Lamberti,strategy_nearest,True,0.0022308826446533203,success
04CA73429C4C80,0,['Arena'],Casa Giulietta,"['Centro Fotografia', 'Sighseeing', 'Torre Lamberti', 'Museo Conte', 'Museo Radio']",Torre Lamberti,strategy_nearest,True,0.0027849674224853516,success
04CA77429C4C80,3,['San Zeno'],Arena,"['Verona Tour', 'Museo Lapidario', 'Museo Radio', 'San Fermo', 'Casa Giulietta']",Santa Anastasia,strategy_nearest,False,0.0015299320220947266,success
04CA793A9C4C80,1,"['Castelvecchio', 'Santa Anastasia']",Palazzo della Ragione,"['AMO', 'Museo Conte', 'Torre Lamberti', 'Centro Fotografia', 'Sighseeing']",Torre Lamberti,strategy_nearest,True,0.0033617019653320312,success
04CA81BA7B3F80,2,"['Giardino Giusti', 'Casa Giulietta']",San Zeno,"['Castelvecchio', 'Verona Tour', 'Museo Lapidario', 'Arena', 'Museo Miniscalchi']",San Fermo,strategy_nearest,False,0.0020859241485595703,success
04CA7C4A9C4C80,3,"['Arena', 'Santa Anastasia']",Duomo,"['AMO', 'Museo Miniscalchi', 'Teatro Romano', 'Palazzo della Ragione', 'Museo Conte']",Torre Lamberti,strategy_nearest,False,0.002711057662963867,success
04CA8F3A9C4C80,0,['Arena'],Casa Giulietta,"['Centro Fotografia', 'Sighseeing', 'Torre Lamberti', 'Museo Conte', 'Museo Radio']",Torre Lamberti,strategy_nearest,True,0.0024781227111816406,success
04CAA1429C4C80,3,['Arena'],Torre Lamberti,"['Sighseeing', 'Centro Fotografia', 'Museo Conte', 'Casa Giulietta', 'Palazzo della Ragione']",Santa Anastasia,strategy_nearest,False,0.002810955047607422,success
04CAA34A9C4C80,0,['Arena'],Casa Giulietta,"['Centro Fotografia', 'Sighseeing', 'Torre Lamberti', 'Museo Conte', 'Museo Radio']",Torre Lamberti,strategy_nearest,True,0.0019526481628417969,success
04CA99429C4C80,0,['Arena'],Museo Lapidario,"['Verona Tour', 'Castelvecchio', 'Museo Radio', 'San Fermo', 'Casa Giulietta']",Castelvecchio,strategy_nearest,True,0.003553152084350586,success
04CAB53A9C4C80,0,"['Arena', 'Casa Giulietta']",Duomo,"['AMO', 'Museo Miniscalchi', 'Santa Anastasia', 'Teatro Romano', 'Palazzo della Ragione']",Tomba Giulietta,strategy_nearest,False,0.0022389888763427734,success
04CAA63A9C4C80,3,"['Arena', 'Casa Giulietta']",Torre Lamberti,"['Sighseeing', 'Centro Fotografia', 'Museo Conte', 'Palazzo della Ragione', 'AMO']",Santa Anastasia,strategy_nearest,False,0.0035216808319091797,success
04CAAB3A9C4C80,3,"['Arena', 'Giardino Giusti']",Teatro Romano,"['Santa Anastasia', 'Duomo', 'AMO', 'Palazzo della Ragione', 'Museo Conte']",Duomo,strategy_nearest,True,0.003511190414428711,success
04CABA429C4C80,0,['Arena'],Casa Giulietta,"['Centro Fotografia', 'Sighseeing', 'Torre Lamberti', 'Museo Conte', 'Museo Radio']",Santa Anastasia,strategy_nearest,False,0.0035271644592285156,success
04CABB3A9C4C80,2,"['Castelvecchio', 'Tomba Giulietta']",San Fermo,"['Museo Storia', 'Museo Radio', 'Casa Giulietta', 'Centro Fotografia', 'Arena']",Torre Lamberti,strategy_nearest,False,0.0019829273223876953,success
04CABD429C4C80,0,['Arena'],Torre Lamberti,"['Sighseeing', 'Centro Fotografia', 'Museo Conte', 'Casa Giulietta', 'Palazzo della Ragione']",Castelvecchio,strategy_nearest,False,0.002599954605102539,success
04CABF429C4C80,3,"['Arena', 'Torre Lamberti', 'Casa Giulietta', 'Santa Anastasia']",Teatro Romano,"['Duomo', 'AMO', 'Palazzo della Ragione', 'Museo Conte', 'Centro Fotografia']",Duomo,strategy_nearest,True,0.00337982177734375,success
04CAC53A9C4C80,2,['Duomo'],Casa Giulietta,"['Centro Fotografia', 'Sighseeing', 'Torre Lamberti', 'Museo Conte', 'Museo Radio']",Castelvecchio,strategy_nearest,False,0.003072023391723633,success
04CAF23A9C4C80,1,"['Duomo', 'Arena']",Torre Lamberti,"['Sighseeing', 'Centro Fotografia', 'Museo Conte', 'Casa Giulietta', 'Palazzo della Ragione']",Palazzo della Ragione,strategy_nearest,True,0.0019450187683105469,success
04CAC83A9C4C80,3,['Arena'],Torre Lamberti,"['Sighseeing', 'Centro Fotografia', 'Museo Conte', 'Casa Giulietta', 'Palazzo della Ragione']",Santa Anastasia,strategy_nearest,False,0.0021390914916992188,success
04CACB3A9C4C80,1,"['Arena', 'Torre Lamberti']",Palazzo della Ragione,"['AMO', 'Museo Conte', 'Centro Fotografia', 'Sighseeing', 'Santa Anastasia']",Santa Anastasia,strategy_nearest,True,0.003329038619995117,success
04CB04429C4C84,0,['Arena'],Castelvecchio,"['Museo Lapidario', 'Verona Tour', 'Museo Radio', 'San Zeno', 'Sighseeing']",Casa Giulietta,strategy_nearest,False,0.002002239227294922,success
04CB13429C4C80,2,['Santa Anastasia'],Torre Lamberti,"['Sighseeing', 'Centro Fotografia', 'Museo Conte', 'Casa Giulietta', 'Palazzo della Ragione']",Palazzo della Ragione,strategy_nearest,True,0.002515077590942383,success
04CAF63A9C4C80,3,['Casa Giulietta'],Torre Lamberti,"['Sighseeing', 'Centro Fotografia', 'Museo Conte', 'Palazzo della Ragione', 'AMO']",Santa Anastasia,strategy_nearest,False,0.003515958786010742,success
04CB0D4A9C4C80,6,"['Verona Tour', 'Casa Giulietta', 'Palazzo della Ragione', 'Torre Lamberti']",Teatro Romano,"['Santa Anastasia', 'Duomo', 'AMO', 'Museo Conte', 'Centro Fotografia']",Duomo,strategy_nearest,True,0.0031800270080566406,success
04CB13429C4C84,1,['Arena'],Casa Giulietta,"['Centro Fotografia', 'Sighseeing', 'Torre Lamberti', 'Museo Conte', 'Museo Radio']",Palazzo della Ragione,strategy_nearest,False,0.0015878677368164062,success
04CB21429C4C84,3,"['Arena', 'Casa Giulietta', 'Torre Lamberti', 'Museo Lapidario']",Castelvecchio,"['Verona Tour', 'Museo Radio', 'San Zeno', 'Sighseeing', 'Museo Miniscalchi']",San Zeno,strategy_nearest,True,0.0026199817657470703,success
04CB21429C4C80,0,['Arena'],Torre Lamberti,"['Sighseeing', 'Centro Fotografia', 'Museo Conte', 'Casa Giulietta', 'Palazzo della Ragione']",Casa Giulietta,strategy_nearest,True,0.0020978450775146484,success
04CB20429C4C84,0,['Castelvecchio'],Casa Giulietta,"['Centro Fotografia', 'Sighseeing', 'Torre Lamberti', 'Museo Conte', 'Museo Radio']",Arena,strategy_nearest,False,0.0033419132232666016,success
04CB27429C4C84,0,['Arena'],Casa Giulietta,"['Centro Fotografia', 'Sighseeing', 'Torre Lamberti', 'Museo Conte', 'Museo Radio']",Santa Anastasia,strategy_nearest,False,0.002020120620727539,success
04CB22429C4C80,0,['Arena'],Casa Giulietta,"['Centro Fotografia', 'Sighseeing', 'Torre Lamberti', 'Museo Conte', 'Museo Radio']",Torre Lamberti,strategy_nearest,True,0.0028667449951171875,success
04CB233A9C4C80,1,"['Arena', 'Casa Giulietta']",Torre Lamberti,"['Sighseeing', 'Centro Fotografia', 'Museo Conte', 'Palazzo della Ragione', 'AMO']",Palazzo della Ragione,strategy_nearest,True,0.0015571117401123047,success
04CB23429C4C84,2,"['Castelvecchio', 'Torre Lamberti', 'Palazzo della Ragione', 'Santa Anastasia']",Casa Giulietta,"['Centro Fotografia', 'Sighseeing', 'Museo Conte', 'Museo Radio', 'San Fermo']",San Fermo,strategy_nearest,True,0.0035009384155273438,success
04CB2C3A9C4C80,3,"['Arena', 'Casa Giulietta']",Torre Lamberti,"['Sighseeing', 'Centro Fotografia', 'Museo Conte', 'Palazzo della Ragione', 'AMO']",Teatro Romano,strategy_nearest,False,0.0027608871459960938,success
04CB2E4A9C4C80,3,"['Castelvecchio', 'San Zeno', 'Arena']",Torre Lamberti,"['Sighseeing', 'Centro Fotografia', 'Museo Conte', 'Casa Giulietta', 'Palazzo della Ragione']",Santa Anastasia,strategy_nearest,False,0.002590179443359375,success
04CB2A429C4C84,0,"['San Fermo', 'Tomba Giulietta']",Arena,"['Verona Tour', 'Museo Lapidario', 'Museo Radio', 'Casa Giulietta', 'Sighseeing']",Casa Giulietta,strategy_nearest,True,0.0021708011627197266,success
04CB2F3A9C4C80,1,"['Casa Giulietta', 'San Fermo', 'Tomba Giulietta', 'Arena']",Torre Lamberti,"['Sighseeing', 'Centro Fotografia', 'Museo Conte', 'Palazzo della Ragione', 'AMO']",Palazzo della Ragione,strategy_nearest,True,0.003387928009033203,success
04CB39429C4C80,1,"['Arena', 'Casa Giulietta']",Palazzo della Ragione,"['AMO', 'Museo Conte', 'Torre Lamberti', 'Centro Fotografia', 'Sighseeing']",Torre Lamberti,strategy_nearest,True,0.002699136734008789,success
04CB45429C4C80,1,"['San Fermo', 'Santa Anastasia', 'Duomo', 'San Zeno']",Casa Giulietta,"['Centro Fotografia', 'Sighseeing', 'Torre Lamberti', 'Museo Conte', 'Museo Radio']",Arena,strategy_nearest,False,0.002640247344970703,success
04CB41429C4C80,2,"['Casa Giulietta', 'Santa Anastasia']",Tomba Giulietta,"['San Fermo', 'Museo Storia', 'Arena', 'Museo Lapidario', 'Museo Radio']",Torre Lamberti,strategy_nearest,False,0.0014488697052001953,success
04CB48429C4C80,1,"['Arena', 'Casa Giulietta']",Palazzo della Ragione,"['AMO', 'Museo Conte', 'Torre Lamberti', 'Centro Fotografia', 'Sighseeing']",Castelvecchio,strategy_nearest,False,0.0034089088439941406,success
04CB4A429C4C80,0,['Arena'],Casa Giulietta,"['Centro Fotografia', 'Sighseeing', 'Torre Lamberti', 'Museo Conte', 'Museo Radio']",Torre Lamberti,strategy_nearest,True,0.002518177032470703,success
04CB4E3A9C4C80,2,"['Casa Giulietta', 'Torre Lamberti', 'Palazzo della Ragione']",Santa Anastasia,"['AMO', 'Museo Conte', 'Teatro Romano', 'Centro Fotografia', 'Duomo']",Teatro Romano,strategy_nearest,True,0.0030889511108398438,success
04CB53429C4C80,3,['Arena'],Santa Anastasia,"['AMO', 'Museo Conte', 'Palazzo della Ragione', 'Teatro Romano', 'Centro Fotografia']",Teatro Romano,strategy_nearest,True,0.0034322738647460938,success
04CB4E429C4C80,0,['Arena'],San Fermo,"['Museo Storia', 'Museo Radio', 'Casa Giulietta', 'Centro Fotografia', 'Sighseeing']",Castelvecchio,strategy_nearest,False,0.0029249191284179688,success
04CB57429C4C80,0,['Arena'],Casa Giulietta,"['Centro Fotografia', 'Sighseeing', 'Torre Lamberti', 'Museo Conte', 'Museo Radio']",Duomo,strategy_nearest,False,0.0034418106079101562,success
04CB5B429C4C80,0,['Arena'],Castelvecchio,"['Museo Lapidario', 'Verona Tour', 'Museo Radio', 'San Zeno', 'Sighseeing']",Casa Giulietta,strategy_nearest,False,0.0027878284454345703,success
04CB70429C4C80,2,['Castelvecchio'],Casa Giulietta,"['Centro Fotografia', 'Sighseeing', 'Torre Lamberti', 'Museo Conte', 'Museo Radio']",Teatro Romano,strategy_nearest,False,0.002908945083618164,success
04CB753A9C4C80,1,"['Tomba Giulietta', 'Arena']",Casa Giulietta,"['Centro Fotografia', 'Sighseeing', 'Torre Lamberti', 'Museo Conte', 'Museo Radio']",Palazzo della Ragione,strategy_nearest,False,0.0032927989959716797,success
04CB75429C4C80,3,"['Tomba Giulietta', 'Arena', 'Castelvecchio']",Torre Lamberti,"['Sighseeing', 'Centro Fotografia', 'Museo Conte', 'Casa Giulietta', 'Palazzo della Ragione']",Casa Giulietta,strategy_nearest,True,0.0025169849395751953,success
04CB84429C4C80,3,['Arena'],Torre Lamberti,"['Sighseeing', 'Centro Fotografia', 'Museo Conte', 'Casa Giulietta', 'Palazzo della Ragione']",Santa Anastasia,strategy_nearest,False,0.003213167190551758,success
04CB984A9C4C80,1,"['Arena', 'Casa Giulietta']",Torre Lamberti,"['Sighseeing', 'Centro Fotografia', 'Museo Conte', 'Palazzo della Ragione', 'AMO']",Palazzo della Ragione,strategy_nearest,True,0.0032799243927001953,success
04CB853A9C4C80,2,['Palazzo della Ragione'],Santa Anastasia,"['AMO', 'Museo Conte', 'Teatro Romano', 'Centro Fotografia', 'Duomo']",Duomo,strategy_nearest,True,0.002596139907836914,success
04CB9E429C4C80,2,['Tomba Giulietta'],Casa Giulietta,"['Centro Fotografia', 'Sighseeing', 'Torre Lamberti', 'Museo Conte', 'Museo Radio']",Duomo,strategy_nearest,False,0.001984119415283203,success
04CB9F429C4C80,3,['Arena'],Casa Giulietta,"['Centro Fotografia', 'Sighseeing', 'Torre Lamberti', 'Museo Conte', 'Museo Radio']",Santa Anastasia,strategy_nearest,False,0.0030248165130615234,success
04CBA1429C4C80,2,['Castelvecchio'],Palazzo della Ragione,"['AMO', 'Museo Conte', 'Torre Lamberti', 'Centro Fotografia', 'Sighseeing']",Santa Anastasia,strategy_nearest,False,0.0026900768280029297,success
04CBA24A9C4C80,0,['Arena'],Duomo,"['AMO', 'Museo Miniscalchi', 'Santa Anastasia', 'Teatro Romano', 'Palazzo della Ragione']",Torre Lamberti,strategy_nearest,False,0.0018689632415771484,success
04CBA3429C4C80,0,"['Arena', 'Museo Lapidario']",Castelvecchio,"['Verona Tour', 'Museo Radio', 'San Zeno', 'Sighseeing', 'Museo Miniscalchi']",Casa Giulietta,strategy_nearest,False,0.003270864486694336,success
04CBA64A9C4C80,0,['Casa Giulietta'],Arena,"['Verona Tour', 'Museo Lapidario', 'Museo Radio', 'San Fermo', 'Sighseeing']",Castelvecchio,strategy_nearest,False,0.0020055770874023438,success
04CBB53A9C4C80,1,['Arena'],San Zeno,"['Castelvecchio', 'Verona Tour', 'Museo Lapidario', 'Museo Miniscalchi', 'Sighseeing']",Torre Lamberti,strategy_nearest,False,0.0026099681854248047,success
04CBB93A9C4C80,0,['Arena'],Casa Giulietta,"['Centro Fotografia', 'Sighseeing', 'Torre Lamberti', 'Museo Conte', 'Museo Radio']",Castelvecchio,strategy_nearest,False,0.0012738704681396484,success
04CBBA429C4C80,3,"['Arena', 'San Zeno']",Casa Giulietta,"['Centro Fotografia', 'Sighseeing', 'Torre Lamberti', 'Museo Conte', 'Museo Radio']",Torre Lamberti,strategy_nearest,True,0.0020406246185302734,success
04CBBF429C4C80,1,"['Duomo', 'Teatro Romano', 'Torre Lamberti']",Arena,"['Verona Tour', 'Museo Lapidario', 'Museo Radio', 'San Fermo', 'Casa Giulietta']",Casa Giulietta,strategy_nearest,True,0.00292205810546875,success
04CBC0429C4C80,3,"['Arena', 'Castelvecchio']",Duomo,"['AMO', 'Museo Miniscalchi', 'Santa Anastasia', 'Teatro Romano', 'Palazzo della Ragione']",Santa Anastasia,strategy_nearest,True,0.003396272659301758,success
04CBD73A9C4C80,1,['Arena'],Torre Lamberti,"['Sighseeing', 'Centro Fotografia', 'Museo Conte', 'Casa Giulietta', 'Palazzo della Ragione']",Palazzo della Ragione,strategy_nearest,True,0.002422809600830078,success
04CBD93A9C4C80,3,"['Casa Giulietta', 'Torre Lamberti']",Santa Anastasia,"['AMO', 'Museo Conte', 'Palazzo della Ragione', 'Teatro Romano', 'Centro Fotografia']",Duomo,strategy_nearest,False,0.002454996109008789,success
04CBF93A9C4C80,0,['Arena'],Casa Giulietta,"['Centro Fotografia', 'Sighseeing', 'Torre Lamberti', 'Museo Conte', 'Museo Radio']",Torre Lamberti,strategy_nearest,True,0.002007007598876953,success
04CBE63A9C4C80,3,"['Arena', 'Castelvecchio']",San Zeno,"['Verona Tour', 'Museo Lapidario', 'Museo Miniscalchi', 'Sighseeing', 'Museo Radio']",Torre Lamberti,strategy_nearest,False,0.0033020973205566406,success
04CC11429C4C80,2,['Museo Lapidario'],Casa Giulietta,"['Centro Fotografia', 'Sighseeing', 'Torre Lamberti', 'Museo Conte', 'Museo Radio']",Torre Lamberti,strategy_nearest,True,0.003465890884399414,success
04CC11429C4C84,1,['Arena'],Teatro Romano,"['Santa Anastasia', 'Duomo', 'AMO', 'Palazzo della Ragione', 'Museo Conte']",Santa Anastasia,strategy_nearest,True,0.0029718875885009766,success
04CC1B3A9C4C80,0,['Arena'],San Fermo,"['Museo Storia', 'Museo Radio', 'Casa Giulietta', 'Centro Fotografia', 'Sighseeing']",Duomo,strategy_nearest,False,0.0018818378448486328,success
04CC14429C4C84,2,"['San Fermo', 'Giardino Giusti']",Teatro Romano,"['Santa Anastasia', 'Duomo', 'AMO', 'Palazzo della Ragione', 'Museo Conte']",Casa Giulietta,strategy_nearest,False,0.003843069076538086,success
04CC1A429C4C84,1,"['Arena', 'Castelvecchio', 'Santa Anastasia']",Duomo,"['AMO', 'Museo Miniscalchi', 'Teatro Romano', 'Palazzo della Ragione', 'Museo Conte']",Teatro Romano,strategy_nearest,True,0.0026140213012695312,success
04CC1D3A9C4C84,3,"['Castelvecchio', 'Arena']",San Fermo,"['Museo Storia', 'Museo Radio', 'Casa Giulietta', 'Centro Fotografia', 'Sighseeing']",Torre Lamberti,strategy_nearest,False,0.003343820571899414,success
04CC303A9C4C80,1,"['Castelvecchio', 'Arena', 'San Fermo']",Casa Giulietta,"['Centro Fotografia', 'Sighseeing', 'Torre Lamberti', 'Museo Conte', 'Museo Radio']",Palazzo della Ragione,strategy_nearest,False,0.0026900768280029297,success
04CC21429C4C84,3,['Arena'],Santa Anastasia,"['AMO', 'Museo Conte', 'Palazzo della Ragione', 'Teatro Romano', 'Centro Fotografia']",Torre Lamberti,strategy_nearest,False,0.0024509429931640625,success
04CC3A429C4C80,1,"['Castelvecchio', 'Teatro Romano']",Arena,"['Verona Tour', 'Museo Lapidario', 'Museo Radio', 'San Fermo', 'Casa Giulietta']",Torre Lamberti,strategy_nearest,False,0.003206968307495117,success
04CC413A9C4C80,3,"['Casa Giulietta', 'Arena']",Santa Anastasia,"['AMO', 'Museo Conte', 'Palazzo della Ragione', 'Teatro Romano', 'Centro Fotografia']",Duomo,strategy_nearest,False,0.002546072006225586,success
04CC433A9C4C80,1,"['Casa Giulietta', 'Torre Lamberti', 'Palazzo della Ragione']",Arena,"['Verona Tour', 'Museo Lapidario', 'Museo Radio', 'San Fermo', 'Sighseeing']",Santa Anastasia,strategy_nearest,False,0.0032320022583007812,success
04CC22429C4C80,0,['Arena'],Castelvecchio,"['Museo Lapidario', 'Verona Tour', 'Museo Radio', 'San Zeno', 'Sighseeing']",Casa Giulietta,strategy_nearest,False,0.003525257110595703,success
04CC44429C4C80,1,['Torre Lamberti'],Palazzo della Ragione,"['AMO', 'Museo Conte', 'Centro Fotografia', 'Sighseeing', 'Santa Anastasia']",Arena,strategy_nearest,False,0.0019180774688720703,success
04CC4E429C4C80,0,['Arena'],Casa Giulietta,"['Centro Fotografia', 'Sighseeing', 'Torre Lamberti', 'Museo Conte', 'Museo Radio']",Tomba Giulietta,strategy_nearest,False,0.00203704833984375,success
04CC463A9C4C80,3,['Arena'],Duomo,"['AMO', 'Museo Miniscalchi', 'Santa Anastasia', 'Teatro Romano', 'Palazzo della Ragione']",Teatro Romano,strategy_nearest,True,0.002808094024658203,success
04CC49429C4C80,1,"['Duomo', 'Santa Anastasia', 'Casa Giulietta', 'Castelvecchio', 'Arena']",Museo Lapidario,"['Verona Tour', 'Museo Radio', 'San Fermo', 'Tomba Giulietta', 'Sighseeing']",Torre Lamberti,strategy_nearest,False,0.0035080909729003906,success
04CC4D429C4C80,1,"['Arena', 'Casa Giulietta']",Palazzo della Ragione,"['AMO', 'Museo Conte', 'Torre Lamberti', 'Centro Fotografia', 'Sighseeing']",Castelvecchio,strategy_nearest,False,0.001516103744506836,success
04CC92429C4C80,2,"['Palazzo della Ragione', 'San Fermo']",Castelvecchio,"['Museo Lapidario', 'Verona Tour', 'Arena', 'Museo Radio', 'San Zeno']",Torre Lamberti,strategy_nearest,False,0.0024781227111816406,success
04CC69429C4C80,2,['Palazzo della Ragione'],Torre Lamberti,"['Sighseeing', 'Centro Fotografia', 'Museo Conte', 'Casa Giulietta', 'AMO']",Santa Anastasia,strategy_nearest,False,0.001996755599975586,success
04CC753A9C4C80,2,['Torre Lamberti'],Palazzo della Ragione,"['AMO', 'Museo Conte', 'Centro Fotografia', 'Sighseeing', 'Santa Anastasia']",Casa Giulietta,strategy_nearest,False,0.0025751590728759766,success
04CC98429C4C80,0,['Arena'],Casa Giulietta,"['Centro Fotografia', 'Sighseeing', 'Torre Lamberti', 'Museo Conte', 'Museo Radio']",San Zeno,strategy_nearest,False,0.0019702911376953125,success
04CC9F429C4C80,0,['Arena'],Casa Giulietta,"['Centro Fotografia', 'Sighseeing', 'Torre Lamberti', 'Museo Conte', 'Museo Radio']",Castelvecchio,strategy_nearest,False,0.002683877944946289,success
04CC924A9C4C80,3,"['Arena', 'Castelvecchio']",Casa Giulietta,"['Centro Fotografia', 'Sighseeing', 'Torre Lamberti', 'Museo Conte', 'Museo Radio']",Santa Anastasia,strategy_nearest,False,0.002853870391845703,success
04CC9F4A9C4C80,2,['Duomo'],Santa Anastasia,"['AMO', 'Museo Conte', 'Palazzo della Ragione', 'Teatro Romano', 'Centro Fotografia']",Casa Giulietta,strategy_nearest,False,0.003156900405883789,success
04CCA3429C4C80,1,"['Castelvecchio', 'Arena', 'Casa Giulietta']",San Fermo,"['Museo Storia', 'Museo Radio', 'Centro Fotografia', 'Sighseeing', 'Torre Lamberti']",Santa Anastasia,strategy_nearest,False,0.0017881393432617188,success
04CCA0429C4C80,1,"['Tomba Giulietta', 'Arena']",Casa Giulietta,"['Centro Fotografia', 'Sighseeing', 'Torre Lamberti', 'Museo Conte', 'Museo Radio']",Torre Lamberti,strategy_nearest,True,0.0033941268920898438,success
04CCA672743380,1,"['San Fermo', 'San Zeno', 'Santa Anastasia', 'Casa Giulietta']",Arena,"['Verona Tour', 'Museo Lapidario', 'Museo Radio', 'Sighseeing', 'Castelvecchio']",Torre Lamberti,strategy_nearest,False,0.003367900848388672,success
04CCAB3A9C4C80,0,['Torre Lamberti'],Duomo,"['AMO', 'Museo Miniscalchi', 'Santa Anastasia', 'Teatro Romano', 'Palazzo della Ragione']",Arena,strategy_nearest,False,0.002931833267211914,success
04CCAB4A9C4C80,2,['San Fermo'],Giardino Giusti,"['Santa Anastasia', 'Teatro Romano', 'Museo Conte', 'Centro Fotografia', 'Museo Storia']",Santa Anastasia,strategy_nearest,True,0.0025119781494140625,success
04CCB83A9C4C80,1,"['Arena', 'Museo Lapidario', 'San Fermo', 'Casa Giulietta']",Torre Lamberti,"['Sighseeing', 'Centro Fotografia', 'Museo Conte', 'Palazzo della Ragione', 'AMO']",Palazzo della Ragione,strategy_nearest,True,0.003240823745727539,success
04CCAC3A9C4C80,0,['Casa Giulietta'],Tomba Giulietta,"['San Fermo', 'Museo Storia', 'Arena', 'Museo Lapidario', 'Museo Radio']",Arena,strategy_nearest,True,0.0032889842987060547,success
04CCB13A9C4C80,3,"['Arena', 'Castelvecchio']",Casa Giulietta,"['Centro Fotografia', 'Sighseeing', 'Torre Lamberti', 'Museo Conte', 'Museo Radio']",Santa Anastasia,strategy_nearest,False,0.002683877944946289,success
04CCBA429C4C80,0,['Castelvecchio'],Arena,"['Verona Tour', 'Museo Lapidario', 'Museo Radio', 'San Fermo', 'Casa Giulietta']",Casa Giulietta,strategy_nearest,True,0.0010390281677246094,success
04CCC7429C4C80,3,"['Casa Giulietta', 'Torre Lamberti']",Santa Anastasia,"['AMO', 'Museo Conte', 'Palazzo della Ragione', 'Teatro Romano', 'Centro Fotografia']",Arena,strategy_nearest,False,0.0026149749755859375,success
04CCC0429C4C80,2,"['San Fermo', 'San Zeno', 'Castelvecchio']",Santa Anastasia,"['AMO', 'Museo Conte', 'Palazzo della Ragione', 'Teatro Romano', 'Centro Fotografia']",Palazzo della Ragione,strategy_nearest,True,0.0034139156341552734,success
04CCC33A9C4C80,3,"['Arena', 'Casa Giulietta']",Torre Lamberti,"['Sighseeing', 'Centro Fotografia', 'Museo Conte', 'Palazzo della Ragione', 'AMO']",Santa Anastasia,strategy_nearest,False,0.0021409988403320312,success
04CCD23A9C4C80,0,['Santa Anastasia'],Casa Giulietta,"['Centro Fotografia', 'Sighseeing', 'Torre Lamberti', 'Museo Conte', 'Museo Radio']",Arena,strategy_nearest,False,0.0015938282012939453,success
04CCD73A9C4C80,1,"['Arena', 'Casa Giulietta']",Torre Lamberti,"['Sighseeing', 'Centro Fotografia', 'Museo Conte', 'Palazzo della Ragione', 'AMO']",Palazzo della Ragione,strategy_nearest,True,0.002840757369995117,success
04CCC8429C4C80,0,['Arena'],Casa Giulietta,"['Centro Fotografia', 'Sighseeing', 'Torre Lamberti', 'Museo Conte', 'Museo Radio']",Giardino Giusti,strategy_nearest,False,0.004094839096069336,success
04CCE73A9C4C80,2,['Casa Giulietta'],Torre Lamberti,"['Sighseeing', 'Centro Fotografia', 'Museo Conte', 'Palazzo della Ragione', 'AMO']",Palazzo della Ragione,strategy_nearest,True,0.003256082534790039,success
04CCF3429C4C80,1,"['Torre Lamberti', 'Palazzo della Ragione']",Casa Giulietta,"['Centro Fotografia', 'Sighseeing', 'Museo Conte', 'Museo Radio', 'San Fermo']",Arena,strategy_nearest,False,0.0013289451599121094,success
04CCFC3A9C4C80,3,['Arena'],Torre Lamberti,"['Sighseeing', 'Centro Fotografia', 'Museo Conte', 'Casa Giulietta', 'Palazzo della Ragione']",Santa Anastasia,strategy_nearest,False,0.0026607513427734375,success
04CCE93A9C4C80,0,['Arena'],San Zeno,"['Castelvecchio', 'Verona Tour', 'Museo Lapidario', 'Museo Miniscalchi', 'Sighseeing']",Castelvecchio,strategy_nearest,True,0.0033600330352783203,success
04CD03429C4C84,3,"['Arena', 'Castelvecchio']",Torre Lamberti,"['Sighseeing', 'Centro Fotografia', 'Museo Conte', 'Casa Giulietta', 'Palazzo della Ragione']",Santa Anastasia,strategy_nearest,False,0.0033609867095947266,success
04CD0A3A9C4C84,1,"['Casa Giulietta', 'Palazzo della Ragione', 'Torre Lamberti']",Castelvecchio,"['Museo Lapidario', 'Verona Tour', 'Arena', 'Museo Radio', 'San Zeno']",Teatro Romano,strategy_nearest,False,0.0028688907623291016,success
04CD0B429C4C84,0,['Arena'],Casa Giulietta,"['Centro Fotografia', 'Sighseeing', 'Torre Lamberti', 'Museo Conte', 'Museo Radio']",Torre Lamberti,strategy_nearest,True,0.002374887466430664,success
04CD1F4A9C4C80,3,"['Arena', 'Castelvecchio']",Casa Giulietta,"['Centro Fotografia', 'Sighseeing', 'Torre Lamberti', 'Museo Conte', 'Museo Radio']",Santa Anastasia,strategy_nearest,False,0.0026748180389404297,success
04CD27429C4C84,0,"['Castelvecchio', 'Arena']",Casa Giulietta,"['Centro Fotografia', 'Sighseeing', 'Torre Lamberti', 'Museo Conte', 'Museo Radio']",Torre Lamberti,strategy_nearest,True,0.003175973892211914,success
04CD2D429C4C80,1,"['Arena', 'Palazzo della Ragione', 'Torre Lamberti', 'Museo Storia']",San Fermo,"['Museo Radio', 'Casa Giulietta', 'Centro Fotografia', 'Sighseeing', 'Museo Conte']",Santa Anastasia,strategy_nearest,False,0.0034317970275878906,success
04CD314A9C4C80,3,"['Casa Giulietta', 'Tomba Giulietta', 'Castelvecchio']",San Fermo,"['Museo Storia', 'Museo Radio', 'Centro Fotografia', 'Arena', 'Sighseeing']",Arena,strategy_nearest,True,0.0030448436737060547,success
04CD3B4A9C4C80,0,"['Arena', 'Museo Lapidario']",Castelvecchio,"['Verona Tour', 'Museo Radio', 'San Zeno', 'Sighseeing', 'Museo Miniscalchi']",Torre Lamberti,strategy_nearest,False,0.00226593017578125,success
04CD49429C4C80,0,['Arena'],Museo Lapidario,"['Verona Tour', 'Castelvecchio', 'Museo Radio', 'San Fermo', 'Casa Giulietta']",Castelvecchio,strategy_nearest,True,0.002479076385498047,success
04CD3E3A9C4C80,1,"['Castelvecchio', 'Museo Lapidario', 'Arena', 'San Fermo']",Casa Giulietta,"['Centro Fotografia', 'Sighseeing', 'Torre Lamberti', 'Museo Conte', 'Museo Radio']",Palazzo della Ragione,strategy_nearest,False,0.003183126449584961,success
04CD3C3A9C4C80,3,"['Teatro Romano', 'Casa Giulietta', 'San Fermo']",Tomba Giulietta,"['Museo Storia', 'Arena', 'Museo Lapidario', 'Museo Radio', 'Verona Tour']",Arena,strategy_nearest,True,0.0034399032592773438,success
04CD4F429C4C80,0,['Arena'],Castelvecchio,"['Museo Lapidario', 'Verona Tour', 'Museo Radio', 'San Zeno', 'Sighseeing']",Casa Giulietta,strategy_nearest,False,0.0020868778228759766,success
04CD55429C4C80,3,"['Arena', 'Castelvecchio']",San Zeno,"['Verona Tour', 'Museo Lapidario', 'Museo Miniscalchi', 'Sighseeing', 'Museo Radio']",Torre Lamberti,strategy_nearest,False,0.0024149417877197266,success
04CD4C429C4C80,0,"['Arena', 'Torre Lamberti']",Casa Giulietta,"['Centro Fotografia', 'Sighseeing', 'Museo Conte', 'Museo Radio', 'Palazzo della Ragione']",Teatro Romano,strategy_nearest,False,0.0033311843872070312,success
04CD4A429C4C80,2,['Castelvecchio'],Casa Giulietta,"['Centro Fotografia', 'Sighseeing', 'Torre Lamberti', 'Museo Conte', 'Museo Radio']",Tomba Giulietta,strategy_nearest,False,0.0036039352416992188,success
04CD5F429C4C80,0,['Arena'],Casa Giulietta,"['Centro Fotografia', 'Sighseeing', 'Torre Lamberti', 'Museo Conte', 'Museo Radio']",Torre Lamberti,strategy_nearest,True,0.0021162033081054688,success
04CD6F3A9C4C80,2,"['Teatro Romano', 'Giardino Giusti']",Duomo,"['AMO', 'Museo Miniscalchi', 'Santa Anastasia', 'Palazzo della Ragione', 'Museo Conte']",Castelvecchio,strategy_nearest,False,0.0031418800354003906,success
04CD58429C4C80,2,"['Castelvecchio', 'Casa Giulietta']",Torre Lamberti,"['Sighseeing', 'Centro Fotografia', 'Museo Conte', 'Palazzo della Ragione', 'AMO']",Santa Anastasia,strategy_nearest,False,0.00397801399230957,success
04CD59429C4C80,3,['Arena'],Torre Lamberti,"['Sighseeing', 'Centro Fotografia', 'Museo Conte', 'Casa Giulietta', 'Palazzo della Ragione']",Santa Anastasia,strategy_nearest,False,0.001383066177368164,success
04CD77429C4C80,3,"['Arena', 'Santa Anastasia']",Duomo,"['AMO', 'Museo Miniscalchi', 'Teatro Romano', 'Palazzo della Ragione', 'Museo Conte']",Casa Giulietta,strategy_nearest,False,0.0026407241821289062,success
04CD70429C4C80,2,['Castelvecchio'],Duomo,"['AMO', 'Museo Miniscalchi', 'Santa Anastasia', 'Teatro Romano', 'Palazzo della Ragione']",Santa Anastasia,strategy_nearest,True,0.001650094985961914,success
04CD74429C4C80,3,['Arena'],Torre Lamberti,"['Sighseeing', 'Centro Fotografia', 'Museo Conte', 'Casa Giulietta', 'Palazzo della Ragione']",Santa Anastasia,strategy_nearest,False,0.002209901809692383,success
04CD7D4A9C4C80,0,['Arena'],Museo Lapidario,"['Verona Tour', 'Castelvecchio', 'Museo Radio', 'San Fermo', 'Casa Giulietta']",Casa Giulietta,strategy_nearest,True,0.003186941146850586,success
04CD804A9C4C80,0,['Arena'],Torre Lamberti,"['Sighseeing', 'Centro Fotografia', 'Museo Conte', 'Casa Giulietta', 'Palazzo della Ragione']",Casa Giulietta,strategy_nearest,True,0.0033500194549560547,success
04CD834A9C4C80,0,['Arena'],Casa Giulietta,"['Centro Fotografia', 'Sighseeing', 'Torre Lamberti', 'Museo Conte', 'Museo Radio']",Torre Lamberti,strategy_nearest,True,0.002109050750732422,success
04CD864A9C4C80,0,['Arena'],Casa Giulietta,"['Centro Fotografia', 'Sighseeing', 'Torre Lamberti', 'Museo Conte', 'Museo Radio']",Duomo,strategy_nearest,False,0.0013000965118408203,success
04CD92429C4C80,2,['Palazzo della Ragione'],Torre Lamberti,"['Sighseeing', 'Centro Fotografia', 'Museo Conte', 'Casa Giulietta', 'AMO']",Casa Giulietta,strategy_nearest,True,0.001705169677734375,success
04CD8D4A9C4C80,0,['Arena'],Casa Giulietta,"['Centro Fotografia', 'Sighseeing', 'Torre Lamberti', 'Museo Conte', 'Museo Radio']",Santa Anastasia,strategy_nearest,False,0.003220081329345703,success
04CD93429C4C80,0,['Arena'],Castelvecchio,"['Museo Lapidario', 'Verona Tour', 'Museo Radio', 'San Zeno', 'Sighseeing']",Torre Lamberti,strategy_nearest,False,0.0019609928131103516,success
04CD9C429C4C80,3,"['Arena', 'Torre Lamberti']",Santa Anastasia,"['AMO', 'Museo Conte', 'Palazzo della Ragione', 'Teatro Romano', 'Centro Fotografia']",Duomo,strategy_nearest,False,0.0019648075103759766,success
04CD99429C4C80,0,['Arena'],Casa Giulietta,"['Centro Fotografia', 'Sighseeing', 'Torre Lamberti', 'Museo Conte', 'Museo Radio']",Torre Lamberti,strategy_nearest,True,0.0029439926147460938,success
04CD994A9C4C80,1,"['Arena', 'Torre Lamberti']",Palazzo della Ragione,"['AMO', 'Museo Conte', 'Centro Fotografia', 'Sighseeing', 'Santa Anastasia']",Santa Anastasia,strategy_nearest,True,0.0041217803955078125,success
04CD9B4A9C4C80,0,['Arena'],Casa Giulietta,"['Centro Fotografia', 'Sighseeing', 'Torre Lamberti', 'Museo Conte', 'Museo Radio']",Santa Anastasia,strategy_nearest,False,0.002666950225830078,success
04CDA0429C4C80,0,"['Arena', 'Castelvecchio']",Torre Lamberti,"['Sighseeing', 'Centro Fotografia', 'Museo Conte', 'Casa Giulietta', 'Palazzo della Ragione']",Casa Giulietta,strategy_nearest,True,0.0022552013397216797,success
04CDAA4A9C4C80,1,['Arena'],Torre Lamberti,"['Sighseeing', 'Centro Fotografia', 'Museo Conte', 'Casa Giulietta', 'Palazzo della Ragione']",Palazzo della Ragione,strategy_nearest,True,0.002593994140625,success
04CDAA3A9C4C80,2,"['Torre Lamberti', 'Casa Giulietta']",Museo Lapidario,"['Verona Tour', 'Arena', 'Castelvecchio', 'Museo Radio', 'San Fermo']",San Zeno,strategy_nearest,False,0.0021660327911376953,success
04CDA73A9C4C80,2,"['Teatro Romano', 'Santa Anastasia']",Casa Giulietta,"['Centro Fotografia', 'Sighseeing', 'Torre Lamberti', 'Museo Conte', 'Museo Radio']",San Fermo,strategy_nearest,False,0.0033721923828125,success
04CDAD429C4C80,2,"['Tomba Giulietta', 'San Fermo']",Santa Anastasia,"['AMO', 'Museo Conte', 'Palazzo della Ragione', 'Teatro Romano', 'Centro Fotografia']",Duomo,strategy_nearest,False,0.002157926559448242,success
04CDC5429C4C80,1,"['Arena', 'Casa Giulietta']",Torre Lamberti,"['Sighseeing', 'Centro Fotografia', 'Museo Conte', 'Palazzo della Ragione', 'AMO']",Palazzo della Ragione,strategy_nearest,True,0.002593994140625,success
04CDB2429C4C80,1,['Casa Giulietta'],Arena,"['Verona Tour', 'Museo Lapidario', 'Museo Radio', 'San Fermo', 'Sighseeing']",Palazzo della Ragione,strategy_nearest,False,0.0014979839324951172,success
04CDAF429C4C80,2,"['Museo Lapidario', 'Casa Giulietta', 'Palazzo della Ragione']",Torre Lamberti,"['Sighseeing', 'Centro Fotografia', 'Museo Conte', 'AMO', 'Museo Miniscalchi']",Santa Anastasia,strategy_nearest,False,0.0033948421478271484,success
04CDE03A9C4C80,2,"['Teatro Romano', 'Santa Anastasia']",Duomo,"['AMO', 'Museo Miniscalchi', 'Palazzo della Ragione', 'Museo Conte', 'Torre Lamberti']",Castelvecchio,strategy_nearest,False,0.002640247344970703,success
04CDDB3A9C4C80,3,"['Arena', 'Casa Giulietta']",Torre Lamberti,"['Sighseeing', 'Centro Fotografia', 'Museo Conte', 'Palazzo della Ragione', 'AMO']",Santa Anastasia,strategy_nearest,False,0.0027620792388916016,success
04CDCF3A9C4C80,3,"['Santa Anastasia', 'Duomo', 'Teatro Romano']",Arena,"['Verona Tour', 'Museo Lapidario', 'Museo Radio', 'San Fermo', 'Casa Giulietta']",Castelvecchio,strategy_nearest,False,0.002190113067626953,success
04CDDF3A9C4C80,1,"['San Zeno', 'Castelvecchio', 'Torre Lamberti', 'Palazzo della Ragione']",San Fermo,"['Museo Storia', 'Museo Radio', 'Casa Giulietta', 'Centro Fotografia', 'Arena']",Arena,strategy_nearest,True,0.003509044647216797,success
04CDE43A9C4C80,0,['Arena'],Duomo,"['AMO', 'Museo Miniscalchi', 'Santa Anastasia', 'Teatro Romano', 'Palazzo della Ragione']",San Zeno,strategy_nearest,False,0.002750873565673828,success
04CDEF3A9C4C80,0,['Casa Giulietta'],Arena,"['Verona Tour', 'Museo Lapidario', 'Museo Radio', 'San Fermo', 'Sighseeing']",Castelvecchio,strategy_nearest,False,0.0026390552520751953,success
04CDEA3A9C4C80,3,"['Arena', 'San Fermo']",Torre Lamberti,"['Sighseeing', 'Centro Fotografia', 'Museo Conte', 'Casa Giulietta', 'Palazzo della Ragione']",Santa Anastasia,strategy_nearest,False,0.0019421577453613281,success
04CDF53A9C4C80,2,"['Torre Lamberti', 'Palazzo della Ragione']",Santa Anastasia,"['AMO', 'Museo Conte', 'Teatro Romano', 'Centro Fotografia', 'Duomo']",Duomo,strategy_nearest,True,0.0030791759490966797,success
04CE1C3A9C4C84,0,['Arena'],Casa Giulietta,"['Centro Fotografia', 'Sighseeing', 'Torre Lamberti', 'Museo Conte', 'Museo Radio']",Tomba Giulietta,strategy_nearest,False,0.0016739368438720703,success
04CDFE3A9C4C80,0,['Arena'],San Fermo,"['Museo Storia', 'Museo Radio', 'Casa Giulietta', 'Centro Fotografia', 'Sighseeing']",Duomo,strategy_nearest,False,0.002769947052001953,success
04CE133A9C4C80,3,['Arena'],San Fermo,"['Museo Storia', 'Museo Radio', 'Casa Giulietta', 'Centro Fotografia', 'Sighseeing']",Casa Giulietta,strategy_nearest,True,0.0033626556396484375,success
04CE27429C4C84,3,['Casa Giulietta'],Arena,"['Verona Tour', 'Museo Lapidario', 'Museo Radio', 'San Fermo', 'Sighseeing']",Santa Anastasia,strategy_nearest,False,0.002577066421508789,success
04CE263A9C4C80,0,"['Teatro Romano', 'Arena']",Museo Lapidario,"['Verona Tour', 'Castelvecchio', 'Museo Radio', 'San Fermo', 'Casa Giulietta']",Castelvecchio,strategy_nearest,True,0.002006053924560547,success
04CE1E429C4C80,1,"['Arena', 'Casa Giulietta']",Torre Lamberti,"['Sighseeing', 'Centro Fotografia', 'Museo Conte', 'Palazzo della Ragione', 'AMO']",Palazzo della Ragione,strategy_nearest,True,0.0027871131896972656,success
04CE1E3A9C4C84,3,"['Arena', 'Santa Anastasia']",Duomo,"['AMO', 'Museo Miniscalchi', 'Teatro Romano', 'Palazzo della Ragione', 'Museo Conte']",Casa Giulietta,strategy_nearest,False,0.004836082458496094,success
04CE343A9C4C80,1,"['Arena', 'Casa Giulietta']",Palazzo della Ragione,"['AMO', 'Museo Conte', 'Torre Lamberti', 'Centro Fotografia', 'Sighseeing']",Torre Lamberti,strategy_nearest,True,0.0034902095794677734,success
04CE383A9C4C80,1,"['Torre Lamberti', 'Palazzo della Ragione', 'Casa Giulietta']",Arena,"['Verona Tour', 'Museo Lapidario', 'Museo Radio', 'San Fermo', 'Sighseeing']",Castelvecchio,strategy_nearest,False,0.0019481182098388672,success
04CE29429C4C80,1,"['Arena', 'Palazzo della Ragione', 'Torre Lamberti', 'Museo Storia']",San Fermo,"['Museo Radio', 'Casa Giulietta', 'Centro Fotografia', 'Sighseeing', 'Museo Conte']",Santa Anastasia,strategy_nearest,False,0.0035300254821777344,success
04CE3A3A9C4C80,2,['Santa Anastasia'],Teatro Romano,"['Duomo', 'AMO', 'Palazzo della Ragione', 'Museo Conte', 'Centro Fotografia']",Castelvecchio,strategy_nearest,False,0.0039272308349609375,success
04CE453A9C4C80,2,"['Teatro Romano', 'Santa Anastasia']",Torre Lamberti,"['Sighseeing', 'Centro Fotografia', 'Museo Conte', 'Casa Giulietta', 'Palazzo della Ragione']",Casa Giulietta,strategy_nearest,True,0.0038518905639648438,success
04CE47429C4C80,0,['Castelvecchio'],Casa Giulietta,"['Centro Fotografia', 'Sighseeing', 'Torre Lamberti', 'Museo Conte', 'Museo Radio']",Arena,strategy_nearest,False,0.0031890869140625,success
04CE4D429C4C80,0,['Santa Anastasia'],Arena,"['Verona Tour', 'Museo Lapidario', 'Museo Radio', 'San Fermo', 'Casa Giulietta']",Casa Giulietta,strategy_nearest,True,0.001940011978149414,success
04CE523A9C4C80,3,"['Castelvecchio', 'Casa Giulietta']",Santa Anastasia,"['AMO', 'Museo Conte', 'Palazzo della Ragione', 'Teatro Romano', 'Centro Fotografia']",Torre Lamberti,strategy_nearest,False,0.0035750865936279297,success
04CE69429C4C80,3,"['Castelvecchio', 'Duomo', 'Teatro Romano']",Santa Anastasia,"['AMO', 'Museo Conte', 'Palazzo della Ragione', 'Centro Fotografia', 'Torre Lamberti']",Torre Lamberti,strategy_nearest,True,0.0027892589569091797,success
04CE573A9C4C80,3,"['Castelvecchio', 'Santa Anastasia', 'Torre Lamberti']",San Zeno,"['Verona Tour', 'Museo Lapidario', 'Arena', 'Museo Miniscalchi', 'Sighseeing']",Arena,strategy_nearest,True,0.0035049915313720703,success
04CE5A429C4C80,2,['Casa Giulietta'],San Fermo,"['Museo Storia', 'Museo Radio', 'Centro Fotografia', 'Arena', 'Sighseeing']",Duomo,strategy_nearest,False,0.0016100406646728516,success
04CE6C429C4C80,0,['Arena'],Casa Giulietta,"['Centro Fotografia', 'Sighseeing', 'Torre Lamberti', 'Museo Conte', 'Museo Radio']",Tomba Giulietta,strategy_nearest,False,0.0020682811737060547,success
04CE773A9C4C80,2,"['Casa Giulietta', 'Torre Lamberti']",Tomba Giulietta,"['San Fermo', 'Museo Storia', 'Arena', 'Museo Lapidario', 'Museo Radio']",Castelvecchio,strategy_nearest,False,0.001989126205444336,success
04CE6E429C4C80,3,['Arena'],Santa Anastasia,"['AMO', 'Museo Conte', 'Palazzo della Ragione', 'Teatro Romano', 'Centro Fotografia']",Duomo,strategy_nearest,False,0.0014867782592773438,success
04CE70429C4C80,2,['Palazzo della Ragione'],Torre Lamberti,"['Sighseeing', 'Centro Fotografia', 'Museo Conte', 'Casa Giulietta', 'AMO']",San Fermo,strategy_nearest,False,0.002843141555786133,success
04CE75429C4C80,3,"['Arena', 'Casa Giulietta']",Torre Lamberti,"['Sighseeing', 'Centro Fotografia', 'Museo Conte', 'Palazzo della Ragione', 'AMO']",Santa Anastasia,strategy_nearest,False,0.0034058094024658203,success
04CE83429C4C80,0,['Arena'],Casa Giulietta,"['Centro Fotografia', 'Sighseeing', 'Torre Lamberti', 'Museo Conte', 'Museo Radio']",Teatro Romano,strategy_nearest,False,0.00315093994140625,success
04CE814A9C4C80,1,"['Arena', 'Museo Lapidario', 'Casa Giulietta', 'Palazzo della Ragione', 'Torre Lamberti']",Duomo,"['AMO', 'Museo Miniscalchi', 'Santa Anastasia', 'Teatro Romano', 'Museo Conte']",Teatro Romano,strategy_nearest,True,0.0026438236236572266,success
04CE8A4A9C4C80,0,['Arena'],Museo Lapidario,"['Verona Tour', 'Castelvecchio', 'Museo Radio', 'San Fermo', 'Casa Giulietta']",Casa Giulietta,strategy_nearest,True,0.001811981201171875,success
04CE884A9C4C80,1,"['Arena', 'Torre Lamberti']",Palazzo della Ragione,"['AMO', 'Museo Conte', 'Centro Fotografia', 'Sighseeing', 'Santa Anastasia']",Teatro Romano,strategy_nearest,False,0.0032782554626464844,success
04CE8C3A9C4C80,0,['Arena'],Casa Giulietta,"['Centro Fotografia', 'Sighseeing', 'Torre Lamberti', 'Museo Conte', 'Museo Radio']",Santa Anastasia,strategy_nearest,False,0.0027780532836914062,success
04CE92429C4C80,0,['Arena'],Casa Giulietta,"['Centro Fotografia', 'Sighseeing', 'Torre Lamberti', 'Museo Conte', 'Museo Radio']",Torre Lamberti,strategy_nearest,True,0.0012519359588623047,success
04CE9C429C4C80,0,"['Tomba Giulietta', 'Castelvecchio']",Casa Giulietta,"['Centro Fotografia', 'Sighseeing', 'Torre Lamberti', 'Museo Conte', 'Museo Radio']",Arena,strategy_nearest,False,0.0034008026123046875,success
04CE8D4A9C4C80,1,['Arena'],Casa Giulietta,"['Centro Fotografia', 'Sighseeing', 'Torre Lamberti', 'Museo Conte', 'Museo Radio']",Palazzo della Ragione,strategy_nearest,False,0.0033960342407226562,success
04CE9F429C4C80,2,['Casa Giulietta'],Tomba Giulietta,"['San Fermo', 'Museo Storia', 'Arena', 'Museo Lapidario', 'Museo Radio']",Castelvecchio,strategy_nearest,False,0.0024640560150146484,success
04CEA0429C4C80,3,"['Santa Anastasia', 'Torre Lamberti']",Casa Giulietta,"['Centro Fotografia', 'Sighseeing', 'Museo Conte', 'Museo Radio', 'Palazzo della Ragione']",Tomba Giulietta,strategy_nearest,False,0.002421140670776367,success
04CEA34A9C4C80,1,"['Arena', 'Casa Giulietta', 'Palazzo della Ragione']",Torre Lamberti,"['Sighseeing', 'Centro Fotografia', 'Museo Conte', 'AMO', 'Museo Miniscalchi']",Santa Anastasia,strategy_nearest,False,0.00321197509765625,success
04CEA73A9C4C80,1,['Arena'],Casa Giulietta,"['Centro Fotografia', 'Sighseeing', 'Torre Lamberti', 'Museo Conte', 'Museo Radio']",Palazzo della Ragione,strategy_nearest,False,0.0025322437286376953,success
04CEA8429C4C80,0,['Arena'],Casa Giulietta,"['Centro Fotografia', 'Sighseeing', 'Torre Lamberti', 'Museo Conte', 'Museo Radio']",Tomba Giulietta,strategy_nearest,False,0.0022618770599365234,success
04CEA84A9C4C80,1,['Arena'],Torre Lamberti,"['Sighseeing', 'Centro Fotografia', 'Museo Conte', 'Casa Giulietta', 'Palazzo della Ragione']",Palazzo della Ragione,strategy_nearest,True,0.0018529891967773438,success
04CEB33A9C4C80,0,['Santa Anastasia'],Casa Giulietta,"['Centro Fotografia', 'Sighseeing', 'Torre Lamberti', 'Museo Conte', 'Museo Radio']",Arena,strategy_nearest,False,0.0032770633697509766,success
04CEB23A9C4C80,0,['Arena'],Castelvecchio,"['Museo Lapidario', 'Verona Tour', 'Museo Radio', 'San Zeno', 'Sighseeing']",Torre Lamberti,strategy_nearest,False,0.0020847320556640625,success
04CEAA3A9C4C80,1,"['Arena', 'Casa Giulietta', 'Palazzo della Ragione', 'Torre Lamberti']",Santa Anastasia,"['AMO', 'Museo Conte', 'Teatro Romano', 'Centro Fotografia', 'Duomo']",Duomo,strategy_nearest,True,0.003378152847290039,success
04CEB8429C4C80,3,['Arena'],Castelvecchio,"['Museo Lapidario', 'Verona Tour', 'Museo Radio', 'San Zeno', 'Sighseeing']",Santa Anastasia,strategy_nearest,False,0.0021331310272216797,success
04CEB7429C4C80,0,['Casa Giulietta'],Arena,"['Verona Tour', 'Museo Lapidario', 'Museo Radio', 'San Fermo', 'Sighseeing']",Castelvecchio,strategy_nearest,False,0.0028629302978515625,success
04CEBB3A9C4C80,1,"['Arena', 'Casa Giulietta', 'Torre Lamberti']",Palazzo della Ragione,"['AMO', 'Museo Conte', 'Centro Fotografia', 'Sighseeing', 'Santa Anastasia']",San Zeno,strategy_nearest,False,0.0027599334716796875,success
04CEB93A9C4C80,3,"['Arena', 'Casa Giulietta']",Santa Anastasia,"['AMO', 'Museo Conte', 'Palazzo della Ragione', 'Teatro Romano', 'Centro Fotografia']",Duomo,strategy_nearest,False,0.003464937210083008,success
04CEBD429C4C80,1,"['Duomo', 'Palazzo della Ragione', 'Torre Lamberti']",Casa Giulietta,"['Centro Fotografia', 'Sighseeing', 'Museo Conte', 'Museo Radio', 'San Fermo']",Castelvecchio,strategy_nearest,False,0.002170085906982422,success
04CEC03A9C4C80,0,['Arena'],Casa Giulietta,"['Centro Fotografia', 'Sighseeing', 'Torre Lamberti', 'Museo Conte', 'Museo Radio']",Torre Lamberti,strategy_nearest,True,0.003031015396118164,success
04CEC73A9C4C80,3,"['Arena', 'San Fermo']",Torre Lamberti,"['Sighseeing', 'Centro Fotografia', 'Museo Conte', 'Casa Giulietta', 'Palazzo della Ragione']",Santa Anastasia,strategy_nearest,False,0.003397226333618164,success
04CED03A9C4C80,3,['Arena'],Teatro Romano,"['Santa Anastasia', 'Duomo', 'AMO', 'Palazzo della Ragione', 'Museo Conte']",Santa Anastasia,strategy_nearest,True,0.0025641918182373047,success
04CEE23A9C4C80,2,"['Teatro Romano', 'Duomo']",Santa Anastasia,"['AMO', 'Museo Conte', 'Palazzo della Ragione', 'Centro Fotografia', 'Torre Lamberti']",San Fermo,strategy_nearest,False,0.0024619102478027344,success
04CEFE429C4C80,1,"['Arena', 'Museo Lapidario', 'Castelvecchio', 'San Zeno', 'Teatro Romano']",Duomo,"['AMO', 'Museo Miniscalchi', 'Santa Anastasia', 'Palazzo della Ragione', 'Museo Conte']",Casa Giulietta,strategy_nearest,False,0.0027642250061035156,success
04CEF4429C4C80,3,"['Arena', 'Castelvecchio']",Torre Lamberti,"['Sighseeing', 'Centro Fotografia', 'Museo Conte', 'Casa Giulietta', 'Palazzo della Ragione']",Santa Anastasia,strategy_nearest,False,0.0028009414672851562,success
04CEEA3A9C4C80,2,"['Casa Giulietta', 'Torre Lamberti']",Palazzo della Ragione,"['AMO', 'Museo Conte', 'Centro Fotografia', 'Sighseeing', 'Santa Anastasia']",Duomo,strategy_nearest,False,0.004683971405029297,success
04CF02429C4C84,1,"['Casa Giulietta', 'Palazzo della Ragione']",Castelvecchio,"['Museo Lapidario', 'Verona Tour', 'Arena', 'Museo Radio', 'San Zeno']",Arena,strategy_nearest,True,0.0014719963073730469,success
04CF07429C4C84,0,"['Arena', 'Casa Giulietta']",Giardino Giusti,"['Santa Anastasia', 'Teatro Romano', 'Museo Conte', 'Centro Fotografia', 'Museo Storia']",Tomba Giulietta,strategy_nearest,False,0.003407716751098633,success
04CF12429C4C80,3,"['Arena', 'San Zeno', 'Castelvecchio', 'Tomba Giulietta']",San Fermo,"['Museo Storia', 'Museo Radio', 'Casa Giulietta', 'Centro Fotografia', 'Sighseeing']",Teatro Romano,strategy_nearest,False,0.002103090286254883,success
04CF14429C4C84,3,"['Arena', 'Casa Giulietta']",Santa Anastasia,"['AMO', 'Museo Conte', 'Palazzo della Ragione', 'Teatro Romano', 'Centro Fotografia']",Teatro Romano,strategy_nearest,True,0.0032088756561279297,success
04CF0F3A9C4C80,1,"['Arena', 'Casa Giulietta', 'Torre Lamberti']",Palazzo della Ragione,"['AMO', 'Museo Conte', 'Centro Fotografia', 'Sighseeing', 'Santa Anastasia']",Santa Anastasia,strategy_nearest,True,0.0020160675048828125,success
04CF274A9C4C80,3,"['Tomba Giulietta', 'Castelvecchio', 'Arena']",Santa Anastasia,"['AMO', 'Museo Conte', 'Palazzo della Ragione', 'Teatro Romano', 'Centro Fotografia']",Teatro Romano,strategy_nearest,True,0.0018658638000488281,success
04CF1C3A9C4C84,2,"['Torre Lamberti', 'Castelvecchio']",Duomo,"['AMO', 'Museo Miniscalchi', 'Santa Anastasia', 'Teatro Romano', 'Palazzo della Ragione']",Santa Anastasia,strategy_nearest,True,0.001837015151977539,success
04CF2D3A9C4C80,1,"['Palazzo della Ragione', 'Torre Lamberti', 'Santa Anastasia', 'Duomo']",Giardino Giusti,"['Teatro Romano', 'Museo Conte', 'Centro Fotografia', 'Museo Storia', 'AMO']",Teatro Romano,strategy_nearest,True,0.002493143081665039,success
04CF33429C4C80,1,"['Arena', 'Torre Lamberti']",Palazzo della Ragione,"['AMO', 'Museo Conte', 'Centro Fotografia', 'Sighseeing', 'Santa Anastasia']",Casa Giulietta,strategy_nearest,False,0.003004312515258789,success
04CF463A9C4C80,1,"['Casa Giulietta', 'Arena', 'Museo Lapidario']",Santa Anastasia,"['AMO', 'Museo Conte', 'Palazzo della Ragione', 'Teatro Romano', 'Centro Fotografia']",Palazzo della Ragione,strategy_nearest,True,0.0017390251159667969,success
04CF50429C4C80,0,['San Zeno'],Arena,"['Verona Tour', 'Museo Lapidario', 'Museo Radio', 'San Fermo', 'Casa Giulietta']",Duomo,strategy_nearest,False,0.0031180381774902344,success
04CF3D429C4C80,3,"['Casa Giulietta', 'Arena']",San Fermo,"['Museo Storia', 'Museo Radio', 'Centro Fotografia', 'Sighseeing', 'Torre Lamberti']",Santa Anastasia,strategy_nearest,False,0.0034618377685546875,success
04CF56429C4C80,2,"['Palazzo della Ragione', 'Casa Giulietta']",Santa Anastasia,"['AMO', 'Museo Conte', 'Teatro Romano', 'Centro Fotografia', 'Duomo']",Duomo,strategy_nearest,True,0.0033740997314453125,success
04CF5C429C4C80,0,"['Arena', 'Castelvecchio']",Casa Giulietta,"['Centro Fotografia', 'Sighseeing', 'Torre Lamberti', 'Museo Conte', 'Museo Radio']",Torre Lamberti,strategy_nearest,True,0.001416921615600586,success
04CF58429C4C80,0,"['Arena', 'Duomo']",Torre Lamberti,"['Sighseeing', 'Centro Fotografia', 'Museo Conte', 'Casa Giulietta', 'Palazzo della Ragione']",Casa Giulietta,strategy_nearest,True,0.003999948501586914,success
04CF6D429C4C80,3,"['Arena', 'Casa Giulietta']",Santa Anastasia,"['AMO', 'Museo Conte', 'Palazzo della Ragione', 'Teatro Romano', 'Centro Fotografia']",Teatro Romano,strategy_nearest,True,0.0034019947052001953,success
04CF763A9C4C80,0,['Casa Giulietta'],Arena,"['Verona Tour', 'Museo Lapidario', 'Museo Radio', 'San Fermo', 'Sighseeing']",Castelvecchio,strategy_nearest,False,0.0023479461669921875,success
04CF773A9C4C80,0,['Arena'],Torre Lamberti,"['Sighseeing', 'Centro Fotografia', 'Museo Conte', 'Casa Giulietta', 'Palazzo della Ragione']",Casa Giulietta,strategy_nearest,True,0.0023870468139648438,success
04CF7A429C4C80,1,['Arena'],Museo Lapidario,"['Verona Tour', 'Castelvecchio', 'Museo Radio', 'San Fermo', 'Casa Giulietta']",Castelvecchio,strategy_nearest,True,0.002441883087158203,success
04CF814A9C4C80,3,"['Arena', 'Casa Giulietta']",Santa Anastasia,"['AMO', 'Museo Conte', 'Palazzo della Ragione', 'Teatro Romano', 'Centro Fotografia']",Duomo,strategy_nearest,False,0.003445863723754883,success
04CF8E3A9C4C80,3,"['Arena', 'Casa Giulietta']",Teatro Romano,"['Santa Anastasia', 'Duomo', 'AMO', 'Palazzo della Ragione', 'Museo Conte']",Duomo,strategy_nearest,True,0.003340005874633789,success
04CF863A9C4C80,0,['Arena'],Casa Giulietta,"['Centro Fotografia', 'Sighseeing', 'Torre Lamberti', 'Museo Conte', 'Museo Radio']",Santa Anastasia,strategy_nearest,False,0.0020139217376708984,success
04CF91429C4C80,0,['Arena'],Casa Giulietta,"['Centro Fotografia', 'Sighseeing', 'Torre Lamberti', 'Museo Conte', 'Museo Radio']",Duomo,strategy_nearest,False,0.0030469894409179688,success
04CF9E429C4C80,3,"['Arena', 'Castelvecchio', 'Teatro Romano']",Santa Anastasia,"['AMO', 'Museo Conte', 'Palazzo della Ragione', 'Centro Fotografia', 'Duomo']",Santa Anastasia,strategy_nearest,False,0.002459287643432617,success
04CF9D429C4C80,2,"['Torre Lamberti', 'Casa Giulietta']",Santa Anastasia,"['AMO', 'Museo Conte', 'Palazzo della Ragione', 'Teatro Romano', 'Centro Fotografia']",Duomo,strategy_nearest,False,0.0025479793548583984,success
04CFA53A9C4C80,0,"['Tomba Giulietta', 'Castelvecchio']",Casa Giulietta,"['Centro Fotografia', 'Sighseeing', 'Torre Lamberti', 'Museo Conte', 'Museo Radio']",Arena,strategy_nearest,False,0.0030798912048339844,success
04CFA14A9C4C80,3,"['Teatro Romano', 'Santa Anastasia']",Casa Giulietta,"['Centro Fotografia', 'Sighseeing', 'Torre Lamberti', 'Museo Conte', 'Museo Radio']",Arena,strategy_nearest,False,0.0024018287658691406,success
04CFA5429C4C80,0,"['Arena', 'Casa Giulietta']",Castelvecchio,"['Museo Lapidario', 'Verona Tour', 'Museo Radio', 'San Zeno', 'Sighseeing']",Tomba Giulietta,strategy_nearest,False,0.002354860305786133,success
04CFA93A9C4C80,0,['Museo Lapidario'],Arena,"['Verona Tour', 'Museo Radio', 'San Fermo', 'Casa Giulietta', 'Sighseeing']",Casa Giulietta,strategy_nearest,True,0.0029921531677246094,success
04CFA84A9C4C80,2,"['San Fermo', 'Casa Giulietta']",Torre Lamberti,"['Sighseeing', 'Centro Fotografia', 'Museo Conte', 'Palazzo della Ragione', 'AMO']",Duomo,strategy_nearest,False,0.0018620491027832031,success
04CFA672743380,3,"['Arena', 'Casa Giulietta', 'Torre Lamberti']",Santa Anastasia,"['AMO', 'Museo Conte', 'Palazzo della Ragione', 'Teatro Romano', 'Centro Fotografia']",Teatro Romano,strategy_nearest,True,0.0033071041107177734,success
04CFAC3A9C4C80,3,['Arena'],Casa Giulietta,"['Centro Fotografia', 'Sighseeing', 'Torre Lamberti', 'Museo Conte', 'Museo Radio']",Santa Anastasia,strategy_nearest,False,0.002833127975463867,success
04CFB53A9C4C80,0,['San Zeno'],Castelvecchio,"['Museo Lapidario', 'Verona Tour', 'Arena', 'Museo Radio', 'Sighseeing']",Arena,strategy_nearest,True,0.0020437240600585938,success
04CFB6429C4C80,3,"['Duomo', 'Torre Lamberti']",San Fermo,"['Museo Storia', 'Museo Radio', 'Casa Giulietta', 'Centro Fotografia', 'Arena']",Arena,strategy_nearest,True,0.003371000289916992,success
04CFB3429C4C80,1,"['Santa Anastasia', 'Duomo', 'Torre Lamberti', 'Palazzo della Ragione']",Casa Giulietta,"['Centro Fotografia', 'Sighseeing', 'Museo Conte', 'Museo Radio', 'San Fermo']",Teatro Romano,strategy_nearest,False,0.0028600692749023438,success
04CFB7429C4C80,1,"['Arena', 'Casa Giulietta']",Torre Lamberti,"['Sighseeing', 'Centro Fotografia', 'Museo Conte', 'Palazzo della Ragione', 'AMO']",Palazzo della Ragione,strategy_nearest,True,0.003004789352416992,success
04CFBA3A9C4C80,0,['Arena'],Casa Giulietta,"['Centro Fotografia', 'Sighseeing', 'Torre Lamberti', 'Museo Conte', 'Museo Radio']",Tomba Giulietta,strategy_nearest,False,0.0029273033142089844,success
04CFBB3A9C4C80,1,"['Tomba Giulietta', 'Arena', 'Museo Lapidario']",Torre Lamberti,"['Sighseeing', 'Centro Fotografia', 'Museo Conte', 'Casa Giulietta', 'Palazzo della Ragione']",Palazzo della Ragione,strategy_nearest,True,0.002989053726196289,success
04CFCC3A9C4C80,0,['Arena'],Casa Giulietta,"['Centro Fotografia', 'Sighseeing', 'Torre Lamberti', 'Museo Conte', 'Museo Radio']",Castelvecchio,strategy_nearest,False,0.001913309097290039,success
04CFCD3A9C4C80,0,['Casa Giulietta'],Torre Lamberti,"['Sighseeing', 'Centro Fotografia', 'Museo Conte', 'Palazzo della Ragione', 'AMO']",Arena,strategy_nearest,False,0.003253936767578125,success
04CFBC429C4C80,3,['Arena'],Casa Giulietta,"['Centro Fotografia', 'Sighseeing', 'Torre Lamberti', 'Museo Conte', 'Museo Radio']",Torre Lamberti,strategy_nearest,True,0.0039370059967041016,success
04CFD83A9C4C80,2,['San Zeno'],Duomo,"['AMO', 'Museo Miniscalchi', 'Santa Anastasia', 'Teatro Romano', 'Palazzo della Ragione']",Casa Giulietta,strategy_nearest,False,0.0021071434020996094,success
04CFFD3A9C4C80,0,['Arena'],Castelvecchio,"['Museo Lapidario', 'Verona Tour', 'Museo Radio', 'San Zeno', 'Sighseeing']",Duomo,strategy_nearest,False,0.002699136734008789,success
04CFFD429C4C80,3,"['Arena', 'Casa Giulietta']",Santa Anastasia,"['AMO', 'Museo Conte', 'Palazzo della Ragione', 'Teatro Romano', 'Centro Fotografia']",Torre Lamberti,strategy_nearest,False,0.0025861263275146484,success
04CFFE3A9C4C80,1,"['Casa Giulietta', 'Santa Anastasia', 'Teatro Romano']",Castelvecchio,"['Museo Lapidario', 'Verona Tour', 'Arena', 'Museo Radio', 'San Zeno']",Arena,strategy_nearest,True,0.0031218528747558594,success
04D0133A9C4C84,2,"['Palazzo della Ragione', 'Torre Lamberti']",Casa Giulietta,"['Centro Fotografia', 'Sighseeing', 'Museo Conte', 'Museo Radio', 'San Fermo']",Santa Anastasia,strategy_nearest,False,0.0026509761810302734,success
04D00F429C4C80,1,"['Arena', 'Casa Giulietta']",Palazzo della Ragione,"['AMO', 'Museo Conte', 'Torre Lamberti', 'Centro Fotografia', 'Sighseeing']",Torre Lamberti,strategy_nearest,True,0.0021619796752929688,success
04D013429C4C80,3,"['Castelvecchio', 'Arena']",Casa Giulietta,"['Centro Fotografia', 'Sighseeing', 'Torre Lamberti', 'Museo Conte', 'Museo Radio']",Santa Anastasia,strategy_nearest,False,0.0031871795654296875,success
04D008429C4C84,2,"['Casa Giulietta', 'Castelvecchio']",Torre Lamberti,"['Sighseeing', 'Centro Fotografia', 'Museo Conte', 'Palazzo della Ragione', 'AMO']",Duomo,strategy_nearest,False,0.00146484375,success
04D01B3A9C4C80,0,['Arena'],Torre Lamberti,"['Sighseeing', 'Centro Fotografia', 'Museo Conte', 'Casa Giulietta', 'Palazzo della Ragione']",Casa Giulietta,strategy_nearest,True,0.0020689964294433594,success
04D01D3A9C4C84,0,"['Castelvecchio', 'Arena']",Torre Lamberti,"['Sighseeing', 'Centro Fotografia', 'Museo Conte', 'Casa Giulietta', 'Palazzo della Ragione']",Casa Giulietta,strategy_nearest,True,0.0026628971099853516,success
04D022429C4C84,1,"['Arena', 'Casa Giulietta']",Palazzo della Ragione,"['AMO', 'Museo Conte', 'Torre Lamberti', 'Centro Fotografia', 'Sighseeing']",Torre Lamberti,strategy_nearest,True,0.0031621456146240234,success
04D0143A9C4C80,3,"['Santa Anastasia', 'Duomo']",Teatro Romano,"['AMO', 'Palazzo della Ragione', 'Museo Conte', 'Centro Fotografia', 'Museo Miniscalchi']",Arena,strategy_nearest,False,0.002129793167114258,success
04D02B3A9C4C80,2,['Castelvecchio'],Torre Lamberti,"['Sighseeing', 'Centro Fotografia', 'Museo Conte', 'Casa Giulietta', 'Palazzo della Ragione']",Santa Anastasia,strategy_nearest,False,0.0013320446014404297,success
04D023429C4C84,2,['Castelvecchio'],Torre Lamberti,"['Sighseeing', 'Centro Fotografia', 'Museo Conte', 'Casa Giulietta', 'Palazzo della Ragione']",Palazzo della Ragione,strategy_nearest,True,0.003924846649169922,success
04D038429C4C80,3,"['Torre Lamberti', 'Arena']",Casa Giulietta,"['Centro Fotografia', 'Sighseeing', 'Museo Conte', 'Museo Radio', 'Palazzo della Ragione']",Santa Anastasia,strategy_nearest,False,0.003245830535888672,success
04D028429C4C80,0,['Castelvecchio'],Arena,"['Verona Tour', 'Museo Lapidario', 'Museo Radio', 'San Fermo', 'Casa Giulietta']",Casa Giulietta,strategy_nearest,True,0.0026161670684814453,success
04D04F429C4C80,1,"['Casa Giulietta', 'Torre Lamberti', 'Palazzo della Ragione']",Arena,"['Verona Tour', 'Museo Lapidario', 'Museo Radio', 'San Fermo', 'Sighseeing']",Castelvecchio,strategy_nearest,False,0.0019252300262451172,success
04D059429C4C80,1,"['Casa Giulietta', 'Castelvecchio', 'Arena', 'Torre Lamberti']",Palazzo della Ragione,"['AMO', 'Museo Conte', 'Centro Fotografia', 'Sighseeing', 'Santa Anastasia']",Duomo,strategy_nearest,False,0.0019199848175048828,success
04D050429C4C80,3,['Arena'],Casa Giulietta,"['Centro Fotografia', 'Sighseeing', 'Torre Lamberti', 'Museo Conte', 'Museo Radio']",Santa Anastasia,strategy_nearest,False,0.0033538341522216797,success
04D05A429C4C80,3,['Arena'],Casa Giulietta,"['Centro Fotografia', 'Sighseeing', 'Torre Lamberti', 'Museo Conte', 'Museo Radio']",Torre Lamberti,strategy_nearest,True,0.0029921531677246094,success
04D0733A9C4C80,0,"['Arena', 'Duomo']",Casa Giulietta,"['Centro Fotografia', 'Sighseeing', 'Torre Lamberti', 'Museo Conte', 'Museo Radio']",Castelvecchio,strategy_nearest,False,0.0017583370208740234,success
04D074429C4C80,1,['Torre Lamberti'],Palazzo della Ragione,"['AMO', 'Museo Conte', 'Centro Fotografia', 'Sighseeing', 'Santa Anastasia']",Arena,strategy_nearest,False,0.0024111270904541016,success
04D067429C4C80,0,['Torre Lamberti'],Duomo,"['AMO', 'Museo Miniscalchi', 'Santa Anastasia', 'Teatro Romano', 'Palazzo della Ragione']",Arena,strategy_nearest,False,0.0033893585205078125,success
04D0743A9C4C80,2,['Torre Lamberti'],Casa Giulietta,"['Centro Fotografia', 'Sighseeing', 'Museo Conte', 'Museo Radio', 'Palazzo della Ragione']",Santa Anastasia,strategy_nearest,False,0.003498077392578125,success
04D07D429C4C80,2,['Castelvecchio'],Casa Giulietta,"['Centro Fotografia', 'Sighseeing', 'Torre Lamberti', 'Museo Conte', 'Museo Radio']",Torre Lamberti,strategy_nearest,True,0.002527952194213867,success
04D084429C4C80,0,['Arena'],Museo Lapidario,"['Verona Tour', 'Castelvecchio', 'Museo Radio', 'San Fermo', 'Casa Giulietta']",Castelvecchio,strategy_nearest,True,0.002476930618286133,success
04D075429C4C80,3,"['Museo Lapidario', 'Arena', 'Tomba Giulietta']",San Fermo,"['Museo Storia', 'Museo Radio', 'Casa Giulietta', 'Centro Fotografia', 'Sighseeing']",Santa Anastasia,strategy_nearest,False,0.0026192665100097656,success
04D086429C4C80,3,"['Casa Giulietta', 'Arena']",Castelvecchio,"['Museo Lapidario', 'Verona Tour', 'Museo Radio', 'San Zeno', 'Sighseeing']",Tomba Giulietta,strategy_nearest,False,0.003412008285522461,success
04D093429C4C80,3,"['Arena', 'Casa Giulietta']",Torre Lamberti,"['Sighseeing', 'Centro Fotografia', 'Museo Conte', 'Palazzo della Ragione', 'AMO']",Santa Anastasia,strategy_nearest,False,0.0033369064331054688,success
04D091429C4C80,2,['Torre Lamberti'],Santa Anastasia,"['AMO', 'Museo Conte', 'Palazzo della Ragione', 'Teatro Romano', 'Centro Fotografia']",Duomo,strategy_nearest,False,0.0018029212951660156,success
04D0884A9C4C80,3,"['Arena', 'Santa Anastasia']",Torre Lamberti,"['Sighseeing', 'Centro Fotografia', 'Museo Conte', 'Casa Giulietta', 'Palazzo della Ragione']",San Zeno,strategy_nearest,False,0.003551959991455078,success
04D0944A9C4C80,0,"['Arena', 'Torre Lamberti']",Duomo,"['AMO', 'Museo Miniscalchi', 'Santa Anastasia', 'Teatro Romano', 'Palazzo della Ragione']",Casa Giulietta,strategy_nearest,False,0.002562999725341797,success
04D09C429C4C80,3,"['Arena', 'San Fermo', 'Santa Anastasia']",Duomo,"['AMO', 'Museo Miniscalchi', 'Teatro Romano', 'Palazzo della Ragione', 'Museo Conte']",Casa Giulietta,strategy_nearest,False,0.0028829574584960938,success
04D095429C4C80,2,"['Tomba Giulietta', 'Teatro Romano']",Duomo,"['AMO', 'Museo Miniscalchi', 'Santa Anastasia', 'Palazzo della Ragione', 'Museo Conte']",Torre Lamberti,strategy_nearest,False,0.0024480819702148438,success
04D09A429C4C80,0,['Tomba Giulietta'],Arena,"['Verona Tour', 'Museo Lapidario', 'Museo Radio', 'San Fermo', 'Casa Giulietta']",Casa Giulietta,strategy_nearest,True,0.003525972366333008,success
04D09F429C4C80,0,['Arena'],Casa Giulietta,"['Centro Fotografia', 'Sighseeing', 'Torre Lamberti', 'Museo Conte', 'Museo Radio']",Teatro Romano,strategy_nearest,False,0.0034570693969726562,success
04D0A8429C4C80,0,['Arena'],Casa Giulietta,"['Centro Fotografia', 'Sighseeing', 'Torre Lamberti', 'Museo Conte', 'Museo Radio']",Palazzo della Ragione,strategy_nearest,False,0.002157926559448242,success
04D0A74A9C4C80,3,"['Santa Anastasia', 'Teatro Romano']",Casa Giulietta,"['Centro Fotografia', 'Sighseeing', 'Torre Lamberti', 'Museo Conte', 'Museo Radio']",Giardino Giusti,strategy_nearest,False,0.0022230148315429688,success
04D0A44A9C4C80,0,['Arena'],Castelvecchio,"['Museo Lapidario', 'Verona Tour', 'Museo Radio', 'San Zeno', 'Sighseeing']",Duomo,strategy_nearest,False,0.003515005111694336,success
04D0A84A9C4C80,3,"['Arena', 'Casa Giulietta', 'Torre Lamberti']",Santa Anastasia,"['AMO', 'Museo Conte', 'Palazzo della Ragione', 'Teatro Romano', 'Centro Fotografia']",Duomo,strategy_nearest,False,0.003376007080078125,success
04D0B6429C4C80,3,"['Arena', 'San Fermo']",Casa Giulietta,"['Centro Fotografia', 'Sighseeing', 'Torre Lamberti', 'Museo Conte', 'Museo Radio']",Torre Lamberti,strategy_nearest,True,0.002671957015991211,success
04D0B53A9C4C80,0,['Arena'],Casa Giulietta,"['Centro Fotografia', 'Sighseeing', 'Torre Lamberti', 'Museo Conte', 'Museo Radio']",Castelvecchio,strategy_nearest,False,0.002752065658569336,success
04D0B93A9C4C80,3,"['Arena', 'Castelvecchio']",Casa Giulietta,"['Centro Fotografia', 'Sighseeing', 'Torre Lamberti', 'Museo Conte', 'Museo Radio']",Santa Anastasia,strategy_nearest,False,0.0032510757446289062,success
04D0AA3A9C4C80,0,['Casa Giulietta'],Torre Lamberti,"['Sighseeing', 'Centro Fotografia', 'Museo Conte', 'Palazzo della Ragione', 'AMO']",Arena,strategy_nearest,False,0.002434968948364258,success
04D0CD429C4C80,2,['Torre Lamberti'],Teatro Romano,"['Santa Anastasia', 'Duomo', 'AMO', 'Palazzo della Ragione', 'Museo Conte']",Castelvecchio,strategy_nearest,False,0.0019659996032714844,success
04D0BB3A9C4C80,0,['Arena'],Casa Giulietta,"['Centro Fotografia', 'Sighseeing', 'Torre Lamberti', 'Museo Conte', 'Museo Radio']",Castelvecchio,strategy_nearest,False,0.0015742778778076172,success
04D0C7429C4C80,0,"['Arena', 'Casa Giulietta']",Torre Lamberti,"['Sighseeing', 'Centro Fotografia', 'Museo Conte', 'Palazzo della Ragione', 'AMO']",Teatro Romano,strategy_nearest,False,0.002775907516479492,success
04D0BA3A9C4C80,1,['Arena'],Castelvecchio,"['Museo Lapidario', 'Verona Tour', 'Museo Radio', 'San Zeno', 'Sighseeing']",San Zeno,strategy_nearest,True,0.004059791564941406,success
04D0D73A9C4C80,3,['Santa Anastasia'],Teatro Romano,"['Duomo', 'AMO', 'Palazzo della Ragione', 'Museo Conte', 'Centro Fotografia']",San Fermo,strategy_nearest,False,0.002641916275024414,success
04D0DE3A9C4C80,3,"['Arena', 'Castelvecchio', 'San Fermo', 'San Zeno']",Duomo,"['AMO', 'Museo Miniscalchi', 'Santa Anastasia', 'Teatro Romano', 'Palazzo della Ragione']",Santa Anastasia,strategy_nearest,True,0.0018918514251708984,success
04D0D83A9C4C80,0,['Arena'],Casa Giulietta,"['Centro Fotografia', 'Sighseeing', 'Torre Lamberti', 'Museo Conte', 'Museo Radio']",San Fermo,strategy_nearest,False,0.0026879310607910156,success
04D0E7429C4C80,1,"['Arena', 'Casa Giulietta', 'Torre Lamberti']",Palazzo della Ragione,"['AMO', 'Museo Conte', 'Centro Fotografia', 'Sighseeing', 'Santa Anastasia']",San Fermo,strategy_nearest,False,0.0033757686614990234,success
04D104429C4C84,3,"['Arena', 'Castelvecchio', 'Tomba Giulietta', 'Museo Lapidario', 'Duomo']",Teatro Romano,"['Santa Anastasia', 'AMO', 'Palazzo della Ragione', 'Museo Conte', 'Centro Fotografia']",Santa Anastasia,strategy_nearest,True,0.0033311843872070312,success
04D111429C4C80,1,"['Arena', 'Casa Giulietta']",Palazzo della Ragione,"['AMO', 'Museo Conte', 'Torre Lamberti', 'Centro Fotografia', 'Sighseeing']",Torre Lamberti,strategy_nearest,True,0.0019059181213378906,success
04D116429C4C84,1,"['Casa Giulietta', 'Palazzo della Ragione']",Castelvecchio,"['Museo Lapidario', 'Verona Tour', 'Arena', 'Museo Radio', 'San Zeno']",Arena,strategy_nearest,True,0.002780914306640625,success
04D1134A9C4C80,3,"['Arena', 'San Fermo', 'Santa Anastasia', 'Torre Lamberti']",Casa Giulietta,"['Centro Fotografia', 'Sighseeing', 'Museo Conte', 'Museo Radio', 'Palazzo della Ragione']",San Zeno,strategy_nearest,False,0.0033669471740722656,success
04D118429C4C84,1,['Castelvecchio'],Arena,"['Verona Tour', 'Museo Lapidario', 'Museo Radio', 'San Fermo', 'Casa Giulietta']",Palazzo della Ragione,strategy_nearest,False,0.0024559497833251953,success
04D1213A9C4C80,2,['Casa Giulietta'],Santa Anastasia,"['AMO', 'Museo Conte', 'Palazzo della Ragione', 'Teatro Romano', 'Centro Fotografia']",Duomo,strategy_nearest,False,0.002271890640258789,success
04D1174A9C4C80,3,"['Torre Lamberti', 'Santa Anastasia', 'Duomo', 'San Fermo', 'Casa Giulietta']",Teatro Romano,"['AMO', 'Palazzo della Ragione', 'Museo Conte', 'Centro Fotografia', 'Museo Miniscalchi']",Giardino Giusti,strategy_nearest,False,0.0034019947052001953,success
04D11D429C4C80,3,"['Arena', 'Museo Lapidario', 'Casa Giulietta']",Torre Lamberti,"['Sighseeing', 'Centro Fotografia', 'Museo Conte', 'Palazzo della Ragione', 'AMO']",Santa Anastasia,strategy_nearest,False,0.0032968521118164062,success
04D12E4A9C4C80,1,"['Arena', 'San Fermo', 'Torre Lamberti']",Palazzo della Ragione,"['AMO', 'Museo Conte', 'Centro Fotografia', 'Sighseeing', 'Santa Anastasia']",Santa Anastasia,strategy_nearest,True,0.0027680397033691406,success
04D135429C4C80,2,['San Zeno'],Castelvecchio,"['Museo Lapidario', 'Verona Tour', 'Arena', 'Museo Radio', 'Sighseeing']",Torre Lamberti,strategy_nearest,False,0.0020051002502441406,success
04D122429C4C80,3,"['Arena', 'Santa Anastasia']",Casa Giulietta,"['Centro Fotografia', 'Sighseeing', 'Torre Lamberti', 'Museo Conte', 'Museo Radio']",Museo Lapidario,strategy_nearest,False,0.003998994827270508,success
04D130429C4C80,2,['Casa Giulietta'],Duomo,"['AMO', 'Museo Miniscalchi', 'Santa Anastasia', 'Teatro Romano', 'Palazzo della Ragione']",Torre Lamberti,strategy_nearest,False,0.0015299320220947266,success
04D157429C4C80,1,"['Castelvecchio', 'Tomba Giulietta', 'Museo Storia', 'San Fermo', 'Torre Lamberti']",Palazzo della Ragione,"['AMO', 'Museo Conte', 'Centro Fotografia', 'Sighseeing', 'Santa Anastasia']",Casa Giulietta,strategy_nearest,False,0.0015261173248291016,success
04D14E429C4C80,0,['Arena'],Casa Giulietta,"['Centro Fotografia', 'Sighseeing', 'Torre Lamberti', 'Museo Conte', 'Museo Radio']",Tomba Giulietta,strategy_nearest,False,0.0021550655364990234,success
04D1593A9C4C80,0,['Arena'],Torre Lamberti,"['Sighseeing', 'Centro Fotografia', 'Museo Conte', 'Casa Giulietta', 'Palazzo della Ragione']",Teatro Romano,strategy_nearest,False,0.002579927444458008,success
04D13C4A9C4C80,1,"['Casa Giulietta', 'Palazzo della Ragione', 'Torre Lamberti', 'Santa Anastasia']",Duomo,"['AMO', 'Museo Miniscalchi', 'Teatro Romano', 'Museo Conte', 'Centro Fotografia']",Teatro Romano,strategy_nearest,True,0.0034170150756835938,success
04D163429C4C80,0,['Arena'],Casa Giulietta,"['Centro Fotografia', 'Sighseeing', 'Torre Lamberti', 'Museo Conte', 'Museo Radio']",Torre Lamberti,strategy_nearest,True,0.0027120113372802734,success
04D1683A9C4C80,2,['Casa Giulietta'],Castelvecchio,"['Museo Lapidario', 'Verona Tour', 'Arena', 'Museo Radio', 'San Zeno']",Torre Lamberti,strategy_nearest,False,0.0011799335479736328,success
04D169429C4C80,3,['Arena'],Santa Anastasia,"['AMO', 'Museo Conte', 'Palazzo della Ragione', 'Teatro Romano', 'Centro Fotografia']",Duomo,strategy_nearest,False,0.002820253372192383,success
04D16A429C4C80,4,"['Museo Radio', 'Arena', 'Casa Giulietta', 'Torre Lamberti']",Palazzo della Ragione,"['AMO', 'Museo Conte', 'Centro Fotografia', 'Sighseeing', 'Santa Anastasia']",Santa Anastasia,strategy_nearest,True,0.003468036651611328,success
04D173429C4C80,1,['Arena'],Casa Giulietta,"['Centro Fotografia', 'Sighseeing', 'Torre Lamberti', 'Museo Conte', 'Museo Radio']",Palazzo della Ragione,strategy_nearest,False,0.003191232681274414,success
04D174429C4C80,1,['Torre Lamberti'],Palazzo della Ragione,"['AMO', 'Museo Conte', 'Centro Fotografia', 'Sighseeing', 'Santa Anastasia']",Arena,strategy_nearest,False,0.0024330615997314453,success
04D1773A9C4C80,2,['Casa Giulietta'],Torre Lamberti,"['Sighseeing', 'Centro Fotografia', 'Museo Conte', 'Palazzo della Ragione', 'AMO']",Teatro Romano,strategy_nearest,False,0.002357006072998047,success
04D17A3A9C4C80,3,"['Casa Giulietta', 'Torre Lamberti']",Santa Anastasia,"['AMO', 'Museo Conte', 'Palazzo della Ragione', 'Teatro Romano', 'Centro Fotografia']",Arena,strategy_nearest,False,0.002936840057373047,success
04D17F429C4C80,2,"['Castelvecchio', 'Tomba Giulietta', 'San Fermo']",San Zeno,"['Verona Tour', 'Museo Lapidario', 'Arena', 'Museo Miniscalchi', 'Sighseeing']",Torre Lamberti,strategy_nearest,False,0.003283977508544922,success
04D1844A9C4C80,0,['Arena'],Casa Giulietta,"['Centro Fotografia', 'Sighseeing', 'Torre Lamberti', 'Museo Conte', 'Museo Radio']",Palazzo della Ragione,strategy_nearest,False,0.0026559829711914062,success
04D186429C4C80,0,"['Casa Giulietta', 'Torre Lamberti']",Arena,"['Verona Tour', 'Museo Lapidario', 'Museo Radio', 'San Fermo', 'Sighseeing']",Tomba Giulietta,strategy_nearest,False,0.0031998157501220703,success
04D18B4A9C4C80,3,"['Arena', 'Casa Giulietta']",Santa Anastasia,"['AMO', 'Museo Conte', 'Palazzo della Ragione', 'Teatro Romano', 'Centro Fotografia']",Teatro Romano,strategy_nearest,True,0.002621889114379883,success
04D18A4A9C4C80,0,['Arena'],Casa Giulietta,"['Centro Fotografia', 'Sighseeing', 'Torre Lamberti', 'Museo Conte', 'Museo Radio']",Torre Lamberti,strategy_nearest,True,0.002045869827270508,success
04D18D4A9C4C80,0,['Arena'],Castelvecchio,"['Museo Lapidario', 'Verona Tour', 'Museo Radio', 'San Zeno', 'Sighseeing']",Casa Giulietta,strategy_nearest,False,0.003159046173095703,success
04D190429C4C80,3,['Arena'],Santa Anastasia,"['AMO', 'Museo Conte', 'Palazzo della Ragione', 'Teatro Romano', 'Centro Fotografia']",Torre Lamberti,strategy_nearest,False,0.003056049346923828,success
04D1924A9C4C80,3,['Arena'],Santa Anastasia,"['AMO', 'Museo Conte', 'Palazzo della Ragione', 'Teatro Romano', 'Centro Fotografia']",Duomo,strategy_nearest,False,0.0018041133880615234,success
04D191429C4C80,2,['Palazzo della Ragione'],Casa Giulietta,"['Centro Fotografia', 'Sighseeing', 'Torre Lamberti', 'Museo Conte', 'Museo Radio']",San Fermo,strategy_nearest,False,0.0025479793548583984,success
04D198429C4C80,0,['Arena'],Torre Lamberti,"['Sighseeing', 'Centro Fotografia', 'Museo Conte', 'Casa Giulietta', 'Palazzo della Ragione']",Casa Giulietta,strategy_nearest,True,0.0025789737701416016,success
04D197429C4C80,2,"['Museo Lapidario', 'Castelvecchio', 'San Zeno']",Teatro Romano,"['Santa Anastasia', 'Duomo', 'AMO', 'Palazzo della Ragione', 'Museo Conte']",Duomo,strategy_nearest,True,0.003487110137939453,success
04D19E4A9C4C80,0,['Arena'],Torre Lamberti,"['Sighseeing', 'Centro Fotografia', 'Museo Conte', 'Casa Giulietta', 'Palazzo della Ragione']",Casa Giulietta,strategy_nearest,True,0.0033721923828125,success
04D1A04A9C4C80,1,['Arena'],Castelvecchio,"['Museo Lapidario', 'Verona Tour', 'Museo Radio', 'San Zeno', 'Sighseeing']",Palazzo della Ragione,strategy_nearest,False,0.003046751022338867,success
04D1A24A9C4C80,0,['Arena'],Torre Lamberti,"['Sighseeing', 'Centro Fotografia', 'Museo Conte', 'Casa Giulietta', 'Palazzo della Ragione']",Casa Giulietta,strategy_nearest,True,0.0025222301483154297,success
04D1DC429C4C80,2,"['Torre Lamberti', 'Casa Giulietta']",Teatro Romano,"['Santa Anastasia', 'Duomo', 'AMO', 'Palazzo della Ragione', 'Museo Conte']",Santa Anastasia,strategy_nearest,True,0.003114938735961914,success
04D1E0429C4C80,3,"['Arena', 'Casa Giulietta']",Torre Lamberti,"['Sighseeing', 'Centro Fotografia', 'Museo Conte', 'Palazzo della Ragione', 'AMO']",Santa Anastasia,strategy_nearest,False,0.0024938583374023438,success
04D1EA429C4C80,1,"['San Fermo', 'Casa Giulietta', 'Torre Lamberti', 'Palazzo della Ragione', 'Duomo']",Santa Anastasia,"['AMO', 'Museo Conte', 'Teatro Romano', 'Centro Fotografia', 'Sighseeing']",Arena,strategy_nearest,False,0.002341032028198242,success
04D1DF3A9C4C80,0,"['Arena', 'San Zeno']",Castelvecchio,"['Museo Lapidario', 'Verona Tour', 'Museo Radio', 'Sighseeing', 'Museo Miniscalchi']",Teatro Romano,strategy_nearest,False,0.003927707672119141,success
04D1EA3A9C4C80,3,"['Arena', 'San Fermo']",Torre Lamberti,"['Sighseeing', 'Centro Fotografia', 'Museo Conte', 'Casa Giulietta', 'Palazzo della Ragione']",Santa Anastasia,strategy_nearest,False,0.0040378570556640625,success
04D1ED3A9C4C80,0,['Arena'],San Fermo,"['Museo Storia', 'Museo Radio', 'Casa Giulietta', 'Centro Fotografia', 'Sighseeing']",Torre Lamberti,strategy_nearest,False,0.0029001235961914062,success
04D1F03A9C4C80,1,['Arena'],Casa Giulietta,"['Centro Fotografia', 'Sighseeing', 'Torre Lamberti', 'Museo Conte', 'Museo Radio']",Torre Lamberti,strategy_nearest,True,0.002624988555908203,success
04D1F13A9C4C80,2,"['Casa Giulietta', 'Santa Anastasia']",Duomo,"['AMO', 'Museo Miniscalchi', 'Teatro Romano', 'Palazzo della Ragione', 'Museo Conte']",Teatro Romano,strategy_nearest,True,0.0026531219482421875,success
04D1F23A9C4C80,3,['Arena'],Casa Giulietta,"['Centro Fotografia', 'Sighseeing', 'Torre Lamberti', 'Museo Conte', 'Museo Radio']",San Fermo,strategy_nearest,False,0.0031540393829345703,success
04D1F7429C4C80,1,"['Torre Lamberti', 'Palazzo della Ragione', 'Casa Giulietta']",Arena,"['Verona Tour', 'Museo Lapidario', 'Museo Radio', 'San Fermo', 'Sighseeing']",Museo Lapidario,strategy_nearest,True,0.002925872802734375,success
04D1F8429C4C80,2,"['Duomo', 'Santa Anastasia']",San Fermo,"['Museo Storia', 'Museo Radio', 'Casa Giulietta', 'Centro Fotografia', 'Arena']",Casa Giulietta,strategy_nearest,True,0.003019094467163086,success
04D1FE3A9C4C80,0,"['Arena', 'Tomba Giulietta']",San Fermo,"['Museo Storia', 'Museo Radio', 'Casa Giulietta', 'Centro Fotografia', 'Sighseeing']",Giardino Giusti,strategy_nearest,False,0.0026922225952148438,success
04D20C429C4C84,2,['Torre Lamberti'],Santa Anastasia,"['AMO', 'Museo Conte', 'Palazzo della Ragione', 'Teatro Romano', 'Centro Fotografia']",Duomo,strategy_nearest,False,0.003201007843017578,success
04D20F429C4C84,1,"['Castelvecchio', 'Casa Giulietta']",Torre Lamberti,"['Sighseeing', 'Centro Fotografia', 'Museo Conte', 'Palazzo della Ragione', 'AMO']",Palazzo della Ragione,strategy_nearest,True,0.0028200149536132812,success
04D201429C4C84,2,"['Torre Lamberti', 'Santa Anastasia']",Duomo,"['AMO', 'Museo Miniscalchi', 'Teatro Romano', 'Palazzo della Ragione', 'Museo Conte']",Casa Giulietta,strategy_nearest,False,0.0027451515197753906,success
04D2104A9C4C80,0,"['Arena', 'Santa Anastasia']",Castelvecchio,"['Museo Lapidario', 'Verona Tour', 'Museo Radio', 'San Zeno', 'Sighseeing']",Casa Giulietta,strategy_nearest,False,0.0032219886779785156,success
04D216429C4C80,3,"['Arena', 'Casa Giulietta', 'Santa Anastasia']",Teatro Romano,"['Duomo', 'AMO', 'Palazzo della Ragione', 'Museo Conte', 'Centro Fotografia']",Tomba Giulietta,strategy_nearest,False,0.0024530887603759766,success
04D212429C4C84,0,['Arena'],Museo Lapidario,"['Verona Tour', 'Castelvecchio', 'Museo Radio', 'San Fermo', 'Casa Giulietta']",Casa Giulietta,strategy_nearest,True,0.0027060508728027344,success
04D213429C4C84,2,['Santa Anastasia'],Castelvecchio,"['Museo Lapidario', 'Verona Tour', 'Arena', 'Museo Radio', 'San Zeno']",Casa Giulietta,strategy_nearest,False,0.003233194351196289,success
04D21E429C4C84,0,"['Arena', 'Castelvecchio']",Teatro Romano,"['Santa Anastasia', 'Duomo', 'AMO', 'Palazzo della Ragione', 'Museo Conte']",Giardino Giusti,strategy_nearest,False,0.0025720596313476562,success
04D2213A9C4C80,1,"['Arena', 'Casa Giulietta']",Torre Lamberti,"['Sighseeing', 'Centro Fotografia', 'Museo Conte', 'Palazzo della Ragione', 'AMO']",Palazzo della Ragione,strategy_nearest,True,0.0032503604888916016,success
04D21C3A9C4C80,0,['Arena'],Casa Giulietta,"['Centro Fotografia', 'Sighseeing', 'Torre Lamberti', 'Museo Conte', 'Museo Radio']",Torre Lamberti,strategy_nearest,True,0.0018160343170166016,success
04D2233A9C4C84,2,['Castelvecchio'],San Zeno,"['Verona Tour', 'Museo Lapidario', 'Arena', 'Museo Miniscalchi', 'Sighseeing']",Duomo,strategy_nearest,False,0.0029098987579345703,success
04D223429C4C84,1,"['Arena', 'Palazzo della Ragione']",Castelvecchio,"['Museo Lapidario', 'Verona Tour', 'Museo Radio', 'San Zeno', 'Sighseeing']",Casa Giulietta,strategy_nearest,False,0.0013430118560791016,success
04D225429C4C84,0,"['Arena', 'Museo Lapidario']",Casa Giulietta,"['Centro Fotografia', 'Sighseeing', 'Torre Lamberti', 'Museo Conte', 'Museo Radio']",Torre Lamberti,strategy_nearest,True,0.0019180774688720703,success
04D228429C4C84,2,['Casa Giulietta'],Torre Lamberti,"['Sighseeing', 'Centro Fotografia', 'Museo Conte', 'Palazzo della Ragione', 'AMO']",Duomo,strategy_nearest,False,0.0026476383209228516,success
04D231429C4C80,2,['Casa Giulietta'],Torre Lamberti,"['Sighseeing', 'Centro Fotografia', 'Museo Conte', 'Palazzo della Ragione', 'AMO']",San Fermo,strategy_nearest,False,0.00328826904296875,success
04D23A429C4C80,3,"['San Zeno', 'Torre Lamberti']",Santa Anastasia,"['AMO', 'Museo Conte', 'Palazzo della Ragione', 'Teatro Romano', 'Centro Fotografia']",Duomo,strategy_nearest,False,0.0024819374084472656,success
04D2373A9C4C80,1,"['Torre Lamberti', 'Palazzo della Ragione', 'Casa Giulietta']",Arena,"['Verona Tour', 'Museo Lapidario', 'Museo Radio', 'San Fermo', 'Sighseeing']",Castelvecchio,strategy_nearest,False,0.003160715103149414,success
04D23F3A9C4C80,3,"['Casa Giulietta', 'Torre Lamberti']",Santa Anastasia,"['AMO', 'Museo Conte', 'Palazzo della Ragione', 'Teatro Romano', 'Centro Fotografia']",Duomo,strategy_nearest,False,0.003329038619995117,success
04D259429C4C80,3,"['Duomo', 'Teatro Romano']",Arena,"['Verona Tour', 'Museo Lapidario', 'Museo Radio', 'San Fermo', 'Casa Giulietta']",Torre Lamberti,strategy_nearest,False,0.0026209354400634766,success
04D257429C4C80,0,['Arena'],Casa Giulietta,"['Centro Fotografia', 'Sighseeing', 'Torre Lamberti', 'Museo Conte', 'Museo Radio']",Arena,strategy_nearest,False,0.0032927989959716797,success
04D250429C4C80,1,"['Arena', 'Santa Anastasia', 'Teatro Romano', 'Torre Lamberti']",Palazzo della Ragione,"['AMO', 'Museo Conte', 'Centro Fotografia', 'Sighseeing', 'Museo Miniscalchi']",Casa Giulietta,strategy_nearest,False,0.0014829635620117188,success
04D262429C4C80,1,"['Torre Lamberti', 'Palazzo della Ragione', 'Santa Anastasia']",Duomo,"['AMO', 'Museo Miniscalchi', 'Teatro Romano', 'Museo Conte', 'Centro Fotografia']",Teatro Romano,strategy_nearest,True,0.0027298927307128906,success
04D2693A9C4C80,2,"['Santa Anastasia', 'Casa Giulietta']",Teatro Romano,"['Duomo', 'AMO', 'Palazzo della Ragione', 'Museo Conte', 'Centro Fotografia']",Duomo,strategy_nearest,True,0.00138092041015625,success
04D25B429C4C80,2,['Duomo'],Teatro Romano,"['Santa Anastasia', 'AMO', 'Palazzo della Ragione', 'Museo Conte', 'Centro Fotografia']",Casa Giulietta,strategy_nearest,False,0.003366231918334961,success
04D26C429C4C80,0,['Tomba Giulietta'],Duomo,"['AMO', 'Museo Miniscalchi', 'Santa Anastasia', 'Teatro Romano', 'Palazzo della Ragione']",Casa Giulietta,strategy_nearest,False,0.003300189971923828,success
04D2763A9C4C80,1,"['Casa Giulietta', 'San Fermo', 'Arena', 'Torre Lamberti', 'Santa Anastasia']",Duomo,"['AMO', 'Museo Miniscalchi', 'Teatro Romano', 'Palazzo della Ragione', 'Museo Conte']",Tomba Giulietta,strategy_nearest,False,0.0017848014831542969,success
04D27F4A9C4C80,3,['San Fermo'],Casa Giulietta,"['Centro Fotografia', 'Sighseeing', 'Torre Lamberti', 'Museo Conte', 'Museo Radio']",Santa Anastasia,strategy_nearest,False,0.002724885940551758,success
04D286429C4C80,2,['Torre Lamberti'],Teatro Romano,"['Santa Anastasia', 'Duomo', 'AMO', 'Palazzo della Ragione', 'Museo Conte']",Duomo,strategy_nearest,True,0.0025670528411865234,success
04D2814A9C4C80,0,['Arena'],Casa Giulietta,"['Centro Fotografia', 'Sighseeing', 'Torre Lamberti', 'Museo Conte', 'Museo Radio']",Teatro Romano,strategy_nearest,False,0.003361940383911133,success
04D28B4A9C4C80,0,['Arena'],Torre Lamberti,"['Sighseeing', 'Centro Fotografia', 'Museo Conte', 'Casa Giulietta', 'Palazzo della Ragione']",Casa Giulietta,strategy_nearest,True,0.0024309158325195312,success
04D28D4A9C4C80,0,['Arena'],San Zeno,"['Castelvecchio', 'Verona Tour', 'Museo Lapidario', 'Museo Miniscalchi', 'Sighseeing']",Casa Giulietta,strategy_nearest,False,0.0023779869079589844,success
04D298429C4C80,2,['Torre Lamberti'],Casa Giulietta,"['Centro Fotografia', 'Sighseeing', 'Museo Conte', 'Museo Radio', 'Palazzo della Ragione']",San Fermo,strategy_nearest,False,0.0027391910552978516,success
04D2A84A9C4C80,3,"['San Zeno', 'Arena']",Castelvecchio,"['Museo Lapidario', 'Verona Tour', 'Museo Radio', 'Sighseeing', 'Museo Miniscalchi']",Teatro Romano,strategy_nearest,False,0.0031020641326904297,success
04D2A64A9C4C80,2,['Casa Giulietta'],Torre Lamberti,"['Sighseeing', 'Centro Fotografia', 'Museo Conte', 'Palazzo della Ragione', 'AMO']",San Fermo,strategy_nearest,False,0.003590106964111328,success
04D2B93A9C4C80,1,['Arena'],Torre Lamberti,"['Sighseeing', 'Centro Fotografia', 'Museo Conte', 'Casa Giulietta', 'Palazzo della Ragione']",Palazzo della Ragione,strategy_nearest,True,0.0032739639282226562,success
04D2B1429C4C80,3,"['Teatro Romano', 'Duomo', 'Santa Anastasia']",Torre Lamberti,"['Sighseeing', 'Centro Fotografia', 'Museo Conte', 'Casa Giulietta', 'Palazzo della Ragione']",San Zeno,strategy_nearest,False,0.003525972366333008,success
04D2BA429C4C80,0,['Arena'],Casa Giulietta,"['Centro Fotografia', 'Sighseeing', 'Torre Lamberti', 'Museo Conte', 'Museo Radio']",Torre Lamberti,strategy_nearest,True,0.0025060176849365234,success
04D2BF3A9C4C80,0,['Casa Giulietta'],Arena,"['Verona Tour', 'Museo Lapidario', 'Museo Radio', 'San Fermo', 'Sighseeing']",San Fermo,strategy_nearest,True,0.003354787826538086,success
04D2DD429C4C80,0,['Arena'],San Fermo,"['Museo Storia', 'Museo Radio', 'Casa Giulietta', 'Centro Fotografia', 'Sighseeing']",Teatro Romano,strategy_nearest,False,0.0017368793487548828,success
04D2E13A9C4C80,3,"['Castelvecchio', 'Museo Lapidario', 'Arena', 'Casa Giulietta']",Torre Lamberti,"['Sighseeing', 'Centro Fotografia', 'Museo Conte', 'Palazzo della Ragione', 'AMO']",Santa Anastasia,strategy_nearest,False,0.0031082630157470703,success
04D2C3429C4C80,0,"['Castelvecchio', 'Arena']",Casa Giulietta,"['Centro Fotografia', 'Sighseeing', 'Torre Lamberti', 'Museo Conte', 'Museo Radio']",Teatro Romano,strategy_nearest,False,0.0034859180450439453,success
04D30C429C4C84,3,"['Arena', 'Casa Giulietta']",Torre Lamberti,"['Sighseeing', 'Centro Fotografia', 'Museo Conte', 'Palazzo della Ragione', 'AMO']",Santa Anastasia,strategy_nearest,False,0.002734661102294922,success
04D3013A9C4C84,0,['Castelvecchio'],Arena,"['Verona Tour', 'Museo Lapidario', 'Museo Radio', 'San Fermo', 'Casa Giulietta']",Torre Lamberti,strategy_nearest,False,0.0025353431701660156,success
04D3033A9C4C84,1,"['Arena', 'Palazzo della Ragione']",Duomo,"['AMO', 'Museo Miniscalchi', 'Santa Anastasia', 'Teatro Romano', 'Museo Conte']",Santa Anastasia,strategy_nearest,True,0.0031311511993408203,success
04D30A429C4C84,3,"['Torre Lamberti', 'Casa Giulietta', 'Santa Anastasia']",Duomo,"['AMO', 'Museo Miniscalchi', 'Teatro Romano', 'Palazzo della Ragione', 'Museo Conte']",Arena,strategy_nearest,False,0.003465890884399414,success
04D313429C4C84,0,['Teatro Romano'],Torre Lamberti,"['Sighseeing', 'Centro Fotografia', 'Museo Conte', 'Casa Giulietta', 'Palazzo della Ragione']",Casa Giulietta,strategy_nearest,True,0.0021109580993652344,success
04D315429C4C80,3,['Teatro Romano'],Santa Anastasia,"['AMO', 'Museo Conte', 'Palazzo della Ragione', 'Centro Fotografia', 'Duomo']",Casa Giulietta,strategy_nearest,False,0.0029540061950683594,success
04D316429C4C80,1,"['Arena', 'Palazzo della Ragione', 'Torre Lamberti']",Casa Giulietta,"['Centro Fotografia', 'Sighseeing', 'Museo Conte', 'Museo Radio', 'San Fermo']",San Fermo,strategy_nearest,True,0.00347900390625,success
04D31A429C4C84,0,"['Arena', 'Tomba Giulietta']",Teatro Romano,"['Santa Anastasia', 'Duomo', 'AMO', 'Palazzo della Ragione', 'Museo Conte']",Torre Lamberti,strategy_nearest,False,0.002756834030151367,success
04D329429C4C84,3,['Arena'],Duomo,"['AMO', 'Museo Miniscalchi', 'Santa Anastasia', 'Teatro Romano', 'Palazzo della Ragione']",Santa Anastasia,strategy_nearest,True,0.0033388137817382812,success
04D31F429C4C84,0,['Arena'],Casa Giulietta,"['Centro Fotografia', 'Sighseeing', 'Torre Lamberti', 'Museo Conte', 'Museo Radio']",Santa Anastasia,strategy_nearest,False,0.002905130386352539,success
04D336429C4C80,3,"['Arena', 'Casa Giulietta']",Santa Anastasia,"['AMO', 'Museo Conte', 'Palazzo della Ragione', 'Teatro Romano', 'Centro Fotografia']",Torre Lamberti,strategy_nearest,False,0.0020318031311035156,success
04D328429C4C84,3,"['Arena', 'Casa Giulietta']",Torre Lamberti,"['Sighseeing', 'Centro Fotografia', 'Museo Conte', 'Palazzo della Ragione', 'AMO']",Duomo,strategy_nearest,False,0.0016810894012451172,success
04D33C429C4C80,0,['Castelvecchio'],Casa Giulietta,"['Centro Fotografia', 'Sighseeing', 'Torre Lamberti', 'Museo Conte', 'Museo Radio']",Arena,strategy_nearest,False,0.0021271705627441406,success
04D3383A9C4C80,3,"['Arena', 'Torre Lamberti']",Santa Anastasia,"['AMO', 'Museo Conte', 'Palazzo della Ragione', 'Teatro Romano', 'Centro Fotografia']",Teatro Romano,strategy_nearest,True,0.0012333393096923828,success
04D3493A9C4C80,0,['San Fermo'],Arena,"['Verona Tour', 'Museo Lapidario', 'Museo Radio', 'Casa Giulietta', 'Sighseeing']",Casa Giulietta,strategy_nearest,True,0.0026712417602539062,success
04D33D4A9C4C80,1,"['Arena', 'San Fermo', 'Casa Giulietta']",Castelvecchio,"['Museo Lapidario', 'Verona Tour', 'Museo Radio', 'San Zeno', 'Sighseeing']",Santa Anastasia,strategy_nearest,False,0.0033681392669677734,success
04D355429C4C80,0,['Castelvecchio'],Arena,"['Verona Tour', 'Museo Lapidario', 'Museo Radio', 'San Fermo', 'Casa Giulietta']",Casa Giulietta,strategy_nearest,True,0.0014328956604003906,success
04D34D429C4C80,0,['Torre Lamberti'],Teatro Romano,"['Santa Anastasia', 'Duomo', 'AMO', 'Palazzo della Ragione', 'Museo Conte']",Arena,strategy_nearest,False,0.0033559799194335938,success
04D357429C4C80,1,"['Palazzo della Ragione', 'Arena']",Tomba Giulietta,"['San Fermo', 'Museo Storia', 'Museo Lapidario', 'Museo Radio', 'Verona Tour']",Castelvecchio,strategy_nearest,False,0.002583742141723633,success
04D352429C4C80,0,['Arena'],Casa Giulietta,"['Centro Fotografia', 'Sighseeing', 'Torre Lamberti', 'Museo Conte', 'Museo Radio']",Castelvecchio,strategy_nearest,False,0.004516124725341797,success
04D36B429C4C80,3,['Arena'],Santa Anastasia,"['AMO', 'Museo Conte', 'Palazzo della Ragione', 'Teatro Romano', 'Centro Fotografia']",Duomo,strategy_nearest,False,0.002172708511352539,success
04D3763A9C4C80,3,['Casa Giulietta'],Torre Lamberti,"['Sighseeing', 'Centro Fotografia', 'Museo Conte', 'Palazzo della Ragione', 'AMO']",Santa Anastasia,strategy_nearest,False,0.002681732177734375,success
04D369429C4C80,3,"['Arena', 'San Fermo', 'Torre Lamberti']",Santa Anastasia,"['AMO', 'Museo Conte', 'Palazzo della Ragione', 'Teatro Romano', 'Centro Fotografia']",Duomo,strategy_nearest,False,0.0016450881958007812,success
04D37F4A9C4C80,0,['Arena'],San Fermo,"['Museo Storia', 'Museo Radio', 'Casa Giulietta', 'Centro Fotografia', 'Sighseeing']",Casa Giulietta,strategy_nearest,True,0.003255128860473633,success
04D381429C4C80,2,['Castelvecchio'],Teatro Romano,"['Santa Anastasia', 'Duomo', 'AMO', 'Palazzo della Ragione', 'Museo Conte']",Duomo,strategy_nearest,True,0.0014619827270507812,success
04D3834A9C4C80,0,['Arena'],Castelvecchio,"['Museo Lapidario', 'Verona Tour', 'Museo Radio', 'San Zeno', 'Sighseeing']",Casa Giulietta,strategy_nearest,False,0.0020072460174560547,success
04D3844A9C4C80,2,['Casa Giulietta'],Torre Lamberti,"['Sighseeing', 'Centro Fotografia', 'Museo Conte', 'Palazzo della Ragione', 'AMO']",Palazzo della Ragione,strategy_nearest,True,0.002576112747192383,success
04D3984A9C4C80,1,"['Palazzo della Ragione', 'Santa Anastasia']",Torre Lamberti,"['Sighseeing', 'Centro Fotografia', 'Museo Conte', 'Casa Giulietta', 'AMO']",Arena,strategy_nearest,False,0.0033752918243408203,success
04D39A4A9C4C80,0,['Arena'],Museo Lapidario,"['Verona Tour', 'Castelvecchio', 'Museo Radio', 'San Fermo', 'Casa Giulietta']",Castelvecchio,strategy_nearest,True,0.0028443336486816406,success
04D39A429C4C80,3,['Arena'],Santa Anastasia,"['AMO', 'Museo Conte', 'Palazzo della Ragione', 'Teatro Romano', 'Centro Fotografia']",Duomo,strategy_nearest,False,0.0020737648010253906,success
04D39B429C4C80,0,['Arena'],Casa Giulietta,"['Centro Fotografia', 'Sighseeing', 'Torre Lamberti', 'Museo Conte', 'Museo Radio']",Torre Lamberti,strategy_nearest,True,0.002532958984375,success
04D3A0429C4C80,2,['Castelvecchio'],San Zeno,"['Verona Tour', 'Museo Lapidario', 'Arena', 'Museo Miniscalchi', 'Sighseeing']",San Fermo,strategy_nearest,False,0.003134012222290039,success
04D3A3429C4C80,0,['Arena'],Torre Lamberti,"['Sighseeing', 'Centro Fotografia', 'Museo Conte', 'Casa Giulietta', 'Palazzo della Ragione']",Tomba Giulietta,strategy_nearest,False,0.0025162696838378906,success
04D3A73A9C4C80,0,['Arena'],Casa Giulietta,"['Centro Fotografia', 'Sighseeing', 'Torre Lamberti', 'Museo Conte', 'Museo Radio']",Santa Anastasia,strategy_nearest,False,0.0024657249450683594,success
04D3A83A9C4C80,2,['Casa Giulietta'],Tomba Giulietta,"['San Fermo', 'Museo Storia', 'Arena', 'Museo Lapidario', 'Museo Radio']",Museo Lapidario,strategy_nearest,True,0.002534151077270508,success
04D3AE429C4C80,1,['Arena'],Casa Giulietta,"['Centro Fotografia', 'Sighseeing', 'Torre Lamberti', 'Museo Conte', 'Museo Radio']",Palazzo della Ragione,strategy_nearest,False,0.0031402111053466797,success
04D3A74A9C4C80,3,"['Santa Anastasia', 'Teatro Romano']",Casa Giulietta,"['Centro Fotografia', 'Sighseeing', 'Torre Lamberti', 'Museo Conte', 'Museo Radio']",Arena,strategy_nearest,False,0.002767801284790039,success
04D3C63A9C4C80,3,['Arena'],Torre Lamberti,"['Sighseeing', 'Centro Fotografia', 'Museo Conte', 'Casa Giulietta', 'Palazzo della Ragione']",Santa Anastasia,strategy_nearest,False,0.0026531219482421875,success
04D3B1429C4C80,3,"['Teatro Romano', 'Duomo', 'Santa Anastasia']",Torre Lamberti,"['Sighseeing', 'Centro Fotografia', 'Museo Conte', 'Casa Giulietta', 'Palazzo della Ragione']",San Zeno,strategy_nearest,False,0.0034627914428710938,success
04D3BF429C4C80,0,['Arena'],Torre Lamberti,"['Sighseeing', 'Centro Fotografia', 'Museo Conte', 'Casa Giulietta', 'Palazzo della Ragione']",San Fermo,strategy_nearest,False,0.0025899410247802734,success
04D3D0429C4C80,2,['Torre Lamberti'],Casa Giulietta,"['Centro Fotografia', 'Sighseeing', 'Museo Conte', 'Museo Radio', 'Palazzo della Ragione']",Castelvecchio,strategy_nearest,False,0.0031511783599853516,success
04D3D13A9C4C80,3,"['Casa Giulietta', 'Torre Lamberti']",Teatro Romano,"['Santa Anastasia', 'Duomo', 'AMO', 'Palazzo della Ragione', 'Museo Conte']",Duomo,strategy_nearest,True,0.0016329288482666016,success
04D3D33A9C4C80,1,"['Teatro Romano', 'Palazzo della Ragione']",San Fermo,"['Museo Storia', 'Museo Radio', 'Casa Giulietta', 'Centro Fotografia', 'Arena']",Duomo,strategy_nearest,False,0.0034151077270507812,success
04D3E63A9C4C80,4,"['Arena', 'Museo Lapidario']",Museo Radio,"['Casa Giulietta', 'San Fermo', 'Sighseeing', 'Torre Lamberti', 'Centro Fotografia']",Tomba Giulietta,strategy_nearest,False,0.0032820701599121094,success
04D3E3429C4C80,2,"['Castelvecchio', 'Palazzo della Ragione']",Torre Lamberti,"['Sighseeing', 'Centro Fotografia', 'Museo Conte', 'Casa Giulietta', 'AMO']",Santa Anastasia,strategy_nearest,False,0.0025620460510253906,success
04D404429C4C84,3,"['San Fermo', 'Casa Giulietta']",Santa Anastasia,"['AMO', 'Museo Conte', 'Palazzo della Ragione', 'Teatro Romano', 'Centro Fotografia']",Duomo,strategy_nearest,False,0.0030090808868408203,success
04D414429C4C80,0,"['Arena', 'Museo Lapidario']",Giardino Giusti,"['Santa Anastasia', 'Teatro Romano', 'Museo Conte', 'Centro Fotografia', 'Museo Storia']",Torre Lamberti,strategy_nearest,False,0.0018358230590820312,success
04D411429C4C84,0,"['Casa Giulietta', 'Arena']",Teatro Romano,"['Santa Anastasia', 'Duomo', 'AMO', 'Palazzo della Ragione', 'Museo Conte']",Duomo,strategy_nearest,True,0.0031280517578125,success
04D41C3A9C4C80,0,['Arena'],Santa Anastasia,"['AMO', 'Museo Conte', 'Palazzo della Ragione', 'Teatro Romano', 'Centro Fotografia']",Castelvecchio,strategy_nearest,False,0.0024399757385253906,success
04D40C429C4C84,3,"['Arena', 'Casa Giulietta']",Torre Lamberti,"['Sighseeing', 'Centro Fotografia', 'Museo Conte', 'Palazzo della Ragione', 'AMO']",Santa Anastasia,strategy_nearest,False,0.002686023712158203,success
04D4233A9C4C80,1,"['Castelvecchio', 'Arena']",Casa Giulietta,"['Centro Fotografia', 'Sighseeing', 'Torre Lamberti', 'Museo Conte', 'Museo Radio']",Palazzo della Ragione,strategy_nearest,False,0.002079010009765625,success
04D41E3A9C4C80,3,"['Arena', 'San Zeno']",Santa Anastasia,"['AMO', 'Museo Conte', 'Palazzo della Ragione', 'Teatro Romano', 'Centro Fotografia']",Torre Lamberti,strategy_nearest,False,0.0027399063110351562,success
04D41F429C4C84,3,"['Arena', 'Torre Lamberti']",Casa Giulietta,"['Centro Fotografia', 'Sighseeing', 'Museo Conte', 'Museo Radio', 'Palazzo della Ragione']",Santa Anastasia,strategy_nearest,False,0.0013680458068847656,success
04D4243A9C4C84,2,['Castelvecchio'],Casa Giulietta,"['Centro Fotografia', 'Sighseeing', 'Torre Lamberti', 'Museo Conte', 'Museo Radio']",Torre Lamberti,strategy_nearest,True,0.003268718719482422,success
04D4274A9C4C80,2,['Castelvecchio'],Torre Lamberti,"['Sighseeing', 'Centro Fotografia', 'Museo Conte', 'Casa Giulietta', 'Palazzo della Ragione']",San Fermo,strategy_nearest,False,0.0016150474548339844,success
04D424429C4C84,3,"['Arena', 'Tomba Giulietta']",San Fermo,"['Museo Storia', 'Museo Radio', 'Casa Giulietta', 'Centro Fotografia', 'Sighseeing']",Santa Anastasia,strategy_nearest,False,0.003920793533325195,success
04D42D3A9C4C80,0,"['Arena', 'Casa Giulietta']",Torre Lamberti,"['Sighseeing', 'Centro Fotografia', 'Museo Conte', 'Palazzo della Ragione', 'AMO']",Teatro Romano,strategy_nearest,False,0.002525806427001953,success
04D43B429C4C80,0,['Arena'],Casa Giulietta,"['Centro Fotografia', 'Sighseeing', 'Torre Lamberti', 'Museo Conte', 'Museo Radio']",Torre Lamberti,strategy_nearest,True,0.003361940383911133,success
04D44E429C4C80,3,['Arena'],Santa Anastasia,"['AMO', 'Museo Conte', 'Palazzo della Ragione', 'Teatro Romano', 'Centro Fotografia']",Duomo,strategy_nearest,False,0.003103971481323242,success
04D45D429C4C80,3,"['Santa Anastasia', 'Castelvecchio', 'Casa Giulietta']",Torre Lamberti,"['Sighseeing', 'Centro Fotografia', 'Museo Conte', 'Palazzo della Ragione', 'AMO']",Arena,strategy_nearest,False,0.002727985382080078,success
04D461429C4C80,0,"['Tomba Giulietta', 'Arena']",Casa Giulietta,"['Centro Fotografia', 'Sighseeing', 'Torre Lamberti', 'Museo Conte', 'Museo Radio']",Torre Lamberti,strategy_nearest,True,0.0021550655364990234,success
04D45E429C4C80,0,['Arena'],Casa Giulietta,"['Centro Fotografia', 'Sighseeing', 'Torre Lamberti', 'Museo Conte', 'Museo Radio']",Castelvecchio,strategy_nearest,False,0.003154754638671875,success
04D473429C4C80,1,"['Arena', 'Casa Giulietta']",Palazzo della Ragione,"['AMO', 'Museo Conte', 'Torre Lamberti', 'Centro Fotografia', 'Sighseeing']",Torre Lamberti,strategy_nearest,True,0.0018410682678222656,success
04D469429C4C80,0,['Arena'],San Fermo,"['Museo Storia', 'Museo Radio', 'Casa Giulietta', 'Centro Fotografia', 'Sighseeing']",Casa Giulietta,strategy_nearest,True,0.00341033935546875,success
04D46D429C4C80,0,['Arena'],Castelvecchio,"['Museo Lapidario', 'Verona Tour', 'Museo Radio', 'San Zeno', 'Sighseeing']",Santa Anastasia,strategy_nearest,False,0.004076242446899414,success
04D483429C4C80,0,['Arena'],Casa Giulietta,"['Centro Fotografia', 'Sighseeing', 'Torre Lamberti', 'Museo Conte', 'Museo Radio']",Torre Lamberti,strategy_nearest,True,0.002560853958129883,success
04D488C27B3F80,2,['Castelvecchio'],Casa Giulietta,"['Centro Fotografia', 'Sighseeing', 'Torre Lamberti', 'Museo Conte', 'Museo Radio']",Giardino Giusti,strategy_nearest,False,0.0019829273223876953,success
04D48E3A9C4C80,3,"['Arena', 'Casa Giulietta']",Torre Lamberti,"['Sighseeing', 'Centro Fotografia', 'Museo Conte', 'Palazzo della Ragione', 'AMO']",Santa Anastasia,strategy_nearest,False,0.0025479793548583984,success
04D4874A9C4C80,0,['Arena'],Duomo,"['AMO', 'Museo Miniscalchi', 'Santa Anastasia', 'Teatro Romano', 'Palazzo della Ragione']",Teatro Romano,strategy_nearest,True,0.0026590824127197266,success
04D4834A9C4C80,0,"['Casa Giulietta', 'Arena']",Tomba Giulietta,"['San Fermo', 'Museo Storia', 'Museo Lapidario', 'Museo Radio', 'Verona Tour']",San Fermo,strategy_nearest,True,0.004652738571166992,success
04D48F4A9C4C80,3,['Arena'],Casa Giulietta,"['Centro Fotografia', 'Sighseeing', 'Torre Lamberti', 'Museo Conte', 'Museo Radio']",Santa Anastasia,strategy_nearest,False,0.0021889209747314453,success
04D497429C4C80,0,['Arena'],Casa Giulietta,"['Centro Fotografia', 'Sighseeing', 'Torre Lamberti', 'Museo Conte', 'Museo Radio']",Teatro Romano,strategy_nearest,False,0.0026199817657470703,success
04D4984A9C4C80,3,['Arena'],Casa Giulietta,"['Centro Fotografia', 'Sighseeing', 'Torre Lamberti', 'Museo Conte', 'Museo Radio']",Santa Anastasia,strategy_nearest,False,0.0023980140686035156,success
04D49F429C4C80,0,"['Castelvecchio', 'Arena']",Teatro Romano,"['Santa Anastasia', 'Duomo', 'AMO', 'Palazzo della Ragione', 'Museo Conte']",Torre Lamberti,strategy_nearest,False,0.0030760765075683594,success
04D49B429C4C80,1,"['Arena', 'Casa Giulietta']",Torre Lamberti,"['Sighseeing', 'Centro Fotografia', 'Museo Conte', 'Palazzo della Ragione', 'AMO']",Palazzo della Ragione,strategy_nearest,True,0.0034151077270507812,success
04D4A04A9C4C80,1,"['Arena', 'Casa Giulietta']",Palazzo della Ragione,"['AMO', 'Museo Conte', 'Torre Lamberti', 'Centro Fotografia', 'Sighseeing']",Torre Lamberti,strategy_nearest,True,0.003210783004760742,success
04D4A3429C4C80,0,"['Arena', 'Casa Giulietta', 'Torre Lamberti']",Castelvecchio,"['Museo Lapidario', 'Verona Tour', 'Museo Radio', 'San Zeno', 'Sighseeing']",Teatro Romano,strategy_nearest,False,0.002584695816040039,success
04D4A1429C4C80,1,"['Arena', 'Torre Lamberti', 'Palazzo della Ragione']",Santa Anastasia,"['AMO', 'Museo Conte', 'Teatro Romano', 'Centro Fotografia', 'Duomo']",Duomo,strategy_nearest,True,0.0033998489379882812,success
04D4A54A9C4C80,3,"['Arena', 'Casa Giulietta']",Santa Anastasia,"['AMO', 'Museo Conte', 'Palazzo della Ragione', 'Teatro Romano', 'Centro Fotografia']",San Zeno,strategy_nearest,False,0.002489805221557617,success
04D4A63A9C4C80,0,"['Museo Lapidario', 'Arena']",Casa Giulietta,"['Centro Fotografia', 'Sighseeing', 'Torre Lamberti', 'Museo Conte', 'Museo Radio']",Santa Anastasia,strategy_nearest,False,0.0030891895294189453,success
04D4B43A9C4C80,3,"['Arena', 'Casa Giulietta']",Santa Anastasia,"['AMO', 'Museo Conte', 'Palazzo della Ragione', 'Teatro Romano', 'Centro Fotografia']",Duomo,strategy_nearest,False,0.001909017562866211,success
04D4BA3A9C4C80,0,"['Arena', 'Castelvecchio']",Torre Lamberti,"['Sighseeing', 'Centro Fotografia', 'Museo Conte', 'Casa Giulietta', 'Palazzo della Ragione']",Casa Giulietta,strategy_nearest,True,0.0024068355560302734,success
04D4AA429C4C80,1,"['Teatro Romano', 'Giardino Giusti', 'Torre Lamberti']",Palazzo della Ragione,"['AMO', 'Museo Conte', 'Centro Fotografia', 'Sighseeing', 'Santa Anastasia']",Arena,strategy_nearest,False,0.004027128219604492,success
04D4BA429C4C80,3,"['Castelvecchio', 'Arena']",Casa Giulietta,"['Centro Fotografia', 'Sighseeing', 'Torre Lamberti', 'Museo Conte', 'Museo Radio']",Torre Lamberti,strategy_nearest,True,0.0018658638000488281,success
04D4BD3A9C4C80,0,['Arena'],Castelvecchio,"['Museo Lapidario', 'Verona Tour', 'Museo Radio', 'San Zeno', 'Sighseeing']",San Zeno,strategy_nearest,True,0.002766132354736328,success
04D4C83A9C4C80,0,['Arena'],Casa Giulietta,"['Centro Fotografia', 'Sighseeing', 'Torre Lamberti', 'Museo Conte', 'Museo Radio']",Castelvecchio,strategy_nearest,False,0.00273895263671875,success
04D4BE3A9C4C80,0,"['Torre Lamberti', 'Casa Giulietta']",San Fermo,"['Museo Storia', 'Museo Radio', 'Centro Fotografia', 'Arena', 'Sighseeing']",Arena,strategy_nearest,True,0.003406047821044922,success
04D4CA429C4C80,3,"['Teatro Romano', 'Casa Giulietta']",Torre Lamberti,"['Sighseeing', 'Centro Fotografia', 'Museo Conte', 'Palazzo della Ragione', 'AMO']",Santa Anastasia,strategy_nearest,False,0.0022020339965820312,success
04D4D23A9C4C80,2,['Santa Anastasia'],Duomo,"['AMO', 'Museo Miniscalchi', 'Teatro Romano', 'Palazzo della Ragione', 'Museo Conte']",Torre Lamberti,strategy_nearest,False,0.003181934356689453,success
04D4D83A9C4C80,2,['Santa Anastasia'],Castelvecchio,"['Museo Lapidario', 'Verona Tour', 'Arena', 'Museo Radio', 'San Zeno']",San Zeno,strategy_nearest,True,0.0027039051055908203,success
04D4E33A9C4C80,1,"['Arena', 'Museo Lapidario', 'Castelvecchio', 'Palazzo della Ragione', 'Torre Lamberti']",Casa Giulietta,"['Centro Fotografia', 'Sighseeing', 'Museo Conte', 'Museo Radio', 'San Fermo']",San Fermo,strategy_nearest,True,0.004136085510253906,success
04D4EC3A9C4C80,3,['Arena'],Santa Anastasia,"['AMO', 'Museo Conte', 'Palazzo della Ragione', 'Teatro Romano', 'Centro Fotografia']",Teatro Romano,strategy_nearest,True,0.002306222915649414,success
04D4F93A9C4C80,0,['Arena'],Casa Giulietta,"['Centro Fotografia', 'Sighseeing', 'Torre Lamberti', 'Museo Conte', 'Museo Radio']",Torre Lamberti,strategy_nearest,True,0.0033729076385498047,success
04D5103A9C4C80,3,"['Arena', 'Torre Lamberti']",Casa Giulietta,"['Centro Fotografia', 'Sighseeing', 'Museo Conte', 'Museo Radio', 'Palazzo della Ragione']",Santa Anastasia,strategy_nearest,False,0.003025054931640625,success
04D4FB429C4C80,3,"['Santa Anastasia', 'Teatro Romano', 'Duomo']",Casa Giulietta,"['Centro Fotografia', 'Sighseeing', 'Torre Lamberti', 'Museo Conte', 'Museo Radio']",San Fermo,strategy_nearest,False,0.0033769607543945312,success
04D4FE3A9C4C80,0,"['Casa Giulietta', 'Arena']",Castelvecchio,"['Museo Lapidario', 'Verona Tour', 'Museo Radio', 'San Zeno', 'Sighseeing']",San Fermo,strategy_nearest,False,0.002534151077270508,success
04D5123A9C4C80,3,"['Arena', 'Casa Giulietta', 'San Fermo']",Torre Lamberti,"['Sighseeing', 'Centro Fotografia', 'Museo Conte', 'Palazzo della Ragione', 'AMO']",Castelvecchio,strategy_nearest,False,0.0031430721282958984,success
04D516429C4C84,3,"['Arena', 'Casa Giulietta']",Santa Anastasia,"['AMO', 'Museo Conte', 'Palazzo della Ragione', 'Teatro Romano', 'Centro Fotografia']",Torre Lamberti,strategy_nearest,False,0.0027360916137695312,success
04D5173A9C4C80,2,"['Castelvecchio', 'Casa Giulietta']",San Fermo,"['Museo Storia', 'Museo Radio', 'Centro Fotografia', 'Arena', 'Sighseeing']",Palazzo della Ragione,strategy_nearest,False,0.0020706653594970703,success
04D517429C4C84,1,"['Teatro Romano', 'Arena', 'San Fermo', 'Casa Giulietta']",Palazzo della Ragione,"['AMO', 'Museo Conte', 'Torre Lamberti', 'Centro Fotografia', 'Sighseeing']",Santa Anastasia,strategy_nearest,False,0.003142118453979492,success
04D5193A9C4C80,3,"['Arena', 'Casa Giulietta']",Torre Lamberti,"['Sighseeing', 'Centro Fotografia', 'Museo Conte', 'Palazzo della Ragione', 'AMO']",Duomo,strategy_nearest,False,0.002851247787475586,success
04D5263A9C4C80,0,['Arena'],Castelvecchio,"['Museo Lapidario', 'Verona Tour', 'Museo Radio', 'San Zeno', 'Sighseeing']",Casa Giulietta,strategy_nearest,False,0.0019021034240722656,success
04D523429C4C84,0,['Arena'],Torre Lamberti,"['Sighseeing', 'Centro Fotografia', 'Museo Conte', 'Casa Giulietta', 'Palazzo della Ragione']",Casa Giulietta,strategy_nearest,True,0.0033311843872070312,success
04D53C429C4C80,3,"['Teatro Romano', 'Santa Anastasia']",Castelvecchio,"['Museo Lapidario', 'Verona Tour', 'Arena', 'Museo Radio', 'San Zeno']",Arena,strategy_nearest,True,0.003056049346923828,success
04D565429C4C80,3,"['Arena', 'Casa Giulietta']",Torre Lamberti,"['Sighseeing', 'Centro Fotografia', 'Museo Conte', 'Palazzo della Ragione', 'AMO']",Santa Anastasia,strategy_nearest,False,0.0027670860290527344,success
04D5713A9C4C80,2,"['Torre Lamberti', 'Casa Giulietta']",Santa Anastasia,"['AMO', 'Museo Conte', 'Palazzo della Ragione', 'Teatro Romano', 'Centro Fotografia']",Duomo,strategy_nearest,False,0.0032923221588134766,success
04D5443A9C4C80,1,"['Casa Giulietta', 'Torre Lamberti']",Palazzo della Ragione,"['AMO', 'Museo Conte', 'Centro Fotografia', 'Sighseeing', 'Santa Anastasia']",Arena,strategy_nearest,False,0.0023908615112304688,success
04D574429C4C80,3,['Arena'],Torre Lamberti,"['Sighseeing', 'Centro Fotografia', 'Museo Conte', 'Casa Giulietta', 'Palazzo della Ragione']",Santa Anastasia,strategy_nearest,False,0.0026030540466308594,success
04D592429C4C80,1,"['Arena', 'Castelvecchio', 'San Zeno']",Torre Lamberti,"['Sighseeing', 'Centro Fotografia', 'Museo Conte', 'Casa Giulietta', 'Palazzo della Ragione']",Palazzo della Ragione,strategy_nearest,True,0.0020589828491210938,success
04D58E3A9C4C80,0,"['Arena', 'Tomba Giulietta']",San Fermo,"['Museo Storia', 'Museo Radio', 'Casa Giulietta', 'Centro Fotografia', 'Sighseeing']",Casa Giulietta,strategy_nearest,True,0.0015277862548828125,success
04D5834A9C4C80,3,"['Arena', 'Torre Lamberti']",Casa Giulietta,"['Centro Fotografia', 'Sighseeing', 'Museo Conte', 'Museo Radio', 'Palazzo della Ragione']",Castelvecchio,strategy_nearest,False,0.0033617019653320312,success
04D5853A9C4C80,2,['Casa Giulietta'],Castelvecchio,"['Museo Lapidario', 'Verona Tour', 'Arena', 'Museo Radio', 'San Zeno']",Tomba Giulietta,strategy_nearest,False,0.002742767333984375,success
04D593429C4C80,1,"['Museo Lapidario', 'Arena']",Palazzo della Ragione,"['AMO', 'Museo Conte', 'Torre Lamberti', 'Centro Fotografia', 'Sighseeing']",Santa Anastasia,strategy_nearest,False,0.002877950668334961,success
04D5944A9C4C80,0,['Arena'],Casa Giulietta,"['Centro Fotografia', 'Sighseeing', 'Torre Lamberti', 'Museo Conte', 'Museo Radio']",Torre Lamberti,strategy_nearest,True,0.003450155258178711,success
04D597429C4C80,3,"['Arena', 'Casa Giulietta']",Teatro Romano,"['Santa Anastasia', 'Duomo', 'AMO', 'Palazzo della Ragione', 'Museo Conte']",Santa Anastasia,strategy_nearest,True,0.0021941661834716797,success
04D598429C4C80,3,['Casa Giulietta'],Arena,"['Verona Tour', 'Museo Lapidario', 'Museo Radio', 'San Fermo', 'Sighseeing']",Santa Anastasia,strategy_nearest,False,0.0014142990112304688,success
04D5984A9C4C80,3,"['Arena', 'Castelvecchio']",Santa Anastasia,"['AMO', 'Museo Conte', 'Palazzo della Ragione', 'Teatro Romano', 'Centro Fotografia']",Teatro Romano,strategy_nearest,True,0.0021309852600097656,success
04D59A429C4C80,3,"['Castelvecchio', 'Duomo']",Santa Anastasia,"['AMO', 'Museo Conte', 'Palazzo della Ragione', 'Teatro Romano', 'Centro Fotografia']",Teatro Romano,strategy_nearest,True,0.002698183059692383,success
04D599429C4C80,0,['Arena'],Casa Giulietta,"['Centro Fotografia', 'Sighseeing', 'Torre Lamberti', 'Museo Conte', 'Museo Radio']",Duomo,strategy_nearest,False,0.0013821125030517578,success
04D5A2429C4C80,2,['Castelvecchio'],Palazzo della Ragione,"['AMO', 'Museo Conte', 'Torre Lamberti', 'Centro Fotografia', 'Sighseeing']",Torre Lamberti,strategy_nearest,True,0.003282308578491211,success
04D5C1429C4C80,0,['Arena'],Casa Giulietta,"['Centro Fotografia', 'Sighseeing', 'Torre Lamberti', 'Museo Conte', 'Museo Radio']",Torre Lamberti,strategy_nearest,True,0.0020089149475097656,success
04D5AB429C4C80,3,"['Arena', 'Duomo']",Santa Anastasia,"['AMO', 'Museo Conte', 'Palazzo della Ragione', 'Teatro Romano', 'Centro Fotografia']",Casa Giulietta,strategy_nearest,False,0.004631996154785156,success
04D5C6429C4C80,0,['Arena'],Casa Giulietta,"['Centro Fotografia', 'Sighseeing', 'Torre Lamberti', 'Museo Conte', 'Museo Radio']",Santa Anastasia,strategy_nearest,False,0.0025620460510253906,success
04D5EA3A9C4C80,3,"['Arena', 'Casa Giulietta']",Torre Lamberti,"['Sighseeing', 'Centro Fotografia', 'Museo Conte', 'Palazzo della Ragione', 'AMO']",Santa Anastasia,strategy_nearest,False,0.0027456283569335938,success
04D5E5429C4C80,1,"['Casa Giulietta', 'Torre Lamberti']",Palazzo della Ragione,"['AMO', 'Museo Conte', 'Centro Fotografia', 'Sighseeing', 'Santa Anastasia']",Santa Anastasia,strategy_nearest,True,0.002647876739501953,success
04D609429C4C84,2,"['Giardino Giusti', 'Teatro Romano', 'Castelvecchio']",Tomba Giulietta,"['San Fermo', 'Museo Storia', 'Arena', 'Museo Lapidario', 'Museo Radio']",Santa Anastasia,strategy_nearest,False,0.002679109573364258,success
04D603429C4C84,3,"['Arena', 'Casa Giulietta', 'Castelvecchio']",Tomba Giulietta,"['San Fermo', 'Museo Storia', 'Museo Lapidario', 'Museo Radio', 'Verona Tour']",Teatro Romano,strategy_nearest,False,0.003513813018798828,success
04D6103A9C4C80,1,"['Arena', 'Giardino Giusti']",Teatro Romano,"['Santa Anastasia', 'Duomo', 'AMO', 'Palazzo della Ragione', 'Museo Conte']",Duomo,strategy_nearest,True,0.0035338401794433594,success
04D614429C4C80,3,"['Santa Anastasia', 'Torre Lamberti', 'Teatro Romano']",Casa Giulietta,"['Centro Fotografia', 'Sighseeing', 'Museo Conte', 'Museo Radio', 'Palazzo della Ragione']",San Fermo,strategy_nearest,False,0.0027441978454589844,success
04D6143A9C4C84,0,['Arena'],Duomo,"['AMO', 'Museo Miniscalchi', 'Santa Anastasia', 'Teatro Romano', 'Palazzo della Ragione']",Torre Lamberti,strategy_nearest,False,0.001538991928100586,success
04D615429C4C80,3,"['Tomba Giulietta', 'Arena']",San Fermo,"['Museo Storia', 'Museo Radio', 'Casa Giulietta', 'Centro Fotografia', 'Sighseeing']",Casa Giulietta,strategy_nearest,True,0.0035059452056884766,success
04D616429C4C84,0,"['Casa Giulietta', 'Arena', 'Tomba Giulietta']",Castelvecchio,"['Museo Lapidario', 'Verona Tour', 'Museo Radio', 'San Zeno', 'Sighseeing']",Torre Lamberti,strategy_nearest,False,0.002244710922241211,success
04D623429C4C84,0,['Arena'],Casa Giulietta,"['Centro Fotografia', 'Sighseeing', 'Torre Lamberti', 'Museo Conte', 'Museo Radio']",San Fermo,strategy_nearest,False,0.0028390884399414062,success
04D6283A9C4C80,0,['Arena'],Castelvecchio,"['Museo Lapidario', 'Verona Tour', 'Museo Radio', 'San Zeno', 'Sighseeing']",Casa Giulietta,strategy_nearest,False,0.003120899200439453,success
04D6243A9C4C84,0,"['Arena', 'Museo Lapidario']",Tomba Giulietta,"['San Fermo', 'Museo Storia', 'Museo Radio', 'Verona Tour', 'Casa Giulietta']",Casa Giulietta,strategy_nearest,True,0.0025479793548583984,success
04D6284A9C4C80,3,"['Arena', 'Teatro Romano', 'Duomo']",Santa Anastasia,"['AMO', 'Museo Conte', 'Palazzo della Ragione', 'Centro Fotografia', 'Torre Lamberti']",Castelvecchio,strategy_nearest,False,0.0032546520233154297,success
04D62D3A9C4C80,2,"['Palazzo della Ragione', 'Torre Lamberti']",Duomo,"['AMO', 'Museo Miniscalchi', 'Santa Anastasia', 'Teatro Romano', 'Museo Conte']",San Zeno,strategy_nearest,False,0.0020990371704101562,success
04D62C3A9C4C80,1,['Arena'],Casa Giulietta,"['Centro Fotografia', 'Sighseeing', 'Torre Lamberti', 'Museo Conte', 'Museo Radio']",Torre Lamberti,strategy_nearest,True,0.002740144729614258,success
04D6303A9C4C80,1,"['Arena', 'San Fermo']",Torre Lamberti,"['Sighseeing', 'Centro Fotografia', 'Museo Conte', 'Casa Giulietta', 'Palazzo della Ragione']",Palazzo della Ragione,strategy_nearest,True,0.003199338912963867,success
04D6323A9C4C80,3,"['Arena', 'Castelvecchio']",Duomo,"['AMO', 'Museo Miniscalchi', 'Santa Anastasia', 'Teatro Romano', 'Palazzo della Ragione']",Santa Anastasia,strategy_nearest,True,0.0033969879150390625,success
04D63A429C4C80,0,['Arena'],Castelvecchio,"['Museo Lapidario', 'Verona Tour', 'Museo Radio', 'San Zeno', 'Sighseeing']",Casa Giulietta,strategy_nearest,False,0.0031909942626953125,success
04D6314A9C4C80,3,"['Casa Giulietta', 'Tomba Giulietta', 'Castelvecchio', 'San Fermo']",Arena,"['Verona Tour', 'Museo Lapidario', 'Museo Radio', 'Sighseeing', 'Torre Lamberti']",Duomo,strategy_nearest,False,0.003298044204711914,success
04D6384A9C4C80,1,['Palazzo della Ragione'],Torre Lamberti,"['Sighseeing', 'Centro Fotografia', 'Museo Conte', 'Casa Giulietta', 'AMO']",Arena,strategy_nearest,False,0.0026586055755615234,success
04D64E3A9C4C80,1,"['Arena', 'Casa Giulietta', 'Palazzo della Ragione']",Santa Anastasia,"['AMO', 'Museo Conte', 'Teatro Romano', 'Centro Fotografia', 'Duomo']",Duomo,strategy_nearest,True,0.002115011215209961,success
04D644429C4C80,0,"['Casa Giulietta', 'Torre Lamberti']",Arena,"['Verona Tour', 'Museo Lapidario', 'Museo Radio', 'San Fermo', 'Sighseeing']",Teatro Romano,strategy_nearest,False,0.0016810894012451172,success
04D655429C4C80,1,['Arena'],Casa Giulietta,"['Centro Fotografia', 'Sighseeing', 'Torre Lamberti', 'Museo Conte', 'Museo Radio']",Torre Lamberti,strategy_nearest,True,0.002640247344970703,success
04D6533A9C4C80,0,['Castelvecchio'],Arena,"['Verona Tour', 'Museo Lapidario', 'Museo Radio', 'San Fermo', 'Casa Giulietta']",Casa Giulietta,strategy_nearest,True,0.003368854522705078,success
04D665429C4C80,3,"['Torre Lamberti', 'Casa Giulietta']",Santa Anastasia,"['AMO', 'Museo Conte', 'Palazzo della Ragione', 'Teatro Romano', 'Centro Fotografia']",Teatro Romano,strategy_nearest,True,0.0019140243530273438,success
04D65C3A9C4C80,2,"['Casa Giulietta', 'Torre Lamberti', 'Palazzo della Ragione']",Tomba Giulietta,"['San Fermo', 'Museo Storia', 'Arena', 'Museo Lapidario', 'Museo Radio']",Castelvecchio,strategy_nearest,False,0.0039031505584716797,success
04D6693A9C4C80,3,"['Arena', 'Casa Giulietta', 'San Fermo']",Duomo,"['AMO', 'Museo Miniscalchi', 'Santa Anastasia', 'Teatro Romano', 'Palazzo della Ragione']",Castelvecchio,strategy_nearest,False,0.0032629966735839844,success
04D65D429C4C80,0,['Arena'],Castelvecchio,"['Museo Lapidario', 'Verona Tour', 'Museo Radio', 'San Zeno', 'Sighseeing']",Casa Giulietta,strategy_nearest,False,0.00255584716796875,success
04D669429C4C80,2,"['Torre Lamberti', 'Santa Anastasia']",Castelvecchio,"['Museo Lapidario', 'Verona Tour', 'Arena', 'Museo Radio', 'San Zeno']",San Zeno,strategy_nearest,True,0.0020279884338378906,success
04D6864A9C4C80,0,['Arena'],Santa Anastasia,"['AMO', 'Museo Conte', 'Palazzo della Ragione', 'Teatro Romano', 'Centro Fotografia']",Casa Giulietta,strategy_nearest,False,0.002554178237915039,success
04D676429C4C80,2,['Casa Giulietta'],Torre Lamberti,"['Sighseeing', 'Centro Fotografia', 'Museo Conte', 'Palazzo della Ragione', 'AMO']",Duomo,strategy_nearest,False,0.002067089080810547,success
04D6753A9C4C80,3,"['Arena', 'Casa Giulietta']",Torre Lamberti,"['Sighseeing', 'Centro Fotografia', 'Museo Conte', 'Palazzo della Ragione', 'AMO']",Santa Anastasia,strategy_nearest,False,0.003949880599975586,success
04D697429C4C80,0,"['Torre Lamberti', 'Duomo']",Arena,"['Verona Tour', 'Museo Lapidario', 'Museo Radio', 'San Fermo', 'Casa Giulietta']",Castelvecchio,strategy_nearest,False,0.0015230178833007812,success
04D68E3A9C4C80,0,['Arena'],Casa Giulietta,"['Centro Fotografia', 'Sighseeing', 'Torre Lamberti', 'Museo Conte', 'Museo Radio']",San Zeno,strategy_nearest,False,0.003966093063354492,success
04D6A73A9C4C80,1,"['Arena', 'Casa Giulietta']",Torre Lamberti,"['Sighseeing', 'Centro Fotografia', 'Museo Conte', 'Palazzo della Ragione', 'AMO']",Palazzo della Ragione,strategy_nearest,True,0.0032460689544677734,success
04D69B429C4C80,2,['Tomba Giulietta'],Giardino Giusti,"['Santa Anastasia', 'Teatro Romano', 'Museo Conte', 'Centro Fotografia', 'Museo Storia']",Teatro Romano,strategy_nearest,True,0.002087116241455078,success
04D6A8429C4C80,1,"['Castelvecchio', 'Arena']",Santa Anastasia,"['AMO', 'Museo Conte', 'Palazzo della Ragione', 'Teatro Romano', 'Centro Fotografia']",Duomo,strategy_nearest,False,0.0020227432250976562,success
04D6A9429C4C80,0,['Arena'],Casa Giulietta,"['Centro Fotografia', 'Sighseeing', 'Torre Lamberti', 'Museo Conte', 'Museo Radio']",Torre Lamberti,strategy_nearest,True,0.002782106399536133,success
04D6AA429C4C80,3,"['Arena', 'San Fermo']",Casa Giulietta,"['Centro Fotografia', 'Sighseeing', 'Torre Lamberti', 'Museo Conte', 'Museo Radio']",Torre Lamberti,strategy_nearest,True,0.0027320384979248047,success
04D6AA4A9C4C80,1,"['Arena', 'Duomo', 'Santa Anastasia']",Torre Lamberti,"['Sighseeing', 'Centro Fotografia', 'Museo Conte', 'Casa Giulietta', 'Palazzo della Ragione']",Palazzo della Ragione,strategy_nearest,True,0.0032808780670166016,success
04D6AB3A9C4C80,3,"['Arena', 'Casa Giulietta', 'San Zeno']",Torre Lamberti,"['Sighseeing', 'Centro Fotografia', 'Museo Conte', 'Palazzo della Ragione', 'AMO']",Santa Anastasia,strategy_nearest,False,0.0028510093688964844,success
04D6B1429C4C80,3,"['San Fermo', 'Arena']",Torre Lamberti,"['Sighseeing', 'Centro Fotografia', 'Museo Conte', 'Casa Giulietta', 'Palazzo della Ragione']",Santa Anastasia,strategy_nearest,False,0.0027489662170410156,success
04D6BB429C4C80,1,"['Arena', 'Casa Giulietta']",Torre Lamberti,"['Sighseeing', 'Centro Fotografia', 'Museo Conte', 'Palazzo della Ragione', 'AMO']",Palazzo della Ragione,strategy_nearest,True,0.0026268959045410156,success
04D6C0429C4C80,0,['Arena'],Castelvecchio,"['Museo Lapidario', 'Verona Tour', 'Museo Radio', 'San Zeno', 'Sighseeing']",Duomo,strategy_nearest,False,0.003088235855102539,success
04D6D0429C4C80,1,"['Duomo', 'Santa Anastasia', 'Arena', 'Castelvecchio', 'San Zeno']",Torre Lamberti,"['Sighseeing', 'Centro Fotografia', 'Museo Conte', 'Casa Giulietta', 'Palazzo della Ragione']",Casa Giulietta,strategy_nearest,True,0.0028290748596191406,success
04D6E23A9C4C80,1,['Arena'],Torre Lamberti,"['Sighseeing', 'Centro Fotografia', 'Museo Conte', 'Casa Giulietta', 'Palazzo della Ragione']",Palazzo della Ragione,strategy_nearest,True,0.0015621185302734375,success
04D6F3429C4C80,1,"['Arena', 'Santa Anastasia', 'Castelvecchio', 'Torre Lamberti', 'Palazzo della Ragione']",Casa Giulietta,"['Centro Fotografia', 'Sighseeing', 'Museo Conte', 'Museo Radio', 'San Fermo']",Teatro Romano,strategy_nearest,False,0.002552032470703125,success
04D6D53A9C4C80,1,"['Tomba Giulietta', 'Arena', 'Casa Giulietta']",Torre Lamberti,"['Sighseeing', 'Centro Fotografia', 'Museo Conte', 'Palazzo della Ragione', 'AMO']",Palazzo della Ragione,strategy_nearest,True,0.003451108932495117,success
04D6FC3A9C4C80,2,"['Casa Giulietta', 'Torre Lamberti']",Palazzo della Ragione,"['AMO', 'Museo Conte', 'Centro Fotografia', 'Sighseeing', 'Santa Anastasia']",Teatro Romano,strategy_nearest,False,0.0031538009643554688,success
04D7013A9C4C84,0,['Arena'],Duomo,"['AMO', 'Museo Miniscalchi', 'Santa Anastasia', 'Teatro Romano', 'Palazzo della Ragione']",Torre Lamberti,strategy_nearest,False,0.003314971923828125,success
04D6FE429C4C80,1,"['Arena', 'Palazzo della Ragione']",Duomo,"['AMO', 'Museo Miniscalchi', 'Santa Anastasia', 'Teatro Romano', 'Museo Conte']",Castelvecchio,strategy_nearest,False,0.003559112548828125,success
04D706429C4C84,1,"['Castelvecchio', 'Museo Lapidario', 'San Fermo']",Santa Anastasia,"['AMO', 'Museo Conte', 'Palazzo della Ragione', 'Teatro Romano', 'Centro Fotografia']",Palazzo della Ragione,strategy_nearest,True,0.0019099712371826172,success
04D714429C4C80,0,['Arena'],Casa Giulietta,"['Centro Fotografia', 'Sighseeing', 'Torre Lamberti', 'Museo Conte', 'Museo Radio']",Santa Anastasia,strategy_nearest,False,0.0032320022583007812,success
04D717429C4C80,0,"['Teatro Romano', 'Giardino Giusti']",Arena,"['Verona Tour', 'Museo Lapidario', 'Museo Radio', 'San Fermo', 'Casa Giulietta']",Casa Giulietta,strategy_nearest,True,0.0015909671783447266,success
04D71F429C4C84,0,['Castelvecchio'],Casa Giulietta,"['Centro Fotografia', 'Sighseeing', 'Torre Lamberti', 'Museo Conte', 'Museo Radio']",Arena,strategy_nearest,False,0.0030791759490966797,success
04D71C3A9C4C80,0,['Arena'],Torre Lamberti,"['Sighseeing', 'Centro Fotografia', 'Museo Conte', 'Casa Giulietta', 'Palazzo della Ragione']",Casa Giulietta,strategy_nearest,True,0.0027937889099121094,success
04D71A3A9C4C80,2,['Duomo'],San Zeno,"['Castelvecchio', 'Verona Tour', 'Museo Lapidario', 'Arena', 'Museo Miniscalchi']",Castelvecchio,strategy_nearest,True,0.003451108932495117,success
04D7223A9C4C80,0,"['Castelvecchio', 'Arena']",Museo Storia,"['San Fermo', 'Museo Radio', 'Casa Giulietta', 'Centro Fotografia', 'Tomba Giulietta']",Casa Giulietta,strategy_nearest,True,0.001973867416381836,success
04D721429C4C80,0,['Arena'],Casa Giulietta,"['Centro Fotografia', 'Sighseeing', 'Torre Lamberti', 'Museo Conte', 'Museo Radio']",Torre Lamberti,strategy_nearest,True,0.003149747848510742,success
04D7383A9C4C80,2,"['Casa Giulietta', 'Torre Lamberti', 'Palazzo della Ragione']",Santa Anastasia,"['AMO', 'Museo Conte', 'Teatro Romano', 'Centro Fotografia', 'Duomo']",Duomo,strategy_nearest,True,0.0031681060791015625,success
04D724429C4C80,3,"['Castelvecchio', 'Arena']",Teatro Romano,"['Santa Anastasia', 'Duomo', 'AMO', 'Palazzo della Ragione', 'Museo Conte']",Santa Anastasia,strategy_nearest,True,0.0026068687438964844,success
04D7573A9C4C80,1,"['Casa Giulietta', 'Torre Lamberti']",Palazzo della Ragione,"['AMO', 'Museo Conte', 'Centro Fotografia', 'Sighseeing', 'Santa Anastasia']",Arena,strategy_nearest,False,0.0025930404663085938,success
04D74A429C4C80,0,['Teatro Romano'],Casa Giulietta,"['Centro Fotografia', 'Sighseeing', 'Torre Lamberti', 'Museo Conte', 'Museo Radio']",Torre Lamberti,strategy_nearest,True,0.002608060836791992,success
04D75E429C4C80,3,"['Arena', 'Torre Lamberti', 'Santa Anastasia']",Teatro Romano,"['Duomo', 'AMO', 'Palazzo della Ragione', 'Museo Conte', 'Centro Fotografia']",Castelvecchio,strategy_nearest,False,0.0024480819702148438,success
04D75A429C4C80,3,"['Arena', 'Casa Giulietta']",Torre Lamberti,"['Sighseeing', 'Centro Fotografia', 'Museo Conte', 'Palazzo della Ragione', 'AMO']",San Fermo,strategy_nearest,False,0.0033969879150390625,success
04D7733A9C4C80,0,['Arena'],Tomba Giulietta,"['San Fermo', 'Museo Storia', 'Museo Lapidario', 'Museo Radio', 'Verona Tour']",Casa Giulietta,strategy_nearest,False,0.003119945526123047,success
04D75F3A9C4C80,3,"['Torre Lamberti', 'Santa Anastasia']",Arena,"['Verona Tour', 'Museo Lapidario', 'Museo Radio', 'San Fermo', 'Casa Giulietta']",Castelvecchio,strategy_nearest,False,0.002413034439086914,success
04D7753A9C4C80,1,"['Tomba Giulietta', 'Castelvecchio']",Arena,"['Verona Tour', 'Museo Lapidario', 'Museo Radio', 'San Fermo', 'Casa Giulietta']",Casa Giulietta,strategy_nearest,True,0.002524852752685547,success
04D776429C4C80,0,"['Arena', 'Museo Lapidario']",Castelvecchio,"['Verona Tour', 'Museo Radio', 'San Zeno', 'Sighseeing', 'Museo Miniscalchi']",San Zeno,strategy_nearest,True,0.0029790401458740234,success
04D7793A9C4C80,0,['Arena'],Casa Giulietta,"['Centro Fotografia', 'Sighseeing', 'Torre Lamberti', 'Museo Conte', 'Museo Radio']",Torre Lamberti,strategy_nearest,True,0.002416849136352539,success
04D77E429C4C80,2,['Casa Giulietta'],Torre Lamberti,"['Sighseeing', 'Centro Fotografia', 'Museo Conte', 'Palazzo della Ragione', 'AMO']",Santa Anastasia,strategy_nearest,False,0.0024750232696533203,success
04D7864A9C4C80,0,['Arena'],Castelvecchio,"['Museo Lapidario', 'Verona Tour', 'Museo Radio', 'San Zeno', 'Sighseeing']",Duomo,strategy_nearest,False,0.0026900768280029297,success
04D78C4A9C4C80,2,['Santa Anastasia'],Duomo,"['AMO', 'Museo Miniscalchi', 'Teatro Romano', 'Palazzo della Ragione', 'Museo Conte']",Teatro Romano,strategy_nearest,True,0.0031337738037109375,success
04D796429C4C80,3,"['Arena', 'Torre Lamberti']",Casa Giulietta,"['Centro Fotografia', 'Sighseeing', 'Museo Conte', 'Museo Radio', 'Palazzo della Ragione']",Santa Anastasia,strategy_nearest,False,0.002382993698120117,success
04D79E429C4C80,0,"['Arena', 'Casa Giulietta']",Teatro Romano,"['Santa Anastasia', 'Duomo', 'AMO', 'Palazzo della Ragione', 'Museo Conte']",Castelvecchio,strategy_nearest,False,0.002135038375854492,success
04D7994A9C4C80,2,"['Casa Giulietta', 'Santa Anastasia']",Tomba Giulietta,"['San Fermo', 'Museo Storia', 'Arena', 'Museo Lapidario', 'Museo Radio']",Castelvecchio,strategy_nearest,False,0.0024771690368652344,success
04D797429C4C80,3,"['Arena', 'San Fermo']",Casa Giulietta,"['Centro Fotografia', 'Sighseeing', 'Torre Lamberti', 'Museo Conte', 'Museo Radio']",Torre Lamberti,strategy_nearest,True,0.003977060317993164,success
04D79E4A9C4C80,3,"['Santa Anastasia', 'Duomo']",Casa Giulietta,"['Centro Fotografia', 'Sighseeing', 'Torre Lamberti', 'Museo Conte', 'Museo Radio']",Arena,strategy_nearest,False,0.0016751289367675781,success
04D7A34A9C4C80,1,"['Arena', 'Museo Lapidario', 'Torre Lamberti']",Palazzo della Ragione,"['AMO', 'Museo Conte', 'Centro Fotografia', 'Sighseeing', 'Santa Anastasia']",San Fermo,strategy_nearest,False,0.0020952224731445312,success
04D7A53A9C4C80,0,['Arena'],Castelvecchio,"['Museo Lapidario', 'Verona Tour', 'Museo Radio', 'San Zeno', 'Sighseeing']",Torre Lamberti,strategy_nearest,False,0.0026340484619140625,success
04D7A24A9C4C80,3,"['Arena', 'Casa Giulietta']",Torre Lamberti,"['Sighseeing', 'Centro Fotografia', 'Museo Conte', 'Palazzo della Ragione', 'AMO']",Duomo,strategy_nearest,False,0.003448009490966797,success
04D7AB4A9C4C80,2,['Torre Lamberti'],Palazzo della Ragione,"['AMO', 'Museo Conte', 'Centro Fotografia', 'Sighseeing', 'Santa Anastasia']",Santa Anastasia,strategy_nearest,True,0.0027670860290527344,success
04D7C83A9C4C80,0,['Arena'],Casa Giulietta,"['Centro Fotografia', 'Sighseeing', 'Torre Lamberti', 'Museo Conte', 'Museo Radio']",Torre Lamberti,strategy_nearest,True,0.003320932388305664,success
04D7CD429C4C80,2,"['Castelvecchio', 'Torre Lamberti', 'Palazzo della Ragione']",Tomba Giulietta,"['San Fermo', 'Museo Storia', 'Arena', 'Museo Lapidario', 'Museo Radio']",San Zeno,strategy_nearest,False,0.0030531883239746094,success
04D7BE429C4C80,0,['Castelvecchio'],Casa Giulietta,"['Centro Fotografia', 'Sighseeing', 'Torre Lamberti', 'Museo Conte', 'Museo Radio']",Arena,strategy_nearest,False,0.0027599334716796875,success
04D7E23A9C4C80,2,"['Museo Lapidario', 'Casa Giulietta']",Torre Lamberti,"['Sighseeing', 'Centro Fotografia', 'Museo Conte', 'Palazzo della Ragione', 'AMO']",Tomba Giulietta,strategy_nearest,False,0.0029230117797851562,success
04D7E33A9C4C80,0,['Arena'],Casa Giulietta,"['Centro Fotografia', 'Sighseeing', 'Torre Lamberti', 'Museo Conte', 'Museo Radio']",Tomba Giulietta,strategy_nearest,False,0.0033588409423828125,success
04D7FC429C4C80,2,['Palazzo della Ragione'],Torre Lamberti,"['Sighseeing', 'Centro Fotografia', 'Museo Conte', 'Casa Giulietta', 'AMO']",Teatro Romano,strategy_nearest,False,0.003300905227661133,success
04D7F23A9C4C80,1,"['Arena', 'Casa Giulietta', 'Torre Lamberti']",Palazzo della Ragione,"['AMO', 'Museo Conte', 'Centro Fotografia', 'Sighseeing', 'Santa Anastasia']",Santa Anastasia,strategy_nearest,True,0.0019068717956542969,success
04D7FE3A9C4C80,1,"['Casa Giulietta', 'Santa Anastasia', 'Teatro Romano']",Castelvecchio,"['Museo Lapidario', 'Verona Tour', 'Arena', 'Museo Radio', 'San Zeno']",Arena,strategy_nearest,True,0.0028831958770751953,success
04D8113A9C4C80,0,['Arena'],Torre Lamberti,"['Sighseeing', 'Centro Fotografia', 'Museo Conte', 'Casa Giulietta', 'Palazzo della Ragione']",Casa Giulietta,strategy_nearest,True,0.002093076705932617,success
04D80E429C4C84,3,"['Arena', 'Tomba Giulietta', 'San Fermo']",Santa Anastasia,"['AMO', 'Museo Conte', 'Palazzo della Ragione', 'Teatro Romano', 'Centro Fotografia']",Duomo,strategy_nearest,False,0.002229928970336914,success
04D8103A9C4C84,0,['Casa Giulietta'],Arena,"['Verona Tour', 'Museo Lapidario', 'Museo Radio', 'San Fermo', 'Sighseeing']",Casa Giulietta,strategy_nearest,False,0.0027039051055908203,success
04D80E3A9C4C84,0,"['Casa Giulietta', 'Torre Lamberti']",Arena,"['Verona Tour', 'Museo Lapidario', 'Museo Radio', 'San Fermo', 'Sighseeing']",Castelvecchio,strategy_nearest,False,0.00466609001159668,success
04D819429C4C80,2,['Santa Anastasia'],Torre Lamberti,"['Sighseeing', 'Centro Fotografia', 'Museo Conte', 'Casa Giulietta', 'Palazzo della Ragione']",Casa Giulietta,strategy_nearest,True,0.0013949871063232422,success
04D822429C4C84,3,"['Arena', 'Museo Lapidario', 'Castelvecchio']",Duomo,"['AMO', 'Museo Miniscalchi', 'Santa Anastasia', 'Teatro Romano', 'Palazzo della Ragione']",Santa Anastasia,strategy_nearest,True,0.0020439624786376953,success
04D823429C4C84,0,"['Castelvecchio', 'San Zeno']",Arena,"['Verona Tour', 'Museo Lapidario', 'Museo Radio', 'San Fermo', 'Casa Giulietta']",Casa Giulietta,strategy_nearest,True,0.003200054168701172,success
04D8154A9C4C80,0,['Arena'],Santa Anastasia,"['AMO', 'Museo Conte', 'Palazzo della Ragione', 'Teatro Romano', 'Centro Fotografia']",Castelvecchio,strategy_nearest,False,0.0028510093688964844,success
04D82F3A9C4C80,0,"['Arena', 'Castelvecchio']",Casa Giulietta,"['Centro Fotografia', 'Sighseeing', 'Torre Lamberti', 'Museo Conte', 'Museo Radio']",Torre Lamberti,strategy_nearest,True,0.003434896469116211,success
04D8323A9C4C80,0,['Castelvecchio'],Arena,"['Verona Tour', 'Museo Lapidario', 'Museo Radio', 'San Fermo', 'Casa Giulietta']",San Fermo,strategy_nearest,True,0.0026459693908691406,success
04D83A3A9C4C80,1,"['Torre Lamberti', 'Arena']",Casa Giulietta,"['Centro Fotografia', 'Sighseeing', 'Museo Conte', 'Museo Radio', 'Palazzo della Ragione']",Palazzo della Ragione,strategy_nearest,True,0.002708911895751953,success
04D834429C4C80,3,"['Castelvecchio', 'Arena']",Santa Anastasia,"['AMO', 'Museo Conte', 'Palazzo della Ragione', 'Teatro Romano', 'Centro Fotografia']",Teatro Romano,strategy_nearest,True,0.003524303436279297,success
04D850429C4C80,3,"['Arena', 'Casa Giulietta']",Santa Anastasia,"['AMO', 'Museo Conte', 'Palazzo della Ragione', 'Teatro Romano', 'Centro Fotografia']",Duomo,strategy_nearest,False,0.0039789676666259766,success
04D85E429C4C80,3,['Castelvecchio'],Arena,"['Verona Tour', 'Museo Lapidario', 'Museo Radio', 'San Fermo', 'Casa Giulietta']",Santa Anastasia,strategy_nearest,False,0.0020101070404052734,success
04D85B429C4C80,3,['Arena'],Casa Giulietta,"['Centro Fotografia', 'Sighseeing', 'Torre Lamberti', 'Museo Conte', 'Museo Radio']",Torre Lamberti,strategy_nearest,True,0.0033109188079833984,success
04D846429C4C80,0,['Arena'],Casa Giulietta,"['Centro Fotografia', 'Sighseeing', 'Torre Lamberti', 'Museo Conte', 'Museo Radio']",Tomba Giulietta,strategy_nearest,False,0.002835988998413086,success
04D86F429C4C80,3,"['Castelvecchio', 'Arena']",Torre Lamberti,"['Sighseeing', 'Centro Fotografia', 'Museo Conte', 'Casa Giulietta', 'Palazzo della Ragione']",Casa Giulietta,strategy_nearest,True,0.002836942672729492,success
04D863429C4C80,1,"['Arena', 'Castelvecchio', 'Torre Lamberti']",Casa Giulietta,"['Centro Fotografia', 'Sighseeing', 'Museo Conte', 'Museo Radio', 'Palazzo della Ragione']",Tomba Giulietta,strategy_nearest,False,0.0022721290588378906,success
04D862429C4C80,0,['Arena'],Casa Giulietta,"['Centro Fotografia', 'Sighseeing', 'Torre Lamberti', 'Museo Conte', 'Museo Radio']",Tomba Giulietta,strategy_nearest,False,0.002185821533203125,success
04D870429C4C80,3,['Arena'],Santa Anastasia,"['AMO', 'Museo Conte', 'Palazzo della Ragione', 'Teatro Romano', 'Centro Fotografia']",Duomo,strategy_nearest,False,0.0033600330352783203,success
04D8814A9C4C80,1,"['Arena', 'Torre Lamberti']",Palazzo della Ragione,"['AMO', 'Museo Conte', 'Centro Fotografia', 'Sighseeing', 'Santa Anastasia']",Santa Anastasia,strategy_nearest,True,0.0018389225006103516,success
04D880429C4C80,2,['Teatro Romano'],Santa Anastasia,"['AMO', 'Museo Conte', 'Palazzo della Ragione', 'Centro Fotografia', 'Duomo']",San Zeno,strategy_nearest,False,0.0028061866760253906,success
04D8823A9C4C80,0,['Arena'],Casa Giulietta,"['Centro Fotografia', 'Sighseeing', 'Torre Lamberti', 'Museo Conte', 'Museo Radio']",Santa Anastasia,strategy_nearest,False,0.004125833511352539,success
04D8833A9C4C80,1,"['Arena', 'Casa Giulietta', 'Santa Anastasia']",Teatro Romano,"['Duomo', 'AMO', 'Palazzo della Ragione', 'Museo Conte', 'Centro Fotografia']",Palazzo della Ragione,strategy_nearest,True,0.0024280548095703125,success
04D88D4A9C4C80,3,"['Arena', 'Casa Giulietta', 'Santa Anastasia']",Duomo,"['AMO', 'Museo Miniscalchi', 'Teatro Romano', 'Palazzo della Ragione', 'Museo Conte']",Torre Lamberti,strategy_nearest,False,0.0034182071685791016,success
04D88A3A9C4C80,1,['Arena'],Museo Lapidario,"['Verona Tour', 'Castelvecchio', 'Museo Radio', 'San Fermo', 'Casa Giulietta']",Torre Lamberti,strategy_nearest,False,0.002913951873779297,success
04D891429C4C80,3,"['Arena', 'Castelvecchio']",Casa Giulietta,"['Centro Fotografia', 'Sighseeing', 'Torre Lamberti', 'Museo Conte', 'Museo Radio']",Santa Anastasia,strategy_nearest,False,0.002819061279296875,success
04D895429C4C80,1,"['Arena', 'Casa Giulietta']",Palazzo della Ragione,"['AMO', 'Museo Conte', 'Torre Lamberti', 'Centro Fotografia', 'Sighseeing']",Torre Lamberti,strategy_nearest,True,0.0033111572265625,success
04D89B429C4C80,3,['Santa Anastasia'],Torre Lamberti,"['Sighseeing', 'Centro Fotografia', 'Museo Conte', 'Casa Giulietta', 'Palazzo della Ragione']",Arena,strategy_nearest,False,0.002502918243408203,success
04D8964A9C4C80,0,['Arena'],Casa Giulietta,"['Centro Fotografia', 'Sighseeing', 'Torre Lamberti', 'Museo Conte', 'Museo Radio']",Castelvecchio,strategy_nearest,False,0.002647876739501953,success
04D89D429C4C80,3,"['Arena', 'Castelvecchio']",Torre Lamberti,"['Sighseeing', 'Centro Fotografia', 'Museo Conte', 'Casa Giulietta', 'Palazzo della Ragione']",Duomo,strategy_nearest,False,0.003139019012451172,success
04D89F429C4C80,0,['Arena'],Castelvecchio,"['Museo Lapidario', 'Verona Tour', 'Museo Radio', 'San Zeno', 'Sighseeing']",Casa Giulietta,strategy_nearest,False,0.002767801284790039,success
04D89E4A9C4C80,3,['Duomo'],Torre Lamberti,"['Sighseeing', 'Centro Fotografia', 'Museo Conte', 'Casa Giulietta', 'Palazzo della Ragione']",Arena,strategy_nearest,False,0.0035169124603271484,success
04D8A672743380,1,"['San Fermo', 'San Zeno', 'Santa Anastasia', 'Casa Giulietta']",Arena,"['Verona Tour', 'Museo Lapidario', 'Museo Radio', 'Sighseeing', 'Castelvecchio']",Torre Lamberti,strategy_nearest,False,0.003087759017944336,success
04D8A5429C4C80,1,"['Museo Lapidario', 'Arena', 'Torre Lamberti', 'Palazzo della Ragione']",Casa Giulietta,"['Centro Fotografia', 'Sighseeing', 'Museo Conte', 'Museo Radio', 'San Fermo']",Santa Anastasia,strategy_nearest,False,0.002688169479370117,success
04D8B5429C4C80,0,['Arena'],Santa Anastasia,"['AMO', 'Museo Conte', 'Palazzo della Ragione', 'Teatro Romano', 'Centro Fotografia']",Casa Giulietta,strategy_nearest,False,0.0014922618865966797,success
04D8AB4A9C4C80,0,['Arena'],Museo Lapidario,"['Verona Tour', 'Castelvecchio', 'Museo Radio', 'San Fermo', 'Casa Giulietta']",Castelvecchio,strategy_nearest,True,0.0033948421478271484,success
04D8B43A9C4C80,0,['Arena'],Duomo,"['AMO', 'Museo Miniscalchi', 'Santa Anastasia', 'Teatro Romano', 'Palazzo della Ragione']",Casa Giulietta,strategy_nearest,False,0.0032868385314941406,success
04D8B6429C4C80,1,"['Castelvecchio', 'Arena']",Casa Giulietta,"['Centro Fotografia', 'Sighseeing', 'Torre Lamberti', 'Museo Conte', 'Museo Radio']",Torre Lamberti,strategy_nearest,True,0.002610921859741211,success
04D8C3429C4C80,2,['Casa Giulietta'],Tomba Giulietta,"['San Fermo', 'Museo Storia', 'Arena', 'Museo Lapidario', 'Museo Radio']",Castelvecchio,strategy_nearest,False,0.0013959407806396484,success
04D8D5429C4C80,2,"['Palazzo della Ragione', 'Torre Lamberti', 'Santa Anastasia']",Museo Storia,"['San Fermo', 'Museo Radio', 'Casa Giulietta', 'Centro Fotografia', 'Tomba Giulietta']",Giardino Giusti,strategy_nearest,False,0.0018908977508544922,success
04D8E73A9C4C80,3,['Arena'],Santa Anastasia,"['AMO', 'Museo Conte', 'Palazzo della Ragione', 'Teatro Romano', 'Centro Fotografia']",Duomo,strategy_nearest,False,0.0035429000854492188,success
04D8FB3A9C4C80,1,"['Casa Giulietta', 'Torre Lamberti']",Palazzo della Ragione,"['AMO', 'Museo Conte', 'Centro Fotografia', 'Sighseeing', 'Santa Anastasia']",Arena,strategy_nearest,False,0.0017893314361572266,success
04D8EC3A9C4C80,1,"['Arena', 'Casa Giulietta']",Palazzo della Ragione,"['AMO', 'Museo Conte', 'Torre Lamberti', 'Centro Fotografia', 'Sighseeing']",Torre Lamberti,strategy_nearest,True,0.0033431053161621094,success
04D8C33A9C4C80,0,['Arena'],Casa Giulietta,"['Centro Fotografia', 'Sighseeing', 'Torre Lamberti', 'Museo Conte', 'Museo Radio']",Torre Lamberti,strategy_nearest,True,0.0027551651000976562,success
04D90C429C4C84,3,"['Arena', 'Castelvecchio']",Casa Giulietta,"['Centro Fotografia', 'Sighseeing', 'Torre Lamberti', 'Museo Conte', 'Museo Radio']",Torre Lamberti,strategy_nearest,True,0.0014400482177734375,success
04D913429C4C84,3,['Santa Anastasia'],Torre Lamberti,"['Sighseeing', 'Centro Fotografia', 'Museo Conte', 'Casa Giulietta', 'Palazzo della Ragione']",Arena,strategy_nearest,False,0.002688169479370117,success
04D9113A9C4C80,0,['Arena'],Castelvecchio,"['Museo Lapidario', 'Verona Tour', 'Museo Radio', 'San Zeno', 'Sighseeing']",Torre Lamberti,strategy_nearest,False,0.0020890235900878906,success
04D903429C4C84,0,"['Torre Lamberti', 'Castelvecchio']",San Zeno,"['Verona Tour', 'Museo Lapidario', 'Arena', 'Museo Miniscalchi', 'Sighseeing']",Arena,strategy_nearest,True,0.004153013229370117,success
04D91A429C4C84,3,['Arena'],Santa Anastasia,"['AMO', 'Museo Conte', 'Palazzo della Ragione', 'Teatro Romano', 'Centro Fotografia']",Duomo,strategy_nearest,False,0.0017690658569335938,success
04D91D3A9C4C84,3,"['Torre Lamberti', 'Santa Anastasia']",Duomo,"['AMO', 'Museo Miniscalchi', 'Teatro Romano', 'Palazzo della Ragione', 'Museo Conte']",Arena,strategy_nearest,False,0.0026831626892089844,success
04D921429C4C84,0,['Arena'],Casa Giulietta,"['Centro Fotografia', 'Sighseeing', 'Torre Lamberti', 'Museo Conte', 'Museo Radio']",Torre Lamberti,strategy_nearest,True,0.0033578872680664062,success
04D917429C4C84,3,"['Arena', 'Castelvecchio', 'Teatro Romano']",Santa Anastasia,"['AMO', 'Museo Conte', 'Palazzo della Ragione', 'Centro Fotografia', 'Duomo']",Torre Lamberti,strategy_nearest,False,0.0034317970275878906,success
04D9223A9C4C84,0,['Arena'],Duomo,"['AMO', 'Museo Miniscalchi', 'Santa Anastasia', 'Teatro Romano', 'Palazzo della Ragione']",Torre Lamberti,strategy_nearest,False,0.0026559829711914062,success
04D922429C4C80,1,"['Arena', 'Torre Lamberti', 'Palazzo della Ragione']",Casa Giulietta,"['Centro Fotografia', 'Sighseeing', 'Museo Conte', 'Museo Radio', 'San Fermo']",San Fermo,strategy_nearest,True,0.002026796340942383,success
04D9233A9C4C80,0,"['Arena', 'Giardino Giusti']",Duomo,"['AMO', 'Museo Miniscalchi', 'Santa Anastasia', 'Teatro Romano', 'Palazzo della Ragione']",Castelvecchio,strategy_nearest,False,0.00251007080078125,success
04D926429C4C84,3,['Arena'],Santa Anastasia,"['AMO', 'Museo Conte', 'Palazzo della Ragione', 'Teatro Romano', 'Centro Fotografia']",Duomo,strategy_nearest,False,0.0032749176025390625,success
04D924429C4C84,3,"['Castelvecchio', 'Casa Giulietta', 'Duomo']",San Zeno,"['Verona Tour', 'Museo Lapidario', 'Arena', 'Museo Miniscalchi', 'Sighseeing']",Arena,strategy_nearest,True,0.0036001205444335938,success
04D9274A9C4C80,3,"['Tomba Giulietta', 'Arena', 'Castelvecchio']",Casa Giulietta,"['Centro Fotografia', 'Sighseeing', 'Torre Lamberti', 'Museo Conte', 'Museo Radio']",Torre Lamberti,strategy_nearest,True,0.0031571388244628906,success
04D92D429C4C80,2,['Palazzo della Ragione'],Torre Lamberti,"['Sighseeing', 'Centro Fotografia', 'Museo Conte', 'Casa Giulietta', 'AMO']",Casa Giulietta,strategy_nearest,True,0.0018110275268554688,success
04D933429C4C80,0,['Arena'],Casa Giulietta,"['Centro Fotografia', 'Sighseeing', 'Torre Lamberti', 'Museo Conte', 'Museo Radio']",Torre Lamberti,strategy_nearest,True,0.002115964889526367,success
04D93F3A9C4C80,1,"['Teatro Romano', 'Duomo', 'Santa Anastasia', 'Torre Lamberti']",Palazzo della Ragione,"['AMO', 'Museo Conte', 'Centro Fotografia', 'Sighseeing', 'Museo Miniscalchi']",Casa Giulietta,strategy_nearest,False,0.0026369094848632812,success
04D9334A9C4C80,3,"['Santa Anastasia', 'Torre Lamberti', 'Casa Giulietta', 'Castelvecchio']",San Zeno,"['Verona Tour', 'Museo Lapidario', 'Arena', 'Museo Miniscalchi', 'Sighseeing']",Arena,strategy_nearest,True,0.002768278121948242,success
04D93F429C4C80,3,"['Castelvecchio', 'Arena']",Santa Anastasia,"['AMO', 'Museo Conte', 'Palazzo della Ragione', 'Teatro Romano', 'Centro Fotografia']",Teatro Romano,strategy_nearest,True,0.0032668113708496094,success
04D951429C4C80,3,"['Torre Lamberti', 'Arena']",Santa Anastasia,"['AMO', 'Museo Conte', 'Palazzo della Ragione', 'Teatro Romano', 'Centro Fotografia']",Teatro Romano,strategy_nearest,True,0.0019180774688720703,success
04D952429C4C80,0,['Arena'],San Zeno,"['Castelvecchio', 'Verona Tour', 'Museo Lapidario', 'Museo Miniscalchi', 'Sighseeing']",Casa Giulietta,strategy_nearest,False,0.003275156021118164,success
04D950429C4C80,2,"['San Zeno', 'Castelvecchio']",Santa Anastasia,"['AMO', 'Museo Conte', 'Palazzo della Ragione', 'Teatro Romano', 'Centro Fotografia']",Teatro Romano,strategy_nearest,True,0.003178119659423828,success
04D944429C4C80,3,"['Arena', 'San Zeno']",Santa Anastasia,"['AMO', 'Museo Conte', 'Palazzo della Ragione', 'Teatro Romano', 'Centro Fotografia']",Duomo,strategy_nearest,False,0.002615213394165039,success
04D96D429C4C80,3,"['Arena', 'Casa Giulietta']",San Zeno,"['Castelvecchio', 'Verona Tour', 'Museo Lapidario', 'Museo Miniscalchi', 'Sighseeing']",Castelvecchio,strategy_nearest,True,0.0020859241485595703,success
04D9693A9C4C80,1,['Arena'],Torre Lamberti,"['Sighseeing', 'Centro Fotografia', 'Museo Conte', 'Casa Giulietta', 'Palazzo della Ragione']",Palazzo della Ragione,strategy_nearest,True,0.0027391910552978516,success
04D970429C4C80,0,['Arena'],Castelvecchio,"['Museo Lapidario', 'Verona Tour', 'Museo Radio', 'San Zeno', 'Sighseeing']",Casa Giulietta,strategy_nearest,False,0.0032677650451660156,success
04D9553A9C4C80,2,"['San Zeno', 'Castelvecchio', 'Casa Giulietta']",Torre Lamberti,"['Sighseeing', 'Centro Fotografia', 'Museo Conte', 'Palazzo della Ragione', 'AMO']",Santa Anastasia,strategy_nearest,False,0.0017139911651611328,success
04D98D429C4C80,0,['Arena'],Castelvecchio,"['Museo Lapidario', 'Verona Tour', 'Museo Radio', 'San Zeno', 'Sighseeing']",Casa Giulietta,strategy_nearest,False,0.0012607574462890625,success
04D979429C4C80,3,"['Arena', 'Castelvecchio']",Casa Giulietta,"['Centro Fotografia', 'Sighseeing', 'Torre Lamberti', 'Museo Conte', 'Museo Radio']",Torre Lamberti,strategy_nearest,True,0.003749847412109375,success
04D987429C4C80,1,"['Casa Giulietta', 'Torre Lamberti']",Palazzo della Ragione,"['AMO', 'Museo Conte', 'Centro Fotografia', 'Sighseeing', 'Santa Anastasia']",Arena,strategy_nearest,False,0.0018961429595947266,success
04D98D4A9C4C80,3,"['Arena', 'Castelvecchio']",Duomo,"['AMO', 'Museo Miniscalchi', 'Santa Anastasia', 'Teatro Romano', 'Palazzo della Ragione']",Santa Anastasia,strategy_nearest,True,0.0034558773040771484,success
04D999429C4C80,3,['Arena'],Casa Giulietta,"['Centro Fotografia', 'Sighseeing', 'Torre Lamberti', 'Museo Conte', 'Museo Radio']",Torre Lamberti,strategy_nearest,True,0.0024149417877197266,success
04D995429C4C80,1,['Arena'],Casa Giulietta,"['Centro Fotografia', 'Sighseeing', 'Torre Lamberti', 'Museo Conte', 'Museo Radio']",Palazzo della Ragione,strategy_nearest,False,0.003341197967529297,success
04D98F3A9C4C80,0,"['Arena', 'Museo Lapidario']",Casa Giulietta,"['Centro Fotografia', 'Sighseeing', 'Torre Lamberti', 'Museo Conte', 'Museo Radio']",Teatro Romano,strategy_nearest,False,0.0021631717681884766,success
04D99E429C4C80,0,['Arena'],Casa Giulietta,"['Centro Fotografia', 'Sighseeing', 'Torre Lamberti', 'Museo Conte', 'Museo Radio']",Santa Anastasia,strategy_nearest,False,0.0016508102416992188,success
04D99B429C4C80,3,"['Arena', 'Castelvecchio', 'San Zeno']",Duomo,"['AMO', 'Museo Miniscalchi', 'Santa Anastasia', 'Teatro Romano', 'Palazzo della Ragione']",Teatro Romano,strategy_nearest,True,0.003194093704223633,success
04D9AC3A9C4C80,0,['Arena'],Tomba Giulietta,"['San Fermo', 'Museo Storia', 'Museo Lapidario', 'Museo Radio', 'Verona Tour']",Casa Giulietta,strategy_nearest,False,0.0026710033416748047,success
04D9AD3A9C4C80,2,"['Teatro Romano', 'Duomo']",Santa Anastasia,"['AMO', 'Museo Conte', 'Palazzo della Ragione', 'Centro Fotografia', 'Torre Lamberti']",San Zeno,strategy_nearest,False,0.0032372474670410156,success
04D9B8429C4C80,0,['Casa Giulietta'],Arena,"['Verona Tour', 'Museo Lapidario', 'Museo Radio', 'San Fermo', 'Sighseeing']",Teatro Romano,strategy_nearest,False,0.0023539066314697266,success
04D9B93A9C4C80,0,['Arena'],Casa Giulietta,"['Centro Fotografia', 'Sighseeing', 'Torre Lamberti', 'Museo Conte', 'Museo Radio']",Santa Anastasia,strategy_nearest,False,0.002610921859741211,success
04D9BA429C4C80,1,"['Arena', 'Torre Lamberti', 'Palazzo della Ragione']",Santa Anastasia,"['AMO', 'Museo Conte', 'Teatro Romano', 'Centro Fotografia', 'Duomo']",Duomo,strategy_nearest,True,0.002607107162475586,success
04D9BD3A9C4C80,0,['Arena'],Casa Giulietta,"['Centro Fotografia', 'Sighseeing', 'Torre Lamberti', 'Museo Conte', 'Museo Radio']",Torre Lamberti,strategy_nearest,True,0.0030188560485839844,success
04D9BC429C4C80,1,"['Arena', 'Casa Giulietta', 'Palazzo della Ragione']",Torre Lamberti,"['Sighseeing', 'Centro Fotografia', 'Museo Conte', 'AMO', 'Museo Miniscalchi']",Teatro Romano,strategy_nearest,False,0.002628803253173828,success
04D9C6429C4C80,3,"['Arena', 'Casa Giulietta']",Torre Lamberti,"['Sighseeing', 'Centro Fotografia', 'Museo Conte', 'Palazzo della Ragione', 'AMO']",Santa Anastasia,strategy_nearest,False,0.002567768096923828,success
04D9DC3A9C4C80,0,['Teatro Romano'],Torre Lamberti,"['Sighseeing', 'Centro Fotografia', 'Museo Conte', 'Casa Giulietta', 'Palazzo della Ragione']",Arena,strategy_nearest,False,0.0024521350860595703,success
04D9C2429C4C80,1,"['Arena', 'Casa Giulietta']",Torre Lamberti,"['Sighseeing', 'Centro Fotografia', 'Museo Conte', 'Palazzo della Ragione', 'AMO']",Palazzo della Ragione,strategy_nearest,True,0.003226041793823242,success
04D9EA3A9C4C80,3,"['Arena', 'Museo Lapidario']",Castelvecchio,"['Verona Tour', 'Museo Radio', 'San Zeno', 'Sighseeing', 'Museo Miniscalchi']",Duomo,strategy_nearest,False,0.002518892288208008,success
04D9E43A9C4C80,0,"['Castelvecchio', 'Casa Giulietta']",Arena,"['Verona Tour', 'Museo Lapidario', 'Museo Radio', 'San Fermo', 'Sighseeing']",Duomo,strategy_nearest,False,0.00436711311340332,success
04D9E93A9C4C80,2,"['San Zeno', 'Castelvecchio']",Torre Lamberti,"['Sighseeing', 'Centro Fotografia', 'Museo Conte', 'Casa Giulietta', 'Palazzo della Ragione']",Duomo,strategy_nearest,False,0.0013480186462402344,success
04DA023A9C4C84,3,['Castelvecchio'],Santa Anastasia,"['AMO', 'Museo Conte', 'Palazzo della Ragione', 'Teatro Romano', 'Centro Fotografia']",Duomo,strategy_nearest,False,0.0023069381713867188,success
04D9F03A9C4C80,1,['Arena'],Casa Giulietta,"['Centro Fotografia', 'Sighseeing', 'Torre Lamberti', 'Museo Conte', 'Museo Radio']",Torre Lamberti,strategy_nearest,True,0.003654003143310547,success
04DA113A9C4C80,0,['Casa Giulietta'],Torre Lamberti,"['Sighseeing', 'Centro Fotografia', 'Museo Conte', 'Palazzo della Ragione', 'AMO']",Arena,strategy_nearest,False,0.0034089088439941406,success
04DA173A9C4C80,3,"['Arena', 'Casa Giulietta']",Torre Lamberti,"['Sighseeing', 'Centro Fotografia', 'Museo Conte', 'Palazzo della Ragione', 'AMO']",Santa Anastasia,strategy_nearest,False,0.0028238296508789062,success
04DA174A9C4C80,2,"['San Fermo', 'Castelvecchio', 'San Zeno']",Palazzo della Ragione,"['AMO', 'Museo Conte', 'Torre Lamberti', 'Centro Fotografia', 'Sighseeing']",Duomo,strategy_nearest,False,0.0021920204162597656,success
04DA223A9C4C80,0,"['Casa Giulietta', 'Arena']",San Fermo,"['Museo Storia', 'Museo Radio', 'Centro Fotografia', 'Sighseeing', 'Torre Lamberti']",Torre Lamberti,strategy_nearest,True,0.00150299072265625,success
04DA22429C4C84,1,"['Arena', 'Museo Lapidario', 'Castelvecchio']",Torre Lamberti,"['Sighseeing', 'Centro Fotografia', 'Museo Conte', 'Casa Giulietta', 'Palazzo della Ragione']",Palazzo della Ragione,strategy_nearest,True,0.0032501220703125,success
04DA2E3A9C4C80,3,"['Castelvecchio', 'Tomba Giulietta']",Casa Giulietta,"['Centro Fotografia', 'Sighseeing', 'Torre Lamberti', 'Museo Conte', 'Museo Radio']",Torre Lamberti,strategy_nearest,True,0.0012819766998291016,success
04DA33429C4C80,2,"['Casa Giulietta', 'Torre Lamberti', 'Santa Anastasia']",Duomo,"['AMO', 'Museo Miniscalchi', 'Teatro Romano', 'Palazzo della Ragione', 'Museo Conte']",San Zeno,strategy_nearest,False,0.0021409988403320312,success
04DA363A9C4C80,1,['Arena'],Torre Lamberti,"['Sighseeing', 'Centro Fotografia', 'Museo Conte', 'Casa Giulietta', 'Palazzo della Ragione']",Palazzo della Ragione,strategy_nearest,True,0.002827882766723633,success
04DA4E429C4C80,3,"['Arena', 'Casa Giulietta']",Torre Lamberti,"['Sighseeing', 'Centro Fotografia', 'Museo Conte', 'Palazzo della Ragione', 'AMO']",Duomo,strategy_nearest,False,0.003520965576171875,success
04DA553A9C4C80,1,"['Arena', 'Palazzo della Ragione', 'Torre Lamberti']",Casa Giulietta,"['Centro Fotografia', 'Sighseeing', 'Museo Conte', 'Museo Radio', 'San Fermo']",San Fermo,strategy_nearest,True,0.002863168716430664,success
04DA5C429C4C80,3,"['Arena', 'San Fermo', 'Museo Storia']",Casa Giulietta,"['Centro Fotografia', 'Sighseeing', 'Torre Lamberti', 'Museo Conte', 'Museo Radio']",Torre Lamberti,strategy_nearest,True,0.003186941146850586,success
04DA5F3A9C4C80,2,"['Casa Giulietta', 'Santa Anastasia']",Torre Lamberti,"['Sighseeing', 'Centro Fotografia', 'Museo Conte', 'Palazzo della Ragione', 'AMO']",Palazzo della Ragione,strategy_nearest,True,0.0031371116638183594,success
04DA69429C4C80,2,"['Castelvecchio', 'Casa Giulietta']",San Fermo,"['Museo Storia', 'Museo Radio', 'Centro Fotografia', 'Arena', 'Sighseeing']",Santa Anastasia,strategy_nearest,False,0.002649068832397461,success
04DA6C429C4C80,2,['Torre Lamberti'],Santa Anastasia,"['AMO', 'Museo Conte', 'Palazzo della Ragione', 'Teatro Romano', 'Centro Fotografia']",Duomo,strategy_nearest,False,0.0031061172485351562,success
04DA73429C4C80,0,['Arena'],Castelvecchio,"['Museo Lapidario', 'Verona Tour', 'Museo Radio', 'San Zeno', 'Sighseeing']",Casa Giulietta,strategy_nearest,False,0.003203153610229492,success
04DA7D429C4C80,0,"['Castelvecchio', 'Casa Giulietta']",Arena,"['Verona Tour', 'Museo Lapidario', 'Museo Radio', 'San Fermo', 'Sighseeing']",Torre Lamberti,strategy_nearest,False,0.00321197509765625,success
04DA763A9C4C80,2,['Casa Giulietta'],Torre Lamberti,"['Sighseeing', 'Centro Fotografia', 'Museo Conte', 'Palazzo della Ragione', 'AMO']",Teatro Romano,strategy_nearest,False,0.0027599334716796875,success
04DA75429C4C80,2,['Casa Giulietta'],Santa Anastasia,"['AMO', 'Museo Conte', 'Palazzo della Ragione', 'Teatro Romano', 'Centro Fotografia']",Duomo,strategy_nearest,False,0.004077911376953125,success
04DA843A9C4C80,3,"['Torre Lamberti', 'Casa Giulietta', 'Arena']",Tomba Giulietta,"['San Fermo', 'Museo Storia', 'Museo Lapidario', 'Museo Radio', 'Verona Tour']",Teatro Romano,strategy_nearest,False,0.0030930042266845703,success
04DA854A9C4C80,0,['Arena'],Castelvecchio,"['Museo Lapidario', 'Verona Tour', 'Museo Radio', 'San Zeno', 'Sighseeing']",Casa Giulietta,strategy_nearest,False,0.0017848014831542969,success
04DA86429C4C80,3,['Arena'],Torre Lamberti,"['Sighseeing', 'Centro Fotografia', 'Museo Conte', 'Casa Giulietta', 'Palazzo della Ragione']",Teatro Romano,strategy_nearest,False,0.0023038387298583984,success
04DA9E429C4C80,0,['Arena'],Torre Lamberti,"['Sighseeing', 'Centro Fotografia', 'Museo Conte', 'Casa Giulietta', 'Palazzo della Ragione']",Castelvecchio,strategy_nearest,False,0.0018057823181152344,success
04DA8E3A9C4C80,3,"['Arena', 'Casa Giulietta', 'Santa Anastasia']",Duomo,"['AMO', 'Museo Miniscalchi', 'Teatro Romano', 'Palazzo della Ragione', 'Museo Conte']",Teatro Romano,strategy_nearest,True,0.0026700496673583984,success
04DA8F3A9C4C80,0,['Arena'],Casa Giulietta,"['Centro Fotografia', 'Sighseeing', 'Torre Lamberti', 'Museo Conte', 'Museo Radio']",Castelvecchio,strategy_nearest,False,0.0032150745391845703,success
04DAA1429C4C80,3,['Arena'],Torre Lamberti,"['Sighseeing', 'Centro Fotografia', 'Museo Conte', 'Casa Giulietta', 'Palazzo della Ragione']",Santa Anastasia,strategy_nearest,False,0.002398967742919922,success
04DAA73A9C4C80,3,"['Arena', 'Museo Lapidario']",Casa Giulietta,"['Centro Fotografia', 'Sighseeing', 'Torre Lamberti', 'Museo Conte', 'Museo Radio']",Santa Anastasia,strategy_nearest,False,0.0015459060668945312,success
04DABB3A9C4C80,1,"['Palazzo della Ragione', 'Torre Lamberti']",Casa Giulietta,"['Centro Fotografia', 'Sighseeing', 'Museo Conte', 'Museo Radio', 'San Fermo']",Santa Anastasia,strategy_nearest,False,0.0028717517852783203,success
04DAC2429C4C80,1,['Arena'],Torre Lamberti,"['Sighseeing', 'Centro Fotografia', 'Museo Conte', 'Casa Giulietta', 'Palazzo della Ragione']",Palazzo della Ragione,strategy_nearest,True,0.003262042999267578,success
04DABF3A9C4C80,0,['Arena'],Torre Lamberti,"['Sighseeing', 'Centro Fotografia', 'Museo Conte', 'Casa Giulietta', 'Palazzo della Ragione']",Casa Giulietta,strategy_nearest,True,0.0027611255645751953,success
04DAC8429C4C80,3,"['San Fermo', 'Arena', 'Castelvecchio']",Casa Giulietta,"['Centro Fotografia', 'Sighseeing', 'Torre Lamberti', 'Museo Conte', 'Museo Radio']",Santa Anastasia,strategy_nearest,False,0.0024988651275634766,success
04DAD03A9C4C80,3,"['Arena', 'Castelvecchio', 'Casa Giulietta', 'Torre Lamberti']",San Fermo,"['Museo Storia', 'Museo Radio', 'Centro Fotografia', 'Sighseeing', 'Museo Conte']",Tomba Giulietta,strategy_nearest,False,0.002918720245361328,success
04DAE13A9C4C80,1,"['Arena', 'Museo Lapidario', 'Castelvecchio', 'Palazzo della Ragione']",Casa Giulietta,"['Centro Fotografia', 'Sighseeing', 'Torre Lamberti', 'Museo Conte', 'Museo Radio']",Santa Anastasia,strategy_nearest,False,0.003203153610229492,success
04DAD8429C4C80,1,"['Casa Giulietta', 'Palazzo della Ragione', 'Torre Lamberti']",Santa Anastasia,"['AMO', 'Museo Conte', 'Teatro Romano', 'Centro Fotografia', 'Duomo']",Arena,strategy_nearest,False,0.0022509098052978516,success
04DAD43A9C4C80,2,"['Castelvecchio', 'San Zeno']",Teatro Romano,"['Santa Anastasia', 'Duomo', 'AMO', 'Palazzo della Ragione', 'Museo Conte']",Duomo,strategy_nearest,True,0.002856016159057617,success
04DAF23A9C4C80,1,"['Arena', 'Museo Lapidario', 'Casa Giulietta']",Torre Lamberti,"['Sighseeing', 'Centro Fotografia', 'Museo Conte', 'Palazzo della Ragione', 'AMO']",Palazzo della Ragione,strategy_nearest,True,0.001981019973754883,success
04DAE43A9C4C80,3,"['Arena', 'Casa Giulietta']",Torre Lamberti,"['Sighseeing', 'Centro Fotografia', 'Museo Conte', 'Palazzo della Ragione', 'AMO']",Santa Anastasia,strategy_nearest,False,0.002783060073852539,success
04DAE8429C4C80,0,['Arena'],Teatro Romano,"['Santa Anastasia', 'Duomo', 'AMO', 'Palazzo della Ragione', 'Museo Conte']",Castelvecchio,strategy_nearest,False,0.0015821456909179688,success
04DAF13A9C4C80,2,"['Santa Anastasia', 'Duomo']",Torre Lamberti,"['Sighseeing', 'Centro Fotografia', 'Museo Conte', 'Casa Giulietta', 'Palazzo della Ragione']",Castelvecchio,strategy_nearest,False,0.003343820571899414,success
04DAF53A9C4C80,0,['Casa Giulietta'],Teatro Romano,"['Santa Anastasia', 'Duomo', 'AMO', 'Palazzo della Ragione', 'Museo Conte']",Arena,strategy_nearest,False,0.0024220943450927734,success
04DAFA429C4C80,2,['Castelvecchio'],Casa Giulietta,"['Centro Fotografia', 'Sighseeing', 'Torre Lamberti', 'Museo Conte', 'Museo Radio']",Tomba Giulietta,strategy_nearest,False,0.0013077259063720703,success
04DAFD3A9C4C80,1,"['Casa Giulietta', 'Torre Lamberti']",Palazzo della Ragione,"['AMO', 'Museo Conte', 'Centro Fotografia', 'Sighseeing', 'Santa Anastasia']",Arena,strategy_nearest,False,0.0028929710388183594,success
04DB143A9C4C80,0,['Arena'],Torre Lamberti,"['Sighseeing', 'Centro Fotografia', 'Museo Conte', 'Casa Giulietta', 'Palazzo della Ragione']",Casa Giulietta,strategy_nearest,True,0.003815889358520508,success
04DB16429C4C80,2,['Teatro Romano'],San Fermo,"['Museo Storia', 'Museo Radio', 'Casa Giulietta', 'Centro Fotografia', 'Arena']",Tomba Giulietta,strategy_nearest,False,0.0018308162689208984,success
04DB17429C4C84,0,"['Arena', 'Museo Storia']",San Fermo,"['Museo Radio', 'Casa Giulietta', 'Centro Fotografia', 'Sighseeing', 'Torre Lamberti']",Casa Giulietta,strategy_nearest,True,0.0033261775970458984,success
04DB18429C4C84,2,"['Castelvecchio', 'Torre Lamberti']",Duomo,"['AMO', 'Museo Miniscalchi', 'Santa Anastasia', 'Teatro Romano', 'Palazzo della Ragione']",Casa Giulietta,strategy_nearest,False,0.002649068832397461,success
04DB1A3A9C4C80,2,['Teatro Romano'],Duomo,"['AMO', 'Museo Miniscalchi', 'Santa Anastasia', 'Palazzo della Ragione', 'Museo Conte']",Castelvecchio,strategy_nearest,False,0.0022819042205810547,success
04DB20429C4C80,3,"['Arena', 'San Fermo']",Casa Giulietta,"['Centro Fotografia', 'Sighseeing', 'Torre Lamberti', 'Museo Conte', 'Museo Radio']",Torre Lamberti,strategy_nearest,True,0.0020198822021484375,success
04DB24429C4C84,3,"['Castelvecchio', 'Arena', 'Casa Giulietta']",Torre Lamberti,"['Sighseeing', 'Centro Fotografia', 'Museo Conte', 'Palazzo della Ragione', 'AMO']",Santa Anastasia,strategy_nearest,False,0.0025877952575683594,success
04DB374A9C4C80,1,"['Arena', 'Castelvecchio', 'Casa Giulietta', 'Teatro Romano']",Duomo,"['AMO', 'Museo Miniscalchi', 'Santa Anastasia', 'Palazzo della Ragione', 'Museo Conte']",Santa Anastasia,strategy_nearest,True,0.0023550987243652344,success
04DB283A9C4C80,1,"['Arena', 'Casa Giulietta', 'Teatro Romano', 'Santa Anastasia', 'Duomo']",Torre Lamberti,"['Sighseeing', 'Centro Fotografia', 'Museo Conte', 'Palazzo della Ragione', 'AMO']",Palazzo della Ragione,strategy_nearest,True,0.0032029151916503906,success
04DB503A9C4C80,2,"['Museo Lapidario', 'Castelvecchio']",Santa Anastasia,"['AMO', 'Museo Conte', 'Palazzo della Ragione', 'Teatro Romano', 'Centro Fotografia']",Casa Giulietta,strategy_nearest,False,0.002383708953857422,success
04DB383A9C4C80,0,"['Arena', 'Castelvecchio', 'Tomba Giulietta']",Museo Storia,"['San Fermo', 'Museo Radio', 'Casa Giulietta', 'Centro Fotografia', 'Torre Lamberti']",Teatro Romano,strategy_nearest,False,0.0033791065216064453,success
04DB57429C4C80,0,['Arena'],Torre Lamberti,"['Sighseeing', 'Centro Fotografia', 'Museo Conte', 'Casa Giulietta', 'Palazzo della Ragione']",Casa Giulietta,strategy_nearest,True,0.0028159618377685547,success
04DB5F3A9C4C80,3,"['Teatro Romano', 'Torre Lamberti', 'Casa Giulietta']",San Fermo,"['Museo Storia', 'Museo Radio', 'Centro Fotografia', 'Arena', 'Sighseeing']",Arena,strategy_nearest,True,0.0034492015838623047,success
04DB5F429C4C80,3,"['Arena', 'Teatro Romano']",Duomo,"['AMO', 'Museo Miniscalchi', 'Santa Anastasia', 'Palazzo della Ragione', 'Museo Conte']",Casa Giulietta,strategy_nearest,False,0.002902984619140625,success
04DB62429C4C80,3,['Arena'],Casa Giulietta,"['Centro Fotografia', 'Sighseeing', 'Torre Lamberti', 'Museo Conte', 'Museo Radio']",Torre Lamberti,strategy_nearest,True,0.004822731018066406,success
04DB753A9C4C80,1,"['Arena', 'Casa Giulietta']",Palazzo della Ragione,"['AMO', 'Museo Conte', 'Torre Lamberti', 'Centro Fotografia', 'Sighseeing']",Torre Lamberti,strategy_nearest,True,0.0020401477813720703,success
04DB66429C4C80,2,['Teatro Romano'],Duomo,"['AMO', 'Museo Miniscalchi', 'Santa Anastasia', 'Palazzo della Ragione', 'Museo Conte']",Santa Anastasia,strategy_nearest,True,0.0027260780334472656,success
04DB763A9C4C80,2,"['Casa Giulietta', 'Torre Lamberti']",Palazzo della Ragione,"['AMO', 'Museo Conte', 'Centro Fotografia', 'Sighseeing', 'Santa Anastasia']",Santa Anastasia,strategy_nearest,True,0.0010559558868408203,success
04DB77429C4C80,0,"['Arena', 'Castelvecchio']",Torre Lamberti,"['Sighseeing', 'Centro Fotografia', 'Museo Conte', 'Casa Giulietta', 'Palazzo della Ragione']",Casa Giulietta,strategy_nearest,True,0.001997232437133789,success
04DB7A4A9C4C80,3,['Arena'],Casa Giulietta,"['Centro Fotografia', 'Sighseeing', 'Torre Lamberti', 'Museo Conte', 'Museo Radio']",Santa Anastasia,strategy_nearest,False,0.002714872360229492,success
04DB86429C4C80,3,"['Arena', 'San Fermo']",Santa Anastasia,"['AMO', 'Museo Conte', 'Palazzo della Ragione', 'Teatro Romano', 'Centro Fotografia']",Casa Giulietta,strategy_nearest,False,0.003448009490966797,success
04DB864A9C4C80,0,"['Arena', 'Museo Lapidario']",Casa Giulietta,"['Centro Fotografia', 'Sighseeing', 'Torre Lamberti', 'Museo Conte', 'Museo Radio']",Duomo,strategy_nearest,False,0.0032792091369628906,success
04DB8A429C4C80,2,['Casa Giulietta'],Torre Lamberti,"['Sighseeing', 'Centro Fotografia', 'Museo Conte', 'Palazzo della Ragione', 'AMO']",Tomba Giulietta,strategy_nearest,False,0.0031969547271728516,success
04DB8F4A9C4C80,0,['Arena'],Museo Lapidario,"['Verona Tour', 'Castelvecchio', 'Museo Radio', 'San Fermo', 'Casa Giulietta']",Casa Giulietta,strategy_nearest,True,0.002490997314453125,success
04DB924A9C4C80,0,['Arena'],Museo Lapidario,"['Verona Tour', 'Castelvecchio', 'Museo Radio', 'San Fermo', 'Casa Giulietta']",Santa Anastasia,strategy_nearest,False,0.002794027328491211,success
04DB974A9C4C80,3,['Arena'],Casa Giulietta,"['Centro Fotografia', 'Sighseeing', 'Torre Lamberti', 'Museo Conte', 'Museo Radio']",Santa Anastasia,strategy_nearest,False,0.0033032894134521484,success
04DB9B429C4C80,0,['Arena'],Casa Giulietta,"['Centro Fotografia', 'Sighseeing', 'Torre Lamberti', 'Museo Conte', 'Museo Radio']",Tomba Giulietta,strategy_nearest,False,0.003325223922729492,success
04DB9E4A9C4C80,1,"['Arena', 'Casa Giulietta']",Torre Lamberti,"['Sighseeing', 'Centro Fotografia', 'Museo Conte', 'Palazzo della Ragione', 'AMO']",Palazzo della Ragione,strategy_nearest,True,0.002669095993041992,success
04DBA672743380,3,"['Arena', 'Casa Giulietta', 'Torre Lamberti']",Santa Anastasia,"['AMO', 'Museo Conte', 'Palazzo della Ragione', 'Teatro Romano', 'Centro Fotografia']",Teatro Romano,strategy_nearest,True,0.0012958049774169922,success
04DB9F4A9C4C80,3,"['Arena', 'Casa Giulietta']",Santa Anastasia,"['AMO', 'Museo Conte', 'Palazzo della Ragione', 'Teatro Romano', 'Centro Fotografia']",Teatro Romano,strategy_nearest,True,0.003222227096557617,success
04DBA14A9C4C80,1,"['Arena', 'Casa Giulietta', 'Torre Lamberti']",Palazzo della Ragione,"['AMO', 'Museo Conte', 'Centro Fotografia', 'Sighseeing', 'Santa Anastasia']",Santa Anastasia,strategy_nearest,True,0.003974199295043945,success
04DBA73A9C4C80,3,['San Fermo'],Casa Giulietta,"['Centro Fotografia', 'Sighseeing', 'Torre Lamberti', 'Museo Conte', 'Museo Radio']",Santa Anastasia,strategy_nearest,False,0.0031862258911132812,success
04DBAA429C4C80,0,['Arena'],Casa Giulietta,"['Centro Fotografia', 'Sighseeing', 'Torre Lamberti', 'Museo Conte', 'Museo Radio']",Torre Lamberti,strategy_nearest,True,0.0033431053161621094,success
04DBB5429C4C80,1,"['Arena', 'Casa Giulietta', 'Torre Lamberti']",Palazzo della Ragione,"['AMO', 'Museo Conte', 'Centro Fotografia', 'Sighseeing', 'Santa Anastasia']",Santa Anastasia,strategy_nearest,True,0.0033159255981445312,success
04DBAB429C4C80,3,"['Arena', 'Castelvecchio']",Casa Giulietta,"['Centro Fotografia', 'Sighseeing', 'Torre Lamberti', 'Museo Conte', 'Museo Radio']",Santa Anastasia,strategy_nearest,False,0.002607107162475586,success
04DBBE3A9C4C80,3,['Arena'],Casa Giulietta,"['Centro Fotografia', 'Sighseeing', 'Torre Lamberti', 'Museo Conte', 'Museo Radio']",Duomo,strategy_nearest,False,0.0030977725982666016,success
04DBBF429C4C80,0,['Arena'],Torre Lamberti,"['Sighseeing', 'Centro Fotografia', 'Museo Conte', 'Casa Giulietta', 'Palazzo della Ragione']",San Fermo,strategy_nearest,False,0.0023679733276367188,success
04DBC13A9C4C80,3,"['Arena', 'Casa Giulietta']",Torre Lamberti,"['Sighseeing', 'Centro Fotografia', 'Museo Conte', 'Palazzo della Ragione', 'AMO']",Santa Anastasia,strategy_nearest,False,0.0024330615997314453,success
04DBC83A9C4C80,1,['Arena'],Torre Lamberti,"['Sighseeing', 'Centro Fotografia', 'Museo Conte', 'Casa Giulietta', 'Palazzo della Ragione']",Palazzo della Ragione,strategy_nearest,True,0.0019960403442382812,success
04DBC3429C4C80,1,"['Arena', 'Palazzo della Ragione']",Casa Giulietta,"['Centro Fotografia', 'Sighseeing', 'Torre Lamberti', 'Museo Conte', 'Museo Radio']",Santa Anastasia,strategy_nearest,False,0.0033638477325439453,success
04DBCB429C4C80,3,"['Teatro Romano', 'Arena', 'Castelvecchio']",San Zeno,"['Verona Tour', 'Museo Lapidario', 'Museo Miniscalchi', 'Sighseeing', 'Museo Radio']",Duomo,strategy_nearest,False,0.0031549930572509766,success
04DBD03A9C4C80,0,"['Arena', 'Torre Lamberti']",Duomo,"['AMO', 'Museo Miniscalchi', 'Santa Anastasia', 'Teatro Romano', 'Palazzo della Ragione']",Casa Giulietta,strategy_nearest,False,0.0029959678649902344,success
04DBD33A9C4C80,3,"['Arena', 'San Fermo', 'Casa Giulietta']",Torre Lamberti,"['Sighseeing', 'Centro Fotografia', 'Museo Conte', 'Palazzo della Ragione', 'AMO']",Santa Anastasia,strategy_nearest,False,0.0033092498779296875,success
04DBD23A9C4C80,2,['Castelvecchio'],Casa Giulietta,"['Centro Fotografia', 'Sighseeing', 'Torre Lamberti', 'Museo Conte', 'Museo Radio']",Santa Anastasia,strategy_nearest,False,0.002579927444458008,success
04DBD53A9C4C80,3,"['Arena', 'Tomba Giulietta', 'Museo Lapidario']",Castelvecchio,"['Verona Tour', 'Museo Radio', 'San Zeno', 'Sighseeing', 'Museo Miniscalchi']",Casa Giulietta,strategy_nearest,False,0.003134012222290039,success
04DBFB429C4C80,3,"['Arena', 'Torre Lamberti']",San Zeno,"['Castelvecchio', 'Verona Tour', 'Museo Lapidario', 'Museo Miniscalchi', 'Sighseeing']",Castelvecchio,strategy_nearest,True,0.0024499893188476562,success
04DBD63A9C4C80,3,"['Arena', 'Casa Giulietta']",Santa Anastasia,"['AMO', 'Museo Conte', 'Palazzo della Ragione', 'Teatro Romano', 'Centro Fotografia']",Duomo,strategy_nearest,False,0.0030279159545898438,success
04DBE73A9C4C80,0,['Arena'],Castelvecchio,"['Museo Lapidario', 'Verona Tour', 'Museo Radio', 'San Zeno', 'Sighseeing']",Santa Anastasia,strategy_nearest,False,0.0030961036682128906,success
04DBFD3A9C4C80,1,['Arena'],Palazzo della Ragione,"['AMO', 'Museo Conte', 'Torre Lamberti', 'Centro Fotografia', 'Sighseeing']",Casa Giulietta,strategy_nearest,False,0.0031790733337402344,success
04DC073A9C4C84,2,['Casa Giulietta'],Tomba Giulietta,"['San Fermo', 'Museo Storia', 'Arena', 'Museo Lapidario', 'Museo Radio']",Castelvecchio,strategy_nearest,False,0.0025730133056640625,success
04DC103A9C4C84,0,['Arena'],Casa Giulietta,"['Centro Fotografia', 'Sighseeing', 'Torre Lamberti', 'Museo Conte', 'Museo Radio']",Teatro Romano,strategy_nearest,False,0.002582073211669922,success
04DC11429C4C84,2,['Santa Anastasia'],Torre Lamberti,"['Sighseeing', 'Centro Fotografia', 'Museo Conte', 'Casa Giulietta', 'Palazzo della Ragione']",Giardino Giusti,strategy_nearest,False,0.0035707950592041016,success
04DC15429C4C80,1,['Palazzo della Ragione'],Museo Storia,"['San Fermo', 'Museo Radio', 'Casa Giulietta', 'Centro Fotografia', 'Tomba Giulietta']",Arena,strategy_nearest,False,0.0033440589904785156,success
04DC173A9C4C84,2,"['Palazzo della Ragione', 'Torre Lamberti']",Santa Anastasia,"['AMO', 'Museo Conte', 'Teatro Romano', 'Centro Fotografia', 'Duomo']",Duomo,strategy_nearest,True,0.0024971961975097656,success
04DC183A9C4C80,1,"['Palazzo della Ragione', 'Torre Lamberti', 'San Fermo', 'Castelvecchio']",Museo Lapidario,"['Verona Tour', 'Arena', 'Museo Radio', 'Casa Giulietta', 'Tomba Giulietta']",Arena,strategy_nearest,True,0.0029990673065185547,success
04DC1B429C4C84,3,['Arena'],Casa Giulietta,"['Centro Fotografia', 'Sighseeing', 'Torre Lamberti', 'Museo Conte', 'Museo Radio']",Santa Anastasia,strategy_nearest,False,0.00278472900390625,success
04DC1E429C4C84,1,"['Arena', 'Casa Giulietta']",Torre Lamberti,"['Sighseeing', 'Centro Fotografia', 'Museo Conte', 'Palazzo della Ragione', 'AMO']",Palazzo della Ragione,strategy_nearest,True,0.0014982223510742188,success
04DC21BA7B3F80,0,"['Arena', 'Torre Lamberti']",Casa Giulietta,"['Centro Fotografia', 'Sighseeing', 'Museo Conte', 'Museo Radio', 'Palazzo della Ragione']",Tomba Giulietta,strategy_nearest,False,0.0026400089263916016,success
04DC1E3A9C4C80,0,['Arena'],San Fermo,"['Museo Storia', 'Museo Radio', 'Casa Giulietta', 'Centro Fotografia', 'Sighseeing']",San Zeno,strategy_nearest,False,0.0034830570220947266,success
04DC263A9C4C80,3,"['Arena', 'San Fermo']",Torre Lamberti,"['Sighseeing', 'Centro Fotografia', 'Museo Conte', 'Casa Giulietta', 'Palazzo della Ragione']",Santa Anastasia,strategy_nearest,False,0.00220489501953125,success
04DC24429C4C80,0,['Casa Giulietta'],Giardino Giusti,"['Santa Anastasia', 'Teatro Romano', 'Museo Conte', 'Centro Fotografia', 'Museo Storia']",Arena,strategy_nearest,False,0.004648923873901367,success
04DC2B3A9C4C80,0,['Arena'],Casa Giulietta,"['Centro Fotografia', 'Sighseeing', 'Torre Lamberti', 'Museo Conte', 'Museo Radio']",Duomo,strategy_nearest,False,0.0015332698822021484,success
04DC2D3A9C4C80,1,"['Castelvecchio', 'Teatro Romano', 'Arena']",Casa Giulietta,"['Centro Fotografia', 'Sighseeing', 'Torre Lamberti', 'Museo Conte', 'Museo Radio']",Palazzo della Ragione,strategy_nearest,False,0.0025908946990966797,success
04DC3D429C4C80,0,"['Castelvecchio', 'Arena']",Tomba Giulietta,"['San Fermo', 'Museo Storia', 'Museo Lapidario', 'Museo Radio', 'Verona Tour']",Torre Lamberti,strategy_nearest,False,0.0021359920501708984,success
04DC333A9C4C80,0,['Castelvecchio'],Arena,"['Verona Tour', 'Museo Lapidario', 'Museo Radio', 'San Fermo', 'Casa Giulietta']",Casa Giulietta,strategy_nearest,True,0.0016083717346191406,success
04DC33429C4C80,3,"['Castelvecchio', 'San Zeno', 'Tomba Giulietta', 'San Fermo']",Teatro Romano,"['Santa Anastasia', 'Duomo', 'AMO', 'Palazzo della Ragione', 'Museo Conte']",Casa Giulietta,strategy_nearest,False,0.0033419132232666016,success
04DC553A9C4C80,3,"['Arena', 'Casa Giulietta']",Duomo,"['AMO', 'Museo Miniscalchi', 'Santa Anastasia', 'Teatro Romano', 'Palazzo della Ragione']",Santa Anastasia,strategy_nearest,True,0.002702951431274414,success
04DC66429C4C80,0,['Arena'],Casa Giulietta,"['Centro Fotografia', 'Sighseeing', 'Torre Lamberti', 'Museo Conte', 'Museo Radio']",Teatro Romano,strategy_nearest,False,0.001956939697265625,success
04DC5A429C4C80,1,"['Castelvecchio', 'Arena', 'San Fermo']",Santa Anastasia,"['AMO', 'Museo Conte', 'Palazzo della Ragione', 'Teatro Romano', 'Centro Fotografia']",Duomo,strategy_nearest,False,0.003341197967529297,success
04DC65429C4C80,0,['Arena'],Museo Lapidario,"['Verona Tour', 'Castelvecchio', 'Museo Radio', 'San Fermo', 'Casa Giulietta']",Castelvecchio,strategy_nearest,True,0.0015060901641845703,success
04DC61429C4C80,0,['Arena'],Casa Giulietta,"['Centro Fotografia', 'Sighseeing', 'Torre Lamberti', 'Museo Conte', 'Museo Radio']",Castelvecchio,strategy_nearest,False,0.002722024917602539,success
04DC824A9C4C80,3,['Arena'],Castelvecchio,"['Museo Lapidario', 'Verona Tour', 'Museo Radio', 'San Zeno', 'Sighseeing']",Santa Anastasia,strategy_nearest,False,0.0020890235900878906,success
04DC82429C4C80,2,"['Castelvecchio', 'Casa Giulietta', 'Torre Lamberti']",Palazzo della Ragione,"['AMO', 'Museo Conte', 'Centro Fotografia', 'Sighseeing', 'Santa Anastasia']",Santa Anastasia,strategy_nearest,True,0.0028128623962402344,success
04DC74429C4C80,0,['Arena'],Casa Giulietta,"['Centro Fotografia', 'Sighseeing', 'Torre Lamberti', 'Museo Conte', 'Museo Radio']",Torre Lamberti,strategy_nearest,True,0.0014522075653076172,success
04DC84429C4C80,0,['Arena'],Duomo,"['AMO', 'Museo Miniscalchi', 'Santa Anastasia', 'Teatro Romano', 'Palazzo della Ragione']",Casa Giulietta,strategy_nearest,False,0.003370046615600586,success
04DC8D4A9C4C80,2,"['Casa Giulietta', 'Torre Lamberti', 'Palazzo della Ragione']",San Fermo,"['Museo Storia', 'Museo Radio', 'Centro Fotografia', 'Arena', 'Sighseeing']",Castelvecchio,strategy_nearest,False,0.003317117691040039,success
04DC884A9C4C80,0,"['Arena', 'Torre Lamberti']",Castelvecchio,"['Museo Lapidario', 'Verona Tour', 'Museo Radio', 'San Zeno', 'Sighseeing']",San Fermo,strategy_nearest,False,0.003387928009033203,success
04DC97429C4C80,1,"['Castelvecchio', 'Santa Anastasia']",Duomo,"['AMO', 'Museo Miniscalchi', 'Teatro Romano', 'Palazzo della Ragione', 'Museo Conte']",Arena,strategy_nearest,False,0.003171205520629883,success
04DC914A9C4C80,3,"['Arena', 'Torre Lamberti', 'Santa Anastasia']",Duomo,"['AMO', 'Museo Miniscalchi', 'Teatro Romano', 'Palazzo della Ragione', 'Museo Conte']",Teatro Romano,strategy_nearest,True,0.0019180774688720703,success
04DCA04A9C4C80,0,"['Teatro Romano', 'Torre Lamberti']",Casa Giulietta,"['Centro Fotografia', 'Sighseeing', 'Museo Conte', 'Museo Radio', 'Palazzo della Ragione']",Arena,strategy_nearest,False,0.0015044212341308594,success
04DC9D429C4C80,0,['Arena'],Casa Giulietta,"['Centro Fotografia', 'Sighseeing', 'Torre Lamberti', 'Museo Conte', 'Museo Radio']",Santa Anastasia,strategy_nearest,False,0.002752065658569336,success
04DCA1429C4C80,0,['Arena'],Casa Giulietta,"['Centro Fotografia', 'Sighseeing', 'Torre Lamberti', 'Museo Conte', 'Museo Radio']",Torre Lamberti,strategy_nearest,True,0.0032961368560791016,success
04DC984A9C4C80,0,['Arena'],Casa Giulietta,"['Centro Fotografia', 'Sighseeing', 'Torre Lamberti', 'Museo Conte', 'Museo Radio']",Santa Anastasia,strategy_nearest,False,0.002773761749267578,success
04DCA94A9C4C80,0,['Arena'],Duomo,"['AMO', 'Museo Miniscalchi', 'Santa Anastasia', 'Teatro Romano', 'Palazzo della Ragione']",Casa Giulietta,strategy_nearest,False,0.00272369384765625,success
04DCA34A9C4C80,3,"['Duomo', 'Santa Anastasia']",Torre Lamberti,"['Sighseeing', 'Centro Fotografia', 'Museo Conte', 'Casa Giulietta', 'Palazzo della Ragione']",Casa Giulietta,strategy_nearest,True,0.0020117759704589844,success
04DCAB4A9C4C80,1,"['Arena', 'Casa Giulietta', 'Palazzo della Ragione']",Teatro Romano,"['Santa Anastasia', 'Duomo', 'AMO', 'Museo Conte', 'Centro Fotografia']",Duomo,strategy_nearest,True,0.003280162811279297,success
04DCA93A9C4C80,0,['Arena'],Casa Giulietta,"['Centro Fotografia', 'Sighseeing', 'Torre Lamberti', 'Museo Conte', 'Museo Radio']",Tomba Giulietta,strategy_nearest,False,0.002131938934326172,success
04DCAE429C4C80,3,"['Arena', 'Tomba Giulietta', 'Museo Lapidario']",Castelvecchio,"['Verona Tour', 'Museo Radio', 'San Zeno', 'Sighseeing', 'Museo Miniscalchi']",Casa Giulietta,strategy_nearest,False,0.002716064453125,success
04DCB63A9C4C80,0,['Arena'],Casa Giulietta,"['Centro Fotografia', 'Sighseeing', 'Torre Lamberti', 'Museo Conte', 'Museo Radio']",Castelvecchio,strategy_nearest,False,0.001947164535522461,success
04DCBB429C4C80,2,['Casa Giulietta'],Santa Anastasia,"['AMO', 'Museo Conte', 'Palazzo della Ragione', 'Teatro Romano', 'Centro Fotografia']",Castelvecchio,strategy_nearest,False,0.0026159286499023438,success
04DCBA3A9C4C80,0,['Arena'],Casa Giulietta,"['Centro Fotografia', 'Sighseeing', 'Torre Lamberti', 'Museo Conte', 'Museo Radio']",Museo Lapidario,strategy_nearest,False,0.0033011436462402344,success
04DCC83A9C4C80,0,"['Arena', 'Casa Giulietta']",San Fermo,"['Museo Storia', 'Museo Radio', 'Centro Fotografia', 'Sighseeing', 'Torre Lamberti']",Castelvecchio,strategy_nearest,False,0.0013620853424072266,success
04DCBC3A9C4C80,0,"['Arena', 'Castelvecchio']",Torre Lamberti,"['Sighseeing', 'Centro Fotografia', 'Museo Conte', 'Casa Giulietta', 'Palazzo della Ragione']",Casa Giulietta,strategy_nearest,True,0.003826141357421875,success
04DCBD3A9C4C80,0,['Arena'],Torre Lamberti,"['Sighseeing', 'Centro Fotografia', 'Museo Conte', 'Casa Giulietta', 'Palazzo della Ragione']",Casa Giulietta,strategy_nearest,True,0.002583026885986328,success
04DCCA429C4C80,2,"['Tomba Giulietta', 'Museo Lapidario']",Santa Anastasia,"['AMO', 'Museo Conte', 'Palazzo della Ragione', 'Teatro Romano', 'Centro Fotografia']",Duomo,strategy_nearest,False,0.003364086151123047,success
04DCD0429C4C80,1,"['Arena', 'Casa Giulietta', 'Tomba Giulietta']",Palazzo della Ragione,"['AMO', 'Museo Conte', 'Torre Lamberti', 'Centro Fotografia', 'Sighseeing']",San Zeno,strategy_nearest,False,0.002605915069580078,success
04DCD63A9C4C80,3,['Arena'],Santa Anastasia,"['AMO', 'Museo Conte', 'Palazzo della Ragione', 'Teatro Romano', 'Centro Fotografia']",Teatro Romano,strategy_nearest,True,0.0027430057525634766,success
04DCEA3A9C4C80,2,['Duomo'],Castelvecchio,"['Museo Lapidario', 'Verona Tour', 'Arena', 'Museo Radio', 'San Zeno']",San Zeno,strategy_nearest,True,0.003970146179199219,success
04DCEC3A9C4C80,0,['Arena'],San Zeno,"['Castelvecchio', 'Verona Tour', 'Museo Lapidario', 'Museo Miniscalchi', 'Sighseeing']",Casa Giulietta,strategy_nearest,False,0.002346038818359375,success
04DD133A9C4C80,0,['Arena'],Casa Giulietta,"['Centro Fotografia', 'Sighseeing', 'Torre Lamberti', 'Museo Conte', 'Museo Radio']",Palazzo della Ragione,strategy_nearest,False,0.002580881118774414,success
04DCFE429C4C80,2,['Torre Lamberti'],Palazzo della Ragione,"['AMO', 'Museo Conte', 'Centro Fotografia', 'Sighseeing', 'Santa Anastasia']",Teatro Romano,strategy_nearest,False,0.0027360916137695312,success
04DD043A9C4C84,1,"['Arena', 'Casa Giulietta']",Santa Anastasia,"['AMO', 'Museo Conte', 'Palazzo della Ragione', 'Teatro Romano', 'Centro Fotografia']",Torre Lamberti,strategy_nearest,False,0.0045299530029296875,success
04DD0A429C4C84,0,"['Torre Lamberti', 'Duomo']",Casa Giulietta,"['Centro Fotografia', 'Sighseeing', 'Museo Conte', 'Museo Radio', 'Palazzo della Ragione']",Arena,strategy_nearest,False,0.002029895782470703,success
04DD204A9C4C80,3,"['Casa Giulietta', 'Santa Anastasia', 'Giardino Giusti', 'San Fermo']",Tomba Giulietta,"['Museo Storia', 'Arena', 'Museo Lapidario', 'Museo Radio', 'Verona Tour']",Arena,strategy_nearest,True,0.0019588470458984375,success
04DD14BA7B3F84,0,"['Arena', 'Torre Lamberti']",Casa Giulietta,"['Centro Fotografia', 'Sighseeing', 'Museo Conte', 'Museo Radio', 'Palazzo della Ragione']",Tomba Giulietta,strategy_nearest,False,0.0021576881408691406,success
04DD15429C4C84,0,"['San Zeno', 'Arena']",Castelvecchio,"['Museo Lapidario', 'Verona Tour', 'Museo Radio', 'Sighseeing', 'Museo Miniscalchi']",Teatro Romano,strategy_nearest,False,0.0033249855041503906,success
04DD1C429C4C84,2,"['Casa Giulietta', 'Santa Anastasia']",Duomo,"['AMO', 'Museo Miniscalchi', 'Teatro Romano', 'Palazzo della Ragione', 'Museo Conte']",Tomba Giulietta,strategy_nearest,False,0.002714872360229492,success
04DD263A9C4C80,2,"['Castelvecchio', 'San Fermo']",Torre Lamberti,"['Sighseeing', 'Centro Fotografia', 'Museo Conte', 'Casa Giulietta', 'Palazzo della Ragione']",Santa Anastasia,strategy_nearest,False,0.001661062240600586,success
04DD2F3A9C4C80,2,"['Castelvecchio', 'Tomba Giulietta']",San Fermo,"['Museo Storia', 'Museo Radio', 'Casa Giulietta', 'Centro Fotografia', 'Arena']",Casa Giulietta,strategy_nearest,True,0.003467082977294922,success
04DD373A9C4C80,0,['Casa Giulietta'],Arena,"['Verona Tour', 'Museo Lapidario', 'Museo Radio', 'San Fermo', 'Sighseeing']",Castelvecchio,strategy_nearest,False,0.0021371841430664062,success
04DD364A9C4C80,3,"['Arena', 'Casa Giulietta', 'Duomo']",Teatro Romano,"['Santa Anastasia', 'AMO', 'Palazzo della Ragione', 'Museo Conte', 'Centro Fotografia']",Tomba Giulietta,strategy_nearest,False,0.0027670860290527344,success
04DD58429C4C80,1,"['Arena', 'Casa Giulietta', 'Palazzo della Ragione']",Santa Anastasia,"['AMO', 'Museo Conte', 'Teatro Romano', 'Centro Fotografia', 'Duomo']",Castelvecchio,strategy_nearest,False,0.0025839805603027344,success
04DD3B3A9C4C80,1,"['Casa Giulietta', 'Santa Anastasia']",Torre Lamberti,"['Sighseeing', 'Centro Fotografia', 'Museo Conte', 'Palazzo della Ragione', 'AMO']",Palazzo della Ragione,strategy_nearest,True,0.0013489723205566406,success
04DD45429C4C80,3,"['Museo Lapidario', 'Torre Lamberti', 'Casa Giulietta']",Duomo,"['AMO', 'Museo Miniscalchi', 'Santa Anastasia', 'Teatro Romano', 'Palazzo della Ragione']",Santa Anastasia,strategy_nearest,True,0.0021419525146484375,success
04DD4C429C4C80,0,"['Teatro Romano', 'Arena']",Museo Lapidario,"['Verona Tour', 'Castelvecchio', 'Museo Radio', 'San Fermo', 'Casa Giulietta']",Castelvecchio,strategy_nearest,True,0.003365755081176758,success
04DD5F429C4C80,0,['Arena'],Casa Giulietta,"['Centro Fotografia', 'Sighseeing', 'Torre Lamberti', 'Museo Conte', 'Museo Radio']",Santa Anastasia,strategy_nearest,False,0.0032269954681396484,success
04DD713A9C4C80,0,"['Arena', 'Casa Giulietta']",Torre Lamberti,"['Sighseeing', 'Centro Fotografia', 'Museo Conte', 'Palazzo della Ragione', 'AMO']",Castelvecchio,strategy_nearest,False,0.003194093704223633,success
04DD6B429C4C80,2,['Teatro Romano'],Torre Lamberti,"['Sighseeing', 'Centro Fotografia', 'Museo Conte', 'Casa Giulietta', 'Palazzo della Ragione']",San Fermo,strategy_nearest,False,0.00255584716796875,success
04DD814A9C4C80,3,"['Arena', 'Casa Giulietta']",Santa Anastasia,"['AMO', 'Museo Conte', 'Palazzo della Ragione', 'Teatro Romano', 'Centro Fotografia']",Duomo,strategy_nearest,False,0.0037050247192382812,success
04DD834A9C4C80,0,"['Arena', 'Museo Lapidario']",Castelvecchio,"['Verona Tour', 'Museo Radio', 'San Zeno', 'Sighseeing', 'Museo Miniscalchi']",Teatro Romano,strategy_nearest,False,0.0032858848571777344,success
04DD844A9C4C80,0,['Arena'],San Fermo,"['Museo Storia', 'Museo Radio', 'Casa Giulietta', 'Centro Fotografia', 'Sighseeing']",Castelvecchio,strategy_nearest,False,0.0012900829315185547,success
04DD8A3A9C4C80,0,['Arena'],Tomba Giulietta,"['San Fermo', 'Museo Storia', 'Museo Lapidario', 'Museo Radio', 'Verona Tour']",Casa Giulietta,strategy_nearest,False,0.0033111572265625,success
04DD833A9C4C80,1,"['Arena', 'Casa Giulietta']",Torre Lamberti,"['Sighseeing', 'Centro Fotografia', 'Museo Conte', 'Palazzo della Ragione', 'AMO']",Palazzo della Ragione,strategy_nearest,True,0.0027620792388916016,success
04DD903A9C4C80,0,"['Arena', 'Museo Lapidario']",Casa Giulietta,"['Centro Fotografia', 'Sighseeing', 'Torre Lamberti', 'Museo Conte', 'Museo Radio']",Teatro Romano,strategy_nearest,False,0.001252889633178711,success
04DD8C4A9C4C80,0,"['Arena', 'Casa Giulietta']",Torre Lamberti,"['Sighseeing', 'Centro Fotografia', 'Museo Conte', 'Palazzo della Ragione', 'AMO']",Castelvecchio,strategy_nearest,False,0.003342151641845703,success
04DD8B4A9C4C80,0,['Arena'],Casa Giulietta,"['Centro Fotografia', 'Sighseeing', 'Torre Lamberti', 'Museo Conte', 'Museo Radio']",Castelvecchio,strategy_nearest,False,0.0026061534881591797,success
04DD92429C4C80,0,['Arena'],Museo Lapidario,"['Verona Tour', 'Castelvecchio', 'Museo Radio', 'San Fermo', 'Casa Giulietta']",Castelvecchio,strategy_nearest,True,0.0037970542907714844,success
04DD99429C4C80,2,['Teatro Romano'],Santa Anastasia,"['AMO', 'Museo Conte', 'Palazzo della Ragione', 'Centro Fotografia', 'Duomo']",Casa Giulietta,strategy_nearest,False,0.0018858909606933594,success
04DD924A9C4C80,0,['Arena'],Casa Giulietta,"['Centro Fotografia', 'Sighseeing', 'Torre Lamberti', 'Museo Conte', 'Museo Radio']",Torre Lamberti,strategy_nearest,True,0.0025959014892578125,success
04DD9E429C4C80,0,['Arena'],Duomo,"['AMO', 'Museo Miniscalchi', 'Santa Anastasia', 'Teatro Romano', 'Palazzo della Ragione']",Tomba Giulietta,strategy_nearest,False,0.003299713134765625,success
04DD9F429C4C80,2,['Castelvecchio'],San Zeno,"['Verona Tour', 'Museo Lapidario', 'Arena', 'Museo Miniscalchi', 'Sighseeing']",Duomo,strategy_nearest,False,0.0018696784973144531,success
04DDA0429C4C80,2,['Torre Lamberti'],Santa Anastasia,"['AMO', 'Museo Conte', 'Palazzo della Ragione', 'Teatro Romano', 'Centro Fotografia']",Duomo,strategy_nearest,False,0.002652883529663086,success
04DDA1429C4C80,3,"['Arena', 'Torre Lamberti']",Santa Anastasia,"['AMO', 'Museo Conte', 'Palazzo della Ragione', 'Teatro Romano', 'Centro Fotografia']",Duomo,strategy_nearest,False,0.0019698143005371094,success
04DDA2429C4C80,0,['Arena'],Casa Giulietta,"['Centro Fotografia', 'Sighseeing', 'Torre Lamberti', 'Museo Conte', 'Museo Radio']",Santa Anastasia,strategy_nearest,False,0.003091096878051758,success
04DDA53A9C4C80,0,['Arena'],Casa Giulietta,"['Centro Fotografia', 'Sighseeing', 'Torre Lamberti', 'Museo Conte', 'Museo Radio']",Tomba Giulietta,strategy_nearest,False,0.0030248165130615234,success
04DDA74A9C4C80,2,"['Duomo', 'Torre Lamberti']",Casa Giulietta,"['Centro Fotografia', 'Sighseeing', 'Museo Conte', 'Museo Radio', 'Palazzo della Ragione']",Castelvecchio,strategy_nearest,False,0.0017659664154052734,success
04DDA54A9C4C80,2,"['Castelvecchio', 'Santa Anastasia']",Torre Lamberti,"['Sighseeing', 'Centro Fotografia', 'Museo Conte', 'Casa Giulietta', 'Palazzo della Ragione']",Palazzo della Ragione,strategy_nearest,True,0.003414154052734375,success
04DDAA4A9C4C80,0,"['Duomo', 'Torre Lamberti']",Casa Giulietta,"['Centro Fotografia', 'Sighseeing', 'Museo Conte', 'Museo Radio', 'Palazzo della Ragione']",Arena,strategy_nearest,False,0.0032088756561279297,success
04DDAC3A9C4C80,3,['Casa Giulietta'],Arena,"['Verona Tour', 'Museo Lapidario', 'Museo Radio', 'San Fermo', 'Sighseeing']",Torre Lamberti,strategy_nearest,False,0.001873016357421875,success
04DDAC429C4C80,2,"['Castelvecchio', 'Museo Lapidario', 'San Zeno']",Tomba Giulietta,"['San Fermo', 'Museo Storia', 'Arena', 'Museo Radio', 'Verona Tour']",Casa Giulietta,strategy_nearest,False,0.002624034881591797,success
04DDAB4A9C4C80,3,['Arena'],Casa Giulietta,"['Centro Fotografia', 'Sighseeing', 'Torre Lamberti', 'Museo Conte', 'Museo Radio']",Santa Anastasia,strategy_nearest,False,0.004082918167114258,success
04DDAF429C4C80,1,"['Arena', 'Torre Lamberti']",Palazzo della Ragione,"['AMO', 'Museo Conte', 'Centro Fotografia', 'Sighseeing', 'Santa Anastasia']",Casa Giulietta,strategy_nearest,False,0.0029430389404296875,success
04DDC5429C4C80,0,"['Arena', 'Casa Giulietta']",Torre Lamberti,"['Sighseeing', 'Centro Fotografia', 'Museo Conte', 'Palazzo della Ragione', 'AMO']",Torre Lamberti,strategy_nearest,False,0.0025370121002197266,success
04DDB93A9C4C80,1,"['Arena', 'Casa Giulietta']",Palazzo della Ragione,"['AMO', 'Museo Conte', 'Torre Lamberti', 'Centro Fotografia', 'Sighseeing']",Torre Lamberti,strategy_nearest,True,0.0026879310607910156,success
04DDBD429C4C80,1,"['Arena', 'Casa Giulietta']",Torre Lamberti,"['Sighseeing', 'Centro Fotografia', 'Museo Conte', 'Palazzo della Ragione', 'AMO']",Palazzo della Ragione,strategy_nearest,True,0.003359079360961914,success
04DDB43A9C4C80,3,['Arena'],Torre Lamberti,"['Sighseeing', 'Centro Fotografia', 'Museo Conte', 'Casa Giulietta', 'Palazzo della Ragione']",Santa Anastasia,strategy_nearest,False,0.001992940902709961,success
04DDF53A9C4C80,2,['Casa Giulietta'],Castelvecchio,"['Museo Lapidario', 'Verona Tour', 'Arena', 'Museo Radio', 'San Zeno']",Tomba Giulietta,strategy_nearest,False,0.0027642250061035156,success
04DDD43A9C4C80,2,['Castelvecchio'],San Zeno,"['Verona Tour', 'Museo Lapidario', 'Arena', 'Museo Miniscalchi', 'Sighseeing']",Duomo,strategy_nearest,False,0.0028867721557617188,success
04DDD33A9C4C80,3,['Arena'],Casa Giulietta,"['Centro Fotografia', 'Sighseeing', 'Torre Lamberti', 'Museo Conte', 'Museo Radio']",Santa Anastasia,strategy_nearest,False,0.002198934555053711,success
04DDFE3A9C4C80,1,"['Arena', 'Palazzo della Ragione', 'Torre Lamberti']",Casa Giulietta,"['Centro Fotografia', 'Sighseeing', 'Museo Conte', 'Museo Radio', 'San Fermo']",Santa Anastasia,strategy_nearest,False,0.0032439231872558594,success
04DE013A9C4C84,0,"['Arena', 'Casa Giulietta']",Teatro Romano,"['Santa Anastasia', 'Duomo', 'AMO', 'Palazzo della Ragione', 'Museo Conte']",Castelvecchio,strategy_nearest,False,0.0016520023345947266,success
04DE0E429C4C84,2,"['Teatro Romano', 'Duomo', 'Palazzo della Ragione']",Torre Lamberti,"['Sighseeing', 'Centro Fotografia', 'Museo Conte', 'Casa Giulietta', 'AMO']",Casa Giulietta,strategy_nearest,True,0.0019011497497558594,success
04DE06429C4C84,1,"['Castelvecchio', 'Museo Lapidario', 'San Fermo']",Giardino Giusti,"['Santa Anastasia', 'Teatro Romano', 'Museo Conte', 'Centro Fotografia', 'Museo Storia']",Santa Anastasia,strategy_nearest,True,0.0032122135162353516,success
04DE11429C4C84,2,"['Casa Giulietta', 'Palazzo della Ragione']",Torre Lamberti,"['Sighseeing', 'Centro Fotografia', 'Museo Conte', 'AMO', 'Museo Miniscalchi']",Castelvecchio,strategy_nearest,False,0.003367900848388672,success
04DE12429C4C84,1,"['Arena', 'Tomba Giulietta', 'Torre Lamberti', 'Santa Anastasia']",Duomo,"['AMO', 'Museo Miniscalchi', 'Teatro Romano', 'Palazzo della Ragione', 'Museo Conte']",Casa Giulietta,strategy_nearest,False,0.002586841583251953,success
04DE133A9C4C84,3,"['San Zeno', 'Arena']",Duomo,"['AMO', 'Museo Miniscalchi', 'Santa Anastasia', 'Teatro Romano', 'Palazzo della Ragione']",Santa Anastasia,strategy_nearest,True,0.0018301010131835938,success
04DE173A9C4C80,3,"['Torre Lamberti', 'Santa Anastasia', 'Duomo']",Casa Giulietta,"['Centro Fotografia', 'Sighseeing', 'Museo Conte', 'Museo Radio', 'Palazzo della Ragione']",Teatro Romano,strategy_nearest,False,0.0029916763305664062,success
04DE143A9C4C80,1,"['Arena', 'Casa Giulietta', 'Torre Lamberti']",Palazzo della Ragione,"['AMO', 'Museo Conte', 'Centro Fotografia', 'Sighseeing', 'Santa Anastasia']",Santa Anastasia,strategy_nearest,True,0.0024220943450927734,success
04DE203A9C4C80,0,['Arena'],Casa Giulietta,"['Centro Fotografia', 'Sighseeing', 'Torre Lamberti', 'Museo Conte', 'Museo Radio']",Santa Anastasia,strategy_nearest,False,0.003480195999145508,success
04DE1D4A9C4C80,2,"['Casa Giulietta', 'Casa Giulietta']",Palazzo della Ragione,"['AMO', 'Museo Conte', 'Torre Lamberti', 'Centro Fotografia', 'Sighseeing']",Santa Anastasia,strategy_nearest,False,0.0027589797973632812,success
04DE203A9C4C84,1,"['Arena', 'Casa Giulietta', 'Santa Anastasia']",Tomba Giulietta,"['San Fermo', 'Museo Storia', 'Museo Lapidario', 'Museo Radio', 'Verona Tour']",Museo Lapidario,strategy_nearest,True,0.0025620460510253906,success
04DE20429C4C84,3,"['San Zeno', 'Arena']",San Fermo,"['Museo Storia', 'Museo Radio', 'Casa Giulietta', 'Centro Fotografia', 'Sighseeing']",Casa Giulietta,strategy_nearest,True,0.0030350685119628906,success
04DE2D429C4C80,2,"['Castelvecchio', 'Torre Lamberti']",Palazzo della Ragione,"['AMO', 'Museo Conte', 'Centro Fotografia', 'Sighseeing', 'Santa Anastasia']",Santa Anastasia,strategy_nearest,True,0.0032410621643066406,success
04DE2EBA7B3F80,1,"['Arena', 'Casa Giulietta', 'Teatro Romano']",Palazzo della Ragione,"['AMO', 'Museo Conte', 'Torre Lamberti', 'Centro Fotografia', 'Sighseeing']",Torre Lamberti,strategy_nearest,True,0.0026090145111083984,success
04DE38429C4C80,1,['Arena'],Casa Giulietta,"['Centro Fotografia', 'Sighseeing', 'Torre Lamberti', 'Museo Conte', 'Museo Radio']",Palazzo della Ragione,strategy_nearest,False,0.002431154251098633,success
04DE3E429C4C80,2,"['Tomba Giulietta', 'Torre Lamberti']",Casa Giulietta,"['Centro Fotografia', 'Sighseeing', 'Museo Conte', 'Museo Radio', 'Palazzo della Ragione']",Santa Anastasia,strategy_nearest,False,0.002752065658569336,success
04DE34429C4C80,0,['Arena'],Casa Giulietta,"['Centro Fotografia', 'Sighseeing', 'Torre Lamberti', 'Museo Conte', 'Museo Radio']",Torre Lamberti,strategy_nearest,True,0.004297971725463867,success
04DE473A9C4C80,3,"['Arena', 'Torre Lamberti']",Santa Anastasia,"['AMO', 'Museo Conte', 'Palazzo della Ragione', 'Teatro Romano', 'Centro Fotografia']",Duomo,strategy_nearest,False,0.0031478404998779297,success
04DE4D3A9C4C80,2,"['Casa Giulietta', 'Torre Lamberti']",Palazzo della Ragione,"['AMO', 'Museo Conte', 'Centro Fotografia', 'Sighseeing', 'Santa Anastasia']",Santa Anastasia,strategy_nearest,True,0.002899169921875,success
04DE54429C4C80,0,['Arena'],Torre Lamberti,"['Sighseeing', 'Centro Fotografia', 'Museo Conte', 'Casa Giulietta', 'Palazzo della Ragione']",Casa Giulietta,strategy_nearest,True,0.003345966339111328,success
04DE513A9C4C80,3,['Arena'],Torre Lamberti,"['Sighseeing', 'Centro Fotografia', 'Museo Conte', 'Casa Giulietta', 'Palazzo della Ragione']",Santa Anastasia,strategy_nearest,False,0.0027768611907958984,success
04DE6E3A9C4C80,3,['Duomo'],Torre Lamberti,"['Sighseeing', 'Centro Fotografia', 'Museo Conte', 'Casa Giulietta', 'Palazzo della Ragione']",Arena,strategy_nearest,False,0.0019648075103759766,success
04DE6B429C4C80,3,"['San Zeno', 'Santa Anastasia']",Duomo,"['AMO', 'Museo Miniscalchi', 'Teatro Romano', 'Palazzo della Ragione', 'Museo Conte']",Torre Lamberti,strategy_nearest,False,0.003423929214477539,success
04DE763A9C4C80,2,['Casa Giulietta'],Santa Anastasia,"['AMO', 'Museo Conte', 'Palazzo della Ragione', 'Teatro Romano', 'Centro Fotografia']",Palazzo della Ragione,strategy_nearest,True,0.002846956253051758,success
04DE76429C4C80,3,"['Arena', 'Torre Lamberti', 'Duomo']",Santa Anastasia,"['AMO', 'Museo Conte', 'Palazzo della Ragione', 'Teatro Romano', 'Centro Fotografia']",Casa Giulietta,strategy_nearest,False,0.0020699501037597656,success
04DE874A9C4C80,0,['Arena'],Castelvecchio,"['Museo Lapidario', 'Verona Tour', 'Museo Radio', 'San Zeno', 'Sighseeing']",Casa Giulietta,strategy_nearest,False,0.0032558441162109375,success
04DE82429C4C80,3,"['Duomo', 'Santa Anastasia']",Casa Giulietta,"['Centro Fotografia', 'Sighseeing', 'Torre Lamberti', 'Museo Conte', 'Museo Radio']",Arena,strategy_nearest,False,0.002819061279296875,success
04DE8C4A9C4C80,1,['Arena'],Museo Lapidario,"['Verona Tour', 'Castelvecchio', 'Museo Radio', 'San Fermo', 'Casa Giulietta']",Castelvecchio,strategy_nearest,True,0.002701997756958008,success
04DE8A429C4C80,3,"['Arena', 'Casa Giulietta']",Santa Anastasia,"['AMO', 'Museo Conte', 'Palazzo della Ragione', 'Teatro Romano', 'Centro Fotografia']",Duomo,strategy_nearest,False,0.0040590763092041016,success
04DE8B3A9C4C80,0,['Arena'],Casa Giulietta,"['Centro Fotografia', 'Sighseeing', 'Torre Lamberti', 'Museo Conte', 'Museo Radio']",Santa Anastasia,strategy_nearest,False,0.0021572113037109375,success
04DE8A4A9C4C80,0,['Arena'],Casa Giulietta,"['Centro Fotografia', 'Sighseeing', 'Torre Lamberti', 'Museo Conte', 'Museo Radio']",Santa Anastasia,strategy_nearest,False,0.0016040802001953125,success
04DE93429C4C80,1,['Arena'],Casa Giulietta,"['Centro Fotografia', 'Sighseeing', 'Torre Lamberti', 'Museo Conte', 'Museo Radio']",Palazzo della Ragione,strategy_nearest,False,0.0019903182983398438,success
04DE8D3A9C4C80,0,['Arena'],Castelvecchio,"['Museo Lapidario', 'Verona Tour', 'Museo Radio', 'San Zeno', 'Sighseeing']",Casa Giulietta,strategy_nearest,False,0.0033838748931884766,success
04DE92429C4C80,3,"['Casa Giulietta', 'San Fermo']",Santa Anastasia,"['AMO', 'Museo Conte', 'Palazzo della Ragione', 'Teatro Romano', 'Centro Fotografia']",Arena,strategy_nearest,False,0.00152587890625,success
04DE8E4A9C4C80,3,['Arena'],Torre Lamberti,"['Sighseeing', 'Centro Fotografia', 'Museo Conte', 'Casa Giulietta', 'Palazzo della Ragione']",Santa Anastasia,strategy_nearest,False,0.0033457279205322266,success
04DE9F429C4C80,1,"['Arena', 'San Zeno', 'Castelvecchio', 'Santa Anastasia']",Palazzo della Ragione,"['AMO', 'Museo Conte', 'Torre Lamberti', 'Centro Fotografia', 'Sighseeing']",Torre Lamberti,strategy_nearest,True,0.0025861263275146484,success
04DE934A9C4C80,1,"['Arena', 'Museo Lapidario']",Casa Giulietta,"['Centro Fotografia', 'Sighseeing', 'Torre Lamberti', 'Museo Conte', 'Museo Radio']",Palazzo della Ragione,strategy_nearest,False,0.003387928009033203,success
04DE98429C4C80,3,['Arena'],Casa Giulietta,"['Centro Fotografia', 'Sighseeing', 'Torre Lamberti', 'Museo Conte', 'Museo Radio']",Torre Lamberti,strategy_nearest,True,0.0021669864654541016,success
04DE984A9C4C80,3,"['Arena', 'San Fermo']",Casa Giulietta,"['Centro Fotografia', 'Sighseeing', 'Torre Lamberti', 'Museo Conte', 'Museo Radio']",Torre Lamberti,strategy_nearest,True,0.0015387535095214844,success
04DEA3429C4C80,3,"['Arena', 'Casa Giulietta', 'Tomba Giulietta']",San Fermo,"['Museo Storia', 'Museo Radio', 'Centro Fotografia', 'Sighseeing', 'Torre Lamberti']",Santa Anastasia,strategy_nearest,False,0.0027539730072021484,success
04DEA9429C4C80,3,['Arena'],Santa Anastasia,"['AMO', 'Museo Conte', 'Palazzo della Ragione', 'Teatro Romano', 'Centro Fotografia']",Duomo,strategy_nearest,False,0.0014071464538574219,success
04DEA0429C4C80,0,['Arena'],Casa Giulietta,"['Centro Fotografia', 'Sighseeing', 'Torre Lamberti', 'Museo Conte', 'Museo Radio']",San Fermo,strategy_nearest,False,0.0021812915802001953,success
04DEAB4A9C4C80,0,"['Arena', 'Torre Lamberti']",Teatro Romano,"['Santa Anastasia', 'Duomo', 'AMO', 'Palazzo della Ragione', 'Museo Conte']",Castelvecchio,strategy_nearest,False,0.003340005874633789,success
04DECB429C4C80,3,"['Teatro Romano', 'Arena', 'Castelvecchio']",San Zeno,"['Verona Tour', 'Museo Lapidario', 'Museo Miniscalchi', 'Sighseeing', 'Museo Radio']",Duomo,strategy_nearest,False,0.0014941692352294922,success
04DEB43A9C4C80,3,"['Arena', 'Casa Giulietta', 'Santa Anastasia']",Duomo,"['AMO', 'Museo Miniscalchi', 'Teatro Romano', 'Palazzo della Ragione', 'Museo Conte']",Teatro Romano,strategy_nearest,True,0.0033609867095947266,success
04DEE43A9C4C80,1,"['Arena', 'Casa Giulietta', 'Torre Lamberti']",Palazzo della Ragione,"['AMO', 'Museo Conte', 'Centro Fotografia', 'Sighseeing', 'Santa Anastasia']",Santa Anastasia,strategy_nearest,True,0.0031969547271728516,success
04DEBE429C4C80,0,"['Arena', 'Castelvecchio']",Casa Giulietta,"['Centro Fotografia', 'Sighseeing', 'Torre Lamberti', 'Museo Conte', 'Museo Radio']",Tomba Giulietta,strategy_nearest,False,0.0027441978454589844,success
04DF14429C4C84,0,['Arena'],Museo Lapidario,"['Verona Tour', 'Castelvecchio', 'Museo Radio', 'San Fermo', 'Casa Giulietta']",Casa Giulietta,strategy_nearest,True,0.0015301704406738281,success
04DEFF3A9C4C80,1,"['Arena', 'Torre Lamberti']",Palazzo della Ragione,"['AMO', 'Museo Conte', 'Centro Fotografia', 'Sighseeing', 'Santa Anastasia']",Santa Anastasia,strategy_nearest,True,0.0033440589904785156,success
04DEF63A9C4C80,2,"['Torre Lamberti', 'Palazzo della Ragione']",Santa Anastasia,"['AMO', 'Museo Conte', 'Teatro Romano', 'Centro Fotografia', 'Duomo']",Duomo,strategy_nearest,True,0.003371000289916992,success
04DF183A9C4C80,0,['Arena'],Castelvecchio,"['Museo Lapidario', 'Verona Tour', 'Museo Radio', 'San Zeno', 'Sighseeing']",Casa Giulietta,strategy_nearest,False,0.0019779205322265625,success
04DF21429C4C80,2,"['Torre Lamberti', 'Santa Anastasia']",Duomo,"['AMO', 'Museo Miniscalchi', 'Teatro Romano', 'Palazzo della Ragione', 'Museo Conte']",Duomo,strategy_nearest,False,0.002195119857788086,success
04DF243A9C4C84,3,['Arena'],San Fermo,"['Museo Storia', 'Museo Radio', 'Casa Giulietta', 'Centro Fotografia', 'Sighseeing']",Duomo,strategy_nearest,False,0.0015492439270019531,success
04DF21429C4C84,0,['Arena'],Casa Giulietta,"['Centro Fotografia', 'Sighseeing', 'Torre Lamberti', 'Museo Conte', 'Museo Radio']",Torre Lamberti,strategy_nearest,True,0.0033609867095947266,success
04DF273A9C4C80,0,['Casa Giulietta'],Palazzo della Ragione,"['AMO', 'Museo Conte', 'Torre Lamberti', 'Centro Fotografia', 'Sighseeing']",Arena,strategy_nearest,False,0.0026979446411132812,success
04DF384A9C4C80,3,"['San Zeno', 'Castelvecchio', 'Arena']",Casa Giulietta,"['Centro Fotografia', 'Sighseeing', 'Torre Lamberti', 'Museo Conte', 'Museo Radio']",Santa Anastasia,strategy_nearest,False,0.0033049583435058594,success
04DF463A9C4C80,0,"['Arena', 'Casa Giulietta']",Teatro Romano,"['Santa Anastasia', 'Duomo', 'AMO', 'Palazzo della Ragione', 'Museo Conte']",Castelvecchio,strategy_nearest,False,0.0025870800018310547,success
04DF283A9C4C80,0,['Arena'],Torre Lamberti,"['Sighseeing', 'Centro Fotografia', 'Museo Conte', 'Casa Giulietta', 'Palazzo della Ragione']",Casa Giulietta,strategy_nearest,True,0.0015249252319335938,success
04DF443A9C4C80,3,"['Giardino Giusti', 'Teatro Romano', 'Castelvecchio', 'San Fermo']",Arena,"['Verona Tour', 'Museo Lapidario', 'Museo Radio', 'Casa Giulietta', 'Sighseeing']",Torre Lamberti,strategy_nearest,False,0.0020890235900878906,success
04DF533A9C4C80,2,"['Castelvecchio', 'San Zeno']",Santa Anastasia,"['AMO', 'Museo Conte', 'Palazzo della Ragione', 'Teatro Romano', 'Centro Fotografia']",Duomo,strategy_nearest,False,0.0019693374633789062,success
04DF4C429C4C80,0,['Arena'],Casa Giulietta,"['Centro Fotografia', 'Sighseeing', 'Torre Lamberti', 'Museo Conte', 'Museo Radio']",Santa Anastasia,strategy_nearest,False,0.0027229785919189453,success
04DF513A9C4C80,3,"['Torre Lamberti', 'Santa Anastasia']",Teatro Romano,"['Duomo', 'AMO', 'Palazzo della Ragione', 'Museo Conte', 'Centro Fotografia']",Castelvecchio,strategy_nearest,False,0.001458883285522461,success
04DF50429C4C80,0,['Castelvecchio'],Arena,"['Verona Tour', 'Museo Lapidario', 'Museo Radio', 'San Fermo', 'Casa Giulietta']",Santa Anastasia,strategy_nearest,False,0.003330230712890625,success
04DF5A429C4C80,1,"['Arena', 'Palazzo della Ragione']",Santa Anastasia,"['AMO', 'Museo Conte', 'Teatro Romano', 'Centro Fotografia', 'Duomo']",Duomo,strategy_nearest,True,0.0016009807586669922,success
04DF68429C4C80,2,"['San Fermo', 'Torre Lamberti', 'Palazzo della Ragione']",Santa Anastasia,"['AMO', 'Museo Conte', 'Teatro Romano', 'Centro Fotografia', 'Duomo']",Teatro Romano,strategy_nearest,True,0.0020210742950439453,success
04DF65429C4C80,0,['Arena'],Casa Giulietta,"['Centro Fotografia', 'Sighseeing', 'Torre Lamberti', 'Museo Conte', 'Museo Radio']",Castelvecchio,strategy_nearest,False,0.002683877944946289,success
04DF71429C4C80,0,['Arena'],Casa Giulietta,"['Centro Fotografia', 'Sighseeing', 'Torre Lamberti', 'Museo Conte', 'Museo Radio']",Castelvecchio,strategy_nearest,False,0.002753019332885742,success
04DF733A9C4C80,2,['Tomba Giulietta'],San Fermo,"['Museo Storia', 'Museo Radio', 'Casa Giulietta', 'Centro Fotografia', 'Arena']",Casa Giulietta,strategy_nearest,True,0.0031120777130126953,success
04DF79429C4C80,3,['Arena'],Santa Anastasia,"['AMO', 'Museo Conte', 'Palazzo della Ragione', 'Teatro Romano', 'Centro Fotografia']",Duomo,strategy_nearest,False,0.002655029296875,success
04DF884A9C4C80,0,['Arena'],Casa Giulietta,"['Centro Fotografia', 'Sighseeing', 'Torre Lamberti', 'Museo Conte', 'Museo Radio']",Duomo,strategy_nearest,False,0.004435062408447266,success
04DF99429C4C80,0,"['Arena', 'Castelvecchio']",San Fermo,"['Museo Storia', 'Museo Radio', 'Casa Giulietta', 'Centro Fotografia', 'Sighseeing']",Casa Giulietta,strategy_nearest,True,0.0020720958709716797,success
04DF92429C4C80,2,"['Castelvecchio', 'Torre Lamberti']",Palazzo della Ragione,"['AMO', 'Museo Conte', 'Centro Fotografia', 'Sighseeing', 'Santa Anastasia']",Casa Giulietta,strategy_nearest,False,0.003538846969604492,success
04DFA34A9C4C80,2,['Teatro Romano'],Duomo,"['AMO', 'Museo Miniscalchi', 'Santa Anastasia', 'Palazzo della Ragione', 'Museo Conte']",Santa Anastasia,strategy_nearest,True,0.0014829635620117188,success
04DFA4429C4C80,2,"['Tomba Giulietta', 'Torre Lamberti']",Casa Giulietta,"['Centro Fotografia', 'Sighseeing', 'Museo Conte', 'Museo Radio', 'Palazzo della Ragione']",Santa Anastasia,strategy_nearest,False,0.0037369728088378906,success
04DFA1429C4C80,1,"['Arena', 'Casa Giulietta']",Palazzo della Ragione,"['AMO', 'Museo Conte', 'Torre Lamberti', 'Centro Fotografia', 'Sighseeing']",Torre Lamberti,strategy_nearest,True,0.0023620128631591797,success
04DFA0429C4C80,3,"['Torre Lamberti', 'Santa Anastasia']",Casa Giulietta,"['Centro Fotografia', 'Sighseeing', 'Museo Conte', 'Museo Radio', 'Palazzo della Ragione']",Arena,strategy_nearest,False,0.003757953643798828,success
04DFB2429C4C80,2,['Casa Giulietta'],Santa Anastasia,"['AMO', 'Museo Conte', 'Palazzo della Ragione', 'Teatro Romano', 'Centro Fotografia']",Teatro Romano,strategy_nearest,True,0.0017762184143066406,success
04DFA9429C4C80,3,"['Arena', 'San Fermo']",Casa Giulietta,"['Centro Fotografia', 'Sighseeing', 'Torre Lamberti', 'Museo Conte', 'Museo Radio']",Santa Anastasia,strategy_nearest,False,0.006033897399902344,success
04DFB5429C4C80,2,['Teatro Romano'],Castelvecchio,"['Museo Lapidario', 'Verona Tour', 'Arena', 'Museo Radio', 'San Zeno']",Casa Giulietta,strategy_nearest,False,0.0036051273345947266,success
04DFBC429C4C80,1,"['Arena', 'Castelvecchio']",Santa Anastasia,"['AMO', 'Museo Conte', 'Palazzo della Ragione', 'Teatro Romano', 'Centro Fotografia']",Torre Lamberti,strategy_nearest,False,0.0032269954681396484,success
04DFBF3A9C4C80,0,['Arena'],Casa Giulietta,"['Centro Fotografia', 'Sighseeing', 'Torre Lamberti', 'Museo Conte', 'Museo Radio']",Castelvecchio,strategy_nearest,False,0.0028281211853027344,success
04DFB53A9C4C80,1,['Arena'],Casa Giulietta,"['Centro Fotografia', 'Sighseeing', 'Torre Lamberti', 'Museo Conte', 'Museo Radio']",Palazzo della Ragione,strategy_nearest,False,0.0062029361724853516,success
04DFC2429C4C80,0,['Arena'],Castelvecchio,"['Museo Lapidario', 'Verona Tour', 'Museo Radio', 'San Zeno', 'Sighseeing']",Casa Giulietta,strategy_nearest,False,0.003657817840576172,success
04E008429C4C84,2,"['Casa Giulietta', 'Castelvecchio']",Torre Lamberti,"['Sighseeing', 'Centro Fotografia', 'Museo Conte', 'Palazzo della Ragione', 'AMO']",Santa Anastasia,strategy_nearest,False,0.0050928592681884766,success
04DFE33A9C4C80,2,"['Teatro Romano', 'Duomo', 'Castelvecchio', 'San Fermo']",Casa Giulietta,"['Centro Fotografia', 'Sighseeing', 'Torre Lamberti', 'Museo Conte', 'Museo Radio']",Santa Anastasia,strategy_nearest,False,0.0030226707458496094,success
04DFEC3A9C4C80,2,"['Casa Giulietta', 'Palazzo della Ragione']",Torre Lamberti,"['Sighseeing', 'Centro Fotografia', 'Museo Conte', 'AMO', 'Museo Miniscalchi']",Castelvecchio,strategy_nearest,False,0.007042884826660156,success
04E013429C4C80,6,"['Santa Anastasia', 'Duomo']",Castelvecchio,"['Museo Lapidario', 'Verona Tour', 'Arena', 'Museo Radio', 'San Zeno']",Arena,strategy_nearest,True,0.007367134094238281,success
04E01C429C4C84,0,['Arena'],Casa Giulietta,"['Centro Fotografia', 'Sighseeing', 'Torre Lamberti', 'Museo Conte', 'Museo Radio']",Torre Lamberti,strategy_nearest,True,0.004073143005371094,success
04E018429C4C80,0,"['Arena', 'Castelvecchio']",Casa Giulietta,"['Centro Fotografia', 'Sighseeing', 'Torre Lamberti', 'Museo Conte', 'Museo Radio']",Torre Lamberti,strategy_nearest,True,0.0026497840881347656,success
04E0143A9C4C80,1,"['Torre Lamberti', 'Santa Anastasia', 'Duomo', 'Castelvecchio']",Teatro Romano,"['AMO', 'Palazzo della Ragione', 'Museo Conte', 'Centro Fotografia', 'Museo Miniscalchi']",Arena,strategy_nearest,False,0.005167245864868164,success
04E01F429C4C84,3,"['Torre Lamberti', 'Santa Anastasia', 'Giardino Giusti', 'Teatro Romano', 'Casa Giulietta']",San Fermo,"['Museo Storia', 'Museo Radio', 'Centro Fotografia', 'Arena', 'Sighseeing']",Arena,strategy_nearest,True,0.005055904388427734,success
04E022429C4C84,3,['Arena'],Casa Giulietta,"['Centro Fotografia', 'Sighseeing', 'Torre Lamberti', 'Museo Conte', 'Museo Radio']",Torre Lamberti,strategy_nearest,True,0.0017480850219726562,success
04E02F3A9C4C80,1,"['Arena', 'Torre Lamberti', 'Palazzo della Ragione', 'Santa Anastasia']",Duomo,"['AMO', 'Museo Miniscalchi', 'Teatro Romano', 'Museo Conte', 'Centro Fotografia']",Teatro Romano,strategy_nearest,True,0.003172636032104492,success
04E020429C4C84,0,['Arena'],Casa Giulietta,"['Centro Fotografia', 'Sighseeing', 'Torre Lamberti', 'Museo Conte', 'Museo Radio']",Santa Anastasia,strategy_nearest,False,0.006505012512207031,success
04E044429C4C80,3,"['Arena', 'Casa Giulietta']",Santa Anastasia,"['AMO', 'Museo Conte', 'Palazzo della Ragione', 'Teatro Romano', 'Centro Fotografia']",Duomo,strategy_nearest,False,0.005743741989135742,success
04E052429C4C80,2,"['Torre Lamberti', 'Santa Anastasia']",Teatro Romano,"['Duomo', 'AMO', 'Palazzo della Ragione', 'Museo Conte', 'Centro Fotografia']",Duomo,strategy_nearest,True,0.0029120445251464844,success
04E046429C4C80,1,"['Arena', 'Casa Giulietta']",Torre Lamberti,"['Sighseeing', 'Centro Fotografia', 'Museo Conte', 'Palazzo della Ragione', 'AMO']",Palazzo della Ragione,strategy_nearest,True,0.005558013916015625,success
04E05B429C4C80,3,"['Casa Giulietta', 'Santa Anastasia']",Arena,"['Verona Tour', 'Museo Lapidario', 'Museo Radio', 'San Fermo', 'Sighseeing']",Castelvecchio,strategy_nearest,False,0.0019550323486328125,success
04E06E429C4C80,0,['Tomba Giulietta'],Casa Giulietta,"['Centro Fotografia', 'Sighseeing', 'Torre Lamberti', 'Museo Conte', 'Museo Radio']",Arena,strategy_nearest,False,0.0043027400970458984,success
04E0814A9C4C80,3,['Arena'],Santa Anastasia,"['AMO', 'Museo Conte', 'Palazzo della Ragione', 'Teatro Romano', 'Centro Fotografia']",Teatro Romano,strategy_nearest,True,0.0036537647247314453,success
04E087429C4C80,3,"['Casa Giulietta', 'Arena']",Castelvecchio,"['Museo Lapidario', 'Verona Tour', 'Museo Radio', 'San Zeno', 'Sighseeing']",Tomba Giulietta,strategy_nearest,False,0.0025212764739990234,success
04E0553A9C4C80,1,"['Arena', 'Casa Giulietta', 'Torre Lamberti', 'Palazzo della Ragione']",Santa Anastasia,"['AMO', 'Museo Conte', 'Teatro Romano', 'Centro Fotografia', 'Duomo']",Tomba Giulietta,strategy_nearest,False,0.005377054214477539,success
04E0924A9C4C80,2,"['Casa Giulietta', 'Santa Anastasia']",Tomba Giulietta,"['San Fermo', 'Museo Storia', 'Arena', 'Museo Lapidario', 'Museo Radio']",Castelvecchio,strategy_nearest,False,0.0022199153900146484,success
04E091429C4C80,1,['Arena'],Casa Giulietta,"['Centro Fotografia', 'Sighseeing', 'Torre Lamberti', 'Museo Conte', 'Museo Radio']",Palazzo della Ragione,strategy_nearest,False,0.004410743713378906,success
04E093429C4C80,1,"['Arena', 'Casa Giulietta']",Torre Lamberti,"['Sighseeing', 'Centro Fotografia', 'Museo Conte', 'Palazzo della Ragione', 'AMO']",Palazzo della Ragione,strategy_nearest,True,0.002079010009765625,success
04E09C429C4C80,3,"['Castelvecchio', 'Casa Giulietta']",Arena,"['Verona Tour', 'Museo Lapidario', 'Museo Radio', 'San Fermo', 'Sighseeing']",Museo Lapidario,strategy_nearest,True,0.002894878387451172,success
04E0A14A9C4C80,0,['Arena'],Casa Giulietta,"['Centro Fotografia', 'Sighseeing', 'Torre Lamberti', 'Museo Conte', 'Museo Radio']",Torre Lamberti,strategy_nearest,True,0.002930879592895508,success
04E0A54A9C4C80,3,['Arena'],Santa Anastasia,"['AMO', 'Museo Conte', 'Palazzo della Ragione', 'Teatro Romano', 'Centro Fotografia']",Duomo,strategy_nearest,False,0.003782033920288086,success
04E09E429C4C80,1,"['Castelvecchio', 'Arena']",Palazzo della Ragione,"['AMO', 'Museo Conte', 'Torre Lamberti', 'Centro Fotografia', 'Sighseeing']",Torre Lamberti,strategy_nearest,True,0.002856016159057617,success
04E0A63A9C4C80,1,['Arena'],Casa Giulietta,"['Centro Fotografia', 'Sighseeing', 'Torre Lamberti', 'Museo Conte', 'Museo Radio']",Torre Lamberti,strategy_nearest,True,0.003453969955444336,success
04E0A84A9C4C80,2,['Teatro Romano'],Castelvecchio,"['Museo Lapidario', 'Verona Tour', 'Arena', 'Museo Radio', 'San Zeno']",Casa Giulietta,strategy_nearest,False,0.0020689964294433594,success
04E0A8429C4C80,0,['Arena'],Arena,"['Verona Tour', 'Museo Lapidario', 'Museo Radio', 'San Fermo', 'Casa Giulietta']",Casa Giulietta,strategy_nearest,True,0.001600027084350586,success
04E0A83A9C4C80,1,"['Arena', 'Casa Giulietta', 'Palazzo della Ragione', 'Torre Lamberti']",Santa Anastasia,"['AMO', 'Museo Conte', 'Teatro Romano', 'Centro Fotografia', 'Duomo']",Duomo,strategy_nearest,True,0.0028591156005859375,success
04E0A64A9C4C80,6,"['Arena', 'Casa Giulietta', 'Santa Anastasia']",Duomo,"['AMO', 'Museo Miniscalchi', 'Teatro Romano', 'Palazzo della Ragione', 'Museo Conte']",Castelvecchio,strategy_nearest,False,0.004297018051147461,success
04E0AB429C4C80,3,['Casa Giulietta'],Santa Anastasia,"['AMO', 'Museo Conte', 'Palazzo della Ragione', 'Teatro Romano', 'Centro Fotografia']",Teatro Romano,strategy_nearest,True,0.002582073211669922,success
04E0AA3A9C4C80,3,['Arena'],Casa Giulietta,"['Centro Fotografia', 'Sighseeing', 'Torre Lamberti', 'Museo Conte', 'Museo Radio']",Torre Lamberti,strategy_nearest,True,0.002012968063354492,success
04E0B8429C4C80,3,"['Casa Giulietta', 'Arena']",Teatro Romano,"['Santa Anastasia', 'Duomo', 'AMO', 'Palazzo della Ragione', 'Museo Conte']",Santa Anastasia,strategy_nearest,True,0.003545045852661133,success
04E0B2429C4C80,3,"['Arena', 'Torre Lamberti']",Santa Anastasia,"['AMO', 'Museo Conte', 'Palazzo della Ragione', 'Teatro Romano', 'Centro Fotografia']",Duomo,strategy_nearest,False,0.0030460357666015625,success
04E0BA429C4C80,3,['Arena'],Casa Giulietta,"['Centro Fotografia', 'Sighseeing', 'Torre Lamberti', 'Museo Conte', 'Museo Radio']",Santa Anastasia,strategy_nearest,False,0.0024039745330810547,success
04E0BB429C4C80,3,"['Arena', 'Castelvecchio']",San Zeno,"['Verona Tour', 'Museo Lapidario', 'Museo Miniscalchi', 'Sighseeing', 'Museo Radio']",Santa Anastasia,strategy_nearest,False,0.0031762123107910156,success
04E0C4429C4C80,3,"['Arena', 'Casa Giulietta']",Santa Anastasia,"['AMO', 'Museo Conte', 'Palazzo della Ragione', 'Teatro Romano', 'Centro Fotografia']",Teatro Romano,strategy_nearest,True,0.0020868778228759766,success
04E0C93A9C4C80,3,"['Arena', 'Torre Lamberti']",Casa Giulietta,"['Centro Fotografia', 'Sighseeing', 'Museo Conte', 'Museo Radio', 'Palazzo della Ragione']",Santa Anastasia,strategy_nearest,False,0.0027539730072021484,success
04E0CA3A9C4C80,2,['Castelvecchio'],Torre Lamberti,"['Sighseeing', 'Centro Fotografia', 'Museo Conte', 'Casa Giulietta', 'Palazzo della Ragione']",Duomo,strategy_nearest,False,0.002927064895629883,success
04E0BE429C4C80,3,"['Arena', 'Castelvecchio']",San Zeno,"['Verona Tour', 'Museo Lapidario', 'Museo Miniscalchi', 'Sighseeing', 'Museo Radio']",Santa Anastasia,strategy_nearest,False,0.0037889480590820312,success
04E0DF3A9C4C80,1,"['Arena', 'Museo Lapidario', 'Casa Giulietta']",Palazzo della Ragione,"['AMO', 'Museo Conte', 'Torre Lamberti', 'Centro Fotografia', 'Sighseeing']",Santa Anastasia,strategy_nearest,False,0.0034389495849609375,success
04E0DB3A9C4C80,2,['Castelvecchio'],Santa Anastasia,"['AMO', 'Museo Conte', 'Palazzo della Ragione', 'Teatro Romano', 'Centro Fotografia']",Casa Giulietta,strategy_nearest,False,0.003020763397216797,success
04E0D73A9C4C80,1,"['Arena', 'Casa Giulietta', 'San Fermo']",Palazzo della Ragione,"['AMO', 'Museo Conte', 'Torre Lamberti', 'Centro Fotografia', 'Sighseeing']",Duomo,strategy_nearest,False,0.0024368762969970703,success
04E0DD3A9C4C80,0,['Arena'],Casa Giulietta,"['Centro Fotografia', 'Sighseeing', 'Torre Lamberti', 'Museo Conte', 'Museo Radio']",Torre Lamberti,strategy_nearest,True,0.001676797866821289,success
04E0F13A9C4C80,0,"['Arena', 'Museo Lapidario']",Castelvecchio,"['Verona Tour', 'Museo Radio', 'San Zeno', 'Sighseeing', 'Museo Miniscalchi']",Casa Giulietta,strategy_nearest,False,0.002035856246948242,success
04E0E33A9C4C80,3,"['Torre Lamberti', 'Casa Giulietta', 'San Fermo']",Arena,"['Verona Tour', 'Museo Lapidario', 'Museo Radio', 'Sighseeing', 'Castelvecchio']",Tomba Giulietta,strategy_nearest,False,0.0016109943389892578,success
04E0E03A9C4C80,3,"['Arena', 'Casa Giulietta']",Castelvecchio,"['Museo Lapidario', 'Verona Tour', 'Museo Radio', 'San Zeno', 'Sighseeing']",Santa Anastasia,strategy_nearest,False,0.0034720897674560547,success
04E0E83A9C4C80,3,"['Arena', 'Casa Giulietta']",Santa Anastasia,"['AMO', 'Museo Conte', 'Palazzo della Ragione', 'Teatro Romano', 'Centro Fotografia']",Teatro Romano,strategy_nearest,True,0.0028150081634521484,success
04E10F429C4C84,2,['Teatro Romano'],Duomo,"['AMO', 'Museo Miniscalchi', 'Santa Anastasia', 'Palazzo della Ragione', 'Museo Conte']",Castelvecchio,strategy_nearest,False,0.002185344696044922,success
04E0FF429C4C80,3,"['Castelvecchio', 'Arena']",Teatro Romano,"['Santa Anastasia', 'Duomo', 'AMO', 'Palazzo della Ragione', 'Museo Conte']",Duomo,strategy_nearest,True,0.0016508102416992188,success
04E10C3A9C4C84,3,"['Casa Giulietta', 'Arena']",Santa Anastasia,"['AMO', 'Museo Conte', 'Palazzo della Ragione', 'Teatro Romano', 'Centro Fotografia']",Duomo,strategy_nearest,False,0.0029120445251464844,success
04E112429C4C84,0,['Castelvecchio'],Arena,"['Verona Tour', 'Museo Lapidario', 'Museo Radio', 'San Fermo', 'Casa Giulietta']",Torre Lamberti,strategy_nearest,False,0.0033850669860839844,success
04E1183A9C4C80,3,"['Arena', 'Casa Giulietta']",Torre Lamberti,"['Sighseeing', 'Centro Fotografia', 'Museo Conte', 'Palazzo della Ragione', 'AMO']",Santa Anastasia,strategy_nearest,False,0.0041158199310302734,success
04E113429C4C84,0,['Arena'],Casa Giulietta,"['Centro Fotografia', 'Sighseeing', 'Torre Lamberti', 'Museo Conte', 'Museo Radio']",Tomba Giulietta,strategy_nearest,False,0.002429962158203125,success
04E11D3A9C4C84,2,"['Castelvecchio', 'San Zeno', 'Santa Anastasia', 'Duomo']",Palazzo della Ragione,"['AMO', 'Museo Conte', 'Torre Lamberti', 'Centro Fotografia', 'Sighseeing']",Torre Lamberti,strategy_nearest,True,0.002032041549682617,success
04E1254A9C4C80,2,"['Tomba Giulietta', 'Palazzo della Ragione', 'San Fermo']",Santa Anastasia,"['AMO', 'Museo Conte', 'Teatro Romano', 'Centro Fotografia', 'Duomo']",Duomo,strategy_nearest,True,0.0026171207427978516,success
04E12F3A9C4C80,3,"['Arena', 'Casa Giulietta']",Torre Lamberti,"['Sighseeing', 'Centro Fotografia', 'Museo Conte', 'Palazzo della Ragione', 'AMO']",Santa Anastasia,strategy_nearest,False,0.0015490055084228516,success
04E1403A9C4C80,0,"['Arena', 'Casa Giulietta']",Teatro Romano,"['Santa Anastasia', 'Duomo', 'AMO', 'Palazzo della Ragione', 'Museo Conte']",Castelvecchio,strategy_nearest,False,0.002583026885986328,success
04E13D3A9C4C80,2,"['Casa Giulietta', 'Palazzo della Ragione']",Teatro Romano,"['Santa Anastasia', 'Duomo', 'AMO', 'Museo Conte', 'Centro Fotografia']",Duomo,strategy_nearest,True,0.0033431053161621094,success
04E127429C4C80,0,['Castelvecchio'],Casa Giulietta,"['Centro Fotografia', 'Sighseeing', 'Torre Lamberti', 'Museo Conte', 'Museo Radio']",Arena,strategy_nearest,False,0.002210855484008789,success
04E159429C4C80,4,"['Castelvecchio', 'Arena', 'Casa Giulietta']",Santa Anastasia,"['AMO', 'Museo Conte', 'Palazzo della Ragione', 'Teatro Romano', 'Centro Fotografia']",Duomo,strategy_nearest,False,0.0027039051055908203,success
04E15B429C4C80,0,"['Arena', 'Museo Lapidario']",Duomo,"['AMO', 'Museo Miniscalchi', 'Santa Anastasia', 'Teatro Romano', 'Palazzo della Ragione']",Teatro Romano,strategy_nearest,True,0.0031838417053222656,success
04E1563A9C4C80,1,"['Arena', 'Torre Lamberti', 'Palazzo della Ragione', 'Casa Giulietta']",San Zeno,"['Castelvecchio', 'Verona Tour', 'Museo Lapidario', 'Museo Miniscalchi', 'Sighseeing']",Duomo,strategy_nearest,False,0.0021610260009765625,success
04E1553A9C4C80,3,"['Arena', 'Torre Lamberti', 'Santa Anastasia', 'Duomo']",Tomba Giulietta,"['San Fermo', 'Museo Storia', 'Museo Lapidario', 'Museo Radio', 'Verona Tour']",Arena,strategy_nearest,False,0.0015628337860107422,success
04E162429C4C80,0,"['Arena', 'San Fermo']",Casa Giulietta,"['Centro Fotografia', 'Sighseeing', 'Torre Lamberti', 'Museo Conte', 'Museo Radio']",Torre Lamberti,strategy_nearest,True,0.0011987686157226562,success
04E163429C4C80,0,['Arena'],Torre Lamberti,"['Sighseeing', 'Centro Fotografia', 'Museo Conte', 'Casa Giulietta', 'Palazzo della Ragione']",Casa Giulietta,strategy_nearest,True,0.0017690658569335938,success
04E16D3A9C4C80,0,"['Arena', 'Castelvecchio']",Casa Giulietta,"['Centro Fotografia', 'Sighseeing', 'Torre Lamberti', 'Museo Conte', 'Museo Radio']",San Zeno,strategy_nearest,False,0.0025968551635742188,success
04E1713A9C4C80,3,"['Arena', 'Tomba Giulietta']",Castelvecchio,"['Museo Lapidario', 'Verona Tour', 'Museo Radio', 'San Zeno', 'Sighseeing']",Casa Giulietta,strategy_nearest,False,0.003203153610229492,success
04E172429C4C80,0,"['Arena', 'Casa Giulietta']",Casa Giulietta,"['Centro Fotografia', 'Sighseeing', 'Torre Lamberti', 'Museo Conte', 'Museo Radio']",San Fermo,strategy_nearest,False,0.002048015594482422,success
04E177429C4C80,3,['Arena'],Casa Giulietta,"['Centro Fotografia', 'Sighseeing', 'Torre Lamberti', 'Museo Conte', 'Museo Radio']",Torre Lamberti,strategy_nearest,True,0.0034019947052001953,success
04E17E429C4C80,0,['Arena'],Casa Giulietta,"['Centro Fotografia', 'Sighseeing', 'Torre Lamberti', 'Museo Conte', 'Museo Radio']",Torre Lamberti,strategy_nearest,True,0.0028722286224365234,success
04E18D4A9C4C80,0,['Arena'],San Zeno,"['Castelvecchio', 'Verona Tour', 'Museo Lapidario', 'Museo Miniscalchi', 'Sighseeing']",Casa Giulietta,strategy_nearest,False,0.002724170684814453,success
04E1904A9C4C80,0,"['Arena', 'Museo Lapidario']",Castelvecchio,"['Verona Tour', 'Museo Radio', 'San Zeno', 'Sighseeing', 'Museo Miniscalchi']",San Zeno,strategy_nearest,True,0.0030651092529296875,success
04E1924A9C4C80,3,['Arena'],Duomo,"['AMO', 'Museo Miniscalchi', 'Santa Anastasia', 'Teatro Romano', 'Palazzo della Ragione']",Santa Anastasia,strategy_nearest,True,0.0033960342407226562,success
04E191429C4C80,3,"['Arena', 'Duomo']",Teatro Romano,"['Santa Anastasia', 'AMO', 'Palazzo della Ragione', 'Museo Conte', 'Centro Fotografia']",Santa Anastasia,strategy_nearest,True,0.004734992980957031,success
04E18E3A9C4C80,2,"['Castelvecchio', 'Palazzo della Ragione']",Torre Lamberti,"['Sighseeing', 'Centro Fotografia', 'Museo Conte', 'Casa Giulietta', 'AMO']",Casa Giulietta,strategy_nearest,True,0.004364013671875,success
04E1944A9C4C80,0,['Arena'],Casa Giulietta,"['Centro Fotografia', 'Sighseeing', 'Torre Lamberti', 'Museo Conte', 'Museo Radio']",Castelvecchio,strategy_nearest,False,0.0017240047454833984,success
04E195429C4C80,3,"['Arena', 'Castelvecchio']",Duomo,"['AMO', 'Museo Miniscalchi', 'Santa Anastasia', 'Teatro Romano', 'Palazzo della Ragione']",Teatro Romano,strategy_nearest,True,0.003351926803588867,success
04E196429C4C80,0,['Arena'],Casa Giulietta,"['Centro Fotografia', 'Sighseeing', 'Torre Lamberti', 'Museo Conte', 'Museo Radio']",Torre Lamberti,strategy_nearest,True,0.005082130432128906,success
04E197429C4C80,0,['Arena'],Casa Giulietta,"['Centro Fotografia', 'Sighseeing', 'Torre Lamberti', 'Museo Conte', 'Museo Radio']",Torre Lamberti,strategy_nearest,True,0.003942966461181641,success
04E19E429C4C80,0,['Arena'],Casa Giulietta,"['Centro Fotografia', 'Sighseeing', 'Torre Lamberti', 'Museo Conte', 'Museo Radio']",Torre Lamberti,strategy_nearest,True,0.0034780502319335938,success
04E19F429C4C80,0,['Arena'],Museo Lapidario,"['Verona Tour', 'Castelvecchio', 'Museo Radio', 'San Fermo', 'Casa Giulietta']",Casa Giulietta,strategy_nearest,True,0.0019698143005371094,success
04E19A429C4C80,2,"['Duomo', 'Teatro Romano']",Casa Giulietta,"['Centro Fotografia', 'Sighseeing', 'Torre Lamberti', 'Museo Conte', 'Museo Radio']",Castelvecchio,strategy_nearest,False,0.002836942672729492,success
04E1A672743380,1,"['Arena', 'Casa Giulietta']",Torre Lamberti,"['Sighseeing', 'Centro Fotografia', 'Museo Conte', 'Palazzo della Ragione', 'AMO']",Palazzo della Ragione,strategy_nearest,True,0.003936052322387695,success
04E1A83A9C4C80,2,['Museo Lapidario'],Casa Giulietta,"['Centro Fotografia', 'Sighseeing', 'Torre Lamberti', 'Museo Conte', 'Museo Radio']",Teatro Romano,strategy_nearest,False,0.003896951675415039,success
04E1A7429C4C80,3,"['Castelvecchio', 'Arena']",Casa Giulietta,"['Centro Fotografia', 'Sighseeing', 'Torre Lamberti', 'Museo Conte', 'Museo Radio']",Santa Anastasia,strategy_nearest,False,0.0024890899658203125,success
04E1B3429C4C80,0,['Casa Giulietta'],Arena,"['Verona Tour', 'Museo Lapidario', 'Museo Radio', 'San Fermo', 'Sighseeing']",Castelvecchio,strategy_nearest,False,0.0033512115478515625,success
04E1B33A9C4C80,1,"['Arena', 'Casa Giulietta', 'Museo Lapidario']",San Fermo,"['Museo Storia', 'Museo Radio', 'Centro Fotografia', 'Sighseeing', 'Torre Lamberti']",Palazzo della Ragione,strategy_nearest,False,0.0022630691528320312,success
04E1B8429C4C80,1,"['Arena', 'Museo Lapidario']",San Fermo,"['Museo Storia', 'Museo Radio', 'Casa Giulietta', 'Centro Fotografia', 'Sighseeing']",Casa Giulietta,strategy_nearest,True,0.001538991928100586,success
04E1BE3A9C4C80,3,['San Fermo'],Arena,"['Verona Tour', 'Museo Lapidario', 'Museo Radio', 'Casa Giulietta', 'Sighseeing']",Casa Giulietta,strategy_nearest,True,0.0027582645416259766,success
04E1C4429C4C80,3,"['Arena', 'Torre Lamberti']",Santa Anastasia,"['AMO', 'Museo Conte', 'Palazzo della Ragione', 'Teatro Romano', 'Centro Fotografia']",Duomo,strategy_nearest,False,0.003328084945678711,success
04E1B93A9C4C80,2,"['Castelvecchio', 'Torre Lamberti']",Palazzo della Ragione,"['AMO', 'Museo Conte', 'Centro Fotografia', 'Sighseeing', 'Santa Anastasia']",Giardino Giusti,strategy_nearest,False,0.002147674560546875,success
04E1C6429C4C80,2,"['Teatro Romano', 'Santa Anastasia']",Duomo,"['AMO', 'Museo Miniscalchi', 'Palazzo della Ragione', 'Museo Conte', 'Torre Lamberti']",Castelvecchio,strategy_nearest,False,0.0016350746154785156,success
04E1D53A9C4C80,3,"['Arena', 'Tomba Giulietta', 'San Fermo']",Castelvecchio,"['Museo Lapidario', 'Verona Tour', 'Museo Radio', 'San Zeno', 'Sighseeing']",Santa Anastasia,strategy_nearest,False,0.0034568309783935547,success
04E1D33A9C4C80,2,"['Torre Lamberti', 'Teatro Romano']",Santa Anastasia,"['AMO', 'Museo Conte', 'Palazzo della Ragione', 'Centro Fotografia', 'Duomo']",Duomo,strategy_nearest,True,0.0029189586639404297,success
04E1DB3A9C4C80,1,"['Casa Giulietta', 'Torre Lamberti', 'Palazzo della Ragione']",Castelvecchio,"['Museo Lapidario', 'Verona Tour', 'Arena', 'Museo Radio', 'San Zeno']",Arena,strategy_nearest,True,0.002546072006225586,success
04E1E4429C4C80,3,"['Arena', 'Casa Giulietta', 'Castelvecchio']",Duomo,"['AMO', 'Museo Miniscalchi', 'Santa Anastasia', 'Teatro Romano', 'Palazzo della Ragione']",Santa Anastasia,strategy_nearest,True,0.004781246185302734,success
04E1F53A9C4C80,2,['Casa Giulietta'],Palazzo della Ragione,"['AMO', 'Museo Conte', 'Torre Lamberti', 'Centro Fotografia', 'Sighseeing']",Santa Anastasia,strategy_nearest,False,0.0032689571380615234,success
04E1F23A9C4C80,0,"['Duomo', 'Arena']",San Zeno,"['Castelvecchio', 'Verona Tour', 'Museo Lapidario', 'Museo Miniscalchi', 'Sighseeing']",Castelvecchio,strategy_nearest,True,0.0013320446014404297,success
04E1EB3A9C4C80,1,"['Arena', 'Casa Giulietta']",Torre Lamberti,"['Sighseeing', 'Centro Fotografia', 'Museo Conte', 'Palazzo della Ragione', 'AMO']",Palazzo della Ragione,strategy_nearest,True,0.0021560192108154297,success
04E1FC429C4C80,3,"['Tomba Giulietta', 'Castelvecchio', 'Casa Giulietta', 'Torre Lamberti', 'Duomo']",Santa Anastasia,"['AMO', 'Museo Conte', 'Palazzo della Ragione', 'Teatro Romano', 'Centro Fotografia']",San Zeno,strategy_nearest,False,0.0013298988342285156,success
04E1FE3A9C4C80,0,['Teatro Romano'],Duomo,"['AMO', 'Museo Miniscalchi', 'Santa Anastasia', 'Palazzo della Ragione', 'Museo Conte']",Casa Giulietta,strategy_nearest,False,0.002840757369995117,success
04E1FB429C4C80,0,"['Teatro Romano', 'Museo Lapidario']",Arena,"['Verona Tour', 'Museo Radio', 'San Fermo', 'Casa Giulietta', 'Sighseeing']",Castelvecchio,strategy_nearest,False,0.0029230117797851562,success
04E2013A9C4C84,1,"['Duomo', 'Torre Lamberti']",Palazzo della Ragione,"['AMO', 'Museo Conte', 'Centro Fotografia', 'Sighseeing', 'Santa Anastasia']",Arena,strategy_nearest,False,0.0034470558166503906,success
04E205429C4C84,2,"['Castelvecchio', 'Torre Lamberti']",Santa Anastasia,"['AMO', 'Museo Conte', 'Palazzo della Ragione', 'Teatro Romano', 'Centro Fotografia']",Casa Giulietta,strategy_nearest,False,0.0017380714416503906,success
04E20F429C4C84,0,['Arena'],Torre Lamberti,"['Sighseeing', 'Centro Fotografia', 'Museo Conte', 'Casa Giulietta', 'Palazzo della Ragione']",Casa Giulietta,strategy_nearest,True,0.003523111343383789,success
04E208429C4C84,1,"['San Fermo', 'Museo Lapidario', 'Arena']",Casa Giulietta,"['Centro Fotografia', 'Sighseeing', 'Torre Lamberti', 'Museo Conte', 'Museo Radio']",Palazzo della Ragione,strategy_nearest,False,0.0026559829711914062,success
04E211429C4C84,0,['Arena'],Casa Giulietta,"['Centro Fotografia', 'Sighseeing', 'Torre Lamberti', 'Museo Conte', 'Museo Radio']",Tomba Giulietta,strategy_nearest,False,0.0041201114654541016,success
04E217429C4C84,0,"['Arena', 'Casa Giulietta']",Torre Lamberti,"['Sighseeing', 'Centro Fotografia', 'Museo Conte', 'Palazzo della Ragione', 'AMO']",Castelvecchio,strategy_nearest,False,0.0024230480194091797,success
04E218429C4C84,1,"['Castelvecchio', 'Arena']",Palazzo della Ragione,"['AMO', 'Museo Conte', 'Torre Lamberti', 'Centro Fotografia', 'Sighseeing']",Torre Lamberti,strategy_nearest,True,0.0024750232696533203,success
04E21A3A9C4C80,1,"['Arena', 'Museo Lapidario', 'Castelvecchio']",Torre Lamberti,"['Sighseeing', 'Centro Fotografia', 'Museo Conte', 'Casa Giulietta', 'Palazzo della Ragione']",Palazzo della Ragione,strategy_nearest,True,0.0030710697174072266,success
04E21C429C4C84,1,['Arena'],Casa Giulietta,"['Centro Fotografia', 'Sighseeing', 'Torre Lamberti', 'Museo Conte', 'Museo Radio']",Torre Lamberti,strategy_nearest,True,0.00423884391784668,success
04E21D429C4C84,3,"['Arena', 'Castelvecchio']",San Zeno,"['Verona Tour', 'Museo Lapidario', 'Museo Miniscalchi', 'Sighseeing', 'Museo Radio']",Santa Anastasia,strategy_nearest,False,0.0023050308227539062,success
04E21D3A9C4C84,0,['Arena'],Casa Giulietta,"['Centro Fotografia', 'Sighseeing', 'Torre Lamberti', 'Museo Conte', 'Museo Radio']",Duomo,strategy_nearest,False,0.0030007362365722656,success
04E220429C4C80,0,"['San Zeno', 'Castelvecchio', 'Torre Lamberti']",Casa Giulietta,"['Centro Fotografia', 'Sighseeing', 'Museo Conte', 'Museo Radio', 'Palazzo della Ragione']",Teatro Romano,strategy_nearest,False,0.0038073062896728516,success
04E22B4A9C4C80,3,"['Casa Giulietta', 'Torre Lamberti']",Arena,"['Verona Tour', 'Museo Lapidario', 'Museo Radio', 'San Fermo', 'Sighseeing']",Giardino Giusti,strategy_nearest,False,0.001986980438232422,success
04E22C3A9C4C80,0,['Casa Giulietta'],Giardino Giusti,"['Santa Anastasia', 'Teatro Romano', 'Museo Conte', 'Centro Fotografia', 'Museo Storia']",Castelvecchio,strategy_nearest,False,0.0052568912506103516,success
04E222429C4C80,0,['Arena'],Casa Giulietta,"['Centro Fotografia', 'Sighseeing', 'Torre Lamberti', 'Museo Conte', 'Museo Radio']",Santa Anastasia,strategy_nearest,False,0.004364967346191406,success
04E223429C4C80,3,"['Arena', 'Casa Giulietta', 'Santa Anastasia']",San Zeno,"['Castelvecchio', 'Verona Tour', 'Museo Lapidario', 'Museo Miniscalchi', 'Sighseeing']",Castelvecchio,strategy_nearest,True,0.009373188018798828,success
04E22D429C4C80,2,"['Duomo', 'Santa Anastasia', 'Casa Giulietta', 'Museo Lapidario']",Castelvecchio,"['Verona Tour', 'Arena', 'Museo Radio', 'San Zeno', 'Sighseeing']",San Zeno,strategy_nearest,True,0.007570981979370117,success
04E2563A9C4C80,1,"['Castelvecchio', 'Casa Giulietta']",Arena,"['Verona Tour', 'Museo Lapidario', 'Museo Radio', 'San Fermo', 'Sighseeing']",Torre Lamberti,strategy_nearest,False,0.002993345260620117,success
04E24E429C4C80,3,"['Castelvecchio', 'Arena']",Casa Giulietta,"['Centro Fotografia', 'Sighseeing', 'Torre Lamberti', 'Museo Conte', 'Museo Radio']",Torre Lamberti,strategy_nearest,True,0.006167888641357422,success
04E24D429C4C80,1,"['Casa Giulietta', 'Torre Lamberti', 'Palazzo della Ragione']",Arena,"['Verona Tour', 'Museo Lapidario', 'Museo Radio', 'San Fermo', 'Sighseeing']",Castelvecchio,strategy_nearest,False,0.004141092300415039,success
04E261429C4C80,0,['Arena'],Museo Lapidario,"['Verona Tour', 'Castelvecchio', 'Museo Radio', 'San Fermo', 'Casa Giulietta']",Santa Anastasia,strategy_nearest,False,0.0036890506744384766,success
04E273429C4C80,3,['Arena'],Casa Giulietta,"['Centro Fotografia', 'Sighseeing', 'Torre Lamberti', 'Museo Conte', 'Museo Radio']",Duomo,strategy_nearest,False,0.0017757415771484375,success
04E278429C4C80,3,"['Arena', 'Casa Giulietta']",Torre Lamberti,"['Sighseeing', 'Centro Fotografia', 'Museo Conte', 'Palazzo della Ragione', 'AMO']",Santa Anastasia,strategy_nearest,False,0.0035409927368164062,success
04E272429C4C80,3,"['Arena', 'Casa Giulietta', 'San Fermo']",Torre Lamberti,"['Sighseeing', 'Centro Fotografia', 'Museo Conte', 'Palazzo della Ragione', 'AMO']",Santa Anastasia,strategy_nearest,False,0.003696918487548828,success
04E276429C4C80,3,"['Arena', 'Casa Giulietta']",Tomba Giulietta,"['San Fermo', 'Museo Storia', 'Museo Lapidario', 'Museo Radio', 'Verona Tour']",Torre Lamberti,strategy_nearest,False,0.002223968505859375,success
04E2864A9C4C80,3,"['Arena', 'Casa Giulietta']",Torre Lamberti,"['Sighseeing', 'Centro Fotografia', 'Museo Conte', 'Palazzo della Ragione', 'AMO']",Santa Anastasia,strategy_nearest,False,0.0029888153076171875,success
04E2824A9C4C80,0,['Arena'],Casa Giulietta,"['Centro Fotografia', 'Sighseeing', 'Torre Lamberti', 'Museo Conte', 'Museo Radio']",Casa Giulietta,strategy_nearest,False,0.0024340152740478516,success
04E286429C4C80,1,['Arena'],Palazzo della Ragione,"['AMO', 'Museo Conte', 'Torre Lamberti', 'Centro Fotografia', 'Sighseeing']",Duomo,strategy_nearest,False,0.0023648738861083984,success
04E28A429C4C80,1,"['Arena', 'Museo Lapidario', 'Castelvecchio', 'Palazzo della Ragione']",Casa Giulietta,"['Centro Fotografia', 'Sighseeing', 'Torre Lamberti', 'Museo Conte', 'Museo Radio']",Santa Anastasia,strategy_nearest,False,0.0031197071075439453,success
04E29E4A9C4C80,0,['Arena'],Casa Giulietta,"['Centro Fotografia', 'Sighseeing', 'Torre Lamberti', 'Museo Conte', 'Museo Radio']",Tomba Giulietta,strategy_nearest,False,0.0035178661346435547,success
04E295429C4C80,1,"['Arena', 'Teatro Romano']",Torre Lamberti,"['Sighseeing', 'Centro Fotografia', 'Museo Conte', 'Casa Giulietta', 'Palazzo della Ragione']",Palazzo della Ragione,strategy_nearest,True,0.002344846725463867,success
04E29D4A9C4C80,1,['Arena'],Casa Giulietta,"['Centro Fotografia', 'Sighseeing', 'Torre Lamberti', 'Museo Conte', 'Museo Radio']",Palazzo della Ragione,strategy_nearest,False,0.0030367374420166016,success
04E28E4A9C4C80,3,"['Arena', 'Casa Giulietta', 'Torre Lamberti']",Santa Anastasia,"['AMO', 'Museo Conte', 'Palazzo della Ragione', 'Teatro Romano', 'Centro Fotografia']",Teatro Romano,strategy_nearest,True,0.003224611282348633,success
04E2B13A9C4C80,1,['Arena'],Casa Giulietta,"['Centro Fotografia', 'Sighseeing', 'Torre Lamberti', 'Museo Conte', 'Museo Radio']",Torre Lamberti,strategy_nearest,True,0.002106189727783203,success
04E2A74A9C4C80,3,"['Arena', 'Casa Giulietta', 'San Zeno']",Castelvecchio,"['Museo Lapidario', 'Verona Tour', 'Museo Radio', 'Sighseeing', 'Museo Miniscalchi']",Torre Lamberti,strategy_nearest,False,0.003513813018798828,success
04E2AA429C4C80,0,['Duomo'],Arena,"['Verona Tour', 'Museo Lapidario', 'Museo Radio', 'San Fermo', 'Casa Giulietta']",San Zeno,strategy_nearest,False,0.0016210079193115234,success
04E2A24A9C4C80,3,"['San Zeno', 'Arena']",Casa Giulietta,"['Centro Fotografia', 'Sighseeing', 'Torre Lamberti', 'Museo Conte', 'Museo Radio']",Torre Lamberti,strategy_nearest,True,0.002953052520751953,success
04E2BF3A9C4C80,0,"['Castelvecchio', 'Arena']",Casa Giulietta,"['Centro Fotografia', 'Sighseeing', 'Torre Lamberti', 'Museo Conte', 'Museo Radio']",Teatro Romano,strategy_nearest,False,0.0020117759704589844,success
04E2C6429C4C80,0,['Casa Giulietta'],Arena,"['Verona Tour', 'Museo Lapidario', 'Museo Radio', 'San Fermo', 'Sighseeing']",Torre Lamberti,strategy_nearest,False,0.0025641918182373047,success
04E2B3429C4C80,0,['Santa Anastasia'],Casa Giulietta,"['Centro Fotografia', 'Sighseeing', 'Torre Lamberti', 'Museo Conte', 'Museo Radio']",Arena,strategy_nearest,False,0.0020449161529541016,success
04E2C73A9C4C80,0,['Arena'],Casa Giulietta,"['Centro Fotografia', 'Sighseeing', 'Torre Lamberti', 'Museo Conte', 'Museo Radio']",Torre Lamberti,strategy_nearest,True,0.0033321380615234375,success
04E2CA429C4C80,0,['Tomba Giulietta'],Arena,"['Verona Tour', 'Museo Lapidario', 'Museo Radio', 'San Fermo', 'Casa Giulietta']",Casa Giulietta,strategy_nearest,True,0.001789093017578125,success
04E2DE3A9C4C80,0,['Arena'],Casa Giulietta,"['Centro Fotografia', 'Sighseeing', 'Torre Lamberti', 'Museo Conte', 'Museo Radio']",Santa Anastasia,strategy_nearest,False,0.0031890869140625,success
04E2C83A9C4C80,3,"['Duomo', 'Arena']",Casa Giulietta,"['Centro Fotografia', 'Sighseeing', 'Torre Lamberti', 'Museo Conte', 'Museo Radio']",Santa Anastasia,strategy_nearest,False,0.003484010696411133,success
04E2FD3A9C4C80,3,"['Casa Giulietta', 'Arena']",Castelvecchio,"['Museo Lapidario', 'Verona Tour', 'Museo Radio', 'San Zeno', 'Sighseeing']",Santa Anastasia,strategy_nearest,False,0.002640962600708008,success
04E2FE3A9C4C80,1,['Arena'],Palazzo della Ragione,"['AMO', 'Museo Conte', 'Torre Lamberti', 'Centro Fotografia', 'Sighseeing']",Casa Giulietta,strategy_nearest,False,0.002012014389038086,success
04E2F4429C4C80,2,"['San Zeno', 'Castelvecchio', 'Casa Giulietta']",Torre Lamberti,"['Sighseeing', 'Centro Fotografia', 'Museo Conte', 'Palazzo della Ragione', 'AMO']",Palazzo della Ragione,strategy_nearest,True,0.0040340423583984375,success
04E2F3429C4C80,3,"['Castelvecchio', 'Santa Anastasia']",Casa Giulietta,"['Centro Fotografia', 'Sighseeing', 'Torre Lamberti', 'Museo Conte', 'Museo Radio']",Arena,strategy_nearest,False,0.0022721290588378906,success
04E3003A9C4C84,0,['Arena'],Casa Giulietta,"['Centro Fotografia', 'Sighseeing', 'Torre Lamberti', 'Museo Conte', 'Museo Radio']",Santa Anastasia,strategy_nearest,False,0.002077817916870117,success
04E304429C4C84,3,"['Torre Lamberti', 'Santa Anastasia', 'Duomo']",Casa Giulietta,"['Centro Fotografia', 'Sighseeing', 'Museo Conte', 'Museo Radio', 'Palazzo della Ragione']",Teatro Romano,strategy_nearest,False,0.0021729469299316406,success
04E30B429C4C84,1,"['Arena', 'San Fermo']",Casa Giulietta,"['Centro Fotografia', 'Sighseeing', 'Torre Lamberti', 'Museo Conte', 'Museo Radio']",Torre Lamberti,strategy_nearest,True,0.0035538673400878906,success
04E3013A9C4C84,3,"['Teatro Romano', 'Duomo', 'Santa Anastasia']",Torre Lamberti,"['Sighseeing', 'Centro Fotografia', 'Museo Conte', 'Casa Giulietta', 'Palazzo della Ragione']",Arena,strategy_nearest,False,0.003662109375,success
04E31C3A9C4C80,3,"['Arena', 'Casa Giulietta']",Torre Lamberti,"['Sighseeing', 'Centro Fotografia', 'Museo Conte', 'Palazzo della Ragione', 'AMO']",Santa Anastasia,strategy_nearest,False,0.0021047592163085938,success
04E31B429C4C84,1,"['Torre Lamberti', 'Palazzo della Ragione']",Casa Giulietta,"['Centro Fotografia', 'Sighseeing', 'Museo Conte', 'Museo Radio', 'San Fermo']",San Fermo,strategy_nearest,True,0.003448963165283203,success
04E31E3A9C4C80,1,"['Arena', 'Casa Giulietta']",Torre Lamberti,"['Sighseeing', 'Centro Fotografia', 'Museo Conte', 'Palazzo della Ragione', 'AMO']",Palazzo della Ragione,strategy_nearest,True,0.003393888473510742,success
04E318429C4C84,1,['Arena'],Casa Giulietta,"['Centro Fotografia', 'Sighseeing', 'Torre Lamberti', 'Museo Conte', 'Museo Radio']",Palazzo della Ragione,strategy_nearest,False,0.0020742416381835938,success
04E3274A9C4C80,2,['Torre Lamberti'],San Fermo,"['Museo Storia', 'Museo Radio', 'Casa Giulietta', 'Centro Fotografia', 'Arena']",Duomo,strategy_nearest,False,0.002808809280395508,success
04E321429C4C84,0,['Arena'],Tomba Giulietta,"['San Fermo', 'Museo Storia', 'Museo Lapidario', 'Museo Radio', 'Verona Tour']",Teatro Romano,strategy_nearest,False,0.001893758773803711,success
04E33F3A9C4C80,3,"['Arena', 'Casa Giulietta']",Torre Lamberti,"['Sighseeing', 'Centro Fotografia', 'Museo Conte', 'Palazzo della Ragione', 'AMO']",Santa Anastasia,strategy_nearest,False,0.0027091503143310547,success
04E33E3A9C4C80,0,"['Casa Giulietta', 'Arena']",Museo Lapidario,"['Verona Tour', 'Castelvecchio', 'Museo Radio', 'San Fermo', 'Tomba Giulietta']",Castelvecchio,strategy_nearest,True,0.0033919811248779297,success
04E34F429C4C80,3,['Santa Anastasia'],Torre Lamberti,"['Sighseeing', 'Centro Fotografia', 'Museo Conte', 'Casa Giulietta', 'Palazzo della Ragione']",San Fermo,strategy_nearest,False,0.0019083023071289062,success
04E3413A9C4C80,3,"['Arena', 'San Fermo', 'Torre Lamberti']",Santa Anastasia,"['AMO', 'Museo Conte', 'Palazzo della Ragione', 'Teatro Romano', 'Centro Fotografia']",Duomo,strategy_nearest,False,0.004103183746337891,success
04E34E3A9C4C80,1,"['Arena', 'Casa Giulietta', 'Torre Lamberti', 'Palazzo della Ragione']",Santa Anastasia,"['AMO', 'Museo Conte', 'Teatro Romano', 'Centro Fotografia', 'Duomo']",Duomo,strategy_nearest,True,0.002096891403198242,success
04E357429C4C80,0,['Arena'],Torre Lamberti,"['Sighseeing', 'Centro Fotografia', 'Museo Conte', 'Casa Giulietta', 'Palazzo della Ragione']",Casa Giulietta,strategy_nearest,True,0.0033719539642333984,success
04E35B429C4C80,2,['Duomo'],Teatro Romano,"['Santa Anastasia', 'AMO', 'Palazzo della Ragione', 'Museo Conte', 'Centro Fotografia']",Casa Giulietta,strategy_nearest,False,0.0019378662109375,success
04E361429C4C80,0,['Arena'],Casa Giulietta,"['Centro Fotografia', 'Sighseeing', 'Torre Lamberti', 'Museo Conte', 'Museo Radio']",Torre Lamberti,strategy_nearest,True,0.0029251575469970703,success
04E36A429C4C80,4,"['Museo Radio', 'Arena', 'Casa Giulietta', 'Torre Lamberti']",Palazzo della Ragione,"['AMO', 'Museo Conte', 'Centro Fotografia', 'Sighseeing', 'Santa Anastasia']",Santa Anastasia,strategy_nearest,True,0.003299236297607422,success
04E362429C4C80,1,"['Arena', 'Museo Lapidario']",Castelvecchio,"['Verona Tour', 'Museo Radio', 'San Zeno', 'Sighseeing', 'Museo Miniscalchi']",San Zeno,strategy_nearest,True,0.0027861595153808594,success
04E3763A9C4C80,3,"['Casa Giulietta', 'Arena', 'San Fermo']",Castelvecchio,"['Museo Lapidario', 'Verona Tour', 'Museo Radio', 'San Zeno', 'Sighseeing']",San Zeno,strategy_nearest,True,0.002847909927368164,success
04E37D4A9C4C80,0,['Arena'],Casa Giulietta,"['Centro Fotografia', 'Sighseeing', 'Torre Lamberti', 'Museo Conte', 'Museo Radio']",Duomo,strategy_nearest,False,0.0034317970275878906,success
04E388429C4C80,2,['Casa Giulietta'],Santa Anastasia,"['AMO', 'Museo Conte', 'Palazzo della Ragione', 'Teatro Romano', 'Centro Fotografia']",Duomo,strategy_nearest,False,0.002680063247680664,success
04E384429C4C80,3,"['Castelvecchio', 'Arena']",Casa Giulietta,"['Centro Fotografia', 'Sighseeing', 'Torre Lamberti', 'Museo Conte', 'Museo Radio']",Teatro Romano,strategy_nearest,False,0.0022106170654296875,success
04E38B4A9C4C80,0,['Arena'],Casa Giulietta,"['Centro Fotografia', 'Sighseeing', 'Torre Lamberti', 'Museo Conte', 'Museo Radio']",Torre Lamberti,strategy_nearest,True,0.0022430419921875,success
04E3924A9C4C80,1,"['Arena', 'Casa Giulietta']",Torre Lamberti,"['Sighseeing', 'Centro Fotografia', 'Museo Conte', 'Palazzo della Ragione', 'AMO']",Palazzo della Ragione,strategy_nearest,True,0.0014348030090332031,success
04E38C4A9C4C80,3,['Arena'],Santa Anastasia,"['AMO', 'Museo Conte', 'Palazzo della Ragione', 'Teatro Romano', 'Centro Fotografia']",Duomo,strategy_nearest,False,0.0028939247131347656,success
04E3944A9C4C80,1,"['Arena', 'San Fermo']",Casa Giulietta,"['Centro Fotografia', 'Sighseeing', 'Torre Lamberti', 'Museo Conte', 'Museo Radio']",Torre Lamberti,strategy_nearest,True,0.0034019947052001953,success
04E3A1429C4C80,1,"['Arena', 'Casa Giulietta']",Torre Lamberti,"['Sighseeing', 'Centro Fotografia', 'Museo Conte', 'Palazzo della Ragione', 'AMO']",Palazzo della Ragione,strategy_nearest,True,0.0026607513427734375,success
04E39F4A9C4C80,1,"['Arena', 'Torre Lamberti']",Palazzo della Ragione,"['AMO', 'Museo Conte', 'Centro Fotografia', 'Sighseeing', 'Santa Anastasia']",Casa Giulietta,strategy_nearest,False,0.0034151077270507812,success
04E39D429C4C80,1,"['Arena', 'Torre Lamberti']",Palazzo della Ragione,"['AMO', 'Museo Conte', 'Centro Fotografia', 'Sighseeing', 'Santa Anastasia']",Casa Giulietta,strategy_nearest,False,0.0026650428771972656,success
04E3A64A9C4C80,3,['Teatro Romano'],Duomo,"['AMO', 'Museo Miniscalchi', 'Santa Anastasia', 'Palazzo della Ragione', 'Museo Conte']",Torre Lamberti,strategy_nearest,False,0.0033490657806396484,success
04E3A73A9C4C80,0,['Arena'],Museo Lapidario,"['Verona Tour', 'Castelvecchio', 'Museo Radio', 'San Fermo', 'Casa Giulietta']",Casa Giulietta,strategy_nearest,True,0.0022449493408203125,success
04E3A74A9C4C80,0,['Arena'],Casa Giulietta,"['Centro Fotografia', 'Sighseeing', 'Torre Lamberti', 'Museo Conte', 'Museo Radio']",Torre Lamberti,strategy_nearest,True,0.0026388168334960938,success
04E3A83A9C4C80,1,"['Castelvecchio', 'Arena']",Casa Giulietta,"['Centro Fotografia', 'Sighseeing', 'Torre Lamberti', 'Museo Conte', 'Museo Radio']",Palazzo della Ragione,strategy_nearest,False,0.0035719871520996094,success
04E3AB3A9C4C80,3,['Arena'],Casa Giulietta,"['Centro Fotografia', 'Sighseeing', 'Torre Lamberti', 'Museo Conte', 'Museo Radio']",Santa Anastasia,strategy_nearest,False,0.003084897994995117,success
04E3AA3A9C4C80,0,['Arena'],Casa Giulietta,"['Centro Fotografia', 'Sighseeing', 'Torre Lamberti', 'Museo Conte', 'Museo Radio']",Santa Anastasia,strategy_nearest,False,0.002835988998413086,success
04E3AF429C4C80,2,"['Castelvecchio', 'San Zeno']",Teatro Romano,"['Santa Anastasia', 'Duomo', 'AMO', 'Palazzo della Ragione', 'Museo Conte']",Duomo,strategy_nearest,True,0.0039958953857421875,success
04E3B0429C4C80,2,['Teatro Romano'],Santa Anastasia,"['AMO', 'Museo Conte', 'Palazzo della Ragione', 'Centro Fotografia', 'Duomo']",Casa Giulietta,strategy_nearest,False,0.002421855926513672,success
04E3B5429C4C80,2,['San Fermo'],Torre Lamberti,"['Sighseeing', 'Centro Fotografia', 'Museo Conte', 'Casa Giulietta', 'Palazzo della Ragione']",Castelvecchio,strategy_nearest,False,0.002681732177734375,success
04E3B63A9C4C80,0,['Arena'],Casa Giulietta,"['Centro Fotografia', 'Sighseeing', 'Torre Lamberti', 'Museo Conte', 'Museo Radio']",Teatro Romano,strategy_nearest,False,0.0032410621643066406,success
04E3BA3A9C4C80,2,['Palazzo della Ragione'],Torre Lamberti,"['Sighseeing', 'Centro Fotografia', 'Museo Conte', 'Casa Giulietta', 'AMO']",Santa Anastasia,strategy_nearest,False,0.003222942352294922,success
04E3BB429C4C80,2,"['Teatro Romano', 'Torre Lamberti']",Casa Giulietta,"['Centro Fotografia', 'Sighseeing', 'Museo Conte', 'Museo Radio', 'Palazzo della Ragione']",Castelvecchio,strategy_nearest,False,0.0018510818481445312,success
04E3C5429C4C80,3,"['Castelvecchio', 'Casa Giulietta']",Arena,"['Verona Tour', 'Museo Lapidario', 'Museo Radio', 'San Fermo', 'Sighseeing']",Santa Anastasia,strategy_nearest,False,0.002286672592163086,success
04E3BC3A9C4C80,0,['Arena'],Torre Lamberti,"['Sighseeing', 'Centro Fotografia', 'Museo Conte', 'Casa Giulietta', 'Palazzo della Ragione']",Casa Giulietta,strategy_nearest,True,0.004127979278564453,success
04E3CA429C4C80,0,['Arena'],San Zeno,"['Castelvecchio', 'Verona Tour', 'Museo Lapidario', 'Museo Miniscalchi', 'Sighseeing']",Casa Giulietta,strategy_nearest,False,0.0016667842864990234,success
04E3C73A9C4C80,3,"['Arena', 'San Fermo']",Santa Anastasia,"['AMO', 'Museo Conte', 'Palazzo della Ragione', 'Teatro Romano', 'Centro Fotografia']",Duomo,strategy_nearest,False,0.0033211708068847656,success
04E3CB3A9C4C80,0,"['Arena', 'Casa Giulietta']",Tomba Giulietta,"['San Fermo', 'Museo Storia', 'Museo Lapidario', 'Museo Radio', 'Verona Tour']",Museo Lapidario,strategy_nearest,True,0.003246784210205078,success
04E3CB429C4C80,3,"['Teatro Romano', 'Arena', 'Castelvecchio']",San Zeno,"['Verona Tour', 'Museo Lapidario', 'Museo Miniscalchi', 'Sighseeing', 'Museo Radio']",Duomo,strategy_nearest,False,0.0029070377349853516,success
04E3E33A9C4C80,1,"['Arena', 'Casa Giulietta', 'Torre Lamberti']",Palazzo della Ragione,"['AMO', 'Museo Conte', 'Centro Fotografia', 'Sighseeing', 'Santa Anastasia']",Santa Anastasia,strategy_nearest,True,0.0023698806762695312,success
04E3D63A9C4C80,0,['Arena'],Casa Giulietta,"['Centro Fotografia', 'Sighseeing', 'Torre Lamberti', 'Museo Conte', 'Museo Radio']",Teatro Romano,strategy_nearest,False,0.0038208961486816406,success
04E3CC3A9C4C80,3,"['Arena', 'Casa Giulietta']",Torre Lamberti,"['Sighseeing', 'Centro Fotografia', 'Museo Conte', 'Palazzo della Ragione', 'AMO']",Santa Anastasia,strategy_nearest,False,0.0027420520782470703,success
04E3EE3A9C4C80,3,"['Duomo', 'Santa Anastasia']",Casa Giulietta,"['Centro Fotografia', 'Sighseeing', 'Torre Lamberti', 'Museo Conte', 'Museo Radio']",Arena,strategy_nearest,False,0.0010797977447509766,success
04E40A429C4C84,2,['Casa Giulietta'],Santa Anastasia,"['AMO', 'Museo Conte', 'Palazzo della Ragione', 'Teatro Romano', 'Centro Fotografia']",Duomo,strategy_nearest,False,0.002067089080810547,success
04E4A74A9C4C80,2,"['Castelvecchio', 'Torre Lamberti']",Santa Anastasia,"['AMO', 'Museo Conte', 'Palazzo della Ragione', 'Teatro Romano', 'Centro Fotografia']",Duomo,strategy_nearest,False,0.002597332000732422,success
04E3F63A9C4C80,1,"['Casa Giulietta', 'Arena']",Torre Lamberti,"['Sighseeing', 'Centro Fotografia', 'Museo Conte', 'Palazzo della Ragione', 'AMO']",Palazzo della Ragione,strategy_nearest,True,0.0034902095794677734,success
04E5163A9C4C80,0,['Arena'],Casa Giulietta,"['Centro Fotografia', 'Sighseeing', 'Torre Lamberti', 'Museo Conte', 'Museo Radio']",Torre Lamberti,strategy_nearest,True,0.002145051956176758,success
04E514429C4C84,0,"['Casa Giulietta', 'Tomba Giulietta']",Teatro Romano,"['Santa Anastasia', 'Duomo', 'AMO', 'Palazzo della Ragione', 'Museo Conte']",Duomo,strategy_nearest,True,0.003381967544555664,success
04E516429C4C84,3,['Arena'],Casa Giulietta,"['Centro Fotografia', 'Sighseeing', 'Torre Lamberti', 'Museo Conte', 'Museo Radio']",Santa Anastasia,strategy_nearest,False,0.002529144287109375,success
04E518429C4C84,1,"['Arena', 'Casa Giulietta']",Torre Lamberti,"['Sighseeing', 'Centro Fotografia', 'Museo Conte', 'Palazzo della Ragione', 'AMO']",Palazzo della Ragione,strategy_nearest,True,0.0034027099609375,success
04E51B429C4C84,3,['Arena'],Casa Giulietta,"['Centro Fotografia', 'Sighseeing', 'Torre Lamberti', 'Museo Conte', 'Museo Radio']",Santa Anastasia,strategy_nearest,False,0.0028858184814453125,success
04E519429C4C84,3,"['Castelvecchio', 'Arena', 'San Fermo']",Casa Giulietta,"['Centro Fotografia', 'Sighseeing', 'Torre Lamberti', 'Museo Conte', 'Museo Radio']",Torre Lamberti,strategy_nearest,True,0.0019741058349609375,success
04E51C429C4C80,0,['Arena'],Casa Giulietta,"['Centro Fotografia', 'Sighseeing', 'Torre Lamberti', 'Museo Conte', 'Museo Radio']",Museo Lapidario,strategy_nearest,False,0.0037810802459716797,success
04E51D429C4C84,2,"['Castelvecchio', 'Giardino Giusti', 'Casa Giulietta']",San Fermo,"['Museo Storia', 'Museo Radio', 'Centro Fotografia', 'Arena', 'Sighseeing']",Torre Lamberti,strategy_nearest,False,0.0025892257690429688,success
04E525429C4C80,3,"['Castelvecchio', 'Casa Giulietta', 'Santa Anastasia']",Arena,"['Verona Tour', 'Museo Lapidario', 'Museo Radio', 'San Fermo', 'Sighseeing']",San Zeno,strategy_nearest,False,0.002844095230102539,success
04E52E3A9C4C80,3,['Casa Giulietta'],Arena,"['Verona Tour', 'Museo Lapidario', 'Museo Radio', 'San Fermo', 'Sighseeing']",Torre Lamberti,strategy_nearest,False,0.003467082977294922,success
04E5363A9C4C80,0,['Arena'],Santa Anastasia,"['AMO', 'Museo Conte', 'Palazzo della Ragione', 'Teatro Romano', 'Centro Fotografia']",Casa Giulietta,strategy_nearest,False,0.0028977394104003906,success
04E538429C4C80,3,"['Castelvecchio', 'Arena', 'Tomba Giulietta']",Torre Lamberti,"['Sighseeing', 'Centro Fotografia', 'Museo Conte', 'Casa Giulietta', 'Palazzo della Ragione']",Santa Anastasia,strategy_nearest,False,0.0019221305847167969,success
04E54D429C4C80,1,"['Teatro Romano', 'Santa Anastasia']",Arena,"['Verona Tour', 'Museo Lapidario', 'Museo Radio', 'San Fermo', 'Casa Giulietta']",Torre Lamberti,strategy_nearest,False,0.0025610923767089844,success
04E5643A9C4C80,3,"['Castelvecchio', 'Casa Giulietta', 'Arena']",Museo Lapidario,"['Verona Tour', 'Museo Radio', 'San Fermo', 'Tomba Giulietta', 'Sighseeing']",Torre Lamberti,strategy_nearest,False,0.0027282238006591797,success
04E5523A9C4C80,0,['Castelvecchio'],Arena,"['Verona Tour', 'Museo Lapidario', 'Museo Radio', 'San Fermo', 'Casa Giulietta']",Casa Giulietta,strategy_nearest,True,0.0028769969940185547,success
04E564429C4C80,3,"['Arena', 'Torre Lamberti']",Casa Giulietta,"['Centro Fotografia', 'Sighseeing', 'Museo Conte', 'Museo Radio', 'Palazzo della Ragione']",San Fermo,strategy_nearest,False,0.003374814987182617,success
04E5503A9C4C80,3,"['Arena', 'Casa Giulietta']",Santa Anastasia,"['AMO', 'Museo Conte', 'Palazzo della Ragione', 'Teatro Romano', 'Centro Fotografia']",Duomo,strategy_nearest,False,0.0028450489044189453,success
04E56C429C4C80,3,"['Arena', 'Santa Anastasia']",Duomo,"['AMO', 'Museo Miniscalchi', 'Teatro Romano', 'Palazzo della Ragione', 'Museo Conte']",Teatro Romano,strategy_nearest,True,0.0018029212951660156,success
04E573429C4C80,3,['Arena'],Santa Anastasia,"['AMO', 'Museo Conte', 'Palazzo della Ragione', 'Teatro Romano', 'Centro Fotografia']",Casa Giulietta,strategy_nearest,False,0.002084970474243164,success
04E568429C4C80,2,['Palazzo della Ragione'],Torre Lamberti,"['Sighseeing', 'Centro Fotografia', 'Museo Conte', 'Casa Giulietta', 'AMO']",Casa Giulietta,strategy_nearest,True,0.0035409927368164062,success
04E574429C4C80,0,['Arena'],Teatro Romano,"['Santa Anastasia', 'Duomo', 'AMO', 'Palazzo della Ragione', 'Museo Conte']",San Zeno,strategy_nearest,False,0.003358125686645508,success
04E5783A9C4C80,1,"['Arena', 'Casa Giulietta']",Palazzo della Ragione,"['AMO', 'Museo Conte', 'Torre Lamberti', 'Centro Fotografia', 'Sighseeing']",Torre Lamberti,strategy_nearest,True,0.003180980682373047,success
04E57C4A9C4C80,0,['Arena'],Casa Giulietta,"['Centro Fotografia', 'Sighseeing', 'Torre Lamberti', 'Museo Conte', 'Museo Radio']",Teatro Romano,strategy_nearest,False,0.0031061172485351562,success
04E5853A9C4C80,0,['Arena'],Duomo,"['AMO', 'Museo Miniscalchi', 'Santa Anastasia', 'Teatro Romano', 'Palazzo della Ragione']",Castelvecchio,strategy_nearest,False,0.003325939178466797,success
04E5834A9C4C80,1,['Arena'],Castelvecchio,"['Museo Lapidario', 'Verona Tour', 'Museo Radio', 'San Zeno', 'Sighseeing']",Torre Lamberti,strategy_nearest,False,0.0021429061889648438,success
04E58E429C4C80,0,"['Arena', 'Casa Giulietta']",Teatro Romano,"['Santa Anastasia', 'Duomo', 'AMO', 'Palazzo della Ragione', 'Museo Conte']",Castelvecchio,strategy_nearest,False,0.0020961761474609375,success
04E58F3A9C4C80,0,['Arena'],Santa Anastasia,"['AMO', 'Museo Conte', 'Palazzo della Ragione', 'Teatro Romano', 'Centro Fotografia']",Casa Giulietta,strategy_nearest,False,0.0014498233795166016,success
04E58B4A9C4C80,0,['Arena'],Casa Giulietta,"['Centro Fotografia', 'Sighseeing', 'Torre Lamberti', 'Museo Conte', 'Museo Radio']",Teatro Romano,strategy_nearest,False,0.003505229949951172,success
04E58C4A9C4C80,0,['Arena'],Casa Giulietta,"['Centro Fotografia', 'Sighseeing', 'Torre Lamberti', 'Museo Conte', 'Museo Radio']",Castelvecchio,strategy_nearest,False,0.0040547847747802734,success
04E5944A9C4C80,0,['Arena'],Casa Giulietta,"['Centro Fotografia', 'Sighseeing', 'Torre Lamberti', 'Museo Conte', 'Museo Radio']",Palazzo della Ragione,strategy_nearest,False,0.002199888229370117,success
04E5994A9C4C80,3,"['Arena', 'Casa Giulietta']",Torre Lamberti,"['Sighseeing', 'Centro Fotografia', 'Museo Conte', 'Palazzo della Ragione', 'AMO']",Santa Anastasia,strategy_nearest,False,0.0014960765838623047,success
04E597429C4C80,0,['Arena'],Castelvecchio,"['Museo Lapidario', 'Verona Tour', 'Museo Radio', 'San Zeno', 'Sighseeing']",Torre Lamberti,strategy_nearest,False,0.003473043441772461,success
04E59F429C4C80,1,['Arena'],Casa Giulietta,"['Centro Fotografia', 'Sighseeing', 'Torre Lamberti', 'Museo Conte', 'Museo Radio']",Torre Lamberti,strategy_nearest,True,0.0026590824127197266,success
04E5A1429C4C80,1,"['Arena', 'Casa Giulietta']",Torre Lamberti,"['Sighseeing', 'Centro Fotografia', 'Museo Conte', 'Palazzo della Ragione', 'AMO']",Palazzo della Ragione,strategy_nearest,True,0.00403904914855957,success
04E5AA429C4C80,0,['Casa Giulietta'],Teatro Romano,"['Santa Anastasia', 'Duomo', 'AMO', 'Palazzo della Ragione', 'Museo Conte']",Arena,strategy_nearest,False,0.0031342506408691406,success
04E5A93A9C4C80,2,['Casa Giulietta'],Museo Lapidario,"['Verona Tour', 'Arena', 'Castelvecchio', 'Museo Radio', 'San Fermo']",San Zeno,strategy_nearest,False,0.0019259452819824219,success
04E5A53A9C4C80,0,['Arena'],Casa Giulietta,"['Centro Fotografia', 'Sighseeing', 'Torre Lamberti', 'Museo Conte', 'Museo Radio']",Duomo,strategy_nearest,False,0.0013806819915771484,success
04E5BB3A9C4C80,3,"['San Zeno', 'Castelvecchio', 'Arena']",Casa Giulietta,"['Centro Fotografia', 'Sighseeing', 'Torre Lamberti', 'Museo Conte', 'Museo Radio']",Santa Anastasia,strategy_nearest,False,0.002203226089477539,success
04E5BC3A9C4C80,3,"['Arena', 'San Fermo']",Torre Lamberti,"['Sighseeing', 'Centro Fotografia', 'Museo Conte', 'Casa Giulietta', 'Palazzo della Ragione']",Santa Anastasia,strategy_nearest,False,0.0034189224243164062,success
04E5BA3A9C4C80,1,"['Arena', 'Castelvecchio']",Torre Lamberti,"['Sighseeing', 'Centro Fotografia', 'Museo Conte', 'Casa Giulietta', 'Palazzo della Ragione']",Palazzo della Ragione,strategy_nearest,True,0.0016148090362548828,success
04E5C23A9C4C80,3,"['San Fermo', 'Arena']",San Zeno,"['Castelvecchio', 'Verona Tour', 'Museo Lapidario', 'Museo Miniscalchi', 'Sighseeing']",Duomo,strategy_nearest,False,0.0026662349700927734,success
04E5C7429C4C80,0,['Arena'],Casa Giulietta,"['Centro Fotografia', 'Sighseeing', 'Torre Lamberti', 'Museo Conte', 'Museo Radio']",Torre Lamberti,strategy_nearest,True,0.00177001953125,success
04E5CA429C4C80,0,['Arena'],Casa Giulietta,"['Centro Fotografia', 'Sighseeing', 'Torre Lamberti', 'Museo Conte', 'Museo Radio']",Castelvecchio,strategy_nearest,False,0.0033981800079345703,success
04E5C93A9C4C80,3,['Arena'],Casa Giulietta,"['Centro Fotografia', 'Sighseeing', 'Torre Lamberti', 'Museo Conte', 'Museo Radio']",Torre Lamberti,strategy_nearest,True,0.0030770301818847656,success
04E5C83A9C4C80,0,['Castelvecchio'],Arena,"['Verona Tour', 'Museo Lapidario', 'Museo Radio', 'San Fermo', 'Casa Giulietta']",San Zeno,strategy_nearest,False,0.0023550987243652344,success
04E5D8429C4C80,0,"['Arena', 'Casa Giulietta']",Torre Lamberti,"['Sighseeing', 'Centro Fotografia', 'Museo Conte', 'Palazzo della Ragione', 'AMO']",Duomo,strategy_nearest,False,0.0031309127807617188,success
04E5DD3A9C4C80,0,['Arena'],San Fermo,"['Museo Storia', 'Museo Radio', 'Casa Giulietta', 'Centro Fotografia', 'Sighseeing']",Casa Giulietta,strategy_nearest,True,0.0016360282897949219,success
04E5E33A9C4C80,0,['Castelvecchio'],Casa Giulietta,"['Centro Fotografia', 'Sighseeing', 'Torre Lamberti', 'Museo Conte', 'Museo Radio']",Arena,strategy_nearest,False,0.002482175827026367,success
04E5E4429C4C80,0,"['Casa Giulietta', 'Torre Lamberti']",Castelvecchio,"['Museo Lapidario', 'Verona Tour', 'Arena', 'Museo Radio', 'San Zeno']",Arena,strategy_nearest,True,0.002625703811645508,success
04E5F43A9C4C80,0,['Arena'],Casa Giulietta,"['Centro Fotografia', 'Sighseeing', 'Torre Lamberti', 'Museo Conte', 'Museo Radio']",Duomo,strategy_nearest,False,0.0025551319122314453,success
04E5FD3A9C4C80,0,"['Museo Lapidario', 'Arena']",Castelvecchio,"['Verona Tour', 'Museo Radio', 'San Zeno', 'Sighseeing', 'Museo Miniscalchi']",Casa Giulietta,strategy_nearest,False,0.002315044403076172,success
04E6023A9C4C84,0,['Arena'],Casa Giulietta,"['Centro Fotografia', 'Sighseeing', 'Torre Lamberti', 'Museo Conte', 'Museo Radio']",San Fermo,strategy_nearest,False,0.0032057762145996094,success
04E606429C4C84,2,"['Castelvecchio', 'Torre Lamberti']",Santa Anastasia,"['AMO', 'Museo Conte', 'Palazzo della Ragione', 'Teatro Romano', 'Centro Fotografia']",Duomo,strategy_nearest,False,0.0023910999298095703,success
04E60D429C4C84,1,['Arena'],Teatro Romano,"['Santa Anastasia', 'Duomo', 'AMO', 'Palazzo della Ragione', 'Museo Conte']",Santa Anastasia,strategy_nearest,True,0.002765655517578125,success
04E6153A9C4C84,3,['Castelvecchio'],Arena,"['Verona Tour', 'Museo Lapidario', 'Museo Radio', 'San Fermo', 'Casa Giulietta']",Torre Lamberti,strategy_nearest,False,0.0034160614013671875,success
04E61C429C4C84,1,"['Arena', 'Tomba Giulietta', 'Torre Lamberti', 'Santa Anastasia']",Duomo,"['AMO', 'Museo Miniscalchi', 'Teatro Romano', 'Palazzo della Ragione', 'Museo Conte']",Casa Giulietta,strategy_nearest,False,0.0028443336486816406,success
04E61F429C4C84,3,"['Arena', 'Castelvecchio', 'Torre Lamberti', 'San Fermo']",Teatro Romano,"['Santa Anastasia', 'Duomo', 'AMO', 'Palazzo della Ragione', 'Museo Conte']",Duomo,strategy_nearest,True,0.00255584716796875,success
04E61D429C4C80,3,"['Arena', 'Casa Giulietta']",Duomo,"['AMO', 'Museo Miniscalchi', 'Santa Anastasia', 'Teatro Romano', 'Palazzo della Ragione']",Castelvecchio,strategy_nearest,False,0.003401041030883789,success
04E6374A9C4C80,3,"['Torre Lamberti', 'Casa Giulietta', 'Castelvecchio']",Tomba Giulietta,"['San Fermo', 'Museo Storia', 'Arena', 'Museo Lapidario', 'Museo Radio']",Arena,strategy_nearest,True,0.003846883773803711,success
04E659429C4C80,0,"['Arena', 'Casa Giulietta']",Torre Lamberti,"['Sighseeing', 'Centro Fotografia', 'Museo Conte', 'Palazzo della Ragione', 'AMO']",Castelvecchio,strategy_nearest,False,0.0024580955505371094,success
04E6553A9C4C80,3,"['Arena', 'Giardino Giusti', 'Casa Giulietta', 'Torre Lamberti']",Santa Anastasia,"['AMO', 'Museo Conte', 'Palazzo della Ragione', 'Teatro Romano', 'Centro Fotografia']",Duomo,strategy_nearest,False,0.0026092529296875,success
04E666429C4C80,1,"['Arena', 'Casa Giulietta']",Palazzo della Ragione,"['AMO', 'Museo Conte', 'Torre Lamberti', 'Centro Fotografia', 'Sighseeing']",Torre Lamberti,strategy_nearest,True,0.0031909942626953125,success
04E6673A9C4C80,3,"['Arena', 'Torre Lamberti']",Santa Anastasia,"['AMO', 'Museo Conte', 'Palazzo della Ragione', 'Teatro Romano', 'Centro Fotografia']",Teatro Romano,strategy_nearest,True,0.0024089813232421875,success
04E6743A9C4C80,0,['Tomba Giulietta'],Arena,"['Verona Tour', 'Museo Lapidario', 'Museo Radio', 'San Fermo', 'Casa Giulietta']",Casa Giulietta,strategy_nearest,True,0.0027098655700683594,success
04E66B429C4C80,0,"['Arena', 'Casa Giulietta']",Duomo,"['AMO', 'Museo Miniscalchi', 'Santa Anastasia', 'Teatro Romano', 'Palazzo della Ragione']",Tomba Giulietta,strategy_nearest,False,0.002835988998413086,success
04E674429C4C80,0,['Arena'],Casa Giulietta,"['Centro Fotografia', 'Sighseeing', 'Torre Lamberti', 'Museo Conte', 'Museo Radio']",Torre Lamberti,strategy_nearest,True,0.003298044204711914,success
04E6773A9C4C80,0,['Casa Giulietta'],Arena,"['Verona Tour', 'Museo Lapidario', 'Museo Radio', 'San Fermo', 'Sighseeing']",Torre Lamberti,strategy_nearest,False,0.0020520687103271484,success
04E67B4A9C4C80,3,"['Arena', 'San Zeno']",Casa Giulietta,"['Centro Fotografia', 'Sighseeing', 'Torre Lamberti', 'Museo Conte', 'Museo Radio']",Duomo,strategy_nearest,False,0.0027611255645751953,success
04E6834A9C4C80,0,['Arena'],Casa Giulietta,"['Centro Fotografia', 'Sighseeing', 'Torre Lamberti', 'Museo Conte', 'Museo Radio']",Duomo,strategy_nearest,False,0.003314971923828125,success
04E67C429C4C80,0,['Arena'],Torre Lamberti,"['Sighseeing', 'Centro Fotografia', 'Museo Conte', 'Casa Giulietta', 'Palazzo della Ragione']",Casa Giulietta,strategy_nearest,True,0.003314971923828125,success
04E6984A9C4C80,3,['Arena'],Torre Lamberti,"['Sighseeing', 'Centro Fotografia', 'Museo Conte', 'Casa Giulietta', 'Palazzo della Ragione']",Santa Anastasia,strategy_nearest,False,0.0014541149139404297,success
04E6924A9C4C80,3,['Arena'],Casa Giulietta,"['Centro Fotografia', 'Sighseeing', 'Torre Lamberti', 'Museo Conte', 'Museo Radio']",Santa Anastasia,strategy_nearest,False,0.003940105438232422,success
04E684429C4C80,1,"['Casa Giulietta', 'Palazzo della Ragione']",Arena,"['Verona Tour', 'Museo Lapidario', 'Museo Radio', 'San Fermo', 'Sighseeing']",San Fermo,strategy_nearest,True,0.003480672836303711,success
04E699429C4C80,1,"['Arena', 'Casa Giulietta']",Santa Anastasia,"['AMO', 'Museo Conte', 'Palazzo della Ragione', 'Teatro Romano', 'Centro Fotografia']",Duomo,strategy_nearest,False,0.00203704833984375,success
04E69C429C4C80,0,['Castelvecchio'],Arena,"['Verona Tour', 'Museo Lapidario', 'Museo Radio', 'San Fermo', 'Casa Giulietta']",Casa Giulietta,strategy_nearest,True,0.0016722679138183594,success
04E69B429C4C80,0,['Arena'],Torre Lamberti,"['Sighseeing', 'Centro Fotografia', 'Museo Conte', 'Casa Giulietta', 'Palazzo della Ragione']",Casa Giulietta,strategy_nearest,True,0.002307891845703125,success
04E69E429C4C80,1,['Arena'],Palazzo della Ragione,"['AMO', 'Museo Conte', 'Torre Lamberti', 'Centro Fotografia', 'Sighseeing']",Torre Lamberti,strategy_nearest,True,0.003425121307373047,success
04E69D429C4C80,2,['Casa Giulietta'],Torre Lamberti,"['Sighseeing', 'Centro Fotografia', 'Museo Conte', 'Palazzo della Ragione', 'AMO']",Santa Anastasia,strategy_nearest,False,0.0028829574584960938,success
04E6A73A9C4C80,1,"['Arena', 'Museo Lapidario', 'Castelvecchio']",Torre Lamberti,"['Sighseeing', 'Centro Fotografia', 'Museo Conte', 'Casa Giulietta', 'Palazzo della Ragione']",Palazzo della Ragione,strategy_nearest,True,0.002496004104614258,success
04E6A0429C4C80,2,"['Duomo', 'Santa Anastasia']",San Fermo,"['Museo Storia', 'Museo Radio', 'Casa Giulietta', 'Centro Fotografia', 'Arena']",Tomba Giulietta,strategy_nearest,False,0.001987934112548828,success
04E6A24A9C4C80,3,"['San Zeno', 'Arena']",Casa Giulietta,"['Centro Fotografia', 'Sighseeing', 'Torre Lamberti', 'Museo Conte', 'Museo Radio']",Santa Anastasia,strategy_nearest,False,0.002627134323120117,success
04E6A84A9C4C80,1,"['Arena', 'Casa Giulietta']",Duomo,"['AMO', 'Museo Miniscalchi', 'Santa Anastasia', 'Teatro Romano', 'Palazzo della Ragione']",San Zeno,strategy_nearest,False,0.003132343292236328,success
04E6A93A9C4C80,3,"['Arena', 'Casa Giulietta']",Torre Lamberti,"['Sighseeing', 'Centro Fotografia', 'Museo Conte', 'Palazzo della Ragione', 'AMO']",Santa Anastasia,strategy_nearest,False,0.002076864242553711,success
04E6BD429C4C80,1,"['Arena', 'Torre Lamberti']",Palazzo della Ragione,"['AMO', 'Museo Conte', 'Centro Fotografia', 'Sighseeing', 'Santa Anastasia']",Santa Anastasia,strategy_nearest,True,0.002695798873901367,success
04E6BF3A9C4C80,3,['Arena'],Duomo,"['AMO', 'Museo Miniscalchi', 'Santa Anastasia', 'Teatro Romano', 'Palazzo della Ragione']",Santa Anastasia,strategy_nearest,True,0.003194093704223633,success
04E6CC429C4C80,2,['Duomo'],San Zeno,"['Castelvecchio', 'Verona Tour', 'Museo Lapidario', 'Arena', 'Museo Miniscalchi']",Castelvecchio,strategy_nearest,True,0.0032057762145996094,success
04E6C1429C4C80,2,"['Casa Giulietta', 'Torre Lamberti']",Palazzo della Ragione,"['AMO', 'Museo Conte', 'Centro Fotografia', 'Sighseeing', 'Santa Anastasia']",Duomo,strategy_nearest,False,0.0027599334716796875,success
04E6C6429C4C80,3,"['Arena', 'Casa Giulietta']",Torre Lamberti,"['Sighseeing', 'Centro Fotografia', 'Museo Conte', 'Palazzo della Ragione', 'AMO']",Santa Anastasia,strategy_nearest,False,0.002023935317993164,success
04E6C73A9C4C80,2,"['Casa Giulietta', 'Santa Anastasia']",San Zeno,"['Castelvecchio', 'Verona Tour', 'Museo Lapidario', 'Arena', 'Museo Miniscalchi']",Torre Lamberti,strategy_nearest,False,0.0032761096954345703,success
04E6CF429C4C80,3,"['Casa Giulietta', 'Tomba Giulietta', 'Castelvecchio', 'San Fermo']",Arena,"['Verona Tour', 'Museo Lapidario', 'Museo Radio', 'Sighseeing', 'Torre Lamberti']",Duomo,strategy_nearest,False,0.0014522075653076172,success
04E6DC3A9C4C80,1,"['Arena', 'Torre Lamberti', 'Santa Anastasia', 'Duomo', 'Teatro Romano']",San Fermo,"['Museo Storia', 'Museo Radio', 'Casa Giulietta', 'Centro Fotografia', 'Sighseeing']",Museo Lapidario,strategy_nearest,False,0.001995086669921875,success
04E6D43A9C4C80,1,"['Tomba Giulietta', 'Arena', 'Casa Giulietta']",Torre Lamberti,"['Sighseeing', 'Centro Fotografia', 'Museo Conte', 'Palazzo della Ragione', 'AMO']",Palazzo della Ragione,strategy_nearest,True,0.0028281211853027344,success
04E6DF3A9C4C80,3,"['Arena', 'San Zeno']",Torre Lamberti,"['Sighseeing', 'Centro Fotografia', 'Museo Conte', 'Casa Giulietta', 'Palazzo della Ragione']",Santa Anastasia,strategy_nearest,False,0.003274202346801758,success
04E6F6429C4C80,3,"['Castelvecchio', 'San Zeno', 'Duomo', 'Santa Anastasia']",Torre Lamberti,"['Sighseeing', 'Centro Fotografia', 'Museo Conte', 'Casa Giulietta', 'Palazzo della Ragione']",Casa Giulietta,strategy_nearest,True,0.0022499561309814453,success
04E6F73A9C4C80,3,"['Arena', 'Santa Anastasia']",Teatro Romano,"['Duomo', 'AMO', 'Palazzo della Ragione', 'Museo Conte', 'Centro Fotografia']",Castelvecchio,strategy_nearest,False,0.0035071372985839844,success
04E6FE3A9C4C80,0,['Arena'],San Fermo,"['Museo Storia', 'Museo Radio', 'Casa Giulietta', 'Centro Fotografia', 'Sighseeing']",Duomo,strategy_nearest,False,0.002229928970336914,success
04E6FE429C4C80,2,['Torre Lamberti'],Palazzo della Ragione,"['AMO', 'Museo Conte', 'Centro Fotografia', 'Sighseeing', 'Santa Anastasia']",Teatro Romano,strategy_nearest,False,0.003130197525024414,success
04E717429C4C80,0,['Arena'],Casa Giulietta,"['Centro Fotografia', 'Sighseeing', 'Torre Lamberti', 'Museo Conte', 'Museo Radio']",Teatro Romano,strategy_nearest,False,0.00292205810546875,success
04E7193A9C4C80,3,"['Arena', 'Casa Giulietta']",Torre Lamberti,"['Sighseeing', 'Centro Fotografia', 'Museo Conte', 'Palazzo della Ragione', 'AMO']",Santa Anastasia,strategy_nearest,False,0.003216981887817383,success
04E71A3A9C4C80,1,"['Arena', 'Casa Giulietta']",Torre Lamberti,"['Sighseeing', 'Centro Fotografia', 'Museo Conte', 'Palazzo della Ragione', 'AMO']",Palazzo della Ragione,strategy_nearest,True,0.0017139911651611328,success
04E721429C4C80,1,"['Arena', 'Torre Lamberti', 'Santa Anastasia', 'Duomo']",Casa Giulietta,"['Centro Fotografia', 'Sighseeing', 'Museo Conte', 'Museo Radio', 'Palazzo della Ragione']",Castelvecchio,strategy_nearest,False,0.0033788681030273438,success
04E7243A9C4C80,1,"['Casa Giulietta', 'Tomba Giulietta']",Arena,"['Verona Tour', 'Museo Lapidario', 'Museo Radio', 'San Fermo', 'Sighseeing']",Palazzo della Ragione,strategy_nearest,False,0.003143310546875,success
04E72F3A9C4C80,2,['Torre Lamberti'],Castelvecchio,"['Museo Lapidario', 'Verona Tour', 'Arena', 'Museo Radio', 'San Zeno']",Teatro Romano,strategy_nearest,False,0.003159761428833008,success
04E724429C4C80,1,"['Arena', 'Torre Lamberti', 'Palazzo della Ragione', 'Casa Giulietta']",San Zeno,"['Castelvecchio', 'Verona Tour', 'Museo Lapidario', 'Museo Miniscalchi', 'Sighseeing']",Santa Anastasia,strategy_nearest,False,0.002608776092529297,success
04E72F429C4C80,0,['Arena'],Palazzo della Ragione,"['AMO', 'Museo Conte', 'Torre Lamberti', 'Centro Fotografia', 'Sighseeing']",Casa Giulietta,strategy_nearest,False,0.0024411678314208984,success
04E73A3A9C4C80,1,"['Torre Lamberti', 'Arena']",Casa Giulietta,"['Centro Fotografia', 'Sighseeing', 'Museo Conte', 'Museo Radio', 'Palazzo della Ragione']",Palazzo della Ragione,strategy_nearest,True,0.003020048141479492,success
04E742429C4C80,2,['Castelvecchio'],Museo Lapidario,"['Verona Tour', 'Arena', 'Museo Radio', 'San Fermo', 'Casa Giulietta']",Tomba Giulietta,strategy_nearest,False,0.0026290416717529297,success
04E7513A9C4C80,0,['Arena'],Casa Giulietta,"['Centro Fotografia', 'Sighseeing', 'Torre Lamberti', 'Museo Conte', 'Museo Radio']",Torre Lamberti,strategy_nearest,True,0.0034492015838623047,success
04E754429C4C80,0,"['Casa Giulietta', 'San Zeno']",Castelvecchio,"['Museo Lapidario', 'Verona Tour', 'Arena', 'Museo Radio', 'Sighseeing']",Arena,strategy_nearest,True,0.003155946731567383,success
04E7563A9C4C80,1,"['Castelvecchio', 'Arena']",Casa Giulietta,"['Centro Fotografia', 'Sighseeing', 'Torre Lamberti', 'Museo Conte', 'Museo Radio']",Torre Lamberti,strategy_nearest,True,0.002351045608520508,success
04E758429C4C80,3,"['Arena', 'San Fermo', 'Casa Giulietta']",Santa Anastasia,"['AMO', 'Museo Conte', 'Palazzo della Ragione', 'Teatro Romano', 'Centro Fotografia']",Duomo,strategy_nearest,False,0.002410888671875,success
04E75D429C4C80,2,['Palazzo della Ragione'],Torre Lamberti,"['Sighseeing', 'Centro Fotografia', 'Museo Conte', 'Casa Giulietta', 'AMO']",Tomba Giulietta,strategy_nearest,False,0.003200054168701172,success
04E76B429C4C80,3,"['Arena', 'Casa Giulietta']",Torre Lamberti,"['Sighseeing', 'Centro Fotografia', 'Museo Conte', 'Palazzo della Ragione', 'AMO']",Santa Anastasia,strategy_nearest,False,0.002792835235595703,success
04E7693A9C4C80,1,"['Arena', 'Castelvecchio', 'San Zeno']",Torre Lamberti,"['Sighseeing', 'Centro Fotografia', 'Museo Conte', 'Casa Giulietta', 'Palazzo della Ragione']",Palazzo della Ragione,strategy_nearest,True,0.003667116165161133,success
04E76E3A9C4C80,0,"['Arena', 'Castelvecchio']",Casa Giulietta,"['Centro Fotografia', 'Sighseeing', 'Torre Lamberti', 'Museo Conte', 'Museo Radio']",Museo Storia,strategy_nearest,False,0.0034990310668945312,success
04E770429C4C80,2,"['Castelvecchio', 'Casa Giulietta']",Palazzo della Ragione,"['AMO', 'Museo Conte', 'Torre Lamberti', 'Centro Fotografia', 'Sighseeing']",Torre Lamberti,strategy_nearest,True,0.002620220184326172,success
04E774429C4C80,3,['Arena'],Casa Giulietta,"['Centro Fotografia', 'Sighseeing', 'Torre Lamberti', 'Museo Conte', 'Museo Radio']",Santa Anastasia,strategy_nearest,False,0.002850770950317383,success
04E772429C4C80,0,['Casa Giulietta'],Castelvecchio,"['Museo Lapidario', 'Verona Tour', 'Arena', 'Museo Radio', 'San Zeno']",Arena,strategy_nearest,True,0.0034177303314208984,success
04E78B4A9C4C80,1,"['Castelvecchio', 'Museo Lapidario', 'San Zeno']",Torre Lamberti,"['Sighseeing', 'Centro Fotografia', 'Museo Conte', 'Casa Giulietta', 'Palazzo della Ragione']",Palazzo della Ragione,strategy_nearest,True,0.002003908157348633,success
04E7763A9C4C80,2,['Castelvecchio'],San Zeno,"['Verona Tour', 'Museo Lapidario', 'Arena', 'Museo Miniscalchi', 'Sighseeing']",San Fermo,strategy_nearest,False,0.003293275833129883,success
04E7903A9C4C80,0,['Arena'],Casa Giulietta,"['Centro Fotografia', 'Sighseeing', 'Torre Lamberti', 'Museo Conte', 'Museo Radio']",Duomo,strategy_nearest,False,0.0026428699493408203,success
04E7924A9C4C80,0,['Museo Lapidario'],Arena,"['Verona Tour', 'Museo Radio', 'San Fermo', 'Casa Giulietta', 'Sighseeing']",Casa Giulietta,strategy_nearest,True,0.0038137435913085938,success
04E79B4A9C4C80,3,"['Arena', 'Casa Giulietta']",Torre Lamberti,"['Sighseeing', 'Centro Fotografia', 'Museo Conte', 'Palazzo della Ragione', 'AMO']",Santa Anastasia,strategy_nearest,False,0.002624034881591797,success
04E7944A9C4C80,0,['Arena'],Santa Anastasia,"['AMO', 'Museo Conte', 'Palazzo della Ragione', 'Teatro Romano', 'Centro Fotografia']",Casa Giulietta,strategy_nearest,False,0.0024650096893310547,success
04E799429C4C80,3,"['Arena', 'Casa Giulietta']",Santa Anastasia,"['AMO', 'Museo Conte', 'Palazzo della Ragione', 'Teatro Romano', 'Centro Fotografia']",San Zeno,strategy_nearest,False,0.002918720245361328,success
04E7994A9C4C80,3,"['Arena', 'Tomba Giulietta', 'San Fermo']",Casa Giulietta,"['Centro Fotografia', 'Sighseeing', 'Torre Lamberti', 'Museo Conte', 'Museo Radio']",Torre Lamberti,strategy_nearest,True,0.0033097267150878906,success
04E7A0429C4C80,2,['Duomo'],Casa Giulietta,"['Centro Fotografia', 'Sighseeing', 'Torre Lamberti', 'Museo Conte', 'Museo Radio']",San Zeno,strategy_nearest,False,0.002756834030151367,success
04E7A5429C4C80,1,['Arena'],Palazzo della Ragione,"['AMO', 'Museo Conte', 'Torre Lamberti', 'Centro Fotografia', 'Sighseeing']",Torre Lamberti,strategy_nearest,True,0.003319978713989258,success
04E79E429C4C80,0,['Arena'],Duomo,"['AMO', 'Museo Miniscalchi', 'Santa Anastasia', 'Teatro Romano', 'Palazzo della Ragione']",Torre Lamberti,strategy_nearest,False,0.0015151500701904297,success
04E79F429C4C80,3,['Arena'],Casa Giulietta,"['Centro Fotografia', 'Sighseeing', 'Torre Lamberti', 'Museo Conte', 'Museo Radio']",Santa Anastasia,strategy_nearest,False,0.0022890567779541016,success
04E7A73A9C4C80,2,"['Casa Giulietta', 'Torre Lamberti']",Santa Anastasia,"['AMO', 'Museo Conte', 'Palazzo della Ragione', 'Teatro Romano', 'Centro Fotografia']",Castelvecchio,strategy_nearest,False,0.0015668869018554688,success
04E7B8429C4C80,0,['Arena'],Castelvecchio,"['Museo Lapidario', 'Verona Tour', 'Museo Radio', 'San Zeno', 'Sighseeing']",Santa Anastasia,strategy_nearest,False,0.0032987594604492188,success
04E7AF429C4C80,3,"['Teatro Romano', 'Duomo']",Santa Anastasia,"['AMO', 'Museo Conte', 'Palazzo della Ragione', 'Centro Fotografia', 'Torre Lamberti']",Arena,strategy_nearest,False,0.002132892608642578,success
04E7A8429C4C80,3,"['Arena', 'Museo Lapidario']",Castelvecchio,"['Verona Tour', 'Museo Radio', 'San Zeno', 'Sighseeing', 'Museo Miniscalchi']",Santa Anastasia,strategy_nearest,False,0.0028460025787353516,success
04E7C03A9C4C80,3,['Arena'],Castelvecchio,"['Museo Lapidario', 'Verona Tour', 'Museo Radio', 'San Zeno', 'Sighseeing']",Santa Anastasia,strategy_nearest,False,0.0023539066314697266,success
04E7C6429C4C80,3,"['Arena', 'Casa Giulietta']",Torre Lamberti,"['Sighseeing', 'Centro Fotografia', 'Museo Conte', 'Palazzo della Ragione', 'AMO']",Santa Anastasia,strategy_nearest,False,0.0016608238220214844,success
04E7CD3A9C4C80,3,"['Arena', 'Casa Giulietta']",Santa Anastasia,"['AMO', 'Museo Conte', 'Palazzo della Ragione', 'Teatro Romano', 'Centro Fotografia']",Duomo,strategy_nearest,False,0.003473997116088867,success
04E7D33A9C4C80,3,"['Teatro Romano', 'Casa Giulietta', 'Castelvecchio']",Tomba Giulietta,"['San Fermo', 'Museo Storia', 'Arena', 'Museo Lapidario', 'Museo Radio']",Arena,strategy_nearest,True,0.0026628971099853516,success
04E7DE3A9C4C80,0,['Arena'],Duomo,"['AMO', 'Museo Miniscalchi', 'Santa Anastasia', 'Teatro Romano', 'Palazzo della Ragione']",Casa Giulietta,strategy_nearest,False,0.0034291744232177734,success
04E8013A9C4C84,3,"['Castelvecchio', 'Arena']",Duomo,"['AMO', 'Museo Miniscalchi', 'Santa Anastasia', 'Teatro Romano', 'Palazzo della Ragione']",Santa Anastasia,strategy_nearest,True,0.0015361309051513672,success
04E7F53A9C4C80,0,['Casa Giulietta'],Teatro Romano,"['Santa Anastasia', 'Duomo', 'AMO', 'Palazzo della Ragione', 'Museo Conte']",Arena,strategy_nearest,False,0.0022161006927490234,success
04E814429C4C84,1,"['Arena', 'Museo Lapidario', 'Castelvecchio']",Torre Lamberti,"['Sighseeing', 'Centro Fotografia', 'Museo Conte', 'Casa Giulietta', 'Palazzo della Ragione']",Palazzo della Ragione,strategy_nearest,True,0.003253936767578125,success
04E8213A9C4C80,1,['Arena'],Casa Giulietta,"['Centro Fotografia', 'Sighseeing', 'Torre Lamberti', 'Museo Conte', 'Museo Radio']",Torre Lamberti,strategy_nearest,True,0.002747058868408203,success
04E82C3A9C4C80,3,"['Santa Anastasia', 'Torre Lamberti', 'Casa Giulietta']",Arena,"['Verona Tour', 'Museo Lapidario', 'Museo Radio', 'San Fermo', 'Sighseeing']",Duomo,strategy_nearest,False,0.0014388561248779297,success
04E8173A9C4C80,2,"['Castelvecchio', 'Palazzo della Ragione']",Santa Anastasia,"['AMO', 'Museo Conte', 'Teatro Romano', 'Centro Fotografia', 'Duomo']",Teatro Romano,strategy_nearest,True,0.0040607452392578125,success
04E8303A9C4C80,1,"['Palazzo della Ragione', 'Torre Lamberti']",Casa Giulietta,"['Centro Fotografia', 'Sighseeing', 'Museo Conte', 'Museo Radio', 'San Fermo']",Tomba Giulietta,strategy_nearest,False,0.002003908157348633,success
04E8364A9C4C80,2,"['Teatro Romano', 'Duomo']",Casa Giulietta,"['Centro Fotografia', 'Sighseeing', 'Torre Lamberti', 'Museo Conte', 'Museo Radio']",Castelvecchio,strategy_nearest,False,0.00273895263671875,success
04E834429C4C80,2,['San Zeno'],Castelvecchio,"['Museo Lapidario', 'Verona Tour', 'Arena', 'Museo Radio', 'Sighseeing']",Torre Lamberti,strategy_nearest,False,0.002043008804321289,success
04E8413A9C4C80,0,['Arena'],Torre Lamberti,"['Sighseeing', 'Centro Fotografia', 'Museo Conte', 'Casa Giulietta', 'Palazzo della Ragione']",Casa Giulietta,strategy_nearest,True,0.0026078224182128906,success
04E83C429C4C80,1,['Castelvecchio'],Arena,"['Verona Tour', 'Museo Lapidario', 'Museo Radio', 'San Fermo', 'Casa Giulietta']",Casa Giulietta,strategy_nearest,True,0.003426074981689453,success
04E84C429C4C80,3,"['Castelvecchio', 'Arena']",Casa Giulietta,"['Centro Fotografia', 'Sighseeing', 'Torre Lamberti', 'Museo Conte', 'Museo Radio']",Santa Anastasia,strategy_nearest,False,0.0025899410247802734,success
04E843429C4C80,0,['Arena'],Casa Giulietta,"['Centro Fotografia', 'Sighseeing', 'Torre Lamberti', 'Museo Conte', 'Museo Radio']",Castelvecchio,strategy_nearest,False,0.0047550201416015625,success
04E8493A9C4C80,0,['San Fermo'],Arena,"['Verona Tour', 'Museo Lapidario', 'Museo Radio', 'Casa Giulietta', 'Sighseeing']",Casa Giulietta,strategy_nearest,True,0.0026001930236816406,success
04E8483A9C4C80,3,"['Duomo', 'Arena', 'Castelvecchio']",Teatro Romano,"['Santa Anastasia', 'AMO', 'Palazzo della Ragione', 'Museo Conte', 'Centro Fotografia']",San Zeno,strategy_nearest,False,0.002009868621826172,success
04E852429C4C80,1,"['Castelvecchio', 'Arena', 'San Fermo']",Casa Giulietta,"['Centro Fotografia', 'Sighseeing', 'Torre Lamberti', 'Museo Conte', 'Museo Radio']",Teatro Romano,strategy_nearest,False,0.0017151832580566406,success
04E855429C4C80,1,['Arena'],Casa Giulietta,"['Centro Fotografia', 'Sighseeing', 'Torre Lamberti', 'Museo Conte', 'Museo Radio']",Palazzo della Ragione,strategy_nearest,False,0.002747058868408203,success
04E8543A9C4C80,0,['Torre Lamberti'],Casa Giulietta,"['Centro Fotografia', 'Sighseeing', 'Museo Conte', 'Museo Radio', 'Palazzo della Ragione']",Arena,strategy_nearest,False,0.0034003257751464844,success
04E863429C4C80,0,['Arena'],Casa Giulietta,"['Centro Fotografia', 'Sighseeing', 'Torre Lamberti', 'Museo Conte', 'Museo Radio']",Duomo,strategy_nearest,False,0.001850128173828125,success
04E86D429C4C80,2,['Palazzo della Ragione'],Torre Lamberti,"['Sighseeing', 'Centro Fotografia', 'Museo Conte', 'Casa Giulietta', 'AMO']",Teatro Romano,strategy_nearest,False,0.002789735794067383,success
04E874429C4C80,1,"['Arena', 'Casa Giulietta']",Palazzo della Ragione,"['AMO', 'Museo Conte', 'Torre Lamberti', 'Centro Fotografia', 'Sighseeing']",Torre Lamberti,strategy_nearest,True,0.004232883453369141,success
04E8793A9C4C80,3,['Arena'],Casa Giulietta,"['Centro Fotografia', 'Sighseeing', 'Torre Lamberti', 'Museo Conte', 'Museo Radio']",Torre Lamberti,strategy_nearest,True,0.0020961761474609375,success
04E8833A9C4C80,2,['Castelvecchio'],Santa Anastasia,"['AMO', 'Museo Conte', 'Palazzo della Ragione', 'Teatro Romano', 'Centro Fotografia']",Duomo,strategy_nearest,False,0.003238201141357422,success
04E875429C4C80,3,['Arena'],Torre Lamberti,"['Sighseeing', 'Centro Fotografia', 'Museo Conte', 'Casa Giulietta', 'Palazzo della Ragione']",Santa Anastasia,strategy_nearest,False,0.002123117446899414,success
04E895429C4C80,0,"['Teatro Romano', 'Arena']",Casa Giulietta,"['Centro Fotografia', 'Sighseeing', 'Torre Lamberti', 'Museo Conte', 'Museo Radio']",Duomo,strategy_nearest,False,0.001985788345336914,success
04E894429C4C80,3,"['Arena', 'Casa Giulietta']",Santa Anastasia,"['AMO', 'Museo Conte', 'Palazzo della Ragione', 'Teatro Romano', 'Centro Fotografia']",Duomo,strategy_nearest,False,0.003323078155517578,success
04E8924A9C4C80,0,['Arena'],Casa Giulietta,"['Centro Fotografia', 'Sighseeing', 'Torre Lamberti', 'Museo Conte', 'Museo Radio']",Santa Anastasia,strategy_nearest,False,0.003407001495361328,success
04E893429C4C80,0,['Arena'],Casa Giulietta,"['Centro Fotografia', 'Sighseeing', 'Torre Lamberti', 'Museo Conte', 'Museo Radio']",Torre Lamberti,strategy_nearest,True,0.0015790462493896484,success
04E89E429C4C80,0,['Tomba Giulietta'],Arena,"['Verona Tour', 'Museo Lapidario', 'Museo Radio', 'San Fermo', 'Casa Giulietta']",Casa Giulietta,strategy_nearest,True,0.001961231231689453,success
04E8954A9C4C80,1,"['San Fermo', 'Museo Storia', 'Tomba Giulietta']",Arena,"['Verona Tour', 'Museo Lapidario', 'Museo Radio', 'Casa Giulietta', 'Sighseeing']",Casa Giulietta,strategy_nearest,True,0.001583099365234375,success
04E896429C4C80,1,['Arena'],Casa Giulietta,"['Centro Fotografia', 'Sighseeing', 'Torre Lamberti', 'Museo Conte', 'Museo Radio']",Palazzo della Ragione,strategy_nearest,False,0.002732992172241211,success
04E89C429C4C80,1,"['Arena', 'Castelvecchio']",San Zeno,"['Verona Tour', 'Museo Lapidario', 'Museo Miniscalchi', 'Sighseeing', 'Museo Radio']",Torre Lamberti,strategy_nearest,False,0.003309011459350586,success
04E8A3429C4C80,1,['Arena'],Torre Lamberti,"['Sighseeing', 'Centro Fotografia', 'Museo Conte', 'Casa Giulietta', 'Palazzo della Ragione']",Palazzo della Ragione,strategy_nearest,True,0.0020711421966552734,success
04E8B1429C4C80,1,['Arena'],Torre Lamberti,"['Sighseeing', 'Centro Fotografia', 'Museo Conte', 'Casa Giulietta', 'Palazzo della Ragione']",Palazzo della Ragione,strategy_nearest,True,0.0013172626495361328,success
04E8A74A9C4C80,0,['Arena'],Casa Giulietta,"['Centro Fotografia', 'Sighseeing', 'Torre Lamberti', 'Museo Conte', 'Museo Radio']",Castelvecchio,strategy_nearest,False,0.002838134765625,success
04E8BD429C4C80,3,['Arena'],Casa Giulietta,"['Centro Fotografia', 'Sighseeing', 'Torre Lamberti', 'Museo Conte', 'Museo Radio']",Torre Lamberti,strategy_nearest,True,0.0034439563751220703,success
04E8C1429C4C80,0,['Arena'],Casa Giulietta,"['Centro Fotografia', 'Sighseeing', 'Torre Lamberti', 'Museo Conte', 'Museo Radio']",Duomo,strategy_nearest,False,0.0025479793548583984,success
04E8BF3A9C4C80,3,"['Arena', 'Casa Giulietta']",Santa Anastasia,"['AMO', 'Museo Conte', 'Palazzo della Ragione', 'Teatro Romano', 'Centro Fotografia']",Duomo,strategy_nearest,False,0.0020360946655273438,success
04E8BE3A9C4C80,0,['Castelvecchio'],Casa Giulietta,"['Centro Fotografia', 'Sighseeing', 'Torre Lamberti', 'Museo Conte', 'Museo Radio']",Arena,strategy_nearest,False,0.003998994827270508,success
04E8C6429C4C80,3,"['Arena', 'Casa Giulietta']",Torre Lamberti,"['Sighseeing', 'Centro Fotografia', 'Museo Conte', 'Palazzo della Ragione', 'AMO']",Santa Anastasia,strategy_nearest,False,0.001775979995727539,success
04E8C83A9C4C80,0,['Arena'],Casa Giulietta,"['Centro Fotografia', 'Sighseeing', 'Torre Lamberti', 'Museo Conte', 'Museo Radio']",Castelvecchio,strategy_nearest,False,0.0023627281188964844,success
04E8C5429C4C80,0,['Casa Giulietta'],Torre Lamberti,"['Sighseeing', 'Centro Fotografia', 'Museo Conte', 'Palazzo della Ragione', 'AMO']",Arena,strategy_nearest,False,0.0030181407928466797,success
04E8CF3A9C4C80,0,['Arena'],Torre Lamberti,"['Sighseeing', 'Centro Fotografia', 'Museo Conte', 'Casa Giulietta', 'Palazzo della Ragione']",Casa Giulietta,strategy_nearest,True,0.0028679370880126953,success
04E8D1BA7B3F80,2,"['Casa Giulietta', 'Teatro Romano']",Palazzo della Ragione,"['AMO', 'Museo Conte', 'Torre Lamberti', 'Centro Fotografia', 'Sighseeing']",Torre Lamberti,strategy_nearest,True,0.003306865692138672,success
04E8D03A9C4C80,2,['Teatro Romano'],Duomo,"['AMO', 'Museo Miniscalchi', 'Santa Anastasia', 'Palazzo della Ragione', 'Museo Conte']",Castelvecchio,strategy_nearest,False,0.002140045166015625,success
04E8D83A9C4C80,0,"['Arena', 'Casa Giulietta']",Castelvecchio,"['Museo Lapidario', 'Verona Tour', 'Museo Radio', 'San Zeno', 'Sighseeing']",Teatro Romano,strategy_nearest,False,0.0025777816772460938,success
04E8E93A9C4C80,3,"['Arena', 'San Zeno']",Tomba Giulietta,"['San Fermo', 'Museo Storia', 'Museo Lapidario', 'Museo Radio', 'Verona Tour']",San Fermo,strategy_nearest,True,0.002193927764892578,success
04E9003A9C4C84,0,"['Arena', 'Museo Lapidario']",Castelvecchio,"['Verona Tour', 'Museo Radio', 'San Zeno', 'Sighseeing', 'Museo Miniscalchi']",Casa Giulietta,strategy_nearest,False,0.002810955047607422,success
04E8FD429C4C80,3,"['Castelvecchio', 'Casa Giulietta']",Arena,"['Verona Tour', 'Museo Lapidario', 'Museo Radio', 'San Fermo', 'Sighseeing']",Torre Lamberti,strategy_nearest,False,0.0021779537200927734,success
04E903429C4C84,3,"['Arena', 'Castelvecchio']",Torre Lamberti,"['Sighseeing', 'Centro Fotografia', 'Museo Conte', 'Casa Giulietta', 'Palazzo della Ragione']",Santa Anastasia,strategy_nearest,False,0.0032351016998291016,success
04E918429C4C80,2,"['Castelvecchio', 'Museo Lapidario']",Palazzo della Ragione,"['AMO', 'Museo Conte', 'Torre Lamberti', 'Centro Fotografia', 'Sighseeing']",Casa Giulietta,strategy_nearest,False,0.004481077194213867,success
04E9223A9C4C80,1,"['Arena', 'Casa Giulietta']",Casa Giulietta,"['Centro Fotografia', 'Sighseeing', 'Torre Lamberti', 'Museo Conte', 'Museo Radio']",Torre Lamberti,strategy_nearest,True,0.004069805145263672,success
04E91D429C4C80,3,"['Arena', 'San Fermo']",Duomo,"['AMO', 'Museo Miniscalchi', 'Santa Anastasia', 'Teatro Romano', 'Palazzo della Ragione']",Santa Anastasia,strategy_nearest,True,0.0015978813171386719,success
04E91B429C4C84,1,"['Casa Giulietta', 'Torre Lamberti']",Duomo,"['AMO', 'Museo Miniscalchi', 'Santa Anastasia', 'Teatro Romano', 'Palazzo della Ragione']",Castelvecchio,strategy_nearest,False,0.005179882049560547,success
04E92B3A9C4C80,1,"['Casa Giulietta', 'Arena', 'Torre Lamberti', 'Palazzo della Ragione', 'Santa Anastasia']",Duomo,"['AMO', 'Museo Miniscalchi', 'Teatro Romano', 'Museo Conte', 'Centro Fotografia']",Teatro Romano,strategy_nearest,True,0.004561185836791992,success
04E92F3A9C4C80,2,['Torre Lamberti'],Castelvecchio,"['Museo Lapidario', 'Verona Tour', 'Arena', 'Museo Radio', 'San Zeno']",Casa Giulietta,strategy_nearest,False,0.007959842681884766,success
04E9353A9C4C80,0,"['Casa Giulietta', 'Torre Lamberti']",Castelvecchio,"['Museo Lapidario', 'Verona Tour', 'Arena', 'Museo Radio', 'San Zeno']",Arena,strategy_nearest,True,0.005291938781738281,success
04E935429C4C80,1,"['Arena', 'Torre Lamberti']",Torre Lamberti,"['Sighseeing', 'Centro Fotografia', 'Museo Conte', 'Casa Giulietta', 'Palazzo della Ragione']",Palazzo della Ragione,strategy_nearest,True,0.009406089782714844,success
04E950429C4C80,1,['Arena'],Torre Lamberti,"['Sighseeing', 'Centro Fotografia', 'Museo Conte', 'Casa Giulietta', 'Palazzo della Ragione']",Palazzo della Ragione,strategy_nearest,True,0.0028181076049804688,success
04E954429C4C80,1,"['Arena', 'Casa Giulietta']",Torre Lamberti,"['Sighseeing', 'Centro Fotografia', 'Museo Conte', 'Palazzo della Ragione', 'AMO']",Palazzo della Ragione,strategy_nearest,True,0.0071258544921875,success
04E958429C4C80,3,"['Arena', 'Casa Giulietta']",Santa Anastasia,"['AMO', 'Museo Conte', 'Palazzo della Ragione', 'Teatro Romano', 'Centro Fotografia']",Duomo,strategy_nearest,False,0.007541179656982422,success
04E95B3A9C4C80,3,"['Casa Giulietta', 'Santa Anastasia']",Torre Lamberti,"['Sighseeing', 'Centro Fotografia', 'Museo Conte', 'Palazzo della Ragione', 'AMO']",Arena,strategy_nearest,False,0.006188869476318359,success
04E95B429C4C80,1,"['Arena', 'Casa Giulietta']",Palazzo della Ragione,"['AMO', 'Museo Conte', 'Torre Lamberti', 'Centro Fotografia', 'Sighseeing']",Torre Lamberti,strategy_nearest,True,0.006223917007446289,success
04E95E429C4C80,0,['Arena'],Casa Giulietta,"['Centro Fotografia', 'Sighseeing', 'Torre Lamberti', 'Museo Conte', 'Museo Radio']",Santa Anastasia,strategy_nearest,False,0.006424903869628906,success
04E96F3A9C4C80,2,"['Casa Giulietta', 'Torre Lamberti', 'Santa Anastasia']",Teatro Romano,"['Duomo', 'AMO', 'Palazzo della Ragione', 'Museo Conte', 'Centro Fotografia']",Tomba Giulietta,strategy_nearest,False,0.0032269954681396484,success
04E96D429C4C80,0,['Arena'],Casa Giulietta,"['Centro Fotografia', 'Sighseeing', 'Torre Lamberti', 'Museo Conte', 'Museo Radio']",Santa Anastasia,strategy_nearest,False,0.002878904342651367,success
04E977429C4C80,0,['Arena'],Museo Lapidario,"['Verona Tour', 'Castelvecchio', 'Museo Radio', 'San Fermo', 'Casa Giulietta']",Castelvecchio,strategy_nearest,True,0.003945827484130859,success
04E963429C4C80,2,['Teatro Romano'],Duomo,"['AMO', 'Museo Miniscalchi', 'Santa Anastasia', 'Palazzo della Ragione', 'Museo Conte']",Casa Giulietta,strategy_nearest,False,0.0018379688262939453,success
04E9844A9C4C80,0,['Arena'],Castelvecchio,"['Museo Lapidario', 'Verona Tour', 'Museo Radio', 'San Zeno', 'Sighseeing']",Torre Lamberti,strategy_nearest,False,0.0017757415771484375,success
04E981429C4C80,3,"['Arena', 'San Fermo']",Torre Lamberti,"['Sighseeing', 'Centro Fotografia', 'Museo Conte', 'Casa Giulietta', 'Palazzo della Ragione']",Duomo,strategy_nearest,False,0.0028760433197021484,success
04E987429C4C80,1,['Arena'],Palazzo della Ragione,"['AMO', 'Museo Conte', 'Torre Lamberti', 'Centro Fotografia', 'Sighseeing']",Duomo,strategy_nearest,False,0.003804922103881836,success
04E9794A9C4C80,2,['Torre Lamberti'],Santa Anastasia,"['AMO', 'Museo Conte', 'Palazzo della Ragione', 'Teatro Romano', 'Centro Fotografia']",Duomo,strategy_nearest,False,0.003599882125854492,success
04E9974A9C4C80,3,"['Arena', 'Castelvecchio', 'Santa Anastasia']",Teatro Romano,"['Duomo', 'AMO', 'Palazzo della Ragione', 'Museo Conte', 'Centro Fotografia']",Torre Lamberti,strategy_nearest,False,0.0031099319458007812,success
04E997429C4C80,0,['Arena'],San Zeno,"['Castelvecchio', 'Verona Tour', 'Museo Lapidario', 'Museo Miniscalchi', 'Sighseeing']",Casa Giulietta,strategy_nearest,False,0.001947164535522461,success
04E98C4A9C4C80,1,"['Arena', 'Castelvecchio', 'Torre Lamberti']",Palazzo della Ragione,"['AMO', 'Museo Conte', 'Centro Fotografia', 'Sighseeing', 'Santa Anastasia']",Casa Giulietta,strategy_nearest,False,0.002866029739379883,success
04E996429C4C80,0,['Arena'],Casa Giulietta,"['Centro Fotografia', 'Sighseeing', 'Torre Lamberti', 'Museo Conte', 'Museo Radio']",Torre Lamberti,strategy_nearest,True,0.004313945770263672,success
04E999429C4C80,0,"['Arena', 'Casa Giulietta']",Castelvecchio,"['Museo Lapidario', 'Verona Tour', 'Museo Radio', 'San Zeno', 'Sighseeing']",Teatro Romano,strategy_nearest,False,0.0014431476593017578,success
04E9A0429C4C80,0,"['Arena', 'Casa Giulietta']",Torre Lamberti,"['Sighseeing', 'Centro Fotografia', 'Museo Conte', 'Palazzo della Ragione', 'AMO']",Teatro Romano,strategy_nearest,False,0.002730846405029297,success
04E9B6429C4C80,2,['Casa Giulietta'],Santa Anastasia,"['AMO', 'Museo Conte', 'Palazzo della Ragione', 'Teatro Romano', 'Centro Fotografia']",Duomo,strategy_nearest,False,0.003534078598022461,success
04E9AA3A9C4C80,2,"['Castelvecchio', 'Santa Anastasia']",Duomo,"['AMO', 'Museo Miniscalchi', 'Teatro Romano', 'Palazzo della Ragione', 'Museo Conte']",Casa Giulietta,strategy_nearest,False,0.003281116485595703,success
04E9BE429C4C80,3,"['Arena', 'Castelvecchio', 'San Zeno']",Teatro Romano,"['Santa Anastasia', 'Duomo', 'AMO', 'Palazzo della Ragione', 'Museo Conte']",Duomo,strategy_nearest,True,0.002579212188720703,success
04E9BC429C4C80,2,['Museo Lapidario'],Torre Lamberti,"['Sighseeing', 'Centro Fotografia', 'Museo Conte', 'Casa Giulietta', 'Palazzo della Ragione']",Castelvecchio,strategy_nearest,False,0.0035400390625,success
04E9C03A9C4C80,0,['Arena'],Torre Lamberti,"['Sighseeing', 'Centro Fotografia', 'Museo Conte', 'Casa Giulietta', 'Palazzo della Ragione']",Casa Giulietta,strategy_nearest,True,0.00426483154296875,success
04E9C2429C4C80,0,['Arena'],Duomo,"['AMO', 'Museo Miniscalchi', 'Santa Anastasia', 'Teatro Romano', 'Palazzo della Ragione']",Castelvecchio,strategy_nearest,False,0.003503084182739258,success
04E9CA429C4C80,1,"['Arena', 'Museo Lapidario']",Palazzo della Ragione,"['AMO', 'Museo Conte', 'Torre Lamberti', 'Centro Fotografia', 'Sighseeing']",Duomo,strategy_nearest,False,0.0031278133392333984,success
04E9CF3A9C4C80,1,['Arena'],Casa Giulietta,"['Centro Fotografia', 'Sighseeing', 'Torre Lamberti', 'Museo Conte', 'Museo Radio']",Palazzo della Ragione,strategy_nearest,False,0.0022628307342529297,success
04E9D03A9C4C80,0,['Teatro Romano'],Arena,"['Verona Tour', 'Museo Lapidario', 'Museo Radio', 'San Fermo', 'Casa Giulietta']",Casa Giulietta,strategy_nearest,True,0.003556966781616211,success
04E9D33A9C4C80,1,"['Arena', 'Torre Lamberti']",Palazzo della Ragione,"['AMO', 'Museo Conte', 'Centro Fotografia', 'Sighseeing', 'Santa Anastasia']",Santa Anastasia,strategy_nearest,True,0.004508256912231445,success
04E9D53A9C4C80,1,"['Castelvecchio', 'Arena']",Palazzo della Ragione,"['AMO', 'Museo Conte', 'Torre Lamberti', 'Centro Fotografia', 'Sighseeing']",Torre Lamberti,strategy_nearest,True,0.001600027084350586,success
04E9D43A9C4C80,2,['Palazzo della Ragione'],Castelvecchio,"['Museo Lapidario', 'Verona Tour', 'Arena', 'Museo Radio', 'San Zeno']",Museo Storia,strategy_nearest,False,0.0038008689880371094,success
04E9DC3A9C4C80,1,"['Arena', 'Casa Giulietta', 'Santa Anastasia', 'Teatro Romano']",Duomo,"['AMO', 'Museo Miniscalchi', 'Palazzo della Ragione', 'Museo Conte', 'Torre Lamberti']",Tomba Giulietta,strategy_nearest,False,0.002775907516479492,success
04E9DA429C4C80,1,"['Casa Giulietta', 'San Zeno', 'Castelvecchio', 'Arena', 'Santa Anastasia']",Duomo,"['AMO', 'Museo Miniscalchi', 'Teatro Romano', 'Palazzo della Ragione', 'Museo Conte']",San Fermo,strategy_nearest,False,0.003935813903808594,success
04E9E33A9C4C80,3,"['Casa Giulietta', 'Arena', 'Torre Lamberti', 'Museo Lapidario']",Castelvecchio,"['Verona Tour', 'Museo Radio', 'San Zeno', 'Sighseeing', 'Museo Miniscalchi']",San Zeno,strategy_nearest,True,0.0025031566619873047,success
04E9EC429C4C80,2,['Duomo'],Teatro Romano,"['Santa Anastasia', 'AMO', 'Palazzo della Ragione', 'Museo Conte', 'Centro Fotografia']",San Fermo,strategy_nearest,False,0.0030889511108398438,success
04E9F43A9C4C80,1,"['San Fermo', 'Torre Lamberti', 'Palazzo della Ragione']",Duomo,"['AMO', 'Museo Miniscalchi', 'Santa Anastasia', 'Teatro Romano', 'Museo Conte']",Santa Anastasia,strategy_nearest,True,0.0035169124603271484,success
04E9E83A9C4C80,3,"['Arena', 'Castelvecchio']",Torre Lamberti,"['Sighseeing', 'Centro Fotografia', 'Museo Conte', 'Casa Giulietta', 'Palazzo della Ragione']",Duomo,strategy_nearest,False,0.0032939910888671875,success
04E9F4429C4C80,1,"['Castelvecchio', 'Casa Giulietta', 'Torre Lamberti']",Palazzo della Ragione,"['AMO', 'Museo Conte', 'Centro Fotografia', 'Sighseeing', 'Santa Anastasia']",Arena,strategy_nearest,False,0.0018029212951660156,success
04E9F93A9C4C80,2,['Castelvecchio'],Torre Lamberti,"['Sighseeing', 'Centro Fotografia', 'Museo Conte', 'Casa Giulietta', 'Palazzo della Ragione']",Palazzo della Ragione,strategy_nearest,True,0.0022521018981933594,success
04E9F5429C4C80,2,['Casa Giulietta'],Santa Anastasia,"['AMO', 'Museo Conte', 'Palazzo della Ragione', 'Teatro Romano', 'Centro Fotografia']",Torre Lamberti,strategy_nearest,False,0.002974271774291992,success
04EA04429C4C84,3,"['Arena', 'Casa Giulietta']",San Fermo,"['Museo Storia', 'Museo Radio', 'Centro Fotografia', 'Sighseeing', 'Torre Lamberti']",Torre Lamberti,strategy_nearest,True,0.0033931732177734375,success
04EA0F429C4C84,0,['Arena'],Museo Lapidario,"['Verona Tour', 'Castelvecchio', 'Museo Radio', 'San Fermo', 'Casa Giulietta']",Casa Giulietta,strategy_nearest,True,0.001856088638305664,success
04EA153A9C4C84,2,"['Palazzo della Ragione', 'Torre Lamberti']",Santa Anastasia,"['AMO', 'Museo Conte', 'Teatro Romano', 'Centro Fotografia', 'Duomo']",Teatro Romano,strategy_nearest,True,0.0019681453704833984,success
04EA1B429C4C84,2,['Santa Anastasia'],San Zeno,"['Castelvecchio', 'Verona Tour', 'Museo Lapidario', 'Arena', 'Museo Miniscalchi']",Castelvecchio,strategy_nearest,True,0.002858877182006836,success
04EA213A9C4C80,0,['Castelvecchio'],Arena,"['Verona Tour', 'Museo Lapidario', 'Museo Radio', 'San Fermo', 'Casa Giulietta']",Casa Giulietta,strategy_nearest,True,0.002725839614868164,success
04EA31429C4C80,3,"['Arena', 'Tomba Giulietta']",Casa Giulietta,"['Centro Fotografia', 'Sighseeing', 'Torre Lamberti', 'Museo Conte', 'Museo Radio']",Torre Lamberti,strategy_nearest,True,0.0030317306518554688,success
04EA2C4A9C4C80,0,['Castelvecchio'],Duomo,"['AMO', 'Museo Miniscalchi', 'Santa Anastasia', 'Teatro Romano', 'Palazzo della Ragione']",Arena,strategy_nearest,False,0.0028429031372070312,success
04EA323A9C4C80,1,['Castelvecchio'],Arena,"['Verona Tour', 'Museo Lapidario', 'Museo Radio', 'San Fermo', 'Casa Giulietta']",Palazzo della Ragione,strategy_nearest,False,0.003412961959838867,success
04EA3D4A9C4C80,2,['Duomo'],San Zeno,"['Castelvecchio', 'Verona Tour', 'Museo Lapidario', 'Arena', 'Museo Miniscalchi']",Castelvecchio,strategy_nearest,True,0.002566099166870117,success
04EA4E429C4C80,1,['Palazzo della Ragione'],Torre Lamberti,"['Sighseeing', 'Centro Fotografia', 'Museo Conte', 'Casa Giulietta', 'AMO']",Teatro Romano,strategy_nearest,False,0.001989126205444336,success
04EA4A3A9C4C80,3,"['Teatro Romano', 'Santa Anastasia', 'Casa Giulietta']",Arena,"['Verona Tour', 'Museo Lapidario', 'Museo Radio', 'San Fermo', 'Sighseeing']",San Zeno,strategy_nearest,False,0.0030138492584228516,success
04EA50429C4C80,3,['Castelvecchio'],Arena,"['Verona Tour', 'Museo Lapidario', 'Museo Radio', 'San Fermo', 'Casa Giulietta']",Torre Lamberti,strategy_nearest,False,0.0028738975524902344,success
04EA563A9C4C80,1,"['Arena', 'Casa Giulietta', 'Torre Lamberti']",Palazzo della Ragione,"['AMO', 'Museo Conte', 'Centro Fotografia', 'Sighseeing', 'Santa Anastasia']",San Fermo,strategy_nearest,False,0.0035610198974609375,success
04EA6F3A9C4C80,2,['Palazzo della Ragione'],Torre Lamberti,"['Sighseeing', 'Centro Fotografia', 'Museo Conte', 'Casa Giulietta', 'AMO']",Teatro Romano,strategy_nearest,False,0.002162933349609375,success
04EA6F429C4C80,0,['Arena'],Casa Giulietta,"['Centro Fotografia', 'Sighseeing', 'Torre Lamberti', 'Museo Conte', 'Museo Radio']",Torre Lamberti,strategy_nearest,True,0.0026428699493408203,success
04EA753A9C4C80,0,"['Casa Giulietta', 'Teatro Romano']",Duomo,"['AMO', 'Museo Miniscalchi', 'Santa Anastasia', 'Palazzo della Ragione', 'Museo Conte']",Castelvecchio,strategy_nearest,False,0.005791902542114258,success
04EA73429C4C80,0,['Arena'],Casa Giulietta,"['Centro Fotografia', 'Sighseeing', 'Torre Lamberti', 'Museo Conte', 'Museo Radio']",Torre Lamberti,strategy_nearest,True,0.0045168399810791016,success
04EA75429C4C80,0,"['Castelvecchio', 'Arena']",Torre Lamberti,"['Sighseeing', 'Centro Fotografia', 'Museo Conte', 'Casa Giulietta', 'Palazzo della Ragione']",Casa Giulietta,strategy_nearest,True,0.003953218460083008,success
04EA80429C4C80,3,"['Arena', 'San Fermo', 'Casa Giulietta', 'Torre Lamberti']",Tomba Giulietta,"['Museo Storia', 'Museo Lapidario', 'Museo Radio', 'Verona Tour', 'Castelvecchio']",Museo Lapidario,strategy_nearest,True,0.0038378238677978516,success
04EA77429C4C80,1,['Casa Giulietta'],Palazzo della Ragione,"['AMO', 'Museo Conte', 'Torre Lamberti', 'Centro Fotografia', 'Sighseeing']",Arena,strategy_nearest,False,0.003901958465576172,success
04EA87429C4C80,1,['Casa Giulietta'],Palazzo della Ragione,"['AMO', 'Museo Conte', 'Torre Lamberti', 'Centro Fotografia', 'Sighseeing']",Arena,strategy_nearest,False,0.006241798400878906,success
04EA8C4A9C4C80,1,"['Arena', 'Casa Giulietta']",Torre Lamberti,"['Sighseeing', 'Centro Fotografia', 'Museo Conte', 'Palazzo della Ragione', 'AMO']",Palazzo della Ragione,strategy_nearest,True,0.003233194351196289,success
04EA8F3A9C4C80,3,"['Arena', 'Casa Giulietta']",Torre Lamberti,"['Sighseeing', 'Centro Fotografia', 'Museo Conte', 'Palazzo della Ragione', 'AMO']",Torre Lamberti,strategy_nearest,False,0.0019042491912841797,success
04EA904A9C4C80,1,"['Arena', 'Casa Giulietta']",Torre Lamberti,"['Sighseeing', 'Centro Fotografia', 'Museo Conte', 'Palazzo della Ragione', 'AMO']",Palazzo della Ragione,strategy_nearest,True,0.0035200119018554688,success
04EA903A9C4C80,3,"['Arena', 'Casa Giulietta']",Torre Lamberti,"['Sighseeing', 'Centro Fotografia', 'Museo Conte', 'Palazzo della Ragione', 'AMO']",Santa Anastasia,strategy_nearest,False,0.0027818679809570312,success
04EA914A9C4C80,0,['Arena'],Casa Giulietta,"['Centro Fotografia', 'Sighseeing', 'Torre Lamberti', 'Museo Conte', 'Museo Radio']",Santa Anastasia,strategy_nearest,False,0.0030150413513183594,success
04EA944A9C4C80,1,"['San Fermo', 'Museo Storia', 'Tomba Giulietta']",Arena,"['Verona Tour', 'Museo Lapidario', 'Museo Radio', 'Casa Giulietta', 'Sighseeing']",Casa Giulietta,strategy_nearest,True,0.0021851062774658203,success
04EA95429C4C80,3,['Arena'],Casa Giulietta,"['Centro Fotografia', 'Sighseeing', 'Torre Lamberti', 'Museo Conte', 'Museo Radio']",Santa Anastasia,strategy_nearest,False,0.0027649402618408203,success
04EA96429C4C80,3,"['Arena', 'Castelvecchio']",Duomo,"['AMO', 'Museo Miniscalchi', 'Santa Anastasia', 'Teatro Romano', 'Palazzo della Ragione']",Santa Anastasia,strategy_nearest,True,0.003287076950073242,success
04EA94429C4C80,1,"['Arena', 'Casa Giulietta', 'Torre Lamberti']",Palazzo della Ragione,"['AMO', 'Museo Conte', 'Centro Fotografia', 'Sighseeing', 'Santa Anastasia']",Duomo,strategy_nearest,False,0.0045659542083740234,success
04EA97429C4C80,0,['Arena'],Torre Lamberti,"['Sighseeing', 'Centro Fotografia', 'Museo Conte', 'Casa Giulietta', 'Palazzo della Ragione']",Teatro Romano,strategy_nearest,False,0.0018041133880615234,success
04EA98429C4C80,3,['Arena'],Casa Giulietta,"['Centro Fotografia', 'Sighseeing', 'Torre Lamberti', 'Museo Conte', 'Museo Radio']",Santa Anastasia,strategy_nearest,False,0.0031328201293945312,success
04EA9F429C4C80,1,"['Arena', 'San Fermo', 'Casa Giulietta']",Torre Lamberti,"['Sighseeing', 'Centro Fotografia', 'Museo Conte', 'Palazzo della Ragione', 'AMO']",Palazzo della Ragione,strategy_nearest,True,0.003437042236328125,success
04EA99429C4C80,0,['Arena'],Casa Giulietta,"['Centro Fotografia', 'Sighseeing', 'Torre Lamberti', 'Museo Conte', 'Museo Radio']",Torre Lamberti,strategy_nearest,True,0.0023229122161865234,success
04EAA5429C4C80,0,['Arena'],Casa Giulietta,"['Centro Fotografia', 'Sighseeing', 'Torre Lamberti', 'Museo Conte', 'Museo Radio']",Castelvecchio,strategy_nearest,False,0.0022552013397216797,success
04EAA672743380,1,"['Arena', 'Casa Giulietta']",Torre Lamberti,"['Sighseeing', 'Centro Fotografia', 'Museo Conte', 'Palazzo della Ragione', 'AMO']",Palazzo della Ragione,strategy_nearest,True,0.0029098987579345703,success
04EAA9429C4C80,2,['Castelvecchio'],Torre Lamberti,"['Sighseeing', 'Centro Fotografia', 'Museo Conte', 'Casa Giulietta', 'Palazzo della Ragione']",Casa Giulietta,strategy_nearest,True,0.002953767776489258,success
04EAAA4A9C4C80,0,"['Arena', 'Casa Giulietta']",Torre Lamberti,"['Sighseeing', 'Centro Fotografia', 'Museo Conte', 'Palazzo della Ragione', 'AMO']",Duomo,strategy_nearest,False,0.0035500526428222656,success
04EAAE429C4C80,2,"['Teatro Romano', 'Duomo']",Santa Anastasia,"['AMO', 'Museo Conte', 'Palazzo della Ragione', 'Centro Fotografia', 'Torre Lamberti']",San Zeno,strategy_nearest,False,0.002526998519897461,success
04EABE3A9C4C80,3,"['Arena', 'Casa Giulietta']",Torre Lamberti,"['Sighseeing', 'Centro Fotografia', 'Museo Conte', 'Palazzo della Ragione', 'AMO']",Santa Anastasia,strategy_nearest,False,0.0021431446075439453,success
04EAB8429C4C80,0,['Arena'],Teatro Romano,"['Santa Anastasia', 'Duomo', 'AMO', 'Palazzo della Ragione', 'Museo Conte']",San Fermo,strategy_nearest,False,0.0036449432373046875,success
04EAC7429C4C80,0,['Tomba Giulietta'],Arena,"['Verona Tour', 'Museo Lapidario', 'Museo Radio', 'San Fermo', 'Casa Giulietta']",Casa Giulietta,strategy_nearest,True,0.0034780502319335938,success
04EAD53A9C4C80,2,['San Zeno'],Santa Anastasia,"['AMO', 'Museo Conte', 'Palazzo della Ragione', 'Teatro Romano', 'Centro Fotografia']",Duomo,strategy_nearest,False,0.0030100345611572266,success
04EAF33A9C4C80,1,['Arena'],Palazzo della Ragione,"['AMO', 'Museo Conte', 'Torre Lamberti', 'Centro Fotografia', 'Sighseeing']",Santa Anastasia,strategy_nearest,False,0.0025780200958251953,success
04EAF3429C4C80,0,['Arena'],Duomo,"['AMO', 'Museo Miniscalchi', 'Santa Anastasia', 'Teatro Romano', 'Palazzo della Ragione']",Castelvecchio,strategy_nearest,False,0.0034568309783935547,success
04EB013A9C4C84,0,['Arena'],Torre Lamberti,"['Sighseeing', 'Centro Fotografia', 'Museo Conte', 'Casa Giulietta', 'Palazzo della Ragione']",Castelvecchio,strategy_nearest,False,0.002549886703491211,success
04EAF43A9C4C80,3,"['Arena', 'Casa Giulietta']",Santa Anastasia,"['AMO', 'Museo Conte', 'Palazzo della Ragione', 'Teatro Romano', 'Centro Fotografia']",Teatro Romano,strategy_nearest,True,0.0034742355346679688,success
04EB08429C4C84,2,"['Casa Giulietta', 'Castelvecchio']",Torre Lamberti,"['Sighseeing', 'Centro Fotografia', 'Museo Conte', 'Palazzo della Ragione', 'AMO']",Santa Anastasia,strategy_nearest,False,0.002048015594482422,success
04EB16429C4C84,2,['Duomo'],Santa Anastasia,"['AMO', 'Museo Conte', 'Palazzo della Ragione', 'Teatro Romano', 'Centro Fotografia']",Castelvecchio,strategy_nearest,False,0.0032918453216552734,success
04EB09429C4C84,0,"['Arena', 'San Zeno']",Castelvecchio,"['Museo Lapidario', 'Verona Tour', 'Museo Radio', 'Sighseeing', 'Museo Miniscalchi']",Casa Giulietta,strategy_nearest,False,0.002279996871948242,success
04EB13429C4C84,2,['Torre Lamberti'],Santa Anastasia,"['AMO', 'Museo Conte', 'Palazzo della Ragione', 'Teatro Romano', 'Centro Fotografia']",Duomo,strategy_nearest,False,0.0028929710388183594,success
04EB17429C4C84,0,"['Arena', 'Torre Lamberti']",Casa Giulietta,"['Centro Fotografia', 'Sighseeing', 'Museo Conte', 'Museo Radio', 'Palazzo della Ragione']",Duomo,strategy_nearest,False,0.0032629966735839844,success
04EB19429C4C84,1,"['Arena', 'Castelvecchio', 'Santa Anastasia']",Duomo,"['AMO', 'Museo Miniscalchi', 'Teatro Romano', 'Palazzo della Ragione', 'Museo Conte']",Teatro Romano,strategy_nearest,True,0.0011892318725585938,success
04EB1A429C4C84,2,['Castelvecchio'],Casa Giulietta,"['Centro Fotografia', 'Sighseeing', 'Torre Lamberti', 'Museo Conte', 'Museo Radio']",Santa Anastasia,strategy_nearest,False,0.0025548934936523438,success
04EB1B429C4C84,3,"['Arena', 'San Fermo', 'Castelvecchio']",Torre Lamberti,"['Sighseeing', 'Centro Fotografia', 'Museo Conte', 'Casa Giulietta', 'Palazzo della Ragione']",Santa Anastasia,strategy_nearest,False,0.002959012985229492,success
04EB1D3A9C4C84,2,['Castelvecchio'],San Zeno,"['Verona Tour', 'Museo Lapidario', 'Arena', 'Museo Miniscalchi', 'Sighseeing']",Duomo,strategy_nearest,False,0.0022101402282714844,success
04EB23429C4C80,2,['Castelvecchio'],Duomo,"['AMO', 'Museo Miniscalchi', 'Santa Anastasia', 'Teatro Romano', 'Palazzo della Ragione']",Tomba Giulietta,strategy_nearest,False,0.0026400089263916016,success
04EB213A9C4C80,3,"['Arena', 'Torre Lamberti']",Casa Giulietta,"['Centro Fotografia', 'Sighseeing', 'Museo Conte', 'Museo Radio', 'Palazzo della Ragione']",Santa Anastasia,strategy_nearest,False,0.002090930938720703,success
04EB1C3A9C4C84,2,"['Torre Lamberti', 'Castelvecchio']",Duomo,"['AMO', 'Museo Miniscalchi', 'Santa Anastasia', 'Teatro Romano', 'Palazzo della Ragione']",Santa Anastasia,strategy_nearest,True,0.004312038421630859,success
04EB2D3A9C4C80,2,"['Santa Anastasia', 'Torre Lamberti']",Casa Giulietta,"['Centro Fotografia', 'Sighseeing', 'Museo Conte', 'Museo Radio', 'Palazzo della Ragione']",Castelvecchio,strategy_nearest,False,0.003335237503051758,success
04EB2E3A9C4C80,3,"['Arena', 'Casa Giulietta', 'Tomba Giulietta']",San Fermo,"['Museo Storia', 'Museo Radio', 'Centro Fotografia', 'Sighseeing', 'Torre Lamberti']",Santa Anastasia,strategy_nearest,False,0.0034241676330566406,success
04EB3D3A9C4C80,3,"['San Fermo', 'Casa Giulietta', 'Santa Anastasia', 'Arena']",Museo Lapidario,"['Verona Tour', 'Castelvecchio', 'Museo Radio', 'Tomba Giulietta', 'Sighseeing']",Duomo,strategy_nearest,False,0.0033757686614990234,success
04EB383A9C4C80,3,"['Casa Giulietta', 'Santa Anastasia']",Torre Lamberti,"['Sighseeing', 'Centro Fotografia', 'Museo Conte', 'Palazzo della Ragione', 'AMO']",Duomo,strategy_nearest,False,0.0019681453704833984,success
04EB3D4A9C4C80,3,"['Teatro Romano', 'Arena', 'Castelvecchio']",San Zeno,"['Verona Tour', 'Museo Lapidario', 'Museo Miniscalchi', 'Sighseeing', 'Museo Radio']",Duomo,strategy_nearest,False,0.001714944839477539,success
04EB4B3A9C4C80,2,"['Castelvecchio', 'Torre Lamberti']",Palazzo della Ragione,"['AMO', 'Museo Conte', 'Centro Fotografia', 'Sighseeing', 'Santa Anastasia']",Teatro Romano,strategy_nearest,False,0.0018360614776611328,success
04EB3E3A9C4C80,0,"['Casa Giulietta', 'Castelvecchio']",Torre Lamberti,"['Sighseeing', 'Centro Fotografia', 'Museo Conte', 'Palazzo della Ragione', 'AMO']",Arena,strategy_nearest,False,0.0032889842987060547,success
04EB4D429C4C80,3,"['Castelvecchio', 'Arena']",Casa Giulietta,"['Centro Fotografia', 'Sighseeing', 'Torre Lamberti', 'Museo Conte', 'Museo Radio']",Santa Anastasia,strategy_nearest,False,0.0032699108123779297,success
04EB593A9C4C80,2,"['Castelvecchio', 'Santa Anastasia']",Torre Lamberti,"['Sighseeing', 'Centro Fotografia', 'Museo Conte', 'Casa Giulietta', 'Palazzo della Ragione']",Palazzo della Ragione,strategy_nearest,True,0.002763986587524414,success
04EB5C429C4C80,1,"['Arena', 'Casa Giulietta']",Palazzo della Ragione,"['AMO', 'Museo Conte', 'Torre Lamberti', 'Centro Fotografia', 'Sighseeing']",Torre Lamberti,strategy_nearest,True,0.0034117698669433594,success
04EB69429C4C80,3,"['Arena', 'San Zeno']",Santa Anastasia,"['AMO', 'Museo Conte', 'Palazzo della Ragione', 'Teatro Romano', 'Centro Fotografia']",Duomo,strategy_nearest,False,0.003298044204711914,success
04EB4E429C4C80,0,['Arena'],Casa Giulietta,"['Centro Fotografia', 'Sighseeing', 'Torre Lamberti', 'Museo Conte', 'Museo Radio']",Torre Lamberti,strategy_nearest,True,0.002088308334350586,success
04EB763A9C4C80,0,['Casa Giulietta'],Arena,"['Verona Tour', 'Museo Lapidario', 'Museo Radio', 'San Fermo', 'Sighseeing']",Museo Lapidario,strategy_nearest,True,0.0026929378509521484,success
04EB73429C4C80,3,"['Arena', 'Santa Anastasia']",Teatro Romano,"['Duomo', 'AMO', 'Palazzo della Ragione', 'Museo Conte', 'Centro Fotografia']",Casa Giulietta,strategy_nearest,False,0.003426074981689453,success
04EB7A3A9C4C80,0,['Arena'],Casa Giulietta,"['Centro Fotografia', 'Sighseeing', 'Torre Lamberti', 'Museo Conte', 'Museo Radio']",Santa Anastasia,strategy_nearest,False,0.0032629966735839844,success
04EB76429C4C80,3,['San Zeno'],Arena,"['Verona Tour', 'Museo Lapidario', 'Museo Radio', 'San Fermo', 'Casa Giulietta']",Santa Anastasia,strategy_nearest,False,0.0013341903686523438,success
04EB823A9C4C80,0,['Arena'],Tomba Giulietta,"['San Fermo', 'Museo Storia', 'Museo Lapidario', 'Museo Radio', 'Verona Tour']",San Fermo,strategy_nearest,True,0.0017328262329101562,success
04EB82429C4C80,3,"['Arena', 'Torre Lamberti']",Santa Anastasia,"['AMO', 'Museo Conte', 'Palazzo della Ragione', 'Teatro Romano', 'Centro Fotografia']",Duomo,strategy_nearest,False,0.003381967544555664,success
04EB824A9C4C80,0,['Arena'],Tomba Giulietta,"['San Fermo', 'Museo Storia', 'Museo Lapidario', 'Museo Radio', 'Verona Tour']",Casa Giulietta,strategy_nearest,False,0.0021209716796875,success
04EB864A9C4C80,3,"['Arena', 'Casa Giulietta']",Santa Anastasia,"['AMO', 'Museo Conte', 'Palazzo della Ragione', 'Teatro Romano', 'Centro Fotografia']",Duomo,strategy_nearest,False,0.0026628971099853516,success
04EB8B4A9C4C80,3,['Arena'],Torre Lamberti,"['Sighseeing', 'Centro Fotografia', 'Museo Conte', 'Casa Giulietta', 'Palazzo della Ragione']",Teatro Romano,strategy_nearest,False,0.001627206802368164,success
04EB8C4A9C4C80,0,['Arena'],Casa Giulietta,"['Centro Fotografia', 'Sighseeing', 'Torre Lamberti', 'Museo Conte', 'Museo Radio']",Torre Lamberti,strategy_nearest,True,0.0020918846130371094,success
04EB874A9C4C80,3,"['Arena', 'Casa Giulietta']",Torre Lamberti,"['Sighseeing', 'Centro Fotografia', 'Museo Conte', 'Palazzo della Ragione', 'AMO']",Santa Anastasia,strategy_nearest,False,0.0036537647247314453,success
04EB87429C4C80,1,"['Casa Giulietta', 'Torre Lamberti']",Palazzo della Ragione,"['AMO', 'Museo Conte', 'Centro Fotografia', 'Sighseeing', 'Santa Anastasia']",Castelvecchio,strategy_nearest,False,0.002943277359008789,success
04EB91429C4C80,0,['Arena'],Casa Giulietta,"['Centro Fotografia', 'Sighseeing', 'Torre Lamberti', 'Museo Conte', 'Museo Radio']",Duomo,strategy_nearest,False,0.002930879592895508,success
04EB90429C4C80,1,"['Arena', 'Casa Giulietta', 'San Fermo']",Palazzo della Ragione,"['AMO', 'Museo Conte', 'Torre Lamberti', 'Centro Fotografia', 'Sighseeing']",Santa Anastasia,strategy_nearest,False,0.0017049312591552734,success
04EB95429C4C80,3,"['Torre Lamberti', 'Teatro Romano']",Arena,"['Verona Tour', 'Museo Lapidario', 'Museo Radio', 'San Fermo', 'Casa Giulietta']",Casa Giulietta,strategy_nearest,True,0.003422975540161133,success
04EB8F3A9C4C80,1,"['Arena', 'Casa Giulietta']",Palazzo della Ragione,"['AMO', 'Museo Conte', 'Torre Lamberti', 'Centro Fotografia', 'Sighseeing']",Torre Lamberti,strategy_nearest,True,0.003203153610229492,success
04EBA1429C4C80,2,['Castelvecchio'],Palazzo della Ragione,"['AMO', 'Museo Conte', 'Torre Lamberti', 'Centro Fotografia', 'Sighseeing']",Santa Anastasia,strategy_nearest,False,0.0023059844970703125,success
04EB97429C4C80,3,"['Arena', 'San Fermo']",Casa Giulietta,"['Centro Fotografia', 'Sighseeing', 'Torre Lamberti', 'Museo Conte', 'Museo Radio']",Torre Lamberti,strategy_nearest,True,0.0015630722045898438,success
04EBA54A9C4C80,3,"['Arena', 'Torre Lamberti']",Teatro Romano,"['Santa Anastasia', 'Duomo', 'AMO', 'Palazzo della Ragione', 'Museo Conte']",San Zeno,strategy_nearest,False,0.0035359859466552734,success
04EB9C4A9C4C80,1,"['Arena', 'Torre Lamberti']",Palazzo della Ragione,"['AMO', 'Museo Conte', 'Centro Fotografia', 'Sighseeing', 'Santa Anastasia']",Santa Anastasia,strategy_nearest,True,0.0030858516693115234,success
04EBAB4A9C4C80,2,"['San Fermo', 'Giardino Giusti']",Santa Anastasia,"['AMO', 'Museo Conte', 'Palazzo della Ragione', 'Teatro Romano', 'Centro Fotografia']",San Zeno,strategy_nearest,False,0.0029633045196533203,success
04EBA63A9C4C80,3,['Arena'],Casa Giulietta,"['Centro Fotografia', 'Sighseeing', 'Torre Lamberti', 'Museo Conte', 'Museo Radio']",Santa Anastasia,strategy_nearest,False,0.002743959426879883,success
04EBA73A9C4C80,1,['Arena'],Casa Giulietta,"['Centro Fotografia', 'Sighseeing', 'Torre Lamberti', 'Museo Conte', 'Museo Radio']",Palazzo della Ragione,strategy_nearest,False,0.005991935729980469,success
04EBBE429C4C80,2,"['Torre Lamberti', 'Casa Giulietta']",Palazzo della Ragione,"['AMO', 'Museo Conte', 'Centro Fotografia', 'Sighseeing', 'Santa Anastasia']",Santa Anastasia,strategy_nearest,True,0.0029439926147460938,success
04EBC03A9C4C80,3,['Arena'],Castelvecchio,"['Museo Lapidario', 'Verona Tour', 'Museo Radio', 'San Zeno', 'Sighseeing']",Santa Anastasia,strategy_nearest,False,0.003231048583984375,success
04EBC5429C4C80,3,['Arena'],Casa Giulietta,"['Centro Fotografia', 'Sighseeing', 'Torre Lamberti', 'Museo Conte', 'Museo Radio']",Santa Anastasia,strategy_nearest,False,0.002399921417236328,success
04EBCE3A9C4C80,3,"['Arena', 'Tomba Giulietta', 'San Fermo']",Santa Anastasia,"['AMO', 'Museo Conte', 'Palazzo della Ragione', 'Teatro Romano', 'Centro Fotografia']",Duomo,strategy_nearest,False,0.00286102294921875,success
04EBC73A9C4C80,3,"['Arena', 'Castelvecchio']",Duomo,"['AMO', 'Museo Miniscalchi', 'Santa Anastasia', 'Teatro Romano', 'Palazzo della Ragione']",Santa Anastasia,strategy_nearest,True,0.0035429000854492188,success
04EBC7429C4C80,0,['Casa Giulietta'],Torre Lamberti,"['Sighseeing', 'Centro Fotografia', 'Museo Conte', 'Palazzo della Ragione', 'AMO']",Arena,strategy_nearest,False,0.0033829212188720703,success
04EBD43A9C4C80,1,"['Arena', 'Casa Giulietta', 'Torre Lamberti']",Palazzo della Ragione,"['AMO', 'Museo Conte', 'Centro Fotografia', 'Sighseeing', 'Santa Anastasia']",Santa Anastasia,strategy_nearest,True,0.002855062484741211,success
04EBE63A9C4C80,3,"['Casa Giulietta', 'Arena']",Santa Anastasia,"['AMO', 'Museo Conte', 'Palazzo della Ragione', 'Teatro Romano', 'Centro Fotografia']",Duomo,strategy_nearest,False,0.0032122135162353516,success
04EBE0429C4C80,1,"['Arena', 'Casa Giulietta', 'Torre Lamberti']",Palazzo della Ragione,"['AMO', 'Museo Conte', 'Centro Fotografia', 'Sighseeing', 'Santa Anastasia']",San Fermo,strategy_nearest,False,0.002897024154663086,success
04EBE33A9C4C80,0,['Teatro Romano'],Casa Giulietta,"['Centro Fotografia', 'Sighseeing', 'Torre Lamberti', 'Museo Conte', 'Museo Radio']",Arena,strategy_nearest,False,0.004390239715576172,success
04EBE9429C4C80,2,"['Torre Lamberti', 'Santa Anastasia']",Palazzo della Ragione,"['AMO', 'Museo Conte', 'Centro Fotografia', 'Sighseeing', 'Museo Miniscalchi']",San Zeno,strategy_nearest,False,0.004235744476318359,success
04EBF23A9C4C80,0,['Casa Giulietta'],Torre Lamberti,"['Sighseeing', 'Centro Fotografia', 'Museo Conte', 'Palazzo della Ragione', 'AMO']",Duomo,strategy_nearest,False,0.00203704833984375,success
04EBF6429C4C80,1,"['Arena', 'Casa Giulietta', 'Santa Anastasia', 'San Zeno']",Castelvecchio,"['Museo Lapidario', 'Verona Tour', 'Museo Radio', 'Sighseeing', 'Museo Miniscalchi']",Tomba Giulietta,strategy_nearest,False,0.0028581619262695312,success
04EBFB429C4C80,1,"['Arena', 'Castelvecchio', 'San Fermo']",Palazzo della Ragione,"['AMO', 'Museo Conte', 'Torre Lamberti', 'Centro Fotografia', 'Sighseeing']",Teatro Romano,strategy_nearest,False,0.0026979446411132812,success
04EBF2429C4C80,0,['Santa Anastasia'],Casa Giulietta,"['Centro Fotografia', 'Sighseeing', 'Torre Lamberti', 'Museo Conte', 'Museo Radio']",Arena,strategy_nearest,False,0.003634929656982422,success
04EBFD3A9C4C80,2,"['Casa Giulietta', 'Torre Lamberti']",Santa Anastasia,"['AMO', 'Museo Conte', 'Palazzo della Ragione', 'Teatro Romano', 'Centro Fotografia']",Teatro Romano,strategy_nearest,True,0.003293752670288086,success
04EC123A9C4C84,0,['Arena'],Casa Giulietta,"['Centro Fotografia', 'Sighseeing', 'Torre Lamberti', 'Museo Conte', 'Museo Radio']",Teatro Romano,strategy_nearest,False,0.002007007598876953,success
04EC0C429C4C84,0,['Arena'],Duomo,"['AMO', 'Museo Miniscalchi', 'Santa Anastasia', 'Teatro Romano', 'Palazzo della Ragione']",Teatro Romano,strategy_nearest,True,0.003747224807739258,success
04EC15429C4C84,3,"['Casa Giulietta', 'Santa Anastasia', 'San Zeno', 'Arena']",Tomba Giulietta,"['San Fermo', 'Museo Storia', 'Museo Lapidario', 'Museo Radio', 'Verona Tour']",San Fermo,strategy_nearest,True,0.002801179885864258,success
04EC19429C4C84,3,"['Arena', 'Torre Lamberti']",Casa Giulietta,"['Centro Fotografia', 'Sighseeing', 'Museo Conte', 'Museo Radio', 'Palazzo della Ragione']",Santa Anastasia,strategy_nearest,False,0.0032279491424560547,success
04EC1E429C4C84,1,"['Arena', 'Casa Giulietta', 'Torre Lamberti']",Palazzo della Ragione,"['AMO', 'Museo Conte', 'Centro Fotografia', 'Sighseeing', 'Santa Anastasia']",Santa Anastasia,strategy_nearest,True,0.0022292137145996094,success
04EC264A9C4C80,3,"['Tomba Giulietta', 'Arena', 'Castelvecchio']",Torre Lamberti,"['Sighseeing', 'Centro Fotografia', 'Museo Conte', 'Casa Giulietta', 'Palazzo della Ragione']",Casa Giulietta,strategy_nearest,True,0.002195119857788086,success
04EC1E429C4C80,0,['Castelvecchio'],Arena,"['Verona Tour', 'Museo Lapidario', 'Museo Radio', 'San Fermo', 'Casa Giulietta']",Casa Giulietta,strategy_nearest,True,0.004868030548095703,success
04EC453A9C4C80,3,"['Castelvecchio', 'Arena']",Casa Giulietta,"['Centro Fotografia', 'Sighseeing', 'Torre Lamberti', 'Museo Conte', 'Museo Radio']",Santa Anastasia,strategy_nearest,False,0.0026831626892089844,success
04EC57429C4C80,3,['Arena'],Casa Giulietta,"['Centro Fotografia', 'Sighseeing', 'Torre Lamberti', 'Museo Conte', 'Museo Radio']",Santa Anastasia,strategy_nearest,False,0.0020220279693603516,success
04EC6B429C4C80,3,"['Arena', 'Torre Lamberti']",Santa Anastasia,"['AMO', 'Museo Conte', 'Palazzo della Ragione', 'Teatro Romano', 'Centro Fotografia']",Duomo,strategy_nearest,False,0.003492116928100586,success
04EC59429C4C80,3,"['San Zeno', 'Duomo']",Santa Anastasia,"['AMO', 'Museo Conte', 'Palazzo della Ragione', 'Teatro Romano', 'Centro Fotografia']",Torre Lamberti,strategy_nearest,False,0.0029501914978027344,success
04EC61429C4C80,0,['Arena'],Casa Giulietta,"['Centro Fotografia', 'Sighseeing', 'Torre Lamberti', 'Museo Conte', 'Museo Radio']",Duomo,strategy_nearest,False,0.0030732154846191406,success
04EC6C429C4C80,3,"['Arena', 'San Fermo', 'Torre Lamberti']",Santa Anastasia,"['AMO', 'Museo Conte', 'Palazzo della Ragione', 'Teatro Romano', 'Centro Fotografia']",Teatro Romano,strategy_nearest,True,0.002610921859741211,success
04EC75429C4C80,0,['Casa Giulietta'],Arena,"['Verona Tour', 'Museo Lapidario', 'Museo Radio', 'San Fermo', 'Sighseeing']",Castelvecchio,strategy_nearest,False,0.0018260478973388672,success
04EC77429C4C80,3,['San Zeno'],Arena,"['Verona Tour', 'Museo Lapidario', 'Museo Radio', 'San Fermo', 'Casa Giulietta']",Santa Anastasia,strategy_nearest,False,0.003595113754272461,success
04EC79429C4C80,3,"['Arena', 'Casa Giulietta']",San Fermo,"['Museo Storia', 'Museo Radio', 'Centro Fotografia', 'Sighseeing', 'Torre Lamberti']",Teatro Romano,strategy_nearest,False,0.002789020538330078,success
04EC87429C4C80,3,['Arena'],Castelvecchio,"['Museo Lapidario', 'Verona Tour', 'Museo Radio', 'San Zeno', 'Sighseeing']",Santa Anastasia,strategy_nearest,False,0.003589153289794922,success
04EC814A9C4C80,0,['Arena'],Casa Giulietta,"['Centro Fotografia', 'Sighseeing', 'Torre Lamberti', 'Museo Conte', 'Museo Radio']",Torre Lamberti,strategy_nearest,True,0.0038361549377441406,success
04EC86429C4C80,3,"['Casa Giulietta', 'San Fermo', 'Santa Anastasia']",Duomo,"['AMO', 'Museo Miniscalchi', 'Teatro Romano', 'Palazzo della Ragione', 'Museo Conte']",Torre Lamberti,strategy_nearest,False,0.0029730796813964844,success
04EC834A9C4C80,3,['Arena'],Casa Giulietta,"['Centro Fotografia', 'Sighseeing', 'Torre Lamberti', 'Museo Conte', 'Museo Radio']",Santa Anastasia,strategy_nearest,False,0.002032756805419922,success
04EC8C3A9C4C80,3,"['Arena', 'Torre Lamberti', 'Santa Anastasia']",Duomo,"['AMO', 'Museo Miniscalchi', 'Teatro Romano', 'Palazzo della Ragione', 'Museo Conte']",Teatro Romano,strategy_nearest,True,0.002216815948486328,success
04EC8C4A9C4C80,0,['Arena'],Torre Lamberti,"['Sighseeing', 'Centro Fotografia', 'Museo Conte', 'Casa Giulietta', 'Palazzo della Ragione']",Teatro Romano,strategy_nearest,False,0.0028128623962402344,success
04EC97429C4C80,1,['Arena'],Castelvecchio,"['Museo Lapidario', 'Verona Tour', 'Museo Radio', 'San Zeno', 'Sighseeing']",Torre Lamberti,strategy_nearest,False,0.0033202171325683594,success
04EC8D4A9C4C80,0,['Arena'],Casa Giulietta,"['Centro Fotografia', 'Sighseeing', 'Torre Lamberti', 'Museo Conte', 'Museo Radio']",Torre Lamberti,strategy_nearest,True,0.0014960765838623047,success
04EC9A4A9C4C80,2,"['Casa Giulietta', 'Santa Anastasia']",Castelvecchio,"['Museo Lapidario', 'Verona Tour', 'Arena', 'Museo Radio', 'San Zeno']",Duomo,strategy_nearest,False,0.00189208984375,success
04EC9C4A9C4C80,2,['Castelvecchio'],San Zeno,"['Verona Tour', 'Museo Lapidario', 'Arena', 'Museo Miniscalchi', 'Sighseeing']",Santa Anastasia,strategy_nearest,False,0.002732992172241211,success
04ECA1429C4C80,1,"['Arena', 'Casa Giulietta']",Palazzo della Ragione,"['AMO', 'Museo Conte', 'Torre Lamberti', 'Centro Fotografia', 'Sighseeing']",Santa Anastasia,strategy_nearest,False,0.0028879642486572266,success
04ECA93A9C4C80,3,['Arena'],Casa Giulietta,"['Centro Fotografia', 'Sighseeing', 'Torre Lamberti', 'Museo Conte', 'Museo Radio']",Torre Lamberti,strategy_nearest,True,0.0022308826446533203,success
04ECA64A9C4C80,1,"['Arena', 'Casa Giulietta']",Palazzo della Ragione,"['AMO', 'Museo Conte', 'Torre Lamberti', 'Centro Fotografia', 'Sighseeing']",Torre Lamberti,strategy_nearest,True,0.003071308135986328,success
04ECA9429C4C80,0,['Tomba Giulietta'],Arena,"['Verona Tour', 'Museo Lapidario', 'Museo Radio', 'San Fermo', 'Casa Giulietta']",Teatro Romano,strategy_nearest,False,0.0032176971435546875,success
04ECAA3A9C4C80,0,['Arena'],Casa Giulietta,"['Centro Fotografia', 'Sighseeing', 'Torre Lamberti', 'Museo Conte', 'Museo Radio']",Palazzo della Ragione,strategy_nearest,False,0.002446889877319336,success
04ECAA4A9C4C80,3,['Santa Anastasia'],Duomo,"['AMO', 'Museo Miniscalchi', 'Teatro Romano', 'Palazzo della Ragione', 'Museo Conte']",Arena,strategy_nearest,False,0.0026960372924804688,success
04ECAB429C4C80,1,"['Arena', 'Torre Lamberti']",Palazzo della Ragione,"['AMO', 'Museo Conte', 'Centro Fotografia', 'Sighseeing', 'Santa Anastasia']",Casa Giulietta,strategy_nearest,False,0.002542734146118164,success
04ECB8429C4C80,2,['Tomba Giulietta'],Casa Giulietta,"['Centro Fotografia', 'Sighseeing', 'Torre Lamberti', 'Museo Conte', 'Museo Radio']",Santa Anastasia,strategy_nearest,False,0.0038928985595703125,success
04ECAB4A9C4C80,0,['Arena'],Torre Lamberti,"['Sighseeing', 'Centro Fotografia', 'Museo Conte', 'Casa Giulietta', 'Palazzo della Ragione']",Casa Giulietta,strategy_nearest,True,0.003292083740234375,success
04ECBC3A9C4C80,3,"['Duomo', 'Santa Anastasia']",Casa Giulietta,"['Centro Fotografia', 'Sighseeing', 'Torre Lamberti', 'Museo Conte', 'Museo Radio']",Arena,strategy_nearest,False,0.0019130706787109375,success
04ECC4429C4C80,3,"['Arena', 'Casa Giulietta']",Teatro Romano,"['Santa Anastasia', 'Duomo', 'AMO', 'Palazzo della Ragione', 'Museo Conte']",Duomo,strategy_nearest,True,0.0032918453216552734,success
04ECCF3A9C4C80,3,"['Duomo', 'Arena', 'Santa Anastasia']",Casa Giulietta,"['Centro Fotografia', 'Sighseeing', 'Torre Lamberti', 'Museo Conte', 'Museo Radio']",Casa Giulietta,strategy_nearest,False,0.0028219223022460938,success
04ECCE3A9C4C80,3,"['Arena', 'Casa Giulietta']",Torre Lamberti,"['Sighseeing', 'Centro Fotografia', 'Museo Conte', 'Palazzo della Ragione', 'AMO']",Santa Anastasia,strategy_nearest,False,0.0020749568939208984,success
04ECE23A9C4C80,2,['Torre Lamberti'],Santa Anastasia,"['AMO', 'Museo Conte', 'Palazzo della Ragione', 'Teatro Romano', 'Centro Fotografia']",Casa Giulietta,strategy_nearest,False,0.002293109893798828,success
04ECE53A9C4C80,0,['Arena'],Teatro Romano,"['Santa Anastasia', 'Duomo', 'AMO', 'Palazzo della Ragione', 'Museo Conte']",Casa Giulietta,strategy_nearest,False,0.0030143260955810547,success
04ECFE3A9C4C80,0,['Casa Giulietta'],Arena,"['Verona Tour', 'Museo Lapidario', 'Museo Radio', 'San Fermo', 'Sighseeing']",Castelvecchio,strategy_nearest,False,0.0031740665435791016,success
04ECF8429C4C80,2,['Santa Anastasia'],San Zeno,"['Castelvecchio', 'Verona Tour', 'Museo Lapidario', 'Arena', 'Museo Miniscalchi']",Castelvecchio,strategy_nearest,True,0.002682209014892578,success
04ED04429C4C84,0,"['Arena', 'Castelvecchio']",San Zeno,"['Verona Tour', 'Museo Lapidario', 'Museo Miniscalchi', 'Sighseeing', 'Museo Radio']",Duomo,strategy_nearest,False,0.0033876895904541016,success
04ED17429C4C84,2,['Torre Lamberti'],Santa Anastasia,"['AMO', 'Museo Conte', 'Palazzo della Ragione', 'Teatro Romano', 'Centro Fotografia']",Duomo,strategy_nearest,False,0.002962350845336914,success
04ED1A3A9C4C80,1,"['Arena', 'Casa Giulietta', 'Torre Lamberti']",Palazzo della Ragione,"['AMO', 'Museo Conte', 'Centro Fotografia', 'Sighseeing', 'Santa Anastasia']",Santa Anastasia,strategy_nearest,True,0.002624988555908203,success
04ED2F4A9C4C80,2,['Casa Giulietta'],Duomo,"['AMO', 'Museo Miniscalchi', 'Santa Anastasia', 'Teatro Romano', 'Palazzo della Ragione']",Torre Lamberti,strategy_nearest,False,0.0018761157989501953,success
04ED1D429C4C80,2,"['Castelvecchio', 'Torre Lamberti', 'Palazzo della Ragione']",Santa Anastasia,"['AMO', 'Museo Conte', 'Teatro Romano', 'Centro Fotografia', 'Duomo']",San Fermo,strategy_nearest,False,0.004818916320800781,success
04ED3B3A9C4C80,1,['Casa Giulietta'],Santa Anastasia,"['AMO', 'Museo Conte', 'Palazzo della Ragione', 'Teatro Romano', 'Centro Fotografia']",Palazzo della Ragione,strategy_nearest,True,0.002805948257446289,success
04ED313A9C4C80,2,['Castelvecchio'],Casa Giulietta,"['Centro Fotografia', 'Sighseeing', 'Torre Lamberti', 'Museo Conte', 'Museo Radio']",Torre Lamberti,strategy_nearest,True,0.002552032470703125,success
04ED3C3A9C4C80,1,"['Castelvecchio', 'Arena', 'Casa Giulietta']",Torre Lamberti,"['Sighseeing', 'Centro Fotografia', 'Museo Conte', 'Palazzo della Ragione', 'AMO']",Palazzo della Ragione,strategy_nearest,True,0.0024089813232421875,success
04ED4D429C4C80,3,"['Castelvecchio', 'Teatro Romano']",Duomo,"['AMO', 'Museo Miniscalchi', 'Santa Anastasia', 'Palazzo della Ragione', 'Museo Conte']",Santa Anastasia,strategy_nearest,True,0.0017840862274169922,success
04ED46429C4C80,3,"['Arena', 'Casa Giulietta']",Santa Anastasia,"['AMO', 'Museo Conte', 'Palazzo della Ragione', 'Teatro Romano', 'Centro Fotografia']",Teatro Romano,strategy_nearest,True,0.003226757049560547,success
04ED50429C4C80,3,"['Arena', 'Torre Lamberti']",Santa Anastasia,"['AMO', 'Museo Conte', 'Palazzo della Ragione', 'Teatro Romano', 'Centro Fotografia']",Duomo,strategy_nearest,False,0.0032639503479003906,success
04ED59429C4C80,2,['Casa Giulietta'],Casa Giulietta,"['Centro Fotografia', 'Sighseeing', 'Torre Lamberti', 'Museo Conte', 'Museo Radio']",Torre Lamberti,strategy_nearest,True,0.0032918453216552734,success
04ED533A9C4C80,2,"['Castelvecchio', 'Casa Giulietta', 'San Fermo']",Torre Lamberti,"['Sighseeing', 'Centro Fotografia', 'Museo Conte', 'Palazzo della Ragione', 'AMO']",Palazzo della Ragione,strategy_nearest,True,0.0025720596313476562,success
04ED543A9C4C80,3,"['Casa Giulietta', 'Arena', 'Santa Anastasia']",Duomo,"['AMO', 'Museo Miniscalchi', 'Teatro Romano', 'Palazzo della Ragione', 'Museo Conte']",Torre Lamberti,strategy_nearest,False,0.0027379989624023438,success
04ED6E3A9C4C80,2,['Torre Lamberti'],Palazzo della Ragione,"['AMO', 'Museo Conte', 'Centro Fotografia', 'Sighseeing', 'Santa Anastasia']",Santa Anastasia,strategy_nearest,True,0.0029108524322509766,success
04ED72429C4C80,0,['Arena'],Casa Giulietta,"['Centro Fotografia', 'Sighseeing', 'Torre Lamberti', 'Museo Conte', 'Museo Radio']",Duomo,strategy_nearest,False,0.0034241676330566406,success
04ED6F429C4C80,0,['Arena'],Casa Giulietta,"['Centro Fotografia', 'Sighseeing', 'Torre Lamberti', 'Museo Conte', 'Museo Radio']",Santa Anastasia,strategy_nearest,False,0.0022249221801757812,success
04ED73429C4C80,3,"['Arena', 'Casa Giulietta']",Torre Lamberti,"['Sighseeing', 'Centro Fotografia', 'Museo Conte', 'Palazzo della Ragione', 'AMO']",Santa Anastasia,strategy_nearest,False,0.002644062042236328,success
04ED863A9C4C80,2,"['Museo Lapidario', 'Castelvecchio']",Casa Giulietta,"['Centro Fotografia', 'Sighseeing', 'Torre Lamberti', 'Museo Conte', 'Museo Radio']",Torre Lamberti,strategy_nearest,True,0.002682924270629883,success
04ED844A9C4C80,0,['Arena'],Museo Lapidario,"['Verona Tour', 'Castelvecchio', 'Museo Radio', 'San Fermo', 'Casa Giulietta']",Castelvecchio,strategy_nearest,True,0.0020856857299804688,success
04ED74429C4C80,3,"['Arena', 'San Fermo']",Casa Giulietta,"['Centro Fotografia', 'Sighseeing', 'Torre Lamberti', 'Museo Conte', 'Museo Radio']",Santa Anastasia,strategy_nearest,False,0.004051923751831055,success
04ED7F4A9C4C80,3,['Arena'],Duomo,"['AMO', 'Museo Miniscalchi', 'Santa Anastasia', 'Teatro Romano', 'Palazzo della Ragione']",Santa Anastasia,strategy_nearest,True,0.0015628337860107422,success
04ED9B429C4C80,0,['Casa Giulietta'],Torre Lamberti,"['Sighseeing', 'Centro Fotografia', 'Museo Conte', 'Palazzo della Ragione', 'AMO']",Arena,strategy_nearest,False,0.001737356185913086,success
04ED8A3A9C4C80,0,['Arena'],Torre Lamberti,"['Sighseeing', 'Centro Fotografia', 'Museo Conte', 'Casa Giulietta', 'Palazzo della Ragione']",Casa Giulietta,strategy_nearest,True,0.0011928081512451172,success
04ED9D429C4C80,1,"['Arena', 'Torre Lamberti']",Palazzo della Ragione,"['AMO', 'Museo Conte', 'Centro Fotografia', 'Sighseeing', 'Santa Anastasia']",Casa Giulietta,strategy_nearest,False,0.0027420520782470703,success
04EDA1429C4C80,2,['Casa Giulietta'],Santa Anastasia,"['AMO', 'Museo Conte', 'Palazzo della Ragione', 'Teatro Romano', 'Centro Fotografia']",Duomo,strategy_nearest,False,0.0029320716857910156,success
04EDA3429C4C80,2,"['San Zeno', 'Teatro Romano', 'Duomo', 'Palazzo della Ragione']",Torre Lamberti,"['Sighseeing', 'Centro Fotografia', 'Museo Conte', 'Casa Giulietta', 'AMO']",Casa Giulietta,strategy_nearest,True,0.002552032470703125,success
04EDA44A9C4C80,3,['Arena'],Casa Giulietta,"['Centro Fotografia', 'Sighseeing', 'Torre Lamberti', 'Museo Conte', 'Museo Radio']",Santa Anastasia,strategy_nearest,False,0.0018100738525390625,success
04EDA672743380,1,"['Arena', 'Casa Giulietta', 'Torre Lamberti', 'Palazzo della Ragione', 'Duomo']",Teatro Romano,"['Santa Anastasia', 'AMO', 'Museo Conte', 'Centro Fotografia', 'Museo Miniscalchi']",Castelvecchio,strategy_nearest,False,0.002933025360107422,success
04EDA73A9C4C80,1,['Arena'],Casa Giulietta,"['Centro Fotografia', 'Sighseeing', 'Torre Lamberti', 'Museo Conte', 'Museo Radio']",Palazzo della Ragione,strategy_nearest,False,0.003432035446166992,success
04EDA84A9C4C80,0,['Arena'],Casa Giulietta,"['Centro Fotografia', 'Sighseeing', 'Torre Lamberti', 'Museo Conte', 'Museo Radio']",Torre Lamberti,strategy_nearest,True,0.003072023391723633,success
04EDA83A9C4C80,0,"['Arena', 'Museo Lapidario', 'Castelvecchio']",Teatro Romano,"['Santa Anastasia', 'Duomo', 'AMO', 'Palazzo della Ragione', 'Museo Conte']",Casa Giulietta,strategy_nearest,False,0.0026841163635253906,success
04EDBE429C4C80,0,['Arena'],Casa Giulietta,"['Centro Fotografia', 'Sighseeing', 'Torre Lamberti', 'Museo Conte', 'Museo Radio']",Santa Anastasia,strategy_nearest,False,0.0018467903137207031,success
04EDBC3A9C4C80,3,"['Arena', 'Casa Giulietta']",Torre Lamberti,"['Sighseeing', 'Centro Fotografia', 'Museo Conte', 'Palazzo della Ragione', 'AMO']",Santa Anastasia,strategy_nearest,False,0.0012688636779785156,success
04EDC1429C4C80,0,"['Arena', 'Casa Giulietta']",Teatro Romano,"['Santa Anastasia', 'Duomo', 'AMO', 'Palazzo della Ragione', 'Museo Conte']",Torre Lamberti,strategy_nearest,False,0.0029840469360351562,success
04EDCF3A9C4C80,1,"['Arena', 'Casa Giulietta']",Torre Lamberti,"['Sighseeing', 'Centro Fotografia', 'Museo Conte', 'Palazzo della Ragione', 'AMO']",Palazzo della Ragione,strategy_nearest,True,0.0028219223022460938,success
04EDCE3A9C4C80,0,['Arena'],Casa Giulietta,"['Centro Fotografia', 'Sighseeing', 'Torre Lamberti', 'Museo Conte', 'Museo Radio']",Duomo,strategy_nearest,False,0.0035560131072998047,success
04EDD53A9C4C80,0,['Castelvecchio'],Arena,"['Verona Tour', 'Museo Lapidario', 'Museo Radio', 'San Fermo', 'Casa Giulietta']",Casa Giulietta,strategy_nearest,True,0.0030059814453125,success
04EDEA3A9C4C80,0,"['Castelvecchio', 'Arena']",Casa Giulietta,"['Centro Fotografia', 'Sighseeing', 'Torre Lamberti', 'Museo Conte', 'Museo Radio']",Teatro Romano,strategy_nearest,False,0.003180980682373047,success
04EDE23A9C4C80,3,"['Arena', 'Casa Giulietta']",Santa Anastasia,"['AMO', 'Museo Conte', 'Palazzo della Ragione', 'Teatro Romano', 'Centro Fotografia']",Castelvecchio,strategy_nearest,False,0.002601146697998047,success
04EDD73A9C4C80,0,"['Castelvecchio', 'Arena']",Torre Lamberti,"['Sighseeing', 'Centro Fotografia', 'Museo Conte', 'Casa Giulietta', 'Palazzo della Ragione']",Casa Giulietta,strategy_nearest,True,0.0036880970001220703,success
04EDE0429C4C80,2,"['Duomo', 'Casa Giulietta']",Torre Lamberti,"['Sighseeing', 'Centro Fotografia', 'Museo Conte', 'Palazzo della Ragione', 'AMO']",Teatro Romano,strategy_nearest,False,0.0018470287322998047,success
04EDFD3A9C4C80,0,['Arena'],Casa Giulietta,"['Centro Fotografia', 'Sighseeing', 'Torre Lamberti', 'Museo Conte', 'Museo Radio']",Santa Anastasia,strategy_nearest,False,0.002004861831665039,success
04EDFE3A9C4C80,0,['Casa Giulietta'],Torre Lamberti,"['Sighseeing', 'Centro Fotografia', 'Museo Conte', 'Palazzo della Ragione', 'AMO']",Arena,strategy_nearest,False,0.0025649070739746094,success
04EDFB3A9C4C80,0,['Arena'],Torre Lamberti,"['Sighseeing', 'Centro Fotografia', 'Museo Conte', 'Casa Giulietta', 'Palazzo della Ragione']",Casa Giulietta,strategy_nearest,True,0.0033910274505615234,success
04EE15429C4C84,0,['Arena'],Castelvecchio,"['Museo Lapidario', 'Verona Tour', 'Museo Radio', 'San Zeno', 'Sighseeing']",Casa Giulietta,strategy_nearest,False,0.0037720203399658203,success
04EE244A9C4C80,3,"['Castelvecchio', 'San Zeno', 'Casa Giulietta']",Santa Anastasia,"['AMO', 'Museo Conte', 'Palazzo della Ragione', 'Teatro Romano', 'Centro Fotografia']",Arena,strategy_nearest,False,0.0017139911651611328,success
04EE2E3A9C4C80,2,['Castelvecchio'],Casa Giulietta,"['Centro Fotografia', 'Sighseeing', 'Torre Lamberti', 'Museo Conte', 'Museo Radio']",Torre Lamberti,strategy_nearest,True,0.0033600330352783203,success
04EE1D429C4C80,3,"['Arena', 'San Zeno', 'Santa Anastasia']",Duomo,"['AMO', 'Museo Miniscalchi', 'Teatro Romano', 'Palazzo della Ragione', 'Museo Conte']",Teatro Romano,strategy_nearest,True,0.0024902820587158203,success
04EE284A9C4C80,1,"['Arena', 'Casa Giulietta', 'Torre Lamberti', 'Palazzo della Ragione', 'Santa Anastasia']",Duomo,"['AMO', 'Museo Miniscalchi', 'Teatro Romano', 'Museo Conte', 'Centro Fotografia']",Teatro Romano,strategy_nearest,True,0.002897977828979492,success
04EE2F429C4C80,0,['Castelvecchio'],Casa Giulietta,"['Centro Fotografia', 'Sighseeing', 'Torre Lamberti', 'Museo Conte', 'Museo Radio']",Arena,strategy_nearest,False,0.0028798580169677734,success
04EE37429C4C80,1,['Arena'],Santa Anastasia,"['AMO', 'Museo Conte', 'Palazzo della Ragione', 'Teatro Romano', 'Centro Fotografia']",Palazzo della Ragione,strategy_nearest,True,0.0022552013397216797,success
04EE2F3A9C4C80,2,['Castelvecchio'],Duomo,"['AMO', 'Museo Miniscalchi', 'Santa Anastasia', 'Teatro Romano', 'Palazzo della Ragione']",Giardino Giusti,strategy_nearest,False,0.0017309188842773438,success
04EE443A9C4C80,2,['San Fermo'],Casa Giulietta,"['Centro Fotografia', 'Sighseeing', 'Torre Lamberti', 'Museo Conte', 'Museo Radio']",Torre Lamberti,strategy_nearest,True,0.0034246444702148438,success
04EE4C429C4C80,0,['Arena'],Casa Giulietta,"['Centro Fotografia', 'Sighseeing', 'Torre Lamberti', 'Museo Conte', 'Museo Radio']",Castelvecchio,strategy_nearest,False,0.002774953842163086,success
04EE523A9C4C80,0,['Arena'],Casa Giulietta,"['Centro Fotografia', 'Sighseeing', 'Torre Lamberti', 'Museo Conte', 'Museo Radio']",Castelvecchio,strategy_nearest,False,0.002663850784301758,success
04EE58429C4C80,0,['Arena'],Casa Giulietta,"['Centro Fotografia', 'Sighseeing', 'Torre Lamberti', 'Museo Conte', 'Museo Radio']",Duomo,strategy_nearest,False,0.003465890884399414,success
04EE46429C4C80,3,"['Arena', 'San Fermo']",Castelvecchio,"['Museo Lapidario', 'Verona Tour', 'Museo Radio', 'San Zeno', 'Sighseeing']",Santa Anastasia,strategy_nearest,False,0.0022122859954833984,success
04EE5D429C4C80,3,"['Arena', 'Casa Giulietta', 'Torre Lamberti']",Santa Anastasia,"['AMO', 'Museo Conte', 'Palazzo della Ragione', 'Teatro Romano', 'Centro Fotografia']",Duomo,strategy_nearest,False,0.0027170181274414062,success
04EE6F3A9C4C80,2,"['Teatro Romano', 'Duomo', 'Santa Anastasia', 'Torre Lamberti']",Casa Giulietta,"['Centro Fotografia', 'Sighseeing', 'Museo Conte', 'Museo Radio', 'Palazzo della Ragione']",San Fermo,strategy_nearest,False,0.0024988651275634766,success
04EE69429C4C80,3,"['Arena', 'Torre Lamberti']",Casa Giulietta,"['Centro Fotografia', 'Sighseeing', 'Museo Conte', 'Museo Radio', 'Palazzo della Ragione']",Santa Anastasia,strategy_nearest,False,0.0019168853759765625,success
04EE713A9C4C80,3,"['Arena', 'Casa Giulietta']",Torre Lamberti,"['Sighseeing', 'Centro Fotografia', 'Museo Conte', 'Palazzo della Ragione', 'AMO']",Santa Anastasia,strategy_nearest,False,0.003300189971923828,success
04EE753A9C4C80,2,['Casa Giulietta'],Santa Anastasia,"['AMO', 'Museo Conte', 'Palazzo della Ragione', 'Teatro Romano', 'Centro Fotografia']",Duomo,strategy_nearest,False,0.0026292800903320312,success
04EE773A9C4C80,3,"['Casa Giulietta', 'Arena', 'Torre Lamberti']",Teatro Romano,"['Santa Anastasia', 'Duomo', 'AMO', 'Palazzo della Ragione', 'Museo Conte']",Tomba Giulietta,strategy_nearest,False,0.002476930618286133,success
04EE7A429C4C80,0,['Arena'],Casa Giulietta,"['Centro Fotografia', 'Sighseeing', 'Torre Lamberti', 'Museo Conte', 'Museo Radio']",Castelvecchio,strategy_nearest,False,0.0032389163970947266,success
04EE83429C4C80,0,['Arena'],Torre Lamberti,"['Sighseeing', 'Centro Fotografia', 'Museo Conte', 'Casa Giulietta', 'Palazzo della Ragione']",Teatro Romano,strategy_nearest,False,0.002743959426879883,success
04EE7F4A9C4C80,1,"['Arena', 'Casa Giulietta']",Palazzo della Ragione,"['AMO', 'Museo Conte', 'Torre Lamberti', 'Centro Fotografia', 'Sighseeing']",Torre Lamberti,strategy_nearest,True,0.003481149673461914,success
04EE8A4A9C4C80,0,"['Castelvecchio', 'San Zeno']",Tomba Giulietta,"['San Fermo', 'Museo Storia', 'Arena', 'Museo Lapidario', 'Museo Radio']",Arena,strategy_nearest,True,0.0030469894409179688,success
04EE854A9C4C80,3,"['Arena', 'Casa Giulietta']",Torre Lamberti,"['Sighseeing', 'Centro Fotografia', 'Museo Conte', 'Palazzo della Ragione', 'AMO']",Santa Anastasia,strategy_nearest,False,0.003390073776245117,success
04EE8E3A9C4C80,0,['Casa Giulietta'],Arena,"['Verona Tour', 'Museo Lapidario', 'Museo Radio', 'San Fermo', 'Sighseeing']",Castelvecchio,strategy_nearest,False,0.0028769969940185547,success
04EE904A9C4C80,3,['Arena'],Duomo,"['AMO', 'Museo Miniscalchi', 'Santa Anastasia', 'Teatro Romano', 'Palazzo della Ragione']",Santa Anastasia,strategy_nearest,True,0.0028638839721679688,success
04EE9D429C4C80,0,['Arena'],Torre Lamberti,"['Sighseeing', 'Centro Fotografia', 'Museo Conte', 'Casa Giulietta', 'Palazzo della Ragione']",Castelvecchio,strategy_nearest,False,0.0033309459686279297,success
04EE97429C4C80,3,"['Teatro Romano', 'Santa Anastasia']",Torre Lamberti,"['Sighseeing', 'Centro Fotografia', 'Museo Conte', 'Casa Giulietta', 'Palazzo della Ragione']",Arena,strategy_nearest,False,0.0027892589569091797,success
04EEA54A9C4C80,1,"['Santa Anastasia', 'Torre Lamberti']",Palazzo della Ragione,"['AMO', 'Museo Conte', 'Centro Fotografia', 'Sighseeing', 'Museo Miniscalchi']",Casa Giulietta,strategy_nearest,False,0.0019409656524658203,success
04EEA0429C4C80,3,['Arena'],Santa Anastasia,"['AMO', 'Museo Conte', 'Palazzo della Ragione', 'Teatro Romano', 'Centro Fotografia']",Duomo,strategy_nearest,False,0.002850055694580078,success
04EEA84A9C4C80,0,"['Arena', 'Casa Giulietta']",San Fermo,"['Museo Storia', 'Museo Radio', 'Centro Fotografia', 'Sighseeing', 'Torre Lamberti']",Castelvecchio,strategy_nearest,False,0.002856731414794922,success
04EEA93A9C4C80,0,['Arena'],Casa Giulietta,"['Centro Fotografia', 'Sighseeing', 'Torre Lamberti', 'Museo Conte', 'Museo Radio']",Tomba Giulietta,strategy_nearest,False,0.0032439231872558594,success
04EEAB4A9C4C80,3,"['Arena', 'Casa Giulietta']",Santa Anastasia,"['AMO', 'Museo Conte', 'Palazzo della Ragione', 'Teatro Romano', 'Centro Fotografia']",Teatro Romano,strategy_nearest,True,0.0016520023345947266,success
04EEB43A9C4C80,3,"['Arena', 'Castelvecchio']",Casa Giulietta,"['Centro Fotografia', 'Sighseeing', 'Torre Lamberti', 'Museo Conte', 'Museo Radio']",Santa Anastasia,strategy_nearest,False,0.0032041072845458984,success
04EEB13A9C4C80,3,"['Arena', 'Casa Giulietta', 'Santa Anastasia']",Duomo,"['AMO', 'Museo Miniscalchi', 'Teatro Romano', 'Palazzo della Ragione', 'Museo Conte']",Teatro Romano,strategy_nearest,True,0.0026950836181640625,success
04EEB4429C4C80,1,['Castelvecchio'],Arena,"['Verona Tour', 'Museo Lapidario', 'Museo Radio', 'San Fermo', 'Casa Giulietta']",Palazzo della Ragione,strategy_nearest,False,0.0022897720336914062,success
04EEBC3A9C4C80,3,['Arena'],Casa Giulietta,"['Centro Fotografia', 'Sighseeing', 'Torre Lamberti', 'Museo Conte', 'Museo Radio']",Santa Anastasia,strategy_nearest,False,0.0030269622802734375,success
04EEC53A9C4C80,0,['Castelvecchio'],Arena,"['Verona Tour', 'Museo Lapidario', 'Museo Radio', 'San Fermo', 'Casa Giulietta']",Casa Giulietta,strategy_nearest,True,0.003271818161010742,success
04EEC73A9C4C80,1,"['Arena', 'Museo Lapidario', 'Casa Giulietta', 'Palazzo della Ragione', 'Torre Lamberti']",Santa Anastasia,"['AMO', 'Museo Conte', 'Teatro Romano', 'Centro Fotografia', 'Duomo']",Duomo,strategy_nearest,True,0.0025441646575927734,success
04EEE33A9C4C80,3,['Arena'],Casa Giulietta,"['Centro Fotografia', 'Sighseeing', 'Torre Lamberti', 'Museo Conte', 'Museo Radio']",Santa Anastasia,strategy_nearest,False,0.0022211074829101562,success
04EEE03A9C4C80,3,"['Arena', 'Torre Lamberti', 'Casa Giulietta']",Tomba Giulietta,"['San Fermo', 'Museo Storia', 'Museo Lapidario', 'Museo Radio', 'Verona Tour']",Castelvecchio,strategy_nearest,False,0.0032830238342285156,success
04EEEB429C4C80,0,['Arena'],Casa Giulietta,"['Centro Fotografia', 'Sighseeing', 'Torre Lamberti', 'Museo Conte', 'Museo Radio']",Santa Anastasia,strategy_nearest,False,0.002682924270629883,success
04EEFD3A9C4C80,0,"['Casa Giulietta', 'San Fermo']",Teatro Romano,"['Santa Anastasia', 'Duomo', 'AMO', 'Palazzo della Ragione', 'Museo Conte']",Castelvecchio,strategy_nearest,False,0.002552032470703125,success
04EEF6429C4C80,3,"['Castelvecchio', 'Arena']",Torre Lamberti,"['Sighseeing', 'Centro Fotografia', 'Museo Conte', 'Casa Giulietta', 'Palazzo della Ragione']",Duomo,strategy_nearest,False,0.0025949478149414062,success
04EEFE3A9C4C80,2,['San Fermo'],Casa Giulietta,"['Centro Fotografia', 'Sighseeing', 'Torre Lamberti', 'Museo Conte', 'Museo Radio']",Santa Anastasia,strategy_nearest,False,0.0035839080810546875,success
04EF1B3A9C4C84,1,"['San Zeno', 'Arena', 'Casa Giulietta']",Palazzo della Ragione,"['AMO', 'Museo Conte', 'Torre Lamberti', 'Centro Fotografia', 'Sighseeing']",Torre Lamberti,strategy_nearest,True,0.0028171539306640625,success
04EF023A9C4C84,1,"['Duomo', 'Torre Lamberti']",Palazzo della Ragione,"['AMO', 'Museo Conte', 'Centro Fotografia', 'Sighseeing', 'Santa Anastasia']",Arena,strategy_nearest,False,0.002190828323364258,success
04EF24429C4C80,1,"['Torre Lamberti', 'Casa Giulietta', 'San Fermo', 'Arena', 'Castelvecchio']",Palazzo della Ragione,"['AMO', 'Museo Conte', 'Centro Fotografia', 'Sighseeing', 'Santa Anastasia']",Santa Anastasia,strategy_nearest,True,0.0031731128692626953,success
04EF293A9C4C80,1,"['Casa Giulietta', 'Palazzo della Ragione', 'Torre Lamberti', 'Santa Anastasia']",Duomo,"['AMO', 'Museo Miniscalchi', 'Teatro Romano', 'Museo Conte', 'Centro Fotografia']",Teatro Romano,strategy_nearest,True,0.0026700496673583984,success
04EF55429C4C80,2,"['Santa Anastasia', 'Duomo']",Casa Giulietta,"['Centro Fotografia', 'Sighseeing', 'Torre Lamberti', 'Museo Conte', 'Museo Radio']",San Fermo,strategy_nearest,False,0.002043008804321289,success
04EF3A3A9C4C80,2,['Casa Giulietta'],Santa Anastasia,"['AMO', 'Museo Conte', 'Palazzo della Ragione', 'Teatro Romano', 'Centro Fotografia']",Teatro Romano,strategy_nearest,True,0.00335693359375,success
04EF2D3A9C4C80,3,['Arena'],Castelvecchio,"['Museo Lapidario', 'Verona Tour', 'Museo Radio', 'San Zeno', 'Sighseeing']",Duomo,strategy_nearest,False,0.0034880638122558594,success
04EF793A9C4C80,3,"['Arena', 'Duomo']",Santa Anastasia,"['AMO', 'Museo Conte', 'Palazzo della Ragione', 'Teatro Romano', 'Centro Fotografia']",San Zeno,strategy_nearest,False,0.003320932388305664,success
04EF6E3A9C4C80,1,"['Arena', 'Casa Giulietta', 'Palazzo della Ragione']",Santa Anastasia,"['AMO', 'Museo Conte', 'Teatro Romano', 'Centro Fotografia', 'Duomo']",Duomo,strategy_nearest,True,0.0012891292572021484,success
04EF753A9C4C80,0,['Tomba Giulietta'],Arena,"['Verona Tour', 'Museo Lapidario', 'Museo Radio', 'San Fermo', 'Casa Giulietta']",Casa Giulietta,strategy_nearest,True,0.0027420520782470703,success
04EF59429C4C80,0,['Arena'],Duomo,"['AMO', 'Museo Miniscalchi', 'Santa Anastasia', 'Teatro Romano', 'Palazzo della Ragione']",Casa Giulietta,strategy_nearest,False,0.003306865692138672,success
04EF7F4A9C4C80,3,['Arena'],Santa Anastasia,"['AMO', 'Museo Conte', 'Palazzo della Ragione', 'Teatro Romano', 'Centro Fotografia']",Torre Lamberti,strategy_nearest,False,0.0021970272064208984,success
04EF934A9C4C80,2,"['Castelvecchio', 'Torre Lamberti']",Casa Giulietta,"['Centro Fotografia', 'Sighseeing', 'Museo Conte', 'Museo Radio', 'Palazzo della Ragione']",San Fermo,strategy_nearest,False,0.0013458728790283203,success
04EF8C429C4C80,3,"['Arena', 'Museo Lapidario', 'Santa Anastasia']",Torre Lamberti,"['Sighseeing', 'Centro Fotografia', 'Museo Conte', 'Casa Giulietta', 'Palazzo della Ragione']",Teatro Romano,strategy_nearest,False,0.0027959346771240234,success
04EF96429C4C80,1,"['Arena', 'Torre Lamberti', 'Palazzo della Ragione']",Casa Giulietta,"['Centro Fotografia', 'Sighseeing', 'Museo Conte', 'Museo Radio', 'San Fermo']",Santa Anastasia,strategy_nearest,False,0.003299236297607422,success
04EF97429C4C80,3,['Castelvecchio'],Arena,"['Verona Tour', 'Museo Lapidario', 'Museo Radio', 'San Fermo', 'Casa Giulietta']",Torre Lamberti,strategy_nearest,False,0.0035178661346435547,success
04EF9F4A9C4C80,3,['Arena'],Casa Giulietta,"['Centro Fotografia', 'Sighseeing', 'Torre Lamberti', 'Museo Conte', 'Museo Radio']",Santa Anastasia,strategy_nearest,False,0.0027098655700683594,success
04EF98429C4C80,2,['San Zeno'],Castelvecchio,"['Museo Lapidario', 'Verona Tour', 'Arena', 'Museo Radio', 'Sighseeing']",Casa Giulietta,strategy_nearest,False,0.004208087921142578,success
04EF9A429C4C80,3,"['Casa Giulietta', 'Santa Anastasia']",Duomo,"['AMO', 'Museo Miniscalchi', 'Teatro Romano', 'Palazzo della Ragione', 'Museo Conte']",Arena,strategy_nearest,False,0.0015568733215332031,success
04EFA9429C4C80,2,['Castelvecchio'],Torre Lamberti,"['Sighseeing', 'Centro Fotografia', 'Museo Conte', 'Casa Giulietta', 'Palazzo della Ragione']",Casa Giulietta,strategy_nearest,True,0.002178668975830078,success
04EFA94A9C4C80,3,['Arena'],San Zeno,"['Castelvecchio', 'Verona Tour', 'Museo Lapidario', 'Museo Miniscalchi', 'Sighseeing']",San Fermo,strategy_nearest,False,0.0027968883514404297,success
04EFAA3A9C4C80,0,['Arena'],Casa Giulietta,"['Centro Fotografia', 'Sighseeing', 'Torre Lamberti', 'Museo Conte', 'Museo Radio']",Castelvecchio,strategy_nearest,False,0.003359079360961914,success
04EFA73A9C4C80,1,['Arena'],Casa Giulietta,"['Centro Fotografia', 'Sighseeing', 'Torre Lamberti', 'Museo Conte', 'Museo Radio']",Palazzo della Ragione,strategy_nearest,False,0.0028641223907470703,success
04EFAA4A9C4C80,1,"['Teatro Romano', 'Casa Giulietta', 'Torre Lamberti']",Palazzo della Ragione,"['AMO', 'Museo Conte', 'Centro Fotografia', 'Sighseeing', 'Santa Anastasia']",Arena,strategy_nearest,False,0.0022482872009277344,success
04EFB0429C4C80,0,['Arena'],Castelvecchio,"['Museo Lapidario', 'Verona Tour', 'Museo Radio', 'San Zeno', 'Sighseeing']",Casa Giulietta,strategy_nearest,False,0.0016570091247558594,success
04EFB7429C4C80,0,['Arena'],Duomo,"['AMO', 'Museo Miniscalchi', 'Santa Anastasia', 'Teatro Romano', 'Palazzo della Ragione']",Casa Giulietta,strategy_nearest,False,0.002496004104614258,success
04EFC1429C4C80,2,['Casa Giulietta'],Torre Lamberti,"['Sighseeing', 'Centro Fotografia', 'Museo Conte', 'Palazzo della Ragione', 'AMO']",Palazzo della Ragione,strategy_nearest,True,0.0018918514251708984,success
04EFC0429C4C80,0,['Arena'],Casa Giulietta,"['Centro Fotografia', 'Sighseeing', 'Torre Lamberti', 'Museo Conte', 'Museo Radio']",Castelvecchio,strategy_nearest,False,0.0031931400299072266,success
04EFDA3A9C4C80,3,"['Arena', 'Casa Giulietta']",Torre Lamberti,"['Sighseeing', 'Centro Fotografia', 'Museo Conte', 'Palazzo della Ragione', 'AMO']",Santa Anastasia,strategy_nearest,False,0.003216266632080078,success
04EFE43A9C4C80,2,['San Fermo'],Duomo,"['AMO', 'Museo Miniscalchi', 'Santa Anastasia', 'Teatro Romano', 'Palazzo della Ragione']",Torre Lamberti,strategy_nearest,False,0.0031349658966064453,success
04EFE13A9C4C80,6,"['Castelvecchio', 'Torre Lamberti', 'Palazzo della Ragione']",Duomo,"['AMO', 'Museo Miniscalchi', 'Santa Anastasia', 'Teatro Romano', 'Museo Conte']",Santa Anastasia,strategy_nearest,True,0.0021162033081054688,success
04EFE6429C4C80,0,"['Arena', 'Casa Giulietta']",Teatro Romano,"['Santa Anastasia', 'Duomo', 'AMO', 'Palazzo della Ragione', 'Museo Conte']",Castelvecchio,strategy_nearest,False,0.002516031265258789,success
04EFF23A9C4C80,0,['Teatro Romano'],Museo Lapidario,"['Verona Tour', 'Arena', 'Castelvecchio', 'Museo Radio', 'San Fermo']",Arena,strategy_nearest,True,0.0024831295013427734,success
04EFF5429C4C80,3,"['Castelvecchio', 'Teatro Romano']",San Fermo,"['Museo Storia', 'Museo Radio', 'Casa Giulietta', 'Centro Fotografia', 'Arena']",Arena,strategy_nearest,True,0.002026081085205078,success
04EFFF3A9C4C80,0,"['Arena', 'Casa Giulietta']",Torre Lamberti,"['Sighseeing', 'Centro Fotografia', 'Museo Conte', 'Palazzo della Ragione', 'AMO']",Castelvecchio,strategy_nearest,False,0.003398895263671875,success
04F009429C4C84,0,"['Arena', 'Casa Giulietta']",Giardino Giusti,"['Santa Anastasia', 'Teatro Romano', 'Museo Conte', 'Centro Fotografia', 'Museo Storia']",Tomba Giulietta,strategy_nearest,False,0.002692699432373047,success
04F01B429C4C84,3,"['Castelvecchio', 'Arena', 'Casa Giulietta']",Torre Lamberti,"['Sighseeing', 'Centro Fotografia', 'Museo Conte', 'Palazzo della Ragione', 'AMO']",Duomo,strategy_nearest,False,0.002924680709838867,success
04F027429C4C80,2,['Casa Giulietta'],Castelvecchio,"['Museo Lapidario', 'Verona Tour', 'Arena', 'Museo Radio', 'San Zeno']",Giardino Giusti,strategy_nearest,False,0.002714872360229492,success
04F034429C4C80,3,"['Torre Lamberti', 'Casa Giulietta', 'Santa Anastasia']",Castelvecchio,"['Museo Lapidario', 'Verona Tour', 'Arena', 'Museo Radio', 'San Zeno']",Tomba Giulietta,strategy_nearest,False,0.0015239715576171875,success
04F02F3A9C4C80,3,"['Castelvecchio', 'Arena', 'San Fermo']",Museo Storia,"['Museo Radio', 'Casa Giulietta', 'Centro Fotografia', 'Tomba Giulietta', 'Torre Lamberti']",Tomba Giulietta,strategy_nearest,True,0.0022368431091308594,success
04F0313A9C4C80,0,"['Arena', 'Castelvecchio', 'Tomba Giulietta']",Museo Storia,"['San Fermo', 'Museo Radio', 'Casa Giulietta', 'Centro Fotografia', 'Torre Lamberti']",Teatro Romano,strategy_nearest,False,0.0034270286560058594,success
04F02D3A9C4C80,3,['Casa Giulietta'],Arena,"['Verona Tour', 'Museo Lapidario', 'Museo Radio', 'San Fermo', 'Sighseeing']",Santa Anastasia,strategy_nearest,False,0.002880096435546875,success
04F0384A9C4C80,1,"['Arena', 'Castelvecchio']",Torre Lamberti,"['Sighseeing', 'Centro Fotografia', 'Museo Conte', 'Casa Giulietta', 'Palazzo della Ragione']",Palazzo della Ragione,strategy_nearest,True,0.0015370845794677734,success
04F050429C4C80,0,['Castelvecchio'],Arena,"['Verona Tour', 'Museo Lapidario', 'Museo Radio', 'San Fermo', 'Casa Giulietta']",Santa Anastasia,strategy_nearest,False,0.0025620460510253906,success
04F04B3A9C4C80,3,"['Arena', 'Castelvecchio']",San Zeno,"['Verona Tour', 'Museo Lapidario', 'Museo Miniscalchi', 'Sighseeing', 'Museo Radio']",Duomo,strategy_nearest,False,0.002112150192260742,success
04F03A3A9C4C80,3,"['Arena', 'Duomo']",Santa Anastasia,"['AMO', 'Museo Conte', 'Palazzo della Ragione', 'Teatro Romano', 'Centro Fotografia']",San Fermo,strategy_nearest,False,0.003342866897583008,success
04F0663A9C4C80,0,['Arena'],Castelvecchio,"['Museo Lapidario', 'Verona Tour', 'Museo Radio', 'San Zeno', 'Sighseeing']",Duomo,strategy_nearest,False,0.003354787826538086,success
04F05E429C4C80,1,"['Castelvecchio', 'Arena', 'Casa Giulietta']",San Fermo,"['Museo Storia', 'Museo Radio', 'Centro Fotografia', 'Sighseeing', 'Torre Lamberti']",Santa Anastasia,strategy_nearest,False,0.0028100013732910156,success
04F055429C4C80,0,['Arena'],Torre Lamberti,"['Sighseeing', 'Centro Fotografia', 'Museo Conte', 'Casa Giulietta', 'Palazzo della Ragione']",Castelvecchio,strategy_nearest,False,0.001622915267944336,success
04F058429C4C80,3,"['Arena', 'San Fermo', 'Casa Giulietta']",Torre Lamberti,"['Sighseeing', 'Centro Fotografia', 'Museo Conte', 'Palazzo della Ragione', 'AMO']",Santa Anastasia,strategy_nearest,False,0.002226114273071289,success
04F078429C4C80,3,"['Arena', 'Torre Lamberti']",Santa Anastasia,"['AMO', 'Museo Conte', 'Palazzo della Ragione', 'Teatro Romano', 'Centro Fotografia']",Duomo,strategy_nearest,False,0.0038247108459472656,success
04F06E3A9C4C80,3,"['Arena', 'Santa Anastasia']",Torre Lamberti,"['Sighseeing', 'Centro Fotografia', 'Museo Conte', 'Casa Giulietta', 'Palazzo della Ragione']",Casa Giulietta,strategy_nearest,True,0.001798868179321289,success
04F076429C4C80,3,"['Museo Lapidario', 'Arena', 'Tomba Giulietta']",San Fermo,"['Museo Storia', 'Museo Radio', 'Casa Giulietta', 'Centro Fotografia', 'Sighseeing']",Casa Giulietta,strategy_nearest,True,0.0023789405822753906,success
04F071429C4C80,3,['Arena'],Casa Giulietta,"['Centro Fotografia', 'Sighseeing', 'Torre Lamberti', 'Museo Conte', 'Museo Radio']",Santa Anastasia,strategy_nearest,False,0.0030641555786132812,success
04F0794A9C4C80,2,['Torre Lamberti'],San Fermo,"['Museo Storia', 'Museo Radio', 'Casa Giulietta', 'Centro Fotografia', 'Arena']",Castelvecchio,strategy_nearest,False,0.0035109519958496094,success
04F0864A9C4C80,3,"['Arena', 'Torre Lamberti', 'Santa Anastasia']",Duomo,"['AMO', 'Museo Miniscalchi', 'Teatro Romano', 'Palazzo della Ragione', 'Museo Conte']",Teatro Romano,strategy_nearest,True,0.001940011978149414,success
04F0813A9C4C80,3,"['Arena', 'Casa Giulietta']",Torre Lamberti,"['Sighseeing', 'Centro Fotografia', 'Museo Conte', 'Palazzo della Ragione', 'AMO']",Santa Anastasia,strategy_nearest,False,0.00391697883605957,success
04F0893A9C4C80,0,['Arena'],Casa Giulietta,"['Centro Fotografia', 'Sighseeing', 'Torre Lamberti', 'Museo Conte', 'Museo Radio']",San Zeno,strategy_nearest,False,0.02072310447692871,success
04F0934A9C4C80,2,"['San Zeno', 'Duomo']",Santa Anastasia,"['AMO', 'Museo Conte', 'Palazzo della Ragione', 'Teatro Romano', 'Centro Fotografia']",Teatro Romano,strategy_nearest,True,0.0013468265533447266,success
04F09B429C4C80,3,"['Arena', 'Casa Giulietta']",Santa Anastasia,"['AMO', 'Museo Conte', 'Palazzo della Ragione', 'Teatro Romano', 'Centro Fotografia']",Duomo,strategy_nearest,False,0.0011649131774902344,success
04F08D3A9C4C80,1,"['Arena', 'Palazzo della Ragione']",Torre Lamberti,"['Sighseeing', 'Centro Fotografia', 'Museo Conte', 'Casa Giulietta', 'AMO']",Casa Giulietta,strategy_nearest,True,0.002029895782470703,success
04F08B4A9C4C80,0,['Arena'],Castelvecchio,"['Museo Lapidario', 'Verona Tour', 'Museo Radio', 'San Zeno', 'Sighseeing']",Torre Lamberti,strategy_nearest,False,0.03062605857849121,success
04F09F429C4C80,3,"['Arena', 'Casa Giulietta']",Giardino Giusti,"['Santa Anastasia', 'Teatro Romano', 'Museo Conte', 'Centro Fotografia', 'Museo Storia']",Teatro Romano,strategy_nearest,True,0.0040988922119140625,success
04F08F429C4C80,3,"['Arena', 'Santa Anastasia']",Duomo,"['AMO', 'Museo Miniscalchi', 'Teatro Romano', 'Palazzo della Ragione', 'Museo Conte']",Teatro Romano,strategy_nearest,True,0.03052377700805664,success
04F0A2429C4C80,2,"['Casa Giulietta', 'Torre Lamberti']",Palazzo della Ragione,"['AMO', 'Museo Conte', 'Centro Fotografia', 'Sighseeing', 'Santa Anastasia']",Santa Anastasia,strategy_nearest,True,0.008555173873901367,success
04F0AA3A9C4C80,0,['Arena'],Casa Giulietta,"['Centro Fotografia', 'Sighseeing', 'Torre Lamberti', 'Museo Conte', 'Museo Radio']",Santa Anastasia,strategy_nearest,False,0.006442070007324219,success
04F0AA4A9C4C80,0,['Arena'],Casa Giulietta,"['Centro Fotografia', 'Sighseeing', 'Torre Lamberti', 'Museo Conte', 'Museo Radio']",Torre Lamberti,strategy_nearest,True,0.0024869441986083984,success
04F0A63A9C4C80,1,"['Museo Lapidario', 'Arena']",Palazzo della Ragione,"['AMO', 'Museo Conte', 'Torre Lamberti', 'Centro Fotografia', 'Sighseeing']",Casa Giulietta,strategy_nearest,False,0.009620904922485352,success
04F0AC3A9C4C80,3,['Arena'],Casa Giulietta,"['Centro Fotografia', 'Sighseeing', 'Torre Lamberti', 'Museo Conte', 'Museo Radio']",Torre Lamberti,strategy_nearest,True,0.002624034881591797,success
04F0B2429C4C80,1,"['Casa Giulietta', 'Teatro Romano', 'Castelvecchio']",San Zeno,"['Verona Tour', 'Museo Lapidario', 'Arena', 'Museo Miniscalchi', 'Sighseeing']",Arena,strategy_nearest,True,0.0027861595153808594,success
04F0BC3A9C4C80,1,"['Arena', 'Casa Giulietta']",Palazzo della Ragione,"['AMO', 'Museo Conte', 'Torre Lamberti', 'Centro Fotografia', 'Sighseeing']",Palazzo della Ragione,strategy_nearest,False,0.0025398731231689453,success
04F0B8429C4C80,0,['Arena'],Casa Giulietta,"['Centro Fotografia', 'Sighseeing', 'Torre Lamberti', 'Museo Conte', 'Museo Radio']",San Fermo,strategy_nearest,False,0.002817869186401367,success
04F0C13A9C4C80,0,['Arena'],San Fermo,"['Museo Storia', 'Museo Radio', 'Casa Giulietta', 'Centro Fotografia', 'Sighseeing']",Casa Giulietta,strategy_nearest,True,0.002226114273071289,success
04F0D33A9C4C80,3,"['Casa Giulietta', 'Torre Lamberti']",Santa Anastasia,"['AMO', 'Museo Conte', 'Palazzo della Ragione', 'Teatro Romano', 'Centro Fotografia']",Arena,strategy_nearest,False,0.002168893814086914,success
04F0E53A9C4C80,2,"['Castelvecchio', 'Palazzo della Ragione', 'Casa Giulietta', 'Tomba Giulietta']",Santa Anastasia,"['AMO', 'Museo Conte', 'Teatro Romano', 'Centro Fotografia', 'Duomo']",Duomo,strategy_nearest,True,0.0033872127532958984,success
04F0CE429C4C80,3,"['San Fermo', 'Santa Anastasia', 'Arena']",Casa Giulietta,"['Centro Fotografia', 'Sighseeing', 'Torre Lamberti', 'Museo Conte', 'Museo Radio']",Tomba Giulietta,strategy_nearest,False,0.0029001235961914062,success
04F10C429C4C84,2,['Torre Lamberti'],Santa Anastasia,"['AMO', 'Museo Conte', 'Palazzo della Ragione', 'Teatro Romano', 'Centro Fotografia']",Duomo,strategy_nearest,False,0.0020279884338378906,success
04F0FC429C4C80,1,"['Arena', 'San Fermo', 'San Zeno', 'Castelvecchio', 'Casa Giulietta']",Torre Lamberti,"['Sighseeing', 'Centro Fotografia', 'Museo Conte', 'Palazzo della Ragione', 'AMO']",Palazzo della Ragione,strategy_nearest,True,0.001603841781616211,success
04F0E93A9C4C80,3,"['Arena', 'Museo Lapidario']",Castelvecchio,"['Verona Tour', 'Museo Radio', 'San Zeno', 'Sighseeing', 'Museo Miniscalchi']",Duomo,strategy_nearest,False,0.0047762393951416016,success
04F0F8429C4C80,0,"['Arena', 'Torre Lamberti']",Teatro Romano,"['Santa Anastasia', 'Duomo', 'AMO', 'Palazzo della Ragione', 'Museo Conte']",Castelvecchio,strategy_nearest,False,0.003445863723754883,success
04F116429C4C84,1,"['San Fermo', 'Casa Giulietta', 'Arena']",Palazzo della Ragione,"['AMO', 'Museo Conte', 'Torre Lamberti', 'Centro Fotografia', 'Sighseeing']",Santa Anastasia,strategy_nearest,False,0.0017349720001220703,success
04F12A4A9C4C80,1,"['Tomba Giulietta', 'Torre Lamberti', 'Palazzo della Ragione']",Teatro Romano,"['Santa Anastasia', 'Duomo', 'AMO', 'Museo Conte', 'Centro Fotografia']",Duomo,strategy_nearest,True,0.003710031509399414,success
04F12A3A9C4C80,3,"['Castelvecchio', 'San Zeno']",Duomo,"['AMO', 'Museo Miniscalchi', 'Santa Anastasia', 'Teatro Romano', 'Palazzo della Ragione']",Arena,strategy_nearest,False,0.0030820369720458984,success
04F1303A9C4C80,1,"['Palazzo della Ragione', 'Torre Lamberti']",Casa Giulietta,"['Centro Fotografia', 'Sighseeing', 'Museo Conte', 'Museo Radio', 'San Fermo']",Tomba Giulietta,strategy_nearest,False,0.002316713333129883,success
04F150429C4C80,1,['Arena'],Torre Lamberti,"['Sighseeing', 'Centro Fotografia', 'Museo Conte', 'Casa Giulietta', 'Palazzo della Ragione']",Palazzo della Ragione,strategy_nearest,True,0.0028769969940185547,success
04F1363A9C4C80,3,"['Arena', 'Museo Lapidario', 'Castelvecchio', 'Duomo']",Teatro Romano,"['Santa Anastasia', 'AMO', 'Palazzo della Ragione', 'Museo Conte', 'Centro Fotografia']",Santa Anastasia,strategy_nearest,True,0.0030269622802734375,success
04F152429C4C80,1,['Palazzo della Ragione'],Casa Giulietta,"['Centro Fotografia', 'Sighseeing', 'Torre Lamberti', 'Museo Conte', 'Museo Radio']",Arena,strategy_nearest,False,0.0015239715576171875,success
04F13E3A9C4C80,2,['Casa Giulietta'],Tomba Giulietta,"['San Fermo', 'Museo Storia', 'Arena', 'Museo Lapidario', 'Museo Radio']",Castelvecchio,strategy_nearest,False,0.0036339759826660156,success
04F15C3A9C4C80,0,['Casa Giulietta'],Torre Lamberti,"['Sighseeing', 'Centro Fotografia', 'Museo Conte', 'Palazzo della Ragione', 'AMO']",Teatro Romano,strategy_nearest,False,0.0020627975463867188,success
04F158429C4C80,3,['Santa Anastasia'],Torre Lamberti,"['Sighseeing', 'Centro Fotografia', 'Museo Conte', 'Casa Giulietta', 'Palazzo della Ragione']",Arena,strategy_nearest,False,0.0028350353240966797,success
04F15B429C4C80,3,"['Arena', 'Casa Giulietta']",Santa Anastasia,"['AMO', 'Museo Conte', 'Palazzo della Ragione', 'Teatro Romano', 'Centro Fotografia']",Teatro Romano,strategy_nearest,True,0.003489971160888672,success
04F1543A9C4C80,0,"['Castelvecchio', 'Arena']",Casa Giulietta,"['Centro Fotografia', 'Sighseeing', 'Torre Lamberti', 'Museo Conte', 'Museo Radio']",Torre Lamberti,strategy_nearest,True,0.00208282470703125,success
04F15C429C4C80,3,"['Arena', 'Casa Giulietta']",Torre Lamberti,"['Sighseeing', 'Centro Fotografia', 'Museo Conte', 'Palazzo della Ragione', 'AMO']",Santa Anastasia,strategy_nearest,False,0.003326416015625,success
04F172429C4C80,0,['Arena'],Casa Giulietta,"['Centro Fotografia', 'Sighseeing', 'Torre Lamberti', 'Museo Conte', 'Museo Radio']",Santa Anastasia,strategy_nearest,False,0.0027027130126953125,success
04F1884A9C4C80,1,"['Arena', 'Casa Giulietta']",Torre Lamberti,"['Sighseeing', 'Centro Fotografia', 'Museo Conte', 'Palazzo della Ragione', 'AMO']",Palazzo della Ragione,strategy_nearest,True,0.0013370513916015625,success
04F18F4A9C4C80,1,['Palazzo della Ragione'],Casa Giulietta,"['Centro Fotografia', 'Sighseeing', 'Torre Lamberti', 'Museo Conte', 'Museo Radio']",Arena,strategy_nearest,False,0.00321197509765625,success
04F1944A9C4C80,1,"['Arena', 'Museo Lapidario']",Casa Giulietta,"['Centro Fotografia', 'Sighseeing', 'Torre Lamberti', 'Museo Conte', 'Museo Radio']",Palazzo della Ragione,strategy_nearest,False,0.002290964126586914,success
04F19F4A9C4C80,2,"['Teatro Romano', 'Duomo']",Santa Anastasia,"['AMO', 'Museo Conte', 'Palazzo della Ragione', 'Centro Fotografia', 'Torre Lamberti']",San Zeno,strategy_nearest,False,0.0024590492248535156,success
04F19E429C4C80,0,['Arena'],Castelvecchio,"['Museo Lapidario', 'Verona Tour', 'Museo Radio', 'San Zeno', 'Sighseeing']",Casa Giulietta,strategy_nearest,False,0.0034067630767822266,success
04F195429C4C80,1,"['Castelvecchio', 'Santa Anastasia']",Duomo,"['AMO', 'Museo Miniscalchi', 'Teatro Romano', 'Palazzo della Ragione', 'Museo Conte']",Arena,strategy_nearest,False,0.002866029739379883,success
04F1A34A9C4C80,1,"['Arena', 'Casa Giulietta']",Palazzo della Ragione,"['AMO', 'Museo Conte', 'Torre Lamberti', 'Centro Fotografia', 'Sighseeing']",Torre Lamberti,strategy_nearest,True,0.0023651123046875,success
04F1A4429C4C80,0,['Arena'],Casa Giulietta,"['Centro Fotografia', 'Sighseeing', 'Torre Lamberti', 'Museo Conte', 'Museo Radio']",Torre Lamberti,strategy_nearest,True,0.002195119857788086,success
04F1A44A9C4C80,1,['Arena'],Casa Giulietta,"['Centro Fotografia', 'Sighseeing', 'Torre Lamberti', 'Museo Conte', 'Museo Radio']",Palazzo della Ragione,strategy_nearest,False,0.0033981800079345703,success
04F1A63A9C4C80,0,['Arena'],Castelvecchio,"['Museo Lapidario', 'Verona Tour', 'Museo Radio', 'San Zeno', 'Sighseeing']",Casa Giulietta,strategy_nearest,False,0.002505064010620117,success
04F1A84A9C4C80,0,"['Arena', 'Casa Giulietta']",San Fermo,"['Museo Storia', 'Museo Radio', 'Centro Fotografia', 'Sighseeing', 'Torre Lamberti']",Teatro Romano,strategy_nearest,False,0.0033872127532958984,success
04F1AB4A9C4C80,0,['Torre Lamberti'],Casa Giulietta,"['Centro Fotografia', 'Sighseeing', 'Museo Conte', 'Museo Radio', 'Palazzo della Ragione']",Castelvecchio,strategy_nearest,False,0.0027909278869628906,success
04F1BA3A9C4C80,0,['Arena'],Castelvecchio,"['Museo Lapidario', 'Verona Tour', 'Museo Radio', 'San Zeno', 'Sighseeing']",Casa Giulietta,strategy_nearest,False,0.003381967544555664,success
04F1AA3A9C4C80,1,['Arena'],Casa Giulietta,"['Centro Fotografia', 'Sighseeing', 'Torre Lamberti', 'Museo Conte', 'Museo Radio']",Palazzo della Ragione,strategy_nearest,False,0.0015590190887451172,success
04F1BA429C4C80,2,"['Casa Giulietta', 'Torre Lamberti']",Duomo,"['AMO', 'Museo Miniscalchi', 'Santa Anastasia', 'Teatro Romano', 'Palazzo della Ragione']",Teatro Romano,strategy_nearest,True,0.002337932586669922,success
04F1D53A9C4C80,3,"['Santa Anastasia', 'Duomo']",Arena,"['Verona Tour', 'Museo Lapidario', 'Museo Radio', 'San Fermo', 'Casa Giulietta']",Castelvecchio,strategy_nearest,False,0.0021829605102539062,success
04F1D33A9C4C80,1,"['Santa Anastasia', 'Casa Giulietta', 'Museo Lapidario']",Arena,"['Verona Tour', 'Museo Radio', 'San Fermo', 'Sighseeing', 'Castelvecchio']",Torre Lamberti,strategy_nearest,False,0.0034592151641845703,success
04F1DC3A9C4C80,0,['Casa Giulietta'],San Fermo,"['Museo Storia', 'Museo Radio', 'Centro Fotografia', 'Arena', 'Sighseeing']",Arena,strategy_nearest,True,0.002459287643432617,success
04F1EB3A9C4C80,0,['Arena'],Casa Giulietta,"['Centro Fotografia', 'Sighseeing', 'Torre Lamberti', 'Museo Conte', 'Museo Radio']",Torre Lamberti,strategy_nearest,True,0.003081798553466797,success
04F207429C4C84,2,['Castelvecchio'],San Zeno,"['Verona Tour', 'Museo Lapidario', 'Arena', 'Museo Miniscalchi', 'Sighseeing']",Casa Giulietta,strategy_nearest,False,0.0032930374145507812,success
04F1FD429C4C80,0,"['Arena', 'San Zeno']",Casa Giulietta,"['Centro Fotografia', 'Sighseeing', 'Torre Lamberti', 'Museo Conte', 'Museo Radio']",Teatro Romano,strategy_nearest,False,0.0026941299438476562,success
04F206429C4C84,3,"['Casa Giulietta', 'San Fermo', 'San Zeno']",Casa Giulietta,"['Centro Fotografia', 'Sighseeing', 'Torre Lamberti', 'Museo Conte', 'Museo Radio']",Arena,strategy_nearest,False,0.0026090145111083984,success
04F20C429C4C84,0,['Arena'],Casa Giulietta,"['Centro Fotografia', 'Sighseeing', 'Torre Lamberti', 'Museo Conte', 'Museo Radio']",Torre Lamberti,strategy_nearest,True,0.0033740997314453125,success
04F2204A9C4C80,2,"['Casa Giulietta', 'Torre Lamberti']",Palazzo della Ragione,"['AMO', 'Museo Conte', 'Centro Fotografia', 'Sighseeing', 'Santa Anastasia']",Santa Anastasia,strategy_nearest,True,0.003304004669189453,success
04F21E3A9C4C80,3,"['San Zeno', 'Arena']",Casa Giulietta,"['Centro Fotografia', 'Sighseeing', 'Torre Lamberti', 'Museo Conte', 'Museo Radio']",Santa Anastasia,strategy_nearest,False,0.002117156982421875,success
04F2284A9C4C80,1,"['Tomba Giulietta', 'Castelvecchio', 'Torre Lamberti', 'Palazzo della Ragione', 'Teatro Romano']",Casa Giulietta,"['Centro Fotografia', 'Sighseeing', 'Museo Conte', 'Museo Radio', 'San Fermo']",Museo Lapidario,strategy_nearest,False,0.0032198429107666016,success
04F218429C4C84,0,['Arena'],Museo Lapidario,"['Verona Tour', 'Castelvecchio', 'Museo Radio', 'San Fermo', 'Casa Giulietta']",Teatro Romano,strategy_nearest,False,0.0027751922607421875,success
04F247429C4C80,0,['Teatro Romano'],Arena,"['Verona Tour', 'Museo Lapidario', 'Museo Radio', 'San Fermo', 'Casa Giulietta']",Teatro Romano,strategy_nearest,False,0.002753019332885742,success
04F2453A9C4C80,2,"['Casa Giulietta', 'Torre Lamberti', 'Palazzo della Ragione']",Santa Anastasia,"['AMO', 'Museo Conte', 'Teatro Romano', 'Centro Fotografia', 'Duomo']",Giardino Giusti,strategy_nearest,False,0.0019047260284423828,success
04F263429C4C80,3,"['Arena', 'Duomo']",Teatro Romano,"['Santa Anastasia', 'AMO', 'Palazzo della Ragione', 'Museo Conte', 'Centro Fotografia']",Santa Anastasia,strategy_nearest,True,0.0023789405822753906,success
04F251429C4C80,2,"['Castelvecchio', 'Torre Lamberti', 'Duomo']",Santa Anastasia,"['AMO', 'Museo Conte', 'Palazzo della Ragione', 'Teatro Romano', 'Centro Fotografia']",Casa Giulietta,strategy_nearest,False,0.0034019947052001953,success
04F26C429C4C80,0,['Torre Lamberti'],Arena,"['Verona Tour', 'Museo Lapidario', 'Museo Radio', 'San Fermo', 'Casa Giulietta']",Castelvecchio,strategy_nearest,False,0.002298116683959961,success
04F270429C4C80,0,"['Arena', 'Casa Giulietta']",Duomo,"['AMO', 'Museo Miniscalchi', 'Santa Anastasia', 'Teatro Romano', 'Palazzo della Ragione']",Tomba Giulietta,strategy_nearest,False,0.0019829273223876953,success
04F273429C4C80,3,"['Arena', 'San Zeno']",Duomo,"['AMO', 'Museo Miniscalchi', 'Santa Anastasia', 'Teatro Romano', 'Palazzo della Ragione']",Teatro Romano,strategy_nearest,True,0.0024878978729248047,success
04F26D429C4C80,0,['Tomba Giulietta'],Casa Giulietta,"['Centro Fotografia', 'Sighseeing', 'Torre Lamberti', 'Museo Conte', 'Museo Radio']",Arena,strategy_nearest,False,0.004212141036987305,success
04F277429C4C80,2,['Casa Giulietta'],Santa Anastasia,"['AMO', 'Museo Conte', 'Palazzo della Ragione', 'Teatro Romano', 'Centro Fotografia']",Duomo,strategy_nearest,False,0.0018382072448730469,success
04F2794A9C4C80,0,['Arena'],Castelvecchio,"['Museo Lapidario', 'Verona Tour', 'Museo Radio', 'San Zeno', 'Sighseeing']",Casa Giulietta,strategy_nearest,False,0.0025682449340820312,success
04F2804A9C4C80,0,['Arena'],Torre Lamberti,"['Sighseeing', 'Centro Fotografia', 'Museo Conte', 'Casa Giulietta', 'Palazzo della Ragione']",Casa Giulietta,strategy_nearest,True,0.0031778812408447266,success
04F2814A9C4C80,1,"['Arena', 'Casa Giulietta']",Palazzo della Ragione,"['AMO', 'Museo Conte', 'Torre Lamberti', 'Centro Fotografia', 'Sighseeing']",Santa Anastasia,strategy_nearest,False,0.002221822738647461,success
04F2843A9C4C80,3,"['Arena', 'Casa Giulietta']",San Fermo,"['Museo Storia', 'Museo Radio', 'Centro Fotografia', 'Sighseeing', 'Torre Lamberti']",Duomo,strategy_nearest,False,0.0024938583374023438,success
04F2854A9C4C80,3,['Arena'],Santa Anastasia,"['AMO', 'Museo Conte', 'Palazzo della Ragione', 'Teatro Romano', 'Centro Fotografia']",Duomo,strategy_nearest,False,0.0024819374084472656,success
04F2874A9C4C80,0,['Arena'],Casa Giulietta,"['Centro Fotografia', 'Sighseeing', 'Torre Lamberti', 'Museo Conte', 'Museo Radio']",Palazzo della Ragione,strategy_nearest,False,0.003328084945678711,success
04F2914A9C4C80,0,['Arena'],Casa Giulietta,"['Centro Fotografia', 'Sighseeing', 'Torre Lamberti', 'Museo Conte', 'Museo Radio']",Tomba Giulietta,strategy_nearest,False,0.0024290084838867188,success
04F295429C4C80,0,['Arena'],Duomo,"['AMO', 'Museo Miniscalchi', 'Santa Anastasia', 'Teatro Romano', 'Palazzo della Ragione']",Teatro Romano,strategy_nearest,True,0.0036127567291259766,success
04F296429C4C80,1,"['Arena', 'Torre Lamberti']",Palazzo della Ragione,"['AMO', 'Museo Conte', 'Centro Fotografia', 'Sighseeing', 'Santa Anastasia']",Casa Giulietta,strategy_nearest,False,0.00238800048828125,success
04F29F429C4C80,0,['Arena'],Duomo,"['AMO', 'Museo Miniscalchi', 'Santa Anastasia', 'Teatro Romano', 'Palazzo della Ragione']",Castelvecchio,strategy_nearest,False,0.003374814987182617,success
04F2964A9C4C80,3,"['Arena', 'San Fermo']",Casa Giulietta,"['Centro Fotografia', 'Sighseeing', 'Torre Lamberti', 'Museo Conte', 'Museo Radio']",Santa Anastasia,strategy_nearest,False,0.0028128623962402344,success
04F2A64A9C4C80,2,['Casa Giulietta'],Santa Anastasia,"['AMO', 'Museo Conte', 'Palazzo della Ragione', 'Teatro Romano', 'Centro Fotografia']",Santa Anastasia,strategy_nearest,False,0.0023958683013916016,success
04F2A73A9C4C80,3,"['Arena', 'Museo Lapidario']",Torre Lamberti,"['Sighseeing', 'Centro Fotografia', 'Museo Conte', 'Casa Giulietta', 'Palazzo della Ragione']",Santa Anastasia,strategy_nearest,False,0.0031969547271728516,success
04F2AA4A9C4C80,0,"['Arena', 'Casa Giulietta']",Torre Lamberti,"['Sighseeing', 'Centro Fotografia', 'Museo Conte', 'Palazzo della Ragione', 'AMO']",Duomo,strategy_nearest,False,0.0025491714477539062,success
04F2BD3A9C4C80,3,"['Arena', 'Torre Lamberti']",Casa Giulietta,"['Centro Fotografia', 'Sighseeing', 'Museo Conte', 'Museo Radio', 'Palazzo della Ragione']",Duomo,strategy_nearest,False,0.0024030208587646484,success
04F2BF429C4C80,3,['Arena'],Torre Lamberti,"['Sighseeing', 'Centro Fotografia', 'Museo Conte', 'Casa Giulietta', 'Palazzo della Ragione']",Santa Anastasia,strategy_nearest,False,0.003134012222290039,success
04F2B3429C4C80,1,"['Teatro Romano', 'Santa Anastasia', 'Duomo']",Torre Lamberti,"['Sighseeing', 'Centro Fotografia', 'Museo Conte', 'Casa Giulietta', 'Palazzo della Ragione']",Palazzo della Ragione,strategy_nearest,True,0.0038416385650634766,success
04F2BE429C4C80,2,['Torre Lamberti'],Teatro Romano,"['Santa Anastasia', 'Duomo', 'AMO', 'Palazzo della Ragione', 'Museo Conte']",Duomo,strategy_nearest,True,0.002752065658569336,success
04F2C7429C4C80,2,['Casa Giulietta'],Duomo,"['AMO', 'Museo Miniscalchi', 'Santa Anastasia', 'Teatro Romano', 'Palazzo della Ragione']",Giardino Giusti,strategy_nearest,False,0.0025141239166259766,success
04F2D23A9C4C80,3,"['Arena', 'Tomba Giulietta', 'Casa Giulietta']",San Fermo,"['Museo Storia', 'Museo Radio', 'Centro Fotografia', 'Sighseeing', 'Torre Lamberti']",Teatro Romano,strategy_nearest,False,0.0017268657684326172,success
04F2CE3A9C4C80,0,"['Duomo', 'Torre Lamberti']",Tomba Giulietta,"['San Fermo', 'Museo Storia', 'Arena', 'Museo Lapidario', 'Museo Radio']",Arena,strategy_nearest,True,0.002923727035522461,success
04F2D53A9C4C80,1,['Arena'],San Fermo,"['Museo Storia', 'Museo Radio', 'Casa Giulietta', 'Centro Fotografia', 'Sighseeing']",Torre Lamberti,strategy_nearest,False,0.003400087356567383,success
04F2DB429C4C80,0,['Arena'],Duomo,"['AMO', 'Museo Miniscalchi', 'Santa Anastasia', 'Teatro Romano', 'Palazzo della Ragione']",Castelvecchio,strategy_nearest,False,0.002499103546142578,success
04F2F33A9C4C80,1,"['Arena', 'Museo Lapidario', 'San Fermo']",Torre Lamberti,"['Sighseeing', 'Centro Fotografia', 'Museo Conte', 'Casa Giulietta', 'Palazzo della Ragione']",Palazzo della Ragione,strategy_nearest,True,0.0031511783599853516,success
04F2FD3A9C4C80,2,"['Casa Giulietta', 'Torre Lamberti']",Santa Anastasia,"['AMO', 'Museo Conte', 'Palazzo della Ragione', 'Teatro Romano', 'Centro Fotografia']",Teatro Romano,strategy_nearest,True,0.002569913864135742,success
04F2FD429C4C80,2,['San Zeno'],Santa Anastasia,"['AMO', 'Museo Conte', 'Palazzo della Ragione', 'Teatro Romano', 'Centro Fotografia']",Duomo,strategy_nearest,False,0.0033087730407714844,success
04F304429C4C84,0,['Arena'],Castelvecchio,"['Museo Lapidario', 'Verona Tour', 'Museo Radio', 'San Zeno', 'Sighseeing']",Casa Giulietta,strategy_nearest,False,0.003283262252807617,success
04F309429C4C84,0,"['San Fermo', 'Tomba Giulietta']",Arena,"['Verona Tour', 'Museo Lapidario', 'Museo Radio', 'Casa Giulietta', 'Sighseeing']",Casa Giulietta,strategy_nearest,True,0.004094123840332031,success
04F30B429C4C84,2,['Torre Lamberti'],Santa Anastasia,"['AMO', 'Museo Conte', 'Palazzo della Ragione', 'Teatro Romano', 'Centro Fotografia']",San Zeno,strategy_nearest,False,0.001795053482055664,success
04F30D3A9C4C84,0,['Arena'],Casa Giulietta,"['Centro Fotografia', 'Sighseeing', 'Torre Lamberti', 'Museo Conte', 'Museo Radio']",Teatro Romano,strategy_nearest,False,0.0032570362091064453,success
04F3163A9C4C84,0,"['Casa Giulietta', 'Teatro Romano']",Torre Lamberti,"['Sighseeing', 'Centro Fotografia', 'Museo Conte', 'Palazzo della Ragione', 'AMO']",Arena,strategy_nearest,False,0.00174713134765625,success
04F30F429C4C84,2,"['Castelvecchio', 'Tomba Giulietta', 'Museo Lapidario']",Casa Giulietta,"['Centro Fotografia', 'Sighseeing', 'Torre Lamberti', 'Museo Conte', 'Museo Radio']",Palazzo della Ragione,strategy_nearest,False,0.004008293151855469,success
04F31A3A9C4C84,3,"['Torre Lamberti', 'Castelvecchio']",Arena,"['Verona Tour', 'Museo Lapidario', 'Museo Radio', 'San Fermo', 'Casa Giulietta']",Casa Giulietta,strategy_nearest,True,0.0032269954681396484,success
04F3273A9C4C80,3,"['Arena', 'Casa Giulietta', 'Torre Lamberti']",Duomo,"['AMO', 'Museo Miniscalchi', 'Santa Anastasia', 'Teatro Romano', 'Palazzo della Ragione']",Santa Anastasia,strategy_nearest,True,0.0031888484954833984,success
04F328429C4C80,4,"['Casa Giulietta', 'Santa Anastasia']",Museo Radio,"['San Fermo', 'Arena', 'Sighseeing', 'Torre Lamberti', 'Centro Fotografia']",Tomba Giulietta,strategy_nearest,False,0.002766132354736328,success
04F32C3A9C4C80,2,['Casa Giulietta'],Torre Lamberti,"['Sighseeing', 'Centro Fotografia', 'Museo Conte', 'Palazzo della Ragione', 'AMO']",Castelvecchio,strategy_nearest,False,0.0020673274993896484,success
04F32C429C4C80,3,"['Castelvecchio', 'Duomo']",San Zeno,"['Verona Tour', 'Museo Lapidario', 'Arena', 'Museo Miniscalchi', 'Sighseeing']",Castelvecchio,strategy_nearest,False,0.002540111541748047,success
04F3483A9C4C80,0,['Arena'],Torre Lamberti,"['Sighseeing', 'Centro Fotografia', 'Museo Conte', 'Casa Giulietta', 'Palazzo della Ragione']",Casa Giulietta,strategy_nearest,True,0.0032041072845458984,success
04F34D429C4C80,0,['Arena'],Tomba Giulietta,"['San Fermo', 'Museo Storia', 'Museo Lapidario', 'Museo Radio', 'Verona Tour']",Casa Giulietta,strategy_nearest,False,0.0031538009643554688,success
04F345429C4C80,0,"['Arena', 'Museo Lapidario', 'Castelvecchio']",Casa Giulietta,"['Centro Fotografia', 'Sighseeing', 'Torre Lamberti', 'Museo Conte', 'Museo Radio']",Torre Lamberti,strategy_nearest,True,0.002679109573364258,success
04F34F3A9C4C80,1,"['Museo Lapidario', 'Arena']",Torre Lamberti,"['Sighseeing', 'Centro Fotografia', 'Museo Conte', 'Casa Giulietta', 'Palazzo della Ragione']",Palazzo della Ragione,strategy_nearest,True,0.0025620460510253906,success
04F35B429C4C80,1,"['Arena', 'Museo Lapidario', 'Casa Giulietta']",Torre Lamberti,"['Sighseeing', 'Centro Fotografia', 'Museo Conte', 'Palazzo della Ragione', 'AMO']",Palazzo della Ragione,strategy_nearest,True,0.0013928413391113281,success
04F3673A9C4C80,0,"['Castelvecchio', 'Torre Lamberti']",San Fermo,"['Museo Storia', 'Museo Radio', 'Casa Giulietta', 'Centro Fotografia', 'Arena']",Arena,strategy_nearest,True,0.002115011215209961,success
04F37A3A9C4C80,3,['Arena'],Casa Giulietta,"['Centro Fotografia', 'Sighseeing', 'Torre Lamberti', 'Museo Conte', 'Museo Radio']",Torre Lamberti,strategy_nearest,True,0.003362894058227539,success
04F350429C4C80,0,['Arena'],Casa Giulietta,"['Centro Fotografia', 'Sighseeing', 'Torre Lamberti', 'Museo Conte', 'Museo Radio']",Palazzo della Ragione,strategy_nearest,False,0.0040819644927978516,success
04F391429C4C80,0,['Museo Lapidario'],Casa Giulietta,"['Centro Fotografia', 'Sighseeing', 'Torre Lamberti', 'Museo Conte', 'Museo Radio']",Arena,strategy_nearest,False,0.0018317699432373047,success
04F3854A9C4C80,0,['Arena'],Museo Lapidario,"['Verona Tour', 'Castelvecchio', 'Museo Radio', 'San Fermo', 'Casa Giulietta']",Casa Giulietta,strategy_nearest,True,0.0027990341186523438,success
04F395429C4C80,1,"['Arena', 'Casa Giulietta']",Torre Lamberti,"['Sighseeing', 'Centro Fotografia', 'Museo Conte', 'Palazzo della Ragione', 'AMO']",Palazzo della Ragione,strategy_nearest,True,0.0036563873291015625,success
04F398429C4C80,3,"['Casa Giulietta', 'Arena']",Torre Lamberti,"['Sighseeing', 'Centro Fotografia', 'Museo Conte', 'Palazzo della Ragione', 'AMO']",Santa Anastasia,strategy_nearest,False,0.0029680728912353516,success
04F3984A9C4C80,3,['Arena'],Santa Anastasia,"['AMO', 'Museo Conte', 'Palazzo della Ragione', 'Teatro Romano', 'Centro Fotografia']",Duomo,strategy_nearest,False,0.0024871826171875,success
04F39A429C4C80,0,['Arena'],Casa Giulietta,"['Centro Fotografia', 'Sighseeing', 'Torre Lamberti', 'Museo Conte', 'Museo Radio']",Torre Lamberti,strategy_nearest,True,0.001898050308227539,success
04F399429C4C80,3,['Arena'],Santa Anastasia,"['AMO', 'Museo Conte', 'Palazzo della Ragione', 'Teatro Romano', 'Centro Fotografia']",Duomo,strategy_nearest,False,0.002694845199584961,success
04F39F429C4C80,1,"['Castelvecchio', 'Arena']",Torre Lamberti,"['Sighseeing', 'Centro Fotografia', 'Museo Conte', 'Casa Giulietta', 'Palazzo della Ragione']",Palazzo della Ragione,strategy_nearest,True,0.002749919891357422,success
04F3A0429C4C80,3,"['Tomba Giulietta', 'Arena', 'San Fermo']",Casa Giulietta,"['Centro Fotografia', 'Sighseeing', 'Torre Lamberti', 'Museo Conte', 'Museo Radio']",Santa Anastasia,strategy_nearest,False,0.0031900405883789062,success
04F3AA429C4C80,2,"['Teatro Romano', 'Santa Anastasia']",Torre Lamberti,"['Sighseeing', 'Centro Fotografia', 'Museo Conte', 'Casa Giulietta', 'Palazzo della Ragione']",Casa Giulietta,strategy_nearest,True,0.0022809505462646484,success
04F3BC429C4C80,3,"['Arena', 'San Zeno']",Casa Giulietta,"['Centro Fotografia', 'Sighseeing', 'Torre Lamberti', 'Museo Conte', 'Museo Radio']",Torre Lamberti,strategy_nearest,True,0.002658843994140625,success
04F3BE429C4C80,1,"['Duomo', 'Santa Anastasia', 'Casa Giulietta']",Torre Lamberti,"['Sighseeing', 'Centro Fotografia', 'Museo Conte', 'Palazzo della Ragione', 'AMO']",Palazzo della Ragione,strategy_nearest,True,0.0017888545989990234,success
04F3C13A9C4C80,0,['Arena'],San Fermo,"['Museo Storia', 'Museo Radio', 'Casa Giulietta', 'Centro Fotografia', 'Sighseeing']",Casa Giulietta,strategy_nearest,True,0.002978086471557617,success
04F3BF429C4C80,2,['Casa Giulietta'],Palazzo della Ragione,"['AMO', 'Museo Conte', 'Torre Lamberti', 'Centro Fotografia', 'Sighseeing']",Torre Lamberti,strategy_nearest,True,0.0028057098388671875,success
04F3C43A9C4C80,3,"['Arena', 'Torre Lamberti']",Santa Anastasia,"['AMO', 'Museo Conte', 'Palazzo della Ragione', 'Teatro Romano', 'Centro Fotografia']",Casa Giulietta,strategy_nearest,False,0.003226041793823242,success
04F3C73A9C4C80,0,['Castelvecchio'],Arena,"['Verona Tour', 'Museo Lapidario', 'Museo Radio', 'San Fermo', 'Casa Giulietta']",Casa Giulietta,strategy_nearest,True,0.0023641586303710938,success
04F3E3429C4C80,3,"['Arena', 'Castelvecchio']",Casa Giulietta,"['Centro Fotografia', 'Sighseeing', 'Torre Lamberti', 'Museo Conte', 'Museo Radio']",Santa Anastasia,strategy_nearest,False,0.0031752586364746094,success
04F3E53A9C4C80,0,['Arena'],Casa Giulietta,"['Centro Fotografia', 'Sighseeing', 'Torre Lamberti', 'Museo Conte', 'Museo Radio']",Santa Anastasia,strategy_nearest,False,0.002490997314453125,success
04F3CF3A9C4C80,0,['Arena'],Casa Giulietta,"['Centro Fotografia', 'Sighseeing', 'Torre Lamberti', 'Museo Conte', 'Museo Radio']",Duomo,strategy_nearest,False,0.0029380321502685547,success
04F3F63A9C4C80,2,['Casa Giulietta'],Torre Lamberti,"['Sighseeing', 'Centro Fotografia', 'Museo Conte', 'Palazzo della Ragione', 'AMO']",Santa Anastasia,strategy_nearest,False,0.0016891956329345703,success
04F3FD3A9C4C80,2,"['Casa Giulietta', 'Tomba Giulietta']",Castelvecchio,"['Museo Lapidario', 'Verona Tour', 'Arena', 'Museo Radio', 'San Zeno']",Torre Lamberti,strategy_nearest,False,0.0027039051055908203,success
04F3EC429C4C80,2,"['Santa Anastasia', 'Duomo']",Teatro Romano,"['AMO', 'Palazzo della Ragione', 'Museo Conte', 'Centro Fotografia', 'Museo Miniscalchi']",Castelvecchio,strategy_nearest,False,0.00299072265625,success
04F3FF3A9C4C80,0,"['Arena', 'Casa Giulietta']",Torre Lamberti,"['Sighseeing', 'Centro Fotografia', 'Museo Conte', 'Palazzo della Ragione', 'AMO']",Castelvecchio,strategy_nearest,False,0.0024378299713134766,success
04F4003A9C4C84,0,['Arena'],Castelvecchio,"['Museo Lapidario', 'Verona Tour', 'Museo Radio', 'San Zeno', 'Sighseeing']",Duomo,strategy_nearest,False,0.003428220748901367,success
04F40B429C4C84,2,['Castelvecchio'],Casa Giulietta,"['Centro Fotografia', 'Sighseeing', 'Torre Lamberti', 'Museo Conte', 'Museo Radio']",Palazzo della Ragione,strategy_nearest,False,0.0032949447631835938,success
04F412429C4C84,1,"['Arena', 'Casa Giulietta']",Palazzo della Ragione,"['AMO', 'Museo Conte', 'Torre Lamberti', 'Centro Fotografia', 'Sighseeing']",Torre Lamberti,strategy_nearest,True,0.0019969940185546875,success
04F4013A9C4C84,0,['Arena'],Torre Lamberti,"['Sighseeing', 'Centro Fotografia', 'Museo Conte', 'Casa Giulietta', 'Palazzo della Ragione']",Castelvecchio,strategy_nearest,False,0.0016226768493652344,success
04F418429C4C84,0,['Arena'],Castelvecchio,"['Museo Lapidario', 'Verona Tour', 'Museo Radio', 'San Zeno', 'Sighseeing']",Casa Giulietta,strategy_nearest,False,0.0013492107391357422,success
04F4223A9C4C80,2,['Casa Giulietta'],San Fermo,"['Museo Storia', 'Museo Radio', 'Centro Fotografia', 'Arena', 'Sighseeing']",Tomba Giulietta,strategy_nearest,False,0.0019450187683105469,success
04F413429C4C84,2,['Castelvecchio'],Santa Anastasia,"['AMO', 'Museo Conte', 'Palazzo della Ragione', 'Teatro Romano', 'Centro Fotografia']",Casa Giulietta,strategy_nearest,False,0.0027899742126464844,success
04F425429C4C80,3,"['Arena', 'Castelvecchio', 'San Zeno']",Casa Giulietta,"['Centro Fotografia', 'Sighseeing', 'Torre Lamberti', 'Museo Conte', 'Museo Radio']",Torre Lamberti,strategy_nearest,True,0.0034101009368896484,success
04F4273A9C4C80,2,"['Giardino Giusti', 'Teatro Romano']",Casa Giulietta,"['Centro Fotografia', 'Sighseeing', 'Torre Lamberti', 'Museo Conte', 'Museo Radio']",Torre Lamberti,strategy_nearest,True,0.002856016159057617,success
04F430429C4C80,3,['Casa Giulietta'],Arena,"['Verona Tour', 'Museo Lapidario', 'Museo Radio', 'San Fermo', 'Sighseeing']",Santa Anastasia,strategy_nearest,False,0.0025200843811035156,success
04F42E3A9C4C80,1,"['Castelvecchio', 'Santa Anastasia', 'Teatro Romano']",Arena,"['Verona Tour', 'Museo Lapidario', 'Museo Radio', 'San Fermo', 'Casa Giulietta']",Palazzo della Ragione,strategy_nearest,False,0.0034928321838378906,success
04F4373A9C4C80,0,['Arena'],Casa Giulietta,"['Centro Fotografia', 'Sighseeing', 'Torre Lamberti', 'Museo Conte', 'Museo Radio']",Castelvecchio,strategy_nearest,False,0.0030939579010009766,success
04F445429C4C80,3,"['Castelvecchio', 'Arena', 'Tomba Giulietta']",Torre Lamberti,"['Sighseeing', 'Centro Fotografia', 'Museo Conte', 'Casa Giulietta', 'Palazzo della Ragione']",Santa Anastasia,strategy_nearest,False,0.003943920135498047,success
04F44A429C4C80,3,"['Arena', 'San Fermo']",Casa Giulietta,"['Centro Fotografia', 'Sighseeing', 'Torre Lamberti', 'Museo Conte', 'Museo Radio']",Santa Anastasia,strategy_nearest,False,0.0026831626892089844,success
04F4503A9C4C80,0,['Arena'],Casa Giulietta,"['Centro Fotografia', 'Sighseeing', 'Torre Lamberti', 'Museo Conte', 'Museo Radio']",Torre Lamberti,strategy_nearest,True,0.0012941360473632812,success
04F452429C4C80,2,['San Fermo'],Casa Giulietta,"['Centro Fotografia', 'Sighseeing', 'Torre Lamberti', 'Museo Conte', 'Museo Radio']",Santa Anastasia,strategy_nearest,False,0.0032727718353271484,success
04F45B3A9C4C80,3,"['Castelvecchio', 'Teatro Romano']",Arena,"['Verona Tour', 'Museo Lapidario', 'Museo Radio', 'San Fermo', 'Casa Giulietta']",Santa Anastasia,strategy_nearest,False,0.001961946487426758,success
04F472429C4C80,2,"['Casa Giulietta', 'Palazzo della Ragione']",Torre Lamberti,"['Sighseeing', 'Centro Fotografia', 'Museo Conte', 'AMO', 'Museo Miniscalchi']",Santa Anastasia,strategy_nearest,False,0.002621889114379883,success
04F456429C4C80,0,['Castelvecchio'],Arena,"['Verona Tour', 'Museo Lapidario', 'Museo Radio', 'San Fermo', 'Casa Giulietta']",Casa Giulietta,strategy_nearest,True,0.0027799606323242188,success
04F4753A9C4C80,0,['Arena'],Casa Giulietta,"['Centro Fotografia', 'Sighseeing', 'Torre Lamberti', 'Museo Conte', 'Museo Radio']",San Zeno,strategy_nearest,False,0.0031468868255615234,success
04F47A3A9C4C80,0,['Arena'],Torre Lamberti,"['Sighseeing', 'Centro Fotografia', 'Museo Conte', 'Casa Giulietta', 'Palazzo della Ragione']",Casa Giulietta,strategy_nearest,True,0.0034148693084716797,success
04F4844A9C4C80,3,['Arena'],Casa Giulietta,"['Centro Fotografia', 'Sighseeing', 'Torre Lamberti', 'Museo Conte', 'Museo Radio']",Santa Anastasia,strategy_nearest,False,0.0025169849395751953,success
04F486429C4C80,2,"['Casa Giulietta', 'Casa Giulietta', 'Torre Lamberti']",Palazzo della Ragione,"['AMO', 'Museo Conte', 'Centro Fotografia', 'Sighseeing', 'Santa Anastasia']",Santa Anastasia,strategy_nearest,True,0.0028221607208251953,success
04F479429C4C80,3,"['Arena', 'Torre Lamberti']",Santa Anastasia,"['AMO', 'Museo Conte', 'Palazzo della Ragione', 'Teatro Romano', 'Centro Fotografia']",Duomo,strategy_nearest,False,0.002117156982421875,success
04F4903A9C4C80,1,['Arena'],Casa Giulietta,"['Centro Fotografia', 'Sighseeing', 'Torre Lamberti', 'Museo Conte', 'Museo Radio']",Castelvecchio,strategy_nearest,False,0.0013070106506347656,success
04F4894A9C4C80,0,['Arena'],Tomba Giulietta,"['San Fermo', 'Museo Storia', 'Museo Lapidario', 'Museo Radio', 'Verona Tour']",San Fermo,strategy_nearest,True,0.0034279823303222656,success
04F4924A9C4C80,0,"['Arena', 'Museo Lapidario']",Casa Giulietta,"['Centro Fotografia', 'Sighseeing', 'Torre Lamberti', 'Museo Conte', 'Museo Radio']",Torre Lamberti,strategy_nearest,True,0.0032782554626464844,success
04F48D4A9C4C80,1,['Arena'],Casa Giulietta,"['Centro Fotografia', 'Sighseeing', 'Torre Lamberti', 'Museo Conte', 'Museo Radio']",Palazzo della Ragione,strategy_nearest,False,0.002753019332885742,success
04F4AA3A9C4C80,1,"['Tomba Giulietta', 'Casa Giulietta']",Palazzo della Ragione,"['AMO', 'Museo Conte', 'Torre Lamberti', 'Centro Fotografia', 'Sighseeing']",Arena,strategy_nearest,False,0.002679109573364258,success
04F49F429C4C80,2,['Castelvecchio'],Tomba Giulietta,"['San Fermo', 'Museo Storia', 'Arena', 'Museo Lapidario', 'Museo Radio']",Giardino Giusti,strategy_nearest,False,0.004008054733276367,success
04F4A84A9C4C80,2,"['Museo Lapidario', 'Castelvecchio']",Casa Giulietta,"['Centro Fotografia', 'Sighseeing', 'Torre Lamberti', 'Museo Conte', 'Museo Radio']",Torre Lamberti,strategy_nearest,True,0.0027761459350585938,success
04F4AB429C4C80,0,['Arena'],Castelvecchio,"['Museo Lapidario', 'Verona Tour', 'Museo Radio', 'San Zeno', 'Sighseeing']",Casa Giulietta,strategy_nearest,False,0.0014050006866455078,success
04F4C0429C4C80,3,['Arena'],Torre Lamberti,"['Sighseeing', 'Centro Fotografia', 'Museo Conte', 'Casa Giulietta', 'Palazzo della Ragione']",Santa Anastasia,strategy_nearest,False,0.0019431114196777344,success
04F4BC3A9C4C80,3,['Arena'],Casa Giulietta,"['Centro Fotografia', 'Sighseeing', 'Torre Lamberti', 'Museo Conte', 'Museo Radio']",Santa Anastasia,strategy_nearest,False,0.0032892227172851562,success
04F4BB3A9C4C80,2,['Tomba Giulietta'],Teatro Romano,"['Santa Anastasia', 'Duomo', 'AMO', 'Palazzo della Ragione', 'Museo Conte']",Duomo,strategy_nearest,True,0.002794981002807617,success
04F4AC3A9C4C80,3,['Castelvecchio'],Arena,"['Verona Tour', 'Museo Lapidario', 'Museo Radio', 'San Fermo', 'Casa Giulietta']",San Zeno,strategy_nearest,False,0.0016019344329833984,success
04F50B429C4C84,0,['Castelvecchio'],Arena,"['Verona Tour', 'Museo Lapidario', 'Museo Radio', 'San Fermo', 'Casa Giulietta']",Torre Lamberti,strategy_nearest,False,0.0021600723266601562,success
04F4FC429C4C80,3,"['San Zeno', 'Castelvecchio', 'Casa Giulietta']",Santa Anastasia,"['AMO', 'Museo Conte', 'Palazzo della Ragione', 'Teatro Romano', 'Centro Fotografia']",Teatro Romano,strategy_nearest,True,0.003693819046020508,success
04F511429C4C84,0,['Teatro Romano'],Museo Lapidario,"['Verona Tour', 'Arena', 'Castelvecchio', 'Museo Radio', 'San Fermo']",Arena,strategy_nearest,True,0.002780914306640625,success
04F504429C4C84,3,"['Arena', 'Teatro Romano', 'Giardino Giusti']",Santa Anastasia,"['AMO', 'Museo Conte', 'Palazzo della Ragione', 'Centro Fotografia', 'Duomo']",San Zeno,strategy_nearest,False,0.0014069080352783203,success
04F518429C4C84,3,['Arena'],Casa Giulietta,"['Centro Fotografia', 'Sighseeing', 'Torre Lamberti', 'Museo Conte', 'Museo Radio']",Santa Anastasia,strategy_nearest,False,0.001856088638305664,success
04F5173A9C4C84,0,['Casa Giulietta'],Torre Lamberti,"['Sighseeing', 'Centro Fotografia', 'Museo Conte', 'Palazzo della Ragione', 'AMO']",Arena,strategy_nearest,False,0.0024840831756591797,success
04F5224A9C4C80,1,"['Arena', 'Casa Giulietta', 'Torre Lamberti', 'Palazzo della Ragione', 'Santa Anastasia']",Duomo,"['AMO', 'Museo Miniscalchi', 'Teatro Romano', 'Museo Conte', 'Centro Fotografia']",Teatro Romano,strategy_nearest,True,0.002424955368041992,success
04F520429C4C80,1,"['Palazzo della Ragione', 'Torre Lamberti', 'Casa Giulietta']",Santa Anastasia,"['AMO', 'Museo Conte', 'Teatro Romano', 'Centro Fotografia', 'Duomo']",Teatro Romano,strategy_nearest,True,0.0036170482635498047,success
04F52B3A9C4C80,0,['Arena'],Castelvecchio,"['Museo Lapidario', 'Verona Tour', 'Museo Radio', 'San Zeno', 'Sighseeing']",Duomo,strategy_nearest,False,0.0026438236236572266,success
04F523429C4C80,1,"['Museo Lapidario', 'Arena', 'Casa Giulietta', 'Torre Lamberti']",Palazzo della Ragione,"['AMO', 'Museo Conte', 'Centro Fotografia', 'Sighseeing', 'Santa Anastasia']",San Zeno,strategy_nearest,False,0.002476930618286133,success
04F534429C4C80,0,"['Casa Giulietta', 'Teatro Romano']",Arena,"['Verona Tour', 'Museo Lapidario', 'Museo Radio', 'San Fermo', 'Sighseeing']",Torre Lamberti,strategy_nearest,False,0.0033240318298339844,success
04F52D3A9C4C80,2,['Tomba Giulietta'],San Fermo,"['Museo Storia', 'Museo Radio', 'Casa Giulietta', 'Centro Fotografia', 'Arena']",Santa Anastasia,strategy_nearest,False,0.002743959426879883,success
04F54F429C4C80,3,['Castelvecchio'],Arena,"['Verona Tour', 'Museo Lapidario', 'Museo Radio', 'San Fermo', 'Casa Giulietta']",Torre Lamberti,strategy_nearest,False,0.0024938583374023438,success
04F558429C4C80,2,['Torre Lamberti'],San Fermo,"['Museo Storia', 'Museo Radio', 'Casa Giulietta', 'Centro Fotografia', 'Arena']",Santa Anastasia,strategy_nearest,False,0.0025620460510253906,success
04F55A3A9C4C80,2,"['Casa Giulietta', 'Torre Lamberti']",San Fermo,"['Museo Storia', 'Museo Radio', 'Centro Fotografia', 'Arena', 'Sighseeing']",Duomo,strategy_nearest,False,0.0026748180389404297,success
04F559429C4C80,3,"['Duomo', 'Santa Anastasia']",Torre Lamberti,"['Sighseeing', 'Centro Fotografia', 'Museo Conte', 'Casa Giulietta', 'Palazzo della Ragione']",Casa Giulietta,strategy_nearest,True,0.0034759044647216797,success
04F56C429C4C80,3,"['Arena', 'San Fermo', 'Torre Lamberti']",Duomo,"['AMO', 'Museo Miniscalchi', 'Santa Anastasia', 'Teatro Romano', 'Palazzo della Ragione']",Santa Anastasia,strategy_nearest,True,0.004052877426147461,success
04F57C4A9C4C80,3,['Arena'],Casa Giulietta,"['Centro Fotografia', 'Sighseeing', 'Torre Lamberti', 'Museo Conte', 'Museo Radio']",San Fermo,strategy_nearest,False,0.0027108192443847656,success
04F569429C4C80,0,['Arena'],Torre Lamberti,"['Sighseeing', 'Centro Fotografia', 'Museo Conte', 'Casa Giulietta', 'Palazzo della Ragione']",Casa Giulietta,strategy_nearest,True,0.0028722286224365234,success
04F57E429C4C80,2,['Museo Lapidario'],Tomba Giulietta,"['San Fermo', 'Museo Storia', 'Arena', 'Museo Radio', 'Verona Tour']",Casa Giulietta,strategy_nearest,False,0.0034399032592773438,success
04F57F3A9C4C80,1,"['Arena', 'Casa Giulietta', 'Santa Anastasia', 'Teatro Romano', 'Duomo']",Torre Lamberti,"['Sighseeing', 'Centro Fotografia', 'Museo Conte', 'Palazzo della Ragione', 'AMO']",Palazzo della Ragione,strategy_nearest,True,0.002466917037963867,success
04F582429C4C80,3,"['Arena', 'Casa Giulietta']",San Fermo,"['Museo Storia', 'Museo Radio', 'Centro Fotografia', 'Sighseeing', 'Torre Lamberti']",Teatro Romano,strategy_nearest,False,0.0017850399017333984,success
04F5863A9C4C80,3,"['Duomo', 'Torre Lamberti', 'Santa Anastasia']",Teatro Romano,"['AMO', 'Palazzo della Ragione', 'Museo Conte', 'Centro Fotografia', 'Museo Miniscalchi']",Casa Giulietta,strategy_nearest,False,0.002627134323120117,success
04F583429C4C80,0,['Arena'],Casa Giulietta,"['Centro Fotografia', 'Sighseeing', 'Torre Lamberti', 'Museo Conte', 'Museo Radio']",Santa Anastasia,strategy_nearest,False,0.003306150436401367,success
04F5833A9C4C80,0,['Arena'],Torre Lamberti,"['Sighseeing', 'Centro Fotografia', 'Museo Conte', 'Casa Giulietta', 'Palazzo della Ragione']",Casa Giulietta,strategy_nearest,True,0.0035462379455566406,success
04F5934A9C4C80,0,['Arena'],Duomo,"['AMO', 'Museo Miniscalchi', 'Santa Anastasia', 'Teatro Romano', 'Palazzo della Ragione']",Castelvecchio,strategy_nearest,False,0.0030710697174072266,success
04F5A1429C4C80,0,"['Arena', 'Castelvecchio']",Tomba Giulietta,"['San Fermo', 'Museo Storia', 'Museo Lapidario', 'Museo Radio', 'Verona Tour']",Giardino Giusti,strategy_nearest,False,0.002537250518798828,success
04F5984A9C4C80,3,"['Arena', 'San Fermo']",Casa Giulietta,"['Centro Fotografia', 'Sighseeing', 'Torre Lamberti', 'Museo Conte', 'Museo Radio']",Santa Anastasia,strategy_nearest,False,0.002135038375854492,success
04F59A429C4C80,1,"['Castelvecchio', 'Museo Lapidario', 'Casa Giulietta', 'Torre Lamberti']",Palazzo della Ragione,"['AMO', 'Museo Conte', 'Centro Fotografia', 'Sighseeing', 'Santa Anastasia']",Santa Anastasia,strategy_nearest,True,0.002096891403198242,success
04F5994A9C4C80,0,['Arena'],Museo Lapidario,"['Verona Tour', 'Castelvecchio', 'Museo Radio', 'San Fermo', 'Casa Giulietta']",Castelvecchio,strategy_nearest,True,0.003448009490966797,success
04F5AA4A9C4C80,0,['Duomo'],Torre Lamberti,"['Sighseeing', 'Centro Fotografia', 'Museo Conte', 'Casa Giulietta', 'Palazzo della Ragione']",Arena,strategy_nearest,False,0.002834320068359375,success
04F5A64A9C4C80,0,['Arena'],Casa Giulietta,"['Centro Fotografia', 'Sighseeing', 'Torre Lamberti', 'Museo Conte', 'Museo Radio']",Torre Lamberti,strategy_nearest,True,0.0020339488983154297,success
04F5C0429C4C80,3,"['Torre Lamberti', 'Arena']",San Zeno,"['Castelvecchio', 'Verona Tour', 'Museo Lapidario', 'Museo Miniscalchi', 'Sighseeing']",Castelvecchio,strategy_nearest,True,0.0040090084075927734,success
04F5E23A9C4C80,0,"['Arena', 'Museo Lapidario']",Giardino Giusti,"['Santa Anastasia', 'Teatro Romano', 'Museo Conte', 'Centro Fotografia', 'Museo Storia']",Torre Lamberti,strategy_nearest,False,0.002669095993041992,success
04F5E63A9C4C80,2,"['Castelvecchio', 'Casa Giulietta']",Torre Lamberti,"['Sighseeing', 'Centro Fotografia', 'Museo Conte', 'Palazzo della Ragione', 'AMO']",Palazzo della Ragione,strategy_nearest,True,0.002785205841064453,success
04F5F13A9C4C80,1,"['San Zeno', 'Castelvecchio']",Arena,"['Verona Tour', 'Museo Lapidario', 'Museo Radio', 'San Fermo', 'Casa Giulietta']",Duomo,strategy_nearest,False,0.003213644027709961,success
04F5E83A9C4C80,3,"['Arena', 'Santa Anastasia']",Casa Giulietta,"['Centro Fotografia', 'Sighseeing', 'Torre Lamberti', 'Museo Conte', 'Museo Radio']",San Fermo,strategy_nearest,False,0.0021882057189941406,success
04F5E93A9C4C80,2,['Duomo'],Torre Lamberti,"['Sighseeing', 'Centro Fotografia', 'Museo Conte', 'Casa Giulietta', 'Palazzo della Ragione']",Casa Giulietta,strategy_nearest,True,0.0027277469635009766,success
04F6233A9C4C80,3,"['Casa Giulietta', 'Santa Anastasia']",Teatro Romano,"['Duomo', 'AMO', 'Palazzo della Ragione', 'Museo Conte', 'Centro Fotografia']",Duomo,strategy_nearest,True,0.0020160675048828125,success
04F60A429C4C84,3,"['Arena', 'Casa Giulietta']",Torre Lamberti,"['Sighseeing', 'Centro Fotografia', 'Museo Conte', 'Palazzo della Ragione', 'AMO']",Santa Anastasia,strategy_nearest,False,0.002877950668334961,success
04F616429C4C84,1,"['Arena', 'Casa Giulietta']",Castelvecchio,"['Museo Lapidario', 'Verona Tour', 'Museo Radio', 'San Zeno', 'Sighseeing']",Torre Lamberti,strategy_nearest,False,0.0034449100494384766,success
04F621429C4C80,6,['Arena'],Verona Tour,"['Museo Lapidario', 'Castelvecchio', 'Museo Radio', 'Casa Giulietta', 'Sighseeing']",Castelvecchio,strategy_nearest,True,0.0014731884002685547,success
04F6303A9C4C80,2,"['Giardino Giusti', 'Santa Anastasia', 'Torre Lamberti']",Casa Giulietta,"['Centro Fotografia', 'Sighseeing', 'Museo Conte', 'Museo Radio', 'Palazzo della Ragione']",Castelvecchio,strategy_nearest,False,0.0021309852600097656,success
04F6243A9C4C80,2,['Casa Giulietta'],Santa Anastasia,"['AMO', 'Museo Conte', 'Palazzo della Ragione', 'Teatro Romano', 'Centro Fotografia']",Castelvecchio,strategy_nearest,False,0.0015888214111328125,success
04F645429C4C80,3,"['Castelvecchio', 'Casa Giulietta', 'Teatro Romano']",Arena,"['Verona Tour', 'Museo Lapidario', 'Museo Radio', 'San Fermo', 'Sighseeing']",Torre Lamberti,strategy_nearest,False,0.0026280879974365234,success
04F624429C4C80,1,"['Torre Lamberti', 'Casa Giulietta', 'San Fermo', 'Arena', 'Castelvecchio']",Palazzo della Ragione,"['AMO', 'Museo Conte', 'Centro Fotografia', 'Sighseeing', 'Santa Anastasia']",Santa Anastasia,strategy_nearest,True,0.0035529136657714844,success
04F655429C4C80,2,['San Zeno'],Castelvecchio,"['Museo Lapidario', 'Verona Tour', 'Arena', 'Museo Radio', 'Sighseeing']",Santa Anastasia,strategy_nearest,False,0.0023479461669921875,success
04F64E429C4C80,0,['Arena'],Arena,"['Verona Tour', 'Museo Lapidario', 'Museo Radio', 'San Fermo', 'Casa Giulietta']",Casa Giulietta,strategy_nearest,True,0.002958059310913086,success
04F658429C4C80,2,['Torre Lamberti'],Santa Anastasia,"['AMO', 'Museo Conte', 'Palazzo della Ragione', 'Teatro Romano', 'Centro Fotografia']",San Zeno,strategy_nearest,False,0.0030460357666015625,success
04F659429C4C80,1,"['Arena', 'Casa Giulietta']",Santa Anastasia,"['AMO', 'Museo Conte', 'Palazzo della Ragione', 'Teatro Romano', 'Centro Fotografia']",Palazzo della Ragione,strategy_nearest,True,0.003032207489013672,success
04F676429C4C80,0,['Museo Lapidario'],Arena,"['Verona Tour', 'Museo Radio', 'San Fermo', 'Casa Giulietta', 'Sighseeing']",Casa Giulietta,strategy_nearest,True,0.0032329559326171875,success
04F65E429C4C80,3,"['Casa Giulietta', 'Torre Lamberti']",Santa Anastasia,"['AMO', 'Museo Conte', 'Palazzo della Ragione', 'Teatro Romano', 'Centro Fotografia']",Duomo,strategy_nearest,False,0.0020630359649658203,success
04F669429C4C80,3,['Arena'],Casa Giulietta,"['Centro Fotografia', 'Sighseeing', 'Torre Lamberti', 'Museo Conte', 'Museo Radio']",Torre Lamberti,strategy_nearest,True,0.0027539730072021484,success
04F65A429C4C80,2,"['Palazzo della Ragione', 'Casa Giulietta']",Santa Anastasia,"['AMO', 'Museo Conte', 'Teatro Romano', 'Centro Fotografia', 'Duomo']",Duomo,strategy_nearest,True,0.002488851547241211,success
04F6783A9C4C80,3,"['Arena', 'Casa Giulietta']",Giardino Giusti,"['Santa Anastasia', 'Teatro Romano', 'Museo Conte', 'Centro Fotografia', 'Museo Storia']",Teatro Romano,strategy_nearest,True,0.0028498172760009766,success
04F691429C4C80,0,['Arena'],Casa Giulietta,"['Centro Fotografia', 'Sighseeing', 'Torre Lamberti', 'Museo Conte', 'Museo Radio']",Santa Anastasia,strategy_nearest,False,0.0033190250396728516,success
04F68F4A9C4C80,2,"['Torre Lamberti', 'Palazzo della Ragione']",Casa Giulietta,"['Centro Fotografia', 'Sighseeing', 'Museo Conte', 'Museo Radio', 'San Fermo']",Duomo,strategy_nearest,False,0.0015568733215332031,success
04F67C4A9C4C80,0,['Tomba Giulietta'],Casa Giulietta,"['Centro Fotografia', 'Sighseeing', 'Torre Lamberti', 'Museo Conte', 'Museo Radio']",Arena,strategy_nearest,False,0.002252817153930664,success
04F69B429C4C80,2,['Tomba Giulietta'],Santa Anastasia,"['AMO', 'Museo Conte', 'Palazzo della Ragione', 'Teatro Romano', 'Centro Fotografia']",San Fermo,strategy_nearest,False,0.0014028549194335938,success
04F69A429C4C80,1,"['Arena', 'Casa Giulietta']",Palazzo della Ragione,"['AMO', 'Museo Conte', 'Torre Lamberti', 'Centro Fotografia', 'Sighseeing']",Torre Lamberti,strategy_nearest,True,0.002248048782348633,success
04F69B4A9C4C80,2,['Tomba Giulietta'],Duomo,"['AMO', 'Museo Miniscalchi', 'Santa Anastasia', 'Teatro Romano', 'Palazzo della Ragione']",Santa Anastasia,strategy_nearest,True,0.0033521652221679688,success
04F69F4A9C4C80,0,['Arena'],Casa Giulietta,"['Centro Fotografia', 'Sighseeing', 'Torre Lamberti', 'Museo Conte', 'Museo Radio']",Torre Lamberti,strategy_nearest,True,0.002456188201904297,success
04F6A74A9C4C80,3,['Arena'],Torre Lamberti,"['Sighseeing', 'Centro Fotografia', 'Museo Conte', 'Casa Giulietta', 'Palazzo della Ragione']",Santa Anastasia,strategy_nearest,False,0.003951072692871094,success
04F6B03A9C4C80,3,['Arena'],Casa Giulietta,"['Centro Fotografia', 'Sighseeing', 'Torre Lamberti', 'Museo Conte', 'Museo Radio']",Santa Anastasia,strategy_nearest,False,0.0038950443267822266,success
04F6BB429C4C80,3,['Santa Anastasia'],Teatro Romano,"['Duomo', 'AMO', 'Palazzo della Ragione', 'Museo Conte', 'Centro Fotografia']",San Fermo,strategy_nearest,False,0.0019681453704833984,success
04F6B3429C4C80,0,['Teatro Romano'],Arena,"['Verona Tour', 'Museo Lapidario', 'Museo Radio', 'San Fermo', 'Casa Giulietta']",Castelvecchio,strategy_nearest,False,0.0013990402221679688,success
04F6CE3A9C4C80,0,['Arena'],Museo Lapidario,"['Verona Tour', 'Castelvecchio', 'Museo Radio', 'San Fermo', 'Casa Giulietta']",Castelvecchio,strategy_nearest,True,0.0015149116516113281,success
04F6CD3A9C4C80,0,['Arena'],Castelvecchio,"['Museo Lapidario', 'Verona Tour', 'Museo Radio', 'San Zeno', 'Sighseeing']",Torre Lamberti,strategy_nearest,False,0.0026938915252685547,success
04F6D53A9C4C80,1,"['Arena', 'Museo Lapidario', 'Torre Lamberti']",Palazzo della Ragione,"['AMO', 'Museo Conte', 'Centro Fotografia', 'Sighseeing', 'Santa Anastasia']",Casa Giulietta,strategy_nearest,False,0.001990079879760742,success
04F6C1429C4C80,0,['Arena'],Castelvecchio,"['Museo Lapidario', 'Verona Tour', 'Museo Radio', 'San Zeno', 'Sighseeing']",Casa Giulietta,strategy_nearest,False,0.003381967544555664,success
04F6E43A9C4C80,0,['Arena'],Casa Giulietta,"['Centro Fotografia', 'Sighseeing', 'Torre Lamberti', 'Museo Conte', 'Museo Radio']",Castelvecchio,strategy_nearest,False,0.002582073211669922,success
04F6E83A9C4C80,0,['Arena'],San Fermo,"['Museo Storia', 'Museo Radio', 'Casa Giulietta', 'Centro Fotografia', 'Sighseeing']",Torre Lamberti,strategy_nearest,False,0.002585172653198242,success
04F6F6429C4C80,3,"['Arena', 'Casa Giulietta', 'Santa Anastasia', 'Duomo']",Museo Lapidario,"['Verona Tour', 'Castelvecchio', 'Museo Radio', 'San Fermo', 'Tomba Giulietta']",Tomba Giulietta,strategy_nearest,True,0.0013201236724853516,success
04F7013A9C4C84,2,"['Castelvecchio', 'Casa Giulietta']",Santa Anastasia,"['AMO', 'Museo Conte', 'Palazzo della Ragione', 'Teatro Romano', 'Centro Fotografia']",Duomo,strategy_nearest,False,0.003422975540161133,success
04F710429C4C84,0,['Arena'],Torre Lamberti,"['Sighseeing', 'Centro Fotografia', 'Museo Conte', 'Casa Giulietta', 'Palazzo della Ragione']",Casa Giulietta,strategy_nearest,True,0.0033080577850341797,success
04F7264A9C4C80,1,"['Arena', 'Teatro Romano', 'Torre Lamberti']",Palazzo della Ragione,"['AMO', 'Museo Conte', 'Centro Fotografia', 'Sighseeing', 'Santa Anastasia']",Santa Anastasia,strategy_nearest,True,0.002904176712036133,success
04F7244A9C4C80,3,"['Castelvecchio', 'San Zeno', 'Casa Giulietta']",Santa Anastasia,"['AMO', 'Museo Conte', 'Palazzo della Ragione', 'Teatro Romano', 'Centro Fotografia']",Arena,strategy_nearest,False,0.0026891231536865234,success
04F7073A9C4C84,0,['Casa Giulietta'],Santa Anastasia,"['AMO', 'Museo Conte', 'Palazzo della Ragione', 'Teatro Romano', 'Centro Fotografia']",Castelvecchio,strategy_nearest,False,0.0028312206268310547,success
04F7333A9C4C80,1,"['Casa Giulietta', 'Arena', 'Giardino Giusti']",Palazzo della Ragione,"['AMO', 'Museo Conte', 'Torre Lamberti', 'Centro Fotografia', 'Sighseeing']",Santa Anastasia,strategy_nearest,False,0.0017888545989990234,success
04F7373A9C4C80,2,['Castelvecchio'],Casa Giulietta,"['Centro Fotografia', 'Sighseeing', 'Torre Lamberti', 'Museo Conte', 'Museo Radio']",Santa Anastasia,strategy_nearest,False,0.0017049312591552734,success
04F73A4A9C4C80,0,['Castelvecchio'],Duomo,"['AMO', 'Museo Miniscalchi', 'Santa Anastasia', 'Teatro Romano', 'Palazzo della Ragione']",Arena,strategy_nearest,False,0.002627849578857422,success
04F7463A9C4C80,1,"['Casa Giulietta', 'Arena', 'Museo Lapidario']",Santa Anastasia,"['AMO', 'Museo Conte', 'Palazzo della Ragione', 'Teatro Romano', 'Centro Fotografia']",Palazzo della Ragione,strategy_nearest,True,0.0018372535705566406,success
04F754429C4C80,3,"['Arena', 'San Fermo', 'Museo Storia']",Casa Giulietta,"['Centro Fotografia', 'Sighseeing', 'Torre Lamberti', 'Museo Conte', 'Museo Radio']",Torre Lamberti,strategy_nearest,True,0.0026061534881591797,success
04F7573A9C4C80,0,['Castelvecchio'],Casa Giulietta,"['Centro Fotografia', 'Sighseeing', 'Torre Lamberti', 'Museo Conte', 'Museo Radio']",Arena,strategy_nearest,False,0.0024881362915039062,success
04F758429C4C80,0,['Arena'],Museo Lapidario,"['Verona Tour', 'Castelvecchio', 'Museo Radio', 'San Fermo', 'Casa Giulietta']",Castelvecchio,strategy_nearest,True,0.003116130828857422,success
04F75B3A9C4C80,1,"['Santa Anastasia', 'Casa Giulietta', 'Torre Lamberti']",Palazzo della Ragione,"['AMO', 'Museo Conte', 'Centro Fotografia', 'Sighseeing', 'Museo Miniscalchi']",Museo Lapidario,strategy_nearest,False,0.0030579566955566406,success
04F75D429C4C80,0,['Arena'],Casa Giulietta,"['Centro Fotografia', 'Sighseeing', 'Torre Lamberti', 'Museo Conte', 'Museo Radio']",Torre Lamberti,strategy_nearest,True,0.0018110275268554688,success
04F7683A9C4C80,2,"['Castelvecchio', 'Torre Lamberti']",Santa Anastasia,"['AMO', 'Museo Conte', 'Palazzo della Ragione', 'Teatro Romano', 'Centro Fotografia']",Duomo,strategy_nearest,False,0.002753019332885742,success
04F769429C4C80,0,['Arena'],Casa Giulietta,"['Centro Fotografia', 'Sighseeing', 'Torre Lamberti', 'Museo Conte', 'Museo Radio']",Torre Lamberti,strategy_nearest,True,0.0030918121337890625,success
04F76C429C4C80,3,"['Arena', 'San Fermo', 'Torre Lamberti']",Santa Anastasia,"['AMO', 'Museo Conte', 'Palazzo della Ragione', 'Teatro Romano', 'Centro Fotografia']",Teatro Romano,strategy_nearest,True,0.002591848373413086,success
04F771429C4C80,2,['Torre Lamberti'],Santa Anastasia,"['AMO', 'Museo Conte', 'Palazzo della Ragione', 'Teatro Romano', 'Centro Fotografia']",Duomo,strategy_nearest,False,0.0025568008422851562,success
04F76F3A9C4C80,2,['Palazzo della Ragione'],Torre Lamberti,"['Sighseeing', 'Centro Fotografia', 'Museo Conte', 'Casa Giulietta', 'AMO']",Castelvecchio,strategy_nearest,False,0.003906726837158203,success
04F77E429C4C80,3,"['Arena', 'Teatro Romano']",Duomo,"['AMO', 'Museo Miniscalchi', 'Santa Anastasia', 'Palazzo della Ragione', 'Museo Conte']",Torre Lamberti,strategy_nearest,False,0.0023908615112304688,success
04F7823A9C4C80,0,['Arena'],Casa Giulietta,"['Centro Fotografia', 'Sighseeing', 'Torre Lamberti', 'Museo Conte', 'Museo Radio']",Santa Anastasia,strategy_nearest,False,0.0023758411407470703,success
04F774429C4C80,2,"['San Fermo', 'Museo Storia']",Torre Lamberti,"['Sighseeing', 'Centro Fotografia', 'Museo Conte', 'Casa Giulietta', 'Palazzo della Ragione']",Duomo,strategy_nearest,False,0.00410008430480957,success
04F7803A9C4C80,1,"['Arena', 'Casa Giulietta', 'Santa Anastasia', 'Teatro Romano', 'Duomo']",Torre Lamberti,"['Sighseeing', 'Centro Fotografia', 'Museo Conte', 'Palazzo della Ragione', 'AMO']",Palazzo della Ragione,strategy_nearest,True,0.003347158432006836,success
04F783429C4C80,0,['Arena'],Duomo,"['AMO', 'Museo Miniscalchi', 'Santa Anastasia', 'Teatro Romano', 'Palazzo della Ragione']",Casa Giulietta,strategy_nearest,False,0.002660036087036133,success
04F789429C4C80,1,"['Museo Lapidario', 'Arena', 'San Fermo']",Casa Giulietta,"['Centro Fotografia', 'Sighseeing', 'Torre Lamberti', 'Museo Conte', 'Museo Radio']",Palazzo della Ragione,strategy_nearest,False,0.0027158260345458984,success
04F792429C4C80,0,['Arena'],Teatro Romano,"['Santa Anastasia', 'Duomo', 'AMO', 'Palazzo della Ragione', 'Museo Conte']",Castelvecchio,strategy_nearest,False,0.002045154571533203,success
04F78F3A9C4C80,2,"['Teatro Romano', 'Santa Anastasia']",Casa Giulietta,"['Centro Fotografia', 'Sighseeing', 'Torre Lamberti', 'Museo Conte', 'Museo Radio']",Casa Giulietta,strategy_nearest,False,0.003353118896484375,success
04F7A8429C4C80,1,['Arena'],Casa Giulietta,"['Centro Fotografia', 'Sighseeing', 'Torre Lamberti', 'Museo Conte', 'Museo Radio']",Torre Lamberti,strategy_nearest,True,0.0019860267639160156,success
04F7A0429C4C80,1,"['Tomba Giulietta', 'Arena']",Palazzo della Ragione,"['AMO', 'Museo Conte', 'Torre Lamberti', 'Centro Fotografia', 'Sighseeing']",Torre Lamberti,strategy_nearest,True,0.0034241676330566406,success
04F798429C4C80,1,"['Santa Anastasia', 'Teatro Romano', 'Arena']",Castelvecchio,"['Museo Lapidario', 'Verona Tour', 'Museo Radio', 'San Zeno', 'Sighseeing']",Casa Giulietta,strategy_nearest,False,0.0020551681518554688,success
04F7AA3A9C4C80,1,"['Arena', 'San Fermo', 'Casa Giulietta']",Torre Lamberti,"['Sighseeing', 'Centro Fotografia', 'Museo Conte', 'Palazzo della Ragione', 'AMO']",Santa Anastasia,strategy_nearest,False,0.0033767223358154297,success
04F7AA4A9C4C80,3,['Teatro Romano'],Duomo,"['AMO', 'Museo Miniscalchi', 'Santa Anastasia', 'Palazzo della Ragione', 'Museo Conte']",Santa Anastasia,strategy_nearest,True,0.0022039413452148438,success
04F7B7429C4C80,0,['Arena'],Castelvecchio,"['Museo Lapidario', 'Verona Tour', 'Museo Radio', 'San Zeno', 'Sighseeing']",Casa Giulietta,strategy_nearest,False,0.0032320022583007812,success
04F7BB429C4C80,2,['Castelvecchio'],Casa Giulietta,"['Centro Fotografia', 'Sighseeing', 'Torre Lamberti', 'Museo Conte', 'Museo Radio']",San Zeno,strategy_nearest,False,0.0026068687438964844,success
04F7C6429C4C80,3,"['Arena', 'Santa Anastasia', 'Duomo']",Torre Lamberti,"['Sighseeing', 'Centro Fotografia', 'Museo Conte', 'Casa Giulietta', 'Palazzo della Ragione']",Casa Giulietta,strategy_nearest,True,0.002749204635620117,success
04F7CD429C4C80,1,"['San Fermo', 'Casa Giulietta', 'Torre Lamberti', 'Palazzo della Ragione', 'Santa Anastasia']",Duomo,"['AMO', 'Museo Miniscalchi', 'Teatro Romano', 'Museo Conte', 'Centro Fotografia']",Teatro Romano,strategy_nearest,True,0.0030889511108398438,success
04F7F63A9C4C80,0,['Casa Giulietta'],Arena,"['Verona Tour', 'Museo Lapidario', 'Museo Radio', 'San Fermo', 'Sighseeing']",Tomba Giulietta,strategy_nearest,False,0.0029828548431396484,success
04F8103A9C4C84,0,['Casa Giulietta'],Arena,"['Verona Tour', 'Museo Lapidario', 'Museo Radio', 'San Fermo', 'Sighseeing']",Tomba Giulietta,strategy_nearest,False,0.0032939910888671875,success
04F7F23A9C4C80,3,"['Teatro Romano', 'Teatro Romano']",Arena,"['Verona Tour', 'Museo Lapidario', 'Museo Radio', 'San Fermo', 'Casa Giulietta']",Castelvecchio,strategy_nearest,False,0.0027778148651123047,success
04F814429C4C84,2,['Teatro Romano'],Duomo,"['AMO', 'Museo Miniscalchi', 'Santa Anastasia', 'Palazzo della Ragione', 'Museo Conte']",Castelvecchio,strategy_nearest,False,0.0030438899993896484,success
04F8254A9C4C80,1,"['Arena', 'Casa Giulietta', 'Torre Lamberti', 'Palazzo della Ragione']",Santa Anastasia,"['AMO', 'Museo Conte', 'Teatro Romano', 'Centro Fotografia', 'Duomo']",Tomba Giulietta,strategy_nearest,False,0.0024831295013427734,success
04F82D429C4C80,0,"['Arena', 'Casa Giulietta']",Torre Lamberti,"['Sighseeing', 'Centro Fotografia', 'Museo Conte', 'Palazzo della Ragione', 'AMO']",Teatro Romano,strategy_nearest,False,0.0018720626831054688,success
04F824429C4C80,2,['Casa Giulietta'],Castelvecchio,"['Museo Lapidario', 'Verona Tour', 'Arena', 'Museo Radio', 'San Zeno']",Duomo,strategy_nearest,False,0.003993034362792969,success
04F8343A9C4C80,2,['Santa Anastasia'],Duomo,"['AMO', 'Museo Miniscalchi', 'Teatro Romano', 'Palazzo della Ragione', 'Museo Conte']",Teatro Romano,strategy_nearest,True,0.002792835235595703,success
04F83D3A9C4C80,3,"['Arena', 'Casa Giulietta']",Santa Anastasia,"['AMO', 'Museo Conte', 'Palazzo della Ragione', 'Teatro Romano', 'Centro Fotografia']",Duomo,strategy_nearest,False,0.0033822059631347656,success
04F8413A9C4C80,2,"['Santa Anastasia', 'San Fermo', 'Castelvecchio']",San Zeno,"['Verona Tour', 'Museo Lapidario', 'Arena', 'Museo Miniscalchi', 'Sighseeing']",Teatro Romano,strategy_nearest,False,0.002135038375854492,success
04F851429C4C80,3,['Santa Anastasia'],Torre Lamberti,"['Sighseeing', 'Centro Fotografia', 'Museo Conte', 'Casa Giulietta', 'Palazzo della Ragione']",Casa Giulietta,strategy_nearest,True,0.003238201141357422,success
04F854429C4C80,1,"['Arena', 'Casa Giulietta', 'Torre Lamberti']",Palazzo della Ragione,"['AMO', 'Museo Conte', 'Centro Fotografia', 'Sighseeing', 'Santa Anastasia']",Santa Anastasia,strategy_nearest,True,0.0029480457305908203,success
04F85A429C4C80,0,['Arena'],Torre Lamberti,"['Sighseeing', 'Centro Fotografia', 'Museo Conte', 'Casa Giulietta', 'Palazzo della Ragione']",Casa Giulietta,strategy_nearest,True,0.0023801326751708984,success
04F876429C4C80,0,['Museo Lapidario'],Arena,"['Verona Tour', 'Museo Radio', 'San Fermo', 'Casa Giulietta', 'Sighseeing']",Casa Giulietta,strategy_nearest,True,0.003181934356689453,success
04F85C429C4C80,0,['Arena'],San Fermo,"['Museo Storia', 'Museo Radio', 'Casa Giulietta', 'Centro Fotografia', 'Sighseeing']",Duomo,strategy_nearest,False,0.0026128292083740234,success
04F889429C4C80,2,"['Castelvecchio', 'Casa Giulietta']",Torre Lamberti,"['Sighseeing', 'Centro Fotografia', 'Museo Conte', 'Palazzo della Ragione', 'AMO']",Palazzo della Ragione,strategy_nearest,True,0.0012671947479248047,success
04F8814A9C4C80,3,['Arena'],Casa Giulietta,"['Centro Fotografia', 'Sighseeing', 'Torre Lamberti', 'Museo Conte', 'Museo Radio']",Santa Anastasia,strategy_nearest,False,0.003535032272338867,success
04F8874A9C4C80,3,"['Arena', 'Santa Anastasia']",Torre Lamberti,"['Sighseeing', 'Centro Fotografia', 'Museo Conte', 'Casa Giulietta', 'Palazzo della Ragione']",San Zeno,strategy_nearest,False,0.003970146179199219,success
04F88C4A9C4C80,0,"['Arena', 'Casa Giulietta']",Torre Lamberti,"['Sighseeing', 'Centro Fotografia', 'Museo Conte', 'Palazzo della Ragione', 'AMO']",Castelvecchio,strategy_nearest,False,0.0033140182495117188,success
04F895429C4C80,2,"['Santa Anastasia', 'Teatro Romano', 'Duomo']",Palazzo della Ragione,"['AMO', 'Museo Conte', 'Torre Lamberti', 'Centro Fotografia', 'Sighseeing']",Torre Lamberti,strategy_nearest,True,0.002714872360229492,success
04F8A0429C4C80,0,['Torre Lamberti'],Casa Giulietta,"['Centro Fotografia', 'Sighseeing', 'Museo Conte', 'Museo Radio', 'Palazzo della Ragione']",Tomba Giulietta,strategy_nearest,False,0.003103017807006836,success
04F89A429C4C80,3,"['Arena', 'Santa Anastasia']",Teatro Romano,"['Duomo', 'AMO', 'Palazzo della Ragione', 'Museo Conte', 'Centro Fotografia']",Duomo,strategy_nearest,True,0.0032498836517333984,success
04F8A2429C4C80,0,['Duomo'],Arena,"['Verona Tour', 'Museo Lapidario', 'Museo Radio', 'San Fermo', 'Casa Giulietta']",Castelvecchio,strategy_nearest,False,0.0029211044311523438,success
04F8A64A9C4C80,2,"['Duomo', 'Teatro Romano']",Casa Giulietta,"['Centro Fotografia', 'Sighseeing', 'Torre Lamberti', 'Museo Conte', 'Museo Radio']",Castelvecchio,strategy_nearest,False,0.0019986629486083984,success
04F8AC429C4C80,2,['Palazzo della Ragione'],Torre Lamberti,"['Sighseeing', 'Centro Fotografia', 'Museo Conte', 'Casa Giulietta', 'AMO']",Giardino Giusti,strategy_nearest,False,0.0019042491912841797,success
04F8A74A9C4C80,0,"['Arena', 'Casa Giulietta']",San Fermo,"['Museo Storia', 'Museo Radio', 'Centro Fotografia', 'Sighseeing', 'Torre Lamberti']",Castelvecchio,strategy_nearest,False,0.002529144287109375,success
04F8AD429C4C80,2,"['Museo Lapidario', 'San Fermo']",Torre Lamberti,"['Sighseeing', 'Centro Fotografia', 'Museo Conte', 'Casa Giulietta', 'Palazzo della Ragione']",Palazzo della Ragione,strategy_nearest,True,0.0033071041107177734,success
04F8B63A9C4C80,0,['Arena'],Duomo,"['AMO', 'Museo Miniscalchi', 'Santa Anastasia', 'Teatro Romano', 'Palazzo della Ragione']",Casa Giulietta,strategy_nearest,False,0.0020449161529541016,success
04F8BC3A9C4C80,0,['Arena'],Casa Giulietta,"['Centro Fotografia', 'Sighseeing', 'Torre Lamberti', 'Museo Conte', 'Museo Radio']",Tomba Giulietta,strategy_nearest,False,0.0029180049896240234,success
04F8BE429C4C80,0,['Arena'],Museo Lapidario,"['Verona Tour', 'Castelvecchio', 'Museo Radio', 'San Fermo', 'Casa Giulietta']",Castelvecchio,strategy_nearest,True,0.0033049583435058594,success
04F8C1429C4C80,2,"['Casa Giulietta', 'Torre Lamberti']",Palazzo della Ragione,"['AMO', 'Museo Conte', 'Centro Fotografia', 'Sighseeing', 'Santa Anastasia']",Duomo,strategy_nearest,False,0.0023660659790039062,success
04F8C6429C4C80,3,"['Arena', 'Casa Giulietta']",Torre Lamberti,"['Sighseeing', 'Centro Fotografia', 'Museo Conte', 'Palazzo della Ragione', 'AMO']",Santa Anastasia,strategy_nearest,False,0.002811908721923828,success
04F8C9429C4C80,0,['Arena'],Casa Giulietta,"['Centro Fotografia', 'Sighseeing', 'Torre Lamberti', 'Museo Conte', 'Museo Radio']",Torre Lamberti,strategy_nearest,True,0.002112865447998047,success
04F8C83A9C4C80,3,"['Arena', 'Torre Lamberti']",Casa Giulietta,"['Centro Fotografia', 'Sighseeing', 'Museo Conte', 'Museo Radio', 'Palazzo della Ragione']",Santa Anastasia,strategy_nearest,False,0.0027382373809814453,success
04F8CF429C4C80,1,"['Palazzo della Ragione', 'Arena', 'Teatro Romano', 'San Fermo']",Santa Anastasia,"['AMO', 'Museo Conte', 'Centro Fotografia', 'Duomo', 'Torre Lamberti']",Duomo,strategy_nearest,True,0.0032808780670166016,success
04F8E03A9C4C80,1,['Arena'],Torre Lamberti,"['Sighseeing', 'Centro Fotografia', 'Museo Conte', 'Casa Giulietta', 'Palazzo della Ragione']",Palazzo della Ragione,strategy_nearest,True,0.002640247344970703,success
04F8D53A9C4C80,3,"['Arena', 'Giardino Giusti']",Santa Anastasia,"['AMO', 'Museo Conte', 'Palazzo della Ragione', 'Teatro Romano', 'Centro Fotografia']",San Fermo,strategy_nearest,False,0.001981973648071289,success
04F8F63A9C4C80,3,"['Casa Giulietta', 'Arena']",Castelvecchio,"['Museo Lapidario', 'Verona Tour', 'Museo Radio', 'San Zeno', 'Sighseeing']",Santa Anastasia,strategy_nearest,False,0.0026700496673583984,success
04F8FD429C4C80,1,"['Arena', 'Museo Lapidario', 'Santa Anastasia']",Duomo,"['AMO', 'Museo Miniscalchi', 'Teatro Romano', 'Palazzo della Ragione', 'Museo Conte']",Palazzo della Ragione,strategy_nearest,True,0.0031168460845947266,success
04F8FE429C4C80,2,"['Palazzo della Ragione', 'Duomo']",Castelvecchio,"['Museo Lapidario', 'Verona Tour', 'Arena', 'Museo Radio', 'San Zeno']",San Zeno,strategy_nearest,True,0.0018270015716552734,success
04F903429C4C84,0,"['Arena', 'Casa Giulietta']",Teatro Romano,"['Santa Anastasia', 'Duomo', 'AMO', 'Palazzo della Ragione', 'Museo Conte']",Castelvecchio,strategy_nearest,False,0.0026159286499023438,success
04F8FE3A9C4C80,2,['Casa Giulietta'],Teatro Romano,"['Santa Anastasia', 'Duomo', 'AMO', 'Palazzo della Ragione', 'Museo Conte']",Torre Lamberti,strategy_nearest,False,0.003320932388305664,success
04F909429C4C84,3,"['Casa Giulietta', 'Torre Lamberti']",Santa Anastasia,"['AMO', 'Museo Conte', 'Palazzo della Ragione', 'Teatro Romano', 'Centro Fotografia']",Arena,strategy_nearest,False,0.002933025360107422,success
04F906429C4C84,1,"['Torre Lamberti', 'Palazzo della Ragione', 'Casa Giulietta', 'San Fermo']",Arena,"['Verona Tour', 'Museo Lapidario', 'Museo Radio', 'Sighseeing', 'Castelvecchio']",Tomba Giulietta,strategy_nearest,False,0.002518177032470703,success
04F9163A9C4C84,2,['Torre Lamberti'],Palazzo della Ragione,"['AMO', 'Museo Conte', 'Centro Fotografia', 'Sighseeing', 'Santa Anastasia']",Torre Lamberti,strategy_nearest,False,0.0027239322662353516,success
04F92A3A9C4C80,2,"['San Zeno', 'Castelvecchio']",Duomo,"['AMO', 'Museo Miniscalchi', 'Santa Anastasia', 'Teatro Romano', 'Palazzo della Ragione']",Palazzo della Ragione,strategy_nearest,True,0.0025949478149414062,success
04F92B3A9C4C80,2,"['Casa Giulietta', 'Torre Lamberti']",Santa Anastasia,"['AMO', 'Museo Conte', 'Palazzo della Ragione', 'Teatro Romano', 'Centro Fotografia']",Castelvecchio,strategy_nearest,False,0.002226114273071289,success
04F93C3A9C4C80,2,"['Castelvecchio', 'Castelvecchio']",Casa Giulietta,"['Centro Fotografia', 'Sighseeing', 'Torre Lamberti', 'Museo Conte', 'Museo Radio']",Santa Anastasia,strategy_nearest,False,0.0026521682739257812,success
04F9343A9C4C80,3,"['Arena', 'Santa Anastasia']",Duomo,"['AMO', 'Museo Miniscalchi', 'Teatro Romano', 'Palazzo della Ragione', 'Museo Conte']",Casa Giulietta,strategy_nearest,False,0.0013380050659179688,success
04F936429C4C80,3,"['Castelvecchio', 'Santa Anastasia', 'Duomo']",Arena,"['Verona Tour', 'Museo Lapidario', 'Museo Radio', 'San Fermo', 'Casa Giulietta']",Casa Giulietta,strategy_nearest,True,0.0033211708068847656,success
04F9423A9C4C80,0,['Torre Lamberti'],Casa Giulietta,"['Centro Fotografia', 'Sighseeing', 'Museo Conte', 'Museo Radio', 'Palazzo della Ragione']",Arena,strategy_nearest,False,0.001332998275756836,success
04F94E429C4C80,0,['Arena'],San Zeno,"['Castelvecchio', 'Verona Tour', 'Museo Lapidario', 'Museo Miniscalchi', 'Sighseeing']",Castelvecchio,strategy_nearest,True,0.003492116928100586,success
04F9453A9C4C80,3,['Arena'],Santa Anastasia,"['AMO', 'Museo Conte', 'Palazzo della Ragione', 'Teatro Romano', 'Centro Fotografia']",Castelvecchio,strategy_nearest,False,0.004166126251220703,success
04F93D429C4C80,0,['Arena'],Museo Lapidario,"['Verona Tour', 'Castelvecchio', 'Museo Radio', 'San Fermo', 'Casa Giulietta']",Castelvecchio,strategy_nearest,True,0.003036975860595703,success
04F960429C4C80,0,['Arena'],Casa Giulietta,"['Centro Fotografia', 'Sighseeing', 'Torre Lamberti', 'Museo Conte', 'Museo Radio']",Torre Lamberti,strategy_nearest,True,0.0034859180450439453,success
04F96D3A9C4C80,1,"['Arena', 'San Fermo', 'Torre Lamberti']",Palazzo della Ragione,"['AMO', 'Museo Conte', 'Centro Fotografia', 'Sighseeing', 'Santa Anastasia']",Duomo,strategy_nearest,False,0.0028281211853027344,success
04F963429C4C80,0,"['Torre Lamberti', 'Teatro Romano']",Castelvecchio,"['Museo Lapidario', 'Verona Tour', 'Arena', 'Museo Radio', 'San Zeno']",Arena,strategy_nearest,True,0.0021779537200927734,success
04F97C429C4C80,3,"['Castelvecchio', 'Arena']",Santa Anastasia,"['AMO', 'Museo Conte', 'Palazzo della Ragione', 'Teatro Romano', 'Centro Fotografia']",Duomo,strategy_nearest,False,0.002010822296142578,success
04F9733A9C4C80,2,['Tomba Giulietta'],San Fermo,"['Museo Storia', 'Museo Radio', 'Casa Giulietta', 'Centro Fotografia', 'Arena']",Casa Giulietta,strategy_nearest,True,0.0027010440826416016,success
04F972429C4C80,0,['Arena'],Torre Lamberti,"['Sighseeing', 'Centro Fotografia', 'Museo Conte', 'Casa Giulietta', 'Palazzo della Ragione']",Casa Giulietta,strategy_nearest,True,0.0030088424682617188,success
04F9804A9C4C80,3,"['Arena', 'Casa Giulietta']",Santa Anastasia,"['AMO', 'Museo Conte', 'Palazzo della Ragione', 'Teatro Romano', 'Centro Fotografia']",Duomo,strategy_nearest,False,0.003631114959716797,success
04F987429C4C80,1,"['Casa Giulietta', 'Torre Lamberti', 'Palazzo della Ragione']",Arena,"['Verona Tour', 'Museo Lapidario', 'Museo Radio', 'San Fermo', 'Sighseeing']",Duomo,strategy_nearest,False,0.0013947486877441406,success
04F986429C4C80,3,"['Arena', 'Casa Giulietta']",Torre Lamberti,"['Sighseeing', 'Centro Fotografia', 'Museo Conte', 'Palazzo della Ragione', 'AMO']",Santa Anastasia,strategy_nearest,False,0.002541780471801758,success
04F98B3A9C4C80,0,['Castelvecchio'],Arena,"['Verona Tour', 'Museo Lapidario', 'Museo Radio', 'San Fermo', 'Casa Giulietta']",Torre Lamberti,strategy_nearest,False,0.0036411285400390625,success
04F9894A9C4C80,3,['Arena'],Casa Giulietta,"['Centro Fotografia', 'Sighseeing', 'Torre Lamberti', 'Museo Conte', 'Museo Radio']",Torre Lamberti,strategy_nearest,True,0.0030410289764404297,success
04F98C4A9C4C80,1,"['Arena', 'Castelvecchio', 'Torre Lamberti']",Palazzo della Ragione,"['AMO', 'Museo Conte', 'Centro Fotografia', 'Sighseeing', 'Santa Anastasia']",Casa Giulietta,strategy_nearest,False,0.0025811195373535156,success
04F98F429C4C80,2,['Castelvecchio'],Santa Anastasia,"['AMO', 'Museo Conte', 'Palazzo della Ragione', 'Teatro Romano', 'Centro Fotografia']",Casa Giulietta,strategy_nearest,False,0.0017271041870117188,success
04F990429C4C80,0,['Castelvecchio'],Arena,"['Verona Tour', 'Museo Lapidario', 'Museo Radio', 'San Fermo', 'Casa Giulietta']",Duomo,strategy_nearest,False,0.003985166549682617,success
04F994429C4C80,0,['Arena'],Torre Lamberti,"['Sighseeing', 'Centro Fotografia', 'Museo Conte', 'Casa Giulietta', 'Palazzo della Ragione']",Teatro Romano,strategy_nearest,False,0.002925872802734375,success
04F998429C4C80,3,"['Arena', 'Castelvecchio']",Torre Lamberti,"['Sighseeing', 'Centro Fotografia', 'Museo Conte', 'Casa Giulietta', 'Palazzo della Ragione']",Santa Anastasia,strategy_nearest,False,0.0026488304138183594,success
04F995429C4C80,0,['Arena'],Casa Giulietta,"['Centro Fotografia', 'Sighseeing', 'Torre Lamberti', 'Museo Conte', 'Museo Radio']",Tomba Giulietta,strategy_nearest,False,0.004061222076416016,success
04F99B429C4C80,0,['Arena'],Casa Giulietta,"['Centro Fotografia', 'Sighseeing', 'Torre Lamberti', 'Museo Conte', 'Museo Radio']",Santa Anastasia,strategy_nearest,False,0.0034029483795166016,success
04F99F429C4C80,0,['Casa Giulietta'],Torre Lamberti,"['Sighseeing', 'Centro Fotografia', 'Museo Conte', 'Palazzo della Ragione', 'AMO']",Arena,strategy_nearest,False,0.00428009033203125,success
04F9A83A9C4C80,1,['Arena'],Casa Giulietta,"['Centro Fotografia', 'Sighseeing', 'Torre Lamberti', 'Museo Conte', 'Museo Radio']",Torre Lamberti,strategy_nearest,True,0.003117799758911133,success
04F9A73A9C4C80,3,"['Arena', 'Castelvecchio']",Casa Giulietta,"['Centro Fotografia', 'Sighseeing', 'Torre Lamberti', 'Museo Conte', 'Museo Radio']",Santa Anastasia,strategy_nearest,False,0.0027239322662353516,success
04F9A74A9C4C80,0,['Arena'],Museo Lapidario,"['Verona Tour', 'Castelvecchio', 'Museo Radio', 'San Fermo', 'Casa Giulietta']",Casa Giulietta,strategy_nearest,True,0.0034270286560058594,success
04F9B2429C4C80,1,"['Castelvecchio', 'Arena']",Torre Lamberti,"['Sighseeing', 'Centro Fotografia', 'Museo Conte', 'Casa Giulietta', 'Palazzo della Ragione']",Palazzo della Ragione,strategy_nearest,True,0.003693103790283203,success
04F9B9429C4C80,2,['Casa Giulietta'],Santa Anastasia,"['AMO', 'Museo Conte', 'Palazzo della Ragione', 'Teatro Romano', 'Centro Fotografia']",Castelvecchio,strategy_nearest,False,0.002035856246948242,success
04F9CF3A9C4C80,1,"['Arena', 'Casa Giulietta']",Palazzo della Ragione,"['AMO', 'Museo Conte', 'Torre Lamberti', 'Centro Fotografia', 'Sighseeing']",Santa Anastasia,strategy_nearest,False,0.003937959671020508,success
04F9B33A9C4C80,1,['Palazzo della Ragione'],Torre Lamberti,"['Sighseeing', 'Centro Fotografia', 'Museo Conte', 'Casa Giulietta', 'AMO']",Casa Giulietta,strategy_nearest,True,0.0034608840942382812,success
04F9C93A9C4C80,3,['Arena'],Casa Giulietta,"['Centro Fotografia', 'Sighseeing', 'Torre Lamberti', 'Museo Conte', 'Museo Radio']",Santa Anastasia,strategy_nearest,False,0.002651691436767578,success
04F9D23A9C4C80,2,['Santa Anastasia'],Torre Lamberti,"['Sighseeing', 'Centro Fotografia', 'Museo Conte', 'Casa Giulietta', 'Palazzo della Ragione']",Palazzo della Ragione,strategy_nearest,True,0.0027518272399902344,success
04F9D73A9C4C80,0,['Castelvecchio'],Arena,"['Verona Tour', 'Museo Lapidario', 'Museo Radio', 'San Fermo', 'Casa Giulietta']",Torre Lamberti,strategy_nearest,False,0.002604961395263672,success
04F9D83A9C4C80,2,['Casa Giulietta'],Santa Anastasia,"['AMO', 'Museo Conte', 'Palazzo della Ragione', 'Teatro Romano', 'Centro Fotografia']",Torre Lamberti,strategy_nearest,False,0.0033211708068847656,success
04F9E03A9C4C80,3,"['San Zeno', 'Castelvecchio', 'Torre Lamberti', 'Santa Anastasia']",Casa Giulietta,"['Centro Fotografia', 'Sighseeing', 'Museo Conte', 'Museo Radio', 'Palazzo della Ragione']",San Fermo,strategy_nearest,False,0.003846883773803711,success
04F9E13A9C4C80,3,['Arena'],Casa Giulietta,"['Centro Fotografia', 'Sighseeing', 'Torre Lamberti', 'Museo Conte', 'Museo Radio']",Santa Anastasia,strategy_nearest,False,0.001961946487426758,success
04F9F23A9C4C80,2,"['Santa Anastasia', 'Duomo']",Torre Lamberti,"['Sighseeing', 'Centro Fotografia', 'Museo Conte', 'Casa Giulietta', 'Palazzo della Ragione']",Castelvecchio,strategy_nearest,False,0.0032601356506347656,success
04F9F8429C4C80,3,"['Castelvecchio', 'Torre Lamberti']",Casa Giulietta,"['Centro Fotografia', 'Sighseeing', 'Museo Conte', 'Museo Radio', 'Palazzo della Ragione']",Santa Anastasia,strategy_nearest,False,0.002396106719970703,success
04F9FA3A9C4C80,0,"['Castelvecchio', 'Arena']",San Fermo,"['Museo Storia', 'Museo Radio', 'Casa Giulietta', 'Centro Fotografia', 'Sighseeing']",Casa Giulietta,strategy_nearest,True,0.003803253173828125,success
04F9FD429C4C80,2,"['Torre Lamberti', 'Casa Giulietta']",San Fermo,"['Museo Storia', 'Museo Radio', 'Centro Fotografia', 'Arena', 'Sighseeing']",Teatro Romano,strategy_nearest,False,0.002157926559448242,success
04FA043A9C4C84,0,['Casa Giulietta'],Torre Lamberti,"['Sighseeing', 'Centro Fotografia', 'Museo Conte', 'Palazzo della Ragione', 'AMO']",Arena,strategy_nearest,False,0.0029108524322509766,success
04FA13429C4C84,0,['Arena'],Torre Lamberti,"['Sighseeing', 'Centro Fotografia', 'Museo Conte', 'Casa Giulietta', 'Palazzo della Ragione']",Castelvecchio,strategy_nearest,False,0.0027048587799072266,success
04FA0F429C4C84,0,['Arena'],Torre Lamberti,"['Sighseeing', 'Centro Fotografia', 'Museo Conte', 'Casa Giulietta', 'Palazzo della Ragione']",Casa Giulietta,strategy_nearest,True,0.004617929458618164,success
04FA15429C4C84,0,"['Casa Giulietta', 'Arena']",Castelvecchio,"['Museo Lapidario', 'Verona Tour', 'Museo Radio', 'San Zeno', 'Sighseeing']",Tomba Giulietta,strategy_nearest,False,0.004128932952880859,success
04FA23429C4C80,0,"['Castelvecchio', 'San Zeno', 'Teatro Romano']",Casa Giulietta,"['Centro Fotografia', 'Sighseeing', 'Torre Lamberti', 'Museo Conte', 'Museo Radio']",Torre Lamberti,strategy_nearest,True,0.0025060176849365234,success
04FA273A9C4C80,0,['Casa Giulietta'],Palazzo della Ragione,"['AMO', 'Museo Conte', 'Torre Lamberti', 'Centro Fotografia', 'Sighseeing']",Arena,strategy_nearest,False,0.002766132354736328,success
04FA2B3A9C4C80,1,"['Arena', 'Casa Giulietta', 'Palazzo della Ragione']",Torre Lamberti,"['Sighseeing', 'Centro Fotografia', 'Museo Conte', 'AMO', 'Museo Miniscalchi']",Santa Anastasia,strategy_nearest,False,0.0038509368896484375,success
04FA234A9C4C80,2,"['Teatro Romano', 'Duomo', 'Santa Anastasia']",Torre Lamberti,"['Sighseeing', 'Centro Fotografia', 'Museo Conte', 'Casa Giulietta', 'Palazzo della Ragione']",Palazzo della Ragione,strategy_nearest,True,0.003732919692993164,success
04FA2D429C4C80,0,['Arena'],Museo Lapidario,"['Verona Tour', 'Castelvecchio', 'Museo Radio', 'San Fermo', 'Casa Giulietta']",Casa Giulietta,strategy_nearest,True,0.003503084182739258,success
04FA2C4A9C4C80,3,['Santa Anastasia'],Duomo,"['AMO', 'Museo Miniscalchi', 'Teatro Romano', 'Palazzo della Ragione', 'Museo Conte']",Arena,strategy_nearest,False,0.006953001022338867,success
04FA44429C4C80,0,['Arena'],Torre Lamberti,"['Sighseeing', 'Centro Fotografia', 'Museo Conte', 'Casa Giulietta', 'Palazzo della Ragione']",Casa Giulietta,strategy_nearest,True,0.00417017936706543,success
04FA3B3A9C4C80,3,"['Castelvecchio', 'Arena']",Santa Anastasia,"['AMO', 'Museo Conte', 'Palazzo della Ragione', 'Teatro Romano', 'Centro Fotografia']",Duomo,strategy_nearest,False,0.0061681270599365234,success
04FA4D429C4C80,0,['Arena'],Torre Lamberti,"['Sighseeing', 'Centro Fotografia', 'Museo Conte', 'Casa Giulietta', 'Palazzo della Ragione']",Casa Giulietta,strategy_nearest,True,0.002160787582397461,success
04FA46429C4C80,3,"['Arena', 'Castelvecchio', 'San Zeno']",Duomo,"['AMO', 'Museo Miniscalchi', 'Santa Anastasia', 'Teatro Romano', 'Palazzo della Ragione']",Teatro Romano,strategy_nearest,True,0.0028219223022460938,success
04FA4F3A9C4C80,0,['Arena'],Casa Giulietta,"['Centro Fotografia', 'Sighseeing', 'Torre Lamberti', 'Museo Conte', 'Museo Radio']",Castelvecchio,strategy_nearest,False,0.0035309791564941406,success
04FA4F429C4C80,3,['Santa Anastasia'],Torre Lamberti,"['Sighseeing', 'Centro Fotografia', 'Museo Conte', 'Casa Giulietta', 'Palazzo della Ragione']",San Fermo,strategy_nearest,False,0.004318952560424805,success
04FA51429C4C80,2,['San Zeno'],Castelvecchio,"['Museo Lapidario', 'Verona Tour', 'Arena', 'Museo Radio', 'Sighseeing']",Santa Anastasia,strategy_nearest,False,0.002964019775390625,success
04FA623A9C4C80,3,"['Arena', 'Santa Anastasia']",Santa Anastasia,"['AMO', 'Museo Conte', 'Palazzo della Ragione', 'Teatro Romano', 'Centro Fotografia']",Teatro Romano,strategy_nearest,True,0.002215147018432617,success
04FA6C429C4C80,0,['Arena'],Casa Giulietta,"['Centro Fotografia', 'Sighseeing', 'Torre Lamberti', 'Museo Conte', 'Museo Radio']",Torre Lamberti,strategy_nearest,True,0.0026459693908691406,success
04FA63429C4C80,0,['Arena'],Casa Giulietta,"['Centro Fotografia', 'Sighseeing', 'Torre Lamberti', 'Museo Conte', 'Museo Radio']",Tomba Giulietta,strategy_nearest,False,0.003858327865600586,success
04FA79429C4C80,3,"['Arena', 'Casa Giulietta']",Torre Lamberti,"['Sighseeing', 'Centro Fotografia', 'Museo Conte', 'Palazzo della Ragione', 'AMO']",Santa Anastasia,strategy_nearest,False,0.0025238990783691406,success
04FA6E429C4C80,2,['Palazzo della Ragione'],Torre Lamberti,"['Sighseeing', 'Centro Fotografia', 'Museo Conte', 'Casa Giulietta', 'AMO']",Casa Giulietta,strategy_nearest,True,0.0019910335540771484,success
04FA75429C4C80,3,"['Arena', 'Casa Giulietta']",Santa Anastasia,"['AMO', 'Museo Conte', 'Palazzo della Ragione', 'Teatro Romano', 'Centro Fotografia']",Teatro Romano,strategy_nearest,True,0.0035359859466552734,success
04FA7C3A9C4C80,0,['Arena'],Casa Giulietta,"['Centro Fotografia', 'Sighseeing', 'Torre Lamberti', 'Museo Conte', 'Museo Radio']",Castelvecchio,strategy_nearest,False,0.004122018814086914,success
04FA8D4A9C4C80,0,['Arena'],Casa Giulietta,"['Centro Fotografia', 'Sighseeing', 'Torre Lamberti', 'Museo Conte', 'Museo Radio']",San Fermo,strategy_nearest,False,0.001878976821899414,success
04FA83429C4C80,1,"['Arena', 'Casa Giulietta']",Torre Lamberti,"['Sighseeing', 'Centro Fotografia', 'Museo Conte', 'Palazzo della Ragione', 'AMO']",Palazzo della Ragione,strategy_nearest,True,0.004160881042480469,success
04FA94429C4C80,0,"['Arena', 'Torre Lamberti']",Casa Giulietta,"['Centro Fotografia', 'Sighseeing', 'Museo Conte', 'Museo Radio', 'Palazzo della Ragione']",Teatro Romano,strategy_nearest,False,0.003026247024536133,success
04FA98429C4C80,0,['Arena'],Casa Giulietta,"['Centro Fotografia', 'Sighseeing', 'Torre Lamberti', 'Museo Conte', 'Museo Radio']",Teatro Romano,strategy_nearest,False,0.0021021366119384766,success
04FA944A9C4C80,3,"['Arena', 'Torre Lamberti']",Casa Giulietta,"['Centro Fotografia', 'Sighseeing', 'Museo Conte', 'Museo Radio', 'Palazzo della Ragione']",Santa Anastasia,strategy_nearest,False,0.004052877426147461,success
04FA96429C4C80,2,['Torre Lamberti'],Palazzo della Ragione,"['AMO', 'Museo Conte', 'Centro Fotografia', 'Sighseeing', 'Santa Anastasia']",Santa Anastasia,strategy_nearest,True,0.0028269290924072266,success
04FAA84A9C4C80,3,['Arena'],Casa Giulietta,"['Centro Fotografia', 'Sighseeing', 'Torre Lamberti', 'Museo Conte', 'Museo Radio']",Santa Anastasia,strategy_nearest,False,0.002148866653442383,success
04FAA1429C4C80,3,"['Arena', 'Casa Giulietta']",Santa Anastasia,"['AMO', 'Museo Conte', 'Palazzo della Ragione', 'Teatro Romano', 'Centro Fotografia']",Duomo,strategy_nearest,False,0.0023119449615478516,success
04FAAE429C4C80,2,['Duomo'],San Zeno,"['Castelvecchio', 'Verona Tour', 'Museo Lapidario', 'Arena', 'Museo Miniscalchi']",Castelvecchio,strategy_nearest,True,0.003522157669067383,success
04FAA93A9C4C80,0,['Arena'],Casa Giulietta,"['Centro Fotografia', 'Sighseeing', 'Torre Lamberti', 'Museo Conte', 'Museo Radio']",Torre Lamberti,strategy_nearest,True,0.0030701160430908203,success
04FAB7429C4C80,2,['Casa Giulietta'],Santa Anastasia,"['AMO', 'Museo Conte', 'Palazzo della Ragione', 'Teatro Romano', 'Centro Fotografia']",Duomo,strategy_nearest,False,0.0034978389739990234,success
04FABF429C4C80,3,"['Casa Giulietta', 'Arena']",Torre Lamberti,"['Sighseeing', 'Centro Fotografia', 'Museo Conte', 'Palazzo della Ragione', 'AMO']",Duomo,strategy_nearest,False,0.0027337074279785156,success
04FABC429C4C80,3,"['Arena', 'Casa Giulietta']",Torre Lamberti,"['Sighseeing', 'Centro Fotografia', 'Museo Conte', 'Palazzo della Ragione', 'AMO']",Teatro Romano,strategy_nearest,False,0.0034711360931396484,success
04FAB8429C4C80,3,"['Arena', 'Torre Lamberti', 'Santa Anastasia']",Duomo,"['AMO', 'Museo Miniscalchi', 'Teatro Romano', 'Palazzo della Ragione', 'Museo Conte']",Teatro Romano,strategy_nearest,True,0.002546072006225586,success
04FAC23A9C4C80,0,['Arena'],Torre Lamberti,"['Sighseeing', 'Centro Fotografia', 'Museo Conte', 'Casa Giulietta', 'Palazzo della Ragione']",Casa Giulietta,strategy_nearest,True,0.002463102340698242,success
04FAD73A9C4C80,3,"['Arena', 'Santa Anastasia']",Casa Giulietta,"['Centro Fotografia', 'Sighseeing', 'Torre Lamberti', 'Museo Conte', 'Museo Radio']",San Fermo,strategy_nearest,False,0.002588033676147461,success
04FADC3A9C4C80,2,['Giardino Giusti'],Teatro Romano,"['Santa Anastasia', 'Duomo', 'AMO', 'Palazzo della Ragione', 'Museo Conte']",San Zeno,strategy_nearest,False,0.0025680065155029297,success
04FAF53A9C4C80,2,"['Casa Giulietta', 'Santa Anastasia']",Duomo,"['AMO', 'Museo Miniscalchi', 'Teatro Romano', 'Palazzo della Ragione', 'Museo Conte']",Torre Lamberti,strategy_nearest,False,0.0024912357330322266,success
04FAEE429C4C80,3,"['Duomo', 'Teatro Romano']",Arena,"['Verona Tour', 'Museo Lapidario', 'Museo Radio', 'San Fermo', 'Casa Giulietta']",Torre Lamberti,strategy_nearest,False,0.003518819808959961,success
04FB08429C4C84,1,['Santa Anastasia'],Arena,"['Verona Tour', 'Museo Lapidario', 'Museo Radio', 'San Fermo', 'Casa Giulietta']",Torre Lamberti,strategy_nearest,False,0.0026750564575195312,success
04FB25429C4C80,3,"['Arena', 'San Fermo']",Santa Anastasia,"['AMO', 'Museo Conte', 'Palazzo della Ragione', 'Teatro Romano', 'Centro Fotografia']",Duomo,strategy_nearest,False,0.0035228729248046875,success
04FB234A9C4C80,3,"['Castelvecchio', 'San Zeno', 'Casa Giulietta']",Santa Anastasia,"['AMO', 'Museo Conte', 'Palazzo della Ragione', 'Teatro Romano', 'Centro Fotografia']",Arena,strategy_nearest,False,0.0027549266815185547,success
04FB11429C4C84,0,['Castelvecchio'],Arena,"['Verona Tour', 'Museo Lapidario', 'Museo Radio', 'San Fermo', 'Casa Giulietta']",Casa Giulietta,strategy_nearest,True,0.0032951831817626953,success
04FB2E429C4C80,3,"['Arena', 'Castelvecchio', 'San Fermo']",Casa Giulietta,"['Centro Fotografia', 'Sighseeing', 'Torre Lamberti', 'Museo Conte', 'Museo Radio']",Santa Anastasia,strategy_nearest,False,0.0037431716918945312,success
04FB4D3A9C4C80,0,['Castelvecchio'],Casa Giulietta,"['Centro Fotografia', 'Sighseeing', 'Torre Lamberti', 'Museo Conte', 'Museo Radio']",Arena,strategy_nearest,False,0.0034918785095214844,success
04FB3D3A9C4C80,1,"['Casa Giulietta', 'Arena', 'Museo Lapidario']",Castelvecchio,"['Verona Tour', 'Museo Radio', 'San Zeno', 'Sighseeing', 'Museo Miniscalchi']",Torre Lamberti,strategy_nearest,False,0.002550840377807617,success
04FB5A429C4C80,2,"['Palazzo della Ragione', 'Torre Lamberti', 'Duomo']",Casa Giulietta,"['Centro Fotografia', 'Sighseeing', 'Museo Conte', 'Museo Radio', 'San Fermo']",Teatro Romano,strategy_nearest,False,0.003982067108154297,success
04FB64429C4C80,2,['Casa Giulietta'],Torre Lamberti,"['Sighseeing', 'Centro Fotografia', 'Museo Conte', 'Palazzo della Ragione', 'AMO']",Castelvecchio,strategy_nearest,False,0.0034570693969726562,success
04FB69429C4C80,0,['Arena'],Casa Giulietta,"['Centro Fotografia', 'Sighseeing', 'Torre Lamberti', 'Museo Conte', 'Museo Radio']",Torre Lamberti,strategy_nearest,True,0.0019021034240722656,success
04FB6A429C4C80,0,['Arena'],Torre Lamberti,"['Sighseeing', 'Centro Fotografia', 'Museo Conte', 'Casa Giulietta', 'Palazzo della Ragione']",Castelvecchio,strategy_nearest,False,0.00463104248046875,success
04FB6C429C4C80,2,['Torre Lamberti'],Santa Anastasia,"['AMO', 'Museo Conte', 'Palazzo della Ragione', 'Teatro Romano', 'Centro Fotografia']",Duomo,strategy_nearest,False,0.0026268959045410156,success
04FB73429C4C80,3,"['Arena', 'Casa Giulietta']",Torre Lamberti,"['Sighseeing', 'Centro Fotografia', 'Museo Conte', 'Palazzo della Ragione', 'AMO']",Santa Anastasia,strategy_nearest,False,0.004235982894897461,success
04FB77429C4C80,3,['Arena'],Torre Lamberti,"['Sighseeing', 'Centro Fotografia', 'Museo Conte', 'Casa Giulietta', 'Palazzo della Ragione']",Santa Anastasia,strategy_nearest,False,0.0025339126586914062,success
04FB834A9C4C80,0,['Arena'],Casa Giulietta,"['Centro Fotografia', 'Sighseeing', 'Torre Lamberti', 'Museo Conte', 'Museo Radio']",Torre Lamberti,strategy_nearest,True,0.00437617301940918,success
04FB87429C4C80,2,"['Casa Giulietta', 'Torre Lamberti']",Palazzo della Ragione,"['AMO', 'Museo Conte', 'Centro Fotografia', 'Sighseeing', 'Santa Anastasia']",Castelvecchio,strategy_nearest,False,0.004189014434814453,success
04FB8A4A9C4C80,0,['Arena'],Casa Giulietta,"['Centro Fotografia', 'Sighseeing', 'Torre Lamberti', 'Museo Conte', 'Museo Radio']",Torre Lamberti,strategy_nearest,True,0.002582073211669922,success
04FB884A9C4C80,0,['Arena'],Castelvecchio,"['Museo Lapidario', 'Verona Tour', 'Museo Radio', 'San Zeno', 'Sighseeing']",Torre Lamberti,strategy_nearest,False,0.004763364791870117,success
04FB8C4A9C4C80,0,['Arena'],Casa Giulietta,"['Centro Fotografia', 'Sighseeing', 'Torre Lamberti', 'Museo Conte', 'Museo Radio']",Torre Lamberti,strategy_nearest,True,0.002858877182006836,success
04FB903A9C4C80,2,['Castelvecchio'],Casa Giulietta,"['Centro Fotografia', 'Sighseeing', 'Torre Lamberti', 'Museo Conte', 'Museo Radio']",Torre Lamberti,strategy_nearest,True,0.0030901432037353516,success
04FB8E3A9C4C80,0,['Arena'],Casa Giulietta,"['Centro Fotografia', 'Sighseeing', 'Torre Lamberti', 'Museo Conte', 'Museo Radio']",Castelvecchio,strategy_nearest,False,0.0024268627166748047,success
04FB9D429C4C80,3,"['Arena', 'Santa Anastasia']",Duomo,"['AMO', 'Museo Miniscalchi', 'Teatro Romano', 'Palazzo della Ragione', 'Museo Conte']",Torre Lamberti,strategy_nearest,False,0.004238128662109375,success
04FB944A9C4C80,2,['Castelvecchio'],Teatro Romano,"['Santa Anastasia', 'Duomo', 'AMO', 'Palazzo della Ragione', 'Museo Conte']",Santa Anastasia,strategy_nearest,True,0.0037708282470703125,success
04FB97429C4C80,3,"['Arena', 'Casa Giulietta']",Santa Anastasia,"['AMO', 'Museo Conte', 'Palazzo della Ragione', 'Teatro Romano', 'Centro Fotografia']",Torre Lamberti,strategy_nearest,False,0.004965782165527344,success
04FB9E429C4C80,3,"['Arena', 'Museo Lapidario', 'Castelvecchio']",Torre Lamberti,"['Sighseeing', 'Centro Fotografia', 'Museo Conte', 'Casa Giulietta', 'Palazzo della Ragione']",Casa Giulietta,strategy_nearest,True,0.003748178482055664,success
04FBAA4A9C4C80,0,['Arena'],Casa Giulietta,"['Centro Fotografia', 'Sighseeing', 'Torre Lamberti', 'Museo Conte', 'Museo Radio']",Castelvecchio,strategy_nearest,False,0.003573894500732422,success
04FBA1429C4C80,3,"['Arena', 'Casa Giulietta']",Santa Anastasia,"['AMO', 'Museo Conte', 'Palazzo della Ragione', 'Teatro Romano', 'Centro Fotografia']",Duomo,strategy_nearest,False,0.003759145736694336,success
04FBAF3A9C4C80,3,"['Arena', 'San Fermo']",Casa Giulietta,"['Centro Fotografia', 'Sighseeing', 'Torre Lamberti', 'Museo Conte', 'Museo Radio']",Santa Anastasia,strategy_nearest,False,0.003715038299560547,success
04FBAA429C4C80,3,"['Arena', 'Casa Giulietta']",Santa Anastasia,"['AMO', 'Museo Conte', 'Palazzo della Ragione', 'Teatro Romano', 'Centro Fotografia']",Duomo,strategy_nearest,False,0.0030508041381835938,success
04FBAF429C4C80,2,['Museo Lapidario'],Casa Giulietta,"['Centro Fotografia', 'Sighseeing', 'Torre Lamberti', 'Museo Conte', 'Museo Radio']",Torre Lamberti,strategy_nearest,True,0.0029850006103515625,success
04FBB5429C4C80,0,['Duomo'],Arena,"['Verona Tour', 'Museo Lapidario', 'Museo Radio', 'San Fermo', 'Casa Giulietta']",Torre Lamberti,strategy_nearest,False,0.003545999526977539,success
04FBB23A9C4C80,0,['Arena'],Casa Giulietta,"['Centro Fotografia', 'Sighseeing', 'Torre Lamberti', 'Museo Conte', 'Museo Radio']",Torre Lamberti,strategy_nearest,True,0.005020856857299805,success
04FBBF429C4C80,3,"['San Zeno', 'Castelvecchio', 'Arena']",San Fermo,"['Museo Storia', 'Museo Radio', 'Casa Giulietta', 'Centro Fotografia', 'Sighseeing']",Torre Lamberti,strategy_nearest,False,0.0038368701934814453,success
04FBB93A9C4C80,0,['Arena'],Casa Giulietta,"['Centro Fotografia', 'Sighseeing', 'Torre Lamberti', 'Museo Conte', 'Museo Radio']",Teatro Romano,strategy_nearest,False,0.0027701854705810547,success
04FBC63A9C4C80,0,"['Arena', 'Castelvecchio']",Casa Giulietta,"['Centro Fotografia', 'Sighseeing', 'Torre Lamberti', 'Museo Conte', 'Museo Radio']",Torre Lamberti,strategy_nearest,True,0.002054929733276367,success
04FBCA429C4C80,0,['Arena'],Casa Giulietta,"['Centro Fotografia', 'Sighseeing', 'Torre Lamberti', 'Museo Conte', 'Museo Radio']",Torre Lamberti,strategy_nearest,True,0.0027527809143066406,success
04FBCB3A9C4C80,3,"['Arena', 'Museo Lapidario']",Santa Anastasia,"['AMO', 'Museo Conte', 'Palazzo della Ragione', 'Teatro Romano', 'Centro Fotografia']",Torre Lamberti,strategy_nearest,False,0.0025010108947753906,success
04FBDD429C4C80,0,['Arena'],San Fermo,"['Museo Storia', 'Museo Radio', 'Casa Giulietta', 'Centro Fotografia', 'Sighseeing']",Teatro Romano,strategy_nearest,False,0.002849102020263672,success
04FBE13A9C4C80,3,['Arena'],Santa Anastasia,"['AMO', 'Museo Conte', 'Palazzo della Ragione', 'Teatro Romano', 'Centro Fotografia']",Duomo,strategy_nearest,False,0.003587961196899414,success
04FBED3A9C4C80,3,"['Arena', 'Santa Anastasia']",Teatro Romano,"['Duomo', 'AMO', 'Palazzo della Ragione', 'Museo Conte', 'Centro Fotografia']",Castelvecchio,strategy_nearest,False,0.004534006118774414,success
04FBED429C4C80,1,"['Arena', 'Santa Anastasia']",Casa Giulietta,"['Centro Fotografia', 'Sighseeing', 'Torre Lamberti', 'Museo Conte', 'Museo Radio']",Palazzo della Ragione,strategy_nearest,False,0.002473115921020508,success
04FBF63A9C4C80,3,['Casa Giulietta'],Arena,"['Verona Tour', 'Museo Lapidario', 'Museo Radio', 'San Fermo', 'Sighseeing']",Santa Anastasia,strategy_nearest,False,0.0031638145446777344,success
04FBEF3A9C4C80,1,"['Arena', 'Casa Giulietta']",Torre Lamberti,"['Sighseeing', 'Centro Fotografia', 'Museo Conte', 'Palazzo della Ragione', 'AMO']",Palazzo della Ragione,strategy_nearest,True,0.0017511844635009766,success
04FC04429C4C84,2,"['Casa Giulietta', 'Santa Anastasia', 'Duomo', 'Teatro Romano']",Castelvecchio,"['Museo Lapidario', 'Verona Tour', 'Arena', 'Museo Radio', 'San Zeno']",San Zeno,strategy_nearest,True,0.0036301612854003906,success
04FC23429C4C80,2,['Casa Giulietta'],Castelvecchio,"['Museo Lapidario', 'Verona Tour', 'Arena', 'Museo Radio', 'San Zeno']",Santa Anastasia,strategy_nearest,False,0.0022928714752197266,success
04FC383A9C4C80,0,['Arena'],Casa Giulietta,"['Centro Fotografia', 'Sighseeing', 'Torre Lamberti', 'Museo Conte', 'Museo Radio']",Castelvecchio,strategy_nearest,False,0.0024919509887695312,success
04FC0B429C4C84,0,['Arena'],Duomo,"['AMO', 'Museo Miniscalchi', 'Santa Anastasia', 'Teatro Romano', 'Palazzo della Ragione']",Teatro Romano,strategy_nearest,True,0.0030510425567626953,success
04FC2F3A9C4C80,2,"['Torre Lamberti', 'Duomo']",Santa Anastasia,"['AMO', 'Museo Conte', 'Palazzo della Ragione', 'Teatro Romano', 'Centro Fotografia']",Castelvecchio,strategy_nearest,False,0.0037202835083007812,success
04FC3A3A9C4C80,2,"['Casa Giulietta', 'Torre Lamberti', 'Palazzo della Ragione']",Santa Anastasia,"['AMO', 'Museo Conte', 'Teatro Romano', 'Centro Fotografia', 'Duomo']",Duomo,strategy_nearest,True,0.0023190975189208984,success
04FC3C4A9C4C80,0,"['Arena', 'Museo Lapidario']",Castelvecchio,"['Verona Tour', 'Museo Radio', 'San Zeno', 'Sighseeing', 'Museo Miniscalchi']",Torre Lamberti,strategy_nearest,False,0.0032918453216552734,success
04FC3E3A9C4C80,2,"['Palazzo della Ragione', 'Duomo']",Castelvecchio,"['Museo Lapidario', 'Verona Tour', 'Arena', 'Museo Radio', 'San Zeno']",Giardino Giusti,strategy_nearest,False,0.002052783966064453,success
04FC48429C4C80,0,['Arena'],Castelvecchio,"['Museo Lapidario', 'Verona Tour', 'Museo Radio', 'San Zeno', 'Sighseeing']",Casa Giulietta,strategy_nearest,False,0.002953052520751953,success
04FC4B429C4C80,0,['Arena'],Casa Giulietta,"['Centro Fotografia', 'Sighseeing', 'Torre Lamberti', 'Museo Conte', 'Museo Radio']",Torre Lamberti,strategy_nearest,True,0.0032968521118164062,success
04FC4E3A9C4C80,2,['Castelvecchio'],San Zeno,"['Verona Tour', 'Museo Lapidario', 'Arena', 'Museo Miniscalchi', 'Sighseeing']",Casa Giulietta,strategy_nearest,False,0.0025250911712646484,success
04FC553A9C4C80,0,['Castelvecchio'],Casa Giulietta,"['Centro Fotografia', 'Sighseeing', 'Torre Lamberti', 'Museo Conte', 'Museo Radio']",Arena,strategy_nearest,False,0.003134012222290039,success
04FC5B3A9C4C80,1,"['Arena', 'Casa Giulietta', 'Torre Lamberti']",Palazzo della Ragione,"['AMO', 'Museo Conte', 'Centro Fotografia', 'Sighseeing', 'Santa Anastasia']",Duomo,strategy_nearest,False,0.0020749568939208984,success
04FC59429C4C80,3,"['Arena', 'Casa Giulietta']",Santa Anastasia,"['AMO', 'Museo Conte', 'Palazzo della Ragione', 'Teatro Romano', 'Centro Fotografia']",Duomo,strategy_nearest,False,0.0036249160766601562,success
04FC5B429C4C80,0,['Arena'],Casa Giulietta,"['Centro Fotografia', 'Sighseeing', 'Torre Lamberti', 'Museo Conte', 'Museo Radio']",San Fermo,strategy_nearest,False,0.0026857852935791016,success
04FC6B429C4C80,2,['Santa Anastasia'],Duomo,"['AMO', 'Museo Miniscalchi', 'Teatro Romano', 'Palazzo della Ragione', 'Museo Conte']",Casa Giulietta,strategy_nearest,False,0.002048015594482422,success
04FC69429C4C80,0,['Arena'],Duomo,"['AMO', 'Museo Miniscalchi', 'Santa Anastasia', 'Teatro Romano', 'Palazzo della Ragione']",Castelvecchio,strategy_nearest,False,0.0014657974243164062,success
04FC5D429C4C80,0,"['Castelvecchio', 'Arena']",Casa Giulietta,"['Centro Fotografia', 'Sighseeing', 'Torre Lamberti', 'Museo Conte', 'Museo Radio']",San Fermo,strategy_nearest,False,0.004830121994018555,success
04FC6E429C4C80,0,['Arena'],Castelvecchio,"['Museo Lapidario', 'Verona Tour', 'Museo Radio', 'San Zeno', 'Sighseeing']",Torre Lamberti,strategy_nearest,False,0.0034580230712890625,success
04FC83429C4C80,1,"['Arena', 'Casa Giulietta']",Torre Lamberti,"['Sighseeing', 'Centro Fotografia', 'Museo Conte', 'Palazzo della Ragione', 'AMO']",Palazzo della Ragione,strategy_nearest,True,0.0021648406982421875,success
04FC6F429C4C80,0,['Tomba Giulietta'],Casa Giulietta,"['Centro Fotografia', 'Sighseeing', 'Torre Lamberti', 'Museo Conte', 'Museo Radio']",Arena,strategy_nearest,False,0.004150867462158203,success
04FC834A9C4C80,0,['Arena'],Castelvecchio,"['Museo Lapidario', 'Verona Tour', 'Museo Radio', 'San Zeno', 'Sighseeing']",Teatro Romano,strategy_nearest,False,0.0025517940521240234,success
04FC753A9C4C80,1,['Tomba Giulietta'],Arena,"['Verona Tour', 'Museo Lapidario', 'Museo Radio', 'San Fermo', 'Casa Giulietta']",Casa Giulietta,strategy_nearest,True,0.0017359256744384766,success
04FC8E4A9C4C80,3,"['Arena', 'Castelvecchio', 'Casa Giulietta']",Torre Lamberti,"['Sighseeing', 'Centro Fotografia', 'Museo Conte', 'Palazzo della Ragione', 'AMO']",Santa Anastasia,strategy_nearest,False,0.0027680397033691406,success
04FC91429C4C80,2,['Duomo'],Santa Anastasia,"['AMO', 'Museo Conte', 'Palazzo della Ragione', 'Teatro Romano', 'Centro Fotografia']",Torre Lamberti,strategy_nearest,False,0.0015177726745605469,success
04FC86429C4C80,3,"['Arena', 'Torre Lamberti']",Duomo,"['AMO', 'Museo Miniscalchi', 'Santa Anastasia', 'Teatro Romano', 'Palazzo della Ragione']",Santa Anastasia,strategy_nearest,True,0.002207040786743164,success
04FC924A9C4C80,0,['Arena'],Castelvecchio,"['Museo Lapidario', 'Verona Tour', 'Museo Radio', 'San Zeno', 'Sighseeing']",Santa Anastasia,strategy_nearest,False,0.0033652782440185547,success
04FC98429C4C80,1,['Arena'],Santa Anastasia,"['AMO', 'Museo Conte', 'Palazzo della Ragione', 'Teatro Romano', 'Centro Fotografia']",Torre Lamberti,strategy_nearest,False,0.0021059513092041016,success
04FC944A9C4C80,0,['Arena'],Castelvecchio,"['Museo Lapidario', 'Verona Tour', 'Museo Radio', 'San Zeno', 'Sighseeing']",Casa Giulietta,strategy_nearest,False,0.002771139144897461,success
04FC9D429C4C80,3,['Arena'],San Fermo,"['Museo Storia', 'Museo Radio', 'Casa Giulietta', 'Centro Fotografia', 'Sighseeing']",Santa Anastasia,strategy_nearest,False,0.0029120445251464844,success
04FC9F429C4C80,0,['Arena'],Castelvecchio,"['Museo Lapidario', 'Verona Tour', 'Museo Radio', 'San Zeno', 'Sighseeing']",Torre Lamberti,strategy_nearest,False,0.0016567707061767578,success
04FC9E429C4C80,0,['Arena'],Torre Lamberti,"['Sighseeing', 'Centro Fotografia', 'Museo Conte', 'Casa Giulietta', 'Palazzo della Ragione']",Castelvecchio,strategy_nearest,False,0.004426002502441406,success
04FCA34A9C4C80,1,"['Arena', 'Museo Lapidario', 'Torre Lamberti']",Palazzo della Ragione,"['AMO', 'Museo Conte', 'Centro Fotografia', 'Sighseeing', 'Santa Anastasia']",Casa Giulietta,strategy_nearest,False,0.002452850341796875,success
04FCA1429C4C80,3,"['Casa Giulietta', 'Santa Anastasia']",Teatro Romano,"['Duomo', 'AMO', 'Palazzo della Ragione', 'Museo Conte', 'Centro Fotografia']",Arena,strategy_nearest,False,0.0041201114654541016,success
04FCA63A9C4C80,1,"['Museo Lapidario', 'Arena']",Palazzo della Ragione,"['AMO', 'Museo Conte', 'Torre Lamberti', 'Centro Fotografia', 'Sighseeing']",Casa Giulietta,strategy_nearest,False,0.002852201461791992,success
04FCA44A9C4C80,1,"['Arena', 'Casa Giulietta']",Torre Lamberti,"['Sighseeing', 'Centro Fotografia', 'Museo Conte', 'Palazzo della Ragione', 'AMO']",Palazzo della Ragione,strategy_nearest,True,0.0026521682739257812,success
04FCAB3A9C4C80,3,"['Arena', 'Casa Giulietta', 'San Zeno']",Torre Lamberti,"['Sighseeing', 'Centro Fotografia', 'Museo Conte', 'Palazzo della Ragione', 'AMO']",Santa Anastasia,strategy_nearest,False,0.0031251907348632812,success
04FCAF429C4C80,3,"['Casa Giulietta', 'Arena']",Santa Anastasia,"['AMO', 'Museo Conte', 'Palazzo della Ragione', 'Teatro Romano', 'Centro Fotografia']",Duomo,strategy_nearest,False,0.0032401084899902344,success
04FCC13A9C4C80,0,['Arena'],Castelvecchio,"['Museo Lapidario', 'Verona Tour', 'Museo Radio', 'San Zeno', 'Sighseeing']",Teatro Romano,strategy_nearest,False,0.0029778480529785156,success
04FCB1429C4C80,2,['Teatro Romano'],Torre Lamberti,"['Sighseeing', 'Centro Fotografia', 'Museo Conte', 'Casa Giulietta', 'Palazzo della Ragione']",Casa Giulietta,strategy_nearest,True,0.003031015396118164,success
04FCC53A9C4C80,0,['Arena'],Torre Lamberti,"['Sighseeing', 'Centro Fotografia', 'Museo Conte', 'Casa Giulietta', 'Palazzo della Ragione']",Casa Giulietta,strategy_nearest,True,0.002534151077270508,success
04FCC3429C4C80,3,"['Arena', 'Casa Giulietta']",Torre Lamberti,"['Sighseeing', 'Centro Fotografia', 'Museo Conte', 'Palazzo della Ragione', 'AMO']",Santa Anastasia,strategy_nearest,False,0.0020160675048828125,success
04FCC8429C4C80,0,['Arena'],Castelvecchio,"['Museo Lapidario', 'Verona Tour', 'Museo Radio', 'San Zeno', 'Sighseeing']",Casa Giulietta,strategy_nearest,False,0.002705812454223633,success
04FCD53A9C4C80,2,"['Casa Giulietta', 'Torre Lamberti', 'Palazzo della Ragione']",Santa Anastasia,"['AMO', 'Museo Conte', 'Teatro Romano', 'Centro Fotografia', 'Duomo']",Duomo,strategy_nearest,True,0.003144979476928711,success
04FCDE429C4C80,0,"['Casa Giulietta', 'Arena']",Teatro Romano,"['Santa Anastasia', 'Duomo', 'AMO', 'Palazzo della Ragione', 'Museo Conte']",Duomo,strategy_nearest,True,0.0019481182098388672,success
04FCD83A9C4C80,3,"['Arena', 'Casa Giulietta']",Casa Giulietta,"['Centro Fotografia', 'Sighseeing', 'Torre Lamberti', 'Museo Conte', 'Museo Radio']",Santa Anastasia,strategy_nearest,False,0.0036420822143554688,success
04FCD93A9C4C80,0,['Arena'],Castelvecchio,"['Museo Lapidario', 'Verona Tour', 'Museo Radio', 'San Zeno', 'Sighseeing']",Duomo,strategy_nearest,False,0.0043299198150634766,success
04FCEC3A9C4C80,0,['San Zeno'],Castelvecchio,"['Museo Lapidario', 'Verona Tour', 'Arena', 'Museo Radio', 'Sighseeing']",Arena,strategy_nearest,True,0.002747774124145508,success
04FCFE429C4C80,1,"['Casa Giulietta', 'Palazzo della Ragione']",Palazzo della Ragione,"['AMO', 'Museo Conte', 'Torre Lamberti', 'Centro Fotografia', 'Sighseeing']",Torre Lamberti,strategy_nearest,True,0.0026390552520751953,success
04FD04429C4C84,3,"['Arena', 'Casa Giulietta']",San Fermo,"['Museo Storia', 'Museo Radio', 'Centro Fotografia', 'Sighseeing', 'Torre Lamberti']",Torre Lamberti,strategy_nearest,True,0.0036258697509765625,success
04FCFF3A9C4C80,3,['Arena'],Casa Giulietta,"['Centro Fotografia', 'Sighseeing', 'Torre Lamberti', 'Museo Conte', 'Museo Radio']",Torre Lamberti,strategy_nearest,True,0.003267049789428711,success
04FD31429C4C80,1,['Arena'],Casa Giulietta,"['Centro Fotografia', 'Sighseeing', 'Torre Lamberti', 'Museo Conte', 'Museo Radio']",Castelvecchio,strategy_nearest,False,0.003760099411010742,success
04FD09429C4C84,1,"['Arena', 'Torre Lamberti', 'Palazzo della Ragione']",Santa Anastasia,"['AMO', 'Museo Conte', 'Teatro Romano', 'Centro Fotografia', 'Duomo']",Duomo,strategy_nearest,True,0.0033729076385498047,success
04FD0F429C4C84,0,['Arena'],Torre Lamberti,"['Sighseeing', 'Centro Fotografia', 'Museo Conte', 'Casa Giulietta', 'Palazzo della Ragione']",Casa Giulietta,strategy_nearest,True,0.0015058517456054688,success
04FD2A429C4C80,2,['San Zeno'],Castelvecchio,"['Museo Lapidario', 'Verona Tour', 'Arena', 'Museo Radio', 'Sighseeing']",Torre Lamberti,strategy_nearest,False,0.0031800270080566406,success
04FD4E3A9C4C80,1,"['Arena', 'Casa Giulietta', 'Palazzo della Ragione']",Torre Lamberti,"['Sighseeing', 'Centro Fotografia', 'Museo Conte', 'AMO', 'Museo Miniscalchi']",Santa Anastasia,strategy_nearest,False,0.002552032470703125,success
04FD47429C4C80,3,"['Casa Giulietta', 'Torre Lamberti', 'Arena']",Santa Anastasia,"['AMO', 'Museo Conte', 'Palazzo della Ragione', 'Teatro Romano', 'Centro Fotografia']",Teatro Romano,strategy_nearest,True,0.001912832260131836,success
04FD553A9C4C80,3,"['Arena', 'Torre Lamberti']",Santa Anastasia,"['AMO', 'Museo Conte', 'Palazzo della Ragione', 'Teatro Romano', 'Centro Fotografia']",Duomo,strategy_nearest,False,0.003598928451538086,success
04FD433A9C4C80,0,['Arena'],Casa Giulietta,"['Centro Fotografia', 'Sighseeing', 'Torre Lamberti', 'Museo Conte', 'Museo Radio']",Teatro Romano,strategy_nearest,False,0.0032529830932617188,success
04FD61429C4C80,0,['Arena'],Casa Giulietta,"['Centro Fotografia', 'Sighseeing', 'Torre Lamberti', 'Museo Conte', 'Museo Radio']",Castelvecchio,strategy_nearest,False,0.0031299591064453125,success
04FD5A3A9C4C80,3,"['Casa Giulietta', 'Arena', 'San Zeno']",Santa Anastasia,"['AMO', 'Museo Conte', 'Palazzo della Ragione', 'Teatro Romano', 'Centro Fotografia']",Duomo,strategy_nearest,False,0.0025670528411865234,success
04FD6D429C4C80,3,['Arena'],Santa Anastasia,"['AMO', 'Museo Conte', 'Palazzo della Ragione', 'Teatro Romano', 'Centro Fotografia']",Duomo,strategy_nearest,False,0.0015158653259277344,success
04FD6F3A9C4C80,0,"['Tomba Giulietta', 'Arena']",Casa Giulietta,"['Centro Fotografia', 'Sighseeing', 'Torre Lamberti', 'Museo Conte', 'Museo Radio']",Castelvecchio,strategy_nearest,False,0.0036191940307617188,success
04FD753A9C4C80,2,['Museo Storia'],Torre Lamberti,"['Sighseeing', 'Centro Fotografia', 'Museo Conte', 'Casa Giulietta', 'Palazzo della Ragione']",Palazzo della Ragione,strategy_nearest,True,0.0017158985137939453,success
04FD814A9C4C80,3,"['Arena', 'Casa Giulietta']",Santa Anastasia,"['AMO', 'Museo Conte', 'Palazzo della Ragione', 'Teatro Romano', 'Centro Fotografia']",Duomo,strategy_nearest,False,0.0018699169158935547,success
04FD783A9C4C80,1,"['Arena', 'Palazzo della Ragione']",Torre Lamberti,"['Sighseeing', 'Centro Fotografia', 'Museo Conte', 'Casa Giulietta', 'AMO']",Casa Giulietta,strategy_nearest,True,0.003731966018676758,success
04FD7F4A9C4C80,0,['Arena'],Casa Giulietta,"['Centro Fotografia', 'Sighseeing', 'Torre Lamberti', 'Museo Conte', 'Museo Radio']",Castelvecchio,strategy_nearest,False,0.0029916763305664062,success
04FD97429C4C80,3,"['Arena', 'Casa Giulietta', 'Torre Lamberti']",San Zeno,"['Castelvecchio', 'Verona Tour', 'Museo Lapidario', 'Museo Miniscalchi', 'Sighseeing']",Duomo,strategy_nearest,False,0.003400087356567383,success
04FD824A9C4C80,0,['Arena'],Casa Giulietta,"['Centro Fotografia', 'Sighseeing', 'Torre Lamberti', 'Museo Conte', 'Museo Radio']",Santa Anastasia,strategy_nearest,False,0.0017468929290771484,success
04FD924A9C4C80,0,['Museo Lapidario'],Arena,"['Verona Tour', 'Museo Radio', 'San Fermo', 'Casa Giulietta', 'Sighseeing']",Casa Giulietta,strategy_nearest,True,0.003053903579711914,success
04FD854A9C4C80,1,"['Arena', 'Casa Giulietta']",Torre Lamberti,"['Sighseeing', 'Centro Fotografia', 'Museo Conte', 'Palazzo della Ragione', 'AMO']",Palazzo della Ragione,strategy_nearest,True,0.002421140670776367,success
04FD9A429C4C80,2,['Castelvecchio'],Torre Lamberti,"['Sighseeing', 'Centro Fotografia', 'Museo Conte', 'Casa Giulietta', 'Palazzo della Ragione']",San Fermo,strategy_nearest,False,0.0024802684783935547,success
04FD99429C4C80,3,['Arena'],Torre Lamberti,"['Sighseeing', 'Centro Fotografia', 'Museo Conte', 'Casa Giulietta', 'Palazzo della Ragione']",Santa Anastasia,strategy_nearest,False,0.0016202926635742188,success
04FD9C4A9C4C80,0,['Castelvecchio'],Arena,"['Verona Tour', 'Museo Lapidario', 'Museo Radio', 'San Fermo', 'Casa Giulietta']",Tomba Giulietta,strategy_nearest,False,0.003014802932739258,success
04FD9D429C4C80,0,['Arena'],Torre Lamberti,"['Sighseeing', 'Centro Fotografia', 'Museo Conte', 'Casa Giulietta', 'Palazzo della Ragione']",Castelvecchio,strategy_nearest,False,0.003793001174926758,success
04FD9F429C4C80,0,['Arena'],Casa Giulietta,"['Centro Fotografia', 'Sighseeing', 'Torre Lamberti', 'Museo Conte', 'Museo Radio']",Castelvecchio,strategy_nearest,False,0.002599954605102539,success
04FDA0429C4C80,3,"['Arena', 'San Fermo']",Torre Lamberti,"['Sighseeing', 'Centro Fotografia', 'Museo Conte', 'Casa Giulietta', 'Palazzo della Ragione']",Duomo,strategy_nearest,False,0.0031189918518066406,success
04FD9E429C4C80,1,"['Arena', 'Casa Giulietta']",Torre Lamberti,"['Sighseeing', 'Centro Fotografia', 'Museo Conte', 'Palazzo della Ragione', 'AMO']",Palazzo della Ragione,strategy_nearest,True,0.003240823745727539,success
04FDA14A9C4C80,0,['Arena'],Castelvecchio,"['Museo Lapidario', 'Verona Tour', 'Museo Radio', 'San Zeno', 'Sighseeing']",Casa Giulietta,strategy_nearest,False,0.0035028457641601562,success
04FDA44A9C4C80,1,"['Arena', 'Casa Giulietta']",Torre Lamberti,"['Sighseeing', 'Centro Fotografia', 'Museo Conte', 'Palazzo della Ragione', 'AMO']",Palazzo della Ragione,strategy_nearest,True,0.0020051002502441406,success
04FDB3429C4C80,3,"['Teatro Romano', 'Duomo']",Santa Anastasia,"['AMO', 'Museo Conte', 'Palazzo della Ragione', 'Centro Fotografia', 'Torre Lamberti']",Arena,strategy_nearest,False,0.003110170364379883,success
04FDB43A9C4C80,0,['Arena'],Casa Giulietta,"['Centro Fotografia', 'Sighseeing', 'Torre Lamberti', 'Museo Conte', 'Museo Radio']",Castelvecchio,strategy_nearest,False,0.004380941390991211,success
04FDB4429C4C80,0,"['Castelvecchio', 'Arena']",Torre Lamberti,"['Sighseeing', 'Centro Fotografia', 'Museo Conte', 'Casa Giulietta', 'Palazzo della Ragione']",Casa Giulietta,strategy_nearest,True,0.002537965774536133,success
04FDB83A9C4C80,1,['Arena'],Palazzo della Ragione,"['AMO', 'Museo Conte', 'Torre Lamberti', 'Centro Fotografia', 'Sighseeing']",Torre Lamberti,strategy_nearest,True,0.0023779869079589844,success
04FDB53A9C4C80,0,['Arena'],Castelvecchio,"['Museo Lapidario', 'Verona Tour', 'Museo Radio', 'San Zeno', 'Sighseeing']",Torre Lamberti,strategy_nearest,False,0.003240823745727539,success
04FDCC3A9C4C80,3,"['Arena', 'Castelvecchio']",Duomo,"['AMO', 'Museo Miniscalchi', 'Santa Anastasia', 'Teatro Romano', 'Palazzo della Ragione']",Santa Anastasia,strategy_nearest,True,0.004057884216308594,success
04FDC43A9C4C80,3,"['Arena', 'San Fermo']",Santa Anastasia,"['AMO', 'Museo Conte', 'Palazzo della Ragione', 'Teatro Romano', 'Centro Fotografia']",Duomo,strategy_nearest,False,0.003461122512817383,success
04FDC1429C4C80,0,['Arena'],Castelvecchio,"['Museo Lapidario', 'Verona Tour', 'Museo Radio', 'San Zeno', 'Sighseeing']",Casa Giulietta,strategy_nearest,False,0.0049250125885009766,success
04FDC5429C4C80,1,['Arena'],Palazzo della Ragione,"['AMO', 'Museo Conte', 'Torre Lamberti', 'Centro Fotografia', 'Sighseeing']",Casa Giulietta,strategy_nearest,False,0.005127906799316406,success
04FDE93A9C4C80,1,"['Arena', 'Casa Giulietta', 'Torre Lamberti']",Palazzo della Ragione,"['AMO', 'Museo Conte', 'Centro Fotografia', 'Sighseeing', 'Santa Anastasia']",Santa Anastasia,strategy_nearest,True,0.003965854644775391,success
04FDD73A9C4C80,3,['Arena'],Santa Anastasia,"['AMO', 'Museo Conte', 'Palazzo della Ragione', 'Teatro Romano', 'Centro Fotografia']",Teatro Romano,strategy_nearest,True,0.004283905029296875,success
04FDE5429C4C80,0,"['Casa Giulietta', 'Torre Lamberti']",Castelvecchio,"['Museo Lapidario', 'Verona Tour', 'Arena', 'Museo Radio', 'San Zeno']",Arena,strategy_nearest,True,0.0027561187744140625,success
04FDCF3A9C4C80,0,['Arena'],Casa Giulietta,"['Centro Fotografia', 'Sighseeing', 'Torre Lamberti', 'Museo Conte', 'Museo Radio']",Torre Lamberti,strategy_nearest,True,0.003032207489013672,success
04FDF23A9C4C80,3,['Santa Anastasia'],Duomo,"['AMO', 'Museo Miniscalchi', 'Teatro Romano', 'Palazzo della Ragione', 'Museo Conte']",Arena,strategy_nearest,False,0.003495931625366211,success
04FDEB429C4C80,2,"['Casa Giulietta', 'Torre Lamberti']",Tomba Giulietta,"['San Fermo', 'Museo Storia', 'Arena', 'Museo Lapidario', 'Museo Radio']",Teatro Romano,strategy_nearest,False,0.002023935317993164,success
04FDEC3A9C4C80,2,['Torre Lamberti'],Casa Giulietta,"['Centro Fotografia', 'Sighseeing', 'Museo Conte', 'Museo Radio', 'Palazzo della Ragione']",Teatro Romano,strategy_nearest,False,0.002902984619140625,success
04FDF53A9C4C80,0,"['Castelvecchio', 'Arena']",Torre Lamberti,"['Sighseeing', 'Centro Fotografia', 'Museo Conte', 'Casa Giulietta', 'Palazzo della Ragione']",Casa Giulietta,strategy_nearest,True,0.004057168960571289,success
04FDFD3A9C4C80,2,['Teatro Romano'],Santa Anastasia,"['AMO', 'Museo Conte', 'Palazzo della Ragione', 'Centro Fotografia', 'Duomo']",San Zeno,strategy_nearest,False,0.0024199485778808594,success
04FE05429C4C84,0,"['Casa Giulietta', 'Torre Lamberti']",Giardino Giusti,"['Santa Anastasia', 'Teatro Romano', 'Museo Conte', 'Centro Fotografia', 'Museo Storia']",Giardino Giusti,strategy_nearest,False,0.003360748291015625,success
04FE033A9C4C84,3,"['Casa Giulietta', 'Giardino Giusti', 'Duomo']",Santa Anastasia,"['AMO', 'Museo Conte', 'Palazzo della Ragione', 'Teatro Romano', 'Centro Fotografia']",Arena,strategy_nearest,False,0.0017192363739013672,success
04FE03429C4C84,3,"['Arena', 'Casa Giulietta', 'Castelvecchio']",Tomba Giulietta,"['San Fermo', 'Museo Storia', 'Museo Lapidario', 'Museo Radio', 'Verona Tour']",Teatro Romano,strategy_nearest,False,0.0029799938201904297,success
04FE2B4A9C4C80,3,"['Casa Giulietta', 'Torre Lamberti', 'Santa Anastasia']",Tomba Giulietta,"['San Fermo', 'Museo Storia', 'Arena', 'Museo Lapidario', 'Museo Radio']",Arena,strategy_nearest,True,0.0027840137481689453,success
04FE0A429C4C84,1,"['Castelvecchio', 'Arena', 'San Fermo', 'Casa Giulietta']",Teatro Romano,"['Santa Anastasia', 'Duomo', 'AMO', 'Palazzo della Ragione', 'Museo Conte']",Duomo,strategy_nearest,True,0.001641988754272461,success
04FE2F3A9C4C80,1,"['Casa Giulietta', 'Arena', 'Giardino Giusti']",Torre Lamberti,"['Sighseeing', 'Centro Fotografia', 'Museo Conte', 'Palazzo della Ragione', 'AMO']",Palazzo della Ragione,strategy_nearest,True,0.0020198822021484375,success
04FE123A9C4C84,2,"['Casa Giulietta', 'Duomo']",Torre Lamberti,"['Sighseeing', 'Centro Fotografia', 'Museo Conte', 'Palazzo della Ragione', 'AMO']",Palazzo della Ragione,strategy_nearest,True,0.003445148468017578,success
04FE393A9C4C80,0,['Casa Giulietta'],Teatro Romano,"['Santa Anastasia', 'Duomo', 'AMO', 'Palazzo della Ragione', 'Museo Conte']",San Zeno,strategy_nearest,False,0.002246856689453125,success
04FE3E429C4C80,2,"['Teatro Romano', 'Duomo']",Santa Anastasia,"['AMO', 'Museo Conte', 'Palazzo della Ragione', 'Centro Fotografia', 'Torre Lamberti']",Castelvecchio,strategy_nearest,False,0.0034160614013671875,success
04FE3A3A9C4C80,0,['Casa Giulietta'],Tomba Giulietta,"['San Fermo', 'Museo Storia', 'Arena', 'Museo Lapidario', 'Museo Radio']",Arena,strategy_nearest,True,0.0028519630432128906,success
04FE30429C4C80,1,"['Santa Anastasia', 'Torre Lamberti', 'Palazzo della Ragione']",Casa Giulietta,"['Centro Fotografia', 'Sighseeing', 'Museo Conte', 'Museo Radio', 'San Fermo']",Teatro Romano,strategy_nearest,False,0.0017008781433105469,success
04FE573A9C4C80,1,"['Arena', 'Casa Giulietta']",Tomba Giulietta,"['San Fermo', 'Museo Storia', 'Museo Lapidario', 'Museo Radio', 'Verona Tour']",Torre Lamberti,strategy_nearest,False,0.001355886459350586,success
04FE46429C4C80,3,"['San Fermo', 'Arena', 'Tomba Giulietta', 'Casa Giulietta']",Torre Lamberti,"['Sighseeing', 'Centro Fotografia', 'Museo Conte', 'Palazzo della Ragione', 'AMO']",Santa Anastasia,strategy_nearest,False,0.002624034881591797,success
04FE513A9C4C80,0,['Arena'],Torre Lamberti,"['Sighseeing', 'Centro Fotografia', 'Museo Conte', 'Casa Giulietta', 'Palazzo della Ragione']",Teatro Romano,strategy_nearest,False,0.0019948482513427734,success
04FE5A429C4C80,3,"['Arena', 'Casa Giulietta']",Torre Lamberti,"['Sighseeing', 'Centro Fotografia', 'Museo Conte', 'Palazzo della Ragione', 'AMO']",Santa Anastasia,strategy_nearest,False,0.0038118362426757812,success
04FE6E429C4C80,0,"['Arena', 'Casa Giulietta']",Castelvecchio,"['Museo Lapidario', 'Verona Tour', 'Museo Radio', 'San Zeno', 'Sighseeing']",Tomba Giulietta,strategy_nearest,False,0.0025358200073242188,success
04FE6F429C4C80,0,['Arena'],Casa Giulietta,"['Centro Fotografia', 'Sighseeing', 'Torre Lamberti', 'Museo Conte', 'Museo Radio']",Santa Anastasia,strategy_nearest,False,0.001867055892944336,success
04FE75429C4C80,3,"['Arena', 'San Zeno']",Duomo,"['AMO', 'Museo Miniscalchi', 'Santa Anastasia', 'Teatro Romano', 'Palazzo della Ragione']",Teatro Romano,strategy_nearest,True,0.0035610198974609375,success
04FE783A9C4C80,3,"['Arena', 'Castelvecchio', 'San Zeno']",Teatro Romano,"['Santa Anastasia', 'Duomo', 'AMO', 'Palazzo della Ragione', 'Museo Conte']",Duomo,strategy_nearest,True,0.0027489662170410156,success
04FE834A9C4C80,3,['Arena'],Santa Anastasia,"['AMO', 'Museo Conte', 'Palazzo della Ragione', 'Teatro Romano', 'Centro Fotografia']",Teatro Romano,strategy_nearest,True,0.0026988983154296875,success
04FE844A9C4C80,0,['Arena'],Casa Giulietta,"['Centro Fotografia', 'Sighseeing', 'Torre Lamberti', 'Museo Conte', 'Museo Radio']",Torre Lamberti,strategy_nearest,True,0.003317117691040039,success
04FE853A9C4C80,1,"['San Zeno', 'Arena', 'Palazzo della Ragione']",Torre Lamberti,"['Sighseeing', 'Centro Fotografia', 'Museo Conte', 'Casa Giulietta', 'AMO']",Teatro Romano,strategy_nearest,False,0.002618074417114258,success
04FE8D4A9C4C80,0,"['Castelvecchio', 'Arena', 'San Fermo']",Casa Giulietta,"['Centro Fotografia', 'Sighseeing', 'Torre Lamberti', 'Museo Conte', 'Museo Radio']",Torre Lamberti,strategy_nearest,True,0.0011391639709472656,success
04FE8E4A9C4C80,0,['Arena'],Casa Giulietta,"['Centro Fotografia', 'Sighseeing', 'Torre Lamberti', 'Museo Conte', 'Museo Radio']",Torre Lamberti,strategy_nearest,True,0.0025243759155273438,success
04FE98429C4C80,0,['Arena'],Casa Giulietta,"['Centro Fotografia', 'Sighseeing', 'Torre Lamberti', 'Museo Conte', 'Museo Radio']",Santa Anastasia,strategy_nearest,False,0.0014688968658447266,success
04FE97429C4C80,0,['Arena'],Casa Giulietta,"['Centro Fotografia', 'Sighseeing', 'Torre Lamberti', 'Museo Conte', 'Museo Radio']",Santa Anastasia,strategy_nearest,False,0.002725839614868164,success
04FE954A9C4C80,0,['Arena'],Casa Giulietta,"['Centro Fotografia', 'Sighseeing', 'Torre Lamberti', 'Museo Conte', 'Museo Radio']",Duomo,strategy_nearest,False,0.0034859180450439453,success
04FE984A9C4C80,3,['Arena'],Santa Anastasia,"['AMO', 'Museo Conte', 'Palazzo della Ragione', 'Teatro Romano', 'Centro Fotografia']",Teatro Romano,strategy_nearest,True,0.0034351348876953125,success
04FE9A429C4C80,0,['Arena'],Casa Giulietta,"['Centro Fotografia', 'Sighseeing', 'Torre Lamberti', 'Museo Conte', 'Museo Radio']",Duomo,strategy_nearest,False,0.0018630027770996094,success
04FEA4429C4C80,3,"['Arena', 'Duomo']",Teatro Romano,"['Santa Anastasia', 'AMO', 'Palazzo della Ragione', 'Museo Conte', 'Centro Fotografia']",Torre Lamberti,strategy_nearest,False,0.0033788681030273438,success
04FE994A9C4C80,3,['Arena'],Torre Lamberti,"['Sighseeing', 'Centro Fotografia', 'Museo Conte', 'Casa Giulietta', 'Palazzo della Ragione']",Santa Anastasia,strategy_nearest,False,0.0027730464935302734,success
04FEA9429C4C80,3,"['Arena', 'Santa Anastasia']",Duomo,"['AMO', 'Museo Miniscalchi', 'Teatro Romano', 'Palazzo della Ragione', 'Museo Conte']",Torre Lamberti,strategy_nearest,False,0.002984762191772461,success
04FEB3429C4C80,0,"['Arena', 'Casa Giulietta', 'Torre Lamberti']",Castelvecchio,"['Museo Lapidario', 'Verona Tour', 'Museo Radio', 'San Zeno', 'Sighseeing']",Teatro Romano,strategy_nearest,False,0.0031080245971679688,success
04FEC73A9C4C80,3,"['Arena', 'Casa Giulietta']",Torre Lamberti,"['Sighseeing', 'Centro Fotografia', 'Museo Conte', 'Palazzo della Ragione', 'AMO']",Santa Anastasia,strategy_nearest,False,0.003285646438598633,success
04FEC6429C4C80,3,['Arena'],Santa Anastasia,"['AMO', 'Museo Conte', 'Palazzo della Ragione', 'Teatro Romano', 'Centro Fotografia']",Duomo,strategy_nearest,False,0.002530813217163086,success
04FED53A9C4C80,0,['Torre Lamberti'],Casa Giulietta,"['Centro Fotografia', 'Sighseeing', 'Museo Conte', 'Museo Radio', 'Palazzo della Ragione']",Arena,strategy_nearest,False,0.007113933563232422,success
04FEBA3A9C4C80,1,"['Arena', 'Casa Giulietta']",Torre Lamberti,"['Sighseeing', 'Centro Fotografia', 'Museo Conte', 'Palazzo della Ragione', 'AMO']",Palazzo della Ragione,strategy_nearest,True,0.00637507438659668,success
04FEE23A9C4C80,1,['Arena'],Torre Lamberti,"['Sighseeing', 'Centro Fotografia', 'Museo Conte', 'Casa Giulietta', 'Palazzo della Ragione']",Palazzo della Ragione,strategy_nearest,True,0.002681255340576172,success
04FEEA3A9C4C80,0,['Arena'],Casa Giulietta,"['Centro Fotografia', 'Sighseeing', 'Torre Lamberti', 'Museo Conte', 'Museo Radio']",Torre Lamberti,strategy_nearest,True,0.0028421878814697266,success
04FEF53A9C4C80,3,"['Casa Giulietta', 'Arena']",Castelvecchio,"['Museo Lapidario', 'Verona Tour', 'Museo Radio', 'San Zeno', 'Sighseeing']",Santa Anastasia,strategy_nearest,False,0.0019161701202392578,success
04FF013A9C4C84,0,['Castelvecchio'],Casa Giulietta,"['Centro Fotografia', 'Sighseeing', 'Torre Lamberti', 'Museo Conte', 'Museo Radio']",Arena,strategy_nearest,False,0.0027658939361572266,success
04FF003A9C4C84,1,"['Arena', 'Casa Giulietta']",Santa Anastasia,"['AMO', 'Museo Conte', 'Palazzo della Ragione', 'Teatro Romano', 'Centro Fotografia']",Duomo,strategy_nearest,False,0.0036978721618652344,success
04FF06429C4C84,1,"['Castelvecchio', 'Torre Lamberti', 'Palazzo della Ragione', 'Casa Giulietta', 'Santa Anastasia']",San Zeno,"['Verona Tour', 'Museo Lapidario', 'Arena', 'Museo Miniscalchi', 'Sighseeing']",Museo Lapidario,strategy_nearest,True,0.003171205520629883,success
04FF03429C4C84,0,"['Arena', 'Castelvecchio']",San Zeno,"['Verona Tour', 'Museo Lapidario', 'Museo Miniscalchi', 'Sighseeing', 'Museo Radio']",Duomo,strategy_nearest,False,0.0029587745666503906,success
04FF07429C4C84,3,['Arena'],Santa Anastasia,"['AMO', 'Museo Conte', 'Palazzo della Ragione', 'Teatro Romano', 'Centro Fotografia']",Teatro Romano,strategy_nearest,True,0.002593994140625,success
04FF0E429C4C84,0,['Arena'],Museo Lapidario,"['Verona Tour', 'Castelvecchio', 'Museo Radio', 'San Fermo', 'Casa Giulietta']",Casa Giulietta,strategy_nearest,True,0.0031538009643554688,success
04FF2C3A9C4C80,3,"['Arena', 'Casa Giulietta']",Torre Lamberti,"['Sighseeing', 'Centro Fotografia', 'Museo Conte', 'Palazzo della Ragione', 'AMO']",Santa Anastasia,strategy_nearest,False,0.0037457942962646484,success
04FF32C27B3F80,2,['Museo Lapidario'],Castelvecchio,"['Verona Tour', 'Arena', 'Museo Radio', 'San Zeno', 'Sighseeing']",Torre Lamberti,strategy_nearest,False,0.0028541088104248047,success
04FF343A9C4C80,1,['Arena'],Castelvecchio,"['Museo Lapidario', 'Verona Tour', 'Museo Radio', 'San Zeno', 'Sighseeing']",Torre Lamberti,strategy_nearest,False,0.002701997756958008,success
04FF423A9C4C80,3,"['San Fermo', 'Arena', 'Castelvecchio']",Torre Lamberti,"['Sighseeing', 'Centro Fotografia', 'Museo Conte', 'Casa Giulietta', 'Palazzo della Ragione']",Santa Anastasia,strategy_nearest,False,0.003187894821166992,success
04FF4B429C4C80,2,"['Teatro Romano', 'Duomo', 'Castelvecchio']",San Zeno,"['Verona Tour', 'Museo Lapidario', 'Arena', 'Museo Miniscalchi', 'Sighseeing']",Santa Anastasia,strategy_nearest,False,0.0031092166900634766,success
04FF4E429C4C80,3,"['Duomo', 'San Zeno', 'Castelvecchio']",Casa Giulietta,"['Centro Fotografia', 'Sighseeing', 'Torre Lamberti', 'Museo Conte', 'Museo Radio']",Arena,strategy_nearest,False,0.001756906509399414,success
04FF44429C4C80,3,"['Arena', 'Torre Lamberti']",Santa Anastasia,"['AMO', 'Museo Conte', 'Palazzo della Ragione', 'Teatro Romano', 'Centro Fotografia']",Teatro Romano,strategy_nearest,True,0.00473785400390625,success
04FF5F429C4C80,1,"['Arena', 'Torre Lamberti']",Palazzo della Ragione,"['AMO', 'Museo Conte', 'Centro Fotografia', 'Sighseeing', 'Santa Anastasia']",Casa Giulietta,strategy_nearest,False,0.0037221908569335938,success
04FF653A9C4C80,0,['Arena'],Casa Giulietta,"['Centro Fotografia', 'Sighseeing', 'Torre Lamberti', 'Museo Conte', 'Museo Radio']",Castelvecchio,strategy_nearest,False,0.002244710922241211,success
04FF63429C4C80,0,['Arena'],Casa Giulietta,"['Centro Fotografia', 'Sighseeing', 'Torre Lamberti', 'Museo Conte', 'Museo Radio']",Santa Anastasia,strategy_nearest,False,0.002154827117919922,success
04FF66429C4C80,0,['Arena'],Casa Giulietta,"['Centro Fotografia', 'Sighseeing', 'Torre Lamberti', 'Museo Conte', 'Museo Radio']",Teatro Romano,strategy_nearest,False,0.0030100345611572266,success
04FF693A9C4C80,3,"['Arena', 'Castelvecchio']",Torre Lamberti,"['Sighseeing', 'Centro Fotografia', 'Museo Conte', 'Casa Giulietta', 'Palazzo della Ragione']",Casa Giulietta,strategy_nearest,True,0.0034940242767333984,success
04FF72429C4C80,0,['Arena'],Casa Giulietta,"['Centro Fotografia', 'Sighseeing', 'Torre Lamberti', 'Museo Conte', 'Museo Radio']",Torre Lamberti,strategy_nearest,True,0.0021851062774658203,success
04FF7A3A9C4C80,3,['Arena'],Santa Anastasia,"['AMO', 'Museo Conte', 'Palazzo della Ragione', 'Teatro Romano', 'Centro Fotografia']",Teatro Romano,strategy_nearest,True,0.0033359527587890625,success
04FF6C429C4C80,2,['Castelvecchio'],Casa Giulietta,"['Centro Fotografia', 'Sighseeing', 'Torre Lamberti', 'Museo Conte', 'Museo Radio']",Torre Lamberti,strategy_nearest,True,0.0030031204223632812,success
04FF753A9C4C80,0,"['Tomba Giulietta', 'Arena']",Santa Anastasia,"['AMO', 'Museo Conte', 'Palazzo della Ragione', 'Teatro Romano', 'Centro Fotografia']",Giardino Giusti,strategy_nearest,False,0.003246784210205078,success
04FF7E429C4C80,3,"['Arena', 'Casa Giulietta', 'Torre Lamberti']",Santa Anastasia,"['AMO', 'Museo Conte', 'Palazzo della Ragione', 'Teatro Romano', 'Centro Fotografia']",Teatro Romano,strategy_nearest,True,0.0023241043090820312,success
04FF814A9C4C80,0,"['Arena', 'Museo Lapidario', 'Castelvecchio']",Duomo,"['AMO', 'Museo Miniscalchi', 'Santa Anastasia', 'Teatro Romano', 'Palazzo della Ragione']",Torre Lamberti,strategy_nearest,False,0.002273082733154297,success
04FF7F4A9C4C80,3,"['Arena', 'Tomba Giulietta']",Casa Giulietta,"['Centro Fotografia', 'Sighseeing', 'Torre Lamberti', 'Museo Conte', 'Museo Radio']",Santa Anastasia,strategy_nearest,False,0.0030498504638671875,success
04FF83429C4C80,2,"['Torre Lamberti', 'San Zeno']",Castelvecchio,"['Museo Lapidario', 'Verona Tour', 'Arena', 'Museo Radio', 'Sighseeing']",Santa Anastasia,strategy_nearest,False,0.003437042236328125,success
04FF8E3A9C4C80,1,"['Arena', 'Casa Giulietta']",Torre Lamberti,"['Sighseeing', 'Centro Fotografia', 'Museo Conte', 'Palazzo della Ragione', 'AMO']",Palazzo della Ragione,strategy_nearest,True,0.0029189586639404297,success
04FF87BA7B3F80,0,['Casa Giulietta'],Arena,"['Verona Tour', 'Museo Lapidario', 'Museo Radio', 'San Fermo', 'Sighseeing']",Tomba Giulietta,strategy_nearest,False,0.002363920211791992,success
04FF84429C4C80,3,['Arena'],Duomo,"['AMO', 'Museo Miniscalchi', 'Santa Anastasia', 'Teatro Romano', 'Palazzo della Ragione']",Santa Anastasia,strategy_nearest,True,0.00409388542175293,success
04FF954A9C4C80,1,"['Arena', 'Castelvecchio', 'Torre Lamberti']",Palazzo della Ragione,"['AMO', 'Museo Conte', 'Centro Fotografia', 'Sighseeing', 'Santa Anastasia']",Casa Giulietta,strategy_nearest,False,0.004146099090576172,success
04FF904A9C4C80,3,['Arena'],Torre Lamberti,"['Sighseeing', 'Centro Fotografia', 'Museo Conte', 'Casa Giulietta', 'Palazzo della Ragione']",Santa Anastasia,strategy_nearest,False,0.0018770694732666016,success
04FF99429C4C80,3,"['Arena', 'Casa Giulietta']",Torre Lamberti,"['Sighseeing', 'Centro Fotografia', 'Museo Conte', 'Palazzo della Ragione', 'AMO']",Teatro Romano,strategy_nearest,False,0.0028121471405029297,success
04FFA0429C4C80,0,['Arena'],Casa Giulietta,"['Centro Fotografia', 'Sighseeing', 'Torre Lamberti', 'Museo Conte', 'Museo Radio']",Giardino Giusti,strategy_nearest,False,0.0030918121337890625,success
04FF9F429C4C80,2,['Torre Lamberti'],Teatro Romano,"['Santa Anastasia', 'Duomo', 'AMO', 'Palazzo della Ragione', 'Museo Conte']",Duomo,strategy_nearest,True,0.0034122467041015625,success
04FFA74A9C4C80,3,['Arena'],Santa Anastasia,"['AMO', 'Museo Conte', 'Palazzo della Ragione', 'Teatro Romano', 'Centro Fotografia']",Duomo,strategy_nearest,False,0.0054242610931396484,success
04FFA84A9C4C80,2,['Museo Lapidario'],Palazzo della Ragione,"['AMO', 'Museo Conte', 'Torre Lamberti', 'Centro Fotografia', 'Sighseeing']",Casa Giulietta,strategy_nearest,False,0.00457000732421875,success
04FFA73A9C4C80,0,['Arena'],Torre Lamberti,"['Sighseeing', 'Centro Fotografia', 'Museo Conte', 'Casa Giulietta', 'Palazzo della Ragione']",Casa Giulietta,strategy_nearest,True,0.00546717643737793,success
04FFA94A9C4C80,0,['Casa Giulietta'],Arena,"['Verona Tour', 'Museo Lapidario', 'Museo Radio', 'San Fermo', 'Sighseeing']",Castelvecchio,strategy_nearest,False,0.003913164138793945,success
04FFB7429C4C80,1,"['Arena', 'Torre Lamberti']",Palazzo della Ragione,"['AMO', 'Museo Conte', 'Centro Fotografia', 'Sighseeing', 'Santa Anastasia']",Santa Anastasia,strategy_nearest,True,0.0046977996826171875,success
04FFB9429C4C80,0,"['Arena', 'Casa Giulietta']",Torre Lamberti,"['Sighseeing', 'Centro Fotografia', 'Museo Conte', 'Palazzo della Ragione', 'AMO']",Castelvecchio,strategy_nearest,False,0.0023632049560546875,success
04FFAD3A9C4C80,0,['Arena'],Casa Giulietta,"['Centro Fotografia', 'Sighseeing', 'Torre Lamberti', 'Museo Conte', 'Museo Radio']",Santa Anastasia,strategy_nearest,False,0.008827924728393555,success
04FFBB429C4C80,2,['Castelvecchio'],Santa Anastasia,"['AMO', 'Museo Conte', 'Palazzo della Ragione', 'Teatro Romano', 'Centro Fotografia']",Casa Giulietta,strategy_nearest,False,0.004815101623535156,success
04FFBD429C4C80,1,"['Duomo', 'Santa Anastasia', 'Casa Giulietta']",Torre Lamberti,"['Sighseeing', 'Centro Fotografia', 'Museo Conte', 'Palazzo della Ragione', 'AMO']",Palazzo della Ragione,strategy_nearest,True,0.003953218460083008,success
04FFBF3A9C4C80,6,"['Arena', 'Casa Giulietta']",Torre Lamberti,"['Sighseeing', 'Centro Fotografia', 'Museo Conte', 'Palazzo della Ragione', 'AMO']",Verona Tour,strategy_nearest,False,0.0033118724822998047,success
04FFC03A9C4C80,0,['Teatro Romano'],Casa Giulietta,"['Centro Fotografia', 'Sighseeing', 'Torre Lamberti', 'Museo Conte', 'Museo Radio']",Arena,strategy_nearest,False,0.0055081844329833984,success
04FFC63A9C4C80,0,"['Arena', 'Castelvecchio']",Casa Giulietta,"['Centro Fotografia', 'Sighseeing', 'Torre Lamberti', 'Museo Conte', 'Museo Radio']",Torre Lamberti,strategy_nearest,True,0.0029630661010742188,success
04FFCD429C4C80,4,"['Torre Lamberti', 'Casa Giulietta', 'Arena']",Castelvecchio,"['Museo Lapidario', 'Verona Tour', 'Museo Radio', 'San Zeno', 'Sighseeing']",Santa Anastasia,strategy_nearest,False,0.0025789737701416016,success
04FFCF429C4C80,2,['Castelvecchio'],Casa Giulietta,"['Centro Fotografia', 'Sighseeing', 'Torre Lamberti', 'Museo Conte', 'Museo Radio']",Santa Anastasia,strategy_nearest,False,0.0029981136322021484,success
04FFD43A9C4C80,3,"['Arena', 'Castelvecchio']",Santa Anastasia,"['AMO', 'Museo Conte', 'Palazzo della Ragione', 'Teatro Romano', 'Centro Fotografia']",Casa Giulietta,strategy_nearest,False,0.0023322105407714844,success
04FFD53A9C4C80,1,"['Teatro Romano', 'Arena', 'Casa Giulietta']",Palazzo della Ragione,"['AMO', 'Museo Conte', 'Torre Lamberti', 'Centro Fotografia', 'Sighseeing']",Torre Lamberti,strategy_nearest,True,0.003545045852661133,success
04FFDC3A9C4C80,3,"['Castelvecchio', 'Torre Lamberti', 'Tomba Giulietta', 'Arena']",San Fermo,"['Museo Storia', 'Museo Radio', 'Casa Giulietta', 'Centro Fotografia', 'Sighseeing']",Casa Giulietta,strategy_nearest,True,0.0026166439056396484,success
04FFE53A9C4C80,0,['Arena'],Casa Giulietta,"['Centro Fotografia', 'Sighseeing', 'Torre Lamberti', 'Museo Conte', 'Museo Radio']",Teatro Romano,strategy_nearest,False,0.0014939308166503906,success
04FFDD429C4C80,3,"['Castelvecchio', 'Santa Anastasia']",Teatro Romano,"['Duomo', 'AMO', 'Palazzo della Ragione', 'Museo Conte', 'Centro Fotografia']",Duomo,strategy_nearest,True,0.0026679039001464844,success
04FFEE3A9C4C80,0,['Casa Giulietta'],Arena,"['Verona Tour', 'Museo Lapidario', 'Museo Radio', 'San Fermo', 'Sighseeing']",Castelvecchio,strategy_nearest,False,0.003195047378540039,success
04FFEF3A9C4C80,3,"['Arena', 'Casa Giulietta']",Santa Anastasia,"['AMO', 'Museo Conte', 'Palazzo della Ragione', 'Teatro Romano', 'Centro Fotografia']",Duomo,strategy_nearest,False,0.0030798912048339844,success
0400003A9C4C85,3,['Torre Lamberti'],Arena,"['Verona Tour', 'Museo Lapidario', 'Museo Radio', 'San Fermo', 'Casa Giulietta']",Santa Anastasia,strategy_nearest,False,0.002874135971069336,success
04FFF43A9C4C80,1,"['Arena', 'Torre Lamberti']",Palazzo della Ragione,"['AMO', 'Museo Conte', 'Centro Fotografia', 'Sighseeing', 'Santa Anastasia']",Santa Anastasia,strategy_nearest,True,0.002331972122192383,success
04000D3A9C4C85,3,"['Arena', 'San Fermo']",Santa Anastasia,"['AMO', 'Museo Conte', 'Palazzo della Ragione', 'Teatro Romano', 'Centro Fotografia']",Duomo,strategy_nearest,False,0.0034208297729492188,success
04002B3A9C4C81,1,"['San Zeno', 'Castelvecchio', 'Arena']",Casa Giulietta,"['Centro Fotografia', 'Sighseeing', 'Torre Lamberti', 'Museo Conte', 'Museo Radio']",Torre Lamberti,strategy_nearest,True,0.002390146255493164,success
04002E4A9C4C81,2,"['Castelvecchio', 'Santa Anastasia', 'Palazzo della Ragione']",Casa Giulietta,"['Centro Fotografia', 'Sighseeing', 'Torre Lamberti', 'Museo Conte', 'Museo Radio']",Teatro Romano,strategy_nearest,False,0.0025458335876464844,success
04002E3A9C4C81,1,"['Arena', 'Casa Giulietta']",Palazzo della Ragione,"['AMO', 'Museo Conte', 'Torre Lamberti', 'Centro Fotografia', 'Sighseeing']",San Zeno,strategy_nearest,False,0.0016667842864990234,success
04002D429C4C81,0,['Arena'],Casa Giulietta,"['Centro Fotografia', 'Sighseeing', 'Torre Lamberti', 'Museo Conte', 'Museo Radio']",Santa Anastasia,strategy_nearest,False,0.0033409595489501953,success
0400354A9C4C81,3,['Santa Anastasia'],Duomo,"['AMO', 'Museo Miniscalchi', 'Teatro Romano', 'Palazzo della Ragione', 'Museo Conte']",Arena,strategy_nearest,False,0.002290010452270508,success
040037429C4C81,1,"['Castelvecchio', 'Arena', 'Museo Lapidario', 'San Fermo']",Casa Giulietta,"['Centro Fotografia', 'Sighseeing', 'Torre Lamberti', 'Museo Conte', 'Museo Radio']",Torre Lamberti,strategy_nearest,True,0.002135038375854492,success
04003B429C4C81,3,"['Casa Giulietta', 'Duomo']",Teatro Romano,"['Santa Anastasia', 'AMO', 'Palazzo della Ragione', 'Museo Conte', 'Centro Fotografia']",Torre Lamberti,strategy_nearest,False,0.0032019615173339844,success
04003B3A9C4C81,1,"['Arena', 'Castelvecchio', 'San Zeno', 'Palazzo della Ragione']",Torre Lamberti,"['Sighseeing', 'Centro Fotografia', 'Museo Conte', 'Casa Giulietta', 'AMO']",Casa Giulietta,strategy_nearest,True,0.0026521682739257812,success
04003F3A9C4C81,3,"['Castelvecchio', 'Arena', 'Casa Giulietta', 'Santa Anastasia']",Torre Lamberti,"['Sighseeing', 'Centro Fotografia', 'Museo Conte', 'Palazzo della Ragione', 'AMO']",Duomo,strategy_nearest,False,0.0033180713653564453,success
0400423A9C4C81,0,['Arena'],Casa Giulietta,"['Centro Fotografia', 'Sighseeing', 'Torre Lamberti', 'Museo Conte', 'Museo Radio']",Santa Anastasia,strategy_nearest,False,0.001852273941040039,success
0400483A9C4C81,0,"['Casa Giulietta', 'Arena']",Castelvecchio,"['Museo Lapidario', 'Verona Tour', 'Museo Radio', 'San Zeno', 'Sighseeing']",Teatro Romano,strategy_nearest,False,0.002593994140625,success
040049429C4C81,0,['Arena'],Casa Giulietta,"['Centro Fotografia', 'Sighseeing', 'Torre Lamberti', 'Museo Conte', 'Museo Radio']",Castelvecchio,strategy_nearest,False,0.003175973892211914,success
0400543A9C4C81,0,['Arena'],Castelvecchio,"['Museo Lapidario', 'Verona Tour', 'Museo Radio', 'San Zeno', 'Sighseeing']",Casa Giulietta,strategy_nearest,False,0.0031821727752685547,success
04005F429C4C81,3,"['Duomo', 'Santa Anastasia']",Casa Giulietta,"['Centro Fotografia', 'Sighseeing', 'Torre Lamberti', 'Museo Conte', 'Museo Radio']",Arena,strategy_nearest,False,0.0018351078033447266,success
040063429C4C81,3,"['Arena', 'Museo Lapidario']",Casa Giulietta,"['Centro Fotografia', 'Sighseeing', 'Torre Lamberti', 'Museo Conte', 'Museo Radio']",Santa Anastasia,strategy_nearest,False,0.002805948257446289,success
040067429C4C81,3,"['Arena', 'Casa Giulietta']",Torre Lamberti,"['Sighseeing', 'Centro Fotografia', 'Museo Conte', 'Palazzo della Ragione', 'AMO']",Santa Anastasia,strategy_nearest,False,0.00257110595703125,success
04006C3A9C4C81,2,"['Casa Giulietta', 'Santa Anastasia']",Torre Lamberti,"['Sighseeing', 'Centro Fotografia', 'Museo Conte', 'Palazzo della Ragione', 'AMO']",Duomo,strategy_nearest,False,0.002374887466430664,success
04006D429C4C81,1,"['Arena', 'Casa Giulietta', 'Torre Lamberti']",Palazzo della Ragione,"['AMO', 'Museo Conte', 'Centro Fotografia', 'Sighseeing', 'Santa Anastasia']",Santa Anastasia,strategy_nearest,True,0.0019478797912597656,success
0400763A9C4C81,3,"['Arena', 'Casa Giulietta', 'Torre Lamberti']",Santa Anastasia,"['AMO', 'Museo Conte', 'Palazzo della Ragione', 'Teatro Romano', 'Centro Fotografia']",Teatro Romano,strategy_nearest,True,0.002754688262939453,success
0400863A9C4C81,3,"['Arena', 'San Fermo']",Casa Giulietta,"['Centro Fotografia', 'Sighseeing', 'Torre Lamberti', 'Museo Conte', 'Museo Radio']",Duomo,strategy_nearest,False,0.002463817596435547,success
0400864A9C4C81,3,['Arena'],Santa Anastasia,"['AMO', 'Museo Conte', 'Palazzo della Ragione', 'Teatro Romano', 'Centro Fotografia']",Torre Lamberti,strategy_nearest,False,0.002415895462036133,success
04008B3A9C4C81,3,['Arena'],Santa Anastasia,"['AMO', 'Museo Conte', 'Palazzo della Ragione', 'Teatro Romano', 'Centro Fotografia']",Teatro Romano,strategy_nearest,True,0.003137826919555664,success
04009D429C4C81,0,['Arena'],Torre Lamberti,"['Sighseeing', 'Centro Fotografia', 'Museo Conte', 'Casa Giulietta', 'Palazzo della Ragione']",Casa Giulietta,strategy_nearest,True,0.0026268959045410156,success
04009F429C4C81,1,"['Arena', 'Torre Lamberti']",Palazzo della Ragione,"['AMO', 'Museo Conte', 'Centro Fotografia', 'Sighseeing', 'Santa Anastasia']",Casa Giulietta,strategy_nearest,False,0.0025260448455810547,success
0400A73A9C4C81,1,['Arena'],Casa Giulietta,"['Centro Fotografia', 'Sighseeing', 'Torre Lamberti', 'Museo Conte', 'Museo Radio']",Palazzo della Ragione,strategy_nearest,False,0.0031490325927734375,success
0400AB429C4C81,0,['Arena'],Casa Giulietta,"['Centro Fotografia', 'Sighseeing', 'Torre Lamberti', 'Museo Conte', 'Museo Radio']",Castelvecchio,strategy_nearest,False,0.0018239021301269531,success
0400AC429C4C81,1,"['Arena', 'Casa Giulietta']",Palazzo della Ragione,"['AMO', 'Museo Conte', 'Torre Lamberti', 'Centro Fotografia', 'Sighseeing']",Torre Lamberti,strategy_nearest,True,0.0030879974365234375,success
0400B13A9C4C81,0,['Arena'],Casa Giulietta,"['Centro Fotografia', 'Sighseeing', 'Torre Lamberti', 'Museo Conte', 'Museo Radio']",Torre Lamberti,strategy_nearest,True,0.0018768310546875,success
0400BD3A9C4C81,2,"['Castelvecchio', 'San Fermo']",Casa Giulietta,"['Centro Fotografia', 'Sighseeing', 'Torre Lamberti', 'Museo Conte', 'Museo Radio']",Santa Anastasia,strategy_nearest,False,0.0012078285217285156,success
0400B2429C4C81,0,['Castelvecchio'],Arena,"['Verona Tour', 'Museo Lapidario', 'Museo Radio', 'San Fermo', 'Casa Giulietta']",Casa Giulietta,strategy_nearest,True,0.003325939178466797,success
0400BF3A9C4C81,3,['Arena'],Duomo,"['AMO', 'Museo Miniscalchi', 'Santa Anastasia', 'Teatro Romano', 'Palazzo della Ragione']",Santa Anastasia,strategy_nearest,True,0.0026810169219970703,success
0400C1429C4C81,0,['Arena'],Teatro Romano,"['Santa Anastasia', 'Duomo', 'AMO', 'Palazzo della Ragione', 'Museo Conte']",Castelvecchio,strategy_nearest,False,0.0031609535217285156,success
0400C7429C4C81,3,"['Arena', 'Castelvecchio']",Torre Lamberti,"['Sighseeing', 'Centro Fotografia', 'Museo Conte', 'Casa Giulietta', 'Palazzo della Ragione']",Santa Anastasia,strategy_nearest,False,0.0021250247955322266,success
0400C53A9C4C81,0,"['Arena', 'Casa Giulietta']",Duomo,"['AMO', 'Museo Miniscalchi', 'Santa Anastasia', 'Teatro Romano', 'Palazzo della Ragione']",Teatro Romano,strategy_nearest,True,0.0020029544830322266,success
0400CC429C4C81,2,['Casa Giulietta'],Palazzo della Ragione,"['AMO', 'Museo Conte', 'Torre Lamberti', 'Centro Fotografia', 'Sighseeing']",Castelvecchio,strategy_nearest,False,0.002929210662841797,success
0400C9429C4C81,1,"['Arena', 'Casa Giulietta', 'Torre Lamberti']",Palazzo della Ragione,"['AMO', 'Museo Conte', 'Centro Fotografia', 'Sighseeing', 'Santa Anastasia']",Santa Anastasia,strategy_nearest,True,0.0026962757110595703,success
0400D23A9C4C81,1,"['Castelvecchio', 'Casa Giulietta']",Teatro Romano,"['Santa Anastasia', 'Duomo', 'AMO', 'Palazzo della Ragione', 'Museo Conte']",Arena,strategy_nearest,False,0.002057313919067383,success
0400CF429C4C81,2,"['Torre Lamberti', 'Duomo', 'Casa Giulietta']",Castelvecchio,"['Museo Lapidario', 'Verona Tour', 'Arena', 'Museo Radio', 'San Zeno']",San Zeno,strategy_nearest,True,0.0013377666473388672,success
0400D83A9C4C81,0,['Arena'],Castelvecchio,"['Museo Lapidario', 'Verona Tour', 'Museo Radio', 'San Zeno', 'Sighseeing']",Duomo,strategy_nearest,False,0.0027132034301757812,success
0400D93A9C4C81,0,['Arena'],Casa Giulietta,"['Centro Fotografia', 'Sighseeing', 'Torre Lamberti', 'Museo Conte', 'Museo Radio']",Torre Lamberti,strategy_nearest,True,0.0032851696014404297,success
0400EB3A9C4C81,3,['Torre Lamberti'],Arena,"['Verona Tour', 'Museo Lapidario', 'Museo Radio', 'San Fermo', 'Casa Giulietta']",Santa Anastasia,strategy_nearest,False,0.0018718242645263672,success
0400EC3A9C4C81,3,['Arena'],Casa Giulietta,"['Centro Fotografia', 'Sighseeing', 'Torre Lamberti', 'Museo Conte', 'Museo Radio']",Santa Anastasia,strategy_nearest,False,0.002602100372314453,success
0400FE3A9C4C81,1,"['Arena', 'Torre Lamberti', 'Palazzo della Ragione']",Santa Anastasia,"['AMO', 'Museo Conte', 'Teatro Romano', 'Centro Fotografia', 'Duomo']",Duomo,strategy_nearest,True,0.002471923828125,success
0400F1429C4C81,2,"['Casa Giulietta', 'San Fermo']",Castelvecchio,"['Museo Lapidario', 'Verona Tour', 'Arena', 'Museo Radio', 'San Zeno']",Duomo,strategy_nearest,False,0.0033769607543945312,success
040101429C4C85,3,"['Teatro Romano', 'Arena', 'San Fermo']",Casa Giulietta,"['Centro Fotografia', 'Sighseeing', 'Torre Lamberti', 'Museo Conte', 'Museo Radio']",Duomo,strategy_nearest,False,0.0026140213012695312,success
0401053A9C4C85,3,['Arena'],San Fermo,"['Museo Storia', 'Museo Radio', 'Casa Giulietta', 'Centro Fotografia', 'Sighseeing']",Casa Giulietta,strategy_nearest,True,0.0027489662170410156,success
04010E3A9C4C85,3,['Arena'],Casa Giulietta,"['Centro Fotografia', 'Sighseeing', 'Torre Lamberti', 'Museo Conte', 'Museo Radio']",Torre Lamberti,strategy_nearest,True,0.003286123275756836,success
040139429C4C81,0,['Arena'],Casa Giulietta,"['Centro Fotografia', 'Sighseeing', 'Torre Lamberti', 'Museo Conte', 'Museo Radio']",Santa Anastasia,strategy_nearest,False,0.002593994140625,success
0401443A9C4C81,2,"['Castelvecchio', 'San Zeno']",Palazzo della Ragione,"['AMO', 'Museo Conte', 'Torre Lamberti', 'Centro Fotografia', 'Sighseeing']",Torre Lamberti,strategy_nearest,True,0.002090930938720703,success
04013A3A9C4C81,1,"['Arena', 'Casa Giulietta', 'Torre Lamberti']",Palazzo della Ragione,"['AMO', 'Museo Conte', 'Centro Fotografia', 'Sighseeing', 'Santa Anastasia']",Santa Anastasia,strategy_nearest,True,0.0020859241485595703,success
0401573A9C4C81,2,"['San Fermo', 'Casa Giulietta']",Torre Lamberti,"['Sighseeing', 'Centro Fotografia', 'Museo Conte', 'Palazzo della Ragione', 'AMO']",Santa Anastasia,strategy_nearest,False,0.0024907588958740234,success
04013D3A9C4C81,3,['Arena'],Torre Lamberti,"['Sighseeing', 'Centro Fotografia', 'Museo Conte', 'Casa Giulietta', 'Palazzo della Ragione']",Santa Anastasia,strategy_nearest,False,0.003468036651611328,success
04015A429C4C81,0,['Arena'],Casa Giulietta,"['Centro Fotografia', 'Sighseeing', 'Torre Lamberti', 'Museo Conte', 'Museo Radio']",Castelvecchio,strategy_nearest,False,0.002051115036010742,success
040163429C4C81,2,['Casa Giulietta'],Santa Anastasia,"['AMO', 'Museo Conte', 'Palazzo della Ragione', 'Teatro Romano', 'Centro Fotografia']",Duomo,strategy_nearest,False,0.0028290748596191406,success
04015F429C4C81,3,"['Arena', 'Museo Lapidario']",Casa Giulietta,"['Centro Fotografia', 'Sighseeing', 'Torre Lamberti', 'Museo Conte', 'Museo Radio']",Santa Anastasia,strategy_nearest,False,0.0021049976348876953,success
0401733A9C4C81,1,"['Arena', 'Casa Giulietta']",Torre Lamberti,"['Sighseeing', 'Centro Fotografia', 'Museo Conte', 'Palazzo della Ragione', 'AMO']",Palazzo della Ragione,strategy_nearest,True,0.003407716751098633,success
04017C3A9C4C81,1,"['Arena', 'Casa Giulietta']",Palazzo della Ragione,"['AMO', 'Museo Conte', 'Torre Lamberti', 'Centro Fotografia', 'Sighseeing']",Torre Lamberti,strategy_nearest,True,0.0022330284118652344,success
0401783A9C4C81,3,"['Castelvecchio', 'Arena']",Casa Giulietta,"['Centro Fotografia', 'Sighseeing', 'Torre Lamberti', 'Museo Conte', 'Museo Radio']",Santa Anastasia,strategy_nearest,False,0.003984928131103516,success
0401763A9C4C81,0,['Arena'],Tomba Giulietta,"['San Fermo', 'Museo Storia', 'Museo Lapidario', 'Museo Radio', 'Verona Tour']",Casa Giulietta,strategy_nearest,False,0.001728057861328125,success
040175429C4C81,0,['Castelvecchio'],Arena,"['Verona Tour', 'Museo Lapidario', 'Museo Radio', 'San Fermo', 'Casa Giulietta']",Torre Lamberti,strategy_nearest,False,0.005886077880859375,success
04017C4A9C4C81,0,['Arena'],Casa Giulietta,"['Centro Fotografia', 'Sighseeing', 'Torre Lamberti', 'Museo Conte', 'Museo Radio']",Tomba Giulietta,strategy_nearest,False,0.0024750232696533203,success
04017D4A9C4C81,3,"['Torre Lamberti', 'Santa Anastasia', 'Duomo']",Teatro Romano,"['AMO', 'Palazzo della Ragione', 'Museo Conte', 'Centro Fotografia', 'Museo Miniscalchi']",Casa Giulietta,strategy_nearest,False,0.0040891170501708984,success
0401873A9C4C81,3,"['Duomo', 'Santa Anastasia']",Arena,"['Verona Tour', 'Museo Lapidario', 'Museo Radio', 'San Fermo', 'Casa Giulietta']",San Fermo,strategy_nearest,True,0.0037369728088378906,success
0401854A9C4C81,0,['Arena'],Santa Anastasia,"['AMO', 'Museo Conte', 'Palazzo della Ragione', 'Teatro Romano', 'Centro Fotografia']",Tomba Giulietta,strategy_nearest,False,0.006208181381225586,success
04018E3A9C4C81,0,['Arena'],Casa Giulietta,"['Centro Fotografia', 'Sighseeing', 'Torre Lamberti', 'Museo Conte', 'Museo Radio']",Teatro Romano,strategy_nearest,False,0.004755973815917969,success
0401A34A9C4C81,3,['Arena'],Casa Giulietta,"['Centro Fotografia', 'Sighseeing', 'Torre Lamberti', 'Museo Conte', 'Museo Radio']",Santa Anastasia,strategy_nearest,False,0.0042459964752197266,success
0401A8429C4C81,1,"['Arena', 'Museo Lapidario']",Torre Lamberti,"['Sighseeing', 'Centro Fotografia', 'Museo Conte', 'Casa Giulietta', 'Palazzo della Ragione']",Palazzo della Ragione,strategy_nearest,True,0.005363941192626953,success
0401AC429C4C81,1,['Arena'],Torre Lamberti,"['Sighseeing', 'Centro Fotografia', 'Museo Conte', 'Casa Giulietta', 'Palazzo della Ragione']",Palazzo della Ragione,strategy_nearest,True,0.0017168521881103516,success
0401A44A9C4C81,2,['Casa Giulietta'],Santa Anastasia,"['AMO', 'Museo Conte', 'Palazzo della Ragione', 'Teatro Romano', 'Centro Fotografia']",Castelvecchio,strategy_nearest,False,0.006268978118896484,success
0401BE3A9C4C81,6,['Arena'],Casa Giulietta,"['Centro Fotografia', 'Sighseeing', 'Torre Lamberti', 'Museo Conte', 'Museo Radio']",Verona Tour,strategy_nearest,False,0.0020296573638916016,success
0401B4429C4C81,3,['Arena'],Torre Lamberti,"['Sighseeing', 'Centro Fotografia', 'Museo Conte', 'Casa Giulietta', 'Palazzo della Ragione']",Casa Giulietta,strategy_nearest,True,0.0033528804779052734,success
0401B13A9C4C81,1,"['Teatro Romano', 'Duomo', 'Torre Lamberti']",Palazzo della Ragione,"['AMO', 'Museo Conte', 'Centro Fotografia', 'Sighseeing', 'Santa Anastasia']",Arena,strategy_nearest,False,0.0058062076568603516,success
0401C5429C4C81,1,"['Arena', 'Casa Giulietta']",Palazzo della Ragione,"['AMO', 'Museo Conte', 'Torre Lamberti', 'Centro Fotografia', 'Sighseeing']",Torre Lamberti,strategy_nearest,True,0.004251003265380859,success
0401C73A9C4C81,3,['Arena'],Santa Anastasia,"['AMO', 'Museo Conte', 'Palazzo della Ragione', 'Teatro Romano', 'Centro Fotografia']",Teatro Romano,strategy_nearest,True,0.002897024154663086,success
0401C63A9C4C81,3,"['Arena', 'San Fermo', 'Casa Giulietta']",Torre Lamberti,"['Sighseeing', 'Centro Fotografia', 'Museo Conte', 'Palazzo della Ragione', 'AMO']",Santa Anastasia,strategy_nearest,False,0.0020351409912109375,success
0401C8429C4C81,0,['Torre Lamberti'],Casa Giulietta,"['Centro Fotografia', 'Sighseeing', 'Museo Conte', 'Museo Radio', 'Palazzo della Ragione']",San Fermo,strategy_nearest,False,0.0037229061126708984,success
0401CC429C4C81,0,"['Castelvecchio', 'Casa Giulietta']",Tomba Giulietta,"['San Fermo', 'Museo Storia', 'Arena', 'Museo Lapidario', 'Museo Radio']",Arena,strategy_nearest,True,0.003374814987182617,success
0401DC3A9C4C81,3,"['Arena', 'Torre Lamberti']",Santa Anastasia,"['AMO', 'Museo Conte', 'Palazzo della Ragione', 'Teatro Romano', 'Centro Fotografia']",Duomo,strategy_nearest,False,0.002193927764892578,success
0401DD429C4C81,1,"['Arena', 'Casa Giulietta']",Giardino Giusti,"['Santa Anastasia', 'Teatro Romano', 'Museo Conte', 'Centro Fotografia', 'Museo Storia']",Teatro Romano,strategy_nearest,True,0.003110170364379883,success
0401D0429C4C81,0,['Arena'],Casa Giulietta,"['Centro Fotografia', 'Sighseeing', 'Torre Lamberti', 'Museo Conte', 'Museo Radio']",Castelvecchio,strategy_nearest,False,0.003548145294189453,success
0401EE429C4C81,2,"['Duomo', 'Santa Anastasia']",Palazzo della Ragione,"['AMO', 'Museo Conte', 'Torre Lamberti', 'Centro Fotografia', 'Sighseeing']",Torre Lamberti,strategy_nearest,True,0.0025849342346191406,success
0402033A9C4C85,1,['Arena'],Castelvecchio,"['Museo Lapidario', 'Verona Tour', 'Museo Radio', 'San Zeno', 'Sighseeing']",Torre Lamberti,strategy_nearest,False,0.0034537315368652344,success
0401FA3A9C4C81,0,['Arena'],Torre Lamberti,"['Sighseeing', 'Centro Fotografia', 'Museo Conte', 'Casa Giulietta', 'Palazzo della Ragione']",Casa Giulietta,strategy_nearest,True,0.003238201141357422,success
0401F43A9C4C81,2,"['Casa Giulietta', 'Torre Lamberti', 'Torre Lamberti']",Palazzo della Ragione,"['AMO', 'Museo Conte', 'Centro Fotografia', 'Sighseeing', 'Santa Anastasia']",Santa Anastasia,strategy_nearest,True,0.0023550987243652344,success
0402294A9C4C81,2,"['Casa Giulietta', 'Torre Lamberti']",Santa Anastasia,"['AMO', 'Museo Conte', 'Palazzo della Ragione', 'Teatro Romano', 'Centro Fotografia']",Castelvecchio,strategy_nearest,False,0.0015561580657958984,success
0402303A9C4C81,2,"['Santa Anastasia', 'Palazzo della Ragione']",Torre Lamberti,"['Sighseeing', 'Centro Fotografia', 'Museo Conte', 'Casa Giulietta', 'AMO']",Casa Giulietta,strategy_nearest,True,0.0030040740966796875,success
040232429C4C81,3,['Arena'],Santa Anastasia,"['AMO', 'Museo Conte', 'Palazzo della Ragione', 'Teatro Romano', 'Centro Fotografia']",San Zeno,strategy_nearest,False,0.004444122314453125,success
04022D4A9C4C81,0,['Casa Giulietta'],Arena,"['Verona Tour', 'Museo Lapidario', 'Museo Radio', 'San Fermo', 'Sighseeing']",San Zeno,strategy_nearest,False,0.0038840770721435547,success
04024A429C4C81,1,"['Arena', 'Tomba Giulietta']",San Fermo,"['Museo Storia', 'Museo Radio', 'Casa Giulietta', 'Centro Fotografia', 'Sighseeing']",Casa Giulietta,strategy_nearest,True,0.0024781227111816406,success
0402343A9C4C81,3,"['Arena', 'Casa Giulietta']",Torre Lamberti,"['Sighseeing', 'Centro Fotografia', 'Museo Conte', 'Palazzo della Ragione', 'AMO']",Duomo,strategy_nearest,False,0.0025641918182373047,success
04024F3A9C4C81,0,['Torre Lamberti'],Duomo,"['AMO', 'Museo Miniscalchi', 'Santa Anastasia', 'Teatro Romano', 'Palazzo della Ragione']",Casa Giulietta,strategy_nearest,False,0.0050199031829833984,success
040250429C4C81,3,"['Arena', 'Casa Giulietta']",Torre Lamberti,"['Sighseeing', 'Centro Fotografia', 'Museo Conte', 'Palazzo della Ragione', 'AMO']",Santa Anastasia,strategy_nearest,False,0.0038170814514160156,success
0402543A9C4C81,3,"['Castelvecchio', 'Arena']",Torre Lamberti,"['Sighseeing', 'Centro Fotografia', 'Museo Conte', 'Casa Giulietta', 'Palazzo della Ragione']",Santa Anastasia,strategy_nearest,False,0.004361867904663086,success
040263429C4C81,3,"['Arena', 'San Fermo']",Santa Anastasia,"['AMO', 'Museo Conte', 'Palazzo della Ragione', 'Teatro Romano', 'Centro Fotografia']",San Zeno,strategy_nearest,False,0.003529071807861328,success
04025B429C4C81,0,['Arena'],Teatro Romano,"['Santa Anastasia', 'Duomo', 'AMO', 'Palazzo della Ragione', 'Museo Conte']",San Zeno,strategy_nearest,False,0.003275156021118164,success
0402673A9C4C81,1,"['Arena', 'Casa Giulietta']",Duomo,"['AMO', 'Museo Miniscalchi', 'Santa Anastasia', 'Teatro Romano', 'Palazzo della Ragione']",Giardino Giusti,strategy_nearest,False,0.004729032516479492,success
040267429C4C81,3,"['Arena', 'Teatro Romano']",Duomo,"['AMO', 'Museo Miniscalchi', 'Santa Anastasia', 'Palazzo della Ragione', 'Museo Conte']",San Fermo,strategy_nearest,False,0.003715038299560547,success
040269429C4C81,0,['Arena'],Casa Giulietta,"['Centro Fotografia', 'Sighseeing', 'Torre Lamberti', 'Museo Conte', 'Museo Radio']",San Fermo,strategy_nearest,False,0.0028150081634521484,success
04026E429C4C81,2,"['Casa Giulietta', 'Torre Lamberti', 'Santa Anastasia']",Duomo,"['AMO', 'Museo Miniscalchi', 'Teatro Romano', 'Palazzo della Ragione', 'Museo Conte']",San Zeno,strategy_nearest,False,0.0029969215393066406,success
04027B4A9C4C81,2,['Torre Lamberti'],Duomo,"['AMO', 'Museo Miniscalchi', 'Santa Anastasia', 'Teatro Romano', 'Palazzo della Ragione']",Santa Anastasia,strategy_nearest,True,0.002816915512084961,success
04028D3A9C4C81,0,['Arena'],Teatro Romano,"['Santa Anastasia', 'Duomo', 'AMO', 'Palazzo della Ragione', 'Museo Conte']",Castelvecchio,strategy_nearest,False,0.0031921863555908203,success
040274429C4C81,3,"['Arena', 'Torre Lamberti']",Casa Giulietta,"['Centro Fotografia', 'Sighseeing', 'Museo Conte', 'Museo Radio', 'Palazzo della Ragione']",Santa Anastasia,strategy_nearest,False,0.0028421878814697266,success
04028B4A9C4C81,1,"['Arena', 'Museo Lapidario', 'Casa Giulietta', 'Torre Lamberti']",Palazzo della Ragione,"['AMO', 'Museo Conte', 'Centro Fotografia', 'Sighseeing', 'Santa Anastasia']",Santa Anastasia,strategy_nearest,True,0.0015811920166015625,success
040290429C4C81,2,['Santa Anastasia'],Torre Lamberti,"['Sighseeing', 'Centro Fotografia', 'Museo Conte', 'Casa Giulietta', 'Palazzo della Ragione']",San Zeno,strategy_nearest,False,0.002454996109008789,success
04029B429C4C81,0,['Arena'],Casa Giulietta,"['Centro Fotografia', 'Sighseeing', 'Torre Lamberti', 'Museo Conte', 'Museo Radio']",San Fermo,strategy_nearest,False,0.0017120838165283203,success
0402A54A9C4C81,2,"['Teatro Romano', 'Giardino Giusti']",Torre Lamberti,"['Sighseeing', 'Centro Fotografia', 'Museo Conte', 'Casa Giulietta', 'Palazzo della Ragione']",Santa Anastasia,strategy_nearest,False,0.0035610198974609375,success
0402A44A9C4C81,0,['Arena'],Casa Giulietta,"['Centro Fotografia', 'Sighseeing', 'Torre Lamberti', 'Museo Conte', 'Museo Radio']",Castelvecchio,strategy_nearest,False,0.0030417442321777344,success
0402B83A9C4C81,3,"['Arena', 'Casa Giulietta']",San Zeno,"['Castelvecchio', 'Verona Tour', 'Museo Lapidario', 'Museo Miniscalchi', 'Sighseeing']",Torre Lamberti,strategy_nearest,False,0.0018551349639892578,success
0402BD3A9C4C81,1,"['Arena', 'Casa Giulietta', 'Torre Lamberti']",Palazzo della Ragione,"['AMO', 'Museo Conte', 'Centro Fotografia', 'Sighseeing', 'Santa Anastasia']",Santa Anastasia,strategy_nearest,True,0.002335071563720703,success
0402A94A9C4C81,1,"['Castelvecchio', 'Casa Giulietta']",Torre Lamberti,"['Sighseeing', 'Centro Fotografia', 'Museo Conte', 'Palazzo della Ragione', 'AMO']",Palazzo della Ragione,strategy_nearest,True,0.003113985061645508,success
0402C6429C4C81,2,['Casa Giulietta'],Torre Lamberti,"['Sighseeing', 'Centro Fotografia', 'Museo Conte', 'Palazzo della Ragione', 'AMO']",Palazzo della Ragione,strategy_nearest,True,0.003461122512817383,success
0402C9429C4C81,0,['Arena'],Casa Giulietta,"['Centro Fotografia', 'Sighseeing', 'Torre Lamberti', 'Museo Conte', 'Museo Radio']",Torre Lamberti,strategy_nearest,True,0.0026819705963134766,success
0402C7429C4C81,1,"['Castelvecchio', 'Palazzo della Ragione']",Torre Lamberti,"['Sighseeing', 'Centro Fotografia', 'Museo Conte', 'Casa Giulietta', 'AMO']",Casa Giulietta,strategy_nearest,True,0.0013120174407958984,success
0402C93A9C4C81,3,"['Arena', 'Casa Giulietta']",Torre Lamberti,"['Sighseeing', 'Centro Fotografia', 'Museo Conte', 'Palazzo della Ragione', 'AMO']",Duomo,strategy_nearest,False,0.0020799636840820312,success
0402CA429C4C81,3,['Casa Giulietta'],Santa Anastasia,"['AMO', 'Museo Conte', 'Palazzo della Ragione', 'Teatro Romano', 'Centro Fotografia']",Arena,strategy_nearest,False,0.0032241344451904297,success
0402E8429C4C81,2,"['Casa Giulietta', 'Torre Lamberti']",Santa Anastasia,"['AMO', 'Museo Conte', 'Palazzo della Ragione', 'Teatro Romano', 'Centro Fotografia']",Castelvecchio,strategy_nearest,False,0.002656221389770508,success
0402D93A9C4C81,3,"['Arena', 'Casa Giulietta', 'San Fermo']",Torre Lamberti,"['Sighseeing', 'Centro Fotografia', 'Museo Conte', 'Palazzo della Ragione', 'AMO']",Santa Anastasia,strategy_nearest,False,0.0019068717956542969,success
0402ED429C4C81,3,"['Arena', 'Castelvecchio', 'Tomba Giulietta']",Museo Lapidario,"['Verona Tour', 'Museo Radio', 'San Fermo', 'Casa Giulietta', 'Sighseeing']",Casa Giulietta,strategy_nearest,True,0.0019218921661376953,success
0402EC3A9C4C81,3,['Arena'],Casa Giulietta,"['Centro Fotografia', 'Sighseeing', 'Torre Lamberti', 'Museo Conte', 'Museo Radio']",Santa Anastasia,strategy_nearest,False,0.003608226776123047,success
0402FA3A9C4C81,3,"['Casa Giulietta', 'San Fermo']",Arena,"['Verona Tour', 'Museo Lapidario', 'Museo Radio', 'Sighseeing', 'Castelvecchio']",Santa Anastasia,strategy_nearest,False,0.0025529861450195312,success
0402FB429C4C81,0,['Museo Lapidario'],Castelvecchio,"['Verona Tour', 'Arena', 'Museo Radio', 'San Zeno', 'Sighseeing']",Arena,strategy_nearest,True,0.0030672550201416016,success
0403023A9C4C85,2,['Torre Lamberti'],Santa Anastasia,"['AMO', 'Museo Conte', 'Palazzo della Ragione', 'Teatro Romano', 'Centro Fotografia']",Duomo,strategy_nearest,False,0.0021109580993652344,success
04030C429C4C85,0,['Arena'],Casa Giulietta,"['Centro Fotografia', 'Sighseeing', 'Torre Lamberti', 'Museo Conte', 'Museo Radio']",Castelvecchio,strategy_nearest,False,0.0026497840881347656,success
0402FC429C4C81,3,"['Arena', 'Casa Giulietta']",Torre Lamberti,"['Sighseeing', 'Centro Fotografia', 'Museo Conte', 'Palazzo della Ragione', 'AMO']",Duomo,strategy_nearest,False,0.0028939247131347656,success
04032F4A9C4C81,2,['Castelvecchio'],Giardino Giusti,"['Santa Anastasia', 'Teatro Romano', 'Museo Conte', 'Centro Fotografia', 'Museo Storia']",San Zeno,strategy_nearest,False,0.0031850337982177734,success
04033A429C4C81,3,"['Santa Anastasia', 'Teatro Romano', 'Duomo']",Arena,"['Verona Tour', 'Museo Lapidario', 'Museo Radio', 'San Fermo', 'Casa Giulietta']",Casa Giulietta,strategy_nearest,True,0.0020089149475097656,success
04033F429C4C81,3,['Arena'],Teatro Romano,"['Santa Anastasia', 'Duomo', 'AMO', 'Palazzo della Ragione', 'Museo Conte']",Santa Anastasia,strategy_nearest,True,0.002691984176635742,success
0403373A9C4C81,3,"['Castelvecchio', 'Casa Giulietta', 'Arena']",Torre Lamberti,"['Sighseeing', 'Centro Fotografia', 'Museo Conte', 'Palazzo della Ragione', 'AMO']",Torre Lamberti,strategy_nearest,False,0.002688169479370117,success
040340429C4C81,0,['Casa Giulietta'],Castelvecchio,"['Museo Lapidario', 'Verona Tour', 'Arena', 'Museo Radio', 'San Zeno']",Arena,strategy_nearest,True,0.0031571388244628906,success
040356429C4C81,3,"['Castelvecchio', 'Arena', 'Casa Giulietta']",Torre Lamberti,"['Sighseeing', 'Centro Fotografia', 'Museo Conte', 'Palazzo della Ragione', 'AMO']",Duomo,strategy_nearest,False,0.0018200874328613281,success
04034B429C4C81,0,['Arena'],Casa Giulietta,"['Centro Fotografia', 'Sighseeing', 'Torre Lamberti', 'Museo Conte', 'Museo Radio']",Teatro Romano,strategy_nearest,False,0.0032188892364501953,success
04034F429C4C81,0,['Arena'],Casa Giulietta,"['Centro Fotografia', 'Sighseeing', 'Torre Lamberti', 'Museo Conte', 'Museo Radio']",Duomo,strategy_nearest,False,0.001981973648071289,success
04035B429C4C81,0,['Arena'],Casa Giulietta,"['Centro Fotografia', 'Sighseeing', 'Torre Lamberti', 'Museo Conte', 'Museo Radio']",Castelvecchio,strategy_nearest,False,0.0019230842590332031,success
0403653A9C4C81,2,['Casa Giulietta'],Torre Lamberti,"['Sighseeing', 'Centro Fotografia', 'Museo Conte', 'Palazzo della Ragione', 'AMO']",Santa Anastasia,strategy_nearest,False,0.0025000572204589844,success
04035C429C4C81,3,"['Santa Anastasia', 'Duomo']",Arena,"['Verona Tour', 'Museo Lapidario', 'Museo Radio', 'San Fermo', 'Casa Giulietta']",Castelvecchio,strategy_nearest,False,0.002173900604248047,success
040364429C4C81,3,"['Arena', 'Casa Giulietta']",Torre Lamberti,"['Sighseeing', 'Centro Fotografia', 'Museo Conte', 'Palazzo della Ragione', 'AMO']",Santa Anastasia,strategy_nearest,False,0.003314971923828125,success
04036B429C4C81,0,['Arena'],Casa Giulietta,"['Centro Fotografia', 'Sighseeing', 'Torre Lamberti', 'Museo Conte', 'Museo Radio']",Duomo,strategy_nearest,False,0.0023653507232666016,success
04036F429C4C81,3,"['Museo Lapidario', 'Arena']",Castelvecchio,"['Verona Tour', 'Museo Radio', 'San Zeno', 'Sighseeing', 'Museo Miniscalchi']",Torre Lamberti,strategy_nearest,False,0.0026590824127197266,success
040371429C4C81,0,['Santa Anastasia'],Casa Giulietta,"['Centro Fotografia', 'Sighseeing', 'Torre Lamberti', 'Museo Conte', 'Museo Radio']",Arena,strategy_nearest,False,0.0020389556884765625,success
040372429C4C81,3,"['Arena', 'Torre Lamberti']",Casa Giulietta,"['Centro Fotografia', 'Sighseeing', 'Museo Conte', 'Museo Radio', 'Palazzo della Ragione']",Santa Anastasia,strategy_nearest,False,0.002627849578857422,success
04037C4A9C4C81,0,['Arena'],Museo Lapidario,"['Verona Tour', 'Castelvecchio', 'Museo Radio', 'San Fermo', 'Casa Giulietta']",Giardino Giusti,strategy_nearest,False,0.001833200454711914,success
04037F3A9C4C81,0,"['Arena', 'Museo Lapidario']",Castelvecchio,"['Verona Tour', 'Museo Radio', 'San Zeno', 'Sighseeing', 'Museo Miniscalchi']",Santa Anastasia,strategy_nearest,False,0.002372264862060547,success
0403823A9C4C81,0,"['Arena', 'Museo Lapidario']",Casa Giulietta,"['Centro Fotografia', 'Sighseeing', 'Torre Lamberti', 'Museo Conte', 'Museo Radio']",Museo Storia,strategy_nearest,False,0.003242969512939453,success
0403863A9C4C81,0,['Arena'],Casa Giulietta,"['Centro Fotografia', 'Sighseeing', 'Torre Lamberti', 'Museo Conte', 'Museo Radio']",Torre Lamberti,strategy_nearest,True,0.002334117889404297,success
040390429C4C81,1,"['Arena', 'Museo Lapidario']",Castelvecchio,"['Verona Tour', 'Museo Radio', 'San Zeno', 'Sighseeing', 'Museo Miniscalchi']",Santa Anastasia,strategy_nearest,False,0.0019712448120117188,success
04038D429C4C81,3,"['Arena', 'Castelvecchio', 'Duomo']",Santa Anastasia,"['AMO', 'Museo Conte', 'Palazzo della Ragione', 'Teatro Romano', 'Centro Fotografia']",Teatro Romano,strategy_nearest,True,0.003300905227661133,success
0403883A9C4C81,3,"['Arena', 'San Fermo', 'Torre Lamberti']",Casa Giulietta,"['Centro Fotografia', 'Sighseeing', 'Museo Conte', 'Museo Radio', 'Palazzo della Ragione']",Tomba Giulietta,strategy_nearest,False,0.0030279159545898438,success
0403904A9C4C81,2,"['Santa Anastasia', 'Torre Lamberti']",Palazzo della Ragione,"['AMO', 'Museo Conte', 'Centro Fotografia', 'Sighseeing', 'Museo Miniscalchi']",San Fermo,strategy_nearest,False,0.003238201141357422,success
04039C4A9C4C81,1,"['Arena', 'Casa Giulietta', 'Palazzo della Ragione']",Torre Lamberti,"['Sighseeing', 'Centro Fotografia', 'Museo Conte', 'AMO', 'Museo Miniscalchi']",Santa Anastasia,strategy_nearest,False,0.001959085464477539,success
0403A54A9C4C81,1,"['Teatro Romano', 'Arena']",Torre Lamberti,"['Sighseeing', 'Centro Fotografia', 'Museo Conte', 'Casa Giulietta', 'Palazzo della Ragione']",Palazzo della Ragione,strategy_nearest,True,0.002416849136352539,success
0403A74A9C4C81,0,['Arena'],Museo Lapidario,"['Verona Tour', 'Castelvecchio', 'Museo Radio', 'San Fermo', 'Casa Giulietta']",Castelvecchio,strategy_nearest,True,0.0032219886779785156,success
0403A6429C4C81,1,"['Arena', 'Torre Lamberti']",Palazzo della Ragione,"['AMO', 'Museo Conte', 'Centro Fotografia', 'Sighseeing', 'Santa Anastasia']",Santa Anastasia,strategy_nearest,True,0.002835988998413086,success
0403AA429C4C81,0,['Arena'],Casa Giulietta,"['Centro Fotografia', 'Sighseeing', 'Torre Lamberti', 'Museo Conte', 'Museo Radio']",Santa Anastasia,strategy_nearest,False,0.00263214111328125,success
0403AF429C4C81,0,"['Arena', 'Casa Giulietta']",Teatro Romano,"['Santa Anastasia', 'Duomo', 'AMO', 'Palazzo della Ragione', 'Museo Conte']",Torre Lamberti,strategy_nearest,False,0.002602100372314453,success
0403B1429C4C81,2,"['Casa Giulietta', 'Torre Lamberti', 'Palazzo della Ragione']",Santa Anastasia,"['AMO', 'Museo Conte', 'Teatro Romano', 'Centro Fotografia', 'Duomo']",Santa Anastasia,strategy_nearest,False,0.001847982406616211,success
0403B0429C4C81,0,['Arena'],Casa Giulietta,"['Centro Fotografia', 'Sighseeing', 'Torre Lamberti', 'Museo Conte', 'Museo Radio']",Torre Lamberti,strategy_nearest,True,0.0035638809204101562,success
0403BC3A9C4C81,3,"['Arena', 'Casa Giulietta']",San Fermo,"['Museo Storia', 'Museo Radio', 'Centro Fotografia', 'Sighseeing', 'Torre Lamberti']",Torre Lamberti,strategy_nearest,True,0.003298044204711914,success
0403C2429C4C81,0,['Arena'],Casa Giulietta,"['Centro Fotografia', 'Sighseeing', 'Torre Lamberti', 'Museo Conte', 'Museo Radio']",Santa Anastasia,strategy_nearest,False,0.0017268657684326172,success
0403C53A9C4C81,2,['Torre Lamberti'],Palazzo della Ragione,"['AMO', 'Museo Conte', 'Centro Fotografia', 'Sighseeing', 'Santa Anastasia']",Casa Giulietta,strategy_nearest,False,0.0018241405487060547,success
0403CA3A9C4C81,3,"['Arena', 'Casa Giulietta']",Torre Lamberti,"['Sighseeing', 'Centro Fotografia', 'Museo Conte', 'Palazzo della Ragione', 'AMO']",Duomo,strategy_nearest,False,0.0026938915252685547,success
0403C3429C4C81,2,['Torre Lamberti'],Duomo,"['AMO', 'Museo Miniscalchi', 'Santa Anastasia', 'Teatro Romano', 'Palazzo della Ragione']",Castelvecchio,strategy_nearest,False,0.004075050354003906,success
0403D0429C4C81,1,"['Arena', 'Castelvecchio', 'San Zeno']",Torre Lamberti,"['Sighseeing', 'Centro Fotografia', 'Museo Conte', 'Casa Giulietta', 'Palazzo della Ragione']",Palazzo della Ragione,strategy_nearest,True,0.0040950775146484375,success
0403DC3A9C4C81,2,"['Castelvecchio', 'San Zeno', 'Casa Giulietta']",Tomba Giulietta,"['San Fermo', 'Museo Storia', 'Arena', 'Museo Lapidario', 'Museo Radio']",San Fermo,strategy_nearest,True,0.0043048858642578125,success
0403EE3A9C4C81,2,"['Teatro Romano', 'Santa Anastasia']",Casa Giulietta,"['Centro Fotografia', 'Sighseeing', 'Torre Lamberti', 'Museo Conte', 'Museo Radio']",San Fermo,strategy_nearest,False,0.006110191345214844,success
0403E33A9C4C81,2,"['Teatro Romano', 'Santa Anastasia']",Torre Lamberti,"['Sighseeing', 'Centro Fotografia', 'Museo Conte', 'Casa Giulietta', 'Palazzo della Ragione']",Palazzo della Ragione,strategy_nearest,True,0.005531787872314453,success
0404343A9C4C81,3,"['San Zeno', 'Duomo']",Arena,"['Verona Tour', 'Museo Lapidario', 'Museo Radio', 'San Fermo', 'Casa Giulietta']",Casa Giulietta,strategy_nearest,True,0.0059587955474853516,success
04044D429C4C81,0,['Arena'],Museo Lapidario,"['Verona Tour', 'Castelvecchio', 'Museo Radio', 'San Fermo', 'Casa Giulietta']",Castelvecchio,strategy_nearest,True,0.0032672882080078125,success
0404653A9C4C81,3,"['Torre Lamberti', 'Santa Anastasia', 'Duomo', 'Teatro Romano']",San Fermo,"['Museo Storia', 'Museo Radio', 'Casa Giulietta', 'Centro Fotografia', 'Arena']",Arena,strategy_nearest,True,0.0032050609588623047,success
0404673A9C4C81,0,['Torre Lamberti'],Teatro Romano,"['Santa Anastasia', 'Duomo', 'AMO', 'Palazzo della Ragione', 'Museo Conte']",Arena,strategy_nearest,False,0.004552125930786133,success
04046D429C4C81,0,['Arena'],Torre Lamberti,"['Sighseeing', 'Centro Fotografia', 'Museo Conte', 'Casa Giulietta', 'Palazzo della Ragione']",Casa Giulietta,strategy_nearest,True,0.00197601318359375,success
04047E4A9C4C81,3,['Arena'],Casa Giulietta,"['Centro Fotografia', 'Sighseeing', 'Torre Lamberti', 'Museo Conte', 'Museo Radio']",Santa Anastasia,strategy_nearest,False,0.0024261474609375,success
0404783A9C4C81,0,['Casa Giulietta'],Torre Lamberti,"['Sighseeing', 'Centro Fotografia', 'Museo Conte', 'Palazzo della Ragione', 'AMO']",Arena,strategy_nearest,False,0.0033261775970458984,success
0404854A9C4C81,1,"['Arena', 'Torre Lamberti', 'Palazzo della Ragione']",Casa Giulietta,"['Centro Fotografia', 'Sighseeing', 'Museo Conte', 'Museo Radio', 'San Fermo']",Museo Storia,strategy_nearest,False,0.0046918392181396484,success
04047C3A9C4C81,0,['Arena'],Castelvecchio,"['Museo Lapidario', 'Verona Tour', 'Museo Radio', 'San Zeno', 'Sighseeing']",Casa Giulietta,strategy_nearest,False,0.0038881301879882812,success
04048D4A9C4C81,3,"['Arena', 'San Fermo']",Santa Anastasia,"['AMO', 'Museo Conte', 'Palazzo della Ragione', 'Teatro Romano', 'Centro Fotografia']",Duomo,strategy_nearest,False,0.003801107406616211,success
0404A6429C4C81,0,['Casa Giulietta'],Castelvecchio,"['Museo Lapidario', 'Verona Tour', 'Arena', 'Museo Radio', 'San Zeno']",Duomo,strategy_nearest,False,0.0022759437561035156,success
0404AC3A9C4C81,1,"['Arena', 'Torre Lamberti', 'Palazzo della Ragione']",Santa Anastasia,"['AMO', 'Museo Conte', 'Teatro Romano', 'Centro Fotografia', 'Duomo']",Duomo,strategy_nearest,True,0.002177000045776367,success
0404AB429C4C81,3,"['Arena', 'Santa Anastasia']",San Fermo,"['Museo Storia', 'Museo Radio', 'Casa Giulietta', 'Centro Fotografia', 'Sighseeing']",Casa Giulietta,strategy_nearest,True,0.00292205810546875,success
0404AE429C4C81,0,['Arena'],Casa Giulietta,"['Centro Fotografia', 'Sighseeing', 'Torre Lamberti', 'Museo Conte', 'Museo Radio']",Duomo,strategy_nearest,False,0.002568960189819336,success
0404B63A9C4C81,1,"['Casa Giulietta', 'Palazzo della Ragione', 'Torre Lamberti', 'Duomo']",Teatro Romano,"['Santa Anastasia', 'AMO', 'Museo Conte', 'Centro Fotografia', 'Museo Miniscalchi']",Santa Anastasia,strategy_nearest,True,0.0025539398193359375,success
0404B4429C4C81,3,"['Castelvecchio', 'Arena', 'Casa Giulietta']",San Fermo,"['Museo Storia', 'Museo Radio', 'Centro Fotografia', 'Sighseeing', 'Torre Lamberti']",Duomo,strategy_nearest,False,0.0019690990447998047,success
0404BE429C4C81,0,['Arena'],Casa Giulietta,"['Centro Fotografia', 'Sighseeing', 'Torre Lamberti', 'Museo Conte', 'Museo Radio']",Castelvecchio,strategy_nearest,False,0.0029120445251464844,success
0404C03A9C4C81,3,"['Arena', 'Casa Giulietta', 'Torre Lamberti']",Santa Anastasia,"['AMO', 'Museo Conte', 'Palazzo della Ragione', 'Teatro Romano', 'Centro Fotografia']",Teatro Romano,strategy_nearest,True,0.001965045928955078,success
0404BF429C4C81,0,['Torre Lamberti'],Casa Giulietta,"['Centro Fotografia', 'Sighseeing', 'Museo Conte', 'Museo Radio', 'Palazzo della Ragione']",Arena,strategy_nearest,False,0.0046138763427734375,success
0404C3429C4C81,1,"['Arena', 'Palazzo della Ragione']",Torre Lamberti,"['Sighseeing', 'Centro Fotografia', 'Museo Conte', 'Casa Giulietta', 'AMO']",Casa Giulietta,strategy_nearest,True,0.0033388137817382812,success
0404C63A9C4C81,1,['Torre Lamberti'],Palazzo della Ragione,"['AMO', 'Museo Conte', 'Centro Fotografia', 'Sighseeing', 'Santa Anastasia']",Castelvecchio,strategy_nearest,False,0.003654956817626953,success
0404C8429C4C81,2,"['Santa Anastasia', 'Duomo']",Teatro Romano,"['AMO', 'Palazzo della Ragione', 'Museo Conte', 'Centro Fotografia', 'Museo Miniscalchi']",San Fermo,strategy_nearest,False,0.0024650096893310547,success
0404D0429C4C81,2,"['Torre Lamberti', 'Castelvecchio']",San Zeno,"['Verona Tour', 'Museo Lapidario', 'Arena', 'Museo Miniscalchi', 'Sighseeing']",Teatro Romano,strategy_nearest,False,0.003396749496459961,success
0404CC429C4C81,3,['Santa Anastasia'],Castelvecchio,"['Museo Lapidario', 'Verona Tour', 'Arena', 'Museo Radio', 'San Zeno']",Arena,strategy_nearest,True,0.0026979446411132812,success
0404D7429C4C81,6,"['Arena', 'Casa Giulietta', 'Tomba Giulietta']",Castelvecchio,"['Museo Lapidario', 'Verona Tour', 'Museo Radio', 'San Zeno', 'Sighseeing']",San Zeno,strategy_nearest,True,0.005294084548950195,success
0404E43A9C4C81,0,['Arena'],Santa Anastasia,"['AMO', 'Museo Conte', 'Palazzo della Ragione', 'Teatro Romano', 'Centro Fotografia']",Casa Giulietta,strategy_nearest,False,0.0022029876708984375,success
0404DF429C4C81,1,"['Santa Anastasia', 'Arena', 'San Fermo']",Castelvecchio,"['Museo Lapidario', 'Verona Tour', 'Museo Radio', 'San Zeno', 'Sighseeing']",Casa Giulietta,strategy_nearest,False,0.003577709197998047,success
0404DC3A9C4C81,2,['Torre Lamberti'],Santa Anastasia,"['AMO', 'Museo Conte', 'Palazzo della Ragione', 'Teatro Romano', 'Centro Fotografia']",Duomo,strategy_nearest,False,0.005250692367553711,success
0404EA429C4C81,2,['Casa Giulietta'],Torre Lamberti,"['Sighseeing', 'Centro Fotografia', 'Museo Conte', 'Palazzo della Ragione', 'AMO']",Santa Anastasia,strategy_nearest,False,0.0027997493743896484,success
0404EB3A9C4C81,2,"['Teatro Romano', 'Santa Anastasia']",Casa Giulietta,"['Centro Fotografia', 'Sighseeing', 'Torre Lamberti', 'Museo Conte', 'Museo Radio']",Tomba Giulietta,strategy_nearest,False,0.0014870166778564453,success
0404EE3A9C4C81,0,['Arena'],Casa Giulietta,"['Centro Fotografia', 'Sighseeing', 'Torre Lamberti', 'Museo Conte', 'Museo Radio']",Duomo,strategy_nearest,False,0.002875804901123047,success
0404F03A9C4C81,3,"['Arena', 'Casa Giulietta', 'Santa Anastasia']",Teatro Romano,"['Duomo', 'AMO', 'Palazzo della Ragione', 'Museo Conte', 'Centro Fotografia']",San Zeno,strategy_nearest,False,0.003404855728149414,success
0404FF3A9C4C81,0,['Arena'],Torre Lamberti,"['Sighseeing', 'Centro Fotografia', 'Museo Conte', 'Casa Giulietta', 'Palazzo della Ragione']",Casa Giulietta,strategy_nearest,True,0.0025751590728759766,success
0404F43A9C4C81,2,"['Torre Lamberti', 'Palazzo della Ragione']",Casa Giulietta,"['Centro Fotografia', 'Sighseeing', 'Museo Conte', 'Museo Radio', 'San Fermo']",Duomo,strategy_nearest,False,0.0018849372863769531,success
040503429C4C85,1,"['Castelvecchio', 'Arena', 'Tomba Giulietta', 'San Fermo', 'Casa Giulietta']",Giardino Giusti,"['Santa Anastasia', 'Teatro Romano', 'Museo Conte', 'Centro Fotografia', 'Museo Storia']",Teatro Romano,strategy_nearest,True,0.0027201175689697266,success
04052C429C4C81,0,['Arena'],Castelvecchio,"['Museo Lapidario', 'Verona Tour', 'Museo Radio', 'San Zeno', 'Sighseeing']",Casa Giulietta,strategy_nearest,False,0.0023882389068603516,success
04052C4A9C4C81,1,"['Casa Giulietta', 'San Fermo', 'Arena', 'Tomba Giulietta']",Castelvecchio,"['Museo Lapidario', 'Verona Tour', 'Museo Radio', 'San Zeno', 'Sighseeing']",Santa Anastasia,strategy_nearest,False,0.002694845199584961,success
040530429C4C81,1,"['Castelvecchio', 'Arena', 'Palazzo della Ragione']",Casa Giulietta,"['Centro Fotografia', 'Sighseeing', 'Torre Lamberti', 'Museo Conte', 'Museo Radio']",Teatro Romano,strategy_nearest,False,0.003434896469116211,success
0405383A9C4C81,1,['Arena'],Torre Lamberti,"['Sighseeing', 'Centro Fotografia', 'Museo Conte', 'Casa Giulietta', 'Palazzo della Ragione']",Palazzo della Ragione,strategy_nearest,True,0.002650022506713867,success
04054C429C4C81,3,"['Arena', 'Casa Giulietta']",Torre Lamberti,"['Sighseeing', 'Centro Fotografia', 'Museo Conte', 'Palazzo della Ragione', 'AMO']",Santa Anastasia,strategy_nearest,False,0.0025539398193359375,success
04054B429C4C81,0,['Arena'],Casa Giulietta,"['Centro Fotografia', 'Sighseeing', 'Torre Lamberti', 'Museo Conte', 'Museo Radio']",Castelvecchio,strategy_nearest,False,0.0024771690368652344,success
04054F3A9C4C81,4,"['Casa Giulietta', 'Arena', 'Museo Lapidario', 'Castelvecchio']",Teatro Romano,"['Santa Anastasia', 'Duomo', 'AMO', 'Palazzo della Ragione', 'Museo Conte']",Tomba Giulietta,strategy_nearest,False,0.0023119449615478516,success
04056B3A9C4C81,1,"['Arena', 'Castelvecchio', 'San Zeno', 'Palazzo della Ragione']",Torre Lamberti,"['Sighseeing', 'Centro Fotografia', 'Museo Conte', 'Casa Giulietta', 'AMO']",Casa Giulietta,strategy_nearest,True,0.001432180404663086,success
0405814A9C4C81,3,"['Arena', 'Santa Anastasia']",Museo Lapidario,"['Verona Tour', 'Castelvecchio', 'Museo Radio', 'San Fermo', 'Casa Giulietta']",San Fermo,strategy_nearest,True,0.0020072460174560547,success
04055A429C4C81,3,"['Arena', 'San Fermo', 'San Zeno']",Castelvecchio,"['Museo Lapidario', 'Verona Tour', 'Museo Radio', 'Sighseeing', 'Museo Miniscalchi']",Santa Anastasia,strategy_nearest,False,0.0036029815673828125,success
0405874A9C4C81,4,"['Arena', 'Museo Lapidario', 'Castelvecchio', 'Santa Anastasia']",Duomo,"['AMO', 'Museo Miniscalchi', 'Teatro Romano', 'Palazzo della Ragione', 'Museo Conte']",Casa Giulietta,strategy_nearest,False,0.0028619766235351562,success
04058F429C4C81,0,['Arena'],Castelvecchio,"['Museo Lapidario', 'Verona Tour', 'Museo Radio', 'San Zeno', 'Sighseeing']",Casa Giulietta,strategy_nearest,False,0.0018129348754882812,success
0405A34A9C4C81,3,['Arena'],Santa Anastasia,"['AMO', 'Museo Conte', 'Palazzo della Ragione', 'Teatro Romano', 'Centro Fotografia']",Castelvecchio,strategy_nearest,False,0.0037720203399658203,success
04058C429C4C81,0,['Arena'],Casa Giulietta,"['Centro Fotografia', 'Sighseeing', 'Torre Lamberti', 'Museo Conte', 'Museo Radio']",Torre Lamberti,strategy_nearest,True,0.0033593177795410156,success
0405A04A9C4C81,3,['Arena'],Torre Lamberti,"['Sighseeing', 'Centro Fotografia', 'Museo Conte', 'Casa Giulietta', 'Palazzo della Ragione']",Santa Anastasia,strategy_nearest,False,0.0024237632751464844,success
0405A74A9C4C81,3,['Teatro Romano'],Santa Anastasia,"['AMO', 'Museo Conte', 'Palazzo della Ragione', 'Centro Fotografia', 'Duomo']",Castelvecchio,strategy_nearest,False,0.003919839859008789,success
0405A6429C4C81,0,"['Arena', 'Castelvecchio']",Casa Giulietta,"['Centro Fotografia', 'Sighseeing', 'Torre Lamberti', 'Museo Conte', 'Museo Radio']",Torre Lamberti,strategy_nearest,True,0.0016376972198486328,success
0405A64A9C4C81,3,"['Arena', 'Santa Anastasia']",Duomo,"['AMO', 'Museo Miniscalchi', 'Teatro Romano', 'Palazzo della Ragione', 'Museo Conte']",Casa Giulietta,strategy_nearest,False,0.002357006072998047,success
0405B73A9C4C81,3,"['Arena', 'Torre Lamberti', 'Casa Giulietta']",Santa Anastasia,"['AMO', 'Museo Conte', 'Palazzo della Ragione', 'Teatro Romano', 'Centro Fotografia']",Duomo,strategy_nearest,False,0.005594968795776367,success
0405C73A9C4C81,3,"['Arena', 'Casa Giulietta']",Santa Anastasia,"['AMO', 'Museo Conte', 'Palazzo della Ragione', 'Teatro Romano', 'Centro Fotografia']",Duomo,strategy_nearest,False,0.0032961368560791016,success
0405C63A9C4C81,0,['Arena'],Casa Giulietta,"['Centro Fotografia', 'Sighseeing', 'Torre Lamberti', 'Museo Conte', 'Museo Radio']",Torre Lamberti,strategy_nearest,True,0.002732992172241211,success
0405C7429C4C81,0,['Duomo'],Arena,"['Verona Tour', 'Museo Lapidario', 'Museo Radio', 'San Fermo', 'Casa Giulietta']",Castelvecchio,strategy_nearest,False,0.0042760372161865234,success
0405CA429C4C81,0,"['Arena', 'Casa Giulietta']",Torre Lamberti,"['Sighseeing', 'Centro Fotografia', 'Museo Conte', 'Palazzo della Ragione', 'AMO']",Teatro Romano,strategy_nearest,False,0.002171754837036133,success
0405CF429C4C81,0,['Arena'],Casa Giulietta,"['Centro Fotografia', 'Sighseeing', 'Torre Lamberti', 'Museo Conte', 'Museo Radio']",Castelvecchio,strategy_nearest,False,0.0027360916137695312,success
0405CB429C4C81,3,"['Torre Lamberti', 'Casa Giulietta', 'San Fermo', 'Museo Storia']",Tomba Giulietta,"['Arena', 'Museo Lapidario', 'Museo Radio', 'Verona Tour', 'Castelvecchio']",Castelvecchio,strategy_nearest,True,0.003607034683227539,success
0405D8429C4C81,2,['Castelvecchio'],Tomba Giulietta,"['San Fermo', 'Museo Storia', 'Arena', 'Museo Lapidario', 'Museo Radio']",San Fermo,strategy_nearest,True,0.0037338733673095703,success
0405DD3A9C4C81,3,"['Castelvecchio', 'Arena']",San Fermo,"['Museo Storia', 'Museo Radio', 'Casa Giulietta', 'Centro Fotografia', 'Sighseeing']",Tomba Giulietta,strategy_nearest,False,0.002657651901245117,success
04063E3A9C4C81,0,"['Arena', 'San Fermo']",Casa Giulietta,"['Centro Fotografia', 'Sighseeing', 'Torre Lamberti', 'Museo Conte', 'Museo Radio']",Torre Lamberti,strategy_nearest,True,0.002473115921020508,success
0405E43A9C4C81,0,['Arena'],Castelvecchio,"['Museo Lapidario', 'Verona Tour', 'Museo Radio', 'San Zeno', 'Sighseeing']",Casa Giulietta,strategy_nearest,False,0.0042726993560791016,success
0406833A9C4C81,1,"['Museo Lapidario', 'Arena']",Casa Giulietta,"['Centro Fotografia', 'Sighseeing', 'Torre Lamberti', 'Museo Conte', 'Museo Radio']",Palazzo della Ragione,strategy_nearest,False,0.0037508010864257812,success
040684429C4C81,0,['Arena'],Castelvecchio,"['Museo Lapidario', 'Verona Tour', 'Museo Radio', 'San Zeno', 'Sighseeing']",Torre Lamberti,strategy_nearest,False,0.002131938934326172,success
040699429C4C80,3,"['Castelvecchio', 'Casa Giulietta', 'Arena']",Torre Lamberti,"['Sighseeing', 'Centro Fotografia', 'Museo Conte', 'Palazzo della Ragione', 'AMO']",Duomo,strategy_nearest,False,0.0021009445190429688,success
04069B429C4C80,0,['Arena'],Casa Giulietta,"['Centro Fotografia', 'Sighseeing', 'Torre Lamberti', 'Museo Conte', 'Museo Radio']",Duomo,strategy_nearest,False,0.002846956253051758,success
04069F429C4C80,3,"['Arena', 'Casa Giulietta']",Santa Anastasia,"['AMO', 'Museo Conte', 'Palazzo della Ragione', 'Teatro Romano', 'Centro Fotografia']",Teatro Romano,strategy_nearest,True,0.002866029739379883,success
040738429C4C81,1,['Arena'],Casa Giulietta,"['Centro Fotografia', 'Sighseeing', 'Torre Lamberti', 'Museo Conte', 'Museo Radio']",Palazzo della Ragione,strategy_nearest,False,0.002557992935180664,success
0407364A9C4C81,2,['Tomba Giulietta'],Giardino Giusti,"['Santa Anastasia', 'Teatro Romano', 'Museo Conte', 'Centro Fotografia', 'Museo Storia']",Santa Anastasia,strategy_nearest,True,0.001992940902709961,success
0406E93A9C4C81,3,['Arena'],Casa Giulietta,"['Centro Fotografia', 'Sighseeing', 'Torre Lamberti', 'Museo Conte', 'Museo Radio']",Santa Anastasia,strategy_nearest,False,0.0021288394927978516,success
04073B3A9C4C81,0,['Arena'],Casa Giulietta,"['Centro Fotografia', 'Sighseeing', 'Torre Lamberti', 'Museo Conte', 'Museo Radio']",Castelvecchio,strategy_nearest,False,0.0032558441162109375,success
04075D429C4C81,0,"['Arena', 'Castelvecchio']",San Fermo,"['Museo Storia', 'Museo Radio', 'Casa Giulietta', 'Centro Fotografia', 'Sighseeing']",Giardino Giusti,strategy_nearest,False,0.0017638206481933594,success
04075DBA7B3F81,0,"['Arena', 'Casa Giulietta']",San Zeno,"['Castelvecchio', 'Verona Tour', 'Museo Lapidario', 'Museo Miniscalchi', 'Sighseeing']",Castelvecchio,strategy_nearest,True,0.0020377635955810547,success
0407653A9C4C81,4,"['Arena', 'Castelvecchio', 'Teatro Romano']",Santa Anastasia,"['AMO', 'Museo Conte', 'Palazzo della Ragione', 'Centro Fotografia', 'Duomo']",Casa Giulietta,strategy_nearest,False,0.002783060073852539,success
040766429C4C81,1,"['Arena', 'Torre Lamberti']",Palazzo della Ragione,"['AMO', 'Museo Conte', 'Centro Fotografia', 'Sighseeing', 'Santa Anastasia']",Casa Giulietta,strategy_nearest,False,0.003197908401489258,success
040768429C4C81,3,"['Arena', 'Museo Lapidario']",Casa Giulietta,"['Centro Fotografia', 'Sighseeing', 'Torre Lamberti', 'Museo Conte', 'Museo Radio']",Santa Anastasia,strategy_nearest,False,0.002752065658569336,success
0407763A9C4C81,0,['Arena'],Santa Anastasia,"['AMO', 'Museo Conte', 'Palazzo della Ragione', 'Teatro Romano', 'Centro Fotografia']",Castelvecchio,strategy_nearest,False,0.002095937728881836,success
04076F429C4C81,3,"['Arena', 'Casa Giulietta']",Torre Lamberti,"['Sighseeing', 'Centro Fotografia', 'Museo Conte', 'Palazzo della Ragione', 'AMO']",Santa Anastasia,strategy_nearest,False,0.0033080577850341797,success
0407773A9C4C81,3,['Casa Giulietta'],Santa Anastasia,"['AMO', 'Museo Conte', 'Palazzo della Ragione', 'Teatro Romano', 'Centro Fotografia']",Arena,strategy_nearest,False,0.0030498504638671875,success
04077F429C4C81,3,['Arena'],Torre Lamberti,"['Sighseeing', 'Centro Fotografia', 'Museo Conte', 'Casa Giulietta', 'Palazzo della Ragione']",Duomo,strategy_nearest,False,0.0017228126525878906,success
0407833A9C4C81,3,"['Museo Lapidario', 'Castelvecchio']",Arena,"['Verona Tour', 'Museo Radio', 'San Fermo', 'Casa Giulietta', 'Sighseeing']",Casa Giulietta,strategy_nearest,True,0.002373933792114258,success
0407863A9C4C81,3,"['Museo Lapidario', 'Arena', 'Castelvecchio']",Teatro Romano,"['Santa Anastasia', 'Duomo', 'AMO', 'Palazzo della Ragione', 'Museo Conte']",Duomo,strategy_nearest,True,0.002624034881591797,success
0407864A9C4C81,0,['Arena'],Casa Giulietta,"['Centro Fotografia', 'Sighseeing', 'Torre Lamberti', 'Museo Conte', 'Museo Radio']",Torre Lamberti,strategy_nearest,True,0.002393007278442383,success
04078C429C4C80,3,['Arena'],Torre Lamberti,"['Sighseeing', 'Centro Fotografia', 'Museo Conte', 'Casa Giulietta', 'Palazzo della Ragione']",Santa Anastasia,strategy_nearest,False,0.0026397705078125,success
0407904A9C4C80,0,['Arena'],Casa Giulietta,"['Centro Fotografia', 'Sighseeing', 'Torre Lamberti', 'Museo Conte', 'Museo Radio']",Torre Lamberti,strategy_nearest,True,0.0026149749755859375,success
040793429C4C81,0,['Arena'],Casa Giulietta,"['Centro Fotografia', 'Sighseeing', 'Torre Lamberti', 'Museo Conte', 'Museo Radio']",Duomo,strategy_nearest,False,0.0033059120178222656,success
040793429C4C80,0,"['Arena', 'Museo Lapidario']",Castelvecchio,"['Verona Tour', 'Museo Radio', 'San Zeno', 'Sighseeing', 'Museo Miniscalchi']",Casa Giulietta,strategy_nearest,False,0.002766847610473633,success
04079B429C4C80,0,['Arena'],Casa Giulietta,"['Centro Fotografia', 'Sighseeing', 'Torre Lamberti', 'Museo Conte', 'Museo Radio']",Santa Anastasia,strategy_nearest,False,0.00273895263671875,success
0407A64A9C4C80,3,"['Arena', 'Museo Storia', 'San Fermo']",Casa Giulietta,"['Centro Fotografia', 'Sighseeing', 'Torre Lamberti', 'Museo Conte', 'Museo Radio']",Torre Lamberti,strategy_nearest,True,0.002534151077270508,success
0407A74A9C4C81,1,"['Castelvecchio', 'Arena', 'Casa Giulietta']",Torre Lamberti,"['Sighseeing', 'Centro Fotografia', 'Museo Conte', 'Palazzo della Ragione', 'AMO']",Palazzo della Ragione,strategy_nearest,True,0.0026340484619140625,success
0407AA4A9C4C81,0,['Arena'],Castelvecchio,"['Museo Lapidario', 'Verona Tour', 'Museo Radio', 'San Zeno', 'Sighseeing']",Casa Giulietta,strategy_nearest,False,0.0030989646911621094,success
0407AB429C4C81,1,"['Arena', 'Castelvecchio']",Torre Lamberti,"['Sighseeing', 'Centro Fotografia', 'Museo Conte', 'Casa Giulietta', 'Palazzo della Ragione']",Palazzo della Ragione,strategy_nearest,True,0.001977205276489258,success
0407AD429C4C80,2,['Castelvecchio'],Museo Lapidario,"['Verona Tour', 'Arena', 'Museo Radio', 'San Fermo', 'Casa Giulietta']",Torre Lamberti,strategy_nearest,False,0.0021402835845947266,success
0407AC429C4C80,2,"['Castelvecchio', 'San Zeno', 'Torre Lamberti']",Duomo,"['AMO', 'Museo Miniscalchi', 'Santa Anastasia', 'Teatro Romano', 'Palazzo della Ragione']",Teatro Romano,strategy_nearest,True,0.002534151077270508,success
0407B3429C4C81,3,['Arena'],Santa Anastasia,"['AMO', 'Museo Conte', 'Palazzo della Ragione', 'Teatro Romano', 'Centro Fotografia']",Duomo,strategy_nearest,False,0.001909017562866211,success
0407B7429C4C81,0,['Casa Giulietta'],Arena,"['Verona Tour', 'Museo Lapidario', 'Museo Radio', 'San Fermo', 'Sighseeing']",Giardino Giusti,strategy_nearest,False,0.002485036849975586,success
0407AF429C4C81,3,['Arena'],Casa Giulietta,"['Centro Fotografia', 'Sighseeing', 'Torre Lamberti', 'Museo Conte', 'Museo Radio']",Santa Anastasia,strategy_nearest,False,0.0024650096893310547,success
0407B83A9C4C81,0,['Arena'],Torre Lamberti,"['Sighseeing', 'Centro Fotografia', 'Museo Conte', 'Casa Giulietta', 'Palazzo della Ragione']",Casa Giulietta,strategy_nearest,True,0.0028710365295410156,success
0407BD3A9C4C81,1,"['Arena', 'Museo Lapidario', 'Castelvecchio', 'Duomo']",Santa Anastasia,"['AMO', 'Museo Conte', 'Palazzo della Ragione', 'Teatro Romano', 'Centro Fotografia']",Torre Lamberti,strategy_nearest,False,0.0025887489318847656,success
0407BA3A9C4C81,1,"['Arena', 'Casa Giulietta']",Torre Lamberti,"['Sighseeing', 'Centro Fotografia', 'Museo Conte', 'Palazzo della Ragione', 'AMO']",Palazzo della Ragione,strategy_nearest,True,0.0020499229431152344,success
0407C3429C4C81,0,"['Torre Lamberti', 'Casa Giulietta']",Casa Giulietta,"['Centro Fotografia', 'Sighseeing', 'Museo Conte', 'Museo Radio', 'Palazzo della Ragione']",Arena,strategy_nearest,False,0.002557992935180664,success
0407C7429C4C81,0,['Arena'],Tomba Giulietta,"['San Fermo', 'Museo Storia', 'Museo Lapidario', 'Museo Radio', 'Verona Tour']",Castelvecchio,strategy_nearest,False,0.0037300586700439453,success
0407C93A9C4C81,0,['Arena'],Teatro Romano,"['Santa Anastasia', 'Duomo', 'AMO', 'Palazzo della Ragione', 'Museo Conte']",Castelvecchio,strategy_nearest,False,0.0019807815551757812,success
0407CC3A9C4C81,3,['Arena'],Torre Lamberti,"['Sighseeing', 'Centro Fotografia', 'Museo Conte', 'Casa Giulietta', 'Palazzo della Ragione']",Santa Anastasia,strategy_nearest,False,0.003170013427734375,success
0407CB3A9C4C81,0,"['Arena', 'Castelvecchio']",Torre Lamberti,"['Sighseeing', 'Centro Fotografia', 'Museo Conte', 'Casa Giulietta', 'Palazzo della Ragione']",Casa Giulietta,strategy_nearest,True,0.002541065216064453,success
0407D73A9C4C81,3,"['Tomba Giulietta', 'Giardino Giusti']",Teatro Romano,"['Santa Anastasia', 'Duomo', 'AMO', 'Palazzo della Ragione', 'Museo Conte']",Duomo,strategy_nearest,True,0.0025510787963867188,success
0407E23A9C4C81,0,['Arena'],Torre Lamberti,"['Sighseeing', 'Centro Fotografia', 'Museo Conte', 'Casa Giulietta', 'Palazzo della Ragione']",Teatro Romano,strategy_nearest,False,0.002437114715576172,success
0407CF3A9C4C81,3,"['Arena', 'San Fermo', 'Casa Giulietta']",Torre Lamberti,"['Sighseeing', 'Centro Fotografia', 'Museo Conte', 'Palazzo della Ragione', 'AMO']",Duomo,strategy_nearest,False,0.0024330615997314453,success
0407EF3A9C4C81,2,['Torre Lamberti'],Palazzo della Ragione,"['AMO', 'Museo Conte', 'Centro Fotografia', 'Sighseeing', 'Santa Anastasia']",Teatro Romano,strategy_nearest,False,0.0019588470458984375,success
0407EB3A9C4C81,2,['Tomba Giulietta'],San Fermo,"['Museo Storia', 'Museo Radio', 'Casa Giulietta', 'Centro Fotografia', 'Arena']",Torre Lamberti,strategy_nearest,False,0.002440929412841797,success
04082D429C4C81,0,['Arena'],Castelvecchio,"['Museo Lapidario', 'Verona Tour', 'Museo Radio', 'San Zeno', 'Sighseeing']",Casa Giulietta,strategy_nearest,False,0.0030748844146728516,success
0407FE429C4C81,3,"['Santa Anastasia', 'Duomo', 'Torre Lamberti', 'Arena']",San Zeno,"['Castelvecchio', 'Verona Tour', 'Museo Lapidario', 'Museo Miniscalchi', 'Sighseeing']",Castelvecchio,strategy_nearest,True,0.0027861595153808594,success
0408373A9C4C81,3,"['Castelvecchio', 'Arena']",Casa Giulietta,"['Centro Fotografia', 'Sighseeing', 'Torre Lamberti', 'Museo Conte', 'Museo Radio']",Torre Lamberti,strategy_nearest,True,0.002480030059814453,success
04083E3A9C4C81,1,['Arena'],Casa Giulietta,"['Centro Fotografia', 'Sighseeing', 'Torre Lamberti', 'Museo Conte', 'Museo Radio']",Torre Lamberti,strategy_nearest,True,0.002710103988647461,success
04083C3A9C4C81,0,['Arena'],Casa Giulietta,"['Centro Fotografia', 'Sighseeing', 'Torre Lamberti', 'Museo Conte', 'Museo Radio']",Torre Lamberti,strategy_nearest,True,0.0020422935485839844,success
04087E429C4C81,0,['Arena'],Casa Giulietta,"['Centro Fotografia', 'Sighseeing', 'Torre Lamberti', 'Museo Conte', 'Museo Radio']",Torre Lamberti,strategy_nearest,True,0.0033562183380126953,success
04088A4A9C4C81,0,['Arena'],Casa Giulietta,"['Centro Fotografia', 'Sighseeing', 'Torre Lamberti', 'Museo Conte', 'Museo Radio']",Torre Lamberti,strategy_nearest,True,0.0018591880798339844,success
0408924A9C4C81,3,"['Arena', 'Torre Lamberti']",Casa Giulietta,"['Centro Fotografia', 'Sighseeing', 'Museo Conte', 'Museo Radio', 'Palazzo della Ragione']",Teatro Romano,strategy_nearest,False,0.003312826156616211,success
040894429C4C80,0,['Arena'],Casa Giulietta,"['Centro Fotografia', 'Sighseeing', 'Torre Lamberti', 'Museo Conte', 'Museo Radio']",San Fermo,strategy_nearest,False,0.003153085708618164,success
0408A1429C4C81,0,['Arena'],Castelvecchio,"['Museo Lapidario', 'Verona Tour', 'Museo Radio', 'San Zeno', 'Sighseeing']",Casa Giulietta,strategy_nearest,False,0.0033562183380126953,success
040894429C4C81,3,"['Casa Giulietta', 'Arena']",Torre Lamberti,"['Sighseeing', 'Centro Fotografia', 'Museo Conte', 'Palazzo della Ragione', 'AMO']",Santa Anastasia,strategy_nearest,False,0.0030553340911865234,success
0408A24A9C4C80,3,"['Arena', 'Casa Giulietta']",Torre Lamberti,"['Sighseeing', 'Centro Fotografia', 'Museo Conte', 'Palazzo della Ragione', 'AMO']",Santa Anastasia,strategy_nearest,False,0.0015301704406738281,success
0408A44A9C4C81,0,['Arena'],Casa Giulietta,"['Centro Fotografia', 'Sighseeing', 'Torre Lamberti', 'Museo Conte', 'Museo Radio']",Castelvecchio,strategy_nearest,False,0.002354860305786133,success
0408A7429C4C80,0,['Castelvecchio'],Casa Giulietta,"['Centro Fotografia', 'Sighseeing', 'Torre Lamberti', 'Museo Conte', 'Museo Radio']",Arena,strategy_nearest,False,0.0035791397094726562,success
0408AA429C4C81,2,"['Teatro Romano', 'Duomo']",Torre Lamberti,"['Sighseeing', 'Centro Fotografia', 'Museo Conte', 'Casa Giulietta', 'Palazzo della Ragione']",Casa Giulietta,strategy_nearest,True,0.003759145736694336,success
0408AF3A9C4C81,1,"['Castelvecchio', 'Santa Anastasia', 'Duomo']",Teatro Romano,"['AMO', 'Palazzo della Ragione', 'Museo Conte', 'Centro Fotografia', 'Museo Miniscalchi']",Palazzo della Ragione,strategy_nearest,True,0.0028090476989746094,success
0408AE3A9C4C81,0,['Arena'],Duomo,"['AMO', 'Museo Miniscalchi', 'Santa Anastasia', 'Teatro Romano', 'Palazzo della Ragione']",San Fermo,strategy_nearest,False,0.0023317337036132812,success
0408AB429C4C81,3,['Arena'],Torre Lamberti,"['Sighseeing', 'Centro Fotografia', 'Museo Conte', 'Casa Giulietta', 'Palazzo della Ragione']",Santa Anastasia,strategy_nearest,False,0.003016233444213867,success
0408B03A9C4C81,3,"['Arena', 'Tomba Giulietta']",Casa Giulietta,"['Centro Fotografia', 'Sighseeing', 'Torre Lamberti', 'Museo Conte', 'Museo Radio']",Torre Lamberti,strategy_nearest,True,0.0033721923828125,success
0408B2429C4C80,1,"['Arena', 'Casa Giulietta', 'Palazzo della Ragione']",Torre Lamberti,"['Sighseeing', 'Centro Fotografia', 'Museo Conte', 'AMO', 'Museo Miniscalchi']",Santa Anastasia,strategy_nearest,False,0.0014050006866455078,success
0408BD3A9C4C81,1,"['Arena', 'Torre Lamberti']",Palazzo della Ragione,"['AMO', 'Museo Conte', 'Centro Fotografia', 'Sighseeing', 'Santa Anastasia']",Casa Giulietta,strategy_nearest,False,0.002025127410888672,success
0408B3429C4C80,0,['Arena'],Casa Giulietta,"['Centro Fotografia', 'Sighseeing', 'Torre Lamberti', 'Museo Conte', 'Museo Radio']",Castelvecchio,strategy_nearest,False,0.0029408931732177734,success
0408BE3A9C4C81,3,"['Duomo', 'Santa Anastasia']",Casa Giulietta,"['Centro Fotografia', 'Sighseeing', 'Torre Lamberti', 'Museo Conte', 'Museo Radio']",Arena,strategy_nearest,False,0.003386974334716797,success
0408C9429C4C81,2,['Duomo'],Castelvecchio,"['Museo Lapidario', 'Verona Tour', 'Arena', 'Museo Radio', 'San Zeno']",San Zeno,strategy_nearest,True,0.0014681816101074219,success
0408C1429C4C81,0,['Torre Lamberti'],Arena,"['Verona Tour', 'Museo Lapidario', 'Museo Radio', 'San Fermo', 'Casa Giulietta']",Castelvecchio,strategy_nearest,False,0.0023419857025146484,success
0408C7429C4C81,3,"['Arena', 'San Fermo', 'Casa Giulietta', 'Torre Lamberti']",Santa Anastasia,"['AMO', 'Museo Conte', 'Palazzo della Ragione', 'Teatro Romano', 'Centro Fotografia']",Teatro Romano,strategy_nearest,True,0.0028700828552246094,success
0408CA3A9C4C81,3,['Arena'],Santa Anastasia,"['AMO', 'Museo Conte', 'Palazzo della Ragione', 'Teatro Romano', 'Centro Fotografia']",Duomo,strategy_nearest,False,0.0032248497009277344,success
0408CF429C4C81,1,"['Casa Giulietta', 'Palazzo della Ragione', 'Torre Lamberti', 'Tomba Giulietta']",Arena,"['Verona Tour', 'Museo Lapidario', 'Museo Radio', 'San Fermo', 'Sighseeing']",Castelvecchio,strategy_nearest,False,0.0027692317962646484,success
0408D13A9C4C81,3,"['San Zeno', 'Duomo', 'Santa Anastasia']",Torre Lamberti,"['Sighseeing', 'Centro Fotografia', 'Museo Conte', 'Casa Giulietta', 'Palazzo della Ragione']",Casa Giulietta,strategy_nearest,True,0.0044019222259521484,success
0408D5429C4C81,1,"['Arena', 'Casa Giulietta', 'Torre Lamberti']",Palazzo della Ragione,"['AMO', 'Museo Conte', 'Centro Fotografia', 'Sighseeing', 'Santa Anastasia']",Giardino Giusti,strategy_nearest,False,0.0020668506622314453,success
0408D3429C4C81,3,"['Arena', 'San Fermo']",Santa Anastasia,"['AMO', 'Museo Conte', 'Palazzo della Ragione', 'Teatro Romano', 'Centro Fotografia']",Duomo,strategy_nearest,False,0.004479885101318359,success
0408DB3A9C4C81,2,['Castelvecchio'],San Zeno,"['Verona Tour', 'Museo Lapidario', 'Arena', 'Museo Miniscalchi', 'Sighseeing']",Torre Lamberti,strategy_nearest,False,0.0028460025787353516,success
0408DE3A9C4C81,2,"['Castelvecchio', 'Torre Lamberti']",Casa Giulietta,"['Centro Fotografia', 'Sighseeing', 'Museo Conte', 'Museo Radio', 'Palazzo della Ragione']",Duomo,strategy_nearest,False,0.0031049251556396484,success
0408D93A9C4C81,3,"['Arena', 'Casa Giulietta']",San Fermo,"['Museo Storia', 'Museo Radio', 'Centro Fotografia', 'Sighseeing', 'Torre Lamberti']",Torre Lamberti,strategy_nearest,True,0.0029799938201904297,success
0408DC3A9C4C81,3,"['Castelvecchio', 'Arena', 'Casa Giulietta']",Torre Lamberti,"['Sighseeing', 'Centro Fotografia', 'Museo Conte', 'Palazzo della Ragione', 'AMO']",Santa Anastasia,strategy_nearest,False,0.003958940505981445,success
0408E1429C4C81,2,"['Castelvecchio', 'Palazzo della Ragione']",Casa Giulietta,"['Centro Fotografia', 'Sighseeing', 'Torre Lamberti', 'Museo Conte', 'Museo Radio']",Duomo,strategy_nearest,False,0.0014319419860839844,success
0408DF3A9C4C81,1,"['Arena', 'Casa Giulietta']",Torre Lamberti,"['Sighseeing', 'Centro Fotografia', 'Museo Conte', 'Palazzo della Ragione', 'AMO']",Palazzo della Ragione,strategy_nearest,True,0.002285003662109375,success
0408E13A9C4C81,3,"['Casa Giulietta', 'Arena', 'Torre Lamberti']",Duomo,"['AMO', 'Museo Miniscalchi', 'Santa Anastasia', 'Teatro Romano', 'Palazzo della Ragione']",Castelvecchio,strategy_nearest,False,0.0028810501098632812,success
0408EB3A9C4C81,0,['Arena'],Castelvecchio,"['Museo Lapidario', 'Verona Tour', 'Museo Radio', 'San Zeno', 'Sighseeing']",Teatro Romano,strategy_nearest,False,0.004140138626098633,success
040901429C4C85,0,['Castelvecchio'],Arena,"['Verona Tour', 'Museo Lapidario', 'Museo Radio', 'San Fermo', 'Casa Giulietta']",Casa Giulietta,strategy_nearest,True,0.003287076950073242,success
0408F33A9C4C81,0,['Arena'],Museo Lapidario,"['Verona Tour', 'Castelvecchio', 'Museo Radio', 'San Fermo', 'Casa Giulietta']",Casa Giulietta,strategy_nearest,True,0.002639293670654297,success
0408FA429C4C81,1,"['Casa Giulietta', 'Palazzo della Ragione', 'Duomo']",Teatro Romano,"['Santa Anastasia', 'AMO', 'Museo Conte', 'Centro Fotografia', 'Museo Miniscalchi']",Arena,strategy_nearest,False,0.004191160202026367,success
0409023A9C4C85,0,['Arena'],Casa Giulietta,"['Centro Fotografia', 'Sighseeing', 'Torre Lamberti', 'Museo Conte', 'Museo Radio']",Torre Lamberti,strategy_nearest,True,0.00337982177734375,success
04092E429C4C81,1,"['Arena', 'Casa Giulietta', 'Torre Lamberti']",Palazzo della Ragione,"['AMO', 'Museo Conte', 'Centro Fotografia', 'Sighseeing', 'Santa Anastasia']",Santa Anastasia,strategy_nearest,True,0.002732992172241211,success
0409314A9C4C81,2,"['Casa Giulietta', 'Castelvecchio']",Santa Anastasia,"['AMO', 'Museo Conte', 'Palazzo della Ragione', 'Teatro Romano', 'Centro Fotografia']",Teatro Romano,strategy_nearest,True,0.004127979278564453,success
040932429C4C81,1,"['Torre Lamberti', 'San Fermo', 'San Zeno']",Castelvecchio,"['Museo Lapidario', 'Verona Tour', 'Arena', 'Museo Radio', 'Sighseeing']",Arena,strategy_nearest,True,0.004212856292724609,success
0409433A9C4C81,3,"['Arena', 'Torre Lamberti']",Duomo,"['AMO', 'Museo Miniscalchi', 'Santa Anastasia', 'Teatro Romano', 'Palazzo della Ragione']",Teatro Romano,strategy_nearest,True,0.002019166946411133,success
04096C429C4C81,0,['Arena'],Casa Giulietta,"['Centro Fotografia', 'Sighseeing', 'Torre Lamberti', 'Museo Conte', 'Museo Radio']",Castelvecchio,strategy_nearest,False,0.0024061203002929688,success
04094D429C4C81,1,"['Arena', 'Palazzo della Ragione', 'Torre Lamberti']",Casa Giulietta,"['Centro Fotografia', 'Sighseeing', 'Museo Conte', 'Museo Radio', 'San Fermo']",Duomo,strategy_nearest,False,0.0032949447631835938,success
04095D429C4C81,1,"['Arena', 'Torre Lamberti']",Palazzo della Ragione,"['AMO', 'Museo Conte', 'Centro Fotografia', 'Sighseeing', 'Santa Anastasia']",Casa Giulietta,strategy_nearest,False,0.0038378238677978516,success
0409733A9C4C81,0,['Arena'],Casa Giulietta,"['Centro Fotografia', 'Sighseeing', 'Torre Lamberti', 'Museo Conte', 'Museo Radio']",Castelvecchio,strategy_nearest,False,0.0014507770538330078,success
04096F429C4C81,0,['Arena'],Torre Lamberti,"['Sighseeing', 'Centro Fotografia', 'Museo Conte', 'Casa Giulietta', 'Palazzo della Ragione']",Casa Giulietta,strategy_nearest,True,0.002109050750732422,success
04096E429C4C81,0,['Casa Giulietta'],Arena,"['Verona Tour', 'Museo Lapidario', 'Museo Radio', 'San Fermo', 'Sighseeing']",Castelvecchio,strategy_nearest,False,0.002732992172241211,success
04097E4A9C4C80,0,['Casa Giulietta'],Tomba Giulietta,"['San Fermo', 'Museo Storia', 'Arena', 'Museo Lapidario', 'Museo Radio']",Arena,strategy_nearest,True,0.0030469894409179688,success
040984429C4C81,0,['Arena'],Casa Giulietta,"['Centro Fotografia', 'Sighseeing', 'Torre Lamberti', 'Museo Conte', 'Museo Radio']",Castelvecchio,strategy_nearest,False,0.001971006393432617,success
040986429C4C81,0,['Arena'],Casa Giulietta,"['Centro Fotografia', 'Sighseeing', 'Torre Lamberti', 'Museo Conte', 'Museo Radio']",Duomo,strategy_nearest,False,0.0036211013793945312,success
0409843A9C4C81,0,"['Museo Lapidario', 'Arena']",Castelvecchio,"['Verona Tour', 'Museo Radio', 'San Zeno', 'Sighseeing', 'Museo Miniscalchi']",San Zeno,strategy_nearest,True,0.0031058788299560547,success
0409874A9C4C81,1,"['Arena', 'Casa Giulietta']",Duomo,"['AMO', 'Museo Miniscalchi', 'Santa Anastasia', 'Teatro Romano', 'Palazzo della Ragione']",Palazzo della Ragione,strategy_nearest,True,0.0031671524047851562,success
04098C4A9C4C80,0,['Arena'],Castelvecchio,"['Museo Lapidario', 'Verona Tour', 'Museo Radio', 'San Zeno', 'Sighseeing']",Tomba Giulietta,strategy_nearest,False,0.0025908946990966797,success
040989429C4C81,3,"['Arena', 'Torre Lamberti', 'Santa Anastasia']",Castelvecchio,"['Museo Lapidario', 'Verona Tour', 'Museo Radio', 'San Zeno', 'Sighseeing']",Casa Giulietta,strategy_nearest,False,0.0029969215393066406,success
04098C429C4C80,0,['Arena'],Torre Lamberti,"['Sighseeing', 'Centro Fotografia', 'Museo Conte', 'Casa Giulietta', 'Palazzo della Ragione']",Duomo,strategy_nearest,False,0.003313779830932617,success
0409894A9C4C80,0,['Arena'],Casa Giulietta,"['Centro Fotografia', 'Sighseeing', 'Torre Lamberti', 'Museo Conte', 'Museo Radio']",Santa Anastasia,strategy_nearest,False,0.0021920204162597656,success
0409904A9C4C80,1,"['Santa Anastasia', 'Palazzo della Ragione']",Torre Lamberti,"['Sighseeing', 'Centro Fotografia', 'Museo Conte', 'Casa Giulietta', 'AMO']",Casa Giulietta,strategy_nearest,True,0.0015680789947509766,success
04099A429C4C81,0,['Arena'],Casa Giulietta,"['Centro Fotografia', 'Sighseeing', 'Torre Lamberti', 'Museo Conte', 'Museo Radio']",Castelvecchio,strategy_nearest,False,0.0025501251220703125,success
0409924A9C4C81,3,"['Arena', 'Castelvecchio']",Torre Lamberti,"['Sighseeing', 'Centro Fotografia', 'Museo Conte', 'Casa Giulietta', 'Palazzo della Ragione']",Santa Anastasia,strategy_nearest,False,0.002156972885131836,success
040993429C4C80,0,['Arena'],Torre Lamberti,"['Sighseeing', 'Centro Fotografia', 'Museo Conte', 'Casa Giulietta', 'Palazzo della Ragione']",Casa Giulietta,strategy_nearest,True,0.0033130645751953125,success
04099E429C4C80,3,"['Arena', 'Casa Giulietta', 'Torre Lamberti']",Santa Anastasia,"['AMO', 'Museo Conte', 'Palazzo della Ragione', 'Teatro Romano', 'Centro Fotografia']",Duomo,strategy_nearest,False,0.0016913414001464844,success
0409A7429C4C80,0,['Arena'],Casa Giulietta,"['Centro Fotografia', 'Sighseeing', 'Torre Lamberti', 'Museo Conte', 'Museo Radio']",Torre Lamberti,strategy_nearest,True,0.0025572776794433594,success
0409A24A9C4C81,1,"['San Zeno', 'Castelvecchio', 'Torre Lamberti', 'Palazzo della Ragione']",Casa Giulietta,"['Centro Fotografia', 'Sighseeing', 'Museo Conte', 'Museo Radio', 'San Fermo']",Arena,strategy_nearest,False,0.002008676528930664,success
0409A7429C4C81,0,['Arena'],Casa Giulietta,"['Centro Fotografia', 'Sighseeing', 'Torre Lamberti', 'Museo Conte', 'Museo Radio']",Torre Lamberti,strategy_nearest,True,0.003239870071411133,success
0409AA429C4C81,1,"['Castelvecchio', 'Torre Lamberti']",Palazzo della Ragione,"['AMO', 'Museo Conte', 'Centro Fotografia', 'Sighseeing', 'Santa Anastasia']",Casa Giulietta,strategy_nearest,False,0.0019488334655761719,success
0409B1429C4C80,2,['Teatro Romano'],Torre Lamberti,"['Sighseeing', 'Centro Fotografia', 'Museo Conte', 'Casa Giulietta', 'Palazzo della Ragione']",Casa Giulietta,strategy_nearest,True,0.002444744110107422,success
0409B0429C4C80,0,['Arena'],Castelvecchio,"['Museo Lapidario', 'Verona Tour', 'Museo Radio', 'San Zeno', 'Sighseeing']",Casa Giulietta,strategy_nearest,False,0.0032482147216796875,success
0409B4429C4C81,1,"['Casa Giulietta', 'Torre Lamberti']",Palazzo della Ragione,"['AMO', 'Museo Conte', 'Centro Fotografia', 'Sighseeing', 'Santa Anastasia']",Teatro Romano,strategy_nearest,False,0.002039194107055664,success
0409B3429C4C81,0,['Arena'],Torre Lamberti,"['Sighseeing', 'Centro Fotografia', 'Museo Conte', 'Casa Giulietta', 'Palazzo della Ragione']",Casa Giulietta,strategy_nearest,True,0.003319978713989258,success
0409B6429C4C81,0,['Arena'],Casa Giulietta,"['Centro Fotografia', 'Sighseeing', 'Torre Lamberti', 'Museo Conte', 'Museo Radio']",Torre Lamberti,strategy_nearest,True,0.002627849578857422,success
0409BC3A9C4C81,3,['Arena'],Casa Giulietta,"['Centro Fotografia', 'Sighseeing', 'Torre Lamberti', 'Museo Conte', 'Museo Radio']",Duomo,strategy_nearest,False,0.003142833709716797,success
0409C1429C4C81,0,"['Torre Lamberti', 'Casa Giulietta']",Giardino Giusti,"['Santa Anastasia', 'Teatro Romano', 'Museo Conte', 'Centro Fotografia', 'Museo Storia']",Castelvecchio,strategy_nearest,False,0.0024368762969970703,success
0409C3429C4C81,0,['Casa Giulietta'],Castelvecchio,"['Museo Lapidario', 'Verona Tour', 'Arena', 'Museo Radio', 'San Zeno']",Arena,strategy_nearest,True,0.002498149871826172,success
0409C6429C4C81,2,['Palazzo della Ragione'],Torre Lamberti,"['Sighseeing', 'Centro Fotografia', 'Museo Conte', 'Casa Giulietta', 'AMO']",Duomo,strategy_nearest,False,0.0025141239166259766,success
0409CE429C4C81,2,['Castelvecchio'],Casa Giulietta,"['Centro Fotografia', 'Sighseeing', 'Torre Lamberti', 'Museo Conte', 'Museo Radio']",Duomo,strategy_nearest,False,0.0023212432861328125,success
0409DF3A9C4C81,0,['Arena'],Casa Giulietta,"['Centro Fotografia', 'Sighseeing', 'Torre Lamberti', 'Museo Conte', 'Museo Radio']",Torre Lamberti,strategy_nearest,True,0.002317190170288086,success
0409DE3A9C4C81,3,['Arena'],Torre Lamberti,"['Sighseeing', 'Centro Fotografia', 'Museo Conte', 'Casa Giulietta', 'Palazzo della Ragione']",Santa Anastasia,strategy_nearest,False,0.0025429725646972656,success
0409E43A9C4C81,0,['Arena'],Santa Anastasia,"['AMO', 'Museo Conte', 'Palazzo della Ragione', 'Teatro Romano', 'Centro Fotografia']",Tomba Giulietta,strategy_nearest,False,0.002382040023803711,success
0409E83A9C4C81,1,"['Torre Lamberti', 'Palazzo della Ragione']",Casa Giulietta,"['Centro Fotografia', 'Sighseeing', 'Museo Conte', 'Museo Radio', 'San Fermo']",Arena,strategy_nearest,False,0.0017712116241455078,success
0409F43A9C4C81,0,['Arena'],Duomo,"['AMO', 'Museo Miniscalchi', 'Santa Anastasia', 'Teatro Romano', 'Palazzo della Ragione']",Casa Giulietta,strategy_nearest,False,0.0023131370544433594,success
0409FA3A9C4C81,0,['Arena'],Casa Giulietta,"['Centro Fotografia', 'Sighseeing', 'Torre Lamberti', 'Museo Conte', 'Museo Radio']",Castelvecchio,strategy_nearest,False,0.0032041072845458984,success
0409FC3A9C4C81,0,['Arena'],Torre Lamberti,"['Sighseeing', 'Centro Fotografia', 'Museo Conte', 'Casa Giulietta', 'Palazzo della Ragione']",Teatro Romano,strategy_nearest,False,0.0017993450164794922,success
0409FB3A9C4C81,0,"['Giardino Giusti', 'Teatro Romano']",Castelvecchio,"['Museo Lapidario', 'Verona Tour', 'Arena', 'Museo Radio', 'San Zeno']",Arena,strategy_nearest,True,0.002758026123046875,success
0409FE3A9C4C81,3,"['Arena', 'Casa Giulietta', 'Torre Lamberti']",Santa Anastasia,"['AMO', 'Museo Conte', 'Palazzo della Ragione', 'Teatro Romano', 'Centro Fotografia']",Teatro Romano,strategy_nearest,True,0.002237081527709961,success
040A06429C4C85,2,['Teatro Romano'],Castelvecchio,"['Museo Lapidario', 'Verona Tour', 'Arena', 'Museo Radio', 'San Zeno']",San Zeno,strategy_nearest,True,0.002268075942993164,success
040A304A9C4C81,0,['Casa Giulietta'],Arena,"['Verona Tour', 'Museo Lapidario', 'Museo Radio', 'San Fermo', 'Sighseeing']",Tomba Giulietta,strategy_nearest,False,0.003141164779663086,success
040A423A9C4C81,2,['Tomba Giulietta'],Casa Giulietta,"['Centro Fotografia', 'Sighseeing', 'Torre Lamberti', 'Museo Conte', 'Museo Radio']",Torre Lamberti,strategy_nearest,True,0.0019178390502929688,success
040A43429C4C81,2,"['Teatro Romano', 'Duomo']",Torre Lamberti,"['Sighseeing', 'Centro Fotografia', 'Museo Conte', 'Casa Giulietta', 'Palazzo della Ragione']",Casa Giulietta,strategy_nearest,True,0.0022661685943603516,success
040A44429C4C81,2,['Casa Giulietta'],Santa Anastasia,"['AMO', 'Museo Conte', 'Palazzo della Ragione', 'Teatro Romano', 'Centro Fotografia']",Duomo,strategy_nearest,False,0.001608133316040039,success
040A533A9C4C81,3,['Arena'],Santa Anastasia,"['AMO', 'Museo Conte', 'Palazzo della Ragione', 'Teatro Romano', 'Centro Fotografia']",Teatro Romano,strategy_nearest,True,0.002691030502319336,success
040A5F429C4C81,0,['Arena'],Casa Giulietta,"['Centro Fotografia', 'Sighseeing', 'Torre Lamberti', 'Museo Conte', 'Museo Radio']",Torre Lamberti,strategy_nearest,True,0.0019006729125976562,success
040A6D429C4C81,1,"['Museo Lapidario', 'Arena']",Palazzo della Ragione,"['AMO', 'Museo Conte', 'Torre Lamberti', 'Centro Fotografia', 'Sighseeing']",Casa Giulietta,strategy_nearest,False,0.002492189407348633,success
040A713A9C4C81,3,['Arena'],Torre Lamberti,"['Sighseeing', 'Centro Fotografia', 'Museo Conte', 'Casa Giulietta', 'Palazzo della Ragione']",Santa Anastasia,strategy_nearest,False,0.0015058517456054688,success
040A6E429C4C81,0,['Arena'],Torre Lamberti,"['Sighseeing', 'Centro Fotografia', 'Museo Conte', 'Casa Giulietta', 'Palazzo della Ragione']",Duomo,strategy_nearest,False,0.002889871597290039,success
040A743A9C4C81,1,"['Arena', 'Torre Lamberti']",Palazzo della Ragione,"['AMO', 'Museo Conte', 'Centro Fotografia', 'Sighseeing', 'Santa Anastasia']",Santa Anastasia,strategy_nearest,True,0.002707958221435547,success
040A71429C4C81,1,"['Arena', 'Casa Giulietta']",Palazzo della Ragione,"['AMO', 'Museo Conte', 'Torre Lamberti', 'Centro Fotografia', 'Sighseeing']",Torre Lamberti,strategy_nearest,True,0.003481149673461914,success
040A783A9C4C81,3,"['Castelvecchio', 'Arena']",Casa Giulietta,"['Centro Fotografia', 'Sighseeing', 'Torre Lamberti', 'Museo Conte', 'Museo Radio']",Santa Anastasia,strategy_nearest,False,0.002736806869506836,success
040A7D4A9C4C81,3,"['Arena', 'Castelvecchio', 'San Zeno', 'Casa Giulietta']",Torre Lamberti,"['Sighseeing', 'Centro Fotografia', 'Museo Conte', 'Palazzo della Ragione', 'AMO']",Torre Lamberti,strategy_nearest,False,0.0020079612731933594,success
040A7B4A9C4C81,0,['Arena'],Casa Giulietta,"['Centro Fotografia', 'Sighseeing', 'Torre Lamberti', 'Museo Conte', 'Museo Radio']",Santa Anastasia,strategy_nearest,False,0.0034558773040771484,success
040A7E4A9C4C80,1,"['Torre Lamberti', 'Palazzo della Ragione', 'Casa Giulietta']",Arena,"['Verona Tour', 'Museo Lapidario', 'Museo Radio', 'San Fermo', 'Sighseeing']",Castelvecchio,strategy_nearest,False,0.0033059120178222656,success
040A7E4A9C4C81,3,['Arena'],Casa Giulietta,"['Centro Fotografia', 'Sighseeing', 'Torre Lamberti', 'Museo Conte', 'Museo Radio']",Santa Anastasia,strategy_nearest,False,0.0013947486877441406,success
040A803A9C4C80,3,"['Arena', 'San Zeno', 'Casa Giulietta']",Duomo,"['AMO', 'Museo Miniscalchi', 'Santa Anastasia', 'Teatro Romano', 'Palazzo della Ragione']",Teatro Romano,strategy_nearest,True,0.0019378662109375,success
040A834A9C4C81,0,['Arena'],Casa Giulietta,"['Centro Fotografia', 'Sighseeing', 'Torre Lamberti', 'Museo Conte', 'Museo Radio']",Duomo,strategy_nearest,False,0.0034019947052001953,success
040A83429C4C81,0,['Arena'],Torre Lamberti,"['Sighseeing', 'Centro Fotografia', 'Museo Conte', 'Casa Giulietta', 'Palazzo della Ragione']",Teatro Romano,strategy_nearest,False,0.0027277469635009766,success
040A863A9C4C81,1,"['Arena', 'Casa Giulietta']",Torre Lamberti,"['Sighseeing', 'Centro Fotografia', 'Museo Conte', 'Palazzo della Ragione', 'AMO']",Palazzo della Ragione,strategy_nearest,True,0.0024521350860595703,success
040A883A9C4C81,1,"['Arena', 'Castelvecchio', 'Museo Lapidario']",San Fermo,"['Museo Storia', 'Museo Radio', 'Casa Giulietta', 'Centro Fotografia', 'Sighseeing']",Museo Storia,strategy_nearest,True,0.002135038375854492,success
040A884A9C4C81,0,['Arena'],Casa Giulietta,"['Centro Fotografia', 'Sighseeing', 'Torre Lamberti', 'Museo Conte', 'Museo Radio']",Torre Lamberti,strategy_nearest,True,0.0031659603118896484,success
040A8B4A9C4C81,1,"['Arena', 'Casa Giulietta', 'Palazzo della Ragione']",Santa Anastasia,"['AMO', 'Museo Conte', 'Teatro Romano', 'Centro Fotografia', 'Duomo']",Duomo,strategy_nearest,True,0.0026369094848632812,success
040A8D4A9C4C81,3,['Santa Anastasia'],Duomo,"['AMO', 'Museo Miniscalchi', 'Teatro Romano', 'Palazzo della Ragione', 'Museo Conte']",Casa Giulietta,strategy_nearest,False,0.0021469593048095703,success
040A8D4A9C4C80,1,"['Santa Anastasia', 'Palazzo della Ragione', 'Torre Lamberti', 'Casa Giulietta']",San Zeno,"['Castelvecchio', 'Verona Tour', 'Museo Lapidario', 'Arena', 'Museo Miniscalchi']",Duomo,strategy_nearest,False,0.002669095993041992,success
040A97429C4C80,0,['Arena'],Torre Lamberti,"['Sighseeing', 'Centro Fotografia', 'Museo Conte', 'Casa Giulietta', 'Palazzo della Ragione']",Casa Giulietta,strategy_nearest,True,0.003298044204711914,success
040A904A9C4C80,1,"['Torre Lamberti', 'Palazzo della Ragione', 'Casa Giulietta']",San Fermo,"['Museo Storia', 'Museo Radio', 'Centro Fotografia', 'Arena', 'Sighseeing']",Santa Anastasia,strategy_nearest,False,0.002888917922973633,success
040AA94A9C4C80,3,"['Arena', 'Casa Giulietta']",Torre Lamberti,"['Sighseeing', 'Centro Fotografia', 'Museo Conte', 'Palazzo della Ragione', 'AMO']",Santa Anastasia,strategy_nearest,False,0.0015859603881835938,success
040AA84A9C4C80,1,"['Arena', 'Museo Lapidario']",Casa Giulietta,"['Centro Fotografia', 'Sighseeing', 'Torre Lamberti', 'Museo Conte', 'Museo Radio']",Palazzo della Ragione,strategy_nearest,False,0.0022687911987304688,success
040AA6429C4C80,0,['Arena'],Torre Lamberti,"['Sighseeing', 'Centro Fotografia', 'Museo Conte', 'Casa Giulietta', 'Palazzo della Ragione']",Casa Giulietta,strategy_nearest,True,0.0029418468475341797,success
040AAA429C4C81,0,"['Arena', 'Castelvecchio']",Casa Giulietta,"['Centro Fotografia', 'Sighseeing', 'Torre Lamberti', 'Museo Conte', 'Museo Radio']",Duomo,strategy_nearest,False,0.0033349990844726562,success
040AAB3A9C4C80,0,['Museo Lapidario'],Arena,"['Verona Tour', 'Museo Radio', 'San Fermo', 'Casa Giulietta', 'Sighseeing']",Casa Giulietta,strategy_nearest,True,0.003226041793823242,success
040AAB3A9C4C81,3,['Arena'],Casa Giulietta,"['Centro Fotografia', 'Sighseeing', 'Torre Lamberti', 'Museo Conte', 'Museo Radio']",Teatro Romano,strategy_nearest,False,0.002023935317993164,success
040AAC429C4C81,0,['Arena'],Casa Giulietta,"['Centro Fotografia', 'Sighseeing', 'Torre Lamberti', 'Museo Conte', 'Museo Radio']",Torre Lamberti,strategy_nearest,True,0.002610921859741211,success
040AB03A9C4C80,0,['Casa Giulietta'],Arena,"['Verona Tour', 'Museo Lapidario', 'Museo Radio', 'San Fermo', 'Sighseeing']",Castelvecchio,strategy_nearest,False,0.0033609867095947266,success
040AB0429C4C81,0,['Torre Lamberti'],Arena,"['Verona Tour', 'Museo Lapidario', 'Museo Radio', 'San Fermo', 'Casa Giulietta']",Casa Giulietta,strategy_nearest,True,0.0018069744110107422,success
040AB2429C4C80,3,"['Arena', 'Casa Giulietta', 'Torre Lamberti']",Santa Anastasia,"['AMO', 'Museo Conte', 'Palazzo della Ragione', 'Teatro Romano', 'Centro Fotografia']",Teatro Romano,strategy_nearest,True,0.0025207996368408203,success
040AB73A9C4C81,3,"['Arena', 'Santa Anastasia']",Duomo,"['AMO', 'Museo Miniscalchi', 'Teatro Romano', 'Palazzo della Ragione', 'Museo Conte']",Teatro Romano,strategy_nearest,True,0.0024137496948242188,success
040ABD3A9C4C81,3,['Arena'],San Fermo,"['Museo Storia', 'Museo Radio', 'Casa Giulietta', 'Centro Fotografia', 'Sighseeing']",Casa Giulietta,strategy_nearest,True,0.002167940139770508,success
040ABD3A9C4C80,0,['Arena'],Castelvecchio,"['Museo Lapidario', 'Verona Tour', 'Museo Radio', 'San Zeno', 'Sighseeing']",Castelvecchio,strategy_nearest,False,0.0016400814056396484,success
040ABB429C4C81,0,['Arena'],Casa Giulietta,"['Centro Fotografia', 'Sighseeing', 'Torre Lamberti', 'Museo Conte', 'Museo Radio']",Palazzo della Ragione,strategy_nearest,False,0.0035278797149658203,success
040AB93A9C4C80,0,['Torre Lamberti'],San Fermo,"['Museo Storia', 'Museo Radio', 'Casa Giulietta', 'Centro Fotografia', 'Arena']",Arena,strategy_nearest,True,0.0041561126708984375,success
040AD7429C4C81,3,"['Arena', 'Casa Giulietta', 'Santa Anastasia']",Tomba Giulietta,"['San Fermo', 'Museo Storia', 'Museo Lapidario', 'Museo Radio', 'Verona Tour']",Castelvecchio,strategy_nearest,False,0.0034041404724121094,success
040AC5429C4C81,1,"['Arena', 'Casa Giulietta', 'Torre Lamberti']",Palazzo della Ragione,"['AMO', 'Museo Conte', 'Centro Fotografia', 'Sighseeing', 'Santa Anastasia']",Tomba Giulietta,strategy_nearest,False,0.0018031597137451172,success
040ABE3A9C4C81,3,"['Arena', 'Casa Giulietta']",Torre Lamberti,"['Sighseeing', 'Centro Fotografia', 'Museo Conte', 'Palazzo della Ragione', 'AMO']",Santa Anastasia,strategy_nearest,False,0.0025086402893066406,success
040AC6429C4C81,0,['Casa Giulietta'],Arena,"['Verona Tour', 'Museo Lapidario', 'Museo Radio', 'San Fermo', 'Sighseeing']",Castelvecchio,strategy_nearest,False,0.002936840057373047,success
040ADA3A9C4C81,1,['Arena'],Torre Lamberti,"['Sighseeing', 'Centro Fotografia', 'Museo Conte', 'Casa Giulietta', 'Palazzo della Ragione']",Palazzo della Ragione,strategy_nearest,True,0.003606081008911133,success
040AEC3A9C4C81,1,"['Castelvecchio', 'Casa Giulietta', 'Santa Anastasia']",Arena,"['Verona Tour', 'Museo Lapidario', 'Museo Radio', 'San Fermo', 'Sighseeing']",Torre Lamberti,strategy_nearest,False,0.0037238597869873047,success
040ADA429C4C81,3,"['Arena', 'Casa Giulietta']",Torre Lamberti,"['Sighseeing', 'Centro Fotografia', 'Museo Conte', 'Palazzo della Ragione', 'AMO']",Duomo,strategy_nearest,False,0.0028963088989257812,success
040AE3429C4C81,0,['Teatro Romano'],San Zeno,"['Castelvecchio', 'Verona Tour', 'Museo Lapidario', 'Arena', 'Museo Miniscalchi']",Arena,strategy_nearest,True,0.0019588470458984375,success
040AF03A9C4C81,3,"['Casa Giulietta', 'San Fermo']",Arena,"['Verona Tour', 'Museo Lapidario', 'Museo Radio', 'Sighseeing', 'Castelvecchio']",Santa Anastasia,strategy_nearest,False,0.0015897750854492188,success
040AF43A9C4C81,0,['Arena'],Castelvecchio,"['Museo Lapidario', 'Verona Tour', 'Museo Radio', 'San Zeno', 'Sighseeing']",Casa Giulietta,strategy_nearest,False,0.0030541419982910156,success
040AF0429C4C81,3,"['Arena', 'Santa Anastasia']",Duomo,"['AMO', 'Museo Miniscalchi', 'Teatro Romano', 'Palazzo della Ragione', 'Museo Conte']",Museo Lapidario,strategy_nearest,False,0.002223968505859375,success
040B053A9C4C85,0,['Arena'],Casa Giulietta,"['Centro Fotografia', 'Sighseeing', 'Torre Lamberti', 'Museo Conte', 'Museo Radio']",San Fermo,strategy_nearest,False,0.003283977508544922,success
040B333A9C4C81,3,"['Castelvecchio', 'Arena']",San Fermo,"['Museo Storia', 'Museo Radio', 'Casa Giulietta', 'Centro Fotografia', 'Sighseeing']",Casa Giulietta,strategy_nearest,True,0.0026922225952148438,success
040B364A9C4C81,0,"['Arena', 'Castelvecchio']",Casa Giulietta,"['Centro Fotografia', 'Sighseeing', 'Torre Lamberti', 'Museo Conte', 'Museo Radio']",Tomba Giulietta,strategy_nearest,False,0.0021588802337646484,success
040B343A9C4C81,1,"['Arena', 'Santa Anastasia']",Giardino Giusti,"['Teatro Romano', 'Museo Conte', 'Centro Fotografia', 'Museo Storia', 'AMO']",Casa Giulietta,strategy_nearest,False,0.00252532958984375,success
040B33429C4C81,2,"['Castelvecchio', 'Casa Giulietta', 'Giardino Giusti']",Tomba Giulietta,"['San Fermo', 'Museo Storia', 'Arena', 'Museo Lapidario', 'Museo Radio']",Torre Lamberti,strategy_nearest,False,0.004148006439208984,success
040B374A9C4C81,4,"['Arena', 'Casa Giulietta']",Giardino Giusti,"['Santa Anastasia', 'Teatro Romano', 'Museo Conte', 'Centro Fotografia', 'Museo Storia']",Tomba Giulietta,strategy_nearest,False,0.0027360916137695312,success
040B413A9C4C81,2,['Casa Giulietta'],San Fermo,"['Museo Storia', 'Museo Radio', 'Centro Fotografia', 'Arena', 'Sighseeing']",Santa Anastasia,strategy_nearest,False,0.0031118392944335938,success
040B41429C4C81,0,['Arena'],Casa Giulietta,"['Centro Fotografia', 'Sighseeing', 'Torre Lamberti', 'Museo Conte', 'Museo Radio']",Teatro Romano,strategy_nearest,False,0.002869129180908203,success
040B3F3A9C4C81,1,"['Castelvecchio', 'Arena', 'Casa Giulietta', 'Torre Lamberti']",Palazzo della Ragione,"['AMO', 'Museo Conte', 'Centro Fotografia', 'Sighseeing', 'Santa Anastasia']",San Fermo,strategy_nearest,False,0.0024950504302978516,success
040B453A9C4C81,2,"['Santa Anastasia', 'Duomo']",Teatro Romano,"['AMO', 'Palazzo della Ragione', 'Museo Conte', 'Centro Fotografia', 'Museo Miniscalchi']",Castelvecchio,strategy_nearest,False,0.003713846206665039,success
040B4A429C4C81,0,['Arena'],Casa Giulietta,"['Centro Fotografia', 'Sighseeing', 'Torre Lamberti', 'Museo Conte', 'Museo Radio']",Tomba Giulietta,strategy_nearest,False,0.0021359920501708984,success
040B4D429C4C81,0,['Arena'],Torre Lamberti,"['Sighseeing', 'Centro Fotografia', 'Museo Conte', 'Casa Giulietta', 'Palazzo della Ragione']",Casa Giulietta,strategy_nearest,True,0.002852201461791992,success
040B463A9C4C81,2,['Casa Giulietta'],Castelvecchio,"['Museo Lapidario', 'Verona Tour', 'Arena', 'Museo Radio', 'San Zeno']",Duomo,strategy_nearest,False,0.003283977508544922,success
040B51429C4C81,0,['Torre Lamberti'],Casa Giulietta,"['Centro Fotografia', 'Sighseeing', 'Museo Conte', 'Museo Radio', 'Palazzo della Ragione']",Arena,strategy_nearest,False,0.0025882720947265625,success
040B543A9C4C81,2,['Casa Giulietta'],Torre Lamberti,"['Sighseeing', 'Centro Fotografia', 'Museo Conte', 'Palazzo della Ragione', 'AMO']",Santa Anastasia,strategy_nearest,False,0.0028150081634521484,success
040B663A9C4C81,0,['Torre Lamberti'],Teatro Romano,"['Santa Anastasia', 'Duomo', 'AMO', 'Palazzo della Ragione', 'Museo Conte']",Arena,strategy_nearest,False,0.002193927764892578,success
040B5F429C4C81,0,"['Arena', 'Casa Giulietta']",Teatro Romano,"['Santa Anastasia', 'Duomo', 'AMO', 'Palazzo della Ragione', 'Museo Conte']",Castelvecchio,strategy_nearest,False,0.0031120777130126953,success
040B54429C4C81,2,"['Casa Giulietta', 'Torre Lamberti']",Santa Anastasia,"['AMO', 'Museo Conte', 'Palazzo della Ragione', 'Teatro Romano', 'Centro Fotografia']",Duomo,strategy_nearest,False,0.003858327865600586,success
040B763A9C4C81,2,"['Castelvecchio', 'Casa Giulietta']",Santa Anastasia,"['AMO', 'Museo Conte', 'Palazzo della Ragione', 'Teatro Romano', 'Centro Fotografia']",Duomo,strategy_nearest,False,0.0023260116577148438,success
040B6B3A9C4C81,0,"['Duomo', 'Casa Giulietta']",Arena,"['Verona Tour', 'Museo Lapidario', 'Museo Radio', 'San Fermo', 'Sighseeing']",Tomba Giulietta,strategy_nearest,False,0.0023190975189208984,success
040B70429C4C81,3,"['Arena', 'Casa Giulietta']",Santa Anastasia,"['AMO', 'Museo Conte', 'Palazzo della Ragione', 'Teatro Romano', 'Centro Fotografia']",Teatro Romano,strategy_nearest,True,0.00412297248840332,success
040B7B429C4C80,0,['Arena'],Casa Giulietta,"['Centro Fotografia', 'Sighseeing', 'Torre Lamberti', 'Museo Conte', 'Museo Radio']",Tomba Giulietta,strategy_nearest,False,0.002986907958984375,success
040B7E4A9C4C80,3,['Arena'],Santa Anastasia,"['AMO', 'Museo Conte', 'Palazzo della Ragione', 'Teatro Romano', 'Centro Fotografia']",Duomo,strategy_nearest,False,0.0025091171264648438,success
040B7D429C4C81,0,['Arena'],Casa Giulietta,"['Centro Fotografia', 'Sighseeing', 'Torre Lamberti', 'Museo Conte', 'Museo Radio']",Torre Lamberti,strategy_nearest,True,0.001748800277709961,success
040B813A9C4C81,2,['Casa Giulietta'],Torre Lamberti,"['Sighseeing', 'Centro Fotografia', 'Museo Conte', 'Palazzo della Ragione', 'AMO']",Duomo,strategy_nearest,False,0.0030226707458496094,success
040B7D4A9C4C81,1,"['Arena', 'Casa Giulietta', 'San Fermo']",Torre Lamberti,"['Sighseeing', 'Centro Fotografia', 'Museo Conte', 'Palazzo della Ragione', 'AMO']",Palazzo della Ragione,strategy_nearest,True,0.003912925720214844,success
040B82429C4C80,3,"['Arena', 'Casa Giulietta']",Torre Lamberti,"['Sighseeing', 'Centro Fotografia', 'Museo Conte', 'Palazzo della Ragione', 'AMO']",Santa Anastasia,strategy_nearest,False,0.001661062240600586,success
040B853A9C4C80,3,['Arena'],Casa Giulietta,"['Centro Fotografia', 'Sighseeing', 'Torre Lamberti', 'Museo Conte', 'Museo Radio']",Torre Lamberti,strategy_nearest,True,0.0031919479370117188,success
040B83429C4C80,3,"['Arena', 'Castelvecchio']",Santa Anastasia,"['AMO', 'Museo Conte', 'Palazzo della Ragione', 'Teatro Romano', 'Centro Fotografia']",Duomo,strategy_nearest,False,0.002541065216064453,success
040B864A9C4C80,1,"['Santa Anastasia', 'Teatro Romano']",Arena,"['Verona Tour', 'Museo Lapidario', 'Museo Radio', 'San Fermo', 'Casa Giulietta']",Casa Giulietta,strategy_nearest,True,0.0037839412689208984,success
040B893A9C4C80,0,['Arena'],Casa Giulietta,"['Centro Fotografia', 'Sighseeing', 'Torre Lamberti', 'Museo Conte', 'Museo Radio']",Torre Lamberti,strategy_nearest,True,0.0037109851837158203,success
040B94429C4C80,2,"['Santa Anastasia', 'Casa Giulietta']",Torre Lamberti,"['Sighseeing', 'Centro Fotografia', 'Museo Conte', 'Palazzo della Ragione', 'AMO']",Tomba Giulietta,strategy_nearest,False,0.003088712692260742,success
040B903A9C4C81,2,['Santa Anastasia'],Casa Giulietta,"['Centro Fotografia', 'Sighseeing', 'Torre Lamberti', 'Museo Conte', 'Museo Radio']",San Fermo,strategy_nearest,False,0.0041201114654541016,success
040B8B4A9C4C81,0,['Arena'],Casa Giulietta,"['Centro Fotografia', 'Sighseeing', 'Torre Lamberti', 'Museo Conte', 'Museo Radio']",Torre Lamberti,strategy_nearest,True,0.004962921142578125,success
040B97429C4C80,0,['Arena'],Castelvecchio,"['Museo Lapidario', 'Verona Tour', 'Museo Radio', 'San Zeno', 'Sighseeing']",Santa Anastasia,strategy_nearest,False,0.0015668869018554688,success
040BA24A9C4C81,0,['Arena'],Castelvecchio,"['Museo Lapidario', 'Verona Tour', 'Museo Radio', 'San Zeno', 'Sighseeing']",Duomo,strategy_nearest,False,0.002379894256591797,success
040B9E429C4C80,1,"['Arena', 'Castelvecchio']",Duomo,"['AMO', 'Museo Miniscalchi', 'Santa Anastasia', 'Teatro Romano', 'Palazzo della Ragione']",Casa Giulietta,strategy_nearest,False,0.003679037094116211,success
040BA6429C4C80,0,['Castelvecchio'],Torre Lamberti,"['Sighseeing', 'Centro Fotografia', 'Museo Conte', 'Casa Giulietta', 'Palazzo della Ragione']",Casa Giulietta,strategy_nearest,True,0.004738807678222656,success
040BA6429C4C81,0,"['Arena', 'Museo Lapidario']",Castelvecchio,"['Verona Tour', 'Museo Radio', 'San Zeno', 'Sighseeing', 'Museo Miniscalchi']",Casa Giulietta,strategy_nearest,False,0.0036590099334716797,success
040BA9429C4C80,0,['Arena'],Casa Giulietta,"['Centro Fotografia', 'Sighseeing', 'Torre Lamberti', 'Museo Conte', 'Museo Radio']",Castelvecchio,strategy_nearest,False,0.0021016597747802734,success
040BAB429C4C80,2,['Casa Giulietta'],Palazzo della Ragione,"['AMO', 'Museo Conte', 'Torre Lamberti', 'Centro Fotografia', 'Sighseeing']",Torre Lamberti,strategy_nearest,True,0.0033998489379882812,success
040BB53A9C4C80,0,['Arena'],Torre Lamberti,"['Sighseeing', 'Centro Fotografia', 'Museo Conte', 'Casa Giulietta', 'Palazzo della Ragione']",Casa Giulietta,strategy_nearest,True,0.0025708675384521484,success
040BB0429C4C81,1,"['Arena', 'Torre Lamberti']",Palazzo della Ragione,"['AMO', 'Museo Conte', 'Centro Fotografia', 'Sighseeing', 'Santa Anastasia']",Casa Giulietta,strategy_nearest,False,0.004247188568115234,success
040BB1429C4C81,0,"['Teatro Romano', 'Castelvecchio']",Arena,"['Verona Tour', 'Museo Lapidario', 'Museo Radio', 'San Fermo', 'Casa Giulietta']",Museo Storia,strategy_nearest,False,0.0032057762145996094,success
040BB8429C4C81,3,['Arena'],Casa Giulietta,"['Centro Fotografia', 'Sighseeing', 'Torre Lamberti', 'Museo Conte', 'Museo Radio']",Torre Lamberti,strategy_nearest,True,0.003020048141479492,success
040BBC3A9C4C80,2,['Castelvecchio'],Santa Anastasia,"['AMO', 'Museo Conte', 'Palazzo della Ragione', 'Teatro Romano', 'Centro Fotografia']",Duomo,strategy_nearest,False,0.0022559165954589844,success
040BB43A9C4C81,0,['Arena'],Casa Giulietta,"['Centro Fotografia', 'Sighseeing', 'Torre Lamberti', 'Museo Conte', 'Museo Radio']",Duomo,strategy_nearest,False,0.003753185272216797,success
040BBC3A9C4C81,3,"['Arena', 'Casa Giulietta']",San Fermo,"['Museo Storia', 'Museo Radio', 'Centro Fotografia', 'Sighseeing', 'Torre Lamberti']",Torre Lamberti,strategy_nearest,True,0.0033347606658935547,success
040BC3429C4C81,0,['Casa Giulietta'],Arena,"['Verona Tour', 'Museo Lapidario', 'Museo Radio', 'San Fermo', 'Sighseeing']",Tomba Giulietta,strategy_nearest,False,0.002065896987915039,success
040BC53A9C4C81,1,['Torre Lamberti'],Palazzo della Ragione,"['AMO', 'Museo Conte', 'Centro Fotografia', 'Sighseeing', 'Santa Anastasia']",Castelvecchio,strategy_nearest,False,0.0025529861450195312,success
040BBE429C4C80,1,['Arena'],Casa Giulietta,"['Centro Fotografia', 'Sighseeing', 'Torre Lamberti', 'Museo Conte', 'Museo Radio']",Torre Lamberti,strategy_nearest,True,0.00148773193359375,success
040BC73A9C4C81,0,['Arena'],Torre Lamberti,"['Sighseeing', 'Centro Fotografia', 'Museo Conte', 'Casa Giulietta', 'Palazzo della Ragione']",Giardino Giusti,strategy_nearest,False,0.0033769607543945312,success
040BC83A9C4C81,0,['Casa Giulietta'],Arena,"['Verona Tour', 'Museo Lapidario', 'Museo Radio', 'San Fermo', 'Sighseeing']",Tomba Giulietta,strategy_nearest,False,0.0018229484558105469,success
040BC93A9C4C81,3,"['Arena', 'Castelvecchio']",Casa Giulietta,"['Centro Fotografia', 'Sighseeing', 'Torre Lamberti', 'Museo Conte', 'Museo Radio']",Santa Anastasia,strategy_nearest,False,0.0018281936645507812,success
040BC8429C4C81,3,"['Arena', 'Museo Lapidario']",Castelvecchio,"['Verona Tour', 'Museo Radio', 'San Zeno', 'Sighseeing', 'Museo Miniscalchi']",Duomo,strategy_nearest,False,0.0025129318237304688,success
040BCE429C4C81,0,['Arena'],Castelvecchio,"['Museo Lapidario', 'Verona Tour', 'Museo Radio', 'San Zeno', 'Sighseeing']",Duomo,strategy_nearest,False,0.001882791519165039,success
040BC9429C4C81,1,"['Arena', 'Torre Lamberti']",Palazzo della Ragione,"['AMO', 'Museo Conte', 'Centro Fotografia', 'Sighseeing', 'Santa Anastasia']",Santa Anastasia,strategy_nearest,True,0.002084970474243164,success
040BCA3A9C4C81,3,"['Arena', 'Casa Giulietta']",Santa Anastasia,"['AMO', 'Museo Conte', 'Palazzo della Ragione', 'Teatro Romano', 'Centro Fotografia']",Duomo,strategy_nearest,False,0.0031850337982177734,success
040BDD3A9C4C81,0,['Teatro Romano'],Arena,"['Verona Tour', 'Museo Lapidario', 'Museo Radio', 'San Fermo', 'Casa Giulietta']",Castelvecchio,strategy_nearest,False,0.002257108688354492,success
040BDA3A9C4C81,0,['Arena'],Casa Giulietta,"['Centro Fotografia', 'Sighseeing', 'Torre Lamberti', 'Museo Conte', 'Museo Radio']",Santa Anastasia,strategy_nearest,False,0.0033888816833496094,success
040BDB429C4C81,3,"['Arena', 'Casa Giulietta', 'Teatro Romano']",Santa Anastasia,"['AMO', 'Museo Conte', 'Palazzo della Ragione', 'Centro Fotografia', 'Duomo']",Castelvecchio,strategy_nearest,False,0.0030002593994140625,success
040BE03A9C4C81,0,"['Castelvecchio', 'San Zeno']",Teatro Romano,"['Santa Anastasia', 'Duomo', 'AMO', 'Palazzo della Ragione', 'Museo Conte']",Giardino Giusti,strategy_nearest,False,0.003134012222290039,success
040BF43A9C4C81,1,['Arena'],Torre Lamberti,"['Sighseeing', 'Centro Fotografia', 'Museo Conte', 'Casa Giulietta', 'Palazzo della Ragione']",Palazzo della Ragione,strategy_nearest,True,0.0013477802276611328,success
040BE83A9C4C81,2,['San Fermo'],Santa Anastasia,"['AMO', 'Museo Conte', 'Palazzo della Ragione', 'Teatro Romano', 'Centro Fotografia']",Duomo,strategy_nearest,False,0.0033690929412841797,success
040BEE429C4C81,3,"['Arena', 'Museo Lapidario', 'Tomba Giulietta', 'San Fermo']",Casa Giulietta,"['Centro Fotografia', 'Sighseeing', 'Torre Lamberti', 'Museo Conte', 'Museo Radio']",Castelvecchio,strategy_nearest,False,0.0021622180938720703,success
040BFC3A9C4C81,3,['Arena'],Duomo,"['AMO', 'Museo Miniscalchi', 'Santa Anastasia', 'Teatro Romano', 'Palazzo della Ragione']",Santa Anastasia,strategy_nearest,True,0.003116130828857422,success
040C033A9C4C85,0,['Arena'],Casa Giulietta,"['Centro Fotografia', 'Sighseeing', 'Torre Lamberti', 'Museo Conte', 'Museo Radio']",Torre Lamberti,strategy_nearest,True,0.003278970718383789,success
040C3A3A9C4C81,2,['Duomo'],Tomba Giulietta,"['San Fermo', 'Museo Storia', 'Arena', 'Museo Lapidario', 'Museo Radio']",Palazzo della Ragione,strategy_nearest,False,0.0029451847076416016,success
040C013A9C4C85,0,['Arena'],Casa Giulietta,"['Centro Fotografia', 'Sighseeing', 'Torre Lamberti', 'Museo Conte', 'Museo Radio']",Torre Lamberti,strategy_nearest,True,0.002477884292602539,success
040C403A9C4C81,3,"['Arena', 'Santa Anastasia']",Duomo,"['AMO', 'Museo Miniscalchi', 'Teatro Romano', 'Palazzo della Ragione', 'Museo Conte']",Teatro Romano,strategy_nearest,True,0.002145051956176758,success
040C463A9C4C81,2,"['Teatro Romano', 'Casa Giulietta']",Santa Anastasia,"['AMO', 'Museo Conte', 'Palazzo della Ragione', 'Centro Fotografia', 'Duomo']",Torre Lamberti,strategy_nearest,False,0.002460956573486328,success
040C3D3A9C4C81,3,"['Arena', 'Castelvecchio']",Duomo,"['AMO', 'Museo Miniscalchi', 'Santa Anastasia', 'Teatro Romano', 'Palazzo della Ragione']",Santa Anastasia,strategy_nearest,True,0.0023469924926757812,success
040C4A429C4C81,0,['Arena'],Castelvecchio,"['Museo Lapidario', 'Verona Tour', 'Museo Radio', 'San Zeno', 'Sighseeing']",Casa Giulietta,strategy_nearest,False,0.003164052963256836,success
040C4C429C4C81,3,"['Museo Lapidario', 'Torre Lamberti']",Santa Anastasia,"['AMO', 'Museo Conte', 'Palazzo della Ragione', 'Teatro Romano', 'Centro Fotografia']",San Zeno,strategy_nearest,False,0.0018041133880615234,success
040C50429C4C81,0,['Casa Giulietta'],Arena,"['Verona Tour', 'Museo Lapidario', 'Museo Radio', 'San Fermo', 'Sighseeing']",Castelvecchio,strategy_nearest,False,0.0017769336700439453,success
040C5B3A9C4C81,2,['Teatro Romano'],Museo Lapidario,"['Verona Tour', 'Arena', 'Castelvecchio', 'Museo Radio', 'San Fermo']",Casa Giulietta,strategy_nearest,False,0.0021691322326660156,success
040C5E429C4C81,1,"['Arena', 'Torre Lamberti']",Palazzo della Ragione,"['AMO', 'Museo Conte', 'Centro Fotografia', 'Sighseeing', 'Santa Anastasia']",Santa Anastasia,strategy_nearest,True,0.002424001693725586,success
040C4D3A9C4C81,3,['Santa Anastasia'],Arena,"['Verona Tour', 'Museo Lapidario', 'Museo Radio', 'San Fermo', 'Casa Giulietta']",Casa Giulietta,strategy_nearest,True,0.002721071243286133,success
040C60429C4C81,0,['Arena'],Casa Giulietta,"['Centro Fotografia', 'Sighseeing', 'Torre Lamberti', 'Museo Conte', 'Museo Radio']",Castelvecchio,strategy_nearest,False,0.0018558502197265625,success
040C65BA7B3F81,0,['Arena'],Castelvecchio,"['Museo Lapidario', 'Verona Tour', 'Museo Radio', 'San Zeno', 'Sighseeing']",Casa Giulietta,strategy_nearest,False,0.0026009082794189453,success
040C673A9C4C81,3,"['Torre Lamberti', 'Arena']",Castelvecchio,"['Museo Lapidario', 'Verona Tour', 'Museo Radio', 'San Zeno', 'Sighseeing']",Teatro Romano,strategy_nearest,False,0.0019490718841552734,success
040C723A9C4C80,1,"['Arena', 'Casa Giulietta', 'San Fermo']",Torre Lamberti,"['Sighseeing', 'Centro Fotografia', 'Museo Conte', 'Palazzo della Ragione', 'AMO']",Palazzo della Ragione,strategy_nearest,True,0.0031020641326904297,success
040C693A9C4C81,1,"['Torre Lamberti', 'Arena']",Castelvecchio,"['Museo Lapidario', 'Verona Tour', 'Museo Radio', 'San Zeno', 'Sighseeing']",Santa Anastasia,strategy_nearest,False,0.002725839614868164,success
040C6B3A9C4C81,0,['Casa Giulietta'],Arena,"['Verona Tour', 'Museo Lapidario', 'Museo Radio', 'San Fermo', 'Sighseeing']",San Zeno,strategy_nearest,False,0.0027303695678710938,success
040C763A9C4C81,3,"['Casa Giulietta', 'Castelvecchio']",Arena,"['Verona Tour', 'Museo Lapidario', 'Museo Radio', 'San Fermo', 'Sighseeing']",San Fermo,strategy_nearest,True,0.0024919509887695312,success
040C773A9C4C80,0,['Castelvecchio'],Casa Giulietta,"['Centro Fotografia', 'Sighseeing', 'Torre Lamberti', 'Museo Conte', 'Museo Radio']",Arena,strategy_nearest,False,0.0017387866973876953,success
040C79429C4C80,2,"['Torre Lamberti', 'Palazzo della Ragione']",Duomo,"['AMO', 'Museo Miniscalchi', 'Santa Anastasia', 'Teatro Romano', 'Museo Conte']",Teatro Romano,strategy_nearest,True,0.0028159618377685547,success
040C7B3A9C4C80,3,['Arena'],Casa Giulietta,"['Centro Fotografia', 'Sighseeing', 'Torre Lamberti', 'Museo Conte', 'Museo Radio']",Santa Anastasia,strategy_nearest,False,0.003097057342529297,success
040C7B429C4C80,3,"['Arena', 'Arena', 'San Fermo']",Casa Giulietta,"['Centro Fotografia', 'Sighseeing', 'Torre Lamberti', 'Museo Conte', 'Museo Radio']",Santa Anastasia,strategy_nearest,False,0.0025589466094970703,success
040C833A9C4C80,0,['Arena'],Castelvecchio,"['Museo Lapidario', 'Verona Tour', 'Museo Radio', 'San Zeno', 'Sighseeing']",Duomo,strategy_nearest,False,0.0019669532775878906,success
040C844A9C4C80,0,['Arena'],Casa Giulietta,"['Centro Fotografia', 'Sighseeing', 'Torre Lamberti', 'Museo Conte', 'Museo Radio']",Torre Lamberti,strategy_nearest,True,0.0024843215942382812,success
040C863A9C4C80,1,"['Arena', 'Casa Giulietta', 'Palazzo della Ragione', 'Torre Lamberti']",Santa Anastasia,"['AMO', 'Museo Conte', 'Teatro Romano', 'Centro Fotografia', 'Duomo']",Duomo,strategy_nearest,True,0.0014011859893798828,success
040C863A9C4C81,1,"['Torre Lamberti', 'Palazzo della Ragione']",Casa Giulietta,"['Centro Fotografia', 'Sighseeing', 'Museo Conte', 'Museo Radio', 'San Fermo']",Tomba Giulietta,strategy_nearest,False,0.002604961395263672,success
040C854A9C4C80,0,['Arena'],Casa Giulietta,"['Centro Fotografia', 'Sighseeing', 'Torre Lamberti', 'Museo Conte', 'Museo Radio']",Santa Anastasia,strategy_nearest,False,0.0033020973205566406,success
040C86429C4C81,3,"['Arena', 'Casa Giulietta']",Torre Lamberti,"['Sighseeing', 'Centro Fotografia', 'Museo Conte', 'Palazzo della Ragione', 'AMO']",Santa Anastasia,strategy_nearest,False,0.0031042098999023438,success
040C8B4A9C4C81,0,['Arena'],Torre Lamberti,"['Sighseeing', 'Centro Fotografia', 'Museo Conte', 'Casa Giulietta', 'Palazzo della Ragione']",Giardino Giusti,strategy_nearest,False,0.0025129318237304688,success
040C864A9C4C80,3,['Santa Anastasia'],Duomo,"['AMO', 'Museo Miniscalchi', 'Teatro Romano', 'Palazzo della Ragione', 'Museo Conte']",Casa Giulietta,strategy_nearest,False,0.0020160675048828125,success
040C8A4A9C4C81,0,['Arena'],Casa Giulietta,"['Centro Fotografia', 'Sighseeing', 'Torre Lamberti', 'Museo Conte', 'Museo Radio']",Castelvecchio,strategy_nearest,False,0.001432180404663086,success
040C8D429C4C80,0,['Arena'],Torre Lamberti,"['Sighseeing', 'Centro Fotografia', 'Museo Conte', 'Casa Giulietta', 'Palazzo della Ragione']",Casa Giulietta,strategy_nearest,True,0.003075122833251953,success
040C924A9C4C81,3,"['Arena', 'Casa Giulietta']",Torre Lamberti,"['Sighseeing', 'Centro Fotografia', 'Museo Conte', 'Palazzo della Ragione', 'AMO']",Santa Anastasia,strategy_nearest,False,0.0015578269958496094,success
040C9F429C4C81,0,['Arena'],Tomba Giulietta,"['San Fermo', 'Museo Storia', 'Museo Lapidario', 'Museo Radio', 'Verona Tour']",San Fermo,strategy_nearest,True,0.0026302337646484375,success
040C99429C4C80,3,"['Arena', 'Museo Lapidario']",Torre Lamberti,"['Sighseeing', 'Centro Fotografia', 'Museo Conte', 'Casa Giulietta', 'Palazzo della Ragione']",Santa Anastasia,strategy_nearest,False,0.002073049545288086,success
040CAB429C4C81,3,"['Arena', 'San Fermo']",Torre Lamberti,"['Sighseeing', 'Centro Fotografia', 'Museo Conte', 'Casa Giulietta', 'Palazzo della Ragione']",Santa Anastasia,strategy_nearest,False,0.0031380653381347656,success
040CAE429C4C81,0,['Casa Giulietta'],Santa Anastasia,"['AMO', 'Museo Conte', 'Palazzo della Ragione', 'Teatro Romano', 'Centro Fotografia']",Arena,strategy_nearest,False,0.0019979476928710938,success
040CB0429C4C80,0,['Arena'],Casa Giulietta,"['Centro Fotografia', 'Sighseeing', 'Torre Lamberti', 'Museo Conte', 'Museo Radio']",Teatro Romano,strategy_nearest,False,0.0026051998138427734,success
040CAF429C4C81,0,['Arena'],Casa Giulietta,"['Centro Fotografia', 'Sighseeing', 'Torre Lamberti', 'Museo Conte', 'Museo Radio']",Teatro Romano,strategy_nearest,False,0.002553224563598633,success
040CB0429C4C81,3,"['Arena', 'Tomba Giulietta']",Casa Giulietta,"['Centro Fotografia', 'Sighseeing', 'Torre Lamberti', 'Museo Conte', 'Museo Radio']",Santa Anastasia,strategy_nearest,False,0.0031681060791015625,success
040CB3429C4C81,0,['Arena'],Castelvecchio,"['Museo Lapidario', 'Verona Tour', 'Museo Radio', 'San Zeno', 'Sighseeing']",Casa Giulietta,strategy_nearest,False,0.0010738372802734375,success
040CC0429C4C80,0,['Arena'],Castelvecchio,"['Museo Lapidario', 'Verona Tour', 'Museo Radio', 'San Zeno', 'Sighseeing']",Torre Lamberti,strategy_nearest,False,0.0030260086059570312,success
040CBF429C4C80,0,['Arena'],Torre Lamberti,"['Sighseeing', 'Centro Fotografia', 'Museo Conte', 'Casa Giulietta', 'Palazzo della Ragione']",Casa Giulietta,strategy_nearest,True,0.0022258758544921875,success
040CBE429C4C80,0,"['Arena', 'Torre Lamberti']",Duomo,"['AMO', 'Museo Miniscalchi', 'Santa Anastasia', 'Teatro Romano', 'Palazzo della Ragione']",Casa Giulietta,strategy_nearest,False,0.0029048919677734375,success
040CC1429C4C80,1,"['Castelvecchio', 'Palazzo della Ragione']",Torre Lamberti,"['Sighseeing', 'Centro Fotografia', 'Museo Conte', 'Casa Giulietta', 'AMO']",Casa Giulietta,strategy_nearest,True,0.0031828880310058594,success
040CCA3A9C4C81,0,['Arena'],Duomo,"['AMO', 'Museo Miniscalchi', 'Santa Anastasia', 'Teatro Romano', 'Palazzo della Ragione']",Casa Giulietta,strategy_nearest,False,0.003119945526123047,success
040CC63A9C4C81,0,['Tomba Giulietta'],Arena,"['Verona Tour', 'Museo Lapidario', 'Museo Radio', 'San Fermo', 'Casa Giulietta']",Casa Giulietta,strategy_nearest,True,0.0022661685943603516,success
040CC8429C4C81,3,"['Arena', 'Museo Lapidario']",Castelvecchio,"['Verona Tour', 'Museo Radio', 'San Zeno', 'Sighseeing', 'Museo Miniscalchi']",Duomo,strategy_nearest,False,0.0026900768280029297,success
040CCA429C4C81,3,"['Arena', 'Casa Giulietta', 'Torre Lamberti']",Teatro Romano,"['Santa Anastasia', 'Duomo', 'AMO', 'Palazzo della Ragione', 'Museo Conte']",Duomo,strategy_nearest,True,0.002920866012573242,success
040CDB3A9C4C81,0,['Castelvecchio'],Casa Giulietta,"['Centro Fotografia', 'Sighseeing', 'Torre Lamberti', 'Museo Conte', 'Museo Radio']",Santa Anastasia,strategy_nearest,False,0.002707958221435547,success
040CD13A9C4C81,2,"['Casa Giulietta', 'Santa Anastasia']",Torre Lamberti,"['Sighseeing', 'Centro Fotografia', 'Museo Conte', 'Palazzo della Ragione', 'AMO']",Castelvecchio,strategy_nearest,False,0.002148151397705078,success
040CE2429C4C81,3,"['Castelvecchio', 'San Zeno', 'Arena']",San Fermo,"['Museo Storia', 'Museo Radio', 'Casa Giulietta', 'Centro Fotografia', 'Sighseeing']",Casa Giulietta,strategy_nearest,True,0.003039836883544922,success
040CE33A9C4C81,3,['Arena'],Santa Anastasia,"['AMO', 'Museo Conte', 'Palazzo della Ragione', 'Teatro Romano', 'Centro Fotografia']",Teatro Romano,strategy_nearest,True,0.0026388168334960938,success
040CF1429C4C81,3,"['Castelvecchio', 'Arena']",Santa Anastasia,"['AMO', 'Museo Conte', 'Palazzo della Ragione', 'Teatro Romano', 'Centro Fotografia']",Duomo,strategy_nearest,False,0.002502918243408203,success
040CEF429C4C81,3,"['Arena', 'San Fermo', 'Casa Giulietta']",Santa Anastasia,"['AMO', 'Museo Conte', 'Palazzo della Ragione', 'Teatro Romano', 'Centro Fotografia']",Duomo,strategy_nearest,False,0.003175973892211914,success
040CE9429C4C81,0,"['Casa Giulietta', 'Casa Giulietta', 'Arena']",Castelvecchio,"['Museo Lapidario', 'Verona Tour', 'Museo Radio', 'San Zeno', 'Sighseeing']",San Zeno,strategy_nearest,True,0.002026081085205078,success
040CF33A9C4C81,3,"['Casa Giulietta', 'Santa Anastasia']",Duomo,"['AMO', 'Museo Miniscalchi', 'Teatro Romano', 'Palazzo della Ragione', 'Museo Conte']",Castelvecchio,strategy_nearest,False,0.001840829849243164,success
040CF43A9C4C81,1,"['Arena', 'Casa Giulietta']",Santa Anastasia,"['AMO', 'Museo Conte', 'Palazzo della Ragione', 'Teatro Romano', 'Centro Fotografia']",Duomo,strategy_nearest,False,0.003198862075805664,success
040CFA3A9C4C81,0,"['Arena', 'Casa Giulietta']",Teatro Romano,"['Santa Anastasia', 'Duomo', 'AMO', 'Palazzo della Ragione', 'Museo Conte']",Castelvecchio,strategy_nearest,False,0.0023648738861083984,success
040CFB3A9C4C81,3,['Arena'],Santa Anastasia,"['AMO', 'Museo Conte', 'Palazzo della Ragione', 'Teatro Romano', 'Centro Fotografia']",Duomo,strategy_nearest,False,0.003604888916015625,success
040CFF3A9C4C81,3,['Arena'],Casa Giulietta,"['Centro Fotografia', 'Sighseeing', 'Torre Lamberti', 'Museo Conte', 'Museo Radio']",Santa Anastasia,strategy_nearest,False,0.0018072128295898438,success
040CFB429C4C81,2,['Torre Lamberti'],Casa Giulietta,"['Centro Fotografia', 'Sighseeing', 'Museo Conte', 'Museo Radio', 'Palazzo della Ragione']",Santa Anastasia,strategy_nearest,False,0.0027239322662353516,success
040D31429C4C81,0,"['Castelvecchio', 'Torre Lamberti', 'Giardino Giusti']",Teatro Romano,"['Santa Anastasia', 'Duomo', 'AMO', 'Palazzo della Ragione', 'Museo Conte']",Casa Giulietta,strategy_nearest,False,0.0036580562591552734,success
040D313A9C4C81,0,['Arena'],Casa Giulietta,"['Centro Fotografia', 'Sighseeing', 'Torre Lamberti', 'Museo Conte', 'Museo Radio']",Duomo,strategy_nearest,False,0.0031778812408447266,success
040D3A3A9C4C81,1,"['Arena', 'Torre Lamberti']",Palazzo della Ragione,"['AMO', 'Museo Conte', 'Centro Fotografia', 'Sighseeing', 'Santa Anastasia']",Santa Anastasia,strategy_nearest,True,0.0024251937866210938,success
040D3B3A9C4C81,0,['Arena'],Casa Giulietta,"['Centro Fotografia', 'Sighseeing', 'Torre Lamberti', 'Museo Conte', 'Museo Radio']",Torre Lamberti,strategy_nearest,True,0.004615068435668945,success
040D354A9C4C81,1,"['Arena', 'Casa Giulietta']",Torre Lamberti,"['Sighseeing', 'Centro Fotografia', 'Museo Conte', 'Palazzo della Ragione', 'AMO']",Palazzo della Ragione,strategy_nearest,True,0.003184795379638672,success
040D384A9C4C81,2,['Castelvecchio'],Casa Giulietta,"['Centro Fotografia', 'Sighseeing', 'Torre Lamberti', 'Museo Conte', 'Museo Radio']",Duomo,strategy_nearest,False,0.003991127014160156,success
040D3C3A9C4C81,0,['Arena'],Casa Giulietta,"['Centro Fotografia', 'Sighseeing', 'Torre Lamberti', 'Museo Conte', 'Museo Radio']",Torre Lamberti,strategy_nearest,True,0.002177000045776367,success
040D413A9C4C81,0,['Arena'],Museo Lapidario,"['Verona Tour', 'Castelvecchio', 'Museo Radio', 'San Fermo', 'Casa Giulietta']",Castelvecchio,strategy_nearest,True,0.0033309459686279297,success
040D3F429C4C81,3,"['Arena', 'Casa Giulietta']",Castelvecchio,"['Museo Lapidario', 'Verona Tour', 'Museo Radio', 'San Zeno', 'Sighseeing']",Teatro Romano,strategy_nearest,False,0.0032181739807128906,success
040D403A9C4C81,1,"['Casa Giulietta', 'Torre Lamberti', 'Palazzo della Ragione']",Teatro Romano,"['Santa Anastasia', 'Duomo', 'AMO', 'Museo Conte', 'Centro Fotografia']",Duomo,strategy_nearest,True,0.004597187042236328,success
040D47429C4C81,2,"['Casa Giulietta', 'Torre Lamberti']",Santa Anastasia,"['AMO', 'Museo Conte', 'Palazzo della Ragione', 'Teatro Romano', 'Centro Fotografia']",Teatro Romano,strategy_nearest,True,0.002479076385498047,success
040D4D429C4C81,1,"['Arena', 'Castelvecchio']",Casa Giulietta,"['Centro Fotografia', 'Sighseeing', 'Torre Lamberti', 'Museo Conte', 'Museo Radio']",Torre Lamberti,strategy_nearest,True,0.0016791820526123047,success
040D56429C4C81,3,"['Arena', 'Castelvecchio', 'Casa Giulietta']",Teatro Romano,"['Santa Anastasia', 'Duomo', 'AMO', 'Palazzo della Ragione', 'Museo Conte']",Santa Anastasia,strategy_nearest,True,0.0029420852661132812,success
040D61429C4C81,1,['Arena'],Casa Giulietta,"['Centro Fotografia', 'Sighseeing', 'Torre Lamberti', 'Museo Conte', 'Museo Radio']",Palazzo della Ragione,strategy_nearest,False,0.004081249237060547,success
040D673A9C4C81,0,"['Torre Lamberti', 'Casa Giulietta']",Arena,"['Verona Tour', 'Museo Lapidario', 'Museo Radio', 'San Fermo', 'Sighseeing']",Castelvecchio,strategy_nearest,False,0.0021719932556152344,success
040D73429C4C80,3,"['Torre Lamberti', 'Casa Giulietta']",Arena,"['Verona Tour', 'Museo Lapidario', 'Museo Radio', 'San Fermo', 'Sighseeing']",Santa Anastasia,strategy_nearest,False,0.003075838088989258,success
040D7A429C4C80,3,"['Arena', 'San Fermo', 'Casa Giulietta']",Santa Anastasia,"['AMO', 'Museo Conte', 'Palazzo della Ragione', 'Teatro Romano', 'Centro Fotografia']",Duomo,strategy_nearest,False,0.0029931068420410156,success
040D793A9C4C81,3,"['Arena', 'Torre Lamberti']",Santa Anastasia,"['AMO', 'Museo Conte', 'Palazzo della Ragione', 'Teatro Romano', 'Centro Fotografia']",Duomo,strategy_nearest,False,0.0028488636016845703,success
040D813A9C4C80,0,['Arena'],Castelvecchio,"['Museo Lapidario', 'Verona Tour', 'Museo Radio', 'San Zeno', 'Sighseeing']",Casa Giulietta,strategy_nearest,False,0.0014278888702392578,success
040D82429C4C80,0,['Arena'],Santa Anastasia,"['AMO', 'Museo Conte', 'Palazzo della Ragione', 'Teatro Romano', 'Centro Fotografia']",Casa Giulietta,strategy_nearest,False,0.0024001598358154297,success
040D863A9C4C81,3,"['Castelvecchio', 'Arena']",Casa Giulietta,"['Centro Fotografia', 'Sighseeing', 'Torre Lamberti', 'Museo Conte', 'Museo Radio']",Santa Anastasia,strategy_nearest,False,0.0027968883514404297,success
040D844A9C4C80,3,['Arena'],Torre Lamberti,"['Sighseeing', 'Centro Fotografia', 'Museo Conte', 'Casa Giulietta', 'Palazzo della Ragione']",Santa Anastasia,strategy_nearest,False,0.0037508010864257812,success
040D873A9C4C80,0,['Arena'],Casa Giulietta,"['Centro Fotografia', 'Sighseeing', 'Torre Lamberti', 'Museo Conte', 'Museo Radio']",Torre Lamberti,strategy_nearest,True,0.0028030872344970703,success
040D86429C4C80,0,['Arena'],Museo Storia,"['San Fermo', 'Museo Radio', 'Casa Giulietta', 'Centro Fotografia', 'Tomba Giulietta']",Teatro Romano,strategy_nearest,False,0.0038330554962158203,success
040D883A9C4C81,3,"['San Fermo', 'Torre Lamberti']",Santa Anastasia,"['AMO', 'Museo Conte', 'Palazzo della Ragione', 'Teatro Romano', 'Centro Fotografia']",Teatro Romano,strategy_nearest,True,0.0029561519622802734,success
040D8A429C4C80,3,"['Arena', 'Tomba Giulietta']",Casa Giulietta,"['Centro Fotografia', 'Sighseeing', 'Torre Lamberti', 'Museo Conte', 'Museo Radio']",Torre Lamberti,strategy_nearest,True,0.003180980682373047,success
040D8B4A9C4C80,0,['Arena'],Casa Giulietta,"['Centro Fotografia', 'Sighseeing', 'Torre Lamberti', 'Museo Conte', 'Museo Radio']",Castelvecchio,strategy_nearest,False,0.002070903778076172,success
040D8C4A9C4C80,3,"['Castelvecchio', 'Arena']",Casa Giulietta,"['Centro Fotografia', 'Sighseeing', 'Torre Lamberti', 'Museo Conte', 'Museo Radio']",Santa Anastasia,strategy_nearest,False,0.0018987655639648438,success
040D8E4A9C4C80,1,['Arena'],Torre Lamberti,"['Sighseeing', 'Centro Fotografia', 'Museo Conte', 'Casa Giulietta', 'Palazzo della Ragione']",Palazzo della Ragione,strategy_nearest,True,0.002992868423461914,success
040D8C3A9C4C80,0,"['Teatro Romano', 'San Zeno']",Castelvecchio,"['Museo Lapidario', 'Verona Tour', 'Arena', 'Museo Radio', 'Sighseeing']",Arena,strategy_nearest,True,0.0034530162811279297,success
040D904A9C4C80,3,"['Arena', 'Torre Lamberti']",Santa Anastasia,"['AMO', 'Museo Conte', 'Palazzo della Ragione', 'Teatro Romano', 'Centro Fotografia']",Casa Giulietta,strategy_nearest,False,0.0022661685943603516,success
040D914A9C4C81,0,['Arena'],Castelvecchio,"['Museo Lapidario', 'Verona Tour', 'Museo Radio', 'San Zeno', 'Sighseeing']",San Zeno,strategy_nearest,True,0.0016281604766845703,success
040D934A9C4C81,0,"['Arena', 'Museo Lapidario']",Castelvecchio,"['Verona Tour', 'Museo Radio', 'San Zeno', 'Sighseeing', 'Museo Miniscalchi']",Torre Lamberti,strategy_nearest,False,0.0028150081634521484,success
040D99429C4C80,1,"['Arena', 'Museo Lapidario']",Casa Giulietta,"['Centro Fotografia', 'Sighseeing', 'Torre Lamberti', 'Museo Conte', 'Museo Radio']",Palazzo della Ragione,strategy_nearest,False,0.0033180713653564453,success
040D9E4A9C4C81,0,['Arena'],Casa Giulietta,"['Centro Fotografia', 'Sighseeing', 'Torre Lamberti', 'Museo Conte', 'Museo Radio']",Torre Lamberti,strategy_nearest,True,0.0019192695617675781,success
040DA0429C4C81,3,"['Museo Lapidario', 'Castelvecchio']",Santa Anastasia,"['AMO', 'Museo Conte', 'Palazzo della Ragione', 'Teatro Romano', 'Centro Fotografia']",Arena,strategy_nearest,False,0.0019240379333496094,success
040DA7429C4C81,1,"['Castelvecchio', 'Arena', 'Casa Giulietta']",Torre Lamberti,"['Sighseeing', 'Centro Fotografia', 'Museo Conte', 'Palazzo della Ragione', 'AMO']",Palazzo della Ragione,strategy_nearest,True,0.002466917037963867,success
040DAC429C4C80,3,['Arena'],Casa Giulietta,"['Centro Fotografia', 'Sighseeing', 'Torre Lamberti', 'Museo Conte', 'Museo Radio']",Santa Anastasia,strategy_nearest,False,0.0036668777465820312,success
040DAE3A9C4C81,2,['Casa Giulietta'],Palazzo della Ragione,"['AMO', 'Museo Conte', 'Torre Lamberti', 'Centro Fotografia', 'Sighseeing']",Torre Lamberti,strategy_nearest,True,0.002296924591064453,success
040DB03A9C4C80,2,['Casa Giulietta'],Santa Anastasia,"['AMO', 'Museo Conte', 'Palazzo della Ragione', 'Teatro Romano', 'Centro Fotografia']",Duomo,strategy_nearest,False,0.002707242965698242,success
040DB13A9C4C81,0,['Arena'],Castelvecchio,"['Museo Lapidario', 'Verona Tour', 'Museo Radio', 'San Zeno', 'Sighseeing']",Casa Giulietta,strategy_nearest,False,0.0033178329467773438,success
040DB1429C4C80,3,"['Arena', 'Duomo']",Castelvecchio,"['Museo Lapidario', 'Verona Tour', 'Museo Radio', 'San Zeno', 'Sighseeing']",Casa Giulietta,strategy_nearest,False,0.002724170684814453,success
040DB2429C4C81,1,"['Torre Lamberti', 'Palazzo della Ragione']",Teatro Romano,"['Santa Anastasia', 'Duomo', 'AMO', 'Museo Conte', 'Centro Fotografia']",Arena,strategy_nearest,False,0.0021102428436279297,success
040DB6429C4C81,1,"['Casa Giulietta', 'Torre Lamberti']",Palazzo della Ragione,"['AMO', 'Museo Conte', 'Centro Fotografia', 'Sighseeing', 'Santa Anastasia']",Arena,strategy_nearest,False,0.002476930618286133,success
040DB9429C4C80,2,['Casa Giulietta'],Palazzo della Ragione,"['AMO', 'Museo Conte', 'Torre Lamberti', 'Centro Fotografia', 'Sighseeing']",Castelvecchio,strategy_nearest,False,0.0038840770721435547,success
040DBE429C4C81,0,['San Zeno'],Arena,"['Verona Tour', 'Museo Lapidario', 'Museo Radio', 'San Fermo', 'Casa Giulietta']",Casa Giulietta,strategy_nearest,True,0.0038089752197265625,success
040DBD3A9C4C81,2,"['Teatro Romano', 'Santa Anastasia']",Torre Lamberti,"['Sighseeing', 'Centro Fotografia', 'Museo Conte', 'Casa Giulietta', 'Palazzo della Ragione']",Palazzo della Ragione,strategy_nearest,True,0.0034918785095214844,success
040DBC3A9C4C81,0,['Arena'],Casa Giulietta,"['Centro Fotografia', 'Sighseeing', 'Torre Lamberti', 'Museo Conte', 'Museo Radio']",Santa Anastasia,strategy_nearest,False,0.0026712417602539062,success
040DC83A9C4C80,0,['Teatro Romano'],Arena,"['Verona Tour', 'Museo Lapidario', 'Museo Radio', 'San Fermo', 'Casa Giulietta']",Casa Giulietta,strategy_nearest,True,0.0015308856964111328,success
040DCD3A9C4C81,3,"['Casa Giulietta', 'Arena', 'Museo Lapidario']",Castelvecchio,"['Verona Tour', 'Museo Radio', 'San Zeno', 'Sighseeing', 'Museo Miniscalchi']",Duomo,strategy_nearest,False,0.002568960189819336,success
040DC5429C4C80,3,"['Castelvecchio', 'Arena']",Casa Giulietta,"['Centro Fotografia', 'Sighseeing', 'Torre Lamberti', 'Museo Conte', 'Museo Radio']",Torre Lamberti,strategy_nearest,True,0.0028998851776123047,success
040DCA429C4C81,1,"['Arena', 'San Fermo']",Casa Giulietta,"['Centro Fotografia', 'Sighseeing', 'Torre Lamberti', 'Museo Conte', 'Museo Radio']",Palazzo della Ragione,strategy_nearest,False,0.0033347606658935547,success
040DD53A9C4C81,0,['Arena'],Casa Giulietta,"['Centro Fotografia', 'Sighseeing', 'Torre Lamberti', 'Museo Conte', 'Museo Radio']",Torre Lamberti,strategy_nearest,True,0.0015978813171386719,success
040DD63A9C4C81,0,['Arena'],Casa Giulietta,"['Centro Fotografia', 'Sighseeing', 'Torre Lamberti', 'Museo Conte', 'Museo Radio']",Torre Lamberti,strategy_nearest,True,0.0021402835845947266,success
040DD23A9C4C81,0,"['Arena', 'Casa Giulietta']",Duomo,"['AMO', 'Museo Miniscalchi', 'Santa Anastasia', 'Teatro Romano', 'Palazzo della Ragione']",Torre Lamberti,strategy_nearest,False,0.0034637451171875,success
040DDF429C4C81,2,"['San Zeno', 'Castelvecchio']",Santa Anastasia,"['AMO', 'Museo Conte', 'Palazzo della Ragione', 'Teatro Romano', 'Centro Fotografia']",Torre Lamberti,strategy_nearest,False,0.0032987594604492188,success
040DFF429C4C81,1,"['Casa Giulietta', 'Arena', 'Torre Lamberti']",Palazzo della Ragione,"['AMO', 'Museo Conte', 'Centro Fotografia', 'Sighseeing', 'Santa Anastasia']",Santa Anastasia,strategy_nearest,True,0.00357818603515625,success
040DF53A9C4C81,0,['Arena'],Casa Giulietta,"['Centro Fotografia', 'Sighseeing', 'Torre Lamberti', 'Museo Conte', 'Museo Radio']",Castelvecchio,strategy_nearest,False,0.001657724380493164,success
040E32429C4C81,3,"['Castelvecchio', 'Casa Giulietta', 'Torre Lamberti']",San Zeno,"['Verona Tour', 'Museo Lapidario', 'Arena', 'Museo Miniscalchi', 'Sighseeing']",Teatro Romano,strategy_nearest,False,0.0026810169219970703,success
040DFD3A9C4C81,0,['Arena'],Casa Giulietta,"['Centro Fotografia', 'Sighseeing', 'Torre Lamberti', 'Museo Conte', 'Museo Radio']",Torre Lamberti,strategy_nearest,True,0.0025200843811035156,success
040E3B3A9C4C81,3,['Arena'],Casa Giulietta,"['Centro Fotografia', 'Sighseeing', 'Torre Lamberti', 'Museo Conte', 'Museo Radio']",Torre Lamberti,strategy_nearest,True,0.0019598007202148438,success
040E383A9C4C81,0,['Casa Giulietta'],Tomba Giulietta,"['San Fermo', 'Museo Storia', 'Arena', 'Museo Lapidario', 'Museo Radio']",Arena,strategy_nearest,True,0.0028769969940185547,success
040E3D3A9C4C81,3,['Arena'],Torre Lamberti,"['Sighseeing', 'Centro Fotografia', 'Museo Conte', 'Casa Giulietta', 'Palazzo della Ragione']",Santa Anastasia,strategy_nearest,False,0.0037078857421875,success
040E4A429C4C81,3,['Arena'],Santa Anastasia,"['AMO', 'Museo Conte', 'Palazzo della Ragione', 'Teatro Romano', 'Centro Fotografia']",Duomo,strategy_nearest,False,0.0037450790405273438,success
040E4C3A9C4C81,1,"['Arena', 'Museo Lapidario', 'Casa Giulietta']",Torre Lamberti,"['Sighseeing', 'Centro Fotografia', 'Museo Conte', 'Palazzo della Ragione', 'AMO']",Palazzo della Ragione,strategy_nearest,True,0.0029518604278564453,success
040E523A9C4C81,0,['Arena'],Casa Giulietta,"['Centro Fotografia', 'Sighseeing', 'Torre Lamberti', 'Museo Conte', 'Museo Radio']",Torre Lamberti,strategy_nearest,True,0.003506898880004883,success
040E4B429C4C81,3,"['Arena', 'Casa Giulietta']",Torre Lamberti,"['Sighseeing', 'Centro Fotografia', 'Museo Conte', 'Palazzo della Ragione', 'AMO']",Santa Anastasia,strategy_nearest,False,0.0021779537200927734,success
040E4D429C4C81,0,['Arena'],Torre Lamberti,"['Sighseeing', 'Centro Fotografia', 'Museo Conte', 'Casa Giulietta', 'Palazzo della Ragione']",Casa Giulietta,strategy_nearest,True,0.0030498504638671875,success
040E5F3A9C4C81,3,"['Tomba Giulietta', 'San Zeno', 'Castelvecchio', 'San Fermo']",Casa Giulietta,"['Centro Fotografia', 'Sighseeing', 'Torre Lamberti', 'Museo Conte', 'Museo Radio']",Teatro Romano,strategy_nearest,False,0.0025129318237304688,success
040E683A9C4C81,3,"['Torre Lamberti', 'Castelvecchio']",Casa Giulietta,"['Centro Fotografia', 'Sighseeing', 'Museo Conte', 'Museo Radio', 'Palazzo della Ragione']",Arena,strategy_nearest,False,0.0033049583435058594,success
040E69429C4C81,1,['Arena'],Torre Lamberti,"['Sighseeing', 'Centro Fotografia', 'Museo Conte', 'Casa Giulietta', 'Palazzo della Ragione']",Palazzo della Ragione,strategy_nearest,True,0.005548000335693359,success
040E6D3A9C4C80,3,"['Arena', 'Tomba Giulietta']",Casa Giulietta,"['Centro Fotografia', 'Sighseeing', 'Torre Lamberti', 'Museo Conte', 'Museo Radio']",Torre Lamberti,strategy_nearest,True,0.004311084747314453,success
040E6F3A9C4C81,2,"['Castelvecchio', 'Duomo']",Santa Anastasia,"['AMO', 'Museo Conte', 'Palazzo della Ragione', 'Teatro Romano', 'Centro Fotografia']",Casa Giulietta,strategy_nearest,False,0.0016791820526123047,success
040E6F429C4C80,2,['Santa Anastasia'],Casa Giulietta,"['Centro Fotografia', 'Sighseeing', 'Torre Lamberti', 'Museo Conte', 'Museo Radio']",Tomba Giulietta,strategy_nearest,False,0.003444194793701172,success
040E6D3A9C4C81,1,['Arena'],Torre Lamberti,"['Sighseeing', 'Centro Fotografia', 'Museo Conte', 'Casa Giulietta', 'Palazzo della Ragione']",Palazzo della Ragione,strategy_nearest,True,0.0033159255981445312,success
040E703A9C4C80,0,"['Castelvecchio', 'Arena']",Casa Giulietta,"['Centro Fotografia', 'Sighseeing', 'Torre Lamberti', 'Museo Conte', 'Museo Radio']",Torre Lamberti,strategy_nearest,True,0.0041348934173583984,success
040E733A9C4C81,0,['Arena'],Castelvecchio,"['Museo Lapidario', 'Verona Tour', 'Museo Radio', 'San Zeno', 'Sighseeing']",Casa Giulietta,strategy_nearest,False,0.003493070602416992,success
040E74429C4C80,3,['Arena'],Santa Anastasia,"['AMO', 'Museo Conte', 'Palazzo della Ragione', 'Teatro Romano', 'Centro Fotografia']",Duomo,strategy_nearest,False,0.004523038864135742,success
040E763A9C4C80,1,"['Arena', 'Torre Lamberti', 'Palazzo della Ragione']",Casa Giulietta,"['Centro Fotografia', 'Sighseeing', 'Museo Conte', 'Museo Radio', 'San Fermo']",San Fermo,strategy_nearest,True,0.005147695541381836,success
040E743A9C4C80,1,"['Arena', 'Museo Lapidario']",Casa Giulietta,"['Centro Fotografia', 'Sighseeing', 'Torre Lamberti', 'Museo Conte', 'Museo Radio']",Palazzo della Ragione,strategy_nearest,False,0.005158185958862305,success
040E7E429C4C80,3,"['Arena', 'Castelvecchio']",Casa Giulietta,"['Centro Fotografia', 'Sighseeing', 'Torre Lamberti', 'Museo Conte', 'Museo Radio']",Torre Lamberti,strategy_nearest,True,0.0021140575408935547,success
040E813A9C4C80,1,"['Arena', 'Casa Giulietta']",Palazzo della Ragione,"['AMO', 'Museo Conte', 'Torre Lamberti', 'Centro Fotografia', 'Sighseeing']",Torre Lamberti,strategy_nearest,True,0.0033597946166992188,success
040E80429C4C80,0,"['Arena', 'Castelvecchio']",Casa Giulietta,"['Centro Fotografia', 'Sighseeing', 'Torre Lamberti', 'Museo Conte', 'Museo Radio']",Torre Lamberti,strategy_nearest,True,0.0028569698333740234,success
040E7F4A9C4C80,3,"['Arena', 'Castelvecchio']",San Fermo,"['Museo Storia', 'Museo Radio', 'Casa Giulietta', 'Centro Fotografia', 'Sighseeing']",Casa Giulietta,strategy_nearest,True,0.0022683143615722656,success
040E83429C4C80,3,"['Arena', 'Casa Giulietta']",Torre Lamberti,"['Sighseeing', 'Centro Fotografia', 'Museo Conte', 'Palazzo della Ragione', 'AMO']",Santa Anastasia,strategy_nearest,False,0.0015540122985839844,success
040E82429C4C81,3,"['Arena', 'Casa Giulietta']",Torre Lamberti,"['Sighseeing', 'Centro Fotografia', 'Museo Conte', 'Palazzo della Ragione', 'AMO']",Santa Anastasia,strategy_nearest,False,0.0022928714752197266,success
040E844A9C4C81,3,"['Arena', 'Torre Lamberti']",Santa Anastasia,"['AMO', 'Museo Conte', 'Palazzo della Ragione', 'Teatro Romano', 'Centro Fotografia']",Casa Giulietta,strategy_nearest,False,0.0033330917358398438,success
040E833A9C4C80,0,['Museo Lapidario'],Castelvecchio,"['Verona Tour', 'Arena', 'Museo Radio', 'San Zeno', 'Sighseeing']",Casa Giulietta,strategy_nearest,False,0.002887725830078125,success
040E873A9C4C81,0,['Arena'],Casa Giulietta,"['Centro Fotografia', 'Sighseeing', 'Torre Lamberti', 'Museo Conte', 'Museo Radio']",Duomo,strategy_nearest,False,0.0018429756164550781,success
040E873A9C4C80,3,['Arena'],Casa Giulietta,"['Centro Fotografia', 'Sighseeing', 'Torre Lamberti', 'Museo Conte', 'Museo Radio']",Torre Lamberti,strategy_nearest,True,0.0019237995147705078,success
040E8C3A9C4C81,0,"['Arena', 'Tomba Giulietta']",Casa Giulietta,"['Centro Fotografia', 'Sighseeing', 'Torre Lamberti', 'Museo Conte', 'Museo Radio']",Duomo,strategy_nearest,False,0.002635955810546875,success
040E874A9C4C81,0,['Arena'],Casa Giulietta,"['Centro Fotografia', 'Sighseeing', 'Torre Lamberti', 'Museo Conte', 'Museo Radio']",Santa Anastasia,strategy_nearest,False,0.0034902095794677734,success
040E8D429C4C80,0,['Arena'],San Fermo,"['Museo Storia', 'Museo Radio', 'Casa Giulietta', 'Centro Fotografia', 'Sighseeing']",Torre Lamberti,strategy_nearest,False,0.0025119781494140625,success
040E8D429C4C81,1,"['Arena', 'Santa Anastasia']",Duomo,"['AMO', 'Museo Miniscalchi', 'Teatro Romano', 'Palazzo della Ragione', 'Museo Conte']",Casa Giulietta,strategy_nearest,False,0.003058910369873047,success
040E924A9C4C80,0,"['Arena', 'Castelvecchio']",Torre Lamberti,"['Sighseeing', 'Centro Fotografia', 'Museo Conte', 'Casa Giulietta', 'Palazzo della Ragione']",Duomo,strategy_nearest,False,0.0017879009246826172,success
040E98429C4C80,0,['Casa Giulietta'],Castelvecchio,"['Museo Lapidario', 'Verona Tour', 'Arena', 'Museo Radio', 'San Zeno']",Arena,strategy_nearest,True,0.0027320384979248047,success
040E984A9C4C80,2,"['Palazzo della Ragione', 'Torre Lamberti']",Casa Giulietta,"['Centro Fotografia', 'Sighseeing', 'Museo Conte', 'Museo Radio', 'San Fermo']",Santa Anastasia,strategy_nearest,False,0.002744913101196289,success
040E99429C4C81,3,"['Arena', 'Santa Anastasia']",Duomo,"['AMO', 'Museo Miniscalchi', 'Teatro Romano', 'Palazzo della Ragione', 'Museo Conte']",Torre Lamberti,strategy_nearest,False,0.002405881881713867,success
040EA14A9C4C80,3,"['Castelvecchio', 'Arena']",Casa Giulietta,"['Centro Fotografia', 'Sighseeing', 'Torre Lamberti', 'Museo Conte', 'Museo Radio']",Torre Lamberti,strategy_nearest,True,0.0022127628326416016,success
040EA8429C4C80,2,['Castelvecchio'],Museo Lapidario,"['Verona Tour', 'Arena', 'Museo Radio', 'San Fermo', 'Casa Giulietta']",Torre Lamberti,strategy_nearest,False,0.0025260448455810547,success
040EA93A9C4C81,3,"['Arena', 'San Fermo']",Casa Giulietta,"['Centro Fotografia', 'Sighseeing', 'Torre Lamberti', 'Museo Conte', 'Museo Radio']",Torre Lamberti,strategy_nearest,True,0.003354787826538086,success
040EAA3A9C4C81,3,['Arena'],Casa Giulietta,"['Centro Fotografia', 'Sighseeing', 'Torre Lamberti', 'Museo Conte', 'Museo Radio']",Santa Anastasia,strategy_nearest,False,0.0020558834075927734,success
040EAB429C4C80,2,['Casa Giulietta'],Palazzo della Ragione,"['AMO', 'Museo Conte', 'Torre Lamberti', 'Centro Fotografia', 'Sighseeing']",Torre Lamberti,strategy_nearest,True,0.003059864044189453,success
040EAB429C4C81,3,"['Santa Anastasia', 'Casa Giulietta']",Arena,"['Verona Tour', 'Museo Lapidario', 'Museo Radio', 'San Fermo', 'Sighseeing']",Torre Lamberti,strategy_nearest,False,0.0016307830810546875,success
040EAE429C4C81,0,"['Arena', 'Museo Lapidario']",Castelvecchio,"['Verona Tour', 'Museo Radio', 'San Zeno', 'Sighseeing', 'Museo Miniscalchi']",Duomo,strategy_nearest,False,0.002187013626098633,success
040EB03A9C4C80,3,"['Teatro Romano', 'Duomo', 'Arena']",Castelvecchio,"['Museo Lapidario', 'Verona Tour', 'Museo Radio', 'San Zeno', 'Sighseeing']",San Zeno,strategy_nearest,True,0.002936840057373047,success
040EAE3A9C4C80,1,"['Arena', 'San Fermo']",Casa Giulietta,"['Centro Fotografia', 'Sighseeing', 'Torre Lamberti', 'Museo Conte', 'Museo Radio']",Torre Lamberti,strategy_nearest,True,0.0027818679809570312,success
040EAF429C4C81,2,['Teatro Romano'],Duomo,"['AMO', 'Museo Miniscalchi', 'Santa Anastasia', 'Palazzo della Ragione', 'Museo Conte']",Castelvecchio,strategy_nearest,False,0.0025849342346191406,success
040EB33A9C4C81,3,['Arena'],San Fermo,"['Museo Storia', 'Museo Radio', 'Casa Giulietta', 'Centro Fotografia', 'Sighseeing']",Casa Giulietta,strategy_nearest,True,0.0016300678253173828,success
040EB3429C4C81,0,['Arena'],Castelvecchio,"['Museo Lapidario', 'Verona Tour', 'Museo Radio', 'San Zeno', 'Sighseeing']",Casa Giulietta,strategy_nearest,False,0.002229928970336914,success
040EB4429C4C80,2,['Museo Lapidario'],Castelvecchio,"['Verona Tour', 'Arena', 'Museo Radio', 'San Zeno', 'Sighseeing']",Casa Giulietta,strategy_nearest,False,0.0027780532836914062,success
040EB53A9C4C80,3,"['Arena', 'Casa Giulietta']",Torre Lamberti,"['Sighseeing', 'Centro Fotografia', 'Museo Conte', 'Palazzo della Ragione', 'AMO']",Santa Anastasia,strategy_nearest,False,0.0033979415893554688,success
040EB5429C4C80,0,['Casa Giulietta'],Torre Lamberti,"['Sighseeing', 'Centro Fotografia', 'Museo Conte', 'Palazzo della Ragione', 'AMO']",Arena,strategy_nearest,False,0.0028727054595947266,success
040EBC3A9C4C81,0,['Arena'],Castelvecchio,"['Museo Lapidario', 'Verona Tour', 'Museo Radio', 'San Zeno', 'Sighseeing']",Torre Lamberti,strategy_nearest,False,0.0023720264434814453,success
040EBC3A9C4C80,3,"['Castelvecchio', 'Arena']",Casa Giulietta,"['Centro Fotografia', 'Sighseeing', 'Torre Lamberti', 'Museo Conte', 'Museo Radio']",Santa Anastasia,strategy_nearest,False,0.0025458335876464844,success
040EBE3A9C4C80,1,"['Palazzo della Ragione', 'Torre Lamberti']",Casa Giulietta,"['Centro Fotografia', 'Sighseeing', 'Museo Conte', 'Museo Radio', 'San Fermo']",Arena,strategy_nearest,False,0.0014700889587402344,success
040EBD3A9C4C81,3,"['Arena', 'Torre Lamberti', 'Casa Giulietta']",Santa Anastasia,"['AMO', 'Museo Conte', 'Palazzo della Ragione', 'Teatro Romano', 'Centro Fotografia']",Teatro Romano,strategy_nearest,True,0.003490924835205078,success
040EC1429C4C81,0,"['Arena', 'Museo Lapidario']",Casa Giulietta,"['Centro Fotografia', 'Sighseeing', 'Torre Lamberti', 'Museo Conte', 'Museo Radio']",Duomo,strategy_nearest,False,0.0027437210083007812,success
040EC23A9C4C81,3,['Arena'],Torre Lamberti,"['Sighseeing', 'Centro Fotografia', 'Museo Conte', 'Casa Giulietta', 'Palazzo della Ragione']",Santa Anastasia,strategy_nearest,False,0.0033121109008789062,success
040EC33A9C4C81,3,"['Giardino Giusti', 'Duomo']",Santa Anastasia,"['AMO', 'Museo Conte', 'Palazzo della Ragione', 'Teatro Romano', 'Centro Fotografia']",Casa Giulietta,strategy_nearest,False,0.0016429424285888672,success
040EC63A9C4C81,0,"['Arena', 'Castelvecchio']",Teatro Romano,"['Santa Anastasia', 'Duomo', 'AMO', 'Palazzo della Ragione', 'Museo Conte']",Casa Giulietta,strategy_nearest,False,0.0019779205322265625,success
040EC3429C4C80,0,['Casa Giulietta'],Arena,"['Verona Tour', 'Museo Lapidario', 'Museo Radio', 'San Fermo', 'Sighseeing']",Tomba Giulietta,strategy_nearest,False,0.0034699440002441406,success
040EC6429C4C81,0,['Arena'],Casa Giulietta,"['Centro Fotografia', 'Sighseeing', 'Torre Lamberti', 'Museo Conte', 'Museo Radio']",Torre Lamberti,strategy_nearest,True,0.002664804458618164,success
040EC83A9C4C80,1,"['Arena', 'Casa Giulietta']",Torre Lamberti,"['Sighseeing', 'Centro Fotografia', 'Museo Conte', 'Palazzo della Ragione', 'AMO']",Palazzo della Ragione,strategy_nearest,True,0.002437114715576172,success
040ECB3A9C4C80,3,['Arena'],Casa Giulietta,"['Centro Fotografia', 'Sighseeing', 'Torre Lamberti', 'Museo Conte', 'Museo Radio']",Santa Anastasia,strategy_nearest,False,0.002460002899169922,success
040ED73A9C4C81,0,['Arena'],Castelvecchio,"['Museo Lapidario', 'Verona Tour', 'Museo Radio', 'San Zeno', 'Sighseeing']",Casa Giulietta,strategy_nearest,False,0.002490997314453125,success
040ECE429C4C81,3,['Arena'],Santa Anastasia,"['AMO', 'Museo Conte', 'Palazzo della Ragione', 'Teatro Romano', 'Centro Fotografia']",Duomo,strategy_nearest,False,0.0032613277435302734,success
040EE9429C4C81,1,"['Casa Giulietta', 'Santa Anastasia', 'Arena', 'San Fermo']",Torre Lamberti,"['Sighseeing', 'Centro Fotografia', 'Museo Conte', 'Palazzo della Ragione', 'AMO']",Palazzo della Ragione,strategy_nearest,True,0.0023031234741210938,success
040EF73A9C4C81,2,"['Casa Giulietta', 'Torre Lamberti']",Palazzo della Ragione,"['AMO', 'Museo Conte', 'Centro Fotografia', 'Sighseeing', 'Santa Anastasia']",Santa Anastasia,strategy_nearest,True,0.001878976821899414,success
040F033A9C4C85,1,"['Arena', 'Casa Giulietta']",Torre Lamberti,"['Sighseeing', 'Centro Fotografia', 'Museo Conte', 'Palazzo della Ragione', 'AMO']",Palazzo della Ragione,strategy_nearest,True,0.002721071243286133,success
040EFB3A9C4C81,0,['Arena'],Casa Giulietta,"['Centro Fotografia', 'Sighseeing', 'Torre Lamberti', 'Museo Conte', 'Museo Radio']",Torre Lamberti,strategy_nearest,True,0.002093076705932617,success
040F33429C4C81,3,"['Castelvecchio', 'Casa Giulietta', 'Tomba Giulietta', 'Arena']",Museo Lapidario,"['Verona Tour', 'Museo Radio', 'San Fermo', 'Sighseeing', 'Torre Lamberti']",Teatro Romano,strategy_nearest,False,0.0031070709228515625,success
040F343A9C4C81,0,['Arena'],Giardino Giusti,"['Santa Anastasia', 'Teatro Romano', 'Museo Conte', 'Centro Fotografia', 'Museo Storia']",Torre Lamberti,strategy_nearest,False,0.002206087112426758,success
040F353A9C4C81,1,"['Arena', 'Castelvecchio']",Casa Giulietta,"['Centro Fotografia', 'Sighseeing', 'Torre Lamberti', 'Museo Conte', 'Museo Radio']",Torre Lamberti,strategy_nearest,True,0.002137899398803711,success
040F4A429C4C81,3,['Arena'],Casa Giulietta,"['Centro Fotografia', 'Sighseeing', 'Torre Lamberti', 'Museo Conte', 'Museo Radio']",Santa Anastasia,strategy_nearest,False,0.003324747085571289,success
040F3F429C4C81,0,['Tomba Giulietta'],Castelvecchio,"['Museo Lapidario', 'Verona Tour', 'Arena', 'Museo Radio', 'San Zeno']",Arena,strategy_nearest,True,0.002747058868408203,success
040F523A9C4C81,3,"['Arena', 'Santa Anastasia']",Duomo,"['AMO', 'Museo Miniscalchi', 'Teatro Romano', 'Palazzo della Ragione', 'Museo Conte']",Castelvecchio,strategy_nearest,False,0.002331972122192383,success
040F58429C4C81,2,['Casa Giulietta'],Palazzo della Ragione,"['AMO', 'Museo Conte', 'Torre Lamberti', 'Centro Fotografia', 'Sighseeing']",Torre Lamberti,strategy_nearest,True,0.0025179386138916016,success
040F53429C4C81,3,"['Arena', 'Duomo', 'Santa Anastasia']",Torre Lamberti,"['Sighseeing', 'Centro Fotografia', 'Museo Conte', 'Casa Giulietta', 'Palazzo della Ragione']",Casa Giulietta,strategy_nearest,True,0.002680063247680664,success
040F63429C4C81,0,"['Arena', 'Castelvecchio']",San Fermo,"['Museo Storia', 'Museo Radio', 'Casa Giulietta', 'Centro Fotografia', 'Sighseeing']",Giardino Giusti,strategy_nearest,False,0.0018529891967773438,success
040F6B429C4C80,2,"['Casa Giulietta', 'San Fermo', 'Museo Lapidario']",Castelvecchio,"['Verona Tour', 'Arena', 'Museo Radio', 'San Zeno', 'Sighseeing']",Torre Lamberti,strategy_nearest,False,0.002952098846435547,success
040F71429C4C80,3,"['Arena', 'Torre Lamberti']",Casa Giulietta,"['Centro Fotografia', 'Sighseeing', 'Museo Conte', 'Museo Radio', 'Palazzo della Ragione']",Santa Anastasia,strategy_nearest,False,0.0018150806427001953,success
040F6D429C4C80,0,['Casa Giulietta'],Santa Anastasia,"['AMO', 'Museo Conte', 'Palazzo della Ragione', 'Teatro Romano', 'Centro Fotografia']",Castelvecchio,strategy_nearest,False,0.0026149749755859375,success
040F723A9C4C80,1,['Arena'],Torre Lamberti,"['Sighseeing', 'Centro Fotografia', 'Museo Conte', 'Casa Giulietta', 'Palazzo della Ragione']",Palazzo della Ragione,strategy_nearest,True,0.003103017807006836,success
040F733A9C4C80,0,['Arena'],Casa Giulietta,"['Centro Fotografia', 'Sighseeing', 'Torre Lamberti', 'Museo Conte', 'Museo Radio']",Castelvecchio,strategy_nearest,False,0.001786947250366211,success
040F743A9C4C80,2,"['Castelvecchio', 'San Zeno']",Torre Lamberti,"['Sighseeing', 'Centro Fotografia', 'Museo Conte', 'Casa Giulietta', 'Palazzo della Ragione']",Duomo,strategy_nearest,False,0.002145051956176758,success
040F854A9C4C81,3,['Arena'],Castelvecchio,"['Museo Lapidario', 'Verona Tour', 'Museo Radio', 'San Zeno', 'Sighseeing']",Torre Lamberti,strategy_nearest,False,0.0021791458129882812,success
040F7A429C4C80,0,['Arena'],Casa Giulietta,"['Centro Fotografia', 'Sighseeing', 'Torre Lamberti', 'Museo Conte', 'Museo Radio']",Santa Anastasia,strategy_nearest,False,0.002032041549682617,success
040F83429C4C80,3,"['Arena', 'Casa Giulietta']",Santa Anastasia,"['AMO', 'Museo Conte', 'Palazzo della Ragione', 'Teatro Romano', 'Centro Fotografia']",Teatro Romano,strategy_nearest,True,0.0035619735717773438,success
040F8A3A9C4C81,0,['Castelvecchio'],Casa Giulietta,"['Centro Fotografia', 'Sighseeing', 'Torre Lamberti', 'Museo Conte', 'Museo Radio']",Arena,strategy_nearest,False,0.0031099319458007812,success
040F864A9C4C80,2,"['San Fermo', 'Casa Giulietta']",Santa Anastasia,"['AMO', 'Museo Conte', 'Palazzo della Ragione', 'Teatro Romano', 'Centro Fotografia']",Duomo,strategy_nearest,False,0.0042569637298583984,success
040F8A4A9C4C81,3,['Arena'],Casa Giulietta,"['Centro Fotografia', 'Sighseeing', 'Torre Lamberti', 'Museo Conte', 'Museo Radio']",Santa Anastasia,strategy_nearest,False,0.002637147903442383,success
040F8D4A9C4C80,1,"['Santa Anastasia', 'Duomo', 'Palazzo della Ragione', 'Torre Lamberti']",Casa Giulietta,"['Centro Fotografia', 'Sighseeing', 'Museo Conte', 'Museo Radio', 'San Fermo']",Arena,strategy_nearest,False,0.003348112106323242,success
040F93429C4C81,1,['Arena'],Casa Giulietta,"['Centro Fotografia', 'Sighseeing', 'Torre Lamberti', 'Museo Conte', 'Museo Radio']",Palazzo della Ragione,strategy_nearest,False,0.0012903213500976562,success
040F903A9C4C81,3,"['Arena', 'Torre Lamberti']",Santa Anastasia,"['AMO', 'Museo Conte', 'Palazzo della Ragione', 'Teatro Romano', 'Centro Fotografia']",Duomo,strategy_nearest,False,0.002562999725341797,success
040F99429C4C80,0,['Arena'],San Zeno,"['Castelvecchio', 'Verona Tour', 'Museo Lapidario', 'Museo Miniscalchi', 'Sighseeing']",Torre Lamberti,strategy_nearest,False,0.0020520687103271484,success
040F944A9C4C81,2,['San Fermo'],Santa Anastasia,"['AMO', 'Museo Conte', 'Palazzo della Ragione', 'Teatro Romano', 'Centro Fotografia']",Duomo,strategy_nearest,False,0.0033159255981445312,success
040FA14A9C4C81,0,"['Arena', 'Castelvecchio']",Torre Lamberti,"['Sighseeing', 'Centro Fotografia', 'Museo Conte', 'Casa Giulietta', 'Palazzo della Ragione']",Casa Giulietta,strategy_nearest,True,0.0027227401733398438,success
040FA24A9C4C80,0,['Arena'],Casa Giulietta,"['Centro Fotografia', 'Sighseeing', 'Torre Lamberti', 'Museo Conte', 'Museo Radio']",Teatro Romano,strategy_nearest,False,0.0028710365295410156,success
040FAB429C4C81,3,"['Arena', 'Torre Lamberti', 'Casa Giulietta']",Santa Anastasia,"['AMO', 'Museo Conte', 'Palazzo della Ragione', 'Teatro Romano', 'Centro Fotografia']",Teatro Romano,strategy_nearest,True,0.0014300346374511719,success
040FAA429C4C80,3,"['Castelvecchio', 'Arena']",Casa Giulietta,"['Centro Fotografia', 'Sighseeing', 'Torre Lamberti', 'Museo Conte', 'Museo Radio']",Santa Anastasia,strategy_nearest,False,0.0026619434356689453,success
040FAB4A9C4C80,3,['Arena'],Santa Anastasia,"['AMO', 'Museo Conte', 'Palazzo della Ragione', 'Teatro Romano', 'Centro Fotografia']",Duomo,strategy_nearest,False,0.0026390552520751953,success
040FAC429C4C80,0,['Arena'],Casa Giulietta,"['Centro Fotografia', 'Sighseeing', 'Torre Lamberti', 'Museo Conte', 'Museo Radio']",Castelvecchio,strategy_nearest,False,0.002794981002807617,success
040FAE429C4C81,0,['Arena'],Casa Giulietta,"['Centro Fotografia', 'Sighseeing', 'Torre Lamberti', 'Museo Conte', 'Museo Radio']",Tomba Giulietta,strategy_nearest,False,0.0020971298217773438,success
040FB0429C4C81,0,['Casa Giulietta'],Torre Lamberti,"['Sighseeing', 'Centro Fotografia', 'Museo Conte', 'Palazzo della Ragione', 'AMO']",Arena,strategy_nearest,False,0.0024261474609375,success
040FAEBA7B3F81,0,['Arena'],Castelvecchio,"['Museo Lapidario', 'Verona Tour', 'Museo Radio', 'San Zeno', 'Sighseeing']",Teatro Romano,strategy_nearest,False,0.0019481182098388672,success
040FB1429C4C81,0,['Arena'],Castelvecchio,"['Museo Lapidario', 'Verona Tour', 'Museo Radio', 'San Zeno', 'Sighseeing']",Casa Giulietta,strategy_nearest,False,0.003027200698852539,success
040FB5429C4C80,0,['Torre Lamberti'],Arena,"['Verona Tour', 'Museo Lapidario', 'Museo Radio', 'San Fermo', 'Casa Giulietta']",Castelvecchio,strategy_nearest,False,0.0021970272064208984,success
040FB93A9C4C81,2,['Castelvecchio'],Casa Giulietta,"['Centro Fotografia', 'Sighseeing', 'Torre Lamberti', 'Museo Conte', 'Museo Radio']",Teatro Romano,strategy_nearest,False,0.0021109580993652344,success
040FB7429C4C81,0,['Casa Giulietta'],Arena,"['Verona Tour', 'Museo Lapidario', 'Museo Radio', 'San Fermo', 'Sighseeing']",Giardino Giusti,strategy_nearest,False,0.0027000904083251953,success
040FBD429C4C81,0,['Arena'],Casa Giulietta,"['Centro Fotografia', 'Sighseeing', 'Torre Lamberti', 'Museo Conte', 'Museo Radio']",Santa Anastasia,strategy_nearest,False,0.0031533241271972656,success
040FC2429C4C81,0,['Casa Giulietta'],Arena,"['Verona Tour', 'Museo Lapidario', 'Museo Radio', 'San Fermo', 'Sighseeing']",Torre Lamberti,strategy_nearest,False,0.0012691020965576172,success
040FC13A9C4C80,0,['Arena'],Casa Giulietta,"['Centro Fotografia', 'Sighseeing', 'Torre Lamberti', 'Museo Conte', 'Museo Radio']",Duomo,strategy_nearest,False,0.0027251243591308594,success
040FC53A9C4C80,3,"['Arena', 'Santa Anastasia']",Giardino Giusti,"['Teatro Romano', 'Museo Conte', 'Centro Fotografia', 'Museo Storia', 'AMO']",Teatro Romano,strategy_nearest,True,0.003239870071411133,success
040FC4429C4C81,1,"['Arena', 'Castelvecchio']",Duomo,"['AMO', 'Museo Miniscalchi', 'Santa Anastasia', 'Teatro Romano', 'Palazzo della Ragione']",Casa Giulietta,strategy_nearest,False,0.002707242965698242,success
040FC5429C4C81,1,"['Casa Giulietta', 'Palazzo della Ragione', 'Torre Lamberti']",Duomo,"['AMO', 'Museo Miniscalchi', 'Santa Anastasia', 'Teatro Romano', 'Museo Conte']",Arena,strategy_nearest,False,0.0024521350860595703,success
040FC93A9C4C80,2,['Casa Giulietta'],Teatro Romano,"['Santa Anastasia', 'Duomo', 'AMO', 'Palazzo della Ragione', 'Museo Conte']",Torre Lamberti,strategy_nearest,False,0.002232074737548828,success
040FCC3A9C4C80,1,"['Castelvecchio', 'Torre Lamberti']",Palazzo della Ragione,"['AMO', 'Museo Conte', 'Centro Fotografia', 'Sighseeing', 'Santa Anastasia']",Casa Giulietta,strategy_nearest,False,0.002666950225830078,success
040FCA429C4C80,0,['Teatro Romano'],Duomo,"['AMO', 'Museo Miniscalchi', 'Santa Anastasia', 'Palazzo della Ragione', 'Museo Conte']",Casa Giulietta,strategy_nearest,False,0.00339508056640625,success
040FCE3A9C4C81,3,['Arena'],Torre Lamberti,"['Sighseeing', 'Centro Fotografia', 'Museo Conte', 'Casa Giulietta', 'Palazzo della Ragione']",Santa Anastasia,strategy_nearest,False,0.0017821788787841797,success
040FCE3A9C4C80,2,['Casa Giulietta'],Torre Lamberti,"['Sighseeing', 'Centro Fotografia', 'Museo Conte', 'Palazzo della Ragione', 'AMO']",Castelvecchio,strategy_nearest,False,0.003635883331298828,success
040FD53A9C4C81,0,['Castelvecchio'],Arena,"['Verona Tour', 'Museo Lapidario', 'Museo Radio', 'San Fermo', 'Casa Giulietta']",Teatro Romano,strategy_nearest,False,0.0024557113647460938,success
040FD93A9C4C81,1,"['Arena', 'Palazzo della Ragione']",Torre Lamberti,"['Sighseeing', 'Centro Fotografia', 'Museo Conte', 'Casa Giulietta', 'AMO']",Casa Giulietta,strategy_nearest,True,0.0032749176025390625,success
040FDB429C4C81,3,"['Arena', 'Casa Giulietta', 'Torre Lamberti']",Santa Anastasia,"['AMO', 'Museo Conte', 'Palazzo della Ragione', 'Teatro Romano', 'Centro Fotografia']",Teatro Romano,strategy_nearest,True,0.002741098403930664,success
040FEA3A9C4C81,2,['Santa Anastasia'],Duomo,"['AMO', 'Museo Miniscalchi', 'Teatro Romano', 'Palazzo della Ragione', 'Museo Conte']",Torre Lamberti,strategy_nearest,False,0.0033457279205322266,success
040FEF3A9C4C81,1,"['Arena', 'Casa Giulietta']",Torre Lamberti,"['Sighseeing', 'Centro Fotografia', 'Museo Conte', 'Palazzo della Ragione', 'AMO']",Palazzo della Ragione,strategy_nearest,True,0.0023589134216308594,success
040FF43A9C4C81,1,"['Arena', 'Torre Lamberti']",Palazzo della Ragione,"['AMO', 'Museo Conte', 'Centro Fotografia', 'Sighseeing', 'Santa Anastasia']",Casa Giulietta,strategy_nearest,False,0.0028793811798095703,success
0410033A9C4C85,3,"['Arena', 'San Fermo']",Casa Giulietta,"['Centro Fotografia', 'Sighseeing', 'Torre Lamberti', 'Museo Conte', 'Museo Radio']",Torre Lamberti,strategy_nearest,True,0.002292156219482422,success
041037429C4C81,0,"['Arena', 'Casa Giulietta']",Teatro Romano,"['Santa Anastasia', 'Duomo', 'AMO', 'Palazzo della Ragione', 'Museo Conte']",Duomo,strategy_nearest,True,0.002651214599609375,success
04103A429C4C81,0,"['Arena', 'Castelvecchio']",Casa Giulietta,"['Centro Fotografia', 'Sighseeing', 'Torre Lamberti', 'Museo Conte', 'Museo Radio']",Torre Lamberti,strategy_nearest,True,0.003033161163330078,success
04103B3A9C4C81,0,['Arena'],Casa Giulietta,"['Centro Fotografia', 'Sighseeing', 'Torre Lamberti', 'Museo Conte', 'Museo Radio']",Castelvecchio,strategy_nearest,False,0.003368854522705078,success
04103E3A9C4C81,1,"['Arena', 'Casa Giulietta']",Torre Lamberti,"['Sighseeing', 'Centro Fotografia', 'Museo Conte', 'Palazzo della Ragione', 'AMO']",Palazzo della Ragione,strategy_nearest,True,0.0029401779174804688,success
041051429C4C81,3,"['Arena', 'Casa Giulietta', 'Torre Lamberti']",Santa Anastasia,"['AMO', 'Museo Conte', 'Palazzo della Ragione', 'Teatro Romano', 'Centro Fotografia']",Duomo,strategy_nearest,False,0.0028390884399414062,success
0410553A9C4C81,3,['Arena'],Casa Giulietta,"['Centro Fotografia', 'Sighseeing', 'Torre Lamberti', 'Museo Conte', 'Museo Radio']",Santa Anastasia,strategy_nearest,False,0.0024979114532470703,success
0410543A9C4C81,1,"['Arena', 'Casa Giulietta']",Torre Lamberti,"['Sighseeing', 'Centro Fotografia', 'Museo Conte', 'Palazzo della Ragione', 'AMO']",Palazzo della Ragione,strategy_nearest,True,0.002565145492553711,success
04106C429C4C81,0,"['Arena', 'Museo Lapidario']",Castelvecchio,"['Verona Tour', 'Museo Radio', 'San Zeno', 'Sighseeing', 'Museo Miniscalchi']",Casa Giulietta,strategy_nearest,False,0.001760721206665039,success
04106C429C4C80,0,['Arena'],Casa Giulietta,"['Centro Fotografia', 'Sighseeing', 'Torre Lamberti', 'Museo Conte', 'Museo Radio']",Tomba Giulietta,strategy_nearest,False,0.002427816390991211,success
04106E429C4C81,3,"['Arena', 'Castelvecchio']",Santa Anastasia,"['AMO', 'Museo Conte', 'Palazzo della Ragione', 'Teatro Romano', 'Centro Fotografia']",Duomo,strategy_nearest,False,0.0026459693908691406,success
0410733A9C4C80,3,"['Arena', 'Casa Giulietta']",Santa Anastasia,"['AMO', 'Museo Conte', 'Palazzo della Ragione', 'Teatro Romano', 'Centro Fotografia']",Duomo,strategy_nearest,False,0.003117799758911133,success
041074429C4C81,3,"['Arena', 'San Fermo']",Casa Giulietta,"['Centro Fotografia', 'Sighseeing', 'Torre Lamberti', 'Museo Conte', 'Museo Radio']",Torre Lamberti,strategy_nearest,True,0.0031969547271728516,success
041073429C4C81,0,['Arena'],Casa Giulietta,"['Centro Fotografia', 'Sighseeing', 'Torre Lamberti', 'Museo Conte', 'Museo Radio']",Torre Lamberti,strategy_nearest,True,0.0024499893188476562,success
0410753A9C4C81,3,"['Arena', 'Torre Lamberti']",Duomo,"['AMO', 'Museo Miniscalchi', 'Santa Anastasia', 'Teatro Romano', 'Palazzo della Ragione']",Teatro Romano,strategy_nearest,True,0.0026159286499023438,success
04107B4A9C4C81,3,"['Arena', 'Castelvecchio', 'Casa Giulietta']",Torre Lamberti,"['Sighseeing', 'Centro Fotografia', 'Museo Conte', 'Palazzo della Ragione', 'AMO']",Santa Anastasia,strategy_nearest,False,0.0024766921997070312,success
041084429C4C81,0,['Arena'],Casa Giulietta,"['Centro Fotografia', 'Sighseeing', 'Torre Lamberti', 'Museo Conte', 'Museo Radio']",Torre Lamberti,strategy_nearest,True,0.002413034439086914,success
0410813A9C4C81,3,"['Arena', 'Torre Lamberti']",Santa Anastasia,"['AMO', 'Museo Conte', 'Palazzo della Ragione', 'Teatro Romano', 'Centro Fotografia']",San Zeno,strategy_nearest,False,0.0032448768615722656,success
04108C429C4C81,3,['Arena'],Santa Anastasia,"['AMO', 'Museo Conte', 'Palazzo della Ragione', 'Teatro Romano', 'Centro Fotografia']",Torre Lamberti,strategy_nearest,False,0.002651691436767578,success
04108D4A9C4C80,3,"['Santa Anastasia', 'Torre Lamberti']",Casa Giulietta,"['Centro Fotografia', 'Sighseeing', 'Museo Conte', 'Museo Radio', 'Palazzo della Ragione']",Arena,strategy_nearest,False,0.0033369064331054688,success
04108E3A9C4C81,3,"['Torre Lamberti', 'Arena', 'Castelvecchio', 'Casa Giulietta']",Santa Anastasia,"['AMO', 'Museo Conte', 'Palazzo della Ragione', 'Teatro Romano', 'Centro Fotografia']",Duomo,strategy_nearest,False,0.0028111934661865234,success
041090429C4C80,0,['Arena'],Torre Lamberti,"['Sighseeing', 'Centro Fotografia', 'Museo Conte', 'Casa Giulietta', 'Palazzo della Ragione']",Casa Giulietta,strategy_nearest,True,0.002958059310913086,success
04108E429C4C81,0,['Arena'],Teatro Romano,"['Santa Anastasia', 'Duomo', 'AMO', 'Palazzo della Ragione', 'Museo Conte']",Casa Giulietta,strategy_nearest,False,0.002584695816040039,success
041092429C4C80,1,"['Arena', 'Casa Giulietta', 'Torre Lamberti']",Palazzo della Ragione,"['AMO', 'Museo Conte', 'Centro Fotografia', 'Sighseeing', 'Santa Anastasia']",Santa Anastasia,strategy_nearest,True,0.0014891624450683594,success
041092429C4C81,3,"['Arena', 'San Zeno']",Duomo,"['AMO', 'Museo Miniscalchi', 'Santa Anastasia', 'Teatro Romano', 'Palazzo della Ragione']",Casa Giulietta,strategy_nearest,False,0.0020470619201660156,success
0410994A9C4C81,1,"['Arena', 'Casa Giulietta', 'Torre Lamberti']",Palazzo della Ragione,"['AMO', 'Museo Conte', 'Centro Fotografia', 'Sighseeing', 'Santa Anastasia']",Santa Anastasia,strategy_nearest,True,0.0025081634521484375,success
04109A429C4C81,0,['Arena'],Torre Lamberti,"['Sighseeing', 'Centro Fotografia', 'Museo Conte', 'Casa Giulietta', 'Palazzo della Ragione']",Castelvecchio,strategy_nearest,False,0.0029973983764648438,success
0410AD429C4C81,0,['Arena'],Torre Lamberti,"['Sighseeing', 'Centro Fotografia', 'Museo Conte', 'Casa Giulietta', 'Palazzo della Ragione']",Teatro Romano,strategy_nearest,False,0.0016908645629882812,success
0410A54A9C4C80,0,['Arena'],Casa Giulietta,"['Centro Fotografia', 'Sighseeing', 'Torre Lamberti', 'Museo Conte', 'Museo Radio']",Torre Lamberti,strategy_nearest,True,0.001767873764038086,success
0410B0429C4C81,0,"['Castelvecchio', 'Casa Giulietta']",Arena,"['Verona Tour', 'Museo Lapidario', 'Museo Radio', 'San Fermo', 'Sighseeing']",Tomba Giulietta,strategy_nearest,False,0.002686023712158203,success
0410B1429C4C80,3,"['Arena', 'Casa Giulietta']",Torre Lamberti,"['Sighseeing', 'Centro Fotografia', 'Museo Conte', 'Palazzo della Ragione', 'AMO']",Santa Anastasia,strategy_nearest,False,0.0024030208587646484,success
0410B23A9C4C80,0,['Arena'],Casa Giulietta,"['Centro Fotografia', 'Sighseeing', 'Torre Lamberti', 'Museo Conte', 'Museo Radio']",Torre Lamberti,strategy_nearest,True,0.002474069595336914,success
0410B33A9C4C80,0,['Arena'],Casa Giulietta,"['Centro Fotografia', 'Sighseeing', 'Torre Lamberti', 'Museo Conte', 'Museo Radio']",Torre Lamberti,strategy_nearest,True,0.0027120113372802734,success
0410B2429C4C80,3,"['Arena', 'Casa Giulietta']",Teatro Romano,"['Santa Anastasia', 'Duomo', 'AMO', 'Palazzo della Ragione', 'Museo Conte']",Duomo,strategy_nearest,True,0.003340005874633789,success
0410B43A9C4C81,0,['Arena'],Castelvecchio,"['Museo Lapidario', 'Verona Tour', 'Museo Radio', 'San Zeno', 'Sighseeing']",Giardino Giusti,strategy_nearest,False,0.0032660961151123047,success
0410B73A9C4C81,0,['Arena'],Castelvecchio,"['Museo Lapidario', 'Verona Tour', 'Museo Radio', 'San Zeno', 'Sighseeing']",Teatro Romano,strategy_nearest,False,0.002212047576904297,success
0410B8429C4C81,2,['Castelvecchio'],Museo Lapidario,"['Verona Tour', 'Arena', 'Museo Radio', 'San Fermo', 'Casa Giulietta']",Torre Lamberti,strategy_nearest,False,0.002405881881713867,success
0410BC3A9C4C80,0,"['Arena', 'Casa Giulietta']",Torre Lamberti,"['Sighseeing', 'Centro Fotografia', 'Museo Conte', 'Palazzo della Ragione', 'AMO']",Duomo,strategy_nearest,False,0.0025510787963867188,success
0410BD3A9C4C80,0,"['Casa Giulietta', 'Teatro Romano']",Castelvecchio,"['Museo Lapidario', 'Verona Tour', 'Arena', 'Museo Radio', 'San Zeno']",Torre Lamberti,strategy_nearest,False,0.0025920867919921875,success
0410C0429C4C80,1,"['Casa Giulietta', 'Torre Lamberti', 'Palazzo della Ragione']",Teatro Romano,"['Santa Anastasia', 'Duomo', 'AMO', 'Museo Conte', 'Centro Fotografia']",Arena,strategy_nearest,False,0.0024788379669189453,success
0410C33A9C4C80,3,['Torre Lamberti'],Santa Anastasia,"['AMO', 'Museo Conte', 'Palazzo della Ragione', 'Teatro Romano', 'Centro Fotografia']",Arena,strategy_nearest,False,0.002405881881713867,success
0410C53A9C4C80,3,"['Arena', 'Castelvecchio']",Santa Anastasia,"['AMO', 'Museo Conte', 'Palazzo della Ragione', 'Teatro Romano', 'Centro Fotografia']",Duomo,strategy_nearest,False,0.002402067184448242,success
0410C73A9C4C80,2,"['Tomba Giulietta', 'Palazzo della Ragione']",Casa Giulietta,"['Centro Fotografia', 'Sighseeing', 'Torre Lamberti', 'Museo Conte', 'Museo Radio']",Santa Anastasia,strategy_nearest,False,0.0025129318237304688,success
0410CB3A9C4C81,0,['Arena'],Casa Giulietta,"['Centro Fotografia', 'Sighseeing', 'Torre Lamberti', 'Museo Conte', 'Museo Radio']",Castelvecchio,strategy_nearest,False,0.002637147903442383,success
0410C7429C4C81,0,['Arena'],Casa Giulietta,"['Centro Fotografia', 'Sighseeing', 'Torre Lamberti', 'Museo Conte', 'Museo Radio']",Torre Lamberti,strategy_nearest,True,0.0025720596313476562,success
0410CC3A9C4C81,3,['Castelvecchio'],Arena,"['Verona Tour', 'Museo Lapidario', 'Museo Radio', 'San Fermo', 'Casa Giulietta']",Duomo,strategy_nearest,False,0.0021581649780273438,success
0410E13A9C4C81,0,"['Tomba Giulietta', 'Arena']",Castelvecchio,"['Museo Lapidario', 'Verona Tour', 'Museo Radio', 'San Zeno', 'Sighseeing']",Teatro Romano,strategy_nearest,False,0.0016269683837890625,success
0410E73A9C4C81,4,"['Tomba Giulietta', 'Museo Radio']",Casa Giulietta,"['Centro Fotografia', 'Sighseeing', 'Torre Lamberti', 'Museo Conte', 'Palazzo della Ragione']",Torre Lamberti,strategy_nearest,True,0.0019431114196777344,success
0410E33A9C4C81,0,['Arena'],Torre Lamberti,"['Sighseeing', 'Centro Fotografia', 'Museo Conte', 'Casa Giulietta', 'Palazzo della Ragione']",Giardino Giusti,strategy_nearest,False,0.002719879150390625,success
0410EB3A9C4C81,1,"['Arena', 'Casa Giulietta']",Torre Lamberti,"['Sighseeing', 'Centro Fotografia', 'Museo Conte', 'Palazzo della Ragione', 'AMO']",Palazzo della Ragione,strategy_nearest,True,0.002515077590942383,success
0410F43A9C4C81,0,['Arena'],Torre Lamberti,"['Sighseeing', 'Centro Fotografia', 'Museo Conte', 'Casa Giulietta', 'Palazzo della Ragione']",Duomo,strategy_nearest,False,0.0023279190063476562,success
0410F8429C4C81,3,"['San Zeno', 'Castelvecchio', 'Arena']",Torre Lamberti,"['Sighseeing', 'Centro Fotografia', 'Museo Conte', 'Casa Giulietta', 'Palazzo della Ragione']",Duomo,strategy_nearest,False,0.0019769668579101562,success
0410F93A9C4C81,0,['Arena'],Castelvecchio,"['Museo Lapidario', 'Verona Tour', 'Museo Radio', 'San Zeno', 'Sighseeing']",Casa Giulietta,strategy_nearest,False,0.003328084945678711,success
0410F5429C4C81,1,"['Castelvecchio', 'San Zeno', 'Arena']",Casa Giulietta,"['Centro Fotografia', 'Sighseeing', 'Torre Lamberti', 'Museo Conte', 'Museo Radio']",Palazzo della Ragione,strategy_nearest,False,0.003354310989379883,success
041100429C4C85,2,"['Casa Giulietta', 'San Fermo']",Castelvecchio,"['Museo Lapidario', 'Verona Tour', 'Arena', 'Museo Radio', 'San Zeno']",Duomo,strategy_nearest,False,0.002341032028198242,success
041138429C4C81,2,['Palazzo della Ragione'],Torre Lamberti,"['Sighseeing', 'Centro Fotografia', 'Museo Conte', 'Casa Giulietta', 'AMO']",Tomba Giulietta,strategy_nearest,False,0.0023386478424072266,success
04113B429C4C81,2,"['San Fermo', 'Casa Giulietta']",Torre Lamberti,"['Sighseeing', 'Centro Fotografia', 'Museo Conte', 'Palazzo della Ragione', 'AMO']",Santa Anastasia,strategy_nearest,False,0.0028429031372070312,success
04114D3A9C4C81,0,['Arena'],Casa Giulietta,"['Centro Fotografia', 'Sighseeing', 'Torre Lamberti', 'Museo Conte', 'Museo Radio']",Castelvecchio,strategy_nearest,False,0.0027582645416259766,success
04113EA28C3681,2,['Castelvecchio'],Santa Anastasia,"['AMO', 'Museo Conte', 'Palazzo della Ragione', 'Teatro Romano', 'Centro Fotografia']",Duomo,strategy_nearest,False,0.0016012191772460938,success
041154429C4C81,1,"['Arena', 'San Fermo']",Casa Giulietta,"['Centro Fotografia', 'Sighseeing', 'Torre Lamberti', 'Museo Conte', 'Museo Radio']",Palazzo della Ragione,strategy_nearest,False,0.0032329559326171875,success
04116E429C4C81,0,['Casa Giulietta'],Arena,"['Verona Tour', 'Museo Lapidario', 'Museo Radio', 'San Fermo', 'Sighseeing']",Castelvecchio,strategy_nearest,False,0.0016829967498779297,success
041169429C4C81,3,"['Arena', 'Casa Giulietta']",Torre Lamberti,"['Sighseeing', 'Centro Fotografia', 'Museo Conte', 'Palazzo della Ragione', 'AMO']",Santa Anastasia,strategy_nearest,False,0.002315998077392578,success
041162429C4C81,3,"['Teatro Romano', 'Casa Giulietta']",Arena,"['Verona Tour', 'Museo Lapidario', 'Museo Radio', 'San Fermo', 'Sighseeing']",Santa Anastasia,strategy_nearest,False,0.002990245819091797,success
041170429C4C80,3,"['Arena', 'San Fermo']",Casa Giulietta,"['Centro Fotografia', 'Sighseeing', 'Torre Lamberti', 'Museo Conte', 'Museo Radio']",Santa Anastasia,strategy_nearest,False,0.003325939178466797,success
041171429C4C81,0,"['Arena', 'Castelvecchio']",Casa Giulietta,"['Centro Fotografia', 'Sighseeing', 'Torre Lamberti', 'Museo Conte', 'Museo Radio']",San Fermo,strategy_nearest,False,0.002919912338256836,success
0411733A9C4C81,3,"['Castelvecchio', 'Arena', 'San Fermo', 'Museo Storia']",Casa Giulietta,"['Centro Fotografia', 'Sighseeing', 'Torre Lamberti', 'Museo Conte', 'Museo Radio']",Museo Lapidario,strategy_nearest,False,0.0020051002502441406,success
0411753A9C4C80,2,['Castelvecchio'],Casa Giulietta,"['Centro Fotografia', 'Sighseeing', 'Torre Lamberti', 'Museo Conte', 'Museo Radio']",Santa Anastasia,strategy_nearest,False,0.003506898880004883,success
0411753A9C4C81,0,['Castelvecchio'],Casa Giulietta,"['Centro Fotografia', 'Sighseeing', 'Torre Lamberti', 'Museo Conte', 'Museo Radio']",Arena,strategy_nearest,False,0.002741098403930664,success
0411773A9C4C80,0,['Arena'],Casa Giulietta,"['Centro Fotografia', 'Sighseeing', 'Torre Lamberti', 'Museo Conte', 'Museo Radio']",Castelvecchio,strategy_nearest,False,0.002953052520751953,success
04117A3A9C4C81,3,"['Arena', 'Torre Lamberti']",Santa Anastasia,"['AMO', 'Museo Conte', 'Palazzo della Ragione', 'Teatro Romano', 'Centro Fotografia']",Duomo,strategy_nearest,False,0.0032892227172851562,success
0411793A9C4C81,1,"['Castelvecchio', 'Santa Anastasia', 'Duomo']",Casa Giulietta,"['Centro Fotografia', 'Sighseeing', 'Torre Lamberti', 'Museo Conte', 'Museo Radio']",Palazzo della Ragione,strategy_nearest,False,0.002077817916870117,success
04117B4A9C4C81,3,"['Arena', 'Torre Lamberti']",Santa Anastasia,"['AMO', 'Museo Conte', 'Palazzo della Ragione', 'Teatro Romano', 'Centro Fotografia']",Duomo,strategy_nearest,False,0.001867055892944336,success
04117B4A9C4C80,2,['Castelvecchio'],Casa Giulietta,"['Centro Fotografia', 'Sighseeing', 'Torre Lamberti', 'Museo Conte', 'Museo Radio']",Torre Lamberti,strategy_nearest,True,0.0035867691040039062,success
04117E4A9C4C80,0,['Arena'],Casa Giulietta,"['Centro Fotografia', 'Sighseeing', 'Torre Lamberti', 'Museo Conte', 'Museo Radio']",Torre Lamberti,strategy_nearest,True,0.0035932064056396484,success
04117F429C4C81,3,"['Arena', 'San Zeno']",Torre Lamberti,"['Sighseeing', 'Centro Fotografia', 'Museo Conte', 'Casa Giulietta', 'Palazzo della Ragione']",Santa Anastasia,strategy_nearest,False,0.0026297569274902344,success
0411833A9C4C80,3,"['Torre Lamberti', 'Arena']",Museo Storia,"['San Fermo', 'Museo Radio', 'Casa Giulietta', 'Centro Fotografia', 'Tomba Giulietta']",Casa Giulietta,strategy_nearest,True,0.0026760101318359375,success
0411864A9C4C81,3,"['Arena', 'Casa Giulietta']",Torre Lamberti,"['Sighseeing', 'Centro Fotografia', 'Museo Conte', 'Palazzo della Ragione', 'AMO']",Santa Anastasia,strategy_nearest,False,0.002105712890625,success
041195429C4C80,0,['Duomo'],Casa Giulietta,"['Centro Fotografia', 'Sighseeing', 'Torre Lamberti', 'Museo Conte', 'Museo Radio']",Arena,strategy_nearest,False,0.002546072006225586,success
0411884A9C4C81,0,['Arena'],Casa Giulietta,"['Centro Fotografia', 'Sighseeing', 'Torre Lamberti', 'Museo Conte', 'Museo Radio']",Teatro Romano,strategy_nearest,False,0.0027740001678466797,success
041197429C4C80,0,"['Arena', 'Casa Giulietta']",Torre Lamberti,"['Sighseeing', 'Centro Fotografia', 'Museo Conte', 'Palazzo della Ragione', 'AMO']",Castelvecchio,strategy_nearest,False,0.002409219741821289,success
0411994A9C4C80,0,['Arena'],Castelvecchio,"['Museo Lapidario', 'Verona Tour', 'Museo Radio', 'San Zeno', 'Sighseeing']",Casa Giulietta,strategy_nearest,False,0.002907276153564453,success
0411A1429C4C80,2,"['Castelvecchio', 'Torre Lamberti']",Palazzo della Ragione,"['AMO', 'Museo Conte', 'Centro Fotografia', 'Sighseeing', 'Santa Anastasia']",Casa Giulietta,strategy_nearest,False,0.0020737648010253906,success
0411A94A9C4C80,3,['Arena'],Casa Giulietta,"['Centro Fotografia', 'Sighseeing', 'Torre Lamberti', 'Museo Conte', 'Museo Radio']",Torre Lamberti,strategy_nearest,True,0.0019609928131103516,success
0411A0429C4C80,3,"['Arena', 'Castelvecchio']",Santa Anastasia,"['AMO', 'Museo Conte', 'Palazzo della Ragione', 'Teatro Romano', 'Centro Fotografia']",Duomo,strategy_nearest,False,0.0035271644592285156,success
0411AA4A9C4C81,0,['Casa Giulietta'],Arena,"['Verona Tour', 'Museo Lapidario', 'Museo Radio', 'San Fermo', 'Sighseeing']",Castelvecchio,strategy_nearest,False,0.0033311843872070312,success
0411AB429C4C81,1,['Arena'],Torre Lamberti,"['Sighseeing', 'Centro Fotografia', 'Museo Conte', 'Casa Giulietta', 'Palazzo della Ragione']",Palazzo della Ragione,strategy_nearest,True,0.0020630359649658203,success
0411AC429C4C80,0,"['Castelvecchio', 'Arena']",Casa Giulietta,"['Centro Fotografia', 'Sighseeing', 'Torre Lamberti', 'Museo Conte', 'Museo Radio']",Teatro Romano,strategy_nearest,False,0.0026400089263916016,success
0411AF429C4C80,3,"['Castelvecchio', 'Duomo']",Teatro Romano,"['Santa Anastasia', 'AMO', 'Palazzo della Ragione', 'Museo Conte', 'Centro Fotografia']",Santa Anastasia,strategy_nearest,True,0.002450227737426758,success
0411B03A9C4C81,3,"['Arena', 'San Fermo']",Casa Giulietta,"['Centro Fotografia', 'Sighseeing', 'Torre Lamberti', 'Museo Conte', 'Museo Radio']",Torre Lamberti,strategy_nearest,True,0.0032918453216552734,success
0411B53A9C4C80,0,['Arena'],Casa Giulietta,"['Centro Fotografia', 'Sighseeing', 'Torre Lamberti', 'Museo Conte', 'Museo Radio']",Duomo,strategy_nearest,False,0.0018701553344726562,success
0411B63A9C4C81,2,"['Casa Giulietta', 'Torre Lamberti']",Palazzo della Ragione,"['AMO', 'Museo Conte', 'Centro Fotografia', 'Sighseeing', 'Santa Anastasia']",Santa Anastasia,strategy_nearest,True,0.0019309520721435547,success
0411B5429C4C81,2,"['Casa Giulietta', 'Torre Lamberti', 'Palazzo della Ragione']",Santa Anastasia,"['AMO', 'Museo Conte', 'Teatro Romano', 'Centro Fotografia', 'Duomo']",Duomo,strategy_nearest,True,0.003325939178466797,success
0411B7429C4C80,0,['Arena'],Casa Giulietta,"['Centro Fotografia', 'Sighseeing', 'Torre Lamberti', 'Museo Conte', 'Museo Radio']",Santa Anastasia,strategy_nearest,False,0.0029799938201904297,success
0411B8429C4C80,1,['Arena'],Museo Lapidario,"['Verona Tour', 'Castelvecchio', 'Museo Radio', 'San Fermo', 'Casa Giulietta']",Palazzo della Ragione,strategy_nearest,False,0.0014650821685791016,success
0411BB429C4C80,0,['Casa Giulietta'],Arena,"['Verona Tour', 'Museo Lapidario', 'Museo Radio', 'San Fermo', 'Sighseeing']",Torre Lamberti,strategy_nearest,False,0.0026068687438964844,success
0411B9429C4C81,3,"['Arena', 'Casa Giulietta']",Torre Lamberti,"['Sighseeing', 'Centro Fotografia', 'Museo Conte', 'Palazzo della Ragione', 'AMO']",Duomo,strategy_nearest,False,0.0020139217376708984,success
0411BC3A9C4C80,0,"['Arena', 'Teatro Romano']",Casa Giulietta,"['Centro Fotografia', 'Sighseeing', 'Torre Lamberti', 'Museo Conte', 'Museo Radio']",Torre Lamberti,strategy_nearest,True,0.0032320022583007812,success
0411BE429C4C81,1,"['Arena', 'Castelvecchio', 'San Fermo']",Santa Anastasia,"['AMO', 'Museo Conte', 'Palazzo della Ragione', 'Teatro Romano', 'Centro Fotografia']",Teatro Romano,strategy_nearest,True,0.002096891403198242,success
0411C13A9C4C81,3,"['Arena', 'Castelvecchio']",San Zeno,"['Verona Tour', 'Museo Lapidario', 'Museo Miniscalchi', 'Sighseeing', 'Museo Radio']",Santa Anastasia,strategy_nearest,False,0.0021698474884033203,success
0411C23A9C4C81,2,['Casa Giulietta'],San Zeno,"['Castelvecchio', 'Verona Tour', 'Museo Lapidario', 'Arena', 'Museo Miniscalchi']",Santa Anastasia,strategy_nearest,False,0.0026769638061523438,success
0411C83A9C4C80,0,"['Duomo', 'San Zeno']",Castelvecchio,"['Museo Lapidario', 'Verona Tour', 'Arena', 'Museo Radio', 'Sighseeing']",Arena,strategy_nearest,True,0.003351926803588867,success
0411C83A9C4C81,0,"['Casa Giulietta', 'Torre Lamberti']",Arena,"['Verona Tour', 'Museo Lapidario', 'Museo Radio', 'San Fermo', 'Sighseeing']",Teatro Romano,strategy_nearest,False,0.0020170211791992188,success
0411C8429C4C81,1,"['Arena', 'Santa Anastasia']",Torre Lamberti,"['Sighseeing', 'Centro Fotografia', 'Museo Conte', 'Casa Giulietta', 'Palazzo della Ragione']",Palazzo della Ragione,strategy_nearest,True,0.0021240711212158203,success
0411C8429C4C80,1,"['Arena', 'Palazzo della Ragione', 'Torre Lamberti']",Santa Anastasia,"['AMO', 'Museo Conte', 'Teatro Romano', 'Centro Fotografia', 'Duomo']",Duomo,strategy_nearest,True,0.0032770633697509766,success
0411CA3A9C4C80,0,"['Arena', 'Castelvecchio']",Torre Lamberti,"['Sighseeing', 'Centro Fotografia', 'Museo Conte', 'Casa Giulietta', 'Palazzo della Ragione']",Casa Giulietta,strategy_nearest,True,0.003162860870361328,success
0411CD429C4C81,1,"['Arena', 'San Fermo', 'Casa Giulietta']",Torre Lamberti,"['Sighseeing', 'Centro Fotografia', 'Museo Conte', 'Palazzo della Ragione', 'AMO']",Palazzo della Ragione,strategy_nearest,True,0.0030128955841064453,success
0411CE429C4C81,1,"['San Zeno', 'Castelvecchio']",Torre Lamberti,"['Sighseeing', 'Centro Fotografia', 'Museo Conte', 'Casa Giulietta', 'Palazzo della Ragione']",Palazzo della Ragione,strategy_nearest,True,0.002390146255493164,success
0411CF3A9C4C80,3,"['Arena', 'Torre Lamberti']",Casa Giulietta,"['Centro Fotografia', 'Sighseeing', 'Museo Conte', 'Museo Radio', 'Palazzo della Ragione']",Duomo,strategy_nearest,False,0.002719879150390625,success
0411D0429C4C81,1,"['Arena', 'Castelvecchio']",Teatro Romano,"['Santa Anastasia', 'Duomo', 'AMO', 'Palazzo della Ragione', 'Museo Conte']",Torre Lamberti,strategy_nearest,False,0.002958059310913086,success
0411D83A9C4C81,1,['Arena'],Torre Lamberti,"['Sighseeing', 'Centro Fotografia', 'Museo Conte', 'Casa Giulietta', 'Palazzo della Ragione']",Palazzo della Ragione,strategy_nearest,True,0.0024480819702148438,success
0411D93A9C4C81,0,['Arena'],Casa Giulietta,"['Centro Fotografia', 'Sighseeing', 'Torre Lamberti', 'Museo Conte', 'Museo Radio']",Torre Lamberti,strategy_nearest,True,0.002652883529663086,success
0411DE3A9C4C81,3,['Arena'],Santa Anastasia,"['AMO', 'Museo Conte', 'Palazzo della Ragione', 'Teatro Romano', 'Centro Fotografia']",Torre Lamberti,strategy_nearest,False,0.003248929977416992,success
0411E13A9C4C81,2,"['Museo Lapidario', 'San Fermo', 'San Zeno']",Castelvecchio,"['Verona Tour', 'Arena', 'Museo Radio', 'Sighseeing', 'Museo Miniscalchi']",Teatro Romano,strategy_nearest,False,0.002490997314453125,success
0411E3429C4C81,3,"['Arena', 'Santa Anastasia', 'Teatro Romano']",Casa Giulietta,"['Centro Fotografia', 'Sighseeing', 'Torre Lamberti', 'Museo Conte', 'Museo Radio']",Tomba Giulietta,strategy_nearest,False,0.002460956573486328,success
0411E43A9C4C81,1,['Arena'],Torre Lamberti,"['Sighseeing', 'Centro Fotografia', 'Museo Conte', 'Casa Giulietta', 'Palazzo della Ragione']",Palazzo della Ragione,strategy_nearest,True,0.002190828323364258,success
0411EC3A9C4C81,1,"['Tomba Giulietta', 'Casa Giulietta']",Palazzo della Ragione,"['AMO', 'Museo Conte', 'Torre Lamberti', 'Centro Fotografia', 'Sighseeing']",Torre Lamberti,strategy_nearest,True,0.0024940967559814453,success
0411E6429C4C81,3,"['Casa Giulietta', 'Torre Lamberti', 'Arena']",San Zeno,"['Castelvecchio', 'Verona Tour', 'Museo Lapidario', 'Museo Miniscalchi', 'Sighseeing']",Giardino Giusti,strategy_nearest,False,0.003301858901977539,success
0411F7429C4C81,3,"['Arena', 'Santa Anastasia']",Duomo,"['AMO', 'Museo Miniscalchi', 'Teatro Romano', 'Palazzo della Ragione', 'Museo Conte']",San Zeno,strategy_nearest,False,0.0022809505462646484,success
04123C429C4C81,3,"['Arena', 'Santa Anastasia']",Teatro Romano,"['Duomo', 'AMO', 'Palazzo della Ragione', 'Museo Conte', 'Centro Fotografia']",Duomo,strategy_nearest,True,0.0022058486938476562,success
0412403A9C4C81,1,"['Arena', 'Casa Giulietta']",Torre Lamberti,"['Sighseeing', 'Centro Fotografia', 'Museo Conte', 'Palazzo della Ragione', 'AMO']",Palazzo della Ragione,strategy_nearest,True,0.002704143524169922,success
0412453A9C4C81,2,['Castelvecchio'],Duomo,"['AMO', 'Museo Miniscalchi', 'Santa Anastasia', 'Teatro Romano', 'Palazzo della Ragione']",Santa Anastasia,strategy_nearest,True,0.0030820369720458984,success
041248429C4C81,2,"['Casa Giulietta', 'Torre Lamberti']",Santa Anastasia,"['AMO', 'Museo Conte', 'Palazzo della Ragione', 'Teatro Romano', 'Centro Fotografia']",Teatro Romano,strategy_nearest,True,0.002808809280395508,success
041250429C4C81,3,"['Arena', 'Tomba Giulietta']",San Fermo,"['Museo Storia', 'Museo Radio', 'Casa Giulietta', 'Centro Fotografia', 'Sighseeing']",Casa Giulietta,strategy_nearest,True,0.0023958683013916016,success
04125D429C4C81,3,['Arena'],Casa Giulietta,"['Centro Fotografia', 'Sighseeing', 'Torre Lamberti', 'Museo Conte', 'Museo Radio']",Santa Anastasia,strategy_nearest,False,0.002613067626953125,success
041252429C4C81,1,"['Arena', 'San Fermo']",Palazzo della Ragione,"['AMO', 'Museo Conte', 'Torre Lamberti', 'Centro Fotografia', 'Sighseeing']",Torre Lamberti,strategy_nearest,True,0.0034351348876953125,success
0412633A9C4C80,1,"['Arena', 'Torre Lamberti', 'Palazzo della Ragione']",Santa Anastasia,"['AMO', 'Museo Conte', 'Teatro Romano', 'Centro Fotografia', 'Duomo']",Duomo,strategy_nearest,True,0.002538919448852539,success
041264429C4C80,3,"['Arena', 'Santa Anastasia']",Duomo,"['AMO', 'Museo Miniscalchi', 'Teatro Romano', 'Palazzo della Ragione', 'Museo Conte']",Torre Lamberti,strategy_nearest,False,0.003201007843017578,success
04126A429C4C81,0,['Arena'],Casa Giulietta,"['Centro Fotografia', 'Sighseeing', 'Torre Lamberti', 'Museo Conte', 'Museo Radio']",Torre Lamberti,strategy_nearest,True,0.002418994903564453,success
041273429C4C80,3,"['Arena', 'Casa Giulietta']",Santa Anastasia,"['AMO', 'Museo Conte', 'Palazzo della Ragione', 'Teatro Romano', 'Centro Fotografia']",Teatro Romano,strategy_nearest,True,0.0022897720336914062,success
041275429C4C81,1,"['Arena', 'Casa Giulietta']",Torre Lamberti,"['Sighseeing', 'Centro Fotografia', 'Museo Conte', 'Palazzo della Ragione', 'AMO']",Palazzo della Ragione,strategy_nearest,True,0.002501249313354492,success
04126E429C4C81,3,"['Casa Giulietta', 'Arena']",Castelvecchio,"['Museo Lapidario', 'Verona Tour', 'Museo Radio', 'San Zeno', 'Sighseeing']",Torre Lamberti,strategy_nearest,False,0.0035991668701171875,success
0412763A9C4C80,0,['Castelvecchio'],Casa Giulietta,"['Centro Fotografia', 'Sighseeing', 'Torre Lamberti', 'Museo Conte', 'Museo Radio']",Arena,strategy_nearest,False,0.002346038818359375,success
0412773A9C4C81,3,"['Arena', 'Casa Giulietta']",Torre Lamberti,"['Sighseeing', 'Centro Fotografia', 'Museo Conte', 'Palazzo della Ragione', 'AMO']",Duomo,strategy_nearest,False,0.003358125686645508,success
04127A4A9C4C80,0,['Arena'],Castelvecchio,"['Museo Lapidario', 'Verona Tour', 'Museo Radio', 'San Zeno', 'Sighseeing']",Casa Giulietta,strategy_nearest,False,0.0019466876983642578,success
0412793A9C4C81,0,['Casa Giulietta'],Tomba Giulietta,"['San Fermo', 'Museo Storia', 'Arena', 'Museo Lapidario', 'Museo Radio']",Arena,strategy_nearest,True,0.0033271312713623047,success
04127D4A9C4C80,0,['Arena'],Casa Giulietta,"['Centro Fotografia', 'Sighseeing', 'Torre Lamberti', 'Museo Conte', 'Museo Radio']",Tomba Giulietta,strategy_nearest,False,0.0027408599853515625,success
04127E4A9C4C80,3,"['Arena', 'Castelvecchio']",Casa Giulietta,"['Centro Fotografia', 'Sighseeing', 'Torre Lamberti', 'Museo Conte', 'Museo Radio']",Santa Anastasia,strategy_nearest,False,0.0019278526306152344,success
04127E4A9C4C81,3,['Arena'],Casa Giulietta,"['Centro Fotografia', 'Sighseeing', 'Torre Lamberti', 'Museo Conte', 'Museo Radio']",Santa Anastasia,strategy_nearest,False,0.0019922256469726562,success
04127F429C4C81,3,"['Arena', 'Casa Giulietta']",Santa Anastasia,"['AMO', 'Museo Conte', 'Palazzo della Ragione', 'Teatro Romano', 'Centro Fotografia']",Duomo,strategy_nearest,False,0.002711772918701172,success
0412833A9C4C81,0,['Casa Giulietta'],Arena,"['Verona Tour', 'Museo Lapidario', 'Museo Radio', 'San Fermo', 'Sighseeing']",Castelvecchio,strategy_nearest,False,0.0023250579833984375,success
041281429C4C81,1,"['Arena', 'Casa Giulietta']",Torre Lamberti,"['Sighseeing', 'Centro Fotografia', 'Museo Conte', 'Palazzo della Ragione', 'AMO']",Palazzo della Ragione,strategy_nearest,True,0.002794981002807617,success
0412843A9C4C80,0,['Arena'],Teatro Romano,"['Santa Anastasia', 'Duomo', 'AMO', 'Palazzo della Ragione', 'Museo Conte']",Duomo,strategy_nearest,True,0.002863168716430664,success
0412873A9C4C81,3,"['Arena', 'Museo Lapidario', 'Castelvecchio']",Torre Lamberti,"['Sighseeing', 'Centro Fotografia', 'Museo Conte', 'Casa Giulietta', 'Palazzo della Ragione']",Casa Giulietta,strategy_nearest,True,0.0027899742126464844,success
041284429C4C80,3,"['Arena', 'Casa Giulietta']",Torre Lamberti,"['Sighseeing', 'Centro Fotografia', 'Museo Conte', 'Palazzo della Ragione', 'AMO']",Santa Anastasia,strategy_nearest,False,0.0019669532775878906,success
04128B3A9C4C81,1,['Arena'],Casa Giulietta,"['Centro Fotografia', 'Sighseeing', 'Torre Lamberti', 'Museo Conte', 'Museo Radio']",Torre Lamberti,strategy_nearest,True,0.0019130706787109375,success
0412893A9C4C81,0,['Arena'],Casa Giulietta,"['Centro Fotografia', 'Sighseeing', 'Torre Lamberti', 'Museo Conte', 'Museo Radio']",Torre Lamberti,strategy_nearest,True,0.002803802490234375,success
04128B4A9C4C81,1,"['Arena', 'Casa Giulietta']",Torre Lamberti,"['Sighseeing', 'Centro Fotografia', 'Museo Conte', 'Palazzo della Ragione', 'AMO']",Palazzo della Ragione,strategy_nearest,True,0.00273895263671875,success
04128D3A9C4C80,3,"['Arena', 'Casa Giulietta']",Castelvecchio,"['Museo Lapidario', 'Verona Tour', 'Museo Radio', 'San Zeno', 'Sighseeing']",Santa Anastasia,strategy_nearest,False,0.0032958984375,success
04128E3A9C4C80,2,"['Torre Lamberti', 'Tomba Giulietta', 'Santa Anastasia']",Teatro Romano,"['Duomo', 'AMO', 'Palazzo della Ragione', 'Museo Conte', 'Centro Fotografia']",Casa Giulietta,strategy_nearest,False,0.00255584716796875,success
0412A44A9C4C80,2,['Santa Anastasia'],Torre Lamberti,"['Sighseeing', 'Centro Fotografia', 'Museo Conte', 'Casa Giulietta', 'Palazzo della Ragione']",Casa Giulietta,strategy_nearest,True,0.002009153366088867,success
0412A84A9C4C81,2,"['Castelvecchio', 'San Zeno']",Torre Lamberti,"['Sighseeing', 'Centro Fotografia', 'Museo Conte', 'Casa Giulietta', 'Palazzo della Ragione']",Santa Anastasia,strategy_nearest,False,0.003587007522583008,success
0412A54A9C4C81,0,['Arena'],Casa Giulietta,"['Centro Fotografia', 'Sighseeing', 'Torre Lamberti', 'Museo Conte', 'Museo Radio']",Castelvecchio,strategy_nearest,False,0.0032079219818115234,success
0412AB3A9C4C80,1,"['Torre Lamberti', 'Palazzo della Ragione', 'Santa Anastasia']",Duomo,"['AMO', 'Museo Miniscalchi', 'Teatro Romano', 'Museo Conte', 'Centro Fotografia']",Teatro Romano,strategy_nearest,True,0.002658843994140625,success
0412AC429C4C80,3,"['Arena', 'Castelvecchio']",Torre Lamberti,"['Sighseeing', 'Centro Fotografia', 'Museo Conte', 'Casa Giulietta', 'Palazzo della Ragione']",Santa Anastasia,strategy_nearest,False,0.0019800662994384766,success
0412B03A9C4C80,0,['Arena'],San Fermo,"['Museo Storia', 'Museo Radio', 'Casa Giulietta', 'Centro Fotografia', 'Sighseeing']",Casa Giulietta,strategy_nearest,True,0.003425121307373047,success
0412B13A9C4C80,0,['Torre Lamberti'],San Fermo,"['Museo Storia', 'Museo Radio', 'Casa Giulietta', 'Centro Fotografia', 'Arena']",Arena,strategy_nearest,True,0.0025777816772460938,success
0412B4429C4C81,3,['Arena'],Santa Anastasia,"['AMO', 'Museo Conte', 'Palazzo della Ragione', 'Teatro Romano', 'Centro Fotografia']",Duomo,strategy_nearest,False,0.003473997116088867,success
0412B3429C4C81,0,['Casa Giulietta'],Torre Lamberti,"['Sighseeing', 'Centro Fotografia', 'Museo Conte', 'Palazzo della Ragione', 'AMO']",Arena,strategy_nearest,False,0.002871990203857422,success
0412B73A9C4C80,0,['Arena'],Duomo,"['AMO', 'Museo Miniscalchi', 'Santa Anastasia', 'Teatro Romano', 'Palazzo della Ragione']",Casa Giulietta,strategy_nearest,False,0.0020592212677001953,success
0412B9429C4C81,0,['Castelvecchio'],San Zeno,"['Verona Tour', 'Museo Lapidario', 'Arena', 'Museo Miniscalchi', 'Sighseeing']",Arena,strategy_nearest,True,0.0022840499877929688,success
0412B8429C4C80,2,['Casa Giulietta'],San Fermo,"['Museo Storia', 'Museo Radio', 'Centro Fotografia', 'Arena', 'Sighseeing']",Santa Anastasia,strategy_nearest,False,0.0043561458587646484,success
0412BB3A9C4C80,0,['San Zeno'],Arena,"['Verona Tour', 'Museo Lapidario', 'Museo Radio', 'San Fermo', 'Casa Giulietta']",Casa Giulietta,strategy_nearest,True,0.002872943878173828,success
0412C43A9C4C80,4,"['Tomba Giulietta', 'Museo Radio', 'Arena']",Torre Lamberti,"['Sighseeing', 'Centro Fotografia', 'Museo Conte', 'Casa Giulietta', 'Palazzo della Ragione']",Casa Giulietta,strategy_nearest,True,0.0040280818939208984,success
0412BD429C4C81,0,['Arena'],Torre Lamberti,"['Sighseeing', 'Centro Fotografia', 'Museo Conte', 'Casa Giulietta', 'Palazzo della Ragione']",Casa Giulietta,strategy_nearest,True,0.0016129016876220703,success
0412C03A9C4C81,0,['Arena'],Teatro Romano,"['Santa Anastasia', 'Duomo', 'AMO', 'Palazzo della Ragione', 'Museo Conte']",Castelvecchio,strategy_nearest,False,0.002254009246826172,success
0412BC3A9C4C80,3,"['Castelvecchio', 'Arena']",Casa Giulietta,"['Centro Fotografia', 'Sighseeing', 'Torre Lamberti', 'Museo Conte', 'Museo Radio']",Santa Anastasia,strategy_nearest,False,0.003695964813232422,success
0412C9429C4C81,0,"['Arena', 'Casa Giulietta']",Torre Lamberti,"['Sighseeing', 'Centro Fotografia', 'Museo Conte', 'Palazzo della Ragione', 'AMO']",Teatro Romano,strategy_nearest,False,0.001300811767578125,success
0412CF429C4C81,0,['Arena'],Castelvecchio,"['Museo Lapidario', 'Verona Tour', 'Museo Radio', 'San Zeno', 'Sighseeing']",Duomo,strategy_nearest,False,0.002492189407348633,success
0412CE429C4C81,1,"['Santa Anastasia', 'Palazzo della Ragione', 'Torre Lamberti', 'San Fermo']",Duomo,"['AMO', 'Museo Miniscalchi', 'Teatro Romano', 'Museo Conte', 'Centro Fotografia']",San Zeno,strategy_nearest,False,0.003592967987060547,success
0412D03A9C4C81,0,['Arena'],Castelvecchio,"['Museo Lapidario', 'Verona Tour', 'Museo Radio', 'San Zeno', 'Sighseeing']",Casa Giulietta,strategy_nearest,False,0.003998994827270508,success
0412D7429C4C81,0,"['Arena', 'Giardino Giusti']",Castelvecchio,"['Museo Lapidario', 'Verona Tour', 'Museo Radio', 'San Zeno', 'Sighseeing']",Teatro Romano,strategy_nearest,False,0.002796173095703125,success
0412D1429C4C80,0,['Arena'],Castelvecchio,"['Museo Lapidario', 'Verona Tour', 'Museo Radio', 'San Zeno', 'Sighseeing']",Torre Lamberti,strategy_nearest,False,0.0031080245971679688,success
0412D63A9C4C81,3,"['Arena', 'Torre Lamberti']",Casa Giulietta,"['Centro Fotografia', 'Sighseeing', 'Museo Conte', 'Museo Radio', 'Palazzo della Ragione']",Santa Anastasia,strategy_nearest,False,0.002580881118774414,success
0412E43A9C4C81,6,['Palazzo della Ragione'],Torre Lamberti,"['Sighseeing', 'Centro Fotografia', 'Museo Conte', 'Casa Giulietta', 'AMO']",Castelvecchio,strategy_nearest,False,0.003280162811279297,success
0413383A9C4C81,2,"['Castelvecchio', 'Teatro Romano', 'Duomo']",Santa Anastasia,"['AMO', 'Museo Conte', 'Palazzo della Ragione', 'Centro Fotografia', 'Torre Lamberti']",Casa Giulietta,strategy_nearest,False,0.002919912338256836,success
0412FC3A9C4C81,0,"['Giardino Giusti', 'Teatro Romano']",Castelvecchio,"['Museo Lapidario', 'Verona Tour', 'Arena', 'Museo Radio', 'San Zeno']",Arena,strategy_nearest,True,0.002672910690307617,success
0412F8429C4C81,2,"['Casa Giulietta', 'Castelvecchio']",Santa Anastasia,"['AMO', 'Museo Conte', 'Palazzo della Ragione', 'Teatro Romano', 'Centro Fotografia']",Duomo,strategy_nearest,False,0.004194021224975586,success
04133A429C4C81,3,"['Castelvecchio', 'Teatro Romano']",Arena,"['Verona Tour', 'Museo Lapidario', 'Museo Radio', 'San Fermo', 'Casa Giulietta']",Duomo,strategy_nearest,False,0.002591371536254883,success
0413413A9C4C81,2,"['Castelvecchio', 'Torre Lamberti']",Casa Giulietta,"['Centro Fotografia', 'Sighseeing', 'Museo Conte', 'Museo Radio', 'Palazzo della Ragione']",Santa Anastasia,strategy_nearest,False,0.0022268295288085938,success
04133D3A9C4C81,0,"['Arena', 'Museo Lapidario']",Castelvecchio,"['Verona Tour', 'Museo Radio', 'San Zeno', 'Sighseeing', 'Museo Miniscalchi']",Casa Giulietta,strategy_nearest,False,0.002949237823486328,success
0413423A9C4C81,1,"['San Fermo', 'Palazzo della Ragione', 'Torre Lamberti']",Casa Giulietta,"['Centro Fotografia', 'Sighseeing', 'Museo Conte', 'Museo Radio', 'AMO']",Santa Anastasia,strategy_nearest,False,0.0034971237182617188,success
041354429C4C81,1,"['Arena', 'Museo Lapidario', 'Castelvecchio']",Casa Giulietta,"['Centro Fotografia', 'Sighseeing', 'Torre Lamberti', 'Museo Conte', 'Museo Radio']",Tomba Giulietta,strategy_nearest,False,0.0018849372863769531,success
04135B3A9C4C81,3,"['Arena', 'Casa Giulietta', 'Torre Lamberti', 'Santa Anastasia']",Duomo,"['AMO', 'Museo Miniscalchi', 'Teatro Romano', 'Palazzo della Ragione', 'Museo Conte']",San Fermo,strategy_nearest,False,0.002549409866333008,success
0413643A9C4C81,1,"['Torre Lamberti', 'Palazzo della Ragione', 'Casa Giulietta']",Arena,"['Verona Tour', 'Museo Lapidario', 'Museo Radio', 'San Fermo', 'Sighseeing']",Castelvecchio,strategy_nearest,False,0.002608060836791992,success
0413663A9C4C81,3,['Arena'],Teatro Romano,"['Santa Anastasia', 'Duomo', 'AMO', 'Palazzo della Ragione', 'Museo Conte']",Santa Anastasia,strategy_nearest,True,0.0034132003784179688,success
04136B429C4C80,1,"['Arena', 'Santa Anastasia']",Duomo,"['AMO', 'Museo Miniscalchi', 'Teatro Romano', 'Palazzo della Ragione', 'Museo Conte']",Palazzo della Ragione,strategy_nearest,True,0.003317117691040039,success
0413713A9C4C80,0,['Arena'],Casa Giulietta,"['Centro Fotografia', 'Sighseeing', 'Torre Lamberti', 'Museo Conte', 'Museo Radio']",Santa Anastasia,strategy_nearest,False,0.003155946731567383,success
0413753A9C4C80,3,"['Arena', 'Museo Lapidario']",Santa Anastasia,"['AMO', 'Museo Conte', 'Palazzo della Ragione', 'Teatro Romano', 'Centro Fotografia']",Casa Giulietta,strategy_nearest,False,0.002888917922973633,success
04137B4A9C4C81,0,['Arena'],Casa Giulietta,"['Centro Fotografia', 'Sighseeing', 'Torre Lamberti', 'Museo Conte', 'Museo Radio']",Castelvecchio,strategy_nearest,False,0.0019600391387939453,success
0413763A9C4C81,3,['Teatro Romano'],Giardino Giusti,"['Santa Anastasia', 'Museo Conte', 'Centro Fotografia', 'Museo Storia', 'AMO']",Santa Anastasia,strategy_nearest,True,0.0031690597534179688,success
041376429C4C80,0,['Arena'],Museo Lapidario,"['Verona Tour', 'Castelvecchio', 'Museo Radio', 'San Fermo', 'Casa Giulietta']",Castelvecchio,strategy_nearest,True,0.0036301612854003906,success
04137E4A9C4C80,3,"['Arena', 'Casa Giulietta']",Torre Lamberti,"['Sighseeing', 'Centro Fotografia', 'Museo Conte', 'Palazzo della Ragione', 'AMO']",Santa Anastasia,strategy_nearest,False,0.002355813980102539,success
041386429C4C81,0,['Arena'],Casa Giulietta,"['Centro Fotografia', 'Sighseeing', 'Torre Lamberti', 'Museo Conte', 'Museo Radio']",Santa Anastasia,strategy_nearest,False,0.0026030540466308594,success
0413814A9C4C81,0,"['Arena', 'Castelvecchio']",Casa Giulietta,"['Centro Fotografia', 'Sighseeing', 'Torre Lamberti', 'Museo Conte', 'Museo Radio']",Torre Lamberti,strategy_nearest,True,0.0032351016998291016,success
0413893A9C4C80,2,['Castelvecchio'],Casa Giulietta,"['Centro Fotografia', 'Sighseeing', 'Torre Lamberti', 'Museo Conte', 'Museo Radio']",Duomo,strategy_nearest,False,0.0026018619537353516,success
04138A4A9C4C81,0,['Arena'],Casa Giulietta,"['Centro Fotografia', 'Sighseeing', 'Torre Lamberti', 'Museo Conte', 'Museo Radio']",San Zeno,strategy_nearest,False,0.0020279884338378906,success
04138B3A9C4C80,0,"['Museo Lapidario', 'Arena']",Torre Lamberti,"['Sighseeing', 'Centro Fotografia', 'Museo Conte', 'Casa Giulietta', 'Palazzo della Ragione']",Teatro Romano,strategy_nearest,False,0.0026581287384033203,success
04138B4A9C4C81,1,"['Arena', 'Museo Lapidario', 'Casa Giulietta', 'Torre Lamberti']",Palazzo della Ragione,"['AMO', 'Museo Conte', 'Centro Fotografia', 'Sighseeing', 'Santa Anastasia']",Santa Anastasia,strategy_nearest,True,0.0028181076049804688,success
0413904A9C4C80,1,"['Santa Anastasia', 'Duomo', 'Palazzo della Ragione', 'Torre Lamberti']",Casa Giulietta,"['Centro Fotografia', 'Sighseeing', 'Museo Conte', 'Museo Radio', 'San Fermo']",Arena,strategy_nearest,False,0.0014820098876953125,success
0413903A9C4C81,0,['Arena'],Casa Giulietta,"['Centro Fotografia', 'Sighseeing', 'Torre Lamberti', 'Museo Conte', 'Museo Radio']",Torre Lamberti,strategy_nearest,True,0.0027158260345458984,success
04138D3A9C4C81,3,['Arena'],Casa Giulietta,"['Centro Fotografia', 'Sighseeing', 'Torre Lamberti', 'Museo Conte', 'Museo Radio']",Santa Anastasia,strategy_nearest,False,0.00399017333984375,success
0413924A9C4C81,0,"['Arena', 'Casa Giulietta']",Torre Lamberti,"['Sighseeing', 'Centro Fotografia', 'Museo Conte', 'Palazzo della Ragione', 'AMO']",Duomo,strategy_nearest,False,0.002523183822631836,success
041398429C4C81,6,"['Tomba Giulietta', 'San Zeno']",Verona Tour,"['Museo Lapidario', 'Arena', 'Castelvecchio', 'Museo Radio', 'Casa Giulietta']",Arena,strategy_nearest,True,0.002168893814086914,success
0413A1429C4C81,0,"['Arena', 'Casa Giulietta']",Santa Anastasia,"['AMO', 'Museo Conte', 'Palazzo della Ragione', 'Teatro Romano', 'Centro Fotografia']",Castelvecchio,strategy_nearest,False,0.0015239715576171875,success
0413A572743380,3,['Arena'],Santa Anastasia,"['AMO', 'Museo Conte', 'Palazzo della Ragione', 'Teatro Romano', 'Centro Fotografia']",Duomo,strategy_nearest,False,0.003114938735961914,success
0413A84A9C4C81,3,"['Arena', 'Castelvecchio']",Santa Anastasia,"['AMO', 'Museo Conte', 'Palazzo della Ragione', 'Teatro Romano', 'Centro Fotografia']",Duomo,strategy_nearest,False,0.003467082977294922,success
0413A94A9C4C80,0,"['Arena', 'San Fermo']",Casa Giulietta,"['Centro Fotografia', 'Sighseeing', 'Torre Lamberti', 'Museo Conte', 'Museo Radio']",Castelvecchio,strategy_nearest,False,0.0027968883514404297,success
0413AA429C4C80,0,['Arena'],Casa Giulietta,"['Centro Fotografia', 'Sighseeing', 'Torre Lamberti', 'Museo Conte', 'Museo Radio']",Santa Anastasia,strategy_nearest,False,0.003180980682373047,success
0413AC429C4C80,0,['Casa Giulietta'],Santa Anastasia,"['AMO', 'Museo Conte', 'Palazzo della Ragione', 'Teatro Romano', 'Centro Fotografia']",Castelvecchio,strategy_nearest,False,0.0025238990783691406,success
0413AB429C4C80,0,['Arena'],Santa Anastasia,"['AMO', 'Museo Conte', 'Palazzo della Ragione', 'Teatro Romano', 'Centro Fotografia']",Castelvecchio,strategy_nearest,False,0.0032498836517333984,success
0413AF3A9C4C81,0,['Arena'],Casa Giulietta,"['Centro Fotografia', 'Sighseeing', 'Torre Lamberti', 'Museo Conte', 'Museo Radio']",Torre Lamberti,strategy_nearest,True,0.0024230480194091797,success
0413B03A9C4C81,0,['Arena'],Tomba Giulietta,"['San Fermo', 'Museo Storia', 'Museo Lapidario', 'Museo Radio', 'Verona Tour']",Teatro Romano,strategy_nearest,False,0.003400087356567383,success
0413B1429C4C80,3,['Arena'],Torre Lamberti,"['Sighseeing', 'Centro Fotografia', 'Museo Conte', 'Casa Giulietta', 'Palazzo della Ragione']",Santa Anastasia,strategy_nearest,False,0.0019812583923339844,success
0413B43A9C4C80,3,"['Castelvecchio', 'Arena']",Casa Giulietta,"['Centro Fotografia', 'Sighseeing', 'Torre Lamberti', 'Museo Conte', 'Museo Radio']",Teatro Romano,strategy_nearest,False,0.0024449825286865234,success
0413B13A9C4C81,3,"['Arena', 'Castelvecchio', 'Santa Anastasia']",Duomo,"['AMO', 'Museo Miniscalchi', 'Teatro Romano', 'Palazzo della Ragione', 'Museo Conte']",Teatro Romano,strategy_nearest,True,0.003443002700805664,success
0413B7429C4C80,3,"['Tomba Giulietta', 'Giardino Giusti']",Teatro Romano,"['Santa Anastasia', 'Duomo', 'AMO', 'Palazzo della Ragione', 'Museo Conte']",Duomo,strategy_nearest,True,0.0020380020141601562,success
0413B5429C4C80,2,['Casa Giulietta'],Santa Anastasia,"['AMO', 'Museo Conte', 'Palazzo della Ragione', 'Teatro Romano', 'Centro Fotografia']",Duomo,strategy_nearest,False,0.0020380020141601562,success
0413B63A9C4C80,0,['Arena'],Casa Giulietta,"['Centro Fotografia', 'Sighseeing', 'Torre Lamberti', 'Museo Conte', 'Museo Radio']",Santa Anastasia,strategy_nearest,False,0.0026917457580566406,success
0413B83A9C4C81,3,"['Arena', 'Castelvecchio']",Duomo,"['AMO', 'Museo Miniscalchi', 'Santa Anastasia', 'Teatro Romano', 'Palazzo della Ragione']",Santa Anastasia,strategy_nearest,True,0.0030717849731445312,success
0413BC3A9C4C80,3,['Casa Giulietta'],Santa Anastasia,"['AMO', 'Museo Conte', 'Palazzo della Ragione', 'Teatro Romano', 'Centro Fotografia']",Duomo,strategy_nearest,False,0.0019071102142333984,success
0413B9429C4C80,0,['Arena'],Museo Lapidario,"['Verona Tour', 'Castelvecchio', 'Museo Radio', 'San Fermo', 'Casa Giulietta']",Casa Giulietta,strategy_nearest,True,0.0027251243591308594,success
0413BC3A9C4C81,0,['Arena'],Casa Giulietta,"['Centro Fotografia', 'Sighseeing', 'Torre Lamberti', 'Museo Conte', 'Museo Radio']",Teatro Romano,strategy_nearest,False,0.002532958984375,success
0413BF429C4C81,0,['Arena'],Casa Giulietta,"['Centro Fotografia', 'Sighseeing', 'Torre Lamberti', 'Museo Conte', 'Museo Radio']",Teatro Romano,strategy_nearest,False,0.003035306930541992,success
0413C2429C4C80,1,"['Museo Lapidario', 'Arena', 'San Fermo', 'Casa Giulietta']",Torre Lamberti,"['Sighseeing', 'Centro Fotografia', 'Museo Conte', 'Palazzo della Ragione', 'AMO']",Palazzo della Ragione,strategy_nearest,True,0.0019659996032714844,success
0413C53A9C4C80,0,['Arena'],Museo Lapidario,"['Verona Tour', 'Castelvecchio', 'Museo Radio', 'San Fermo', 'Casa Giulietta']",Teatro Romano,strategy_nearest,False,0.002620220184326172,success
0413C6429C4C81,0,['Casa Giulietta'],Arena,"['Verona Tour', 'Museo Lapidario', 'Museo Radio', 'San Fermo', 'Sighseeing']",Castelvecchio,strategy_nearest,False,0.003242015838623047,success
0413C83A9C4C81,3,"['Santa Anastasia', 'Teatro Romano']",Casa Giulietta,"['Centro Fotografia', 'Sighseeing', 'Torre Lamberti', 'Museo Conte', 'Museo Radio']",Arena,strategy_nearest,False,0.0024209022521972656,success
0413CB3A9C4C81,3,"['Arena', 'Castelvecchio', 'Tomba Giulietta']",Teatro Romano,"['Santa Anastasia', 'Duomo', 'AMO', 'Palazzo della Ragione', 'Museo Conte']",Duomo,strategy_nearest,True,0.0024297237396240234,success
0413CD3A9C4C80,0,"['Arena', 'Castelvecchio']",Teatro Romano,"['Santa Anastasia', 'Duomo', 'AMO', 'Palazzo della Ragione', 'Museo Conte']",Casa Giulietta,strategy_nearest,False,0.0024950504302978516,success
0413D43A9C4C80,3,"['Casa Giulietta', 'Arena']",Santa Anastasia,"['AMO', 'Museo Conte', 'Palazzo della Ragione', 'Teatro Romano', 'Centro Fotografia']",Duomo,strategy_nearest,False,0.002763986587524414,success
0413CD3A9C4C81,0,['Arena'],Castelvecchio,"['Museo Lapidario', 'Verona Tour', 'Museo Radio', 'San Zeno', 'Sighseeing']",Casa Giulietta,strategy_nearest,False,0.002656221389770508,success
0413D7429C4C81,1,"['Arena', 'Torre Lamberti', 'Palazzo della Ragione', 'Santa Anastasia']",Casa Giulietta,"['Centro Fotografia', 'Sighseeing', 'Museo Conte', 'Museo Radio', 'San Fermo']",Castelvecchio,strategy_nearest,False,0.002758026123046875,success
0413D43A9C4C81,1,"['Arena', 'Castelvecchio', 'Teatro Romano']",Duomo,"['AMO', 'Museo Miniscalchi', 'Santa Anastasia', 'Palazzo della Ragione', 'Museo Conte']",Torre Lamberti,strategy_nearest,False,0.0032351016998291016,success
0413E5429C4C81,1,"['Castelvecchio', 'Museo Lapidario', 'Arena']",Casa Giulietta,"['Centro Fotografia', 'Sighseeing', 'Torre Lamberti', 'Museo Conte', 'Museo Radio']",Palazzo della Ragione,strategy_nearest,False,0.0014569759368896484,success
04143A429C4C81,1,"['Arena', 'Castelvecchio', 'Torre Lamberti']",Palazzo della Ragione,"['AMO', 'Museo Conte', 'Centro Fotografia', 'Sighseeing', 'Santa Anastasia']",Casa Giulietta,strategy_nearest,False,0.0018317699432373047,success
0413E8429C4C81,3,"['Arena', 'San Zeno', 'Castelvecchio', 'Casa Giulietta']",Torre Lamberti,"['Sighseeing', 'Centro Fotografia', 'Museo Conte', 'Palazzo della Ragione', 'AMO']",Santa Anastasia,strategy_nearest,False,0.0027687549591064453,success
04143C429C4C81,2,"['San Fermo', 'Casa Giulietta']",Torre Lamberti,"['Sighseeing', 'Centro Fotografia', 'Museo Conte', 'Palazzo della Ragione', 'AMO']",Teatro Romano,strategy_nearest,False,0.003361940383911133,success
04143D3A9C4C81,1,"['Arena', 'Casa Giulietta']",Torre Lamberti,"['Sighseeing', 'Centro Fotografia', 'Museo Conte', 'Palazzo della Ragione', 'AMO']",Palazzo della Ragione,strategy_nearest,True,0.002544879913330078,success
04143DA28C3681,2,['Palazzo della Ragione'],Torre Lamberti,"['Sighseeing', 'Centro Fotografia', 'Museo Conte', 'Casa Giulietta', 'AMO']",San Fermo,strategy_nearest,False,0.002385854721069336,success
04144C429C4C81,0,"['Arena', 'San Zeno']",Casa Giulietta,"['Centro Fotografia', 'Sighseeing', 'Torre Lamberti', 'Museo Conte', 'Museo Radio']",Casa Giulietta,strategy_nearest,False,0.00315093994140625,success
04144D429C4C81,0,['Arena'],Castelvecchio,"['Museo Lapidario', 'Verona Tour', 'Museo Radio', 'San Zeno', 'Sighseeing']",Torre Lamberti,strategy_nearest,False,0.003319978713989258,success
041452429C4C81,3,"['Arena', 'Casa Giulietta']",Torre Lamberti,"['Sighseeing', 'Centro Fotografia', 'Museo Conte', 'Palazzo della Ragione', 'AMO']",Santa Anastasia,strategy_nearest,False,0.0017731189727783203,success
041460429C4C81,0,['Arena'],Casa Giulietta,"['Centro Fotografia', 'Sighseeing', 'Torre Lamberti', 'Museo Conte', 'Museo Radio']",Teatro Romano,strategy_nearest,False,0.0022699832916259766,success
041470429C4C81,1,['Arena'],Torre Lamberti,"['Sighseeing', 'Centro Fotografia', 'Museo Conte', 'Casa Giulietta', 'Palazzo della Ragione']",Palazzo della Ragione,strategy_nearest,True,0.002543210983276367,success
0414683A9C4C80,3,"['Torre Lamberti', 'Santa Anastasia']",Duomo,"['AMO', 'Museo Miniscalchi', 'Teatro Romano', 'Palazzo della Ragione', 'Museo Conte']",Teatro Romano,strategy_nearest,True,0.0020248889923095703,success
0414723A9C4C80,1,"['Arena', 'Casa Giulietta', 'San Fermo']",Torre Lamberti,"['Sighseeing', 'Centro Fotografia', 'Museo Conte', 'Palazzo della Ragione', 'AMO']",Palazzo della Ragione,strategy_nearest,True,0.0031371116638183594,success
041464429C4C81,0,['Museo Lapidario'],Arena,"['Verona Tour', 'Museo Radio', 'San Fermo', 'Casa Giulietta', 'Sighseeing']",Casa Giulietta,strategy_nearest,True,0.002129077911376953,success
04147B3A9C4C80,3,"['Arena', 'Casa Giulietta']",San Zeno,"['Castelvecchio', 'Verona Tour', 'Museo Lapidario', 'Museo Miniscalchi', 'Sighseeing']",Castelvecchio,strategy_nearest,True,0.0014719963073730469,success
0414723A9C4C81,0,['Castelvecchio'],San Zeno,"['Verona Tour', 'Museo Lapidario', 'Arena', 'Museo Miniscalchi', 'Sighseeing']",Arena,strategy_nearest,True,0.0027399063110351562,success
0414793A9C4C81,1,"['Museo Lapidario', 'Arena']",Casa Giulietta,"['Centro Fotografia', 'Sighseeing', 'Torre Lamberti', 'Museo Conte', 'Museo Radio']",Torre Lamberti,strategy_nearest,True,0.0021219253540039062,success
04147B429C4C80,0,['Arena'],Casa Giulietta,"['Centro Fotografia', 'Sighseeing', 'Torre Lamberti', 'Museo Conte', 'Museo Radio']",Torre Lamberti,strategy_nearest,True,0.003144979476928711,success
041485429C4C80,0,['Arena'],Castelvecchio,"['Museo Lapidario', 'Verona Tour', 'Museo Radio', 'San Zeno', 'Sighseeing']",Santa Anastasia,strategy_nearest,False,0.0024640560150146484,success
04147C4A9C4C81,0,['Arena'],Casa Giulietta,"['Centro Fotografia', 'Sighseeing', 'Torre Lamberti', 'Museo Conte', 'Museo Radio']",Torre Lamberti,strategy_nearest,True,0.0020029544830322266,success
041481429C4C80,3,"['Arena', 'San Zeno']",Torre Lamberti,"['Sighseeing', 'Centro Fotografia', 'Museo Conte', 'Casa Giulietta', 'Palazzo della Ragione']",Santa Anastasia,strategy_nearest,False,0.0019421577453613281,success
0414863A9C4C80,1,"['Arena', 'Casa Giulietta', 'Palazzo della Ragione', 'Torre Lamberti']",Santa Anastasia,"['AMO', 'Museo Conte', 'Teatro Romano', 'Centro Fotografia', 'Duomo']",Duomo,strategy_nearest,True,0.0028829574584960938,success
0414873A9C4C81,3,['Arena'],Santa Anastasia,"['AMO', 'Museo Conte', 'Palazzo della Ragione', 'Teatro Romano', 'Centro Fotografia']",Duomo,strategy_nearest,False,0.0019609928131103516,success
04148E4A9C4C81,0,['Arena'],Casa Giulietta,"['Centro Fotografia', 'Sighseeing', 'Torre Lamberti', 'Museo Conte', 'Museo Radio']",Castelvecchio,strategy_nearest,False,0.0028839111328125,success
0414904A9C4C81,3,"['Arena', 'Torre Lamberti']",Casa Giulietta,"['Centro Fotografia', 'Sighseeing', 'Museo Conte', 'Museo Radio', 'Palazzo della Ragione']",Santa Anastasia,strategy_nearest,False,0.0028619766235351562,success
041495429C4C80,1,['Arena'],Casa Giulietta,"['Centro Fotografia', 'Sighseeing', 'Torre Lamberti', 'Museo Conte', 'Museo Radio']",Torre Lamberti,strategy_nearest,True,0.0034608840942382812,success
041498429C4C80,0,['Arena'],Torre Lamberti,"['Sighseeing', 'Centro Fotografia', 'Museo Conte', 'Casa Giulietta', 'Palazzo della Ragione']",Casa Giulietta,strategy_nearest,True,0.002328157424926758,success
041499429C4C80,0,['Arena'],Casa Giulietta,"['Centro Fotografia', 'Sighseeing', 'Torre Lamberti', 'Museo Conte', 'Museo Radio']",Santa Anastasia,strategy_nearest,False,0.0027511119842529297,success
04149E429C4C80,3,"['Arena', 'Casa Giulietta']",Santa Anastasia,"['AMO', 'Museo Conte', 'Palazzo della Ragione', 'Teatro Romano', 'Centro Fotografia']",Teatro Romano,strategy_nearest,True,0.0020551681518554688,success
0414A0429C4C81,0,['Arena'],San Fermo,"['Museo Storia', 'Museo Radio', 'Casa Giulietta', 'Centro Fotografia', 'Sighseeing']",Teatro Romano,strategy_nearest,False,0.002638101577758789,success
0414A2429C4C80,3,"['Castelvecchio', 'Casa Giulietta']",Arena,"['Verona Tour', 'Museo Lapidario', 'Museo Radio', 'San Fermo', 'Sighseeing']",Torre Lamberti,strategy_nearest,False,0.0017652511596679688,success
0414A14A9C4C80,2,['Teatro Romano'],Duomo,"['AMO', 'Museo Miniscalchi', 'Santa Anastasia', 'Palazzo della Ragione', 'Museo Conte']",Castelvecchio,strategy_nearest,False,0.002640247344970703,success
0414A63A9C4C81,0,['Arena'],Castelvecchio,"['Museo Lapidario', 'Verona Tour', 'Museo Radio', 'San Zeno', 'Sighseeing']",Casa Giulietta,strategy_nearest,False,0.002424001693725586,success
0414AB429C4C80,3,"['Castelvecchio', 'Arena', 'Casa Giulietta', 'Santa Anastasia']",Torre Lamberti,"['Sighseeing', 'Centro Fotografia', 'Museo Conte', 'Palazzo della Ragione', 'AMO']",Duomo,strategy_nearest,False,0.002428770065307617,success
0414A64A9C4C81,3,"['Arena', 'Torre Lamberti']",Santa Anastasia,"['AMO', 'Museo Conte', 'Palazzo della Ragione', 'Teatro Romano', 'Centro Fotografia']",Duomo,strategy_nearest,False,0.002605915069580078,success
0414A9429C4C81,0,['Castelvecchio'],San Zeno,"['Verona Tour', 'Museo Lapidario', 'Arena', 'Museo Miniscalchi', 'Sighseeing']",Arena,strategy_nearest,True,0.002561807632446289,success
0414AF429C4C80,3,['Arena'],Casa Giulietta,"['Centro Fotografia', 'Sighseeing', 'Torre Lamberti', 'Museo Conte', 'Museo Radio']",Santa Anastasia,strategy_nearest,False,0.0029821395874023438,success
0414B0429C4C80,3,"['Casa Giulietta', 'Santa Anastasia']",Duomo,"['AMO', 'Museo Miniscalchi', 'Teatro Romano', 'Palazzo della Ragione', 'Museo Conte']",Tomba Giulietta,strategy_nearest,False,0.001973867416381836,success
0414B1429C4C80,0,['Casa Giulietta'],Santa Anastasia,"['AMO', 'Museo Conte', 'Palazzo della Ragione', 'Teatro Romano', 'Centro Fotografia']",Arena,strategy_nearest,False,0.0025577545166015625,success
0414C23A9C4C80,1,"['Arena', 'Torre Lamberti']",Palazzo della Ragione,"['AMO', 'Museo Conte', 'Centro Fotografia', 'Sighseeing', 'Santa Anastasia']",Santa Anastasia,strategy_nearest,True,0.0031490325927734375,success
0414B63A9C4C80,2,"['Torre Lamberti', 'Santa Anastasia']",Duomo,"['AMO', 'Museo Miniscalchi', 'Teatro Romano', 'Palazzo della Ragione', 'Museo Conte']",Teatro Romano,strategy_nearest,True,0.002552032470703125,success
0414C43A9C4C81,1,"['Arena', 'Torre Lamberti']",Palazzo della Ragione,"['AMO', 'Museo Conte', 'Centro Fotografia', 'Sighseeing', 'Santa Anastasia']",Museo Storia,strategy_nearest,False,0.0023441314697265625,success
0414C53A9C4C80,3,"['Arena', 'Santa Anastasia']",Giardino Giusti,"['Teatro Romano', 'Museo Conte', 'Centro Fotografia', 'Museo Storia', 'AMO']",Teatro Romano,strategy_nearest,True,0.002232074737548828,success
0414C73A9C4C80,3,"['Arena', 'Casa Giulietta', 'Torre Lamberti']",Santa Anastasia,"['AMO', 'Museo Conte', 'Palazzo della Ragione', 'Teatro Romano', 'Centro Fotografia']",Duomo,strategy_nearest,False,0.001631021499633789,success
0414C8429C4C80,2,['Casa Giulietta'],San Fermo,"['Museo Storia', 'Museo Radio', 'Centro Fotografia', 'Arena', 'Sighseeing']",Santa Anastasia,strategy_nearest,False,0.0019609928131103516,success
0414CA429C4C80,3,['Teatro Romano'],Santa Anastasia,"['AMO', 'Museo Conte', 'Palazzo della Ragione', 'Centro Fotografia', 'Duomo']",Arena,strategy_nearest,False,0.002160787582397461,success
0414C83A9C4C80,2,"['Torre Lamberti', 'Santa Anastasia']",Duomo,"['AMO', 'Museo Miniscalchi', 'Teatro Romano', 'Palazzo della Ragione', 'Museo Conte']",Casa Giulietta,strategy_nearest,False,0.0033369064331054688,success
0414CC3A9C4C80,3,['Arena'],Casa Giulietta,"['Centro Fotografia', 'Sighseeing', 'Torre Lamberti', 'Museo Conte', 'Museo Radio']",Santa Anastasia,strategy_nearest,False,0.0018451213836669922,success
0414D0429C4C81,2,['San Fermo'],Castelvecchio,"['Museo Lapidario', 'Verona Tour', 'Arena', 'Museo Radio', 'San Zeno']",San Zeno,strategy_nearest,True,0.0019969940185546875,success
0414CF3A9C4C80,3,['Arena'],Casa Giulietta,"['Centro Fotografia', 'Sighseeing', 'Torre Lamberti', 'Museo Conte', 'Museo Radio']",Santa Anastasia,strategy_nearest,False,0.002937793731689453,success
0414D13A9C4C81,0,['Arena'],Casa Giulietta,"['Centro Fotografia', 'Sighseeing', 'Torre Lamberti', 'Museo Conte', 'Museo Radio']",Torre Lamberti,strategy_nearest,True,0.0031538009643554688,success
0414E3429C4C81,1,"['Arena', 'Casa Giulietta', 'Torre Lamberti', 'Palazzo della Ragione']",Santa Anastasia,"['AMO', 'Museo Conte', 'Teatro Romano', 'Centro Fotografia', 'Duomo']",Duomo,strategy_nearest,True,0.0025060176849365234,success
0414D6429C4C80,2,"['Torre Lamberti', 'Palazzo della Ragione']",Santa Anastasia,"['AMO', 'Museo Conte', 'Teatro Romano', 'Centro Fotografia', 'Duomo']",Duomo,strategy_nearest,True,0.0018510818481445312,success
0414F73A9C4C81,3,"['Torre Lamberti', 'Arena', 'San Fermo']",Casa Giulietta,"['Centro Fotografia', 'Sighseeing', 'Museo Conte', 'Museo Radio', 'Palazzo della Ragione']",Santa Anastasia,strategy_nearest,False,0.0033867359161376953,success
0414E53A9C4C81,0,"['Teatro Romano', 'Torre Lamberti']",Casa Giulietta,"['Centro Fotografia', 'Sighseeing', 'Museo Conte', 'Museo Radio', 'Palazzo della Ragione']",Arena,strategy_nearest,False,0.0031669139862060547,success
0415433A9C4C81,0,"['Castelvecchio', 'Arena']",Casa Giulietta,"['Centro Fotografia', 'Sighseeing', 'Torre Lamberti', 'Museo Conte', 'Museo Radio']",Teatro Romano,strategy_nearest,False,0.002276897430419922,success
04154B429C4C81,0,['Arena'],Casa Giulietta,"['Centro Fotografia', 'Sighseeing', 'Torre Lamberti', 'Museo Conte', 'Museo Radio']",Castelvecchio,strategy_nearest,False,0.0031638145446777344,success
04154D429C4C81,0,['Arena'],Casa Giulietta,"['Centro Fotografia', 'Sighseeing', 'Torre Lamberti', 'Museo Conte', 'Museo Radio']",Tomba Giulietta,strategy_nearest,False,0.004293918609619141,success
0415533A9C4C81,2,['Santa Anastasia'],Giardino Giusti,"['Teatro Romano', 'Museo Conte', 'Centro Fotografia', 'Museo Storia', 'AMO']",San Fermo,strategy_nearest,False,0.0047838687896728516,success
0415693A9C4C81,0,['Teatro Romano'],Duomo,"['AMO', 'Museo Miniscalchi', 'Santa Anastasia', 'Palazzo della Ragione', 'Museo Conte']",Castelvecchio,strategy_nearest,False,0.0034170150756835938,success
041564429C4C81,1,"['Torre Lamberti', 'Palazzo della Ragione', 'Santa Anastasia']",Duomo,"['AMO', 'Museo Miniscalchi', 'Teatro Romano', 'Museo Conte', 'Centro Fotografia']",Teatro Romano,strategy_nearest,True,0.0048828125,success
041572429C4C81,3,"['Casa Giulietta', 'Arena']",Torre Lamberti,"['Sighseeing', 'Centro Fotografia', 'Museo Conte', 'Palazzo della Ragione', 'AMO']",Santa Anastasia,strategy_nearest,False,0.003511190414428711,success
041570429C4C81,1,"['Casa Giulietta', 'Palazzo della Ragione']",Torre Lamberti,"['Sighseeing', 'Centro Fotografia', 'Museo Conte', 'AMO', 'Museo Miniscalchi']",Santa Anastasia,strategy_nearest,False,0.002235889434814453,success
0415753A9C4C81,3,"['Arena', 'Castelvecchio']",Torre Lamberti,"['Sighseeing', 'Centro Fotografia', 'Museo Conte', 'Casa Giulietta', 'Palazzo della Ragione']",Duomo,strategy_nearest,False,0.0020291805267333984,success
0415753A9C4C80,0,['Torre Lamberti'],Casa Giulietta,"['Centro Fotografia', 'Sighseeing', 'Museo Conte', 'Museo Radio', 'Palazzo della Ragione']",Arena,strategy_nearest,False,0.005334138870239258,success
04157A3A9C4C81,3,"['Arena', 'Torre Lamberti']",Santa Anastasia,"['AMO', 'Museo Conte', 'Palazzo della Ragione', 'Teatro Romano', 'Centro Fotografia']",Duomo,strategy_nearest,False,0.003987312316894531,success
0415793A9C4C81,2,"['Santa Anastasia', 'Duomo']",San Fermo,"['Museo Storia', 'Museo Radio', 'Casa Giulietta', 'Centro Fotografia', 'Arena']",San Zeno,strategy_nearest,False,0.005713224411010742,success
04157C429C4C81,1,['Arena'],Palazzo della Ragione,"['AMO', 'Museo Conte', 'Torre Lamberti', 'Centro Fotografia', 'Sighseeing']",Torre Lamberti,strategy_nearest,True,0.0016970634460449219,success
04157E4A9C4C81,1,"['Museo Lapidario', 'Castelvecchio']",Arena,"['Verona Tour', 'Museo Radio', 'San Fermo', 'Casa Giulietta', 'Sighseeing']",Torre Lamberti,strategy_nearest,False,0.0032019615173339844,success
0415833A9C4C81,0,['Arena'],Casa Giulietta,"['Centro Fotografia', 'Sighseeing', 'Torre Lamberti', 'Museo Conte', 'Museo Radio']",Teatro Romano,strategy_nearest,False,0.0024678707122802734,success
04157D3A9C4C81,0,['Arena'],San Fermo,"['Museo Storia', 'Museo Radio', 'Casa Giulietta', 'Centro Fotografia', 'Sighseeing']",Castelvecchio,strategy_nearest,False,0.0038340091705322266,success
041585429C4C80,0,['Arena'],Museo Lapidario,"['Verona Tour', 'Castelvecchio', 'Museo Radio', 'San Fermo', 'Casa Giulietta']",Casa Giulietta,strategy_nearest,True,0.0012521743774414062,success
04158D3A9C4C80,0,"['Arena', 'San Fermo']",Casa Giulietta,"['Centro Fotografia', 'Sighseeing', 'Torre Lamberti', 'Museo Conte', 'Museo Radio']",Castelvecchio,strategy_nearest,False,0.002452850341796875,success
0415873A9C4C81,3,"['Arena', 'Casa Giulietta']",Torre Lamberti,"['Sighseeing', 'Centro Fotografia', 'Museo Conte', 'Palazzo della Ragione', 'AMO']",Santa Anastasia,strategy_nearest,False,0.0031490325927734375,success
04158D429C4C80,3,['Arena'],Torre Lamberti,"['Sighseeing', 'Centro Fotografia', 'Museo Conte', 'Casa Giulietta', 'Palazzo della Ragione']",Santa Anastasia,strategy_nearest,False,0.003735065460205078,success
04158D4A9C4C80,0,['Arena'],Casa Giulietta,"['Centro Fotografia', 'Sighseeing', 'Torre Lamberti', 'Museo Conte', 'Museo Radio']",Castelvecchio,strategy_nearest,False,0.003988981246948242,success
0415904A9C4C81,2,['Casa Giulietta'],Duomo,"['AMO', 'Museo Miniscalchi', 'Santa Anastasia', 'Teatro Romano', 'Palazzo della Ragione']",Teatro Romano,strategy_nearest,True,0.0021240711212158203,success
04158D4A9C4C81,0,"['Arena', 'Torre Lamberti']",Casa Giulietta,"['Centro Fotografia', 'Sighseeing', 'Museo Conte', 'Museo Radio', 'Palazzo della Ragione']",Castelvecchio,strategy_nearest,False,0.003648996353149414,success
04159A4A9C4C81,1,"['Arena', 'Casa Giulietta', 'Torre Lamberti']",Palazzo della Ragione,"['AMO', 'Museo Conte', 'Centro Fotografia', 'Sighseeing', 'Santa Anastasia']",Santa Anastasia,strategy_nearest,True,0.002691030502319336,success
04159B429C4C80,0,['Arena'],Torre Lamberti,"['Sighseeing', 'Centro Fotografia', 'Museo Conte', 'Casa Giulietta', 'Palazzo della Ragione']",Casa Giulietta,strategy_nearest,True,0.003312826156616211,success
04159D4A9C4C80,3,"['Arena', 'Casa Giulietta']",Castelvecchio,"['Museo Lapidario', 'Verona Tour', 'Museo Radio', 'San Zeno', 'Sighseeing']",Teatro Romano,strategy_nearest,False,0.0018150806427001953,success
0415A04A9C4C80,1,"['Arena', 'Casa Giulietta', 'Palazzo della Ragione']",Torre Lamberti,"['Sighseeing', 'Centro Fotografia', 'Museo Conte', 'AMO', 'Museo Miniscalchi']",Teatro Romano,strategy_nearest,False,0.0028100013732910156,success
0415A6429C4C80,2,"['Museo Storia', 'Duomo', 'Teatro Romano']",Casa Giulietta,"['Centro Fotografia', 'Sighseeing', 'Torre Lamberti', 'Museo Conte', 'Museo Radio']",San Fermo,strategy_nearest,False,0.002557992935180664,success
0415A2429C4C80,0,['Castelvecchio'],Arena,"['Verona Tour', 'Museo Lapidario', 'Museo Radio', 'San Fermo', 'Casa Giulietta']",Tomba Giulietta,strategy_nearest,False,0.002034902572631836,success
0415A34A9C4C80,0,['Arena'],Casa Giulietta,"['Centro Fotografia', 'Sighseeing', 'Torre Lamberti', 'Museo Conte', 'Museo Radio']",Torre Lamberti,strategy_nearest,True,0.002460002899169922,success
0415A9429C4C80,2,"['Castelvecchio', 'San Zeno']",Teatro Romano,"['Santa Anastasia', 'Duomo', 'AMO', 'Palazzo della Ragione', 'Museo Conte']",Duomo,strategy_nearest,True,0.002978801727294922,success
0415A94A9C4C81,3,['Arena'],Santa Anastasia,"['AMO', 'Museo Conte', 'Palazzo della Ragione', 'Teatro Romano', 'Centro Fotografia']",Duomo,strategy_nearest,False,0.0018460750579833984,success
0415AA429C4C80,0,['Arena'],Castelvecchio,"['Museo Lapidario', 'Verona Tour', 'Museo Radio', 'San Zeno', 'Sighseeing']",Casa Giulietta,strategy_nearest,False,0.0026051998138427734,success
0415AA4A9C4C81,0,"['Castelvecchio', 'San Zeno']",Arena,"['Verona Tour', 'Museo Lapidario', 'Museo Radio', 'San Fermo', 'Casa Giulietta']",Casa Giulietta,strategy_nearest,True,0.002560138702392578,success
0415AB429C4C81,0,['Arena'],Casa Giulietta,"['Centro Fotografia', 'Sighseeing', 'Torre Lamberti', 'Museo Conte', 'Museo Radio']",Duomo,strategy_nearest,False,0.0036211013793945312,success
0415AD429C4C80,3,"['Arena', 'Casa Giulietta', 'San Zeno']",San Fermo,"['Museo Storia', 'Museo Radio', 'Centro Fotografia', 'Sighseeing', 'Torre Lamberti']",Torre Lamberti,strategy_nearest,True,0.0031418800354003906,success
0415AF429C4C81,0,['Arena'],Casa Giulietta,"['Centro Fotografia', 'Sighseeing', 'Torre Lamberti', 'Museo Conte', 'Museo Radio']",Duomo,strategy_nearest,False,0.0012798309326171875,success
0415B0429C4C81,0,['Arena'],Castelvecchio,"['Museo Lapidario', 'Verona Tour', 'Museo Radio', 'San Zeno', 'Sighseeing']",Casa Giulietta,strategy_nearest,False,0.003086090087890625,success
0415B13A9C4C81,1,['Arena'],Palazzo della Ragione,"['AMO', 'Museo Conte', 'Torre Lamberti', 'Centro Fotografia', 'Sighseeing']",Torre Lamberti,strategy_nearest,True,0.0026988983154296875,success
0415BB3A9C4C81,2,"['Torre Lamberti', 'Palazzo della Ragione']",Santa Anastasia,"['AMO', 'Museo Conte', 'Teatro Romano', 'Centro Fotografia', 'Duomo']",Duomo,strategy_nearest,True,0.0019330978393554688,success
0415BD3A9C4C80,1,['Arena'],Castelvecchio,"['Museo Lapidario', 'Verona Tour', 'Museo Radio', 'San Zeno', 'Sighseeing']",Torre Lamberti,strategy_nearest,False,0.0031020641326904297,success
0415BF429C4C80,0,"['Casa Giulietta', 'Torre Lamberti']",Castelvecchio,"['Museo Lapidario', 'Verona Tour', 'Arena', 'Museo Radio', 'San Zeno']",Arena,strategy_nearest,True,0.0020759105682373047,success
0415C13A9C4C80,0,['Arena'],Castelvecchio,"['Museo Lapidario', 'Verona Tour', 'Museo Radio', 'San Zeno', 'Sighseeing']",Teatro Romano,strategy_nearest,False,0.0019137859344482422,success
0415C1429C4C80,2,['Torre Lamberti'],Casa Giulietta,"['Centro Fotografia', 'Sighseeing', 'Museo Conte', 'Museo Radio', 'Palazzo della Ragione']",Santa Anastasia,strategy_nearest,False,0.0028009414672851562,success
0415C43A9C4C80,3,"['San Zeno', 'Arena', 'Torre Lamberti', 'Santa Anastasia']",Duomo,"['AMO', 'Museo Miniscalchi', 'Teatro Romano', 'Palazzo della Ragione', 'Museo Conte']",Castelvecchio,strategy_nearest,False,0.002286195755004883,success
0415C3429C4C81,1,"['Arena', 'Torre Lamberti']",Palazzo della Ragione,"['AMO', 'Museo Conte', 'Centro Fotografia', 'Sighseeing', 'Santa Anastasia']",Museo Storia,strategy_nearest,False,0.00335693359375,success
0415C93A9C4C80,1,"['Torre Lamberti', 'Palazzo della Ragione']",Casa Giulietta,"['Centro Fotografia', 'Sighseeing', 'Museo Conte', 'Museo Radio', 'San Fermo']",Teatro Romano,strategy_nearest,False,0.0032701492309570312,success
0415CA429C4C80,1,"['Torre Lamberti', 'Palazzo della Ragione']",Casa Giulietta,"['Centro Fotografia', 'Sighseeing', 'Museo Conte', 'Museo Radio', 'San Fermo']",Santa Anastasia,strategy_nearest,False,0.002722024917602539,success
0415C93A9C4C81,3,"['Castelvecchio', 'Teatro Romano', 'Duomo']",Santa Anastasia,"['AMO', 'Museo Conte', 'Palazzo della Ragione', 'Centro Fotografia', 'Torre Lamberti']",Torre Lamberti,strategy_nearest,True,0.002061128616333008,success
0415CB429C4C80,3,"['Arena', 'Casa Giulietta']",Torre Lamberti,"['Sighseeing', 'Centro Fotografia', 'Museo Conte', 'Palazzo della Ragione', 'AMO']",Santa Anastasia,strategy_nearest,False,0.0028891563415527344,success
0415D63A9C4C81,3,"['Arena', 'San Fermo', 'Museo Storia', 'Teatro Romano']",Duomo,"['AMO', 'Museo Miniscalchi', 'Santa Anastasia', 'Palazzo della Ragione', 'Museo Conte']",Santa Anastasia,strategy_nearest,True,0.0019948482513427734,success
0415D23A9C4C81,3,['Arena'],Casa Giulietta,"['Centro Fotografia', 'Sighseeing', 'Torre Lamberti', 'Museo Conte', 'Museo Radio']",Santa Anastasia,strategy_nearest,False,0.002021312713623047,success
0415D83A9C4C81,2,"['Tomba Giulietta', 'San Fermo']",Casa Giulietta,"['Centro Fotografia', 'Sighseeing', 'Torre Lamberti', 'Museo Conte', 'Museo Radio']",Palazzo della Ragione,strategy_nearest,False,0.0024619102478027344,success
0415DB3A9C4C81,3,"['Arena', 'Museo Lapidario', 'Casa Giulietta', 'Torre Lamberti']",Santa Anastasia,"['AMO', 'Museo Conte', 'Palazzo della Ragione', 'Teatro Romano', 'Centro Fotografia']",Duomo,strategy_nearest,False,0.0015230178833007812,success
0415D93A9C4C80,3,"['Arena', 'Casa Giulietta', 'San Fermo']",Torre Lamberti,"['Sighseeing', 'Centro Fotografia', 'Museo Conte', 'Palazzo della Ragione', 'AMO']",Teatro Romano,strategy_nearest,False,0.004474163055419922,success
0415F8429C4C81,2,['Castelvecchio'],Santa Anastasia,"['AMO', 'Museo Conte', 'Palazzo della Ragione', 'Teatro Romano', 'Centro Fotografia']",Duomo,strategy_nearest,False,0.0024900436401367188,success
0415E63A9C4C81,3,"['Arena', 'Castelvecchio']",Casa Giulietta,"['Centro Fotografia', 'Sighseeing', 'Torre Lamberti', 'Museo Conte', 'Museo Radio']",Santa Anastasia,strategy_nearest,False,0.0032987594604492188,success
0415F9429C4C81,2,"['Torre Lamberti', 'Palazzo della Ragione']",Casa Giulietta,"['Centro Fotografia', 'Sighseeing', 'Museo Conte', 'Museo Radio', 'San Fermo']",Santa Anastasia,strategy_nearest,False,0.0016450881958007812,success
0415FA3A9C4C81,0,['Arena'],Casa Giulietta,"['Centro Fotografia', 'Sighseeing', 'Torre Lamberti', 'Museo Conte', 'Museo Radio']",Castelvecchio,strategy_nearest,False,0.0019478797912597656,success
0416453A9C4C81,3,"['Arena', 'Casa Giulietta']",Torre Lamberti,"['Sighseeing', 'Centro Fotografia', 'Museo Conte', 'Palazzo della Ragione', 'AMO']",Santa Anastasia,strategy_nearest,False,0.0026679039001464844,success
041647429C4C81,0,['Arena'],Castelvecchio,"['Museo Lapidario', 'Verona Tour', 'Museo Radio', 'San Zeno', 'Sighseeing']",Casa Giulietta,strategy_nearest,False,0.003309011459350586,success
041649429C4C81,0,['Arena'],Duomo,"['AMO', 'Museo Miniscalchi', 'Santa Anastasia', 'Teatro Romano', 'Palazzo della Ragione']",Castelvecchio,strategy_nearest,False,0.0022079944610595703,success
0416533A9C4C81,3,['Casa Giulietta'],Arena,"['Verona Tour', 'Museo Lapidario', 'Museo Radio', 'San Fermo', 'Sighseeing']",Santa Anastasia,strategy_nearest,False,0.002480030059814453,success
04165A3A9C4C81,2,"['Teatro Romano', 'Duomo', 'Castelvecchio', 'San Zeno']",Santa Anastasia,"['AMO', 'Museo Conte', 'Palazzo della Ragione', 'Centro Fotografia', 'Torre Lamberti']",Torre Lamberti,strategy_nearest,True,0.002404928207397461,success
0416613A9C4C80,3,"['San Fermo', 'Arena', 'Castelvecchio']",Teatro Romano,"['Santa Anastasia', 'Duomo', 'AMO', 'Palazzo della Ragione', 'Museo Conte']",Duomo,strategy_nearest,True,0.002496004104614258,success
04166B429C4C80,3,"['Torre Lamberti', 'Casa Giulietta']",Arena,"['Verona Tour', 'Museo Lapidario', 'Museo Radio', 'San Fermo', 'Sighseeing']",Santa Anastasia,strategy_nearest,False,0.0030536651611328125,success
04166D3A9C4C81,2,['Castelvecchio'],San Fermo,"['Museo Storia', 'Museo Radio', 'Casa Giulietta', 'Centro Fotografia', 'Arena']",Duomo,strategy_nearest,False,0.0025229454040527344,success
04166E3A9C4C80,0,['Arena'],Casa Giulietta,"['Centro Fotografia', 'Sighseeing', 'Torre Lamberti', 'Museo Conte', 'Museo Radio']",Teatro Romano,strategy_nearest,False,0.0017940998077392578,success
04166E429C4C81,3,"['Arena', 'Casa Giulietta']",Torre Lamberti,"['Sighseeing', 'Centro Fotografia', 'Museo Conte', 'Palazzo della Ragione', 'AMO']",Santa Anastasia,strategy_nearest,False,0.0025129318237304688,success
04167B429C4C80,3,['Arena'],Teatro Romano,"['Santa Anastasia', 'Duomo', 'AMO', 'Palazzo della Ragione', 'Museo Conte']",Santa Anastasia,strategy_nearest,True,0.0029387474060058594,success
0416834A9C4C80,3,['Arena'],Santa Anastasia,"['AMO', 'Museo Conte', 'Palazzo della Ragione', 'Teatro Romano', 'Centro Fotografia']",Duomo,strategy_nearest,False,0.0030930042266845703,success
0416863A9C4C80,0,['Arena'],Casa Giulietta,"['Centro Fotografia', 'Sighseeing', 'Torre Lamberti', 'Museo Conte', 'Museo Radio']",Torre Lamberti,strategy_nearest,True,0.0016901493072509766,success
0416893A9C4C81,3,"['Arena', 'Torre Lamberti']",Casa Giulietta,"['Centro Fotografia', 'Sighseeing', 'Museo Conte', 'Museo Radio', 'Palazzo della Ragione']",Santa Anastasia,strategy_nearest,False,0.0024161338806152344,success
0416893A9C4C80,3,"['Tomba Giulietta', 'Arena']",Casa Giulietta,"['Centro Fotografia', 'Sighseeing', 'Torre Lamberti', 'Museo Conte', 'Museo Radio']",Santa Anastasia,strategy_nearest,False,0.0019412040710449219,success
0416873A9C4C80,1,"['Arena', 'Casa Giulietta']",Torre Lamberti,"['Sighseeing', 'Centro Fotografia', 'Museo Conte', 'Palazzo della Ragione', 'AMO']",Palazzo della Ragione,strategy_nearest,True,0.002488851547241211,success
04168A429C4C81,0,['Arena'],Museo Lapidario,"['Verona Tour', 'Castelvecchio', 'Museo Radio', 'San Fermo', 'Casa Giulietta']",Castelvecchio,strategy_nearest,True,0.003263235092163086,success
04168D429C4C81,0,['Arena'],Casa Giulietta,"['Centro Fotografia', 'Sighseeing', 'Torre Lamberti', 'Museo Conte', 'Museo Radio']",Torre Lamberti,strategy_nearest,True,0.002035856246948242,success
04168C4A9C4C81,0,['Arena'],Casa Giulietta,"['Centro Fotografia', 'Sighseeing', 'Torre Lamberti', 'Museo Conte', 'Museo Radio']",Torre Lamberti,strategy_nearest,True,0.0026502609252929688,success
0416984A9C4C81,0,['Casa Giulietta'],Arena,"['Verona Tour', 'Museo Lapidario', 'Museo Radio', 'San Fermo', 'Sighseeing']",Museo Lapidario,strategy_nearest,True,0.003239154815673828,success
0416924A9C4C81,1,"['Arena', 'Palazzo della Ragione']",Casa Giulietta,"['Centro Fotografia', 'Sighseeing', 'Torre Lamberti', 'Museo Conte', 'Museo Radio']",Santa Anastasia,strategy_nearest,False,0.0027649402618408203,success
041699429C4C80,0,['Arena'],Casa Giulietta,"['Centro Fotografia', 'Sighseeing', 'Torre Lamberti', 'Museo Conte', 'Museo Radio']",Castelvecchio,strategy_nearest,False,0.00185394287109375,success
04169E4A9C4C81,3,"['Arena', 'Torre Lamberti']",Casa Giulietta,"['Centro Fotografia', 'Sighseeing', 'Museo Conte', 'Museo Radio', 'Palazzo della Ragione']",Duomo,strategy_nearest,False,0.002088308334350586,success
04169F429C4C81,3,['Arena'],Duomo,"['AMO', 'Museo Miniscalchi', 'Santa Anastasia', 'Teatro Romano', 'Palazzo della Ragione']",Santa Anastasia,strategy_nearest,True,0.0033271312713623047,success
0416A24A9C4C80,3,"['Arena', 'Casa Giulietta']",Santa Anastasia,"['AMO', 'Museo Conte', 'Palazzo della Ragione', 'Teatro Romano', 'Centro Fotografia']",Duomo,strategy_nearest,False,0.002621889114379883,success
0416A63A9C4C80,0,['Arena'],Casa Giulietta,"['Centro Fotografia', 'Sighseeing', 'Torre Lamberti', 'Museo Conte', 'Museo Radio']",Castelvecchio,strategy_nearest,False,0.0024111270904541016,success
0416A64A9C4C81,1,"['Arena', 'Torre Lamberti']",Palazzo della Ragione,"['AMO', 'Museo Conte', 'Centro Fotografia', 'Sighseeing', 'Santa Anastasia']",Santa Anastasia,strategy_nearest,True,0.0012242794036865234,success
0416AB429C4C80,0,['Arena'],Casa Giulietta,"['Centro Fotografia', 'Sighseeing', 'Torre Lamberti', 'Museo Conte', 'Museo Radio']",Teatro Romano,strategy_nearest,False,0.002463817596435547,success
0416AC3A9C4C80,0,['Arena'],Casa Giulietta,"['Centro Fotografia', 'Sighseeing', 'Torre Lamberti', 'Museo Conte', 'Museo Radio']",Santa Anastasia,strategy_nearest,False,0.0031709671020507812,success
0416AD429C4C81,3,['Arena'],Casa Giulietta,"['Centro Fotografia', 'Sighseeing', 'Torre Lamberti', 'Museo Conte', 'Museo Radio']",Santa Anastasia,strategy_nearest,False,0.0025131702423095703,success
0416AC429C4C81,0,['Arena'],Casa Giulietta,"['Centro Fotografia', 'Sighseeing', 'Torre Lamberti', 'Museo Conte', 'Museo Radio']",Torre Lamberti,strategy_nearest,True,0.0018880367279052734,success
0416AE3A9C4C80,1,"['Casa Giulietta', 'Palazzo della Ragione']",Torre Lamberti,"['Sighseeing', 'Centro Fotografia', 'Museo Conte', 'AMO', 'Museo Miniscalchi']",Santa Anastasia,strategy_nearest,False,0.0029571056365966797,success
0416B03A9C4C81,1,"['Arena', 'Casa Giulietta']",Torre Lamberti,"['Sighseeing', 'Centro Fotografia', 'Museo Conte', 'Palazzo della Ragione', 'AMO']",Santa Anastasia,strategy_nearest,False,0.0019903182983398438,success
0416C5429C4C81,0,['Arena'],Casa Giulietta,"['Centro Fotografia', 'Sighseeing', 'Torre Lamberti', 'Museo Conte', 'Museo Radio']",Santa Anastasia,strategy_nearest,False,0.0019779205322265625,success
0416B63A9C4C81,3,"['Castelvecchio', 'Arena']",San Zeno,"['Verona Tour', 'Museo Lapidario', 'Museo Miniscalchi', 'Sighseeing', 'Museo Radio']",Torre Lamberti,strategy_nearest,False,0.003328084945678711,success
0416C63A9C4C80,2,['Torre Lamberti'],Casa Giulietta,"['Centro Fotografia', 'Sighseeing', 'Museo Conte', 'Museo Radio', 'Palazzo della Ragione']",San Zeno,strategy_nearest,False,0.002257108688354492,success
0416C7429C4C81,0,['Arena'],Casa Giulietta,"['Centro Fotografia', 'Sighseeing', 'Torre Lamberti', 'Museo Conte', 'Museo Radio']",San Zeno,strategy_nearest,False,0.0017681121826171875,success
0416C73A9C4C81,0,"['Arena', 'Tomba Giulietta']",San Fermo,"['Museo Storia', 'Museo Radio', 'Casa Giulietta', 'Centro Fotografia', 'Sighseeing']",Casa Giulietta,strategy_nearest,True,0.0031762123107910156,success
0416C83A9C4C80,3,"['Arena', 'Casa Giulietta']",Torre Lamberti,"['Sighseeing', 'Centro Fotografia', 'Museo Conte', 'Palazzo della Ragione', 'AMO']",Santa Anastasia,strategy_nearest,False,0.002402067184448242,success
0416C93A9C4C80,3,"['Arena', 'San Fermo', 'Casa Giulietta']",Torre Lamberti,"['Sighseeing', 'Centro Fotografia', 'Museo Conte', 'Palazzo della Ragione', 'AMO']",Duomo,strategy_nearest,False,0.003076314926147461,success
0416CA429C4C80,0,['Duomo'],Arena,"['Verona Tour', 'Museo Lapidario', 'Museo Radio', 'San Fermo', 'Casa Giulietta']",Castelvecchio,strategy_nearest,False,0.002608060836791992,success
0416C93A9C4C81,0,['Arena'],Tomba Giulietta,"['San Fermo', 'Museo Storia', 'Museo Lapidario', 'Museo Radio', 'Verona Tour']",San Fermo,strategy_nearest,True,0.002435922622680664,success
0416CB3A9C4C80,0,['Arena'],Castelvecchio,"['Museo Lapidario', 'Verona Tour', 'Museo Radio', 'San Zeno', 'Sighseeing']",Santa Anastasia,strategy_nearest,False,0.0023620128631591797,success
0416CB429C4C80,3,"['Arena', 'San Fermo', 'Casa Giulietta', 'Torre Lamberti']",Santa Anastasia,"['AMO', 'Museo Conte', 'Palazzo della Ragione', 'Teatro Romano', 'Centro Fotografia']",Teatro Romano,strategy_nearest,True,0.0023789405822753906,success
0416CC3A9C4C81,0,['Arena'],Torre Lamberti,"['Sighseeing', 'Centro Fotografia', 'Museo Conte', 'Casa Giulietta', 'Palazzo della Ragione']",Duomo,strategy_nearest,False,0.0029876232147216797,success
0416D0429C4C81,1,"['Arena', 'Casa Giulietta', 'Torre Lamberti']",Palazzo della Ragione,"['AMO', 'Museo Conte', 'Centro Fotografia', 'Sighseeing', 'Santa Anastasia']",Santa Anastasia,strategy_nearest,True,0.002104043960571289,success
0416D33A9C4C81,2,['Casa Giulietta'],Torre Lamberti,"['Sighseeing', 'Centro Fotografia', 'Museo Conte', 'Palazzo della Ragione', 'AMO']",Santa Anastasia,strategy_nearest,False,0.0022830963134765625,success
0416DC3A9C4C80,0,['Arena'],Teatro Romano,"['Santa Anastasia', 'Duomo', 'AMO', 'Palazzo della Ragione', 'Museo Conte']",Casa Giulietta,strategy_nearest,False,0.0013928413391113281,success
0416D7429C4C81,3,"['Arena', 'Santa Anastasia']",Castelvecchio,"['Museo Lapidario', 'Verona Tour', 'Museo Radio', 'San Zeno', 'Sighseeing']",Teatro Romano,strategy_nearest,False,0.002408266067504883,success
04174A429C4C81,0,['Arena'],Castelvecchio,"['Museo Lapidario', 'Verona Tour', 'Museo Radio', 'San Zeno', 'Sighseeing']",Casa Giulietta,strategy_nearest,False,0.002893209457397461,success
0416E4429C4C81,3,"['San Zeno', 'Castelvecchio', 'Arena']",San Fermo,"['Museo Storia', 'Museo Radio', 'Casa Giulietta', 'Centro Fotografia', 'Sighseeing']",Giardino Giusti,strategy_nearest,False,0.0030450820922851562,success
04174C429C4C81,0,['Arena'],Casa Giulietta,"['Centro Fotografia', 'Sighseeing', 'Torre Lamberti', 'Museo Conte', 'Museo Radio']",Castelvecchio,strategy_nearest,False,0.004606962203979492,success
0416DD3A9C4C81,1,"['Arena', 'Castelvecchio']",Torre Lamberti,"['Sighseeing', 'Centro Fotografia', 'Museo Conte', 'Casa Giulietta', 'Palazzo della Ragione']",Palazzo della Ragione,strategy_nearest,True,0.0054700374603271484,success
0417713A9C4C81,3,"['Arena', 'San Fermo', 'Torre Lamberti']",Casa Giulietta,"['Centro Fotografia', 'Sighseeing', 'Museo Conte', 'Museo Radio', 'Palazzo della Ragione']",Tomba Giulietta,strategy_nearest,False,0.002218961715698242,success
0417773A9C4C80,1,"['Arena', 'Casa Giulietta', 'Palazzo della Ragione']",Torre Lamberti,"['Sighseeing', 'Centro Fotografia', 'Museo Conte', 'AMO', 'Museo Miniscalchi']",Santa Anastasia,strategy_nearest,False,0.003072023391723633,success
041773429C4C81,3,['Arena'],Santa Anastasia,"['AMO', 'Museo Conte', 'Palazzo della Ragione', 'Teatro Romano', 'Centro Fotografia']",Duomo,strategy_nearest,False,0.002526998519897461,success
04177F429C4C81,0,['Arena'],Santa Anastasia,"['AMO', 'Museo Conte', 'Palazzo della Ragione', 'Teatro Romano', 'Centro Fotografia']",Casa Giulietta,strategy_nearest,False,0.002724170684814453,success
0417733A9C4C80,0,['Arena'],Casa Giulietta,"['Centro Fotografia', 'Sighseeing', 'Torre Lamberti', 'Museo Conte', 'Museo Radio']",Castelvecchio,strategy_nearest,False,0.004584074020385742,success
04177D429C4C81,0,['Arena'],Torre Lamberti,"['Sighseeing', 'Centro Fotografia', 'Museo Conte', 'Casa Giulietta', 'Palazzo della Ragione']",Teatro Romano,strategy_nearest,False,0.007077932357788086,success
04177F4A9C4C80,3,"['Arena', 'Castelvecchio']",Casa Giulietta,"['Centro Fotografia', 'Sighseeing', 'Torre Lamberti', 'Museo Conte', 'Museo Radio']",Santa Anastasia,strategy_nearest,False,0.004656076431274414,success
0417803A9C4C81,2,['Santa Anastasia'],Duomo,"['AMO', 'Museo Miniscalchi', 'Teatro Romano', 'Palazzo della Ragione', 'Museo Conte']",Giardino Giusti,strategy_nearest,False,0.0056688785552978516,success
04178A4A9C4C80,0,['Arena'],Museo Lapidario,"['Verona Tour', 'Castelvecchio', 'Museo Radio', 'San Fermo', 'Casa Giulietta']",Castelvecchio,strategy_nearest,True,0.0035409927368164062,success
04178D4A9C4C80,0,['Duomo'],Teatro Romano,"['Santa Anastasia', 'AMO', 'Palazzo della Ragione', 'Museo Conte', 'Centro Fotografia']",Arena,strategy_nearest,False,0.0030777454376220703,success
0417904A9C4C80,3,"['Arena', 'Casa Giulietta']",Torre Lamberti,"['Sighseeing', 'Centro Fotografia', 'Museo Conte', 'Palazzo della Ragione', 'AMO']",Santa Anastasia,strategy_nearest,False,0.002855062484741211,success
0417934A9C4C80,2,['Castelvecchio'],Santa Anastasia,"['AMO', 'Museo Conte', 'Palazzo della Ragione', 'Teatro Romano', 'Centro Fotografia']",Torre Lamberti,strategy_nearest,False,0.004835844039916992,success
0417984A9C4C80,0,['Arena'],Casa Giulietta,"['Centro Fotografia', 'Sighseeing', 'Torre Lamberti', 'Museo Conte', 'Museo Radio']",Tomba Giulietta,strategy_nearest,False,0.0030291080474853516,success
041799429C4C81,2,"['Museo Lapidario', 'Castelvecchio', 'Tomba Giulietta']",San Fermo,"['Museo Storia', 'Museo Radio', 'Casa Giulietta', 'Centro Fotografia', 'Arena']",Casa Giulietta,strategy_nearest,True,0.003350973129272461,success
04179D4A9C4C81,1,"['Arena', 'Casa Giulietta']",Palazzo della Ragione,"['AMO', 'Museo Conte', 'Torre Lamberti', 'Centro Fotografia', 'Sighseeing']",Torre Lamberti,strategy_nearest,True,0.0023779869079589844,success
04179A429C4C81,0,['Arena'],San Zeno,"['Castelvecchio', 'Verona Tour', 'Museo Lapidario', 'Museo Miniscalchi', 'Sighseeing']",Casa Giulietta,strategy_nearest,False,0.003528118133544922,success
0417A4429C4C80,0,['Castelvecchio'],Arena,"['Verona Tour', 'Museo Lapidario', 'Museo Radio', 'San Fermo', 'Casa Giulietta']",Casa Giulietta,strategy_nearest,True,0.0019876956939697266,success
0417A2429C4C81,0,['Arena'],Casa Giulietta,"['Centro Fotografia', 'Sighseeing', 'Torre Lamberti', 'Museo Conte', 'Museo Radio']",Duomo,strategy_nearest,False,0.003809213638305664,success
0417A54A9C4C81,3,['Arena'],Casa Giulietta,"['Centro Fotografia', 'Sighseeing', 'Torre Lamberti', 'Museo Conte', 'Museo Radio']",Torre Lamberti,strategy_nearest,True,0.002644062042236328,success
0417A64A9C4C81,0,['Arena'],Casa Giulietta,"['Centro Fotografia', 'Sighseeing', 'Torre Lamberti', 'Museo Conte', 'Museo Radio']",Castelvecchio,strategy_nearest,False,0.0021011829376220703,success
0417A8429C4C80,1,"['Castelvecchio', 'Torre Lamberti']",Palazzo della Ragione,"['AMO', 'Museo Conte', 'Centro Fotografia', 'Sighseeing', 'Santa Anastasia']",Casa Giulietta,strategy_nearest,False,0.0034132003784179688,success
0417AB3A9C4C80,2,['Casa Giulietta'],Santa Anastasia,"['AMO', 'Museo Conte', 'Palazzo della Ragione', 'Teatro Romano', 'Centro Fotografia']",Castelvecchio,strategy_nearest,False,0.002458810806274414,success
0417AB4A9C4C80,2,['Castelvecchio'],Duomo,"['AMO', 'Museo Miniscalchi', 'Santa Anastasia', 'Teatro Romano', 'Palazzo della Ragione']",Palazzo della Ragione,strategy_nearest,True,0.0027980804443359375,success
0417B1429C4C81,3,"['Casa Giulietta', 'Arena', 'Tomba Giulietta']",Torre Lamberti,"['Sighseeing', 'Centro Fotografia', 'Museo Conte', 'Palazzo della Ragione', 'AMO']",Duomo,strategy_nearest,False,0.002686023712158203,success
0417AD429C4C81,2,['Casa Giulietta'],Torre Lamberti,"['Sighseeing', 'Centro Fotografia', 'Museo Conte', 'Palazzo della Ragione', 'AMO']",Santa Anastasia,strategy_nearest,False,0.004036903381347656,success
0417B5429C4C81,2,"['Casa Giulietta', 'Torre Lamberti']",Palazzo della Ragione,"['AMO', 'Museo Conte', 'Centro Fotografia', 'Sighseeing', 'Santa Anastasia']",Santa Anastasia,strategy_nearest,True,0.0032150745391845703,success
0417C03A9C4C80,1,"['Arena', 'Casa Giulietta']",Palazzo della Ragione,"['AMO', 'Museo Conte', 'Torre Lamberti', 'Centro Fotografia', 'Sighseeing']",Torre Lamberti,strategy_nearest,True,0.0022058486938476562,success
0417BA429C4C80,1,"['Casa Giulietta', 'Torre Lamberti']",Torre Lamberti,"['Sighseeing', 'Centro Fotografia', 'Museo Conte', 'Palazzo della Ragione', 'AMO']",Palazzo della Ragione,strategy_nearest,True,0.001628875732421875,success
0417BF3A9C4C80,1,"['Arena', 'Torre Lamberti']",Palazzo della Ragione,"['AMO', 'Museo Conte', 'Centro Fotografia', 'Sighseeing', 'Santa Anastasia']",Santa Anastasia,strategy_nearest,True,0.0029458999633789062,success
0417BF3A9C4C81,0,['Arena'],Torre Lamberti,"['Sighseeing', 'Centro Fotografia', 'Museo Conte', 'Casa Giulietta', 'Palazzo della Ragione']",Casa Giulietta,strategy_nearest,True,0.0037169456481933594,success
0417C73A9C4C80,3,"['Tomba Giulietta', 'Torre Lamberti', 'Casa Giulietta']",Arena,"['Verona Tour', 'Museo Lapidario', 'Museo Radio', 'San Fermo', 'Sighseeing']",Santa Anastasia,strategy_nearest,False,0.0035889148712158203,success
0417C83A9C4C80,3,"['Arena', 'Castelvecchio']",Casa Giulietta,"['Centro Fotografia', 'Sighseeing', 'Torre Lamberti', 'Museo Conte', 'Museo Radio']",Santa Anastasia,strategy_nearest,False,0.0020170211791992188,success
0417C1429C4C81,3,"['San Fermo', 'Torre Lamberti']",Santa Anastasia,"['AMO', 'Museo Conte', 'Palazzo della Ragione', 'Teatro Romano', 'Centro Fotografia']",Duomo,strategy_nearest,False,0.0022542476654052734,success
0417C83A9C4C81,2,"['Teatro Romano', 'Casa Giulietta']",Torre Lamberti,"['Sighseeing', 'Centro Fotografia', 'Museo Conte', 'Palazzo della Ragione', 'AMO']",Palazzo della Ragione,strategy_nearest,True,0.0034170150756835938,success
0417CA3A9C4C81,0,['Arena'],Torre Lamberti,"['Sighseeing', 'Centro Fotografia', 'Museo Conte', 'Casa Giulietta', 'Palazzo della Ragione']",Duomo,strategy_nearest,False,0.001981973648071289,success
0417CA429C4C80,0,['Arena'],Casa Giulietta,"['Centro Fotografia', 'Sighseeing', 'Torre Lamberti', 'Museo Conte', 'Museo Radio']",Torre Lamberti,strategy_nearest,True,0.0023660659790039062,success
0417CE429C4C81,3,"['Arena', 'Castelvecchio']",Torre Lamberti,"['Sighseeing', 'Centro Fotografia', 'Museo Conte', 'Casa Giulietta', 'Palazzo della Ragione']",Santa Anastasia,strategy_nearest,False,0.0030150413513183594,success
0417D33A9C4C81,1,['Arena'],Torre Lamberti,"['Sighseeing', 'Centro Fotografia', 'Museo Conte', 'Casa Giulietta', 'Palazzo della Ragione']",Palazzo della Ragione,strategy_nearest,True,0.003802776336669922,success
0417D73A9C4C81,1,"['Arena', 'Casa Giulietta', 'Duomo']",Teatro Romano,"['Santa Anastasia', 'AMO', 'Palazzo della Ragione', 'Museo Conte', 'Centro Fotografia']",Torre Lamberti,strategy_nearest,False,0.0031800270080566406,success
0417D43A9C4C81,0,['Arena'],San Fermo,"['Museo Storia', 'Museo Radio', 'Casa Giulietta', 'Centro Fotografia', 'Sighseeing']",Casa Giulietta,strategy_nearest,True,0.0023827552795410156,success
0417D9429C4C81,1,"['Arena', 'Castelvecchio']",Torre Lamberti,"['Sighseeing', 'Centro Fotografia', 'Museo Conte', 'Casa Giulietta', 'Palazzo della Ragione']",Palazzo della Ragione,strategy_nearest,True,0.0012722015380859375,success
0417E13A9C4C81,3,['Arena'],Torre Lamberti,"['Sighseeing', 'Centro Fotografia', 'Museo Conte', 'Casa Giulietta', 'Palazzo della Ragione']",Santa Anastasia,strategy_nearest,False,0.0020749568939208984,success
0417E53A9C4C81,0,['Arena'],Castelvecchio,"['Museo Lapidario', 'Verona Tour', 'Museo Radio', 'San Zeno', 'Sighseeing']",Casa Giulietta,strategy_nearest,False,0.0030930042266845703,success
0417D7429C4C81,2,"['Castelvecchio', 'San Zeno']",Torre Lamberti,"['Sighseeing', 'Centro Fotografia', 'Museo Conte', 'Casa Giulietta', 'Palazzo della Ragione']",Santa Anastasia,strategy_nearest,False,0.0037488937377929688,success
04184F429C4C81,0,"['Castelvecchio', 'Torre Lamberti']",Giardino Giusti,"['Santa Anastasia', 'Teatro Romano', 'Museo Conte', 'Centro Fotografia', 'Museo Storia']",Arena,strategy_nearest,False,0.002566099166870117,success
04186F3A9C4C81,2,"['Castelvecchio', 'Duomo']",Santa Anastasia,"['AMO', 'Museo Conte', 'Palazzo della Ragione', 'Teatro Romano', 'Centro Fotografia']",Casa Giulietta,strategy_nearest,False,0.0026988983154296875,success
0418723A9C4C81,1,"['Tomba Giulietta', 'Arena', 'Castelvecchio']",Casa Giulietta,"['Centro Fotografia', 'Sighseeing', 'Torre Lamberti', 'Museo Conte', 'Museo Radio']",Palazzo della Ragione,strategy_nearest,False,0.002869844436645508,success
0418713A9C4C81,3,"['Arena', 'San Zeno', 'Casa Giulietta']",Torre Lamberti,"['Sighseeing', 'Centro Fotografia', 'Museo Conte', 'Palazzo della Ragione', 'AMO']",Santa Anastasia,strategy_nearest,False,0.0035791397094726562,success
041873429C4C81,0,"['Arena', 'San Fermo']",Casa Giulietta,"['Centro Fotografia', 'Sighseeing', 'Torre Lamberti', 'Museo Conte', 'Museo Radio']",Teatro Romano,strategy_nearest,False,0.0031070709228515625,success
0418773A9C4C81,0,['Casa Giulietta'],Teatro Romano,"['Santa Anastasia', 'Duomo', 'AMO', 'Palazzo della Ragione', 'Museo Conte']",Arena,strategy_nearest,False,0.001989126205444336,success
0418793A9C4C81,0,['Duomo'],Castelvecchio,"['Museo Lapidario', 'Verona Tour', 'Arena', 'Museo Radio', 'San Zeno']",Arena,strategy_nearest,True,0.0032639503479003906,success
0418763A9C4C81,3,"['Arena', 'San Fermo']",Casa Giulietta,"['Centro Fotografia', 'Sighseeing', 'Torre Lamberti', 'Museo Conte', 'Museo Radio']",Santa Anastasia,strategy_nearest,False,0.0029249191284179688,success
04187B4A9C4C81,2,"['Torre Lamberti', 'Palazzo della Ragione']",Santa Anastasia,"['AMO', 'Museo Conte', 'Teatro Romano', 'Centro Fotografia', 'Duomo']",Duomo,strategy_nearest,True,0.0024199485778808594,success
04187C3A9C4C81,1,"['Arena', 'Torre Lamberti']",Casa Giulietta,"['Centro Fotografia', 'Sighseeing', 'Museo Conte', 'Museo Radio', 'Palazzo della Ragione']",Palazzo della Ragione,strategy_nearest,True,0.002148866653442383,success
0418813A9C4C81,1,['Arena'],Palazzo della Ragione,"['AMO', 'Museo Conte', 'Torre Lamberti', 'Centro Fotografia', 'Sighseeing']",Torre Lamberti,strategy_nearest,True,0.0028390884399414062,success
0418843A9C4C81,0,['Museo Lapidario'],Castelvecchio,"['Verona Tour', 'Arena', 'Museo Radio', 'San Zeno', 'Sighseeing']",Casa Giulietta,strategy_nearest,False,0.0026559829711914062,success
04188D4A9C4C81,0,"['Arena', 'Casa Giulietta']",San Fermo,"['Museo Storia', 'Museo Radio', 'Centro Fotografia', 'Sighseeing', 'Torre Lamberti']",Castelvecchio,strategy_nearest,False,0.0031349658966064453,success
04188E429C4C81,0,['Arena'],San Zeno,"['Castelvecchio', 'Verona Tour', 'Museo Lapidario', 'Museo Miniscalchi', 'Sighseeing']",Torre Lamberti,strategy_nearest,False,0.004072904586791992,success
0418904A9C4C81,1,"['Museo Lapidario', 'Tomba Giulietta']",San Fermo,"['Museo Storia', 'Museo Radio', 'Casa Giulietta', 'Centro Fotografia', 'Arena']",Palazzo della Ragione,strategy_nearest,False,0.0021822452545166016,success
041894429C4C81,3,['Arena'],Torre Lamberti,"['Sighseeing', 'Centro Fotografia', 'Museo Conte', 'Casa Giulietta', 'Palazzo della Ragione']",Santa Anastasia,strategy_nearest,False,0.0025370121002197266,success
04189C429C4C81,3,"['Arena', 'Casa Giulietta']",Santa Anastasia,"['AMO', 'Museo Conte', 'Palazzo della Ragione', 'Teatro Romano', 'Centro Fotografia']",Teatro Romano,strategy_nearest,True,0.0011439323425292969,success
0418A8429C4C81,3,['Arena'],Santa Anastasia,"['AMO', 'Museo Conte', 'Palazzo della Ragione', 'Teatro Romano', 'Centro Fotografia']",Duomo,strategy_nearest,False,0.002309083938598633,success
0418A9429C4C81,1,"['Arena', 'Torre Lamberti']",Palazzo della Ragione,"['AMO', 'Museo Conte', 'Centro Fotografia', 'Sighseeing', 'Santa Anastasia']",Duomo,strategy_nearest,False,0.0028908252716064453,success
0418AB429C4C81,1,"['Arena', 'Torre Lamberti']",Palazzo della Ragione,"['AMO', 'Museo Conte', 'Centro Fotografia', 'Sighseeing', 'Santa Anastasia']",Santa Anastasia,strategy_nearest,True,0.003325939178466797,success
0418B3429C4C81,0,['Arena'],Casa Giulietta,"['Centro Fotografia', 'Sighseeing', 'Torre Lamberti', 'Museo Conte', 'Museo Radio']",Torre Lamberti,strategy_nearest,True,0.0018050670623779297,success
0418B43A9C4C81,2,['Torre Lamberti'],Palazzo della Ragione,"['AMO', 'Museo Conte', 'Centro Fotografia', 'Sighseeing', 'Santa Anastasia']",Casa Giulietta,strategy_nearest,False,0.0019838809967041016,success
0418B63A9C4C81,0,"['Arena', 'Museo Lapidario']",Castelvecchio,"['Verona Tour', 'Museo Radio', 'San Zeno', 'Sighseeing', 'Museo Miniscalchi']",Casa Giulietta,strategy_nearest,False,0.002669095993041992,success
0418B53A9C4C81,3,"['Arena', 'Santa Anastasia']",Casa Giulietta,"['Centro Fotografia', 'Sighseeing', 'Torre Lamberti', 'Museo Conte', 'Museo Radio']",Duomo,strategy_nearest,False,0.003092050552368164,success
0418B7429C4C81,0,"['Arena', 'Casa Giulietta']",Teatro Romano,"['Santa Anastasia', 'Duomo', 'AMO', 'Palazzo della Ragione', 'Museo Conte']",Castelvecchio,strategy_nearest,False,0.003009796142578125,success
0418B73A9C4C81,0,['Arena'],Casa Giulietta,"['Centro Fotografia', 'Sighseeing', 'Torre Lamberti', 'Museo Conte', 'Museo Radio']",Castelvecchio,strategy_nearest,False,0.0025839805603027344,success
0418C0429C4C81,0,['Arena'],Casa Giulietta,"['Centro Fotografia', 'Sighseeing', 'Torre Lamberti', 'Museo Conte', 'Museo Radio']",Torre Lamberti,strategy_nearest,True,0.002460002899169922,success
0418BD3A9C4C81,3,['Arena'],Casa Giulietta,"['Centro Fotografia', 'Sighseeing', 'Torre Lamberti', 'Museo Conte', 'Museo Radio']",Santa Anastasia,strategy_nearest,False,0.002009868621826172,success
0418BE3A9C4C81,1,"['Arena', 'Tomba Giulietta']",Torre Lamberti,"['Sighseeing', 'Centro Fotografia', 'Museo Conte', 'Casa Giulietta', 'Palazzo della Ragione']",Palazzo della Ragione,strategy_nearest,True,0.002599000930786133,success
0418C2429C4C81,0,['Casa Giulietta'],Castelvecchio,"['Museo Lapidario', 'Verona Tour', 'Arena', 'Museo Radio', 'San Zeno']",Arena,strategy_nearest,True,0.0032906532287597656,success
0418C43A9C4C81,0,"['Arena', 'Casa Giulietta']",Torre Lamberti,"['Sighseeing', 'Centro Fotografia', 'Museo Conte', 'Palazzo della Ragione', 'AMO']",Castelvecchio,strategy_nearest,False,0.002107858657836914,success
0418C53A9C4C81,1,"['Casa Giulietta', 'Torre Lamberti', 'Duomo']",Palazzo della Ragione,"['AMO', 'Museo Conte', 'Centro Fotografia', 'Sighseeing', 'Santa Anastasia']",Arena,strategy_nearest,False,0.0025107860565185547,success
0418C5429C4C81,3,"['Arena', 'Tomba Giulietta', 'San Fermo']",Santa Anastasia,"['AMO', 'Museo Conte', 'Palazzo della Ragione', 'Teatro Romano', 'Centro Fotografia']",Duomo,strategy_nearest,False,0.0028600692749023438,success
0418C33A9C4C81,0,['Arena'],Casa Giulietta,"['Centro Fotografia', 'Sighseeing', 'Torre Lamberti', 'Museo Conte', 'Museo Radio']",Castelvecchio,strategy_nearest,False,0.0037081241607666016,success
0418C73A9C4C80,0,['Tomba Giulietta'],Arena,"['Verona Tour', 'Museo Lapidario', 'Museo Radio', 'San Fermo', 'Casa Giulietta']",Casa Giulietta,strategy_nearest,True,0.0023751258850097656,success
0418D13A9C4C81,3,['Arena'],Torre Lamberti,"['Sighseeing', 'Centro Fotografia', 'Museo Conte', 'Casa Giulietta', 'Palazzo della Ragione']",Santa Anastasia,strategy_nearest,False,0.0028400421142578125,success
0418DE3A9C4C81,1,"['Arena', 'Torre Lamberti']",Palazzo della Ragione,"['AMO', 'Museo Conte', 'Centro Fotografia', 'Sighseeing', 'Santa Anastasia']",Casa Giulietta,strategy_nearest,False,0.0027132034301757812,success
0418DF429C4C81,2,['Castelvecchio'],San Zeno,"['Verona Tour', 'Museo Lapidario', 'Arena', 'Museo Miniscalchi', 'Sighseeing']",Torre Lamberti,strategy_nearest,False,0.003021240234375,success
0418DC3A9C4C81,2,['Castelvecchio'],San Zeno,"['Verona Tour', 'Museo Lapidario', 'Arena', 'Museo Miniscalchi', 'Sighseeing']",Torre Lamberti,strategy_nearest,False,0.003313302993774414,success
0418E23A9C4C81,3,['Arena'],Casa Giulietta,"['Centro Fotografia', 'Sighseeing', 'Torre Lamberti', 'Museo Conte', 'Museo Radio']",Santa Anastasia,strategy_nearest,False,0.0018558502197265625,success
0419413A9C4C81,3,['Arena'],Casa Giulietta,"['Centro Fotografia', 'Sighseeing', 'Torre Lamberti', 'Museo Conte', 'Museo Radio']",Torre Lamberti,strategy_nearest,True,0.001710653305053711,success
04194B429C4C81,3,"['Arena', 'Castelvecchio']",Tomba Giulietta,"['San Fermo', 'Museo Storia', 'Museo Lapidario', 'Museo Radio', 'Verona Tour']",Duomo,strategy_nearest,False,0.0025000572204589844,success
04194D3A9C4C81,3,"['Tomba Giulietta', 'Arena', 'Casa Giulietta']",Santa Anastasia,"['AMO', 'Museo Conte', 'Palazzo della Ragione', 'Teatro Romano', 'Centro Fotografia']",Duomo,strategy_nearest,False,0.002958059310913086,success
041962429C4C80,0,['Arena'],Teatro Romano,"['Santa Anastasia', 'Duomo', 'AMO', 'Palazzo della Ragione', 'Museo Conte']",Castelvecchio,strategy_nearest,False,0.0015461444854736328,success
041950429C4C81,3,"['Arena', 'Casa Giulietta']",Torre Lamberti,"['Sighseeing', 'Centro Fotografia', 'Museo Conte', 'Palazzo della Ragione', 'AMO']",Santa Anastasia,strategy_nearest,False,0.0025129318237304688,success
04196E429C4C81,0,['Arena'],Torre Lamberti,"['Sighseeing', 'Centro Fotografia', 'Museo Conte', 'Casa Giulietta', 'Palazzo della Ragione']",Casa Giulietta,strategy_nearest,True,0.0023260116577148438,success
04196C429C4C80,0,['Arena'],Casa Giulietta,"['Centro Fotografia', 'Sighseeing', 'Torre Lamberti', 'Museo Conte', 'Museo Radio']",Teatro Romano,strategy_nearest,False,0.0018532276153564453,success
041963429C4C80,3,"['Arena', 'Casa Giulietta', 'San Fermo']",Santa Anastasia,"['AMO', 'Museo Conte', 'Palazzo della Ragione', 'Teatro Romano', 'Centro Fotografia']",Duomo,strategy_nearest,False,0.00421905517578125,success
0419733A9C4C81,1,"['Arena', 'Torre Lamberti']",Palazzo della Ragione,"['AMO', 'Museo Conte', 'Centro Fotografia', 'Sighseeing', 'Santa Anastasia']",Santa Anastasia,strategy_nearest,True,0.0017337799072265625,success
0419783A9C4C81,0,['Castelvecchio'],Arena,"['Verona Tour', 'Museo Lapidario', 'Museo Radio', 'San Fermo', 'Casa Giulietta']",Casa Giulietta,strategy_nearest,True,0.0022988319396972656,success
0419773A9C4C80,3,"['Arena', 'San Fermo']",Duomo,"['AMO', 'Museo Miniscalchi', 'Santa Anastasia', 'Teatro Romano', 'Palazzo della Ragione']",Castelvecchio,strategy_nearest,False,0.0025658607482910156,success
041986429C4C81,1,['Arena'],Palazzo della Ragione,"['AMO', 'Museo Conte', 'Torre Lamberti', 'Centro Fotografia', 'Sighseeing']",Torre Lamberti,strategy_nearest,True,0.001798868179321289,success
0419844A9C4C80,0,"['Arena', 'Casa Giulietta']",Torre Lamberti,"['Sighseeing', 'Centro Fotografia', 'Museo Conte', 'Palazzo della Ragione', 'AMO']",Castelvecchio,strategy_nearest,False,0.0023779869079589844,success
0419873A9C4C81,1,"['Arena', 'San Fermo']",Palazzo della Ragione,"['AMO', 'Museo Conte', 'Torre Lamberti', 'Centro Fotografia', 'Sighseeing']",Torre Lamberti,strategy_nearest,True,0.0024971961975097656,success
04198A4A9C4C81,0,['Arena'],Casa Giulietta,"['Centro Fotografia', 'Sighseeing', 'Torre Lamberti', 'Museo Conte', 'Museo Radio']",Torre Lamberti,strategy_nearest,True,0.002424001693725586,success
041993429C4C80,0,['Arena'],Torre Lamberti,"['Sighseeing', 'Centro Fotografia', 'Museo Conte', 'Casa Giulietta', 'Palazzo della Ragione']",Casa Giulietta,strategy_nearest,True,0.0030422210693359375,success
04198E3A9C4C80,1,"['Arena', 'Casa Giulietta', 'Torre Lamberti']",Palazzo della Ragione,"['AMO', 'Museo Conte', 'Centro Fotografia', 'Sighseeing', 'Santa Anastasia']",Santa Anastasia,strategy_nearest,True,0.0023899078369140625,success
04198E429C4C80,3,"['Arena', 'Castelvecchio', 'Duomo']",Torre Lamberti,"['Sighseeing', 'Centro Fotografia', 'Museo Conte', 'Casa Giulietta', 'Palazzo della Ragione']",Casa Giulietta,strategy_nearest,True,0.0017669200897216797,success
041994429C4C80,3,"['Arena', 'Castelvecchio']",Duomo,"['AMO', 'Museo Miniscalchi', 'Santa Anastasia', 'Teatro Romano', 'Palazzo della Ragione']",Santa Anastasia,strategy_nearest,True,0.0019600391387939453,success
0419A5429C4C81,0,['Castelvecchio'],Casa Giulietta,"['Centro Fotografia', 'Sighseeing', 'Torre Lamberti', 'Museo Conte', 'Museo Radio']",Arena,strategy_nearest,False,0.001965045928955078,success
0419A54A9C4C81,0,"['Arena', 'Casa Giulietta']",Torre Lamberti,"['Sighseeing', 'Centro Fotografia', 'Museo Conte', 'Palazzo della Ragione', 'AMO']",Teatro Romano,strategy_nearest,False,0.002474069595336914,success
0419A74A9C4C80,0,['Arena'],Casa Giulietta,"['Centro Fotografia', 'Sighseeing', 'Torre Lamberti', 'Museo Conte', 'Museo Radio']",Torre Lamberti,strategy_nearest,True,0.003220081329345703,success
0419A8429C4C81,3,"['Arena', 'Museo Lapidario']",Casa Giulietta,"['Centro Fotografia', 'Sighseeing', 'Torre Lamberti', 'Museo Conte', 'Museo Radio']",Santa Anastasia,strategy_nearest,False,0.0027740001678466797,success
0419B1429C4C81,1,"['Arena', 'Casa Giulietta']",Torre Lamberti,"['Sighseeing', 'Centro Fotografia', 'Museo Conte', 'Palazzo della Ragione', 'AMO']",Palazzo della Ragione,strategy_nearest,True,0.0014526844024658203,success
0419B33A9C4C81,1,['Arena'],Casa Giulietta,"['Centro Fotografia', 'Sighseeing', 'Torre Lamberti', 'Museo Conte', 'Museo Radio']",Palazzo della Ragione,strategy_nearest,False,0.0030069351196289062,success
0419A84A9C4C80,2,['Castelvecchio'],Duomo,"['AMO', 'Museo Miniscalchi', 'Santa Anastasia', 'Teatro Romano', 'Palazzo della Ragione']",Santa Anastasia,strategy_nearest,True,0.003576040267944336,success
0419B63A9C4C81,1,"['Casa Giulietta', 'Torre Lamberti', 'Palazzo della Ragione']",Santa Anastasia,"['AMO', 'Museo Conte', 'Teatro Romano', 'Centro Fotografia', 'Duomo']",Duomo,strategy_nearest,True,0.0024788379669189453,success
0419B53A9C4C80,0,['Arena'],Casa Giulietta,"['Centro Fotografia', 'Sighseeing', 'Torre Lamberti', 'Museo Conte', 'Museo Radio']",Teatro Romano,strategy_nearest,False,0.002624034881591797,success
0419B73A9C4C81,3,"['Castelvecchio', 'Arena']",Duomo,"['AMO', 'Museo Miniscalchi', 'Santa Anastasia', 'Teatro Romano', 'Palazzo della Ragione']",Santa Anastasia,strategy_nearest,True,0.0023338794708251953,success
0419B9429C4C81,3,['Arena'],San Fermo,"['Museo Storia', 'Museo Radio', 'Casa Giulietta', 'Centro Fotografia', 'Sighseeing']",Santa Anastasia,strategy_nearest,False,0.0023279190063476562,success
0419B9429C4C80,0,['Arena'],San Fermo,"['Museo Storia', 'Museo Radio', 'Casa Giulietta', 'Centro Fotografia', 'Sighseeing']",Teatro Romano,strategy_nearest,False,0.002232074737548828,success
0419BC3A9C4C80,0,['Arena'],Casa Giulietta,"['Centro Fotografia', 'Sighseeing', 'Torre Lamberti', 'Museo Conte', 'Museo Radio']",Castelvecchio,strategy_nearest,False,0.0026781558990478516,success
0419BA429C4C80,1,"['Casa Giulietta', 'Torre Lamberti']",Palazzo della Ragione,"['AMO', 'Museo Conte', 'Centro Fotografia', 'Sighseeing', 'Santa Anastasia']",Duomo,strategy_nearest,False,0.003471851348876953,success
0419BD429C4C80,3,"['Castelvecchio', 'Teatro Romano', 'Duomo']",Santa Anastasia,"['AMO', 'Museo Conte', 'Palazzo della Ragione', 'Centro Fotografia', 'Torre Lamberti']",Torre Lamberti,strategy_nearest,True,0.002081155776977539,success
0419C13A9C4C81,1,['Arena'],Casa Giulietta,"['Centro Fotografia', 'Sighseeing', 'Torre Lamberti', 'Museo Conte', 'Museo Radio']",Torre Lamberti,strategy_nearest,True,0.0029990673065185547,success
0419C03A9C4C80,2,"['Casa Giulietta', 'Teatro Romano']",Santa Anastasia,"['AMO', 'Museo Conte', 'Palazzo della Ragione', 'Centro Fotografia', 'Duomo']",Castelvecchio,strategy_nearest,False,0.0024137496948242188,success
0419C8429C4C80,2,['Duomo'],Museo Storia,"['San Fermo', 'Museo Radio', 'Casa Giulietta', 'Centro Fotografia', 'Tomba Giulietta']",Torre Lamberti,strategy_nearest,False,0.0034241676330566406,success
0419C93A9C4C81,0,['Castelvecchio'],Arena,"['Verona Tour', 'Museo Lapidario', 'Museo Radio', 'San Fermo', 'Casa Giulietta']",Teatro Romano,strategy_nearest,False,0.0011599063873291016,success
0419CD429C4C81,0,['Arena'],Castelvecchio,"['Museo Lapidario', 'Verona Tour', 'Museo Radio', 'San Zeno', 'Sighseeing']",Teatro Romano,strategy_nearest,False,0.0021398067474365234,success
0419CC3A9C4C80,3,['Castelvecchio'],Arena,"['Verona Tour', 'Museo Lapidario', 'Museo Radio', 'San Fermo', 'Casa Giulietta']",San Zeno,strategy_nearest,False,0.0027980804443359375,success
0419CD3A9C4C81,0,['Arena'],Teatro Romano,"['Santa Anastasia', 'Duomo', 'AMO', 'Palazzo della Ragione', 'Museo Conte']",Duomo,strategy_nearest,True,0.003453969955444336,success
0419D13A9C4C81,1,['Arena'],Casa Giulietta,"['Centro Fotografia', 'Sighseeing', 'Torre Lamberti', 'Museo Conte', 'Museo Radio']",Palazzo della Ragione,strategy_nearest,False,0.0020029544830322266,success
0419DF3A9C4C80,3,"['Arena', 'Torre Lamberti']",Casa Giulietta,"['Centro Fotografia', 'Sighseeing', 'Museo Conte', 'Museo Radio', 'Palazzo della Ragione']",Santa Anastasia,strategy_nearest,False,0.0028519630432128906,success
0419D83A9C4C81,2,"['Tomba Giulietta', 'San Fermo']",Casa Giulietta,"['Centro Fotografia', 'Sighseeing', 'Torre Lamberti', 'Museo Conte', 'Museo Radio']",Palazzo della Ragione,strategy_nearest,False,0.002149343490600586,success
0419E1429C4C81,1,"['Palazzo della Ragione', 'Arena']",Tomba Giulietta,"['San Fermo', 'Museo Storia', 'Museo Lapidario', 'Museo Radio', 'Verona Tour']",Casa Giulietta,strategy_nearest,False,0.003347158432006836,success
041A403A9C4C81,3,['Arena'],Casa Giulietta,"['Centro Fotografia', 'Sighseeing', 'Torre Lamberti', 'Museo Conte', 'Museo Radio']",Torre Lamberti,strategy_nearest,True,0.002332925796508789,success
041A50429C4C81,0,"['Arena', 'Castelvecchio']",San Zeno,"['Verona Tour', 'Museo Lapidario', 'Museo Miniscalchi', 'Sighseeing', 'Museo Radio']",Casa Giulietta,strategy_nearest,False,0.0032498836517333984,success
041A523A9C4C81,0,['Arena'],Torre Lamberti,"['Sighseeing', 'Centro Fotografia', 'Museo Conte', 'Casa Giulietta', 'Palazzo della Ragione']",Casa Giulietta,strategy_nearest,True,0.002299785614013672,success
041A5C429C4C80,3,"['San Zeno', 'Santa Anastasia']",Torre Lamberti,"['Sighseeing', 'Centro Fotografia', 'Museo Conte', 'Casa Giulietta', 'Palazzo della Ragione']",Casa Giulietta,strategy_nearest,True,0.004266977310180664,success
041A59429C4C81,1,"['Casa Giulietta', 'Torre Lamberti']",Palazzo della Ragione,"['AMO', 'Museo Conte', 'Centro Fotografia', 'Sighseeing', 'Santa Anastasia']",Castelvecchio,strategy_nearest,False,0.002959012985229492,success
041A5F429C4C81,3,"['Arena', 'San Fermo']",Santa Anastasia,"['AMO', 'Museo Conte', 'Palazzo della Ragione', 'Teatro Romano', 'Centro Fotografia']",San Zeno,strategy_nearest,False,0.0026159286499023438,success
041A613A9C4C81,0,['Arena'],Castelvecchio,"['Museo Lapidario', 'Verona Tour', 'Museo Radio', 'San Zeno', 'Sighseeing']",Torre Lamberti,strategy_nearest,False,0.0015578269958496094,success
041A603A9C4C80,2,"['San Zeno', 'Castelvecchio', 'Casa Giulietta']",Duomo,"['AMO', 'Museo Miniscalchi', 'Santa Anastasia', 'Teatro Romano', 'Palazzo della Ragione']",Teatro Romano,strategy_nearest,True,0.0035490989685058594,success
041A5F429C4C80,0,['Arena'],Castelvecchio,"['Museo Lapidario', 'Verona Tour', 'Museo Radio', 'San Zeno', 'Sighseeing']",Torre Lamberti,strategy_nearest,False,0.007565975189208984,success
041A62429C4C80,3,"['Arena', 'Casa Giulietta', 'Torre Lamberti']",Santa Anastasia,"['AMO', 'Museo Conte', 'Palazzo della Ragione', 'Teatro Romano', 'Centro Fotografia']",Teatro Romano,strategy_nearest,True,0.0032477378845214844,success
041A633A9C4C80,1,"['Palazzo della Ragione', 'Teatro Romano', 'Santa Anastasia']",Casa Giulietta,"['Centro Fotografia', 'Sighseeing', 'Torre Lamberti', 'Museo Conte', 'Museo Radio']",San Zeno,strategy_nearest,False,0.003427743911743164,success
041A643A9C4C81,2,"['Torre Lamberti', 'Torre Lamberti', 'Palazzo della Ragione', 'Santa Anastasia']",Duomo,"['AMO', 'Museo Miniscalchi', 'Teatro Romano', 'Museo Conte', 'Centro Fotografia']",Casa Giulietta,strategy_nearest,False,0.003654956817626953,success
041A65429C4C80,1,"['Arena', 'Casa Giulietta', 'Torre Lamberti']",Palazzo della Ragione,"['AMO', 'Museo Conte', 'Centro Fotografia', 'Sighseeing', 'Santa Anastasia']",Santa Anastasia,strategy_nearest,True,0.004469156265258789,success
041A6E3A9C4C80,3,"['Torre Lamberti', 'Duomo']",Teatro Romano,"['Santa Anastasia', 'AMO', 'Palazzo della Ragione', 'Museo Conte', 'Centro Fotografia']",San Zeno,strategy_nearest,False,0.0025458335876464844,success
041A733A9C4C81,0,['Tomba Giulietta'],Arena,"['Verona Tour', 'Museo Lapidario', 'Museo Radio', 'San Fermo', 'Casa Giulietta']",Casa Giulietta,strategy_nearest,True,0.002627134323120117,success
041A6F3A9C4C81,1,"['Castelvecchio', 'Teatro Romano', 'Casa Giulietta', 'Arena']",Museo Lapidario,"['Verona Tour', 'Museo Radio', 'San Fermo', 'Tomba Giulietta', 'Sighseeing']",Tomba Giulietta,strategy_nearest,True,0.003014802932739258,success
041A743A9C4C80,3,['Casa Giulietta'],Santa Anastasia,"['AMO', 'Museo Conte', 'Palazzo della Ragione', 'Teatro Romano', 'Centro Fotografia']",Arena,strategy_nearest,False,0.003378152847290039,success
041A7D429C4C81,0,['Arena'],Casa Giulietta,"['Centro Fotografia', 'Sighseeing', 'Torre Lamberti', 'Museo Conte', 'Museo Radio']",Torre Lamberti,strategy_nearest,True,0.0031540393829345703,success
041A7B3A9C4C81,1,['Arena'],Torre Lamberti,"['Sighseeing', 'Centro Fotografia', 'Museo Conte', 'Casa Giulietta', 'Palazzo della Ragione']",Palazzo della Ragione,strategy_nearest,True,0.0025000572204589844,success
041A783A9C4C80,3,['Arena'],Casa Giulietta,"['Centro Fotografia', 'Sighseeing', 'Torre Lamberti', 'Museo Conte', 'Museo Radio']",Torre Lamberti,strategy_nearest,True,0.002836942672729492,success
041A7D4A9C4C81,3,"['Arena', 'Castelvecchio']",San Fermo,"['Museo Storia', 'Museo Radio', 'Casa Giulietta', 'Centro Fotografia', 'Sighseeing']",Casa Giulietta,strategy_nearest,True,0.0029671192169189453,success
041A7E4A9C4C81,0,['Casa Giulietta'],Tomba Giulietta,"['San Fermo', 'Museo Storia', 'Arena', 'Museo Lapidario', 'Museo Radio']",Arena,strategy_nearest,True,0.0016121864318847656,success
041A82429C4C80,0,['Arena'],San Fermo,"['Museo Storia', 'Museo Radio', 'Casa Giulietta', 'Centro Fotografia', 'Sighseeing']",Casa Giulietta,strategy_nearest,True,0.002206087112426758,success
041A7E4A9C4C80,0,"['Arena', 'Casa Giulietta']",Torre Lamberti,"['Sighseeing', 'Centro Fotografia', 'Museo Conte', 'Palazzo della Ragione', 'AMO']",Castelvecchio,strategy_nearest,False,0.002955913543701172,success
041A883A9C4C81,0,['Arena'],Casa Giulietta,"['Centro Fotografia', 'Sighseeing', 'Torre Lamberti', 'Museo Conte', 'Museo Radio']",Torre Lamberti,strategy_nearest,True,0.003380298614501953,success
041A89429C4C81,0,['Arena'],Casa Giulietta,"['Centro Fotografia', 'Sighseeing', 'Torre Lamberti', 'Museo Conte', 'Museo Radio']",Torre Lamberti,strategy_nearest,True,0.002004384994506836,success
041A8B3A9C4C81,0,"['Arena', 'Casa Giulietta']",Tomba Giulietta,"['San Fermo', 'Museo Storia', 'Museo Lapidario', 'Museo Radio', 'Verona Tour']",Castelvecchio,strategy_nearest,False,0.0020110607147216797,success
041A8B429C4C80,1,"['Arena', 'Castelvecchio']",Casa Giulietta,"['Centro Fotografia', 'Sighseeing', 'Torre Lamberti', 'Museo Conte', 'Museo Radio']",Palazzo della Ragione,strategy_nearest,False,0.00269317626953125,success
041A8C3A9C4C80,0,['Arena'],Casa Giulietta,"['Centro Fotografia', 'Sighseeing', 'Torre Lamberti', 'Museo Conte', 'Museo Radio']",Teatro Romano,strategy_nearest,False,0.0024499893188476562,success
041A8C4A9C4C80,0,['Arena'],Casa Giulietta,"['Centro Fotografia', 'Sighseeing', 'Torre Lamberti', 'Museo Conte', 'Museo Radio']",Castelvecchio,strategy_nearest,False,0.0025429725646972656,success
041A8F3A9C4C80,3,"['Arena', 'Casa Giulietta', 'Torre Lamberti']",Santa Anastasia,"['AMO', 'Museo Conte', 'Palazzo della Ragione', 'Teatro Romano', 'Centro Fotografia']",Duomo,strategy_nearest,False,0.0027189254760742188,success
041A94429C4C80,0,['Castelvecchio'],Arena,"['Verona Tour', 'Museo Lapidario', 'Museo Radio', 'San Fermo', 'Casa Giulietta']",Casa Giulietta,strategy_nearest,True,0.002463102340698242,success
041A9D429C4C80,3,"['Arena', 'Museo Lapidario']",Torre Lamberti,"['Sighseeing', 'Centro Fotografia', 'Museo Conte', 'Casa Giulietta', 'Palazzo della Ragione']",Casa Giulietta,strategy_nearest,True,0.0023589134216308594,success
041AA1429C4C80,3,"['Arena', 'Santa Anastasia']",Torre Lamberti,"['Sighseeing', 'Centro Fotografia', 'Museo Conte', 'Casa Giulietta', 'Palazzo della Ragione']",Casa Giulietta,strategy_nearest,True,0.003014087677001953,success
041AA44A9C4C81,0,['Arena'],Castelvecchio,"['Museo Lapidario', 'Verona Tour', 'Museo Radio', 'San Zeno', 'Sighseeing']",San Zeno,strategy_nearest,True,0.0018990039825439453,success
041AA5429C4C81,0,['Arena'],Torre Lamberti,"['Sighseeing', 'Centro Fotografia', 'Museo Conte', 'Casa Giulietta', 'Palazzo della Ragione']",Casa Giulietta,strategy_nearest,True,0.0024261474609375,success
041AA54A9C4C81,2,"['Teatro Romano', 'Giardino Giusti']",Torre Lamberti,"['Sighseeing', 'Centro Fotografia', 'Museo Conte', 'Casa Giulietta', 'Palazzo della Ragione']",Santa Anastasia,strategy_nearest,False,0.0029213428497314453,success
041AAA429C4C80,0,['Arena'],Torre Lamberti,"['Sighseeing', 'Centro Fotografia', 'Museo Conte', 'Casa Giulietta', 'Palazzo della Ragione']",Duomo,strategy_nearest,False,0.0034592151641845703,success
041AAA4A9C4C80,0,['Arena'],Castelvecchio,"['Museo Lapidario', 'Verona Tour', 'Museo Radio', 'San Zeno', 'Sighseeing']",Casa Giulietta,strategy_nearest,False,0.0023009777069091797,success
041AAB429C4C81,1,"['Castelvecchio', 'Arena']",Santa Anastasia,"['AMO', 'Museo Conte', 'Palazzo della Ragione', 'Teatro Romano', 'Centro Fotografia']",Torre Lamberti,strategy_nearest,False,0.0022912025451660156,success
041AAF3A9C4C80,3,"['Torre Lamberti', 'Santa Anastasia']",Arena,"['Verona Tour', 'Museo Lapidario', 'Museo Radio', 'San Fermo', 'Casa Giulietta']",Tomba Giulietta,strategy_nearest,False,0.0025873184204101562,success
041AAF3A9C4C81,3,"['Arena', 'Museo Lapidario', 'Castelvecchio']",Casa Giulietta,"['Centro Fotografia', 'Sighseeing', 'Torre Lamberti', 'Museo Conte', 'Museo Radio']",Torre Lamberti,strategy_nearest,True,0.002557992935180664,success
041AB0429C4C81,0,['Arena'],Torre Lamberti,"['Sighseeing', 'Centro Fotografia', 'Museo Conte', 'Casa Giulietta', 'Palazzo della Ragione']",Casa Giulietta,strategy_nearest,True,0.002340078353881836,success
041AB7429C4C80,3,"['San Zeno', 'Arena', 'San Fermo', 'Casa Giulietta']",Torre Lamberti,"['Sighseeing', 'Centro Fotografia', 'Museo Conte', 'Palazzo della Ragione', 'AMO']",Santa Anastasia,strategy_nearest,False,0.0013229846954345703,success
041AB2429C4C81,0,['Arena'],Casa Giulietta,"['Centro Fotografia', 'Sighseeing', 'Torre Lamberti', 'Museo Conte', 'Museo Radio']",Teatro Romano,strategy_nearest,False,0.004017353057861328,success
041AB83A9C4C81,3,"['Arena', 'Casa Giulietta']",Torre Lamberti,"['Sighseeing', 'Centro Fotografia', 'Museo Conte', 'Palazzo della Ragione', 'AMO']",Santa Anastasia,strategy_nearest,False,0.0028831958770751953,success
041AB63A9C4C81,1,"['Arena', 'Arena', 'San Fermo']",Casa Giulietta,"['Centro Fotografia', 'Sighseeing', 'Torre Lamberti', 'Museo Conte', 'Museo Radio']",Torre Lamberti,strategy_nearest,True,0.0025789737701416016,success
041AC33A9C4C81,0,['Arena'],Castelvecchio,"['Museo Lapidario', 'Verona Tour', 'Museo Radio', 'San Zeno', 'Sighseeing']",Casa Giulietta,strategy_nearest,False,0.002457141876220703,success
041AB8429C4C80,0,['Arena'],Casa Giulietta,"['Centro Fotografia', 'Sighseeing', 'Torre Lamberti', 'Museo Conte', 'Museo Radio']",Santa Anastasia,strategy_nearest,False,0.0026390552520751953,success
041ABC3A9C4C81,0,['Arena'],Casa Giulietta,"['Centro Fotografia', 'Sighseeing', 'Torre Lamberti', 'Museo Conte', 'Museo Radio']",Teatro Romano,strategy_nearest,False,0.0020008087158203125,success
041AC5429C4C80,3,"['Torre Lamberti', 'Duomo']",Giardino Giusti,"['Santa Anastasia', 'Teatro Romano', 'Museo Conte', 'Centro Fotografia', 'Museo Storia']",Castelvecchio,strategy_nearest,False,0.0019829273223876953,success
041AC53A9C4C81,3,"['Torre Lamberti', 'Casa Giulietta']",Santa Anastasia,"['AMO', 'Museo Conte', 'Palazzo della Ragione', 'Teatro Romano', 'Centro Fotografia']",Castelvecchio,strategy_nearest,False,0.0030679702758789062,success
041AC63A9C4C81,0,['Arena'],Museo Lapidario,"['Verona Tour', 'Castelvecchio', 'Museo Radio', 'San Fermo', 'Casa Giulietta']",Castelvecchio,strategy_nearest,True,0.002399921417236328,success
041AC8429C4C80,3,"['Arena', 'Casa Giulietta']",San Fermo,"['Museo Storia', 'Museo Radio', 'Centro Fotografia', 'Sighseeing', 'Torre Lamberti']",Santa Anastasia,strategy_nearest,False,0.0022814273834228516,success
041ACD3A9C4C80,0,['Arena'],Casa Giulietta,"['Centro Fotografia', 'Sighseeing', 'Torre Lamberti', 'Museo Conte', 'Museo Radio']",Torre Lamberti,strategy_nearest,True,0.0017740726470947266,success
041AC9429C4C80,2,"['Museo Lapidario', 'Castelvecchio']",Duomo,"['AMO', 'Museo Miniscalchi', 'Santa Anastasia', 'Teatro Romano', 'Palazzo della Ragione']",Teatro Romano,strategy_nearest,True,0.0027751922607421875,success
041AD13A9C4C80,3,"['Arena', 'Casa Giulietta', 'Santa Anastasia']",Duomo,"['AMO', 'Museo Miniscalchi', 'Teatro Romano', 'Palazzo della Ragione', 'Museo Conte']",Torre Lamberti,strategy_nearest,False,0.0030210018157958984,success
041AD7429C4C81,2,"['Casa Giulietta', 'Torre Lamberti']",Santa Anastasia,"['AMO', 'Museo Conte', 'Palazzo della Ragione', 'Teatro Romano', 'Centro Fotografia']",Castelvecchio,strategy_nearest,False,0.003261089324951172,success
041AD53A9C4C81,3,"['Arena', 'Casa Giulietta', 'San Zeno']",Castelvecchio,"['Museo Lapidario', 'Verona Tour', 'Museo Radio', 'Sighseeing', 'Museo Miniscalchi']",Duomo,strategy_nearest,False,0.0022971630096435547,success
041AD63A9C4C81,1,"['Arena', 'Casa Giulietta']",Teatro Romano,"['Santa Anastasia', 'Duomo', 'AMO', 'Palazzo della Ragione', 'Museo Conte']",Castelvecchio,strategy_nearest,False,0.0016660690307617188,success
041AD7429C4C80,0,"['Arena', 'Casa Giulietta']",Torre Lamberti,"['Sighseeing', 'Centro Fotografia', 'Museo Conte', 'Palazzo della Ragione', 'AMO']",Castelvecchio,strategy_nearest,False,0.0027818679809570312,success
041ADB3A9C4C80,3,['Arena'],Torre Lamberti,"['Sighseeing', 'Centro Fotografia', 'Museo Conte', 'Casa Giulietta', 'Palazzo della Ragione']",Santa Anastasia,strategy_nearest,False,0.003328084945678711,success
041ADD3A9C4C80,0,"['Arena', 'Casa Giulietta']",Torre Lamberti,"['Sighseeing', 'Centro Fotografia', 'Museo Conte', 'Palazzo della Ragione', 'AMO']",Tomba Giulietta,strategy_nearest,False,0.0020780563354492188,success
041AD83A9C4C81,3,['Arena'],Casa Giulietta,"['Centro Fotografia', 'Sighseeing', 'Torre Lamberti', 'Museo Conte', 'Museo Radio']",Santa Anastasia,strategy_nearest,False,0.001226186752319336,success
041B42429C4C81,1,"['Arena', 'Casa Giulietta', 'Tomba Giulietta', 'San Fermo']",Santa Anastasia,"['AMO', 'Museo Conte', 'Palazzo della Ragione', 'Teatro Romano', 'Centro Fotografia']",Duomo,strategy_nearest,False,0.0025780200958251953,success
041B463A9C4C81,2,"['Santa Anastasia', 'Duomo', 'Teatro Romano']",Castelvecchio,"['Museo Lapidario', 'Verona Tour', 'Arena', 'Museo Radio', 'San Zeno']",Torre Lamberti,strategy_nearest,False,0.0013890266418457031,success
041B513A9C4C80,0,['Casa Giulietta'],Arena,"['Verona Tour', 'Museo Lapidario', 'Museo Radio', 'San Fermo', 'Sighseeing']",Teatro Romano,strategy_nearest,False,0.0027740001678466797,success
041B48429C4C81,3,"['Arena', 'Museo Lapidario']",Torre Lamberti,"['Sighseeing', 'Centro Fotografia', 'Museo Conte', 'Casa Giulietta', 'Palazzo della Ragione']",Santa Anastasia,strategy_nearest,False,0.0022478103637695312,success
041B4F429C4C81,0,['Arena'],Casa Giulietta,"['Centro Fotografia', 'Sighseeing', 'Torre Lamberti', 'Museo Conte', 'Museo Radio']",Teatro Romano,strategy_nearest,False,0.0034737586975097656,success
041B51429C4C80,3,['Arena'],Santa Anastasia,"['AMO', 'Museo Conte', 'Palazzo della Ragione', 'Teatro Romano', 'Centro Fotografia']",Torre Lamberti,strategy_nearest,False,0.002850055694580078,success
041B57429C4C80,0,['Arena'],Torre Lamberti,"['Sighseeing', 'Centro Fotografia', 'Museo Conte', 'Casa Giulietta', 'Palazzo della Ragione']",Casa Giulietta,strategy_nearest,True,0.002065896987915039,success
041B5B429C4C80,2,"['Teatro Romano', 'Duomo']",Torre Lamberti,"['Sighseeing', 'Centro Fotografia', 'Museo Conte', 'Casa Giulietta', 'Palazzo della Ragione']",Casa Giulietta,strategy_nearest,True,0.002753019332885742,success
041B533A9C4C81,0,['San Zeno'],Castelvecchio,"['Museo Lapidario', 'Verona Tour', 'Arena', 'Museo Radio', 'Sighseeing']",Arena,strategy_nearest,True,0.0035419464111328125,success
041B603A9C4C81,3,"['Arena', 'San Zeno', 'Duomo']",Santa Anastasia,"['AMO', 'Museo Conte', 'Palazzo della Ragione', 'Teatro Romano', 'Centro Fotografia']",San Fermo,strategy_nearest,False,0.002229928970336914,success
041B6B429C4C81,0,['Arena'],Torre Lamberti,"['Sighseeing', 'Centro Fotografia', 'Museo Conte', 'Casa Giulietta', 'Palazzo della Ragione']",Castelvecchio,strategy_nearest,False,0.0019268989562988281,success
041B693A9C4C81,3,"['Torre Lamberti', 'Duomo']",Teatro Romano,"['Santa Anastasia', 'AMO', 'Palazzo della Ragione', 'Museo Conte', 'Centro Fotografia']",Arena,strategy_nearest,False,0.003282785415649414,success
041B71429C4C80,1,"['Arena', 'Torre Lamberti']",Palazzo della Ragione,"['AMO', 'Museo Conte', 'Centro Fotografia', 'Sighseeing', 'Santa Anastasia']",Santa Anastasia,strategy_nearest,True,0.0022742748260498047,success
041B743A9C4C80,0,['Tomba Giulietta'],Arena,"['Verona Tour', 'Museo Lapidario', 'Museo Radio', 'San Fermo', 'Casa Giulietta']",Torre Lamberti,strategy_nearest,False,0.0018470287322998047,success
041B763A9C4C80,0,['Castelvecchio'],Casa Giulietta,"['Centro Fotografia', 'Sighseeing', 'Torre Lamberti', 'Museo Conte', 'Museo Radio']",Arena,strategy_nearest,False,0.002537965774536133,success
041B783A9C4C81,2,"['Castelvecchio', 'Casa Giulietta']",Santa Anastasia,"['AMO', 'Museo Conte', 'Palazzo della Ragione', 'Teatro Romano', 'Centro Fotografia']",Duomo,strategy_nearest,False,0.0031218528747558594,success
041B7B4A9C4C80,0,"['Arena', 'Casa Giulietta']",Torre Lamberti,"['Sighseeing', 'Centro Fotografia', 'Museo Conte', 'Palazzo della Ragione', 'AMO']",San Fermo,strategy_nearest,False,0.0022373199462890625,success
041B7C429C4C80,0,['Arena'],Castelvecchio,"['Museo Lapidario', 'Verona Tour', 'Museo Radio', 'San Zeno', 'Sighseeing']",Casa Giulietta,strategy_nearest,False,0.0032401084899902344,success
041B7D3A9C4C80,1,"['Arena', 'Santa Anastasia']",Teatro Romano,"['Duomo', 'AMO', 'Palazzo della Ragione', 'Museo Conte', 'Centro Fotografia']",Duomo,strategy_nearest,True,0.0018768310546875,success
041B7D4A9C4C80,3,['Santa Anastasia'],Duomo,"['AMO', 'Museo Miniscalchi', 'Teatro Romano', 'Palazzo della Ragione', 'Museo Conte']",Arena,strategy_nearest,False,0.0026161670684814453,success
041B7E429C4C81,0,['Arena'],Casa Giulietta,"['Centro Fotografia', 'Sighseeing', 'Torre Lamberti', 'Museo Conte', 'Museo Radio']",Torre Lamberti,strategy_nearest,True,0.002179861068725586,success
041B803A9C4C80,3,"['Arena', 'Castelvecchio', 'San Fermo']",Casa Giulietta,"['Centro Fotografia', 'Sighseeing', 'Torre Lamberti', 'Museo Conte', 'Museo Radio']",Teatro Romano,strategy_nearest,False,0.002789735794067383,success
041B834A9C4C81,1,"['Arena', 'Casa Giulietta']",Duomo,"['AMO', 'Museo Miniscalchi', 'Santa Anastasia', 'Teatro Romano', 'Palazzo della Ragione']",Palazzo della Ragione,strategy_nearest,True,0.0031349658966064453,success
041B844A9C4C80,3,['Arena'],Casa Giulietta,"['Centro Fotografia', 'Sighseeing', 'Torre Lamberti', 'Museo Conte', 'Museo Radio']",Santa Anastasia,strategy_nearest,False,0.0019330978393554688,success
041B8E4A9C4C80,0,"['Arena', 'Casa Giulietta']",Torre Lamberti,"['Sighseeing', 'Centro Fotografia', 'Museo Conte', 'Palazzo della Ragione', 'AMO']",Giardino Giusti,strategy_nearest,False,0.003560304641723633,success
041B8D4A9C4C80,0,['Duomo'],Teatro Romano,"['Santa Anastasia', 'AMO', 'Palazzo della Ragione', 'Museo Conte', 'Centro Fotografia']",Arena,strategy_nearest,False,0.005524873733520508,success
041B8C429C4C80,0,['Arena'],Torre Lamberti,"['Sighseeing', 'Centro Fotografia', 'Museo Conte', 'Casa Giulietta', 'Palazzo della Ragione']",Duomo,strategy_nearest,False,0.002959012985229492,success
041B95429C4C81,0,['Arena'],Casa Giulietta,"['Centro Fotografia', 'Sighseeing', 'Torre Lamberti', 'Museo Conte', 'Museo Radio']",Torre Lamberti,strategy_nearest,True,0.0049762725830078125,success
041BA1429C4C81,4,"['Museo Radio', 'Tomba Giulietta']",Museo Lapidario,"['Verona Tour', 'Arena', 'Castelvecchio', 'San Fermo', 'Casa Giulietta']",Arena,strategy_nearest,True,0.0034041404724121094,success
041B974A9C4C81,3,"['Teatro Romano', 'Santa Anastasia', 'Duomo']",Arena,"['Verona Tour', 'Museo Lapidario', 'Museo Radio', 'San Fermo', 'Casa Giulietta']",San Zeno,strategy_nearest,False,0.002117156982421875,success
041B9C429C4C81,0,['Arena'],Casa Giulietta,"['Centro Fotografia', 'Sighseeing', 'Torre Lamberti', 'Museo Conte', 'Museo Radio']",Torre Lamberti,strategy_nearest,True,0.004628419876098633,success
041BA34A9C4C81,0,"['Arena', 'Castelvecchio']",San Zeno,"['Verona Tour', 'Museo Lapidario', 'Museo Miniscalchi', 'Sighseeing', 'Museo Radio']",Casa Giulietta,strategy_nearest,False,0.0055370330810546875,success
041BA6429C4C81,2,"['Tomba Giulietta', 'Torre Lamberti']",Palazzo della Ragione,"['AMO', 'Museo Conte', 'Centro Fotografia', 'Sighseeing', 'Santa Anastasia']",San Fermo,strategy_nearest,False,0.00263214111328125,success
041BA54A9C4C81,0,['Arena'],Torre Lamberti,"['Sighseeing', 'Centro Fotografia', 'Museo Conte', 'Casa Giulietta', 'Palazzo della Ragione']",Casa Giulietta,strategy_nearest,True,0.004862785339355469,success
041BA64A9C4C80,2,"['San Fermo', 'Teatro Romano']",Santa Anastasia,"['AMO', 'Museo Conte', 'Palazzo della Ragione', 'Centro Fotografia', 'Duomo']",Torre Lamberti,strategy_nearest,False,0.004355192184448242,success
041BA83A9C4C81,3,"['Arena', 'Casa Giulietta']",Torre Lamberti,"['Sighseeing', 'Centro Fotografia', 'Museo Conte', 'Palazzo della Ragione', 'AMO']",Santa Anastasia,strategy_nearest,False,0.004659891128540039,success
041BB03A9C4C80,1,"['Arena', 'Casa Giulietta', 'Torre Lamberti']",Palazzo della Ragione,"['AMO', 'Museo Conte', 'Centro Fotografia', 'Sighseeing', 'Santa Anastasia']",Santa Anastasia,strategy_nearest,True,0.003535032272338867,success
041BAF429C4C81,0,['Casa Giulietta'],Arena,"['Verona Tour', 'Museo Lapidario', 'Museo Radio', 'San Fermo', 'Sighseeing']",Torre Lamberti,strategy_nearest,False,0.003827333450317383,success
041BB1429C4C80,3,['Arena'],Santa Anastasia,"['AMO', 'Museo Conte', 'Palazzo della Ragione', 'Teatro Romano', 'Centro Fotografia']",Torre Lamberti,strategy_nearest,False,0.0024900436401367188,success
041BB0429C4C81,0,['Arena'],Casa Giulietta,"['Centro Fotografia', 'Sighseeing', 'Torre Lamberti', 'Museo Conte', 'Museo Radio']",Santa Anastasia,strategy_nearest,False,0.004458904266357422,success
041BB33A9C4C80,1,"['Arena', 'San Fermo']",Casa Giulietta,"['Centro Fotografia', 'Sighseeing', 'Torre Lamberti', 'Museo Conte', 'Museo Radio']",Torre Lamberti,strategy_nearest,True,0.001966714859008789,success
041BB43A9C4C81,2,['Casa Giulietta'],Santa Anastasia,"['AMO', 'Museo Conte', 'Palazzo della Ragione', 'Teatro Romano', 'Centro Fotografia']",Duomo,strategy_nearest,False,0.002569913864135742,success
041BB63A9C4C81,1,['Arena'],Torre Lamberti,"['Sighseeing', 'Centro Fotografia', 'Museo Conte', 'Casa Giulietta', 'Palazzo della Ragione']",Palazzo della Ragione,strategy_nearest,True,0.0026521682739257812,success
041BB5429C4C80,3,"['Arena', 'Torre Lamberti']",Casa Giulietta,"['Centro Fotografia', 'Sighseeing', 'Museo Conte', 'Museo Radio', 'Palazzo della Ragione']",Santa Anastasia,strategy_nearest,False,0.0035240650177001953,success
041BB6429C4C80,3,"['Casa Giulietta', 'Arena']",Museo Lapidario,"['Verona Tour', 'Castelvecchio', 'Museo Radio', 'San Fermo', 'Tomba Giulietta']",Castelvecchio,strategy_nearest,True,0.003065824508666992,success
041BB93A9C4C80,1,['Arena'],Casa Giulietta,"['Centro Fotografia', 'Sighseeing', 'Torre Lamberti', 'Museo Conte', 'Museo Radio']",Palazzo della Ragione,strategy_nearest,False,0.0025436878204345703,success
041BB93A9C4C81,1,['Arena'],Casa Giulietta,"['Centro Fotografia', 'Sighseeing', 'Torre Lamberti', 'Museo Conte', 'Museo Radio']",Palazzo della Ragione,strategy_nearest,False,0.002544879913330078,success
041BBE429C4C81,3,"['Arena', 'San Fermo']",Casa Giulietta,"['Centro Fotografia', 'Sighseeing', 'Torre Lamberti', 'Museo Conte', 'Museo Radio']",Santa Anastasia,strategy_nearest,False,0.002153158187866211,success
041BBC3A9C4C80,3,['Arena'],Casa Giulietta,"['Centro Fotografia', 'Sighseeing', 'Torre Lamberti', 'Museo Conte', 'Museo Radio']",Santa Anastasia,strategy_nearest,False,0.003431081771850586,success
041BC13A9C4C80,0,['Arena'],Castelvecchio,"['Museo Lapidario', 'Verona Tour', 'Museo Radio', 'San Zeno', 'Sighseeing']",Casa Giulietta,strategy_nearest,False,0.0030679702758789062,success
041BBD429C4C81,1,"['Casa Giulietta', 'San Fermo']",Arena,"['Verona Tour', 'Museo Lapidario', 'Museo Radio', 'Sighseeing', 'Castelvecchio']",Castelvecchio,strategy_nearest,True,0.003438234329223633,success
041BC8429C4C80,3,"['Casa Giulietta', 'Arena', 'Museo Lapidario']",Santa Anastasia,"['AMO', 'Museo Conte', 'Palazzo della Ragione', 'Teatro Romano', 'Centro Fotografia']",Santa Anastasia,strategy_nearest,False,0.0021610260009765625,success
041BC1429C4C81,1,"['Arena', 'Torre Lamberti', 'Palazzo della Ragione']",Santa Anastasia,"['AMO', 'Museo Conte', 'Teatro Romano', 'Centro Fotografia', 'Duomo']",Duomo,strategy_nearest,True,0.0029289722442626953,success
041BC8429C4C81,3,"['Santa Anastasia', 'Torre Lamberti']",Casa Giulietta,"['Centro Fotografia', 'Sighseeing', 'Museo Conte', 'Museo Radio', 'Palazzo della Ragione']",Arena,strategy_nearest,False,0.002561807632446289,success
041BCC3A9C4C81,3,"['Castelvecchio', 'Arena']",Casa Giulietta,"['Centro Fotografia', 'Sighseeing', 'Torre Lamberti', 'Museo Conte', 'Museo Radio']",Santa Anastasia,strategy_nearest,False,0.0031151771545410156,success
041BDC3A9C4C80,1,"['Arena', 'Casa Giulietta']",Palazzo della Ragione,"['AMO', 'Museo Conte', 'Torre Lamberti', 'Centro Fotografia', 'Sighseeing']",Torre Lamberti,strategy_nearest,True,0.002262115478515625,success
041BE13A9C4C81,2,['Santa Anastasia'],Duomo,"['AMO', 'Museo Miniscalchi', 'Teatro Romano', 'Palazzo della Ragione', 'Museo Conte']",Casa Giulietta,strategy_nearest,False,0.0028028488159179688,success
041BD33A9C4C81,3,['Arena'],Torre Lamberti,"['Sighseeing', 'Centro Fotografia', 'Museo Conte', 'Casa Giulietta', 'Palazzo della Ragione']",Santa Anastasia,strategy_nearest,False,0.0017130374908447266,success
041C473A9C4C81,3,"['Arena', 'Casa Giulietta', 'San Fermo']",Teatro Romano,"['Santa Anastasia', 'Duomo', 'AMO', 'Palazzo della Ragione', 'Museo Conte']",Duomo,strategy_nearest,True,0.003283977508544922,success
041C503A9C4C81,2,['Tomba Giulietta'],Casa Giulietta,"['Centro Fotografia', 'Sighseeing', 'Torre Lamberti', 'Museo Conte', 'Museo Radio']",Santa Anastasia,strategy_nearest,False,0.002064228057861328,success
041C4D429C4C81,0,['Arena'],Castelvecchio,"['Museo Lapidario', 'Verona Tour', 'Museo Radio', 'San Zeno', 'Sighseeing']",Torre Lamberti,strategy_nearest,False,0.0032722949981689453,success
041C48429C4C81,3,"['Arena', 'Casa Giulietta']",Torre Lamberti,"['Sighseeing', 'Centro Fotografia', 'Museo Conte', 'Palazzo della Ragione', 'AMO']",Duomo,strategy_nearest,False,0.0016400814056396484,success
041C4A429C4C81,0,['Arena'],Torre Lamberti,"['Sighseeing', 'Centro Fotografia', 'Museo Conte', 'Casa Giulietta', 'Palazzo della Ragione']",Teatro Romano,strategy_nearest,False,0.002794981002807617,success
041C53429C4C81,0,['Arena'],Casa Giulietta,"['Centro Fotografia', 'Sighseeing', 'Torre Lamberti', 'Museo Conte', 'Museo Radio']",Castelvecchio,strategy_nearest,False,0.0013918876647949219,success
041C59429C4C81,1,"['Arena', 'Palazzo della Ragione', 'Torre Lamberti']",Duomo,"['AMO', 'Museo Miniscalchi', 'Santa Anastasia', 'Teatro Romano', 'Museo Conte']",Teatro Romano,strategy_nearest,True,0.001950979232788086,success
041C673A9C4C80,3,['Arena'],Casa Giulietta,"['Centro Fotografia', 'Sighseeing', 'Torre Lamberti', 'Museo Conte', 'Museo Radio']",Santa Anastasia,strategy_nearest,False,0.0025370121002197266,success
041C6C429C4C80,0,['Casa Giulietta'],Arena,"['Verona Tour', 'Museo Lapidario', 'Museo Radio', 'San Fermo', 'Sighseeing']",Santa Anastasia,strategy_nearest,False,0.003982067108154297,success
041C703A9C4C80,0,['Arena'],Casa Giulietta,"['Centro Fotografia', 'Sighseeing', 'Torre Lamberti', 'Museo Conte', 'Museo Radio']",Santa Anastasia,strategy_nearest,False,0.0017893314361572266,success
041C723A9C4C80,0,"['Castelvecchio', 'Casa Giulietta']",Torre Lamberti,"['Sighseeing', 'Centro Fotografia', 'Museo Conte', 'Palazzo della Ragione', 'AMO']",Arena,strategy_nearest,False,0.002675294876098633,success
041C743A9C4C80,2,"['Tomba Giulietta', 'Castelvecchio']",Torre Lamberti,"['Sighseeing', 'Centro Fotografia', 'Museo Conte', 'Casa Giulietta', 'Palazzo della Ragione']",Casa Giulietta,strategy_nearest,True,0.0028650760650634766,success
041C74429C4C80,3,['Arena'],Casa Giulietta,"['Centro Fotografia', 'Sighseeing', 'Torre Lamberti', 'Museo Conte', 'Museo Radio']",Torre Lamberti,strategy_nearest,True,0.0026907920837402344,success
041C753A9C4C81,0,['Castelvecchio'],Casa Giulietta,"['Centro Fotografia', 'Sighseeing', 'Torre Lamberti', 'Museo Conte', 'Museo Radio']",Arena,strategy_nearest,False,0.0025119781494140625,success
041C75429C4C81,0,['Arena'],Casa Giulietta,"['Centro Fotografia', 'Sighseeing', 'Torre Lamberti', 'Museo Conte', 'Museo Radio']",Torre Lamberti,strategy_nearest,True,0.0024759769439697266,success
041C79429C4C80,1,"['Arena', 'Casa Giulietta']",Torre Lamberti,"['Sighseeing', 'Centro Fotografia', 'Museo Conte', 'Palazzo della Ragione', 'AMO']",Palazzo della Ragione,strategy_nearest,True,0.004155158996582031,success
041C7E4A9C4C81,3,['Arena'],Santa Anastasia,"['AMO', 'Museo Conte', 'Palazzo della Ragione', 'Teatro Romano', 'Centro Fotografia']",Teatro Romano,strategy_nearest,True,0.002797842025756836,success
041C7A3A9C4C80,0,['Arena'],Castelvecchio,"['Museo Lapidario', 'Verona Tour', 'Museo Radio', 'San Zeno', 'Sighseeing']",Casa Giulietta,strategy_nearest,False,0.0012478828430175781,success
041C823A9C4C81,3,['Arena'],Casa Giulietta,"['Centro Fotografia', 'Sighseeing', 'Torre Lamberti', 'Museo Conte', 'Museo Radio']",Santa Anastasia,strategy_nearest,False,0.0033168792724609375,success
041C82429C4C80,0,['Arena'],Casa Giulietta,"['Centro Fotografia', 'Sighseeing', 'Torre Lamberti', 'Museo Conte', 'Museo Radio']",Santa Anastasia,strategy_nearest,False,0.0020389556884765625,success
041C83429C4C81,0,['Arena'],Casa Giulietta,"['Centro Fotografia', 'Sighseeing', 'Torre Lamberti', 'Museo Conte', 'Museo Radio']",Tomba Giulietta,strategy_nearest,False,0.0026178359985351562,success
041C88429C4C81,0,['Arena'],Casa Giulietta,"['Centro Fotografia', 'Sighseeing', 'Torre Lamberti', 'Museo Conte', 'Museo Radio']",Torre Lamberti,strategy_nearest,True,0.0016219615936279297,success
041C844A9C4C81,3,['Arena'],Teatro Romano,"['Santa Anastasia', 'Duomo', 'AMO', 'Palazzo della Ragione', 'Museo Conte']",Santa Anastasia,strategy_nearest,True,0.002651214599609375,success
041C8C4A9C4C80,3,"['Castelvecchio', 'San Zeno', 'Torre Lamberti']",Santa Anastasia,"['AMO', 'Museo Conte', 'Palazzo della Ragione', 'Teatro Romano', 'Centro Fotografia']",Duomo,strategy_nearest,False,0.0026099681854248047,success
041C8D3A9C4C81,3,"['Arena', 'Castelvecchio']",San Zeno,"['Verona Tour', 'Museo Lapidario', 'Museo Miniscalchi', 'Sighseeing', 'Museo Radio']",Torre Lamberti,strategy_nearest,False,0.00232696533203125,success
041C94429C4C80,0,"['Arena', 'Museo Lapidario']",Castelvecchio,"['Verona Tour', 'Museo Radio', 'San Zeno', 'Sighseeing', 'Museo Miniscalchi']",Casa Giulietta,strategy_nearest,False,0.003076791763305664,success
041C8F4A9C4C80,0,"['Arena', 'Casa Giulietta']",San Fermo,"['Museo Storia', 'Museo Radio', 'Centro Fotografia', 'Sighseeing', 'Torre Lamberti']",Castelvecchio,strategy_nearest,False,0.0026350021362304688,success
041CA24A9C4C80,0,['Castelvecchio'],Arena,"['Verona Tour', 'Museo Lapidario', 'Museo Radio', 'San Fermo', 'Casa Giulietta']",Torre Lamberti,strategy_nearest,False,0.0022966861724853516,success
041CA6429C4C81,3,"['Arena', 'Casa Giulietta']",Torre Lamberti,"['Sighseeing', 'Centro Fotografia', 'Museo Conte', 'Palazzo della Ragione', 'AMO']",Santa Anastasia,strategy_nearest,False,0.0020034313201904297,success
041CA34A9C4C81,0,['Castelvecchio'],Casa Giulietta,"['Centro Fotografia', 'Sighseeing', 'Torre Lamberti', 'Museo Conte', 'Museo Radio']",Arena,strategy_nearest,False,0.0026009082794189453,success
041CAC3A9C4C80,0,['Arena'],San Fermo,"['Museo Storia', 'Museo Radio', 'Casa Giulietta', 'Centro Fotografia', 'Sighseeing']",Casa Giulietta,strategy_nearest,True,0.0024449825286865234,success
041CA9429C4C81,2,"['Tomba Giulietta', 'San Fermo']",Casa Giulietta,"['Centro Fotografia', 'Sighseeing', 'Torre Lamberti', 'Museo Conte', 'Museo Radio']",Palazzo della Ragione,strategy_nearest,False,0.0032720565795898438,success
041CAC429C4C81,0,['Arena'],Casa Giulietta,"['Centro Fotografia', 'Sighseeing', 'Torre Lamberti', 'Museo Conte', 'Museo Radio']",Santa Anastasia,strategy_nearest,False,0.0021848678588867188,success
041CAD429C4C80,0,['Arena'],Casa Giulietta,"['Centro Fotografia', 'Sighseeing', 'Torre Lamberti', 'Museo Conte', 'Museo Radio']",Casa Giulietta,strategy_nearest,False,0.003278970718383789,success
041CB33A9C4C81,3,"['Arena', 'Casa Giulietta']",Torre Lamberti,"['Sighseeing', 'Centro Fotografia', 'Museo Conte', 'Palazzo della Ragione', 'AMO']",Santa Anastasia,strategy_nearest,False,0.002691030502319336,success
041CBB3A9C4C81,0,['Arena'],Castelvecchio,"['Museo Lapidario', 'Verona Tour', 'Museo Radio', 'San Zeno', 'Sighseeing']",Santa Anastasia,strategy_nearest,False,0.0030939579010009766,success
041CC23A9C4C81,3,['Arena'],Torre Lamberti,"['Sighseeing', 'Centro Fotografia', 'Museo Conte', 'Casa Giulietta', 'Palazzo della Ragione']",Santa Anastasia,strategy_nearest,False,0.0015969276428222656,success
041CC43A9C4C80,3,"['Duomo', 'Santa Anastasia']",Torre Lamberti,"['Sighseeing', 'Centro Fotografia', 'Museo Conte', 'Casa Giulietta', 'Palazzo della Ragione']",Casa Giulietta,strategy_nearest,True,0.0021691322326660156,success
041CBE3A9C4C81,3,['Arena'],Torre Lamberti,"['Sighseeing', 'Centro Fotografia', 'Museo Conte', 'Casa Giulietta', 'Palazzo della Ragione']",Santa Anastasia,strategy_nearest,False,0.002869129180908203,success
041CC43A9C4C81,2,"['San Fermo', 'Casa Giulietta']",Torre Lamberti,"['Sighseeing', 'Centro Fotografia', 'Museo Conte', 'Palazzo della Ragione', 'AMO']",Santa Anastasia,strategy_nearest,False,0.0032501220703125,success
041CC73A9C4C80,2,['Casa Giulietta'],Torre Lamberti,"['Sighseeing', 'Centro Fotografia', 'Museo Conte', 'Palazzo della Ragione', 'AMO']",Duomo,strategy_nearest,False,0.002649068832397461,success
041CCA429C4C81,2,['Palazzo della Ragione'],Torre Lamberti,"['Sighseeing', 'Centro Fotografia', 'Museo Conte', 'Casa Giulietta', 'AMO']",Casa Giulietta,strategy_nearest,True,0.002020120620727539,success
041CC8429C4C80,0,['Castelvecchio'],Casa Giulietta,"['Centro Fotografia', 'Sighseeing', 'Torre Lamberti', 'Museo Conte', 'Museo Radio']",Arena,strategy_nearest,False,0.0027780532836914062,success
041CD33A9C4C80,3,"['Arena', 'Casa Giulietta', 'Torre Lamberti']",Santa Anastasia,"['AMO', 'Museo Conte', 'Palazzo della Ragione', 'Teatro Romano', 'Centro Fotografia']",Teatro Romano,strategy_nearest,True,0.003123044967651367,success
041CDC3A9C4C81,0,['Arena'],Casa Giulietta,"['Centro Fotografia', 'Sighseeing', 'Torre Lamberti', 'Museo Conte', 'Museo Radio']",Santa Anastasia,strategy_nearest,False,0.0024759769439697266,success
041CE0429C4C81,2,['Santa Anastasia'],Teatro Romano,"['Duomo', 'AMO', 'Palazzo della Ragione', 'Museo Conte', 'Centro Fotografia']",Giardino Giusti,strategy_nearest,False,0.0021309852600097656,success
041D47429C4C81,1,"['Arena', 'Museo Lapidario']",Castelvecchio,"['Verona Tour', 'Museo Radio', 'San Zeno', 'Sighseeing', 'Museo Miniscalchi']",Casa Giulietta,strategy_nearest,False,0.0033118724822998047,success
041CE23A9C4C81,1,"['Arena', 'Casa Giulietta']",Santa Anastasia,"['AMO', 'Museo Conte', 'Palazzo della Ragione', 'Teatro Romano', 'Centro Fotografia']",Duomo,strategy_nearest,False,0.0026471614837646484,success
041D55429C4C80,3,['Arena'],Casa Giulietta,"['Centro Fotografia', 'Sighseeing', 'Torre Lamberti', 'Museo Conte', 'Museo Radio']",Torre Lamberti,strategy_nearest,True,0.002054929733276367,success
041D52429C4C81,0,['Arena'],Torre Lamberti,"['Sighseeing', 'Centro Fotografia', 'Museo Conte', 'Casa Giulietta', 'Palazzo della Ragione']",Casa Giulietta,strategy_nearest,True,0.002071857452392578,success
041D53429C4C80,0,['Arena'],Castelvecchio,"['Museo Lapidario', 'Verona Tour', 'Museo Radio', 'San Zeno', 'Sighseeing']",Casa Giulietta,strategy_nearest,False,0.0034160614013671875,success
041D5E429C4C81,3,"['San Zeno', 'Santa Anastasia']",Torre Lamberti,"['Sighseeing', 'Centro Fotografia', 'Museo Conte', 'Casa Giulietta', 'Palazzo della Ragione']",Casa Giulietta,strategy_nearest,True,0.0032668113708496094,success
041D6F3A9C4C81,0,['Arena'],Casa Giulietta,"['Centro Fotografia', 'Sighseeing', 'Torre Lamberti', 'Museo Conte', 'Museo Radio']",San Zeno,strategy_nearest,False,0.0014917850494384766,success
041D71429C4C81,0,"['Arena', 'Torre Lamberti']",Teatro Romano,"['Santa Anastasia', 'Duomo', 'AMO', 'Palazzo della Ragione', 'Museo Conte']",Casa Giulietta,strategy_nearest,False,0.0032258033752441406,success
041D603A9C4C80,3,"['Teatro Romano', 'Giardino Giusti', 'Casa Giulietta']",Arena,"['Verona Tour', 'Museo Lapidario', 'Museo Radio', 'San Fermo', 'Sighseeing']",Castelvecchio,strategy_nearest,False,0.0034499168395996094,success
041D61429C4C81,3,"['Arena', 'Castelvecchio']",San Zeno,"['Verona Tour', 'Museo Lapidario', 'Museo Miniscalchi', 'Sighseeing', 'Museo Radio']",Teatro Romano,strategy_nearest,False,0.0027968883514404297,success
041D723A9C4C80,1,['Arena'],Torre Lamberti,"['Sighseeing', 'Centro Fotografia', 'Museo Conte', 'Casa Giulietta', 'Palazzo della Ragione']",Palazzo della Ragione,strategy_nearest,True,0.002052783966064453,success
041D733A9C4C80,0,['Arena'],Casa Giulietta,"['Centro Fotografia', 'Sighseeing', 'Torre Lamberti', 'Museo Conte', 'Museo Radio']",Teatro Romano,strategy_nearest,False,0.0019371509552001953,success
041D743A9C4C80,1,"['Arena', 'Casa Giulietta']",Torre Lamberti,"['Sighseeing', 'Centro Fotografia', 'Museo Conte', 'Palazzo della Ragione', 'AMO']",Tomba Giulietta,strategy_nearest,False,0.002719879150390625,success
041D753A9C4C80,0,['Arena'],Casa Giulietta,"['Centro Fotografia', 'Sighseeing', 'Torre Lamberti', 'Museo Conte', 'Museo Radio']",Castelvecchio,strategy_nearest,False,0.003359079360961914,success
041D7A429C4C81,0,['Arena'],Duomo,"['AMO', 'Museo Miniscalchi', 'Santa Anastasia', 'Teatro Romano', 'Palazzo della Ragione']",Torre Lamberti,strategy_nearest,False,0.0017740726470947266,success
041D753A9C4C81,2,['Castelvecchio'],Duomo,"['AMO', 'Museo Miniscalchi', 'Santa Anastasia', 'Teatro Romano', 'Palazzo della Ragione']",Casa Giulietta,strategy_nearest,False,0.0029802322387695312,success
041D7B3A9C4C80,3,"['Castelvecchio', 'Torre Lamberti', 'Santa Anastasia']",Duomo,"['AMO', 'Museo Miniscalchi', 'Teatro Romano', 'Palazzo della Ragione', 'Museo Conte']",Casa Giulietta,strategy_nearest,False,0.0031120777130126953,success
041D7D3A9C4C80,1,"['Arena', 'Museo Lapidario']",Torre Lamberti,"['Sighseeing', 'Centro Fotografia', 'Museo Conte', 'Casa Giulietta', 'Palazzo della Ragione']",Palazzo della Ragione,strategy_nearest,True,0.001600027084350586,success
041D7E3A9C4C80,0,['Arena'],Casa Giulietta,"['Centro Fotografia', 'Sighseeing', 'Torre Lamberti', 'Museo Conte', 'Museo Radio']",Torre Lamberti,strategy_nearest,True,0.003383159637451172,success
041D85429C4C80,0,['Torre Lamberti'],Duomo,"['AMO', 'Museo Miniscalchi', 'Santa Anastasia', 'Teatro Romano', 'Palazzo della Ragione']",Castelvecchio,strategy_nearest,False,0.002582073211669922,success
041D873A9C4C80,0,"['Arena', 'Tomba Giulietta']",San Fermo,"['Museo Storia', 'Museo Radio', 'Casa Giulietta', 'Centro Fotografia', 'Sighseeing']",Casa Giulietta,strategy_nearest,True,0.002454996109008789,success
041D883A9C4C80,3,['Arena'],Casa Giulietta,"['Centro Fotografia', 'Sighseeing', 'Torre Lamberti', 'Museo Conte', 'Museo Radio']",Torre Lamberti,strategy_nearest,True,0.0018420219421386719,success
041D88429C4C80,0,['Arena'],Tomba Giulietta,"['San Fermo', 'Museo Storia', 'Museo Lapidario', 'Museo Radio', 'Verona Tour']",Teatro Romano,strategy_nearest,False,0.0026030540466308594,success
041D893A9C4C80,1,['Arena'],Castelvecchio,"['Museo Lapidario', 'Verona Tour', 'Museo Radio', 'San Zeno', 'Sighseeing']",Santa Anastasia,strategy_nearest,False,0.0026929378509521484,success
041D8A4A9C4C80,3,"['Arena', 'Casa Giulietta', 'Torre Lamberti']",Teatro Romano,"['Santa Anastasia', 'Duomo', 'AMO', 'Palazzo della Ragione', 'Museo Conte']",Duomo,strategy_nearest,True,0.003100156784057617,success
041D8F4A9C4C81,0,['Casa Giulietta'],Arena,"['Verona Tour', 'Museo Lapidario', 'Museo Radio', 'San Fermo', 'Sighseeing']",Teatro Romano,strategy_nearest,False,0.0022079944610595703,success
041D934A9C4C80,3,"['Santa Anastasia', 'Duomo']",Arena,"['Verona Tour', 'Museo Lapidario', 'Museo Radio', 'San Fermo', 'Casa Giulietta']",Casa Giulietta,strategy_nearest,True,0.003721952438354492,success
041D98429C4C80,1,"['Arena', 'Casa Giulietta', 'Torre Lamberti']",Palazzo della Ragione,"['AMO', 'Museo Conte', 'Centro Fotografia', 'Sighseeing', 'Santa Anastasia']",Santa Anastasia,strategy_nearest,True,0.003329038619995117,success
041D9F429C4C80,0,['Arena'],Casa Giulietta,"['Centro Fotografia', 'Sighseeing', 'Torre Lamberti', 'Museo Conte', 'Museo Radio']",Santa Anastasia,strategy_nearest,False,0.0032160282135009766,success
041DA04A9C4C81,2,['Teatro Romano'],Santa Anastasia,"['AMO', 'Museo Conte', 'Palazzo della Ragione', 'Centro Fotografia', 'Duomo']",Casa Giulietta,strategy_nearest,False,0.0029282569885253906,success
041DA64A9C4C81,1,['Torre Lamberti'],Palazzo della Ragione,"['AMO', 'Museo Conte', 'Centro Fotografia', 'Sighseeing', 'Santa Anastasia']",Arena,strategy_nearest,False,0.0031921863555908203,success
041DA24A9C4C80,1,"['Arena', 'Castelvecchio']",Torre Lamberti,"['Sighseeing', 'Centro Fotografia', 'Museo Conte', 'Casa Giulietta', 'Palazzo della Ragione']",Palazzo della Ragione,strategy_nearest,True,0.0028018951416015625,success
041DA73A9C4C81,3,['Arena'],Casa Giulietta,"['Centro Fotografia', 'Sighseeing', 'Torre Lamberti', 'Museo Conte', 'Museo Radio']",Santa Anastasia,strategy_nearest,False,0.0024137496948242188,success
041DAC3A9C4C81,0,['Arena'],Casa Giulietta,"['Centro Fotografia', 'Sighseeing', 'Torre Lamberti', 'Museo Conte', 'Museo Radio']",Santa Anastasia,strategy_nearest,False,0.002007722854614258,success
041DA84A9C4C81,3,['Arena'],Castelvecchio,"['Museo Lapidario', 'Verona Tour', 'Museo Radio', 'San Zeno', 'Sighseeing']",Duomo,strategy_nearest,False,0.0019061565399169922,success
041DAB3A9C4C80,3,"['Arena', 'San Fermo']",Casa Giulietta,"['Centro Fotografia', 'Sighseeing', 'Torre Lamberti', 'Museo Conte', 'Museo Radio']",Duomo,strategy_nearest,False,0.00261688232421875,success
041DAE429C4C81,0,['Arena'],Casa Giulietta,"['Centro Fotografia', 'Sighseeing', 'Torre Lamberti', 'Museo Conte', 'Museo Radio']",Torre Lamberti,strategy_nearest,True,0.0032739639282226562,success
041DB0429C4C81,0,['Arena'],Torre Lamberti,"['Sighseeing', 'Centro Fotografia', 'Museo Conte', 'Casa Giulietta', 'Palazzo della Ragione']",Casa Giulietta,strategy_nearest,True,0.002034902572631836,success
041DB0429C4C80,1,"['Casa Giulietta', 'Torre Lamberti']",Palazzo della Ragione,"['AMO', 'Museo Conte', 'Centro Fotografia', 'Sighseeing', 'Santa Anastasia']",Teatro Romano,strategy_nearest,False,0.0026578903198242188,success
041DB13A9C4C81,3,"['Castelvecchio', 'Arena']",Casa Giulietta,"['Centro Fotografia', 'Sighseeing', 'Torre Lamberti', 'Museo Conte', 'Museo Radio']",Torre Lamberti,strategy_nearest,True,0.0030562877655029297,success
041DB23A9C4C81,0,['Arena'],Casa Giulietta,"['Centro Fotografia', 'Sighseeing', 'Torre Lamberti', 'Museo Conte', 'Museo Radio']",Castelvecchio,strategy_nearest,False,0.003223896026611328,success
041DB5429C4C81,3,['San Fermo'],Casa Giulietta,"['Centro Fotografia', 'Sighseeing', 'Torre Lamberti', 'Museo Conte', 'Museo Radio']",Arena,strategy_nearest,False,0.002698183059692383,success
041DB6429C4C81,0,['Casa Giulietta'],Torre Lamberti,"['Sighseeing', 'Centro Fotografia', 'Museo Conte', 'Palazzo della Ragione', 'AMO']",Arena,strategy_nearest,False,0.002463102340698242,success
041DB63A9C4C80,1,"['Arena', 'Casa Giulietta', 'Torre Lamberti', 'Palazzo della Ragione']",Santa Anastasia,"['AMO', 'Museo Conte', 'Teatro Romano', 'Centro Fotografia', 'Duomo']",Duomo,strategy_nearest,True,0.003103017807006836,success
041DB9429C4C81,1,"['Arena', 'Casa Giulietta', 'Torre Lamberti']",Palazzo della Ragione,"['AMO', 'Museo Conte', 'Centro Fotografia', 'Sighseeing', 'Santa Anastasia']",Tomba Giulietta,strategy_nearest,False,0.003464937210083008,success
041DBE429C4C81,0,['Casa Giulietta'],Torre Lamberti,"['Sighseeing', 'Centro Fotografia', 'Museo Conte', 'Palazzo della Ragione', 'AMO']",Arena,strategy_nearest,False,0.0028390884399414062,success
041DBE3A9C4C81,0,['Arena'],San Fermo,"['Museo Storia', 'Museo Radio', 'Casa Giulietta', 'Centro Fotografia', 'Sighseeing']",Casa Giulietta,strategy_nearest,True,0.0013797283172607422,success
041DBF429C4C81,0,['Torre Lamberti'],Casa Giulietta,"['Centro Fotografia', 'Sighseeing', 'Museo Conte', 'Museo Radio', 'Palazzo della Ragione']",Arena,strategy_nearest,False,0.003371000289916992,success
041DC2429C4C80,3,"['Castelvecchio', 'Casa Giulietta']",Arena,"['Verona Tour', 'Museo Lapidario', 'Museo Radio', 'San Fermo', 'Sighseeing']",Torre Lamberti,strategy_nearest,False,0.0018467903137207031,success
041DC43A9C4C80,0,['Torre Lamberti'],Casa Giulietta,"['Centro Fotografia', 'Sighseeing', 'Museo Conte', 'Museo Radio', 'Palazzo della Ragione']",Arena,strategy_nearest,False,0.0028879642486572266,success
041DC0429C4C80,0,['Arena'],Casa Giulietta,"['Centro Fotografia', 'Sighseeing', 'Torre Lamberti', 'Museo Conte', 'Museo Radio']",Torre Lamberti,strategy_nearest,True,0.004012107849121094,success
041DC4429C4C81,3,"['Arena', 'Casa Giulietta', 'Torre Lamberti']",Santa Anastasia,"['AMO', 'Museo Conte', 'Palazzo della Ragione', 'Teatro Romano', 'Centro Fotografia']",Duomo,strategy_nearest,False,0.0024628639221191406,success
041DC63A9C4C80,3,"['Castelvecchio', 'Arena']",Casa Giulietta,"['Centro Fotografia', 'Sighseeing', 'Torre Lamberti', 'Museo Conte', 'Museo Radio']",Santa Anastasia,strategy_nearest,False,0.0034339427947998047,success
041DCC429C4C81,3,"['Torre Lamberti', 'Casa Giulietta', 'Santa Anastasia']",Duomo,"['AMO', 'Museo Miniscalchi', 'Teatro Romano', 'Palazzo della Ragione', 'Museo Conte']",Arena,strategy_nearest,False,0.0030128955841064453,success
041DCA3A9C4C80,3,"['Arena', 'Casa Giulietta', 'Torre Lamberti']",Santa Anastasia,"['AMO', 'Museo Conte', 'Palazzo della Ragione', 'Teatro Romano', 'Centro Fotografia']",Duomo,strategy_nearest,False,0.002351045608520508,success
041DCA3A9C4C81,3,['Arena'],Santa Anastasia,"['AMO', 'Museo Conte', 'Palazzo della Ragione', 'Teatro Romano', 'Centro Fotografia']",Duomo,strategy_nearest,False,0.003053903579711914,success
041DD0429C4C81,0,"['Arena', 'Castelvecchio']",San Zeno,"['Verona Tour', 'Museo Lapidario', 'Museo Miniscalchi', 'Sighseeing', 'Museo Radio']",Teatro Romano,strategy_nearest,False,0.0036249160766601562,success
041DCE3A9C4C81,2,"['Tomba Giulietta', 'San Fermo']",Torre Lamberti,"['Sighseeing', 'Centro Fotografia', 'Museo Conte', 'Casa Giulietta', 'Palazzo della Ragione']",Santa Anastasia,strategy_nearest,False,0.002579927444458008,success
041DD23A9C4C80,1,['Arena'],Torre Lamberti,"['Sighseeing', 'Centro Fotografia', 'Museo Conte', 'Casa Giulietta', 'Palazzo della Ragione']",Palazzo della Ragione,strategy_nearest,True,0.004517793655395508,success
041DD53A9C4C81,2,['Tomba Giulietta'],Castelvecchio,"['Museo Lapidario', 'Verona Tour', 'Arena', 'Museo Radio', 'San Zeno']",Casa Giulietta,strategy_nearest,False,0.003353118896484375,success
041DDB3A9C4C81,3,"['Casa Giulietta', 'Arena']",Torre Lamberti,"['Sighseeing', 'Centro Fotografia', 'Museo Conte', 'Palazzo della Ragione', 'AMO']",Santa Anastasia,strategy_nearest,False,0.001712799072265625,success
041DE23A9C4C81,3,"['Arena', 'Torre Lamberti']",Casa Giulietta,"['Centro Fotografia', 'Sighseeing', 'Museo Conte', 'Museo Radio', 'Palazzo della Ragione']",Santa Anastasia,strategy_nearest,False,0.002544879913330078,success
041DE8429C4C80,2,"['Casa Giulietta', 'Torre Lamberti', 'Santa Anastasia']",Duomo,"['AMO', 'Museo Miniscalchi', 'Teatro Romano', 'Palazzo della Ragione', 'Museo Conte']",Castelvecchio,strategy_nearest,False,0.00457000732421875,success
041DE83A9C4C80,3,['Castelvecchio'],Arena,"['Verona Tour', 'Museo Lapidario', 'Museo Radio', 'San Fermo', 'Casa Giulietta']",San Fermo,strategy_nearest,True,0.0036563873291015625,success
041DE93A9C4C80,1,"['Museo Lapidario', 'Castelvecchio', 'Duomo', 'Arena']",Casa Giulietta,"['Centro Fotografia', 'Sighseeing', 'Torre Lamberti', 'Museo Conte', 'Museo Radio']",Torre Lamberti,strategy_nearest,True,0.0018939971923828125,success
041E4D3A9C4C81,3,"['Duomo', 'Santa Anastasia', 'Torre Lamberti']",Castelvecchio,"['Museo Lapidario', 'Verona Tour', 'Arena', 'Museo Radio', 'San Zeno']",Arena,strategy_nearest,True,0.003595113754272461,success
041E52429C4C80,0,['Arena'],Torre Lamberti,"['Sighseeing', 'Centro Fotografia', 'Museo Conte', 'Casa Giulietta', 'Palazzo della Ragione']",Casa Giulietta,strategy_nearest,True,0.0012679100036621094,success
041E603A9C4C80,0,"['Arena', 'Casa Giulietta']",Duomo,"['AMO', 'Museo Miniscalchi', 'Santa Anastasia', 'Teatro Romano', 'Palazzo della Ragione']",San Zeno,strategy_nearest,False,0.002686023712158203,success
041E683A9C4C81,2,"['Santa Anastasia', 'Casa Giulietta', 'Duomo']",Teatro Romano,"['AMO', 'Palazzo della Ragione', 'Museo Conte', 'Centro Fotografia', 'Museo Miniscalchi']",Castelvecchio,strategy_nearest,False,0.0034449100494384766,success
041E72429C4C80,2,['Casa Giulietta'],Santa Anastasia,"['AMO', 'Museo Conte', 'Palazzo della Ragione', 'Teatro Romano', 'Centro Fotografia']",Castelvecchio,strategy_nearest,False,0.002560853958129883,success
041E71429C4C81,0,['Arena'],Casa Giulietta,"['Centro Fotografia', 'Sighseeing', 'Torre Lamberti', 'Museo Conte', 'Museo Radio']",Torre Lamberti,strategy_nearest,True,0.003557920455932617,success
041E6E429C4C81,0,['San Zeno'],Castelvecchio,"['Museo Lapidario', 'Verona Tour', 'Arena', 'Museo Radio', 'Sighseeing']",Arena,strategy_nearest,True,0.0031228065490722656,success
041E753A9C4C80,1,"['Arena', 'Casa Giulietta']",Torre Lamberti,"['Sighseeing', 'Centro Fotografia', 'Museo Conte', 'Palazzo della Ragione', 'AMO']",Palazzo della Ragione,strategy_nearest,True,0.0016949176788330078,success
041E783A9C4C81,1,"['Arena', 'Torre Lamberti', 'Palazzo della Ragione']",Casa Giulietta,"['Centro Fotografia', 'Sighseeing', 'Museo Conte', 'Museo Radio', 'San Fermo']",Santa Anastasia,strategy_nearest,False,0.0024929046630859375,success
041E79429C4C81,1,['Arena'],Torre Lamberti,"['Sighseeing', 'Centro Fotografia', 'Museo Conte', 'Casa Giulietta', 'Palazzo della Ragione']",Palazzo della Ragione,strategy_nearest,True,0.0031337738037109375,success
041E7A429C4C80,2,['Duomo'],Teatro Romano,"['Santa Anastasia', 'AMO', 'Palazzo della Ragione', 'Museo Conte', 'Centro Fotografia']",Casa Giulietta,strategy_nearest,False,0.003306865692138672,success
041E7E3A9C4C80,0,['Arena'],Casa Giulietta,"['Centro Fotografia', 'Sighseeing', 'Torre Lamberti', 'Museo Conte', 'Museo Radio']",Castelvecchio,strategy_nearest,False,0.0033991336822509766,success
041E7E429C4C80,0,['Arena'],Castelvecchio,"['Museo Lapidario', 'Verona Tour', 'Museo Radio', 'San Zeno', 'Sighseeing']",Casa Giulietta,strategy_nearest,False,0.002202749252319336,success
041E7F3A9C4C80,2,"['Casa Giulietta', 'Torre Lamberti']",Palazzo della Ragione,"['AMO', 'Museo Conte', 'Centro Fotografia', 'Sighseeing', 'Santa Anastasia']",San Zeno,strategy_nearest,False,0.002814054489135742,success
041E80429C4C80,0,['Arena'],Casa Giulietta,"['Centro Fotografia', 'Sighseeing', 'Torre Lamberti', 'Museo Conte', 'Museo Radio']",Torre Lamberti,strategy_nearest,True,0.0037980079650878906,success
041E85429C4C80,0,['Arena'],Torre Lamberti,"['Sighseeing', 'Centro Fotografia', 'Museo Conte', 'Casa Giulietta', 'Palazzo della Ragione']",Casa Giulietta,strategy_nearest,True,0.002187013626098633,success
041E85429C4C81,3,"['Arena', 'Castelvecchio', 'Torre Lamberti']",Casa Giulietta,"['Centro Fotografia', 'Sighseeing', 'Museo Conte', 'Museo Radio', 'Palazzo della Ragione']",Duomo,strategy_nearest,False,0.0027709007263183594,success
041E8E4A9C4C80,3,['Castelvecchio'],Santa Anastasia,"['AMO', 'Museo Conte', 'Palazzo della Ragione', 'Teatro Romano', 'Centro Fotografia']",Duomo,strategy_nearest,False,0.0031232833862304688,success
041E934A9C4C81,1,"['Arena', 'Museo Lapidario', 'Castelvecchio']",Torre Lamberti,"['Sighseeing', 'Centro Fotografia', 'Museo Conte', 'Casa Giulietta', 'Palazzo della Ragione']",Palazzo della Ragione,strategy_nearest,True,0.0023288726806640625,success
041E904A9C4C80,2,"['San Zeno', 'Casa Giulietta', 'Palazzo della Ragione']",Santa Anastasia,"['AMO', 'Museo Conte', 'Teatro Romano', 'Centro Fotografia', 'Duomo']",San Fermo,strategy_nearest,False,0.0030701160430908203,success
041E98429C4C80,0,['Arena'],Casa Giulietta,"['Centro Fotografia', 'Sighseeing', 'Torre Lamberti', 'Museo Conte', 'Museo Radio']",Santa Anastasia,strategy_nearest,False,0.0013461112976074219,success
041E9D4A9C4C81,1,"['Arena', 'Casa Giulietta']",Torre Lamberti,"['Sighseeing', 'Centro Fotografia', 'Museo Conte', 'Palazzo della Ragione', 'AMO']",Palazzo della Ragione,strategy_nearest,True,0.003390073776245117,success
041EA64A9C4C81,0,['Arena'],Casa Giulietta,"['Centro Fotografia', 'Sighseeing', 'Torre Lamberti', 'Museo Conte', 'Museo Radio']",Castelvecchio,strategy_nearest,False,0.002218008041381836,success
041E9E429C4C80,3,['Santa Anastasia'],Casa Giulietta,"['Centro Fotografia', 'Sighseeing', 'Torre Lamberti', 'Museo Conte', 'Museo Radio']",Arena,strategy_nearest,False,0.0017001628875732422,success
041EA0429C4C80,0,['Arena'],Casa Giulietta,"['Centro Fotografia', 'Sighseeing', 'Torre Lamberti', 'Museo Conte', 'Museo Radio']",Duomo,strategy_nearest,False,0.002871990203857422,success
041EA83A9C4C80,3,"['Museo Lapidario', 'Arena']",Casa Giulietta,"['Centro Fotografia', 'Sighseeing', 'Torre Lamberti', 'Museo Conte', 'Museo Radio']",Torre Lamberti,strategy_nearest,True,0.003694772720336914,success
041EAB429C4C80,1,"['Arena', 'Casa Giulietta']",Torre Lamberti,"['Sighseeing', 'Centro Fotografia', 'Museo Conte', 'Palazzo della Ragione', 'AMO']",Palazzo della Ragione,strategy_nearest,True,0.0021691322326660156,success
041EAA3A9C4C80,0,"['Arena', 'San Fermo']",Casa Giulietta,"['Centro Fotografia', 'Sighseeing', 'Torre Lamberti', 'Museo Conte', 'Museo Radio']",Castelvecchio,strategy_nearest,False,0.001859903335571289,success
041EB03A9C4C81,0,"['Torre Lamberti', 'Casa Giulietta']",San Fermo,"['Museo Storia', 'Museo Radio', 'Centro Fotografia', 'Arena', 'Sighseeing']",Arena,strategy_nearest,True,0.0023260116577148438,success
041EB4429C4C81,0,['Arena'],Torre Lamberti,"['Sighseeing', 'Centro Fotografia', 'Museo Conte', 'Casa Giulietta', 'Palazzo della Ragione']",Casa Giulietta,strategy_nearest,True,0.002027750015258789,success
041EB63A9C4C81,1,"['Casa Giulietta', 'Torre Lamberti', 'Palazzo della Ragione']",Santa Anastasia,"['AMO', 'Museo Conte', 'Teatro Romano', 'Centro Fotografia', 'Duomo']",Duomo,strategy_nearest,True,0.0013511180877685547,success
041EB0429C4C80,3,"['Arena', 'Torre Lamberti']",Castelvecchio,"['Museo Lapidario', 'Verona Tour', 'Museo Radio', 'San Zeno', 'Sighseeing']",Santa Anastasia,strategy_nearest,False,0.003285646438598633,success
041EB73A9C4C80,0,['Arena'],Casa Giulietta,"['Centro Fotografia', 'Sighseeing', 'Torre Lamberti', 'Museo Conte', 'Museo Radio']",Castelvecchio,strategy_nearest,False,0.0033578872680664062,success
041EB8429C4C81,2,"['Casa Giulietta', 'San Fermo']",Torre Lamberti,"['Sighseeing', 'Centro Fotografia', 'Museo Conte', 'Palazzo della Ragione', 'AMO']",Palazzo della Ragione,strategy_nearest,True,0.0025238990783691406,success
041EC1429C4C81,3,"['Arena', 'Giardino Giusti']",Teatro Romano,"['Santa Anastasia', 'Duomo', 'AMO', 'Palazzo della Ragione', 'Museo Conte']",Duomo,strategy_nearest,True,0.0017628669738769531,success
041EC33A9C4C81,6,['Arena'],Verona Tour,"['Museo Lapidario', 'Castelvecchio', 'Museo Radio', 'Casa Giulietta', 'Sighseeing']",Castelvecchio,strategy_nearest,True,0.0021779537200927734,success
041EC4429C4C80,1,"['Casa Giulietta', 'Torre Lamberti', 'Palazzo della Ragione']",Teatro Romano,"['Santa Anastasia', 'Duomo', 'AMO', 'Museo Conte', 'Centro Fotografia']",Arena,strategy_nearest,False,0.0019960403442382812,success
041EC43A9C4C80,1,"['Arena', 'Casa Giulietta']",Santa Anastasia,"['AMO', 'Museo Conte', 'Palazzo della Ragione', 'Teatro Romano', 'Centro Fotografia']",Torre Lamberti,strategy_nearest,False,0.0020377635955810547,success
041ECB3A9C4C80,0,['Arena'],Casa Giulietta,"['Centro Fotografia', 'Sighseeing', 'Torre Lamberti', 'Museo Conte', 'Museo Radio']",Castelvecchio,strategy_nearest,False,0.002505779266357422,success
041ECC3A9C4C81,2,"['Teatro Romano', 'Duomo', 'Santa Anastasia']",Torre Lamberti,"['Sighseeing', 'Centro Fotografia', 'Museo Conte', 'Casa Giulietta', 'Palazzo della Ragione']",Casa Giulietta,strategy_nearest,True,0.003117084503173828,success
041ED13A9C4C81,1,"['Arena', 'Santa Anastasia', 'Torre Lamberti']",Palazzo della Ragione,"['AMO', 'Museo Conte', 'Centro Fotografia', 'Sighseeing', 'Museo Miniscalchi']",Casa Giulietta,strategy_nearest,False,0.0021681785583496094,success
041ED33A9C4C81,1,"['Arena', 'Torre Lamberti', 'Palazzo della Ragione']",Santa Anastasia,"['AMO', 'Museo Conte', 'Teatro Romano', 'Centro Fotografia', 'Duomo']",San Fermo,strategy_nearest,False,0.0020761489868164062,success
041EDD3A9C4C81,3,['Arena'],Torre Lamberti,"['Sighseeing', 'Centro Fotografia', 'Museo Conte', 'Casa Giulietta', 'Palazzo della Ragione']",Santa Anastasia,strategy_nearest,False,0.003342151641845703,success
041EDA429C4C80,2,"['Castelvecchio', 'Giardino Giusti']",Teatro Romano,"['Santa Anastasia', 'Duomo', 'AMO', 'Palazzo della Ragione', 'Museo Conte']",Torre Lamberti,strategy_nearest,False,0.0027179718017578125,success
041EDF429C4C80,3,"['San Zeno', 'Arena']",Santa Anastasia,"['AMO', 'Museo Conte', 'Palazzo della Ragione', 'Teatro Romano', 'Centro Fotografia']",Duomo,strategy_nearest,False,0.002276897430419922,success
041EE23A9C4C81,3,"['Castelvecchio', 'Arena']",Casa Giulietta,"['Centro Fotografia', 'Sighseeing', 'Torre Lamberti', 'Museo Conte', 'Museo Radio']",Torre Lamberti,strategy_nearest,True,0.002413034439086914,success
041EE33A9C4C81,1,"['Teatro Romano', 'Duomo']",Castelvecchio,"['Museo Lapidario', 'Verona Tour', 'Arena', 'Museo Radio', 'San Zeno']",Arena,strategy_nearest,True,0.0022170543670654297,success
041EE2429C4C80,1,"['Torre Lamberti', 'Palazzo della Ragione', 'Arena', 'Castelvecchio']",Santa Anastasia,"['AMO', 'Museo Conte', 'Teatro Romano', 'Centro Fotografia', 'Duomo']",San Zeno,strategy_nearest,False,0.0034558773040771484,success
041EE43A9C4C80,1,"['Arena', 'Palazzo della Ragione']",Casa Giulietta,"['Centro Fotografia', 'Sighseeing', 'Torre Lamberti', 'Museo Conte', 'Museo Radio']",Torre Lamberti,strategy_nearest,True,0.0024611949920654297,success
041F46429C4C81,0,['Casa Giulietta'],Castelvecchio,"['Museo Lapidario', 'Verona Tour', 'Arena', 'Museo Radio', 'San Zeno']",Arena,strategy_nearest,True,0.002454042434692383,success
041EE83A9C4C80,1,"['Arena', 'Casa Giulietta']",Palazzo della Ragione,"['AMO', 'Museo Conte', 'Torre Lamberti', 'Centro Fotografia', 'Sighseeing']",Torre Lamberti,strategy_nearest,True,0.003117799758911133,success
041F4D429C4C81,2,['Castelvecchio'],Teatro Romano,"['Santa Anastasia', 'Duomo', 'AMO', 'Palazzo della Ragione', 'Museo Conte']",Casa Giulietta,strategy_nearest,False,0.0018410682678222656,success
041F52429C4C81,2,"['Castelvecchio', 'San Zeno']",Duomo,"['AMO', 'Museo Miniscalchi', 'Santa Anastasia', 'Teatro Romano', 'Palazzo della Ragione']",Giardino Giusti,strategy_nearest,False,0.0023949146270751953,success
041F66429C4C80,1,"['Casa Giulietta', 'Arena']",Torre Lamberti,"['Sighseeing', 'Centro Fotografia', 'Museo Conte', 'Palazzo della Ragione', 'AMO']",Palazzo della Ragione,strategy_nearest,True,0.0024619102478027344,success
041F603A9C4C81,0,['Arena'],Casa Giulietta,"['Centro Fotografia', 'Sighseeing', 'Torre Lamberti', 'Museo Conte', 'Museo Radio']",Torre Lamberti,strategy_nearest,True,0.001987934112548828,success
041F58429C4C80,3,['Arena'],Casa Giulietta,"['Centro Fotografia', 'Sighseeing', 'Torre Lamberti', 'Museo Conte', 'Museo Radio']",Santa Anastasia,strategy_nearest,False,0.0034399032592773438,success
041F6A3A9C4C80,1,"['Santa Anastasia', 'Duomo', 'Casa Giulietta', 'Arena']",Tomba Giulietta,"['San Fermo', 'Museo Storia', 'Museo Lapidario', 'Museo Radio', 'Verona Tour']",San Fermo,strategy_nearest,True,0.002474069595336914,success
041F6A429C4C81,0,['Arena'],San Fermo,"['Museo Storia', 'Museo Radio', 'Casa Giulietta', 'Centro Fotografia', 'Sighseeing']",Casa Giulietta,strategy_nearest,True,0.0019800662994384766,success
041F6C429C4C80,0,['Arena'],Casa Giulietta,"['Centro Fotografia', 'Sighseeing', 'Torre Lamberti', 'Museo Conte', 'Museo Radio']",Tomba Giulietta,strategy_nearest,False,0.002514362335205078,success
041F6E429C4C81,1,"['Arena', 'Casa Giulietta']",Torre Lamberti,"['Sighseeing', 'Centro Fotografia', 'Museo Conte', 'Palazzo della Ragione', 'AMO']",Palazzo della Ragione,strategy_nearest,True,0.003002166748046875,success
041F6F429C4C81,3,"['Arena', 'Casa Giulietta', 'Torre Lamberti']",Santa Anastasia,"['AMO', 'Museo Conte', 'Palazzo della Ragione', 'Teatro Romano', 'Centro Fotografia']",Duomo,strategy_nearest,False,0.0025491714477539062,success
041F71429C4C81,0,['Arena'],Casa Giulietta,"['Centro Fotografia', 'Sighseeing', 'Torre Lamberti', 'Museo Conte', 'Museo Radio']",Santa Anastasia,strategy_nearest,False,0.0012829303741455078,success
041F6F3A9C4C81,0,['Arena'],Casa Giulietta,"['Centro Fotografia', 'Sighseeing', 'Torre Lamberti', 'Museo Conte', 'Museo Radio']",San Zeno,strategy_nearest,False,0.00214385986328125,success
041F733A9C4C81,0,['Tomba Giulietta'],Arena,"['Verona Tour', 'Museo Lapidario', 'Museo Radio', 'San Fermo', 'Casa Giulietta']",Castelvecchio,strategy_nearest,False,0.003220081329345703,success
041F73429C4C81,3,['Arena'],Casa Giulietta,"['Centro Fotografia', 'Sighseeing', 'Torre Lamberti', 'Museo Conte', 'Museo Radio']",Santa Anastasia,strategy_nearest,False,0.0019850730895996094,success
041F753A9C4C80,0,"['Arena', 'Castelvecchio']",Casa Giulietta,"['Centro Fotografia', 'Sighseeing', 'Torre Lamberti', 'Museo Conte', 'Museo Radio']",Torre Lamberti,strategy_nearest,True,0.003353118896484375,success
041F743A9C4C81,3,"['Arena', 'Castelvecchio']",Casa Giulietta,"['Centro Fotografia', 'Sighseeing', 'Torre Lamberti', 'Museo Conte', 'Museo Radio']",Santa Anastasia,strategy_nearest,False,0.0020449161529541016,success
041F743A9C4C80,2,['Casa Giulietta'],Torre Lamberti,"['Sighseeing', 'Centro Fotografia', 'Museo Conte', 'Palazzo della Ragione', 'AMO']",Palazzo della Ragione,strategy_nearest,True,0.003432035446166992,success
041F763A9C4C81,1,"['Arena', 'Museo Lapidario', 'Santa Anastasia']",Duomo,"['AMO', 'Museo Miniscalchi', 'Teatro Romano', 'Palazzo della Ragione', 'Museo Conte']",Torre Lamberti,strategy_nearest,False,0.0025360584259033203,success
041F7F4A9C4C80,1,"['Arena', 'Torre Lamberti']",Palazzo della Ragione,"['AMO', 'Museo Conte', 'Centro Fotografia', 'Sighseeing', 'Santa Anastasia']",Teatro Romano,strategy_nearest,False,0.0017421245574951172,success
041F783A9C4C81,3,"['Arena', 'Casa Giulietta']",Santa Anastasia,"['AMO', 'Museo Conte', 'Palazzo della Ragione', 'Teatro Romano', 'Centro Fotografia']",Duomo,strategy_nearest,False,0.002452850341796875,success
041F813A9C4C80,3,"['Arena', 'Castelvecchio']",Torre Lamberti,"['Sighseeing', 'Centro Fotografia', 'Museo Conte', 'Casa Giulietta', 'Palazzo della Ragione']",Duomo,strategy_nearest,False,0.0033369064331054688,success
041F773A9C4C81,0,['Arena'],Torre Lamberti,"['Sighseeing', 'Centro Fotografia', 'Museo Conte', 'Casa Giulietta', 'Palazzo della Ragione']",Torre Lamberti,strategy_nearest,False,0.0031120777130126953,success
041F8E3A9C4C81,3,['Arena'],Santa Anastasia,"['AMO', 'Museo Conte', 'Palazzo della Ragione', 'Teatro Romano', 'Centro Fotografia']",Teatro Romano,strategy_nearest,True,0.0012547969818115234,success
041F8C429C4C80,2,['Torre Lamberti'],Santa Anastasia,"['AMO', 'Museo Conte', 'Palazzo della Ragione', 'Teatro Romano', 'Centro Fotografia']",Duomo,strategy_nearest,False,0.00273895263671875,success
041F9D4A9C4C81,0,['Arena'],San Zeno,"['Castelvecchio', 'Verona Tour', 'Museo Lapidario', 'Museo Miniscalchi', 'Sighseeing']",Torre Lamberti,strategy_nearest,False,0.003582000732421875,success
041FA0429C4C80,3,"['Arena', 'Casa Giulietta']",Santa Anastasia,"['AMO', 'Museo Conte', 'Palazzo della Ragione', 'Teatro Romano', 'Centro Fotografia']",Duomo,strategy_nearest,False,0.002785205841064453,success
041FA2429C4C80,0,['Arena'],Castelvecchio,"['Museo Lapidario', 'Verona Tour', 'Museo Radio', 'San Zeno', 'Sighseeing']",Casa Giulietta,strategy_nearest,False,0.002321958541870117,success
041FA8429C4C81,3,"['Arena', 'Museo Lapidario']",Casa Giulietta,"['Centro Fotografia', 'Sighseeing', 'Torre Lamberti', 'Museo Conte', 'Museo Radio']",Santa Anastasia,strategy_nearest,False,0.002213716506958008,success
041FAB429C4C81,0,['Arena'],Santa Anastasia,"['AMO', 'Museo Conte', 'Palazzo della Ragione', 'Teatro Romano', 'Centro Fotografia']",Casa Giulietta,strategy_nearest,False,0.0016219615936279297,success
041FAC429C4C81,3,"['Arena', 'San Fermo']",Torre Lamberti,"['Sighseeing', 'Centro Fotografia', 'Museo Conte', 'Casa Giulietta', 'Palazzo della Ragione']",Casa Giulietta,strategy_nearest,True,0.0032351016998291016,success
041FB23A9C4C81,0,['Arena'],Castelvecchio,"['Museo Lapidario', 'Verona Tour', 'Museo Radio', 'San Zeno', 'Sighseeing']",San Zeno,strategy_nearest,True,0.0021822452545166016,success
041FAF3A9C4C81,2,['Casa Giulietta'],Torre Lamberti,"['Sighseeing', 'Centro Fotografia', 'Museo Conte', 'Palazzo della Ragione', 'AMO']",Santa Anastasia,strategy_nearest,False,0.0017709732055664062,success
041FB3429C4C81,0,['Arena'],Castelvecchio,"['Museo Lapidario', 'Verona Tour', 'Museo Radio', 'San Zeno', 'Sighseeing']",Casa Giulietta,strategy_nearest,False,0.0017011165618896484,success
041FB4429C4C81,2,['Torre Lamberti'],Casa Giulietta,"['Centro Fotografia', 'Sighseeing', 'Museo Conte', 'Museo Radio', 'Palazzo della Ragione']",Castelvecchio,strategy_nearest,False,0.0021288394927978516,success
041FB6429C4C81,0,['Arena'],Casa Giulietta,"['Centro Fotografia', 'Sighseeing', 'Torre Lamberti', 'Museo Conte', 'Museo Radio']",Torre Lamberti,strategy_nearest,True,0.0022957324981689453,success
041FB4429C4C80,0,['Castelvecchio'],Arena,"['Verona Tour', 'Museo Lapidario', 'Museo Radio', 'San Fermo', 'Casa Giulietta']",Casa Giulietta,strategy_nearest,True,0.002789020538330078,success
041FBD3A9C4C81,0,['Arena'],Casa Giulietta,"['Centro Fotografia', 'Sighseeing', 'Torre Lamberti', 'Museo Conte', 'Museo Radio']",Santa Anastasia,strategy_nearest,False,0.0014591217041015625,success
041FC0429C4C80,1,"['Arena', 'Torre Lamberti']",Palazzo della Ragione,"['AMO', 'Museo Conte', 'Centro Fotografia', 'Sighseeing', 'Santa Anastasia']",Casa Giulietta,strategy_nearest,False,0.002045869827270508,success
041FC0429C4C81,2,"['Tomba Giulietta', 'San Fermo', 'Casa Giulietta']",Torre Lamberti,"['Sighseeing', 'Centro Fotografia', 'Museo Conte', 'Palazzo della Ragione', 'AMO']",Santa Anastasia,strategy_nearest,False,0.003287076950073242,success
041FB7429C4C80,2,['Casa Giulietta'],Duomo,"['AMO', 'Museo Miniscalchi', 'Santa Anastasia', 'Teatro Romano', 'Palazzo della Ragione']",Teatro Romano,strategy_nearest,True,0.003507852554321289,success
041FC93A9C4C80,1,"['Arena', 'Casa Giulietta', 'Torre Lamberti']",Palazzo della Ragione,"['AMO', 'Museo Conte', 'Centro Fotografia', 'Sighseeing', 'Santa Anastasia']",Teatro Romano,strategy_nearest,False,0.0026619434356689453,success
041FC9429C4C80,0,['Arena'],Castelvecchio,"['Museo Lapidario', 'Verona Tour', 'Museo Radio', 'San Zeno', 'Sighseeing']",Torre Lamberti,strategy_nearest,False,0.002702951431274414,success
041FC1429C4C81,3,"['San Zeno', 'Castelvecchio']",Santa Anastasia,"['AMO', 'Museo Conte', 'Palazzo della Ragione', 'Teatro Romano', 'Centro Fotografia']",Duomo,strategy_nearest,False,0.0021178722381591797,success
041FCA429C4C80,3,['Arena'],Castelvecchio,"['Museo Lapidario', 'Verona Tour', 'Museo Radio', 'San Zeno', 'Sighseeing']",Santa Anastasia,strategy_nearest,False,0.003370046615600586,success
041FCB3A9C4C80,0,['Arena'],Casa Giulietta,"['Centro Fotografia', 'Sighseeing', 'Torre Lamberti', 'Museo Conte', 'Museo Radio']",Torre Lamberti,strategy_nearest,True,0.0022652149200439453,success
041FCE3A9C4C80,1,"['Arena', 'Casa Giulietta', 'Santa Anastasia']",Duomo,"['AMO', 'Museo Miniscalchi', 'Teatro Romano', 'Palazzo della Ragione', 'Museo Conte']",Torre Lamberti,strategy_nearest,False,0.002538919448852539,success
041FCB429C4C80,3,"['San Zeno', 'Arena']",San Fermo,"['Museo Storia', 'Museo Radio', 'Casa Giulietta', 'Centro Fotografia', 'Sighseeing']",Santa Anastasia,strategy_nearest,False,0.002009868621826172,success
041FD43A9C4C80,0,"['Casa Giulietta', 'Arena']",Castelvecchio,"['Museo Lapidario', 'Verona Tour', 'Museo Radio', 'San Zeno', 'Sighseeing']",Torre Lamberti,strategy_nearest,False,0.002708911895751953,success
041FDD3A9C4C81,0,['Arena'],Casa Giulietta,"['Centro Fotografia', 'Sighseeing', 'Torre Lamberti', 'Museo Conte', 'Museo Radio']",Torre Lamberti,strategy_nearest,True,0.002905130386352539,success
041FDE3A9C4C80,2,"['San Fermo', 'Castelvecchio']",San Zeno,"['Verona Tour', 'Museo Lapidario', 'Arena', 'Museo Miniscalchi', 'Sighseeing']",Santa Anastasia,strategy_nearest,False,0.0022683143615722656,success
041FDF3A9C4C80,1,"['Arena', 'Torre Lamberti', 'Palazzo della Ragione', 'Casa Giulietta']",San Fermo,"['Museo Storia', 'Museo Radio', 'Centro Fotografia', 'Sighseeing', 'Museo Conte']",Giardino Giusti,strategy_nearest,False,0.0034837722778320312,success
041FE13A9C4C80,3,"['Arena', 'Casa Giulietta']",Santa Anastasia,"['AMO', 'Museo Conte', 'Palazzo della Ragione', 'Teatro Romano', 'Centro Fotografia']",Duomo,strategy_nearest,False,0.0023009777069091797,success
041FE43A9C4C81,0,['Arena'],Castelvecchio,"['Museo Lapidario', 'Verona Tour', 'Museo Radio', 'San Zeno', 'Sighseeing']",Casa Giulietta,strategy_nearest,False,0.0015072822570800781,success
041FED3A9C4C80,3,"['Arena', 'Castelvecchio', 'Teatro Romano']",Giardino Giusti,"['Santa Anastasia', 'Museo Conte', 'Centro Fotografia', 'Museo Storia', 'AMO']",Santa Anastasia,strategy_nearest,True,0.003289937973022461,success
042051429C4C81,0,['Arena'],Castelvecchio,"['Museo Lapidario', 'Verona Tour', 'Museo Radio', 'San Zeno', 'Sighseeing']",Casa Giulietta,strategy_nearest,False,0.0013890266418457031,success
04204F3A9C4C81,4,"['Casa Giulietta', 'Arena', 'Museo Lapidario', 'Castelvecchio']",Teatro Romano,"['Santa Anastasia', 'Duomo', 'AMO', 'Palazzo della Ragione', 'Museo Conte']",Tomba Giulietta,strategy_nearest,False,0.002215862274169922,success
042050429C4C81,1,"['Arena', 'Casa Giulietta']",Torre Lamberti,"['Sighseeing', 'Centro Fotografia', 'Museo Conte', 'Palazzo della Ragione', 'AMO']",Castelvecchio,strategy_nearest,False,0.0032939910888671875,success
04205C429C4C80,0,['Arena'],Casa Giulietta,"['Centro Fotografia', 'Sighseeing', 'Torre Lamberti', 'Museo Conte', 'Museo Radio']",Castelvecchio,strategy_nearest,False,0.003092050552368164,success
04205D429C4C81,3,['Arena'],Casa Giulietta,"['Centro Fotografia', 'Sighseeing', 'Torre Lamberti', 'Museo Conte', 'Museo Radio']",Santa Anastasia,strategy_nearest,False,0.0022389888763427734,success
0420563A9C4C81,0,['Arena'],Casa Giulietta,"['Centro Fotografia', 'Sighseeing', 'Torre Lamberti', 'Museo Conte', 'Museo Radio']",Tomba Giulietta,strategy_nearest,False,0.0037288665771484375,success
04206E3A9C4C81,2,['Santa Anastasia'],Torre Lamberti,"['Sighseeing', 'Centro Fotografia', 'Museo Conte', 'Casa Giulietta', 'Palazzo della Ragione']",Casa Giulietta,strategy_nearest,True,0.003282785415649414,success
042071429C4C81,3,"['Arena', 'San Fermo']",Casa Giulietta,"['Centro Fotografia', 'Sighseeing', 'Torre Lamberti', 'Museo Conte', 'Museo Radio']",Torre Lamberti,strategy_nearest,True,0.0037331581115722656,success
04206F429C4C81,2,['Santa Anastasia'],Torre Lamberti,"['Sighseeing', 'Centro Fotografia', 'Museo Conte', 'Casa Giulietta', 'Palazzo della Ragione']",Palazzo della Ragione,strategy_nearest,True,0.002666950225830078,success
0420703A9C4C80,2,"['Teatro Romano', 'Giardino Giusti', 'Casa Giulietta']",Tomba Giulietta,"['San Fermo', 'Museo Storia', 'Arena', 'Museo Lapidario', 'Museo Radio']",San Fermo,strategy_nearest,True,0.004557132720947266,success
04207D3A9C4C80,1,"['Arena', 'Museo Lapidario']",Torre Lamberti,"['Sighseeing', 'Centro Fotografia', 'Museo Conte', 'Casa Giulietta', 'Palazzo della Ragione']",Palazzo della Ragione,strategy_nearest,True,0.0015368461608886719,success
042076429C4C81,3,"['Arena', 'San Fermo']",Casa Giulietta,"['Centro Fotografia', 'Sighseeing', 'Torre Lamberti', 'Museo Conte', 'Museo Radio']",Santa Anastasia,strategy_nearest,False,0.004693031311035156,success
0420794A9C4C81,1,"['Museo Lapidario', 'Castelvecchio']",Arena,"['Verona Tour', 'Museo Radio', 'San Fermo', 'Casa Giulietta', 'Sighseeing']",Torre Lamberti,strategy_nearest,False,0.0033528804779052734,success
0420814A9C4C81,0,['Arena'],Torre Lamberti,"['Sighseeing', 'Centro Fotografia', 'Museo Conte', 'Casa Giulietta', 'Palazzo della Ragione']",Casa Giulietta,strategy_nearest,True,0.0037610530853271484,success
0420853A9C4C80,1,"['Torre Lamberti', 'Palazzo della Ragione']",Arena,"['Verona Tour', 'Museo Lapidario', 'Museo Radio', 'San Fermo', 'Casa Giulietta']",Duomo,strategy_nearest,False,0.0046367645263671875,success
042084429C4C81,1,"['Arena', 'Torre Lamberti']",Palazzo della Ragione,"['AMO', 'Museo Conte', 'Centro Fotografia', 'Sighseeing', 'Santa Anastasia']",Teatro Romano,strategy_nearest,False,0.0029571056365966797,success
0420854A9C4C80,0,['Arena'],Castelvecchio,"['Museo Lapidario', 'Verona Tour', 'Museo Radio', 'San Zeno', 'Sighseeing']",Casa Giulietta,strategy_nearest,False,0.0044841766357421875,success
0420884A9C4C81,0,['Arena'],Casa Giulietta,"['Centro Fotografia', 'Sighseeing', 'Torre Lamberti', 'Museo Conte', 'Museo Radio']",Teatro Romano,strategy_nearest,False,0.002343893051147461,success
0420863A9C4C80,2,['Casa Giulietta'],Santa Anastasia,"['AMO', 'Museo Conte', 'Palazzo della Ragione', 'Teatro Romano', 'Centro Fotografia']",Teatro Romano,strategy_nearest,True,0.003751993179321289,success
04208B429C4C80,2,['Castelvecchio'],Casa Giulietta,"['Centro Fotografia', 'Sighseeing', 'Torre Lamberti', 'Museo Conte', 'Museo Radio']",Palazzo della Ragione,strategy_nearest,False,0.0025637149810791016,success
04208E3A9C4C81,1,['Torre Lamberti'],Palazzo della Ragione,"['AMO', 'Museo Conte', 'Centro Fotografia', 'Sighseeing', 'Santa Anastasia']",Casa Giulietta,strategy_nearest,False,0.002975940704345703,success
04208A429C4C80,3,"['Arena', 'Torre Lamberti', 'Santa Anastasia']",Castelvecchio,"['Museo Lapidario', 'Verona Tour', 'Museo Radio', 'San Zeno', 'Sighseeing']",Casa Giulietta,strategy_nearest,False,0.004682064056396484,success
04208E3A9C4C80,0,['Arena'],Duomo,"['AMO', 'Museo Miniscalchi', 'Santa Anastasia', 'Teatro Romano', 'Palazzo della Ragione']",Teatro Romano,strategy_nearest,True,0.003088712692260742,success
04208E429C4C80,0,"['Arena', 'San Zeno']",Castelvecchio,"['Museo Lapidario', 'Verona Tour', 'Museo Radio', 'Sighseeing', 'Museo Miniscalchi']",Tomba Giulietta,strategy_nearest,False,0.0033364295959472656,success
042092429C4C80,0,['Arena'],Casa Giulietta,"['Centro Fotografia', 'Sighseeing', 'Torre Lamberti', 'Museo Conte', 'Museo Radio']",Tomba Giulietta,strategy_nearest,False,0.0022029876708984375,success
0420924A9C4C81,0,['Casa Giulietta'],Arena,"['Verona Tour', 'Museo Lapidario', 'Museo Radio', 'San Fermo', 'Sighseeing']",Castelvecchio,strategy_nearest,False,0.002775907516479492,success
042097429C4C81,1,"['Arena', 'Palazzo della Ragione']",Santa Anastasia,"['AMO', 'Museo Conte', 'Teatro Romano', 'Centro Fotografia', 'Duomo']",Duomo,strategy_nearest,True,0.0027937889099121094,success
042098429C4C80,3,"['Arena', 'San Zeno']",Torre Lamberti,"['Sighseeing', 'Centro Fotografia', 'Museo Conte', 'Casa Giulietta', 'Palazzo della Ragione']",Duomo,strategy_nearest,False,0.004971981048583984,success
0420A4429C4C80,3,"['Arena', 'Casa Giulietta']",Santa Anastasia,"['AMO', 'Museo Conte', 'Palazzo della Ragione', 'Teatro Romano', 'Centro Fotografia']",Duomo,strategy_nearest,False,0.0012960433959960938,success
04209E429C4C80,3,['Arena'],Santa Anastasia,"['AMO', 'Museo Conte', 'Palazzo della Ragione', 'Teatro Romano', 'Centro Fotografia']",Teatro Romano,strategy_nearest,True,0.002711057662963867,success
0420A7429C4C80,3,"['Arena', 'Casa Giulietta']",Santa Anastasia,"['AMO', 'Museo Conte', 'Palazzo della Ragione', 'Teatro Romano', 'Centro Fotografia']",Duomo,strategy_nearest,False,0.002140045166015625,success
0420A44A9C4C81,0,"['Arena', 'Casa Giulietta']",Torre Lamberti,"['Sighseeing', 'Centro Fotografia', 'Museo Conte', 'Palazzo della Ragione', 'AMO']",Duomo,strategy_nearest,False,0.003378152847290039,success
0420A8429C4C81,0,['Teatro Romano'],Arena,"['Verona Tour', 'Museo Lapidario', 'Museo Radio', 'San Fermo', 'Casa Giulietta']",Torre Lamberti,strategy_nearest,False,0.002725839614868164,success
0420AB429C4C81,1,"['Arena', 'Castelvecchio']",Palazzo della Ragione,"['AMO', 'Museo Conte', 'Torre Lamberti', 'Centro Fotografia', 'Sighseeing']",Torre Lamberti,strategy_nearest,True,0.003047943115234375,success
0420AD429C4C81,3,"['Arena', 'Casa Giulietta', 'Torre Lamberti']",Santa Anastasia,"['AMO', 'Museo Conte', 'Palazzo della Ragione', 'Teatro Romano', 'Centro Fotografia']",Teatro Romano,strategy_nearest,True,0.0013952255249023438,success
0420AC429C4C80,0,"['Arena', 'Castelvecchio']",Torre Lamberti,"['Sighseeing', 'Centro Fotografia', 'Museo Conte', 'Casa Giulietta', 'Palazzo della Ragione']",Casa Giulietta,strategy_nearest,True,0.002068042755126953,success
0420AB4A9C4C80,2,['Duomo'],Teatro Romano,"['Santa Anastasia', 'AMO', 'Palazzo della Ragione', 'Museo Conte', 'Centro Fotografia']",Santa Anastasia,strategy_nearest,True,0.0029439926147460938,success
0420B0429C4C80,0,['Arena'],Casa Giulietta,"['Centro Fotografia', 'Sighseeing', 'Torre Lamberti', 'Museo Conte', 'Museo Radio']",Torre Lamberti,strategy_nearest,True,0.0034608840942382812,success
0420B0429C4C81,3,"['Arena', 'Museo Lapidario']",Casa Giulietta,"['Centro Fotografia', 'Sighseeing', 'Torre Lamberti', 'Museo Conte', 'Museo Radio']",Santa Anastasia,strategy_nearest,False,0.0019910335540771484,success
0420B4429C4C81,1,"['Arena', 'Castelvecchio']",Palazzo della Ragione,"['AMO', 'Museo Conte', 'Torre Lamberti', 'Centro Fotografia', 'Sighseeing']",Torre Lamberti,strategy_nearest,True,0.0019106864929199219,success
0420B33A9C4C81,3,['Arena'],Casa Giulietta,"['Centro Fotografia', 'Sighseeing', 'Torre Lamberti', 'Museo Conte', 'Museo Radio']",Santa Anastasia,strategy_nearest,False,0.0032477378845214844,success
0420B83A9C4C80,1,['Arena'],Palazzo della Ragione,"['AMO', 'Museo Conte', 'Torre Lamberti', 'Centro Fotografia', 'Sighseeing']",Torre Lamberti,strategy_nearest,True,0.003136873245239258,success
0420BD3A9C4C81,0,['Castelvecchio'],Arena,"['Verona Tour', 'Museo Lapidario', 'Museo Radio', 'San Fermo', 'Casa Giulietta']",Casa Giulietta,strategy_nearest,True,0.0021369457244873047,success
0420BD429C4C80,0,['Arena'],Castelvecchio,"['Museo Lapidario', 'Verona Tour', 'Museo Radio', 'San Zeno', 'Sighseeing']",Torre Lamberti,strategy_nearest,False,0.0020051002502441406,success
0420B9429C4C81,0,['Arena'],Casa Giulietta,"['Centro Fotografia', 'Sighseeing', 'Torre Lamberti', 'Museo Conte', 'Museo Radio']",Duomo,strategy_nearest,False,0.003396272659301758,success
0420C13A9C4C80,0,['Arena'],Casa Giulietta,"['Centro Fotografia', 'Sighseeing', 'Torre Lamberti', 'Museo Conte', 'Museo Radio']",Castelvecchio,strategy_nearest,False,0.003264904022216797,success
0420C73A9C4C80,0,['Museo Lapidario'],Arena,"['Verona Tour', 'Museo Radio', 'San Fermo', 'Casa Giulietta', 'Sighseeing']",Casa Giulietta,strategy_nearest,True,0.0021560192108154297,success
0420C53A9C4C81,1,"['Torre Lamberti', 'Palazzo della Ragione']",Casa Giulietta,"['Centro Fotografia', 'Sighseeing', 'Museo Conte', 'Museo Radio', 'San Fermo']",Arena,strategy_nearest,False,0.0014729499816894531,success
0420CB429C4C80,3,['Duomo'],San Fermo,"['Museo Storia', 'Museo Radio', 'Casa Giulietta', 'Centro Fotografia', 'Arena']",San Zeno,strategy_nearest,False,0.002988100051879883,success
0420CA3A9C4C80,3,"['Arena', 'Santa Anastasia']",Torre Lamberti,"['Sighseeing', 'Centro Fotografia', 'Museo Conte', 'Casa Giulietta', 'Palazzo della Ragione']",Duomo,strategy_nearest,False,0.0026848316192626953,success
0420D5429C4C81,0,"['Arena', 'Casa Giulietta']",Castelvecchio,"['Museo Lapidario', 'Verona Tour', 'Museo Radio', 'San Zeno', 'Sighseeing']",Arena,strategy_nearest,False,0.0015399456024169922,success
0420CD429C4C81,1,"['Torre Lamberti', 'Palazzo della Ragione']",Casa Giulietta,"['Centro Fotografia', 'Sighseeing', 'Museo Conte', 'Museo Radio', 'San Fermo']",Castelvecchio,strategy_nearest,False,0.0021910667419433594,success
0420CD3A9C4C81,0,['Tomba Giulietta'],Arena,"['Verona Tour', 'Museo Lapidario', 'Museo Radio', 'San Fermo', 'Casa Giulietta']",Casa Giulietta,strategy_nearest,True,0.002874135971069336,success
0420DE3A9C4C80,3,"['Casa Giulietta', 'Torre Lamberti']",Santa Anastasia,"['AMO', 'Museo Conte', 'Palazzo della Ragione', 'Teatro Romano', 'Centro Fotografia']",Teatro Romano,strategy_nearest,True,0.003258943557739258,success
042149429C4C81,0,['Arena'],Torre Lamberti,"['Sighseeing', 'Centro Fotografia', 'Museo Conte', 'Casa Giulietta', 'Palazzo della Ragione']",Teatro Romano,strategy_nearest,False,0.0019478797912597656,success
0420DF3A9C4C81,0,['Arena'],Casa Giulietta,"['Centro Fotografia', 'Sighseeing', 'Torre Lamberti', 'Museo Conte', 'Museo Radio']",Torre Lamberti,strategy_nearest,True,0.0022683143615722656,success
0420EC3A9C4C80,3,['Arena'],Casa Giulietta,"['Centro Fotografia', 'Sighseeing', 'Torre Lamberti', 'Museo Conte', 'Museo Radio']",Santa Anastasia,strategy_nearest,False,0.002582073211669922,success
042152429C4C81,0,"['Torre Lamberti', 'Casa Giulietta']",Arena,"['Verona Tour', 'Museo Lapidario', 'Museo Radio', 'San Fermo', 'Sighseeing']",Castelvecchio,strategy_nearest,False,0.0014891624450683594,success
042157429C4C81,3,"['Arena', 'San Fermo', 'Torre Lamberti']",Casa Giulietta,"['Centro Fotografia', 'Sighseeing', 'Museo Conte', 'Museo Radio', 'Palazzo della Ragione']",San Zeno,strategy_nearest,False,0.0019638538360595703,success
04214D3A9C4C81,0,['Arena'],Casa Giulietta,"['Centro Fotografia', 'Sighseeing', 'Torre Lamberti', 'Museo Conte', 'Museo Radio']",Castelvecchio,strategy_nearest,False,0.004068136215209961,success
04214F3A9C4C81,1,"['Santa Anastasia', 'Duomo']",Palazzo della Ragione,"['AMO', 'Museo Conte', 'Torre Lamberti', 'Centro Fotografia', 'Sighseeing']",Arena,strategy_nearest,False,0.003301858901977539,success
04215B429C4C80,0,['Arena'],Casa Giulietta,"['Centro Fotografia', 'Sighseeing', 'Torre Lamberti', 'Museo Conte', 'Museo Radio']",Teatro Romano,strategy_nearest,False,0.001210927963256836,success
042162429C4C80,3,"['Arena', 'Casa Giulietta']",Torre Lamberti,"['Sighseeing', 'Centro Fotografia', 'Museo Conte', 'Palazzo della Ragione', 'AMO']",Santa Anastasia,strategy_nearest,False,0.0021562576293945312,success
042167429C4C81,1,"['Arena', 'Casa Giulietta', 'Palazzo della Ragione']",Torre Lamberti,"['Sighseeing', 'Centro Fotografia', 'Museo Conte', 'AMO', 'Museo Miniscalchi']",Santa Anastasia,strategy_nearest,False,0.0028252601623535156,success
042170429C4C80,0,['Arena'],Torre Lamberti,"['Sighseeing', 'Centro Fotografia', 'Museo Conte', 'Casa Giulietta', 'Palazzo della Ragione']",Casa Giulietta,strategy_nearest,True,0.003055095672607422,success
042171429C4C81,1,"['Arena', 'Casa Giulietta']",Palazzo della Ragione,"['AMO', 'Museo Conte', 'Torre Lamberti', 'Centro Fotografia', 'Sighseeing']",Torre Lamberti,strategy_nearest,True,0.0031328201293945312,success
042174429C4C81,1,"['Arena', 'Torre Lamberti']",Palazzo della Ragione,"['AMO', 'Museo Conte', 'Centro Fotografia', 'Sighseeing', 'Santa Anastasia']",Casa Giulietta,strategy_nearest,False,0.0025331974029541016,success
0421773A9C4C81,2,['Castelvecchio'],Duomo,"['AMO', 'Museo Miniscalchi', 'Santa Anastasia', 'Teatro Romano', 'Palazzo della Ragione']",Casa Giulietta,strategy_nearest,False,0.0019161701202392578,success
0421783A9C4C80,1,"['Casa Giulietta', 'Torre Lamberti']",Palazzo della Ragione,"['AMO', 'Museo Conte', 'Centro Fotografia', 'Sighseeing', 'Santa Anastasia']",Arena,strategy_nearest,False,0.002953767776489258,success
0421783A9C4C81,3,['Arena'],Casa Giulietta,"['Centro Fotografia', 'Sighseeing', 'Torre Lamberti', 'Museo Conte', 'Museo Radio']",Torre Lamberti,strategy_nearest,True,0.002588987350463867,success
0421793A9C4C81,3,"['Arena', 'Museo Lapidario', 'Castelvecchio']",Torre Lamberti,"['Sighseeing', 'Centro Fotografia', 'Museo Conte', 'Casa Giulietta', 'Palazzo della Ragione']",Casa Giulietta,strategy_nearest,True,0.0033957958221435547,success
04217A429C4C80,3,['Torre Lamberti'],Santa Anastasia,"['AMO', 'Museo Conte', 'Palazzo della Ragione', 'Teatro Romano', 'Centro Fotografia']",Duomo,strategy_nearest,False,0.003743886947631836,success
04217F429C4C81,2,['Castelvecchio'],Santa Anastasia,"['AMO', 'Museo Conte', 'Palazzo della Ragione', 'Teatro Romano', 'Centro Fotografia']",Teatro Romano,strategy_nearest,True,0.0020682811737060547,success
0421803A9C4C80,3,['Arena'],Torre Lamberti,"['Sighseeing', 'Centro Fotografia', 'Museo Conte', 'Casa Giulietta', 'Palazzo della Ragione']",Santa Anastasia,strategy_nearest,False,0.0020470619201660156,success
042185429C4C80,0,"['Arena', 'Torre Lamberti']",Casa Giulietta,"['Centro Fotografia', 'Sighseeing', 'Museo Conte', 'Museo Radio', 'Palazzo della Ragione']",Duomo,strategy_nearest,False,0.002809286117553711,success
04218B4A9C4C81,3,"['Arena', 'Casa Giulietta']",Santa Anastasia,"['AMO', 'Museo Conte', 'Palazzo della Ragione', 'Teatro Romano', 'Centro Fotografia']",Duomo,strategy_nearest,False,0.0029180049896240234,success
04218E429C4C80,2,['San Fermo'],Torre Lamberti,"['Sighseeing', 'Centro Fotografia', 'Museo Conte', 'Casa Giulietta', 'Palazzo della Ragione']",Santa Anastasia,strategy_nearest,False,0.002051115036010742,success
04218D4A9C4C81,0,['Arena'],San Zeno,"['Castelvecchio', 'Verona Tour', 'Museo Lapidario', 'Museo Miniscalchi', 'Sighseeing']",Castelvecchio,strategy_nearest,True,0.003300905227661133,success
04218F429C4C80,0,['Arena'],Castelvecchio,"['Museo Lapidario', 'Verona Tour', 'Museo Radio', 'San Zeno', 'Sighseeing']",Torre Lamberti,strategy_nearest,False,0.0026700496673583984,success
04219B4A9C4C81,1,['Arena'],Torre Lamberti,"['Sighseeing', 'Centro Fotografia', 'Museo Conte', 'Casa Giulietta', 'Palazzo della Ragione']",Palazzo della Ragione,strategy_nearest,True,0.0032851696014404297,success
0421A54A9C4C80,3,"['Arena', 'Duomo']",Santa Anastasia,"['AMO', 'Museo Conte', 'Palazzo della Ragione', 'Teatro Romano', 'Centro Fotografia']",Torre Lamberti,strategy_nearest,False,0.002271890640258789,success
0421A04A9C4C80,0,['Arena'],Torre Lamberti,"['Sighseeing', 'Centro Fotografia', 'Museo Conte', 'Casa Giulietta', 'Palazzo della Ragione']",Casa Giulietta,strategy_nearest,True,0.0024471282958984375,success
0421A63A9C4C81,3,"['Arena', 'Casa Giulietta']",Torre Lamberti,"['Sighseeing', 'Centro Fotografia', 'Museo Conte', 'Palazzo della Ragione', 'AMO']",Santa Anastasia,strategy_nearest,False,0.002602100372314453,success
0421A8429C4C81,2,['Casa Giulietta'],Santa Anastasia,"['AMO', 'Museo Conte', 'Palazzo della Ragione', 'Teatro Romano', 'Centro Fotografia']",Castelvecchio,strategy_nearest,False,0.0026350021362304688,success
0421AA3A9C4C80,0,['Arena'],Casa Giulietta,"['Centro Fotografia', 'Sighseeing', 'Torre Lamberti', 'Museo Conte', 'Museo Radio']",Torre Lamberti,strategy_nearest,True,0.002741098403930664,success
0421AB429C4C81,1,['Arena'],Torre Lamberti,"['Sighseeing', 'Centro Fotografia', 'Museo Conte', 'Casa Giulietta', 'Palazzo della Ragione']",Palazzo della Ragione,strategy_nearest,True,0.0024149417877197266,success
0421AD429C4C80,0,['Arena'],Casa Giulietta,"['Centro Fotografia', 'Sighseeing', 'Torre Lamberti', 'Museo Conte', 'Museo Radio']",Torre Lamberti,strategy_nearest,True,0.0024766921997070312,success
0421B03A9C4C80,1,['Arena'],Casa Giulietta,"['Centro Fotografia', 'Sighseeing', 'Torre Lamberti', 'Museo Conte', 'Museo Radio']",Palazzo della Ragione,strategy_nearest,False,0.00179290771484375,success
0421B7429C4C80,1,"['Arena', 'Casa Giulietta']",Torre Lamberti,"['Sighseeing', 'Centro Fotografia', 'Museo Conte', 'Palazzo della Ragione', 'AMO']",Palazzo della Ragione,strategy_nearest,True,0.002858877182006836,success
0421B63A9C4C80,3,"['Arena', 'Giardino Giusti']",Duomo,"['AMO', 'Museo Miniscalchi', 'Santa Anastasia', 'Teatro Romano', 'Palazzo della Ragione']",Santa Anastasia,strategy_nearest,True,0.0025458335876464844,success
0421BD3A9C4C80,1,"['Castelvecchio', 'Santa Anastasia', 'Duomo']",Casa Giulietta,"['Centro Fotografia', 'Sighseeing', 'Torre Lamberti', 'Museo Conte', 'Museo Radio']",Palazzo della Ragione,strategy_nearest,False,0.0019550323486328125,success
0421BB429C4C81,3,"['Teatro Romano', 'Torre Lamberti']",Casa Giulietta,"['Centro Fotografia', 'Sighseeing', 'Museo Conte', 'Museo Radio', 'Palazzo della Ragione']",Arena,strategy_nearest,False,0.002454042434692383,success
0421BC3A9C4C80,0,['Arena'],Torre Lamberti,"['Sighseeing', 'Centro Fotografia', 'Museo Conte', 'Casa Giulietta', 'Palazzo della Ragione']",Casa Giulietta,strategy_nearest,True,0.0026099681854248047,success
0421C03A9C4C80,3,"['Arena', 'San Fermo']",Casa Giulietta,"['Centro Fotografia', 'Sighseeing', 'Torre Lamberti', 'Museo Conte', 'Museo Radio']",Santa Anastasia,strategy_nearest,False,0.0031948089599609375,success
0421C1429C4C81,0,['Torre Lamberti'],Casa Giulietta,"['Centro Fotografia', 'Sighseeing', 'Museo Conte', 'Museo Radio', 'Palazzo della Ragione']",Arena,strategy_nearest,False,0.0031938552856445312,success
0421C23A9C4C81,3,"['Arena', 'San Fermo']",Casa Giulietta,"['Centro Fotografia', 'Sighseeing', 'Torre Lamberti', 'Museo Conte', 'Museo Radio']",Santa Anastasia,strategy_nearest,False,0.0018820762634277344,success
0421C1429C4C80,0,['Arena'],Casa Giulietta,"['Centro Fotografia', 'Sighseeing', 'Torre Lamberti', 'Museo Conte', 'Museo Radio']",Torre Lamberti,strategy_nearest,True,0.0020771026611328125,success
0421C2429C4C81,3,"['Arena', 'Casa Giulietta']",Torre Lamberti,"['Sighseeing', 'Centro Fotografia', 'Museo Conte', 'Palazzo della Ragione', 'AMO']",Santa Anastasia,strategy_nearest,False,0.0019562244415283203,success
0421C2429C4C80,3,['Arena'],San Fermo,"['Museo Storia', 'Museo Radio', 'Casa Giulietta', 'Centro Fotografia', 'Sighseeing']",Santa Anastasia,strategy_nearest,False,0.0032351016998291016,success
0421C63A9C4C80,0,['Arena'],Casa Giulietta,"['Centro Fotografia', 'Sighseeing', 'Torre Lamberti', 'Museo Conte', 'Museo Radio']",Tomba Giulietta,strategy_nearest,False,0.0025217533111572266,success
0421C63A9C4C81,1,['Torre Lamberti'],Palazzo della Ragione,"['AMO', 'Museo Conte', 'Centro Fotografia', 'Sighseeing', 'Santa Anastasia']",Castelvecchio,strategy_nearest,False,0.003103017807006836,success
0421C9429C4C81,2,"['Santa Anastasia', 'Duomo', 'Teatro Romano']",Torre Lamberti,"['Sighseeing', 'Centro Fotografia', 'Museo Conte', 'Casa Giulietta', 'Palazzo della Ragione']",Casa Giulietta,strategy_nearest,True,0.002134084701538086,success
0421C8429C4C81,0,['Arena'],Casa Giulietta,"['Centro Fotografia', 'Sighseeing', 'Torre Lamberti', 'Museo Conte', 'Museo Radio']",Torre Lamberti,strategy_nearest,True,0.002753019332885742,success
0421CC3A9C4C81,1,['Arena'],Torre Lamberti,"['Sighseeing', 'Centro Fotografia', 'Museo Conte', 'Casa Giulietta', 'Palazzo della Ragione']",Palazzo della Ragione,strategy_nearest,True,0.002655029296875,success
0421CB3A9C4C80,0,['Arena'],Casa Giulietta,"['Centro Fotografia', 'Sighseeing', 'Torre Lamberti', 'Museo Conte', 'Museo Radio']",Castelvecchio,strategy_nearest,False,0.003403902053833008,success
0421CE429C4C81,0,"['Arena', 'Casa Giulietta']",Torre Lamberti,"['Sighseeing', 'Centro Fotografia', 'Museo Conte', 'Palazzo della Ragione', 'AMO']",Castelvecchio,strategy_nearest,False,0.002988100051879883,success
0421D23A9C4C80,3,['Arena'],Casa Giulietta,"['Centro Fotografia', 'Sighseeing', 'Torre Lamberti', 'Museo Conte', 'Museo Radio']",Santa Anastasia,strategy_nearest,False,0.002880096435546875,success
0421D53A9C4C80,3,"['Arena', 'Torre Lamberti']",Santa Anastasia,"['AMO', 'Museo Conte', 'Palazzo della Ragione', 'Teatro Romano', 'Centro Fotografia']",Castelvecchio,strategy_nearest,False,0.0034351348876953125,success
0421D33A9C4C80,0,['Arena'],Casa Giulietta,"['Centro Fotografia', 'Sighseeing', 'Torre Lamberti', 'Museo Conte', 'Museo Radio']",Duomo,strategy_nearest,False,0.0029349327087402344,success
0421D7429C4C80,1,"['Torre Lamberti', 'Palazzo della Ragione', 'Santa Anastasia', 'Duomo']",Teatro Romano,"['AMO', 'Museo Conte', 'Centro Fotografia', 'Museo Miniscalchi', 'Giardino Giusti']",Giardino Giusti,strategy_nearest,True,0.002396821975708008,success
0421D83A9C4C81,0,['Tomba Giulietta'],Casa Giulietta,"['Centro Fotografia', 'Sighseeing', 'Torre Lamberti', 'Museo Conte', 'Museo Radio']",Torre Lamberti,strategy_nearest,True,0.0018181800842285156,success
0421E5429C4C80,2,"['Casa Giulietta', 'Castelvecchio']",Santa Anastasia,"['AMO', 'Museo Conte', 'Palazzo della Ragione', 'Teatro Romano', 'Centro Fotografia']",Duomo,strategy_nearest,False,0.0019478797912597656,success
0421DF3A9C4C81,3,"['Arena', 'Santa Anastasia']",Duomo,"['AMO', 'Museo Miniscalchi', 'Teatro Romano', 'Palazzo della Ragione', 'Museo Conte']",Casa Giulietta,strategy_nearest,False,0.0026998519897460938,success
0421E93A9C4C80,3,"['Arena', 'Casa Giulietta']",Santa Anastasia,"['AMO', 'Museo Conte', 'Palazzo della Ragione', 'Teatro Romano', 'Centro Fotografia']",Duomo,strategy_nearest,False,0.001936197280883789,success
0421E83A9C4C80,3,"['San Zeno', 'Castelvecchio']",Arena,"['Verona Tour', 'Museo Lapidario', 'Museo Radio', 'San Fermo', 'Casa Giulietta']",San Fermo,strategy_nearest,True,0.004842996597290039,success
0421ED3A9C4C80,0,['Arena'],Torre Lamberti,"['Sighseeing', 'Centro Fotografia', 'Museo Conte', 'Casa Giulietta', 'Palazzo della Ragione']",Castelvecchio,strategy_nearest,False,0.0021970272064208984,success
04224F429C4C81,0,['Arena'],Castelvecchio,"['Museo Lapidario', 'Verona Tour', 'Museo Radio', 'San Zeno', 'Sighseeing']",Torre Lamberti,strategy_nearest,False,0.004172086715698242,success
04224E3A9C4C81,1,"['Arena', 'Museo Lapidario', 'Castelvecchio', 'Santa Anastasia']",Teatro Romano,"['Duomo', 'AMO', 'Palazzo della Ragione', 'Museo Conte', 'Centro Fotografia']",Duomo,strategy_nearest,True,0.002855062484741211,success
042250429C4C81,0,['Castelvecchio'],Arena,"['Verona Tour', 'Museo Lapidario', 'Museo Radio', 'San Fermo', 'Casa Giulietta']",Casa Giulietta,strategy_nearest,True,0.003587007522583008,success
042251429C4C81,0,['Arena'],Castelvecchio,"['Museo Lapidario', 'Verona Tour', 'Museo Radio', 'San Zeno', 'Sighseeing']",Casa Giulietta,strategy_nearest,False,0.006838083267211914,success
042254429C4C81,3,"['Arena', 'Tomba Giulietta']",San Fermo,"['Museo Storia', 'Museo Radio', 'Casa Giulietta', 'Centro Fotografia', 'Sighseeing']",Casa Giulietta,strategy_nearest,True,0.0029518604278564453,success
0422523A9C4C81,2,['Castelvecchio'],San Zeno,"['Verona Tour', 'Museo Lapidario', 'Arena', 'Museo Miniscalchi', 'Sighseeing']",Castelvecchio,strategy_nearest,False,0.0016717910766601562,success
042260429C4C81,3,"['Arena', 'Casa Giulietta']",Torre Lamberti,"['Sighseeing', 'Centro Fotografia', 'Museo Conte', 'Palazzo della Ragione', 'AMO']",Santa Anastasia,strategy_nearest,False,0.0032291412353515625,success
042263429C4C81,0,['Arena'],Casa Giulietta,"['Centro Fotografia', 'Sighseeing', 'Torre Lamberti', 'Museo Conte', 'Museo Radio']",Teatro Romano,strategy_nearest,False,0.0022919178009033203,success
042265429C4C81,1,"['Arena', 'Casa Giulietta', 'Torre Lamberti']",Palazzo della Ragione,"['AMO', 'Museo Conte', 'Centro Fotografia', 'Sighseeing', 'Santa Anastasia']",Santa Anastasia,strategy_nearest,True,0.0028488636016845703,success
04226C429C4C81,0,['Casa Giulietta'],Arena,"['Verona Tour', 'Museo Lapidario', 'Museo Radio', 'San Fermo', 'Sighseeing']",Tomba Giulietta,strategy_nearest,False,0.0036649703979492188,success
0422733A9C4C81,3,['Arena'],Torre Lamberti,"['Sighseeing', 'Centro Fotografia', 'Museo Conte', 'Casa Giulietta', 'Palazzo della Ragione']",Casa Giulietta,strategy_nearest,True,0.003469228744506836,success
0422743A9C4C81,3,"['Arena', 'Museo Lapidario', 'San Fermo']",Casa Giulietta,"['Centro Fotografia', 'Sighseeing', 'Torre Lamberti', 'Museo Conte', 'Museo Radio']",Torre Lamberti,strategy_nearest,True,0.002290964126586914,success
0422753A9C4C80,0,['Arena'],Castelvecchio,"['Museo Lapidario', 'Verona Tour', 'Museo Radio', 'San Zeno', 'Sighseeing']",Casa Giulietta,strategy_nearest,False,0.003101825714111328,success
042277429C4C80,0,['Arena'],Castelvecchio,"['Museo Lapidario', 'Verona Tour', 'Museo Radio', 'San Zeno', 'Sighseeing']",Casa Giulietta,strategy_nearest,False,0.002337932586669922,success
0422783A9C4C81,2,['Casa Giulietta'],Castelvecchio,"['Museo Lapidario', 'Verona Tour', 'Arena', 'Museo Radio', 'San Zeno']",Torre Lamberti,strategy_nearest,False,0.0034258365631103516,success
042282429C4C80,0,['Arena'],Museo Lapidario,"['Verona Tour', 'Castelvecchio', 'Museo Radio', 'San Fermo', 'Casa Giulietta']",Castelvecchio,strategy_nearest,True,0.0020079612731933594,success
0422793A9C4C80,3,"['Castelvecchio', 'San Zeno']",Teatro Romano,"['Santa Anastasia', 'Duomo', 'AMO', 'Palazzo della Ragione', 'Museo Conte']",Santa Anastasia,strategy_nearest,True,0.003966093063354492,success
04227B4A9C4C81,0,['Torre Lamberti'],Duomo,"['AMO', 'Museo Miniscalchi', 'Santa Anastasia', 'Teatro Romano', 'Palazzo della Ragione']",Castelvecchio,strategy_nearest,False,0.0021059513092041016,success
0422824A9C4C80,0,['Arena'],Castelvecchio,"['Museo Lapidario', 'Verona Tour', 'Museo Radio', 'San Zeno', 'Sighseeing']",Duomo,strategy_nearest,False,0.0031549930572509766,success
0422834A9C4C80,0,['Arena'],Casa Giulietta,"['Centro Fotografia', 'Sighseeing', 'Torre Lamberti', 'Museo Conte', 'Museo Radio']",Duomo,strategy_nearest,False,0.0021059513092041016,success
042286429C4C80,1,['Arena'],Casa Giulietta,"['Centro Fotografia', 'Sighseeing', 'Torre Lamberti', 'Museo Conte', 'Museo Radio']",Torre Lamberti,strategy_nearest,True,0.002850770950317383,success
042286429C4C81,0,['Arena'],Torre Lamberti,"['Sighseeing', 'Centro Fotografia', 'Museo Conte', 'Casa Giulietta', 'Palazzo della Ragione']",Casa Giulietta,strategy_nearest,True,0.0032987594604492188,success
0422893A9C4C80,0,['Arena'],Casa Giulietta,"['Centro Fotografia', 'Sighseeing', 'Torre Lamberti', 'Museo Conte', 'Museo Radio']",Santa Anastasia,strategy_nearest,False,0.0024950504302978516,success
0422894A9C4C80,0,['Arena'],Casa Giulietta,"['Centro Fotografia', 'Sighseeing', 'Torre Lamberti', 'Museo Conte', 'Museo Radio']",Santa Anastasia,strategy_nearest,False,0.002566099166870117,success
04228B4A9C4C81,3,"['Arena', 'Torre Lamberti']",Santa Anastasia,"['AMO', 'Museo Conte', 'Palazzo della Ragione', 'Teatro Romano', 'Centro Fotografia']",Casa Giulietta,strategy_nearest,False,0.0024292469024658203,success
04228C429C4C80,1,['Arena'],Casa Giulietta,"['Centro Fotografia', 'Sighseeing', 'Torre Lamberti', 'Museo Conte', 'Museo Radio']",Torre Lamberti,strategy_nearest,True,0.002212047576904297,success
04228F3A9C4C80,1,"['Arena', 'San Fermo', 'Casa Giulietta']",Palazzo della Ragione,"['AMO', 'Museo Conte', 'Torre Lamberti', 'Centro Fotografia', 'Sighseeing']",Torre Lamberti,strategy_nearest,True,0.002360820770263672,success
042291429C4C81,0,['Arena'],Torre Lamberti,"['Sighseeing', 'Centro Fotografia', 'Museo Conte', 'Casa Giulietta', 'Palazzo della Ragione']",Duomo,strategy_nearest,False,0.002559185028076172,success
042290429C4C80,0,['Arena'],Casa Giulietta,"['Centro Fotografia', 'Sighseeing', 'Torre Lamberti', 'Museo Conte', 'Museo Radio']",Torre Lamberti,strategy_nearest,True,0.002663850784301758,success
0422934A9C4C80,1,"['Arena', 'Casa Giulietta', 'Palazzo della Ragione']",Torre Lamberti,"['Sighseeing', 'Centro Fotografia', 'Museo Conte', 'AMO', 'Museo Miniscalchi']",Santa Anastasia,strategy_nearest,False,0.0026559829711914062,success
04229C429C4C80,1,"['Arena', 'Castelvecchio']",Torre Lamberti,"['Sighseeing', 'Centro Fotografia', 'Museo Conte', 'Casa Giulietta', 'Palazzo della Ragione']",Palazzo della Ragione,strategy_nearest,True,0.002959012985229492,success
0422A74A9C4C80,1,['Arena'],Casa Giulietta,"['Centro Fotografia', 'Sighseeing', 'Torre Lamberti', 'Museo Conte', 'Museo Radio']",Palazzo della Ragione,strategy_nearest,False,0.001313924789428711,success
0422A6429C4C81,2,['Casa Giulietta'],Santa Anastasia,"['AMO', 'Museo Conte', 'Palazzo della Ragione', 'Teatro Romano', 'Centro Fotografia']",Duomo,strategy_nearest,False,0.0026018619537353516,success
0422A34A9C4C80,3,['Arena'],Torre Lamberti,"['Sighseeing', 'Centro Fotografia', 'Museo Conte', 'Casa Giulietta', 'Palazzo della Ragione']",Duomo,strategy_nearest,False,0.0033719539642333984,success
0422A84A9C4C81,1,['Arena'],Casa Giulietta,"['Centro Fotografia', 'Sighseeing', 'Torre Lamberti', 'Museo Conte', 'Museo Radio']",Palazzo della Ragione,strategy_nearest,False,0.002789020538330078,success
0422AA4A9C4C80,2,['Teatro Romano'],Duomo,"['AMO', 'Museo Miniscalchi', 'Santa Anastasia', 'Palazzo della Ragione', 'Museo Conte']",Casa Giulietta,strategy_nearest,False,0.0019109249114990234,success
0422AA4A9C4C81,3,['Arena'],Santa Anastasia,"['AMO', 'Museo Conte', 'Palazzo della Ragione', 'Teatro Romano', 'Centro Fotografia']",Duomo,strategy_nearest,False,0.0025179386138916016,success
0422AA429C4C80,3,"['San Zeno', 'Torre Lamberti']",Santa Anastasia,"['AMO', 'Museo Conte', 'Palazzo della Ragione', 'Teatro Romano', 'Centro Fotografia']",Teatro Romano,strategy_nearest,True,0.0018329620361328125,success
0422AC429C4C80,3,['Arena'],Santa Anastasia,"['AMO', 'Museo Conte', 'Palazzo della Ragione', 'Teatro Romano', 'Centro Fotografia']",Duomo,strategy_nearest,False,0.0016460418701171875,success
0422B0429C4C81,0,['Arena'],Casa Giulietta,"['Centro Fotografia', 'Sighseeing', 'Torre Lamberti', 'Museo Conte', 'Museo Radio']",Palazzo della Ragione,strategy_nearest,False,0.0034208297729492188,success
0422AB429C4C81,3,"['Castelvecchio', 'Arena']",Casa Giulietta,"['Centro Fotografia', 'Sighseeing', 'Torre Lamberti', 'Museo Conte', 'Museo Radio']",Torre Lamberti,strategy_nearest,True,0.004393100738525391,success
0422AD429C4C81,0,"['Arena', 'Duomo']",Teatro Romano,"['Santa Anastasia', 'AMO', 'Palazzo della Ragione', 'Museo Conte', 'Centro Fotografia']",Casa Giulietta,strategy_nearest,False,0.002254962921142578,success
0422B13A9C4C81,0,['Arena'],Casa Giulietta,"['Centro Fotografia', 'Sighseeing', 'Torre Lamberti', 'Museo Conte', 'Museo Radio']",Tomba Giulietta,strategy_nearest,False,0.0017321109771728516,success
0422B23A9C4C80,1,['Arena'],Casa Giulietta,"['Centro Fotografia', 'Sighseeing', 'Torre Lamberti', 'Museo Conte', 'Museo Radio']",Palazzo della Ragione,strategy_nearest,False,0.002686023712158203,success
0422B93A9C4C80,2,['Torre Lamberti'],Santa Anastasia,"['AMO', 'Museo Conte', 'Palazzo della Ragione', 'Teatro Romano', 'Centro Fotografia']",Duomo,strategy_nearest,False,0.002103090286254883,success
0422B9429C4C81,0,['Arena'],Casa Giulietta,"['Centro Fotografia', 'Sighseeing', 'Torre Lamberti', 'Museo Conte', 'Museo Radio']",Torre Lamberti,strategy_nearest,True,0.0030710697174072266,success
0422BD429C4C81,0,['Arena'],Casa Giulietta,"['Centro Fotografia', 'Sighseeing', 'Torre Lamberti', 'Museo Conte', 'Museo Radio']",Torre Lamberti,strategy_nearest,True,0.0024421215057373047,success
0422BC3A9C4C80,0,"['Arena', 'Museo Lapidario']",Castelvecchio,"['Verona Tour', 'Museo Radio', 'San Zeno', 'Sighseeing', 'Museo Miniscalchi']",Casa Giulietta,strategy_nearest,False,0.0020241737365722656,success
0422BB429C4C81,0,['Arena'],Casa Giulietta,"['Centro Fotografia', 'Sighseeing', 'Torre Lamberti', 'Museo Conte', 'Museo Radio']",Castelvecchio,strategy_nearest,False,0.002062082290649414,success
0422C93A9C4C80,2,"['Teatro Romano', 'Santa Anastasia']",Casa Giulietta,"['Centro Fotografia', 'Sighseeing', 'Torre Lamberti', 'Museo Conte', 'Museo Radio']",Tomba Giulietta,strategy_nearest,False,0.001961946487426758,success
0422BF3A9C4C80,0,['Castelvecchio'],Arena,"['Verona Tour', 'Museo Lapidario', 'Museo Radio', 'San Fermo', 'Casa Giulietta']",Casa Giulietta,strategy_nearest,True,0.003448009490966797,success
0422C9429C4C80,3,"['Casa Giulietta', 'Arena', 'Castelvecchio']",Torre Lamberti,"['Sighseeing', 'Centro Fotografia', 'Museo Conte', 'Palazzo della Ragione', 'AMO']",Santa Anastasia,strategy_nearest,False,0.002475738525390625,success
0422C8429C4C80,0,['Arena'],Castelvecchio,"['Museo Lapidario', 'Verona Tour', 'Museo Radio', 'San Zeno', 'Sighseeing']",Casa Giulietta,strategy_nearest,False,0.00333404541015625,success
0422CA3A9C4C80,2,"['Castelvecchio', 'Duomo']",Santa Anastasia,"['AMO', 'Museo Conte', 'Palazzo della Ragione', 'Teatro Romano', 'Centro Fotografia']",San Fermo,strategy_nearest,False,0.0017428398132324219,success
0422CE3A9C4C81,1,['Casa Giulietta'],Palazzo della Ragione,"['AMO', 'Museo Conte', 'Torre Lamberti', 'Centro Fotografia', 'Sighseeing']",Torre Lamberti,strategy_nearest,True,0.0021429061889648438,success
0422CE429C4C81,3,"['Arena', 'Castelvecchio', 'Casa Giulietta']",Santa Anastasia,"['AMO', 'Museo Conte', 'Palazzo della Ragione', 'Teatro Romano', 'Centro Fotografia']",Duomo,strategy_nearest,False,0.0031490325927734375,success
0422CA429C4C81,0,['Casa Giulietta'],Arena,"['Verona Tour', 'Museo Lapidario', 'Museo Radio', 'San Fermo', 'Sighseeing']",Tomba Giulietta,strategy_nearest,False,0.0029189586639404297,success
0422D13A9C4C81,3,"['Arena', 'San Fermo', 'Teatro Romano']",Duomo,"['AMO', 'Museo Miniscalchi', 'Santa Anastasia', 'Palazzo della Ragione', 'Museo Conte']",Casa Giulietta,strategy_nearest,False,0.0018889904022216797,success
0422D33A9C4C81,0,['Arena'],Museo Storia,"['San Fermo', 'Museo Radio', 'Casa Giulietta', 'Centro Fotografia', 'Tomba Giulietta']",Santa Anastasia,strategy_nearest,False,0.002492189407348633,success
0422D0429C4C81,3,"['Arena', 'Castelvecchio']",Santa Anastasia,"['AMO', 'Museo Conte', 'Palazzo della Ragione', 'Teatro Romano', 'Centro Fotografia']",Duomo,strategy_nearest,False,0.0013549327850341797,success
0422D4429C4C81,2,"['Casa Giulietta', 'Torre Lamberti']",Santa Anastasia,"['AMO', 'Museo Conte', 'Palazzo della Ragione', 'Teatro Romano', 'Centro Fotografia']",Castelvecchio,strategy_nearest,False,0.002248048782348633,success
0422DD3A9C4C80,1,"['Arena', 'Casa Giulietta']",Santa Anastasia,"['AMO', 'Museo Conte', 'Palazzo della Ragione', 'Teatro Romano', 'Centro Fotografia']",Duomo,strategy_nearest,False,0.0025069713592529297,success
0422D53A9C4C80,0,['Arena'],Casa Giulietta,"['Centro Fotografia', 'Sighseeing', 'Torre Lamberti', 'Museo Conte', 'Museo Radio']",Torre Lamberti,strategy_nearest,True,0.0041730403900146484,success
0422D83A9C4C80,3,['Arena'],Santa Anastasia,"['AMO', 'Museo Conte', 'Palazzo della Ragione', 'Teatro Romano', 'Centro Fotografia']",Torre Lamberti,strategy_nearest,False,0.0031991004943847656,success
0422DF429C4C81,3,"['Arena', 'Castelvecchio', 'San Zeno']",Museo Storia,"['San Fermo', 'Museo Radio', 'Casa Giulietta', 'Centro Fotografia', 'Tomba Giulietta']",Santa Anastasia,strategy_nearest,False,0.003076791763305664,success
0422ED429C4C80,2,"['Duomo', 'Santa Anastasia']",Palazzo della Ragione,"['AMO', 'Museo Conte', 'Torre Lamberti', 'Centro Fotografia', 'Sighseeing']",Torre Lamberti,strategy_nearest,True,0.002232789993286133,success
04234C429C4C81,0,['Castelvecchio'],Arena,"['Verona Tour', 'Museo Lapidario', 'Museo Radio', 'San Fermo', 'Casa Giulietta']",San Zeno,strategy_nearest,False,0.0026750564575195312,success
0422EE3A9C4C80,3,['Arena'],Torre Lamberti,"['Sighseeing', 'Centro Fotografia', 'Museo Conte', 'Casa Giulietta', 'Palazzo della Ragione']",Santa Anastasia,strategy_nearest,False,0.0020139217376708984,success
04234F429C4C81,0,"['Arena', 'Castelvecchio']",Casa Giulietta,"['Centro Fotografia', 'Sighseeing', 'Torre Lamberti', 'Museo Conte', 'Museo Radio']",Torre Lamberti,strategy_nearest,True,0.0022857189178466797,success
042361429C4C80,1,['Arena'],Casa Giulietta,"['Centro Fotografia', 'Sighseeing', 'Torre Lamberti', 'Museo Conte', 'Museo Radio']",Palazzo della Ragione,strategy_nearest,False,0.0026187896728515625,success
042363429C4C80,3,"['Arena', 'Santa Anastasia']",Casa Giulietta,"['Centro Fotografia', 'Sighseeing', 'Torre Lamberti', 'Museo Conte', 'Museo Radio']",San Zeno,strategy_nearest,False,0.00238800048828125,success
042367429C4C81,0,['Castelvecchio'],Arena,"['Verona Tour', 'Museo Lapidario', 'Museo Radio', 'San Fermo', 'Casa Giulietta']",Torre Lamberti,strategy_nearest,False,0.002568960189819336,success
0423693A9C4C81,2,"['Teatro Romano', 'Duomo']",Castelvecchio,"['Museo Lapidario', 'Verona Tour', 'Arena', 'Museo Radio', 'San Zeno']",Casa Giulietta,strategy_nearest,False,0.002420186996459961,success
04236E3A9C4C80,1,"['Museo Storia', 'Arena']",Casa Giulietta,"['Centro Fotografia', 'Sighseeing', 'Torre Lamberti', 'Museo Conte', 'Museo Radio']",Torre Lamberti,strategy_nearest,True,0.002299070358276367,success
04236E429C4C81,1,"['Casa Giulietta', 'Santa Anastasia', 'Duomo', 'Teatro Romano']",Torre Lamberti,"['Sighseeing', 'Centro Fotografia', 'Museo Conte', 'Palazzo della Ragione', 'AMO']",Palazzo della Ragione,strategy_nearest,True,0.003316164016723633,success
04236B429C4C81,1,"['Casa Giulietta', 'Teatro Romano', 'Duomo']",Torre Lamberti,"['Sighseeing', 'Centro Fotografia', 'Museo Conte', 'Palazzo della Ragione', 'AMO']",Palazzo della Ragione,strategy_nearest,True,0.0036020278930664062,success
042373429C4C80,3,"['Arena', 'Casa Giulietta']",San Fermo,"['Museo Storia', 'Museo Radio', 'Centro Fotografia', 'Sighseeing', 'Torre Lamberti']",Santa Anastasia,strategy_nearest,False,0.0018582344055175781,success
042371429C4C81,1,"['Arena', 'Casa Giulietta']",Palazzo della Ragione,"['AMO', 'Museo Conte', 'Torre Lamberti', 'Centro Fotografia', 'Sighseeing']",Torre Lamberti,strategy_nearest,True,0.0020589828491210938,success
0423733A9C4C81,0,['Tomba Giulietta'],Arena,"['Verona Tour', 'Museo Lapidario', 'Museo Radio', 'San Fermo', 'Casa Giulietta']",Castelvecchio,strategy_nearest,False,0.002602100372314453,success
0423743A9C4C81,0,['Arena'],Torre Lamberti,"['Sighseeing', 'Centro Fotografia', 'Museo Conte', 'Casa Giulietta', 'Palazzo della Ragione']",Casa Giulietta,strategy_nearest,True,0.002977132797241211,success
042378429C4C81,3,['Arena'],Castelvecchio,"['Museo Lapidario', 'Verona Tour', 'Museo Radio', 'San Zeno', 'Sighseeing']",Santa Anastasia,strategy_nearest,False,0.002722024917602539,success
04237B429C4C81,0,['Arena'],Casa Giulietta,"['Centro Fotografia', 'Sighseeing', 'Torre Lamberti', 'Museo Conte', 'Museo Radio']",Torre Lamberti,strategy_nearest,True,0.0020728111267089844,success
042379429C4C80,3,['Torre Lamberti'],Santa Anastasia,"['AMO', 'Museo Conte', 'Palazzo della Ragione', 'Teatro Romano', 'Centro Fotografia']",Duomo,strategy_nearest,False,0.001767873764038086,success
04237D4A9C4C80,0,"['Arena', 'Museo Lapidario']",Castelvecchio,"['Verona Tour', 'Museo Radio', 'San Zeno', 'Sighseeing', 'Museo Miniscalchi']",Tomba Giulietta,strategy_nearest,False,0.0016448497772216797,success
042381429C4C80,0,['Arena'],Casa Giulietta,"['Centro Fotografia', 'Sighseeing', 'Torre Lamberti', 'Museo Conte', 'Museo Radio']",Torre Lamberti,strategy_nearest,True,0.002095937728881836,success
04237F429C4C81,0,['Arena'],Casa Giulietta,"['Centro Fotografia', 'Sighseeing', 'Torre Lamberti', 'Museo Conte', 'Museo Radio']",Castelvecchio,strategy_nearest,False,0.003412008285522461,success
042382429C4C81,0,['Torre Lamberti'],San Fermo,"['Museo Storia', 'Museo Radio', 'Casa Giulietta', 'Centro Fotografia', 'Arena']",Casa Giulietta,strategy_nearest,True,0.002621889114379883,success
0423843A9C4C81,2,"['Castelvecchio', 'Casa Giulietta']",Palazzo della Ragione,"['AMO', 'Museo Conte', 'Torre Lamberti', 'Centro Fotografia', 'Sighseeing']",Torre Lamberti,strategy_nearest,True,0.0014772415161132812,success
042387429C4C80,0,['Arena'],Torre Lamberti,"['Sighseeing', 'Centro Fotografia', 'Museo Conte', 'Casa Giulietta', 'Palazzo della Ragione']",Casa Giulietta,strategy_nearest,True,0.0020661354064941406,success
0423884A9C4C81,0,['Arena'],Casa Giulietta,"['Centro Fotografia', 'Sighseeing', 'Torre Lamberti', 'Museo Conte', 'Museo Radio']",Torre Lamberti,strategy_nearest,True,0.003364086151123047,success
042387429C4C81,1,"['Arena', 'Casa Giulietta', 'Torre Lamberti', 'Palazzo della Ragione']",Santa Anastasia,"['AMO', 'Museo Conte', 'Teatro Romano', 'Centro Fotografia', 'Duomo']",Teatro Romano,strategy_nearest,True,0.002513885498046875,success
042396429C4C80,0,"['Castelvecchio', 'Teatro Romano']",Torre Lamberti,"['Sighseeing', 'Centro Fotografia', 'Museo Conte', 'Casa Giulietta', 'Palazzo della Ragione']",Casa Giulietta,strategy_nearest,True,0.0016579627990722656,success
042397429C4C80,0,['Arena'],Casa Giulietta,"['Centro Fotografia', 'Sighseeing', 'Torre Lamberti', 'Museo Conte', 'Museo Radio']",Santa Anastasia,strategy_nearest,False,0.0028188228607177734,success
04239E429C4C81,3,"['Arena', 'Casa Giulietta']",Santa Anastasia,"['AMO', 'Museo Conte', 'Palazzo della Ragione', 'Teatro Romano', 'Centro Fotografia']",Teatro Romano,strategy_nearest,True,0.003063201904296875,success
042391429C4C80,3,['Arena'],Torre Lamberti,"['Sighseeing', 'Centro Fotografia', 'Museo Conte', 'Casa Giulietta', 'Palazzo della Ragione']",Casa Giulietta,strategy_nearest,True,0.003219127655029297,success
0423A3429C4C80,0,['Castelvecchio'],Arena,"['Verona Tour', 'Museo Lapidario', 'Museo Radio', 'San Fermo', 'Casa Giulietta']",Casa Giulietta,strategy_nearest,True,0.0021920204162597656,success
0423A54A9C4C81,1,"['San Fermo', 'Arena', 'Casa Giulietta']",Torre Lamberti,"['Sighseeing', 'Centro Fotografia', 'Museo Conte', 'Palazzo della Ragione', 'AMO']",Palazzo della Ragione,strategy_nearest,True,0.0014977455139160156,success
0423A1429C4C80,2,['Castelvecchio'],Casa Giulietta,"['Centro Fotografia', 'Sighseeing', 'Torre Lamberti', 'Museo Conte', 'Museo Radio']",Santa Anastasia,strategy_nearest,False,0.002947092056274414,success
0423A6429C4C81,3,"['Arena', 'Torre Lamberti']",Santa Anastasia,"['AMO', 'Museo Conte', 'Palazzo della Ragione', 'Teatro Romano', 'Centro Fotografia']",Duomo,strategy_nearest,False,0.003329038619995117,success
0423AB3A9C4C80,0,['Arena'],Casa Giulietta,"['Centro Fotografia', 'Sighseeing', 'Torre Lamberti', 'Museo Conte', 'Museo Radio']",Castelvecchio,strategy_nearest,False,0.0014989376068115234,success
0423AA3A9C4C80,0,['Museo Lapidario'],Arena,"['Verona Tour', 'Museo Radio', 'San Fermo', 'Casa Giulietta', 'Sighseeing']",Casa Giulietta,strategy_nearest,True,0.002635955810546875,success
0423A73A9C4C80,2,['Museo Lapidario'],Torre Lamberti,"['Sighseeing', 'Centro Fotografia', 'Museo Conte', 'Casa Giulietta', 'Palazzo della Ragione']",Casa Giulietta,strategy_nearest,True,0.003370046615600586,success
0423AC429C4C81,0,['Arena'],Casa Giulietta,"['Centro Fotografia', 'Sighseeing', 'Torre Lamberti', 'Museo Conte', 'Museo Radio']",San Zeno,strategy_nearest,False,0.0037250518798828125,success
0423AE429C4C81,0,['Arena'],Casa Giulietta,"['Centro Fotografia', 'Sighseeing', 'Torre Lamberti', 'Museo Conte', 'Museo Radio']",Santa Anastasia,strategy_nearest,False,0.002334117889404297,success
0423B0429C4C80,0,"['Arena', 'Casa Giulietta']",Torre Lamberti,"['Sighseeing', 'Centro Fotografia', 'Museo Conte', 'Palazzo della Ragione', 'AMO']",Castelvecchio,strategy_nearest,False,0.0025391578674316406,success
0423B4429C4C81,0,['Arena'],Casa Giulietta,"['Centro Fotografia', 'Sighseeing', 'Torre Lamberti', 'Museo Conte', 'Museo Radio']",Torre Lamberti,strategy_nearest,True,0.0032362937927246094,success
0423B1429C4C81,0,['Teatro Romano'],Giardino Giusti,"['Santa Anastasia', 'Museo Conte', 'Centro Fotografia', 'Museo Storia', 'AMO']",Arena,strategy_nearest,False,0.003125905990600586,success
0423BB3A9C4C80,3,"['Arena', 'Santa Anastasia']",Teatro Romano,"['Duomo', 'AMO', 'Palazzo della Ragione', 'Museo Conte', 'Centro Fotografia']",Torre Lamberti,strategy_nearest,False,0.002257108688354492,success
0423B9429C4C81,3,['Arena'],Torre Lamberti,"['Sighseeing', 'Centro Fotografia', 'Museo Conte', 'Casa Giulietta', 'Palazzo della Ragione']",Duomo,strategy_nearest,False,0.001543283462524414,success
0423BD3A9C4C80,1,"['Arena', 'Casa Giulietta']",Palazzo della Ragione,"['AMO', 'Museo Conte', 'Torre Lamberti', 'Centro Fotografia', 'Sighseeing']",Torre Lamberti,strategy_nearest,True,0.002805948257446289,success
0423BF429C4C80,3,['Torre Lamberti'],Santa Anastasia,"['AMO', 'Museo Conte', 'Palazzo della Ragione', 'Teatro Romano', 'Centro Fotografia']",Duomo,strategy_nearest,False,0.003022909164428711,success
0423C43A9C4C81,3,"['Arena', 'Casa Giulietta']",Santa Anastasia,"['AMO', 'Museo Conte', 'Palazzo della Ragione', 'Teatro Romano', 'Centro Fotografia']",Duomo,strategy_nearest,False,0.002704143524169922,success
0423C1429C4C80,2,['Torre Lamberti'],Santa Anastasia,"['AMO', 'Museo Conte', 'Palazzo della Ragione', 'Teatro Romano', 'Centro Fotografia']",Duomo,strategy_nearest,False,0.0035371780395507812,success
0423C53A9C4C81,3,"['Arena', 'San Zeno', 'Castelvecchio']",Torre Lamberti,"['Sighseeing', 'Centro Fotografia', 'Museo Conte', 'Casa Giulietta', 'Palazzo della Ragione']",Santa Anastasia,strategy_nearest,False,0.003538846969604492,success
0423C7429C4C81,1,"['Arena', 'Torre Lamberti']",Palazzo della Ragione,"['AMO', 'Museo Conte', 'Centro Fotografia', 'Sighseeing', 'Santa Anastasia']",Casa Giulietta,strategy_nearest,False,0.0031981468200683594,success
0423C73A9C4C80,4,"['Arena', 'Castelvecchio', 'Torre Lamberti', 'Palazzo della Ragione']",Casa Giulietta,"['Centro Fotografia', 'Sighseeing', 'Museo Conte', 'Museo Radio', 'San Fermo']",San Fermo,strategy_nearest,True,0.0028238296508789062,success
0423C83A9C4C81,3,['Arena'],Santa Anastasia,"['AMO', 'Museo Conte', 'Palazzo della Ragione', 'Teatro Romano', 'Centro Fotografia']",Duomo,strategy_nearest,False,0.0030889511108398438,success
0423C8429C4C81,0,['Arena'],Casa Giulietta,"['Centro Fotografia', 'Sighseeing', 'Torre Lamberti', 'Museo Conte', 'Museo Radio']",Castelvecchio,strategy_nearest,False,0.002610921859741211,success
0423C8429C4C80,0,['Torre Lamberti'],Arena,"['Verona Tour', 'Museo Lapidario', 'Museo Radio', 'San Fermo', 'Casa Giulietta']",San Zeno,strategy_nearest,False,0.0036852359771728516,success
0423C93A9C4C81,0,['Arena'],Torre Lamberti,"['Sighseeing', 'Centro Fotografia', 'Museo Conte', 'Casa Giulietta', 'Palazzo della Ragione']",Casa Giulietta,strategy_nearest,True,0.0036859512329101562,success
0423CA429C4C81,2,['Duomo'],Museo Storia,"['San Fermo', 'Museo Radio', 'Casa Giulietta', 'Centro Fotografia', 'Tomba Giulietta']",Torre Lamberti,strategy_nearest,False,0.0013959407806396484,success
0423C9429C4C81,3,['Arena'],Santa Anastasia,"['AMO', 'Museo Conte', 'Palazzo della Ragione', 'Teatro Romano', 'Centro Fotografia']",Duomo,strategy_nearest,False,0.0037279129028320312,success
0423D43A9C4C81,0,['Arena'],Casa Giulietta,"['Centro Fotografia', 'Sighseeing', 'Torre Lamberti', 'Museo Conte', 'Museo Radio']",Santa Anastasia,strategy_nearest,False,0.0029921531677246094,success
0423D83A9C4C80,3,"['Arena', 'Casa Giulietta', 'Torre Lamberti']",Santa Anastasia,"['AMO', 'Museo Conte', 'Palazzo della Ragione', 'Teatro Romano', 'Centro Fotografia']",Duomo,strategy_nearest,False,0.0026221275329589844,success
0423E4429C4C81,2,"['Giardino Giusti', 'Teatro Romano', 'Museo Lapidario']",Torre Lamberti,"['Sighseeing', 'Centro Fotografia', 'Museo Conte', 'Casa Giulietta', 'Palazzo della Ragione']",Palazzo della Ragione,strategy_nearest,True,0.0021600723266601562,success
0423DB3A9C4C81,2,"['Duomo', 'Teatro Romano']",Giardino Giusti,"['Santa Anastasia', 'Museo Conte', 'Centro Fotografia', 'Museo Storia', 'AMO']",Torre Lamberti,strategy_nearest,False,0.003010988235473633,success
0423DF3A9C4C81,2,['Casa Giulietta'],Teatro Romano,"['Santa Anastasia', 'Duomo', 'AMO', 'Palazzo della Ragione', 'Museo Conte']",Duomo,strategy_nearest,True,0.003738880157470703,success
0423E63A9C4C80,3,"['Arena', 'Castelvecchio']",Santa Anastasia,"['AMO', 'Museo Conte', 'Palazzo della Ragione', 'Teatro Romano', 'Centro Fotografia']",Teatro Romano,strategy_nearest,True,0.0031397342681884766,success
0423E83A9C4C80,1,"['Museo Lapidario', 'Castelvecchio', 'Duomo', 'Arena']",Casa Giulietta,"['Centro Fotografia', 'Sighseeing', 'Torre Lamberti', 'Museo Conte', 'Museo Radio']",Torre Lamberti,strategy_nearest,True,0.002618074417114258,success
0423EC3A9C4C80,0,['Arena'],Museo Lapidario,"['Verona Tour', 'Castelvecchio', 'Museo Radio', 'San Fermo', 'Casa Giulietta']",Castelvecchio,strategy_nearest,True,0.0026421546936035156,success
0423F1429C4C80,1,"['Casa Giulietta', 'Santa Anastasia', 'San Fermo', 'Torre Lamberti']",Palazzo della Ragione,"['AMO', 'Museo Conte', 'Centro Fotografia', 'Sighseeing', 'Museo Miniscalchi']",Castelvecchio,strategy_nearest,False,0.0021407604217529297,success
042461429C4C80,0,['Arena'],San Fermo,"['Museo Storia', 'Museo Radio', 'Casa Giulietta', 'Centro Fotografia', 'Sighseeing']",Casa Giulietta,strategy_nearest,True,0.002192974090576172,success
042461429C4C81,0,"['Arena', 'Castelvecchio']",Casa Giulietta,"['Centro Fotografia', 'Sighseeing', 'Torre Lamberti', 'Museo Conte', 'Museo Radio']",San Fermo,strategy_nearest,False,0.0030450820922851562,success
042455429C4C80,3,"['Arena', 'Torre Lamberti', 'Casa Giulietta']",Santa Anastasia,"['AMO', 'Museo Conte', 'Palazzo della Ragione', 'Teatro Romano', 'Centro Fotografia']",Duomo,strategy_nearest,False,0.0034570693969726562,success
0424663A9C4C80,3,"['Arena', 'Castelvecchio']",San Zeno,"['Verona Tour', 'Museo Lapidario', 'Museo Miniscalchi', 'Sighseeing', 'Museo Radio']",Torre Lamberti,strategy_nearest,False,0.0018868446350097656,success
042471429C4C81,3,"['Arena', 'Casa Giulietta', 'Torre Lamberti']",Santa Anastasia,"['AMO', 'Museo Conte', 'Palazzo della Ragione', 'Teatro Romano', 'Centro Fotografia']",Duomo,strategy_nearest,False,0.003201007843017578,success
0424673A9C4C81,1,"['Santa Anastasia', 'Teatro Romano', 'Giardino Giusti']",Arena,"['Verona Tour', 'Museo Lapidario', 'Museo Radio', 'San Fermo', 'Casa Giulietta']",Palazzo della Ragione,strategy_nearest,False,0.0029959678649902344,success
04246E429C4C80,2,['Santa Anastasia'],Torre Lamberti,"['Sighseeing', 'Centro Fotografia', 'Museo Conte', 'Casa Giulietta', 'Palazzo della Ragione']",Casa Giulietta,strategy_nearest,True,0.0020852088928222656,success
0424733A9C4C80,1,"['Arena', 'Casa Giulietta']",Palazzo della Ragione,"['AMO', 'Museo Conte', 'Torre Lamberti', 'Centro Fotografia', 'Sighseeing']",Torre Lamberti,strategy_nearest,True,0.0030269622802734375,success
042475429C4C81,2,['Casa Giulietta'],Santa Anastasia,"['AMO', 'Museo Conte', 'Palazzo della Ragione', 'Teatro Romano', 'Centro Fotografia']",Torre Lamberti,strategy_nearest,False,0.001867055892944336,success
0424763A9C4C81,0,"['Casa Giulietta', 'Castelvecchio']",Arena,"['Verona Tour', 'Museo Lapidario', 'Museo Radio', 'San Fermo', 'Sighseeing']",Torre Lamberti,strategy_nearest,False,0.0018260478973388672,success
0424763A9C4C80,0,['Arena'],Casa Giulietta,"['Centro Fotografia', 'Sighseeing', 'Torre Lamberti', 'Museo Conte', 'Museo Radio']",Castelvecchio,strategy_nearest,False,0.003371000289916992,success
0424773A9C4C81,0,['Arena'],Casa Giulietta,"['Centro Fotografia', 'Sighseeing', 'Torre Lamberti', 'Museo Conte', 'Museo Radio']",Torre Lamberti,strategy_nearest,True,0.0028820037841796875,success
04247D3A9C4C80,0,['Arena'],Casa Giulietta,"['Centro Fotografia', 'Sighseeing', 'Torre Lamberti', 'Museo Conte', 'Museo Radio']",Duomo,strategy_nearest,False,0.003270864486694336,success
0424803A9C4C80,0,['Arena'],Casa Giulietta,"['Centro Fotografia', 'Sighseeing', 'Torre Lamberti', 'Museo Conte', 'Museo Radio']",Torre Lamberti,strategy_nearest,True,0.0019268989562988281,success
0424814A9C4C81,3,"['Arena', 'Torre Lamberti']",Casa Giulietta,"['Centro Fotografia', 'Sighseeing', 'Museo Conte', 'Museo Radio', 'Palazzo della Ragione']",Duomo,strategy_nearest,False,0.003049135208129883,success
042482429C4C80,2,['Castelvecchio'],Santa Anastasia,"['AMO', 'Museo Conte', 'Palazzo della Ragione', 'Teatro Romano', 'Centro Fotografia']",Teatro Romano,strategy_nearest,True,0.002285003662109375,success
042486429C4C81,3,"['Arena', 'Casa Giulietta']",Torre Lamberti,"['Sighseeing', 'Centro Fotografia', 'Museo Conte', 'Palazzo della Ragione', 'AMO']",Santa Anastasia,strategy_nearest,False,0.0021681785583496094,success
0424873A9C4C80,3,"['Arena', 'Duomo']",Santa Anastasia,"['AMO', 'Museo Conte', 'Palazzo della Ragione', 'Teatro Romano', 'Centro Fotografia']",Torre Lamberti,strategy_nearest,False,0.003099203109741211,success
0424863A9C4C80,0,['Castelvecchio'],Arena,"['Verona Tour', 'Museo Lapidario', 'Museo Radio', 'San Fermo', 'Casa Giulietta']",San Fermo,strategy_nearest,True,0.0028510093688964844,success
0424884A9C4C80,0,['Arena'],Santa Anastasia,"['AMO', 'Museo Conte', 'Palazzo della Ragione', 'Teatro Romano', 'Centro Fotografia']",Casa Giulietta,strategy_nearest,False,0.0016970634460449219,success
04248C429C4C81,0,['Arena'],Casa Giulietta,"['Centro Fotografia', 'Sighseeing', 'Torre Lamberti', 'Museo Conte', 'Museo Radio']",San Fermo,strategy_nearest,False,0.0027289390563964844,success
0424914A9C4C81,0,['Arena'],Torre Lamberti,"['Sighseeing', 'Centro Fotografia', 'Museo Conte', 'Casa Giulietta', 'Palazzo della Ragione']",Casa Giulietta,strategy_nearest,True,0.003236055374145508,success
04248D429C4C81,0,['Arena'],Casa Giulietta,"['Centro Fotografia', 'Sighseeing', 'Torre Lamberti', 'Museo Conte', 'Museo Radio']",Duomo,strategy_nearest,False,0.0020842552185058594,success
04249B429C4C81,3,['Arena'],San Fermo,"['Museo Storia', 'Museo Radio', 'Casa Giulietta', 'Centro Fotografia', 'Sighseeing']",Casa Giulietta,strategy_nearest,True,0.0026121139526367188,success
0424A6429C4C81,0,['Arena'],Casa Giulietta,"['Centro Fotografia', 'Sighseeing', 'Torre Lamberti', 'Museo Conte', 'Museo Radio']",Tomba Giulietta,strategy_nearest,False,0.0014069080352783203,success
0424AA429C4C81,3,"['Arena', 'Casa Giulietta']",Torre Lamberti,"['Sighseeing', 'Centro Fotografia', 'Museo Conte', 'Palazzo della Ragione', 'AMO']",Santa Anastasia,strategy_nearest,False,0.003075122833251953,success
0424A94A9C4C80,0,['Arena'],Casa Giulietta,"['Centro Fotografia', 'Sighseeing', 'Torre Lamberti', 'Museo Conte', 'Museo Radio']",Castelvecchio,strategy_nearest,False,0.0027289390563964844,success
0424B1429C4C80,0,['Castelvecchio'],Duomo,"['AMO', 'Museo Miniscalchi', 'Santa Anastasia', 'Teatro Romano', 'Palazzo della Ragione']",Casa Giulietta,strategy_nearest,False,0.002213001251220703,success
0424B33A9C4C81,2,['Castelvecchio'],Casa Giulietta,"['Centro Fotografia', 'Sighseeing', 'Torre Lamberti', 'Museo Conte', 'Museo Radio']",Santa Anastasia,strategy_nearest,False,0.002093791961669922,success
0424B1429C4C81,1,['Arena'],Casa Giulietta,"['Centro Fotografia', 'Sighseeing', 'Torre Lamberti', 'Museo Conte', 'Museo Radio']",Palazzo della Ragione,strategy_nearest,False,0.0014328956604003906,success
0424B33A9C4C80,0,['Arena'],Castelvecchio,"['Museo Lapidario', 'Verona Tour', 'Museo Radio', 'San Zeno', 'Sighseeing']",Santa Anastasia,strategy_nearest,False,0.0031082630157470703,success
0424BB3A9C4C81,1,"['Arena', 'Casa Giulietta']",Torre Lamberti,"['Sighseeing', 'Centro Fotografia', 'Museo Conte', 'Palazzo della Ragione', 'AMO']",Palazzo della Ragione,strategy_nearest,True,0.003493070602416992,success
0424BC3A9C4C80,1,['Arena'],Castelvecchio,"['Museo Lapidario', 'Verona Tour', 'Museo Radio', 'San Zeno', 'Sighseeing']",Torre Lamberti,strategy_nearest,False,0.0022547245025634766,success
0424BE3A9C4C81,0,['Arena'],Casa Giulietta,"['Centro Fotografia', 'Sighseeing', 'Torre Lamberti', 'Museo Conte', 'Museo Radio']",Museo Storia,strategy_nearest,False,0.002210855484008789,success
0424C0429C4C80,3,['Arena'],Casa Giulietta,"['Centro Fotografia', 'Sighseeing', 'Torre Lamberti', 'Museo Conte', 'Museo Radio']",Santa Anastasia,strategy_nearest,False,0.002123117446899414,success
0424C63A9C4C81,0,['Arena'],Castelvecchio,"['Museo Lapidario', 'Verona Tour', 'Museo Radio', 'San Zeno', 'Sighseeing']",Tomba Giulietta,strategy_nearest,False,0.002825021743774414,success
0424C73A9C4C81,3,"['Arena', 'Castelvecchio']",Torre Lamberti,"['Sighseeing', 'Centro Fotografia', 'Museo Conte', 'Casa Giulietta', 'Palazzo della Ragione']",Duomo,strategy_nearest,False,0.0033791065216064453,success
0424D43A9C4C81,0,['Arena'],Casa Giulietta,"['Centro Fotografia', 'Sighseeing', 'Torre Lamberti', 'Museo Conte', 'Museo Radio']",Santa Anastasia,strategy_nearest,False,0.0022230148315429688,success
0424CE3A9C4C80,0,"['Arena', 'Castelvecchio']",Torre Lamberti,"['Sighseeing', 'Centro Fotografia', 'Museo Conte', 'Casa Giulietta', 'Palazzo della Ragione']",Casa Giulietta,strategy_nearest,True,0.0012841224670410156,success
0424DC3A9C4C80,0,['Teatro Romano'],Duomo,"['AMO', 'Museo Miniscalchi', 'Santa Anastasia', 'Palazzo della Ragione', 'Museo Conte']",Arena,strategy_nearest,False,0.0030379295349121094,success
0424CC429C4C81,0,"['Casa Giulietta', 'Duomo']",Arena,"['Verona Tour', 'Museo Lapidario', 'Museo Radio', 'San Fermo', 'Sighseeing']",Castelvecchio,strategy_nearest,False,0.002913951873779297,success
0424F23A9C4C80,0,['Arena'],Torre Lamberti,"['Sighseeing', 'Centro Fotografia', 'Museo Conte', 'Casa Giulietta', 'Palazzo della Ragione']",Teatro Romano,strategy_nearest,False,0.002688169479370117,success
0424DC3A9C4C81,3,"['Castelvecchio', 'Casa Giulietta']",Santa Anastasia,"['AMO', 'Museo Conte', 'Palazzo della Ragione', 'Teatro Romano', 'Centro Fotografia']",Teatro Romano,strategy_nearest,True,0.0013318061828613281,success
0424F33A9C4C80,0,['Castelvecchio'],Torre Lamberti,"['Sighseeing', 'Centro Fotografia', 'Museo Conte', 'Casa Giulietta', 'Palazzo della Ragione']",Casa Giulietta,strategy_nearest,True,0.003233671188354492,success
0424DC429C4C80,2,['San Zeno'],Castelvecchio,"['Museo Lapidario', 'Verona Tour', 'Arena', 'Museo Radio', 'Sighseeing']",Museo Storia,strategy_nearest,False,0.0022249221801757812,success
042552429C4C81,3,"['Arena', 'Duomo', 'Santa Anastasia']",Torre Lamberti,"['Sighseeing', 'Centro Fotografia', 'Museo Conte', 'Casa Giulietta', 'Palazzo della Ragione']",Casa Giulietta,strategy_nearest,True,0.0022971630096435547,success
0424F4429C4C80,2,"['Castelvecchio', 'San Zeno', 'Casa Giulietta']",Tomba Giulietta,"['San Fermo', 'Museo Storia', 'Arena', 'Museo Lapidario', 'Museo Radio']",Palazzo della Ragione,strategy_nearest,False,0.0015401840209960938,success
042555429C4C80,2,['Casa Giulietta'],Duomo,"['AMO', 'Museo Miniscalchi', 'Santa Anastasia', 'Teatro Romano', 'Palazzo della Ragione']",Teatro Romano,strategy_nearest,True,0.0027348995208740234,success
0425573A9C4C81,3,"['Teatro Romano', 'Duomo', 'Santa Anastasia']",Torre Lamberti,"['Sighseeing', 'Centro Fotografia', 'Museo Conte', 'Casa Giulietta', 'Palazzo della Ragione']",Casa Giulietta,strategy_nearest,True,0.003256082534790039,success
042559429C4C81,3,['Arena'],Casa Giulietta,"['Centro Fotografia', 'Sighseeing', 'Torre Lamberti', 'Museo Conte', 'Museo Radio']",Torre Lamberti,strategy_nearest,True,0.001786947250366211,success
0425623A9C4C81,1,"['Giardino Giusti', 'Santa Anastasia', 'Torre Lamberti', 'Palazzo della Ragione']",Arena,"['Verona Tour', 'Museo Lapidario', 'Museo Radio', 'San Fermo', 'Casa Giulietta']",Duomo,strategy_nearest,False,0.0019099712371826172,success
0425613A9C4C81,3,['Santa Anastasia'],Castelvecchio,"['Museo Lapidario', 'Verona Tour', 'Arena', 'Museo Radio', 'San Zeno']",Arena,strategy_nearest,True,0.003324270248413086,success
04256C3A9C4C80,3,"['Torre Lamberti', 'Duomo']",Teatro Romano,"['Santa Anastasia', 'AMO', 'Palazzo della Ragione', 'Museo Conte', 'Centro Fotografia']",San Zeno,strategy_nearest,False,0.0021889209747314453,success
042570429C4C81,3,['Duomo'],Santa Anastasia,"['AMO', 'Museo Conte', 'Palazzo della Ragione', 'Teatro Romano', 'Centro Fotografia']",Casa Giulietta,strategy_nearest,False,0.0016760826110839844,success
0425733A9C4C80,0,['Arena'],Teatro Romano,"['Santa Anastasia', 'Duomo', 'AMO', 'Palazzo della Ragione', 'Museo Conte']",Casa Giulietta,strategy_nearest,False,0.0024900436401367188,success
0425753A9C4C80,0,['Arena'],Castelvecchio,"['Museo Lapidario', 'Verona Tour', 'Museo Radio', 'San Zeno', 'Sighseeing']",Casa Giulietta,strategy_nearest,False,0.0024399757385253906,success
0425793A9C4C81,2,['Casa Giulietta'],Santa Anastasia,"['AMO', 'Museo Conte', 'Palazzo della Ragione', 'Teatro Romano', 'Centro Fotografia']",San Fermo,strategy_nearest,False,0.0017819404602050781,success
0425753A9C4C81,3,"['Castelvecchio', 'Arena', 'Tomba Giulietta']",Torre Lamberti,"['Sighseeing', 'Centro Fotografia', 'Museo Conte', 'Casa Giulietta', 'Palazzo della Ragione']",Casa Giulietta,strategy_nearest,True,0.003351926803588867,success
04257A3A9C4C80,2,"['Santa Anastasia', 'Duomo']",San Fermo,"['Museo Storia', 'Museo Radio', 'Casa Giulietta', 'Centro Fotografia', 'Arena']",San Zeno,strategy_nearest,False,0.002299785614013672,success
0425844A9C4C81,1,"['Arena', 'Torre Lamberti', 'Palazzo della Ragione']",Duomo,"['AMO', 'Museo Miniscalchi', 'Santa Anastasia', 'Teatro Romano', 'Museo Conte']",Teatro Romano,strategy_nearest,True,0.002256155014038086,success
042583429C4C81,0,"['Arena', 'Museo Lapidario']",Castelvecchio,"['Verona Tour', 'Museo Radio', 'San Zeno', 'Sighseeing', 'Museo Miniscalchi']",Casa Giulietta,strategy_nearest,False,0.0032358169555664062,success
04257E3A9C4C80,3,"['Arena', 'Castelvecchio']",Casa Giulietta,"['Centro Fotografia', 'Sighseeing', 'Torre Lamberti', 'Museo Conte', 'Museo Radio']",Santa Anastasia,strategy_nearest,False,0.0019118785858154297,success
0425824A9C4C81,3,"['Arena', 'Teatro Romano']",Santa Anastasia,"['AMO', 'Museo Conte', 'Palazzo della Ragione', 'Centro Fotografia', 'Duomo']",Torre Lamberti,strategy_nearest,False,0.0025548934936523438,success
042587429C4C80,3,['Arena'],Santa Anastasia,"['AMO', 'Museo Conte', 'Palazzo della Ragione', 'Teatro Romano', 'Centro Fotografia']",Torre Lamberti,strategy_nearest,False,0.002087116241455078,success
0425863A9C4C80,2,['Casa Giulietta'],Santa Anastasia,"['AMO', 'Museo Conte', 'Palazzo della Ragione', 'Teatro Romano', 'Centro Fotografia']",Teatro Romano,strategy_nearest,True,0.0027408599853515625,success
042585429C4C81,0,['Arena'],Torre Lamberti,"['Sighseeing', 'Centro Fotografia', 'Museo Conte', 'Casa Giulietta', 'Palazzo della Ragione']",Casa Giulietta,strategy_nearest,True,0.0015857219696044922,success
042588429C4C80,0,['Museo Storia'],Tomba Giulietta,"['San Fermo', 'Arena', 'Museo Lapidario', 'Museo Radio', 'Verona Tour']",Arena,strategy_nearest,True,0.003267049789428711,success
042588429C4C81,0,['Arena'],Casa Giulietta,"['Centro Fotografia', 'Sighseeing', 'Torre Lamberti', 'Museo Conte', 'Museo Radio']",Torre Lamberti,strategy_nearest,True,0.0016939640045166016,success
04258A4A9C4C81,6,['Arena'],Castelvecchio,"['Museo Lapidario', 'Verona Tour', 'Museo Radio', 'San Zeno', 'Sighseeing']",Teatro Romano,strategy_nearest,False,0.0019221305847167969,success
04258A429C4C80,0,['Arena'],Casa Giulietta,"['Centro Fotografia', 'Sighseeing', 'Torre Lamberti', 'Museo Conte', 'Museo Radio']",Torre Lamberti,strategy_nearest,True,0.002650022506713867,success
04258B3A9C4C80,0,['Castelvecchio'],Santa Anastasia,"['AMO', 'Museo Conte', 'Palazzo della Ragione', 'Teatro Romano', 'Centro Fotografia']",Arena,strategy_nearest,False,0.0025069713592529297,success
04258F429C4C80,1,"['Arena', 'Casa Giulietta']",Torre Lamberti,"['Sighseeing', 'Centro Fotografia', 'Museo Conte', 'Palazzo della Ragione', 'AMO']",Palazzo della Ragione,strategy_nearest,True,0.0018680095672607422,success
042597429C4C80,3,"['Arena', 'Casa Giulietta']",Santa Anastasia,"['AMO', 'Museo Conte', 'Palazzo della Ragione', 'Teatro Romano', 'Centro Fotografia']",Duomo,strategy_nearest,False,0.002321958541870117,success
042598429C4C81,0,['Arena'],Casa Giulietta,"['Centro Fotografia', 'Sighseeing', 'Torre Lamberti', 'Museo Conte', 'Museo Radio']",Santa Anastasia,strategy_nearest,False,0.002399921417236328,success
0425974A9C4C81,0,['Arena'],Torre Lamberti,"['Sighseeing', 'Centro Fotografia', 'Museo Conte', 'Casa Giulietta', 'Palazzo della Ragione']",Casa Giulietta,strategy_nearest,True,0.0030498504638671875,success
0425A9429C4C81,1,['Arena'],Palazzo della Ragione,"['AMO', 'Museo Conte', 'Torre Lamberti', 'Centro Fotografia', 'Sighseeing']",Santa Anastasia,strategy_nearest,False,0.0023279190063476562,success
0425A84A9C4C81,0,"['Castelvecchio', 'Museo Lapidario']",Casa Giulietta,"['Centro Fotografia', 'Sighseeing', 'Torre Lamberti', 'Museo Conte', 'Museo Radio']",Teatro Romano,strategy_nearest,False,0.003448009490966797,success
0425A94A9C4C81,2,['Torre Lamberti'],Palazzo della Ragione,"['AMO', 'Museo Conte', 'Centro Fotografia', 'Sighseeing', 'Santa Anastasia']",Duomo,strategy_nearest,False,0.0021910667419433594,success
0425AA3A9C4C80,1,"['Arena', 'San Fermo', 'Casa Giulietta']",Palazzo della Ragione,"['AMO', 'Museo Conte', 'Torre Lamberti', 'Centro Fotografia', 'Sighseeing']",Torre Lamberti,strategy_nearest,True,0.0022280216217041016,success
0425AC429C4C80,2,"['Torre Lamberti', 'Palazzo della Ragione']",Santa Anastasia,"['AMO', 'Museo Conte', 'Teatro Romano', 'Centro Fotografia', 'Duomo']",Teatro Romano,strategy_nearest,True,0.0017688274383544922,success
0425AD429C4C80,3,"['Arena', 'San Fermo']",Casa Giulietta,"['Centro Fotografia', 'Sighseeing', 'Torre Lamberti', 'Museo Conte', 'Museo Radio']",Santa Anastasia,strategy_nearest,False,0.0023779869079589844,success
0425AA429C4C80,0,['Arena'],Tomba Giulietta,"['San Fermo', 'Museo Storia', 'Museo Lapidario', 'Museo Radio', 'Verona Tour']",Teatro Romano,strategy_nearest,False,0.0032618045806884766,success
0425B0429C4C80,0,['Arena'],Casa Giulietta,"['Centro Fotografia', 'Sighseeing', 'Torre Lamberti', 'Museo Conte', 'Museo Radio']",Tomba Giulietta,strategy_nearest,False,0.0018727779388427734,success
0425B53A9C4C80,0,['Arena'],Casa Giulietta,"['Centro Fotografia', 'Sighseeing', 'Torre Lamberti', 'Museo Conte', 'Museo Radio']",Duomo,strategy_nearest,False,0.0024940967559814453,success
0425B6429C4C80,2,"['Casa Giulietta', 'Torre Lamberti', 'Palazzo della Ragione']",Santa Anastasia,"['AMO', 'Museo Conte', 'Teatro Romano', 'Centro Fotografia', 'Duomo']",Duomo,strategy_nearest,True,0.002360105514526367,success
0425BB3A9C4C81,1,"['Arena', 'Casa Giulietta']",Palazzo della Ragione,"['AMO', 'Museo Conte', 'Torre Lamberti', 'Centro Fotografia', 'Sighseeing']",Torre Lamberti,strategy_nearest,True,0.003210783004760742,success
0425BC3A9C4C80,0,['Arena'],Castelvecchio,"['Museo Lapidario', 'Verona Tour', 'Museo Radio', 'San Zeno', 'Sighseeing']",Casa Giulietta,strategy_nearest,False,0.0027980804443359375,success
0425BC429C4C80,0,['Teatro Romano'],Casa Giulietta,"['Centro Fotografia', 'Sighseeing', 'Torre Lamberti', 'Museo Conte', 'Museo Radio']",Arena,strategy_nearest,False,0.003165006637573242,success
0425BE3A9C4C81,2,"['Duomo', 'Teatro Romano']",Santa Anastasia,"['AMO', 'Museo Conte', 'Palazzo della Ragione', 'Centro Fotografia', 'Torre Lamberti']",Torre Lamberti,strategy_nearest,True,0.003470182418823242,success
0425BE3A9C4C80,0,['Arena'],Casa Giulietta,"['Centro Fotografia', 'Sighseeing', 'Torre Lamberti', 'Museo Conte', 'Museo Radio']",San Fermo,strategy_nearest,False,0.0028607845306396484,success
0425C03A9C4C81,0,['Arena'],Casa Giulietta,"['Centro Fotografia', 'Sighseeing', 'Torre Lamberti', 'Museo Conte', 'Museo Radio']",Castelvecchio,strategy_nearest,False,0.0026760101318359375,success
0425C0429C4C81,0,['Casa Giulietta'],Torre Lamberti,"['Sighseeing', 'Centro Fotografia', 'Museo Conte', 'Palazzo della Ragione', 'AMO']",Arena,strategy_nearest,False,0.0022819042205810547,success
0425C1429C4C80,2,['Casa Giulietta'],Santa Anastasia,"['AMO', 'Museo Conte', 'Palazzo della Ragione', 'Teatro Romano', 'Centro Fotografia']",Duomo,strategy_nearest,False,0.0025091171264648438,success
0425C43A9C4C80,3,"['Teatro Romano', 'Duomo', 'Santa Anastasia']",Torre Lamberti,"['Sighseeing', 'Centro Fotografia', 'Museo Conte', 'Casa Giulietta', 'Palazzo della Ragione']",Casa Giulietta,strategy_nearest,True,0.0019221305847167969,success
0425C63A9C4C81,3,"['Arena', 'San Fermo']",Casa Giulietta,"['Centro Fotografia', 'Sighseeing', 'Torre Lamberti', 'Museo Conte', 'Museo Radio']",Torre Lamberti,strategy_nearest,True,0.0031130313873291016,success
0425CA429C4C81,0,['Teatro Romano'],Casa Giulietta,"['Centro Fotografia', 'Sighseeing', 'Torre Lamberti', 'Museo Conte', 'Museo Radio']",Torre Lamberti,strategy_nearest,True,0.0016891956329345703,success
0425CE429C4C80,1,"['Arena', 'Museo Lapidario', 'Torre Lamberti', 'Casa Giulietta', 'Duomo', 'Teatro Romano']",Santa Anastasia,"['AMO', 'Museo Conte', 'Palazzo della Ragione', 'Centro Fotografia', 'Sighseeing']",Castelvecchio,strategy_nearest,False,0.0019109249114990234,success
0425CC3A9C4C81,1,['Arena'],Torre Lamberti,"['Sighseeing', 'Centro Fotografia', 'Museo Conte', 'Casa Giulietta', 'Palazzo della Ragione']",Palazzo della Ragione,strategy_nearest,True,0.0035479068756103516,success
0425CF429C4C81,0,"['Casa Giulietta', 'Giardino Giusti']",Arena,"['Verona Tour', 'Museo Lapidario', 'Museo Radio', 'San Fermo', 'Sighseeing']",Torre Lamberti,strategy_nearest,False,0.0026369094848632812,success
0425D0429C4C81,1,"['Arena', 'Casa Giulietta', 'Torre Lamberti', 'Museo Lapidario']",Castelvecchio,"['Verona Tour', 'Museo Radio', 'San Zeno', 'Sighseeing', 'Museo Miniscalchi']",San Zeno,strategy_nearest,True,0.0029730796813964844,success
0425D93A9C4C81,2,"['Torre Lamberti', 'Duomo']",Giardino Giusti,"['Santa Anastasia', 'Teatro Romano', 'Museo Conte', 'Centro Fotografia', 'Museo Storia']",Santa Anastasia,strategy_nearest,True,0.0017459392547607422,success
0425D2429C4C80,1,"['Arena', 'Casa Giulietta', 'Torre Lamberti', 'Palazzo della Ragione']",Santa Anastasia,"['AMO', 'Museo Conte', 'Teatro Romano', 'Centro Fotografia', 'Duomo']",Castelvecchio,strategy_nearest,False,0.0030629634857177734,success
0425DF3A9C4C81,3,"['Arena', 'Torre Lamberti']",Santa Anastasia,"['AMO', 'Museo Conte', 'Palazzo della Ragione', 'Teatro Romano', 'Centro Fotografia']",Teatro Romano,strategy_nearest,True,0.0023648738861083984,success
0425E23A9C4C81,3,['Arena'],Casa Giulietta,"['Centro Fotografia', 'Sighseeing', 'Torre Lamberti', 'Museo Conte', 'Museo Radio']",Santa Anastasia,strategy_nearest,False,0.0016639232635498047,success
0425EA429C4C80,3,"['Castelvecchio', 'Arena']",San Fermo,"['Museo Storia', 'Museo Radio', 'Casa Giulietta', 'Centro Fotografia', 'Sighseeing']",Teatro Romano,strategy_nearest,False,0.0017459392547607422,success
0425E6429C4C81,3,"['Arena', 'Castelvecchio', 'Teatro Romano']",Duomo,"['AMO', 'Museo Miniscalchi', 'Santa Anastasia', 'Palazzo della Ragione', 'Museo Conte']",Santa Anastasia,strategy_nearest,True,0.0031938552856445312,success
0426553A9C4C81,2,['Castelvecchio'],Palazzo della Ragione,"['AMO', 'Museo Conte', 'Torre Lamberti', 'Centro Fotografia', 'Sighseeing']",Torre Lamberti,strategy_nearest,True,0.0025691986083984375,success
0425EF429C4C80,2,"['Casa Giulietta', 'Torre Lamberti', 'Palazzo della Ragione']",Duomo,"['AMO', 'Museo Miniscalchi', 'Santa Anastasia', 'Teatro Romano', 'Museo Conte']",San Fermo,strategy_nearest,False,0.0022509098052978516,success
04266B429C4C80,3,"['Arena', 'Museo Lapidario']",Casa Giulietta,"['Centro Fotografia', 'Sighseeing', 'Torre Lamberti', 'Museo Conte', 'Museo Radio']",Torre Lamberti,strategy_nearest,True,0.002287149429321289,success
04266C3A9C4C81,3,"['Arena', 'Museo Lapidario']",Castelvecchio,"['Verona Tour', 'Museo Radio', 'San Zeno', 'Sighseeing', 'Museo Miniscalchi']",Torre Lamberti,strategy_nearest,False,0.0024101734161376953,success
042670429C4C81,3,"['Arena', 'Torre Lamberti']",Casa Giulietta,"['Centro Fotografia', 'Sighseeing', 'Museo Conte', 'Museo Radio', 'Palazzo della Ragione']",Santa Anastasia,strategy_nearest,False,0.0019211769104003906,success
04266F3A9C4C81,2,"['Casa Giulietta', 'Santa Anastasia']",Duomo,"['AMO', 'Museo Miniscalchi', 'Teatro Romano', 'Palazzo della Ragione', 'Museo Conte']",Castelvecchio,strategy_nearest,False,0.0025429725646972656,success
042672429C4C80,3,"['Arena', 'Museo Lapidario']",Castelvecchio,"['Verona Tour', 'Museo Radio', 'San Zeno', 'Sighseeing', 'Museo Miniscalchi']",Santa Anastasia,strategy_nearest,False,0.002202749252319336,success
0426753A9C4C80,0,['Arena'],Casa Giulietta,"['Centro Fotografia', 'Sighseeing', 'Torre Lamberti', 'Museo Conte', 'Museo Radio']",Castelvecchio,strategy_nearest,False,0.002023935317993164,success
0426783A9C4C81,3,"['Castelvecchio', 'Arena']",Casa Giulietta,"['Centro Fotografia', 'Sighseeing', 'Torre Lamberti', 'Museo Conte', 'Museo Radio']",Santa Anastasia,strategy_nearest,False,0.0025949478149414062,success
0426773A9C4C81,1,"['Arena', 'Torre Lamberti', 'Palazzo della Ragione']",Casa Giulietta,"['Centro Fotografia', 'Sighseeing', 'Museo Conte', 'Museo Radio', 'San Fermo']",San Fermo,strategy_nearest,True,0.0025260448455810547,success
04267A3A9C4C81,1,"['Casa Giulietta', 'Casa Giulietta', 'Torre Lamberti']",Palazzo della Ragione,"['AMO', 'Museo Conte', 'Centro Fotografia', 'Sighseeing', 'Santa Anastasia']",Santa Anastasia,strategy_nearest,True,0.003232717514038086,success
04267F4A9C4C80,3,['Arena'],Santa Anastasia,"['AMO', 'Museo Conte', 'Palazzo della Ragione', 'Teatro Romano', 'Centro Fotografia']",Teatro Romano,strategy_nearest,True,0.0020399093627929688,success
0426804A9C4C81,3,['Arena'],Casa Giulietta,"['Centro Fotografia', 'Sighseeing', 'Torre Lamberti', 'Museo Conte', 'Museo Radio']",Santa Anastasia,strategy_nearest,False,0.002591848373413086,success
0426833A9C4C80,0,"['Museo Lapidario', 'Arena', 'Tomba Giulietta']",San Fermo,"['Museo Storia', 'Museo Radio', 'Casa Giulietta', 'Centro Fotografia', 'Sighseeing']",Casa Giulietta,strategy_nearest,True,0.0030138492584228516,success
0426823A9C4C80,0,['Arena'],Torre Lamberti,"['Sighseeing', 'Centro Fotografia', 'Museo Conte', 'Casa Giulietta', 'Palazzo della Ragione']",Duomo,strategy_nearest,False,0.002747774124145508,success
0426834A9C4C81,0,['Arena'],Casa Giulietta,"['Centro Fotografia', 'Sighseeing', 'Torre Lamberti', 'Museo Conte', 'Museo Radio']",Santa Anastasia,strategy_nearest,False,0.0026679039001464844,success
04268A429C4C80,2,"['Casa Giulietta', 'Torre Lamberti']",Santa Anastasia,"['AMO', 'Museo Conte', 'Palazzo della Ragione', 'Teatro Romano', 'Centro Fotografia']",Duomo,strategy_nearest,False,0.0019299983978271484,success
042686429C4C80,1,['Arena'],Torre Lamberti,"['Sighseeing', 'Centro Fotografia', 'Museo Conte', 'Casa Giulietta', 'Palazzo della Ragione']",Palazzo della Ragione,strategy_nearest,True,0.002735137939453125,success
042688429C4C80,0,['Arena'],Casa Giulietta,"['Centro Fotografia', 'Sighseeing', 'Torre Lamberti', 'Museo Conte', 'Museo Radio']",Torre Lamberti,strategy_nearest,True,0.0040378570556640625,success
04268B429C4C81,3,"['Arena', 'Casa Giulietta', 'Santa Anastasia']",Duomo,"['AMO', 'Museo Miniscalchi', 'Teatro Romano', 'Palazzo della Ragione', 'Museo Conte']",Teatro Romano,strategy_nearest,True,0.0022399425506591797,success
04268C4A9C4C80,3,['Arena'],Casa Giulietta,"['Centro Fotografia', 'Sighseeing', 'Torre Lamberti', 'Museo Conte', 'Museo Radio']",Torre Lamberti,strategy_nearest,True,0.0030426979064941406,success
04268E429C4C81,3,['Arena'],Castelvecchio,"['Museo Lapidario', 'Verona Tour', 'Museo Radio', 'San Zeno', 'Sighseeing']",Santa Anastasia,strategy_nearest,False,0.0031599998474121094,success
04268E429C4C80,0,['Arena'],Teatro Romano,"['Santa Anastasia', 'Duomo', 'AMO', 'Palazzo della Ragione', 'Museo Conte']",Giardino Giusti,strategy_nearest,False,0.004053592681884766,success
042698429C4C81,0,['Arena'],Casa Giulietta,"['Centro Fotografia', 'Sighseeing', 'Torre Lamberti', 'Museo Conte', 'Museo Radio']",Torre Lamberti,strategy_nearest,True,0.0030059814453125,success
042699429C4C80,3,"['Castelvecchio', 'Arena']",Casa Giulietta,"['Centro Fotografia', 'Sighseeing', 'Torre Lamberti', 'Museo Conte', 'Museo Radio']",Torre Lamberti,strategy_nearest,True,0.003529071807861328,success
0426A1429C4C80,1,"['Arena', 'Casa Giulietta']",Torre Lamberti,"['Sighseeing', 'Centro Fotografia', 'Museo Conte', 'Palazzo della Ragione', 'AMO']",Palazzo della Ragione,strategy_nearest,True,0.0027399063110351562,success
0426A14A9C4C80,1,"['Arena', 'Casa Giulietta']",Palazzo della Ragione,"['AMO', 'Museo Conte', 'Torre Lamberti', 'Centro Fotografia', 'Sighseeing']",Torre Lamberti,strategy_nearest,True,0.002758026123046875,success
0426A7429C4C81,1,"['Arena', 'Casa Giulietta']",Torre Lamberti,"['Sighseeing', 'Centro Fotografia', 'Museo Conte', 'Palazzo della Ragione', 'AMO']",Tomba Giulietta,strategy_nearest,False,0.0025131702423095703,success
0426A9429C4C81,0,['Arena'],Casa Giulietta,"['Centro Fotografia', 'Sighseeing', 'Torre Lamberti', 'Museo Conte', 'Museo Radio']",Torre Lamberti,strategy_nearest,True,0.0033049583435058594,success
0426AD429C4C80,1,"['Arena', 'Museo Lapidario', 'Castelvecchio']",Duomo,"['AMO', 'Museo Miniscalchi', 'Santa Anastasia', 'Teatro Romano', 'Palazzo della Ragione']",Torre Lamberti,strategy_nearest,False,0.002630949020385742,success
0426B03A9C4C80,1,"['Arena', 'Casa Giulietta']",Torre Lamberti,"['Sighseeing', 'Centro Fotografia', 'Museo Conte', 'Palazzo della Ragione', 'AMO']",Santa Anastasia,strategy_nearest,False,0.002405881881713867,success
0426AF429C4C81,1,"['Castelvecchio', 'Casa Giulietta']",Teatro Romano,"['Santa Anastasia', 'Duomo', 'AMO', 'Palazzo della Ragione', 'Museo Conte']",Arena,strategy_nearest,False,0.0027189254760742188,success
0426B23A9C4C80,1,"['Arena', 'Casa Giulietta', 'Palazzo della Ragione']",Torre Lamberti,"['Sighseeing', 'Centro Fotografia', 'Museo Conte', 'AMO', 'Museo Miniscalchi']",Teatro Romano,strategy_nearest,False,0.0014421939849853516,success
0426B23A9C4C81,1,"['Arena', 'Casa Giulietta']",Torre Lamberti,"['Sighseeing', 'Centro Fotografia', 'Museo Conte', 'Palazzo della Ragione', 'AMO']",Palazzo della Ragione,strategy_nearest,True,0.0024797916412353516,success
0426B2429C4C81,0,['Arena'],Casa Giulietta,"['Centro Fotografia', 'Sighseeing', 'Torre Lamberti', 'Museo Conte', 'Museo Radio']",Tomba Giulietta,strategy_nearest,False,0.003996133804321289,success
0426B3429C4C81,1,"['Casa Giulietta', 'Torre Lamberti']",Palazzo della Ragione,"['AMO', 'Museo Conte', 'Centro Fotografia', 'Sighseeing', 'Santa Anastasia']",Teatro Romano,strategy_nearest,False,0.0031969547271728516,success
0426B53A9C4C81,1,"['Casa Giulietta', 'Palazzo della Ragione', 'Torre Lamberti', 'Duomo']",Teatro Romano,"['Santa Anastasia', 'AMO', 'Museo Conte', 'Centro Fotografia', 'Museo Miniscalchi']",Santa Anastasia,strategy_nearest,True,0.002710580825805664,success
0426C03A9C4C80,1,"['Arena', 'Casa Giulietta']",Torre Lamberti,"['Sighseeing', 'Centro Fotografia', 'Museo Conte', 'Palazzo della Ragione', 'AMO']",Palazzo della Ragione,strategy_nearest,True,0.002161264419555664,success
0426BA429C4C81,1,"['Arena', 'Museo Lapidario']",Torre Lamberti,"['Sighseeing', 'Centro Fotografia', 'Museo Conte', 'Casa Giulietta', 'Palazzo della Ragione']",Palazzo della Ragione,strategy_nearest,True,0.0027000904083251953,success
0426BE3A9C4C81,1,['Palazzo della Ragione'],Torre Lamberti,"['Sighseeing', 'Centro Fotografia', 'Museo Conte', 'Casa Giulietta', 'AMO']",Casa Giulietta,strategy_nearest,True,0.003635883331298828,success
0426C0429C4C80,0,['Arena'],Torre Lamberti,"['Sighseeing', 'Centro Fotografia', 'Museo Conte', 'Casa Giulietta', 'Palazzo della Ragione']",Casa Giulietta,strategy_nearest,True,0.0035240650177001953,success
0426C1429C4C81,0,"['Arena', 'Castelvecchio']",Casa Giulietta,"['Centro Fotografia', 'Sighseeing', 'Torre Lamberti', 'Museo Conte', 'Museo Radio']",Torre Lamberti,strategy_nearest,True,0.0031058788299560547,success
0426C53A9C4C80,0,"['Arena', 'Casa Giulietta']",Torre Lamberti,"['Sighseeing', 'Centro Fotografia', 'Museo Conte', 'Palazzo della Ragione', 'AMO']",Teatro Romano,strategy_nearest,False,0.003222942352294922,success
0426C33A9C4C80,3,"['Museo Lapidario', 'Arena', 'Casa Giulietta']",San Fermo,"['Museo Storia', 'Museo Radio', 'Centro Fotografia', 'Sighseeing', 'Torre Lamberti']",Santa Anastasia,strategy_nearest,False,0.0032401084899902344,success
0426C23A9C4C80,0,"['Castelvecchio', 'Arena']",Duomo,"['AMO', 'Museo Miniscalchi', 'Santa Anastasia', 'Teatro Romano', 'Palazzo della Ragione']",Casa Giulietta,strategy_nearest,False,0.005700826644897461,success
0426CA429C4C80,0,['Arena'],Teatro Romano,"['Santa Anastasia', 'Duomo', 'AMO', 'Palazzo della Ragione', 'Museo Conte']",Duomo,strategy_nearest,True,0.0027408599853515625,success
0426C8429C4C81,3,"['Castelvecchio', 'Arena']",San Fermo,"['Museo Storia', 'Museo Radio', 'Casa Giulietta', 'Centro Fotografia', 'Sighseeing']",Casa Giulietta,strategy_nearest,True,0.003717184066772461,success
0426CB3A9C4C81,3,"['Arena', 'Castelvecchio']",Torre Lamberti,"['Sighseeing', 'Centro Fotografia', 'Museo Conte', 'Casa Giulietta', 'Palazzo della Ragione']",Santa Anastasia,strategy_nearest,False,0.0031969547271728516,success
0426CC3A9C4C81,0,['Arena'],Torre Lamberti,"['Sighseeing', 'Centro Fotografia', 'Museo Conte', 'Casa Giulietta', 'Palazzo della Ragione']",Casa Giulietta,strategy_nearest,True,0.004695892333984375,success
0426D53A9C4C80,3,"['Arena', 'Museo Lapidario', 'Castelvecchio']",Teatro Romano,"['Santa Anastasia', 'Duomo', 'AMO', 'Palazzo della Ragione', 'Museo Conte']",Giardino Giusti,strategy_nearest,False,0.0036737918853759766,success
0426D9429C4C80,3,"['Castelvecchio', 'Torre Lamberti']",Santa Anastasia,"['AMO', 'Museo Conte', 'Palazzo della Ragione', 'Teatro Romano', 'Centro Fotografia']",Casa Giulietta,strategy_nearest,False,0.003942012786865234,success
0426DD3A9C4C81,0,['Casa Giulietta'],Santa Anastasia,"['AMO', 'Museo Conte', 'Palazzo della Ragione', 'Teatro Romano', 'Centro Fotografia']",Castelvecchio,strategy_nearest,False,0.003206014633178711,success
0426E2429C4C80,1,"['Arena', 'Casa Giulietta', 'Torre Lamberti']",Palazzo della Ragione,"['AMO', 'Museo Conte', 'Centro Fotografia', 'Sighseeing', 'Santa Anastasia']",Santa Anastasia,strategy_nearest,True,0.0025730133056640625,success
0426DE429C4C80,0,"['Arena', 'Torre Lamberti']",Casa Giulietta,"['Centro Fotografia', 'Sighseeing', 'Museo Conte', 'Museo Radio', 'Palazzo della Ragione']",Tomba Giulietta,strategy_nearest,False,0.0030698776245117188,success
0426ED3A9C4C80,0,['Torre Lamberti'],Casa Giulietta,"['Centro Fotografia', 'Sighseeing', 'Museo Conte', 'Museo Radio', 'Palazzo della Ragione']",Arena,strategy_nearest,False,0.002794981002807617,success
0426E2429C4C81,2,['Giardino Giusti'],Casa Giulietta,"['Centro Fotografia', 'Sighseeing', 'Torre Lamberti', 'Museo Conte', 'Museo Radio']",Castelvecchio,strategy_nearest,False,0.0023238658905029297,success
0426E9429C4C80,1,['Arena'],Teatro Romano,"['Santa Anastasia', 'Duomo', 'AMO', 'Palazzo della Ragione', 'Museo Conte']",Palazzo della Ragione,strategy_nearest,True,0.002858877182006836,success
0426EE3A9C4C80,3,['Arena'],Casa Giulietta,"['Centro Fotografia', 'Sighseeing', 'Torre Lamberti', 'Museo Conte', 'Museo Radio']",Santa Anastasia,strategy_nearest,False,0.003290891647338867,success
0426F33A9C4C80,1,"['Tomba Giulietta', 'Arena']",Casa Giulietta,"['Centro Fotografia', 'Sighseeing', 'Torre Lamberti', 'Museo Conte', 'Museo Radio']",Palazzo della Ragione,strategy_nearest,False,0.0014319419860839844,success
0427643A9C4C80,2,"['Casa Giulietta', 'Torre Lamberti', 'Palazzo della Ragione']",Duomo,"['AMO', 'Museo Miniscalchi', 'Santa Anastasia', 'Teatro Romano', 'Museo Conte']",San Fermo,strategy_nearest,False,0.0028657913208007812,success
0427613A9C4C80,3,['Santa Anastasia'],Castelvecchio,"['Museo Lapidario', 'Verona Tour', 'Arena', 'Museo Radio', 'San Zeno']",Arena,strategy_nearest,True,0.002064943313598633,success
042756429C4C80,3,"['Arena', 'Castelvecchio']",Duomo,"['AMO', 'Museo Miniscalchi', 'Santa Anastasia', 'Teatro Romano', 'Palazzo della Ragione']",Santa Anastasia,strategy_nearest,True,0.002791881561279297,success
04276A429C4C81,0,"['Casa Giulietta', 'Arena']",Tomba Giulietta,"['San Fermo', 'Museo Storia', 'Museo Lapidario', 'Museo Radio', 'Verona Tour']",Teatro Romano,strategy_nearest,False,0.0014748573303222656,success
042772429C4C80,3,"['Arena', 'Casa Giulietta', 'Torre Lamberti']",Teatro Romano,"['Santa Anastasia', 'Duomo', 'AMO', 'Palazzo della Ragione', 'Museo Conte']",Duomo,strategy_nearest,True,0.0020911693572998047,success
0427733A9C4C81,0,['Castelvecchio'],Arena,"['Verona Tour', 'Museo Lapidario', 'Museo Radio', 'San Fermo', 'Casa Giulietta']",Casa Giulietta,strategy_nearest,True,0.0026569366455078125,success
0427743A9C4C80,0,['Arena'],Casa Giulietta,"['Centro Fotografia', 'Sighseeing', 'Torre Lamberti', 'Museo Conte', 'Museo Radio']",Castelvecchio,strategy_nearest,False,0.003309011459350586,success
0427743A9C4C81,0,['Arena'],Casa Giulietta,"['Centro Fotografia', 'Sighseeing', 'Torre Lamberti', 'Museo Conte', 'Museo Radio']",Santa Anastasia,strategy_nearest,False,0.0031480789184570312,success
0427753A9C4C80,3,"['Casa Giulietta', 'Torre Lamberti']",Arena,"['Verona Tour', 'Museo Lapidario', 'Museo Radio', 'San Fermo', 'Sighseeing']",Santa Anastasia,strategy_nearest,False,0.0017011165618896484,success
04277A429C4C80,1,['Arena'],Torre Lamberti,"['Sighseeing', 'Centro Fotografia', 'Museo Conte', 'Casa Giulietta', 'Palazzo della Ragione']",Palazzo della Ragione,strategy_nearest,True,0.0012929439544677734,success
04277C429C4C80,0,['Arena'],Casa Giulietta,"['Centro Fotografia', 'Sighseeing', 'Torre Lamberti', 'Museo Conte', 'Museo Radio']",Duomo,strategy_nearest,False,0.0020720958709716797,success
04277F3A9C4C81,0,['Arena'],Castelvecchio,"['Museo Lapidario', 'Verona Tour', 'Museo Radio', 'San Zeno', 'Sighseeing']",Teatro Romano,strategy_nearest,False,0.0025489330291748047,success
04277D429C4C80,1,['Arena'],Torre Lamberti,"['Sighseeing', 'Centro Fotografia', 'Museo Conte', 'Casa Giulietta', 'Palazzo della Ragione']",Palazzo della Ragione,strategy_nearest,True,0.003384828567504883,success
0427804A9C4C80,1,"['Arena', 'Castelvecchio']",Casa Giulietta,"['Centro Fotografia', 'Sighseeing', 'Torre Lamberti', 'Museo Conte', 'Museo Radio']",Palazzo della Ragione,strategy_nearest,False,0.0021729469299316406,success
0427844A9C4C81,0,['Arena'],Casa Giulietta,"['Centro Fotografia', 'Sighseeing', 'Torre Lamberti', 'Museo Conte', 'Museo Radio']",Santa Anastasia,strategy_nearest,False,0.003306150436401367,success
0427833A9C4C81,3,"['Museo Lapidario', 'Castelvecchio']",Arena,"['Verona Tour', 'Museo Radio', 'San Fermo', 'Casa Giulietta', 'Sighseeing']",Casa Giulietta,strategy_nearest,True,0.0034668445587158203,success
0427854A9C4C81,1,"['Arena', 'Casa Giulietta']",Torre Lamberti,"['Sighseeing', 'Centro Fotografia', 'Museo Conte', 'Palazzo della Ragione', 'AMO']",Palazzo della Ragione,strategy_nearest,True,0.0018939971923828125,success
04278B429C4C81,0,['Arena'],Museo Lapidario,"['Verona Tour', 'Castelvecchio', 'Museo Radio', 'San Fermo', 'Casa Giulietta']",Torre Lamberti,strategy_nearest,False,0.00156402587890625,success
04278E429C4C81,1,"['Arena', 'Santa Anastasia']",Duomo,"['AMO', 'Museo Miniscalchi', 'Teatro Romano', 'Palazzo della Ragione', 'Museo Conte']",Casa Giulietta,strategy_nearest,False,0.0025632381439208984,success
04278D3A9C4C81,0,['Arena'],Casa Giulietta,"['Centro Fotografia', 'Sighseeing', 'Torre Lamberti', 'Museo Conte', 'Museo Radio']",Castelvecchio,strategy_nearest,False,0.0022611618041992188,success
04278C4A9C4C80,1,"['Teatro Romano', 'Santa Anastasia']",Arena,"['Verona Tour', 'Museo Lapidario', 'Museo Radio', 'San Fermo', 'Casa Giulietta']",Torre Lamberti,strategy_nearest,False,0.0036580562591552734,success
04278F4A9C4C80,1,"['Santa Anastasia', 'Palazzo della Ragione', 'Torre Lamberti', 'Casa Giulietta']",San Zeno,"['Castelvecchio', 'Verona Tour', 'Museo Lapidario', 'Arena', 'Museo Miniscalchi']",Castelvecchio,strategy_nearest,True,0.0017998218536376953,success
042799429C4C80,3,"['Arena', 'Casa Giulietta']",Torre Lamberti,"['Sighseeing', 'Centro Fotografia', 'Museo Conte', 'Palazzo della Ragione', 'AMO']",Teatro Romano,strategy_nearest,False,0.0026922225952148438,success
0427A44A9C4C81,0,"['Arena', 'Castelvecchio']",Duomo,"['AMO', 'Museo Miniscalchi', 'Santa Anastasia', 'Teatro Romano', 'Palazzo della Ragione']",Torre Lamberti,strategy_nearest,False,0.0028069019317626953,success
0427994A9C4C81,2,['San Fermo'],Duomo,"['AMO', 'Museo Miniscalchi', 'Santa Anastasia', 'Teatro Romano', 'Palazzo della Ragione']",Torre Lamberti,strategy_nearest,False,0.0039789676666259766,success
0427A84A9C4C80,0,['Arena'],Casa Giulietta,"['Centro Fotografia', 'Sighseeing', 'Torre Lamberti', 'Museo Conte', 'Museo Radio']",Torre Lamberti,strategy_nearest,True,0.0022351741790771484,success
0427AA429C4C80,0,['Arena'],Casa Giulietta,"['Centro Fotografia', 'Sighseeing', 'Torre Lamberti', 'Museo Conte', 'Museo Radio']",Torre Lamberti,strategy_nearest,True,0.003676176071166992,success
0427AA3A9C4C80,3,['Arena'],Casa Giulietta,"['Centro Fotografia', 'Sighseeing', 'Torre Lamberti', 'Museo Conte', 'Museo Radio']",Santa Anastasia,strategy_nearest,False,0.0035490989685058594,success
0427AC429C4C81,0,['Arena'],Castelvecchio,"['Museo Lapidario', 'Verona Tour', 'Museo Radio', 'San Zeno', 'Sighseeing']",Santa Anastasia,strategy_nearest,False,0.00344085693359375,success
0427AC3A9C4C80,1,"['Arena', 'Casa Giulietta', 'San Fermo']",Museo Storia,"['Museo Radio', 'Centro Fotografia', 'Tomba Giulietta', 'Torre Lamberti', 'Sighseeing']",Tomba Giulietta,strategy_nearest,True,0.004334211349487305,success
0427AD429C4C80,3,"['Castelvecchio', 'Arena']",Casa Giulietta,"['Centro Fotografia', 'Sighseeing', 'Torre Lamberti', 'Museo Conte', 'Museo Radio']",Torre Lamberti,strategy_nearest,True,0.0013828277587890625,success
0427B03A9C4C81,3,"['Arena', 'San Fermo', 'Casa Giulietta']",Torre Lamberti,"['Sighseeing', 'Centro Fotografia', 'Museo Conte', 'Palazzo della Ragione', 'AMO']",Santa Anastasia,strategy_nearest,False,0.0020949840545654297,success
0427B2429C4C80,2,['Santa Anastasia'],Duomo,"['AMO', 'Museo Miniscalchi', 'Teatro Romano', 'Palazzo della Ragione', 'Museo Conte']",Castelvecchio,strategy_nearest,False,0.0026979446411132812,success
0427B4429C4C81,2,['Casa Giulietta'],Torre Lamberti,"['Sighseeing', 'Centro Fotografia', 'Museo Conte', 'Palazzo della Ragione', 'AMO']",Palazzo della Ragione,strategy_nearest,True,0.0034308433532714844,success
0427B6429C4C81,0,['Arena'],Tomba Giulietta,"['San Fermo', 'Museo Storia', 'Museo Lapidario', 'Museo Radio', 'Verona Tour']",Casa Giulietta,strategy_nearest,False,0.0019593238830566406,success
0427BB3A9C4C80,0,"['Arena', 'Museo Lapidario']",Casa Giulietta,"['Centro Fotografia', 'Sighseeing', 'Torre Lamberti', 'Museo Conte', 'Museo Radio']",Duomo,strategy_nearest,False,0.002805948257446289,success
0427BC3A9C4C81,1,"['Arena', 'Casa Giulietta']",Torre Lamberti,"['Sighseeing', 'Centro Fotografia', 'Museo Conte', 'Palazzo della Ragione', 'AMO']",Palazzo della Ragione,strategy_nearest,True,0.0028700828552246094,success
0427BD3A9C4C80,0,['Arena'],Casa Giulietta,"['Centro Fotografia', 'Sighseeing', 'Torre Lamberti', 'Museo Conte', 'Museo Radio']",Torre Lamberti,strategy_nearest,True,0.003002166748046875,success
0427BF429C4C81,0,['Casa Giulietta'],Arena,"['Verona Tour', 'Museo Lapidario', 'Museo Radio', 'San Fermo', 'Sighseeing']",Castelvecchio,strategy_nearest,False,0.0028443336486816406,success
0427C0429C4C80,0,"['Arena', 'Casa Giulietta']",Torre Lamberti,"['Sighseeing', 'Centro Fotografia', 'Museo Conte', 'Palazzo della Ragione', 'AMO']",Giardino Giusti,strategy_nearest,False,0.0031919479370117188,success
0427C03A9C4C80,2,"['Torre Lamberti', 'Palazzo della Ragione']",Casa Giulietta,"['Centro Fotografia', 'Sighseeing', 'Museo Conte', 'Museo Radio', 'San Fermo']",San Zeno,strategy_nearest,False,0.0025959014892578125,success
0427C1429C4C80,0,['San Zeno'],Castelvecchio,"['Museo Lapidario', 'Verona Tour', 'Arena', 'Museo Radio', 'Sighseeing']",Arena,strategy_nearest,True,0.0020987987518310547,success
0427CB429C4C80,1,"['Arena', 'Palazzo della Ragione']",Torre Lamberti,"['Sighseeing', 'Centro Fotografia', 'Museo Conte', 'Casa Giulietta', 'AMO']",Casa Giulietta,strategy_nearest,True,0.003271818161010742,success
0427C73A9C4C80,1,"['Tomba Giulietta', 'Arena']",Casa Giulietta,"['Centro Fotografia', 'Sighseeing', 'Torre Lamberti', 'Museo Conte', 'Museo Radio']",Palazzo della Ragione,strategy_nearest,False,0.002228975296020508,success
0427C93A9C4C80,2,['San Zeno'],Castelvecchio,"['Museo Lapidario', 'Verona Tour', 'Arena', 'Museo Radio', 'Sighseeing']",Casa Giulietta,strategy_nearest,False,0.0027070045471191406,success
0427CE3A9C4C81,3,['Arena'],Santa Anastasia,"['AMO', 'Museo Conte', 'Palazzo della Ragione', 'Teatro Romano', 'Centro Fotografia']",Duomo,strategy_nearest,False,0.0012881755828857422,success
0427D83A9C4C80,2,['Teatro Romano'],Santa Anastasia,"['AMO', 'Museo Conte', 'Palazzo della Ragione', 'Centro Fotografia', 'Duomo']",Castelvecchio,strategy_nearest,False,0.0019328594207763672,success
0427D3429C4C81,0,['Torre Lamberti'],Arena,"['Verona Tour', 'Museo Lapidario', 'Museo Radio', 'San Fermo', 'Casa Giulietta']",Castelvecchio,strategy_nearest,False,0.0027217864990234375,success
0427E13A9C4C80,0,['Arena'],Tomba Giulietta,"['San Fermo', 'Museo Storia', 'Museo Lapidario', 'Museo Radio', 'Verona Tour']",Castelvecchio,strategy_nearest,False,0.003064870834350586,success
0427E83A9C4C80,2,['Torre Lamberti'],Giardino Giusti,"['Santa Anastasia', 'Teatro Romano', 'Museo Conte', 'Centro Fotografia', 'Museo Storia']",Duomo,strategy_nearest,False,0.0019369125366210938,success
0427E33A9C4C81,1,"['Arena', 'Castelvecchio']",Torre Lamberti,"['Sighseeing', 'Centro Fotografia', 'Museo Conte', 'Casa Giulietta', 'Palazzo della Ragione']",Palazzo della Ragione,strategy_nearest,True,0.0021080970764160156,success
0427F03A9C4C80,0,['Arena'],Casa Giulietta,"['Centro Fotografia', 'Sighseeing', 'Torre Lamberti', 'Museo Conte', 'Museo Radio']",Torre Lamberti,strategy_nearest,True,0.0027208328247070312,success
0427F33A9C4C80,2,['San Zeno'],Duomo,"['AMO', 'Museo Miniscalchi', 'Santa Anastasia', 'Teatro Romano', 'Palazzo della Ragione']",Torre Lamberti,strategy_nearest,False,0.003367900848388672,success
0427F53A9C4C80,0,['Arena'],Castelvecchio,"['Museo Lapidario', 'Verona Tour', 'Museo Radio', 'San Zeno', 'Sighseeing']",Casa Giulietta,strategy_nearest,False,0.0025911331176757812,success
0427F63A9C4C80,0,['Arena'],Castelvecchio,"['Museo Lapidario', 'Verona Tour', 'Museo Radio', 'San Zeno', 'Sighseeing']",Torre Lamberti,strategy_nearest,False,0.002402067184448242,success
0428643A9C4C80,1,"['Arena', 'Palazzo della Ragione', 'Torre Lamberti', 'Casa Giulietta', 'San Fermo']",Museo Storia,"['Museo Radio', 'Centro Fotografia', 'Tomba Giulietta', 'Sighseeing', 'Museo Conte']",Santa Anastasia,strategy_nearest,False,0.002285003662109375,success
04286D3A9C4C80,3,"['Arena', 'Museo Lapidario', 'Castelvecchio']",Torre Lamberti,"['Sighseeing', 'Centro Fotografia', 'Museo Conte', 'Casa Giulietta', 'Palazzo della Ragione']",San Fermo,strategy_nearest,False,0.0025589466094970703,success
0428784A9C4C80,0,['Arena'],Casa Giulietta,"['Centro Fotografia', 'Sighseeing', 'Torre Lamberti', 'Museo Conte', 'Museo Radio']",Torre Lamberti,strategy_nearest,True,0.0023899078369140625,success
0428733A9C4C80,3,"['Arena', 'Castelvecchio']",Casa Giulietta,"['Centro Fotografia', 'Sighseeing', 'Torre Lamberti', 'Museo Conte', 'Museo Radio']",Santa Anastasia,strategy_nearest,False,0.0024099349975585938,success
04287D3A9C4C80,0,"['Arena', 'Casa Giulietta']",Torre Lamberti,"['Sighseeing', 'Centro Fotografia', 'Museo Conte', 'Palazzo della Ragione', 'AMO']",Teatro Romano,strategy_nearest,False,0.0018281936645507812,success
04287B3A9C4C80,3,['Arena'],Torre Lamberti,"['Sighseeing', 'Centro Fotografia', 'Museo Conte', 'Casa Giulietta', 'Palazzo della Ragione']",Duomo,strategy_nearest,False,0.0016570091247558594,success
04287D429C4C80,0,['Arena'],Casa Giulietta,"['Centro Fotografia', 'Sighseeing', 'Torre Lamberti', 'Museo Conte', 'Museo Radio']",Tomba Giulietta,strategy_nearest,False,0.0024781227111816406,success
04287F4A9C4C80,3,"['Arena', 'Museo Lapidario', 'Castelvecchio']",Teatro Romano,"['Santa Anastasia', 'Duomo', 'AMO', 'Palazzo della Ragione', 'Museo Conte']",Torre Lamberti,strategy_nearest,False,0.003100872039794922,success
042885429C4C80,0,['Arena'],Museo Lapidario,"['Verona Tour', 'Castelvecchio', 'Museo Radio', 'San Fermo', 'Casa Giulietta']",Castelvecchio,strategy_nearest,True,0.001956939697265625,success
0428894A9C4C80,1,"['Arena', 'Castelvecchio']",Casa Giulietta,"['Centro Fotografia', 'Sighseeing', 'Torre Lamberti', 'Museo Conte', 'Museo Radio']",Palazzo della Ragione,strategy_nearest,False,0.002536773681640625,success
04288C429C4C80,3,['Arena'],Santa Anastasia,"['AMO', 'Museo Conte', 'Palazzo della Ragione', 'Teatro Romano', 'Centro Fotografia']",Torre Lamberti,strategy_nearest,False,0.002454042434692383,success
04288E4A9C4C80,1,"['Arena', 'Casa Giulietta']",Torre Lamberti,"['Sighseeing', 'Centro Fotografia', 'Museo Conte', 'Palazzo della Ragione', 'AMO']",Palazzo della Ragione,strategy_nearest,True,0.003026247024536133,success
0428A04A9C4C80,0,['Castelvecchio'],Arena,"['Verona Tour', 'Museo Lapidario', 'Museo Radio', 'San Fermo', 'Casa Giulietta']",Torre Lamberti,strategy_nearest,False,0.002021312713623047,success
0428A4429C4C80,0,"['Castelvecchio', 'Duomo']",Casa Giulietta,"['Centro Fotografia', 'Sighseeing', 'Torre Lamberti', 'Museo Conte', 'Museo Radio']",Arena,strategy_nearest,False,0.0026280879974365234,success
0428A44A9C4C81,3,['Arena'],Torre Lamberti,"['Sighseeing', 'Centro Fotografia', 'Museo Conte', 'Casa Giulietta', 'Palazzo della Ragione']",Santa Anastasia,strategy_nearest,False,0.0030922889709472656,success
0428A53A9C4C81,0,['Arena'],Casa Giulietta,"['Centro Fotografia', 'Sighseeing', 'Torre Lamberti', 'Museo Conte', 'Museo Radio']",Torre Lamberti,strategy_nearest,True,0.0016257762908935547,success
0428A74A9C4C80,1,"['Arena', 'Palazzo della Ragione', 'Torre Lamberti']",Santa Anastasia,"['AMO', 'Museo Conte', 'Teatro Romano', 'Centro Fotografia', 'Duomo']",Duomo,strategy_nearest,True,0.0026721954345703125,success
0428A5429C4C81,3,['Arena'],Santa Anastasia,"['AMO', 'Museo Conte', 'Palazzo della Ragione', 'Teatro Romano', 'Centro Fotografia']",Duomo,strategy_nearest,False,0.0026443004608154297,success
0428AC429C4C80,1,"['Casa Giulietta', 'Arena']",Palazzo della Ragione,"['AMO', 'Museo Conte', 'Torre Lamberti', 'Centro Fotografia', 'Sighseeing']",Museo Storia,strategy_nearest,False,0.0024199485778808594,success
0428AB3A9C4C80,3,"['Castelvecchio', 'Torre Lamberti', 'Santa Anastasia']",Duomo,"['AMO', 'Museo Miniscalchi', 'Teatro Romano', 'Palazzo della Ragione', 'Museo Conte']",Casa Giulietta,strategy_nearest,False,0.0032358169555664062,success
0428B4429C4C80,3,"['Casa Giulietta', 'Santa Anastasia']",Arena,"['Verona Tour', 'Museo Lapidario', 'Museo Radio', 'San Fermo', 'Sighseeing']",Castelvecchio,strategy_nearest,False,0.001867055892944336,success
0428B8429C4C80,3,"['Teatro Romano', 'Santa Anastasia', 'Duomo']",Casa Giulietta,"['Centro Fotografia', 'Sighseeing', 'Torre Lamberti', 'Museo Conte', 'Museo Radio']",Torre Lamberti,strategy_nearest,True,0.0020809173583984375,success
0428C0429C4C80,3,['Arena'],Torre Lamberti,"['Sighseeing', 'Centro Fotografia', 'Museo Conte', 'Casa Giulietta', 'Palazzo della Ragione']",Santa Anastasia,strategy_nearest,False,0.0026221275329589844,success
0428B93A9C4C80,3,['Arena'],Casa Giulietta,"['Centro Fotografia', 'Sighseeing', 'Torre Lamberti', 'Museo Conte', 'Museo Radio']",Santa Anastasia,strategy_nearest,False,0.003267049789428711,success
0428C23A9C4C80,3,"['Torre Lamberti', 'Santa Anastasia']",Castelvecchio,"['Museo Lapidario', 'Verona Tour', 'Arena', 'Museo Radio', 'San Zeno']",Casa Giulietta,strategy_nearest,False,0.002168893814086914,success
0428C6429C4C81,3,"['Arena', 'Casa Giulietta']",Santa Anastasia,"['AMO', 'Museo Conte', 'Palazzo della Ragione', 'Teatro Romano', 'Centro Fotografia']",Duomo,strategy_nearest,False,0.0016100406646728516,success
0428CA429C4C80,0,"['Arena', 'Casa Giulietta']",Torre Lamberti,"['Sighseeing', 'Centro Fotografia', 'Museo Conte', 'Palazzo della Ragione', 'AMO']",Teatro Romano,strategy_nearest,False,0.0028848648071289062,success
0428CB429C4C80,1,['Arena'],Casa Giulietta,"['Centro Fotografia', 'Sighseeing', 'Torre Lamberti', 'Museo Conte', 'Museo Radio']",Torre Lamberti,strategy_nearest,True,0.0027310848236083984,success
0428D03A9C4C80,0,['Arena'],Casa Giulietta,"['Centro Fotografia', 'Sighseeing', 'Torre Lamberti', 'Museo Conte', 'Museo Radio']",Torre Lamberti,strategy_nearest,True,0.0026900768280029297,success
0428E0429C4C80,2,"['Torre Lamberti', 'Palazzo della Ragione']",Duomo,"['AMO', 'Museo Miniscalchi', 'Santa Anastasia', 'Teatro Romano', 'Museo Conte']",San Fermo,strategy_nearest,False,0.0031921863555908203,success
0428E13A9C4C80,3,['Arena'],Torre Lamberti,"['Sighseeing', 'Centro Fotografia', 'Museo Conte', 'Casa Giulietta', 'Palazzo della Ragione']",Santa Anastasia,strategy_nearest,False,0.0027849674224853516,success
0428E33A9C4C80,3,['Arena'],Torre Lamberti,"['Sighseeing', 'Centro Fotografia', 'Museo Conte', 'Casa Giulietta', 'Palazzo della Ragione']",Santa Anastasia,strategy_nearest,False,0.002794027328491211,success
0428E1429C4C80,3,"['Arena', 'Castelvecchio']",Duomo,"['AMO', 'Museo Miniscalchi', 'Santa Anastasia', 'Teatro Romano', 'Palazzo della Ragione']",San Fermo,strategy_nearest,False,0.0023229122161865234,success
0428F23A9C4C80,0,['Arena'],Casa Giulietta,"['Centro Fotografia', 'Sighseeing', 'Torre Lamberti', 'Museo Conte', 'Museo Radio']",Torre Lamberti,strategy_nearest,True,0.003201007843017578,success
0428F63A9C4C80,0,['Arena'],Casa Giulietta,"['Centro Fotografia', 'Sighseeing', 'Torre Lamberti', 'Museo Conte', 'Museo Radio']",Torre Lamberti,strategy_nearest,True,0.0021767616271972656,success
0429633A9C4C81,1,"['Giardino Giusti', 'Santa Anastasia', 'Torre Lamberti', 'Palazzo della Ragione']",Arena,"['Verona Tour', 'Museo Lapidario', 'Museo Radio', 'San Fermo', 'Casa Giulietta']",Duomo,strategy_nearest,False,0.0019519329071044922,success
042962429C4C81,0,"['Arena', 'Castelvecchio']",Casa Giulietta,"['Centro Fotografia', 'Sighseeing', 'Torre Lamberti', 'Museo Conte', 'Museo Radio']",San Fermo,strategy_nearest,False,0.002568960189819336,success
04296B429C4C81,3,"['Arena', 'Santa Anastasia']",Duomo,"['AMO', 'Museo Miniscalchi', 'Teatro Romano', 'Palazzo della Ragione', 'Museo Conte']",Torre Lamberti,strategy_nearest,False,0.0025930404663085938,success
04296A429C4C81,2,"['San Fermo', 'Giardino Giusti']",Teatro Romano,"['Santa Anastasia', 'Duomo', 'AMO', 'Palazzo della Ragione', 'Museo Conte']",Duomo,strategy_nearest,True,0.003765106201171875,success
04296E3A9C4C80,0,['Arena'],Castelvecchio,"['Museo Lapidario', 'Verona Tour', 'Museo Radio', 'San Zeno', 'Sighseeing']",Giardino Giusti,strategy_nearest,False,0.0032498836517333984,success
04296D429C4C80,3,"['Casa Giulietta', 'Arena']",Tomba Giulietta,"['San Fermo', 'Museo Storia', 'Museo Lapidario', 'Museo Radio', 'Verona Tour']",Duomo,strategy_nearest,False,0.003108978271484375,success
042970429C4C81,0,['Arena'],Casa Giulietta,"['Centro Fotografia', 'Sighseeing', 'Torre Lamberti', 'Museo Conte', 'Museo Radio']",Museo Storia,strategy_nearest,False,0.0017321109771728516,success
042972429C4C81,0,"['Arena', 'Torre Lamberti']",Teatro Romano,"['Santa Anastasia', 'Duomo', 'AMO', 'Palazzo della Ragione', 'Museo Conte']",Casa Giulietta,strategy_nearest,False,0.0029129981994628906,success
0429723A9C4C81,2,"['Tomba Giulietta', 'San Fermo']",Torre Lamberti,"['Sighseeing', 'Centro Fotografia', 'Museo Conte', 'Casa Giulietta', 'Palazzo della Ragione']",Santa Anastasia,strategy_nearest,False,0.0023622512817382812,success
0429733A9C4C80,3,"['Arena', 'Santa Anastasia']",Teatro Romano,"['Duomo', 'AMO', 'Palazzo della Ragione', 'Museo Conte', 'Centro Fotografia']",Duomo,strategy_nearest,True,0.0035619735717773438,success
0429753A9C4C80,0,"['Tomba Giulietta', 'Castelvecchio']",San Zeno,"['Verona Tour', 'Museo Lapidario', 'Arena', 'Museo Miniscalchi', 'Sighseeing']",Arena,strategy_nearest,True,0.0019609928131103516,success
042979429C4C81,1,"['Arena', 'Palazzo della Ragione', 'Torre Lamberti']",Casa Giulietta,"['Centro Fotografia', 'Sighseeing', 'Museo Conte', 'Museo Radio', 'San Fermo']",Santa Anastasia,strategy_nearest,False,0.0018239021301269531,success
04297A3A9C4C80,1,"['Arena', 'Palazzo della Ragione', 'Torre Lamberti']",Santa Anastasia,"['AMO', 'Museo Conte', 'Teatro Romano', 'Centro Fotografia', 'Duomo']",Duomo,strategy_nearest,True,0.003329038619995117,success
04297A429C4C81,0,['Arena'],Casa Giulietta,"['Centro Fotografia', 'Sighseeing', 'Torre Lamberti', 'Museo Conte', 'Museo Radio']",Teatro Romano,strategy_nearest,False,0.002524852752685547,success
04297D3A9C4C81,3,"['Arena', 'Tomba Giulietta']",Casa Giulietta,"['Centro Fotografia', 'Sighseeing', 'Torre Lamberti', 'Museo Conte', 'Museo Radio']",Santa Anastasia,strategy_nearest,False,0.002608060836791992,success
04297E429C4C80,0,"['Arena', 'Teatro Romano']",Duomo,"['AMO', 'Museo Miniscalchi', 'Santa Anastasia', 'Palazzo della Ragione', 'Museo Conte']",Casa Giulietta,strategy_nearest,False,0.002009153366088867,success
042983429C4C81,3,"['Arena', 'Castelvecchio', 'Museo Lapidario']",Casa Giulietta,"['Centro Fotografia', 'Sighseeing', 'Torre Lamberti', 'Museo Conte', 'Museo Radio']",Santa Anastasia,strategy_nearest,False,0.0027010440826416016,success
042985429C4C80,3,"['Arena', 'Torre Lamberti']",Casa Giulietta,"['Centro Fotografia', 'Sighseeing', 'Museo Conte', 'Museo Radio', 'Palazzo della Ragione']",Santa Anastasia,strategy_nearest,False,0.0031270980834960938,success
042989429C4C80,3,"['Arena', 'San Fermo', 'Casa Giulietta']",Torre Lamberti,"['Sighseeing', 'Centro Fotografia', 'Museo Conte', 'Palazzo della Ragione', 'AMO']",Santa Anastasia,strategy_nearest,False,0.0018830299377441406,success
04298C3A9C4C80,1,['Arena'],Torre Lamberti,"['Sighseeing', 'Centro Fotografia', 'Museo Conte', 'Casa Giulietta', 'Palazzo della Ragione']",Palazzo della Ragione,strategy_nearest,True,0.002635955810546875,success
0429863A9C4C81,3,"['Arena', 'Casa Giulietta']",Torre Lamberti,"['Sighseeing', 'Centro Fotografia', 'Museo Conte', 'Palazzo della Ragione', 'AMO']",Santa Anastasia,strategy_nearest,False,0.003469705581665039,success
0429894A9C4C81,0,"['Museo Lapidario', 'Arena']",Casa Giulietta,"['Centro Fotografia', 'Sighseeing', 'Torre Lamberti', 'Museo Conte', 'Museo Radio']",San Fermo,strategy_nearest,False,0.0033159255981445312,success
04298E429C4C81,0,['Arena'],Teatro Romano,"['Santa Anastasia', 'Duomo', 'AMO', 'Palazzo della Ragione', 'Museo Conte']",Giardino Giusti,strategy_nearest,False,0.0020732879638671875,success
0429944A9C4C80,0,['Arena'],Casa Giulietta,"['Centro Fotografia', 'Sighseeing', 'Torre Lamberti', 'Museo Conte', 'Museo Radio']",Santa Anastasia,strategy_nearest,False,0.0020859241485595703,success
042994429C4C80,3,['Arena'],Casa Giulietta,"['Centro Fotografia', 'Sighseeing', 'Torre Lamberti', 'Museo Conte', 'Museo Radio']",Santa Anastasia,strategy_nearest,False,0.0028848648071289062,success
04299E429C4C81,0,"['Casa Giulietta', 'Casa Giulietta', 'Casa Giulietta']",Torre Lamberti,"['Sighseeing', 'Centro Fotografia', 'Museo Conte', 'Palazzo della Ragione', 'AMO']",Arena,strategy_nearest,False,0.0033092498779296875,success
0429A14A9C4C81,0,['San Zeno'],Casa Giulietta,"['Centro Fotografia', 'Sighseeing', 'Torre Lamberti', 'Museo Conte', 'Museo Radio']",Arena,strategy_nearest,False,0.00215911865234375,success
0429A24A9C4C80,0,['Arena'],Casa Giulietta,"['Centro Fotografia', 'Sighseeing', 'Torre Lamberti', 'Museo Conte', 'Museo Radio']",Tomba Giulietta,strategy_nearest,False,0.0017399787902832031,success
0429A8429C4C80,0,['Castelvecchio'],Casa Giulietta,"['Centro Fotografia', 'Sighseeing', 'Torre Lamberti', 'Museo Conte', 'Museo Radio']",Arena,strategy_nearest,False,0.003031015396118164,success
0429A44A9C4C81,0,['Arena'],Castelvecchio,"['Museo Lapidario', 'Verona Tour', 'Museo Radio', 'San Zeno', 'Sighseeing']",Duomo,strategy_nearest,False,0.0027780532836914062,success
0429A44A9C4C80,0,['Arena'],Casa Giulietta,"['Centro Fotografia', 'Sighseeing', 'Torre Lamberti', 'Museo Conte', 'Museo Radio']",Torre Lamberti,strategy_nearest,True,0.0022699832916259766,success
0429A9429C4C81,0,['Arena'],Tomba Giulietta,"['San Fermo', 'Museo Storia', 'Museo Lapidario', 'Museo Radio', 'Verona Tour']",Teatro Romano,strategy_nearest,False,0.002962827682495117,success
0429AA429C4C80,2,['Casa Giulietta'],Santa Anastasia,"['AMO', 'Museo Conte', 'Palazzo della Ragione', 'Teatro Romano', 'Centro Fotografia']",Duomo,strategy_nearest,False,0.002774953842163086,success
0429AB429C4C81,3,['Torre Lamberti'],Arena,"['Verona Tour', 'Museo Lapidario', 'Museo Radio', 'San Fermo', 'Casa Giulietta']",Santa Anastasia,strategy_nearest,False,0.0020017623901367188,success
0429AC429C4C81,0,['Arena'],Castelvecchio,"['Museo Lapidario', 'Verona Tour', 'Museo Radio', 'San Zeno', 'Sighseeing']",Duomo,strategy_nearest,False,0.0032548904418945312,success
0429AD429C4C81,0,['Casa Giulietta'],Torre Lamberti,"['Sighseeing', 'Centro Fotografia', 'Museo Conte', 'Palazzo della Ragione', 'AMO']",Arena,strategy_nearest,False,0.002086162567138672,success
0429B2429C4C81,0,['Arena'],Tomba Giulietta,"['San Fermo', 'Museo Storia', 'Museo Lapidario', 'Museo Radio', 'Verona Tour']",Castelvecchio,strategy_nearest,False,0.00267791748046875,success
0429B33A9C4C80,0,['Duomo'],Torre Lamberti,"['Sighseeing', 'Centro Fotografia', 'Museo Conte', 'Casa Giulietta', 'Palazzo della Ragione']",Arena,strategy_nearest,False,0.0025877952575683594,success
0429B33A9C4C81,1,"['Arena', 'Casa Giulietta']",Torre Lamberti,"['Sighseeing', 'Centro Fotografia', 'Museo Conte', 'Palazzo della Ragione', 'AMO']",Palazzo della Ragione,strategy_nearest,True,0.003231048583984375,success
0429B93A9C4C80,3,"['Arena', 'Castelvecchio']",Torre Lamberti,"['Sighseeing', 'Centro Fotografia', 'Museo Conte', 'Casa Giulietta', 'Palazzo della Ragione']",Santa Anastasia,strategy_nearest,False,0.0025811195373535156,success
0429B93A9C4C81,0,['Arena'],Casa Giulietta,"['Centro Fotografia', 'Sighseeing', 'Torre Lamberti', 'Museo Conte', 'Museo Radio']",Torre Lamberti,strategy_nearest,True,0.002566099166870117,success
0429B9429C4C81,0,['Arena'],Torre Lamberti,"['Sighseeing', 'Centro Fotografia', 'Museo Conte', 'Casa Giulietta', 'Palazzo della Ragione']",Casa Giulietta,strategy_nearest,True,0.002354860305786133,success
0429BA3A9C4C81,1,"['Arena', 'Tomba Giulietta']",Torre Lamberti,"['Sighseeing', 'Centro Fotografia', 'Museo Conte', 'Casa Giulietta', 'Palazzo della Ragione']",Palazzo della Ragione,strategy_nearest,True,0.0028200149536132812,success
0429BA429C4C80,0,['Casa Giulietta'],Arena,"['Verona Tour', 'Museo Lapidario', 'Museo Radio', 'San Fermo', 'Sighseeing']",San Fermo,strategy_nearest,True,0.002565145492553711,success
0429BC3A9C4C81,3,"['Arena', 'Torre Lamberti']",Santa Anastasia,"['AMO', 'Museo Conte', 'Palazzo della Ragione', 'Teatro Romano', 'Centro Fotografia']",Teatro Romano,strategy_nearest,True,0.0025811195373535156,success
0429BE429C4C80,3,['Casa Giulietta'],Torre Lamberti,"['Sighseeing', 'Centro Fotografia', 'Museo Conte', 'Palazzo della Ragione', 'AMO']",Santa Anastasia,strategy_nearest,False,0.003793954849243164,success
0429C13A9C4C80,0,['Arena'],Casa Giulietta,"['Centro Fotografia', 'Sighseeing', 'Torre Lamberti', 'Museo Conte', 'Museo Radio']",Castelvecchio,strategy_nearest,False,0.002585887908935547,success
0429C8429C4C81,2,"['Castelvecchio', 'Santa Anastasia']",Duomo,"['AMO', 'Museo Miniscalchi', 'Teatro Romano', 'Palazzo della Ragione', 'Museo Conte']",Casa Giulietta,strategy_nearest,False,0.004100799560546875,success
0429C83A9C4C81,0,"['Castelvecchio', 'Tomba Giulietta']",San Fermo,"['Museo Storia', 'Museo Radio', 'Casa Giulietta', 'Centro Fotografia', 'Arena']",Casa Giulietta,strategy_nearest,True,0.003686189651489258,success
0429C9429C4C80,1,"['Arena', 'Museo Lapidario', 'Castelvecchio']",Santa Anastasia,"['AMO', 'Museo Conte', 'Palazzo della Ragione', 'Teatro Romano', 'Centro Fotografia']",Casa Giulietta,strategy_nearest,False,0.005971193313598633,success
0429CA3A9C4C81,1,"['Tomba Giulietta', 'Casa Giulietta']",Palazzo della Ragione,"['AMO', 'Museo Conte', 'Torre Lamberti', 'Centro Fotografia', 'Sighseeing']",Torre Lamberti,strategy_nearest,True,0.004878997802734375,success
0429CE429C4C81,2,['Teatro Romano'],Torre Lamberti,"['Sighseeing', 'Centro Fotografia', 'Museo Conte', 'Casa Giulietta', 'Palazzo della Ragione']",San Zeno,strategy_nearest,False,0.006442070007324219,success
0429CB3A9C4C80,3,"['Arena', 'Torre Lamberti']",Santa Anastasia,"['AMO', 'Museo Conte', 'Palazzo della Ragione', 'Teatro Romano', 'Centro Fotografia']",Duomo,strategy_nearest,False,0.008204936981201172,success
0429D73A9C4C80,1,"['Arena', 'Casa Giulietta']",Torre Lamberti,"['Sighseeing', 'Centro Fotografia', 'Museo Conte', 'Palazzo della Ragione', 'AMO']",Palazzo della Ragione,strategy_nearest,True,0.0037109851837158203,success
0429E93A9C4C80,3,"['Arena', 'Casa Giulietta']",Torre Lamberti,"['Sighseeing', 'Centro Fotografia', 'Museo Conte', 'Palazzo della Ragione', 'AMO']",Santa Anastasia,strategy_nearest,False,0.002933025360107422,success
0429F03A9C4C80,3,"['Casa Giulietta', 'Arena', 'Torre Lamberti']",Santa Anastasia,"['AMO', 'Museo Conte', 'Palazzo della Ragione', 'Teatro Romano', 'Centro Fotografia']",Duomo,strategy_nearest,False,0.0041120052337646484,success
0429D03A9C4C80,1,['Arena'],Torre Lamberti,"['Sighseeing', 'Centro Fotografia', 'Museo Conte', 'Casa Giulietta', 'Palazzo della Ragione']",Palazzo della Ragione,strategy_nearest,True,0.002288818359375,success
0429F73A9C4C80,0,['Arena'],Museo Lapidario,"['Verona Tour', 'Castelvecchio', 'Museo Radio', 'San Fermo', 'Casa Giulietta']",San Fermo,strategy_nearest,True,0.0012400150299072266,success
042A5F429C4C80,3,"['Arena', 'Santa Anastasia']",San Zeno,"['Castelvecchio', 'Verona Tour', 'Museo Lapidario', 'Museo Miniscalchi', 'Sighseeing']",San Fermo,strategy_nearest,False,0.0024361610412597656,success
042A603A9C4C81,2,['Teatro Romano'],Duomo,"['AMO', 'Museo Miniscalchi', 'Santa Anastasia', 'Palazzo della Ragione', 'Museo Conte']",Casa Giulietta,strategy_nearest,False,0.0036590099334716797,success
042A633A9C4C80,1,"['Torre Lamberti', 'Palazzo della Ragione', 'Castelvecchio', 'Casa Giulietta']",Santa Anastasia,"['AMO', 'Museo Conte', 'Teatro Romano', 'Centro Fotografia', 'Duomo']",Duomo,strategy_nearest,True,0.0029990673065185547,success
042A6B429C4C80,0,['Arena'],Torre Lamberti,"['Sighseeing', 'Centro Fotografia', 'Museo Conte', 'Casa Giulietta', 'Palazzo della Ragione']",Casa Giulietta,strategy_nearest,True,0.0029718875885009766,success
042A6F429C4C81,0,['Arena'],Casa Giulietta,"['Centro Fotografia', 'Sighseeing', 'Torre Lamberti', 'Museo Conte', 'Museo Radio']",Torre Lamberti,strategy_nearest,True,0.0019600391387939453,success
042A70429C4C81,1,"['Arena', 'Torre Lamberti']",Palazzo della Ragione,"['AMO', 'Museo Conte', 'Centro Fotografia', 'Sighseeing', 'Santa Anastasia']",Casa Giulietta,strategy_nearest,False,0.0027811527252197266,success
042A753A9C4C80,1,"['Arena', 'Duomo']",Torre Lamberti,"['Sighseeing', 'Centro Fotografia', 'Museo Conte', 'Casa Giulietta', 'Palazzo della Ragione']",Palazzo della Ragione,strategy_nearest,True,0.0033020973205566406,success
042A753A9C4C81,2,"['Castelvecchio', 'Casa Giulietta', 'Torre Lamberti']",Palazzo della Ragione,"['AMO', 'Museo Conte', 'Centro Fotografia', 'Sighseeing', 'Santa Anastasia']",Santa Anastasia,strategy_nearest,True,0.0025527477264404297,success
042A763A9C4C80,2,['Casa Giulietta'],Santa Anastasia,"['AMO', 'Museo Conte', 'Palazzo della Ragione', 'Teatro Romano', 'Centro Fotografia']",Castelvecchio,strategy_nearest,False,0.003202676773071289,success
042A773A9C4C81,1,"['Arena', 'Torre Lamberti', 'Palazzo della Ragione']",Casa Giulietta,"['Centro Fotografia', 'Sighseeing', 'Museo Conte', 'Museo Radio', 'San Fermo']",San Fermo,strategy_nearest,True,0.0025811195373535156,success
042A7B3A9C4C81,0,['Arena'],Casa Giulietta,"['Centro Fotografia', 'Sighseeing', 'Torre Lamberti', 'Museo Conte', 'Museo Radio']",Teatro Romano,strategy_nearest,False,0.0023920536041259766,success
042A783A9C4C81,3,['Casa Giulietta'],Arena,"['Verona Tour', 'Museo Lapidario', 'Museo Radio', 'San Fermo', 'Sighseeing']",Santa Anastasia,strategy_nearest,False,0.0018627643585205078,success
042A84429C4C81,0,['Arena'],Casa Giulietta,"['Centro Fotografia', 'Sighseeing', 'Torre Lamberti', 'Museo Conte', 'Museo Radio']",Castelvecchio,strategy_nearest,False,0.003072023391723633,success
042A7E4A9C4C80,0,['Arena'],Castelvecchio,"['Museo Lapidario', 'Verona Tour', 'Museo Radio', 'San Zeno', 'Sighseeing']",Casa Giulietta,strategy_nearest,False,0.0027451515197753906,success
042A864A9C4C80,3,"['Arena', 'Teatro Romano']",Santa Anastasia,"['AMO', 'Museo Conte', 'Palazzo della Ragione', 'Centro Fotografia', 'Duomo']",Torre Lamberti,strategy_nearest,False,0.0024797916412353516,success
042A854A9C4C80,0,['Arena'],Casa Giulietta,"['Centro Fotografia', 'Sighseeing', 'Torre Lamberti', 'Museo Conte', 'Museo Radio']",Torre Lamberti,strategy_nearest,True,0.0026040077209472656,success
042A8B4A9C4C81,3,"['Arena', 'Torre Lamberti']",Santa Anastasia,"['AMO', 'Museo Conte', 'Palazzo della Ragione', 'Teatro Romano', 'Centro Fotografia']",Giardino Giusti,strategy_nearest,False,0.0032339096069335938,success
042A8D4A9C4C80,3,"['Teatro Romano', 'Santa Anastasia']",Casa Giulietta,"['Centro Fotografia', 'Sighseeing', 'Torre Lamberti', 'Museo Conte', 'Museo Radio']",Arena,strategy_nearest,False,0.0024471282958984375,success
042A903A9C4C81,3,"['Arena', 'Casa Giulietta']",Torre Lamberti,"['Sighseeing', 'Centro Fotografia', 'Museo Conte', 'Palazzo della Ragione', 'AMO']",Santa Anastasia,strategy_nearest,False,0.0026378631591796875,success
042A974A9C4C81,1,['Arena'],Torre Lamberti,"['Sighseeing', 'Centro Fotografia', 'Museo Conte', 'Casa Giulietta', 'Palazzo della Ragione']",Palazzo della Ragione,strategy_nearest,True,0.002850055694580078,success
042AA0429C4C80,3,"['Teatro Romano', 'Giardino Giusti', 'Casa Giulietta']",Torre Lamberti,"['Sighseeing', 'Centro Fotografia', 'Museo Conte', 'Palazzo della Ragione', 'AMO']",Arena,strategy_nearest,False,0.002002239227294922,success
042AA54A9C4C81,3,"['Arena', 'Casa Giulietta']",Santa Anastasia,"['AMO', 'Museo Conte', 'Palazzo della Ragione', 'Teatro Romano', 'Centro Fotografia']",Teatro Romano,strategy_nearest,True,0.0021271705627441406,success
042AAA4A9C4C81,3,"['Arena', 'Museo Lapidario']",Casa Giulietta,"['Centro Fotografia', 'Sighseeing', 'Torre Lamberti', 'Museo Conte', 'Museo Radio']",Santa Anastasia,strategy_nearest,False,0.0024569034576416016,success
042AA8429C4C81,1,['Arena'],Palazzo della Ragione,"['AMO', 'Museo Conte', 'Torre Lamberti', 'Centro Fotografia', 'Sighseeing']",Casa Giulietta,strategy_nearest,False,0.0033440589904785156,success
042AAF3A9C4C81,3,"['Santa Anastasia', 'Castelvecchio']",Arena,"['Verona Tour', 'Museo Lapidario', 'Museo Radio', 'San Fermo', 'Casa Giulietta']",Duomo,strategy_nearest,False,0.002107858657836914,success
042AB0429C4C81,0,['Arena'],Duomo,"['AMO', 'Museo Miniscalchi', 'Santa Anastasia', 'Teatro Romano', 'Palazzo della Ragione']",Casa Giulietta,strategy_nearest,False,0.0019519329071044922,success
042AAC429C4C80,0,"['Arena', 'Castelvecchio']",Torre Lamberti,"['Sighseeing', 'Centro Fotografia', 'Museo Conte', 'Casa Giulietta', 'Palazzo della Ragione']",Casa Giulietta,strategy_nearest,True,0.003926992416381836,success
042AB2429C4C81,0,['Arena'],San Fermo,"['Museo Storia', 'Museo Radio', 'Casa Giulietta', 'Centro Fotografia', 'Sighseeing']",Torre Lamberti,strategy_nearest,False,0.001477956771850586,success
042AB3429C4C80,3,"['Arena', 'San Fermo']",Torre Lamberti,"['Sighseeing', 'Centro Fotografia', 'Museo Conte', 'Casa Giulietta', 'Palazzo della Ragione']",Santa Anastasia,strategy_nearest,False,0.002238035202026367,success
042AB63A9C4C81,0,['Arena'],Casa Giulietta,"['Centro Fotografia', 'Sighseeing', 'Torre Lamberti', 'Museo Conte', 'Museo Radio']",Torre Lamberti,strategy_nearest,True,0.0033059120178222656,success
042AB6429C4C81,3,['Arena'],Torre Lamberti,"['Sighseeing', 'Centro Fotografia', 'Museo Conte', 'Casa Giulietta', 'Palazzo della Ragione']",Santa Anastasia,strategy_nearest,False,0.002553701400756836,success
042ABB3A9C4C81,3,"['Arena', 'Casa Giulietta']",Torre Lamberti,"['Sighseeing', 'Centro Fotografia', 'Museo Conte', 'Palazzo della Ragione', 'AMO']",Santa Anastasia,strategy_nearest,False,0.0019609928131103516,success
042AB73A9C4C81,1,"['Casa Giulietta', 'Torre Lamberti']",Palazzo della Ragione,"['AMO', 'Museo Conte', 'Centro Fotografia', 'Sighseeing', 'Santa Anastasia']",Arena,strategy_nearest,False,0.0016369819641113281,success
042AB8429C4C81,3,['Arena'],San Fermo,"['Museo Storia', 'Museo Radio', 'Casa Giulietta', 'Centro Fotografia', 'Sighseeing']",Santa Anastasia,strategy_nearest,False,0.0033957958221435547,success
042AB9429C4C81,0,['Arena'],Museo Lapidario,"['Verona Tour', 'Castelvecchio', 'Museo Radio', 'San Fermo', 'Casa Giulietta']",Casa Giulietta,strategy_nearest,True,0.0027151107788085938,success
042AC03A9C4C80,0,['Arena'],Torre Lamberti,"['Sighseeing', 'Centro Fotografia', 'Museo Conte', 'Casa Giulietta', 'Palazzo della Ragione']",Casa Giulietta,strategy_nearest,True,0.001615762710571289,success
042ABC429C4C80,3,"['Arena', 'San Fermo', 'Torre Lamberti']",Santa Anastasia,"['AMO', 'Museo Conte', 'Palazzo della Ragione', 'Teatro Romano', 'Centro Fotografia']",Teatro Romano,strategy_nearest,True,0.0022509098052978516,success
042AC23A9C4C80,2,['Castelvecchio'],Casa Giulietta,"['Centro Fotografia', 'Sighseeing', 'Torre Lamberti', 'Museo Conte', 'Museo Radio']",Torre Lamberti,strategy_nearest,True,0.002605915069580078,success
042AC13A9C4C80,0,['Arena'],Casa Giulietta,"['Centro Fotografia', 'Sighseeing', 'Torre Lamberti', 'Museo Conte', 'Museo Radio']",Santa Anastasia,strategy_nearest,False,0.003389120101928711,success
042AC53A9C4C81,1,"['Torre Lamberti', 'Palazzo della Ragione']",Casa Giulietta,"['Centro Fotografia', 'Sighseeing', 'Museo Conte', 'Museo Radio', 'San Fermo']",Arena,strategy_nearest,False,0.0015170574188232422,success
042AC2429C4C80,0,['Teatro Romano'],Torre Lamberti,"['Sighseeing', 'Centro Fotografia', 'Museo Conte', 'Casa Giulietta', 'Palazzo della Ragione']",Arena,strategy_nearest,False,0.003320932388305664,success
042AC8429C4C80,3,"['Santa Anastasia', 'Torre Lamberti']",Casa Giulietta,"['Centro Fotografia', 'Sighseeing', 'Museo Conte', 'Museo Radio', 'Palazzo della Ragione']",Arena,strategy_nearest,False,0.0031430721282958984,success
042AC83A9C4C80,2,['Torre Lamberti'],Palazzo della Ragione,"['AMO', 'Museo Conte', 'Centro Fotografia', 'Sighseeing', 'Santa Anastasia']",Santa Anastasia,strategy_nearest,True,0.0019731521606445312,success
042ACD3A9C4C80,0,['Arena'],Santa Anastasia,"['AMO', 'Museo Conte', 'Palazzo della Ragione', 'Teatro Romano', 'Centro Fotografia']",Casa Giulietta,strategy_nearest,False,0.0014891624450683594,success
042ACF429C4C81,2,"['Casa Giulietta', 'Torre Lamberti']",Tomba Giulietta,"['San Fermo', 'Museo Storia', 'Arena', 'Museo Lapidario', 'Museo Radio']",Castelvecchio,strategy_nearest,False,0.0018110275268554688,success
042ACF3A9C4C80,1,"['Arena', 'Casa Giulietta']",Torre Lamberti,"['Sighseeing', 'Centro Fotografia', 'Museo Conte', 'Palazzo della Ragione', 'AMO']",Palazzo della Ragione,strategy_nearest,True,0.0028448104858398438,success
042AD1429C4C80,3,"['Arena', 'Castelvecchio']",Santa Anastasia,"['AMO', 'Museo Conte', 'Palazzo della Ragione', 'Teatro Romano', 'Centro Fotografia']",San Zeno,strategy_nearest,False,0.002471923828125,success
042AD73A9C4C80,0,"['Casa Giulietta', 'Castelvecchio']",Arena,"['Verona Tour', 'Museo Lapidario', 'Museo Radio', 'San Fermo', 'Sighseeing']",Torre Lamberti,strategy_nearest,False,0.0018038749694824219,success
042AD7429C4C80,1,"['Torre Lamberti', 'Casa Giulietta', 'Palazzo della Ragione']",Castelvecchio,"['Museo Lapidario', 'Verona Tour', 'Arena', 'Museo Radio', 'San Zeno']",Arena,strategy_nearest,True,0.0031578540802001953,success
042ADC3A9C4C80,2,['Casa Giulietta'],Santa Anastasia,"['AMO', 'Museo Conte', 'Palazzo della Ragione', 'Teatro Romano', 'Centro Fotografia']",Duomo,strategy_nearest,False,0.001809835433959961,success
042ADF3A9C4C80,2,"['Duomo', 'Tomba Giulietta']",Casa Giulietta,"['Centro Fotografia', 'Sighseeing', 'Torre Lamberti', 'Museo Conte', 'Museo Radio']",Torre Lamberti,strategy_nearest,True,0.0034248828887939453,success
042AE53A9C4C80,3,"['Arena', 'San Fermo', 'Casa Giulietta']",Torre Lamberti,"['Sighseeing', 'Centro Fotografia', 'Museo Conte', 'Palazzo della Ragione', 'AMO']",Santa Anastasia,strategy_nearest,False,0.0023202896118164062,success
042AE5429C4C80,3,"['San Zeno', 'Castelvecchio', 'Casa Giulietta']",Arena,"['Verona Tour', 'Museo Lapidario', 'Museo Radio', 'San Fermo', 'Sighseeing']",Torre Lamberti,strategy_nearest,False,0.0029261112213134766,success
042AEB429C4C80,2,"['Santa Anastasia', 'Duomo', 'Tomba Giulietta']",Casa Giulietta,"['Centro Fotografia', 'Sighseeing', 'Torre Lamberti', 'Museo Conte', 'Museo Radio']",Teatro Romano,strategy_nearest,False,0.0015621185302734375,success
042AF03A9C4C80,3,['Arena'],San Fermo,"['Museo Storia', 'Museo Radio', 'Casa Giulietta', 'Centro Fotografia', 'Sighseeing']",Santa Anastasia,strategy_nearest,False,0.0032281875610351562,success
042AED3A9C4C80,0,['Duomo'],Arena,"['Verona Tour', 'Museo Lapidario', 'Museo Radio', 'San Fermo', 'Casa Giulietta']",Castelvecchio,strategy_nearest,False,0.0028700828552246094,success
042AF33A9C4C80,2,['Torre Lamberti'],Santa Anastasia,"['AMO', 'Museo Conte', 'Palazzo della Ragione', 'Teatro Romano', 'Centro Fotografia']",Duomo,strategy_nearest,False,0.0020380020141601562,success
042AF43A9C4C80,3,"['Arena', 'Casa Giulietta']",Duomo,"['AMO', 'Museo Miniscalchi', 'Santa Anastasia', 'Teatro Romano', 'Palazzo della Ragione']",Teatro Romano,strategy_nearest,True,0.002524852752685547,success
042AF0429C4C80,1,"['Casa Giulietta', 'Torre Lamberti', 'Palazzo della Ragione', 'Santa Anastasia']",Duomo,"['AMO', 'Museo Miniscalchi', 'Teatro Romano', 'Museo Conte', 'Centro Fotografia']",Arena,strategy_nearest,False,0.0026979446411132812,success
042AFB3A9C4C80,0,['Arena'],Torre Lamberti,"['Sighseeing', 'Centro Fotografia', 'Museo Conte', 'Casa Giulietta', 'Palazzo della Ragione']",Casa Giulietta,strategy_nearest,True,0.003161191940307617,success
042B69429C4C81,3,['Arena'],Santa Anastasia,"['AMO', 'Museo Conte', 'Palazzo della Ragione', 'Teatro Romano', 'Centro Fotografia']",Duomo,strategy_nearest,False,0.00304412841796875,success
042B643A9C4C81,2,"['Casa Giulietta', 'San Fermo']",Castelvecchio,"['Museo Lapidario', 'Verona Tour', 'Arena', 'Museo Radio', 'San Zeno']",Duomo,strategy_nearest,False,0.0017638206481933594,success
042B61429C4C80,2,"['Tomba Giulietta', 'Palazzo della Ragione']",Torre Lamberti,"['Sighseeing', 'Centro Fotografia', 'Museo Conte', 'Casa Giulietta', 'AMO']",Casa Giulietta,strategy_nearest,True,0.002740144729614258,success
042B6A429C4C80,3,"['Arena', 'San Fermo']",Torre Lamberti,"['Sighseeing', 'Centro Fotografia', 'Museo Conte', 'Casa Giulietta', 'Palazzo della Ragione']",Santa Anastasia,strategy_nearest,False,0.0017359256744384766,success
042B6B429C4C80,0,"['San Fermo', 'Arena']",San Zeno,"['Castelvecchio', 'Verona Tour', 'Museo Lapidario', 'Museo Miniscalchi', 'Sighseeing']",Casa Giulietta,strategy_nearest,False,0.0017511844635009766,success
042B733A9C4C81,0,['Arena'],Casa Giulietta,"['Centro Fotografia', 'Sighseeing', 'Torre Lamberti', 'Museo Conte', 'Museo Radio']",Santa Anastasia,strategy_nearest,False,0.0024929046630859375,success
042B6E429C4C80,3,"['Arena', 'Torre Lamberti']",Casa Giulietta,"['Centro Fotografia', 'Sighseeing', 'Museo Conte', 'Museo Radio', 'Palazzo della Ragione']",Castelvecchio,strategy_nearest,False,0.003342151641845703,success
042B743A9C4C81,1,"['Arena', 'Casa Giulietta']",Palazzo della Ragione,"['AMO', 'Museo Conte', 'Torre Lamberti', 'Centro Fotografia', 'Sighseeing']",Torre Lamberti,strategy_nearest,True,0.002262115478515625,success
042B763A9C4C81,3,"['Castelvecchio', 'Arena']",Casa Giulietta,"['Centro Fotografia', 'Sighseeing', 'Torre Lamberti', 'Museo Conte', 'Museo Radio']",Torre Lamberti,strategy_nearest,True,0.0021941661834716797,success
042B793A9C4C81,3,"['Casa Giulietta', 'Arena']",Castelvecchio,"['Museo Lapidario', 'Verona Tour', 'Museo Radio', 'San Zeno', 'Sighseeing']",Santa Anastasia,strategy_nearest,False,0.0026578903198242188,success
042B7C4A9C4C80,0,['Arena'],Castelvecchio,"['Museo Lapidario', 'Verona Tour', 'Museo Radio', 'San Zeno', 'Sighseeing']",San Zeno,strategy_nearest,True,0.0025539398193359375,success
042B7F3A9C4C80,0,['Torre Lamberti'],San Zeno,"['Castelvecchio', 'Verona Tour', 'Museo Lapidario', 'Arena', 'Museo Miniscalchi']",Arena,strategy_nearest,True,0.0024628639221191406,success
042B883A9C4C81,0,['Arena'],Casa Giulietta,"['Centro Fotografia', 'Sighseeing', 'Torre Lamberti', 'Museo Conte', 'Museo Radio']",Torre Lamberti,strategy_nearest,True,0.0017859935760498047,success
042B863A9C4C81,0,['Arena'],San Zeno,"['Castelvecchio', 'Verona Tour', 'Museo Lapidario', 'Museo Miniscalchi', 'Sighseeing']",Castelvecchio,strategy_nearest,True,0.0032758712768554688,success
042B894A9C4C80,0,['Arena'],Casa Giulietta,"['Centro Fotografia', 'Sighseeing', 'Torre Lamberti', 'Museo Conte', 'Museo Radio']",Teatro Romano,strategy_nearest,False,0.0020999908447265625,success
042B8A4A9C4C81,0,['Casa Giulietta'],Arena,"['Verona Tour', 'Museo Lapidario', 'Museo Radio', 'San Fermo', 'Sighseeing']",Torre Lamberti,strategy_nearest,False,0.001984834671020508,success
042B8C3A9C4C81,0,['Arena'],Torre Lamberti,"['Sighseeing', 'Centro Fotografia', 'Museo Conte', 'Casa Giulietta', 'Palazzo della Ragione']",Casa Giulietta,strategy_nearest,True,0.0019702911376953125,success
042B90429C4C81,3,"['Arena', 'Museo Lapidario', 'Castelvecchio']",Casa Giulietta,"['Centro Fotografia', 'Sighseeing', 'Torre Lamberti', 'Museo Conte', 'Museo Radio']",Torre Lamberti,strategy_nearest,True,0.0025739669799804688,success
042B92429C4C81,0,['Arena'],Torre Lamberti,"['Sighseeing', 'Centro Fotografia', 'Museo Conte', 'Casa Giulietta', 'Palazzo della Ragione']",Casa Giulietta,strategy_nearest,True,0.0031490325927734375,success
042B924A9C4C80,1,"['Teatro Romano', 'Santa Anastasia']",Palazzo della Ragione,"['AMO', 'Museo Conte', 'Torre Lamberti', 'Centro Fotografia', 'Sighseeing']",Torre Lamberti,strategy_nearest,True,0.0025720596313476562,success
042BA4429C4C81,0,['Arena'],Santa Anastasia,"['AMO', 'Museo Conte', 'Palazzo della Ragione', 'Teatro Romano', 'Centro Fotografia']",Casa Giulietta,strategy_nearest,False,0.002410888671875,success
042BAA429C4C81,0,['Castelvecchio'],Arena,"['Verona Tour', 'Museo Lapidario', 'Museo Radio', 'San Fermo', 'Casa Giulietta']",Casa Giulietta,strategy_nearest,True,0.0017189979553222656,success
042BA7429C4C81,1,"['Arena', 'Casa Giulietta', 'Palazzo della Ragione']",Torre Lamberti,"['Sighseeing', 'Centro Fotografia', 'Museo Conte', 'AMO', 'Museo Miniscalchi']",Santa Anastasia,strategy_nearest,False,0.0034580230712890625,success
042BAA4A9C4C81,1,"['Arena', 'Teatro Romano']",Santa Anastasia,"['AMO', 'Museo Conte', 'Palazzo della Ragione', 'Centro Fotografia', 'Duomo']",Palazzo della Ragione,strategy_nearest,True,0.0023937225341796875,success
042BAC429C4C80,3,"['Arena', 'Casa Giulietta']",Santa Anastasia,"['AMO', 'Museo Conte', 'Palazzo della Ragione', 'Teatro Romano', 'Centro Fotografia']",Duomo,strategy_nearest,False,0.002279043197631836,success
042BAD429C4C81,3,"['Arena', 'Duomo']",Santa Anastasia,"['AMO', 'Museo Conte', 'Palazzo della Ragione', 'Teatro Romano', 'Centro Fotografia']",Casa Giulietta,strategy_nearest,False,0.0022881031036376953,success
042BB23A9C4C81,0,['Arena'],Casa Giulietta,"['Centro Fotografia', 'Sighseeing', 'Torre Lamberti', 'Museo Conte', 'Museo Radio']",Santa Anastasia,strategy_nearest,False,0.002550840377807617,success
042BB03A9C4C80,1,"['Arena', 'Museo Lapidario', 'Tomba Giulietta', 'San Fermo']",Giardino Giusti,"['Santa Anastasia', 'Teatro Romano', 'Museo Conte', 'Centro Fotografia', 'Museo Storia']",Torre Lamberti,strategy_nearest,False,0.0020051002502441406,success
042BB5429C4C81,2,['Castelvecchio'],Casa Giulietta,"['Centro Fotografia', 'Sighseeing', 'Torre Lamberti', 'Museo Conte', 'Museo Radio']",Palazzo della Ragione,strategy_nearest,False,0.0027320384979248047,success
042BB7429C4C80,0,['Arena'],Torre Lamberti,"['Sighseeing', 'Centro Fotografia', 'Museo Conte', 'Casa Giulietta', 'Palazzo della Ragione']",Casa Giulietta,strategy_nearest,True,0.0031790733337402344,success
042BB9429C4C81,2,['Castelvecchio'],San Zeno,"['Verona Tour', 'Museo Lapidario', 'Arena', 'Museo Miniscalchi', 'Sighseeing']",Teatro Romano,strategy_nearest,False,0.0015177726745605469,success
042BBB3A9C4C80,1,['Arena'],Torre Lamberti,"['Sighseeing', 'Centro Fotografia', 'Museo Conte', 'Casa Giulietta', 'Palazzo della Ragione']",Palazzo della Ragione,strategy_nearest,True,0.0020248889923095703,success
042BBC3A9C4C81,0,['Arena'],Casa Giulietta,"['Centro Fotografia', 'Sighseeing', 'Torre Lamberti', 'Museo Conte', 'Museo Radio']",Torre Lamberti,strategy_nearest,True,0.0027260780334472656,success
042BBE3A9C4C80,3,"['Arena', 'Museo Lapidario']",Castelvecchio,"['Verona Tour', 'Museo Radio', 'San Zeno', 'Sighseeing', 'Museo Miniscalchi']",Santa Anastasia,strategy_nearest,False,0.0032699108123779297,success
042BC0429C4C80,3,['Casa Giulietta'],Torre Lamberti,"['Sighseeing', 'Centro Fotografia', 'Museo Conte', 'Palazzo della Ragione', 'AMO']",Santa Anastasia,strategy_nearest,False,0.0016069412231445312,success
042BC13A9C4C80,3,['Arena'],Santa Anastasia,"['AMO', 'Museo Conte', 'Palazzo della Ragione', 'Teatro Romano', 'Centro Fotografia']",Teatro Romano,strategy_nearest,True,0.0021708011627197266,success
042BC73A9C4C80,3,"['Duomo', 'Torre Lamberti']",Arena,"['Verona Tour', 'Museo Lapidario', 'Museo Radio', 'San Fermo', 'Casa Giulietta']",San Fermo,strategy_nearest,True,0.003256082534790039,success
042BBE3A9C4C81,0,['Arena'],Museo Lapidario,"['Verona Tour', 'Castelvecchio', 'Museo Radio', 'San Fermo', 'Casa Giulietta']",Torre Lamberti,strategy_nearest,False,0.002917051315307617,success
042BC83A9C4C80,2,['Castelvecchio'],Casa Giulietta,"['Centro Fotografia', 'Sighseeing', 'Torre Lamberti', 'Museo Conte', 'Museo Radio']",San Fermo,strategy_nearest,False,0.002287149429321289,success
042BC93A9C4C81,0,['Arena'],Casa Giulietta,"['Centro Fotografia', 'Sighseeing', 'Torre Lamberti', 'Museo Conte', 'Museo Radio']",Palazzo della Ragione,strategy_nearest,False,0.002655029296875,success
042BCC429C4C80,0,['Arena'],Santa Anastasia,"['AMO', 'Museo Conte', 'Palazzo della Ragione', 'Teatro Romano', 'Centro Fotografia']",Casa Giulietta,strategy_nearest,False,0.0030930042266845703,success
042BC9429C4C81,0,['Casa Giulietta'],Arena,"['Verona Tour', 'Museo Lapidario', 'Museo Radio', 'San Fermo', 'Sighseeing']",Tomba Giulietta,strategy_nearest,False,0.0019159317016601562,success
042BD0429C4C81,2,['Casa Giulietta'],Santa Anastasia,"['AMO', 'Museo Conte', 'Palazzo della Ragione', 'Teatro Romano', 'Centro Fotografia']",Duomo,strategy_nearest,False,0.002454996109008789,success
042BD5429C4C81,0,"['Arena', 'Casa Giulietta']",Castelvecchio,"['Museo Lapidario', 'Verona Tour', 'Museo Radio', 'San Zeno', 'Sighseeing']",Arena,strategy_nearest,False,0.0030319690704345703,success
042BD53A9C4C80,0,['Arena'],Casa Giulietta,"['Centro Fotografia', 'Sighseeing', 'Torre Lamberti', 'Museo Conte', 'Museo Radio']",Duomo,strategy_nearest,False,0.0027031898498535156,success
042BD1429C4C80,3,"['Arena', 'Castelvecchio']",Santa Anastasia,"['AMO', 'Museo Conte', 'Palazzo della Ragione', 'Teatro Romano', 'Centro Fotografia']",San Zeno,strategy_nearest,False,0.0021562576293945312,success
042BE13A9C4C80,3,"['Arena', 'Santa Anastasia']",Duomo,"['AMO', 'Museo Miniscalchi', 'Teatro Romano', 'Palazzo della Ragione', 'Museo Conte']",Casa Giulietta,strategy_nearest,False,0.002618074417114258,success
042BD83A9C4C81,2,"['Casa Giulietta', 'Palazzo della Ragione']",Torre Lamberti,"['Sighseeing', 'Centro Fotografia', 'Museo Conte', 'AMO', 'Museo Miniscalchi']",Santa Anastasia,strategy_nearest,False,0.0020399093627929688,success
042BD63A9C4C81,1,"['Arena', 'Casa Giulietta']",Torre Lamberti,"['Sighseeing', 'Centro Fotografia', 'Museo Conte', 'Palazzo della Ragione', 'AMO']",Palazzo della Ragione,strategy_nearest,True,0.0014870166778564453,success
042BE3429C4C80,0,"['Arena', 'Casa Giulietta']",Museo Lapidario,"['Verona Tour', 'Castelvecchio', 'Museo Radio', 'San Fermo', 'Tomba Giulietta']",Castelvecchio,strategy_nearest,True,0.003635883331298828,success
042BE7429C4C80,3,"['Casa Giulietta', 'Santa Anastasia', 'Torre Lamberti']",Arena,"['Verona Tour', 'Museo Lapidario', 'Museo Radio', 'San Fermo', 'Sighseeing']",Duomo,strategy_nearest,False,0.0018961429595947266,success
042BE83A9C4C80,1,"['Arena', 'Santa Anastasia', 'Duomo']",Teatro Romano,"['AMO', 'Palazzo della Ragione', 'Museo Conte', 'Centro Fotografia', 'Museo Miniscalchi']",Torre Lamberti,strategy_nearest,False,0.002886056900024414,success
042BE8429C4C80,0,"['Giardino Giusti', 'Casa Giulietta']",Castelvecchio,"['Museo Lapidario', 'Verona Tour', 'Arena', 'Museo Radio', 'San Zeno']",San Zeno,strategy_nearest,True,0.0032682418823242188,success
042BE93A9C4C80,1,"['Torre Lamberti', 'Palazzo della Ragione']",Casa Giulietta,"['Centro Fotografia', 'Sighseeing', 'Museo Conte', 'Museo Radio', 'San Fermo']",Arena,strategy_nearest,False,0.002408742904663086,success
042BFB3A9C4C80,3,['Arena'],Casa Giulietta,"['Centro Fotografia', 'Sighseeing', 'Torre Lamberti', 'Museo Conte', 'Museo Radio']",Santa Anastasia,strategy_nearest,False,0.0028429031372070312,success
042BF23A9C4C80,0,['Castelvecchio'],Torre Lamberti,"['Sighseeing', 'Centro Fotografia', 'Museo Conte', 'Casa Giulietta', 'Palazzo della Ragione']",Casa Giulietta,strategy_nearest,True,0.0017218589782714844,success
042C3C429C4C80,1,"['Arena', 'Casa Giulietta', 'Santa Anastasia']",Castelvecchio,"['Museo Lapidario', 'Verona Tour', 'Museo Radio', 'San Zeno', 'Sighseeing']",Palazzo della Ragione,strategy_nearest,False,0.0024099349975585938,success
042C3A4A9C4C80,1,"['Casa Giulietta', 'Torre Lamberti']",Palazzo della Ragione,"['AMO', 'Museo Conte', 'Centro Fotografia', 'Sighseeing', 'Santa Anastasia']",Arena,strategy_nearest,False,0.0032558441162109375,success
042C4F429C4C80,3,"['Arena', 'Casa Giulietta']",Torre Lamberti,"['Sighseeing', 'Centro Fotografia', 'Museo Conte', 'Palazzo della Ragione', 'AMO']",Santa Anastasia,strategy_nearest,False,0.0030808448791503906,success
042C543A9C4C80,0,['Arena'],Castelvecchio,"['Museo Lapidario', 'Verona Tour', 'Museo Radio', 'San Zeno', 'Sighseeing']",Duomo,strategy_nearest,False,0.0034868717193603516,success
042C5C429C4C80,1,"['Arena', 'Museo Lapidario', 'Casa Giulietta']",Palazzo della Ragione,"['AMO', 'Museo Conte', 'Torre Lamberti', 'Centro Fotografia', 'Sighseeing']",Torre Lamberti,strategy_nearest,True,0.0022449493408203125,success
042C54429C4C80,3,"['Arena', 'Casa Giulietta']",Santa Anastasia,"['AMO', 'Museo Conte', 'Palazzo della Ragione', 'Teatro Romano', 'Centro Fotografia']",Duomo,strategy_nearest,False,0.0014951229095458984,success
042C6C429C4C80,3,"['Casa Giulietta', 'Torre Lamberti']",Santa Anastasia,"['AMO', 'Museo Conte', 'Palazzo della Ragione', 'Teatro Romano', 'Centro Fotografia']",Castelvecchio,strategy_nearest,False,0.003535747528076172,success
042C61429C4C81,0,['Casa Giulietta'],Torre Lamberti,"['Sighseeing', 'Centro Fotografia', 'Museo Conte', 'Palazzo della Ragione', 'AMO']",Teatro Romano,strategy_nearest,False,0.003116130828857422,success
042C713A9C4C81,0,"['Arena', 'Tomba Giulietta']",Casa Giulietta,"['Centro Fotografia', 'Sighseeing', 'Torre Lamberti', 'Museo Conte', 'Museo Radio']",Torre Lamberti,strategy_nearest,True,0.0014617443084716797,success
042C703A9C4C80,1,"['Arena', 'San Fermo', 'Casa Giulietta']",Palazzo della Ragione,"['AMO', 'Museo Conte', 'Torre Lamberti', 'Centro Fotografia', 'Sighseeing']",Torre Lamberti,strategy_nearest,True,0.002759218215942383,success
042C753A9C4C81,3,"['Arena', 'Museo Lapidario', 'Castelvecchio']",Casa Giulietta,"['Centro Fotografia', 'Sighseeing', 'Torre Lamberti', 'Museo Conte', 'Museo Radio']",Torre Lamberti,strategy_nearest,True,0.0036780834197998047,success
042C7A3A9C4C81,0,"['Casa Giulietta', 'Duomo']",Torre Lamberti,"['Sighseeing', 'Centro Fotografia', 'Museo Conte', 'Palazzo della Ragione', 'AMO']",Arena,strategy_nearest,False,0.004302024841308594,success
042C743A9C4C81,0,['Arena'],Casa Giulietta,"['Centro Fotografia', 'Sighseeing', 'Torre Lamberti', 'Museo Conte', 'Museo Radio']",Torre Lamberti,strategy_nearest,True,0.002875089645385742,success
042C733A9C4C80,0,['Castelvecchio'],Arena,"['Verona Tour', 'Museo Lapidario', 'Museo Radio', 'San Fermo', 'Casa Giulietta']",Torre Lamberti,strategy_nearest,False,0.004153251647949219,success
042C7D3A9C4C80,0,['Arena'],Torre Lamberti,"['Sighseeing', 'Centro Fotografia', 'Museo Conte', 'Casa Giulietta', 'Palazzo della Ragione']",Casa Giulietta,strategy_nearest,True,0.0023260116577148438,success
042C7B429C4C81,1,"['Arena', 'Casa Giulietta']",Torre Lamberti,"['Sighseeing', 'Centro Fotografia', 'Museo Conte', 'Palazzo della Ragione', 'AMO']",Palazzo della Ragione,strategy_nearest,True,0.004539966583251953,success
042C823A9C4C80,0,['Arena'],Palazzo della Ragione,"['AMO', 'Museo Conte', 'Torre Lamberti', 'Centro Fotografia', 'Sighseeing']",Casa Giulietta,strategy_nearest,False,0.005181789398193359,success
042C7A4A9C4C80,3,"['Arena', 'Casa Giulietta', 'Torre Lamberti']",Santa Anastasia,"['AMO', 'Museo Conte', 'Palazzo della Ragione', 'Teatro Romano', 'Centro Fotografia']",Duomo,strategy_nearest,False,0.006410837173461914,success
042C873A9C4C80,0,['Arena'],Torre Lamberti,"['Sighseeing', 'Centro Fotografia', 'Museo Conte', 'Casa Giulietta', 'Palazzo della Ragione']",Teatro Romano,strategy_nearest,False,0.001959085464477539,success
042C824A9C4C80,2,"['Tomba Giulietta', 'San Fermo', 'Casa Giulietta']",Torre Lamberti,"['Sighseeing', 'Centro Fotografia', 'Museo Conte', 'Palazzo della Ragione', 'AMO']",Santa Anastasia,strategy_nearest,False,0.00434565544128418,success
042C863A9C4C80,2,['Torre Lamberti'],Casa Giulietta,"['Centro Fotografia', 'Sighseeing', 'Museo Conte', 'Museo Radio', 'Palazzo della Ragione']",Santa Anastasia,strategy_nearest,False,0.0033948421478271484,success
042C8C4A9C4C80,2,"['Teatro Romano', 'Santa Anastasia']",Torre Lamberti,"['Sighseeing', 'Centro Fotografia', 'Museo Conte', 'Casa Giulietta', 'Palazzo della Ragione']",Casa Giulietta,strategy_nearest,True,0.003021717071533203,success
042C8B4A9C4C80,0,['Arena'],Casa Giulietta,"['Centro Fotografia', 'Sighseeing', 'Torre Lamberti', 'Museo Conte', 'Museo Radio']",San Zeno,strategy_nearest,False,0.0016331672668457031,success
042C8D4A9C4C80,3,"['Arena', 'San Fermo']",Santa Anastasia,"['AMO', 'Museo Conte', 'Palazzo della Ragione', 'Teatro Romano', 'Centro Fotografia']",Duomo,strategy_nearest,False,0.0034728050231933594,success
042C893A9C4C81,0,['Arena'],Casa Giulietta,"['Centro Fotografia', 'Sighseeing', 'Torre Lamberti', 'Museo Conte', 'Museo Radio']",Torre Lamberti,strategy_nearest,True,0.003061056137084961,success
042C8E3A9C4C81,1,['Torre Lamberti'],Palazzo della Ragione,"['AMO', 'Museo Conte', 'Centro Fotografia', 'Sighseeing', 'Santa Anastasia']",Casa Giulietta,strategy_nearest,False,0.003014802932739258,success
042C954A9C4C80,0,['Casa Giulietta'],Arena,"['Verona Tour', 'Museo Lapidario', 'Museo Radio', 'San Fermo', 'Sighseeing']",Tomba Giulietta,strategy_nearest,False,0.0032491683959960938,success
042C95429C4C81,2,['Castelvecchio'],Casa Giulietta,"['Centro Fotografia', 'Sighseeing', 'Torre Lamberti', 'Museo Conte', 'Museo Radio']",Tomba Giulietta,strategy_nearest,False,0.0016429424285888672,success
042C94429C4C80,1,"['Arena', 'Museo Lapidario', 'Castelvecchio', 'Torre Lamberti']",Palazzo della Ragione,"['AMO', 'Museo Conte', 'Centro Fotografia', 'Sighseeing', 'Santa Anastasia']",Casa Giulietta,strategy_nearest,False,0.0028040409088134766,success
042C96429C4C81,3,['Arena'],Santa Anastasia,"['AMO', 'Museo Conte', 'Palazzo della Ragione', 'Teatro Romano', 'Centro Fotografia']",Teatro Romano,strategy_nearest,True,0.0014998912811279297,success
042CA53A9C4C81,2,['Castelvecchio'],Duomo,"['AMO', 'Museo Miniscalchi', 'Santa Anastasia', 'Teatro Romano', 'Palazzo della Ragione']",Teatro Romano,strategy_nearest,True,0.0020570755004882812,success
042CA73A9C4C81,3,['Arena'],Casa Giulietta,"['Centro Fotografia', 'Sighseeing', 'Torre Lamberti', 'Museo Conte', 'Museo Radio']",Santa Anastasia,strategy_nearest,False,0.0029518604278564453,success
042CAA429C4C80,1,"['Arena', 'Casa Giulietta']",Palazzo della Ragione,"['AMO', 'Museo Conte', 'Torre Lamberti', 'Centro Fotografia', 'Sighseeing']",Torre Lamberti,strategy_nearest,True,0.0033788681030273438,success
042CAC429C4C81,2,['Teatro Romano'],Castelvecchio,"['Museo Lapidario', 'Verona Tour', 'Arena', 'Museo Radio', 'San Zeno']",Giardino Giusti,strategy_nearest,False,0.0025959014892578125,success
042CAF429C4C80,0,['Arena'],Castelvecchio,"['Museo Lapidario', 'Verona Tour', 'Museo Radio', 'San Zeno', 'Sighseeing']",Casa Giulietta,strategy_nearest,False,0.0018208026885986328,success
042CAE429C4C81,0,['Arena'],Casa Giulietta,"['Centro Fotografia', 'Sighseeing', 'Torre Lamberti', 'Museo Conte', 'Museo Radio']",Torre Lamberti,strategy_nearest,True,0.0026121139526367188,success
042CB2429C4C80,0,['Arena'],Casa Giulietta,"['Centro Fotografia', 'Sighseeing', 'Torre Lamberti', 'Museo Conte', 'Museo Radio']",Santa Anastasia,strategy_nearest,False,0.0026612281799316406,success
042CB33A9C4C81,3,"['Arena', 'Casa Giulietta']",Torre Lamberti,"['Sighseeing', 'Centro Fotografia', 'Museo Conte', 'Palazzo della Ragione', 'AMO']",Santa Anastasia,strategy_nearest,False,0.002021312713623047,success
042CBC3A9C4C80,0,['Arena'],Casa Giulietta,"['Centro Fotografia', 'Sighseeing', 'Torre Lamberti', 'Museo Conte', 'Museo Radio']",Castelvecchio,strategy_nearest,False,0.0027778148651123047,success
042CBC3A9C4C81,3,"['Arena', 'Casa Giulietta']",Santa Anastasia,"['AMO', 'Museo Conte', 'Palazzo della Ragione', 'Teatro Romano', 'Centro Fotografia']",Duomo,strategy_nearest,False,0.003451824188232422,success
042CBD3A9C4C81,3,"['Arena', 'Castelvecchio']",San Zeno,"['Verona Tour', 'Museo Lapidario', 'Museo Miniscalchi', 'Sighseeing', 'Museo Radio']",Torre Lamberti,strategy_nearest,False,0.0041370391845703125,success
042CBE3A9C4C81,0,['Arena'],Casa Giulietta,"['Centro Fotografia', 'Sighseeing', 'Torre Lamberti', 'Museo Conte', 'Museo Radio']",Tomba Giulietta,strategy_nearest,False,0.002582073211669922,success
042CC03A9C4C81,1,"['Casa Giulietta', 'Torre Lamberti']",Palazzo della Ragione,"['AMO', 'Museo Conte', 'Centro Fotografia', 'Sighseeing', 'Santa Anastasia']",Arena,strategy_nearest,False,0.003690958023071289,success
042CC63A9C4C81,1,['Torre Lamberti'],Casa Giulietta,"['Centro Fotografia', 'Sighseeing', 'Museo Conte', 'Museo Radio', 'Palazzo della Ragione']",Palazzo della Ragione,strategy_nearest,True,0.0023310184478759766,success
042CC0429C4C81,2,['Casa Giulietta'],Torre Lamberti,"['Sighseeing', 'Centro Fotografia', 'Museo Conte', 'Palazzo della Ragione', 'AMO']",Duomo,strategy_nearest,False,0.001188039779663086,success
042CC53A9C4C81,3,"['Torre Lamberti', 'Casa Giulietta']",San Zeno,"['Castelvecchio', 'Verona Tour', 'Museo Lapidario', 'Arena', 'Museo Miniscalchi']",Santa Anastasia,strategy_nearest,False,0.0029938220977783203,success
042CC73A9C4C81,1,"['Arena', 'Casa Giulietta']",Palazzo della Ragione,"['AMO', 'Museo Conte', 'Torre Lamberti', 'Centro Fotografia', 'Sighseeing']",Torre Lamberti,strategy_nearest,True,0.0034041404724121094,success
042CC8429C4C80,3,"['San Fermo', 'Santa Anastasia']",Casa Giulietta,"['Centro Fotografia', 'Sighseeing', 'Torre Lamberti', 'Museo Conte', 'Museo Radio']",Duomo,strategy_nearest,False,0.0015239715576171875,success
042CCA429C4C81,0,['Arena'],Castelvecchio,"['Museo Lapidario', 'Verona Tour', 'Museo Radio', 'San Zeno', 'Sighseeing']",Tomba Giulietta,strategy_nearest,False,0.0021059513092041016,success
042CC8429C4C81,0,['Arena'],Castelvecchio,"['Museo Lapidario', 'Verona Tour', 'Museo Radio', 'San Zeno', 'Sighseeing']",Torre Lamberti,strategy_nearest,False,0.002747774124145508,success
042CCF429C4C81,2,"['Torre Lamberti', 'San Fermo']",Giardino Giusti,"['Santa Anastasia', 'Teatro Romano', 'Museo Conte', 'Centro Fotografia', 'Museo Storia']",San Zeno,strategy_nearest,False,0.0033669471740722656,success
042CD3429C4C81,2,"['Casa Giulietta', 'San Fermo']",San Zeno,"['Castelvecchio', 'Verona Tour', 'Museo Lapidario', 'Arena', 'Museo Miniscalchi']",Castelvecchio,strategy_nearest,True,0.0019431114196777344,success
042CD6429C4C80,1,"['Torre Lamberti', 'Palazzo della Ragione', 'Santa Anastasia', 'Duomo']",Teatro Romano,"['AMO', 'Museo Conte', 'Centro Fotografia', 'Museo Miniscalchi', 'Giardino Giusti']",Giardino Giusti,strategy_nearest,True,0.002553224563598633,success
042CD9429C4C81,0,['Arena'],Castelvecchio,"['Museo Lapidario', 'Verona Tour', 'Museo Radio', 'San Zeno', 'Sighseeing']",Giardino Giusti,strategy_nearest,False,0.003325223922729492,success
042CE13A9C4C80,3,"['Arena', 'Castelvecchio']",Duomo,"['AMO', 'Museo Miniscalchi', 'Santa Anastasia', 'Teatro Romano', 'Palazzo della Ragione']",Santa Anastasia,strategy_nearest,True,0.0029447078704833984,success
042CEC429C4C80,2,"['Casa Giulietta', 'Torre Lamberti', 'Santa Anastasia']",Duomo,"['AMO', 'Museo Miniscalchi', 'Teatro Romano', 'Palazzo della Ragione', 'Museo Conte']",Castelvecchio,strategy_nearest,False,0.0025250911712646484,success
042CE33A9C4C80,3,"['Arena', 'San Zeno']",Castelvecchio,"['Museo Lapidario', 'Verona Tour', 'Museo Radio', 'Sighseeing', 'Museo Miniscalchi']",San Fermo,strategy_nearest,False,0.002644062042236328,success
042CF63A9C4C80,1,"['Arena', 'Castelvecchio', 'Palazzo della Ragione']",Torre Lamberti,"['Sighseeing', 'Centro Fotografia', 'Museo Conte', 'Casa Giulietta', 'AMO']",Casa Giulietta,strategy_nearest,True,0.00327301025390625,success
042CF0429C4C80,2,['Teatro Romano'],Castelvecchio,"['Museo Lapidario', 'Verona Tour', 'Arena', 'Museo Radio', 'San Zeno']",San Zeno,strategy_nearest,True,0.0025436878204345703,success
042CFA3A9C4C80,6,['Arena'],Torre Lamberti,"['Sighseeing', 'Centro Fotografia', 'Museo Conte', 'Casa Giulietta', 'Palazzo della Ragione']",Casa Giulietta,strategy_nearest,True,0.0021169185638427734,success
042D3A4A9C4C80,0,"['Tomba Giulietta', 'Arena']",Casa Giulietta,"['Centro Fotografia', 'Sighseeing', 'Torre Lamberti', 'Museo Conte', 'Museo Radio']",Teatro Romano,strategy_nearest,False,0.002092123031616211,success
042D394A9C4C80,3,"['Arena', 'Museo Lapidario']",Castelvecchio,"['Verona Tour', 'Museo Radio', 'San Zeno', 'Sighseeing', 'Museo Miniscalchi']",Duomo,strategy_nearest,False,0.0033597946166992188,success
042D3C429C4C80,3,"['San Zeno', 'Arena']",Casa Giulietta,"['Centro Fotografia', 'Sighseeing', 'Torre Lamberti', 'Museo Conte', 'Museo Radio']",Torre Lamberti,strategy_nearest,True,0.003011941909790039,success
042D3E429C4C80,1,['Arena'],Casa Giulietta,"['Centro Fotografia', 'Sighseeing', 'Torre Lamberti', 'Museo Conte', 'Museo Radio']",Palazzo della Ragione,strategy_nearest,False,0.0017108917236328125,success
042D4D3A9C4C80,1,"['Duomo', 'Torre Lamberti', 'Palazzo della Ragione']",Casa Giulietta,"['Centro Fotografia', 'Sighseeing', 'Museo Conte', 'Museo Radio', 'San Fermo']",Arena,strategy_nearest,False,0.002578258514404297,success
042D4F429C4C80,0,['Arena'],Casa Giulietta,"['Centro Fotografia', 'Sighseeing', 'Torre Lamberti', 'Museo Conte', 'Museo Radio']",Torre Lamberti,strategy_nearest,True,0.003223896026611328,success
042D51429C4C80,3,"['Museo Lapidario', 'Arena']",San Fermo,"['Museo Storia', 'Museo Radio', 'Casa Giulietta', 'Centro Fotografia', 'Sighseeing']",Casa Giulietta,strategy_nearest,True,0.0015978813171386719,success
042D513A9C4C80,2,"['Santa Anastasia', 'Tomba Giulietta', 'Teatro Romano', 'Duomo']",Casa Giulietta,"['Centro Fotografia', 'Sighseeing', 'Torre Lamberti', 'Museo Conte', 'Museo Radio']",Castelvecchio,strategy_nearest,False,0.002276897430419922,success
042D713A9C4C81,0,['Arena'],Casa Giulietta,"['Centro Fotografia', 'Sighseeing', 'Torre Lamberti', 'Museo Conte', 'Museo Radio']",Castelvecchio,strategy_nearest,False,0.0020782947540283203,success
042D663A9C4C80,0,"['Arena', 'San Zeno']",Castelvecchio,"['Museo Lapidario', 'Verona Tour', 'Museo Radio', 'Sighseeing', 'Museo Miniscalchi']",Teatro Romano,strategy_nearest,False,0.002270936965942383,success
042D723A9C4C80,3,"['Castelvecchio', 'Arena', 'Casa Giulietta']",Torre Lamberti,"['Sighseeing', 'Centro Fotografia', 'Museo Conte', 'Palazzo della Ragione', 'AMO']",Santa Anastasia,strategy_nearest,False,0.002405881881713867,success
042D53429C4C80,0,['Arena'],Torre Lamberti,"['Sighseeing', 'Centro Fotografia', 'Museo Conte', 'Casa Giulietta', 'Palazzo della Ragione']",Casa Giulietta,strategy_nearest,True,0.0040569305419921875,success
042D75429C4C81,0,['Arena'],Torre Lamberti,"['Sighseeing', 'Centro Fotografia', 'Museo Conte', 'Casa Giulietta', 'Palazzo della Ragione']",Casa Giulietta,strategy_nearest,True,0.0012862682342529297,success
042D763A9C4C80,1,"['San Fermo', 'Palazzo della Ragione', 'Torre Lamberti']",Casa Giulietta,"['Centro Fotografia', 'Sighseeing', 'Museo Conte', 'Museo Radio', 'AMO']",Santa Anastasia,strategy_nearest,False,0.0021228790283203125,success
042D78429C4C81,1,"['Arena', 'Casa Giulietta', 'Torre Lamberti']",Palazzo della Ragione,"['AMO', 'Museo Conte', 'Centro Fotografia', 'Sighseeing', 'Santa Anastasia']",Santa Anastasia,strategy_nearest,True,0.0027091503143310547,success
042D793A9C4C80,3,"['Arena', 'Casa Giulietta']",San Fermo,"['Museo Storia', 'Museo Radio', 'Centro Fotografia', 'Sighseeing', 'Torre Lamberti']",Santa Anastasia,strategy_nearest,False,0.003113985061645508,success
042D7A429C4C81,3,"['Arena', 'San Fermo', 'Casa Giulietta']",Torre Lamberti,"['Sighseeing', 'Centro Fotografia', 'Museo Conte', 'Palazzo della Ragione', 'AMO']",Duomo,strategy_nearest,False,0.002227783203125,success
042D84429C4C80,0,['Arena'],Torre Lamberti,"['Sighseeing', 'Centro Fotografia', 'Museo Conte', 'Casa Giulietta', 'Palazzo della Ragione']",Casa Giulietta,strategy_nearest,True,0.0025222301483154297,success
042D83429C4C80,0,"['Arena', 'Museo Lapidario']",Castelvecchio,"['Verona Tour', 'Museo Radio', 'San Zeno', 'Sighseeing', 'Museo Miniscalchi']",Casa Giulietta,strategy_nearest,False,0.0019898414611816406,success
042D863A9C4C80,0,['Arena'],San Fermo,"['Museo Storia', 'Museo Radio', 'Casa Giulietta', 'Centro Fotografia', 'Sighseeing']",Castelvecchio,strategy_nearest,False,0.0026078224182128906,success
042D86429C4C80,3,"['Arena', 'Castelvecchio']",Santa Anastasia,"['AMO', 'Museo Conte', 'Palazzo della Ragione', 'Teatro Romano', 'Centro Fotografia']",Duomo,strategy_nearest,False,0.0024521350860595703,success
042D893A9C4C80,3,"['Arena', 'Tomba Giulietta']",Giardino Giusti,"['Santa Anastasia', 'Teatro Romano', 'Museo Conte', 'Centro Fotografia', 'Museo Storia']",Santa Anastasia,strategy_nearest,True,0.0017561912536621094,success
042D8B3A9C4C80,2,['Casa Giulietta'],Torre Lamberti,"['Sighseeing', 'Centro Fotografia', 'Museo Conte', 'Palazzo della Ragione', 'AMO']",Santa Anastasia,strategy_nearest,False,0.002020120620727539,success
042D8B429C4C81,3,"['Arena', 'Castelvecchio', 'San Zeno']",Torre Lamberti,"['Sighseeing', 'Centro Fotografia', 'Museo Conte', 'Casa Giulietta', 'Palazzo della Ragione']",Casa Giulietta,strategy_nearest,True,0.002493143081665039,success
042D8B3A9C4C81,3,"['Santa Anastasia', 'Arena', 'Casa Giulietta']",Torre Lamberti,"['Sighseeing', 'Centro Fotografia', 'Museo Conte', 'Palazzo della Ragione', 'AMO']",Castelvecchio,strategy_nearest,False,0.0020568370819091797,success
042D8D4A9C4C81,0,['Arena'],Castelvecchio,"['Museo Lapidario', 'Verona Tour', 'Museo Radio', 'San Zeno', 'Sighseeing']",Torre Lamberti,strategy_nearest,False,0.0029058456420898438,success
042D8F4A9C4C81,0,['Casa Giulietta'],Arena,"['Verona Tour', 'Museo Lapidario', 'Museo Radio', 'San Fermo', 'Sighseeing']",Tomba Giulietta,strategy_nearest,False,0.002019166946411133,success
042D914A9C4C80,2,"['Santa Anastasia', 'Palazzo della Ragione']",San Fermo,"['Museo Storia', 'Museo Radio', 'Casa Giulietta', 'Centro Fotografia', 'Arena']",Museo Storia,strategy_nearest,True,0.00255584716796875,success
042D9A4A9C4C81,0,"['Arena', 'Casa Giulietta', 'Teatro Romano']",Torre Lamberti,"['Sighseeing', 'Centro Fotografia', 'Museo Conte', 'Palazzo della Ragione', 'AMO']",San Fermo,strategy_nearest,False,0.003239870071411133,success
042D9C429C4C80,3,"['Arena', 'Torre Lamberti']",Casa Giulietta,"['Centro Fotografia', 'Sighseeing', 'Museo Conte', 'Museo Radio', 'Palazzo della Ragione']",Santa Anastasia,strategy_nearest,False,0.002918720245361328,success
042DA1429C4C80,0,['Arena'],Casa Giulietta,"['Centro Fotografia', 'Sighseeing', 'Torre Lamberti', 'Museo Conte', 'Museo Radio']",San Fermo,strategy_nearest,False,0.0023560523986816406,success
042DA44A9C4C80,0,['Arena'],Casa Giulietta,"['Centro Fotografia', 'Sighseeing', 'Torre Lamberti', 'Museo Conte', 'Museo Radio']",Castelvecchio,strategy_nearest,False,0.00249481201171875,success
042DA64A9C4C81,1,['Arena'],Casa Giulietta,"['Centro Fotografia', 'Sighseeing', 'Torre Lamberti', 'Museo Conte', 'Museo Radio']",Torre Lamberti,strategy_nearest,True,0.0032291412353515625,success
042DA74A9C4C81,3,['Arena'],Santa Anastasia,"['AMO', 'Museo Conte', 'Palazzo della Ragione', 'Teatro Romano', 'Centro Fotografia']",Duomo,strategy_nearest,False,0.0019888877868652344,success
042DAE429C4C80,0,['Arena'],Casa Giulietta,"['Centro Fotografia', 'Sighseeing', 'Torre Lamberti', 'Museo Conte', 'Museo Radio']",Tomba Giulietta,strategy_nearest,False,0.0025968551635742188,success
042DAE429C4C81,0,"['Arena', 'Castelvecchio']",Torre Lamberti,"['Sighseeing', 'Centro Fotografia', 'Museo Conte', 'Casa Giulietta', 'Palazzo della Ragione']",Casa Giulietta,strategy_nearest,True,0.0025360584259033203,success
042DAF429C4C80,3,"['Arena', 'Castelvecchio', 'San Zeno']",Duomo,"['AMO', 'Museo Miniscalchi', 'Santa Anastasia', 'Teatro Romano', 'Palazzo della Ragione']",Santa Anastasia,strategy_nearest,True,0.0025148391723632812,success
042DAF429C4C81,1,['Arena'],Torre Lamberti,"['Sighseeing', 'Centro Fotografia', 'Museo Conte', 'Casa Giulietta', 'Palazzo della Ragione']",Palazzo della Ragione,strategy_nearest,True,0.003367900848388672,success
042DB1429C4C81,3,"['Arena', 'Torre Lamberti']",Giardino Giusti,"['Santa Anastasia', 'Teatro Romano', 'Museo Conte', 'Centro Fotografia', 'Museo Storia']",Santa Anastasia,strategy_nearest,True,0.00267791748046875,success
042DB03A9C4C80,3,"['Arena', 'Castelvecchio', 'San Fermo', 'Torre Lamberti']",Casa Giulietta,"['Centro Fotografia', 'Sighseeing', 'Museo Conte', 'Museo Radio', 'Palazzo della Ragione']",Tomba Giulietta,strategy_nearest,False,0.0019311904907226562,success
042DB4429C4C80,3,['Arena'],Casa Giulietta,"['Centro Fotografia', 'Sighseeing', 'Torre Lamberti', 'Museo Conte', 'Museo Radio']",Santa Anastasia,strategy_nearest,False,0.0029833316802978516,success
042DB5429C4C81,3,"['Arena', 'Castelvecchio']",Santa Anastasia,"['AMO', 'Museo Conte', 'Palazzo della Ragione', 'Teatro Romano', 'Centro Fotografia']",Teatro Romano,strategy_nearest,True,0.001519918441772461,success
042DBB429C4C81,0,['Arena'],San Fermo,"['Museo Storia', 'Museo Radio', 'Casa Giulietta', 'Centro Fotografia', 'Sighseeing']",Casa Giulietta,strategy_nearest,True,0.002741098403930664,success
042DB9429C4C81,3,"['Arena', 'Casa Giulietta']",Duomo,"['AMO', 'Museo Miniscalchi', 'Santa Anastasia', 'Teatro Romano', 'Palazzo della Ragione']",Santa Anastasia,strategy_nearest,True,0.003467082977294922,success
042DB5429C4C80,3,"['Casa Giulietta', 'Arena']",Torre Lamberti,"['Sighseeing', 'Centro Fotografia', 'Museo Conte', 'Palazzo della Ragione', 'AMO']",Santa Anastasia,strategy_nearest,False,0.0024077892303466797,success
042DBE3A9C4C80,0,['Casa Giulietta'],Arena,"['Verona Tour', 'Museo Lapidario', 'Museo Radio', 'San Fermo', 'Sighseeing']",Castelvecchio,strategy_nearest,False,0.0011930465698242188,success
042DBD3A9C4C81,0,['Arena'],Casa Giulietta,"['Centro Fotografia', 'Sighseeing', 'Torre Lamberti', 'Museo Conte', 'Museo Radio']",Santa Anastasia,strategy_nearest,False,0.0025620460510253906,success
042DBE3A9C4C81,3,"['Arena', 'Torre Lamberti']",Santa Anastasia,"['AMO', 'Museo Conte', 'Palazzo della Ragione', 'Teatro Romano', 'Centro Fotografia']",Duomo,strategy_nearest,False,0.003654956817626953,success
042DBE429C4C81,3,"['Giardino Giusti', 'Duomo']",Santa Anastasia,"['AMO', 'Museo Conte', 'Palazzo della Ragione', 'Teatro Romano', 'Centro Fotografia']",Casa Giulietta,strategy_nearest,False,0.0028710365295410156,success
042DBF3A9C4C81,0,['Arena'],Casa Giulietta,"['Centro Fotografia', 'Sighseeing', 'Torre Lamberti', 'Museo Conte', 'Museo Radio']",San Fermo,strategy_nearest,False,0.002344846725463867,success
042DC83A9C4C80,0,['Arena'],Torre Lamberti,"['Sighseeing', 'Centro Fotografia', 'Museo Conte', 'Casa Giulietta', 'Palazzo della Ragione']",Casa Giulietta,strategy_nearest,True,0.0021550655364990234,success
042DC4429C4C81,2,['Torre Lamberti'],Duomo,"['AMO', 'Museo Miniscalchi', 'Santa Anastasia', 'Teatro Romano', 'Palazzo della Ragione']",Castelvecchio,strategy_nearest,False,0.0037031173706054688,success
042DC8429C4C80,0,"['Casa Giulietta', 'Castelvecchio']",Torre Lamberti,"['Sighseeing', 'Centro Fotografia', 'Museo Conte', 'Palazzo della Ragione', 'AMO']",Arena,strategy_nearest,False,0.0026769638061523438,success
042DCE3A9C4C81,0,['Arena'],Castelvecchio,"['Museo Lapidario', 'Verona Tour', 'Museo Radio', 'San Zeno', 'Sighseeing']",Casa Giulietta,strategy_nearest,False,0.0014519691467285156,success
042DCA429C4C80,1,"['Arena', 'Palazzo della Ragione']",Torre Lamberti,"['Sighseeing', 'Centro Fotografia', 'Museo Conte', 'Casa Giulietta', 'AMO']",Casa Giulietta,strategy_nearest,True,0.0029578208923339844,success
042DCF429C4C80,3,"['Arena', 'Museo Lapidario']",San Zeno,"['Castelvecchio', 'Verona Tour', 'Museo Miniscalchi', 'Sighseeing', 'Museo Radio']",Castelvecchio,strategy_nearest,True,0.0021910667419433594,success
042DD03A9C4C80,0,['Arena'],Casa Giulietta,"['Centro Fotografia', 'Sighseeing', 'Torre Lamberti', 'Museo Conte', 'Museo Radio']",Torre Lamberti,strategy_nearest,True,0.0031931400299072266,success
042DEC3A9C4C80,0,"['Casa Giulietta', 'Arena']",Tomba Giulietta,"['San Fermo', 'Museo Storia', 'Museo Lapidario', 'Museo Radio', 'Verona Tour']",Teatro Romano,strategy_nearest,False,0.0033049583435058594,success
042DF23A9C4C80,0,['Arena'],Castelvecchio,"['Museo Lapidario', 'Verona Tour', 'Museo Radio', 'San Zeno', 'Sighseeing']",Casa Giulietta,strategy_nearest,False,0.003728151321411133,success
042DE1429C4C80,2,['Santa Anastasia'],San Fermo,"['Museo Storia', 'Museo Radio', 'Casa Giulietta', 'Centro Fotografia', 'Arena']",Torre Lamberti,strategy_nearest,False,0.0026950836181640625,success
042E3D4A9C4C80,1,"['Torre Lamberti', 'Palazzo della Ragione']",Duomo,"['AMO', 'Museo Miniscalchi', 'Santa Anastasia', 'Teatro Romano', 'Museo Conte']",Arena,strategy_nearest,False,0.0024290084838867188,success
042E533A9C4C80,2,['Tomba Giulietta'],San Zeno,"['Castelvecchio', 'Verona Tour', 'Museo Lapidario', 'Arena', 'Museo Miniscalchi']",Santa Anastasia,strategy_nearest,False,0.003136157989501953,success
042E4F3A9C4C80,1,"['Tomba Giulietta', 'Arena']",Casa Giulietta,"['Centro Fotografia', 'Sighseeing', 'Torre Lamberti', 'Museo Conte', 'Museo Radio']",Palazzo della Ragione,strategy_nearest,False,0.002279043197631836,success
042E53429C4C80,0,['Arena'],Torre Lamberti,"['Sighseeing', 'Centro Fotografia', 'Museo Conte', 'Casa Giulietta', 'Palazzo della Ragione']",Casa Giulietta,strategy_nearest,True,0.003693103790283203,success
042E543A9C4C80,1,['Arena'],Casa Giulietta,"['Centro Fotografia', 'Sighseeing', 'Torre Lamberti', 'Museo Conte', 'Museo Radio']",Palazzo della Ragione,strategy_nearest,False,0.0021622180938720703,success
042E653A9C4C80,1,"['Arena', 'Casa Giulietta']",Torre Lamberti,"['Sighseeing', 'Centro Fotografia', 'Museo Conte', 'Palazzo della Ragione', 'AMO']",Palazzo della Ragione,strategy_nearest,True,0.0024390220642089844,success
042E613A9C4C81,0,"['Arena', 'Castelvecchio']",Casa Giulietta,"['Centro Fotografia', 'Sighseeing', 'Torre Lamberti', 'Museo Conte', 'Museo Radio']",Teatro Romano,strategy_nearest,False,0.0032999515533447266,success
042E6A3A9C4C81,3,"['San Zeno', 'Castelvecchio']",Arena,"['Verona Tour', 'Museo Lapidario', 'Museo Radio', 'San Fermo', 'Casa Giulietta']",Duomo,strategy_nearest,False,0.0036139488220214844,success
042E72429C4C80,1,"['Arena', 'Casa Giulietta']",Torre Lamberti,"['Sighseeing', 'Centro Fotografia', 'Museo Conte', 'Palazzo della Ragione', 'AMO']",Palazzo della Ragione,strategy_nearest,True,0.002437114715576172,success
042E753A9C4C80,2,"['Tomba Giulietta', 'San Fermo']",Casa Giulietta,"['Centro Fotografia', 'Sighseeing', 'Torre Lamberti', 'Museo Conte', 'Museo Radio']",San Zeno,strategy_nearest,False,0.0024733543395996094,success
042E72429C4C81,0,"['Arena', 'Castelvecchio']",Casa Giulietta,"['Centro Fotografia', 'Sighseeing', 'Torre Lamberti', 'Museo Conte', 'Museo Radio']",San Fermo,strategy_nearest,False,0.00311279296875,success
042E783A9C4C80,3,"['Arena', 'Torre Lamberti', 'Casa Giulietta']",San Fermo,"['Museo Storia', 'Museo Radio', 'Centro Fotografia', 'Sighseeing', 'Museo Conte']",Santa Anastasia,strategy_nearest,False,0.003506183624267578,success
042E7A3A9C4C80,3,"['Arena', 'Castelvecchio']",Casa Giulietta,"['Centro Fotografia', 'Sighseeing', 'Torre Lamberti', 'Museo Conte', 'Museo Radio']",Torre Lamberti,strategy_nearest,True,0.0016961097717285156,success
042E7D3A9C4C81,0,"['Arena', 'Tomba Giulietta']",Museo Lapidario,"['Verona Tour', 'Castelvecchio', 'Museo Radio', 'San Fermo', 'Casa Giulietta']",Castelvecchio,strategy_nearest,True,0.0032358169555664062,success
042E793A9C4C81,0,['Arena'],Casa Giulietta,"['Centro Fotografia', 'Sighseeing', 'Torre Lamberti', 'Museo Conte', 'Museo Radio']",Torre Lamberti,strategy_nearest,True,0.0027031898498535156,success
042E7E429C4C80,0,['Arena'],Casa Giulietta,"['Centro Fotografia', 'Sighseeing', 'Torre Lamberti', 'Museo Conte', 'Museo Radio']",Teatro Romano,strategy_nearest,False,0.003656148910522461,success
042E863A9C4C81,1,"['Arena', 'Castelvecchio', 'Museo Lapidario']",San Fermo,"['Museo Storia', 'Museo Radio', 'Casa Giulietta', 'Centro Fotografia', 'Sighseeing']",Museo Storia,strategy_nearest,True,0.0019960403442382812,success
042E8D3A9C4C80,2,"['Teatro Romano', 'Giardino Giusti', 'Casa Giulietta']",Tomba Giulietta,"['San Fermo', 'Museo Storia', 'Arena', 'Museo Lapidario', 'Museo Radio']",San Fermo,strategy_nearest,True,0.002372264862060547,success
042E86429C4C80,0,['Arena'],Torre Lamberti,"['Sighseeing', 'Centro Fotografia', 'Museo Conte', 'Casa Giulietta', 'Palazzo della Ragione']",Casa Giulietta,strategy_nearest,True,0.003871917724609375,success
042E904A9C4C80,0,['Casa Giulietta'],Arena,"['Verona Tour', 'Museo Lapidario', 'Museo Radio', 'San Fermo', 'Sighseeing']",Teatro Romano,strategy_nearest,False,0.0020592212677001953,success
042E8D429C4C81,0,['Arena'],Casa Giulietta,"['Centro Fotografia', 'Sighseeing', 'Torre Lamberti', 'Museo Conte', 'Museo Radio']",San Zeno,strategy_nearest,False,0.0027549266815185547,success
042E8F4A9C4C81,3,"['Torre Lamberti', 'Casa Giulietta']",Arena,"['Verona Tour', 'Museo Lapidario', 'Museo Radio', 'San Fermo', 'Sighseeing']",San Fermo,strategy_nearest,True,0.0029370784759521484,success
042E924A9C4C81,3,"['Arena', 'Duomo']",Santa Anastasia,"['AMO', 'Museo Conte', 'Palazzo della Ragione', 'Teatro Romano', 'Centro Fotografia']",Casa Giulietta,strategy_nearest,False,0.0022351741790771484,success
042E98429C4C81,0,['Arena'],Torre Lamberti,"['Sighseeing', 'Centro Fotografia', 'Museo Conte', 'Casa Giulietta', 'Palazzo della Ragione']",Casa Giulietta,strategy_nearest,True,0.0016481876373291016,success
042EA1429C4C80,0,['Arena'],Castelvecchio,"['Museo Lapidario', 'Verona Tour', 'Museo Radio', 'San Zeno', 'Sighseeing']",Casa Giulietta,strategy_nearest,False,0.0030231475830078125,success
042EA24A9C4C80,2,['San Zeno'],Torre Lamberti,"['Sighseeing', 'Centro Fotografia', 'Museo Conte', 'Casa Giulietta', 'Palazzo della Ragione']",Casa Giulietta,strategy_nearest,True,0.003969669342041016,success
042EA74A9C4C80,3,['Arena'],Castelvecchio,"['Museo Lapidario', 'Verona Tour', 'Museo Radio', 'San Zeno', 'Sighseeing']",Duomo,strategy_nearest,False,0.004128217697143555,success
042EAE429C4C80,3,['Arena'],Duomo,"['AMO', 'Museo Miniscalchi', 'Santa Anastasia', 'Teatro Romano', 'Palazzo della Ragione']",Santa Anastasia,strategy_nearest,True,0.0038721561431884766,success
042EAB429C4C80,1,"['Arena', 'Torre Lamberti']",Palazzo della Ragione,"['AMO', 'Museo Conte', 'Centro Fotografia', 'Sighseeing', 'Santa Anastasia']",Santa Anastasia,strategy_nearest,True,0.0031812191009521484,success
042EA8429C4C80,0,"['Casa Giulietta', 'San Fermo']",Arena,"['Verona Tour', 'Museo Lapidario', 'Museo Radio', 'Sighseeing', 'Castelvecchio']",Museo Lapidario,strategy_nearest,True,0.0019063949584960938,success
042EAE429C4C81,0,['Arena'],Casa Giulietta,"['Centro Fotografia', 'Sighseeing', 'Torre Lamberti', 'Museo Conte', 'Museo Radio']",Torre Lamberti,strategy_nearest,True,0.004548788070678711,success
042EB1429C4C80,3,"['Arena', 'Casa Giulietta']",Santa Anastasia,"['AMO', 'Museo Conte', 'Palazzo della Ragione', 'Teatro Romano', 'Centro Fotografia']",Duomo,strategy_nearest,False,0.0022766590118408203,success
042EAF429C4C81,1,['Arena'],Torre Lamberti,"['Sighseeing', 'Centro Fotografia', 'Museo Conte', 'Casa Giulietta', 'Palazzo della Ragione']",Palazzo della Ragione,strategy_nearest,True,0.002710103988647461,success
042EB53A9C4C81,2,"['Casa Giulietta', 'Torre Lamberti']",Palazzo della Ragione,"['AMO', 'Museo Conte', 'Centro Fotografia', 'Sighseeing', 'Santa Anastasia']",Santa Anastasia,strategy_nearest,True,0.002260923385620117,success
042EAF3A9C4C80,1,"['Santa Anastasia', 'San Fermo']",Palazzo della Ragione,"['AMO', 'Museo Conte', 'Torre Lamberti', 'Centro Fotografia', 'Sighseeing']",Torre Lamberti,strategy_nearest,True,0.005663156509399414,success
042EBB3A9C4C80,3,"['Arena', 'Casa Giulietta']",San Fermo,"['Museo Storia', 'Museo Radio', 'Centro Fotografia', 'Sighseeing', 'Torre Lamberti']",Santa Anastasia,strategy_nearest,False,0.0028002262115478516,success
042EB5429C4C80,0,['Arena'],Duomo,"['AMO', 'Museo Miniscalchi', 'Santa Anastasia', 'Teatro Romano', 'Palazzo della Ragione']",Castelvecchio,strategy_nearest,False,0.006331920623779297,success
042EBC3A9C4C81,3,['Arena'],San Fermo,"['Museo Storia', 'Museo Radio', 'Casa Giulietta', 'Centro Fotografia', 'Sighseeing']",Torre Lamberti,strategy_nearest,False,0.003777027130126953,success
042EC13A9C4C80,1,['Arena'],Palazzo della Ragione,"['AMO', 'Museo Conte', 'Torre Lamberti', 'Centro Fotografia', 'Sighseeing']",Santa Anastasia,strategy_nearest,False,0.005048274993896484,success
042EC83A9C4C80,0,['Arena'],Casa Giulietta,"['Centro Fotografia', 'Sighseeing', 'Torre Lamberti', 'Museo Conte', 'Museo Radio']",Castelvecchio,strategy_nearest,False,0.0019550323486328125,success
042EC8429C4C80,1,"['Casa Giulietta', 'Palazzo della Ragione', 'Torre Lamberti']",Arena,"['Verona Tour', 'Museo Lapidario', 'Museo Radio', 'San Fermo', 'Sighseeing']",Tomba Giulietta,strategy_nearest,False,0.002644777297973633,success
042EC43A9C4C81,3,"['Torre Lamberti', 'Casa Giulietta']",Santa Anastasia,"['AMO', 'Museo Conte', 'Palazzo della Ragione', 'Teatro Romano', 'Centro Fotografia']",Castelvecchio,strategy_nearest,False,0.0030126571655273438,success
042EC8429C4C81,0,['Castelvecchio'],San Zeno,"['Verona Tour', 'Museo Lapidario', 'Arena', 'Museo Miniscalchi', 'Sighseeing']",Arena,strategy_nearest,True,0.0024099349975585938,success
042ECA429C4C80,1,"['Arena', 'Casa Giulietta', 'Torre Lamberti']",Palazzo della Ragione,"['AMO', 'Museo Conte', 'Centro Fotografia', 'Sighseeing', 'Santa Anastasia']",Santa Anastasia,strategy_nearest,True,0.001964092254638672,success
042ED0429C4C80,0,['Arena'],Castelvecchio,"['Museo Lapidario', 'Verona Tour', 'Museo Radio', 'San Zeno', 'Sighseeing']",Duomo,strategy_nearest,False,0.0017910003662109375,success
042ECC429C4C81,3,"['Torre Lamberti', 'Casa Giulietta', 'Santa Anastasia']",Duomo,"['AMO', 'Museo Miniscalchi', 'Teatro Romano', 'Palazzo della Ragione', 'Museo Conte']",Arena,strategy_nearest,False,0.0033080577850341797,success
042ED6429C4C81,0,"['Arena', 'Castelvecchio']",San Zeno,"['Verona Tour', 'Museo Lapidario', 'Museo Miniscalchi', 'Sighseeing', 'Museo Radio']",Torre Lamberti,strategy_nearest,False,0.0023758411407470703,success
042ED83A9C4C80,1,['Arena'],Torre Lamberti,"['Sighseeing', 'Centro Fotografia', 'Museo Conte', 'Casa Giulietta', 'Palazzo della Ragione']",Palazzo della Ragione,strategy_nearest,True,0.0026280879974365234,success
042EDD3A9C4C80,0,['Arena'],Castelvecchio,"['Museo Lapidario', 'Verona Tour', 'Museo Radio', 'San Zeno', 'Sighseeing']",Teatro Romano,strategy_nearest,False,0.0027642250061035156,success
042EE93A9C4C80,1,"['Museo Lapidario', 'Castelvecchio', 'Duomo', 'Arena']",Casa Giulietta,"['Centro Fotografia', 'Sighseeing', 'Torre Lamberti', 'Museo Conte', 'Museo Radio']",Torre Lamberti,strategy_nearest,True,0.0033190250396728516,success
042EF33A9C4C80,2,"['Santa Anastasia', 'Castelvecchio']",Torre Lamberti,"['Sighseeing', 'Centro Fotografia', 'Museo Conte', 'Casa Giulietta', 'Palazzo della Ragione']",Giardino Giusti,strategy_nearest,False,0.0026738643646240234,success
042EE9429C4C80,1,"['Casa Giulietta', 'Santa Anastasia', 'Arena', 'San Fermo']",Torre Lamberti,"['Sighseeing', 'Centro Fotografia', 'Museo Conte', 'Palazzo della Ragione', 'AMO']",Palazzo della Ragione,strategy_nearest,True,0.002062082290649414,success
042EF83A9C4C80,3,"['Casa Giulietta', 'Torre Lamberti', 'Santa Anastasia']",Duomo,"['AMO', 'Museo Miniscalchi', 'Teatro Romano', 'Palazzo della Ragione', 'Museo Conte']",Castelvecchio,strategy_nearest,False,0.0030808448791503906,success
042EFD3A9C4C80,0,['Arena'],Casa Giulietta,"['Centro Fotografia', 'Sighseeing', 'Torre Lamberti', 'Museo Conte', 'Museo Radio']",Giardino Giusti,strategy_nearest,False,0.0019078254699707031,success
042F4F429C4C80,0,['Arena'],Casa Giulietta,"['Centro Fotografia', 'Sighseeing', 'Torre Lamberti', 'Museo Conte', 'Museo Radio']",Torre Lamberti,strategy_nearest,True,0.0030760765075683594,success
042F4F3A9C4C80,0,['Arena'],Casa Giulietta,"['Centro Fotografia', 'Sighseeing', 'Torre Lamberti', 'Museo Conte', 'Museo Radio']",Torre Lamberti,strategy_nearest,True,0.002256155014038086,success
042F3A429C4C80,3,"['Casa Giulietta', 'Torre Lamberti']",Santa Anastasia,"['AMO', 'Museo Conte', 'Palazzo della Ragione', 'Teatro Romano', 'Centro Fotografia']",Duomo,strategy_nearest,False,0.0029010772705078125,success
042F6C3A9C4C80,2,"['Torre Lamberti', 'Santa Anastasia', 'Teatro Romano']",Castelvecchio,"['Museo Lapidario', 'Verona Tour', 'Arena', 'Museo Radio', 'San Zeno']",Duomo,strategy_nearest,False,0.0029649734497070312,success
042F6D429C4C80,0,['Arena'],Casa Giulietta,"['Centro Fotografia', 'Sighseeing', 'Torre Lamberti', 'Museo Conte', 'Museo Radio']",Santa Anastasia,strategy_nearest,False,0.0020380020141601562,success
042F753A9C4C80,0,['Arena'],Castelvecchio,"['Museo Lapidario', 'Verona Tour', 'Museo Radio', 'San Zeno', 'Sighseeing']",Casa Giulietta,strategy_nearest,False,0.0027217864990234375,success
042F703A9C4C80,0,"['Castelvecchio', 'Arena']",Casa Giulietta,"['Centro Fotografia', 'Sighseeing', 'Torre Lamberti', 'Museo Conte', 'Museo Radio']",Torre Lamberti,strategy_nearest,True,0.0025720596313476562,success
042F773A9C4C81,3,"['Arena', 'Torre Lamberti']",Casa Giulietta,"['Centro Fotografia', 'Sighseeing', 'Museo Conte', 'Museo Radio', 'Palazzo della Ragione']",Santa Anastasia,strategy_nearest,False,0.0030829906463623047,success
042F7E3A9C4C81,2,"['Museo Lapidario', 'Castelvecchio']",Torre Lamberti,"['Sighseeing', 'Centro Fotografia', 'Museo Conte', 'Casa Giulietta', 'Palazzo della Ragione']",Palazzo della Ragione,strategy_nearest,True,0.0019659996032714844,success
042F783A9C4C81,2,"['Torre Lamberti', 'Palazzo della Ragione', 'Casa Giulietta']",San Fermo,"['Museo Storia', 'Museo Radio', 'Centro Fotografia', 'Arena', 'Sighseeing']",Santa Anastasia,strategy_nearest,False,0.0024781227111816406,success
042F844A9C4C80,3,['Arena'],Torre Lamberti,"['Sighseeing', 'Centro Fotografia', 'Museo Conte', 'Casa Giulietta', 'Palazzo della Ragione']",Santa Anastasia,strategy_nearest,False,0.0025186538696289062,success
042F863A9C4C80,0,"['Arena', 'Casa Giulietta', 'San Fermo']",Tomba Giulietta,"['Museo Storia', 'Museo Lapidario', 'Museo Radio', 'Verona Tour', 'Castelvecchio']",Castelvecchio,strategy_nearest,True,0.0031359195709228516,success
042F864A9C4C80,2,"['San Fermo', 'Casa Giulietta']",Santa Anastasia,"['AMO', 'Museo Conte', 'Palazzo della Ragione', 'Teatro Romano', 'Centro Fotografia']",Duomo,strategy_nearest,False,0.002371072769165039,success
042F86429C4C80,3,"['Arena', 'Museo Lapidario']",Castelvecchio,"['Verona Tour', 'Museo Radio', 'San Zeno', 'Sighseeing', 'Museo Miniscalchi']",San Zeno,strategy_nearest,True,0.0020890235900878906,success
042F883A9C4C81,0,['Arena'],Casa Giulietta,"['Centro Fotografia', 'Sighseeing', 'Torre Lamberti', 'Museo Conte', 'Museo Radio']",Torre Lamberti,strategy_nearest,True,0.002650737762451172,success
042F8D429C4C81,1,"['Arena', 'Casa Giulietta']",Torre Lamberti,"['Sighseeing', 'Centro Fotografia', 'Museo Conte', 'Palazzo della Ragione', 'AMO']",Palazzo della Ragione,strategy_nearest,True,0.002516031265258789,success
042F93429C4C80,3,"['Arena', 'Torre Lamberti', 'Casa Giulietta']",San Fermo,"['Museo Storia', 'Museo Radio', 'Centro Fotografia', 'Sighseeing', 'Museo Conte']",Teatro Romano,strategy_nearest,False,0.0017778873443603516,success
042F8F429C4C80,0,['Arena'],Casa Giulietta,"['Centro Fotografia', 'Sighseeing', 'Torre Lamberti', 'Museo Conte', 'Museo Radio']",Palazzo della Ragione,strategy_nearest,False,0.0032837390899658203,success
042F99429C4C80,0,"['Arena', 'Castelvecchio']",Torre Lamberti,"['Sighseeing', 'Centro Fotografia', 'Museo Conte', 'Casa Giulietta', 'Palazzo della Ragione']",Casa Giulietta,strategy_nearest,True,0.002763986587524414,success
042F9A429C4C81,0,['Arena'],Casa Giulietta,"['Centro Fotografia', 'Sighseeing', 'Torre Lamberti', 'Museo Conte', 'Museo Radio']",Castelvecchio,strategy_nearest,False,0.0027589797973632812,success
042F9F429C4C81,3,['Arena'],Torre Lamberti,"['Sighseeing', 'Centro Fotografia', 'Museo Conte', 'Casa Giulietta', 'Palazzo della Ragione']",Casa Giulietta,strategy_nearest,True,0.0033559799194335938,success
042FA24A9C4C81,0,['Arena'],Casa Giulietta,"['Centro Fotografia', 'Sighseeing', 'Torre Lamberti', 'Museo Conte', 'Museo Radio']",Torre Lamberti,strategy_nearest,True,0.002496004104614258,success
042FA7429C4C81,1,"['Arena', 'Casa Giulietta']",Torre Lamberti,"['Sighseeing', 'Centro Fotografia', 'Museo Conte', 'Palazzo della Ragione', 'AMO']",Palazzo della Ragione,strategy_nearest,True,0.002405881881713867,success
042FA64A9C4C80,3,"['Arena', 'Museo Storia', 'San Fermo']",Casa Giulietta,"['Centro Fotografia', 'Sighseeing', 'Torre Lamberti', 'Museo Conte', 'Museo Radio']",Torre Lamberti,strategy_nearest,True,0.001882791519165039,success
042FAA429C4C80,0,['Arena'],Museo Lapidario,"['Verona Tour', 'Castelvecchio', 'Museo Radio', 'San Fermo', 'Casa Giulietta']",Castelvecchio,strategy_nearest,True,0.0027680397033691406,success
042FAA429C4C81,0,['Castelvecchio'],Arena,"['Verona Tour', 'Museo Lapidario', 'Museo Radio', 'San Fermo', 'Casa Giulietta']",Casa Giulietta,strategy_nearest,True,0.0035500526428222656,success
042FAB3A9C4C80,1,['Arena'],Castelvecchio,"['Museo Lapidario', 'Verona Tour', 'Museo Radio', 'San Zeno', 'Sighseeing']",Casa Giulietta,strategy_nearest,False,0.002405881881713867,success
042FAC3A9C4C80,3,"['Arena', 'Casa Giulietta']",San Fermo,"['Museo Storia', 'Museo Radio', 'Centro Fotografia', 'Sighseeing', 'Torre Lamberti']",Museo Storia,strategy_nearest,True,0.0025186538696289062,success
042FAE429C4C81,0,['Arena'],Torre Lamberti,"['Sighseeing', 'Centro Fotografia', 'Museo Conte', 'Casa Giulietta', 'Palazzo della Ragione']",Casa Giulietta,strategy_nearest,True,0.0023970603942871094,success
042FAF429C4C80,0,['Castelvecchio'],Arena,"['Verona Tour', 'Museo Lapidario', 'Museo Radio', 'San Fermo', 'Casa Giulietta']",Casa Giulietta,strategy_nearest,True,0.0027120113372802734,success
042FAF429C4C81,2,['Casa Giulietta'],Torre Lamberti,"['Sighseeing', 'Centro Fotografia', 'Museo Conte', 'Palazzo della Ragione', 'AMO']",Duomo,strategy_nearest,False,0.00299072265625,success
042FB0429C4C80,0,['Arena'],Museo Lapidario,"['Verona Tour', 'Castelvecchio', 'Museo Radio', 'San Fermo', 'Casa Giulietta']",Casa Giulietta,strategy_nearest,True,0.0031311511993408203,success
042FB2429C4C80,0,['Arena'],Museo Lapidario,"['Verona Tour', 'Castelvecchio', 'Museo Radio', 'San Fermo', 'Casa Giulietta']",Tomba Giulietta,strategy_nearest,False,0.001728057861328125,success
042FB6429C4C80,1,"['Casa Giulietta', 'Torre Lamberti']",Palazzo della Ragione,"['AMO', 'Museo Conte', 'Centro Fotografia', 'Sighseeing', 'Santa Anastasia']",Arena,strategy_nearest,False,0.0024797916412353516,success
042FBC3A9C4C80,3,"['San Zeno', 'Arena', 'Santa Anastasia']",Duomo,"['AMO', 'Museo Miniscalchi', 'Teatro Romano', 'Palazzo della Ragione', 'Museo Conte']",Torre Lamberti,strategy_nearest,False,0.001961946487426758,success
042FC0429C4C81,3,"['Castelvecchio', 'Duomo']",Teatro Romano,"['Santa Anastasia', 'AMO', 'Palazzo della Ragione', 'Museo Conte', 'Centro Fotografia']",Arena,strategy_nearest,False,0.003077268600463867,success
042FBC3A9C4C81,0,['Arena'],Duomo,"['AMO', 'Museo Miniscalchi', 'Santa Anastasia', 'Teatro Romano', 'Palazzo della Ragione']",Casa Giulietta,strategy_nearest,False,0.002474069595336914,success
042FC43A9C4C81,0,"['Tomba Giulietta', 'Arena']",Castelvecchio,"['Museo Lapidario', 'Verona Tour', 'Museo Radio', 'San Zeno', 'Sighseeing']",Casa Giulietta,strategy_nearest,False,0.0025119781494140625,success
042FC23A9C4C80,0,['Arena'],Torre Lamberti,"['Sighseeing', 'Centro Fotografia', 'Museo Conte', 'Casa Giulietta', 'Palazzo della Ragione']",Casa Giulietta,strategy_nearest,True,0.0020821094512939453,success
042FC7429C4C81,3,"['Arena', 'Torre Lamberti', 'Casa Giulietta']",Santa Anastasia,"['AMO', 'Museo Conte', 'Palazzo della Ragione', 'Teatro Romano', 'Centro Fotografia']",Teatro Romano,strategy_nearest,True,0.002604961395263672,success
042FC93A9C4C81,1,"['Arena', 'Santa Anastasia']",Duomo,"['AMO', 'Museo Miniscalchi', 'Teatro Romano', 'Palazzo della Ragione', 'Museo Conte']",Torre Lamberti,strategy_nearest,False,0.0029571056365966797,success
042FC9429C4C80,2,"['Casa Giulietta', 'Torre Lamberti']",Palazzo della Ragione,"['AMO', 'Museo Conte', 'Centro Fotografia', 'Sighseeing', 'Santa Anastasia']",Santa Anastasia,strategy_nearest,True,0.0023469924926757812,success
042FCE3A9C4C81,0,['Arena'],Santa Anastasia,"['AMO', 'Museo Conte', 'Palazzo della Ragione', 'Teatro Romano', 'Centro Fotografia']",Casa Giulietta,strategy_nearest,False,0.002222776412963867,success
042FD03A9C4C80,0,['Arena'],Castelvecchio,"['Museo Lapidario', 'Verona Tour', 'Museo Radio', 'San Zeno', 'Sighseeing']",Museo Storia,strategy_nearest,False,0.001779317855834961,success
042FCF429C4C81,0,['Casa Giulietta'],Arena,"['Verona Tour', 'Museo Lapidario', 'Museo Radio', 'San Fermo', 'Sighseeing']",Castelvecchio,strategy_nearest,False,0.0031969547271728516,success
042FD0429C4C81,1,"['Arena', 'Casa Giulietta', 'Torre Lamberti', 'Museo Lapidario']",Castelvecchio,"['Verona Tour', 'Museo Radio', 'San Zeno', 'Sighseeing', 'Museo Miniscalchi']",San Zeno,strategy_nearest,True,0.0021572113037109375,success
042FD93A9C4C80,2,"['Castelvecchio', 'San Zeno']",Duomo,"['AMO', 'Museo Miniscalchi', 'Santa Anastasia', 'Teatro Romano', 'Palazzo della Ragione']",Santa Anastasia,strategy_nearest,True,0.0025529861450195312,success
042FD23A9C4C81,0,['Teatro Romano'],Giardino Giusti,"['Santa Anastasia', 'Museo Conte', 'Centro Fotografia', 'Museo Storia', 'AMO']",Arena,strategy_nearest,False,0.002003908157348633,success
042FE23A9C4C80,3,"['Teatro Romano', 'Giardino Giusti', 'Casa Giulietta']",Arena,"['Verona Tour', 'Museo Lapidario', 'Museo Radio', 'San Fermo', 'Sighseeing']",Tomba Giulietta,strategy_nearest,False,0.002505064010620117,success
042FED3A9C4C80,0,['Arena'],Duomo,"['AMO', 'Museo Miniscalchi', 'Santa Anastasia', 'Teatro Romano', 'Palazzo della Ragione']",Teatro Romano,strategy_nearest,True,0.0025360584259033203,success
042FE53A9C4C80,1,"['Castelvecchio', 'Casa Giulietta', 'San Fermo', 'Torre Lamberti']",Palazzo della Ragione,"['AMO', 'Museo Conte', 'Centro Fotografia', 'Sighseeing', 'Santa Anastasia']",Santa Anastasia,strategy_nearest,True,0.0032057762145996094,success
042FEF3A9C4C80,1,"['Arena', 'Casa Giulietta']",Torre Lamberti,"['Sighseeing', 'Centro Fotografia', 'Museo Conte', 'Palazzo della Ragione', 'AMO']",Palazzo della Ragione,strategy_nearest,True,0.0018558502197265625,success
042FF8429C4C80,2,"['Santa Anastasia', 'Duomo', 'San Zeno']",Castelvecchio,"['Museo Lapidario', 'Verona Tour', 'Arena', 'Museo Radio', 'Sighseeing']",Tomba Giulietta,strategy_nearest,False,0.0029032230377197266,success
04303C4A9C4C80,3,"['Teatro Romano', 'Duomo']",Santa Anastasia,"['AMO', 'Museo Conte', 'Palazzo della Ragione', 'Centro Fotografia', 'Torre Lamberti']",Torre Lamberti,strategy_nearest,True,0.0024619102478027344,success
04303A3A9C4C80,2,['Santa Anastasia'],Teatro Romano,"['Duomo', 'AMO', 'Palazzo della Ragione', 'Museo Conte', 'Centro Fotografia']",Castelvecchio,strategy_nearest,False,0.0022008419036865234,success
0430413A9C4C80,3,"['Arena', 'Casa Giulietta']",Torre Lamberti,"['Sighseeing', 'Centro Fotografia', 'Museo Conte', 'Palazzo della Ragione', 'AMO']",Santa Anastasia,strategy_nearest,False,0.0026967525482177734,success
04303C3A9C4C80,0,"['Arena', 'Casa Giulietta']",San Fermo,"['Museo Storia', 'Museo Radio', 'Centro Fotografia', 'Sighseeing', 'Torre Lamberti']",Torre Lamberti,strategy_nearest,True,0.003389120101928711,success
0430423A9C4C80,3,"['San Zeno', 'Arena']",San Fermo,"['Museo Storia', 'Museo Radio', 'Casa Giulietta', 'Centro Fotografia', 'Sighseeing']",Santa Anastasia,strategy_nearest,False,0.0014150142669677734,success
0430523A9C4C80,2,['Castelvecchio'],San Zeno,"['Verona Tour', 'Museo Lapidario', 'Arena', 'Museo Miniscalchi', 'Sighseeing']",Castelvecchio,strategy_nearest,False,0.0025250911712646484,success
0430513A9C4C80,3,"['Santa Anastasia', 'Arena', 'Castelvecchio']",San Zeno,"['Verona Tour', 'Museo Lapidario', 'Museo Miniscalchi', 'Sighseeing', 'Museo Radio']",San Fermo,strategy_nearest,False,0.0020008087158203125,success
0430533A9C4C80,2,"['Santa Anastasia', 'Casa Giulietta', 'Duomo']",Teatro Romano,"['AMO', 'Palazzo della Ragione', 'Museo Conte', 'Centro Fotografia', 'Museo Miniscalchi']",Castelvecchio,strategy_nearest,False,0.003100872039794922,success
0430643A9C4C80,4,"['Torre Lamberti', 'Palazzo della Ragione', 'Casa Giulietta', 'Teatro Romano', 'Arena', 'Museo Lapidario']",Castelvecchio,"['Verona Tour', 'Museo Radio', 'San Zeno', 'Sighseeing', 'Museo Miniscalchi']",San Zeno,strategy_nearest,True,0.0017600059509277344,success
043055429C4C80,3,"['Arena', 'San Fermo']",Torre Lamberti,"['Sighseeing', 'Centro Fotografia', 'Museo Conte', 'Casa Giulietta', 'Palazzo della Ragione']",Santa Anastasia,strategy_nearest,False,0.001651763916015625,success
04305A429C4C80,3,"['Arena', 'Casa Giulietta', 'San Zeno']",Castelvecchio,"['Museo Lapidario', 'Verona Tour', 'Museo Radio', 'Sighseeing', 'Museo Miniscalchi']",Duomo,strategy_nearest,False,0.0031919479370117188,success
04306A429C4C81,0,['Arena'],Casa Giulietta,"['Centro Fotografia', 'Sighseeing', 'Torre Lamberti', 'Museo Conte', 'Museo Radio']",Torre Lamberti,strategy_nearest,True,0.0024781227111816406,success
04306E3A9C4C81,1,"['Santa Anastasia', 'Duomo', 'Casa Giulietta', 'Arena']",Tomba Giulietta,"['San Fermo', 'Museo Storia', 'Museo Lapidario', 'Museo Radio', 'Verona Tour']",San Fermo,strategy_nearest,True,0.003259897232055664,success
04306F429C4C81,3,"['Casa Giulietta', 'Museo Lapidario']",Arena,"['Verona Tour', 'Museo Radio', 'San Fermo', 'Sighseeing', 'Castelvecchio']",Castelvecchio,strategy_nearest,True,0.0019719600677490234,success
043070429C4C81,3,"['Casa Giulietta', 'Museo Lapidario']",Arena,"['Verona Tour', 'Museo Radio', 'San Fermo', 'Sighseeing', 'Castelvecchio']",Castelvecchio,strategy_nearest,True,0.0023322105407714844,success
0430713A9C4C81,2,"['Castelvecchio', 'Casa Giulietta']",Torre Lamberti,"['Sighseeing', 'Centro Fotografia', 'Museo Conte', 'Palazzo della Ragione', 'AMO']",Santa Anastasia,strategy_nearest,False,0.001668691635131836,success
043071429C4C81,2,['Torre Lamberti'],Casa Giulietta,"['Centro Fotografia', 'Sighseeing', 'Museo Conte', 'Museo Radio', 'Palazzo della Ragione']",Tomba Giulietta,strategy_nearest,False,0.0032529830932617188,success
0430733A9C4C81,0,['Arena'],Torre Lamberti,"['Sighseeing', 'Centro Fotografia', 'Museo Conte', 'Casa Giulietta', 'Palazzo della Ragione']",Casa Giulietta,strategy_nearest,True,0.0018591880798339844,success
0430743A9C4C81,0,['Arena'],Castelvecchio,"['Museo Lapidario', 'Verona Tour', 'Museo Radio', 'San Zeno', 'Sighseeing']",Casa Giulietta,strategy_nearest,False,0.0024590492248535156,success
0430753A9C4C80,1,"['Arena', 'Casa Giulietta', 'Torre Lamberti']",Palazzo della Ragione,"['AMO', 'Museo Conte', 'Centro Fotografia', 'Sighseeing', 'Santa Anastasia']",Santa Anastasia,strategy_nearest,True,0.002090930938720703,success
0430783A9C4C81,0,"['Arena', 'Castelvecchio']",San Zeno,"['Verona Tour', 'Museo Lapidario', 'Museo Miniscalchi', 'Sighseeing', 'Museo Radio']",Casa Giulietta,strategy_nearest,False,0.0028352737426757812,success
04307C3A9C4C81,2,"['Torre Lamberti', 'Tomba Giulietta', 'Santa Anastasia']",Teatro Romano,"['Duomo', 'AMO', 'Palazzo della Ragione', 'Museo Conte', 'Centro Fotografia']",Casa Giulietta,strategy_nearest,False,0.0032498836517333984,success
043087429C4C81,3,['Arena'],Casa Giulietta,"['Centro Fotografia', 'Sighseeing', 'Torre Lamberti', 'Museo Conte', 'Museo Radio']",Santa Anastasia,strategy_nearest,False,0.0031249523162841797,success
04308D4A9C4C80,0,['Torre Lamberti'],Arena,"['Verona Tour', 'Museo Lapidario', 'Museo Radio', 'San Fermo', 'Casa Giulietta']",San Zeno,strategy_nearest,False,0.002096891403198242,success
04308A3A9C4C81,3,"['Tomba Giulietta', 'Arena', 'Casa Giulietta']",Torre Lamberti,"['Sighseeing', 'Centro Fotografia', 'Museo Conte', 'Palazzo della Ragione', 'AMO']",Santa Anastasia,strategy_nearest,False,0.0028848648071289062,success
04308C429C4C80,0,['Arena'],Torre Lamberti,"['Sighseeing', 'Centro Fotografia', 'Museo Conte', 'Casa Giulietta', 'Palazzo della Ragione']",Casa Giulietta,strategy_nearest,True,0.00372314453125,success
04308F3A9C4C81,0,['Arena'],Santa Anastasia,"['AMO', 'Museo Conte', 'Palazzo della Ragione', 'Teatro Romano', 'Centro Fotografia']",Castelvecchio,strategy_nearest,False,0.0019392967224121094,success
043093429C4C81,1,"['Arena', 'Museo Lapidario']",Casa Giulietta,"['Centro Fotografia', 'Sighseeing', 'Torre Lamberti', 'Museo Conte', 'Museo Radio']",Torre Lamberti,strategy_nearest,True,0.00197601318359375,success
04308F4A9C4C81,0,['Torre Lamberti'],Arena,"['Verona Tour', 'Museo Lapidario', 'Museo Radio', 'San Fermo', 'Casa Giulietta']",San Zeno,strategy_nearest,False,0.0030298233032226562,success
0430944A9C4C81,0,"['San Fermo', 'Arena']",San Zeno,"['Castelvecchio', 'Verona Tour', 'Museo Lapidario', 'Museo Miniscalchi', 'Sighseeing']",Casa Giulietta,strategy_nearest,False,0.0031042098999023438,success
0430A24A9C4C81,2,['Teatro Romano'],Duomo,"['AMO', 'Museo Miniscalchi', 'Santa Anastasia', 'Palazzo della Ragione', 'Museo Conte']",Castelvecchio,strategy_nearest,False,0.002299070358276367,success
0430A5429C4C81,0,['Arena'],Giardino Giusti,"['Santa Anastasia', 'Teatro Romano', 'Museo Conte', 'Centro Fotografia', 'Museo Storia']",Castelvecchio,strategy_nearest,False,0.0027730464935302734,success
0430A8429C4C81,3,"['Arena', 'Casa Giulietta']",Santa Anastasia,"['AMO', 'Museo Conte', 'Palazzo della Ragione', 'Teatro Romano', 'Centro Fotografia']",Duomo,strategy_nearest,False,0.0018508434295654297,success
0430AB429C4C81,0,['Arena'],Casa Giulietta,"['Centro Fotografia', 'Sighseeing', 'Torre Lamberti', 'Museo Conte', 'Museo Radio']",Teatro Romano,strategy_nearest,False,0.0022499561309814453,success
0430AD429C4C80,3,"['San Zeno', 'Duomo', 'Santa Anastasia']",Torre Lamberti,"['Sighseeing', 'Centro Fotografia', 'Museo Conte', 'Casa Giulietta', 'Palazzo della Ragione']",Casa Giulietta,strategy_nearest,True,0.001641988754272461,success
0430AD429C4C81,1,"['Arena', 'Castelvecchio', 'Casa Giulietta']",Torre Lamberti,"['Sighseeing', 'Centro Fotografia', 'Museo Conte', 'Palazzo della Ragione', 'AMO']",Palazzo della Ragione,strategy_nearest,True,0.0026078224182128906,success
0430B0429C4C80,1,"['Arena', 'San Zeno']",Palazzo della Ragione,"['AMO', 'Museo Conte', 'Torre Lamberti', 'Centro Fotografia', 'Sighseeing']",Torre Lamberti,strategy_nearest,True,0.0026090145111083984,success
0430B0429C4C81,3,['Arena'],Santa Anastasia,"['AMO', 'Museo Conte', 'Palazzo della Ragione', 'Teatro Romano', 'Centro Fotografia']",Casa Giulietta,strategy_nearest,False,0.002579927444458008,success
0430B2429C4C81,3,"['Arena', 'Casa Giulietta']",Santa Anastasia,"['AMO', 'Museo Conte', 'Palazzo della Ragione', 'Teatro Romano', 'Centro Fotografia']",Duomo,strategy_nearest,False,0.003156900405883789,success
0430B5429C4C80,0,['Casa Giulietta'],Torre Lamberti,"['Sighseeing', 'Centro Fotografia', 'Museo Conte', 'Palazzo della Ragione', 'AMO']",Arena,strategy_nearest,False,0.003247976303100586,success
0430B7429C4C81,0,['Castelvecchio'],Arena,"['Verona Tour', 'Museo Lapidario', 'Museo Radio', 'San Fermo', 'Casa Giulietta']",Casa Giulietta,strategy_nearest,True,0.002329111099243164,success
0430B8429C4C80,0,['Arena'],Casa Giulietta,"['Centro Fotografia', 'Sighseeing', 'Torre Lamberti', 'Museo Conte', 'Museo Radio']",Teatro Romano,strategy_nearest,False,0.0023849010467529297,success
0430B8429C4C81,1,"['Casa Giulietta', 'Arena']",Castelvecchio,"['Museo Lapidario', 'Verona Tour', 'Museo Radio', 'San Zeno', 'Sighseeing']",Torre Lamberti,strategy_nearest,False,0.002588987350463867,success
0430BC3A9C4C81,0,['Arena'],San Zeno,"['Castelvecchio', 'Verona Tour', 'Museo Lapidario', 'Museo Miniscalchi', 'Sighseeing']",Casa Giulietta,strategy_nearest,False,0.0015170574188232422,success
0430BC3A9C4C80,3,"['Arena', 'Duomo']",Santa Anastasia,"['AMO', 'Museo Conte', 'Palazzo della Ragione', 'Teatro Romano', 'Centro Fotografia']",Casa Giulietta,strategy_nearest,False,0.0028238296508789062,success
0430BB429C4C80,2,"['Castelvecchio', 'San Zeno']",Torre Lamberti,"['Sighseeing', 'Centro Fotografia', 'Museo Conte', 'Casa Giulietta', 'Palazzo della Ragione']",Palazzo della Ragione,strategy_nearest,True,0.0034770965576171875,success
0430BE429C4C81,1,"['Casa Giulietta', 'San Fermo']",Arena,"['Verona Tour', 'Museo Lapidario', 'Museo Radio', 'Sighseeing', 'Castelvecchio']",Castelvecchio,strategy_nearest,True,0.003156900405883789,success
0430C63A9C4C80,1,"['Teatro Romano', 'Casa Giulietta', 'Torre Lamberti']",Palazzo della Ragione,"['AMO', 'Museo Conte', 'Centro Fotografia', 'Sighseeing', 'Santa Anastasia']",Arena,strategy_nearest,False,0.0014109611511230469,success
0430C33A9C4C81,0,['Arena'],Casa Giulietta,"['Centro Fotografia', 'Sighseeing', 'Torre Lamberti', 'Museo Conte', 'Museo Radio']",Palazzo della Ragione,strategy_nearest,False,0.002246856689453125,success
0430C63A9C4C81,3,"['Castelvecchio', 'Arena']",Tomba Giulietta,"['San Fermo', 'Museo Storia', 'Museo Lapidario', 'Museo Radio', 'Verona Tour']",San Fermo,strategy_nearest,True,0.0027718544006347656,success
0430C7429C4C81,0,['Arena'],Casa Giulietta,"['Centro Fotografia', 'Sighseeing', 'Torre Lamberti', 'Museo Conte', 'Museo Radio']",Torre Lamberti,strategy_nearest,True,0.0032749176025390625,success
0430CA429C4C80,0,"['Arena', 'Casa Giulietta']",Torre Lamberti,"['Sighseeing', 'Centro Fotografia', 'Museo Conte', 'Palazzo della Ragione', 'AMO']",Teatro Romano,strategy_nearest,False,0.0012822151184082031,success
0430CD3A9C4C80,3,['Arena'],Santa Anastasia,"['AMO', 'Museo Conte', 'Palazzo della Ragione', 'Teatro Romano', 'Centro Fotografia']",Casa Giulietta,strategy_nearest,False,0.002584695816040039,success
0430C8429C4C81,3,"['Casa Giulietta', 'Arena']",Castelvecchio,"['Museo Lapidario', 'Verona Tour', 'Museo Radio', 'San Zeno', 'Sighseeing']",Torre Lamberti,strategy_nearest,False,0.0033850669860839844,success
0430C93A9C4C80,3,"['San Zeno', 'Duomo']",Santa Anastasia,"['AMO', 'Museo Conte', 'Palazzo della Ragione', 'Teatro Romano', 'Centro Fotografia']",Arena,strategy_nearest,False,0.00400996208190918,success
0430D0429C4C81,2,['Teatro Romano'],Duomo,"['AMO', 'Museo Miniscalchi', 'Santa Anastasia', 'Palazzo della Ragione', 'Museo Conte']",Torre Lamberti,strategy_nearest,False,0.0018930435180664062,success
0430D33A9C4C81,0,['Arena'],Casa Giulietta,"['Centro Fotografia', 'Sighseeing', 'Torre Lamberti', 'Museo Conte', 'Museo Radio']",Santa Anastasia,strategy_nearest,False,0.0024268627166748047,success
0430CF429C4C81,2,['Casa Giulietta'],Santa Anastasia,"['AMO', 'Museo Conte', 'Palazzo della Ragione', 'Teatro Romano', 'Centro Fotografia']",Duomo,strategy_nearest,False,0.0020051002502441406,success
0430EF429C4C80,3,"['Arena', 'Castelvecchio', 'Tomba Giulietta']",Museo Lapidario,"['Verona Tour', 'Museo Radio', 'San Fermo', 'Casa Giulietta', 'Sighseeing']",Casa Giulietta,strategy_nearest,True,0.0027229785919189453,success
0430F23A9C4C80,3,['Arena'],San Fermo,"['Museo Storia', 'Museo Radio', 'Casa Giulietta', 'Centro Fotografia', 'Sighseeing']",Santa Anastasia,strategy_nearest,False,0.001947164535522461,success
0430D83A9C4C80,2,['Casa Giulietta'],Santa Anastasia,"['AMO', 'Museo Conte', 'Palazzo della Ragione', 'Teatro Romano', 'Centro Fotografia']",Duomo,strategy_nearest,False,0.0033571720123291016,success
0430F33A9C4C80,1,"['Arena', 'Santa Anastasia']",Teatro Romano,"['Duomo', 'AMO', 'Palazzo della Ragione', 'Museo Conte', 'Centro Fotografia']",Duomo,strategy_nearest,True,0.0029833316802978516,success
043139429C4C80,1,"['Arena', 'Casa Giulietta', 'Santa Anastasia']",Castelvecchio,"['Museo Lapidario', 'Verona Tour', 'Museo Radio', 'San Zeno', 'Sighseeing']",Palazzo della Ragione,strategy_nearest,False,0.0015630722045898438,success
043142429C4C80,3,['Arena'],Torre Lamberti,"['Sighseeing', 'Centro Fotografia', 'Museo Conte', 'Casa Giulietta', 'Palazzo della Ragione']",Santa Anastasia,strategy_nearest,False,0.0019419193267822266,success
0430FD429C4C80,1,"['Arena', 'Santa Anastasia', 'Casa Giulietta']",Palazzo della Ragione,"['AMO', 'Museo Conte', 'Torre Lamberti', 'Centro Fotografia', 'Sighseeing']",Torre Lamberti,strategy_nearest,True,0.003264904022216797,success
04313C3A9C4C80,0,"['Casa Giulietta', 'Torre Lamberti']",Arena,"['Verona Tour', 'Museo Lapidario', 'Museo Radio', 'San Fermo', 'Sighseeing']",Museo Lapidario,strategy_nearest,True,0.0026459693908691406,success
043160429C4C80,2,['Casa Giulietta'],Santa Anastasia,"['AMO', 'Museo Conte', 'Palazzo della Ragione', 'Teatro Romano', 'Centro Fotografia']",Teatro Romano,strategy_nearest,True,0.0020799636840820312,success
0431503A9C4C80,2,['Tomba Giulietta'],Casa Giulietta,"['Centro Fotografia', 'Sighseeing', 'Torre Lamberti', 'Museo Conte', 'Museo Radio']",Santa Anastasia,strategy_nearest,False,0.0015752315521240234,success
04316A429C4C81,1,"['Arena', 'Torre Lamberti', 'Palazzo della Ragione', 'Casa Giulietta']",San Fermo,"['Museo Storia', 'Museo Radio', 'Centro Fotografia', 'Sighseeing', 'Museo Conte']",Tomba Giulietta,strategy_nearest,False,0.0025539398193359375,success
043162429C4C80,2,"['Torre Lamberti', 'Palazzo della Ragione']",Casa Giulietta,"['Centro Fotografia', 'Sighseeing', 'Museo Conte', 'Museo Radio', 'San Fermo']",Santa Anastasia,strategy_nearest,False,0.0033142566680908203,success
04316E429C4C81,0,"['Casa Giulietta', 'Castelvecchio']",Teatro Romano,"['Santa Anastasia', 'Duomo', 'AMO', 'Palazzo della Ragione', 'Museo Conte']",Arena,strategy_nearest,False,0.001964092254638672,success
04316F3A9C4C81,2,"['Castelvecchio', 'Santa Anastasia']",Teatro Romano,"['Duomo', 'AMO', 'Palazzo della Ragione', 'Museo Conte', 'Centro Fotografia']",Palazzo della Ragione,strategy_nearest,True,0.002035379409790039,success
04316B429C4C80,1,['Arena'],Palazzo della Ragione,"['AMO', 'Museo Conte', 'Torre Lamberti', 'Centro Fotografia', 'Sighseeing']",Torre Lamberti,strategy_nearest,True,0.003264188766479492,success
0431713A9C4C81,0,"['Teatro Romano', 'San Zeno']",Castelvecchio,"['Museo Lapidario', 'Verona Tour', 'Arena', 'Museo Radio', 'Sighseeing']",Arena,strategy_nearest,True,0.0032110214233398438,success
043171429C4C80,3,"['Casa Giulietta', 'Arena']",Torre Lamberti,"['Sighseeing', 'Centro Fotografia', 'Museo Conte', 'Palazzo della Ragione', 'AMO']",Santa Anastasia,strategy_nearest,False,0.002067089080810547,success
0431723A9C4C80,3,['Tomba Giulietta'],Arena,"['Verona Tour', 'Museo Lapidario', 'Museo Radio', 'San Fermo', 'Casa Giulietta']",Santa Anastasia,strategy_nearest,False,0.002566814422607422,success
0431753A9C4C81,1,"['Arena', 'Torre Lamberti']",Palazzo della Ragione,"['AMO', 'Museo Conte', 'Centro Fotografia', 'Sighseeing', 'Santa Anastasia']",Santa Anastasia,strategy_nearest,True,0.0030930042266845703,success
0431773A9C4C80,2,['Castelvecchio'],San Zeno,"['Verona Tour', 'Museo Lapidario', 'Arena', 'Museo Miniscalchi', 'Sighseeing']",Palazzo della Ragione,strategy_nearest,False,0.0028107166290283203,success
0431793A9C4C80,3,['Teatro Romano'],Santa Anastasia,"['AMO', 'Museo Conte', 'Palazzo della Ragione', 'Centro Fotografia', 'Duomo']",Arena,strategy_nearest,False,0.0025610923767089844,success
0431773A9C4C81,0,"['Arena', 'Castelvecchio']",Casa Giulietta,"['Centro Fotografia', 'Sighseeing', 'Torre Lamberti', 'Museo Conte', 'Museo Radio']",Torre Lamberti,strategy_nearest,True,0.0027189254760742188,success
043179429C4C80,3,"['Arena', 'Casa Giulietta']",Torre Lamberti,"['Sighseeing', 'Centro Fotografia', 'Museo Conte', 'Palazzo della Ragione', 'AMO']",Santa Anastasia,strategy_nearest,False,0.003565073013305664,success
04317A3A9C4C80,1,"['Castelvecchio', 'Arena', 'Casa Giulietta']",Torre Lamberti,"['Sighseeing', 'Centro Fotografia', 'Museo Conte', 'Palazzo della Ragione', 'AMO']",Palazzo della Ragione,strategy_nearest,True,0.0025739669799804688,success
04317F3A9C4C80,2,"['Casa Giulietta', 'Torre Lamberti']",Palazzo della Ragione,"['AMO', 'Museo Conte', 'Centro Fotografia', 'Sighseeing', 'Santa Anastasia']",San Zeno,strategy_nearest,False,0.002351999282836914,success
04317F429C4C80,0,['Arena'],Casa Giulietta,"['Centro Fotografia', 'Sighseeing', 'Torre Lamberti', 'Museo Conte', 'Museo Radio']",Castelvecchio,strategy_nearest,False,0.0026280879974365234,success
04317F4A9C4C80,0,['Arena'],Casa Giulietta,"['Centro Fotografia', 'Sighseeing', 'Torre Lamberti', 'Museo Conte', 'Museo Radio']",Duomo,strategy_nearest,False,0.002189159393310547,success
043183429C4C80,0,['Arena'],Castelvecchio,"['Museo Lapidario', 'Verona Tour', 'Museo Radio', 'San Zeno', 'Sighseeing']",San Zeno,strategy_nearest,True,0.0020439624786376953,success
0431853A9C4C81,0,['Arena'],Casa Giulietta,"['Centro Fotografia', 'Sighseeing', 'Torre Lamberti', 'Museo Conte', 'Museo Radio']",Torre Lamberti,strategy_nearest,True,0.0024471282958984375,success
043185429C4C80,1,"['Teatro Romano', 'Santa Anastasia', 'Duomo']",Torre Lamberti,"['Sighseeing', 'Centro Fotografia', 'Museo Conte', 'Casa Giulietta', 'Palazzo della Ragione']",Palazzo della Ragione,strategy_nearest,True,0.002215147018432617,success
0431864A9C4C81,0,['Arena'],Casa Giulietta,"['Centro Fotografia', 'Sighseeing', 'Torre Lamberti', 'Museo Conte', 'Museo Radio']",Teatro Romano,strategy_nearest,False,0.0046803951263427734,success
043186429C4C81,3,"['Arena', 'Casa Giulietta']",Santa Anastasia,"['AMO', 'Museo Conte', 'Palazzo della Ragione', 'Teatro Romano', 'Centro Fotografia']",Duomo,strategy_nearest,False,0.003055095672607422,success
0431803A9C4C81,0,"['Torre Lamberti', 'Castelvecchio']",Tomba Giulietta,"['San Fermo', 'Museo Storia', 'Arena', 'Museo Lapidario', 'Museo Radio']",Arena,strategy_nearest,True,0.005300998687744141,success
0431884A9C4C81,0,['Arena'],Casa Giulietta,"['Centro Fotografia', 'Sighseeing', 'Torre Lamberti', 'Museo Conte', 'Museo Radio']",Torre Lamberti,strategy_nearest,True,0.0018010139465332031,success
04318B4A9C4C80,0,['Arena'],Casa Giulietta,"['Centro Fotografia', 'Sighseeing', 'Torre Lamberti', 'Museo Conte', 'Museo Radio']",Torre Lamberti,strategy_nearest,True,0.00392603874206543,success
0431874A9C4C80,0,['Arena'],Casa Giulietta,"['Centro Fotografia', 'Sighseeing', 'Torre Lamberti', 'Museo Conte', 'Museo Radio']",Santa Anastasia,strategy_nearest,False,0.002628803253173828,success
04318A3A9C4C81,2,['Castelvecchio'],Casa Giulietta,"['Centro Fotografia', 'Sighseeing', 'Torre Lamberti', 'Museo Conte', 'Museo Radio']",Torre Lamberti,strategy_nearest,True,0.003686189651489258,success
04318F429C4C80,3,"['Arena', 'Castelvecchio', 'San Zeno']",Duomo,"['AMO', 'Museo Miniscalchi', 'Santa Anastasia', 'Teatro Romano', 'Palazzo della Ragione']",Teatro Romano,strategy_nearest,True,0.0017409324645996094,success
0431904A9C4C81,1,"['Arena', 'Casa Giulietta', 'San Zeno']",Castelvecchio,"['Museo Lapidario', 'Verona Tour', 'Museo Radio', 'Sighseeing', 'Museo Miniscalchi']",Torre Lamberti,strategy_nearest,False,0.0026998519897460938,success
043190429C4C80,3,"['Arena', 'San Fermo', 'Torre Lamberti']",Santa Anastasia,"['AMO', 'Museo Conte', 'Palazzo della Ragione', 'Teatro Romano', 'Centro Fotografia']",Casa Giulietta,strategy_nearest,False,0.0024840831756591797,success
04318E4A9C4C80,0,"['Arena', 'Casa Giulietta']",Torre Lamberti,"['Sighseeing', 'Centro Fotografia', 'Museo Conte', 'Palazzo della Ragione', 'AMO']",Giardino Giusti,strategy_nearest,False,0.003988027572631836,success
0431924A9C4C80,0,['Arena'],Casa Giulietta,"['Centro Fotografia', 'Sighseeing', 'Torre Lamberti', 'Museo Conte', 'Museo Radio']",Santa Anastasia,strategy_nearest,False,0.00215911865234375,success
043193429C4C80,1,"['Casa Giulietta', 'Torre Lamberti', 'Palazzo della Ragione']",Arena,"['Verona Tour', 'Museo Lapidario', 'Museo Radio', 'San Fermo', 'Sighseeing']",San Fermo,strategy_nearest,True,0.0022051334381103516,success
0431924A9C4C81,1,"['Teatro Romano', 'Santa Anastasia']",Arena,"['Verona Tour', 'Museo Lapidario', 'Museo Radio', 'San Fermo', 'Casa Giulietta']",Palazzo della Ragione,strategy_nearest,False,0.0028791427612304688,success
0431934A9C4C80,3,"['Arena', 'Santa Anastasia']",Duomo,"['AMO', 'Museo Miniscalchi', 'Teatro Romano', 'Palazzo della Ragione', 'Museo Conte']",Casa Giulietta,strategy_nearest,False,0.0031647682189941406,success
0431A7429C4C80,0,['Casa Giulietta'],Castelvecchio,"['Museo Lapidario', 'Verona Tour', 'Arena', 'Museo Radio', 'San Zeno']",Duomo,strategy_nearest,False,0.0035767555236816406,success
0431A9429C4C81,3,['Casa Giulietta'],Torre Lamberti,"['Sighseeing', 'Centro Fotografia', 'Museo Conte', 'Palazzo della Ragione', 'AMO']",Arena,strategy_nearest,False,0.002383708953857422,success
0431A74A9C4C80,0,"['Arena', 'Casa Giulietta']",Torre Lamberti,"['Sighseeing', 'Centro Fotografia', 'Museo Conte', 'Palazzo della Ragione', 'AMO']",Teatro Romano,strategy_nearest,False,0.0031859874725341797,success
0431AA429C4C81,0,['Castelvecchio'],San Zeno,"['Verona Tour', 'Museo Lapidario', 'Arena', 'Museo Miniscalchi', 'Sighseeing']",Teatro Romano,strategy_nearest,False,0.0034360885620117188,success
0431AB429C4C80,0,['Castelvecchio'],Arena,"['Verona Tour', 'Museo Lapidario', 'Museo Radio', 'San Fermo', 'Casa Giulietta']",Casa Giulietta,strategy_nearest,True,0.002153158187866211,success
0431AB429C4C81,3,"['Arena', 'Castelvecchio']",Torre Lamberti,"['Sighseeing', 'Centro Fotografia', 'Museo Conte', 'Casa Giulietta', 'Palazzo della Ragione']",Casa Giulietta,strategy_nearest,True,0.002891063690185547,success
0431B0429C4C81,0,['Arena'],Casa Giulietta,"['Centro Fotografia', 'Sighseeing', 'Torre Lamberti', 'Museo Conte', 'Museo Radio']",Torre Lamberti,strategy_nearest,True,0.003493785858154297,success
0431B2429C4C80,2,"['Teatro Romano', 'Duomo']",Santa Anastasia,"['AMO', 'Museo Conte', 'Palazzo della Ragione', 'Centro Fotografia', 'Torre Lamberti']",Torre Lamberti,strategy_nearest,True,0.0024607181549072266,success
0431AE3A9C4C80,2,['San Zeno'],Duomo,"['AMO', 'Museo Miniscalchi', 'Santa Anastasia', 'Teatro Romano', 'Palazzo della Ragione']",Santa Anastasia,strategy_nearest,True,0.002844095230102539,success
0431B43A9C4C81,0,['Arena'],Torre Lamberti,"['Sighseeing', 'Centro Fotografia', 'Museo Conte', 'Casa Giulietta', 'Palazzo della Ragione']",Casa Giulietta,strategy_nearest,True,0.002582073211669922,success
0431B4429C4C81,2,['Torre Lamberti'],Duomo,"['AMO', 'Museo Miniscalchi', 'Santa Anastasia', 'Teatro Romano', 'Palazzo della Ragione']",Santa Anastasia,strategy_nearest,True,0.0025348663330078125,success
0431B8429C4C81,0,['Arena'],Casa Giulietta,"['Centro Fotografia', 'Sighseeing', 'Torre Lamberti', 'Museo Conte', 'Museo Radio']",Torre Lamberti,strategy_nearest,True,0.0018420219421386719,success
0431B9429C4C81,0,['Arena'],Torre Lamberti,"['Sighseeing', 'Centro Fotografia', 'Museo Conte', 'Casa Giulietta', 'Palazzo della Ragione']",Castelvecchio,strategy_nearest,False,0.0024650096893310547,success
0431BB3A9C4C80,3,"['Arena', 'Santa Anastasia']",Duomo,"['AMO', 'Museo Miniscalchi', 'Teatro Romano', 'Palazzo della Ragione', 'Museo Conte']",Casa Giulietta,strategy_nearest,False,0.003612041473388672,success
0431C1429C4C80,3,"['Arena', 'Torre Lamberti']",Casa Giulietta,"['Centro Fotografia', 'Sighseeing', 'Museo Conte', 'Museo Radio', 'Palazzo della Ragione']",Santa Anastasia,strategy_nearest,False,0.0027060508728027344,success
0431C13A9C4C81,1,['Arena'],Casa Giulietta,"['Centro Fotografia', 'Sighseeing', 'Torre Lamberti', 'Museo Conte', 'Museo Radio']",Torre Lamberti,strategy_nearest,True,0.002567291259765625,success
0431C23A9C4C81,0,['Arena'],San Zeno,"['Castelvecchio', 'Verona Tour', 'Museo Lapidario', 'Museo Miniscalchi', 'Sighseeing']",Torre Lamberti,strategy_nearest,False,0.0029180049896240234,success
0431C8429C4C80,0,"['Arena', 'Casa Giulietta']",Teatro Romano,"['Santa Anastasia', 'Duomo', 'AMO', 'Palazzo della Ragione', 'Museo Conte']",Giardino Giusti,strategy_nearest,False,0.002279043197631836,success
0431C9429C4C80,2,"['Santa Anastasia', 'Duomo']",Teatro Romano,"['AMO', 'Palazzo della Ragione', 'Museo Conte', 'Centro Fotografia', 'Museo Miniscalchi']",San Fermo,strategy_nearest,False,0.0031669139862060547,success
0431CA429C4C81,0,['Castelvecchio'],Arena,"['Verona Tour', 'Museo Lapidario', 'Museo Radio', 'San Fermo', 'Casa Giulietta']",Casa Giulietta,strategy_nearest,True,0.0013039112091064453,success
0431CB429C4C81,3,"['Arena', 'Santa Anastasia', 'Duomo']",Casa Giulietta,"['Centro Fotografia', 'Sighseeing', 'Torre Lamberti', 'Museo Conte', 'Museo Radio']",Teatro Romano,strategy_nearest,False,0.003097057342529297,success
0431CA3A9C4C80,2,"['Castelvecchio', 'Duomo']",Santa Anastasia,"['AMO', 'Museo Conte', 'Palazzo della Ragione', 'Teatro Romano', 'Centro Fotografia']",San Fermo,strategy_nearest,False,0.0019989013671875,success
0431CF3A9C4C80,3,['Arena'],Torre Lamberti,"['Sighseeing', 'Centro Fotografia', 'Museo Conte', 'Casa Giulietta', 'Palazzo della Ragione']",Santa Anastasia,strategy_nearest,False,0.0015079975128173828,success
0431D7429C4C80,0,['Arena'],Casa Giulietta,"['Centro Fotografia', 'Sighseeing', 'Torre Lamberti', 'Museo Conte', 'Museo Radio']",Santa Anastasia,strategy_nearest,False,0.002638101577758789,success
0431CE429C4C81,2,"['Torre Lamberti', 'Palazzo della Ragione']",Santa Anastasia,"['AMO', 'Museo Conte', 'Teatro Romano', 'Centro Fotografia', 'Duomo']",Duomo,strategy_nearest,True,0.002148866653442383,success
0431D0429C4C80,1,"['Arena', 'Casa Giulietta', 'Torre Lamberti']",Palazzo della Ragione,"['AMO', 'Museo Conte', 'Centro Fotografia', 'Sighseeing', 'Santa Anastasia']",Santa Anastasia,strategy_nearest,True,0.003390073776245117,success
0431EC3A9C4C80,2,"['Torre Lamberti', 'Casa Giulietta', 'Santa Anastasia']",Duomo,"['AMO', 'Museo Miniscalchi', 'Teatro Romano', 'Palazzo della Ragione', 'Museo Conte']",Teatro Romano,strategy_nearest,True,0.001199960708618164,success
0431E43A9C4C80,3,"['Torre Lamberti', 'San Fermo', 'Arena']",Casa Giulietta,"['Centro Fotografia', 'Sighseeing', 'Museo Conte', 'Museo Radio', 'Palazzo della Ragione']",Museo Storia,strategy_nearest,False,0.0027692317962646484,success
0431EF3A9C4C80,1,"['Arena', 'Casa Giulietta', 'San Zeno']",Castelvecchio,"['Museo Lapidario', 'Verona Tour', 'Museo Radio', 'Sighseeing', 'Museo Miniscalchi']",Palazzo della Ragione,strategy_nearest,False,0.0034286975860595703,success
0431F23A9C4C80,3,['Arena'],Casa Giulietta,"['Centro Fotografia', 'Sighseeing', 'Torre Lamberti', 'Museo Conte', 'Museo Radio']",Santa Anastasia,strategy_nearest,False,0.002577066421508789,success
0431F33A9C4C80,0,"['Arena', 'Duomo']",Museo Lapidario,"['Verona Tour', 'Castelvecchio', 'Museo Radio', 'San Fermo', 'Casa Giulietta']",Castelvecchio,strategy_nearest,True,0.0026662349700927734,success
0431F73A9C4C80,1,"['Torre Lamberti', 'Palazzo della Ragione', 'Santa Anastasia']",Duomo,"['AMO', 'Museo Miniscalchi', 'Teatro Romano', 'Museo Conte', 'Centro Fotografia']",Castelvecchio,strategy_nearest,False,0.0036110877990722656,success
0431FA3A9C4C80,3,['Arena'],Casa Giulietta,"['Centro Fotografia', 'Sighseeing', 'Torre Lamberti', 'Museo Conte', 'Museo Radio']",Santa Anastasia,strategy_nearest,False,0.002872943878173828,success
0431F83A9C4C80,0,['Arena'],Duomo,"['AMO', 'Museo Miniscalchi', 'Santa Anastasia', 'Teatro Romano', 'Palazzo della Ragione']",Casa Giulietta,strategy_nearest,False,0.0036220550537109375,success
0432393A9C4C80,0,"['Arena', 'Casa Giulietta']",Torre Lamberti,"['Sighseeing', 'Centro Fotografia', 'Museo Conte', 'Palazzo della Ragione', 'AMO']",Castelvecchio,strategy_nearest,False,0.002473115921020508,success
0432023A9C4C84,0,['Arena'],Casa Giulietta,"['Centro Fotografia', 'Sighseeing', 'Torre Lamberti', 'Museo Conte', 'Museo Radio']",Castelvecchio,strategy_nearest,False,0.0027620792388916016,success
0432394A9C4C80,3,"['Casa Giulietta', 'Torre Lamberti', 'Santa Anastasia']",Duomo,"['AMO', 'Museo Miniscalchi', 'Teatro Romano', 'Palazzo della Ragione', 'Museo Conte']",Teatro Romano,strategy_nearest,True,0.002286195755004883,success
043239429C4C80,3,"['Arena', 'Casa Giulietta', 'Torre Lamberti']",San Fermo,"['Museo Storia', 'Museo Radio', 'Centro Fotografia', 'Sighseeing', 'Museo Conte']",Duomo,strategy_nearest,False,0.003256082534790039,success
043255429C4C80,0,['Arena'],Casa Giulietta,"['Centro Fotografia', 'Sighseeing', 'Torre Lamberti', 'Museo Conte', 'Museo Radio']",San Zeno,strategy_nearest,False,0.0013742446899414062,success
04323B4A9C4C80,3,"['Arena', 'Tomba Giulietta']",Casa Giulietta,"['Centro Fotografia', 'Sighseeing', 'Torre Lamberti', 'Museo Conte', 'Museo Radio']",Torre Lamberti,strategy_nearest,True,0.002613067626953125,success
043247429C4C80,2,"['Teatro Romano', 'Duomo']",Torre Lamberti,"['Sighseeing', 'Centro Fotografia', 'Museo Conte', 'Casa Giulietta', 'Palazzo della Ragione']",Casa Giulietta,strategy_nearest,True,0.0031332969665527344,success
043263429C4C80,0,['Arena'],Casa Giulietta,"['Centro Fotografia', 'Sighseeing', 'Torre Lamberti', 'Museo Conte', 'Museo Radio']",Castelvecchio,strategy_nearest,False,0.0017910003662109375,success
04325D429C4C80,3,['Arena'],Castelvecchio,"['Museo Lapidario', 'Verona Tour', 'Museo Radio', 'San Zeno', 'Sighseeing']",Santa Anastasia,strategy_nearest,False,0.003198862075805664,success
04326E3A9C4C80,2,"['San Zeno', 'Duomo', 'Teatro Romano']",Casa Giulietta,"['Centro Fotografia', 'Sighseeing', 'Torre Lamberti', 'Museo Conte', 'Museo Radio']",Torre Lamberti,strategy_nearest,True,0.0024199485778808594,success
043268429C4C80,3,"['Arena', 'Torre Lamberti']",Casa Giulietta,"['Centro Fotografia', 'Sighseeing', 'Museo Conte', 'Museo Radio', 'Palazzo della Ragione']",Teatro Romano,strategy_nearest,False,0.0019068717956542969,success
0432743A9C4C81,0,['Arena'],Torre Lamberti,"['Sighseeing', 'Centro Fotografia', 'Museo Conte', 'Casa Giulietta', 'Palazzo della Ragione']",Casa Giulietta,strategy_nearest,True,0.0013887882232666016,success
043272429C4C81,3,"['Arena', 'Torre Lamberti']",Casa Giulietta,"['Centro Fotografia', 'Sighseeing', 'Museo Conte', 'Museo Radio', 'Palazzo della Ragione']",Santa Anastasia,strategy_nearest,False,0.002763986587524414,success
0432713A9C4C80,1,"['Arena', 'Palazzo della Ragione']",Teatro Romano,"['Santa Anastasia', 'Duomo', 'AMO', 'Museo Conte', 'Centro Fotografia']",Duomo,strategy_nearest,True,0.0021812915802001953,success
043275429C4C81,1,['Arena'],Casa Giulietta,"['Centro Fotografia', 'Sighseeing', 'Torre Lamberti', 'Museo Conte', 'Museo Radio']",Torre Lamberti,strategy_nearest,True,0.003484964370727539,success
0432773A9C4C80,3,"['Arena', 'Torre Lamberti']",Teatro Romano,"['Santa Anastasia', 'Duomo', 'AMO', 'Palazzo della Ragione', 'Museo Conte']",Santa Anastasia,strategy_nearest,True,0.001993894577026367,success
0432773A9C4C81,3,['Arena'],Torre Lamberti,"['Sighseeing', 'Centro Fotografia', 'Museo Conte', 'Casa Giulietta', 'Palazzo della Ragione']",Santa Anastasia,strategy_nearest,False,0.0024802684783935547,success
0432783A9C4C81,3,['Casa Giulietta'],Arena,"['Verona Tour', 'Museo Lapidario', 'Museo Radio', 'San Fermo', 'Sighseeing']",Santa Anastasia,strategy_nearest,False,0.00269317626953125,success
04327B4A9C4C81,2,['Castelvecchio'],San Zeno,"['Verona Tour', 'Museo Lapidario', 'Arena', 'Museo Miniscalchi', 'Sighseeing']",Torre Lamberti,strategy_nearest,False,0.002566814422607422,success
043278429C4C80,0,['Arena'],Casa Giulietta,"['Centro Fotografia', 'Sighseeing', 'Torre Lamberti', 'Museo Conte', 'Museo Radio']",Castelvecchio,strategy_nearest,False,0.0026509761810302734,success
0432853A9C4C81,2,['Castelvecchio'],Casa Giulietta,"['Centro Fotografia', 'Sighseeing', 'Torre Lamberti', 'Museo Conte', 'Museo Radio']",Torre Lamberti,strategy_nearest,True,0.0021181106567382812,success
0432844A9C4C80,1,"['Arena', 'Torre Lamberti', 'Palazzo della Ragione']",Casa Giulietta,"['Centro Fotografia', 'Sighseeing', 'Museo Conte', 'Museo Radio', 'San Fermo']",Museo Storia,strategy_nearest,False,0.0035071372985839844,success
043286429C4C81,3,"['Arena', 'Castelvecchio']",Tomba Giulietta,"['San Fermo', 'Museo Storia', 'Museo Lapidario', 'Museo Radio', 'Verona Tour']",Duomo,strategy_nearest,False,0.0025157928466796875,success
0432854A9C4C81,0,['Arena'],Casa Giulietta,"['Centro Fotografia', 'Sighseeing', 'Torre Lamberti', 'Museo Conte', 'Museo Radio']",San Zeno,strategy_nearest,False,0.0032050609588623047,success
043287429C4C81,3,"['Arena', 'Museo Lapidario']",Castelvecchio,"['Verona Tour', 'Museo Radio', 'San Zeno', 'Sighseeing', 'Museo Miniscalchi']",San Zeno,strategy_nearest,True,0.0021440982818603516,success
04328C4A9C4C81,1,"['Arena', 'Casa Giulietta', 'Palazzo della Ragione']",Santa Anastasia,"['AMO', 'Museo Conte', 'Teatro Romano', 'Centro Fotografia', 'Duomo']",Duomo,strategy_nearest,True,0.0020520687103271484,success
0432874A9C4C81,0,['Arena'],Casa Giulietta,"['Centro Fotografia', 'Sighseeing', 'Torre Lamberti', 'Museo Conte', 'Museo Radio']",San Fermo,strategy_nearest,False,0.0033991336822509766,success
043290429C4C80,2,"['Casa Giulietta', 'Santa Anastasia']",Duomo,"['AMO', 'Museo Miniscalchi', 'Teatro Romano', 'Palazzo della Ragione', 'Museo Conte']",Teatro Romano,strategy_nearest,True,0.0032091140747070312,success
043296429C4C81,0,['Arena'],Castelvecchio,"['Museo Lapidario', 'Verona Tour', 'Museo Radio', 'San Zeno', 'Sighseeing']",San Zeno,strategy_nearest,True,0.0016040802001953125,success
0432A44A9C4C80,3,"['Arena', 'Casa Giulietta']",Santa Anastasia,"['AMO', 'Museo Conte', 'Palazzo della Ragione', 'Teatro Romano', 'Centro Fotografia']",Duomo,strategy_nearest,False,0.0019419193267822266,success
04329A429C4C81,0,"['Arena', 'Casa Giulietta']",Santa Anastasia,"['AMO', 'Museo Conte', 'Palazzo della Ragione', 'Teatro Romano', 'Centro Fotografia']",Castelvecchio,strategy_nearest,False,0.0026388168334960938,success
0432A84A9C4C81,1,['Arena'],Casa Giulietta,"['Centro Fotografia', 'Sighseeing', 'Torre Lamberti', 'Museo Conte', 'Museo Radio']",Palazzo della Ragione,strategy_nearest,False,0.0018329620361328125,success
0432A6429C4C81,0,['Arena'],Casa Giulietta,"['Centro Fotografia', 'Sighseeing', 'Torre Lamberti', 'Museo Conte', 'Museo Radio']",Giardino Giusti,strategy_nearest,False,0.003287076950073242,success
0432AA3A9C4C81,1,"['Arena', 'Castelvecchio']",Teatro Romano,"['Santa Anastasia', 'Duomo', 'AMO', 'Palazzo della Ragione', 'Museo Conte']",Torre Lamberti,strategy_nearest,False,0.002447843551635742,success
0432AB429C4C81,3,['Arena'],Casa Giulietta,"['Centro Fotografia', 'Sighseeing', 'Torre Lamberti', 'Museo Conte', 'Museo Radio']",Santa Anastasia,strategy_nearest,False,0.002457857131958008,success
0432AC429C4C80,1,"['Arena', 'Torre Lamberti']",Palazzo della Ragione,"['AMO', 'Museo Conte', 'Centro Fotografia', 'Sighseeing', 'Santa Anastasia']",Santa Anastasia,strategy_nearest,True,0.0019137859344482422,success
0432B03A9C4C81,3,"['Santa Anastasia', 'Castelvecchio']",Arena,"['Verona Tour', 'Museo Lapidario', 'Museo Radio', 'San Fermo', 'Casa Giulietta']",Duomo,strategy_nearest,False,0.0025947093963623047,success
0432B13A9C4C80,1,"['Arena', 'Castelvecchio', 'Torre Lamberti']",Palazzo della Ragione,"['AMO', 'Museo Conte', 'Centro Fotografia', 'Sighseeing', 'Santa Anastasia']",Casa Giulietta,strategy_nearest,False,0.0027031898498535156,success
0432B13A9C4C81,1,"['Arena', 'San Fermo']",Casa Giulietta,"['Centro Fotografia', 'Sighseeing', 'Torre Lamberti', 'Museo Conte', 'Museo Radio']",Torre Lamberti,strategy_nearest,True,0.003313779830932617,success
0432B8429C4C81,1,"['Arena', 'Castelvecchio', 'Santa Anastasia']",Duomo,"['AMO', 'Museo Miniscalchi', 'Teatro Romano', 'Palazzo della Ragione', 'Museo Conte']",Casa Giulietta,strategy_nearest,False,0.001425027847290039,success
0432B43A9C4C81,3,['Arena'],Santa Anastasia,"['AMO', 'Museo Conte', 'Palazzo della Ragione', 'Teatro Romano', 'Centro Fotografia']",Duomo,strategy_nearest,False,0.002804994583129883,success
0432B5429C4C81,0,['Casa Giulietta'],Torre Lamberti,"['Sighseeing', 'Centro Fotografia', 'Museo Conte', 'Palazzo della Ragione', 'AMO']",Arena,strategy_nearest,False,0.0033330917358398438,success
0432B9429C4C81,2,"['Teatro Romano', 'Duomo', 'Santa Anastasia']",Torre Lamberti,"['Sighseeing', 'Centro Fotografia', 'Museo Conte', 'Casa Giulietta', 'Palazzo della Ragione']",Casa Giulietta,strategy_nearest,True,0.0025620460510253906,success
0432C33A9C4C80,0,['Arena'],Museo Lapidario,"['Verona Tour', 'Castelvecchio', 'Museo Radio', 'San Fermo', 'Casa Giulietta']",Casa Giulietta,strategy_nearest,True,0.002568960189819336,success
0432BF3A9C4C81,2,"['Torre Lamberti', 'San Fermo']",Santa Anastasia,"['AMO', 'Museo Conte', 'Palazzo della Ragione', 'Teatro Romano', 'Centro Fotografia']",Duomo,strategy_nearest,False,0.001535177230834961,success
0432BE3A9C4C81,3,"['Arena', 'Torre Lamberti']",Casa Giulietta,"['Centro Fotografia', 'Sighseeing', 'Museo Conte', 'Museo Radio', 'Palazzo della Ragione']",Santa Anastasia,strategy_nearest,False,0.0022058486938476562,success
0432C13A9C4C80,0,['Arena'],Casa Giulietta,"['Centro Fotografia', 'Sighseeing', 'Torre Lamberti', 'Museo Conte', 'Museo Radio']",Santa Anastasia,strategy_nearest,False,0.0033349990844726562,success
0432C3429C4C81,2,"['Casa Giulietta', 'Santa Anastasia']",Duomo,"['AMO', 'Museo Miniscalchi', 'Teatro Romano', 'Palazzo della Ragione', 'Museo Conte']",Tomba Giulietta,strategy_nearest,False,0.0019998550415039062,success
0432C83A9C4C80,0,['Arena'],Casa Giulietta,"['Centro Fotografia', 'Sighseeing', 'Torre Lamberti', 'Museo Conte', 'Museo Radio']",Torre Lamberti,strategy_nearest,True,0.002463817596435547,success
0432C9429C4C81,2,"['Santa Anastasia', 'Duomo']",San Fermo,"['Museo Storia', 'Museo Radio', 'Casa Giulietta', 'Centro Fotografia', 'Arena']",San Zeno,strategy_nearest,False,0.0020368099212646484,success
0432C73A9C4C80,1,"['Arena', 'San Fermo', 'Museo Storia']",Casa Giulietta,"['Centro Fotografia', 'Sighseeing', 'Torre Lamberti', 'Museo Conte', 'Museo Radio']",Palazzo della Ragione,strategy_nearest,False,0.0013689994812011719,success
0432CE3A9C4C80,3,"['Castelvecchio', 'Duomo']",Teatro Romano,"['Santa Anastasia', 'AMO', 'Palazzo della Ragione', 'Museo Conte', 'Centro Fotografia']",Santa Anastasia,strategy_nearest,True,0.0015079975128173828,success
0432CC3A9C4C81,3,"['Castelvecchio', 'Arena']",Casa Giulietta,"['Centro Fotografia', 'Sighseeing', 'Torre Lamberti', 'Museo Conte', 'Museo Radio']",Torre Lamberti,strategy_nearest,True,0.0021779537200927734,success
0432CA3A9C4C80,3,['Arena'],Casa Giulietta,"['Centro Fotografia', 'Sighseeing', 'Torre Lamberti', 'Museo Conte', 'Museo Radio']",Torre Lamberti,strategy_nearest,True,0.003451108932495117,success
0432CE429C4C81,3,"['Torre Lamberti', 'Casa Giulietta', 'Santa Anastasia']",Duomo,"['AMO', 'Museo Miniscalchi', 'Teatro Romano', 'Palazzo della Ragione', 'Museo Conte']",Arena,strategy_nearest,False,0.0031850337982177734,success
0432D8429C4C80,0,['Arena'],Casa Giulietta,"['Centro Fotografia', 'Sighseeing', 'Torre Lamberti', 'Museo Conte', 'Museo Radio']",Torre Lamberti,strategy_nearest,True,0.0015549659729003906,success
0432D63A9C4C80,3,"['Arena', 'Casa Giulietta', 'San Zeno']",Castelvecchio,"['Museo Lapidario', 'Verona Tour', 'Museo Radio', 'Sighseeing', 'Museo Miniscalchi']",Duomo,strategy_nearest,False,0.0021948814392089844,success
0432EC3A9C4C80,1,"['Arena', 'Castelvecchio', 'Duomo']",Casa Giulietta,"['Centro Fotografia', 'Sighseeing', 'Torre Lamberti', 'Museo Conte', 'Museo Radio']",Tomba Giulietta,strategy_nearest,False,0.0025510787963867188,success
0432E63A9C4C80,3,"['Arena', 'Castelvecchio']",Torre Lamberti,"['Sighseeing', 'Centro Fotografia', 'Museo Conte', 'Casa Giulietta', 'Palazzo della Ragione']",Santa Anastasia,strategy_nearest,False,0.0032770633697509766,success
0432EE3A9C4C80,0,['Arena'],Casa Giulietta,"['Centro Fotografia', 'Sighseeing', 'Torre Lamberti', 'Museo Conte', 'Museo Radio']",Torre Lamberti,strategy_nearest,True,0.0020380020141601562,success
0432FD429C4C80,0,"['Casa Giulietta', 'Arena']",Santa Anastasia,"['AMO', 'Museo Conte', 'Palazzo della Ragione', 'Teatro Romano', 'Centro Fotografia']",Giardino Giusti,strategy_nearest,False,0.0019261837005615234,success
0432FE429C4C80,3,"['Arena', 'Museo Lapidario']",Castelvecchio,"['Verona Tour', 'Museo Radio', 'San Zeno', 'Sighseeing', 'Museo Miniscalchi']",Duomo,strategy_nearest,False,0.0023679733276367188,success
0433013A9C4C84,1,['Arena'],Castelvecchio,"['Museo Lapidario', 'Verona Tour', 'Museo Radio', 'San Zeno', 'Sighseeing']",Torre Lamberti,strategy_nearest,False,0.0030782222747802734,success
043302429C4C84,2,['Castelvecchio'],San Fermo,"['Museo Storia', 'Museo Radio', 'Casa Giulietta', 'Centro Fotografia', 'Arena']",Santa Anastasia,strategy_nearest,False,0.001257181167602539,success
043305429C4C84,3,"['Castelvecchio', 'Santa Anastasia']",Casa Giulietta,"['Centro Fotografia', 'Sighseeing', 'Torre Lamberti', 'Museo Conte', 'Museo Radio']",Duomo,strategy_nearest,False,0.002073049545288086,success
04334B429C4C80,0,['Arena'],Casa Giulietta,"['Centro Fotografia', 'Sighseeing', 'Torre Lamberti', 'Museo Conte', 'Museo Radio']",Castelvecchio,strategy_nearest,False,0.0026879310607910156,success
0433403A9C4C80,0,['Arena'],Giardino Giusti,"['Santa Anastasia', 'Teatro Romano', 'Museo Conte', 'Centro Fotografia', 'Museo Storia']",Castelvecchio,strategy_nearest,False,0.00331878662109375,success
04334D429C4C80,2,['Duomo'],Casa Giulietta,"['Centro Fotografia', 'Sighseeing', 'Torre Lamberti', 'Museo Conte', 'Museo Radio']",San Fermo,strategy_nearest,False,0.002262115478515625,success
0433533A9C4C80,0,"['Tomba Giulietta', 'Arena']",Teatro Romano,"['Santa Anastasia', 'Duomo', 'AMO', 'Palazzo della Ragione', 'Museo Conte']",Casa Giulietta,strategy_nearest,False,0.0021600723266601562,success
0433523A9C4C80,0,['Arena'],Casa Giulietta,"['Centro Fotografia', 'Sighseeing', 'Torre Lamberti', 'Museo Conte', 'Museo Radio']",Santa Anastasia,strategy_nearest,False,0.002935647964477539,success
0433553A9C4C80,0,['Arena'],Castelvecchio,"['Museo Lapidario', 'Verona Tour', 'Museo Radio', 'San Zeno', 'Sighseeing']",Teatro Romano,strategy_nearest,False,0.003149271011352539,success
043360429C4C80,1,"['Arena', 'Museo Lapidario']",Castelvecchio,"['Verona Tour', 'Museo Radio', 'San Zeno', 'Sighseeing', 'Museo Miniscalchi']",Casa Giulietta,strategy_nearest,False,0.002901315689086914,success
04336D429C4C81,3,['Arena'],Torre Lamberti,"['Sighseeing', 'Centro Fotografia', 'Museo Conte', 'Casa Giulietta', 'Palazzo della Ragione']",Duomo,strategy_nearest,False,0.0017940998077392578,success
04336F3A9C4C80,0,"['Santa Anastasia', 'Arena']",Casa Giulietta,"['Centro Fotografia', 'Sighseeing', 'Torre Lamberti', 'Museo Conte', 'Museo Radio']",Tomba Giulietta,strategy_nearest,False,0.0026569366455078125,success
043362429C4C80,2,"['Torre Lamberti', 'Palazzo della Ragione']",Casa Giulietta,"['Centro Fotografia', 'Sighseeing', 'Museo Conte', 'Museo Radio', 'San Fermo']",Santa Anastasia,strategy_nearest,False,0.0026738643646240234,success
043373429C4C80,3,"['Arena', 'Casa Giulietta', 'Torre Lamberti']",Teatro Romano,"['Santa Anastasia', 'Duomo', 'AMO', 'Palazzo della Ragione', 'Museo Conte']",Duomo,strategy_nearest,True,0.0032219886779785156,success
043374429C4C81,3,"['Arena', 'Museo Lapidario']",Casa Giulietta,"['Centro Fotografia', 'Sighseeing', 'Torre Lamberti', 'Museo Conte', 'Museo Radio']",Torre Lamberti,strategy_nearest,True,0.0019268989562988281,success
0433743A9C4C80,3,"['Tomba Giulietta', 'Arena']",Casa Giulietta,"['Centro Fotografia', 'Sighseeing', 'Torre Lamberti', 'Museo Conte', 'Museo Radio']",Santa Anastasia,strategy_nearest,False,0.0022859573364257812,success
0433773A9C4C80,3,"['Arena', 'Casa Giulietta']",Santa Anastasia,"['AMO', 'Museo Conte', 'Palazzo della Ragione', 'Teatro Romano', 'Centro Fotografia']",Giardino Giusti,strategy_nearest,False,0.002566099166870117,success
043377429C4C80,0,['Casa Giulietta'],Arena,"['Verona Tour', 'Museo Lapidario', 'Museo Radio', 'San Fermo', 'Sighseeing']",Santa Anastasia,strategy_nearest,False,0.0022268295288085938,success
0433783A9C4C80,0,['Castelvecchio'],San Zeno,"['Verona Tour', 'Museo Lapidario', 'Arena', 'Museo Miniscalchi', 'Sighseeing']",Arena,strategy_nearest,True,0.002624988555908203,success
043378429C4C80,3,['Arena'],Casa Giulietta,"['Centro Fotografia', 'Sighseeing', 'Torre Lamberti', 'Museo Conte', 'Museo Radio']",Santa Anastasia,strategy_nearest,False,0.0030159950256347656,success
04337A4A9C4C80,0,"['Casa Giulietta', 'Torre Lamberti']",Duomo,"['AMO', 'Museo Miniscalchi', 'Santa Anastasia', 'Teatro Romano', 'Palazzo della Ragione']",Castelvecchio,strategy_nearest,False,0.003003835678100586,success
04337B4A9C4C81,0,['Arena'],Casa Giulietta,"['Centro Fotografia', 'Sighseeing', 'Torre Lamberti', 'Museo Conte', 'Museo Radio']",Giardino Giusti,strategy_nearest,False,0.0022902488708496094,success
04337C3A9C4C80,1,['Arena'],Casa Giulietta,"['Centro Fotografia', 'Sighseeing', 'Torre Lamberti', 'Museo Conte', 'Museo Radio']",Torre Lamberti,strategy_nearest,True,0.0026369094848632812,success
04337C4A9C4C81,0,['Torre Lamberti'],Arena,"['Verona Tour', 'Museo Lapidario', 'Museo Radio', 'San Fermo', 'Casa Giulietta']",Casa Giulietta,strategy_nearest,True,0.002904176712036133,success
04337D4A9C4C80,3,"['Arena', 'Torre Lamberti']",Casa Giulietta,"['Centro Fotografia', 'Sighseeing', 'Museo Conte', 'Museo Radio', 'Palazzo della Ragione']",Santa Anastasia,strategy_nearest,False,0.002276182174682617,success
04337E429C4C80,1,['Arena'],Casa Giulietta,"['Centro Fotografia', 'Sighseeing', 'Torre Lamberti', 'Museo Conte', 'Museo Radio']",Torre Lamberti,strategy_nearest,True,0.0016357898712158203,success
0433823A9C4C81,0,['Arena'],Casa Giulietta,"['Centro Fotografia', 'Sighseeing', 'Torre Lamberti', 'Museo Conte', 'Museo Radio']",Museo Storia,strategy_nearest,False,0.0023097991943359375,success
043380429C4C81,3,"['Arena', 'Casa Giulietta', 'San Fermo']",Torre Lamberti,"['Sighseeing', 'Centro Fotografia', 'Museo Conte', 'Palazzo della Ragione', 'AMO']",Santa Anastasia,strategy_nearest,False,0.0017981529235839844,success
043385429C4C80,0,['Arena'],Castelvecchio,"['Museo Lapidario', 'Verona Tour', 'Museo Radio', 'San Zeno', 'Sighseeing']",Santa Anastasia,strategy_nearest,False,0.0020301342010498047,success
043383429C4C81,3,"['Arena', 'Castelvecchio', 'Museo Lapidario']",Casa Giulietta,"['Centro Fotografia', 'Sighseeing', 'Torre Lamberti', 'Museo Conte', 'Museo Radio']",Santa Anastasia,strategy_nearest,False,0.0027060508728027344,success
0433854A9C4C80,3,"['Arena', 'Casa Giulietta']",Torre Lamberti,"['Sighseeing', 'Centro Fotografia', 'Museo Conte', 'Palazzo della Ragione', 'AMO']",Santa Anastasia,strategy_nearest,False,0.002591848373413086,success
043387429C4C81,1,"['Arena', 'Castelvecchio', 'Torre Lamberti']",Casa Giulietta,"['Centro Fotografia', 'Sighseeing', 'Museo Conte', 'Museo Radio', 'Palazzo della Ragione']",Palazzo della Ragione,strategy_nearest,True,0.0030977725982666016,success
04338D3A9C4C80,2,"['Teatro Romano', 'San Zeno']",Castelvecchio,"['Museo Lapidario', 'Verona Tour', 'Arena', 'Museo Radio', 'Sighseeing']",Casa Giulietta,strategy_nearest,False,0.0012307167053222656,success
04338E3A9C4C80,3,"['Arena', 'San Fermo']",Casa Giulietta,"['Centro Fotografia', 'Sighseeing', 'Torre Lamberti', 'Museo Conte', 'Museo Radio']",Santa Anastasia,strategy_nearest,False,0.00177001953125,success
043390429C4C81,0,"['Arena', 'Castelvecchio']",Casa Giulietta,"['Centro Fotografia', 'Sighseeing', 'Torre Lamberti', 'Museo Conte', 'Museo Radio']",Giardino Giusti,strategy_nearest,False,0.0028138160705566406,success
0433904A9C4C80,3,"['Santa Anastasia', 'Casa Giulietta']",Torre Lamberti,"['Sighseeing', 'Centro Fotografia', 'Museo Conte', 'Palazzo della Ragione', 'AMO']",Duomo,strategy_nearest,False,0.0032210350036621094,success
0433914A9C4C81,3,['Arena'],Torre Lamberti,"['Sighseeing', 'Centro Fotografia', 'Museo Conte', 'Casa Giulietta', 'Palazzo della Ragione']",Duomo,strategy_nearest,False,0.003072023391723633,success
043393429C4C80,2,"['San Fermo', 'Casa Giulietta']",Torre Lamberti,"['Sighseeing', 'Centro Fotografia', 'Museo Conte', 'Palazzo della Ragione', 'AMO']",Santa Anastasia,strategy_nearest,False,0.0024089813232421875,success
043393429C4C81,0,['Arena'],Casa Giulietta,"['Centro Fotografia', 'Sighseeing', 'Torre Lamberti', 'Museo Conte', 'Museo Radio']",Torre Lamberti,strategy_nearest,True,0.002228975296020508,success
04339F4A9C4C81,3,"['Arena', 'Torre Lamberti']",Castelvecchio,"['Museo Lapidario', 'Verona Tour', 'Museo Radio', 'San Zeno', 'Sighseeing']",Santa Anastasia,strategy_nearest,False,0.0033299922943115234,success
043395429C4C81,0,['Arena'],Casa Giulietta,"['Centro Fotografia', 'Sighseeing', 'Torre Lamberti', 'Museo Conte', 'Museo Radio']",Torre Lamberti,strategy_nearest,True,0.002178192138671875,success
0433A34A9C4C81,0,['Arena'],Castelvecchio,"['Museo Lapidario', 'Verona Tour', 'Museo Radio', 'San Zeno', 'Sighseeing']",Casa Giulietta,strategy_nearest,False,0.002403736114501953,success
0433A53A9C4C81,0,['Arena'],Castelvecchio,"['Museo Lapidario', 'Verona Tour', 'Museo Radio', 'San Zeno', 'Sighseeing']",Casa Giulietta,strategy_nearest,False,0.0026717185974121094,success
0433A8429C4C80,2,"['Casa Giulietta', 'Torre Lamberti', 'Palazzo della Ragione']",Santa Anastasia,"['AMO', 'Museo Conte', 'Teatro Romano', 'Centro Fotografia', 'Duomo']",Tomba Giulietta,strategy_nearest,False,0.002156972885131836,success
0433A8429C4C81,0,['Arena'],Museo Lapidario,"['Verona Tour', 'Castelvecchio', 'Museo Radio', 'San Fermo', 'Casa Giulietta']",Casa Giulietta,strategy_nearest,True,0.002026081085205078,success
0433A84A9C4C81,0,"['Arena', 'Casa Giulietta']",Giardino Giusti,"['Santa Anastasia', 'Teatro Romano', 'Museo Conte', 'Centro Fotografia', 'Museo Storia']",Teatro Romano,strategy_nearest,True,0.0024721622467041016,success
0433A94A9C4C81,3,"['San Zeno', 'Castelvecchio']",Arena,"['Verona Tour', 'Museo Lapidario', 'Museo Radio', 'San Fermo', 'Casa Giulietta']",Santa Anastasia,strategy_nearest,False,0.0033767223358154297,success
0433AA429C4C80,0,['Arena'],Torre Lamberti,"['Sighseeing', 'Centro Fotografia', 'Museo Conte', 'Casa Giulietta', 'Palazzo della Ragione']",Casa Giulietta,strategy_nearest,True,0.001970052719116211,success
0433AB429C4C81,0,['Castelvecchio'],Arena,"['Verona Tour', 'Museo Lapidario', 'Museo Radio', 'San Fermo', 'Casa Giulietta']",Torre Lamberti,strategy_nearest,False,0.002210855484008789,success
0433AA429C4C81,3,"['Arena', 'San Fermo']",Museo Lapidario,"['Verona Tour', 'Castelvecchio', 'Museo Radio', 'Casa Giulietta', 'Tomba Giulietta']",Casa Giulietta,strategy_nearest,True,0.002666950225830078,success
0433AC429C4C80,0,['Casa Giulietta'],Torre Lamberti,"['Sighseeing', 'Centro Fotografia', 'Museo Conte', 'Palazzo della Ragione', 'AMO']",Arena,strategy_nearest,False,0.0022242069244384766,success
0433B3429C4C81,3,"['Arena', 'Casa Giulietta', 'Torre Lamberti']",Santa Anastasia,"['AMO', 'Museo Conte', 'Palazzo della Ragione', 'Teatro Romano', 'Centro Fotografia']",Duomo,strategy_nearest,False,0.0022270679473876953,success
0433AE429C4C80,0,"['Casa Giulietta', 'Torre Lamberti']",San Fermo,"['Museo Storia', 'Museo Radio', 'Centro Fotografia', 'Arena', 'Sighseeing']",Tomba Giulietta,strategy_nearest,False,0.0037500858306884766,success
0433B7429C4C81,3,"['Tomba Giulietta', 'Giardino Giusti']",Teatro Romano,"['Santa Anastasia', 'Duomo', 'AMO', 'Palazzo della Ragione', 'Museo Conte']",Duomo,strategy_nearest,True,0.0034749507904052734,success
0433BB3A9C4C81,2,['Torre Lamberti'],Palazzo della Ragione,"['AMO', 'Museo Conte', 'Centro Fotografia', 'Sighseeing', 'Santa Anastasia']",Casa Giulietta,strategy_nearest,False,0.001920938491821289,success
0433BD3A9C4C80,0,['Arena'],Casa Giulietta,"['Centro Fotografia', 'Sighseeing', 'Torre Lamberti', 'Museo Conte', 'Museo Radio']",Torre Lamberti,strategy_nearest,True,0.0018029212951660156,success
0433BF3A9C4C80,3,"['Casa Giulietta', 'Santa Anastasia']",San Zeno,"['Castelvecchio', 'Verona Tour', 'Museo Lapidario', 'Arena', 'Museo Miniscalchi']",Arena,strategy_nearest,True,0.0035440921783447266,success
0433C23A9C4C80,0,"['Teatro Romano', 'Duomo']",Casa Giulietta,"['Centro Fotografia', 'Sighseeing', 'Torre Lamberti', 'Museo Conte', 'Museo Radio']",Castelvecchio,strategy_nearest,False,0.002622842788696289,success
0433C33A9C4C80,2,"['San Fermo', 'Palazzo della Ragione']",Torre Lamberti,"['Sighseeing', 'Centro Fotografia', 'Museo Conte', 'Casa Giulietta', 'AMO']",Santa Anastasia,strategy_nearest,False,0.0023691654205322266,success
0433C3429C4C80,3,"['Teatro Romano', 'Torre Lamberti']",Castelvecchio,"['Museo Lapidario', 'Verona Tour', 'Arena', 'Museo Radio', 'San Zeno']",Arena,strategy_nearest,True,0.0030541419982910156,success
0433C93A9C4C80,1,"['Casa Giulietta', 'Torre Lamberti']",Torre Lamberti,"['Sighseeing', 'Centro Fotografia', 'Museo Conte', 'Palazzo della Ragione', 'AMO']",Palazzo della Ragione,strategy_nearest,True,0.002050161361694336,success
0433C9429C4C80,2,['Santa Anastasia'],San Zeno,"['Castelvecchio', 'Verona Tour', 'Museo Lapidario', 'Arena', 'Museo Miniscalchi']",San Zeno,strategy_nearest,False,0.0026018619537353516,success
0433C8429C4C81,0,['Torre Lamberti'],Casa Giulietta,"['Centro Fotografia', 'Sighseeing', 'Museo Conte', 'Museo Radio', 'Palazzo della Ragione']",San Fermo,strategy_nearest,False,0.002819061279296875,success
0433CD429C4C80,2,['Casa Giulietta'],Torre Lamberti,"['Sighseeing', 'Centro Fotografia', 'Museo Conte', 'Palazzo della Ragione', 'AMO']",Palazzo della Ragione,strategy_nearest,True,0.0032889842987060547,success
0433CE3A9C4C80,2,"['Torre Lamberti', 'Santa Anastasia', 'Duomo']",San Fermo,"['Museo Storia', 'Museo Radio', 'Casa Giulietta', 'Centro Fotografia', 'Arena']",Castelvecchio,strategy_nearest,False,0.001811981201171875,success
0433D1429C4C80,3,"['Arena', 'Castelvecchio', 'Duomo']",Santa Anastasia,"['AMO', 'Museo Conte', 'Palazzo della Ragione', 'Teatro Romano', 'Centro Fotografia']",San Fermo,strategy_nearest,False,0.0028221607208251953,success
0433D53A9C4C80,3,"['Arena', 'Santa Anastasia']",Duomo,"['AMO', 'Museo Miniscalchi', 'Teatro Romano', 'Palazzo della Ragione', 'Museo Conte']",Teatro Romano,strategy_nearest,True,0.002686023712158203,success
0433E73A9C4C80,1,"['Arena', 'Casa Giulietta']",Torre Lamberti,"['Sighseeing', 'Centro Fotografia', 'Museo Conte', 'Palazzo della Ragione', 'AMO']",Palazzo della Ragione,strategy_nearest,True,0.002440929412841797,success
0433E93A9C4C80,3,"['Arena', 'Casa Giulietta']",Santa Anastasia,"['AMO', 'Museo Conte', 'Palazzo della Ragione', 'Teatro Romano', 'Centro Fotografia']",Teatro Romano,strategy_nearest,True,0.002293109893798828,success
0433FB3A9C4C80,0,"['Torre Lamberti', 'Casa Giulietta']",Giardino Giusti,"['Santa Anastasia', 'Teatro Romano', 'Museo Conte', 'Centro Fotografia', 'Museo Storia']",Castelvecchio,strategy_nearest,False,0.0025281906127929688,success
0433EE3A9C4C80,3,['Duomo'],Santa Anastasia,"['AMO', 'Museo Conte', 'Palazzo della Ragione', 'Teatro Romano', 'Centro Fotografia']",Arena,strategy_nearest,False,0.0026390552520751953,success
0433FC3A9C4C80,3,['Castelvecchio'],Arena,"['Verona Tour', 'Museo Lapidario', 'Museo Radio', 'San Fermo', 'Casa Giulietta']",Duomo,strategy_nearest,False,0.004683971405029297,success
0434463A9C4C80,3,['Arena'],Torre Lamberti,"['Sighseeing', 'Centro Fotografia', 'Museo Conte', 'Casa Giulietta', 'Palazzo della Ragione']",Santa Anastasia,strategy_nearest,False,0.003675222396850586,success
043439429C4C80,2,['Teatro Romano'],Giardino Giusti,"['Santa Anastasia', 'Museo Conte', 'Centro Fotografia', 'Museo Storia', 'AMO']",Torre Lamberti,strategy_nearest,False,0.003117084503173828,success
04344F429C4C80,0,['Arena'],Casa Giulietta,"['Centro Fotografia', 'Sighseeing', 'Torre Lamberti', 'Museo Conte', 'Museo Radio']",Torre Lamberti,strategy_nearest,True,0.0039370059967041016,success
04345D3A9C4C80,0,"['Castelvecchio', 'Torre Lamberti', 'Giardino Giusti']",Teatro Romano,"['Santa Anastasia', 'Duomo', 'AMO', 'Palazzo della Ragione', 'Museo Conte']",Casa Giulietta,strategy_nearest,False,0.0034492015838623047,success
043461429C4C80,1,"['Arena', 'Torre Lamberti']",Palazzo della Ragione,"['AMO', 'Museo Conte', 'Centro Fotografia', 'Sighseeing', 'Santa Anastasia']",Santa Anastasia,strategy_nearest,True,0.002619028091430664,success
0434543A9C4C80,3,['Arena'],Santa Anastasia,"['AMO', 'Museo Conte', 'Palazzo della Ragione', 'Teatro Romano', 'Centro Fotografia']",Teatro Romano,strategy_nearest,True,0.00420689582824707,success
0434713A9C4C80,0,"['Arena', 'Casa Giulietta']",Teatro Romano,"['Santa Anastasia', 'Duomo', 'AMO', 'Palazzo della Ragione', 'Museo Conte']",Giardino Giusti,strategy_nearest,False,0.0047681331634521484,success
0434713A9C4C81,0,['Arena'],Casa Giulietta,"['Centro Fotografia', 'Sighseeing', 'Torre Lamberti', 'Museo Conte', 'Museo Radio']",Torre Lamberti,strategy_nearest,True,0.0021681785583496094,success
0434723A9C4C81,0,['Arena'],Casa Giulietta,"['Centro Fotografia', 'Sighseeing', 'Torre Lamberti', 'Museo Conte', 'Museo Radio']",Torre Lamberti,strategy_nearest,True,0.0030422210693359375,success
0434783A9C4C81,1,"['Museo Lapidario', 'Arena']",Casa Giulietta,"['Centro Fotografia', 'Sighseeing', 'Torre Lamberti', 'Museo Conte', 'Museo Radio']",Torre Lamberti,strategy_nearest,True,0.0030159950256347656,success
0434743A9C4C80,2,"['Tomba Giulietta', 'San Fermo']",Casa Giulietta,"['Centro Fotografia', 'Sighseeing', 'Torre Lamberti', 'Museo Conte', 'Museo Radio']",San Zeno,strategy_nearest,False,0.004621744155883789,success
04347B3A9C4C80,3,"['Arena', 'Casa Giulietta']",Torre Lamberti,"['Sighseeing', 'Centro Fotografia', 'Museo Conte', 'Palazzo della Ragione', 'AMO']",Santa Anastasia,strategy_nearest,False,0.0030379295349121094,success
04347C4A9C4C81,0,['Arena'],Casa Giulietta,"['Centro Fotografia', 'Sighseeing', 'Torre Lamberti', 'Museo Conte', 'Museo Radio']",Giardino Giusti,strategy_nearest,False,0.0032367706298828125,success
04347D4A9C4C80,1,"['Arena', 'Palazzo della Ragione', 'Torre Lamberti']",Casa Giulietta,"['Centro Fotografia', 'Sighseeing', 'Museo Conte', 'Museo Radio', 'San Fermo']",San Fermo,strategy_nearest,True,0.0019218921661376953,success
04347F429C4C81,0,['Arena'],Casa Giulietta,"['Centro Fotografia', 'Sighseeing', 'Torre Lamberti', 'Museo Conte', 'Museo Radio']",Santa Anastasia,strategy_nearest,False,0.0025992393493652344,success
04348A3A9C4C80,0,['Arena'],Casa Giulietta,"['Centro Fotografia', 'Sighseeing', 'Torre Lamberti', 'Museo Conte', 'Museo Radio']",Santa Anastasia,strategy_nearest,False,0.002260923385620117,success
0434834A9C4C80,0,['Arena'],Tomba Giulietta,"['San Fermo', 'Museo Storia', 'Museo Lapidario', 'Museo Radio', 'Verona Tour']",Casa Giulietta,strategy_nearest,False,0.0031239986419677734,success
04348D429C4C80,0,['Arena'],Castelvecchio,"['Museo Lapidario', 'Verona Tour', 'Museo Radio', 'San Zeno', 'Sighseeing']",Teatro Romano,strategy_nearest,False,0.0035970211029052734,success
04348E3A9C4C80,0,['Arena'],Casa Giulietta,"['Centro Fotografia', 'Sighseeing', 'Torre Lamberti', 'Museo Conte', 'Museo Radio']",Castelvecchio,strategy_nearest,False,0.0018460750579833984,success
0434904A9C4C81,3,"['Castelvecchio', 'Duomo']",Torre Lamberti,"['Sighseeing', 'Centro Fotografia', 'Museo Conte', 'Casa Giulietta', 'Palazzo della Ragione']",Casa Giulietta,strategy_nearest,True,0.0028867721557617188,success
043494429C4C80,1,"['Castelvecchio', 'Arena', 'Casa Giulietta']",Palazzo della Ragione,"['AMO', 'Museo Conte', 'Torre Lamberti', 'Centro Fotografia', 'Sighseeing']",Torre Lamberti,strategy_nearest,True,0.002602100372314453,success
04349F4A9C4C80,1,"['Arena', 'Casa Giulietta']",Santa Anastasia,"['AMO', 'Museo Conte', 'Palazzo della Ragione', 'Teatro Romano', 'Centro Fotografia']",Duomo,strategy_nearest,False,0.00186920166015625,success
04349B429C4C81,0,['Arena'],Castelvecchio,"['Museo Lapidario', 'Verona Tour', 'Museo Radio', 'San Zeno', 'Sighseeing']",Casa Giulietta,strategy_nearest,False,0.002505779266357422,success
0434A6429C4C80,1,['Arena'],Casa Giulietta,"['Centro Fotografia', 'Sighseeing', 'Torre Lamberti', 'Museo Conte', 'Museo Radio']",Torre Lamberti,strategy_nearest,True,0.0027310848236083984,success
0434A9429C4C80,0,"['Arena', 'Casa Giulietta']",Torre Lamberti,"['Sighseeing', 'Centro Fotografia', 'Museo Conte', 'Palazzo della Ragione', 'AMO']",Teatro Romano,strategy_nearest,False,0.003233194351196289,success
0434AA429C4C81,0,['Castelvecchio'],Arena,"['Verona Tour', 'Museo Lapidario', 'Museo Radio', 'San Fermo', 'Casa Giulietta']",Casa Giulietta,strategy_nearest,True,0.002599954605102539,success
0434AA429C4C80,0,"['Arena', 'Casa Giulietta']",Torre Lamberti,"['Sighseeing', 'Centro Fotografia', 'Museo Conte', 'Palazzo della Ragione', 'AMO']",Duomo,strategy_nearest,False,0.003673076629638672,success
0434AD429C4C80,3,"['Arena', 'Casa Giulietta']",Duomo,"['AMO', 'Museo Miniscalchi', 'Santa Anastasia', 'Teatro Romano', 'Palazzo della Ragione']",Santa Anastasia,strategy_nearest,True,0.0025701522827148438,success
0434AB429C4C80,0,['Arena'],Casa Giulietta,"['Centro Fotografia', 'Sighseeing', 'Torre Lamberti', 'Museo Conte', 'Museo Radio']",Santa Anastasia,strategy_nearest,False,0.003423929214477539,success
0434B03A9C4C81,3,"['Arena', 'Castelvecchio']",Casa Giulietta,"['Centro Fotografia', 'Sighseeing', 'Torre Lamberti', 'Museo Conte', 'Museo Radio']",Santa Anastasia,strategy_nearest,False,0.0026671886444091797,success
0434B23A9C4C80,0,['Castelvecchio'],Casa Giulietta,"['Centro Fotografia', 'Sighseeing', 'Torre Lamberti', 'Museo Conte', 'Museo Radio']",Arena,strategy_nearest,False,0.0020880699157714844,success
0434B13A9C4C80,3,"['Arena', 'Casa Giulietta']",Teatro Romano,"['Santa Anastasia', 'Duomo', 'AMO', 'Palazzo della Ragione', 'Museo Conte']",Duomo,strategy_nearest,True,0.003345012664794922,success
0434B5429C4C80,3,"['Arena', 'Casa Giulietta', 'Torre Lamberti']",Santa Anastasia,"['AMO', 'Museo Conte', 'Palazzo della Ragione', 'Teatro Romano', 'Centro Fotografia']",Duomo,strategy_nearest,False,0.003077983856201172,success
0434BA3A9C4C80,0,['Arena'],Casa Giulietta,"['Centro Fotografia', 'Sighseeing', 'Torre Lamberti', 'Museo Conte', 'Museo Radio']",Castelvecchio,strategy_nearest,False,0.003202199935913086,success
0434BF3A9C4C80,1,['Palazzo della Ragione'],Casa Giulietta,"['Centro Fotografia', 'Sighseeing', 'Torre Lamberti', 'Museo Conte', 'Museo Radio']",San Fermo,strategy_nearest,False,0.0019359588623046875,success
0434C03A9C4C81,0,['Arena'],Torre Lamberti,"['Sighseeing', 'Centro Fotografia', 'Museo Conte', 'Casa Giulietta', 'Palazzo della Ragione']",Casa Giulietta,strategy_nearest,True,0.0031599998474121094,success
0434BA429C4C81,0,['Torre Lamberti'],Casa Giulietta,"['Centro Fotografia', 'Sighseeing', 'Museo Conte', 'Museo Radio', 'Palazzo della Ragione']",Arena,strategy_nearest,False,0.0014126300811767578,success
0434C7429C4C80,0,['Casa Giulietta'],Arena,"['Verona Tour', 'Museo Lapidario', 'Museo Radio', 'San Fermo', 'Sighseeing']",Castelvecchio,strategy_nearest,False,0.0021347999572753906,success
0434C83A9C4C80,3,['Arena'],Casa Giulietta,"['Centro Fotografia', 'Sighseeing', 'Torre Lamberti', 'Museo Conte', 'Museo Radio']",Santa Anastasia,strategy_nearest,False,0.0025708675384521484,success
0434C63A9C4C81,2,['Torre Lamberti'],Santa Anastasia,"['AMO', 'Museo Conte', 'Palazzo della Ragione', 'Teatro Romano', 'Centro Fotografia']",Duomo,strategy_nearest,False,0.0014677047729492188,success
0434C7429C4C81,2,"['Castelvecchio', 'Tomba Giulietta']",San Fermo,"['Museo Storia', 'Museo Radio', 'Casa Giulietta', 'Centro Fotografia', 'Arena']",Casa Giulietta,strategy_nearest,True,0.003438711166381836,success
0434E3429C4C80,3,"['Arena', 'Castelvecchio']",Duomo,"['AMO', 'Museo Miniscalchi', 'Santa Anastasia', 'Teatro Romano', 'Palazzo della Ragione']",San Fermo,strategy_nearest,False,0.0018911361694335938,success
0434D43A9C4C80,0,"['Casa Giulietta', 'Arena']",Castelvecchio,"['Museo Lapidario', 'Verona Tour', 'Museo Radio', 'San Zeno', 'Sighseeing']",Teatro Romano,strategy_nearest,False,0.0020341873168945312,success
0434ED429C4C80,3,"['Arena', 'Castelvecchio']",Santa Anastasia,"['AMO', 'Museo Conte', 'Palazzo della Ragione', 'Teatro Romano', 'Centro Fotografia']",Casa Giulietta,strategy_nearest,False,0.0031418800354003906,success
0434D53A9C4C80,2,['Casa Giulietta'],Castelvecchio,"['Museo Lapidario', 'Verona Tour', 'Arena', 'Museo Radio', 'San Zeno']",Teatro Romano,strategy_nearest,False,0.0030868053436279297,success
0434F33A9C4C80,2,"['San Zeno', 'Casa Giulietta', 'Torre Lamberti']",Santa Anastasia,"['AMO', 'Museo Conte', 'Palazzo della Ragione', 'Teatro Romano', 'Centro Fotografia']",Duomo,strategy_nearest,False,0.0013298988342285156,success
0434EF3A9C4C80,2,"['San Fermo', 'Santa Anastasia']",Duomo,"['AMO', 'Museo Miniscalchi', 'Teatro Romano', 'Palazzo della Ragione', 'Museo Conte']",San Zeno,strategy_nearest,False,0.002293825149536133,success
0434F8429C4C80,1,"['Arena', 'Casa Giulietta', 'Torre Lamberti']",Palazzo della Ragione,"['AMO', 'Museo Conte', 'Centro Fotografia', 'Sighseeing', 'Santa Anastasia']",Castelvecchio,strategy_nearest,False,0.0028998851776123047,success
0435013A9C4C84,1,"['Castelvecchio', 'Casa Giulietta', 'Santa Anastasia']",Arena,"['Verona Tour', 'Museo Lapidario', 'Museo Radio', 'San Fermo', 'Sighseeing']",Torre Lamberti,strategy_nearest,False,0.0032601356506347656,success
043504429C4C84,0,['Arena'],Giardino Giusti,"['Santa Anastasia', 'Teatro Romano', 'Museo Conte', 'Centro Fotografia', 'Museo Storia']",Teatro Romano,strategy_nearest,True,0.0024330615997314453,success
043531429C4C80,2,['Torre Lamberti'],Palazzo della Ragione,"['AMO', 'Museo Conte', 'Centro Fotografia', 'Sighseeing', 'Santa Anastasia']",Casa Giulietta,strategy_nearest,False,0.002834796905517578,success
0435333A9C4C80,0,['Arena'],Duomo,"['AMO', 'Museo Miniscalchi', 'Santa Anastasia', 'Teatro Romano', 'Palazzo della Ragione']",Teatro Romano,strategy_nearest,True,0.002043008804321289,success
0435383A9C4C80,0,['Arena'],Teatro Romano,"['Santa Anastasia', 'Duomo', 'AMO', 'Palazzo della Ragione', 'Museo Conte']",Casa Giulietta,strategy_nearest,False,0.0030531883239746094,success
04353A4A9C4C80,0,['Torre Lamberti'],Arena,"['Verona Tour', 'Museo Lapidario', 'Museo Radio', 'San Fermo', 'Casa Giulietta']",Tomba Giulietta,strategy_nearest,False,0.0022640228271484375,success
04353B3A9C4C80,1,"['Casa Giulietta', 'Teatro Romano', 'Torre Lamberti']",Palazzo della Ragione,"['AMO', 'Museo Conte', 'Centro Fotografia', 'Sighseeing', 'Santa Anastasia']",San Fermo,strategy_nearest,False,0.002804994583129883,success
0435403A9C4C80,1,['Arena'],Torre Lamberti,"['Sighseeing', 'Centro Fotografia', 'Museo Conte', 'Casa Giulietta', 'Palazzo della Ragione']",Palazzo della Ragione,strategy_nearest,True,0.0015459060668945312,success
04354B429C4C80,3,['Arena'],Santa Anastasia,"['AMO', 'Museo Conte', 'Palazzo della Ragione', 'Teatro Romano', 'Centro Fotografia']",Duomo,strategy_nearest,False,0.003759145736694336,success
043550429C4C80,3,"['Arena', 'Santa Anastasia']",Casa Giulietta,"['Centro Fotografia', 'Sighseeing', 'Torre Lamberti', 'Museo Conte', 'Museo Radio']",San Zeno,strategy_nearest,False,0.0032949447631835938,success
043557429C4C80,3,"['Arena', 'San Fermo']",Duomo,"['AMO', 'Museo Miniscalchi', 'Santa Anastasia', 'Teatro Romano', 'Palazzo della Ragione']",Torre Lamberti,strategy_nearest,False,0.0030851364135742188,success
0435543A9C4C80,3,['Arena'],Santa Anastasia,"['AMO', 'Museo Conte', 'Palazzo della Ragione', 'Teatro Romano', 'Centro Fotografia']",Teatro Romano,strategy_nearest,True,0.0023310184478759766,success
04355B429C4C80,3,"['Arena', 'Torre Lamberti']",Santa Anastasia,"['AMO', 'Museo Conte', 'Palazzo della Ragione', 'Teatro Romano', 'Centro Fotografia']",Duomo,strategy_nearest,False,0.0037500858306884766,success
0435693A9C4C80,0,"['Arena', 'Castelvecchio']",San Zeno,"['Verona Tour', 'Museo Lapidario', 'Museo Miniscalchi', 'Sighseeing', 'Museo Radio']",Torre Lamberti,strategy_nearest,False,0.002866029739379883,success
043575429C4C81,3,"['Arena', 'San Fermo', 'Casa Giulietta']",Torre Lamberti,"['Sighseeing', 'Centro Fotografia', 'Museo Conte', 'Palazzo della Ragione', 'AMO']",Santa Anastasia,strategy_nearest,False,0.004105329513549805,success
0435763A9C4C80,2,"['Casa Giulietta', 'Torre Lamberti']",Palazzo della Ragione,"['AMO', 'Museo Conte', 'Centro Fotografia', 'Sighseeing', 'Santa Anastasia']",Santa Anastasia,strategy_nearest,True,0.004548072814941406,success
043579429C4C81,0,['Arena'],Casa Giulietta,"['Centro Fotografia', 'Sighseeing', 'Torre Lamberti', 'Museo Conte', 'Museo Radio']",Castelvecchio,strategy_nearest,False,0.003949880599975586,success
043582429C4C80,0,['Arena'],Casa Giulietta,"['Centro Fotografia', 'Sighseeing', 'Torre Lamberti', 'Museo Conte', 'Museo Radio']",Teatro Romano,strategy_nearest,False,0.007443904876708984,success
04357F3A9C4C80,3,"['Arena', 'Casa Giulietta']",Torre Lamberti,"['Sighseeing', 'Centro Fotografia', 'Museo Conte', 'Palazzo della Ragione', 'AMO']",Santa Anastasia,strategy_nearest,False,0.0029408931732177734,success
0435824A9C4C81,2,"['Tomba Giulietta', 'San Fermo', 'Casa Giulietta']",Torre Lamberti,"['Sighseeing', 'Centro Fotografia', 'Museo Conte', 'Palazzo della Ragione', 'AMO']",Santa Anastasia,strategy_nearest,False,0.004806995391845703,success
043584429C4C80,0,"['Arena', 'Casa Giulietta']",Teatro Romano,"['Santa Anastasia', 'Duomo', 'AMO', 'Palazzo della Ragione', 'Museo Conte']",Castelvecchio,strategy_nearest,False,0.0032079219818115234,success
043585429C4C80,3,"['Arena', 'Museo Lapidario', 'Castelvecchio']",Torre Lamberti,"['Sighseeing', 'Centro Fotografia', 'Museo Conte', 'Casa Giulietta', 'Palazzo della Ragione']",Casa Giulietta,strategy_nearest,True,0.0037147998809814453,success
0435863A9C4C80,0,"['Arena', 'Duomo']",Torre Lamberti,"['Sighseeing', 'Centro Fotografia', 'Museo Conte', 'Casa Giulietta', 'Palazzo della Ragione']",Casa Giulietta,strategy_nearest,True,0.0043430328369140625,success
043587429C4C80,3,"['Arena', 'Castelvecchio', 'Torre Lamberti']",Casa Giulietta,"['Centro Fotografia', 'Sighseeing', 'Museo Conte', 'Museo Radio', 'Palazzo della Ragione']",Tomba Giulietta,strategy_nearest,False,0.0026760101318359375,success
04358B4A9C4C81,0,['Arena'],Casa Giulietta,"['Centro Fotografia', 'Sighseeing', 'Torre Lamberti', 'Museo Conte', 'Museo Radio']",Santa Anastasia,strategy_nearest,False,0.0037927627563476562,success
04358D3A9C4C81,2,['Palazzo della Ragione'],Torre Lamberti,"['Sighseeing', 'Centro Fotografia', 'Museo Conte', 'Casa Giulietta', 'AMO']",Santa Anastasia,strategy_nearest,False,0.002081155776977539,success
04358F4A9C4C81,2,['Torre Lamberti'],Santa Anastasia,"['AMO', 'Museo Conte', 'Palazzo della Ragione', 'Teatro Romano', 'Centro Fotografia']",Teatro Romano,strategy_nearest,True,0.002878904342651367,success
0435914A9C4C80,2,['Torre Lamberti'],Santa Anastasia,"['AMO', 'Museo Conte', 'Palazzo della Ragione', 'Teatro Romano', 'Centro Fotografia']",Duomo,strategy_nearest,False,0.0034999847412109375,success
043597429C4C80,3,"['Arena', 'Castelvecchio']",Duomo,"['AMO', 'Museo Miniscalchi', 'Santa Anastasia', 'Teatro Romano', 'Palazzo della Ragione']",Santa Anastasia,strategy_nearest,True,0.0025708675384521484,success
04359D429C4C81,0,['Castelvecchio'],Arena,"['Verona Tour', 'Museo Lapidario', 'Museo Radio', 'San Fermo', 'Casa Giulietta']",Casa Giulietta,strategy_nearest,True,0.0019528865814208984,success
043599429C4C80,0,['Arena'],Castelvecchio,"['Museo Lapidario', 'Verona Tour', 'Museo Radio', 'San Zeno', 'Sighseeing']",Casa Giulietta,strategy_nearest,False,0.003531932830810547,success
0435A0429C4C81,1,"['Arena', 'Casa Giulietta']",Palazzo della Ragione,"['AMO', 'Museo Conte', 'Torre Lamberti', 'Centro Fotografia', 'Sighseeing']",Torre Lamberti,strategy_nearest,True,0.0034508705139160156,success
0435A04A9C4C81,3,"['Arena', 'Torre Lamberti']",Castelvecchio,"['Museo Lapidario', 'Verona Tour', 'Museo Radio', 'San Zeno', 'Sighseeing']",Santa Anastasia,strategy_nearest,False,0.0027649402618408203,success
0435A6429C4C80,1,"['Casa Giulietta', 'Torre Lamberti']",Palazzo della Ragione,"['AMO', 'Museo Conte', 'Centro Fotografia', 'Sighseeing', 'Santa Anastasia']",Tomba Giulietta,strategy_nearest,False,0.001992940902709961,success
0435A8429C4C80,1,['Arena'],Torre Lamberti,"['Sighseeing', 'Centro Fotografia', 'Museo Conte', 'Casa Giulietta', 'Palazzo della Ragione']",Palazzo della Ragione,strategy_nearest,True,0.0025742053985595703,success
0435A8429C4C81,3,"['Arena', 'Castelvecchio', 'San Zeno']",Torre Lamberti,"['Sighseeing', 'Centro Fotografia', 'Museo Conte', 'Casa Giulietta', 'Palazzo della Ragione']",Casa Giulietta,strategy_nearest,True,0.003355741500854492,success
0435A93A9C4C80,3,"['Arena', 'Casa Giulietta']",Santa Anastasia,"['AMO', 'Museo Conte', 'Palazzo della Ragione', 'Teatro Romano', 'Centro Fotografia']",Castelvecchio,strategy_nearest,False,0.002343893051147461,success
0435A9429C4C81,0,['Arena'],Casa Giulietta,"['Centro Fotografia', 'Sighseeing', 'Torre Lamberti', 'Museo Conte', 'Museo Radio']",Torre Lamberti,strategy_nearest,True,0.002989053726196289,success
0435A94A9C4C80,0,['Torre Lamberti'],Arena,"['Verona Tour', 'Museo Lapidario', 'Museo Radio', 'San Fermo', 'Casa Giulietta']",Castelvecchio,strategy_nearest,False,0.0028247833251953125,success
0435AB429C4C80,0,['Arena'],Casa Giulietta,"['Centro Fotografia', 'Sighseeing', 'Torre Lamberti', 'Museo Conte', 'Museo Radio']",Santa Anastasia,strategy_nearest,False,0.0036780834197998047,success
0435B1429C4C80,3,['Arena'],Santa Anastasia,"['AMO', 'Museo Conte', 'Palazzo della Ragione', 'Teatro Romano', 'Centro Fotografia']",Duomo,strategy_nearest,False,0.0021109580993652344,success
0435B63A9C4C80,0,['Arena'],Casa Giulietta,"['Centro Fotografia', 'Sighseeing', 'Torre Lamberti', 'Museo Conte', 'Museo Radio']",Torre Lamberti,strategy_nearest,True,0.002032756805419922,success
0435B5429C4C80,0,"['Arena', 'Castelvecchio']",Casa Giulietta,"['Centro Fotografia', 'Sighseeing', 'Torre Lamberti', 'Museo Conte', 'Museo Radio']",Duomo,strategy_nearest,False,0.0037610530853271484,success
0435BA3A9C4C80,0,"['Castelvecchio', 'Arena']",Casa Giulietta,"['Centro Fotografia', 'Sighseeing', 'Torre Lamberti', 'Museo Conte', 'Museo Radio']",Teatro Romano,strategy_nearest,False,0.0020627975463867188,success
0435C73A9C4C80,2,"['Torre Lamberti', 'Santa Anastasia']",Duomo,"['AMO', 'Museo Miniscalchi', 'Teatro Romano', 'Palazzo della Ragione', 'Museo Conte']",Casa Giulietta,strategy_nearest,False,0.0028581619262695312,success
0435BA429C4C81,1,['Arena'],Museo Lapidario,"['Verona Tour', 'Castelvecchio', 'Museo Radio', 'San Fermo', 'Casa Giulietta']",Palazzo della Ragione,strategy_nearest,False,0.002710103988647461,success
0435C5429C4C80,3,['Arena'],Torre Lamberti,"['Sighseeing', 'Centro Fotografia', 'Museo Conte', 'Casa Giulietta', 'Palazzo della Ragione']",Casa Giulietta,strategy_nearest,True,0.0033729076385498047,success
0435C7429C4C80,0,['Casa Giulietta'],Arena,"['Verona Tour', 'Museo Lapidario', 'Museo Radio', 'San Fermo', 'Sighseeing']",Castelvecchio,strategy_nearest,False,0.002354860305786133,success
0435DE3A9C4C80,0,['Casa Giulietta'],Arena,"['Verona Tour', 'Museo Lapidario', 'Museo Radio', 'San Fermo', 'Sighseeing']",Santa Anastasia,strategy_nearest,False,0.002504110336303711,success
0435CB429C4C80,2,['Castelvecchio'],San Zeno,"['Verona Tour', 'Museo Lapidario', 'Arena', 'Museo Miniscalchi', 'Sighseeing']",Palazzo della Ragione,strategy_nearest,False,0.0021431446075439453,success
0435D83A9C4C80,3,['Arena'],Santa Anastasia,"['AMO', 'Museo Conte', 'Palazzo della Ragione', 'Teatro Romano', 'Centro Fotografia']",Torre Lamberti,strategy_nearest,False,0.0033631324768066406,success
0435EF429C4C80,3,"['Arena', 'Teatro Romano']",Castelvecchio,"['Museo Lapidario', 'Verona Tour', 'Museo Radio', 'San Zeno', 'Sighseeing']",Museo Lapidario,strategy_nearest,True,0.002043008804321289,success
0435F73A9C4C80,3,['Arena'],Casa Giulietta,"['Centro Fotografia', 'Sighseeing', 'Torre Lamberti', 'Museo Conte', 'Museo Radio']",Santa Anastasia,strategy_nearest,False,0.002104043960571289,success
0435F03A9C4C80,3,['Arena'],Casa Giulietta,"['Centro Fotografia', 'Sighseeing', 'Torre Lamberti', 'Museo Conte', 'Museo Radio']",Santa Anastasia,strategy_nearest,False,0.002792835235595703,success
0435FF429C4C80,2,['Duomo'],Castelvecchio,"['Museo Lapidario', 'Verona Tour', 'Arena', 'Museo Radio', 'San Zeno']",San Zeno,strategy_nearest,True,0.003239154815673828,success
04363A4A9C4C80,2,['Casa Giulietta'],San Fermo,"['Museo Storia', 'Museo Radio', 'Centro Fotografia', 'Arena', 'Sighseeing']",Tomba Giulietta,strategy_nearest,False,0.002997159957885742,success
04363D429C4C80,0,['Casa Giulietta'],Teatro Romano,"['Santa Anastasia', 'Duomo', 'AMO', 'Palazzo della Ragione', 'Museo Conte']",Giardino Giusti,strategy_nearest,False,0.0025482177734375,success
04363D4A9C4C80,2,['Santa Anastasia'],Castelvecchio,"['Museo Lapidario', 'Verona Tour', 'Arena', 'Museo Radio', 'San Zeno']",Duomo,strategy_nearest,False,0.0024881362915039062,success
043651429C4C80,3,"['Arena', 'Casa Giulietta', 'Torre Lamberti']",Santa Anastasia,"['AMO', 'Museo Conte', 'Palazzo della Ragione', 'Teatro Romano', 'Centro Fotografia']",San Zeno,strategy_nearest,False,0.0014960765838623047,success
043648429C4C80,2,['Castelvecchio'],Palazzo della Ragione,"['AMO', 'Museo Conte', 'Torre Lamberti', 'Centro Fotografia', 'Sighseeing']",Torre Lamberti,strategy_nearest,True,0.002779245376586914,success
04364F429C4C80,0,['Arena'],Casa Giulietta,"['Centro Fotografia', 'Sighseeing', 'Torre Lamberti', 'Museo Conte', 'Museo Radio']",Torre Lamberti,strategy_nearest,True,0.003929853439331055,success
0436523A9C4C80,3,"['Casa Giulietta', 'Torre Lamberti']",Santa Anastasia,"['AMO', 'Museo Conte', 'Palazzo della Ragione', 'Teatro Romano', 'Centro Fotografia']",Duomo,strategy_nearest,False,0.0025408267974853516,success
0436683A9C4C80,2,"['Casa Giulietta', 'Torre Lamberti', 'Palazzo della Ragione']",Duomo,"['AMO', 'Museo Miniscalchi', 'Santa Anastasia', 'Teatro Romano', 'Museo Conte']",San Fermo,strategy_nearest,False,0.0018868446350097656,success
0436543A9C4C80,3,['Arena'],Casa Giulietta,"['Centro Fotografia', 'Sighseeing', 'Torre Lamberti', 'Museo Conte', 'Museo Radio']",Santa Anastasia,strategy_nearest,False,0.0012640953063964844,success
04366D3A9C4C80,5,"['Arena', 'Castelvecchio', 'Duomo']",Santa Anastasia,"['AMO', 'Museo Conte', 'Palazzo della Ragione', 'Teatro Romano', 'Centro Fotografia']",Palazzo della Ragione,strategy_nearest,True,0.0029020309448242188,success
04366C429C4C80,0,['Arena'],Casa Giulietta,"['Centro Fotografia', 'Sighseeing', 'Torre Lamberti', 'Museo Conte', 'Museo Radio']",Castelvecchio,strategy_nearest,False,0.0026450157165527344,success
0436753A9C4C80,1,"['Arena', 'Museo Lapidario', 'Santa Anastasia']",Duomo,"['AMO', 'Museo Miniscalchi', 'Teatro Romano', 'Palazzo della Ragione', 'Museo Conte']",Torre Lamberti,strategy_nearest,False,0.0017879009246826172,success
043672429C4C80,3,"['Tomba Giulietta', 'Arena']",Casa Giulietta,"['Centro Fotografia', 'Sighseeing', 'Torre Lamberti', 'Museo Conte', 'Museo Radio']",Santa Anastasia,strategy_nearest,False,0.003165006637573242,success
04367B3A9C4C80,2,"['Casa Giulietta', 'Torre Lamberti']",Santa Anastasia,"['AMO', 'Museo Conte', 'Palazzo della Ragione', 'Teatro Romano', 'Centro Fotografia']",Duomo,strategy_nearest,False,0.002232789993286133,success
04367F4A9C4C80,0,['Torre Lamberti'],Arena,"['Verona Tour', 'Museo Lapidario', 'Museo Radio', 'San Fermo', 'Casa Giulietta']",San Fermo,strategy_nearest,True,0.0028939247131347656,success
043683429C4C80,0,['Arena'],Casa Giulietta,"['Centro Fotografia', 'Sighseeing', 'Torre Lamberti', 'Museo Conte', 'Museo Radio']",Duomo,strategy_nearest,False,0.0020279884338378906,success
0436844A9C4C80,3,['Arena'],Torre Lamberti,"['Sighseeing', 'Centro Fotografia', 'Museo Conte', 'Casa Giulietta', 'Palazzo della Ragione']",Santa Anastasia,strategy_nearest,False,0.0025789737701416016,success
043685429C4C81,1,"['Arena', 'Castelvecchio', 'Duomo']",Torre Lamberti,"['Sighseeing', 'Centro Fotografia', 'Museo Conte', 'Casa Giulietta', 'Palazzo della Ragione']",Palazzo della Ragione,strategy_nearest,True,0.002638101577758789,success
0436863A9C4C80,0,['Arena'],San Fermo,"['Museo Storia', 'Museo Radio', 'Casa Giulietta', 'Centro Fotografia', 'Sighseeing']",Casa Giulietta,strategy_nearest,True,0.002888917922973633,success
0436874A9C4C80,0,['Arena'],Casa Giulietta,"['Centro Fotografia', 'Sighseeing', 'Torre Lamberti', 'Museo Conte', 'Museo Radio']",Torre Lamberti,strategy_nearest,True,0.0023491382598876953,success
0436904A9C4C80,1,"['Torre Lamberti', 'Palazzo della Ragione']",Casa Giulietta,"['Centro Fotografia', 'Sighseeing', 'Museo Conte', 'Museo Radio', 'San Fermo']",San Fermo,strategy_nearest,True,0.0012857913970947266,success
04368C3A9C4C81,3,"['Castelvecchio', 'Arena', 'Tomba Giulietta']",Torre Lamberti,"['Sighseeing', 'Centro Fotografia', 'Museo Conte', 'Casa Giulietta', 'Palazzo della Ragione']",Duomo,strategy_nearest,False,0.0026760101318359375,success
0436884A9C4C80,2,['Duomo'],Torre Lamberti,"['Sighseeing', 'Centro Fotografia', 'Museo Conte', 'Casa Giulietta', 'Palazzo della Ragione']",Castelvecchio,strategy_nearest,False,0.003392934799194336,success
0436924A9C4C81,2,"['Torre Lamberti', 'Santa Anastasia']",Teatro Romano,"['Duomo', 'AMO', 'Palazzo della Ragione', 'Museo Conte', 'Centro Fotografia']",Castelvecchio,strategy_nearest,False,0.003002166748046875,success
043699429C4C81,0,"['Arena', 'Casa Giulietta']",San Fermo,"['Museo Storia', 'Museo Radio', 'Centro Fotografia', 'Sighseeing', 'Torre Lamberti']",Torre Lamberti,strategy_nearest,True,0.0020139217376708984,success
0436A04A9C4C80,3,['Arena'],Torre Lamberti,"['Sighseeing', 'Centro Fotografia', 'Museo Conte', 'Casa Giulietta', 'Palazzo della Ragione']",Santa Anastasia,strategy_nearest,False,0.002017974853515625,success
0436A1429C4C80,1,['Arena'],Palazzo della Ragione,"['AMO', 'Museo Conte', 'Torre Lamberti', 'Centro Fotografia', 'Sighseeing']",Torre Lamberti,strategy_nearest,True,0.0026171207427978516,success
0436A64A9C4C80,3,"['Arena', 'Casa Giulietta', 'Torre Lamberti']",Santa Anastasia,"['AMO', 'Museo Conte', 'Palazzo della Ragione', 'Teatro Romano', 'Centro Fotografia']",Teatro Romano,strategy_nearest,True,0.0032901763916015625,success
0436A93A9C4C81,3,['Arena'],Santa Anastasia,"['AMO', 'Museo Conte', 'Palazzo della Ragione', 'Teatro Romano', 'Centro Fotografia']",Duomo,strategy_nearest,False,0.002222776412963867,success
0436A94A9C4C80,3,"['Duomo', 'Santa Anastasia', 'Arena']",San Zeno,"['Castelvecchio', 'Verona Tour', 'Museo Lapidario', 'Museo Miniscalchi', 'Sighseeing']",Torre Lamberti,strategy_nearest,False,0.001734018325805664,success
0436A9429C4C81,0,['Arena'],Santa Anastasia,"['AMO', 'Museo Conte', 'Palazzo della Ragione', 'Teatro Romano', 'Centro Fotografia']",Giardino Giusti,strategy_nearest,False,0.003251314163208008,success
0436A94A9C4C81,0,['Arena'],San Zeno,"['Castelvecchio', 'Verona Tour', 'Museo Lapidario', 'Museo Miniscalchi', 'Sighseeing']",Castelvecchio,strategy_nearest,True,0.002176046371459961,success
0436AC3A9C4C81,0,['Arena'],Casa Giulietta,"['Centro Fotografia', 'Sighseeing', 'Torre Lamberti', 'Museo Conte', 'Museo Radio']",Duomo,strategy_nearest,False,0.001833200454711914,success
0436AB4A9C4C80,2,['Torre Lamberti'],Casa Giulietta,"['Centro Fotografia', 'Sighseeing', 'Museo Conte', 'Museo Radio', 'Palazzo della Ragione']",Santa Anastasia,strategy_nearest,False,0.0033032894134521484,success
0436B0429C4C81,0,['Torre Lamberti'],Casa Giulietta,"['Centro Fotografia', 'Sighseeing', 'Museo Conte', 'Museo Radio', 'Palazzo della Ragione']",Arena,strategy_nearest,False,0.0025758743286132812,success
0436B1429C4C81,3,"['Castelvecchio', 'Arena']",Duomo,"['AMO', 'Museo Miniscalchi', 'Santa Anastasia', 'Teatro Romano', 'Palazzo della Ragione']",Santa Anastasia,strategy_nearest,True,0.0029649734497070312,success
0436B63A9C4C80,2,['Duomo'],Santa Anastasia,"['AMO', 'Museo Conte', 'Palazzo della Ragione', 'Teatro Romano', 'Centro Fotografia']",San Fermo,strategy_nearest,False,0.002393960952758789,success
0436B6429C4C81,0,['Arena'],Casa Giulietta,"['Centro Fotografia', 'Sighseeing', 'Torre Lamberti', 'Museo Conte', 'Museo Radio']",Santa Anastasia,strategy_nearest,False,0.0018639564514160156,success
0436B63A9C4C81,0,['Arena'],Casa Giulietta,"['Centro Fotografia', 'Sighseeing', 'Torre Lamberti', 'Museo Conte', 'Museo Radio']",Torre Lamberti,strategy_nearest,True,0.003100156784057617,success
0436BA429C4C81,3,['Arena'],Casa Giulietta,"['Centro Fotografia', 'Sighseeing', 'Torre Lamberti', 'Museo Conte', 'Museo Radio']",Torre Lamberti,strategy_nearest,True,0.0025751590728759766,success
0436BB3A9C4C80,3,['Arena'],San Fermo,"['Museo Storia', 'Museo Radio', 'Casa Giulietta', 'Centro Fotografia', 'Sighseeing']",Casa Giulietta,strategy_nearest,True,0.00220489501953125,success
0436BC429C4C81,0,['Arena'],Casa Giulietta,"['Centro Fotografia', 'Sighseeing', 'Torre Lamberti', 'Museo Conte', 'Museo Radio']",Castelvecchio,strategy_nearest,False,0.0025200843811035156,success
0436BF3A9C4C80,0,"['Castelvecchio', 'San Zeno']",Casa Giulietta,"['Centro Fotografia', 'Sighseeing', 'Torre Lamberti', 'Museo Conte', 'Museo Radio']",San Fermo,strategy_nearest,False,0.003019094467163086,success
0436C0429C4C80,2,"['Teatro Romano', 'Casa Giulietta']",Torre Lamberti,"['Sighseeing', 'Centro Fotografia', 'Museo Conte', 'Palazzo della Ragione', 'AMO']",Palazzo della Ragione,strategy_nearest,True,0.0016741752624511719,success
0436C63A9C4C80,2,"['Casa Giulietta', 'Torre Lamberti', 'Santa Anastasia']",Duomo,"['AMO', 'Museo Miniscalchi', 'Teatro Romano', 'Palazzo della Ragione', 'Museo Conte']",Teatro Romano,strategy_nearest,True,0.0017778873443603516,success
0436C3429C4C80,3,"['Arena', 'Museo Lapidario', 'Castelvecchio']",Casa Giulietta,"['Centro Fotografia', 'Sighseeing', 'Torre Lamberti', 'Museo Conte', 'Museo Radio']",Torre Lamberti,strategy_nearest,True,0.0033407211303710938,success
0436C73A9C4C80,0,['Torre Lamberti'],Tomba Giulietta,"['San Fermo', 'Museo Storia', 'Arena', 'Museo Lapidario', 'Museo Radio']",Arena,strategy_nearest,True,0.002371072769165039,success
0436D13A9C4C80,3,"['Arena', 'Casa Giulietta']",Torre Lamberti,"['Sighseeing', 'Centro Fotografia', 'Museo Conte', 'Palazzo della Ragione', 'AMO']",Santa Anastasia,strategy_nearest,False,0.002725839614868164,success
0436D63A9C4C80,0,['Arena'],Castelvecchio,"['Museo Lapidario', 'Verona Tour', 'Museo Radio', 'San Zeno', 'Sighseeing']",Duomo,strategy_nearest,False,0.002637147903442383,success
0436DD3A9C4C80,2,"['Casa Giulietta', 'Torre Lamberti']",Duomo,"['AMO', 'Museo Miniscalchi', 'Santa Anastasia', 'Teatro Romano', 'Palazzo della Ragione']",Teatro Romano,strategy_nearest,True,0.0025720596313476562,success
0436FA429C4C80,1,"['Castelvecchio', 'Casa Giulietta', 'Arena']",Teatro Romano,"['Santa Anastasia', 'Duomo', 'AMO', 'Palazzo della Ragione', 'Museo Conte']",Torre Lamberti,strategy_nearest,False,0.001911163330078125,success
0436F33A9C4C80,0,['Arena'],Torre Lamberti,"['Sighseeing', 'Centro Fotografia', 'Museo Conte', 'Casa Giulietta', 'Palazzo della Ragione']",San Fermo,strategy_nearest,False,0.004058122634887695,success
0437053A9C4C84,0,['Casa Giulietta'],Teatro Romano,"['Santa Anastasia', 'Duomo', 'AMO', 'Palazzo della Ragione', 'Museo Conte']",Arena,strategy_nearest,False,0.002830982208251953,success
0437043A9C4C84,3,"['Arena', 'Casa Giulietta', 'Torre Lamberti']",Santa Anastasia,"['AMO', 'Museo Conte', 'Palazzo della Ragione', 'Teatro Romano', 'Centro Fotografia']",Teatro Romano,strategy_nearest,True,0.002560853958129883,success
0437383A9C4C80,3,"['Castelvecchio', 'Arena']",Casa Giulietta,"['Centro Fotografia', 'Sighseeing', 'Torre Lamberti', 'Museo Conte', 'Museo Radio']",Torre Lamberti,strategy_nearest,True,0.0017600059509277344,success
0437363A9C4C80,3,"['Arena', 'Tomba Giulietta']",San Fermo,"['Museo Storia', 'Museo Radio', 'Casa Giulietta', 'Centro Fotografia', 'Sighseeing']",Castelvecchio,strategy_nearest,False,0.0018699169158935547,success
04373C3A9C4C80,3,['Arena'],Casa Giulietta,"['Centro Fotografia', 'Sighseeing', 'Torre Lamberti', 'Museo Conte', 'Museo Radio']",Duomo,strategy_nearest,False,0.0023789405822753906,success
0437384A9C4C80,2,"['Castelvecchio', 'Casa Giulietta']",Torre Lamberti,"['Sighseeing', 'Centro Fotografia', 'Museo Conte', 'Palazzo della Ragione', 'AMO']",Palazzo della Ragione,strategy_nearest,True,0.0034329891204833984,success
0437443A9C4C80,2,"['San Zeno', 'Duomo']",Teatro Romano,"['Santa Anastasia', 'AMO', 'Palazzo della Ragione', 'Museo Conte', 'Centro Fotografia']",Giardino Giusti,strategy_nearest,False,0.0021729469299316406,success
04374A429C4C80,1,['Arena'],Torre Lamberti,"['Sighseeing', 'Centro Fotografia', 'Museo Conte', 'Casa Giulietta', 'Palazzo della Ragione']",Palazzo della Ragione,strategy_nearest,True,0.002440214157104492,success
043744429C4C80,2,['Castelvecchio'],Torre Lamberti,"['Sighseeing', 'Centro Fotografia', 'Museo Conte', 'Casa Giulietta', 'Palazzo della Ragione']",Palazzo della Ragione,strategy_nearest,True,0.002064943313598633,success
04374F3A9C4C80,3,['Santa Anastasia'],Duomo,"['AMO', 'Museo Miniscalchi', 'Teatro Romano', 'Palazzo della Ragione', 'Museo Conte']",Casa Giulietta,strategy_nearest,False,0.003108978271484375,success
043749429C4C80,1,['Arena'],Palazzo della Ragione,"['AMO', 'Museo Conte', 'Torre Lamberti', 'Centro Fotografia', 'Sighseeing']",Teatro Romano,strategy_nearest,False,0.0019299983978271484,success
043754429C4C80,3,"['Castelvecchio', 'San Zeno', 'Arena', 'San Fermo']",Museo Storia,"['Museo Radio', 'Casa Giulietta', 'Centro Fotografia', 'Tomba Giulietta', 'Torre Lamberti']",Teatro Romano,strategy_nearest,False,0.002093076705932617,success
0437533A9C4C80,2,['Castelvecchio'],San Zeno,"['Verona Tour', 'Museo Lapidario', 'Arena', 'Museo Miniscalchi', 'Sighseeing']",Castelvecchio,strategy_nearest,False,0.0015223026275634766,success
043755429C4C80,0,['Arena'],Casa Giulietta,"['Centro Fotografia', 'Sighseeing', 'Torre Lamberti', 'Museo Conte', 'Museo Radio']",Torre Lamberti,strategy_nearest,True,0.002615213394165039,success
0437643A9C4C80,1,"['Arena', 'Casa Giulietta']",Torre Lamberti,"['Sighseeing', 'Centro Fotografia', 'Museo Conte', 'Palazzo della Ragione', 'AMO']",Palazzo della Ragione,strategy_nearest,True,0.0032362937927246094,success
0437703A9C4C80,0,"['Arena', 'Casa Giulietta']",Torre Lamberti,"['Sighseeing', 'Centro Fotografia', 'Museo Conte', 'Palazzo della Ragione', 'AMO']",Castelvecchio,strategy_nearest,False,0.0026040077209472656,success
0437783A9C4C80,0,['Arena'],San Fermo,"['Museo Storia', 'Museo Radio', 'Casa Giulietta', 'Centro Fotografia', 'Sighseeing']",Casa Giulietta,strategy_nearest,True,0.0012700557708740234,success
0437713A9C4C80,3,"['Arena', 'Casa Giulietta']",Torre Lamberti,"['Sighseeing', 'Centro Fotografia', 'Museo Conte', 'Palazzo della Ragione', 'AMO']",Teatro Romano,strategy_nearest,False,0.003039121627807617,success
04378D3A9C4C80,1,"['Tomba Giulietta', 'Arena', 'Casa Giulietta']",Torre Lamberti,"['Sighseeing', 'Centro Fotografia', 'Museo Conte', 'Palazzo della Ragione', 'AMO']",Palazzo della Ragione,strategy_nearest,True,0.002385854721069336,success
0437894A9C4C80,0,"['Arena', 'Castelvecchio']",Casa Giulietta,"['Centro Fotografia', 'Sighseeing', 'Torre Lamberti', 'Museo Conte', 'Museo Radio']",Torre Lamberti,strategy_nearest,True,0.0034339427947998047,success
04378F3A9C4C80,1,"['Arena', 'Casa Giulietta']",Torre Lamberti,"['Sighseeing', 'Centro Fotografia', 'Museo Conte', 'Palazzo della Ragione', 'AMO']",Palazzo della Ragione,strategy_nearest,True,0.0023860931396484375,success
04378E429C4C80,0,['Arena'],Casa Giulietta,"['Centro Fotografia', 'Sighseeing', 'Torre Lamberti', 'Museo Conte', 'Museo Radio']",Castelvecchio,strategy_nearest,False,0.00197601318359375,success
0437904A9C4C80,3,"['Arena', 'Torre Lamberti']",Santa Anastasia,"['AMO', 'Museo Conte', 'Palazzo della Ragione', 'Teatro Romano', 'Centro Fotografia']",Casa Giulietta,strategy_nearest,False,0.0018508434295654297,success
0437964A9C4C80,3,"['San Fermo', 'Casa Giulietta']",Santa Anastasia,"['AMO', 'Museo Conte', 'Palazzo della Ragione', 'Teatro Romano', 'Centro Fotografia']",Arena,strategy_nearest,False,0.0032608509063720703,success
04378F429C4C80,0,['Arena'],Teatro Romano,"['Santa Anastasia', 'Duomo', 'AMO', 'Palazzo della Ragione', 'Museo Conte']",Casa Giulietta,strategy_nearest,False,0.003245830535888672,success
0437A4429C4C80,0,['Arena'],Torre Lamberti,"['Sighseeing', 'Centro Fotografia', 'Museo Conte', 'Casa Giulietta', 'Palazzo della Ragione']",Casa Giulietta,strategy_nearest,True,0.002444028854370117,success
0437AC3A9C4C80,0,['Arena'],Casa Giulietta,"['Centro Fotografia', 'Sighseeing', 'Torre Lamberti', 'Museo Conte', 'Museo Radio']",Duomo,strategy_nearest,False,0.0020291805267333984,success
0437A8429C4C81,3,"['Torre Lamberti', 'Casa Giulietta']",Santa Anastasia,"['AMO', 'Museo Conte', 'Palazzo della Ragione', 'Teatro Romano', 'Centro Fotografia']",Teatro Romano,strategy_nearest,True,0.0015060901641845703,success
0437A63A9C4C80,1,['Arena'],Palazzo della Ragione,"['AMO', 'Museo Conte', 'Torre Lamberti', 'Centro Fotografia', 'Sighseeing']",Teatro Romano,strategy_nearest,False,0.002771139144897461,success
0437A5429C4C81,2,['Casa Giulietta'],Santa Anastasia,"['AMO', 'Museo Conte', 'Palazzo della Ragione', 'Teatro Romano', 'Centro Fotografia']",Duomo,strategy_nearest,False,0.0033600330352783203,success
0437B3429C4C80,0,['Arena'],Torre Lamberti,"['Sighseeing', 'Centro Fotografia', 'Museo Conte', 'Casa Giulietta', 'Palazzo della Ragione']",Castelvecchio,strategy_nearest,False,0.0014338493347167969,success
0437AC429C4C81,3,['Arena'],Castelvecchio,"['Museo Lapidario', 'Verona Tour', 'Museo Radio', 'San Zeno', 'Sighseeing']",Santa Anastasia,strategy_nearest,False,0.0021448135375976562,success
0437B4429C4C80,0,['Arena'],Castelvecchio,"['Museo Lapidario', 'Verona Tour', 'Museo Radio', 'San Zeno', 'Sighseeing']",San Zeno,strategy_nearest,True,0.0030469894409179688,success
0437B0429C4C80,0,['Arena'],Casa Giulietta,"['Centro Fotografia', 'Sighseeing', 'Torre Lamberti', 'Museo Conte', 'Museo Radio']",Palazzo della Ragione,strategy_nearest,False,0.002663135528564453,success
0437B8429C4C80,0,['Arena'],Museo Lapidario,"['Verona Tour', 'Castelvecchio', 'Museo Radio', 'San Fermo', 'Casa Giulietta']",Castelvecchio,strategy_nearest,True,0.0012671947479248047,success
0437BA3A9C4C80,2,['Torre Lamberti'],Palazzo della Ragione,"['AMO', 'Museo Conte', 'Centro Fotografia', 'Sighseeing', 'Santa Anastasia']",Casa Giulietta,strategy_nearest,False,0.0020689964294433594,success
0437BB429C4C81,2,"['Casa Giulietta', 'Tomba Giulietta']",Museo Lapidario,"['Verona Tour', 'Arena', 'Castelvecchio', 'Museo Radio', 'San Fermo']",Duomo,strategy_nearest,False,0.002880096435546875,success
0437BC3A9C4C80,3,"['Arena', 'Santa Anastasia', 'Duomo']",Casa Giulietta,"['Centro Fotografia', 'Sighseeing', 'Torre Lamberti', 'Museo Conte', 'Museo Radio']",Tomba Giulietta,strategy_nearest,False,0.0032660961151123047,success
0437C83A9C4C80,1,['Arena'],Casa Giulietta,"['Centro Fotografia', 'Sighseeing', 'Torre Lamberti', 'Museo Conte', 'Museo Radio']",Palazzo della Ragione,strategy_nearest,False,0.0018219947814941406,success
0437BD429C4C81,2,['Casa Giulietta'],Torre Lamberti,"['Sighseeing', 'Centro Fotografia', 'Museo Conte', 'Palazzo della Ragione', 'AMO']",Duomo,strategy_nearest,False,0.0033469200134277344,success
0437D83A9C4C80,2,['Casa Giulietta'],Santa Anastasia,"['AMO', 'Museo Conte', 'Palazzo della Ragione', 'Teatro Romano', 'Centro Fotografia']",Duomo,strategy_nearest,False,0.0024878978729248047,success
0437E73A9C4C80,0,['Arena'],Castelvecchio,"['Museo Lapidario', 'Verona Tour', 'Museo Radio', 'San Zeno', 'Sighseeing']",Teatro Romano,strategy_nearest,False,0.0020711421966552734,success
0437E83A9C4C80,0,['Arena'],Castelvecchio,"['Museo Lapidario', 'Verona Tour', 'Museo Radio', 'San Zeno', 'Sighseeing']",Teatro Romano,strategy_nearest,False,0.002782106399536133,success
0437EF3A9C4C80,3,['Arena'],Santa Anastasia,"['AMO', 'Museo Conte', 'Palazzo della Ragione', 'Teatro Romano', 'Centro Fotografia']",Duomo,strategy_nearest,False,0.003242969512939453,success
0437F93A9C4C80,3,"['Arena', 'Castelvecchio']",Torre Lamberti,"['Sighseeing', 'Centro Fotografia', 'Museo Conte', 'Casa Giulietta', 'Palazzo della Ragione']",Santa Anastasia,strategy_nearest,False,0.0027489662170410156,success
043802429C4C84,0,['Casa Giulietta'],Torre Lamberti,"['Sighseeing', 'Centro Fotografia', 'Museo Conte', 'Palazzo della Ragione', 'AMO']",Castelvecchio,strategy_nearest,False,0.0028448104858398438,success
0438033A9C4C84,1,"['Arena', 'Casa Giulietta', 'Torre Lamberti']",Palazzo della Ragione,"['AMO', 'Museo Conte', 'Centro Fotografia', 'Sighseeing', 'Santa Anastasia']",Santa Anastasia,strategy_nearest,True,0.0032329559326171875,success
04382E3A9C4C80,3,['Arena'],Santa Anastasia,"['AMO', 'Museo Conte', 'Palazzo della Ragione', 'Teatro Romano', 'Centro Fotografia']",Duomo,strategy_nearest,False,0.0033462047576904297,success
0438313A9C4C80,1,['Arena'],Casa Giulietta,"['Centro Fotografia', 'Sighseeing', 'Torre Lamberti', 'Museo Conte', 'Museo Radio']",Palazzo della Ragione,strategy_nearest,False,0.0020089149475097656,success
043849429C4C80,2,"['Casa Giulietta', 'Torre Lamberti', 'Palazzo della Ragione']",Santa Anastasia,"['AMO', 'Museo Conte', 'Teatro Romano', 'Centro Fotografia', 'Duomo']",Teatro Romano,strategy_nearest,True,0.002130746841430664,success
0438353A9C4C80,2,"['Castelvecchio', 'Giardino Giusti']",Duomo,"['AMO', 'Museo Miniscalchi', 'Santa Anastasia', 'Teatro Romano', 'Palazzo della Ragione']",Santa Anastasia,strategy_nearest,True,0.00173187255859375,success
04384A429C4C80,3,"['Arena', 'San Zeno', 'Castelvecchio']",Tomba Giulietta,"['San Fermo', 'Museo Storia', 'Museo Lapidario', 'Museo Radio', 'Verona Tour']",Duomo,strategy_nearest,False,0.0024671554565429688,success
043838429C4C80,1,"['Arena', 'Casa Giulietta']",Torre Lamberti,"['Sighseeing', 'Centro Fotografia', 'Museo Conte', 'Palazzo della Ragione', 'AMO']",Palazzo della Ragione,strategy_nearest,True,0.0033919811248779297,success
04385E429C4C80,0,['Arena'],Casa Giulietta,"['Centro Fotografia', 'Sighseeing', 'Torre Lamberti', 'Museo Conte', 'Museo Radio']",Santa Anastasia,strategy_nearest,False,0.003160238265991211,success
0438733A9C4C80,0,"['Castelvecchio', 'Casa Giulietta']",Torre Lamberti,"['Sighseeing', 'Centro Fotografia', 'Museo Conte', 'Palazzo della Ragione', 'AMO']",Arena,strategy_nearest,False,0.0013072490692138672,success
04386F3A9C4C80,3,"['Torre Lamberti', 'Santa Anastasia']",Arena,"['Verona Tour', 'Museo Lapidario', 'Museo Radio', 'San Fermo', 'Casa Giulietta']",Casa Giulietta,strategy_nearest,True,0.001973867416381836,success
0438753A9C4C80,0,['Casa Giulietta'],Castelvecchio,"['Museo Lapidario', 'Verona Tour', 'Arena', 'Museo Radio', 'San Zeno']",Arena,strategy_nearest,True,0.0032160282135009766,success
04387D429C4C80,0,['Arena'],Casa Giulietta,"['Centro Fotografia', 'Sighseeing', 'Torre Lamberti', 'Museo Conte', 'Museo Radio']",Santa Anastasia,strategy_nearest,False,0.0019459724426269531,success
04387F4A9C4C80,1,"['Arena', 'Casa Giulietta', 'San Fermo']",Torre Lamberti,"['Sighseeing', 'Centro Fotografia', 'Museo Conte', 'Palazzo della Ragione', 'AMO']",Palazzo della Ragione,strategy_nearest,True,0.002668142318725586,success
0438844A9C4C81,1,"['Arena', 'Torre Lamberti', 'Palazzo della Ragione']",Duomo,"['AMO', 'Museo Miniscalchi', 'Santa Anastasia', 'Teatro Romano', 'Museo Conte']",Teatro Romano,strategy_nearest,True,0.003058910369873047,success
043886429C4C80,0,"['Castelvecchio', 'Arena']",Casa Giulietta,"['Centro Fotografia', 'Sighseeing', 'Torre Lamberti', 'Museo Conte', 'Museo Radio']",Museo Lapidario,strategy_nearest,False,0.002187013626098633,success
0438874A9C4C80,0,['Arena'],Casa Giulietta,"['Centro Fotografia', 'Sighseeing', 'Torre Lamberti', 'Museo Conte', 'Museo Radio']",Santa Anastasia,strategy_nearest,False,0.0017771720886230469,success
04388D3A9C4C80,6,"['Tomba Giulietta', 'San Zeno']",Verona Tour,"['Museo Lapidario', 'Arena', 'Castelvecchio', 'Museo Radio', 'Casa Giulietta']",Arena,strategy_nearest,True,0.002393007278442383,success
0438934A9C4C80,0,['Arena'],Torre Lamberti,"['Sighseeing', 'Centro Fotografia', 'Museo Conte', 'Casa Giulietta', 'Palazzo della Ragione']",Casa Giulietta,strategy_nearest,True,0.002270221710205078,success
043898429C4C81,3,"['Arena', 'Santa Anastasia']",Torre Lamberti,"['Sighseeing', 'Centro Fotografia', 'Museo Conte', 'Casa Giulietta', 'Palazzo della Ragione']",Duomo,strategy_nearest,False,0.002492189407348633,success
0438974A9C4C80,1,['Arena'],Palazzo della Ragione,"['AMO', 'Museo Conte', 'Torre Lamberti', 'Centro Fotografia', 'Sighseeing']",Torre Lamberti,strategy_nearest,True,0.0027341842651367188,success
04389F429C4C81,0,"['Arena', 'Casa Giulietta']",Torre Lamberti,"['Sighseeing', 'Centro Fotografia', 'Museo Conte', 'Palazzo della Ragione', 'AMO']",Teatro Romano,strategy_nearest,False,0.003058910369873047,success
0438A14A9C4C80,2,['Santa Anastasia'],Duomo,"['AMO', 'Museo Miniscalchi', 'Teatro Romano', 'Palazzo della Ragione', 'Museo Conte']",Casa Giulietta,strategy_nearest,False,0.002918243408203125,success
0438A54A9C4C81,0,['Duomo'],Torre Lamberti,"['Sighseeing', 'Centro Fotografia', 'Museo Conte', 'Casa Giulietta', 'Palazzo della Ragione']",Casa Giulietta,strategy_nearest,True,0.0017809867858886719,success
0438A4429C4C80,0,['Arena'],Torre Lamberti,"['Sighseeing', 'Centro Fotografia', 'Museo Conte', 'Casa Giulietta', 'Palazzo della Ragione']",Casa Giulietta,strategy_nearest,True,0.002368927001953125,success
0438A7429C4C80,3,['Arena'],Torre Lamberti,"['Sighseeing', 'Centro Fotografia', 'Museo Conte', 'Casa Giulietta', 'Palazzo della Ragione']",Santa Anastasia,strategy_nearest,False,0.0023851394653320312,success
0438AB429C4C81,0,['Castelvecchio'],Arena,"['Verona Tour', 'Museo Lapidario', 'Museo Radio', 'San Fermo', 'Casa Giulietta']",Casa Giulietta,strategy_nearest,True,0.0019173622131347656,success
0438AA4A9C4C80,2,"['Teatro Romano', 'Torre Lamberti']",Palazzo della Ragione,"['AMO', 'Museo Conte', 'Centro Fotografia', 'Sighseeing', 'Santa Anastasia']",Casa Giulietta,strategy_nearest,False,0.0031087398529052734,success
0438AB4A9C4C80,0,['Arena'],Casa Giulietta,"['Centro Fotografia', 'Sighseeing', 'Torre Lamberti', 'Museo Conte', 'Museo Radio']",Castelvecchio,strategy_nearest,False,0.0022611618041992188,success
0438AC429C4C80,0,['Arena'],Torre Lamberti,"['Sighseeing', 'Centro Fotografia', 'Museo Conte', 'Casa Giulietta', 'Palazzo della Ragione']",Casa Giulietta,strategy_nearest,True,0.002439260482788086,success
0438BD3A9C4C80,1,"['Palazzo della Ragione', 'Torre Lamberti']",Casa Giulietta,"['Centro Fotografia', 'Sighseeing', 'Museo Conte', 'Museo Radio', 'San Fermo']",Arena,strategy_nearest,False,0.002942323684692383,success
0438B93A9C4C80,2,['Torre Lamberti'],Palazzo della Ragione,"['AMO', 'Museo Conte', 'Centro Fotografia', 'Sighseeing', 'Santa Anastasia']",Casa Giulietta,strategy_nearest,False,0.0019490718841552734,success
0438AC429C4C81,0,['Arena'],Casa Giulietta,"['Centro Fotografia', 'Sighseeing', 'Torre Lamberti', 'Museo Conte', 'Museo Radio']",Santa Anastasia,strategy_nearest,False,0.0027379989624023438,success
0438BF3A9C4C80,3,"['Duomo', 'Santa Anastasia']",Casa Giulietta,"['Centro Fotografia', 'Sighseeing', 'Torre Lamberti', 'Museo Conte', 'Museo Radio']",Arena,strategy_nearest,False,0.002727985382080078,success
0438C1429C4C80,0,['Arena'],Casa Giulietta,"['Centro Fotografia', 'Sighseeing', 'Torre Lamberti', 'Museo Conte', 'Museo Radio']",Santa Anastasia,strategy_nearest,False,0.002331256866455078,success
0438C33A9C4C80,0,"['Castelvecchio', 'Arena']",Duomo,"['AMO', 'Museo Miniscalchi', 'Santa Anastasia', 'Teatro Romano', 'Palazzo della Ragione']",Casa Giulietta,strategy_nearest,False,0.002598285675048828,success
0438C9429C4C80,2,"['Castelvecchio', 'Casa Giulietta', 'Torre Lamberti']",Palazzo della Ragione,"['AMO', 'Museo Conte', 'Centro Fotografia', 'Sighseeing', 'Santa Anastasia']",Santa Anastasia,strategy_nearest,True,0.0025959014892578125,success
0438D53A9C4C80,2,"['Museo Lapidario', 'Castelvecchio']",Casa Giulietta,"['Centro Fotografia', 'Sighseeing', 'Torre Lamberti', 'Museo Conte', 'Museo Radio']",Torre Lamberti,strategy_nearest,True,0.0031287670135498047,success
0438E2429C4C80,1,"['Arena', 'Castelvecchio', 'Torre Lamberti', 'Palazzo della Ragione']",Casa Giulietta,"['Centro Fotografia', 'Sighseeing', 'Museo Conte', 'Museo Radio', 'San Fermo']",San Fermo,strategy_nearest,True,0.001386880874633789,success
0438E4429C4C80,3,"['San Zeno', 'Castelvecchio', 'Casa Giulietta']",Arena,"['Verona Tour', 'Museo Lapidario', 'Museo Radio', 'San Fermo', 'Sighseeing']",Torre Lamberti,strategy_nearest,False,0.002001047134399414,success
0438DF429C4C80,0,['Arena'],Casa Giulietta,"['Centro Fotografia', 'Sighseeing', 'Torre Lamberti', 'Museo Conte', 'Museo Radio']",Castelvecchio,strategy_nearest,False,0.0033190250396728516,success
0438E93A9C4C80,1,"['Arena', 'Casa Giulietta', 'Palazzo della Ragione']",Torre Lamberti,"['Sighseeing', 'Centro Fotografia', 'Museo Conte', 'AMO', 'Museo Miniscalchi']",Santa Anastasia,strategy_nearest,False,0.0032711029052734375,success
0438F33A9C4C80,2,['San Zeno'],Duomo,"['AMO', 'Museo Miniscalchi', 'Santa Anastasia', 'Teatro Romano', 'Palazzo della Ragione']",Torre Lamberti,strategy_nearest,False,0.0025789737701416016,success
0438FA429C4C80,1,"['Arena', 'Torre Lamberti', 'Duomo']",Castelvecchio,"['Museo Lapidario', 'Verona Tour', 'Museo Radio', 'San Zeno', 'Sighseeing']",Teatro Romano,strategy_nearest,False,0.002572774887084961,success
0438F1429C4C80,3,"['Castelvecchio', 'Arena']",Santa Anastasia,"['AMO', 'Museo Conte', 'Palazzo della Ragione', 'Teatro Romano', 'Centro Fotografia']",Duomo,strategy_nearest,False,0.0021309852600097656,success
0438FB3A9C4C80,0,['Arena'],Teatro Romano,"['Santa Anastasia', 'Duomo', 'AMO', 'Palazzo della Ragione', 'Museo Conte']",Castelvecchio,strategy_nearest,False,0.0029938220977783203,success
0438FD3A9C4C80,0,"['Arena', 'San Fermo']",Torre Lamberti,"['Sighseeing', 'Centro Fotografia', 'Museo Conte', 'Casa Giulietta', 'Palazzo della Ragione']",Casa Giulietta,strategy_nearest,True,0.0018310546875,success
0439023A9C4C84,0,"['Arena', 'Torre Lamberti']",Casa Giulietta,"['Centro Fotografia', 'Sighseeing', 'Museo Conte', 'Museo Radio', 'Palazzo della Ragione']",Museo Storia,strategy_nearest,False,0.0018188953399658203,success
043937429C4C80,3,"['Arena', 'Casa Giulietta']",Castelvecchio,"['Museo Lapidario', 'Verona Tour', 'Museo Radio', 'San Zeno', 'Sighseeing']",Teatro Romano,strategy_nearest,False,0.002274036407470703,success
0439333A9C4C80,3,"['Arena', 'Castelvecchio']",Torre Lamberti,"['Sighseeing', 'Centro Fotografia', 'Museo Conte', 'Casa Giulietta', 'Palazzo della Ragione']",Casa Giulietta,strategy_nearest,True,0.003192901611328125,success
04393B4A9C4C80,3,"['Castelvecchio', 'Santa Anastasia']",Casa Giulietta,"['Centro Fotografia', 'Sighseeing', 'Torre Lamberti', 'Museo Conte', 'Museo Radio']",Arena,strategy_nearest,False,0.0024809837341308594,success
0439433A9C4C80,0,['Arena'],Castelvecchio,"['Museo Lapidario', 'Verona Tour', 'Museo Radio', 'San Zeno', 'Sighseeing']",San Zeno,strategy_nearest,True,0.0023958683013916016,success
04393B3A9C4C80,0,['Castelvecchio'],Duomo,"['AMO', 'Museo Miniscalchi', 'Santa Anastasia', 'Teatro Romano', 'Palazzo della Ragione']",Casa Giulietta,strategy_nearest,False,0.0023832321166992188,success
043954429C4C80,0,['Arena'],San Zeno,"['Castelvecchio', 'Verona Tour', 'Museo Lapidario', 'Museo Miniscalchi', 'Sighseeing']",Casa Giulietta,strategy_nearest,False,0.002804279327392578,success
04395D429C4C80,1,"['Arena', 'Museo Lapidario', 'Casa Giulietta']",Palazzo della Ragione,"['AMO', 'Museo Conte', 'Torre Lamberti', 'Centro Fotografia', 'Sighseeing']",Torre Lamberti,strategy_nearest,True,0.0020380020141601562,success
0439553A9C4C80,3,"['Arena', 'Casa Giulietta']",Torre Lamberti,"['Sighseeing', 'Centro Fotografia', 'Museo Conte', 'Palazzo della Ragione', 'AMO']",Santa Anastasia,strategy_nearest,False,0.0020287036895751953,success
0439583A9C4C80,0,['Arena'],Torre Lamberti,"['Sighseeing', 'Centro Fotografia', 'Museo Conte', 'Casa Giulietta', 'Palazzo della Ragione']",Casa Giulietta,strategy_nearest,True,0.0026397705078125,success
0439633A9C4C80,1,"['Torre Lamberti', 'Palazzo della Ragione']",Arena,"['Verona Tour', 'Museo Lapidario', 'Museo Radio', 'San Fermo', 'Casa Giulietta']",Giardino Giusti,strategy_nearest,False,0.0028791427612304688,success
0439643A9C4C80,2,"['Palazzo della Ragione', 'Teatro Romano', 'Santa Anastasia']",Casa Giulietta,"['Centro Fotografia', 'Sighseeing', 'Torre Lamberti', 'Museo Conte', 'Museo Radio']",San Zeno,strategy_nearest,False,0.002081155776977539,success
04396A3A9C4C80,2,"['Duomo', 'Casa Giulietta', 'San Zeno']",Castelvecchio,"['Museo Lapidario', 'Verona Tour', 'Arena', 'Museo Radio', 'Sighseeing']",Santa Anastasia,strategy_nearest,False,0.0034067630767822266,success
04396C429C4C80,0,['Arena'],San Fermo,"['Museo Storia', 'Museo Radio', 'Casa Giulietta', 'Centro Fotografia', 'Sighseeing']",Casa Giulietta,strategy_nearest,True,0.0021140575408935547,success
0439723A9C4C80,0,['Castelvecchio'],Casa Giulietta,"['Centro Fotografia', 'Sighseeing', 'Torre Lamberti', 'Museo Conte', 'Museo Radio']",Arena,strategy_nearest,False,0.0032989978790283203,success
04397A3A9C4C80,3,['Arena'],Santa Anastasia,"['AMO', 'Museo Conte', 'Palazzo della Ragione', 'Teatro Romano', 'Centro Fotografia']",Duomo,strategy_nearest,False,0.0019080638885498047,success
04397D4A9C4C80,3,"['Arena', 'San Zeno']",Santa Anastasia,"['AMO', 'Museo Conte', 'Palazzo della Ragione', 'Teatro Romano', 'Centro Fotografia']",Duomo,strategy_nearest,False,0.0012531280517578125,success
0439733A9C4C80,0,"['Arena', 'Castelvecchio']",San Zeno,"['Verona Tour', 'Museo Lapidario', 'Museo Miniscalchi', 'Sighseeing', 'Museo Radio']",Casa Giulietta,strategy_nearest,False,0.003171205520629883,success
0439813A9C4C80,3,"['Arena', 'Castelvecchio']",Casa Giulietta,"['Centro Fotografia', 'Sighseeing', 'Torre Lamberti', 'Museo Conte', 'Museo Radio']",Santa Anastasia,strategy_nearest,False,0.0030603408813476562,success
0439833A9C4C80,0,"['Museo Lapidario', 'Arena', 'Tomba Giulietta']",San Fermo,"['Museo Storia', 'Museo Radio', 'Casa Giulietta', 'Centro Fotografia', 'Sighseeing']",Casa Giulietta,strategy_nearest,True,0.0021848678588867188,success
04398E4A9C4C80,3,"['Santa Anastasia', 'Casa Giulietta']",Arena,"['Verona Tour', 'Museo Lapidario', 'Museo Radio', 'San Fermo', 'Sighseeing']",Castelvecchio,strategy_nearest,False,0.0026559829711914062,success
043994429C4C80,0,['Arena'],Casa Giulietta,"['Centro Fotografia', 'Sighseeing', 'Torre Lamberti', 'Museo Conte', 'Museo Radio']",Castelvecchio,strategy_nearest,False,0.0030591487884521484,success
043996429C4C80,0,['Arena'],Casa Giulietta,"['Centro Fotografia', 'Sighseeing', 'Torre Lamberti', 'Museo Conte', 'Museo Radio']",Torre Lamberti,strategy_nearest,True,0.0029959678649902344,success
04399C429C4C80,3,['Arena'],Casa Giulietta,"['Centro Fotografia', 'Sighseeing', 'Torre Lamberti', 'Museo Conte', 'Museo Radio']",Santa Anastasia,strategy_nearest,False,0.002321004867553711,success
0439A54A9C4C80,3,"['Castelvecchio', 'Casa Giulietta']",Santa Anastasia,"['AMO', 'Museo Conte', 'Palazzo della Ragione', 'Teatro Romano', 'Centro Fotografia']",Duomo,strategy_nearest,False,0.0024209022521972656,success
0439A74A9C4C80,1,"['Arena', 'Museo Lapidario']",Castelvecchio,"['Verona Tour', 'Museo Radio', 'San Zeno', 'Sighseeing', 'Museo Miniscalchi']",Palazzo della Ragione,strategy_nearest,False,0.0019741058349609375,success
0439AA4A9C4C81,0,['Arena'],Castelvecchio,"['Museo Lapidario', 'Verona Tour', 'Museo Radio', 'San Zeno', 'Sighseeing']",San Zeno,strategy_nearest,True,0.0017490386962890625,success
0439A9429C4C80,0,['Arena'],Casa Giulietta,"['Centro Fotografia', 'Sighseeing', 'Torre Lamberti', 'Museo Conte', 'Museo Radio']",Tomba Giulietta,strategy_nearest,False,0.003203153610229492,success
0439AB429C4C81,3,['Arena'],San Fermo,"['Museo Storia', 'Museo Radio', 'Casa Giulietta', 'Centro Fotografia', 'Sighseeing']",Santa Anastasia,strategy_nearest,False,0.002264738082885742,success
0439AD429C4C80,3,"['San Zeno', 'Duomo', 'Santa Anastasia']",Torre Lamberti,"['Sighseeing', 'Centro Fotografia', 'Museo Conte', 'Casa Giulietta', 'Palazzo della Ragione']",Casa Giulietta,strategy_nearest,True,0.002547025680541992,success
0439B4429C4C80,2,['Giardino Giusti'],Teatro Romano,"['Santa Anastasia', 'Duomo', 'AMO', 'Palazzo della Ragione', 'Museo Conte']",Duomo,strategy_nearest,True,0.002608060836791992,success
0439B4429C4C81,2,"['Casa Giulietta', 'Santa Anastasia']",Duomo,"['AMO', 'Museo Miniscalchi', 'Teatro Romano', 'Palazzo della Ragione', 'Museo Conte']",Teatro Romano,strategy_nearest,True,0.003023862838745117,success
0439C23A9C4C80,2,['Torre Lamberti'],Palazzo della Ragione,"['AMO', 'Museo Conte', 'Centro Fotografia', 'Sighseeing', 'Santa Anastasia']",Casa Giulietta,strategy_nearest,False,0.001895904541015625,success
0439C33A9C4C80,1,"['Casa Giulietta', 'Torre Lamberti', 'Duomo']",Palazzo della Ragione,"['AMO', 'Museo Conte', 'Centro Fotografia', 'Sighseeing', 'Santa Anastasia']",Arena,strategy_nearest,False,0.002560853958129883,success
0439C8429C4C80,3,"['Arena', 'Casa Giulietta']",Torre Lamberti,"['Sighseeing', 'Centro Fotografia', 'Museo Conte', 'Palazzo della Ragione', 'AMO']",Teatro Romano,strategy_nearest,False,0.003274202346801758,success
0439C9429C4C80,2,['Castelvecchio'],Santa Anastasia,"['AMO', 'Museo Conte', 'Palazzo della Ragione', 'Teatro Romano', 'Centro Fotografia']",Duomo,strategy_nearest,False,0.0025730133056640625,success
0439E33A9C4C80,3,"['Arena', 'Torre Lamberti']",Santa Anastasia,"['AMO', 'Museo Conte', 'Palazzo della Ragione', 'Teatro Romano', 'Centro Fotografia']",Teatro Romano,strategy_nearest,True,0.0023469924926757812,success
0439D23A9C4C80,0,['Arena'],Casa Giulietta,"['Centro Fotografia', 'Sighseeing', 'Torre Lamberti', 'Museo Conte', 'Museo Radio']",Teatro Romano,strategy_nearest,False,0.002187013626098633,success
0439EC3A9C4C80,0,['Torre Lamberti'],Casa Giulietta,"['Centro Fotografia', 'Sighseeing', 'Museo Conte', 'Museo Radio', 'Palazzo della Ragione']",Arena,strategy_nearest,False,0.0026366710662841797,success
0439E93A9C4C80,3,"['Arena', 'Santa Anastasia']",Casa Giulietta,"['Centro Fotografia', 'Sighseeing', 'Torre Lamberti', 'Museo Conte', 'Museo Radio']",Castelvecchio,strategy_nearest,False,0.0020132064819335938,success
0439FC3A9C4C80,3,"['Arena', 'Castelvecchio']",Torre Lamberti,"['Sighseeing', 'Centro Fotografia', 'Museo Conte', 'Casa Giulietta', 'Palazzo della Ragione']",Santa Anastasia,strategy_nearest,False,0.002608060836791992,success
0439FD429C4C80,3,"['Arena', 'Torre Lamberti']",Santa Anastasia,"['AMO', 'Museo Conte', 'Palazzo della Ragione', 'Teatro Romano', 'Centro Fotografia']",Castelvecchio,strategy_nearest,False,0.0028769969940185547,success
043A834A9C4C80,1,"['Arena', 'Duomo']",Teatro Romano,"['Santa Anastasia', 'AMO', 'Palazzo della Ragione', 'Museo Conte', 'Centro Fotografia']",Palazzo della Ragione,strategy_nearest,True,0.003084897994995117,success
043A8C4A9C4C81,3,"['Arena', 'Casa Giulietta']",Torre Lamberti,"['Sighseeing', 'Centro Fotografia', 'Museo Conte', 'Palazzo della Ragione', 'AMO']",Castelvecchio,strategy_nearest,False,0.0018968582153320312,success
043A854A9C4C80,1,"['Arena', 'Casa Giulietta']",Torre Lamberti,"['Sighseeing', 'Centro Fotografia', 'Museo Conte', 'Palazzo della Ragione', 'AMO']",Palazzo della Ragione,strategy_nearest,True,0.0013730525970458984,success
043A90429C4C81,1,"['Castelvecchio', 'Arena']",Casa Giulietta,"['Centro Fotografia', 'Sighseeing', 'Torre Lamberti', 'Museo Conte', 'Museo Radio']",Palazzo della Ragione,strategy_nearest,False,0.0032029151916503906,success
043AA8429C4C81,3,['Duomo'],Torre Lamberti,"['Sighseeing', 'Centro Fotografia', 'Museo Conte', 'Casa Giulietta', 'Palazzo della Ragione']",Teatro Romano,strategy_nearest,False,0.0017819404602050781,success
043AAB429C4C81,0,['Arena'],Casa Giulietta,"['Centro Fotografia', 'Sighseeing', 'Torre Lamberti', 'Museo Conte', 'Museo Radio']",Teatro Romano,strategy_nearest,False,0.00261688232421875,success
043AA5429C4C81,3,"['Arena', 'Casa Giulietta']",Santa Anastasia,"['AMO', 'Museo Conte', 'Palazzo della Ragione', 'Teatro Romano', 'Centro Fotografia']",Duomo,strategy_nearest,False,0.0026280879974365234,success
043AC8429C4C80,0,['Castelvecchio'],Arena,"['Verona Tour', 'Museo Lapidario', 'Museo Radio', 'San Fermo', 'Casa Giulietta']",Casa Giulietta,strategy_nearest,True,0.0028197765350341797,success
043AEB429C4C80,1,"['Arena', 'Castelvecchio', 'Torre Lamberti', 'Palazzo della Ragione']",Santa Anastasia,"['AMO', 'Museo Conte', 'Teatro Romano', 'Centro Fotografia', 'Duomo']",Duomo,strategy_nearest,True,0.0027370452880859375,success
043AC93A9C4C80,0,['Castelvecchio'],Torre Lamberti,"['Sighseeing', 'Centro Fotografia', 'Museo Conte', 'Casa Giulietta', 'Palazzo della Ragione']",Teatro Romano,strategy_nearest,False,0.002125978469848633,success
043B003A9C4C84,0,['Arena'],Torre Lamberti,"['Sighseeing', 'Centro Fotografia', 'Museo Conte', 'Casa Giulietta', 'Palazzo della Ragione']",Casa Giulietta,strategy_nearest,True,0.0019230842590332031,success
043B04429C4C84,0,"['Torre Lamberti', 'Duomo']",Arena,"['Verona Tour', 'Museo Lapidario', 'Museo Radio', 'San Fermo', 'Casa Giulietta']",Casa Giulietta,strategy_nearest,True,0.00243377685546875,success
043B053A9C4C84,0,['Arena'],Casa Giulietta,"['Centro Fotografia', 'Sighseeing', 'Torre Lamberti', 'Museo Conte', 'Museo Radio']",Torre Lamberti,strategy_nearest,True,0.003242015838623047,success
043B0B3A9C4C84,3,"['Arena', 'Casa Giulietta', 'Torre Lamberti', 'Santa Anastasia']",Duomo,"['AMO', 'Museo Miniscalchi', 'Teatro Romano', 'Palazzo della Ragione', 'Museo Conte']",Teatro Romano,strategy_nearest,True,0.002088785171508789,success
043B2C3A9C4C80,3,"['Tomba Giulietta', 'San Fermo', 'Castelvecchio', 'San Zeno']",Arena,"['Verona Tour', 'Museo Lapidario', 'Museo Radio', 'Casa Giulietta', 'Sighseeing']",Casa Giulietta,strategy_nearest,True,0.0014729499816894531,success
043B354A9C4C80,1,"['Arena', 'San Fermo', 'Santa Anastasia']",Torre Lamberti,"['Sighseeing', 'Centro Fotografia', 'Museo Conte', 'Casa Giulietta', 'Palazzo della Ragione']",Duomo,strategy_nearest,False,0.002541780471801758,success
043B363A9C4C80,0,['Arena'],Duomo,"['AMO', 'Museo Miniscalchi', 'Santa Anastasia', 'Teatro Romano', 'Palazzo della Ragione']",Casa Giulietta,strategy_nearest,False,0.0014750957489013672,success
043B394A9C4C80,1,"['Arena', 'Teatro Romano', 'Duomo']",Castelvecchio,"['Museo Lapidario', 'Verona Tour', 'Museo Radio', 'San Zeno', 'Sighseeing']",Santa Anastasia,strategy_nearest,False,0.0025768280029296875,success
043B39429C4C80,1,"['Castelvecchio', 'Teatro Romano', 'Palazzo della Ragione', 'Torre Lamberti', 'Santa Anastasia']",Duomo,"['AMO', 'Museo Miniscalchi', 'Museo Conte', 'Centro Fotografia', 'Sighseeing']",Museo Lapidario,strategy_nearest,False,0.001956939697265625,success
043B443A9C4C80,3,"['Casa Giulietta', 'Santa Anastasia', 'Teatro Romano']",Duomo,"['AMO', 'Museo Miniscalchi', 'Palazzo della Ragione', 'Museo Conte', 'Torre Lamberti']",Arena,strategy_nearest,False,0.003239870071411133,success
043B49429C4C80,0,['Arena'],Casa Giulietta,"['Centro Fotografia', 'Sighseeing', 'Torre Lamberti', 'Museo Conte', 'Museo Radio']",Torre Lamberti,strategy_nearest,True,0.0020699501037597656,success
043B58429C4C80,1,"['Arena', 'Museo Lapidario']",Palazzo della Ragione,"['AMO', 'Museo Conte', 'Torre Lamberti', 'Centro Fotografia', 'Sighseeing']",Torre Lamberti,strategy_nearest,True,0.0023767948150634766,success
043B55429C4C80,0,['Arena'],Casa Giulietta,"['Centro Fotografia', 'Sighseeing', 'Torre Lamberti', 'Museo Conte', 'Museo Radio']",Castelvecchio,strategy_nearest,False,0.0018591880798339844,success
043B4D429C4C80,0,['Arena'],Castelvecchio,"['Museo Lapidario', 'Verona Tour', 'Museo Radio', 'San Zeno', 'Sighseeing']",Torre Lamberti,strategy_nearest,False,0.0032830238342285156,success
043B6A429C4C80,2,['Torre Lamberti'],Palazzo della Ragione,"['AMO', 'Museo Conte', 'Centro Fotografia', 'Sighseeing', 'Santa Anastasia']",Casa Giulietta,strategy_nearest,False,0.002095937728881836,success
043B753A9C4C80,0,['Tomba Giulietta'],Arena,"['Verona Tour', 'Museo Lapidario', 'Museo Radio', 'San Fermo', 'Casa Giulietta']",Torre Lamberti,strategy_nearest,False,0.0026369094848632812,success
043B793A9C4C80,0,['Arena'],San Fermo,"['Museo Storia', 'Museo Radio', 'Casa Giulietta', 'Centro Fotografia', 'Sighseeing']",Casa Giulietta,strategy_nearest,True,0.0032219886779785156,success
043B5D429C4C80,1,['Arena'],Casa Giulietta,"['Centro Fotografia', 'Sighseeing', 'Torre Lamberti', 'Museo Conte', 'Museo Radio']",Torre Lamberti,strategy_nearest,True,0.0016331672668457031,success
043B7C3A9C4C80,3,"['Arena', 'Castelvecchio']",Santa Anastasia,"['AMO', 'Museo Conte', 'Palazzo della Ragione', 'Teatro Romano', 'Centro Fotografia']",Casa Giulietta,strategy_nearest,False,0.0016169548034667969,success
043B7F3A9C4C80,1,"['Arena', 'Casa Giulietta', 'Torre Lamberti']",Palazzo della Ragione,"['AMO', 'Museo Conte', 'Centro Fotografia', 'Sighseeing', 'Santa Anastasia']",Santa Anastasia,strategy_nearest,True,0.0021970272064208984,success
043B843A9C4C80,2,['Museo Lapidario'],Museo Storia,"['San Fermo', 'Museo Radio', 'Casa Giulietta', 'Centro Fotografia', 'Tomba Giulietta']",Torre Lamberti,strategy_nearest,False,0.003033876419067383,success
043B85429C4C80,0,['Arena'],Casa Giulietta,"['Centro Fotografia', 'Sighseeing', 'Torre Lamberti', 'Museo Conte', 'Museo Radio']",Santa Anastasia,strategy_nearest,False,0.0022912025451660156,success
043B8F3A9C4C80,1,['Arena'],Palazzo della Ragione,"['AMO', 'Museo Conte', 'Torre Lamberti', 'Centro Fotografia', 'Sighseeing']",Santa Anastasia,strategy_nearest,False,0.0018057823181152344,success
043B893A9C4C80,3,"['Castelvecchio', 'Arena']",Santa Anastasia,"['AMO', 'Museo Conte', 'Palazzo della Ragione', 'Teatro Romano', 'Centro Fotografia']",Duomo,strategy_nearest,False,0.003143310546875,success
043BA44A9C4C80,3,['Arena'],Casa Giulietta,"['Centro Fotografia', 'Sighseeing', 'Torre Lamberti', 'Museo Conte', 'Museo Radio']",Santa Anastasia,strategy_nearest,False,0.0020301342010498047,success
043BA6429C4C80,0,['Castelvecchio'],Casa Giulietta,"['Centro Fotografia', 'Sighseeing', 'Torre Lamberti', 'Museo Conte', 'Museo Radio']",Arena,strategy_nearest,False,0.0029959678649902344,success
043BAF3A9C4C80,0,['Arena'],Torre Lamberti,"['Sighseeing', 'Centro Fotografia', 'Museo Conte', 'Casa Giulietta', 'Palazzo della Ragione']",Duomo,strategy_nearest,False,0.0036220550537109375,success
043BB63A9C4C80,0,['Arena'],Casa Giulietta,"['Centro Fotografia', 'Sighseeing', 'Torre Lamberti', 'Museo Conte', 'Museo Radio']",Santa Anastasia,strategy_nearest,False,0.0019898414611816406,success
043BB8429C4C80,3,"['Arena', 'Museo Lapidario']",Castelvecchio,"['Verona Tour', 'Museo Radio', 'San Zeno', 'Sighseeing', 'Museo Miniscalchi']",Duomo,strategy_nearest,False,0.0013229846954345703,success
043BBD3A9C4C80,0,['Castelvecchio'],Arena,"['Verona Tour', 'Museo Lapidario', 'Museo Radio', 'San Fermo', 'Casa Giulietta']",Casa Giulietta,strategy_nearest,True,0.0024399757385253906,success
043BB9429C4C80,3,['Arena'],Torre Lamberti,"['Sighseeing', 'Centro Fotografia', 'Museo Conte', 'Casa Giulietta', 'Palazzo della Ragione']",Duomo,strategy_nearest,False,0.0037488937377929688,success
043BC13A9C4C80,0,['Arena'],San Fermo,"['Museo Storia', 'Museo Radio', 'Casa Giulietta', 'Centro Fotografia', 'Sighseeing']",Castelvecchio,strategy_nearest,False,0.004214048385620117,success
043BC8429C4C80,1,"['Casa Giulietta', 'Palazzo della Ragione']",Torre Lamberti,"['Sighseeing', 'Centro Fotografia', 'Museo Conte', 'AMO', 'Museo Miniscalchi']",Arena,strategy_nearest,False,0.002115011215209961,success
043BC63A9C4C80,2,['Teatro Romano'],Duomo,"['AMO', 'Museo Miniscalchi', 'Santa Anastasia', 'Palazzo della Ragione', 'Museo Conte']",Castelvecchio,strategy_nearest,False,0.004126071929931641,success
043BC3429C4C80,1,"['Torre Lamberti', 'Palazzo della Ragione']",Arena,"['Verona Tour', 'Museo Lapidario', 'Museo Radio', 'San Fermo', 'Casa Giulietta']",San Zeno,strategy_nearest,False,0.004163026809692383,success
043BCD3A9C4C80,3,['Arena'],Casa Giulietta,"['Centro Fotografia', 'Sighseeing', 'Torre Lamberti', 'Museo Conte', 'Museo Radio']",Santa Anastasia,strategy_nearest,False,0.0025391578674316406,success
043BC9429C4C80,0,['Arena'],Casa Giulietta,"['Centro Fotografia', 'Sighseeing', 'Torre Lamberti', 'Museo Conte', 'Museo Radio']",Torre Lamberti,strategy_nearest,True,0.005540132522583008,success
043BCE3A9C4C80,0,['Arena'],Casa Giulietta,"['Centro Fotografia', 'Sighseeing', 'Torre Lamberti', 'Museo Conte', 'Museo Radio']",Torre Lamberti,strategy_nearest,True,0.0041790008544921875,success
043BCF429C4C80,1,"['Casa Giulietta', 'Torre Lamberti']",Palazzo della Ragione,"['AMO', 'Museo Conte', 'Centro Fotografia', 'Sighseeing', 'Santa Anastasia']",Castelvecchio,strategy_nearest,False,0.004524707794189453,success
043BDD3A9C4C80,0,['Arena'],Casa Giulietta,"['Centro Fotografia', 'Sighseeing', 'Torre Lamberti', 'Museo Conte', 'Museo Radio']",San Fermo,strategy_nearest,False,0.003378152847290039,success
043BE2429C4C80,1,['Arena'],Torre Lamberti,"['Sighseeing', 'Centro Fotografia', 'Museo Conte', 'Casa Giulietta', 'Palazzo della Ragione']",Palazzo della Ragione,strategy_nearest,True,0.0039789676666259766,success
043BEF3A9C4C80,1,['Arena'],Palazzo della Ragione,"['AMO', 'Museo Conte', 'Torre Lamberti', 'Centro Fotografia', 'Sighseeing']",Duomo,strategy_nearest,False,0.0017771720886230469,success
043BE5429C4C80,2,"['Casa Giulietta', 'Castelvecchio']",Santa Anastasia,"['AMO', 'Museo Conte', 'Palazzo della Ragione', 'Teatro Romano', 'Centro Fotografia']",Duomo,strategy_nearest,False,0.003632068634033203,success
043BE93A9C4C80,0,['Arena'],San Fermo,"['Museo Storia', 'Museo Radio', 'Casa Giulietta', 'Centro Fotografia', 'Sighseeing']",Casa Giulietta,strategy_nearest,True,0.0027501583099365234,success
043BFE3A9C4C80,3,['Arena'],Casa Giulietta,"['Centro Fotografia', 'Sighseeing', 'Torre Lamberti', 'Museo Conte', 'Museo Radio']",Santa Anastasia,strategy_nearest,False,0.002986907958984375,success
043BF03A9C4C80,0,['Arena'],Torre Lamberti,"['Sighseeing', 'Centro Fotografia', 'Museo Conte', 'Casa Giulietta', 'Palazzo della Ragione']",Casa Giulietta,strategy_nearest,True,0.00700688362121582,success
043BF83A9C4C80,0,['Castelvecchio'],Arena,"['Verona Tour', 'Museo Lapidario', 'Museo Radio', 'San Fermo', 'Casa Giulietta']",Casa Giulietta,strategy_nearest,True,0.004599094390869141,success
043BF73A9C4C80,3,"['Arena', 'Museo Lapidario', 'Castelvecchio']",Casa Giulietta,"['Centro Fotografia', 'Sighseeing', 'Torre Lamberti', 'Museo Conte', 'Museo Radio']",Tomba Giulietta,strategy_nearest,False,0.0023038387298583984,success
043C043A9C4C84,1,['Arena'],Casa Giulietta,"['Centro Fotografia', 'Sighseeing', 'Torre Lamberti', 'Museo Conte', 'Museo Radio']",Palazzo della Ragione,strategy_nearest,False,0.0017850399017333984,success
043C35429C4C80,2,['Castelvecchio'],Palazzo della Ragione,"['AMO', 'Museo Conte', 'Torre Lamberti', 'Centro Fotografia', 'Sighseeing']",San Zeno,strategy_nearest,False,0.0022809505462646484,success
043C06429C4C84,3,"['Arena', 'Casa Giulietta', 'Santa Anastasia', 'Duomo']",San Fermo,"['Museo Storia', 'Museo Radio', 'Centro Fotografia', 'Sighseeing', 'Torre Lamberti']",Tomba Giulietta,strategy_nearest,False,0.00428009033203125,success
043C2D429C4C80,3,"['Museo Lapidario', 'San Fermo']",Teatro Romano,"['Santa Anastasia', 'Duomo', 'AMO', 'Palazzo della Ragione', 'Museo Conte']",Torre Lamberti,strategy_nearest,False,0.004804849624633789,success
043C48429C4C80,3,['Arena'],Casa Giulietta,"['Centro Fotografia', 'Sighseeing', 'Torre Lamberti', 'Museo Conte', 'Museo Radio']",Torre Lamberti,strategy_nearest,True,0.0024738311767578125,success
043C5E429C4C80,1,"['Arena', 'Santa Anastasia']",Palazzo della Ragione,"['AMO', 'Museo Conte', 'Torre Lamberti', 'Centro Fotografia', 'Sighseeing']",Torre Lamberti,strategy_nearest,True,0.003015756607055664,success
043C5F3A9C4C80,1,"['Castelvecchio', 'Santa Anastasia']",Palazzo della Ragione,"['AMO', 'Museo Conte', 'Torre Lamberti', 'Centro Fotografia', 'Sighseeing']",Torre Lamberti,strategy_nearest,True,0.0028028488159179688,success
043C743A9C4C80,0,['Arena'],Casa Giulietta,"['Centro Fotografia', 'Sighseeing', 'Torre Lamberti', 'Museo Conte', 'Museo Radio']",Santa Anastasia,strategy_nearest,False,0.00400996208190918,success
043C713A9C4C80,0,"['Arena', 'Tomba Giulietta']",Casa Giulietta,"['Centro Fotografia', 'Sighseeing', 'Torre Lamberti', 'Museo Conte', 'Museo Radio']",Duomo,strategy_nearest,False,0.0052568912506103516,success
043C7A4A9C4C80,0,['Arena'],Casa Giulietta,"['Centro Fotografia', 'Sighseeing', 'Torre Lamberti', 'Museo Conte', 'Museo Radio']",Torre Lamberti,strategy_nearest,True,0.0055332183837890625,success
043C7D3A9C4C80,3,"['Arena', 'Castelvecchio']",Torre Lamberti,"['Sighseeing', 'Centro Fotografia', 'Museo Conte', 'Casa Giulietta', 'Palazzo della Ragione']",Casa Giulietta,strategy_nearest,True,0.0030260086059570312,success
043C803A9C4C80,3,"['Arena', 'Casa Giulietta', 'Torre Lamberti']",Santa Anastasia,"['AMO', 'Museo Conte', 'Palazzo della Ragione', 'Teatro Romano', 'Centro Fotografia']",Teatro Romano,strategy_nearest,True,0.0028710365295410156,success
043C7D4A9C4C80,1,"['Arena', 'Casa Giulietta', 'San Fermo']",Torre Lamberti,"['Sighseeing', 'Centro Fotografia', 'Museo Conte', 'Palazzo della Ragione', 'AMO']",Palazzo della Ragione,strategy_nearest,True,0.002207040786743164,success
043C834A9C4C80,0,['Arena'],Casa Giulietta,"['Centro Fotografia', 'Sighseeing', 'Torre Lamberti', 'Museo Conte', 'Museo Radio']",Santa Anastasia,strategy_nearest,False,0.0033440589904785156,success
043C8A4A9C4C80,3,"['Arena', 'Casa Giulietta']",Torre Lamberti,"['Sighseeing', 'Centro Fotografia', 'Museo Conte', 'Palazzo della Ragione', 'AMO']",Santa Anastasia,strategy_nearest,False,0.0021600723266601562,success
043C854A9C4C80,0,['Arena'],San Fermo,"['Museo Storia', 'Museo Radio', 'Casa Giulietta', 'Centro Fotografia', 'Sighseeing']",Casa Giulietta,strategy_nearest,True,0.0021817684173583984,success
043C894A9C4C80,0,['Arena'],Casa Giulietta,"['Centro Fotografia', 'Sighseeing', 'Torre Lamberti', 'Museo Conte', 'Museo Radio']",Santa Anastasia,strategy_nearest,False,0.0030508041381835938,success
043C97429C4C80,1,['Arena'],Castelvecchio,"['Museo Lapidario', 'Verona Tour', 'Museo Radio', 'San Zeno', 'Sighseeing']",Torre Lamberti,strategy_nearest,False,0.0015511512756347656,success
043C8C429C4C80,3,['Arena'],Torre Lamberti,"['Sighseeing', 'Centro Fotografia', 'Museo Conte', 'Casa Giulietta', 'Palazzo della Ragione']",Santa Anastasia,strategy_nearest,False,0.003371715545654297,success
043C8E3A9C4C80,3,['Castelvecchio'],Arena,"['Verona Tour', 'Museo Lapidario', 'Museo Radio', 'San Fermo', 'Casa Giulietta']",Duomo,strategy_nearest,False,0.003330707550048828,success
043CAA4A9C4C80,0,['Arena'],Casa Giulietta,"['Centro Fotografia', 'Sighseeing', 'Torre Lamberti', 'Museo Conte', 'Museo Radio']",Torre Lamberti,strategy_nearest,True,0.0029828548431396484,success
043CB4429C4C80,3,"['Casa Giulietta', 'Torre Lamberti']",Santa Anastasia,"['AMO', 'Museo Conte', 'Palazzo della Ragione', 'Teatro Romano', 'Centro Fotografia']",Duomo,strategy_nearest,False,0.0034329891204833984,success
043CB5429C4C80,3,"['Arena', 'Castelvecchio']",Duomo,"['AMO', 'Museo Miniscalchi', 'Santa Anastasia', 'Teatro Romano', 'Palazzo della Ragione']",Santa Anastasia,strategy_nearest,True,0.0012059211730957031,success
043CBD3A9C4C80,3,['Arena'],Torre Lamberti,"['Sighseeing', 'Centro Fotografia', 'Museo Conte', 'Casa Giulietta', 'Palazzo della Ragione']",Santa Anastasia,strategy_nearest,False,0.002964019775390625,success
043CC23A9C4C80,0,"['Teatro Romano', 'Duomo']",Casa Giulietta,"['Centro Fotografia', 'Sighseeing', 'Torre Lamberti', 'Museo Conte', 'Museo Radio']",Castelvecchio,strategy_nearest,False,0.0016429424285888672,success
043CE73A9C4C80,0,['Arena'],Casa Giulietta,"['Centro Fotografia', 'Sighseeing', 'Torre Lamberti', 'Museo Conte', 'Museo Radio']",Teatro Romano,strategy_nearest,False,0.0023772716522216797,success
043CE93A9C4C80,3,"['Arena', 'Castelvecchio', 'Casa Giulietta']",Torre Lamberti,"['Sighseeing', 'Centro Fotografia', 'Museo Conte', 'Palazzo della Ragione', 'AMO']",Santa Anastasia,strategy_nearest,False,0.003662109375,success
043CED3A9C4C80,2,['Santa Anastasia'],Duomo,"['AMO', 'Museo Miniscalchi', 'Teatro Romano', 'Palazzo della Ragione', 'Museo Conte']",Teatro Romano,strategy_nearest,True,0.003000974655151367,success
043CEE429C4C80,2,"['San Zeno', 'Santa Anastasia']",Torre Lamberti,"['Sighseeing', 'Centro Fotografia', 'Museo Conte', 'Casa Giulietta', 'Palazzo della Ragione']",Teatro Romano,strategy_nearest,False,0.0023539066314697266,success
043CF73A9C4C80,1,"['Arena', 'Castelvecchio']",Palazzo della Ragione,"['AMO', 'Museo Conte', 'Torre Lamberti', 'Centro Fotografia', 'Sighseeing']",Torre Lamberti,strategy_nearest,True,0.0018391609191894531,success
043CF33A9C4C80,1,"['Castelvecchio', 'Arena', 'Casa Giulietta']",Palazzo della Ragione,"['AMO', 'Museo Conte', 'Torre Lamberti', 'Centro Fotografia', 'Sighseeing']",Torre Lamberti,strategy_nearest,True,0.002624988555908203,success
043CFC3A9C4C80,6,['Castelvecchio'],Casa Giulietta,"['Centro Fotografia', 'Sighseeing', 'Torre Lamberti', 'Museo Conte', 'Museo Radio']",Verona Tour,strategy_nearest,False,0.003097057342529297,success
043D2B429C4C80,1,"['Castelvecchio', 'San Fermo', 'Museo Storia', 'Teatro Romano', 'Duomo']",Santa Anastasia,"['AMO', 'Museo Conte', 'Palazzo della Ragione', 'Centro Fotografia', 'Torre Lamberti']",Torre Lamberti,strategy_nearest,True,0.0021250247955322266,success
043D0A429C4C84,0,['Arena'],Torre Lamberti,"['Sighseeing', 'Centro Fotografia', 'Museo Conte', 'Casa Giulietta', 'Palazzo della Ragione']",Casa Giulietta,strategy_nearest,True,0.00299072265625,success
043D2B4A9C4C80,0,['Casa Giulietta'],Arena,"['Verona Tour', 'Museo Lapidario', 'Museo Radio', 'San Fermo', 'Sighseeing']",Castelvecchio,strategy_nearest,False,0.002535104751586914,success
043D413A9C4C80,0,['Arena'],Duomo,"['AMO', 'Museo Miniscalchi', 'Santa Anastasia', 'Teatro Romano', 'Palazzo della Ragione']",Castelvecchio,strategy_nearest,False,0.003184795379638672,success
043D303A9C4C80,0,"['Arena', 'Casa Giulietta']",Castelvecchio,"['Museo Lapidario', 'Verona Tour', 'Museo Radio', 'San Zeno', 'Sighseeing']",Giardino Giusti,strategy_nearest,False,0.0024313926696777344,success
043D3C4A9C4C80,2,"['Casa Giulietta', 'Castelvecchio']",Santa Anastasia,"['AMO', 'Museo Conte', 'Palazzo della Ragione', 'Teatro Romano', 'Centro Fotografia']",Teatro Romano,strategy_nearest,True,0.002941131591796875,success
043D703A9C4C80,3,"['Arena', 'Castelvecchio']",Santa Anastasia,"['AMO', 'Museo Conte', 'Palazzo della Ragione', 'Teatro Romano', 'Centro Fotografia']",Casa Giulietta,strategy_nearest,False,0.0026051998138427734,success
043D533A9C4C80,3,"['Arena', 'Castelvecchio']",Casa Giulietta,"['Centro Fotografia', 'Sighseeing', 'Torre Lamberti', 'Museo Conte', 'Museo Radio']",Santa Anastasia,strategy_nearest,False,0.00164794921875,success
043D5B3A9C4C80,3,"['San Zeno', 'Castelvecchio', 'Duomo']",Museo Storia,"['San Fermo', 'Museo Radio', 'Casa Giulietta', 'Centro Fotografia', 'Tomba Giulietta']",Arena,strategy_nearest,False,0.0019969940185546875,success
043D72429C4C80,1,"['Arena', 'Torre Lamberti']",Palazzo della Ragione,"['AMO', 'Museo Conte', 'Centro Fotografia', 'Sighseeing', 'Santa Anastasia']",Casa Giulietta,strategy_nearest,False,0.0027310848236083984,success
043D7D3A9C4C80,0,['Arena'],Torre Lamberti,"['Sighseeing', 'Centro Fotografia', 'Museo Conte', 'Casa Giulietta', 'Palazzo della Ragione']",Casa Giulietta,strategy_nearest,True,0.0020232200622558594,success
043D823A9C4C80,0,['Arena'],Casa Giulietta,"['Centro Fotografia', 'Sighseeing', 'Torre Lamberti', 'Museo Conte', 'Museo Radio']",Torre Lamberti,strategy_nearest,True,0.002911090850830078,success
043D833A9C4C80,3,"['Arena', 'Museo Lapidario']",Castelvecchio,"['Verona Tour', 'Museo Radio', 'San Zeno', 'Sighseeing', 'Museo Miniscalchi']",Casa Giulietta,strategy_nearest,False,0.002997875213623047,success
043D8D4A9C4C80,0,['Casa Giulietta'],Arena,"['Verona Tour', 'Museo Lapidario', 'Museo Radio', 'San Fermo', 'Sighseeing']",Museo Lapidario,strategy_nearest,True,0.0029299259185791016,success
043D97429C4C80,3,"['Castelvecchio', 'Arena']",San Zeno,"['Verona Tour', 'Museo Lapidario', 'Museo Miniscalchi', 'Sighseeing', 'Museo Radio']",Torre Lamberti,strategy_nearest,False,0.0026397705078125,success
043D8E3A9C4C80,0,['Arena'],Casa Giulietta,"['Centro Fotografia', 'Sighseeing', 'Torre Lamberti', 'Museo Conte', 'Museo Radio']",Castelvecchio,strategy_nearest,False,0.003635406494140625,success
043DA3429C4C80,0,['Arena'],Casa Giulietta,"['Centro Fotografia', 'Sighseeing', 'Torre Lamberti', 'Museo Conte', 'Museo Radio']",Duomo,strategy_nearest,False,0.002045869827270508,success
043DA24A9C4C80,3,['Arena'],Casa Giulietta,"['Centro Fotografia', 'Sighseeing', 'Torre Lamberti', 'Museo Conte', 'Museo Radio']",Santa Anastasia,strategy_nearest,False,0.0026772022247314453,success
043DA34A9C4C80,1,"['Arena', 'Casa Giulietta']",Palazzo della Ragione,"['AMO', 'Museo Conte', 'Torre Lamberti', 'Centro Fotografia', 'Sighseeing']",Santa Anastasia,strategy_nearest,False,0.0020759105682373047,success
043DA93A9C4C80,1,['Arena'],Torre Lamberti,"['Sighseeing', 'Centro Fotografia', 'Museo Conte', 'Casa Giulietta', 'Palazzo della Ragione']",Palazzo della Ragione,strategy_nearest,True,0.0026731491088867188,success
043DA94A9C4C80,2,['Duomo'],Teatro Romano,"['Santa Anastasia', 'AMO', 'Palazzo della Ragione', 'Museo Conte', 'Centro Fotografia']",Castelvecchio,strategy_nearest,False,0.002933979034423828,success
043DAE3A9C4C80,0,['Arena'],San Fermo,"['Museo Storia', 'Museo Radio', 'Casa Giulietta', 'Centro Fotografia', 'Sighseeing']",Casa Giulietta,strategy_nearest,True,0.002535104751586914,success
043DAF429C4C80,0,"['Arena', 'Casa Giulietta']",Torre Lamberti,"['Sighseeing', 'Centro Fotografia', 'Museo Conte', 'Palazzo della Ragione', 'AMO']",Castelvecchio,strategy_nearest,False,0.0031120777130126953,success
043DB6429C4C80,0,['San Zeno'],Arena,"['Verona Tour', 'Museo Lapidario', 'Museo Radio', 'San Fermo', 'Casa Giulietta']",Casa Giulietta,strategy_nearest,True,0.003787994384765625,success
043DBB429C4C80,0,['Casa Giulietta'],Torre Lamberti,"['Sighseeing', 'Centro Fotografia', 'Museo Conte', 'Palazzo della Ragione', 'AMO']",Arena,strategy_nearest,False,0.0027570724487304688,success
043DBF3A9C4C80,1,"['Arena', 'Casa Giulietta']",Torre Lamberti,"['Sighseeing', 'Centro Fotografia', 'Museo Conte', 'Palazzo della Ragione', 'AMO']",Palazzo della Ragione,strategy_nearest,True,0.002119779586791992,success
043DC5429C4C80,0,['Torre Lamberti'],Casa Giulietta,"['Centro Fotografia', 'Sighseeing', 'Museo Conte', 'Museo Radio', 'Palazzo della Ragione']",Arena,strategy_nearest,False,0.0033960342407226562,success
043DBF429C4C80,0,['Arena'],Tomba Giulietta,"['San Fermo', 'Museo Storia', 'Museo Lapidario', 'Museo Radio', 'Verona Tour']",San Fermo,strategy_nearest,True,0.0029549598693847656,success
043DC63A9C4C80,0,['Torre Lamberti'],Casa Giulietta,"['Centro Fotografia', 'Sighseeing', 'Museo Conte', 'Museo Radio', 'Palazzo della Ragione']",Arena,strategy_nearest,False,0.002748250961303711,success
043DD5429C4C80,3,"['Arena', 'Casa Giulietta']",Santa Anastasia,"['AMO', 'Museo Conte', 'Palazzo della Ragione', 'Teatro Romano', 'Centro Fotografia']",Duomo,strategy_nearest,False,0.0024080276489257812,success
043DE43A9C4C80,3,"['Casa Giulietta', 'Giardino Giusti', 'Arena']",San Zeno,"['Castelvecchio', 'Verona Tour', 'Museo Lapidario', 'Museo Miniscalchi', 'Sighseeing']",Duomo,strategy_nearest,False,0.0032448768615722656,success
043DC73A9C4C80,1,"['Castelvecchio', 'Torre Lamberti']",Palazzo della Ragione,"['AMO', 'Museo Conte', 'Centro Fotografia', 'Sighseeing', 'Santa Anastasia']",Casa Giulietta,strategy_nearest,False,0.00333404541015625,success
043DE23A9C4C80,0,['Arena'],Casa Giulietta,"['Centro Fotografia', 'Sighseeing', 'Torre Lamberti', 'Museo Conte', 'Museo Radio']",Torre Lamberti,strategy_nearest,True,0.003039836883544922,success
043DFD3A9C4C80,0,['Arena'],Casa Giulietta,"['Centro Fotografia', 'Sighseeing', 'Torre Lamberti', 'Museo Conte', 'Museo Radio']",Santa Anastasia,strategy_nearest,False,0.001432180404663086,success
043DF03A9C4C80,3,"['Teatro Romano', 'Duomo']",Santa Anastasia,"['AMO', 'Museo Conte', 'Palazzo della Ragione', 'Centro Fotografia', 'Torre Lamberti']",Torre Lamberti,strategy_nearest,True,0.0033478736877441406,success
043E033A9C4C84,1,"['Arena', 'Arena']",Palazzo della Ragione,"['AMO', 'Museo Conte', 'Torre Lamberti', 'Centro Fotografia', 'Sighseeing']",Santa Anastasia,strategy_nearest,False,0.0019991397857666016,success
043E09429C4C84,1,"['Arena', 'Castelvecchio', 'Torre Lamberti']",Palazzo della Ragione,"['AMO', 'Museo Conte', 'Centro Fotografia', 'Sighseeing', 'Santa Anastasia']",Casa Giulietta,strategy_nearest,False,0.0036602020263671875,success
043E2A3A9C4C80,1,"['Arena', 'Casa Giulietta']",Torre Lamberti,"['Sighseeing', 'Centro Fotografia', 'Museo Conte', 'Palazzo della Ragione', 'AMO']",Palazzo della Ragione,strategy_nearest,True,0.002275705337524414,success
043E2E4A9C4C80,1,"['Castelvecchio', 'Arena', 'Teatro Romano']",Santa Anastasia,"['AMO', 'Museo Conte', 'Palazzo della Ragione', 'Centro Fotografia', 'Duomo']",Casa Giulietta,strategy_nearest,False,0.002729177474975586,success
043E30429C4C80,3,"['Arena', 'Casa Giulietta', 'Torre Lamberti']",Santa Anastasia,"['AMO', 'Museo Conte', 'Palazzo della Ragione', 'Teatro Romano', 'Centro Fotografia']",Castelvecchio,strategy_nearest,False,0.0030548572540283203,success
043E363A9C4C80,3,"['Arena', 'Casa Giulietta', 'Museo Lapidario', 'San Zeno', 'Teatro Romano']",Tomba Giulietta,"['San Fermo', 'Museo Storia', 'Museo Radio', 'Verona Tour', 'Castelvecchio']",Santa Anastasia,strategy_nearest,False,0.0023097991943359375,success
043E313A9C4C80,1,['Arena'],Torre Lamberti,"['Sighseeing', 'Centro Fotografia', 'Museo Conte', 'Casa Giulietta', 'Palazzo della Ragione']",Palazzo della Ragione,strategy_nearest,True,0.0016880035400390625,success
043E383A9C4C80,0,['Arena'],Casa Giulietta,"['Centro Fotografia', 'Sighseeing', 'Torre Lamberti', 'Museo Conte', 'Museo Radio']",Teatro Romano,strategy_nearest,False,0.002836942672729492,success
043E314A9C4C80,2,"['Torre Lamberti', 'Palazzo della Ragione']",San Zeno,"['Castelvecchio', 'Verona Tour', 'Museo Lapidario', 'Arena', 'Museo Miniscalchi']",Santa Anastasia,strategy_nearest,False,0.002991914749145508,success
043E3D3A9C4C80,0,"['Arena', 'Casa Giulietta']",San Fermo,"['Museo Storia', 'Museo Radio', 'Centro Fotografia', 'Sighseeing', 'Torre Lamberti']",Tomba Giulietta,strategy_nearest,False,0.001638174057006836,success
043E3A4A9C4C80,0,"['Arena', 'Museo Lapidario']",Casa Giulietta,"['Centro Fotografia', 'Sighseeing', 'Torre Lamberti', 'Museo Conte', 'Museo Radio']",Castelvecchio,strategy_nearest,False,0.0030670166015625,success
043E443A9C4C80,2,['Santa Anastasia'],Teatro Romano,"['Duomo', 'AMO', 'Palazzo della Ragione', 'Museo Conte', 'Centro Fotografia']",Castelvecchio,strategy_nearest,False,0.0021071434020996094,success
043E453A9C4C80,2,"['Castelvecchio', 'Duomo']",Casa Giulietta,"['Centro Fotografia', 'Sighseeing', 'Torre Lamberti', 'Museo Conte', 'Museo Radio']",Museo Lapidario,strategy_nearest,False,0.0043599605560302734,success
043E513A9C4C80,2,"['Santa Anastasia', 'San Zeno', 'San Fermo']",Giardino Giusti,"['Teatro Romano', 'Museo Conte', 'Centro Fotografia', 'Museo Storia', 'AMO']",Duomo,strategy_nearest,False,0.002398967742919922,success
043E47429C4C80,2,"['Casa Giulietta', 'Palazzo della Ragione']",Torre Lamberti,"['Sighseeing', 'Centro Fotografia', 'Museo Conte', 'AMO', 'Museo Miniscalchi']",Santa Anastasia,strategy_nearest,False,0.002546072006225586,success
043E46429C4C80,0,['Arena'],Casa Giulietta,"['Centro Fotografia', 'Sighseeing', 'Torre Lamberti', 'Museo Conte', 'Museo Radio']",Castelvecchio,strategy_nearest,False,0.0017781257629394531,success
043E4A429C4C80,3,"['Casa Giulietta', 'Santa Anastasia', 'Teatro Romano']",Castelvecchio,"['Museo Lapidario', 'Verona Tour', 'Arena', 'Museo Radio', 'San Zeno']",Arena,strategy_nearest,True,0.003957986831665039,success
043E6B429C4C80,0,['Arena'],Tomba Giulietta,"['San Fermo', 'Museo Storia', 'Museo Lapidario', 'Museo Radio', 'Verona Tour']",Duomo,strategy_nearest,False,0.0019328594207763672,success
043E5C429C4C80,1,"['Arena', 'Casa Giulietta']",Santa Anastasia,"['AMO', 'Museo Conte', 'Palazzo della Ragione', 'Teatro Romano', 'Centro Fotografia']",Torre Lamberti,strategy_nearest,False,0.0028641223907470703,success
043E6E3A9C4C80,0,['San Fermo'],Teatro Romano,"['Santa Anastasia', 'Duomo', 'AMO', 'Palazzo della Ragione', 'Museo Conte']",Arena,strategy_nearest,False,0.002763032913208008,success
043E72429C4C80,1,"['Palazzo della Ragione', 'Santa Anastasia', 'Duomo']",Casa Giulietta,"['Centro Fotografia', 'Sighseeing', 'Torre Lamberti', 'Museo Conte', 'Museo Radio']",Teatro Romano,strategy_nearest,False,0.0031671524047851562,success
043E733A9C4C80,1,"['Arena', 'Torre Lamberti']",Palazzo della Ragione,"['AMO', 'Museo Conte', 'Centro Fotografia', 'Sighseeing', 'Santa Anastasia']",Santa Anastasia,strategy_nearest,True,0.001898050308227539,success
043E74429C4C80,3,"['Arena', 'Torre Lamberti']",Santa Anastasia,"['AMO', 'Museo Conte', 'Palazzo della Ragione', 'Teatro Romano', 'Centro Fotografia']",Duomo,strategy_nearest,False,0.0024449825286865234,success
043E78429C4C80,2,['Santa Anastasia'],Torre Lamberti,"['Sighseeing', 'Centro Fotografia', 'Museo Conte', 'Casa Giulietta', 'Palazzo della Ragione']",Casa Giulietta,strategy_nearest,True,0.003177165985107422,success
043E793A9C4C80,3,"['Arena', 'Castelvecchio']",San Zeno,"['Verona Tour', 'Museo Lapidario', 'Museo Miniscalchi', 'Sighseeing', 'Museo Radio']",Teatro Romano,strategy_nearest,False,0.0018360614776611328,success
043E7E4A9C4C80,0,['Arena'],Casa Giulietta,"['Centro Fotografia', 'Sighseeing', 'Torre Lamberti', 'Museo Conte', 'Museo Radio']",Castelvecchio,strategy_nearest,False,0.002462148666381836,success
043E7C429C4C80,3,"['Arena', 'Casa Giulietta']",Torre Lamberti,"['Sighseeing', 'Centro Fotografia', 'Museo Conte', 'Palazzo della Ragione', 'AMO']",Santa Anastasia,strategy_nearest,False,0.0025010108947753906,success
043E82429C4C80,1,"['Arena', 'Casa Giulietta']",Palazzo della Ragione,"['AMO', 'Museo Conte', 'Torre Lamberti', 'Centro Fotografia', 'Sighseeing']",Teatro Romano,strategy_nearest,False,0.00407719612121582,success
043E833A9C4C80,0,"['Museo Lapidario', 'Arena', 'Tomba Giulietta']",San Fermo,"['Museo Storia', 'Museo Radio', 'Casa Giulietta', 'Centro Fotografia', 'Sighseeing']",Casa Giulietta,strategy_nearest,True,0.0022079944610595703,success
043E853A9C4C80,0,['Castelvecchio'],Arena,"['Verona Tour', 'Museo Lapidario', 'Museo Radio', 'San Fermo', 'Casa Giulietta']",Casa Giulietta,strategy_nearest,True,0.003248929977416992,success
043E85429C4C80,0,['Arena'],Castelvecchio,"['Museo Lapidario', 'Verona Tour', 'Museo Radio', 'San Zeno', 'Sighseeing']",Teatro Romano,strategy_nearest,False,0.0035729408264160156,success
043E863A9C4C80,3,"['Tomba Giulietta', 'Arena']",Casa Giulietta,"['Centro Fotografia', 'Sighseeing', 'Torre Lamberti', 'Museo Conte', 'Museo Radio']",Santa Anastasia,strategy_nearest,False,0.002119302749633789,success
043E88429C4C80,3,"['Arena', 'Casa Giulietta']",Santa Anastasia,"['AMO', 'Museo Conte', 'Palazzo della Ragione', 'Teatro Romano', 'Centro Fotografia']",Duomo,strategy_nearest,False,0.002665281295776367,success
043E8C4A9C4C80,0,['Arena'],Casa Giulietta,"['Centro Fotografia', 'Sighseeing', 'Torre Lamberti', 'Museo Conte', 'Museo Radio']",Torre Lamberti,strategy_nearest,True,0.002549886703491211,success
043E8D429C4C80,1,"['Arena', 'Museo Lapidario', 'Torre Lamberti', 'Palazzo della Ragione']",Casa Giulietta,"['Centro Fotografia', 'Sighseeing', 'Museo Conte', 'Museo Radio', 'San Fermo']",Santa Anastasia,strategy_nearest,False,0.003190755844116211,success
043E904A9C4C80,3,"['Santa Anastasia', 'Torre Lamberti']",Casa Giulietta,"['Centro Fotografia', 'Sighseeing', 'Museo Conte', 'Museo Radio', 'Palazzo della Ragione']",Arena,strategy_nearest,False,0.0018231868743896484,success
043EAB4A9C4C80,2,"['Teatro Romano', 'Torre Lamberti']",Palazzo della Ragione,"['AMO', 'Museo Conte', 'Centro Fotografia', 'Sighseeing', 'Santa Anastasia']",Casa Giulietta,strategy_nearest,False,0.0019421577453613281,success
043EAF429C4C80,0,"['Castelvecchio', 'Casa Giulietta']",Torre Lamberti,"['Sighseeing', 'Centro Fotografia', 'Museo Conte', 'Palazzo della Ragione', 'AMO']",Duomo,strategy_nearest,False,0.002446889877319336,success
043EB1429C4C80,0,['Torre Lamberti'],Arena,"['Verona Tour', 'Museo Lapidario', 'Museo Radio', 'San Fermo', 'Casa Giulietta']",Castelvecchio,strategy_nearest,False,0.0023288726806640625,success
043EB53A9C4C80,1,"['Arena', 'Casa Giulietta']",Palazzo della Ragione,"['AMO', 'Museo Conte', 'Torre Lamberti', 'Centro Fotografia', 'Sighseeing']",Torre Lamberti,strategy_nearest,True,0.0017940998077392578,success
043EB23A9C4C80,3,"['Arena', 'Casa Giulietta']",Torre Lamberti,"['Sighseeing', 'Centro Fotografia', 'Museo Conte', 'Palazzo della Ragione', 'AMO']",Santa Anastasia,strategy_nearest,False,0.002663850784301758,success
043EB93A9C4C80,3,"['Arena', 'San Zeno']",Teatro Romano,"['Santa Anastasia', 'Duomo', 'AMO', 'Palazzo della Ragione', 'Museo Conte']",Santa Anastasia,strategy_nearest,True,0.0033371448516845703,success
043EBA3A9C4C80,0,['Arena'],Casa Giulietta,"['Centro Fotografia', 'Sighseeing', 'Torre Lamberti', 'Museo Conte', 'Museo Radio']",Santa Anastasia,strategy_nearest,False,0.002473115921020508,success
043EBA429C4C80,0,['Arena'],Torre Lamberti,"['Sighseeing', 'Centro Fotografia', 'Museo Conte', 'Casa Giulietta', 'Palazzo della Ragione']",Torre Lamberti,strategy_nearest,False,0.0023910999298095703,success
043EBD3A9C4C80,1,"['Arena', 'Castelvecchio', 'San Zeno', 'Duomo']",Santa Anastasia,"['AMO', 'Museo Conte', 'Palazzo della Ragione', 'Teatro Romano', 'Centro Fotografia']",Casa Giulietta,strategy_nearest,False,0.0023217201232910156,success
043EBF3A9C4C80,2,['Casa Giulietta'],Duomo,"['AMO', 'Museo Miniscalchi', 'Santa Anastasia', 'Teatro Romano', 'Palazzo della Ragione']",Castelvecchio,strategy_nearest,False,0.0025179386138916016,success
043EC63A9C4C80,0,['Torre Lamberti'],Duomo,"['AMO', 'Museo Miniscalchi', 'Santa Anastasia', 'Teatro Romano', 'Palazzo della Ragione']",Casa Giulietta,strategy_nearest,False,0.003324270248413086,success
043ED43A9C4C80,0,['Arena'],Tomba Giulietta,"['San Fermo', 'Museo Storia', 'Museo Lapidario', 'Museo Radio', 'Verona Tour']",Casa Giulietta,strategy_nearest,False,0.002344846725463867,success
043EE2429C4C80,1,"['Torre Lamberti', 'Palazzo della Ragione', 'Arena', 'Castelvecchio']",Santa Anastasia,"['AMO', 'Museo Conte', 'Teatro Romano', 'Centro Fotografia', 'Duomo']",San Zeno,strategy_nearest,False,0.0020842552185058594,success
043EE33A9C4C80,3,"['Arena', 'San Fermo', 'Torre Lamberti']",Santa Anastasia,"['AMO', 'Museo Conte', 'Palazzo della Ragione', 'Teatro Romano', 'Centro Fotografia']",Teatro Romano,strategy_nearest,True,0.002465963363647461,success
043ED53A9C4C80,2,"['Torre Lamberti', 'Santa Anastasia']",Duomo,"['AMO', 'Museo Miniscalchi', 'Teatro Romano', 'Palazzo della Ragione', 'Museo Conte']",Teatro Romano,strategy_nearest,True,0.0023179054260253906,success
043ED83A9C4C80,3,"['Arena', 'San Fermo', 'Casa Giulietta']",Torre Lamberti,"['Sighseeing', 'Centro Fotografia', 'Museo Conte', 'Palazzo della Ragione', 'AMO']",Santa Anastasia,strategy_nearest,False,0.003335237503051758,success
043EE93A9C4C80,3,"['Arena', 'Casa Giulietta']",Santa Anastasia,"['AMO', 'Museo Conte', 'Palazzo della Ragione', 'Teatro Romano', 'Centro Fotografia']",Teatro Romano,strategy_nearest,True,0.0019989013671875,success
043EED429C4C80,3,"['Arena', 'Museo Lapidario', 'Tomba Giulietta', 'San Fermo']",Casa Giulietta,"['Centro Fotografia', 'Sighseeing', 'Torre Lamberti', 'Museo Conte', 'Museo Radio']",Castelvecchio,strategy_nearest,False,0.002554178237915039,success
043EF43A9C4C80,1,"['Arena', 'Castelvecchio']",Teatro Romano,"['Santa Anastasia', 'Duomo', 'AMO', 'Palazzo della Ragione', 'Museo Conte']",Torre Lamberti,strategy_nearest,False,0.0019290447235107422,success
043F013A9C4C84,0,['Teatro Romano'],Casa Giulietta,"['Centro Fotografia', 'Sighseeing', 'Torre Lamberti', 'Museo Conte', 'Museo Radio']",Arena,strategy_nearest,False,0.003214120864868164,success
043F043A9C4C84,0,['Arena'],Casa Giulietta,"['Centro Fotografia', 'Sighseeing', 'Torre Lamberti', 'Museo Conte', 'Museo Radio']",Torre Lamberti,strategy_nearest,True,0.00174713134765625,success
043F0E3A9C4C84,0,['Arena'],Casa Giulietta,"['Centro Fotografia', 'Sighseeing', 'Torre Lamberti', 'Museo Conte', 'Museo Radio']",Duomo,strategy_nearest,False,0.002535104751586914,success
043F093A9C4C84,3,"['Arena', 'Casa Giulietta']",Torre Lamberti,"['Sighseeing', 'Centro Fotografia', 'Museo Conte', 'Palazzo della Ragione', 'AMO']",Santa Anastasia,strategy_nearest,False,0.002359151840209961,success
043F2C4A9C4C80,2,['Torre Lamberti'],Santa Anastasia,"['AMO', 'Museo Conte', 'Palazzo della Ragione', 'Teatro Romano', 'Centro Fotografia']",Giardino Giusti,strategy_nearest,False,0.0023012161254882812,success
043F2E429C4C80,0,['Arena'],Casa Giulietta,"['Centro Fotografia', 'Sighseeing', 'Torre Lamberti', 'Museo Conte', 'Museo Radio']",Castelvecchio,strategy_nearest,False,0.0023140907287597656,success
043F52429C4C80,3,"['Arena', 'Casa Giulietta']",Torre Lamberti,"['Sighseeing', 'Centro Fotografia', 'Museo Conte', 'Palazzo della Ragione', 'AMO']",Santa Anastasia,strategy_nearest,False,0.0019609928131103516,success
043F32429C4C80,3,"['Tomba Giulietta', 'Arena', 'Casa Giulietta']",Torre Lamberti,"['Sighseeing', 'Centro Fotografia', 'Museo Conte', 'Palazzo della Ragione', 'AMO']",Santa Anastasia,strategy_nearest,False,0.0027170181274414062,success
043F583A9C4C80,3,"['Teatro Romano', 'Duomo', 'Santa Anastasia']",Torre Lamberti,"['Sighseeing', 'Centro Fotografia', 'Museo Conte', 'Casa Giulietta', 'Palazzo della Ragione']",Casa Giulietta,strategy_nearest,True,0.0031490325927734375,success
043F623A9C4C80,0,['Arena'],Casa Giulietta,"['Centro Fotografia', 'Sighseeing', 'Torre Lamberti', 'Museo Conte', 'Museo Radio']",Castelvecchio,strategy_nearest,False,0.003222942352294922,success
043F6C429C4C80,2,['Torre Lamberti'],Palazzo della Ragione,"['AMO', 'Museo Conte', 'Centro Fotografia', 'Sighseeing', 'Santa Anastasia']",Casa Giulietta,strategy_nearest,False,0.0017101764678955078,success
043F703A9C4C80,0,['Arena'],Castelvecchio,"['Museo Lapidario', 'Verona Tour', 'Museo Radio', 'San Zeno', 'Sighseeing']",San Zeno,strategy_nearest,True,0.0023450851440429688,success
043F73429C4C80,3,"['Arena', 'Casa Giulietta']",Santa Anastasia,"['AMO', 'Museo Conte', 'Palazzo della Ragione', 'Teatro Romano', 'Centro Fotografia']",Duomo,strategy_nearest,False,0.0016949176788330078,success
043F78429C4C80,0,"['Arena', 'Casa Giulietta']",Torre Lamberti,"['Sighseeing', 'Centro Fotografia', 'Museo Conte', 'Palazzo della Ragione', 'AMO']",Teatro Romano,strategy_nearest,False,0.0018391609191894531,success
043F753A9C4C80,0,['Castelvecchio'],Arena,"['Verona Tour', 'Museo Lapidario', 'Museo Radio', 'San Fermo', 'Casa Giulietta']",Casa Giulietta,strategy_nearest,True,0.003370046615600586,success
043F793A9C4C80,0,['Arena'],Castelvecchio,"['Museo Lapidario', 'Verona Tour', 'Museo Radio', 'San Zeno', 'Sighseeing']",Casa Giulietta,strategy_nearest,False,0.002312898635864258,success
043F834A9C4C80,0,['Arena'],Santa Anastasia,"['AMO', 'Museo Conte', 'Palazzo della Ragione', 'Teatro Romano', 'Centro Fotografia']",Casa Giulietta,strategy_nearest,False,0.0017108917236328125,success
043F79429C4C80,1,['Arena'],Palazzo della Ragione,"['AMO', 'Museo Conte', 'Torre Lamberti', 'Centro Fotografia', 'Sighseeing']",Casa Giulietta,strategy_nearest,False,0.0031359195709228516,success
043F853A9C4C80,3,['Arena'],Torre Lamberti,"['Sighseeing', 'Centro Fotografia', 'Museo Conte', 'Casa Giulietta', 'Palazzo della Ragione']",Santa Anastasia,strategy_nearest,False,0.0024597644805908203,success
043F87429C4C80,0,['Arena'],Casa Giulietta,"['Centro Fotografia', 'Sighseeing', 'Torre Lamberti', 'Museo Conte', 'Museo Radio']",Torre Lamberti,strategy_nearest,True,0.0017058849334716797,success
043F8D429C4C80,1,['Arena'],Casa Giulietta,"['Centro Fotografia', 'Sighseeing', 'Torre Lamberti', 'Museo Conte', 'Museo Radio']",Torre Lamberti,strategy_nearest,True,0.002000093460083008,success
043FA7429C4C80,2,"['Casa Giulietta', 'Torre Lamberti']",Palazzo della Ragione,"['AMO', 'Museo Conte', 'Centro Fotografia', 'Sighseeing', 'Santa Anastasia']",Santa Anastasia,strategy_nearest,True,0.0015761852264404297,success
043FA04A9C4C80,0,"['Arena', 'Casa Giulietta']",Torre Lamberti,"['Sighseeing', 'Centro Fotografia', 'Museo Conte', 'Palazzo della Ragione', 'AMO']",Duomo,strategy_nearest,False,0.003412008285522461,success
043FAC429C4C80,1,"['Arena', 'Casa Giulietta']",Torre Lamberti,"['Sighseeing', 'Centro Fotografia', 'Museo Conte', 'Palazzo della Ragione', 'AMO']",Palazzo della Ragione,strategy_nearest,True,0.001924753189086914,success
043FAC3A9C4C80,3,['Arena'],Casa Giulietta,"['Centro Fotografia', 'Sighseeing', 'Torre Lamberti', 'Museo Conte', 'Museo Radio']",Santa Anastasia,strategy_nearest,False,0.0037488937377929688,success
043FB3429C4C80,0,"['Arena', 'Casa Giulietta']",Torre Lamberti,"['Sighseeing', 'Centro Fotografia', 'Museo Conte', 'Palazzo della Ragione', 'AMO']",Castelvecchio,strategy_nearest,False,0.0012540817260742188,success
043FBC429C4C80,0,"['Arena', 'Casa Giulietta']",Torre Lamberti,"['Sighseeing', 'Centro Fotografia', 'Museo Conte', 'Palazzo della Ragione', 'AMO']",Teatro Romano,strategy_nearest,False,0.0019299983978271484,success
043FB8429C4C80,1,"['Arena', 'Castelvecchio', 'San Zeno', 'Torre Lamberti', 'Palazzo della Ragione']",Santa Anastasia,"['AMO', 'Museo Conte', 'Teatro Romano', 'Centro Fotografia', 'Duomo']",Duomo,strategy_nearest,True,0.0031023025512695312,success
043FC23A9C4C80,0,['Arena'],Casa Giulietta,"['Centro Fotografia', 'Sighseeing', 'Torre Lamberti', 'Museo Conte', 'Museo Radio']",Teatro Romano,strategy_nearest,False,0.002565145492553711,success
043FCA3A9C4C80,0,['Arena'],Torre Lamberti,"['Sighseeing', 'Centro Fotografia', 'Museo Conte', 'Casa Giulietta', 'Palazzo della Ragione']",Castelvecchio,strategy_nearest,False,0.0026428699493408203,success
043FD33A9C4C80,1,"['Arena', 'Casa Giulietta', 'Torre Lamberti']",Palazzo della Ragione,"['AMO', 'Museo Conte', 'Centro Fotografia', 'Sighseeing', 'Santa Anastasia']",San Fermo,strategy_nearest,False,0.002123117446899414,success
043FCE3A9C4C80,0,['Arena'],Castelvecchio,"['Museo Lapidario', 'Verona Tour', 'Museo Radio', 'San Zeno', 'Sighseeing']",Santa Anastasia,strategy_nearest,False,0.002033233642578125,success
043FD03A9C4C80,0,"['Arena', 'Castelvecchio']",Tomba Giulietta,"['San Fermo', 'Museo Storia', 'Museo Lapidario', 'Museo Radio', 'Verona Tour']",Casa Giulietta,strategy_nearest,False,0.0027527809143066406,success
043FDD3A9C4C80,2,"['Casa Giulietta', 'Torre Lamberti']",Duomo,"['AMO', 'Museo Miniscalchi', 'Santa Anastasia', 'Teatro Romano', 'Palazzo della Ragione']",Teatro Romano,strategy_nearest,True,0.003177165985107422,success
043FF63A9C4C80,3,"['Arena', 'Museo Lapidario']",Casa Giulietta,"['Centro Fotografia', 'Sighseeing', 'Torre Lamberti', 'Museo Conte', 'Museo Radio']",Santa Anastasia,strategy_nearest,False,0.0014729499816894531,success
043FE83A9C4C80,3,"['Arena', 'San Zeno']",Castelvecchio,"['Museo Lapidario', 'Verona Tour', 'Museo Radio', 'Sighseeing', 'Museo Miniscalchi']",Duomo,strategy_nearest,False,0.0022690296173095703,success
043FF53A9C4C80,3,['Arena'],Casa Giulietta,"['Centro Fotografia', 'Sighseeing', 'Torre Lamberti', 'Museo Conte', 'Museo Radio']",Santa Anastasia,strategy_nearest,False,0.0032660961151123047,success
043FEF3A9C4C80,3,"['Teatro Romano', 'Duomo']",Santa Anastasia,"['AMO', 'Museo Conte', 'Palazzo della Ragione', 'Centro Fotografia', 'Torre Lamberti']",Torre Lamberti,strategy_nearest,True,0.002755880355834961,success
043FF83A9C4C80,0,['Arena'],Casa Giulietta,"['Centro Fotografia', 'Sighseeing', 'Torre Lamberti', 'Museo Conte', 'Museo Radio']",Torre Lamberti,strategy_nearest,True,0.001094818115234375,success
0440013A9C4C84,3,"['Arena', 'Museo Lapidario', 'Castelvecchio']",Torre Lamberti,"['Sighseeing', 'Centro Fotografia', 'Museo Conte', 'Casa Giulietta', 'Palazzo della Ragione']",Santa Anastasia,strategy_nearest,False,0.002070903778076172,success
04400F429C4C84,1,"['Duomo', 'Palazzo della Ragione']",Torre Lamberti,"['Sighseeing', 'Centro Fotografia', 'Museo Conte', 'Casa Giulietta', 'AMO']",San Fermo,strategy_nearest,False,0.0024530887603759766,success
043FFA3A9C4C80,0,['Arena'],Casa Giulietta,"['Centro Fotografia', 'Sighseeing', 'Torre Lamberti', 'Museo Conte', 'Museo Radio']",Torre Lamberti,strategy_nearest,True,0.0032579898834228516,success
04404E429C4C80,0,"['Arena', 'San Fermo']",Casa Giulietta,"['Centro Fotografia', 'Sighseeing', 'Torre Lamberti', 'Museo Conte', 'Museo Radio']",Torre Lamberti,strategy_nearest,True,0.0012369155883789062,success
0440313A9C4C80,3,"['Arena', 'San Fermo']",Casa Giulietta,"['Centro Fotografia', 'Sighseeing', 'Torre Lamberti', 'Museo Conte', 'Museo Radio']",Santa Anastasia,strategy_nearest,False,0.0035400390625,success
044057429C4C80,3,"['Arena', 'Casa Giulietta']",Santa Anastasia,"['AMO', 'Museo Conte', 'Palazzo della Ragione', 'Teatro Romano', 'Centro Fotografia']",Duomo,strategy_nearest,False,0.003103017807006836,success
044055429C4C80,0,['Arena'],Casa Giulietta,"['Centro Fotografia', 'Sighseeing', 'Torre Lamberti', 'Museo Conte', 'Museo Radio']",Castelvecchio,strategy_nearest,False,0.0027930736541748047,success
0440713A9C4C80,2,"['Casa Giulietta', 'Torre Lamberti', 'Santa Anastasia']",Duomo,"['AMO', 'Museo Miniscalchi', 'Teatro Romano', 'Palazzo della Ragione', 'Museo Conte']",Teatro Romano,strategy_nearest,True,0.0014560222625732422,success
0440683A9C4C80,2,['Casa Giulietta'],Torre Lamberti,"['Sighseeing', 'Centro Fotografia', 'Museo Conte', 'Palazzo della Ragione', 'AMO']",Santa Anastasia,strategy_nearest,False,0.003055095672607422,success
04406F429C4C80,3,"['Arena', 'Casa Giulietta']",Torre Lamberti,"['Sighseeing', 'Centro Fotografia', 'Museo Conte', 'Palazzo della Ragione', 'AMO']",Santa Anastasia,strategy_nearest,False,0.002279996871948242,success
044071429C4C80,0,['Arena'],Casa Giulietta,"['Centro Fotografia', 'Sighseeing', 'Torre Lamberti', 'Museo Conte', 'Museo Radio']",Torre Lamberti,strategy_nearest,True,0.003473043441772461,success
044072429C4C80,3,"['Arena', 'Torre Lamberti']",Duomo,"['AMO', 'Museo Miniscalchi', 'Santa Anastasia', 'Teatro Romano', 'Palazzo della Ragione']",Santa Anastasia,strategy_nearest,True,0.0021419525146484375,success
0440763A9C4C80,0,['Castelvecchio'],Casa Giulietta,"['Centro Fotografia', 'Sighseeing', 'Torre Lamberti', 'Museo Conte', 'Museo Radio']",Arena,strategy_nearest,False,0.004420757293701172,success
044075429C4C80,1,"['Arena', 'Casa Giulietta']",Torre Lamberti,"['Sighseeing', 'Centro Fotografia', 'Museo Conte', 'Palazzo della Ragione', 'AMO']",Palazzo della Ragione,strategy_nearest,True,0.005300998687744141,success
0440743A9C4C80,3,"['Castelvecchio', 'Arena']",Casa Giulietta,"['Centro Fotografia', 'Sighseeing', 'Torre Lamberti', 'Museo Conte', 'Museo Radio']",Santa Anastasia,strategy_nearest,False,0.0038788318634033203,success
04408A429C4C80,0,['Arena'],Casa Giulietta,"['Centro Fotografia', 'Sighseeing', 'Torre Lamberti', 'Museo Conte', 'Museo Radio']",Torre Lamberti,strategy_nearest,True,0.002218961715698242,success
0440854A9C4C80,1,"['Arena', 'Casa Giulietta']",Torre Lamberti,"['Sighseeing', 'Centro Fotografia', 'Museo Conte', 'Palazzo della Ragione', 'AMO']",Palazzo della Ragione,strategy_nearest,True,0.0012710094451904297,success
04408C4A9C4C80,0,['Arena'],Casa Giulietta,"['Centro Fotografia', 'Sighseeing', 'Torre Lamberti', 'Museo Conte', 'Museo Radio']",Torre Lamberti,strategy_nearest,True,0.003319978713989258,success
0440924A9C4C80,3,"['Casa Giulietta', 'Santa Anastasia', 'Torre Lamberti', 'Castelvecchio']",San Zeno,"['Verona Tour', 'Museo Lapidario', 'Arena', 'Museo Miniscalchi', 'Sighseeing']",Tomba Giulietta,strategy_nearest,False,0.0032901763916015625,success
0440A7429C4C80,3,"['Arena', 'Casa Giulietta']",Santa Anastasia,"['AMO', 'Museo Conte', 'Palazzo della Ragione', 'Teatro Romano', 'Centro Fotografia']",Duomo,strategy_nearest,False,0.0029659271240234375,success
0440AA429C4C80,0,['Casa Giulietta'],Torre Lamberti,"['Sighseeing', 'Centro Fotografia', 'Museo Conte', 'Palazzo della Ragione', 'AMO']",Arena,strategy_nearest,False,0.003464937210083008,success
0440A73A9C4C80,2,"['Museo Lapidario', 'San Fermo', 'Casa Giulietta']",Torre Lamberti,"['Sighseeing', 'Centro Fotografia', 'Museo Conte', 'Palazzo della Ragione', 'AMO']",Palazzo della Ragione,strategy_nearest,True,0.0038089752197265625,success
0440B1429C4C80,3,"['Casa Giulietta', 'Torre Lamberti']",Santa Anastasia,"['AMO', 'Museo Conte', 'Palazzo della Ragione', 'Teatro Romano', 'Centro Fotografia']",Duomo,strategy_nearest,False,0.001394033432006836,success
0440B33A9C4C80,0,['Casa Giulietta'],Arena,"['Verona Tour', 'Museo Lapidario', 'Museo Radio', 'San Fermo', 'Sighseeing']",Castelvecchio,strategy_nearest,False,0.0024929046630859375,success
0440B7429C4C80,1,"['Casa Giulietta', 'Torre Lamberti', 'Palazzo della Ragione']",Tomba Giulietta,"['San Fermo', 'Museo Storia', 'Arena', 'Museo Lapidario', 'Museo Radio']",Arena,strategy_nearest,True,0.0038340091705322266,success
0440BA429C4C80,0,['Arena'],Duomo,"['AMO', 'Museo Miniscalchi', 'Santa Anastasia', 'Teatro Romano', 'Palazzo della Ragione']",Casa Giulietta,strategy_nearest,False,0.004593849182128906,success
0440BE3A9C4C80,0,['Arena'],Museo Lapidario,"['Verona Tour', 'Castelvecchio', 'Museo Radio', 'San Fermo', 'Casa Giulietta']",Castelvecchio,strategy_nearest,True,0.003292083740234375,success
0440BF3A9C4C80,0,['Arena'],Casa Giulietta,"['Centro Fotografia', 'Sighseeing', 'Torre Lamberti', 'Museo Conte', 'Museo Radio']",Torre Lamberti,strategy_nearest,True,0.003020048141479492,success
0440C0429C4C80,0,['Arena'],Tomba Giulietta,"['San Fermo', 'Museo Storia', 'Museo Lapidario', 'Museo Radio', 'Verona Tour']",Casa Giulietta,strategy_nearest,False,0.002814769744873047,success
0440C3429C4C80,0,['Arena'],Castelvecchio,"['Museo Lapidario', 'Verona Tour', 'Museo Radio', 'San Zeno', 'Sighseeing']",Torre Lamberti,strategy_nearest,False,0.0026330947875976562,success
0440C83A9C4C80,2,['Duomo'],Torre Lamberti,"['Sighseeing', 'Centro Fotografia', 'Museo Conte', 'Casa Giulietta', 'Palazzo della Ragione']",Casa Giulietta,strategy_nearest,True,0.002270936965942383,success
0440F0429C4C80,2,"['Casa Giulietta', 'Castelvecchio']",Museo Storia,"['San Fermo', 'Museo Radio', 'Centro Fotografia', 'Tomba Giulietta', 'Arena']",Torre Lamberti,strategy_nearest,False,0.003113985061645508,success
0440C9429C4C80,3,['Santa Anastasia'],Castelvecchio,"['Museo Lapidario', 'Verona Tour', 'Arena', 'Museo Radio', 'San Zeno']",Teatro Romano,strategy_nearest,False,0.0027871131896972656,success
0440C43A9C4C80,3,['Arena'],Casa Giulietta,"['Centro Fotografia', 'Sighseeing', 'Torre Lamberti', 'Museo Conte', 'Museo Radio']",Santa Anastasia,strategy_nearest,False,0.003718852996826172,success
0440F1429C4C80,2,['San Fermo'],Santa Anastasia,"['AMO', 'Museo Conte', 'Palazzo della Ragione', 'Teatro Romano', 'Centro Fotografia']",Duomo,strategy_nearest,False,0.0032129287719726562,success
0440F13A9C4C80,0,['Arena'],Castelvecchio,"['Museo Lapidario', 'Verona Tour', 'Museo Radio', 'San Zeno', 'Sighseeing']",Casa Giulietta,strategy_nearest,False,0.0026199817657470703,success
0440FB3A9C4C80,0,['Arena'],Museo Lapidario,"['Verona Tour', 'Castelvecchio', 'Museo Radio', 'San Fermo', 'Casa Giulietta']",San Fermo,strategy_nearest,True,0.003747701644897461,success
04410A3A9C4C84,3,"['Arena', 'Casa Giulietta']",Torre Lamberti,"['Sighseeing', 'Centro Fotografia', 'Museo Conte', 'Palazzo della Ragione', 'AMO']",Santa Anastasia,strategy_nearest,False,0.0017468929290771484,success
0440FD3A9C4C80,1,['Arena'],Casa Giulietta,"['Centro Fotografia', 'Sighseeing', 'Torre Lamberti', 'Museo Conte', 'Museo Radio']",Palazzo della Ragione,strategy_nearest,False,0.002521038055419922,success
0440FC3A9C4C80,1,['Torre Lamberti'],Palazzo della Ragione,"['AMO', 'Museo Conte', 'Centro Fotografia', 'Sighseeing', 'Santa Anastasia']",Casa Giulietta,strategy_nearest,False,0.003815889358520508,success
044107429C4C84,3,"['San Fermo', 'Arena', 'Castelvecchio']",Casa Giulietta,"['Centro Fotografia', 'Sighseeing', 'Torre Lamberti', 'Museo Conte', 'Museo Radio']",Duomo,strategy_nearest,False,0.0031418800354003906,success
04410B429C4C84,1,"['Casa Giulietta', 'Torre Lamberti', 'Palazzo della Ragione']",Santa Anastasia,"['AMO', 'Museo Conte', 'Teatro Romano', 'Centro Fotografia', 'Duomo']",Duomo,strategy_nearest,True,0.0017299652099609375,success
04412C4A9C4C80,3,"['Duomo', 'Casa Giulietta']",Arena,"['Verona Tour', 'Museo Lapidario', 'Museo Radio', 'San Fermo', 'Sighseeing']",Tomba Giulietta,strategy_nearest,False,0.0020301342010498047,success
04412B429C4C80,2,['Museo Lapidario'],Castelvecchio,"['Verona Tour', 'Arena', 'Museo Radio', 'San Zeno', 'Sighseeing']",Casa Giulietta,strategy_nearest,False,0.0028378963470458984,success
0441293A9C4C80,0,"['Arena', 'Casa Giulietta']",Giardino Giusti,"['Santa Anastasia', 'Teatro Romano', 'Museo Conte', 'Centro Fotografia', 'Museo Storia']",Teatro Romano,strategy_nearest,True,0.0034720897674560547,success
0441344A9C4C80,3,"['Casa Giulietta', 'Arena', 'San Zeno']",Teatro Romano,"['Santa Anastasia', 'Duomo', 'AMO', 'Palazzo della Ragione', 'Museo Conte']",Castelvecchio,strategy_nearest,False,0.001917123794555664,success
04413F429C4C80,0,['Arena'],Torre Lamberti,"['Sighseeing', 'Centro Fotografia', 'Museo Conte', 'Casa Giulietta', 'Palazzo della Ragione']",Casa Giulietta,strategy_nearest,True,0.0026302337646484375,success
04412E429C4C80,0,['Arena'],Castelvecchio,"['Museo Lapidario', 'Verona Tour', 'Museo Radio', 'San Zeno', 'Sighseeing']",Giardino Giusti,strategy_nearest,False,0.001463174819946289,success
04416B429C4C80,2,['Casa Giulietta'],Teatro Romano,"['Santa Anastasia', 'Duomo', 'AMO', 'Palazzo della Ragione', 'Museo Conte']",Castelvecchio,strategy_nearest,False,0.003242015838623047,success
0441743A9C4C80,2,['Palazzo della Ragione'],Torre Lamberti,"['Sighseeing', 'Centro Fotografia', 'Museo Conte', 'Casa Giulietta', 'AMO']",Santa Anastasia,strategy_nearest,False,0.0014469623565673828,success
044173429C4C80,3,"['Arena', 'Casa Giulietta', 'Torre Lamberti']",Santa Anastasia,"['AMO', 'Museo Conte', 'Palazzo della Ragione', 'Teatro Romano', 'Centro Fotografia']",Duomo,strategy_nearest,False,0.0028378963470458984,success
04417F4A9C4C80,3,"['Arena', 'Castelvecchio', 'San Zeno']",Torre Lamberti,"['Sighseeing', 'Centro Fotografia', 'Museo Conte', 'Casa Giulietta', 'Palazzo della Ragione']",Torre Lamberti,strategy_nearest,False,0.002618074417114258,success
0441854A9C4C80,0,['Arena'],Castelvecchio,"['Museo Lapidario', 'Verona Tour', 'Museo Radio', 'San Zeno', 'Sighseeing']",Teatro Romano,strategy_nearest,False,0.0029850006103515625,success
0441863A9C4C80,3,"['Casa Giulietta', 'Torre Lamberti', 'Santa Anastasia']",Duomo,"['AMO', 'Museo Miniscalchi', 'Teatro Romano', 'Palazzo della Ragione', 'Museo Conte']",Tomba Giulietta,strategy_nearest,False,0.0016412734985351562,success
044186429C4C80,1,['Arena'],Torre Lamberti,"['Sighseeing', 'Centro Fotografia', 'Museo Conte', 'Casa Giulietta', 'Palazzo della Ragione']",Palazzo della Ragione,strategy_nearest,True,0.002602815628051758,success
04418C429C4C80,0,['Arena'],Casa Giulietta,"['Centro Fotografia', 'Sighseeing', 'Torre Lamberti', 'Museo Conte', 'Museo Radio']",Teatro Romano,strategy_nearest,False,0.0024900436401367188,success
04418E429C4C80,0,['Arena'],Castelvecchio,"['Museo Lapidario', 'Verona Tour', 'Museo Radio', 'San Zeno', 'Sighseeing']",Torre Lamberti,strategy_nearest,False,0.0022919178009033203,success
0441904A9C4C80,1,"['Arena', 'Casa Giulietta', 'San Zeno']",Castelvecchio,"['Museo Lapidario', 'Verona Tour', 'Museo Radio', 'Sighseeing', 'Museo Miniscalchi']",Torre Lamberti,strategy_nearest,False,0.00168609619140625,success
044193429C4C80,3,"['Arena', 'San Zeno']",Torre Lamberti,"['Sighseeing', 'Centro Fotografia', 'Museo Conte', 'Casa Giulietta', 'Palazzo della Ragione']",Duomo,strategy_nearest,False,0.002508878707885742,success
0441AA3A9C4C80,3,['Arena'],Casa Giulietta,"['Centro Fotografia', 'Sighseeing', 'Torre Lamberti', 'Museo Conte', 'Museo Radio']",Santa Anastasia,strategy_nearest,False,0.00225830078125,success
0441A54A9C4C80,2,"['Museo Lapidario', 'Torre Lamberti']",Palazzo della Ragione,"['AMO', 'Museo Conte', 'Centro Fotografia', 'Sighseeing', 'Santa Anastasia']",Casa Giulietta,strategy_nearest,False,0.002547025680541992,success
0441AB429C4C80,1,"['Casa Giulietta', 'Arena']",Museo Lapidario,"['Verona Tour', 'Castelvecchio', 'Museo Radio', 'San Fermo', 'Tomba Giulietta']",Castelvecchio,strategy_nearest,True,0.0024411678314208984,success
0441B5429C4C80,0,['Casa Giulietta'],Castelvecchio,"['Museo Lapidario', 'Verona Tour', 'Arena', 'Museo Radio', 'San Zeno']",Arena,strategy_nearest,True,0.0024480819702148438,success
0441BA3A9C4C80,2,['Torre Lamberti'],Palazzo della Ragione,"['AMO', 'Museo Conte', 'Centro Fotografia', 'Sighseeing', 'Santa Anastasia']",Casa Giulietta,strategy_nearest,False,0.0019860267639160156,success
0441C8429C4C80,3,"['Santa Anastasia', 'Torre Lamberti', 'Tomba Giulietta']",San Fermo,"['Museo Storia', 'Museo Radio', 'Casa Giulietta', 'Centro Fotografia', 'Arena']",Casa Giulietta,strategy_nearest,True,0.0018310546875,success
0441C0429C4C80,3,"['Arena', 'Casa Giulietta']",Torre Lamberti,"['Sighseeing', 'Centro Fotografia', 'Museo Conte', 'Palazzo della Ragione', 'AMO']",Santa Anastasia,strategy_nearest,False,0.0025260448455810547,success
0441CA429C4C80,3,['Arena'],Torre Lamberti,"['Sighseeing', 'Centro Fotografia', 'Museo Conte', 'Casa Giulietta', 'Palazzo della Ragione']",Santa Anastasia,strategy_nearest,False,0.002974271774291992,success
0441E0429C4C80,3,"['Arena', 'Castelvecchio', 'San Zeno']",Torre Lamberti,"['Sighseeing', 'Centro Fotografia', 'Museo Conte', 'Casa Giulietta', 'Palazzo della Ragione']",Casa Giulietta,strategy_nearest,True,0.0022771358489990234,success
0441D53A9C4C80,0,['Arena'],Casa Giulietta,"['Centro Fotografia', 'Sighseeing', 'Torre Lamberti', 'Museo Conte', 'Museo Radio']",Torre Lamberti,strategy_nearest,True,0.001964569091796875,success
0441E1429C4C80,1,"['Torre Lamberti', 'Palazzo della Ragione', 'Arena']",Castelvecchio,"['Museo Lapidario', 'Verona Tour', 'Museo Radio', 'San Zeno', 'Sighseeing']",Santa Anastasia,strategy_nearest,False,0.002201080322265625,success
0441E83A9C4C80,1,['Arena'],Santa Anastasia,"['AMO', 'Museo Conte', 'Palazzo della Ragione', 'Teatro Romano', 'Centro Fotografia']",Palazzo della Ragione,strategy_nearest,True,0.0014882087707519531,success
0441E43A9C4C80,0,['Castelvecchio'],Arena,"['Verona Tour', 'Museo Lapidario', 'Museo Radio', 'San Fermo', 'Casa Giulietta']",Casa Giulietta,strategy_nearest,True,0.0027780532836914062,success
0441EF429C4C80,2,"['San Zeno', 'Santa Anastasia']",Casa Giulietta,"['Centro Fotografia', 'Sighseeing', 'Torre Lamberti', 'Museo Conte', 'Museo Radio']",Teatro Romano,strategy_nearest,False,0.003139019012451172,success
0441E4429C4C80,3,"['San Zeno', 'Castelvecchio', 'Arena']",San Fermo,"['Museo Storia', 'Museo Radio', 'Casa Giulietta', 'Centro Fotografia', 'Sighseeing']",Giardino Giusti,strategy_nearest,False,0.0027201175689697266,success
0441F33A9C4C80,1,"['Arena', 'Santa Anastasia']",Teatro Romano,"['Duomo', 'AMO', 'Palazzo della Ragione', 'Museo Conte', 'Centro Fotografia']",Duomo,strategy_nearest,True,0.0017359256744384766,success
04420D3A9C4C84,0,['Arena'],Museo Lapidario,"['Verona Tour', 'Castelvecchio', 'Museo Radio', 'San Fermo', 'Casa Giulietta']",Casa Giulietta,strategy_nearest,True,0.0021648406982421875,success
04422A429C4C80,0,['Arena'],Torre Lamberti,"['Sighseeing', 'Centro Fotografia', 'Museo Conte', 'Casa Giulietta', 'Palazzo della Ragione']",Casa Giulietta,strategy_nearest,True,0.0032341480255126953,success
0442033A9C4C84,1,"['Arena', 'Casa Giulietta', 'Torre Lamberti']",Palazzo della Ragione,"['AMO', 'Museo Conte', 'Centro Fotografia', 'Sighseeing', 'Santa Anastasia']",Santa Anastasia,strategy_nearest,True,0.0027992725372314453,success
04422E3A9C4C80,0,['Arena'],Torre Lamberti,"['Sighseeing', 'Centro Fotografia', 'Museo Conte', 'Casa Giulietta', 'Palazzo della Ragione']",Casa Giulietta,strategy_nearest,True,0.0020389556884765625,success
0442323A9C4C80,3,"['Arena', 'Castelvecchio']",Casa Giulietta,"['Centro Fotografia', 'Sighseeing', 'Torre Lamberti', 'Museo Conte', 'Museo Radio']",Santa Anastasia,strategy_nearest,False,0.002768993377685547,success
0442463A9C4C80,3,['Arena'],Santa Anastasia,"['AMO', 'Museo Conte', 'Palazzo della Ragione', 'Teatro Romano', 'Centro Fotografia']",Teatro Romano,strategy_nearest,True,0.003017902374267578,success
044249429C4C80,1,"['Santa Anastasia', 'Duomo', 'Teatro Romano', 'Arena', 'San Zeno']",Museo Lapidario,"['Verona Tour', 'Castelvecchio', 'Museo Radio', 'San Fermo', 'Casa Giulietta']",Tomba Giulietta,strategy_nearest,False,0.0032472610473632812,success
044261429C4C80,0,['Arena'],Casa Giulietta,"['Centro Fotografia', 'Sighseeing', 'Torre Lamberti', 'Museo Conte', 'Museo Radio']",Santa Anastasia,strategy_nearest,False,0.0029561519622802734,success
04424B3A9C4C80,0,['San Fermo'],Arena,"['Verona Tour', 'Museo Lapidario', 'Museo Radio', 'Casa Giulietta', 'Sighseeing']",San Zeno,strategy_nearest,False,0.0030510425567626953,success
0442844A9C4C80,3,['Arena'],Duomo,"['AMO', 'Museo Miniscalchi', 'Santa Anastasia', 'Teatro Romano', 'Palazzo della Ragione']",Teatro Romano,strategy_nearest,True,0.0032651424407958984,success
04425E429C4C80,0,['Arena'],Museo Lapidario,"['Verona Tour', 'Castelvecchio', 'Museo Radio', 'San Fermo', 'Casa Giulietta']",Teatro Romano,strategy_nearest,False,0.003145933151245117,success
044286429C4C80,1,"['Arena', 'Casa Giulietta']",Torre Lamberti,"['Sighseeing', 'Centro Fotografia', 'Museo Conte', 'Palazzo della Ragione', 'AMO']",Palazzo della Ragione,strategy_nearest,True,0.0027790069580078125,success
0442894A9C4C80,0,"['Arena', 'Casa Giulietta']",Torre Lamberti,"['Sighseeing', 'Centro Fotografia', 'Museo Conte', 'Palazzo della Ragione', 'AMO']",Torre Lamberti,strategy_nearest,False,0.004995107650756836,success
0442864A9C4C80,0,"['Arena', 'Castelvecchio']",Torre Lamberti,"['Sighseeing', 'Centro Fotografia', 'Museo Conte', 'Casa Giulietta', 'Palazzo della Ragione']",Duomo,strategy_nearest,False,0.0037469863891601562,success
04428A3A9C4C80,0,"['Arena', 'Torre Lamberti']",Casa Giulietta,"['Centro Fotografia', 'Sighseeing', 'Museo Conte', 'Museo Radio', 'Palazzo della Ragione']",Casa Giulietta,strategy_nearest,False,0.0028238296508789062,success
0442A9429C4C80,6,"['Casa Giulietta', 'Arena']",San Zeno,"['Castelvecchio', 'Verona Tour', 'Museo Lapidario', 'Museo Miniscalchi', 'Sighseeing']",Tomba Giulietta,strategy_nearest,False,0.004472255706787109,success
0442A34A9C4C80,0,['Arena'],Casa Giulietta,"['Centro Fotografia', 'Sighseeing', 'Torre Lamberti', 'Museo Conte', 'Museo Radio']",Torre Lamberti,strategy_nearest,True,0.0029959678649902344,success
04428F3A9C4C80,0,"['Arena', 'Castelvecchio']",Duomo,"['AMO', 'Museo Miniscalchi', 'Santa Anastasia', 'Teatro Romano', 'Palazzo della Ragione']",Casa Giulietta,strategy_nearest,False,0.0070018768310546875,success
0442B23A9C4C80,2,['Castelvecchio'],Casa Giulietta,"['Centro Fotografia', 'Sighseeing', 'Torre Lamberti', 'Museo Conte', 'Museo Radio']",Santa Anastasia,strategy_nearest,False,0.0018701553344726562,success
0442AC429C4C80,0,['Arena'],Torre Lamberti,"['Sighseeing', 'Centro Fotografia', 'Museo Conte', 'Casa Giulietta', 'Palazzo della Ragione']",Castelvecchio,strategy_nearest,False,0.0028128623962402344,success
0442B2429C4C80,3,"['Casa Giulietta', 'Torre Lamberti']",Castelvecchio,"['Museo Lapidario', 'Verona Tour', 'Arena', 'Museo Radio', 'San Zeno']",Arena,strategy_nearest,True,0.003314971923828125,success
0442B4429C4C80,1,"['Casa Giulietta', 'Torre Lamberti']",Palazzo della Ragione,"['AMO', 'Museo Conte', 'Centro Fotografia', 'Sighseeing', 'Santa Anastasia']",Teatro Romano,strategy_nearest,False,0.003554105758666992,success
0442C1429C4C80,1,['Arena'],Casa Giulietta,"['Centro Fotografia', 'Sighseeing', 'Torre Lamberti', 'Museo Conte', 'Museo Radio']",Torre Lamberti,strategy_nearest,True,0.0020990371704101562,success
0442B83A9C4C80,2,"['Castelvecchio', 'Casa Giulietta', 'Torre Lamberti']",Palazzo della Ragione,"['AMO', 'Museo Conte', 'Centro Fotografia', 'Sighseeing', 'Santa Anastasia']",Santa Anastasia,strategy_nearest,True,0.0019631385803222656,success
0442C43A9C4C80,2,"['Teatro Romano', 'Duomo']",Castelvecchio,"['Museo Lapidario', 'Verona Tour', 'Arena', 'Museo Radio', 'San Zeno']",San Zeno,strategy_nearest,True,0.0025708675384521484,success
0442C63A9C4C80,0,['Tomba Giulietta'],Arena,"['Verona Tour', 'Museo Lapidario', 'Museo Radio', 'San Fermo', 'Casa Giulietta']",Casa Giulietta,strategy_nearest,True,0.002495288848876953,success
0442C6429C4C80,2,['Casa Giulietta'],Torre Lamberti,"['Sighseeing', 'Centro Fotografia', 'Museo Conte', 'Palazzo della Ragione', 'AMO']",Palazzo della Ragione,strategy_nearest,True,0.0019371509552001953,success
0442C9429C4C80,0,['Arena'],Torre Lamberti,"['Sighseeing', 'Centro Fotografia', 'Museo Conte', 'Casa Giulietta', 'Palazzo della Ragione']",Casa Giulietta,strategy_nearest,True,0.002798795700073242,success
0442CA3A9C4C80,3,"['Arena', 'San Fermo']",Torre Lamberti,"['Sighseeing', 'Centro Fotografia', 'Museo Conte', 'Casa Giulietta', 'Palazzo della Ragione']",Santa Anastasia,strategy_nearest,False,0.0024030208587646484,success
0442F23A9C4C80,1,"['Tomba Giulietta', 'Casa Giulietta', 'Arena', 'Palazzo della Ragione']",Santa Anastasia,"['AMO', 'Museo Conte', 'Teatro Romano', 'Centro Fotografia', 'Duomo']",Duomo,strategy_nearest,True,0.0027008056640625,success
0442F2429C4C80,3,"['Teatro Romano', 'Santa Anastasia', 'Casa Giulietta']",Castelvecchio,"['Museo Lapidario', 'Verona Tour', 'Arena', 'Museo Radio', 'San Zeno']",San Zeno,strategy_nearest,True,0.0029981136322021484,success
0442F5429C4C80,3,"['Duomo', 'Casa Giulietta', 'San Fermo']",Teatro Romano,"['Santa Anastasia', 'AMO', 'Palazzo della Ragione', 'Museo Conte', 'Centro Fotografia']",San Zeno,strategy_nearest,False,0.0021638870239257812,success
0442FF429C4C80,2,"['Castelvecchio', 'San Zeno', 'Casa Giulietta']",Giardino Giusti,"['Santa Anastasia', 'Teatro Romano', 'Museo Conte', 'Centro Fotografia', 'Museo Storia']",Teatro Romano,strategy_nearest,True,0.0033180713653564453,success
0443003A9C4C84,2,['Torre Lamberti'],Santa Anastasia,"['AMO', 'Museo Conte', 'Palazzo della Ragione', 'Teatro Romano', 'Centro Fotografia']",Tomba Giulietta,strategy_nearest,False,0.0033800601959228516,success
044304429C4C84,2,"['Castelvecchio', 'Duomo']",Teatro Romano,"['Santa Anastasia', 'AMO', 'Palazzo della Ragione', 'Museo Conte', 'Centro Fotografia']",Casa Giulietta,strategy_nearest,False,0.0018770694732666016,success
044300429C4C84,2,"['Castelvecchio', 'San Zeno', 'Casa Giulietta']",Torre Lamberti,"['Sighseeing', 'Centro Fotografia', 'Museo Conte', 'Palazzo della Ragione', 'AMO']",Giardino Giusti,strategy_nearest,False,0.003184080123901367,success
04430B429C4C84,1,"['Arena', 'Torre Lamberti']",Palazzo della Ragione,"['AMO', 'Museo Conte', 'Centro Fotografia', 'Sighseeing', 'Santa Anastasia']",Casa Giulietta,strategy_nearest,False,0.001573801040649414,success
0443083A9C4C84,3,['Arena'],Torre Lamberti,"['Sighseeing', 'Centro Fotografia', 'Museo Conte', 'Casa Giulietta', 'Palazzo della Ragione']",Santa Anastasia,strategy_nearest,False,0.002916097640991211,success
0443254A9C4C80,1,"['Casa Giulietta', 'Casa Giulietta', 'Torre Lamberti', 'Palazzo della Ragione']",Tomba Giulietta,"['San Fermo', 'Museo Storia', 'Arena', 'Museo Lapidario', 'Museo Radio']",Arena,strategy_nearest,True,0.0022656917572021484,success
04432A4A9C4C80,3,"['Casa Giulietta', 'Santa Anastasia']",Arena,"['Verona Tour', 'Museo Lapidario', 'Museo Radio', 'San Fermo', 'Sighseeing']",Castelvecchio,strategy_nearest,False,0.003313779830932617,success
0443363A9C4C80,0,"['Arena', 'Museo Lapidario']",Castelvecchio,"['Verona Tour', 'Museo Radio', 'San Zeno', 'Sighseeing', 'Museo Miniscalchi']",Torre Lamberti,strategy_nearest,False,0.001893758773803711,success
0443354A9C4C80,3,"['Arena', 'San Fermo', 'Casa Giulietta']",Torre Lamberti,"['Sighseeing', 'Centro Fotografia', 'Museo Conte', 'Palazzo della Ragione', 'AMO']",Santa Anastasia,strategy_nearest,False,0.0026230812072753906,success
04432C429C4C80,1,"['Museo Lapidario', 'Arena', 'Torre Lamberti', 'Palazzo della Ragione']",Santa Anastasia,"['AMO', 'Museo Conte', 'Teatro Romano', 'Centro Fotografia', 'Duomo']",Casa Giulietta,strategy_nearest,False,0.0021088123321533203,success
04433C4A9C4C80,3,"['Castelvecchio', 'Arena', 'Casa Giulietta']",San Fermo,"['Museo Storia', 'Museo Radio', 'Centro Fotografia', 'Sighseeing', 'Torre Lamberti']",Santa Anastasia,strategy_nearest,False,0.0034139156341552734,success
044340429C4C80,1,"['Casa Giulietta', 'Torre Lamberti']",Castelvecchio,"['Museo Lapidario', 'Verona Tour', 'Arena', 'Museo Radio', 'San Zeno']",Arena,strategy_nearest,True,0.002148151397705078,success
04434F3A9C4C80,3,['Santa Anastasia'],Arena,"['Verona Tour', 'Museo Lapidario', 'Museo Radio', 'San Fermo', 'Casa Giulietta']",Casa Giulietta,strategy_nearest,True,0.0024759769439697266,success
044348429C4C80,0,['Arena'],Casa Giulietta,"['Centro Fotografia', 'Sighseeing', 'Torre Lamberti', 'Museo Conte', 'Museo Radio']",Castelvecchio,strategy_nearest,False,0.003426790237426758,success
0443563A9C4C80,3,"['Torre Lamberti', 'Santa Anastasia']",Duomo,"['AMO', 'Museo Miniscalchi', 'Teatro Romano', 'Palazzo della Ragione', 'Museo Conte']",San Fermo,strategy_nearest,False,0.001451730728149414,success
044352429C4C80,3,"['Casa Giulietta', 'Torre Lamberti']",Santa Anastasia,"['AMO', 'Museo Conte', 'Palazzo della Ragione', 'Teatro Romano', 'Centro Fotografia']",Arena,strategy_nearest,False,0.0029528141021728516,success
04434F429C4C80,1,"['Arena', 'San Fermo']",Casa Giulietta,"['Centro Fotografia', 'Sighseeing', 'Torre Lamberti', 'Museo Conte', 'Museo Radio']",Torre Lamberti,strategy_nearest,True,0.004826068878173828,success
04435D3A9C4C80,0,"['Arena', 'Museo Lapidario']",Castelvecchio,"['Verona Tour', 'Museo Radio', 'San Zeno', 'Sighseeing', 'Museo Miniscalchi']",Teatro Romano,strategy_nearest,False,0.003329038619995117,success
044365429C4C80,3,"['Torre Lamberti', 'Casa Giulietta']",Santa Anastasia,"['AMO', 'Museo Conte', 'Palazzo della Ragione', 'Teatro Romano', 'Centro Fotografia']",Duomo,strategy_nearest,False,0.0011401176452636719,success
044367429C4C80,3,"['San Zeno', 'Arena']",Casa Giulietta,"['Centro Fotografia', 'Sighseeing', 'Torre Lamberti', 'Museo Conte', 'Museo Radio']",Santa Anastasia,strategy_nearest,False,0.0016779899597167969,success
04436E429C4C80,0,['Arena'],Torre Lamberti,"['Sighseeing', 'Centro Fotografia', 'Museo Conte', 'Casa Giulietta', 'Palazzo della Ragione']",Casa Giulietta,strategy_nearest,True,0.0013608932495117188,success
044376429C4C80,0,"['Arena', 'Teatro Romano']",Duomo,"['AMO', 'Museo Miniscalchi', 'Santa Anastasia', 'Palazzo della Ragione', 'Museo Conte']",Casa Giulietta,strategy_nearest,False,0.0031638145446777344,success
0443753A9C4C80,3,"['Arena', 'Museo Lapidario', 'San Fermo']",Casa Giulietta,"['Centro Fotografia', 'Sighseeing', 'Torre Lamberti', 'Museo Conte', 'Museo Radio']",Torre Lamberti,strategy_nearest,True,0.0027840137481689453,success
044371429C4C80,2,['Casa Giulietta'],Tomba Giulietta,"['San Fermo', 'Museo Storia', 'Arena', 'Museo Lapidario', 'Museo Radio']",Torre Lamberti,strategy_nearest,False,0.002228975296020508,success
044377429C4C80,1,"['Torre Lamberti', 'San Fermo', 'San Zeno']",Castelvecchio,"['Museo Lapidario', 'Verona Tour', 'Arena', 'Museo Radio', 'Sighseeing']",Arena,strategy_nearest,True,0.0010592937469482422,success
0443793A9C4C80,3,"['Arena', 'Torre Lamberti']",Teatro Romano,"['Santa Anastasia', 'Duomo', 'AMO', 'Palazzo della Ragione', 'Museo Conte']",Santa Anastasia,strategy_nearest,True,0.0018498897552490234,success
04437E4A9C4C80,0,['Arena'],Casa Giulietta,"['Centro Fotografia', 'Sighseeing', 'Torre Lamberti', 'Museo Conte', 'Museo Radio']",Santa Anastasia,strategy_nearest,False,0.0019969940185546875,success
044384429C4C80,3,"['Arena', 'Casa Giulietta']",Torre Lamberti,"['Sighseeing', 'Centro Fotografia', 'Museo Conte', 'Palazzo della Ragione', 'AMO']",Santa Anastasia,strategy_nearest,False,0.0024459362030029297,success
0443894A9C4C80,0,['Arena'],Casa Giulietta,"['Centro Fotografia', 'Sighseeing', 'Torre Lamberti', 'Museo Conte', 'Museo Radio']",Teatro Romano,strategy_nearest,False,0.0016608238220214844,success
04438F4A9C4C80,1,['Arena'],Casa Giulietta,"['Centro Fotografia', 'Sighseeing', 'Torre Lamberti', 'Museo Conte', 'Museo Radio']",Palazzo della Ragione,strategy_nearest,False,0.0033299922943115234,success
044386429C4C80,1,"['Arena', 'Casa Giulietta']",Torre Lamberti,"['Sighseeing', 'Centro Fotografia', 'Museo Conte', 'Palazzo della Ragione', 'AMO']",Palazzo della Ragione,strategy_nearest,True,0.002877950668334961,success
0443914A9C4C80,3,['Arena'],Casa Giulietta,"['Centro Fotografia', 'Sighseeing', 'Torre Lamberti', 'Museo Conte', 'Museo Radio']",Santa Anastasia,strategy_nearest,False,0.002074718475341797,success
0443AA3A9C4C80,0,['Arena'],Casa Giulietta,"['Centro Fotografia', 'Sighseeing', 'Torre Lamberti', 'Museo Conte', 'Museo Radio']",Santa Anastasia,strategy_nearest,False,0.0015218257904052734,success
0443B6429C4C80,0,['Arena'],Casa Giulietta,"['Centro Fotografia', 'Sighseeing', 'Torre Lamberti', 'Museo Conte', 'Museo Radio']",Torre Lamberti,strategy_nearest,True,0.001882791519165039,success
0443B33A9C4C80,3,"['Duomo', 'Teatro Romano']",San Zeno,"['Castelvecchio', 'Verona Tour', 'Museo Lapidario', 'Arena', 'Museo Miniscalchi']",Arena,strategy_nearest,True,0.00284576416015625,success
0443BB3A9C4C80,6,['Castelvecchio'],Casa Giulietta,"['Centro Fotografia', 'Sighseeing', 'Torre Lamberti', 'Museo Conte', 'Museo Radio']",Verona Tour,strategy_nearest,False,0.0032041072845458984,success
0443BF429C4C80,0,['Arena'],Casa Giulietta,"['Centro Fotografia', 'Sighseeing', 'Torre Lamberti', 'Museo Conte', 'Museo Radio']",Teatro Romano,strategy_nearest,False,0.0028810501098632812,success
0443BB429C4C80,2,"['Casa Giulietta', 'Tomba Giulietta']",Museo Lapidario,"['Verona Tour', 'Arena', 'Castelvecchio', 'Museo Radio', 'San Fermo']",Duomo,strategy_nearest,False,0.0017049312591552734,success
0443C53A9C4C80,2,"['Torre Lamberti', 'Palazzo della Ragione']",Santa Anastasia,"['AMO', 'Museo Conte', 'Teatro Romano', 'Centro Fotografia', 'Duomo']",Duomo,strategy_nearest,True,0.0021817684173583984,success
0443C73A9C4C80,0,['Arena'],Casa Giulietta,"['Centro Fotografia', 'Sighseeing', 'Torre Lamberti', 'Museo Conte', 'Museo Radio']",Castelvecchio,strategy_nearest,False,0.0032639503479003906,success
0443D13A9C4C80,1,"['Arena', 'Palazzo della Ragione', 'Torre Lamberti']",Casa Giulietta,"['Centro Fotografia', 'Sighseeing', 'Museo Conte', 'Museo Radio', 'San Fermo']",Teatro Romano,strategy_nearest,False,0.0014581680297851562,success
0443CE429C4C80,1,"['Arena', 'Torre Lamberti']",Palazzo della Ragione,"['AMO', 'Museo Conte', 'Centro Fotografia', 'Sighseeing', 'Santa Anastasia']",San Zeno,strategy_nearest,False,0.002187013626098633,success
0443D33A9C4C80,2,['Casa Giulietta'],Santa Anastasia,"['AMO', 'Museo Conte', 'Palazzo della Ragione', 'Teatro Romano', 'Centro Fotografia']",Duomo,strategy_nearest,False,0.002620220184326172,success
0443DD3A9C4C80,0,['Arena'],Castelvecchio,"['Museo Lapidario', 'Verona Tour', 'Museo Radio', 'San Zeno', 'Sighseeing']",Casa Giulietta,strategy_nearest,False,0.0033071041107177734,success
0443ED3A9C4C80,0,['Arena'],Castelvecchio,"['Museo Lapidario', 'Verona Tour', 'Museo Radio', 'San Zeno', 'Sighseeing']",San Zeno,strategy_nearest,True,0.0016820430755615234,success
0443F23A9C4C80,3,"['Arena', 'Torre Lamberti']",Santa Anastasia,"['AMO', 'Museo Conte', 'Palazzo della Ragione', 'Teatro Romano', 'Centro Fotografia']",Duomo,strategy_nearest,False,0.0019271373748779297,success
0443F13A9C4C80,3,"['Arena', 'Casa Giulietta']",Torre Lamberti,"['Sighseeing', 'Centro Fotografia', 'Museo Conte', 'Palazzo della Ragione', 'AMO']",Santa Anastasia,strategy_nearest,False,0.002641916275024414,success
0443FD3A9C4C80,1,['Arena'],Casa Giulietta,"['Centro Fotografia', 'Sighseeing', 'Torre Lamberti', 'Museo Conte', 'Museo Radio']",Palazzo della Ragione,strategy_nearest,False,0.0016331672668457031,success
0443F33A9C4C80,1,"['Tomba Giulietta', 'Casa Giulietta', 'Arena', 'Palazzo della Ragione']",Torre Lamberti,"['Sighseeing', 'Centro Fotografia', 'Museo Conte', 'AMO', 'Museo Miniscalchi']",Santa Anastasia,strategy_nearest,False,0.0030629634857177734,success
0444033A9C4C84,3,"['Teatro Romano', 'Tomba Giulietta', 'Arena']",Castelvecchio,"['Museo Lapidario', 'Verona Tour', 'Museo Radio', 'San Zeno', 'Sighseeing']",Duomo,strategy_nearest,False,0.002469301223754883,success
044400429C4C84,0,['Castelvecchio'],Arena,"['Verona Tour', 'Museo Lapidario', 'Museo Radio', 'San Fermo', 'Casa Giulietta']",Casa Giulietta,strategy_nearest,True,0.0025610923767089844,success
044404429C4C84,0,['Casa Giulietta'],Arena,"['Verona Tour', 'Museo Lapidario', 'Museo Radio', 'San Fermo', 'Sighseeing']",Castelvecchio,strategy_nearest,False,0.0023088455200195312,success
0444113A9C4C84,1,['Arena'],Torre Lamberti,"['Sighseeing', 'Centro Fotografia', 'Museo Conte', 'Casa Giulietta', 'Palazzo della Ragione']",Palazzo della Ragione,strategy_nearest,True,0.0021240711212158203,success
044428429C4C80,3,"['Torre Lamberti', 'Arena']",Castelvecchio,"['Museo Lapidario', 'Verona Tour', 'Museo Radio', 'San Zeno', 'Sighseeing']",Teatro Romano,strategy_nearest,False,0.002711057662963867,success
04442C429C4C80,0,['Arena'],Museo Lapidario,"['Verona Tour', 'Castelvecchio', 'Museo Radio', 'San Fermo', 'Casa Giulietta']",Castelvecchio,strategy_nearest,True,0.002074003219604492,success
0444374A9C4C80,3,"['Castelvecchio', 'San Zeno', 'Teatro Romano']",Santa Anastasia,"['AMO', 'Museo Conte', 'Palazzo della Ragione', 'Centro Fotografia', 'Duomo']",Arena,strategy_nearest,False,0.0025331974029541016,success
044438429C4C80,0,['Arena'],Casa Giulietta,"['Centro Fotografia', 'Sighseeing', 'Torre Lamberti', 'Museo Conte', 'Museo Radio']",Santa Anastasia,strategy_nearest,False,0.003072023391723633,success
0444393A9C4C80,0,"['Castelvecchio', 'Arena']",Casa Giulietta,"['Centro Fotografia', 'Sighseeing', 'Torre Lamberti', 'Museo Conte', 'Museo Radio']",Teatro Romano,strategy_nearest,False,0.0015349388122558594,success
04443C4A9C4C80,1,"['Castelvecchio', 'Santa Anastasia', 'Duomo']",Torre Lamberti,"['Sighseeing', 'Centro Fotografia', 'Museo Conte', 'Casa Giulietta', 'Palazzo della Ragione']",Palazzo della Ragione,strategy_nearest,True,0.0022199153900146484,success
044447429C4C80,2,"['Duomo', 'Santa Anastasia', 'Torre Lamberti']",Casa Giulietta,"['Centro Fotografia', 'Sighseeing', 'Museo Conte', 'Museo Radio', 'Palazzo della Ragione']",San Fermo,strategy_nearest,False,0.002485990524291992,success
04444B429C4C80,1,['Arena'],Casa Giulietta,"['Centro Fotografia', 'Sighseeing', 'Torre Lamberti', 'Museo Conte', 'Museo Radio']",Torre Lamberti,strategy_nearest,True,0.0023758411407470703,success
04444D429C4C80,1,['Arena'],Casa Giulietta,"['Centro Fotografia', 'Sighseeing', 'Torre Lamberti', 'Museo Conte', 'Museo Radio']",Palazzo della Ragione,strategy_nearest,False,0.002429962158203125,success
0444533A9C4C80,0,['Arena'],Torre Lamberti,"['Sighseeing', 'Centro Fotografia', 'Museo Conte', 'Casa Giulietta', 'Palazzo della Ragione']",Casa Giulietta,strategy_nearest,True,0.0025207996368408203,success
04445B429C4C80,0,['Arena'],Casa Giulietta,"['Centro Fotografia', 'Sighseeing', 'Torre Lamberti', 'Museo Conte', 'Museo Radio']",Tomba Giulietta,strategy_nearest,False,0.002414703369140625,success
04445E429C4C80,2,['Casa Giulietta'],Torre Lamberti,"['Sighseeing', 'Centro Fotografia', 'Museo Conte', 'Palazzo della Ragione', 'AMO']",Palazzo della Ragione,strategy_nearest,True,0.003376007080078125,success
044474429C4C80,3,"['Arena', 'San Fermo', 'Casa Giulietta']",Torre Lamberti,"['Sighseeing', 'Centro Fotografia', 'Museo Conte', 'Palazzo della Ragione', 'AMO']",Santa Anastasia,strategy_nearest,False,0.0020020008087158203,success
044477429C4C80,3,['Arena'],Casa Giulietta,"['Centro Fotografia', 'Sighseeing', 'Torre Lamberti', 'Museo Conte', 'Museo Radio']",Santa Anastasia,strategy_nearest,False,0.0026988983154296875,success
04447D4A9C4C80,2,['Tomba Giulietta'],Museo Lapidario,"['Verona Tour', 'Arena', 'Castelvecchio', 'Museo Radio', 'San Fermo']",Castelvecchio,strategy_nearest,True,0.002875804901123047,success
044488429C4C80,0,['Arena'],Castelvecchio,"['Museo Lapidario', 'Verona Tour', 'Museo Radio', 'San Zeno', 'Sighseeing']",Casa Giulietta,strategy_nearest,False,0.0029129981994628906,success
044484429C4C80,1,['Arena'],Casa Giulietta,"['Centro Fotografia', 'Sighseeing', 'Torre Lamberti', 'Museo Conte', 'Museo Radio']",Torre Lamberti,strategy_nearest,True,0.0023398399353027344,success
04447E4A9C4C80,3,"['Tomba Giulietta', 'Arena']",Casa Giulietta,"['Centro Fotografia', 'Sighseeing', 'Torre Lamberti', 'Museo Conte', 'Museo Radio']",Torre Lamberti,strategy_nearest,True,0.002494335174560547,success
04448C429C4C80,0,['Arena'],Casa Giulietta,"['Centro Fotografia', 'Sighseeing', 'Torre Lamberti', 'Museo Conte', 'Museo Radio']",Torre Lamberti,strategy_nearest,True,0.003528118133544922,success
04448D3A9C4C80,0,['Castelvecchio'],Giardino Giusti,"['Santa Anastasia', 'Teatro Romano', 'Museo Conte', 'Centro Fotografia', 'Museo Storia']",Casa Giulietta,strategy_nearest,False,0.002192974090576172,success
04449D429C4C80,0,['Duomo'],Casa Giulietta,"['Centro Fotografia', 'Sighseeing', 'Torre Lamberti', 'Museo Conte', 'Museo Radio']",Arena,strategy_nearest,False,0.0028400421142578125,success
0444A84A9C4C80,3,"['Arena', 'Casa Giulietta']",Casa Giulietta,"['Centro Fotografia', 'Sighseeing', 'Torre Lamberti', 'Museo Conte', 'Museo Radio']",Santa Anastasia,strategy_nearest,False,0.0026597976684570312,success
0444A1429C4C80,1,"['Arena', 'Castelvecchio']",Casa Giulietta,"['Centro Fotografia', 'Sighseeing', 'Torre Lamberti', 'Museo Conte', 'Museo Radio']",Palazzo della Ragione,strategy_nearest,False,0.003690004348754883,success
0444AC3A9C4C80,3,"['Arena', 'Santa Anastasia']",Duomo,"['AMO', 'Museo Miniscalchi', 'Teatro Romano', 'Palazzo della Ragione', 'Museo Conte']",Teatro Romano,strategy_nearest,True,0.003155946731567383,success
0444AC429C4C80,3,"['Arena', 'Santa Anastasia']",Duomo,"['AMO', 'Museo Miniscalchi', 'Teatro Romano', 'Palazzo della Ragione', 'Museo Conte']",Casa Giulietta,strategy_nearest,False,0.0031168460845947266,success
0444AF3A9C4C80,3,"['Arena', 'Torre Lamberti']",Duomo,"['AMO', 'Museo Miniscalchi', 'Santa Anastasia', 'Teatro Romano', 'Palazzo della Ragione']",Santa Anastasia,strategy_nearest,True,0.003367900848388672,success
0444AF429C4C80,1,"['Tomba Giulietta', 'Casa Giulietta']",Palazzo della Ragione,"['AMO', 'Museo Conte', 'Torre Lamberti', 'Centro Fotografia', 'Sighseeing']",Torre Lamberti,strategy_nearest,True,0.0036742687225341797,success
0444B3429C4C80,0,"['Arena', 'Casa Giulietta']",Torre Lamberti,"['Sighseeing', 'Centro Fotografia', 'Museo Conte', 'Palazzo della Ragione', 'AMO']",Duomo,strategy_nearest,False,0.0016210079193115234,success
0444B33A9C4C80,1,"['Arena', 'Casa Giulietta', 'Torre Lamberti']",Palazzo della Ragione,"['AMO', 'Museo Conte', 'Centro Fotografia', 'Sighseeing', 'Santa Anastasia']",Santa Anastasia,strategy_nearest,True,0.0036458969116210938,success
0444BB429C4C80,2,"['Castelvecchio', 'Tomba Giulietta']",San Fermo,"['Museo Storia', 'Museo Radio', 'Casa Giulietta', 'Centro Fotografia', 'Arena']",Casa Giulietta,strategy_nearest,True,0.004253387451171875,success
0444BA3A9C4C80,0,['Arena'],Casa Giulietta,"['Centro Fotografia', 'Sighseeing', 'Torre Lamberti', 'Museo Conte', 'Museo Radio']",Teatro Romano,strategy_nearest,False,0.0036249160766601562,success
0444BE429C4C80,1,"['Arena', 'Casa Giulietta']",Torre Lamberti,"['Sighseeing', 'Centro Fotografia', 'Museo Conte', 'Palazzo della Ragione', 'AMO']",Torre Lamberti,strategy_nearest,False,0.0034689903259277344,success
0444CC429C4C80,2,"['Torre Lamberti', 'Duomo', 'Casa Giulietta']",Palazzo della Ragione,"['AMO', 'Museo Conte', 'Centro Fotografia', 'Sighseeing', 'Santa Anastasia']",Castelvecchio,strategy_nearest,False,0.002973794937133789,success
0444EE429C4C80,1,['Arena'],Casa Giulietta,"['Centro Fotografia', 'Sighseeing', 'Torre Lamberti', 'Museo Conte', 'Museo Radio']",Palazzo della Ragione,strategy_nearest,False,0.0035181045532226562,success
0444D7429C4C80,3,"['Arena', 'Castelvecchio']",Teatro Romano,"['Santa Anastasia', 'Duomo', 'AMO', 'Palazzo della Ragione', 'Museo Conte']",Santa Anastasia,strategy_nearest,True,0.0023148059844970703,success
0444F83A9C4C80,0,['Arena'],Castelvecchio,"['Museo Lapidario', 'Verona Tour', 'Museo Radio', 'San Zeno', 'Sighseeing']",San Zeno,strategy_nearest,True,0.002432107925415039,success
0445243A9C4C80,2,['Duomo'],Santa Anastasia,"['AMO', 'Museo Conte', 'Palazzo della Ragione', 'Teatro Romano', 'Centro Fotografia']",Castelvecchio,strategy_nearest,False,0.0020918846130371094,success
0444FA3A9C4C80,1,['Arena'],Casa Giulietta,"['Centro Fotografia', 'Sighseeing', 'Torre Lamberti', 'Museo Conte', 'Museo Radio']",Torre Lamberti,strategy_nearest,True,0.0030210018157958984,success
0445283A9C4C80,2,['San Fermo'],Torre Lamberti,"['Sighseeing', 'Centro Fotografia', 'Museo Conte', 'Casa Giulietta', 'Palazzo della Ragione']",Castelvecchio,strategy_nearest,False,0.003310680389404297,success
044548429C4C80,0,['Arena'],Torre Lamberti,"['Sighseeing', 'Centro Fotografia', 'Museo Conte', 'Casa Giulietta', 'Palazzo della Ragione']",Casa Giulietta,strategy_nearest,True,0.002695798873901367,success
0445344A9C4C80,3,"['Arena', 'Santa Anastasia']",Casa Giulietta,"['Centro Fotografia', 'Sighseeing', 'Torre Lamberti', 'Museo Conte', 'Museo Radio']",San Zeno,strategy_nearest,False,0.001711130142211914,success
04453F3A9C4C80,1,"['Casa Giulietta', 'Torre Lamberti', 'Palazzo della Ragione']",Teatro Romano,"['Santa Anastasia', 'Duomo', 'AMO', 'Museo Conte', 'Centro Fotografia']",Duomo,strategy_nearest,True,0.003579854965209961,success
04452E4A9C4C80,1,"['Arena', 'Casa Giulietta']",Torre Lamberti,"['Sighseeing', 'Centro Fotografia', 'Museo Conte', 'Palazzo della Ragione', 'AMO']",Palazzo della Ragione,strategy_nearest,True,0.002933025360107422,success
04454B429C4C80,3,"['Arena', 'Castelvecchio']",Santa Anastasia,"['AMO', 'Museo Conte', 'Palazzo della Ragione', 'Teatro Romano', 'Centro Fotografia']",Casa Giulietta,strategy_nearest,False,0.0016129016876220703,success
044561429C4C80,0,['Arena'],Santa Anastasia,"['AMO', 'Museo Conte', 'Palazzo della Ragione', 'Teatro Romano', 'Centro Fotografia']",Castelvecchio,strategy_nearest,False,0.0031747817993164062,success
04454F429C4C80,3,"['Arena', 'Casa Giulietta']",Torre Lamberti,"['Sighseeing', 'Centro Fotografia', 'Museo Conte', 'Palazzo della Ragione', 'AMO']",Santa Anastasia,strategy_nearest,False,0.0027561187744140625,success
04455E429C4C80,1,['Arena'],Casa Giulietta,"['Centro Fotografia', 'Sighseeing', 'Torre Lamberti', 'Museo Conte', 'Museo Radio']",Palazzo della Ragione,strategy_nearest,False,0.002138853073120117,success
0445713A9C4C80,3,"['Arena', 'San Zeno', 'Castelvecchio']",Duomo,"['AMO', 'Museo Miniscalchi', 'Santa Anastasia', 'Teatro Romano', 'Palazzo della Ragione']",Casa Giulietta,strategy_nearest,False,0.0021200180053710938,success
04456A429C4C80,0,['Arena'],Casa Giulietta,"['Centro Fotografia', 'Sighseeing', 'Torre Lamberti', 'Museo Conte', 'Museo Radio']",Torre Lamberti,strategy_nearest,True,0.0014300346374511719,success
044572429C4C80,0,['Arena'],Teatro Romano,"['Santa Anastasia', 'Duomo', 'AMO', 'Palazzo della Ragione', 'Museo Conte']",Castelvecchio,strategy_nearest,False,0.0026712417602539062,success
0445753A9C4C80,3,"['Casa Giulietta', 'Arena']",Castelvecchio,"['Museo Lapidario', 'Verona Tour', 'Museo Radio', 'San Zeno', 'Sighseeing']",Santa Anastasia,strategy_nearest,False,0.0032377243041992188,success
04457A3A9C4C80,3,"['Arena', 'Casa Giulietta']",San Zeno,"['Castelvecchio', 'Verona Tour', 'Museo Lapidario', 'Museo Miniscalchi', 'Sighseeing']",Castelvecchio,strategy_nearest,True,0.0013821125030517578,success
04457A429C4C80,1,['Arena'],Casa Giulietta,"['Centro Fotografia', 'Sighseeing', 'Torre Lamberti', 'Museo Conte', 'Museo Radio']",Palazzo della Ragione,strategy_nearest,False,0.0020439624786376953,success
0445793A9C4C80,0,['Casa Giulietta'],Arena,"['Verona Tour', 'Museo Lapidario', 'Museo Radio', 'San Fermo', 'Sighseeing']",Tomba Giulietta,strategy_nearest,False,0.0032389163970947266,success
04457B3A9C4C80,3,"['Arena', 'Castelvecchio']",Casa Giulietta,"['Centro Fotografia', 'Sighseeing', 'Torre Lamberti', 'Museo Conte', 'Museo Radio']",Torre Lamberti,strategy_nearest,True,0.0031507015228271484,success
04457E429C4C80,0,['Arena'],Casa Giulietta,"['Centro Fotografia', 'Sighseeing', 'Torre Lamberti', 'Museo Conte', 'Museo Radio']",Teatro Romano,strategy_nearest,False,0.0019409656524658203,success
04457C4A9C4C80,1,"['Arena', 'Casa Giulietta', 'San Fermo']",Torre Lamberti,"['Sighseeing', 'Centro Fotografia', 'Museo Conte', 'Palazzo della Ragione', 'AMO']",Palazzo della Ragione,strategy_nearest,True,0.0020449161529541016,success
04457E4A9C4C80,1,"['Arena', 'Casa Giulietta', 'San Fermo']",Torre Lamberti,"['Sighseeing', 'Centro Fotografia', 'Museo Conte', 'Palazzo della Ragione', 'AMO']",Palazzo della Ragione,strategy_nearest,True,0.002527952194213867,success
044582429C4C80,0,['Torre Lamberti'],Casa Giulietta,"['Centro Fotografia', 'Sighseeing', 'Museo Conte', 'Museo Radio', 'Palazzo della Ragione']",Arena,strategy_nearest,False,0.003271341323852539,success
0445A6429C4C80,1,['Castelvecchio'],Casa Giulietta,"['Centro Fotografia', 'Sighseeing', 'Torre Lamberti', 'Museo Conte', 'Museo Radio']",Arena,strategy_nearest,False,0.0027239322662353516,success
044583429C4C80,3,"['Arena', 'Casa Giulietta']",Torre Lamberti,"['Sighseeing', 'Centro Fotografia', 'Museo Conte', 'Palazzo della Ragione', 'AMO']",Santa Anastasia,strategy_nearest,False,0.0019211769104003906,success
0445883A9C4C80,0,['Arena'],Casa Giulietta,"['Centro Fotografia', 'Sighseeing', 'Torre Lamberti', 'Museo Conte', 'Museo Radio']",Torre Lamberti,strategy_nearest,True,0.0026841163635253906,success
0445A84A9C4C80,3,['Arena'],Museo Lapidario,"['Verona Tour', 'Castelvecchio', 'Museo Radio', 'San Fermo', 'Casa Giulietta']",Duomo,strategy_nearest,False,0.003397703170776367,success
0445A94A9C4C80,1,"['San Zeno', 'Arena', 'Torre Lamberti']",Palazzo della Ragione,"['AMO', 'Museo Conte', 'Centro Fotografia', 'Sighseeing', 'Santa Anastasia']",Casa Giulietta,strategy_nearest,False,0.0018188953399658203,success
0445AB3A9C4C80,1,"['Arena', 'Torre Lamberti', 'Palazzo della Ragione', 'Casa Giulietta']",San Fermo,"['Museo Storia', 'Museo Radio', 'Centro Fotografia', 'Sighseeing', 'Museo Conte']",Santa Anastasia,strategy_nearest,False,0.002399921417236328,success
0445AB429C4C80,2,"['Museo Lapidario', 'Castelvecchio', 'Casa Giulietta']",Palazzo della Ragione,"['AMO', 'Museo Conte', 'Torre Lamberti', 'Centro Fotografia', 'Sighseeing']",Santa Anastasia,strategy_nearest,False,0.0023708343505859375,success
0445AF429C4C80,3,"['Arena', 'Casa Giulietta']",Torre Lamberti,"['Sighseeing', 'Centro Fotografia', 'Museo Conte', 'Palazzo della Ragione', 'AMO']",Santa Anastasia,strategy_nearest,False,0.002958059310913086,success
0445B9429C4C80,0,['Arena'],Casa Giulietta,"['Centro Fotografia', 'Sighseeing', 'Torre Lamberti', 'Museo Conte', 'Museo Radio']",Teatro Romano,strategy_nearest,False,0.002093076705932617,success
0445BD3A9C4C80,0,['Arena'],Museo Lapidario,"['Verona Tour', 'Castelvecchio', 'Museo Radio', 'San Fermo', 'Casa Giulietta']",Casa Giulietta,strategy_nearest,True,0.0027167797088623047,success
0445BD429C4C80,3,['Casa Giulietta'],Torre Lamberti,"['Sighseeing', 'Centro Fotografia', 'Museo Conte', 'Palazzo della Ragione', 'AMO']",Santa Anastasia,strategy_nearest,False,0.002753019332885742,success
0445BE429C4C80,1,"['Arena', 'Castelvecchio']",Palazzo della Ragione,"['AMO', 'Museo Conte', 'Torre Lamberti', 'Centro Fotografia', 'Sighseeing']",Torre Lamberti,strategy_nearest,True,0.0033600330352783203,success
0445DB429C4C80,3,"['Arena', 'Torre Lamberti', 'Duomo']",Teatro Romano,"['Santa Anastasia', 'AMO', 'Palazzo della Ragione', 'Museo Conte', 'Centro Fotografia']",Santa Anastasia,strategy_nearest,True,0.0017290115356445312,success
0445D5429C4C80,1,"['Arena', 'Casa Giulietta', 'Torre Lamberti']",Palazzo della Ragione,"['AMO', 'Museo Conte', 'Centro Fotografia', 'Sighseeing', 'Santa Anastasia']",Duomo,strategy_nearest,False,0.0032689571380615234,success
0445DE429C4C80,3,"['Arena', 'San Zeno', 'Duomo']",Santa Anastasia,"['AMO', 'Museo Conte', 'Palazzo della Ragione', 'Teatro Romano', 'Centro Fotografia']",San Fermo,strategy_nearest,False,0.0022399425506591797,success
0445F63A9C4C80,3,"['Castelvecchio', 'Arena']",Torre Lamberti,"['Sighseeing', 'Centro Fotografia', 'Museo Conte', 'Casa Giulietta', 'Palazzo della Ragione']",Santa Anastasia,strategy_nearest,False,0.0027921199798583984,success
0445ED429C4C80,2,['Casa Giulietta'],Duomo,"['AMO', 'Museo Miniscalchi', 'Santa Anastasia', 'Teatro Romano', 'Palazzo della Ragione']",Castelvecchio,strategy_nearest,False,0.0023500919342041016,success
0445F6429C4C80,2,"['Casa Giulietta', 'San Fermo']",Castelvecchio,"['Museo Lapidario', 'Verona Tour', 'Arena', 'Museo Radio', 'San Zeno']",Duomo,strategy_nearest,False,0.0022230148315429688,success
0445F9429C4C80,3,"['Duomo', 'Arena']",San Zeno,"['Castelvecchio', 'Verona Tour', 'Museo Lapidario', 'Museo Miniscalchi', 'Sighseeing']",Torre Lamberti,strategy_nearest,False,0.0024781227111816406,success
0446013A9C4C84,3,"['Arena', 'Casa Giulietta']",Santa Anastasia,"['AMO', 'Museo Conte', 'Palazzo della Ragione', 'Teatro Romano', 'Centro Fotografia']",Duomo,strategy_nearest,False,0.0023407936096191406,success
0445FB3A9C4C80,0,['Arena'],Casa Giulietta,"['Centro Fotografia', 'Sighseeing', 'Torre Lamberti', 'Museo Conte', 'Museo Radio']",Giardino Giusti,strategy_nearest,False,0.0036661624908447266,success
044602429C4C84,0,['Castelvecchio'],Arena,"['Verona Tour', 'Museo Lapidario', 'Museo Radio', 'San Fermo', 'Casa Giulietta']",Casa Giulietta,strategy_nearest,True,0.0025730133056640625,success
04460C3A9C4C84,1,['Arena'],Casa Giulietta,"['Centro Fotografia', 'Sighseeing', 'Torre Lamberti', 'Museo Conte', 'Museo Radio']",Torre Lamberti,strategy_nearest,True,0.002112865447998047,success
044603429C4C84,1,"['Teatro Romano', 'Duomo']",Castelvecchio,"['Museo Lapidario', 'Verona Tour', 'Arena', 'Museo Radio', 'San Zeno']",Arena,strategy_nearest,True,0.00304412841796875,success
0446073A9C4C84,3,['Arena'],Casa Giulietta,"['Centro Fotografia', 'Sighseeing', 'Torre Lamberti', 'Museo Conte', 'Museo Radio']",Santa Anastasia,strategy_nearest,False,0.002752065658569336,success
04460E3A9C4C84,1,['Arena'],Casa Giulietta,"['Centro Fotografia', 'Sighseeing', 'Torre Lamberti', 'Museo Conte', 'Museo Radio']",Palazzo della Ragione,strategy_nearest,False,0.0031349658966064453,success
04462D429C4C80,0,['Arena'],Castelvecchio,"['Museo Lapidario', 'Verona Tour', 'Museo Radio', 'San Zeno', 'Sighseeing']",Casa Giulietta,strategy_nearest,False,0.0014100074768066406,success
0446243A9C4C80,0,['Arena'],Casa Giulietta,"['Centro Fotografia', 'Sighseeing', 'Torre Lamberti', 'Museo Conte', 'Museo Radio']",Santa Anastasia,strategy_nearest,False,0.0027289390563964844,success
044614429C4C84,3,['Arena'],Casa Giulietta,"['Centro Fotografia', 'Sighseeing', 'Torre Lamberti', 'Museo Conte', 'Museo Radio']",Torre Lamberti,strategy_nearest,True,0.0033168792724609375,success
04462E3A9C4C80,2,"['Castelvecchio', 'Giardino Giusti']",Duomo,"['AMO', 'Museo Miniscalchi', 'Santa Anastasia', 'Teatro Romano', 'Palazzo della Ragione']",Santa Anastasia,strategy_nearest,True,0.003252267837524414,success
044637429C4C80,2,['Casa Giulietta'],Palazzo della Ragione,"['AMO', 'Museo Conte', 'Torre Lamberti', 'Centro Fotografia', 'Sighseeing']",Torre Lamberti,strategy_nearest,True,0.002025127410888672,success
044644429C4C80,1,"['Casa Giulietta', 'Tomba Giulietta', 'Arena']",Castelvecchio,"['Museo Lapidario', 'Verona Tour', 'Museo Radio', 'San Zeno', 'Sighseeing']",Palazzo della Ragione,strategy_nearest,False,0.001895904541015625,success
0446413A9C4C80,1,"['Arena', 'Casa Giulietta']",Palazzo della Ragione,"['AMO', 'Museo Conte', 'Torre Lamberti', 'Centro Fotografia', 'Sighseeing']",Santa Anastasia,strategy_nearest,False,0.003072977066040039,success
04464A3A9C4C80,3,"['Castelvecchio', 'Arena', 'San Fermo']",Teatro Romano,"['Santa Anastasia', 'Duomo', 'AMO', 'Palazzo della Ragione', 'Museo Conte']",Santa Anastasia,strategy_nearest,True,0.0030012130737304688,success
04464B429C4C80,0,['Arena'],Torre Lamberti,"['Sighseeing', 'Centro Fotografia', 'Museo Conte', 'Casa Giulietta', 'Palazzo della Ragione']",Castelvecchio,strategy_nearest,False,0.0021398067474365234,success
04465B429C4C80,0,['Arena'],Casa Giulietta,"['Centro Fotografia', 'Sighseeing', 'Torre Lamberti', 'Museo Conte', 'Museo Radio']",Tomba Giulietta,strategy_nearest,False,0.002775907516479492,success
04465F429C4C80,1,"['Arena', 'Museo Lapidario']",Casa Giulietta,"['Centro Fotografia', 'Sighseeing', 'Torre Lamberti', 'Museo Conte', 'Museo Radio']",Palazzo della Ragione,strategy_nearest,False,0.00331878662109375,success
0446713A9C4C80,0,['Arena'],Casa Giulietta,"['Centro Fotografia', 'Sighseeing', 'Torre Lamberti', 'Museo Conte', 'Museo Radio']",Torre Lamberti,strategy_nearest,True,0.003159046173095703,success
0446753A9C4C80,1,"['Castelvecchio', 'Arena']",Casa Giulietta,"['Centro Fotografia', 'Sighseeing', 'Torre Lamberti', 'Museo Conte', 'Museo Radio']",Torre Lamberti,strategy_nearest,True,0.0019769668579101562,success
0446723A9C4C80,0,"['Castelvecchio', 'Casa Giulietta']",Torre Lamberti,"['Sighseeing', 'Centro Fotografia', 'Museo Conte', 'Palazzo della Ragione', 'AMO']",Arena,strategy_nearest,False,0.002652883529663086,success
04467A3A9C4C80,1,"['Arena', 'Castelvecchio']",Duomo,"['AMO', 'Museo Miniscalchi', 'Santa Anastasia', 'Teatro Romano', 'Palazzo della Ragione']",Casa Giulietta,strategy_nearest,False,0.0033600330352783203,success
0446783A9C4C80,2,"['Casa Giulietta', 'San Fermo']",Palazzo della Ragione,"['AMO', 'Museo Conte', 'Torre Lamberti', 'Centro Fotografia', 'Sighseeing']",Santa Anastasia,strategy_nearest,False,0.002504110336303711,success
0446854A9C4C80,3,['Arena'],Casa Giulietta,"['Centro Fotografia', 'Sighseeing', 'Torre Lamberti', 'Museo Conte', 'Museo Radio']",Santa Anastasia,strategy_nearest,False,0.0025441646575927734,success
044683429C4C80,1,"['Arena', 'Casa Giulietta']",Torre Lamberti,"['Sighseeing', 'Centro Fotografia', 'Museo Conte', 'Palazzo della Ragione', 'AMO']",Palazzo della Ragione,strategy_nearest,True,0.0018963813781738281,success
04468C4A9C4C80,0,['Arena'],Casa Giulietta,"['Centro Fotografia', 'Sighseeing', 'Torre Lamberti', 'Museo Conte', 'Museo Radio']",Santa Anastasia,strategy_nearest,False,0.0025260448455810547,success
04468D3A9C4C80,1,"['Museo Lapidario', 'Arena']",Castelvecchio,"['Verona Tour', 'Museo Radio', 'San Zeno', 'Sighseeing', 'Museo Miniscalchi']",Casa Giulietta,strategy_nearest,False,0.0030088424682617188,success
0446A34A9C4C80,1,['Arena'],Palazzo della Ragione,"['AMO', 'Museo Conte', 'Torre Lamberti', 'Centro Fotografia', 'Sighseeing']",Torre Lamberti,strategy_nearest,True,0.003215789794921875,success
04468F4A9C4C80,2,"['Museo Lapidario', 'Casa Giulietta', 'Torre Lamberti']",Palazzo della Ragione,"['AMO', 'Museo Conte', 'Centro Fotografia', 'Sighseeing', 'Santa Anastasia']",Santa Anastasia,strategy_nearest,True,0.0032570362091064453,success
0446A74A9C4C80,0,['Arena'],Casa Giulietta,"['Centro Fotografia', 'Sighseeing', 'Torre Lamberti', 'Museo Conte', 'Museo Radio']",Palazzo della Ragione,strategy_nearest,False,0.0013298988342285156,success
0446AD429C4C80,0,['Arena'],Castelvecchio,"['Museo Lapidario', 'Verona Tour', 'Museo Radio', 'San Zeno', 'Sighseeing']",Torre Lamberti,strategy_nearest,False,0.0033006668090820312,success
0446AE429C4C80,1,"['Arena', 'Casa Giulietta']",Torre Lamberti,"['Sighseeing', 'Centro Fotografia', 'Museo Conte', 'Palazzo della Ragione', 'AMO']",Palazzo della Ragione,strategy_nearest,True,0.00189971923828125,success
0446AF429C4C80,1,"['Castelvecchio', 'Palazzo della Ragione']",Santa Anastasia,"['AMO', 'Museo Conte', 'Teatro Romano', 'Centro Fotografia', 'Duomo']",Duomo,strategy_nearest,True,0.002046823501586914,success
0446B13A9C4C80,0,"['Arena', 'San Zeno']",Castelvecchio,"['Museo Lapidario', 'Verona Tour', 'Museo Radio', 'Sighseeing', 'Museo Miniscalchi']",Tomba Giulietta,strategy_nearest,False,0.002948760986328125,success
0446BE3A9C4C80,0,['Arena'],Casa Giulietta,"['Centro Fotografia', 'Sighseeing', 'Torre Lamberti', 'Museo Conte', 'Museo Radio']",Castelvecchio,strategy_nearest,False,0.0025730133056640625,success
0446BB429C4C80,1,"['Casa Giulietta', 'Palazzo della Ragione']",Torre Lamberti,"['Sighseeing', 'Centro Fotografia', 'Museo Conte', 'AMO', 'Museo Miniscalchi']",Arena,strategy_nearest,False,0.0035200119018554688,success
0446C43A9C4C80,2,['Palazzo della Ragione'],Santa Anastasia,"['AMO', 'Museo Conte', 'Teatro Romano', 'Centro Fotografia', 'Duomo']",Casa Giulietta,strategy_nearest,False,0.0031790733337402344,success
0446C93A9C4C80,3,"['Arena', 'Casa Giulietta']",Santa Anastasia,"['AMO', 'Museo Conte', 'Palazzo della Ragione', 'Teatro Romano', 'Centro Fotografia']",Duomo,strategy_nearest,False,0.0023479461669921875,success
0446E53A9C4C80,0,['Arena'],Santa Anastasia,"['AMO', 'Museo Conte', 'Palazzo della Ragione', 'Teatro Romano', 'Centro Fotografia']",Tomba Giulietta,strategy_nearest,False,0.0018551349639892578,success
0446D3429C4C80,3,"['Casa Giulietta', 'Santa Anastasia']",Duomo,"['AMO', 'Museo Miniscalchi', 'Teatro Romano', 'Palazzo della Ragione', 'Museo Conte']",San Fermo,strategy_nearest,False,0.0032689571380615234,success
0446DD429C4C80,0,['Arena'],Duomo,"['AMO', 'Museo Miniscalchi', 'Santa Anastasia', 'Teatro Romano', 'Palazzo della Ragione']",Castelvecchio,strategy_nearest,False,0.0026540756225585938,success
0446E73A9C4C80,0,['Arena'],Castelvecchio,"['Museo Lapidario', 'Verona Tour', 'Museo Radio', 'San Zeno', 'Sighseeing']",Teatro Romano,strategy_nearest,False,0.0010800361633300781,success
0446ED429C4C80,2,['Casa Giulietta'],Santa Anastasia,"['AMO', 'Museo Conte', 'Palazzo della Ragione', 'Teatro Romano', 'Centro Fotografia']",Duomo,strategy_nearest,False,0.0021810531616210938,success
0446F0429C4C80,1,"['Casa Giulietta', 'San Zeno', 'San Fermo', 'Santa Anastasia']",Duomo,"['AMO', 'Museo Miniscalchi', 'Teatro Romano', 'Palazzo della Ragione', 'Museo Conte']",Castelvecchio,strategy_nearest,False,0.0027379989624023438,success
0446F23A9C4C80,0,['Arena'],Torre Lamberti,"['Sighseeing', 'Centro Fotografia', 'Museo Conte', 'Casa Giulietta', 'Palazzo della Ragione']",San Zeno,strategy_nearest,False,0.003124237060546875,success
0447023A9C4C84,3,"['Arena', 'Santa Anastasia']",Duomo,"['AMO', 'Museo Miniscalchi', 'Teatro Romano', 'Palazzo della Ragione', 'Museo Conte']",Casa Giulietta,strategy_nearest,False,0.003033161163330078,success
04470C3A9C4C84,3,['Arena'],Torre Lamberti,"['Sighseeing', 'Centro Fotografia', 'Museo Conte', 'Casa Giulietta', 'Palazzo della Ragione']",Casa Giulietta,strategy_nearest,True,0.0019459724426269531,success
0447083A9C4C84,3,"['Duomo', 'Santa Anastasia']",Torre Lamberti,"['Sighseeing', 'Centro Fotografia', 'Museo Conte', 'Casa Giulietta', 'Palazzo della Ragione']",Casa Giulietta,strategy_nearest,True,0.002557039260864258,success
04470E3A9C4C84,3,"['Arena', 'Casa Giulietta']",San Zeno,"['Castelvecchio', 'Verona Tour', 'Museo Lapidario', 'Museo Miniscalchi', 'Sighseeing']",Castelvecchio,strategy_nearest,True,0.002788066864013672,success
04470F429C4C84,3,"['Castelvecchio', 'Arena']",Torre Lamberti,"['Sighseeing', 'Centro Fotografia', 'Museo Conte', 'Casa Giulietta', 'Palazzo della Ragione']",Santa Anastasia,strategy_nearest,False,0.0018887519836425781,success
044712429C4C84,3,"['Arena', 'Casa Giulietta']",Torre Lamberti,"['Sighseeing', 'Centro Fotografia', 'Museo Conte', 'Palazzo della Ragione', 'AMO']",Santa Anastasia,strategy_nearest,False,0.002621889114379883,success
044713429C4C84,3,['Arena'],Torre Lamberti,"['Sighseeing', 'Centro Fotografia', 'Museo Conte', 'Casa Giulietta', 'Palazzo della Ragione']",Santa Anastasia,strategy_nearest,False,0.0033462047576904297,success
0447233A9C4C80,2,['San Fermo'],Torre Lamberti,"['Sighseeing', 'Centro Fotografia', 'Museo Conte', 'Casa Giulietta', 'Palazzo della Ragione']",Castelvecchio,strategy_nearest,False,0.002991914749145508,success
0447143A9C4C84,3,['Arena'],Casa Giulietta,"['Centro Fotografia', 'Sighseeing', 'Torre Lamberti', 'Museo Conte', 'Museo Radio']",Santa Anastasia,strategy_nearest,False,0.0025119781494140625,success
0447253A9C4C80,0,['Arena'],Casa Giulietta,"['Centro Fotografia', 'Sighseeing', 'Torre Lamberti', 'Museo Conte', 'Museo Radio']",Teatro Romano,strategy_nearest,False,0.0022308826446533203,success
0447283A9C4C80,1,"['Arena', 'Casa Giulietta', 'San Zeno']",Torre Lamberti,"['Sighseeing', 'Centro Fotografia', 'Museo Conte', 'Palazzo della Ragione', 'AMO']",Palazzo della Ragione,strategy_nearest,True,0.002711057662963867,success
0447263A9C4C80,1,['Arena'],Casa Giulietta,"['Centro Fotografia', 'Sighseeing', 'Torre Lamberti', 'Museo Conte', 'Museo Radio']",Torre Lamberti,strategy_nearest,True,0.0021419525146484375,success
044729429C4C80,3,"['Arena', 'San Fermo', 'Torre Lamberti']",Santa Anastasia,"['AMO', 'Museo Conte', 'Palazzo della Ragione', 'Teatro Romano', 'Centro Fotografia']",Duomo,strategy_nearest,False,0.00327301025390625,success
0447314A9C4C80,0,['Casa Giulietta'],Arena,"['Verona Tour', 'Museo Lapidario', 'Museo Radio', 'San Fermo', 'Sighseeing']",Tomba Giulietta,strategy_nearest,False,0.0015680789947509766,success
04472D3A9C4C80,0,['Arena'],Casa Giulietta,"['Centro Fotografia', 'Sighseeing', 'Torre Lamberti', 'Museo Conte', 'Museo Radio']",Santa Anastasia,strategy_nearest,False,0.0028269290924072266,success
0447353A9C4C80,3,"['Arena', 'Castelvecchio']",Santa Anastasia,"['AMO', 'Museo Conte', 'Palazzo della Ragione', 'Teatro Romano', 'Centro Fotografia']",Casa Giulietta,strategy_nearest,False,0.0033578872680664062,success
04472D429C4C80,3,"['Arena', 'San Zeno']",Teatro Romano,"['Santa Anastasia', 'Duomo', 'AMO', 'Palazzo della Ragione', 'Museo Conte']",Duomo,strategy_nearest,True,0.0021779537200927734,success
0447374A9C4C80,1,"['San Zeno', 'Castelvecchio']",Arena,"['Verona Tour', 'Museo Lapidario', 'Museo Radio', 'San Fermo', 'Casa Giulietta']",Casa Giulietta,strategy_nearest,True,0.002357006072998047,success
044737429C4C80,3,['Torre Lamberti'],Santa Anastasia,"['AMO', 'Museo Conte', 'Palazzo della Ragione', 'Teatro Romano', 'Centro Fotografia']",Casa Giulietta,strategy_nearest,False,0.0018668174743652344,success
044744429C4C80,3,"['Arena', 'San Fermo', 'Casa Giulietta', 'Torre Lamberti']",Santa Anastasia,"['AMO', 'Museo Conte', 'Palazzo della Ragione', 'Teatro Romano', 'Centro Fotografia']",Duomo,strategy_nearest,False,0.0022699832916259766,success
0447443A9C4C80,3,"['Santa Anastasia', 'Duomo', 'Teatro Romano']",Torre Lamberti,"['Sighseeing', 'Centro Fotografia', 'Museo Conte', 'Casa Giulietta', 'Palazzo della Ragione']",Casa Giulietta,strategy_nearest,True,0.0030660629272460938,success
04475A429C4C80,2,['Castelvecchio'],Duomo,"['AMO', 'Museo Miniscalchi', 'Santa Anastasia', 'Teatro Romano', 'Palazzo della Ragione']",Casa Giulietta,strategy_nearest,False,0.0014240741729736328,success
04474F3A9C4C80,6,['Arena'],Casa Giulietta,"['Centro Fotografia', 'Sighseeing', 'Torre Lamberti', 'Museo Conte', 'Museo Radio']",Santa Anastasia,strategy_nearest,False,0.0032739639282226562,success
0447673A9C4C80,3,"['Torre Lamberti', 'Arena', 'Castelvecchio', 'Arena']",Tomba Giulietta,"['San Fermo', 'Museo Storia', 'Museo Lapidario', 'Museo Radio', 'Verona Tour']",San Fermo,strategy_nearest,True,0.0025098323822021484,success
04476B429C4C80,1,"['Palazzo della Ragione', 'Santa Anastasia', 'Casa Giulietta']",Arena,"['Verona Tour', 'Museo Lapidario', 'Museo Radio', 'San Fermo', 'Sighseeing']",San Zeno,strategy_nearest,False,0.003125905990600586,success
0447753A9C4C80,3,"['Arena', 'Casa Giulietta']",Santa Anastasia,"['AMO', 'Museo Conte', 'Palazzo della Ragione', 'Teatro Romano', 'Centro Fotografia']",Giardino Giusti,strategy_nearest,False,0.001753091812133789,success
04477A3A9C4C80,1,"['Casa Giulietta', 'Torre Lamberti', 'Palazzo della Ragione']",Santa Anastasia,"['AMO', 'Museo Conte', 'Teatro Romano', 'Centro Fotografia', 'Duomo']",Arena,strategy_nearest,False,0.0027141571044921875,success
04477A4A9C4C80,1,['Arena'],Castelvecchio,"['Museo Lapidario', 'Verona Tour', 'Museo Radio', 'San Zeno', 'Sighseeing']",Museo Lapidario,strategy_nearest,True,0.001911163330078125,success
04477F4A9C4C80,0,"['Tomba Giulietta', 'Arena']",Casa Giulietta,"['Centro Fotografia', 'Sighseeing', 'Torre Lamberti', 'Museo Conte', 'Museo Radio']",Teatro Romano,strategy_nearest,False,0.003016948699951172,success
044783429C4C80,0,['Arena'],Casa Giulietta,"['Centro Fotografia', 'Sighseeing', 'Torre Lamberti', 'Museo Conte', 'Museo Radio']",Torre Lamberti,strategy_nearest,True,0.0019910335540771484,success
044786429C4C80,0,['Arena'],Santa Anastasia,"['AMO', 'Museo Conte', 'Palazzo della Ragione', 'Teatro Romano', 'Centro Fotografia']",Casa Giulietta,strategy_nearest,False,0.0018298625946044922,success
0447853A9C4C80,0,['Arena'],Casa Giulietta,"['Centro Fotografia', 'Sighseeing', 'Torre Lamberti', 'Museo Conte', 'Museo Radio']",Torre Lamberti,strategy_nearest,True,0.0028030872344970703,success
04478E429C4C80,3,"['Arena', 'Museo Lapidario']",San Fermo,"['Museo Storia', 'Museo Radio', 'Casa Giulietta', 'Centro Fotografia', 'Sighseeing']",Santa Anastasia,strategy_nearest,False,0.0029439926147460938,success
044798429C4C80,3,"['Arena', 'San Zeno']",Torre Lamberti,"['Sighseeing', 'Centro Fotografia', 'Museo Conte', 'Casa Giulietta', 'Palazzo della Ragione']",Duomo,strategy_nearest,False,0.0019049644470214844,success
0447904A9C4C80,2,['Teatro Romano'],Santa Anastasia,"['AMO', 'Museo Conte', 'Palazzo della Ragione', 'Centro Fotografia', 'Duomo']",Torre Lamberti,strategy_nearest,False,0.0023751258850097656,success
0447A4429C4C80,0,"['Arena', 'Museo Lapidario', 'Castelvecchio']",Casa Giulietta,"['Centro Fotografia', 'Sighseeing', 'Torre Lamberti', 'Museo Conte', 'Museo Radio']",Torre Lamberti,strategy_nearest,True,0.0024788379669189453,success
0447AC3A9C4C80,2,['Torre Lamberti'],Tomba Giulietta,"['San Fermo', 'Museo Storia', 'Arena', 'Museo Lapidario', 'Museo Radio']",Teatro Romano,strategy_nearest,False,0.002421140670776367,success
0447B2429C4C80,0,['Arena'],Castelvecchio,"['Museo Lapidario', 'Verona Tour', 'Museo Radio', 'San Zeno', 'Sighseeing']",Casa Giulietta,strategy_nearest,False,0.0024871826171875,success
0447B0429C4C80,1,['Arena'],Tomba Giulietta,"['San Fermo', 'Museo Storia', 'Museo Lapidario', 'Museo Radio', 'Verona Tour']",Torre Lamberti,strategy_nearest,False,0.0020139217376708984,success
0447B93A9C4C80,0,"['Arena', 'San Fermo']",Museo Storia,"['Museo Radio', 'Casa Giulietta', 'Centro Fotografia', 'Tomba Giulietta', 'Torre Lamberti']",Casa Giulietta,strategy_nearest,True,0.0030279159545898438,success
0447BE3A9C4C80,3,['Arena'],Casa Giulietta,"['Centro Fotografia', 'Sighseeing', 'Torre Lamberti', 'Museo Conte', 'Museo Radio']",Duomo,strategy_nearest,False,0.0022330284118652344,success
0447B7429C4C80,0,"['Casa Giulietta', 'Duomo']",Teatro Romano,"['Santa Anastasia', 'AMO', 'Palazzo della Ragione', 'Museo Conte', 'Centro Fotografia']",Arena,strategy_nearest,False,0.003336191177368164,success
0447C03A9C4C80,1,"['San Zeno', 'Castelvecchio', 'Arena']",Casa Giulietta,"['Centro Fotografia', 'Sighseeing', 'Torre Lamberti', 'Museo Conte', 'Museo Radio']",Palazzo della Ragione,strategy_nearest,False,0.002110004425048828,success
0447BF3A9C4C80,3,['Arena'],Santa Anastasia,"['AMO', 'Museo Conte', 'Palazzo della Ragione', 'Teatro Romano', 'Centro Fotografia']",Torre Lamberti,strategy_nearest,False,0.0014450550079345703,success
0447C3429C4C80,0,['Arena'],Castelvecchio,"['Museo Lapidario', 'Verona Tour', 'Museo Radio', 'San Zeno', 'Sighseeing']",Casa Giulietta,strategy_nearest,False,0.0026092529296875,success
0447C53A9C4C80,0,['Arena'],Casa Giulietta,"['Centro Fotografia', 'Sighseeing', 'Torre Lamberti', 'Museo Conte', 'Museo Radio']",Castelvecchio,strategy_nearest,False,0.0031480789184570312,success
0447CA3A9C4C80,3,['Arena'],Casa Giulietta,"['Centro Fotografia', 'Sighseeing', 'Torre Lamberti', 'Museo Conte', 'Museo Radio']",Torre Lamberti,strategy_nearest,True,0.001786947250366211,success
0447CB3A9C4C80,0,"['Arena', 'Casa Giulietta']",Duomo,"['AMO', 'Museo Miniscalchi', 'Santa Anastasia', 'Teatro Romano', 'Palazzo della Ragione']",Teatro Romano,strategy_nearest,True,0.0012159347534179688,success
0447D6429C4C80,1,"['Arena', 'Casa Giulietta', 'Castelvecchio']",Torre Lamberti,"['Sighseeing', 'Centro Fotografia', 'Museo Conte', 'Palazzo della Ragione', 'AMO']",Palazzo della Ragione,strategy_nearest,True,0.0032782554626464844,success
0447D73A9C4C80,0,"['Tomba Giulietta', 'Arena']",Castelvecchio,"['Museo Lapidario', 'Verona Tour', 'Museo Radio', 'San Zeno', 'Sighseeing']",Casa Giulietta,strategy_nearest,False,0.0026848316192626953,success
0447D93A9C4C80,3,"['Arena', 'Casa Giulietta', 'San Fermo', 'Torre Lamberti']",Santa Anastasia,"['AMO', 'Museo Conte', 'Palazzo della Ragione', 'Teatro Romano', 'Centro Fotografia']",Teatro Romano,strategy_nearest,True,0.0034041404724121094,success
0447E1429C4C80,0,['Arena'],Castelvecchio,"['Museo Lapidario', 'Verona Tour', 'Museo Radio', 'San Zeno', 'Sighseeing']",Casa Giulietta,strategy_nearest,False,0.00244140625,success
0447DE3A9C4C80,0,['Arena'],Torre Lamberti,"['Sighseeing', 'Centro Fotografia', 'Museo Conte', 'Casa Giulietta', 'Palazzo della Ragione']",Castelvecchio,strategy_nearest,False,0.0024871826171875,success
0447F83A9C4C80,1,"['Arena', 'Torre Lamberti', 'Palazzo della Ragione']",Casa Giulietta,"['Centro Fotografia', 'Sighseeing', 'Museo Conte', 'Museo Radio', 'San Fermo']",San Fermo,strategy_nearest,True,0.002813100814819336,success
0448023A9C4C84,0,"['Arena', 'Casa Giulietta']",Teatro Romano,"['Santa Anastasia', 'Duomo', 'AMO', 'Palazzo della Ragione', 'Museo Conte']",Castelvecchio,strategy_nearest,False,0.002670764923095703,success
0448043A9C4C84,3,['Arena'],Casa Giulietta,"['Centro Fotografia', 'Sighseeing', 'Torre Lamberti', 'Museo Conte', 'Museo Radio']",Santa Anastasia,strategy_nearest,False,0.0014069080352783203,success
04480E3A9C4C84,0,"['Arena', 'Torre Lamberti']",Casa Giulietta,"['Centro Fotografia', 'Sighseeing', 'Museo Conte', 'Museo Radio', 'Palazzo della Ragione']",Duomo,strategy_nearest,False,0.0020437240600585938,success
0448113A9C4C84,0,['Arena'],Castelvecchio,"['Museo Lapidario', 'Verona Tour', 'Museo Radio', 'San Zeno', 'Sighseeing']",Teatro Romano,strategy_nearest,False,0.0031731128692626953,success
044812429C4C84,0,['Arena'],Casa Giulietta,"['Centro Fotografia', 'Sighseeing', 'Torre Lamberti', 'Museo Conte', 'Museo Radio']",Teatro Romano,strategy_nearest,False,0.0022268295288085938,success
044822BA7B3F80,2,['Casa Giulietta'],Palazzo della Ragione,"['AMO', 'Museo Conte', 'Torre Lamberti', 'Centro Fotografia', 'Sighseeing']",Torre Lamberti,strategy_nearest,True,0.003541231155395508,success
0448233A9C4C80,0,"['Arena', 'Casa Giulietta']",Torre Lamberti,"['Sighseeing', 'Centro Fotografia', 'Museo Conte', 'Palazzo della Ragione', 'AMO']",Teatro Romano,strategy_nearest,False,0.0022149085998535156,success
04482C4A9C4C80,0,"['Torre Lamberti', 'Casa Giulietta']",Arena,"['Verona Tour', 'Museo Lapidario', 'Museo Radio', 'San Fermo', 'Sighseeing']",Tomba Giulietta,strategy_nearest,False,0.003398895263671875,success
04482D4A9C4C80,0,"['Arena', 'Casa Giulietta', 'Museo Storia']",Teatro Romano,"['Santa Anastasia', 'Duomo', 'AMO', 'Palazzo della Ragione', 'Museo Conte']",Castelvecchio,strategy_nearest,False,0.001108407974243164,success
04483E3A9C4C80,1,"['Arena', 'Casa Giulietta']",Torre Lamberti,"['Sighseeing', 'Centro Fotografia', 'Museo Conte', 'Palazzo della Ragione', 'AMO']",Palazzo della Ragione,strategy_nearest,True,0.0020782947540283203,success
04485D429C4C80,3,"['Duomo', 'Santa Anastasia']",Torre Lamberti,"['Sighseeing', 'Centro Fotografia', 'Museo Conte', 'Casa Giulietta', 'Palazzo della Ragione']",San Fermo,strategy_nearest,False,0.0026199817657470703,success
044831429C4C80,2,"['Teatro Romano', 'Santa Anastasia']",Torre Lamberti,"['Sighseeing', 'Centro Fotografia', 'Museo Conte', 'Casa Giulietta', 'Palazzo della Ragione']",Casa Giulietta,strategy_nearest,True,0.0033800601959228516,success
044872429C4C80,1,['Arena'],Casa Giulietta,"['Centro Fotografia', 'Sighseeing', 'Torre Lamberti', 'Museo Conte', 'Museo Radio']",Palazzo della Ragione,strategy_nearest,False,0.0024690628051757812,success
04487D3A9C4C80,4,"['Museo Radio', 'Tomba Giulietta']",Casa Giulietta,"['Centro Fotografia', 'Sighseeing', 'Torre Lamberti', 'Museo Conte', 'Palazzo della Ragione']",Torre Lamberti,strategy_nearest,True,0.003258943557739258,success
0448743A9C4C80,3,['Arena'],Casa Giulietta,"['Centro Fotografia', 'Sighseeing', 'Torre Lamberti', 'Museo Conte', 'Museo Radio']",Torre Lamberti,strategy_nearest,True,0.0023212432861328125,success
044886429C4C80,1,"['Arena', 'Casa Giulietta']",Torre Lamberti,"['Sighseeing', 'Centro Fotografia', 'Museo Conte', 'Palazzo della Ragione', 'AMO']",Palazzo della Ragione,strategy_nearest,True,0.0038373470306396484,success
04488B429C4C80,1,"['Arena', 'Casa Giulietta']",Torre Lamberti,"['Sighseeing', 'Centro Fotografia', 'Museo Conte', 'Palazzo della Ragione', 'AMO']",Palazzo della Ragione,strategy_nearest,True,0.002309083938598633,success
0448874A9C4C80,0,['Arena'],Casa Giulietta,"['Centro Fotografia', 'Sighseeing', 'Torre Lamberti', 'Museo Conte', 'Museo Radio']",Teatro Romano,strategy_nearest,False,0.0024042129516601562,success
04488C4A9C4C80,2,['Castelvecchio'],San Zeno,"['Verona Tour', 'Museo Lapidario', 'Arena', 'Museo Miniscalchi', 'Sighseeing']",Duomo,strategy_nearest,False,0.0030341148376464844,success
04488D429C4C80,1,"['Arena', 'Museo Lapidario', 'Torre Lamberti', 'Palazzo della Ragione']",Casa Giulietta,"['Centro Fotografia', 'Sighseeing', 'Museo Conte', 'Museo Radio', 'San Fermo']",Santa Anastasia,strategy_nearest,False,0.0023360252380371094,success
0448934A9C4C80,2,"['Palazzo della Ragione', 'Torre Lamberti']",Casa Giulietta,"['Centro Fotografia', 'Sighseeing', 'Museo Conte', 'Museo Radio', 'San Fermo']",Santa Anastasia,strategy_nearest,False,0.0017588138580322266,success
04488F429C4C80,0,['Arena'],Castelvecchio,"['Museo Lapidario', 'Verona Tour', 'Museo Radio', 'San Zeno', 'Sighseeing']",Teatro Romano,strategy_nearest,False,0.002414226531982422,success
04489E429C4C80,0,['Arena'],Castelvecchio,"['Museo Lapidario', 'Verona Tour', 'Museo Radio', 'San Zeno', 'Sighseeing']",Casa Giulietta,strategy_nearest,False,0.0019259452819824219,success
04489A429C4C80,1,"['Arena', 'Torre Lamberti']",Palazzo della Ragione,"['AMO', 'Museo Conte', 'Centro Fotografia', 'Sighseeing', 'Santa Anastasia']",Santa Anastasia,strategy_nearest,True,0.0033609867095947266,success
0448A74A9C4C80,1,"['Teatro Romano', 'Arena']",Torre Lamberti,"['Sighseeing', 'Centro Fotografia', 'Museo Conte', 'Casa Giulietta', 'Palazzo della Ragione']",Palazzo della Ragione,strategy_nearest,True,0.0023958683013916016,success
0448A14A9C4C80,1,['Arena'],Casa Giulietta,"['Centro Fotografia', 'Sighseeing', 'Torre Lamberti', 'Museo Conte', 'Museo Radio']",Torre Lamberti,strategy_nearest,True,0.0032911300659179688,success
0448AB429C4C80,1,"['Arena', 'Museo Lapidario']",Casa Giulietta,"['Centro Fotografia', 'Sighseeing', 'Torre Lamberti', 'Museo Conte', 'Museo Radio']",Palazzo della Ragione,strategy_nearest,False,0.0019249916076660156,success
0448AB3A9C4C80,3,['Torre Lamberti'],Santa Anastasia,"['AMO', 'Museo Conte', 'Palazzo della Ragione', 'Teatro Romano', 'Centro Fotografia']",Arena,strategy_nearest,False,0.0012347698211669922,success
0448B33A9C4C80,2,"['Teatro Romano', 'Duomo']",Santa Anastasia,"['AMO', 'Museo Conte', 'Palazzo della Ragione', 'Centro Fotografia', 'Torre Lamberti']",Castelvecchio,strategy_nearest,False,0.0027239322662353516,success
0448B93A9C4C80,1,['Arena'],Casa Giulietta,"['Centro Fotografia', 'Sighseeing', 'Torre Lamberti', 'Museo Conte', 'Museo Radio']",Palazzo della Ragione,strategy_nearest,False,0.0016679763793945312,success
0448B63A9C4C80,0,['Tomba Giulietta'],Arena,"['Verona Tour', 'Museo Lapidario', 'Museo Radio', 'San Fermo', 'Casa Giulietta']",Casa Giulietta,strategy_nearest,True,0.0038199424743652344,success
0448C0429C4C80,2,['Castelvecchio'],Teatro Romano,"['Santa Anastasia', 'Duomo', 'AMO', 'Palazzo della Ragione', 'Museo Conte']",Giardino Giusti,strategy_nearest,False,0.0029549598693847656,success
0448C4429C4C80,1,"['Arena', 'Torre Lamberti', 'Palazzo della Ragione']",Casa Giulietta,"['Centro Fotografia', 'Sighseeing', 'Museo Conte', 'Museo Radio', 'San Fermo']",San Fermo,strategy_nearest,True,0.0025892257690429688,success
0448C53A9C4C80,0,"['Arena', 'Casa Giulietta']",Torre Lamberti,"['Sighseeing', 'Centro Fotografia', 'Museo Conte', 'Palazzo della Ragione', 'AMO']",Teatro Romano,strategy_nearest,False,0.0017180442810058594,success
0448C8429C4C80,3,"['Casa Giulietta', 'Santa Anastasia']",Duomo,"['AMO', 'Museo Miniscalchi', 'Teatro Romano', 'Palazzo della Ragione', 'Museo Conte']",Arena,strategy_nearest,False,0.0024499893188476562,success
0448D3429C4C80,2,"['Torre Lamberti', 'Casa Giulietta', 'Castelvecchio']",Duomo,"['AMO', 'Museo Miniscalchi', 'Santa Anastasia', 'Teatro Romano', 'Palazzo della Ragione']",Teatro Romano,strategy_nearest,True,0.002174854278564453,success
0448F63A9C4C80,3,"['Arena', 'Casa Giulietta']",Teatro Romano,"['Santa Anastasia', 'Duomo', 'AMO', 'Palazzo della Ragione', 'Museo Conte']",Duomo,strategy_nearest,True,0.0025582313537597656,success
0448DC3A9C4C80,2,['Castelvecchio'],San Zeno,"['Verona Tour', 'Museo Lapidario', 'Arena', 'Museo Miniscalchi', 'Sighseeing']",Torre Lamberti,strategy_nearest,False,0.0026700496673583984,success
0448D93A9C4C80,2,"['Tomba Giulietta', 'San Fermo']",Casa Giulietta,"['Centro Fotografia', 'Sighseeing', 'Torre Lamberti', 'Museo Conte', 'Museo Radio']",Palazzo della Ragione,strategy_nearest,False,0.002023935317993164,success
0448F73A9C4C80,3,"['Arena', 'Museo Lapidario', 'Castelvecchio']",Casa Giulietta,"['Centro Fotografia', 'Sighseeing', 'Torre Lamberti', 'Museo Conte', 'Museo Radio']",Tomba Giulietta,strategy_nearest,False,0.0029020309448242188,success
0448FA429C4C80,0,"['Duomo', 'Casa Giulietta']",Arena,"['Verona Tour', 'Museo Lapidario', 'Museo Radio', 'San Fermo', 'Sighseeing']",Museo Lapidario,strategy_nearest,True,0.0017940998077392578,success
0449093A9C4C84,3,"['Arena', 'Castelvecchio']",Duomo,"['AMO', 'Museo Miniscalchi', 'Santa Anastasia', 'Teatro Romano', 'Palazzo della Ragione']",Santa Anastasia,strategy_nearest,True,0.002337932586669922,success
04490A3A9C4C84,1,"['Casa Giulietta', 'Arena']",Torre Lamberti,"['Sighseeing', 'Centro Fotografia', 'Museo Conte', 'Palazzo della Ragione', 'AMO']",Palazzo della Ragione,strategy_nearest,True,0.0025322437286376953,success
04490C429C4C84,3,['Arena'],Casa Giulietta,"['Centro Fotografia', 'Sighseeing', 'Torre Lamberti', 'Museo Conte', 'Museo Radio']",Santa Anastasia,strategy_nearest,False,0.0017840862274169922,success
0449293A9C4C80,0,"['Arena', 'Castelvecchio']",Casa Giulietta,"['Centro Fotografia', 'Sighseeing', 'Torre Lamberti', 'Museo Conte', 'Museo Radio']",Torre Lamberti,strategy_nearest,True,0.0018858909606933594,success
044913429C4C84,0,['Casa Giulietta'],Duomo,"['AMO', 'Museo Miniscalchi', 'Santa Anastasia', 'Teatro Romano', 'Palazzo della Ragione']",Teatro Romano,strategy_nearest,True,0.0026302337646484375,success
044936429C4C80,3,"['Arena', 'Castelvecchio', 'Torre Lamberti']",Duomo,"['AMO', 'Museo Miniscalchi', 'Santa Anastasia', 'Teatro Romano', 'Palazzo della Ragione']",Teatro Romano,strategy_nearest,True,0.0022630691528320312,success
0449443A9C4C80,2,"['Casa Giulietta', 'Torre Lamberti', 'Palazzo della Ragione']",Duomo,"['AMO', 'Museo Miniscalchi', 'Santa Anastasia', 'Teatro Romano', 'Museo Conte']",Teatro Romano,strategy_nearest,True,0.001628875732421875,success
04494F429C4C80,0,['Tomba Giulietta'],Torre Lamberti,"['Sighseeing', 'Centro Fotografia', 'Museo Conte', 'Casa Giulietta', 'Palazzo della Ragione']",Casa Giulietta,strategy_nearest,True,0.0025429725646972656,success
044945429C4C80,0,['Castelvecchio'],San Zeno,"['Verona Tour', 'Museo Lapidario', 'Arena', 'Museo Miniscalchi', 'Sighseeing']",Arena,strategy_nearest,True,0.0018320083618164062,success
044957429C4C80,3,['Arena'],Torre Lamberti,"['Sighseeing', 'Centro Fotografia', 'Museo Conte', 'Casa Giulietta', 'Palazzo della Ragione']",Santa Anastasia,strategy_nearest,False,0.002996206283569336,success
04495D429C4C80,3,"['Arena', 'Casa Giulietta']",Torre Lamberti,"['Sighseeing', 'Centro Fotografia', 'Museo Conte', 'Palazzo della Ragione', 'AMO']",Duomo,strategy_nearest,False,0.002929210662841797,success
044966429C4C80,0,['Arena'],Casa Giulietta,"['Centro Fotografia', 'Sighseeing', 'Torre Lamberti', 'Museo Conte', 'Museo Radio']",Torre Lamberti,strategy_nearest,True,0.0026869773864746094,success
04496A3A9C4C80,0,['Casa Giulietta'],Arena,"['Verona Tour', 'Museo Lapidario', 'Museo Radio', 'San Fermo', 'Sighseeing']",San Zeno,strategy_nearest,False,0.0019078254699707031,success
04496F3A9C4C80,2,"['Castelvecchio', 'Tomba Giulietta']",Teatro Romano,"['Santa Anastasia', 'Duomo', 'AMO', 'Palazzo della Ragione', 'Museo Conte']",Santa Anastasia,strategy_nearest,True,0.0022068023681640625,success
04496F429C4C80,0,['Arena'],Torre Lamberti,"['Sighseeing', 'Centro Fotografia', 'Museo Conte', 'Casa Giulietta', 'Palazzo della Ragione']",Casa Giulietta,strategy_nearest,True,0.002305746078491211,success
0449723A9C4C80,1,"['Tomba Giulietta', 'Arena', 'Casa Giulietta']",Torre Lamberti,"['Sighseeing', 'Centro Fotografia', 'Museo Conte', 'Palazzo della Ragione', 'AMO']",Palazzo della Ragione,strategy_nearest,True,0.0026350021362304688,success
0449733A9C4C80,0,['Arena'],Casa Giulietta,"['Centro Fotografia', 'Sighseeing', 'Torre Lamberti', 'Museo Conte', 'Museo Radio']",Castelvecchio,strategy_nearest,False,0.0028231143951416016,success
0449753A9C4C80,2,['Casa Giulietta'],Santa Anastasia,"['AMO', 'Museo Conte', 'Palazzo della Ragione', 'Teatro Romano', 'Centro Fotografia']",Duomo,strategy_nearest,False,0.003366231918334961,success
04497C3A9C4C80,3,"['San Fermo', 'Torre Lamberti']",Teatro Romano,"['Santa Anastasia', 'Duomo', 'AMO', 'Palazzo della Ragione', 'Museo Conte']",Arena,strategy_nearest,False,0.0031518936157226562,success
044987429C4C80,1,['Arena'],Torre Lamberti,"['Sighseeing', 'Centro Fotografia', 'Museo Conte', 'Casa Giulietta', 'Palazzo della Ragione']",Palazzo della Ragione,strategy_nearest,True,0.002543210983276367,success
044986429C4C80,2,['Casa Giulietta'],Torre Lamberti,"['Sighseeing', 'Centro Fotografia', 'Museo Conte', 'Palazzo della Ragione', 'AMO']",Palazzo della Ragione,strategy_nearest,True,0.003287076950073242,success
0449883A9C4C80,1,"['Castelvecchio', 'Arena', 'Casa Giulietta']",Torre Lamberti,"['Sighseeing', 'Centro Fotografia', 'Museo Conte', 'Palazzo della Ragione', 'AMO']",Palazzo della Ragione,strategy_nearest,True,0.0024566650390625,success
044989429C4C80,0,['Arena'],Castelvecchio,"['Museo Lapidario', 'Verona Tour', 'Museo Radio', 'San Zeno', 'Sighseeing']",Casa Giulietta,strategy_nearest,False,0.0029838085174560547,success
04498D4A9C4C80,3,"['Santa Anastasia', 'Torre Lamberti']",Casa Giulietta,"['Centro Fotografia', 'Sighseeing', 'Museo Conte', 'Museo Radio', 'Palazzo della Ragione']",Arena,strategy_nearest,False,0.0025920867919921875,success
04498D3A9C4C80,2,['Teatro Romano'],Duomo,"['AMO', 'Museo Miniscalchi', 'Santa Anastasia', 'Palazzo della Ragione', 'Museo Conte']",Castelvecchio,strategy_nearest,False,0.0032067298889160156,success
04498B3A9C4C80,2,['Museo Lapidario'],Museo Storia,"['San Fermo', 'Museo Radio', 'Casa Giulietta', 'Centro Fotografia', 'Tomba Giulietta']",Torre Lamberti,strategy_nearest,False,0.001986980438232422,success
04498E429C4C80,3,"['Arena', 'Santa Anastasia']",Duomo,"['AMO', 'Museo Miniscalchi', 'Teatro Romano', 'Palazzo della Ragione', 'Museo Conte']",Castelvecchio,strategy_nearest,False,0.0029289722442626953,success
044990429C4C80,1,['Arena'],Castelvecchio,"['Museo Lapidario', 'Verona Tour', 'Museo Radio', 'San Zeno', 'Sighseeing']",Casa Giulietta,strategy_nearest,False,0.0025980472564697266,success
04499A429C4C80,2,"['Museo Lapidario', 'Castelvecchio', 'Tomba Giulietta']",San Fermo,"['Museo Storia', 'Museo Radio', 'Casa Giulietta', 'Centro Fotografia', 'Arena']",Casa Giulietta,strategy_nearest,True,0.002002239227294922,success
0449A34A9C4C80,2,"['Castelvecchio', 'Casa Giulietta', 'Tomba Giulietta']",Teatro Romano,"['Santa Anastasia', 'Duomo', 'AMO', 'Palazzo della Ragione', 'Museo Conte']",Santa Anastasia,strategy_nearest,True,0.0031468868255615234,success
0449B8429C4C80,3,"['Arena', 'Tomba Giulietta', 'San Fermo']",Casa Giulietta,"['Centro Fotografia', 'Sighseeing', 'Torre Lamberti', 'Museo Conte', 'Museo Radio']",Santa Anastasia,strategy_nearest,False,0.002978086471557617,success
0449BB429C4C80,3,['Arena'],Santa Anastasia,"['AMO', 'Museo Conte', 'Palazzo della Ragione', 'Teatro Romano', 'Centro Fotografia']",Torre Lamberti,strategy_nearest,False,0.0017592906951904297,success
0449B93A9C4C80,3,"['Arena', 'Casa Giulietta']",Santa Anastasia,"['AMO', 'Museo Conte', 'Palazzo della Ragione', 'Teatro Romano', 'Centro Fotografia']",Duomo,strategy_nearest,False,0.0024378299713134766,success
0449BF3A9C4C80,3,"['Arena', 'Santa Anastasia']",Teatro Romano,"['Duomo', 'AMO', 'Palazzo della Ragione', 'Museo Conte', 'Centro Fotografia']",Torre Lamberti,strategy_nearest,False,0.003242969512939453,success
0449C13A9C4C80,3,['Arena'],Castelvecchio,"['Museo Lapidario', 'Verona Tour', 'Museo Radio', 'San Zeno', 'Sighseeing']",Santa Anastasia,strategy_nearest,False,0.0017328262329101562,success
0449C7429C4C80,0,['Castelvecchio'],Arena,"['Verona Tour', 'Museo Lapidario', 'Museo Radio', 'San Fermo', 'Casa Giulietta']",Casa Giulietta,strategy_nearest,True,0.0024869441986083984,success
0449CE429C4C80,3,"['Arena', 'Torre Lamberti', 'Giardino Giusti']",Teatro Romano,"['Santa Anastasia', 'Duomo', 'AMO', 'Palazzo della Ragione', 'Museo Conte']",Duomo,strategy_nearest,True,0.0023708343505859375,success
0449CF3A9C4C80,3,"['Arena', 'Torre Lamberti']",Casa Giulietta,"['Centro Fotografia', 'Sighseeing', 'Museo Conte', 'Museo Radio', 'Palazzo della Ragione']",Duomo,strategy_nearest,False,0.0022649765014648438,success
0449DA429C4C80,3,"['Arena', 'San Fermo']",Tomba Giulietta,"['Museo Storia', 'Museo Lapidario', 'Museo Radio', 'Verona Tour', 'Casa Giulietta']",Casa Giulietta,strategy_nearest,True,0.0017910003662109375,success
0449DE3A9C4C80,2,"['San Zeno', 'Castelvecchio', 'Duomo']",Santa Anastasia,"['AMO', 'Museo Conte', 'Palazzo della Ragione', 'Teatro Romano', 'Centro Fotografia']",Casa Giulietta,strategy_nearest,False,0.0024809837341308594,success
0449DB3A9C4C80,0,['Arena'],Casa Giulietta,"['Centro Fotografia', 'Sighseeing', 'Torre Lamberti', 'Museo Conte', 'Museo Radio']",Tomba Giulietta,strategy_nearest,False,0.0017778873443603516,success
0449F6429C4C80,3,"['Teatro Romano', 'Duomo', 'Santa Anastasia']",Casa Giulietta,"['Centro Fotografia', 'Sighseeing', 'Torre Lamberti', 'Museo Conte', 'Museo Radio']",Museo Lapidario,strategy_nearest,False,0.0030188560485839844,success
0449FA3A9C4C80,0,['Arena'],Casa Giulietta,"['Centro Fotografia', 'Sighseeing', 'Torre Lamberti', 'Museo Conte', 'Museo Radio']",Torre Lamberti,strategy_nearest,True,0.0021789073944091797,success
044A0C3A9C4C84,3,['Arena'],Santa Anastasia,"['AMO', 'Museo Conte', 'Palazzo della Ragione', 'Teatro Romano', 'Centro Fotografia']",Duomo,strategy_nearest,False,0.0019309520721435547,success
044A10429C4C84,0,['Teatro Romano'],Casa Giulietta,"['Centro Fotografia', 'Sighseeing', 'Torre Lamberti', 'Museo Conte', 'Museo Radio']",Torre Lamberti,strategy_nearest,True,0.002518177032470703,success
044A314A9C4C80,1,"['Casa Giulietta', 'Torre Lamberti', 'Palazzo della Ragione', 'Santa Anastasia', 'Duomo']",Castelvecchio,"['Museo Lapidario', 'Verona Tour', 'Arena', 'Museo Radio', 'San Zeno']",Museo Lapidario,strategy_nearest,True,0.00203704833984375,success
044A213A9C4C80,3,"['Castelvecchio', 'Arena']",Casa Giulietta,"['Centro Fotografia', 'Sighseeing', 'Torre Lamberti', 'Museo Conte', 'Museo Radio']",Torre Lamberti,strategy_nearest,True,0.003827810287475586,success
044A16429C4C84,0,['Casa Giulietta'],Arena,"['Verona Tour', 'Museo Lapidario', 'Museo Radio', 'San Fermo', 'Sighseeing']",Torre Lamberti,strategy_nearest,False,0.00267791748046875,success
044A344A9C4C80,3,['Arena'],Santa Anastasia,"['AMO', 'Museo Conte', 'Palazzo della Ragione', 'Teatro Romano', 'Centro Fotografia']",Duomo,strategy_nearest,False,0.0024111270904541016,success
044A49429C4C80,1,"['Arena', 'Castelvecchio', 'Casa Giulietta', 'San Zeno', 'San Fermo']",Palazzo della Ragione,"['AMO', 'Museo Conte', 'Torre Lamberti', 'Centro Fotografia', 'Sighseeing']",Torre Lamberti,strategy_nearest,True,0.0015020370483398438,success
044A38429C4C80,0,['Arena'],Castelvecchio,"['Museo Lapidario', 'Verona Tour', 'Museo Radio', 'San Zeno', 'Sighseeing']",Santa Anastasia,strategy_nearest,False,0.002099275588989258,success
044A374A9C4C80,3,"['Castelvecchio', 'Arena', 'Torre Lamberti', 'Casa Giulietta']",Santa Anastasia,"['AMO', 'Museo Conte', 'Palazzo della Ragione', 'Teatro Romano', 'Centro Fotografia']",Duomo,strategy_nearest,False,0.0028591156005859375,success
044A4B429C4C80,0,['Arena'],Casa Giulietta,"['Centro Fotografia', 'Sighseeing', 'Torre Lamberti', 'Museo Conte', 'Museo Radio']",Castelvecchio,strategy_nearest,False,0.0031938552856445312,success
044A533A9C4C80,0,['Arena'],Casa Giulietta,"['Centro Fotografia', 'Sighseeing', 'Torre Lamberti', 'Museo Conte', 'Museo Radio']",Santa Anastasia,strategy_nearest,False,0.002530813217163086,success
044A56429C4C80,0,['Arena'],Torre Lamberti,"['Sighseeing', 'Centro Fotografia', 'Museo Conte', 'Casa Giulietta', 'Palazzo della Ragione']",Casa Giulietta,strategy_nearest,True,0.002429962158203125,success
044A4F429C4C80,0,['Arena'],Casa Giulietta,"['Centro Fotografia', 'Sighseeing', 'Torre Lamberti', 'Museo Conte', 'Museo Radio']",Torre Lamberti,strategy_nearest,True,0.0025691986083984375,success
044A66429C4C80,0,"['Arena', 'Castelvecchio']",Torre Lamberti,"['Sighseeing', 'Centro Fotografia', 'Museo Conte', 'Casa Giulietta', 'Palazzo della Ragione']",Tomba Giulietta,strategy_nearest,False,0.0014216899871826172,success
044A643A9C4C80,3,"['Castelvecchio', 'San Zeno']",Duomo,"['AMO', 'Museo Miniscalchi', 'Santa Anastasia', 'Teatro Romano', 'Palazzo della Ragione']",Arena,strategy_nearest,False,0.0021398067474365234,success
044A62429C4C80,0,['Arena'],Torre Lamberti,"['Sighseeing', 'Centro Fotografia', 'Museo Conte', 'Casa Giulietta', 'Palazzo della Ragione']",Teatro Romano,strategy_nearest,False,0.005177021026611328,success
044A69429C4C80,1,"['Casa Giulietta', 'Torre Lamberti', 'Palazzo della Ragione']",Santa Anastasia,"['AMO', 'Museo Conte', 'Teatro Romano', 'Centro Fotografia', 'Duomo']",Duomo,strategy_nearest,True,0.002569913864135742,success
044A733A9C4C80,0,['Arena'],Casa Giulietta,"['Centro Fotografia', 'Sighseeing', 'Torre Lamberti', 'Museo Conte', 'Museo Radio']",Torre Lamberti,strategy_nearest,True,0.001455068588256836,success
044A753A9C4C80,0,['Tomba Giulietta'],Arena,"['Verona Tour', 'Museo Lapidario', 'Museo Radio', 'San Fermo', 'Casa Giulietta']",Castelvecchio,strategy_nearest,False,0.0019211769104003906,success
044A6A429C4C80,3,"['Arena', 'Casa Giulietta']",Santa Anastasia,"['AMO', 'Museo Conte', 'Palazzo della Ragione', 'Teatro Romano', 'Centro Fotografia']",Duomo,strategy_nearest,False,0.003922939300537109,success
044A71429C4C80,3,"['Arena', 'Torre Lamberti']",Duomo,"['AMO', 'Museo Miniscalchi', 'Santa Anastasia', 'Teatro Romano', 'Palazzo della Ragione']",Santa Anastasia,strategy_nearest,True,0.003406047821044922,success
044A794A9C4C80,0,['Arena'],Castelvecchio,"['Museo Lapidario', 'Verona Tour', 'Museo Radio', 'San Zeno', 'Sighseeing']",Torre Lamberti,strategy_nearest,False,0.0020198822021484375,success
044A76429C4C80,3,"['Arena', 'San Fermo', 'Casa Giulietta']",Torre Lamberti,"['Sighseeing', 'Centro Fotografia', 'Museo Conte', 'Palazzo della Ragione', 'AMO']",Santa Anastasia,strategy_nearest,False,0.003871917724609375,success
044A843A9C4C80,1,"['Arena', 'Palazzo della Ragione', 'Torre Lamberti']",Santa Anastasia,"['AMO', 'Museo Conte', 'Teatro Romano', 'Centro Fotografia', 'Duomo']",Duomo,strategy_nearest,True,0.002026796340942383,success
044A853A9C4C80,0,['Arena'],Casa Giulietta,"['Centro Fotografia', 'Sighseeing', 'Torre Lamberti', 'Museo Conte', 'Museo Radio']",Torre Lamberti,strategy_nearest,True,0.002936124801635742,success
044A873A9C4C80,3,"['Arena', 'Tomba Giulietta']",Giardino Giusti,"['Santa Anastasia', 'Teatro Romano', 'Museo Conte', 'Centro Fotografia', 'Museo Storia']",Santa Anastasia,strategy_nearest,True,0.003119945526123047,success
044A8C429C4C80,0,['Arena'],San Fermo,"['Museo Storia', 'Museo Radio', 'Casa Giulietta', 'Centro Fotografia', 'Sighseeing']",Torre Lamberti,strategy_nearest,False,0.0018396377563476562,success
044A863A9C4C80,0,['Arena'],Castelvecchio,"['Museo Lapidario', 'Verona Tour', 'Museo Radio', 'San Zeno', 'Sighseeing']",Torre Lamberti,strategy_nearest,False,0.0020699501037597656,success
044A8C4A9C4C80,0,['Arena'],Casa Giulietta,"['Centro Fotografia', 'Sighseeing', 'Torre Lamberti', 'Museo Conte', 'Museo Radio']",Teatro Romano,strategy_nearest,False,0.0033118724822998047,success
044A9E4A9C4C80,0,['Arena'],Santa Anastasia,"['AMO', 'Museo Conte', 'Palazzo della Ragione', 'Teatro Romano', 'Centro Fotografia']",Casa Giulietta,strategy_nearest,False,0.001956939697265625,success
044AAA429C4C80,0,['Arena'],Castelvecchio,"['Museo Lapidario', 'Verona Tour', 'Museo Radio', 'San Zeno', 'Sighseeing']",Casa Giulietta,strategy_nearest,False,0.002505064010620117,success
044AB1429C4C80,2,['Casa Giulietta'],Museo Lapidario,"['Verona Tour', 'Arena', 'Castelvecchio', 'Museo Radio', 'San Fermo']",Castelvecchio,strategy_nearest,True,0.003347158432006836,success
044AB2429C4C80,1,['Arena'],Torre Lamberti,"['Sighseeing', 'Centro Fotografia', 'Museo Conte', 'Casa Giulietta', 'Palazzo della Ragione']",Palazzo della Ragione,strategy_nearest,True,0.001783132553100586,success
044ABC3A9C4C80,0,['Arena'],Casa Giulietta,"['Centro Fotografia', 'Sighseeing', 'Torre Lamberti', 'Museo Conte', 'Museo Radio']",Santa Anastasia,strategy_nearest,False,0.003264904022216797,success
044ABD3A9C4C80,1,"['Arena', 'Torre Lamberti', 'Palazzo della Ragione']",Casa Giulietta,"['Centro Fotografia', 'Sighseeing', 'Museo Conte', 'Museo Radio', 'San Fermo']",San Fermo,strategy_nearest,True,0.0023343563079833984,success
044AC5429C4C80,3,"['Arena', 'Casa Giulietta']",Castelvecchio,"['Museo Lapidario', 'Verona Tour', 'Museo Radio', 'San Zeno', 'Sighseeing']",Santa Anastasia,strategy_nearest,False,0.002170085906982422,success
044AC8429C4C80,3,"['Torre Lamberti', 'Casa Giulietta']",Santa Anastasia,"['AMO', 'Museo Conte', 'Palazzo della Ragione', 'Teatro Romano', 'Centro Fotografia']",Duomo,strategy_nearest,False,0.002245187759399414,success
044AC9429C4C80,1,"['Casa Giulietta', 'Palazzo della Ragione']",Torre Lamberti,"['Sighseeing', 'Centro Fotografia', 'Museo Conte', 'AMO', 'Museo Miniscalchi']",Arena,strategy_nearest,False,0.002321004867553711,success
044ADA429C4C80,3,"['Arena', 'Castelvecchio']",San Fermo,"['Museo Storia', 'Museo Radio', 'Casa Giulietta', 'Centro Fotografia', 'Sighseeing']",Casa Giulietta,strategy_nearest,True,0.0026979446411132812,success
044AD33A9C4C80,3,"['Arena', 'Torre Lamberti']",Casa Giulietta,"['Centro Fotografia', 'Sighseeing', 'Museo Conte', 'Museo Radio', 'Palazzo della Ragione']",Santa Anastasia,strategy_nearest,False,0.002785205841064453,success
044ADF3A9C4C80,3,"['Arena', 'Torre Lamberti']",Santa Anastasia,"['AMO', 'Museo Conte', 'Palazzo della Ragione', 'Teatro Romano', 'Centro Fotografia']",Teatro Romano,strategy_nearest,True,0.0031328201293945312,success
044AE43A9C4C80,3,"['Torre Lamberti', 'Arena', 'Castelvecchio', 'Casa Giulietta']",Teatro Romano,"['Santa Anastasia', 'Duomo', 'AMO', 'Palazzo della Ragione', 'Museo Conte']",Duomo,strategy_nearest,True,0.002087831497192383,success
044AE4429C4C80,2,"['Castelvecchio', 'Giardino Giusti']",Teatro Romano,"['Santa Anastasia', 'Duomo', 'AMO', 'Palazzo della Ragione', 'Museo Conte']",Torre Lamberti,strategy_nearest,False,0.00138092041015625,success
044ADF429C4C80,1,"['Arena', 'Casa Giulietta']",Torre Lamberti,"['Sighseeing', 'Centro Fotografia', 'Museo Conte', 'Palazzo della Ragione', 'AMO']",Palazzo della Ragione,strategy_nearest,True,0.0027179718017578125,success
044AE83A9C4C80,1,"['Arena', 'Torre Lamberti']",Palazzo della Ragione,"['AMO', 'Museo Conte', 'Centro Fotografia', 'Sighseeing', 'Santa Anastasia']",Casa Giulietta,strategy_nearest,False,0.0035500526428222656,success
044AE93A9C4C80,1,"['Casa Giulietta', 'Palazzo della Ragione']",Torre Lamberti,"['Sighseeing', 'Centro Fotografia', 'Museo Conte', 'AMO', 'Museo Miniscalchi']",Arena,strategy_nearest,False,0.0023071765899658203,success
044AF33A9C4C80,0,['Arena'],Duomo,"['AMO', 'Museo Miniscalchi', 'Santa Anastasia', 'Teatro Romano', 'Palazzo della Ragione']",Teatro Romano,strategy_nearest,True,0.0030469894409179688,success
044B053A9C4C84,1,['Arena'],Casa Giulietta,"['Centro Fotografia', 'Sighseeing', 'Torre Lamberti', 'Museo Conte', 'Museo Radio']",Torre Lamberti,strategy_nearest,True,0.002496957778930664,success
044B0D3A9C4C84,1,"['Arena', 'Torre Lamberti']",Palazzo della Ragione,"['AMO', 'Museo Conte', 'Centro Fotografia', 'Sighseeing', 'Santa Anastasia']",Casa Giulietta,strategy_nearest,False,0.0028281211853027344,success
044B113A9C4C84,0,['Arena'],Duomo,"['AMO', 'Museo Miniscalchi', 'Santa Anastasia', 'Teatro Romano', 'Palazzo della Ragione']",Casa Giulietta,strategy_nearest,False,0.0028111934661865234,success
044B233A9C4C80,3,"['Arena', 'Casa Giulietta']",Teatro Romano,"['Santa Anastasia', 'Duomo', 'AMO', 'Palazzo della Ragione', 'Museo Conte']",Duomo,strategy_nearest,True,0.0034308433532714844,success
044B42429C4C80,2,['Castelvecchio'],Casa Giulietta,"['Centro Fotografia', 'Sighseeing', 'Torre Lamberti', 'Museo Conte', 'Museo Radio']",Duomo,strategy_nearest,False,0.002424001693725586,success
044B3A3A9C4C80,0,['Arena'],Tomba Giulietta,"['San Fermo', 'Museo Storia', 'Museo Lapidario', 'Museo Radio', 'Verona Tour']",Casa Giulietta,strategy_nearest,False,0.002219676971435547,success
044B354A9C4C80,2,"['Castelvecchio', 'Giardino Giusti']",San Fermo,"['Museo Storia', 'Museo Radio', 'Casa Giulietta', 'Centro Fotografia', 'Arena']",Torre Lamberti,strategy_nearest,False,0.0034630298614501953,success
044B433A9C4C80,0,['Casa Giulietta'],Duomo,"['AMO', 'Museo Miniscalchi', 'Santa Anastasia', 'Teatro Romano', 'Palazzo della Ragione']",Arena,strategy_nearest,False,0.001497030258178711,success
044B443A9C4C80,3,"['Arena', 'Casa Giulietta', 'Santa Anastasia']",Duomo,"['AMO', 'Museo Miniscalchi', 'Teatro Romano', 'Palazzo della Ragione', 'Museo Conte']",Teatro Romano,strategy_nearest,True,0.0020732879638671875,success
044B4B429C4C80,0,['Arena'],Casa Giulietta,"['Centro Fotografia', 'Sighseeing', 'Torre Lamberti', 'Museo Conte', 'Museo Radio']",Castelvecchio,strategy_nearest,False,0.002498149871826172,success
044B463A9C4C80,0,['Arena'],Casa Giulietta,"['Centro Fotografia', 'Sighseeing', 'Torre Lamberti', 'Museo Conte', 'Museo Radio']",Santa Anastasia,strategy_nearest,False,0.0034208297729492188,success
044B51429C4C80,3,"['Arena', 'Museo Lapidario']",Casa Giulietta,"['Centro Fotografia', 'Sighseeing', 'Torre Lamberti', 'Museo Conte', 'Museo Radio']",Santa Anastasia,strategy_nearest,False,0.001728057861328125,success
044B76429C4C80,0,['Arena'],Tomba Giulietta,"['San Fermo', 'Museo Storia', 'Museo Lapidario', 'Museo Radio', 'Verona Tour']",Casa Giulietta,strategy_nearest,False,0.0025491714477539062,success
044B85429C4C80,3,"['San Fermo', 'Arena']",Duomo,"['AMO', 'Museo Miniscalchi', 'Santa Anastasia', 'Teatro Romano', 'Palazzo della Ragione']",Casa Giulietta,strategy_nearest,False,0.0029850006103515625,success
044B70429C4C80,3,"['Arena', 'Duomo', 'Teatro Romano']",Santa Anastasia,"['AMO', 'Museo Conte', 'Palazzo della Ragione', 'Centro Fotografia', 'Torre Lamberti']",Casa Giulietta,strategy_nearest,False,0.0033299922943115234,success
044B894A9C4C80,0,['Arena'],Casa Giulietta,"['Centro Fotografia', 'Sighseeing', 'Torre Lamberti', 'Museo Conte', 'Museo Radio']",Santa Anastasia,strategy_nearest,False,0.0015189647674560547,success
044B8A429C4C80,0,['Arena'],Casa Giulietta,"['Centro Fotografia', 'Sighseeing', 'Torre Lamberti', 'Museo Conte', 'Museo Radio']",Duomo,strategy_nearest,False,0.0026268959045410156,success
044B87429C4C80,1,"['Arena', 'Castelvecchio', 'Torre Lamberti']",Casa Giulietta,"['Centro Fotografia', 'Sighseeing', 'Museo Conte', 'Museo Radio', 'Palazzo della Ragione']",Palazzo della Ragione,strategy_nearest,True,0.0027229785919189453,success
044B8D4A9C4C80,3,"['Santa Anastasia', 'Torre Lamberti']",Casa Giulietta,"['Centro Fotografia', 'Sighseeing', 'Museo Conte', 'Museo Radio', 'Palazzo della Ragione']",Arena,strategy_nearest,False,0.003129720687866211,success
044B93429C4C80,3,"['Arena', 'Santa Anastasia', 'Duomo']",Teatro Romano,"['AMO', 'Palazzo della Ragione', 'Museo Conte', 'Centro Fotografia', 'Museo Miniscalchi']",Casa Giulietta,strategy_nearest,False,0.0020248889923095703,success
044B97429C4C80,0,['Arena'],Torre Lamberti,"['Sighseeing', 'Centro Fotografia', 'Museo Conte', 'Casa Giulietta', 'Palazzo della Ragione']",Casa Giulietta,strategy_nearest,True,0.002092123031616211,success
044BA83A9C4C80,0,['Arena'],Santa Anastasia,"['AMO', 'Museo Conte', 'Palazzo della Ragione', 'Teatro Romano', 'Centro Fotografia']",Casa Giulietta,strategy_nearest,False,0.002919912338256836,success
044BA54A9C4C80,3,['Arena'],Torre Lamberti,"['Sighseeing', 'Centro Fotografia', 'Museo Conte', 'Casa Giulietta', 'Palazzo della Ragione']",Santa Anastasia,strategy_nearest,False,0.002602100372314453,success
044BAA429C4C80,0,['Arena'],Arena,"['Verona Tour', 'Museo Lapidario', 'Museo Radio', 'San Fermo', 'Casa Giulietta']",Casa Giulietta,strategy_nearest,True,0.0018219947814941406,success
044BAC3A9C4C80,0,['Arena'],Casa Giulietta,"['Centro Fotografia', 'Sighseeing', 'Torre Lamberti', 'Museo Conte', 'Museo Radio']",Santa Anastasia,strategy_nearest,False,0.001238107681274414,success
044BAC429C4C80,3,['Arena'],Casa Giulietta,"['Centro Fotografia', 'Sighseeing', 'Torre Lamberti', 'Museo Conte', 'Museo Radio']",Santa Anastasia,strategy_nearest,False,0.0033409595489501953,success
044BB1429C4C80,3,"['Arena', 'Casa Giulietta']",Torre Lamberti,"['Sighseeing', 'Centro Fotografia', 'Museo Conte', 'Palazzo della Ragione', 'AMO']",Santa Anastasia,strategy_nearest,False,0.0025930404663085938,success
044BB23A9C4C80,3,['Arena'],Torre Lamberti,"['Sighseeing', 'Centro Fotografia', 'Museo Conte', 'Casa Giulietta', 'Palazzo della Ragione']",Casa Giulietta,strategy_nearest,True,0.0025970935821533203,success
044BB43A9C4C80,3,['Arena'],Santa Anastasia,"['AMO', 'Museo Conte', 'Palazzo della Ragione', 'Teatro Romano', 'Centro Fotografia']",Duomo,strategy_nearest,False,0.003100872039794922,success
044BB73A9C4C80,0,['Tomba Giulietta'],Arena,"['Verona Tour', 'Museo Lapidario', 'Museo Radio', 'San Fermo', 'Casa Giulietta']",Casa Giulietta,strategy_nearest,True,0.0030231475830078125,success
044BB5429C4C80,2,"['Casa Giulietta', 'Palazzo della Ragione']",Torre Lamberti,"['Sighseeing', 'Centro Fotografia', 'Museo Conte', 'AMO', 'Museo Miniscalchi']",Santa Anastasia,strategy_nearest,False,0.0027430057525634766,success
044BB9429C4C80,1,"['Arena', 'Casa Giulietta']",Duomo,"['AMO', 'Museo Miniscalchi', 'Santa Anastasia', 'Teatro Romano', 'Palazzo della Ragione']",Teatro Romano,strategy_nearest,True,0.0029273033142089844,success
044BBB3A9C4C80,0,['Arena'],Casa Giulietta,"['Centro Fotografia', 'Sighseeing', 'Torre Lamberti', 'Museo Conte', 'Museo Radio']",Torre Lamberti,strategy_nearest,True,0.0016896724700927734,success
044BC43A9C4C80,2,"['Torre Lamberti', 'Casa Giulietta']",Teatro Romano,"['Santa Anastasia', 'Duomo', 'AMO', 'Palazzo della Ragione', 'Museo Conte']",Duomo,strategy_nearest,True,0.0027208328247070312,success
044BBF3A9C4C80,0,"['Castelvecchio', 'Casa Giulietta']",Arena,"['Verona Tour', 'Museo Lapidario', 'Museo Radio', 'San Fermo', 'Sighseeing']",Tomba Giulietta,strategy_nearest,False,0.0021529197692871094,success
044BD63A9C4C80,1,['Arena'],Casa Giulietta,"['Centro Fotografia', 'Sighseeing', 'Torre Lamberti', 'Museo Conte', 'Museo Radio']",Torre Lamberti,strategy_nearest,True,0.003022909164428711,success
044BD93A9C4C80,1,"['Arena', 'Torre Lamberti']",Palazzo della Ragione,"['AMO', 'Museo Conte', 'Centro Fotografia', 'Sighseeing', 'Santa Anastasia']",Duomo,strategy_nearest,False,0.0029201507568359375,success
044BE43A9C4C80,1,['Arena'],Torre Lamberti,"['Sighseeing', 'Centro Fotografia', 'Museo Conte', 'Casa Giulietta', 'Palazzo della Ragione']",Palazzo della Ragione,strategy_nearest,True,0.0022017955780029297,success
044BF3429C4C80,3,"['Castelvecchio', 'Arena']",San Fermo,"['Museo Storia', 'Museo Radio', 'Casa Giulietta', 'Centro Fotografia', 'Sighseeing']",Teatro Romano,strategy_nearest,False,0.002808094024658203,success
044BF33A9C4C80,0,['Arena'],Castelvecchio,"['Museo Lapidario', 'Verona Tour', 'Museo Radio', 'San Zeno', 'Sighseeing']",Casa Giulietta,strategy_nearest,False,0.002826213836669922,success
044BF8BA7B3F80,2,['Casa Giulietta'],Palazzo della Ragione,"['AMO', 'Museo Conte', 'Torre Lamberti', 'Centro Fotografia', 'Sighseeing']",Torre Lamberti,strategy_nearest,True,0.0030519962310791016,success
044BFA429C4C80,0,"['Castelvecchio', 'Casa Giulietta']",Arena,"['Verona Tour', 'Museo Lapidario', 'Museo Radio', 'San Fermo', 'Sighseeing']",Tomba Giulietta,strategy_nearest,False,0.00263214111328125,success
044BFD3A9C4C80,3,"['Arena', 'Castelvecchio', 'San Zeno']",Duomo,"['AMO', 'Museo Miniscalchi', 'Santa Anastasia', 'Teatro Romano', 'Palazzo della Ragione']",Teatro Romano,strategy_nearest,True,0.0020380020141601562,success
044BFE429C4C80,3,['Arena'],Torre Lamberti,"['Sighseeing', 'Centro Fotografia', 'Museo Conte', 'Casa Giulietta', 'Palazzo della Ragione']",Duomo,strategy_nearest,False,0.002655029296875,success
044C02429C4C84,0,"['Torre Lamberti', 'Casa Giulietta']",Arena,"['Verona Tour', 'Museo Lapidario', 'Museo Radio', 'San Fermo', 'Sighseeing']",Castelvecchio,strategy_nearest,False,0.00335693359375,success
044C0D3A9C4C84,0,['Arena'],Casa Giulietta,"['Centro Fotografia', 'Sighseeing', 'Torre Lamberti', 'Museo Conte', 'Museo Radio']",Tomba Giulietta,strategy_nearest,False,0.001756906509399414,success
044C083A9C4C84,0,['Arena'],Castelvecchio,"['Museo Lapidario', 'Verona Tour', 'Museo Radio', 'San Zeno', 'Sighseeing']",Casa Giulietta,strategy_nearest,False,0.0027740001678466797,success
044C10429C4C84,1,"['Arena', 'Casa Giulietta']",Torre Lamberti,"['Sighseeing', 'Centro Fotografia', 'Museo Conte', 'Palazzo della Ragione', 'AMO']",Palazzo della Ragione,strategy_nearest,True,0.002424955368041992,success
044C113A9C4C84,0,['Arena'],Casa Giulietta,"['Centro Fotografia', 'Sighseeing', 'Torre Lamberti', 'Museo Conte', 'Museo Radio']",San Zeno,strategy_nearest,False,0.002046346664428711,success
044C233A9C4C80,1,"['Casa Giulietta', 'Santa Anastasia', 'Teatro Romano', 'Duomo']",Arena,"['Verona Tour', 'Museo Lapidario', 'Museo Radio', 'San Fermo', 'Sighseeing']",Castelvecchio,strategy_nearest,False,0.002004861831665039,success
044C204A9C4C80,2,"['Casa Giulietta', 'Tomba Giulietta']",Duomo,"['AMO', 'Museo Miniscalchi', 'Santa Anastasia', 'Teatro Romano', 'Palazzo della Ragione']",Palazzo della Ragione,strategy_nearest,True,0.003398895263671875,success
044C2D429C4C80,1,"['Museo Lapidario', 'Arena']",Casa Giulietta,"['Centro Fotografia', 'Sighseeing', 'Torre Lamberti', 'Museo Conte', 'Museo Radio']",Torre Lamberti,strategy_nearest,True,0.0029382705688476562,success
044C34429C4C80,2,"['Castelvecchio', 'Casa Giulietta', 'Giardino Giusti']",Tomba Giulietta,"['San Fermo', 'Museo Storia', 'Arena', 'Museo Lapidario', 'Museo Radio']",Torre Lamberti,strategy_nearest,False,0.002107858657836914,success
044C333A9C4C80,0,['Arena'],Torre Lamberti,"['Sighseeing', 'Centro Fotografia', 'Museo Conte', 'Casa Giulietta', 'Palazzo della Ragione']",Castelvecchio,strategy_nearest,False,0.0018961429595947266,success
044C40429C4C80,2,['Casa Giulietta'],Santa Anastasia,"['AMO', 'Museo Conte', 'Palazzo della Ragione', 'Teatro Romano', 'Centro Fotografia']",Duomo,strategy_nearest,False,0.0026543140411376953,success
044C45429C4C80,2,"['San Fermo', 'Giardino Giusti']",Teatro Romano,"['Santa Anastasia', 'Duomo', 'AMO', 'Palazzo della Ragione', 'Museo Conte']",Duomo,strategy_nearest,True,0.0032291412353515625,success
044C47429C4C80,3,"['Castelvecchio', 'Casa Giulietta']",Tomba Giulietta,"['San Fermo', 'Museo Storia', 'Arena', 'Museo Lapidario', 'Museo Radio']",Santa Anastasia,strategy_nearest,False,0.0021066665649414062,success
044C4B429C4C80,3,"['Arena', 'Casa Giulietta']",Duomo,"['AMO', 'Museo Miniscalchi', 'Santa Anastasia', 'Teatro Romano', 'Palazzo della Ragione']",Santa Anastasia,strategy_nearest,True,0.0028972625732421875,success
044C4D429C4C80,1,['Arena'],Casa Giulietta,"['Centro Fotografia', 'Sighseeing', 'Torre Lamberti', 'Museo Conte', 'Museo Radio']",Torre Lamberti,strategy_nearest,True,0.001979827880859375,success
044C4F429C4C80,3,"['Arena', 'Museo Lapidario', 'Casa Giulietta']",Torre Lamberti,"['Sighseeing', 'Centro Fotografia', 'Museo Conte', 'Palazzo della Ragione', 'AMO']",Santa Anastasia,strategy_nearest,False,0.003350973129272461,success
044C61429C4C80,3,['Arena'],Casa Giulietta,"['Centro Fotografia', 'Sighseeing', 'Torre Lamberti', 'Museo Conte', 'Museo Radio']",San Fermo,strategy_nearest,False,0.002660036087036133,success
044C6B429C4C80,0,['Arena'],Casa Giulietta,"['Centro Fotografia', 'Sighseeing', 'Torre Lamberti', 'Museo Conte', 'Museo Radio']",San Fermo,strategy_nearest,False,0.0013308525085449219,success
044C5C429C4C80,2,['Teatro Romano'],Santa Anastasia,"['AMO', 'Museo Conte', 'Palazzo della Ragione', 'Centro Fotografia', 'Duomo']",Torre Lamberti,strategy_nearest,False,0.0027031898498535156,success
044C713A9C4C80,1,"['Arena', 'Castelvecchio']",Torre Lamberti,"['Sighseeing', 'Centro Fotografia', 'Museo Conte', 'Casa Giulietta', 'Palazzo della Ragione']",Palazzo della Ragione,strategy_nearest,True,0.0030939579010009766,success
044C8C429C4C80,3,['Arena'],Torre Lamberti,"['Sighseeing', 'Centro Fotografia', 'Museo Conte', 'Casa Giulietta', 'Palazzo della Ragione']",Santa Anastasia,strategy_nearest,False,0.0030028820037841797,success
044C8C4A9C4C80,3,"['Arena', 'Torre Lamberti']",Santa Anastasia,"['AMO', 'Museo Conte', 'Palazzo della Ragione', 'Teatro Romano', 'Centro Fotografia']",Casa Giulietta,strategy_nearest,False,0.0034377574920654297,success
044C783A9C4C80,1,"['Arena', 'Casa Giulietta']",Torre Lamberti,"['Sighseeing', 'Centro Fotografia', 'Museo Conte', 'Palazzo della Ragione', 'AMO']",Palazzo della Ragione,strategy_nearest,True,0.0015537738800048828,success
044C743A9C4C80,3,"['Arena', 'Castelvecchio']",Santa Anastasia,"['AMO', 'Museo Conte', 'Palazzo della Ragione', 'Teatro Romano', 'Centro Fotografia']",Duomo,strategy_nearest,False,0.002232074737548828,success
044C93429C4C80,0,['Arena'],Casa Giulietta,"['Centro Fotografia', 'Sighseeing', 'Torre Lamberti', 'Museo Conte', 'Museo Radio']",Torre Lamberti,strategy_nearest,True,0.003170013427734375,success
044C9F4A9C4C80,0,['Arena'],San Zeno,"['Castelvecchio', 'Verona Tour', 'Museo Lapidario', 'Museo Miniscalchi', 'Sighseeing']",Torre Lamberti,strategy_nearest,False,0.002309083938598633,success
044C99429C4C80,3,"['Arena', 'Casa Giulietta', 'Torre Lamberti']",Santa Anastasia,"['AMO', 'Museo Conte', 'Palazzo della Ragione', 'Teatro Romano', 'Centro Fotografia']",Teatro Romano,strategy_nearest,True,0.0018172264099121094,success
044C96429C4C80,3,['Castelvecchio'],Arena,"['Verona Tour', 'Museo Lapidario', 'Museo Radio', 'San Fermo', 'Casa Giulietta']",Torre Lamberti,strategy_nearest,False,0.0037729740142822266,success
044CA84A9C4C80,3,['Arena'],Casa Giulietta,"['Centro Fotografia', 'Sighseeing', 'Torre Lamberti', 'Museo Conte', 'Museo Radio']",Santa Anastasia,strategy_nearest,False,0.0025017261505126953,success
044CA6429C4C80,3,"['Arena', 'Casa Giulietta']",Torre Lamberti,"['Sighseeing', 'Centro Fotografia', 'Museo Conte', 'Palazzo della Ragione', 'AMO']",Duomo,strategy_nearest,False,0.0030541419982910156,success
044CAA429C4C80,3,"['Arena', 'Castelvecchio']",Torre Lamberti,"['Sighseeing', 'Centro Fotografia', 'Museo Conte', 'Casa Giulietta', 'Palazzo della Ragione']",Santa Anastasia,strategy_nearest,False,0.0030977725982666016,success
044CAC429C4C80,0,['Arena'],Casa Giulietta,"['Centro Fotografia', 'Sighseeing', 'Torre Lamberti', 'Museo Conte', 'Museo Radio']",Casa Giulietta,strategy_nearest,False,0.003973722457885742,success
044CB8429C4C80,2,['Tomba Giulietta'],Castelvecchio,"['Museo Lapidario', 'Verona Tour', 'Arena', 'Museo Radio', 'San Zeno']",Casa Giulietta,strategy_nearest,False,0.002238035202026367,success
044CC43A9C4C80,2,['San Zeno'],Duomo,"['AMO', 'Museo Miniscalchi', 'Santa Anastasia', 'Teatro Romano', 'Palazzo della Ragione']",Teatro Romano,strategy_nearest,True,0.0026471614837646484,success
044CBB3A9C4C80,3,"['Castelvecchio', 'Tomba Giulietta', 'San Fermo']",Casa Giulietta,"['Centro Fotografia', 'Sighseeing', 'Torre Lamberti', 'Museo Conte', 'Museo Radio']",Santa Anastasia,strategy_nearest,False,0.0029380321502685547,success
044CC8429C4C80,0,['Arena'],Tomba Giulietta,"['San Fermo', 'Museo Storia', 'Museo Lapidario', 'Museo Radio', 'Verona Tour']",Castelvecchio,strategy_nearest,False,0.0018301010131835938,success
044CC73A9C4C80,3,"['Arena', 'Duomo']",Santa Anastasia,"['AMO', 'Museo Conte', 'Palazzo della Ragione', 'Teatro Romano', 'Centro Fotografia']",Torre Lamberti,strategy_nearest,False,0.002488851547241211,success
044CCA3A9C4C80,0,['Teatro Romano'],Casa Giulietta,"['Centro Fotografia', 'Sighseeing', 'Torre Lamberti', 'Museo Conte', 'Museo Radio']",Arena,strategy_nearest,False,0.0024797916412353516,success
044CCC429C4C80,2,"['Torre Lamberti', 'Palazzo della Ragione']",Casa Giulietta,"['Centro Fotografia', 'Sighseeing', 'Museo Conte', 'Museo Radio', 'San Fermo']",Santa Anastasia,strategy_nearest,False,0.0031931400299072266,success
044CDB3A9C4C80,3,"['Arena', 'Casa Giulietta', 'Torre Lamberti', 'Santa Anastasia']",Duomo,"['AMO', 'Museo Miniscalchi', 'Teatro Romano', 'Palazzo della Ragione', 'Museo Conte']",San Fermo,strategy_nearest,False,0.0017981529235839844,success
044CDD3A9C4C80,1,['Arena'],Palazzo della Ragione,"['AMO', 'Museo Conte', 'Torre Lamberti', 'Centro Fotografia', 'Sighseeing']",Casa Giulietta,strategy_nearest,False,0.002239227294921875,success
044CD33A9C4C80,2,"['Castelvecchio', 'Duomo', 'Santa Anastasia']",Torre Lamberti,"['Sighseeing', 'Centro Fotografia', 'Museo Conte', 'Casa Giulietta', 'Palazzo della Ragione']",Palazzo della Ragione,strategy_nearest,True,0.0026509761810302734,success
044CE03A9C4C80,3,"['Casa Giulietta', 'Torre Lamberti']",Santa Anastasia,"['AMO', 'Museo Conte', 'Palazzo della Ragione', 'Teatro Romano', 'Centro Fotografia']",Teatro Romano,strategy_nearest,True,0.002611875534057617,success
044CE1429C4C80,2,"['Casa Giulietta', 'Santa Anastasia']",Duomo,"['AMO', 'Museo Miniscalchi', 'Teatro Romano', 'Palazzo della Ragione', 'Museo Conte']",Castelvecchio,strategy_nearest,False,0.0033731460571289062,success
044CE3429C4C80,0,['Arena'],Torre Lamberti,"['Sighseeing', 'Centro Fotografia', 'Museo Conte', 'Casa Giulietta', 'Palazzo della Ragione']",Casa Giulietta,strategy_nearest,True,0.002382993698120117,success
044CE43A9C4C80,0,['Arena'],Castelvecchio,"['Museo Lapidario', 'Verona Tour', 'Museo Radio', 'San Zeno', 'Sighseeing']",Casa Giulietta,strategy_nearest,False,0.003200054168701172,success
044CE83A9C4C80,2,['Teatro Romano'],Palazzo della Ragione,"['AMO', 'Museo Conte', 'Torre Lamberti', 'Centro Fotografia', 'Sighseeing']",Torre Lamberti,strategy_nearest,True,0.0026140213012695312,success
044CEF3A9C4C80,2,['Casa Giulietta'],Santa Anastasia,"['AMO', 'Museo Conte', 'Palazzo della Ragione', 'Teatro Romano', 'Centro Fotografia']",Duomo,strategy_nearest,False,0.0025861263275146484,success
044CF23A9C4C80,3,"['San Zeno', 'Arena']",Casa Giulietta,"['Centro Fotografia', 'Sighseeing', 'Torre Lamberti', 'Museo Conte', 'Museo Radio']",Santa Anastasia,strategy_nearest,False,0.0025148391723632812,success
044CF33A9C4C80,3,"['San Zeno', 'Torre Lamberti']",Santa Anastasia,"['AMO', 'Museo Conte', 'Palazzo della Ragione', 'Teatro Romano', 'Centro Fotografia']",Teatro Romano,strategy_nearest,True,0.002997875213623047,success
044D01429C4C84,1,"['San Zeno', 'Castelvecchio', 'Santa Anastasia', 'Duomo', 'San Fermo']",Tomba Giulietta,"['Museo Storia', 'Arena', 'Museo Lapidario', 'Museo Radio', 'Verona Tour']",Arena,strategy_nearest,True,0.002337932586669922,success
044D12429C4C84,3,"['San Zeno', 'Arena', 'San Fermo', 'Casa Giulietta']",Torre Lamberti,"['Sighseeing', 'Centro Fotografia', 'Museo Conte', 'Palazzo della Ragione', 'AMO']",Santa Anastasia,strategy_nearest,False,0.0034329891204833984,success
044D283A9C4C80,0,['Arena'],Casa Giulietta,"['Centro Fotografia', 'Sighseeing', 'Torre Lamberti', 'Museo Conte', 'Museo Radio']",Torre Lamberti,strategy_nearest,True,0.0021708011627197266,success
044D14429C4C84,0,['Arena'],Casa Giulietta,"['Centro Fotografia', 'Sighseeing', 'Torre Lamberti', 'Museo Conte', 'Museo Radio']",Torre Lamberti,strategy_nearest,True,0.001958131790161133,success
044D2B429C4C80,0,"['Arena', 'Casa Giulietta']",Torre Lamberti,"['Sighseeing', 'Centro Fotografia', 'Museo Conte', 'Palazzo della Ragione', 'AMO']",Castelvecchio,strategy_nearest,False,0.002233266830444336,success
044D3A3A9C4C80,3,"['Arena', 'Casa Giulietta']",Santa Anastasia,"['AMO', 'Museo Conte', 'Palazzo della Ragione', 'Teatro Romano', 'Centro Fotografia']",Duomo,strategy_nearest,False,0.0017740726470947266,success
044D3F3A9C4C80,3,"['Arena', 'Duomo']",Santa Anastasia,"['AMO', 'Museo Conte', 'Palazzo della Ragione', 'Teatro Romano', 'Centro Fotografia']",Casa Giulietta,strategy_nearest,False,0.0026738643646240234,success
044D58429C4C80,0,"['Casa Giulietta', 'Arena']",Castelvecchio,"['Museo Lapidario', 'Verona Tour', 'Museo Radio', 'San Zeno', 'Sighseeing']",San Zeno,strategy_nearest,True,0.002454996109008789,success
044D59429C4C80,1,"['Tomba Giulietta', 'Museo Lapidario', 'San Zeno']",Castelvecchio,"['Verona Tour', 'Arena', 'Museo Radio', 'Sighseeing', 'Museo Miniscalchi']",Arena,strategy_nearest,True,0.002540111541748047,success
044D5C429C4C80,0,['Arena'],Torre Lamberti,"['Sighseeing', 'Centro Fotografia', 'Museo Conte', 'Casa Giulietta', 'Palazzo della Ragione']",Casa Giulietta,strategy_nearest,True,0.0028498172760009766,success
044D6D429C4C80,3,"['Casa Giulietta', 'Torre Lamberti']",Santa Anastasia,"['AMO', 'Museo Conte', 'Palazzo della Ragione', 'Teatro Romano', 'Centro Fotografia']",Duomo,strategy_nearest,False,0.002438783645629883,success
044D743A9C4C80,2,"['Tomba Giulietta', 'Castelvecchio']",Torre Lamberti,"['Sighseeing', 'Centro Fotografia', 'Museo Conte', 'Casa Giulietta', 'Palazzo della Ragione']",Casa Giulietta,strategy_nearest,True,0.0025148391723632812,success
044D723A9C4C80,0,['Arena'],Castelvecchio,"['Museo Lapidario', 'Verona Tour', 'Museo Radio', 'San Zeno', 'Sighseeing']",Teatro Romano,strategy_nearest,False,0.0032639503479003906,success
044D72429C4C80,3,"['Casa Giulietta', 'Torre Lamberti', 'Santa Anastasia']",Teatro Romano,"['Duomo', 'AMO', 'Palazzo della Ragione', 'Museo Conte', 'Centro Fotografia']",Duomo,strategy_nearest,True,0.0033211708068847656,success
044D753A9C4C80,1,"['Casa Giulietta', 'Torre Lamberti']",Palazzo della Ragione,"['AMO', 'Museo Conte', 'Centro Fotografia', 'Sighseeing', 'Santa Anastasia']",Arena,strategy_nearest,False,0.002482891082763672,success
044D79429C4C80,0,"['Torre Lamberti', 'Castelvecchio']",Tomba Giulietta,"['San Fermo', 'Museo Storia', 'Arena', 'Museo Lapidario', 'Museo Radio']",Arena,strategy_nearest,True,0.0018379688262939453,success
044D7A4A9C4C80,1,['Arena'],Castelvecchio,"['Museo Lapidario', 'Verona Tour', 'Museo Radio', 'San Zeno', 'Sighseeing']",Casa Giulietta,strategy_nearest,False,0.0029048919677734375,success
044D843A9C4C80,0,['Arena'],San Fermo,"['Museo Storia', 'Museo Radio', 'Casa Giulietta', 'Centro Fotografia', 'Sighseeing']",Casa Giulietta,strategy_nearest,True,0.003529071807861328,success
044D883A9C4C80,3,"['Casa Giulietta', 'Arena']",Castelvecchio,"['Museo Lapidario', 'Verona Tour', 'Museo Radio', 'San Zeno', 'Sighseeing']",Santa Anastasia,strategy_nearest,False,0.002526998519897461,success
044D853A9C4C80,2,['Santa Anastasia'],Duomo,"['AMO', 'Museo Miniscalchi', 'Teatro Romano', 'Palazzo della Ragione', 'Museo Conte']",Casa Giulietta,strategy_nearest,False,0.0023920536041259766,success
044DA3429C4C80,3,"['Arena', 'Castelvecchio']",Casa Giulietta,"['Centro Fotografia', 'Sighseeing', 'Torre Lamberti', 'Museo Conte', 'Museo Radio']",Santa Anastasia,strategy_nearest,False,0.002711057662963867,success
044D97429C4C80,2,['Torre Lamberti'],Palazzo della Ragione,"['AMO', 'Museo Conte', 'Centro Fotografia', 'Sighseeing', 'Santa Anastasia']",Duomo,strategy_nearest,False,0.0021758079528808594,success
044D914A9C4C80,3,['Arena'],Torre Lamberti,"['Sighseeing', 'Centro Fotografia', 'Museo Conte', 'Casa Giulietta', 'Palazzo della Ragione']",Santa Anastasia,strategy_nearest,False,0.0028209686279296875,success
044DA84A9C4C80,0,['Arena'],Casa Giulietta,"['Centro Fotografia', 'Sighseeing', 'Torre Lamberti', 'Museo Conte', 'Museo Radio']",Santa Anastasia,strategy_nearest,False,0.003075122833251953,success
044DAA429C4C80,0,['Arena'],Casa Giulietta,"['Centro Fotografia', 'Sighseeing', 'Torre Lamberti', 'Museo Conte', 'Museo Radio']",Castelvecchio,strategy_nearest,False,0.001615762710571289,success
044DB0429C4C80,1,"['Arena', 'Casa Giulietta']",Torre Lamberti,"['Sighseeing', 'Centro Fotografia', 'Museo Conte', 'Palazzo della Ragione', 'AMO']",Palazzo della Ragione,strategy_nearest,True,0.002650737762451172,success
044DB3429C4C80,3,"['Arena', 'Museo Lapidario', 'Castelvecchio']",Torre Lamberti,"['Sighseeing', 'Centro Fotografia', 'Museo Conte', 'Casa Giulietta', 'Palazzo della Ragione']",Duomo,strategy_nearest,False,0.002396821975708008,success
044DB4429C4C80,2,['Teatro Romano'],Duomo,"['AMO', 'Museo Miniscalchi', 'Santa Anastasia', 'Palazzo della Ragione', 'Museo Conte']",Castelvecchio,strategy_nearest,False,0.002585887908935547,success
044DB9429C4C80,2,['San Fermo'],Casa Giulietta,"['Centro Fotografia', 'Sighseeing', 'Torre Lamberti', 'Museo Conte', 'Museo Radio']",Santa Anastasia,strategy_nearest,False,0.001990795135498047,success
044DB7429C4C80,1,"['Arena', 'Casa Giulietta']",Santa Anastasia,"['AMO', 'Museo Conte', 'Palazzo della Ragione', 'Teatro Romano', 'Centro Fotografia']",Torre Lamberti,strategy_nearest,False,0.003194093704223633,success
044DC63A9C4C80,0,"['San Zeno', 'Arena', 'Torre Lamberti']",Castelvecchio,"['Museo Lapidario', 'Verona Tour', 'Museo Radio', 'Sighseeing', 'Museo Miniscalchi']",Casa Giulietta,strategy_nearest,False,0.0025789737701416016,success
044DCC429C4C80,2,['Torre Lamberti'],Casa Giulietta,"['Centro Fotografia', 'Sighseeing', 'Museo Conte', 'Museo Radio', 'Palazzo della Ragione']",Duomo,strategy_nearest,False,0.003114938735961914,success
044DD5429C4C80,0,['Arena'],Santa Anastasia,"['AMO', 'Museo Conte', 'Palazzo della Ragione', 'Teatro Romano', 'Centro Fotografia']",Casa Giulietta,strategy_nearest,False,0.002563953399658203,success
044DE3429C4C80,1,"['Arena', 'Casa Giulietta']",Torre Lamberti,"['Sighseeing', 'Centro Fotografia', 'Museo Conte', 'Palazzo della Ragione', 'AMO']",Palazzo della Ragione,strategy_nearest,True,0.0028510093688964844,success
044DF33A9C4C80,0,['Castelvecchio'],Arena,"['Verona Tour', 'Museo Lapidario', 'Museo Radio', 'San Fermo', 'Casa Giulietta']",Casa Giulietta,strategy_nearest,True,0.0025322437286376953,success
044DF1429C4C80,3,"['Casa Giulietta', 'Teatro Romano', 'Duomo']",Santa Anastasia,"['AMO', 'Museo Conte', 'Palazzo della Ragione', 'Centro Fotografia', 'Torre Lamberti']",Castelvecchio,strategy_nearest,False,0.003175020217895508,success
044E053A9C4C84,0,"['Arena', 'Casa Giulietta']",Torre Lamberti,"['Sighseeing', 'Centro Fotografia', 'Museo Conte', 'Palazzo della Ragione', 'AMO']",Tomba Giulietta,strategy_nearest,False,0.0027179718017578125,success
044E0C3A9C4C84,1,['Arena'],Torre Lamberti,"['Sighseeing', 'Centro Fotografia', 'Museo Conte', 'Casa Giulietta', 'Palazzo della Ragione']",Palazzo della Ragione,strategy_nearest,True,0.0018811225891113281,success
044DF73A9C4C80,0,['Arena'],Casa Giulietta,"['Centro Fotografia', 'Sighseeing', 'Torre Lamberti', 'Museo Conte', 'Museo Radio']",Duomo,strategy_nearest,False,0.0028510093688964844,success
044E11429C4C84,3,"['Tomba Giulietta', 'San Fermo', 'Castelvecchio', 'San Zeno']",Arena,"['Verona Tour', 'Museo Lapidario', 'Museo Radio', 'Casa Giulietta', 'Sighseeing']",Casa Giulietta,strategy_nearest,True,0.002955913543701172,success
044E2D429C4C80,3,"['Arena', 'Casa Giulietta']",Torre Lamberti,"['Sighseeing', 'Centro Fotografia', 'Museo Conte', 'Palazzo della Ragione', 'AMO']",Santa Anastasia,strategy_nearest,False,0.0019707679748535156,success
044E15429C4C84,3,"['Arena', 'San Fermo']",Casa Giulietta,"['Centro Fotografia', 'Sighseeing', 'Torre Lamberti', 'Museo Conte', 'Museo Radio']",Torre Lamberti,strategy_nearest,True,0.0015399456024169922,success
044E17429C4C84,3,"['Castelvecchio', 'Casa Giulietta']",Santa Anastasia,"['AMO', 'Museo Conte', 'Palazzo della Ragione', 'Teatro Romano', 'Centro Fotografia']",Torre Lamberti,strategy_nearest,False,0.003172159194946289,success
044E153A9C4C84,3,"['Arena', 'Torre Lamberti', 'Santa Anastasia']",Casa Giulietta,"['Centro Fotografia', 'Sighseeing', 'Museo Conte', 'Museo Radio', 'Palazzo della Ragione']",San Fermo,strategy_nearest,False,0.002755880355834961,success
044E364A9C4C80,1,"['Palazzo della Ragione', 'Torre Lamberti', 'Torre Lamberti', 'Santa Anastasia', 'Duomo']",Teatro Romano,"['AMO', 'Museo Conte', 'Centro Fotografia', 'Museo Miniscalchi', 'Giardino Giusti']",Arena,strategy_nearest,False,0.0019676685333251953,success
044E363A9C4C80,3,"['Arena', 'Santa Anastasia']",Duomo,"['AMO', 'Museo Miniscalchi', 'Teatro Romano', 'Palazzo della Ragione', 'Museo Conte']",Castelvecchio,strategy_nearest,False,0.0014519691467285156,success
044E3F3A9C4C80,0,['Arena'],Torre Lamberti,"['Sighseeing', 'Centro Fotografia', 'Museo Conte', 'Casa Giulietta', 'Palazzo della Ragione']",Duomo,strategy_nearest,False,0.0025780200958251953,success
044E403A9C4C80,1,"['Arena', 'Casa Giulietta', 'Palazzo della Ragione']",Torre Lamberti,"['Sighseeing', 'Centro Fotografia', 'Museo Conte', 'AMO', 'Museo Miniscalchi']",Santa Anastasia,strategy_nearest,False,0.003058910369873047,success
044E49429C4C80,0,['Arena'],Casa Giulietta,"['Centro Fotografia', 'Sighseeing', 'Torre Lamberti', 'Museo Conte', 'Museo Radio']",Tomba Giulietta,strategy_nearest,False,0.001953125,success
044E48429C4C80,0,['Arena'],Casa Giulietta,"['Centro Fotografia', 'Sighseeing', 'Torre Lamberti', 'Museo Conte', 'Museo Radio']",Castelvecchio,strategy_nearest,False,0.002012968063354492,success
044E4E429C4C80,3,['Arena'],Casa Giulietta,"['Centro Fotografia', 'Sighseeing', 'Torre Lamberti', 'Museo Conte', 'Museo Radio']",Santa Anastasia,strategy_nearest,False,0.0024518966674804688,success
044E523A9C4C80,1,['Arena'],Palazzo della Ragione,"['AMO', 'Museo Conte', 'Torre Lamberti', 'Centro Fotografia', 'Sighseeing']",Duomo,strategy_nearest,False,0.003278970718383789,success
044E57429C4C80,0,['Teatro Romano'],Torre Lamberti,"['Sighseeing', 'Centro Fotografia', 'Museo Conte', 'Casa Giulietta', 'Palazzo della Ragione']",Casa Giulietta,strategy_nearest,True,0.001917123794555664,success
044E5B429C4C80,0,"['Arena', 'Teatro Romano']",Duomo,"['AMO', 'Museo Miniscalchi', 'Santa Anastasia', 'Palazzo della Ragione', 'Museo Conte']",Casa Giulietta,strategy_nearest,False,0.0025751590728759766,success
044E6F429C4C80,1,['Arena'],Castelvecchio,"['Museo Lapidario', 'Verona Tour', 'Museo Radio', 'San Zeno', 'Sighseeing']",Casa Giulietta,strategy_nearest,False,0.002924680709838867,success
044E54429C4C80,0,"['Arena', 'Torre Lamberti']",Casa Giulietta,"['Centro Fotografia', 'Sighseeing', 'Museo Conte', 'Museo Radio', 'Palazzo della Ragione']",Teatro Romano,strategy_nearest,False,0.002588033676147461,success
044E743A9C4C80,3,['Casa Giulietta'],Santa Anastasia,"['AMO', 'Museo Conte', 'Palazzo della Ragione', 'Teatro Romano', 'Centro Fotografia']",Arena,strategy_nearest,False,0.0012929439544677734,success
044E763A9C4C80,0,['Arena'],Castelvecchio,"['Museo Lapidario', 'Verona Tour', 'Museo Radio', 'San Zeno', 'Sighseeing']",San Zeno,strategy_nearest,True,0.0020918846130371094,success
044E7A3A9C4C80,0,['Arena'],Castelvecchio,"['Museo Lapidario', 'Verona Tour', 'Museo Radio', 'San Zeno', 'Sighseeing']",Tomba Giulietta,strategy_nearest,False,0.0027511119842529297,success
044E85429C4C80,3,"['Arena', 'Casa Giulietta']",Torre Lamberti,"['Sighseeing', 'Centro Fotografia', 'Museo Conte', 'Palazzo della Ragione', 'AMO']",Santa Anastasia,strategy_nearest,False,0.0032989978790283203,success
044E8C4A9C4C80,2,['Santa Anastasia'],Duomo,"['AMO', 'Museo Miniscalchi', 'Teatro Romano', 'Palazzo della Ragione', 'Museo Conte']",Castelvecchio,strategy_nearest,False,0.0025110244750976562,success
044E883A9C4C80,3,"['Castelvecchio', 'Arena', 'Torre Lamberti', 'Santa Anastasia']",Duomo,"['AMO', 'Museo Miniscalchi', 'Teatro Romano', 'Palazzo della Ragione', 'Museo Conte']",Teatro Romano,strategy_nearest,True,0.0024268627166748047,success
044E98429C4C80,0,['Arena'],Casa Giulietta,"['Centro Fotografia', 'Sighseeing', 'Torre Lamberti', 'Museo Conte', 'Museo Radio']",Torre Lamberti,strategy_nearest,True,0.0030698776245117188,success
044E954A9C4C80,0,['Arena'],Casa Giulietta,"['Centro Fotografia', 'Sighseeing', 'Torre Lamberti', 'Museo Conte', 'Museo Radio']",Castelvecchio,strategy_nearest,False,0.0026519298553466797,success
044EA73A9C4C80,3,"['Castelvecchio', 'Torre Lamberti', 'Santa Anastasia']",Duomo,"['AMO', 'Museo Miniscalchi', 'Teatro Romano', 'Palazzo della Ragione', 'Museo Conte']",Teatro Romano,strategy_nearest,True,0.0021839141845703125,success
044EA5429C4C80,3,['Arena'],Torre Lamberti,"['Sighseeing', 'Centro Fotografia', 'Museo Conte', 'Casa Giulietta', 'Palazzo della Ragione']",Santa Anastasia,strategy_nearest,False,0.0022859573364257812,success
044EA3429C4C80,0,['Arena'],Castelvecchio,"['Museo Lapidario', 'Verona Tour', 'Museo Radio', 'San Zeno', 'Sighseeing']",Casa Giulietta,strategy_nearest,False,0.004322052001953125,success
044EAB429C4C80,1,"['Museo Lapidario', 'Arena', 'San Fermo', 'Torre Lamberti']",Palazzo della Ragione,"['AMO', 'Museo Conte', 'Centro Fotografia', 'Sighseeing', 'Santa Anastasia']",Santa Anastasia,strategy_nearest,True,0.001711130142211914,success
044EB03A9C4C80,0,['Arena'],Casa Giulietta,"['Centro Fotografia', 'Sighseeing', 'Torre Lamberti', 'Museo Conte', 'Museo Radio']",Castelvecchio,strategy_nearest,False,0.001941680908203125,success
044EAC3A9C4C80,0,['Arena'],Casa Giulietta,"['Centro Fotografia', 'Sighseeing', 'Torre Lamberti', 'Museo Conte', 'Museo Radio']",Castelvecchio,strategy_nearest,False,0.0027899742126464844,success
044EB13A9C4C80,1,"['Arena', 'Casa Giulietta']",Palazzo della Ragione,"['AMO', 'Museo Conte', 'Torre Lamberti', 'Centro Fotografia', 'Sighseeing']",Torre Lamberti,strategy_nearest,True,0.0030069351196289062,success
044EBE429C4C80,3,['Arena'],Casa Giulietta,"['Centro Fotografia', 'Sighseeing', 'Torre Lamberti', 'Museo Conte', 'Museo Radio']",Santa Anastasia,strategy_nearest,False,0.002624988555908203,success
044EB3429C4C80,0,['Arena'],Casa Giulietta,"['Centro Fotografia', 'Sighseeing', 'Torre Lamberti', 'Museo Conte', 'Museo Radio']",Castelvecchio,strategy_nearest,False,0.0030858516693115234,success
044EBF3A9C4C80,2,['Castelvecchio'],Casa Giulietta,"['Centro Fotografia', 'Sighseeing', 'Torre Lamberti', 'Museo Conte', 'Museo Radio']",Santa Anastasia,strategy_nearest,False,0.0036711692810058594,success
044EC0429C4C80,2,"['Castelvecchio', 'Duomo']",Santa Anastasia,"['AMO', 'Museo Conte', 'Palazzo della Ragione', 'Teatro Romano', 'Centro Fotografia']",Torre Lamberti,strategy_nearest,False,0.0035479068756103516,success
044ECA429C4C80,2,['Palazzo della Ragione'],Torre Lamberti,"['Sighseeing', 'Centro Fotografia', 'Museo Conte', 'Casa Giulietta', 'AMO']",Casa Giulietta,strategy_nearest,True,0.004015922546386719,success
044ECF3A9C4C80,3,['Arena'],Santa Anastasia,"['AMO', 'Museo Conte', 'Palazzo della Ragione', 'Teatro Romano', 'Centro Fotografia']",Teatro Romano,strategy_nearest,True,0.0023491382598876953,success
044ED6429C4C80,3,"['San Fermo', 'Casa Giulietta', 'Torre Lamberti']",Santa Anastasia,"['AMO', 'Museo Conte', 'Palazzo della Ragione', 'Teatro Romano', 'Centro Fotografia']",Arena,strategy_nearest,False,0.003445148468017578,success
044EDC3A9C4C80,3,['Teatro Romano'],Duomo,"['AMO', 'Museo Miniscalchi', 'Santa Anastasia', 'Palazzo della Ragione', 'Museo Conte']",Torre Lamberti,strategy_nearest,False,0.0028977394104003906,success
044EE1429C4C80,2,"['Torre Lamberti', 'Casa Giulietta', 'Castelvecchio']",Duomo,"['AMO', 'Museo Miniscalchi', 'Santa Anastasia', 'Teatro Romano', 'Palazzo della Ragione']",Teatro Romano,strategy_nearest,True,0.003074169158935547,success
044EE0429C4C80,2,"['San Zeno', 'Castelvecchio']",Santa Anastasia,"['AMO', 'Museo Conte', 'Palazzo della Ragione', 'Teatro Romano', 'Centro Fotografia']",Torre Lamberti,strategy_nearest,False,0.0024552345275878906,success
044EE93A9C4C80,3,['Arena'],Casa Giulietta,"['Centro Fotografia', 'Sighseeing', 'Torre Lamberti', 'Museo Conte', 'Museo Radio']",Santa Anastasia,strategy_nearest,False,0.0027871131896972656,success
044EF03A9C4C80,2,"['Torre Lamberti', 'Palazzo della Ragione']",Santa Anastasia,"['AMO', 'Museo Conte', 'Teatro Romano', 'Centro Fotografia', 'Duomo']",Teatro Romano,strategy_nearest,True,0.0027480125427246094,success
044EED3A9C4C80,3,"['Arena', 'Casa Giulietta']",Torre Lamberti,"['Sighseeing', 'Centro Fotografia', 'Museo Conte', 'Palazzo della Ragione', 'AMO']",Santa Anastasia,strategy_nearest,False,0.003385782241821289,success
044EE9429C4C80,1,"['Casa Giulietta', 'Palazzo della Ragione', 'Castelvecchio', 'Arena']",San Fermo,"['Museo Storia', 'Museo Radio', 'Centro Fotografia', 'Sighseeing', 'Torre Lamberti']",Santa Anastasia,strategy_nearest,False,0.0024747848510742188,success
044EF0429C4C80,1,"['Casa Giulietta', 'Palazzo della Ragione', 'Castelvecchio', 'Arena']",San Fermo,"['Museo Storia', 'Museo Radio', 'Centro Fotografia', 'Sighseeing', 'Torre Lamberti']",Santa Anastasia,strategy_nearest,False,0.001516103744506836,success
044EF33A9C4C80,2,['Santa Anastasia'],Torre Lamberti,"['Sighseeing', 'Centro Fotografia', 'Museo Conte', 'Casa Giulietta', 'Palazzo della Ragione']",Duomo,strategy_nearest,False,0.0025501251220703125,success
044EF7429C4C80,3,"['Arena', 'Santa Anastasia']",Duomo,"['AMO', 'Museo Miniscalchi', 'Teatro Romano', 'Palazzo della Ragione', 'Museo Conte']",San Zeno,strategy_nearest,False,0.003245830535888672,success
044EF1429C4C80,3,"['Arena', 'Santa Anastasia', 'Duomo']",Torre Lamberti,"['Sighseeing', 'Centro Fotografia', 'Museo Conte', 'Casa Giulietta', 'Palazzo della Ragione']",Casa Giulietta,strategy_nearest,True,0.004167079925537109,success
044EFA429C4C80,1,"['Arena', 'Casa Giulietta', 'Torre Lamberti']",Palazzo della Ragione,"['AMO', 'Museo Conte', 'Centro Fotografia', 'Sighseeing', 'Santa Anastasia']",Castelvecchio,strategy_nearest,False,0.0027320384979248047,success
044EFB429C4C80,1,"['Duomo', 'Teatro Romano', 'Santa Anastasia', 'San Zeno']",Arena,"['Verona Tour', 'Museo Lapidario', 'Museo Radio', 'San Fermo', 'Casa Giulietta']",Torre Lamberti,strategy_nearest,False,0.002769947052001953,success
044EFC3A9C4C80,0,['Arena'],Casa Giulietta,"['Centro Fotografia', 'Sighseeing', 'Torre Lamberti', 'Museo Conte', 'Museo Radio']",Santa Anastasia,strategy_nearest,False,0.0027561187744140625,success
044F15429C4C84,3,"['Arena', 'Casa Giulietta']",Santa Anastasia,"['AMO', 'Museo Conte', 'Palazzo della Ragione', 'Teatro Romano', 'Centro Fotografia']",Teatro Romano,strategy_nearest,True,0.0018367767333984375,success
044F07429C4C84,3,"['Arena', 'Museo Lapidario', 'Casa Giulietta', 'Santa Anastasia']",Torre Lamberti,"['Sighseeing', 'Centro Fotografia', 'Museo Conte', 'Palazzo della Ragione', 'AMO']",Castelvecchio,strategy_nearest,False,0.0025072097778320312,success
044F1F3A9C4C80,1,['Arena'],Palazzo della Ragione,"['AMO', 'Museo Conte', 'Torre Lamberti', 'Centro Fotografia', 'Sighseeing']",Torre Lamberti,strategy_nearest,True,0.0023539066314697266,success
044F13429C4C84,3,"['Arena', 'Museo Lapidario']",Castelvecchio,"['Verona Tour', 'Museo Radio', 'San Zeno', 'Sighseeing', 'Museo Miniscalchi']",Torre Lamberti,strategy_nearest,False,0.0026781558990478516,success
044F203A9C4C80,2,['Castelvecchio'],Palazzo della Ragione,"['AMO', 'Museo Conte', 'Torre Lamberti', 'Centro Fotografia', 'Sighseeing']",Casa Giulietta,strategy_nearest,False,0.002880096435546875,success
044F25429C4C80,2,['Torre Lamberti'],Museo Lapidario,"['Verona Tour', 'Arena', 'Castelvecchio', 'Museo Radio', 'San Fermo']",Castelvecchio,strategy_nearest,True,0.0019478797912597656,success
044F29429C4C80,3,"['Arena', 'San Fermo', 'Torre Lamberti']",Santa Anastasia,"['AMO', 'Museo Conte', 'Palazzo della Ragione', 'Teatro Romano', 'Centro Fotografia']",Duomo,strategy_nearest,False,0.0027718544006347656,success
044F293A9C4C80,3,"['Arena', 'San Fermo']",Santa Anastasia,"['AMO', 'Museo Conte', 'Palazzo della Ragione', 'Teatro Romano', 'Centro Fotografia']",Duomo,strategy_nearest,False,0.0034360885620117188,success
044F2D3A9C4C80,3,"['Arena', 'Casa Giulietta']",Torre Lamberti,"['Sighseeing', 'Centro Fotografia', 'Museo Conte', 'Palazzo della Ragione', 'AMO']",Santa Anastasia,strategy_nearest,False,0.0025506019592285156,success
044F313A9C4C80,3,"['Arena', 'San Fermo']",Casa Giulietta,"['Centro Fotografia', 'Sighseeing', 'Torre Lamberti', 'Museo Conte', 'Museo Radio']",Torre Lamberti,strategy_nearest,True,0.00255584716796875,success
044F2D429C4C80,3,"['Museo Lapidario', 'San Fermo']",Teatro Romano,"['Santa Anastasia', 'Duomo', 'AMO', 'Palazzo della Ragione', 'Museo Conte']",Torre Lamberti,strategy_nearest,False,0.002256155014038086,success
044F383A9C4C80,3,['Arena'],Casa Giulietta,"['Centro Fotografia', 'Sighseeing', 'Torre Lamberti', 'Museo Conte', 'Museo Radio']",Santa Anastasia,strategy_nearest,False,0.002959012985229492,success
044F3D3A9C4C80,3,"['Arena', 'Casa Giulietta']",Torre Lamberti,"['Sighseeing', 'Centro Fotografia', 'Museo Conte', 'Palazzo della Ragione', 'AMO']",Santa Anastasia,strategy_nearest,False,0.0019359588623046875,success
044F473A9C4C80,1,"['Castelvecchio', 'Arena', 'Torre Lamberti']",Palazzo della Ragione,"['AMO', 'Museo Conte', 'Centro Fotografia', 'Sighseeing', 'Santa Anastasia']",Casa Giulietta,strategy_nearest,False,0.0022726058959960938,success
044F4D429C4C80,0,['Casa Giulietta'],Santa Anastasia,"['AMO', 'Museo Conte', 'Palazzo della Ragione', 'Teatro Romano', 'Centro Fotografia']",Arena,strategy_nearest,False,0.0034339427947998047,success
044F66429C4C80,0,['Arena'],Casa Giulietta,"['Centro Fotografia', 'Sighseeing', 'Torre Lamberti', 'Museo Conte', 'Museo Radio']",Torre Lamberti,strategy_nearest,True,0.0025222301483154297,success
044F673A9C4C80,2,"['Teatro Romano', 'Duomo', 'Castelvecchio']",San Fermo,"['Museo Storia', 'Museo Radio', 'Casa Giulietta', 'Centro Fotografia', 'Arena']",Casa Giulietta,strategy_nearest,True,0.0025930404663085938,success
044F753A9C4C80,2,"['Castelvecchio', 'San Fermo', 'Casa Giulietta']",Torre Lamberti,"['Sighseeing', 'Centro Fotografia', 'Museo Conte', 'Palazzo della Ragione', 'AMO']",Santa Anastasia,strategy_nearest,False,0.001989126205444336,success
044F7A4A9C4C80,1,"['Arena', 'Palazzo della Ragione']",Torre Lamberti,"['Sighseeing', 'Centro Fotografia', 'Museo Conte', 'Casa Giulietta', 'AMO']",Casa Giulietta,strategy_nearest,True,0.003042936325073242,success
044F763A9C4C80,2,"['Casa Giulietta', 'Torre Lamberti']",Palazzo della Ragione,"['AMO', 'Museo Conte', 'Centro Fotografia', 'Sighseeing', 'Santa Anastasia']",Santa Anastasia,strategy_nearest,True,0.002777099609375,success
044F7D429C4C80,3,['Arena'],Santa Anastasia,"['AMO', 'Museo Conte', 'Palazzo della Ragione', 'Teatro Romano', 'Centro Fotografia']",Torre Lamberti,strategy_nearest,False,0.0019800662994384766,success
044F7D4A9C4C80,3,"['Arena', 'Torre Lamberti']",Santa Anastasia,"['AMO', 'Museo Conte', 'Palazzo della Ragione', 'Teatro Romano', 'Centro Fotografia']",Duomo,strategy_nearest,False,0.001973867416381836,success
044F824A9C4C80,0,['Arena'],Castelvecchio,"['Museo Lapidario', 'Verona Tour', 'Museo Radio', 'San Zeno', 'Sighseeing']",Casa Giulietta,strategy_nearest,False,0.002554178237915039,success
044F884A9C4C80,1,"['Arena', 'Duomo']",Teatro Romano,"['Santa Anastasia', 'AMO', 'Palazzo della Ragione', 'Museo Conte', 'Centro Fotografia']",Casa Giulietta,strategy_nearest,False,0.003203868865966797,success
044F894A9C4C80,0,['Arena'],Castelvecchio,"['Museo Lapidario', 'Verona Tour', 'Museo Radio', 'San Zeno', 'Sighseeing']",Teatro Romano,strategy_nearest,False,0.0020551681518554688,success
044F904A9C4C80,1,"['Torre Lamberti', 'Palazzo della Ragione']",Casa Giulietta,"['Centro Fotografia', 'Sighseeing', 'Museo Conte', 'Museo Radio', 'San Fermo']",San Fermo,strategy_nearest,True,0.002746105194091797,success
044F93429C4C80,3,['Arena'],Casa Giulietta,"['Centro Fotografia', 'Sighseeing', 'Torre Lamberti', 'Museo Conte', 'Museo Radio']",Santa Anastasia,strategy_nearest,False,0.00290679931640625,success
044FA1429C4C80,0,['Arena'],Torre Lamberti,"['Sighseeing', 'Centro Fotografia', 'Museo Conte', 'Casa Giulietta', 'Palazzo della Ragione']",Castelvecchio,strategy_nearest,False,0.002003192901611328,success
044FAE429C4C80,3,"['Arena', 'Casa Giulietta']",Duomo,"['AMO', 'Museo Miniscalchi', 'Santa Anastasia', 'Teatro Romano', 'Palazzo della Ragione']",Castelvecchio,strategy_nearest,False,0.003036975860595703,success
044FA14A9C4C80,1,"['Arena', 'Casa Giulietta', 'Palazzo della Ragione']",Torre Lamberti,"['Sighseeing', 'Centro Fotografia', 'Museo Conte', 'AMO', 'Museo Miniscalchi']",Santa Anastasia,strategy_nearest,False,0.002507925033569336,success
044FC0429C4C80,2,"['Museo Lapidario', 'Castelvecchio']",Duomo,"['AMO', 'Museo Miniscalchi', 'Santa Anastasia', 'Teatro Romano', 'Palazzo della Ragione']",Santa Anastasia,strategy_nearest,True,0.0014247894287109375,success
044FCA429C4C80,3,"['Arena', 'Torre Lamberti']",Casa Giulietta,"['Centro Fotografia', 'Sighseeing', 'Museo Conte', 'Museo Radio', 'Palazzo della Ragione']",Santa Anastasia,strategy_nearest,False,0.002895832061767578,success
044FB8429C4C80,0,['Casa Giulietta'],Arena,"['Verona Tour', 'Museo Lapidario', 'Museo Radio', 'San Fermo', 'Sighseeing']",Torre Lamberti,strategy_nearest,False,0.0028710365295410156,success
044FD9429C4C80,1,"['Arena', 'Castelvecchio']",Torre Lamberti,"['Sighseeing', 'Centro Fotografia', 'Museo Conte', 'Casa Giulietta', 'Palazzo della Ragione']",Palazzo della Ragione,strategy_nearest,True,0.004030942916870117,success
044FE53A9C4C80,3,"['Arena', 'Museo Storia']",Casa Giulietta,"['Centro Fotografia', 'Sighseeing', 'Torre Lamberti', 'Museo Conte', 'Museo Radio']",Santa Anastasia,strategy_nearest,False,0.002995014190673828,success
044FDD3A9C4C80,0,['Arena'],Torre Lamberti,"['Sighseeing', 'Centro Fotografia', 'Museo Conte', 'Casa Giulietta', 'Palazzo della Ragione']",Teatro Romano,strategy_nearest,False,0.0022232532501220703,success
044FFC3A9C4C80,3,['Arena'],Torre Lamberti,"['Sighseeing', 'Centro Fotografia', 'Museo Conte', 'Casa Giulietta', 'Palazzo della Ragione']",Santa Anastasia,strategy_nearest,False,0.0027315616607666016,success
0450013A9C4C84,1,"['Museo Lapidario', 'Arena', 'Castelvecchio', 'Duomo']",Teatro Romano,"['Santa Anastasia', 'AMO', 'Palazzo della Ragione', 'Museo Conte', 'Centro Fotografia']",Santa Anastasia,strategy_nearest,True,0.003061056137084961,success
04500C3A9C4C84,0,['Arena'],Casa Giulietta,"['Centro Fotografia', 'Sighseeing', 'Torre Lamberti', 'Museo Conte', 'Museo Radio']",Santa Anastasia,strategy_nearest,False,0.0017800331115722656,success
045019429C4C84,3,['Arena'],Santa Anastasia,"['AMO', 'Museo Conte', 'Palazzo della Ragione', 'Teatro Romano', 'Centro Fotografia']",Torre Lamberti,strategy_nearest,False,0.002424001693725586,success
045011429C4C84,2,['Palazzo della Ragione'],Casa Giulietta,"['Centro Fotografia', 'Sighseeing', 'Torre Lamberti', 'Museo Conte', 'Museo Radio']",Giardino Giusti,strategy_nearest,False,0.0034351348876953125,success
045018429C4C84,3,['Arena'],Torre Lamberti,"['Sighseeing', 'Centro Fotografia', 'Museo Conte', 'Casa Giulietta', 'Palazzo della Ragione']",Duomo,strategy_nearest,False,0.002162933349609375,success
04501E3A9C4C80,0,['Arena'],Santa Anastasia,"['AMO', 'Museo Conte', 'Palazzo della Ragione', 'Teatro Romano', 'Centro Fotografia']",Casa Giulietta,strategy_nearest,False,0.002043008804321289,success
04501D3A9C4C80,0,"['Castelvecchio', 'Arena']",Casa Giulietta,"['Centro Fotografia', 'Sighseeing', 'Torre Lamberti', 'Museo Conte', 'Museo Radio']",Torre Lamberti,strategy_nearest,True,0.0020601749420166016,success
0450203A9C4C80,1,"['Arena', 'San Zeno']",Torre Lamberti,"['Sighseeing', 'Centro Fotografia', 'Museo Conte', 'Casa Giulietta', 'Palazzo della Ragione']",Santa Anastasia,strategy_nearest,False,0.0025610923767089844,success
0450223A9C4C80,2,"['Duomo', 'Casa Giulietta']",San Fermo,"['Museo Storia', 'Museo Radio', 'Centro Fotografia', 'Arena', 'Sighseeing']",Santa Anastasia,strategy_nearest,False,0.0030252933502197266,success
0450243A9C4C80,3,['Arena'],Casa Giulietta,"['Centro Fotografia', 'Sighseeing', 'Torre Lamberti', 'Museo Conte', 'Museo Radio']",Santa Anastasia,strategy_nearest,False,0.0020780563354492188,success
04502F429C4C80,2,['Castelvecchio'],Santa Anastasia,"['AMO', 'Museo Conte', 'Palazzo della Ragione', 'Teatro Romano', 'Centro Fotografia']",Duomo,strategy_nearest,False,0.0026009082794189453,success
0450253A9C4C80,3,['Arena'],Casa Giulietta,"['Centro Fotografia', 'Sighseeing', 'Torre Lamberti', 'Museo Conte', 'Museo Radio']",Santa Anastasia,strategy_nearest,False,0.0027000904083251953,success
045031429C4C80,3,"['Teatro Romano', 'Duomo']",Castelvecchio,"['Museo Lapidario', 'Verona Tour', 'Arena', 'Museo Radio', 'San Zeno']",San Zeno,strategy_nearest,True,0.003053903579711914,success
0450323A9C4C80,2,['Teatro Romano'],Duomo,"['AMO', 'Museo Miniscalchi', 'Santa Anastasia', 'Palazzo della Ragione', 'Museo Conte']",Santa Anastasia,strategy_nearest,True,0.0018219947814941406,success
0450413A9C4C80,1,"['Arena', 'Tomba Giulietta', 'Museo Lapidario', 'Castelvecchio']",Torre Lamberti,"['Sighseeing', 'Centro Fotografia', 'Museo Conte', 'Casa Giulietta', 'Palazzo della Ragione']",Palazzo della Ragione,strategy_nearest,True,0.0025637149810791016,success
0450354A9C4C80,3,"['Arena', 'San Fermo']",Santa Anastasia,"['AMO', 'Museo Conte', 'Palazzo della Ragione', 'Teatro Romano', 'Centro Fotografia']",Torre Lamberti,strategy_nearest,False,0.0020787715911865234,success
04504C3A9C4C80,1,"['Arena', 'Castelvecchio', 'Casa Giulietta', 'Palazzo della Ragione']",Torre Lamberti,"['Sighseeing', 'Centro Fotografia', 'Museo Conte', 'AMO', 'Museo Miniscalchi']",Santa Anastasia,strategy_nearest,False,0.0025751590728759766,success
045062429C4C80,3,"['Arena', 'Santa Anastasia']",Duomo,"['AMO', 'Museo Miniscalchi', 'Teatro Romano', 'Palazzo della Ragione', 'Museo Conte']",Torre Lamberti,strategy_nearest,False,0.002351045608520508,success
0450533A9C4C80,1,"['Arena', 'Casa Giulietta', 'San Fermo', 'Torre Lamberti']",Palazzo della Ragione,"['AMO', 'Museo Conte', 'Centro Fotografia', 'Sighseeing', 'Santa Anastasia']",Santa Anastasia,strategy_nearest,True,0.002576112747192383,success
0450743A9C4C80,0,['Arena'],Casa Giulietta,"['Centro Fotografia', 'Sighseeing', 'Torre Lamberti', 'Museo Conte', 'Museo Radio']",Castelvecchio,strategy_nearest,False,0.003644227981567383,success
04507C3A9C4C80,0,"['Arena', 'San Zeno']",Castelvecchio,"['Museo Lapidario', 'Verona Tour', 'Museo Radio', 'Sighseeing', 'Museo Miniscalchi']",Casa Giulietta,strategy_nearest,False,0.0020110607147216797,success
04507D3A9C4C80,0,['Arena'],Casa Giulietta,"['Centro Fotografia', 'Sighseeing', 'Torre Lamberti', 'Museo Conte', 'Museo Radio']",Torre Lamberti,strategy_nearest,True,0.002711057662963867,success
04507F4A9C4C80,3,['Arena'],Casa Giulietta,"['Centro Fotografia', 'Sighseeing', 'Torre Lamberti', 'Museo Conte', 'Museo Radio']",Duomo,strategy_nearest,False,0.0032770633697509766,success
04508A429C4C80,0,['Arena'],Palazzo della Ragione,"['AMO', 'Museo Conte', 'Torre Lamberti', 'Centro Fotografia', 'Sighseeing']",Casa Giulietta,strategy_nearest,False,0.0026009082794189453,success
04508B429C4C80,0,"['Arena', 'Casa Giulietta']",Torre Lamberti,"['Sighseeing', 'Centro Fotografia', 'Museo Conte', 'Palazzo della Ragione', 'AMO']",Museo Lapidario,strategy_nearest,False,0.0012159347534179688,success
045092429C4C80,0,"['Arena', 'Torre Lamberti']",Casa Giulietta,"['Centro Fotografia', 'Sighseeing', 'Museo Conte', 'Museo Radio', 'Palazzo della Ragione']",Duomo,strategy_nearest,False,0.0026280879974365234,success
0450A74A9C4C80,0,['Duomo'],Casa Giulietta,"['Centro Fotografia', 'Sighseeing', 'Torre Lamberti', 'Museo Conte', 'Museo Radio']",Arena,strategy_nearest,False,0.0029420852661132812,success
045099429C4C80,0,['Castelvecchio'],Arena,"['Verona Tour', 'Museo Lapidario', 'Museo Radio', 'San Fermo', 'Casa Giulietta']",Tomba Giulietta,strategy_nearest,False,0.002871990203857422,success
0450AC429C4C80,3,"['Arena', 'Casa Giulietta', 'Torre Lamberti']",Santa Anastasia,"['AMO', 'Museo Conte', 'Palazzo della Ragione', 'Teatro Romano', 'Centro Fotografia']",Duomo,strategy_nearest,False,0.003383159637451172,success
0450B03A9C4C80,0,['San Zeno'],Teatro Romano,"['Santa Anastasia', 'Duomo', 'AMO', 'Palazzo della Ragione', 'Museo Conte']",Castelvecchio,strategy_nearest,False,0.0025899410247802734,success
0450B63A9C4C80,3,"['Duomo', 'Teatro Romano']",San Zeno,"['Castelvecchio', 'Verona Tour', 'Museo Lapidario', 'Arena', 'Museo Miniscalchi']",Arena,strategy_nearest,True,0.002844095230102539,success
0450B4429C4C80,0,['Castelvecchio'],Arena,"['Verona Tour', 'Museo Lapidario', 'Museo Radio', 'San Fermo', 'Casa Giulietta']",Casa Giulietta,strategy_nearest,True,0.0025260448455810547,success
0450B43A9C4C80,0,['Arena'],Casa Giulietta,"['Centro Fotografia', 'Sighseeing', 'Torre Lamberti', 'Museo Conte', 'Museo Radio']",Duomo,strategy_nearest,False,0.0038559436798095703,success
0450BB429C4C80,0,['Teatro Romano'],Arena,"['Verona Tour', 'Museo Lapidario', 'Museo Radio', 'San Fermo', 'Casa Giulietta']",Casa Giulietta,strategy_nearest,True,0.0014889240264892578,success
0450C0429C4C80,2,"['Castelvecchio', 'Casa Giulietta']",Santa Anastasia,"['AMO', 'Museo Conte', 'Palazzo della Ragione', 'Teatro Romano', 'Centro Fotografia']",Teatro Romano,strategy_nearest,True,0.0021753311157226562,success
0450C73A9C4C80,3,"['Duomo', 'Casa Giulietta', 'Arena']",Castelvecchio,"['Museo Lapidario', 'Verona Tour', 'Museo Radio', 'San Zeno', 'Sighseeing']",Teatro Romano,strategy_nearest,False,0.002485036849975586,success
0450C43A9C4C80,2,['Torre Lamberti'],Palazzo della Ragione,"['AMO', 'Museo Conte', 'Centro Fotografia', 'Sighseeing', 'Santa Anastasia']",Santa Anastasia,strategy_nearest,True,0.0040760040283203125,success
0450C83A9C4C80,0,['Arena'],Torre Lamberti,"['Sighseeing', 'Centro Fotografia', 'Museo Conte', 'Casa Giulietta', 'Palazzo della Ragione']",Casa Giulietta,strategy_nearest,True,0.002287149429321289,success
0450CA429C4C80,3,"['Arena', 'Castelvecchio']",Duomo,"['AMO', 'Museo Miniscalchi', 'Santa Anastasia', 'Teatro Romano', 'Palazzo della Ragione']",Santa Anastasia,strategy_nearest,True,0.002730131149291992,success
0450DA429C4C80,3,['Castelvecchio'],Torre Lamberti,"['Sighseeing', 'Centro Fotografia', 'Museo Conte', 'Casa Giulietta', 'Palazzo della Ragione']",Santa Anastasia,strategy_nearest,False,0.0025081634521484375,success
0450CD3A9C4C80,2,['Tomba Giulietta'],Castelvecchio,"['Museo Lapidario', 'Verona Tour', 'Arena', 'Museo Radio', 'San Zeno']",Torre Lamberti,strategy_nearest,False,0.0036330223083496094,success
0450D33A9C4C80,0,"['Arena', 'Casa Giulietta']",Torre Lamberti,"['Sighseeing', 'Centro Fotografia', 'Museo Conte', 'Palazzo della Ragione', 'AMO']",Castelvecchio,strategy_nearest,False,0.0032820701599121094,success
0450DC429C4C80,0,['Arena'],Casa Giulietta,"['Centro Fotografia', 'Sighseeing', 'Torre Lamberti', 'Museo Conte', 'Museo Radio']",Santa Anastasia,strategy_nearest,False,0.0023691654205322266,success
0450DC3A9C4C80,3,"['Arena', 'Duomo', 'Santa Anastasia']",Torre Lamberti,"['Sighseeing', 'Centro Fotografia', 'Museo Conte', 'Casa Giulietta', 'Palazzo della Ragione']",Casa Giulietta,strategy_nearest,True,0.005148172378540039,success
0450DD3A9C4C80,3,"['Arena', 'Tomba Giulietta']",San Fermo,"['Museo Storia', 'Museo Radio', 'Casa Giulietta', 'Centro Fotografia', 'Sighseeing']",Casa Giulietta,strategy_nearest,True,0.0016450881958007812,success
0450E53A9C4C80,3,['Arena'],Santa Anastasia,"['AMO', 'Museo Conte', 'Palazzo della Ragione', 'Teatro Romano', 'Centro Fotografia']",Duomo,strategy_nearest,False,0.0035080909729003906,success
0450F1429C4C80,3,"['Castelvecchio', 'San Zeno', 'Arena']",Tomba Giulietta,"['San Fermo', 'Museo Storia', 'Museo Lapidario', 'Museo Radio', 'Verona Tour']",San Fermo,strategy_nearest,True,0.002238035202026367,success
0450F23A9C4C80,3,"['San Zeno', 'Arena']",Casa Giulietta,"['Centro Fotografia', 'Sighseeing', 'Torre Lamberti', 'Museo Conte', 'Museo Radio']",Santa Anastasia,strategy_nearest,False,0.0015807151794433594,success
0450EE3A9C4C80,3,['Arena'],Santa Anastasia,"['AMO', 'Museo Conte', 'Palazzo della Ragione', 'Teatro Romano', 'Centro Fotografia']",Duomo,strategy_nearest,False,0.0030488967895507812,success
04511A3A9C4C84,1,['Arena'],Casa Giulietta,"['Centro Fotografia', 'Sighseeing', 'Torre Lamberti', 'Museo Conte', 'Museo Radio']",Palazzo della Ragione,strategy_nearest,False,0.0027022361755371094,success
0450F5429C4C80,3,"['Torre Lamberti', 'Santa Anastasia', 'Duomo', 'Teatro Romano']",Casa Giulietta,"['Centro Fotografia', 'Sighseeing', 'Museo Conte', 'Museo Radio', 'Palazzo della Ragione']",Arena,strategy_nearest,False,0.00427699089050293,success
0450FA429C4C80,1,"['Casa Giulietta', 'Torre Lamberti', 'Palazzo della Ragione']",Duomo,"['AMO', 'Museo Miniscalchi', 'Santa Anastasia', 'Teatro Romano', 'Museo Conte']",Arena,strategy_nearest,False,0.003710031509399414,success
0451073A9C4C84,0,['Arena'],San Zeno,"['Castelvecchio', 'Verona Tour', 'Museo Lapidario', 'Museo Miniscalchi', 'Sighseeing']",Casa Giulietta,strategy_nearest,False,0.0021610260009765625,success
04511A429C4C84,3,"['Arena', 'Duomo']",Santa Anastasia,"['AMO', 'Museo Conte', 'Palazzo della Ragione', 'Teatro Romano', 'Centro Fotografia']",Casa Giulietta,strategy_nearest,False,0.001058816909790039,success
04512A429C4C80,3,"['San Zeno', 'Castelvecchio', 'Museo Lapidario', 'Arena']",Casa Giulietta,"['Centro Fotografia', 'Sighseeing', 'Torre Lamberti', 'Museo Conte', 'Museo Radio']",Santa Anastasia,strategy_nearest,False,0.0020728111267089844,success
0451253A9C4C80,0,['Arena'],Museo Lapidario,"['Verona Tour', 'Castelvecchio', 'Museo Radio', 'San Fermo', 'Casa Giulietta']",Castelvecchio,strategy_nearest,True,0.002825021743774414,success
04512D3A9C4C80,2,['Duomo'],Torre Lamberti,"['Sighseeing', 'Centro Fotografia', 'Museo Conte', 'Casa Giulietta', 'Palazzo della Ragione']",Palazzo della Ragione,strategy_nearest,True,0.0035719871520996094,success
04512E429C4C80,3,"['Castelvecchio', 'San Zeno']",Santa Anastasia,"['AMO', 'Museo Conte', 'Palazzo della Ragione', 'Teatro Romano', 'Centro Fotografia']",Teatro Romano,strategy_nearest,True,0.0023500919342041016,success
0451323A9C4C80,1,"['Torre Lamberti', 'Santa Anastasia', 'Teatro Romano']",Duomo,"['AMO', 'Museo Miniscalchi', 'Palazzo della Ragione', 'Museo Conte', 'Centro Fotografia']",Casa Giulietta,strategy_nearest,False,0.002256155014038086,success
04512E3A9C4C80,3,['Arena'],Santa Anastasia,"['AMO', 'Museo Conte', 'Palazzo della Ragione', 'Teatro Romano', 'Centro Fotografia']",Duomo,strategy_nearest,False,0.0027151107788085938,success
045132429C4C80,3,"['Duomo', 'Santa Anastasia']",Torre Lamberti,"['Sighseeing', 'Centro Fotografia', 'Museo Conte', 'Casa Giulietta', 'Palazzo della Ragione']",San Fermo,strategy_nearest,False,0.0036580562591552734,success
0451373A9C4C80,1,"['Torre Lamberti', 'Santa Anastasia', 'San Fermo', 'Teatro Romano']",Duomo,"['AMO', 'Museo Miniscalchi', 'Palazzo della Ragione', 'Museo Conte', 'Centro Fotografia']",Casa Giulietta,strategy_nearest,False,0.002331972122192383,success
04513D4A9C4C80,1,"['Arena', 'Museo Lapidario', 'Duomo']",Santa Anastasia,"['AMO', 'Museo Conte', 'Palazzo della Ragione', 'Teatro Romano', 'Centro Fotografia']",Torre Lamberti,strategy_nearest,False,0.003171205520629883,success
04513C4A9C4C80,1,"['Tomba Giulietta', 'San Fermo', 'Arena', 'Castelvecchio']",Duomo,"['AMO', 'Museo Miniscalchi', 'Santa Anastasia', 'Teatro Romano', 'Palazzo della Ragione']",Palazzo della Ragione,strategy_nearest,True,0.002927064895629883,success
045160429C4C80,1,['Arena'],Casa Giulietta,"['Centro Fotografia', 'Sighseeing', 'Torre Lamberti', 'Museo Conte', 'Museo Radio']",Torre Lamberti,strategy_nearest,True,0.0018901824951171875,success
045154429C4C80,0,['Arena'],Castelvecchio,"['Museo Lapidario', 'Verona Tour', 'Museo Radio', 'San Zeno', 'Sighseeing']",Casa Giulietta,strategy_nearest,False,0.0015180110931396484,success
045156429C4C80,3,"['Casa Giulietta', 'Teatro Romano', 'San Zeno']",San Fermo,"['Museo Storia', 'Museo Radio', 'Centro Fotografia', 'Arena', 'Sighseeing']",Duomo,strategy_nearest,False,0.0026700496673583984,success
045162429C4C80,0,['Arena'],Casa Giulietta,"['Centro Fotografia', 'Sighseeing', 'Torre Lamberti', 'Museo Conte', 'Museo Radio']",Tomba Giulietta,strategy_nearest,False,0.003342151641845703,success
045165429C4C80,2,['Casa Giulietta'],Torre Lamberti,"['Sighseeing', 'Centro Fotografia', 'Museo Conte', 'Palazzo della Ragione', 'AMO']",Tomba Giulietta,strategy_nearest,False,0.0018641948699951172,success
0451683A9C4C80,3,"['Castelvecchio', 'Santa Anastasia', 'Torre Lamberti']",Casa Giulietta,"['Centro Fotografia', 'Sighseeing', 'Museo Conte', 'Museo Radio', 'Palazzo della Ragione']",Giardino Giusti,strategy_nearest,False,0.0023398399353027344,success
0451693A9C4C80,2,"['Castelvecchio', 'Casa Giulietta']",Teatro Romano,"['Santa Anastasia', 'Duomo', 'AMO', 'Palazzo della Ragione', 'Museo Conte']",Torre Lamberti,strategy_nearest,False,0.002374887466430664,success
045173429C4C80,0,['Arena'],Tomba Giulietta,"['San Fermo', 'Museo Storia', 'Museo Lapidario', 'Museo Radio', 'Verona Tour']",Castelvecchio,strategy_nearest,False,0.002441883087158203,success
0451723A9C4C80,3,"['Arena', 'Torre Lamberti', 'Casa Giulietta']",Santa Anastasia,"['AMO', 'Museo Conte', 'Palazzo della Ragione', 'Teatro Romano', 'Centro Fotografia']",Duomo,strategy_nearest,False,0.0025582313537597656,success
0451793A9C4C80,1,"['Arena', 'Duomo']",Palazzo della Ragione,"['AMO', 'Museo Conte', 'Torre Lamberti', 'Centro Fotografia', 'Sighseeing']",Torre Lamberti,strategy_nearest,True,0.0024938583374023438,success
045179429C4C80,1,"['Arena', 'Casa Giulietta']",Palazzo della Ragione,"['AMO', 'Museo Conte', 'Torre Lamberti', 'Centro Fotografia', 'Sighseeing']",Torre Lamberti,strategy_nearest,True,0.002246856689453125,success
0451824A9C4C80,0,['Arena'],Casa Giulietta,"['Centro Fotografia', 'Sighseeing', 'Torre Lamberti', 'Museo Conte', 'Museo Radio']",Teatro Romano,strategy_nearest,False,0.0019330978393554688,success
045182429C4C80,1,"['Museo Lapidario', 'Museo Lapidario', 'Arena']",Casa Giulietta,"['Centro Fotografia', 'Sighseeing', 'Torre Lamberti', 'Museo Conte', 'Museo Radio']",Torre Lamberti,strategy_nearest,True,0.0027780532836914062,success
04518E429C4C80,0,['Arena'],San Zeno,"['Castelvecchio', 'Verona Tour', 'Museo Lapidario', 'Museo Miniscalchi', 'Sighseeing']",Torre Lamberti,strategy_nearest,False,0.002424001693725586,success
0451924A9C4C80,2,"['San Fermo', 'Tomba Giulietta']",Palazzo della Ragione,"['AMO', 'Museo Conte', 'Torre Lamberti', 'Centro Fotografia', 'Sighseeing']",Torre Lamberti,strategy_nearest,True,0.0024809837341308594,success
0451904A9C4C80,0,['Arena'],Casa Giulietta,"['Centro Fotografia', 'Sighseeing', 'Torre Lamberti', 'Museo Conte', 'Museo Radio']",Tomba Giulietta,strategy_nearest,False,0.0032501220703125,success
04519A429C4C80,0,['Arena'],Casa Giulietta,"['Centro Fotografia', 'Sighseeing', 'Torre Lamberti', 'Museo Conte', 'Museo Radio']",Duomo,strategy_nearest,False,0.002408266067504883,success
0451AA3A9C4C80,0,['Arena'],Castelvecchio,"['Museo Lapidario', 'Verona Tour', 'Museo Radio', 'San Zeno', 'Sighseeing']",Casa Giulietta,strategy_nearest,False,0.0017061233520507812,success
0451AB429C4C80,3,"['Teatro Romano', 'Santa Anastasia']",Torre Lamberti,"['Sighseeing', 'Centro Fotografia', 'Museo Conte', 'Casa Giulietta', 'Palazzo della Ragione']",Castelvecchio,strategy_nearest,False,0.0023598670959472656,success
0451B1429C4C80,3,"['Arena', 'Casa Giulietta']",Santa Anastasia,"['AMO', 'Museo Conte', 'Palazzo della Ragione', 'Teatro Romano', 'Centro Fotografia']",Duomo,strategy_nearest,False,0.002431154251098633,success
0451AC429C4C80,3,"['Arena', 'Castelvecchio']",Torre Lamberti,"['Sighseeing', 'Centro Fotografia', 'Museo Conte', 'Casa Giulietta', 'Palazzo della Ragione']",Santa Anastasia,strategy_nearest,False,0.003295421600341797,success
0451B33A9C4C80,1,"['Arena', 'Casa Giulietta']",Palazzo della Ragione,"['AMO', 'Museo Conte', 'Torre Lamberti', 'Centro Fotografia', 'Sighseeing']",Torre Lamberti,strategy_nearest,True,0.002404928207397461,success
0451B3429C4C80,3,"['Arena', 'Tomba Giulietta']",Casa Giulietta,"['Centro Fotografia', 'Sighseeing', 'Torre Lamberti', 'Museo Conte', 'Museo Radio']",Torre Lamberti,strategy_nearest,True,0.0019390583038330078,success
0451BE3A9C4C80,1,"['Arena', 'Torre Lamberti']",Palazzo della Ragione,"['AMO', 'Museo Conte', 'Centro Fotografia', 'Sighseeing', 'Santa Anastasia']",Casa Giulietta,strategy_nearest,False,0.0021507740020751953,success
0451C33A9C4C80,0,['Arena'],Casa Giulietta,"['Centro Fotografia', 'Sighseeing', 'Torre Lamberti', 'Museo Conte', 'Museo Radio']",Torre Lamberti,strategy_nearest,True,0.0024127960205078125,success
0451C13A9C4C80,1,"['San Zeno', 'Castelvecchio', 'Arena']",Casa Giulietta,"['Centro Fotografia', 'Sighseeing', 'Torre Lamberti', 'Museo Conte', 'Museo Radio']",Palazzo della Ragione,strategy_nearest,False,0.003271818161010742,success
0451C8429C4C80,3,"['San Fermo', 'Santa Anastasia']",Casa Giulietta,"['Centro Fotografia', 'Sighseeing', 'Torre Lamberti', 'Museo Conte', 'Museo Radio']",Duomo,strategy_nearest,False,0.001741170883178711,success
0451C73A9C4C80,3,"['Castelvecchio', 'Arena', 'Tomba Giulietta']",Casa Giulietta,"['Centro Fotografia', 'Sighseeing', 'Torre Lamberti', 'Museo Conte', 'Museo Radio']",Santa Anastasia,strategy_nearest,False,0.0029518604278564453,success
0451CA429C4C80,1,"['Arena', 'Casa Giulietta', 'Torre Lamberti']",Palazzo della Ragione,"['AMO', 'Museo Conte', 'Centro Fotografia', 'Sighseeing', 'Santa Anastasia']",Teatro Romano,strategy_nearest,False,0.0027451515197753906,success
0451CD3A9C4C80,1,"['Teatro Romano', 'Santa Anastasia', 'Casa Giulietta']",Palazzo della Ragione,"['AMO', 'Museo Conte', 'Torre Lamberti', 'Centro Fotografia', 'Sighseeing']",Torre Lamberti,strategy_nearest,True,0.00315093994140625,success
0451CF3A9C4C80,3,"['Arena', 'Torre Lamberti']",Casa Giulietta,"['Centro Fotografia', 'Sighseeing', 'Museo Conte', 'Museo Radio', 'Palazzo della Ragione']",San Fermo,strategy_nearest,False,0.0027480125427246094,success
0451E13A9C4C80,0,['Arena'],Tomba Giulietta,"['San Fermo', 'Museo Storia', 'Museo Lapidario', 'Museo Radio', 'Verona Tour']",Castelvecchio,strategy_nearest,False,0.0026140213012695312,success
0451DC429C4C80,1,['Arena'],Teatro Romano,"['Santa Anastasia', 'Duomo', 'AMO', 'Palazzo della Ragione', 'Museo Conte']",Palazzo della Ragione,strategy_nearest,True,0.0026040077209472656,success
0451DF3A9C4C80,0,['Arena'],Castelvecchio,"['Museo Lapidario', 'Verona Tour', 'Museo Radio', 'San Zeno', 'Sighseeing']",Casa Giulietta,strategy_nearest,False,0.0034270286560058594,success
0451E23A9C4C80,2,['Santa Anastasia'],Casa Giulietta,"['Centro Fotografia', 'Sighseeing', 'Torre Lamberti', 'Museo Conte', 'Museo Radio']",Tomba Giulietta,strategy_nearest,False,0.002863168716430664,success
0451E33A9C4C80,3,"['Arena', 'San Zeno']",Castelvecchio,"['Museo Lapidario', 'Verona Tour', 'Museo Radio', 'Sighseeing', 'Museo Miniscalchi']",San Fermo,strategy_nearest,False,0.0025849342346191406,success
0451E3429C4C80,3,"['Arena', 'San Zeno', 'Castelvecchio']",Teatro Romano,"['Santa Anastasia', 'Duomo', 'AMO', 'Palazzo della Ragione', 'Museo Conte']",Duomo,strategy_nearest,True,0.0019989013671875,success
0451E73A9C4C80,3,"['Arena', 'San Zeno']",Castelvecchio,"['Museo Lapidario', 'Verona Tour', 'Museo Radio', 'Sighseeing', 'Museo Miniscalchi']",Duomo,strategy_nearest,False,0.0033512115478515625,success
0451EC3A9C4C80,3,"['Arena', 'Casa Giulietta', 'Torre Lamberti']",Santa Anastasia,"['AMO', 'Museo Conte', 'Palazzo della Ragione', 'Teatro Romano', 'Centro Fotografia']",Duomo,strategy_nearest,False,0.0018019676208496094,success
0451F23A9C4C80,3,"['Arena', 'Torre Lamberti']",Santa Anastasia,"['AMO', 'Museo Conte', 'Palazzo della Ragione', 'Teatro Romano', 'Centro Fotografia']",Duomo,strategy_nearest,False,0.0026831626892089844,success
0451FA3A9C4C80,0,['Arena'],Casa Giulietta,"['Centro Fotografia', 'Sighseeing', 'Torre Lamberti', 'Museo Conte', 'Museo Radio']",Torre Lamberti,strategy_nearest,True,0.003448009490966797,success
04520B429C4C84,0,['Arena'],San Fermo,"['Museo Storia', 'Museo Radio', 'Casa Giulietta', 'Centro Fotografia', 'Sighseeing']",Torre Lamberti,strategy_nearest,False,0.0032472610473632812,success
0451F6429C4C80,3,"['Duomo', 'Teatro Romano', 'Castelvecchio']",Arena,"['Verona Tour', 'Museo Lapidario', 'Museo Radio', 'San Fermo', 'Casa Giulietta']",Casa Giulietta,strategy_nearest,True,0.003652811050415039,success
04520C429C4C84,2,['Teatro Romano'],Torre Lamberti,"['Sighseeing', 'Centro Fotografia', 'Museo Conte', 'Casa Giulietta', 'Palazzo della Ragione']",Casa Giulietta,strategy_nearest,True,0.0014810562133789062,success
0452263A9C4C80,3,['Arena'],Casa Giulietta,"['Centro Fotografia', 'Sighseeing', 'Torre Lamberti', 'Museo Conte', 'Museo Radio']",Torre Lamberti,strategy_nearest,True,0.0024170875549316406,success
045216429C4C84,3,['Santa Anastasia'],Torre Lamberti,"['Sighseeing', 'Centro Fotografia', 'Museo Conte', 'Casa Giulietta', 'Palazzo della Ragione']",Arena,strategy_nearest,False,0.0021812915802001953,success
0452123A9C4C84,3,['Arena'],Torre Lamberti,"['Sighseeing', 'Centro Fotografia', 'Museo Conte', 'Casa Giulietta', 'Palazzo della Ragione']",Duomo,strategy_nearest,False,0.003412008285522461,success
04522B4A9C4C80,2,['Teatro Romano'],Duomo,"['AMO', 'Museo Miniscalchi', 'Santa Anastasia', 'Palazzo della Ragione', 'Museo Conte']",Santa Anastasia,strategy_nearest,True,0.0016429424285888672,success
04522D429C4C80,0,['Museo Lapidario'],Castelvecchio,"['Verona Tour', 'Arena', 'Museo Radio', 'San Zeno', 'Sighseeing']",Casa Giulietta,strategy_nearest,False,0.0021181106567382812,success
0452353A9C4C80,3,"['Arena', 'Torre Lamberti']",Casa Giulietta,"['Centro Fotografia', 'Sighseeing', 'Museo Conte', 'Museo Radio', 'Palazzo della Ragione']",San Fermo,strategy_nearest,False,0.0031719207763671875,success
04522D4A9C4C80,2,"['Casa Giulietta', 'Castelvecchio']",Santa Anastasia,"['AMO', 'Museo Conte', 'Palazzo della Ragione', 'Teatro Romano', 'Centro Fotografia']",Teatro Romano,strategy_nearest,True,0.0026950836181640625,success
0452393A9C4C80,1,"['Arena', 'Casa Giulietta', 'Torre Lamberti']",Palazzo della Ragione,"['AMO', 'Museo Conte', 'Centro Fotografia', 'Sighseeing', 'Santa Anastasia']",Teatro Romano,strategy_nearest,False,0.002039194107055664,success
0452374A9C4C80,6,"['Arena', 'Casa Giulietta', 'Santa Anastasia']",Castelvecchio,"['Museo Lapidario', 'Verona Tour', 'Museo Radio', 'San Zeno', 'Sighseeing']",San Zeno,strategy_nearest,True,0.0026710033416748047,success
045235429C4C80,2,"['Casa Giulietta', 'Torre Lamberti']",Santa Anastasia,"['AMO', 'Museo Conte', 'Palazzo della Ragione', 'Teatro Romano', 'Centro Fotografia']",Teatro Romano,strategy_nearest,True,0.0012040138244628906,success
04523B429C4C80,3,"['Casa Giulietta', 'San Zeno', 'Castelvecchio']",Arena,"['Verona Tour', 'Museo Lapidario', 'Museo Radio', 'San Fermo', 'Sighseeing']",Duomo,strategy_nearest,False,0.0031931400299072266,success
0452433A9C4C80,0,['Arena'],Castelvecchio,"['Museo Lapidario', 'Verona Tour', 'Museo Radio', 'San Zeno', 'Sighseeing']",Casa Giulietta,strategy_nearest,False,0.002053976058959961,success
04525D429C4C80,0,['Arena'],Casa Giulietta,"['Centro Fotografia', 'Sighseeing', 'Torre Lamberti', 'Museo Conte', 'Museo Radio']",Torre Lamberti,strategy_nearest,True,0.002427816390991211,success
0452453A9C4C80,3,"['Santa Anastasia', 'Duomo', 'Casa Giulietta', 'Tomba Giulietta']",Arena,"['Verona Tour', 'Museo Lapidario', 'Museo Radio', 'San Fermo', 'Sighseeing']",Teatro Romano,strategy_nearest,False,0.0014240741729736328,success
04526D429C4C80,3,"['Casa Giulietta', 'Tomba Giulietta', 'Arena']",Torre Lamberti,"['Sighseeing', 'Centro Fotografia', 'Museo Conte', 'Palazzo della Ragione', 'AMO']",Santa Anastasia,strategy_nearest,False,0.0031719207763671875,success
045275429C4C80,3,['San Zeno'],Santa Anastasia,"['AMO', 'Museo Conte', 'Palazzo della Ragione', 'Teatro Romano', 'Centro Fotografia']",Duomo,strategy_nearest,False,0.0019192695617675781,success
0452723A9C4C80,0,['Arena'],Castelvecchio,"['Museo Lapidario', 'Verona Tour', 'Museo Radio', 'San Zeno', 'Sighseeing']",San Zeno,strategy_nearest,True,0.0018422603607177734,success
0452763A9C4C80,0,"['Casa Giulietta', 'Arena']",Castelvecchio,"['Museo Lapidario', 'Verona Tour', 'Museo Radio', 'San Zeno', 'Sighseeing']",Torre Lamberti,strategy_nearest,False,0.003512144088745117,success
045276429C4C80,3,"['Castelvecchio', 'Arena']",Casa Giulietta,"['Centro Fotografia', 'Sighseeing', 'Torre Lamberti', 'Museo Conte', 'Museo Radio']",Santa Anastasia,strategy_nearest,False,0.0028009414672851562,success
04527F4A9C4C80,3,"['Tomba Giulietta', 'Arena']",Casa Giulietta,"['Centro Fotografia', 'Sighseeing', 'Torre Lamberti', 'Museo Conte', 'Museo Radio']",Torre Lamberti,strategy_nearest,True,0.001986980438232422,success
0452853A9C4C80,2,['Castelvecchio'],Santa Anastasia,"['AMO', 'Museo Conte', 'Palazzo della Ragione', 'Teatro Romano', 'Centro Fotografia']",Duomo,strategy_nearest,False,0.002768993377685547,success
04528C429C4C80,3,['Arena'],Santa Anastasia,"['AMO', 'Museo Conte', 'Palazzo della Ragione', 'Teatro Romano', 'Centro Fotografia']",Torre Lamberti,strategy_nearest,False,0.0027980804443359375,success
04528E429C4C80,0,['Arena'],Casa Giulietta,"['Centro Fotografia', 'Sighseeing', 'Torre Lamberti', 'Museo Conte', 'Museo Radio']",Torre Lamberti,strategy_nearest,True,0.0017087459564208984,success
04528D4A9C4C80,0,['Arena'],Casa Giulietta,"['Centro Fotografia', 'Sighseeing', 'Torre Lamberti', 'Museo Conte', 'Museo Radio']",Santa Anastasia,strategy_nearest,False,0.003213167190551758,success
0452A6429C4C80,1,"['Arena', 'Casa Giulietta']",Torre Lamberti,"['Sighseeing', 'Centro Fotografia', 'Museo Conte', 'Palazzo della Ragione', 'AMO']",Palazzo della Ragione,strategy_nearest,True,0.0022640228271484375,success
0452AC429C4C80,0,['Arena'],Casa Giulietta,"['Centro Fotografia', 'Sighseeing', 'Torre Lamberti', 'Museo Conte', 'Museo Radio']",Torre Lamberti,strategy_nearest,True,0.0019428730010986328,success
0452AA429C4C80,0,['Arena'],Casa Giulietta,"['Centro Fotografia', 'Sighseeing', 'Torre Lamberti', 'Museo Conte', 'Museo Radio']",Torre Lamberti,strategy_nearest,True,0.002669095993041992,success
0452AE3A9C4C80,1,"['Arena', 'Castelvecchio']",Torre Lamberti,"['Sighseeing', 'Centro Fotografia', 'Museo Conte', 'Casa Giulietta', 'Palazzo della Ragione']",Palazzo della Ragione,strategy_nearest,True,0.002540111541748047,success
0452AF429C4C80,0,['Arena'],Casa Giulietta,"['Centro Fotografia', 'Sighseeing', 'Torre Lamberti', 'Museo Conte', 'Museo Radio']",Tomba Giulietta,strategy_nearest,False,0.0027017593383789062,success
0452B7429C4C80,0,['Arena'],Torre Lamberti,"['Sighseeing', 'Centro Fotografia', 'Museo Conte', 'Casa Giulietta', 'Palazzo della Ragione']",Casa Giulietta,strategy_nearest,True,0.0020799636840820312,success
0452B3429C4C80,1,"['Casa Giulietta', 'Casa Giulietta', 'Torre Lamberti']",Palazzo della Ragione,"['AMO', 'Museo Conte', 'Centro Fotografia', 'Sighseeing', 'Santa Anastasia']",Teatro Romano,strategy_nearest,False,0.003304004669189453,success
0452B9429C4C80,3,['Arena'],Santa Anastasia,"['AMO', 'Museo Conte', 'Palazzo della Ragione', 'Teatro Romano', 'Centro Fotografia']",Duomo,strategy_nearest,False,0.0032689571380615234,success
0452C2429C4C80,1,"['Arena', 'Castelvecchio']",Casa Giulietta,"['Centro Fotografia', 'Sighseeing', 'Torre Lamberti', 'Museo Conte', 'Museo Radio']",Torre Lamberti,strategy_nearest,True,0.0017588138580322266,success
0452CD3A9C4C80,3,"['Arena', 'Torre Lamberti']",Santa Anastasia,"['AMO', 'Museo Conte', 'Palazzo della Ragione', 'Teatro Romano', 'Centro Fotografia']",Duomo,strategy_nearest,False,0.0026848316192626953,success
0452CA3A9C4C80,3,"['Arena', 'San Fermo', 'Torre Lamberti']",Santa Anastasia,"['AMO', 'Museo Conte', 'Palazzo della Ragione', 'Teatro Romano', 'Centro Fotografia']",Duomo,strategy_nearest,False,0.002549886703491211,success
0452DE3A9C4C80,2,"['Duomo', 'Tomba Giulietta']",Casa Giulietta,"['Centro Fotografia', 'Sighseeing', 'Torre Lamberti', 'Museo Conte', 'Museo Radio']",Torre Lamberti,strategy_nearest,True,0.003008127212524414,success
0452DF3A9C4C80,3,"['Arena', 'San Fermo']",Torre Lamberti,"['Sighseeing', 'Centro Fotografia', 'Museo Conte', 'Casa Giulietta', 'Palazzo della Ragione']",Giardino Giusti,strategy_nearest,False,0.0017011165618896484,success
0452EB429C4C80,2,['Teatro Romano'],Duomo,"['AMO', 'Museo Miniscalchi', 'Santa Anastasia', 'Palazzo della Ragione', 'Museo Conte']",Torre Lamberti,strategy_nearest,False,0.002080678939819336,success
0452F0429C4C80,1,"['Arena', 'Santa Anastasia', 'Duomo', 'Teatro Romano']",Torre Lamberti,"['Sighseeing', 'Centro Fotografia', 'Museo Conte', 'Casa Giulietta', 'Palazzo della Ragione']",Castelvecchio,strategy_nearest,False,0.0029549598693847656,success
0452EA429C4C80,3,"['Castelvecchio', 'Arena', 'Casa Giulietta']",Santa Anastasia,"['AMO', 'Museo Conte', 'Palazzo della Ragione', 'Teatro Romano', 'Centro Fotografia']",Teatro Romano,strategy_nearest,True,0.0028228759765625,success
0452F23A9C4C80,0,['Arena'],Casa Giulietta,"['Centro Fotografia', 'Sighseeing', 'Torre Lamberti', 'Museo Conte', 'Museo Radio']",Torre Lamberti,strategy_nearest,True,0.0026590824127197266,success
0452F43A9C4C80,3,"['Arena', 'Castelvecchio']",San Zeno,"['Verona Tour', 'Museo Lapidario', 'Museo Miniscalchi', 'Sighseeing', 'Museo Radio']",Teatro Romano,strategy_nearest,False,0.001936197280883789,success
0452F33A9C4C80,3,"['Arena', 'Castelvecchio']",Casa Giulietta,"['Centro Fotografia', 'Sighseeing', 'Torre Lamberti', 'Museo Conte', 'Museo Radio']",Santa Anastasia,strategy_nearest,False,0.002593994140625,success
0452F6429C4C80,3,"['Teatro Romano', 'Duomo', 'Santa Anastasia']",Casa Giulietta,"['Centro Fotografia', 'Sighseeing', 'Torre Lamberti', 'Museo Conte', 'Museo Radio']",Museo Lapidario,strategy_nearest,False,0.003287076950073242,success
0452F93A9C4C80,3,"['Castelvecchio', 'Arena']",Torre Lamberti,"['Sighseeing', 'Centro Fotografia', 'Museo Conte', 'Casa Giulietta', 'Palazzo della Ragione']",Santa Anastasia,strategy_nearest,False,0.0016088485717773438,success
0453083A9C4C84,0,['Arena'],Casa Giulietta,"['Centro Fotografia', 'Sighseeing', 'Torre Lamberti', 'Museo Conte', 'Museo Radio']",Torre Lamberti,strategy_nearest,True,0.002151012420654297,success
04531A3A9C4C80,3,"['Arena', 'Santa Anastasia']",Duomo,"['AMO', 'Museo Miniscalchi', 'Teatro Romano', 'Palazzo della Ragione', 'Museo Conte']",Castelvecchio,strategy_nearest,False,0.0028247833251953125,success
04532A3A9C4C80,3,"['Arena', 'San Fermo', 'Casa Giulietta']",Torre Lamberti,"['Sighseeing', 'Centro Fotografia', 'Museo Conte', 'Palazzo della Ragione', 'AMO']",Santa Anastasia,strategy_nearest,False,0.003314971923828125,success
04532A429C4C80,0,['Arena'],Torre Lamberti,"['Sighseeing', 'Centro Fotografia', 'Museo Conte', 'Casa Giulietta', 'Palazzo della Ragione']",Casa Giulietta,strategy_nearest,True,0.0023050308227539062,success
04532E429C4C80,0,['Arena'],Casa Giulietta,"['Centro Fotografia', 'Sighseeing', 'Torre Lamberti', 'Museo Conte', 'Museo Radio']",Torre Lamberti,strategy_nearest,True,0.0022568702697753906,success
0453303A9C4C80,0,['San Fermo'],Casa Giulietta,"['Centro Fotografia', 'Sighseeing', 'Torre Lamberti', 'Museo Conte', 'Museo Radio']",Arena,strategy_nearest,False,0.0023102760314941406,success
0453334A9C4C80,1,"['Casa Giulietta', 'Palazzo della Ragione']",Torre Lamberti,"['Sighseeing', 'Centro Fotografia', 'Museo Conte', 'AMO', 'Museo Miniscalchi']",Arena,strategy_nearest,False,0.0024869441986083984,success
0453323A9C4C80,3,"['Tomba Giulietta', 'San Fermo', 'Arena', 'Castelvecchio']",San Zeno,"['Verona Tour', 'Museo Lapidario', 'Museo Miniscalchi', 'Sighseeing', 'Museo Radio']",Duomo,strategy_nearest,False,0.002569913864135742,success
04533A3A9C4C80,1,['Arena'],Casa Giulietta,"['Centro Fotografia', 'Sighseeing', 'Torre Lamberti', 'Museo Conte', 'Museo Radio']",Palazzo della Ragione,strategy_nearest,False,0.003025054931640625,success
04533C3A9C4C80,0,['Arena'],Casa Giulietta,"['Centro Fotografia', 'Sighseeing', 'Torre Lamberti', 'Museo Conte', 'Museo Radio']",Castelvecchio,strategy_nearest,False,0.002416849136352539,success
04533D429C4C80,1,"['Castelvecchio', 'Arena', 'Palazzo della Ragione']",Casa Giulietta,"['Centro Fotografia', 'Sighseeing', 'Torre Lamberti', 'Museo Conte', 'Museo Radio']",Teatro Romano,strategy_nearest,False,0.0028159618377685547,success
045348429C4C80,0,['Arena'],Castelvecchio,"['Museo Lapidario', 'Verona Tour', 'Museo Radio', 'San Zeno', 'Sighseeing']",Casa Giulietta,strategy_nearest,False,0.0020089149475097656,success
0453523A9C4C80,0,['Arena'],Castelvecchio,"['Museo Lapidario', 'Verona Tour', 'Museo Radio', 'San Zeno', 'Sighseeing']",Casa Giulietta,strategy_nearest,False,0.003118753433227539,success
045355429C4C80,1,"['Arena', 'San Fermo']",Casa Giulietta,"['Centro Fotografia', 'Sighseeing', 'Torre Lamberti', 'Museo Conte', 'Museo Radio']",Palazzo della Ragione,strategy_nearest,False,0.0018496513366699219,success
0453563A9C4C80,3,"['Arena', 'Casa Giulietta', 'Torre Lamberti']",Tomba Giulietta,"['San Fermo', 'Museo Storia', 'Museo Lapidario', 'Museo Radio', 'Verona Tour']",Castelvecchio,strategy_nearest,False,0.001772165298461914,success
04535D429C4C80,3,['Arena'],Santa Anastasia,"['AMO', 'Museo Conte', 'Palazzo della Ragione', 'Teatro Romano', 'Centro Fotografia']",Duomo,strategy_nearest,False,0.0022399425506591797,success
045358429C4C80,3,['Arena'],Casa Giulietta,"['Centro Fotografia', 'Sighseeing', 'Torre Lamberti', 'Museo Conte', 'Museo Radio']",Santa Anastasia,strategy_nearest,False,0.0033550262451171875,success
045365429C4C80,2,"['Casa Giulietta', 'San Fermo']",Torre Lamberti,"['Sighseeing', 'Centro Fotografia', 'Museo Conte', 'Palazzo della Ragione', 'AMO']",Santa Anastasia,strategy_nearest,False,0.0023958683013916016,success
045362429C4C80,3,"['Arena', 'Castelvecchio']",San Zeno,"['Verona Tour', 'Museo Lapidario', 'Museo Miniscalchi', 'Sighseeing', 'Museo Radio']",Teatro Romano,strategy_nearest,False,0.0018451213836669922,success
0453723A9C4C80,1,"['Arena', 'Palazzo della Ragione']",Torre Lamberti,"['Sighseeing', 'Centro Fotografia', 'Museo Conte', 'Casa Giulietta', 'AMO']",Casa Giulietta,strategy_nearest,True,0.002794981002807617,success
045374429C4C80,0,['Arena'],Torre Lamberti,"['Sighseeing', 'Centro Fotografia', 'Museo Conte', 'Casa Giulietta', 'Palazzo della Ragione']",Casa Giulietta,strategy_nearest,True,0.0029697418212890625,success
04537C4A9C4C80,3,"['Arena', 'Torre Lamberti']",Casa Giulietta,"['Centro Fotografia', 'Sighseeing', 'Museo Conte', 'Museo Radio', 'Palazzo della Ragione']",Santa Anastasia,strategy_nearest,False,0.003031015396118164,success
0453783A9C4C80,0,['Arena'],Casa Giulietta,"['Centro Fotografia', 'Sighseeing', 'Torre Lamberti', 'Museo Conte', 'Museo Radio']",Torre Lamberti,strategy_nearest,True,0.002376079559326172,success
0453833A9C4C80,1,"['Museo Lapidario', 'Arena']",Casa Giulietta,"['Centro Fotografia', 'Sighseeing', 'Torre Lamberti', 'Museo Conte', 'Museo Radio']",Palazzo della Ragione,strategy_nearest,False,0.0025010108947753906,success
04537E4A9C4C80,3,"['Santa Anastasia', 'Casa Giulietta', 'Giardino Giusti']",Arena,"['Verona Tour', 'Museo Lapidario', 'Museo Radio', 'San Fermo', 'Sighseeing']",Duomo,strategy_nearest,False,0.002828836441040039,success
0453854A9C4C80,3,['Arena'],Torre Lamberti,"['Sighseeing', 'Centro Fotografia', 'Museo Conte', 'Casa Giulietta', 'Palazzo della Ragione']",Santa Anastasia,strategy_nearest,False,0.0026569366455078125,success
0453864A9C4C80,0,['Arena'],Casa Giulietta,"['Centro Fotografia', 'Sighseeing', 'Torre Lamberti', 'Museo Conte', 'Museo Radio']",Torre Lamberti,strategy_nearest,True,0.0028748512268066406,success
0453893A9C4C80,0,"['Arena', 'Casa Giulietta', 'San Fermo']",Tomba Giulietta,"['Museo Storia', 'Museo Lapidario', 'Museo Radio', 'Verona Tour', 'Castelvecchio']",Castelvecchio,strategy_nearest,True,0.002343893051147461,success
045389429C4C80,3,"['Arena', 'Museo Lapidario', 'Torre Lamberti']",Casa Giulietta,"['Centro Fotografia', 'Sighseeing', 'Museo Conte', 'Museo Radio', 'Palazzo della Ragione']",San Fermo,strategy_nearest,False,0.0015370845794677734,success
045390429C4C80,3,"['Casa Giulietta', 'Torre Lamberti', 'Santa Anastasia']",Duomo,"['AMO', 'Museo Miniscalchi', 'Teatro Romano', 'Palazzo della Ragione', 'Museo Conte']",Arena,strategy_nearest,False,0.0023469924926757812,success
0453AA3A9C4C80,0,['Arena'],Casa Giulietta,"['Centro Fotografia', 'Sighseeing', 'Torre Lamberti', 'Museo Conte', 'Museo Radio']",Castelvecchio,strategy_nearest,False,0.002524137496948242,success
0453AA4A9C4C80,2,"['Torre Lamberti', 'Palazzo della Ragione']",Casa Giulietta,"['Centro Fotografia', 'Sighseeing', 'Museo Conte', 'Museo Radio', 'San Fermo']",Duomo,strategy_nearest,False,0.002357959747314453,success
0453AC429C4C80,3,['Casa Giulietta'],Torre Lamberti,"['Sighseeing', 'Centro Fotografia', 'Museo Conte', 'Palazzo della Ragione', 'AMO']",Santa Anastasia,strategy_nearest,False,0.0024330615997314453,success
0453AF429C4C80,0,['Arena'],Castelvecchio,"['Museo Lapidario', 'Verona Tour', 'Museo Radio', 'San Zeno', 'Sighseeing']",Casa Giulietta,strategy_nearest,False,0.0018661022186279297,success
0453AD429C4C80,2,"['Teatro Romano', 'Duomo']",Santa Anastasia,"['AMO', 'Museo Conte', 'Palazzo della Ragione', 'Centro Fotografia', 'Torre Lamberti']",Torre Lamberti,strategy_nearest,True,0.003206014633178711,success
0453B1429C4C80,0,"['Arena', 'San Fermo']",Casa Giulietta,"['Centro Fotografia', 'Sighseeing', 'Torre Lamberti', 'Museo Conte', 'Museo Radio']",Torre Lamberti,strategy_nearest,True,0.002135753631591797,success
0453BC3A9C4C80,1,"['Arena', 'Torre Lamberti']",Palazzo della Ragione,"['AMO', 'Museo Conte', 'Centro Fotografia', 'Sighseeing', 'Santa Anastasia']",Santa Anastasia,strategy_nearest,True,0.0020487308502197266,success
0453B4429C4C80,0,['Arena'],Torre Lamberti,"['Sighseeing', 'Centro Fotografia', 'Museo Conte', 'Casa Giulietta', 'Palazzo della Ragione']",Casa Giulietta,strategy_nearest,True,0.0020160675048828125,success
0453B7429C4C80,0,['Arena'],Castelvecchio,"['Museo Lapidario', 'Verona Tour', 'Museo Radio', 'San Zeno', 'Sighseeing']",Casa Giulietta,strategy_nearest,False,0.003386974334716797,success
0453C53A9C4C80,2,['Torre Lamberti'],Casa Giulietta,"['Centro Fotografia', 'Sighseeing', 'Museo Conte', 'Museo Radio', 'Palazzo della Ragione']",Giardino Giusti,strategy_nearest,False,0.0030319690704345703,success
0453C93A9C4C80,0,['Arena'],Castelvecchio,"['Museo Lapidario', 'Verona Tour', 'Museo Radio', 'San Zeno', 'Sighseeing']",Casa Giulietta,strategy_nearest,False,0.0021219253540039062,success
0453D73A9C4C80,2,"['Museo Lapidario', 'Castelvecchio']",Casa Giulietta,"['Centro Fotografia', 'Sighseeing', 'Torre Lamberti', 'Museo Conte', 'Museo Radio']",Torre Lamberti,strategy_nearest,True,0.0026061534881591797,success
0453C8429C4C80,3,"['San Fermo', 'Santa Anastasia']",Casa Giulietta,"['Centro Fotografia', 'Sighseeing', 'Torre Lamberti', 'Museo Conte', 'Museo Radio']",Duomo,strategy_nearest,False,0.0012869834899902344,success
0453DD429C4C80,2,['Teatro Romano'],Torre Lamberti,"['Sighseeing', 'Centro Fotografia', 'Museo Conte', 'Casa Giulietta', 'Palazzo della Ragione']",Castelvecchio,strategy_nearest,False,0.0031669139862060547,success
0453F1429C4C80,2,"['Casa Giulietta', 'San Fermo']",Castelvecchio,"['Museo Lapidario', 'Verona Tour', 'Arena', 'Museo Radio', 'San Zeno']",Duomo,strategy_nearest,False,0.0018222332000732422,success
0453E3429C4C80,3,"['Castelvecchio', 'San Zeno', 'Arena']",San Fermo,"['Museo Storia', 'Museo Radio', 'Casa Giulietta', 'Centro Fotografia', 'Sighseeing']",Casa Giulietta,strategy_nearest,True,0.0014121532440185547,success
0453E4429C4C80,2,['Castelvecchio'],Duomo,"['AMO', 'Museo Miniscalchi', 'Santa Anastasia', 'Teatro Romano', 'Palazzo della Ragione']",Teatro Romano,strategy_nearest,True,0.002580881118774414,success
0453F6429C4C80,3,"['San Zeno', 'Arena']",Giardino Giusti,"['Santa Anastasia', 'Teatro Romano', 'Museo Conte', 'Centro Fotografia', 'Museo Storia']",Castelvecchio,strategy_nearest,False,0.0032901763916015625,success
04540A3A9C4C84,1,"['Arena', 'Casa Giulietta', 'Torre Lamberti']",Palazzo della Ragione,"['AMO', 'Museo Conte', 'Centro Fotografia', 'Sighseeing', 'Santa Anastasia']",Santa Anastasia,strategy_nearest,True,0.0019032955169677734,success
045414429C4C84,3,['Arena'],Torre Lamberti,"['Sighseeing', 'Centro Fotografia', 'Museo Conte', 'Casa Giulietta', 'Palazzo della Ragione']",Teatro Romano,strategy_nearest,False,0.00220489501953125,success
0453F83A9C4C80,0,"['Duomo', 'Casa Giulietta']",Arena,"['Verona Tour', 'Museo Lapidario', 'Museo Radio', 'San Fermo', 'Sighseeing']",Castelvecchio,strategy_nearest,False,0.003268003463745117,success
04541B429C4C80,1,"['Arena', 'Castelvecchio']",Torre Lamberti,"['Sighseeing', 'Centro Fotografia', 'Museo Conte', 'Casa Giulietta', 'Palazzo della Ragione']",Palazzo della Ragione,strategy_nearest,True,0.0019969940185546875,success
0454213A9C4C80,3,['Arena'],Santa Anastasia,"['AMO', 'Museo Conte', 'Palazzo della Ragione', 'Teatro Romano', 'Centro Fotografia']",Torre Lamberti,strategy_nearest,False,0.001676797866821289,success
0454273A9C4C80,1,"['Duomo', 'Santa Anastasia', 'Casa Giulietta']",Arena,"['Verona Tour', 'Museo Lapidario', 'Museo Radio', 'San Fermo', 'Sighseeing']",Castelvecchio,strategy_nearest,False,0.0029420852661132812,success
04541D429C4C84,1,"['Arena', 'Casa Giulietta', 'Santa Anastasia']",Duomo,"['AMO', 'Museo Miniscalchi', 'Teatro Romano', 'Palazzo della Ragione', 'Museo Conte']",Torre Lamberti,strategy_nearest,False,0.0027320384979248047,success
04543C429C4C80,0,['Arena'],Casa Giulietta,"['Centro Fotografia', 'Sighseeing', 'Torre Lamberti', 'Museo Conte', 'Museo Radio']",Torre Lamberti,strategy_nearest,True,0.0018448829650878906,success
045428429C4C80,2,['Casa Giulietta'],Giardino Giusti,"['Santa Anastasia', 'Teatro Romano', 'Museo Conte', 'Centro Fotografia', 'Museo Storia']",Duomo,strategy_nearest,False,0.0025873184204101562,success
045436429C4C80,2,['Casa Giulietta'],Duomo,"['AMO', 'Museo Miniscalchi', 'Santa Anastasia', 'Teatro Romano', 'Palazzo della Ragione']",Castelvecchio,strategy_nearest,False,0.0025641918182373047,success
0454413A9C4C80,1,"['Arena', 'Casa Giulietta', 'Torre Lamberti']",Palazzo della Ragione,"['AMO', 'Museo Conte', 'Centro Fotografia', 'Sighseeing', 'Santa Anastasia']",Teatro Romano,strategy_nearest,False,0.0033850669860839844,success
0454433A9C4C80,2,['Castelvecchio'],Torre Lamberti,"['Sighseeing', 'Centro Fotografia', 'Museo Conte', 'Casa Giulietta', 'Palazzo della Ragione']",Torre Lamberti,strategy_nearest,False,0.0024580955505371094,success
0454493A9C4C80,3,"['Castelvecchio', 'Santa Anastasia', 'Duomo', 'Torre Lamberti']",Casa Giulietta,"['Centro Fotografia', 'Sighseeing', 'Museo Conte', 'Museo Radio', 'Palazzo della Ragione']",San Fermo,strategy_nearest,False,0.0018448829650878906,success
045448429C4C80,0,['Arena'],Castelvecchio,"['Museo Lapidario', 'Verona Tour', 'Museo Radio', 'San Zeno', 'Sighseeing']",Casa Giulietta,strategy_nearest,False,0.003384828567504883,success
04544C429C4C80,0,"['Arena', 'San Zeno']",Casa Giulietta,"['Centro Fotografia', 'Sighseeing', 'Torre Lamberti', 'Museo Conte', 'Museo Radio']",Giardino Giusti,strategy_nearest,False,0.003050088882446289,success
045461429C4C80,1,"['Museo Lapidario', 'Arena', 'Casa Giulietta']",Torre Lamberti,"['Sighseeing', 'Centro Fotografia', 'Museo Conte', 'Palazzo della Ragione', 'AMO']",Palazzo della Ragione,strategy_nearest,True,0.0019290447235107422,success
04545D429C4C80,0,"['Arena', 'Casa Giulietta']",Tomba Giulietta,"['San Fermo', 'Museo Storia', 'Museo Lapidario', 'Museo Radio', 'Verona Tour']",Torre Lamberti,strategy_nearest,False,0.0032138824462890625,success
04545F429C4C80,1,"['Casa Giulietta', 'Arena']",Torre Lamberti,"['Sighseeing', 'Centro Fotografia', 'Museo Conte', 'Palazzo della Ragione', 'AMO']",Palazzo della Ragione,strategy_nearest,True,0.00201416015625,success
045470429C4C80,3,"['Arena', 'San Zeno', 'Santa Anastasia']",Duomo,"['AMO', 'Museo Miniscalchi', 'Teatro Romano', 'Palazzo della Ragione', 'Museo Conte']",Giardino Giusti,strategy_nearest,False,0.003281831741333008,success
0454743A9C4C80,3,"['Arena', 'Castelvecchio']",San Fermo,"['Museo Storia', 'Museo Radio', 'Casa Giulietta', 'Centro Fotografia', 'Sighseeing']",Casa Giulietta,strategy_nearest,True,0.001936197280883789,success
0454793A9C4C80,0,['Arena'],Torre Lamberti,"['Sighseeing', 'Centro Fotografia', 'Museo Conte', 'Casa Giulietta', 'Palazzo della Ragione']",Casa Giulietta,strategy_nearest,True,0.002282857894897461,success
0454753A9C4C80,1,['Arena'],Casa Giulietta,"['Centro Fotografia', 'Sighseeing', 'Torre Lamberti', 'Museo Conte', 'Museo Radio']",Torre Lamberti,strategy_nearest,True,0.0030138492584228516,success
0454783A9C4C80,0,['Arena'],Casa Giulietta,"['Centro Fotografia', 'Sighseeing', 'Torre Lamberti', 'Museo Conte', 'Museo Radio']",Santa Anastasia,strategy_nearest,False,0.0035576820373535156,success
04547F3A9C4C80,0,['Torre Lamberti'],San Zeno,"['Castelvecchio', 'Verona Tour', 'Museo Lapidario', 'Arena', 'Museo Miniscalchi']",Arena,strategy_nearest,True,0.0022411346435546875,success
0454854A9C4C80,0,['Arena'],Casa Giulietta,"['Centro Fotografia', 'Sighseeing', 'Torre Lamberti', 'Museo Conte', 'Museo Radio']",Santa Anastasia,strategy_nearest,False,0.0020401477813720703,success
0454883A9C4C80,0,['Arena'],Casa Giulietta,"['Centro Fotografia', 'Sighseeing', 'Torre Lamberti', 'Museo Conte', 'Museo Radio']",Torre Lamberti,strategy_nearest,True,0.002543926239013672,success
04548C3A9C4C80,3,"['Arena', 'Casa Giulietta']",Torre Lamberti,"['Sighseeing', 'Centro Fotografia', 'Museo Conte', 'Palazzo della Ragione', 'AMO']",Teatro Romano,strategy_nearest,False,0.0030651092529296875,success
045490429C4C80,0,['Arena'],Casa Giulietta,"['Centro Fotografia', 'Sighseeing', 'Torre Lamberti', 'Museo Conte', 'Museo Radio']",Tomba Giulietta,strategy_nearest,False,0.002872943878173828,success
0454A2429C4C80,3,"['Arena', 'Torre Lamberti']",Casa Giulietta,"['Centro Fotografia', 'Sighseeing', 'Museo Conte', 'Museo Radio', 'Palazzo della Ragione']",Santa Anastasia,strategy_nearest,False,0.0024759769439697266,success
045491429C4C80,3,"['Arena', 'San Fermo', 'Casa Giulietta']",Santa Anastasia,"['AMO', 'Museo Conte', 'Palazzo della Ragione', 'Teatro Romano', 'Centro Fotografia']",San Zeno,strategy_nearest,False,0.002012968063354492,success
0454A0429C4C80,1,"['Arena', 'Castelvecchio']",Casa Giulietta,"['Centro Fotografia', 'Sighseeing', 'Torre Lamberti', 'Museo Conte', 'Museo Radio']",Palazzo della Ragione,strategy_nearest,False,0.0019502639770507812,success
0454A84A9C4C80,3,"['Arena', 'Castelvecchio', 'Torre Lamberti']",Casa Giulietta,"['Centro Fotografia', 'Sighseeing', 'Museo Conte', 'Museo Radio', 'Palazzo della Ragione']",Santa Anastasia,strategy_nearest,False,0.0030808448791503906,success
0454AE3A9C4C80,3,['Arena'],Torre Lamberti,"['Sighseeing', 'Centro Fotografia', 'Museo Conte', 'Casa Giulietta', 'Palazzo della Ragione']",Santa Anastasia,strategy_nearest,False,0.001439809799194336,success
0454AA429C4C80,2,"['Castelvecchio', 'San Zeno']",Torre Lamberti,"['Sighseeing', 'Centro Fotografia', 'Museo Conte', 'Casa Giulietta', 'Palazzo della Ragione']",Casa Giulietta,strategy_nearest,True,0.002105236053466797,success
0454A9429C4C80,0,"['Casa Giulietta', 'Castelvecchio']",Arena,"['Verona Tour', 'Museo Lapidario', 'Museo Radio', 'San Fermo', 'Sighseeing']",San Fermo,strategy_nearest,True,0.002752065658569336,success
0454AC429C4C80,1,"['Arena', 'Museo Lapidario', 'Casa Giulietta']",Torre Lamberti,"['Sighseeing', 'Centro Fotografia', 'Museo Conte', 'Palazzo della Ragione', 'AMO']",Palazzo della Ragione,strategy_nearest,True,0.003203153610229492,success
0454B9429C4C80,1,"['Arena', 'San Zeno']",Palazzo della Ragione,"['AMO', 'Museo Conte', 'Torre Lamberti', 'Centro Fotografia', 'Sighseeing']",Torre Lamberti,strategy_nearest,True,0.001293182373046875,success
0454B2429C4C80,2,"['Castelvecchio', 'Santa Anastasia']",Teatro Romano,"['Duomo', 'AMO', 'Palazzo della Ragione', 'Museo Conte', 'Centro Fotografia']",Duomo,strategy_nearest,True,0.002084970474243164,success
0454B5429C4C80,0,['Arena'],Casa Giulietta,"['Centro Fotografia', 'Sighseeing', 'Torre Lamberti', 'Museo Conte', 'Museo Radio']",Torre Lamberti,strategy_nearest,True,0.0026421546936035156,success
0454BA3A9C4C80,1,"['Arena', 'Casa Giulietta']",San Fermo,"['Museo Storia', 'Museo Radio', 'Centro Fotografia', 'Sighseeing', 'Torre Lamberti']",Palazzo della Ragione,strategy_nearest,False,0.0031938552856445312,success
0454C3429C4C80,2,"['Casa Giulietta', 'Santa Anastasia']",Duomo,"['AMO', 'Museo Miniscalchi', 'Teatro Romano', 'Palazzo della Ragione', 'Museo Conte']",Tomba Giulietta,strategy_nearest,False,0.0015828609466552734,success
0454C53A9C4C80,0,['Arena'],Tomba Giulietta,"['San Fermo', 'Museo Storia', 'Museo Lapidario', 'Museo Radio', 'Verona Tour']",San Fermo,strategy_nearest,True,0.0026149749755859375,success
0454BB3A9C4C80,0,['Arena'],Castelvecchio,"['Museo Lapidario', 'Verona Tour', 'Museo Radio', 'San Zeno', 'Sighseeing']",Casa Giulietta,strategy_nearest,False,0.002295970916748047,success
0454C03A9C4C80,0,['Arena'],Castelvecchio,"['Museo Lapidario', 'Verona Tour', 'Museo Radio', 'San Zeno', 'Sighseeing']",Santa Anastasia,strategy_nearest,False,0.003314971923828125,success
0454D63A9C4C80,3,"['Tomba Giulietta', 'Arena']",Casa Giulietta,"['Centro Fotografia', 'Sighseeing', 'Torre Lamberti', 'Museo Conte', 'Museo Radio']",Torre Lamberti,strategy_nearest,True,0.0021009445190429688,success
0454D2429C4C80,1,"['Arena', 'Casa Giulietta', 'Torre Lamberti']",Palazzo della Ragione,"['AMO', 'Museo Conte', 'Centro Fotografia', 'Sighseeing', 'Santa Anastasia']",Santa Anastasia,strategy_nearest,True,0.0014100074768066406,success
0454DD3A9C4C80,0,['Arena'],Castelvecchio,"['Museo Lapidario', 'Verona Tour', 'Museo Radio', 'San Zeno', 'Sighseeing']",Casa Giulietta,strategy_nearest,False,0.002630949020385742,success
0454E0429C4C80,5,"['Castelvecchio', 'Museo Miniscalchi', 'Duomo', 'Teatro Romano', 'Casa Giulietta']",Arena,"['Verona Tour', 'Museo Lapidario', 'Museo Radio', 'San Fermo', 'Sighseeing']",Tomba Giulietta,strategy_nearest,False,0.002869844436645508,success
0454F0429C4C80,3,"['Arena', 'San Fermo', 'Casa Giulietta']",Santa Anastasia,"['AMO', 'Museo Conte', 'Palazzo della Ragione', 'Teatro Romano', 'Centro Fotografia']",Duomo,strategy_nearest,False,0.0019729137420654297,success
0454EC3A9C4C80,0,['Casa Giulietta'],Teatro Romano,"['Santa Anastasia', 'Duomo', 'AMO', 'Palazzo della Ragione', 'Museo Conte']",Arena,strategy_nearest,False,0.00257110595703125,success
0454F13A9C4C80,2,"['Torre Lamberti', 'Palazzo della Ragione']",Santa Anastasia,"['AMO', 'Museo Conte', 'Teatro Romano', 'Centro Fotografia', 'Duomo']",Duomo,strategy_nearest,True,0.002454996109008789,success
0454F23A9C4C80,1,"['Arena', 'Casa Giulietta']",Torre Lamberti,"['Sighseeing', 'Centro Fotografia', 'Museo Conte', 'Palazzo della Ragione', 'AMO']",Palazzo della Ragione,strategy_nearest,True,0.003637075424194336,success
0454FC3A9C4C80,3,"['Arena', 'Santa Anastasia']",Duomo,"['AMO', 'Museo Miniscalchi', 'Teatro Romano', 'Palazzo della Ragione', 'Museo Conte']",Teatro Romano,strategy_nearest,True,0.0019228458404541016,success
0454FF429C4C80,3,"['Arena', 'Castelvecchio']",Duomo,"['AMO', 'Museo Miniscalchi', 'Santa Anastasia', 'Teatro Romano', 'Palazzo della Ragione']",Santa Anastasia,strategy_nearest,True,0.0025339126586914062,success
0455053A9C4C84,1,"['Arena', 'Teatro Romano']",Palazzo della Ragione,"['AMO', 'Museo Conte', 'Torre Lamberti', 'Centro Fotografia', 'Sighseeing']",Castelvecchio,strategy_nearest,False,0.0031461715698242188,success
0455093A9C4C84,1,"['Arena', 'Museo Lapidario', 'Casa Giulietta', 'Torre Lamberti']",Palazzo della Ragione,"['AMO', 'Museo Conte', 'Centro Fotografia', 'Sighseeing', 'Santa Anastasia']",Santa Anastasia,strategy_nearest,True,0.0025339126586914062,success
04550D429C4C84,0,['Arena'],Casa Giulietta,"['Centro Fotografia', 'Sighseeing', 'Torre Lamberti', 'Museo Conte', 'Museo Radio']",Santa Anastasia,strategy_nearest,False,0.0026319026947021484,success
04551B429C4C84,0,['Arena'],Casa Giulietta,"['Centro Fotografia', 'Sighseeing', 'Torre Lamberti', 'Museo Conte', 'Museo Radio']",Duomo,strategy_nearest,False,0.0017819404602050781,success
045515429C4C84,1,"['Arena', 'Casa Giulietta']",Tomba Giulietta,"['San Fermo', 'Museo Storia', 'Museo Lapidario', 'Museo Radio', 'Verona Tour']",Palazzo della Ragione,strategy_nearest,False,0.0031909942626953125,success
04551A3A9C4C84,1,['Arena'],Castelvecchio,"['Museo Lapidario', 'Verona Tour', 'Museo Radio', 'San Zeno', 'Sighseeing']",Palazzo della Ragione,strategy_nearest,False,0.002696990966796875,success
04551C3A9C4C80,2,['Castelvecchio'],Casa Giulietta,"['Centro Fotografia', 'Sighseeing', 'Torre Lamberti', 'Museo Conte', 'Museo Radio']",Palazzo della Ragione,strategy_nearest,False,0.003186941146850586,success
04551D3A9C4C80,2,['Casa Giulietta'],Torre Lamberti,"['Sighseeing', 'Centro Fotografia', 'Museo Conte', 'Palazzo della Ragione', 'AMO']",Palazzo della Ragione,strategy_nearest,True,0.002023935317993164,success
04552C429C4C80,2,"['Museo Lapidario', 'San Zeno']",Castelvecchio,"['Verona Tour', 'Arena', 'Museo Radio', 'Sighseeing', 'Museo Miniscalchi']",Torre Lamberti,strategy_nearest,False,0.002768993377685547,success
04552E3A9C4C80,3,"['Castelvecchio', 'San Fermo', 'Casa Giulietta']",Arena,"['Verona Tour', 'Museo Lapidario', 'Museo Radio', 'Sighseeing', 'Torre Lamberti']",Santa Anastasia,strategy_nearest,False,0.002975940704345703,success
04551E3A9C4C84,1,"['Arena', 'Casa Giulietta']",Torre Lamberti,"['Sighseeing', 'Centro Fotografia', 'Museo Conte', 'Palazzo della Ragione', 'AMO']",Palazzo della Ragione,strategy_nearest,True,0.002633810043334961,success
04552F4A9C4C80,3,['Castelvecchio'],Arena,"['Verona Tour', 'Museo Lapidario', 'Museo Radio', 'San Fermo', 'Casa Giulietta']",Santa Anastasia,strategy_nearest,False,0.002187013626098633,success
045541429C4C80,3,"['Arena', 'Torre Lamberti']",Duomo,"['AMO', 'Museo Miniscalchi', 'Santa Anastasia', 'Teatro Romano', 'Palazzo della Ragione']",Casa Giulietta,strategy_nearest,False,0.0016908645629882812,success
0455304A9C4C80,3,"['Arena', 'Casa Giulietta']",Santa Anastasia,"['AMO', 'Museo Conte', 'Palazzo della Ragione', 'Teatro Romano', 'Centro Fotografia']",Teatro Romano,strategy_nearest,True,0.0017461776733398438,success
04553C4A9C4C80,2,['Castelvecchio'],San Zeno,"['Verona Tour', 'Museo Lapidario', 'Arena', 'Museo Miniscalchi', 'Sighseeing']",Torre Lamberti,strategy_nearest,False,0.002370119094848633,success
0455443A9C4C80,3,"['Santa Anastasia', 'Duomo', 'Teatro Romano']",Torre Lamberti,"['Sighseeing', 'Centro Fotografia', 'Museo Conte', 'Casa Giulietta', 'Palazzo della Ragione']",Casa Giulietta,strategy_nearest,True,0.002699136734008789,success
04554B429C4C80,3,"['Arena', 'Casa Giulietta']",Duomo,"['AMO', 'Museo Miniscalchi', 'Santa Anastasia', 'Teatro Romano', 'Palazzo della Ragione']",Santa Anastasia,strategy_nearest,True,0.0017001628875732422,success
04554B3A9C4C80,3,"['Arena', 'San Fermo']",Casa Giulietta,"['Centro Fotografia', 'Sighseeing', 'Torre Lamberti', 'Museo Conte', 'Museo Radio']",Torre Lamberti,strategy_nearest,True,0.0031280517578125,success
04554D429C4C80,1,['Arena'],Casa Giulietta,"['Centro Fotografia', 'Sighseeing', 'Torre Lamberti', 'Museo Conte', 'Museo Radio']",Torre Lamberti,strategy_nearest,True,0.0023450851440429688,success
04556B429C4C80,3,['Arena'],Casa Giulietta,"['Centro Fotografia', 'Sighseeing', 'Torre Lamberti', 'Museo Conte', 'Museo Radio']",Duomo,strategy_nearest,False,0.0018248558044433594,success
04556E429C4C80,3,"['Casa Giulietta', 'Torre Lamberti']",Santa Anastasia,"['AMO', 'Museo Conte', 'Palazzo della Ragione', 'Teatro Romano', 'Centro Fotografia']",Castelvecchio,strategy_nearest,False,0.0019278526306152344,success
045571429C4C80,2,['Casa Giulietta'],Torre Lamberti,"['Sighseeing', 'Centro Fotografia', 'Museo Conte', 'Palazzo della Ragione', 'AMO']",Santa Anastasia,strategy_nearest,False,0.0026569366455078125,success
045579429C4C80,1,"['Arena', 'Torre Lamberti']",Palazzo della Ragione,"['AMO', 'Museo Conte', 'Centro Fotografia', 'Sighseeing', 'Santa Anastasia']",Santa Anastasia,strategy_nearest,True,0.0032320022583007812,success
04557E4A9C4C80,0,['Arena'],Casa Giulietta,"['Centro Fotografia', 'Sighseeing', 'Torre Lamberti', 'Museo Conte', 'Museo Radio']",Santa Anastasia,strategy_nearest,False,0.0027010440826416016,success
045584429C4C80,0,"['Arena', 'Castelvecchio']",Santa Anastasia,"['AMO', 'Museo Conte', 'Palazzo della Ragione', 'Teatro Romano', 'Centro Fotografia']",Casa Giulietta,strategy_nearest,False,0.0026869773864746094,success
04557A3A9C4C80,3,"['Torre Lamberti', 'Duomo']",Arena,"['Verona Tour', 'Museo Lapidario', 'Museo Radio', 'San Fermo', 'Casa Giulietta']",Castelvecchio,strategy_nearest,False,0.0024759769439697266,success
0455874A9C4C80,3,"['Arena', 'Duomo']",Teatro Romano,"['Santa Anastasia', 'AMO', 'Palazzo della Ragione', 'Museo Conte', 'Centro Fotografia']",Torre Lamberti,strategy_nearest,False,0.003231048583984375,success
04558C4A9C4C80,2,['Castelvecchio'],Santa Anastasia,"['AMO', 'Museo Conte', 'Palazzo della Ragione', 'Teatro Romano', 'Centro Fotografia']",Torre Lamberti,strategy_nearest,False,0.0021986961364746094,success
04558D3A9C4C80,3,['Arena'],Santa Anastasia,"['AMO', 'Museo Conte', 'Palazzo della Ragione', 'Teatro Romano', 'Centro Fotografia']",Teatro Romano,strategy_nearest,True,0.0021331310272216797,success
0455A04A9C4C80,0,['Arena'],Castelvecchio,"['Museo Lapidario', 'Verona Tour', 'Museo Radio', 'San Zeno', 'Sighseeing']",Torre Lamberti,strategy_nearest,False,0.0029959678649902344,success
045597429C4C80,2,['Casa Giulietta'],Torre Lamberti,"['Sighseeing', 'Centro Fotografia', 'Museo Conte', 'Palazzo della Ragione', 'AMO']",Santa Anastasia,strategy_nearest,False,0.0026929378509521484,success
0455A7429C4C80,3,"['Casa Giulietta', 'Torre Lamberti']",Arena,"['Verona Tour', 'Museo Lapidario', 'Museo Radio', 'San Fermo', 'Sighseeing']",Castelvecchio,strategy_nearest,False,0.0018439292907714844,success
0455A44A9C4C80,0,['Arena'],Casa Giulietta,"['Centro Fotografia', 'Sighseeing', 'Torre Lamberti', 'Museo Conte', 'Museo Radio']",Duomo,strategy_nearest,False,0.0026140213012695312,success
0455A4429C4C80,1,['Arena'],Torre Lamberti,"['Sighseeing', 'Centro Fotografia', 'Museo Conte', 'Casa Giulietta', 'Palazzo della Ragione']",Palazzo della Ragione,strategy_nearest,True,0.002053976058959961,success
0455A74A9C4C80,2,['Santa Anastasia'],Casa Giulietta,"['Centro Fotografia', 'Sighseeing', 'Torre Lamberti', 'Museo Conte', 'Museo Radio']",Torre Lamberti,strategy_nearest,True,0.003307819366455078,success
0455AA3A9C4C80,0,['Arena'],Duomo,"['AMO', 'Museo Miniscalchi', 'Santa Anastasia', 'Teatro Romano', 'Palazzo della Ragione']",San Zeno,strategy_nearest,False,0.0018160343170166016,success
0455B3429C4C80,3,"['Arena', 'Torre Lamberti']",Santa Anastasia,"['AMO', 'Museo Conte', 'Palazzo della Ragione', 'Teatro Romano', 'Centro Fotografia']",Duomo,strategy_nearest,False,0.0017473697662353516,success
0455B1429C4C80,0,"['Castelvecchio', 'Museo Lapidario']",Arena,"['Verona Tour', 'Museo Radio', 'San Fermo', 'Casa Giulietta', 'Sighseeing']",Casa Giulietta,strategy_nearest,True,0.0032770633697509766,success
0455B7429C4C80,0,['Arena'],Castelvecchio,"['Museo Lapidario', 'Verona Tour', 'Museo Radio', 'San Zeno', 'Sighseeing']",Casa Giulietta,strategy_nearest,False,0.002223968505859375,success
0455B83A9C4C80,0,['Castelvecchio'],Torre Lamberti,"['Sighseeing', 'Centro Fotografia', 'Museo Conte', 'Casa Giulietta', 'Palazzo della Ragione']",Arena,strategy_nearest,False,0.0030879974365234375,success
0455C13A9C4C80,3,"['Arena', 'Torre Lamberti']",Santa Anastasia,"['AMO', 'Museo Conte', 'Palazzo della Ragione', 'Teatro Romano', 'Centro Fotografia']",Teatro Romano,strategy_nearest,True,0.002190113067626953,success
0455C0429C4C80,0,"['Casa Giulietta', 'Arena']",Torre Lamberti,"['Sighseeing', 'Centro Fotografia', 'Museo Conte', 'Palazzo della Ragione', 'AMO']",Castelvecchio,strategy_nearest,False,0.0017561912536621094,success
0455C1429C4C80,3,['Casa Giulietta'],Torre Lamberti,"['Sighseeing', 'Centro Fotografia', 'Museo Conte', 'Palazzo della Ragione', 'AMO']",Santa Anastasia,strategy_nearest,False,0.0018961429595947266,success
0455D43A9C4C80,3,"['Tomba Giulietta', 'Arena']",Castelvecchio,"['Museo Lapidario', 'Verona Tour', 'Museo Radio', 'San Zeno', 'Sighseeing']",Santa Anastasia,strategy_nearest,False,0.0026879310607910156,success
0455D7429C4C80,1,"['Torre Lamberti', 'Palazzo della Ragione', 'Santa Anastasia', 'Duomo']",Teatro Romano,"['AMO', 'Museo Conte', 'Centro Fotografia', 'Museo Miniscalchi', 'Giardino Giusti']",Giardino Giusti,strategy_nearest,True,0.003180980682373047,success
0455DA3A9C4C80,0,['Arena'],Casa Giulietta,"['Centro Fotografia', 'Sighseeing', 'Torre Lamberti', 'Museo Conte', 'Museo Radio']",Santa Anastasia,strategy_nearest,False,0.0024116039276123047,success
0455EA3A9C4C80,0,['Arena'],Tomba Giulietta,"['San Fermo', 'Museo Storia', 'Museo Lapidario', 'Museo Radio', 'Verona Tour']",Casa Giulietta,strategy_nearest,False,0.0016303062438964844,success
0456023A9C4C84,0,['Arena'],Casa Giulietta,"['Centro Fotografia', 'Sighseeing', 'Torre Lamberti', 'Museo Conte', 'Museo Radio']",Torre Lamberti,strategy_nearest,True,0.0025017261505126953,success
0455F23A9C4C80,3,['Arena'],Casa Giulietta,"['Centro Fotografia', 'Sighseeing', 'Torre Lamberti', 'Museo Conte', 'Museo Radio']",Santa Anastasia,strategy_nearest,False,0.0032727718353271484,success
0455FB429C4C80,1,"['Santa Anastasia', 'Castelvecchio', 'San Zeno']",Teatro Romano,"['Duomo', 'AMO', 'Palazzo della Ragione', 'Museo Conte', 'Centro Fotografia']",Duomo,strategy_nearest,True,0.0020301342010498047,success
04560C3A9C4C84,4,"['Museo Radio', 'Tomba Giulietta', 'Museo Lapidario', 'Casa Giulietta']",Torre Lamberti,"['Sighseeing', 'Centro Fotografia', 'Museo Conte', 'Palazzo della Ragione', 'AMO']",Santa Anastasia,strategy_nearest,False,0.0015568733215332031,success
04560A3A9C4C84,0,['Arena'],Castelvecchio,"['Museo Lapidario', 'Verona Tour', 'Museo Radio', 'San Zeno', 'Sighseeing']",Casa Giulietta,strategy_nearest,False,0.002192974090576172,success
04560F3A9C4C84,2,['Museo Lapidario'],Castelvecchio,"['Verona Tour', 'Arena', 'Museo Radio', 'San Zeno', 'Sighseeing']",Teatro Romano,strategy_nearest,False,0.0027129650115966797,success
04561B429C4C84,0,['Arena'],Casa Giulietta,"['Centro Fotografia', 'Sighseeing', 'Torre Lamberti', 'Museo Conte', 'Museo Radio']",Torre Lamberti,strategy_nearest,True,0.0031168460845947266,success
0456223A9C4C80,1,['Arena'],Casa Giulietta,"['Centro Fotografia', 'Sighseeing', 'Torre Lamberti', 'Museo Conte', 'Museo Radio']",Torre Lamberti,strategy_nearest,True,0.0013890266418457031,success
0456253A9C4C80,1,"['Arena', 'Torre Lamberti', 'Palazzo della Ragione']",Santa Anastasia,"['AMO', 'Museo Conte', 'Teatro Romano', 'Centro Fotografia', 'Duomo']",Duomo,strategy_nearest,True,0.0024499893188476562,success
04561D3A9C4C80,0,['Arena'],Casa Giulietta,"['Centro Fotografia', 'Sighseeing', 'Torre Lamberti', 'Museo Conte', 'Museo Radio']",Torre Lamberti,strategy_nearest,True,0.0019550323486328125,success
045629429C4C80,2,"['Castelvecchio', 'Casa Giulietta']",Tomba Giulietta,"['San Fermo', 'Museo Storia', 'Arena', 'Museo Lapidario', 'Museo Radio']",Torre Lamberti,strategy_nearest,False,0.003148794174194336,success
045631429C4C80,0,['Castelvecchio'],Arena,"['Verona Tour', 'Museo Lapidario', 'Museo Radio', 'San Fermo', 'Casa Giulietta']",Santa Anastasia,strategy_nearest,False,0.002537965774536133,success
0456383A9C4C80,1,"['Arena', 'Torre Lamberti']",Palazzo della Ragione,"['AMO', 'Museo Conte', 'Centro Fotografia', 'Sighseeing', 'Santa Anastasia']",Duomo,strategy_nearest,False,0.0025773048400878906,success
04562C429C4C80,3,"['Casa Giulietta', 'Santa Anastasia']",Duomo,"['AMO', 'Museo Miniscalchi', 'Teatro Romano', 'Palazzo della Ragione', 'Museo Conte']",Castelvecchio,strategy_nearest,False,0.002009868621826172,success
0456413A9C4C80,3,"['Arena', 'Casa Giulietta']",Santa Anastasia,"['AMO', 'Museo Conte', 'Palazzo della Ragione', 'Teatro Romano', 'Centro Fotografia']",Teatro Romano,strategy_nearest,True,0.0029850006103515625,success
045649429C4C80,3,"['Arena', 'Casa Giulietta']",Santa Anastasia,"['AMO', 'Museo Conte', 'Palazzo della Ragione', 'Teatro Romano', 'Centro Fotografia']",Duomo,strategy_nearest,False,0.0016078948974609375,success
0456573A9C4C80,0,['Arena'],Casa Giulietta,"['Centro Fotografia', 'Sighseeing', 'Torre Lamberti', 'Museo Conte', 'Museo Radio']",Tomba Giulietta,strategy_nearest,False,0.0019230842590332031,success
0456763A9C4C80,0,"['Casa Giulietta', 'Arena']",Castelvecchio,"['Museo Lapidario', 'Verona Tour', 'Museo Radio', 'San Zeno', 'Sighseeing']",Torre Lamberti,strategy_nearest,False,0.0027229785919189453,success
0456793A9C4C80,0,['Arena'],Casa Giulietta,"['Centro Fotografia', 'Sighseeing', 'Torre Lamberti', 'Museo Conte', 'Museo Radio']",Torre Lamberti,strategy_nearest,True,0.003050088882446289,success
04567C3A9C4C80,0,['Arena'],Casa Giulietta,"['Centro Fotografia', 'Sighseeing', 'Torre Lamberti', 'Museo Conte', 'Museo Radio']",Teatro Romano,strategy_nearest,False,0.0027861595153808594,success
045683429C4C80,1,['Arena'],Casa Giulietta,"['Centro Fotografia', 'Sighseeing', 'Torre Lamberti', 'Museo Conte', 'Museo Radio']",Torre Lamberti,strategy_nearest,True,0.001964092254638672,success
0456883A9C4C80,3,"['Castelvecchio', 'Arena', 'Torre Lamberti', 'Santa Anastasia']",Duomo,"['AMO', 'Museo Miniscalchi', 'Teatro Romano', 'Palazzo della Ragione', 'Museo Conte']",Teatro Romano,strategy_nearest,True,0.0024900436401367188,success
0456954A9C4C80,0,['Arena'],Casa Giulietta,"['Centro Fotografia', 'Sighseeing', 'Torre Lamberti', 'Museo Conte', 'Museo Radio']",San Zeno,strategy_nearest,False,0.003923892974853516,success
0456A64A9C4C80,0,['Giardino Giusti'],Santa Anastasia,"['AMO', 'Museo Conte', 'Palazzo della Ragione', 'Teatro Romano', 'Centro Fotografia']",Casa Giulietta,strategy_nearest,False,0.0016751289367675781,success
0456A74A9C4C80,2,"['Castelvecchio', 'Casa Giulietta', 'Tomba Giulietta']",Teatro Romano,"['Santa Anastasia', 'Duomo', 'AMO', 'Palazzo della Ragione', 'Museo Conte']",Santa Anastasia,strategy_nearest,True,0.0025310516357421875,success
0456AE429C4C80,0,['Arena'],Casa Giulietta,"['Centro Fotografia', 'Sighseeing', 'Torre Lamberti', 'Museo Conte', 'Museo Radio']",Santa Anastasia,strategy_nearest,False,0.0022268295288085938,success
0456AF429C4C80,3,"['San Zeno', 'Santa Anastasia']",Duomo,"['AMO', 'Museo Miniscalchi', 'Teatro Romano', 'Palazzo della Ragione', 'Museo Conte']",Casa Giulietta,strategy_nearest,False,0.0025038719177246094,success
0456B13A9C4C80,3,"['Arena', 'Casa Giulietta']",Santa Anastasia,"['AMO', 'Museo Conte', 'Palazzo della Ragione', 'Teatro Romano', 'Centro Fotografia']",Teatro Romano,strategy_nearest,True,0.0025479793548583984,success
0456B83A9C4C80,1,"['Arena', 'Palazzo della Ragione']",Casa Giulietta,"['Centro Fotografia', 'Sighseeing', 'Torre Lamberti', 'Museo Conte', 'Museo Radio']",Castelvecchio,strategy_nearest,False,0.0021321773529052734,success
0456B93A9C4C80,3,['Arena'],Casa Giulietta,"['Centro Fotografia', 'Sighseeing', 'Torre Lamberti', 'Museo Conte', 'Museo Radio']",Santa Anastasia,strategy_nearest,False,0.0027620792388916016,success
0456BF3A9C4C80,0,"['Castelvecchio', 'San Zeno']",Casa Giulietta,"['Centro Fotografia', 'Sighseeing', 'Torre Lamberti', 'Museo Conte', 'Museo Radio']",San Fermo,strategy_nearest,False,0.002471923828125,success
0456C13A9C4C80,1,['Arena'],Palazzo della Ragione,"['AMO', 'Museo Conte', 'Torre Lamberti', 'Centro Fotografia', 'Sighseeing']",Santa Anastasia,strategy_nearest,False,0.003283977508544922,success
0456BC3A9C4C80,0,['Arena'],Casa Giulietta,"['Centro Fotografia', 'Sighseeing', 'Torre Lamberti', 'Museo Conte', 'Museo Radio']",Teatro Romano,strategy_nearest,False,0.002708911895751953,success
0456D43A9C4C80,0,['Arena'],Santa Anastasia,"['AMO', 'Museo Conte', 'Palazzo della Ragione', 'Teatro Romano', 'Centro Fotografia']",Castelvecchio,strategy_nearest,False,0.0011548995971679688,success
0456CA429C4C80,2,['Duomo'],Torre Lamberti,"['Sighseeing', 'Centro Fotografia', 'Museo Conte', 'Casa Giulietta', 'Palazzo della Ragione']",Casa Giulietta,strategy_nearest,True,0.0026619434356689453,success
0456D6429C4C80,3,"['San Fermo', 'Casa Giulietta', 'Torre Lamberti']",Santa Anastasia,"['AMO', 'Museo Conte', 'Palazzo della Ragione', 'Teatro Romano', 'Centro Fotografia']",Arena,strategy_nearest,False,0.0026280879974365234,success
0456DA3A9C4C80,0,['Arena'],Casa Giulietta,"['Centro Fotografia', 'Sighseeing', 'Torre Lamberti', 'Museo Conte', 'Museo Radio']",Tomba Giulietta,strategy_nearest,False,0.0034220218658447266,success
0456E33A9C4C80,3,"['Arena', 'San Fermo']",Casa Giulietta,"['Centro Fotografia', 'Sighseeing', 'Torre Lamberti', 'Museo Conte', 'Museo Radio']",Torre Lamberti,strategy_nearest,True,0.0020132064819335938,success
0456DF3A9C4C80,3,"['Arena', 'Casa Giulietta']",Torre Lamberti,"['Sighseeing', 'Centro Fotografia', 'Museo Conte', 'Palazzo della Ragione', 'AMO']",Duomo,strategy_nearest,False,0.0036439895629882812,success
0456E93A9C4C80,3,['Arena'],Casa Giulietta,"['Centro Fotografia', 'Sighseeing', 'Torre Lamberti', 'Museo Conte', 'Museo Radio']",Santa Anastasia,strategy_nearest,False,0.0025212764739990234,success
0456EF3A9C4C80,0,['Arena'],Casa Giulietta,"['Centro Fotografia', 'Sighseeing', 'Torre Lamberti', 'Museo Conte', 'Museo Radio']",Torre Lamberti,strategy_nearest,True,0.001767873764038086,success
0456FA429C4C80,1,"['Arena', 'Casa Giulietta', 'Torre Lamberti', 'Palazzo della Ragione']",Santa Anastasia,"['AMO', 'Museo Conte', 'Teatro Romano', 'Centro Fotografia', 'Duomo']",Duomo,strategy_nearest,True,0.0023338794708251953,success
0456F0429C4C80,1,"['Casa Giulietta', 'Torre Lamberti']",Palazzo della Ragione,"['AMO', 'Museo Conte', 'Centro Fotografia', 'Sighseeing', 'Santa Anastasia']",Arena,strategy_nearest,False,0.004342079162597656,success
0456FD3A9C4C80,3,['Arena'],Torre Lamberti,"['Sighseeing', 'Centro Fotografia', 'Museo Conte', 'Casa Giulietta', 'Palazzo della Ragione']",Santa Anastasia,strategy_nearest,False,0.0016269683837890625,success
04570C3A9C4C84,3,"['Arena', 'Casa Giulietta', 'Teatro Romano']",Torre Lamberti,"['Sighseeing', 'Centro Fotografia', 'Museo Conte', 'Palazzo della Ragione', 'AMO']",San Fermo,strategy_nearest,False,0.0020110607147216797,success
045705429C4C84,3,"['Castelvecchio', 'Arena', 'Casa Giulietta']",Teatro Romano,"['Santa Anastasia', 'Duomo', 'AMO', 'Palazzo della Ragione', 'Museo Conte']",Torre Lamberti,strategy_nearest,False,0.0036537647247314453,success
04570A3A9C4C84,0,['Arena'],Castelvecchio,"['Museo Lapidario', 'Verona Tour', 'Museo Radio', 'San Zeno', 'Sighseeing']",Casa Giulietta,strategy_nearest,False,0.002889871597290039,success
045715429C4C84,3,"['Castelvecchio', 'Casa Giulietta']",Santa Anastasia,"['AMO', 'Museo Conte', 'Palazzo della Ragione', 'Teatro Romano', 'Centro Fotografia']",Torre Lamberti,strategy_nearest,False,0.0021431446075439453,success
0457153A9C4C84,2,['Casa Giulietta'],Santa Anastasia,"['AMO', 'Museo Conte', 'Palazzo della Ragione', 'Teatro Romano', 'Centro Fotografia']",Duomo,strategy_nearest,False,0.0016548633575439453,success
045711429C4C84,2,"['Museo Lapidario', 'Castelvecchio']",Casa Giulietta,"['Centro Fotografia', 'Sighseeing', 'Torre Lamberti', 'Museo Conte', 'Museo Radio']",Palazzo della Ragione,strategy_nearest,False,0.0035772323608398438,success
04570C429C4C84,0,['Casa Giulietta'],Arena,"['Verona Tour', 'Museo Lapidario', 'Museo Radio', 'San Fermo', 'Sighseeing']",Castelvecchio,strategy_nearest,False,0.0035729408264160156,success
0457163A9C4C84,0,['Arena'],Torre Lamberti,"['Sighseeing', 'Centro Fotografia', 'Museo Conte', 'Casa Giulietta', 'Palazzo della Ragione']",Casa Giulietta,strategy_nearest,True,0.0014770030975341797,success
04571D429C4C84,0,['Arena'],Casa Giulietta,"['Centro Fotografia', 'Sighseeing', 'Torre Lamberti', 'Museo Conte', 'Museo Radio']",San Fermo,strategy_nearest,False,0.002454996109008789,success
04571C3A9C4C84,6,"['Arena', 'Casa Giulietta']",Torre Lamberti,"['Sighseeing', 'Centro Fotografia', 'Museo Conte', 'Palazzo della Ragione', 'AMO']",Duomo,strategy_nearest,False,0.0020170211791992188,success
04571E429C4C84,1,"['Museo Lapidario', 'Castelvecchio', 'Duomo', 'Santa Anastasia']",Palazzo della Ragione,"['AMO', 'Museo Conte', 'Torre Lamberti', 'Centro Fotografia', 'Sighseeing']",Casa Giulietta,strategy_nearest,False,0.003116130828857422,success
0457203A9C4C80,0,['Arena'],Castelvecchio,"['Museo Lapidario', 'Verona Tour', 'Museo Radio', 'San Zeno', 'Sighseeing']",Tomba Giulietta,strategy_nearest,False,0.002006053924560547,success
0457223A9C4C80,2,['San Fermo'],Torre Lamberti,"['Sighseeing', 'Centro Fotografia', 'Museo Conte', 'Casa Giulietta', 'Palazzo della Ragione']",Castelvecchio,strategy_nearest,False,0.0026159286499023438,success
045720429C4C80,0,"['Arena', 'Museo Lapidario']",Castelvecchio,"['Verona Tour', 'Museo Radio', 'San Zeno', 'Sighseeing', 'Museo Miniscalchi']",Museo Storia,strategy_nearest,False,0.0033490657806396484,success
0457263A9C4C80,1,['Arena'],Casa Giulietta,"['Centro Fotografia', 'Sighseeing', 'Torre Lamberti', 'Museo Conte', 'Museo Radio']",Palazzo della Ragione,strategy_nearest,False,0.002542734146118164,success
0457293A9C4C80,0,"['Arena', 'Castelvecchio']",Casa Giulietta,"['Centro Fotografia', 'Sighseeing', 'Torre Lamberti', 'Museo Conte', 'Museo Radio']",Torre Lamberti,strategy_nearest,True,0.0013117790222167969,success
0457253A9C4C80,2,['Casa Giulietta'],Duomo,"['AMO', 'Museo Miniscalchi', 'Santa Anastasia', 'Teatro Romano', 'Palazzo della Ragione']",Castelvecchio,strategy_nearest,False,0.0037670135498046875,success
04572E3A9C4C80,2,"['Castelvecchio', 'San Fermo']",Duomo,"['AMO', 'Museo Miniscalchi', 'Santa Anastasia', 'Teatro Romano', 'Palazzo della Ragione']",San Zeno,strategy_nearest,False,0.0028460025787353516,success
0457383A9C4C80,3,"['Arena', 'Casa Giulietta']",Santa Anastasia,"['AMO', 'Museo Conte', 'Palazzo della Ragione', 'Teatro Romano', 'Centro Fotografia']",Torre Lamberti,strategy_nearest,False,0.001767873764038086,success
0457533A9C4C80,2,['Santa Anastasia'],Duomo,"['AMO', 'Museo Miniscalchi', 'Teatro Romano', 'Palazzo della Ragione', 'Museo Conte']",Castelvecchio,strategy_nearest,False,0.0025610923767089844,success
04576C429C4C80,3,"['Arena', 'Casa Giulietta']",Torre Lamberti,"['Sighseeing', 'Centro Fotografia', 'Museo Conte', 'Palazzo della Ragione', 'AMO']",Duomo,strategy_nearest,False,0.002390146255493164,success
04576D429C4C80,1,"['Arena', 'Casa Giulietta', 'Torre Lamberti']",Palazzo della Ragione,"['AMO', 'Museo Conte', 'Centro Fotografia', 'Sighseeing', 'Santa Anastasia']",Santa Anastasia,strategy_nearest,True,0.0029861927032470703,success
045772429C4C80,1,"['Casa Giulietta', 'Arena']",Torre Lamberti,"['Sighseeing', 'Centro Fotografia', 'Museo Conte', 'Palazzo della Ragione', 'AMO']",Palazzo della Ragione,strategy_nearest,True,0.0032498836517333984,success
045775429C4C80,2,['Casa Giulietta'],Santa Anastasia,"['AMO', 'Museo Conte', 'Palazzo della Ragione', 'Teatro Romano', 'Centro Fotografia']",Torre Lamberti,strategy_nearest,False,0.0017719268798828125,success
045779429C4C80,2,"['Torre Lamberti', 'Palazzo della Ragione']",Duomo,"['AMO', 'Museo Miniscalchi', 'Santa Anastasia', 'Teatro Romano', 'Museo Conte']",Teatro Romano,strategy_nearest,True,0.0021920204162597656,success
04577F4A9C4C80,3,"['Tomba Giulietta', 'Arena']",Casa Giulietta,"['Centro Fotografia', 'Sighseeing', 'Torre Lamberti', 'Museo Conte', 'Museo Radio']",Torre Lamberti,strategy_nearest,True,0.0015957355499267578,success
0457823A9C4C80,1,"['Castelvecchio', 'Palazzo della Ragione', 'Santa Anastasia']",Arena,"['Verona Tour', 'Museo Lapidario', 'Museo Radio', 'San Fermo', 'Casa Giulietta']",Torre Lamberti,strategy_nearest,False,0.002458810806274414,success
0457824A9C4C80,1,"['Arena', 'Casa Giulietta', 'Palazzo della Ragione']",Torre Lamberti,"['Sighseeing', 'Centro Fotografia', 'Museo Conte', 'AMO', 'Museo Miniscalchi']",San Fermo,strategy_nearest,False,0.0017461776733398438,success
0457844A9C4C80,3,['Arena'],Santa Anastasia,"['AMO', 'Museo Conte', 'Palazzo della Ragione', 'Teatro Romano', 'Centro Fotografia']",Duomo,strategy_nearest,False,0.002137899398803711,success
0457863A9C4C80,1,"['Castelvecchio', 'Arena', 'Casa Giulietta']",Palazzo della Ragione,"['AMO', 'Museo Conte', 'Torre Lamberti', 'Centro Fotografia', 'Sighseeing']",Santa Anastasia,strategy_nearest,False,0.0015189647674560547,success
04578E4A9C4C80,0,['Arena'],Casa Giulietta,"['Centro Fotografia', 'Sighseeing', 'Torre Lamberti', 'Museo Conte', 'Museo Radio']",Torre Lamberti,strategy_nearest,True,0.0025560855865478516,success
04578D4A9C4C80,2,"['Museo Lapidario', 'San Fermo']",Casa Giulietta,"['Centro Fotografia', 'Sighseeing', 'Torre Lamberti', 'Museo Conte', 'Museo Radio']",Duomo,strategy_nearest,False,0.0020318031311035156,success
0457914A9C4C80,2,['Casa Giulietta'],Santa Anastasia,"['AMO', 'Museo Conte', 'Palazzo della Ragione', 'Teatro Romano', 'Centro Fotografia']",Duomo,strategy_nearest,False,0.0025031566619873047,success
0457924A9C4C80,3,['Arena'],Casa Giulietta,"['Centro Fotografia', 'Sighseeing', 'Torre Lamberti', 'Museo Conte', 'Museo Radio']",Santa Anastasia,strategy_nearest,False,0.0031440258026123047,success
0457954A9C4C80,3,['Arena'],Casa Giulietta,"['Centro Fotografia', 'Sighseeing', 'Torre Lamberti', 'Museo Conte', 'Museo Radio']",Torre Lamberti,strategy_nearest,True,0.0014102458953857422,success
0457A74A9C4C80,1,"['Torre Lamberti', 'Palazzo della Ragione', 'Santa Anastasia']",Duomo,"['AMO', 'Museo Miniscalchi', 'Teatro Romano', 'Museo Conte', 'Centro Fotografia']",Arena,strategy_nearest,False,0.0026788711547851562,success
0457B53A9C4C80,3,['Arena'],Casa Giulietta,"['Centro Fotografia', 'Sighseeing', 'Torre Lamberti', 'Museo Conte', 'Museo Radio']",Santa Anastasia,strategy_nearest,False,0.0019829273223876953,success
0457C43A9C4C80,0,"['Castelvecchio', 'Tomba Giulietta']",San Fermo,"['Museo Storia', 'Museo Radio', 'Casa Giulietta', 'Centro Fotografia', 'Arena']",Casa Giulietta,strategy_nearest,True,0.0032019615173339844,success
0457C93A9C4C80,3,"['Castelvecchio', 'Arena', 'San Fermo', 'Museo Storia']",Casa Giulietta,"['Centro Fotografia', 'Sighseeing', 'Torre Lamberti', 'Museo Conte', 'Museo Radio']",Museo Lapidario,strategy_nearest,False,0.0020148754119873047,success
0457CE3A9C4C80,3,['Arena'],Casa Giulietta,"['Centro Fotografia', 'Sighseeing', 'Torre Lamberti', 'Museo Conte', 'Museo Radio']",Santa Anastasia,strategy_nearest,False,0.0026443004608154297,success
0457CF429C4C80,0,['Casa Giulietta'],Torre Lamberti,"['Sighseeing', 'Centro Fotografia', 'Museo Conte', 'Palazzo della Ragione', 'AMO']",Arena,strategy_nearest,False,0.002003908157348633,success
0457D03A9C4C80,0,"['Museo Lapidario', 'Arena']",Casa Giulietta,"['Centro Fotografia', 'Sighseeing', 'Torre Lamberti', 'Museo Conte', 'Museo Radio']",Teatro Romano,strategy_nearest,False,0.0031528472900390625,success
0457F03A9C4C80,2,"['Teatro Romano', 'Duomo']",Castelvecchio,"['Museo Lapidario', 'Verona Tour', 'Arena', 'Museo Radio', 'San Zeno']",San Zeno,strategy_nearest,True,0.003248929977416992,success
0457F93A9C4C80,0,['Arena'],Teatro Romano,"['Santa Anastasia', 'Duomo', 'AMO', 'Palazzo della Ragione', 'Museo Conte']",Duomo,strategy_nearest,True,0.0014729499816894531,success
0457ED3A9C4C80,3,"['Tomba Giulietta', 'Arena']",Torre Lamberti,"['Sighseeing', 'Centro Fotografia', 'Museo Conte', 'Casa Giulietta', 'Palazzo della Ragione']",Santa Anastasia,strategy_nearest,False,0.0027647018432617188,success
0457FB3A9C4C80,0,['Arena'],Casa Giulietta,"['Centro Fotografia', 'Sighseeing', 'Torre Lamberti', 'Museo Conte', 'Museo Radio']",Torre Lamberti,strategy_nearest,True,0.0031261444091796875,success
0458003A9C4C84,3,"['Arena', 'Santa Anastasia', 'Teatro Romano']",Duomo,"['AMO', 'Museo Miniscalchi', 'Palazzo della Ragione', 'Museo Conte', 'Torre Lamberti']",Casa Giulietta,strategy_nearest,False,0.0013659000396728516,success
0458113A9C4C84,0,['Arena'],Casa Giulietta,"['Centro Fotografia', 'Sighseeing', 'Torre Lamberti', 'Museo Conte', 'Museo Radio']",San Zeno,strategy_nearest,False,0.002669095993041992,success
0458053A9C4C84,0,['Arena'],Casa Giulietta,"['Centro Fotografia', 'Sighseeing', 'Torre Lamberti', 'Museo Conte', 'Museo Radio']",Torre Lamberti,strategy_nearest,True,0.0021419525146484375,success
0458123A9C4C84,3,"['Arena', 'Casa Giulietta']",Santa Anastasia,"['AMO', 'Museo Conte', 'Palazzo della Ragione', 'Teatro Romano', 'Centro Fotografia']",Duomo,strategy_nearest,False,0.0032470226287841797,success
045816429C4C84,3,['Arena'],Duomo,"['AMO', 'Museo Miniscalchi', 'Santa Anastasia', 'Teatro Romano', 'Palazzo della Ragione']",Torre Lamberti,strategy_nearest,False,0.0016345977783203125,success
04581B429C4C80,3,"['Arena', 'Casa Giulietta']",Torre Lamberti,"['Sighseeing', 'Centro Fotografia', 'Museo Conte', 'Palazzo della Ragione', 'AMO']",Duomo,strategy_nearest,False,0.0027298927307128906,success
0458193A9C4C80,0,['Arena'],Casa Giulietta,"['Centro Fotografia', 'Sighseeing', 'Torre Lamberti', 'Museo Conte', 'Museo Radio']",Duomo,strategy_nearest,False,0.001977682113647461,success
04581D429C4C84,3,"['Arena', 'Casa Giulietta']",Santa Anastasia,"['AMO', 'Museo Conte', 'Palazzo della Ragione', 'Teatro Romano', 'Centro Fotografia']",Duomo,strategy_nearest,False,0.0024449825286865234,success
04581E3A9C4C80,0,['Arena'],Castelvecchio,"['Museo Lapidario', 'Verona Tour', 'Museo Radio', 'San Zeno', 'Sighseeing']",Torre Lamberti,strategy_nearest,False,0.0021240711212158203,success
0458244A9C4C80,2,['Castelvecchio'],Casa Giulietta,"['Centro Fotografia', 'Sighseeing', 'Torre Lamberti', 'Museo Conte', 'Museo Radio']",Giardino Giusti,strategy_nearest,False,0.0018110275268554688,success
045821429C4C80,3,"['Arena', 'Museo Lapidario', 'Castelvecchio']",Torre Lamberti,"['Sighseeing', 'Centro Fotografia', 'Museo Conte', 'Casa Giulietta', 'Palazzo della Ragione']",Casa Giulietta,strategy_nearest,True,0.002002716064453125,success
0458243A9C4C80,0,['Arena'],Casa Giulietta,"['Centro Fotografia', 'Sighseeing', 'Torre Lamberti', 'Museo Conte', 'Museo Radio']",San Zeno,strategy_nearest,False,0.003256082534790039,success
0458263A9C4C80,0,['Arena'],Museo Lapidario,"['Verona Tour', 'Castelvecchio', 'Museo Radio', 'San Fermo', 'Casa Giulietta']",Casa Giulietta,strategy_nearest,True,0.0029790401458740234,success
04582A429C4C80,0,"['Arena', 'Tomba Giulietta']",Casa Giulietta,"['Centro Fotografia', 'Sighseeing', 'Torre Lamberti', 'Museo Conte', 'Museo Radio']",Castelvecchio,strategy_nearest,False,0.0016210079193115234,success
045832429C4C80,0,['Arena'],Museo Lapidario,"['Verona Tour', 'Castelvecchio', 'Museo Radio', 'San Fermo', 'Casa Giulietta']",Castelvecchio,strategy_nearest,True,0.0032720565795898438,success
0458333A9C4C80,3,"['Arena', 'Casa Giulietta']",Torre Lamberti,"['Sighseeing', 'Centro Fotografia', 'Museo Conte', 'Palazzo della Ragione', 'AMO']",Santa Anastasia,strategy_nearest,False,0.0020761489868164062,success
0458363A9C4C80,0,['Arena'],Casa Giulietta,"['Centro Fotografia', 'Sighseeing', 'Torre Lamberti', 'Museo Conte', 'Museo Radio']",Torre Lamberti,strategy_nearest,True,0.0030422210693359375,success
04584F3A9C4C80,3,"['Arena', 'Torre Lamberti']",Casa Giulietta,"['Centro Fotografia', 'Sighseeing', 'Museo Conte', 'Museo Radio', 'Palazzo della Ragione']",Duomo,strategy_nearest,False,0.0018429756164550781,success
045849429C4C80,1,"['Arena', 'Torre Lamberti', 'Palazzo della Ragione']",Duomo,"['AMO', 'Museo Miniscalchi', 'Santa Anastasia', 'Teatro Romano', 'Museo Conte']",Casa Giulietta,strategy_nearest,False,0.002001047134399414,success
045844429C4C80,0,['Arena'],Casa Giulietta,"['Centro Fotografia', 'Sighseeing', 'Torre Lamberti', 'Museo Conte', 'Museo Radio']",Santa Anastasia,strategy_nearest,False,0.004400014877319336,success
045854429C4C80,3,"['Castelvecchio', 'Arena']",Casa Giulietta,"['Centro Fotografia', 'Sighseeing', 'Torre Lamberti', 'Museo Conte', 'Museo Radio']",Torre Lamberti,strategy_nearest,True,0.0032689571380615234,success
045870429C4C80,1,"['Castelvecchio', 'Arena', 'San Fermo', 'Museo Storia']",Casa Giulietta,"['Centro Fotografia', 'Sighseeing', 'Torre Lamberti', 'Museo Conte', 'Museo Radio']",Torre Lamberti,strategy_nearest,True,0.0020148754119873047,success
0458753A9C4C80,3,"['Arena', 'Casa Giulietta']",Torre Lamberti,"['Sighseeing', 'Centro Fotografia', 'Museo Conte', 'Palazzo della Ragione', 'AMO']",Santa Anastasia,strategy_nearest,False,0.003069162368774414,success
04587C3A9C4C80,0,['Arena'],Casa Giulietta,"['Centro Fotografia', 'Sighseeing', 'Torre Lamberti', 'Museo Conte', 'Museo Radio']",Duomo,strategy_nearest,False,0.001828908920288086,success
0458824A9C4C80,0,['Arena'],Casa Giulietta,"['Centro Fotografia', 'Sighseeing', 'Torre Lamberti', 'Museo Conte', 'Museo Radio']",Teatro Romano,strategy_nearest,False,0.0030579566955566406,success
0458833A9C4C80,3,"['Arena', 'San Fermo']",Casa Giulietta,"['Centro Fotografia', 'Sighseeing', 'Torre Lamberti', 'Museo Conte', 'Museo Radio']",Torre Lamberti,strategy_nearest,True,0.0019600391387939453,success
045883429C4C80,0,['Arena'],Casa Giulietta,"['Centro Fotografia', 'Sighseeing', 'Torre Lamberti', 'Museo Conte', 'Museo Radio']",Tomba Giulietta,strategy_nearest,False,0.0023870468139648438,success
04588E429C4C80,1,['Arena'],Casa Giulietta,"['Centro Fotografia', 'Sighseeing', 'Torre Lamberti', 'Museo Conte', 'Museo Radio']",Palazzo della Ragione,strategy_nearest,False,0.002485990524291992,success
045898429C4C80,3,"['Arena', 'Castelvecchio']",Casa Giulietta,"['Centro Fotografia', 'Sighseeing', 'Torre Lamberti', 'Museo Conte', 'Museo Radio']",Santa Anastasia,strategy_nearest,False,0.002190113067626953,success
0458A54A9C4C80,0,['Arena'],Santa Anastasia,"['AMO', 'Museo Conte', 'Palazzo della Ragione', 'Teatro Romano', 'Centro Fotografia']",Casa Giulietta,strategy_nearest,False,0.002476930618286133,success
0458B2429C4C80,0,['Arena'],Casa Giulietta,"['Centro Fotografia', 'Sighseeing', 'Torre Lamberti', 'Museo Conte', 'Museo Radio']",Duomo,strategy_nearest,False,0.0023651123046875,success
0458B4429C4C80,0,['Arena'],Duomo,"['AMO', 'Museo Miniscalchi', 'Santa Anastasia', 'Teatro Romano', 'Palazzo della Ragione']",Castelvecchio,strategy_nearest,False,0.0026209354400634766,success
0458B6429C4C80,1,"['Arena', 'Castelvecchio', 'San Zeno', 'Torre Lamberti', 'Palazzo della Ragione']",Santa Anastasia,"['AMO', 'Museo Conte', 'Teatro Romano', 'Centro Fotografia', 'Duomo']",Duomo,strategy_nearest,True,0.0026407241821289062,success
0458B8429C4C80,0,"['Casa Giulietta', 'Duomo']",Teatro Romano,"['Santa Anastasia', 'AMO', 'Palazzo della Ragione', 'Museo Conte', 'Centro Fotografia']",Arena,strategy_nearest,False,0.0025370121002197266,success
0458C0429C4C80,0,"['Tomba Giulietta', 'San Fermo']",Torre Lamberti,"['Sighseeing', 'Centro Fotografia', 'Museo Conte', 'Casa Giulietta', 'Palazzo della Ragione']",Casa Giulietta,strategy_nearest,True,0.0031919479370117188,success
0458C3429C4C80,3,"['Arena', 'Castelvecchio']",Teatro Romano,"['Santa Anastasia', 'Duomo', 'AMO', 'Palazzo della Ragione', 'Museo Conte']",Duomo,strategy_nearest,True,0.0017969608306884766,success
0458C53A9C4C80,3,"['Arena', 'San Fermo']",Santa Anastasia,"['AMO', 'Museo Conte', 'Palazzo della Ragione', 'Teatro Romano', 'Centro Fotografia']",Duomo,strategy_nearest,False,0.002321004867553711,success
0458D0429C4C80,3,['Arena'],Torre Lamberti,"['Sighseeing', 'Centro Fotografia', 'Museo Conte', 'Casa Giulietta', 'Palazzo della Ragione']",Santa Anastasia,strategy_nearest,False,0.0019030570983886719,success
0458CA3A9C4C80,3,"['Arena', 'Casa Giulietta']",Santa Anastasia,"['AMO', 'Museo Conte', 'Palazzo della Ragione', 'Teatro Romano', 'Centro Fotografia']",Duomo,strategy_nearest,False,0.0025370121002197266,success
0458C9429C4C80,1,"['Torre Lamberti', 'Palazzo della Ragione']",Casa Giulietta,"['Centro Fotografia', 'Sighseeing', 'Museo Conte', 'Museo Radio', 'San Fermo']",Santa Anastasia,strategy_nearest,False,0.00413203239440918,success
0458D33A9C4C80,0,['Casa Giulietta'],Tomba Giulietta,"['San Fermo', 'Museo Storia', 'Arena', 'Museo Lapidario', 'Museo Radio']",Arena,strategy_nearest,True,0.002682209014892578,success
0458D63A9C4C80,3,"['Arena', 'Casa Giulietta']",Santa Anastasia,"['AMO', 'Museo Conte', 'Palazzo della Ragione', 'Teatro Romano', 'Centro Fotografia']",Torre Lamberti,strategy_nearest,False,0.0018439292907714844,success
0458DB429C4C80,2,['Santa Anastasia'],Duomo,"['AMO', 'Museo Miniscalchi', 'Teatro Romano', 'Palazzo della Ragione', 'Museo Conte']",San Fermo,strategy_nearest,False,0.001895904541015625,success
0458ED3A9C4C80,1,['Arena'],Casa Giulietta,"['Centro Fotografia', 'Sighseeing', 'Torre Lamberti', 'Museo Conte', 'Museo Radio']",Palazzo della Ragione,strategy_nearest,False,0.002482891082763672,success
0458F03A9C4C80,3,['Arena'],Santa Anastasia,"['AMO', 'Museo Conte', 'Palazzo della Ragione', 'Teatro Romano', 'Centro Fotografia']",Teatro Romano,strategy_nearest,True,0.002971172332763672,success
0458F5429C4C80,0,['Arena'],Torre Lamberti,"['Sighseeing', 'Centro Fotografia', 'Museo Conte', 'Casa Giulietta', 'Palazzo della Ragione']",Castelvecchio,strategy_nearest,False,0.0019459724426269531,success
0458F33A9C4C80,2,['Castelvecchio'],Santa Anastasia,"['AMO', 'Museo Conte', 'Palazzo della Ragione', 'Teatro Romano', 'Centro Fotografia']",Teatro Romano,strategy_nearest,True,0.0033309459686279297,success
0458F63A9C4C80,1,"['Arena', 'San Fermo', 'Torre Lamberti']",Palazzo della Ragione,"['AMO', 'Museo Conte', 'Centro Fotografia', 'Sighseeing', 'Santa Anastasia']",Santa Anastasia,strategy_nearest,True,0.002126932144165039,success
0458FD429C4C80,2,"['Casa Giulietta', 'Palazzo della Ragione', 'Torre Lamberti']",Santa Anastasia,"['AMO', 'Museo Conte', 'Teatro Romano', 'Centro Fotografia', 'Duomo']",Castelvecchio,strategy_nearest,False,0.0023093223571777344,success
0459093A9C4C84,1,"['Arena', 'Museo Lapidario', 'Casa Giulietta', 'Torre Lamberti']",Palazzo della Ragione,"['AMO', 'Museo Conte', 'Centro Fotografia', 'Sighseeing', 'Santa Anastasia']",Santa Anastasia,strategy_nearest,True,0.0022809505462646484,success
0459163A9C4C84,3,"['Casa Giulietta', 'Arena']",Castelvecchio,"['Museo Lapidario', 'Verona Tour', 'Museo Radio', 'San Zeno', 'Sighseeing']",Santa Anastasia,strategy_nearest,False,0.0028028488159179688,success
0459263A9C4C80,0,['Arena'],Casa Giulietta,"['Centro Fotografia', 'Sighseeing', 'Torre Lamberti', 'Museo Conte', 'Museo Radio']",Castelvecchio,strategy_nearest,False,0.00180816650390625,success
0459293A9C4C80,1,"['Arena', 'Casa Giulietta']",Torre Lamberti,"['Sighseeing', 'Centro Fotografia', 'Museo Conte', 'Palazzo della Ragione', 'AMO']",Palazzo della Ragione,strategy_nearest,True,0.0026743412017822266,success
04592D3A9C4C80,3,"['Arena', 'Torre Lamberti']",Santa Anastasia,"['AMO', 'Museo Conte', 'Palazzo della Ragione', 'Teatro Romano', 'Centro Fotografia']",Duomo,strategy_nearest,False,0.001986980438232422,success
0459323A9C4C80,2,"['Casa Giulietta', 'Torre Lamberti']",Palazzo della Ragione,"['AMO', 'Museo Conte', 'Centro Fotografia', 'Sighseeing', 'Santa Anastasia']",Santa Anastasia,strategy_nearest,True,0.002608776092529297,success
04592F3A9C4C80,3,['Santa Anastasia'],Duomo,"['AMO', 'Museo Miniscalchi', 'Teatro Romano', 'Palazzo della Ragione', 'Museo Conte']",Torre Lamberti,strategy_nearest,False,0.0032110214233398438,success
04593B4A9C4C80,0,"['Tomba Giulietta', 'Arena']",Casa Giulietta,"['Centro Fotografia', 'Sighseeing', 'Torre Lamberti', 'Museo Conte', 'Museo Radio']",Teatro Romano,strategy_nearest,False,0.0031969547271728516,success
04593E3A9C4C80,1,"['Arena', 'Casa Giulietta', 'Palazzo della Ragione']",Torre Lamberti,"['Sighseeing', 'Centro Fotografia', 'Museo Conte', 'AMO', 'Museo Miniscalchi']",Santa Anastasia,strategy_nearest,False,0.002373933792114258,success
04594F429C4C80,0,['Arena'],Castelvecchio,"['Museo Lapidario', 'Verona Tour', 'Museo Radio', 'San Zeno', 'Sighseeing']",Torre Lamberti,strategy_nearest,False,0.0023272037506103516,success
04593F3A9C4C80,1,"['Museo Lapidario', 'Castelvecchio', 'Arena', 'San Fermo', 'Tomba Giulietta']",Torre Lamberti,"['Sighseeing', 'Centro Fotografia', 'Museo Conte', 'Casa Giulietta', 'Palazzo della Ragione']",Palazzo della Ragione,strategy_nearest,True,0.003670930862426758,success
045960429C4C80,0,['Arena'],Casa Giulietta,"['Centro Fotografia', 'Sighseeing', 'Torre Lamberti', 'Museo Conte', 'Museo Radio']",Torre Lamberti,strategy_nearest,True,0.003551959991455078,success
04596C429C4C80,0,['Arena'],Tomba Giulietta,"['San Fermo', 'Museo Storia', 'Museo Lapidario', 'Museo Radio', 'Verona Tour']",Duomo,strategy_nearest,False,0.0021882057189941406,success
045962429C4C80,0,['Casa Giulietta'],Torre Lamberti,"['Sighseeing', 'Centro Fotografia', 'Museo Conte', 'Palazzo della Ragione', 'AMO']",Teatro Romano,strategy_nearest,False,0.002154827117919922,success
0459733A9C4C80,0,['Arena'],Casa Giulietta,"['Centro Fotografia', 'Sighseeing', 'Torre Lamberti', 'Museo Conte', 'Museo Radio']",Torre Lamberti,strategy_nearest,True,0.0026481151580810547,success
0459773A9C4C80,2,['Casa Giulietta'],Teatro Romano,"['Santa Anastasia', 'Duomo', 'AMO', 'Palazzo della Ragione', 'Museo Conte']",Torre Lamberti,strategy_nearest,False,0.0030601024627685547,success
04598A429C4C80,0,['Torre Lamberti'],Casa Giulietta,"['Centro Fotografia', 'Sighseeing', 'Museo Conte', 'Museo Radio', 'Palazzo della Ragione']",Arena,strategy_nearest,False,0.0017857551574707031,success
045989429C4C80,0,['Castelvecchio'],Arena,"['Verona Tour', 'Museo Lapidario', 'Museo Radio', 'San Fermo', 'Casa Giulietta']",Teatro Romano,strategy_nearest,False,0.001956939697265625,success
04598A3A9C4C80,1,['Arena'],Casa Giulietta,"['Centro Fotografia', 'Sighseeing', 'Torre Lamberti', 'Museo Conte', 'Museo Radio']",Torre Lamberti,strategy_nearest,True,0.0024509429931640625,success
04598C3A9C4C80,0,['Arena'],Castelvecchio,"['Museo Lapidario', 'Verona Tour', 'Museo Radio', 'San Zeno', 'Sighseeing']",Tomba Giulietta,strategy_nearest,False,0.001107931137084961,success
04598E429C4C80,2,['Torre Lamberti'],Palazzo della Ragione,"['AMO', 'Museo Conte', 'Centro Fotografia', 'Sighseeing', 'Santa Anastasia']",Casa Giulietta,strategy_nearest,False,0.0018999576568603516,success
04598C429C4C80,0,['Arena'],Casa Giulietta,"['Centro Fotografia', 'Sighseeing', 'Torre Lamberti', 'Museo Conte', 'Museo Radio']",Torre Lamberti,strategy_nearest,True,0.0027618408203125,success
04598E4A9C4C80,3,"['Arena', 'Casa Giulietta']",Santa Anastasia,"['AMO', 'Museo Conte', 'Palazzo della Ragione', 'Teatro Romano', 'Centro Fotografia']",Teatro Romano,strategy_nearest,True,0.003133058547973633,success
045990429C4C80,2,['Torre Lamberti'],Palazzo della Ragione,"['AMO', 'Museo Conte', 'Centro Fotografia', 'Sighseeing', 'Santa Anastasia']",Duomo,strategy_nearest,False,0.002251148223876953,success
0459A04A9C4C80,0,['Castelvecchio'],Arena,"['Verona Tour', 'Museo Lapidario', 'Museo Radio', 'San Fermo', 'Casa Giulietta']",Torre Lamberti,strategy_nearest,False,0.0019068717956542969,success
045993429C4C80,0,['Casa Giulietta'],Arena,"['Verona Tour', 'Museo Lapidario', 'Museo Radio', 'San Fermo', 'Sighseeing']",Castelvecchio,strategy_nearest,False,0.0031909942626953125,success
0459A34A9C4C80,1,['Arena'],Torre Lamberti,"['Sighseeing', 'Centro Fotografia', 'Museo Conte', 'Casa Giulietta', 'Palazzo della Ragione']",Palazzo della Ragione,strategy_nearest,True,0.002317190170288086,success
0459AA429C4C80,1,"['Arena', 'Casa Giulietta', 'Palazzo della Ragione']",Torre Lamberti,"['Sighseeing', 'Centro Fotografia', 'Museo Conte', 'AMO', 'Museo Miniscalchi']",Tomba Giulietta,strategy_nearest,False,0.0024809837341308594,success
0459AC429C4C80,1,"['Arena', 'Museo Lapidario', 'Casa Giulietta']",Torre Lamberti,"['Sighseeing', 'Centro Fotografia', 'Museo Conte', 'Palazzo della Ragione', 'AMO']",Palazzo della Ragione,strategy_nearest,True,0.0025191307067871094,success
0459B33A9C4C80,0,['Arena'],Casa Giulietta,"['Centro Fotografia', 'Sighseeing', 'Torre Lamberti', 'Museo Conte', 'Museo Radio']",Santa Anastasia,strategy_nearest,False,0.0024759769439697266,success
0459B0429C4C80,0,"['Arena', 'San Fermo']",Casa Giulietta,"['Centro Fotografia', 'Sighseeing', 'Torre Lamberti', 'Museo Conte', 'Museo Radio']",Torre Lamberti,strategy_nearest,True,0.0021038055419921875,success
0459B1429C4C80,2,['Santa Anastasia'],Teatro Romano,"['Duomo', 'AMO', 'Palazzo della Ragione', 'Museo Conte', 'Centro Fotografia']",Duomo,strategy_nearest,True,0.0032320022583007812,success
0459B4429C4C80,0,['Casa Giulietta'],Torre Lamberti,"['Sighseeing', 'Centro Fotografia', 'Museo Conte', 'Palazzo della Ragione', 'AMO']",Arena,strategy_nearest,False,0.0022721290588378906,success
0459BD3A9C4C80,0,['Arena'],Casa Giulietta,"['Centro Fotografia', 'Sighseeing', 'Torre Lamberti', 'Museo Conte', 'Museo Radio']",Torre Lamberti,strategy_nearest,True,0.001987934112548828,success
0459C83A9C4C80,0,['Arena'],Casa Giulietta,"['Centro Fotografia', 'Sighseeing', 'Torre Lamberti', 'Museo Conte', 'Museo Radio']",Castelvecchio,strategy_nearest,False,0.0019440650939941406,success
0459C2429C4C80,1,"['Castelvecchio', 'Arena', 'Casa Giulietta']",Torre Lamberti,"['Sighseeing', 'Centro Fotografia', 'Museo Conte', 'Palazzo della Ragione', 'AMO']",Palazzo della Ragione,strategy_nearest,True,0.003271818161010742,success
0459C9429C4C80,1,"['Santa Anastasia', 'Casa Giulietta', 'Casa Giulietta']",Castelvecchio,"['Museo Lapidario', 'Verona Tour', 'Arena', 'Museo Radio', 'San Zeno']",Arena,strategy_nearest,True,0.0032651424407958984,success
0459CD3A9C4C80,1,"['Arena', 'Museo Lapidario', 'Castelvecchio']",Casa Giulietta,"['Centro Fotografia', 'Sighseeing', 'Torre Lamberti', 'Museo Conte', 'Museo Radio']",Torre Lamberti,strategy_nearest,True,0.0026640892028808594,success
0459D03A9C4C80,3,"['Arena', 'Casa Giulietta']",Torre Lamberti,"['Sighseeing', 'Centro Fotografia', 'Museo Conte', 'Palazzo della Ragione', 'AMO']",Santa Anastasia,strategy_nearest,False,0.002596139907836914,success
0459D43A9C4C80,2,"['Palazzo della Ragione', 'Torre Lamberti']",Duomo,"['AMO', 'Museo Miniscalchi', 'Santa Anastasia', 'Teatro Romano', 'Museo Conte']",Casa Giulietta,strategy_nearest,False,0.0031731128692626953,success
0459DA3A9C4C80,1,"['Arena', 'Casa Giulietta', 'Torre Lamberti']",Palazzo della Ragione,"['AMO', 'Museo Conte', 'Centro Fotografia', 'Sighseeing', 'Santa Anastasia']",Santa Anastasia,strategy_nearest,True,0.001556396484375,success
0459E23A9C4C80,0,['Arena'],Casa Giulietta,"['Centro Fotografia', 'Sighseeing', 'Torre Lamberti', 'Museo Conte', 'Museo Radio']",Torre Lamberti,strategy_nearest,True,0.0025451183319091797,success
0459E83A9C4C80,3,['Castelvecchio'],Arena,"['Verona Tour', 'Museo Lapidario', 'Museo Radio', 'San Fermo', 'Casa Giulietta']",San Fermo,strategy_nearest,True,0.002496957778930664,success
0459F0429C4C80,1,"['Casa Giulietta', 'Santa Anastasia']",Palazzo della Ragione,"['AMO', 'Museo Conte', 'Torre Lamberti', 'Centro Fotografia', 'Sighseeing']",Castelvecchio,strategy_nearest,False,0.0023009777069091797,success
0459EB3A9C4C80,3,['Teatro Romano'],Duomo,"['AMO', 'Museo Miniscalchi', 'Santa Anastasia', 'Palazzo della Ragione', 'Museo Conte']",Arena,strategy_nearest,False,0.002621889114379883,success
0459F23A9C4C80,0,['Casa Giulietta'],Torre Lamberti,"['Sighseeing', 'Centro Fotografia', 'Museo Conte', 'Palazzo della Ragione', 'AMO']",Arena,strategy_nearest,False,0.002380847930908203,success
045A053A9C4C84,0,['Arena'],Castelvecchio,"['Museo Lapidario', 'Verona Tour', 'Museo Radio', 'San Zeno', 'Sighseeing']",Casa Giulietta,strategy_nearest,False,0.001631021499633789,success
045A0C429C4C84,0,"['Teatro Romano', 'Casa Giulietta']",Torre Lamberti,"['Sighseeing', 'Centro Fotografia', 'Museo Conte', 'Palazzo della Ragione', 'AMO']",Arena,strategy_nearest,False,0.002418994903564453,success
045A0A429C4C84,1,"['Arena', 'Torre Lamberti']",Palazzo della Ragione,"['AMO', 'Museo Conte', 'Centro Fotografia', 'Sighseeing', 'Santa Anastasia']",Museo Storia,strategy_nearest,False,0.0025217533111572266,success
045A163A9C4C84,0,['Arena'],Casa Giulietta,"['Centro Fotografia', 'Sighseeing', 'Torre Lamberti', 'Museo Conte', 'Museo Radio']",Torre Lamberti,strategy_nearest,True,0.002110004425048828,success
045A293A9C4C80,3,"['Casa Giulietta', 'Teatro Romano']",Duomo,"['AMO', 'Museo Miniscalchi', 'Santa Anastasia', 'Palazzo della Ragione', 'Museo Conte']",Santa Anastasia,strategy_nearest,True,0.0016179084777832031,success
045A2C429C4C80,1,"['Museo Lapidario', 'Arena', 'Palazzo della Ragione', 'Torre Lamberti']",Santa Anastasia,"['AMO', 'Museo Conte', 'Teatro Romano', 'Centro Fotografia', 'Duomo']",Casa Giulietta,strategy_nearest,False,0.001772165298461914,success
045A2F429C4C80,3,"['Casa Giulietta', 'Torre Lamberti']",Santa Anastasia,"['AMO', 'Museo Conte', 'Palazzo della Ragione', 'Teatro Romano', 'Centro Fotografia']",Duomo,strategy_nearest,False,0.002463102340698242,success
045A33429C4C80,0,['Arena'],Casa Giulietta,"['Centro Fotografia', 'Sighseeing', 'Torre Lamberti', 'Museo Conte', 'Museo Radio']",Torre Lamberti,strategy_nearest,True,0.0021839141845703125,success
045A354A9C4C80,2,"['Casa Giulietta', 'Castelvecchio']",Santa Anastasia,"['AMO', 'Museo Conte', 'Palazzo della Ragione', 'Teatro Romano', 'Centro Fotografia']",Teatro Romano,strategy_nearest,True,0.001615762710571289,success
045A373A9C4C80,0,['Arena'],Castelvecchio,"['Museo Lapidario', 'Verona Tour', 'Museo Radio', 'San Zeno', 'Sighseeing']",Casa Giulietta,strategy_nearest,False,0.0023238658905029297,success
045A3B429C4C80,3,"['Santa Anastasia', 'Casa Giulietta']",Duomo,"['AMO', 'Museo Miniscalchi', 'Teatro Romano', 'Palazzo della Ragione', 'Museo Conte']",Giardino Giusti,strategy_nearest,False,0.0025589466094970703,success
045A4C3A9C4C80,0,['Arena'],Casa Giulietta,"['Centro Fotografia', 'Sighseeing', 'Torre Lamberti', 'Museo Conte', 'Museo Radio']",Castelvecchio,strategy_nearest,False,0.0022881031036376953,success
045A3C3A9C4C80,0,"['Castelvecchio', 'Casa Giulietta']",Torre Lamberti,"['Sighseeing', 'Centro Fotografia', 'Museo Conte', 'Palazzo della Ragione', 'AMO']",Duomo,strategy_nearest,False,0.002457141876220703,success
045A4C429C4C80,3,"['Arena', 'Torre Lamberti']",Casa Giulietta,"['Centro Fotografia', 'Sighseeing', 'Museo Conte', 'Museo Radio', 'Palazzo della Ragione']",Santa Anastasia,strategy_nearest,False,0.0024518966674804688,success
045A4F3A9C4C80,0,['Arena'],Castelvecchio,"['Museo Lapidario', 'Verona Tour', 'Museo Radio', 'San Zeno', 'Sighseeing']",Casa Giulietta,strategy_nearest,False,0.001973867416381836,success
045A633A9C4C80,1,"['Torre Lamberti', 'Palazzo della Ragione']",Casa Giulietta,"['Centro Fotografia', 'Sighseeing', 'Museo Conte', 'Museo Radio', 'San Fermo']",Teatro Romano,strategy_nearest,False,0.0032508373260498047,success
045A57429C4C80,0,"['Arena', 'San Zeno']",Casa Giulietta,"['Centro Fotografia', 'Sighseeing', 'Torre Lamberti', 'Museo Conte', 'Museo Radio']",Giardino Giusti,strategy_nearest,False,0.002707958221435547,success
045A63429C4C80,2,"['Casa Giulietta', 'Torre Lamberti']",Teatro Romano,"['Santa Anastasia', 'Duomo', 'AMO', 'Palazzo della Ragione', 'Museo Conte']",Santa Anastasia,strategy_nearest,True,0.0021851062774658203,success
045A753A9C4C80,0,['Tomba Giulietta'],Casa Giulietta,"['Centro Fotografia', 'Sighseeing', 'Torre Lamberti', 'Museo Conte', 'Museo Radio']",Arena,strategy_nearest,False,0.0017158985137939453,success
045A6B429C4C80,1,"['Casa Giulietta', 'Teatro Romano', 'Duomo']",Torre Lamberti,"['Sighseeing', 'Centro Fotografia', 'Museo Conte', 'Palazzo della Ragione', 'AMO']",Palazzo della Ragione,strategy_nearest,True,0.0023720264434814453,success
045A6D429C4C80,1,"['Arena', 'Torre Lamberti']",Palazzo della Ragione,"['AMO', 'Museo Conte', 'Centro Fotografia', 'Sighseeing', 'Santa Anastasia']",Santa Anastasia,strategy_nearest,True,0.002295970916748047,success
045A763A9C4C80,2,"['Torre Lamberti', 'Palazzo della Ragione']",Santa Anastasia,"['AMO', 'Museo Conte', 'Teatro Romano', 'Centro Fotografia', 'Duomo']",Duomo,strategy_nearest,True,0.002202749252319336,success
045A794A9C4C80,0,"['Castelvecchio', 'San Zeno']",Arena,"['Verona Tour', 'Museo Lapidario', 'Museo Radio', 'San Fermo', 'Casa Giulietta']",Casa Giulietta,strategy_nearest,True,0.0027060508728027344,success
045A7A3A9C4C80,0,['Arena'],Casa Giulietta,"['Centro Fotografia', 'Sighseeing', 'Torre Lamberti', 'Museo Conte', 'Museo Radio']",Giardino Giusti,strategy_nearest,False,0.0019130706787109375,success
045A7E3A9C4C80,0,['Tomba Giulietta'],Casa Giulietta,"['Centro Fotografia', 'Sighseeing', 'Torre Lamberti', 'Museo Conte', 'Museo Radio']",Arena,strategy_nearest,False,0.002463817596435547,success
045A89429C4C80,0,['Arena'],Teatro Romano,"['Santa Anastasia', 'Duomo', 'AMO', 'Palazzo della Ragione', 'Museo Conte']",San Zeno,strategy_nearest,False,0.0022461414337158203,success
045A90429C4C80,0,['Arena'],Castelvecchio,"['Museo Lapidario', 'Verona Tour', 'Museo Radio', 'San Zeno', 'Sighseeing']",Casa Giulietta,strategy_nearest,False,0.0017800331115722656,success
045A8B4A9C4C80,0,['Arena'],Casa Giulietta,"['Centro Fotografia', 'Sighseeing', 'Torre Lamberti', 'Museo Conte', 'Museo Radio']",Castelvecchio,strategy_nearest,False,0.0033211708068847656,success
045A8C3A9C4C80,0,['Arena'],Museo Lapidario,"['Verona Tour', 'Castelvecchio', 'Museo Radio', 'San Fermo', 'Casa Giulietta']",Castelvecchio,strategy_nearest,True,0.002526998519897461,success
045A92429C4C80,0,['Arena'],Casa Giulietta,"['Centro Fotografia', 'Sighseeing', 'Torre Lamberti', 'Museo Conte', 'Museo Radio']",Tomba Giulietta,strategy_nearest,False,0.0023458003997802734,success
045AA1429C4C80,0,"['Arena', 'Casa Giulietta']",Torre Lamberti,"['Sighseeing', 'Centro Fotografia', 'Museo Conte', 'Palazzo della Ragione', 'AMO']",Castelvecchio,strategy_nearest,False,0.0023276805877685547,success
045A9A429C4C80,0,['Arena'],Casa Giulietta,"['Centro Fotografia', 'Sighseeing', 'Torre Lamberti', 'Museo Conte', 'Museo Radio']",Tomba Giulietta,strategy_nearest,False,0.0025582313537597656,success
045AAE429C4C80,1,"['Arena', 'Casa Giulietta', 'Santa Anastasia']",Duomo,"['AMO', 'Museo Miniscalchi', 'Teatro Romano', 'Palazzo della Ragione', 'Museo Conte']",Torre Lamberti,strategy_nearest,False,0.002112150192260742,success
045AB13A9C4C80,3,['Arena'],Santa Anastasia,"['AMO', 'Museo Conte', 'Palazzo della Ragione', 'Teatro Romano', 'Centro Fotografia']",Torre Lamberti,strategy_nearest,False,0.002727031707763672,success
045AB6429C4C80,2,"['Castelvecchio', 'San Zeno']",Torre Lamberti,"['Sighseeing', 'Centro Fotografia', 'Museo Conte', 'Casa Giulietta', 'Palazzo della Ragione']",Casa Giulietta,strategy_nearest,True,0.001889944076538086,success
045AB2429C4C80,2,"['Castelvecchio', 'San Zeno']",Torre Lamberti,"['Sighseeing', 'Centro Fotografia', 'Museo Conte', 'Casa Giulietta', 'Palazzo della Ragione']",Casa Giulietta,strategy_nearest,True,0.002468109130859375,success
045AC1429C4C80,2,['Castelvecchio'],Teatro Romano,"['Santa Anastasia', 'Duomo', 'AMO', 'Palazzo della Ragione', 'Museo Conte']",Giardino Giusti,strategy_nearest,False,0.0031549930572509766,success
045AD2429C4C80,1,"['Castelvecchio', 'Museo Lapidario', 'Tomba Giulietta', 'San Fermo', 'Museo Storia']",Teatro Romano,"['Santa Anastasia', 'Duomo', 'AMO', 'Palazzo della Ragione', 'Museo Conte']",Duomo,strategy_nearest,True,0.0019519329071044922,success
045ACA3A9C4C80,3,"['Arena', 'Casa Giulietta']",Torre Lamberti,"['Sighseeing', 'Centro Fotografia', 'Museo Conte', 'Palazzo della Ragione', 'AMO']",Duomo,strategy_nearest,False,0.0026140213012695312,success
045AD6429C4C80,2,"['Palazzo della Ragione', 'Torre Lamberti', 'Casa Giulietta']",Santa Anastasia,"['AMO', 'Museo Conte', 'Teatro Romano', 'Centro Fotografia', 'Duomo']",Castelvecchio,strategy_nearest,False,0.0022149085998535156,success
045AF33A9C4C80,0,['Arena'],Casa Giulietta,"['Centro Fotografia', 'Sighseeing', 'Torre Lamberti', 'Museo Conte', 'Museo Radio']",Santa Anastasia,strategy_nearest,False,0.002351045608520508,success
045AF0429C4C80,3,"['Duomo', 'Santa Anastasia', 'San Zeno']",Arena,"['Verona Tour', 'Museo Lapidario', 'Museo Radio', 'San Fermo', 'Casa Giulietta']",Tomba Giulietta,strategy_nearest,False,0.002524852752685547,success
045B0C3A9C4C84,1,"['Arena', 'Torre Lamberti']",Palazzo della Ragione,"['AMO', 'Museo Conte', 'Centro Fotografia', 'Sighseeing', 'Santa Anastasia']",Casa Giulietta,strategy_nearest,False,0.0023622512817382812,success
045B0C429C4C84,3,"['Arena', 'Museo Lapidario']",Casa Giulietta,"['Centro Fotografia', 'Sighseeing', 'Torre Lamberti', 'Museo Conte', 'Museo Radio']",Santa Anastasia,strategy_nearest,False,0.001977205276489258,success
045B133A9C4C84,1,['Arena'],Torre Lamberti,"['Sighseeing', 'Centro Fotografia', 'Museo Conte', 'Casa Giulietta', 'Palazzo della Ragione']",Palazzo della Ragione,strategy_nearest,True,0.002026081085205078,success
045B113A9C4C84,3,"['Arena', 'Casa Giulietta']",Santa Anastasia,"['AMO', 'Museo Conte', 'Palazzo della Ragione', 'Teatro Romano', 'Centro Fotografia']",San Zeno,strategy_nearest,False,0.002655029296875,success
045B173A9C4C80,0,"['Arena', 'Castelvecchio']",Duomo,"['AMO', 'Museo Miniscalchi', 'Santa Anastasia', 'Teatro Romano', 'Palazzo della Ragione']",Teatro Romano,strategy_nearest,True,0.002918720245361328,success
045B18429C4C84,2,"['Casa Giulietta', 'Torre Lamberti', 'Palazzo della Ragione']",Duomo,"['AMO', 'Museo Miniscalchi', 'Santa Anastasia', 'Teatro Romano', 'Museo Conte']",San Fermo,strategy_nearest,False,0.0025069713592529297,success
045B183A9C4C80,1,"['Castelvecchio', 'Arena', 'Tomba Giulietta']",San Fermo,"['Museo Storia', 'Museo Radio', 'Casa Giulietta', 'Centro Fotografia', 'Sighseeing']",Casa Giulietta,strategy_nearest,True,0.0016140937805175781,success
045B274A9C4C80,3,"['Casa Giulietta', 'Torre Lamberti', 'Arena']",Santa Anastasia,"['AMO', 'Museo Conte', 'Palazzo della Ragione', 'Teatro Romano', 'Centro Fotografia']",Duomo,strategy_nearest,False,0.002374887466430664,success
045B19429C4C80,0,['Arena'],Casa Giulietta,"['Centro Fotografia', 'Sighseeing', 'Torre Lamberti', 'Museo Conte', 'Museo Radio']",Palazzo della Ragione,strategy_nearest,False,0.002524137496948242,success
045B2A3A9C4C80,3,"['Torre Lamberti', 'Casa Giulietta']",Santa Anastasia,"['AMO', 'Museo Conte', 'Palazzo della Ragione', 'Teatro Romano', 'Centro Fotografia']",Teatro Romano,strategy_nearest,True,0.0023839473724365234,success
045B2F4A9C4C80,3,['Castelvecchio'],Arena,"['Verona Tour', 'Museo Lapidario', 'Museo Radio', 'San Fermo', 'Casa Giulietta']",Santa Anastasia,strategy_nearest,False,0.002335071563720703,success
045B38429C4C80,0,['Arena'],Casa Giulietta,"['Centro Fotografia', 'Sighseeing', 'Torre Lamberti', 'Museo Conte', 'Museo Radio']",Castelvecchio,strategy_nearest,False,0.0024976730346679688,success
045B364A9C4C80,1,"['Arena', 'Teatro Romano', 'Duomo']",Castelvecchio,"['Museo Lapidario', 'Verona Tour', 'Museo Radio', 'San Zeno', 'Sighseeing']",Santa Anastasia,strategy_nearest,False,0.003101825714111328,success
045B3B429C4C80,3,"['Castelvecchio', 'San Fermo']",Casa Giulietta,"['Centro Fotografia', 'Sighseeing', 'Torre Lamberti', 'Museo Conte', 'Museo Radio']",Santa Anastasia,strategy_nearest,False,0.0012412071228027344,success
045B41429C4C80,0,['Arena'],Torre Lamberti,"['Sighseeing', 'Centro Fotografia', 'Museo Conte', 'Casa Giulietta', 'Palazzo della Ragione']",Duomo,strategy_nearest,False,0.00113677978515625,success
045B40429C4C80,2,['Castelvecchio'],Palazzo della Ragione,"['AMO', 'Museo Conte', 'Torre Lamberti', 'Centro Fotografia', 'Sighseeing']",Torre Lamberti,strategy_nearest,True,0.003659963607788086,success
045B48429C4C80,0,['Arena'],Castelvecchio,"['Museo Lapidario', 'Verona Tour', 'Museo Radio', 'San Zeno', 'Sighseeing']",Casa Giulietta,strategy_nearest,False,0.0024919509887695312,success
045B4C3A9C4C80,2,['Tomba Giulietta'],Casa Giulietta,"['Centro Fotografia', 'Sighseeing', 'Torre Lamberti', 'Museo Conte', 'Museo Radio']",Duomo,strategy_nearest,False,0.0022089481353759766,success
045B5D429C4C80,4,"['Museo Radio', 'Arena', 'Castelvecchio']",Palazzo della Ragione,"['AMO', 'Museo Conte', 'Torre Lamberti', 'Centro Fotografia', 'Sighseeing']",Torre Lamberti,strategy_nearest,True,0.0028939247131347656,success
045B65BA7B3F80,0,"['Arena', 'Casa Giulietta']",Torre Lamberti,"['Sighseeing', 'Centro Fotografia', 'Museo Conte', 'Palazzo della Ragione', 'AMO']",Duomo,strategy_nearest,False,0.002569913864135742,success
045B4F429C4C80,0,"['Arena', 'San Fermo']",Casa Giulietta,"['Centro Fotografia', 'Sighseeing', 'Torre Lamberti', 'Museo Conte', 'Museo Radio']",Torre Lamberti,strategy_nearest,True,0.002930879592895508,success
045B67429C4C80,3,"['Arena', 'Teatro Romano']",Duomo,"['AMO', 'Museo Miniscalchi', 'Santa Anastasia', 'Palazzo della Ragione', 'Museo Conte']",San Fermo,strategy_nearest,False,0.003269195556640625,success
045B6E3A9C4C80,2,"['Casa Giulietta', 'Torre Lamberti']",Palazzo della Ragione,"['AMO', 'Museo Conte', 'Centro Fotografia', 'Sighseeing', 'Santa Anastasia']",Santa Anastasia,strategy_nearest,True,0.0018188953399658203,success
045B753A9C4C80,0,['Tomba Giulietta'],Arena,"['Verona Tour', 'Museo Lapidario', 'Museo Radio', 'San Fermo', 'Casa Giulietta']",Castelvecchio,strategy_nearest,False,0.0016968250274658203,success
045B763A9C4C80,0,['Casa Giulietta'],Arena,"['Verona Tour', 'Museo Lapidario', 'Museo Radio', 'San Fermo', 'Sighseeing']",Tomba Giulietta,strategy_nearest,False,0.0034601688385009766,success
045B77429C4C80,3,"['Arena', 'Castelvecchio', 'Torre Lamberti']",Casa Giulietta,"['Centro Fotografia', 'Sighseeing', 'Museo Conte', 'Museo Radio', 'Palazzo della Ragione']",Teatro Romano,strategy_nearest,False,0.0024361610412597656,success
045B783A9C4C80,1,"['Arena', 'San Fermo', 'Casa Giulietta']",Torre Lamberti,"['Sighseeing', 'Centro Fotografia', 'Museo Conte', 'Palazzo della Ragione', 'AMO']",Palazzo della Ragione,strategy_nearest,True,0.0024340152740478516,success
045B854A9C4C80,0,['Arena'],Casa Giulietta,"['Centro Fotografia', 'Sighseeing', 'Torre Lamberti', 'Museo Conte', 'Museo Radio']",Teatro Romano,strategy_nearest,False,0.0018310546875,success
045B823A9C4C80,1,"['San Zeno', 'Castelvecchio', 'Arena', 'Casa Giulietta']",Torre Lamberti,"['Sighseeing', 'Centro Fotografia', 'Museo Conte', 'Palazzo della Ragione', 'AMO']",Palazzo della Ragione,strategy_nearest,True,0.0019259452819824219,success
045B824A9C4C80,2,"['Torre Lamberti', 'Casa Giulietta']",Santa Anastasia,"['AMO', 'Museo Conte', 'Palazzo della Ragione', 'Teatro Romano', 'Centro Fotografia']",Teatro Romano,strategy_nearest,True,0.002540111541748047,success
045B874A9C4C80,3,['Arena'],Torre Lamberti,"['Sighseeing', 'Centro Fotografia', 'Museo Conte', 'Casa Giulietta', 'Palazzo della Ragione']",Duomo,strategy_nearest,False,0.003191709518432617,success
045B8B429C4C80,0,['Arena'],Casa Giulietta,"['Centro Fotografia', 'Sighseeing', 'Torre Lamberti', 'Museo Conte', 'Museo Radio']",Torre Lamberti,strategy_nearest,True,0.0018382072448730469,success
045B8C429C4C80,0,['Arena'],Castelvecchio,"['Museo Lapidario', 'Verona Tour', 'Museo Radio', 'San Zeno', 'Sighseeing']",San Zeno,strategy_nearest,True,0.002655029296875,success
045B994A9C4C80,2,"['Casa Giulietta', 'Duomo']",Tomba Giulietta,"['San Fermo', 'Museo Storia', 'Arena', 'Museo Lapidario', 'Museo Radio']",Castelvecchio,strategy_nearest,False,0.002360820770263672,success
045BA0429C4C80,1,['Arena'],Casa Giulietta,"['Centro Fotografia', 'Sighseeing', 'Torre Lamberti', 'Museo Conte', 'Museo Radio']",Palazzo della Ragione,strategy_nearest,False,0.0017480850219726562,success
045B9F429C4C80,2,"['Santa Anastasia', 'Duomo']",Palazzo della Ragione,"['AMO', 'Museo Conte', 'Torre Lamberti', 'Centro Fotografia', 'Sighseeing']",Casa Giulietta,strategy_nearest,False,0.0031468868255615234,success
045BAC429C4C80,1,"['Arena', 'Casa Giulietta', 'Palazzo della Ragione']",Torre Lamberti,"['Sighseeing', 'Centro Fotografia', 'Museo Conte', 'AMO', 'Museo Miniscalchi']",Santa Anastasia,strategy_nearest,False,0.002199888229370117,success
045BB9429C4C80,0,['Arena'],Casa Giulietta,"['Centro Fotografia', 'Sighseeing', 'Torre Lamberti', 'Museo Conte', 'Museo Radio']",San Fermo,strategy_nearest,False,0.001958131790161133,success
045BB1429C4C80,0,['Casa Giulietta'],Arena,"['Verona Tour', 'Museo Lapidario', 'Museo Radio', 'San Fermo', 'Sighseeing']",Castelvecchio,strategy_nearest,False,0.0023758411407470703,success
045BB7BA7B3F80,3,"['Arena', 'Casa Giulietta']",Torre Lamberti,"['Sighseeing', 'Centro Fotografia', 'Museo Conte', 'Palazzo della Ragione', 'AMO']",Torre Lamberti,strategy_nearest,False,0.0033309459686279297,success
045BD13A9C4C80,3,"['Tomba Giulietta', 'Arena']",Casa Giulietta,"['Centro Fotografia', 'Sighseeing', 'Torre Lamberti', 'Museo Conte', 'Museo Radio']",Torre Lamberti,strategy_nearest,True,0.002595186233520508,success
045BDE3A9C4C80,1,"['Arena', 'Casa Giulietta']",Torre Lamberti,"['Sighseeing', 'Centro Fotografia', 'Museo Conte', 'Palazzo della Ragione', 'AMO']",Palazzo della Ragione,strategy_nearest,True,0.0024268627166748047,success
045BD1429C4C80,3,['Arena'],Torre Lamberti,"['Sighseeing', 'Centro Fotografia', 'Museo Conte', 'Casa Giulietta', 'Palazzo della Ragione']",Santa Anastasia,strategy_nearest,False,0.0031430721282958984,success
045BD73A9C4C80,3,['Arena'],Casa Giulietta,"['Centro Fotografia', 'Sighseeing', 'Torre Lamberti', 'Museo Conte', 'Museo Radio']",Santa Anastasia,strategy_nearest,False,0.0019009113311767578,success
045BE1429C4C80,0,['Arena'],Teatro Romano,"['Santa Anastasia', 'Duomo', 'AMO', 'Palazzo della Ragione', 'Museo Conte']",Torre Lamberti,strategy_nearest,False,0.0010917186737060547,success
045BED3A9C4C80,0,"['Arena', 'Tomba Giulietta']",San Fermo,"['Museo Storia', 'Museo Radio', 'Casa Giulietta', 'Centro Fotografia', 'Sighseeing']",Casa Giulietta,strategy_nearest,True,0.0020380020141601562,success
045BF0429C4C80,2,['Santa Anastasia'],Torre Lamberti,"['Sighseeing', 'Centro Fotografia', 'Museo Conte', 'Casa Giulietta', 'Palazzo della Ragione']",Casa Giulietta,strategy_nearest,True,0.0027608871459960938,success
045BFE429C4C80,3,"['Arena', 'Castelvecchio']",Duomo,"['AMO', 'Museo Miniscalchi', 'Santa Anastasia', 'Teatro Romano', 'Palazzo della Ragione']",Santa Anastasia,strategy_nearest,True,0.002235889434814453,success
045C61429C4C80,1,['Arena'],Casa Giulietta,"['Centro Fotografia', 'Sighseeing', 'Torre Lamberti', 'Museo Conte', 'Museo Radio']",Palazzo della Ragione,strategy_nearest,False,0.002203226089477539,success
045CC83A9C4C80,3,"['San Zeno', 'Duomo']",Santa Anastasia,"['AMO', 'Museo Conte', 'Palazzo della Ragione', 'Teatro Romano', 'Centro Fotografia']",Arena,strategy_nearest,False,0.0023081302642822266,success
045C824A9C4C80,0,['Arena'],Tomba Giulietta,"['San Fermo', 'Museo Storia', 'Museo Lapidario', 'Museo Radio', 'Verona Tour']",Casa Giulietta,strategy_nearest,False,0.002538919448852539,success
045CC8429C4C80,3,"['Arena', 'Casa Giulietta']",Santa Anastasia,"['AMO', 'Museo Conte', 'Palazzo della Ragione', 'Teatro Romano', 'Centro Fotografia']",Duomo,strategy_nearest,False,0.0021958351135253906,success
045D063A9C4C84,0,['Arena'],Torre Lamberti,"['Sighseeing', 'Centro Fotografia', 'Museo Conte', 'Casa Giulietta', 'Palazzo della Ragione']",Torre Lamberti,strategy_nearest,False,0.0014438629150390625,success
045D0D429C4C84,0,"['Arena', 'Castelvecchio']",Casa Giulietta,"['Centro Fotografia', 'Sighseeing', 'Torre Lamberti', 'Museo Conte', 'Museo Radio']",Torre Lamberti,strategy_nearest,True,0.002010822296142578,success
045CC93A9C4C80,3,"['Castelvecchio', 'Santa Anastasia', 'Teatro Romano']",Duomo,"['AMO', 'Museo Miniscalchi', 'Palazzo della Ragione', 'Museo Conte', 'Torre Lamberti']",Torre Lamberti,strategy_nearest,True,0.004155158996582031,success
045D023A9C4C84,2,['Casa Giulietta'],Torre Lamberti,"['Sighseeing', 'Centro Fotografia', 'Museo Conte', 'Palazzo della Ragione', 'AMO']",Duomo,strategy_nearest,False,0.0034961700439453125,success
045D16429C4C80,3,"['Arena', 'Torre Lamberti']",Casa Giulietta,"['Centro Fotografia', 'Sighseeing', 'Museo Conte', 'Museo Radio', 'Palazzo della Ragione']",San Fermo,strategy_nearest,False,0.001522064208984375,success
045D1C3A9C4C80,3,"['Casa Giulietta', 'Arena']",Tomba Giulietta,"['San Fermo', 'Museo Storia', 'Museo Lapidario', 'Museo Radio', 'Verona Tour']",Torre Lamberti,strategy_nearest,False,0.0025300979614257812,success
045D143A9C4C84,0,['Arena'],Castelvecchio,"['Museo Lapidario', 'Verona Tour', 'Museo Radio', 'San Zeno', 'Sighseeing']",Casa Giulietta,strategy_nearest,False,0.002125978469848633,success
045D233A9C4C80,1,"['Arena', 'Casa Giulietta', 'Santa Anastasia']",Palazzo della Ragione,"['AMO', 'Museo Conte', 'Torre Lamberti', 'Centro Fotografia', 'Sighseeing']",Torre Lamberti,strategy_nearest,True,0.0033731460571289062,success
045D354A9C4C80,1,"['Arena', 'Casa Giulietta']",Torre Lamberti,"['Sighseeing', 'Centro Fotografia', 'Museo Conte', 'Palazzo della Ragione', 'AMO']",Palazzo della Ragione,strategy_nearest,True,0.0022211074829101562,success
045D333A9C4C80,3,"['Arena', 'Casa Giulietta', 'Santa Anastasia']",Duomo,"['AMO', 'Museo Miniscalchi', 'Teatro Romano', 'Palazzo della Ragione', 'Museo Conte']",Castelvecchio,strategy_nearest,False,0.001977682113647461,success
045D36429C4C80,3,['Arena'],Santa Anastasia,"['AMO', 'Museo Conte', 'Palazzo della Ragione', 'Teatro Romano', 'Centro Fotografia']",Teatro Romano,strategy_nearest,True,0.002454996109008789,success
045D3B429C4C80,3,"['Santa Anastasia', 'Duomo', 'Teatro Romano', 'Arena']",Castelvecchio,"['Museo Lapidario', 'Verona Tour', 'Museo Radio', 'San Zeno', 'Sighseeing']",Torre Lamberti,strategy_nearest,False,0.0018429756164550781,success
045D4D3A9C4C80,3,"['San Zeno', 'Castelvecchio']",Arena,"['Verona Tour', 'Museo Lapidario', 'Museo Radio', 'San Fermo', 'Casa Giulietta']",Teatro Romano,strategy_nearest,False,0.002706289291381836,success
045D46429C4C80,3,"['Casa Giulietta', 'Santa Anastasia']",Teatro Romano,"['Duomo', 'AMO', 'Palazzo della Ragione', 'Museo Conte', 'Centro Fotografia']",Castelvecchio,strategy_nearest,False,0.002524137496948242,success
045D51429C4C80,0,['Arena'],Casa Giulietta,"['Centro Fotografia', 'Sighseeing', 'Torre Lamberti', 'Museo Conte', 'Museo Radio']",Museo Lapidario,strategy_nearest,False,0.00298309326171875,success
045D54429C4C80,6,['Verona Tour'],Casa Giulietta,"['Centro Fotografia', 'Sighseeing', 'Torre Lamberti', 'Museo Conte', 'Museo Radio']",Santa Anastasia,strategy_nearest,False,0.0021440982818603516,success
045D5D429C4C80,0,['Arena'],Casa Giulietta,"['Centro Fotografia', 'Sighseeing', 'Torre Lamberti', 'Museo Conte', 'Museo Radio']",Santa Anastasia,strategy_nearest,False,0.0030117034912109375,success
045D6D3A9C4C80,2,"['Castelvecchio', 'San Zeno', 'Casa Giulietta']",Giardino Giusti,"['Santa Anastasia', 'Teatro Romano', 'Museo Conte', 'Centro Fotografia', 'Museo Storia']",Teatro Romano,strategy_nearest,True,0.0018341541290283203,success
045D5C429C4C80,2,"['Teatro Romano', 'Duomo']",Torre Lamberti,"['Sighseeing', 'Centro Fotografia', 'Museo Conte', 'Casa Giulietta', 'Palazzo della Ragione']",Casa Giulietta,strategy_nearest,True,0.0020148754119873047,success
045D70429C4C80,3,['Arena'],Santa Anastasia,"['AMO', 'Museo Conte', 'Palazzo della Ragione', 'Teatro Romano', 'Centro Fotografia']",Duomo,strategy_nearest,False,0.0031938552856445312,success
045D7A4A9C4C80,3,['Arena'],Torre Lamberti,"['Sighseeing', 'Centro Fotografia', 'Museo Conte', 'Casa Giulietta', 'Palazzo della Ragione']",Santa Anastasia,strategy_nearest,False,0.0019807815551757812,success
045D824A9C4C80,2,"['Torre Lamberti', 'Casa Giulietta']",Santa Anastasia,"['AMO', 'Museo Conte', 'Palazzo della Ragione', 'Teatro Romano', 'Centro Fotografia']",Teatro Romano,strategy_nearest,True,0.0032072067260742188,success
045D863A9C4C80,3,"['Arena', 'Casa Giulietta']",Torre Lamberti,"['Sighseeing', 'Centro Fotografia', 'Museo Conte', 'Palazzo della Ragione', 'AMO']",Teatro Romano,strategy_nearest,False,0.0026259422302246094,success
045D914A9C4C80,3,"['Museo Lapidario', 'Castelvecchio']",San Zeno,"['Verona Tour', 'Arena', 'Museo Miniscalchi', 'Sighseeing', 'Museo Radio']",Arena,strategy_nearest,True,0.0031769275665283203,success
045D97429C4C80,2,['Casa Giulietta'],Palazzo della Ragione,"['AMO', 'Museo Conte', 'Torre Lamberti', 'Centro Fotografia', 'Sighseeing']",Santa Anastasia,strategy_nearest,False,0.0018570423126220703,success
045D9C429C4C80,3,"['Arena', 'Museo Storia']",San Fermo,"['Museo Radio', 'Casa Giulietta', 'Centro Fotografia', 'Sighseeing', 'Torre Lamberti']",Santa Anastasia,strategy_nearest,False,0.0024759769439697266,success
045DA6429C4C80,2,['Castelvecchio'],Casa Giulietta,"['Centro Fotografia', 'Sighseeing', 'Torre Lamberti', 'Museo Conte', 'Museo Radio']",Giardino Giusti,strategy_nearest,False,0.002521991729736328,success
045DAB429C4C80,0,['Arena'],Casa Giulietta,"['Centro Fotografia', 'Sighseeing', 'Torre Lamberti', 'Museo Conte', 'Museo Radio']",Tomba Giulietta,strategy_nearest,False,0.002644062042236328,success
045DB2429C4C80,3,['Santa Anastasia'],Duomo,"['AMO', 'Museo Miniscalchi', 'Teatro Romano', 'Palazzo della Ragione', 'Museo Conte']",Arena,strategy_nearest,False,0.0018529891967773438,success
045DB0429C4C80,3,['Torre Lamberti'],Santa Anastasia,"['AMO', 'Museo Conte', 'Palazzo della Ragione', 'Teatro Romano', 'Centro Fotografia']",Duomo,strategy_nearest,False,0.0031647682189941406,success
045DBD3A9C4C80,3,['Arena'],Torre Lamberti,"['Sighseeing', 'Centro Fotografia', 'Museo Conte', 'Casa Giulietta', 'Palazzo della Ragione']",Santa Anastasia,strategy_nearest,False,0.0034990310668945312,success
045DC33A9C4C80,0,['Arena'],Castelvecchio,"['Museo Lapidario', 'Verona Tour', 'Museo Radio', 'San Zeno', 'Sighseeing']",Casa Giulietta,strategy_nearest,False,0.0019121170043945312,success
045DBE429C4C80,0,['Arena'],Casa Giulietta,"['Centro Fotografia', 'Sighseeing', 'Torre Lamberti', 'Museo Conte', 'Museo Radio']",Tomba Giulietta,strategy_nearest,False,0.002521991729736328,success
045DD4429C4C80,1,"['Arena', 'Casa Giulietta', 'Torre Lamberti']",Palazzo della Ragione,"['AMO', 'Museo Conte', 'Centro Fotografia', 'Sighseeing', 'Santa Anastasia']",Duomo,strategy_nearest,False,0.0029938220977783203,success
045DEF3A9C4C80,0,['Torre Lamberti'],Arena,"['Verona Tour', 'Museo Lapidario', 'Museo Radio', 'San Fermo', 'Casa Giulietta']",Castelvecchio,strategy_nearest,False,0.0014758110046386719,success
045DED3A9C4C80,2,['Tomba Giulietta'],San Zeno,"['Castelvecchio', 'Verona Tour', 'Museo Lapidario', 'Arena', 'Museo Miniscalchi']",Casa Giulietta,strategy_nearest,False,0.0020890235900878906,success
045DE3429C4C80,0,"['Arena', 'Torre Lamberti']",Casa Giulietta,"['Centro Fotografia', 'Sighseeing', 'Museo Conte', 'Museo Radio', 'Palazzo della Ragione']",Tomba Giulietta,strategy_nearest,False,0.003365755081176758,success
045DF13A9C4C80,1,"['Santa Anastasia', 'Casa Giulietta', 'Torre Lamberti']",Palazzo della Ragione,"['AMO', 'Museo Conte', 'Centro Fotografia', 'Sighseeing', 'Museo Miniscalchi']",Arena,strategy_nearest,False,0.003278017044067383,success
045DFA429C4C80,0,"['Duomo', 'Casa Giulietta']",Arena,"['Verona Tour', 'Museo Lapidario', 'Museo Radio', 'San Fermo', 'Sighseeing']",Tomba Giulietta,strategy_nearest,False,0.001644134521484375,success
045DFD3A9C4C80,0,['Arena'],Casa Giulietta,"['Centro Fotografia', 'Sighseeing', 'Torre Lamberti', 'Museo Conte', 'Museo Radio']",Castelvecchio,strategy_nearest,False,0.002306699752807617,success
045E0C3A9C4C84,3,"['San Fermo', 'Casa Giulietta']",Santa Anastasia,"['AMO', 'Museo Conte', 'Palazzo della Ragione', 'Teatro Romano', 'Centro Fotografia']",Duomo,strategy_nearest,False,0.0014431476593017578,success
045E0E3A9C4C84,0,"['Arena', 'Torre Lamberti']",Casa Giulietta,"['Centro Fotografia', 'Sighseeing', 'Museo Conte', 'Museo Radio', 'Palazzo della Ragione']",Duomo,strategy_nearest,False,0.002360105514526367,success
045DFF429C4C80,1,"['Arena', 'Santa Anastasia', 'Casa Giulietta']",Palazzo della Ragione,"['AMO', 'Museo Conte', 'Torre Lamberti', 'Centro Fotografia', 'Sighseeing']",Torre Lamberti,strategy_nearest,True,0.0034530162811279297,success
045E053A9C4C84,3,"['Arena', 'Castelvecchio']",Torre Lamberti,"['Sighseeing', 'Centro Fotografia', 'Museo Conte', 'Casa Giulietta', 'Palazzo della Ragione']",Santa Anastasia,strategy_nearest,False,0.0039250850677490234,success
045E1F3A9C4C80,0,['Arena'],Casa Giulietta,"['Centro Fotografia', 'Sighseeing', 'Torre Lamberti', 'Museo Conte', 'Museo Radio']",Duomo,strategy_nearest,False,0.0026390552520751953,success
045E1A3A9C4C84,2,['Torre Lamberti'],Palazzo della Ragione,"['AMO', 'Museo Conte', 'Centro Fotografia', 'Sighseeing', 'Santa Anastasia']",Santa Anastasia,strategy_nearest,True,0.0020971298217773438,success
045E1C429C4C84,0,"['Arena', 'Casa Giulietta']",Torre Lamberti,"['Sighseeing', 'Centro Fotografia', 'Museo Conte', 'Palazzo della Ragione', 'AMO']",Teatro Romano,strategy_nearest,False,0.0021228790283203125,success
045E1F3A9C4C84,3,"['Arena', 'Casa Giulietta']",Torre Lamberti,"['Sighseeing', 'Centro Fotografia', 'Museo Conte', 'Palazzo della Ragione', 'AMO']",Santa Anastasia,strategy_nearest,False,0.0032091140747070312,success
045E2C429C4C80,0,['Arena'],Museo Lapidario,"['Verona Tour', 'Castelvecchio', 'Museo Radio', 'San Fermo', 'Casa Giulietta']",Casa Giulietta,strategy_nearest,True,0.0018949508666992188,success
045E214A9C4C80,0,"['Casa Giulietta', 'Giardino Giusti']",Torre Lamberti,"['Sighseeing', 'Centro Fotografia', 'Museo Conte', 'Palazzo della Ragione', 'AMO']",Arena,strategy_nearest,False,0.0020189285278320312,success
045E223A9C4C80,0,['Santa Anastasia'],Casa Giulietta,"['Centro Fotografia', 'Sighseeing', 'Torre Lamberti', 'Museo Conte', 'Museo Radio']",Arena,strategy_nearest,False,0.003160238265991211,success
045E2F3A9C4C80,3,"['Arena', 'Museo Lapidario', 'Castelvecchio']",Torre Lamberti,"['Sighseeing', 'Centro Fotografia', 'Museo Conte', 'Casa Giulietta', 'Palazzo della Ragione']",Casa Giulietta,strategy_nearest,True,0.003242969512939453,success
045E333A9C4C80,2,"['Casa Giulietta', 'Torre Lamberti']",Palazzo della Ragione,"['AMO', 'Museo Conte', 'Centro Fotografia', 'Sighseeing', 'Santa Anastasia']",Santa Anastasia,strategy_nearest,True,0.0026099681854248047,success
045E343A9C4C80,0,['Arena'],Casa Giulietta,"['Centro Fotografia', 'Sighseeing', 'Torre Lamberti', 'Museo Conte', 'Museo Radio']",Duomo,strategy_nearest,False,0.0017993450164794922,success
045E39429C4C80,0,['Arena'],Santa Anastasia,"['AMO', 'Museo Conte', 'Palazzo della Ragione', 'Teatro Romano', 'Centro Fotografia']",Casa Giulietta,strategy_nearest,False,0.002698659896850586,success
045E46429C4C80,2,['Casa Giulietta'],Santa Anastasia,"['AMO', 'Museo Conte', 'Palazzo della Ragione', 'Teatro Romano', 'Centro Fotografia']",Torre Lamberti,strategy_nearest,False,0.0023698806762695312,success
045E3B3A9C4C80,0,['Arena'],Casa Giulietta,"['Centro Fotografia', 'Sighseeing', 'Torre Lamberti', 'Museo Conte', 'Museo Radio']",Teatro Romano,strategy_nearest,False,0.003072023391723633,success
045E49429C4C80,2,"['Castelvecchio', 'Torre Lamberti']",Casa Giulietta,"['Centro Fotografia', 'Sighseeing', 'Museo Conte', 'Museo Radio', 'Palazzo della Ragione']",Duomo,strategy_nearest,False,0.0024368762969970703,success
045E5B429C4C80,3,"['Arena', 'Casa Giulietta']",Torre Lamberti,"['Sighseeing', 'Centro Fotografia', 'Museo Conte', 'Palazzo della Ragione', 'AMO']",Teatro Romano,strategy_nearest,False,0.002443075180053711,success
045E6D429C4C80,1,"['Arena', 'Casa Giulietta']",Torre Lamberti,"['Sighseeing', 'Centro Fotografia', 'Museo Conte', 'Palazzo della Ragione', 'AMO']",Palazzo della Ragione,strategy_nearest,True,0.002789020538330078,success
045E723A9C4C80,0,"['Teatro Romano', 'San Zeno']",Castelvecchio,"['Museo Lapidario', 'Verona Tour', 'Arena', 'Museo Radio', 'Sighseeing']",Arena,strategy_nearest,True,0.0018658638000488281,success
045E5E429C4C80,0,['Arena'],Casa Giulietta,"['Centro Fotografia', 'Sighseeing', 'Torre Lamberti', 'Museo Conte', 'Museo Radio']",Torre Lamberti,strategy_nearest,True,0.002393007278442383,success
045E72429C4C80,3,['Arena'],Torre Lamberti,"['Sighseeing', 'Centro Fotografia', 'Museo Conte', 'Casa Giulietta', 'Palazzo della Ragione']",Santa Anastasia,strategy_nearest,False,0.0024268627166748047,success
045E743A9C4C80,0,['Arena'],Casa Giulietta,"['Centro Fotografia', 'Sighseeing', 'Torre Lamberti', 'Museo Conte', 'Museo Radio']",Torre Lamberti,strategy_nearest,True,0.002641916275024414,success
045E783A9C4C80,4,"['Casa Giulietta', 'Torre Lamberti', 'Arena', 'Tomba Giulietta']",Museo Radio,"['San Fermo', 'Sighseeing', 'Centro Fotografia', 'Verona Tour', 'Museo Conte']",Museo Storia,strategy_nearest,False,0.0017359256744384766,success
045E7A3A9C4C80,1,"['Arena', 'Palazzo della Ragione', 'Torre Lamberti']",Santa Anastasia,"['AMO', 'Museo Conte', 'Teatro Romano', 'Centro Fotografia', 'Duomo']",Duomo,strategy_nearest,True,0.0020596981048583984,success
045E763A9C4C80,3,"['Arena', 'Casa Giulietta']",Castelvecchio,"['Museo Lapidario', 'Verona Tour', 'Museo Radio', 'San Zeno', 'Sighseeing']",Santa Anastasia,strategy_nearest,False,0.002644062042236328,success
045E7D429C4C80,0,['Arena'],Castelvecchio,"['Museo Lapidario', 'Verona Tour', 'Museo Radio', 'San Zeno', 'Sighseeing']",Giardino Giusti,strategy_nearest,False,0.0020308494567871094,success
045E7D4A9C4C80,3,['Arena'],Casa Giulietta,"['Centro Fotografia', 'Sighseeing', 'Torre Lamberti', 'Museo Conte', 'Museo Radio']",Santa Anastasia,strategy_nearest,False,0.0026891231536865234,success
045E843A9C4C80,1,"['Arena', 'Casa Giulietta']",Torre Lamberti,"['Sighseeing', 'Centro Fotografia', 'Museo Conte', 'Palazzo della Ragione', 'AMO']",Palazzo della Ragione,strategy_nearest,True,0.0021059513092041016,success
045E85429C4C80,0,['Arena'],Casa Giulietta,"['Centro Fotografia', 'Sighseeing', 'Torre Lamberti', 'Museo Conte', 'Museo Radio']",Santa Anastasia,strategy_nearest,False,0.0029168128967285156,success
045E944A9C4C80,3,"['Castelvecchio', 'Arena']",Casa Giulietta,"['Centro Fotografia', 'Sighseeing', 'Torre Lamberti', 'Museo Conte', 'Museo Radio']",Santa Anastasia,strategy_nearest,False,0.0019121170043945312,success
045E97429C4C80,1,['Arena'],Torre Lamberti,"['Sighseeing', 'Centro Fotografia', 'Museo Conte', 'Casa Giulietta', 'Palazzo della Ragione']",Palazzo della Ragione,strategy_nearest,True,0.002440929412841797,success
045E8A4A9C4C80,3,"['Arena', 'Casa Giulietta']",Santa Anastasia,"['AMO', 'Museo Conte', 'Palazzo della Ragione', 'Teatro Romano', 'Centro Fotografia']",Duomo,strategy_nearest,False,0.0019941329956054688,success
045E9F429C4C80,1,"['Arena', 'Castelvecchio']",Torre Lamberti,"['Sighseeing', 'Centro Fotografia', 'Museo Conte', 'Casa Giulietta', 'Palazzo della Ragione']",Palazzo della Ragione,strategy_nearest,True,0.0030541419982910156,success
045EA74A9C4C80,1,['Arena'],Casa Giulietta,"['Centro Fotografia', 'Sighseeing', 'Torre Lamberti', 'Museo Conte', 'Museo Radio']",Torre Lamberti,strategy_nearest,True,0.0016939640045166016,success
045EAA3A9C4C80,1,"['Arena', 'Torre Lamberti']",Palazzo della Ragione,"['AMO', 'Museo Conte', 'Centro Fotografia', 'Sighseeing', 'Santa Anastasia']",Santa Anastasia,strategy_nearest,True,0.001786947250366211,success
045EAC3A9C4C80,0,['Arena'],Torre Lamberti,"['Sighseeing', 'Centro Fotografia', 'Museo Conte', 'Casa Giulietta', 'Palazzo della Ragione']",Teatro Romano,strategy_nearest,False,0.002434968948364258,success
045EB0429C4C80,3,"['Casa Giulietta', 'Arena', 'Tomba Giulietta']",Torre Lamberti,"['Sighseeing', 'Centro Fotografia', 'Museo Conte', 'Palazzo della Ragione', 'AMO']",Duomo,strategy_nearest,False,0.0030210018157958984,success
045EB33A9C4C80,3,"['Arena', 'Casa Giulietta']",Torre Lamberti,"['Sighseeing', 'Centro Fotografia', 'Museo Conte', 'Palazzo della Ragione', 'AMO']",Santa Anastasia,strategy_nearest,False,0.0016338825225830078,success
045EB8429C4C80,3,"['Casa Giulietta', 'Duomo']",Teatro Romano,"['Santa Anastasia', 'AMO', 'Palazzo della Ragione', 'Museo Conte', 'Centro Fotografia']",Arena,strategy_nearest,False,0.002443075180053711,success
045EB73A9C4C80,2,['Teatro Romano'],Castelvecchio,"['Museo Lapidario', 'Verona Tour', 'Arena', 'Museo Radio', 'San Zeno']",Casa Giulietta,strategy_nearest,False,0.002501249313354492,success
045EB93A9C4C80,3,"['Casa Giulietta', 'Torre Lamberti']",Santa Anastasia,"['AMO', 'Museo Conte', 'Palazzo della Ragione', 'Teatro Romano', 'Centro Fotografia']",Duomo,strategy_nearest,False,0.0021369457244873047,success
045EBC3A9C4C80,3,"['Arena', 'Casa Giulietta']",Torre Lamberti,"['Sighseeing', 'Centro Fotografia', 'Museo Conte', 'Palazzo della Ragione', 'AMO']",Teatro Romano,strategy_nearest,False,0.0018858909606933594,success
045EBA3A9C4C80,3,"['Castelvecchio', 'Arena', 'San Fermo', 'Museo Storia']",Casa Giulietta,"['Centro Fotografia', 'Sighseeing', 'Torre Lamberti', 'Museo Conte', 'Museo Radio']",Museo Lapidario,strategy_nearest,False,0.001993894577026367,success
045EBD429C4C80,2,['Casa Giulietta'],Duomo,"['AMO', 'Museo Miniscalchi', 'Santa Anastasia', 'Teatro Romano', 'Palazzo della Ragione']",Tomba Giulietta,strategy_nearest,False,0.0024557113647460938,success
045EC0429C4C80,0,['Castelvecchio'],Arena,"['Verona Tour', 'Museo Lapidario', 'Museo Radio', 'San Fermo', 'Casa Giulietta']",Casa Giulietta,strategy_nearest,True,0.002992868423461914,success
045EC13A9C4C80,0,['Arena'],Casa Giulietta,"['Centro Fotografia', 'Sighseeing', 'Torre Lamberti', 'Museo Conte', 'Museo Radio']",Palazzo della Ragione,strategy_nearest,False,0.0020630359649658203,success
045EC3429C4C80,0,['Castelvecchio'],Arena,"['Verona Tour', 'Museo Lapidario', 'Museo Radio', 'San Fermo', 'Casa Giulietta']",Casa Giulietta,strategy_nearest,True,0.0026869773864746094,success
045ECB3A9C4C80,0,['Castelvecchio'],Arena,"['Verona Tour', 'Museo Lapidario', 'Museo Radio', 'San Fermo', 'Casa Giulietta']",Casa Giulietta,strategy_nearest,True,0.002492189407348633,success
045EC53A9C4C80,0,"['Arena', 'Casa Giulietta']",Torre Lamberti,"['Sighseeing', 'Centro Fotografia', 'Museo Conte', 'Palazzo della Ragione', 'AMO']",Tomba Giulietta,strategy_nearest,False,0.003319978713989258,success
045ECC3A9C4C80,0,['Arena'],Casa Giulietta,"['Centro Fotografia', 'Sighseeing', 'Torre Lamberti', 'Museo Conte', 'Museo Radio']",Santa Anastasia,strategy_nearest,False,0.0022830963134765625,success
045ED4429C4C80,0,"['Arena', 'Casa Giulietta']",Torre Lamberti,"['Sighseeing', 'Centro Fotografia', 'Museo Conte', 'Palazzo della Ragione', 'AMO']",Teatro Romano,strategy_nearest,False,0.0032808780670166016,success
045ED5429C4C80,0,['Arena'],Casa Giulietta,"['Centro Fotografia', 'Sighseeing', 'Torre Lamberti', 'Museo Conte', 'Museo Radio']",Santa Anastasia,strategy_nearest,False,0.0017118453979492188,success
045ED6429C4C80,3,"['Arena', 'Casa Giulietta', 'Torre Lamberti']",Teatro Romano,"['Santa Anastasia', 'Duomo', 'AMO', 'Palazzo della Ragione', 'Museo Conte']",Giardino Giusti,strategy_nearest,False,0.0031549930572509766,success
045EE33A9C4C80,0,['Arena'],Casa Giulietta,"['Centro Fotografia', 'Sighseeing', 'Torre Lamberti', 'Museo Conte', 'Museo Radio']",Torre Lamberti,strategy_nearest,True,0.0027518272399902344,success
045EE53A9C4C80,3,"['Arena', 'San Fermo', 'Torre Lamberti', 'Casa Giulietta']",Santa Anastasia,"['AMO', 'Museo Conte', 'Palazzo della Ragione', 'Teatro Romano', 'Centro Fotografia']",Teatro Romano,strategy_nearest,True,0.0027899742126464844,success
045EE1429C4C80,3,"['Duomo', 'Teatro Romano', 'Santa Anastasia']",Torre Lamberti,"['Sighseeing', 'Centro Fotografia', 'Museo Conte', 'Casa Giulietta', 'Palazzo della Ragione']",Casa Giulietta,strategy_nearest,True,0.002913951873779297,success
045EE63A9C4C80,3,"['Arena', 'Torre Lamberti']",Santa Anastasia,"['AMO', 'Museo Conte', 'Palazzo della Ragione', 'Teatro Romano', 'Centro Fotografia']",Casa Giulietta,strategy_nearest,False,0.0020568370819091797,success
045EEA3A9C4C80,3,"['Arena', 'Castelvecchio', 'Teatro Romano']",Giardino Giusti,"['Santa Anastasia', 'Museo Conte', 'Centro Fotografia', 'Museo Storia', 'AMO']",Santa Anastasia,strategy_nearest,True,0.003604888916015625,success
045EF23A9C4C80,2,['Tomba Giulietta'],Casa Giulietta,"['Centro Fotografia', 'Sighseeing', 'Torre Lamberti', 'Museo Conte', 'Museo Radio']",San Zeno,strategy_nearest,False,0.0033500194549560547,success
045EED429C4C80,2,"['Casa Giulietta', 'Santa Anastasia']",Duomo,"['AMO', 'Museo Miniscalchi', 'Teatro Romano', 'Palazzo della Ragione', 'Museo Conte']",Castelvecchio,strategy_nearest,False,0.003947019577026367,success
045EF03A9C4C80,1,['Arena'],Torre Lamberti,"['Sighseeing', 'Centro Fotografia', 'Museo Conte', 'Casa Giulietta', 'Palazzo della Ragione']",Palazzo della Ragione,strategy_nearest,True,0.004839897155761719,success
045EF83A9C4C80,0,['Arena'],Casa Giulietta,"['Centro Fotografia', 'Sighseeing', 'Torre Lamberti', 'Museo Conte', 'Museo Radio']",Torre Lamberti,strategy_nearest,True,0.0024399757385253906,success
045F143A9C4C84,3,['Arena'],Casa Giulietta,"['Centro Fotografia', 'Sighseeing', 'Torre Lamberti', 'Museo Conte', 'Museo Radio']",Santa Anastasia,strategy_nearest,False,0.0034461021423339844,success
045F1F3A9C4C84,2,['Castelvecchio'],Casa Giulietta,"['Centro Fotografia', 'Sighseeing', 'Torre Lamberti', 'Museo Conte', 'Museo Radio']",Torre Lamberti,strategy_nearest,True,0.0026459693908691406,success
045F223A9C4C80,0,['Arena'],Casa Giulietta,"['Centro Fotografia', 'Sighseeing', 'Torre Lamberti', 'Museo Conte', 'Museo Radio']",Santa Anastasia,strategy_nearest,False,0.0035598278045654297,success
045F204A9C4C80,0,"['Casa Giulietta', 'Torre Lamberti']",Castelvecchio,"['Museo Lapidario', 'Verona Tour', 'Arena', 'Museo Radio', 'San Zeno']",San Zeno,strategy_nearest,True,0.0035049915313720703,success
045F243A9C4C80,2,['San Fermo'],Torre Lamberti,"['Sighseeing', 'Centro Fotografia', 'Museo Conte', 'Casa Giulietta', 'Palazzo della Ragione']",Castelvecchio,strategy_nearest,False,0.002621889114379883,success
045F273A9C4C80,1,"['Arena', 'Palazzo della Ragione', 'Torre Lamberti']",Duomo,"['AMO', 'Museo Miniscalchi', 'Santa Anastasia', 'Teatro Romano', 'Museo Conte']",Teatro Romano,strategy_nearest,True,0.0027618408203125,success
045F2F429C4C80,3,"['Torre Lamberti', 'Arena', 'Castelvecchio', 'Casa Giulietta']",Teatro Romano,"['Santa Anastasia', 'Duomo', 'AMO', 'Palazzo della Ragione', 'Museo Conte']",Duomo,strategy_nearest,True,0.0032410621643066406,success
045F28429C4C80,3,"['Arena', 'San Fermo', 'Santa Anastasia']",Duomo,"['AMO', 'Museo Miniscalchi', 'Teatro Romano', 'Palazzo della Ragione', 'Museo Conte']",Castelvecchio,strategy_nearest,False,0.004224061965942383,success
045F34429C4C80,1,"['Castelvecchio', 'Arena', 'Museo Lapidario', 'San Fermo']",Casa Giulietta,"['Centro Fotografia', 'Sighseeing', 'Torre Lamberti', 'Museo Conte', 'Museo Radio']",Torre Lamberti,strategy_nearest,True,0.0021169185638427734,success
045F37429C4C80,1,"['Arena', 'San Fermo', 'Casa Giulietta']",Teatro Romano,"['Santa Anastasia', 'Duomo', 'AMO', 'Palazzo della Ragione', 'Museo Conte']",Duomo,strategy_nearest,True,0.003092050552368164,success
045F3A429C4C80,0,"['Arena', 'Tomba Giulietta', 'San Fermo']",Torre Lamberti,"['Sighseeing', 'Centro Fotografia', 'Museo Conte', 'Casa Giulietta', 'Palazzo della Ragione']",Casa Giulietta,strategy_nearest,True,0.0037508010864257812,success
045F3C3A9C4C80,1,['Arena'],Torre Lamberti,"['Sighseeing', 'Centro Fotografia', 'Museo Conte', 'Casa Giulietta', 'Palazzo della Ragione']",Palazzo della Ragione,strategy_nearest,True,0.003062009811401367,success
045F453A9C4C80,3,"['Castelvecchio', 'Arena']",San Fermo,"['Museo Storia', 'Museo Radio', 'Casa Giulietta', 'Centro Fotografia', 'Sighseeing']",Casa Giulietta,strategy_nearest,True,0.002565145492553711,success
045F50429C4C80,3,"['Arena', 'Casa Giulietta']",Torre Lamberti,"['Sighseeing', 'Centro Fotografia', 'Museo Conte', 'Palazzo della Ragione', 'AMO']",Santa Anastasia,strategy_nearest,False,0.002881765365600586,success
045F45429C4C80,3,"['Arena', 'San Fermo', 'Torre Lamberti']",Casa Giulietta,"['Centro Fotografia', 'Sighseeing', 'Museo Conte', 'Museo Radio', 'Palazzo della Ragione']",Santa Anastasia,strategy_nearest,False,0.0026268959045410156,success
045F4D429C4C80,3,"['Duomo', 'San Zeno']",Arena,"['Verona Tour', 'Museo Lapidario', 'Museo Radio', 'San Fermo', 'Casa Giulietta']",Torre Lamberti,strategy_nearest,False,0.0033659934997558594,success
045F543A9C4C80,1,"['Arena', 'Castelvecchio']",San Zeno,"['Verona Tour', 'Museo Lapidario', 'Museo Miniscalchi', 'Sighseeing', 'Museo Radio']",Duomo,strategy_nearest,False,0.0027573108673095703,success
045F51429C4C80,0,['Arena'],Casa Giulietta,"['Centro Fotografia', 'Sighseeing', 'Torre Lamberti', 'Museo Conte', 'Museo Radio']",Museo Lapidario,strategy_nearest,False,0.006043910980224609,success
045F52429C4C80,0,['Arena'],Palazzo della Ragione,"['AMO', 'Museo Conte', 'Torre Lamberti', 'Centro Fotografia', 'Sighseeing']",Casa Giulietta,strategy_nearest,False,0.0021049976348876953,success
045F55429C4C80,2,['Castelvecchio'],Torre Lamberti,"['Sighseeing', 'Centro Fotografia', 'Museo Conte', 'Casa Giulietta', 'Palazzo della Ragione']",Palazzo della Ragione,strategy_nearest,True,0.0037441253662109375,success
045F723A9C4C80,3,"['Tomba Giulietta', 'Arena']",Casa Giulietta,"['Centro Fotografia', 'Sighseeing', 'Torre Lamberti', 'Museo Conte', 'Museo Radio']",Santa Anastasia,strategy_nearest,False,0.002135038375854492,success
045F5C429C4C80,3,"['Arena', 'Casa Giulietta']",Torre Lamberti,"['Sighseeing', 'Centro Fotografia', 'Museo Conte', 'Palazzo della Ragione', 'AMO']",Santa Anastasia,strategy_nearest,False,0.0015799999237060547,success
045F6B3A9C4C80,2,"['Museo Lapidario', 'San Fermo', 'Casa Giulietta', 'Torre Lamberti']",Castelvecchio,"['Verona Tour', 'Arena', 'Museo Radio', 'San Zeno', 'Sighseeing']",Tomba Giulietta,strategy_nearest,False,0.0028607845306396484,success
045F763A9C4C80,2,"['Casa Giulietta', 'Torre Lamberti']",Santa Anastasia,"['AMO', 'Museo Conte', 'Palazzo della Ragione', 'Teatro Romano', 'Centro Fotografia']",Duomo,strategy_nearest,False,0.0028409957885742188,success
045F793A9C4C80,0,['Arena'],Castelvecchio,"['Museo Lapidario', 'Verona Tour', 'Museo Radio', 'San Zeno', 'Sighseeing']",Torre Lamberti,strategy_nearest,False,0.0033941268920898438,success
045F7A429C4C80,3,"['San Zeno', 'Torre Lamberti']",Casa Giulietta,"['Centro Fotografia', 'Sighseeing', 'Museo Conte', 'Museo Radio', 'Palazzo della Ragione']",Duomo,strategy_nearest,False,0.002068042755126953,success
045F7A3A9C4C80,3,"['Arena', 'Torre Lamberti']",Casa Giulietta,"['Centro Fotografia', 'Sighseeing', 'Museo Conte', 'Museo Radio', 'Palazzo della Ragione']",Santa Anastasia,strategy_nearest,False,0.0021600723266601562,success
045F833A9C4C80,0,['Arena'],Torre Lamberti,"['Sighseeing', 'Centro Fotografia', 'Museo Conte', 'Casa Giulietta', 'Palazzo della Ragione']",San Zeno,strategy_nearest,False,0.0028781890869140625,success
045F8D4A9C4C80,0,['Casa Giulietta'],Arena,"['Verona Tour', 'Museo Lapidario', 'Museo Radio', 'San Fermo', 'Sighseeing']",Museo Lapidario,strategy_nearest,True,0.002295970916748047,success
045F99429C4C80,3,"['Santa Anastasia', 'Casa Giulietta']",Teatro Romano,"['Duomo', 'AMO', 'Palazzo della Ragione', 'Museo Conte', 'Centro Fotografia']",Duomo,strategy_nearest,True,0.002241849899291992,success
045FAA429C4C80,0,['Arena'],Torre Lamberti,"['Sighseeing', 'Centro Fotografia', 'Museo Conte', 'Casa Giulietta', 'Palazzo della Ragione']",Casa Giulietta,strategy_nearest,True,0.0033409595489501953,success
045F954A9C4C80,2,['Castelvecchio'],Casa Giulietta,"['Centro Fotografia', 'Sighseeing', 'Torre Lamberti', 'Museo Conte', 'Museo Radio']",Tomba Giulietta,strategy_nearest,False,0.0035011768341064453,success
045FAB429C4C80,2,['Casa Giulietta'],Duomo,"['AMO', 'Museo Miniscalchi', 'Santa Anastasia', 'Teatro Romano', 'Palazzo della Ragione']",Castelvecchio,strategy_nearest,False,0.0018529891967773438,success
045FAB3A9C4C80,3,"['Arena', 'San Fermo']",Casa Giulietta,"['Centro Fotografia', 'Sighseeing', 'Torre Lamberti', 'Museo Conte', 'Museo Radio']",Duomo,strategy_nearest,False,0.0025730133056640625,success
045FAC3A9C4C80,0,['Arena'],Casa Giulietta,"['Centro Fotografia', 'Sighseeing', 'Torre Lamberti', 'Museo Conte', 'Museo Radio']",Castelvecchio,strategy_nearest,False,0.0027599334716796875,success
045FB33A9C4C80,0,['Arena'],Casa Giulietta,"['Centro Fotografia', 'Sighseeing', 'Torre Lamberti', 'Museo Conte', 'Museo Radio']",Torre Lamberti,strategy_nearest,True,0.0036118030548095703,success
045FB3429C4C80,3,['Arena'],Torre Lamberti,"['Sighseeing', 'Centro Fotografia', 'Museo Conte', 'Casa Giulietta', 'Palazzo della Ragione']",Santa Anastasia,strategy_nearest,False,0.0026197433471679688,success
045FB63A9C4C80,3,"['Tomba Giulietta', 'San Fermo', 'Duomo']",Santa Anastasia,"['AMO', 'Museo Conte', 'Palazzo della Ragione', 'Teatro Romano', 'Centro Fotografia']",Torre Lamberti,strategy_nearest,False,0.0024747848510742188,success
045FBB3A9C4C80,0,['Arena'],Castelvecchio,"['Museo Lapidario', 'Verona Tour', 'Museo Radio', 'San Zeno', 'Sighseeing']",Torre Lamberti,strategy_nearest,False,0.0029211044311523438,success
045FC53A9C4C80,3,"['Arena', 'Casa Giulietta']",Teatro Romano,"['Santa Anastasia', 'Duomo', 'AMO', 'Palazzo della Ragione', 'Museo Conte']",Duomo,strategy_nearest,True,0.0017390251159667969,success
045FDB429C4C80,1,"['Castelvecchio', 'Arena']",Museo Lapidario,"['Verona Tour', 'Museo Radio', 'San Fermo', 'Casa Giulietta', 'Tomba Giulietta']",San Zeno,strategy_nearest,False,0.0023789405822753906,success
045FCA429C4C80,2,['Palazzo della Ragione'],Torre Lamberti,"['Sighseeing', 'Centro Fotografia', 'Museo Conte', 'Casa Giulietta', 'AMO']",Castelvecchio,strategy_nearest,False,0.002498626708984375,success
045FDE3A9C4C80,0,['Castelvecchio'],Arena,"['Verona Tour', 'Museo Lapidario', 'Museo Radio', 'San Fermo', 'Casa Giulietta']",Casa Giulietta,strategy_nearest,True,0.002748250961303711,success
045FF33A9C4C80,0,['Tomba Giulietta'],Arena,"['Verona Tour', 'Museo Lapidario', 'Museo Radio', 'San Fermo', 'Casa Giulietta']",Casa Giulietta,strategy_nearest,True,0.002546072006225586,success
045FF5429C4C80,3,"['Arena', 'Torre Lamberti']",Santa Anastasia,"['AMO', 'Museo Conte', 'Palazzo della Ragione', 'Teatro Romano', 'Centro Fotografia']",Castelvecchio,strategy_nearest,False,0.0019011497497558594,success
045FFA429C4C80,1,"['Arena', 'Casa Giulietta', 'Torre Lamberti']",Palazzo della Ragione,"['AMO', 'Museo Conte', 'Centro Fotografia', 'Sighseeing', 'Santa Anastasia']",Castelvecchio,strategy_nearest,False,0.0034449100494384766,success
045FFD3A9C4C80,3,"['Arena', 'San Fermo']",Santa Anastasia,"['AMO', 'Museo Conte', 'Palazzo della Ragione', 'Teatro Romano', 'Centro Fotografia']",Castelvecchio,strategy_nearest,False,0.0021097660064697266,success
046001429C4C84,0,"['Arena', 'San Fermo']",Casa Giulietta,"['Centro Fotografia', 'Sighseeing', 'Torre Lamberti', 'Museo Conte', 'Museo Radio']",San Zeno,strategy_nearest,False,0.0023899078369140625,success
04600C429C4C84,0,['Arena'],Casa Giulietta,"['Centro Fotografia', 'Sighseeing', 'Torre Lamberti', 'Museo Conte', 'Museo Radio']",Castelvecchio,strategy_nearest,False,0.0023832321166992188,success
04600B3A9C4C84,1,"['Arena', 'Casa Giulietta']",Palazzo della Ragione,"['AMO', 'Museo Conte', 'Torre Lamberti', 'Centro Fotografia', 'Sighseeing']",Castelvecchio,strategy_nearest,False,0.004112958908081055,success
0460113A9C4C84,3,"['Arena', 'Casa Giulietta']",Santa Anastasia,"['AMO', 'Museo Conte', 'Palazzo della Ragione', 'Teatro Romano', 'Centro Fotografia']",Castelvecchio,strategy_nearest,False,0.002608776092529297,success
04601D429C4C84,2,['Duomo'],Torre Lamberti,"['Sighseeing', 'Centro Fotografia', 'Museo Conte', 'Casa Giulietta', 'Palazzo della Ragione']",Palazzo della Ragione,strategy_nearest,True,0.0030400753021240234,success
04601F3A9C4C80,3,"['Arena', 'Tomba Giulietta']",San Fermo,"['Museo Storia', 'Museo Radio', 'Casa Giulietta', 'Centro Fotografia', 'Sighseeing']",Casa Giulietta,strategy_nearest,True,0.0019168853759765625,success
04601E3A9C4C80,1,"['Duomo', 'Santa Anastasia', 'Torre Lamberti']",Palazzo della Ragione,"['AMO', 'Museo Conte', 'Centro Fotografia', 'Sighseeing', 'Museo Miniscalchi']",Arena,strategy_nearest,False,0.0033020973205566406,success
046029429C4C80,3,"['Castelvecchio', 'Arena']",Duomo,"['AMO', 'Museo Miniscalchi', 'Santa Anastasia', 'Teatro Romano', 'Palazzo della Ragione']",Teatro Romano,strategy_nearest,True,0.001786947250366211,success
0460263A9C4C80,0,['Arena'],Casa Giulietta,"['Centro Fotografia', 'Sighseeing', 'Torre Lamberti', 'Museo Conte', 'Museo Radio']",Castelvecchio,strategy_nearest,False,0.0022351741790771484,success
04602B4A9C4C80,3,"['Torre Lamberti', 'Casa Giulietta']",Castelvecchio,"['Museo Lapidario', 'Verona Tour', 'Arena', 'Museo Radio', 'San Zeno']",Santa Anastasia,strategy_nearest,False,0.0019068717956542969,success
04602D3A9C4C80,0,['Arena'],Santa Anastasia,"['AMO', 'Museo Conte', 'Palazzo della Ragione', 'Teatro Romano', 'Centro Fotografia']",Casa Giulietta,strategy_nearest,False,0.002343893051147461,success
04603B4A9C4C80,1,"['Castelvecchio', 'Santa Anastasia']",Palazzo della Ragione,"['AMO', 'Museo Conte', 'Torre Lamberti', 'Centro Fotografia', 'Sighseeing']",Torre Lamberti,strategy_nearest,True,0.0031061172485351562,success
046037429C4C80,0,['Arena'],Casa Giulietta,"['Centro Fotografia', 'Sighseeing', 'Torre Lamberti', 'Museo Conte', 'Museo Radio']",Teatro Romano,strategy_nearest,False,0.0026366710662841797,success
046032429C4C80,0,['Casa Giulietta'],San Fermo,"['Museo Storia', 'Museo Radio', 'Centro Fotografia', 'Arena', 'Sighseeing']",Arena,strategy_nearest,True,0.0025780200958251953,success
04602F3A9C4C80,3,"['Teatro Romano', 'Giardino Giusti', 'Casa Giulietta']",Torre Lamberti,"['Sighseeing', 'Centro Fotografia', 'Museo Conte', 'Palazzo della Ragione', 'AMO']",Arena,strategy_nearest,False,0.0020606517791748047,success
046049429C4C80,1,"['Arena', 'Casa Giulietta']",Palazzo della Ragione,"['AMO', 'Museo Conte', 'Torre Lamberti', 'Centro Fotografia', 'Sighseeing']",Torre Lamberti,strategy_nearest,True,0.001981019973754883,success
0460493A9C4C80,2,['Duomo'],Tomba Giulietta,"['San Fermo', 'Museo Storia', 'Arena', 'Museo Lapidario', 'Museo Radio']",Palazzo della Ragione,strategy_nearest,False,0.0014028549194335938,success
046051429C4C80,2,"['Santa Anastasia', 'Castelvecchio']",San Zeno,"['Verona Tour', 'Museo Lapidario', 'Arena', 'Museo Miniscalchi', 'Sighseeing']",Duomo,strategy_nearest,False,0.002638101577758789,success
046055429C4C80,3,"['Arena', 'Torre Lamberti', 'Torre Lamberti', 'Giardino Giusti']",Teatro Romano,"['Santa Anastasia', 'Duomo', 'AMO', 'Palazzo della Ragione', 'Museo Conte']",Duomo,strategy_nearest,True,0.003373861312866211,success
04606C429C4C80,0,['Arena'],Casa Giulietta,"['Centro Fotografia', 'Sighseeing', 'Torre Lamberti', 'Museo Conte', 'Museo Radio']",Teatro Romano,strategy_nearest,False,0.003025054931640625,success
04605F429C4C80,3,['Arena'],Santa Anastasia,"['AMO', 'Museo Conte', 'Palazzo della Ragione', 'Teatro Romano', 'Centro Fotografia']",Teatro Romano,strategy_nearest,True,0.001967906951904297,success
0460653A9C4C80,3,"['Torre Lamberti', 'Duomo']",Teatro Romano,"['Santa Anastasia', 'AMO', 'Palazzo della Ragione', 'Museo Conte', 'Centro Fotografia']",Arena,strategy_nearest,False,0.0025568008422851562,success
04606D3A9C4C80,0,['Arena'],Torre Lamberti,"['Sighseeing', 'Centro Fotografia', 'Museo Conte', 'Casa Giulietta', 'Palazzo della Ragione']",Castelvecchio,strategy_nearest,False,0.0028960704803466797,success
0460783A9C4C80,0,"['Arena', 'Casa Giulietta']",Torre Lamberti,"['Sighseeing', 'Centro Fotografia', 'Museo Conte', 'Palazzo della Ragione', 'AMO']",Duomo,strategy_nearest,False,0.0019800662994384766,success
04607D4A9C4C80,3,"['San Zeno', 'Castelvecchio']",Arena,"['Verona Tour', 'Museo Lapidario', 'Museo Radio', 'San Fermo', 'Casa Giulietta']",Casa Giulietta,strategy_nearest,True,0.002104043960571289,success
0460803A9C4C80,1,"['Arena', 'Castelvecchio', 'San Zeno', 'Casa Giulietta']",Santa Anastasia,"['AMO', 'Museo Conte', 'Palazzo della Ragione', 'Teatro Romano', 'Centro Fotografia']",Torre Lamberti,strategy_nearest,False,0.0028791427612304688,success
04606D429C4C80,3,['Arena'],Santa Anastasia,"['AMO', 'Museo Conte', 'Palazzo della Ragione', 'Teatro Romano', 'Centro Fotografia']",Duomo,strategy_nearest,False,0.0034608840942382812,success
0460853A9C4C80,2,['Casa Giulietta'],Santa Anastasia,"['AMO', 'Museo Conte', 'Palazzo della Ragione', 'Teatro Romano', 'Centro Fotografia']",Teatro Romano,strategy_nearest,True,0.0014917850494384766,success
046084429C4C80,0,['Arena'],Castelvecchio,"['Museo Lapidario', 'Verona Tour', 'Museo Radio', 'San Zeno', 'Sighseeing']",Casa Giulietta,strategy_nearest,False,0.0033109188079833984,success
046088429C4C80,0,['Arena'],Tomba Giulietta,"['San Fermo', 'Museo Storia', 'Museo Lapidario', 'Museo Radio', 'Verona Tour']",Teatro Romano,strategy_nearest,False,0.0029997825622558594,success
046086429C4C80,0,['Arena'],Torre Lamberti,"['Sighseeing', 'Centro Fotografia', 'Museo Conte', 'Casa Giulietta', 'Palazzo della Ragione']",Casa Giulietta,strategy_nearest,True,0.0028650760650634766,success
04608C3A9C4C80,3,"['Arena', 'Casa Giulietta']",Castelvecchio,"['Museo Lapidario', 'Verona Tour', 'Museo Radio', 'San Zeno', 'Sighseeing']",Santa Anastasia,strategy_nearest,False,0.0023992061614990234,success
046098429C4C80,0,"['Castelvecchio', 'Arena']",Casa Giulietta,"['Centro Fotografia', 'Sighseeing', 'Torre Lamberti', 'Museo Conte', 'Museo Radio']",Duomo,strategy_nearest,False,0.00237274169921875,success
0460984A9C4C80,0,['Arena'],Castelvecchio,"['Museo Lapidario', 'Verona Tour', 'Museo Radio', 'San Zeno', 'Sighseeing']",San Zeno,strategy_nearest,True,0.0025129318237304688,success
04609B429C4C80,0,['Arena'],Casa Giulietta,"['Centro Fotografia', 'Sighseeing', 'Torre Lamberti', 'Museo Conte', 'Museo Radio']",Torre Lamberti,strategy_nearest,True,0.003187894821166992,success
0460A04A9C4C80,1,"['Santa Anastasia', 'Torre Lamberti']",Palazzo della Ragione,"['AMO', 'Museo Conte', 'Centro Fotografia', 'Sighseeing', 'Museo Miniscalchi']",Casa Giulietta,strategy_nearest,False,0.0030150413513183594,success
0460A64A9C4C80,1,"['Arena', 'Casa Giulietta']",Palazzo della Ragione,"['AMO', 'Museo Conte', 'Torre Lamberti', 'Centro Fotografia', 'Sighseeing']",Torre Lamberti,strategy_nearest,True,0.0017628669738769531,success
0460A74A9C4C80,0,['Arena'],Castelvecchio,"['Museo Lapidario', 'Verona Tour', 'Museo Radio', 'San Zeno', 'Sighseeing']",Casa Giulietta,strategy_nearest,False,0.002009868621826172,success
0460AB4A9C4C80,2,['Santa Anastasia'],Casa Giulietta,"['Centro Fotografia', 'Sighseeing', 'Torre Lamberti', 'Museo Conte', 'Museo Radio']",Castelvecchio,strategy_nearest,False,0.002518892288208008,success
0460AB429C4C80,1,['Arena'],Torre Lamberti,"['Sighseeing', 'Centro Fotografia', 'Museo Conte', 'Casa Giulietta', 'Palazzo della Ragione']",Palazzo della Ragione,strategy_nearest,True,0.003582000732421875,success
0460AF3A9C4C80,1,"['Arena', 'Palazzo della Ragione']",Torre Lamberti,"['Sighseeing', 'Centro Fotografia', 'Museo Conte', 'Casa Giulietta', 'AMO']",Santa Anastasia,strategy_nearest,False,0.002440929412841797,success
0460B2429C4C80,0,"['Casa Giulietta', 'San Fermo']",Arena,"['Verona Tour', 'Museo Lapidario', 'Museo Radio', 'Sighseeing', 'Castelvecchio']",Museo Lapidario,strategy_nearest,True,0.0024940967559814453,success
0460B4429C4C80,0,"['Castelvecchio', 'Teatro Romano']",Torre Lamberti,"['Sighseeing', 'Centro Fotografia', 'Museo Conte', 'Casa Giulietta', 'Palazzo della Ragione']",Arena,strategy_nearest,False,0.002362966537475586,success
0460C93A9C4C80,2,"['Castelvecchio', 'Casa Giulietta']",San Fermo,"['Museo Storia', 'Museo Radio', 'Centro Fotografia', 'Arena', 'Sighseeing']",Santa Anastasia,strategy_nearest,False,0.0024518966674804688,success
0460B93A9C4C80,2,"['Casa Giulietta', 'San Fermo']",Torre Lamberti,"['Sighseeing', 'Centro Fotografia', 'Museo Conte', 'Palazzo della Ragione', 'AMO']",Santa Anastasia,strategy_nearest,False,0.0034160614013671875,success
0460DA429C4C80,3,"['Castelvecchio', 'Torre Lamberti']",Santa Anastasia,"['AMO', 'Museo Conte', 'Palazzo della Ragione', 'Teatro Romano', 'Centro Fotografia']",Arena,strategy_nearest,False,0.0028209686279296875,success
0460CA3A9C4C80,6,['Arena'],Casa Giulietta,"['Centro Fotografia', 'Sighseeing', 'Torre Lamberti', 'Museo Conte', 'Museo Radio']",Verona Tour,strategy_nearest,False,0.0030472278594970703,success
0460EF3A9C4C80,3,"['Arena', 'Casa Giulietta']",Santa Anastasia,"['AMO', 'Museo Conte', 'Palazzo della Ragione', 'Teatro Romano', 'Centro Fotografia']",Duomo,strategy_nearest,False,0.0018029212951660156,success
046103429C4C84,1,"['Museo Lapidario', 'Arena', 'Torre Lamberti', 'Palazzo della Ragione']",San Fermo,"['Museo Storia', 'Museo Radio', 'Casa Giulietta', 'Centro Fotografia', 'Sighseeing']",Santa Anastasia,strategy_nearest,False,0.003217935562133789,success
0460F13A9C4C80,0,['Arena'],Tomba Giulietta,"['San Fermo', 'Museo Storia', 'Museo Lapidario', 'Museo Radio', 'Verona Tour']",Casa Giulietta,strategy_nearest,False,0.0026280879974365234,success
0460FF3A9C4C80,0,['Arena'],Torre Lamberti,"['Sighseeing', 'Centro Fotografia', 'Museo Conte', 'Casa Giulietta', 'Palazzo della Ragione']",Casa Giulietta,strategy_nearest,True,0.002649068832397461,success
04610B429C4C84,0,['Arena'],Casa Giulietta,"['Centro Fotografia', 'Sighseeing', 'Torre Lamberti', 'Museo Conte', 'Museo Radio']",Duomo,strategy_nearest,False,0.0021810531616210938,success
0461163A9C4C80,0,['Arena'],Castelvecchio,"['Museo Lapidario', 'Verona Tour', 'Museo Radio', 'San Zeno', 'Sighseeing']",Casa Giulietta,strategy_nearest,False,0.0019159317016601562,success
0461173A9C4C84,3,"['Museo Lapidario', 'Arena']",Santa Anastasia,"['AMO', 'Museo Conte', 'Palazzo della Ragione', 'Teatro Romano', 'Centro Fotografia']",Castelvecchio,strategy_nearest,False,0.0022318363189697266,success
0461163A9C4C84,3,"['Arena', 'Torre Lamberti']",Santa Anastasia,"['AMO', 'Museo Conte', 'Palazzo della Ragione', 'Teatro Romano', 'Centro Fotografia']",Duomo,strategy_nearest,False,0.0026121139526367188,success
04611A429C4C84,3,"['Arena', 'Casa Giulietta']",Torre Lamberti,"['Sighseeing', 'Centro Fotografia', 'Museo Conte', 'Palazzo della Ragione', 'AMO']",Santa Anastasia,strategy_nearest,False,0.0018439292907714844,success
0461213A9C4C84,2,['Casa Giulietta'],Torre Lamberti,"['Sighseeing', 'Centro Fotografia', 'Museo Conte', 'Palazzo della Ragione', 'AMO']",Teatro Romano,strategy_nearest,False,0.002586841583251953,success
046124429C4C84,1,"['Teatro Romano', 'Castelvecchio', 'Arena']",Tomba Giulietta,"['San Fermo', 'Museo Storia', 'Museo Lapidario', 'Museo Radio', 'Verona Tour']",San Fermo,strategy_nearest,True,0.002680063247680664,success
0461244A9C4C80,3,"['Torre Lamberti', 'Santa Anastasia', 'Duomo', 'Teatro Romano']",San Fermo,"['Museo Storia', 'Museo Radio', 'Casa Giulietta', 'Centro Fotografia', 'Arena']",Arena,strategy_nearest,True,0.003002166748046875,success
046125429C4C80,2,"['Duomo', 'Santa Anastasia']",Torre Lamberti,"['Sighseeing', 'Centro Fotografia', 'Museo Conte', 'Casa Giulietta', 'Palazzo della Ragione']",Casa Giulietta,strategy_nearest,True,0.002579927444458008,success
0461293A9C4C80,0,"['Arena', 'Castelvecchio']",Casa Giulietta,"['Centro Fotografia', 'Sighseeing', 'Torre Lamberti', 'Museo Conte', 'Museo Radio']",Torre Lamberti,strategy_nearest,True,0.002524137496948242,success
046139429C4C80,1,['Arena'],Casa Giulietta,"['Centro Fotografia', 'Sighseeing', 'Torre Lamberti', 'Museo Conte', 'Museo Radio']",Palazzo della Ragione,strategy_nearest,False,0.002319812774658203,success
04612B429C4C80,1,"['Arena', 'Casa Giulietta']",Torre Lamberti,"['Sighseeing', 'Centro Fotografia', 'Museo Conte', 'Palazzo della Ragione', 'AMO']",Palazzo della Ragione,strategy_nearest,True,0.003155231475830078,success
04613C4A9C4C80,0,"['Tomba Giulietta', 'Arena']",Casa Giulietta,"['Centro Fotografia', 'Sighseeing', 'Torre Lamberti', 'Museo Conte', 'Museo Radio']",Teatro Romano,strategy_nearest,False,0.002335071563720703,success
04613A4A9C4C80,0,['Torre Lamberti'],Casa Giulietta,"['Centro Fotografia', 'Sighseeing', 'Museo Conte', 'Museo Radio', 'Palazzo della Ragione']",Arena,strategy_nearest,False,0.0025970935821533203,success
04613D3A9C4C80,3,['Arena'],Torre Lamberti,"['Sighseeing', 'Centro Fotografia', 'Museo Conte', 'Casa Giulietta', 'Palazzo della Ragione']",Santa Anastasia,strategy_nearest,False,0.0028040409088134766,success
046142429C4C80,2,['Casa Giulietta'],Palazzo della Ragione,"['AMO', 'Museo Conte', 'Torre Lamberti', 'Centro Fotografia', 'Sighseeing']",Torre Lamberti,strategy_nearest,True,0.003984928131103516,success
04614C429C4C80,3,"['Arena', 'Casa Giulietta']",Torre Lamberti,"['Sighseeing', 'Centro Fotografia', 'Museo Conte', 'Palazzo della Ragione', 'AMO']",Santa Anastasia,strategy_nearest,False,0.001725912094116211,success
046170429C4C80,1,"['Castelvecchio', 'Arena', 'San Fermo', 'Museo Storia']",Casa Giulietta,"['Centro Fotografia', 'Sighseeing', 'Torre Lamberti', 'Museo Conte', 'Museo Radio']",Torre Lamberti,strategy_nearest,True,0.0027730464935302734,success
046160429C4C80,1,"['Arena', 'Casa Giulietta']",Palazzo della Ragione,"['AMO', 'Museo Conte', 'Torre Lamberti', 'Centro Fotografia', 'Sighseeing']",Santa Anastasia,strategy_nearest,False,0.00286102294921875,success
046171429C4C80,2,['Casa Giulietta'],Santa Anastasia,"['AMO', 'Museo Conte', 'Palazzo della Ragione', 'Teatro Romano', 'Centro Fotografia']",Duomo,strategy_nearest,False,0.0026543140411376953,success
04617F3A9C4C80,1,"['Torre Lamberti', 'Palazzo della Ragione']",Casa Giulietta,"['Centro Fotografia', 'Sighseeing', 'Museo Conte', 'Museo Radio', 'San Fermo']",Arena,strategy_nearest,False,0.003076791763305664,success
0461873A9C4C80,0,"['Arena', 'Casa Giulietta']",Torre Lamberti,"['Sighseeing', 'Centro Fotografia', 'Museo Conte', 'Palazzo della Ragione', 'AMO']",Teatro Romano,strategy_nearest,False,0.002833843231201172,success
0461893A9C4C80,1,"['Castelvecchio', 'Palazzo della Ragione', 'Santa Anastasia']",Arena,"['Verona Tour', 'Museo Lapidario', 'Museo Radio', 'San Fermo', 'Casa Giulietta']",Torre Lamberti,strategy_nearest,False,0.003365755081176758,success
046189429C4C80,0,['Arena'],Casa Giulietta,"['Centro Fotografia', 'Sighseeing', 'Torre Lamberti', 'Museo Conte', 'Museo Radio']",Duomo,strategy_nearest,False,0.0026700496673583984,success
04618D4A9C4C80,0,['Casa Giulietta'],Arena,"['Verona Tour', 'Museo Lapidario', 'Museo Radio', 'San Fermo', 'Sighseeing']",Museo Lapidario,strategy_nearest,True,0.0033652782440185547,success
0461954A9C4C80,3,"['Arena', 'Casa Giulietta']",Santa Anastasia,"['AMO', 'Museo Conte', 'Palazzo della Ragione', 'Teatro Romano', 'Centro Fotografia']",Teatro Romano,strategy_nearest,True,0.0024912357330322266,success
0461904A9C4C80,0,['Arena'],Casa Giulietta,"['Centro Fotografia', 'Sighseeing', 'Torre Lamberti', 'Museo Conte', 'Museo Radio']",Santa Anastasia,strategy_nearest,False,0.0025348663330078125,success
0461A14A9C4C80,0,['Castelvecchio'],Arena,"['Verona Tour', 'Museo Lapidario', 'Museo Radio', 'San Fermo', 'Casa Giulietta']",Duomo,strategy_nearest,False,0.0026748180389404297,success
0461A64A9C4C80,0,['Castelvecchio'],Arena,"['Verona Tour', 'Museo Lapidario', 'Museo Radio', 'San Fermo', 'Casa Giulietta']",Casa Giulietta,strategy_nearest,True,0.0022301673889160156,success
0461A54A9C4C80,3,['Arena'],Torre Lamberti,"['Sighseeing', 'Centro Fotografia', 'Museo Conte', 'Casa Giulietta', 'Palazzo della Ragione']",Duomo,strategy_nearest,False,0.0027840137481689453,success
0461A74A9C4C80,0,['Arena'],Torre Lamberti,"['Sighseeing', 'Centro Fotografia', 'Museo Conte', 'Casa Giulietta', 'Palazzo della Ragione']",Castelvecchio,strategy_nearest,False,0.0028171539306640625,success
0461A9429C4C80,0,"['Arena', 'Museo Lapidario']",Casa Giulietta,"['Centro Fotografia', 'Sighseeing', 'Torre Lamberti', 'Museo Conte', 'Museo Radio']",Duomo,strategy_nearest,False,0.0014121532440185547,success
0461AC429C4C80,3,"['Arena', 'Casa Giulietta']",Torre Lamberti,"['Sighseeing', 'Centro Fotografia', 'Museo Conte', 'Palazzo della Ragione', 'AMO']",Santa Anastasia,strategy_nearest,False,0.0021550655364990234,success
0461AD429C4C80,0,['Castelvecchio'],Arena,"['Verona Tour', 'Museo Lapidario', 'Museo Radio', 'San Fermo', 'Casa Giulietta']",Casa Giulietta,strategy_nearest,True,0.0027260780334472656,success
0461AE429C4C80,1,"['Casa Giulietta', 'Torre Lamberti']",Palazzo della Ragione,"['AMO', 'Museo Conte', 'Centro Fotografia', 'Sighseeing', 'Santa Anastasia']",Arena,strategy_nearest,False,0.002928018569946289,success
0461B13A9C4C80,3,"['Teatro Romano', 'Duomo', 'Arena']",Castelvecchio,"['Museo Lapidario', 'Verona Tour', 'Museo Radio', 'San Zeno', 'Sighseeing']",San Zeno,strategy_nearest,True,0.0019121170043945312,success
0461B9429C4C80,3,"['Castelvecchio', 'Arena']",Casa Giulietta,"['Centro Fotografia', 'Sighseeing', 'Torre Lamberti', 'Museo Conte', 'Museo Radio']",Torre Lamberti,strategy_nearest,True,0.0026891231536865234,success
0461B0429C4C80,1,"['Arena', 'Casa Giulietta']",Tomba Giulietta,"['San Fermo', 'Museo Storia', 'Museo Lapidario', 'Museo Radio', 'Verona Tour']",Palazzo della Ragione,strategy_nearest,False,0.0024099349975585938,success
0461BC3A9C4C80,3,['Arena'],Santa Anastasia,"['AMO', 'Museo Conte', 'Palazzo della Ragione', 'Teatro Romano', 'Centro Fotografia']",Duomo,strategy_nearest,False,0.0028252601623535156,success
0461C83A9C4C80,0,['Casa Giulietta'],Arena,"['Verona Tour', 'Museo Lapidario', 'Museo Radio', 'San Fermo', 'Sighseeing']",Tomba Giulietta,strategy_nearest,False,0.0022809505462646484,success
0461D8429C4C80,3,"['Arena', 'San Fermo']",Santa Anastasia,"['AMO', 'Museo Conte', 'Palazzo della Ragione', 'Teatro Romano', 'Centro Fotografia']",Duomo,strategy_nearest,False,0.0020051002502441406,success
0461CD3A9C4C80,3,"['Arena', 'Torre Lamberti']",Casa Giulietta,"['Centro Fotografia', 'Sighseeing', 'Museo Conte', 'Museo Radio', 'Palazzo della Ragione']",Duomo,strategy_nearest,False,0.0034592151641845703,success
0461D23A9C4C80,0,['Casa Giulietta'],Santa Anastasia,"['AMO', 'Museo Conte', 'Palazzo della Ragione', 'Teatro Romano', 'Centro Fotografia']",Arena,strategy_nearest,False,0.002768278121948242,success
0461DB3A9C4C80,0,['Teatro Romano'],Arena,"['Verona Tour', 'Museo Lapidario', 'Museo Radio', 'San Fermo', 'Casa Giulietta']",Castelvecchio,strategy_nearest,False,0.0026807785034179688,success
0461D93A9C4C80,2,['Casa Giulietta'],Torre Lamberti,"['Sighseeing', 'Centro Fotografia', 'Museo Conte', 'Palazzo della Ragione', 'AMO']",Palazzo della Ragione,strategy_nearest,True,0.0027179718017578125,success
0461E13A9C4C80,3,"['Arena', 'San Fermo']",Torre Lamberti,"['Sighseeing', 'Centro Fotografia', 'Museo Conte', 'Casa Giulietta', 'Palazzo della Ragione']",Teatro Romano,strategy_nearest,False,0.0024530887603759766,success
0461DD3A9C4C80,3,"['Arena', 'Casa Giulietta']",Santa Anastasia,"['AMO', 'Museo Conte', 'Palazzo della Ragione', 'Teatro Romano', 'Centro Fotografia']",Duomo,strategy_nearest,False,0.0033998489379882812,success
0461E63A9C4C80,3,['Arena'],San Fermo,"['Museo Storia', 'Museo Radio', 'Casa Giulietta', 'Centro Fotografia', 'Sighseeing']",Casa Giulietta,strategy_nearest,True,0.002046823501586914,success
0461ED3A9C4C80,1,"['Palazzo della Ragione', 'Torre Lamberti']",Casa Giulietta,"['Centro Fotografia', 'Sighseeing', 'Museo Conte', 'Museo Radio', 'San Fermo']",Arena,strategy_nearest,False,0.002079010009765625,success
0461E53A9C4C80,3,"['Arena', 'Torre Lamberti']",Casa Giulietta,"['Centro Fotografia', 'Sighseeing', 'Museo Conte', 'Museo Radio', 'Palazzo della Ragione']",San Fermo,strategy_nearest,False,0.003319978713989258,success
0461EF3A9C4C80,1,"['Arena', 'Casa Giulietta']",Torre Lamberti,"['Sighseeing', 'Centro Fotografia', 'Museo Conte', 'Palazzo della Ragione', 'AMO']",Palazzo della Ragione,strategy_nearest,True,0.003183126449584961,success
04620B3A9C4C84,1,['Arena'],Arena,"['Verona Tour', 'Museo Lapidario', 'Museo Radio', 'San Fermo', 'Casa Giulietta']",Palazzo della Ragione,strategy_nearest,False,0.0015010833740234375,success
04620A429C4C84,1,"['Arena', 'Castelvecchio']",Torre Lamberti,"['Sighseeing', 'Centro Fotografia', 'Museo Conte', 'Casa Giulietta', 'Palazzo della Ragione']",Palazzo della Ragione,strategy_nearest,True,0.002618074417114258,success
046213429C4C80,2,"['Torre Lamberti', 'Castelvecchio']",San Zeno,"['Verona Tour', 'Museo Lapidario', 'Arena', 'Museo Miniscalchi', 'Sighseeing']",Teatro Romano,strategy_nearest,False,0.0030798912048339844,success
0461FA429C4C80,1,"['Arena', 'Casa Giulietta']",Torre Lamberti,"['Sighseeing', 'Centro Fotografia', 'Museo Conte', 'Palazzo della Ragione', 'AMO']",Palazzo della Ragione,strategy_nearest,True,0.0027799606323242188,success
046216429C4C80,0,"['Arena', 'Museo Lapidario']",Castelvecchio,"['Verona Tour', 'Museo Radio', 'San Zeno', 'Sighseeing', 'Museo Miniscalchi']",Casa Giulietta,strategy_nearest,False,0.002146005630493164,success
0462153A9C4C84,3,"['Arena', 'San Fermo']",Casa Giulietta,"['Centro Fotografia', 'Sighseeing', 'Torre Lamberti', 'Museo Conte', 'Museo Radio']",Torre Lamberti,strategy_nearest,True,0.0013928413391113281,success
046219429C4C84,3,"['Santa Anastasia', 'Casa Giulietta']",Teatro Romano,"['Duomo', 'AMO', 'Palazzo della Ragione', 'Museo Conte', 'Centro Fotografia']",Duomo,strategy_nearest,True,0.003185749053955078,success
046217429C4C80,3,['Arena'],Santa Anastasia,"['AMO', 'Museo Conte', 'Palazzo della Ragione', 'Teatro Romano', 'Centro Fotografia']",Torre Lamberti,strategy_nearest,False,0.002583026885986328,success
04621E3A9C4C80,1,"['Arena', 'Casa Giulietta', 'Palazzo della Ragione']",Torre Lamberti,"['Sighseeing', 'Centro Fotografia', 'Museo Conte', 'AMO', 'Museo Miniscalchi']",Santa Anastasia,strategy_nearest,False,0.0023801326751708984,success
04622A429C4C80,1,"['Castelvecchio', 'San Fermo', 'Museo Storia', 'Teatro Romano']",Duomo,"['AMO', 'Museo Miniscalchi', 'Santa Anastasia', 'Palazzo della Ragione', 'Museo Conte']",Santa Anastasia,strategy_nearest,True,0.0012738704681396484,success
0462293A9C4C80,0,"['Arena', 'Castelvecchio']",Casa Giulietta,"['Centro Fotografia', 'Sighseeing', 'Torre Lamberti', 'Museo Conte', 'Museo Radio']",Torre Lamberti,strategy_nearest,True,0.003818988800048828,success
04621D3A9C4C84,0,['Arena'],Museo Lapidario,"['Verona Tour', 'Castelvecchio', 'Museo Radio', 'San Fermo', 'Casa Giulietta']",Castelvecchio,strategy_nearest,True,0.003310680389404297,success
0462373A9C4C80,3,"['Arena', 'Museo Lapidario']",Castelvecchio,"['Verona Tour', 'Museo Radio', 'San Zeno', 'Sighseeing', 'Museo Miniscalchi']",Casa Giulietta,strategy_nearest,False,0.003172159194946289,success
0462344A9C4C80,2,"['Teatro Romano', 'Duomo', 'Santa Anastasia']",Torre Lamberti,"['Sighseeing', 'Centro Fotografia', 'Museo Conte', 'Casa Giulietta', 'Palazzo della Ragione']",Tomba Giulietta,strategy_nearest,False,0.001783132553100586,success
04623B429C4C80,3,"['Santa Anastasia', 'Duomo', 'Teatro Romano']",Arena,"['Verona Tour', 'Museo Lapidario', 'Museo Radio', 'San Fermo', 'Casa Giulietta']",Castelvecchio,strategy_nearest,False,0.0014278888702392578,success
04626D429C4C80,0,['Casa Giulietta'],Torre Lamberti,"['Sighseeing', 'Centro Fotografia', 'Museo Conte', 'Palazzo della Ragione', 'AMO']",Arena,strategy_nearest,False,0.0031762123107910156,success
046239429C4C80,2,['Teatro Romano'],Duomo,"['AMO', 'Museo Miniscalchi', 'Santa Anastasia', 'Palazzo della Ragione', 'Museo Conte']",Palazzo della Ragione,strategy_nearest,True,0.005817890167236328,success
04626B3A9C4C80,3,"['Arena', 'Castelvecchio', 'Casa Giulietta']",Santa Anastasia,"['AMO', 'Museo Conte', 'Palazzo della Ragione', 'Teatro Romano', 'Centro Fotografia']",Duomo,strategy_nearest,False,0.00411534309387207,success
04626F3A9C4C80,3,"['Arena', 'Santa Anastasia', 'Duomo']",Torre Lamberti,"['Sighseeing', 'Centro Fotografia', 'Museo Conte', 'Casa Giulietta', 'Palazzo della Ragione']",Casa Giulietta,strategy_nearest,True,0.003973960876464844,success
0462713A9C4C80,3,"['Arena', 'Casa Giulietta']",Santa Anastasia,"['AMO', 'Museo Conte', 'Palazzo della Ragione', 'Teatro Romano', 'Centro Fotografia']",Giardino Giusti,strategy_nearest,False,0.0029981136322021484,success
0462773A9C4C80,1,"['Arena', 'Casa Giulietta']",Torre Lamberti,"['Sighseeing', 'Centro Fotografia', 'Museo Conte', 'Palazzo della Ragione', 'AMO']",Palazzo della Ragione,strategy_nearest,True,0.0019106864929199219,success
0462723A9C4C80,3,"['Castelvecchio', 'Arena', 'Tomba Giulietta']",Torre Lamberti,"['Sighseeing', 'Centro Fotografia', 'Museo Conte', 'Casa Giulietta', 'Palazzo della Ragione']",Casa Giulietta,strategy_nearest,True,0.004380941390991211,success
0462743A9C4C80,3,"['Arena', 'Castelvecchio']",Torre Lamberti,"['Sighseeing', 'Centro Fotografia', 'Museo Conte', 'Casa Giulietta', 'Palazzo della Ragione']",Casa Giulietta,strategy_nearest,True,0.004288911819458008,success
0462783A9C4C80,1,['Castelvecchio'],Casa Giulietta,"['Centro Fotografia', 'Sighseeing', 'Torre Lamberti', 'Museo Conte', 'Museo Radio']",Arena,strategy_nearest,False,0.0013151168823242188,success
0462843A9C4C80,3,"['Arena', 'San Fermo']",Casa Giulietta,"['Centro Fotografia', 'Sighseeing', 'Torre Lamberti', 'Museo Conte', 'Museo Radio']",Duomo,strategy_nearest,False,0.0025701522827148438,success
04627F4A9C4C80,1,"['Arena', 'Palazzo della Ragione']",Torre Lamberti,"['Sighseeing', 'Centro Fotografia', 'Museo Conte', 'Casa Giulietta', 'AMO']",Casa Giulietta,strategy_nearest,True,0.0022611618041992188,success
04628D429C4C80,0,['Arena'],Casa Giulietta,"['Centro Fotografia', 'Sighseeing', 'Torre Lamberti', 'Museo Conte', 'Museo Radio']",Tomba Giulietta,strategy_nearest,False,0.0026938915252685547,success
04628E429C4C80,3,['Arena'],Casa Giulietta,"['Centro Fotografia', 'Sighseeing', 'Torre Lamberti', 'Museo Conte', 'Museo Radio']",Santa Anastasia,strategy_nearest,False,0.0024619102478027344,success
0462854A9C4C80,0,['Arena'],Casa Giulietta,"['Centro Fotografia', 'Sighseeing', 'Torre Lamberti', 'Museo Conte', 'Museo Radio']",Tomba Giulietta,strategy_nearest,False,0.0024111270904541016,success
046290429C4C80,2,['Casa Giulietta'],Torre Lamberti,"['Sighseeing', 'Centro Fotografia', 'Museo Conte', 'Palazzo della Ragione', 'AMO']",Santa Anastasia,strategy_nearest,False,0.0022079944610595703,success
0462A04A9C4C80,1,"['Arena', 'Casa Giulietta']",Torre Lamberti,"['Sighseeing', 'Centro Fotografia', 'Museo Conte', 'Palazzo della Ragione', 'AMO']",Palazzo della Ragione,strategy_nearest,True,0.0013518333435058594,success
04629F429C4C80,0,['Arena'],San Zeno,"['Castelvecchio', 'Verona Tour', 'Museo Lapidario', 'Museo Miniscalchi', 'Sighseeing']",Castelvecchio,strategy_nearest,True,0.0022721290588378906,success
046299429C4C80,0,['Duomo'],Castelvecchio,"['Museo Lapidario', 'Verona Tour', 'Arena', 'Museo Radio', 'San Zeno']",Arena,strategy_nearest,True,0.003495931625366211,success
0462AC429C4C80,0,['Arena'],Duomo,"['AMO', 'Museo Miniscalchi', 'Santa Anastasia', 'Teatro Romano', 'Palazzo della Ragione']",Teatro Romano,strategy_nearest,True,0.003020048141479492,success
0462AF429C4C80,0,['Arena'],Casa Giulietta,"['Centro Fotografia', 'Sighseeing', 'Torre Lamberti', 'Museo Conte', 'Museo Radio']",Teatro Romano,strategy_nearest,False,0.001931905746459961,success
0462AE3A9C4C80,0,['Arena'],Castelvecchio,"['Museo Lapidario', 'Verona Tour', 'Museo Radio', 'San Zeno', 'Sighseeing']",Casa Giulietta,strategy_nearest,False,0.0019350051879882812,success
0462B1429C4C80,0,"['Arena', 'Casa Giulietta']",Torre Lamberti,"['Sighseeing', 'Centro Fotografia', 'Museo Conte', 'Palazzo della Ragione', 'AMO']",Duomo,strategy_nearest,False,0.0031690597534179688,success
0462B0429C4C80,0,['Castelvecchio'],Arena,"['Verona Tour', 'Museo Lapidario', 'Museo Radio', 'San Fermo', 'Casa Giulietta']",Casa Giulietta,strategy_nearest,True,0.002747774124145508,success
0462BC3A9C4C80,3,['Arena'],Duomo,"['AMO', 'Museo Miniscalchi', 'Santa Anastasia', 'Teatro Romano', 'Palazzo della Ragione']",Santa Anastasia,strategy_nearest,True,0.003271818161010742,success
0462B3429C4C80,1,['Arena'],Casa Giulietta,"['Centro Fotografia', 'Sighseeing', 'Torre Lamberti', 'Museo Conte', 'Museo Radio']",Torre Lamberti,strategy_nearest,True,0.0022568702697753906,success
0462BB3A9C4C80,3,['Arena'],Duomo,"['AMO', 'Museo Miniscalchi', 'Santa Anastasia', 'Teatro Romano', 'Palazzo della Ragione']",Teatro Romano,strategy_nearest,True,0.0014650821685791016,success
0462BF3A9C4C80,0,['Casa Giulietta'],Arena,"['Verona Tour', 'Museo Lapidario', 'Museo Radio', 'San Fermo', 'Sighseeing']",Castelvecchio,strategy_nearest,False,0.0025861263275146484,success
0462C23A9C4C80,0,['Arena'],Torre Lamberti,"['Sighseeing', 'Centro Fotografia', 'Museo Conte', 'Casa Giulietta', 'Palazzo della Ragione']",Casa Giulietta,strategy_nearest,True,0.0015149116516113281,success
0462C13A9C4C80,0,"['Castelvecchio', 'Casa Giulietta']",Teatro Romano,"['Santa Anastasia', 'Duomo', 'AMO', 'Palazzo della Ragione', 'Museo Conte']",Duomo,strategy_nearest,True,0.0029370784759521484,success
0462C83A9C4C80,3,"['Torre Lamberti', 'Santa Anastasia']",Castelvecchio,"['Museo Lapidario', 'Verona Tour', 'Arena', 'Museo Radio', 'San Zeno']",Casa Giulietta,strategy_nearest,False,0.002231121063232422,success
0462C9429C4C80,2,['Duomo'],Casa Giulietta,"['Centro Fotografia', 'Sighseeing', 'Torre Lamberti', 'Museo Conte', 'Museo Radio']",San Fermo,strategy_nearest,False,0.0032460689544677734,success
0462CE429C4C80,3,"['Castelvecchio', 'San Zeno']",Arena,"['Verona Tour', 'Museo Lapidario', 'Museo Radio', 'San Fermo', 'Casa Giulietta']",Santa Anastasia,strategy_nearest,False,0.002399921417236328,success
0462D83A9C4C80,3,"['Casa Giulietta', 'Torre Lamberti', 'Arena', 'Castelvecchio', 'Tomba Giulietta']",San Fermo,"['Museo Storia', 'Museo Radio', 'Centro Fotografia', 'Sighseeing', 'Museo Conte']",San Zeno,strategy_nearest,False,0.002003908157348633,success
0462E3429C4C80,0,['Arena'],San Zeno,"['Castelvecchio', 'Verona Tour', 'Museo Lapidario', 'Museo Miniscalchi', 'Sighseeing']",Castelvecchio,strategy_nearest,True,0.002613067626953125,success
0462E7429C4C80,3,"['Arena', 'Museo Lapidario', 'Tomba Giulietta', 'San Fermo']",Casa Giulietta,"['Centro Fotografia', 'Sighseeing', 'Torre Lamberti', 'Museo Conte', 'Museo Radio']",Castelvecchio,strategy_nearest,False,0.003049135208129883,success
0462EC3A9C4C80,3,['Arena'],Casa Giulietta,"['Centro Fotografia', 'Sighseeing', 'Torre Lamberti', 'Museo Conte', 'Museo Radio']",Santa Anastasia,strategy_nearest,False,0.0015609264373779297,success
0462F93A9C4C80,3,"['Arena', 'Casa Giulietta']",Museo Lapidario,"['Verona Tour', 'Castelvecchio', 'Museo Radio', 'San Fermo', 'Tomba Giulietta']",Tomba Giulietta,strategy_nearest,True,0.0019741058349609375,success
0462EE429C4C80,1,"['Castelvecchio', 'Arena', 'Museo Lapidario', 'Tomba Giulietta']",Museo Storia,"['San Fermo', 'Museo Radio', 'Casa Giulietta', 'Centro Fotografia', 'Torre Lamberti']",San Fermo,strategy_nearest,True,0.003184080123901367,success
0462FF3A9C4C80,0,['Arena'],San Zeno,"['Castelvecchio', 'Verona Tour', 'Museo Lapidario', 'Museo Miniscalchi', 'Sighseeing']",Casa Giulietta,strategy_nearest,False,0.0018737316131591797,success
0463013A9C4C84,3,"['Duomo', 'Santa Anastasia', 'Torre Lamberti']",Casa Giulietta,"['Centro Fotografia', 'Sighseeing', 'Museo Conte', 'Museo Radio', 'Palazzo della Ragione']",Giardino Giusti,strategy_nearest,False,0.002959728240966797,success
0463053A9C4C84,0,['Arena'],Torre Lamberti,"['Sighseeing', 'Centro Fotografia', 'Museo Conte', 'Casa Giulietta', 'Palazzo della Ragione']",Casa Giulietta,strategy_nearest,True,0.0017600059509277344,success
04630A429C4C84,0,['Arena'],Casa Giulietta,"['Centro Fotografia', 'Sighseeing', 'Torre Lamberti', 'Museo Conte', 'Museo Radio']",Duomo,strategy_nearest,False,0.0024230480194091797,success
0463153A9C4C84,3,"['Arena', 'Torre Lamberti']",Santa Anastasia,"['AMO', 'Museo Conte', 'Palazzo della Ragione', 'Teatro Romano', 'Centro Fotografia']",Duomo,strategy_nearest,False,0.0023229122161865234,success
04630C3A9C4C84,3,"['Arena', 'Castelvecchio']",Duomo,"['AMO', 'Museo Miniscalchi', 'Santa Anastasia', 'Teatro Romano', 'Palazzo della Ragione']",Santa Anastasia,strategy_nearest,True,0.0018832683563232422,success
046316429C4C80,1,['Castelvecchio'],San Zeno,"['Verona Tour', 'Museo Lapidario', 'Arena', 'Museo Miniscalchi', 'Sighseeing']",Palazzo della Ragione,strategy_nearest,False,0.002421855926513672,success
046316429C4C84,0,['Arena'],Casa Giulietta,"['Centro Fotografia', 'Sighseeing', 'Torre Lamberti', 'Museo Conte', 'Museo Radio']",Torre Lamberti,strategy_nearest,True,0.0018301010131835938,success
0463193A9C4C84,0,['Arena'],Castelvecchio,"['Museo Lapidario', 'Verona Tour', 'Museo Radio', 'San Zeno', 'Sighseeing']",Tomba Giulietta,strategy_nearest,False,0.0025370121002197266,success
04631C429C4C84,2,"['Casa Giulietta', 'Torre Lamberti', 'Palazzo della Ragione']",Duomo,"['AMO', 'Museo Miniscalchi', 'Santa Anastasia', 'Teatro Romano', 'Museo Conte']",Teatro Romano,strategy_nearest,True,0.003091096878051758,success
04631D429C4C80,1,"['Arena', 'Casa Giulietta']",Torre Lamberti,"['Sighseeing', 'Centro Fotografia', 'Museo Conte', 'Palazzo della Ragione', 'AMO']",Palazzo della Ragione,strategy_nearest,True,0.0031080245971679688,success
04631F3A9C4C84,0,['Arena'],Casa Giulietta,"['Centro Fotografia', 'Sighseeing', 'Torre Lamberti', 'Museo Conte', 'Museo Radio']",Teatro Romano,strategy_nearest,False,0.002869129180908203,success
046330429C4C80,2,"['Teatro Romano', 'Santa Anastasia']",Torre Lamberti,"['Sighseeing', 'Centro Fotografia', 'Museo Conte', 'Casa Giulietta', 'Palazzo della Ragione']",Casa Giulietta,strategy_nearest,True,0.0025899410247802734,success
0463223A9C4C84,3,"['Castelvecchio', 'Arena']",Santa Anastasia,"['AMO', 'Museo Conte', 'Palazzo della Ragione', 'Teatro Romano', 'Centro Fotografia']",Duomo,strategy_nearest,False,0.0025780200958251953,success
0463374A9C4C80,1,"['Castelvecchio', 'Casa Giulietta', 'Arena', 'Torre Lamberti']",Palazzo della Ragione,"['AMO', 'Museo Conte', 'Centro Fotografia', 'Sighseeing', 'Santa Anastasia']",Duomo,strategy_nearest,False,0.003284931182861328,success
04633D4A9C4C80,1,"['Arena', 'Museo Lapidario']",Duomo,"['AMO', 'Museo Miniscalchi', 'Santa Anastasia', 'Teatro Romano', 'Palazzo della Ragione']",Torre Lamberti,strategy_nearest,False,0.0019049644470214844,success
04633B4A9C4C80,3,"['Casa Giulietta', 'Arena', 'Castelvecchio', 'Torre Lamberti']",San Zeno,"['Verona Tour', 'Museo Lapidario', 'Museo Miniscalchi', 'Sighseeing', 'Museo Radio']",Santa Anastasia,strategy_nearest,False,0.0031561851501464844,success
04633E3A9C4C80,0,['Arena'],Casa Giulietta,"['Centro Fotografia', 'Sighseeing', 'Torre Lamberti', 'Museo Conte', 'Museo Radio']",Palazzo della Ragione,strategy_nearest,False,0.0033690929412841797,success
04634B429C4C80,1,"['Arena', 'Museo Lapidario', 'Castelvecchio']",Torre Lamberti,"['Sighseeing', 'Centro Fotografia', 'Museo Conte', 'Casa Giulietta', 'Palazzo della Ragione']",Palazzo della Ragione,strategy_nearest,True,0.0019330978393554688,success
0463403A9C4C80,0,"['Arena', 'Casa Giulietta']",San Fermo,"['Museo Storia', 'Museo Radio', 'Centro Fotografia', 'Sighseeing', 'Torre Lamberti']",Torre Lamberti,strategy_nearest,True,0.00261688232421875,success
04634F429C4C80,3,"['Arena', 'Santa Anastasia']",Castelvecchio,"['Museo Lapidario', 'Verona Tour', 'Museo Radio', 'San Zeno', 'Sighseeing']",San Zeno,strategy_nearest,True,0.0034301280975341797,success
0463533A9C4C80,0,['San Zeno'],Arena,"['Verona Tour', 'Museo Lapidario', 'Museo Radio', 'San Fermo', 'Casa Giulietta']",San Fermo,strategy_nearest,True,0.0025119781494140625,success
046355429C4C80,1,['Arena'],Casa Giulietta,"['Centro Fotografia', 'Sighseeing', 'Torre Lamberti', 'Museo Conte', 'Museo Radio']",Torre Lamberti,strategy_nearest,True,0.002499818801879883,success
04635A429C4C80,0,['Arena'],Casa Giulietta,"['Centro Fotografia', 'Sighseeing', 'Torre Lamberti', 'Museo Conte', 'Museo Radio']",Castelvecchio,strategy_nearest,False,0.002889871597290039,success
046366429C4C80,0,['Arena'],Casa Giulietta,"['Centro Fotografia', 'Sighseeing', 'Torre Lamberti', 'Museo Conte', 'Museo Radio']",Castelvecchio,strategy_nearest,False,0.002630949020385742,success
04636B429C4C80,1,['Arena'],Palazzo della Ragione,"['AMO', 'Museo Conte', 'Torre Lamberti', 'Centro Fotografia', 'Sighseeing']",Torre Lamberti,strategy_nearest,True,0.0027379989624023438,success
04636E429C4C80,2,['San Zeno'],Castelvecchio,"['Museo Lapidario', 'Verona Tour', 'Arena', 'Museo Radio', 'Sighseeing']",Santa Anastasia,strategy_nearest,False,0.002938985824584961,success
04636C429C4C80,0,['Arena'],Casa Giulietta,"['Centro Fotografia', 'Sighseeing', 'Torre Lamberti', 'Museo Conte', 'Museo Radio']",Castelvecchio,strategy_nearest,False,0.004006862640380859,success
046373429C4C80,0,"['Casa Giulietta', 'Arena']",Torre Lamberti,"['Sighseeing', 'Centro Fotografia', 'Museo Conte', 'Palazzo della Ragione', 'AMO']",Teatro Romano,strategy_nearest,False,0.002568960189819336,success
0463723A9C4C80,3,"['Tomba Giulietta', 'Arena', 'Casa Giulietta']",Torre Lamberti,"['Sighseeing', 'Centro Fotografia', 'Museo Conte', 'Palazzo della Ragione', 'AMO']",Santa Anastasia,strategy_nearest,False,0.0037069320678710938,success
0463783A9C4C80,1,"['Arena', 'Torre Lamberti']",Palazzo della Ragione,"['AMO', 'Museo Conte', 'Centro Fotografia', 'Sighseeing', 'Santa Anastasia']",Casa Giulietta,strategy_nearest,False,0.0028252601623535156,success
04637F4A9C4C80,0,['Arena'],Castelvecchio,"['Museo Lapidario', 'Verona Tour', 'Museo Radio', 'San Zeno', 'Sighseeing']",Casa Giulietta,strategy_nearest,False,0.002566099166870117,success
046385429C4C80,3,"['Arena', 'Castelvecchio']",Torre Lamberti,"['Sighseeing', 'Centro Fotografia', 'Museo Conte', 'Casa Giulietta', 'Palazzo della Ragione']",Duomo,strategy_nearest,False,0.0027420520782470703,success
046387429C4C80,3,"['Castelvecchio', 'Santa Anastasia']",Casa Giulietta,"['Centro Fotografia', 'Sighseeing', 'Torre Lamberti', 'Museo Conte', 'Museo Radio']",Torre Lamberti,strategy_nearest,True,0.0030562877655029297,success
0463883A9C4C80,3,"['Arena', 'Tomba Giulietta']",Santa Anastasia,"['AMO', 'Museo Conte', 'Palazzo della Ragione', 'Teatro Romano', 'Centro Fotografia']",Duomo,strategy_nearest,False,0.0034401416778564453,success
046389429C4C80,3,"['Arena', 'Tomba Giulietta']",Casa Giulietta,"['Centro Fotografia', 'Sighseeing', 'Torre Lamberti', 'Museo Conte', 'Museo Radio']",Torre Lamberti,strategy_nearest,True,0.003184795379638672,success
0463894A9C4C80,0,['Arena'],Castelvecchio,"['Museo Lapidario', 'Verona Tour', 'Museo Radio', 'San Zeno', 'Sighseeing']",Casa Giulietta,strategy_nearest,False,0.002872943878173828,success
04638B3A9C4C80,0,['Arena'],Casa Giulietta,"['Centro Fotografia', 'Sighseeing', 'Torre Lamberti', 'Museo Conte', 'Museo Radio']",Torre Lamberti,strategy_nearest,True,0.002537965774536133,success
04638E429C4C80,3,"['Arena', 'Casa Giulietta']",Teatro Romano,"['Santa Anastasia', 'Duomo', 'AMO', 'Palazzo della Ragione', 'Museo Conte']",Duomo,strategy_nearest,True,0.002666950225830078,success
046390429C4C80,0,['Arena'],Torre Lamberti,"['Sighseeing', 'Centro Fotografia', 'Museo Conte', 'Casa Giulietta', 'Palazzo della Ragione']",Casa Giulietta,strategy_nearest,True,0.0030930042266845703,success
0463A54A9C4C80,3,"['Duomo', 'Santa Anastasia']",Torre Lamberti,"['Sighseeing', 'Centro Fotografia', 'Museo Conte', 'Casa Giulietta', 'Palazzo della Ragione']",Casa Giulietta,strategy_nearest,True,0.002471923828125,success
0463A04A9C4C80,2,"['Teatro Romano', 'Duomo']",Santa Anastasia,"['AMO', 'Museo Conte', 'Palazzo della Ragione', 'Centro Fotografia', 'Torre Lamberti']",Castelvecchio,strategy_nearest,False,0.00226593017578125,success
0463A24A9C4C80,1,"['Arena', 'San Zeno']",Palazzo della Ragione,"['AMO', 'Museo Conte', 'Torre Lamberti', 'Centro Fotografia', 'Sighseeing']",Santa Anastasia,strategy_nearest,False,0.0025238990783691406,success
0463A84A9C4C80,0,['Arena'],Museo Lapidario,"['Verona Tour', 'Castelvecchio', 'Museo Radio', 'San Fermo', 'Casa Giulietta']",Castelvecchio,strategy_nearest,True,0.003410816192626953,success
0463A9429C4C80,3,"['Castelvecchio', 'Duomo']",Torre Lamberti,"['Sighseeing', 'Centro Fotografia', 'Museo Conte', 'Casa Giulietta', 'Palazzo della Ragione']",Casa Giulietta,strategy_nearest,True,0.0014891624450683594,success
0463AB429C4C80,0,"['Casa Giulietta', 'Torre Lamberti']",Castelvecchio,"['Museo Lapidario', 'Verona Tour', 'Arena', 'Museo Radio', 'San Zeno']",Arena,strategy_nearest,True,0.0029489994049072266,success
0463AA3A9C4C80,0,['Arena'],Casa Giulietta,"['Centro Fotografia', 'Sighseeing', 'Torre Lamberti', 'Museo Conte', 'Museo Radio']",Torre Lamberti,strategy_nearest,True,0.0025980472564697266,success
0463B4429C4C80,1,"['Casa Giulietta', 'Torre Lamberti']",Palazzo della Ragione,"['AMO', 'Museo Conte', 'Centro Fotografia', 'Sighseeing', 'Santa Anastasia']",Teatro Romano,strategy_nearest,False,0.0015149116516113281,success
0463AF429C4C80,0,['Arena'],Casa Giulietta,"['Centro Fotografia', 'Sighseeing', 'Torre Lamberti', 'Museo Conte', 'Museo Radio']",Teatro Romano,strategy_nearest,False,0.0040247440338134766,success
0463B63A9C4C80,0,"['Arena', 'Museo Lapidario']",Castelvecchio,"['Verona Tour', 'Museo Radio', 'San Zeno', 'Sighseeing', 'Museo Miniscalchi']",Casa Giulietta,strategy_nearest,False,0.002045154571533203,success
0463B2429C4C80,1,"['Arena', 'Torre Lamberti']",Palazzo della Ragione,"['AMO', 'Museo Conte', 'Centro Fotografia', 'Sighseeing', 'Santa Anastasia']",Santa Anastasia,strategy_nearest,True,0.0027990341186523438,success
0463BC429C4C80,1,"['Torre Lamberti', 'Palazzo della Ragione']",Teatro Romano,"['Santa Anastasia', 'Duomo', 'AMO', 'Museo Conte', 'Centro Fotografia']",Arena,strategy_nearest,False,0.0015201568603515625,success
0463C63A9C4C80,2,['Torre Lamberti'],Casa Giulietta,"['Centro Fotografia', 'Sighseeing', 'Museo Conte', 'Museo Radio', 'Palazzo della Ragione']",Giardino Giusti,strategy_nearest,False,0.0019562244415283203,success
0463BB3A9C4C80,3,"['Arena', 'Torre Lamberti']",Casa Giulietta,"['Centro Fotografia', 'Sighseeing', 'Museo Conte', 'Museo Radio', 'Palazzo della Ragione']",Santa Anastasia,strategy_nearest,False,0.002727031707763672,success
0463C43A9C4C80,3,"['Santa Anastasia', 'Casa Giulietta', 'Giardino Giusti']",Arena,"['Verona Tour', 'Museo Lapidario', 'Museo Radio', 'San Fermo', 'Sighseeing']",Duomo,strategy_nearest,False,0.0031270980834960938,success
0463C9429C4C80,3,"['Castelvecchio', 'Arena']",Casa Giulietta,"['Centro Fotografia', 'Sighseeing', 'Torre Lamberti', 'Museo Conte', 'Museo Radio']",Santa Anastasia,strategy_nearest,False,0.0013799667358398438,success
0463C83A9C4C80,3,"['San Zeno', 'Castelvecchio', 'Arena']",Torre Lamberti,"['Sighseeing', 'Centro Fotografia', 'Museo Conte', 'Casa Giulietta', 'Palazzo della Ragione']",Santa Anastasia,strategy_nearest,False,0.0027408599853515625,success
0463DA3A9C4C80,0,['Castelvecchio'],Casa Giulietta,"['Centro Fotografia', 'Sighseeing', 'Torre Lamberti', 'Museo Conte', 'Museo Radio']",Teatro Romano,strategy_nearest,False,0.0030889511108398438,success
0463D83A9C4C80,3,"['Tomba Giulietta', 'San Fermo', 'Casa Giulietta']",Torre Lamberti,"['Sighseeing', 'Centro Fotografia', 'Museo Conte', 'Palazzo della Ragione', 'AMO']",Santa Anastasia,strategy_nearest,False,0.0019838809967041016,success
0463F03A9C4C80,0,['Arena'],Torre Lamberti,"['Sighseeing', 'Centro Fotografia', 'Museo Conte', 'Casa Giulietta', 'Palazzo della Ragione']",San Fermo,strategy_nearest,False,0.0019059181213378906,success
0463E0429C4C80,3,"['Casa Giulietta', 'Arena', 'San Zeno']",Giardino Giusti,"['Santa Anastasia', 'Teatro Romano', 'Museo Conte', 'Centro Fotografia', 'Museo Storia']",Teatro Romano,strategy_nearest,True,0.0014529228210449219,success
0463EF3A9C4C80,0,['Arena'],Casa Giulietta,"['Centro Fotografia', 'Sighseeing', 'Torre Lamberti', 'Museo Conte', 'Museo Radio']",Tomba Giulietta,strategy_nearest,False,0.002613067626953125,success
0463F33A9C4C80,1,"['Arena', 'Casa Giulietta', 'Palazzo della Ragione']",Torre Lamberti,"['Sighseeing', 'Centro Fotografia', 'Museo Conte', 'AMO', 'Museo Miniscalchi']",Santa Anastasia,strategy_nearest,False,0.003350973129272461,success
04640E3A9C4C84,3,"['Arena', 'Tomba Giulietta']",Santa Anastasia,"['AMO', 'Museo Conte', 'Palazzo della Ragione', 'Teatro Romano', 'Centro Fotografia']",Duomo,strategy_nearest,False,0.0024330615997314453,success
04640B3A9C4C84,3,"['Museo Lapidario', 'Arena', 'Santa Anastasia']",Castelvecchio,"['Verona Tour', 'Museo Radio', 'San Zeno', 'Sighseeing', 'Museo Miniscalchi']",Torre Lamberti,strategy_nearest,False,0.0030541419982910156,success
0464093A9C4C84,3,"['Arena', 'Casa Giulietta']",Torre Lamberti,"['Sighseeing', 'Centro Fotografia', 'Museo Conte', 'Palazzo della Ragione', 'AMO']",Santa Anastasia,strategy_nearest,False,0.0020520687103271484,success
046414429C4C84,0,['Arena'],Torre Lamberti,"['Sighseeing', 'Centro Fotografia', 'Museo Conte', 'Casa Giulietta', 'Palazzo della Ragione']",Casa Giulietta,strategy_nearest,True,0.0030078887939453125,success
0464163A9C4C84,2,['Castelvecchio'],Giardino Giusti,"['Santa Anastasia', 'Teatro Romano', 'Museo Conte', 'Centro Fotografia', 'Museo Storia']",Teatro Romano,strategy_nearest,True,0.002042055130004883,success
046420429C4C80,1,"['Arena', 'Museo Lapidario', 'San Fermo']",Casa Giulietta,"['Centro Fotografia', 'Sighseeing', 'Torre Lamberti', 'Museo Conte', 'Museo Radio']",Palazzo della Ragione,strategy_nearest,False,0.0023539066314697266,success
0464253A9C4C80,1,"['Castelvecchio', 'Arena', 'Tomba Giulietta', 'San Fermo']",Casa Giulietta,"['Centro Fotografia', 'Sighseeing', 'Torre Lamberti', 'Museo Conte', 'Museo Radio']",Teatro Romano,strategy_nearest,False,0.003330707550048828,success
046427429C4C80,2,['Museo Lapidario'],Castelvecchio,"['Verona Tour', 'Arena', 'Museo Radio', 'San Zeno', 'Sighseeing']",San Zeno,strategy_nearest,True,0.0019969940185546875,success
04642B429C4C80,0,['Arena'],Casa Giulietta,"['Centro Fotografia', 'Sighseeing', 'Torre Lamberti', 'Museo Conte', 'Museo Radio']",Teatro Romano,strategy_nearest,False,0.0025398731231689453,success
046445429C4C80,0,['Arena'],Castelvecchio,"['Museo Lapidario', 'Verona Tour', 'Museo Radio', 'San Zeno', 'Sighseeing']",Museo Lapidario,strategy_nearest,True,0.0026030540466308594,success
046433429C4C80,0,['Arena'],Casa Giulietta,"['Centro Fotografia', 'Sighseeing', 'Torre Lamberti', 'Museo Conte', 'Museo Radio']",Santa Anastasia,strategy_nearest,False,0.0031599998474121094,success
0464533A9C4C80,3,"['Arena', 'Casa Giulietta']",Santa Anastasia,"['AMO', 'Museo Conte', 'Palazzo della Ragione', 'Teatro Romano', 'Centro Fotografia']",Duomo,strategy_nearest,False,0.002680063247680664,success
046454429C4C80,1,['Castelvecchio'],San Zeno,"['Verona Tour', 'Museo Lapidario', 'Arena', 'Museo Miniscalchi', 'Sighseeing']",Palazzo della Ragione,strategy_nearest,False,0.003215789794921875,success
0464553A9C4C80,0,"['Arena', 'Torre Lamberti']",Casa Giulietta,"['Centro Fotografia', 'Sighseeing', 'Museo Conte', 'Museo Radio', 'Palazzo della Ragione']",Duomo,strategy_nearest,False,0.0022110939025878906,success
0464783A9C4C80,3,"['Arena', 'Santa Anastasia']",Duomo,"['AMO', 'Museo Miniscalchi', 'Teatro Romano', 'Palazzo della Ragione', 'Museo Conte']",Teatro Romano,strategy_nearest,True,0.0014798641204833984,success
0464793A9C4C80,2,['Duomo'],Castelvecchio,"['Museo Lapidario', 'Verona Tour', 'Arena', 'Museo Radio', 'San Zeno']",San Zeno,strategy_nearest,True,0.0020592212677001953,success
046471429C4C80,2,"['Casa Giulietta', 'San Fermo', 'Museo Lapidario']",Castelvecchio,"['Verona Tour', 'Arena', 'Museo Radio', 'San Zeno', 'Sighseeing']",Torre Lamberti,strategy_nearest,False,0.003329038619995117,success
04647A3A9C4C80,3,['Arena'],Santa Anastasia,"['AMO', 'Museo Conte', 'Palazzo della Ragione', 'Teatro Romano', 'Centro Fotografia']",Duomo,strategy_nearest,False,0.0030982494354248047,success
04647B4A9C4C80,2,['Torre Lamberti'],Palazzo della Ragione,"['AMO', 'Museo Conte', 'Centro Fotografia', 'Sighseeing', 'Santa Anastasia']",Santa Anastasia,strategy_nearest,True,0.0013911724090576172,success
04647D4A9C4C80,3,"['Arena', 'San Zeno']",Santa Anastasia,"['AMO', 'Museo Conte', 'Palazzo della Ragione', 'Teatro Romano', 'Centro Fotografia']",Duomo,strategy_nearest,False,0.002125978469848633,success
046483429C4C80,0,['Arena'],Casa Giulietta,"['Centro Fotografia', 'Sighseeing', 'Torre Lamberti', 'Museo Conte', 'Museo Radio']",Torre Lamberti,strategy_nearest,True,0.002630949020385742,success
046482429C4C80,0,['Arena'],Casa Giulietta,"['Centro Fotografia', 'Sighseeing', 'Torre Lamberti', 'Museo Conte', 'Museo Radio']",Duomo,strategy_nearest,False,0.003282785415649414,success
04648B429C4C80,0,['Arena'],Casa Giulietta,"['Centro Fotografia', 'Sighseeing', 'Torre Lamberti', 'Museo Conte', 'Museo Radio']",Torre Lamberti,strategy_nearest,True,0.0026807785034179688,success
0464A64A9C4C80,3,"['Arena', 'Casa Giulietta']",Torre Lamberti,"['Sighseeing', 'Centro Fotografia', 'Museo Conte', 'Palazzo della Ragione', 'AMO']",Santa Anastasia,strategy_nearest,False,0.0024878978729248047,success
04648C429C4C80,0,['Arena'],Santa Anastasia,"['AMO', 'Museo Conte', 'Palazzo della Ragione', 'Teatro Romano', 'Centro Fotografia']",Casa Giulietta,strategy_nearest,False,0.0022220611572265625,success
04648F429C4C80,0,['Arena'],Casa Giulietta,"['Centro Fotografia', 'Sighseeing', 'Torre Lamberti', 'Museo Conte', 'Museo Radio']",Torre Lamberti,strategy_nearest,True,0.0036509037017822266,success
0464A84A9C4C80,0,['Arena'],Casa Giulietta,"['Centro Fotografia', 'Sighseeing', 'Torre Lamberti', 'Museo Conte', 'Museo Radio']",Torre Lamberti,strategy_nearest,True,0.001971006393432617,success
0464B0429C4C80,2,['Casa Giulietta'],Santa Anastasia,"['AMO', 'Museo Conte', 'Palazzo della Ragione', 'Teatro Romano', 'Centro Fotografia']",Teatro Romano,strategy_nearest,True,0.002923727035522461,success
0464BD3A9C4C80,3,"['Arena', 'Torre Lamberti']",Santa Anastasia,"['AMO', 'Museo Conte', 'Palazzo della Ragione', 'Teatro Romano', 'Centro Fotografia']",Casa Giulietta,strategy_nearest,False,0.0045320987701416016,success
0464B8429C4C80,0,"['Arena', 'Casa Giulietta']",Torre Lamberti,"['Sighseeing', 'Centro Fotografia', 'Museo Conte', 'Palazzo della Ragione', 'AMO']",Duomo,strategy_nearest,False,0.004186868667602539,success
0464B3429C4C80,1,['Arena'],Museo Lapidario,"['Verona Tour', 'Castelvecchio', 'Museo Radio', 'San Fermo', 'Casa Giulietta']",Casa Giulietta,strategy_nearest,True,0.0038290023803710938,success
0464B93A9C4C80,2,"['Casa Giulietta', 'San Fermo']",Torre Lamberti,"['Sighseeing', 'Centro Fotografia', 'Museo Conte', 'Palazzo della Ragione', 'AMO']",Santa Anastasia,strategy_nearest,False,0.0018558502197265625,success
0464CC3A9C4C80,0,['Arena'],Casa Giulietta,"['Centro Fotografia', 'Sighseeing', 'Torre Lamberti', 'Museo Conte', 'Museo Radio']",Castelvecchio,strategy_nearest,False,0.0036847591400146484,success
0464C93A9C4C80,0,['Arena'],Torre Lamberti,"['Sighseeing', 'Centro Fotografia', 'Museo Conte', 'Casa Giulietta', 'Palazzo della Ragione']",Duomo,strategy_nearest,False,0.002357006072998047,success
0464C13A9C4C80,3,['Arena'],Torre Lamberti,"['Sighseeing', 'Centro Fotografia', 'Museo Conte', 'Casa Giulietta', 'Palazzo della Ragione']",Santa Anastasia,strategy_nearest,False,0.003328084945678711,success
0464C1429C4C80,1,"['Teatro Romano', 'Santa Anastasia', 'Casa Giulietta']",Palazzo della Ragione,"['AMO', 'Museo Conte', 'Torre Lamberti', 'Centro Fotografia', 'Sighseeing']",Arena,strategy_nearest,False,0.001519918441772461,success
0464D03A9C4C80,3,['Teatro Romano'],Santa Anastasia,"['AMO', 'Museo Conte', 'Palazzo della Ragione', 'Centro Fotografia', 'Duomo']",Casa Giulietta,strategy_nearest,False,0.0017518997192382812,success
0464CE429C4C80,1,"['Casa Giulietta', 'Palazzo della Ragione', 'Torre Lamberti', 'Tomba Giulietta']",Arena,"['Verona Tour', 'Museo Lapidario', 'Museo Radio', 'San Fermo', 'Sighseeing']",Castelvecchio,strategy_nearest,False,0.0030851364135742188,success
0464D83A9C4C80,1,"['Casa Giulietta', 'Arena', 'Museo Lapidario']",Castelvecchio,"['Verona Tour', 'Museo Radio', 'San Zeno', 'Sighseeing', 'Museo Miniscalchi']",Teatro Romano,strategy_nearest,False,0.004422187805175781,success
0464D53A9C4C80,1,['Arena'],Torre Lamberti,"['Sighseeing', 'Centro Fotografia', 'Museo Conte', 'Casa Giulietta', 'Palazzo della Ragione']",Palazzo della Ragione,strategy_nearest,True,0.0035669803619384766,success
0464E63A9C4C80,3,"['Arena', 'Torre Lamberti']",Santa Anastasia,"['AMO', 'Museo Conte', 'Palazzo della Ragione', 'Teatro Romano', 'Centro Fotografia']",Duomo,strategy_nearest,False,0.002560853958129883,success
0464EE429C4C80,3,"['Arena', 'Teatro Romano']",Castelvecchio,"['Museo Lapidario', 'Verona Tour', 'Museo Radio', 'San Zeno', 'Sighseeing']",Museo Lapidario,strategy_nearest,True,0.0031158924102783203,success
0464EE3A9C4C80,0,['Arena'],Casa Giulietta,"['Centro Fotografia', 'Sighseeing', 'Torre Lamberti', 'Museo Conte', 'Museo Radio']",Torre Lamberti,strategy_nearest,True,0.0025560855865478516,success
0464F83A9C4C80,0,"['Arena', 'Casa Giulietta']",Torre Lamberti,"['Sighseeing', 'Centro Fotografia', 'Museo Conte', 'Palazzo della Ragione', 'AMO']",Giardino Giusti,strategy_nearest,False,0.003824949264526367,success
0464FA3A9C4C80,0,['Arena'],Teatro Romano,"['Santa Anastasia', 'Duomo', 'AMO', 'Palazzo della Ragione', 'Museo Conte']",Castelvecchio,strategy_nearest,False,0.002146005630493164,success
04650F3A9C4C84,3,['Santa Anastasia'],Arena,"['Verona Tour', 'Museo Lapidario', 'Museo Radio', 'San Fermo', 'Casa Giulietta']",Torre Lamberti,strategy_nearest,False,0.002543210983276367,success
046514429C4C84,0,['Arena'],Castelvecchio,"['Museo Lapidario', 'Verona Tour', 'Museo Radio', 'San Zeno', 'Sighseeing']",Torre Lamberti,strategy_nearest,False,0.003113985061645508,success
0465173A9C4C80,0,['Castelvecchio'],Giardino Giusti,"['Santa Anastasia', 'Teatro Romano', 'Museo Conte', 'Centro Fotografia', 'Museo Storia']",Casa Giulietta,strategy_nearest,False,0.0029850006103515625,success
046517429C4C84,3,['Teatro Romano'],Duomo,"['AMO', 'Museo Miniscalchi', 'Santa Anastasia', 'Palazzo della Ragione', 'Museo Conte']",Torre Lamberti,strategy_nearest,False,0.0027997493743896484,success
0465243A9C4C84,0,['Arena'],Casa Giulietta,"['Centro Fotografia', 'Sighseeing', 'Torre Lamberti', 'Museo Conte', 'Museo Radio']",Teatro Romano,strategy_nearest,False,0.0024662017822265625,success
0465223A9C4C80,0,['Casa Giulietta'],Arena,"['Verona Tour', 'Museo Lapidario', 'Museo Radio', 'San Fermo', 'Sighseeing']",Castelvecchio,strategy_nearest,False,0.0027909278869628906,success
0465373A9C4C80,3,"['Arena', 'Castelvecchio']",San Zeno,"['Verona Tour', 'Museo Lapidario', 'Museo Miniscalchi', 'Sighseeing', 'Museo Radio']",Duomo,strategy_nearest,False,0.002065896987915039,success
04652B429C4C80,0,['Arena'],Casa Giulietta,"['Centro Fotografia', 'Sighseeing', 'Torre Lamberti', 'Museo Conte', 'Museo Radio']",Teatro Romano,strategy_nearest,False,0.001856088638305664,success
046525429C4C84,2,"['Santa Anastasia', 'Casa Giulietta']",Giardino Giusti,"['Teatro Romano', 'Museo Conte', 'Centro Fotografia', 'Museo Storia', 'AMO']",Teatro Romano,strategy_nearest,True,0.0035979747772216797,success
0465403A9C4C80,0,['Arena'],Casa Giulietta,"['Centro Fotografia', 'Sighseeing', 'Torre Lamberti', 'Museo Conte', 'Museo Radio']",Teatro Romano,strategy_nearest,False,0.0025382041931152344,success
0465453A9C4C80,3,"['Torre Lamberti', 'Casa Giulietta']",Teatro Romano,"['Santa Anastasia', 'Duomo', 'AMO', 'Palazzo della Ragione', 'Museo Conte']",Duomo,strategy_nearest,True,0.002569913864135742,success
046540429C4C80,2,"['Teatro Romano', 'Giardino Giusti', 'Santa Anastasia']",Duomo,"['AMO', 'Museo Miniscalchi', 'Palazzo della Ragione', 'Museo Conte', 'Torre Lamberti']",Torre Lamberti,strategy_nearest,True,0.002008676528930664,success
04656B429C4C80,0,['Arena'],Casa Giulietta,"['Centro Fotografia', 'Sighseeing', 'Torre Lamberti', 'Museo Conte', 'Museo Radio']",San Fermo,strategy_nearest,False,0.002828836441040039,success
046571429C4C80,3,"['Arena', 'San Fermo', 'Casa Giulietta', 'Torre Lamberti']",Santa Anastasia,"['AMO', 'Museo Conte', 'Palazzo della Ragione', 'Teatro Romano', 'Centro Fotografia']",Duomo,strategy_nearest,False,0.0030891895294189453,success
0465743A9C4C80,3,['Arena'],Torre Lamberti,"['Sighseeing', 'Centro Fotografia', 'Museo Conte', 'Casa Giulietta', 'Palazzo della Ragione']",Casa Giulietta,strategy_nearest,True,0.002705097198486328,success
04657A4A9C4C80,0,['Casa Giulietta'],Arena,"['Verona Tour', 'Museo Lapidario', 'Museo Radio', 'San Fermo', 'Sighseeing']",Castelvecchio,strategy_nearest,False,0.002487659454345703,success
04657E429C4C80,3,"['Arena', 'Museo Lapidario']",Castelvecchio,"['Verona Tour', 'Museo Radio', 'San Zeno', 'Sighseeing', 'Museo Miniscalchi']",San Zeno,strategy_nearest,True,0.002576112747192383,success
04658A4A9C4C80,3,"['Arena', 'Casa Giulietta', 'Torre Lamberti']",Teatro Romano,"['Santa Anastasia', 'Duomo', 'AMO', 'Palazzo della Ragione', 'Museo Conte']",Duomo,strategy_nearest,True,0.0030107498168945312,success
0465AC3A9C4C80,1,"['Arena', 'San Fermo', 'Casa Giulietta']",Torre Lamberti,"['Sighseeing', 'Centro Fotografia', 'Museo Conte', 'Palazzo della Ragione', 'AMO']",Palazzo della Ragione,strategy_nearest,True,0.0017659664154052734,success
0465A34A9C4C80,0,['Arena'],Casa Giulietta,"['Centro Fotografia', 'Sighseeing', 'Torre Lamberti', 'Museo Conte', 'Museo Radio']",Palazzo della Ragione,strategy_nearest,False,0.0024929046630859375,success
0465AC429C4C80,0,['Arena'],Casa Giulietta,"['Centro Fotografia', 'Sighseeing', 'Torre Lamberti', 'Museo Conte', 'Museo Radio']",Torre Lamberti,strategy_nearest,True,0.002635955810546875,success
0465B0429C4C80,0,['Arena'],Castelvecchio,"['Museo Lapidario', 'Verona Tour', 'Museo Radio', 'San Zeno', 'Sighseeing']",Casa Giulietta,strategy_nearest,False,0.0025441646575927734,success
0465B4429C4C80,0,['Casa Giulietta'],Castelvecchio,"['Museo Lapidario', 'Verona Tour', 'Arena', 'Museo Radio', 'San Zeno']",Arena,strategy_nearest,True,0.002440929412841797,success
0465B1429C4C80,0,"['Castelvecchio', 'Museo Lapidario']",Arena,"['Verona Tour', 'Museo Radio', 'San Fermo', 'Casa Giulietta', 'Sighseeing']",Torre Lamberti,strategy_nearest,False,0.002892017364501953,success
0465B6429C4C80,0,['Arena'],Casa Giulietta,"['Centro Fotografia', 'Sighseeing', 'Torre Lamberti', 'Museo Conte', 'Museo Radio']",Torre Lamberti,strategy_nearest,True,0.0028281211853027344,success
0465B73A9C4C80,0,['Arena'],Casa Giulietta,"['Centro Fotografia', 'Sighseeing', 'Torre Lamberti', 'Museo Conte', 'Museo Radio']",Torre Lamberti,strategy_nearest,True,0.0035440921783447266,success
0465BC429C4C80,0,['Arena'],Torre Lamberti,"['Sighseeing', 'Centro Fotografia', 'Museo Conte', 'Casa Giulietta', 'Palazzo della Ragione']",Duomo,strategy_nearest,False,0.003823995590209961,success
0465B8429C4C80,0,['Arena'],Casa Giulietta,"['Centro Fotografia', 'Sighseeing', 'Torre Lamberti', 'Museo Conte', 'Museo Radio']",Santa Anastasia,strategy_nearest,False,0.003116130828857422,success
0465BB3A9C4C80,0,['Arena'],Duomo,"['AMO', 'Museo Miniscalchi', 'Santa Anastasia', 'Teatro Romano', 'Palazzo della Ragione']",Teatro Romano,strategy_nearest,True,0.003247976303100586,success
0465C9429C4C80,3,"['Casa Giulietta', 'San Fermo', 'Tomba Giulietta']",Arena,"['Verona Tour', 'Museo Lapidario', 'Museo Radio', 'Sighseeing', 'Castelvecchio']",Torre Lamberti,strategy_nearest,False,0.0015010833740234375,success
0465C5429C4C80,3,"['Arena', 'Torre Lamberti', 'Santa Anastasia']",Duomo,"['AMO', 'Museo Miniscalchi', 'Teatro Romano', 'Palazzo della Ragione', 'Museo Conte']",Teatro Romano,strategy_nearest,True,0.0022461414337158203,success
0465CD429C4C80,3,"['Duomo', 'Santa Anastasia', 'Torre Lamberti', 'Casa Giulietta']",San Fermo,"['Museo Storia', 'Museo Radio', 'Centro Fotografia', 'Arena', 'Sighseeing']",Tomba Giulietta,strategy_nearest,False,0.002791881561279297,success
0465CE3A9C4C80,3,"['Tomba Giulietta', 'Arena']",Torre Lamberti,"['Sighseeing', 'Centro Fotografia', 'Museo Conte', 'Casa Giulietta', 'Palazzo della Ragione']",Santa Anastasia,strategy_nearest,False,0.0033507347106933594,success
0465CF429C4C80,0,['Arena'],Castelvecchio,"['Museo Lapidario', 'Verona Tour', 'Museo Radio', 'San Zeno', 'Sighseeing']",Torre Lamberti,strategy_nearest,False,0.0020389556884765625,success
0465D53A9C4C80,0,['Arena'],Casa Giulietta,"['Centro Fotografia', 'Sighseeing', 'Torre Lamberti', 'Museo Conte', 'Museo Radio']",Teatro Romano,strategy_nearest,False,0.0020520687103271484,success
0465D93A9C4C80,0,['Arena'],Casa Giulietta,"['Centro Fotografia', 'Sighseeing', 'Torre Lamberti', 'Museo Conte', 'Museo Radio']",Casa Giulietta,strategy_nearest,False,0.002747774124145508,success
0465E5429C4C80,0,"['Arena', 'Casa Giulietta']",Torre Lamberti,"['Sighseeing', 'Centro Fotografia', 'Museo Conte', 'Palazzo della Ragione', 'AMO']",Teatro Romano,strategy_nearest,False,0.0027573108673095703,success
0465ED3A9C4C80,0,['Arena'],Casa Giulietta,"['Centro Fotografia', 'Sighseeing', 'Torre Lamberti', 'Museo Conte', 'Museo Radio']",Tomba Giulietta,strategy_nearest,False,0.0020360946655273438,success
0465F23A9C4C80,2,"['Torre Lamberti', 'Palazzo della Ragione']",Casa Giulietta,"['Centro Fotografia', 'Sighseeing', 'Museo Conte', 'Museo Radio', 'San Fermo']",Duomo,strategy_nearest,False,0.0026459693908691406,success
0465EF3A9C4C80,3,"['Duomo', 'Santa Anastasia']",Torre Lamberti,"['Sighseeing', 'Centro Fotografia', 'Museo Conte', 'Casa Giulietta', 'Palazzo della Ragione']",Arena,strategy_nearest,False,0.0021598339080810547,success
0465F6429C4C80,3,"['Casa Giulietta', 'Teatro Romano', 'Duomo']",Santa Anastasia,"['AMO', 'Museo Conte', 'Palazzo della Ragione', 'Centro Fotografia', 'Torre Lamberti']",Castelvecchio,strategy_nearest,False,0.0029740333557128906,success
0465F93A9C4C80,3,['Arena'],Casa Giulietta,"['Centro Fotografia', 'Sighseeing', 'Torre Lamberti', 'Museo Conte', 'Museo Radio']",Santa Anastasia,strategy_nearest,False,0.0017528533935546875,success
046613429C4C84,3,['Arena'],Santa Anastasia,"['AMO', 'Museo Conte', 'Palazzo della Ragione', 'Teatro Romano', 'Centro Fotografia']",Duomo,strategy_nearest,False,0.0020759105682373047,success
04660F3A9C4C84,1,"['Casa Giulietta', 'Torre Lamberti']",Palazzo della Ragione,"['AMO', 'Museo Conte', 'Centro Fotografia', 'Sighseeing', 'Santa Anastasia']",Arena,strategy_nearest,False,0.0033211708068847656,success
0466143A9C4C84,1,['Arena'],Torre Lamberti,"['Sighseeing', 'Centro Fotografia', 'Museo Conte', 'Casa Giulietta', 'Palazzo della Ragione']",Palazzo della Ragione,strategy_nearest,True,0.0023691654205322266,success
0466053A9C4C84,6,"['Arena', 'Casa Giulietta']",Torre Lamberti,"['Sighseeing', 'Centro Fotografia', 'Museo Conte', 'Palazzo della Ragione', 'AMO']",Verona Tour,strategy_nearest,False,0.002755880355834961,success
0466173A9C4C80,3,"['Castelvecchio', 'Arena', 'Tomba Giulietta']",Torre Lamberti,"['Sighseeing', 'Centro Fotografia', 'Museo Conte', 'Casa Giulietta', 'Palazzo della Ragione']",Casa Giulietta,strategy_nearest,True,0.0023851394653320312,success
046615429C4C80,0,['Castelvecchio'],Arena,"['Verona Tour', 'Museo Lapidario', 'Museo Radio', 'San Fermo', 'Casa Giulietta']",Casa Giulietta,strategy_nearest,True,0.0018558502197265625,success
0466183A9C4C84,3,"['Arena', 'San Zeno']",Torre Lamberti,"['Sighseeing', 'Centro Fotografia', 'Museo Conte', 'Casa Giulietta', 'Palazzo della Ragione']",Casa Giulietta,strategy_nearest,True,0.001386880874633789,success
046617429C4C80,3,"['Santa Anastasia', 'Casa Giulietta']",Torre Lamberti,"['Sighseeing', 'Centro Fotografia', 'Museo Conte', 'Palazzo della Ragione', 'AMO']",Tomba Giulietta,strategy_nearest,False,0.0027129650115966797,success
04661C3A9C4C80,3,"['Arena', 'Casa Giulietta', 'Torre Lamberti']",Santa Anastasia,"['AMO', 'Museo Conte', 'Palazzo della Ragione', 'Teatro Romano', 'Centro Fotografia']",Teatro Romano,strategy_nearest,True,0.002605915069580078,success
04661C429C4C84,0,['Arena'],Casa Giulietta,"['Centro Fotografia', 'Sighseeing', 'Torre Lamberti', 'Museo Conte', 'Museo Radio']",San Fermo,strategy_nearest,False,0.0029549598693847656,success
0466203A9C4C80,3,"['Duomo', 'Santa Anastasia']",Torre Lamberti,"['Sighseeing', 'Centro Fotografia', 'Museo Conte', 'Casa Giulietta', 'Palazzo della Ragione']",Casa Giulietta,strategy_nearest,True,0.002398967742919922,success
0466283A9C4C80,3,"['Casa Giulietta', 'Arena', 'Castelvecchio', 'San Zeno']",Torre Lamberti,"['Sighseeing', 'Centro Fotografia', 'Museo Conte', 'Palazzo della Ragione', 'AMO']",Santa Anastasia,strategy_nearest,False,0.0019121170043945312,success
04662A4A9C4C80,3,"['Castelvecchio', 'Arena']",Casa Giulietta,"['Centro Fotografia', 'Sighseeing', 'Torre Lamberti', 'Museo Conte', 'Museo Radio']",Santa Anastasia,strategy_nearest,False,0.002695322036743164,success
04662B4A9C4C80,3,"['Casa Giulietta', 'Teatro Romano', 'Duomo']",Santa Anastasia,"['AMO', 'Museo Conte', 'Palazzo della Ragione', 'Centro Fotografia', 'Torre Lamberti']",Castelvecchio,strategy_nearest,False,0.0031359195709228516,success
04662F3A9C4C80,0,['Casa Giulietta'],Arena,"['Verona Tour', 'Museo Lapidario', 'Museo Radio', 'San Fermo', 'Sighseeing']",Torre Lamberti,strategy_nearest,False,0.0023169517517089844,success
04662D3A9C4C80,3,"['Castelvecchio', 'Casa Giulietta']",Torre Lamberti,"['Sighseeing', 'Centro Fotografia', 'Museo Conte', 'Palazzo della Ragione', 'AMO']",Santa Anastasia,strategy_nearest,False,0.003216981887817383,success
04663B429C4C80,1,"['Casa Giulietta', 'Tomba Giulietta', 'Arena']",Castelvecchio,"['Museo Lapidario', 'Verona Tour', 'Museo Radio', 'San Zeno', 'Sighseeing']",Palazzo della Ragione,strategy_nearest,False,0.0012233257293701172,success
0466324A9C4C80,1,"['Arena', 'Museo Lapidario', 'Torre Lamberti', 'Palazzo della Ragione']",Casa Giulietta,"['Centro Fotografia', 'Sighseeing', 'Museo Conte', 'Museo Radio', 'San Fermo']",Tomba Giulietta,strategy_nearest,False,0.0031180381774902344,success
046631429C4C80,3,['Arena'],Santa Anastasia,"['AMO', 'Museo Conte', 'Palazzo della Ragione', 'Teatro Romano', 'Centro Fotografia']",San Zeno,strategy_nearest,False,0.0032181739807128906,success
046647429C4C80,3,"['Arena', 'Teatro Romano']",Duomo,"['AMO', 'Museo Miniscalchi', 'Santa Anastasia', 'Palazzo della Ragione', 'Museo Conte']",San Zeno,strategy_nearest,False,0.0013239383697509766,success
046646429C4C80,2,['Casa Giulietta'],Santa Anastasia,"['AMO', 'Museo Conte', 'Palazzo della Ragione', 'Teatro Romano', 'Centro Fotografia']",Torre Lamberti,strategy_nearest,False,0.002794027328491211,success
04664B429C4C80,0,['Arena'],Casa Giulietta,"['Centro Fotografia', 'Sighseeing', 'Torre Lamberti', 'Museo Conte', 'Museo Radio']",Teatro Romano,strategy_nearest,False,0.003341197967529297,success
04664D429C4C80,0,['Casa Giulietta'],Santa Anastasia,"['AMO', 'Museo Conte', 'Palazzo della Ragione', 'Teatro Romano', 'Centro Fotografia']",Arena,strategy_nearest,False,0.002530813217163086,success
046667429C4C80,1,"['Arena', 'San Zeno', 'Castelvecchio']",Casa Giulietta,"['Centro Fotografia', 'Sighseeing', 'Torre Lamberti', 'Museo Conte', 'Museo Radio']",Torre Lamberti,strategy_nearest,True,0.0021390914916992188,success
04666A429C4C80,0,['Arena'],Casa Giulietta,"['Centro Fotografia', 'Sighseeing', 'Torre Lamberti', 'Museo Conte', 'Museo Radio']",Castelvecchio,strategy_nearest,False,0.0025870800018310547,success
046671429C4C80,0,['Casa Giulietta'],Arena,"['Verona Tour', 'Museo Lapidario', 'Museo Radio', 'San Fermo', 'Sighseeing']",Castelvecchio,strategy_nearest,False,0.001276254653930664,success
04666B429C4C80,2,['Casa Giulietta'],Torre Lamberti,"['Sighseeing', 'Centro Fotografia', 'Museo Conte', 'Palazzo della Ragione', 'AMO']",Teatro Romano,strategy_nearest,False,0.0025839805603027344,success
0466723A9C4C80,0,"['Arena', 'Castelvecchio']",Casa Giulietta,"['Centro Fotografia', 'Sighseeing', 'Torre Lamberti', 'Museo Conte', 'Museo Radio']",Santa Anastasia,strategy_nearest,False,0.0028998851776123047,success
046676429C4C80,0,['Arena'],Casa Giulietta,"['Centro Fotografia', 'Sighseeing', 'Torre Lamberti', 'Museo Conte', 'Museo Radio']",Duomo,strategy_nearest,False,0.0020580291748046875,success
04668D3A9C4C80,0,"['Arena', 'Casa Giulietta']",Torre Lamberti,"['Sighseeing', 'Centro Fotografia', 'Museo Conte', 'Palazzo della Ragione', 'AMO']",Castelvecchio,strategy_nearest,False,0.002608060836791992,success
046685429C4C80,0,['Arena'],Casa Giulietta,"['Centro Fotografia', 'Sighseeing', 'Torre Lamberti', 'Museo Conte', 'Museo Radio']",Teatro Romano,strategy_nearest,False,0.0025331974029541016,success
0466934A9C4C80,0,"['Arena', 'Casa Giulietta']",Torre Lamberti,"['Sighseeing', 'Centro Fotografia', 'Museo Conte', 'Palazzo della Ragione', 'AMO']",Teatro Romano,strategy_nearest,False,0.0028638839721679688,success
046697429C4C80,1,['Arena'],Castelvecchio,"['Museo Lapidario', 'Verona Tour', 'Museo Radio', 'San Zeno', 'Sighseeing']",Torre Lamberti,strategy_nearest,False,0.001974821090698242,success
04669C429C4C80,3,"['Arena', 'Museo Storia']",San Fermo,"['Museo Radio', 'Casa Giulietta', 'Centro Fotografia', 'Sighseeing', 'Torre Lamberti']",Santa Anastasia,strategy_nearest,False,0.001336812973022461,success
0466954A9C4C80,3,"['Arena', 'Casa Giulietta']",Santa Anastasia,"['AMO', 'Museo Conte', 'Palazzo della Ragione', 'Teatro Romano', 'Centro Fotografia']",Teatro Romano,strategy_nearest,True,0.003384113311767578,success
04669D429C4C80,0,['Arena'],Casa Giulietta,"['Centro Fotografia', 'Sighseeing', 'Torre Lamberti', 'Museo Conte', 'Museo Radio']",Torre Lamberti,strategy_nearest,True,0.003270864486694336,success
0466B1429C4C80,0,['Arena'],Casa Giulietta,"['Centro Fotografia', 'Sighseeing', 'Torre Lamberti', 'Museo Conte', 'Museo Radio']",Teatro Romano,strategy_nearest,False,0.0019190311431884766,success
0466AC429C4C80,3,"['Arena', 'San Fermo']",Torre Lamberti,"['Sighseeing', 'Centro Fotografia', 'Museo Conte', 'Casa Giulietta', 'Palazzo della Ragione']",Santa Anastasia,strategy_nearest,False,0.0020520687103271484,success
0466AB3A9C4C80,1,"['Arena', 'San Fermo', 'Casa Giulietta']",Torre Lamberti,"['Sighseeing', 'Centro Fotografia', 'Museo Conte', 'Palazzo della Ragione', 'AMO']",Palazzo della Ragione,strategy_nearest,True,0.003287792205810547,success
0466B93A9C4C80,1,"['Arena', 'Casa Giulietta', 'Palazzo della Ragione']",Torre Lamberti,"['Sighseeing', 'Centro Fotografia', 'Museo Conte', 'AMO', 'Museo Miniscalchi']",Teatro Romano,strategy_nearest,False,0.003197908401489258,success
0466C03A9C4C80,1,"['Arena', 'Museo Lapidario']",Torre Lamberti,"['Sighseeing', 'Centro Fotografia', 'Museo Conte', 'Casa Giulietta', 'Palazzo della Ragione']",Palazzo della Ragione,strategy_nearest,True,0.0027091503143310547,success
0466BF429C4C80,3,"['Arena', 'Casa Giulietta', 'Torre Lamberti']",Santa Anastasia,"['AMO', 'Museo Conte', 'Palazzo della Ragione', 'Teatro Romano', 'Centro Fotografia']",Teatro Romano,strategy_nearest,True,0.002743959426879883,success
0466C5429C4C80,6,"['Casa Giulietta', 'Palazzo della Ragione']",Torre Lamberti,"['Sighseeing', 'Centro Fotografia', 'Museo Conte', 'AMO', 'Museo Miniscalchi']",Arena,strategy_nearest,False,0.003091096878051758,success
0466CC429C4C80,3,"['Torre Lamberti', 'Casa Giulietta']",Castelvecchio,"['Museo Lapidario', 'Verona Tour', 'Arena', 'Museo Radio', 'San Zeno']",Santa Anastasia,strategy_nearest,False,0.002835988998413086,success
0466DA3A9C4C80,3,"['Casa Giulietta', 'Torre Lamberti', 'Arena']",Castelvecchio,"['Museo Lapidario', 'Verona Tour', 'Museo Radio', 'San Zeno', 'Sighseeing']",Santa Anastasia,strategy_nearest,False,0.0020051002502441406,success
0466E53A9C4C80,0,['Arena'],Casa Giulietta,"['Centro Fotografia', 'Sighseeing', 'Torre Lamberti', 'Museo Conte', 'Museo Radio']",San Fermo,strategy_nearest,False,0.002412080764770508,success
0466E43A9C4C80,3,"['Castelvecchio', 'Tomba Giulietta', 'Arena']",Casa Giulietta,"['Centro Fotografia', 'Sighseeing', 'Torre Lamberti', 'Museo Conte', 'Museo Radio']",Torre Lamberti,strategy_nearest,True,0.0025987625122070312,success
0466E93A9C4C80,0,['Torre Lamberti'],Casa Giulietta,"['Centro Fotografia', 'Sighseeing', 'Museo Conte', 'Museo Radio', 'Palazzo della Ragione']",Arena,strategy_nearest,False,0.002605915069580078,success
0466EF3A9C4C80,3,"['Arena', 'Casa Giulietta']",Castelvecchio,"['Museo Lapidario', 'Verona Tour', 'Museo Radio', 'San Zeno', 'Sighseeing']",Duomo,strategy_nearest,False,0.0018458366394042969,success
0466ED3A9C4C80,3,['Arena'],Santa Anastasia,"['AMO', 'Museo Conte', 'Palazzo della Ragione', 'Teatro Romano', 'Centro Fotografia']",Casa Giulietta,strategy_nearest,False,0.002602100372314453,success
0466F3429C4C80,2,"['Teatro Romano', 'Duomo', 'Torre Lamberti']",Santa Anastasia,"['AMO', 'Museo Conte', 'Palazzo della Ragione', 'Centro Fotografia', 'Sighseeing']",Casa Giulietta,strategy_nearest,False,0.003200054168701172,success
0466F6429C4C80,2,"['Casa Giulietta', 'Duomo']",Torre Lamberti,"['Sighseeing', 'Centro Fotografia', 'Museo Conte', 'Palazzo della Ragione', 'AMO']",San Fermo,strategy_nearest,False,0.0020151138305664062,success
0466F63A9C4C80,1,"['Arena', 'Castelvecchio']",Palazzo della Ragione,"['AMO', 'Museo Conte', 'Torre Lamberti', 'Centro Fotografia', 'Sighseeing']",Torre Lamberti,strategy_nearest,True,0.0020170211791992188,success
0466F73A9C4C80,0,"['Arena', 'Casa Giulietta']",Torre Lamberti,"['Sighseeing', 'Centro Fotografia', 'Museo Conte', 'Palazzo della Ragione', 'AMO']",Duomo,strategy_nearest,False,0.002656221389770508,success
0466FC3A9C4C80,3,['Arena'],Santa Anastasia,"['AMO', 'Museo Conte', 'Palazzo della Ragione', 'Teatro Romano', 'Centro Fotografia']",Duomo,strategy_nearest,False,0.0033118724822998047,success
0467023A9C4C84,0,['Arena'],Torre Lamberti,"['Sighseeing', 'Centro Fotografia', 'Museo Conte', 'Casa Giulietta', 'Palazzo della Ragione']",Casa Giulietta,strategy_nearest,True,0.002501964569091797,success
0467013A9C4C84,3,['Arena'],Santa Anastasia,"['AMO', 'Museo Conte', 'Palazzo della Ragione', 'Teatro Romano', 'Centro Fotografia']",Torre Lamberti,strategy_nearest,False,0.0025038719177246094,success
0467073A9C4C84,1,"['Arena', 'Casa Giulietta', 'Torre Lamberti']",Palazzo della Ragione,"['AMO', 'Museo Conte', 'Centro Fotografia', 'Sighseeing', 'Santa Anastasia']",Teatro Romano,strategy_nearest,False,0.0024530887603759766,success
046707429C4C84,3,['Arena'],Santa Anastasia,"['AMO', 'Museo Conte', 'Palazzo della Ragione', 'Teatro Romano', 'Centro Fotografia']",Duomo,strategy_nearest,False,0.002128124237060547,success
046713429C4C80,3,"['Arena', 'San Fermo', 'Casa Giulietta']",Santa Anastasia,"['AMO', 'Museo Conte', 'Palazzo della Ragione', 'Teatro Romano', 'Centro Fotografia']",Duomo,strategy_nearest,False,0.0018379688262939453,success
0467143A9C4C84,0,['Arena'],Casa Giulietta,"['Centro Fotografia', 'Sighseeing', 'Torre Lamberti', 'Museo Conte', 'Museo Radio']",Tomba Giulietta,strategy_nearest,False,0.002138853073120117,success
046718429C4C84,0,['Duomo'],Arena,"['Verona Tour', 'Museo Lapidario', 'Museo Radio', 'San Fermo', 'Casa Giulietta']",San Fermo,strategy_nearest,True,0.0033409595489501953,success
0467153A9C4C84,0,['Arena'],Torre Lamberti,"['Sighseeing', 'Centro Fotografia', 'Museo Conte', 'Casa Giulietta', 'Palazzo della Ragione']",Duomo,strategy_nearest,False,0.0026540756225585938,success
04671A3A9C4C84,3,"['San Zeno', 'Duomo']",Santa Anastasia,"['AMO', 'Museo Conte', 'Palazzo della Ragione', 'Teatro Romano', 'Centro Fotografia']",San Fermo,strategy_nearest,False,0.002398967742919922,success
04671A429C4C84,2,['San Zeno'],Santa Anastasia,"['AMO', 'Museo Conte', 'Palazzo della Ragione', 'Teatro Romano', 'Centro Fotografia']",Casa Giulietta,strategy_nearest,False,0.0025789737701416016,success
04671C429C4C84,3,"['Castelvecchio', 'Tomba Giulietta', 'San Fermo']",Casa Giulietta,"['Centro Fotografia', 'Sighseeing', 'Torre Lamberti', 'Museo Conte', 'Museo Radio']",Arena,strategy_nearest,False,0.002568960189819336,success
04671E3A9C4C80,0,['Santa Anastasia'],Arena,"['Verona Tour', 'Museo Lapidario', 'Museo Radio', 'San Fermo', 'Casa Giulietta']",Castelvecchio,strategy_nearest,False,0.003056764602661133,success
04671F429C4C84,0,['Arena'],Castelvecchio,"['Museo Lapidario', 'Verona Tour', 'Museo Radio', 'San Zeno', 'Sighseeing']",Duomo,strategy_nearest,False,0.001965045928955078,success
0467354A9C4C80,3,"['Castelvecchio', 'Arena', 'Casa Giulietta']",Torre Lamberti,"['Sighseeing', 'Centro Fotografia', 'Museo Conte', 'Palazzo della Ragione', 'AMO']",Santa Anastasia,strategy_nearest,False,0.00251007080078125,success
04672D429C4C80,0,"['Arena', 'Casa Giulietta']",Teatro Romano,"['Santa Anastasia', 'Duomo', 'AMO', 'Palazzo della Ragione', 'Museo Conte']",Duomo,strategy_nearest,True,0.002530813217163086,success
04673E3A9C4C80,1,"['Arena', 'Casa Giulietta']",Torre Lamberti,"['Sighseeing', 'Centro Fotografia', 'Museo Conte', 'Palazzo della Ragione', 'AMO']",Palazzo della Ragione,strategy_nearest,True,0.0029120445251464844,success
046740429C4C80,3,"['Castelvecchio', 'Arena']",Casa Giulietta,"['Centro Fotografia', 'Sighseeing', 'Torre Lamberti', 'Museo Conte', 'Museo Radio']",Santa Anastasia,strategy_nearest,False,0.002357006072998047,success
0467413A9C4C80,1,"['Arena', 'Casa Giulietta']",Torre Lamberti,"['Sighseeing', 'Centro Fotografia', 'Museo Conte', 'Palazzo della Ragione', 'AMO']",Palazzo della Ragione,strategy_nearest,True,0.0024929046630859375,success
04674C429C4C80,0,"['Teatro Romano', 'Duomo']",Casa Giulietta,"['Centro Fotografia', 'Sighseeing', 'Torre Lamberti', 'Museo Conte', 'Museo Radio']",Museo Storia,strategy_nearest,False,0.0022232532501220703,success
046748429C4C80,0,['Arena'],Casa Giulietta,"['Centro Fotografia', 'Sighseeing', 'Torre Lamberti', 'Museo Conte', 'Museo Radio']",Santa Anastasia,strategy_nearest,False,0.002602100372314453,success
046752429C4C80,3,"['Arena', 'Casa Giulietta']",Torre Lamberti,"['Sighseeing', 'Centro Fotografia', 'Museo Conte', 'Palazzo della Ragione', 'AMO']",Santa Anastasia,strategy_nearest,False,0.001766204833984375,success
046756429C4C80,3,"['Arena', 'Teatro Romano']",Duomo,"['AMO', 'Museo Miniscalchi', 'Santa Anastasia', 'Palazzo della Ragione', 'Museo Conte']",San Zeno,strategy_nearest,False,0.003251791000366211,success
04675F429C4C80,0,['Arena'],Casa Giulietta,"['Centro Fotografia', 'Sighseeing', 'Torre Lamberti', 'Museo Conte', 'Museo Radio']",Santa Anastasia,strategy_nearest,False,0.002975940704345703,success
04675A429C4C80,2,"['Castelvecchio', 'Torre Lamberti']",Casa Giulietta,"['Centro Fotografia', 'Sighseeing', 'Museo Conte', 'Museo Radio', 'Palazzo della Ragione']",Santa Anastasia,strategy_nearest,False,0.0020322799682617188,success
04676C429C4C80,1,"['Arena', 'Museo Lapidario']",Casa Giulietta,"['Centro Fotografia', 'Sighseeing', 'Torre Lamberti', 'Museo Conte', 'Museo Radio']",Torre Lamberti,strategy_nearest,True,0.001516103744506836,success
0467643A9C4C80,4,"['Arena', 'Castelvecchio', 'Teatro Romano']",Casa Giulietta,"['Centro Fotografia', 'Sighseeing', 'Torre Lamberti', 'Museo Conte', 'Museo Radio']",Museo Radio,strategy_nearest,True,0.0021622180938720703,success
04676F429C4C80,0,['Arena'],Museo Storia,"['San Fermo', 'Museo Radio', 'Casa Giulietta', 'Centro Fotografia', 'Tomba Giulietta']",Tomba Giulietta,strategy_nearest,True,0.0032150745391845703,success
04676F3A9C4C80,3,"['Arena', 'Santa Anastasia', 'Duomo']",Torre Lamberti,"['Sighseeing', 'Centro Fotografia', 'Museo Conte', 'Casa Giulietta', 'Palazzo della Ragione']",Casa Giulietta,strategy_nearest,True,0.002541065216064453,success
0467793A9C4C80,0,['Arena'],Casa Giulietta,"['Centro Fotografia', 'Sighseeing', 'Torre Lamberti', 'Museo Conte', 'Museo Radio']",Teatro Romano,strategy_nearest,False,0.0018360614776611328,success
046771429C4C80,3,['Arena'],Santa Anastasia,"['AMO', 'Museo Conte', 'Palazzo della Ragione', 'Teatro Romano', 'Centro Fotografia']",Duomo,strategy_nearest,False,0.0031249523162841797,success
0467743A9C4C80,1,"['Casa Giulietta', 'Casa Giulietta']",Arena,"['Verona Tour', 'Museo Lapidario', 'Museo Radio', 'San Fermo', 'Sighseeing']",Santa Anastasia,strategy_nearest,False,0.001971006393432617,success
04677B429C4C80,0,['Casa Giulietta'],Teatro Romano,"['Santa Anastasia', 'Duomo', 'AMO', 'Palazzo della Ragione', 'Museo Conte']",Giardino Giusti,strategy_nearest,False,0.0027971267700195312,success
04677E3A9C4C80,0,['Arena'],Casa Giulietta,"['Centro Fotografia', 'Sighseeing', 'Torre Lamberti', 'Museo Conte', 'Museo Radio']",Museo Storia,strategy_nearest,False,0.0025436878204345703,success
04677E4A9C4C80,1,"['Arena', 'Casa Giulietta']",Palazzo della Ragione,"['AMO', 'Museo Conte', 'Torre Lamberti', 'Centro Fotografia', 'Sighseeing']",Torre Lamberti,strategy_nearest,True,0.0017390251159667969,success
0467824A9C4C80,0,['Arena'],Casa Giulietta,"['Centro Fotografia', 'Sighseeing', 'Torre Lamberti', 'Museo Conte', 'Museo Radio']",Duomo,strategy_nearest,False,0.0031299591064453125,success
04678A4A9C4C80,1,"['Arena', 'Museo Lapidario', 'Casa Giulietta', 'Torre Lamberti']",Palazzo della Ragione,"['AMO', 'Museo Conte', 'Centro Fotografia', 'Sighseeing', 'Santa Anastasia']",Santa Anastasia,strategy_nearest,True,0.002402067184448242,success
046788429C4C80,3,"['Arena', 'Torre Lamberti']",Casa Giulietta,"['Centro Fotografia', 'Sighseeing', 'Museo Conte', 'Museo Radio', 'Palazzo della Ragione']",Santa Anastasia,strategy_nearest,False,0.0018761157989501953,success
04678B3A9C4C80,0,['Arena'],Casa Giulietta,"['Centro Fotografia', 'Sighseeing', 'Torre Lamberti', 'Museo Conte', 'Museo Radio']",Torre Lamberti,strategy_nearest,True,0.002544879913330078,success
0467944A9C4C80,1,['Arena'],Palazzo della Ragione,"['AMO', 'Museo Conte', 'Torre Lamberti', 'Centro Fotografia', 'Sighseeing']",Torre Lamberti,strategy_nearest,True,0.002808809280395508,success
046795429C4C80,0,['Arena'],Palazzo della Ragione,"['AMO', 'Museo Conte', 'Torre Lamberti', 'Centro Fotografia', 'Sighseeing']",Casa Giulietta,strategy_nearest,False,0.002688169479370117,success
0467A04A9C4C80,1,"['Arena', 'Castelvecchio']",Torre Lamberti,"['Sighseeing', 'Centro Fotografia', 'Museo Conte', 'Casa Giulietta', 'Palazzo della Ragione']",Palazzo della Ragione,strategy_nearest,True,0.0028100013732910156,success
046799429C4C80,2,"['Santa Anastasia', 'Casa Giulietta']",Torre Lamberti,"['Sighseeing', 'Centro Fotografia', 'Museo Conte', 'Palazzo della Ragione', 'AMO']",Tomba Giulietta,strategy_nearest,False,0.002315044403076172,success
0467A34A9C4C80,0,['Arena'],Casa Giulietta,"['Centro Fotografia', 'Sighseeing', 'Torre Lamberti', 'Museo Conte', 'Museo Radio']",Santa Anastasia,strategy_nearest,False,0.0030698776245117188,success
0467A8429C4C80,1,['Arena'],Torre Lamberti,"['Sighseeing', 'Centro Fotografia', 'Museo Conte', 'Casa Giulietta', 'Palazzo della Ragione']",Palazzo della Ragione,strategy_nearest,True,0.0017218589782714844,success
0467A64A9C4C80,2,['Santa Anastasia'],Casa Giulietta,"['Centro Fotografia', 'Sighseeing', 'Torre Lamberti', 'Museo Conte', 'Museo Radio']",Castelvecchio,strategy_nearest,False,0.003802776336669922,success
0467AC429C4C80,3,"['Arena', 'Casa Giulietta']",Torre Lamberti,"['Sighseeing', 'Centro Fotografia', 'Museo Conte', 'Palazzo della Ragione', 'AMO']",Santa Anastasia,strategy_nearest,False,0.002730846405029297,success
0467B0429C4C80,0,['Arena'],Teatro Romano,"['Santa Anastasia', 'Duomo', 'AMO', 'Palazzo della Ragione', 'Museo Conte']",Duomo,strategy_nearest,True,0.0031080245971679688,success
0467B1429C4C80,0,['Arena'],Casa Giulietta,"['Centro Fotografia', 'Sighseeing', 'Torre Lamberti', 'Museo Conte', 'Museo Radio']",Torre Lamberti,strategy_nearest,True,0.003200054168701172,success
0467B23A9C4C80,0,['Arena'],Casa Giulietta,"['Centro Fotografia', 'Sighseeing', 'Torre Lamberti', 'Museo Conte', 'Museo Radio']",Torre Lamberti,strategy_nearest,True,0.002920866012573242,success
0467C43A9C4C80,0,['Arena'],Museo Lapidario,"['Verona Tour', 'Castelvecchio', 'Museo Radio', 'San Fermo', 'Casa Giulietta']",Teatro Romano,strategy_nearest,False,0.002779722213745117,success
0467C53A9C4C80,0,['Arena'],Casa Giulietta,"['Centro Fotografia', 'Sighseeing', 'Torre Lamberti', 'Museo Conte', 'Museo Radio']",Tomba Giulietta,strategy_nearest,False,0.0031638145446777344,success
0467CA429C4C80,1,"['Casa Giulietta', 'Palazzo della Ragione', 'Torre Lamberti']",Arena,"['Verona Tour', 'Museo Lapidario', 'Museo Radio', 'San Fermo', 'Sighseeing']",Tomba Giulietta,strategy_nearest,False,0.0025789737701416016,success
0467CC429C4C80,1,"['Tomba Giulietta', 'San Fermo', 'Arena', 'Museo Lapidario', 'Castelvecchio']",Casa Giulietta,"['Centro Fotografia', 'Sighseeing', 'Torre Lamberti', 'Museo Conte', 'Museo Radio']",Torre Lamberti,strategy_nearest,True,0.0017962455749511719,success
0467DC3A9C4C80,2,['Casa Giulietta'],Santa Anastasia,"['AMO', 'Museo Conte', 'Palazzo della Ragione', 'Teatro Romano', 'Centro Fotografia']",Duomo,strategy_nearest,False,0.002794027328491211,success
0467E93A9C4C80,2,['Torre Lamberti'],Palazzo della Ragione,"['AMO', 'Museo Conte', 'Centro Fotografia', 'Sighseeing', 'Santa Anastasia']",Duomo,strategy_nearest,False,0.003358125686645508,success
0467F43A9C4C80,3,"['Arena', 'San Fermo']",Casa Giulietta,"['Centro Fotografia', 'Sighseeing', 'Torre Lamberti', 'Museo Conte', 'Museo Radio']",Torre Lamberti,strategy_nearest,True,0.0024461746215820312,success
0467ED3A9C4C80,1,"['Arena', 'Santa Anastasia', 'Casa Giulietta']",San Zeno,"['Castelvecchio', 'Verona Tour', 'Museo Lapidario', 'Museo Miniscalchi', 'Sighseeing']",Castelvecchio,strategy_nearest,True,0.003246784210205078,success
0467F73A9C4C80,0,['Arena'],Casa Giulietta,"['Centro Fotografia', 'Sighseeing', 'Torre Lamberti', 'Museo Conte', 'Museo Radio']",Castelvecchio,strategy_nearest,False,0.0022020339965820312,success
0467FA3A9C4C80,3,"['Arena', 'Museo Lapidario']",Casa Giulietta,"['Centro Fotografia', 'Sighseeing', 'Torre Lamberti', 'Museo Conte', 'Museo Radio']",Torre Lamberti,strategy_nearest,True,0.002315044403076172,success
0467FA429C4C80,3,"['San Zeno', 'Castelvecchio']",Torre Lamberti,"['Sighseeing', 'Centro Fotografia', 'Museo Conte', 'Casa Giulietta', 'Palazzo della Ragione']",Casa Giulietta,strategy_nearest,True,0.002511739730834961,success
046805429C4C84,3,"['Castelvecchio', 'Teatro Romano', 'Arena']",Tomba Giulietta,"['San Fermo', 'Museo Storia', 'Museo Lapidario', 'Museo Radio', 'Verona Tour']",Museo Storia,strategy_nearest,True,0.001990795135498047,success
0468053A9C4C84,1,"['Arena', 'Casa Giulietta', 'Palazzo della Ragione']",Torre Lamberti,"['Sighseeing', 'Centro Fotografia', 'Museo Conte', 'AMO', 'Museo Miniscalchi']",Santa Anastasia,strategy_nearest,False,0.003283262252807617,success
04680B3A9C4C84,1,"['Arena', 'Casa Giulietta']",Torre Lamberti,"['Sighseeing', 'Centro Fotografia', 'Museo Conte', 'Palazzo della Ragione', 'AMO']",Palazzo della Ragione,strategy_nearest,True,0.0031042098999023438,success
04680F3A9C4C84,1,"['Arena', 'Torre Lamberti']",Palazzo della Ragione,"['AMO', 'Museo Conte', 'Centro Fotografia', 'Sighseeing', 'Santa Anastasia']",Duomo,strategy_nearest,False,0.003718852996826172,success
046815429C4C80,0,['Arena'],Castelvecchio,"['Museo Lapidario', 'Verona Tour', 'Museo Radio', 'San Zeno', 'Sighseeing']",Torre Lamberti,strategy_nearest,False,0.0016481876373291016,success
046816429C4C84,0,['Arena'],Castelvecchio,"['Museo Lapidario', 'Verona Tour', 'Museo Radio', 'San Zeno', 'Sighseeing']",Casa Giulietta,strategy_nearest,False,0.0028679370880126953,success
046818429C4C84,0,['Arena'],Casa Giulietta,"['Centro Fotografia', 'Sighseeing', 'Torre Lamberti', 'Museo Conte', 'Museo Radio']",Giardino Giusti,strategy_nearest,False,0.0029649734497070312,success
04681A429C4C80,0,['Arena'],Casa Giulietta,"['Centro Fotografia', 'Sighseeing', 'Torre Lamberti', 'Museo Conte', 'Museo Radio']",Torre Lamberti,strategy_nearest,True,0.001773834228515625,success
04681C429C4C80,0,['Arena'],Torre Lamberti,"['Sighseeing', 'Centro Fotografia', 'Museo Conte', 'Casa Giulietta', 'Palazzo della Ragione']",Casa Giulietta,strategy_nearest,True,0.0020151138305664062,success
04681A429C4C84,3,"['Arena', 'San Fermo']",Museo Lapidario,"['Verona Tour', 'Castelvecchio', 'Museo Radio', 'Casa Giulietta', 'Tomba Giulietta']",Casa Giulietta,strategy_nearest,True,0.0027320384979248047,success
04681D3A9C4C80,1,['Arena'],Torre Lamberti,"['Sighseeing', 'Centro Fotografia', 'Museo Conte', 'Casa Giulietta', 'Palazzo della Ragione']",Palazzo della Ragione,strategy_nearest,True,0.002547025680541992,success
04681D429C4C80,1,"['Castelvecchio', 'Arena']",Palazzo della Ragione,"['AMO', 'Museo Conte', 'Torre Lamberti', 'Centro Fotografia', 'Sighseeing']",Duomo,strategy_nearest,False,0.0031461715698242188,success
046832429C4C80,2,['Casa Giulietta'],Duomo,"['AMO', 'Museo Miniscalchi', 'Santa Anastasia', 'Teatro Romano', 'Palazzo della Ragione']",Castelvecchio,strategy_nearest,False,0.0021512508392333984,success
046843429C4C80,3,"['Arena', 'Castelvecchio', 'Casa Giulietta']",Tomba Giulietta,"['San Fermo', 'Museo Storia', 'Museo Lapidario', 'Museo Radio', 'Verona Tour']",San Fermo,strategy_nearest,True,0.0014290809631347656,success
046822429C4C84,3,"['Arena', 'San Fermo', 'Casa Giulietta']",Torre Lamberti,"['Sighseeing', 'Centro Fotografia', 'Museo Conte', 'Palazzo della Ragione', 'AMO']",Santa Anastasia,strategy_nearest,False,0.003937244415283203,success
04684A429C4C80,3,['Arena'],Torre Lamberti,"['Sighseeing', 'Centro Fotografia', 'Museo Conte', 'Casa Giulietta', 'Palazzo della Ragione']",Santa Anastasia,strategy_nearest,False,0.0025131702423095703,success
0468553A9C4C80,3,"['Torre Lamberti', 'Duomo', 'Santa Anastasia']",Teatro Romano,"['AMO', 'Palazzo della Ragione', 'Museo Conte', 'Centro Fotografia', 'Museo Miniscalchi']",Casa Giulietta,strategy_nearest,False,0.0010879039764404297,success
0468683A9C4C80,2,"['San Zeno', 'Castelvecchio', 'Casa Giulietta']",Palazzo della Ragione,"['AMO', 'Museo Conte', 'Torre Lamberti', 'Centro Fotografia', 'Sighseeing']",Torre Lamberti,strategy_nearest,True,0.002043008804321289,success
04685B429C4C80,0,['Arena'],Casa Giulietta,"['Centro Fotografia', 'Sighseeing', 'Torre Lamberti', 'Museo Conte', 'Museo Radio']",Castelvecchio,strategy_nearest,False,0.0027039051055908203,success
04686D3A9C4C80,5,"['Arena', 'Castelvecchio', 'Duomo']",Santa Anastasia,"['AMO', 'Museo Conte', 'Palazzo della Ragione', 'Teatro Romano', 'Centro Fotografia']",Palazzo della Ragione,strategy_nearest,True,0.0032579898834228516,success
046871429C4C80,3,['Duomo'],Santa Anastasia,"['AMO', 'Museo Conte', 'Palazzo della Ragione', 'Teatro Romano', 'Centro Fotografia']",Casa Giulietta,strategy_nearest,False,0.0031232833862304688,success
0468753A9C4C80,1,"['Tomba Giulietta', 'Arena']",Torre Lamberti,"['Sighseeing', 'Centro Fotografia', 'Museo Conte', 'Casa Giulietta', 'Palazzo della Ragione']",Palazzo della Ragione,strategy_nearest,True,0.0012748241424560547,success
046872429C4C80,0,['Arena'],Casa Giulietta,"['Centro Fotografia', 'Sighseeing', 'Torre Lamberti', 'Museo Conte', 'Museo Radio']",Torre Lamberti,strategy_nearest,True,0.002482891082763672,success
0468783A9C4C80,0,"['Arena', 'Torre Lamberti']",Casa Giulietta,"['Centro Fotografia', 'Sighseeing', 'Museo Conte', 'Museo Radio', 'Palazzo della Ragione']",Castelvecchio,strategy_nearest,False,0.0028269290924072266,success
04687E429C4C80,0,['Arena'],Casa Giulietta,"['Centro Fotografia', 'Sighseeing', 'Torre Lamberti', 'Museo Conte', 'Museo Radio']",Torre Lamberti,strategy_nearest,True,0.00278472900390625,success
04687F4A9C4C80,0,['Arena'],Casa Giulietta,"['Centro Fotografia', 'Sighseeing', 'Torre Lamberti', 'Museo Conte', 'Museo Radio']",Santa Anastasia,strategy_nearest,False,0.0019278526306152344,success
0468853A9C4C80,0,['Arena'],Torre Lamberti,"['Sighseeing', 'Centro Fotografia', 'Museo Conte', 'Casa Giulietta', 'Palazzo della Ragione']",Teatro Romano,strategy_nearest,False,0.0021369457244873047,success
046892429C4C80,0,['Arena'],Casa Giulietta,"['Centro Fotografia', 'Sighseeing', 'Torre Lamberti', 'Museo Conte', 'Museo Radio']",Torre Lamberti,strategy_nearest,True,0.0023391246795654297,success
0468A1429C4C80,3,"['Arena', 'Torre Lamberti']",Casa Giulietta,"['Centro Fotografia', 'Sighseeing', 'Museo Conte', 'Museo Radio', 'Palazzo della Ragione']",Santa Anastasia,strategy_nearest,False,0.002034902572631836,success
0468A7429C4C80,2,"['Casa Giulietta', 'Torre Lamberti']",Palazzo della Ragione,"['AMO', 'Museo Conte', 'Centro Fotografia', 'Sighseeing', 'Santa Anastasia']",Santa Anastasia,strategy_nearest,True,0.002368927001953125,success
0468A04A9C4C80,0,"['Arena', 'Casa Giulietta']",Torre Lamberti,"['Sighseeing', 'Centro Fotografia', 'Museo Conte', 'Palazzo della Ragione', 'AMO']",Duomo,strategy_nearest,False,0.003443002700805664,success
0468A74A9C4C80,0,"['Castelvecchio', 'Arena']",Casa Giulietta,"['Centro Fotografia', 'Sighseeing', 'Torre Lamberti', 'Museo Conte', 'Museo Radio']",Torre Lamberti,strategy_nearest,True,0.0026459693908691406,success
0468AA429C4C80,0,"['Casa Giulietta', 'Castelvecchio']",Arena,"['Verona Tour', 'Museo Lapidario', 'Museo Radio', 'San Fermo', 'Sighseeing']",San Fermo,strategy_nearest,True,0.002045869827270508,success
0468A9429C4C80,0,['Arena'],Casa Giulietta,"['Centro Fotografia', 'Sighseeing', 'Torre Lamberti', 'Museo Conte', 'Museo Radio']",Torre Lamberti,strategy_nearest,True,0.003283977508544922,success
0468B13A9C4C80,3,"['Santa Anastasia', 'Castelvecchio']",Arena,"['Verona Tour', 'Museo Lapidario', 'Museo Radio', 'San Fermo', 'Casa Giulietta']",Duomo,strategy_nearest,False,0.0028820037841796875,success
0468C3429C4C80,0,"['Arena', 'Museo Lapidario']",Castelvecchio,"['Verona Tour', 'Museo Radio', 'San Zeno', 'Sighseeing', 'Museo Miniscalchi']",San Zeno,strategy_nearest,True,0.0018839836120605469,success
0468BF3A9C4C80,0,['Arena'],San Fermo,"['Museo Storia', 'Museo Radio', 'Casa Giulietta', 'Centro Fotografia', 'Sighseeing']",Castelvecchio,strategy_nearest,False,0.0031609535217285156,success
0468BE3A9C4C80,0,['Arena'],Casa Giulietta,"['Centro Fotografia', 'Sighseeing', 'Torre Lamberti', 'Museo Conte', 'Museo Radio']",Santa Anastasia,strategy_nearest,False,0.0020270347595214844,success
0468C7429C4C80,0,['Arena'],Casa Giulietta,"['Centro Fotografia', 'Sighseeing', 'Torre Lamberti', 'Museo Conte', 'Museo Radio']",Castelvecchio,strategy_nearest,False,0.003335714340209961,success
0468C93A9C4C80,3,"['Castelvecchio', 'Santa Anastasia', 'Teatro Romano']",Duomo,"['AMO', 'Museo Miniscalchi', 'Palazzo della Ragione', 'Museo Conte', 'Torre Lamberti']",Torre Lamberti,strategy_nearest,True,0.0017237663269042969,success
0468CC3A9C4C80,0,"['Arena', 'Casa Giulietta']",Duomo,"['AMO', 'Museo Miniscalchi', 'Santa Anastasia', 'Teatro Romano', 'Palazzo della Ragione']",Teatro Romano,strategy_nearest,True,0.0017049312591552734,success
0468CC429C4C80,3,"['Castelvecchio', 'Arena', 'Casa Giulietta']",Torre Lamberti,"['Sighseeing', 'Centro Fotografia', 'Museo Conte', 'Palazzo della Ragione', 'AMO']",Santa Anastasia,strategy_nearest,False,0.0021309852600097656,success
0468CA3A9C4C80,0,['Arena'],Casa Giulietta,"['Centro Fotografia', 'Sighseeing', 'Torre Lamberti', 'Museo Conte', 'Museo Radio']",Santa Anastasia,strategy_nearest,False,0.0032927989959716797,success
0468CD3A9C4C80,3,"['San Zeno', 'Castelvecchio', 'Arena']",Torre Lamberti,"['Sighseeing', 'Centro Fotografia', 'Museo Conte', 'Casa Giulietta', 'Palazzo della Ragione']",Santa Anastasia,strategy_nearest,False,0.0026619434356689453,success
0468CE429C4C80,2,"['Duomo', 'Teatro Romano']",Giardino Giusti,"['Santa Anastasia', 'Museo Conte', 'Centro Fotografia', 'Museo Storia', 'AMO']",Torre Lamberti,strategy_nearest,False,0.002032041549682617,success
0468CF429C4C80,3,"['Castelvecchio', 'Arena', 'Torre Lamberti']",Casa Giulietta,"['Centro Fotografia', 'Sighseeing', 'Museo Conte', 'Museo Radio', 'Palazzo della Ragione']",Santa Anastasia,strategy_nearest,False,0.0026831626892089844,success
0468D2429C4C80,1,"['Casa Giulietta', 'San Zeno', 'Castelvecchio', 'Santa Anastasia', 'Giardino Giusti']",Arena,"['Verona Tour', 'Museo Lapidario', 'Museo Radio', 'San Fermo', 'Sighseeing']",San Fermo,strategy_nearest,True,0.003103971481323242,success
0468D63A9C4C80,1,"['Arena', 'Santa Anastasia']",Torre Lamberti,"['Sighseeing', 'Centro Fotografia', 'Museo Conte', 'Casa Giulietta', 'Palazzo della Ragione']",Palazzo della Ragione,strategy_nearest,True,0.0023322105407714844,success
0468DD3A9C4C80,0,['Arena'],Casa Giulietta,"['Centro Fotografia', 'Sighseeing', 'Torre Lamberti', 'Museo Conte', 'Museo Radio']",Torre Lamberti,strategy_nearest,True,0.0022017955780029297,success
0468D83A9C4C80,2,"['Casa Giulietta', 'San Fermo']",Palazzo della Ragione,"['AMO', 'Museo Conte', 'Torre Lamberti', 'Centro Fotografia', 'Sighseeing']",Torre Lamberti,strategy_nearest,True,0.0034728050231933594,success
0468F03A9C4C80,3,"['Casa Giulietta', 'Arena', 'Torre Lamberti']",Santa Anastasia,"['AMO', 'Museo Conte', 'Palazzo della Ragione', 'Teatro Romano', 'Centro Fotografia']",Duomo,strategy_nearest,False,0.0031838417053222656,success
0468E8429C4C80,3,['Santa Anastasia'],Castelvecchio,"['Museo Lapidario', 'Verona Tour', 'Arena', 'Museo Radio', 'San Zeno']",San Zeno,strategy_nearest,True,0.0026221275329589844,success
0468F33A9C4C80,1,['Arena'],Casa Giulietta,"['Centro Fotografia', 'Sighseeing', 'Torre Lamberti', 'Museo Conte', 'Museo Radio']",Torre Lamberti,strategy_nearest,True,0.0024750232696533203,success
0468F13A9C4C80,1,"['Arena', 'Casa Giulietta']",Torre Lamberti,"['Sighseeing', 'Centro Fotografia', 'Museo Conte', 'Palazzo della Ragione', 'AMO']",Palazzo della Ragione,strategy_nearest,True,0.001875162124633789,success
0468F43A9C4C80,3,"['Arena', 'San Fermo']",Casa Giulietta,"['Centro Fotografia', 'Sighseeing', 'Torre Lamberti', 'Museo Conte', 'Museo Radio']",Casa Giulietta,strategy_nearest,False,0.0024788379669189453,success
0468F5429C4C80,2,"['Casa Giulietta', 'Torre Lamberti']",Santa Anastasia,"['AMO', 'Museo Conte', 'Palazzo della Ragione', 'Teatro Romano', 'Centro Fotografia']",Duomo,strategy_nearest,False,0.0030689239501953125,success
0468FA429C4C80,3,"['Casa Giulietta', 'Santa Anastasia']",San Zeno,"['Castelvecchio', 'Verona Tour', 'Museo Lapidario', 'Arena', 'Museo Miniscalchi']",Castelvecchio,strategy_nearest,True,0.0017299652099609375,success
0468F6429C4C80,2,"['Casa Giulietta', 'Duomo']",Torre Lamberti,"['Sighseeing', 'Centro Fotografia', 'Museo Conte', 'Palazzo della Ragione', 'AMO']",San Fermo,strategy_nearest,False,0.0032951831817626953,success
046900429C4C84,0,"['Castelvecchio', 'Teatro Romano']",Arena,"['Verona Tour', 'Museo Lapidario', 'Museo Radio', 'San Fermo', 'Casa Giulietta']",Casa Giulietta,strategy_nearest,True,0.002552032470703125,success
04690B3A9C4C84,0,['Arena'],Casa Giulietta,"['Centro Fotografia', 'Sighseeing', 'Torre Lamberti', 'Museo Conte', 'Museo Radio']",Duomo,strategy_nearest,False,0.0017390251159667969,success
04690A429C4C84,0,['Arena'],Torre Lamberti,"['Sighseeing', 'Centro Fotografia', 'Museo Conte', 'Casa Giulietta', 'Palazzo della Ragione']",Duomo,strategy_nearest,False,0.0031151771545410156,success
0469073A9C4C84,0,['Arena'],Torre Lamberti,"['Sighseeing', 'Centro Fotografia', 'Museo Conte', 'Casa Giulietta', 'Palazzo della Ragione']",Castelvecchio,strategy_nearest,False,0.005023956298828125,success
04690F3A9C4C84,3,['Arena'],Casa Giulietta,"['Centro Fotografia', 'Sighseeing', 'Torre Lamberti', 'Museo Conte', 'Museo Radio']",Torre Lamberti,strategy_nearest,True,0.0019288063049316406,success
0469153A9C4C84,2,"['Casa Giulietta', 'Torre Lamberti', 'Palazzo della Ragione', 'Santa Anastasia']",Duomo,"['AMO', 'Museo Miniscalchi', 'Teatro Romano', 'Museo Conte', 'Centro Fotografia']",Teatro Romano,strategy_nearest,True,0.00360870361328125,success
04690C429C4C84,3,"['Arena', 'Casa Giulietta']",Torre Lamberti,"['Sighseeing', 'Centro Fotografia', 'Museo Conte', 'Palazzo della Ragione', 'AMO']",Santa Anastasia,strategy_nearest,False,0.004623889923095703,success
046917429C4C84,3,['Arena'],Casa Giulietta,"['Centro Fotografia', 'Sighseeing', 'Torre Lamberti', 'Museo Conte', 'Museo Radio']",Santa Anastasia,strategy_nearest,False,0.005235910415649414,success
046918429C4C84,3,"['Arena', 'San Zeno']",Castelvecchio,"['Museo Lapidario', 'Verona Tour', 'Museo Radio', 'Sighseeing', 'Museo Miniscalchi']",Santa Anastasia,strategy_nearest,False,0.0029058456420898438,success
04691E429C4C84,0,['Casa Giulietta'],Torre Lamberti,"['Sighseeing', 'Centro Fotografia', 'Museo Conte', 'Palazzo della Ragione', 'AMO']",Duomo,strategy_nearest,False,0.0034689903259277344,success
046926429C4C84,0,"['Teatro Romano', 'Torre Lamberti']",Tomba Giulietta,"['San Fermo', 'Museo Storia', 'Arena', 'Museo Lapidario', 'Museo Radio']",Arena,strategy_nearest,True,0.002092123031616211,success
04692B429C4C80,1,"['Arena', 'San Fermo']",Casa Giulietta,"['Centro Fotografia', 'Sighseeing', 'Torre Lamberti', 'Museo Conte', 'Museo Radio']",Teatro Romano,strategy_nearest,False,0.00315093994140625,success
046935429C4C80,3,['Arena'],Torre Lamberti,"['Sighseeing', 'Centro Fotografia', 'Museo Conte', 'Casa Giulietta', 'Palazzo della Ragione']",Teatro Romano,strategy_nearest,False,0.0043408870697021484,success
046929429C4C80,0,"['Castelvecchio', 'San Zeno']",Teatro Romano,"['Santa Anastasia', 'Duomo', 'AMO', 'Palazzo della Ragione', 'Museo Conte']",Giardino Giusti,strategy_nearest,False,0.004359245300292969,success
04693A429C4C80,1,"['Arena', 'Casa Giulietta']",Torre Lamberti,"['Sighseeing', 'Centro Fotografia', 'Museo Conte', 'Palazzo della Ragione', 'AMO']",Palazzo della Ragione,strategy_nearest,True,0.0028581619262695312,success
04693E3A9C4C80,3,"['Arena', 'Casa Giulietta']",Torre Lamberti,"['Sighseeing', 'Centro Fotografia', 'Museo Conte', 'Palazzo della Ragione', 'AMO']",Santa Anastasia,strategy_nearest,False,0.002301931381225586,success
046949429C4C80,0,['Torre Lamberti'],Casa Giulietta,"['Centro Fotografia', 'Sighseeing', 'Museo Conte', 'Museo Radio', 'Palazzo della Ragione']",Arena,strategy_nearest,False,0.002833127975463867,success
0469473A9C4C80,3,['Castelvecchio'],Arena,"['Verona Tour', 'Museo Lapidario', 'Museo Radio', 'San Fermo', 'Casa Giulietta']",Santa Anastasia,strategy_nearest,False,0.003489971160888672,success
046955429C4C80,3,"['Arena', 'San Fermo']",Casa Giulietta,"['Centro Fotografia', 'Sighseeing', 'Torre Lamberti', 'Museo Conte', 'Museo Radio']",Santa Anastasia,strategy_nearest,False,0.002440929412841797,success
04695E429C4C80,0,['Arena'],Casa Giulietta,"['Centro Fotografia', 'Sighseeing', 'Torre Lamberti', 'Museo Conte', 'Museo Radio']",Castelvecchio,strategy_nearest,False,0.002146005630493164,success
04695F3A9C4C80,0,['Arena'],Casa Giulietta,"['Centro Fotografia', 'Sighseeing', 'Torre Lamberti', 'Museo Conte', 'Museo Radio']",Torre Lamberti,strategy_nearest,True,0.0027070045471191406,success
046971429C4C80,0,['Arena'],San Fermo,"['Museo Storia', 'Museo Radio', 'Casa Giulietta', 'Centro Fotografia', 'Sighseeing']",Casa Giulietta,strategy_nearest,True,0.002794981002807617,success
046976429C4C80,3,"['Arena', 'Santa Anastasia']",Museo Lapidario,"['Verona Tour', 'Castelvecchio', 'Museo Radio', 'San Fermo', 'Casa Giulietta']",San Fermo,strategy_nearest,True,0.0017809867858886719,success
0469743A9C4C80,3,"['Arena', 'Casa Giulietta']",Santa Anastasia,"['AMO', 'Museo Conte', 'Palazzo della Ragione', 'Teatro Romano', 'Centro Fotografia']",Teatro Romano,strategy_nearest,True,0.00404667854309082,success
0469793A9C4C80,0,['Casa Giulietta'],Torre Lamberti,"['Sighseeing', 'Centro Fotografia', 'Museo Conte', 'Palazzo della Ragione', 'AMO']",Arena,strategy_nearest,False,0.002228975296020508,success
04697B429C4C80,0,['Arena'],Casa Giulietta,"['Centro Fotografia', 'Sighseeing', 'Torre Lamberti', 'Museo Conte', 'Museo Radio']",Santa Anastasia,strategy_nearest,False,0.002611875534057617,success
046980429C4C80,1,"['Torre Lamberti', 'Palazzo della Ragione', 'Arena']",Casa Giulietta,"['Centro Fotografia', 'Sighseeing', 'Museo Conte', 'Museo Radio', 'San Fermo']",Santa Anastasia,strategy_nearest,False,0.0025892257690429688,success
0469884A9C4C80,3,['Arena'],Casa Giulietta,"['Centro Fotografia', 'Sighseeing', 'Torre Lamberti', 'Museo Conte', 'Museo Radio']",Santa Anastasia,strategy_nearest,False,0.0025610923767089844,success
04698C3A9C4C80,2,"['Castelvecchio', 'San Zeno']",Torre Lamberti,"['Sighseeing', 'Centro Fotografia', 'Museo Conte', 'Casa Giulietta', 'Palazzo della Ragione']",Casa Giulietta,strategy_nearest,True,0.0028438568115234375,success
04698D429C4C80,0,['Arena'],Castelvecchio,"['Museo Lapidario', 'Verona Tour', 'Museo Radio', 'San Zeno', 'Sighseeing']",San Zeno,strategy_nearest,True,0.0023088455200195312,success
04699A429C4C80,3,['Arena'],Torre Lamberti,"['Sighseeing', 'Centro Fotografia', 'Museo Conte', 'Casa Giulietta', 'Palazzo della Ragione']",Santa Anastasia,strategy_nearest,False,0.0026149749755859375,success
0469A9429C4C80,0,['Teatro Romano'],Castelvecchio,"['Museo Lapidario', 'Verona Tour', 'Arena', 'Museo Radio', 'San Zeno']",Arena,strategy_nearest,True,0.0025300979614257812,success
04698E429C4C80,1,"['Arena', 'Casa Giulietta']",Torre Lamberti,"['Sighseeing', 'Centro Fotografia', 'Museo Conte', 'Palazzo della Ragione', 'AMO']",Palazzo della Ragione,strategy_nearest,True,0.002855062484741211,success
0469AA429C4C80,3,"['Arena', 'Museo Lapidario', 'San Fermo']",Santa Anastasia,"['AMO', 'Museo Conte', 'Palazzo della Ragione', 'Teatro Romano', 'Centro Fotografia']",Teatro Romano,strategy_nearest,True,0.0030400753021240234,success
0469C0429C4C80,1,"['San Zeno', 'Casa Giulietta', 'Tomba Giulietta', 'Arena']",Torre Lamberti,"['Sighseeing', 'Centro Fotografia', 'Museo Conte', 'Palazzo della Ragione', 'AMO']",Palazzo della Ragione,strategy_nearest,True,0.002513885498046875,success
0469C53A9C4C80,2,['Casa Giulietta'],Torre Lamberti,"['Sighseeing', 'Centro Fotografia', 'Museo Conte', 'Palazzo della Ragione', 'AMO']",Duomo,strategy_nearest,False,0.0027201175689697266,success
0469C5429C4C80,3,"['Arena', 'Castelvecchio']",Torre Lamberti,"['Sighseeing', 'Centro Fotografia', 'Museo Conte', 'Casa Giulietta', 'Palazzo della Ragione']",Santa Anastasia,strategy_nearest,False,0.0027251243591308594,success
0469C8429C4C80,3,"['Casa Giulietta', 'Arena', 'Castelvecchio']",Torre Lamberti,"['Sighseeing', 'Centro Fotografia', 'Museo Conte', 'Palazzo della Ragione', 'AMO']",Santa Anastasia,strategy_nearest,False,0.0031647682189941406,success
0469CA429C4C80,0,"['Casa Giulietta', 'Arena']",Torre Lamberti,"['Sighseeing', 'Centro Fotografia', 'Museo Conte', 'Palazzo della Ragione', 'AMO']",Teatro Romano,strategy_nearest,False,0.0026738643646240234,success
0469D93A9C4C80,0,['Arena'],Casa Giulietta,"['Centro Fotografia', 'Sighseeing', 'Torre Lamberti', 'Museo Conte', 'Museo Radio']",Castelvecchio,strategy_nearest,False,0.0027239322662353516,success
0469EB3A9C4C80,3,"['Tomba Giulietta', 'San Fermo', 'Castelvecchio', 'San Zeno']",Arena,"['Verona Tour', 'Museo Lapidario', 'Museo Radio', 'Casa Giulietta', 'Sighseeing']",Casa Giulietta,strategy_nearest,True,0.002541065216064453,success
0469ED3A9C4C80,0,['Arena'],Castelvecchio,"['Museo Lapidario', 'Verona Tour', 'Museo Radio', 'San Zeno', 'Sighseeing']",San Zeno,strategy_nearest,True,0.0029549598693847656,success
0469EF3A9C4C80,0,['Arena'],San Fermo,"['Museo Storia', 'Museo Radio', 'Casa Giulietta', 'Centro Fotografia', 'Sighseeing']",Casa Giulietta,strategy_nearest,True,0.0016210079193115234,success
0469F33A9C4C80,0,['Arena'],Torre Lamberti,"['Sighseeing', 'Centro Fotografia', 'Museo Conte', 'Casa Giulietta', 'Palazzo della Ragione']",Casa Giulietta,strategy_nearest,True,0.0026061534881591797,success
0469F0429C4C80,2,"['Casa Giulietta', 'Duomo', 'Teatro Romano']",San Fermo,"['Museo Storia', 'Museo Radio', 'Centro Fotografia', 'Arena', 'Sighseeing']",Museo Lapidario,strategy_nearest,False,0.00249481201171875,success
0469F13A9C4C80,0,['Arena'],Casa Giulietta,"['Centro Fotografia', 'Sighseeing', 'Torre Lamberti', 'Museo Conte', 'Museo Radio']",Castelvecchio,strategy_nearest,False,0.0036809444427490234,success
0469F6429C4C80,2,"['Castelvecchio', 'Casa Giulietta', 'Santa Anastasia']",Duomo,"['AMO', 'Museo Miniscalchi', 'Teatro Romano', 'Palazzo della Ragione', 'Museo Conte']",Teatro Romano,strategy_nearest,True,0.0028028488159179688,success
0469F7429C4C80,2,"['San Fermo', 'Castelvecchio', 'San Zeno', 'Santa Anastasia']",Casa Giulietta,"['Centro Fotografia', 'Sighseeing', 'Torre Lamberti', 'Museo Conte', 'Museo Radio']",Tomba Giulietta,strategy_nearest,False,0.0022149085998535156,success
046A06429C4C84,0,"['Castelvecchio', 'Casa Giulietta']",Tomba Giulietta,"['San Fermo', 'Museo Storia', 'Arena', 'Museo Lapidario', 'Museo Radio']",Arena,strategy_nearest,True,0.003100156784057617,success
0469F53A9C4C80,3,['Arena'],Santa Anastasia,"['AMO', 'Museo Conte', 'Palazzo della Ragione', 'Teatro Romano', 'Centro Fotografia']",Duomo,strategy_nearest,False,0.0023407936096191406,success
046A143A9C4C80,3,"['Arena', 'San Fermo', 'Torre Lamberti']",Casa Giulietta,"['Centro Fotografia', 'Sighseeing', 'Museo Conte', 'Museo Radio', 'Palazzo della Ragione']",Teatro Romano,strategy_nearest,False,0.0012629032135009766,success
046A0C3A9C4C84,2,['Duomo'],Santa Anastasia,"['AMO', 'Museo Conte', 'Palazzo della Ragione', 'Teatro Romano', 'Centro Fotografia']",Castelvecchio,strategy_nearest,False,0.0026268959045410156,success
046A0B429C4C84,2,['Teatro Romano'],Santa Anastasia,"['AMO', 'Museo Conte', 'Palazzo della Ragione', 'Centro Fotografia', 'Duomo']",Palazzo della Ragione,strategy_nearest,True,0.0019991397857666016,success
046A16429C4C84,1,"['Castelvecchio', 'Arena']",Casa Giulietta,"['Centro Fotografia', 'Sighseeing', 'Torre Lamberti', 'Museo Conte', 'Museo Radio']",Torre Lamberti,strategy_nearest,True,0.0031180381774902344,success
046A173A9C4C84,0,['Arena'],Torre Lamberti,"['Sighseeing', 'Centro Fotografia', 'Museo Conte', 'Casa Giulietta', 'Palazzo della Ragione']",Teatro Romano,strategy_nearest,False,0.002893686294555664,success
046A1A429C4C84,3,"['Castelvecchio', 'Casa Giulietta', 'Arena']",Torre Lamberti,"['Sighseeing', 'Centro Fotografia', 'Museo Conte', 'Palazzo della Ragione', 'AMO']",Duomo,strategy_nearest,False,0.0022668838500976562,success
046A1B429C4C80,1,"['Arena', 'Castelvecchio']",Torre Lamberti,"['Sighseeing', 'Centro Fotografia', 'Museo Conte', 'Casa Giulietta', 'Palazzo della Ragione']",Palazzo della Ragione,strategy_nearest,True,0.0031859874725341797,success
046A1C429C4C84,1,"['Arena', 'Casa Giulietta', 'Santa Anastasia']",San Zeno,"['Castelvecchio', 'Verona Tour', 'Museo Lapidario', 'Museo Miniscalchi', 'Sighseeing']",Duomo,strategy_nearest,False,0.002998828887939453,success
046A253A9C4C80,0,['Arena'],Casa Giulietta,"['Centro Fotografia', 'Sighseeing', 'Torre Lamberti', 'Museo Conte', 'Museo Radio']",Santa Anastasia,strategy_nearest,False,0.0026710033416748047,success
046A1D429C4C84,1,"['Arena', 'Casa Giulietta']",Palazzo della Ragione,"['AMO', 'Museo Conte', 'Torre Lamberti', 'Centro Fotografia', 'Sighseeing']",Torre Lamberti,strategy_nearest,True,0.002096891403198242,success
046A2A4A9C4C80,3,"['Arena', 'Casa Giulietta', 'Torre Lamberti']",Teatro Romano,"['Santa Anastasia', 'Duomo', 'AMO', 'Palazzo della Ragione', 'Museo Conte']",Castelvecchio,strategy_nearest,False,0.002960205078125,success
046A2B429C4C80,3,"['Arena', 'San Fermo']",Torre Lamberti,"['Sighseeing', 'Centro Fotografia', 'Museo Conte', 'Casa Giulietta', 'Palazzo della Ragione']",Santa Anastasia,strategy_nearest,False,0.0012891292572021484,success
046A354A9C4C80,2,"['Castelvecchio', 'Giardino Giusti']",San Fermo,"['Museo Storia', 'Museo Radio', 'Casa Giulietta', 'Centro Fotografia', 'Arena']",Torre Lamberti,strategy_nearest,False,0.002042055130004883,success
046A373A9C4C80,3,"['Casa Giulietta', 'Arena']",Castelvecchio,"['Museo Lapidario', 'Verona Tour', 'Museo Radio', 'San Zeno', 'Sighseeing']",Torre Lamberti,strategy_nearest,False,0.0022721290588378906,success
046A36429C4C80,1,"['Castelvecchio', 'Arena', 'Casa Giulietta']",Torre Lamberti,"['Sighseeing', 'Centro Fotografia', 'Museo Conte', 'Palazzo della Ragione', 'AMO']",Teatro Romano,strategy_nearest,False,0.0030891895294189453,success
046A433A9C4C80,0,"['Casa Giulietta', 'Torre Lamberti']",Castelvecchio,"['Museo Lapidario', 'Verona Tour', 'Arena', 'Museo Radio', 'San Zeno']",San Zeno,strategy_nearest,True,0.0019981861114501953,success
046A4C429C4C80,1,"['Arena', 'Casa Giulietta']",Torre Lamberti,"['Sighseeing', 'Centro Fotografia', 'Museo Conte', 'Palazzo della Ragione', 'AMO']",Palazzo della Ragione,strategy_nearest,True,0.003123044967651367,success
046A44429C4C80,2,"['Castelvecchio', 'Santa Anastasia', 'Duomo']",Teatro Romano,"['AMO', 'Palazzo della Ragione', 'Museo Conte', 'Centro Fotografia', 'Museo Miniscalchi']",Casa Giulietta,strategy_nearest,False,0.002649068832397461,success
046A503A9C4C80,1,"['Casa Giulietta', 'Torre Lamberti']",Palazzo della Ragione,"['AMO', 'Museo Conte', 'Centro Fotografia', 'Sighseeing', 'Santa Anastasia']",Santa Anastasia,strategy_nearest,True,0.003227710723876953,success
046A53429C4C80,0,['Arena'],Castelvecchio,"['Museo Lapidario', 'Verona Tour', 'Museo Radio', 'San Zeno', 'Sighseeing']",Casa Giulietta,strategy_nearest,False,0.00257110595703125,success
046A55429C4C80,0,['Arena'],Casa Giulietta,"['Centro Fotografia', 'Sighseeing', 'Torre Lamberti', 'Museo Conte', 'Museo Radio']",Torre Lamberti,strategy_nearest,True,0.002424955368041992,success
046A523A9C4C80,2,['Duomo'],Santa Anastasia,"['AMO', 'Museo Conte', 'Palazzo della Ragione', 'Teatro Romano', 'Centro Fotografia']",San Fermo,strategy_nearest,False,0.0020961761474609375,success
046A563A9C4C80,3,"['Arena', 'Casa Giulietta']",Torre Lamberti,"['Sighseeing', 'Centro Fotografia', 'Museo Conte', 'Palazzo della Ragione', 'AMO']",Santa Anastasia,strategy_nearest,False,0.0028810501098632812,success
046A63429C4C80,3,"['San Fermo', 'Duomo']",Castelvecchio,"['Museo Lapidario', 'Verona Tour', 'Arena', 'Museo Radio', 'San Zeno']",Arena,strategy_nearest,True,0.001940011978149414,success
046A633A9C4C80,2,"['Casa Giulietta', 'San Fermo']",Castelvecchio,"['Museo Lapidario', 'Verona Tour', 'Arena', 'Museo Radio', 'San Zeno']",Duomo,strategy_nearest,False,0.002549886703491211,success
046A65429C4C80,1,"['Arena', 'Museo Lapidario', 'Casa Giulietta']",Santa Anastasia,"['AMO', 'Museo Conte', 'Palazzo della Ragione', 'Teatro Romano', 'Centro Fotografia']",Torre Lamberti,strategy_nearest,False,0.003077983856201172,success
046A683A9C4C80,3,"['Torre Lamberti', 'Santa Anastasia', 'Castelvecchio']",Casa Giulietta,"['Centro Fotografia', 'Sighseeing', 'Museo Conte', 'Museo Radio', 'Palazzo della Ragione']",Arena,strategy_nearest,False,0.0017499923706054688,success
046A743A9C4C80,3,"['Arena', 'Casa Giulietta', 'Torre Lamberti']",Santa Anastasia,"['AMO', 'Museo Conte', 'Palazzo della Ragione', 'Teatro Romano', 'Centro Fotografia']",Teatro Romano,strategy_nearest,True,0.003275156021118164,success
046A723A9C4C80,3,"['Castelvecchio', 'Arena', 'Casa Giulietta']",Torre Lamberti,"['Sighseeing', 'Centro Fotografia', 'Museo Conte', 'Palazzo della Ragione', 'AMO']",Santa Anastasia,strategy_nearest,False,0.0017299652099609375,success
046A773A9C4C80,1,"['Casa Giulietta', 'Arena']",Santa Anastasia,"['AMO', 'Museo Conte', 'Palazzo della Ragione', 'Teatro Romano', 'Centro Fotografia']",Palazzo della Ragione,strategy_nearest,True,0.0030188560485839844,success
046A753A9C4C80,0,['Casa Giulietta'],Castelvecchio,"['Museo Lapidario', 'Verona Tour', 'Arena', 'Museo Radio', 'San Zeno']",Arena,strategy_nearest,True,0.001967191696166992,success
046A7A4A9C4C80,1,"['Museo Lapidario', 'Arena']",Casa Giulietta,"['Centro Fotografia', 'Sighseeing', 'Torre Lamberti', 'Museo Conte', 'Museo Radio']",Torre Lamberti,strategy_nearest,True,0.0011990070343017578,success
046A8A429C4C80,0,"['Arena', 'Casa Giulietta']",Torre Lamberti,"['Sighseeing', 'Centro Fotografia', 'Museo Conte', 'Palazzo della Ragione', 'AMO']",Museo Lapidario,strategy_nearest,False,0.003125905990600586,success
046A843A9C4C80,0,['Arena'],Castelvecchio,"['Museo Lapidario', 'Verona Tour', 'Museo Radio', 'San Zeno', 'Sighseeing']",Teatro Romano,strategy_nearest,False,0.0025818347930908203,success
046A7A3A9C4C80,1,"['Castelvecchio', 'Museo Lapidario', 'Arena', 'Casa Giulietta']",Torre Lamberti,"['Sighseeing', 'Centro Fotografia', 'Museo Conte', 'Palazzo della Ragione', 'AMO']",Palazzo della Ragione,strategy_nearest,True,0.002206087112426758,success
046A8E429C4C80,3,"['Duomo', 'Santa Anastasia', 'Casa Giulietta']",Castelvecchio,"['Museo Lapidario', 'Verona Tour', 'Arena', 'Museo Radio', 'San Zeno']",Torre Lamberti,strategy_nearest,False,0.0010869503021240234,success
046A99429C4C80,3,"['Santa Anastasia', 'Duomo']",Castelvecchio,"['Museo Lapidario', 'Verona Tour', 'Arena', 'Museo Radio', 'San Zeno']",Arena,strategy_nearest,True,0.003113985061645508,success
046A92429C4C80,0,['Arena'],Casa Giulietta,"['Centro Fotografia', 'Sighseeing', 'Torre Lamberti', 'Museo Conte', 'Museo Radio']",Torre Lamberti,strategy_nearest,True,0.0026268959045410156,success
046A8F429C4C80,1,"['Castelvecchio', 'Arena']",Casa Giulietta,"['Centro Fotografia', 'Sighseeing', 'Torre Lamberti', 'Museo Conte', 'Museo Radio']",Palazzo della Ragione,strategy_nearest,False,0.002061128616333008,success
046A9B429C4C80,3,"['Arena', 'Casa Giulietta', 'Torre Lamberti']",Santa Anastasia,"['AMO', 'Museo Conte', 'Palazzo della Ragione', 'Teatro Romano', 'Centro Fotografia']",Teatro Romano,strategy_nearest,True,0.0024678707122802734,success
046AA6429C4C80,2,"['Casa Giulietta', 'Santa Anastasia']",Teatro Romano,"['Duomo', 'AMO', 'Palazzo della Ragione', 'Museo Conte', 'Centro Fotografia']",Duomo,strategy_nearest,True,0.0028543472290039062,success
046AA54A9C4C80,3,"['Arena', 'Casa Giulietta']",Santa Anastasia,"['AMO', 'Museo Conte', 'Palazzo della Ragione', 'Teatro Romano', 'Centro Fotografia']",Duomo,strategy_nearest,False,0.002106189727783203,success
046AA9429C4C80,3,['Arena'],Casa Giulietta,"['Centro Fotografia', 'Sighseeing', 'Torre Lamberti', 'Museo Conte', 'Museo Radio']",Santa Anastasia,strategy_nearest,False,0.0033168792724609375,success
046AAB429C4C80,3,['Casa Giulietta'],Torre Lamberti,"['Sighseeing', 'Centro Fotografia', 'Museo Conte', 'Palazzo della Ragione', 'AMO']",Arena,strategy_nearest,False,0.003175020217895508,success
046AB0429C4C80,0,['Arena'],Casa Giulietta,"['Centro Fotografia', 'Sighseeing', 'Torre Lamberti', 'Museo Conte', 'Museo Radio']",Torre Lamberti,strategy_nearest,True,0.0016481876373291016,success
046AAB4A9C4C80,1,"['Arena', 'Palazzo della Ragione']",Torre Lamberti,"['Sighseeing', 'Centro Fotografia', 'Museo Conte', 'Casa Giulietta', 'AMO']",Santa Anastasia,strategy_nearest,False,0.0025959014892578125,success
046AB73A9C4C80,3,['Arena'],Casa Giulietta,"['Centro Fotografia', 'Sighseeing', 'Torre Lamberti', 'Museo Conte', 'Museo Radio']",Santa Anastasia,strategy_nearest,False,0.0024042129516601562,success
046AC03A9C4C80,0,['Arena'],Casa Giulietta,"['Centro Fotografia', 'Sighseeing', 'Torre Lamberti', 'Museo Conte', 'Museo Radio']",Duomo,strategy_nearest,False,0.001898050308227539,success
046ABE3A9C4C80,0,['Casa Giulietta'],Arena,"['Verona Tour', 'Museo Lapidario', 'Museo Radio', 'San Fermo', 'Sighseeing']",Castelvecchio,strategy_nearest,False,0.0015499591827392578,success
046ABA3A9C4C80,0,['Arena'],Duomo,"['AMO', 'Museo Miniscalchi', 'Santa Anastasia', 'Teatro Romano', 'Palazzo della Ragione']",San Fermo,strategy_nearest,False,0.0032510757446289062,success
046ACA3A9C4C80,3,"['Arena', 'Castelvecchio']",Santa Anastasia,"['AMO', 'Museo Conte', 'Palazzo della Ragione', 'Teatro Romano', 'Centro Fotografia']",Duomo,strategy_nearest,False,0.0022339820861816406,success
046ADA3A9C4C80,0,['Arena'],Tomba Giulietta,"['San Fermo', 'Museo Storia', 'Museo Lapidario', 'Museo Radio', 'Verona Tour']",Castelvecchio,strategy_nearest,False,0.0015749931335449219,success
046ACF429C4C80,1,"['Casa Giulietta', 'Arena', 'San Fermo', 'Santa Anastasia', 'Duomo']",San Zeno,"['Castelvecchio', 'Verona Tour', 'Museo Lapidario', 'Museo Miniscalchi', 'Sighseeing']",Castelvecchio,strategy_nearest,True,0.0028700828552246094,success
046AD93A9C4C80,1,"['Casa Giulietta', 'Torre Lamberti', 'Palazzo della Ragione', 'Santa Anastasia']",Duomo,"['AMO', 'Museo Miniscalchi', 'Teatro Romano', 'Museo Conte', 'Centro Fotografia']",Castelvecchio,strategy_nearest,False,0.0034079551696777344,success
046ADB3A9C4C80,0,['Arena'],Casa Giulietta,"['Centro Fotografia', 'Sighseeing', 'Torre Lamberti', 'Museo Conte', 'Museo Radio']",Torre Lamberti,strategy_nearest,True,0.0033431053161621094,success
046AE13A9C4C80,3,"['Arena', 'Casa Giulietta']",Torre Lamberti,"['Sighseeing', 'Centro Fotografia', 'Museo Conte', 'Palazzo della Ragione', 'AMO']",Santa Anastasia,strategy_nearest,False,0.0021157264709472656,success
046AE23A9C4C80,2,['Castelvecchio'],San Zeno,"['Verona Tour', 'Museo Lapidario', 'Arena', 'Museo Miniscalchi', 'Sighseeing']",San Fermo,strategy_nearest,False,0.00214385986328125,success
046AE53A9C4C80,0,"['Arena', 'Casa Giulietta']",Castelvecchio,"['Museo Lapidario', 'Verona Tour', 'Museo Radio', 'San Zeno', 'Sighseeing']",Museo Lapidario,strategy_nearest,True,0.0033178329467773438,success
046AEF3A9C4C80,1,"['Duomo', 'Santa Anastasia', 'Castelvecchio', 'San Zeno', 'Museo Lapidario']",Casa Giulietta,"['Centro Fotografia', 'Sighseeing', 'Torre Lamberti', 'Museo Conte', 'Museo Radio']",Torre Lamberti,strategy_nearest,True,0.003609895706176758,success
046B0B429C4C84,0,['Arena'],Casa Giulietta,"['Centro Fotografia', 'Sighseeing', 'Torre Lamberti', 'Museo Conte', 'Museo Radio']",Tomba Giulietta,strategy_nearest,False,0.0031807422637939453,success
046B083A9C4C84,0,['Arena'],Casa Giulietta,"['Centro Fotografia', 'Sighseeing', 'Torre Lamberti', 'Museo Conte', 'Museo Radio']",Castelvecchio,strategy_nearest,False,0.00257110595703125,success
046B193A9C4C80,0,['Museo Lapidario'],Arena,"['Verona Tour', 'Museo Radio', 'San Fermo', 'Casa Giulietta', 'Sighseeing']",Castelvecchio,strategy_nearest,False,0.002939939498901367,success
046B133A9C4C84,0,['Arena'],Torre Lamberti,"['Sighseeing', 'Centro Fotografia', 'Museo Conte', 'Casa Giulietta', 'Palazzo della Ragione']",Casa Giulietta,strategy_nearest,True,0.0023937225341796875,success
046B143A9C4C80,0,['Arena'],Castelvecchio,"['Museo Lapidario', 'Verona Tour', 'Museo Radio', 'San Zeno', 'Sighseeing']",Castelvecchio,strategy_nearest,False,0.002332925796508789,success
046B1A429C4C80,3,"['Arena', 'Torre Lamberti', 'Duomo']",Teatro Romano,"['Santa Anastasia', 'AMO', 'Palazzo della Ragione', 'Museo Conte', 'Centro Fotografia']",Casa Giulietta,strategy_nearest,False,0.0034570693969726562,success
046B1F4A9C4C80,1,"['Casa Giulietta', 'Torre Lamberti', 'Palazzo della Ragione', 'Santa Anastasia', 'Duomo']",Castelvecchio,"['Museo Lapidario', 'Verona Tour', 'Arena', 'Museo Radio', 'San Zeno']",Museo Lapidario,strategy_nearest,True,0.002386331558227539,success
046B1E3A9C4C84,3,"['Arena', 'Casa Giulietta', 'Teatro Romano']",Torre Lamberti,"['Sighseeing', 'Centro Fotografia', 'Museo Conte', 'Palazzo della Ragione', 'AMO']",Santa Anastasia,strategy_nearest,False,0.002225160598754883,success
046B21429C4C80,1,"['Casa Giulietta', 'Palazzo della Ragione', 'Torre Lamberti', 'Santa Anastasia', 'Arena']",Teatro Romano,"['Duomo', 'AMO', 'Museo Conte', 'Centro Fotografia', 'Museo Miniscalchi']",Museo Lapidario,strategy_nearest,False,0.0029571056365966797,success
046B224A9C4C80,1,"['Casa Giulietta', 'Torre Lamberti', 'Palazzo della Ragione', 'Tomba Giulietta']",Arena,"['Verona Tour', 'Museo Lapidario', 'Museo Radio', 'San Fermo', 'Sighseeing']",Santa Anastasia,strategy_nearest,False,0.002984762191772461,success
046B2D3A9C4C80,0,['Arena'],Casa Giulietta,"['Centro Fotografia', 'Sighseeing', 'Torre Lamberti', 'Museo Conte', 'Museo Radio']",Castelvecchio,strategy_nearest,False,0.0032567977905273438,success
046B2A4A9C4C80,0,['Casa Giulietta'],Arena,"['Verona Tour', 'Museo Lapidario', 'Museo Radio', 'San Fermo', 'Sighseeing']",Castelvecchio,strategy_nearest,False,0.001461029052734375,success
046B233A9C4C80,3,"['San Fermo', 'Arena', 'Torre Lamberti', 'Santa Anastasia']",Casa Giulietta,"['Centro Fotografia', 'Sighseeing', 'Museo Conte', 'Museo Radio', 'Palazzo della Ragione']",Casa Giulietta,strategy_nearest,False,0.00292205810546875,success
046B253A9C4C80,2,['Duomo'],Santa Anastasia,"['AMO', 'Museo Conte', 'Palazzo della Ragione', 'Teatro Romano', 'Centro Fotografia']",Castelvecchio,strategy_nearest,False,0.0022430419921875,success
046B2D4A9C4C80,2,['Casa Giulietta'],Torre Lamberti,"['Sighseeing', 'Centro Fotografia', 'Museo Conte', 'Palazzo della Ragione', 'AMO']",Castelvecchio,strategy_nearest,False,0.0012619495391845703,success
046B334A9C4C80,1,"['Casa Giulietta', 'Torre Lamberti']",Palazzo della Ragione,"['AMO', 'Museo Conte', 'Centro Fotografia', 'Sighseeing', 'Santa Anastasia']",Arena,strategy_nearest,False,0.0021550655364990234,success
046B354A9C4C80,0,['Casa Giulietta'],Arena,"['Verona Tour', 'Museo Lapidario', 'Museo Radio', 'San Fermo', 'Sighseeing']",San Zeno,strategy_nearest,False,0.0031070709228515625,success
046B2E429C4C80,0,"['Casa Giulietta', 'Torre Lamberti']",Torre Lamberti,"['Sighseeing', 'Centro Fotografia', 'Museo Conte', 'Palazzo della Ragione', 'AMO']",Arena,strategy_nearest,False,0.002865314483642578,success
046B49429C4C80,0,['Arena'],Casa Giulietta,"['Centro Fotografia', 'Sighseeing', 'Torre Lamberti', 'Museo Conte', 'Museo Radio']",Santa Anastasia,strategy_nearest,False,0.00156402587890625,success
046B36429C4C80,2,"['Castelvecchio', 'Palazzo della Ragione', 'San Fermo']",Tomba Giulietta,"['Museo Storia', 'Arena', 'Museo Lapidario', 'Museo Radio', 'Verona Tour']",Castelvecchio,strategy_nearest,False,0.0036067962646484375,success
046B463A9C4C80,0,"['Casa Giulietta', 'Duomo']",Torre Lamberti,"['Sighseeing', 'Centro Fotografia', 'Museo Conte', 'Palazzo della Ragione', 'AMO']",Arena,strategy_nearest,False,0.0023338794708251953,success
046B4B3A9C4C80,1,"['Arena', 'Casa Giulietta', 'Torre Lamberti']",Palazzo della Ragione,"['AMO', 'Museo Conte', 'Centro Fotografia', 'Sighseeing', 'Santa Anastasia']",Santa Anastasia,strategy_nearest,True,0.0033349990844726562,success
046B54429C4C80,0,['Arena'],Casa Giulietta,"['Centro Fotografia', 'Sighseeing', 'Torre Lamberti', 'Museo Conte', 'Museo Radio']",Castelvecchio,strategy_nearest,False,0.0015189647674560547,success
046B55429C4C80,1,['Arena'],Castelvecchio,"['Museo Lapidario', 'Verona Tour', 'Museo Radio', 'San Zeno', 'Sighseeing']",Palazzo della Ragione,strategy_nearest,False,0.002173900604248047,success
046B4F429C4C80,3,"['Arena', 'Casa Giulietta']",Torre Lamberti,"['Sighseeing', 'Centro Fotografia', 'Museo Conte', 'Palazzo della Ragione', 'AMO']",Santa Anastasia,strategy_nearest,False,0.0035359859466552734,success
046B633A9C4C80,1,"['Palazzo della Ragione', 'Teatro Romano', 'Santa Anastasia']",Casa Giulietta,"['Centro Fotografia', 'Sighseeing', 'Torre Lamberti', 'Museo Conte', 'Museo Radio']",San Zeno,strategy_nearest,False,0.0032792091369628906,success
046B783A9C4C80,0,['Castelvecchio'],Arena,"['Verona Tour', 'Museo Lapidario', 'Museo Radio', 'San Fermo', 'Casa Giulietta']",Casa Giulietta,strategy_nearest,True,0.002061128616333008,success
046B7D4A9C4C80,3,"['Castelvecchio', 'Arena']",Casa Giulietta,"['Centro Fotografia', 'Sighseeing', 'Torre Lamberti', 'Museo Conte', 'Museo Radio']",Torre Lamberti,strategy_nearest,True,0.002620220184326172,success
046B863A9C4C80,1,['Arena'],Castelvecchio,"['Museo Lapidario', 'Verona Tour', 'Museo Radio', 'San Zeno', 'Sighseeing']",Torre Lamberti,strategy_nearest,False,0.0030112266540527344,success
046B853A9C4C80,0,['Arena'],Casa Giulietta,"['Centro Fotografia', 'Sighseeing', 'Torre Lamberti', 'Museo Conte', 'Museo Radio']",Torre Lamberti,strategy_nearest,True,0.0038580894470214844,success
046B8C429C4C80,0,['Arena'],Castelvecchio,"['Museo Lapidario', 'Verona Tour', 'Museo Radio', 'San Zeno', 'Sighseeing']",San Zeno,strategy_nearest,True,0.0020716190338134766,success
046B893A9C4C80,2,"['San Fermo', 'Casa Giulietta']",Santa Anastasia,"['AMO', 'Museo Conte', 'Palazzo della Ragione', 'Teatro Romano', 'Centro Fotografia']",Duomo,strategy_nearest,False,0.002910137176513672,success
046B90429C4C80,0,['Arena'],Castelvecchio,"['Museo Lapidario', 'Verona Tour', 'Museo Radio', 'San Zeno', 'Sighseeing']",Casa Giulietta,strategy_nearest,False,0.0028281211853027344,success
046B904A9C4C80,0,['Arena'],Casa Giulietta,"['Centro Fotografia', 'Sighseeing', 'Torre Lamberti', 'Museo Conte', 'Museo Radio']",Tomba Giulietta,strategy_nearest,False,0.0033800601959228516,success
046BA1429C4C80,1,"['Arena', 'Castelvecchio']",Casa Giulietta,"['Centro Fotografia', 'Sighseeing', 'Torre Lamberti', 'Museo Conte', 'Museo Radio']",Palazzo della Ragione,strategy_nearest,False,0.0021131038665771484,success
046B914A9C4C80,0,"['Arena', 'Castelvecchio']",Torre Lamberti,"['Sighseeing', 'Centro Fotografia', 'Museo Conte', 'Casa Giulietta', 'Palazzo della Ragione']",Duomo,strategy_nearest,False,0.0034627914428710938,success
046BA24A9C4C80,0,['Arena'],Casa Giulietta,"['Centro Fotografia', 'Sighseeing', 'Torre Lamberti', 'Museo Conte', 'Museo Radio']",Santa Anastasia,strategy_nearest,False,0.002885103225708008,success
046BA63A9C4C80,0,['Arena'],Casa Giulietta,"['Centro Fotografia', 'Sighseeing', 'Torre Lamberti', 'Museo Conte', 'Museo Radio']",Santa Anastasia,strategy_nearest,False,0.003531932830810547,success
046BAB3A9C4C80,3,"['Arena', 'Tomba Giulietta', 'Torre Lamberti']",Casa Giulietta,"['Centro Fotografia', 'Sighseeing', 'Museo Conte', 'Museo Radio', 'Palazzo della Ragione']",Museo Lapidario,strategy_nearest,False,0.0023500919342041016,success
046BAA4A9C4C80,1,"['Arena', 'Casa Giulietta']",Torre Lamberti,"['Sighseeing', 'Centro Fotografia', 'Museo Conte', 'Palazzo della Ragione', 'AMO']",Palazzo della Ragione,strategy_nearest,True,0.003147125244140625,success
046BAB429C4C80,2,"['Casa Giulietta', 'San Fermo']",Torre Lamberti,"['Sighseeing', 'Centro Fotografia', 'Museo Conte', 'Palazzo della Ragione', 'AMO']",Palazzo della Ragione,strategy_nearest,True,0.002357006072998047,success
046BAC429C4C80,3,"['Arena', 'Santa Anastasia']",Duomo,"['AMO', 'Museo Miniscalchi', 'Teatro Romano', 'Palazzo della Ragione', 'Museo Conte']",Casa Giulietta,strategy_nearest,False,0.0017478466033935547,success
046BB0429C4C80,1,['Arena'],Casa Giulietta,"['Centro Fotografia', 'Sighseeing', 'Torre Lamberti', 'Museo Conte', 'Museo Radio']",Torre Lamberti,strategy_nearest,True,0.002482891082763672,success
046BB2429C4C80,3,"['Arena', 'Torre Lamberti']",Duomo,"['AMO', 'Museo Miniscalchi', 'Santa Anastasia', 'Teatro Romano', 'Palazzo della Ragione']",Teatro Romano,strategy_nearest,True,0.0029120445251464844,success
046BAD429C4C80,0,['Arena'],Casa Giulietta,"['Centro Fotografia', 'Sighseeing', 'Torre Lamberti', 'Museo Conte', 'Museo Radio']",Teatro Romano,strategy_nearest,False,0.0045621395111083984,success
046BB43A9C4C80,0,['Arena'],Santa Anastasia,"['AMO', 'Museo Conte', 'Palazzo della Ragione', 'Teatro Romano', 'Centro Fotografia']",Giardino Giusti,strategy_nearest,False,0.002254009246826172,success
046BC13A9C4C80,2,"['Castelvecchio', 'Casa Giulietta']",Santa Anastasia,"['AMO', 'Museo Conte', 'Palazzo della Ragione', 'Teatro Romano', 'Centro Fotografia']",Teatro Romano,strategy_nearest,True,0.0026650428771972656,success
046BC1429C4C80,2,"['Teatro Romano', 'Casa Giulietta']",Torre Lamberti,"['Sighseeing', 'Centro Fotografia', 'Museo Conte', 'Palazzo della Ragione', 'AMO']",Palazzo della Ragione,strategy_nearest,True,0.0027561187744140625,success
046BC83A9C4C80,3,"['Arena', 'Casa Giulietta', 'Torre Lamberti']",Santa Anastasia,"['AMO', 'Museo Conte', 'Palazzo della Ragione', 'Teatro Romano', 'Centro Fotografia']",Duomo,strategy_nearest,False,0.0030901432037353516,success
046BC6429C4C80,0,['Casa Giulietta'],Arena,"['Verona Tour', 'Museo Lapidario', 'Museo Radio', 'San Fermo', 'Sighseeing']",Castelvecchio,strategy_nearest,False,0.00272369384765625,success
046BCE429C4C80,1,"['Arena', 'Castelvecchio']",Torre Lamberti,"['Sighseeing', 'Centro Fotografia', 'Museo Conte', 'Casa Giulietta', 'Palazzo della Ragione']",Palazzo della Ragione,strategy_nearest,True,0.0016200542449951172,success
046BC9429C4C80,1,"['Castelvecchio', 'Casa Giulietta']",Torre Lamberti,"['Sighseeing', 'Centro Fotografia', 'Museo Conte', 'Palazzo della Ragione', 'AMO']",Palazzo della Ragione,strategy_nearest,True,0.002237081527709961,success
046BD8429C4C80,3,['Arena'],Santa Anastasia,"['AMO', 'Museo Conte', 'Palazzo della Ragione', 'Teatro Romano', 'Centro Fotografia']",Torre Lamberti,strategy_nearest,False,0.003645181655883789,success
046BD43A9C4C80,1,"['Arena', 'Casa Giulietta']",Palazzo della Ragione,"['AMO', 'Museo Conte', 'Torre Lamberti', 'Centro Fotografia', 'Sighseeing']",Torre Lamberti,strategy_nearest,True,0.002937793731689453,success
046BDF3A9C4C80,1,"['Arena', 'Casa Giulietta']",Torre Lamberti,"['Sighseeing', 'Centro Fotografia', 'Museo Conte', 'Palazzo della Ragione', 'AMO']",Palazzo della Ragione,strategy_nearest,True,0.0023093223571777344,success
046BE4429C4C80,0,['Castelvecchio'],Arena,"['Verona Tour', 'Museo Lapidario', 'Museo Radio', 'San Fermo', 'Casa Giulietta']",Casa Giulietta,strategy_nearest,True,0.002951383590698242,success
046BE7429C4C80,3,"['Teatro Romano', 'Santa Anastasia', 'Giardino Giusti']",Casa Giulietta,"['Centro Fotografia', 'Sighseeing', 'Torre Lamberti', 'Museo Conte', 'Museo Radio']",Torre Lamberti,strategy_nearest,True,0.0017850399017333984,success
046BE83A9C4C80,2,['Torre Lamberti'],Giardino Giusti,"['Santa Anastasia', 'Teatro Romano', 'Museo Conte', 'Centro Fotografia', 'Museo Storia']",Duomo,strategy_nearest,False,0.0024797916412353516,success
046BEF3A9C4C80,0,['Arena'],Torre Lamberti,"['Sighseeing', 'Centro Fotografia', 'Museo Conte', 'Casa Giulietta', 'Palazzo della Ragione']",Duomo,strategy_nearest,False,0.002157926559448242,success
046C013A9C4C84,1,"['Arena', 'Casa Giulietta']",Torre Lamberti,"['Sighseeing', 'Centro Fotografia', 'Museo Conte', 'Palazzo della Ragione', 'AMO']",Palazzo della Ragione,strategy_nearest,True,0.0018901824951171875,success
046BF7429C4C80,1,"['San Fermo', 'Torre Lamberti', 'Casa Giulietta', 'Castelvecchio']",Arena,"['Verona Tour', 'Museo Lapidario', 'Museo Radio', 'Sighseeing', 'Centro Fotografia']",Palazzo della Ragione,strategy_nearest,False,0.0019888877868652344,success
046C02429C4C84,2,"['Castelvecchio', 'Teatro Romano']",Duomo,"['AMO', 'Museo Miniscalchi', 'Santa Anastasia', 'Palazzo della Ragione', 'Museo Conte']",Santa Anastasia,strategy_nearest,True,0.002523183822631836,success
046C12429C4C80,2,"['Torre Lamberti', 'Castelvecchio']",San Zeno,"['Verona Tour', 'Museo Lapidario', 'Arena', 'Museo Miniscalchi', 'Sighseeing']",Teatro Romano,strategy_nearest,False,0.0013377666473388672,success
046C0D429C4C84,1,"['Arena', 'Casa Giulietta', 'Torre Lamberti']",Palazzo della Ragione,"['AMO', 'Museo Conte', 'Centro Fotografia', 'Sighseeing', 'Santa Anastasia']",Santa Anastasia,strategy_nearest,True,0.003975868225097656,success
046C0F3A9C4C84,0,['Casa Giulietta'],Torre Lamberti,"['Sighseeing', 'Centro Fotografia', 'Museo Conte', 'Palazzo della Ragione', 'AMO']",Teatro Romano,strategy_nearest,False,0.002489805221557617,success
046C133A9C4C80,0,['Giardino Giusti'],Duomo,"['AMO', 'Museo Miniscalchi', 'Santa Anastasia', 'Teatro Romano', 'Palazzo della Ragione']",Casa Giulietta,strategy_nearest,False,0.003353118896484375,success
046C193A9C4C80,0,"['Arena', 'Casa Giulietta']",Duomo,"['AMO', 'Museo Miniscalchi', 'Santa Anastasia', 'Teatro Romano', 'Palazzo della Ragione']",Teatro Romano,strategy_nearest,True,0.00179290771484375,success
046C16429C4C84,0,['Arena'],Casa Giulietta,"['Centro Fotografia', 'Sighseeing', 'Torre Lamberti', 'Museo Conte', 'Museo Radio']",Torre Lamberti,strategy_nearest,True,0.0025250911712646484,success
046C1B429C4C84,3,"['Arena', 'Duomo']",Santa Anastasia,"['AMO', 'Museo Conte', 'Palazzo della Ragione', 'Teatro Romano', 'Centro Fotografia']",Casa Giulietta,strategy_nearest,False,0.0030908584594726562,success
046C274A9C4C80,2,['San Zeno'],Castelvecchio,"['Museo Lapidario', 'Verona Tour', 'Arena', 'Museo Radio', 'Sighseeing']",Duomo,strategy_nearest,False,0.0019047260284423828,success
046C28429C4C84,2,"['Teatro Romano', 'Duomo', 'Santa Anastasia']",San Fermo,"['Museo Storia', 'Museo Radio', 'Casa Giulietta', 'Centro Fotografia', 'Arena']",San Zeno,strategy_nearest,False,0.0032529830932617188,success
046C403A9C4C80,0,['Casa Giulietta'],Arena,"['Verona Tour', 'Museo Lapidario', 'Museo Radio', 'San Fermo', 'Sighseeing']",Santa Anastasia,strategy_nearest,False,0.002170085906982422,success
046C3E3A9C4C80,1,['Arena'],Torre Lamberti,"['Sighseeing', 'Centro Fotografia', 'Museo Conte', 'Casa Giulietta', 'Palazzo della Ragione']",Palazzo della Ragione,strategy_nearest,True,0.0018928050994873047,success
046C433A9C4C80,1,"['Arena', 'Museo Lapidario', 'Castelvecchio']",Casa Giulietta,"['Centro Fotografia', 'Sighseeing', 'Torre Lamberti', 'Museo Conte', 'Museo Radio']",Torre Lamberti,strategy_nearest,True,0.0016689300537109375,success
046C48429C4C80,3,['Arena'],Torre Lamberti,"['Sighseeing', 'Centro Fotografia', 'Museo Conte', 'Casa Giulietta', 'Palazzo della Ragione']",Casa Giulietta,strategy_nearest,True,0.0031549930572509766,success
046C5A429C4C80,0,['Arena'],Casa Giulietta,"['Centro Fotografia', 'Sighseeing', 'Torre Lamberti', 'Museo Conte', 'Museo Radio']",Santa Anastasia,strategy_nearest,False,0.0012810230255126953,success
046C563A9C4C80,1,"['Casa Giulietta', 'Arena', 'Museo Lapidario', 'San Zeno']",Teatro Romano,"['Santa Anastasia', 'Duomo', 'AMO', 'Palazzo della Ragione', 'Museo Conte']",Duomo,strategy_nearest,True,0.0024871826171875,success
046C5D429C4C80,3,['Arena'],Santa Anastasia,"['AMO', 'Museo Conte', 'Palazzo della Ragione', 'Teatro Romano', 'Centro Fotografia']",Torre Lamberti,strategy_nearest,False,0.0031180381774902344,success
046C64429C4C80,2,['Casa Giulietta'],Santa Anastasia,"['AMO', 'Museo Conte', 'Palazzo della Ragione', 'Teatro Romano', 'Centro Fotografia']",Teatro Romano,strategy_nearest,True,0.0014469623565673828,success
046C6E3A9C4C80,2,"['San Zeno', 'Duomo', 'Teatro Romano']",Casa Giulietta,"['Centro Fotografia', 'Sighseeing', 'Torre Lamberti', 'Museo Conte', 'Museo Radio']",Torre Lamberti,strategy_nearest,True,0.0026009082794189453,success
046C6C429C4C80,0,['Casa Giulietta'],Arena,"['Verona Tour', 'Museo Lapidario', 'Museo Radio', 'San Fermo', 'Sighseeing']",Tomba Giulietta,strategy_nearest,False,0.0020830631256103516,success
046C793A9C4C80,3,['Santa Anastasia'],Arena,"['Verona Tour', 'Museo Lapidario', 'Museo Radio', 'San Fermo', 'Casa Giulietta']",Casa Giulietta,strategy_nearest,True,0.003206014633178711,success
046C7C4A9C4C80,0,['Arena'],Torre Lamberti,"['Sighseeing', 'Centro Fotografia', 'Museo Conte', 'Casa Giulietta', 'Palazzo della Ragione']",Tomba Giulietta,strategy_nearest,False,0.0016477108001708984,success
046C824A9C4C80,0,['Arena'],Castelvecchio,"['Museo Lapidario', 'Verona Tour', 'Museo Radio', 'San Zeno', 'Sighseeing']",Casa Giulietta,strategy_nearest,False,0.0024869441986083984,success
046C823A9C4C80,2,"['Tomba Giulietta', 'Torre Lamberti', 'Casa Giulietta']",Santa Anastasia,"['AMO', 'Museo Conte', 'Palazzo della Ragione', 'Teatro Romano', 'Centro Fotografia']",Duomo,strategy_nearest,False,0.0025229454040527344,success
046C85429C4C80,0,['Arena'],Casa Giulietta,"['Centro Fotografia', 'Sighseeing', 'Torre Lamberti', 'Museo Conte', 'Museo Radio']",Teatro Romano,strategy_nearest,False,0.0021109580993652344,success
046C8F4A9C4C80,3,"['Castelvecchio', 'Santa Anastasia']",Duomo,"['AMO', 'Museo Miniscalchi', 'Teatro Romano', 'Palazzo della Ragione', 'Museo Conte']",Torre Lamberti,strategy_nearest,False,0.0013680458068847656,success
046C8C429C4C80,1,"['Arena', 'Casa Giulietta']",Palazzo della Ragione,"['AMO', 'Museo Conte', 'Torre Lamberti', 'Centro Fotografia', 'Sighseeing']",Torre Lamberti,strategy_nearest,True,0.003367900848388672,success
046CA7429C4C80,3,"['Casa Giulietta', 'Torre Lamberti']",Arena,"['Verona Tour', 'Museo Lapidario', 'Museo Radio', 'San Fermo', 'Sighseeing']",Castelvecchio,strategy_nearest,False,0.002550840377807617,success
046C873A9C4C80,3,"['Arena', 'Castelvecchio']",San Zeno,"['Verona Tour', 'Museo Lapidario', 'Museo Miniscalchi', 'Sighseeing', 'Museo Radio']",Torre Lamberti,strategy_nearest,False,0.003451108932495117,success
046CA9429C4C80,0,['Casa Giulietta'],Torre Lamberti,"['Sighseeing', 'Centro Fotografia', 'Museo Conte', 'Palazzo della Ragione', 'AMO']",Arena,strategy_nearest,False,0.0016658306121826172,success
046CAC429C4C80,1,"['Casa Giulietta', 'Torre Lamberti']",Santa Anastasia,"['AMO', 'Museo Conte', 'Palazzo della Ragione', 'Teatro Romano', 'Centro Fotografia']",Duomo,strategy_nearest,False,0.0026819705963134766,success
046CAA4A9C4C80,0,['Arena'],Casa Giulietta,"['Centro Fotografia', 'Sighseeing', 'Torre Lamberti', 'Museo Conte', 'Museo Radio']",San Zeno,strategy_nearest,False,0.0019690990447998047,success
046CAD429C4C80,0,['Arena'],Casa Giulietta,"['Centro Fotografia', 'Sighseeing', 'Torre Lamberti', 'Museo Conte', 'Museo Radio']",Torre Lamberti,strategy_nearest,True,0.0030181407928466797,success
046CD63A9C4C80,3,['Arena'],Santa Anastasia,"['AMO', 'Museo Conte', 'Palazzo della Ragione', 'Teatro Romano', 'Centro Fotografia']",Duomo,strategy_nearest,False,0.0018880367279052734,success
046CB63A9C4C80,0,['Arena'],Museo Storia,"['San Fermo', 'Museo Radio', 'Casa Giulietta', 'Centro Fotografia', 'Tomba Giulietta']",Castelvecchio,strategy_nearest,False,0.002582073211669922,success
046CBF3A9C4C80,2,['Casa Giulietta'],Santa Anastasia,"['AMO', 'Museo Conte', 'Palazzo della Ragione', 'Teatro Romano', 'Centro Fotografia']",Duomo,strategy_nearest,False,0.00307464599609375,success
046CDA429C4C80,3,"['Arena', 'Castelvecchio', 'San Fermo']",Casa Giulietta,"['Centro Fotografia', 'Sighseeing', 'Torre Lamberti', 'Museo Conte', 'Museo Radio']",Santa Anastasia,strategy_nearest,False,0.0032389163970947266,success
046CEF3A9C4C80,3,"['Teatro Romano', 'Santa Anastasia']",Torre Lamberti,"['Sighseeing', 'Centro Fotografia', 'Museo Conte', 'Casa Giulietta', 'Palazzo della Ragione']",Casa Giulietta,strategy_nearest,True,0.0032951831817626953,success
046CDD3A9C4C80,2,['Casa Giulietta'],Santa Anastasia,"['AMO', 'Museo Conte', 'Palazzo della Ragione', 'Teatro Romano', 'Centro Fotografia']",Duomo,strategy_nearest,False,0.004353046417236328,success
046D033A9C4C84,0,['Arena'],Torre Lamberti,"['Sighseeing', 'Centro Fotografia', 'Museo Conte', 'Casa Giulietta', 'Palazzo della Ragione']",Casa Giulietta,strategy_nearest,True,0.0021820068359375,success
046D173A9C4C80,3,"['Arena', 'San Fermo']",Casa Giulietta,"['Centro Fotografia', 'Sighseeing', 'Torre Lamberti', 'Museo Conte', 'Museo Radio']",Torre Lamberti,strategy_nearest,True,0.003936052322387695,success
046D123A9C4C84,0,['Arena'],Castelvecchio,"['Museo Lapidario', 'Verona Tour', 'Museo Radio', 'San Zeno', 'Sighseeing']",Casa Giulietta,strategy_nearest,False,0.0025191307067871094,success
046D1D4A9C4C80,2,['Casa Giulietta'],Torre Lamberti,"['Sighseeing', 'Centro Fotografia', 'Museo Conte', 'Palazzo della Ragione', 'AMO']",Teatro Romano,strategy_nearest,False,0.003098011016845703,success
046D1B3A9C4C80,3,['Castelvecchio'],Arena,"['Verona Tour', 'Museo Lapidario', 'Museo Radio', 'San Fermo', 'Casa Giulietta']",Torre Lamberti,strategy_nearest,False,0.0036818981170654297,success
046D1B429C4C80,3,"['Arena', 'Casa Giulietta']",Torre Lamberti,"['Sighseeing', 'Centro Fotografia', 'Museo Conte', 'Palazzo della Ragione', 'AMO']",Duomo,strategy_nearest,False,0.0026540756225585938,success
046D1B429C4C84,3,['Arena'],Torre Lamberti,"['Sighseeing', 'Centro Fotografia', 'Museo Conte', 'Casa Giulietta', 'Palazzo della Ragione']",Teatro Romano,strategy_nearest,False,0.0038747787475585938,success
046D1E429C4C84,0,"['Teatro Romano', 'Torre Lamberti']",Casa Giulietta,"['Centro Fotografia', 'Sighseeing', 'Museo Conte', 'Museo Radio', 'Palazzo della Ragione']",Arena,strategy_nearest,False,0.0017609596252441406,success
046D273A9C4C80,1,"['Torre Lamberti', 'Palazzo della Ragione', 'Casa Giulietta']",Arena,"['Verona Tour', 'Museo Lapidario', 'Museo Radio', 'San Fermo', 'Sighseeing']",Tomba Giulietta,strategy_nearest,False,0.0037758350372314453,success
046D30429C4C80,0,['Arena'],Casa Giulietta,"['Centro Fotografia', 'Sighseeing', 'Torre Lamberti', 'Museo Conte', 'Museo Radio']",Castelvecchio,strategy_nearest,False,0.004602670669555664,success
046D373A9C4C80,2,"['Casa Giulietta', 'Torre Lamberti']",Santa Anastasia,"['AMO', 'Museo Conte', 'Palazzo della Ragione', 'Teatro Romano', 'Centro Fotografia']",Duomo,strategy_nearest,False,0.003468751907348633,success
046D354A9C4C80,1,"['Arena', 'Casa Giulietta']",Torre Lamberti,"['Sighseeing', 'Centro Fotografia', 'Museo Conte', 'Palazzo della Ragione', 'AMO']",Torre Lamberti,strategy_nearest,False,0.005510807037353516,success
046D3A4A9C4C80,1,"['Arena', 'Museo Lapidario', 'Castelvecchio', 'Torre Lamberti', 'Palazzo della Ragione', 'Casa Giulietta']",San Fermo,"['Museo Storia', 'Museo Radio', 'Centro Fotografia', 'Sighseeing', 'Museo Conte']",Tomba Giulietta,strategy_nearest,False,0.0026950836181640625,success
046D3A3A9C4C80,2,['Casa Giulietta'],San Fermo,"['Museo Storia', 'Museo Radio', 'Centro Fotografia', 'Arena', 'Sighseeing']",Santa Anastasia,strategy_nearest,False,0.003816366195678711,success
046D423A9C4C80,1,"['Torre Lamberti', 'Palazzo della Ragione']",Arena,"['Verona Tour', 'Museo Lapidario', 'Museo Radio', 'San Fermo', 'Casa Giulietta']",Casa Giulietta,strategy_nearest,True,0.002454042434692383,success
046D3F3A9C4C80,0,['Arena'],Torre Lamberti,"['Sighseeing', 'Centro Fotografia', 'Museo Conte', 'Casa Giulietta', 'Palazzo della Ragione']",Duomo,strategy_nearest,False,0.0016629695892333984,success
046D47429C4C80,2,['Castelvecchio'],Casa Giulietta,"['Centro Fotografia', 'Sighseeing', 'Torre Lamberti', 'Museo Conte', 'Museo Radio']",Santa Anastasia,strategy_nearest,False,0.0037059783935546875,success
046D49429C4C80,0,"['Arena', 'Museo Lapidario']",Castelvecchio,"['Verona Tour', 'Museo Radio', 'San Zeno', 'Sighseeing', 'Museo Miniscalchi']",Casa Giulietta,strategy_nearest,False,0.0030798912048339844,success
046D4F3A9C4C80,3,"['Torre Lamberti', 'Castelvecchio']",Arena,"['Verona Tour', 'Museo Lapidario', 'Museo Radio', 'San Fermo', 'Casa Giulietta']",Teatro Romano,strategy_nearest,False,0.0022668838500976562,success
046D50429C4C80,3,"['Museo Lapidario', 'Arena']",Casa Giulietta,"['Centro Fotografia', 'Sighseeing', 'Torre Lamberti', 'Museo Conte', 'Museo Radio']",Santa Anastasia,strategy_nearest,False,0.0026330947875976562,success
046D4B429C4C80,0,['Arena'],Castelvecchio,"['Museo Lapidario', 'Verona Tour', 'Museo Radio', 'San Zeno', 'Sighseeing']",Torre Lamberti,strategy_nearest,False,0.0016791820526123047,success
046D643A9C4C80,0,['Casa Giulietta'],Arena,"['Verona Tour', 'Museo Lapidario', 'Museo Radio', 'San Fermo', 'Sighseeing']",Castelvecchio,strategy_nearest,False,0.0034630298614501953,success
046D6F3A9C4C80,0,['Castelvecchio'],Arena,"['Verona Tour', 'Museo Lapidario', 'Museo Radio', 'San Fermo', 'Casa Giulietta']",Casa Giulietta,strategy_nearest,True,0.0020411014556884766,success
046D71429C4C80,0,['Arena'],Tomba Giulietta,"['San Fermo', 'Museo Storia', 'Museo Lapidario', 'Museo Radio', 'Verona Tour']",Castelvecchio,strategy_nearest,False,0.002565145492553711,success
046D6D429C4C80,3,"['Arena', 'Torre Lamberti', 'Casa Giulietta']",Santa Anastasia,"['AMO', 'Museo Conte', 'Palazzo della Ragione', 'Teatro Romano', 'Centro Fotografia']",Teatro Romano,strategy_nearest,True,0.003566265106201172,success
046D743A9C4C80,1,"['Castelvecchio', 'Arena']",Casa Giulietta,"['Centro Fotografia', 'Sighseeing', 'Torre Lamberti', 'Museo Conte', 'Museo Radio']",Torre Lamberti,strategy_nearest,True,0.0018529891967773438,success
046D783A9C4C80,0,['Castelvecchio'],Arena,"['Verona Tour', 'Museo Lapidario', 'Museo Radio', 'San Fermo', 'Casa Giulietta']",Casa Giulietta,strategy_nearest,True,0.001993894577026367,success
046D7E4A9C4C80,0,['Arena'],Casa Giulietta,"['Centro Fotografia', 'Sighseeing', 'Torre Lamberti', 'Museo Conte', 'Museo Radio']",Santa Anastasia,strategy_nearest,False,0.002791166305541992,success
046D8C3A9C4C80,3,"['Tomba Giulietta', 'Arena', 'Casa Giulietta']",Torre Lamberti,"['Sighseeing', 'Centro Fotografia', 'Museo Conte', 'Palazzo della Ragione', 'AMO']",Santa Anastasia,strategy_nearest,False,0.0031058788299560547,success
046D8E4A9C4C80,3,"['Arena', 'Casa Giulietta', 'Torre Lamberti']",Duomo,"['AMO', 'Museo Miniscalchi', 'Santa Anastasia', 'Teatro Romano', 'Palazzo della Ragione']",Teatro Romano,strategy_nearest,True,0.002950906753540039,success
046D94429C4C80,0,['Duomo'],Casa Giulietta,"['Centro Fotografia', 'Sighseeing', 'Torre Lamberti', 'Museo Conte', 'Museo Radio']",Arena,strategy_nearest,False,0.0017430782318115234,success
046D93429C4C80,0,['Arena'],Torre Lamberti,"['Sighseeing', 'Centro Fotografia', 'Museo Conte', 'Casa Giulietta', 'Palazzo della Ragione']",Casa Giulietta,strategy_nearest,True,0.0018570423126220703,success
046DAA4A9C4C80,1,['Arena'],Torre Lamberti,"['Sighseeing', 'Centro Fotografia', 'Museo Conte', 'Casa Giulietta', 'Palazzo della Ragione']",Palazzo della Ragione,strategy_nearest,True,0.0031960010528564453,success
046DA74A9C4C80,1,['Torre Lamberti'],Palazzo della Ragione,"['AMO', 'Museo Conte', 'Centro Fotografia', 'Sighseeing', 'Santa Anastasia']",Arena,strategy_nearest,False,0.002832174301147461,success
046DAC429C4C80,1,['Arena'],Palazzo della Ragione,"['AMO', 'Museo Conte', 'Torre Lamberti', 'Centro Fotografia', 'Sighseeing']",Torre Lamberti,strategy_nearest,True,0.0025548934936523438,success
046DB0429C4C80,3,['Arena'],Santa Anastasia,"['AMO', 'Museo Conte', 'Palazzo della Ragione', 'Teatro Romano', 'Centro Fotografia']",Duomo,strategy_nearest,False,0.0022110939025878906,success
046DB2429C4C80,3,['Santa Anastasia'],San Fermo,"['Museo Storia', 'Museo Radio', 'Casa Giulietta', 'Centro Fotografia', 'Arena']",Arena,strategy_nearest,True,0.0025682449340820312,success
046DB4429C4C80,0,['Torre Lamberti'],Casa Giulietta,"['Centro Fotografia', 'Sighseeing', 'Museo Conte', 'Museo Radio', 'Palazzo della Ragione']",Arena,strategy_nearest,False,0.0025043487548828125,success
046DB53A9C4C80,2,['Casa Giulietta'],Torre Lamberti,"['Sighseeing', 'Centro Fotografia', 'Museo Conte', 'Palazzo della Ragione', 'AMO']",Castelvecchio,strategy_nearest,False,0.002763032913208008,success
046DBB3A9C4C80,0,['Arena'],Torre Lamberti,"['Sighseeing', 'Centro Fotografia', 'Museo Conte', 'Casa Giulietta', 'Palazzo della Ragione']",Casa Giulietta,strategy_nearest,True,0.0032410621643066406,success
046DBE3A9C4C80,2,['Castelvecchio'],Casa Giulietta,"['Centro Fotografia', 'Sighseeing', 'Torre Lamberti', 'Museo Conte', 'Museo Radio']",Torre Lamberti,strategy_nearest,True,0.001817941665649414,success
046DBD429C4C80,0,['Arena'],Castelvecchio,"['Museo Lapidario', 'Verona Tour', 'Museo Radio', 'San Zeno', 'Sighseeing']",San Zeno,strategy_nearest,True,0.003255128860473633,success
046DE5429C4C80,2,"['San Fermo', 'Santa Anastasia', 'Duomo']",Museo Lapidario,"['Verona Tour', 'Arena', 'Castelvecchio', 'Museo Radio', 'Casa Giulietta']",Castelvecchio,strategy_nearest,True,0.002391815185546875,success
046DF23A9C4C80,2,['Torre Lamberti'],Casa Giulietta,"['Centro Fotografia', 'Sighseeing', 'Museo Conte', 'Museo Radio', 'Palazzo della Ragione']",Santa Anastasia,strategy_nearest,False,0.0017209053039550781,success
046DEF3A9C4C80,1,['Arena'],Casa Giulietta,"['Centro Fotografia', 'Sighseeing', 'Torre Lamberti', 'Museo Conte', 'Museo Radio']",Palazzo della Ragione,strategy_nearest,False,0.003319978713989258,success
046DF83A9C4C80,1,"['Arena', 'Torre Lamberti', 'Palazzo della Ragione']",Casa Giulietta,"['Centro Fotografia', 'Sighseeing', 'Museo Conte', 'Museo Radio', 'San Fermo']",San Fermo,strategy_nearest,True,0.0023789405822753906,success
046DFC3A9C4C80,0,['Arena'],Torre Lamberti,"['Sighseeing', 'Centro Fotografia', 'Museo Conte', 'Casa Giulietta', 'Palazzo della Ragione']",Casa Giulietta,strategy_nearest,True,0.0022439956665039062,success
046E023A9C4C84,0,['Arena'],Casa Giulietta,"['Centro Fotografia', 'Sighseeing', 'Torre Lamberti', 'Museo Conte', 'Museo Radio']",Torre Lamberti,strategy_nearest,True,0.0021560192108154297,success
046E143A9C4C80,1,"['Arena', 'Museo Lapidario', 'Castelvecchio', 'Casa Giulietta']",Torre Lamberti,"['Sighseeing', 'Centro Fotografia', 'Museo Conte', 'Palazzo della Ragione', 'AMO']",Palazzo della Ragione,strategy_nearest,True,0.0026350021362304688,success
046E113A9C4C84,0,['Arena'],Casa Giulietta,"['Centro Fotografia', 'Sighseeing', 'Torre Lamberti', 'Museo Conte', 'Museo Radio']",Palazzo della Ragione,strategy_nearest,False,0.0033309459686279297,success
046E14429C4C80,0,['Arena'],Casa Giulietta,"['Centro Fotografia', 'Sighseeing', 'Torre Lamberti', 'Museo Conte', 'Museo Radio']",Torre Lamberti,strategy_nearest,True,0.00232696533203125,success
046E14429C4C84,0,['Arena'],Casa Giulietta,"['Centro Fotografia', 'Sighseeing', 'Torre Lamberti', 'Museo Conte', 'Museo Radio']",Torre Lamberti,strategy_nearest,True,0.0028820037841796875,success
046E15429C4C80,3,"['Museo Lapidario', 'Arena', 'Casa Giulietta']",San Fermo,"['Museo Storia', 'Museo Radio', 'Centro Fotografia', 'Sighseeing', 'Torre Lamberti']",Santa Anastasia,strategy_nearest,False,0.0031609535217285156,success
046E153A9C4C84,2,['Casa Giulietta'],Santa Anastasia,"['AMO', 'Museo Conte', 'Palazzo della Ragione', 'Teatro Romano', 'Centro Fotografia']",Castelvecchio,strategy_nearest,False,0.002156972885131836,success
046E21429C4C84,0,['Arena'],Casa Giulietta,"['Centro Fotografia', 'Sighseeing', 'Torre Lamberti', 'Museo Conte', 'Museo Radio']",San Zeno,strategy_nearest,False,0.0022611618041992188,success
046E1A3A9C4C84,0,['Arena'],Castelvecchio,"['Museo Lapidario', 'Verona Tour', 'Museo Radio', 'San Zeno', 'Sighseeing']",Torre Lamberti,strategy_nearest,False,0.0016777515411376953,success
046E28429C4C84,0,['Teatro Romano'],Arena,"['Verona Tour', 'Museo Lapidario', 'Museo Radio', 'San Fermo', 'Casa Giulietta']",Castelvecchio,strategy_nearest,False,0.00356292724609375,success
046E233A9C4C84,2,['Castelvecchio'],Casa Giulietta,"['Centro Fotografia', 'Sighseeing', 'Torre Lamberti', 'Museo Conte', 'Museo Radio']",Duomo,strategy_nearest,False,0.0030241012573242188,success
046E2D429C4C80,3,"['Arena', 'Casa Giulietta']",Santa Anastasia,"['AMO', 'Museo Conte', 'Palazzo della Ragione', 'Teatro Romano', 'Centro Fotografia']",Teatro Romano,strategy_nearest,True,0.0018732547760009766,success
046E294A9C4C80,3,"['Arena', 'Casa Giulietta']",Torre Lamberti,"['Sighseeing', 'Centro Fotografia', 'Museo Conte', 'Palazzo della Ragione', 'AMO']",Teatro Romano,strategy_nearest,False,0.0035140514373779297,success
046E334A9C4C80,3,"['Arena', 'Castelvecchio', 'Casa Giulietta']",Duomo,"['AMO', 'Museo Miniscalchi', 'Santa Anastasia', 'Teatro Romano', 'Palazzo della Ragione']",Teatro Romano,strategy_nearest,True,0.0016019344329833984,success
046E2F429C4C80,1,"['Santa Anastasia', 'Teatro Romano', 'Giardino Giusti']",Arena,"['Verona Tour', 'Museo Lapidario', 'Museo Radio', 'San Fermo', 'Casa Giulietta']",Palazzo della Ragione,strategy_nearest,False,0.0035338401794433594,success
046E44429C4C80,3,['Arena'],Teatro Romano,"['Santa Anastasia', 'Duomo', 'AMO', 'Palazzo della Ragione', 'Museo Conte']",Duomo,strategy_nearest,True,0.003275156021118164,success
046E413A9C4C80,0,['Arena'],Castelvecchio,"['Museo Lapidario', 'Verona Tour', 'Museo Radio', 'San Zeno', 'Sighseeing']",Santa Anastasia,strategy_nearest,False,0.002699136734008789,success
046E5A429C4C80,3,"['Casa Giulietta', 'Santa Anastasia', 'Teatro Romano']",Arena,"['Verona Tour', 'Museo Lapidario', 'Museo Radio', 'San Fermo', 'Sighseeing']",Museo Lapidario,strategy_nearest,True,0.001483917236328125,success
046E5C429C4C80,3,['Arena'],Duomo,"['AMO', 'Museo Miniscalchi', 'Santa Anastasia', 'Teatro Romano', 'Palazzo della Ragione']",Santa Anastasia,strategy_nearest,True,0.002115011215209961,success
046E67429C4C80,3,"['Castelvecchio', 'Arena', 'Torre Lamberti']",Santa Anastasia,"['AMO', 'Museo Conte', 'Palazzo della Ragione', 'Teatro Romano', 'Centro Fotografia']",Casa Giulietta,strategy_nearest,False,0.002593994140625,success
046E6F3A9C4C80,0,['Castelvecchio'],Arena,"['Verona Tour', 'Museo Lapidario', 'Museo Radio', 'San Fermo', 'Casa Giulietta']",Casa Giulietta,strategy_nearest,True,0.002852916717529297,success
046E7C3A9C4C80,0,"['Casa Giulietta', 'Torre Lamberti']",Duomo,"['AMO', 'Museo Miniscalchi', 'Santa Anastasia', 'Teatro Romano', 'Palazzo della Ragione']",Arena,strategy_nearest,False,0.0018589496612548828,success
046E6F429C4C80,0,['Arena'],Casa Giulietta,"['Centro Fotografia', 'Sighseeing', 'Torre Lamberti', 'Museo Conte', 'Museo Radio']",Torre Lamberti,strategy_nearest,True,0.0025970935821533203,success
046E72429C4C80,0,['Arena'],Casa Giulietta,"['Centro Fotografia', 'Sighseeing', 'Torre Lamberti', 'Museo Conte', 'Museo Radio']",Torre Lamberti,strategy_nearest,True,0.003203153610229492,success
046E824A9C4C80,0,['Arena'],Santa Anastasia,"['AMO', 'Museo Conte', 'Palazzo della Ragione', 'Teatro Romano', 'Centro Fotografia']",Casa Giulietta,strategy_nearest,False,0.0034470558166503906,success
046E87429C4C80,0,['Arena'],Museo Storia,"['San Fermo', 'Museo Radio', 'Casa Giulietta', 'Centro Fotografia', 'Tomba Giulietta']",Teatro Romano,strategy_nearest,False,0.0023450851440429688,success
046E883A9C4C80,0,['Torre Lamberti'],Teatro Romano,"['Santa Anastasia', 'Duomo', 'AMO', 'Palazzo della Ragione', 'Museo Conte']",Arena,strategy_nearest,False,0.0025627613067626953,success
046E893A9C4C80,3,"['Tomba Giulietta', 'Arena']",Casa Giulietta,"['Centro Fotografia', 'Sighseeing', 'Torre Lamberti', 'Museo Conte', 'Museo Radio']",Santa Anastasia,strategy_nearest,False,0.0023539066314697266,success
046E8A4A9C4C80,0,"['Arena', 'Castelvecchio']",Duomo,"['AMO', 'Museo Miniscalchi', 'Santa Anastasia', 'Teatro Romano', 'Palazzo della Ragione']",Casa Giulietta,strategy_nearest,False,0.0029859542846679688,success
046E8D4A9C4C80,3,['Arena'],Santa Anastasia,"['AMO', 'Museo Conte', 'Palazzo della Ragione', 'Teatro Romano', 'Centro Fotografia']",Duomo,strategy_nearest,False,0.0024156570434570312,success
046EAF429C4C80,3,"['Santa Anastasia', 'Arena']",Torre Lamberti,"['Sighseeing', 'Centro Fotografia', 'Museo Conte', 'Casa Giulietta', 'Palazzo della Ragione']",Duomo,strategy_nearest,False,0.0030069351196289062,success
046EA0429C4C80,2,"['Museo Lapidario', 'Castelvecchio']",Duomo,"['AMO', 'Museo Miniscalchi', 'Santa Anastasia', 'Teatro Romano', 'Palazzo della Ragione']",Teatro Romano,strategy_nearest,True,0.0028901100158691406,success
046EBA3A9C4C80,1,"['Palazzo della Ragione', 'Torre Lamberti']",Casa Giulietta,"['Centro Fotografia', 'Sighseeing', 'Museo Conte', 'Museo Radio', 'San Fermo']",Arena,strategy_nearest,False,0.002540111541748047,success
046EC2429C4C80,3,"['Arena', 'Castelvecchio']",Torre Lamberti,"['Sighseeing', 'Centro Fotografia', 'Museo Conte', 'Casa Giulietta', 'Palazzo della Ragione']",Santa Anastasia,strategy_nearest,False,0.001954793930053711,success
046EBC429C4C80,3,['Arena'],Santa Anastasia,"['AMO', 'Museo Conte', 'Palazzo della Ragione', 'Teatro Romano', 'Centro Fotografia']",Torre Lamberti,strategy_nearest,False,0.002604961395263672,success
046ED53A9C4C80,0,['Arena'],Torre Lamberti,"['Sighseeing', 'Centro Fotografia', 'Museo Conte', 'Casa Giulietta', 'Palazzo della Ragione']",Casa Giulietta,strategy_nearest,True,0.0029850006103515625,success
046ED7429C4C80,1,"['Arena', 'San Zeno', 'Castelvecchio']",San Fermo,"['Museo Storia', 'Museo Radio', 'Casa Giulietta', 'Centro Fotografia', 'Sighseeing']",Teatro Romano,strategy_nearest,False,0.0022401809692382812,success
046EDA3A9C4C80,0,['Arena'],Casa Giulietta,"['Centro Fotografia', 'Sighseeing', 'Torre Lamberti', 'Museo Conte', 'Museo Radio']",Santa Anastasia,strategy_nearest,False,0.002125978469848633,success
046EDB3A9C4C80,2,['Santa Anastasia'],Duomo,"['AMO', 'Museo Miniscalchi', 'Teatro Romano', 'Palazzo della Ragione', 'Museo Conte']",Casa Giulietta,strategy_nearest,False,0.0026731491088867188,success
046EDC3A9C4C80,1,"['Arena', 'Casa Giulietta']",Palazzo della Ragione,"['AMO', 'Museo Conte', 'Torre Lamberti', 'Centro Fotografia', 'Sighseeing']",Torre Lamberti,strategy_nearest,True,0.0029478073120117188,success
046EE53A9C4C80,0,['Arena'],Casa Giulietta,"['Centro Fotografia', 'Sighseeing', 'Torre Lamberti', 'Museo Conte', 'Museo Radio']",Torre Lamberti,strategy_nearest,True,0.0019099712371826172,success
046EE13A9C4C80,3,"['Santa Anastasia', 'Arena']",Castelvecchio,"['Museo Lapidario', 'Verona Tour', 'Museo Radio', 'San Zeno', 'Sighseeing']",San Zeno,strategy_nearest,True,0.002917051315307617,success
046EE2429C4C80,1,"['Torre Lamberti', 'Palazzo della Ragione', 'Arena']",Castelvecchio,"['Museo Lapidario', 'Verona Tour', 'Museo Radio', 'San Zeno', 'Sighseeing']",Santa Anastasia,strategy_nearest,False,0.0025119781494140625,success
046EED3A9C4C80,1,"['Arena', 'Santa Anastasia', 'Casa Giulietta']",San Zeno,"['Castelvecchio', 'Verona Tour', 'Museo Lapidario', 'Museo Miniscalchi', 'Sighseeing']",Castelvecchio,strategy_nearest,True,0.0022389888763427734,success
046EFA3A9C4C80,3,['Arena'],Casa Giulietta,"['Centro Fotografia', 'Sighseeing', 'Torre Lamberti', 'Museo Conte', 'Museo Radio']",Santa Anastasia,strategy_nearest,False,0.0019199848175048828,success
046EFA429C4C80,1,"['Casa Giulietta', 'Palazzo della Ragione', 'Duomo']",Teatro Romano,"['Santa Anastasia', 'AMO', 'Museo Conte', 'Centro Fotografia', 'Museo Miniscalchi']",Arena,strategy_nearest,False,0.0024499893188476562,success
046EF1429C4C80,3,"['Casa Giulietta', 'Torre Lamberti', 'Arena']",Santa Anastasia,"['AMO', 'Museo Conte', 'Palazzo della Ragione', 'Teatro Romano', 'Centro Fotografia']",Duomo,strategy_nearest,False,0.002918243408203125,success
046F01429C4C84,2,"['Teatro Romano', 'Duomo', 'Castelvecchio', 'San Zeno']",Santa Anastasia,"['AMO', 'Museo Conte', 'Palazzo della Ragione', 'Centro Fotografia', 'Torre Lamberti']",Torre Lamberti,strategy_nearest,True,0.002843141555786133,success
046F0E3A9C4C84,3,['Arena'],Casa Giulietta,"['Centro Fotografia', 'Sighseeing', 'Torre Lamberti', 'Museo Conte', 'Museo Radio']",Santa Anastasia,strategy_nearest,False,0.0012791156768798828,success
046F0F429C4C84,0,['Arena'],Casa Giulietta,"['Centro Fotografia', 'Sighseeing', 'Torre Lamberti', 'Museo Conte', 'Museo Radio']",Castelvecchio,strategy_nearest,False,0.0020689964294433594,success
046F13429C4C80,0,['Arena'],Casa Giulietta,"['Centro Fotografia', 'Sighseeing', 'Torre Lamberti', 'Museo Conte', 'Museo Radio']",Duomo,strategy_nearest,False,0.002460002899169922,success
046F13429C4C84,0,"['Teatro Romano', 'Casa Giulietta']",Torre Lamberti,"['Sighseeing', 'Centro Fotografia', 'Museo Conte', 'Palazzo della Ragione', 'AMO']",Arena,strategy_nearest,False,0.0021021366119384766,success
046F133A9C4C84,0,['Arena'],Castelvecchio,"['Museo Lapidario', 'Verona Tour', 'Museo Radio', 'San Zeno', 'Sighseeing']",Teatro Romano,strategy_nearest,False,0.003239870071411133,success
046F193A9C4C84,1,['Arena'],Casa Giulietta,"['Centro Fotografia', 'Sighseeing', 'Torre Lamberti', 'Museo Conte', 'Museo Radio']",Palazzo della Ragione,strategy_nearest,False,0.002151012420654297,success
046F153A9C4C80,3,"['Casa Giulietta', 'Torre Lamberti', 'Santa Anastasia']",Duomo,"['AMO', 'Museo Miniscalchi', 'Teatro Romano', 'Palazzo della Ragione', 'Museo Conte']",Teatro Romano,strategy_nearest,True,0.0017180442810058594,success
046F1D429C4C84,3,['Duomo'],Casa Giulietta,"['Centro Fotografia', 'Sighseeing', 'Torre Lamberti', 'Museo Conte', 'Museo Radio']",Arena,strategy_nearest,False,0.002671957015991211,success
046F1E3A9C4C80,3,['Arena'],Casa Giulietta,"['Centro Fotografia', 'Sighseeing', 'Torre Lamberti', 'Museo Conte', 'Museo Radio']",Santa Anastasia,strategy_nearest,False,0.0032231807708740234,success
046F1F3A9C4C80,3,"['Arena', 'Casa Giulietta']",Santa Anastasia,"['AMO', 'Museo Conte', 'Palazzo della Ragione', 'Teatro Romano', 'Centro Fotografia']",Duomo,strategy_nearest,False,0.0025207996368408203,success
046F243A9C4C84,0,['Arena'],Castelvecchio,"['Museo Lapidario', 'Verona Tour', 'Museo Radio', 'San Zeno', 'Sighseeing']",Santa Anastasia,strategy_nearest,False,0.0017421245574951172,success
046F263A9C4C84,1,['Arena'],Torre Lamberti,"['Sighseeing', 'Centro Fotografia', 'Museo Conte', 'Casa Giulietta', 'Palazzo della Ragione']",Palazzo della Ragione,strategy_nearest,True,0.002192974090576172,success
046F26429C4C80,0,"['Arena', 'Torre Lamberti', 'Casa Giulietta']",San Fermo,"['Museo Storia', 'Museo Radio', 'Centro Fotografia', 'Sighseeing', 'Museo Conte']",Teatro Romano,strategy_nearest,False,0.0021550655364990234,success
046F2B4A9C4C80,2,['Casa Giulietta'],Torre Lamberti,"['Sighseeing', 'Centro Fotografia', 'Museo Conte', 'Palazzo della Ragione', 'AMO']",Santa Anastasia,strategy_nearest,False,0.0017659664154052734,success
046F3A4A9C4C80,3,"['Torre Lamberti', 'Casa Giulietta', 'Arena', 'Castelvecchio']",San Zeno,"['Verona Tour', 'Museo Lapidario', 'Museo Miniscalchi', 'Sighseeing', 'Museo Radio']",Museo Lapidario,strategy_nearest,True,0.002415180206298828,success
046F353A9C4C80,1,"['Casa Giulietta', 'Torre Lamberti', 'Palazzo della Ragione']",Arena,"['Verona Tour', 'Museo Lapidario', 'Museo Radio', 'San Fermo', 'Sighseeing']",San Fermo,strategy_nearest,True,0.0024509429931640625,success
046F4F429C4C80,3,"['Arena', 'Casa Giulietta', 'Torre Lamberti']",Santa Anastasia,"['AMO', 'Museo Conte', 'Palazzo della Ragione', 'Teatro Romano', 'Centro Fotografia']",Duomo,strategy_nearest,False,0.0019290447235107422,success
046F3E3A9C4C80,3,['Arena'],Casa Giulietta,"['Centro Fotografia', 'Sighseeing', 'Torre Lamberti', 'Museo Conte', 'Museo Radio']",Duomo,strategy_nearest,False,0.0023407936096191406,success
046F5F429C4C80,3,"['Arena', 'Torre Lamberti']",Casa Giulietta,"['Centro Fotografia', 'Sighseeing', 'Museo Conte', 'Museo Radio', 'Palazzo della Ragione']",Santa Anastasia,strategy_nearest,False,0.0025358200073242188,success
046F613A9C4C80,2,"['San Zeno', 'Castelvecchio', 'Santa Anastasia']",Giardino Giusti,"['Teatro Romano', 'Museo Conte', 'Centro Fotografia', 'Museo Storia', 'AMO']",Duomo,strategy_nearest,False,0.0030667781829833984,success
046F723A9C4C80,0,['Castelvecchio'],Giardino Giusti,"['Santa Anastasia', 'Teatro Romano', 'Museo Conte', 'Centro Fotografia', 'Museo Storia']",Casa Giulietta,strategy_nearest,False,0.0018711090087890625,success
046F763A9C4C80,1,"['Casa Giulietta', 'Arena', 'Tomba Giulietta', 'Torre Lamberti']",Palazzo della Ragione,"['AMO', 'Museo Conte', 'Centro Fotografia', 'Sighseeing', 'Santa Anastasia']",Santa Anastasia,strategy_nearest,True,0.002705097198486328,success
046F733A9C4C80,0,['Arena'],Casa Giulietta,"['Centro Fotografia', 'Sighseeing', 'Torre Lamberti', 'Museo Conte', 'Museo Radio']",Castelvecchio,strategy_nearest,False,0.002679109573364258,success
046F76429C4C80,0,['Arena'],Casa Giulietta,"['Centro Fotografia', 'Sighseeing', 'Torre Lamberti', 'Museo Conte', 'Museo Radio']",Castelvecchio,strategy_nearest,False,0.0032477378845214844,success
046F773A9C4C80,0,"['Arena', 'Museo Lapidario']",Castelvecchio,"['Verona Tour', 'Museo Radio', 'San Zeno', 'Sighseeing', 'Museo Miniscalchi']",Torre Lamberti,strategy_nearest,False,0.0025429725646972656,success
046F824A9C4C80,0,['Duomo'],Teatro Romano,"['Santa Anastasia', 'AMO', 'Palazzo della Ragione', 'Museo Conte', 'Centro Fotografia']",Arena,strategy_nearest,False,0.0017421245574951172,success
046F843A9C4C80,1,"['Arena', 'Casa Giulietta']",Torre Lamberti,"['Sighseeing', 'Centro Fotografia', 'Museo Conte', 'Palazzo della Ragione', 'AMO']",Palazzo della Ragione,strategy_nearest,True,0.0030088424682617188,success
046F82429C4C80,0,['Arena'],Casa Giulietta,"['Centro Fotografia', 'Sighseeing', 'Torre Lamberti', 'Museo Conte', 'Museo Radio']",Santa Anastasia,strategy_nearest,False,0.002611875534057617,success
046F8D429C4C80,1,"['Torre Lamberti', 'Palazzo della Ragione']",Casa Giulietta,"['Centro Fotografia', 'Sighseeing', 'Museo Conte', 'Museo Radio', 'San Fermo']",Arena,strategy_nearest,False,0.002427816390991211,success
046F904A9C4C80,2,['Casa Giulietta'],Duomo,"['AMO', 'Museo Miniscalchi', 'Santa Anastasia', 'Teatro Romano', 'Palazzo della Ragione']",Teatro Romano,strategy_nearest,True,0.0017888545989990234,success
046FA64A9C4C80,3,"['Duomo', 'Santa Anastasia']",Torre Lamberti,"['Sighseeing', 'Centro Fotografia', 'Museo Conte', 'Casa Giulietta', 'Palazzo della Ragione']",Casa Giulietta,strategy_nearest,True,0.0031349658966064453,success
046F9C429C4C80,3,['Arena'],Santa Anastasia,"['AMO', 'Museo Conte', 'Palazzo della Ragione', 'Teatro Romano', 'Centro Fotografia']",Duomo,strategy_nearest,False,0.002557039260864258,success
046FAA429C4C80,3,"['Teatro Romano', 'Santa Anastasia']",Torre Lamberti,"['Sighseeing', 'Centro Fotografia', 'Museo Conte', 'Casa Giulietta', 'Palazzo della Ragione']",Castelvecchio,strategy_nearest,False,0.002460002899169922,success
046FAB429C4C80,1,"['Casa Giulietta', 'Torre Lamberti']",Palazzo della Ragione,"['AMO', 'Museo Conte', 'Centro Fotografia', 'Sighseeing', 'Santa Anastasia']",Arena,strategy_nearest,False,0.0022149085998535156,success
046FAE429C4C80,2,"['Duomo', 'Torre Lamberti']",Casa Giulietta,"['Centro Fotografia', 'Sighseeing', 'Museo Conte', 'Museo Radio', 'Palazzo della Ragione']",Castelvecchio,strategy_nearest,False,0.0020999908447265625,success
046FAC429C4C80,0,['Arena'],Casa Giulietta,"['Centro Fotografia', 'Sighseeing', 'Torre Lamberti', 'Museo Conte', 'Museo Radio']",Torre Lamberti,strategy_nearest,True,0.0038709640502929688,success
046FB33A9C4C80,3,['Arena'],Casa Giulietta,"['Centro Fotografia', 'Sighseeing', 'Torre Lamberti', 'Museo Conte', 'Museo Radio']",Santa Anastasia,strategy_nearest,False,0.0018999576568603516,success
046FB23A9C4C80,0,['Arena'],Casa Giulietta,"['Centro Fotografia', 'Sighseeing', 'Torre Lamberti', 'Museo Conte', 'Museo Radio']",Teatro Romano,strategy_nearest,False,0.0025589466094970703,success
046FB6429C4C80,3,"['Casa Giulietta', 'Santa Anastasia', 'Teatro Romano']",Arena,"['Verona Tour', 'Museo Lapidario', 'Museo Radio', 'San Fermo', 'Sighseeing']",San Fermo,strategy_nearest,True,0.0013921260833740234,success
046FB53A9C4C80,3,['Santa Anastasia'],Duomo,"['AMO', 'Museo Miniscalchi', 'Teatro Romano', 'Palazzo della Ragione', 'Museo Conte']",Arena,strategy_nearest,False,0.00203704833984375,success
046FBC429C4C80,0,['Castelvecchio'],Casa Giulietta,"['Centro Fotografia', 'Sighseeing', 'Torre Lamberti', 'Museo Conte', 'Museo Radio']",Arena,strategy_nearest,False,0.0030846595764160156,success
046FBB3A9C4C80,0,['Arena'],Casa Giulietta,"['Centro Fotografia', 'Sighseeing', 'Torre Lamberti', 'Museo Conte', 'Museo Radio']",Duomo,strategy_nearest,False,0.002438068389892578,success
046FCA429C4C80,0,['Casa Giulietta'],Arena,"['Verona Tour', 'Museo Lapidario', 'Museo Radio', 'San Fermo', 'Sighseeing']",Tomba Giulietta,strategy_nearest,False,0.0018100738525390625,success
046FC0429C4C80,0,['Arena'],Casa Giulietta,"['Centro Fotografia', 'Sighseeing', 'Torre Lamberti', 'Museo Conte', 'Museo Radio']",Castelvecchio,strategy_nearest,False,0.002518892288208008,success
046FC3429C4C80,0,['Arena'],Casa Giulietta,"['Centro Fotografia', 'Sighseeing', 'Torre Lamberti', 'Museo Conte', 'Museo Radio']",Santa Anastasia,strategy_nearest,False,0.0013899803161621094,success
046FCB3A9C4C80,0,['Arena'],Casa Giulietta,"['Centro Fotografia', 'Sighseeing', 'Torre Lamberti', 'Museo Conte', 'Museo Radio']",Torre Lamberti,strategy_nearest,True,0.0029408931732177734,success
046FCC3A9C4C80,0,['Arena'],Tomba Giulietta,"['San Fermo', 'Museo Storia', 'Museo Lapidario', 'Museo Radio', 'Verona Tour']",San Fermo,strategy_nearest,True,0.0017948150634765625,success
046FD6429C4C80,1,"['Torre Lamberti', 'Palazzo della Ragione', 'Casa Giulietta']",Santa Anastasia,"['AMO', 'Museo Conte', 'Teatro Romano', 'Centro Fotografia', 'Duomo']",San Fermo,strategy_nearest,False,0.002817869186401367,success
046FD83A9C4C80,3,"['Casa Giulietta', 'Torre Lamberti', 'Arena', 'Castelvecchio', 'Tomba Giulietta']",San Fermo,"['Museo Storia', 'Museo Radio', 'Centro Fotografia', 'Sighseeing', 'Museo Conte']",San Zeno,strategy_nearest,False,0.0034019947052001953,success
046FDA3A9C4C80,3,"['Arena', 'Casa Giulietta']",Torre Lamberti,"['Sighseeing', 'Centro Fotografia', 'Museo Conte', 'Palazzo della Ragione', 'AMO']",Santa Anastasia,strategy_nearest,False,0.0023801326751708984,success
046FDC3A9C4C80,3,"['Arena', 'Casa Giulietta']",Torre Lamberti,"['Sighseeing', 'Centro Fotografia', 'Museo Conte', 'Palazzo della Ragione', 'AMO']",Santa Anastasia,strategy_nearest,False,0.0029609203338623047,success
046FDD429C4C80,2,"['Palazzo della Ragione', 'Duomo']",Teatro Romano,"['Santa Anastasia', 'AMO', 'Museo Conte', 'Centro Fotografia', 'Museo Miniscalchi']",San Zeno,strategy_nearest,False,0.002295255661010742,success
046FE53A9C4C80,1,"['Castelvecchio', 'Casa Giulietta', 'San Fermo', 'Torre Lamberti']",Palazzo della Ragione,"['AMO', 'Museo Conte', 'Centro Fotografia', 'Sighseeing', 'Santa Anastasia']",Santa Anastasia,strategy_nearest,True,0.002512216567993164,success
046FE63A9C4C80,1,['Arena'],Torre Lamberti,"['Sighseeing', 'Centro Fotografia', 'Museo Conte', 'Casa Giulietta', 'Palazzo della Ragione']",Palazzo della Ragione,strategy_nearest,True,0.002566099166870117,success
046FEE3A9C4C80,3,"['Arena', 'San Fermo']",Casa Giulietta,"['Centro Fotografia', 'Sighseeing', 'Torre Lamberti', 'Museo Conte', 'Museo Radio']",Santa Anastasia,strategy_nearest,False,0.0029697418212890625,success
046FFA3A9C4C80,0,['Arena'],Casa Giulietta,"['Centro Fotografia', 'Sighseeing', 'Torre Lamberti', 'Museo Conte', 'Museo Radio']",Duomo,strategy_nearest,False,0.0016090869903564453,success
046FFD3A9C4C80,3,"['Arena', 'San Fermo']",Santa Anastasia,"['AMO', 'Museo Conte', 'Palazzo della Ragione', 'Teatro Romano', 'Centro Fotografia']",Castelvecchio,strategy_nearest,False,0.0017600059509277344,success
0470033A9C4C84,3,['Arena'],Santa Anastasia,"['AMO', 'Museo Conte', 'Palazzo della Ragione', 'Teatro Romano', 'Centro Fotografia']",Teatro Romano,strategy_nearest,True,0.0023238658905029297,success
0470003A9C4C84,3,"['Arena', 'Casa Giulietta']",Castelvecchio,"['Museo Lapidario', 'Verona Tour', 'Museo Radio', 'San Zeno', 'Sighseeing']",Torre Lamberti,strategy_nearest,False,0.0023131370544433594,success
0470053A9C4C84,1,"['Arena', 'Casa Giulietta']",Torre Lamberti,"['Sighseeing', 'Centro Fotografia', 'Museo Conte', 'Palazzo della Ragione', 'AMO']",Palazzo della Ragione,strategy_nearest,True,0.0024907588958740234,success
04700B429C4C84,3,['Arena'],Santa Anastasia,"['AMO', 'Museo Conte', 'Palazzo della Ragione', 'Teatro Romano', 'Centro Fotografia']",Duomo,strategy_nearest,False,0.0026481151580810547,success
04700C429C4C84,0,['Arena'],Casa Giulietta,"['Centro Fotografia', 'Sighseeing', 'Torre Lamberti', 'Museo Conte', 'Museo Radio']",Torre Lamberti,strategy_nearest,True,0.002599000930786133,success
0470113A9C4C84,0,['Arena'],Castelvecchio,"['Museo Lapidario', 'Verona Tour', 'Museo Radio', 'San Zeno', 'Sighseeing']",Teatro Romano,strategy_nearest,False,0.0030248165130615234,success
04700E429C4C80,0,['Casa Giulietta'],Tomba Giulietta,"['San Fermo', 'Museo Storia', 'Arena', 'Museo Lapidario', 'Museo Radio']",Arena,strategy_nearest,True,0.002577066421508789,success
047015429C4C80,0,['Arena'],Torre Lamberti,"['Sighseeing', 'Centro Fotografia', 'Museo Conte', 'Casa Giulietta', 'Palazzo della Ragione']",Casa Giulietta,strategy_nearest,True,0.0029213428497314453,success
0470163A9C4C80,0,['Castelvecchio'],Arena,"['Verona Tour', 'Museo Lapidario', 'Museo Radio', 'San Fermo', 'Casa Giulietta']",Duomo,strategy_nearest,False,0.001638174057006836,success
047018429C4C84,2,"['Teatro Romano', 'Santa Anastasia']",Torre Lamberti,"['Sighseeing', 'Centro Fotografia', 'Museo Conte', 'Casa Giulietta', 'Palazzo della Ragione']",Palazzo della Ragione,strategy_nearest,True,0.0026841163635253906,success
04701A3A9C4C84,3,"['Tomba Giulietta', 'San Zeno', 'Arena']",Casa Giulietta,"['Centro Fotografia', 'Sighseeing', 'Torre Lamberti', 'Museo Conte', 'Museo Radio']",San Fermo,strategy_nearest,False,0.0024971961975097656,success
0470223A9C4C80,3,['Arena'],Casa Giulietta,"['Centro Fotografia', 'Sighseeing', 'Torre Lamberti', 'Museo Conte', 'Museo Radio']",Santa Anastasia,strategy_nearest,False,0.002328634262084961,success
047022429C4C84,0,['Arena'],Giardino Giusti,"['Santa Anastasia', 'Teatro Romano', 'Museo Conte', 'Centro Fotografia', 'Museo Storia']",Teatro Romano,strategy_nearest,True,0.0029380321502685547,success
0470273A9C4C80,0,"['Arena', 'Tomba Giulietta']",Museo Storia,"['San Fermo', 'Museo Radio', 'Casa Giulietta', 'Centro Fotografia', 'Torre Lamberti']",San Fermo,strategy_nearest,True,0.0017910003662109375,success
047025429C4C80,3,"['Arena', 'Castelvecchio', 'San Zeno']",Giardino Giusti,"['Santa Anastasia', 'Teatro Romano', 'Museo Conte', 'Centro Fotografia', 'Museo Storia']",Teatro Romano,strategy_nearest,True,0.003094911575317383,success
047029429C4C80,2,"['Casa Giulietta', 'Torre Lamberti']",Palazzo della Ragione,"['AMO', 'Museo Conte', 'Centro Fotografia', 'Sighseeing', 'Santa Anastasia']",Teatro Romano,strategy_nearest,False,0.0031321048736572266,success
047046429C4C80,3,['Arena'],Torre Lamberti,"['Sighseeing', 'Centro Fotografia', 'Museo Conte', 'Casa Giulietta', 'Palazzo della Ragione']",Santa Anastasia,strategy_nearest,False,0.002825021743774414,success
04702D429C4C80,0,['Casa Giulietta'],Arena,"['Verona Tour', 'Museo Lapidario', 'Museo Radio', 'San Fermo', 'Sighseeing']",Castelvecchio,strategy_nearest,False,0.0020890235900878906,success
04704D429C4C80,2,['Castelvecchio'],Teatro Romano,"['Santa Anastasia', 'Duomo', 'AMO', 'Palazzo della Ragione', 'Museo Conte']",Casa Giulietta,strategy_nearest,False,0.0033969879150390625,success
047055429C4C80,0,['Casa Giulietta'],Arena,"['Verona Tour', 'Museo Lapidario', 'Museo Radio', 'San Fermo', 'Sighseeing']",Tomba Giulietta,strategy_nearest,False,0.004080295562744141,success
047066429C4C80,1,"['Museo Lapidario', 'Arena']",Casa Giulietta,"['Centro Fotografia', 'Sighseeing', 'Torre Lamberti', 'Museo Conte', 'Museo Radio']",Palazzo della Ragione,strategy_nearest,False,0.002274036407470703,success
04706A3A9C4C80,0,"['Arena', 'Castelvecchio']",San Zeno,"['Verona Tour', 'Museo Lapidario', 'Museo Miniscalchi', 'Sighseeing', 'Museo Radio']",San Fermo,strategy_nearest,False,0.0033478736877441406,success
04705E429C4C80,0,['Teatro Romano'],Duomo,"['AMO', 'Museo Miniscalchi', 'Santa Anastasia', 'Palazzo della Ragione', 'Museo Conte']",Casa Giulietta,strategy_nearest,False,0.002888917922973633,success
04706B429C4C80,3,['Arena'],Santa Anastasia,"['AMO', 'Museo Conte', 'Palazzo della Ragione', 'Teatro Romano', 'Centro Fotografia']",Duomo,strategy_nearest,False,0.0013720989227294922,success
04706F429C4C80,1,"['Arena', 'Casa Giulietta', 'San Fermo', 'Torre Lamberti']",Palazzo della Ragione,"['AMO', 'Museo Conte', 'Centro Fotografia', 'Sighseeing', 'Santa Anastasia']",Santa Anastasia,strategy_nearest,True,0.0026137828826904297,success
04706F3A9C4C80,1,"['Castelvecchio', 'Torre Lamberti']",Palazzo della Ragione,"['AMO', 'Museo Conte', 'Centro Fotografia', 'Sighseeing', 'Santa Anastasia']",Duomo,strategy_nearest,False,0.003255128860473633,success
04706D429C4C80,3,"['Arena', 'Casa Giulietta']",Torre Lamberti,"['Sighseeing', 'Centro Fotografia', 'Museo Conte', 'Palazzo della Ragione', 'AMO']",Duomo,strategy_nearest,False,0.0021800994873046875,success
047070429C4C80,2,['Casa Giulietta'],Palazzo della Ragione,"['AMO', 'Museo Conte', 'Torre Lamberti', 'Centro Fotografia', 'Sighseeing']",Torre Lamberti,strategy_nearest,True,0.002254009246826172,success
0470733A9C4C80,1,"['Tomba Giulietta', 'Arena', 'Casa Giulietta']",Palazzo della Ragione,"['AMO', 'Museo Conte', 'Torre Lamberti', 'Centro Fotografia', 'Sighseeing']",Santa Anastasia,strategy_nearest,False,0.0018410682678222656,success
0470743A9C4C80,3,"['Casa Giulietta', 'Torre Lamberti']",Arena,"['Verona Tour', 'Museo Lapidario', 'Museo Radio', 'San Fermo', 'Sighseeing']",Santa Anastasia,strategy_nearest,False,0.0025620460510253906,success
0470753A9C4C80,3,"['Castelvecchio', 'Torre Lamberti']",Santa Anastasia,"['AMO', 'Museo Conte', 'Palazzo della Ragione', 'Teatro Romano', 'Centro Fotografia']",Casa Giulietta,strategy_nearest,False,0.0025398731231689453,success
0470863A9C4C80,1,"['Arena', 'Casa Giulietta']",Torre Lamberti,"['Sighseeing', 'Centro Fotografia', 'Museo Conte', 'Palazzo della Ragione', 'AMO']",Palazzo della Ragione,strategy_nearest,True,0.0014431476593017578,success
04708C3A9C4C80,0,['Castelvecchio'],Arena,"['Verona Tour', 'Museo Lapidario', 'Museo Radio', 'San Fermo', 'Casa Giulietta']",Casa Giulietta,strategy_nearest,True,0.0019588470458984375,success
04707E429C4C80,1,['Arena'],Palazzo della Ragione,"['AMO', 'Museo Conte', 'Torre Lamberti', 'Centro Fotografia', 'Sighseeing']",Castelvecchio,strategy_nearest,False,0.002682924270629883,success
0470763A9C4C80,0,['Casa Giulietta'],Teatro Romano,"['Santa Anastasia', 'Duomo', 'AMO', 'Palazzo della Ragione', 'Museo Conte']",Arena,strategy_nearest,False,0.004578113555908203,success
0470934A9C4C80,3,['Arena'],Santa Anastasia,"['AMO', 'Museo Conte', 'Palazzo della Ragione', 'Teatro Romano', 'Centro Fotografia']",Duomo,strategy_nearest,False,0.001331329345703125,success
0470A2429C4C80,3,['Arena'],Torre Lamberti,"['Sighseeing', 'Centro Fotografia', 'Museo Conte', 'Casa Giulietta', 'Palazzo della Ragione']",Santa Anastasia,strategy_nearest,False,0.0018742084503173828,success
047098429C4C80,0,['Arena'],Casa Giulietta,"['Centro Fotografia', 'Sighseeing', 'Torre Lamberti', 'Museo Conte', 'Museo Radio']",Torre Lamberti,strategy_nearest,True,0.0027229785919189453,success
0470A64A9C4C80,0,['Castelvecchio'],Arena,"['Verona Tour', 'Museo Lapidario', 'Museo Radio', 'San Fermo', 'Casa Giulietta']",Casa Giulietta,strategy_nearest,True,0.0031468868255615234,success
0470A74A9C4C80,3,"['Arena', 'Casa Giulietta']",Torre Lamberti,"['Sighseeing', 'Centro Fotografia', 'Museo Conte', 'Palazzo della Ragione', 'AMO']",Santa Anastasia,strategy_nearest,False,0.003110170364379883,success
0470A94A9C4C80,0,['Arena'],Teatro Romano,"['Santa Anastasia', 'Duomo', 'AMO', 'Palazzo della Ragione', 'Museo Conte']",Casa Giulietta,strategy_nearest,False,0.0017938613891601562,success
0470AA429C4C80,0,['Arena'],Casa Giulietta,"['Centro Fotografia', 'Sighseeing', 'Torre Lamberti', 'Museo Conte', 'Museo Radio']",Tomba Giulietta,strategy_nearest,False,0.0026950836181640625,success
0470B63A9C4C80,0,['Arena'],Teatro Romano,"['Santa Anastasia', 'Duomo', 'AMO', 'Palazzo della Ragione', 'Museo Conte']",Castelvecchio,strategy_nearest,False,0.002681255340576172,success
0470BB3A9C4C80,3,"['Arena', 'Casa Giulietta']",Torre Lamberti,"['Sighseeing', 'Centro Fotografia', 'Museo Conte', 'Palazzo della Ragione', 'AMO']",Santa Anastasia,strategy_nearest,False,0.002585172653198242,success
0470BD3A9C4C80,2,"['Torre Lamberti', 'Santa Anastasia']",Duomo,"['AMO', 'Museo Miniscalchi', 'Teatro Romano', 'Palazzo della Ragione', 'Museo Conte']",Teatro Romano,strategy_nearest,True,0.0031020641326904297,success
0470C23A9C4C80,3,['Arena'],Santa Anastasia,"['AMO', 'Museo Conte', 'Palazzo della Ragione', 'Teatro Romano', 'Centro Fotografia']",Teatro Romano,strategy_nearest,True,0.002208709716796875,success
0470CA429C4C80,2,['Palazzo della Ragione'],Torre Lamberti,"['Sighseeing', 'Centro Fotografia', 'Museo Conte', 'Casa Giulietta', 'AMO']",Casa Giulietta,strategy_nearest,True,0.0024938583374023438,success
0470CF3A9C4C80,3,"['Arena', 'Arena']",Casa Giulietta,"['Centro Fotografia', 'Sighseeing', 'Torre Lamberti', 'Museo Conte', 'Museo Radio']",Santa Anastasia,strategy_nearest,False,0.0026428699493408203,success
0470D23A9C4C80,1,"['Arena', 'Palazzo della Ragione', 'Torre Lamberti']",Casa Giulietta,"['Centro Fotografia', 'Sighseeing', 'Museo Conte', 'Museo Radio', 'San Fermo']",Teatro Romano,strategy_nearest,False,0.002149820327758789,success
0470D63A9C4C80,3,['Arena'],Santa Anastasia,"['AMO', 'Museo Conte', 'Palazzo della Ragione', 'Teatro Romano', 'Centro Fotografia']",Duomo,strategy_nearest,False,0.0025200843811035156,success
0470D6429C4C80,3,"['Arena', 'Casa Giulietta', 'Torre Lamberti']",Teatro Romano,"['Santa Anastasia', 'Duomo', 'AMO', 'Palazzo della Ragione', 'Museo Conte']",Giardino Giusti,strategy_nearest,False,0.0019288063049316406,success
0470DA429C4C80,3,"['Arena', 'Casa Giulietta', 'Torre Lamberti', 'Santa Anastasia', 'Teatro Romano']",Giardino Giusti,"['Museo Conte', 'Centro Fotografia', 'Museo Storia', 'AMO', 'Palazzo della Ragione']",San Fermo,strategy_nearest,False,0.0024466514587402344,success
0470DD3A9C4C80,3,['Arena'],Torre Lamberti,"['Sighseeing', 'Centro Fotografia', 'Museo Conte', 'Casa Giulietta', 'Palazzo della Ragione']",Santa Anastasia,strategy_nearest,False,0.004060983657836914,success
0470E43A9C4C80,0,['Arena'],Casa Giulietta,"['Centro Fotografia', 'Sighseeing', 'Torre Lamberti', 'Museo Conte', 'Museo Radio']",Palazzo della Ragione,strategy_nearest,False,0.0011839866638183594,success
0470E63A9C4C80,3,"['Torre Lamberti', 'Santa Anastasia', 'Duomo']",Teatro Romano,"['AMO', 'Palazzo della Ragione', 'Museo Conte', 'Centro Fotografia', 'Museo Miniscalchi']",Casa Giulietta,strategy_nearest,False,0.003180980682373047,success
0470E9429C4C80,2,['Torre Lamberti'],Museo Lapidario,"['Verona Tour', 'Arena', 'Castelvecchio', 'Museo Radio', 'San Fermo']",Castelvecchio,strategy_nearest,True,0.002228975296020508,success
04710F3A9C4C84,3,"['Arena', 'Castelvecchio']",Torre Lamberti,"['Sighseeing', 'Centro Fotografia', 'Museo Conte', 'Casa Giulietta', 'Palazzo della Ragione']",Santa Anastasia,strategy_nearest,False,0.0018379688262939453,success
0470ED3A9C4C80,0,['Arena'],San Fermo,"['Museo Storia', 'Museo Radio', 'Casa Giulietta', 'Centro Fotografia', 'Sighseeing']",Casa Giulietta,strategy_nearest,True,0.0014181137084960938,success
0471003A9C4C84,0,['Arena'],Casa Giulietta,"['Centro Fotografia', 'Sighseeing', 'Torre Lamberti', 'Museo Conte', 'Museo Radio']",Torre Lamberti,strategy_nearest,True,0.002582073211669922,success
0471113A9C4C84,3,"['Arena', 'Torre Lamberti']",Santa Anastasia,"['AMO', 'Museo Conte', 'Palazzo della Ragione', 'Teatro Romano', 'Centro Fotografia']",Duomo,strategy_nearest,False,0.003330230712890625,success
047116429C4C84,3,"['Arena', 'Castelvecchio']",Duomo,"['AMO', 'Museo Miniscalchi', 'Santa Anastasia', 'Teatro Romano', 'Palazzo della Ragione']",Santa Anastasia,strategy_nearest,True,0.0019528865814208984,success
047118429C4C80,2,['Castelvecchio'],Casa Giulietta,"['Centro Fotografia', 'Sighseeing', 'Torre Lamberti', 'Museo Conte', 'Museo Radio']",Torre Lamberti,strategy_nearest,True,0.002538919448852539,success
04711D429C4C80,1,"['Arena', 'Casa Giulietta']",Torre Lamberti,"['Sighseeing', 'Centro Fotografia', 'Museo Conte', 'Palazzo della Ragione', 'AMO']",Palazzo della Ragione,strategy_nearest,True,0.0028328895568847656,success
04711A429C4C80,3,"['Arena', 'Casa Giulietta']",Torre Lamberti,"['Sighseeing', 'Centro Fotografia', 'Museo Conte', 'Palazzo della Ragione', 'AMO']",Santa Anastasia,strategy_nearest,False,0.0025911331176757812,success
0471203A9C4C84,0,['Arena'],Castelvecchio,"['Museo Lapidario', 'Verona Tour', 'Museo Radio', 'San Zeno', 'Sighseeing']",Casa Giulietta,strategy_nearest,False,0.0018148422241210938,success
04712A429C4C80,1,"['Arena', 'Casa Giulietta', 'Palazzo della Ragione']",Santa Anastasia,"['AMO', 'Museo Conte', 'Teatro Romano', 'Centro Fotografia', 'Duomo']",Torre Lamberti,strategy_nearest,False,0.0018911361694335938,success
047127429C4C84,0,['Arena'],Casa Giulietta,"['Centro Fotografia', 'Sighseeing', 'Torre Lamberti', 'Museo Conte', 'Museo Radio']",Santa Anastasia,strategy_nearest,False,0.003238201141357422,success
04712C4A9C4C80,0,"['Torre Lamberti', 'Casa Giulietta']",Arena,"['Verona Tour', 'Museo Lapidario', 'Museo Radio', 'San Fermo', 'Sighseeing']",Tomba Giulietta,strategy_nearest,False,0.003019094467163086,success
04713D3A9C4C80,3,['Arena'],Santa Anastasia,"['AMO', 'Museo Conte', 'Palazzo della Ragione', 'Teatro Romano', 'Centro Fotografia']",Torre Lamberti,strategy_nearest,False,0.0016570091247558594,success
04714D429C4C80,0,['Arena'],Castelvecchio,"['Museo Lapidario', 'Verona Tour', 'Museo Radio', 'San Zeno', 'Sighseeing']",Casa Giulietta,strategy_nearest,False,0.0020449161529541016,success
047145429C4C80,3,"['Santa Anastasia', 'Teatro Romano', 'Duomo']",Arena,"['Verona Tour', 'Museo Lapidario', 'Museo Radio', 'San Fermo', 'Casa Giulietta']",Casa Giulietta,strategy_nearest,True,0.002710103988647461,success
04715E429C4C80,0,['Arena'],Santa Anastasia,"['AMO', 'Museo Conte', 'Palazzo della Ragione', 'Teatro Romano', 'Centro Fotografia']",Castelvecchio,strategy_nearest,False,0.0025098323822021484,success
047159429C4C80,3,"['Arena', 'Castelvecchio']",San Zeno,"['Verona Tour', 'Museo Lapidario', 'Museo Miniscalchi', 'Sighseeing', 'Museo Radio']",Teatro Romano,strategy_nearest,False,0.0036008358001708984,success
047160429C4C80,1,['Arena'],Casa Giulietta,"['Centro Fotografia', 'Sighseeing', 'Torre Lamberti', 'Museo Conte', 'Museo Radio']",Torre Lamberti,strategy_nearest,True,0.0023398399353027344,success
047166429C4C80,0,['Arena'],Casa Giulietta,"['Centro Fotografia', 'Sighseeing', 'Torre Lamberti', 'Museo Conte', 'Museo Radio']",Santa Anastasia,strategy_nearest,False,0.0022950172424316406,success
0471783A9C4C80,0,['Arena'],Casa Giulietta,"['Centro Fotografia', 'Sighseeing', 'Torre Lamberti', 'Museo Conte', 'Museo Radio']",Santa Anastasia,strategy_nearest,False,0.0025911331176757812,success
04717A429C4C80,3,['Arena'],Teatro Romano,"['Santa Anastasia', 'Duomo', 'AMO', 'Palazzo della Ragione', 'Museo Conte']",Santa Anastasia,strategy_nearest,True,0.0013380050659179688,success
047168429C4C80,1,"['Arena', 'San Zeno', 'Castelvecchio']",Casa Giulietta,"['Centro Fotografia', 'Sighseeing', 'Torre Lamberti', 'Museo Conte', 'Museo Radio']",Torre Lamberti,strategy_nearest,True,0.003796100616455078,success
04717F429C4C80,1,"['Arena', 'Casa Giulietta', 'Torre Lamberti']",Palazzo della Ragione,"['AMO', 'Museo Conte', 'Centro Fotografia', 'Sighseeing', 'Santa Anastasia']",Santa Anastasia,strategy_nearest,True,0.0027799606323242188,success
04717F4A9C4C80,1,"['Arena', 'Casa Giulietta']",Palazzo della Ragione,"['AMO', 'Museo Conte', 'Torre Lamberti', 'Centro Fotografia', 'Sighseeing']",Torre Lamberti,strategy_nearest,True,0.0013909339904785156,success
0471893A9C4C80,3,"['Arena', 'Castelvecchio']",Casa Giulietta,"['Centro Fotografia', 'Sighseeing', 'Torre Lamberti', 'Museo Conte', 'Museo Radio']",Teatro Romano,strategy_nearest,False,0.002023935317993164,success
04718A429C4C80,0,['Arena'],Castelvecchio,"['Museo Lapidario', 'Verona Tour', 'Museo Radio', 'San Zeno', 'Sighseeing']",Teatro Romano,strategy_nearest,False,0.0028867721557617188,success
0471834A9C4C80,3,"['San Fermo', 'Casa Giulietta']",Santa Anastasia,"['AMO', 'Museo Conte', 'Palazzo della Ragione', 'Teatro Romano', 'Centro Fotografia']",Duomo,strategy_nearest,False,0.0028438568115234375,success
04718C3A9C4C80,3,"['Arena', 'Casa Giulietta']",Torre Lamberti,"['Sighseeing', 'Centro Fotografia', 'Museo Conte', 'Palazzo della Ragione', 'AMO']",Santa Anastasia,strategy_nearest,False,0.00238800048828125,success
0471A64A9C4C80,0,['Arena'],Santa Anastasia,"['AMO', 'Museo Conte', 'Palazzo della Ragione', 'Teatro Romano', 'Centro Fotografia']",Casa Giulietta,strategy_nearest,False,0.0029790401458740234,success
04718D3A9C4C80,0,['Castelvecchio'],San Zeno,"['Verona Tour', 'Museo Lapidario', 'Arena', 'Museo Miniscalchi', 'Sighseeing']",Arena,strategy_nearest,True,0.0017809867858886719,success
047192429C4C80,2,['Castelvecchio'],Santa Anastasia,"['AMO', 'Museo Conte', 'Palazzo della Ragione', 'Teatro Romano', 'Centro Fotografia']",Duomo,strategy_nearest,False,0.0025429725646972656,success
0471AE429C4C80,3,"['Arena', 'Torre Lamberti']",Duomo,"['AMO', 'Museo Miniscalchi', 'Santa Anastasia', 'Teatro Romano', 'Palazzo della Ragione']",Castelvecchio,strategy_nearest,False,0.002424001693725586,success
0471B63A9C4C80,2,"['Casa Giulietta', 'Torre Lamberti', 'Palazzo della Ragione']",Santa Anastasia,"['AMO', 'Museo Conte', 'Teatro Romano', 'Centro Fotografia', 'Duomo']",Duomo,strategy_nearest,True,0.0019068717956542969,success
0471BA3A9C4C80,1,"['Arena', 'Casa Giulietta']",Torre Lamberti,"['Sighseeing', 'Centro Fotografia', 'Museo Conte', 'Palazzo della Ragione', 'AMO']",Palazzo della Ragione,strategy_nearest,True,0.0026917457580566406,success
0471BB3A9C4C80,2,"['Teatro Romano', 'Santa Anastasia', 'Torre Lamberti']",Palazzo della Ragione,"['AMO', 'Museo Conte', 'Centro Fotografia', 'Sighseeing', 'Museo Miniscalchi']",Casa Giulietta,strategy_nearest,False,0.003117084503173828,success
0471C1429C4C80,0,['Arena'],Museo Lapidario,"['Verona Tour', 'Castelvecchio', 'Museo Radio', 'San Fermo', 'Casa Giulietta']",Casa Giulietta,strategy_nearest,True,0.00173187255859375,success
0471C0429C4C80,2,['Santa Anastasia'],Teatro Romano,"['Duomo', 'AMO', 'Palazzo della Ragione', 'Museo Conte', 'Centro Fotografia']",Casa Giulietta,strategy_nearest,False,0.0032629966735839844,success
0471C93A9C4C80,1,"['Teatro Romano', 'Duomo', 'Santa Anastasia']",Torre Lamberti,"['Sighseeing', 'Centro Fotografia', 'Museo Conte', 'Casa Giulietta', 'Palazzo della Ragione']",Palazzo della Ragione,strategy_nearest,True,0.00218963623046875,success
0471CD429C4C80,3,"['Arena', 'Casa Giulietta']",Castelvecchio,"['Museo Lapidario', 'Verona Tour', 'Museo Radio', 'San Zeno', 'Sighseeing']",Santa Anastasia,strategy_nearest,False,0.0016331672668457031,success
0471D2429C4C80,1,"['Arena', 'Castelvecchio', 'Torre Lamberti', 'Palazzo della Ragione']",Casa Giulietta,"['Centro Fotografia', 'Sighseeing', 'Museo Conte', 'Museo Radio', 'San Fermo']",San Fermo,strategy_nearest,True,0.003242969512939453,success
0471DC429C4C80,0,['Arena'],Castelvecchio,"['Museo Lapidario', 'Verona Tour', 'Museo Radio', 'San Zeno', 'Sighseeing']",Casa Giulietta,strategy_nearest,False,0.0017538070678710938,success
0471E93A9C4C80,0,['Arena'],Torre Lamberti,"['Sighseeing', 'Centro Fotografia', 'Museo Conte', 'Casa Giulietta', 'Palazzo della Ragione']",Casa Giulietta,strategy_nearest,True,0.0020902156829833984,success
0471EB3A9C4C80,2,"['Teatro Romano', 'Duomo']",Santa Anastasia,"['AMO', 'Museo Conte', 'Palazzo della Ragione', 'Centro Fotografia', 'Torre Lamberti']",Torre Lamberti,strategy_nearest,True,0.001650094985961914,success
0471F1429C4C80,2,['Teatro Romano'],Castelvecchio,"['Museo Lapidario', 'Verona Tour', 'Arena', 'Museo Radio', 'San Zeno']",San Zeno,strategy_nearest,True,0.0019719600677490234,success
0471EF3A9C4C80,0,['Santa Anastasia'],Casa Giulietta,"['Centro Fotografia', 'Sighseeing', 'Torre Lamberti', 'Museo Conte', 'Museo Radio']",Castelvecchio,strategy_nearest,False,0.0027768611907958984,success
0471F7429C4C80,0,['Arena'],Casa Giulietta,"['Centro Fotografia', 'Sighseeing', 'Torre Lamberti', 'Museo Conte', 'Museo Radio']",Teatro Romano,strategy_nearest,False,0.0032460689544677734,success
0472053A9C4C84,0,"['Arena', 'Museo Lapidario']",Castelvecchio,"['Verona Tour', 'Museo Radio', 'San Zeno', 'Sighseeing', 'Museo Miniscalchi']",Casa Giulietta,strategy_nearest,False,0.0029048919677734375,success
04720C429C4C84,3,"['Arena', 'Museo Lapidario', 'Castelvecchio']",Santa Anastasia,"['AMO', 'Museo Conte', 'Palazzo della Ragione', 'Teatro Romano', 'Centro Fotografia']",Duomo,strategy_nearest,False,0.0025320053100585938,success
04720E3A9C4C84,3,['Arena'],Castelvecchio,"['Museo Lapidario', 'Verona Tour', 'Museo Radio', 'San Zeno', 'Sighseeing']",Santa Anastasia,strategy_nearest,False,0.0019178390502929688,success
047211429C4C80,1,"['Arena', 'Castelvecchio']",Casa Giulietta,"['Centro Fotografia', 'Sighseeing', 'Torre Lamberti', 'Museo Conte', 'Museo Radio']",Torre Lamberti,strategy_nearest,True,0.0024602413177490234,success
047216429C4C80,0,['Casa Giulietta'],Arena,"['Verona Tour', 'Museo Lapidario', 'Museo Radio', 'San Fermo', 'Sighseeing']",Castelvecchio,strategy_nearest,False,0.0013267993927001953,success
0472183A9C4C84,2,['Casa Giulietta'],Torre Lamberti,"['Sighseeing', 'Centro Fotografia', 'Museo Conte', 'Palazzo della Ragione', 'AMO']",Santa Anastasia,strategy_nearest,False,0.002501964569091797,success
0472153A9C4C80,1,"['Museo Lapidario', 'Santa Anastasia', 'Duomo']",Palazzo della Ragione,"['AMO', 'Museo Conte', 'Torre Lamberti', 'Centro Fotografia', 'Sighseeing']",Torre Lamberti,strategy_nearest,True,0.0039501190185546875,success
0472193A9C4C80,3,"['Arena', 'San Fermo']",Torre Lamberti,"['Sighseeing', 'Centro Fotografia', 'Museo Conte', 'Casa Giulietta', 'Palazzo della Ragione']",Giardino Giusti,strategy_nearest,False,0.0030629634857177734,success
04721D429C4C84,0,['Arena'],Museo Lapidario,"['Verona Tour', 'Castelvecchio', 'Museo Radio', 'San Fermo', 'Casa Giulietta']",Casa Giulietta,strategy_nearest,True,0.002577066421508789,success
04721F429C4C84,1,"['Arena', 'Casa Giulietta']",Santa Anastasia,"['AMO', 'Museo Conte', 'Palazzo della Ragione', 'Teatro Romano', 'Centro Fotografia']",Torre Lamberti,strategy_nearest,False,0.0018570423126220703,success
04721A429C4C84,3,"['Arena', 'Museo Lapidario']",Castelvecchio,"['Verona Tour', 'Museo Radio', 'San Zeno', 'Sighseeing', 'Museo Miniscalchi']",Casa Giulietta,strategy_nearest,False,0.0034542083740234375,success
0472213A9C4C84,3,"['Arena', 'Torre Lamberti']",Santa Anastasia,"['AMO', 'Museo Conte', 'Palazzo della Ragione', 'Teatro Romano', 'Centro Fotografia']",Teatro Romano,strategy_nearest,True,0.002371072769165039,success
0472203A9C4C80,3,['Arena'],Santa Anastasia,"['AMO', 'Museo Conte', 'Palazzo della Ragione', 'Teatro Romano', 'Centro Fotografia']",Duomo,strategy_nearest,False,0.0030210018157958984,success
047226429C4C84,0,"['Teatro Romano', 'Torre Lamberti']",Tomba Giulietta,"['San Fermo', 'Museo Storia', 'Arena', 'Museo Lapidario', 'Museo Radio']",Arena,strategy_nearest,True,0.0025300979614257812,success
0472253A9C4C80,0,['Arena'],Castelvecchio,"['Museo Lapidario', 'Verona Tour', 'Museo Radio', 'San Zeno', 'Sighseeing']",Giardino Giusti,strategy_nearest,False,0.0026509761810302734,success
04722A3A9C4C80,0,['Arena'],Casa Giulietta,"['Centro Fotografia', 'Sighseeing', 'Torre Lamberti', 'Museo Conte', 'Museo Radio']",Casa Giulietta,strategy_nearest,False,0.0023260116577148438,success
047228429C4C84,0,['Arena'],Castelvecchio,"['Museo Lapidario', 'Verona Tour', 'Museo Radio', 'San Zeno', 'Sighseeing']",Torre Lamberti,strategy_nearest,False,0.002971172332763672,success
04722E4A9C4C80,3,"['San Zeno', 'Castelvecchio']",Arena,"['Verona Tour', 'Museo Lapidario', 'Museo Radio', 'San Fermo', 'Casa Giulietta']",Casa Giulietta,strategy_nearest,True,0.00273895263671875,success
0472374A9C4C80,1,"['Castelvecchio', 'Casa Giulietta', 'Arena', 'Torre Lamberti']",Palazzo della Ragione,"['AMO', 'Museo Conte', 'Centro Fotografia', 'Sighseeing', 'Santa Anastasia']",Duomo,strategy_nearest,False,0.00327301025390625,success
047238429C4C80,3,"['Arena', 'Casa Giulietta']",Torre Lamberti,"['Sighseeing', 'Centro Fotografia', 'Museo Conte', 'Palazzo della Ragione', 'AMO']",Santa Anastasia,strategy_nearest,False,0.002259969711303711,success
0472303A9C4C80,3,"['Arena', 'Casa Giulietta']",Torre Lamberti,"['Sighseeing', 'Centro Fotografia', 'Museo Conte', 'Palazzo della Ragione', 'AMO']",Santa Anastasia,strategy_nearest,False,0.004058122634887695,success
047239429C4C80,2,"['Teatro Romano', 'Palazzo della Ragione', 'San Fermo']",San Zeno,"['Castelvecchio', 'Verona Tour', 'Museo Lapidario', 'Arena', 'Museo Miniscalchi']",Santa Anastasia,strategy_nearest,False,0.002216815948486328,success
0472394A9C4C80,1,"['Museo Lapidario', 'Arena', 'Casa Giulietta']",Torre Lamberti,"['Sighseeing', 'Centro Fotografia', 'Museo Conte', 'Palazzo della Ragione', 'AMO']",Palazzo della Ragione,strategy_nearest,True,0.0028901100158691406,success
0472403A9C4C80,2,"['Duomo', 'Santa Anastasia', 'Torre Lamberti']",Palazzo della Ragione,"['AMO', 'Museo Conte', 'Centro Fotografia', 'Sighseeing', 'Museo Miniscalchi']",Castelvecchio,strategy_nearest,False,0.0031189918518066406,success
04723E3A9C4C80,2,['Museo Lapidario'],Castelvecchio,"['Verona Tour', 'Arena', 'Museo Radio', 'San Zeno', 'Sighseeing']",Casa Giulietta,strategy_nearest,False,0.004125118255615234,success
04724D429C4C80,0,['Arena'],Castelvecchio,"['Museo Lapidario', 'Verona Tour', 'Museo Radio', 'San Zeno', 'Sighseeing']",Casa Giulietta,strategy_nearest,False,0.0016093254089355469,success
0472503A9C4C80,0,['Arena'],Casa Giulietta,"['Centro Fotografia', 'Sighseeing', 'Torre Lamberti', 'Museo Conte', 'Museo Radio']",Torre Lamberti,strategy_nearest,True,0.002415180206298828,success
04724F429C4C80,3,"['Arena', 'Casa Giulietta', 'Torre Lamberti']",Arena,"['Verona Tour', 'Museo Lapidario', 'Museo Radio', 'San Fermo', 'Sighseeing']",San Fermo,strategy_nearest,True,0.0039598941802978516,success
0472463A9C4C80,0,['Casa Giulietta'],Torre Lamberti,"['Sighseeing', 'Centro Fotografia', 'Museo Conte', 'Palazzo della Ragione', 'AMO']",Arena,strategy_nearest,False,0.0054168701171875,success
04725D3A9C4C80,0,"['Arena', 'Arena']",Museo Lapidario,"['Verona Tour', 'Castelvecchio', 'Museo Radio', 'San Fermo', 'Casa Giulietta']",Castelvecchio,strategy_nearest,True,0.0030260086059570312,success
0472533A9C4C80,2,['Tomba Giulietta'],Casa Giulietta,"['Centro Fotografia', 'Sighseeing', 'Torre Lamberti', 'Museo Conte', 'Museo Radio']",San Zeno,strategy_nearest,False,0.00557398796081543,success
04725E429C4C80,0,['Arena'],Casa Giulietta,"['Centro Fotografia', 'Sighseeing', 'Torre Lamberti', 'Museo Conte', 'Museo Radio']",Castelvecchio,strategy_nearest,False,0.004071950912475586,success
047265429C4C80,0,['Arena'],Casa Giulietta,"['Centro Fotografia', 'Sighseeing', 'Torre Lamberti', 'Museo Conte', 'Museo Radio']",Castelvecchio,strategy_nearest,False,0.0034952163696289062,success
0472633A9C4C80,1,"['Museo Storia', 'Arena']",Casa Giulietta,"['Centro Fotografia', 'Sighseeing', 'Torre Lamberti', 'Museo Conte', 'Museo Radio']",Torre Lamberti,strategy_nearest,True,0.0031239986419677734,success
047263429C4C80,0,['Arena'],Casa Giulietta,"['Centro Fotografia', 'Sighseeing', 'Torre Lamberti', 'Museo Conte', 'Museo Radio']",Teatro Romano,strategy_nearest,False,0.0023543834686279297,success
0472723A9C4C80,3,"['Arena', 'Museo Lapidario', 'Castelvecchio']",Santa Anastasia,"['AMO', 'Museo Conte', 'Palazzo della Ragione', 'Teatro Romano', 'Centro Fotografia']",Casa Giulietta,strategy_nearest,False,0.0020041465759277344,success
0472683A9C4C80,2,"['Castelvecchio', 'Casa Giulietta']",Teatro Romano,"['Santa Anastasia', 'Duomo', 'AMO', 'Palazzo della Ragione', 'Museo Conte']",Torre Lamberti,strategy_nearest,False,0.0023169517517089844,success
047270429C4C80,3,"['Casa Giulietta', 'Torre Lamberti']",Santa Anastasia,"['AMO', 'Museo Conte', 'Palazzo della Ragione', 'Teatro Romano', 'Centro Fotografia']",Castelvecchio,strategy_nearest,False,0.002827167510986328,success
047272429C4C80,3,"['Arena', 'Casa Giulietta']",Torre Lamberti,"['Sighseeing', 'Centro Fotografia', 'Museo Conte', 'Palazzo della Ragione', 'AMO']",Santa Anastasia,strategy_nearest,False,0.003437042236328125,success
04728E4A9C4C80,0,['Arena'],Casa Giulietta,"['Centro Fotografia', 'Sighseeing', 'Torre Lamberti', 'Museo Conte', 'Museo Radio']",Teatro Romano,strategy_nearest,False,0.003068208694458008,success
04728D3A9C4C80,0,['Arena'],Castelvecchio,"['Museo Lapidario', 'Verona Tour', 'Museo Radio', 'San Zeno', 'Sighseeing']",Tomba Giulietta,strategy_nearest,False,0.0021779537200927734,success
04728F4A9C4C80,1,"['Arena', 'Torre Lamberti']",Palazzo della Ragione,"['AMO', 'Museo Conte', 'Centro Fotografia', 'Sighseeing', 'Santa Anastasia']",Casa Giulietta,strategy_nearest,False,0.0026099681854248047,success
0472AA3A9C4C80,1,"['Arena', 'San Fermo', 'Casa Giulietta', 'Palazzo della Ragione']",Torre Lamberti,"['Sighseeing', 'Centro Fotografia', 'Museo Conte', 'AMO', 'Museo Miniscalchi']",Santa Anastasia,strategy_nearest,False,0.0028982162475585938,success
0472914A9C4C80,1,['Arena'],Castelvecchio,"['Museo Lapidario', 'Verona Tour', 'Museo Radio', 'San Zeno', 'Sighseeing']",Palazzo della Ragione,strategy_nearest,False,0.002521038055419922,success
0472A54A9C4C80,1,"['Casa Giulietta', 'Palazzo della Ragione', 'Torre Lamberti']",Santa Anastasia,"['AMO', 'Museo Conte', 'Teatro Romano', 'Centro Fotografia', 'Duomo']",Duomo,strategy_nearest,True,0.0031480789184570312,success
0472A9429C4C80,2,"['Casa Giulietta', 'Torre Lamberti']",Palazzo della Ragione,"['AMO', 'Museo Conte', 'Centro Fotografia', 'Sighseeing', 'Santa Anastasia']",Santa Anastasia,strategy_nearest,True,0.0039212703704833984,success
0472AA4A9C4C80,3,"['Torre Lamberti', 'Casa Giulietta']",Arena,"['Verona Tour', 'Museo Lapidario', 'Museo Radio', 'San Fermo', 'Sighseeing']",Teatro Romano,strategy_nearest,False,0.0024671554565429688,success
0472AC429C4C80,0,['Arena'],Casa Giulietta,"['Centro Fotografia', 'Sighseeing', 'Torre Lamberti', 'Museo Conte', 'Museo Radio']",Torre Lamberti,strategy_nearest,True,0.0021882057189941406,success
0472AD429C4C80,3,"['Arena', 'Casa Giulietta']",Santa Anastasia,"['AMO', 'Museo Conte', 'Palazzo della Ragione', 'Teatro Romano', 'Centro Fotografia']",Duomo,strategy_nearest,False,0.002819061279296875,success
0472B73A9C4C80,3,"['San Zeno', 'Castelvecchio', 'Arena']",Torre Lamberti,"['Sighseeing', 'Centro Fotografia', 'Museo Conte', 'Casa Giulietta', 'Palazzo della Ragione']",Santa Anastasia,strategy_nearest,False,0.0020279884338378906,success
0472B53A9C4C80,0,['Arena'],Casa Giulietta,"['Centro Fotografia', 'Sighseeing', 'Torre Lamberti', 'Museo Conte', 'Museo Radio']",Tomba Giulietta,strategy_nearest,False,0.004373073577880859,success
0472B7429C4C80,0,"['Arena', 'Torre Lamberti']",Casa Giulietta,"['Centro Fotografia', 'Sighseeing', 'Museo Conte', 'Museo Radio', 'Palazzo della Ragione']",Teatro Romano,strategy_nearest,False,0.002544879913330078,success
0472C1429C4C80,3,"['Arena', 'Museo Lapidario', 'Castelvecchio']",San Zeno,"['Verona Tour', 'Museo Miniscalchi', 'Sighseeing', 'Museo Radio', 'Torre Lamberti']",Casa Giulietta,strategy_nearest,False,0.0032138824462890625,success
0472C93A9C4C80,3,"['Castelvecchio', 'Arena']",Casa Giulietta,"['Centro Fotografia', 'Sighseeing', 'Torre Lamberti', 'Museo Conte', 'Museo Radio']",Duomo,strategy_nearest,False,0.001992940902709961,success
0472CA429C4C80,0,['Castelvecchio'],San Zeno,"['Verona Tour', 'Museo Lapidario', 'Arena', 'Museo Miniscalchi', 'Sighseeing']",Arena,strategy_nearest,True,0.0018041133880615234,success
0472C9429C4C80,3,['Arena'],Casa Giulietta,"['Centro Fotografia', 'Sighseeing', 'Torre Lamberti', 'Museo Conte', 'Museo Radio']",Santa Anastasia,strategy_nearest,False,0.003584146499633789,success
0472CF429C4C80,1,"['Arena', 'Castelvecchio']",Teatro Romano,"['Santa Anastasia', 'Duomo', 'AMO', 'Palazzo della Ragione', 'Museo Conte']",Torre Lamberti,strategy_nearest,False,0.0032911300659179688,success
0472DB3A9C4C80,0,['Arena'],Casa Giulietta,"['Centro Fotografia', 'Sighseeing', 'Torre Lamberti', 'Museo Conte', 'Museo Radio']",Torre Lamberti,strategy_nearest,True,0.002753019332885742,success
0472EC3A9C4C80,1,"['Arena', 'Casa Giulietta', 'Torre Lamberti']",Palazzo della Ragione,"['AMO', 'Museo Conte', 'Centro Fotografia', 'Sighseeing', 'Santa Anastasia']",Santa Anastasia,strategy_nearest,True,0.0026390552520751953,success
0472F23A9C4C80,3,['Arena'],Santa Anastasia,"['AMO', 'Museo Conte', 'Palazzo della Ragione', 'Teatro Romano', 'Centro Fotografia']",Duomo,strategy_nearest,False,0.003275156021118164,success
0472F93A9C4C80,1,"['Castelvecchio', 'Arena', 'Museo Lapidario', 'San Fermo']",Casa Giulietta,"['Centro Fotografia', 'Sighseeing', 'Torre Lamberti', 'Museo Conte', 'Museo Radio']",Torre Lamberti,strategy_nearest,True,0.0028858184814453125,success
047308429C4C84,3,"['Arena', 'Museo Lapidario']",San Zeno,"['Castelvecchio', 'Verona Tour', 'Museo Miniscalchi', 'Sighseeing', 'Museo Radio']",Castelvecchio,strategy_nearest,True,0.002499818801879883,success
0472FA3A9C4C80,3,"['Arena', 'Casa Giulietta']",Santa Anastasia,"['AMO', 'Museo Conte', 'Palazzo della Ragione', 'Teatro Romano', 'Centro Fotografia']",Castelvecchio,strategy_nearest,False,0.0033059120178222656,success
04730A3A9C4C84,0,['Arena'],Casa Giulietta,"['Centro Fotografia', 'Sighseeing', 'Torre Lamberti', 'Museo Conte', 'Museo Radio']",Palazzo della Ragione,strategy_nearest,False,0.003906965255737305,success
04730F3A9C4C84,1,"['Museo Lapidario', 'Arena', 'Casa Giulietta']",Torre Lamberti,"['Sighseeing', 'Centro Fotografia', 'Museo Conte', 'Palazzo della Ragione', 'AMO']",Palazzo della Ragione,strategy_nearest,True,0.003650188446044922,success
04730B429C4C84,3,"['Arena', 'Casa Giulietta']",Santa Anastasia,"['AMO', 'Museo Conte', 'Palazzo della Ragione', 'Teatro Romano', 'Centro Fotografia']",Duomo,strategy_nearest,False,0.0032727718353271484,success
04730D3A9C4C84,1,['Casa Giulietta'],Arena,"['Verona Tour', 'Museo Lapidario', 'Museo Radio', 'San Fermo', 'Sighseeing']",Palazzo della Ragione,strategy_nearest,False,0.0021750926971435547,success
047324429C4C80,0,"['Casa Giulietta', 'Arena']",Santa Anastasia,"['AMO', 'Museo Conte', 'Palazzo della Ragione', 'Teatro Romano', 'Centro Fotografia']",Giardino Giusti,strategy_nearest,False,0.002112150192260742,success
0473163A9C4C84,3,"['Arena', 'Castelvecchio']",Casa Giulietta,"['Centro Fotografia', 'Sighseeing', 'Torre Lamberti', 'Museo Conte', 'Museo Radio']",Santa Anastasia,strategy_nearest,False,0.002747774124145508,success
0473233A9C4C80,0,['Arena'],Castelvecchio,"['Museo Lapidario', 'Verona Tour', 'Museo Radio', 'San Zeno', 'Sighseeing']",Giardino Giusti,strategy_nearest,False,0.003159046173095703,success
04731D3A9C4C84,0,['Arena'],Castelvecchio,"['Museo Lapidario', 'Verona Tour', 'Museo Radio', 'San Zeno', 'Sighseeing']",Teatro Romano,strategy_nearest,False,0.004003763198852539,success
0473293A9C4C80,1,['Arena'],Casa Giulietta,"['Centro Fotografia', 'Sighseeing', 'Torre Lamberti', 'Museo Conte', 'Museo Radio']",Palazzo della Ragione,strategy_nearest,False,0.002650737762451172,success
04732C3A9C4C80,0,['Arena'],Casa Giulietta,"['Centro Fotografia', 'Sighseeing', 'Torre Lamberti', 'Museo Conte', 'Museo Radio']",Teatro Romano,strategy_nearest,False,0.001764059066772461,success
0473343A9C4C80,0,['Arena'],Giardino Giusti,"['Santa Anastasia', 'Teatro Romano', 'Museo Conte', 'Centro Fotografia', 'Museo Storia']",Torre Lamberti,strategy_nearest,False,0.0027153491973876953,success
0473283A9C4C80,1,['Arena'],Casa Giulietta,"['Centro Fotografia', 'Sighseeing', 'Torre Lamberti', 'Museo Conte', 'Museo Radio']",Palazzo della Ragione,strategy_nearest,False,0.003950834274291992,success
0473403A9C4C80,1,"['Arena', 'Torre Lamberti']",Palazzo della Ragione,"['AMO', 'Museo Conte', 'Centro Fotografia', 'Sighseeing', 'Santa Anastasia']",Santa Anastasia,strategy_nearest,True,0.002258777618408203,success
047339429C4C80,1,"['Arena', 'San Fermo', 'Casa Giulietta']",Teatro Romano,"['Santa Anastasia', 'Duomo', 'AMO', 'Palazzo della Ragione', 'Museo Conte']",Duomo,strategy_nearest,True,0.0017180442810058594,success
04733A3A9C4C80,0,['Arena'],Casa Giulietta,"['Centro Fotografia', 'Sighseeing', 'Torre Lamberti', 'Museo Conte', 'Museo Radio']",Castelvecchio,strategy_nearest,False,0.0031366348266601562,success
04733B429C4C80,1,"['Arena', 'Casa Giulietta']",Torre Lamberti,"['Sighseeing', 'Centro Fotografia', 'Museo Conte', 'Palazzo della Ragione', 'AMO']",Palazzo della Ragione,strategy_nearest,True,0.00396728515625,success
047343429C4C80,0,['Casa Giulietta'],Arena,"['Verona Tour', 'Museo Lapidario', 'Museo Radio', 'San Fermo', 'Sighseeing']",Santa Anastasia,strategy_nearest,False,0.0034818649291992188,success
047345429C4C80,0,['Arena'],Castelvecchio,"['Museo Lapidario', 'Verona Tour', 'Museo Radio', 'San Zeno', 'Sighseeing']",Casa Giulietta,strategy_nearest,False,0.0027251243591308594,success
04734A429C4C80,0,['Arena'],Torre Lamberti,"['Sighseeing', 'Centro Fotografia', 'Museo Conte', 'Casa Giulietta', 'Palazzo della Ragione']",Casa Giulietta,strategy_nearest,True,0.003847837448120117,success
047367429C4C80,1,"['Castelvecchio', 'Arena']",Casa Giulietta,"['Centro Fotografia', 'Sighseeing', 'Torre Lamberti', 'Museo Conte', 'Museo Radio']",Palazzo della Ragione,strategy_nearest,False,0.002984762191772461,success
04736C429C4C80,0,"['Arena', 'Castelvecchio']",Torre Lamberti,"['Sighseeing', 'Centro Fotografia', 'Museo Conte', 'Casa Giulietta', 'Palazzo della Ragione']",Teatro Romano,strategy_nearest,False,0.0030488967895507812,success
04737A3A9C4C80,0,['Arena'],Casa Giulietta,"['Centro Fotografia', 'Sighseeing', 'Torre Lamberti', 'Museo Conte', 'Museo Radio']",Duomo,strategy_nearest,False,0.0023679733276367188,success
04736E429C4C80,0,['Arena'],Torre Lamberti,"['Sighseeing', 'Centro Fotografia', 'Museo Conte', 'Casa Giulietta', 'Palazzo della Ragione']",Casa Giulietta,strategy_nearest,True,0.0017352104187011719,success
0473853A9C4C80,0,['Arena'],Torre Lamberti,"['Sighseeing', 'Centro Fotografia', 'Museo Conte', 'Casa Giulietta', 'Palazzo della Ragione']",San Fermo,strategy_nearest,False,0.003489255905151367,success
04738C429C4C80,0,['Arena'],Palazzo della Ragione,"['AMO', 'Museo Conte', 'Torre Lamberti', 'Centro Fotografia', 'Sighseeing']",Casa Giulietta,strategy_nearest,False,0.002379894256591797,success
04738D4A9C4C80,3,"['Arena', 'Duomo']",Santa Anastasia,"['AMO', 'Museo Conte', 'Palazzo della Ragione', 'Teatro Romano', 'Centro Fotografia']",Casa Giulietta,strategy_nearest,False,0.0029768943786621094,success
047388429C4C80,1,"['Arena', 'Casa Giulietta']",Torre Lamberti,"['Sighseeing', 'Centro Fotografia', 'Museo Conte', 'Palazzo della Ragione', 'AMO']",Palazzo della Ragione,strategy_nearest,True,0.0016140937805175781,success
04738E3A9C4C80,2,"['Castelvecchio', 'Teatro Romano']",Duomo,"['AMO', 'Museo Miniscalchi', 'Santa Anastasia', 'Palazzo della Ragione', 'Museo Conte']",Santa Anastasia,strategy_nearest,True,0.0033998489379882812,success
04738F4A9C4C80,1,['Arena'],Torre Lamberti,"['Sighseeing', 'Centro Fotografia', 'Museo Conte', 'Casa Giulietta', 'Palazzo della Ragione']",Palazzo della Ragione,strategy_nearest,True,0.0015101432800292969,success
04739F429C4C80,3,"['Arena', 'Castelvecchio', 'Santa Anastasia', 'Duomo']",Teatro Romano,"['AMO', 'Palazzo della Ragione', 'Museo Conte', 'Centro Fotografia', 'Museo Miniscalchi']",Casa Giulietta,strategy_nearest,False,0.0021800994873046875,success
0473924A9C4C80,3,['Arena'],Casa Giulietta,"['Centro Fotografia', 'Sighseeing', 'Torre Lamberti', 'Museo Conte', 'Museo Radio']",Santa Anastasia,strategy_nearest,False,0.002917766571044922,success
0473A54A9C4C80,1,"['Casa Giulietta', 'Palazzo della Ragione', 'Torre Lamberti']",Santa Anastasia,"['AMO', 'Museo Conte', 'Teatro Romano', 'Centro Fotografia', 'Duomo']",Teatro Romano,strategy_nearest,True,0.0034470558166503906,success
0473AF3A9C4C80,0,['Arena'],San Fermo,"['Museo Storia', 'Museo Radio', 'Casa Giulietta', 'Centro Fotografia', 'Sighseeing']",Casa Giulietta,strategy_nearest,True,0.0018761157989501953,success
0473B13A9C4C80,3,['Arena'],Santa Anastasia,"['AMO', 'Museo Conte', 'Palazzo della Ragione', 'Teatro Romano', 'Centro Fotografia']",Duomo,strategy_nearest,False,0.0019648075103759766,success
0473B4429C4C80,3,['Arena'],Santa Anastasia,"['AMO', 'Museo Conte', 'Palazzo della Ragione', 'Teatro Romano', 'Centro Fotografia']",Duomo,strategy_nearest,False,0.0030498504638671875,success
0473B5429C4C80,3,"['Arena', 'Tomba Giulietta']",Casa Giulietta,"['Centro Fotografia', 'Sighseeing', 'Torre Lamberti', 'Museo Conte', 'Museo Radio']",Torre Lamberti,strategy_nearest,True,0.0027899742126464844,success
0473BD3A9C4C80,1,"['Santa Anastasia', 'San Fermo']",Palazzo della Ragione,"['AMO', 'Museo Conte', 'Torre Lamberti', 'Centro Fotografia', 'Sighseeing']",Torre Lamberti,strategy_nearest,True,0.0025129318237304688,success
0473BE3A9C4C80,0,['Casa Giulietta'],San Zeno,"['Castelvecchio', 'Verona Tour', 'Museo Lapidario', 'Arena', 'Museo Miniscalchi']",Arena,strategy_nearest,True,0.002336740493774414,success
0473BE429C4C80,1,"['Arena', 'Castelvecchio']",Palazzo della Ragione,"['AMO', 'Museo Conte', 'Torre Lamberti', 'Centro Fotografia', 'Sighseeing']",Torre Lamberti,strategy_nearest,True,0.002371072769165039,success
0473BF3A9C4C80,1,"['Palazzo della Ragione', 'Torre Lamberti']",Casa Giulietta,"['Centro Fotografia', 'Sighseeing', 'Museo Conte', 'Museo Radio', 'San Fermo']",Arena,strategy_nearest,False,0.0027680397033691406,success
0473C23A9C4C80,3,['Arena'],Santa Anastasia,"['AMO', 'Museo Conte', 'Palazzo della Ragione', 'Teatro Romano', 'Centro Fotografia']",Torre Lamberti,strategy_nearest,False,0.0035483837127685547,success
0473D1429C4C80,3,['Santa Anastasia'],Castelvecchio,"['Museo Lapidario', 'Verona Tour', 'Arena', 'Museo Radio', 'San Zeno']",Arena,strategy_nearest,True,0.0019230842590332031,success
0473E13A9C4C80,1,['Arena'],Castelvecchio,"['Museo Lapidario', 'Verona Tour', 'Museo Radio', 'San Zeno', 'Sighseeing']",Palazzo della Ragione,strategy_nearest,False,0.0029070377349853516,success
0473E4429C4C80,1,"['Castelvecchio', 'Arena']",Museo Lapidario,"['Verona Tour', 'Museo Radio', 'San Fermo', 'Casa Giulietta', 'Tomba Giulietta']",San Zeno,strategy_nearest,False,0.002109050750732422,success
0473E73A9C4C80,0,['Arena'],Casa Giulietta,"['Centro Fotografia', 'Sighseeing', 'Torre Lamberti', 'Museo Conte', 'Museo Radio']",Castelvecchio,strategy_nearest,False,0.002040863037109375,success
0473E83A9C4C80,1,"['Casa Giulietta', 'Arena', 'Museo Lapidario']",San Zeno,"['Castelvecchio', 'Verona Tour', 'Museo Miniscalchi', 'Sighseeing', 'Museo Radio']",Teatro Romano,strategy_nearest,False,0.0030689239501953125,success
0473E93A9C4C80,3,['Duomo'],Santa Anastasia,"['AMO', 'Museo Conte', 'Palazzo della Ragione', 'Teatro Romano', 'Centro Fotografia']",Arena,strategy_nearest,False,0.003699779510498047,success
0473FD429C4C80,2,['Santa Anastasia'],Duomo,"['AMO', 'Museo Miniscalchi', 'Teatro Romano', 'Palazzo della Ragione', 'Museo Conte']",Torre Lamberti,strategy_nearest,False,0.002862215042114258,success
0473F23A9C4C80,0,['Arena'],Castelvecchio,"['Museo Lapidario', 'Verona Tour', 'Museo Radio', 'San Zeno', 'Sighseeing']",Casa Giulietta,strategy_nearest,False,0.002454042434692383,success
0474053A9C4C84,0,['Arena'],Casa Giulietta,"['Centro Fotografia', 'Sighseeing', 'Torre Lamberti', 'Museo Conte', 'Museo Radio']",Torre Lamberti,strategy_nearest,True,0.0011341571807861328,success
047414429C4C84,3,"['Arena', 'Museo Lapidario']",Castelvecchio,"['Verona Tour', 'Museo Radio', 'San Zeno', 'Sighseeing', 'Museo Miniscalchi']",Torre Lamberti,strategy_nearest,False,0.002621889114379883,success
0474113A9C4C84,2,['Torre Lamberti'],Santa Anastasia,"['AMO', 'Museo Conte', 'Palazzo della Ragione', 'Teatro Romano', 'Centro Fotografia']",Duomo,strategy_nearest,False,0.0033321380615234375,success
04740B3A9C4C84,0,['Arena'],Torre Lamberti,"['Sighseeing', 'Centro Fotografia', 'Museo Conte', 'Casa Giulietta', 'Palazzo della Ragione']",Duomo,strategy_nearest,False,0.002176046371459961,success
047416429C4C84,0,['Arena'],Torre Lamberti,"['Sighseeing', 'Centro Fotografia', 'Museo Conte', 'Casa Giulietta', 'Palazzo della Ragione']",Casa Giulietta,strategy_nearest,True,0.0020101070404052734,success
0474173A9C4C80,0,['Arena'],Castelvecchio,"['Museo Lapidario', 'Verona Tour', 'Museo Radio', 'San Zeno', 'Sighseeing']",Casa Giulietta,strategy_nearest,False,0.001981019973754883,success
04741E429C4C84,2,['Torre Lamberti'],Santa Anastasia,"['AMO', 'Museo Conte', 'Palazzo della Ragione', 'Teatro Romano', 'Centro Fotografia']",Giardino Giusti,strategy_nearest,False,0.0025777816772460938,success
047420429C4C84,2,['San Fermo'],Torre Lamberti,"['Sighseeing', 'Centro Fotografia', 'Museo Conte', 'Casa Giulietta', 'Palazzo della Ragione']",Duomo,strategy_nearest,False,0.0030791759490966797,success
0474223A9C4C80,2,"['Torre Lamberti', 'Santa Anastasia', 'Duomo', 'Casa Giulietta']",Castelvecchio,"['Museo Lapidario', 'Verona Tour', 'Arena', 'Museo Radio', 'San Zeno']",San Zeno,strategy_nearest,True,0.0018961429595947266,success
0474243A9C4C84,1,['Arena'],Palazzo della Ragione,"['AMO', 'Museo Conte', 'Torre Lamberti', 'Centro Fotografia', 'Sighseeing']",Torre Lamberti,strategy_nearest,True,0.0020868778228759766,success
0474283A9C4C80,2,['San Fermo'],Torre Lamberti,"['Sighseeing', 'Centro Fotografia', 'Museo Conte', 'Casa Giulietta', 'Palazzo della Ragione']",Castelvecchio,strategy_nearest,False,0.002705812454223633,success
04742B429C4C80,3,"['Arena', 'Torre Lamberti']",Casa Giulietta,"['Centro Fotografia', 'Sighseeing', 'Museo Conte', 'Museo Radio', 'Palazzo della Ragione']",Santa Anastasia,strategy_nearest,False,0.0031652450561523438,success
0474343A9C4C80,0,['Arena'],Torre Lamberti,"['Sighseeing', 'Centro Fotografia', 'Museo Conte', 'Casa Giulietta', 'Palazzo della Ragione']",Casa Giulietta,strategy_nearest,True,0.0023779869079589844,success
0474413A9C4C80,1,"['Duomo', 'Torre Lamberti', 'Palazzo della Ragione']",Casa Giulietta,"['Centro Fotografia', 'Sighseeing', 'Museo Conte', 'Museo Radio', 'San Fermo']",Arena,strategy_nearest,False,0.002357006072998047,success
04743A429C4C80,3,"['Arena', 'Casa Giulietta']",Torre Lamberti,"['Sighseeing', 'Centro Fotografia', 'Museo Conte', 'Palazzo della Ragione', 'AMO']",Santa Anastasia,strategy_nearest,False,0.0019690990447998047,success
04743A3A9C4C80,0,['Casa Giulietta'],Castelvecchio,"['Museo Lapidario', 'Verona Tour', 'Arena', 'Museo Radio', 'San Zeno']",Arena,strategy_nearest,True,0.0040912628173828125,success
04745D429C4C80,2,['Teatro Romano'],Santa Anastasia,"['AMO', 'Museo Conte', 'Palazzo della Ragione', 'Centro Fotografia', 'Duomo']",Torre Lamberti,strategy_nearest,False,0.001644134521484375,success
0474643A9C4C80,1,"['Torre Lamberti', 'Palazzo della Ragione']",Casa Giulietta,"['Centro Fotografia', 'Sighseeing', 'Museo Conte', 'Museo Radio', 'San Fermo']",Teatro Romano,strategy_nearest,False,0.002624988555908203,success
04746B429C4C80,0,['Arena'],Castelvecchio,"['Museo Lapidario', 'Verona Tour', 'Museo Radio', 'San Zeno', 'Sighseeing']",Teatro Romano,strategy_nearest,False,0.0019719600677490234,success
0474543A9C4C80,1,"['Tomba Giulietta', 'San Fermo', 'Arena', 'Castelvecchio']",Duomo,"['AMO', 'Museo Miniscalchi', 'Santa Anastasia', 'Teatro Romano', 'Palazzo della Ragione']",Palazzo della Ragione,strategy_nearest,True,0.003993034362792969,success
0474753A9C4C80,2,"['Castelvecchio', 'Teatro Romano']",Giardino Giusti,"['Santa Anastasia', 'Museo Conte', 'Centro Fotografia', 'Museo Storia', 'AMO']",Torre Lamberti,strategy_nearest,False,0.0011887550354003906,success
04746C429C4C80,3,"['Arena', 'Torre Lamberti', 'Casa Giulietta']",Santa Anastasia,"['AMO', 'Museo Conte', 'Palazzo della Ragione', 'Teatro Romano', 'Centro Fotografia']",Teatro Romano,strategy_nearest,True,0.0023279190063476562,success
047478429C4C80,0,['Arena'],Casa Giulietta,"['Centro Fotografia', 'Sighseeing', 'Torre Lamberti', 'Museo Conte', 'Museo Radio']",San Zeno,strategy_nearest,False,0.0028450489044189453,success
04747A3A9C4C80,2,['Palazzo della Ragione'],Casa Giulietta,"['Centro Fotografia', 'Sighseeing', 'Torre Lamberti', 'Museo Conte', 'Museo Radio']",San Zeno,strategy_nearest,False,0.003142833709716797,success
04747E3A9C4C80,2,['Santa Anastasia'],Duomo,"['AMO', 'Museo Miniscalchi', 'Teatro Romano', 'Palazzo della Ragione', 'Museo Conte']",Casa Giulietta,strategy_nearest,False,0.0028319358825683594,success
047486429C4C80,3,"['Castelvecchio', 'Santa Anastasia']",Casa Giulietta,"['Centro Fotografia', 'Sighseeing', 'Torre Lamberti', 'Museo Conte', 'Museo Radio']",Torre Lamberti,strategy_nearest,True,0.0012502670288085938,success
047480429C4C80,1,['Arena'],Torre Lamberti,"['Sighseeing', 'Centro Fotografia', 'Museo Conte', 'Casa Giulietta', 'Palazzo della Ragione']",Palazzo della Ragione,strategy_nearest,True,0.003523111343383789,success
04748F429C4C80,0,['Castelvecchio'],Arena,"['Verona Tour', 'Museo Lapidario', 'Museo Radio', 'San Fermo', 'Casa Giulietta']",Casa Giulietta,strategy_nearest,True,0.002694845199584961,success
04748B3A9C4C80,2,['Casa Giulietta'],Torre Lamberti,"['Sighseeing', 'Centro Fotografia', 'Museo Conte', 'Palazzo della Ragione', 'AMO']",Santa Anastasia,strategy_nearest,False,0.0033483505249023438,success
047493429C4C80,3,['Arena'],Santa Anastasia,"['AMO', 'Museo Conte', 'Palazzo della Ragione', 'Teatro Romano', 'Centro Fotografia']",Duomo,strategy_nearest,False,0.0036957263946533203,success
0474AA4A9C4C80,2,['Duomo'],Teatro Romano,"['Santa Anastasia', 'AMO', 'Palazzo della Ragione', 'Museo Conte', 'Centro Fotografia']",Santa Anastasia,strategy_nearest,True,0.003278017044067383,success
0474A24A9C4C80,0,['Arena'],Castelvecchio,"['Museo Lapidario', 'Verona Tour', 'Museo Radio', 'San Zeno', 'Sighseeing']",Duomo,strategy_nearest,False,0.002877950668334961,success
0474AC429C4C80,3,['Arena'],Santa Anastasia,"['AMO', 'Museo Conte', 'Palazzo della Ragione', 'Teatro Romano', 'Centro Fotografia']",Duomo,strategy_nearest,False,0.0037450790405273438,success
0474B3429C4C80,1,"['Arena', 'Torre Lamberti']",Palazzo della Ragione,"['AMO', 'Museo Conte', 'Centro Fotografia', 'Sighseeing', 'Santa Anastasia']",Casa Giulietta,strategy_nearest,False,0.002210855484008789,success
0474B4429C4C80,1,"['Casa Giulietta', 'Palazzo della Ragione']",Torre Lamberti,"['Sighseeing', 'Centro Fotografia', 'Museo Conte', 'AMO', 'Museo Miniscalchi']",Castelvecchio,strategy_nearest,False,0.002850055694580078,success
0474B8429C4C80,1,['Arena'],Tomba Giulietta,"['San Fermo', 'Museo Storia', 'Museo Lapidario', 'Museo Radio', 'Verona Tour']",Torre Lamberti,strategy_nearest,False,0.0033888816833496094,success
0474BF429C4C80,0,['Arena'],Castelvecchio,"['Museo Lapidario', 'Verona Tour', 'Museo Radio', 'San Zeno', 'Sighseeing']",Casa Giulietta,strategy_nearest,False,0.0036928653717041016,success
0474E63A9C4C80,2,['Duomo'],Casa Giulietta,"['Centro Fotografia', 'Sighseeing', 'Torre Lamberti', 'Museo Conte', 'Museo Radio']",Castelvecchio,strategy_nearest,False,0.0028510093688964844,success
0474DD3A9C4C80,0,"['Casa Giulietta', 'Arena', 'Tomba Giulietta']",Castelvecchio,"['Museo Lapidario', 'Verona Tour', 'Museo Radio', 'San Zeno', 'Sighseeing']",Teatro Romano,strategy_nearest,False,0.0037369728088378906,success
0474DE3A9C4C80,2,['Castelvecchio'],Duomo,"['AMO', 'Museo Miniscalchi', 'Santa Anastasia', 'Teatro Romano', 'Palazzo della Ragione']",Santa Anastasia,strategy_nearest,True,0.004906177520751953,success
0474EC3A9C4C80,0,['Arena'],Casa Giulietta,"['Centro Fotografia', 'Sighseeing', 'Torre Lamberti', 'Museo Conte', 'Museo Radio']",Teatro Romano,strategy_nearest,False,0.005694866180419922,success
0474ED3A9C4C80,1,"['Casa Giulietta', 'Castelvecchio']",San Fermo,"['Museo Storia', 'Museo Radio', 'Centro Fotografia', 'Arena', 'Sighseeing']",Torre Lamberti,strategy_nearest,False,0.001993894577026367,success
0474EC429C4C80,6,"['Castelvecchio', 'Torre Lamberti']",Verona Tour,"['Museo Lapidario', 'Arena', 'Museo Radio', 'Casa Giulietta', 'Sighseeing']",Palazzo della Ragione,strategy_nearest,False,0.004907131195068359,success
0474ED429C4C80,0,"['Arena', 'Museo Lapidario']",Tomba Giulietta,"['San Fermo', 'Museo Storia', 'Museo Radio', 'Verona Tour', 'Casa Giulietta']",San Fermo,strategy_nearest,True,0.0030519962310791016,success
0474F13A9C4C80,3,"['Arena', 'Casa Giulietta']",Torre Lamberti,"['Sighseeing', 'Centro Fotografia', 'Museo Conte', 'Palazzo della Ragione', 'AMO']",Santa Anastasia,strategy_nearest,False,0.0030279159545898438,success
0474F93A9C4C80,3,"['Arena', 'Castelvecchio', 'Torre Lamberti']",Casa Giulietta,"['Centro Fotografia', 'Sighseeing', 'Museo Conte', 'Museo Radio', 'Palazzo della Ragione']",Duomo,strategy_nearest,False,0.0026133060455322266,success
0474F73A9C4C80,1,"['Arena', 'Castelvecchio', 'Palazzo della Ragione']",Torre Lamberti,"['Sighseeing', 'Centro Fotografia', 'Museo Conte', 'Casa Giulietta', 'AMO']",Casa Giulietta,strategy_nearest,True,0.002017974853515625,success
047501429C4C84,1,"['San Zeno', 'Castelvecchio', 'Santa Anastasia', 'Duomo', 'San Fermo']",Tomba Giulietta,"['Museo Storia', 'Arena', 'Museo Lapidario', 'Museo Radio', 'Verona Tour']",Arena,strategy_nearest,True,0.0028290748596191406,success
04750C429C4C80,0,"['Arena', 'Casa Giulietta']",Torre Lamberti,"['Sighseeing', 'Centro Fotografia', 'Museo Conte', 'Palazzo della Ragione', 'AMO']",Castelvecchio,strategy_nearest,False,0.0023806095123291016,success
04750D3A9C4C84,0,['Arena'],Casa Giulietta,"['Centro Fotografia', 'Sighseeing', 'Torre Lamberti', 'Museo Conte', 'Museo Radio']",Torre Lamberti,strategy_nearest,True,0.0022208690643310547,success
047512429C4C80,1,"['Arena', 'Castelvecchio', 'Torre Lamberti', 'Palazzo della Ragione']",Casa Giulietta,"['Centro Fotografia', 'Sighseeing', 'Museo Conte', 'Museo Radio', 'San Fermo']",Duomo,strategy_nearest,False,0.0026519298553466797,success
04750E3A9C4C84,2,"['Museo Lapidario', 'Castelvecchio']",Teatro Romano,"['Santa Anastasia', 'Duomo', 'AMO', 'Palazzo della Ragione', 'Museo Conte']",Duomo,strategy_nearest,True,0.0038688182830810547,success
0475143A9C4C80,3,"['Arena', 'Casa Giulietta', 'Torre Lamberti']",Santa Anastasia,"['AMO', 'Museo Conte', 'Palazzo della Ragione', 'Teatro Romano', 'Centro Fotografia']",Duomo,strategy_nearest,False,0.0026280879974365234,success
04751B3A9C4C84,0,['Arena'],Torre Lamberti,"['Sighseeing', 'Centro Fotografia', 'Museo Conte', 'Casa Giulietta', 'Palazzo della Ragione']",Casa Giulietta,strategy_nearest,True,0.002647876739501953,success
04751D4A9C4C80,2,"['Castelvecchio', 'Casa Giulietta', 'Torre Lamberti']",Santa Anastasia,"['AMO', 'Museo Conte', 'Palazzo della Ragione', 'Teatro Romano', 'Centro Fotografia']",Teatro Romano,strategy_nearest,True,0.003180980682373047,success
047522429C4C84,0,['Arena'],Torre Lamberti,"['Sighseeing', 'Centro Fotografia', 'Museo Conte', 'Casa Giulietta', 'Palazzo della Ragione']",Casa Giulietta,strategy_nearest,True,0.0020492076873779297,success
0475223A9C4C80,3,['Arena'],Casa Giulietta,"['Centro Fotografia', 'Sighseeing', 'Torre Lamberti', 'Museo Conte', 'Museo Radio']",Torre Lamberti,strategy_nearest,True,0.00345611572265625,success
047520429C4C84,0,['Santa Anastasia'],Arena,"['Verona Tour', 'Museo Lapidario', 'Museo Radio', 'San Fermo', 'Casa Giulietta']",Castelvecchio,strategy_nearest,False,0.002168893814086914,success
04752F429C4C80,3,"['Torre Lamberti', 'San Fermo', 'Arena']",Casa Giulietta,"['Centro Fotografia', 'Sighseeing', 'Museo Conte', 'Museo Radio', 'Palazzo della Ragione']",Museo Storia,strategy_nearest,False,0.0032722949981689453,success
0475364A9C4C80,1,"['Palazzo della Ragione', 'Casa Giulietta', 'Arena']",San Zeno,"['Castelvecchio', 'Verona Tour', 'Museo Lapidario', 'Museo Miniscalchi', 'Sighseeing']",Castelvecchio,strategy_nearest,True,0.002749204635620117,success
047542429C4C80,0,"['Arena', 'Castelvecchio']",Casa Giulietta,"['Centro Fotografia', 'Sighseeing', 'Torre Lamberti', 'Museo Conte', 'Museo Radio']",Tomba Giulietta,strategy_nearest,False,0.0019478797912597656,success
0475423A9C4C80,2,['Casa Giulietta'],Castelvecchio,"['Museo Lapidario', 'Verona Tour', 'Arena', 'Museo Radio', 'San Zeno']",Duomo,strategy_nearest,False,0.0025649070739746094,success
047544429C4C80,3,"['Castelvecchio', 'Arena', 'Casa Giulietta']",Tomba Giulietta,"['San Fermo', 'Museo Storia', 'Museo Lapidario', 'Museo Radio', 'Verona Tour']",Santa Anastasia,strategy_nearest,False,0.0031518936157226562,success
047545429C4C80,3,"['Arena', 'Casa Giulietta']",Torre Lamberti,"['Sighseeing', 'Centro Fotografia', 'Museo Conte', 'Palazzo della Ragione', 'AMO']",Santa Anastasia,strategy_nearest,False,0.002499103546142578,success
047549429C4C80,0,['Arena'],Torre Lamberti,"['Sighseeing', 'Centro Fotografia', 'Museo Conte', 'Casa Giulietta', 'Palazzo della Ragione']",Casa Giulietta,strategy_nearest,True,0.0024080276489257812,success
04756A429C4C80,3,"['Castelvecchio', 'Arena', 'Torre Lamberti']",Santa Anastasia,"['AMO', 'Museo Conte', 'Palazzo della Ragione', 'Teatro Romano', 'Centro Fotografia']",Casa Giulietta,strategy_nearest,False,0.002256155014038086,success
047573429C4C80,2,"['San Fermo', 'Giardino Giusti']",Teatro Romano,"['Santa Anastasia', 'Duomo', 'AMO', 'Palazzo della Ragione', 'Museo Conte']",Duomo,strategy_nearest,True,0.0026619434356689453,success
04756E429C4C80,0,['Casa Giulietta'],Arena,"['Verona Tour', 'Museo Lapidario', 'Museo Radio', 'San Fermo', 'Sighseeing']",Castelvecchio,strategy_nearest,False,0.002618074417114258,success
047574429C4C80,3,['Arena'],Torre Lamberti,"['Sighseeing', 'Centro Fotografia', 'Museo Conte', 'Casa Giulietta', 'Palazzo della Ragione']",Santa Anastasia,strategy_nearest,False,0.0026230812072753906,success
0475773A9C4C80,0,['Arena'],Casa Giulietta,"['Centro Fotografia', 'Sighseeing', 'Torre Lamberti', 'Museo Conte', 'Museo Radio']",Castelvecchio,strategy_nearest,False,0.0028579235076904297,success
0475794A9C4C80,1,['Arena'],Castelvecchio,"['Museo Lapidario', 'Verona Tour', 'Museo Radio', 'San Zeno', 'Sighseeing']",Casa Giulietta,strategy_nearest,False,0.0028450489044189453,success
04757D4A9C4C80,3,"['Arena', 'Casa Giulietta']",Torre Lamberti,"['Sighseeing', 'Centro Fotografia', 'Museo Conte', 'Palazzo della Ragione', 'AMO']",Santa Anastasia,strategy_nearest,False,0.002763032913208008,success
0475814A9C4C80,3,"['Torre Lamberti', 'Casa Giulietta']",Arena,"['Verona Tour', 'Museo Lapidario', 'Museo Radio', 'San Fermo', 'Sighseeing']",San Fermo,strategy_nearest,True,0.0033452510833740234,success
04757A3A9C4C80,0,"['Casa Giulietta', 'Teatro Romano']",Arena,"['Verona Tour', 'Museo Lapidario', 'Museo Radio', 'San Fermo', 'Sighseeing']",Tomba Giulietta,strategy_nearest,False,0.0015981197357177734,success
0475823A9C4C80,0,"['Arena', 'Casa Giulietta']",Tomba Giulietta,"['San Fermo', 'Museo Storia', 'Museo Lapidario', 'Museo Radio', 'Verona Tour']",Castelvecchio,strategy_nearest,False,0.0017321109771728516,success
047583429C4C80,1,"['Arena', 'Casa Giulietta']",Torre Lamberti,"['Sighseeing', 'Centro Fotografia', 'Museo Conte', 'Palazzo della Ragione', 'AMO']",Palazzo della Ragione,strategy_nearest,True,0.0027959346771240234,success
0475884A9C4C80,0,"['Arena', 'Casa Giulietta']",Torre Lamberti,"['Sighseeing', 'Centro Fotografia', 'Museo Conte', 'Palazzo della Ragione', 'AMO']",Castelvecchio,strategy_nearest,False,0.0018301010131835938,success
047585429C4C80,0,['Arena'],Casa Giulietta,"['Centro Fotografia', 'Sighseeing', 'Torre Lamberti', 'Museo Conte', 'Museo Radio']",Duomo,strategy_nearest,False,0.003384113311767578,success
0475924A9C4C80,3,"['Arena', 'Casa Giulietta']",Torre Lamberti,"['Sighseeing', 'Centro Fotografia', 'Museo Conte', 'Palazzo della Ragione', 'AMO']",Santa Anastasia,strategy_nearest,False,0.002135753631591797,success
04758A4A9C4C80,3,"['Arena', 'Casa Giulietta', 'Torre Lamberti']",Teatro Romano,"['Santa Anastasia', 'Duomo', 'AMO', 'Palazzo della Ragione', 'Museo Conte']",Duomo,strategy_nearest,True,0.0028107166290283203,success
0475904A9C4C80,3,"['Duomo', 'Torre Lamberti']",Casa Giulietta,"['Centro Fotografia', 'Sighseeing', 'Museo Conte', 'Museo Radio', 'Palazzo della Ragione']",Arena,strategy_nearest,False,0.002768993377685547,success
047593429C4C80,0,['Duomo'],Castelvecchio,"['Museo Lapidario', 'Verona Tour', 'Arena', 'Museo Radio', 'San Zeno']",Arena,strategy_nearest,True,0.0032262802124023438,success
0475A0429C4C80,0,['Arena'],Casa Giulietta,"['Centro Fotografia', 'Sighseeing', 'Torre Lamberti', 'Museo Conte', 'Museo Radio']",Castelvecchio,strategy_nearest,False,0.0013692378997802734,success
047597429C4C80,3,"['Castelvecchio', 'Arena']",Casa Giulietta,"['Centro Fotografia', 'Sighseeing', 'Torre Lamberti', 'Museo Conte', 'Museo Radio']",Santa Anastasia,strategy_nearest,False,0.003423929214477539,success
0475984A9C4C80,3,"['Arena', 'Santa Anastasia']",Teatro Romano,"['Duomo', 'AMO', 'Palazzo della Ragione', 'Museo Conte', 'Centro Fotografia']",Duomo,strategy_nearest,True,0.002129077911376953,success
0475AD429C4C80,2,"['Castelvecchio', 'Duomo', 'Santa Anastasia']",Torre Lamberti,"['Sighseeing', 'Centro Fotografia', 'Museo Conte', 'Casa Giulietta', 'Palazzo della Ragione']",Palazzo della Ragione,strategy_nearest,True,0.0032629966735839844,success
0475B53A9C4C80,2,"['Santa Anastasia', 'Duomo']",Teatro Romano,"['AMO', 'Palazzo della Ragione', 'Museo Conte', 'Centro Fotografia', 'Museo Miniscalchi']",Giardino Giusti,strategy_nearest,False,0.0016269683837890625,success
0475BD429C4C80,3,"['Castelvecchio', 'Arena']",Torre Lamberti,"['Sighseeing', 'Centro Fotografia', 'Museo Conte', 'Casa Giulietta', 'Palazzo della Ragione']",Santa Anastasia,strategy_nearest,False,0.0019347667694091797,success
0475B9429C4C80,1,"['Arena', 'Palazzo della Ragione']",Torre Lamberti,"['Sighseeing', 'Centro Fotografia', 'Museo Conte', 'Casa Giulietta', 'AMO']",Casa Giulietta,strategy_nearest,True,0.0026569366455078125,success
0475BE429C4C80,0,['Arena'],Casa Giulietta,"['Centro Fotografia', 'Sighseeing', 'Torre Lamberti', 'Museo Conte', 'Museo Radio']",Santa Anastasia,strategy_nearest,False,0.002321958541870117,success
0475BF3A9C4C80,3,"['Arena', 'Teatro Romano']",Duomo,"['AMO', 'Museo Miniscalchi', 'Santa Anastasia', 'Palazzo della Ragione', 'Museo Conte']",Santa Anastasia,strategy_nearest,True,0.0016870498657226562,success
0475C1429C4C80,2,['Santa Anastasia'],Duomo,"['AMO', 'Museo Miniscalchi', 'Teatro Romano', 'Palazzo della Ragione', 'Museo Conte']",Castelvecchio,strategy_nearest,False,0.0033359527587890625,success
0475C23A9C4C80,0,['Arena'],Casa Giulietta,"['Centro Fotografia', 'Sighseeing', 'Torre Lamberti', 'Museo Conte', 'Museo Radio']",Torre Lamberti,strategy_nearest,True,0.0018079280853271484,success
0475C4429C4C80,3,"['Torre Lamberti', 'Casa Giulietta']",Santa Anastasia,"['AMO', 'Museo Conte', 'Palazzo della Ragione', 'Teatro Romano', 'Centro Fotografia']",Arena,strategy_nearest,False,0.002331972122192383,success
0475D63A9C4C80,0,['Arena'],Casa Giulietta,"['Centro Fotografia', 'Sighseeing', 'Torre Lamberti', 'Museo Conte', 'Museo Radio']",Teatro Romano,strategy_nearest,False,0.0022301673889160156,success
0475E53A9C4C80,3,['Arena'],Castelvecchio,"['Museo Lapidario', 'Verona Tour', 'Museo Radio', 'San Zeno', 'Sighseeing']",Santa Anastasia,strategy_nearest,False,0.0014920234680175781,success
0475EA3A9C4C80,2,"['Castelvecchio', 'San Zeno']",Torre Lamberti,"['Sighseeing', 'Centro Fotografia', 'Museo Conte', 'Casa Giulietta', 'Palazzo della Ragione']",Palazzo della Ragione,strategy_nearest,True,0.001978158950805664,success
0475D83A9C4C80,2,"['Casa Giulietta', 'San Fermo']",Palazzo della Ragione,"['AMO', 'Museo Conte', 'Torre Lamberti', 'Centro Fotografia', 'Sighseeing']",Torre Lamberti,strategy_nearest,True,0.004057168960571289,success
0475E1429C4C80,0,"['Torre Lamberti', 'Giardino Giusti']",Casa Giulietta,"['Centro Fotografia', 'Sighseeing', 'Museo Conte', 'Museo Radio', 'Palazzo della Ragione']",Castelvecchio,strategy_nearest,False,0.0033979415893554688,success
0475F13A9C4C80,2,['Casa Giulietta'],Torre Lamberti,"['Sighseeing', 'Centro Fotografia', 'Museo Conte', 'Palazzo della Ragione', 'AMO']",Torre Lamberti,strategy_nearest,False,0.0018188953399658203,success
0475FA3A9C4C80,2,"['Torre Lamberti', 'Palazzo della Ragione']",Casa Giulietta,"['Centro Fotografia', 'Sighseeing', 'Museo Conte', 'Museo Radio', 'San Fermo']",Duomo,strategy_nearest,False,0.0019562244415283203,success
04760D3A9C4C84,2,['Torre Lamberti'],Palazzo della Ragione,"['AMO', 'Museo Conte', 'Centro Fotografia', 'Sighseeing', 'Santa Anastasia']",Casa Giulietta,strategy_nearest,False,0.002385854721069336,success
047601429C4C84,0,"['Teatro Romano', 'Castelvecchio']",Arena,"['Verona Tour', 'Museo Lapidario', 'Museo Radio', 'San Fermo', 'Casa Giulietta']",Arena,strategy_nearest,False,0.0033478736877441406,success
04760F429C4C80,0,"['Castelvecchio', 'Casa Giulietta']",Tomba Giulietta,"['San Fermo', 'Museo Storia', 'Arena', 'Museo Lapidario', 'Museo Radio']",Arena,strategy_nearest,True,0.002679109573364258,success
047613429C4C84,1,"['Arena', 'Museo Lapidario', 'Castelvecchio', 'Casa Giulietta']",Torre Lamberti,"['Sighseeing', 'Centro Fotografia', 'Museo Conte', 'Palazzo della Ragione', 'AMO']",Palazzo della Ragione,strategy_nearest,True,0.0025353431701660156,success
0476143A9C4C84,2,['Casa Giulietta'],Santa Anastasia,"['AMO', 'Museo Conte', 'Palazzo della Ragione', 'Teatro Romano', 'Centro Fotografia']",Duomo,strategy_nearest,False,0.002635955810546875,success
0476164A9C4C80,2,"['Teatro Romano', 'Santa Anastasia', 'Casa Giulietta']",Museo Lapidario,"['Verona Tour', 'Arena', 'Castelvecchio', 'Museo Radio', 'San Fermo']",Castelvecchio,strategy_nearest,True,0.0029120445251464844,success
04761C3A9C4C80,3,['Arena'],Torre Lamberti,"['Sighseeing', 'Centro Fotografia', 'Museo Conte', 'Casa Giulietta', 'Palazzo della Ragione']",Santa Anastasia,strategy_nearest,False,0.0015659332275390625,success
04761D3A9C4C80,3,"['Arena', 'Casa Giulietta']",Duomo,"['AMO', 'Museo Miniscalchi', 'Santa Anastasia', 'Teatro Romano', 'Palazzo della Ragione']",Santa Anastasia,strategy_nearest,True,0.002588987350463867,success
04761A429C4C80,0,"['Tomba Giulietta', 'Arena']",Castelvecchio,"['Museo Lapidario', 'Verona Tour', 'Museo Radio', 'San Zeno', 'Sighseeing']",Teatro Romano,strategy_nearest,False,0.0034248828887939453,success
04761B429C4C84,2,['Castelvecchio'],San Fermo,"['Museo Storia', 'Museo Radio', 'Casa Giulietta', 'Centro Fotografia', 'Arena']",Santa Anastasia,strategy_nearest,False,0.0039637088775634766,success
0476223A9C4C80,3,"['Casa Giulietta', 'Torre Lamberti', 'Arena']",Castelvecchio,"['Museo Lapidario', 'Verona Tour', 'Museo Radio', 'San Zeno', 'Sighseeing']",Santa Anastasia,strategy_nearest,False,0.001965045928955078,success
0476253A9C4C80,1,"['Museo Lapidario', 'Arena', 'Palazzo della Ragione', 'Casa Giulietta']",San Fermo,"['Museo Storia', 'Museo Radio', 'Centro Fotografia', 'Sighseeing', 'Torre Lamberti']",Giardino Giusti,strategy_nearest,False,0.0025310516357421875,success
0476204A9C4C80,0,"['Casa Giulietta', 'Tomba Giulietta']",Arena,"['Verona Tour', 'Museo Lapidario', 'Museo Radio', 'San Fermo', 'Sighseeing']",Teatro Romano,strategy_nearest,False,0.0014529228210449219,success
047627429C4C84,1,"['Teatro Romano', 'Duomo', 'Santa Anastasia', 'Palazzo della Ragione']",Torre Lamberti,"['Sighseeing', 'Centro Fotografia', 'Museo Conte', 'Casa Giulietta', 'AMO']",San Zeno,strategy_nearest,False,0.0031731128692626953,success
04762D429C4C80,3,['Arena'],Torre Lamberti,"['Sighseeing', 'Centro Fotografia', 'Museo Conte', 'Casa Giulietta', 'Palazzo della Ragione']",Santa Anastasia,strategy_nearest,False,0.0013921260833740234,success
04762C429C4C80,1,"['Arena', 'Casa Giulietta']",Torre Lamberti,"['Sighseeing', 'Centro Fotografia', 'Museo Conte', 'Palazzo della Ragione', 'AMO']",Palazzo della Ragione,strategy_nearest,True,0.0032279491424560547,success
0476303A9C4C80,2,['Teatro Romano'],Duomo,"['AMO', 'Museo Miniscalchi', 'Santa Anastasia', 'Palazzo della Ragione', 'Museo Conte']",Santa Anastasia,strategy_nearest,True,0.002051115036010742,success
047639429C4C80,0,"['Arena', 'Casa Giulietta']",Museo Storia,"['San Fermo', 'Museo Radio', 'Centro Fotografia', 'Tomba Giulietta', 'Torre Lamberti']",Torre Lamberti,strategy_nearest,True,0.0031027793884277344,success
04763B429C4C80,1,['Arena'],Casa Giulietta,"['Centro Fotografia', 'Sighseeing', 'Torre Lamberti', 'Museo Conte', 'Museo Radio']",Torre Lamberti,strategy_nearest,True,0.0014379024505615234,success
04763A3A9C4C80,3,"['Casa Giulietta', 'Torre Lamberti']",Arena,"['Verona Tour', 'Museo Lapidario', 'Museo Radio', 'San Fermo', 'Sighseeing']",Museo Lapidario,strategy_nearest,True,0.003278017044067383,success
04764B429C4C80,0,['Arena'],Torre Lamberti,"['Sighseeing', 'Centro Fotografia', 'Museo Conte', 'Casa Giulietta', 'Palazzo della Ragione']",Casa Giulietta,strategy_nearest,True,0.0020799636840820312,success
04764F429C4C80,2,['San Fermo'],Casa Giulietta,"['Centro Fotografia', 'Sighseeing', 'Torre Lamberti', 'Museo Conte', 'Museo Radio']",Castelvecchio,strategy_nearest,False,0.0031969547271728516,success
0476743A9C4C80,2,['San Zeno'],Castelvecchio,"['Museo Lapidario', 'Verona Tour', 'Arena', 'Museo Radio', 'Sighseeing']",Teatro Romano,strategy_nearest,False,0.0013608932495117188,success
047678429C4C80,1,['Arena'],Torre Lamberti,"['Sighseeing', 'Centro Fotografia', 'Museo Conte', 'Casa Giulietta', 'Palazzo della Ragione']",Palazzo della Ragione,strategy_nearest,True,0.002624988555908203,success
047679429C4C80,0,['Arena'],San Fermo,"['Museo Storia', 'Museo Radio', 'Casa Giulietta', 'Centro Fotografia', 'Sighseeing']",Casa Giulietta,strategy_nearest,True,0.002843141555786133,success
047655429C4C80,0,['Casa Giulietta'],Arena,"['Verona Tour', 'Museo Lapidario', 'Museo Radio', 'San Fermo', 'Sighseeing']",Tomba Giulietta,strategy_nearest,False,0.002804994583129883,success
04767A3A9C4C80,1,"['Arena', 'Casa Giulietta', 'Palazzo della Ragione']",Torre Lamberti,"['Sighseeing', 'Centro Fotografia', 'Museo Conte', 'AMO', 'Museo Miniscalchi']",Santa Anastasia,strategy_nearest,False,0.0025780200958251953,success
04767B4A9C4C80,0,['Torre Lamberti'],Arena,"['Verona Tour', 'Museo Lapidario', 'Museo Radio', 'San Fermo', 'Casa Giulietta']",San Zeno,strategy_nearest,False,0.0023517608642578125,success
04767A4A9C4C80,0,"['Arena', 'Casa Giulietta']",Torre Lamberti,"['Sighseeing', 'Centro Fotografia', 'Museo Conte', 'Palazzo della Ragione', 'AMO']",San Fermo,strategy_nearest,False,0.0013730525970458984,success
04768A4A9C4C80,1,"['Arena', 'Museo Lapidario', 'Castelvecchio']",Casa Giulietta,"['Centro Fotografia', 'Sighseeing', 'Torre Lamberti', 'Museo Conte', 'Museo Radio']",Palazzo della Ragione,strategy_nearest,False,0.0029480457305908203,success
04768E3A9C4C80,2,"['Teatro Romano', 'Duomo']",Santa Anastasia,"['AMO', 'Museo Conte', 'Palazzo della Ragione', 'Centro Fotografia', 'Torre Lamberti']",Torre Lamberti,strategy_nearest,True,0.001983165740966797,success
0476A73A9C4C80,0,"['Arena', 'Castelvecchio']",Casa Giulietta,"['Centro Fotografia', 'Sighseeing', 'Torre Lamberti', 'Museo Conte', 'Museo Radio']",Teatro Romano,strategy_nearest,False,0.0030050277709960938,success
0476A64A9C4C80,0,['Arena'],Castelvecchio,"['Museo Lapidario', 'Verona Tour', 'Museo Radio', 'San Zeno', 'Sighseeing']",Santa Anastasia,strategy_nearest,False,0.002730846405029297,success
0476AC429C4C80,0,['Arena'],Casa Giulietta,"['Centro Fotografia', 'Sighseeing', 'Torre Lamberti', 'Museo Conte', 'Museo Radio']",Torre Lamberti,strategy_nearest,True,0.0029561519622802734,success
0476AE3A9C4C80,3,"['Arena', 'San Fermo']",Casa Giulietta,"['Centro Fotografia', 'Sighseeing', 'Torre Lamberti', 'Museo Conte', 'Museo Radio']",Torre Lamberti,strategy_nearest,True,0.002007007598876953,success
0476AE429C4C80,3,"['Arena', 'Torre Lamberti']",Duomo,"['AMO', 'Museo Miniscalchi', 'Santa Anastasia', 'Teatro Romano', 'Palazzo della Ragione']",Teatro Romano,strategy_nearest,True,0.0017938613891601562,success
0476B0429C4C80,0,['Arena'],Castelvecchio,"['Museo Lapidario', 'Verona Tour', 'Museo Radio', 'San Zeno', 'Sighseeing']",Casa Giulietta,strategy_nearest,False,0.0027091503143310547,success
0476B3429C4C80,0,"['Arena', 'Museo Lapidario']",Castelvecchio,"['Verona Tour', 'Museo Radio', 'San Zeno', 'Sighseeing', 'Museo Miniscalchi']",Torre Lamberti,strategy_nearest,False,0.003168821334838867,success
0476BA3A9C4C80,0,['Arena'],Castelvecchio,"['Museo Lapidario', 'Verona Tour', 'Museo Radio', 'San Zeno', 'Sighseeing']",Torre Lamberti,strategy_nearest,False,0.0025615692138671875,success
0476B4429C4C80,2,['Casa Giulietta'],Torre Lamberti,"['Sighseeing', 'Centro Fotografia', 'Museo Conte', 'Palazzo della Ragione', 'AMO']",Castelvecchio,strategy_nearest,False,0.002370119094848633,success
0476C2429C4C80,0,"['Arena', 'Castelvecchio']",Casa Giulietta,"['Centro Fotografia', 'Sighseeing', 'Torre Lamberti', 'Museo Conte', 'Museo Radio']",Torre Lamberti,strategy_nearest,True,0.0029070377349853516,success
0476D6429C4C80,3,"['Arena', 'Museo Lapidario']",Duomo,"['AMO', 'Museo Miniscalchi', 'Santa Anastasia', 'Teatro Romano', 'Palazzo della Ragione']",Santa Anastasia,strategy_nearest,True,0.003721952438354492,success
0476C5429C4C80,3,"['Arena', 'Casa Giulietta']",Castelvecchio,"['Museo Lapidario', 'Verona Tour', 'Museo Radio', 'San Zeno', 'Sighseeing']",Santa Anastasia,strategy_nearest,False,0.002599000930786133,success
0476D0429C4C80,3,"['Duomo', 'Santa Anastasia', 'Torre Lamberti']",Casa Giulietta,"['Centro Fotografia', 'Sighseeing', 'Museo Conte', 'Museo Radio', 'Palazzo della Ragione']",San Fermo,strategy_nearest,False,0.0031480789184570312,success
0476C33A9C4C80,2,"['San Fermo', 'Palazzo della Ragione']",Torre Lamberti,"['Sighseeing', 'Centro Fotografia', 'Museo Conte', 'Casa Giulietta', 'AMO']",Santa Anastasia,strategy_nearest,False,0.0032842159271240234,success
0476DD429C4C80,6,"['Arena', 'Casa Giulietta', 'Torre Lamberti']",Santa Anastasia,"['AMO', 'Museo Conte', 'Palazzo della Ragione', 'Teatro Romano', 'Centro Fotografia']",Teatro Romano,strategy_nearest,True,0.002090930938720703,success
0476D7429C4C80,3,"['Arena', 'Santa Anastasia', 'Duomo']",Casa Giulietta,"['Centro Fotografia', 'Sighseeing', 'Torre Lamberti', 'Museo Conte', 'Museo Radio']",Teatro Romano,strategy_nearest,False,0.0014867782592773438,success
0476F23A9C4C80,1,"['Arena', 'Castelvecchio', 'Casa Giulietta']",Torre Lamberti,"['Sighseeing', 'Centro Fotografia', 'Museo Conte', 'Palazzo della Ragione', 'AMO']",Palazzo della Ragione,strategy_nearest,True,0.0025658607482910156,success
0476EC3A9C4C80,0,"['Arena', 'Tomba Giulietta']",Casa Giulietta,"['Centro Fotografia', 'Sighseeing', 'Torre Lamberti', 'Museo Conte', 'Museo Radio']",Casa Giulietta,strategy_nearest,False,0.003412961959838867,success
0476F63A9C4C80,0,['Arena'],Museo Lapidario,"['Verona Tour', 'Castelvecchio', 'Museo Radio', 'San Fermo', 'Casa Giulietta']",Casa Giulietta,strategy_nearest,True,0.001547098159790039,success
0476FD3A9C4C80,3,['Arena'],Castelvecchio,"['Museo Lapidario', 'Verona Tour', 'Museo Radio', 'San Zeno', 'Sighseeing']",Santa Anastasia,strategy_nearest,False,0.001950979232788086,success
0476F93A9C4C80,0,['Arena'],Castelvecchio,"['Museo Lapidario', 'Verona Tour', 'Museo Radio', 'San Zeno', 'Sighseeing']",Casa Giulietta,strategy_nearest,False,0.0028090476989746094,success
0477093A9C4C84,0,['Arena'],Casa Giulietta,"['Centro Fotografia', 'Sighseeing', 'Torre Lamberti', 'Museo Conte', 'Museo Radio']",Castelvecchio,strategy_nearest,False,0.0028162002563476562,success
047715429C4C80,3,['Arena'],San Fermo,"['Museo Storia', 'Museo Radio', 'Casa Giulietta', 'Centro Fotografia', 'Sighseeing']",Torre Lamberti,strategy_nearest,False,0.001276254653930664,success
0477133A9C4C84,1,"['Arena', 'Casa Giulietta', 'Torre Lamberti', 'Palazzo della Ragione']",Teatro Romano,"['Santa Anastasia', 'Duomo', 'AMO', 'Museo Conte', 'Centro Fotografia']",Duomo,strategy_nearest,True,0.0026018619537353516,success
047714429C4C84,1,"['Teatro Romano', 'Santa Anastasia', 'Torre Lamberti']",Palazzo della Ragione,"['AMO', 'Museo Conte', 'Centro Fotografia', 'Sighseeing', 'Museo Miniscalchi']",Arena,strategy_nearest,False,0.0025310516357421875,success
0477163A9C4C80,2,['San Fermo'],Santa Anastasia,"['AMO', 'Museo Conte', 'Palazzo della Ragione', 'Teatro Romano', 'Centro Fotografia']",Duomo,strategy_nearest,False,0.0031909942626953125,success
0477213A9C4C80,0,['Castelvecchio'],Arena,"['Verona Tour', 'Museo Lapidario', 'Museo Radio', 'San Fermo', 'Casa Giulietta']",Casa Giulietta,strategy_nearest,True,0.0019881725311279297,success
04771C3A9C4C80,2,"['Castelvecchio', 'San Zeno']",Torre Lamberti,"['Sighseeing', 'Centro Fotografia', 'Museo Conte', 'Casa Giulietta', 'Palazzo della Ragione']",Santa Anastasia,strategy_nearest,False,0.0016357898712158203,success
0477243A9C4C80,1,"['Arena', 'Casa Giulietta']",Torre Lamberti,"['Sighseeing', 'Centro Fotografia', 'Museo Conte', 'Palazzo della Ragione', 'AMO']",Palazzo della Ragione,strategy_nearest,True,0.002571582794189453,success
047728429C4C80,0,['Arena'],Tomba Giulietta,"['San Fermo', 'Museo Storia', 'Museo Lapidario', 'Museo Radio', 'Verona Tour']",Casa Giulietta,strategy_nearest,False,0.0018067359924316406,success
0477243A9C4C84,0,['Arena'],Casa Giulietta,"['Centro Fotografia', 'Sighseeing', 'Torre Lamberti', 'Museo Conte', 'Museo Radio']",Duomo,strategy_nearest,False,0.0022978782653808594,success
047728429C4C84,0,['Arena'],Casa Giulietta,"['Centro Fotografia', 'Sighseeing', 'Torre Lamberti', 'Museo Conte', 'Museo Radio']",Duomo,strategy_nearest,False,0.002521038055419922,success
0477353A9C4C80,3,"['Arena', 'Torre Lamberti']",Santa Anastasia,"['AMO', 'Museo Conte', 'Palazzo della Ragione', 'Teatro Romano', 'Centro Fotografia']",Duomo,strategy_nearest,False,0.002683877944946289,success
0477443A9C4C80,0,['Casa Giulietta'],Santa Anastasia,"['AMO', 'Museo Conte', 'Palazzo della Ragione', 'Teatro Romano', 'Centro Fotografia']",Castelvecchio,strategy_nearest,False,0.003287076950073242,success
0477413A9C4C80,1,['Arena'],Torre Lamberti,"['Sighseeing', 'Centro Fotografia', 'Museo Conte', 'Casa Giulietta', 'Palazzo della Ragione']",Palazzo della Ragione,strategy_nearest,True,0.002780914306640625,success
047740429C4C80,0,['Arena'],Casa Giulietta,"['Centro Fotografia', 'Sighseeing', 'Torre Lamberti', 'Museo Conte', 'Museo Radio']",Torre Lamberti,strategy_nearest,True,0.0038309097290039062,success
047749429C4C80,3,"['Arena', 'Castelvecchio', 'Torre Lamberti']",Casa Giulietta,"['Centro Fotografia', 'Sighseeing', 'Museo Conte', 'Museo Radio', 'Palazzo della Ragione']",Santa Anastasia,strategy_nearest,False,0.0015716552734375,success
04774F429C4C80,3,"['Santa Anastasia', 'Arena']",Castelvecchio,"['Museo Lapidario', 'Verona Tour', 'Museo Radio', 'San Zeno', 'Sighseeing']",San Zeno,strategy_nearest,True,0.0022847652435302734,success
04776F429C4C80,2,['Castelvecchio'],San Zeno,"['Verona Tour', 'Museo Lapidario', 'Arena', 'Museo Miniscalchi', 'Sighseeing']",Santa Anastasia,strategy_nearest,False,0.002315998077392578,success
047769429C4C80,0,['Torre Lamberti'],Casa Giulietta,"['Centro Fotografia', 'Sighseeing', 'Museo Conte', 'Museo Radio', 'Palazzo della Ragione']",Arena,strategy_nearest,False,0.0029299259185791016,success
0477723A9C4C80,0,['Arena'],Castelvecchio,"['Museo Lapidario', 'Verona Tour', 'Museo Radio', 'San Zeno', 'Sighseeing']",Santa Anastasia,strategy_nearest,False,0.0026369094848632812,success
0477733A9C4C80,0,['Arena'],Casa Giulietta,"['Centro Fotografia', 'Sighseeing', 'Torre Lamberti', 'Museo Conte', 'Museo Radio']",Castelvecchio,strategy_nearest,False,0.0019588470458984375,success
0477753A9C4C80,0,['Arena'],Casa Giulietta,"['Centro Fotografia', 'Sighseeing', 'Torre Lamberti', 'Museo Conte', 'Museo Radio']",Torre Lamberti,strategy_nearest,True,0.0025856494903564453,success
047776429C4C80,0,['Arena'],Casa Giulietta,"['Centro Fotografia', 'Sighseeing', 'Torre Lamberti', 'Museo Conte', 'Museo Radio']",San Zeno,strategy_nearest,False,0.003194093704223633,success
0477783A9C4C80,0,['Castelvecchio'],Arena,"['Verona Tour', 'Museo Lapidario', 'Museo Radio', 'San Fermo', 'Casa Giulietta']",Casa Giulietta,strategy_nearest,True,0.003041982650756836,success
04777C4A9C4C80,3,"['Torre Lamberti', 'Duomo']",Santa Anastasia,"['AMO', 'Museo Conte', 'Palazzo della Ragione', 'Teatro Romano', 'Centro Fotografia']",Castelvecchio,strategy_nearest,False,0.0025091171264648438,success
04777A4A9C4C80,3,"['Arena', 'Santa Anastasia']",Duomo,"['AMO', 'Museo Miniscalchi', 'Teatro Romano', 'Palazzo della Ragione', 'Museo Conte']",Teatro Romano,strategy_nearest,True,0.002635955810546875,success
047780429C4C80,0,"['Arena', 'Castelvecchio']",Torre Lamberti,"['Sighseeing', 'Centro Fotografia', 'Museo Conte', 'Casa Giulietta', 'Palazzo della Ragione']",Torre Lamberti,strategy_nearest,False,0.002251148223876953,success
0477863A9C4C80,0,['Torre Lamberti'],Arena,"['Verona Tour', 'Museo Lapidario', 'Museo Radio', 'San Fermo', 'Casa Giulietta']",Museo Lapidario,strategy_nearest,True,0.0017881393432617188,success
04778C4A9C4C80,3,['Arena'],Casa Giulietta,"['Centro Fotografia', 'Sighseeing', 'Torre Lamberti', 'Museo Conte', 'Museo Radio']",Santa Anastasia,strategy_nearest,False,0.002599954605102539,success
047797429C4C80,3,"['Arena', 'Casa Giulietta', 'Santa Anastasia']",Santa Anastasia,"['AMO', 'Museo Conte', 'Palazzo della Ragione', 'Teatro Romano', 'Centro Fotografia']",Duomo,strategy_nearest,False,0.0027039051055908203,success
047798429C4C80,1,['Arena'],Casa Giulietta,"['Centro Fotografia', 'Sighseeing', 'Torre Lamberti', 'Museo Conte', 'Museo Radio']",Palazzo della Ragione,strategy_nearest,False,0.0030508041381835938,success
04779C429C4C80,1,"['Arena', 'Torre Lamberti']",Palazzo della Ragione,"['AMO', 'Museo Conte', 'Centro Fotografia', 'Sighseeing', 'Santa Anastasia']",Casa Giulietta,strategy_nearest,False,0.0024640560150146484,success
0477B43A9C4C80,0,['Arena'],Casa Giulietta,"['Centro Fotografia', 'Sighseeing', 'Torre Lamberti', 'Museo Conte', 'Museo Radio']",Tomba Giulietta,strategy_nearest,False,0.0026760101318359375,success
0477B63A9C4C80,3,['Arena'],Santa Anastasia,"['AMO', 'Museo Conte', 'Palazzo della Ragione', 'Teatro Romano', 'Centro Fotografia']",Duomo,strategy_nearest,False,0.0027141571044921875,success
0477BB3A9C4C80,3,"['Arena', 'Casa Giulietta']",Torre Lamberti,"['Sighseeing', 'Centro Fotografia', 'Museo Conte', 'Palazzo della Ragione', 'AMO']",Santa Anastasia,strategy_nearest,False,0.0031511783599853516,success
0477C0429C4C80,3,['Santa Anastasia'],Teatro Romano,"['Duomo', 'AMO', 'Palazzo della Ragione', 'Museo Conte', 'Centro Fotografia']",Duomo,strategy_nearest,True,0.0025331974029541016,success
0477BE429C4C80,0,['Teatro Romano'],Casa Giulietta,"['Centro Fotografia', 'Sighseeing', 'Torre Lamberti', 'Museo Conte', 'Museo Radio']",Torre Lamberti,strategy_nearest,True,0.0016739368438720703,success
0477CA3A9C4C80,3,"['Arena', 'Casa Giulietta']",Santa Anastasia,"['AMO', 'Museo Conte', 'Palazzo della Ragione', 'Teatro Romano', 'Centro Fotografia']",Castelvecchio,strategy_nearest,False,0.0025238990783691406,success
0477D6429C4C80,0,['Arena'],Teatro Romano,"['Santa Anastasia', 'Duomo', 'AMO', 'Palazzo della Ragione', 'Museo Conte']",Castelvecchio,strategy_nearest,False,0.0014061927795410156,success
0477D4429C4C80,3,"['Arena', 'Casa Giulietta']",Santa Anastasia,"['AMO', 'Museo Conte', 'Palazzo della Ragione', 'Teatro Romano', 'Centro Fotografia']",Duomo,strategy_nearest,False,0.0026900768280029297,success
0477CC3A9C4C80,0,['Arena'],Teatro Romano,"['Santa Anastasia', 'Duomo', 'AMO', 'Palazzo della Ragione', 'Museo Conte']",Castelvecchio,strategy_nearest,False,0.003367185592651367,success
0477DA3A9C4C80,3,"['Castelvecchio', 'Teatro Romano', 'Duomo']",Arena,"['Verona Tour', 'Museo Lapidario', 'Museo Radio', 'San Fermo', 'Casa Giulietta']",San Fermo,strategy_nearest,True,0.0032029151916503906,success
0477E8C27B3F80,2,['Santa Anastasia'],Casa Giulietta,"['Centro Fotografia', 'Sighseeing', 'Torre Lamberti', 'Museo Conte', 'Museo Radio']",Castelvecchio,strategy_nearest,False,0.0019178390502929688,success
0477EC3A9C4C80,0,['Arena'],Casa Giulietta,"['Centro Fotografia', 'Sighseeing', 'Torre Lamberti', 'Museo Conte', 'Museo Radio']",Castelvecchio,strategy_nearest,False,0.0026869773864746094,success
0477E33A9C4C80,2,"['San Fermo', 'Casa Giulietta']",Torre Lamberti,"['Sighseeing', 'Centro Fotografia', 'Museo Conte', 'Palazzo della Ragione', 'AMO']",Palazzo della Ragione,strategy_nearest,True,0.002680063247680664,success
0477F33A9C4C80,1,['Arena'],Torre Lamberti,"['Sighseeing', 'Centro Fotografia', 'Museo Conte', 'Casa Giulietta', 'Palazzo della Ragione']",Palazzo della Ragione,strategy_nearest,True,0.0020859241485595703,success
0477ED3A9C4C80,0,['Arena'],Museo Lapidario,"['Verona Tour', 'Castelvecchio', 'Museo Radio', 'San Fermo', 'Casa Giulietta']",Casa Giulietta,strategy_nearest,True,0.0027709007263183594,success
0477FD429C4C80,2,"['Casa Giulietta', 'Palazzo della Ragione', 'Torre Lamberti']",Santa Anastasia,"['AMO', 'Museo Conte', 'Teatro Romano', 'Centro Fotografia', 'Duomo']",Castelvecchio,strategy_nearest,False,0.0014278888702392578,success
047801429C4C84,0,"['Castelvecchio', 'Teatro Romano']",Arena,"['Verona Tour', 'Museo Lapidario', 'Museo Radio', 'San Fermo', 'Casa Giulietta']",Casa Giulietta,strategy_nearest,True,0.002651691436767578,success
0478053A9C4C84,0,['Arena'],Torre Lamberti,"['Sighseeing', 'Centro Fotografia', 'Museo Conte', 'Casa Giulietta', 'Palazzo della Ragione']",Casa Giulietta,strategy_nearest,True,0.0030279159545898438,success
0477F4C27B3F80,1,"['Santa Anastasia', 'Palazzo della Ragione']",Torre Lamberti,"['Sighseeing', 'Centro Fotografia', 'Museo Conte', 'Casa Giulietta', 'AMO']",Arena,strategy_nearest,False,0.0026378631591796875,success
0478073A9C4C84,3,"['Arena', 'Casa Giulietta']",Torre Lamberti,"['Sighseeing', 'Centro Fotografia', 'Museo Conte', 'Palazzo della Ragione', 'AMO']",Duomo,strategy_nearest,False,0.0015859603881835938,success
04780C429C4C84,3,"['Arena', 'Casa Giulietta']",Torre Lamberti,"['Sighseeing', 'Centro Fotografia', 'Museo Conte', 'Palazzo della Ragione', 'AMO']",Santa Anastasia,strategy_nearest,False,0.0021162033081054688,success
04780B3A9C4C84,3,"['Arena', 'Casa Giulietta']",Torre Lamberti,"['Sighseeing', 'Centro Fotografia', 'Museo Conte', 'Palazzo della Ragione', 'AMO']",Santa Anastasia,strategy_nearest,False,0.00273895263671875,success
0478113A9C4C84,3,['Arena'],Torre Lamberti,"['Sighseeing', 'Centro Fotografia', 'Museo Conte', 'Casa Giulietta', 'Palazzo della Ragione']",Casa Giulietta,strategy_nearest,True,0.0032770633697509766,success
0478123A9C4C84,1,"['Arena', 'Santa Anastasia']",Duomo,"['AMO', 'Museo Miniscalchi', 'Teatro Romano', 'Palazzo della Ragione', 'Museo Conte']",Palazzo della Ragione,strategy_nearest,True,0.003117084503173828,success
047812429C4C80,2,['Casa Giulietta'],Teatro Romano,"['Santa Anastasia', 'Duomo', 'AMO', 'Palazzo della Ragione', 'Museo Conte']",Santa Anastasia,strategy_nearest,True,0.0019378662109375,success
0478133A9C4C84,3,"['Arena', 'Casa Giulietta']",Santa Anastasia,"['AMO', 'Museo Conte', 'Palazzo della Ragione', 'Teatro Romano', 'Centro Fotografia']",Duomo,strategy_nearest,False,0.00127410888671875,success
047817429C4C80,2,['Casa Giulietta'],Teatro Romano,"['Santa Anastasia', 'Duomo', 'AMO', 'Palazzo della Ragione', 'Museo Conte']",Santa Anastasia,strategy_nearest,True,0.002897977828979492,success
04781E3A9C4C80,3,['Arena'],Casa Giulietta,"['Centro Fotografia', 'Sighseeing', 'Torre Lamberti', 'Museo Conte', 'Museo Radio']",Santa Anastasia,strategy_nearest,False,0.0012171268463134766,success
04781F429C4C84,0,['Arena'],Castelvecchio,"['Museo Lapidario', 'Verona Tour', 'Museo Radio', 'San Zeno', 'Sighseeing']",San Zeno,strategy_nearest,True,0.0022008419036865234,success
0478223A9C4C84,0,['Arena'],Casa Giulietta,"['Centro Fotografia', 'Sighseeing', 'Torre Lamberti', 'Museo Conte', 'Museo Radio']",Castelvecchio,strategy_nearest,False,0.0030069351196289062,success
0478203A9C4C84,1,"['Arena', 'Castelvecchio', 'Duomo']",Teatro Romano,"['Santa Anastasia', 'AMO', 'Palazzo della Ragione', 'Museo Conte', 'Centro Fotografia']",Santa Anastasia,strategy_nearest,True,0.002702951431274414,success
0478263A9C4C80,0,['Giardino Giusti'],Arena,"['Verona Tour', 'Museo Lapidario', 'Museo Radio', 'San Fermo', 'Casa Giulietta']",Casa Giulietta,strategy_nearest,True,0.0012798309326171875,success
047830429C4C80,2,"['Teatro Romano', 'Santa Anastasia']",Torre Lamberti,"['Sighseeing', 'Centro Fotografia', 'Museo Conte', 'Casa Giulietta', 'Palazzo della Ragione']",Casa Giulietta,strategy_nearest,True,0.002432107925415039,success
047829429C4C84,3,"['Arena', 'Casa Giulietta']",Santa Anastasia,"['AMO', 'Museo Conte', 'Palazzo della Ragione', 'Teatro Romano', 'Centro Fotografia']",Teatro Romano,strategy_nearest,True,0.0019381046295166016,success
04782D429C4C80,6,['Arena'],Casa Giulietta,"['Centro Fotografia', 'Sighseeing', 'Torre Lamberti', 'Museo Conte', 'Museo Radio']",Santa Anastasia,strategy_nearest,False,0.0033369064331054688,success
047835429C4C80,1,"['Arena', 'Casa Giulietta', 'Torre Lamberti']",Palazzo della Ragione,"['AMO', 'Museo Conte', 'Centro Fotografia', 'Sighseeing', 'Santa Anastasia']",San Zeno,strategy_nearest,False,0.0019888877868652344,success
04783A4A9C4C80,1,"['Arena', 'Casa Giulietta', 'Torre Lamberti']",Palazzo della Ragione,"['AMO', 'Museo Conte', 'Centro Fotografia', 'Sighseeing', 'Santa Anastasia']",Santa Anastasia,strategy_nearest,True,0.0017600059509277344,success
047839429C4C80,0,['Arena'],Casa Giulietta,"['Centro Fotografia', 'Sighseeing', 'Torre Lamberti', 'Museo Conte', 'Museo Radio']",Duomo,strategy_nearest,False,0.0029668807983398438,success
04783D3A9C4C80,0,['Casa Giulietta'],Castelvecchio,"['Museo Lapidario', 'Verona Tour', 'Arena', 'Museo Radio', 'San Zeno']",Arena,strategy_nearest,True,0.001420736312866211,success
04784D429C4C80,1,"['Arena', 'Casa Giulietta']",Torre Lamberti,"['Sighseeing', 'Centro Fotografia', 'Museo Conte', 'Palazzo della Ragione', 'AMO']",Palazzo della Ragione,strategy_nearest,True,0.002089262008666992,success
04784E429C4C80,0,['Arena'],Torre Lamberti,"['Sighseeing', 'Centro Fotografia', 'Museo Conte', 'Casa Giulietta', 'Palazzo della Ragione']",Casa Giulietta,strategy_nearest,True,0.0026819705963134766,success
0478443A9C4C80,0,['Arena'],Casa Giulietta,"['Centro Fotografia', 'Sighseeing', 'Torre Lamberti', 'Museo Conte', 'Museo Radio']",Castelvecchio,strategy_nearest,False,0.0034570693969726562,success
04785B429C4C80,0,['Arena'],Casa Giulietta,"['Centro Fotografia', 'Sighseeing', 'Torre Lamberti', 'Museo Conte', 'Museo Radio']",Castelvecchio,strategy_nearest,False,0.0025238990783691406,success
0478573A9C4C80,0,['Arena'],Casa Giulietta,"['Centro Fotografia', 'Sighseeing', 'Torre Lamberti', 'Museo Conte', 'Museo Radio']",Santa Anastasia,strategy_nearest,False,0.0028188228607177734,success
04786A3A9C4C80,2,"['San Fermo', 'Santa Anastasia']",Castelvecchio,"['Museo Lapidario', 'Verona Tour', 'Arena', 'Museo Radio', 'San Zeno']",Duomo,strategy_nearest,False,0.0025467872619628906,success
04786F3A9C4C80,0,['San Fermo'],Torre Lamberti,"['Sighseeing', 'Centro Fotografia', 'Museo Conte', 'Casa Giulietta', 'Palazzo della Ragione']",Arena,strategy_nearest,False,0.002318143844604492,success
047871429C4C80,0,['Torre Lamberti'],Casa Giulietta,"['Centro Fotografia', 'Sighseeing', 'Museo Conte', 'Museo Radio', 'Palazzo della Ragione']",Arena,strategy_nearest,False,0.003278017044067383,success
047873429C4C80,0,['Casa Giulietta'],San Fermo,"['Museo Storia', 'Museo Radio', 'Centro Fotografia', 'Arena', 'Sighseeing']",Teatro Romano,strategy_nearest,False,0.0019021034240722656,success
0478793A9C4C80,0,['Arena'],Casa Giulietta,"['Centro Fotografia', 'Sighseeing', 'Torre Lamberti', 'Museo Conte', 'Museo Radio']",Duomo,strategy_nearest,False,0.0030069351196289062,success
047879429C4C80,1,['Arena'],Torre Lamberti,"['Sighseeing', 'Centro Fotografia', 'Museo Conte', 'Casa Giulietta', 'Palazzo della Ragione']",Palazzo della Ragione,strategy_nearest,True,0.0021190643310546875,success
04787A4A9C4C80,1,"['Arena', 'Casa Giulietta', 'Palazzo della Ragione']",Torre Lamberti,"['Sighseeing', 'Centro Fotografia', 'Museo Conte', 'AMO', 'Museo Miniscalchi']",Santa Anastasia,strategy_nearest,False,0.0017719268798828125,success
04787F4A9C4C80,1,"['Arena', 'Palazzo della Ragione']",Torre Lamberti,"['Sighseeing', 'Centro Fotografia', 'Museo Conte', 'Casa Giulietta', 'AMO']",Casa Giulietta,strategy_nearest,True,0.0017919540405273438,success
0478864A9C4C80,3,"['Arena', 'San Fermo', 'Casa Giulietta']",Torre Lamberti,"['Sighseeing', 'Centro Fotografia', 'Museo Conte', 'Palazzo della Ragione', 'AMO']",Santa Anastasia,strategy_nearest,False,0.0030651092529296875,success
047885429C4C80,3,"['Arena', 'Torre Lamberti']",Casa Giulietta,"['Centro Fotografia', 'Sighseeing', 'Museo Conte', 'Museo Radio', 'Palazzo della Ragione']",Santa Anastasia,strategy_nearest,False,0.0027129650115966797,success
047888429C4C80,3,"['Arena', 'Castelvecchio']",Santa Anastasia,"['AMO', 'Museo Conte', 'Palazzo della Ragione', 'Teatro Romano', 'Centro Fotografia']",Duomo,strategy_nearest,False,0.0021572113037109375,success
0478AA429C4C80,0,['Arena'],Casa Giulietta,"['Centro Fotografia', 'Sighseeing', 'Torre Lamberti', 'Museo Conte', 'Museo Radio']",Torre Lamberti,strategy_nearest,True,0.002006053924560547,success
0478B0429C4C80,0,['Castelvecchio'],Arena,"['Verona Tour', 'Museo Lapidario', 'Museo Radio', 'San Fermo', 'Casa Giulietta']",Casa Giulietta,strategy_nearest,True,0.0013048648834228516,success
0478A14A9C4C80,3,['Arena'],Casa Giulietta,"['Centro Fotografia', 'Sighseeing', 'Torre Lamberti', 'Museo Conte', 'Museo Radio']",Torre Lamberti,strategy_nearest,True,0.0033288002014160156,success
0478B8429C4C80,2,['Casa Giulietta'],Torre Lamberti,"['Sighseeing', 'Centro Fotografia', 'Museo Conte', 'Palazzo della Ragione', 'AMO']",Giardino Giusti,strategy_nearest,False,0.002936840057373047,success
0478BD3A9C4C80,1,"['Arena', 'Casa Giulietta']",Palazzo della Ragione,"['AMO', 'Museo Conte', 'Torre Lamberti', 'Centro Fotografia', 'Sighseeing']",Santa Anastasia,strategy_nearest,False,0.001974821090698242,success
0478C23A9C4C80,3,"['Duomo', 'Casa Giulietta', 'Arena']",Castelvecchio,"['Museo Lapidario', 'Verona Tour', 'Museo Radio', 'San Zeno', 'Sighseeing']",Teatro Romano,strategy_nearest,False,0.0031042098999023438,success
0478C13A9C4C80,3,"['Arena', 'Casa Giulietta']",Santa Anastasia,"['AMO', 'Museo Conte', 'Palazzo della Ragione', 'Teatro Romano', 'Centro Fotografia']",Duomo,strategy_nearest,False,0.002565145492553711,success
0478C43A9C4C80,0,['Arena'],Casa Giulietta,"['Centro Fotografia', 'Sighseeing', 'Torre Lamberti', 'Museo Conte', 'Museo Radio']",Castelvecchio,strategy_nearest,False,0.002377033233642578,success
0478C5429C4C80,1,"['Palazzo della Ragione', 'Arena']",San Zeno,"['Castelvecchio', 'Verona Tour', 'Museo Lapidario', 'Museo Miniscalchi', 'Sighseeing']",Santa Anastasia,strategy_nearest,False,0.0027060508728027344,success
0478CA429C4C80,0,"['Arena', 'Casa Giulietta']",Torre Lamberti,"['Sighseeing', 'Centro Fotografia', 'Museo Conte', 'Palazzo della Ragione', 'AMO']",Duomo,strategy_nearest,False,0.0028200149536132812,success
0478CC429C4C80,2,"['Castelvecchio', 'Casa Giulietta']",Santa Anastasia,"['AMO', 'Museo Conte', 'Palazzo della Ragione', 'Teatro Romano', 'Centro Fotografia']",Duomo,strategy_nearest,False,0.0025289058685302734,success
0478D0429C4C80,1,"['Arena', 'Casa Giulietta', 'Duomo', 'Santa Anastasia']",Arena,"['Verona Tour', 'Museo Lapidario', 'Museo Radio', 'San Fermo', 'Sighseeing']",Torre Lamberti,strategy_nearest,False,0.0023539066314697266,success
0478D63A9C4C80,0,['Arena'],Santa Anastasia,"['AMO', 'Museo Conte', 'Palazzo della Ragione', 'Teatro Romano', 'Centro Fotografia']",Castelvecchio,strategy_nearest,False,0.0024421215057373047,success
0478E73A9C4C80,2,"['Torre Lamberti', 'Duomo']",San Fermo,"['Museo Storia', 'Museo Radio', 'Casa Giulietta', 'Centro Fotografia', 'Arena']",Castelvecchio,strategy_nearest,False,0.00177001953125,success
0478E1429C4C80,1,"['Arena', 'Museo Lapidario', 'Castelvecchio', 'San Zeno']",Palazzo della Ragione,"['AMO', 'Museo Conte', 'Torre Lamberti', 'Centro Fotografia', 'Sighseeing']",Casa Giulietta,strategy_nearest,False,0.003284931182861328,success
0478F0429C4C80,1,"['Casa Giulietta', 'Torre Lamberti']",Palazzo della Ragione,"['AMO', 'Museo Conte', 'Centro Fotografia', 'Sighseeing', 'Santa Anastasia']",Arena,strategy_nearest,False,0.002337932586669922,success
0478F3429C4C80,3,"['Teatro Romano', 'Santa Anastasia']",Casa Giulietta,"['Centro Fotografia', 'Sighseeing', 'Torre Lamberti', 'Museo Conte', 'Museo Radio']",San Zeno,strategy_nearest,False,0.002604961395263672,success
0478F43A9C4C80,0,['Arena'],Museo Lapidario,"['Verona Tour', 'Castelvecchio', 'Museo Radio', 'San Fermo', 'Casa Giulietta']",Castelvecchio,strategy_nearest,True,0.002688884735107422,success
0478F83A9C4C80,0,['Arena'],Casa Giulietta,"['Centro Fotografia', 'Sighseeing', 'Torre Lamberti', 'Museo Conte', 'Museo Radio']",Torre Lamberti,strategy_nearest,True,0.002866029739379883,success
0478FC3A9C4C80,0,['Arena'],Torre Lamberti,"['Sighseeing', 'Centro Fotografia', 'Museo Conte', 'Casa Giulietta', 'Palazzo della Ragione']",Duomo,strategy_nearest,False,0.0025119781494140625,success
0479153A9C4C80,1,['Arena'],Palazzo della Ragione,"['AMO', 'Museo Conte', 'Torre Lamberti', 'Centro Fotografia', 'Sighseeing']",Torre Lamberti,strategy_nearest,True,0.0014998912811279297,success
047918429C4C84,0,['Arena'],Casa Giulietta,"['Centro Fotografia', 'Sighseeing', 'Torre Lamberti', 'Museo Conte', 'Museo Radio']",Torre Lamberti,strategy_nearest,True,0.0034019947052001953,success
04790F429C4C80,0,"['Arena', 'Torre Lamberti']",Torre Lamberti,"['Sighseeing', 'Centro Fotografia', 'Museo Conte', 'Casa Giulietta', 'Palazzo della Ragione']",Casa Giulietta,strategy_nearest,True,0.0028629302978515625,success
0479113A9C4C84,0,['Arena'],Casa Giulietta,"['Centro Fotografia', 'Sighseeing', 'Torre Lamberti', 'Museo Conte', 'Museo Radio']",Torre Lamberti,strategy_nearest,True,0.003631114959716797,success
0479193A9C4C84,0,['San Zeno'],Castelvecchio,"['Museo Lapidario', 'Verona Tour', 'Arena', 'Museo Radio', 'Sighseeing']",Arena,strategy_nearest,True,0.002954721450805664,success
04791D429C4C84,1,['Arena'],Torre Lamberti,"['Sighseeing', 'Centro Fotografia', 'Museo Conte', 'Casa Giulietta', 'Palazzo della Ragione']",Palazzo della Ragione,strategy_nearest,True,0.0027170181274414062,success
047924429C4C84,1,"['Teatro Romano', 'Castelvecchio', 'Arena']",Tomba Giulietta,"['San Fermo', 'Museo Storia', 'Museo Lapidario', 'Museo Radio', 'Verona Tour']",San Fermo,strategy_nearest,True,0.0018661022186279297,success
04791F3A9C4C80,1,"['Castelvecchio', 'Teatro Romano', 'Palazzo della Ragione', 'Torre Lamberti', 'Santa Anastasia']",Duomo,"['AMO', 'Museo Miniscalchi', 'Museo Conte', 'Centro Fotografia', 'Sighseeing']",Museo Lapidario,strategy_nearest,False,0.003317117691040039,success
0479293A9C4C80,0,['Arena'],San Fermo,"['Museo Storia', 'Museo Radio', 'Casa Giulietta', 'Centro Fotografia', 'Sighseeing']",Casa Giulietta,strategy_nearest,True,0.0012760162353515625,success
047927429C4C84,0,['Arena'],Casa Giulietta,"['Centro Fotografia', 'Sighseeing', 'Torre Lamberti', 'Museo Conte', 'Museo Radio']",Torre Lamberti,strategy_nearest,True,0.0027561187744140625,success
04792E3A9C4C80,1,"['Arena', 'Museo Lapidario']",Casa Giulietta,"['Centro Fotografia', 'Sighseeing', 'Torre Lamberti', 'Museo Conte', 'Museo Radio']",Torre Lamberti,strategy_nearest,True,0.002712726593017578,success
0479343A9C4C80,1,"['Arena', 'Casa Giulietta', 'Torre Lamberti', 'Palazzo della Ragione']",Santa Anastasia,"['AMO', 'Museo Conte', 'Teatro Romano', 'Centro Fotografia', 'Duomo']",Castelvecchio,strategy_nearest,False,0.0033550262451171875,success
04793A4A9C4C80,1,"['Castelvecchio', 'Torre Lamberti', 'Palazzo della Ragione', 'Teatro Romano', 'Duomo']",Santa Anastasia,"['AMO', 'Museo Conte', 'Centro Fotografia', 'Sighseeing', 'Museo Miniscalchi']",San Zeno,strategy_nearest,False,0.0018222332000732422,success
047939429C4C80,3,"['Arena', 'Santa Anastasia']",Casa Giulietta,"['Centro Fotografia', 'Sighseeing', 'Torre Lamberti', 'Museo Conte', 'Museo Radio']",Torre Lamberti,strategy_nearest,True,0.0019729137420654297,success
047938429C4C80,2,['Teatro Romano'],Giardino Giusti,"['Santa Anastasia', 'Museo Conte', 'Centro Fotografia', 'Museo Storia', 'AMO']",Torre Lamberti,strategy_nearest,False,0.0037689208984375,success
04794A429C4C80,3,"['Arena', 'San Fermo']",Torre Lamberti,"['Sighseeing', 'Centro Fotografia', 'Museo Conte', 'Casa Giulietta', 'Palazzo della Ragione']",Santa Anastasia,strategy_nearest,False,0.0032546520233154297,success
04794C429C4C80,1,['Arena'],Casa Giulietta,"['Centro Fotografia', 'Sighseeing', 'Torre Lamberti', 'Museo Conte', 'Museo Radio']",Palazzo della Ragione,strategy_nearest,False,0.0016498565673828125,success
047970429C4C80,0,['Arena'],San Fermo,"['Museo Storia', 'Museo Radio', 'Casa Giulietta', 'Centro Fotografia', 'Sighseeing']",Casa Giulietta,strategy_nearest,True,0.0017859935760498047,success
047952429C4C80,2,"['Santa Anastasia', 'Castelvecchio']",San Zeno,"['Verona Tour', 'Museo Lapidario', 'Arena', 'Museo Miniscalchi', 'Sighseeing']",Duomo,strategy_nearest,False,0.0031430721282958984,success
047972429C4C80,3,['Arena'],Casa Giulietta,"['Centro Fotografia', 'Sighseeing', 'Torre Lamberti', 'Museo Conte', 'Museo Radio']",Santa Anastasia,strategy_nearest,False,0.0030791759490966797,success
0479743A9C4C80,0,"['Tomba Giulietta', 'Arena']",Castelvecchio,"['Museo Lapidario', 'Verona Tour', 'Museo Radio', 'San Zeno', 'Sighseeing']",Casa Giulietta,strategy_nearest,False,0.0028619766235351562,success
04797DC27B3F80,1,"['Duomo', 'Teatro Romano', 'Santa Anastasia', 'San Zeno']",Arena,"['Verona Tour', 'Museo Lapidario', 'Museo Radio', 'San Fermo', 'Casa Giulietta']",Torre Lamberti,strategy_nearest,False,0.002574920654296875,success
04798D4A9C4C80,3,['Arena'],Santa Anastasia,"['AMO', 'Museo Conte', 'Palazzo della Ragione', 'Teatro Romano', 'Centro Fotografia']",Duomo,strategy_nearest,False,0.0013570785522460938,success
0479854A9C4C80,1,"['Arena', 'Casa Giulietta']",Torre Lamberti,"['Sighseeing', 'Centro Fotografia', 'Museo Conte', 'Palazzo della Ragione', 'AMO']",Palazzo della Ragione,strategy_nearest,True,0.0031561851501464844,success
047998429C4C80,1,['Arena'],Casa Giulietta,"['Centro Fotografia', 'Sighseeing', 'Torre Lamberti', 'Museo Conte', 'Museo Radio']",Palazzo della Ragione,strategy_nearest,False,0.0017669200897216797,success
047990429C4C80,1,['Torre Lamberti'],Palazzo della Ragione,"['AMO', 'Museo Conte', 'Centro Fotografia', 'Sighseeing', 'Santa Anastasia']",Arena,strategy_nearest,False,0.002819061279296875,success
0479A64A9C4C80,3,"['Arena', 'Casa Giulietta']",Santa Anastasia,"['AMO', 'Museo Conte', 'Palazzo della Ragione', 'Teatro Romano', 'Centro Fotografia']",Teatro Romano,strategy_nearest,True,0.0024099349975585938,success
0479AA3A9C4C80,0,['Arena'],Casa Giulietta,"['Centro Fotografia', 'Sighseeing', 'Torre Lamberti', 'Museo Conte', 'Museo Radio']",Santa Anastasia,strategy_nearest,False,0.002317190170288086,success
0479AC3A9C4C80,1,['Arena'],Casa Giulietta,"['Centro Fotografia', 'Sighseeing', 'Torre Lamberti', 'Museo Conte', 'Museo Radio']",Torre Lamberti,strategy_nearest,True,0.002135038375854492,success
0479B23A9C4C80,0,['Arena'],Casa Giulietta,"['Centro Fotografia', 'Sighseeing', 'Torre Lamberti', 'Museo Conte', 'Museo Radio']",Torre Lamberti,strategy_nearest,True,0.0018351078033447266,success
0479B1429C4C80,0,"['Arena', 'Casa Giulietta']",Torre Lamberti,"['Sighseeing', 'Centro Fotografia', 'Museo Conte', 'Palazzo della Ragione', 'AMO']",Duomo,strategy_nearest,False,0.003141164779663086,success
0479B13A9C4C80,3,"['Torre Lamberti', 'Casa Giulietta']",Arena,"['Verona Tour', 'Museo Lapidario', 'Museo Radio', 'San Fermo', 'Sighseeing']",Tomba Giulietta,strategy_nearest,False,0.0019998550415039062,success
0479B53A9C4C80,0,"['Arena', 'Casa Giulietta']",Teatro Romano,"['Santa Anastasia', 'Duomo', 'AMO', 'Palazzo della Ragione', 'Museo Conte']",Castelvecchio,strategy_nearest,False,0.0031647682189941406,success
0479B7429C4C80,1,"['Arena', 'Casa Giulietta', 'Torre Lamberti']",Palazzo della Ragione,"['AMO', 'Museo Conte', 'Centro Fotografia', 'Sighseeing', 'Santa Anastasia']",Santa Anastasia,strategy_nearest,True,0.0020139217376708984,success
0479BA429C4C80,1,"['Arena', 'Palazzo della Ragione']",Torre Lamberti,"['Sighseeing', 'Centro Fotografia', 'Museo Conte', 'Casa Giulietta', 'AMO']",Duomo,strategy_nearest,False,0.0026459693908691406,success
0479BB429C4C80,3,['Arena'],Santa Anastasia,"['AMO', 'Museo Conte', 'Palazzo della Ragione', 'Teatro Romano', 'Centro Fotografia']",Torre Lamberti,strategy_nearest,False,0.0020737648010253906,success
0479C0429C4C80,0,['Arena'],Torre Lamberti,"['Sighseeing', 'Centro Fotografia', 'Museo Conte', 'Casa Giulietta', 'Palazzo della Ragione']",Casa Giulietta,strategy_nearest,True,0.003183126449584961,success
0479D33A9C4C80,0,['Casa Giulietta'],Santa Anastasia,"['AMO', 'Museo Conte', 'Palazzo della Ragione', 'Teatro Romano', 'Centro Fotografia']",Arena,strategy_nearest,False,0.002618074417114258,success
0479CA429C4C80,3,['Arena'],Casa Giulietta,"['Centro Fotografia', 'Sighseeing', 'Torre Lamberti', 'Museo Conte', 'Museo Radio']",Santa Anastasia,strategy_nearest,False,0.002061128616333008,success
0479D93A9C4C80,3,['Arena'],Casa Giulietta,"['Centro Fotografia', 'Sighseeing', 'Torre Lamberti', 'Museo Conte', 'Museo Radio']",Santa Anastasia,strategy_nearest,False,0.002513885498046875,success
0479DE3A9C4C80,3,"['Tomba Giulietta', 'San Fermo', 'Santa Anastasia', 'Teatro Romano']",Duomo,"['AMO', 'Museo Miniscalchi', 'Palazzo della Ragione', 'Museo Conte', 'Torre Lamberti']",Casa Giulietta,strategy_nearest,False,0.0030679702758789062,success
0479E53A9C4C80,3,"['Arena', 'Castelvecchio']",Casa Giulietta,"['Centro Fotografia', 'Sighseeing', 'Torre Lamberti', 'Museo Conte', 'Museo Radio']",Santa Anastasia,strategy_nearest,False,0.0014739036560058594,success
0479EC3A9C4C80,0,['Arena'],Casa Giulietta,"['Centro Fotografia', 'Sighseeing', 'Torre Lamberti', 'Museo Conte', 'Museo Radio']",Teatro Romano,strategy_nearest,False,0.002044200897216797,success
0479F5429C4C80,3,"['Teatro Romano', 'Santa Anastasia', 'Casa Giulietta']",Castelvecchio,"['Museo Lapidario', 'Verona Tour', 'Arena', 'Museo Radio', 'San Zeno']",San Zeno,strategy_nearest,True,0.002640962600708008,success
047A0A429C4C84,0,['Arena'],Casa Giulietta,"['Centro Fotografia', 'Sighseeing', 'Torre Lamberti', 'Museo Conte', 'Museo Radio']",Castelvecchio,strategy_nearest,False,0.003118753433227539,success
047A043A9C4C84,3,"['Arena', 'Casa Giulietta']",Torre Lamberti,"['Sighseeing', 'Centro Fotografia', 'Museo Conte', 'Palazzo della Ragione', 'AMO']",Santa Anastasia,strategy_nearest,False,0.0033791065216064453,success
047A10429C4C80,3,"['Arena', 'San Fermo', 'Casa Giulietta']",Santa Anastasia,"['AMO', 'Museo Conte', 'Palazzo della Ragione', 'Teatro Romano', 'Centro Fotografia']",Duomo,strategy_nearest,False,0.0017609596252441406,success
047A1B3A9C4C80,1,"['Tomba Giulietta', 'San Fermo', 'Casa Giulietta', 'Palazzo della Ragione', 'Torre Lamberti']",Castelvecchio,"['Museo Lapidario', 'Verona Tour', 'Arena', 'Museo Radio', 'San Zeno']",Teatro Romano,strategy_nearest,False,0.0020651817321777344,success
047A17429C4C80,1,['Arena'],Casa Giulietta,"['Centro Fotografia', 'Sighseeing', 'Torre Lamberti', 'Museo Conte', 'Museo Radio']",Palazzo della Ragione,strategy_nearest,False,0.002457141876220703,success
047A1D3A9C4C80,3,"['Arena', 'Castelvecchio']",Santa Anastasia,"['AMO', 'Museo Conte', 'Palazzo della Ragione', 'Teatro Romano', 'Centro Fotografia']",Torre Lamberti,strategy_nearest,False,0.004849910736083984,success
047A223A9C4C84,1,['Arena'],Arena,"['Verona Tour', 'Museo Lapidario', 'Museo Radio', 'San Fermo', 'Casa Giulietta']",Palazzo della Ragione,strategy_nearest,False,0.002017974853515625,success
047A18429C4C80,3,"['Arena', 'Duomo', 'Torre Lamberti']",Casa Giulietta,"['Centro Fotografia', 'Sighseeing', 'Museo Conte', 'Museo Radio', 'Palazzo della Ragione']",San Fermo,strategy_nearest,False,0.003144979476928711,success
047A2B429C4C80,0,"['Arena', 'Museo Lapidario']",Castelvecchio,"['Verona Tour', 'Museo Radio', 'San Zeno', 'Sighseeing', 'Museo Miniscalchi']",Casa Giulietta,strategy_nearest,False,0.0039098262786865234,success
047A3B429C4C80,3,"['Arena', 'Teatro Romano', 'Castelvecchio']",San Zeno,"['Verona Tour', 'Museo Lapidario', 'Museo Miniscalchi', 'Sighseeing', 'Museo Radio']",San Fermo,strategy_nearest,False,0.0018339157104492188,success
047A3F3A9C4C80,0,"['Arena', 'Museo Lapidario']",Castelvecchio,"['Verona Tour', 'Museo Radio', 'San Zeno', 'Sighseeing', 'Museo Miniscalchi']",Duomo,strategy_nearest,False,0.003052949905395508,success
047A4B429C4C80,0,['Arena'],Castelvecchio,"['Museo Lapidario', 'Verona Tour', 'Museo Radio', 'San Zeno', 'Sighseeing']",Casa Giulietta,strategy_nearest,False,0.003902912139892578,success
047A51429C4C80,1,"['Museo Lapidario', 'Arena', 'Torre Lamberti', 'Palazzo della Ragione']",Casa Giulietta,"['Centro Fotografia', 'Sighseeing', 'Museo Conte', 'Museo Radio', 'San Fermo']",San Fermo,strategy_nearest,True,0.002830982208251953,success
047A6F3A9C4C80,1,"['Castelvecchio', 'Torre Lamberti']",Palazzo della Ragione,"['AMO', 'Museo Conte', 'Centro Fotografia', 'Sighseeing', 'Santa Anastasia']",Duomo,strategy_nearest,False,0.0027551651000976562,success
047A59429C4C80,3,['Arena'],Casa Giulietta,"['Centro Fotografia', 'Sighseeing', 'Torre Lamberti', 'Museo Conte', 'Museo Radio']",Torre Lamberti,strategy_nearest,True,0.0028028488159179688,success
047A743A9C4C80,1,"['Tomba Giulietta', 'Arena']",Casa Giulietta,"['Centro Fotografia', 'Sighseeing', 'Torre Lamberti', 'Museo Conte', 'Museo Radio']",Palazzo della Ragione,strategy_nearest,False,0.003019094467163086,success
047A7C4A9C4C80,3,"['Arena', 'Santa Anastasia']",Duomo,"['AMO', 'Museo Miniscalchi', 'Teatro Romano', 'Palazzo della Ragione', 'Museo Conte']",Teatro Romano,strategy_nearest,True,0.0029420852661132812,success
047A813A9C4C80,3,['Arena'],Torre Lamberti,"['Sighseeing', 'Centro Fotografia', 'Museo Conte', 'Casa Giulietta', 'Palazzo della Ragione']",Santa Anastasia,strategy_nearest,False,0.0035278797149658203,success
047A853A9C4C80,1,"['Arena', 'Torre Lamberti']",Palazzo della Ragione,"['AMO', 'Museo Conte', 'Centro Fotografia', 'Sighseeing', 'Santa Anastasia']",Santa Anastasia,strategy_nearest,True,0.0029821395874023438,success
047A76429C4C80,3,"['Casa Giulietta', 'Torre Lamberti', 'Santa Anastasia']",Duomo,"['AMO', 'Museo Miniscalchi', 'Teatro Romano', 'Palazzo della Ragione', 'Museo Conte']",Arena,strategy_nearest,False,0.0026540756225585938,success
047A873A9C4C80,1,"['Arena', 'Casa Giulietta']",Palazzo della Ragione,"['AMO', 'Museo Conte', 'Torre Lamberti', 'Centro Fotografia', 'Sighseeing']",Torre Lamberti,strategy_nearest,True,0.0029649734497070312,success
047A8B429C4C80,0,['Arena'],Torre Lamberti,"['Sighseeing', 'Centro Fotografia', 'Museo Conte', 'Casa Giulietta', 'Palazzo della Ragione']",Castelvecchio,strategy_nearest,False,0.0015769004821777344,success
047A8E429C4C80,0,['Arena'],Casa Giulietta,"['Centro Fotografia', 'Sighseeing', 'Torre Lamberti', 'Museo Conte', 'Museo Radio']",Castelvecchio,strategy_nearest,False,0.0033080577850341797,success
047A89429C4C80,0,['Arena'],Casa Giulietta,"['Centro Fotografia', 'Sighseeing', 'Torre Lamberti', 'Museo Conte', 'Museo Radio']",Torre Lamberti,strategy_nearest,True,0.0023050308227539062,success
047A924A9C4C80,0,['Arena'],Duomo,"['AMO', 'Museo Miniscalchi', 'Santa Anastasia', 'Teatro Romano', 'Palazzo della Ragione']",Casa Giulietta,strategy_nearest,False,0.0020570755004882812,success
047A9E429C4C80,0,['Arena'],Santa Anastasia,"['AMO', 'Museo Conte', 'Palazzo della Ragione', 'Teatro Romano', 'Centro Fotografia']",Tomba Giulietta,strategy_nearest,False,0.003019094467163086,success
047AA54A9C4C80,3,['Casa Giulietta'],Arena,"['Verona Tour', 'Museo Lapidario', 'Museo Radio', 'San Fermo', 'Sighseeing']",Torre Lamberti,strategy_nearest,False,0.0036869049072265625,success
047A90429C4C80,2,['San Zeno'],Torre Lamberti,"['Sighseeing', 'Centro Fotografia', 'Museo Conte', 'Casa Giulietta', 'Palazzo della Ragione']",Palazzo della Ragione,strategy_nearest,True,0.0047380924224853516,success
047AA6429C4C80,0,['Casa Giulietta'],Torre Lamberti,"['Sighseeing', 'Centro Fotografia', 'Museo Conte', 'Palazzo della Ragione', 'AMO']",Arena,strategy_nearest,False,0.0025861263275146484,success
047AB1429C4C80,0,"['Arena', 'Castelvecchio']",San Zeno,"['Verona Tour', 'Museo Lapidario', 'Museo Miniscalchi', 'Sighseeing', 'Museo Radio']",Duomo,strategy_nearest,False,0.0021300315856933594,success
047AAA429C4C80,2,['Casa Giulietta'],Torre Lamberti,"['Sighseeing', 'Centro Fotografia', 'Museo Conte', 'Palazzo della Ragione', 'AMO']",Palazzo della Ragione,strategy_nearest,True,0.004677772521972656,success
047AB0429C4C80,2,"['Casa Giulietta', 'Torre Lamberti']",Palazzo della Ragione,"['AMO', 'Museo Conte', 'Centro Fotografia', 'Sighseeing', 'Santa Anastasia']",Santa Anastasia,strategy_nearest,True,0.0023779869079589844,success
047AB73A9C4C80,0,['Castelvecchio'],Arena,"['Verona Tour', 'Museo Lapidario', 'Museo Radio', 'San Fermo', 'Casa Giulietta']",Casa Giulietta,strategy_nearest,True,0.0031540393829345703,success
047AB5429C4C80,1,"['Torre Lamberti', 'Palazzo della Ragione']",Santa Anastasia,"['AMO', 'Museo Conte', 'Teatro Romano', 'Centro Fotografia', 'Duomo']",Arena,strategy_nearest,False,0.0037059783935546875,success
047ABA3A9C4C80,3,"['Arena', 'Torre Lamberti', 'Santa Anastasia']",Teatro Romano,"['Duomo', 'AMO', 'Palazzo della Ragione', 'Museo Conte', 'Centro Fotografia']",Duomo,strategy_nearest,True,0.0023849010467529297,success
047ABB429C4C80,3,"['Arena', 'Castelvecchio']",San Fermo,"['Museo Storia', 'Museo Radio', 'Casa Giulietta', 'Centro Fotografia', 'Sighseeing']",Santa Anastasia,strategy_nearest,False,0.0028429031372070312,success
047ABC3A9C4C80,3,"['Arena', 'Casa Giulietta']",San Fermo,"['Museo Storia', 'Museo Radio', 'Centro Fotografia', 'Sighseeing', 'Torre Lamberti']",Torre Lamberti,strategy_nearest,True,0.0011820793151855469,success
047AC73A9C4C80,3,"['Castelvecchio', 'Arena']",Casa Giulietta,"['Centro Fotografia', 'Sighseeing', 'Torre Lamberti', 'Museo Conte', 'Museo Radio']",Torre Lamberti,strategy_nearest,True,0.0026018619537353516,success
047ABD429C4C80,0,['Tomba Giulietta'],Arena,"['Verona Tour', 'Museo Lapidario', 'Museo Radio', 'San Fermo', 'Casa Giulietta']",Casa Giulietta,strategy_nearest,True,0.002081155776977539,success
047AC8429C4C80,0,['Arena'],Casa Giulietta,"['Centro Fotografia', 'Sighseeing', 'Torre Lamberti', 'Museo Conte', 'Museo Radio']",Castelvecchio,strategy_nearest,False,0.003180980682373047,success
047ADC429C4C80,3,"['Arena', 'Castelvecchio', 'San Zeno']",Torre Lamberti,"['Sighseeing', 'Centro Fotografia', 'Museo Conte', 'Casa Giulietta', 'Palazzo della Ragione']",Casa Giulietta,strategy_nearest,True,0.0024499893188476562,success
047ADC3A9C4C80,0,['Arena'],Casa Giulietta,"['Centro Fotografia', 'Sighseeing', 'Torre Lamberti', 'Museo Conte', 'Museo Radio']",Torre Lamberti,strategy_nearest,True,0.002140045166015625,success
047AF13A9C4C80,0,['Arena'],Casa Giulietta,"['Centro Fotografia', 'Sighseeing', 'Torre Lamberti', 'Museo Conte', 'Museo Radio']",Torre Lamberti,strategy_nearest,True,0.0031409263610839844,success
047AF7429C4C80,1,"['Arena', 'Torre Lamberti', 'Casa Giulietta', 'San Fermo']",Castelvecchio,"['Museo Lapidario', 'Verona Tour', 'Museo Radio', 'San Zeno', 'Sighseeing']",San Zeno,strategy_nearest,True,0.002149820327758789,success
047AF43A9C4C80,3,"['Arena', 'Castelvecchio']",Duomo,"['AMO', 'Museo Miniscalchi', 'Santa Anastasia', 'Teatro Romano', 'Palazzo della Ragione']",Santa Anastasia,strategy_nearest,True,0.0027348995208740234,success
047AFE3A9C4C80,3,['Arena'],Santa Anastasia,"['AMO', 'Museo Conte', 'Palazzo della Ragione', 'Teatro Romano', 'Centro Fotografia']",Duomo,strategy_nearest,False,0.002611875534057617,success
047AFF429C4C80,3,"['Teatro Romano', 'Duomo', 'Santa Anastasia']",Arena,"['Verona Tour', 'Museo Lapidario', 'Museo Radio', 'San Fermo', 'Casa Giulietta']",Castelvecchio,strategy_nearest,False,0.0032219886779785156,success
047B16429C4C80,0,['Casa Giulietta'],Arena,"['Verona Tour', 'Museo Lapidario', 'Museo Radio', 'San Fermo', 'Sighseeing']",Tomba Giulietta,strategy_nearest,False,0.0013842582702636719,success
047B04429C4C84,3,"['Arena', 'San Zeno']",Torre Lamberti,"['Sighseeing', 'Centro Fotografia', 'Museo Conte', 'Casa Giulietta', 'Palazzo della Ragione']",Duomo,strategy_nearest,False,0.003525972366333008,success
047B153A9C4C84,3,"['San Zeno', 'Castelvecchio', 'Duomo']",Santa Anastasia,"['AMO', 'Museo Conte', 'Palazzo della Ragione', 'Teatro Romano', 'Centro Fotografia']",Torre Lamberti,strategy_nearest,False,0.0022368431091308594,success
047B183A9C4C80,3,"['Teatro Romano', 'Duomo']",Arena,"['Verona Tour', 'Museo Lapidario', 'Museo Radio', 'San Fermo', 'Casa Giulietta']",Torre Lamberti,strategy_nearest,False,0.003100156784057617,success
047B1B429C4C84,0,['Arena'],Casa Giulietta,"['Centro Fotografia', 'Sighseeing', 'Torre Lamberti', 'Museo Conte', 'Museo Radio']",Castelvecchio,strategy_nearest,False,0.0014081001281738281,success
047B1E3A9C4C84,3,"['Torre Lamberti', 'Casa Giulietta', 'Santa Anastasia']",Duomo,"['AMO', 'Museo Miniscalchi', 'Teatro Romano', 'Palazzo della Ragione', 'Museo Conte']",Teatro Romano,strategy_nearest,True,0.0027551651000976562,success
047B18429C4C80,3,['Arena'],Casa Giulietta,"['Centro Fotografia', 'Sighseeing', 'Torre Lamberti', 'Museo Conte', 'Museo Radio']",Santa Anastasia,strategy_nearest,False,0.002653837203979492,success
047B1E429C4C84,0,['Arena'],Santa Anastasia,"['AMO', 'Museo Conte', 'Palazzo della Ragione', 'Teatro Romano', 'Centro Fotografia']",Tomba Giulietta,strategy_nearest,False,0.003101825714111328,success
047B213A9C4C80,0,['Arena'],Casa Giulietta,"['Centro Fotografia', 'Sighseeing', 'Torre Lamberti', 'Museo Conte', 'Museo Radio']",Torre Lamberti,strategy_nearest,True,0.002351045608520508,success
047B293A9C4C80,0,"['Arena', 'Casa Giulietta']",Giardino Giusti,"['Santa Anastasia', 'Teatro Romano', 'Museo Conte', 'Centro Fotografia', 'Museo Storia']",Teatro Romano,strategy_nearest,True,0.001734018325805664,success
047B23429C4C84,3,['Arena'],Torre Lamberti,"['Sighseeing', 'Centro Fotografia', 'Museo Conte', 'Casa Giulietta', 'Palazzo della Ragione']",Santa Anastasia,strategy_nearest,False,0.0026056766510009766,success
047B2D4A9C4C80,3,"['Duomo', 'Casa Giulietta']",Arena,"['Verona Tour', 'Museo Lapidario', 'Museo Radio', 'San Fermo', 'Sighseeing']",Tomba Giulietta,strategy_nearest,False,0.0024671554565429688,success
047B2B429C4C80,0,['Arena'],Casa Giulietta,"['Centro Fotografia', 'Sighseeing', 'Torre Lamberti', 'Museo Conte', 'Museo Radio']",San Zeno,strategy_nearest,False,0.002434968948364258,success
047B413A9C4C80,3,"['Arena', 'Casa Giulietta', 'Torre Lamberti']",San Fermo,"['Museo Storia', 'Museo Radio', 'Centro Fotografia', 'Sighseeing', 'Museo Conte']",Santa Anastasia,strategy_nearest,False,0.0022678375244140625,success
047B344A9C4C80,1,"['Arena', 'Casa Giulietta', 'Torre Lamberti']",Palazzo della Ragione,"['AMO', 'Museo Conte', 'Centro Fotografia', 'Sighseeing', 'Santa Anastasia']",Castelvecchio,strategy_nearest,False,0.0025680065155029297,success
047B41429C4C80,3,"['Arena', 'Castelvecchio', 'Casa Giulietta']",Torre Lamberti,"['Sighseeing', 'Centro Fotografia', 'Museo Conte', 'Palazzo della Ragione', 'AMO']",Torre Lamberti,strategy_nearest,False,0.0020961761474609375,success
047B52429C4C80,2,"['Castelvecchio', 'San Zeno']",Duomo,"['AMO', 'Museo Miniscalchi', 'Santa Anastasia', 'Teatro Romano', 'Palazzo della Ragione']",Giardino Giusti,strategy_nearest,False,0.0021140575408935547,success
047B433A9C4C80,2,"['Casa Giulietta', 'Torre Lamberti', 'Palazzo della Ragione']",Duomo,"['AMO', 'Museo Miniscalchi', 'Santa Anastasia', 'Teatro Romano', 'Museo Conte']",Teatro Romano,strategy_nearest,True,0.002893209457397461,success
047B6C429C4C80,3,"['Arena', 'Castelvecchio', 'Torre Lamberti']",Casa Giulietta,"['Centro Fotografia', 'Sighseeing', 'Museo Conte', 'Museo Radio', 'Palazzo della Ragione']",Santa Anastasia,strategy_nearest,False,0.0028579235076904297,success
047B643A9C4C80,1,"['Torre Lamberti', 'Palazzo della Ragione', 'Castelvecchio', 'Casa Giulietta']",Santa Anastasia,"['AMO', 'Museo Conte', 'Teatro Romano', 'Centro Fotografia', 'Duomo']",Duomo,strategy_nearest,True,0.00380706787109375,success
047B6E429C4C80,2,['Casa Giulietta'],Palazzo della Ragione,"['AMO', 'Museo Conte', 'Torre Lamberti', 'Centro Fotografia', 'Sighseeing']",Torre Lamberti,strategy_nearest,True,0.002031087875366211,success
047B793A9C4C80,0,['Castelvecchio'],San Zeno,"['Verona Tour', 'Museo Lapidario', 'Arena', 'Museo Miniscalchi', 'Sighseeing']",Arena,strategy_nearest,True,0.002405881881713867,success
047B864A9C4C80,3,['Arena'],Torre Lamberti,"['Sighseeing', 'Centro Fotografia', 'Museo Conte', 'Casa Giulietta', 'Palazzo della Ragione']",Santa Anastasia,strategy_nearest,False,0.0021202564239501953,success
047B863A9C4C80,2,['Casa Giulietta'],Torre Lamberti,"['Sighseeing', 'Centro Fotografia', 'Museo Conte', 'Palazzo della Ragione', 'AMO']",Santa Anastasia,strategy_nearest,False,0.0028870105743408203,success
047B83429C4C80,0,['Arena'],Casa Giulietta,"['Centro Fotografia', 'Sighseeing', 'Torre Lamberti', 'Museo Conte', 'Museo Radio']",Torre Lamberti,strategy_nearest,True,0.0016338825225830078,success
047B884A9C4C80,0,['Arena'],Casa Giulietta,"['Centro Fotografia', 'Sighseeing', 'Torre Lamberti', 'Museo Conte', 'Museo Radio']",Torre Lamberti,strategy_nearest,True,0.0032591819763183594,success
047B924A9C4C80,2,"['San Fermo', 'Tomba Giulietta', 'Casa Giulietta']",Palazzo della Ragione,"['AMO', 'Museo Conte', 'Torre Lamberti', 'Centro Fotografia', 'Sighseeing']",Torre Lamberti,strategy_nearest,True,0.001878976821899414,success
047B8E429C4C80,1,"['Teatro Romano', 'Duomo', 'Castelvecchio']",Arena,"['Verona Tour', 'Museo Lapidario', 'Museo Radio', 'San Fermo', 'Casa Giulietta']",Palazzo della Ragione,strategy_nearest,False,0.0026121139526367188,success
047B89429C4C80,0,['Arena'],Casa Giulietta,"['Centro Fotografia', 'Sighseeing', 'Torre Lamberti', 'Museo Conte', 'Museo Radio']",Tomba Giulietta,strategy_nearest,False,0.0020706653594970703,success
047B93429C4C80,0,['Castelvecchio'],Casa Giulietta,"['Centro Fotografia', 'Sighseeing', 'Torre Lamberti', 'Museo Conte', 'Museo Radio']",Santa Anastasia,strategy_nearest,False,0.002763986587524414,success
047BA04A9C4C80,3,"['Torre Lamberti', 'Santa Anastasia']",Duomo,"['AMO', 'Museo Miniscalchi', 'Teatro Romano', 'Palazzo della Ragione', 'Museo Conte']",San Fermo,strategy_nearest,False,0.0012280941009521484,success
047BAA4A9C4C80,2,"['Teatro Romano', 'Giardino Giusti']",Casa Giulietta,"['Centro Fotografia', 'Sighseeing', 'Torre Lamberti', 'Museo Conte', 'Museo Radio']",Torre Lamberti,strategy_nearest,True,0.0026161670684814453,success
047BA54A9C4C80,1,"['Arena', 'Casa Giulietta']",Palazzo della Ragione,"['AMO', 'Museo Conte', 'Torre Lamberti', 'Centro Fotografia', 'Sighseeing']",Torre Lamberti,strategy_nearest,True,0.0019109249114990234,success
047BAC429C4C80,0,['Castelvecchio'],Arena,"['Verona Tour', 'Museo Lapidario', 'Museo Radio', 'San Fermo', 'Casa Giulietta']",Casa Giulietta,strategy_nearest,True,0.003031015396118164,success
047BAE3A9C4C80,2,['Museo Lapidario'],Torre Lamberti,"['Sighseeing', 'Centro Fotografia', 'Museo Conte', 'Casa Giulietta', 'Palazzo della Ragione']",Palazzo della Ragione,strategy_nearest,True,0.0023469924926757812,success
047BAF3A9C4C80,1,"['Teatro Romano', 'Duomo', 'Torre Lamberti']",Palazzo della Ragione,"['AMO', 'Museo Conte', 'Centro Fotografia', 'Sighseeing', 'Santa Anastasia']",Arena,strategy_nearest,False,0.002605915069580078,success
047BAE429C4C80,0,['Arena'],Casa Giulietta,"['Centro Fotografia', 'Sighseeing', 'Torre Lamberti', 'Museo Conte', 'Museo Radio']",Torre Lamberti,strategy_nearest,True,0.0019431114196777344,success
047BB43A9C4C80,0,['Arena'],Casa Giulietta,"['Centro Fotografia', 'Sighseeing', 'Torre Lamberti', 'Museo Conte', 'Museo Radio']",Tomba Giulietta,strategy_nearest,False,0.0029990673065185547,success
047BBF429C4C80,3,"['Arena', 'Casa Giulietta']",Santa Anastasia,"['AMO', 'Museo Conte', 'Palazzo della Ragione', 'Teatro Romano', 'Centro Fotografia']",Duomo,strategy_nearest,False,0.0015327930450439453,success
047BCA3A9C4C80,0,['Castelvecchio'],Arena,"['Verona Tour', 'Museo Lapidario', 'Museo Radio', 'San Fermo', 'Casa Giulietta']",Tomba Giulietta,strategy_nearest,False,0.0020148754119873047,success
047BC23A9C4C80,1,['Arena'],Torre Lamberti,"['Sighseeing', 'Centro Fotografia', 'Museo Conte', 'Casa Giulietta', 'Palazzo della Ragione']",Palazzo della Ragione,strategy_nearest,True,0.003245830535888672,success
047BD7429C4C80,1,"['Palazzo della Ragione', 'Casa Giulietta']",San Fermo,"['Museo Storia', 'Museo Radio', 'Centro Fotografia', 'Arena', 'Sighseeing']",Arena,strategy_nearest,True,0.0013000965118408203,success
047BD8BA7B3F80,3,"['Santa Anastasia', 'Duomo']",Castelvecchio,"['Museo Lapidario', 'Verona Tour', 'Arena', 'Museo Radio', 'San Zeno']",Arena,strategy_nearest,True,0.002792835235595703,success
047BED3A9C4C80,0,['Arena'],Casa Giulietta,"['Centro Fotografia', 'Sighseeing', 'Torre Lamberti', 'Museo Conte', 'Museo Radio']",Castelvecchio,strategy_nearest,False,0.002705812454223633,success
047BE1429C4C80,2,"['Torre Lamberti', 'Palazzo della Ragione']",Duomo,"['AMO', 'Museo Miniscalchi', 'Santa Anastasia', 'Teatro Romano', 'Museo Conte']",San Fermo,strategy_nearest,False,0.0028100013732910156,success
047BEA3A9C4C80,1,['Arena'],Palazzo della Ragione,"['AMO', 'Museo Conte', 'Torre Lamberti', 'Centro Fotografia', 'Sighseeing']",Torre Lamberti,strategy_nearest,True,0.0015499591827392578,success
047BF23A9C4C80,2,['Tomba Giulietta'],Casa Giulietta,"['Centro Fotografia', 'Sighseeing', 'Torre Lamberti', 'Museo Conte', 'Museo Radio']",San Zeno,strategy_nearest,False,0.0031757354736328125,success
047C13429C4C80,1,"['Arena', 'Tomba Giulietta']",Torre Lamberti,"['Sighseeing', 'Centro Fotografia', 'Museo Conte', 'Casa Giulietta', 'Palazzo della Ragione']",Palazzo della Ragione,strategy_nearest,True,0.0014159679412841797,success
047C173A9C4C80,1,"['Arena', 'Museo Lapidario', 'Castelvecchio']",Casa Giulietta,"['Centro Fotografia', 'Sighseeing', 'Torre Lamberti', 'Museo Conte', 'Museo Radio']",Torre Lamberti,strategy_nearest,True,0.0020072460174560547,success
047C15429C4C80,0,['Arena'],Casa Giulietta,"['Centro Fotografia', 'Sighseeing', 'Torre Lamberti', 'Museo Conte', 'Museo Radio']",Torre Lamberti,strategy_nearest,True,0.0026390552520751953,success
047C183A9C4C80,0,['Arena'],Casa Giulietta,"['Centro Fotografia', 'Sighseeing', 'Torre Lamberti', 'Museo Conte', 'Museo Radio']",Castelvecchio,strategy_nearest,False,0.002905130386352539,success
047C1F3A9C4C80,0,['Arena'],Museo Lapidario,"['Verona Tour', 'Castelvecchio', 'Museo Radio', 'San Fermo', 'Casa Giulietta']",Casa Giulietta,strategy_nearest,True,0.0013358592987060547,success
047C1B3A9C4C84,0,['Arena'],Torre Lamberti,"['Sighseeing', 'Centro Fotografia', 'Museo Conte', 'Casa Giulietta', 'Palazzo della Ragione']",Casa Giulietta,strategy_nearest,True,0.0025072097778320312,success
047C19429C4C80,3,"['Castelvecchio', 'Arena']",Casa Giulietta,"['Centro Fotografia', 'Sighseeing', 'Torre Lamberti', 'Museo Conte', 'Museo Radio']",San Zeno,strategy_nearest,False,0.0026891231536865234,success
047C223A9C4C84,3,"['Duomo', 'Santa Anastasia']",Torre Lamberti,"['Sighseeing', 'Centro Fotografia', 'Museo Conte', 'Casa Giulietta', 'Palazzo della Ragione']",Casa Giulietta,strategy_nearest,True,0.0031249523162841797,success
047C224A9C4C80,1,"['Casa Giulietta', 'Arena', 'Torre Lamberti']",Palazzo della Ragione,"['AMO', 'Museo Conte', 'Centro Fotografia', 'Sighseeing', 'Santa Anastasia']",Santa Anastasia,strategy_nearest,True,0.0014929771423339844,success
047C253A9C4C80,3,"['Casa Giulietta', 'Teatro Romano']",Duomo,"['AMO', 'Museo Miniscalchi', 'Santa Anastasia', 'Palazzo della Ragione', 'Museo Conte']",Santa Anastasia,strategy_nearest,True,0.001889944076538086,success
047C233A9C4C80,0,['Giardino Giusti'],Teatro Romano,"['Santa Anastasia', 'Duomo', 'AMO', 'Palazzo della Ragione', 'Museo Conte']",Arena,strategy_nearest,False,0.002560138702392578,success
047C283A9C4C80,0,"['Arena', 'Museo Lapidario']",Castelvecchio,"['Verona Tour', 'Museo Radio', 'San Zeno', 'Sighseeing', 'Museo Miniscalchi']",Torre Lamberti,strategy_nearest,False,0.0032389163970947266,success
047C323A9C4C80,3,"['Arena', 'Casa Giulietta']",Teatro Romano,"['Santa Anastasia', 'Duomo', 'AMO', 'Palazzo della Ragione', 'Museo Conte']",Duomo,strategy_nearest,True,0.0023508071899414062,success
047C333A9C4C80,3,"['Arena', 'Torre Lamberti']",Santa Anastasia,"['AMO', 'Museo Conte', 'Palazzo della Ragione', 'Teatro Romano', 'Centro Fotografia']",Castelvecchio,strategy_nearest,False,0.0017979145050048828,success
047C363A9C4C80,2,['Torre Lamberti'],Santa Anastasia,"['AMO', 'Museo Conte', 'Palazzo della Ragione', 'Teatro Romano', 'Centro Fotografia']",Duomo,strategy_nearest,False,0.0025119781494140625,success
047C36429C4C80,3,['Arena'],Santa Anastasia,"['AMO', 'Museo Conte', 'Palazzo della Ragione', 'Teatro Romano', 'Centro Fotografia']",Teatro Romano,strategy_nearest,True,0.0021860599517822266,success
047C52429C4C80,2,"['Santa Anastasia', 'Castelvecchio']",San Zeno,"['Verona Tour', 'Museo Lapidario', 'Arena', 'Museo Miniscalchi', 'Sighseeing']",Duomo,strategy_nearest,False,0.0020873546600341797,success
047C4B429C4C80,0,['Arena'],Torre Lamberti,"['Sighseeing', 'Centro Fotografia', 'Museo Conte', 'Casa Giulietta', 'Palazzo della Ragione']",Teatro Romano,strategy_nearest,False,0.0026750564575195312,success
047C61429C4C80,3,['Arena'],Casa Giulietta,"['Centro Fotografia', 'Sighseeing', 'Torre Lamberti', 'Museo Conte', 'Museo Radio']",Santa Anastasia,strategy_nearest,False,0.002312898635864258,success
047C70429C4C80,3,"['Arena', 'Casa Giulietta']",Torre Lamberti,"['Sighseeing', 'Centro Fotografia', 'Museo Conte', 'Palazzo della Ragione', 'AMO']",Santa Anastasia,strategy_nearest,False,0.0016989707946777344,success
047C53429C4C80,4,"['Castelvecchio', 'Tomba Giulietta']",Museo Radio,"['Casa Giulietta', 'San Fermo', 'Arena', 'Sighseeing', 'Torre Lamberti']",Torre Lamberti,strategy_nearest,True,0.003326892852783203,success
047C733A9C4C80,0,['Arena'],Casa Giulietta,"['Centro Fotografia', 'Sighseeing', 'Torre Lamberti', 'Museo Conte', 'Museo Radio']",Torre Lamberti,strategy_nearest,True,0.002473115921020508,success
047C6C429C4C80,3,"['Casa Giulietta', 'Tomba Giulietta', 'Arena']",Torre Lamberti,"['Sighseeing', 'Centro Fotografia', 'Museo Conte', 'Palazzo della Ragione', 'AMO']",Santa Anastasia,strategy_nearest,False,0.003148794174194336,success
047C7A429C4C80,0,"['Arena', 'Castelvecchio']",Torre Lamberti,"['Sighseeing', 'Centro Fotografia', 'Museo Conte', 'Casa Giulietta', 'Palazzo della Ragione']",Teatro Romano,strategy_nearest,False,0.0018160343170166016,success
047C794A9C4C80,0,['Torre Lamberti'],Casa Giulietta,"['Centro Fotografia', 'Sighseeing', 'Museo Conte', 'Museo Radio', 'Palazzo della Ragione']",Arena,strategy_nearest,False,0.002547025680541992,success
047C813A9C4C80,3,"['Arena', 'San Fermo', 'Casa Giulietta']",Torre Lamberti,"['Sighseeing', 'Centro Fotografia', 'Museo Conte', 'Palazzo della Ragione', 'AMO']",Castelvecchio,strategy_nearest,False,0.002990245819091797,success
047C7FBA7B3F80,3,"['Casa Giulietta', 'Santa Anastasia', 'Duomo']",Castelvecchio,"['Museo Lapidario', 'Verona Tour', 'Arena', 'Museo Radio', 'San Zeno']",Arena,strategy_nearest,True,0.0026140213012695312,success
047C823A9C4C80,1,"['Tomba Giulietta', 'Arena']",Casa Giulietta,"['Centro Fotografia', 'Sighseeing', 'Torre Lamberti', 'Museo Conte', 'Museo Radio']",Palazzo della Ragione,strategy_nearest,False,0.0024449825286865234,success
047C90429C4C80,3,"['Arena', 'San Zeno']",Duomo,"['AMO', 'Museo Miniscalchi', 'Santa Anastasia', 'Teatro Romano', 'Palazzo della Ragione']",Casa Giulietta,strategy_nearest,False,0.0027151107788085938,success
047C944A9C4C80,1,"['Arena', 'Tomba Giulietta', 'Casa Giulietta']",Torre Lamberti,"['Sighseeing', 'Centro Fotografia', 'Museo Conte', 'Palazzo della Ragione', 'AMO']",Palazzo della Ragione,strategy_nearest,True,0.003185749053955078,success
047C8F3A9C4C80,3,"['Arena', 'Casa Giulietta']",Duomo,"['AMO', 'Museo Miniscalchi', 'Santa Anastasia', 'Teatro Romano', 'Palazzo della Ragione']",Teatro Romano,strategy_nearest,True,0.002225160598754883,success
047CA8429C4C80,3,"['Arena', 'Castelvecchio']",Torre Lamberti,"['Sighseeing', 'Centro Fotografia', 'Museo Conte', 'Casa Giulietta', 'Palazzo della Ragione']",Santa Anastasia,strategy_nearest,False,0.0031189918518066406,success
047C95429C4C80,3,"['Castelvecchio', 'Arena']",Torre Lamberti,"['Sighseeing', 'Centro Fotografia', 'Museo Conte', 'Casa Giulietta', 'Palazzo della Ragione']",Santa Anastasia,strategy_nearest,False,0.0032529830932617188,success
047C97429C4C80,0,['Arena'],Casa Giulietta,"['Centro Fotografia', 'Sighseeing', 'Torre Lamberti', 'Museo Conte', 'Museo Radio']",Santa Anastasia,strategy_nearest,False,0.0013859272003173828,success
047CA24A9C4C80,1,"['Arena', 'Museo Lapidario', 'Casa Giulietta']",Torre Lamberti,"['Sighseeing', 'Centro Fotografia', 'Museo Conte', 'Palazzo della Ragione', 'AMO']",Palazzo della Ragione,strategy_nearest,True,0.002434968948364258,success
047CAC429C4C80,1,"['Arena', 'Casa Giulietta', 'Torre Lamberti', 'Palazzo della Ragione']",Santa Anastasia,"['AMO', 'Museo Conte', 'Teatro Romano', 'Centro Fotografia', 'Duomo']",Duomo,strategy_nearest,True,0.002061128616333008,success
047CAA4A9C4C80,3,"['Duomo', 'Santa Anastasia', 'Arena']",San Zeno,"['Castelvecchio', 'Verona Tour', 'Museo Lapidario', 'Museo Miniscalchi', 'Sighseeing']",Torre Lamberti,strategy_nearest,False,0.001522064208984375,success
047CB7429C4C80,1,['Arena'],Tomba Giulietta,"['San Fermo', 'Museo Storia', 'Museo Lapidario', 'Museo Radio', 'Verona Tour']",Torre Lamberti,strategy_nearest,False,0.003120899200439453,success
047CAA3A9C4C80,1,"['Arena', 'Torre Lamberti', 'Palazzo della Ragione']",Casa Giulietta,"['Centro Fotografia', 'Sighseeing', 'Museo Conte', 'Museo Radio', 'San Fermo']",San Fermo,strategy_nearest,True,0.0027441978454589844,success
047CBB3A9C4C80,1,"['Arena', 'Casa Giulietta']",Torre Lamberti,"['Sighseeing', 'Centro Fotografia', 'Museo Conte', 'Palazzo della Ragione', 'AMO']",Palazzo della Ragione,strategy_nearest,True,0.0025899410247802734,success
047CC2429C4C80,3,"['Teatro Romano', 'Duomo', 'Santa Anastasia', 'Torre Lamberti']",San Zeno,"['Castelvecchio', 'Verona Tour', 'Museo Lapidario', 'Arena', 'Museo Miniscalchi']",Castelvecchio,strategy_nearest,True,0.0013120174407958984,success
047CC8429C4C80,1,"['Arena', 'Museo Lapidario', 'Castelvecchio']",Santa Anastasia,"['AMO', 'Museo Conte', 'Palazzo della Ragione', 'Teatro Romano', 'Centro Fotografia']",Casa Giulietta,strategy_nearest,False,0.003113985061645508,success
047CBE3A9C4C80,3,"['Arena', 'Castelvecchio', 'San Zeno']",Torre Lamberti,"['Sighseeing', 'Centro Fotografia', 'Museo Conte', 'Casa Giulietta', 'Palazzo della Ragione']",Santa Anastasia,strategy_nearest,False,0.00197601318359375,success
047CCD3A9C4C80,3,"['Arena', 'Castelvecchio']",Santa Anastasia,"['AMO', 'Museo Conte', 'Palazzo della Ragione', 'Teatro Romano', 'Centro Fotografia']",Duomo,strategy_nearest,False,0.0015010833740234375,success
047CC93A9C4C80,2,"['Castelvecchio', 'Casa Giulietta']",San Fermo,"['Museo Storia', 'Museo Radio', 'Centro Fotografia', 'Arena', 'Sighseeing']",Santa Anastasia,strategy_nearest,False,0.002125978469848633,success
047CD53A9C4C80,0,['Giardino Giusti'],Duomo,"['AMO', 'Museo Miniscalchi', 'Santa Anastasia', 'Teatro Romano', 'Palazzo della Ragione']",Casa Giulietta,strategy_nearest,False,0.002719879150390625,success
047CD93A9C4C80,1,['Arena'],Palazzo della Ragione,"['AMO', 'Museo Conte', 'Torre Lamberti', 'Centro Fotografia', 'Sighseeing']",Torre Lamberti,strategy_nearest,True,0.003292083740234375,success
047CF7429C4C80,1,"['Arena', 'Palazzo della Ragione']",Santa Anastasia,"['AMO', 'Museo Conte', 'Teatro Romano', 'Centro Fotografia', 'Duomo']",Duomo,strategy_nearest,True,0.0017390251159667969,success
047CED3A9C4C80,0,['Arena'],Tomba Giulietta,"['San Fermo', 'Museo Storia', 'Museo Lapidario', 'Museo Radio', 'Verona Tour']",Casa Giulietta,strategy_nearest,False,0.0031118392944335938,success
047D053A9C4C84,3,"['Arena', 'Casa Giulietta']",Torre Lamberti,"['Sighseeing', 'Centro Fotografia', 'Museo Conte', 'Palazzo della Ragione', 'AMO']",Santa Anastasia,strategy_nearest,False,0.002384185791015625,success
047D193A9C4C80,3,"['Arena', 'Casa Giulietta', 'San Fermo']",Teatro Romano,"['Santa Anastasia', 'Duomo', 'AMO', 'Palazzo della Ragione', 'Museo Conte']",Duomo,strategy_nearest,True,0.0024271011352539062,success
047D05429C4C84,3,"['Torre Lamberti', 'Santa Anastasia', 'Duomo']",Arena,"['Verona Tour', 'Museo Lapidario', 'Museo Radio', 'San Fermo', 'Casa Giulietta']",Casa Giulietta,strategy_nearest,True,0.0031251907348632812,success
047D28429C4C84,0,['Teatro Romano'],Arena,"['Verona Tour', 'Museo Lapidario', 'Museo Radio', 'San Fermo', 'Casa Giulietta']",Castelvecchio,strategy_nearest,False,0.002270936965942383,success
047D3B429C4C80,3,"['Arena', 'Torre Lamberti', 'San Fermo', 'Castelvecchio']",Tomba Giulietta,"['Museo Storia', 'Museo Lapidario', 'Museo Radio', 'Verona Tour', 'Casa Giulietta']",Casa Giulietta,strategy_nearest,True,0.0018122196197509766,success
047D3D3A9C4C80,1,"['Arena', 'Torre Lamberti', 'Palazzo della Ragione']",Santa Anastasia,"['AMO', 'Museo Conte', 'Teatro Romano', 'Centro Fotografia', 'Duomo']",Duomo,strategy_nearest,True,0.003156900405883789,success
047D374A9C4C80,3,"['San Zeno', 'Castelvecchio']",Arena,"['Verona Tour', 'Museo Lapidario', 'Museo Radio', 'San Fermo', 'Casa Giulietta']",Casa Giulietta,strategy_nearest,True,0.0026390552520751953,success
047D413A9C4C80,3,"['Arena', 'San Zeno', 'San Zeno']",Castelvecchio,"['Museo Lapidario', 'Verona Tour', 'Museo Radio', 'Sighseeing', 'Museo Miniscalchi']",Torre Lamberti,strategy_nearest,False,0.003034830093383789,success
047D43429C4C80,2,"['Teatro Romano', 'Duomo']",Torre Lamberti,"['Sighseeing', 'Centro Fotografia', 'Museo Conte', 'Casa Giulietta', 'Palazzo della Ragione']",Casa Giulietta,strategy_nearest,True,0.002070903778076172,success
047D48429C4C80,0,['Arena'],Torre Lamberti,"['Sighseeing', 'Centro Fotografia', 'Museo Conte', 'Casa Giulietta', 'Palazzo della Ragione']",Casa Giulietta,strategy_nearest,True,0.002859830856323242,success
047D533A9C4C80,3,"['Teatro Romano', 'Santa Anastasia']",Duomo,"['AMO', 'Museo Miniscalchi', 'Palazzo della Ragione', 'Museo Conte', 'Torre Lamberti']",Arena,strategy_nearest,False,0.002791881561279297,success
047D54429C4C80,0,['Arena'],Casa Giulietta,"['Centro Fotografia', 'Sighseeing', 'Torre Lamberti', 'Museo Conte', 'Museo Radio']",Castelvecchio,strategy_nearest,False,0.0031130313873291016,success
047D6D429C4C80,0,['Casa Giulietta'],Tomba Giulietta,"['San Fermo', 'Museo Storia', 'Arena', 'Museo Lapidario', 'Museo Radio']",Arena,strategy_nearest,True,0.0021190643310546875,success
047D5D429C4C80,0,['Arena'],Casa Giulietta,"['Centro Fotografia', 'Sighseeing', 'Torre Lamberti', 'Museo Conte', 'Museo Radio']",Santa Anastasia,strategy_nearest,False,0.003481149673461914,success
047D71429C4C80,1,"['Arena', 'Casa Giulietta']",Torre Lamberti,"['Sighseeing', 'Centro Fotografia', 'Museo Conte', 'Palazzo della Ragione', 'AMO']",Palazzo della Ragione,strategy_nearest,True,0.0026938915252685547,success
047D793A9C4C80,1,"['Casa Giulietta', 'Arena', 'Duomo']",Santa Anastasia,"['AMO', 'Museo Conte', 'Palazzo della Ragione', 'Teatro Romano', 'Centro Fotografia']",Torre Lamberti,strategy_nearest,False,0.003239154815673828,success
047D7B4A9C4C80,0,['Torre Lamberti'],Duomo,"['AMO', 'Museo Miniscalchi', 'Santa Anastasia', 'Teatro Romano', 'Palazzo della Ragione']",Castelvecchio,strategy_nearest,False,0.0012390613555908203,success
047D7C4A9C4C80,3,['Santa Anastasia'],Duomo,"['AMO', 'Museo Miniscalchi', 'Teatro Romano', 'Palazzo della Ragione', 'Museo Conte']",Arena,strategy_nearest,False,0.0019199848175048828,success
047D83429C4C80,0,['Arena'],Torre Lamberti,"['Sighseeing', 'Centro Fotografia', 'Museo Conte', 'Casa Giulietta', 'Palazzo della Ragione']",Casa Giulietta,strategy_nearest,True,0.002315044403076172,success
047D7D4A9C4C80,0,['Arena'],Torre Lamberti,"['Sighseeing', 'Centro Fotografia', 'Museo Conte', 'Casa Giulietta', 'Palazzo della Ragione']",Tomba Giulietta,strategy_nearest,False,0.003306150436401367,success
047D853A9C4C80,3,"['Teatro Romano', 'Castelvecchio']",Duomo,"['AMO', 'Museo Miniscalchi', 'Santa Anastasia', 'Palazzo della Ragione', 'Museo Conte']",Santa Anastasia,strategy_nearest,True,0.0025243759155273438,success
047D8D3A9C4C80,0,['Arena'],Castelvecchio,"['Museo Lapidario', 'Verona Tour', 'Museo Radio', 'San Zeno', 'Sighseeing']",Torre Lamberti,strategy_nearest,False,0.0018780231475830078,success
047D8A4A9C4C80,3,"['Arena', 'Casa Giulietta', 'Torre Lamberti']",Teatro Romano,"['Santa Anastasia', 'Duomo', 'AMO', 'Palazzo della Ragione', 'Museo Conte']",Duomo,strategy_nearest,True,0.0025339126586914062,success
047D93429C4C80,0,['Castelvecchio'],Casa Giulietta,"['Centro Fotografia', 'Sighseeing', 'Torre Lamberti', 'Museo Conte', 'Museo Radio']",Santa Anastasia,strategy_nearest,False,0.0032150745391845703,success
047D9ABA7B3F80,0,['Arena'],Casa Giulietta,"['Centro Fotografia', 'Sighseeing', 'Torre Lamberti', 'Museo Conte', 'Museo Radio']",Santa Anastasia,strategy_nearest,False,0.0023970603942871094,success
047D9BBA7B3F80,0,['Arena'],Casa Giulietta,"['Centro Fotografia', 'Sighseeing', 'Torre Lamberti', 'Museo Conte', 'Museo Radio']",Santa Anastasia,strategy_nearest,False,0.0025489330291748047,success
047DA0BA7B3F80,0,['Arena'],Casa Giulietta,"['Centro Fotografia', 'Sighseeing', 'Torre Lamberti', 'Museo Conte', 'Museo Radio']",Santa Anastasia,strategy_nearest,False,0.002552032470703125,success
047DA1BA7B3F80,0,['Arena'],Casa Giulietta,"['Centro Fotografia', 'Sighseeing', 'Torre Lamberti', 'Museo Conte', 'Museo Radio']",Santa Anastasia,strategy_nearest,False,0.0022428035736083984,success
047DA8BA7B3F80,0,['Arena'],Casa Giulietta,"['Centro Fotografia', 'Sighseeing', 'Torre Lamberti', 'Museo Conte', 'Museo Radio']",Santa Anastasia,strategy_nearest,False,0.0026726722717285156,success
047DA7BA7B3F80,0,['Arena'],Casa Giulietta,"['Centro Fotografia', 'Sighseeing', 'Torre Lamberti', 'Museo Conte', 'Museo Radio']",Santa Anastasia,strategy_nearest,False,0.0026297569274902344,success
047DAC429C4C80,3,['Arena'],Casa Giulietta,"['Centro Fotografia', 'Sighseeing', 'Torre Lamberti', 'Museo Conte', 'Museo Radio']",Santa Anastasia,strategy_nearest,False,0.002649068832397461,success
047DADBA7B3F80,0,['Arena'],Casa Giulietta,"['Centro Fotografia', 'Sighseeing', 'Torre Lamberti', 'Museo Conte', 'Museo Radio']",Santa Anastasia,strategy_nearest,False,0.0028710365295410156,success
047DAEBA7B3F80,0,['Arena'],Casa Giulietta,"['Centro Fotografia', 'Sighseeing', 'Torre Lamberti', 'Museo Conte', 'Museo Radio']",Santa Anastasia,strategy_nearest,False,0.0016400814056396484,success
047DB6429C4C80,3,"['Arena', 'Tomba Giulietta', 'San Fermo']",Casa Giulietta,"['Centro Fotografia', 'Sighseeing', 'Torre Lamberti', 'Museo Conte', 'Museo Radio']",Santa Anastasia,strategy_nearest,False,0.0024557113647460938,success
047DB7429C4C80,3,"['Arena', 'Casa Giulietta']",Torre Lamberti,"['Sighseeing', 'Centro Fotografia', 'Museo Conte', 'Palazzo della Ragione', 'AMO']",Duomo,strategy_nearest,False,0.002178668975830078,success
047DB03A9C4C80,1,['Arena'],Torre Lamberti,"['Sighseeing', 'Centro Fotografia', 'Museo Conte', 'Casa Giulietta', 'Palazzo della Ragione']",Palazzo della Ragione,strategy_nearest,True,0.0017790794372558594,success
047DB9429C4C80,0,['Arena'],San Fermo,"['Museo Storia', 'Museo Radio', 'Casa Giulietta', 'Centro Fotografia', 'Sighseeing']",Casa Giulietta,strategy_nearest,True,0.0017337799072265625,success
047DBE429C4C80,0,['Arena'],Casa Giulietta,"['Centro Fotografia', 'Sighseeing', 'Torre Lamberti', 'Museo Conte', 'Museo Radio']",Santa Anastasia,strategy_nearest,False,0.0024039745330810547,success
047DCD3A9C4C80,1,"['Arena', 'Casa Giulietta']",Santa Anastasia,"['AMO', 'Museo Conte', 'Palazzo della Ragione', 'Teatro Romano', 'Centro Fotografia']",Duomo,strategy_nearest,False,0.002871990203857422,success
047DCE3A9C4C80,3,"['Arena', 'Casa Giulietta']",San Fermo,"['Museo Storia', 'Museo Radio', 'Centro Fotografia', 'Sighseeing', 'Torre Lamberti']",Santa Anastasia,strategy_nearest,False,0.002227306365966797,success
047DCF429C4C80,3,"['Arena', 'Casa Giulietta', 'San Fermo']",Santa Anastasia,"['AMO', 'Museo Conte', 'Palazzo della Ragione', 'Teatro Romano', 'Centro Fotografia']",Castelvecchio,strategy_nearest,False,0.0031061172485351562,success
047DE53A9C4C80,3,"['Arena', 'Torre Lamberti']",Casa Giulietta,"['Centro Fotografia', 'Sighseeing', 'Museo Conte', 'Museo Radio', 'Palazzo della Ragione']",San Fermo,strategy_nearest,False,0.0027098655700683594,success
047DD33A9C4C80,3,"['Tomba Giulietta', 'Casa Giulietta', 'Arena']",Castelvecchio,"['Museo Lapidario', 'Verona Tour', 'Museo Radio', 'San Zeno', 'Sighseeing']",Torre Lamberti,strategy_nearest,False,0.0016090869903564453,success
047DDE3A9C4C80,3,"['Tomba Giulietta', 'Casa Giulietta', 'Arena']",Castelvecchio,"['Museo Lapidario', 'Verona Tour', 'Museo Radio', 'San Zeno', 'Sighseeing']",San Fermo,strategy_nearest,False,0.0023069381713867188,success
047DE9429C4C80,1,"['Casa Giulietta', 'Tomba Giulietta', 'Duomo', 'Teatro Romano']",Torre Lamberti,"['Sighseeing', 'Centro Fotografia', 'Museo Conte', 'Palazzo della Ragione', 'AMO']",Palazzo della Ragione,strategy_nearest,True,0.0034079551696777344,success
047DED3A9C4C80,0,"['Castelvecchio', 'Arena']",Duomo,"['AMO', 'Museo Miniscalchi', 'Santa Anastasia', 'Teatro Romano', 'Palazzo della Ragione']",Casa Giulietta,strategy_nearest,False,0.0025441646575927734,success
047DEB3A9C4C80,1,"['Arena', 'Santa Anastasia', 'Casa Giulietta']",San Zeno,"['Castelvecchio', 'Verona Tour', 'Museo Lapidario', 'Museo Miniscalchi', 'Sighseeing']",Castelvecchio,strategy_nearest,True,0.0019469261169433594,success
047DF1429C4C80,2,"['Casa Giulietta', 'Castelvecchio']",Museo Storia,"['San Fermo', 'Museo Radio', 'Centro Fotografia', 'Tomba Giulietta', 'Arena']",Torre Lamberti,strategy_nearest,False,0.0027060508728027344,success
047E60429C4C80,0,['Arena'],Tomba Giulietta,"['San Fermo', 'Museo Storia', 'Museo Lapidario', 'Museo Radio', 'Verona Tour']",Casa Giulietta,strategy_nearest,False,0.0017709732055664062,success
047DF23A9C4C80,3,"['Arena', 'Castelvecchio']",Torre Lamberti,"['Sighseeing', 'Centro Fotografia', 'Museo Conte', 'Casa Giulietta', 'Palazzo della Ragione']",Duomo,strategy_nearest,False,0.0028078556060791016,success
047E1E4A9C4C80,3,"['Castelvecchio', 'Arena']",San Fermo,"['Museo Storia', 'Museo Radio', 'Casa Giulietta', 'Centro Fotografia', 'Sighseeing']",Casa Giulietta,strategy_nearest,True,0.0031599998474121094,success
047E853A9C4C80,3,"['Castelvecchio', 'Arena', 'Tomba Giulietta']",Torre Lamberti,"['Sighseeing', 'Centro Fotografia', 'Museo Conte', 'Casa Giulietta', 'Palazzo della Ragione']",Duomo,strategy_nearest,False,0.002238035202026367,success
047EA64A9C4C80,3,"['Castelvecchio', 'Arena']",Casa Giulietta,"['Centro Fotografia', 'Sighseeing', 'Torre Lamberti', 'Museo Conte', 'Museo Radio']",Santa Anastasia,strategy_nearest,False,0.002542734146118164,success
047EC83A9C4C80,0,['Castelvecchio'],Arena,"['Verona Tour', 'Museo Lapidario', 'Museo Radio', 'San Fermo', 'Casa Giulietta']",Duomo,strategy_nearest,False,0.0018138885498046875,success
047F00C27B3F84,0,['San Zeno'],Castelvecchio,"['Museo Lapidario', 'Verona Tour', 'Arena', 'Museo Radio', 'Sighseeing']",Arena,strategy_nearest,True,0.002290964126586914,success
047F01429C4C84,2,"['San Zeno', 'Castelvecchio', 'Santa Anastasia']",Teatro Romano,"['Duomo', 'AMO', 'Palazzo della Ragione', 'Museo Conte', 'Centro Fotografia']",Palazzo della Ragione,strategy_nearest,True,0.002838134765625,success
047F053A9C4C84,3,"['Arena', 'Castelvecchio']",Casa Giulietta,"['Centro Fotografia', 'Sighseeing', 'Torre Lamberti', 'Museo Conte', 'Museo Radio']",Santa Anastasia,strategy_nearest,False,0.0016140937805175781,success
047F06C27B3F84,0,"['San Zeno', 'Casa Giulietta']",Arena,"['Verona Tour', 'Museo Lapidario', 'Museo Radio', 'San Fermo', 'Sighseeing']",Torre Lamberti,strategy_nearest,False,0.0025773048400878906,success
047F0B3A9C4C84,0,['Arena'],Casa Giulietta,"['Centro Fotografia', 'Sighseeing', 'Torre Lamberti', 'Museo Conte', 'Museo Radio']",Duomo,strategy_nearest,False,0.0027191638946533203,success
047F0EC27B3F84,0,['San Zeno'],Casa Giulietta,"['Centro Fotografia', 'Sighseeing', 'Torre Lamberti', 'Museo Conte', 'Museo Radio']",Arena,strategy_nearest,False,0.003326892852783203,success
047F11429C4C80,3,"['Arena', 'Casa Giulietta', 'San Fermo']",Tomba Giulietta,"['Museo Storia', 'Museo Lapidario', 'Museo Radio', 'Verona Tour', 'Castelvecchio']",Torre Lamberti,strategy_nearest,False,0.0021991729736328125,success
047F13429C4C84,3,"['Arena', 'Casa Giulietta']",Santa Anastasia,"['AMO', 'Museo Conte', 'Palazzo della Ragione', 'Teatro Romano', 'Centro Fotografia']",Teatro Romano,strategy_nearest,True,0.0023169517517089844,success
047F153A9C4C80,3,"['Castelvecchio', 'Torre Lamberti']",Casa Giulietta,"['Centro Fotografia', 'Sighseeing', 'Museo Conte', 'Museo Radio', 'Palazzo della Ragione']",Arena,strategy_nearest,False,0.0021398067474365234,success
047F13C27B3F84,2,"['Castelvecchio', 'Casa Giulietta']",Duomo,"['AMO', 'Museo Miniscalchi', 'Santa Anastasia', 'Teatro Romano', 'Palazzo della Ragione']",San Fermo,strategy_nearest,False,0.00304412841796875,success
047F173A9C4C84,1,['Arena'],Palazzo della Ragione,"['AMO', 'Museo Conte', 'Torre Lamberti', 'Centro Fotografia', 'Sighseeing']",Castelvecchio,strategy_nearest,False,0.0024178028106689453,success
047F15429C4C80,3,"['Arena', 'Santa Anastasia']",Duomo,"['AMO', 'Museo Miniscalchi', 'Teatro Romano', 'Palazzo della Ragione', 'Museo Conte']",Teatro Romano,strategy_nearest,True,0.0032198429107666016,success
047F1C429C4C80,1,"['Arena', 'Palazzo della Ragione', 'Casa Giulietta']",San Fermo,"['Museo Storia', 'Museo Radio', 'Centro Fotografia', 'Sighseeing', 'Torre Lamberti']",Giardino Giusti,strategy_nearest,False,0.0015621185302734375,success
047F1D3A9C4C80,0,['Arena'],Casa Giulietta,"['Centro Fotografia', 'Sighseeing', 'Torre Lamberti', 'Museo Conte', 'Museo Radio']",Tomba Giulietta,strategy_nearest,False,0.003129720687866211,success
047F194A9C4C80,4,"['Teatro Romano', 'Santa Anastasia', 'Casa Giulietta', 'Tomba Giulietta']",Museo Radio,"['San Fermo', 'Arena', 'Sighseeing', 'Torre Lamberti', 'Centro Fotografia']",Torre Lamberti,strategy_nearest,True,0.0021970272064208984,success
047F1C429C4C84,3,"['Duomo', 'Santa Anastasia']",Casa Giulietta,"['Centro Fotografia', 'Sighseeing', 'Torre Lamberti', 'Museo Conte', 'Museo Radio']",Arena,strategy_nearest,False,0.002705097198486328,success
047F213A9C4C84,3,['Arena'],Casa Giulietta,"['Centro Fotografia', 'Sighseeing', 'Torre Lamberti', 'Museo Conte', 'Museo Radio']",Santa Anastasia,strategy_nearest,False,0.0013759136199951172,success
047F1F429C4C84,3,"['Casa Giulietta', 'San Zeno']",Arena,"['Verona Tour', 'Museo Lapidario', 'Museo Radio', 'San Fermo', 'Sighseeing']",Tomba Giulietta,strategy_nearest,False,0.001950979232788086,success
047F233A9C4C80,0,['Arena'],Casa Giulietta,"['Centro Fotografia', 'Sighseeing', 'Torre Lamberti', 'Museo Conte', 'Museo Radio']",San Zeno,strategy_nearest,False,0.0024030208587646484,success
047F28429C4C80,2,"['Castelvecchio', 'Santa Anastasia']",Teatro Romano,"['Duomo', 'AMO', 'Palazzo della Ragione', 'Museo Conte', 'Centro Fotografia']",Palazzo della Ragione,strategy_nearest,True,0.0030908584594726562,success
047F2B3A9C4C80,3,"['Arena', 'Casa Giulietta', 'Santa Anastasia', 'Giardino Giusti']",Teatro Romano,"['Duomo', 'AMO', 'Palazzo della Ragione', 'Museo Conte', 'Centro Fotografia']",San Zeno,strategy_nearest,False,0.0015139579772949219,success
047F2F4A9C4C80,1,"['Arena', 'Casa Giulietta', 'Palazzo della Ragione']",Duomo,"['AMO', 'Museo Miniscalchi', 'Santa Anastasia', 'Teatro Romano', 'Museo Conte']",Teatro Romano,strategy_nearest,True,0.002065896987915039,success
047F324A9C4C80,1,"['Arena', 'Castelvecchio', 'Giardino Giusti']",Santa Anastasia,"['AMO', 'Museo Conte', 'Palazzo della Ragione', 'Teatro Romano', 'Centro Fotografia']",Duomo,strategy_nearest,False,0.002686023712158203,success
047F334A9C4C80,2,['Teatro Romano'],San Zeno,"['Castelvecchio', 'Verona Tour', 'Museo Lapidario', 'Arena', 'Museo Miniscalchi']",Castelvecchio,strategy_nearest,True,0.003258943557739258,success
047F343A9C4C80,0,['Arena'],Casa Giulietta,"['Centro Fotografia', 'Sighseeing', 'Torre Lamberti', 'Museo Conte', 'Museo Radio']",Torre Lamberti,strategy_nearest,True,0.002117156982421875,success
047F3B3A9C4C80,0,['Arena'],Casa Giulietta,"['Centro Fotografia', 'Sighseeing', 'Torre Lamberti', 'Museo Conte', 'Museo Radio']",Torre Lamberti,strategy_nearest,True,0.002485990524291992,success
047F45429C4C80,3,"['Castelvecchio', 'Museo Lapidario', 'Arena', 'Casa Giulietta']",Torre Lamberti,"['Sighseeing', 'Centro Fotografia', 'Museo Conte', 'Palazzo della Ragione', 'AMO']",Santa Anastasia,strategy_nearest,False,0.0020728111267089844,success
047F48429C4C80,1,['Arena'],Casa Giulietta,"['Centro Fotografia', 'Sighseeing', 'Torre Lamberti', 'Museo Conte', 'Museo Radio']",Palazzo della Ragione,strategy_nearest,False,0.0027768611907958984,success
047F49429C4C80,3,['Arena'],Torre Lamberti,"['Sighseeing', 'Centro Fotografia', 'Museo Conte', 'Casa Giulietta', 'Palazzo della Ragione']",Santa Anastasia,strategy_nearest,False,0.003117084503173828,success
047F4B429C4C80,0,['Arena'],Castelvecchio,"['Museo Lapidario', 'Verona Tour', 'Museo Radio', 'San Zeno', 'Sighseeing']",Casa Giulietta,strategy_nearest,False,0.003415822982788086,success
047F70429C4C80,1,"['Palazzo della Ragione', 'Torre Lamberti', 'Santa Anastasia']",Duomo,"['AMO', 'Museo Miniscalchi', 'Teatro Romano', 'Museo Conte', 'Centro Fotografia']",Casa Giulietta,strategy_nearest,False,0.0026030540466308594,success
047F6A429C4C80,0,['Casa Giulietta'],Museo Lapidario,"['Verona Tour', 'Arena', 'Castelvecchio', 'Museo Radio', 'San Fermo']",Santa Anastasia,strategy_nearest,False,0.0020380020141601562,success
047F723A9C4C80,0,"['Arena', 'Tomba Giulietta']",Casa Giulietta,"['Centro Fotografia', 'Sighseeing', 'Torre Lamberti', 'Museo Conte', 'Museo Radio']",Torre Lamberti,strategy_nearest,True,0.0029838085174560547,success
047F773A9C4C80,0,['Arena'],Casa Giulietta,"['Centro Fotografia', 'Sighseeing', 'Torre Lamberti', 'Museo Conte', 'Museo Radio']",Torre Lamberti,strategy_nearest,True,0.0018448829650878906,success
047F7A3A9C4C80,2,"['Casa Giulietta', 'Torre Lamberti']",Santa Anastasia,"['AMO', 'Museo Conte', 'Palazzo della Ragione', 'Teatro Romano', 'Centro Fotografia']",Duomo,strategy_nearest,False,0.002257823944091797,success
047F874A9C4C80,2,"['Santa Anastasia', 'Teatro Romano', 'Museo Lapidario']",Castelvecchio,"['Verona Tour', 'Arena', 'Museo Radio', 'San Zeno', 'Sighseeing']",Tomba Giulietta,strategy_nearest,False,0.0024912357330322266,success
047F89429C4C80,0,['Arena'],Torre Lamberti,"['Sighseeing', 'Centro Fotografia', 'Museo Conte', 'Casa Giulietta', 'Palazzo della Ragione']",Castelvecchio,strategy_nearest,False,0.0023217201232910156,success
047F88429C4C80,3,['Arena'],Casa Giulietta,"['Centro Fotografia', 'Sighseeing', 'Torre Lamberti', 'Museo Conte', 'Museo Radio']",Santa Anastasia,strategy_nearest,False,0.0030646324157714844,success
047F8B4A9C4C80,1,"['Arena', 'Museo Lapidario', 'Castelvecchio', 'Torre Lamberti']",Palazzo della Ragione,"['AMO', 'Museo Conte', 'Centro Fotografia', 'Sighseeing', 'Santa Anastasia']",Casa Giulietta,strategy_nearest,False,0.0023419857025146484,success
047F8E429C4C80,0,['Arena'],Castelvecchio,"['Museo Lapidario', 'Verona Tour', 'Museo Radio', 'San Zeno', 'Sighseeing']",Casa Giulietta,strategy_nearest,False,0.002042055130004883,success
047FA64A9C4C80,0,"['Arena', 'Casa Giulietta']",Torre Lamberti,"['Sighseeing', 'Centro Fotografia', 'Museo Conte', 'Palazzo della Ragione', 'AMO']",Teatro Romano,strategy_nearest,False,0.0020990371704101562,success
047FA7429C4C80,1,"['Casa Giulietta', 'Santa Anastasia']",Duomo,"['AMO', 'Museo Miniscalchi', 'Teatro Romano', 'Palazzo della Ragione', 'Museo Conte']",Torre Lamberti,strategy_nearest,False,0.0029129981994628906,success
047F97429C4C80,3,"['Arena', 'San Zeno']",Duomo,"['AMO', 'Museo Miniscalchi', 'Santa Anastasia', 'Teatro Romano', 'Palazzo della Ragione']",Santa Anastasia,strategy_nearest,True,0.0028650760650634766,success
047FA94A9C4C80,2,['Castelvecchio'],Santa Anastasia,"['AMO', 'Museo Conte', 'Palazzo della Ragione', 'Teatro Romano', 'Centro Fotografia']",Duomo,strategy_nearest,False,0.0021479129791259766,success
047FAA3A9C4C80,0,['Arena'],Castelvecchio,"['Museo Lapidario', 'Verona Tour', 'Museo Radio', 'San Zeno', 'Sighseeing']",Casa Giulietta,strategy_nearest,False,0.0025582313537597656,success
047FA74A9C4C80,1,"['Casa Giulietta', 'Palazzo della Ragione']",Torre Lamberti,"['Sighseeing', 'Centro Fotografia', 'Museo Conte', 'AMO', 'Museo Miniscalchi']",Santa Anastasia,strategy_nearest,False,0.0028159618377685547,success
047FAB429C4C80,3,['Arena'],Santa Anastasia,"['AMO', 'Museo Conte', 'Palazzo della Ragione', 'Teatro Romano', 'Centro Fotografia']",Duomo,strategy_nearest,False,0.0031290054321289062,success
047FAC429C4C80,0,['Arena'],Casa Giulietta,"['Centro Fotografia', 'Sighseeing', 'Torre Lamberti', 'Museo Conte', 'Museo Radio']",Torre Lamberti,strategy_nearest,True,0.0012981891632080078,success
047FAC3A9C4C80,0,['Arena'],Casa Giulietta,"['Centro Fotografia', 'Sighseeing', 'Torre Lamberti', 'Museo Conte', 'Museo Radio']",Santa Anastasia,strategy_nearest,False,0.0028541088104248047,success
047FAE3A9C4C80,3,"['Arena', 'Castelvecchio']",Casa Giulietta,"['Centro Fotografia', 'Sighseeing', 'Torre Lamberti', 'Museo Conte', 'Museo Radio']",Santa Anastasia,strategy_nearest,False,0.0020720958709716797,success
047FAF429C4C80,0,['Arena'],Casa Giulietta,"['Centro Fotografia', 'Sighseeing', 'Torre Lamberti', 'Museo Conte', 'Museo Radio']",Teatro Romano,strategy_nearest,False,0.002875804901123047,success
047FB03A9C4C80,3,['Teatro Romano'],Duomo,"['AMO', 'Museo Miniscalchi', 'Santa Anastasia', 'Palazzo della Ragione', 'Museo Conte']",Arena,strategy_nearest,False,0.0026102066040039062,success
047FB2429C4C80,3,"['Arena', 'Casa Giulietta', 'Torre Lamberti']",Santa Anastasia,"['AMO', 'Museo Conte', 'Palazzo della Ragione', 'Teatro Romano', 'Centro Fotografia']",Teatro Romano,strategy_nearest,True,0.0021202564239501953,success
047FB7429C4C80,0,['Arena'],Castelvecchio,"['Museo Lapidario', 'Verona Tour', 'Museo Radio', 'San Zeno', 'Sighseeing']",Casa Giulietta,strategy_nearest,False,0.002618074417114258,success
047FB8429C4C80,2,['Casa Giulietta'],Palazzo della Ragione,"['AMO', 'Museo Conte', 'Torre Lamberti', 'Centro Fotografia', 'Sighseeing']",Castelvecchio,strategy_nearest,False,0.003201007843017578,success
047FC23A9C4C80,3,"['Teatro Romano', 'Santa Anastasia']",Casa Giulietta,"['Centro Fotografia', 'Sighseeing', 'Torre Lamberti', 'Museo Conte', 'Museo Radio']",Casa Giulietta,strategy_nearest,False,0.002505064010620117,success
047FC93A9C4C80,0,['Arena'],Casa Giulietta,"['Centro Fotografia', 'Sighseeing', 'Torre Lamberti', 'Museo Conte', 'Museo Radio']",Torre Lamberti,strategy_nearest,True,0.0018568038940429688,success
047FC33A9C4C80,2,['Casa Giulietta'],Santa Anastasia,"['AMO', 'Museo Conte', 'Palazzo della Ragione', 'Teatro Romano', 'Centro Fotografia']",Teatro Romano,strategy_nearest,True,0.0033948421478271484,success
047FDA3A9C4C80,0,['Arena'],Torre Lamberti,"['Sighseeing', 'Centro Fotografia', 'Museo Conte', 'Casa Giulietta', 'Palazzo della Ragione']",Teatro Romano,strategy_nearest,False,0.0030868053436279297,success
047FDC3A9C4C80,3,"['Arena', 'Museo Lapidario', 'Castelvecchio']",Santa Anastasia,"['AMO', 'Museo Conte', 'Palazzo della Ragione', 'Teatro Romano', 'Centro Fotografia']",Duomo,strategy_nearest,False,0.0019969940185546875,success
047FF1429C4C80,1,"['Casa Giulietta', 'San Zeno', 'San Fermo', 'Santa Anastasia']",Duomo,"['AMO', 'Museo Miniscalchi', 'Teatro Romano', 'Palazzo della Ragione', 'Museo Conte']",Castelvecchio,strategy_nearest,False,0.0027441978454589844,success
047FED429C4C80,3,"['Arena', 'Torre Lamberti', 'Santa Anastasia']",Duomo,"['AMO', 'Museo Miniscalchi', 'Teatro Romano', 'Palazzo della Ragione', 'Museo Conte']",Teatro Romano,strategy_nearest,True,0.0013897418975830078,success
047FF93A9C4C80,3,['Arena'],Casa Giulietta,"['Centro Fotografia', 'Sighseeing', 'Torre Lamberti', 'Museo Conte', 'Museo Radio']",Santa Anastasia,strategy_nearest,False,0.0033621788024902344,success
047FFF3A9C4C80,0,['Arena'],Casa Giulietta,"['Centro Fotografia', 'Sighseeing', 'Torre Lamberti', 'Museo Conte', 'Museo Radio']",Castelvecchio,strategy_nearest,False,0.0018570423126220703,success
0480043A9C4C84,0,['Arena'],Castelvecchio,"['Museo Lapidario', 'Verona Tour', 'Museo Radio', 'San Zeno', 'Sighseeing']",Casa Giulietta,strategy_nearest,False,0.0019378662109375,success
0480143A9C4C80,0,"['Arena', 'Casa Giulietta']",Torre Lamberti,"['Sighseeing', 'Centro Fotografia', 'Museo Conte', 'Palazzo della Ragione', 'AMO']",Teatro Romano,strategy_nearest,False,0.002465963363647461,success
0480053A9C4C84,1,"['Arena', 'Teatro Romano']",Palazzo della Ragione,"['AMO', 'Museo Conte', 'Torre Lamberti', 'Centro Fotografia', 'Sighseeing']",Castelvecchio,strategy_nearest,False,0.0034818649291992188,success
0480143A9C4C84,0,['Arena'],Torre Lamberti,"['Sighseeing', 'Centro Fotografia', 'Museo Conte', 'Casa Giulietta', 'Palazzo della Ragione']",Casa Giulietta,strategy_nearest,True,0.002351045608520508,success
0480163A9C4C84,1,"['Arena', 'Torre Lamberti']",Palazzo della Ragione,"['AMO', 'Museo Conte', 'Centro Fotografia', 'Sighseeing', 'Santa Anastasia']",Teatro Romano,strategy_nearest,False,0.0016460418701171875,success
048028429C4C80,3,"['Castelvecchio', 'San Zeno']",Santa Anastasia,"['AMO', 'Museo Conte', 'Palazzo della Ragione', 'Teatro Romano', 'Centro Fotografia']",Teatro Romano,strategy_nearest,True,0.0021560192108154297,success
048019429C4C80,3,['Arena'],Santa Anastasia,"['AMO', 'Museo Conte', 'Palazzo della Ragione', 'Teatro Romano', 'Centro Fotografia']",Duomo,strategy_nearest,False,0.0017588138580322266,success
0480173A9C4C84,0,['Arena'],Torre Lamberti,"['Sighseeing', 'Centro Fotografia', 'Museo Conte', 'Casa Giulietta', 'Palazzo della Ragione']",Casa Giulietta,strategy_nearest,True,0.0033638477325439453,success
04802A3A9C4C80,0,['Arena'],Duomo,"['AMO', 'Museo Miniscalchi', 'Santa Anastasia', 'Teatro Romano', 'Palazzo della Ragione']",Torre Lamberti,strategy_nearest,False,0.0026149749755859375,success
048033429C4C80,3,"['Arena', 'Castelvecchio', 'Tomba Giulietta']",Duomo,"['AMO', 'Museo Miniscalchi', 'Santa Anastasia', 'Teatro Romano', 'Palazzo della Ragione']",Santa Anastasia,strategy_nearest,True,0.0021882057189941406,success
0480303A9C4C80,2,['Santa Anastasia'],Duomo,"['AMO', 'Museo Miniscalchi', 'Teatro Romano', 'Palazzo della Ragione', 'Museo Conte']",Teatro Romano,strategy_nearest,True,0.0028221607208251953,success
0480353A9C4C80,0,['Arena'],Torre Lamberti,"['Sighseeing', 'Centro Fotografia', 'Museo Conte', 'Casa Giulietta', 'Palazzo della Ragione']",Casa Giulietta,strategy_nearest,True,0.003072023391723633,success
048036429C4C80,0,"['Arena', 'Casa Giulietta']",Teatro Romano,"['Santa Anastasia', 'Duomo', 'AMO', 'Palazzo della Ragione', 'Museo Conte']",Duomo,strategy_nearest,True,0.0030050277709960938,success
048039429C4C80,3,"['Arena', 'Museo Lapidario', 'Castelvecchio']",Santa Anastasia,"['AMO', 'Museo Conte', 'Palazzo della Ragione', 'Teatro Romano', 'Centro Fotografia']",Duomo,strategy_nearest,False,0.0026290416717529297,success
048038429C4C80,3,"['Arena', 'Casa Giulietta', 'Torre Lamberti']",San Fermo,"['Museo Storia', 'Museo Radio', 'Centro Fotografia', 'Sighseeing', 'Museo Conte']",Duomo,strategy_nearest,False,0.002068042755126953,success
04804C429C4C80,1,"['Santa Anastasia', 'Duomo', 'Teatro Romano', 'Arena', 'San Zeno']",Museo Lapidario,"['Verona Tour', 'Castelvecchio', 'Museo Radio', 'San Fermo', 'Casa Giulietta']",Tomba Giulietta,strategy_nearest,False,0.0030961036682128906,success
04804D3A9C4C80,3,"['Duomo', 'Santa Anastasia', 'Torre Lamberti']",Castelvecchio,"['Museo Lapidario', 'Verona Tour', 'Arena', 'Museo Radio', 'San Zeno']",Arena,strategy_nearest,True,0.0023331642150878906,success
048053429C4C80,2,"['Castelvecchio', 'San Zeno']",Duomo,"['AMO', 'Museo Miniscalchi', 'Santa Anastasia', 'Teatro Romano', 'Palazzo della Ragione']",Casa Giulietta,strategy_nearest,False,0.002071857452392578,success
048057429C4C80,2,['Santa Anastasia'],Duomo,"['AMO', 'Museo Miniscalchi', 'Teatro Romano', 'Palazzo della Ragione', 'Museo Conte']",Castelvecchio,strategy_nearest,False,0.0029878616333007812,success
048052429C4C80,3,"['Casa Giulietta', 'Arena', 'Castelvecchio']",San Zeno,"['Verona Tour', 'Museo Lapidario', 'Museo Miniscalchi', 'Sighseeing', 'Museo Radio']",Torre Lamberti,strategy_nearest,False,0.0027627944946289062,success
048062429C4C80,0,['Arena'],Casa Giulietta,"['Centro Fotografia', 'Sighseeing', 'Torre Lamberti', 'Museo Conte', 'Museo Radio']",Castelvecchio,strategy_nearest,False,0.0019659996032714844,success
048064429C4C80,0,['Arena'],Casa Giulietta,"['Centro Fotografia', 'Sighseeing', 'Torre Lamberti', 'Museo Conte', 'Museo Radio']",Duomo,strategy_nearest,False,0.0024230480194091797,success
0480583A9C4C80,3,"['Castelvecchio', 'Arena']",Casa Giulietta,"['Centro Fotografia', 'Sighseeing', 'Torre Lamberti', 'Museo Conte', 'Museo Radio']",Torre Lamberti,strategy_nearest,True,0.002585172653198242,success
0480723A9C4C80,3,"['Arena', 'Castelvecchio']",Santa Anastasia,"['AMO', 'Museo Conte', 'Palazzo della Ragione', 'Teatro Romano', 'Centro Fotografia']",Casa Giulietta,strategy_nearest,False,0.0034999847412109375,success
048073429C4C80,2,"['Casa Giulietta', 'Palazzo della Ragione']",Torre Lamberti,"['Sighseeing', 'Centro Fotografia', 'Museo Conte', 'AMO', 'Museo Miniscalchi']",Santa Anastasia,strategy_nearest,False,0.0020809173583984375,success
0480773A9C4C80,3,['Arena'],Casa Giulietta,"['Centro Fotografia', 'Sighseeing', 'Torre Lamberti', 'Museo Conte', 'Museo Radio']",Santa Anastasia,strategy_nearest,False,0.0025718212127685547,success
04807B429C4C80,3,['Arena'],Santa Anastasia,"['AMO', 'Museo Conte', 'Palazzo della Ragione', 'Teatro Romano', 'Centro Fotografia']",Torre Lamberti,strategy_nearest,False,0.0032618045806884766,success
048081429C4C80,0,['Arena'],Santa Anastasia,"['AMO', 'Museo Conte', 'Palazzo della Ragione', 'Teatro Romano', 'Centro Fotografia']",Casa Giulietta,strategy_nearest,False,0.002370119094848633,success
0480833A9C4C80,3,"['Arena', 'San Fermo']",Casa Giulietta,"['Centro Fotografia', 'Sighseeing', 'Torre Lamberti', 'Museo Conte', 'Museo Radio']",Torre Lamberti,strategy_nearest,True,0.002348184585571289,success
0480834A9C4C80,0,['Arena'],Casa Giulietta,"['Centro Fotografia', 'Sighseeing', 'Torre Lamberti', 'Museo Conte', 'Museo Radio']",Santa Anastasia,strategy_nearest,False,0.003020763397216797,success
04808A3A9C4C80,0,['Arena'],Casa Giulietta,"['Centro Fotografia', 'Sighseeing', 'Torre Lamberti', 'Museo Conte', 'Museo Radio']",Torre Lamberti,strategy_nearest,True,0.0027751922607421875,success
0480853A9C4C80,1,['Arena'],Torre Lamberti,"['Sighseeing', 'Centro Fotografia', 'Museo Conte', 'Casa Giulietta', 'Palazzo della Ragione']",Palazzo della Ragione,strategy_nearest,True,0.0016720294952392578,success
04808C429C4C80,3,"['Arena', 'Castelvecchio']",Tomba Giulietta,"['San Fermo', 'Museo Storia', 'Museo Lapidario', 'Museo Radio', 'Verona Tour']",Duomo,strategy_nearest,False,0.0025632381439208984,success
04808E3A9C4C80,0,"['Arena', 'Castelvecchio']",Duomo,"['AMO', 'Museo Miniscalchi', 'Santa Anastasia', 'Teatro Romano', 'Palazzo della Ragione']",Casa Giulietta,strategy_nearest,False,0.0035152435302734375,success
048098429C4C80,0,['Arena'],Castelvecchio,"['Museo Lapidario', 'Verona Tour', 'Museo Radio', 'San Zeno', 'Sighseeing']",Torre Lamberti,strategy_nearest,False,0.0031728744506835938,success
0480A34A9C4C80,0,['Arena'],Casa Giulietta,"['Centro Fotografia', 'Sighseeing', 'Torre Lamberti', 'Museo Conte', 'Museo Radio']",Torre Lamberti,strategy_nearest,True,0.003348827362060547,success
04809A429C4C80,3,"['Arena', 'Casa Giulietta']",Santa Anastasia,"['AMO', 'Museo Conte', 'Palazzo della Ragione', 'Teatro Romano', 'Centro Fotografia']",Teatro Romano,strategy_nearest,True,0.002541065216064453,success
0480A772743380,2,['San Zeno'],Giardino Giusti,"['Santa Anastasia', 'Teatro Romano', 'Museo Conte', 'Centro Fotografia', 'Museo Storia']",San Fermo,strategy_nearest,False,0.0028753280639648438,success
0480B13A9C4C80,0,['Arena'],Castelvecchio,"['Museo Lapidario', 'Verona Tour', 'Museo Radio', 'San Zeno', 'Sighseeing']",San Zeno,strategy_nearest,True,0.002122163772583008,success
0480B1429C4C80,0,"['Arena', 'Castelvecchio']",San Zeno,"['Verona Tour', 'Museo Lapidario', 'Museo Miniscalchi', 'Sighseeing', 'Museo Radio']",Duomo,strategy_nearest,False,0.0028460025787353516,success
0480B2429C4C80,1,['Arena'],Casa Giulietta,"['Centro Fotografia', 'Sighseeing', 'Torre Lamberti', 'Museo Conte', 'Museo Radio']",Torre Lamberti,strategy_nearest,True,0.002615213394165039,success
0480C03A9C4C80,0,['Arena'],Casa Giulietta,"['Centro Fotografia', 'Sighseeing', 'Torre Lamberti', 'Museo Conte', 'Museo Radio']",Museo Lapidario,strategy_nearest,False,0.0017888545989990234,success
0480B53A9C4C80,3,['San Fermo'],Santa Anastasia,"['AMO', 'Museo Conte', 'Palazzo della Ragione', 'Teatro Romano', 'Centro Fotografia']",Duomo,strategy_nearest,False,0.0037848949432373047,success
0480C13A9C4C80,0,['Arena'],Casa Giulietta,"['Centro Fotografia', 'Sighseeing', 'Torre Lamberti', 'Museo Conte', 'Museo Radio']",Castelvecchio,strategy_nearest,False,0.0024728775024414062,success
0480C8429C4C80,2,"['Tomba Giulietta', 'Torre Lamberti', 'Palazzo della Ragione']",Santa Anastasia,"['AMO', 'Museo Conte', 'Teatro Romano', 'Centro Fotografia', 'Duomo']",San Fermo,strategy_nearest,False,0.0031652450561523438,success
0480C9429C4C80,3,['Arena'],Santa Anastasia,"['AMO', 'Museo Conte', 'Palazzo della Ragione', 'Teatro Romano', 'Centro Fotografia']",Duomo,strategy_nearest,False,0.0018019676208496094,success
0480CD3A9C4C80,3,['Arena'],Santa Anastasia,"['AMO', 'Museo Conte', 'Palazzo della Ragione', 'Teatro Romano', 'Centro Fotografia']",Duomo,strategy_nearest,False,0.0023937225341796875,success
0480CC3A9C4C80,3,"['Teatro Romano', 'Santa Anastasia', 'Duomo']",Casa Giulietta,"['Centro Fotografia', 'Sighseeing', 'Torre Lamberti', 'Museo Conte', 'Museo Radio']",Torre Lamberti,strategy_nearest,True,0.0031862258911132812,success
0480D83A9C4C80,2,"['Santa Anastasia', 'Duomo', 'Teatro Romano', 'Casa Giulietta']",Torre Lamberti,"['Sighseeing', 'Centro Fotografia', 'Museo Conte', 'Palazzo della Ragione', 'AMO']",San Zeno,strategy_nearest,False,0.00261688232421875,success
0480DA3A9C4C80,3,['Arena'],Santa Anastasia,"['AMO', 'Museo Conte', 'Palazzo della Ragione', 'Teatro Romano', 'Centro Fotografia']",Duomo,strategy_nearest,False,0.003278017044067383,success
0480E3429C4C80,3,"['Arena', 'Casa Giulietta', 'Santa Anastasia']",Teatro Romano,"['Duomo', 'AMO', 'Palazzo della Ragione', 'Museo Conte', 'Centro Fotografia']",San Fermo,strategy_nearest,False,0.0016260147094726562,success
0480F23A9C4C80,0,['Arena'],Torre Lamberti,"['Sighseeing', 'Centro Fotografia', 'Museo Conte', 'Casa Giulietta', 'Palazzo della Ragione']",Duomo,strategy_nearest,False,0.002319812774658203,success
0480F93A9C4C80,0,['Arena'],Casa Giulietta,"['Centro Fotografia', 'Sighseeing', 'Torre Lamberti', 'Museo Conte', 'Museo Radio']",Santa Anastasia,strategy_nearest,False,0.0025479793548583984,success
0481093A9C4C84,0,['Arena'],Casa Giulietta,"['Centro Fotografia', 'Sighseeing', 'Torre Lamberti', 'Museo Conte', 'Museo Radio']",Torre Lamberti,strategy_nearest,True,0.0017511844635009766,success
0481003A9C4C84,0,['Arena'],Casa Giulietta,"['Centro Fotografia', 'Sighseeing', 'Torre Lamberti', 'Museo Conte', 'Museo Radio']",Santa Anastasia,strategy_nearest,False,0.0026092529296875,success
04810A429C4C84,0,['Arena'],Torre Lamberti,"['Sighseeing', 'Centro Fotografia', 'Museo Conte', 'Casa Giulietta', 'Palazzo della Ragione']",Teatro Romano,strategy_nearest,False,0.0024290084838867188,success
04810C3A9C4C84,3,"['Arena', 'Torre Lamberti', 'Casa Giulietta']",Santa Anastasia,"['AMO', 'Museo Conte', 'Palazzo della Ragione', 'Teatro Romano', 'Centro Fotografia']",Duomo,strategy_nearest,False,0.002894163131713867,success
04810C429C4C84,0,['Arena'],Casa Giulietta,"['Centro Fotografia', 'Sighseeing', 'Torre Lamberti', 'Museo Conte', 'Museo Radio']",Torre Lamberti,strategy_nearest,True,0.0018239021301269531,success
048115429C4C80,0,['Arena'],Castelvecchio,"['Museo Lapidario', 'Verona Tour', 'Museo Radio', 'San Zeno', 'Sighseeing']",Torre Lamberti,strategy_nearest,False,0.0028069019317626953,success
04810E3A9C4C84,1,['Arena'],Palazzo della Ragione,"['AMO', 'Museo Conte', 'Torre Lamberti', 'Centro Fotografia', 'Sighseeing']",Torre Lamberti,strategy_nearest,True,0.002669095993041992,success
04810F3A9C4C84,5,"['Castelvecchio', 'Santa Anastasia']",Duomo,"['AMO', 'Museo Miniscalchi', 'Teatro Romano', 'Palazzo della Ragione', 'Museo Conte']",Museo Miniscalchi,strategy_nearest,True,0.0036118030548095703,success
0481223A9C4C84,2,"['Castelvecchio', 'San Zeno', 'Teatro Romano']",San Fermo,"['Museo Storia', 'Museo Radio', 'Casa Giulietta', 'Centro Fotografia', 'Arena']",Duomo,strategy_nearest,False,0.0024340152740478516,success
0481223A9C4C80,0,['Santa Anastasia'],Casa Giulietta,"['Centro Fotografia', 'Sighseeing', 'Torre Lamberti', 'Museo Conte', 'Museo Radio']",Arena,strategy_nearest,False,0.001840829849243164,success
048125429C4C84,2,['Castelvecchio'],Tomba Giulietta,"['San Fermo', 'Museo Storia', 'Arena', 'Museo Lapidario', 'Museo Radio']",Casa Giulietta,strategy_nearest,False,0.002843141555786133,success
0481273A9C4C84,0,['Arena'],Castelvecchio,"['Museo Lapidario', 'Verona Tour', 'Museo Radio', 'San Zeno', 'Sighseeing']",Casa Giulietta,strategy_nearest,False,0.0031409263610839844,success
04812C4A9C4C80,1,"['Arena', 'Casa Giulietta', 'Palazzo della Ragione']",Duomo,"['AMO', 'Museo Miniscalchi', 'Santa Anastasia', 'Teatro Romano', 'Museo Conte']",Teatro Romano,strategy_nearest,True,0.0018019676208496094,success
0481313A9C4C80,0,"['Arena', 'Casa Giulietta']",Torre Lamberti,"['Sighseeing', 'Centro Fotografia', 'Museo Conte', 'Palazzo della Ragione', 'AMO']",Teatro Romano,strategy_nearest,False,0.0029489994049072266,success
048128429C4C84,0,['Arena'],Casa Giulietta,"['Centro Fotografia', 'Sighseeing', 'Torre Lamberti', 'Museo Conte', 'Museo Radio']",Duomo,strategy_nearest,False,0.002531290054321289,success
048133429C4C80,3,"['Arena', 'Castelvecchio', 'Tomba Giulietta']",Duomo,"['AMO', 'Museo Miniscalchi', 'Santa Anastasia', 'Teatro Romano', 'Palazzo della Ragione']",Santa Anastasia,strategy_nearest,True,0.0034379959106445312,success
04813A4A9C4C80,1,"['Casa Giulietta', 'Torre Lamberti']",Palazzo della Ragione,"['AMO', 'Museo Conte', 'Centro Fotografia', 'Sighseeing', 'Santa Anastasia']",Arena,strategy_nearest,False,0.002248048782348633,success
04813E3A9C4C80,0,"['Casa Giulietta', 'Torre Lamberti']",Castelvecchio,"['Museo Lapidario', 'Verona Tour', 'Arena', 'Museo Radio', 'San Zeno']",San Zeno,strategy_nearest,True,0.0038132667541503906,success
0481364A9C4C80,0,"['Castelvecchio', 'Duomo']",Teatro Romano,"['Santa Anastasia', 'AMO', 'Palazzo della Ragione', 'Museo Conte', 'Centro Fotografia']",Arena,strategy_nearest,False,0.0033826828002929688,success
048147429C4C80,0,['Arena'],Casa Giulietta,"['Centro Fotografia', 'Sighseeing', 'Torre Lamberti', 'Museo Conte', 'Museo Radio']",Castelvecchio,strategy_nearest,False,0.004126071929931641,success
04814E429C4C80,3,"['Arena', 'Casa Giulietta']",Santa Anastasia,"['AMO', 'Museo Conte', 'Palazzo della Ragione', 'Teatro Romano', 'Centro Fotografia']",Duomo,strategy_nearest,False,0.002936840057373047,success
04814F429C4C80,0,['Arena'],Castelvecchio,"['Museo Lapidario', 'Verona Tour', 'Museo Radio', 'San Zeno', 'Sighseeing']",Casa Giulietta,strategy_nearest,False,0.002112150192260742,success
0481503A9C4C80,1,"['Arena', 'Santa Anastasia']",Duomo,"['AMO', 'Museo Miniscalchi', 'Teatro Romano', 'Palazzo della Ragione', 'Museo Conte']",Torre Lamberti,strategy_nearest,False,0.003183126449584961,success
048153429C4C80,0,['Arena'],Torre Lamberti,"['Sighseeing', 'Centro Fotografia', 'Museo Conte', 'Casa Giulietta', 'Palazzo della Ragione']",Casa Giulietta,strategy_nearest,True,0.003683805465698242,success
0481693A9C4C80,3,"['San Zeno', 'Castelvecchio']",Arena,"['Verona Tour', 'Museo Lapidario', 'Museo Radio', 'San Fermo', 'Casa Giulietta']",Duomo,strategy_nearest,False,0.0023260116577148438,success
0481673A9C4C80,3,"['San Fermo', 'Arena', 'Castelvecchio']",Casa Giulietta,"['Centro Fotografia', 'Sighseeing', 'Torre Lamberti', 'Museo Conte', 'Museo Radio']",Duomo,strategy_nearest,False,0.0037779808044433594,success
0481753A9C4C80,3,"['Castelvecchio', 'Torre Lamberti']",Santa Anastasia,"['AMO', 'Museo Conte', 'Palazzo della Ragione', 'Teatro Romano', 'Centro Fotografia']",Casa Giulietta,strategy_nearest,False,0.003216981887817383,success
0481763A9C4C80,0,"['Casa Giulietta', 'Arena']",Castelvecchio,"['Museo Lapidario', 'Verona Tour', 'Museo Radio', 'San Zeno', 'Sighseeing']",Torre Lamberti,strategy_nearest,False,0.003412008285522461,success
048177429C4C80,1,"['Arena', 'Castelvecchio', 'Palazzo della Ragione']",Torre Lamberti,"['Sighseeing', 'Centro Fotografia', 'Museo Conte', 'Casa Giulietta', 'AMO']",Casa Giulietta,strategy_nearest,True,0.0025272369384765625,success
0481873A9C4C80,2,['Castelvecchio'],Casa Giulietta,"['Centro Fotografia', 'Sighseeing', 'Torre Lamberti', 'Museo Conte', 'Museo Radio']",Torre Lamberti,strategy_nearest,True,0.002459287643432617,success
0481A14A9C4C80,3,"['Arena', 'San Fermo']",Casa Giulietta,"['Centro Fotografia', 'Sighseeing', 'Torre Lamberti', 'Museo Conte', 'Museo Radio']",Santa Anastasia,strategy_nearest,False,0.002537965774536133,success
0481893A9C4C80,1,['Arena'],Castelvecchio,"['Museo Lapidario', 'Verona Tour', 'Museo Radio', 'San Zeno', 'Sighseeing']",Santa Anastasia,strategy_nearest,False,0.0027158260345458984,success
04818A429C4C80,3,"['Arena', 'Tomba Giulietta']",Torre Lamberti,"['Sighseeing', 'Centro Fotografia', 'Museo Conte', 'Casa Giulietta', 'Palazzo della Ragione']",Santa Anastasia,strategy_nearest,False,0.002630949020385742,success
0481AE3A9C4C80,0,['Arena'],Torre Lamberti,"['Sighseeing', 'Centro Fotografia', 'Museo Conte', 'Casa Giulietta', 'Palazzo della Ragione']",Casa Giulietta,strategy_nearest,True,0.0019588470458984375,success
0481A44A9C4C80,3,"['Arena', 'Castelvecchio', 'Casa Giulietta']",San Fermo,"['Museo Storia', 'Museo Radio', 'Centro Fotografia', 'Sighseeing', 'Torre Lamberti']",Santa Anastasia,strategy_nearest,False,0.0033011436462402344,success
0481AA429C4C80,0,['Arena'],Castelvecchio,"['Museo Lapidario', 'Verona Tour', 'Museo Radio', 'San Zeno', 'Sighseeing']",Santa Anastasia,strategy_nearest,False,0.0034019947052001953,success
0481AE429C4C80,2,"['Castelvecchio', 'San Zeno']",Teatro Romano,"['Santa Anastasia', 'Duomo', 'AMO', 'Palazzo della Ragione', 'Museo Conte']",Duomo,strategy_nearest,True,0.002282857894897461,success
0481AF429C4C80,0,"['Arena', 'Castelvecchio']",San Fermo,"['Museo Storia', 'Museo Radio', 'Casa Giulietta', 'Centro Fotografia', 'Sighseeing']",Teatro Romano,strategy_nearest,False,0.0014400482177734375,success
0481B33A9C4C80,2,"['Casa Giulietta', 'Teatro Romano']",Tomba Giulietta,"['San Fermo', 'Museo Storia', 'Arena', 'Museo Lapidario', 'Museo Radio']",Torre Lamberti,strategy_nearest,False,0.002536296844482422,success
0481B3429C4C80,3,['Arena'],Casa Giulietta,"['Centro Fotografia', 'Sighseeing', 'Torre Lamberti', 'Museo Conte', 'Museo Radio']",Torre Lamberti,strategy_nearest,True,0.0031108856201171875,success
0481AF3A9C4C80,0,['Arena'],Casa Giulietta,"['Centro Fotografia', 'Sighseeing', 'Torre Lamberti', 'Museo Conte', 'Museo Radio']",Santa Anastasia,strategy_nearest,False,0.00205230712890625,success
0481C53A9C4C80,3,"['Arena', 'Museo Lapidario']",San Fermo,"['Museo Storia', 'Museo Radio', 'Casa Giulietta', 'Centro Fotografia', 'Sighseeing']",Casa Giulietta,strategy_nearest,True,0.0010869503021240234,success
0481C73A9C4C80,0,['Casa Giulietta'],Arena,"['Verona Tour', 'Museo Lapidario', 'Museo Radio', 'San Fermo', 'Sighseeing']",Castelvecchio,strategy_nearest,False,0.0026259422302246094,success
0481BF429C4C80,3,"['Castelvecchio', 'Duomo']",Teatro Romano,"['Santa Anastasia', 'AMO', 'Palazzo della Ragione', 'Museo Conte', 'Centro Fotografia']",Arena,strategy_nearest,False,0.00337982177734375,success
0481C7429C4C80,0,['Arena'],Casa Giulietta,"['Centro Fotografia', 'Sighseeing', 'Torre Lamberti', 'Museo Conte', 'Museo Radio']",Torre Lamberti,strategy_nearest,True,0.002017974853515625,success
0481CD3A9C4C80,0,['Arena'],Santa Anastasia,"['AMO', 'Museo Conte', 'Palazzo della Ragione', 'Teatro Romano', 'Centro Fotografia']",Casa Giulietta,strategy_nearest,False,0.0013170242309570312,success
0481CA429C4C80,0,['Arena'],Duomo,"['AMO', 'Museo Miniscalchi', 'Santa Anastasia', 'Teatro Romano', 'Palazzo della Ragione']",Castelvecchio,strategy_nearest,False,0.002268075942993164,success
0481D23A9C4C80,0,['Arena'],Casa Giulietta,"['Centro Fotografia', 'Sighseeing', 'Torre Lamberti', 'Museo Conte', 'Museo Radio']",Torre Lamberti,strategy_nearest,True,0.0027379989624023438,success
0481D73A9C4C80,1,"['Casa Giulietta', 'Casa Giulietta']",Torre Lamberti,"['Sighseeing', 'Centro Fotografia', 'Museo Conte', 'Palazzo della Ragione', 'AMO']",Palazzo della Ragione,strategy_nearest,True,0.003293752670288086,success
0481E6429C4C80,2,"['Castelvecchio', 'Tomba Giulietta', 'San Fermo', 'Casa Giulietta']",Torre Lamberti,"['Sighseeing', 'Centro Fotografia', 'Museo Conte', 'Palazzo della Ragione', 'AMO']",Palazzo della Ragione,strategy_nearest,True,0.0025370121002197266,success
0481EA429C4C80,1,"['Arena', 'Castelvecchio', 'Torre Lamberti', 'Palazzo della Ragione']",Santa Anastasia,"['AMO', 'Museo Conte', 'Teatro Romano', 'Centro Fotografia', 'Duomo']",Duomo,strategy_nearest,True,0.0019168853759765625,success
0481F13A9C4C80,0,"['Arena', 'Castelvecchio']",Teatro Romano,"['Santa Anastasia', 'Duomo', 'AMO', 'Palazzo della Ragione', 'Museo Conte']",Casa Giulietta,strategy_nearest,False,0.0026998519897460938,success
0481F5429C4C80,3,"['Santa Anastasia', 'Duomo', 'Teatro Romano']",Casa Giulietta,"['Centro Fotografia', 'Sighseeing', 'Torre Lamberti', 'Museo Conte', 'Museo Radio']",Arena,strategy_nearest,False,0.0031280517578125,success
0481FF3A9C4C80,0,['Arena'],Casa Giulietta,"['Centro Fotografia', 'Sighseeing', 'Torre Lamberti', 'Museo Conte', 'Museo Radio']",Palazzo della Ragione,strategy_nearest,False,0.002363920211791992,success
0482053A9C4C84,3,"['Arena', 'Casa Giulietta']",Torre Lamberti,"['Sighseeing', 'Centro Fotografia', 'Museo Conte', 'Palazzo della Ragione', 'AMO']",Santa Anastasia,strategy_nearest,False,0.002439260482788086,success
0482073A9C4C84,0,['Arena'],Castelvecchio,"['Museo Lapidario', 'Verona Tour', 'Museo Radio', 'San Zeno', 'Sighseeing']",Casa Giulietta,strategy_nearest,False,0.0024797916412353516,success
04820C3A9C4C84,1,"['San Zeno', 'Castelvecchio', 'Arena', 'Casa Giulietta']",Torre Lamberti,"['Sighseeing', 'Centro Fotografia', 'Museo Conte', 'Palazzo della Ragione', 'AMO']",Palazzo della Ragione,strategy_nearest,True,0.0018889904022216797,success
0482143A9C4C80,0,['Arena'],Castelvecchio,"['Museo Lapidario', 'Verona Tour', 'Museo Radio', 'San Zeno', 'Sighseeing']",Casa Giulietta,strategy_nearest,False,0.0032460689544677734,success
04820A429C4C84,3,"['Arena', 'Torre Lamberti']",Santa Anastasia,"['AMO', 'Museo Conte', 'Palazzo della Ragione', 'Teatro Romano', 'Centro Fotografia']",Casa Giulietta,strategy_nearest,False,0.002780914306640625,success
048216429C4C84,0,['Arena'],Casa Giulietta,"['Centro Fotografia', 'Sighseeing', 'Torre Lamberti', 'Museo Conte', 'Museo Radio']",Torre Lamberti,strategy_nearest,True,0.002438783645629883,success
0482193A9C4C84,0,['Torre Lamberti'],Casa Giulietta,"['Centro Fotografia', 'Sighseeing', 'Museo Conte', 'Museo Radio', 'Palazzo della Ragione']",Arena,strategy_nearest,False,0.002296924591064453,success
04821A429C4C84,0,['Arena'],Castelvecchio,"['Museo Lapidario', 'Verona Tour', 'Museo Radio', 'San Zeno', 'Sighseeing']",San Zeno,strategy_nearest,True,0.0027170181274414062,success
04821B3A9C4C80,3,"['Arena', 'Castelvecchio']",Casa Giulietta,"['Centro Fotografia', 'Sighseeing', 'Torre Lamberti', 'Museo Conte', 'Museo Radio']",Santa Anastasia,strategy_nearest,False,0.0036568641662597656,success
04821CC27B3F84,3,"['Arena', 'Casa Giulietta']",Santa Anastasia,"['AMO', 'Museo Conte', 'Palazzo della Ragione', 'Teatro Romano', 'Centro Fotografia']",Castelvecchio,strategy_nearest,False,0.0022161006927490234,success
048223429C4C80,2,"['Torre Lamberti', 'Duomo']",Santa Anastasia,"['AMO', 'Museo Conte', 'Palazzo della Ragione', 'Teatro Romano', 'Centro Fotografia']",Casa Giulietta,strategy_nearest,False,0.0019888877868652344,success
048228C27B3F84,3,"['Arena', 'Casa Giulietta']",Santa Anastasia,"['AMO', 'Museo Conte', 'Palazzo della Ragione', 'Teatro Romano', 'Centro Fotografia']",Castelvecchio,strategy_nearest,False,0.0012850761413574219,success
048221429C4C84,3,"['Arena', 'Tomba Giulietta', 'Santa Anastasia', 'Duomo']",Casa Giulietta,"['Centro Fotografia', 'Sighseeing', 'Torre Lamberti', 'Museo Conte', 'Museo Radio']",San Fermo,strategy_nearest,False,0.002635955810546875,success
04822C4A9C4C80,3,"['Duomo', 'Santa Anastasia', 'Torre Lamberti']",Casa Giulietta,"['Centro Fotografia', 'Sighseeing', 'Museo Conte', 'Museo Radio', 'Palazzo della Ragione']",Arena,strategy_nearest,False,0.0028400421142578125,success
048241429C4C80,2,['Casa Giulietta'],Santa Anastasia,"['AMO', 'Museo Conte', 'Palazzo della Ragione', 'Teatro Romano', 'Centro Fotografia']",Torre Lamberti,strategy_nearest,False,0.0025200843811035156,success
04822F429C4C80,3,"['Arena', 'Casa Giulietta']",Torre Lamberti,"['Sighseeing', 'Centro Fotografia', 'Museo Conte', 'Palazzo della Ragione', 'AMO']",Santa Anastasia,strategy_nearest,False,0.0019609928131103516,success
0482443A9C4C80,0,"['Arena', 'Museo Lapidario']",Castelvecchio,"['Verona Tour', 'Museo Radio', 'San Zeno', 'Sighseeing', 'Museo Miniscalchi']",Torre Lamberti,strategy_nearest,False,0.002496957778930664,success
048247429C4C80,1,"['Arena', 'Casa Giulietta']",Torre Lamberti,"['Sighseeing', 'Centro Fotografia', 'Museo Conte', 'Palazzo della Ragione', 'AMO']",Palazzo della Ragione,strategy_nearest,True,0.002955913543701172,success
04825E429C4C80,1,"['Arena', 'Santa Anastasia']",Palazzo della Ragione,"['AMO', 'Museo Conte', 'Torre Lamberti', 'Centro Fotografia', 'Sighseeing']",Torre Lamberti,strategy_nearest,True,0.0017819404602050781,success
04824D429C4C80,0,['Arena'],Castelvecchio,"['Museo Lapidario', 'Verona Tour', 'Museo Radio', 'San Zeno', 'Sighseeing']",Casa Giulietta,strategy_nearest,False,0.0027930736541748047,success
04825F429C4C80,3,"['Arena', 'Santa Anastasia']",Duomo,"['AMO', 'Museo Miniscalchi', 'Teatro Romano', 'Palazzo della Ragione', 'Museo Conte']",Torre Lamberti,strategy_nearest,False,0.002615690231323242,success
048260429C4C80,3,['Arena'],Casa Giulietta,"['Centro Fotografia', 'Sighseeing', 'Torre Lamberti', 'Museo Conte', 'Museo Radio']",Santa Anastasia,strategy_nearest,False,0.002897977828979492,success
04826F3A9C4C80,2,['Teatro Romano'],Duomo,"['AMO', 'Museo Miniscalchi', 'Santa Anastasia', 'Palazzo della Ragione', 'Museo Conte']",Castelvecchio,strategy_nearest,False,0.0021970272064208984,success
048263429C4C80,3,"['Arena', 'Casa Giulietta']",Santa Anastasia,"['AMO', 'Museo Conte', 'Palazzo della Ragione', 'Teatro Romano', 'Centro Fotografia']",Duomo,strategy_nearest,False,0.0015850067138671875,success
048272429C4C80,5,['Arena'],Museo Lapidario,"['Verona Tour', 'Castelvecchio', 'Museo Radio', 'San Fermo', 'Casa Giulietta']",Museo Miniscalchi,strategy_nearest,False,0.0026400089263916016,success
048273429C4C80,1,"['Arena', 'Casa Giulietta']",Palazzo della Ragione,"['AMO', 'Museo Conte', 'Torre Lamberti', 'Centro Fotografia', 'Sighseeing']",Torre Lamberti,strategy_nearest,True,0.0028710365295410156,success
048276429C4C80,2,"['Torre Lamberti', 'Casa Giulietta']",San Fermo,"['Museo Storia', 'Museo Radio', 'Centro Fotografia', 'Arena', 'Sighseeing']",Santa Anastasia,strategy_nearest,False,0.002064943313598633,success
0482743A9C4C80,3,"['Arena', 'Casa Giulietta', 'Torre Lamberti']",Santa Anastasia,"['AMO', 'Museo Conte', 'Palazzo della Ragione', 'Teatro Romano', 'Centro Fotografia']",Teatro Romano,strategy_nearest,True,0.002669095993041992,success
0482793A9C4C80,0,['Casa Giulietta'],Arena,"['Verona Tour', 'Museo Lapidario', 'Museo Radio', 'San Fermo', 'Sighseeing']",Tomba Giulietta,strategy_nearest,False,0.0025169849395751953,success
04827C3A9C4C80,3,"['Santa Anastasia', 'Torre Lamberti']",Casa Giulietta,"['Centro Fotografia', 'Sighseeing', 'Museo Conte', 'Museo Radio', 'Palazzo della Ragione']",Arena,strategy_nearest,False,0.0034089088439941406,success
0482813A9C4C80,1,['Arena'],Casa Giulietta,"['Centro Fotografia', 'Sighseeing', 'Torre Lamberti', 'Museo Conte', 'Museo Radio']",Torre Lamberti,strategy_nearest,True,0.0020389556884765625,success
0482854A9C4C80,1,"['Arena', 'Casa Giulietta']",Torre Lamberti,"['Sighseeing', 'Centro Fotografia', 'Museo Conte', 'Palazzo della Ragione', 'AMO']",Palazzo della Ragione,strategy_nearest,True,0.0019199848175048828,success
04828F3A9C4C80,0,['Arena'],Casa Giulietta,"['Centro Fotografia', 'Sighseeing', 'Torre Lamberti', 'Museo Conte', 'Museo Radio']",Teatro Romano,strategy_nearest,False,0.0028460025787353516,success
048291429C4C80,3,"['Arena', 'San Fermo', 'Casa Giulietta']",Santa Anastasia,"['AMO', 'Museo Conte', 'Palazzo della Ragione', 'Teatro Romano', 'Centro Fotografia']",San Zeno,strategy_nearest,False,0.0032150745391845703,success
04829A429C4C80,3,['Arena'],Castelvecchio,"['Museo Lapidario', 'Verona Tour', 'Museo Radio', 'San Zeno', 'Sighseeing']",Santa Anastasia,strategy_nearest,False,0.0031731128692626953,success
048298429C4C80,0,"['Arena', 'Castelvecchio']",Torre Lamberti,"['Sighseeing', 'Centro Fotografia', 'Museo Conte', 'Casa Giulietta', 'Palazzo della Ragione']",Casa Giulietta,strategy_nearest,True,0.0026369094848632812,success
04829E4A9C4C80,0,['Arena'],Castelvecchio,"['Museo Lapidario', 'Verona Tour', 'Museo Radio', 'San Zeno', 'Sighseeing']",Teatro Romano,strategy_nearest,False,0.003222942352294922,success
0482AC3A9C4C80,2,['Casa Giulietta'],Tomba Giulietta,"['San Fermo', 'Museo Storia', 'Arena', 'Museo Lapidario', 'Museo Radio']",Castelvecchio,strategy_nearest,False,0.0031490325927734375,success
0482B23A9C4C80,0,['Arena'],Casa Giulietta,"['Centro Fotografia', 'Sighseeing', 'Torre Lamberti', 'Museo Conte', 'Museo Radio']",Torre Lamberti,strategy_nearest,True,0.0019750595092773438,success
0482BE3A9C4C80,3,"['Arena', 'Museo Lapidario']",Castelvecchio,"['Verona Tour', 'Museo Radio', 'San Zeno', 'Sighseeing', 'Museo Miniscalchi']",Santa Anastasia,strategy_nearest,False,0.0027251243591308594,success
0482BF3A9C4C80,0,['Arena'],Casa Giulietta,"['Centro Fotografia', 'Sighseeing', 'Torre Lamberti', 'Museo Conte', 'Museo Radio']",Castelvecchio,strategy_nearest,False,0.002454042434692383,success
0482C8429C4C80,0,['Arena'],Torre Lamberti,"['Sighseeing', 'Centro Fotografia', 'Museo Conte', 'Casa Giulietta', 'Palazzo della Ragione']",Casa Giulietta,strategy_nearest,True,0.0023670196533203125,success
0482C0429C4C80,1,"['Arena', 'Museo Lapidario']",Santa Anastasia,"['AMO', 'Museo Conte', 'Palazzo della Ragione', 'Teatro Romano', 'Centro Fotografia']",Casa Giulietta,strategy_nearest,False,0.0032491683959960938,success
0482CA429C4C80,3,"['Arena', 'Casa Giulietta', 'Santa Anastasia']",Teatro Romano,"['Duomo', 'AMO', 'Palazzo della Ragione', 'Museo Conte', 'Centro Fotografia']",Duomo,strategy_nearest,True,0.0023779869079589844,success
0482CF3A9C4C80,0,"['Arena', 'Casa Giulietta']",Tomba Giulietta,"['San Fermo', 'Museo Storia', 'Museo Lapidario', 'Museo Radio', 'Verona Tour']",Castelvecchio,strategy_nearest,False,0.0018839836120605469,success
0482D23A9C4C80,2,['Casa Giulietta'],Torre Lamberti,"['Sighseeing', 'Centro Fotografia', 'Museo Conte', 'Palazzo della Ragione', 'AMO']",Santa Anastasia,strategy_nearest,False,0.002585172653198242,success
0482E43A9C4C80,0,['Arena'],Casa Giulietta,"['Centro Fotografia', 'Sighseeing', 'Torre Lamberti', 'Museo Conte', 'Museo Radio']",Duomo,strategy_nearest,False,0.002366781234741211,success
0482E73A9C4C80,2,['Torre Lamberti'],Duomo,"['AMO', 'Museo Miniscalchi', 'Santa Anastasia', 'Teatro Romano', 'Palazzo della Ragione']",Casa Giulietta,strategy_nearest,False,0.003013134002685547,success
0482F33A9C4C80,1,"['San Zeno', 'Casa Giulietta', 'Tomba Giulietta']",Arena,"['Verona Tour', 'Museo Lapidario', 'Museo Radio', 'San Fermo', 'Sighseeing']",Torre Lamberti,strategy_nearest,False,0.002496957778930664,success
0482EC429C4C80,2,"['Casa Giulietta', 'Santa Anastasia', 'Duomo']",San Zeno,"['Castelvecchio', 'Verona Tour', 'Museo Lapidario', 'Arena', 'Museo Miniscalchi']",Tomba Giulietta,strategy_nearest,False,0.0033240318298339844,success
0482E7C27B3F80,6,"['Castelvecchio', 'Verona Tour']",Arena,"['Museo Lapidario', 'Museo Radio', 'San Fermo', 'Casa Giulietta', 'Sighseeing']",Duomo,strategy_nearest,False,0.0028290748596191406,success
0482F3C27B3F80,6,"['Castelvecchio', 'Verona Tour']",Arena,"['Museo Lapidario', 'Museo Radio', 'San Fermo', 'Casa Giulietta', 'Sighseeing']",Duomo,strategy_nearest,False,0.0031299591064453125,success
0482F93A9C4C80,0,['Arena'],San Fermo,"['Museo Storia', 'Museo Radio', 'Casa Giulietta', 'Centro Fotografia', 'Sighseeing']",Torre Lamberti,strategy_nearest,False,0.0019621849060058594,success
04830E429C4C80,2,['Casa Giulietta'],Santa Anastasia,"['AMO', 'Museo Conte', 'Palazzo della Ragione', 'Teatro Romano', 'Centro Fotografia']",Duomo,strategy_nearest,False,0.002585172653198242,success
048310429C4C80,1,"['Arena', 'Torre Lamberti', 'Casa Giulietta']",Palazzo della Ragione,"['AMO', 'Museo Conte', 'Centro Fotografia', 'Sighseeing', 'Santa Anastasia']",Santa Anastasia,strategy_nearest,True,0.002994060516357422,success
0483173A9C4C84,1,['Arena'],Torre Lamberti,"['Sighseeing', 'Centro Fotografia', 'Museo Conte', 'Casa Giulietta', 'Palazzo della Ragione']",Palazzo della Ragione,strategy_nearest,True,0.00286102294921875,success
048316429C4C84,3,"['Arena', 'Casa Giulietta']",Torre Lamberti,"['Sighseeing', 'Centro Fotografia', 'Museo Conte', 'Palazzo della Ragione', 'AMO']",Santa Anastasia,strategy_nearest,False,0.0019152164459228516,success
048311429C4C84,0,['Arena'],Castelvecchio,"['Museo Lapidario', 'Verona Tour', 'Museo Radio', 'San Zeno', 'Sighseeing']",Museo Storia,strategy_nearest,False,0.003438711166381836,success
048317429C4C80,0,['Arena'],Duomo,"['AMO', 'Museo Miniscalchi', 'Santa Anastasia', 'Teatro Romano', 'Palazzo della Ragione']",Castelvecchio,strategy_nearest,False,0.0031480789184570312,success
0483193A9C4C84,3,"['Arena', 'Castelvecchio']",Casa Giulietta,"['Centro Fotografia', 'Sighseeing', 'Torre Lamberti', 'Museo Conte', 'Museo Radio']",Santa Anastasia,strategy_nearest,False,0.002212047576904297,success
0483203A9C4C80,3,"['Arena', 'Casa Giulietta']",Torre Lamberti,"['Sighseeing', 'Centro Fotografia', 'Museo Conte', 'Palazzo della Ragione', 'AMO']",Santa Anastasia,strategy_nearest,False,0.0021512508392333984,success
0483253A9C4C80,0,"['Arena', 'Tomba Giulietta']",Museo Storia,"['San Fermo', 'Museo Radio', 'Casa Giulietta', 'Centro Fotografia', 'Torre Lamberti']",San Fermo,strategy_nearest,True,0.003092050552368164,success
04831A3A9C4C80,0,['Arena'],Casa Giulietta,"['Centro Fotografia', 'Sighseeing', 'Torre Lamberti', 'Museo Conte', 'Museo Radio']",Castelvecchio,strategy_nearest,False,0.0027608871459960938,success
048326429C4C84,1,"['Teatro Romano', 'Duomo', 'Santa Anastasia', 'Palazzo della Ragione']",Torre Lamberti,"['Sighseeing', 'Centro Fotografia', 'Museo Conte', 'Casa Giulietta', 'AMO']",San Zeno,strategy_nearest,False,0.002427816390991211,success
048327429C4C84,3,['Arena'],Santa Anastasia,"['AMO', 'Museo Conte', 'Palazzo della Ragione', 'Teatro Romano', 'Centro Fotografia']",Duomo,strategy_nearest,False,0.0013041496276855469,success
0483263A9C4C80,0,['Arena'],Museo Lapidario,"['Verona Tour', 'Castelvecchio', 'Museo Radio', 'San Fermo', 'Casa Giulietta']",Castelvecchio,strategy_nearest,True,0.001986980438232422,success
048329429C4C80,2,['San Fermo'],San Zeno,"['Castelvecchio', 'Verona Tour', 'Museo Lapidario', 'Arena', 'Museo Miniscalchi']",Castelvecchio,strategy_nearest,True,0.003072023391723633,success
0483353A9C4C80,3,"['Duomo', 'Teatro Romano', 'Santa Anastasia']",Casa Giulietta,"['Centro Fotografia', 'Sighseeing', 'Torre Lamberti', 'Museo Conte', 'Museo Radio']",Torre Lamberti,strategy_nearest,True,0.001363992691040039,success
0483313A9C4C80,2,"['Castelvecchio', 'San Zeno']",Torre Lamberti,"['Sighseeing', 'Centro Fotografia', 'Museo Conte', 'Casa Giulietta', 'Palazzo della Ragione']",Casa Giulietta,strategy_nearest,True,0.0026311874389648438,success
04833A3A9C4C80,0,['Casa Giulietta'],Arena,"['Verona Tour', 'Museo Lapidario', 'Museo Radio', 'San Fermo', 'Sighseeing']",Tomba Giulietta,strategy_nearest,False,0.0019309520721435547,success
048344429C4C80,3,"['Arena', 'Casa Giulietta', 'Santa Anastasia']",Duomo,"['AMO', 'Museo Miniscalchi', 'Teatro Romano', 'Palazzo della Ragione', 'Museo Conte']",San Fermo,strategy_nearest,False,0.0029859542846679688,success
0483563A9C4C80,3,"['Castelvecchio', 'Arena']",San Fermo,"['Museo Storia', 'Museo Radio', 'Casa Giulietta', 'Centro Fotografia', 'Sighseeing']",Torre Lamberti,strategy_nearest,False,0.0018298625946044922,success
04835D429C4C80,3,['Arena'],Castelvecchio,"['Museo Lapidario', 'Verona Tour', 'Museo Radio', 'San Zeno', 'Sighseeing']",Santa Anastasia,strategy_nearest,False,0.002485036849975586,success
0483653A9C4C80,3,"['Torre Lamberti', 'Duomo']",Teatro Romano,"['Santa Anastasia', 'AMO', 'Palazzo della Ragione', 'Museo Conte', 'Centro Fotografia']",Arena,strategy_nearest,False,0.0025751590728759766,success
04836C429C4C80,3,"['Arena', 'Santa Anastasia']",Duomo,"['AMO', 'Museo Miniscalchi', 'Teatro Romano', 'Palazzo della Ragione', 'Museo Conte']",Tomba Giulietta,strategy_nearest,False,0.0031158924102783203,success
0483723A9C4C80,3,"['Teatro Romano', 'Arena', 'Casa Giulietta']",Torre Lamberti,"['Sighseeing', 'Centro Fotografia', 'Museo Conte', 'Palazzo della Ragione', 'AMO']",Santa Anastasia,strategy_nearest,False,0.0024368762969970703,success
0483743A9C4C80,0,"['Tomba Giulietta', 'Castelvecchio', 'San Zeno']",Arena,"['Verona Tour', 'Museo Lapidario', 'Museo Radio', 'San Fermo', 'Casa Giulietta']",Torre Lamberti,strategy_nearest,False,0.0031280517578125,success
0483803A9C4C80,3,"['Arena', 'San Zeno']",Castelvecchio,"['Museo Lapidario', 'Verona Tour', 'Museo Radio', 'Sighseeing', 'Museo Miniscalchi']",Torre Lamberti,strategy_nearest,False,0.002273082733154297,success
0483853A9C4C80,2,['Castelvecchio'],Santa Anastasia,"['AMO', 'Museo Conte', 'Palazzo della Ragione', 'Teatro Romano', 'Centro Fotografia']",Torre Lamberti,strategy_nearest,False,0.0025069713592529297,success
04838E429C4C80,1,"['Teatro Romano', 'Duomo']",Castelvecchio,"['Museo Lapidario', 'Verona Tour', 'Arena', 'Museo Radio', 'San Zeno']",Arena,strategy_nearest,True,0.0023360252380371094,success
04838F4A9C4C80,0,"['Arena', 'Castelvecchio']",Duomo,"['AMO', 'Museo Miniscalchi', 'Santa Anastasia', 'Teatro Romano', 'Palazzo della Ragione']",Casa Giulietta,strategy_nearest,False,0.0021250247955322266,success
048392429C4C80,0,['Arena'],Casa Giulietta,"['Centro Fotografia', 'Sighseeing', 'Torre Lamberti', 'Museo Conte', 'Museo Radio']",San Zeno,strategy_nearest,False,0.0025310516357421875,success
04839D4A9C4C80,3,['Santa Anastasia'],San Fermo,"['Museo Storia', 'Museo Radio', 'Casa Giulietta', 'Centro Fotografia', 'Arena']",Arena,strategy_nearest,True,0.0026178359985351562,success
0483A64A9C4C80,3,"['Arena', 'Castelvecchio', 'Casa Giulietta']",San Fermo,"['Museo Storia', 'Museo Radio', 'Centro Fotografia', 'Sighseeing', 'Torre Lamberti']",Santa Anastasia,strategy_nearest,False,0.0020759105682373047,success
0483BD3A9C4C80,3,['Arena'],Santa Anastasia,"['AMO', 'Museo Conte', 'Palazzo della Ragione', 'Teatro Romano', 'Centro Fotografia']",Duomo,strategy_nearest,False,0.0019383430480957031,success
0483AC429C4C80,4,"['Arena', 'Castelvecchio']",Torre Lamberti,"['Sighseeing', 'Centro Fotografia', 'Museo Conte', 'Casa Giulietta', 'Palazzo della Ragione']",Museo Radio,strategy_nearest,False,0.002413034439086914,success
0483C03A9C4C80,0,['Arena'],Castelvecchio,"['Museo Lapidario', 'Verona Tour', 'Museo Radio', 'San Zeno', 'Sighseeing']",Torre Lamberti,strategy_nearest,False,0.0026178359985351562,success
0483C9429C4C80,3,"['Teatro Romano', 'Duomo', 'Santa Anastasia', 'Torre Lamberti']",Casa Giulietta,"['Centro Fotografia', 'Sighseeing', 'Museo Conte', 'Museo Radio', 'Palazzo della Ragione']",Giardino Giusti,strategy_nearest,False,0.0017399787902832031,success
0483C63A9C4C80,1,['Arena'],Casa Giulietta,"['Centro Fotografia', 'Sighseeing', 'Torre Lamberti', 'Museo Conte', 'Museo Radio']",Palazzo della Ragione,strategy_nearest,False,0.0029141902923583984,success
0483C8429C4C80,3,"['San Fermo', 'Castelvecchio']",Arena,"['Verona Tour', 'Museo Lapidario', 'Museo Radio', 'Casa Giulietta', 'Sighseeing']",Santa Anastasia,strategy_nearest,False,0.0032851696014404297,success
0483CA429C4C80,2,"['Casa Giulietta', 'Torre Lamberti']",Teatro Romano,"['Santa Anastasia', 'Duomo', 'AMO', 'Palazzo della Ragione', 'Museo Conte']",Duomo,strategy_nearest,True,0.002277851104736328,success
0483D0429C4C80,3,"['Arena', 'Casa Giulietta']",Castelvecchio,"['Museo Lapidario', 'Verona Tour', 'Museo Radio', 'San Zeno', 'Sighseeing']",San Zeno,strategy_nearest,True,0.002421140670776367,success
0483D1429C4C80,3,"['Arena', 'Castelvecchio', 'Casa Giulietta']",Santa Anastasia,"['AMO', 'Museo Conte', 'Palazzo della Ragione', 'Teatro Romano', 'Centro Fotografia']",Duomo,strategy_nearest,False,0.0016849040985107422,success
0483D33A9C4C80,3,"['Arena', 'Tomba Giulietta', 'San Fermo']",Casa Giulietta,"['Centro Fotografia', 'Sighseeing', 'Torre Lamberti', 'Museo Conte', 'Museo Radio']",Museo Lapidario,strategy_nearest,False,0.0021178722381591797,success
0483D53A9C4C80,2,['Palazzo della Ragione'],Torre Lamberti,"['Sighseeing', 'Centro Fotografia', 'Museo Conte', 'Casa Giulietta', 'AMO']",Casa Giulietta,strategy_nearest,True,0.001634836196899414,success
0483E53A9C4C80,0,"['Teatro Romano', 'Duomo']",Casa Giulietta,"['Centro Fotografia', 'Sighseeing', 'Torre Lamberti', 'Museo Conte', 'Museo Radio']",Arena,strategy_nearest,False,0.0017960071563720703,success
0483E1429C4C80,2,"['Torre Lamberti', 'Palazzo della Ragione']",Casa Giulietta,"['Centro Fotografia', 'Sighseeing', 'Museo Conte', 'Museo Radio', 'San Fermo']",Santa Anastasia,strategy_nearest,False,0.003467082977294922,success
0483E6429C4C80,3,"['Arena', 'Castelvecchio', 'Teatro Romano']",Duomo,"['AMO', 'Museo Miniscalchi', 'Santa Anastasia', 'Palazzo della Ragione', 'Museo Conte']",Santa Anastasia,strategy_nearest,True,0.0025942325592041016,success
0483F33A9C4C80,2,"['Teatro Romano', 'Santa Anastasia']",Torre Lamberti,"['Sighseeing', 'Centro Fotografia', 'Museo Conte', 'Casa Giulietta', 'Palazzo della Ragione']",Palazzo della Ragione,strategy_nearest,True,0.0017249584197998047,success
0483ED3A9C4C80,3,['Arena'],Casa Giulietta,"['Centro Fotografia', 'Sighseeing', 'Torre Lamberti', 'Museo Conte', 'Museo Radio']",Torre Lamberti,strategy_nearest,True,0.0030951499938964844,success
0483EB429C4C80,6,"['Castelvecchio', 'Verona Tour']",Palazzo della Ragione,"['AMO', 'Museo Conte', 'Torre Lamberti', 'Centro Fotografia', 'Sighseeing']",Torre Lamberti,strategy_nearest,True,0.002971172332763672,success
0484003A9C4C84,3,"['Arena', 'Santa Anastasia']",Duomo,"['AMO', 'Museo Miniscalchi', 'Teatro Romano', 'Palazzo della Ragione', 'Museo Conte']",Torre Lamberti,strategy_nearest,False,0.0025238990783691406,success
0484043A9C4C84,0,['Arena'],Casa Giulietta,"['Centro Fotografia', 'Sighseeing', 'Torre Lamberti', 'Museo Conte', 'Museo Radio']",Tomba Giulietta,strategy_nearest,False,0.0017828941345214844,success
04840AC27B3F84,2,['Casa Giulietta'],Santa Anastasia,"['AMO', 'Museo Conte', 'Palazzo della Ragione', 'Teatro Romano', 'Centro Fotografia']",Duomo,strategy_nearest,False,0.002346038818359375,success
0484093A9C4C84,1,"['Arena', 'Museo Lapidario', 'Casa Giulietta', 'Torre Lamberti']",Palazzo della Ragione,"['AMO', 'Museo Conte', 'Centro Fotografia', 'Sighseeing', 'Santa Anastasia']",Santa Anastasia,strategy_nearest,True,0.003404855728149414,success
048416429C4C80,3,"['Arena', 'Torre Lamberti', 'Casa Giulietta']",Santa Anastasia,"['AMO', 'Museo Conte', 'Palazzo della Ragione', 'Teatro Romano', 'Centro Fotografia']",Duomo,strategy_nearest,False,0.0018820762634277344,success
04840E3A9C4C84,0,"['Arena', 'Castelvecchio']",Torre Lamberti,"['Sighseeing', 'Centro Fotografia', 'Museo Conte', 'Casa Giulietta', 'Palazzo della Ragione']",Duomo,strategy_nearest,False,0.0026149749755859375,success
0484133A9C4C80,3,['Arena'],Santa Anastasia,"['AMO', 'Museo Conte', 'Palazzo della Ragione', 'Teatro Romano', 'Centro Fotografia']",Duomo,strategy_nearest,False,0.003117799758911133,success
048417429C4C84,3,"['Casa Giulietta', 'Santa Anastasia']",Teatro Romano,"['Duomo', 'AMO', 'Palazzo della Ragione', 'Museo Conte', 'Centro Fotografia']",Arena,strategy_nearest,False,0.0030591487884521484,success
0484223A9C4C80,2,"['Torre Lamberti', 'Santa Anastasia', 'Duomo', 'Casa Giulietta']",Castelvecchio,"['Museo Lapidario', 'Verona Tour', 'Arena', 'Museo Radio', 'San Zeno']",San Zeno,strategy_nearest,True,0.0021839141845703125,success
048429429C4C84,0,['Arena'],Casa Giulietta,"['Centro Fotografia', 'Sighseeing', 'Torre Lamberti', 'Museo Conte', 'Museo Radio']",Torre Lamberti,strategy_nearest,True,0.0032892227172851562,success
04842C429C4C80,0,['Arena'],Casa Giulietta,"['Centro Fotografia', 'Sighseeing', 'Torre Lamberti', 'Museo Conte', 'Museo Radio']",San Zeno,strategy_nearest,False,0.0020160675048828125,success
048433429C4C80,3,"['Arena', 'Casa Giulietta']",Santa Anastasia,"['AMO', 'Museo Conte', 'Palazzo della Ragione', 'Teatro Romano', 'Centro Fotografia']",Duomo,strategy_nearest,False,0.002180814743041992,success
0484373A9C4C80,3,"['Arena', 'Museo Lapidario']",Castelvecchio,"['Verona Tour', 'Museo Radio', 'San Zeno', 'Sighseeing', 'Museo Miniscalchi']",Casa Giulietta,strategy_nearest,False,0.0019309520721435547,success
0484354A9C4C80,2,['Casa Giulietta'],Duomo,"['AMO', 'Museo Miniscalchi', 'Santa Anastasia', 'Teatro Romano', 'Palazzo della Ragione']",San Zeno,strategy_nearest,False,0.0014400482177734375,success
04843A429C4C80,0,"['Teatro Romano', 'Casa Giulietta']",Arena,"['Verona Tour', 'Museo Lapidario', 'Museo Radio', 'San Fermo', 'Sighseeing']",Tomba Giulietta,strategy_nearest,False,0.00249481201171875,success
04843B429C4C80,0,"['San Zeno', 'Castelvecchio', 'Casa Giulietta']",Torre Lamberti,"['Sighseeing', 'Centro Fotografia', 'Museo Conte', 'Palazzo della Ragione', 'AMO']",Tomba Giulietta,strategy_nearest,False,0.0032219886779785156,success
0484463A9C4C80,3,"['Arena', 'San Fermo']",Casa Giulietta,"['Centro Fotografia', 'Sighseeing', 'Torre Lamberti', 'Museo Conte', 'Museo Radio']",Torre Lamberti,strategy_nearest,True,0.002178192138671875,success
04844C429C4C80,3,"['Arena', 'Casa Giulietta']",Torre Lamberti,"['Sighseeing', 'Centro Fotografia', 'Museo Conte', 'Palazzo della Ragione', 'AMO']",San Fermo,strategy_nearest,False,0.0027201175689697266,success
048461429C4C80,3,"['Arena', 'Casa Giulietta']",Santa Anastasia,"['AMO', 'Museo Conte', 'Palazzo della Ragione', 'Teatro Romano', 'Centro Fotografia']",Duomo,strategy_nearest,False,0.0027129650115966797,success
0484643A9C4C80,2,"['Casa Giulietta', 'San Fermo']",Castelvecchio,"['Museo Lapidario', 'Verona Tour', 'Arena', 'Museo Radio', 'San Zeno']",Duomo,strategy_nearest,False,0.0031719207763671875,success
04846F3A9C4C80,0,['San Fermo'],Torre Lamberti,"['Sighseeing', 'Centro Fotografia', 'Museo Conte', 'Casa Giulietta', 'Palazzo della Ragione']",Arena,strategy_nearest,False,0.0019829273223876953,success
04846C429C4C80,1,['Arena'],Torre Lamberti,"['Sighseeing', 'Centro Fotografia', 'Museo Conte', 'Casa Giulietta', 'Palazzo della Ragione']",Palazzo della Ragione,strategy_nearest,True,0.002638101577758789,success
0484713A9C4C80,3,['Arena'],Casa Giulietta,"['Centro Fotografia', 'Sighseeing', 'Torre Lamberti', 'Museo Conte', 'Museo Radio']",Torre Lamberti,strategy_nearest,True,0.002990245819091797,success
04846F429C4C80,3,['Santa Anastasia'],Torre Lamberti,"['Sighseeing', 'Centro Fotografia', 'Museo Conte', 'Casa Giulietta', 'Palazzo della Ragione']",Giardino Giusti,strategy_nearest,False,0.0026619434356689453,success
0484723A9C4C80,0,['Arena'],Torre Lamberti,"['Sighseeing', 'Centro Fotografia', 'Museo Conte', 'Casa Giulietta', 'Palazzo della Ragione']",Teatro Romano,strategy_nearest,False,0.0018379688262939453,success
04847B4A9C4C80,2,['Santa Anastasia'],Duomo,"['AMO', 'Museo Miniscalchi', 'Teatro Romano', 'Palazzo della Ragione', 'Museo Conte']",Teatro Romano,strategy_nearest,True,0.0019059181213378906,success
04847D4A9C4C80,0,['Arena'],Casa Giulietta,"['Centro Fotografia', 'Sighseeing', 'Torre Lamberti', 'Museo Conte', 'Museo Radio']",Duomo,strategy_nearest,False,0.0027229785919189453,success
048489429C4C80,0,['Arena'],Casa Giulietta,"['Centro Fotografia', 'Sighseeing', 'Torre Lamberti', 'Museo Conte', 'Museo Radio']",Tomba Giulietta,strategy_nearest,False,0.002843141555786133,success
04848C4A9C4C80,0,['Arena'],Casa Giulietta,"['Centro Fotografia', 'Sighseeing', 'Torre Lamberti', 'Museo Conte', 'Museo Radio']",Santa Anastasia,strategy_nearest,False,0.0023040771484375,success
04848E3A9C4C80,3,['Arena'],Santa Anastasia,"['AMO', 'Museo Conte', 'Palazzo della Ragione', 'Teatro Romano', 'Centro Fotografia']",Duomo,strategy_nearest,False,0.0018308162689208984,success
048490429C4C80,3,"['Arena', 'Casa Giulietta', 'Santa Anastasia']",Duomo,"['AMO', 'Museo Miniscalchi', 'Teatro Romano', 'Palazzo della Ragione', 'Museo Conte']",Teatro Romano,strategy_nearest,True,0.002445697784423828,success
04848E429C4C80,0,"['Castelvecchio', 'Arena']",Casa Giulietta,"['Centro Fotografia', 'Sighseeing', 'Torre Lamberti', 'Museo Conte', 'Museo Radio']",Tomba Giulietta,strategy_nearest,False,0.002125978469848633,success
04848F429C4C80,1,"['Torre Lamberti', 'Palazzo della Ragione', 'Santa Anastasia']",Duomo,"['AMO', 'Museo Miniscalchi', 'Teatro Romano', 'Museo Conte', 'Centro Fotografia']",Castelvecchio,strategy_nearest,False,0.003341197967529297,success
048494429C4C80,3,"['Arena', 'San Zeno']",Duomo,"['AMO', 'Museo Miniscalchi', 'Santa Anastasia', 'Teatro Romano', 'Palazzo della Ragione']",Santa Anastasia,strategy_nearest,True,0.003300905227661133,success
0484A04A9C4C80,3,['Arena'],Santa Anastasia,"['AMO', 'Museo Conte', 'Palazzo della Ragione', 'Teatro Romano', 'Centro Fotografia']",Duomo,strategy_nearest,False,0.0011990070343017578,success
0484A6429C4C80,1,"['Casa Giulietta', 'Museo Storia', 'San Fermo']",Palazzo della Ragione,"['AMO', 'Museo Conte', 'Torre Lamberti', 'Centro Fotografia', 'Sighseeing']",Duomo,strategy_nearest,False,0.0026967525482177734,success
0484A8429C4C80,0,['Arena'],Museo Lapidario,"['Verona Tour', 'Castelvecchio', 'Museo Radio', 'San Fermo', 'Casa Giulietta']",Castelvecchio,strategy_nearest,True,0.0030670166015625,success
0484AB3A9C4C80,2,['Casa Giulietta'],Santa Anastasia,"['AMO', 'Museo Conte', 'Palazzo della Ragione', 'Teatro Romano', 'Centro Fotografia']",Castelvecchio,strategy_nearest,False,0.0018050670623779297,success
0484A9429C4C80,0,['Arena'],Torre Lamberti,"['Sighseeing', 'Centro Fotografia', 'Museo Conte', 'Casa Giulietta', 'Palazzo della Ragione']",Casa Giulietta,strategy_nearest,True,0.002576112747192383,success
0484AA429C4C80,0,['Castelvecchio'],Arena,"['Verona Tour', 'Museo Lapidario', 'Museo Radio', 'San Fermo', 'Casa Giulietta']",Casa Giulietta,strategy_nearest,True,0.0025742053985595703,success
0484AC429C4C80,0,['Arena'],Casa Giulietta,"['Centro Fotografia', 'Sighseeing', 'Torre Lamberti', 'Museo Conte', 'Museo Radio']",Torre Lamberti,strategy_nearest,True,0.0036051273345947266,success
0484B13A9C4C80,3,['Arena'],Santa Anastasia,"['AMO', 'Museo Conte', 'Palazzo della Ragione', 'Teatro Romano', 'Centro Fotografia']",Duomo,strategy_nearest,False,0.002576112747192383,success
0484B23A9C4C80,0,['Arena'],Casa Giulietta,"['Centro Fotografia', 'Sighseeing', 'Torre Lamberti', 'Museo Conte', 'Museo Radio']",Tomba Giulietta,strategy_nearest,False,0.0025560855865478516,success
0484BA3A9C4C80,3,['Arena'],Torre Lamberti,"['Sighseeing', 'Centro Fotografia', 'Museo Conte', 'Casa Giulietta', 'Palazzo della Ragione']",Santa Anastasia,strategy_nearest,False,0.003100872039794922,success
0484BC429C4C80,1,"['Arena', 'Casa Giulietta', 'Torre Lamberti']",Palazzo della Ragione,"['AMO', 'Museo Conte', 'Centro Fotografia', 'Sighseeing', 'Santa Anastasia']",Santa Anastasia,strategy_nearest,True,0.0021109580993652344,success
0484BB3A9C4C80,3,"['Arena', 'Casa Giulietta']",Torre Lamberti,"['Sighseeing', 'Centro Fotografia', 'Museo Conte', 'Palazzo della Ragione', 'AMO']",Santa Anastasia,strategy_nearest,False,0.0021970272064208984,success
0484CE429C4C80,1,"['Arena', 'Palazzo della Ragione', 'Torre Lamberti', 'Casa Giulietta', 'San Fermo']",Castelvecchio,"['Museo Lapidario', 'Verona Tour', 'Museo Radio', 'San Zeno', 'Sighseeing']",Tomba Giulietta,strategy_nearest,False,0.0025670528411865234,success
0484C1429C4C80,1,"['Arena', 'Castelvecchio']",Casa Giulietta,"['Centro Fotografia', 'Sighseeing', 'Torre Lamberti', 'Museo Conte', 'Museo Radio']",Torre Lamberti,strategy_nearest,True,0.0034720897674560547,success
0484D03A9C4C80,0,['Arena'],Torre Lamberti,"['Sighseeing', 'Centro Fotografia', 'Museo Conte', 'Casa Giulietta', 'Palazzo della Ragione']",Teatro Romano,strategy_nearest,False,0.002180814743041992,success
0484D4C27B3F80,3,"['Arena', 'San Zeno']",Duomo,"['AMO', 'Museo Miniscalchi', 'Santa Anastasia', 'Teatro Romano', 'Palazzo della Ragione']",Santa Anastasia,strategy_nearest,True,0.0027039051055908203,success
0484D5C27B3F80,3,"['Arena', 'San Zeno']",Duomo,"['AMO', 'Museo Miniscalchi', 'Santa Anastasia', 'Teatro Romano', 'Palazzo della Ragione']",Santa Anastasia,strategy_nearest,True,0.0026540756225585938,success
0484DBC27B3F80,2,['Casa Giulietta'],Santa Anastasia,"['AMO', 'Museo Conte', 'Palazzo della Ragione', 'Teatro Romano', 'Centro Fotografia']",Duomo,strategy_nearest,False,0.0032219886779785156,success
0484E9429C4C80,3,"['Casa Giulietta', 'Arena', 'Castelvecchio']",San Zeno,"['Verona Tour', 'Museo Lapidario', 'Museo Miniscalchi', 'Sighseeing', 'Museo Radio']",Giardino Giusti,strategy_nearest,False,0.0015799999237060547,success
0484DF3A9C4C80,0,['Arena'],Casa Giulietta,"['Centro Fotografia', 'Sighseeing', 'Torre Lamberti', 'Museo Conte', 'Museo Radio']",Santa Anastasia,strategy_nearest,False,0.002839803695678711,success
0484EB3A9C4C80,3,"['Teatro Romano', 'Duomo']",Santa Anastasia,"['AMO', 'Museo Conte', 'Palazzo della Ragione', 'Centro Fotografia', 'Torre Lamberti']",Arena,strategy_nearest,False,0.002796173095703125,success
0484F33A9C4C80,2,"['Casa Giulietta', 'Torre Lamberti']",Santa Anastasia,"['AMO', 'Museo Conte', 'Palazzo della Ragione', 'Teatro Romano', 'Centro Fotografia']",Duomo,strategy_nearest,False,0.003437042236328125,success
0484F63A9C4C80,0,['Arena'],Casa Giulietta,"['Centro Fotografia', 'Sighseeing', 'Torre Lamberti', 'Museo Conte', 'Museo Radio']",Torre Lamberti,strategy_nearest,True,0.0027129650115966797,success
0484F9429C4C80,1,"['Torre Lamberti', 'Palazzo della Ragione', 'Arena']",Castelvecchio,"['Museo Lapidario', 'Verona Tour', 'Museo Radio', 'San Zeno', 'Sighseeing']",San Zeno,strategy_nearest,True,0.003108978271484375,success
0484FE429C4C80,3,"['Teatro Romano', 'Duomo', 'Santa Anastasia']",Arena,"['Verona Tour', 'Museo Lapidario', 'Museo Radio', 'San Fermo', 'Casa Giulietta']",Castelvecchio,strategy_nearest,False,0.0019001960754394531,success
04850D4A9C4C80,3,"['Arena', 'Casa Giulietta', 'Torre Lamberti']",San Zeno,"['Castelvecchio', 'Verona Tour', 'Museo Lapidario', 'Museo Miniscalchi', 'Sighseeing']",Castelvecchio,strategy_nearest,True,0.002126932144165039,success
0485093A9C4C84,0,"['Arena', 'Casa Giulietta']",Castelvecchio,"['Museo Lapidario', 'Verona Tour', 'Museo Radio', 'San Zeno', 'Sighseeing']",San Zeno,strategy_nearest,True,0.0025408267974853516,success
0485183A9C4C80,0,['Arena'],Casa Giulietta,"['Centro Fotografia', 'Sighseeing', 'Torre Lamberti', 'Museo Conte', 'Museo Radio']",Tomba Giulietta,strategy_nearest,False,0.0021631717681884766,success
04851B429C4C84,3,"['Arena', 'Duomo']",Santa Anastasia,"['AMO', 'Museo Conte', 'Palazzo della Ragione', 'Teatro Romano', 'Centro Fotografia']",Casa Giulietta,strategy_nearest,False,0.0020699501037597656,success
04851B3A9C4C80,1,"['Castelvecchio', 'Arena', 'Tomba Giulietta']",San Fermo,"['Museo Storia', 'Museo Radio', 'Casa Giulietta', 'Centro Fotografia', 'Sighseeing']",Casa Giulietta,strategy_nearest,True,0.0033578872680664062,success
048523429C4C84,0,['Arena'],Castelvecchio,"['Museo Lapidario', 'Verona Tour', 'Museo Radio', 'San Zeno', 'Sighseeing']",Duomo,strategy_nearest,False,0.0031311511993408203,success
04851D429C4C84,1,"['Arena', 'Casa Giulietta', 'Santa Anastasia']",San Zeno,"['Castelvecchio', 'Verona Tour', 'Museo Lapidario', 'Museo Miniscalchi', 'Sighseeing']",Duomo,strategy_nearest,False,0.0032689571380615234,success
0485253A9C4C80,0,"['Torre Lamberti', 'Casa Giulietta']",Arena,"['Verona Tour', 'Museo Lapidario', 'Museo Radio', 'San Fermo', 'Sighseeing']",Castelvecchio,strategy_nearest,False,0.0023190975189208984,success
0485253A9C4C84,0,"['Arena', 'Tomba Giulietta']",Castelvecchio,"['Museo Lapidario', 'Verona Tour', 'Museo Radio', 'San Zeno', 'Sighseeing']",Torre Lamberti,strategy_nearest,False,0.0029702186584472656,success
048528429C4C84,3,"['Teatro Romano', 'Arena', 'Castelvecchio']",Casa Giulietta,"['Centro Fotografia', 'Sighseeing', 'Torre Lamberti', 'Museo Conte', 'Museo Radio']",Santa Anastasia,strategy_nearest,False,0.0023658275604248047,success
04852E429C4C80,3,['Arena'],Casa Giulietta,"['Centro Fotografia', 'Sighseeing', 'Torre Lamberti', 'Museo Conte', 'Museo Radio']",Torre Lamberti,strategy_nearest,True,0.002805948257446289,success
0485363A9C4C80,1,"['Arena', 'Castelvecchio']",Casa Giulietta,"['Centro Fotografia', 'Sighseeing', 'Torre Lamberti', 'Museo Conte', 'Museo Radio']",Torre Lamberti,strategy_nearest,True,0.0032210350036621094,success
048536429C4C80,0,['Arena'],Castelvecchio,"['Museo Lapidario', 'Verona Tour', 'Museo Radio', 'San Zeno', 'Sighseeing']",Casa Giulietta,strategy_nearest,False,0.0024940967559814453,success
0485373A9C4C80,2,"['Casa Giulietta', 'Torre Lamberti']",Santa Anastasia,"['AMO', 'Museo Conte', 'Palazzo della Ragione', 'Teatro Romano', 'Centro Fotografia']",Duomo,strategy_nearest,False,0.0030379295349121094,success
04853C4A9C4C80,3,"['Arena', 'Casa Giulietta', 'Santa Anastasia']",Teatro Romano,"['Duomo', 'AMO', 'Palazzo della Ragione', 'Museo Conte', 'Centro Fotografia']",Duomo,strategy_nearest,True,0.0020177364349365234,success
0485403A9C4C80,1,['Arena'],Casa Giulietta,"['Centro Fotografia', 'Sighseeing', 'Torre Lamberti', 'Museo Conte', 'Museo Radio']",Santa Anastasia,strategy_nearest,False,0.002485036849975586,success
04854B429C4C80,0,['Arena'],Castelvecchio,"['Museo Lapidario', 'Verona Tour', 'Museo Radio', 'San Zeno', 'Sighseeing']",Casa Giulietta,strategy_nearest,False,0.002378702163696289,success
04854F429C4C80,3,"['Arena', 'Casa Giulietta']",Torre Lamberti,"['Sighseeing', 'Centro Fotografia', 'Museo Conte', 'Palazzo della Ragione', 'AMO']",Santa Anastasia,strategy_nearest,False,0.0025200843811035156,success
0485583A9C4C80,0,['Casa Giulietta'],Castelvecchio,"['Museo Lapidario', 'Verona Tour', 'Arena', 'Museo Radio', 'San Zeno']",Arena,strategy_nearest,True,0.0031130313873291016,success
048564BA7B3F80,3,"['Casa Giulietta', 'Santa Anastasia', 'Duomo']",Castelvecchio,"['Museo Lapidario', 'Verona Tour', 'Arena', 'Museo Radio', 'San Zeno']",Arena,strategy_nearest,True,0.0017309188842773438,success
0485804A9C4C80,1,['Arena'],Casa Giulietta,"['Centro Fotografia', 'Sighseeing', 'Torre Lamberti', 'Museo Conte', 'Museo Radio']",Torre Lamberti,strategy_nearest,True,0.0018808841705322266,success
0485733A9C4C80,0,['Arena'],Casa Giulietta,"['Centro Fotografia', 'Sighseeing', 'Torre Lamberti', 'Museo Conte', 'Museo Radio']",Castelvecchio,strategy_nearest,False,0.0024890899658203125,success
048567429C4C80,1,"['Arena', 'Casa Giulietta', 'Palazzo della Ragione']",Torre Lamberti,"['Sighseeing', 'Centro Fotografia', 'Museo Conte', 'AMO', 'Museo Miniscalchi']",Santa Anastasia,strategy_nearest,False,0.0027008056640625,success
0485824A9C4C80,0,['Arena'],Castelvecchio,"['Museo Lapidario', 'Verona Tour', 'Museo Radio', 'San Zeno', 'Sighseeing']",Santa Anastasia,strategy_nearest,False,0.0030171871185302734,success
0485873A9C4C80,0,"['Arena', 'Tomba Giulietta']",San Fermo,"['Museo Storia', 'Museo Radio', 'Casa Giulietta', 'Centro Fotografia', 'Sighseeing']",Casa Giulietta,strategy_nearest,True,0.0017731189727783203,success
04858E3A9C4C80,3,['Arena'],Santa Anastasia,"['AMO', 'Museo Conte', 'Palazzo della Ragione', 'Teatro Romano', 'Centro Fotografia']",Duomo,strategy_nearest,False,0.003422975540161133,success
0485924A9C4C80,0,['Arena'],Torre Lamberti,"['Sighseeing', 'Centro Fotografia', 'Museo Conte', 'Casa Giulietta', 'Palazzo della Ragione']",Casa Giulietta,strategy_nearest,True,0.0023658275604248047,success
0485A54A9C4C80,0,['Arena'],Casa Giulietta,"['Centro Fotografia', 'Sighseeing', 'Torre Lamberti', 'Museo Conte', 'Museo Radio']",Torre Lamberti,strategy_nearest,True,0.0026330947875976562,success
0485A73A9C4C80,3,"['Arena', 'Casa Giulietta']",Casa Giulietta,"['Centro Fotografia', 'Sighseeing', 'Torre Lamberti', 'Museo Conte', 'Museo Radio']",Santa Anastasia,strategy_nearest,False,0.0028831958770751953,success
0485AD429C4C80,0,['Arena'],Casa Giulietta,"['Centro Fotografia', 'Sighseeing', 'Torre Lamberti', 'Museo Conte', 'Museo Radio']",Torre Lamberti,strategy_nearest,True,0.0021791458129882812,success
0485B13A9C4C80,1,"['Arena', 'San Fermo']",Casa Giulietta,"['Centro Fotografia', 'Sighseeing', 'Torre Lamberti', 'Museo Conte', 'Museo Radio']",Torre Lamberti,strategy_nearest,True,0.0030138492584228516,success
0485B4429C4C80,0,['Arena'],Casa Giulietta,"['Centro Fotografia', 'Sighseeing', 'Torre Lamberti', 'Museo Conte', 'Museo Radio']",Teatro Romano,strategy_nearest,False,0.0018680095672607422,success
0485BB3A9C4C80,3,"['Arena', 'San Fermo']",Santa Anastasia,"['AMO', 'Museo Conte', 'Palazzo della Ragione', 'Teatro Romano', 'Centro Fotografia']",Duomo,strategy_nearest,False,0.0022940635681152344,success
0485C2429C4C80,1,"['San Zeno', 'Castelvecchio', 'Arena']",Palazzo della Ragione,"['AMO', 'Museo Conte', 'Torre Lamberti', 'Centro Fotografia', 'Sighseeing']",Torre Lamberti,strategy_nearest,True,0.0019488334655761719,success
0485C7429C4C80,0,['Castelvecchio'],Arena,"['Verona Tour', 'Museo Lapidario', 'Museo Radio', 'San Fermo', 'Casa Giulietta']",Casa Giulietta,strategy_nearest,True,0.002675294876098633,success
0485D5429C4C80,2,"['San Zeno', 'Castelvecchio']",Santa Anastasia,"['AMO', 'Museo Conte', 'Palazzo della Ragione', 'Teatro Romano', 'Centro Fotografia']",Museo Storia,strategy_nearest,False,0.003173828125,success
0485DB3A9C4C80,2,['Casa Giulietta'],Santa Anastasia,"['AMO', 'Museo Conte', 'Palazzo della Ragione', 'Teatro Romano', 'Centro Fotografia']",Duomo,strategy_nearest,False,0.001928091049194336,success
0485D63A9C4C80,0,"['Casa Giulietta', 'Castelvecchio']",Torre Lamberti,"['Sighseeing', 'Centro Fotografia', 'Museo Conte', 'Palazzo della Ragione', 'AMO']",Arena,strategy_nearest,False,0.003320932388305664,success
0485E0429C4C80,3,"['Arena', 'San Zeno', 'Castelvecchio', 'Casa Giulietta']",Torre Lamberti,"['Sighseeing', 'Centro Fotografia', 'Museo Conte', 'Palazzo della Ragione', 'AMO']",Santa Anastasia,strategy_nearest,False,0.0030498504638671875,success
0485E2429C4C80,2,"['Teatro Romano', 'Duomo']",Santa Anastasia,"['AMO', 'Museo Conte', 'Palazzo della Ragione', 'Centro Fotografia', 'Torre Lamberti']",Torre Lamberti,strategy_nearest,True,0.0015740394592285156,success
0485E43A9C4C80,0,['Arena'],Castelvecchio,"['Museo Lapidario', 'Verona Tour', 'Museo Radio', 'San Zeno', 'Sighseeing']",Casa Giulietta,strategy_nearest,False,0.0018129348754882812,success
0485EE429C4C80,3,"['Teatro Romano', 'Santa Anastasia']",Torre Lamberti,"['Sighseeing', 'Centro Fotografia', 'Museo Conte', 'Casa Giulietta', 'Palazzo della Ragione']",Casa Giulietta,strategy_nearest,True,0.001882314682006836,success
0485EC429C4C80,6,"['Castelvecchio', 'Verona Tour']",Torre Lamberti,"['Sighseeing', 'Centro Fotografia', 'Museo Conte', 'Casa Giulietta', 'Palazzo della Ragione']",Museo Storia,strategy_nearest,False,0.0031807422637939453,success
0485F53A9C4C80,3,"['Arena', 'Casa Giulietta']",Teatro Romano,"['Santa Anastasia', 'Duomo', 'AMO', 'Palazzo della Ragione', 'Museo Conte']",Duomo,strategy_nearest,True,0.0021719932556152344,success
0485FA3A9C4C80,3,['Arena'],Castelvecchio,"['Museo Lapidario', 'Verona Tour', 'Museo Radio', 'San Zeno', 'Sighseeing']",Santa Anastasia,strategy_nearest,False,0.0025606155395507812,success
048601429C4C84,3,"['Santa Anastasia', 'Casa Giulietta']",San Fermo,"['Museo Storia', 'Museo Radio', 'Centro Fotografia', 'Arena', 'Sighseeing']",Arena,strategy_nearest,True,0.002318859100341797,success
0485F83A9C4C80,3,['Arena'],Teatro Romano,"['Santa Anastasia', 'Duomo', 'AMO', 'Palazzo della Ragione', 'Museo Conte']",Duomo,strategy_nearest,True,0.0018601417541503906,success
0486053A9C4C84,0,['Arena'],Castelvecchio,"['Museo Lapidario', 'Verona Tour', 'Museo Radio', 'San Zeno', 'Sighseeing']",Casa Giulietta,strategy_nearest,False,0.0022411346435546875,success
048609429C4C80,2,['Santa Anastasia'],Duomo,"['AMO', 'Museo Miniscalchi', 'Teatro Romano', 'Palazzo della Ragione', 'Museo Conte']",Castelvecchio,strategy_nearest,False,0.0017850399017333984,success
04860B429C4C80,0,"['Torre Lamberti', 'Casa Giulietta']",Arena,"['Verona Tour', 'Museo Lapidario', 'Museo Radio', 'San Fermo', 'Sighseeing']",Castelvecchio,strategy_nearest,False,0.002482891082763672,success
04860B3A9C4C84,3,"['Museo Lapidario', 'Arena']",Torre Lamberti,"['Sighseeing', 'Centro Fotografia', 'Museo Conte', 'Casa Giulietta', 'Palazzo della Ragione']",Santa Anastasia,strategy_nearest,False,0.003283977508544922,success
0486113A9C4C84,3,"['Arena', 'Castelvecchio']",Casa Giulietta,"['Centro Fotografia', 'Sighseeing', 'Torre Lamberti', 'Museo Conte', 'Museo Radio']",Santa Anastasia,strategy_nearest,False,0.0021321773529052734,success
0486133A9C4C84,3,['Arena'],Castelvecchio,"['Museo Lapidario', 'Verona Tour', 'Museo Radio', 'San Zeno', 'Sighseeing']",Santa Anastasia,strategy_nearest,False,0.001981973648071289,success
048614429C4C84,0,"['Arena', 'Museo Lapidario']",Castelvecchio,"['Verona Tour', 'Museo Radio', 'San Zeno', 'Sighseeing', 'Museo Miniscalchi']",Casa Giulietta,strategy_nearest,False,0.0020499229431152344,success
0486183A9C4C80,3,"['Arena', 'Castelvecchio']",Duomo,"['AMO', 'Museo Miniscalchi', 'Santa Anastasia', 'Teatro Romano', 'Palazzo della Ragione']",Santa Anastasia,strategy_nearest,True,0.002495288848876953,success
0486163A9C4C80,3,"['San Zeno', 'Arena', 'Castelvecchio']",Giardino Giusti,"['Santa Anastasia', 'Teatro Romano', 'Museo Conte', 'Centro Fotografia', 'Museo Storia']",Teatro Romano,strategy_nearest,True,0.003415822982788086,success
0486193A9C4C84,0,['Arena'],Casa Giulietta,"['Centro Fotografia', 'Sighseeing', 'Torre Lamberti', 'Museo Conte', 'Museo Radio']",Castelvecchio,strategy_nearest,False,0.0024061203002929688,success
0486204A9C4C80,2,"['Castelvecchio', 'Casa Giulietta']",Santa Anastasia,"['AMO', 'Museo Conte', 'Palazzo della Ragione', 'Teatro Romano', 'Centro Fotografia']",Duomo,strategy_nearest,False,0.002481698989868164,success
0486223A9C4C84,3,['Arena'],Casa Giulietta,"['Centro Fotografia', 'Sighseeing', 'Torre Lamberti', 'Museo Conte', 'Museo Radio']",Torre Lamberti,strategy_nearest,True,0.0026128292083740234,success
0486243A9C4C80,2,"['San Zeno', 'Duomo']",Santa Anastasia,"['AMO', 'Museo Conte', 'Palazzo della Ragione', 'Teatro Romano', 'Centro Fotografia']",Casa Giulietta,strategy_nearest,False,0.0023610591888427734,success
048622429C4C84,3,"['Arena', 'Castelvecchio']",Duomo,"['AMO', 'Museo Miniscalchi', 'Santa Anastasia', 'Teatro Romano', 'Palazzo della Ragione']",Santa Anastasia,strategy_nearest,True,0.0025620460510253906,success
048625429C4C84,3,"['Teatro Romano', 'Duomo']",San Zeno,"['Castelvecchio', 'Verona Tour', 'Museo Lapidario', 'Arena', 'Museo Miniscalchi']",Castelvecchio,strategy_nearest,True,0.0023899078369140625,success
048626429C4C84,0,['Arena'],Casa Giulietta,"['Centro Fotografia', 'Sighseeing', 'Torre Lamberti', 'Museo Conte', 'Museo Radio']",Duomo,strategy_nearest,False,0.002997159957885742,success
04862C3A9C4C80,3,"['Arena', 'San Fermo']",Casa Giulietta,"['Centro Fotografia', 'Sighseeing', 'Torre Lamberti', 'Museo Conte', 'Museo Radio']",Santa Anastasia,strategy_nearest,False,0.002496004104614258,success
0486273A9C4C80,3,"['Castelvecchio', 'Casa Giulietta', 'Torre Lamberti']",San Zeno,"['Verona Tour', 'Museo Lapidario', 'Arena', 'Museo Miniscalchi', 'Sighseeing']",Teatro Romano,strategy_nearest,False,0.001867055892944336,success
048632429C4C80,0,['Arena'],Casa Giulietta,"['Centro Fotografia', 'Sighseeing', 'Torre Lamberti', 'Museo Conte', 'Museo Radio']",Santa Anastasia,strategy_nearest,False,0.002405881881713867,success
0486374A9C4C80,1,"['Arena', 'Casa Giulietta']",Torre Lamberti,"['Sighseeing', 'Centro Fotografia', 'Museo Conte', 'Palazzo della Ragione', 'AMO']",Palazzo della Ragione,strategy_nearest,True,0.002672910690307617,success
04863A3A9C4C80,1,"['Casa Giulietta', 'Torre Lamberti', 'Palazzo della Ragione']",Teatro Romano,"['Santa Anastasia', 'Duomo', 'AMO', 'Museo Conte', 'Centro Fotografia']",Duomo,strategy_nearest,True,0.0026459693908691406,success
04863B3A9C4C80,0,"['Castelvecchio', 'Casa Giulietta']",Arena,"['Verona Tour', 'Museo Lapidario', 'Museo Radio', 'San Fermo', 'Sighseeing']",Tomba Giulietta,strategy_nearest,False,0.0031921863555908203,success
04863B429C4C80,2,['Casa Giulietta'],Giardino Giusti,"['Santa Anastasia', 'Teatro Romano', 'Museo Conte', 'Centro Fotografia', 'Museo Storia']",Duomo,strategy_nearest,False,0.0024483203887939453,success
0486463A9C4C80,1,"['Arena', 'Casa Giulietta']",Torre Lamberti,"['Sighseeing', 'Centro Fotografia', 'Museo Conte', 'Palazzo della Ragione', 'AMO']",Palazzo della Ragione,strategy_nearest,True,0.002641916275024414,success
04863E429C4C80,0,['Arena'],Torre Lamberti,"['Sighseeing', 'Centro Fotografia', 'Museo Conte', 'Casa Giulietta', 'Palazzo della Ragione']",Duomo,strategy_nearest,False,0.002641916275024414,success
0486413A9C4C80,1,['Arena'],Casa Giulietta,"['Centro Fotografia', 'Sighseeing', 'Torre Lamberti', 'Museo Conte', 'Museo Radio']",Torre Lamberti,strategy_nearest,True,0.003313779830932617,success
0486743A9C4C80,0,['Arena'],Teatro Romano,"['Santa Anastasia', 'Duomo', 'AMO', 'Palazzo della Ragione', 'Museo Conte']",Castelvecchio,strategy_nearest,False,0.002228975296020508,success
0486773A9C4C80,3,"['Arena', 'Casa Giulietta']",Santa Anastasia,"['AMO', 'Museo Conte', 'Palazzo della Ragione', 'Teatro Romano', 'Centro Fotografia']",Duomo,strategy_nearest,False,0.0025260448455810547,success
0486813A9C4C80,1,"['Museo Lapidario', 'Arena', 'Casa Giulietta']",Torre Lamberti,"['Sighseeing', 'Centro Fotografia', 'Museo Conte', 'Palazzo della Ragione', 'AMO']",Palazzo della Ragione,strategy_nearest,True,0.003118276596069336,success
04867B3A9C4C80,1,['Arena'],Palazzo della Ragione,"['AMO', 'Museo Conte', 'Torre Lamberti', 'Centro Fotografia', 'Sighseeing']",Torre Lamberti,strategy_nearest,True,0.0026328563690185547,success
0486844A9C4C80,3,"['Arena', 'Torre Lamberti']",Santa Anastasia,"['AMO', 'Museo Conte', 'Palazzo della Ragione', 'Teatro Romano', 'Centro Fotografia']",Casa Giulietta,strategy_nearest,False,0.0024602413177490234,success
0486843A9C4C80,3,"['Arena', 'Casa Giulietta']",Torre Lamberti,"['Sighseeing', 'Centro Fotografia', 'Museo Conte', 'Palazzo della Ragione', 'AMO']",Santa Anastasia,strategy_nearest,False,0.0018401145935058594,success
048688429C4C80,0,['Arena'],Casa Giulietta,"['Centro Fotografia', 'Sighseeing', 'Torre Lamberti', 'Museo Conte', 'Museo Radio']",Torre Lamberti,strategy_nearest,True,0.0022542476654052734,success
04868D4A9C4C80,2,['Duomo'],Casa Giulietta,"['Centro Fotografia', 'Sighseeing', 'Torre Lamberti', 'Museo Conte', 'Museo Radio']",Tomba Giulietta,strategy_nearest,False,0.0028738975524902344,success
048695429C4C80,1,['Arena'],Torre Lamberti,"['Sighseeing', 'Centro Fotografia', 'Museo Conte', 'Casa Giulietta', 'Palazzo della Ragione']",Palazzo della Ragione,strategy_nearest,True,0.0018801689147949219,success
0486AB429C4C80,1,"['Arena', 'Casa Giulietta']",Palazzo della Ragione,"['AMO', 'Museo Conte', 'Torre Lamberti', 'Centro Fotografia', 'Sighseeing']",Torre Lamberti,strategy_nearest,True,0.002485990524291992,success
0486AC429C4C80,3,"['Arena', 'Torre Lamberti']",Casa Giulietta,"['Centro Fotografia', 'Sighseeing', 'Museo Conte', 'Museo Radio', 'Palazzo della Ragione']",Duomo,strategy_nearest,False,0.00255584716796875,success
0486C7429C4C80,3,"['Arena', 'Castelvecchio', 'Torre Lamberti']",Santa Anastasia,"['AMO', 'Museo Conte', 'Palazzo della Ragione', 'Teatro Romano', 'Centro Fotografia']",Casa Giulietta,strategy_nearest,False,0.0016951560974121094,success
0486B93A9C4C80,0,['Arena'],Casa Giulietta,"['Centro Fotografia', 'Sighseeing', 'Torre Lamberti', 'Museo Conte', 'Museo Radio']",Castelvecchio,strategy_nearest,False,0.0029611587524414062,success
0486D83A9C4C80,2,"['Castelvecchio', 'San Zeno']",Duomo,"['AMO', 'Museo Miniscalchi', 'Santa Anastasia', 'Teatro Romano', 'Palazzo della Ragione']",Santa Anastasia,strategy_nearest,True,0.002202272415161133,success
0486DD3A9C4C80,0,['Castelvecchio'],Arena,"['Verona Tour', 'Museo Lapidario', 'Museo Radio', 'San Fermo', 'Casa Giulietta']",Casa Giulietta,strategy_nearest,True,0.0023238658905029297,success
0486ED3A9C4C80,0,['Arena'],Casa Giulietta,"['Centro Fotografia', 'Sighseeing', 'Torre Lamberti', 'Museo Conte', 'Museo Radio']",Santa Anastasia,strategy_nearest,False,0.0017311573028564453,success
0486E83A9C4C80,1,['Arena'],Santa Anastasia,"['AMO', 'Museo Conte', 'Palazzo della Ragione', 'Teatro Romano', 'Centro Fotografia']",Palazzo della Ragione,strategy_nearest,True,0.003165006637573242,success
0486EF3A9C4C80,3,['Arena'],Torre Lamberti,"['Sighseeing', 'Centro Fotografia', 'Museo Conte', 'Casa Giulietta', 'Palazzo della Ragione']",Santa Anastasia,strategy_nearest,False,0.00214385986328125,success
0486F13A9C4C80,3,"['Arena', 'Casa Giulietta']",Santa Anastasia,"['AMO', 'Museo Conte', 'Palazzo della Ragione', 'Teatro Romano', 'Centro Fotografia']",Castelvecchio,strategy_nearest,False,0.0016770362854003906,success
0486F83A9C4C80,3,"['Arena', 'Casa Giulietta']",Torre Lamberti,"['Sighseeing', 'Centro Fotografia', 'Museo Conte', 'Palazzo della Ragione', 'AMO']",Santa Anastasia,strategy_nearest,False,0.0025861263275146484,success
0486F8429C4C80,3,"['San Zeno', 'Castelvecchio', 'Casa Giulietta']",Arena,"['Verona Tour', 'Museo Lapidario', 'Museo Radio', 'San Fermo', 'Sighseeing']",Museo Storia,strategy_nearest,False,0.0030019283294677734,success
0486F73A9C4C80,0,['Arena'],Casa Giulietta,"['Centro Fotografia', 'Sighseeing', 'Torre Lamberti', 'Museo Conte', 'Museo Radio']",Castelvecchio,strategy_nearest,False,0.0019497871398925781,success
048700429C4C84,0,['Duomo'],Teatro Romano,"['Santa Anastasia', 'AMO', 'Palazzo della Ragione', 'Museo Conte', 'Centro Fotografia']",Arena,strategy_nearest,False,0.0016329288482666016,success
0487043A9C4C84,3,['Arena'],Casa Giulietta,"['Centro Fotografia', 'Sighseeing', 'Torre Lamberti', 'Museo Conte', 'Museo Radio']",Torre Lamberti,strategy_nearest,True,0.002434968948364258,success
0487023A9C4C84,3,['Arena'],Torre Lamberti,"['Sighseeing', 'Centro Fotografia', 'Museo Conte', 'Casa Giulietta', 'Palazzo della Ragione']",Santa Anastasia,strategy_nearest,False,0.0015518665313720703,success
048702429C4C84,2,['Castelvecchio'],San Zeno,"['Verona Tour', 'Museo Lapidario', 'Arena', 'Museo Miniscalchi', 'Sighseeing']",Santa Anastasia,strategy_nearest,False,0.003122091293334961,success
0487073A9C4C84,0,['Arena'],Torre Lamberti,"['Sighseeing', 'Centro Fotografia', 'Museo Conte', 'Casa Giulietta', 'Palazzo della Ragione']",Duomo,strategy_nearest,False,0.002293109893798828,success
0487143A9C4C84,1,"['Arena', 'Museo Lapidario']",Casa Giulietta,"['Centro Fotografia', 'Sighseeing', 'Torre Lamberti', 'Museo Conte', 'Museo Radio']",Torre Lamberti,strategy_nearest,True,0.0019021034240722656,success
0487133A9C4C84,0,['Arena'],Casa Giulietta,"['Centro Fotografia', 'Sighseeing', 'Torre Lamberti', 'Museo Conte', 'Museo Radio']",Casa Giulietta,strategy_nearest,False,0.0032472610473632812,success
04871C3A9C4C80,2,['Castelvecchio'],Santa Anastasia,"['AMO', 'Museo Conte', 'Palazzo della Ragione', 'Teatro Romano', 'Centro Fotografia']",Teatro Romano,strategy_nearest,True,0.0029840469360351562,success
04871C429C4C80,0,['Casa Giulietta'],Torre Lamberti,"['Sighseeing', 'Centro Fotografia', 'Museo Conte', 'Palazzo della Ragione', 'AMO']",Teatro Romano,strategy_nearest,False,0.002797842025756836,success
04871D3A9C4C80,1,"['Arena', 'Casa Giulietta']",Palazzo della Ragione,"['AMO', 'Museo Conte', 'Torre Lamberti', 'Centro Fotografia', 'Sighseeing']",Torre Lamberti,strategy_nearest,True,0.002077817916870117,success
0487214A9C4C80,2,"['Casa Giulietta', 'Casa Giulietta', 'Torre Lamberti', 'Palazzo della Ragione']",Santa Anastasia,"['AMO', 'Museo Conte', 'Teatro Romano', 'Centro Fotografia', 'Duomo']",Duomo,strategy_nearest,True,0.0026819705963134766,success
048722429C4C84,3,"['Castelvecchio', 'Arena']",Santa Anastasia,"['AMO', 'Museo Conte', 'Palazzo della Ragione', 'Teatro Romano', 'Centro Fotografia']",Duomo,strategy_nearest,False,0.003162860870361328,success
04872C3A9C4C80,3,"['Arena', 'San Fermo']",Casa Giulietta,"['Centro Fotografia', 'Sighseeing', 'Torre Lamberti', 'Museo Conte', 'Museo Radio']",Santa Anastasia,strategy_nearest,False,0.0022499561309814453,success
04872D429C4C80,0,['Arena'],Casa Giulietta,"['Centro Fotografia', 'Sighseeing', 'Torre Lamberti', 'Museo Conte', 'Museo Radio']",Santa Anastasia,strategy_nearest,False,0.0026290416717529297,success
04872F4A9C4C80,3,"['Santa Anastasia', 'Casa Giulietta', 'Arena', 'Castelvecchio']",San Zeno,"['Verona Tour', 'Museo Lapidario', 'Museo Miniscalchi', 'Sighseeing', 'Museo Radio']",Duomo,strategy_nearest,False,0.0026879310607910156,success
0487324A9C4C80,0,['Casa Giulietta'],Tomba Giulietta,"['San Fermo', 'Museo Storia', 'Arena', 'Museo Lapidario', 'Museo Radio']",Castelvecchio,strategy_nearest,False,0.002443075180053711,success
0487343A9C4C80,0,['Arena'],Casa Giulietta,"['Centro Fotografia', 'Sighseeing', 'Torre Lamberti', 'Museo Conte', 'Museo Radio']",Torre Lamberti,strategy_nearest,True,0.0025069713592529297,success
0487364A9C4C80,1,"['Casa Giulietta', 'Torre Lamberti']",Palazzo della Ragione,"['AMO', 'Museo Conte', 'Centro Fotografia', 'Sighseeing', 'Santa Anastasia']",Arena,strategy_nearest,False,0.002343893051147461,success
04875B429C4C80,0,['Arena'],Duomo,"['AMO', 'Museo Miniscalchi', 'Santa Anastasia', 'Teatro Romano', 'Palazzo della Ragione']",Casa Giulietta,strategy_nearest,False,0.0028929710388183594,success
04873B4A9C4C80,0,"['Arena', 'Museo Lapidario']",Casa Giulietta,"['Centro Fotografia', 'Sighseeing', 'Torre Lamberti', 'Museo Conte', 'Museo Radio']",Castelvecchio,strategy_nearest,False,0.001978158950805664,success
0487413A9C4C80,3,"['Arena', 'Casa Giulietta']",Santa Anastasia,"['AMO', 'Museo Conte', 'Palazzo della Ragione', 'Teatro Romano', 'Centro Fotografia']",Duomo,strategy_nearest,False,0.0027990341186523438,success
04876B429C4C80,3,"['Arena', 'Museo Lapidario', 'San Fermo', 'Casa Giulietta']",Santa Anastasia,"['AMO', 'Museo Conte', 'Palazzo della Ragione', 'Teatro Romano', 'Centro Fotografia']",Torre Lamberti,strategy_nearest,False,0.003072023391723633,success
048771429C4C80,1,['Casa Giulietta'],Palazzo della Ragione,"['AMO', 'Museo Conte', 'Torre Lamberti', 'Centro Fotografia', 'Sighseeing']",Torre Lamberti,strategy_nearest,True,0.0015268325805664062,success
0487743A9C4C80,0,['Arena'],Castelvecchio,"['Museo Lapidario', 'Verona Tour', 'Museo Radio', 'San Zeno', 'Sighseeing']",Torre Lamberti,strategy_nearest,False,0.002193927764892578,success
04877C4A9C4C80,3,"['Arena', 'Museo Lapidario']",Castelvecchio,"['Verona Tour', 'Museo Radio', 'San Zeno', 'Sighseeing', 'Museo Miniscalchi']",Duomo,strategy_nearest,False,0.0033807754516601562,success
04877B3A9C4C80,1,"['Arena', 'Santa Anastasia']",Teatro Romano,"['Duomo', 'AMO', 'Palazzo della Ragione', 'Museo Conte', 'Centro Fotografia']",Duomo,strategy_nearest,True,0.0028269290924072266,success
04877E429C4C80,0,['Arena'],Castelvecchio,"['Museo Lapidario', 'Verona Tour', 'Museo Radio', 'San Zeno', 'Sighseeing']",Casa Giulietta,strategy_nearest,False,0.0019960403442382812,success
048784429C4C80,0,['Arena'],Museo Lapidario,"['Verona Tour', 'Castelvecchio', 'Museo Radio', 'San Fermo', 'Casa Giulietta']",Castelvecchio,strategy_nearest,True,0.0025930404663085938,success
04877E3A9C4C80,3,"['Tomba Giulietta', 'Arena', 'Museo Lapidario']",Castelvecchio,"['Verona Tour', 'Museo Radio', 'San Zeno', 'Sighseeing', 'Museo Miniscalchi']",Santa Anastasia,strategy_nearest,False,0.0023810863494873047,success
048789429C4C80,0,['Arena'],Casa Giulietta,"['Centro Fotografia', 'Sighseeing', 'Torre Lamberti', 'Museo Conte', 'Museo Radio']",Tomba Giulietta,strategy_nearest,False,0.002939939498901367,success
0487AA429C4C80,1,"['Arena', 'Casa Giulietta']",Palazzo della Ragione,"['AMO', 'Museo Conte', 'Torre Lamberti', 'Centro Fotografia', 'Sighseeing']",Torre Lamberti,strategy_nearest,True,0.0021660327911376953,success
0487AE3A9C4C80,0,['Casa Giulietta'],Arena,"['Verona Tour', 'Museo Lapidario', 'Museo Radio', 'San Fermo', 'Sighseeing']",Castelvecchio,strategy_nearest,False,0.0014629364013671875,success
04878E3A9C4C80,3,"['Arena', 'Casa Giulietta']",Torre Lamberti,"['Sighseeing', 'Centro Fotografia', 'Museo Conte', 'Palazzo della Ragione', 'AMO']",Santa Anastasia,strategy_nearest,False,0.003402233123779297,success
0487AF429C4C80,1,['Arena'],Torre Lamberti,"['Sighseeing', 'Centro Fotografia', 'Museo Conte', 'Casa Giulietta', 'Palazzo della Ragione']",Palazzo della Ragione,strategy_nearest,True,0.00321197509765625,success
0487B9429C4C80,1,"['Arena', 'Casa Giulietta', 'Torre Lamberti']",Palazzo della Ragione,"['AMO', 'Museo Conte', 'Centro Fotografia', 'Sighseeing', 'Santa Anastasia']",Santa Anastasia,strategy_nearest,True,0.0016088485717773438,success
0487B1429C4C80,0,['Arena'],Casa Giulietta,"['Centro Fotografia', 'Sighseeing', 'Torre Lamberti', 'Museo Conte', 'Museo Radio']",Torre Lamberti,strategy_nearest,True,0.0027561187744140625,success
0487B03A9C4C80,1,"['Arena', 'Museo Lapidario']",Casa Giulietta,"['Centro Fotografia', 'Sighseeing', 'Torre Lamberti', 'Museo Conte', 'Museo Radio']",Palazzo della Ragione,strategy_nearest,False,0.0033380985260009766,success
0487BF429C4C80,1,"['Arena', 'Torre Lamberti']",Palazzo della Ragione,"['AMO', 'Museo Conte', 'Centro Fotografia', 'Sighseeing', 'Santa Anastasia']",Casa Giulietta,strategy_nearest,False,0.002048969268798828,success
0487C3429C4C80,1,"['Arena', 'Casa Giulietta', 'Torre Lamberti', 'Palazzo della Ragione']",Santa Anastasia,"['AMO', 'Museo Conte', 'Teatro Romano', 'Centro Fotografia', 'Duomo']",Duomo,strategy_nearest,True,0.0012810230255126953,success
0487C0429C4C80,2,"['Casa Giulietta', 'Tomba Giulietta', 'San Zeno']",Castelvecchio,"['Museo Lapidario', 'Verona Tour', 'Arena', 'Museo Radio', 'Sighseeing']",Santa Anastasia,strategy_nearest,False,0.002137899398803711,success
0487C63A9C4C80,0,['Torre Lamberti'],Duomo,"['AMO', 'Museo Miniscalchi', 'Santa Anastasia', 'Teatro Romano', 'Palazzo della Ragione']",Casa Giulietta,strategy_nearest,False,0.0032689571380615234,success
0487D43A9C4C80,1,"['Teatro Romano', 'Museo Lapidario']",Arena,"['Verona Tour', 'Museo Radio', 'San Fermo', 'Casa Giulietta', 'Sighseeing']",Torre Lamberti,strategy_nearest,False,0.0026531219482421875,success
0487D53A9C4C80,0,['Arena'],Casa Giulietta,"['Centro Fotografia', 'Sighseeing', 'Torre Lamberti', 'Museo Conte', 'Museo Radio']",Torre Lamberti,strategy_nearest,True,0.002458810806274414,success
0487E33A9C4C80,3,"['Arena', 'Torre Lamberti']",Santa Anastasia,"['AMO', 'Museo Conte', 'Palazzo della Ragione', 'Teatro Romano', 'Centro Fotografia']",Teatro Romano,strategy_nearest,True,0.0025451183319091797,success
0487DF429C4C80,0,"['Arena', 'Casa Giulietta']",Museo Lapidario,"['Verona Tour', 'Castelvecchio', 'Museo Radio', 'San Fermo', 'Tomba Giulietta']",Castelvecchio,strategy_nearest,True,0.001995086669921875,success
0487EA429C4C80,3,"['Castelvecchio', 'Arena', 'Casa Giulietta']",Santa Anastasia,"['AMO', 'Museo Conte', 'Palazzo della Ragione', 'Teatro Romano', 'Centro Fotografia']",Teatro Romano,strategy_nearest,True,0.003103971481323242,success
0487EC3A9C4C80,3,"['San Zeno', 'Santa Anastasia', 'Casa Giulietta']",Arena,"['Verona Tour', 'Museo Lapidario', 'Museo Radio', 'San Fermo', 'Sighseeing']",Torre Lamberti,strategy_nearest,False,0.0021991729736328125,success
0487F43A9C4C80,3,"['Arena', 'Castelvecchio']",Teatro Romano,"['Santa Anastasia', 'Duomo', 'AMO', 'Palazzo della Ragione', 'Museo Conte']",Santa Anastasia,strategy_nearest,True,0.001722097396850586,success
0487ED3A9C4C80,3,['Arena'],Casa Giulietta,"['Centro Fotografia', 'Sighseeing', 'Torre Lamberti', 'Museo Conte', 'Museo Radio']",Torre Lamberti,strategy_nearest,True,0.003198862075805664,success
0487F83A9C4C80,0,['Arena'],Casa Giulietta,"['Centro Fotografia', 'Sighseeing', 'Torre Lamberti', 'Museo Conte', 'Museo Radio']",Teatro Romano,strategy_nearest,False,0.002418994903564453,success
0487FB429C4C80,1,"['Arena', 'Castelvecchio', 'Torre Lamberti']",Palazzo della Ragione,"['AMO', 'Museo Conte', 'Centro Fotografia', 'Sighseeing', 'Santa Anastasia']",Santa Anastasia,strategy_nearest,True,0.002460956573486328,success
0488033A9C4C84,3,"['Arena', 'Torre Lamberti']",Santa Anastasia,"['AMO', 'Museo Conte', 'Palazzo della Ragione', 'Teatro Romano', 'Centro Fotografia']",Duomo,strategy_nearest,False,0.002532958984375,success
0488063A9C4C84,3,['Arena'],Santa Anastasia,"['AMO', 'Museo Conte', 'Palazzo della Ragione', 'Teatro Romano', 'Centro Fotografia']",Duomo,strategy_nearest,False,0.002273082733154297,success
0488093A9C4C84,0,"['Arena', 'Museo Lapidario']",Castelvecchio,"['Verona Tour', 'Museo Radio', 'San Zeno', 'Sighseeing', 'Museo Miniscalchi']",Casa Giulietta,strategy_nearest,False,0.0023949146270751953,success
048813429C4C80,0,['Casa Giulietta'],Santa Anastasia,"['AMO', 'Museo Conte', 'Palazzo della Ragione', 'Teatro Romano', 'Centro Fotografia']",Arena,strategy_nearest,False,0.0019598007202148438,success
04881A3A9C4C80,0,"['Castelvecchio', 'Arena']",Torre Lamberti,"['Sighseeing', 'Centro Fotografia', 'Museo Conte', 'Casa Giulietta', 'Palazzo della Ragione']",Casa Giulietta,strategy_nearest,True,0.0017971992492675781,success
048811429C4C84,3,"['Santa Anastasia', 'Casa Giulietta']",Arena,"['Verona Tour', 'Museo Lapidario', 'Museo Radio', 'San Fermo', 'Sighseeing']",Torre Lamberti,strategy_nearest,False,0.003159046173095703,success
04881E3A9C4C84,0,['Arena'],Casa Giulietta,"['Centro Fotografia', 'Sighseeing', 'Torre Lamberti', 'Museo Conte', 'Museo Radio']",Teatro Romano,strategy_nearest,False,0.0028488636016845703,success
0488233A9C4C80,3,"['Arena', 'Casa Giulietta', 'Torre Lamberti']",Santa Anastasia,"['AMO', 'Museo Conte', 'Palazzo della Ragione', 'Teatro Romano', 'Centro Fotografia']",San Zeno,strategy_nearest,False,0.0026559829711914062,success
0488243A9C4C84,1,['Arena'],Torre Lamberti,"['Sighseeing', 'Centro Fotografia', 'Museo Conte', 'Casa Giulietta', 'Palazzo della Ragione']",Palazzo della Ragione,strategy_nearest,True,0.0032320022583007812,success
048825429C4C80,2,"['Duomo', 'Santa Anastasia', 'Torre Lamberti']",Casa Giulietta,"['Centro Fotografia', 'Sighseeing', 'Museo Conte', 'Museo Radio', 'Palazzo della Ragione']",San Fermo,strategy_nearest,False,0.0020401477813720703,success
04882A3A9C4C80,2,"['Teatro Romano', 'Duomo']",Santa Anastasia,"['AMO', 'Museo Conte', 'Palazzo della Ragione', 'Centro Fotografia', 'Torre Lamberti']",Castelvecchio,strategy_nearest,False,0.002004861831665039,success
0488343A9C4C80,3,"['Arena', 'Casa Giulietta', 'Santa Anastasia']",Teatro Romano,"['Duomo', 'AMO', 'Palazzo della Ragione', 'Museo Conte', 'Centro Fotografia']",Duomo,strategy_nearest,True,0.002035379409790039,success
04882ABA7B3F84,3,"['Castelvecchio', 'Arena']",Casa Giulietta,"['Centro Fotografia', 'Sighseeing', 'Torre Lamberti', 'Museo Conte', 'Museo Radio']",Santa Anastasia,strategy_nearest,False,0.0027837753295898438,success
048834429C4C80,3,"['Arena', 'Castelvecchio']",Duomo,"['AMO', 'Museo Miniscalchi', 'Santa Anastasia', 'Teatro Romano', 'Palazzo della Ragione']",Santa Anastasia,strategy_nearest,True,0.0029060840606689453,success
048853429C4C80,0,['Arena'],Casa Giulietta,"['Centro Fotografia', 'Sighseeing', 'Torre Lamberti', 'Museo Conte', 'Museo Radio']",Tomba Giulietta,strategy_nearest,False,0.002582073211669922,success
0488394A9C4C80,2,['Castelvecchio'],Giardino Giusti,"['Santa Anastasia', 'Teatro Romano', 'Museo Conte', 'Centro Fotografia', 'Museo Storia']",Torre Lamberti,strategy_nearest,False,0.0026502609252929688,success
0488723A9C4C80,3,"['Arena', 'Casa Giulietta']",Santa Anastasia,"['AMO', 'Museo Conte', 'Palazzo della Ragione', 'Teatro Romano', 'Centro Fotografia']",Duomo,strategy_nearest,False,0.0025892257690429688,success
0488793A9C4C80,1,"['Castelvecchio', 'Museo Lapidario', 'Arena', 'Casa Giulietta']",Torre Lamberti,"['Sighseeing', 'Centro Fotografia', 'Museo Conte', 'Palazzo della Ragione', 'AMO']",Palazzo della Ragione,strategy_nearest,True,0.0027360916137695312,success
0488753A9C4C80,3,"['Tomba Giulietta', 'Arena']",Casa Giulietta,"['Centro Fotografia', 'Sighseeing', 'Torre Lamberti', 'Museo Conte', 'Museo Radio']",Santa Anastasia,strategy_nearest,False,0.0034837722778320312,success
04887B429C4C80,0,['Arena'],Torre Lamberti,"['Sighseeing', 'Centro Fotografia', 'Museo Conte', 'Casa Giulietta', 'Palazzo della Ragione']",Casa Giulietta,strategy_nearest,True,0.0023679733276367188,success
048879429C4C80,3,"['Arena', 'Casa Giulietta']",Torre Lamberti,"['Sighseeing', 'Centro Fotografia', 'Museo Conte', 'Palazzo della Ragione', 'AMO']",Duomo,strategy_nearest,False,0.003198862075805664,success
04887E429C4C80,0,['Arena'],Casa Giulietta,"['Centro Fotografia', 'Sighseeing', 'Torre Lamberti', 'Museo Conte', 'Museo Radio']",Duomo,strategy_nearest,False,0.0018792152404785156,success
0488863A9C4C80,1,['Arena'],Casa Giulietta,"['Centro Fotografia', 'Sighseeing', 'Torre Lamberti', 'Museo Conte', 'Museo Radio']",Palazzo della Ragione,strategy_nearest,False,0.002713918685913086,success
04888D429C4C80,2,['Casa Giulietta'],Torre Lamberti,"['Sighseeing', 'Centro Fotografia', 'Museo Conte', 'Palazzo della Ragione', 'AMO']",Santa Anastasia,strategy_nearest,False,0.002310037612915039,success
0488874A9C4C80,2,"['Teatro Romano', 'Museo Lapidario']",Castelvecchio,"['Verona Tour', 'Arena', 'Museo Radio', 'San Zeno', 'Sighseeing']",Tomba Giulietta,strategy_nearest,False,0.003223896026611328,success
04888F4A9C4C80,3,"['Arena', 'Casa Giulietta']",Torre Lamberti,"['Sighseeing', 'Centro Fotografia', 'Museo Conte', 'Palazzo della Ragione', 'AMO']",Santa Anastasia,strategy_nearest,False,0.003061056137084961,success
0488934A9C4C80,3,['Arena'],Casa Giulietta,"['Centro Fotografia', 'Sighseeing', 'Torre Lamberti', 'Museo Conte', 'Museo Radio']",Santa Anastasia,strategy_nearest,False,0.0022840499877929688,success
0488A64A9C4C80,3,"['Castelvecchio', 'Arena']",Casa Giulietta,"['Centro Fotografia', 'Sighseeing', 'Torre Lamberti', 'Museo Conte', 'Museo Radio']",Santa Anastasia,strategy_nearest,False,0.002540111541748047,success
0488AB429C4C80,0,['Arena'],Museo Lapidario,"['Verona Tour', 'Castelvecchio', 'Museo Radio', 'San Fermo', 'Casa Giulietta']",Castelvecchio,strategy_nearest,True,0.0021021366119384766,success
04889B429C4C80,1,"['Arena', 'Casa Giulietta', 'Torre Lamberti']",Palazzo della Ragione,"['AMO', 'Museo Conte', 'Centro Fotografia', 'Sighseeing', 'Santa Anastasia']",Santa Anastasia,strategy_nearest,True,0.002663850784301758,success
0488AC429C4C80,0,['Arena'],Casa Giulietta,"['Centro Fotografia', 'Sighseeing', 'Torre Lamberti', 'Museo Conte', 'Museo Radio']",Duomo,strategy_nearest,False,0.002955198287963867,success
0488C2429C4C80,0,['Torre Lamberti'],Casa Giulietta,"['Centro Fotografia', 'Sighseeing', 'Museo Conte', 'Museo Radio', 'Palazzo della Ragione']",Arena,strategy_nearest,False,0.0019469261169433594,success
0488C3429C4C80,0,['Arena'],Casa Giulietta,"['Centro Fotografia', 'Sighseeing', 'Torre Lamberti', 'Museo Conte', 'Museo Radio']",Torre Lamberti,strategy_nearest,True,0.002711772918701172,success
0488BB3A9C4C80,0,['Arena'],Museo Lapidario,"['Verona Tour', 'Castelvecchio', 'Museo Radio', 'San Fermo', 'Casa Giulietta']",Castelvecchio,strategy_nearest,True,0.00279998779296875,success
0488C7429C4C80,3,"['Arena', 'Castelvecchio', 'Torre Lamberti']",Santa Anastasia,"['AMO', 'Museo Conte', 'Palazzo della Ragione', 'Teatro Romano', 'Centro Fotografia']",Casa Giulietta,strategy_nearest,False,0.002880096435546875,success
0488CF3A9C4C80,3,"['Arena', 'Torre Lamberti']",Casa Giulietta,"['Centro Fotografia', 'Sighseeing', 'Museo Conte', 'Museo Radio', 'Palazzo della Ragione']",San Fermo,strategy_nearest,False,0.002028226852416992,success
0488CC429C4C80,0,"['Arena', 'Torre Lamberti']",Casa Giulietta,"['Centro Fotografia', 'Sighseeing', 'Museo Conte', 'Museo Radio', 'Palazzo della Ragione']",Castelvecchio,strategy_nearest,False,0.00152587890625,success
0488DE3A9C4C80,1,"['Arena', 'Museo Lapidario']",Castelvecchio,"['Verona Tour', 'Museo Radio', 'San Zeno', 'Sighseeing', 'Museo Miniscalchi']",Casa Giulietta,strategy_nearest,False,0.0031571388244628906,success
0488D8429C4C80,2,['Casa Giulietta'],Palazzo della Ragione,"['AMO', 'Museo Conte', 'Torre Lamberti', 'Centro Fotografia', 'Sighseeing']",Castelvecchio,strategy_nearest,False,0.002572774887084961,success
0488ED429C4C80,3,"['Arena', 'Santa Anastasia', 'Teatro Romano']",Duomo,"['AMO', 'Museo Miniscalchi', 'Palazzo della Ragione', 'Museo Conte', 'Torre Lamberti']",San Zeno,strategy_nearest,False,0.001722097396850586,success
0488E33A9C4C80,3,"['Arena', 'Castelvecchio']",Duomo,"['AMO', 'Museo Miniscalchi', 'Santa Anastasia', 'Teatro Romano', 'Palazzo della Ragione']",Santa Anastasia,strategy_nearest,True,0.0024352073669433594,success
0489023A9C4C84,0,['Arena'],Torre Lamberti,"['Sighseeing', 'Centro Fotografia', 'Museo Conte', 'Casa Giulietta', 'Palazzo della Ragione']",Casa Giulietta,strategy_nearest,True,0.003202199935913086,success
0489093A9C4C84,3,"['Arena', 'Casa Giulietta']",Torre Lamberti,"['Sighseeing', 'Centro Fotografia', 'Museo Conte', 'Palazzo della Ragione', 'AMO']",Santa Anastasia,strategy_nearest,False,0.0026128292083740234,success
04890A3A9C4C84,3,"['Arena', 'Casa Giulietta']",Castelvecchio,"['Museo Lapidario', 'Verona Tour', 'Museo Radio', 'San Zeno', 'Sighseeing']",Torre Lamberti,strategy_nearest,False,0.0029261112213134766,success
0489063A9C4C84,0,"['Arena', 'Castelvecchio']",Casa Giulietta,"['Centro Fotografia', 'Sighseeing', 'Torre Lamberti', 'Museo Conte', 'Museo Radio']",Tomba Giulietta,strategy_nearest,False,0.001995086669921875,success
04890C429C4C84,0,['Arena'],Casa Giulietta,"['Centro Fotografia', 'Sighseeing', 'Torre Lamberti', 'Museo Conte', 'Museo Radio']",Castelvecchio,strategy_nearest,False,0.001348257064819336,success
048913429C4C84,3,"['Arena', 'Casa Giulietta']",Santa Anastasia,"['AMO', 'Museo Conte', 'Palazzo della Ragione', 'Teatro Romano', 'Centro Fotografia']",Teatro Romano,strategy_nearest,True,0.0027899742126464844,success
0489153A9C4C80,2,['Museo Lapidario'],Museo Lapidario,"['Verona Tour', 'Arena', 'Castelvecchio', 'Museo Radio', 'San Fermo']",Castelvecchio,strategy_nearest,True,0.0021140575408935547,success
048919429C4C84,3,"['Arena', 'Casa Giulietta']",Torre Lamberti,"['Sighseeing', 'Centro Fotografia', 'Museo Conte', 'Palazzo della Ragione', 'AMO']",Teatro Romano,strategy_nearest,False,0.0029850006103515625,success
0489183A9C4C84,3,['Arena'],Casa Giulietta,"['Centro Fotografia', 'Sighseeing', 'Torre Lamberti', 'Museo Conte', 'Museo Radio']",Santa Anastasia,strategy_nearest,False,0.003258943557739258,success
04891A429C4C80,3,"['Arena', 'Casa Giulietta', 'Torre Lamberti']",Santa Anastasia,"['AMO', 'Museo Conte', 'Palazzo della Ragione', 'Teatro Romano', 'Centro Fotografia']",Duomo,strategy_nearest,False,0.002346038818359375,success
048925C27B3F84,1,"['Santa Anastasia', 'Torre Lamberti', 'Casa Giulietta', 'San Fermo']",Arena,"['Verona Tour', 'Museo Lapidario', 'Museo Radio', 'Sighseeing', 'Castelvecchio']",Castelvecchio,strategy_nearest,True,0.001911163330078125,success
04891D3A9C4C80,2,"['Casa Giulietta', 'Torre Lamberti']",Palazzo della Ragione,"['AMO', 'Museo Conte', 'Centro Fotografia', 'Sighseeing', 'Santa Anastasia']",Santa Anastasia,strategy_nearest,True,0.0026886463165283203,success
0489244A9C4C80,1,"['Arena', 'Torre Lamberti', 'Palazzo della Ragione', 'Casa Giulietta']",San Zeno,"['Castelvecchio', 'Verona Tour', 'Museo Lapidario', 'Museo Miniscalchi', 'Sighseeing']",Santa Anastasia,strategy_nearest,False,0.003161191940307617,success
0489273A9C4C80,0,['Arena'],Torre Lamberti,"['Sighseeing', 'Centro Fotografia', 'Museo Conte', 'Casa Giulietta', 'Palazzo della Ragione']",Casa Giulietta,strategy_nearest,True,0.0023779869079589844,success
04892D3A9C4C80,0,['Arena'],Casa Giulietta,"['Centro Fotografia', 'Sighseeing', 'Torre Lamberti', 'Museo Conte', 'Museo Radio']",Castelvecchio,strategy_nearest,False,0.0024797916412353516,success
04893D3A9C4C80,1,"['Arena', 'Torre Lamberti']",Palazzo della Ragione,"['AMO', 'Museo Conte', 'Centro Fotografia', 'Sighseeing', 'Santa Anastasia']",Santa Anastasia,strategy_nearest,True,0.002444028854370117,success
04892A429C4C80,1,"['Arena', 'Casa Giulietta', 'Palazzo della Ragione']",Santa Anastasia,"['AMO', 'Museo Conte', 'Teatro Romano', 'Centro Fotografia', 'Duomo']",Torre Lamberti,strategy_nearest,False,0.002270221710205078,success
0489473A9C4C80,2,['Palazzo della Ragione'],Casa Giulietta,"['Centro Fotografia', 'Sighseeing', 'Torre Lamberti', 'Museo Conte', 'Museo Radio']",Teatro Romano,strategy_nearest,False,0.0022611618041992188,success
0489653A9C4C80,4,"['Torre Lamberti', 'Palazzo della Ragione', 'Casa Giulietta', 'Teatro Romano', 'Arena', 'Museo Lapidario']",Castelvecchio,"['Verona Tour', 'Museo Radio', 'San Zeno', 'Sighseeing', 'Museo Miniscalchi']",San Zeno,strategy_nearest,True,0.0020956993103027344,success
048958429C4C80,0,['Casa Giulietta'],Arena,"['Verona Tour', 'Museo Lapidario', 'Museo Radio', 'San Fermo', 'Sighseeing']",Duomo,strategy_nearest,False,0.002131223678588867,success
0489773A9C4C80,0,"['Arena', 'Castelvecchio']",San Zeno,"['Verona Tour', 'Museo Lapidario', 'Museo Miniscalchi', 'Sighseeing', 'Museo Radio']",Casa Giulietta,strategy_nearest,False,0.002521991729736328,success
048962429C4C80,0,['Arena'],Torre Lamberti,"['Sighseeing', 'Centro Fotografia', 'Museo Conte', 'Casa Giulietta', 'Palazzo della Ragione']",Teatro Romano,strategy_nearest,False,0.0033538341522216797,success
0489854A9C4C80,0,['Arena'],Casa Giulietta,"['Centro Fotografia', 'Sighseeing', 'Torre Lamberti', 'Museo Conte', 'Museo Radio']",Tomba Giulietta,strategy_nearest,False,0.0021202564239501953,success
0489853A9C4C80,3,"['Casa Giulietta', 'Torre Lamberti', 'Santa Anastasia']",Duomo,"['AMO', 'Museo Miniscalchi', 'Teatro Romano', 'Palazzo della Ragione', 'Museo Conte']",Tomba Giulietta,strategy_nearest,False,0.0015621185302734375,success
0489863A9C4C80,1,"['Arena', 'Casa Giulietta']",Torre Lamberti,"['Sighseeing', 'Centro Fotografia', 'Museo Conte', 'Palazzo della Ragione', 'AMO']",Palazzo della Ragione,strategy_nearest,True,0.002536296844482422,success
04897A3A9C4C80,2,['San Zeno'],Castelvecchio,"['Museo Lapidario', 'Verona Tour', 'Arena', 'Museo Radio', 'Sighseeing']",Duomo,strategy_nearest,False,0.003437042236328125,success
0489873A9C4C80,3,"['Torre Lamberti', 'Casa Giulietta']",Santa Anastasia,"['AMO', 'Museo Conte', 'Palazzo della Ragione', 'Teatro Romano', 'Centro Fotografia']",Duomo,strategy_nearest,False,0.0013670921325683594,success
048986429C4C80,0,['Arena'],Casa Giulietta,"['Centro Fotografia', 'Sighseeing', 'Torre Lamberti', 'Museo Conte', 'Museo Radio']",Castelvecchio,strategy_nearest,False,0.0026280879974365234,success
048988429C4C80,0,['Arena'],Tomba Giulietta,"['San Fermo', 'Museo Storia', 'Museo Lapidario', 'Museo Radio', 'Verona Tour']",Teatro Romano,strategy_nearest,False,0.0024890899658203125,success
04898C3A9C4C80,3,"['Teatro Romano', 'Duomo']",Santa Anastasia,"['AMO', 'Museo Conte', 'Palazzo della Ragione', 'Centro Fotografia', 'Torre Lamberti']",Casa Giulietta,strategy_nearest,False,0.0013837814331054688,success
04898A429C4C80,3,"['Arena', 'Castelvecchio', 'Duomo']",Torre Lamberti,"['Sighseeing', 'Centro Fotografia', 'Museo Conte', 'Casa Giulietta', 'Palazzo della Ragione']",Casa Giulietta,strategy_nearest,True,0.0039031505584716797,success
04899D429C4C80,0,['Arena'],Casa Giulietta,"['Centro Fotografia', 'Sighseeing', 'Torre Lamberti', 'Museo Conte', 'Museo Radio']",Tomba Giulietta,strategy_nearest,False,0.0026018619537353516,success
0489A34A9C4C80,2,['San Zeno'],Torre Lamberti,"['Sighseeing', 'Centro Fotografia', 'Museo Conte', 'Casa Giulietta', 'Palazzo della Ragione']",Casa Giulietta,strategy_nearest,True,0.0033097267150878906,success
0489AE429C4C80,1,['Arena'],Casa Giulietta,"['Centro Fotografia', 'Sighseeing', 'Torre Lamberti', 'Museo Conte', 'Museo Radio']",Santa Anastasia,strategy_nearest,False,0.0016222000122070312,success
0489B0429C4C80,0,['Arena'],Duomo,"['AMO', 'Museo Miniscalchi', 'Santa Anastasia', 'Teatro Romano', 'Palazzo della Ragione']",Giardino Giusti,strategy_nearest,False,0.0023627281188964844,success
0489AF429C4C80,1,"['Arena', 'Casa Giulietta', 'Giardino Giusti']",Teatro Romano,"['Santa Anastasia', 'Duomo', 'AMO', 'Palazzo della Ragione', 'Museo Conte']",Teatro Romano,strategy_nearest,False,0.00308990478515625,success
0489B13A9C4C80,2,['Casa Giulietta'],Torre Lamberti,"['Sighseeing', 'Centro Fotografia', 'Museo Conte', 'Palazzo della Ragione', 'AMO']",Teatro Romano,strategy_nearest,False,0.002255678176879883,success
0489B2429C4C80,1,['Torre Lamberti'],Palazzo della Ragione,"['AMO', 'Museo Conte', 'Centro Fotografia', 'Sighseeing', 'Santa Anastasia']",Arena,strategy_nearest,False,0.0026357173919677734,success
0489B5429C4C80,3,"['Arena', 'San Fermo', 'Torre Lamberti']",Santa Anastasia,"['AMO', 'Museo Conte', 'Palazzo della Ragione', 'Teatro Romano', 'Centro Fotografia']",Teatro Romano,strategy_nearest,True,0.0027740001678466797,success
0489C7429C4C80,0,['Arena'],Castelvecchio,"['Museo Lapidario', 'Verona Tour', 'Museo Radio', 'San Zeno', 'Sighseeing']",Casa Giulietta,strategy_nearest,False,0.0023632049560546875,success
0489C43A9C4C80,0,['San Zeno'],Castelvecchio,"['Museo Lapidario', 'Verona Tour', 'Arena', 'Museo Radio', 'Sighseeing']",Arena,strategy_nearest,True,0.0026602745056152344,success
0489C73A9C4C80,3,"['San Zeno', 'Santa Anastasia', 'Casa Giulietta']",Arena,"['Verona Tour', 'Museo Lapidario', 'Museo Radio', 'San Fermo', 'Sighseeing']",Torre Lamberti,strategy_nearest,False,0.003160238265991211,success
0489C83A9C4C80,3,"['San Fermo', 'Torre Lamberti']",Santa Anastasia,"['AMO', 'Museo Conte', 'Palazzo della Ragione', 'Teatro Romano', 'Centro Fotografia']",Duomo,strategy_nearest,False,0.0023860931396484375,success
0489CC3A9C4C80,3,"['Arena', 'Santa Anastasia']",Torre Lamberti,"['Sighseeing', 'Centro Fotografia', 'Museo Conte', 'Casa Giulietta', 'Palazzo della Ragione']",Duomo,strategy_nearest,False,0.0017740726470947266,success
0489C8429C4C80,3,"['Duomo', 'Santa Anastasia']",Torre Lamberti,"['Sighseeing', 'Centro Fotografia', 'Museo Conte', 'Casa Giulietta', 'Palazzo della Ragione']",Casa Giulietta,strategy_nearest,True,0.0027799606323242188,success
0489CC429C4C80,3,"['Torre Lamberti', 'Casa Giulietta', 'Santa Anastasia']",Duomo,"['AMO', 'Museo Miniscalchi', 'Teatro Romano', 'Palazzo della Ragione', 'Museo Conte']",Arena,strategy_nearest,False,0.0029230117797851562,success
0489D03A9C4C80,0,['Castelvecchio'],Torre Lamberti,"['Sighseeing', 'Centro Fotografia', 'Museo Conte', 'Casa Giulietta', 'Palazzo della Ragione']",Casa Giulietta,strategy_nearest,True,0.0033316612243652344,success
0489D8BA7B3F80,0,['Casa Giulietta'],Teatro Romano,"['Santa Anastasia', 'Duomo', 'AMO', 'Palazzo della Ragione', 'Museo Conte']",Arena,strategy_nearest,False,0.0024280548095703125,success
0489DA3A9C4C80,3,"['Arena', 'Museo Lapidario']",Torre Lamberti,"['Sighseeing', 'Centro Fotografia', 'Museo Conte', 'Casa Giulietta', 'Palazzo della Ragione']",Santa Anastasia,strategy_nearest,False,0.0030629634857177734,success
0489E43A9C4C80,0,['Arena'],Casa Giulietta,"['Centro Fotografia', 'Sighseeing', 'Torre Lamberti', 'Museo Conte', 'Museo Radio']",Torre Lamberti,strategy_nearest,True,0.002296924591064453,success
0489ED3A9C4C80,1,"['Tomba Giulietta', 'Arena', 'Torre Lamberti']",Palazzo della Ragione,"['AMO', 'Museo Conte', 'Centro Fotografia', 'Sighseeing', 'Santa Anastasia']",Santa Anastasia,strategy_nearest,True,0.002791881561279297,success
0489EA429C4C80,3,"['Castelvecchio', 'Arena', 'Casa Giulietta']",Santa Anastasia,"['AMO', 'Museo Conte', 'Palazzo della Ragione', 'Teatro Romano', 'Centro Fotografia']",Teatro Romano,strategy_nearest,True,0.0020689964294433594,success
0489F13A9C4C80,2,['Castelvecchio'],Casa Giulietta,"['Centro Fotografia', 'Sighseeing', 'Torre Lamberti', 'Museo Conte', 'Museo Radio']",Duomo,strategy_nearest,False,0.003081083297729492,success
0489F33A9C4C80,3,"['Torre Lamberti', 'Santa Anastasia']",Arena,"['Verona Tour', 'Museo Lapidario', 'Museo Radio', 'San Fermo', 'Casa Giulietta']",Tomba Giulietta,strategy_nearest,False,0.0030629634857177734,success
048A0C3A9C4C84,2,"['Casa Giulietta', 'Torre Lamberti']",Santa Anastasia,"['AMO', 'Museo Conte', 'Palazzo della Ragione', 'Teatro Romano', 'Centro Fotografia']",Duomo,strategy_nearest,False,0.0027642250061035156,success
048A00429C4C84,0,['Arena'],Torre Lamberti,"['Sighseeing', 'Centro Fotografia', 'Museo Conte', 'Casa Giulietta', 'Palazzo della Ragione']",Casa Giulietta,strategy_nearest,True,0.002157926559448242,success
048A0DC27B3F84,2,['Santa Anastasia'],Torre Lamberti,"['Sighseeing', 'Centro Fotografia', 'Museo Conte', 'Casa Giulietta', 'Palazzo della Ragione']",Casa Giulietta,strategy_nearest,True,0.0031571388244628906,success
048A16429C4C84,3,"['Arena', 'Casa Giulietta']",Torre Lamberti,"['Sighseeing', 'Centro Fotografia', 'Museo Conte', 'Palazzo della Ragione', 'AMO']",Santa Anastasia,strategy_nearest,False,0.0020856857299804688,success
048A0E3A9C4C84,1,['Arena'],Casa Giulietta,"['Centro Fotografia', 'Sighseeing', 'Torre Lamberti', 'Museo Conte', 'Museo Radio']",Palazzo della Ragione,strategy_nearest,False,0.0023038387298583984,success
048A153A9C4C80,1,"['Castelvecchio', 'Arena']",Casa Giulietta,"['Centro Fotografia', 'Sighseeing', 'Torre Lamberti', 'Museo Conte', 'Museo Radio']",Palazzo della Ragione,strategy_nearest,False,0.0027489662170410156,success
048A173A9C4C84,0,['Arena'],Castelvecchio,"['Museo Lapidario', 'Verona Tour', 'Museo Radio', 'San Zeno', 'Sighseeing']",Casa Giulietta,strategy_nearest,False,0.0024089813232421875,success
048A1A429C4C84,3,['Arena'],Torre Lamberti,"['Sighseeing', 'Centro Fotografia', 'Museo Conte', 'Casa Giulietta', 'Palazzo della Ragione']",Santa Anastasia,strategy_nearest,False,0.0018641948699951172,success
048A1F3A9C4C80,0,"['Castelvecchio', 'San Zeno']",Duomo,"['AMO', 'Museo Miniscalchi', 'Santa Anastasia', 'Teatro Romano', 'Palazzo della Ragione']",Arena,strategy_nearest,False,0.002565145492553711,success
048A223A9C4C80,0,['Casa Giulietta'],Arena,"['Verona Tour', 'Museo Lapidario', 'Museo Radio', 'San Fermo', 'Sighseeing']",Teatro Romano,strategy_nearest,False,0.0022668838500976562,success
048A233A9C4C80,3,"['Teatro Romano', 'Arena', 'Torre Lamberti']",Castelvecchio,"['Museo Lapidario', 'Verona Tour', 'Museo Radio', 'San Zeno', 'Sighseeing']",Duomo,strategy_nearest,False,0.0019481182098388672,success
048A22429C4C80,3,"['Arena', 'San Zeno']",Teatro Romano,"['Santa Anastasia', 'Duomo', 'AMO', 'Palazzo della Ragione', 'Museo Conte']",Duomo,strategy_nearest,True,0.003122091293334961,success
048A253A9C4C80,0,['Casa Giulietta'],Arena,"['Verona Tour', 'Museo Lapidario', 'Museo Radio', 'San Fermo', 'Sighseeing']",Castelvecchio,strategy_nearest,False,0.002418041229248047,success
048A304A9C4C80,2,"['San Zeno', 'Castelvecchio']",Casa Giulietta,"['Centro Fotografia', 'Sighseeing', 'Torre Lamberti', 'Museo Conte', 'Museo Radio']",Palazzo della Ragione,strategy_nearest,False,0.0023679733276367188,success
048A34429C4C80,3,"['Arena', 'Torre Lamberti']",Casa Giulietta,"['Centro Fotografia', 'Sighseeing', 'Museo Conte', 'Museo Radio', 'Palazzo della Ragione']",Castelvecchio,strategy_nearest,False,0.0030498504638671875,success
048A35429C4C80,1,['Castelvecchio'],Palazzo della Ragione,"['AMO', 'Museo Conte', 'Torre Lamberti', 'Centro Fotografia', 'Sighseeing']",Casa Giulietta,strategy_nearest,False,0.0017499923706054688,success
048A39429C4C80,0,['Arena'],Casa Giulietta,"['Centro Fotografia', 'Sighseeing', 'Torre Lamberti', 'Museo Conte', 'Museo Radio']",Giardino Giusti,strategy_nearest,False,0.002177715301513672,success
048A3E3A9C4C80,3,"['Arena', 'Torre Lamberti', 'Casa Giulietta']",Tomba Giulietta,"['San Fermo', 'Museo Storia', 'Museo Lapidario', 'Museo Radio', 'Verona Tour']",Castelvecchio,strategy_nearest,False,0.0020728111267089844,success
048A5A429C4C80,3,"['Castelvecchio', 'Arena']",Teatro Romano,"['Santa Anastasia', 'Duomo', 'AMO', 'Palazzo della Ragione', 'Museo Conte']",Casa Giulietta,strategy_nearest,False,0.0019352436065673828,success
048A5F429C4C80,2,"['Castelvecchio', 'San Zeno', 'Teatro Romano']",San Fermo,"['Museo Storia', 'Museo Radio', 'Casa Giulietta', 'Centro Fotografia', 'Arena']",Duomo,strategy_nearest,False,0.0026960372924804688,success
048A473A9C4C80,2,['Casa Giulietta'],Teatro Romano,"['Santa Anastasia', 'Duomo', 'AMO', 'Palazzo della Ragione', 'Museo Conte']",Castelvecchio,strategy_nearest,False,0.003329038619995117,success
048A63429C4C80,1,"['Arena', 'Castelvecchio']",Santa Anastasia,"['AMO', 'Museo Conte', 'Palazzo della Ragione', 'Teatro Romano', 'Centro Fotografia']",Palazzo della Ragione,strategy_nearest,True,0.0018820762634277344,success
048A6F3A9C4C80,2,['Teatro Romano'],Duomo,"['AMO', 'Museo Miniscalchi', 'Santa Anastasia', 'Palazzo della Ragione', 'Museo Conte']",Castelvecchio,strategy_nearest,False,0.0032777786254882812,success
048A6B429C4C80,3,['Arena'],Santa Anastasia,"['AMO', 'Museo Conte', 'Palazzo della Ragione', 'Teatro Romano', 'Centro Fotografia']",Duomo,strategy_nearest,False,0.0019047260284423828,success
048A6F429C4C80,0,['Tomba Giulietta'],Arena,"['Verona Tour', 'Museo Lapidario', 'Museo Radio', 'San Fermo', 'Casa Giulietta']",San Zeno,strategy_nearest,False,0.0026540756225585938,success
048A72429C4C80,0,['Arena'],Duomo,"['AMO', 'Museo Miniscalchi', 'Santa Anastasia', 'Teatro Romano', 'Palazzo della Ragione']",Casa Giulietta,strategy_nearest,False,0.002534151077270508,success
048A793A9C4C80,0,['Casa Giulietta'],Arena,"['Verona Tour', 'Museo Lapidario', 'Museo Radio', 'San Fermo', 'Sighseeing']",San Zeno,strategy_nearest,False,0.0018680095672607422,success
048A773A9C4C80,2,"['Castelvecchio', 'Torre Lamberti', 'Santa Anastasia']",Casa Giulietta,"['Centro Fotografia', 'Sighseeing', 'Museo Conte', 'Museo Radio', 'Palazzo della Ragione']",Teatro Romano,strategy_nearest,False,0.0026540756225585938,success
048A7B429C4C80,3,['Arena'],Santa Anastasia,"['AMO', 'Museo Conte', 'Palazzo della Ragione', 'Teatro Romano', 'Centro Fotografia']",Torre Lamberti,strategy_nearest,False,0.00292205810546875,success
048A803A9C4C80,0,['Arena'],Torre Lamberti,"['Sighseeing', 'Centro Fotografia', 'Museo Conte', 'Casa Giulietta', 'Palazzo della Ragione']",Casa Giulietta,strategy_nearest,True,0.001847982406616211,success
048A853A9C4C80,0,['Arena'],Castelvecchio,"['Museo Lapidario', 'Verona Tour', 'Museo Radio', 'San Zeno', 'Sighseeing']",Torre Lamberti,strategy_nearest,False,0.002048015594482422,success
048A88429C4C80,3,"['San Fermo', 'Arena']",Duomo,"['AMO', 'Museo Miniscalchi', 'Santa Anastasia', 'Teatro Romano', 'Palazzo della Ragione']",Casa Giulietta,strategy_nearest,False,0.003059864044189453,success
048A873A9C4C80,2,"['San Fermo', 'Casa Giulietta']",Torre Lamberti,"['Sighseeing', 'Centro Fotografia', 'Museo Conte', 'Palazzo della Ragione', 'AMO']",Santa Anastasia,strategy_nearest,False,0.002664327621459961,success
048A8D429C4C80,0,['Arena'],Castelvecchio,"['Museo Lapidario', 'Verona Tour', 'Museo Radio', 'San Zeno', 'Sighseeing']",Casa Giulietta,strategy_nearest,False,0.0022118091583251953,success
048A8F3A9C4C80,3,['Arena'],Santa Anastasia,"['AMO', 'Museo Conte', 'Palazzo della Ragione', 'Teatro Romano', 'Centro Fotografia']",Duomo,strategy_nearest,False,0.0023429393768310547,success
048A8E3A9C4C80,3,"['Arena', 'Casa Giulietta']",Torre Lamberti,"['Sighseeing', 'Centro Fotografia', 'Museo Conte', 'Palazzo della Ragione', 'AMO']",Santa Anastasia,strategy_nearest,False,0.002593994140625,success
048A99429C4C80,2,['Castelvecchio'],Casa Giulietta,"['Centro Fotografia', 'Sighseeing', 'Torre Lamberti', 'Museo Conte', 'Museo Radio']",Tomba Giulietta,strategy_nearest,False,0.0025572776794433594,success
048A9F429C4C80,0,['Arena'],Castelvecchio,"['Museo Lapidario', 'Verona Tour', 'Museo Radio', 'San Zeno', 'Sighseeing']",San Zeno,strategy_nearest,True,0.002601146697998047,success
048AA04A9C4C80,2,['Castelvecchio'],Casa Giulietta,"['Centro Fotografia', 'Sighseeing', 'Torre Lamberti', 'Museo Conte', 'Museo Radio']",Teatro Romano,strategy_nearest,False,0.0025429725646972656,success
048AA5429C4C80,2,['Castelvecchio'],Teatro Romano,"['Santa Anastasia', 'Duomo', 'AMO', 'Palazzo della Ragione', 'Museo Conte']",Torre Lamberti,strategy_nearest,False,0.003340005874633789,success
048AA6429C4C80,2,"['Casa Giulietta', 'Torre Lamberti']",Santa Anastasia,"['AMO', 'Museo Conte', 'Palazzo della Ragione', 'Teatro Romano', 'Centro Fotografia']",Teatro Romano,strategy_nearest,True,0.0017189979553222656,success
048AA64A9C4C80,2,"['Castelvecchio', 'Casa Giulietta']",Santa Anastasia,"['AMO', 'Museo Conte', 'Palazzo della Ragione', 'Teatro Romano', 'Centro Fotografia']",Teatro Romano,strategy_nearest,True,0.0022978782653808594,success
048AAB4A9C4C80,0,['Torre Lamberti'],Casa Giulietta,"['Centro Fotografia', 'Sighseeing', 'Museo Conte', 'Museo Radio', 'Palazzo della Ragione']",Arena,strategy_nearest,False,0.0021686553955078125,success
048AAC3A9C4C80,3,['Arena'],Torre Lamberti,"['Sighseeing', 'Centro Fotografia', 'Museo Conte', 'Casa Giulietta', 'Palazzo della Ragione']",Casa Giulietta,strategy_nearest,True,0.0019850730895996094,success
048AAE429C4C80,0,['Arena'],Casa Giulietta,"['Centro Fotografia', 'Sighseeing', 'Torre Lamberti', 'Museo Conte', 'Museo Radio']",Torre Lamberti,strategy_nearest,True,0.002505779266357422,success
048AAF429C4C80,3,['Arena'],Torre Lamberti,"['Sighseeing', 'Centro Fotografia', 'Museo Conte', 'Casa Giulietta', 'Palazzo della Ragione']",Santa Anastasia,strategy_nearest,False,0.0024368762969970703,success
048AB3429C4C80,3,"['Arena', 'Torre Lamberti']",Santa Anastasia,"['AMO', 'Museo Conte', 'Palazzo della Ragione', 'Teatro Romano', 'Centro Fotografia']",Duomo,strategy_nearest,False,0.0029382705688476562,success
048ABA429C4C80,3,"['Arena', 'Santa Anastasia']",Duomo,"['AMO', 'Museo Miniscalchi', 'Teatro Romano', 'Palazzo della Ragione', 'Museo Conte']",Casa Giulietta,strategy_nearest,False,0.002541065216064453,success
048AB6429C4C80,0,['Casa Giulietta'],Arena,"['Verona Tour', 'Museo Lapidario', 'Museo Radio', 'San Fermo', 'Sighseeing']",Giardino Giusti,strategy_nearest,False,0.0018680095672607422,success
048AC13A9C4C80,0,"['Castelvecchio', 'Casa Giulietta']",Teatro Romano,"['Santa Anastasia', 'Duomo', 'AMO', 'Palazzo della Ragione', 'Museo Conte']",Duomo,strategy_nearest,True,0.0023059844970703125,success
048AC1429C4C80,0,['Arena'],Casa Giulietta,"['Centro Fotografia', 'Sighseeing', 'Torre Lamberti', 'Museo Conte', 'Museo Radio']",Torre Lamberti,strategy_nearest,True,0.0024220943450927734,success
048AC73A9C4C80,3,"['Arena', 'Casa Giulietta']",Teatro Romano,"['Santa Anastasia', 'Duomo', 'AMO', 'Palazzo della Ragione', 'Museo Conte']",Duomo,strategy_nearest,True,0.0017940998077392578,success
048AC8429C4C80,0,['Arena'],Santa Anastasia,"['AMO', 'Museo Conte', 'Palazzo della Ragione', 'Teatro Romano', 'Centro Fotografia']",Casa Giulietta,strategy_nearest,False,0.0024690628051757812,success
048AD73A9C4C80,1,"['Arena', 'Torre Lamberti']",Palazzo della Ragione,"['AMO', 'Museo Conte', 'Centro Fotografia', 'Sighseeing', 'Santa Anastasia']",Duomo,strategy_nearest,False,0.0031359195709228516,success
048ADD3A9C4C80,2,['Castelvecchio'],Duomo,"['AMO', 'Museo Miniscalchi', 'Santa Anastasia', 'Teatro Romano', 'Palazzo della Ragione']",Santa Anastasia,strategy_nearest,True,0.0018618106842041016,success
048AE0429C4C80,2,"['Castelvecchio', 'San Zeno', 'San Fermo']",Teatro Romano,"['Santa Anastasia', 'Duomo', 'AMO', 'Palazzo della Ragione', 'Museo Conte']",Santa Anastasia,strategy_nearest,True,0.0023238658905029297,success
048AE43A9C4C80,0,['Arena'],Torre Lamberti,"['Sighseeing', 'Centro Fotografia', 'Museo Conte', 'Casa Giulietta', 'Palazzo della Ragione']",Giardino Giusti,strategy_nearest,False,0.0023698806762695312,success
048AE53A9C4C80,0,['Arena'],Casa Giulietta,"['Centro Fotografia', 'Sighseeing', 'Torre Lamberti', 'Museo Conte', 'Museo Radio']",Casa Giulietta,strategy_nearest,False,0.003898143768310547,success
048AEF3A9C4C80,0,['Arena'],Casa Giulietta,"['Centro Fotografia', 'Sighseeing', 'Torre Lamberti', 'Museo Conte', 'Museo Radio']",Duomo,strategy_nearest,False,0.0019369125366210938,success
048AF43A9C4C80,0,['Tomba Giulietta'],Arena,"['Verona Tour', 'Museo Lapidario', 'Museo Radio', 'San Fermo', 'Casa Giulietta']",Casa Giulietta,strategy_nearest,True,0.0021729469299316406,success
048B043A9C4C84,0,['Arena'],Casa Giulietta,"['Centro Fotografia', 'Sighseeing', 'Torre Lamberti', 'Museo Conte', 'Museo Radio']",Giardino Giusti,strategy_nearest,False,0.0021979808807373047,success
048B0A3A9C4C84,2,['Torre Lamberti'],Santa Anastasia,"['AMO', 'Museo Conte', 'Palazzo della Ragione', 'Teatro Romano', 'Centro Fotografia']",Casa Giulietta,strategy_nearest,False,0.0019292831420898438,success
048B073A9C4C84,3,"['Arena', 'Museo Lapidario', 'Castelvecchio']",Teatro Romano,"['Santa Anastasia', 'Duomo', 'AMO', 'Palazzo della Ragione', 'Museo Conte']",Torre Lamberti,strategy_nearest,False,0.0030677318572998047,success
048B063A9C4C84,0,['Arena'],Castelvecchio,"['Museo Lapidario', 'Verona Tour', 'Museo Radio', 'San Zeno', 'Sighseeing']",San Zeno,strategy_nearest,True,0.00261688232421875,success
048B0E429C4C80,2,"['San Zeno', 'Castelvecchio']",Duomo,"['AMO', 'Museo Miniscalchi', 'Santa Anastasia', 'Teatro Romano', 'Palazzo della Ragione']",Casa Giulietta,strategy_nearest,False,0.0031638145446777344,success
048B11429C4C80,1,"['Arena', 'Castelvecchio', 'San Fermo']",Casa Giulietta,"['Centro Fotografia', 'Sighseeing', 'Torre Lamberti', 'Museo Conte', 'Museo Radio']",Torre Lamberti,strategy_nearest,True,0.0015938282012939453,success
048B24429C4C80,1,"['Teatro Romano', 'Santa Anastasia', 'Torre Lamberti']",Palazzo della Ragione,"['AMO', 'Museo Conte', 'Centro Fotografia', 'Sighseeing', 'Museo Miniscalchi']",Casa Giulietta,strategy_nearest,False,0.001953125,success
048B1F429C4C84,0,"['Castelvecchio', 'Arena']",Casa Giulietta,"['Centro Fotografia', 'Sighseeing', 'Torre Lamberti', 'Museo Conte', 'Museo Radio']",Torre Lamberti,strategy_nearest,True,0.002850055694580078,success
048B273A9C4C80,0,['Arena'],Torre Lamberti,"['Sighseeing', 'Centro Fotografia', 'Museo Conte', 'Casa Giulietta', 'Palazzo della Ragione']",Casa Giulietta,strategy_nearest,True,0.0022258758544921875,success
048B253A9C4C80,0,['Arena'],Casa Giulietta,"['Centro Fotografia', 'Sighseeing', 'Torre Lamberti', 'Museo Conte', 'Museo Radio']",San Zeno,strategy_nearest,False,0.0030269622802734375,success
048B3D429C4C80,3,"['Casa Giulietta', 'Torre Lamberti']",Santa Anastasia,"['AMO', 'Museo Conte', 'Palazzo della Ragione', 'Teatro Romano', 'Centro Fotografia']",Duomo,strategy_nearest,False,0.001955747604370117,success
048B2D4A9C4C80,2,"['Casa Giulietta', 'Castelvecchio']",Santa Anastasia,"['AMO', 'Museo Conte', 'Palazzo della Ragione', 'Teatro Romano', 'Centro Fotografia']",Teatro Romano,strategy_nearest,True,0.0013880729675292969,success
048B403A9C4C80,2,"['Castelvecchio', 'Teatro Romano']",Duomo,"['AMO', 'Museo Miniscalchi', 'Santa Anastasia', 'Palazzo della Ragione', 'Museo Conte']",Casa Giulietta,strategy_nearest,False,0.0024099349975585938,success
048B4C429C4C80,0,['Arena'],Museo Lapidario,"['Verona Tour', 'Castelvecchio', 'Museo Radio', 'San Fermo', 'Casa Giulietta']",Castelvecchio,strategy_nearest,True,0.0032570362091064453,success
048B4D3A9C4C80,3,['Arena'],Duomo,"['AMO', 'Museo Miniscalchi', 'Santa Anastasia', 'Teatro Romano', 'Palazzo della Ragione']",Santa Anastasia,strategy_nearest,True,0.002238035202026367,success
048B65429C4C80,0,['Arena'],Casa Giulietta,"['Centro Fotografia', 'Sighseeing', 'Torre Lamberti', 'Museo Conte', 'Museo Radio']",Castelvecchio,strategy_nearest,False,0.0027909278869628906,success
048B97429C4C80,1,"['Arena', 'Torre Lamberti']",Torre Lamberti,"['Sighseeing', 'Centro Fotografia', 'Museo Conte', 'Casa Giulietta', 'Palazzo della Ragione']",Palazzo della Ragione,strategy_nearest,True,0.0027539730072021484,success
048B9F429C4C80,0,['Arena'],Casa Giulietta,"['Centro Fotografia', 'Sighseeing', 'Torre Lamberti', 'Museo Conte', 'Museo Radio']",San Zeno,strategy_nearest,False,0.0031671524047851562,success
048BA9429C4C80,3,"['Arena', 'Museo Lapidario']",Casa Giulietta,"['Centro Fotografia', 'Sighseeing', 'Torre Lamberti', 'Museo Conte', 'Museo Radio']",Santa Anastasia,strategy_nearest,False,0.0014319419860839844,success
048BA2429C4C80,0,['Torre Lamberti'],Casa Giulietta,"['Centro Fotografia', 'Sighseeing', 'Museo Conte', 'Museo Radio', 'Palazzo della Ragione']",Arena,strategy_nearest,False,0.003186941146850586,success
048BAA4A9C4C80,3,['Arena'],Casa Giulietta,"['Centro Fotografia', 'Sighseeing', 'Torre Lamberti', 'Museo Conte', 'Museo Radio']",Santa Anastasia,strategy_nearest,False,0.0018229484558105469,success
048BC13A9C4C80,0,['Arena'],Casa Giulietta,"['Centro Fotografia', 'Sighseeing', 'Torre Lamberti', 'Museo Conte', 'Museo Radio']",Castelvecchio,strategy_nearest,False,0.0033409595489501953,success
048BC33A9C4C80,3,['Arena'],Santa Anastasia,"['AMO', 'Museo Conte', 'Palazzo della Ragione', 'Teatro Romano', 'Centro Fotografia']",Duomo,strategy_nearest,False,0.0020868778228759766,success
048BC3429C4C80,1,"['Arena', 'Castelvecchio']",Casa Giulietta,"['Centro Fotografia', 'Sighseeing', 'Torre Lamberti', 'Museo Conte', 'Museo Radio']",Torre Lamberti,strategy_nearest,True,0.0026497840881347656,success
048BC7429C4C80,2,"['Casa Giulietta', 'Teatro Romano']",Castelvecchio,"['Museo Lapidario', 'Verona Tour', 'Arena', 'Museo Radio', 'San Zeno']",San Zeno,strategy_nearest,True,0.0032439231872558594,success
048BC8429C4C80,0,['Teatro Romano'],Duomo,"['AMO', 'Museo Miniscalchi', 'Santa Anastasia', 'Palazzo della Ragione', 'Museo Conte']",Casa Giulietta,strategy_nearest,False,0.0019538402557373047,success
048BE2429C4C80,3,"['Casa Giulietta', 'Santa Anastasia']",Torre Lamberti,"['Sighseeing', 'Centro Fotografia', 'Museo Conte', 'Palazzo della Ragione', 'AMO']",Arena,strategy_nearest,False,0.002917766571044922,success
048BC93A9C4C80,2,['Palazzo della Ragione'],Torre Lamberti,"['Sighseeing', 'Centro Fotografia', 'Museo Conte', 'Casa Giulietta', 'AMO']",Casa Giulietta,strategy_nearest,True,0.002727031707763672,success
048BCA429C4C80,0,"['Castelvecchio', 'Arena']",San Fermo,"['Museo Storia', 'Museo Radio', 'Casa Giulietta', 'Centro Fotografia', 'Sighseeing']",Casa Giulietta,strategy_nearest,True,0.0026938915252685547,success
048BE43A9C4C80,3,['Torre Lamberti'],Santa Anastasia,"['AMO', 'Museo Conte', 'Palazzo della Ragione', 'Teatro Romano', 'Centro Fotografia']",Torre Lamberti,strategy_nearest,False,0.002187013626098633,success
048BF3429C4C80,3,"['Casa Giulietta', 'Torre Lamberti', 'Arena']",San Zeno,"['Castelvecchio', 'Verona Tour', 'Museo Lapidario', 'Museo Miniscalchi', 'Sighseeing']",Giardino Giusti,strategy_nearest,False,0.001924753189086914,success
048BF6429C4C80,3,"['San Zeno', 'Arena', 'Casa Giulietta']",Torre Lamberti,"['Sighseeing', 'Centro Fotografia', 'Museo Conte', 'Palazzo della Ragione', 'AMO']",Santa Anastasia,strategy_nearest,False,0.0027010440826416016,success
048BFD429C4C80,1,"['Arena', 'Santa Anastasia', 'Casa Giulietta']",Palazzo della Ragione,"['AMO', 'Museo Conte', 'Torre Lamberti', 'Centro Fotografia', 'Sighseeing']",Torre Lamberti,strategy_nearest,True,0.0026280879974365234,success
048BFF3A9C4C80,0,['Arena'],Castelvecchio,"['Museo Lapidario', 'Verona Tour', 'Museo Radio', 'San Zeno', 'Sighseeing']",Casa Giulietta,strategy_nearest,False,0.0016927719116210938,success
048BFE429C4C80,3,"['Arena', 'Museo Lapidario']",Castelvecchio,"['Verona Tour', 'Museo Radio', 'San Zeno', 'Sighseeing', 'Museo Miniscalchi']",Duomo,strategy_nearest,False,0.003134012222290039,success
048C074A9C4C80,0,['San Fermo'],Teatro Romano,"['Santa Anastasia', 'Duomo', 'AMO', 'Palazzo della Ragione', 'Museo Conte']",Arena,strategy_nearest,False,0.0022470951080322266,success
048C113A9C4C80,3,['Arena'],Santa Anastasia,"['AMO', 'Museo Conte', 'Palazzo della Ragione', 'Teatro Romano', 'Centro Fotografia']",Teatro Romano,strategy_nearest,True,0.002599954605102539,success
048C0D429C4C80,0,['Arena'],Casa Giulietta,"['Centro Fotografia', 'Sighseeing', 'Torre Lamberti', 'Museo Conte', 'Museo Radio']",Castelvecchio,strategy_nearest,False,0.0026140213012695312,success
048C123A9C4C84,1,['Arena'],Torre Lamberti,"['Sighseeing', 'Centro Fotografia', 'Museo Conte', 'Casa Giulietta', 'Palazzo della Ragione']",Palazzo della Ragione,strategy_nearest,True,0.0029430389404296875,success
048C0E3A9C4C84,3,"['Arena', 'Casa Giulietta']",Tomba Giulietta,"['San Fermo', 'Museo Storia', 'Museo Lapidario', 'Museo Radio', 'Verona Tour']",Santa Anastasia,strategy_nearest,False,0.0032639503479003906,success
048C183A9C4C80,1,"['Arena', 'Museo Lapidario', 'Castelvecchio']",Santa Anastasia,"['AMO', 'Museo Conte', 'Palazzo della Ragione', 'Teatro Romano', 'Centro Fotografia']",Casa Giulietta,strategy_nearest,False,0.0027980804443359375,success
048C153A9C4C84,0,['Arena'],Casa Giulietta,"['Centro Fotografia', 'Sighseeing', 'Torre Lamberti', 'Museo Conte', 'Museo Radio']",Torre Lamberti,strategy_nearest,True,0.0021049976348876953,success
048C193A9C4C80,3,['Arena'],Santa Anastasia,"['AMO', 'Museo Conte', 'Palazzo della Ragione', 'Teatro Romano', 'Centro Fotografia']",Duomo,strategy_nearest,False,0.0032281875610351562,success
048C19429C4C84,2,"['Teatro Romano', 'Santa Anastasia']",Casa Giulietta,"['Centro Fotografia', 'Sighseeing', 'Torre Lamberti', 'Museo Conte', 'Museo Radio']",Palazzo della Ragione,strategy_nearest,False,0.0022830963134765625,success
048C24429C4C80,1,"['Arena', 'Torre Lamberti', 'Palazzo della Ragione', 'Casa Giulietta']",San Fermo,"['Museo Storia', 'Museo Radio', 'Centro Fotografia', 'Sighseeing', 'Museo Conte']",Giardino Giusti,strategy_nearest,False,0.002148151397705078,success
048C1F429C4C84,3,['Arena'],Casa Giulietta,"['Centro Fotografia', 'Sighseeing', 'Torre Lamberti', 'Museo Conte', 'Museo Radio']",Santa Anastasia,strategy_nearest,False,0.003103017807006836,success
048C223A9C4C80,1,"['Castelvecchio', 'Arena', 'Tomba Giulietta', 'San Fermo']",Casa Giulietta,"['Centro Fotografia', 'Sighseeing', 'Torre Lamberti', 'Museo Conte', 'Museo Radio']",Teatro Romano,strategy_nearest,False,0.0015850067138671875,success
048C253A9C4C80,0,['Arena'],Casa Giulietta,"['Centro Fotografia', 'Sighseeing', 'Torre Lamberti', 'Museo Conte', 'Museo Radio']",San Fermo,strategy_nearest,False,0.00403594970703125,success
048C293A9C4C80,3,"['Casa Giulietta', 'Teatro Romano']",Duomo,"['AMO', 'Museo Miniscalchi', 'Santa Anastasia', 'Palazzo della Ragione', 'Museo Conte']",Santa Anastasia,strategy_nearest,True,0.0017218589782714844,success
048C2E429C4C80,0,['Arena'],Torre Lamberti,"['Sighseeing', 'Centro Fotografia', 'Museo Conte', 'Casa Giulietta', 'Palazzo della Ragione']",Casa Giulietta,strategy_nearest,True,0.0031609535217285156,success
048C2C4A9C4C80,0,"['Arena', 'Casa Giulietta']",Torre Lamberti,"['Sighseeing', 'Centro Fotografia', 'Museo Conte', 'Palazzo della Ragione', 'AMO']",Castelvecchio,strategy_nearest,False,0.002403736114501953,success
048C313A9C4C80,0,['Arena'],Giardino Giusti,"['Santa Anastasia', 'Teatro Romano', 'Museo Conte', 'Centro Fotografia', 'Museo Storia']",Torre Lamberti,strategy_nearest,False,0.00339508056640625,success
048C31429C4C80,2,"['Teatro Romano', 'Duomo']",Castelvecchio,"['Museo Lapidario', 'Verona Tour', 'Arena', 'Museo Radio', 'San Zeno']",San Zeno,strategy_nearest,True,0.0031669139862060547,success
048C3D4A9C4C80,0,"['Tomba Giulietta', 'Arena']",Casa Giulietta,"['Centro Fotografia', 'Sighseeing', 'Torre Lamberti', 'Museo Conte', 'Museo Radio']",Teatro Romano,strategy_nearest,False,0.003114938735961914,success
048C5D429C4C80,3,"['Arena', 'Duomo']",Torre Lamberti,"['Sighseeing', 'Centro Fotografia', 'Museo Conte', 'Casa Giulietta', 'Palazzo della Ragione']",Santa Anastasia,strategy_nearest,False,0.002627134323120117,success
048C473A9C4C80,0,['Arena'],Torre Lamberti,"['Sighseeing', 'Centro Fotografia', 'Museo Conte', 'Casa Giulietta', 'Palazzo della Ragione']",Casa Giulietta,strategy_nearest,True,0.0030159950256347656,success
048C4F429C4C80,3,"['Arena', 'Casa Giulietta']",Santa Anastasia,"['AMO', 'Museo Conte', 'Palazzo della Ragione', 'Teatro Romano', 'Centro Fotografia']",Duomo,strategy_nearest,False,0.003604888916015625,success
048C6B429C4C80,0,['Arena'],Casa Giulietta,"['Centro Fotografia', 'Sighseeing', 'Torre Lamberti', 'Museo Conte', 'Museo Radio']",Santa Anastasia,strategy_nearest,False,0.002205371856689453,success
048C5F3A9C4C80,3,"['Museo Lapidario', 'Castelvecchio', 'Torre Lamberti', 'Casa Giulietta']",Tomba Giulietta,"['San Fermo', 'Museo Storia', 'Arena', 'Museo Radio', 'Verona Tour']",Arena,strategy_nearest,True,0.002947092056274414,success
048C6D429C4C80,0,['Arena'],Torre Lamberti,"['Sighseeing', 'Centro Fotografia', 'Museo Conte', 'Casa Giulietta', 'Palazzo della Ragione']",Casa Giulietta,strategy_nearest,True,0.003484010696411133,success
048C6F3A9C4C80,2,"['Casa Giulietta', 'Santa Anastasia', 'Palazzo della Ragione']",Teatro Romano,"['Duomo', 'AMO', 'Museo Conte', 'Centro Fotografia', 'Museo Miniscalchi']",Giardino Giusti,strategy_nearest,False,0.0025930404663085938,success
048C723A9C4C80,1,"['Arena', 'Santa Anastasia']",Torre Lamberti,"['Sighseeing', 'Centro Fotografia', 'Museo Conte', 'Casa Giulietta', 'Palazzo della Ragione']",Palazzo della Ragione,strategy_nearest,True,0.0019040107727050781,success
048C72429C4C80,3,['Santa Anastasia'],Arena,"['Verona Tour', 'Museo Lapidario', 'Museo Radio', 'San Fermo', 'Casa Giulietta']",Castelvecchio,strategy_nearest,False,0.0023560523986816406,success
048C713A9C4C80,3,"['Castelvecchio', 'Arena', 'Tomba Giulietta']",Torre Lamberti,"['Sighseeing', 'Centro Fotografia', 'Museo Conte', 'Casa Giulietta', 'Palazzo della Ragione']",Casa Giulietta,strategy_nearest,True,0.002045154571533203,success
048C843A9C4C80,1,"['Arena', 'Casa Giulietta']",Palazzo della Ragione,"['AMO', 'Museo Conte', 'Torre Lamberti', 'Centro Fotografia', 'Sighseeing']",Torre Lamberti,strategy_nearest,True,0.0015540122985839844,success
048C883A9C4C80,0,['Arena'],Casa Giulietta,"['Centro Fotografia', 'Sighseeing', 'Torre Lamberti', 'Museo Conte', 'Museo Radio']",Torre Lamberti,strategy_nearest,True,0.0020508766174316406,success
048C87429C4C80,1,['Arena'],Torre Lamberti,"['Sighseeing', 'Centro Fotografia', 'Museo Conte', 'Casa Giulietta', 'Palazzo della Ragione']",Palazzo della Ragione,strategy_nearest,True,0.0027730464935302734,success
048C89429C4C80,0,['Arena'],Santa Anastasia,"['AMO', 'Museo Conte', 'Palazzo della Ragione', 'Teatro Romano', 'Centro Fotografia']",Casa Giulietta,strategy_nearest,False,0.003219127655029297,success
048C8C429C4C80,3,['Arena'],Torre Lamberti,"['Sighseeing', 'Centro Fotografia', 'Museo Conte', 'Casa Giulietta', 'Palazzo della Ragione']",Santa Anastasia,strategy_nearest,False,0.0017240047454833984,success
048C8F3A9C4C80,3,"['Torre Lamberti', 'Arena', 'Castelvecchio', 'Casa Giulietta']",Santa Anastasia,"['AMO', 'Museo Conte', 'Palazzo della Ragione', 'Teatro Romano', 'Centro Fotografia']",Duomo,strategy_nearest,False,0.0021419525146484375,success
048CA04A9C4C80,2,"['Castelvecchio', 'Casa Giulietta']",Torre Lamberti,"['Sighseeing', 'Centro Fotografia', 'Museo Conte', 'Palazzo della Ragione', 'AMO']",Duomo,strategy_nearest,False,0.0025010108947753906,success
048C954A9C4C80,0,['Arena'],Castelvecchio,"['Museo Lapidario', 'Verona Tour', 'Museo Radio', 'San Zeno', 'Sighseeing']",Casa Giulietta,strategy_nearest,False,0.0033159255981445312,success
048CA6429C4C80,1,"['Casa Giulietta', 'Santa Anastasia']",Duomo,"['AMO', 'Museo Miniscalchi', 'Teatro Romano', 'Palazzo della Ragione', 'Museo Conte']",Palazzo della Ragione,strategy_nearest,True,0.0024690628051757812,success
048CA73A9C4C80,2,"['Museo Lapidario', 'San Fermo', 'Casa Giulietta']",Torre Lamberti,"['Sighseeing', 'Centro Fotografia', 'Museo Conte', 'Palazzo della Ragione', 'AMO']",Palazzo della Ragione,strategy_nearest,True,0.001990795135498047,success
048CA772743380,2,['San Zeno'],Giardino Giusti,"['Santa Anastasia', 'Teatro Romano', 'Museo Conte', 'Centro Fotografia', 'Museo Storia']",San Fermo,strategy_nearest,False,0.0027196407318115234,success
048CAA4A9C4C80,0,['Arena'],Museo Lapidario,"['Verona Tour', 'Castelvecchio', 'Museo Radio', 'San Fermo', 'Casa Giulietta']",Castelvecchio,strategy_nearest,True,0.0029129981994628906,success
048CB0429C4C80,0,['Arena'],Castelvecchio,"['Museo Lapidario', 'Verona Tour', 'Museo Radio', 'San Zeno', 'Sighseeing']",Casa Giulietta,strategy_nearest,False,0.0022339820861816406,success
048CB2429C4C80,3,"['Arena', 'Casa Giulietta', 'Torre Lamberti']",Santa Anastasia,"['AMO', 'Museo Conte', 'Palazzo della Ragione', 'Teatro Romano', 'Centro Fotografia']",Teatro Romano,strategy_nearest,True,0.0021598339080810547,success
048CB3429C4C80,1,"['Casa Giulietta', 'Torre Lamberti']",Palazzo della Ragione,"['AMO', 'Museo Conte', 'Centro Fotografia', 'Sighseeing', 'Santa Anastasia']",Teatro Romano,strategy_nearest,False,0.0017189979553222656,success
048CB1429C4C80,2,['Castelvecchio'],San Fermo,"['Museo Storia', 'Museo Radio', 'Casa Giulietta', 'Centro Fotografia', 'Arena']",Duomo,strategy_nearest,False,0.0036170482635498047,success
048CB53A9C4C80,3,['San Fermo'],Santa Anastasia,"['AMO', 'Museo Conte', 'Palazzo della Ragione', 'Teatro Romano', 'Centro Fotografia']",Duomo,strategy_nearest,False,0.0030488967895507812,success
048CB9429C4C80,0,['Arena'],Casa Giulietta,"['Centro Fotografia', 'Sighseeing', 'Torre Lamberti', 'Museo Conte', 'Museo Radio']",Castelvecchio,strategy_nearest,False,0.0026123523712158203,success
048CBB429C4C80,0,['Arena'],Casa Giulietta,"['Centro Fotografia', 'Sighseeing', 'Torre Lamberti', 'Museo Conte', 'Museo Radio']",Torre Lamberti,strategy_nearest,True,0.0027310848236083984,success
048CC33A9C4C80,3,"['Arena', 'Museo Lapidario']",San Fermo,"['Museo Storia', 'Museo Radio', 'Casa Giulietta', 'Centro Fotografia', 'Sighseeing']",Casa Giulietta,strategy_nearest,True,0.0028858184814453125,success
048CC1429C4C80,2,"['Castelvecchio', 'Palazzo della Ragione']",Torre Lamberti,"['Sighseeing', 'Centro Fotografia', 'Museo Conte', 'Casa Giulietta', 'AMO']",Casa Giulietta,strategy_nearest,True,0.0020728111267089844,success
048CC5429C4C80,0,"['Arena', 'Castelvecchio']",Torre Lamberti,"['Sighseeing', 'Centro Fotografia', 'Museo Conte', 'Casa Giulietta', 'Palazzo della Ragione']",Casa Giulietta,strategy_nearest,True,0.0021829605102539062,success
048CC6429C4C80,1,"['Casa Giulietta', 'Torre Lamberti']",Palazzo della Ragione,"['AMO', 'Museo Conte', 'Centro Fotografia', 'Sighseeing', 'Santa Anastasia']",Duomo,strategy_nearest,False,0.0027348995208740234,success
048CC8429C4C80,3,"['Casa Giulietta', 'Arena', 'Museo Lapidario']",Santa Anastasia,"['AMO', 'Museo Conte', 'Palazzo della Ragione', 'Teatro Romano', 'Centro Fotografia']",Santa Anastasia,strategy_nearest,False,0.0019419193267822266,success
048CC73A9C4C80,1,"['Tomba Giulietta', 'Arena']",Casa Giulietta,"['Centro Fotografia', 'Sighseeing', 'Torre Lamberti', 'Museo Conte', 'Museo Radio']",Palazzo della Ragione,strategy_nearest,False,0.003231048583984375,success
048CCA3A9C4C80,3,['Arena'],Santa Anastasia,"['AMO', 'Museo Conte', 'Palazzo della Ragione', 'Teatro Romano', 'Centro Fotografia']",Duomo,strategy_nearest,False,0.0020117759704589844,success
048CD0429C4C80,1,"['Duomo', 'Santa Anastasia', 'Museo Storia']",Arena,"['Verona Tour', 'Museo Lapidario', 'Museo Radio', 'San Fermo', 'Casa Giulietta']",Casa Giulietta,strategy_nearest,True,0.002564668655395508,success
048CCD429C4C80,3,"['Castelvecchio', 'Arena', 'Torre Lamberti']",Casa Giulietta,"['Centro Fotografia', 'Sighseeing', 'Museo Conte', 'Museo Radio', 'Palazzo della Ragione']",Santa Anastasia,strategy_nearest,False,0.002054929733276367,success
048CDA429C4C80,2,"['Casa Giulietta', 'Giardino Giusti']",Teatro Romano,"['Santa Anastasia', 'Duomo', 'AMO', 'Palazzo della Ragione', 'Museo Conte']",Duomo,strategy_nearest,True,0.0030820369720458984,success
048CF23A9C4C80,2,['Torre Lamberti'],Santa Anastasia,"['AMO', 'Museo Conte', 'Palazzo della Ragione', 'Teatro Romano', 'Centro Fotografia']",Duomo,strategy_nearest,False,0.002511739730834961,success
048CED3A9C4C80,3,"['Arena', 'Castelvecchio']",Casa Giulietta,"['Centro Fotografia', 'Sighseeing', 'Torre Lamberti', 'Museo Conte', 'Museo Radio']",Santa Anastasia,strategy_nearest,False,0.0019860267639160156,success
048CF83A9C4C80,3,['Arena'],Casa Giulietta,"['Centro Fotografia', 'Sighseeing', 'Torre Lamberti', 'Museo Conte', 'Museo Radio']",Santa Anastasia,strategy_nearest,False,0.0025031566619873047,success
048CF93A9C4C80,0,['Arena'],Museo Lapidario,"['Verona Tour', 'Castelvecchio', 'Museo Radio', 'San Fermo', 'Casa Giulietta']",Casa Giulietta,strategy_nearest,True,0.0030159950256347656,success
048CFB3A9C4C80,0,"['Arena', 'Castelvecchio']",Casa Giulietta,"['Centro Fotografia', 'Sighseeing', 'Torre Lamberti', 'Museo Conte', 'Museo Radio']",Duomo,strategy_nearest,False,0.0020720958709716797,success
048D033A9C4C84,3,"['Arena', 'Casa Giulietta']",Torre Lamberti,"['Sighseeing', 'Centro Fotografia', 'Museo Conte', 'Palazzo della Ragione', 'AMO']",Santa Anastasia,strategy_nearest,False,0.002730131149291992,success
048D094A9C4C80,2,"['Castelvecchio', 'Tomba Giulietta', 'Teatro Romano']",Duomo,"['AMO', 'Museo Miniscalchi', 'Santa Anastasia', 'Palazzo della Ragione', 'Museo Conte']",Santa Anastasia,strategy_nearest,True,0.003045797348022461,success
048D0E3A9C4C84,1,['Arena'],Castelvecchio,"['Museo Lapidario', 'Verona Tour', 'Museo Radio', 'San Zeno', 'Sighseeing']",Casa Giulietta,strategy_nearest,False,0.0021729469299316406,success
048D123A9C4C84,0,['Arena'],Castelvecchio,"['Museo Lapidario', 'Verona Tour', 'Museo Radio', 'San Zeno', 'Sighseeing']",Casa Giulietta,strategy_nearest,False,0.0032062530517578125,success
048D1B429C4C84,0,['Arena'],Casa Giulietta,"['Centro Fotografia', 'Sighseeing', 'Torre Lamberti', 'Museo Conte', 'Museo Radio']",Torre Lamberti,strategy_nearest,True,0.0017380714416503906,success
048D1C429C4C80,0,['Casa Giulietta'],Torre Lamberti,"['Sighseeing', 'Centro Fotografia', 'Museo Conte', 'Palazzo della Ragione', 'AMO']",Teatro Romano,strategy_nearest,False,0.0021970272064208984,success
048D223A9C4C84,1,"['Arena', 'Casa Giulietta', 'Torre Lamberti']",Palazzo della Ragione,"['AMO', 'Museo Conte', 'Centro Fotografia', 'Sighseeing', 'Santa Anastasia']",Duomo,strategy_nearest,False,0.0017399787902832031,success
048D273A9C4C80,0,['San Zeno'],Castelvecchio,"['Museo Lapidario', 'Verona Tour', 'Arena', 'Museo Radio', 'Sighseeing']",Casa Giulietta,strategy_nearest,False,0.0024878978729248047,success
048D23429C4C84,0,['Arena'],Casa Giulietta,"['Centro Fotografia', 'Sighseeing', 'Torre Lamberti', 'Museo Conte', 'Museo Radio']",Duomo,strategy_nearest,False,0.0027480125427246094,success
048D253A9C4C80,0,['Arena'],Castelvecchio,"['Museo Lapidario', 'Verona Tour', 'Museo Radio', 'San Zeno', 'Sighseeing']",Tomba Giulietta,strategy_nearest,False,0.0032300949096679688,success
048D37429C4C80,3,"['Arena', 'Castelvecchio', 'Duomo', 'Santa Anastasia']",San Fermo,"['Museo Storia', 'Museo Radio', 'Casa Giulietta', 'Centro Fotografia', 'Sighseeing']",San Zeno,strategy_nearest,False,0.0020411014556884766,success
048D2F429C4C80,1,"['Arena', 'Castelvecchio', 'Torre Lamberti']",Palazzo della Ragione,"['AMO', 'Museo Conte', 'Centro Fotografia', 'Sighseeing', 'Santa Anastasia']",Casa Giulietta,strategy_nearest,False,0.002321004867553711,success
048D313A9C4C80,2,"['Casa Giulietta', 'Torre Lamberti']",Palazzo della Ragione,"['AMO', 'Museo Conte', 'Centro Fotografia', 'Sighseeing', 'Santa Anastasia']",Santa Anastasia,strategy_nearest,True,0.002711057662963867,success
048D3B3A9C4C80,0,"['Arena', 'Casa Giulietta']",San Fermo,"['Museo Storia', 'Museo Radio', 'Centro Fotografia', 'Sighseeing', 'Torre Lamberti']",Tomba Giulietta,strategy_nearest,False,0.002978086471557617,success
048D3B4A9C4C80,0,"['Tomba Giulietta', 'Arena']",Casa Giulietta,"['Centro Fotografia', 'Sighseeing', 'Torre Lamberti', 'Museo Conte', 'Museo Radio']",Teatro Romano,strategy_nearest,False,0.0010957717895507812,success
048D3F3A9C4C80,1,"['Arena', 'Torre Lamberti']",Palazzo della Ragione,"['AMO', 'Museo Conte', 'Centro Fotografia', 'Sighseeing', 'Santa Anastasia']",Santa Anastasia,strategy_nearest,True,0.002694845199584961,success
048D4C429C4C80,0,['Arena'],Casa Giulietta,"['Centro Fotografia', 'Sighseeing', 'Torre Lamberti', 'Museo Conte', 'Museo Radio']",Santa Anastasia,strategy_nearest,False,0.003155231475830078,success
048D49429C4C80,0,['Arena'],Casa Giulietta,"['Centro Fotografia', 'Sighseeing', 'Torre Lamberti', 'Museo Conte', 'Museo Radio']",Castelvecchio,strategy_nearest,False,0.0020890235900878906,success
048D56429C4C80,1,"['Castelvecchio', 'Casa Giulietta', 'Palazzo della Ragione']",Santa Anastasia,"['AMO', 'Museo Conte', 'Teatro Romano', 'Centro Fotografia', 'Duomo']",Teatro Romano,strategy_nearest,True,0.001373291015625,success
048D5E429C4C80,0,['Arena'],Casa Giulietta,"['Centro Fotografia', 'Sighseeing', 'Torre Lamberti', 'Museo Conte', 'Museo Radio']",Santa Anastasia,strategy_nearest,False,0.0025663375854492188,success
048D543A9C4C80,0,['Casa Giulietta'],Arena,"['Verona Tour', 'Museo Lapidario', 'Museo Radio', 'San Fermo', 'Sighseeing']",Castelvecchio,strategy_nearest,False,0.0022029876708984375,success
048D643A9C4C80,3,['Arena'],Teatro Romano,"['Santa Anastasia', 'Duomo', 'AMO', 'Palazzo della Ragione', 'Museo Conte']",Santa Anastasia,strategy_nearest,True,0.0032312870025634766,success
048D713A9C4C80,1,['Arena'],Torre Lamberti,"['Sighseeing', 'Centro Fotografia', 'Museo Conte', 'Casa Giulietta', 'Palazzo della Ragione']",Palazzo della Ragione,strategy_nearest,True,0.0013549327850341797,success
048D6E429C4C80,0,['Arena'],Castelvecchio,"['Museo Lapidario', 'Verona Tour', 'Museo Radio', 'San Zeno', 'Sighseeing']",Duomo,strategy_nearest,False,0.0026819705963134766,success
048D68429C4C80,0,['Arena'],Casa Giulietta,"['Centro Fotografia', 'Sighseeing', 'Torre Lamberti', 'Museo Conte', 'Museo Radio']",Castelvecchio,strategy_nearest,False,0.003340005874633789,success
048D783A9C4C80,0,['Arena'],Casa Giulietta,"['Centro Fotografia', 'Sighseeing', 'Torre Lamberti', 'Museo Conte', 'Museo Radio']",Torre Lamberti,strategy_nearest,True,0.003187894821166992,success
048D833A9C4C80,0,['Arena'],Castelvecchio,"['Museo Lapidario', 'Verona Tour', 'Museo Radio', 'San Zeno', 'Sighseeing']",Duomo,strategy_nearest,False,0.0022940635681152344,success
048D793A9C4C80,3,"['Arena', 'Torre Lamberti']",Santa Anastasia,"['AMO', 'Museo Conte', 'Palazzo della Ragione', 'Teatro Romano', 'Centro Fotografia']",Teatro Romano,strategy_nearest,True,0.0018680095672607422,success
048D873A9C4C80,3,"['Arena', 'Casa Giulietta']",Torre Lamberti,"['Sighseeing', 'Centro Fotografia', 'Museo Conte', 'Palazzo della Ragione', 'AMO']",Teatro Romano,strategy_nearest,False,0.002679109573364258,success
048D89429C4C80,3,"['Arena', 'Tomba Giulietta']",Casa Giulietta,"['Centro Fotografia', 'Sighseeing', 'Torre Lamberti', 'Museo Conte', 'Museo Radio']",Torre Lamberti,strategy_nearest,True,0.0029561519622802734,success
048D8B429C4C80,3,"['Arena', 'Museo Lapidario', 'Torre Lamberti']",Casa Giulietta,"['Centro Fotografia', 'Sighseeing', 'Museo Conte', 'Museo Radio', 'Palazzo della Ragione']",San Fermo,strategy_nearest,False,0.0030629634857177734,success
048D8C4A9C4C80,0,"['Casa Giulietta', 'Arena']",Torre Lamberti,"['Sighseeing', 'Centro Fotografia', 'Museo Conte', 'Palazzo della Ragione', 'AMO']",Tomba Giulietta,strategy_nearest,False,0.001767873764038086,success
048D954A9C4C80,3,"['Arena', 'Casa Giulietta']",San Fermo,"['Museo Storia', 'Museo Radio', 'Centro Fotografia', 'Sighseeing', 'Torre Lamberti']",Santa Anastasia,strategy_nearest,False,0.0030670166015625,success
048D96429C4C80,3,['Arena'],Casa Giulietta,"['Centro Fotografia', 'Sighseeing', 'Torre Lamberti', 'Museo Conte', 'Museo Radio']",Santa Anastasia,strategy_nearest,False,0.0016140937805175781,success
048DA9429C4C80,3,"['Arena', 'Casa Giulietta', 'Torre Lamberti']",Santa Anastasia,"['AMO', 'Museo Conte', 'Palazzo della Ragione', 'Teatro Romano', 'Centro Fotografia']",Duomo,strategy_nearest,False,0.0024881362915039062,success
048DAC429C4C80,0,"['Arena', 'Castelvecchio']",Torre Lamberti,"['Sighseeing', 'Centro Fotografia', 'Museo Conte', 'Casa Giulietta', 'Palazzo della Ragione']",Casa Giulietta,strategy_nearest,True,0.0024302005767822266,success
048DAF429C4C80,0,['Arena'],Casa Giulietta,"['Centro Fotografia', 'Sighseeing', 'Torre Lamberti', 'Museo Conte', 'Museo Radio']",San Fermo,strategy_nearest,False,0.002232074737548828,success
048DB2429C4C80,1,"['Arena', 'Casa Giulietta', 'Palazzo della Ragione']",Torre Lamberti,"['Sighseeing', 'Centro Fotografia', 'Museo Conte', 'AMO', 'Museo Miniscalchi']",Tomba Giulietta,strategy_nearest,False,0.0022690296173095703,success
048DB23A9C4C80,0,"['Castelvecchio', 'Arena']",Casa Giulietta,"['Centro Fotografia', 'Sighseeing', 'Torre Lamberti', 'Museo Conte', 'Museo Radio']",Torre Lamberti,strategy_nearest,True,0.0018191337585449219,success
048DB63A9C4C80,2,"['Casa Giulietta', 'Torre Lamberti']",Palazzo della Ragione,"['AMO', 'Museo Conte', 'Centro Fotografia', 'Sighseeing', 'Santa Anastasia']",Santa Anastasia,strategy_nearest,True,0.0025110244750976562,success
048DC03A9C4C80,2,['Torre Lamberti'],Palazzo della Ragione,"['AMO', 'Museo Conte', 'Centro Fotografia', 'Sighseeing', 'Santa Anastasia']",Castelvecchio,strategy_nearest,False,0.0018048286437988281,success
048DD13A9C4C80,0,['Castelvecchio'],Arena,"['Verona Tour', 'Museo Lapidario', 'Museo Radio', 'San Fermo', 'Casa Giulietta']",Casa Giulietta,strategy_nearest,True,0.0017468929290771484,success
048DC23A9C4C80,2,"['Torre Lamberti', 'Palazzo della Ragione']",Santa Anastasia,"['AMO', 'Museo Conte', 'Teatro Romano', 'Centro Fotografia', 'Duomo']",Duomo,strategy_nearest,True,0.0031669139862060547,success
048DD33A9C4C80,1,"['Arena', 'Casa Giulietta']",Torre Lamberti,"['Sighseeing', 'Centro Fotografia', 'Museo Conte', 'Palazzo della Ragione', 'AMO']",Palazzo della Ragione,strategy_nearest,True,0.0030291080474853516,success
048DD93A9C4C80,0,['Arena'],Casa Giulietta,"['Centro Fotografia', 'Sighseeing', 'Torre Lamberti', 'Museo Conte', 'Museo Radio']",Torre Lamberti,strategy_nearest,True,0.0018680095672607422,success
048DDA3A9C4C80,1,"['Arena', 'Casa Giulietta', 'San Fermo', 'Torre Lamberti']",Palazzo della Ragione,"['AMO', 'Museo Conte', 'Centro Fotografia', 'Sighseeing', 'Santa Anastasia']",Santa Anastasia,strategy_nearest,True,0.002468109130859375,success
048DE43A9C4C80,3,['Arena'],Casa Giulietta,"['Centro Fotografia', 'Sighseeing', 'Torre Lamberti', 'Museo Conte', 'Museo Radio']",Santa Anastasia,strategy_nearest,False,0.002599954605102539,success
048DF33A9C4C80,1,"['Arena', 'Casa Giulietta']",Palazzo della Ragione,"['AMO', 'Museo Conte', 'Torre Lamberti', 'Centro Fotografia', 'Sighseeing']",Torre Lamberti,strategy_nearest,True,0.0033600330352783203,success
048DFE429C4C80,3,"['Arena', 'Torre Lamberti']",Santa Anastasia,"['AMO', 'Museo Conte', 'Palazzo della Ragione', 'Teatro Romano', 'Centro Fotografia']",Castelvecchio,strategy_nearest,False,0.0030138492584228516,success
048DF83A9C4C80,3,['Arena'],Teatro Romano,"['Santa Anastasia', 'Duomo', 'AMO', 'Palazzo della Ragione', 'Museo Conte']",Duomo,strategy_nearest,True,0.0023920536041259766,success
048E07429C4C84,3,"['Arena', 'Museo Lapidario', 'Casa Giulietta', 'Santa Anastasia']",Torre Lamberti,"['Sighseeing', 'Centro Fotografia', 'Museo Conte', 'Palazzo della Ragione', 'AMO']",Castelvecchio,strategy_nearest,False,0.0024750232696533203,success
048E0E3A9C4C84,0,['Arena'],Casa Giulietta,"['Centro Fotografia', 'Sighseeing', 'Torre Lamberti', 'Museo Conte', 'Museo Radio']",Torre Lamberti,strategy_nearest,True,0.0031197071075439453,success
048E0F3A9C4C84,0,['Arena'],Castelvecchio,"['Museo Lapidario', 'Verona Tour', 'Museo Radio', 'San Zeno', 'Sighseeing']",Casa Giulietta,strategy_nearest,False,0.0026311874389648438,success
048E113A9C4C84,0,['Castelvecchio'],Arena,"['Verona Tour', 'Museo Lapidario', 'Museo Radio', 'San Fermo', 'Casa Giulietta']",Casa Giulietta,strategy_nearest,True,0.002925872802734375,success
048E143A9C4C84,1,"['Museo Lapidario', 'Arena']",Torre Lamberti,"['Sighseeing', 'Centro Fotografia', 'Museo Conte', 'Casa Giulietta', 'Palazzo della Ragione']",Palazzo della Ragione,strategy_nearest,True,0.0031490325927734375,success
048E123A9C4C84,3,['Arena'],Castelvecchio,"['Museo Lapidario', 'Verona Tour', 'Museo Radio', 'San Zeno', 'Sighseeing']",Torre Lamberti,strategy_nearest,False,0.002573251724243164,success
048E14429C4C84,1,"['Arena', 'Casa Giulietta']",Torre Lamberti,"['Sighseeing', 'Centro Fotografia', 'Museo Conte', 'Palazzo della Ragione', 'AMO']",Palazzo della Ragione,strategy_nearest,True,0.0024950504302978516,success
048E16429C4C80,0,['Arena'],Castelvecchio,"['Museo Lapidario', 'Verona Tour', 'Museo Radio', 'San Zeno', 'Sighseeing']",Casa Giulietta,strategy_nearest,False,0.00202178955078125,success
048E173A9C4C84,3,"['Arena', 'Casa Giulietta']",Santa Anastasia,"['AMO', 'Museo Conte', 'Palazzo della Ragione', 'Teatro Romano', 'Centro Fotografia']",San Zeno,strategy_nearest,False,0.0025141239166259766,success
048E193A9C4C80,1,"['Castelvecchio', 'Arena']",Casa Giulietta,"['Centro Fotografia', 'Sighseeing', 'Torre Lamberti', 'Museo Conte', 'Museo Radio']",Palazzo della Ragione,strategy_nearest,False,0.0030660629272460938,success
048E25429C4C84,2,['San Fermo'],Torre Lamberti,"['Sighseeing', 'Centro Fotografia', 'Museo Conte', 'Casa Giulietta', 'Palazzo della Ragione']",Palazzo della Ragione,strategy_nearest,True,0.002541065216064453,success
048E22429C4C84,3,['Arena'],Castelvecchio,"['Museo Lapidario', 'Verona Tour', 'Museo Radio', 'San Zeno', 'Sighseeing']",Santa Anastasia,strategy_nearest,False,0.0021338462829589844,success
048E1B429C4C84,0,['Teatro Romano'],Giardino Giusti,"['Santa Anastasia', 'Museo Conte', 'Centro Fotografia', 'Museo Storia', 'AMO']",Arena,strategy_nearest,False,0.0027170181274414062,success
048E23429C4C84,0,"['Arena', 'Casa Giulietta']",Torre Lamberti,"['Sighseeing', 'Centro Fotografia', 'Museo Conte', 'Palazzo della Ragione', 'AMO']",Teatro Romano,strategy_nearest,False,0.0031511783599853516,success
048E2E429C4C80,0,['Arena'],Casa Giulietta,"['Centro Fotografia', 'Sighseeing', 'Torre Lamberti', 'Museo Conte', 'Museo Radio']",Castelvecchio,strategy_nearest,False,0.0015130043029785156,success
048E2E3A9C4C80,3,"['Santa Anastasia', 'Casa Giulietta']",Torre Lamberti,"['Sighseeing', 'Centro Fotografia', 'Museo Conte', 'Palazzo della Ragione', 'AMO']",Tomba Giulietta,strategy_nearest,False,0.0022017955780029297,success
048E384A9C4C80,2,"['Castelvecchio', 'San Fermo']",San Zeno,"['Verona Tour', 'Museo Lapidario', 'Arena', 'Museo Miniscalchi', 'Sighseeing']",Torre Lamberti,strategy_nearest,False,0.003017425537109375,success
048E3A3A9C4C80,3,"['Castelvecchio', 'Arena']",Casa Giulietta,"['Centro Fotografia', 'Sighseeing', 'Torre Lamberti', 'Museo Conte', 'Museo Radio']",Torre Lamberti,strategy_nearest,True,0.003633737564086914,success
048E493A9C4C80,3,"['Santa Anastasia', 'Duomo', 'Teatro Romano']",Torre Lamberti,"['Sighseeing', 'Centro Fotografia', 'Museo Conte', 'Casa Giulietta', 'Palazzo della Ragione']",Castelvecchio,strategy_nearest,False,0.0019199848175048828,success
048E54429C4C80,2,['Santa Anastasia'],Casa Giulietta,"['Centro Fotografia', 'Sighseeing', 'Torre Lamberti', 'Museo Conte', 'Museo Radio']",Palazzo della Ragione,strategy_nearest,False,0.0026748180389404297,success
048E553A9C4C80,1,"['Arena', 'Casa Giulietta']",Torre Lamberti,"['Sighseeing', 'Centro Fotografia', 'Museo Conte', 'Palazzo della Ragione', 'AMO']",Palazzo della Ragione,strategy_nearest,True,0.0026350021362304688,success
048E5C429C4C80,0,['Arena'],Castelvecchio,"['Museo Lapidario', 'Verona Tour', 'Museo Radio', 'San Zeno', 'Sighseeing']",Torre Lamberti,strategy_nearest,False,0.002946138381958008,success
048E743A9C4C80,0,['Arena'],Castelvecchio,"['Museo Lapidario', 'Verona Tour', 'Museo Radio', 'San Zeno', 'Sighseeing']",Casa Giulietta,strategy_nearest,False,0.0020329952239990234,success
048E6E429C4C80,0,['Casa Giulietta'],Arena,"['Verona Tour', 'Museo Lapidario', 'Museo Radio', 'San Fermo', 'Sighseeing']",Torre Lamberti,strategy_nearest,False,0.002629995346069336,success
048E773A9C4C80,0,"['Arena', 'Casa Giulietta']",Torre Lamberti,"['Sighseeing', 'Centro Fotografia', 'Museo Conte', 'Palazzo della Ragione', 'AMO']",Duomo,strategy_nearest,False,0.0025022029876708984,success
048E783A9C4C80,0,['Arena'],Casa Giulietta,"['Centro Fotografia', 'Sighseeing', 'Torre Lamberti', 'Museo Conte', 'Museo Radio']",Duomo,strategy_nearest,False,0.0034728050231933594,success
048E7F429C4C80,0,['Arena'],Torre Lamberti,"['Sighseeing', 'Centro Fotografia', 'Museo Conte', 'Casa Giulietta', 'Palazzo della Ragione']",Casa Giulietta,strategy_nearest,True,0.002125978469848633,success
048E844A9C4C80,3,"['Arena', 'Castelvecchio']",Torre Lamberti,"['Sighseeing', 'Centro Fotografia', 'Museo Conte', 'Casa Giulietta', 'Palazzo della Ragione']",Santa Anastasia,strategy_nearest,False,0.0027370452880859375,success
048E85429C4C80,3,"['Arena', 'Museo Lapidario', 'Castelvecchio']",Torre Lamberti,"['Sighseeing', 'Centro Fotografia', 'Museo Conte', 'Casa Giulietta', 'Palazzo della Ragione']",Casa Giulietta,strategy_nearest,True,0.0032808780670166016,success
048E863A9C4C80,0,['Castelvecchio'],Casa Giulietta,"['Centro Fotografia', 'Sighseeing', 'Torre Lamberti', 'Museo Conte', 'Museo Radio']",Arena,strategy_nearest,False,0.0025839805603027344,success
048E89C27B3F80,3,['Castelvecchio'],Arena,"['Verona Tour', 'Museo Lapidario', 'Museo Radio', 'San Fermo', 'Casa Giulietta']",Duomo,strategy_nearest,False,0.002462148666381836,success
048E8FC27B3F80,3,['Castelvecchio'],Arena,"['Verona Tour', 'Museo Lapidario', 'Museo Radio', 'San Fermo', 'Casa Giulietta']",Duomo,strategy_nearest,False,0.0021979808807373047,success
048E90429C4C80,0,['Arena'],Castelvecchio,"['Museo Lapidario', 'Verona Tour', 'Museo Radio', 'San Zeno', 'Sighseeing']",Casa Giulietta,strategy_nearest,False,0.001667022705078125,success
048E90C27B3F80,2,"['Castelvecchio', 'Torre Lamberti']",Casa Giulietta,"['Centro Fotografia', 'Sighseeing', 'Museo Conte', 'Museo Radio', 'Palazzo della Ragione']",Giardino Giusti,strategy_nearest,False,0.0019478797912597656,success
048E96C27B3F80,2,"['Castelvecchio', 'Torre Lamberti', 'Casa Giulietta']",Giardino Giusti,"['Santa Anastasia', 'Teatro Romano', 'Museo Conte', 'Centro Fotografia', 'Museo Storia']",Teatro Romano,strategy_nearest,True,0.002637147903442383,success
048E97C27B3F80,2,"['Castelvecchio', 'Torre Lamberti']",Casa Giulietta,"['Centro Fotografia', 'Sighseeing', 'Museo Conte', 'Museo Radio', 'Palazzo della Ragione']",Duomo,strategy_nearest,False,0.0022127628326416016,success
048E9CC27B3F80,1,"['Castelvecchio', 'Arena']",Torre Lamberti,"['Sighseeing', 'Centro Fotografia', 'Museo Conte', 'Casa Giulietta', 'Palazzo della Ragione']",Palazzo della Ragione,strategy_nearest,True,0.0016901493072509766,success
048EA34A9C4C80,0,['Arena'],Casa Giulietta,"['Centro Fotografia', 'Sighseeing', 'Torre Lamberti', 'Museo Conte', 'Museo Radio']",Torre Lamberti,strategy_nearest,True,0.002552032470703125,success
048EA3C27B3F80,1,['Castelvecchio'],Arena,"['Verona Tour', 'Museo Lapidario', 'Museo Radio', 'San Fermo', 'Casa Giulietta']",Torre Lamberti,strategy_nearest,False,0.0018918514251708984,success
048E9DC27B3F80,0,"['Torre Lamberti', 'Casa Giulietta']",Arena,"['Verona Tour', 'Museo Lapidario', 'Museo Radio', 'San Fermo', 'Sighseeing']",Teatro Romano,strategy_nearest,False,0.003927707672119141,success
048EAC429C4C80,0,"['Castelvecchio', 'Arena']",Casa Giulietta,"['Centro Fotografia', 'Sighseeing', 'Torre Lamberti', 'Museo Conte', 'Museo Radio']",Teatro Romano,strategy_nearest,False,0.0026640892028808594,success
048EB0429C4C80,3,"['Arena', 'Casa Giulietta']",San Zeno,"['Castelvecchio', 'Verona Tour', 'Museo Lapidario', 'Museo Miniscalchi', 'Sighseeing']",San Fermo,strategy_nearest,False,0.0018880367279052734,success
048EB23A9C4C80,0,"['Duomo', 'Casa Giulietta']",San Fermo,"['Museo Storia', 'Museo Radio', 'Centro Fotografia', 'Arena', 'Sighseeing']",Arena,strategy_nearest,True,0.002034902572631836,success
048EB4429C4C80,1,['Arena'],Casa Giulietta,"['Centro Fotografia', 'Sighseeing', 'Torre Lamberti', 'Museo Conte', 'Museo Radio']",Torre Lamberti,strategy_nearest,True,0.003426074981689453,success
048EBD429C4C80,0,['Arena'],Casa Giulietta,"['Centro Fotografia', 'Sighseeing', 'Torre Lamberti', 'Museo Conte', 'Museo Radio']",Torre Lamberti,strategy_nearest,True,0.0026407241821289062,success
048EC63A9C4C80,0,['Torre Lamberti'],Duomo,"['AMO', 'Museo Miniscalchi', 'Santa Anastasia', 'Teatro Romano', 'Palazzo della Ragione']",Casa Giulietta,strategy_nearest,False,0.0024597644805908203,success
048EC53A9C4C80,3,['Arena'],Casa Giulietta,"['Centro Fotografia', 'Sighseeing', 'Torre Lamberti', 'Museo Conte', 'Museo Radio']",Torre Lamberti,strategy_nearest,True,0.0022771358489990234,success
048EC83A9C4C80,0,"['Duomo', 'San Zeno']",Castelvecchio,"['Museo Lapidario', 'Verona Tour', 'Arena', 'Museo Radio', 'Sighseeing']",Arena,strategy_nearest,True,0.0018889904022216797,success
048ECD3A9C4C80,0,['Arena'],Tomba Giulietta,"['San Fermo', 'Museo Storia', 'Museo Lapidario', 'Museo Radio', 'Verona Tour']",San Fermo,strategy_nearest,True,0.0030739307403564453,success
048EC7429C4C80,3,['Arena'],Casa Giulietta,"['Centro Fotografia', 'Sighseeing', 'Torre Lamberti', 'Museo Conte', 'Museo Radio']",Santa Anastasia,strategy_nearest,False,0.002767324447631836,success
048ECC3A9C4C80,0,"['Tomba Giulietta', 'Arena']",Teatro Romano,"['Santa Anastasia', 'Duomo', 'AMO', 'Palazzo della Ragione', 'Museo Conte']",Casa Giulietta,strategy_nearest,False,0.002662181854248047,success
048ECE3A9C4C80,2,"['San Fermo', 'Duomo']",Casa Giulietta,"['Centro Fotografia', 'Sighseeing', 'Torre Lamberti', 'Museo Conte', 'Museo Radio']",Santa Anastasia,strategy_nearest,False,0.0021979808807373047,success
048EDF3A9C4C80,0,"['Casa Giulietta', 'Torre Lamberti']",Arena,"['Verona Tour', 'Museo Lapidario', 'Museo Radio', 'San Fermo', 'Sighseeing']",Teatro Romano,strategy_nearest,False,0.002995014190673828,success
048ECE429C4C80,3,"['Arena', 'Castelvecchio']",Torre Lamberti,"['Sighseeing', 'Centro Fotografia', 'Museo Conte', 'Casa Giulietta', 'Palazzo della Ragione']",Duomo,strategy_nearest,False,0.0019159317016601562,success
048ED73A9C4C80,1,"['Arena', 'Casa Giulietta', 'Duomo']",Teatro Romano,"['Santa Anastasia', 'AMO', 'Palazzo della Ragione', 'Museo Conte', 'Centro Fotografia']",Castelvecchio,strategy_nearest,False,0.0024580955505371094,success
048EE3429C4C80,2,"['Torre Lamberti', 'Duomo']",Santa Anastasia,"['AMO', 'Museo Conte', 'Palazzo della Ragione', 'Teatro Romano', 'Centro Fotografia']",Casa Giulietta,strategy_nearest,False,0.0018267631530761719,success
048EE5429C4C80,2,"['Santa Anastasia', 'Duomo', 'Museo Lapidario']",Castelvecchio,"['Verona Tour', 'Arena', 'Museo Radio', 'San Zeno', 'Sighseeing']",San Zeno,strategy_nearest,True,0.0018818378448486328,success
048EE43A9C4C80,2,"['San Fermo', 'Casa Giulietta']",Torre Lamberti,"['Sighseeing', 'Centro Fotografia', 'Museo Conte', 'Palazzo della Ragione', 'AMO']",Palazzo della Ragione,strategy_nearest,True,0.002674102783203125,success
048EE73A9C4C80,0,['Arena'],Castelvecchio,"['Museo Lapidario', 'Verona Tour', 'Museo Radio', 'San Zeno', 'Sighseeing']",Teatro Romano,strategy_nearest,False,0.003087759017944336,success
048EEC3A9C4C80,0,"['Arena', 'Casa Giulietta']",Duomo,"['AMO', 'Museo Miniscalchi', 'Santa Anastasia', 'Teatro Romano', 'Palazzo della Ragione']",Teatro Romano,strategy_nearest,True,0.0019230842590332031,success
048EEA3A9C4C80,3,"['Teatro Romano', 'Santa Anastasia']",Torre Lamberti,"['Sighseeing', 'Centro Fotografia', 'Museo Conte', 'Casa Giulietta', 'Palazzo della Ragione']",Casa Giulietta,strategy_nearest,True,0.002599954605102539,success
048EF03A9C4C80,0,['Arena'],Torre Lamberti,"['Sighseeing', 'Centro Fotografia', 'Museo Conte', 'Casa Giulietta', 'Palazzo della Ragione']",Casa Giulietta,strategy_nearest,True,0.0025091171264648438,success
048EF43A9C4C80,0,['Tomba Giulietta'],Arena,"['Verona Tour', 'Museo Lapidario', 'Museo Radio', 'San Fermo', 'Casa Giulietta']",Casa Giulietta,strategy_nearest,True,0.0030012130737304688,success
048EF63A9C4C80,0,"['Torre Lamberti', 'Casa Giulietta']",Giardino Giusti,"['Santa Anastasia', 'Teatro Romano', 'Museo Conte', 'Centro Fotografia', 'Museo Storia']",Castelvecchio,strategy_nearest,False,0.002621889114379883,success
048EFF429C4C80,1,"['Arena', 'Santa Anastasia', 'Duomo']",Teatro Romano,"['AMO', 'Palazzo della Ragione', 'Museo Conte', 'Centro Fotografia', 'Museo Miniscalchi']",Torre Lamberti,strategy_nearest,False,0.0017516613006591797,success
048F053A9C4C84,0,['Arena'],Casa Giulietta,"['Centro Fotografia', 'Sighseeing', 'Torre Lamberti', 'Museo Conte', 'Museo Radio']",Tomba Giulietta,strategy_nearest,False,0.0016231536865234375,success
048EF93A9C4C80,0,['Arena'],Casa Giulietta,"['Centro Fotografia', 'Sighseeing', 'Torre Lamberti', 'Museo Conte', 'Museo Radio']",Duomo,strategy_nearest,False,0.003958940505981445,success
048F0E429C4C84,3,"['Arena', 'Castelvecchio']",Duomo,"['AMO', 'Museo Miniscalchi', 'Santa Anastasia', 'Teatro Romano', 'Palazzo della Ragione']",Santa Anastasia,strategy_nearest,True,0.002624034881591797,success
048F103A9C4C80,3,"['Castelvecchio', 'Arena']",Casa Giulietta,"['Centro Fotografia', 'Sighseeing', 'Torre Lamberti', 'Museo Conte', 'Museo Radio']",San Zeno,strategy_nearest,False,0.002048969268798828,success
048F14429C4C84,0,['Arena'],Torre Lamberti,"['Sighseeing', 'Centro Fotografia', 'Museo Conte', 'Casa Giulietta', 'Palazzo della Ragione']",Casa Giulietta,strategy_nearest,True,0.0032896995544433594,success
048F133A9C4C80,3,"['Castelvecchio', 'Tomba Giulietta', 'Arena']",Casa Giulietta,"['Centro Fotografia', 'Sighseeing', 'Torre Lamberti', 'Museo Conte', 'Museo Radio']",Torre Lamberti,strategy_nearest,True,0.002655029296875,success
048F193A9C4C84,2,['Torre Lamberti'],Palazzo della Ragione,"['AMO', 'Museo Conte', 'Centro Fotografia', 'Sighseeing', 'Santa Anastasia']",Santa Anastasia,strategy_nearest,True,0.0031261444091796875,success
048F1D3A9C4C84,3,"['Arena', 'Torre Lamberti']",Santa Anastasia,"['AMO', 'Museo Conte', 'Palazzo della Ragione', 'Teatro Romano', 'Centro Fotografia']",Duomo,strategy_nearest,False,0.0022306442260742188,success
048F203A9C4C84,0,"['Arena', 'Casa Giulietta']",Teatro Romano,"['Santa Anastasia', 'Duomo', 'AMO', 'Palazzo della Ragione', 'Museo Conte']",San Zeno,strategy_nearest,False,0.0023910999298095703,success
048F1F3A9C4C80,0,['Arena'],Castelvecchio,"['Museo Lapidario', 'Verona Tour', 'Museo Radio', 'San Zeno', 'Sighseeing']",Casa Giulietta,strategy_nearest,False,0.0017681121826171875,success
048F23429C4C84,0,"['Arena', 'Casa Giulietta']",Torre Lamberti,"['Sighseeing', 'Centro Fotografia', 'Museo Conte', 'Palazzo della Ragione', 'AMO']",Teatro Romano,strategy_nearest,False,0.002398967742919922,success
048F344A9C4C80,3,['Arena'],Teatro Romano,"['Santa Anastasia', 'Duomo', 'AMO', 'Palazzo della Ragione', 'Museo Conte']",Duomo,strategy_nearest,True,0.003214120864868164,success
048F5C429C4C80,3,"['Arena', 'Tomba Giulietta']",Casa Giulietta,"['Centro Fotografia', 'Sighseeing', 'Torre Lamberti', 'Museo Conte', 'Museo Radio']",Teatro Romano,strategy_nearest,False,0.002151966094970703,success
048F583A9C4C80,3,['Arena'],Casa Giulietta,"['Centro Fotografia', 'Sighseeing', 'Torre Lamberti', 'Museo Conte', 'Museo Radio']",Torre Lamberti,strategy_nearest,True,0.0017070770263671875,success
048F713A9C4C80,3,"['Arena', 'Castelvecchio', 'Casa Giulietta']",Torre Lamberti,"['Sighseeing', 'Centro Fotografia', 'Museo Conte', 'Palazzo della Ragione', 'AMO']",Santa Anastasia,strategy_nearest,False,0.0025811195373535156,success
048F6D429C4C80,3,"['Tomba Giulietta', 'Arena', 'Casa Giulietta']",Torre Lamberti,"['Sighseeing', 'Centro Fotografia', 'Museo Conte', 'Palazzo della Ragione', 'AMO']",Santa Anastasia,strategy_nearest,False,0.0020651817321777344,success
048F743A9C4C80,3,"['Arena', 'Castelvecchio']",Santa Anastasia,"['AMO', 'Museo Conte', 'Palazzo della Ragione', 'Teatro Romano', 'Centro Fotografia']",Duomo,strategy_nearest,False,0.0019328594207763672,success
048F753A9C4C80,1,"['Casa Giulietta', 'Palazzo della Ragione']",Santa Anastasia,"['AMO', 'Museo Conte', 'Teatro Romano', 'Centro Fotografia', 'Duomo']",Duomo,strategy_nearest,True,0.0031499862670898438,success
048F7B429C4C80,3,['Arena'],Casa Giulietta,"['Centro Fotografia', 'Sighseeing', 'Torre Lamberti', 'Museo Conte', 'Museo Radio']",Santa Anastasia,strategy_nearest,False,0.0023851394653320312,success
048F773A9C4C80,0,['Arena'],Giardino Giusti,"['Santa Anastasia', 'Teatro Romano', 'Museo Conte', 'Centro Fotografia', 'Museo Storia']",Torre Lamberti,strategy_nearest,False,0.001786947250366211,success
048F82429C4C80,1,"['Teatro Romano', 'Santa Anastasia', 'Duomo']",Torre Lamberti,"['Sighseeing', 'Centro Fotografia', 'Museo Conte', 'Casa Giulietta', 'Palazzo della Ragione']",Palazzo della Ragione,strategy_nearest,True,0.0027189254760742188,success
048F87429C4C80,0,['Arena'],Casa Giulietta,"['Centro Fotografia', 'Sighseeing', 'Torre Lamberti', 'Museo Conte', 'Museo Radio']",Torre Lamberti,strategy_nearest,True,0.0028848648071289062,success
048F8A3A9C4C80,1,['Arena'],Castelvecchio,"['Museo Lapidario', 'Verona Tour', 'Museo Radio', 'San Zeno', 'Sighseeing']",Santa Anastasia,strategy_nearest,False,0.00205230712890625,success
048F8D4A9C4C80,0,"['Arena', 'Torre Lamberti']",Casa Giulietta,"['Centro Fotografia', 'Sighseeing', 'Museo Conte', 'Museo Radio', 'Palazzo della Ragione']",Castelvecchio,strategy_nearest,False,0.0019712448120117188,success
048F8B4A9C4C80,3,['Arena'],Torre Lamberti,"['Sighseeing', 'Centro Fotografia', 'Museo Conte', 'Casa Giulietta', 'Palazzo della Ragione']",Santa Anastasia,strategy_nearest,False,0.0015947818756103516,success
048F95429C4C80,3,"['Arena', 'Casa Giulietta']",Torre Lamberti,"['Sighseeing', 'Centro Fotografia', 'Museo Conte', 'Palazzo della Ragione', 'AMO']",Duomo,strategy_nearest,False,0.002439260482788086,success
048FA74A9C4C80,1,['Arena'],Casa Giulietta,"['Centro Fotografia', 'Sighseeing', 'Torre Lamberti', 'Museo Conte', 'Museo Radio']",Torre Lamberti,strategy_nearest,True,0.0025289058685302734,success
048FAE429C4C80,3,"['Arena', 'Casa Giulietta', 'Santa Anastasia']",Teatro Romano,"['Duomo', 'AMO', 'Palazzo della Ragione', 'Museo Conte', 'Centro Fotografia']",Duomo,strategy_nearest,True,0.0021948814392089844,success
048FB0429C4C80,3,"['Arena', 'Casa Giulietta']",Santa Anastasia,"['AMO', 'Museo Conte', 'Palazzo della Ragione', 'Teatro Romano', 'Centro Fotografia']",Duomo,strategy_nearest,False,0.00167083740234375,success
048FAF429C4C80,0,['Arena'],Casa Giulietta,"['Centro Fotografia', 'Sighseeing', 'Torre Lamberti', 'Museo Conte', 'Museo Radio']",Teatro Romano,strategy_nearest,False,0.0032439231872558594,success
048FBA429C4C80,0,['Arena'],Casa Giulietta,"['Centro Fotografia', 'Sighseeing', 'Torre Lamberti', 'Museo Conte', 'Museo Radio']",Torre Lamberti,strategy_nearest,True,0.0024139881134033203,success
048FBC3A9C4C80,0,['Arena'],Torre Lamberti,"['Sighseeing', 'Centro Fotografia', 'Museo Conte', 'Casa Giulietta', 'Palazzo della Ragione']",Arena,strategy_nearest,False,0.0025069713592529297,success
048FBC429C4C80,1,"['Castelvecchio', 'Arena', 'Casa Giulietta']",Palazzo della Ragione,"['AMO', 'Museo Conte', 'Torre Lamberti', 'Centro Fotografia', 'Sighseeing']",Torre Lamberti,strategy_nearest,True,0.0020270347595214844,success
048FCC3A9C4C80,3,"['Arena', 'Casa Giulietta', 'Santa Anastasia']",Duomo,"['AMO', 'Museo Miniscalchi', 'Teatro Romano', 'Palazzo della Ragione', 'Museo Conte']",Castelvecchio,strategy_nearest,False,0.003019094467163086,success
048FBF3A9C4C80,3,['Arena'],Casa Giulietta,"['Centro Fotografia', 'Sighseeing', 'Torre Lamberti', 'Museo Conte', 'Museo Radio']",Santa Anastasia,strategy_nearest,False,0.0026712417602539062,success
048FCC429C4C80,1,"['Castelvecchio', 'Duomo', 'Teatro Romano']",Santa Anastasia,"['AMO', 'Museo Conte', 'Palazzo della Ragione', 'Centro Fotografia', 'Torre Lamberti']",Tomba Giulietta,strategy_nearest,False,0.0025250911712646484,success
048FDA3A9C4C80,3,"['Arena', 'Teatro Romano']",Duomo,"['AMO', 'Museo Miniscalchi', 'Santa Anastasia', 'Palazzo della Ragione', 'Museo Conte']",Castelvecchio,strategy_nearest,False,0.0021169185638427734,success
048FE13A9C4C80,0,['San Zeno'],Arena,"['Verona Tour', 'Museo Lapidario', 'Museo Radio', 'San Fermo', 'Casa Giulietta']",Casa Giulietta,strategy_nearest,True,0.003258228302001953,success
048FDC429C4C80,1,"['Santa Anastasia', 'Arena', 'San Fermo']",Castelvecchio,"['Museo Lapidario', 'Verona Tour', 'Museo Radio', 'San Zeno', 'Sighseeing']",Casa Giulietta,strategy_nearest,False,0.002705097198486328,success
048FE53A9C4C80,3,"['Tomba Giulietta', 'Arena', 'Casa Giulietta']",Torre Lamberti,"['Sighseeing', 'Centro Fotografia', 'Museo Conte', 'Palazzo della Ragione', 'AMO']",Duomo,strategy_nearest,False,0.00275421142578125,success
048FE83A9C4C80,1,"['Museo Lapidario', 'Castelvecchio', 'Duomo', 'Arena']",Casa Giulietta,"['Centro Fotografia', 'Sighseeing', 'Torre Lamberti', 'Museo Conte', 'Museo Radio']",Torre Lamberti,strategy_nearest,True,0.002218961715698242,success
048FF43A9C4C80,3,"['Arena', 'Museo Lapidario', 'Castelvecchio']",Santa Anastasia,"['AMO', 'Museo Conte', 'Palazzo della Ragione', 'Teatro Romano', 'Centro Fotografia']",Duomo,strategy_nearest,False,0.002498149871826172,success
048FFF3A9C4C80,0,"['Arena', 'Casa Giulietta']",Museo Storia,"['San Fermo', 'Museo Radio', 'Centro Fotografia', 'Tomba Giulietta', 'Torre Lamberti']",Castelvecchio,strategy_nearest,False,0.002480745315551758,success
0490063A9C4C84,0,"['Arena', 'Casa Giulietta']",Castelvecchio,"['Museo Lapidario', 'Verona Tour', 'Museo Radio', 'San Zeno', 'Sighseeing']",San Zeno,strategy_nearest,True,0.002140045166015625,success
04900F3A9C4C84,2,"['Museo Lapidario', 'Casa Giulietta']",Torre Lamberti,"['Sighseeing', 'Centro Fotografia', 'Museo Conte', 'Palazzo della Ragione', 'AMO']",Santa Anastasia,strategy_nearest,False,0.0023910999298095703,success
049018429C4C84,1,['Santa Anastasia'],Arena,"['Verona Tour', 'Museo Lapidario', 'Museo Radio', 'San Fermo', 'Casa Giulietta']",Casa Giulietta,strategy_nearest,True,0.0019109249114990234,success
04900F429C4C84,0,['Arena'],Casa Giulietta,"['Centro Fotografia', 'Sighseeing', 'Torre Lamberti', 'Museo Conte', 'Museo Radio']",San Fermo,strategy_nearest,False,0.002706766128540039,success
0490193A9C4C84,0,"['Arena', 'Casa Giulietta']",Torre Lamberti,"['Sighseeing', 'Centro Fotografia', 'Museo Conte', 'Palazzo della Ragione', 'AMO']",Teatro Romano,strategy_nearest,False,0.0031359195709228516,success
0490233A9C4C80,1,"['Museo Lapidario', 'Arena', 'Casa Giulietta', 'Torre Lamberti']",Palazzo della Ragione,"['AMO', 'Museo Conte', 'Centro Fotografia', 'Sighseeing', 'Santa Anastasia']",Santa Anastasia,strategy_nearest,True,0.0026328563690185547,success
04901F429C4C84,0,['Arena'],Tomba Giulietta,"['San Fermo', 'Museo Storia', 'Museo Lapidario', 'Museo Radio', 'Verona Tour']",Casa Giulietta,strategy_nearest,False,0.0028228759765625,success
0490223A9C4C84,0,"['Arena', 'Duomo']",Torre Lamberti,"['Sighseeing', 'Centro Fotografia', 'Museo Conte', 'Casa Giulietta', 'Palazzo della Ragione']",Casa Giulietta,strategy_nearest,True,0.0025839805603027344,success
049025429C4C84,3,['Arena'],Santa Anastasia,"['AMO', 'Museo Conte', 'Palazzo della Ragione', 'Teatro Romano', 'Centro Fotografia']",Duomo,strategy_nearest,False,0.002939939498901367,success
0490263A9C4C84,3,['Arena'],Santa Anastasia,"['AMO', 'Museo Conte', 'Palazzo della Ragione', 'Teatro Romano', 'Centro Fotografia']",Teatro Romano,strategy_nearest,True,0.0024251937866210938,success
049026429C4C84,0,['Arena'],Castelvecchio,"['Museo Lapidario', 'Verona Tour', 'Museo Radio', 'San Zeno', 'Sighseeing']",Casa Giulietta,strategy_nearest,False,0.003907918930053711,success
049028429C4C80,2,"['Castelvecchio', 'Casa Giulietta']",Tomba Giulietta,"['San Fermo', 'Museo Storia', 'Arena', 'Museo Lapidario', 'Museo Radio']",Torre Lamberti,strategy_nearest,False,0.0029408931732177734,success
04902F4A9C4C80,1,"['Casa Giulietta', 'Palazzo della Ragione', 'Torre Lamberti', 'Teatro Romano']",Duomo,"['AMO', 'Museo Miniscalchi', 'Santa Anastasia', 'Museo Conte', 'Centro Fotografia']",Arena,strategy_nearest,False,0.0029871463775634766,success
0490333A9C4C80,5,"['Castelvecchio', 'Museo Miniscalchi', 'Duomo', 'Teatro Romano', 'Casa Giulietta']",Arena,"['Verona Tour', 'Museo Lapidario', 'Museo Radio', 'San Fermo', 'Sighseeing']",Tomba Giulietta,strategy_nearest,False,0.002189159393310547,success
049044429C4C80,2,['Casa Giulietta'],Santa Anastasia,"['AMO', 'Museo Conte', 'Palazzo della Ragione', 'Teatro Romano', 'Centro Fotografia']",Torre Lamberti,strategy_nearest,False,0.002674102783203125,success
0490324A9C4C80,3,"['Santa Anastasia', 'Arena']",Castelvecchio,"['Museo Lapidario', 'Verona Tour', 'Museo Radio', 'San Zeno', 'Sighseeing']",Duomo,strategy_nearest,False,0.003982067108154297,success
049040429C4C80,2,['Teatro Romano'],Duomo,"['AMO', 'Museo Miniscalchi', 'Santa Anastasia', 'Palazzo della Ragione', 'Museo Conte']",Palazzo della Ragione,strategy_nearest,True,0.0050160884857177734,success
0490523A9C4C80,0,['Arena'],Casa Giulietta,"['Centro Fotografia', 'Sighseeing', 'Torre Lamberti', 'Museo Conte', 'Museo Radio']",Torre Lamberti,strategy_nearest,True,0.0019981861114501953,success
04905A429C4C80,0,"['Arena', 'Museo Lapidario', 'Castelvecchio']",Casa Giulietta,"['Centro Fotografia', 'Sighseeing', 'Torre Lamberti', 'Museo Conte', 'Museo Radio']",Torre Lamberti,strategy_nearest,True,0.002649068832397461,success
0490573A9C4C80,0,['Arena'],Museo Lapidario,"['Verona Tour', 'Castelvecchio', 'Museo Radio', 'San Fermo', 'Casa Giulietta']",Castelvecchio,strategy_nearest,True,0.0040209293365478516,success
0490633A9C4C80,3,"['Arena', 'Casa Giulietta']",Santa Anastasia,"['AMO', 'Museo Conte', 'Palazzo della Ragione', 'Teatro Romano', 'Centro Fotografia']",Duomo,strategy_nearest,False,0.0027778148651123047,success
0490643A9C4C80,2,['Teatro Romano'],Duomo,"['AMO', 'Museo Miniscalchi', 'Santa Anastasia', 'Palazzo della Ragione', 'Museo Conte']",Casa Giulietta,strategy_nearest,False,0.0033168792724609375,success
0490733A9C4C80,0,['Arena'],Casa Giulietta,"['Centro Fotografia', 'Sighseeing', 'Torre Lamberti', 'Museo Conte', 'Museo Radio']",Torre Lamberti,strategy_nearest,True,0.0032329559326171875,success
049079429C4C80,1,['Arena'],Casa Giulietta,"['Centro Fotografia', 'Sighseeing', 'Torre Lamberti', 'Museo Conte', 'Museo Radio']",Torre Lamberti,strategy_nearest,True,0.002705812454223633,success
0490763A9C4C80,2,['Casa Giulietta'],Palazzo della Ragione,"['AMO', 'Museo Conte', 'Torre Lamberti', 'Centro Fotografia', 'Sighseeing']",Castelvecchio,strategy_nearest,False,0.003178834915161133,success
0490823A9C4C80,3,"['Tomba Giulietta', 'Arena', 'Casa Giulietta']",Torre Lamberti,"['Sighseeing', 'Centro Fotografia', 'Museo Conte', 'Palazzo della Ragione', 'AMO']",Santa Anastasia,strategy_nearest,False,0.002270936965942383,success
04908B3A9C4C80,0,['Arena'],Casa Giulietta,"['Centro Fotografia', 'Sighseeing', 'Torre Lamberti', 'Museo Conte', 'Museo Radio']",Torre Lamberti,strategy_nearest,True,0.002427816390991211,success
049082429C4C80,3,"['Arena', 'Castelvecchio', 'Museo Lapidario']",Casa Giulietta,"['Centro Fotografia', 'Sighseeing', 'Torre Lamberti', 'Museo Conte', 'Museo Radio']",Santa Anastasia,strategy_nearest,False,0.003729104995727539,success
04908E3A9C4C80,0,['Arena'],Casa Giulietta,"['Centro Fotografia', 'Sighseeing', 'Torre Lamberti', 'Museo Conte', 'Museo Radio']",Torre Lamberti,strategy_nearest,True,0.0038251876831054688,success
0490B33A9C4C80,1,['Arena'],Casa Giulietta,"['Centro Fotografia', 'Sighseeing', 'Torre Lamberti', 'Museo Conte', 'Museo Radio']",Palazzo della Ragione,strategy_nearest,False,0.0017092227935791016,success
04909F4A9C4C80,0,['Arena'],Castelvecchio,"['Museo Lapidario', 'Verona Tour', 'Museo Radio', 'San Zeno', 'Sighseeing']",Teatro Romano,strategy_nearest,False,0.003041982650756836,success
0490B3429C4C80,2,"['Torre Lamberti', 'Palazzo della Ragione']",Casa Giulietta,"['Centro Fotografia', 'Sighseeing', 'Museo Conte', 'Museo Radio', 'San Fermo']",Santa Anastasia,strategy_nearest,False,0.0034427642822265625,success
0490BD3A9C4C80,2,['Castelvecchio'],Santa Anastasia,"['AMO', 'Museo Conte', 'Palazzo della Ragione', 'Teatro Romano', 'Centro Fotografia']",Duomo,strategy_nearest,False,0.0014557838439941406,success
0490B63A9C4C80,3,"['Arena', 'Casa Giulietta']",Torre Lamberti,"['Sighseeing', 'Centro Fotografia', 'Museo Conte', 'Palazzo della Ragione', 'AMO']",Santa Anastasia,strategy_nearest,False,0.002989053726196289,success
0490BE429C4C80,0,['Arena'],Casa Giulietta,"['Centro Fotografia', 'Sighseeing', 'Torre Lamberti', 'Museo Conte', 'Museo Radio']",Torre Lamberti,strategy_nearest,True,0.002145051956176758,success
0490BF3A9C4C80,2,['Castelvecchio'],Casa Giulietta,"['Centro Fotografia', 'Sighseeing', 'Torre Lamberti', 'Museo Conte', 'Museo Radio']",Santa Anastasia,strategy_nearest,False,0.0033440589904785156,success
0490DC3A9C4C80,2,['Casa Giulietta'],Santa Anastasia,"['AMO', 'Museo Conte', 'Palazzo della Ragione', 'Teatro Romano', 'Centro Fotografia']",Duomo,strategy_nearest,False,0.0028629302978515625,success
0490C7429C4C80,1,"['Castelvecchio', 'Arena']",Casa Giulietta,"['Centro Fotografia', 'Sighseeing', 'Torre Lamberti', 'Museo Conte', 'Museo Radio']",Torre Lamberti,strategy_nearest,True,0.0022139549255371094,success
0490C3429C4C80,3,"['Arena', 'Museo Lapidario', 'Castelvecchio']",Casa Giulietta,"['Centro Fotografia', 'Sighseeing', 'Torre Lamberti', 'Museo Conte', 'Museo Radio']",Torre Lamberti,strategy_nearest,True,0.002189159393310547,success
0490DC429C4C80,0,['Teatro Romano'],Casa Giulietta,"['Centro Fotografia', 'Sighseeing', 'Torre Lamberti', 'Museo Conte', 'Museo Radio']",Arena,strategy_nearest,False,0.0031709671020507812,success
0490ED3A9C4C80,1,['Arena'],Castelvecchio,"['Museo Lapidario', 'Verona Tour', 'Museo Radio', 'San Zeno', 'Sighseeing']",Torre Lamberti,strategy_nearest,False,0.0013456344604492188,success
0490E33A9C4C80,2,['Castelvecchio'],Casa Giulietta,"['Centro Fotografia', 'Sighseeing', 'Torre Lamberti', 'Museo Conte', 'Museo Radio']",Torre Lamberti,strategy_nearest,True,0.002086162567138672,success
0490EC3A9C4C80,1,"['Palazzo della Ragione', 'Torre Lamberti', 'Casa Giulietta']",Arena,"['Verona Tour', 'Museo Lapidario', 'Museo Radio', 'San Fermo', 'Sighseeing']",Teatro Romano,strategy_nearest,False,0.0030379295349121094,success
0490F23A9C4C80,4,"['Tomba Giulietta', 'Museo Radio']",Casa Giulietta,"['Centro Fotografia', 'Sighseeing', 'Torre Lamberti', 'Museo Conte', 'Palazzo della Ragione']",Torre Lamberti,strategy_nearest,True,0.0028679370880126953,success
0490F6429C4C80,3,"['Casa Giulietta', 'Torre Lamberti', 'San Zeno']",Duomo,"['AMO', 'Museo Miniscalchi', 'Santa Anastasia', 'Teatro Romano', 'Palazzo della Ragione']",Santa Anastasia,strategy_nearest,True,0.0025339126586914062,success
0490F93A9C4C80,0,['Arena'],Casa Giulietta,"['Centro Fotografia', 'Sighseeing', 'Torre Lamberti', 'Museo Conte', 'Museo Radio']",Torre Lamberti,strategy_nearest,True,0.0018367767333984375,success
0490FB3A9C4C80,0,['Arena'],Casa Giulietta,"['Centro Fotografia', 'Sighseeing', 'Torre Lamberti', 'Museo Conte', 'Museo Radio']",Castelvecchio,strategy_nearest,False,0.0025479793548583984,success
0490FB429C4C80,1,"['Arena', 'Torre Lamberti']",Palazzo della Ragione,"['AMO', 'Museo Conte', 'Centro Fotografia', 'Sighseeing', 'Santa Anastasia']",Castelvecchio,strategy_nearest,False,0.003113985061645508,success
0490FC429C4C80,3,"['Arena', 'Casa Giulietta', 'Torre Lamberti', 'Santa Anastasia']",Duomo,"['AMO', 'Museo Miniscalchi', 'Teatro Romano', 'Palazzo della Ragione', 'Museo Conte']",San Zeno,strategy_nearest,False,0.003339052200317383,success
049102429C4C84,2,['Castelvecchio'],San Zeno,"['Verona Tour', 'Museo Lapidario', 'Arena', 'Museo Miniscalchi', 'Sighseeing']",Santa Anastasia,strategy_nearest,False,0.003381013870239258,success
0490FD3A9C4C80,3,['Arena'],Casa Giulietta,"['Centro Fotografia', 'Sighseeing', 'Torre Lamberti', 'Museo Conte', 'Museo Radio']",Santa Anastasia,strategy_nearest,False,0.0020520687103271484,success
049109C27B3F84,1,"['Arena', 'Castelvecchio']",San Zeno,"['Verona Tour', 'Museo Lapidario', 'Museo Miniscalchi', 'Sighseeing', 'Museo Radio']",Palazzo della Ragione,strategy_nearest,False,0.002701282501220703,success
049111429C4C84,1,"['Arena', 'Teatro Romano', 'Duomo']",Torre Lamberti,"['Sighseeing', 'Centro Fotografia', 'Museo Conte', 'Casa Giulietta', 'Palazzo della Ragione']",Palazzo della Ragione,strategy_nearest,True,0.003282785415649414,success
049110C27B3F84,2,"['Teatro Romano', 'Casa Giulietta', 'Torre Lamberti', 'Palazzo della Ragione']",Museo Lapidario,"['Verona Tour', 'Arena', 'Castelvecchio', 'Museo Radio', 'San Fermo']",Tomba Giulietta,strategy_nearest,False,0.0018429756164550781,success
04910AC27B3F84,2,"['Santa Anastasia', 'Palazzo della Ragione']",Torre Lamberti,"['Sighseeing', 'Centro Fotografia', 'Museo Conte', 'Casa Giulietta', 'AMO']",Castelvecchio,strategy_nearest,False,0.002537965774536133,success
0491123A9C4C80,0,"['Casa Giulietta', 'Arena']",Santa Anastasia,"['AMO', 'Museo Conte', 'Palazzo della Ragione', 'Teatro Romano', 'Centro Fotografia']",Giardino Giusti,strategy_nearest,False,0.003303050994873047,success
049113429C4C84,2,['Casa Giulietta'],Santa Anastasia,"['AMO', 'Museo Conte', 'Palazzo della Ragione', 'Teatro Romano', 'Centro Fotografia']",Duomo,strategy_nearest,False,0.0023550987243652344,success
049115429C4C84,0,"['Arena', 'Casa Giulietta']",Torre Lamberti,"['Sighseeing', 'Centro Fotografia', 'Museo Conte', 'Palazzo della Ragione', 'AMO']",Teatro Romano,strategy_nearest,False,0.0027589797973632812,success
049114429C4C84,2,"['Teatro Romano', 'Santa Anastasia']",Duomo,"['AMO', 'Museo Miniscalchi', 'Palazzo della Ragione', 'Museo Conte', 'Torre Lamberti']",Castelvecchio,strategy_nearest,False,0.001544952392578125,success
049115C27B3F84,0,['Teatro Romano'],Casa Giulietta,"['Centro Fotografia', 'Sighseeing', 'Torre Lamberti', 'Museo Conte', 'Museo Radio']",Arena,strategy_nearest,False,0.003342866897583008,success
04911A3A9C4C84,0,"['Arena', 'Museo Lapidario']",Castelvecchio,"['Verona Tour', 'Museo Radio', 'San Zeno', 'Sighseeing', 'Museo Miniscalchi']",Casa Giulietta,strategy_nearest,False,0.0015439987182617188,success
049116C27B3F84,0,['Teatro Romano'],Casa Giulietta,"['Centro Fotografia', 'Sighseeing', 'Torre Lamberti', 'Museo Conte', 'Museo Radio']",Arena,strategy_nearest,False,0.0021758079528808594,success
04911C3A9C4C80,3,"['Arena', 'Casa Giulietta']",Torre Lamberti,"['Sighseeing', 'Centro Fotografia', 'Museo Conte', 'Palazzo della Ragione', 'AMO']",Santa Anastasia,strategy_nearest,False,0.002638101577758789,success
04911CC27B3F84,2,"['Teatro Romano', 'Casa Giulietta', 'Palazzo della Ragione']",Museo Lapidario,"['Verona Tour', 'Arena', 'Castelvecchio', 'Museo Radio', 'San Fermo']",Tomba Giulietta,strategy_nearest,False,0.003094911575317383,success
0491213A9C4C84,1,"['Castelvecchio', 'Arena']",Casa Giulietta,"['Centro Fotografia', 'Sighseeing', 'Torre Lamberti', 'Museo Conte', 'Museo Radio']",Palazzo della Ragione,strategy_nearest,False,0.0022051334381103516,success
049122C27B3F84,2,['Palazzo della Ragione'],Casa Giulietta,"['Centro Fotografia', 'Sighseeing', 'Torre Lamberti', 'Museo Conte', 'Museo Radio']",San Zeno,strategy_nearest,False,0.0024118423461914062,success
0491263A9C4C84,1,"['Arena', 'Casa Giulietta']",Palazzo della Ragione,"['AMO', 'Museo Conte', 'Torre Lamberti', 'Centro Fotografia', 'Sighseeing']",Torre Lamberti,strategy_nearest,True,0.0026760101318359375,success
049121C27B3F84,1,['Santa Anastasia'],Casa Giulietta,"['Centro Fotografia', 'Sighseeing', 'Torre Lamberti', 'Museo Conte', 'Museo Radio']",Arena,strategy_nearest,False,0.0037419795989990234,success
049129429C4C80,1,"['Arena', 'Casa Giulietta', 'Castelvecchio']",Torre Lamberti,"['Sighseeing', 'Centro Fotografia', 'Museo Conte', 'Palazzo della Ragione', 'AMO']",Palazzo della Ragione,strategy_nearest,True,0.003393888473510742,success
049128C27B3F84,1,"['Arena', 'Castelvecchio']",San Zeno,"['Verona Tour', 'Museo Lapidario', 'Museo Miniscalchi', 'Sighseeing', 'Museo Radio']",Palazzo della Ragione,strategy_nearest,False,0.0029451847076416016,success
0491264A9C4C80,2,"['Casa Giulietta', 'Casa Giulietta', 'Palazzo della Ragione']",Museo Lapidario,"['Verona Tour', 'Arena', 'Castelvecchio', 'Museo Radio', 'San Fermo']",Tomba Giulietta,strategy_nearest,False,0.0025038719177246094,success
049127C27B3F84,2,"['Santa Anastasia', 'Palazzo della Ragione']",Torre Lamberti,"['Sighseeing', 'Centro Fotografia', 'Museo Conte', 'Casa Giulietta', 'AMO']",Castelvecchio,strategy_nearest,False,0.002367258071899414,success
04912E3A9C4C80,0,['Duomo'],Teatro Romano,"['Santa Anastasia', 'AMO', 'Palazzo della Ragione', 'Museo Conte', 'Centro Fotografia']",Arena,strategy_nearest,False,0.0013158321380615234,success
0491324A9C4C80,0,['Arena'],Teatro Romano,"['Santa Anastasia', 'Duomo', 'AMO', 'Palazzo della Ragione', 'Museo Conte']",Duomo,strategy_nearest,True,0.0022389888763427734,success
0491384A9C4C80,1,['Castelvecchio'],Casa Giulietta,"['Centro Fotografia', 'Sighseeing', 'Torre Lamberti', 'Museo Conte', 'Museo Radio']",Palazzo della Ragione,strategy_nearest,False,0.00273895263671875,success
0491364A9C4C80,3,['Santa Anastasia'],Duomo,"['AMO', 'Museo Miniscalchi', 'Teatro Romano', 'Palazzo della Ragione', 'Museo Conte']",Arena,strategy_nearest,False,0.003564119338989258,success
04913C3A9C4C80,0,['Arena'],Casa Giulietta,"['Centro Fotografia', 'Sighseeing', 'Torre Lamberti', 'Museo Conte', 'Museo Radio']",Duomo,strategy_nearest,False,0.0025947093963623047,success
04914B429C4C80,0,['Arena'],Casa Giulietta,"['Centro Fotografia', 'Sighseeing', 'Torre Lamberti', 'Museo Conte', 'Museo Radio']",Castelvecchio,strategy_nearest,False,0.002593994140625,success
049147429C4C80,0,"['Tomba Giulietta', 'Castelvecchio']",Arena,"['Verona Tour', 'Museo Lapidario', 'Museo Radio', 'San Fermo', 'Casa Giulietta']",Casa Giulietta,strategy_nearest,True,0.0027382373809814453,success
0491523A9C4C80,3,"['Torre Lamberti', 'Santa Anastasia', 'Duomo']",Teatro Romano,"['AMO', 'Palazzo della Ragione', 'Museo Conte', 'Centro Fotografia', 'Museo Miniscalchi']",Casa Giulietta,strategy_nearest,False,0.0032510757446289062,success
04915C3A9C4C80,3,"['Museo Lapidario', 'Arena', 'Teatro Romano']",Castelvecchio,"['Verona Tour', 'Museo Radio', 'San Zeno', 'Sighseeing', 'Museo Miniscalchi']",Torre Lamberti,strategy_nearest,False,0.002172231674194336,success
04915A429C4C80,2,"['Castelvecchio', 'Casa Giulietta']",Palazzo della Ragione,"['AMO', 'Museo Conte', 'Torre Lamberti', 'Centro Fotografia', 'Sighseeing']",Torre Lamberti,strategy_nearest,True,0.002064943313598633,success
049160429C4C80,3,"['Arena', 'Torre Lamberti']",Casa Giulietta,"['Centro Fotografia', 'Sighseeing', 'Museo Conte', 'Museo Radio', 'Palazzo della Ragione']",Santa Anastasia,strategy_nearest,False,0.0028488636016845703,success
04916D3A9C4C80,1,"['Arena', 'Casa Giulietta']",Santa Anastasia,"['AMO', 'Museo Conte', 'Palazzo della Ragione', 'Teatro Romano', 'Centro Fotografia']",Duomo,strategy_nearest,False,0.003361940383911133,success
049171429C4C80,3,['Arena'],Casa Giulietta,"['Centro Fotografia', 'Sighseeing', 'Torre Lamberti', 'Museo Conte', 'Museo Radio']",Santa Anastasia,strategy_nearest,False,0.0018551349639892578,success
0491773A9C4C80,3,['Castelvecchio'],Duomo,"['AMO', 'Museo Miniscalchi', 'Santa Anastasia', 'Teatro Romano', 'Palazzo della Ragione']",Santa Anastasia,strategy_nearest,True,0.0034301280975341797,success
0491793A9C4C80,0,['Castelvecchio'],San Zeno,"['Verona Tour', 'Museo Lapidario', 'Arena', 'Museo Miniscalchi', 'Sighseeing']",Arena,strategy_nearest,True,0.0018486976623535156,success
049183429C4C80,2,['Castelvecchio'],Casa Giulietta,"['Centro Fotografia', 'Sighseeing', 'Torre Lamberti', 'Museo Conte', 'Museo Radio']",Torre Lamberti,strategy_nearest,True,0.003078937530517578,success
0491853A9C4C80,3,['Arena'],Casa Giulietta,"['Centro Fotografia', 'Sighseeing', 'Torre Lamberti', 'Museo Conte', 'Museo Radio']",Santa Anastasia,strategy_nearest,False,0.0031960010528564453,success
049188429C4C80,0,['Arena'],Tomba Giulietta,"['San Fermo', 'Museo Storia', 'Museo Lapidario', 'Museo Radio', 'Verona Tour']",Teatro Romano,strategy_nearest,False,0.0021619796752929688,success
04918A3A9C4C80,1,['Arena'],Casa Giulietta,"['Centro Fotografia', 'Sighseeing', 'Torre Lamberti', 'Museo Conte', 'Museo Radio']",Palazzo della Ragione,strategy_nearest,False,0.0030710697174072266,success
04918D4A9C4C80,3,"['Arena', 'Casa Giulietta']",Torre Lamberti,"['Sighseeing', 'Centro Fotografia', 'Museo Conte', 'Palazzo della Ragione', 'AMO']",Castelvecchio,strategy_nearest,False,0.002638101577758789,success
0491914A9C4C80,3,['Arena'],Santa Anastasia,"['AMO', 'Museo Conte', 'Palazzo della Ragione', 'Teatro Romano', 'Centro Fotografia']",Duomo,strategy_nearest,False,0.002440929412841797,success
049192C27B3F80,0,"['Torre Lamberti', 'Casa Giulietta']",Arena,"['Verona Tour', 'Museo Lapidario', 'Museo Radio', 'San Fermo', 'Sighseeing']",Teatro Romano,strategy_nearest,False,0.0026397705078125,success
0491924A9C4C80,2,"['Museo Lapidario', 'Casa Giulietta', 'Torre Lamberti']",Palazzo della Ragione,"['AMO', 'Museo Conte', 'Centro Fotografia', 'Sighseeing', 'Santa Anastasia']",Santa Anastasia,strategy_nearest,True,0.0032770633697509766,success
04919EC27B3F80,0,['San Zeno'],Castelvecchio,"['Museo Lapidario', 'Verona Tour', 'Arena', 'Museo Radio', 'Sighseeing']",Arena,strategy_nearest,True,0.002541780471801758,success
0491A14A9C4C80,0,['Arena'],Castelvecchio,"['Museo Lapidario', 'Verona Tour', 'Museo Radio', 'San Zeno', 'Sighseeing']",Casa Giulietta,strategy_nearest,False,0.0030143260955810547,success
0491A34A9C4C80,2,"['Casa Giulietta', 'Torre Lamberti']",Palazzo della Ragione,"['AMO', 'Museo Conte', 'Centro Fotografia', 'Sighseeing', 'Santa Anastasia']",Santa Anastasia,strategy_nearest,True,0.0025839805603027344,success
0491A64A9C4C80,0,['Castelvecchio'],Arena,"['Verona Tour', 'Museo Lapidario', 'Museo Radio', 'San Fermo', 'Casa Giulietta']",Torre Lamberti,strategy_nearest,False,0.002485990524291992,success
0491B4429C4C80,1,['Arena'],Casa Giulietta,"['Centro Fotografia', 'Sighseeing', 'Torre Lamberti', 'Museo Conte', 'Museo Radio']",Palazzo della Ragione,strategy_nearest,False,0.002213716506958008,success
0491BE3A9C4C80,0,['Arena'],Casa Giulietta,"['Centro Fotografia', 'Sighseeing', 'Torre Lamberti', 'Museo Conte', 'Museo Radio']",Santa Anastasia,strategy_nearest,False,0.002563953399658203,success
0491C0429C4C80,2,['Castelvecchio'],Teatro Romano,"['Santa Anastasia', 'Duomo', 'AMO', 'Palazzo della Ragione', 'Museo Conte']",Casa Giulietta,strategy_nearest,False,0.0023300647735595703,success
0491B5429C4C80,1,['Arena'],Casa Giulietta,"['Centro Fotografia', 'Sighseeing', 'Torre Lamberti', 'Museo Conte', 'Museo Radio']",Torre Lamberti,strategy_nearest,True,0.001934051513671875,success
0491C3429C4C80,0,['Arena'],Torre Lamberti,"['Sighseeing', 'Centro Fotografia', 'Museo Conte', 'Casa Giulietta', 'Palazzo della Ragione']",Casa Giulietta,strategy_nearest,True,0.0029060840606689453,success
0491C43A9C4C80,0,['Arena'],Casa Giulietta,"['Centro Fotografia', 'Sighseeing', 'Torre Lamberti', 'Museo Conte', 'Museo Radio']",Torre Lamberti,strategy_nearest,True,0.0020639896392822266,success
0491C83A9C4C80,3,"['Teatro Romano', 'Santa Anastasia']",Arena,"['Verona Tour', 'Museo Lapidario', 'Museo Radio', 'San Fermo', 'Casa Giulietta']",Castelvecchio,strategy_nearest,False,0.001847982406616211,success
0491C7429C4C80,3,"['San Fermo', 'Santa Anastasia']",Casa Giulietta,"['Centro Fotografia', 'Sighseeing', 'Torre Lamberti', 'Museo Conte', 'Museo Radio']",Duomo,strategy_nearest,False,0.0028159618377685547,success
0491C63A9C4C80,0,['Arena'],Castelvecchio,"['Museo Lapidario', 'Verona Tour', 'Museo Radio', 'San Zeno', 'Sighseeing']",Casa Giulietta,strategy_nearest,False,0.0035316944122314453,success
0491CA429C4C80,0,['Teatro Romano'],Casa Giulietta,"['Centro Fotografia', 'Sighseeing', 'Torre Lamberti', 'Museo Conte', 'Museo Radio']",Torre Lamberti,strategy_nearest,True,0.0022079944610595703,success
0491D2429C4C80,3,"['Torre Lamberti', 'Casa Giulietta', 'San Fermo', 'Museo Storia', 'Tomba Giulietta']",Castelvecchio,"['Museo Lapidario', 'Verona Tour', 'Arena', 'Museo Radio', 'San Zeno']",Museo Lapidario,strategy_nearest,True,0.0021448135375976562,success
0491D53A9C4C80,0,['Arena'],San Fermo,"['Museo Storia', 'Museo Radio', 'Casa Giulietta', 'Centro Fotografia', 'Sighseeing']",Torre Lamberti,strategy_nearest,False,0.002681255340576172,success
0491D63A9C4C80,0,"['Arena', 'Casa Giulietta']",Teatro Romano,"['Santa Anastasia', 'Duomo', 'AMO', 'Palazzo della Ragione', 'Museo Conte']",Castelvecchio,strategy_nearest,False,0.003687143325805664,success
0491DB3A9C4C80,3,"['Arena', 'Museo Lapidario', 'Casa Giulietta', 'Torre Lamberti']",Santa Anastasia,"['AMO', 'Museo Conte', 'Palazzo della Ragione', 'Teatro Romano', 'Centro Fotografia']",Duomo,strategy_nearest,False,0.0028209686279296875,success
0491E3429C4C80,3,"['Arena', 'Casa Giulietta', 'Santa Anastasia']",Teatro Romano,"['Duomo', 'AMO', 'Palazzo della Ragione', 'Museo Conte', 'Centro Fotografia']",San Fermo,strategy_nearest,False,0.002178192138671875,success
0491F13A9C4C80,3,"['Arena', 'Casa Giulietta', 'Santa Anastasia']",Teatro Romano,"['Duomo', 'AMO', 'Palazzo della Ragione', 'Museo Conte', 'Centro Fotografia']",San Zeno,strategy_nearest,False,0.00351715087890625,success
0491F33A9C4C80,0,['Arena'],Casa Giulietta,"['Centro Fotografia', 'Sighseeing', 'Torre Lamberti', 'Museo Conte', 'Museo Radio']",Duomo,strategy_nearest,False,0.002131938934326172,success
0491F53A9C4C80,3,['Arena'],Santa Anastasia,"['AMO', 'Museo Conte', 'Palazzo della Ragione', 'Teatro Romano', 'Centro Fotografia']",Duomo,strategy_nearest,False,0.0030100345611572266,success
0491FF3A9C4C80,0,['Arena'],Castelvecchio,"['Museo Lapidario', 'Verona Tour', 'Museo Radio', 'San Zeno', 'Sighseeing']",Casa Giulietta,strategy_nearest,False,0.003340005874633789,success
0491FB429C4C80,2,['Casa Giulietta'],Santa Anastasia,"['AMO', 'Museo Conte', 'Palazzo della Ragione', 'Teatro Romano', 'Centro Fotografia']",Duomo,strategy_nearest,False,0.0028543472290039062,success
0492013A9C4C84,0,['Arena'],Duomo,"['AMO', 'Museo Miniscalchi', 'Santa Anastasia', 'Teatro Romano', 'Palazzo della Ragione']",Casa Giulietta,strategy_nearest,False,0.003129720687866211,success
049202429C4C84,2,['San Fermo'],Torre Lamberti,"['Sighseeing', 'Centro Fotografia', 'Museo Conte', 'Casa Giulietta', 'Palazzo della Ragione']",Palazzo della Ragione,strategy_nearest,True,0.002286195755004883,success
049208C27B3F80,3,"['Teatro Romano', 'Arena', 'Castelvecchio']",San Fermo,"['Museo Storia', 'Museo Radio', 'Casa Giulietta', 'Centro Fotografia', 'Sighseeing']",Torre Lamberti,strategy_nearest,False,0.0023660659790039062,success
0492113A9C4C84,0,['Arena'],Casa Giulietta,"['Centro Fotografia', 'Sighseeing', 'Torre Lamberti', 'Museo Conte', 'Museo Radio']",Torre Lamberti,strategy_nearest,True,0.0031287670135498047,success
04920A429C4C80,0,"['Arena', 'Casa Giulietta']",Torre Lamberti,"['Sighseeing', 'Centro Fotografia', 'Museo Conte', 'Palazzo della Ragione', 'AMO']",Castelvecchio,strategy_nearest,False,0.002925872802734375,success
049218429C4C84,3,"['Teatro Romano', 'Duomo', 'Castelvecchio']",San Zeno,"['Verona Tour', 'Museo Lapidario', 'Arena', 'Museo Miniscalchi', 'Sighseeing']",Arena,strategy_nearest,True,0.002045154571533203,success
04921B429C4C84,2,['Duomo'],San Fermo,"['Museo Storia', 'Museo Radio', 'Casa Giulietta', 'Centro Fotografia', 'Arena']",San Zeno,strategy_nearest,False,0.0013260841369628906,success
049218429C4C80,3,"['Arena', 'Torre Lamberti']",Duomo,"['AMO', 'Museo Miniscalchi', 'Santa Anastasia', 'Teatro Romano', 'Palazzo della Ragione']",Teatro Romano,strategy_nearest,True,0.0038819313049316406,success
04921C429C4C84,2,"['Casa Giulietta', 'Torre Lamberti']",Palazzo della Ragione,"['AMO', 'Museo Conte', 'Centro Fotografia', 'Sighseeing', 'Santa Anastasia']",Teatro Romano,strategy_nearest,False,0.002988100051879883,success
04921E429C4C84,0,['Arena'],Museo Lapidario,"['Verona Tour', 'Castelvecchio', 'Museo Radio', 'San Fermo', 'Casa Giulietta']",Casa Giulietta,strategy_nearest,True,0.0019321441650390625,success
049220429C4C84,0,"['Teatro Romano', 'Castelvecchio']",Arena,"['Verona Tour', 'Museo Lapidario', 'Museo Radio', 'San Fermo', 'Casa Giulietta']",Arena,strategy_nearest,False,0.0026459693908691406,success
0492213A9C4C84,2,['Casa Giulietta'],Torre Lamberti,"['Sighseeing', 'Centro Fotografia', 'Museo Conte', 'Palazzo della Ragione', 'AMO']",Teatro Romano,strategy_nearest,False,0.0032510757446289062,success
049222C27B3F84,2,"['Santa Anastasia', 'Palazzo della Ragione']",Torre Lamberti,"['Sighseeing', 'Centro Fotografia', 'Museo Conte', 'Casa Giulietta', 'AMO']",Castelvecchio,strategy_nearest,False,0.0036468505859375,success
0492253A9C4C80,1,"['Arena', 'Casa Giulietta']",Torre Lamberti,"['Sighseeing', 'Centro Fotografia', 'Museo Conte', 'Palazzo della Ragione', 'AMO']",Palazzo della Ragione,strategy_nearest,True,0.0021712779998779297,success
0492254A9C4C80,3,"['Castelvecchio', 'Arena', 'Casa Giulietta']",Torre Lamberti,"['Sighseeing', 'Centro Fotografia', 'Museo Conte', 'Palazzo della Ragione', 'AMO']",Santa Anastasia,strategy_nearest,False,0.002718210220336914,success
0492273A9C4C80,3,['Arena'],Casa Giulietta,"['Centro Fotografia', 'Sighseeing', 'Torre Lamberti', 'Museo Conte', 'Museo Radio']",Santa Anastasia,strategy_nearest,False,0.0025391578674316406,success
049228C27B3F84,1,['Santa Anastasia'],Casa Giulietta,"['Centro Fotografia', 'Sighseeing', 'Torre Lamberti', 'Museo Conte', 'Museo Radio']",Arena,strategy_nearest,False,0.0018222332000732422,success
049227C27B3F84,2,['Palazzo della Ragione'],Casa Giulietta,"['Centro Fotografia', 'Sighseeing', 'Torre Lamberti', 'Museo Conte', 'Museo Radio']",San Zeno,strategy_nearest,False,0.003451108932495117,success
04922A429C4C80,1,"['Arena', 'Torre Lamberti', 'Palazzo della Ragione', 'Santa Anastasia']",Casa Giulietta,"['Centro Fotografia', 'Sighseeing', 'Museo Conte', 'Museo Radio', 'San Fermo']",Teatro Romano,strategy_nearest,False,0.0043430328369140625,success
04922E3A9C4C80,2,['Duomo'],Teatro Romano,"['Santa Anastasia', 'AMO', 'Palazzo della Ragione', 'Museo Conte', 'Centro Fotografia']",Casa Giulietta,strategy_nearest,False,0.002566814422607422,success
0492353A9C4C80,2,"['Castelvecchio', 'Giardino Giusti']",Duomo,"['AMO', 'Museo Miniscalchi', 'Santa Anastasia', 'Teatro Romano', 'Palazzo della Ragione']",Santa Anastasia,strategy_nearest,True,0.0034332275390625,success
04923B429C4C80,1,"['Arena', 'Casa Giulietta']",Torre Lamberti,"['Sighseeing', 'Centro Fotografia', 'Museo Conte', 'Palazzo della Ragione', 'AMO']",Torre Lamberti,strategy_nearest,False,0.001837015151977539,success
04923E3A9C4C80,0,"['Arena', 'Castelvecchio']",Torre Lamberti,"['Sighseeing', 'Centro Fotografia', 'Museo Conte', 'Casa Giulietta', 'Palazzo della Ragione']",Casa Giulietta,strategy_nearest,True,0.002805948257446289,success
049243429C4C80,0,"['Arena', 'Casa Giulietta']",Museo Storia,"['San Fermo', 'Museo Radio', 'Centro Fotografia', 'Tomba Giulietta', 'Torre Lamberti']",Torre Lamberti,strategy_nearest,True,0.0020301342010498047,success
0492793A9C4C80,1,"['Casa Giulietta', 'Torre Lamberti']",Palazzo della Ragione,"['AMO', 'Museo Conte', 'Centro Fotografia', 'Sighseeing', 'Santa Anastasia']",Arena,strategy_nearest,False,0.0031630992889404297,success
0492553A9C4C80,0,['Arena'],Castelvecchio,"['Museo Lapidario', 'Verona Tour', 'Museo Radio', 'San Zeno', 'Sighseeing']",Casa Giulietta,strategy_nearest,False,0.002585172653198242,success
04928A429C4C80,0,['Arena'],Casa Giulietta,"['Centro Fotografia', 'Sighseeing', 'Torre Lamberti', 'Museo Conte', 'Museo Radio']",Torre Lamberti,strategy_nearest,True,0.0017740726470947266,success
04928D4A9C4C80,3,['Arena'],Casa Giulietta,"['Centro Fotografia', 'Sighseeing', 'Torre Lamberti', 'Museo Conte', 'Museo Radio']",Torre Lamberti,strategy_nearest,True,0.0026748180389404297,success
04929D4A9C4C80,0,['Arena'],Torre Lamberti,"['Sighseeing', 'Centro Fotografia', 'Museo Conte', 'Casa Giulietta', 'Palazzo della Ragione']",Teatro Romano,strategy_nearest,False,0.0019140243530273438,success
049298429C4C80,0,"['Arena', 'Castelvecchio']",Torre Lamberti,"['Sighseeing', 'Centro Fotografia', 'Museo Conte', 'Casa Giulietta', 'Palazzo della Ragione']",Casa Giulietta,strategy_nearest,True,0.0025680065155029297,success
0492A5429C4C80,0,"['Arena', 'Casa Giulietta']",Tomba Giulietta,"['San Fermo', 'Museo Storia', 'Museo Lapidario', 'Museo Radio', 'Verona Tour']",Torre Lamberti,strategy_nearest,False,0.002115964889526367,success
0492A6429C4C80,1,"['Casa Giulietta', 'Arena']",Duomo,"['AMO', 'Museo Miniscalchi', 'Santa Anastasia', 'Teatro Romano', 'Palazzo della Ragione']",Santa Anastasia,strategy_nearest,True,0.0026769638061523438,success
0492A14A9C4C80,1,"['Arena', 'Casa Giulietta']",Palazzo della Ragione,"['AMO', 'Museo Conte', 'Torre Lamberti', 'Centro Fotografia', 'Sighseeing']",Torre Lamberti,strategy_nearest,True,0.0042841434478759766,success
0492AB4A9C4C80,3,"['Museo Lapidario', 'Arena']",Casa Giulietta,"['Centro Fotografia', 'Sighseeing', 'Torre Lamberti', 'Museo Conte', 'Museo Radio']",Torre Lamberti,strategy_nearest,True,0.0030989646911621094,success
0492B3429C4C80,0,['Arena'],Casa Giulietta,"['Centro Fotografia', 'Sighseeing', 'Torre Lamberti', 'Museo Conte', 'Museo Radio']",Santa Anastasia,strategy_nearest,False,0.002231121063232422,success
0492C53A9C4C80,0,"['Arena', 'Casa Giulietta']",Torre Lamberti,"['Sighseeing', 'Centro Fotografia', 'Museo Conte', 'Palazzo della Ragione', 'AMO']",Castelvecchio,strategy_nearest,False,0.002595186233520508,success
0492C3429C4C80,3,"['Arena', 'Museo Lapidario', 'Castelvecchio']",Casa Giulietta,"['Centro Fotografia', 'Sighseeing', 'Torre Lamberti', 'Museo Conte', 'Museo Radio']",Torre Lamberti,strategy_nearest,True,0.0017910003662109375,success
0492C33A9C4C80,2,['San Fermo'],Duomo,"['AMO', 'Museo Miniscalchi', 'Santa Anastasia', 'Teatro Romano', 'Palazzo della Ragione']",Casa Giulietta,strategy_nearest,False,0.002704143524169922,success
0492CD3A9C4C80,0,['Arena'],Castelvecchio,"['Museo Lapidario', 'Verona Tour', 'Museo Radio', 'San Zeno', 'Sighseeing']",Casa Giulietta,strategy_nearest,False,0.002941131591796875,success
0492D2429C4C80,0,"['Torre Lamberti', 'Teatro Romano']",Casa Giulietta,"['Centro Fotografia', 'Sighseeing', 'Museo Conte', 'Museo Radio', 'Palazzo della Ragione']",Arena,strategy_nearest,False,0.001245737075805664,success
0492D6429C4C80,2,"['Casa Giulietta', 'Santa Anastasia']",Duomo,"['AMO', 'Museo Miniscalchi', 'Teatro Romano', 'Palazzo della Ragione', 'Museo Conte']",Castelvecchio,strategy_nearest,False,0.0019140243530273438,success
0492D9429C4C80,3,"['Arena', 'Casa Giulietta']",San Fermo,"['Museo Storia', 'Museo Radio', 'Centro Fotografia', 'Sighseeing', 'Torre Lamberti']",Torre Lamberti,strategy_nearest,True,0.002705097198486328,success
0492DC429C4C80,1,"['Castelvecchio', 'San Zeno', 'Arena', 'Casa Giulietta']",Torre Lamberti,"['Sighseeing', 'Centro Fotografia', 'Museo Conte', 'Palazzo della Ragione', 'AMO']",Palazzo della Ragione,strategy_nearest,True,0.0028929710388183594,success
0492ED3A9C4C80,1,"['Tomba Giulietta', 'Arena', 'Torre Lamberti']",Palazzo della Ragione,"['AMO', 'Museo Conte', 'Centro Fotografia', 'Sighseeing', 'Santa Anastasia']",Santa Anastasia,strategy_nearest,True,0.0019481182098388672,success
0492E53A9C4C80,0,['Arena'],Castelvecchio,"['Museo Lapidario', 'Verona Tour', 'Museo Radio', 'San Zeno', 'Sighseeing']",Casa Giulietta,strategy_nearest,False,0.003142118453979492,success
0492E1429C4C80,2,"['Santa Anastasia', 'Duomo']",Teatro Romano,"['AMO', 'Palazzo della Ragione', 'Museo Conte', 'Centro Fotografia', 'Museo Miniscalchi']",Castelvecchio,strategy_nearest,False,0.0020580291748046875,success
0492FC3A9C4C80,0,['Castelvecchio'],Arena,"['Verona Tour', 'Museo Lapidario', 'Museo Radio', 'San Fermo', 'Casa Giulietta']",Casa Giulietta,strategy_nearest,True,0.0031499862670898438,success
0493003A9C4C84,0,['Arena'],Castelvecchio,"['Museo Lapidario', 'Verona Tour', 'Museo Radio', 'San Zeno', 'Sighseeing']",Teatro Romano,strategy_nearest,False,0.0013489723205566406,success
0493033A9C4C84,0,"['Arena', 'San Fermo']",Museo Storia,"['Museo Radio', 'Casa Giulietta', 'Centro Fotografia', 'Tomba Giulietta', 'Torre Lamberti']",Casa Giulietta,strategy_nearest,True,0.0018389225006103516,success
049304429C4C84,3,"['Castelvecchio', 'San Zeno']",Arena,"['Verona Tour', 'Museo Lapidario', 'Museo Radio', 'San Fermo', 'Casa Giulietta']",Torre Lamberti,strategy_nearest,False,0.003551006317138672,success
0492FF3A9C4C80,0,['Arena'],Casa Giulietta,"['Centro Fotografia', 'Sighseeing', 'Torre Lamberti', 'Museo Conte', 'Museo Radio']",Castelvecchio,strategy_nearest,False,0.0031843185424804688,success
04930A3A9C4C84,1,['Arena'],Casa Giulietta,"['Centro Fotografia', 'Sighseeing', 'Torre Lamberti', 'Museo Conte', 'Museo Radio']",Palazzo della Ragione,strategy_nearest,False,0.002443075180053711,success
04930EC27B3F80,2,"['Duomo', 'Santa Anastasia', 'Torre Lamberti']",San Fermo,"['Museo Storia', 'Museo Radio', 'Casa Giulietta', 'Centro Fotografia', 'Arena']",Castelvecchio,strategy_nearest,False,0.0015230178833007812,success
0493114A9C4C80,1,"['Teatro Romano', 'Santa Anastasia', 'Torre Lamberti']",Palazzo della Ragione,"['AMO', 'Museo Conte', 'Centro Fotografia', 'Sighseeing', 'Museo Miniscalchi']",Casa Giulietta,strategy_nearest,False,0.0026738643646240234,success
04930F3A9C4C84,2,['Torre Lamberti'],Palazzo della Ragione,"['AMO', 'Museo Conte', 'Centro Fotografia', 'Sighseeing', 'Santa Anastasia']",Casa Giulietta,strategy_nearest,False,0.002187013626098633,success
0493163A9C4C80,0,['Arena'],Castelvecchio,"['Museo Lapidario', 'Verona Tour', 'Museo Radio', 'San Zeno', 'Sighseeing']",Santa Anastasia,strategy_nearest,False,0.0032651424407958984,success
04931D4A9C4C80,0,['Casa Giulietta'],Torre Lamberti,"['Sighseeing', 'Centro Fotografia', 'Museo Conte', 'Palazzo della Ragione', 'AMO']",Arena,strategy_nearest,False,0.0018630027770996094,success
0493173A9C4C84,3,"['Arena', 'Museo Lapidario']",Casa Giulietta,"['Centro Fotografia', 'Sighseeing', 'Torre Lamberti', 'Museo Conte', 'Museo Radio']",Santa Anastasia,strategy_nearest,False,0.002056121826171875,success
04931A3A9C4C84,0,"['Arena', 'Casa Giulietta']",Torre Lamberti,"['Sighseeing', 'Centro Fotografia', 'Museo Conte', 'Palazzo della Ragione', 'AMO']",Teatro Romano,strategy_nearest,False,0.0026040077209472656,success
04931E429C4C84,3,['Arena'],Torre Lamberti,"['Sighseeing', 'Centro Fotografia', 'Museo Conte', 'Casa Giulietta', 'Palazzo della Ragione']",Duomo,strategy_nearest,False,0.0033261775970458984,success
049327C27B3F80,2,['Duomo'],Casa Giulietta,"['Centro Fotografia', 'Sighseeing', 'Torre Lamberti', 'Museo Conte', 'Museo Radio']",Teatro Romano,strategy_nearest,False,0.0026161670684814453,success
0493233A9C4C84,0,['Casa Giulietta'],Teatro Romano,"['Santa Anastasia', 'Duomo', 'AMO', 'Palazzo della Ragione', 'Museo Conte']",Arena,strategy_nearest,False,0.002032756805419922,success
04931E4A9C4C80,2,"['Casa Giulietta', 'Casa Giulietta']",Santa Anastasia,"['AMO', 'Museo Conte', 'Palazzo della Ragione', 'Teatro Romano', 'Centro Fotografia']",Duomo,strategy_nearest,False,0.0026259422302246094,success
049328429C4C84,0,['Arena'],Torre Lamberti,"['Sighseeing', 'Centro Fotografia', 'Museo Conte', 'Casa Giulietta', 'Palazzo della Ragione']",Casa Giulietta,strategy_nearest,True,0.0029540061950683594,success
04932E3A9C4C80,3,['Santa Anastasia'],Torre Lamberti,"['Sighseeing', 'Centro Fotografia', 'Museo Conte', 'Casa Giulietta', 'Palazzo della Ragione']",Arena,strategy_nearest,False,0.0013172626495361328,success
049330429C4C80,2,"['Teatro Romano', 'Duomo']",Santa Anastasia,"['AMO', 'Museo Conte', 'Palazzo della Ragione', 'Centro Fotografia', 'Torre Lamberti']",Torre Lamberti,strategy_nearest,True,0.002162933349609375,success
049332C27B3F80,0,"['Teatro Romano', 'Casa Giulietta', 'San Zeno']",Castelvecchio,"['Museo Lapidario', 'Verona Tour', 'Arena', 'Museo Radio', 'Sighseeing']",Arena,strategy_nearest,True,0.002679109573364258,success
04933C429C4C80,2,"['Torre Lamberti', 'Palazzo della Ragione']",Teatro Romano,"['Santa Anastasia', 'Duomo', 'AMO', 'Museo Conte', 'Centro Fotografia']",Castelvecchio,strategy_nearest,False,0.002691984176635742,success
0493394A9C4C80,3,"['Teatro Romano', 'Duomo']",Santa Anastasia,"['AMO', 'Museo Conte', 'Palazzo della Ragione', 'Centro Fotografia', 'Torre Lamberti']",Torre Lamberti,strategy_nearest,True,0.0035538673400878906,success
04933E429C4C80,1,"['Arena', 'Torre Lamberti']",Palazzo della Ragione,"['AMO', 'Museo Conte', 'Centro Fotografia', 'Sighseeing', 'Santa Anastasia']",Castelvecchio,strategy_nearest,False,0.003027200698852539,success
04933EC27B3F80,0,"['Teatro Romano', 'Casa Giulietta', 'San Zeno']",Castelvecchio,"['Museo Lapidario', 'Verona Tour', 'Arena', 'Museo Radio', 'Sighseeing']",Arena,strategy_nearest,True,0.0021080970764160156,success
0493433A9C4C80,1,"['Santa Anastasia', 'Torre Lamberti', 'Palazzo della Ragione']",Casa Giulietta,"['Centro Fotografia', 'Sighseeing', 'Museo Conte', 'Museo Radio', 'San Fermo']",Teatro Romano,strategy_nearest,False,0.0024938583374023438,success
049343429C4C80,0,['Casa Giulietta'],Arena,"['Verona Tour', 'Museo Lapidario', 'Museo Radio', 'San Fermo', 'Sighseeing']",Tomba Giulietta,strategy_nearest,False,0.003056049346923828,success
049347429C4C80,0,['Arena'],Castelvecchio,"['Museo Lapidario', 'Verona Tour', 'Museo Radio', 'San Zeno', 'Sighseeing']",Casa Giulietta,strategy_nearest,False,0.0020160675048828125,success
04934A429C4C80,3,['Arena'],San Fermo,"['Museo Storia', 'Museo Radio', 'Casa Giulietta', 'Centro Fotografia', 'Sighseeing']",Torre Lamberti,strategy_nearest,False,0.0033690929412841797,success
04934B429C4C80,0,['Arena'],Casa Giulietta,"['Centro Fotografia', 'Sighseeing', 'Torre Lamberti', 'Museo Conte', 'Museo Radio']",Castelvecchio,strategy_nearest,False,0.002016782760620117,success
04934F429C4C80,3,"['Arena', 'San Fermo']",Duomo,"['AMO', 'Museo Miniscalchi', 'Santa Anastasia', 'Teatro Romano', 'Palazzo della Ragione']",Torre Lamberti,strategy_nearest,False,0.0032830238342285156,success
049371429C4C80,3,['Duomo'],Santa Anastasia,"['AMO', 'Museo Conte', 'Palazzo della Ragione', 'Teatro Romano', 'Centro Fotografia']",Casa Giulietta,strategy_nearest,False,0.0018718242645263672,success
04935F3A9C4C80,3,"['Arena', 'San Zeno']",Torre Lamberti,"['Sighseeing', 'Centro Fotografia', 'Museo Conte', 'Casa Giulietta', 'Palazzo della Ragione']",Duomo,strategy_nearest,False,0.002638101577758789,success
0493653A9C4C80,1,"['Palazzo della Ragione', 'Teatro Romano', 'Santa Anastasia', 'Casa Giulietta']",San Zeno,"['Castelvecchio', 'Verona Tour', 'Museo Lapidario', 'Arena', 'Museo Miniscalchi']",Castelvecchio,strategy_nearest,True,0.003158092498779297,success
049374429C4C80,2,"['Santa Anastasia', 'Torre Lamberti']",Casa Giulietta,"['Centro Fotografia', 'Sighseeing', 'Museo Conte', 'Museo Radio', 'Palazzo della Ragione']",Giardino Giusti,strategy_nearest,False,0.003159761428833008,success
0493773A9C4C80,0,['Arena'],Casa Giulietta,"['Centro Fotografia', 'Sighseeing', 'Torre Lamberti', 'Museo Conte', 'Museo Radio']",Torre Lamberti,strategy_nearest,True,0.0025658607482910156,success
0493763A9C4C80,0,['Castelvecchio'],Casa Giulietta,"['Centro Fotografia', 'Sighseeing', 'Torre Lamberti', 'Museo Conte', 'Museo Radio']",Arena,strategy_nearest,False,0.0018310546875,success
04937B429C4C80,0,['Arena'],Torre Lamberti,"['Sighseeing', 'Centro Fotografia', 'Museo Conte', 'Casa Giulietta', 'Palazzo della Ragione']",Castelvecchio,strategy_nearest,False,0.0022559165954589844,success
0493823A9C4C80,2,"['Teatro Romano', 'Duomo']",Casa Giulietta,"['Centro Fotografia', 'Sighseeing', 'Torre Lamberti', 'Museo Conte', 'Museo Radio']",Torre Lamberti,strategy_nearest,True,0.00327301025390625,success
0493873A9C4C80,2,['Torre Lamberti'],Teatro Romano,"['Santa Anastasia', 'Duomo', 'AMO', 'Palazzo della Ragione', 'Museo Conte']",Duomo,strategy_nearest,True,0.0019080638885498047,success
049383429C4C80,3,"['Arena', 'Casa Giulietta']",Santa Anastasia,"['AMO', 'Museo Conte', 'Palazzo della Ragione', 'Teatro Romano', 'Centro Fotografia']",Teatro Romano,strategy_nearest,True,0.0026171207427978516,success
04938C429C4C80,3,"['Arena', 'Casa Giulietta', 'Santa Anastasia']",Duomo,"['AMO', 'Museo Miniscalchi', 'Teatro Romano', 'Palazzo della Ragione', 'Museo Conte']",Teatro Romano,strategy_nearest,True,0.003300905227661133,success
0493994A9C4C80,0,['Arena'],Castelvecchio,"['Museo Lapidario', 'Verona Tour', 'Museo Radio', 'San Zeno', 'Sighseeing']",Torre Lamberti,strategy_nearest,False,0.0024216175079345703,success
049390429C4C80,1,"['Arena', 'Castelvecchio']",Palazzo della Ragione,"['AMO', 'Museo Conte', 'Torre Lamberti', 'Centro Fotografia', 'Sighseeing']",Torre Lamberti,strategy_nearest,True,0.0019519329071044922,success
04939D4A9C4C80,2,['Tomba Giulietta'],Casa Giulietta,"['Centro Fotografia', 'Sighseeing', 'Torre Lamberti', 'Museo Conte', 'Museo Radio']",Torre Lamberti,strategy_nearest,True,0.00311279296875,success
0493AC3A9C4C80,3,"['Arena', 'Casa Giulietta']",Torre Lamberti,"['Sighseeing', 'Centro Fotografia', 'Museo Conte', 'Palazzo della Ragione', 'AMO']",Santa Anastasia,strategy_nearest,False,0.00185394287109375,success
0493AC429C4C80,1,"['Arena', 'Castelvecchio', 'Casa Giulietta']",Torre Lamberti,"['Sighseeing', 'Centro Fotografia', 'Museo Conte', 'Palazzo della Ragione', 'AMO']",Palazzo della Ragione,strategy_nearest,True,0.002672910690307617,success
0493B03A9C4C80,2,['Santa Anastasia'],Teatro Romano,"['Duomo', 'AMO', 'Palazzo della Ragione', 'Museo Conte', 'Centro Fotografia']",Castelvecchio,strategy_nearest,False,0.002694845199584961,success
0493B1429C4C80,2,['Santa Anastasia'],Teatro Romano,"['Duomo', 'AMO', 'Palazzo della Ragione', 'Museo Conte', 'Centro Fotografia']",Duomo,strategy_nearest,True,0.0032770633697509766,success
0493B3429C4C80,0,['Arena'],Casa Giulietta,"['Centro Fotografia', 'Sighseeing', 'Torre Lamberti', 'Museo Conte', 'Museo Radio']",Tomba Giulietta,strategy_nearest,False,0.0023458003997802734,success
0493C0429C4C80,3,['Arena'],Casa Giulietta,"['Centro Fotografia', 'Sighseeing', 'Torre Lamberti', 'Museo Conte', 'Museo Radio']",Duomo,strategy_nearest,False,0.0033490657806396484,success
0493BA429C4C80,0,"['Arena', 'Museo Lapidario']",Tomba Giulietta,"['San Fermo', 'Museo Storia', 'Museo Radio', 'Verona Tour', 'Casa Giulietta']",Tomba Giulietta,strategy_nearest,False,0.00477290153503418,success
0493C6429C4C80,0,"['Casa Giulietta', 'Duomo']",Teatro Romano,"['Santa Anastasia', 'AMO', 'Palazzo della Ragione', 'Museo Conte', 'Centro Fotografia']",Arena,strategy_nearest,False,0.004747629165649414,success
0493C83A9C4C80,3,['Castelvecchio'],Arena,"['Verona Tour', 'Museo Lapidario', 'Museo Radio', 'San Fermo', 'Casa Giulietta']",Torre Lamberti,strategy_nearest,False,0.0029959678649902344,success
0493C8429C4C80,3,"['Arena', 'Castelvecchio']",Duomo,"['AMO', 'Museo Miniscalchi', 'Santa Anastasia', 'Teatro Romano', 'Palazzo della Ragione']",Santa Anastasia,strategy_nearest,True,0.0026121139526367188,success
0493C93A9C4C80,0,['Arena'],Casa Giulietta,"['Centro Fotografia', 'Sighseeing', 'Torre Lamberti', 'Museo Conte', 'Museo Radio']",Castelvecchio,strategy_nearest,False,0.002360105514526367,success
0493CE429C4C80,0,['Arena'],Castelvecchio,"['Museo Lapidario', 'Verona Tour', 'Museo Radio', 'San Zeno', 'Sighseeing']",Teatro Romano,strategy_nearest,False,0.0027441978454589844,success
0493EF429C4C80,3,"['Arena', 'Santa Anastasia']",Teatro Romano,"['Duomo', 'AMO', 'Palazzo della Ragione', 'Museo Conte', 'Centro Fotografia']",Duomo,strategy_nearest,True,0.0023200511932373047,success
0493E23A9C4C80,3,"['Arena', 'Museo Storia']",Casa Giulietta,"['Centro Fotografia', 'Sighseeing', 'Torre Lamberti', 'Museo Conte', 'Museo Radio']",Santa Anastasia,strategy_nearest,False,0.0031261444091796875,success
0494033A9C4C84,0,['Arena'],Castelvecchio,"['Museo Lapidario', 'Verona Tour', 'Museo Radio', 'San Zeno', 'Sighseeing']",Santa Anastasia,strategy_nearest,False,0.002047300338745117,success
0493F6429C4C80,3,"['Duomo', 'Teatro Romano', 'Castelvecchio']",Arena,"['Verona Tour', 'Museo Lapidario', 'Museo Radio', 'San Fermo', 'Casa Giulietta']",Casa Giulietta,strategy_nearest,True,0.0027060508728027344,success
0493F73A9C4C80,0,['Arena'],Casa Giulietta,"['Centro Fotografia', 'Sighseeing', 'Torre Lamberti', 'Museo Conte', 'Museo Radio']",Casa Giulietta,strategy_nearest,False,0.002727985382080078,success
049409429C4C80,1,['Arena'],Casa Giulietta,"['Centro Fotografia', 'Sighseeing', 'Torre Lamberti', 'Museo Conte', 'Museo Radio']",Palazzo della Ragione,strategy_nearest,False,0.003087759017944336,success
0494113A9C4C80,1,"['Castelvecchio', 'Castelvecchio', 'Arena', 'Casa Giulietta']",Torre Lamberti,"['Sighseeing', 'Centro Fotografia', 'Museo Conte', 'Palazzo della Ragione', 'AMO']",Palazzo della Ragione,strategy_nearest,True,0.0025949478149414062,success
04940E3A9C4C84,1,['Arena'],Casa Giulietta,"['Centro Fotografia', 'Sighseeing', 'Torre Lamberti', 'Museo Conte', 'Museo Radio']",Palazzo della Ragione,strategy_nearest,False,0.001993417739868164,success
04940F3A9C4C80,0,['Arena'],Castelvecchio,"['Museo Lapidario', 'Verona Tour', 'Museo Radio', 'San Zeno', 'Sighseeing']",Casa Giulietta,strategy_nearest,False,0.002103090286254883,success
049414429C4C80,3,"['Arena', 'Santa Anastasia']",Teatro Romano,"['Duomo', 'AMO', 'Palazzo della Ragione', 'Museo Conte', 'Centro Fotografia']",Casa Giulietta,strategy_nearest,False,0.002843141555786133,success
049417429C4C84,3,"['Casa Giulietta', 'Santa Anastasia']",Teatro Romano,"['Duomo', 'AMO', 'Palazzo della Ragione', 'Museo Conte', 'Centro Fotografia']",Arena,strategy_nearest,False,0.002196073532104492,success
04941A429C4C80,3,"['Casa Giulietta', 'Torre Lamberti']",Santa Anastasia,"['AMO', 'Museo Conte', 'Palazzo della Ragione', 'Teatro Romano', 'Centro Fotografia']",Duomo,strategy_nearest,False,0.002111196517944336,success
0494194A9C4C80,2,"['Casa Giulietta', 'Santa Anastasia']",Duomo,"['AMO', 'Museo Miniscalchi', 'Teatro Romano', 'Palazzo della Ragione', 'Museo Conte']",Castelvecchio,strategy_nearest,False,0.0033898353576660156,success
04941E429C4C84,3,['Arena'],Duomo,"['AMO', 'Museo Miniscalchi', 'Santa Anastasia', 'Teatro Romano', 'Palazzo della Ragione']",Torre Lamberti,strategy_nearest,False,0.003153085708618164,success
04941F429C4C84,0,"['Teatro Romano', 'Torre Lamberti']",Casa Giulietta,"['Centro Fotografia', 'Sighseeing', 'Museo Conte', 'Museo Radio', 'Palazzo della Ragione']",Arena,strategy_nearest,False,0.0013821125030517578,success
049420429C4C80,0,['Arena'],Torre Lamberti,"['Sighseeing', 'Centro Fotografia', 'Museo Conte', 'Casa Giulietta', 'Palazzo della Ragione']",Casa Giulietta,strategy_nearest,True,0.001856088638305664,success
049427429C4C84,0,['Teatro Romano'],Casa Giulietta,"['Centro Fotografia', 'Sighseeing', 'Torre Lamberti', 'Museo Conte', 'Museo Radio']",Arena,strategy_nearest,False,0.0032770633697509766,success
0494243A9C4C84,1,"['Arena', 'Casa Giulietta']",Torre Lamberti,"['Sighseeing', 'Centro Fotografia', 'Museo Conte', 'Palazzo della Ragione', 'AMO']",Palazzo della Ragione,strategy_nearest,True,0.002669095993041992,success
04942E4A9C4C80,0,['Tomba Giulietta'],Arena,"['Verona Tour', 'Museo Lapidario', 'Museo Radio', 'San Fermo', 'Casa Giulietta']",Duomo,strategy_nearest,False,0.001378774642944336,success
04942C4A9C4C80,3,"['Casa Giulietta', 'Torre Lamberti', 'Arena']",Santa Anastasia,"['AMO', 'Museo Conte', 'Palazzo della Ragione', 'Teatro Romano', 'Centro Fotografia']",Duomo,strategy_nearest,False,0.0026640892028808594,success
04943C4A9C4C80,2,"['Castelvecchio', 'Teatro Romano']",San Zeno,"['Verona Tour', 'Museo Lapidario', 'Arena', 'Museo Miniscalchi', 'Sighseeing']",Palazzo della Ragione,strategy_nearest,False,0.0026221275329589844,success
04943D3A9C4C80,1,"['Arena', 'Palazzo della Ragione']",Casa Giulietta,"['Centro Fotografia', 'Sighseeing', 'Torre Lamberti', 'Museo Conte', 'Museo Radio']",Duomo,strategy_nearest,False,0.003042936325073242,success
04944D429C4C80,3,"['Arena', 'Torre Lamberti']",Casa Giulietta,"['Centro Fotografia', 'Sighseeing', 'Museo Conte', 'Museo Radio', 'Palazzo della Ragione']",Santa Anastasia,strategy_nearest,False,0.0020568370819091797,success
049454429C4C80,0,['Arena'],Casa Giulietta,"['Centro Fotografia', 'Sighseeing', 'Torre Lamberti', 'Museo Conte', 'Museo Radio']",Castelvecchio,strategy_nearest,False,0.0026912689208984375,success
04944B429C4C80,3,['Duomo'],Arena,"['Verona Tour', 'Museo Lapidario', 'Museo Radio', 'San Fermo', 'Casa Giulietta']",Castelvecchio,strategy_nearest,False,0.002772092819213867,success
04945A429C4C80,0,['Arena'],Casa Giulietta,"['Centro Fotografia', 'Sighseeing', 'Torre Lamberti', 'Museo Conte', 'Museo Radio']",Castelvecchio,strategy_nearest,False,0.0030651092529296875,success
04945E429C4C80,0,['Arena'],Casa Giulietta,"['Centro Fotografia', 'Sighseeing', 'Torre Lamberti', 'Museo Conte', 'Museo Radio']",Torre Lamberti,strategy_nearest,True,0.002218008041381836,success
049461429C4C80,3,['Arena'],Casa Giulietta,"['Centro Fotografia', 'Sighseeing', 'Torre Lamberti', 'Museo Conte', 'Museo Radio']",Santa Anastasia,strategy_nearest,False,0.0018177032470703125,success
04946D429C4C80,0,['Casa Giulietta'],Arena,"['Verona Tour', 'Museo Lapidario', 'Museo Radio', 'San Fermo', 'Sighseeing']",Tomba Giulietta,strategy_nearest,False,0.0033240318298339844,success
04946E3A9C4C80,2,['Teatro Romano'],Castelvecchio,"['Museo Lapidario', 'Verona Tour', 'Arena', 'Museo Radio', 'San Zeno']",San Zeno,strategy_nearest,True,0.0017800331115722656,success
049471429C4C80,2,['Casa Giulietta'],Tomba Giulietta,"['San Fermo', 'Museo Storia', 'Arena', 'Museo Lapidario', 'Museo Radio']",Torre Lamberti,strategy_nearest,False,0.002830982208251953,success
0494793A9C4C80,3,"['Arena', 'Torre Lamberti', 'Casa Giulietta']",San Fermo,"['Museo Storia', 'Museo Radio', 'Centro Fotografia', 'Sighseeing', 'Museo Conte']",Santa Anastasia,strategy_nearest,False,0.002007722854614258,success
0494854A9C4C80,1,"['Arena', 'Casa Giulietta']",Torre Lamberti,"['Sighseeing', 'Centro Fotografia', 'Museo Conte', 'Palazzo della Ragione', 'AMO']",Palazzo della Ragione,strategy_nearest,True,0.002669095993041992,success
04947D4A9C4C80,3,['Arena'],Casa Giulietta,"['Centro Fotografia', 'Sighseeing', 'Torre Lamberti', 'Museo Conte', 'Museo Radio']",Santa Anastasia,strategy_nearest,False,0.0027709007263183594,success
04947B4A9C4C80,3,"['Arena', 'Museo Lapidario']",Casa Giulietta,"['Centro Fotografia', 'Sighseeing', 'Torre Lamberti', 'Museo Conte', 'Museo Radio']",Torre Lamberti,strategy_nearest,True,0.002095937728881836,success
04948D3A9C4C80,2,"['Castelvecchio', 'San Fermo', 'Casa Giulietta']",Torre Lamberti,"['Sighseeing', 'Centro Fotografia', 'Museo Conte', 'Palazzo della Ragione', 'AMO']",Santa Anastasia,strategy_nearest,False,0.0029239654541015625,success
049493429C4C80,0,['Arena'],Museo Lapidario,"['Verona Tour', 'Castelvecchio', 'Museo Radio', 'San Fermo', 'Casa Giulietta']",Castelvecchio,strategy_nearest,True,0.0015637874603271484,success
0494914A9C4C80,0,['Arena'],Santa Anastasia,"['AMO', 'Museo Conte', 'Palazzo della Ragione', 'Teatro Romano', 'Centro Fotografia']",Casa Giulietta,strategy_nearest,False,0.002827167510986328,success
049496429C4C80,3,"['Arena', 'Torre Lamberti', 'Santa Anastasia']",Duomo,"['AMO', 'Museo Miniscalchi', 'Teatro Romano', 'Palazzo della Ragione', 'Museo Conte']",Teatro Romano,strategy_nearest,True,0.0019931793212890625,success
04948E429C4C80,2,['Castelvecchio'],Teatro Romano,"['Santa Anastasia', 'Duomo', 'AMO', 'Palazzo della Ragione', 'Museo Conte']",Casa Giulietta,strategy_nearest,False,0.0040130615234375,success
0494A44A9C4C80,0,['Arena'],Casa Giulietta,"['Centro Fotografia', 'Sighseeing', 'Torre Lamberti', 'Museo Conte', 'Museo Radio']",Torre Lamberti,strategy_nearest,True,0.0019352436065673828,success
04949B4A9C4C80,0,"['Museo Lapidario', 'Arena']",Casa Giulietta,"['Centro Fotografia', 'Sighseeing', 'Torre Lamberti', 'Museo Conte', 'Museo Radio']",San Fermo,strategy_nearest,False,0.001399993896484375,success
0494A24A9C4C80,2,"['Tomba Giulietta', 'Giardino Giusti']",Teatro Romano,"['Santa Anastasia', 'Duomo', 'AMO', 'Palazzo della Ragione', 'Museo Conte']",Casa Giulietta,strategy_nearest,False,0.002797842025756836,success
0494A94A9C4C80,1,['Arena'],Casa Giulietta,"['Centro Fotografia', 'Sighseeing', 'Torre Lamberti', 'Museo Conte', 'Museo Radio']",Palazzo della Ragione,strategy_nearest,False,0.0030138492584228516,success
0494B53A9C4C80,1,"['Torre Lamberti', 'Palazzo della Ragione']",Casa Giulietta,"['Centro Fotografia', 'Sighseeing', 'Museo Conte', 'Museo Radio', 'San Fermo']",Arena,strategy_nearest,False,0.0015392303466796875,success
0494BB3A9C4C80,0,['Arena'],Casa Giulietta,"['Centro Fotografia', 'Sighseeing', 'Torre Lamberti', 'Museo Conte', 'Museo Radio']",Santa Anastasia,strategy_nearest,False,0.0021338462829589844,success
0494C7429C4C80,1,"['Castelvecchio', 'Arena']",Casa Giulietta,"['Centro Fotografia', 'Sighseeing', 'Torre Lamberti', 'Museo Conte', 'Museo Radio']",Torre Lamberti,strategy_nearest,True,0.0032041072845458984,success
0494AC429C4C80,0,['Arena'],Torre Lamberti,"['Sighseeing', 'Centro Fotografia', 'Museo Conte', 'Casa Giulietta', 'Palazzo della Ragione']",Casa Giulietta,strategy_nearest,True,0.0028069019317626953,success
0494C8429C4C80,3,"['Arena', 'Castelvecchio']",Duomo,"['AMO', 'Museo Miniscalchi', 'Santa Anastasia', 'Teatro Romano', 'Palazzo della Ragione']",Santa Anastasia,strategy_nearest,True,0.0022139549255371094,success
0494DC3A9C4C80,2,['Casa Giulietta'],Santa Anastasia,"['AMO', 'Museo Conte', 'Palazzo della Ragione', 'Teatro Romano', 'Centro Fotografia']",Duomo,strategy_nearest,False,0.0027649402618408203,success
0494DE3A9C4C80,0,"['Arena', 'Museo Lapidario', 'Castelvecchio']",Tomba Giulietta,"['San Fermo', 'Museo Storia', 'Museo Radio', 'Verona Tour', 'Casa Giulietta']",Casa Giulietta,strategy_nearest,True,0.0014448165893554688,success
0494DF429C4C80,0,"['Arena', 'Casa Giulietta']",Torre Lamberti,"['Sighseeing', 'Centro Fotografia', 'Museo Conte', 'Palazzo della Ragione', 'AMO']",Castelvecchio,strategy_nearest,False,0.003155946731567383,success
0494E83A9C4C80,3,['Duomo'],Santa Anastasia,"['AMO', 'Museo Conte', 'Palazzo della Ragione', 'Teatro Romano', 'Centro Fotografia']",Arena,strategy_nearest,False,0.0021622180938720703,success
049503429C4C84,0,['Arena'],Casa Giulietta,"['Centro Fotografia', 'Sighseeing', 'Torre Lamberti', 'Museo Conte', 'Museo Radio']",Torre Lamberti,strategy_nearest,True,0.002626180648803711,success
0494F53A9C4C80,0,['Arena'],Casa Giulietta,"['Centro Fotografia', 'Sighseeing', 'Torre Lamberti', 'Museo Conte', 'Museo Radio']",Torre Lamberti,strategy_nearest,True,0.0021109580993652344,success
0495063A9C4C84,3,['Torre Lamberti'],Santa Anastasia,"['AMO', 'Museo Conte', 'Palazzo della Ragione', 'Teatro Romano', 'Centro Fotografia']",Arena,strategy_nearest,False,0.003161191940307617,success
0495093A9C4C84,1,['Arena'],Casa Giulietta,"['Centro Fotografia', 'Sighseeing', 'Torre Lamberti', 'Museo Conte', 'Museo Radio']",Torre Lamberti,strategy_nearest,True,0.0018458366394042969,success
0495203A9C4C80,2,"['Casa Giulietta', 'Santa Anastasia']",Duomo,"['AMO', 'Museo Miniscalchi', 'Teatro Romano', 'Palazzo della Ragione', 'Museo Conte']",Teatro Romano,strategy_nearest,True,0.002778768539428711,success
049511429C4C80,1,['Arena'],Casa Giulietta,"['Centro Fotografia', 'Sighseeing', 'Torre Lamberti', 'Museo Conte', 'Museo Radio']",Torre Lamberti,strategy_nearest,True,0.0018010139465332031,success
049522429C4C80,3,"['Arena', 'Giardino Giusti']",Duomo,"['AMO', 'Museo Miniscalchi', 'Santa Anastasia', 'Teatro Romano', 'Palazzo della Ragione']",Santa Anastasia,strategy_nearest,True,0.003114938735961914,success
0495333A9C4C80,2,['Santa Anastasia'],Duomo,"['AMO', 'Museo Miniscalchi', 'Teatro Romano', 'Palazzo della Ragione', 'Museo Conte']",Castelvecchio,strategy_nearest,False,0.001814126968383789,success
049523429C4C84,0,"['Arena', 'Casa Giulietta']",Museo Lapidario,"['Verona Tour', 'Castelvecchio', 'Museo Radio', 'San Fermo', 'Tomba Giulietta']",Castelvecchio,strategy_nearest,True,0.0021750926971435547,success
049535429C4C80,0,"['Arena', 'Casa Giulietta']",Torre Lamberti,"['Sighseeing', 'Centro Fotografia', 'Museo Conte', 'Palazzo della Ragione', 'AMO']",Teatro Romano,strategy_nearest,False,0.0025331974029541016,success
0495354A9C4C80,3,"['Arena', 'Casa Giulietta']",Torre Lamberti,"['Sighseeing', 'Centro Fotografia', 'Museo Conte', 'Palazzo della Ragione', 'AMO']",Duomo,strategy_nearest,False,0.002228975296020508,success
0495363A9C4C80,1,"['Arena', 'Palazzo della Ragione']",Torre Lamberti,"['Sighseeing', 'Centro Fotografia', 'Museo Conte', 'Casa Giulietta', 'AMO']",Casa Giulietta,strategy_nearest,True,0.0018050670623779297,success
0495364A9C4C80,3,"['Tomba Giulietta', 'Casa Giulietta', 'Arena']",Castelvecchio,"['Museo Lapidario', 'Verona Tour', 'Museo Radio', 'San Zeno', 'Sighseeing']",San Fermo,strategy_nearest,False,0.002604961395263672,success
04953A3A9C4C80,3,['Arena'],Casa Giulietta,"['Centro Fotografia', 'Sighseeing', 'Torre Lamberti', 'Museo Conte', 'Museo Radio']",Santa Anastasia,strategy_nearest,False,0.0026030540466308594,success
04953E3A9C4C80,2,"['Casa Giulietta', 'Torre Lamberti']",Palazzo della Ragione,"['AMO', 'Museo Conte', 'Centro Fotografia', 'Sighseeing', 'Santa Anastasia']",Santa Anastasia,strategy_nearest,True,0.0021469593048095703,success
0495373A9C4C80,2,['Teatro Romano'],Duomo,"['AMO', 'Museo Miniscalchi', 'Santa Anastasia', 'Palazzo della Ragione', 'Museo Conte']",Castelvecchio,strategy_nearest,False,0.0034627914428710938,success
049549429C4C80,1,"['Arena', 'Tomba Giulietta']",San Fermo,"['Museo Storia', 'Museo Radio', 'Casa Giulietta', 'Centro Fotografia', 'Sighseeing']",Casa Giulietta,strategy_nearest,True,0.0018491744995117188,success
04953FBA7B3F80,3,"['Castelvecchio', 'Arena']",Casa Giulietta,"['Centro Fotografia', 'Sighseeing', 'Torre Lamberti', 'Museo Conte', 'Museo Radio']",Santa Anastasia,strategy_nearest,False,0.002275705337524414,success
04954C429C4C80,0,['Arena'],Castelvecchio,"['Museo Lapidario', 'Verona Tour', 'Museo Radio', 'San Zeno', 'Sighseeing']",Torre Lamberti,strategy_nearest,False,0.0025382041931152344,success
04954D3A9C4C80,3,['Santa Anastasia'],Duomo,"['AMO', 'Museo Miniscalchi', 'Teatro Romano', 'Palazzo della Ragione', 'Museo Conte']",Casa Giulietta,strategy_nearest,False,0.002187013626098633,success
0495503A9C4C80,0,"['Arena', 'Castelvecchio']",San Zeno,"['Verona Tour', 'Museo Lapidario', 'Museo Miniscalchi', 'Sighseeing', 'Museo Radio']",Teatro Romano,strategy_nearest,False,0.0019559860229492188,success
0495513A9C4C80,2,['San Zeno'],Castelvecchio,"['Museo Lapidario', 'Verona Tour', 'Arena', 'Museo Radio', 'Sighseeing']",Casa Giulietta,strategy_nearest,False,0.0025589466094970703,success
049554429C4C80,1,"['Arena', 'Casa Giulietta', 'Torre Lamberti', 'Palazzo della Ragione']",Santa Anastasia,"['AMO', 'Museo Conte', 'Teatro Romano', 'Centro Fotografia', 'Duomo']",Duomo,strategy_nearest,True,0.002440929412841797,success
049559429C4C80,3,"['Arena', 'Santa Anastasia']",Duomo,"['AMO', 'Museo Miniscalchi', 'Teatro Romano', 'Palazzo della Ragione', 'Museo Conte']",Teatro Romano,strategy_nearest,True,0.003098726272583008,success
04956C429C4C80,3,"['Arena', 'Torre Lamberti', 'Casa Giulietta']",Santa Anastasia,"['AMO', 'Museo Conte', 'Palazzo della Ragione', 'Teatro Romano', 'Centro Fotografia']",Teatro Romano,strategy_nearest,True,0.0019712448120117188,success
04956E429C4C80,0,"['Casa Giulietta', 'Castelvecchio']",Teatro Romano,"['Santa Anastasia', 'Duomo', 'AMO', 'Palazzo della Ragione', 'Museo Conte']",Arena,strategy_nearest,False,0.0026590824127197266,success
04956F3A9C4C80,2,"['Casa Giulietta', 'Torre Lamberti', 'Palazzo della Ragione']",Duomo,"['AMO', 'Museo Miniscalchi', 'Santa Anastasia', 'Teatro Romano', 'Museo Conte']",Teatro Romano,strategy_nearest,True,0.0025479793548583984,success
0495723A9C4C80,3,['Arena'],Casa Giulietta,"['Centro Fotografia', 'Sighseeing', 'Torre Lamberti', 'Museo Conte', 'Museo Radio']",Santa Anastasia,strategy_nearest,False,0.0028100013732910156,success
0495783A9C4C80,3,['Arena'],Santa Anastasia,"['AMO', 'Museo Conte', 'Palazzo della Ragione', 'Teatro Romano', 'Centro Fotografia']",Torre Lamberti,strategy_nearest,False,0.0016291141510009766,success
04957B429C4C80,1,['Arena'],Torre Lamberti,"['Sighseeing', 'Centro Fotografia', 'Museo Conte', 'Casa Giulietta', 'Palazzo della Ragione']",Palazzo della Ragione,strategy_nearest,True,0.0016388893127441406,success
049587429C4C80,0,['Arena'],Casa Giulietta,"['Centro Fotografia', 'Sighseeing', 'Torre Lamberti', 'Museo Conte', 'Museo Radio']",Duomo,strategy_nearest,False,0.0017480850219726562,success
04957B4A9C4C80,3,"['Arena', 'Torre Lamberti']",Santa Anastasia,"['AMO', 'Museo Conte', 'Palazzo della Ragione', 'Teatro Romano', 'Centro Fotografia']",Duomo,strategy_nearest,False,0.0030889511108398438,success
0495893A9C4C80,1,"['Arena', 'Casa Giulietta']",Torre Lamberti,"['Sighseeing', 'Centro Fotografia', 'Museo Conte', 'Palazzo della Ragione', 'AMO']",Palazzo della Ragione,strategy_nearest,True,0.0024940967559814453,success
04958E4A9C4C80,3,['Santa Anastasia'],Arena,"['Verona Tour', 'Museo Lapidario', 'Museo Radio', 'San Fermo', 'Casa Giulietta']",Casa Giulietta,strategy_nearest,True,0.0020029544830322266,success
0495944A9C4C80,0,['Arena'],Santa Anastasia,"['AMO', 'Museo Conte', 'Palazzo della Ragione', 'Teatro Romano', 'Centro Fotografia']",Castelvecchio,strategy_nearest,False,0.002507925033569336,success
0495924A9C4C80,0,['Arena'],Torre Lamberti,"['Sighseeing', 'Centro Fotografia', 'Museo Conte', 'Casa Giulietta', 'Palazzo della Ragione']",Casa Giulietta,strategy_nearest,True,0.0033032894134521484,success
04959C429C4C80,0,['Castelvecchio'],Duomo,"['AMO', 'Museo Miniscalchi', 'Santa Anastasia', 'Teatro Romano', 'Palazzo della Ragione']",Casa Giulietta,strategy_nearest,False,0.002177000045776367,success
0495B43A9C4C80,3,"['Arena', 'San Fermo']",Casa Giulietta,"['Centro Fotografia', 'Sighseeing', 'Torre Lamberti', 'Museo Conte', 'Museo Radio']",Santa Anastasia,strategy_nearest,False,0.0017609596252441406,success
0495B13A9C4C80,3,"['Arena', 'San Fermo']",Casa Giulietta,"['Centro Fotografia', 'Sighseeing', 'Torre Lamberti', 'Museo Conte', 'Museo Radio']",Santa Anastasia,strategy_nearest,False,0.0033330917358398438,success
0495BE429C4C80,0,"['Tomba Giulietta', 'San Fermo']",Torre Lamberti,"['Sighseeing', 'Centro Fotografia', 'Museo Conte', 'Casa Giulietta', 'Palazzo della Ragione']",Casa Giulietta,strategy_nearest,True,0.0022258758544921875,success
0495C03A9C4C80,1,"['Arena', 'Casa Giulietta']",Torre Lamberti,"['Sighseeing', 'Centro Fotografia', 'Museo Conte', 'Palazzo della Ragione', 'AMO']",Palazzo della Ragione,strategy_nearest,True,0.0024199485778808594,success
0495C2429C4C80,0,['Arena'],Casa Giulietta,"['Centro Fotografia', 'Sighseeing', 'Torre Lamberti', 'Museo Conte', 'Museo Radio']",Torre Lamberti,strategy_nearest,True,0.0025479793548583984,success
0495C43A9C4C80,2,"['Torre Lamberti', 'Palazzo della Ragione']",Casa Giulietta,"['Centro Fotografia', 'Sighseeing', 'Museo Conte', 'Museo Radio', 'San Fermo']",San Zeno,strategy_nearest,False,0.002565145492553711,success
0495C53A9C4C80,3,"['Arena', 'Santa Anastasia']",Giardino Giusti,"['Teatro Romano', 'Museo Conte', 'Centro Fotografia', 'Museo Storia', 'AMO']",Teatro Romano,strategy_nearest,True,0.002938985824584961,success
0495C6429C4C80,0,['Casa Giulietta'],Arena,"['Verona Tour', 'Museo Lapidario', 'Museo Radio', 'San Fermo', 'Sighseeing']",Castelvecchio,strategy_nearest,False,0.002129793167114258,success
0495C8429C4C80,2,"['Castelvecchio', 'Tomba Giulietta']",San Fermo,"['Museo Storia', 'Museo Radio', 'Casa Giulietta', 'Centro Fotografia', 'Arena']",Casa Giulietta,strategy_nearest,True,0.0022242069244384766,success
0495D5429C4C80,1,"['Arena', 'San Zeno', 'Castelvecchio']",San Fermo,"['Museo Storia', 'Museo Radio', 'Casa Giulietta', 'Centro Fotografia', 'Sighseeing']",Teatro Romano,strategy_nearest,False,0.0019488334655761719,success
0495C93A9C4C80,0,['Arena'],Torre Lamberti,"['Sighseeing', 'Centro Fotografia', 'Museo Conte', 'Casa Giulietta', 'Palazzo della Ragione']",Casa Giulietta,strategy_nearest,True,0.002705812454223633,success
0495D13A9C4C80,3,"['Castelvecchio', 'Duomo']",Santa Anastasia,"['AMO', 'Museo Conte', 'Palazzo della Ragione', 'Teatro Romano', 'Centro Fotografia']",Torre Lamberti,strategy_nearest,False,0.0032320022583007812,success
0495D73A9C4C80,3,"['Tomba Giulietta', 'Arena']",Castelvecchio,"['Museo Lapidario', 'Verona Tour', 'Museo Radio', 'San Zeno', 'Sighseeing']",Santa Anastasia,strategy_nearest,False,0.0018582344055175781,success
0495DB3A9C4C80,3,"['Arena', 'Torre Lamberti']",Santa Anastasia,"['AMO', 'Museo Conte', 'Palazzo della Ragione', 'Teatro Romano', 'Centro Fotografia']",Teatro Romano,strategy_nearest,True,0.0017578601837158203,success
0495DE3A9C4C80,1,"['Arena', 'Torre Lamberti']",Palazzo della Ragione,"['AMO', 'Museo Conte', 'Centro Fotografia', 'Sighseeing', 'Santa Anastasia']",Casa Giulietta,strategy_nearest,False,0.002312898635864258,success
0495F83A9C4C80,3,['Arena'],Santa Anastasia,"['AMO', 'Museo Conte', 'Palazzo della Ragione', 'Teatro Romano', 'Centro Fotografia']",Duomo,strategy_nearest,False,0.0018889904022216797,success
0495E43A9C4C80,3,"['Arena', 'Castelvecchio']",Duomo,"['AMO', 'Museo Miniscalchi', 'Santa Anastasia', 'Teatro Romano', 'Palazzo della Ragione']",Santa Anastasia,strategy_nearest,True,0.003123044967651367,success
0495F43A9C4C80,6,"['Arena', 'Verona Tour']",Casa Giulietta,"['Centro Fotografia', 'Sighseeing', 'Torre Lamberti', 'Museo Conte', 'Museo Radio']",Duomo,strategy_nearest,False,0.003098011016845703,success
0496013A9C4C84,2,"['Casa Giulietta', 'Castelvecchio']",San Zeno,"['Verona Tour', 'Museo Lapidario', 'Arena', 'Museo Miniscalchi', 'Sighseeing']",Santa Anastasia,strategy_nearest,False,0.0021660327911376953,success
04960D429C4C80,1,"['Arena', 'Casa Giulietta']",Torre Lamberti,"['Sighseeing', 'Centro Fotografia', 'Museo Conte', 'Palazzo della Ragione', 'AMO']",Palazzo della Ragione,strategy_nearest,True,0.002397775650024414,success
04960B3A9C4C84,1,"['Arena', 'Castelvecchio', 'Duomo']",Torre Lamberti,"['Sighseeing', 'Centro Fotografia', 'Museo Conte', 'Casa Giulietta', 'Palazzo della Ragione']",Palazzo della Ragione,strategy_nearest,True,0.0018129348754882812,success
04960E429C4C84,1,"['Arena', 'Casa Giulietta']",Palazzo della Ragione,"['AMO', 'Museo Conte', 'Torre Lamberti', 'Centro Fotografia', 'Sighseeing']",Santa Anastasia,strategy_nearest,False,0.0023779869079589844,success
0496153A9C4C80,3,"['Arena', 'San Fermo', 'Torre Lamberti']",Santa Anastasia,"['AMO', 'Museo Conte', 'Palazzo della Ragione', 'Teatro Romano', 'Centro Fotografia']",Castelvecchio,strategy_nearest,False,0.0029168128967285156,success
0496173A9C4C80,0,['Teatro Romano'],Duomo,"['AMO', 'Museo Miniscalchi', 'Santa Anastasia', 'Palazzo della Ragione', 'Museo Conte']",Casa Giulietta,strategy_nearest,False,0.0017910003662109375,success
049619429C4C84,0,['Teatro Romano'],Casa Giulietta,"['Centro Fotografia', 'Sighseeing', 'Torre Lamberti', 'Museo Conte', 'Museo Radio']",Torre Lamberti,strategy_nearest,True,0.0024509429931640625,success
04961C429C4C80,0,"['Arena', 'Casa Giulietta']",Torre Lamberti,"['Sighseeing', 'Centro Fotografia', 'Museo Conte', 'Palazzo della Ragione', 'AMO']",Castelvecchio,strategy_nearest,False,0.0032639503479003906,success
0496293A9C4C80,0,"['Castelvecchio', 'Arena']",Museo Lapidario,"['Verona Tour', 'Museo Radio', 'San Fermo', 'Casa Giulietta', 'Tomba Giulietta']",Tomba Giulietta,strategy_nearest,True,0.0023081302642822266,success
0496233A9C4C80,3,"['Arena', 'Casa Giulietta']",Torre Lamberti,"['Sighseeing', 'Centro Fotografia', 'Museo Conte', 'Palazzo della Ragione', 'AMO']",Santa Anastasia,strategy_nearest,False,0.0028710365295410156,success
04962A429C4C84,0,['Arena'],Casa Giulietta,"['Centro Fotografia', 'Sighseeing', 'Torre Lamberti', 'Museo Conte', 'Museo Radio']",Santa Anastasia,strategy_nearest,False,0.0024521350860595703,success
04962C3A9C4C80,0,['Arena'],Casa Giulietta,"['Centro Fotografia', 'Sighseeing', 'Torre Lamberti', 'Museo Conte', 'Museo Radio']",Castelvecchio,strategy_nearest,False,0.0025811195373535156,success
0496343A9C4C80,3,['Arena'],Casa Giulietta,"['Centro Fotografia', 'Sighseeing', 'Torre Lamberti', 'Museo Conte', 'Museo Radio']",Torre Lamberti,strategy_nearest,True,0.0023522377014160156,success
0496303A9C4C80,3,"['Arena', 'San Fermo', 'Casa Giulietta']",Torre Lamberti,"['Sighseeing', 'Centro Fotografia', 'Museo Conte', 'Palazzo della Ragione', 'AMO']",Santa Anastasia,strategy_nearest,False,0.0032050609588623047,success
049647429C4C80,2,"['Teatro Romano', 'San Zeno']",Castelvecchio,"['Museo Lapidario', 'Verona Tour', 'Arena', 'Museo Radio', 'Sighseeing']",Torre Lamberti,strategy_nearest,False,0.0022058486938476562,success
049648429C4C80,1,"['Arena', 'Casa Giulietta']",Palazzo della Ragione,"['AMO', 'Museo Conte', 'Torre Lamberti', 'Centro Fotografia', 'Sighseeing']",Torre Lamberti,strategy_nearest,True,0.002707242965698242,success
049649429C4C80,0,['Arena'],Casa Giulietta,"['Centro Fotografia', 'Sighseeing', 'Torre Lamberti', 'Museo Conte', 'Museo Radio']",Santa Anastasia,strategy_nearest,False,0.002048969268798828,success
04964F429C4C80,1,['Arena'],San Fermo,"['Museo Storia', 'Museo Radio', 'Casa Giulietta', 'Centro Fotografia', 'Sighseeing']",Palazzo della Ragione,strategy_nearest,False,0.0029172897338867188,success
0496693A9C4C80,1,"['Casa Giulietta', 'Arena', 'Museo Lapidario', 'Castelvecchio']",Teatro Romano,"['Santa Anastasia', 'Duomo', 'AMO', 'Palazzo della Ragione', 'Museo Conte']",Giardino Giusti,strategy_nearest,False,0.002032041549682617,success
04966D429C4C80,3,"['Arena', 'Torre Lamberti']",Santa Anastasia,"['AMO', 'Museo Conte', 'Palazzo della Ragione', 'Teatro Romano', 'Centro Fotografia']",Teatro Romano,strategy_nearest,True,0.002578258514404297,success
049655429C4C80,1,"['Arena', 'Museo Lapidario', 'San Fermo', 'San Zeno']",Castelvecchio,"['Verona Tour', 'Museo Radio', 'Sighseeing', 'Museo Miniscalchi', 'Torre Lamberti']",Teatro Romano,strategy_nearest,False,0.0021691322326660156,success
04967C4A9C4C80,3,"['Castelvecchio', 'Arena']",Casa Giulietta,"['Centro Fotografia', 'Sighseeing', 'Torre Lamberti', 'Museo Conte', 'Museo Radio']",Torre Lamberti,strategy_nearest,True,0.00310516357421875,success
049680429C4C80,0,['Arena'],Casa Giulietta,"['Centro Fotografia', 'Sighseeing', 'Torre Lamberti', 'Museo Conte', 'Museo Radio']",Santa Anastasia,strategy_nearest,False,0.0016090869903564453,success
0496843A9C4C80,3,"['Arena', 'San Fermo']",Torre Lamberti,"['Sighseeing', 'Centro Fotografia', 'Museo Conte', 'Casa Giulietta', 'Palazzo della Ragione']",Santa Anastasia,strategy_nearest,False,0.002084970474243164,success
049686429C4C80,1,"['Arena', 'Casa Giulietta']",Torre Lamberti,"['Sighseeing', 'Centro Fotografia', 'Museo Conte', 'Palazzo della Ragione', 'AMO']",Palazzo della Ragione,strategy_nearest,True,0.0027441978454589844,success
04968A3A9C4C80,3,"['Castelvecchio', 'Casa Giulietta', 'Arena']",Teatro Romano,"['Santa Anastasia', 'Duomo', 'AMO', 'Palazzo della Ragione', 'Museo Conte']",Duomo,strategy_nearest,True,0.0030372142791748047,success
04968C429C4C80,0,['Arena'],Castelvecchio,"['Museo Lapidario', 'Verona Tour', 'Museo Radio', 'San Zeno', 'Sighseeing']",San Zeno,strategy_nearest,True,0.0021262168884277344,success
0496AB429C4C80,2,['Castelvecchio'],Teatro Romano,"['Santa Anastasia', 'Duomo', 'AMO', 'Palazzo della Ragione', 'Museo Conte']",San Zeno,strategy_nearest,False,0.003216981887817383,success
0496B0429C4C80,0,['Arena'],Torre Lamberti,"['Sighseeing', 'Centro Fotografia', 'Museo Conte', 'Casa Giulietta', 'Palazzo della Ragione']",Casa Giulietta,strategy_nearest,True,0.0029230117797851562,success
049694429C4C80,3,"['Tomba Giulietta', 'San Fermo', 'Casa Giulietta']",Santa Anastasia,"['AMO', 'Museo Conte', 'Palazzo della Ragione', 'Teatro Romano', 'Centro Fotografia']",Duomo,strategy_nearest,False,0.0024061203002929688,success
0496AC429C4C80,3,"['Arena', 'San Fermo']",Casa Giulietta,"['Centro Fotografia', 'Sighseeing', 'Torre Lamberti', 'Museo Conte', 'Museo Radio']",Santa Anastasia,strategy_nearest,False,0.0019729137420654297,success
0496B43A9C4C80,2,"['Teatro Romano', 'Santa Anastasia']",Torre Lamberti,"['Sighseeing', 'Centro Fotografia', 'Museo Conte', 'Casa Giulietta', 'Palazzo della Ragione']",Palazzo della Ragione,strategy_nearest,True,0.0021889209747314453,success
0496BF3A9C4C80,3,['Arena'],Casa Giulietta,"['Centro Fotografia', 'Sighseeing', 'Torre Lamberti', 'Museo Conte', 'Museo Radio']",Santa Anastasia,strategy_nearest,False,0.0025992393493652344,success
0496BA3A9C4C80,0,"['Arena', 'Museo Lapidario']",Castelvecchio,"['Verona Tour', 'Museo Radio', 'San Zeno', 'Sighseeing', 'Museo Miniscalchi']",Casa Giulietta,strategy_nearest,False,0.0034139156341552734,success
0496B13A9C4C80,1,"['Arena', 'Casa Giulietta', 'Torre Lamberti']",Palazzo della Ragione,"['AMO', 'Museo Conte', 'Centro Fotografia', 'Sighseeing', 'Santa Anastasia']",Santa Anastasia,strategy_nearest,True,0.0017879009246826172,success
0496C03A9C4C80,1,"['Arena', 'Casa Giulietta']",Torre Lamberti,"['Sighseeing', 'Centro Fotografia', 'Museo Conte', 'Palazzo della Ragione', 'AMO']",Palazzo della Ragione,strategy_nearest,True,0.002622842788696289,success
0496C5429C4C80,2,['Torre Lamberti'],Casa Giulietta,"['Centro Fotografia', 'Sighseeing', 'Museo Conte', 'Museo Radio', 'Palazzo della Ragione']",Santa Anastasia,strategy_nearest,False,0.001374959945678711,success
0496C73A9C4C80,3,"['Castelvecchio', 'Arena']",Santa Anastasia,"['AMO', 'Museo Conte', 'Palazzo della Ragione', 'Teatro Romano', 'Centro Fotografia']",Duomo,strategy_nearest,False,0.002521038055419922,success
0496C63A9C4C80,0,['Arena'],Museo Lapidario,"['Verona Tour', 'Castelvecchio', 'Museo Radio', 'San Fermo', 'Casa Giulietta']",Castelvecchio,strategy_nearest,True,0.0036017894744873047,success
0496CD3A9C4C80,0,['Arena'],Casa Giulietta,"['Centro Fotografia', 'Sighseeing', 'Torre Lamberti', 'Museo Conte', 'Museo Radio']",Tomba Giulietta,strategy_nearest,False,0.0028100013732910156,success
0496C83A9C4C80,0,['Arena'],Casa Giulietta,"['Centro Fotografia', 'Sighseeing', 'Torre Lamberti', 'Museo Conte', 'Museo Radio']",Torre Lamberti,strategy_nearest,True,0.002132892608642578,success
0496CF429C4C80,1,"['Tomba Giulietta', 'San Fermo', 'Torre Lamberti']",Arena,"['Verona Tour', 'Museo Lapidario', 'Museo Radio', 'Casa Giulietta', 'Sighseeing']",Casa Giulietta,strategy_nearest,True,0.003526926040649414,success
0496D6429C4C80,0,"['Arena', 'Museo Lapidario', 'Castelvecchio']",Tomba Giulietta,"['San Fermo', 'Museo Storia', 'Museo Radio', 'Verona Tour', 'Casa Giulietta']",Casa Giulietta,strategy_nearest,True,0.003007173538208008,success
0496DC429C4C80,2,['Teatro Romano'],Torre Lamberti,"['Sighseeing', 'Centro Fotografia', 'Museo Conte', 'Casa Giulietta', 'Palazzo della Ragione']",Castelvecchio,strategy_nearest,False,0.0015249252319335938,success
0496DF3A9C4C80,0,['Casa Giulietta'],Castelvecchio,"['Museo Lapidario', 'Verona Tour', 'Arena', 'Museo Radio', 'San Zeno']",Arena,strategy_nearest,True,0.002444028854370117,success
0496ED3A9C4C80,0,['Arena'],Casa Giulietta,"['Centro Fotografia', 'Sighseeing', 'Torre Lamberti', 'Museo Conte', 'Museo Radio']",Santa Anastasia,strategy_nearest,False,0.0032367706298828125,success
0496EF3A9C4C80,0,['Arena'],Castelvecchio,"['Museo Lapidario', 'Verona Tour', 'Museo Radio', 'San Zeno', 'Sighseeing']",Casa Giulietta,strategy_nearest,False,0.0018160343170166016,success
0496EF429C4C80,2,"['Casa Giulietta', 'Torre Lamberti', 'Palazzo della Ragione']",Duomo,"['AMO', 'Museo Miniscalchi', 'Santa Anastasia', 'Teatro Romano', 'Museo Conte']",San Fermo,strategy_nearest,False,0.002196788787841797,success
0496F63A9C4C80,0,['Arena'],San Fermo,"['Museo Storia', 'Museo Radio', 'Casa Giulietta', 'Centro Fotografia', 'Sighseeing']",Casa Giulietta,strategy_nearest,True,0.0019350051879882812,success
0496FB3A9C4C80,0,['Arena'],Castelvecchio,"['Museo Lapidario', 'Verona Tour', 'Museo Radio', 'San Zeno', 'Sighseeing']",Casa Giulietta,strategy_nearest,False,0.0025060176849365234,success
0496FF3A9C4C80,1,"['Arena', 'Casa Giulietta', 'Torre Lamberti']",Palazzo della Ragione,"['AMO', 'Museo Conte', 'Centro Fotografia', 'Sighseeing', 'Santa Anastasia']",Santa Anastasia,strategy_nearest,True,0.002437114715576172,success
0496FB429C4C80,1,"['Castelvecchio', 'Casa Giulietta', 'Arena']",Teatro Romano,"['Santa Anastasia', 'Duomo', 'AMO', 'Palazzo della Ragione', 'Museo Conte']",Torre Lamberti,strategy_nearest,False,0.0032341480255126953,success
0497083A9C4C84,0,['Arena'],Castelvecchio,"['Museo Lapidario', 'Verona Tour', 'Museo Radio', 'San Zeno', 'Sighseeing']",Casa Giulietta,strategy_nearest,False,0.002535104751586914,success
0497043A9C4C84,0,['Arena'],Castelvecchio,"['Museo Lapidario', 'Verona Tour', 'Museo Radio', 'San Zeno', 'Sighseeing']",Casa Giulietta,strategy_nearest,False,0.0014650821685791016,success
0497033A9C4C84,1,['Arena'],Casa Giulietta,"['Centro Fotografia', 'Sighseeing', 'Torre Lamberti', 'Museo Conte', 'Museo Radio']",Torre Lamberti,strategy_nearest,True,0.0021550655364990234,success
04970C429C4C84,2,"['Castelvecchio', 'Santa Anastasia']",Teatro Romano,"['Duomo', 'AMO', 'Palazzo della Ragione', 'Museo Conte', 'Centro Fotografia']",Duomo,strategy_nearest,True,0.003452301025390625,success
0497143A9C4C84,0,['Arena'],Torre Lamberti,"['Sighseeing', 'Centro Fotografia', 'Museo Conte', 'Casa Giulietta', 'Palazzo della Ragione']",Casa Giulietta,strategy_nearest,True,0.00179290771484375,success
049715429C4C84,0,['Arena'],Castelvecchio,"['Museo Lapidario', 'Verona Tour', 'Museo Radio', 'San Zeno', 'Sighseeing']",Casa Giulietta,strategy_nearest,False,0.002527952194213867,success
0497173A9C4C84,3,"['San Zeno', 'Torre Lamberti']",Casa Giulietta,"['Centro Fotografia', 'Sighseeing', 'Museo Conte', 'Museo Radio', 'Palazzo della Ragione']",Duomo,strategy_nearest,False,0.0031778812408447266,success
049717429C4C80,1,"['Arena', 'Museo Lapidario', 'Castelvecchio', 'San Zeno', 'Teatro Romano']",Duomo,"['AMO', 'Museo Miniscalchi', 'Santa Anastasia', 'Palazzo della Ragione', 'Museo Conte']",Casa Giulietta,strategy_nearest,False,0.0032541751861572266,success
0497183A9C4C80,3,['Arena'],San Fermo,"['Museo Storia', 'Museo Radio', 'Casa Giulietta', 'Centro Fotografia', 'Sighseeing']",Casa Giulietta,strategy_nearest,True,0.0017709732055664062,success
04971C429C4C80,0,"['Arena', 'Museo Lapidario']",Castelvecchio,"['Verona Tour', 'Museo Radio', 'San Zeno', 'Sighseeing', 'Museo Miniscalchi']",Casa Giulietta,strategy_nearest,False,0.00335693359375,success
04971D3A9C4C80,3,['Arena'],Santa Anastasia,"['AMO', 'Museo Conte', 'Palazzo della Ragione', 'Teatro Romano', 'Centro Fotografia']",Teatro Romano,strategy_nearest,True,0.002902984619140625,success
04971F3A9C4C80,2,"['Castelvecchio', 'San Zeno']",Torre Lamberti,"['Sighseeing', 'Centro Fotografia', 'Museo Conte', 'Casa Giulietta', 'Palazzo della Ragione']",Casa Giulietta,strategy_nearest,True,0.002315044403076172,success
04971D3A9C4C84,0,['Arena'],Casa Giulietta,"['Centro Fotografia', 'Sighseeing', 'Torre Lamberti', 'Museo Conte', 'Museo Radio']",Tomba Giulietta,strategy_nearest,False,0.002599954605102539,success
0497233A9C4C80,3,"['San Fermo', 'Arena', 'Torre Lamberti', 'Santa Anastasia']",Casa Giulietta,"['Centro Fotografia', 'Sighseeing', 'Museo Conte', 'Museo Radio', 'Palazzo della Ragione']",Teatro Romano,strategy_nearest,False,0.002872943878173828,success
0497213A9C4C80,0,['Santa Anastasia'],Casa Giulietta,"['Centro Fotografia', 'Sighseeing', 'Torre Lamberti', 'Museo Conte', 'Museo Radio']",Arena,strategy_nearest,False,0.0027709007263183594,success
0497243A9C4C80,1,['Arena'],Casa Giulietta,"['Centro Fotografia', 'Sighseeing', 'Torre Lamberti', 'Museo Conte', 'Museo Radio']",Torre Lamberti,strategy_nearest,True,0.0013990402221679688,success
04972C429C4C80,3,"['Arena', 'Castelvecchio']",Santa Anastasia,"['AMO', 'Museo Conte', 'Palazzo della Ragione', 'Teatro Romano', 'Centro Fotografia']",Duomo,strategy_nearest,False,0.0018281936645507812,success
0497233A9C4C84,0,['Arena'],Castelvecchio,"['Museo Lapidario', 'Verona Tour', 'Museo Radio', 'San Zeno', 'Sighseeing']",Teatro Romano,strategy_nearest,False,0.00374603271484375,success
04973B3A9C4C80,0,['Arena'],Castelvecchio,"['Museo Lapidario', 'Verona Tour', 'Museo Radio', 'San Zeno', 'Sighseeing']",Casa Giulietta,strategy_nearest,False,0.0032329559326171875,success
04974B429C4C80,0,"['Arena', 'Tomba Giulietta', 'San Fermo']",Torre Lamberti,"['Sighseeing', 'Centro Fotografia', 'Museo Conte', 'Casa Giulietta', 'Palazzo della Ragione']",Casa Giulietta,strategy_nearest,True,0.0017981529235839844,success
04974B3A9C4C80,3,"['Casa Giulietta', 'Torre Lamberti']",Santa Anastasia,"['AMO', 'Museo Conte', 'Palazzo della Ragione', 'Teatro Romano', 'Centro Fotografia']",Duomo,strategy_nearest,False,0.002001047134399414,success
049751429C4C80,0,['Arena'],Palazzo della Ragione,"['AMO', 'Museo Conte', 'Torre Lamberti', 'Centro Fotografia', 'Sighseeing']",Casa Giulietta,strategy_nearest,False,0.0032320022583007812,success
04973E3A9C4C80,0,['Arena'],Castelvecchio,"['Museo Lapidario', 'Verona Tour', 'Museo Radio', 'San Zeno', 'Sighseeing']",Teatro Romano,strategy_nearest,False,0.0031957626342773438,success
04975A429C4C80,2,"['Castelvecchio', 'Torre Lamberti']",Casa Giulietta,"['Centro Fotografia', 'Sighseeing', 'Museo Conte', 'Museo Radio', 'Palazzo della Ragione']",Santa Anastasia,strategy_nearest,False,0.0014998912811279297,success
04975C429C4C80,0,['Arena'],Casa Giulietta,"['Centro Fotografia', 'Sighseeing', 'Torre Lamberti', 'Museo Conte', 'Museo Radio']",Tomba Giulietta,strategy_nearest,False,0.0023620128631591797,success
0497673A9C4C80,0,['Duomo'],Casa Giulietta,"['Centro Fotografia', 'Sighseeing', 'Torre Lamberti', 'Museo Conte', 'Museo Radio']",Arena,strategy_nearest,False,0.0019021034240722656,success
04975E3A9C4C80,0,"['Arena', 'Casa Giulietta']",Torre Lamberti,"['Sighseeing', 'Centro Fotografia', 'Museo Conte', 'Palazzo della Ragione', 'AMO']",Giardino Giusti,strategy_nearest,False,0.0026149749755859375,success
049773429C4C80,2,['Casa Giulietta'],Santa Anastasia,"['AMO', 'Museo Conte', 'Palazzo della Ragione', 'Teatro Romano', 'Centro Fotografia']",Castelvecchio,strategy_nearest,False,0.002315998077392578,success
0497773A9C4C80,1,['Arena'],Casa Giulietta,"['Centro Fotografia', 'Sighseeing', 'Torre Lamberti', 'Museo Conte', 'Museo Radio']",Torre Lamberti,strategy_nearest,True,0.0018000602722167969,success
04977B3A9C4C80,0,['Arena'],Duomo,"['AMO', 'Museo Miniscalchi', 'Santa Anastasia', 'Teatro Romano', 'Palazzo della Ragione']",Casa Giulietta,strategy_nearest,False,0.002516031265258789,success
04977F3A9C4C80,3,['Arena'],Santa Anastasia,"['AMO', 'Museo Conte', 'Palazzo della Ragione', 'Teatro Romano', 'Centro Fotografia']",Duomo,strategy_nearest,False,0.002340078353881836,success
04978D3A9C4C80,0,['Arena'],Casa Giulietta,"['Centro Fotografia', 'Sighseeing', 'Torre Lamberti', 'Museo Conte', 'Museo Radio']",Castelvecchio,strategy_nearest,False,0.0013027191162109375,success
0497813A9C4C80,3,"['Arena', 'Casa Giulietta']",Torre Lamberti,"['Sighseeing', 'Centro Fotografia', 'Museo Conte', 'Palazzo della Ragione', 'AMO']",Santa Anastasia,strategy_nearest,False,0.0032160282135009766,success
0497844A9C4C80,0,['Arena'],Casa Giulietta,"['Centro Fotografia', 'Sighseeing', 'Torre Lamberti', 'Museo Conte', 'Museo Radio']",Torre Lamberti,strategy_nearest,True,0.0024900436401367188,success
04978E3A9C4C80,3,"['Torre Lamberti', 'Casa Giulietta']",San Zeno,"['Castelvecchio', 'Verona Tour', 'Museo Lapidario', 'Arena', 'Museo Miniscalchi']",Santa Anastasia,strategy_nearest,False,0.0027761459350585938,success
049794429C4C80,3,['Arena'],Torre Lamberti,"['Sighseeing', 'Centro Fotografia', 'Museo Conte', 'Casa Giulietta', 'Palazzo della Ragione']",Santa Anastasia,strategy_nearest,False,0.001348733901977539,success
0497904A9C4C80,3,"['Teatro Romano', 'Santa Anastasia']",Casa Giulietta,"['Centro Fotografia', 'Sighseeing', 'Torre Lamberti', 'Museo Conte', 'Museo Radio']",Arena,strategy_nearest,False,0.002769947052001953,success
049795429C4C80,0,['Arena'],Palazzo della Ragione,"['AMO', 'Museo Conte', 'Torre Lamberti', 'Centro Fotografia', 'Sighseeing']",Casa Giulietta,strategy_nearest,False,0.002585887908935547,success
0497A34A9C4C80,0,['Arena'],Casa Giulietta,"['Centro Fotografia', 'Sighseeing', 'Torre Lamberti', 'Museo Conte', 'Museo Radio']",Teatro Romano,strategy_nearest,False,0.0031850337982177734,success
0497A84A9C4C80,1,"['Arena', 'Museo Lapidario']",Casa Giulietta,"['Centro Fotografia', 'Sighseeing', 'Torre Lamberti', 'Museo Conte', 'Museo Radio']",Torre Lamberti,strategy_nearest,True,0.0025658607482910156,success
0497AE429C4C80,0,['Arena'],Castelvecchio,"['Museo Lapidario', 'Verona Tour', 'Museo Radio', 'San Zeno', 'Sighseeing']",Casa Giulietta,strategy_nearest,False,0.001977682113647461,success
0497B03A9C4C80,0,['Arena'],Casa Giulietta,"['Centro Fotografia', 'Sighseeing', 'Torre Lamberti', 'Museo Conte', 'Museo Radio']",Teatro Romano,strategy_nearest,False,0.002567768096923828,success
0497BA429C4C80,6,"['Verona Tour', 'Casa Giulietta']",Santa Anastasia,"['AMO', 'Museo Conte', 'Palazzo della Ragione', 'Teatro Romano', 'Centro Fotografia']",Duomo,strategy_nearest,False,0.001889944076538086,success
0497B6429C4C80,3,"['Casa Giulietta', 'Santa Anastasia', 'Teatro Romano']",Arena,"['Verona Tour', 'Museo Lapidario', 'Museo Radio', 'San Fermo', 'Sighseeing']",San Fermo,strategy_nearest,True,0.003278970718383789,success
0497B83A9C4C80,2,"['Casa Giulietta', 'Teatro Romano']",Tomba Giulietta,"['San Fermo', 'Museo Storia', 'Arena', 'Museo Lapidario', 'Museo Radio']",Torre Lamberti,strategy_nearest,False,0.003200054168701172,success
0497C53A9C4C80,1,"['Arena', 'Torre Lamberti', 'Palazzo della Ragione']",Casa Giulietta,"['Centro Fotografia', 'Sighseeing', 'Museo Conte', 'Museo Radio', 'San Fermo']",Santa Anastasia,strategy_nearest,False,0.002229928970336914,success
0497D0429C4C80,1,"['Torre Lamberti', 'Palazzo della Ragione', 'Casa Giulietta']",Santa Anastasia,"['AMO', 'Museo Conte', 'Teatro Romano', 'Centro Fotografia', 'Duomo']",San Fermo,strategy_nearest,False,0.002489805221557617,success
0497C63A9C4C80,1,['Arena'],Torre Lamberti,"['Sighseeing', 'Centro Fotografia', 'Museo Conte', 'Casa Giulietta', 'Palazzo della Ragione']",Palazzo della Ragione,strategy_nearest,True,0.003144979476928711,success
0497D4429C4C80,3,"['Arena', 'Casa Giulietta']",Tomba Giulietta,"['San Fermo', 'Museo Storia', 'Museo Lapidario', 'Museo Radio', 'Verona Tour']",Santa Anastasia,strategy_nearest,False,0.0023241043090820312,success
0497DF3A9C4C80,3,"['Casa Giulietta', 'Arena', 'Torre Lamberti']",Duomo,"['AMO', 'Museo Miniscalchi', 'Santa Anastasia', 'Teatro Romano', 'Palazzo della Ragione']",Castelvecchio,strategy_nearest,False,0.002649068832397461,success
0497F33A9C4C80,0,['Arena'],Tomba Giulietta,"['San Fermo', 'Museo Storia', 'Museo Lapidario', 'Museo Radio', 'Verona Tour']",Casa Giulietta,strategy_nearest,False,0.003017902374267578,success
0497DD429C4C80,6,"['Arena', 'Casa Giulietta', 'Torre Lamberti']",Santa Anastasia,"['AMO', 'Museo Conte', 'Palazzo della Ragione', 'Teatro Romano', 'Centro Fotografia']",Teatro Romano,strategy_nearest,True,0.0025091171264648438,success
0497F43A9C4C80,0,"['Arena', 'Museo Lapidario']",Castelvecchio,"['Verona Tour', 'Museo Radio', 'San Zeno', 'Sighseeing', 'Museo Miniscalchi']",Duomo,strategy_nearest,False,0.0020651817321777344,success
049804429C4C84,3,"['Arena', 'Museo Lapidario', 'Tomba Giulietta', 'Museo Storia']",San Fermo,"['Museo Radio', 'Casa Giulietta', 'Centro Fotografia', 'Sighseeing', 'Torre Lamberti']",Casa Giulietta,strategy_nearest,True,0.0013370513916015625,success
0497F9429C4C80,0,['Arena'],Giardino Giusti,"['Santa Anastasia', 'Teatro Romano', 'Museo Conte', 'Centro Fotografia', 'Museo Storia']",Duomo,strategy_nearest,False,0.0025038719177246094,success
0497FB3A9C4C80,1,"['Arena', 'Castelvecchio']",Palazzo della Ragione,"['AMO', 'Museo Conte', 'Torre Lamberti', 'Centro Fotografia', 'Sighseeing']",Torre Lamberti,strategy_nearest,True,0.0019271373748779297,success
049817429C4C84,0,['Teatro Romano'],Duomo,"['AMO', 'Museo Miniscalchi', 'Santa Anastasia', 'Palazzo della Ragione', 'Museo Conte']",Arena,strategy_nearest,False,0.00308990478515625,success
04981C3A9C4C80,0,['Arena'],Castelvecchio,"['Museo Lapidario', 'Verona Tour', 'Museo Radio', 'San Zeno', 'Sighseeing']",Casa Giulietta,strategy_nearest,False,0.0018439292907714844,success
0498193A9C4C84,0,['Torre Lamberti'],Casa Giulietta,"['Centro Fotografia', 'Sighseeing', 'Museo Conte', 'Museo Radio', 'Palazzo della Ragione']",Arena,strategy_nearest,False,0.003214120864868164,success
04981B3A9C4C80,0,['Arena'],Tomba Giulietta,"['San Fermo', 'Museo Storia', 'Museo Lapidario', 'Museo Radio', 'Verona Tour']",Casa Giulietta,strategy_nearest,False,0.0013990402221679688,success
04981E3A9C4C80,1,"['Arena', 'San Fermo', 'Casa Giulietta']",Torre Lamberti,"['Sighseeing', 'Centro Fotografia', 'Museo Conte', 'Palazzo della Ragione', 'AMO']",Palazzo della Ragione,strategy_nearest,True,0.0032913684844970703,success
0498253A9C4C84,0,['Museo Lapidario'],Arena,"['Verona Tour', 'Museo Radio', 'San Fermo', 'Casa Giulietta', 'Sighseeing']",Casa Giulietta,strategy_nearest,True,0.0016961097717285156,success
0498264A9C4C80,3,"['Arena', 'Castelvecchio', 'Santa Anastasia']",San Zeno,"['Verona Tour', 'Museo Lapidario', 'Museo Miniscalchi', 'Sighseeing', 'Museo Radio']",Casa Giulietta,strategy_nearest,False,0.002532958984375,success
04982B4A9C4C80,0,['Castelvecchio'],Arena,"['Verona Tour', 'Museo Lapidario', 'Museo Radio', 'San Fermo', 'Casa Giulietta']",Casa Giulietta,strategy_nearest,True,0.00304412841796875,success
0498273A9C4C80,1,"['Torre Lamberti', 'Palazzo della Ragione', 'Casa Giulietta']",Arena,"['Verona Tour', 'Museo Lapidario', 'Museo Radio', 'San Fermo', 'Sighseeing']",Tomba Giulietta,strategy_nearest,False,0.0026001930236816406,success
0498443A9C4C80,0,['Arena'],Casa Giulietta,"['Centro Fotografia', 'Sighseeing', 'Torre Lamberti', 'Museo Conte', 'Museo Radio']",Torre Lamberti,strategy_nearest,True,0.0019450187683105469,success
049874429C4C80,3,"['Santa Anastasia', 'Duomo']",Torre Lamberti,"['Sighseeing', 'Centro Fotografia', 'Museo Conte', 'Casa Giulietta', 'Palazzo della Ragione']",Casa Giulietta,strategy_nearest,True,0.0016911029815673828,success
049848429C4C80,3,['Arena'],Casa Giulietta,"['Centro Fotografia', 'Sighseeing', 'Torre Lamberti', 'Museo Conte', 'Museo Radio']",Duomo,strategy_nearest,False,0.0032808780670166016,success
0498763A9C4C80,0,['Torre Lamberti'],Casa Giulietta,"['Centro Fotografia', 'Sighseeing', 'Museo Conte', 'Museo Radio', 'Palazzo della Ragione']",Arena,strategy_nearest,False,0.002942800521850586,success
04987B429C4C80,2,"['Torre Lamberti', 'Casa Giulietta']",Teatro Romano,"['Santa Anastasia', 'Duomo', 'AMO', 'Palazzo della Ragione', 'Museo Conte']",Duomo,strategy_nearest,True,0.002401113510131836,success
049883C27B3F80,3,"['Casa Giulietta', 'Torre Lamberti', 'Arena']",Museo Lapidario,"['Verona Tour', 'Castelvecchio', 'Museo Radio', 'San Fermo', 'Tomba Giulietta']",Teatro Romano,strategy_nearest,False,0.0017480850219726562,success
0498873A9C4C80,3,"['Torre Lamberti', 'Casa Giulietta']",Santa Anastasia,"['AMO', 'Museo Conte', 'Palazzo della Ragione', 'Teatro Romano', 'Centro Fotografia']",Duomo,strategy_nearest,False,0.002377033233642578,success
0498863A9C4C80,3,"['Arena', 'Casa Giulietta']",Torre Lamberti,"['Sighseeing', 'Centro Fotografia', 'Museo Conte', 'Palazzo della Ragione', 'AMO']",Santa Anastasia,strategy_nearest,False,0.003251314163208008,success
04988D3A9C4C80,0,['Arena'],Casa Giulietta,"['Centro Fotografia', 'Sighseeing', 'Torre Lamberti', 'Museo Conte', 'Museo Radio']",Castelvecchio,strategy_nearest,False,0.0018568038940429688,success
049889429C4C80,0,['Arena'],Castelvecchio,"['Museo Lapidario', 'Verona Tour', 'Museo Radio', 'San Zeno', 'Sighseeing']",Casa Giulietta,strategy_nearest,False,0.002039194107055664,success
04988A429C4C80,0,['Arena'],Arena,"['Verona Tour', 'Museo Lapidario', 'Museo Radio', 'San Fermo', 'Casa Giulietta']",Casa Giulietta,strategy_nearest,True,0.002646207809448242,success
0498A54A9C4C80,0,['Castelvecchio'],Arena,"['Verona Tour', 'Museo Lapidario', 'Museo Radio', 'San Fermo', 'Casa Giulietta']",Casa Giulietta,strategy_nearest,True,0.0019230842590332031,success
0498924A9C4C80,0,['Arena'],Casa Giulietta,"['Centro Fotografia', 'Sighseeing', 'Torre Lamberti', 'Museo Conte', 'Museo Radio']",Palazzo della Ragione,strategy_nearest,False,0.003383159637451172,success
0498A0C27B3F80,2,['Teatro Romano'],Giardino Giusti,"['Santa Anastasia', 'Museo Conte', 'Centro Fotografia', 'Museo Storia', 'AMO']",Casa Giulietta,strategy_nearest,False,0.003303050994873047,success
0498A74A9C4C80,3,['Arena'],Casa Giulietta,"['Centro Fotografia', 'Sighseeing', 'Torre Lamberti', 'Museo Conte', 'Museo Radio']",Santa Anastasia,strategy_nearest,False,0.0030739307403564453,success
0498A8429C4C80,1,"['Arena', 'Casa Giulietta']",Torre Lamberti,"['Sighseeing', 'Centro Fotografia', 'Museo Conte', 'Palazzo della Ragione', 'AMO']",Palazzo della Ragione,strategy_nearest,True,0.0018439292907714844,success
0498A94A9C4C80,3,"['San Zeno', 'Castelvecchio']",Arena,"['Verona Tour', 'Museo Lapidario', 'Museo Radio', 'San Fermo', 'Casa Giulietta']",Santa Anastasia,strategy_nearest,False,0.002651691436767578,success
0498B13A9C4C80,0,['Arena'],Casa Giulietta,"['Centro Fotografia', 'Sighseeing', 'Torre Lamberti', 'Museo Conte', 'Museo Radio']",Teatro Romano,strategy_nearest,False,0.002641916275024414,success
0498AB429C4C80,0,['Arena'],Casa Giulietta,"['Centro Fotografia', 'Sighseeing', 'Torre Lamberti', 'Museo Conte', 'Museo Radio']",Santa Anastasia,strategy_nearest,False,0.003354787826538086,success
0498B3429C4C80,1,['Torre Lamberti'],Palazzo della Ragione,"['AMO', 'Museo Conte', 'Centro Fotografia', 'Sighseeing', 'Santa Anastasia']",Arena,strategy_nearest,False,0.0024251937866210938,success
0498B5429C4C80,0,['Arena'],Castelvecchio,"['Museo Lapidario', 'Verona Tour', 'Museo Radio', 'San Zeno', 'Sighseeing']",Casa Giulietta,strategy_nearest,False,0.002524852752685547,success
0498B93A9C4C80,0,['Arena'],Castelvecchio,"['Museo Lapidario', 'Verona Tour', 'Museo Radio', 'San Zeno', 'Sighseeing']",Casa Giulietta,strategy_nearest,False,0.0030782222747802734,success
0498BC3A9C4C80,3,"['Arena', 'Casa Giulietta']",Santa Anastasia,"['AMO', 'Museo Conte', 'Palazzo della Ragione', 'Teatro Romano', 'Centro Fotografia']",Duomo,strategy_nearest,False,0.002412080764770508,success
0498C13A9C4C80,3,['Arena'],Casa Giulietta,"['Centro Fotografia', 'Sighseeing', 'Torre Lamberti', 'Museo Conte', 'Museo Radio']",Torre Lamberti,strategy_nearest,True,0.0018620491027832031,success
0498BF429C4C80,3,"['Casa Giulietta', 'Arena']",San Fermo,"['Museo Storia', 'Museo Radio', 'Centro Fotografia', 'Sighseeing', 'Torre Lamberti']",Torre Lamberti,strategy_nearest,True,0.0027039051055908203,success
0498C73A9C4C80,3,"['San Zeno', 'Castelvecchio', 'Arena']",Torre Lamberti,"['Sighseeing', 'Centro Fotografia', 'Museo Conte', 'Casa Giulietta', 'Palazzo della Ragione']",Casa Giulietta,strategy_nearest,True,0.003094911575317383,success
0498D03A9C4C80,1,"['Casa Giulietta', 'Torre Lamberti']",Palazzo della Ragione,"['AMO', 'Museo Conte', 'Centro Fotografia', 'Sighseeing', 'Santa Anastasia']",Duomo,strategy_nearest,False,0.0024340152740478516,success
0498CF3A9C4C80,3,"['Arena', 'Castelvecchio']",Casa Giulietta,"['Centro Fotografia', 'Sighseeing', 'Torre Lamberti', 'Museo Conte', 'Museo Radio']",Santa Anastasia,strategy_nearest,False,0.0025091171264648438,success
0498D33A9C4C80,3,"['Arena', 'Tomba Giulietta', 'San Fermo']",Casa Giulietta,"['Centro Fotografia', 'Sighseeing', 'Torre Lamberti', 'Museo Conte', 'Museo Radio']",Museo Lapidario,strategy_nearest,False,0.0026712417602539062,success
0498D4429C4C80,2,['Casa Giulietta'],Santa Anastasia,"['AMO', 'Museo Conte', 'Palazzo della Ragione', 'Teatro Romano', 'Centro Fotografia']",Duomo,strategy_nearest,False,0.0031890869140625,success
0498D63A9C4C80,3,"['Arena', 'Santa Anastasia', 'Duomo']",Torre Lamberti,"['Sighseeing', 'Centro Fotografia', 'Museo Conte', 'Casa Giulietta', 'Palazzo della Ragione']",Casa Giulietta,strategy_nearest,True,0.0023500919342041016,success
0498DC3A9C4C80,0,['San Zeno'],Arena,"['Verona Tour', 'Museo Lapidario', 'Museo Radio', 'San Fermo', 'Casa Giulietta']",Casa Giulietta,strategy_nearest,True,0.0021600723266601562,success
0498DE3A9C4C80,2,"['Castelvecchio', 'Torre Lamberti']",Palazzo della Ragione,"['AMO', 'Museo Conte', 'Centro Fotografia', 'Sighseeing', 'Santa Anastasia']",Casa Giulietta,strategy_nearest,False,0.0023691654205322266,success
0498E9429C4C80,3,"['Arena', 'Torre Lamberti', 'Casa Giulietta', 'Santa Anastasia']",Teatro Romano,"['Duomo', 'AMO', 'Palazzo della Ragione', 'Museo Conte', 'Centro Fotografia']",San Fermo,strategy_nearest,False,0.002485990524291992,success
0498ED429C4C80,3,"['Arena', 'Teatro Romano']",Castelvecchio,"['Museo Lapidario', 'Verona Tour', 'Museo Radio', 'San Zeno', 'Sighseeing']",Museo Lapidario,strategy_nearest,True,0.002689838409423828,success
0498F03A9C4C80,3,"['Arena', 'Casa Giulietta']",Museo Storia,"['San Fermo', 'Museo Radio', 'Centro Fotografia', 'Tomba Giulietta', 'Torre Lamberti']",Santa Anastasia,strategy_nearest,False,0.0017499923706054688,success
0498F2429C4C80,2,"['Casa Giulietta', 'Duomo', 'Teatro Romano']",San Fermo,"['Museo Storia', 'Museo Radio', 'Centro Fotografia', 'Arena', 'Sighseeing']",Museo Lapidario,strategy_nearest,False,0.0022058486938476562,success
0498F43A9C4C80,0,['Arena'],Casa Giulietta,"['Centro Fotografia', 'Sighseeing', 'Torre Lamberti', 'Museo Conte', 'Museo Radio']",Santa Anastasia,strategy_nearest,False,0.0018279552459716797,success
0499123A9C4C84,3,"['Arena', 'Castelvecchio']",Torre Lamberti,"['Sighseeing', 'Centro Fotografia', 'Museo Conte', 'Casa Giulietta', 'Palazzo della Ragione']",Santa Anastasia,strategy_nearest,False,0.0023360252380371094,success
049912429C4C84,3,['Arena'],Duomo,"['AMO', 'Museo Miniscalchi', 'Santa Anastasia', 'Teatro Romano', 'Palazzo della Ragione']",Santa Anastasia,strategy_nearest,True,0.002619028091430664,success
0499153A9C4C84,3,"['San Zeno', 'Torre Lamberti']",Casa Giulietta,"['Centro Fotografia', 'Sighseeing', 'Museo Conte', 'Museo Radio', 'Palazzo della Ragione']",Duomo,strategy_nearest,False,0.0026340484619140625,success
049916429C4C84,0,['Arena'],Torre Lamberti,"['Sighseeing', 'Centro Fotografia', 'Museo Conte', 'Casa Giulietta', 'Palazzo della Ragione']",Casa Giulietta,strategy_nearest,True,0.002846240997314453,success
04991A3A9C4C80,3,['Arena'],Torre Lamberti,"['Sighseeing', 'Centro Fotografia', 'Museo Conte', 'Casa Giulietta', 'Palazzo della Ragione']",Santa Anastasia,strategy_nearest,False,0.0018341541290283203,success
0499193A9C4C84,1,"['Arena', 'Castelvecchio']",Torre Lamberti,"['Sighseeing', 'Centro Fotografia', 'Museo Conte', 'Casa Giulietta', 'Palazzo della Ragione']",Palazzo della Ragione,strategy_nearest,True,0.0027992725372314453,success
04991A429C4C80,2,['Castelvecchio'],Casa Giulietta,"['Centro Fotografia', 'Sighseeing', 'Torre Lamberti', 'Museo Conte', 'Museo Radio']",Giardino Giusti,strategy_nearest,False,0.0026810169219970703,success
04991A429C4C84,3,['Arena'],Torre Lamberti,"['Sighseeing', 'Centro Fotografia', 'Museo Conte', 'Casa Giulietta', 'Palazzo della Ragione']",Duomo,strategy_nearest,False,0.0022630691528320312,success
04991C429C4C80,0,"['Arena', 'Casa Giulietta']",Castelvecchio,"['Museo Lapidario', 'Verona Tour', 'Museo Radio', 'San Zeno', 'Sighseeing']",Museo Lapidario,strategy_nearest,True,0.0026578903198242188,success
049922429C4C84,0,"['Arena', 'Casa Giulietta']",Torre Lamberti,"['Sighseeing', 'Centro Fotografia', 'Museo Conte', 'Palazzo della Ragione', 'AMO']",Teatro Romano,strategy_nearest,False,0.0025310516357421875,success
04991D3A9C4C84,3,"['Museo Lapidario', 'Arena', 'Castelvecchio']",Duomo,"['AMO', 'Museo Miniscalchi', 'Santa Anastasia', 'Teatro Romano', 'Palazzo della Ragione']",Santa Anastasia,strategy_nearest,True,0.0025131702423095703,success
0499253A9C4C80,3,"['Arena', 'Casa Giulietta']",Santa Anastasia,"['AMO', 'Museo Conte', 'Palazzo della Ragione', 'Teatro Romano', 'Centro Fotografia']",Duomo,strategy_nearest,False,0.0019371509552001953,success
049926429C4C84,3,"['Castelvecchio', 'Casa Giulietta']",Santa Anastasia,"['AMO', 'Museo Conte', 'Palazzo della Ragione', 'Teatro Romano', 'Centro Fotografia']",Teatro Romano,strategy_nearest,True,0.0018739700317382812,success
0499273A9C4C80,3,"['Arena', 'Casa Giulietta']",San Fermo,"['Museo Storia', 'Museo Radio', 'Centro Fotografia', 'Sighseeing', 'Torre Lamberti']",Santa Anastasia,strategy_nearest,False,0.0033028125762939453,success
0499294A9C4C80,1,"['Castelvecchio', 'Palazzo della Ragione', 'Torre Lamberti', 'Arena', 'Casa Giulietta']",San Fermo,"['Museo Storia', 'Museo Radio', 'Centro Fotografia', 'Sighseeing', 'Museo Conte']",Teatro Romano,strategy_nearest,False,0.002393007278442383,success
0499303A9C4C80,0,"['Arena', 'Casa Giulietta']",Castelvecchio,"['Museo Lapidario', 'Verona Tour', 'Museo Radio', 'San Zeno', 'Sighseeing']",Giardino Giusti,strategy_nearest,False,0.0020101070404052734,success
049933429C4C80,0,"['Arena', 'Castelvecchio']",Tomba Giulietta,"['San Fermo', 'Museo Storia', 'Museo Lapidario', 'Museo Radio', 'Verona Tour']",Santa Anastasia,strategy_nearest,False,0.0020499229431152344,success
0499384A9C4C80,0,"['Arena', 'Casa Giulietta']",Teatro Romano,"['Santa Anastasia', 'Duomo', 'AMO', 'Palazzo della Ragione', 'Museo Conte']",Castelvecchio,strategy_nearest,False,0.0026900768280029297,success
04993A4A9C4C80,0,"['Arena', 'San Fermo']",Torre Lamberti,"['Sighseeing', 'Centro Fotografia', 'Museo Conte', 'Casa Giulietta', 'Palazzo della Ragione']",Casa Giulietta,strategy_nearest,True,0.0032699108123779297,success
049957429C4C80,0,['Teatro Romano'],Torre Lamberti,"['Sighseeing', 'Centro Fotografia', 'Museo Conte', 'Casa Giulietta', 'Palazzo della Ragione']",Casa Giulietta,strategy_nearest,True,0.0014410018920898438,success
049944429C4C80,3,"['Arena', 'Castelvecchio']",Casa Giulietta,"['Centro Fotografia', 'Sighseeing', 'Torre Lamberti', 'Museo Conte', 'Museo Radio']",Torre Lamberti,strategy_nearest,True,0.003270864486694336,success
049959429C4C80,0,['Arena'],Casa Giulietta,"['Centro Fotografia', 'Sighseeing', 'Torre Lamberti', 'Museo Conte', 'Museo Radio']",Torre Lamberti,strategy_nearest,True,0.002711057662963867,success
0499653A9C4C80,3,"['Torre Lamberti', 'Arena', 'Castelvecchio']",Tomba Giulietta,"['San Fermo', 'Museo Storia', 'Museo Lapidario', 'Museo Radio', 'Verona Tour']",San Fermo,strategy_nearest,True,0.003270864486694336,success
0499763A9C4C80,0,"['Casa Giulietta', 'Arena']",Tomba Giulietta,"['San Fermo', 'Museo Storia', 'Museo Lapidario', 'Museo Radio', 'Verona Tour']",Torre Lamberti,strategy_nearest,False,0.00234222412109375,success
0499783A9C4C80,1,"['Arena', 'Casa Giulietta']",Torre Lamberti,"['Sighseeing', 'Centro Fotografia', 'Museo Conte', 'Palazzo della Ragione', 'AMO']",Palazzo della Ragione,strategy_nearest,True,0.0019121170043945312,success
04997A3A9C4C80,0,"['Arena', 'Casa Giulietta']",Torre Lamberti,"['Sighseeing', 'Centro Fotografia', 'Museo Conte', 'Palazzo della Ragione', 'AMO']",Teatro Romano,strategy_nearest,False,0.0023033618927001953,success
0499773A9C4C80,2,"['Castelvecchio', 'Torre Lamberti', 'Santa Anastasia']",Casa Giulietta,"['Centro Fotografia', 'Sighseeing', 'Museo Conte', 'Museo Radio', 'Palazzo della Ragione']",Teatro Romano,strategy_nearest,False,0.003319978713989258,success
04997E4A9C4C80,1,"['Arena', 'Casa Giulietta']",Palazzo della Ragione,"['AMO', 'Museo Conte', 'Torre Lamberti', 'Centro Fotografia', 'Sighseeing']",Torre Lamberti,strategy_nearest,True,0.0024483203887939453,success
04997D4A9C4C80,0,['Arena'],Torre Lamberti,"['Sighseeing', 'Centro Fotografia', 'Museo Conte', 'Casa Giulietta', 'Palazzo della Ragione']",Casa Giulietta,strategy_nearest,True,0.0023221969604492188,success
04997F429C4C80,0,"['Arena', 'Castelvecchio']",Torre Lamberti,"['Sighseeing', 'Centro Fotografia', 'Museo Conte', 'Casa Giulietta', 'Palazzo della Ragione']",Torre Lamberti,strategy_nearest,False,0.0022459030151367188,success
049987429C4C80,0,['Arena'],Castelvecchio,"['Museo Lapidario', 'Verona Tour', 'Museo Radio', 'San Zeno', 'Sighseeing']",Santa Anastasia,strategy_nearest,False,0.002527952194213867,success
049980429C4C80,0,['Arena'],Casa Giulietta,"['Centro Fotografia', 'Sighseeing', 'Torre Lamberti', 'Museo Conte', 'Museo Radio']",Duomo,strategy_nearest,False,0.003187894821166992,success
04998A429C4C80,0,"['Arena', 'Casa Giulietta']",Giardino Giusti,"['Santa Anastasia', 'Teatro Romano', 'Museo Conte', 'Centro Fotografia', 'Museo Storia']",Teatro Romano,strategy_nearest,True,0.0012922286987304688,success
04998C429C4C80,3,"['Arena', 'Torre Lamberti', 'Casa Giulietta']",San Fermo,"['Museo Storia', 'Museo Radio', 'Centro Fotografia', 'Sighseeing', 'Museo Conte']",Teatro Romano,strategy_nearest,False,0.0031249523162841797,success
0499A7429C4C80,0,['Arena'],Casa Giulietta,"['Centro Fotografia', 'Sighseeing', 'Torre Lamberti', 'Museo Conte', 'Museo Radio']",Tomba Giulietta,strategy_nearest,False,0.001291036605834961,success
049997429C4C80,0,['Arena'],Castelvecchio,"['Museo Lapidario', 'Verona Tour', 'Museo Radio', 'San Zeno', 'Sighseeing']",Casa Giulietta,strategy_nearest,False,0.0019872188568115234,success
049992429C4C80,3,['Arena'],Torre Lamberti,"['Sighseeing', 'Centro Fotografia', 'Museo Conte', 'Casa Giulietta', 'Palazzo della Ragione']",Duomo,strategy_nearest,False,0.0031828880310058594,success
0499AF3A9C4C80,1,"['Torre Lamberti', 'Palazzo della Ragione']",Duomo,"['AMO', 'Museo Miniscalchi', 'Santa Anastasia', 'Teatro Romano', 'Museo Conte']",Teatro Romano,strategy_nearest,True,0.002732992172241211,success
0499B0429C4C80,0,['Arena'],Casa Giulietta,"['Centro Fotografia', 'Sighseeing', 'Torre Lamberti', 'Museo Conte', 'Museo Radio']",Palazzo della Ragione,strategy_nearest,False,0.0019180774688720703,success
0499BC429C4C80,2,['Casa Giulietta'],Torre Lamberti,"['Sighseeing', 'Centro Fotografia', 'Museo Conte', 'Palazzo della Ragione', 'AMO']",Duomo,strategy_nearest,False,0.0019237995147705078,success
0499BA3A9C4C80,0,['Arena'],Casa Giulietta,"['Centro Fotografia', 'Sighseeing', 'Torre Lamberti', 'Museo Conte', 'Museo Radio']",Castelvecchio,strategy_nearest,False,0.0025920867919921875,success
0499C13A9C4C80,0,['Arena'],Casa Giulietta,"['Centro Fotografia', 'Sighseeing', 'Torre Lamberti', 'Museo Conte', 'Museo Radio']",Duomo,strategy_nearest,False,0.003159046173095703,success
0499CC429C4C80,2,"['Casa Giulietta', 'Torre Lamberti']",Santa Anastasia,"['AMO', 'Museo Conte', 'Palazzo della Ragione', 'Teatro Romano', 'Centro Fotografia']",Castelvecchio,strategy_nearest,False,0.0019249916076660156,success
0499C8429C4C80,3,"['San Fermo', 'Santa Anastasia']",Casa Giulietta,"['Centro Fotografia', 'Sighseeing', 'Torre Lamberti', 'Museo Conte', 'Museo Radio']",Duomo,strategy_nearest,False,0.0033347606658935547,success
0499CD3A9C4C80,3,['Arena'],Casa Giulietta,"['Centro Fotografia', 'Sighseeing', 'Torre Lamberti', 'Museo Conte', 'Museo Radio']",Santa Anastasia,strategy_nearest,False,0.0023849010467529297,success
0499D03A9C4C80,3,['Arena'],Torre Lamberti,"['Sighseeing', 'Centro Fotografia', 'Museo Conte', 'Casa Giulietta', 'Palazzo della Ragione']",Teatro Romano,strategy_nearest,False,0.00255584716796875,success
0499D23A9C4C80,3,['Arena'],Torre Lamberti,"['Sighseeing', 'Centro Fotografia', 'Museo Conte', 'Casa Giulietta', 'Palazzo della Ragione']",Santa Anastasia,strategy_nearest,False,0.0012712478637695312,success
0499D63A9C4C80,3,"['Tomba Giulietta', 'Giardino Giusti']",Teatro Romano,"['Santa Anastasia', 'Duomo', 'AMO', 'Palazzo della Ragione', 'Museo Conte']",Duomo,strategy_nearest,True,0.003031015396118164,success
0499CE3A9C4C80,0,['Arena'],Casa Giulietta,"['Centro Fotografia', 'Sighseeing', 'Torre Lamberti', 'Museo Conte', 'Museo Radio']",Santa Anastasia,strategy_nearest,False,0.0038690567016601562,success
0499DE3A9C4C80,1,"['Arena', 'Palazzo della Ragione']",Casa Giulietta,"['Centro Fotografia', 'Sighseeing', 'Torre Lamberti', 'Museo Conte', 'Museo Radio']",Torre Lamberti,strategy_nearest,True,0.002460002899169922,success
0499E2429C4C80,2,['Castelvecchio'],Teatro Romano,"['Santa Anastasia', 'Duomo', 'AMO', 'Palazzo della Ragione', 'Museo Conte']",San Zeno,strategy_nearest,False,0.0022199153900146484,success
0499E43A9C4C80,0,['Arena'],Tomba Giulietta,"['San Fermo', 'Museo Storia', 'Museo Lapidario', 'Museo Radio', 'Verona Tour']",Casa Giulietta,strategy_nearest,False,0.002749919891357422,success
0499EC3A9C4C80,1,"['San Fermo', 'Palazzo della Ragione', 'Torre Lamberti']",Casa Giulietta,"['Centro Fotografia', 'Sighseeing', 'Museo Conte', 'Museo Radio', 'AMO']",Santa Anastasia,strategy_nearest,False,0.0025551319122314453,success
0499EA3A9C4C80,2,['Teatro Romano'],Torre Lamberti,"['Sighseeing', 'Centro Fotografia', 'Museo Conte', 'Casa Giulietta', 'Palazzo della Ragione']",Castelvecchio,strategy_nearest,False,0.003280162811279297,success
0499F53A9C4C80,0,['Arena'],Casa Giulietta,"['Centro Fotografia', 'Sighseeing', 'Torre Lamberti', 'Museo Conte', 'Museo Radio']",Castelvecchio,strategy_nearest,False,0.0016777515411376953,success
0499FB429C4C80,0,"['Duomo', 'Casa Giulietta']",Arena,"['Verona Tour', 'Museo Lapidario', 'Museo Radio', 'San Fermo', 'Sighseeing']",Museo Lapidario,strategy_nearest,True,0.0026040077209472656,success
049A013A9C4C84,1,"['Casa Giulietta', 'Arena']",Torre Lamberti,"['Sighseeing', 'Centro Fotografia', 'Museo Conte', 'Palazzo della Ragione', 'AMO']",Palazzo della Ragione,strategy_nearest,True,0.002689838409423828,success
049A053A9C4C84,3,['Arena'],San Fermo,"['Museo Storia', 'Museo Radio', 'Casa Giulietta', 'Centro Fotografia', 'Sighseeing']",Casa Giulietta,strategy_nearest,True,0.00302886962890625,success
049A07429C4C80,0,['Arena'],Castelvecchio,"['Museo Lapidario', 'Verona Tour', 'Museo Radio', 'San Zeno', 'Sighseeing']",San Zeno,strategy_nearest,True,0.002888917922973633,success
049A11429C4C84,0,['Duomo'],Arena,"['Verona Tour', 'Museo Lapidario', 'Museo Radio', 'San Fermo', 'Casa Giulietta']",San Fermo,strategy_nearest,True,0.0016870498657226562,success
049A0E3A9C4C80,1,"['Tomba Giulietta', 'San Fermo', 'Casa Giulietta', 'Palazzo della Ragione', 'Torre Lamberti']",Castelvecchio,"['Museo Lapidario', 'Verona Tour', 'Arena', 'Museo Radio', 'San Zeno']",Teatro Romano,strategy_nearest,False,0.0024077892303466797,success
049A13429C4C80,3,['Arena'],Teatro Romano,"['Santa Anastasia', 'Duomo', 'AMO', 'Palazzo della Ragione', 'Museo Conte']",Duomo,strategy_nearest,True,0.002519845962524414,success
049A1A429C4C80,3,"['Arena', 'Castelvecchio']",Casa Giulietta,"['Centro Fotografia', 'Sighseeing', 'Torre Lamberti', 'Museo Conte', 'Museo Radio']",Santa Anastasia,strategy_nearest,False,0.0025229454040527344,success
049A1D3A9C4C80,2,['Museo Lapidario'],Tomba Giulietta,"['San Fermo', 'Museo Storia', 'Arena', 'Museo Radio', 'Verona Tour']",Castelvecchio,strategy_nearest,False,0.0025589466094970703,success
049A203A9C4C80,1,['Arena'],Palazzo della Ragione,"['AMO', 'Museo Conte', 'Torre Lamberti', 'Centro Fotografia', 'Sighseeing']",Torre Lamberti,strategy_nearest,True,0.0024099349975585938,success
049A293A9C4C80,0,['Arena'],Casa Giulietta,"['Centro Fotografia', 'Sighseeing', 'Torre Lamberti', 'Museo Conte', 'Museo Radio']",Torre Lamberti,strategy_nearest,True,0.0017421245574951172,success
049A29429C4C80,2,"['Giardino Giusti', 'Castelvecchio']",Palazzo della Ragione,"['AMO', 'Museo Conte', 'Torre Lamberti', 'Centro Fotografia', 'Sighseeing']",Torre Lamberti,strategy_nearest,True,0.0023238658905029297,success
049A233A9C4C80,0,['Casa Giulietta'],San Fermo,"['Museo Storia', 'Museo Radio', 'Centro Fotografia', 'Arena', 'Sighseeing']",Arena,strategy_nearest,True,0.0033071041107177734,success
049A30429C4C80,2,"['Teatro Romano', 'San Zeno']",Castelvecchio,"['Museo Lapidario', 'Verona Tour', 'Arena', 'Museo Radio', 'Sighseeing']",Torre Lamberti,strategy_nearest,False,0.002362966537475586,success
049A413A9C4C80,3,"['Duomo', 'Teatro Romano', 'Santa Anastasia']",Casa Giulietta,"['Centro Fotografia', 'Sighseeing', 'Torre Lamberti', 'Museo Conte', 'Museo Radio']",Torre Lamberti,strategy_nearest,True,0.0023539066314697266,success
049A503A9C4C80,0,['Arena'],Casa Giulietta,"['Centro Fotografia', 'Sighseeing', 'Torre Lamberti', 'Museo Conte', 'Museo Radio']",Palazzo della Ragione,strategy_nearest,False,0.0024678707122802734,success
049A4D429C4C80,0,"['Tomba Giulietta', 'Castelvecchio']",Arena,"['Verona Tour', 'Museo Lapidario', 'Museo Radio', 'San Fermo', 'Casa Giulietta']",Casa Giulietta,strategy_nearest,True,0.0033979415893554688,success
049A543A9C4C80,0,['Casa Giulietta'],Arena,"['Verona Tour', 'Museo Lapidario', 'Museo Radio', 'San Fermo', 'Sighseeing']",Duomo,strategy_nearest,False,0.0026760101318359375,success
049A73429C4C80,0,['Casa Giulietta'],Arena,"['Verona Tour', 'Museo Lapidario', 'Museo Radio', 'San Fermo', 'Sighseeing']",Castelvecchio,strategy_nearest,False,0.0030088424682617188,success
049A6F3A9C4C80,0,['Arena'],Teatro Romano,"['Santa Anastasia', 'Duomo', 'AMO', 'Palazzo della Ragione', 'Museo Conte']",Duomo,strategy_nearest,True,0.0024101734161376953,success
049A793A9C4C80,2,"['Casa Giulietta', 'Torre Lamberti']",Santa Anastasia,"['AMO', 'Museo Conte', 'Palazzo della Ragione', 'Teatro Romano', 'Centro Fotografia']",Duomo,strategy_nearest,False,0.0022988319396972656,success
049A7B429C4C80,0,['Arena'],Casa Giulietta,"['Centro Fotografia', 'Sighseeing', 'Torre Lamberti', 'Museo Conte', 'Museo Radio']",Torre Lamberti,strategy_nearest,True,0.0016138553619384766,success
049A833A9C4C80,3,"['Arena', 'Casa Giulietta']",Torre Lamberti,"['Sighseeing', 'Centro Fotografia', 'Museo Conte', 'Palazzo della Ragione', 'AMO']",Duomo,strategy_nearest,False,0.0017461776733398438,success
049A7E429C4C80,0,['Arena'],Casa Giulietta,"['Centro Fotografia', 'Sighseeing', 'Torre Lamberti', 'Museo Conte', 'Museo Radio']",Torre Lamberti,strategy_nearest,True,0.003116130828857422,success
049A83429C4C80,0,['Arena'],Casa Giulietta,"['Centro Fotografia', 'Sighseeing', 'Torre Lamberti', 'Museo Conte', 'Museo Radio']",Santa Anastasia,strategy_nearest,False,0.0022280216217041016,success
049A854A9C4C80,3,['Arena'],San Fermo,"['Museo Storia', 'Museo Radio', 'Casa Giulietta', 'Centro Fotografia', 'Sighseeing']",Santa Anastasia,strategy_nearest,False,0.0023539066314697266,success
049A893A9C4C80,0,['Museo Lapidario'],Arena,"['Verona Tour', 'Museo Radio', 'San Fermo', 'Casa Giulietta', 'Sighseeing']",Casa Giulietta,strategy_nearest,True,0.002526998519897461,success
049A9A429C4C80,0,['Arena'],Casa Giulietta,"['Centro Fotografia', 'Sighseeing', 'Torre Lamberti', 'Museo Conte', 'Museo Radio']",San Fermo,strategy_nearest,False,0.002530813217163086,success
049A8D429C4C80,0,['Arena'],Teatro Romano,"['Santa Anastasia', 'Duomo', 'AMO', 'Palazzo della Ragione', 'Museo Conte']",San Zeno,strategy_nearest,False,0.002727031707763672,success
049AA34A9C4C80,3,"['San Zeno', 'Castelvecchio']",Arena,"['Verona Tour', 'Museo Lapidario', 'Museo Radio', 'San Fermo', 'Casa Giulietta']",Casa Giulietta,strategy_nearest,True,0.0020551681518554688,success
049A9D429C4C80,0,['Arena'],Castelvecchio,"['Museo Lapidario', 'Verona Tour', 'Museo Radio', 'San Zeno', 'Sighseeing']",Casa Giulietta,strategy_nearest,False,0.0031430721282958984,success
049AB1429C4C80,3,"['Casa Giulietta', 'Teatro Romano']",Santa Anastasia,"['AMO', 'Museo Conte', 'Palazzo della Ragione', 'Centro Fotografia', 'Duomo']",Torre Lamberti,strategy_nearest,False,0.0018618106842041016,success
049AB03A9C4C80,0,['Arena'],San Fermo,"['Museo Storia', 'Museo Radio', 'Casa Giulietta', 'Centro Fotografia', 'Sighseeing']",Casa Giulietta,strategy_nearest,True,0.0027170181274414062,success
049AB2429C4C80,2,['Torre Lamberti'],Castelvecchio,"['Museo Lapidario', 'Verona Tour', 'Arena', 'Museo Radio', 'San Zeno']",Teatro Romano,strategy_nearest,False,0.0031821727752685547,success
049AB23A9C4C80,1,"['Arena', 'Casa Giulietta']",Palazzo della Ragione,"['AMO', 'Museo Conte', 'Torre Lamberti', 'Centro Fotografia', 'Sighseeing']",Torre Lamberti,strategy_nearest,True,0.0026519298553466797,success
049AB43A9C4C80,3,"['Santa Anastasia', 'Duomo']",Casa Giulietta,"['Centro Fotografia', 'Sighseeing', 'Torre Lamberti', 'Museo Conte', 'Museo Radio']",San Fermo,strategy_nearest,False,0.0026159286499023438,success
049ABC3A9C4C80,3,"['Castelvecchio', 'Duomo']",Santa Anastasia,"['AMO', 'Museo Conte', 'Palazzo della Ragione', 'Teatro Romano', 'Centro Fotografia']",San Fermo,strategy_nearest,False,0.0021491050720214844,success
049AC8429C4C80,3,"['Arena', 'Casa Giulietta']",San Fermo,"['Museo Storia', 'Museo Radio', 'Centro Fotografia', 'Sighseeing', 'Torre Lamberti']",Santa Anastasia,strategy_nearest,False,0.002953052520751953,success
049AC63A9C4C80,0,['Arena'],Museo Lapidario,"['Verona Tour', 'Castelvecchio', 'Museo Radio', 'San Fermo', 'Casa Giulietta']",Castelvecchio,strategy_nearest,True,0.0028638839721679688,success
049ACA429C4C80,2,['Duomo'],Torre Lamberti,"['Sighseeing', 'Centro Fotografia', 'Museo Conte', 'Casa Giulietta', 'Palazzo della Ragione']",Casa Giulietta,strategy_nearest,True,0.002863168716430664,success
049AD5429C4C80,0,"['Arena', 'Museo Lapidario', 'Castelvecchio']",Tomba Giulietta,"['San Fermo', 'Museo Storia', 'Museo Radio', 'Verona Tour', 'Casa Giulietta']",Casa Giulietta,strategy_nearest,True,0.0021767616271972656,success
049AE2429C4C80,2,"['Casa Giulietta', 'Castelvecchio']",Santa Anastasia,"['AMO', 'Museo Conte', 'Palazzo della Ragione', 'Teatro Romano', 'Centro Fotografia']",Duomo,strategy_nearest,False,0.0026459693908691406,success
049AE03A9C4C80,3,"['Casa Giulietta', 'Arena', 'Torre Lamberti']",Duomo,"['AMO', 'Museo Miniscalchi', 'Santa Anastasia', 'Teatro Romano', 'Palazzo della Ragione']",Castelvecchio,strategy_nearest,False,0.0034627914428710938,success
049AF23A9C4C80,2,"['San Zeno', 'Castelvecchio', 'Torre Lamberti']",Palazzo della Ragione,"['AMO', 'Museo Conte', 'Centro Fotografia', 'Sighseeing', 'Santa Anastasia']",Santa Anastasia,strategy_nearest,True,0.0014736652374267578,success
049AEF429C4C80,1,"['Arena', 'Torre Lamberti', 'Casa Giulietta', 'San Fermo']",Castelvecchio,"['Museo Lapidario', 'Verona Tour', 'Museo Radio', 'San Zeno', 'Sighseeing']",San Zeno,strategy_nearest,True,0.0027878284454345703,success
049AFF3A9C4C80,0,"['Arena', 'Casa Giulietta']",Museo Storia,"['San Fermo', 'Museo Radio', 'Centro Fotografia', 'Tomba Giulietta', 'Torre Lamberti']",Castelvecchio,strategy_nearest,False,0.0025589466094970703,success
049AE83A9C4C80,2,['Casa Giulietta'],Torre Lamberti,"['Sighseeing', 'Centro Fotografia', 'Museo Conte', 'Palazzo della Ragione', 'AMO']",Santa Anastasia,strategy_nearest,False,0.0039899349212646484,success
049B033A9C4C84,0,"['Arena', 'Castelvecchio']",Casa Giulietta,"['Centro Fotografia', 'Sighseeing', 'Torre Lamberti', 'Museo Conte', 'Museo Radio']",Tomba Giulietta,strategy_nearest,False,0.001165151596069336,success
049B0F3A9C4C84,2,['Museo Lapidario'],Castelvecchio,"['Verona Tour', 'Arena', 'Museo Radio', 'San Zeno', 'Sighseeing']",Teatro Romano,strategy_nearest,False,0.0027091503143310547,success
049B073A9C4C84,0,['Arena'],Castelvecchio,"['Museo Lapidario', 'Verona Tour', 'Museo Radio', 'San Zeno', 'Sighseeing']",Casa Giulietta,strategy_nearest,False,0.002296924591064453,success
049B0C3A9C4C84,1,"['Arena', 'Museo Lapidario', 'Casa Giulietta']",Palazzo della Ragione,"['AMO', 'Museo Conte', 'Torre Lamberti', 'Centro Fotografia', 'Sighseeing']",Santa Anastasia,strategy_nearest,False,0.003286123275756836,success
049B153A9C4C80,2,['Museo Lapidario'],Castelvecchio,"['Verona Tour', 'Arena', 'Museo Radio', 'San Zeno', 'Sighseeing']",San Zeno,strategy_nearest,True,0.0014619827270507812,success
049B173A9C4C84,0,['Arena'],Torre Lamberti,"['Sighseeing', 'Centro Fotografia', 'Museo Conte', 'Casa Giulietta', 'Palazzo della Ragione']",Teatro Romano,strategy_nearest,False,0.002026081085205078,success
049B2E429C4C80,3,"['Arena', 'Museo Lapidario', 'Castelvecchio']",Torre Lamberti,"['Sighseeing', 'Centro Fotografia', 'Museo Conte', 'Casa Giulietta', 'Palazzo della Ragione']",Casa Giulietta,strategy_nearest,True,0.002487659454345703,success
049B193A9C4C84,0,['Arena'],Casa Giulietta,"['Centro Fotografia', 'Sighseeing', 'Torre Lamberti', 'Museo Conte', 'Museo Radio']",Castelvecchio,strategy_nearest,False,0.003287076950073242,success
049B44429C4C80,3,"['Castelvecchio', 'Arena']",Teatro Romano,"['Santa Anastasia', 'Duomo', 'AMO', 'Palazzo della Ragione', 'Museo Conte']",Casa Giulietta,strategy_nearest,False,0.002767801284790039,success
049B3D3A9C4C80,3,"['Castelvecchio', 'Arena']",San Fermo,"['Museo Storia', 'Museo Radio', 'Casa Giulietta', 'Centro Fotografia', 'Sighseeing']",Casa Giulietta,strategy_nearest,True,0.001538991928100586,success
049B45429C4C80,0,"['Arena', 'Casa Giulietta']",Torre Lamberti,"['Sighseeing', 'Centro Fotografia', 'Museo Conte', 'Palazzo della Ragione', 'AMO']",Tomba Giulietta,strategy_nearest,False,0.003094196319580078,success
049B353A9C4C80,2,['Torre Lamberti'],Duomo,"['AMO', 'Museo Miniscalchi', 'Santa Anastasia', 'Teatro Romano', 'Palazzo della Ragione']",Casa Giulietta,strategy_nearest,False,0.0029239654541015625,success
049B473A9C4C80,2,['Casa Giulietta'],Palazzo della Ragione,"['AMO', 'Museo Conte', 'Torre Lamberti', 'Centro Fotografia', 'Sighseeing']",Santa Anastasia,strategy_nearest,False,0.002151966094970703,success
049B46429C4C80,2,"['Castelvecchio', 'Santa Anastasia']",Duomo,"['AMO', 'Museo Miniscalchi', 'Teatro Romano', 'Palazzo della Ragione', 'Museo Conte']",Teatro Romano,strategy_nearest,True,0.0028901100158691406,success
049B55429C4C80,6,"['Arena', 'Casa Giulietta']",Torre Lamberti,"['Sighseeing', 'Centro Fotografia', 'Museo Conte', 'Palazzo della Ragione', 'AMO']",Duomo,strategy_nearest,False,0.0025641918182373047,success
049B4E3A9C4C80,3,"['Castelvecchio', 'Arena']",San Fermo,"['Museo Storia', 'Museo Radio', 'Casa Giulietta', 'Centro Fotografia', 'Sighseeing']",Casa Giulietta,strategy_nearest,True,0.003361940383911133,success
049B743A9C4C80,2,"['Castelvecchio', 'Casa Giulietta', 'Torre Lamberti']",Palazzo della Ragione,"['AMO', 'Museo Conte', 'Centro Fotografia', 'Sighseeing', 'Santa Anastasia']",Santa Anastasia,strategy_nearest,True,0.0033109188079833984,success
049B6D429C4C80,0,['Arena'],Torre Lamberti,"['Sighseeing', 'Centro Fotografia', 'Museo Conte', 'Casa Giulietta', 'Palazzo della Ragione']",Casa Giulietta,strategy_nearest,True,0.002480030059814453,success
049B62429C4C80,2,['Casa Giulietta'],Torre Lamberti,"['Sighseeing', 'Centro Fotografia', 'Museo Conte', 'Palazzo della Ragione', 'AMO']",Tomba Giulietta,strategy_nearest,False,0.002026081085205078,success
049B74429C4C80,0,"['Duomo', 'Torre Lamberti']",Casa Giulietta,"['Centro Fotografia', 'Sighseeing', 'Museo Conte', 'Museo Radio', 'Palazzo della Ragione']",Arena,strategy_nearest,False,0.003606081008911133,success
049B884A9C4C80,0,['Arena'],Torre Lamberti,"['Sighseeing', 'Centro Fotografia', 'Museo Conte', 'Casa Giulietta', 'Palazzo della Ragione']",Casa Giulietta,strategy_nearest,True,0.002402067184448242,success
049B7D3A9C4C80,1,['Castelvecchio'],Arena,"['Verona Tour', 'Museo Lapidario', 'Museo Radio', 'San Fermo', 'Casa Giulietta']",Torre Lamberti,strategy_nearest,False,0.001893758773803711,success
049B863A9C4C80,6,"['Arena', 'Torre Lamberti', 'Casa Giulietta']",Tomba Giulietta,"['San Fermo', 'Museo Storia', 'Museo Lapidario', 'Museo Radio', 'Verona Tour']",Castelvecchio,strategy_nearest,False,0.0038089752197265625,success
049B8D4A9C4C80,2,['Santa Anastasia'],Duomo,"['AMO', 'Museo Miniscalchi', 'Teatro Romano', 'Palazzo della Ragione', 'Museo Conte']",Torre Lamberti,strategy_nearest,False,0.0030257701873779297,success
049B90429C4C80,3,"['Casa Giulietta', 'Torre Lamberti', 'Santa Anastasia']",Duomo,"['AMO', 'Museo Miniscalchi', 'Teatro Romano', 'Palazzo della Ragione', 'Museo Conte']",Arena,strategy_nearest,False,0.0016651153564453125,success
049B92429C4C80,0,"['Castelvecchio', 'Duomo']",Casa Giulietta,"['Centro Fotografia', 'Sighseeing', 'Torre Lamberti', 'Museo Conte', 'Museo Radio']",Arena,strategy_nearest,False,0.003036022186279297,success
049B944A9C4C80,2,"['Casa Giulietta', 'Torre Lamberti']",Santa Anastasia,"['AMO', 'Museo Conte', 'Palazzo della Ragione', 'Teatro Romano', 'Centro Fotografia']",Teatro Romano,strategy_nearest,True,0.0022592544555664062,success
049B97429C4C80,0,['Arena'],Castelvecchio,"['Museo Lapidario', 'Verona Tour', 'Museo Radio', 'San Zeno', 'Sighseeing']",Teatro Romano,strategy_nearest,False,0.0031681060791015625,success
049B974A9C4C80,1,"['Museo Lapidario', 'Arena']",Casa Giulietta,"['Centro Fotografia', 'Sighseeing', 'Torre Lamberti', 'Museo Conte', 'Museo Radio']",Torre Lamberti,strategy_nearest,True,0.0020952224731445312,success
049BA04A9C4C80,2,"['Torre Lamberti', 'Palazzo della Ragione']",Casa Giulietta,"['Centro Fotografia', 'Sighseeing', 'Museo Conte', 'Museo Radio', 'San Fermo']",Santa Anastasia,strategy_nearest,False,0.0022628307342529297,success
049BAA429C4C80,3,"['Arena', 'San Fermo', 'Santa Anastasia']",San Zeno,"['Castelvecchio', 'Verona Tour', 'Museo Lapidario', 'Museo Miniscalchi', 'Sighseeing']",Teatro Romano,strategy_nearest,False,0.002919912338256836,success
049BA1429C4C80,1,"['Arena', 'Casa Giulietta']",Torre Lamberti,"['Sighseeing', 'Centro Fotografia', 'Museo Conte', 'Palazzo della Ragione', 'AMO']",Palazzo della Ragione,strategy_nearest,True,0.002718210220336914,success
049BAA4A9C4C80,3,"['Arena', 'Castelvecchio']",Santa Anastasia,"['AMO', 'Museo Conte', 'Palazzo della Ragione', 'Teatro Romano', 'Centro Fotografia']",Duomo,strategy_nearest,False,0.0017101764678955078,success
049BAF429C4C80,0,['Arena'],Casa Giulietta,"['Centro Fotografia', 'Sighseeing', 'Torre Lamberti', 'Museo Conte', 'Museo Radio']",Torre Lamberti,strategy_nearest,True,0.002831697463989258,success
049BB33A9C4C80,2,['Castelvecchio'],Casa Giulietta,"['Centro Fotografia', 'Sighseeing', 'Torre Lamberti', 'Museo Conte', 'Museo Radio']",Teatro Romano,strategy_nearest,False,0.0019199848175048828,success
049BAC429C4C80,1,"['Arena', 'Casa Giulietta']",Palazzo della Ragione,"['AMO', 'Museo Conte', 'Torre Lamberti', 'Centro Fotografia', 'Sighseeing']",Torre Lamberti,strategy_nearest,True,0.0034339427947998047,success
049BB4429C4C80,2,"['Torre Lamberti', 'Palazzo della Ragione']",Santa Anastasia,"['AMO', 'Museo Conte', 'Teatro Romano', 'Centro Fotografia', 'Duomo']",Teatro Romano,strategy_nearest,True,0.002851724624633789,success
049BDD3A9C4C80,1,"['Arena', 'Torre Lamberti']",Palazzo della Ragione,"['AMO', 'Museo Conte', 'Centro Fotografia', 'Sighseeing', 'Santa Anastasia']",Casa Giulietta,strategy_nearest,False,0.0024461746215820312,success
049BBE3A9C4C80,2,['San Zeno'],Duomo,"['AMO', 'Museo Miniscalchi', 'Santa Anastasia', 'Teatro Romano', 'Palazzo della Ragione']",Santa Anastasia,strategy_nearest,True,0.0033578872680664062,success
049BCA429C4C80,3,"['Arena', 'San Zeno', 'Casa Giulietta', 'Torre Lamberti']",Santa Anastasia,"['AMO', 'Museo Conte', 'Palazzo della Ragione', 'Teatro Romano', 'Centro Fotografia']",Giardino Giusti,strategy_nearest,False,0.0019669532775878906,success
049BE2429C4C80,2,"['San Fermo', 'Teatro Romano', 'Duomo']",Santa Anastasia,"['AMO', 'Museo Conte', 'Palazzo della Ragione', 'Centro Fotografia', 'Torre Lamberti']",Torre Lamberti,strategy_nearest,True,0.0023169517517089844,success
049BF73A9C4C80,1,"['Arena', 'Castelvecchio']",Teatro Romano,"['Santa Anastasia', 'Duomo', 'AMO', 'Palazzo della Ragione', 'Museo Conte']",Torre Lamberti,strategy_nearest,False,0.002177000045776367,success
049BEB3A9C4C80,1,"['Tomba Giulietta', 'Arena', 'Torre Lamberti']",Palazzo della Ragione,"['AMO', 'Museo Conte', 'Centro Fotografia', 'Sighseeing', 'Santa Anastasia']",Santa Anastasia,strategy_nearest,True,0.0029010772705078125,success
049C073A9C4C84,0,['Arena'],Tomba Giulietta,"['San Fermo', 'Museo Storia', 'Museo Lapidario', 'Museo Radio', 'Verona Tour']",Casa Giulietta,strategy_nearest,False,0.003339052200317383,success
049C0F429C4C84,3,"['Santa Anastasia', 'Castelvecchio']",Duomo,"['AMO', 'Museo Miniscalchi', 'Teatro Romano', 'Palazzo della Ragione', 'Museo Conte']",Santa Anastasia,strategy_nearest,False,0.0013430118560791016,success
049C1A3A9C4C80,2,"['Castelvecchio', 'Casa Giulietta']",Torre Lamberti,"['Sighseeing', 'Centro Fotografia', 'Museo Conte', 'Palazzo della Ragione', 'AMO']",Santa Anastasia,strategy_nearest,False,0.0023679733276367188,success
049C09429C4C80,2,['Santa Anastasia'],Torre Lamberti,"['Sighseeing', 'Centro Fotografia', 'Museo Conte', 'Casa Giulietta', 'Palazzo della Ragione']",Palazzo della Ragione,strategy_nearest,True,0.0032949447631835938,success
049C113A9C4C84,1,"['Museo Lapidario', 'Arena', 'Castelvecchio']",Duomo,"['AMO', 'Museo Miniscalchi', 'Santa Anastasia', 'Teatro Romano', 'Palazzo della Ragione']",Teatro Romano,strategy_nearest,True,0.003409862518310547,success
049C1C429C4C84,3,"['Arena', 'Santa Anastasia']",Castelvecchio,"['Museo Lapidario', 'Verona Tour', 'Museo Radio', 'San Zeno', 'Sighseeing']",Teatro Romano,strategy_nearest,False,0.002550840377807617,success
049C1D3A9C4C80,1,"['Arena', 'Casa Giulietta']",Torre Lamberti,"['Sighseeing', 'Centro Fotografia', 'Museo Conte', 'Palazzo della Ragione', 'AMO']",Palazzo della Ragione,strategy_nearest,True,0.0019800662994384766,success
049C253A9C4C80,2,['Casa Giulietta'],San Zeno,"['Castelvecchio', 'Verona Tour', 'Museo Lapidario', 'Arena', 'Museo Miniscalchi']",Castelvecchio,strategy_nearest,True,0.0027358531951904297,success
049C273A9C4C80,0,['Arena'],Museo Lapidario,"['Verona Tour', 'Castelvecchio', 'Museo Radio', 'San Fermo', 'Casa Giulietta']",Casa Giulietta,strategy_nearest,True,0.002914905548095703,success
049C2A4A9C4C80,0,['Casa Giulietta'],Torre Lamberti,"['Sighseeing', 'Centro Fotografia', 'Museo Conte', 'Palazzo della Ragione', 'AMO']",Arena,strategy_nearest,False,0.002466917037963867,success
049C2C3A9C4C80,3,"['Arena', 'San Fermo']",Santa Anastasia,"['AMO', 'Museo Conte', 'Palazzo della Ragione', 'Teatro Romano', 'Centro Fotografia']",Torre Lamberti,strategy_nearest,False,0.002588033676147461,success
049C2F429C4C80,3,"['Arena', 'Castelvecchio', 'Duomo']",Santa Anastasia,"['AMO', 'Museo Conte', 'Palazzo della Ragione', 'Teatro Romano', 'Centro Fotografia']",Torre Lamberti,strategy_nearest,False,0.002485990524291992,success
049C344A9C4C80,3,"['Castelvecchio', 'Arena', 'Casa Giulietta']",San Fermo,"['Museo Storia', 'Museo Radio', 'Centro Fotografia', 'Sighseeing', 'Torre Lamberti']",Santa Anastasia,strategy_nearest,False,0.0030210018157958984,success
049C3B3A9C4C80,0,"['Arena', 'Casa Giulietta']",Tomba Giulietta,"['San Fermo', 'Museo Storia', 'Museo Lapidario', 'Museo Radio', 'Verona Tour']",Castelvecchio,strategy_nearest,False,0.0026702880859375,success
049C363A9C4C80,3,"['Duomo', 'Santa Anastasia', 'Casa Giulietta']",Castelvecchio,"['Museo Lapidario', 'Verona Tour', 'Arena', 'Museo Radio', 'San Zeno']",Torre Lamberti,strategy_nearest,False,0.001972198486328125,success
049C3B4A9C4C80,1,"['Arena', 'Castelvecchio']",Casa Giulietta,"['Centro Fotografia', 'Sighseeing', 'Torre Lamberti', 'Museo Conte', 'Museo Radio']",Palazzo della Ragione,strategy_nearest,False,0.0025870800018310547,success
049C433A9C4C80,3,['Arena'],Casa Giulietta,"['Centro Fotografia', 'Sighseeing', 'Torre Lamberti', 'Museo Conte', 'Museo Radio']",Santa Anastasia,strategy_nearest,False,0.003004789352416992,success
049C523A9C4C80,3,"['Santa Anastasia', 'Arena']",Castelvecchio,"['Museo Lapidario', 'Verona Tour', 'Museo Radio', 'San Zeno', 'Sighseeing']",San Zeno,strategy_nearest,True,0.0014362335205078125,success
049C4C429C4C80,0,['Arena'],Tomba Giulietta,"['San Fermo', 'Museo Storia', 'Museo Lapidario', 'Museo Radio', 'Verona Tour']",Casa Giulietta,strategy_nearest,False,0.0027341842651367188,success
049C47429C4C80,0,['Arena'],Casa Giulietta,"['Centro Fotografia', 'Sighseeing', 'Torre Lamberti', 'Museo Conte', 'Museo Radio']",Tomba Giulietta,strategy_nearest,False,0.0033898353576660156,success
049C54429C4C80,3,"['Arena', 'Casa Giulietta', 'Torre Lamberti']",Santa Anastasia,"['AMO', 'Museo Conte', 'Palazzo della Ragione', 'Teatro Romano', 'Centro Fotografia']",Teatro Romano,strategy_nearest,True,0.0032591819763183594,success
049C5A429C4C80,1,['Arena'],Casa Giulietta,"['Centro Fotografia', 'Sighseeing', 'Torre Lamberti', 'Museo Conte', 'Museo Radio']",Torre Lamberti,strategy_nearest,True,0.002418041229248047,success
049C6B429C4C80,3,"['Arena', 'Museo Lapidario', 'San Fermo', 'Casa Giulietta']",Santa Anastasia,"['AMO', 'Museo Conte', 'Palazzo della Ragione', 'Teatro Romano', 'Centro Fotografia']",Torre Lamberti,strategy_nearest,False,0.001950979232788086,success
049C6C429C4C80,0,['Arena'],Casa Giulietta,"['Centro Fotografia', 'Sighseeing', 'Torre Lamberti', 'Museo Conte', 'Museo Radio']",Torre Lamberti,strategy_nearest,True,0.002418041229248047,success
049C65429C4C80,0,['Arena'],Casa Giulietta,"['Centro Fotografia', 'Sighseeing', 'Torre Lamberti', 'Museo Conte', 'Museo Radio']",Santa Anastasia,strategy_nearest,False,0.0039768218994140625,success
049C6F3A9C4C80,0,['Arena'],Teatro Romano,"['Santa Anastasia', 'Duomo', 'AMO', 'Palazzo della Ragione', 'Museo Conte']",Duomo,strategy_nearest,True,0.0025987625122070312,success
049C7A3A9C4C80,0,['Arena'],Duomo,"['AMO', 'Museo Miniscalchi', 'Santa Anastasia', 'Teatro Romano', 'Palazzo della Ragione']",Castelvecchio,strategy_nearest,False,0.0025141239166259766,success
049C6F429C4C80,2,"['Torre Lamberti', 'Casa Giulietta']",San Fermo,"['Museo Storia', 'Museo Radio', 'Centro Fotografia', 'Arena', 'Sighseeing']",Santa Anastasia,strategy_nearest,False,0.002094745635986328,success
049C844A9C4C80,0,['Arena'],Casa Giulietta,"['Centro Fotografia', 'Sighseeing', 'Torre Lamberti', 'Museo Conte', 'Museo Radio']",Torre Lamberti,strategy_nearest,True,0.0031468868255615234,success
049C884A9C4C80,3,"['Arena', 'Casa Giulietta']",Torre Lamberti,"['Sighseeing', 'Centro Fotografia', 'Museo Conte', 'Palazzo della Ragione', 'AMO']",Santa Anastasia,strategy_nearest,False,0.0020029544830322266,success
049C90429C4C80,3,"['Casa Giulietta', 'Torre Lamberti', 'Santa Anastasia']",Duomo,"['AMO', 'Museo Miniscalchi', 'Teatro Romano', 'Palazzo della Ragione', 'Museo Conte']",Arena,strategy_nearest,False,0.0027320384979248047,success
049C954A9C4C80,3,"['Arena', 'Casa Giulietta']",Torre Lamberti,"['Sighseeing', 'Centro Fotografia', 'Museo Conte', 'Palazzo della Ragione', 'AMO']",Santa Anastasia,strategy_nearest,False,0.0030503273010253906,success
049C8D4A9C4C80,0,['Arena'],Casa Giulietta,"['Centro Fotografia', 'Sighseeing', 'Torre Lamberti', 'Museo Conte', 'Museo Radio']",Torre Lamberti,strategy_nearest,True,0.002599954605102539,success
049C9C429C4C80,0,['Arena'],Giardino Giusti,"['Santa Anastasia', 'Teatro Romano', 'Museo Conte', 'Centro Fotografia', 'Museo Storia']",Teatro Romano,strategy_nearest,True,0.0022363662719726562,success
049CA1429C4C80,0,"['Arena', 'Casa Giulietta']",Teatro Romano,"['Santa Anastasia', 'Duomo', 'AMO', 'Palazzo della Ragione', 'Museo Conte']",Giardino Giusti,strategy_nearest,False,0.002140045166015625,success
049CA04A9C4C80,2,['Casa Giulietta'],Santa Anastasia,"['AMO', 'Museo Conte', 'Palazzo della Ragione', 'Teatro Romano', 'Centro Fotografia']",Castelvecchio,strategy_nearest,False,0.0027091503143310547,success
049CAA429C4C80,3,"['Arena', 'Torre Lamberti']",Santa Anastasia,"['AMO', 'Museo Conte', 'Palazzo della Ragione', 'Teatro Romano', 'Centro Fotografia']",Casa Giulietta,strategy_nearest,False,0.003019094467163086,success
049CAB429C4C80,3,['Arena'],Casa Giulietta,"['Centro Fotografia', 'Sighseeing', 'Torre Lamberti', 'Museo Conte', 'Museo Radio']",Santa Anastasia,strategy_nearest,False,0.003110170364379883,success
049CAF429C4C80,0,"['Torre Lamberti', 'Casa Giulietta']",San Fermo,"['Museo Storia', 'Museo Radio', 'Centro Fotografia', 'Arena', 'Sighseeing']",Tomba Giulietta,strategy_nearest,False,0.0027098655700683594,success
049CAC429C4C80,0,['Arena'],Casa Giulietta,"['Centro Fotografia', 'Sighseeing', 'Torre Lamberti', 'Museo Conte', 'Museo Radio']",Casa Giulietta,strategy_nearest,False,0.0020971298217773438,success
049CB1429C4C80,3,"['Santa Anastasia', 'Casa Giulietta']",Arena,"['Verona Tour', 'Museo Lapidario', 'Museo Radio', 'San Fermo', 'Sighseeing']",Torre Lamberti,strategy_nearest,False,0.002931833267211914,success
049CB3429C4C80,3,"['Arena', 'San Fermo']",Torre Lamberti,"['Sighseeing', 'Centro Fotografia', 'Museo Conte', 'Casa Giulietta', 'Palazzo della Ragione']",Santa Anastasia,strategy_nearest,False,0.0028111934661865234,success
049CB63A9C4C80,0,['Arena'],Casa Giulietta,"['Centro Fotografia', 'Sighseeing', 'Torre Lamberti', 'Museo Conte', 'Museo Radio']",Castelvecchio,strategy_nearest,False,0.0025420188903808594,success
049CB9429C4C80,0,['Casa Giulietta'],Castelvecchio,"['Museo Lapidario', 'Verona Tour', 'Arena', 'Museo Radio', 'San Zeno']",Arena,strategy_nearest,True,0.0025281906127929688,success
049CBA3A9C4C80,2,"['Teatro Romano', 'Santa Anastasia', 'Torre Lamberti']",Palazzo della Ragione,"['AMO', 'Museo Conte', 'Centro Fotografia', 'Sighseeing', 'Museo Miniscalchi']",Casa Giulietta,strategy_nearest,False,0.002234935760498047,success
049CC9429C4C80,3,"['Teatro Romano', 'Duomo']",Santa Anastasia,"['AMO', 'Museo Conte', 'Palazzo della Ragione', 'Centro Fotografia', 'Torre Lamberti']",Arena,strategy_nearest,False,0.00186920166015625,success
049CCB429C4C80,3,"['Arena', 'Casa Giulietta', 'Torre Lamberti']",Duomo,"['AMO', 'Museo Miniscalchi', 'Santa Anastasia', 'Teatro Romano', 'Palazzo della Ragione']",Castelvecchio,strategy_nearest,False,0.002452850341796875,success
049CD6429C4C80,2,"['Duomo', 'Teatro Romano']",Giardino Giusti,"['Santa Anastasia', 'Museo Conte', 'Centro Fotografia', 'Museo Storia', 'AMO']",Torre Lamberti,strategy_nearest,False,0.0032541751861572266,success
049CD7429C4C80,2,"['Castelvecchio', 'Teatro Romano', 'Casa Giulietta']",Palazzo della Ragione,"['AMO', 'Museo Conte', 'Torre Lamberti', 'Centro Fotografia', 'Sighseeing']",Torre Lamberti,strategy_nearest,True,0.002991199493408203,success
049CE0429C4C80,3,"['Santa Anastasia', 'Castelvecchio']",San Zeno,"['Verona Tour', 'Museo Lapidario', 'Arena', 'Museo Miniscalchi', 'Sighseeing']",Arena,strategy_nearest,True,0.0023050308227539062,success
049CF3429C4C80,3,"['Casa Giulietta', 'Torre Lamberti', 'Arena']",San Zeno,"['Castelvecchio', 'Verona Tour', 'Museo Lapidario', 'Museo Miniscalchi', 'Sighseeing']",Giardino Giusti,strategy_nearest,False,0.0024487972259521484,success
049CF73A9C4C80,0,['Arena'],Casa Giulietta,"['Centro Fotografia', 'Sighseeing', 'Torre Lamberti', 'Museo Conte', 'Museo Radio']",Castelvecchio,strategy_nearest,False,0.002328157424926758,success
049CF93A9C4C80,0,['Arena'],Casa Giulietta,"['Centro Fotografia', 'Sighseeing', 'Torre Lamberti', 'Museo Conte', 'Museo Radio']",Torre Lamberti,strategy_nearest,True,0.0019140243530273438,success
049CFE3A9C4C80,1,"['Arena', 'Casa Giulietta', 'Torre Lamberti']",Palazzo della Ragione,"['AMO', 'Museo Conte', 'Centro Fotografia', 'Sighseeing', 'Santa Anastasia']",Santa Anastasia,strategy_nearest,True,0.002444028854370117,success
049CFC3A9C4C80,0,['Arena'],Torre Lamberti,"['Sighseeing', 'Centro Fotografia', 'Museo Conte', 'Casa Giulietta', 'Palazzo della Ragione']",Castelvecchio,strategy_nearest,False,0.002485990524291992,success
049D0A429C4C80,3,"['Museo Lapidario', 'Arena', 'Casa Giulietta']",San Fermo,"['Museo Storia', 'Museo Radio', 'Centro Fotografia', 'Sighseeing', 'Torre Lamberti']",Santa Anastasia,strategy_nearest,False,0.0027942657470703125,success
049D1B3A9C4C80,1,['Arena'],Palazzo della Ragione,"['AMO', 'Museo Conte', 'Torre Lamberti', 'Centro Fotografia', 'Sighseeing']",Castelvecchio,strategy_nearest,False,0.0016591548919677734,success
049D213A9C4C80,3,"['San Fermo', 'Santa Anastasia']",Castelvecchio,"['Museo Lapidario', 'Verona Tour', 'Arena', 'Museo Radio', 'San Zeno']",Teatro Romano,strategy_nearest,False,0.0017552375793457031,success
049D203A9C4C80,3,"['Castelvecchio', 'Arena']",Casa Giulietta,"['Centro Fotografia', 'Sighseeing', 'Torre Lamberti', 'Museo Conte', 'Museo Radio']",Teatro Romano,strategy_nearest,False,0.003222942352294922,success
049D223A9C4C84,3,['Arena'],Santa Anastasia,"['AMO', 'Museo Conte', 'Palazzo della Ragione', 'Teatro Romano', 'Centro Fotografia']",Teatro Romano,strategy_nearest,True,0.0023610591888427734,success
049D27429C4C84,3,"['Castelvecchio', 'Casa Giulietta']",Santa Anastasia,"['AMO', 'Museo Conte', 'Palazzo della Ragione', 'Teatro Romano', 'Centro Fotografia']",Teatro Romano,strategy_nearest,True,0.0018389225006103516,success
049D2A3A9C4C80,3,"['Torre Lamberti', 'Casa Giulietta']",Santa Anastasia,"['AMO', 'Museo Conte', 'Palazzo della Ragione', 'Teatro Romano', 'Centro Fotografia']",Teatro Romano,strategy_nearest,True,0.0033380985260009766,success
049D363A9C4C80,0,['Arena'],Casa Giulietta,"['Centro Fotografia', 'Sighseeing', 'Torre Lamberti', 'Museo Conte', 'Museo Radio']",Duomo,strategy_nearest,False,0.002446889877319336,success
049D2E429C4C80,0,['Arena'],Castelvecchio,"['Museo Lapidario', 'Verona Tour', 'Museo Radio', 'San Zeno', 'Sighseeing']",Casa Giulietta,strategy_nearest,False,0.0019741058349609375,success
049D373A9C4C80,0,['Arena'],Duomo,"['AMO', 'Museo Miniscalchi', 'Santa Anastasia', 'Teatro Romano', 'Palazzo della Ragione']",Casa Giulietta,strategy_nearest,False,0.002873659133911133,success
049D3B429C4C80,3,"['Arena', 'San Zeno']",Torre Lamberti,"['Sighseeing', 'Centro Fotografia', 'Museo Conte', 'Casa Giulietta', 'Palazzo della Ragione']",Duomo,strategy_nearest,False,0.0023207664489746094,success
049D46429C4C80,1,"['Castelvecchio', 'Casa Giulietta', 'Palazzo della Ragione']",Santa Anastasia,"['AMO', 'Museo Conte', 'Teatro Romano', 'Centro Fotografia', 'Duomo']",Teatro Romano,strategy_nearest,True,0.0019299983978271484,success
049D3C3A9C4C80,1,"['Casa Giulietta', 'Arena']",Torre Lamberti,"['Sighseeing', 'Centro Fotografia', 'Museo Conte', 'Palazzo della Ragione', 'AMO']",Palazzo della Ragione,strategy_nearest,True,0.0019237995147705078,success
049D403A9C4C80,0,['Arena'],Casa Giulietta,"['Centro Fotografia', 'Sighseeing', 'Torre Lamberti', 'Museo Conte', 'Museo Radio']",Tomba Giulietta,strategy_nearest,False,0.0031816959381103516,success
049D51429C4C80,0,['Arena'],Casa Giulietta,"['Centro Fotografia', 'Sighseeing', 'Torre Lamberti', 'Museo Conte', 'Museo Radio']",Torre Lamberti,strategy_nearest,True,0.002655029296875,success
049D753A9C4C80,0,"['Castelvecchio', 'Casa Giulietta']",Torre Lamberti,"['Sighseeing', 'Centro Fotografia', 'Museo Conte', 'Palazzo della Ragione', 'AMO']",Arena,strategy_nearest,False,0.0018579959869384766,success
049D763A9C4C80,3,"['Arena', 'Casa Giulietta', 'Torre Lamberti']",Santa Anastasia,"['AMO', 'Museo Conte', 'Palazzo della Ragione', 'Teatro Romano', 'Centro Fotografia']",Duomo,strategy_nearest,False,0.002573728561401367,success
049D7C3A9C4C80,0,['Arena'],Casa Giulietta,"['Centro Fotografia', 'Sighseeing', 'Torre Lamberti', 'Museo Conte', 'Museo Radio']",Torre Lamberti,strategy_nearest,True,0.003187894821166992,success
049D854A9C4C80,0,"['Arena', 'Casa Giulietta']",Torre Lamberti,"['Sighseeing', 'Centro Fotografia', 'Museo Conte', 'Palazzo della Ragione', 'AMO']",Castelvecchio,strategy_nearest,False,0.001984834671020508,success
049D8B429C4C80,0,['Torre Lamberti'],Casa Giulietta,"['Centro Fotografia', 'Sighseeing', 'Museo Conte', 'Museo Radio', 'Palazzo della Ragione']",Arena,strategy_nearest,False,0.0031518936157226562,success
049D8D3A9C4C80,0,['Arena'],Casa Giulietta,"['Centro Fotografia', 'Sighseeing', 'Torre Lamberti', 'Museo Conte', 'Museo Radio']",Teatro Romano,strategy_nearest,False,0.003152132034301758,success
049D7C4A9C4C80,1,"['Arena', 'Museo Lapidario']",Duomo,"['AMO', 'Museo Miniscalchi', 'Santa Anastasia', 'Teatro Romano', 'Palazzo della Ragione']",Torre Lamberti,strategy_nearest,False,0.003506898880004883,success
049D93429C4C80,1,"['Duomo', 'Palazzo della Ragione', 'Casa Giulietta']",San Fermo,"['Museo Storia', 'Museo Radio', 'Centro Fotografia', 'Arena', 'Sighseeing']",Arena,strategy_nearest,True,0.0026330947875976562,success
049DA0429C4C80,1,"['Teatro Romano', 'Santa Anastasia', 'Casa Giulietta']",Palazzo della Ragione,"['AMO', 'Museo Conte', 'Torre Lamberti', 'Centro Fotografia', 'Sighseeing']",Torre Lamberti,strategy_nearest,True,0.0020401477813720703,success
049DA63A9C4C80,2,"['Museo Lapidario', 'Tomba Giulietta']",San Fermo,"['Museo Storia', 'Museo Radio', 'Casa Giulietta', 'Centro Fotografia', 'Arena']",Casa Giulietta,strategy_nearest,True,0.0025472640991210938,success
049DA74A9C4C80,3,"['Castelvecchio', 'Arena', 'San Fermo']",Casa Giulietta,"['Centro Fotografia', 'Sighseeing', 'Torre Lamberti', 'Museo Conte', 'Museo Radio']",Torre Lamberti,strategy_nearest,True,0.0032470226287841797,success
049DAB429C4C80,0,['Arena'],Castelvecchio,"['Museo Lapidario', 'Verona Tour', 'Museo Radio', 'San Zeno', 'Sighseeing']",Teatro Romano,strategy_nearest,False,0.0018510818481445312,success
049DAC429C4C80,1,"['Arena', 'Casa Giulietta']",Palazzo della Ragione,"['AMO', 'Museo Conte', 'Torre Lamberti', 'Centro Fotografia', 'Sighseeing']",Torre Lamberti,strategy_nearest,True,0.002444028854370117,success
049DA8429C4C80,2,"['Teatro Romano', 'Santa Anastasia']",Torre Lamberti,"['Sighseeing', 'Centro Fotografia', 'Museo Conte', 'Casa Giulietta', 'Palazzo della Ragione']",Casa Giulietta,strategy_nearest,True,0.0020360946655273438,success
049DAF429C4C80,2,"['Torre Lamberti', 'Casa Giulietta', 'Santa Anastasia']",Duomo,"['AMO', 'Museo Miniscalchi', 'Teatro Romano', 'Palazzo della Ragione', 'Museo Conte']",Teatro Romano,strategy_nearest,True,0.0028066635131835938,success
049DB13A9C4C80,3,"['Santa Anastasia', 'Duomo']",Casa Giulietta,"['Centro Fotografia', 'Sighseeing', 'Torre Lamberti', 'Museo Conte', 'Museo Radio']",San Fermo,strategy_nearest,False,0.001889944076538086,success
049DB6429C4C80,3,['Arena'],Casa Giulietta,"['Centro Fotografia', 'Sighseeing', 'Torre Lamberti', 'Museo Conte', 'Museo Radio']",Torre Lamberti,strategy_nearest,True,0.001867055892944336,success
049DB2429C4C80,2,['Casa Giulietta'],Santa Anastasia,"['AMO', 'Museo Conte', 'Palazzo della Ragione', 'Teatro Romano', 'Centro Fotografia']",Duomo,strategy_nearest,False,0.0026350021362304688,success
049DBE429C4C80,3,['Torre Lamberti'],Santa Anastasia,"['AMO', 'Museo Conte', 'Palazzo della Ragione', 'Teatro Romano', 'Centro Fotografia']",Duomo,strategy_nearest,False,0.0021991729736328125,success
049DB73A9C4C80,1,"['Museo Lapidario', 'Arena']",Casa Giulietta,"['Centro Fotografia', 'Sighseeing', 'Torre Lamberti', 'Museo Conte', 'Museo Radio']",Torre Lamberti,strategy_nearest,True,0.004010200500488281,success
049DBB429C4C80,0,['Arena'],Casa Giulietta,"['Centro Fotografia', 'Sighseeing', 'Torre Lamberti', 'Museo Conte', 'Museo Radio']",Castelvecchio,strategy_nearest,False,0.0037729740142822266,success
049DC03A9C4C80,0,"['Arena', 'Casa Giulietta']",Duomo,"['AMO', 'Museo Miniscalchi', 'Santa Anastasia', 'Teatro Romano', 'Palazzo della Ragione']",San Fermo,strategy_nearest,False,0.004030942916870117,success
049DC43A9C4C80,0,['Arena'],Casa Giulietta,"['Centro Fotografia', 'Sighseeing', 'Torre Lamberti', 'Museo Conte', 'Museo Radio']",Torre Lamberti,strategy_nearest,True,0.002608776092529297,success
049DCE429C4C80,1,"['Arena', 'Castelvecchio', 'Casa Giulietta', 'Santa Anastasia', 'Duomo']",Teatro Romano,"['AMO', 'Palazzo della Ragione', 'Museo Conte', 'Centro Fotografia', 'Museo Miniscalchi']",Tomba Giulietta,strategy_nearest,False,0.0024640560150146484,success
049DD0429C4C80,1,"['Arena', 'Casa Giulietta']",Torre Lamberti,"['Sighseeing', 'Centro Fotografia', 'Museo Conte', 'Palazzo della Ragione', 'AMO']",Palazzo della Ragione,strategy_nearest,True,0.0030639171600341797,success
049DD13A9C4C80,1,"['Teatro Romano', 'Santa Anastasia', 'Torre Lamberti']",Palazzo della Ragione,"['AMO', 'Museo Conte', 'Centro Fotografia', 'Sighseeing', 'Museo Miniscalchi']",Arena,strategy_nearest,False,0.0026397705078125,success
049DD93A9C4C80,3,"['Casa Giulietta', 'Torre Lamberti', 'Arena']",Museo Lapidario,"['Verona Tour', 'Castelvecchio', 'Museo Radio', 'San Fermo', 'Tomba Giulietta']",Castelvecchio,strategy_nearest,True,0.0026700496673583984,success
049DF33A9C4C80,0,['Arena'],Torre Lamberti,"['Sighseeing', 'Centro Fotografia', 'Museo Conte', 'Casa Giulietta', 'Palazzo della Ragione']",Casa Giulietta,strategy_nearest,True,0.002668142318725586,success
049DE63A9C4C80,3,['Arena'],Santa Anastasia,"['AMO', 'Museo Conte', 'Palazzo della Ragione', 'Teatro Romano', 'Centro Fotografia']",Duomo,strategy_nearest,False,0.0028128623962402344,success
049E06429C4C80,0,"['Arena', 'Torre Lamberti']",Casa Giulietta,"['Centro Fotografia', 'Sighseeing', 'Museo Conte', 'Museo Radio', 'Palazzo della Ragione']",Giardino Giusti,strategy_nearest,False,0.003058910369873047,success
049E074A9C4C80,2,['San Zeno'],Castelvecchio,"['Museo Lapidario', 'Verona Tour', 'Arena', 'Museo Radio', 'Sighseeing']",Duomo,strategy_nearest,False,0.0016150474548339844,success
049E0A3A9C4C84,0,"['Casa Giulietta', 'Arena', 'Museo Lapidario']",Tomba Giulietta,"['San Fermo', 'Museo Storia', 'Museo Radio', 'Verona Tour', 'Castelvecchio']",San Fermo,strategy_nearest,True,0.0018591880798339844,success
049E093A9C4C84,0,['Arena'],Casa Giulietta,"['Centro Fotografia', 'Sighseeing', 'Torre Lamberti', 'Museo Conte', 'Museo Radio']",Santa Anastasia,strategy_nearest,False,0.0026171207427978516,success
049E0B3A9C4C84,6,['Arena'],Torre Lamberti,"['Sighseeing', 'Centro Fotografia', 'Museo Conte', 'Casa Giulietta', 'Palazzo della Ragione']",Casa Giulietta,strategy_nearest,True,0.0024361610412597656,success
049E173A9C4C84,2,['Tomba Giulietta'],Castelvecchio,"['Museo Lapidario', 'Verona Tour', 'Arena', 'Museo Radio', 'San Zeno']",Casa Giulietta,strategy_nearest,False,0.0025289058685302734,success
049E183A9C4C84,0,['Arena'],Casa Giulietta,"['Centro Fotografia', 'Sighseeing', 'Torre Lamberti', 'Museo Conte', 'Museo Radio']",Castelvecchio,strategy_nearest,False,0.002566814422607422,success
049E19429C4C84,3,"['Arena', 'Casa Giulietta']",Santa Anastasia,"['AMO', 'Museo Conte', 'Palazzo della Ragione', 'Teatro Romano', 'Centro Fotografia']",Duomo,strategy_nearest,False,0.0024378299713134766,success
049E1A3A9C4C80,3,"['Arena', 'San Fermo', 'Torre Lamberti']",Santa Anastasia,"['AMO', 'Museo Conte', 'Palazzo della Ragione', 'Teatro Romano', 'Centro Fotografia']",Castelvecchio,strategy_nearest,False,0.0025911331176757812,success
049E1C429C4C80,1,"['Arena', 'Tomba Giulietta']",Torre Lamberti,"['Sighseeing', 'Centro Fotografia', 'Museo Conte', 'Casa Giulietta', 'Palazzo della Ragione']",Palazzo della Ragione,strategy_nearest,True,0.0024690628051757812,success
049E21429C4C80,2,['Museo Lapidario'],Castelvecchio,"['Verona Tour', 'Arena', 'Museo Radio', 'San Zeno', 'Sighseeing']",San Zeno,strategy_nearest,True,0.0023910999298095703,success
049E2D3A9C4C80,2,['Duomo'],Castelvecchio,"['Museo Lapidario', 'Verona Tour', 'Arena', 'Museo Radio', 'San Zeno']",Teatro Romano,strategy_nearest,False,0.002398967742919922,success
049E28429C4C80,3,"['Castelvecchio', 'Arena', 'Casa Giulietta']",Torre Lamberti,"['Sighseeing', 'Centro Fotografia', 'Museo Conte', 'Palazzo della Ragione', 'AMO']",Duomo,strategy_nearest,False,0.002496004104614258,success
049E2F429C4C80,2,['Casa Giulietta'],Castelvecchio,"['Museo Lapidario', 'Verona Tour', 'Arena', 'Museo Radio', 'San Zeno']",Teatro Romano,strategy_nearest,False,0.002351999282836914,success
049E333A9C4C80,2,['Santa Anastasia'],Giardino Giusti,"['Teatro Romano', 'Museo Conte', 'Centro Fotografia', 'Museo Storia', 'AMO']",San Fermo,strategy_nearest,False,0.0030221939086914062,success
049E384A9C4C80,0,"['Arena', 'Castelvecchio']",Teatro Romano,"['Santa Anastasia', 'Duomo', 'AMO', 'Palazzo della Ragione', 'Museo Conte']",Tomba Giulietta,strategy_nearest,False,0.002033233642578125,success
049E373A9C4C80,2,['Castelvecchio'],Palazzo della Ragione,"['AMO', 'Museo Conte', 'Torre Lamberti', 'Centro Fotografia', 'Sighseeing']",Santa Anastasia,strategy_nearest,False,0.0026831626892089844,success
049E364A9C4C80,1,"['San Fermo', 'San Zeno', 'Castelvecchio', 'Tomba Giulietta']",Arena,"['Verona Tour', 'Museo Lapidario', 'Museo Radio', 'Casa Giulietta', 'Sighseeing']",Palazzo della Ragione,strategy_nearest,False,0.003364086151123047,success
049E463A9C4C80,0,['Tomba Giulietta'],Casa Giulietta,"['Centro Fotografia', 'Sighseeing', 'Torre Lamberti', 'Museo Conte', 'Museo Radio']",Torre Lamberti,strategy_nearest,True,0.0018470287322998047,success
049E3B4A9C4C80,1,"['Arena', 'Castelvecchio']",Casa Giulietta,"['Centro Fotografia', 'Sighseeing', 'Torre Lamberti', 'Museo Conte', 'Museo Radio']",Palazzo della Ragione,strategy_nearest,False,0.0025527477264404297,success
049E3B3A9C4C80,1,['Arena'],Casa Giulietta,"['Centro Fotografia', 'Sighseeing', 'Torre Lamberti', 'Museo Conte', 'Museo Radio']",Palazzo della Ragione,strategy_nearest,False,0.002624034881591797,success
049E4C429C4C80,0,['Castelvecchio'],Arena,"['Verona Tour', 'Museo Lapidario', 'Museo Radio', 'San Fermo', 'Casa Giulietta']",San Zeno,strategy_nearest,False,0.0032472610473632812,success
049E51429C4C80,1,"['Arena', 'Torre Lamberti']",Palazzo della Ragione,"['AMO', 'Museo Conte', 'Centro Fotografia', 'Sighseeing', 'Santa Anastasia']",Teatro Romano,strategy_nearest,False,0.00203704833984375,success
049E4E429C4C80,0,['Arena'],Casa Giulietta,"['Centro Fotografia', 'Sighseeing', 'Torre Lamberti', 'Museo Conte', 'Museo Radio']",Santa Anastasia,strategy_nearest,False,0.0018191337585449219,success
049E593A9C4C80,3,"['Arena', 'Casa Giulietta', 'San Fermo', 'Torre Lamberti']",Santa Anastasia,"['AMO', 'Museo Conte', 'Palazzo della Ragione', 'Teatro Romano', 'Centro Fotografia']",Castelvecchio,strategy_nearest,False,0.0023469924926757812,success
049E4F429C4C80,0,['Arena'],Casa Giulietta,"['Centro Fotografia', 'Sighseeing', 'Torre Lamberti', 'Museo Conte', 'Museo Radio']",Duomo,strategy_nearest,False,0.0032172203063964844,success
049E69429C4C80,0,['Arena'],San Fermo,"['Museo Storia', 'Museo Radio', 'Casa Giulietta', 'Centro Fotografia', 'Sighseeing']",Casa Giulietta,strategy_nearest,True,0.0012309551239013672,success
049E5E3A9C4C80,0,"['Arena', 'Museo Lapidario']",Castelvecchio,"['Verona Tour', 'Museo Radio', 'San Zeno', 'Sighseeing', 'Museo Miniscalchi']",Teatro Romano,strategy_nearest,False,0.0022079944610595703,success
049E6E429C4C80,0,['Casa Giulietta'],Torre Lamberti,"['Sighseeing', 'Centro Fotografia', 'Museo Conte', 'Palazzo della Ragione', 'AMO']",Castelvecchio,strategy_nearest,False,0.002597332000732422,success
049E6C429C4C80,3,"['Casa Giulietta', 'Duomo']",Torre Lamberti,"['Sighseeing', 'Centro Fotografia', 'Museo Conte', 'Palazzo della Ragione', 'AMO']",Castelvecchio,strategy_nearest,False,0.0034601688385009766,success
049E813A9C4C80,3,"['Arena', 'Casa Giulietta']",Torre Lamberti,"['Sighseeing', 'Centro Fotografia', 'Museo Conte', 'Palazzo della Ragione', 'AMO']",Santa Anastasia,strategy_nearest,False,0.002735137939453125,success
049E853A9C4C80,0,['Arena'],Casa Giulietta,"['Centro Fotografia', 'Sighseeing', 'Torre Lamberti', 'Museo Conte', 'Museo Radio']",Torre Lamberti,strategy_nearest,True,0.002593994140625,success
049E863A9C4C80,1,"['Arena', 'Casa Giulietta']",Torre Lamberti,"['Sighseeing', 'Centro Fotografia', 'Museo Conte', 'Palazzo della Ragione', 'AMO']",Palazzo della Ragione,strategy_nearest,True,0.003164052963256836,success
049E71429C4C80,3,"['Arena', 'Santa Anastasia']",Duomo,"['AMO', 'Museo Miniscalchi', 'Teatro Romano', 'Palazzo della Ragione', 'Museo Conte']",Torre Lamberti,strategy_nearest,False,0.0021598339080810547,success
049E904A9C4C80,1,"['Arena', 'Castelvecchio']",Torre Lamberti,"['Sighseeing', 'Centro Fotografia', 'Museo Conte', 'Casa Giulietta', 'Palazzo della Ragione']",Palazzo della Ragione,strategy_nearest,True,0.0014460086822509766,success
049E883A9C4C80,2,"['Teatro Romano', 'Duomo']",Casa Giulietta,"['Centro Fotografia', 'Sighseeing', 'Torre Lamberti', 'Museo Conte', 'Museo Radio']",Torre Lamberti,strategy_nearest,True,0.003002166748046875,success
049E874A9C4C80,3,['Arena'],Casa Giulietta,"['Centro Fotografia', 'Sighseeing', 'Torre Lamberti', 'Museo Conte', 'Museo Radio']",Santa Anastasia,strategy_nearest,False,0.0029289722442626953,success
049E93429C4C80,1,['Arena'],Casa Giulietta,"['Centro Fotografia', 'Sighseeing', 'Torre Lamberti', 'Museo Conte', 'Museo Radio']",Torre Lamberti,strategy_nearest,True,0.0033910274505615234,success
049EA2429C4C80,0,['Arena'],Castelvecchio,"['Museo Lapidario', 'Verona Tour', 'Museo Radio', 'San Zeno', 'Sighseeing']",Casa Giulietta,strategy_nearest,False,0.0016651153564453125,success
049EA14A9C4C80,2,['San Zeno'],Torre Lamberti,"['Sighseeing', 'Centro Fotografia', 'Museo Conte', 'Casa Giulietta', 'Palazzo della Ragione']",Casa Giulietta,strategy_nearest,True,0.0025119781494140625,success
049EA8429C4C80,1,"['Teatro Romano', 'Museo Lapidario']",Arena,"['Verona Tour', 'Museo Radio', 'San Fermo', 'Casa Giulietta', 'Sighseeing']",Torre Lamberti,strategy_nearest,False,0.0031461715698242188,success
049EA9429C4C80,0,"['Arena', 'Casa Giulietta']",Torre Lamberti,"['Sighseeing', 'Centro Fotografia', 'Museo Conte', 'Palazzo della Ragione', 'AMO']",Teatro Romano,strategy_nearest,False,0.003532886505126953,success
049EAA4A9C4C80,0,['Arena'],Casa Giulietta,"['Centro Fotografia', 'Sighseeing', 'Torre Lamberti', 'Museo Conte', 'Museo Radio']",Santa Anastasia,strategy_nearest,False,0.0019981861114501953,success
049EAC429C4C80,2,['Casa Giulietta'],Torre Lamberti,"['Sighseeing', 'Centro Fotografia', 'Museo Conte', 'Palazzo della Ragione', 'AMO']",Castelvecchio,strategy_nearest,False,0.0020890235900878906,success
049EB43A9C4C80,1,"['Torre Lamberti', 'Palazzo della Ragione']",Duomo,"['AMO', 'Museo Miniscalchi', 'Santa Anastasia', 'Teatro Romano', 'Museo Conte']",Teatro Romano,strategy_nearest,True,0.0030889511108398438,success
049EB1429C4C80,1,"['Arena', 'Casa Giulietta', 'Palazzo della Ragione']",Santa Anastasia,"['AMO', 'Museo Conte', 'Teatro Romano', 'Centro Fotografia', 'Duomo']",San Fermo,strategy_nearest,False,0.0031080245971679688,success
049EB1C27B3F80,2,"['Casa Giulietta', 'Torre Lamberti']",Giardino Giusti,"['Santa Anastasia', 'Teatro Romano', 'Museo Conte', 'Centro Fotografia', 'Museo Storia']",Duomo,strategy_nearest,False,0.003445863723754883,success
049EB6429C4C80,3,"['Casa Giulietta', 'Arena']",Torre Lamberti,"['Sighseeing', 'Centro Fotografia', 'Museo Conte', 'Palazzo della Ragione', 'AMO']",Santa Anastasia,strategy_nearest,False,0.003329753875732422,success
049EBDC27B3F80,2,"['Casa Giulietta', 'Torre Lamberti']",Giardino Giusti,"['Santa Anastasia', 'Teatro Romano', 'Museo Conte', 'Centro Fotografia', 'Museo Storia']",Duomo,strategy_nearest,False,0.0022318363189697266,success
049EBD3A9C4C80,1,['Palazzo della Ragione'],Torre Lamberti,"['Sighseeing', 'Centro Fotografia', 'Museo Conte', 'Casa Giulietta', 'AMO']",Casa Giulietta,strategy_nearest,True,0.0032520294189453125,success
049EB8429C4C80,0,['Arena'],Casa Giulietta,"['Centro Fotografia', 'Sighseeing', 'Torre Lamberti', 'Museo Conte', 'Museo Radio']",Torre Lamberti,strategy_nearest,True,0.003907918930053711,success
049EC03A9C4C80,0,"['Arena', 'Casa Giulietta']",Torre Lamberti,"['Sighseeing', 'Centro Fotografia', 'Museo Conte', 'Palazzo della Ragione', 'AMO']",Tomba Giulietta,strategy_nearest,False,0.0025925636291503906,success
049EBE3A9C4C80,0,['Arena'],Museo Lapidario,"['Verona Tour', 'Castelvecchio', 'Museo Radio', 'San Fermo', 'Casa Giulietta']",Castelvecchio,strategy_nearest,True,0.0015649795532226562,success
049EC13A9C4C80,3,"['Arena', 'Torre Lamberti']",Santa Anastasia,"['AMO', 'Museo Conte', 'Palazzo della Ragione', 'Teatro Romano', 'Centro Fotografia']",Teatro Romano,strategy_nearest,True,0.003244161605834961,success
049EC2429C4C80,3,"['Arena', 'Tomba Giulietta', 'San Fermo']",Santa Anastasia,"['AMO', 'Museo Conte', 'Palazzo della Ragione', 'Teatro Romano', 'Centro Fotografia']",Duomo,strategy_nearest,False,0.0035409927368164062,success
049EC53A9C4C80,0,"['Arena', 'Casa Giulietta']",Torre Lamberti,"['Sighseeing', 'Centro Fotografia', 'Museo Conte', 'Palazzo della Ragione', 'AMO']",Duomo,strategy_nearest,False,0.0020177364349365234,success
049EC63A9C4C80,2,"['Castelvecchio', 'Duomo']",Santa Anastasia,"['AMO', 'Museo Conte', 'Palazzo della Ragione', 'Teatro Romano', 'Centro Fotografia']",San Fermo,strategy_nearest,False,0.002840757369995117,success
049ECE3A9C4C80,0,['Arena'],Santa Anastasia,"['AMO', 'Museo Conte', 'Palazzo della Ragione', 'Teatro Romano', 'Centro Fotografia']",Casa Giulietta,strategy_nearest,False,0.002974987030029297,success
049ECF3A9C4C80,0,['Arena'],Torre Lamberti,"['Sighseeing', 'Centro Fotografia', 'Museo Conte', 'Casa Giulietta', 'Palazzo della Ragione']",Castelvecchio,strategy_nearest,False,0.002847909927368164,success
049EDB3A9C4C80,1,"['Castelvecchio', 'Arena', 'Torre Lamberti']",Palazzo della Ragione,"['AMO', 'Museo Conte', 'Centro Fotografia', 'Sighseeing', 'Santa Anastasia']",Casa Giulietta,strategy_nearest,False,0.002789735794067383,success
049ED73A9C4C80,2,"['Palazzo della Ragione', 'Torre Lamberti']",Duomo,"['AMO', 'Museo Miniscalchi', 'Santa Anastasia', 'Teatro Romano', 'Museo Conte']",Casa Giulietta,strategy_nearest,False,0.003159761428833008,success
049EEB3A9C4C80,3,"['Arena', 'Casa Giulietta', 'Torre Lamberti']",Tomba Giulietta,"['San Fermo', 'Museo Storia', 'Museo Lapidario', 'Museo Radio', 'Verona Tour']",Castelvecchio,strategy_nearest,False,0.00356292724609375,success
049EEC3A9C4C80,3,"['Arena', 'Casa Giulietta']",Teatro Romano,"['Santa Anastasia', 'Duomo', 'AMO', 'Palazzo della Ragione', 'Museo Conte']",San Zeno,strategy_nearest,False,0.002664804458618164,success
049EF73A9C4C80,1,"['Arena', 'Palazzo della Ragione']",Torre Lamberti,"['Sighseeing', 'Centro Fotografia', 'Museo Conte', 'Casa Giulietta', 'AMO']",Casa Giulietta,strategy_nearest,True,0.002906322479248047,success
049EFA3A9C4C80,0,['Arena'],Casa Giulietta,"['Centro Fotografia', 'Sighseeing', 'Torre Lamberti', 'Museo Conte', 'Museo Radio']",Santa Anastasia,strategy_nearest,False,0.003345012664794922,success
049F0F3A9C4C84,2,['Torre Lamberti'],Casa Giulietta,"['Centro Fotografia', 'Sighseeing', 'Museo Conte', 'Museo Radio', 'Palazzo della Ragione']",Santa Anastasia,strategy_nearest,False,0.0030150413513183594,success
049F143A9C4C80,6,['Verona Tour'],Arena,"['Museo Lapidario', 'Museo Radio', 'San Fermo', 'Casa Giulietta', 'Sighseeing']",Torre Lamberti,strategy_nearest,False,0.003564119338989258,success
049F1B3A9C4C84,0,['Arena'],Castelvecchio,"['Museo Lapidario', 'Verona Tour', 'Museo Radio', 'San Zeno', 'Sighseeing']",Tomba Giulietta,strategy_nearest,False,0.004200935363769531,success
049F1D429C4C84,6,"['Arena', 'Torre Lamberti', 'Casa Giulietta']",Verona Tour,"['Museo Lapidario', 'Castelvecchio', 'Museo Radio', 'Sighseeing', 'San Fermo']",Castelvecchio,strategy_nearest,True,0.002920389175415039,success
049F20429C4C80,3,"['Arena', 'Castelvecchio']",Santa Anastasia,"['AMO', 'Museo Conte', 'Palazzo della Ragione', 'Teatro Romano', 'Centro Fotografia']",Teatro Romano,strategy_nearest,True,0.004822731018066406,success
049F213A9C4C80,3,"['Arena', 'Casa Giulietta']",Torre Lamberti,"['Sighseeing', 'Centro Fotografia', 'Museo Conte', 'Palazzo della Ragione', 'AMO']",Santa Anastasia,strategy_nearest,False,0.002629995346069336,success
049F253A9C4C84,2,"['Museo Lapidario', 'Castelvecchio']",Santa Anastasia,"['AMO', 'Museo Conte', 'Palazzo della Ragione', 'Teatro Romano', 'Centro Fotografia']",Duomo,strategy_nearest,False,0.0022437572479248047,success
049F264A9C4C80,0,['Casa Giulietta'],Arena,"['Verona Tour', 'Museo Lapidario', 'Museo Radio', 'San Fermo', 'Sighseeing']",San Zeno,strategy_nearest,False,0.003000020980834961,success
049F283A9C4C80,1,['Arena'],Casa Giulietta,"['Centro Fotografia', 'Sighseeing', 'Torre Lamberti', 'Museo Conte', 'Museo Radio']",Palazzo della Ragione,strategy_nearest,False,0.0033888816833496094,success
049F2D429C4C80,0,['Arena'],Torre Lamberti,"['Sighseeing', 'Centro Fotografia', 'Museo Conte', 'Casa Giulietta', 'Palazzo della Ragione']",Casa Giulietta,strategy_nearest,True,0.0026650428771972656,success
049F35429C4C80,1,"['Arena', 'Casa Giulietta', 'Santa Anastasia', 'Duomo']",Torre Lamberti,"['Sighseeing', 'Centro Fotografia', 'Museo Conte', 'Palazzo della Ragione', 'AMO']",Palazzo della Ragione,strategy_nearest,True,0.0020618438720703125,success
049F374A9C4C80,0,['Arena'],Castelvecchio,"['Museo Lapidario', 'Verona Tour', 'Museo Radio', 'San Zeno', 'Sighseeing']",Casa Giulietta,strategy_nearest,False,0.002789020538330078,success
049F3E3A9C4C80,3,"['Arena', 'Castelvecchio', 'San Zeno']",Casa Giulietta,"['Centro Fotografia', 'Sighseeing', 'Torre Lamberti', 'Museo Conte', 'Museo Radio']",Torre Lamberti,strategy_nearest,True,0.002989053726196289,success
049F3A4A9C4C80,3,"['Castelvecchio', 'Arena', 'Casa Giulietta', 'Santa Anastasia']",Duomo,"['AMO', 'Museo Miniscalchi', 'Teatro Romano', 'Palazzo della Ragione', 'Museo Conte']",Tomba Giulietta,strategy_nearest,False,0.0030291080474853516,success
049F673A9C4C80,1,"['Torre Lamberti', 'Palazzo della Ragione', 'Santa Anastasia']",Castelvecchio,"['Museo Lapidario', 'Verona Tour', 'Arena', 'Museo Radio', 'San Zeno']",Duomo,strategy_nearest,False,0.0026960372924804688,success
049F713A9C4C80,1,"['Arena', 'San Fermo']",Palazzo della Ragione,"['AMO', 'Museo Conte', 'Torre Lamberti', 'Centro Fotografia', 'Sighseeing']",Torre Lamberti,strategy_nearest,True,0.0027132034301757812,success
049F75429C4C80,2,['Casa Giulietta'],Casa Giulietta,"['Centro Fotografia', 'Sighseeing', 'Torre Lamberti', 'Museo Conte', 'Museo Radio']",Santa Anastasia,strategy_nearest,False,0.002626180648803711,success
049F78429C4C80,1,['Arena'],Torre Lamberti,"['Sighseeing', 'Centro Fotografia', 'Museo Conte', 'Casa Giulietta', 'Palazzo della Ragione']",Palazzo della Ragione,strategy_nearest,True,0.0025877952575683594,success
049F7F3A9C4C80,1,"['Torre Lamberti', 'Palazzo della Ragione']",Casa Giulietta,"['Centro Fotografia', 'Sighseeing', 'Museo Conte', 'Museo Radio', 'San Fermo']",Arena,strategy_nearest,False,0.0026197433471679688,success
049F874A9C4C80,0,"['Arena', 'Museo Lapidario']",Castelvecchio,"['Verona Tour', 'Museo Radio', 'San Zeno', 'Sighseeing', 'Museo Miniscalchi']",Torre Lamberti,strategy_nearest,False,0.002869844436645508,success
049F844A9C4C80,3,['Arena'],Santa Anastasia,"['AMO', 'Museo Conte', 'Palazzo della Ragione', 'Teatro Romano', 'Centro Fotografia']",Duomo,strategy_nearest,False,0.0023491382598876953,success
049F82429C4C80,1,"['Museo Lapidario', 'Museo Lapidario', 'Arena']",Casa Giulietta,"['Centro Fotografia', 'Sighseeing', 'Torre Lamberti', 'Museo Conte', 'Museo Radio']",Torre Lamberti,strategy_nearest,True,0.0042531490325927734,success
049F904A9C4C80,1,"['Arena', 'Castelvecchio']",Torre Lamberti,"['Sighseeing', 'Centro Fotografia', 'Museo Conte', 'Casa Giulietta', 'Palazzo della Ragione']",Palazzo della Ragione,strategy_nearest,True,0.0016589164733886719,success
049FA04A9C4C80,0,['Arena'],Castelvecchio,"['Museo Lapidario', 'Verona Tour', 'Museo Radio', 'San Zeno', 'Sighseeing']",Torre Lamberti,strategy_nearest,False,0.003364086151123047,success
049F94429C4C80,0,"['Arena', 'Castelvecchio']",Tomba Giulietta,"['San Fermo', 'Museo Storia', 'Museo Lapidario', 'Museo Radio', 'Verona Tour']",Casa Giulietta,strategy_nearest,False,0.0023221969604492188,success
049F9B429C4C80,2,"['San Fermo', 'Palazzo della Ragione']",Santa Anastasia,"['AMO', 'Museo Conte', 'Teatro Romano', 'Centro Fotografia', 'Duomo']",Duomo,strategy_nearest,True,0.003013134002685547,success
049FA34A9C4C80,0,['Arena'],San Fermo,"['Museo Storia', 'Museo Radio', 'Casa Giulietta', 'Centro Fotografia', 'Sighseeing']",Casa Giulietta,strategy_nearest,True,0.0018880367279052734,success
049FAC429C4C80,0,['Casa Giulietta'],Santa Anastasia,"['AMO', 'Museo Conte', 'Palazzo della Ragione', 'Teatro Romano', 'Centro Fotografia']",Arena,strategy_nearest,False,0.0023190975189208984,success
049FAF429C4C80,3,"['Arena', 'Casa Giulietta']",Santa Anastasia,"['AMO', 'Museo Conte', 'Palazzo della Ragione', 'Teatro Romano', 'Centro Fotografia']",Duomo,strategy_nearest,False,0.003938198089599609,success
049FB1429C4C80,0,['Castelvecchio'],Arena,"['Verona Tour', 'Museo Lapidario', 'Museo Radio', 'San Fermo', 'Casa Giulietta']",Casa Giulietta,strategy_nearest,True,0.002832174301147461,success
049FB4429C4C80,0,['Arena'],Casa Giulietta,"['Centro Fotografia', 'Sighseeing', 'Torre Lamberti', 'Museo Conte', 'Museo Radio']",Santa Anastasia,strategy_nearest,False,0.0022521018981933594,success
049FB6429C4C80,2,"['Casa Giulietta', 'Torre Lamberti']",Santa Anastasia,"['AMO', 'Museo Conte', 'Palazzo della Ragione', 'Teatro Romano', 'Centro Fotografia']",Teatro Romano,strategy_nearest,True,0.0018279552459716797,success
049FB8429C4C80,2,['Casa Giulietta'],Torre Lamberti,"['Sighseeing', 'Centro Fotografia', 'Museo Conte', 'Palazzo della Ragione', 'AMO']",Giardino Giusti,strategy_nearest,False,0.0020008087158203125,success
049FB7429C4C80,0,['Arena'],Casa Giulietta,"['Centro Fotografia', 'Sighseeing', 'Torre Lamberti', 'Museo Conte', 'Museo Radio']",Torre Lamberti,strategy_nearest,True,0.002825021743774414,success
049FC13A9C4C80,0,"['Arena', 'Castelvecchio']",Torre Lamberti,"['Sighseeing', 'Centro Fotografia', 'Museo Conte', 'Casa Giulietta', 'Palazzo della Ragione']",Casa Giulietta,strategy_nearest,True,0.002378702163696289,success
049FBE429C4C80,1,"['Arena', 'San Fermo', 'Museo Storia']",Casa Giulietta,"['Centro Fotografia', 'Sighseeing', 'Torre Lamberti', 'Museo Conte', 'Museo Radio']",Palazzo della Ragione,strategy_nearest,False,0.003396272659301758,success
049FC63A9C4C80,2,"['Torre Lamberti', 'Palazzo della Ragione']",Santa Anastasia,"['AMO', 'Museo Conte', 'Teatro Romano', 'Centro Fotografia', 'Duomo']",Duomo,strategy_nearest,True,0.0023207664489746094,success
049FCC429C4C80,3,"['Arena', 'Castelvecchio', 'Casa Giulietta']",Santa Anastasia,"['AMO', 'Museo Conte', 'Palazzo della Ragione', 'Teatro Romano', 'Centro Fotografia']",Tomba Giulietta,strategy_nearest,False,0.0022766590118408203,success
049FD13A9C4C80,0,"['Arena', 'Casa Giulietta']",Torre Lamberti,"['Sighseeing', 'Centro Fotografia', 'Museo Conte', 'Palazzo della Ragione', 'AMO']",Castelvecchio,strategy_nearest,False,0.003114938735961914,success
049FCC3A9C4C80,1,['Arena'],Torre Lamberti,"['Sighseeing', 'Centro Fotografia', 'Museo Conte', 'Casa Giulietta', 'Palazzo della Ragione']",Palazzo della Ragione,strategy_nearest,True,0.005121946334838867,success
049FF5429C4C80,1,"['Casa Giulietta', 'Arena', 'Torre Lamberti', 'Palazzo della Ragione']",San Fermo,"['Museo Storia', 'Museo Radio', 'Centro Fotografia', 'Sighseeing', 'Museo Conte']",Tomba Giulietta,strategy_nearest,False,0.0020389556884765625,success
049FE23A9C4C80,3,"['Arena', 'Casa Giulietta']",Torre Lamberti,"['Sighseeing', 'Centro Fotografia', 'Museo Conte', 'Palazzo della Ragione', 'AMO']",Santa Anastasia,strategy_nearest,False,0.002134084701538086,success
04A00C3A9C4C84,3,"['Museo Lapidario', 'Castelvecchio']",San Zeno,"['Verona Tour', 'Arena', 'Museo Miniscalchi', 'Sighseeing', 'Museo Radio']",Arena,strategy_nearest,True,0.0025370121002197266,success
049FE83A9C4C80,0,['Arena'],Torre Lamberti,"['Sighseeing', 'Centro Fotografia', 'Museo Conte', 'Casa Giulietta', 'Palazzo della Ragione']",Casa Giulietta,strategy_nearest,True,0.003615140914916992,success
04A0403A9C4C80,3,"['Arena', 'Casa Giulietta', 'Santa Anastasia', 'Duomo']",San Zeno,"['Castelvecchio', 'Verona Tour', 'Museo Lapidario', 'Museo Miniscalchi', 'Sighseeing']",Castelvecchio,strategy_nearest,True,0.00203704833984375,success
04A01E3A9C4C80,2,"['Casa Giulietta', 'Santa Anastasia']",Duomo,"['AMO', 'Museo Miniscalchi', 'Teatro Romano', 'Palazzo della Ragione', 'Museo Conte']",Teatro Romano,strategy_nearest,True,0.002750873565673828,success
04A040429C4C80,1,"['Arena', 'Torre Lamberti']",Palazzo della Ragione,"['AMO', 'Museo Conte', 'Centro Fotografia', 'Sighseeing', 'Santa Anastasia']",Castelvecchio,strategy_nearest,False,0.0027649402618408203,success
04A0824A9C4C80,2,['Casa Giulietta'],Santa Anastasia,"['AMO', 'Museo Conte', 'Palazzo della Ragione', 'Teatro Romano', 'Centro Fotografia']",Duomo,strategy_nearest,False,0.003217935562133789,success
04A0A54A9C4C80,0,['Arena'],Casa Giulietta,"['Centro Fotografia', 'Sighseeing', 'Torre Lamberti', 'Museo Conte', 'Museo Radio']",Torre Lamberti,strategy_nearest,True,0.0022521018981933594,success
04A0C83A9C4C80,1,"['Arena', 'Casa Giulietta', 'Torre Lamberti']",Palazzo della Ragione,"['AMO', 'Museo Conte', 'Centro Fotografia', 'Sighseeing', 'Santa Anastasia']",Santa Anastasia,strategy_nearest,True,0.002476215362548828,success
04A0A64A9C4C80,0,['Arena'],Casa Giulietta,"['Centro Fotografia', 'Sighseeing', 'Torre Lamberti', 'Museo Conte', 'Museo Radio']",Castelvecchio,strategy_nearest,False,0.001912832260131836,success
04A1053A9C4C84,0,['Arena'],Casa Giulietta,"['Centro Fotografia', 'Sighseeing', 'Torre Lamberti', 'Museo Conte', 'Museo Radio']",Tomba Giulietta,strategy_nearest,False,0.0032279491424560547,success
04A1013A9C4C84,3,['Arena'],Santa Anastasia,"['AMO', 'Museo Conte', 'Palazzo della Ragione', 'Teatro Romano', 'Centro Fotografia']",Duomo,strategy_nearest,False,0.0026330947875976562,success
04A10B3A9C4C84,2,"['Casa Giulietta', 'Torre Lamberti']",Santa Anastasia,"['AMO', 'Museo Conte', 'Palazzo della Ragione', 'Teatro Romano', 'Centro Fotografia']",Duomo,strategy_nearest,False,0.0026121139526367188,success
04A10D3A9C4C84,3,['Arena'],Casa Giulietta,"['Centro Fotografia', 'Sighseeing', 'Torre Lamberti', 'Museo Conte', 'Museo Radio']",Torre Lamberti,strategy_nearest,True,0.002488851547241211,success
04A1153A9C4C84,0,"['Arena', 'Museo Lapidario']",Castelvecchio,"['Verona Tour', 'Museo Radio', 'San Zeno', 'Sighseeing', 'Museo Miniscalchi']",Torre Lamberti,strategy_nearest,False,0.0019588470458984375,success
04A1133A9C4C84,0,['Arena'],Castelvecchio,"['Museo Lapidario', 'Verona Tour', 'Museo Radio', 'San Zeno', 'Sighseeing']",Teatro Romano,strategy_nearest,False,0.002229928970336914,success
04A118429C4C80,0,['Arena'],Casa Giulietta,"['Centro Fotografia', 'Sighseeing', 'Torre Lamberti', 'Museo Conte', 'Museo Radio']",Castelvecchio,strategy_nearest,False,0.0031342506408691406,success
04A1173A9C4C80,2,['Castelvecchio'],San Zeno,"['Verona Tour', 'Museo Lapidario', 'Arena', 'Museo Miniscalchi', 'Sighseeing']",Santa Anastasia,strategy_nearest,False,0.0027840137481689453,success
04A11B3A9C4C84,1,['Arena'],Casa Giulietta,"['Centro Fotografia', 'Sighseeing', 'Torre Lamberti', 'Museo Conte', 'Museo Radio']",Palazzo della Ragione,strategy_nearest,False,0.0028128623962402344,success
04A121429C4C84,2,['Castelvecchio'],Tomba Giulietta,"['San Fermo', 'Museo Storia', 'Arena', 'Museo Lapidario', 'Museo Radio']",Casa Giulietta,strategy_nearest,False,0.0022020339965820312,success
04A1223A9C4C84,2,"['Casa Giulietta', 'Palazzo della Ragione']",Santa Anastasia,"['AMO', 'Museo Conte', 'Teatro Romano', 'Centro Fotografia', 'Duomo']",Duomo,strategy_nearest,True,0.003306150436401367,success
04A1214A9C4C80,1,"['Casa Giulietta', 'Palazzo della Ragione', 'Torre Lamberti', 'Teatro Romano']",Duomo,"['AMO', 'Museo Miniscalchi', 'Santa Anastasia', 'Museo Conte', 'Centro Fotografia']",Arena,strategy_nearest,False,0.0027840137481689453,success
04A122429C4C84,2,"['Casa Giulietta', 'Santa Anastasia']",Duomo,"['AMO', 'Museo Miniscalchi', 'Teatro Romano', 'Palazzo della Ragione', 'Museo Conte']",Teatro Romano,strategy_nearest,True,0.0022728443145751953,success
04A127429C4C80,3,"['Castelvecchio', 'Arena']",Duomo,"['AMO', 'Museo Miniscalchi', 'Santa Anastasia', 'Teatro Romano', 'Palazzo della Ragione']",Teatro Romano,strategy_nearest,True,0.002234935760498047,success
04A12F4A9C4C80,3,"['Arena', 'Casa Giulietta']",Torre Lamberti,"['Sighseeing', 'Centro Fotografia', 'Museo Conte', 'Palazzo della Ragione', 'AMO']",Duomo,strategy_nearest,False,0.003262042999267578,success
04A13A4A9C4C80,1,"['Castelvecchio', 'Duomo']",Arena,"['Verona Tour', 'Museo Lapidario', 'Museo Radio', 'San Fermo', 'Casa Giulietta']",Santa Anastasia,strategy_nearest,False,0.0028111934661865234,success
04A1244A9C4C80,3,"['Torre Lamberti', 'Santa Anastasia', 'Casa Giulietta']",Arena,"['Verona Tour', 'Museo Lapidario', 'Museo Radio', 'San Fermo', 'Sighseeing']",Teatro Romano,strategy_nearest,False,0.0030040740966796875,success
04A1443A9C4C80,3,"['Casa Giulietta', 'Santa Anastasia']",Duomo,"['AMO', 'Museo Miniscalchi', 'Teatro Romano', 'Palazzo della Ragione', 'Museo Conte']",Arena,strategy_nearest,False,0.0017790794372558594,success
04A148429C4C80,0,['Arena'],Arena,"['Verona Tour', 'Museo Lapidario', 'Museo Radio', 'San Fermo', 'Casa Giulietta']",Casa Giulietta,strategy_nearest,True,0.0033140182495117188,success
04A14A429C4C80,1,"['Casa Giulietta', 'Arena']",Palazzo della Ragione,"['AMO', 'Museo Conte', 'Torre Lamberti', 'Centro Fotografia', 'Sighseeing']",Duomo,strategy_nearest,False,0.002527952194213867,success
04A151429C4C80,2,"['Casa Giulietta', 'Torre Lamberti']",Santa Anastasia,"['AMO', 'Museo Conte', 'Palazzo della Ragione', 'Teatro Romano', 'Centro Fotografia']",Duomo,strategy_nearest,False,0.003701925277709961,success
04A162429C4C80,0,['Arena'],Duomo,"['AMO', 'Museo Miniscalchi', 'Santa Anastasia', 'Teatro Romano', 'Palazzo della Ragione']",Casa Giulietta,strategy_nearest,False,0.001383066177368164,success
04A169429C4C80,6,['Verona Tour'],Casa Giulietta,"['Centro Fotografia', 'Sighseeing', 'Torre Lamberti', 'Museo Conte', 'Museo Radio']",Santa Anastasia,strategy_nearest,False,0.002232789993286133,success
04A1713A9C4C80,0,['Arena'],Torre Lamberti,"['Sighseeing', 'Centro Fotografia', 'Museo Conte', 'Casa Giulietta', 'Palazzo della Ragione']",Duomo,strategy_nearest,False,0.002746105194091797,success
04A1673A9C4C80,2,"['Castelvecchio', 'Casa Giulietta']",Teatro Romano,"['Santa Anastasia', 'Duomo', 'AMO', 'Palazzo della Ragione', 'Museo Conte']",Torre Lamberti,strategy_nearest,False,0.0036728382110595703,success
04A172429C4C80,3,"['Casa Giulietta', 'Duomo']",Teatro Romano,"['Santa Anastasia', 'AMO', 'Palazzo della Ragione', 'Museo Conte', 'Centro Fotografia']",Arena,strategy_nearest,False,0.0019540786743164062,success
04A17A3A9C4C80,3,"['Castelvecchio', 'Arena']",Casa Giulietta,"['Centro Fotografia', 'Sighseeing', 'Torre Lamberti', 'Museo Conte', 'Museo Radio']",Santa Anastasia,strategy_nearest,False,0.0021538734436035156,success
04A17B429C4C80,1,['Arena'],Torre Lamberti,"['Sighseeing', 'Centro Fotografia', 'Museo Conte', 'Casa Giulietta', 'Palazzo della Ragione']",Palazzo della Ragione,strategy_nearest,True,0.002840757369995117,success
04A17E4A9C4C80,0,['Arena'],Castelvecchio,"['Museo Lapidario', 'Verona Tour', 'Museo Radio', 'San Zeno', 'Sighseeing']",Casa Giulietta,strategy_nearest,False,0.003906726837158203,success
04A186429C4C80,0,"['Arena', 'Casa Giulietta']",Teatro Romano,"['Santa Anastasia', 'Duomo', 'AMO', 'Palazzo della Ragione', 'Museo Conte']",Castelvecchio,strategy_nearest,False,0.003016948699951172,success
04A183429C4C80,1,"['Arena', 'Casa Giulietta']",Palazzo della Ragione,"['AMO', 'Museo Conte', 'Torre Lamberti', 'Centro Fotografia', 'Sighseeing']",Teatro Romano,strategy_nearest,False,0.003040790557861328,success
04A1904A9C4C80,3,"['Santa Anastasia', 'Duomo']",Casa Giulietta,"['Centro Fotografia', 'Sighseeing', 'Torre Lamberti', 'Museo Conte', 'Museo Radio']",San Fermo,strategy_nearest,False,0.003648996353149414,success
04A1934A9C4C80,2,['Teatro Romano'],Santa Anastasia,"['AMO', 'Museo Conte', 'Palazzo della Ragione', 'Centro Fotografia', 'Duomo']",Torre Lamberti,strategy_nearest,False,0.003573894500732422,success
04A198429C4C80,3,"['Arena', 'Torre Lamberti']",Casa Giulietta,"['Centro Fotografia', 'Sighseeing', 'Museo Conte', 'Museo Radio', 'Palazzo della Ragione']",Santa Anastasia,strategy_nearest,False,0.004153013229370117,success
04A1A5429C4C80,0,['Arena'],Casa Giulietta,"['Centro Fotografia', 'Sighseeing', 'Torre Lamberti', 'Museo Conte', 'Museo Radio']",Duomo,strategy_nearest,False,0.0032880306243896484,success
04A1AA429C4C80,3,"['Casa Giulietta', 'Santa Anastasia']",Teatro Romano,"['Duomo', 'AMO', 'Palazzo della Ragione', 'Museo Conte', 'Centro Fotografia']",Arena,strategy_nearest,False,0.0035789012908935547,success
04A19C4A9C4C80,0,['Arena'],Casa Giulietta,"['Centro Fotografia', 'Sighseeing', 'Torre Lamberti', 'Museo Conte', 'Museo Radio']",Teatro Romano,strategy_nearest,False,0.0037539005279541016,success
04A1AF429C4C80,3,"['Arena', 'Casa Giulietta']",Torre Lamberti,"['Sighseeing', 'Centro Fotografia', 'Museo Conte', 'Palazzo della Ragione', 'AMO']",Santa Anastasia,strategy_nearest,False,0.0031890869140625,success
04A1AD429C4C80,3,"['Arena', 'Casa Giulietta']",Duomo,"['AMO', 'Museo Miniscalchi', 'Santa Anastasia', 'Teatro Romano', 'Palazzo della Ragione']",Santa Anastasia,strategy_nearest,True,0.0017278194427490234,success
04A1B0429C4C80,0,['Arena'],Casa Giulietta,"['Centro Fotografia', 'Sighseeing', 'Torre Lamberti', 'Museo Conte', 'Museo Radio']",San Zeno,strategy_nearest,False,0.004450082778930664,success
04A1AB4A9C4C80,0,['Arena'],Casa Giulietta,"['Centro Fotografia', 'Sighseeing', 'Torre Lamberti', 'Museo Conte', 'Museo Radio']",Torre Lamberti,strategy_nearest,True,0.0041310787200927734,success
04A1B23A9C4C80,0,['Arena'],Casa Giulietta,"['Centro Fotografia', 'Sighseeing', 'Torre Lamberti', 'Museo Conte', 'Museo Radio']",Torre Lamberti,strategy_nearest,True,0.0014619827270507812,success
04A1B2429C4C80,1,"['Arena', 'Casa Giulietta']",Palazzo della Ragione,"['AMO', 'Museo Conte', 'Torre Lamberti', 'Centro Fotografia', 'Sighseeing']",Torre Lamberti,strategy_nearest,True,0.002292156219482422,success
04A1C2429C4C80,2,['Teatro Romano'],Santa Anastasia,"['AMO', 'Museo Conte', 'Palazzo della Ragione', 'Centro Fotografia', 'Duomo']",Casa Giulietta,strategy_nearest,False,0.002824068069458008,success
04A1C83A9C4C80,2,"['Casa Giulietta', 'Torre Lamberti']",Palazzo della Ragione,"['AMO', 'Museo Conte', 'Centro Fotografia', 'Sighseeing', 'Santa Anastasia']",Santa Anastasia,strategy_nearest,True,0.002683877944946289,success
04A1C3429C4C80,2,['Santa Anastasia'],Torre Lamberti,"['Sighseeing', 'Centro Fotografia', 'Museo Conte', 'Casa Giulietta', 'Palazzo della Ragione']",San Zeno,strategy_nearest,False,0.003226757049560547,success
04A1C6429C4C80,3,"['Arena', 'Casa Giulietta']",Torre Lamberti,"['Sighseeing', 'Centro Fotografia', 'Museo Conte', 'Palazzo della Ragione', 'AMO']",Santa Anastasia,strategy_nearest,False,0.0021910667419433594,success
04A1C73A9C4C80,0,['Santa Anastasia'],Casa Giulietta,"['Centro Fotografia', 'Sighseeing', 'Torre Lamberti', 'Museo Conte', 'Museo Radio']",Arena,strategy_nearest,False,0.0027768611907958984,success
04A1D13A9C4C80,3,"['Castelvecchio', 'Duomo']",Santa Anastasia,"['AMO', 'Museo Conte', 'Palazzo della Ragione', 'Teatro Romano', 'Centro Fotografia']",Torre Lamberti,strategy_nearest,False,0.002305746078491211,success
04A1CC3A9C4C80,3,"['Arena', 'San Fermo']",Duomo,"['AMO', 'Museo Miniscalchi', 'Santa Anastasia', 'Teatro Romano', 'Palazzo della Ragione']",Castelvecchio,strategy_nearest,False,0.0013530254364013672,success
04A1DB3A9C4C80,3,['Arena'],Santa Anastasia,"['AMO', 'Museo Conte', 'Palazzo della Ragione', 'Teatro Romano', 'Centro Fotografia']",Duomo,strategy_nearest,False,0.003593921661376953,success
04A1ED3A9C4C80,0,"['Arena', 'Castelvecchio']",Duomo,"['AMO', 'Museo Miniscalchi', 'Santa Anastasia', 'Teatro Romano', 'Palazzo della Ragione']",Torre Lamberti,strategy_nearest,False,0.002897977828979492,success
04A1ED429C4C80,0,['Teatro Romano'],Arena,"['Verona Tour', 'Museo Lapidario', 'Museo Radio', 'San Fermo', 'Casa Giulietta']",Castelvecchio,strategy_nearest,False,0.0015931129455566406,success
04A1F53A9C4C80,0,['Arena'],Casa Giulietta,"['Centro Fotografia', 'Sighseeing', 'Torre Lamberti', 'Museo Conte', 'Museo Radio']",Santa Anastasia,strategy_nearest,False,0.0027008056640625,success
04A1F33A9C4C80,3,['Arena'],Torre Lamberti,"['Sighseeing', 'Centro Fotografia', 'Museo Conte', 'Casa Giulietta', 'Palazzo della Ragione']",Duomo,strategy_nearest,False,0.0022919178009033203,success
04A1F73A9C4C80,3,"['Arena', 'Casa Giulietta']",Casa Giulietta,"['Centro Fotografia', 'Sighseeing', 'Torre Lamberti', 'Museo Conte', 'Museo Radio']",Santa Anastasia,strategy_nearest,False,0.0033960342407226562,success
04A2133A9C4C80,3,"['Casa Giulietta', 'Santa Anastasia', 'Castelvecchio']",Arena,"['Verona Tour', 'Museo Lapidario', 'Museo Radio', 'San Fermo', 'Sighseeing']",Tomba Giulietta,strategy_nearest,False,0.0020248889923095703,success
04A2093A9C4C84,0,['Arena'],Casa Giulietta,"['Centro Fotografia', 'Sighseeing', 'Torre Lamberti', 'Museo Conte', 'Museo Radio']",Torre Lamberti,strategy_nearest,True,0.003374814987182617,success
04A2053A9C4C84,3,"['Arena', 'Castelvecchio']",Torre Lamberti,"['Sighseeing', 'Centro Fotografia', 'Museo Conte', 'Casa Giulietta', 'Palazzo della Ragione']",Duomo,strategy_nearest,False,0.0020508766174316406,success
04A2153A9C4C80,0,"['Arena', 'San Fermo']",Casa Giulietta,"['Centro Fotografia', 'Sighseeing', 'Torre Lamberti', 'Museo Conte', 'Museo Radio']",Torre Lamberti,strategy_nearest,True,0.002933025360107422,success
04A2163A9C4C80,3,"['Arena', 'San Fermo', 'Torre Lamberti', 'Casa Giulietta']",Teatro Romano,"['Santa Anastasia', 'Duomo', 'AMO', 'Palazzo della Ragione', 'Museo Conte']",Duomo,strategy_nearest,True,0.0019030570983886719,success
04A216429C4C84,3,['Arena'],Casa Giulietta,"['Centro Fotografia', 'Sighseeing', 'Torre Lamberti', 'Museo Conte', 'Museo Radio']",Santa Anastasia,strategy_nearest,False,0.002065896987915039,success
04A2243A9C4C80,3,['Arena'],Casa Giulietta,"['Centro Fotografia', 'Sighseeing', 'Torre Lamberti', 'Museo Conte', 'Museo Radio']",Santa Anastasia,strategy_nearest,False,0.00269317626953125,success
04A21F429C4C84,0,['Casa Giulietta'],Arena,"['Verona Tour', 'Museo Lapidario', 'Museo Radio', 'San Fermo', 'Sighseeing']",Castelvecchio,strategy_nearest,False,0.0034971237182617188,success
04A22A429C4C80,1,"['Arena', 'Casa Giulietta', 'Torre Lamberti']",Palazzo della Ragione,"['AMO', 'Museo Conte', 'Centro Fotografia', 'Sighseeing', 'Santa Anastasia']",San Zeno,strategy_nearest,False,0.002189159393310547,success
04A22A4A9C4C80,3,"['Arena', 'Torre Lamberti']",Castelvecchio,"['Museo Lapidario', 'Verona Tour', 'Museo Radio', 'San Zeno', 'Sighseeing']",Duomo,strategy_nearest,False,0.003000020980834961,success
04A2303A9C4C80,1,"['Arena', 'Santa Anastasia', 'Torre Lamberti']",Palazzo della Ragione,"['AMO', 'Museo Conte', 'Centro Fotografia', 'Sighseeing', 'Museo Miniscalchi']",Casa Giulietta,strategy_nearest,False,0.002679109573364258,success
04A2324A9C4C80,2,['Casa Giulietta'],Duomo,"['AMO', 'Museo Miniscalchi', 'Santa Anastasia', 'Teatro Romano', 'Palazzo della Ragione']",San Zeno,strategy_nearest,False,0.0030438899993896484,success
04A22F429C4C80,3,"['Castelvecchio', 'Arena']",Torre Lamberti,"['Sighseeing', 'Centro Fotografia', 'Museo Conte', 'Casa Giulietta', 'Palazzo della Ragione']",Santa Anastasia,strategy_nearest,False,0.0019538402557373047,success
04A2364A9C4C80,6,"['Arena', 'Casa Giulietta', 'Santa Anastasia']",Castelvecchio,"['Museo Lapidario', 'Verona Tour', 'Museo Radio', 'San Zeno', 'Sighseeing']",San Zeno,strategy_nearest,True,0.0027129650115966797,success
04A247429C4C80,3,"['Castelvecchio', 'Arena']",San Fermo,"['Museo Storia', 'Museo Radio', 'Casa Giulietta', 'Centro Fotografia', 'Sighseeing']",Tomba Giulietta,strategy_nearest,False,0.0026879310607910156,success
04A24E429C4C80,3,"['Arena', 'Castelvecchio']",Duomo,"['AMO', 'Museo Miniscalchi', 'Santa Anastasia', 'Teatro Romano', 'Palazzo della Ragione']",Santa Anastasia,strategy_nearest,True,0.0018460750579833984,success
04A254429C4C80,2,"['Castelvecchio', 'San Zeno']",Duomo,"['AMO', 'Museo Miniscalchi', 'Santa Anastasia', 'Teatro Romano', 'Palazzo della Ragione']",Giardino Giusti,strategy_nearest,False,0.0031549930572509766,success
04A266429C4C80,0,['Arena'],Torre Lamberti,"['Sighseeing', 'Centro Fotografia', 'Museo Conte', 'Casa Giulietta', 'Palazzo della Ragione']",Castelvecchio,strategy_nearest,False,0.0026090145111083984,success
04A272429C4C80,2,['Teatro Romano'],Duomo,"['AMO', 'Museo Miniscalchi', 'Santa Anastasia', 'Palazzo della Ragione', 'Museo Conte']",Casa Giulietta,strategy_nearest,False,0.003155946731567383,success
04A259429C4C80,1,"['Tomba Giulietta', 'Museo Lapidario', 'San Zeno']",Castelvecchio,"['Verona Tour', 'Arena', 'Museo Radio', 'Sighseeing', 'Museo Miniscalchi']",Arena,strategy_nearest,True,0.0019757747650146484,success
04A27E3A9C4C80,3,"['Santa Anastasia', 'Arena', 'Casa Giulietta']",Torre Lamberti,"['Sighseeing', 'Centro Fotografia', 'Museo Conte', 'Palazzo della Ragione', 'AMO']",Castelvecchio,strategy_nearest,False,0.002006053924560547,success
04A2773A9C4C80,0,"['Castelvecchio', 'Arena', 'Casa Giulietta']",Teatro Romano,"['Santa Anastasia', 'Duomo', 'AMO', 'Palazzo della Ragione', 'Museo Conte']",Giardino Giusti,strategy_nearest,False,0.0032460689544677734,success
04A282429C4C80,3,"['Arena', 'Castelvecchio']",Santa Anastasia,"['AMO', 'Museo Conte', 'Palazzo della Ragione', 'Teatro Romano', 'Centro Fotografia']",Duomo,strategy_nearest,False,0.002331256866455078,success
04A2834A9C4C80,0,['Arena'],Torre Lamberti,"['Sighseeing', 'Centro Fotografia', 'Museo Conte', 'Casa Giulietta', 'Palazzo della Ragione']",Casa Giulietta,strategy_nearest,True,0.0030269622802734375,success
04A286429C4C80,3,"['Arena', 'Torre Lamberti']",Casa Giulietta,"['Centro Fotografia', 'Sighseeing', 'Museo Conte', 'Museo Radio', 'Palazzo della Ragione']",Santa Anastasia,strategy_nearest,False,0.0024499893188476562,success
04A2854A9C4C80,0,['Arena'],Casa Giulietta,"['Centro Fotografia', 'Sighseeing', 'Torre Lamberti', 'Museo Conte', 'Museo Radio']",Torre Lamberti,strategy_nearest,True,0.002101898193359375,success
04A2904A9C4C80,3,"['Santa Anastasia', 'Duomo']",Torre Lamberti,"['Sighseeing', 'Centro Fotografia', 'Museo Conte', 'Casa Giulietta', 'Palazzo della Ragione']",Castelvecchio,strategy_nearest,False,0.002596139907836914,success
04A2934A9C4C80,3,['Arena'],Duomo,"['AMO', 'Museo Miniscalchi', 'Santa Anastasia', 'Teatro Romano', 'Palazzo della Ragione']",Santa Anastasia,strategy_nearest,True,0.0018367767333984375,success
04A2A24A9C4C80,3,['Arena'],Casa Giulietta,"['Centro Fotografia', 'Sighseeing', 'Torre Lamberti', 'Museo Conte', 'Museo Radio']",Santa Anastasia,strategy_nearest,False,0.0025451183319091797,success
04A2A54A9C4C80,2,"['Torre Lamberti', 'Palazzo della Ragione']",Casa Giulietta,"['Centro Fotografia', 'Sighseeing', 'Museo Conte', 'Museo Radio', 'San Fermo']",Santa Anastasia,strategy_nearest,False,0.0026497840881347656,success
04A2A8429C4C80,3,"['Arena', 'Duomo']",Castelvecchio,"['Museo Lapidario', 'Verona Tour', 'Museo Radio', 'San Zeno', 'Sighseeing']",Casa Giulietta,strategy_nearest,False,0.0021669864654541016,success
04A2AC429C4C80,3,['Arena'],Torre Lamberti,"['Sighseeing', 'Centro Fotografia', 'Museo Conte', 'Casa Giulietta', 'Palazzo della Ragione']",Santa Anastasia,strategy_nearest,False,0.0022001266479492188,success
04A2B63A9C4C80,0,['Casa Giulietta'],Tomba Giulietta,"['San Fermo', 'Museo Storia', 'Arena', 'Museo Lapidario', 'Museo Radio']",Arena,strategy_nearest,True,0.0023479461669921875,success
04A2B13A9C4C80,0,['Castelvecchio'],Arena,"['Verona Tour', 'Museo Lapidario', 'Museo Radio', 'San Fermo', 'Casa Giulietta']",Casa Giulietta,strategy_nearest,True,0.0017910003662109375,success
04A2B73A9C4C80,1,['Arena'],Casa Giulietta,"['Centro Fotografia', 'Sighseeing', 'Torre Lamberti', 'Museo Conte', 'Museo Radio']",Palazzo della Ragione,strategy_nearest,False,0.0023298263549804688,success
04A2BB3A9C4C80,0,['Arena'],Casa Giulietta,"['Centro Fotografia', 'Sighseeing', 'Torre Lamberti', 'Museo Conte', 'Museo Radio']",Torre Lamberti,strategy_nearest,True,0.002062082290649414,success
04A2CC3A9C4C80,1,['Arena'],Casa Giulietta,"['Centro Fotografia', 'Sighseeing', 'Torre Lamberti', 'Museo Conte', 'Museo Radio']",Palazzo della Ragione,strategy_nearest,False,0.0030851364135742188,success
04A2BD3A9C4C80,3,['Arena'],Santa Anastasia,"['AMO', 'Museo Conte', 'Palazzo della Ragione', 'Teatro Romano', 'Centro Fotografia']",Duomo,strategy_nearest,False,0.0025680065155029297,success
04A2CF3A9C4C80,0,['Arena'],Casa Giulietta,"['Centro Fotografia', 'Sighseeing', 'Torre Lamberti', 'Museo Conte', 'Museo Radio']",Torre Lamberti,strategy_nearest,True,0.002702951431274414,success
04A2D13A9C4C80,0,['Arena'],Casa Giulietta,"['Centro Fotografia', 'Sighseeing', 'Torre Lamberti', 'Museo Conte', 'Museo Radio']",Teatro Romano,strategy_nearest,False,0.0014598369598388672,success
04A2D83A9C4C80,0,"['Arena', 'Casa Giulietta']",Duomo,"['AMO', 'Museo Miniscalchi', 'Santa Anastasia', 'Teatro Romano', 'Palazzo della Ragione']",Tomba Giulietta,strategy_nearest,False,0.002692699432373047,success
04A2DB3A9C4C80,3,['Arena'],Santa Anastasia,"['AMO', 'Museo Conte', 'Palazzo della Ragione', 'Teatro Romano', 'Centro Fotografia']",Duomo,strategy_nearest,False,0.003072977066040039,success
04A2E03A9C4C80,0,['Castelvecchio'],Arena,"['Verona Tour', 'Museo Lapidario', 'Museo Radio', 'San Fermo', 'Casa Giulietta']",Tomba Giulietta,strategy_nearest,False,0.0023763179779052734,success
04A2E63A9C4C80,1,"['Arena', 'Palazzo della Ragione']",Casa Giulietta,"['Centro Fotografia', 'Sighseeing', 'Torre Lamberti', 'Museo Conte', 'Museo Radio']",Torre Lamberti,strategy_nearest,True,0.0031249523162841797,success
04A2EA3A9C4C80,0,['Torre Lamberti'],Arena,"['Verona Tour', 'Museo Lapidario', 'Museo Radio', 'San Fermo', 'Casa Giulietta']",Castelvecchio,strategy_nearest,False,0.003062009811401367,success
04A2E43A9C4C80,1,['Arena'],Casa Giulietta,"['Centro Fotografia', 'Sighseeing', 'Torre Lamberti', 'Museo Conte', 'Museo Radio']",Torre Lamberti,strategy_nearest,True,0.0027620792388916016,success
04A2EB3A9C4C80,3,"['Arena', 'Casa Giulietta']",Torre Lamberti,"['Sighseeing', 'Centro Fotografia', 'Museo Conte', 'Palazzo della Ragione', 'AMO']",Santa Anastasia,strategy_nearest,False,0.0032558441162109375,success
04A2F13A9C4C80,0,['Duomo'],Castelvecchio,"['Museo Lapidario', 'Verona Tour', 'Arena', 'Museo Radio', 'San Zeno']",Arena,strategy_nearest,True,0.0018737316131591797,success
04A2F4429C4C80,2,['Castelvecchio'],San Fermo,"['Museo Storia', 'Museo Radio', 'Casa Giulietta', 'Centro Fotografia', 'Arena']",Duomo,strategy_nearest,False,0.0019009113311767578,success
04A2F33A9C4C80,1,"['Arena', 'San Fermo', 'Palazzo della Ragione']",Torre Lamberti,"['Sighseeing', 'Centro Fotografia', 'Museo Conte', 'Casa Giulietta', 'AMO']",Santa Anastasia,strategy_nearest,False,0.002702951431274414,success
04A2F93A9C4C80,3,"['Arena', 'Museo Lapidario']",Castelvecchio,"['Verona Tour', 'Museo Radio', 'San Zeno', 'Sighseeing', 'Museo Miniscalchi']",Casa Giulietta,strategy_nearest,False,0.0023140907287597656,success
04A30A3A9C4C84,3,"['Arena', 'San Zeno']",Torre Lamberti,"['Sighseeing', 'Centro Fotografia', 'Museo Conte', 'Casa Giulietta', 'Palazzo della Ragione']",Casa Giulietta,strategy_nearest,True,0.0015490055084228516,success
04A313429C4C84,3,"['Tomba Giulietta', 'San Fermo', 'Duomo']",Santa Anastasia,"['AMO', 'Museo Conte', 'Palazzo della Ragione', 'Teatro Romano', 'Centro Fotografia']",Torre Lamberti,strategy_nearest,False,0.0025551319122314453,success
04A31E3A9C4C80,0,"['Casa Giulietta', 'Casa Giulietta']",Arena,"['Verona Tour', 'Museo Lapidario', 'Museo Radio', 'San Fermo', 'Sighseeing']",Tomba Giulietta,strategy_nearest,False,0.0017528533935546875,success
04A3163A9C4C80,0,['Arena'],Casa Giulietta,"['Centro Fotografia', 'Sighseeing', 'Torre Lamberti', 'Museo Conte', 'Museo Radio']",Palazzo della Ragione,strategy_nearest,False,0.0019259452819824219,success
04A31D3A9C4C84,1,['Arena'],Casa Giulietta,"['Centro Fotografia', 'Sighseeing', 'Torre Lamberti', 'Museo Conte', 'Museo Radio']",Torre Lamberti,strategy_nearest,True,0.003226757049560547,success
04A3213A9C4C84,3,"['Arena', 'Casa Giulietta']",Torre Lamberti,"['Sighseeing', 'Centro Fotografia', 'Museo Conte', 'Palazzo della Ragione', 'AMO']",Duomo,strategy_nearest,False,0.002541780471801758,success
04A3253A9C4C80,0,['Arena'],Casa Giulietta,"['Centro Fotografia', 'Sighseeing', 'Torre Lamberti', 'Museo Conte', 'Museo Radio']",Torre Lamberti,strategy_nearest,True,0.0019669532775878906,success
04A327429C4C84,0,"['Arena', 'Museo Lapidario', 'Castelvecchio']",Tomba Giulietta,"['San Fermo', 'Museo Storia', 'Museo Radio', 'Verona Tour', 'Casa Giulietta']",Casa Giulietta,strategy_nearest,True,0.0026099681854248047,success
04A32C4A9C4C80,1,"['Arena', 'Casa Giulietta', 'Torre Lamberti']",Palazzo della Ragione,"['AMO', 'Museo Conte', 'Centro Fotografia', 'Sighseeing', 'Santa Anastasia']",Castelvecchio,strategy_nearest,False,0.0031011104583740234,success
04A3343A9C4C80,0,['Arena'],Giardino Giusti,"['Santa Anastasia', 'Teatro Romano', 'Museo Conte', 'Centro Fotografia', 'Museo Storia']",Torre Lamberti,strategy_nearest,False,0.002593994140625,success
04A32F429C4C80,3,['Arena'],Santa Anastasia,"['AMO', 'Museo Conte', 'Palazzo della Ragione', 'Teatro Romano', 'Centro Fotografia']",Santa Anastasia,strategy_nearest,False,0.0019040107727050781,success
04A3354A9C4C80,2,['Casa Giulietta'],Torre Lamberti,"['Sighseeing', 'Centro Fotografia', 'Museo Conte', 'Palazzo della Ragione', 'AMO']",Castelvecchio,strategy_nearest,False,0.002439260482788086,success
04A33D3A9C4C80,1,"['Arena', 'Casa Giulietta', 'Santa Anastasia']",Teatro Romano,"['Duomo', 'AMO', 'Palazzo della Ragione', 'Museo Conte', 'Centro Fotografia']",Duomo,strategy_nearest,True,0.0035240650177001953,success
04A33F429C4C80,1,"['Arena', 'Casa Giulietta']",Torre Lamberti,"['Sighseeing', 'Centro Fotografia', 'Museo Conte', 'Palazzo della Ragione', 'AMO']",Palazzo della Ragione,strategy_nearest,True,0.0028841495513916016,success
04A343429C4C80,3,['Arena'],Torre Lamberti,"['Sighseeing', 'Centro Fotografia', 'Museo Conte', 'Casa Giulietta', 'Palazzo della Ragione']",Santa Anastasia,strategy_nearest,False,0.002046823501586914,success
04A347429C4C80,0,['Arena'],Casa Giulietta,"['Centro Fotografia', 'Sighseeing', 'Torre Lamberti', 'Museo Conte', 'Museo Radio']",Santa Anastasia,strategy_nearest,False,0.003271818161010742,success
04A3553A9C4C80,0,['Arena'],Casa Giulietta,"['Centro Fotografia', 'Sighseeing', 'Torre Lamberti', 'Museo Conte', 'Museo Radio']",Castelvecchio,strategy_nearest,False,0.0017132759094238281,success
04A3563A9C4C80,0,['Arena'],Casa Giulietta,"['Centro Fotografia', 'Sighseeing', 'Torre Lamberti', 'Museo Conte', 'Museo Radio']",Castelvecchio,strategy_nearest,False,0.0025930404663085938,success
04A356429C4C80,0,['Arena'],Castelvecchio,"['Museo Lapidario', 'Verona Tour', 'Museo Radio', 'San Zeno', 'Sighseeing']",Casa Giulietta,strategy_nearest,False,0.0025949478149414062,success
04A366429C4C80,1,"['Arena', 'Santa Anastasia']",Palazzo della Ragione,"['AMO', 'Museo Conte', 'Torre Lamberti', 'Centro Fotografia', 'Sighseeing']",Torre Lamberti,strategy_nearest,True,0.002307891845703125,success
04A370429C4C80,0,['Arena'],Torre Lamberti,"['Sighseeing', 'Centro Fotografia', 'Museo Conte', 'Casa Giulietta', 'Palazzo della Ragione']",Casa Giulietta,strategy_nearest,True,0.003201007843017578,success
04A374429C4C80,1,['Arena'],Casa Giulietta,"['Centro Fotografia', 'Sighseeing', 'Torre Lamberti', 'Museo Conte', 'Museo Radio']",Palazzo della Ragione,strategy_nearest,False,0.001737833023071289,success
04A3753A9C4C80,0,['Arena'],Castelvecchio,"['Museo Lapidario', 'Verona Tour', 'Museo Radio', 'San Zeno', 'Sighseeing']",Casa Giulietta,strategy_nearest,False,0.0023081302642822266,success
04A3783A9C4C80,0,['Arena'],Casa Giulietta,"['Centro Fotografia', 'Sighseeing', 'Torre Lamberti', 'Museo Conte', 'Museo Radio']",Torre Lamberti,strategy_nearest,True,0.0023391246795654297,success
04A378429C4C80,1,"['Arena', 'Palazzo della Ragione']",Torre Lamberti,"['Sighseeing', 'Centro Fotografia', 'Museo Conte', 'Casa Giulietta', 'AMO']",Casa Giulietta,strategy_nearest,True,0.0025391578674316406,success
04A3853A9C4C80,3,"['Tomba Giulietta', 'Arena', 'Museo Lapidario']",Castelvecchio,"['Verona Tour', 'Museo Radio', 'San Zeno', 'Sighseeing', 'Museo Miniscalchi']",Santa Anastasia,strategy_nearest,False,0.0018458366394042969,success
04A3873A9C4C80,0,['Torre Lamberti'],Castelvecchio,"['Museo Lapidario', 'Verona Tour', 'Arena', 'Museo Radio', 'San Zeno']",Arena,strategy_nearest,True,0.002429962158203125,success
04A38A429C4C80,0,['Arena'],San Fermo,"['Museo Storia', 'Museo Radio', 'Casa Giulietta', 'Centro Fotografia', 'Sighseeing']",Teatro Romano,strategy_nearest,False,0.0021729469299316406,success
04A38C4A9C4C80,1,"['Arena', 'Museo Lapidario', 'Castelvecchio']",Torre Lamberti,"['Sighseeing', 'Centro Fotografia', 'Museo Conte', 'Casa Giulietta', 'Palazzo della Ragione']",Palazzo della Ragione,strategy_nearest,True,0.0012650489807128906,success
04A38B429C4C80,0,"['Arena', 'Casa Giulietta']",Giardino Giusti,"['Santa Anastasia', 'Teatro Romano', 'Museo Conte', 'Centro Fotografia', 'Museo Storia']",Teatro Romano,strategy_nearest,True,0.0027189254760742188,success
04A39A429C4C80,2,['Casa Giulietta'],Palazzo della Ragione,"['AMO', 'Museo Conte', 'Torre Lamberti', 'Centro Fotografia', 'Sighseeing']",Duomo,strategy_nearest,False,0.0032629966735839844,success
04A3A14A9C4C80,0,['Arena'],Torre Lamberti,"['Sighseeing', 'Centro Fotografia', 'Museo Conte', 'Casa Giulietta', 'Palazzo della Ragione']",Casa Giulietta,strategy_nearest,True,0.002635955810546875,success
04A3B5429C4C80,0,['Arena'],Casa Giulietta,"['Centro Fotografia', 'Sighseeing', 'Torre Lamberti', 'Museo Conte', 'Museo Radio']",Torre Lamberti,strategy_nearest,True,0.0013740062713623047,success
04A3AB429C4C80,3,['Arena'],Torre Lamberti,"['Sighseeing', 'Centro Fotografia', 'Museo Conte', 'Casa Giulietta', 'Palazzo della Ragione']",Duomo,strategy_nearest,False,0.003359079360961914,success
04A3B93A9C4C80,0,['Arena'],Casa Giulietta,"['Centro Fotografia', 'Sighseeing', 'Torre Lamberti', 'Museo Conte', 'Museo Radio']",Duomo,strategy_nearest,False,0.003244161605834961,success
04A3B8429C4C80,1,"['Castelvecchio', 'Arena']",Casa Giulietta,"['Centro Fotografia', 'Sighseeing', 'Torre Lamberti', 'Museo Conte', 'Museo Radio']",Santa Anastasia,strategy_nearest,False,0.002608060836791992,success
04A3BB3A9C4C80,3,['Arena'],Casa Giulietta,"['Centro Fotografia', 'Sighseeing', 'Torre Lamberti', 'Museo Conte', 'Museo Radio']",Santa Anastasia,strategy_nearest,False,0.002685070037841797,success
04A3BC429C4C80,0,"['Casa Giulietta', 'Tomba Giulietta']",Arena,"['Verona Tour', 'Museo Lapidario', 'Museo Radio', 'San Fermo', 'Sighseeing']",Castelvecchio,strategy_nearest,False,0.0014269351959228516,success
04A3CC3A9C4C80,3,"['Arena', 'Torre Lamberti']",Santa Anastasia,"['AMO', 'Museo Conte', 'Palazzo della Ragione', 'Teatro Romano', 'Centro Fotografia']",Casa Giulietta,strategy_nearest,False,0.0025510787963867188,success
04A3CD3A9C4C80,3,"['Santa Anastasia', 'Teatro Romano', 'Duomo']",Torre Lamberti,"['Sighseeing', 'Centro Fotografia', 'Museo Conte', 'Casa Giulietta', 'Palazzo della Ragione']",Arena,strategy_nearest,False,0.003242969512939453,success
04A3D23A9C4C80,0,['Arena'],Casa Giulietta,"['Centro Fotografia', 'Sighseeing', 'Torre Lamberti', 'Museo Conte', 'Museo Radio']",Teatro Romano,strategy_nearest,False,0.002775907516479492,success
04A3D13A9C4C80,3,"['Arena', 'Casa Giulietta', 'Teatro Romano']",Giardino Giusti,"['Santa Anastasia', 'Museo Conte', 'Centro Fotografia', 'Museo Storia', 'AMO']",Tomba Giulietta,strategy_nearest,False,0.0022101402282714844,success
04A3CF429C4C80,2,"['San Zeno', 'Castelvecchio']",Duomo,"['AMO', 'Museo Miniscalchi', 'Santa Anastasia', 'Teatro Romano', 'Palazzo della Ragione']",Santa Anastasia,strategy_nearest,True,0.0015227794647216797,success
04A3D63A9C4C80,3,['Arena'],Casa Giulietta,"['Centro Fotografia', 'Sighseeing', 'Torre Lamberti', 'Museo Conte', 'Museo Radio']",Santa Anastasia,strategy_nearest,False,0.0032720565795898438,success
04A3D73A9C4C80,3,"['Arena', 'San Fermo', 'Casa Giulietta']",Torre Lamberti,"['Sighseeing', 'Centro Fotografia', 'Museo Conte', 'Palazzo della Ragione', 'AMO']",Santa Anastasia,strategy_nearest,False,0.0020689964294433594,success
04A3DC3A9C4C80,2,['Castelvecchio'],Santa Anastasia,"['AMO', 'Museo Conte', 'Palazzo della Ragione', 'Teatro Romano', 'Centro Fotografia']",Teatro Romano,strategy_nearest,True,0.002516031265258789,success
04A3D93A9C4C80,0,['Arena'],Torre Lamberti,"['Sighseeing', 'Centro Fotografia', 'Museo Conte', 'Casa Giulietta', 'Palazzo della Ragione']",Casa Giulietta,strategy_nearest,True,0.0013988018035888672,success
04A3DC429C4C80,1,"['Castelvecchio', 'San Zeno', 'Arena']",Palazzo della Ragione,"['AMO', 'Museo Conte', 'Torre Lamberti', 'Centro Fotografia', 'Sighseeing']",Casa Giulietta,strategy_nearest,False,0.003180980682373047,success
04A3E4429C4C80,2,"['Duomo', 'Santa Anastasia']",Palazzo della Ragione,"['AMO', 'Museo Conte', 'Torre Lamberti', 'Centro Fotografia', 'Sighseeing']",Torre Lamberti,strategy_nearest,True,0.0014090538024902344,success
04A3E33A9C4C80,2,"['Santa Anastasia', 'Duomo']",Casa Giulietta,"['Centro Fotografia', 'Sighseeing', 'Torre Lamberti', 'Museo Conte', 'Museo Radio']",Torre Lamberti,strategy_nearest,True,0.002223968505859375,success
04A3E43A9C4C80,3,"['Teatro Romano', 'Santa Anastasia']",Duomo,"['AMO', 'Museo Miniscalchi', 'Palazzo della Ragione', 'Museo Conte', 'Torre Lamberti']",Arena,strategy_nearest,False,0.002790212631225586,success
04A3EA3A9C4C80,1,"['Santa Anastasia', 'Casa Giulietta', 'Torre Lamberti']",Palazzo della Ragione,"['AMO', 'Museo Conte', 'Centro Fotografia', 'Sighseeing', 'Museo Miniscalchi']",Arena,strategy_nearest,False,0.00322723388671875,success
04A3EC3A9C4C80,0,['Arena'],Casa Giulietta,"['Centro Fotografia', 'Sighseeing', 'Torre Lamberti', 'Museo Conte', 'Museo Radio']",Torre Lamberti,strategy_nearest,True,0.0014691352844238281,success
04A404429C4C84,1,"['Casa Giulietta', 'Arena', 'Museo Lapidario', 'Castelvecchio']",Teatro Romano,"['Santa Anastasia', 'Duomo', 'AMO', 'Palazzo della Ragione', 'Museo Conte']",Giardino Giusti,strategy_nearest,False,0.0018649101257324219,success
04A3F0429C4C80,2,"['Casa Giulietta', 'San Zeno']",Castelvecchio,"['Museo Lapidario', 'Verona Tour', 'Arena', 'Museo Radio', 'Sighseeing']",Giardino Giusti,strategy_nearest,False,0.002595186233520508,success
04A4083A9C4C84,3,"['Tomba Giulietta', 'Arena']",Casa Giulietta,"['Centro Fotografia', 'Sighseeing', 'Torre Lamberti', 'Museo Conte', 'Museo Radio']",Santa Anastasia,strategy_nearest,False,0.0032088756561279297,success
04A4093A9C4C84,2,"['Casa Giulietta', 'Torre Lamberti']",Santa Anastasia,"['AMO', 'Museo Conte', 'Palazzo della Ragione', 'Teatro Romano', 'Centro Fotografia']",Duomo,strategy_nearest,False,0.0025827884674072266,success
04A40A3A9C4C84,0,['Arena'],Casa Giulietta,"['Centro Fotografia', 'Sighseeing', 'Torre Lamberti', 'Museo Conte', 'Museo Radio']",Tomba Giulietta,strategy_nearest,False,0.001817941665649414,success
04A40B429C4C80,2,['Casa Giulietta'],Santa Anastasia,"['AMO', 'Museo Conte', 'Palazzo della Ragione', 'Teatro Romano', 'Centro Fotografia']",Duomo,strategy_nearest,False,0.0023648738861083984,success
04A413429C4C80,1,"['Casa Giulietta', 'Casa Giulietta', 'Palazzo della Ragione', 'Torre Lamberti', 'Santa Anastasia', 'Arena']",Teatro Romano,"['Duomo', 'AMO', 'Museo Conte', 'Centro Fotografia', 'Museo Miniscalchi']",Museo Lapidario,strategy_nearest,False,0.0020651817321777344,success
04A4143A9C4C80,0,['Casa Giulietta'],San Fermo,"['Museo Storia', 'Museo Radio', 'Centro Fotografia', 'Arena', 'Sighseeing']",Arena,strategy_nearest,True,0.002777099609375,success
04A4143A9C4C84,1,"['Museo Lapidario', 'Arena', 'Castelvecchio', 'Duomo']",Teatro Romano,"['Santa Anastasia', 'AMO', 'Palazzo della Ragione', 'Museo Conte', 'Centro Fotografia']",Santa Anastasia,strategy_nearest,True,0.003381967544555664,success
04A416429C4C84,2,['Casa Giulietta'],Santa Anastasia,"['AMO', 'Museo Conte', 'Palazzo della Ragione', 'Teatro Romano', 'Centro Fotografia']",Duomo,strategy_nearest,False,0.0031218528747558594,success
04A41E429C4C80,3,"['Arena', 'Torre Lamberti']",Casa Giulietta,"['Centro Fotografia', 'Sighseeing', 'Museo Conte', 'Museo Radio', 'Palazzo della Ragione']",San Fermo,strategy_nearest,False,0.0017108917236328125,success
04A419429C4C84,2,['San Zeno'],Castelvecchio,"['Museo Lapidario', 'Verona Tour', 'Arena', 'Museo Radio', 'Sighseeing']",Duomo,strategy_nearest,False,0.003210306167602539,success
04A4203A9C4C84,3,"['Arena', 'San Fermo']",Santa Anastasia,"['AMO', 'Museo Conte', 'Palazzo della Ragione', 'Teatro Romano', 'Centro Fotografia']",Duomo,strategy_nearest,False,0.0030739307403564453,success
04A423429C4C84,1,"['Arena', 'Castelvecchio']",San Fermo,"['Museo Storia', 'Museo Radio', 'Casa Giulietta', 'Centro Fotografia', 'Sighseeing']",Casa Giulietta,strategy_nearest,True,0.0017397403717041016,success
04A428429C4C84,3,"['Arena', 'Casa Giulietta']",Santa Anastasia,"['AMO', 'Museo Conte', 'Palazzo della Ragione', 'Teatro Romano', 'Centro Fotografia']",Teatro Romano,strategy_nearest,True,0.0017158985137939453,success
04A4243A9C4C84,2,"['Museo Lapidario', 'Castelvecchio']",Santa Anastasia,"['AMO', 'Museo Conte', 'Palazzo della Ragione', 'Teatro Romano', 'Centro Fotografia']",Duomo,strategy_nearest,False,0.0032529830932617188,success
04A4304A9C4C80,1,"['Arena', 'Casa Giulietta', 'San Zeno']",Torre Lamberti,"['Sighseeing', 'Centro Fotografia', 'Museo Conte', 'Palazzo della Ragione', 'AMO']",Palazzo della Ragione,strategy_nearest,True,0.002212047576904297,success
04A432429C4C80,0,['Castelvecchio'],Arena,"['Verona Tour', 'Museo Lapidario', 'Museo Radio', 'San Fermo', 'Casa Giulietta']",Casa Giulietta,strategy_nearest,True,0.002301931381225586,success
04A4314A9C4C80,2,['Casa Giulietta'],San Fermo,"['Museo Storia', 'Museo Radio', 'Centro Fotografia', 'Arena', 'Sighseeing']",Museo Storia,strategy_nearest,True,0.002586841583251953,success
04A4354A9C4C80,1,"['Palazzo della Ragione', 'Torre Lamberti', 'Santa Anastasia', 'Duomo']",Teatro Romano,"['AMO', 'Museo Conte', 'Centro Fotografia', 'Museo Miniscalchi', 'Giardino Giusti']",Arena,strategy_nearest,False,0.002557992935180664,success
04A441BA7B3F80,0,['Casa Giulietta'],Teatro Romano,"['Santa Anastasia', 'Duomo', 'AMO', 'Palazzo della Ragione', 'Museo Conte']",Arena,strategy_nearest,False,0.002958059310913086,success
04A444429C4C80,3,"['Castelvecchio', 'San Zeno', 'Arena', 'San Fermo']",Museo Storia,"['Museo Radio', 'Casa Giulietta', 'Centro Fotografia', 'Tomba Giulietta', 'Torre Lamberti']",Teatro Romano,strategy_nearest,False,0.0022430419921875,success
04A446429C4C80,2,"['Casa Giulietta', 'Torre Lamberti', 'Palazzo della Ragione']",Santa Anastasia,"['AMO', 'Museo Conte', 'Teatro Romano', 'Centro Fotografia', 'Duomo']",Teatro Romano,strategy_nearest,True,0.001986980438232422,success
04A453429C4C80,3,"['Castelvecchio', 'Arena', 'San Fermo']",Casa Giulietta,"['Centro Fotografia', 'Sighseeing', 'Torre Lamberti', 'Museo Conte', 'Museo Radio']",Torre Lamberti,strategy_nearest,True,0.003000020980834961,success
04A449429C4C80,3,['Arena'],Casa Giulietta,"['Centro Fotografia', 'Sighseeing', 'Torre Lamberti', 'Museo Conte', 'Museo Radio']",Santa Anastasia,strategy_nearest,False,0.002734661102294922,success
04A44A429C4C80,1,"['Casa Giulietta', 'Arena']",Palazzo della Ragione,"['AMO', 'Museo Conte', 'Torre Lamberti', 'Centro Fotografia', 'Sighseeing']",Duomo,strategy_nearest,False,0.002073049545288086,success
04A4683A9C4C80,3,"['Casa Giulietta', 'Santa Anastasia']",San Zeno,"['Castelvecchio', 'Verona Tour', 'Museo Lapidario', 'Arena', 'Museo Miniscalchi']",Castelvecchio,strategy_nearest,True,0.00127410888671875,success
04A45F429C4C80,0,['Arena'],Casa Giulietta,"['Centro Fotografia', 'Sighseeing', 'Torre Lamberti', 'Museo Conte', 'Museo Radio']",Castelvecchio,strategy_nearest,False,0.0025992393493652344,success
04A472429C4C80,0,['Arena'],Casa Giulietta,"['Centro Fotografia', 'Sighseeing', 'Torre Lamberti', 'Museo Conte', 'Museo Radio']",Duomo,strategy_nearest,False,0.0026979446411132812,success
04A4743A9C4C80,3,"['Arena', 'Casa Giulietta']",Torre Lamberti,"['Sighseeing', 'Centro Fotografia', 'Museo Conte', 'Palazzo della Ragione', 'AMO']",Santa Anastasia,strategy_nearest,False,0.00290679931640625,success
04A480429C4C80,0,['Arena'],Castelvecchio,"['Museo Lapidario', 'Verona Tour', 'Museo Radio', 'San Zeno', 'Sighseeing']",Casa Giulietta,strategy_nearest,False,0.0015759468078613281,success
04A47F4A9C4C80,3,"['Arena', 'Casa Giulietta']",Torre Lamberti,"['Sighseeing', 'Centro Fotografia', 'Museo Conte', 'Palazzo della Ragione', 'AMO']",Santa Anastasia,strategy_nearest,False,0.004019975662231445,success
04A4813A9C4C80,1,['Arena'],Torre Lamberti,"['Sighseeing', 'Centro Fotografia', 'Museo Conte', 'Casa Giulietta', 'Palazzo della Ragione']",Palazzo della Ragione,strategy_nearest,True,0.0019288063049316406,success
04A4873A9C4C80,0,['Arena'],Castelvecchio,"['Museo Lapidario', 'Verona Tour', 'Museo Radio', 'San Zeno', 'Sighseeing']",Casa Giulietta,strategy_nearest,False,0.0023720264434814453,success
04A48A3A9C4C80,3,['Arena'],Casa Giulietta,"['Centro Fotografia', 'Sighseeing', 'Torre Lamberti', 'Museo Conte', 'Museo Radio']",Torre Lamberti,strategy_nearest,True,0.002218008041381836,success
04A48D429C4C80,0,['Arena'],Casa Giulietta,"['Centro Fotografia', 'Sighseeing', 'Torre Lamberti', 'Museo Conte', 'Museo Radio']",San Fermo,strategy_nearest,False,0.0018811225891113281,success
04A48A429C4C80,1,"['Arena', 'Casa Giulietta', 'Torre Lamberti']",Palazzo della Ragione,"['AMO', 'Museo Conte', 'Centro Fotografia', 'Sighseeing', 'Santa Anastasia']",Castelvecchio,strategy_nearest,False,0.003091096878051758,success
04A49A429C4C80,3,['Arena'],Santa Anastasia,"['AMO', 'Museo Conte', 'Palazzo della Ragione', 'Teatro Romano', 'Centro Fotografia']",Duomo,strategy_nearest,False,0.0021610260009765625,success
04A4A83A9C4C80,2,"['Museo Lapidario', 'Tomba Giulietta']",San Fermo,"['Museo Storia', 'Museo Radio', 'Casa Giulietta', 'Centro Fotografia', 'Arena']",Casa Giulietta,strategy_nearest,True,0.0015840530395507812,success
04A4AA3A9C4C80,0,['Arena'],Casa Giulietta,"['Centro Fotografia', 'Sighseeing', 'Torre Lamberti', 'Museo Conte', 'Museo Radio']",Torre Lamberti,strategy_nearest,True,0.0028839111328125,success
04A4AA4A9C4C80,1,"['Arena', 'Casa Giulietta']",Torre Lamberti,"['Sighseeing', 'Centro Fotografia', 'Museo Conte', 'Palazzo della Ragione', 'AMO']",Palazzo della Ragione,strategy_nearest,True,0.002650022506713867,success
04A4AC3A9C4C80,3,"['Arena', 'Santa Anastasia']",Duomo,"['AMO', 'Museo Miniscalchi', 'Teatro Romano', 'Palazzo della Ragione', 'Museo Conte']",Teatro Romano,strategy_nearest,True,0.002573251724243164,success
04A4AB429C4C80,2,"['Castelvecchio', 'San Zeno', 'Torre Lamberti']",Duomo,"['AMO', 'Museo Miniscalchi', 'Santa Anastasia', 'Teatro Romano', 'Palazzo della Ragione']",Teatro Romano,strategy_nearest,True,0.0032079219818115234,success
04A4B53A9C4C80,0,['Arena'],Casa Giulietta,"['Centro Fotografia', 'Sighseeing', 'Torre Lamberti', 'Museo Conte', 'Museo Radio']",Tomba Giulietta,strategy_nearest,False,0.0023767948150634766,success
04A4B6429C4C80,0,['Tomba Giulietta'],Arena,"['Verona Tour', 'Museo Lapidario', 'Museo Radio', 'San Fermo', 'Casa Giulietta']",Torre Lamberti,strategy_nearest,False,0.0020339488983154297,success
04A4BC3A9C4C80,1,['Arena'],Casa Giulietta,"['Centro Fotografia', 'Sighseeing', 'Torre Lamberti', 'Museo Conte', 'Museo Radio']",Palazzo della Ragione,strategy_nearest,False,0.0026619434356689453,success
04A4BC429C4C80,2,['Casa Giulietta'],Torre Lamberti,"['Sighseeing', 'Centro Fotografia', 'Museo Conte', 'Palazzo della Ragione', 'AMO']",Duomo,strategy_nearest,False,0.0032472610473632812,success
04A4BD3A9C4C80,0,['Arena'],Casa Giulietta,"['Centro Fotografia', 'Sighseeing', 'Torre Lamberti', 'Museo Conte', 'Museo Radio']",Santa Anastasia,strategy_nearest,False,0.002315044403076172,success
04A4BE429C4C80,3,['Arena'],Torre Lamberti,"['Sighseeing', 'Centro Fotografia', 'Museo Conte', 'Casa Giulietta', 'Palazzo della Ragione']",Santa Anastasia,strategy_nearest,False,0.0032618045806884766,success
04A4C73A9C4C80,1,"['Arena', 'Casa Giulietta']",Palazzo della Ragione,"['AMO', 'Museo Conte', 'Torre Lamberti', 'Centro Fotografia', 'Sighseeing']",Torre Lamberti,strategy_nearest,True,0.0023758411407470703,success
04A4CF429C4C80,1,"['Arena', 'Torre Lamberti']",Palazzo della Ragione,"['AMO', 'Museo Conte', 'Centro Fotografia', 'Sighseeing', 'Santa Anastasia']",Torre Lamberti,strategy_nearest,False,0.002523183822631836,success
04A4D8429C4C80,0,"['Torre Lamberti', 'Teatro Romano']",Casa Giulietta,"['Centro Fotografia', 'Sighseeing', 'Museo Conte', 'Museo Radio', 'Palazzo della Ragione']",Arena,strategy_nearest,False,0.0018770694732666016,success
04A4DA3A9C4C80,3,"['Castelvecchio', 'San Fermo']",Arena,"['Verona Tour', 'Museo Lapidario', 'Museo Radio', 'Casa Giulietta', 'Sighseeing']",Santa Anastasia,strategy_nearest,False,0.002383708953857422,success
04A4ED3A9C4C80,3,['Arena'],Casa Giulietta,"['Centro Fotografia', 'Sighseeing', 'Torre Lamberti', 'Museo Conte', 'Museo Radio']",Santa Anastasia,strategy_nearest,False,0.002749919891357422,success
04A4F43A9C4C80,1,"['Tomba Giulietta', 'Arena']",Casa Giulietta,"['Centro Fotografia', 'Sighseeing', 'Torre Lamberti', 'Museo Conte', 'Museo Radio']",Torre Lamberti,strategy_nearest,True,0.0023229122161865234,success
04A4DD429C4C80,3,"['Duomo', 'Teatro Romano']",Castelvecchio,"['Museo Lapidario', 'Verona Tour', 'Arena', 'Museo Radio', 'San Zeno']",San Zeno,strategy_nearest,True,0.0045092105865478516,success
04A4FD429C4C80,0,['Arena'],Casa Giulietta,"['Centro Fotografia', 'Sighseeing', 'Torre Lamberti', 'Museo Conte', 'Museo Radio']",Tomba Giulietta,strategy_nearest,False,0.003353118896484375,success
04A5043A9C4C84,0,"['Arena', 'Castelvecchio']",Casa Giulietta,"['Centro Fotografia', 'Sighseeing', 'Torre Lamberti', 'Museo Conte', 'Museo Radio']",Giardino Giusti,strategy_nearest,False,0.0014481544494628906,success
04A501429C4C84,3,"['Castelvecchio', 'Teatro Romano', 'Casa Giulietta']",Arena,"['Verona Tour', 'Museo Lapidario', 'Museo Radio', 'San Fermo', 'Sighseeing']",Museo Lapidario,strategy_nearest,True,0.0028839111328125,success
04A5064A9C4C80,0,['Santa Anastasia'],Castelvecchio,"['Museo Lapidario', 'Verona Tour', 'Arena', 'Museo Radio', 'San Zeno']",Arena,strategy_nearest,True,0.0019981861114501953,success
04A5083A9C4C84,3,"['Arena', 'Santa Anastasia']",Duomo,"['AMO', 'Museo Miniscalchi', 'Teatro Romano', 'Palazzo della Ragione', 'Museo Conte']",Torre Lamberti,strategy_nearest,False,0.0027832984924316406,success
04A514429C4C80,3,"['Arena', 'Castelvecchio']",Casa Giulietta,"['Centro Fotografia', 'Sighseeing', 'Torre Lamberti', 'Museo Conte', 'Museo Radio']",Santa Anastasia,strategy_nearest,False,0.002337932586669922,success
04A516429C4C84,0,['Santa Anastasia'],Arena,"['Verona Tour', 'Museo Lapidario', 'Museo Radio', 'San Fermo', 'Casa Giulietta']",Castelvecchio,strategy_nearest,False,0.0030510425567626953,success
04A51A3A9C4C80,0,"['Arena', 'Torre Lamberti']",Casa Giulietta,"['Centro Fotografia', 'Sighseeing', 'Museo Conte', 'Museo Radio', 'Palazzo della Ragione']",Duomo,strategy_nearest,False,0.0015537738800048828,success
04A51B429C4C84,3,"['Arena', 'Casa Giulietta']",Torre Lamberti,"['Sighseeing', 'Centro Fotografia', 'Museo Conte', 'Palazzo della Ragione', 'AMO']",Santa Anastasia,strategy_nearest,False,0.0035741329193115234,success
04A51F429C4C84,3,"['Teatro Romano', 'Duomo']",San Zeno,"['Castelvecchio', 'Verona Tour', 'Museo Lapidario', 'Arena', 'Museo Miniscalchi']",Castelvecchio,strategy_nearest,True,0.001950979232788086,success
04A5353A9C4C80,1,['Arena'],Palazzo della Ragione,"['AMO', 'Museo Conte', 'Torre Lamberti', 'Centro Fotografia', 'Sighseeing']",Teatro Romano,strategy_nearest,False,0.0018601417541503906,success
04A51E429C4C84,0,['Arena'],Casa Giulietta,"['Centro Fotografia', 'Sighseeing', 'Torre Lamberti', 'Museo Conte', 'Museo Radio']",Torre Lamberti,strategy_nearest,True,0.003136873245239258,success
04A53A4A9C4C80,1,"['Arena', 'Castelvecchio']",Casa Giulietta,"['Centro Fotografia', 'Sighseeing', 'Torre Lamberti', 'Museo Conte', 'Museo Radio']",Torre Lamberti,strategy_nearest,True,0.002924203872680664,success
04A53D3A9C4C80,0,['Arena'],Castelvecchio,"['Museo Lapidario', 'Verona Tour', 'Museo Radio', 'San Zeno', 'Sighseeing']",Torre Lamberti,strategy_nearest,False,0.00244903564453125,success
04A53C3A9C4C80,0,['Arena'],Casa Giulietta,"['Centro Fotografia', 'Sighseeing', 'Torre Lamberti', 'Museo Conte', 'Museo Radio']",Tomba Giulietta,strategy_nearest,False,0.004220008850097656,success
04A53B3A9C4C80,0,['Arena'],Casa Giulietta,"['Centro Fotografia', 'Sighseeing', 'Torre Lamberti', 'Museo Conte', 'Museo Radio']",Tomba Giulietta,strategy_nearest,False,0.0023300647735595703,success
04A54B429C4C80,3,['Arena'],Torre Lamberti,"['Sighseeing', 'Centro Fotografia', 'Museo Conte', 'Casa Giulietta', 'Palazzo della Ragione']",Casa Giulietta,strategy_nearest,True,0.0028090476989746094,success
04A5473A9C4C80,2,['Casa Giulietta'],Palazzo della Ragione,"['AMO', 'Museo Conte', 'Torre Lamberti', 'Centro Fotografia', 'Sighseeing']",Santa Anastasia,strategy_nearest,False,0.004236698150634766,success
04A54C429C4C80,3,"['Arena', 'Duomo']",Santa Anastasia,"['AMO', 'Museo Conte', 'Palazzo della Ragione', 'Teatro Romano', 'Centro Fotografia']",Torre Lamberti,strategy_nearest,False,0.003900289535522461,success
04A54D429C4C80,3,"['Duomo', 'Arena']",Castelvecchio,"['Museo Lapidario', 'Verona Tour', 'Museo Radio', 'San Zeno', 'Sighseeing']",Torre Lamberti,strategy_nearest,False,0.00521397590637207,success
04A55D429C4C80,0,['Arena'],Casa Giulietta,"['Centro Fotografia', 'Sighseeing', 'Torre Lamberti', 'Museo Conte', 'Museo Radio']",San Zeno,strategy_nearest,False,0.004813194274902344,success
04A56F3A9C4C80,3,"['Arena', 'Santa Anastasia', 'Casa Giulietta']",San Zeno,"['Castelvecchio', 'Verona Tour', 'Museo Lapidario', 'Museo Miniscalchi', 'Sighseeing']",Castelvecchio,strategy_nearest,True,0.002930164337158203,success
04A570429C4C80,0,"['Casa Giulietta', 'Casa Giulietta']",Arena,"['Verona Tour', 'Museo Lapidario', 'Museo Radio', 'San Fermo', 'Sighseeing']",Castelvecchio,strategy_nearest,False,0.003859996795654297,success
04A5763A9C4C80,0,['Arena'],Castelvecchio,"['Museo Lapidario', 'Verona Tour', 'Museo Radio', 'San Zeno', 'Sighseeing']",San Zeno,strategy_nearest,True,0.0025610923767089844,success
04A571429C4C80,0,['Casa Giulietta'],Arena,"['Verona Tour', 'Museo Lapidario', 'Museo Radio', 'San Fermo', 'Sighseeing']",Castelvecchio,strategy_nearest,False,0.005414009094238281,success
04A5773A9C4C80,3,"['Casa Giulietta', 'Arena']",Castelvecchio,"['Museo Lapidario', 'Verona Tour', 'Museo Radio', 'San Zeno', 'Sighseeing']",Santa Anastasia,strategy_nearest,False,0.003620147705078125,success
04A57A3A9C4C80,3,['Arena'],Casa Giulietta,"['Centro Fotografia', 'Sighseeing', 'Torre Lamberti', 'Museo Conte', 'Museo Radio']",Santa Anastasia,strategy_nearest,False,0.002707242965698242,success
04A5854A9C4C80,0,['Arena'],Casa Giulietta,"['Centro Fotografia', 'Sighseeing', 'Torre Lamberti', 'Museo Conte', 'Museo Radio']",Torre Lamberti,strategy_nearest,True,0.0027251243591308594,success
04A587429C4C80,3,['Arena'],Casa Giulietta,"['Centro Fotografia', 'Sighseeing', 'Torre Lamberti', 'Museo Conte', 'Museo Radio']",Santa Anastasia,strategy_nearest,False,0.0028891563415527344,success
04A58E4A9C4C80,3,"['Santa Anastasia', 'Duomo']",Torre Lamberti,"['Sighseeing', 'Centro Fotografia', 'Museo Conte', 'Casa Giulietta', 'Palazzo della Ragione']",Castelvecchio,strategy_nearest,False,0.0036301612854003906,success
04A5914A9C4C80,0,['Arena'],Santa Anastasia,"['AMO', 'Museo Conte', 'Palazzo della Ragione', 'Teatro Romano', 'Centro Fotografia']",Casa Giulietta,strategy_nearest,False,0.002729177474975586,success
04A5924A9C4C80,3,"['Casa Giulietta', 'Santa Anastasia', 'Torre Lamberti', 'Castelvecchio']",San Zeno,"['Verona Tour', 'Museo Lapidario', 'Arena', 'Museo Miniscalchi', 'Sighseeing']",Tomba Giulietta,strategy_nearest,False,0.002042055130004883,success
04A5A44A9C4C80,3,"['Arena', 'Casa Giulietta']",Santa Anastasia,"['AMO', 'Museo Conte', 'Palazzo della Ragione', 'Teatro Romano', 'Centro Fotografia']",Duomo,strategy_nearest,False,0.002234935760498047,success
04A5A04A9C4C80,1,"['Teatro Romano', 'Duomo']",Castelvecchio,"['Museo Lapidario', 'Verona Tour', 'Arena', 'Museo Radio', 'San Zeno']",Arena,strategy_nearest,True,0.002996206283569336,success
04A5A8429C4C80,3,"['San Zeno', 'Santa Anastasia']",Duomo,"['AMO', 'Museo Miniscalchi', 'Teatro Romano', 'Palazzo della Ragione', 'Museo Conte']",Casa Giulietta,strategy_nearest,False,0.0022470951080322266,success
04A5AA3A9C4C80,1,"['Arena', 'Casa Giulietta']",Santa Anastasia,"['AMO', 'Museo Conte', 'Palazzo della Ragione', 'Teatro Romano', 'Centro Fotografia']",Duomo,strategy_nearest,False,0.002593994140625,success
04A5B1429C4C80,0,['Arena'],Casa Giulietta,"['Centro Fotografia', 'Sighseeing', 'Torre Lamberti', 'Museo Conte', 'Museo Radio']",Torre Lamberti,strategy_nearest,True,0.0023369789123535156,success
04A5B13A9C4C80,3,['Arena'],Duomo,"['AMO', 'Museo Miniscalchi', 'Santa Anastasia', 'Teatro Romano', 'Palazzo della Ragione']",Santa Anastasia,strategy_nearest,True,0.0025839805603027344,success
04A5B6429C4C80,1,"['Arena', 'Castelvecchio', 'San Zeno']",Duomo,"['AMO', 'Museo Miniscalchi', 'Santa Anastasia', 'Teatro Romano', 'Palazzo della Ragione']",Santa Anastasia,strategy_nearest,True,0.002049684524536133,success
04A5BB429C4C80,0,['Arena'],Casa Giulietta,"['Centro Fotografia', 'Sighseeing', 'Torre Lamberti', 'Museo Conte', 'Museo Radio']",Castelvecchio,strategy_nearest,False,0.002440929412841797,success
04A5B43A9C4C80,3,"['Castelvecchio', 'Arena']",Casa Giulietta,"['Centro Fotografia', 'Sighseeing', 'Torre Lamberti', 'Museo Conte', 'Museo Radio']",Santa Anastasia,strategy_nearest,False,0.0014829635620117188,success
04A5C43A9C4C80,0,['Casa Giulietta'],Arena,"['Verona Tour', 'Museo Lapidario', 'Museo Radio', 'San Fermo', 'Sighseeing']",San Fermo,strategy_nearest,True,0.0028688907623291016,success
04A5CD429C4C80,1,"['Torre Lamberti', 'Palazzo della Ragione']",Casa Giulietta,"['Centro Fotografia', 'Sighseeing', 'Museo Conte', 'Museo Radio', 'San Fermo']",Castelvecchio,strategy_nearest,False,0.0017940998077392578,success
04A5CF429C4C80,3,"['Castelvecchio', 'Arena', 'Torre Lamberti']",Casa Giulietta,"['Centro Fotografia', 'Sighseeing', 'Museo Conte', 'Museo Radio', 'Palazzo della Ragione']",Santa Anastasia,strategy_nearest,False,0.002373218536376953,success
04A5C83A9C4C80,0,['San Zeno'],Castelvecchio,"['Museo Lapidario', 'Verona Tour', 'Arena', 'Museo Radio', 'Sighseeing']",Arena,strategy_nearest,True,0.002814054489135742,success
04A5D33A9C4C80,3,"['Arena', 'Torre Lamberti']",Santa Anastasia,"['AMO', 'Museo Conte', 'Palazzo della Ragione', 'Teatro Romano', 'Centro Fotografia']",Castelvecchio,strategy_nearest,False,0.0019028186798095703,success
04A5D6429C4C80,2,"['Teatro Romano', 'Duomo', 'Castelvecchio']",San Fermo,"['Museo Storia', 'Museo Radio', 'Casa Giulietta', 'Centro Fotografia', 'Arena']",Casa Giulietta,strategy_nearest,True,0.002706766128540039,success
04A5DC3A9C4C80,2,['Casa Giulietta'],Santa Anastasia,"['AMO', 'Museo Conte', 'Palazzo della Ragione', 'Teatro Romano', 'Centro Fotografia']",Duomo,strategy_nearest,False,0.0027539730072021484,success
04A5E3429C4C80,2,"['Torre Lamberti', 'Palazzo della Ragione']",Teatro Romano,"['Santa Anastasia', 'Duomo', 'AMO', 'Museo Conte', 'Centro Fotografia']",Castelvecchio,strategy_nearest,False,0.0031180381774902344,success
04A5E6429C4C80,3,"['Arena', 'Castelvecchio', 'Teatro Romano']",Duomo,"['AMO', 'Museo Miniscalchi', 'Santa Anastasia', 'Palazzo della Ragione', 'Museo Conte']",Santa Anastasia,strategy_nearest,True,0.002573728561401367,success
04A5F23A9C4C80,1,"['Arena', 'Museo Lapidario']",Torre Lamberti,"['Sighseeing', 'Centro Fotografia', 'Museo Conte', 'Casa Giulietta', 'Palazzo della Ragione']",Palazzo della Ragione,strategy_nearest,True,0.0031349658966064453,success
04A5F83A9C4C80,3,"['Casa Giulietta', 'Torre Lamberti', 'Santa Anastasia']",Duomo,"['AMO', 'Museo Miniscalchi', 'Teatro Romano', 'Palazzo della Ragione', 'Museo Conte']",Castelvecchio,strategy_nearest,False,0.0026209354400634766,success
04A5FB429C4C80,2,"['Casa Giulietta', 'San Fermo']",Palazzo della Ragione,"['AMO', 'Museo Conte', 'Torre Lamberti', 'Centro Fotografia', 'Sighseeing']",Torre Lamberti,strategy_nearest,True,0.0030248165130615234,success
04A60A3A9C4C84,1,"['Arena', 'Palazzo della Ragione']",Torre Lamberti,"['Sighseeing', 'Centro Fotografia', 'Museo Conte', 'Casa Giulietta', 'AMO']",Casa Giulietta,strategy_nearest,True,0.0026848316192626953,success
04A60C3A9C4C84,0,['Arena'],Torre Lamberti,"['Sighseeing', 'Centro Fotografia', 'Museo Conte', 'Casa Giulietta', 'Palazzo della Ragione']",Duomo,strategy_nearest,False,0.0024907588958740234,success
04A60E3A9C4C84,0,['Arena'],Torre Lamberti,"['Sighseeing', 'Centro Fotografia', 'Museo Conte', 'Casa Giulietta', 'Palazzo della Ragione']",Casa Giulietta,strategy_nearest,True,0.0025787353515625,success
04A6143A9C4C80,0,"['Arena', 'Casa Giulietta']",Torre Lamberti,"['Sighseeing', 'Centro Fotografia', 'Museo Conte', 'Palazzo della Ragione', 'AMO']",Duomo,strategy_nearest,False,0.003322124481201172,success
04A61E429C4C80,0,['Arena'],Torre Lamberti,"['Sighseeing', 'Centro Fotografia', 'Museo Conte', 'Casa Giulietta', 'Palazzo della Ragione']",Giardino Giusti,strategy_nearest,False,0.0027501583099365234,success
04A61F3A9C4C80,1,"['Duomo', 'Santa Anastasia', 'Torre Lamberti']",Palazzo della Ragione,"['AMO', 'Museo Conte', 'Centro Fotografia', 'Sighseeing', 'Museo Miniscalchi']",Arena,strategy_nearest,False,0.0029990673065185547,success
04A61F429C4C84,0,"['Teatro Romano', 'Torre Lamberti']",Casa Giulietta,"['Centro Fotografia', 'Sighseeing', 'Museo Conte', 'Museo Radio', 'Palazzo della Ragione']",Arena,strategy_nearest,False,0.0027589797973632812,success
04A62B429C4C80,0,['Castelvecchio'],Arena,"['Verona Tour', 'Museo Lapidario', 'Museo Radio', 'San Fermo', 'Casa Giulietta']",Casa Giulietta,strategy_nearest,True,0.001847982406616211,success
04A627429C4C84,2,['Teatro Romano'],Santa Anastasia,"['AMO', 'Museo Conte', 'Palazzo della Ragione', 'Centro Fotografia', 'Duomo']",Castelvecchio,strategy_nearest,False,0.0031082630157470703,success
04A62E429C4C80,3,"['Arena', 'Castelvecchio']",Casa Giulietta,"['Centro Fotografia', 'Sighseeing', 'Torre Lamberti', 'Museo Conte', 'Museo Radio']",Torre Lamberti,strategy_nearest,True,0.0039730072021484375,success
04A6364A9C4C80,3,"['Tomba Giulietta', 'San Fermo', 'Santa Anastasia', 'Teatro Romano']",Duomo,"['AMO', 'Museo Miniscalchi', 'Palazzo della Ragione', 'Museo Conte', 'Torre Lamberti']",Casa Giulietta,strategy_nearest,False,0.0012290477752685547,success
04A63D3A9C4C80,0,['Arena'],Giardino Giusti,"['Santa Anastasia', 'Teatro Romano', 'Museo Conte', 'Centro Fotografia', 'Museo Storia']",Castelvecchio,strategy_nearest,False,0.0027141571044921875,success
04A643429C4C80,1,"['Casa Giulietta', 'Torre Lamberti']",Palazzo della Ragione,"['AMO', 'Museo Conte', 'Centro Fotografia', 'Sighseeing', 'Santa Anastasia']",Arena,strategy_nearest,False,0.0034067630767822266,success
04A65D429C4C80,0,"['Arena', 'Museo Lapidario']",Castelvecchio,"['Verona Tour', 'Museo Radio', 'San Zeno', 'Sighseeing', 'Museo Miniscalchi']",Casa Giulietta,strategy_nearest,False,0.0017309188842773438,success
04A648429C4C80,0,['Arena'],Torre Lamberti,"['Sighseeing', 'Centro Fotografia', 'Museo Conte', 'Casa Giulietta', 'Palazzo della Ragione']",Casa Giulietta,strategy_nearest,True,0.0019037723541259766,success
04A64C429C4C80,3,"['Arena', 'Casa Giulietta']",Torre Lamberti,"['Sighseeing', 'Centro Fotografia', 'Museo Conte', 'Palazzo della Ragione', 'AMO']",Santa Anastasia,strategy_nearest,False,0.003122091293334961,success
04A66C429C4C80,1,"['Casa Giulietta', 'Torre Lamberti']",Palazzo della Ragione,"['AMO', 'Museo Conte', 'Centro Fotografia', 'Sighseeing', 'Santa Anastasia']",Arena,strategy_nearest,False,0.002237081527709961,success
04A67B3A9C4C80,0,['Arena'],Castelvecchio,"['Museo Lapidario', 'Verona Tour', 'Museo Radio', 'San Zeno', 'Sighseeing']",Casa Giulietta,strategy_nearest,False,0.0018680095672607422,success
04A681429C4C80,2,['Palazzo della Ragione'],Teatro Romano,"['Santa Anastasia', 'Duomo', 'AMO', 'Museo Conte', 'Centro Fotografia']",Castelvecchio,strategy_nearest,False,0.0027039051055908203,success
04A6773A9C4C80,0,['Casa Giulietta'],Palazzo della Ragione,"['AMO', 'Museo Conte', 'Torre Lamberti', 'Centro Fotografia', 'Sighseeing']",Arena,strategy_nearest,False,0.002733945846557617,success
04A6853A9C4C80,3,['Arena'],Torre Lamberti,"['Sighseeing', 'Centro Fotografia', 'Museo Conte', 'Casa Giulietta', 'Palazzo della Ragione']",Santa Anastasia,strategy_nearest,False,0.002939939498901367,success
04A68B429C4C80,3,"['Arena', 'San Fermo', 'Casa Giulietta']",Torre Lamberti,"['Sighseeing', 'Centro Fotografia', 'Museo Conte', 'Palazzo della Ragione', 'AMO']",Santa Anastasia,strategy_nearest,False,0.0022039413452148438,success
04A690429C4C80,0,['Arena'],Castelvecchio,"['Museo Lapidario', 'Verona Tour', 'Museo Radio', 'San Zeno', 'Sighseeing']",Torre Lamberti,strategy_nearest,False,0.001909017562866211,success
04A68F4A9C4C80,1,['Arena'],Casa Giulietta,"['Centro Fotografia', 'Sighseeing', 'Torre Lamberti', 'Museo Conte', 'Museo Radio']",Torre Lamberti,strategy_nearest,True,0.0027208328247070312,success
04A69E429C4C80,0,['Arena'],Torre Lamberti,"['Sighseeing', 'Centro Fotografia', 'Museo Conte', 'Casa Giulietta', 'Palazzo della Ragione']",Casa Giulietta,strategy_nearest,True,0.0016942024230957031,success
04A6954A9C4C80,0,['Arena'],Castelvecchio,"['Museo Lapidario', 'Verona Tour', 'Museo Radio', 'San Zeno', 'Sighseeing']",Casa Giulietta,strategy_nearest,False,0.003139019012451172,success
04A6A74A9C4C80,3,['Arena'],Casa Giulietta,"['Centro Fotografia', 'Sighseeing', 'Torre Lamberti', 'Museo Conte', 'Museo Radio']",Santa Anastasia,strategy_nearest,False,0.0026519298553466797,success
04A6A9429C4C80,3,"['Casa Giulietta', 'Santa Anastasia']",Teatro Romano,"['Duomo', 'AMO', 'Palazzo della Ragione', 'Museo Conte', 'Centro Fotografia']",Arena,strategy_nearest,False,0.002331972122192383,success
04A6AC429C4C80,3,['Arena'],Casa Giulietta,"['Centro Fotografia', 'Sighseeing', 'Torre Lamberti', 'Museo Conte', 'Museo Radio']",Torre Lamberti,strategy_nearest,True,0.002752065658569336,success
04A6AF429C4C80,2,['Torre Lamberti'],Santa Anastasia,"['AMO', 'Museo Conte', 'Palazzo della Ragione', 'Teatro Romano', 'Centro Fotografia']",Duomo,strategy_nearest,False,0.0020792484283447266,success
04A6B23A9C4C80,3,"['Santa Anastasia', 'Duomo']",Casa Giulietta,"['Centro Fotografia', 'Sighseeing', 'Torre Lamberti', 'Museo Conte', 'Museo Radio']",San Fermo,strategy_nearest,False,0.002301931381225586,success
04A6B73A9C4C80,3,['Arena'],Santa Anastasia,"['AMO', 'Museo Conte', 'Palazzo della Ragione', 'Teatro Romano', 'Centro Fotografia']",Duomo,strategy_nearest,False,0.0025899410247802734,success
04A6B3429C4C80,0,['Arena'],Casa Giulietta,"['Centro Fotografia', 'Sighseeing', 'Torre Lamberti', 'Museo Conte', 'Museo Radio']",Santa Anastasia,strategy_nearest,False,0.0015437602996826172,success
04A6B2429C4C80,0,['Arena'],Duomo,"['AMO', 'Museo Miniscalchi', 'Santa Anastasia', 'Teatro Romano', 'Palazzo della Ragione']",Giardino Giusti,strategy_nearest,False,0.003360271453857422,success
04A6B8429C4C80,3,"['Arena', 'San Zeno']",Santa Anastasia,"['AMO', 'Museo Conte', 'Palazzo della Ragione', 'Teatro Romano', 'Centro Fotografia']",Duomo,strategy_nearest,False,0.003332853317260742,success
04A6BE429C4C80,0,['Arena'],San Zeno,"['Castelvecchio', 'Verona Tour', 'Museo Lapidario', 'Museo Miniscalchi', 'Sighseeing']",Torre Lamberti,strategy_nearest,False,0.002655029296875,success
04A6BE3A9C4C80,0,['Arena'],Casa Giulietta,"['Centro Fotografia', 'Sighseeing', 'Torre Lamberti', 'Museo Conte', 'Museo Radio']",Torre Lamberti,strategy_nearest,True,0.0021278858184814453,success
04A6C0429C4C80,2,['Casa Giulietta'],Castelvecchio,"['Museo Lapidario', 'Verona Tour', 'Arena', 'Museo Radio', 'San Zeno']",Teatro Romano,strategy_nearest,False,0.0026450157165527344,success
04A6C33A9C4C80,3,"['Teatro Romano', 'Arena']",Castelvecchio,"['Museo Lapidario', 'Verona Tour', 'Museo Radio', 'San Zeno', 'Sighseeing']",Duomo,strategy_nearest,False,0.0028200149536132812,success
04A6C7429C4C80,0,['Arena'],Casa Giulietta,"['Centro Fotografia', 'Sighseeing', 'Torre Lamberti', 'Museo Conte', 'Museo Radio']",Giardino Giusti,strategy_nearest,False,0.0025870800018310547,success
04A6C63A9C4C80,0,['Arena'],Tomba Giulietta,"['San Fermo', 'Museo Storia', 'Museo Lapidario', 'Museo Radio', 'Verona Tour']",San Fermo,strategy_nearest,True,0.0014138221740722656,success
04A6C4429C4C80,0,['Casa Giulietta'],Torre Lamberti,"['Sighseeing', 'Centro Fotografia', 'Museo Conte', 'Palazzo della Ragione', 'AMO']",Arena,strategy_nearest,False,0.0026350021362304688,success
04A6CD3A9C4C80,0,['Arena'],Casa Giulietta,"['Centro Fotografia', 'Sighseeing', 'Torre Lamberti', 'Museo Conte', 'Museo Radio']",Castelvecchio,strategy_nearest,False,0.0032248497009277344,success
04A6D7429C4C80,0,['Torre Lamberti'],Arena,"['Verona Tour', 'Museo Lapidario', 'Museo Radio', 'San Fermo', 'Casa Giulietta']",Casa Giulietta,strategy_nearest,True,0.0020990371704101562,success
04A6CD429C4C80,3,"['Arena', 'San Fermo', 'Casa Giulietta']",Santa Anastasia,"['AMO', 'Museo Conte', 'Palazzo della Ragione', 'Teatro Romano', 'Centro Fotografia']",Teatro Romano,strategy_nearest,True,0.003915071487426758,success
04A6D63A9C4C80,0,['Arena'],Casa Giulietta,"['Centro Fotografia', 'Sighseeing', 'Torre Lamberti', 'Museo Conte', 'Museo Radio']",Torre Lamberti,strategy_nearest,True,0.0015120506286621094,success
04A6E2429C4C80,2,"['San Zeno', 'Castelvecchio', 'Museo Lapidario']",Casa Giulietta,"['Centro Fotografia', 'Sighseeing', 'Torre Lamberti', 'Museo Conte', 'Museo Radio']",Torre Lamberti,strategy_nearest,True,0.002524852752685547,success
04A6E93A9C4C80,3,['Arena'],Santa Anastasia,"['AMO', 'Museo Conte', 'Palazzo della Ragione', 'Teatro Romano', 'Centro Fotografia']",Duomo,strategy_nearest,False,0.0013821125030517578,success
04A6F83A9C4C80,3,['Arena'],Teatro Romano,"['Santa Anastasia', 'Duomo', 'AMO', 'Palazzo della Ragione', 'Museo Conte']",Duomo,strategy_nearest,True,0.001867055892944336,success
04A704429C4C84,0,['Arena'],Casa Giulietta,"['Centro Fotografia', 'Sighseeing', 'Torre Lamberti', 'Museo Conte', 'Museo Radio']",Teatro Romano,strategy_nearest,False,0.0026471614837646484,success
04A6FA429C4C80,3,"['Arena', 'Castelvecchio']",Torre Lamberti,"['Sighseeing', 'Centro Fotografia', 'Museo Conte', 'Casa Giulietta', 'Palazzo della Ragione']",Duomo,strategy_nearest,False,0.0033903121948242188,success
04A709429C4C80,1,"['Arena', 'Casa Giulietta']",Torre Lamberti,"['Sighseeing', 'Centro Fotografia', 'Museo Conte', 'Palazzo della Ragione', 'AMO']",Palazzo della Ragione,strategy_nearest,True,0.0012462139129638672,success
04A7053A9C4C84,1,"['Arena', 'Casa Giulietta', 'Santa Anastasia']",Teatro Romano,"['Duomo', 'AMO', 'Palazzo della Ragione', 'Museo Conte', 'Centro Fotografia']",Duomo,strategy_nearest,True,0.0035119056701660156,success
04A70A3A9C4C84,3,"['Arena', 'Torre Lamberti', 'Casa Giulietta']",Castelvecchio,"['Museo Lapidario', 'Verona Tour', 'Museo Radio', 'San Zeno', 'Sighseeing']",San Zeno,strategy_nearest,True,0.002771139144897461,success
04A7143A9C4C80,0,"['Arena', 'Casa Giulietta']",Torre Lamberti,"['Sighseeing', 'Centro Fotografia', 'Museo Conte', 'Palazzo della Ragione', 'AMO']",Teatro Romano,strategy_nearest,False,0.004255056381225586,success
04A7123A9C4C84,2,['Casa Giulietta'],Santa Anastasia,"['AMO', 'Museo Conte', 'Palazzo della Ragione', 'Teatro Romano', 'Centro Fotografia']",Duomo,strategy_nearest,False,0.0028498172760009766,success
04A70F3A9C4C80,3,"['San Zeno', 'Teatro Romano', 'Arena']",San Fermo,"['Museo Storia', 'Museo Radio', 'Casa Giulietta', 'Centro Fotografia', 'Sighseeing']",Torre Lamberti,strategy_nearest,False,0.00335693359375,success
04A715429C4C84,0,['Duomo'],Arena,"['Verona Tour', 'Museo Lapidario', 'Museo Radio', 'San Fermo', 'Casa Giulietta']",Castelvecchio,strategy_nearest,False,0.0019252300262451172,success
04A7213A9C4C84,0,['Arena'],Casa Giulietta,"['Centro Fotografia', 'Sighseeing', 'Torre Lamberti', 'Museo Conte', 'Museo Radio']",Torre Lamberti,strategy_nearest,True,0.0024352073669433594,success
04A7273A9C4C80,3,"['Casa Giulietta', 'Torre Lamberti']",Santa Anastasia,"['AMO', 'Museo Conte', 'Palazzo della Ragione', 'Teatro Romano', 'Centro Fotografia']",Arena,strategy_nearest,False,0.0033829212188720703,success
04A7203A9C4C84,0,['San Zeno'],Castelvecchio,"['Museo Lapidario', 'Verona Tour', 'Arena', 'Museo Radio', 'Sighseeing']",Arena,strategy_nearest,True,0.003056764602661133,success
04A7294A9C4C80,3,"['Arena', 'Casa Giulietta']",Santa Anastasia,"['AMO', 'Museo Conte', 'Palazzo della Ragione', 'Teatro Romano', 'Centro Fotografia']",Torre Lamberti,strategy_nearest,False,0.0015716552734375,success
04A728429C4C80,2,"['Casa Giulietta', 'Torre Lamberti']",Palazzo della Ragione,"['AMO', 'Museo Conte', 'Centro Fotografia', 'Sighseeing', 'Santa Anastasia']",Teatro Romano,strategy_nearest,False,0.002830028533935547,success
04A727429C4C84,0,['Teatro Romano'],Torre Lamberti,"['Sighseeing', 'Centro Fotografia', 'Museo Conte', 'Casa Giulietta', 'Palazzo della Ragione']",Arena,strategy_nearest,False,0.002279996871948242,success
04A72A429C4C84,2,"['San Fermo', 'Casa Giulietta']",Torre Lamberti,"['Sighseeing', 'Centro Fotografia', 'Museo Conte', 'Palazzo della Ragione', 'AMO']",Santa Anastasia,strategy_nearest,False,0.003175973892211914,success
04A72B429C4C80,1,"['Museo Lapidario', 'Arena', 'Palazzo della Ragione']",Santa Anastasia,"['AMO', 'Museo Conte', 'Teatro Romano', 'Centro Fotografia', 'Duomo']",Casa Giulietta,strategy_nearest,False,0.0014529228210449219,success
04A7373A9C4C80,1,"['Arena', 'Torre Lamberti', 'Palazzo della Ragione']",Santa Anastasia,"['AMO', 'Museo Conte', 'Teatro Romano', 'Centro Fotografia', 'Duomo']",Duomo,strategy_nearest,True,0.001977205276489258,success
04A7393A9C4C80,3,"['Arena', 'Castelvecchio', 'Casa Giulietta', 'Museo Lapidario', 'San Zeno']",Teatro Romano,"['Santa Anastasia', 'Duomo', 'AMO', 'Palazzo della Ragione', 'Museo Conte']",Tomba Giulietta,strategy_nearest,False,0.002444744110107422,success
04A739429C4C80,6,['Verona Tour'],Casa Giulietta,"['Centro Fotografia', 'Sighseeing', 'Torre Lamberti', 'Museo Conte', 'Museo Radio']",Torre Lamberti,strategy_nearest,True,0.003253936767578125,success
04A73B3A9C4C80,1,"['Arena', 'Casa Giulietta', 'Torre Lamberti']",Palazzo della Ragione,"['AMO', 'Museo Conte', 'Centro Fotografia', 'Sighseeing', 'Santa Anastasia']",Santa Anastasia,strategy_nearest,True,0.0020151138305664062,success
04A7413A9C4C80,0,['Arena'],Casa Giulietta,"['Centro Fotografia', 'Sighseeing', 'Torre Lamberti', 'Museo Conte', 'Museo Radio']",Santa Anastasia,strategy_nearest,False,0.0024919509887695312,success
04A73A4A9C4C80,0,"['Castelvecchio', 'Arena']",Casa Giulietta,"['Centro Fotografia', 'Sighseeing', 'Torre Lamberti', 'Museo Conte', 'Museo Radio']",Giardino Giusti,strategy_nearest,False,0.002691030502319336,success
04A7503A9C4C80,0,"['Arena', 'Casa Giulietta']",San Zeno,"['Castelvecchio', 'Verona Tour', 'Museo Lapidario', 'Museo Miniscalchi', 'Sighseeing']",Castelvecchio,strategy_nearest,True,0.003229856491088867,success
04A754429C4C80,3,"['Arena', 'Casa Giulietta', 'Torre Lamberti']",Santa Anastasia,"['AMO', 'Museo Conte', 'Palazzo della Ragione', 'Teatro Romano', 'Centro Fotografia']",Teatro Romano,strategy_nearest,True,0.0020308494567871094,success
04A758429C4C80,0,['Arena'],Teatro Romano,"['Santa Anastasia', 'Duomo', 'AMO', 'Palazzo della Ragione', 'Museo Conte']",Casa Giulietta,strategy_nearest,False,0.0028519630432128906,success
04A75E429C4C80,1,"['Arena', 'Casa Giulietta']",Palazzo della Ragione,"['AMO', 'Museo Conte', 'Torre Lamberti', 'Centro Fotografia', 'Sighseeing']",Torre Lamberti,strategy_nearest,True,0.0021712779998779297,success
04A7633A9C4C80,2,"['Casa Giulietta', 'Santa Anastasia']",Duomo,"['AMO', 'Museo Miniscalchi', 'Teatro Romano', 'Palazzo della Ragione', 'Museo Conte']",Castelvecchio,strategy_nearest,False,0.002992868423461914,success
04A76D429C4C80,3,"['Arena', 'Torre Lamberti', 'Casa Giulietta']",Santa Anastasia,"['AMO', 'Museo Conte', 'Palazzo della Ragione', 'Teatro Romano', 'Centro Fotografia']",Teatro Romano,strategy_nearest,True,0.0027692317962646484,success
04A77B4A9C4C80,0,['Arena'],Casa Giulietta,"['Centro Fotografia', 'Sighseeing', 'Torre Lamberti', 'Museo Conte', 'Museo Radio']",Santa Anastasia,strategy_nearest,False,0.0023250579833984375,success
04A76F429C4C80,0,['Arena'],Teatro Romano,"['Santa Anastasia', 'Duomo', 'AMO', 'Palazzo della Ragione', 'Museo Conte']",Duomo,strategy_nearest,True,0.0032320022583007812,success
04A7753A9C4C80,2,['Casa Giulietta'],Teatro Romano,"['Santa Anastasia', 'Duomo', 'AMO', 'Palazzo della Ragione', 'Museo Conte']",Torre Lamberti,strategy_nearest,False,0.0017380714416503906,success
04A77D4A9C4C80,1,"['Arena', 'Casa Giulietta']",Torre Lamberti,"['Sighseeing', 'Centro Fotografia', 'Museo Conte', 'Palazzo della Ragione', 'AMO']",Palazzo della Ragione,strategy_nearest,True,0.0018379688262939453,success
04A7873A9C4C80,3,"['Arena', 'San Fermo', 'Casa Giulietta']",Torre Lamberti,"['Sighseeing', 'Centro Fotografia', 'Museo Conte', 'Palazzo della Ragione', 'AMO']",Santa Anastasia,strategy_nearest,False,0.0019469261169433594,success
04A7883A9C4C80,0,['Castelvecchio'],Arena,"['Verona Tour', 'Museo Lapidario', 'Museo Radio', 'San Fermo', 'Casa Giulietta']",Casa Giulietta,strategy_nearest,True,0.0024929046630859375,success
04A78B4A9C4C80,6,['Arena'],Castelvecchio,"['Museo Lapidario', 'Verona Tour', 'Museo Radio', 'San Zeno', 'Sighseeing']",Teatro Romano,strategy_nearest,False,0.003145933151245117,success
04A78F429C4C80,3,['Arena'],Torre Lamberti,"['Sighseeing', 'Centro Fotografia', 'Museo Conte', 'Casa Giulietta', 'Palazzo della Ragione']",Duomo,strategy_nearest,False,0.001847982406616211,success
04A7A94A9C4C80,2,['Castelvecchio'],Casa Giulietta,"['Centro Fotografia', 'Sighseeing', 'Torre Lamberti', 'Museo Conte', 'Museo Radio']",Teatro Romano,strategy_nearest,False,0.0019540786743164062,success
04A7924A9C4C80,0,['Museo Lapidario'],Castelvecchio,"['Verona Tour', 'Arena', 'Museo Radio', 'San Zeno', 'Sighseeing']",Arena,strategy_nearest,True,0.003183126449584961,success
04A7AC429C4C80,3,"['Castelvecchio', 'Arena']",Casa Giulietta,"['Centro Fotografia', 'Sighseeing', 'Torre Lamberti', 'Museo Conte', 'Museo Radio']",Torre Lamberti,strategy_nearest,True,0.0029480457305908203,success
04A7AB429C4C80,0,['Arena'],Santa Anastasia,"['AMO', 'Museo Conte', 'Palazzo della Ragione', 'Teatro Romano', 'Centro Fotografia']",Casa Giulietta,strategy_nearest,False,0.002501249313354492,success
04A7B63A9C4C80,3,['Arena'],San Fermo,"['Museo Storia', 'Museo Radio', 'Casa Giulietta', 'Centro Fotografia', 'Sighseeing']",Santa Anastasia,strategy_nearest,False,0.0018520355224609375,success
04A7B13A9C4C80,1,"['Duomo', 'Palazzo della Ragione']",Casa Giulietta,"['Centro Fotografia', 'Sighseeing', 'Torre Lamberti', 'Museo Conte', 'Museo Radio']",Castelvecchio,strategy_nearest,False,0.003367900848388672,success
04A7B83A9C4C80,3,"['Arena', 'Giardino Giusti']",Duomo,"['AMO', 'Museo Miniscalchi', 'Santa Anastasia', 'Teatro Romano', 'Palazzo della Ragione']",Santa Anastasia,strategy_nearest,True,0.0022971630096435547,success
04A7BB3A9C4C80,2,['Duomo'],Santa Anastasia,"['AMO', 'Museo Conte', 'Palazzo della Ragione', 'Teatro Romano', 'Centro Fotografia']",San Fermo,strategy_nearest,False,0.003052949905395508,success
04A7BE3A9C4C80,0,"['Arena', 'Casa Giulietta']",Torre Lamberti,"['Sighseeing', 'Centro Fotografia', 'Museo Conte', 'Palazzo della Ragione', 'AMO']",Duomo,strategy_nearest,False,0.0017998218536376953,success
04A7C7429C4C80,0,['Arena'],Casa Giulietta,"['Centro Fotografia', 'Sighseeing', 'Torre Lamberti', 'Museo Conte', 'Museo Radio']",Giardino Giusti,strategy_nearest,False,0.003330707550048828,success
04A7BD429C4C80,0,['Castelvecchio'],Arena,"['Verona Tour', 'Museo Lapidario', 'Museo Radio', 'San Fermo', 'Casa Giulietta']",Casa Giulietta,strategy_nearest,True,0.002807140350341797,success
04A7CC429C4C80,1,"['Arena', 'Santa Anastasia', 'Torre Lamberti']",Palazzo della Ragione,"['AMO', 'Museo Conte', 'Centro Fotografia', 'Sighseeing', 'Museo Miniscalchi']",Casa Giulietta,strategy_nearest,False,0.0023050308227539062,success
04A7D93A9C4C80,2,['Tomba Giulietta'],Casa Giulietta,"['Centro Fotografia', 'Sighseeing', 'Torre Lamberti', 'Museo Conte', 'Museo Radio']",Castelvecchio,strategy_nearest,False,0.002585887908935547,success
04A7DD3A9C4C80,2,['Casa Giulietta'],Duomo,"['AMO', 'Museo Miniscalchi', 'Santa Anastasia', 'Teatro Romano', 'Palazzo della Ragione']",Teatro Romano,strategy_nearest,True,0.0023932456970214844,success
04A7E3429C4C80,2,"['Torre Lamberti', 'Palazzo della Ragione']",Teatro Romano,"['Santa Anastasia', 'Duomo', 'AMO', 'Museo Conte', 'Centro Fotografia']",Castelvecchio,strategy_nearest,False,0.0023441314697265625,success
04A7E43A9C4C80,0,['Arena'],Casa Giulietta,"['Centro Fotografia', 'Sighseeing', 'Torre Lamberti', 'Museo Conte', 'Museo Radio']",Tomba Giulietta,strategy_nearest,False,0.003287076950073242,success
04A7EC3A9C4C80,3,"['Arena', 'Casa Giulietta']",Teatro Romano,"['Santa Anastasia', 'Duomo', 'AMO', 'Palazzo della Ragione', 'Museo Conte']",San Zeno,strategy_nearest,False,0.0019130706787109375,success
04A7E93A9C4C80,1,"['Arena', 'Santa Anastasia', 'Duomo']",Teatro Romano,"['AMO', 'Palazzo della Ragione', 'Museo Conte', 'Centro Fotografia', 'Museo Miniscalchi']",Torre Lamberti,strategy_nearest,False,0.003113985061645508,success
04A7ED3A9C4C80,1,"['Arena', 'San Zeno']",Palazzo della Ragione,"['AMO', 'Museo Conte', 'Torre Lamberti', 'Centro Fotografia', 'Sighseeing']",Santa Anastasia,strategy_nearest,False,0.003298044204711914,success
04A7F5429C4C80,3,"['Casa Giulietta', 'Torre Lamberti', 'San Zeno']",Duomo,"['AMO', 'Museo Miniscalchi', 'Santa Anastasia', 'Teatro Romano', 'Palazzo della Ragione']",Santa Anastasia,strategy_nearest,True,0.0033729076385498047,success
04A8093A9C4C84,0,['Casa Giulietta'],Torre Lamberti,"['Sighseeing', 'Centro Fotografia', 'Museo Conte', 'Palazzo della Ragione', 'AMO']",Arena,strategy_nearest,False,0.003701925277709961,success
04A7FF429C4C80,2,['Giardino Giusti'],Duomo,"['AMO', 'Museo Miniscalchi', 'Santa Anastasia', 'Teatro Romano', 'Palazzo della Ragione']",San Zeno,strategy_nearest,False,0.002810239791870117,success
04A8043A9C4C84,1,"['Arena', 'Casa Giulietta']",Torre Lamberti,"['Sighseeing', 'Centro Fotografia', 'Museo Conte', 'Palazzo della Ragione', 'AMO']",Palazzo della Ragione,strategy_nearest,True,0.0029120445251464844,success
04A8113A9C4C80,2,"['Castelvecchio', 'Casa Giulietta', 'Torre Lamberti']",Palazzo della Ragione,"['AMO', 'Museo Conte', 'Centro Fotografia', 'Sighseeing', 'Santa Anastasia']",Santa Anastasia,strategy_nearest,True,0.0038938522338867188,success
04A80C3A9C4C84,2,"['Museo Lapidario', 'Casa Giulietta', 'Torre Lamberti']",Palazzo della Ragione,"['AMO', 'Museo Conte', 'Centro Fotografia', 'Sighseeing', 'Santa Anastasia']",Santa Anastasia,strategy_nearest,True,0.0038580894470214844,success
04A80C429C4C84,0,['Arena'],Casa Giulietta,"['Centro Fotografia', 'Sighseeing', 'Torre Lamberti', 'Museo Conte', 'Museo Radio']",Duomo,strategy_nearest,False,0.005089998245239258,success
04A815429C4C84,0,['Santa Anastasia'],Arena,"['Verona Tour', 'Museo Lapidario', 'Museo Radio', 'San Fermo', 'Casa Giulietta']",Castelvecchio,strategy_nearest,False,0.0045812129974365234,success
04A81A3A9C4C84,0,['Arena'],Museo Lapidario,"['Verona Tour', 'Castelvecchio', 'Museo Radio', 'San Fermo', 'Casa Giulietta']",Castelvecchio,strategy_nearest,True,0.00414586067199707,success
04A8183A9C4C80,0,['Castelvecchio'],Arena,"['Verona Tour', 'Museo Lapidario', 'Museo Radio', 'San Fermo', 'Casa Giulietta']",Casa Giulietta,strategy_nearest,True,0.003410816192626953,success
04A81D3A9C4C80,3,"['San Zeno', 'Castelvecchio', 'Museo Lapidario', 'Arena', 'Casa Giulietta']",Torre Lamberti,"['Sighseeing', 'Centro Fotografia', 'Museo Conte', 'Palazzo della Ragione', 'AMO']",Santa Anastasia,strategy_nearest,False,0.004839181900024414,success
04A81D429C4C80,1,['Arena'],Palazzo della Ragione,"['AMO', 'Museo Conte', 'Torre Lamberti', 'Centro Fotografia', 'Sighseeing']",Casa Giulietta,strategy_nearest,False,0.003593921661376953,success
04A8253A9C4C80,1,"['Duomo', 'Santa Anastasia', 'Casa Giulietta']",Arena,"['Verona Tour', 'Museo Lapidario', 'Museo Radio', 'San Fermo', 'Sighseeing']",Castelvecchio,strategy_nearest,False,0.004088163375854492,success
04A825429C4C80,3,"['Arena', 'Torre Lamberti', 'Casa Giulietta']",San Fermo,"['Museo Storia', 'Museo Radio', 'Centro Fotografia', 'Sighseeing', 'Museo Conte']",Giardino Giusti,strategy_nearest,False,0.003373861312866211,success
04A826429C4C84,3,['Arena'],San Zeno,"['Castelvecchio', 'Verona Tour', 'Museo Lapidario', 'Museo Miniscalchi', 'Sighseeing']",Santa Anastasia,strategy_nearest,False,0.004271984100341797,success
04A831429C4C80,3,"['Arena', 'Casa Giulietta']",Santa Anastasia,"['AMO', 'Museo Conte', 'Palazzo della Ragione', 'Teatro Romano', 'Centro Fotografia']",Castelvecchio,strategy_nearest,False,0.0031769275665283203,success
04A82C4A9C4C80,2,"['Duomo', 'Casa Giulietta']",San Fermo,"['Museo Storia', 'Museo Radio', 'Centro Fotografia', 'Arena', 'Sighseeing']",Santa Anastasia,strategy_nearest,False,0.003139972686767578,success
04A82A429C4C84,0,['Arena'],Casa Giulietta,"['Centro Fotografia', 'Sighseeing', 'Torre Lamberti', 'Museo Conte', 'Museo Radio']",Castelvecchio,strategy_nearest,False,0.002443075180053711,success
04A8324A9C4C80,2,"['Casa Giulietta', 'Tomba Giulietta']",Duomo,"['AMO', 'Museo Miniscalchi', 'Santa Anastasia', 'Teatro Romano', 'Palazzo della Ragione']",Palazzo della Ragione,strategy_nearest,True,0.001344919204711914,success
04A837429C4C80,3,"['Arena', 'Torre Lamberti', 'Santa Anastasia']",Casa Giulietta,"['Centro Fotografia', 'Sighseeing', 'Museo Conte', 'Museo Radio', 'Palazzo della Ragione']",Duomo,strategy_nearest,False,0.001889944076538086,success
04A83C429C4C80,0,['Casa Giulietta'],Arena,"['Verona Tour', 'Museo Lapidario', 'Museo Radio', 'San Fermo', 'Sighseeing']",Castelvecchio,strategy_nearest,False,0.0031502246856689453,success
04A8453A9C4C80,3,"['Santa Anastasia', 'Duomo', 'Casa Giulietta', 'Tomba Giulietta']",Arena,"['Verona Tour', 'Museo Lapidario', 'Museo Radio', 'San Fermo', 'Sighseeing']",Teatro Romano,strategy_nearest,False,0.0037937164306640625,success
04A846429C4C80,3,"['Arena', 'Santa Anastasia']",Torre Lamberti,"['Sighseeing', 'Centro Fotografia', 'Museo Conte', 'Casa Giulietta', 'Palazzo della Ragione']",Casa Giulietta,strategy_nearest,True,0.004320621490478516,success
04A849429C4C80,0,['Arena'],Torre Lamberti,"['Sighseeing', 'Centro Fotografia', 'Museo Conte', 'Casa Giulietta', 'Palazzo della Ragione']",Casa Giulietta,strategy_nearest,True,0.005470991134643555,success
04A851429C4C80,1,"['Arena', 'Torre Lamberti']",Palazzo della Ragione,"['AMO', 'Museo Conte', 'Centro Fotografia', 'Sighseeing', 'Santa Anastasia']",Teatro Romano,strategy_nearest,False,0.0016481876373291016,success
04A84F3A9C4C80,0,['San Fermo'],Arena,"['Verona Tour', 'Museo Lapidario', 'Museo Radio', 'Casa Giulietta', 'Sighseeing']",San Zeno,strategy_nearest,False,0.002804994583129883,success
04A8543A9C4C80,0,['Arena'],Casa Giulietta,"['Centro Fotografia', 'Sighseeing', 'Torre Lamberti', 'Museo Conte', 'Museo Radio']",Castelvecchio,strategy_nearest,False,0.0031762123107910156,success
04A862429C4C80,2,['Casa Giulietta'],Palazzo della Ragione,"['AMO', 'Museo Conte', 'Torre Lamberti', 'Centro Fotografia', 'Sighseeing']",Torre Lamberti,strategy_nearest,True,0.003815889358520508,success
04A863429C4C80,3,"['Arena', 'Museo Lapidario', 'Castelvecchio']",San Zeno,"['Verona Tour', 'Museo Miniscalchi', 'Sighseeing', 'Museo Radio', 'Torre Lamberti']",Santa Anastasia,strategy_nearest,False,0.0020990371704101562,success
04A86C429C4C80,3,"['Arena', 'Museo Lapidario', 'Castelvecchio']",Torre Lamberti,"['Sighseeing', 'Centro Fotografia', 'Museo Conte', 'Casa Giulietta', 'Palazzo della Ragione']",Duomo,strategy_nearest,False,0.0026340484619140625,success
04A86A429C4C80,0,['Arena'],Casa Giulietta,"['Centro Fotografia', 'Sighseeing', 'Torre Lamberti', 'Museo Conte', 'Museo Radio']",Duomo,strategy_nearest,False,0.00327301025390625,success
04A86E429C4C80,1,['Casa Giulietta'],Arena,"['Verona Tour', 'Museo Lapidario', 'Museo Radio', 'San Fermo', 'Sighseeing']",Torre Lamberti,strategy_nearest,False,0.002975940704345703,success
04A871429C4C80,0,['Museo Storia'],Tomba Giulietta,"['San Fermo', 'Arena', 'Museo Lapidario', 'Museo Radio', 'Verona Tour']",Arena,strategy_nearest,True,0.003036975860595703,success
04A8723A9C4C80,0,['Arena'],Castelvecchio,"['Museo Lapidario', 'Verona Tour', 'Museo Radio', 'San Zeno', 'Sighseeing']",Tomba Giulietta,strategy_nearest,False,0.0031862258911132812,success
04A872429C4C80,0,"['Arena', 'Casa Giulietta']",Torre Lamberti,"['Sighseeing', 'Centro Fotografia', 'Museo Conte', 'Palazzo della Ragione', 'AMO']",Tomba Giulietta,strategy_nearest,False,0.002568960189819336,success
04A8773A9C4C80,1,"['Arena', 'Casa Giulietta', 'Torre Lamberti']",Palazzo della Ragione,"['AMO', 'Museo Conte', 'Centro Fotografia', 'Sighseeing', 'Santa Anastasia']",Santa Anastasia,strategy_nearest,True,0.0025708675384521484,success
04A874429C4C80,0,['Arena'],Teatro Romano,"['Santa Anastasia', 'Duomo', 'AMO', 'Palazzo della Ragione', 'Museo Conte']",Torre Lamberti,strategy_nearest,False,0.002549886703491211,success
04A8844A9C4C80,1,['Arena'],Casa Giulietta,"['Centro Fotografia', 'Sighseeing', 'Torre Lamberti', 'Museo Conte', 'Museo Radio']",Palazzo della Ragione,strategy_nearest,False,0.0031409263610839844,success
04A889429C4C80,0,['Arena'],Casa Giulietta,"['Centro Fotografia', 'Sighseeing', 'Torre Lamberti', 'Museo Conte', 'Museo Radio']",Torre Lamberti,strategy_nearest,True,0.003353118896484375,success
04A88D3A9C4C80,3,"['Arena', 'San Fermo']",Casa Giulietta,"['Centro Fotografia', 'Sighseeing', 'Torre Lamberti', 'Museo Conte', 'Museo Radio']",Santa Anastasia,strategy_nearest,False,0.002267122268676758,success
04A8914A9C4C80,3,['Arena'],Casa Giulietta,"['Centro Fotografia', 'Sighseeing', 'Torre Lamberti', 'Museo Conte', 'Museo Radio']",Torre Lamberti,strategy_nearest,True,0.0029289722442626953,success
04A88C4A9C4C80,2,['Castelvecchio'],Casa Giulietta,"['Centro Fotografia', 'Sighseeing', 'Torre Lamberti', 'Museo Conte', 'Museo Radio']",Duomo,strategy_nearest,False,0.0016930103302001953,success
04A8924A9C4C80,0,['Arena'],Casa Giulietta,"['Centro Fotografia', 'Sighseeing', 'Torre Lamberti', 'Museo Conte', 'Museo Radio']",Duomo,strategy_nearest,False,0.0034132003784179688,success
04A8A74A9C4C80,1,['Arena'],Casa Giulietta,"['Centro Fotografia', 'Sighseeing', 'Torre Lamberti', 'Museo Conte', 'Museo Radio']",Torre Lamberti,strategy_nearest,True,0.0013031959533691406,success
04A8954A9C4C80,3,['Arena'],Teatro Romano,"['Santa Anastasia', 'Duomo', 'AMO', 'Palazzo della Ragione', 'Museo Conte']",Duomo,strategy_nearest,True,0.002209186553955078,success
04A8AA429C4C80,3,"['Casa Giulietta', 'Santa Anastasia']",Arena,"['Verona Tour', 'Museo Lapidario', 'Museo Radio', 'San Fermo', 'Sighseeing']",Castelvecchio,strategy_nearest,False,0.0035219192504882812,success
04A8AE3A9C4C80,3,"['Arena', 'Castelvecchio']",Teatro Romano,"['Santa Anastasia', 'Duomo', 'AMO', 'Palazzo della Ragione', 'Museo Conte']",Santa Anastasia,strategy_nearest,True,0.002537250518798828,success
04A8AF429C4C80,0,['Arena'],Torre Lamberti,"['Sighseeing', 'Centro Fotografia', 'Museo Conte', 'Casa Giulietta', 'Palazzo della Ragione']",Castelvecchio,strategy_nearest,False,0.0031011104583740234,success
04A8B5429C4C80,0,['Castelvecchio'],Arena,"['Verona Tour', 'Museo Lapidario', 'Museo Radio', 'San Fermo', 'Casa Giulietta']",Casa Giulietta,strategy_nearest,True,0.0017898082733154297,success
04A8C33A9C4C80,0,['Casa Giulietta'],Arena,"['Verona Tour', 'Museo Lapidario', 'Museo Radio', 'San Fermo', 'Sighseeing']",Castelvecchio,strategy_nearest,False,0.0023322105407714844,success
04A8BD3A9C4C80,3,"['Arena', 'Casa Giulietta']",Torre Lamberti,"['Sighseeing', 'Centro Fotografia', 'Museo Conte', 'Palazzo della Ragione', 'AMO']",Duomo,strategy_nearest,False,0.0026559829711914062,success
04A8C2429C4C80,0,['Torre Lamberti'],Casa Giulietta,"['Centro Fotografia', 'Sighseeing', 'Museo Conte', 'Museo Radio', 'Palazzo della Ragione']",Arena,strategy_nearest,False,0.0031769275665283203,success
04A8C93A9C4C80,0,['Arena'],Torre Lamberti,"['Sighseeing', 'Centro Fotografia', 'Museo Conte', 'Casa Giulietta', 'Palazzo della Ragione']",Casa Giulietta,strategy_nearest,True,0.0022499561309814453,success
04A8D0429C4C80,2,"['Castelvecchio', 'Teatro Romano']",San Zeno,"['Verona Tour', 'Museo Lapidario', 'Arena', 'Museo Miniscalchi', 'Sighseeing']",Palazzo della Ragione,strategy_nearest,False,0.0020689964294433594,success
04A8CC429C4C80,0,"['Arena', 'Casa Giulietta']",Castelvecchio,"['Museo Lapidario', 'Verona Tour', 'Museo Radio', 'San Zeno', 'Sighseeing']",San Zeno,strategy_nearest,True,0.0029540061950683594,success
04A8E0429C4C80,2,"['San Zeno', 'Castelvecchio']",Duomo,"['AMO', 'Museo Miniscalchi', 'Santa Anastasia', 'Teatro Romano', 'Palazzo della Ragione']",Torre Lamberti,strategy_nearest,False,0.003489971160888672,success
04A8F23A9C4C80,1,['Arena'],Torre Lamberti,"['Sighseeing', 'Centro Fotografia', 'Museo Conte', 'Casa Giulietta', 'Palazzo della Ragione']",Palazzo della Ragione,strategy_nearest,True,0.0017321109771728516,success
04A8E2429C4C80,2,"['Castelvecchio', 'Palazzo della Ragione']",Casa Giulietta,"['Centro Fotografia', 'Sighseeing', 'Torre Lamberti', 'Museo Conte', 'Museo Radio']",Duomo,strategy_nearest,False,0.003215789794921875,success
04A8FD3A9C4C80,3,"['Arena', 'Santa Anastasia']",Torre Lamberti,"['Sighseeing', 'Centro Fotografia', 'Museo Conte', 'Casa Giulietta', 'Palazzo della Ragione']",Casa Giulietta,strategy_nearest,True,0.003917217254638672,success
04A8FE3A9C4C80,1,"['Arena', 'Palazzo della Ragione']",Palazzo della Ragione,"['AMO', 'Museo Conte', 'Torre Lamberti', 'Centro Fotografia', 'Sighseeing']",Torre Lamberti,strategy_nearest,True,0.001996755599975586,success
04A90E3A9C4C84,3,"['Arena', 'Casa Giulietta']",San Zeno,"['Castelvecchio', 'Verona Tour', 'Museo Lapidario', 'Museo Miniscalchi', 'Sighseeing']",Castelvecchio,strategy_nearest,True,0.0030279159545898438,success
04A910429C4C80,0,['Arena'],Casa Giulietta,"['Centro Fotografia', 'Sighseeing', 'Torre Lamberti', 'Museo Conte', 'Museo Radio']",San Zeno,strategy_nearest,False,0.001477956771850586,success
04A9173A9C4C80,0,['Arena'],Casa Giulietta,"['Centro Fotografia', 'Sighseeing', 'Torre Lamberti', 'Museo Conte', 'Museo Radio']",Santa Anastasia,strategy_nearest,False,0.0038022994995117188,success
04A913429C4C80,3,"['Arena', 'Duomo']",Santa Anastasia,"['AMO', 'Museo Conte', 'Palazzo della Ragione', 'Teatro Romano', 'Centro Fotografia']",Torre Lamberti,strategy_nearest,False,0.004798173904418945,success
04A9143A9C4C80,1,"['Arena', 'Palazzo della Ragione', 'Casa Giulietta']",San Fermo,"['Museo Storia', 'Museo Radio', 'Centro Fotografia', 'Sighseeing', 'Torre Lamberti']",Giardino Giusti,strategy_nearest,False,0.0030298233032226562,success
04A91B3A9C4C84,3,['Santa Anastasia'],Arena,"['Verona Tour', 'Museo Lapidario', 'Museo Radio', 'San Fermo', 'Casa Giulietta']",Santa Anastasia,strategy_nearest,False,0.0040569305419921875,success
04A91D429C4C84,3,['Duomo'],Casa Giulietta,"['Centro Fotografia', 'Sighseeing', 'Torre Lamberti', 'Museo Conte', 'Museo Radio']",Arena,strategy_nearest,False,0.002362966537475586,success
04A91C3A9C4C84,0,"['Arena', 'Casa Giulietta']",Teatro Romano,"['Santa Anastasia', 'Duomo', 'AMO', 'Palazzo della Ragione', 'Museo Conte']",San Zeno,strategy_nearest,False,0.0017018318176269531,success
04A9223A9C4C84,3,"['Arena', 'San Zeno']",Duomo,"['AMO', 'Museo Miniscalchi', 'Santa Anastasia', 'Teatro Romano', 'Palazzo della Ragione']",Santa Anastasia,strategy_nearest,True,0.003595113754272461,success
04A9283A9C4C80,3,['Arena'],Casa Giulietta,"['Centro Fotografia', 'Sighseeing', 'Torre Lamberti', 'Museo Conte', 'Museo Radio']",Santa Anastasia,strategy_nearest,False,0.002007007598876953,success
04A91E3A9C4C80,0,['Arena'],Casa Giulietta,"['Centro Fotografia', 'Sighseeing', 'Torre Lamberti', 'Museo Conte', 'Museo Radio']",Castelvecchio,strategy_nearest,False,0.0034155845642089844,success
04A927429C4C84,3,"['Arena', 'Santa Anastasia']",Duomo,"['AMO', 'Museo Miniscalchi', 'Teatro Romano', 'Palazzo della Ragione', 'Museo Conte']",Torre Lamberti,strategy_nearest,False,0.003715991973876953,success
04A92A3A9C4C80,0,['Arena'],Casa Giulietta,"['Centro Fotografia', 'Sighseeing', 'Torre Lamberti', 'Museo Conte', 'Museo Radio']",Tomba Giulietta,strategy_nearest,False,0.0024261474609375,success
04A93C3A9C4C80,3,"['Castelvecchio', 'Arena', 'San Fermo']",Teatro Romano,"['Santa Anastasia', 'Duomo', 'AMO', 'Palazzo della Ragione', 'Museo Conte']",Duomo,strategy_nearest,True,0.0032320022583007812,success
04A93D429C4C80,3,"['Castelvecchio', 'Santa Anastasia', 'San Zeno']",San Fermo,"['Museo Storia', 'Museo Radio', 'Casa Giulietta', 'Centro Fotografia', 'Arena']",Duomo,strategy_nearest,False,0.0023009777069091797,success
04A93E3A9C4C80,0,['Arena'],Teatro Romano,"['Santa Anastasia', 'Duomo', 'AMO', 'Palazzo della Ragione', 'Museo Conte']",Casa Giulietta,strategy_nearest,False,0.0033850669860839844,success
04A949429C4C80,0,['Arena'],Castelvecchio,"['Museo Lapidario', 'Verona Tour', 'Museo Radio', 'San Zeno', 'Sighseeing']",San Zeno,strategy_nearest,True,0.0025548934936523438,success
04A940429C4C80,0,['Castelvecchio'],Arena,"['Verona Tour', 'Museo Lapidario', 'Museo Radio', 'San Fermo', 'Casa Giulietta']",Teatro Romano,strategy_nearest,False,0.0017628669738769531,success
04A9563A9C4C80,2,"['Teatro Romano', 'Palazzo della Ragione', 'San Fermo']",San Zeno,"['Castelvecchio', 'Verona Tour', 'Museo Lapidario', 'Arena', 'Museo Miniscalchi']",Santa Anastasia,strategy_nearest,False,0.0030498504638671875,success
04A9453A9C4C80,3,"['Arena', 'San Fermo']",Casa Giulietta,"['Centro Fotografia', 'Sighseeing', 'Torre Lamberti', 'Museo Conte', 'Museo Radio']",Santa Anastasia,strategy_nearest,False,0.003840208053588867,success
04A969429C4C80,0,['Arena'],Casa Giulietta,"['Centro Fotografia', 'Sighseeing', 'Torre Lamberti', 'Museo Conte', 'Museo Radio']",Castelvecchio,strategy_nearest,False,0.001966714859008789,success
04A97A3A9C4C80,0,"['Casa Giulietta', 'Arena']",Duomo,"['AMO', 'Museo Miniscalchi', 'Santa Anastasia', 'Teatro Romano', 'Palazzo della Ragione']",Teatro Romano,strategy_nearest,True,0.004293918609619141,success
04A9573A9C4C80,0,['Arena'],Castelvecchio,"['Museo Lapidario', 'Verona Tour', 'Museo Radio', 'San Zeno', 'Sighseeing']",Duomo,strategy_nearest,False,0.0032927989959716797,success
04A956429C4C80,2,"['Castelvecchio', 'Casa Giulietta']",Palazzo della Ragione,"['AMO', 'Museo Conte', 'Torre Lamberti', 'Centro Fotografia', 'Sighseeing']",Torre Lamberti,strategy_nearest,True,0.004099845886230469,success
04A97E429C4C80,0,['Arena'],Casa Giulietta,"['Centro Fotografia', 'Sighseeing', 'Torre Lamberti', 'Museo Conte', 'Museo Radio']",Arena,strategy_nearest,False,0.002379179000854492,success
04A9853A9C4C80,2,"['San Fermo', 'Casa Giulietta']",Torre Lamberti,"['Sighseeing', 'Centro Fotografia', 'Museo Conte', 'Palazzo della Ragione', 'AMO']",Santa Anastasia,strategy_nearest,False,0.0024318695068359375,success
04A97F429C4C80,3,['Arena'],Duomo,"['AMO', 'Museo Miniscalchi', 'Santa Anastasia', 'Teatro Romano', 'Palazzo della Ragione']",Santa Anastasia,strategy_nearest,True,0.003511190414428711,success
04A9854A9C4C80,1,"['Arena', 'Casa Giulietta']",Torre Lamberti,"['Sighseeing', 'Centro Fotografia', 'Museo Conte', 'Palazzo della Ragione', 'AMO']",Palazzo della Ragione,strategy_nearest,True,0.003782987594604492,success
04A98D3A9C4C80,3,"['Arena', 'Castelvecchio', 'Casa Giulietta']",Torre Lamberti,"['Sighseeing', 'Centro Fotografia', 'Museo Conte', 'Palazzo della Ragione', 'AMO']",Santa Anastasia,strategy_nearest,False,0.0036597251892089844,success
04A98BC27B3F80,3,"['Arena', 'Santa Anastasia']",Duomo,"['AMO', 'Museo Miniscalchi', 'Teatro Romano', 'Palazzo della Ragione', 'Museo Conte']",San Fermo,strategy_nearest,False,0.003161907196044922,success
04A9904A9C4C80,3,"['Arena', 'Tomba Giulietta']",Casa Giulietta,"['Centro Fotografia', 'Sighseeing', 'Torre Lamberti', 'Museo Conte', 'Museo Radio']",Santa Anastasia,strategy_nearest,False,0.0022170543670654297,success
04A9A0429C4C80,3,"['Teatro Romano', 'Arena']",San Fermo,"['Museo Storia', 'Museo Radio', 'Casa Giulietta', 'Centro Fotografia', 'Sighseeing']",Santa Anastasia,strategy_nearest,False,0.004194736480712891,success
04A9A2429C4C80,0,['Arena'],Casa Giulietta,"['Centro Fotografia', 'Sighseeing', 'Torre Lamberti', 'Museo Conte', 'Museo Radio']",San Fermo,strategy_nearest,False,0.0021910667419433594,success
04A9A83A9C4C80,0,"['Arena', 'Duomo']",Teatro Romano,"['Santa Anastasia', 'AMO', 'Palazzo della Ragione', 'Museo Conte', 'Centro Fotografia']",Casa Giulietta,strategy_nearest,False,0.00416111946105957,success
04A9AC429C4C80,3,['Arena'],Santa Anastasia,"['AMO', 'Museo Conte', 'Palazzo della Ragione', 'Teatro Romano', 'Centro Fotografia']",Duomo,strategy_nearest,False,0.0024871826171875,success
04A9A94A9C4C80,0,['Arena'],Teatro Romano,"['Santa Anastasia', 'Duomo', 'AMO', 'Palazzo della Ragione', 'Museo Conte']",Casa Giulietta,strategy_nearest,False,0.0032939910888671875,success
04A9AF429C4C80,3,"['Arena', 'Torre Lamberti']",Duomo,"['AMO', 'Museo Miniscalchi', 'Santa Anastasia', 'Teatro Romano', 'Palazzo della Ragione']",Teatro Romano,strategy_nearest,True,0.002053976058959961,success
04A9AF3A9C4C80,3,"['Castelvecchio', 'Arena']",Casa Giulietta,"['Centro Fotografia', 'Sighseeing', 'Torre Lamberti', 'Museo Conte', 'Museo Radio']",Torre Lamberti,strategy_nearest,True,0.0015769004821777344,success
04A9B13A9C4C80,0,['Arena'],Castelvecchio,"['Museo Lapidario', 'Verona Tour', 'Museo Radio', 'San Zeno', 'Sighseeing']",Casa Giulietta,strategy_nearest,False,0.002518177032470703,success
04A9B1429C4C80,3,"['Arena', 'Casa Giulietta']",Torre Lamberti,"['Sighseeing', 'Centro Fotografia', 'Museo Conte', 'Palazzo della Ragione', 'AMO']",Santa Anastasia,strategy_nearest,False,0.0030591487884521484,success
04A9B5429C4C80,0,"['Castelvecchio', 'Teatro Romano']",Torre Lamberti,"['Sighseeing', 'Centro Fotografia', 'Museo Conte', 'Casa Giulietta', 'Palazzo della Ragione']",Arena,strategy_nearest,False,0.001920938491821289,success
04A9B5C27B3F80,3,"['Arena', 'Santa Anastasia']",Duomo,"['AMO', 'Museo Miniscalchi', 'Teatro Romano', 'Palazzo della Ragione', 'Museo Conte']",San Fermo,strategy_nearest,False,0.0024917125701904297,success
04A9BCC27B3F80,3,"['Arena', 'Santa Anastasia']",Duomo,"['AMO', 'Museo Miniscalchi', 'Teatro Romano', 'Palazzo della Ragione', 'Museo Conte']",San Fermo,strategy_nearest,False,0.0030760765075683594,success
04A9C43A9C4C80,3,['Arena'],Torre Lamberti,"['Sighseeing', 'Centro Fotografia', 'Museo Conte', 'Casa Giulietta', 'Palazzo della Ragione']",Santa Anastasia,strategy_nearest,False,0.0027120113372802734,success
04A9CA429C4C80,1,"['Castelvecchio', 'Arena', 'Casa Giulietta']",Palazzo della Ragione,"['AMO', 'Museo Conte', 'Torre Lamberti', 'Centro Fotografia', 'Sighseeing']",Santa Anastasia,strategy_nearest,False,0.0027060508728027344,success
04A9DA3A9C4C80,3,"['Arena', 'Casa Giulietta']",San Fermo,"['Museo Storia', 'Museo Radio', 'Centro Fotografia', 'Sighseeing', 'Torre Lamberti']",Torre Lamberti,strategy_nearest,True,0.0025959014892578125,success
04A9DF3A9C4C80,0,['Castelvecchio'],Arena,"['Verona Tour', 'Museo Lapidario', 'Museo Radio', 'San Fermo', 'Casa Giulietta']",Casa Giulietta,strategy_nearest,True,0.0023908615112304688,success
04A9D4429C4C80,1,"['Arena', 'Casa Giulietta', 'Castelvecchio']",Torre Lamberti,"['Sighseeing', 'Centro Fotografia', 'Museo Conte', 'Palazzo della Ragione', 'AMO']",Palazzo della Ragione,strategy_nearest,True,0.003484964370727539,success
04A9E53A9C4C80,3,['Arena'],Torre Lamberti,"['Sighseeing', 'Centro Fotografia', 'Museo Conte', 'Casa Giulietta', 'Palazzo della Ragione']",Santa Anastasia,strategy_nearest,False,0.002566099166870117,success
04A9ED3A9C4C80,3,"['Arena', 'Castelvecchio']",Casa Giulietta,"['Centro Fotografia', 'Sighseeing', 'Torre Lamberti', 'Museo Conte', 'Museo Radio']",Santa Anastasia,strategy_nearest,False,0.0029790401458740234,success
04A9F8429C4C80,2,"['Casa Giulietta', 'San Fermo', 'Castelvecchio']",Duomo,"['AMO', 'Museo Miniscalchi', 'Santa Anastasia', 'Teatro Romano', 'Palazzo della Ragione']",Teatro Romano,strategy_nearest,True,0.002696990966796875,success
04A9F7429C4C80,2,"['Castelvecchio', 'Casa Giulietta']",Duomo,"['AMO', 'Museo Miniscalchi', 'Santa Anastasia', 'Teatro Romano', 'Palazzo della Ragione']",Teatro Romano,strategy_nearest,True,0.0029010772705078125,success
04A9F93A9C4C80,3,"['Castelvecchio', 'Arena', 'San Fermo']",Giardino Giusti,"['Santa Anastasia', 'Teatro Romano', 'Museo Conte', 'Centro Fotografia', 'Museo Storia']",Teatro Romano,strategy_nearest,True,0.002933979034423828,success
04AA0B429C4C84,3,['Arena'],Torre Lamberti,"['Sighseeing', 'Centro Fotografia', 'Museo Conte', 'Casa Giulietta', 'Palazzo della Ragione']",Santa Anastasia,strategy_nearest,False,0.0018930435180664062,success
04AA053A9C4C84,3,"['Arena', 'Casa Giulietta']",Torre Lamberti,"['Sighseeing', 'Centro Fotografia', 'Museo Conte', 'Palazzo della Ragione', 'AMO']",Duomo,strategy_nearest,False,0.0019021034240722656,success
04AA0C3A9C4C84,3,"['Arena', 'Torre Lamberti']",Santa Anastasia,"['AMO', 'Museo Conte', 'Palazzo della Ragione', 'Teatro Romano', 'Centro Fotografia']",Duomo,strategy_nearest,False,0.0027120113372802734,success
04AA0F3A9C4C84,3,"['Arena', 'Torre Lamberti']",Santa Anastasia,"['AMO', 'Museo Conte', 'Palazzo della Ragione', 'Teatro Romano', 'Centro Fotografia']",Duomo,strategy_nearest,False,0.0030667781829833984,success
04AA1A3A9C4C84,0,['Arena'],Torre Lamberti,"['Sighseeing', 'Centro Fotografia', 'Museo Conte', 'Casa Giulietta', 'Palazzo della Ragione']",Casa Giulietta,strategy_nearest,True,0.0031538009643554688,success
04AA15429C4C84,3,"['Arena', 'Casa Giulietta']",Duomo,"['AMO', 'Museo Miniscalchi', 'Santa Anastasia', 'Teatro Romano', 'Palazzo della Ragione']",Teatro Romano,strategy_nearest,True,0.0026412010192871094,success
04AA1C3A9C4C84,2,['Tomba Giulietta'],Castelvecchio,"['Museo Lapidario', 'Verona Tour', 'Arena', 'Museo Radio', 'San Zeno']",Casa Giulietta,strategy_nearest,False,0.0013897418975830078,success
04AA223A9C4C80,0,['Castelvecchio'],Arena,"['Verona Tour', 'Museo Lapidario', 'Museo Radio', 'San Fermo', 'Casa Giulietta']",Casa Giulietta,strategy_nearest,True,0.003117084503173828,success
04AA25429C4C80,2,"['Santa Anastasia', 'Duomo', 'San Zeno']",Castelvecchio,"['Museo Lapidario', 'Verona Tour', 'Arena', 'Museo Radio', 'Sighseeing']",Tomba Giulietta,strategy_nearest,False,0.0015780925750732422,success
04AA273A9C4C80,3,"['Arena', 'Casa Giulietta']",Torre Lamberti,"['Sighseeing', 'Centro Fotografia', 'Museo Conte', 'Palazzo della Ragione', 'AMO']",Santa Anastasia,strategy_nearest,False,0.0026998519897460938,success
04AA223A9C4C84,2,['Castelvecchio'],Casa Giulietta,"['Centro Fotografia', 'Sighseeing', 'Torre Lamberti', 'Museo Conte', 'Museo Radio']",Duomo,strategy_nearest,False,0.003329038619995117,success
04AA29429C4C84,1,['Teatro Romano'],Duomo,"['AMO', 'Museo Miniscalchi', 'Santa Anastasia', 'Palazzo della Ragione', 'Museo Conte']",Palazzo della Ragione,strategy_nearest,True,0.0019712448120117188,success
04AA2A429C4C80,3,"['Arena', 'Santa Anastasia', 'Torre Lamberti']",Casa Giulietta,"['Centro Fotografia', 'Sighseeing', 'Museo Conte', 'Museo Radio', 'Palazzo della Ragione']",Tomba Giulietta,strategy_nearest,False,0.0013761520385742188,success
04AA2E429C4C80,2,"['Museo Lapidario', 'Castelvecchio', 'Palazzo della Ragione']",San Zeno,"['Verona Tour', 'Arena', 'Museo Miniscalchi', 'Sighseeing', 'Museo Radio']",Duomo,strategy_nearest,False,0.0024747848510742188,success
04AA47429C4C80,3,"['Arena', 'Casa Giulietta']",Duomo,"['AMO', 'Museo Miniscalchi', 'Santa Anastasia', 'Teatro Romano', 'Palazzo della Ragione']",Santa Anastasia,strategy_nearest,True,0.0019099712371826172,success
04AA4B3A9C4C80,1,"['Museo Lapidario', 'Castelvecchio', 'Tomba Giulietta']",Torre Lamberti,"['Sighseeing', 'Centro Fotografia', 'Museo Conte', 'Casa Giulietta', 'Palazzo della Ragione']",Palazzo della Ragione,strategy_nearest,True,0.003052949905395508,success
04AA503A9C4C80,0,['Arena'],Torre Lamberti,"['Sighseeing', 'Centro Fotografia', 'Museo Conte', 'Casa Giulietta', 'Palazzo della Ragione']",San Zeno,strategy_nearest,False,0.001961946487426758,success
04AA57429C4C80,0,"['Arena', 'Museo Lapidario']",Casa Giulietta,"['Centro Fotografia', 'Sighseeing', 'Torre Lamberti', 'Museo Conte', 'Museo Radio']",Torre Lamberti,strategy_nearest,True,0.002544879913330078,success
04AA5A3A9C4C80,1,"['Arena', 'Museo Lapidario', 'Castelvecchio', 'San Zeno', 'Torre Lamberti']",Palazzo della Ragione,"['AMO', 'Museo Conte', 'Centro Fotografia', 'Sighseeing', 'Santa Anastasia']",Casa Giulietta,strategy_nearest,False,0.0024471282958984375,success
04AA6EC27B3F80,0,['Arena'],Casa Giulietta,"['Centro Fotografia', 'Sighseeing', 'Torre Lamberti', 'Museo Conte', 'Museo Radio']",Santa Anastasia,strategy_nearest,False,0.0029540061950683594,success
04AA753A9C4C80,0,['Castelvecchio'],Casa Giulietta,"['Centro Fotografia', 'Sighseeing', 'Torre Lamberti', 'Museo Conte', 'Museo Radio']",Arena,strategy_nearest,False,0.0023779869079589844,success
04AA763A9C4C80,3,['Arena'],Casa Giulietta,"['Centro Fotografia', 'Sighseeing', 'Torre Lamberti', 'Museo Conte', 'Museo Radio']",Santa Anastasia,strategy_nearest,False,0.0024480819702148438,success
04AA793A9C4C80,3,['Santa Anastasia'],Casa Giulietta,"['Centro Fotografia', 'Sighseeing', 'Torre Lamberti', 'Museo Conte', 'Museo Radio']",Arena,strategy_nearest,False,0.0023970603942871094,success
04AA8A429C4C80,0,['Arena'],Casa Giulietta,"['Centro Fotografia', 'Sighseeing', 'Torre Lamberti', 'Museo Conte', 'Museo Radio']",Duomo,strategy_nearest,False,0.0017650127410888672,success
04AA8B3A9C4C80,2,['Castelvecchio'],Casa Giulietta,"['Centro Fotografia', 'Sighseeing', 'Torre Lamberti', 'Museo Conte', 'Museo Radio']",Duomo,strategy_nearest,False,0.003323078155517578,success
04AA90429C4C80,2,['Torre Lamberti'],Santa Anastasia,"['AMO', 'Museo Conte', 'Palazzo della Ragione', 'Teatro Romano', 'Centro Fotografia']",Duomo,strategy_nearest,False,0.0019130706787109375,success
04AAA04A9C4C80,2,['Teatro Romano'],Duomo,"['AMO', 'Museo Miniscalchi', 'Santa Anastasia', 'Palazzo della Ragione', 'Museo Conte']",Castelvecchio,strategy_nearest,False,0.00310516357421875,success
04AAA2429C4C80,3,"['Arena', 'Torre Lamberti']",Casa Giulietta,"['Centro Fotografia', 'Sighseeing', 'Museo Conte', 'Museo Radio', 'Palazzo della Ragione']",Santa Anastasia,strategy_nearest,False,0.0016469955444335938,success
04AAA5429C4C80,0,['Arena'],Torre Lamberti,"['Sighseeing', 'Centro Fotografia', 'Museo Conte', 'Casa Giulietta', 'Palazzo della Ragione']",Duomo,strategy_nearest,False,0.002516031265258789,success
04AAA8429C4C80,0,['Arena'],Torre Lamberti,"['Sighseeing', 'Centro Fotografia', 'Museo Conte', 'Casa Giulietta', 'Palazzo della Ragione']",Castelvecchio,strategy_nearest,False,0.0022890567779541016,success
04AAAC3A9C4C80,3,['Arena'],Santa Anastasia,"['AMO', 'Museo Conte', 'Palazzo della Ragione', 'Teatro Romano', 'Centro Fotografia']",Duomo,strategy_nearest,False,0.0013871192932128906,success
04AAAA429C4C80,3,"['Arena', 'Casa Giulietta', 'Torre Lamberti']",Santa Anastasia,"['AMO', 'Museo Conte', 'Palazzo della Ragione', 'Teatro Romano', 'Centro Fotografia']",Duomo,strategy_nearest,False,0.0032110214233398438,success
04AAAD429C4C80,0,['Arena'],Casa Giulietta,"['Centro Fotografia', 'Sighseeing', 'Torre Lamberti', 'Museo Conte', 'Museo Radio']",Torre Lamberti,strategy_nearest,True,0.0026671886444091797,success
04AAB03A9C4C80,3,['Arena'],Santa Anastasia,"['AMO', 'Museo Conte', 'Palazzo della Ragione', 'Teatro Romano', 'Centro Fotografia']",Duomo,strategy_nearest,False,0.0028908252716064453,success
04AABA3A9C4C80,1,"['Arena', 'Casa Giulietta', 'Torre Lamberti']",Palazzo della Ragione,"['AMO', 'Museo Conte', 'Centro Fotografia', 'Sighseeing', 'Santa Anastasia']",Santa Anastasia,strategy_nearest,True,0.001947164535522461,success
04AABB3A9C4C80,0,['Arena'],Duomo,"['AMO', 'Museo Miniscalchi', 'Santa Anastasia', 'Teatro Romano', 'Palazzo della Ragione']",Casa Giulietta,strategy_nearest,False,0.0024471282958984375,success
04AAC5429C4C80,1,"['Teatro Romano', 'Duomo', 'Santa Anastasia']",Torre Lamberti,"['Sighseeing', 'Centro Fotografia', 'Museo Conte', 'Casa Giulietta', 'Palazzo della Ragione']",Palazzo della Ragione,strategy_nearest,True,0.0024919509887695312,success
04AAC8429C4C80,0,['Torre Lamberti'],Arena,"['Verona Tour', 'Museo Lapidario', 'Museo Radio', 'San Fermo', 'Casa Giulietta']",San Zeno,strategy_nearest,False,0.003930091857910156,success
04AACF3A9C4C80,3,"['Arena', 'Santa Anastasia']",Casa Giulietta,"['Centro Fotografia', 'Sighseeing', 'Torre Lamberti', 'Museo Conte', 'Museo Radio']",Torre Lamberti,strategy_nearest,True,0.001971006393432617,success
04AAD13A9C4C80,3,"['Santa Anastasia', 'Arena']",Torre Lamberti,"['Sighseeing', 'Centro Fotografia', 'Museo Conte', 'Casa Giulietta', 'Palazzo della Ragione']",Duomo,strategy_nearest,False,0.0024590492248535156,success
04AAD73A9C4C80,1,"['Arena', 'Torre Lamberti']",Palazzo della Ragione,"['AMO', 'Museo Conte', 'Centro Fotografia', 'Sighseeing', 'Santa Anastasia']",Casa Giulietta,strategy_nearest,False,0.003031015396118164,success
04AADA429C4C80,0,['Arena'],Castelvecchio,"['Museo Lapidario', 'Verona Tour', 'Museo Radio', 'San Zeno', 'Sighseeing']",Teatro Romano,strategy_nearest,False,0.0020847320556640625,success
04AADC3A9C4C80,2,['Casa Giulietta'],Santa Anastasia,"['AMO', 'Museo Conte', 'Palazzo della Ragione', 'Teatro Romano', 'Centro Fotografia']",Duomo,strategy_nearest,False,0.0026438236236572266,success
04AAEB3A9C4C80,2,"['Teatro Romano', 'Duomo']",Castelvecchio,"['Museo Lapidario', 'Verona Tour', 'Arena', 'Museo Radio', 'San Zeno']",San Zeno,strategy_nearest,True,0.0031630992889404297,success
04AAED3A9C4C80,1,"['Tomba Giulietta', 'Arena', 'Castelvecchio']",Casa Giulietta,"['Centro Fotografia', 'Sighseeing', 'Torre Lamberti', 'Museo Conte', 'Museo Radio']",Palazzo della Ragione,strategy_nearest,False,0.0022840499877929688,success
04AAF33A9C4C80,1,['Arena'],Casa Giulietta,"['Centro Fotografia', 'Sighseeing', 'Torre Lamberti', 'Museo Conte', 'Museo Radio']",Torre Lamberti,strategy_nearest,True,0.0019271373748779297,success
04AAF23A9C4C80,1,"['Castelvecchio', 'Arena']",Palazzo della Ragione,"['AMO', 'Museo Conte', 'Torre Lamberti', 'Centro Fotografia', 'Sighseeing']",Torre Lamberti,strategy_nearest,True,0.0040130615234375,success
04AAFF429C4C80,2,['Teatro Romano'],Castelvecchio,"['Museo Lapidario', 'Verona Tour', 'Arena', 'Museo Radio', 'San Zeno']",San Zeno,strategy_nearest,True,0.0024912357330322266,success
04AB033A9C4C84,3,"['Arena', 'Casa Giulietta']",Torre Lamberti,"['Sighseeing', 'Centro Fotografia', 'Museo Conte', 'Palazzo della Ragione', 'AMO']",Santa Anastasia,strategy_nearest,False,0.0027840137481689453,success
04AB05429C4C84,0,['Arena'],Casa Giulietta,"['Centro Fotografia', 'Sighseeing', 'Torre Lamberti', 'Museo Conte', 'Museo Radio']",Teatro Romano,strategy_nearest,False,0.0020380020141601562,success
04AB06429C4C80,3,"['Castelvecchio', 'Arena']",Casa Giulietta,"['Centro Fotografia', 'Sighseeing', 'Torre Lamberti', 'Museo Conte', 'Museo Radio']",Torre Lamberti,strategy_nearest,True,0.0026450157165527344,success
04AB0A429C4C84,2,"['Castelvecchio', 'Casa Giulietta']",Torre Lamberti,"['Sighseeing', 'Centro Fotografia', 'Museo Conte', 'Palazzo della Ragione', 'AMO']",Teatro Romano,strategy_nearest,False,0.0032172203063964844,success
04AB0B3A9C4C84,1,"['Museo Lapidario', 'Arena', 'Casa Giulietta']",Torre Lamberti,"['Sighseeing', 'Centro Fotografia', 'Museo Conte', 'Palazzo della Ragione', 'AMO']",Palazzo della Ragione,strategy_nearest,True,0.002232074737548828,success
04AB0F3A9C4C84,0,['Arena'],Casa Giulietta,"['Centro Fotografia', 'Sighseeing', 'Torre Lamberti', 'Museo Conte', 'Museo Radio']",San Zeno,strategy_nearest,False,0.003374814987182617,success
04AB0D429C4C84,1,"['Arena', 'Casa Giulietta']",Palazzo della Ragione,"['AMO', 'Museo Conte', 'Torre Lamberti', 'Centro Fotografia', 'Sighseeing']",Santa Anastasia,strategy_nearest,False,0.0030679702758789062,success
04AB13429C4C84,0,['Arena'],Giardino Giusti,"['Santa Anastasia', 'Teatro Romano', 'Museo Conte', 'Centro Fotografia', 'Museo Storia']",Teatro Romano,strategy_nearest,True,0.003943920135498047,success
04AB16429C4C80,0,['Arena'],Castelvecchio,"['Museo Lapidario', 'Verona Tour', 'Museo Radio', 'San Zeno', 'Sighseeing']",Torre Lamberti,strategy_nearest,False,0.0031380653381347656,success
04AB1B3A9C4C80,2,['Castelvecchio'],Casa Giulietta,"['Centro Fotografia', 'Sighseeing', 'Torre Lamberti', 'Museo Conte', 'Museo Radio']",Torre Lamberti,strategy_nearest,True,0.002240896224975586,success
04AB1A429C4C84,1,"['Duomo', 'Palazzo della Ragione']",Torre Lamberti,"['Sighseeing', 'Centro Fotografia', 'Museo Conte', 'Casa Giulietta', 'AMO']",San Fermo,strategy_nearest,False,0.0030639171600341797,success
04AB1F429C4C84,0,['Arena'],Torre Lamberti,"['Sighseeing', 'Centro Fotografia', 'Museo Conte', 'Casa Giulietta', 'Palazzo della Ragione']",Casa Giulietta,strategy_nearest,True,0.003036975860595703,success
04AB203A9C4C80,2,['Castelvecchio'],Santa Anastasia,"['AMO', 'Museo Conte', 'Palazzo della Ragione', 'Teatro Romano', 'Centro Fotografia']",Teatro Romano,strategy_nearest,True,0.0025882720947265625,success
04AB253A9C4C80,0,['Arena'],Santa Anastasia,"['AMO', 'Museo Conte', 'Palazzo della Ragione', 'Teatro Romano', 'Centro Fotografia']",Casa Giulietta,strategy_nearest,False,0.0026731491088867188,success
04AB25429C4C84,1,"['Arena', 'Casa Giulietta']",Giardino Giusti,"['Santa Anastasia', 'Teatro Romano', 'Museo Conte', 'Centro Fotografia', 'Museo Storia']",Teatro Romano,strategy_nearest,True,0.0026950836181640625,success
04AB263A9C4C80,3,"['Arena', 'Casa Giulietta']",San Fermo,"['Museo Storia', 'Museo Radio', 'Centro Fotografia', 'Sighseeing', 'Torre Lamberti']",Santa Anastasia,strategy_nearest,False,0.002215862274169922,success
04AB27429C4C84,3,"['Arena', 'San Fermo', 'Casa Giulietta']",Torre Lamberti,"['Sighseeing', 'Centro Fotografia', 'Museo Conte', 'Palazzo della Ragione', 'AMO']",Duomo,strategy_nearest,False,0.0023949146270751953,success
04AB393A9C4C80,0,['Torre Lamberti'],Casa Giulietta,"['Centro Fotografia', 'Sighseeing', 'Museo Conte', 'Museo Radio', 'Palazzo della Ragione']",Arena,strategy_nearest,False,0.0020380020141601562,success
04AB403A9C4C80,0,['Arena'],Casa Giulietta,"['Centro Fotografia', 'Sighseeing', 'Torre Lamberti', 'Museo Conte', 'Museo Radio']",Teatro Romano,strategy_nearest,False,0.002628326416015625,success
04AB2F429C4C80,0,['Arena'],Castelvecchio,"['Museo Lapidario', 'Verona Tour', 'Museo Radio', 'San Zeno', 'Sighseeing']",Santa Anastasia,strategy_nearest,False,0.002870798110961914,success
04AB47429C4C80,3,['Arena'],Torre Lamberti,"['Sighseeing', 'Centro Fotografia', 'Museo Conte', 'Casa Giulietta', 'Palazzo della Ragione']",Santa Anastasia,strategy_nearest,False,0.0031270980834960938,success
04AB50429C4C80,3,"['Castelvecchio', 'San Fermo']",Casa Giulietta,"['Centro Fotografia', 'Sighseeing', 'Torre Lamberti', 'Museo Conte', 'Museo Radio']",Santa Anastasia,strategy_nearest,False,0.0026149749755859375,success
04AB51429C4C80,0,['San Zeno'],Castelvecchio,"['Museo Lapidario', 'Verona Tour', 'Arena', 'Museo Radio', 'Sighseeing']",Casa Giulietta,strategy_nearest,False,0.0013308525085449219,success
04AB4C429C4C80,0,['Arena'],Castelvecchio,"['Museo Lapidario', 'Verona Tour', 'Museo Radio', 'San Zeno', 'Sighseeing']",Casa Giulietta,strategy_nearest,False,0.0032618045806884766,success
04AB53429C4C80,3,"['Arena', 'Castelvecchio']",Santa Anastasia,"['AMO', 'Museo Conte', 'Palazzo della Ragione', 'Teatro Romano', 'Centro Fotografia']",Casa Giulietta,strategy_nearest,False,0.0028731822967529297,success
04AB743A9C4C80,0,"['Tomba Giulietta', 'Arena']",Castelvecchio,"['Museo Lapidario', 'Verona Tour', 'Museo Radio', 'San Zeno', 'Sighseeing']",Casa Giulietta,strategy_nearest,False,0.0025289058685302734,success
04AB57429C4C80,3,['Arena'],Casa Giulietta,"['Centro Fotografia', 'Sighseeing', 'Torre Lamberti', 'Museo Conte', 'Museo Radio']",Santa Anastasia,strategy_nearest,False,0.002530813217163086,success
04AB573A9C4C80,2,['Palazzo della Ragione'],Torre Lamberti,"['Sighseeing', 'Centro Fotografia', 'Museo Conte', 'Casa Giulietta', 'AMO']",Castelvecchio,strategy_nearest,False,0.0022020339965820312,success
04AB773A9C4C80,2,['Santa Anastasia'],Duomo,"['AMO', 'Museo Miniscalchi', 'Teatro Romano', 'Palazzo della Ragione', 'Museo Conte']",Teatro Romano,strategy_nearest,True,0.002844095230102539,success
04AB79429C4C80,1,['Arena'],Casa Giulietta,"['Centro Fotografia', 'Sighseeing', 'Torre Lamberti', 'Museo Conte', 'Museo Radio']",Palazzo della Ragione,strategy_nearest,False,0.001981973648071289,success
04AB7B429C4C80,3,"['Torre Lamberti', 'Tomba Giulietta', 'San Fermo', 'Arena']",Castelvecchio,"['Museo Lapidario', 'Verona Tour', 'Museo Radio', 'San Zeno', 'Sighseeing']",San Zeno,strategy_nearest,True,0.0013918876647949219,success
04AB8B429C4C80,3,"['Arena', 'Castelvecchio', 'Duomo']",Torre Lamberti,"['Sighseeing', 'Centro Fotografia', 'Museo Conte', 'Casa Giulietta', 'Palazzo della Ragione']",Casa Giulietta,strategy_nearest,True,0.0032269954681396484,success
04AB81429C4C80,3,"['Arena', 'Casa Giulietta']",Torre Lamberti,"['Sighseeing', 'Centro Fotografia', 'Museo Conte', 'Palazzo della Ragione', 'AMO']",Santa Anastasia,strategy_nearest,False,0.0025949478149414062,success
04AB8D3A9C4C80,0,"['Museo Lapidario', 'Arena']",Torre Lamberti,"['Sighseeing', 'Centro Fotografia', 'Museo Conte', 'Casa Giulietta', 'Palazzo della Ragione']",Teatro Romano,strategy_nearest,False,0.001863241195678711,success
04AB9C4A9C4C80,0,"['Museo Lapidario', 'Castelvecchio']",Arena,"['Verona Tour', 'Museo Radio', 'San Fermo', 'Casa Giulietta', 'Sighseeing']",Casa Giulietta,strategy_nearest,True,0.0018990039825439453,success
04ABA0429C4C80,1,"['Arena', 'Torre Lamberti']",Palazzo della Ragione,"['AMO', 'Museo Conte', 'Centro Fotografia', 'Sighseeing', 'Santa Anastasia']",Casa Giulietta,strategy_nearest,False,0.002679109573364258,success
04ABA7429C4C80,0,['Arena'],Torre Lamberti,"['Sighseeing', 'Centro Fotografia', 'Museo Conte', 'Casa Giulietta', 'Palazzo della Ragione']",Casa Giulietta,strategy_nearest,True,0.0029692649841308594,success
04ABB03A9C4C80,3,['Arena'],Santa Anastasia,"['AMO', 'Museo Conte', 'Palazzo della Ragione', 'Teatro Romano', 'Centro Fotografia']",Duomo,strategy_nearest,False,0.0022318363189697266,success
04ABBD3A9C4C80,3,"['Arena', 'Casa Giulietta']",Torre Lamberti,"['Sighseeing', 'Centro Fotografia', 'Museo Conte', 'Palazzo della Ragione', 'AMO']",Santa Anastasia,strategy_nearest,False,0.002153158187866211,success
04ABC4429C4C80,6,"['Casa Giulietta', 'Palazzo della Ragione']",Torre Lamberti,"['Sighseeing', 'Centro Fotografia', 'Museo Conte', 'AMO', 'Museo Miniscalchi']",Arena,strategy_nearest,False,0.0014400482177734375,success
04ABC73A9C4C80,1,"['Teatro Romano', 'Casa Giulietta']",Torre Lamberti,"['Sighseeing', 'Centro Fotografia', 'Museo Conte', 'Palazzo della Ragione', 'AMO']",Palazzo della Ragione,strategy_nearest,True,0.0030820369720458984,success
04ABBA429C4C80,1,"['Arena', 'Casa Giulietta']",Palazzo della Ragione,"['AMO', 'Museo Conte', 'Torre Lamberti', 'Centro Fotografia', 'Sighseeing']",Torre Lamberti,strategy_nearest,True,0.003329038619995117,success
04ABC7429C4C80,1,"['Arena', 'Casa Giulietta', 'Palazzo della Ragione']",Torre Lamberti,"['Sighseeing', 'Centro Fotografia', 'Museo Conte', 'AMO', 'Museo Miniscalchi']",Santa Anastasia,strategy_nearest,False,0.0013737678527832031,success
04ABC83A9C4C80,3,"['Arena', 'Torre Lamberti']",Casa Giulietta,"['Centro Fotografia', 'Sighseeing', 'Museo Conte', 'Museo Radio', 'Palazzo della Ragione']",Santa Anastasia,strategy_nearest,False,0.0020380020141601562,success
04ABC9429C4C80,2,['Santa Anastasia'],Castelvecchio,"['Museo Lapidario', 'Verona Tour', 'Arena', 'Museo Radio', 'San Zeno']",Tomba Giulietta,strategy_nearest,False,0.0024487972259521484,success
04ABC93A9C4C80,3,['Arena'],Santa Anastasia,"['AMO', 'Museo Conte', 'Palazzo della Ragione', 'Teatro Romano', 'Centro Fotografia']",Duomo,strategy_nearest,False,0.0032558441162109375,success
04ABD03A9C4C80,0,['Teatro Romano'],Duomo,"['AMO', 'Museo Miniscalchi', 'Santa Anastasia', 'Palazzo della Ragione', 'Museo Conte']",Arena,strategy_nearest,False,0.00203704833984375,success
04ABD73A9C4C80,1,"['Arena', 'Torre Lamberti', 'Palazzo della Ragione']",Duomo,"['AMO', 'Museo Miniscalchi', 'Santa Anastasia', 'Teatro Romano', 'Museo Conte']",Santa Anastasia,strategy_nearest,True,0.00249481201171875,success
04ABD13A9C4C80,0,['Castelvecchio'],Arena,"['Verona Tour', 'Museo Lapidario', 'Museo Radio', 'San Fermo', 'Casa Giulietta']",Casa Giulietta,strategy_nearest,True,0.002585887908935547,success
04ABE1429C4C80,3,"['Arena', 'San Fermo', 'Santa Anastasia']",Duomo,"['AMO', 'Museo Miniscalchi', 'Teatro Romano', 'Palazzo della Ragione', 'Museo Conte']",Castelvecchio,strategy_nearest,False,0.00453495979309082,success
04ABF1429C4C80,1,"['Arena', 'Castelvecchio', 'Torre Lamberti', 'Torre Lamberti']",Palazzo della Ragione,"['AMO', 'Museo Conte', 'Centro Fotografia', 'Sighseeing', 'Santa Anastasia']",Casa Giulietta,strategy_nearest,False,0.0028219223022460938,success
04ABEF3A9C4C80,3,"['Casa Giulietta', 'San Fermo']",Arena,"['Verona Tour', 'Museo Lapidario', 'Museo Radio', 'Sighseeing', 'Castelvecchio']",Santa Anastasia,strategy_nearest,False,0.0027179718017578125,success
04ABE5C27B3F80,0,['Arena'],Casa Giulietta,"['Centro Fotografia', 'Sighseeing', 'Torre Lamberti', 'Museo Conte', 'Museo Radio']",Santa Anastasia,strategy_nearest,False,0.0013689994812011719,success
04AC14429C4C80,1,"['Arena', 'Museo Lapidario', 'Castelvecchio', 'San Zeno', 'Teatro Romano']",Duomo,"['AMO', 'Museo Miniscalchi', 'Santa Anastasia', 'Palazzo della Ragione', 'Museo Conte']",Casa Giulietta,strategy_nearest,False,0.0020029544830322266,success
04AC093A9C4C84,0,['Arena'],Casa Giulietta,"['Centro Fotografia', 'Sighseeing', 'Torre Lamberti', 'Museo Conte', 'Museo Radio']",Torre Lamberti,strategy_nearest,True,0.0026481151580810547,success
04ABF33A9C4C80,0,['Arena'],Castelvecchio,"['Museo Lapidario', 'Verona Tour', 'Museo Radio', 'San Zeno', 'Sighseeing']",Casa Giulietta,strategy_nearest,False,0.0014498233795166016,success
04AC0D4A9C4C80,2,['Torre Lamberti'],Santa Anastasia,"['AMO', 'Museo Conte', 'Palazzo della Ragione', 'Teatro Romano', 'Centro Fotografia']",Giardino Giusti,strategy_nearest,False,0.003231048583984375,success
04AC1D3A9C4C80,0,"['Castelvecchio', 'Arena']",Casa Giulietta,"['Centro Fotografia', 'Sighseeing', 'Torre Lamberti', 'Museo Conte', 'Museo Radio']",Torre Lamberti,strategy_nearest,True,0.0021059513092041016,success
04AC17429C4C80,2,['Castelvecchio'],Casa Giulietta,"['Centro Fotografia', 'Sighseeing', 'Torre Lamberti', 'Museo Conte', 'Museo Radio']",Torre Lamberti,strategy_nearest,True,0.0015728473663330078,success
04AC1E429C4C80,0,['Arena'],Casa Giulietta,"['Centro Fotografia', 'Sighseeing', 'Torre Lamberti', 'Museo Conte', 'Museo Radio']",Torre Lamberti,strategy_nearest,True,0.0025517940521240234,success
04AC183A9C4C84,3,"['Arena', 'Torre Lamberti']",Duomo,"['AMO', 'Museo Miniscalchi', 'Santa Anastasia', 'Teatro Romano', 'Palazzo della Ragione']",Teatro Romano,strategy_nearest,True,0.003325939178466797,success
04AC203A9C4C84,0,['Arena'],Casa Giulietta,"['Centro Fotografia', 'Sighseeing', 'Torre Lamberti', 'Museo Conte', 'Museo Radio']",Tomba Giulietta,strategy_nearest,False,0.0021822452545166016,success
04AC26429C4C84,3,"['Arena', 'Casa Giulietta', 'Santa Anastasia']",Duomo,"['AMO', 'Museo Miniscalchi', 'Teatro Romano', 'Palazzo della Ragione', 'Museo Conte']",San Fermo,strategy_nearest,False,0.0013651847839355469,success
04AC2E429C4C80,1,"['Arena', 'Casa Giulietta']",Torre Lamberti,"['Sighseeing', 'Centro Fotografia', 'Museo Conte', 'Palazzo della Ragione', 'AMO']",Palazzo della Ragione,strategy_nearest,True,0.002669811248779297,success
04AC3E429C4C80,1,"['Arena', 'Torre Lamberti']",Palazzo della Ragione,"['AMO', 'Museo Conte', 'Centro Fotografia', 'Sighseeing', 'Santa Anastasia']",Castelvecchio,strategy_nearest,False,0.002938985824584961,success
04AC53429C4C80,0,['Arena'],Castelvecchio,"['Museo Lapidario', 'Verona Tour', 'Museo Radio', 'San Zeno', 'Sighseeing']",Casa Giulietta,strategy_nearest,False,0.0015022754669189453,success
04AC4E3A9C4C80,2,"['Santa Anastasia', 'Casa Giulietta']",Teatro Romano,"['Duomo', 'AMO', 'Palazzo della Ragione', 'Museo Conte', 'Centro Fotografia']",Duomo,strategy_nearest,True,0.002775907516479492,success
04AC4C429C4C80,0,"['Arena', 'Museo Lapidario']",Castelvecchio,"['Verona Tour', 'Museo Radio', 'San Zeno', 'Sighseeing', 'Museo Miniscalchi']",Casa Giulietta,strategy_nearest,False,0.003407001495361328,success
04AC61429C4C80,0,['Arena'],Torre Lamberti,"['Sighseeing', 'Centro Fotografia', 'Museo Conte', 'Casa Giulietta', 'Palazzo della Ragione']",Casa Giulietta,strategy_nearest,True,0.0032541751861572266,success
04AC75429C4C80,1,"['Arena', 'Casa Giulietta']",Torre Lamberti,"['Sighseeing', 'Centro Fotografia', 'Museo Conte', 'Palazzo della Ragione', 'AMO']",Palazzo della Ragione,strategy_nearest,True,0.002432107925415039,success
04AC723A9C4C80,3,"['Arena', 'Casa Giulietta']",Santa Anastasia,"['AMO', 'Museo Conte', 'Palazzo della Ragione', 'Teatro Romano', 'Centro Fotografia']",Duomo,strategy_nearest,False,0.0019931793212890625,success
04AC743A9C4C80,0,['Arena'],Castelvecchio,"['Museo Lapidario', 'Verona Tour', 'Museo Radio', 'San Zeno', 'Sighseeing']",Tomba Giulietta,strategy_nearest,False,0.002514362335205078,success
04AC77429C4C80,2,['Casa Giulietta'],Santa Anastasia,"['AMO', 'Museo Conte', 'Palazzo della Ragione', 'Teatro Romano', 'Centro Fotografia']",Torre Lamberti,strategy_nearest,False,0.0031731128692626953,success
04AC9E429C4C80,1,['Arena'],Palazzo della Ragione,"['AMO', 'Museo Conte', 'Torre Lamberti', 'Centro Fotografia', 'Sighseeing']",Casa Giulietta,strategy_nearest,False,0.0013239383697509766,success
04AC783A9C4C80,1,['Arena'],Casa Giulietta,"['Centro Fotografia', 'Sighseeing', 'Torre Lamberti', 'Museo Conte', 'Museo Radio']",Torre Lamberti,strategy_nearest,True,0.0025930404663085938,success
04AC8D3A9C4C80,3,"['Arena', 'Casa Giulietta']",Santa Anastasia,"['AMO', 'Museo Conte', 'Palazzo della Ragione', 'Teatro Romano', 'Centro Fotografia']",Giardino Giusti,strategy_nearest,False,0.0031981468200683594,success
04ACA83A9C4C80,0,['Arena'],Casa Giulietta,"['Centro Fotografia', 'Sighseeing', 'Torre Lamberti', 'Museo Conte', 'Museo Radio']",San Zeno,strategy_nearest,False,0.0016188621520996094,success
04ACA44A9C4C80,0,['Arena'],Casa Giulietta,"['Centro Fotografia', 'Sighseeing', 'Torre Lamberti', 'Museo Conte', 'Museo Radio']",Torre Lamberti,strategy_nearest,True,0.0027658939361572266,success
04ACAC429C4C80,0,['Arena'],Casa Giulietta,"['Centro Fotografia', 'Sighseeing', 'Torre Lamberti', 'Museo Conte', 'Museo Radio']",Torre Lamberti,strategy_nearest,True,0.0018260478973388672,success
04ACAB3A9C4C80,3,['Torre Lamberti'],Santa Anastasia,"['AMO', 'Museo Conte', 'Palazzo della Ragione', 'Teatro Romano', 'Centro Fotografia']",Arena,strategy_nearest,False,0.002692699432373047,success
04ACAE3A9C4C80,0,['Arena'],Tomba Giulietta,"['San Fermo', 'Museo Storia', 'Museo Lapidario', 'Museo Radio', 'Verona Tour']",Casa Giulietta,strategy_nearest,False,0.0026640892028808594,success
04ACAF429C4C80,1,['Arena'],Casa Giulietta,"['Centro Fotografia', 'Sighseeing', 'Torre Lamberti', 'Museo Conte', 'Museo Radio']",Palazzo della Ragione,strategy_nearest,False,0.0029838085174560547,success
04ACB43A9C4C80,3,"['San Zeno', 'Castelvecchio', 'Arena']",Torre Lamberti,"['Sighseeing', 'Centro Fotografia', 'Museo Conte', 'Casa Giulietta', 'Palazzo della Ragione']",Santa Anastasia,strategy_nearest,False,0.0021848678588867188,success
04ACC33A9C4C80,0,"['Arena', 'Casa Giulietta']",Torre Lamberti,"['Sighseeing', 'Centro Fotografia', 'Museo Conte', 'Palazzo della Ragione', 'AMO']",Castelvecchio,strategy_nearest,False,0.003040790557861328,success
04ACC9429C4C80,2,['Santa Anastasia'],Castelvecchio,"['Museo Lapidario', 'Verona Tour', 'Arena', 'Museo Radio', 'San Zeno']",Tomba Giulietta,strategy_nearest,False,0.002474069595336914,success
04ACCB429C4C80,0,['Torre Lamberti'],Casa Giulietta,"['Centro Fotografia', 'Sighseeing', 'Museo Conte', 'Museo Radio', 'Palazzo della Ragione']",Arena,strategy_nearest,False,0.002227783203125,success
04ACDD3A9C4C80,2,['Casa Giulietta'],Santa Anastasia,"['AMO', 'Museo Conte', 'Palazzo della Ragione', 'Teatro Romano', 'Centro Fotografia']",Duomo,strategy_nearest,False,0.0014462471008300781,success
04ACE83A9C4C80,2,['Duomo'],Palazzo della Ragione,"['AMO', 'Museo Conte', 'Torre Lamberti', 'Centro Fotografia', 'Sighseeing']",Casa Giulietta,strategy_nearest,False,0.0019032955169677734,success
04ACE1429C4C80,0,"['Torre Lamberti', 'Duomo']",Casa Giulietta,"['Centro Fotografia', 'Sighseeing', 'Museo Conte', 'Museo Radio', 'Palazzo della Ragione']",Arena,strategy_nearest,False,0.002782106399536133,success
04AD084A9C4C80,3,"['Arena', 'San Fermo', 'Casa Giulietta', 'Torre Lamberti']",San Zeno,"['Castelvecchio', 'Verona Tour', 'Museo Lapidario', 'Museo Miniscalchi', 'Sighseeing']",Castelvecchio,strategy_nearest,True,0.0032958984375,success
04AD223A9C4C84,3,"['Teatro Romano', 'Arena', 'Torre Lamberti']",Santa Anastasia,"['AMO', 'Museo Conte', 'Palazzo della Ragione', 'Centro Fotografia', 'Duomo']",Duomo,strategy_nearest,True,0.0018630027770996094,success
04AD1A3A9C4C84,0,['Arena'],Casa Giulietta,"['Centro Fotografia', 'Sighseeing', 'Torre Lamberti', 'Museo Conte', 'Museo Radio']",San Fermo,strategy_nearest,False,0.001996755599975586,success
04AD16429C4C80,0,"['Arena', 'Museo Lapidario']",Castelvecchio,"['Verona Tour', 'Museo Radio', 'San Zeno', 'Sighseeing', 'Museo Miniscalchi']",Torre Lamberti,strategy_nearest,False,0.003204822540283203,success
04AD33429C4C80,0,"['Arena', 'Casa Giulietta']",Torre Lamberti,"['Sighseeing', 'Centro Fotografia', 'Museo Conte', 'Palazzo della Ragione', 'AMO']",Teatro Romano,strategy_nearest,False,0.0018198490142822266,success
04AD273A9C4C80,0,['Arena'],Tomba Giulietta,"['San Fermo', 'Museo Storia', 'Museo Lapidario', 'Museo Radio', 'Verona Tour']",Casa Giulietta,strategy_nearest,False,0.0033600330352783203,success
04AD354A9C4C80,1,"['Castelvecchio', 'Palazzo della Ragione', 'Torre Lamberti', 'Arena']",Casa Giulietta,"['Centro Fotografia', 'Sighseeing', 'Museo Conte', 'Museo Radio', 'San Fermo']",San Fermo,strategy_nearest,True,0.0023009777069091797,success
04AD39429C4C80,0,"['Castelvecchio', 'Arena']",Casa Giulietta,"['Centro Fotografia', 'Sighseeing', 'Torre Lamberti', 'Museo Conte', 'Museo Radio']",Teatro Romano,strategy_nearest,False,0.002377033233642578,success
04AD3C3A9C4C80,3,"['Arena', 'Torre Lamberti']",Santa Anastasia,"['AMO', 'Museo Conte', 'Palazzo della Ragione', 'Teatro Romano', 'Centro Fotografia']",Casa Giulietta,strategy_nearest,False,0.0017809867858886719,success
04AD3F429C4C80,1,"['Arena', 'Castelvecchio', 'Casa Giulietta', 'San Zeno', 'San Fermo']",Palazzo della Ragione,"['AMO', 'Museo Conte', 'Torre Lamberti', 'Centro Fotografia', 'Sighseeing']",Torre Lamberti,strategy_nearest,True,0.0024352073669433594,success
04AD533A9C4C80,1,"['Arena', 'Torre Lamberti']",Palazzo della Ragione,"['AMO', 'Museo Conte', 'Centro Fotografia', 'Sighseeing', 'Santa Anastasia']",Casa Giulietta,strategy_nearest,False,0.0021429061889648438,success
04AD563A9C4C80,0,['Arena'],Castelvecchio,"['Museo Lapidario', 'Verona Tour', 'Museo Radio', 'San Zeno', 'Sighseeing']",Duomo,strategy_nearest,False,0.002004861831665039,success
04AD68429C4C80,2,"['Casa Giulietta', 'Torre Lamberti']",Santa Anastasia,"['AMO', 'Museo Conte', 'Palazzo della Ragione', 'Teatro Romano', 'Centro Fotografia']",San Zeno,strategy_nearest,False,0.003034830093383789,success
04AD6E429C4C80,0,['Arena'],Torre Lamberti,"['Sighseeing', 'Centro Fotografia', 'Museo Conte', 'Casa Giulietta', 'Palazzo della Ragione']",Casa Giulietta,strategy_nearest,True,0.0018389225006103516,success
04AD713A9C4C80,3,"['Arena', 'San Zeno', 'Casa Giulietta']",Torre Lamberti,"['Sighseeing', 'Centro Fotografia', 'Museo Conte', 'Palazzo della Ragione', 'AMO']",Santa Anastasia,strategy_nearest,False,0.002373218536376953,success
04AD723A9C4C80,2,"['Castelvecchio', 'Torre Lamberti']",Palazzo della Ragione,"['AMO', 'Museo Conte', 'Centro Fotografia', 'Sighseeing', 'Santa Anastasia']",Casa Giulietta,strategy_nearest,False,0.0020759105682373047,success
04AD72429C4C80,0,['Arena'],Casa Giulietta,"['Centro Fotografia', 'Sighseeing', 'Torre Lamberti', 'Museo Conte', 'Museo Radio']",Duomo,strategy_nearest,False,0.003325223922729492,success
04AD733A9C4C80,1,"['Tomba Giulietta', 'Arena']",Torre Lamberti,"['Sighseeing', 'Centro Fotografia', 'Museo Conte', 'Casa Giulietta', 'Palazzo della Ragione']",Palazzo della Ragione,strategy_nearest,True,0.0024449825286865234,success
04AD7A3A9C4C80,0,['Arena'],Casa Giulietta,"['Centro Fotografia', 'Sighseeing', 'Torre Lamberti', 'Museo Conte', 'Museo Radio']",Castelvecchio,strategy_nearest,False,0.0022559165954589844,success
04AD844A9C4C80,0,['Arena'],Casa Giulietta,"['Centro Fotografia', 'Sighseeing', 'Torre Lamberti', 'Museo Conte', 'Museo Radio']",Casa Giulietta,strategy_nearest,False,0.002572774887084961,success
04AD7E429C4C80,1,['Arena'],Torre Lamberti,"['Sighseeing', 'Centro Fotografia', 'Museo Conte', 'Casa Giulietta', 'Palazzo della Ragione']",Palazzo della Ragione,strategy_nearest,True,0.002007007598876953,success
04AD884A9C4C80,0,['Arena'],Casa Giulietta,"['Centro Fotografia', 'Sighseeing', 'Torre Lamberti', 'Museo Conte', 'Museo Radio']",Torre Lamberti,strategy_nearest,True,0.003026723861694336,success
04AD8B429C4C80,0,['Arena'],Casa Giulietta,"['Centro Fotografia', 'Sighseeing', 'Torre Lamberti', 'Museo Conte', 'Museo Radio']",Torre Lamberti,strategy_nearest,True,0.0020749568939208984,success
04ADA5BA7B3F80,2,['Santa Anastasia'],Casa Giulietta,"['Centro Fotografia', 'Sighseeing', 'Torre Lamberti', 'Museo Conte', 'Museo Radio']",Castelvecchio,strategy_nearest,False,0.0025358200073242188,success
04AD8D3A9C4C80,3,"['Arena', 'Torre Lamberti']",Santa Anastasia,"['AMO', 'Museo Conte', 'Palazzo della Ragione', 'Teatro Romano', 'Centro Fotografia']",Duomo,strategy_nearest,False,0.0019371509552001953,success
04AD9A429C4C80,0,['Arena'],Santa Anastasia,"['AMO', 'Museo Conte', 'Palazzo della Ragione', 'Teatro Romano', 'Centro Fotografia']",Casa Giulietta,strategy_nearest,False,0.003203153610229492,success
04ADA74A9C4C80,0,['Arena'],Casa Giulietta,"['Centro Fotografia', 'Sighseeing', 'Torre Lamberti', 'Museo Conte', 'Museo Radio']",Torre Lamberti,strategy_nearest,True,0.0017521381378173828,success
04ADAABA7B3F80,2,['Santa Anastasia'],Palazzo della Ragione,"['AMO', 'Museo Conte', 'Torre Lamberti', 'Centro Fotografia', 'Sighseeing']",Castelvecchio,strategy_nearest,False,0.0019719600677490234,success
04ADA9429C4C80,1,"['Casa Giulietta', 'Arena', 'Palazzo della Ragione']",Museo Storia,"['San Fermo', 'Museo Radio', 'Centro Fotografia', 'Tomba Giulietta', 'Torre Lamberti']",San Fermo,strategy_nearest,True,0.0026018619537353516,success
04ADAB429C4C80,3,['Arena'],Casa Giulietta,"['Centro Fotografia', 'Sighseeing', 'Torre Lamberti', 'Museo Conte', 'Museo Radio']",Torre Lamberti,strategy_nearest,True,0.003058910369873047,success
04ADAC429C4C80,3,"['Arena', 'Torre Lamberti']",Casa Giulietta,"['Centro Fotografia', 'Sighseeing', 'Museo Conte', 'Museo Radio', 'Palazzo della Ragione']",Duomo,strategy_nearest,False,0.002986907958984375,success
04ADAD429C4C80,3,['Arena'],Torre Lamberti,"['Sighseeing', 'Centro Fotografia', 'Museo Conte', 'Casa Giulietta', 'Palazzo della Ragione']",Duomo,strategy_nearest,False,0.0032958984375,success
04ADB0429C4C80,3,"['Casa Giulietta', 'Torre Lamberti']",Castelvecchio,"['Museo Lapidario', 'Verona Tour', 'Arena', 'Museo Radio', 'San Zeno']",Arena,strategy_nearest,True,0.0017669200897216797,success
04ADBB429C4C80,0,['Torre Lamberti'],Casa Giulietta,"['Centro Fotografia', 'Sighseeing', 'Museo Conte', 'Museo Radio', 'Palazzo della Ragione']",Arena,strategy_nearest,False,0.00321197509765625,success
04ADBC3A9C4C80,3,['Arena'],San Fermo,"['Museo Storia', 'Museo Radio', 'Casa Giulietta', 'Centro Fotografia', 'Sighseeing']",Duomo,strategy_nearest,False,0.002731800079345703,success
04ADBF3A9C4C80,0,['Arena'],Torre Lamberti,"['Sighseeing', 'Centro Fotografia', 'Museo Conte', 'Casa Giulietta', 'Palazzo della Ragione']",Casa Giulietta,strategy_nearest,True,0.0024802684783935547,success
04ADC33A9C4C80,2,"['Castelvecchio', 'Palazzo della Ragione']",Torre Lamberti,"['Sighseeing', 'Centro Fotografia', 'Museo Conte', 'Casa Giulietta', 'AMO']",Casa Giulietta,strategy_nearest,True,0.0027768611907958984,success
04ADC8429C4C80,1,"['Castelvecchio', 'Arena', 'Museo Lapidario']",San Fermo,"['Museo Storia', 'Museo Radio', 'Casa Giulietta', 'Centro Fotografia', 'Sighseeing']",Palazzo della Ragione,strategy_nearest,False,0.0027000904083251953,success
04ADC73A9C4C80,0,['Arena'],Casa Giulietta,"['Centro Fotografia', 'Sighseeing', 'Torre Lamberti', 'Museo Conte', 'Museo Radio']",Castelvecchio,strategy_nearest,False,0.0035240650177001953,success
04ADD43A9C4C80,0,['Arena'],Casa Giulietta,"['Centro Fotografia', 'Sighseeing', 'Torre Lamberti', 'Museo Conte', 'Museo Radio']",Tomba Giulietta,strategy_nearest,False,0.0014619827270507812,success
04ADDA3A9C4C80,3,"['Arena', 'Teatro Romano']",Duomo,"['AMO', 'Museo Miniscalchi', 'Santa Anastasia', 'Palazzo della Ragione', 'Museo Conte']",Castelvecchio,strategy_nearest,False,0.0021691322326660156,success
04ADDC3A9C4C80,3,['Arena'],Santa Anastasia,"['AMO', 'Museo Conte', 'Palazzo della Ragione', 'Teatro Romano', 'Centro Fotografia']",Duomo,strategy_nearest,False,0.0026628971099853516,success
04ADDE3A9C4C80,3,"['Arena', 'Castelvecchio', 'Casa Giulietta']",Santa Anastasia,"['AMO', 'Museo Conte', 'Palazzo della Ragione', 'Teatro Romano', 'Centro Fotografia']",Duomo,strategy_nearest,False,0.0032989978790283203,success
04ADF23A9C4C80,0,['Arena'],Casa Giulietta,"['Centro Fotografia', 'Sighseeing', 'Torre Lamberti', 'Museo Conte', 'Museo Radio']",Castelvecchio,strategy_nearest,False,0.0017728805541992188,success
04ADF0429C4C80,6,"['Arena', 'Casa Giulietta', 'Santa Anastasia', 'Museo Lapidario']",Castelvecchio,"['Verona Tour', 'Museo Radio', 'San Zeno', 'Sighseeing', 'Museo Miniscalchi']",Torre Lamberti,strategy_nearest,False,0.002512693405151367,success
04ADF73A9C4C80,1,"['Arena', 'Museo Lapidario']",Palazzo della Ragione,"['AMO', 'Museo Conte', 'Torre Lamberti', 'Centro Fotografia', 'Sighseeing']",Torre Lamberti,strategy_nearest,True,0.0024979114532470703,success
04ADF8429C4C80,3,"['Santa Anastasia', 'Duomo', 'Arena']",San Zeno,"['Castelvecchio', 'Verona Tour', 'Museo Lapidario', 'Museo Miniscalchi', 'Sighseeing']",Torre Lamberti,strategy_nearest,False,0.0028519630432128906,success
04AE084A9C4C80,3,"['Torre Lamberti', 'Arena']",Duomo,"['AMO', 'Museo Miniscalchi', 'Santa Anastasia', 'Teatro Romano', 'Palazzo della Ragione']",Santa Anastasia,strategy_nearest,True,0.0015749931335449219,success
04AE074A9C4C80,1,"['Arena', 'Castelvecchio', 'Torre Lamberti']",Museo Storia,"['San Fermo', 'Museo Radio', 'Casa Giulietta', 'Centro Fotografia', 'Tomba Giulietta']",Casa Giulietta,strategy_nearest,True,0.0028030872344970703,success
04AE03429C4C84,0,['Casa Giulietta'],Arena,"['Verona Tour', 'Museo Lapidario', 'Museo Radio', 'San Fermo', 'Sighseeing']",San Zeno,strategy_nearest,False,0.004038810729980469,success
04AE0B3A9C4C84,3,"['Arena', 'Casa Giulietta']",Santa Anastasia,"['AMO', 'Museo Conte', 'Palazzo della Ragione', 'Teatro Romano', 'Centro Fotografia']",Duomo,strategy_nearest,False,0.0025739669799804688,success
04AE14429C4C84,0,['Arena'],Casa Giulietta,"['Centro Fotografia', 'Sighseeing', 'Torre Lamberti', 'Museo Conte', 'Museo Radio']",Santa Anastasia,strategy_nearest,False,0.0017740726470947266,success
04AE1C429C4C84,0,['Arena'],Castelvecchio,"['Museo Lapidario', 'Verona Tour', 'Museo Radio', 'San Zeno', 'Sighseeing']",Tomba Giulietta,strategy_nearest,False,0.003022909164428711,success
04AE0E3A9C4C84,3,['Arena'],Casa Giulietta,"['Centro Fotografia', 'Sighseeing', 'Torre Lamberti', 'Museo Conte', 'Museo Radio']",Torre Lamberti,strategy_nearest,True,0.0012979507446289062,success
04AE173A9C4C80,1,"['Museo Lapidario', 'Santa Anastasia', 'Duomo']",Palazzo della Ragione,"['AMO', 'Museo Conte', 'Torre Lamberti', 'Centro Fotografia', 'Sighseeing']",Torre Lamberti,strategy_nearest,True,0.002682209014892578,success
04AE1D3A9C4C80,3,"['Arena', 'Torre Lamberti']",Santa Anastasia,"['AMO', 'Museo Conte', 'Palazzo della Ragione', 'Teatro Romano', 'Centro Fotografia']",Duomo,strategy_nearest,False,0.0025348663330078125,success
04AE223A9C4C84,3,['Arena'],Torre Lamberti,"['Sighseeing', 'Centro Fotografia', 'Museo Conte', 'Casa Giulietta', 'Palazzo della Ragione']",Santa Anastasia,strategy_nearest,False,0.002471923828125,success
04AE204A9C4C80,1,"['Casa Giulietta', 'Arena', 'San Fermo', 'Santa Anastasia', 'Duomo']",San Zeno,"['Castelvecchio', 'Verona Tour', 'Museo Lapidario', 'Museo Miniscalchi', 'Sighseeing']",Castelvecchio,strategy_nearest,True,0.0019271373748779297,success
04AE23429C4C84,3,"['Arena', 'San Fermo', 'Casa Giulietta']",Santa Anastasia,"['AMO', 'Museo Conte', 'Palazzo della Ragione', 'Teatro Romano', 'Centro Fotografia']",Santa Anastasia,strategy_nearest,False,0.003290891647338867,success
04AE253A9C4C80,3,"['Arena', 'Torre Lamberti']",Santa Anastasia,"['AMO', 'Museo Conte', 'Palazzo della Ragione', 'Teatro Romano', 'Centro Fotografia']",Duomo,strategy_nearest,False,0.002780914306640625,success
04AE274A9C4C80,3,"['Castelvecchio', 'Casa Giulietta', 'Teatro Romano']",Giardino Giusti,"['Santa Anastasia', 'Museo Conte', 'Centro Fotografia', 'Museo Storia', 'AMO']",Duomo,strategy_nearest,False,0.0019106864929199219,success
04AE2D3A9C4C80,2,"['Santa Anastasia', 'Torre Lamberti']",Casa Giulietta,"['Centro Fotografia', 'Sighseeing', 'Museo Conte', 'Museo Radio', 'Palazzo della Ragione']",Giardino Giusti,strategy_nearest,False,0.003055095672607422,success
04AE2D4A9C4C80,0,['Casa Giulietta'],Arena,"['Verona Tour', 'Museo Lapidario', 'Museo Radio', 'San Fermo', 'Sighseeing']",San Zeno,strategy_nearest,False,0.0023679733276367188,success
04AE39429C4C80,6,['Verona Tour'],Casa Giulietta,"['Centro Fotografia', 'Sighseeing', 'Torre Lamberti', 'Museo Conte', 'Museo Radio']",Torre Lamberti,strategy_nearest,True,0.0017638206481933594,success
04AE3C3A9C4C80,0,['Arena'],Casa Giulietta,"['Centro Fotografia', 'Sighseeing', 'Torre Lamberti', 'Museo Conte', 'Museo Radio']",Torre Lamberti,strategy_nearest,True,0.0023872852325439453,success
04AE44429C4C80,3,"['Teatro Romano', 'Santa Anastasia', 'Casa Giulietta']",Tomba Giulietta,"['San Fermo', 'Museo Storia', 'Arena', 'Museo Lapidario', 'Museo Radio']",Torre Lamberti,strategy_nearest,False,0.002310037612915039,success
04AE563A9C4C80,3,"['Torre Lamberti', 'Casa Giulietta', 'Santa Anastasia']",Teatro Romano,"['Duomo', 'AMO', 'Palazzo della Ragione', 'Museo Conte', 'Centro Fotografia']",Arena,strategy_nearest,False,0.001979827880859375,success
04AE49429C4C80,1,"['Arena', 'Museo Lapidario', 'Castelvecchio']",Casa Giulietta,"['Centro Fotografia', 'Sighseeing', 'Torre Lamberti', 'Museo Conte', 'Museo Radio']",Tomba Giulietta,strategy_nearest,False,0.0031371116638183594,success
04AE5D429C4C80,0,['Arena'],Casa Giulietta,"['Centro Fotografia', 'Sighseeing', 'Torre Lamberti', 'Museo Conte', 'Museo Radio']",Castelvecchio,strategy_nearest,False,0.003139972686767578,success
04AE5E3A9C4C80,3,"['Casa Giulietta', 'Santa Anastasia', 'Duomo']",Giardino Giusti,"['Teatro Romano', 'Museo Conte', 'Centro Fotografia', 'Museo Storia', 'AMO']",Arena,strategy_nearest,False,0.003942728042602539,success
04AE6D3A9C4C80,2,['Santa Anastasia'],Duomo,"['AMO', 'Museo Miniscalchi', 'Teatro Romano', 'Palazzo della Ragione', 'Museo Conte']",San Fermo,strategy_nearest,False,0.0020101070404052734,success
04AE6F3A9C4C80,3,"['Arena', 'Duomo', 'Santa Anastasia']",Casa Giulietta,"['Centro Fotografia', 'Sighseeing', 'Torre Lamberti', 'Museo Conte', 'Museo Radio']",San Zeno,strategy_nearest,False,0.0030319690704345703,success
04AE733A9C4C80,0,['Arena'],Casa Giulietta,"['Centro Fotografia', 'Sighseeing', 'Torre Lamberti', 'Museo Conte', 'Museo Radio']",Castelvecchio,strategy_nearest,False,0.0031571388244628906,success
04AE7B429C4C80,1,['Arena'],Casa Giulietta,"['Centro Fotografia', 'Sighseeing', 'Torre Lamberti', 'Museo Conte', 'Museo Radio']",Torre Lamberti,strategy_nearest,True,0.0013098716735839844,success
04AE793A9C4C80,0,"['Casa Giulietta', 'Arena']",Torre Lamberti,"['Sighseeing', 'Centro Fotografia', 'Museo Conte', 'Palazzo della Ragione', 'AMO']",Teatro Romano,strategy_nearest,False,0.00267791748046875,success
04AE994A9C4C80,2,"['Casa Giulietta', 'Santa Anastasia']",Duomo,"['AMO', 'Museo Miniscalchi', 'Teatro Romano', 'Palazzo della Ragione', 'Museo Conte']",Tomba Giulietta,strategy_nearest,False,0.003200054168701172,success
04AEAB429C4C80,2,"['Casa Giulietta', 'Torre Lamberti']",Santa Anastasia,"['AMO', 'Museo Conte', 'Palazzo della Ragione', 'Teatro Romano', 'Centro Fotografia']",Teatro Romano,strategy_nearest,True,0.0025908946990966797,success
04AEA64A9C4C80,1,"['Arena', 'Casa Giulietta']",Torre Lamberti,"['Sighseeing', 'Centro Fotografia', 'Museo Conte', 'Palazzo della Ragione', 'AMO']",Palazzo della Ragione,strategy_nearest,True,0.0027399063110351562,success
04AE9C429C4C80,3,['Arena'],Torre Lamberti,"['Sighseeing', 'Centro Fotografia', 'Museo Conte', 'Casa Giulietta', 'Palazzo della Ragione']",Casa Giulietta,strategy_nearest,True,0.0020956993103027344,success
04AEAD429C4C80,1,['Arena'],Casa Giulietta,"['Centro Fotografia', 'Sighseeing', 'Torre Lamberti', 'Museo Conte', 'Museo Radio']",Torre Lamberti,strategy_nearest,True,0.0029611587524414062,success
04AEB23A9C4C80,0,['Arena'],Casa Giulietta,"['Centro Fotografia', 'Sighseeing', 'Torre Lamberti', 'Museo Conte', 'Museo Radio']",Santa Anastasia,strategy_nearest,False,0.0013020038604736328,success
04AEB53A9C4C80,0,['Teatro Romano'],Duomo,"['AMO', 'Museo Miniscalchi', 'Santa Anastasia', 'Palazzo della Ragione', 'Museo Conte']",Casa Giulietta,strategy_nearest,False,0.0032548904418945312,success
04AEB2429C4C80,0,['Arena'],Casa Giulietta,"['Centro Fotografia', 'Sighseeing', 'Torre Lamberti', 'Museo Conte', 'Museo Radio']",Santa Anastasia,strategy_nearest,False,0.002073049545288086,success
04AEBB3A9C4C80,3,['Arena'],Casa Giulietta,"['Centro Fotografia', 'Sighseeing', 'Torre Lamberti', 'Museo Conte', 'Museo Radio']",Santa Anastasia,strategy_nearest,False,0.0026140213012695312,success
04AEC13A9C4C80,3,"['Torre Lamberti', 'Casa Giulietta']",Giardino Giusti,"['Santa Anastasia', 'Teatro Romano', 'Museo Conte', 'Centro Fotografia', 'Museo Storia']",Santa Anastasia,strategy_nearest,True,0.002215147018432617,success
04AED63A9C4C80,3,['Arena'],San Fermo,"['Museo Storia', 'Museo Radio', 'Casa Giulietta', 'Centro Fotografia', 'Sighseeing']",Santa Anastasia,strategy_nearest,False,0.001971006393432617,success
04AEC53A9C4C80,1,"['Teatro Romano', 'Casa Giulietta']",Torre Lamberti,"['Sighseeing', 'Centro Fotografia', 'Museo Conte', 'Palazzo della Ragione', 'AMO']",Palazzo della Ragione,strategy_nearest,True,0.002814054489135742,success
04AED93A9C4C80,1,"['Arena', 'Torre Lamberti']",Palazzo della Ragione,"['AMO', 'Museo Conte', 'Centro Fotografia', 'Sighseeing', 'Santa Anastasia']",Santa Anastasia,strategy_nearest,True,0.0031211376190185547,success
04AEDD3A9C4C80,3,"['Arena', 'Casa Giulietta', 'Santa Anastasia']",Teatro Romano,"['Duomo', 'AMO', 'Palazzo della Ragione', 'Museo Conte', 'Centro Fotografia']",San Zeno,strategy_nearest,False,0.002185821533203125,success
04AEDF3A9C4C80,1,"['Arena', 'Casa Giulietta']",Torre Lamberti,"['Sighseeing', 'Centro Fotografia', 'Museo Conte', 'Palazzo della Ragione', 'AMO']",Palazzo della Ragione,strategy_nearest,True,0.0018928050994873047,success
04AEE33A9C4C80,0,"['Casa Giulietta', 'Arena']",Duomo,"['AMO', 'Museo Miniscalchi', 'Santa Anastasia', 'Teatro Romano', 'Palazzo della Ragione']",Castelvecchio,strategy_nearest,False,0.0031480789184570312,success
04AEDE3A9C4C80,0,['Arena'],Tomba Giulietta,"['San Fermo', 'Museo Storia', 'Museo Lapidario', 'Museo Radio', 'Verona Tour']",Casa Giulietta,strategy_nearest,False,0.0032949447631835938,success
04AEF03A9C4C80,0,['Arena'],Castelvecchio,"['Museo Lapidario', 'Verona Tour', 'Museo Radio', 'San Zeno', 'Sighseeing']",San Zeno,strategy_nearest,True,0.002567291259765625,success
04AEF43A9C4C80,0,['Arena'],Casa Giulietta,"['Centro Fotografia', 'Sighseeing', 'Torre Lamberti', 'Museo Conte', 'Museo Radio']",Santa Anastasia,strategy_nearest,False,0.002541065216064453,success
04AF053A9C4C84,0,['Arena'],Casa Giulietta,"['Centro Fotografia', 'Sighseeing', 'Torre Lamberti', 'Museo Conte', 'Museo Radio']",Torre Lamberti,strategy_nearest,True,0.002334117889404297,success
04AF083A9C4C84,0,['Arena'],Casa Giulietta,"['Centro Fotografia', 'Sighseeing', 'Torre Lamberti', 'Museo Conte', 'Museo Radio']",Torre Lamberti,strategy_nearest,True,0.0030181407928466797,success
04AF0C429C4C80,1,"['Arena', 'Casa Giulietta']",Torre Lamberti,"['Sighseeing', 'Centro Fotografia', 'Museo Conte', 'Palazzo della Ragione', 'AMO']",Palazzo della Ragione,strategy_nearest,True,0.001981973648071289,success
04AF0F3A9C4C84,1,['Castelvecchio'],Arena,"['Verona Tour', 'Museo Lapidario', 'Museo Radio', 'San Fermo', 'Casa Giulietta']",Torre Lamberti,strategy_nearest,False,0.0024750232696533203,success
04AF17429C4C80,0,['Arena'],Casa Giulietta,"['Centro Fotografia', 'Sighseeing', 'Torre Lamberti', 'Museo Conte', 'Museo Radio']",San Zeno,strategy_nearest,False,0.0023131370544433594,success
04AF0F429C4C80,0,['Casa Giulietta'],Arena,"['Verona Tour', 'Museo Lapidario', 'Museo Radio', 'San Fermo', 'Sighseeing']",Duomo,strategy_nearest,False,0.0033800601959228516,success
04AF183A9C4C80,0,['Arena'],Casa Giulietta,"['Centro Fotografia', 'Sighseeing', 'Torre Lamberti', 'Museo Conte', 'Museo Radio']",San Fermo,strategy_nearest,False,0.0019299983978271484,success
04AF1A429C4C80,1,['Arena'],Casa Giulietta,"['Centro Fotografia', 'Sighseeing', 'Torre Lamberti', 'Museo Conte', 'Museo Radio']",Palazzo della Ragione,strategy_nearest,False,0.0024938583374023438,success
04AF1B429C4C84,0,['Arena'],Torre Lamberti,"['Sighseeing', 'Centro Fotografia', 'Museo Conte', 'Casa Giulietta', 'Palazzo della Ragione']",Casa Giulietta,strategy_nearest,True,0.00261688232421875,success
04AF21429C4C84,3,"['Santa Anastasia', 'Casa Giulietta']",Arena,"['Verona Tour', 'Museo Lapidario', 'Museo Radio', 'San Fermo', 'Sighseeing']",Torre Lamberti,strategy_nearest,False,0.002412080764770508,success
04AF24429C4C84,0,['Arena'],Casa Giulietta,"['Centro Fotografia', 'Sighseeing', 'Torre Lamberti', 'Museo Conte', 'Museo Radio']",Torre Lamberti,strategy_nearest,True,0.0024149417877197266,success
04AF2B3A9C4C80,0,['Arena'],Castelvecchio,"['Museo Lapidario', 'Verona Tour', 'Museo Radio', 'San Zeno', 'Sighseeing']",San Zeno,strategy_nearest,True,0.002481222152709961,success
04AF2C3A9C4C80,3,['Arena'],Torre Lamberti,"['Sighseeing', 'Centro Fotografia', 'Museo Conte', 'Casa Giulietta', 'Palazzo della Ragione']",Santa Anastasia,strategy_nearest,False,0.003016948699951172,success
04AF2F3A9C4C80,2,['Casa Giulietta'],Palazzo della Ragione,"['AMO', 'Museo Conte', 'Torre Lamberti', 'Centro Fotografia', 'Sighseeing']",Duomo,strategy_nearest,False,0.0021991729736328125,success
04AF3B4A9C4C80,3,"['Arena', 'Museo Lapidario']",Duomo,"['AMO', 'Museo Miniscalchi', 'Santa Anastasia', 'Teatro Romano', 'Palazzo della Ragione']",Santa Anastasia,strategy_nearest,True,0.0016262531280517578,success
04AF3D4A9C4C80,0,['Arena'],Torre Lamberti,"['Sighseeing', 'Centro Fotografia', 'Museo Conte', 'Casa Giulietta', 'Palazzo della Ragione']",Castelvecchio,strategy_nearest,False,0.002402067184448242,success
04AF3E3A9C4C80,0,"['Arena', 'Museo Lapidario']",Castelvecchio,"['Verona Tour', 'Museo Radio', 'San Zeno', 'Sighseeing', 'Museo Miniscalchi']",Casa Giulietta,strategy_nearest,False,0.0025310516357421875,success
04AF433A9C4C80,3,"['Castelvecchio', 'Arena']",San Fermo,"['Museo Storia', 'Museo Radio', 'Casa Giulietta', 'Centro Fotografia', 'Sighseeing']",Casa Giulietta,strategy_nearest,True,0.002464771270751953,success
04AF4C3A9C4C80,1,"['Museo Lapidario', 'Castelvecchio', 'Tomba Giulietta']",Torre Lamberti,"['Sighseeing', 'Centro Fotografia', 'Museo Conte', 'Casa Giulietta', 'Palazzo della Ragione']",Palazzo della Ragione,strategy_nearest,True,0.0029878616333007812,success
04AF54429C4C80,0,['Arena'],Tomba Giulietta,"['San Fermo', 'Museo Storia', 'Museo Lapidario', 'Museo Radio', 'Verona Tour']",Torre Lamberti,strategy_nearest,False,0.002135038375854492,success
04AF5C3A9C4C80,3,"['Arena', 'Museo Lapidario']",Castelvecchio,"['Verona Tour', 'Museo Radio', 'San Zeno', 'Sighseeing', 'Museo Miniscalchi']",Duomo,strategy_nearest,False,0.0014920234680175781,success
04AF4C429C4C80,1,"['Arena', 'Palazzo della Ragione', 'Torre Lamberti']",Casa Giulietta,"['Centro Fotografia', 'Sighseeing', 'Museo Conte', 'Museo Radio', 'San Fermo']",Duomo,strategy_nearest,False,0.003458261489868164,success
04AF5E429C4C80,1,"['Arena', 'Casa Giulietta']",Torre Lamberti,"['Sighseeing', 'Centro Fotografia', 'Museo Conte', 'Palazzo della Ragione', 'AMO']",Palazzo della Ragione,strategy_nearest,True,0.0032052993774414062,success
04AF6C429C4C80,3,['Casa Giulietta'],Torre Lamberti,"['Sighseeing', 'Centro Fotografia', 'Museo Conte', 'Palazzo della Ragione', 'AMO']",Arena,strategy_nearest,False,0.0019588470458984375,success
04AF67429C4C80,0,['Arena'],Casa Giulietta,"['Centro Fotografia', 'Sighseeing', 'Torre Lamberti', 'Museo Conte', 'Museo Radio']",Castelvecchio,strategy_nearest,False,0.0020363330841064453,success
04AF743A9C4C80,2,['Casa Giulietta'],Torre Lamberti,"['Sighseeing', 'Centro Fotografia', 'Museo Conte', 'Palazzo della Ragione', 'AMO']",Palazzo della Ragione,strategy_nearest,True,0.002457141876220703,success
04AF7A3A9C4C80,3,"['Casa Giulietta', 'San Fermo', 'Tomba Giulietta']",Arena,"['Verona Tour', 'Museo Lapidario', 'Museo Radio', 'Sighseeing', 'Castelvecchio']",Torre Lamberti,strategy_nearest,False,0.0032770633697509766,success
04AF904A9C4C80,3,"['Santa Anastasia', 'Duomo']",Casa Giulietta,"['Centro Fotografia', 'Sighseeing', 'Torre Lamberti', 'Museo Conte', 'Museo Radio']",San Fermo,strategy_nearest,False,0.001973867416381836,success
04AFA4429C4C80,0,['Duomo'],Torre Lamberti,"['Sighseeing', 'Centro Fotografia', 'Museo Conte', 'Casa Giulietta', 'Palazzo della Ragione']",Arena,strategy_nearest,False,0.002610921859741211,success
04AF87429C4C80,0,['Arena'],Palazzo della Ragione,"['AMO', 'Museo Conte', 'Torre Lamberti', 'Centro Fotografia', 'Sighseeing']",Casa Giulietta,strategy_nearest,False,0.0026607513427734375,success
04AFAC429C4C80,0,['Castelvecchio'],Arena,"['Verona Tour', 'Museo Lapidario', 'Museo Radio', 'San Fermo', 'Casa Giulietta']",Casa Giulietta,strategy_nearest,True,0.0030210018157958984,success
04AFAF429C4C80,3,['Arena'],Casa Giulietta,"['Centro Fotografia', 'Sighseeing', 'Torre Lamberti', 'Museo Conte', 'Museo Radio']",Santa Anastasia,strategy_nearest,False,0.0026199817657470703,success
04AFBB429C4C80,1,"['Arena', 'Duomo']",Palazzo della Ragione,"['AMO', 'Museo Conte', 'Torre Lamberti', 'Centro Fotografia', 'Sighseeing']",Torre Lamberti,strategy_nearest,True,0.002035379409790039,success
04AFBD429C4C80,1,"['Castelvecchio', 'Arena', 'Museo Lapidario', 'Palazzo della Ragione']",Casa Giulietta,"['Centro Fotografia', 'Sighseeing', 'Torre Lamberti', 'Museo Conte', 'Museo Radio']",San Fermo,strategy_nearest,False,0.0025119781494140625,success
04AFBF429C4C80,0,"['Arena', 'Castelvecchio']",Torre Lamberti,"['Sighseeing', 'Centro Fotografia', 'Museo Conte', 'Casa Giulietta', 'Palazzo della Ragione']",Casa Giulietta,strategy_nearest,True,0.0030069351196289062,success
04AFC53A9C4C80,0,"['Casa Giulietta', 'Torre Lamberti']",Teatro Romano,"['Santa Anastasia', 'Duomo', 'AMO', 'Palazzo della Ragione', 'Museo Conte']",Castelvecchio,strategy_nearest,False,0.0025589466094970703,success
04AFCE3A9C4C80,2,['Duomo'],Teatro Romano,"['Santa Anastasia', 'AMO', 'Palazzo della Ragione', 'Museo Conte', 'Centro Fotografia']",Castelvecchio,strategy_nearest,False,0.0025281906127929688,success
04AFCA429C4C80,0,['Castelvecchio'],Arena,"['Verona Tour', 'Museo Lapidario', 'Museo Radio', 'San Fermo', 'Casa Giulietta']",Casa Giulietta,strategy_nearest,True,0.0019800662994384766,success
04AFD93A9C4C80,2,['Castelvecchio'],San Zeno,"['Verona Tour', 'Museo Lapidario', 'Arena', 'Museo Miniscalchi', 'Sighseeing']",Teatro Romano,strategy_nearest,False,0.0030977725982666016,success
04AFE4429C4C80,2,"['Castelvecchio', 'Duomo']",Teatro Romano,"['Santa Anastasia', 'AMO', 'Palazzo della Ragione', 'Museo Conte', 'Centro Fotografia']",Santa Anastasia,strategy_nearest,True,0.0015058517456054688,success
04AFE63A9C4C80,1,"['Castelvecchio', 'Casa Giulietta', 'San Fermo', 'Torre Lamberti']",Palazzo della Ragione,"['AMO', 'Museo Conte', 'Centro Fotografia', 'Sighseeing', 'Santa Anastasia']",Santa Anastasia,strategy_nearest,True,0.002093791961669922,success
04AFD9429C4C80,2,"['Casa Giulietta', 'Torre Lamberti']",Santa Anastasia,"['AMO', 'Museo Conte', 'Palazzo della Ragione', 'Teatro Romano', 'Centro Fotografia']",Castelvecchio,strategy_nearest,False,0.0027289390563964844,success
04AFE93A9C4C80,2,['Teatro Romano'],Palazzo della Ragione,"['AMO', 'Museo Conte', 'Torre Lamberti', 'Centro Fotografia', 'Sighseeing']",Castelvecchio,strategy_nearest,False,0.0031468868255615234,success
04AFEE429C4C80,3,"['Teatro Romano', 'Santa Anastasia']",Torre Lamberti,"['Sighseeing', 'Centro Fotografia', 'Museo Conte', 'Casa Giulietta', 'Palazzo della Ragione']",Casa Giulietta,strategy_nearest,True,0.0011839866638183594,success
04AFEC3A9C4C80,0,"['Arena', 'Castelvecchio']",Duomo,"['AMO', 'Museo Miniscalchi', 'Santa Anastasia', 'Teatro Romano', 'Palazzo della Ragione']",Torre Lamberti,strategy_nearest,False,0.002366781234741211,success
04AFEF429C4C80,2,"['Casa Giulietta', 'Torre Lamberti', 'Palazzo della Ragione', 'Santa Anastasia']",Duomo,"['AMO', 'Museo Miniscalchi', 'Teatro Romano', 'Museo Conte', 'Centro Fotografia']",San Fermo,strategy_nearest,False,0.0027761459350585938,success
04AFF7429C4C80,1,"['San Fermo', 'Torre Lamberti', 'Casa Giulietta', 'Castelvecchio']",Arena,"['Verona Tour', 'Museo Lapidario', 'Museo Radio', 'Sighseeing', 'Centro Fotografia']",Palazzo della Ragione,strategy_nearest,False,0.002390146255493164,success
04AFF43A9C4C80,1,['Arena'],Casa Giulietta,"['Centro Fotografia', 'Sighseeing', 'Torre Lamberti', 'Museo Conte', 'Museo Radio']",Torre Lamberti,strategy_nearest,True,0.0031311511993408203,success
04AFFD429C4C80,0,"['Arena', 'Castelvecchio']",Casa Giulietta,"['Centro Fotografia', 'Sighseeing', 'Torre Lamberti', 'Museo Conte', 'Museo Radio']",Torre Lamberti,strategy_nearest,True,0.0030090808868408203,success
04B0023A9C4C84,0,['Teatro Romano'],Duomo,"['AMO', 'Museo Miniscalchi', 'Santa Anastasia', 'Palazzo della Ragione', 'Museo Conte']",Arena,strategy_nearest,False,0.0021178722381591797,success
04B0043A9C4C84,2,['Santa Anastasia'],Duomo,"['AMO', 'Museo Miniscalchi', 'Teatro Romano', 'Palazzo della Ragione', 'Museo Conte']",Giardino Giusti,strategy_nearest,False,0.0025491714477539062,success
04B00A3A9C4C84,3,"['Arena', 'Casa Giulietta']",Torre Lamberti,"['Sighseeing', 'Centro Fotografia', 'Museo Conte', 'Palazzo della Ragione', 'AMO']",Santa Anastasia,strategy_nearest,False,0.0026388168334960938,success
04B0113A9C4C80,0,['Arena'],Castelvecchio,"['Museo Lapidario', 'Verona Tour', 'Museo Radio', 'San Zeno', 'Sighseeing']",Casa Giulietta,strategy_nearest,False,0.0026650428771972656,success
04B0183A9C4C80,0,['Arena'],Torre Lamberti,"['Sighseeing', 'Centro Fotografia', 'Museo Conte', 'Casa Giulietta', 'Palazzo della Ragione']",Casa Giulietta,strategy_nearest,True,0.0031702518463134766,success
04B017429C4C84,0,['Arena'],Casa Giulietta,"['Centro Fotografia', 'Sighseeing', 'Torre Lamberti', 'Museo Conte', 'Museo Radio']",Santa Anastasia,strategy_nearest,False,0.0014300346374511719,success
04B012429C4C80,0,['Casa Giulietta'],Arena,"['Verona Tour', 'Museo Lapidario', 'Museo Radio', 'San Fermo', 'Sighseeing']",Duomo,strategy_nearest,False,0.002803325653076172,success
04B012429C4C84,3,"['Arena', 'Casa Giulietta']",Torre Lamberti,"['Sighseeing', 'Centro Fotografia', 'Museo Conte', 'Palazzo della Ragione', 'AMO']",Santa Anastasia,strategy_nearest,False,0.0027611255645751953,success
04B028429C4C80,3,"['Castelvecchio', 'Arena', 'San Fermo', 'Casa Giulietta']",San Zeno,"['Verona Tour', 'Museo Lapidario', 'Museo Miniscalchi', 'Sighseeing', 'Museo Radio']",Torre Lamberti,strategy_nearest,False,0.003242015838623047,success
04B026429C4C84,0,['Arena'],Teatro Romano,"['Santa Anastasia', 'Duomo', 'AMO', 'Palazzo della Ragione', 'Museo Conte']",San Fermo,strategy_nearest,False,0.0028200149536132812,success
04B01C429C4C84,3,"['Arena', 'Castelvecchio']",Duomo,"['AMO', 'Museo Miniscalchi', 'Santa Anastasia', 'Teatro Romano', 'Palazzo della Ragione']",Santa Anastasia,strategy_nearest,True,0.0021719932556152344,success
04B01E3A9C4C80,1,"['Arena', 'Casa Giulietta', 'Palazzo della Ragione']",Torre Lamberti,"['Sighseeing', 'Centro Fotografia', 'Museo Conte', 'AMO', 'Museo Miniscalchi']",Santa Anastasia,strategy_nearest,False,0.00431513786315918,success
04B02C429C4C80,0,['Arena'],Museo Lapidario,"['Verona Tour', 'Castelvecchio', 'Museo Radio', 'San Fermo', 'Casa Giulietta']",Casa Giulietta,strategy_nearest,True,0.0017919540405273438,success
04B04A3A9C4C80,3,"['Santa Anastasia', 'Duomo', 'Teatro Romano']",Torre Lamberti,"['Sighseeing', 'Centro Fotografia', 'Museo Conte', 'Casa Giulietta', 'Palazzo della Ragione']",Castelvecchio,strategy_nearest,False,0.0022220611572265625,success
04B0443A9C4C80,3,"['Arena', 'Torre Lamberti']",Santa Anastasia,"['AMO', 'Museo Conte', 'Palazzo della Ragione', 'Teatro Romano', 'Centro Fotografia']",Duomo,strategy_nearest,False,0.002933025360107422,success
04B050429C4C80,1,"['Arena', 'Casa Giulietta', 'Torre Lamberti']",Palazzo della Ragione,"['AMO', 'Museo Conte', 'Centro Fotografia', 'Sighseeing', 'Santa Anastasia']",Duomo,strategy_nearest,False,0.0035207271575927734,success
04B062429C4C80,2,['Santa Anastasia'],Duomo,"['AMO', 'Museo Miniscalchi', 'Teatro Romano', 'Palazzo della Ragione', 'Museo Conte']",Casa Giulietta,strategy_nearest,False,0.0018739700317382812,success
04B054429C4C80,3,"['Arena', 'Museo Lapidario', 'Castelvecchio']",San Zeno,"['Verona Tour', 'Museo Miniscalchi', 'Sighseeing', 'Museo Radio', 'Torre Lamberti']",Casa Giulietta,strategy_nearest,False,0.0017650127410888672,success
04B064429C4C80,3,"['Arena', 'Castelvecchio']",Torre Lamberti,"['Sighseeing', 'Centro Fotografia', 'Museo Conte', 'Casa Giulietta', 'Palazzo della Ragione']",Casa Giulietta,strategy_nearest,True,0.002663850784301758,success
04B0693A9C4C80,2,"['Torre Lamberti', 'Santa Anastasia', 'Teatro Romano']",Castelvecchio,"['Museo Lapidario', 'Verona Tour', 'Arena', 'Museo Radio', 'San Zeno']",Duomo,strategy_nearest,False,0.002849102020263672,success
04B0743A9C4C80,0,['Tomba Giulietta'],Arena,"['Verona Tour', 'Museo Lapidario', 'Museo Radio', 'San Fermo', 'Casa Giulietta']",Casa Giulietta,strategy_nearest,True,0.0019829273223876953,success
04B0783A9C4C80,2,['Casa Giulietta'],San Fermo,"['Museo Storia', 'Museo Radio', 'Centro Fotografia', 'Arena', 'Sighseeing']",Tomba Giulietta,strategy_nearest,False,0.003555774688720703,success
04B071429C4C80,0,['Arena'],Castelvecchio,"['Museo Lapidario', 'Verona Tour', 'Museo Radio', 'San Zeno', 'Sighseeing']",Torre Lamberti,strategy_nearest,False,0.004492759704589844,success
04B0713A9C4C80,3,['Castelvecchio'],Arena,"['Verona Tour', 'Museo Lapidario', 'Museo Radio', 'San Fermo', 'Casa Giulietta']",Duomo,strategy_nearest,False,0.003818988800048828,success
04B087429C4C80,0,['Arena'],Palazzo della Ragione,"['AMO', 'Museo Conte', 'Torre Lamberti', 'Centro Fotografia', 'Sighseeing']",Casa Giulietta,strategy_nearest,False,0.0025568008422851562,success
04B07D4A9C4C80,3,"['Arena', 'Torre Lamberti']",Casa Giulietta,"['Centro Fotografia', 'Sighseeing', 'Museo Conte', 'Museo Radio', 'Palazzo della Ragione']",Santa Anastasia,strategy_nearest,False,0.0019922256469726562,success
04B0904A9C4C80,0,['Casa Giulietta'],Torre Lamberti,"['Sighseeing', 'Centro Fotografia', 'Museo Conte', 'Palazzo della Ragione', 'AMO']",Duomo,strategy_nearest,False,0.003161191940307617,success
04B09A4A9C4C80,1,"['Arena', 'Casa Giulietta', 'Santa Anastasia']",Duomo,"['AMO', 'Museo Miniscalchi', 'Teatro Romano', 'Palazzo della Ragione', 'Museo Conte']",Palazzo della Ragione,strategy_nearest,True,0.004115104675292969,success
04B09F429C4C80,3,['Arena'],Torre Lamberti,"['Sighseeing', 'Centro Fotografia', 'Museo Conte', 'Casa Giulietta', 'Palazzo della Ragione']",Casa Giulietta,strategy_nearest,True,0.002359151840209961,success
04B0A5429C4C80,3,['Arena'],Torre Lamberti,"['Sighseeing', 'Centro Fotografia', 'Museo Conte', 'Casa Giulietta', 'Palazzo della Ragione']",Santa Anastasia,strategy_nearest,False,0.0017900466918945312,success
04B0A4429C4C80,0,['Castelvecchio'],Arena,"['Verona Tour', 'Museo Lapidario', 'Museo Radio', 'San Fermo', 'Casa Giulietta']",Torre Lamberti,strategy_nearest,False,0.003573894500732422,success
04B0A74A9C4C80,2,"['Teatro Romano', 'Giardino Giusti']",Torre Lamberti,"['Sighseeing', 'Centro Fotografia', 'Museo Conte', 'Casa Giulietta', 'Palazzo della Ragione']",Santa Anastasia,strategy_nearest,False,0.0023877620697021484,success
04B0A7429C4C80,3,['Arena'],Torre Lamberti,"['Sighseeing', 'Centro Fotografia', 'Museo Conte', 'Casa Giulietta', 'Palazzo della Ragione']",Santa Anastasia,strategy_nearest,False,0.0016379356384277344,success
04B0B2429C4C80,0,['Arena'],Casa Giulietta,"['Centro Fotografia', 'Sighseeing', 'Torre Lamberti', 'Museo Conte', 'Museo Radio']",Santa Anastasia,strategy_nearest,False,0.002298116683959961,success
04B0B13A9C4C80,3,['Arena'],San Fermo,"['Museo Storia', 'Museo Radio', 'Casa Giulietta', 'Centro Fotografia', 'Sighseeing']",Casa Giulietta,strategy_nearest,True,0.0035789012908935547,success
04B0B53A9C4C80,3,"['Duomo', 'Santa Anastasia']",Torre Lamberti,"['Sighseeing', 'Centro Fotografia', 'Museo Conte', 'Casa Giulietta', 'Palazzo della Ragione']",Casa Giulietta,strategy_nearest,True,0.004559040069580078,success
04B0C3429C4C80,0,['Castelvecchio'],Arena,"['Verona Tour', 'Museo Lapidario', 'Museo Radio', 'San Fermo', 'Casa Giulietta']",Casa Giulietta,strategy_nearest,True,0.0025300979614257812,success
04B0C53A9C4C80,2,"['Torre Lamberti', 'Palazzo della Ragione']",Casa Giulietta,"['Centro Fotografia', 'Sighseeing', 'Museo Conte', 'Museo Radio', 'San Fermo']",San Zeno,strategy_nearest,False,0.0036110877990722656,success
04B0BA429C4C80,1,"['Arena', 'Museo Lapidario']",Palazzo della Ragione,"['AMO', 'Museo Conte', 'Torre Lamberti', 'Centro Fotografia', 'Sighseeing']",Torre Lamberti,strategy_nearest,True,0.0019631385803222656,success
04B0C73A9C4C80,3,"['Arena', 'San Zeno']",Casa Giulietta,"['Centro Fotografia', 'Sighseeing', 'Torre Lamberti', 'Museo Conte', 'Museo Radio']",Santa Anastasia,strategy_nearest,False,0.0036211013793945312,success
04B0D43A9C4C80,1,"['Castelvecchio', 'Arena']",Casa Giulietta,"['Centro Fotografia', 'Sighseeing', 'Torre Lamberti', 'Museo Conte', 'Museo Radio']",Palazzo della Ragione,strategy_nearest,False,0.0022242069244384766,success
04B0C7429C4C80,0,['Arena'],Casa Giulietta,"['Centro Fotografia', 'Sighseeing', 'Torre Lamberti', 'Museo Conte', 'Museo Radio']",Torre Lamberti,strategy_nearest,True,0.0016818046569824219,success
04B0DD3A9C4C80,0,"['Arena', 'Casa Giulietta']",Torre Lamberti,"['Sighseeing', 'Centro Fotografia', 'Museo Conte', 'Palazzo della Ragione', 'AMO']",Tomba Giulietta,strategy_nearest,False,0.0037069320678710938,success
04B0E73A9C4C80,0,['Arena'],Casa Giulietta,"['Centro Fotografia', 'Sighseeing', 'Torre Lamberti', 'Museo Conte', 'Museo Radio']",Duomo,strategy_nearest,False,0.0025370121002197266,success
04B0EC3A9C4C80,1,"['Arena', 'Casa Giulietta']",Torre Lamberti,"['Sighseeing', 'Centro Fotografia', 'Museo Conte', 'Palazzo della Ragione', 'AMO']",Palazzo della Ragione,strategy_nearest,True,0.0015108585357666016,success
04B0ED3A9C4C80,3,"['Castelvecchio', 'Torre Lamberti']",Santa Anastasia,"['AMO', 'Museo Conte', 'Palazzo della Ragione', 'Teatro Romano', 'Centro Fotografia']",Teatro Romano,strategy_nearest,True,0.0030591487884521484,success
04B109429C4C80,3,"['San Zeno', 'Castelvecchio']",Arena,"['Verona Tour', 'Museo Lapidario', 'Museo Radio', 'San Fermo', 'Casa Giulietta']",Torre Lamberti,strategy_nearest,False,0.0020318031311035156,success
04B0ED429C4C80,3,"['Duomo', 'Santa Anastasia']",San Zeno,"['Castelvecchio', 'Verona Tour', 'Museo Lapidario', 'Arena', 'Museo Miniscalchi']",Arena,strategy_nearest,True,0.0035500526428222656,success
04B1023A9C4C84,2,"['Casa Giulietta', 'Torre Lamberti']",Palazzo della Ragione,"['AMO', 'Museo Conte', 'Centro Fotografia', 'Sighseeing', 'Santa Anastasia']",Santa Anastasia,strategy_nearest,True,0.0029900074005126953,success
04B1033A9C4C84,0,['Arena'],Casa Giulietta,"['Centro Fotografia', 'Sighseeing', 'Torre Lamberti', 'Museo Conte', 'Museo Radio']",Torre Lamberti,strategy_nearest,True,0.0036470890045166016,success
04B1173A9C4C80,3,"['Castelvecchio', 'Museo Lapidario', 'Arena']",Torre Lamberti,"['Sighseeing', 'Centro Fotografia', 'Museo Conte', 'Casa Giulietta', 'Palazzo della Ragione']",Santa Anastasia,strategy_nearest,False,0.0016720294952392578,success
04B1143A9C4C80,1,"['Arena', 'Castelvecchio', 'Torre Lamberti']",Museo Storia,"['San Fermo', 'Museo Radio', 'Casa Giulietta', 'Centro Fotografia', 'Tomba Giulietta']",Casa Giulietta,strategy_nearest,True,0.0032949447631835938,success
04B11A3A9C4C80,2,"['Castelvecchio', 'San Zeno', 'Casa Giulietta']",Torre Lamberti,"['Sighseeing', 'Centro Fotografia', 'Museo Conte', 'Palazzo della Ragione', 'AMO']",Santa Anastasia,strategy_nearest,False,0.0034592151641845703,success
04B11B3A9C4C80,1,"['Arena', 'Castelvecchio', 'San Zeno']",Torre Lamberti,"['Sighseeing', 'Centro Fotografia', 'Museo Conte', 'Casa Giulietta', 'Palazzo della Ragione']",Palazzo della Ragione,strategy_nearest,True,0.0038001537322998047,success
04B120429C4C84,2,"['Casa Giulietta', 'Santa Anastasia']",Torre Lamberti,"['Sighseeing', 'Centro Fotografia', 'Museo Conte', 'Palazzo della Ragione', 'AMO']",Duomo,strategy_nearest,False,0.0028960704803466797,success
04B11D429C4C84,0,['Torre Lamberti'],Casa Giulietta,"['Centro Fotografia', 'Sighseeing', 'Museo Conte', 'Museo Radio', 'Palazzo della Ragione']",Arena,strategy_nearest,False,0.0024988651275634766,success
04B11C429C4C84,0,['Arena'],Torre Lamberti,"['Sighseeing', 'Centro Fotografia', 'Museo Conte', 'Casa Giulietta', 'Palazzo della Ragione']",Casa Giulietta,strategy_nearest,True,0.0031709671020507812,success
04B1243A9C4C84,3,"['Arena', 'Duomo']",Santa Anastasia,"['AMO', 'Museo Conte', 'Palazzo della Ragione', 'Teatro Romano', 'Centro Fotografia']",Casa Giulietta,strategy_nearest,False,0.0034139156341552734,success
04B1264A9C4C80,3,"['Santa Anastasia', 'Duomo']",Arena,"['Verona Tour', 'Museo Lapidario', 'Museo Radio', 'San Fermo', 'Casa Giulietta']",Castelvecchio,strategy_nearest,False,0.00275421142578125,success
04B1263A9C4C80,1,"['Arena', 'Torre Lamberti', 'Palazzo della Ragione', 'Santa Anastasia']",Duomo,"['AMO', 'Museo Miniscalchi', 'Teatro Romano', 'Museo Conte', 'Centro Fotografia']",San Zeno,strategy_nearest,False,0.0021991729736328125,success
04B1273A9C4C80,1,"['Arena', 'Casa Giulietta']",Palazzo della Ragione,"['AMO', 'Museo Conte', 'Torre Lamberti', 'Centro Fotografia', 'Sighseeing']",Torre Lamberti,strategy_nearest,True,0.003134012222290039,success
04B1324A9C4C80,1,"['Arena', 'Castelvecchio', 'Giardino Giusti']",Santa Anastasia,"['AMO', 'Museo Conte', 'Palazzo della Ragione', 'Teatro Romano', 'Centro Fotografia']",Duomo,strategy_nearest,False,0.0018091201782226562,success
04B1393A9C4C80,0,['Arena'],Castelvecchio,"['Museo Lapidario', 'Verona Tour', 'Museo Radio', 'San Zeno', 'Sighseeing']",San Zeno,strategy_nearest,True,0.0019431114196777344,success
04B13D4A9C4C80,3,"['San Zeno', 'Arena', 'Casa Giulietta']",Tomba Giulietta,"['San Fermo', 'Museo Storia', 'Museo Lapidario', 'Museo Radio', 'Verona Tour']",Torre Lamberti,strategy_nearest,False,0.002557039260864258,success
04B16B429C4C80,3,"['Tomba Giulietta', 'Arena']",Casa Giulietta,"['Centro Fotografia', 'Sighseeing', 'Torre Lamberti', 'Museo Conte', 'Museo Radio']",Santa Anastasia,strategy_nearest,False,0.0025780200958251953,success
04B14A429C4C80,0,['Arena'],Torre Lamberti,"['Sighseeing', 'Centro Fotografia', 'Museo Conte', 'Casa Giulietta', 'Palazzo della Ragione']",Duomo,strategy_nearest,False,0.00421905517578125,success
04B15E429C4C80,1,['Arena'],Casa Giulietta,"['Centro Fotografia', 'Sighseeing', 'Torre Lamberti', 'Museo Conte', 'Museo Radio']",Palazzo della Ragione,strategy_nearest,False,0.0020761489868164062,success
04B171429C4C80,1,"['Arena', 'Torre Lamberti', 'Palazzo della Ragione']",Casa Giulietta,"['Centro Fotografia', 'Sighseeing', 'Museo Conte', 'Museo Radio', 'San Fermo']",San Fermo,strategy_nearest,True,0.0032939910888671875,success
04B1813A9C4C80,0,"['Casa Giulietta', 'Arena', 'Museo Lapidario']",Tomba Giulietta,"['San Fermo', 'Museo Storia', 'Museo Radio', 'Verona Tour', 'Castelvecchio']",San Fermo,strategy_nearest,True,0.002062082290649414,success
04B185429C4C80,1,"['Arena', 'Casa Giulietta', 'Torre Lamberti']",Palazzo della Ragione,"['AMO', 'Museo Conte', 'Centro Fotografia', 'Sighseeing', 'Santa Anastasia']",Santa Anastasia,strategy_nearest,True,0.003161191940307617,success
04B17A3A9C4C80,0,"['Arena', 'Casa Giulietta']",Torre Lamberti,"['Sighseeing', 'Centro Fotografia', 'Museo Conte', 'Palazzo della Ragione', 'AMO']",Teatro Romano,strategy_nearest,False,0.002658843994140625,success
04B187429C4C80,3,"['Arena', 'Castelvecchio', 'Torre Lamberti']",Casa Giulietta,"['Centro Fotografia', 'Sighseeing', 'Museo Conte', 'Museo Radio', 'Palazzo della Ragione']",Tomba Giulietta,strategy_nearest,False,0.003208160400390625,success
04B188429C4C80,3,"['Arena', 'Museo Lapidario']",Casa Giulietta,"['Centro Fotografia', 'Sighseeing', 'Torre Lamberti', 'Museo Conte', 'Museo Radio']",Torre Lamberti,strategy_nearest,True,0.0019283294677734375,success
04B189429C4C80,0,['Arena'],Casa Giulietta,"['Centro Fotografia', 'Sighseeing', 'Torre Lamberti', 'Museo Conte', 'Museo Radio']",Torre Lamberti,strategy_nearest,True,0.0019588470458984375,success
04B18D429C4C80,0,['Arena'],Santa Anastasia,"['AMO', 'Museo Conte', 'Palazzo della Ragione', 'Teatro Romano', 'Centro Fotografia']",Giardino Giusti,strategy_nearest,False,0.0025892257690429688,success
04B18D4A9C4C80,0,['Arena'],Casa Giulietta,"['Centro Fotografia', 'Sighseeing', 'Torre Lamberti', 'Museo Conte', 'Museo Radio']",Torre Lamberti,strategy_nearest,True,0.0031080245971679688,success
04B1A3429C4C80,3,"['Arena', 'Santa Anastasia']",Duomo,"['AMO', 'Museo Miniscalchi', 'Teatro Romano', 'Palazzo della Ragione', 'Museo Conte']",Castelvecchio,strategy_nearest,False,0.0018200874328613281,success
04B1904A9C4C80,1,"['Arena', 'Castelvecchio']",Torre Lamberti,"['Sighseeing', 'Centro Fotografia', 'Museo Conte', 'Casa Giulietta', 'Palazzo della Ragione']",Palazzo della Ragione,strategy_nearest,True,0.0024509429931640625,success
04B1AC429C4C80,0,['Torre Lamberti'],Casa Giulietta,"['Centro Fotografia', 'Sighseeing', 'Museo Conte', 'Museo Radio', 'Palazzo della Ragione']",Arena,strategy_nearest,False,0.0026810169219970703,success
04B1AF429C4C80,0,['Arena'],Castelvecchio,"['Museo Lapidario', 'Verona Tour', 'Museo Radio', 'San Zeno', 'Sighseeing']",Museo Storia,strategy_nearest,False,0.002033233642578125,success
04B1B03A9C4C80,1,"['Teatro Romano', 'Santa Anastasia']",Palazzo della Ragione,"['AMO', 'Museo Conte', 'Torre Lamberti', 'Centro Fotografia', 'Sighseeing']",Torre Lamberti,strategy_nearest,True,0.0026607513427734375,success
04B1B0429C4C80,0,['Arena'],Casa Giulietta,"['Centro Fotografia', 'Sighseeing', 'Torre Lamberti', 'Museo Conte', 'Museo Radio']",Torre Lamberti,strategy_nearest,True,0.0023260116577148438,success
04B1C0429C4C80,0,['Arena'],Casa Giulietta,"['Centro Fotografia', 'Sighseeing', 'Torre Lamberti', 'Museo Conte', 'Museo Radio']",Teatro Romano,strategy_nearest,False,0.0017559528350830078,success
04B1C33A9C4C80,2,['Torre Lamberti'],Palazzo della Ragione,"['AMO', 'Museo Conte', 'Centro Fotografia', 'Sighseeing', 'Santa Anastasia']",Teatro Romano,strategy_nearest,False,0.002267122268676758,success
04B1B2429C4C80,1,['Arena'],Casa Giulietta,"['Centro Fotografia', 'Sighseeing', 'Torre Lamberti', 'Museo Conte', 'Museo Radio']",Torre Lamberti,strategy_nearest,True,0.002220630645751953,success
04B1BA429C4C80,0,['Arena'],Duomo,"['AMO', 'Museo Miniscalchi', 'Santa Anastasia', 'Teatro Romano', 'Palazzo della Ragione']",Casa Giulietta,strategy_nearest,False,0.00408172607421875,success
04B1C5429C4C80,3,"['Santa Anastasia', 'Teatro Romano']",Casa Giulietta,"['Centro Fotografia', 'Sighseeing', 'Torre Lamberti', 'Museo Conte', 'Museo Radio']",Arena,strategy_nearest,False,0.002115964889526367,success
04B1D7429C4C80,2,['Castelvecchio'],Tomba Giulietta,"['San Fermo', 'Museo Storia', 'Arena', 'Museo Lapidario', 'Museo Radio']",San Fermo,strategy_nearest,True,0.003261089324951172,success
04B1D23A9C4C80,3,"['Teatro Romano', 'Giardino Giusti', 'Castelvecchio']",Arena,"['Verona Tour', 'Museo Lapidario', 'Museo Radio', 'San Fermo', 'Casa Giulietta']",San Fermo,strategy_nearest,True,0.002540111541748047,success
04B1DC3A9C4C80,0,['Arena'],Casa Giulietta,"['Centro Fotografia', 'Sighseeing', 'Torre Lamberti', 'Museo Conte', 'Museo Radio']",Tomba Giulietta,strategy_nearest,False,0.0027151107788085938,success
04B1F23A9C4C80,3,"['Arena', 'Castelvecchio']",San Zeno,"['Verona Tour', 'Museo Lapidario', 'Museo Miniscalchi', 'Sighseeing', 'Museo Radio']",Duomo,strategy_nearest,False,0.0017910003662109375,success
04B1F43A9C4C80,0,['Arena'],Casa Giulietta,"['Centro Fotografia', 'Sighseeing', 'Torre Lamberti', 'Museo Conte', 'Museo Radio']",Castelvecchio,strategy_nearest,False,0.002128124237060547,success
04B1FC3A9C4C80,0,['Arena'],Castelvecchio,"['Museo Lapidario', 'Verona Tour', 'Museo Radio', 'San Zeno', 'Sighseeing']",Casa Giulietta,strategy_nearest,False,0.0027229785919189453,success
04B20F3A9C4C84,3,"['Arena', 'Torre Lamberti']",Teatro Romano,"['Santa Anastasia', 'Duomo', 'AMO', 'Palazzo della Ragione', 'Museo Conte']",Duomo,strategy_nearest,True,0.003216981887817383,success
04B218429C4C84,3,"['Arena', 'Santa Anastasia']",Duomo,"['AMO', 'Museo Miniscalchi', 'Teatro Romano', 'Palazzo della Ragione', 'Museo Conte']",Teatro Romano,strategy_nearest,True,0.002024412155151367,success
04B21C429C4C84,0,['Arena'],Giardino Giusti,"['Santa Anastasia', 'Teatro Romano', 'Museo Conte', 'Centro Fotografia', 'Museo Storia']",Duomo,strategy_nearest,False,0.0024318695068359375,success
04B2143A9C4C84,0,['Arena'],Casa Giulietta,"['Centro Fotografia', 'Sighseeing', 'Torre Lamberti', 'Museo Conte', 'Museo Radio']",Torre Lamberti,strategy_nearest,True,0.003268718719482422,success
04B21D3A9C4C80,0,['Arena'],Casa Giulietta,"['Centro Fotografia', 'Sighseeing', 'Torre Lamberti', 'Museo Conte', 'Museo Radio']",Tomba Giulietta,strategy_nearest,False,0.003659963607788086,success
04B2223A9C4C80,0,['Arena'],San Fermo,"['Museo Storia', 'Museo Radio', 'Casa Giulietta', 'Centro Fotografia', 'Sighseeing']",Casa Giulietta,strategy_nearest,True,0.0014939308166503906,success
04B225429C4C80,1,"['Castelvecchio', 'Arena']",Torre Lamberti,"['Sighseeing', 'Centro Fotografia', 'Museo Conte', 'Casa Giulietta', 'Palazzo della Ragione']",Palazzo della Ragione,strategy_nearest,True,0.002206087112426758,success
04B225429C4C84,3,"['Arena', 'Castelvecchio']",Torre Lamberti,"['Sighseeing', 'Centro Fotografia', 'Museo Conte', 'Casa Giulietta', 'Palazzo della Ragione']",Santa Anastasia,strategy_nearest,False,0.003200054168701172,success
04B2264A9C4C80,2,"['Casa Giulietta', 'Casa Giulietta', 'Palazzo della Ragione']",Museo Lapidario,"['Verona Tour', 'Arena', 'Castelvecchio', 'Museo Radio', 'San Fermo']",Tomba Giulietta,strategy_nearest,False,0.0018908977508544922,success
04B22A4A9C4C80,3,"['Arena', 'Torre Lamberti']",Castelvecchio,"['Museo Lapidario', 'Verona Tour', 'Museo Radio', 'San Zeno', 'Sighseeing']",Duomo,strategy_nearest,False,0.0033299922943115234,success
04B228429C4C84,0,['Arena'],Castelvecchio,"['Museo Lapidario', 'Verona Tour', 'Museo Radio', 'San Zeno', 'Sighseeing']",Torre Lamberti,strategy_nearest,False,0.0025947093963623047,success
04B2383A9C4C80,0,['Arena'],Casa Giulietta,"['Centro Fotografia', 'Sighseeing', 'Torre Lamberti', 'Museo Conte', 'Museo Radio']",Teatro Romano,strategy_nearest,False,0.004045009613037109,success
04B2394A9C4C80,2,"['Torre Lamberti', 'Santa Anastasia', 'Duomo', 'Castelvecchio']",San Zeno,"['Verona Tour', 'Museo Lapidario', 'Arena', 'Museo Miniscalchi', 'Sighseeing']",Museo Lapidario,strategy_nearest,True,0.004190921783447266,success
04B24A429C4C80,0,['Arena'],Torre Lamberti,"['Sighseeing', 'Centro Fotografia', 'Museo Conte', 'Casa Giulietta', 'Palazzo della Ragione']",Casa Giulietta,strategy_nearest,True,0.002635955810546875,success
04B24F429C4C80,1,"['Arena', 'Casa Giulietta', 'Torre Lamberti']",Palazzo della Ragione,"['AMO', 'Museo Conte', 'Centro Fotografia', 'Sighseeing', 'Santa Anastasia']",Santa Anastasia,strategy_nearest,True,0.001894235610961914,success
04B24D3A9C4C80,0,['Arena'],San Zeno,"['Castelvecchio', 'Verona Tour', 'Museo Lapidario', 'Museo Miniscalchi', 'Sighseeing']",Castelvecchio,strategy_nearest,True,0.004439115524291992,success
04B252429C4C80,0,['Arena'],Castelvecchio,"['Museo Lapidario', 'Verona Tour', 'Museo Radio', 'San Zeno', 'Sighseeing']",Torre Lamberti,strategy_nearest,False,0.0035898685455322266,success
04B2503A9C4C80,1,"['Casa Giulietta', 'Torre Lamberti']",Palazzo della Ragione,"['AMO', 'Museo Conte', 'Centro Fotografia', 'Sighseeing', 'Santa Anastasia']",Santa Anastasia,strategy_nearest,True,0.0034148693084716797,success
04B253429C4C80,0,['Arena'],Torre Lamberti,"['Sighseeing', 'Centro Fotografia', 'Museo Conte', 'Casa Giulietta', 'Palazzo della Ragione']",Casa Giulietta,strategy_nearest,True,0.002821207046508789,success
04B266429C4C80,2,['Santa Anastasia'],Duomo,"['AMO', 'Museo Miniscalchi', 'Teatro Romano', 'Palazzo della Ragione', 'Museo Conte']",Casa Giulietta,strategy_nearest,False,0.0029730796813964844,success
04B25E429C4C80,3,"['Arena', 'Casa Giulietta']",Santa Anastasia,"['AMO', 'Museo Conte', 'Palazzo della Ragione', 'Teatro Romano', 'Centro Fotografia']",Duomo,strategy_nearest,False,0.004167795181274414,success
04B25F429C4C80,1,['Arena'],Torre Lamberti,"['Sighseeing', 'Centro Fotografia', 'Museo Conte', 'Casa Giulietta', 'Palazzo della Ragione']",Palazzo della Ragione,strategy_nearest,True,0.0016698837280273438,success
04B2573A9C4C80,0,['Arena'],Casa Giulietta,"['Centro Fotografia', 'Sighseeing', 'Torre Lamberti', 'Museo Conte', 'Museo Radio']",Santa Anastasia,strategy_nearest,False,0.003122091293334961,success
04B2733A9C4C80,0,['Castelvecchio'],Torre Lamberti,"['Sighseeing', 'Centro Fotografia', 'Museo Conte', 'Casa Giulietta', 'Palazzo della Ragione']",Casa Giulietta,strategy_nearest,True,0.0017702579498291016,success
04B272429C4C80,2,['Casa Giulietta'],Tomba Giulietta,"['San Fermo', 'Museo Storia', 'Arena', 'Museo Lapidario', 'Museo Radio']",Torre Lamberti,strategy_nearest,False,0.002741098403930664,success
04B269429C4C80,0,['Arena'],Arena,"['Verona Tour', 'Museo Lapidario', 'Museo Radio', 'San Fermo', 'Casa Giulietta']",Castelvecchio,strategy_nearest,False,0.003397703170776367,success
04B2753A9C4C80,3,"['Arena', 'Torre Lamberti']",Casa Giulietta,"['Centro Fotografia', 'Sighseeing', 'Museo Conte', 'Museo Radio', 'Palazzo della Ragione']",Santa Anastasia,strategy_nearest,False,0.003932952880859375,success
04B283429C4C80,1,['Arena'],Palazzo della Ragione,"['AMO', 'Museo Conte', 'Torre Lamberti', 'Centro Fotografia', 'Sighseeing']",Casa Giulietta,strategy_nearest,False,0.002501964569091797,success
04B2763A9C4C80,0,['Casa Giulietta'],Arena,"['Verona Tour', 'Museo Lapidario', 'Museo Radio', 'San Fermo', 'Sighseeing']",Tomba Giulietta,strategy_nearest,False,0.0048160552978515625,success
04B28D4A9C4C80,2,"['Museo Lapidario', 'San Fermo']",Casa Giulietta,"['Centro Fotografia', 'Sighseeing', 'Torre Lamberti', 'Museo Conte', 'Museo Radio']",Duomo,strategy_nearest,False,0.004509925842285156,success
04B2854A9C4C80,1,['Arena'],Casa Giulietta,"['Centro Fotografia', 'Sighseeing', 'Torre Lamberti', 'Museo Conte', 'Museo Radio']",Palazzo della Ragione,strategy_nearest,False,0.003059864044189453,success
04B29A4A9C4C80,1,"['Arena', 'Casa Giulietta', 'Santa Anastasia']",Duomo,"['AMO', 'Museo Miniscalchi', 'Teatro Romano', 'Palazzo della Ragione', 'Museo Conte']",Palazzo della Ragione,strategy_nearest,True,0.0015881061553955078,success
04B2A44A9C4C80,3,['Arena'],Casa Giulietta,"['Centro Fotografia', 'Sighseeing', 'Torre Lamberti', 'Museo Conte', 'Museo Radio']",Santa Anastasia,strategy_nearest,False,0.00238800048828125,success
04B2924A9C4C80,2,['Castelvecchio'],San Zeno,"['Verona Tour', 'Museo Lapidario', 'Arena', 'Museo Miniscalchi', 'Sighseeing']",Duomo,strategy_nearest,False,0.0039539337158203125,success
04B2A6429C4C80,0,['Arena'],Casa Giulietta,"['Centro Fotografia', 'Sighseeing', 'Torre Lamberti', 'Museo Conte', 'Museo Radio']",Torre Lamberti,strategy_nearest,True,0.003701925277709961,success
04B2AB429C4C80,0,['Castelvecchio'],Arena,"['Verona Tour', 'Museo Lapidario', 'Museo Radio', 'San Fermo', 'Casa Giulietta']",Casa Giulietta,strategy_nearest,True,0.0025539398193359375,success
04B2A9429C4C80,0,['Arena'],Duomo,"['AMO', 'Museo Miniscalchi', 'Santa Anastasia', 'Teatro Romano', 'Palazzo della Ragione']",Castelvecchio,strategy_nearest,False,0.001978158950805664,success
04B2AB4A9C4C80,0,['Castelvecchio'],Torre Lamberti,"['Sighseeing', 'Centro Fotografia', 'Museo Conte', 'Casa Giulietta', 'Palazzo della Ragione']",Arena,strategy_nearest,False,0.002830982208251953,success
04B2AE429C4C80,0,['Arena'],Casa Giulietta,"['Centro Fotografia', 'Sighseeing', 'Torre Lamberti', 'Museo Conte', 'Museo Radio']",Torre Lamberti,strategy_nearest,True,0.0030057430267333984,success
04B2B0429C4C80,3,"['Duomo', 'Santa Anastasia']",Torre Lamberti,"['Sighseeing', 'Centro Fotografia', 'Museo Conte', 'Casa Giulietta', 'Palazzo della Ragione']",Casa Giulietta,strategy_nearest,True,0.002048015594482422,success
04B2B3429C4C80,0,['Arena'],Casa Giulietta,"['Centro Fotografia', 'Sighseeing', 'Torre Lamberti', 'Museo Conte', 'Museo Radio']",Teatro Romano,strategy_nearest,False,0.0022127628326416016,success
04B2BD3A9C4C80,0,"['Arena', 'Torre Lamberti']",Casa Giulietta,"['Centro Fotografia', 'Sighseeing', 'Museo Conte', 'Museo Radio', 'Palazzo della Ragione']",Duomo,strategy_nearest,False,0.002725839614868164,success
04B2BF429C4C80,3,"['Torre Lamberti', 'Santa Anastasia']",Arena,"['Verona Tour', 'Museo Lapidario', 'Museo Radio', 'San Fermo', 'Casa Giulietta']",Casa Giulietta,strategy_nearest,True,0.002950906753540039,success
04B2C13A9C4C80,3,"['Castelvecchio', 'Arena']",Casa Giulietta,"['Centro Fotografia', 'Sighseeing', 'Torre Lamberti', 'Museo Conte', 'Museo Radio']",Duomo,strategy_nearest,False,0.001416921615600586,success
04B2C0429C4C80,0,['Arena'],Casa Giulietta,"['Centro Fotografia', 'Sighseeing', 'Torre Lamberti', 'Museo Conte', 'Museo Radio']",Torre Lamberti,strategy_nearest,True,0.002891063690185547,success
04B2C43A9C4C80,0,"['Tomba Giulietta', 'Arena']",Castelvecchio,"['Museo Lapidario', 'Verona Tour', 'Museo Radio', 'San Zeno', 'Sighseeing']",Casa Giulietta,strategy_nearest,False,0.002057790756225586,success
04B2C63A9C4C80,3,"['Tomba Giulietta', 'Torre Lamberti', 'Casa Giulietta']",Arena,"['Verona Tour', 'Museo Lapidario', 'Museo Radio', 'San Fermo', 'Sighseeing']",Santa Anastasia,strategy_nearest,False,0.0032749176025390625,success
04B2CA3A9C4C80,0,['Arena'],Casa Giulietta,"['Centro Fotografia', 'Sighseeing', 'Torre Lamberti', 'Museo Conte', 'Museo Radio']",Torre Lamberti,strategy_nearest,True,0.0025620460510253906,success
04B2CC429C4C80,1,"['Arena', 'Santa Anastasia', 'Torre Lamberti']",Palazzo della Ragione,"['AMO', 'Museo Conte', 'Centro Fotografia', 'Sighseeing', 'Museo Miniscalchi']",Casa Giulietta,strategy_nearest,False,0.0020079612731933594,success
04B2D03A9C4C80,3,['Casa Giulietta'],Santa Anastasia,"['AMO', 'Museo Conte', 'Palazzo della Ragione', 'Teatro Romano', 'Centro Fotografia']",Arena,strategy_nearest,False,0.0026197433471679688,success
04B2D73A9C4C80,0,['Arena'],Duomo,"['AMO', 'Museo Miniscalchi', 'Santa Anastasia', 'Teatro Romano', 'Palazzo della Ragione']",Torre Lamberti,strategy_nearest,False,0.003286123275756836,success
04B2DC3A9C4C80,0,['Arena'],Casa Giulietta,"['Centro Fotografia', 'Sighseeing', 'Torre Lamberti', 'Museo Conte', 'Museo Radio']",San Fermo,strategy_nearest,False,0.0027070045471191406,success
04B2F83A9C4C80,0,['Arena'],Casa Giulietta,"['Centro Fotografia', 'Sighseeing', 'Torre Lamberti', 'Museo Conte', 'Museo Radio']",Torre Lamberti,strategy_nearest,True,0.0019540786743164062,success
04B2FF3A9C4C80,3,"['Arena', 'Casa Giulietta']",Santa Anastasia,"['AMO', 'Museo Conte', 'Palazzo della Ragione', 'Teatro Romano', 'Centro Fotografia']",Teatro Romano,strategy_nearest,True,0.0022499561309814453,success
04B3053A9C4C84,1,"['Arena', 'Casa Giulietta']",Palazzo della Ragione,"['AMO', 'Museo Conte', 'Torre Lamberti', 'Centro Fotografia', 'Sighseeing']",Torre Lamberti,strategy_nearest,True,0.0016891956329345703,success
04B3093A9C4C84,2,['Santa Anastasia'],Duomo,"['AMO', 'Museo Miniscalchi', 'Teatro Romano', 'Palazzo della Ragione', 'Museo Conte']",Giardino Giusti,strategy_nearest,False,0.0017178058624267578,success
04B3084A9C4C80,2,['Santa Anastasia'],Teatro Romano,"['Duomo', 'AMO', 'Palazzo della Ragione', 'Museo Conte', 'Centro Fotografia']",Giardino Giusti,strategy_nearest,False,0.003251791000366211,success
04B30F3A9C4C84,1,"['Arena', 'Museo Lapidario', 'Casa Giulietta', 'Palazzo della Ragione']",Torre Lamberti,"['Sighseeing', 'Centro Fotografia', 'Museo Conte', 'AMO', 'Museo Miniscalchi']",Santa Anastasia,strategy_nearest,False,0.003080129623413086,success
04B31B3A9C4C80,3,"['Museo Lapidario', 'Arena', 'Casa Giulietta']",Torre Lamberti,"['Sighseeing', 'Centro Fotografia', 'Museo Conte', 'Palazzo della Ragione', 'AMO']",Santa Anastasia,strategy_nearest,False,0.0016560554504394531,success
04B31D429C4C80,3,"['Castelvecchio', 'Arena']",Casa Giulietta,"['Centro Fotografia', 'Sighseeing', 'Torre Lamberti', 'Museo Conte', 'Museo Radio']",Torre Lamberti,strategy_nearest,True,0.002368927001953125,success
04B31E3A9C4C80,3,['Arena'],Santa Anastasia,"['AMO', 'Museo Conte', 'Palazzo della Ragione', 'Teatro Romano', 'Centro Fotografia']",Teatro Romano,strategy_nearest,True,0.002681255340576172,success
04B321429C4C80,0,['Arena'],Castelvecchio,"['Museo Lapidario', 'Verona Tour', 'Museo Radio', 'San Zeno', 'Sighseeing']",Duomo,strategy_nearest,False,0.0025892257690429688,success
04B3223A9C4C80,0,['Castelvecchio'],Arena,"['Verona Tour', 'Museo Lapidario', 'Museo Radio', 'San Fermo', 'Casa Giulietta']",Casa Giulietta,strategy_nearest,True,0.0026650428771972656,success
04B3253A9C4C80,0,['Castelvecchio'],Arena,"['Verona Tour', 'Museo Lapidario', 'Museo Radio', 'San Fermo', 'Casa Giulietta']",Casa Giulietta,strategy_nearest,True,0.0031228065490722656,success
04B327429C4C84,3,"['Arena', 'San Fermo', 'Casa Giulietta']",Torre Lamberti,"['Sighseeing', 'Centro Fotografia', 'Museo Conte', 'Palazzo della Ragione', 'AMO']",Duomo,strategy_nearest,False,0.0017778873443603516,success
04B330429C4C80,2,"['Teatro Romano', 'San Zeno']",Castelvecchio,"['Museo Lapidario', 'Verona Tour', 'Arena', 'Museo Radio', 'Sighseeing']",Torre Lamberti,strategy_nearest,False,0.0023641586303710938,success
04B328429C4C84,0,['Arena'],Casa Giulietta,"['Centro Fotografia', 'Sighseeing', 'Torre Lamberti', 'Museo Conte', 'Museo Radio']",Torre Lamberti,strategy_nearest,True,0.0024878978729248047,success
04B33E429C4C80,2,"['Casa Giulietta', 'Casa Giulietta']",Santa Anastasia,"['AMO', 'Museo Conte', 'Palazzo della Ragione', 'Teatro Romano', 'Centro Fotografia']",Duomo,strategy_nearest,False,0.002605915069580078,success
04B3533A9C4C80,2,"['Casa Giulietta', 'Torre Lamberti']",Palazzo della Ragione,"['AMO', 'Museo Conte', 'Centro Fotografia', 'Sighseeing', 'Santa Anastasia']",Santa Anastasia,strategy_nearest,True,0.002331972122192383,success
04B34A429C4C80,0,['Arena'],Casa Giulietta,"['Centro Fotografia', 'Sighseeing', 'Torre Lamberti', 'Museo Conte', 'Museo Radio']",San Fermo,strategy_nearest,False,0.0019931793212890625,success
04B33F3A9C4C80,0,['Arena'],Tomba Giulietta,"['San Fermo', 'Museo Storia', 'Museo Lapidario', 'Museo Radio', 'Verona Tour']",Casa Giulietta,strategy_nearest,False,0.004012107849121094,success
04B358429C4C80,0,"['Torre Lamberti', 'Casa Giulietta']",Arena,"['Verona Tour', 'Museo Lapidario', 'Museo Radio', 'San Fermo', 'Sighseeing']",Castelvecchio,strategy_nearest,False,0.002569913864135742,success
04B37A3A9C4C80,0,['Casa Giulietta'],Torre Lamberti,"['Sighseeing', 'Centro Fotografia', 'Museo Conte', 'Palazzo della Ragione', 'AMO']",Arena,strategy_nearest,False,0.0017948150634765625,success
04B3743A9C4C80,0,['Casa Giulietta'],Duomo,"['AMO', 'Museo Miniscalchi', 'Santa Anastasia', 'Teatro Romano', 'Palazzo della Ragione']",Castelvecchio,strategy_nearest,False,0.0029668807983398438,success
04B37C3A9C4C80,0,['Arena'],Casa Giulietta,"['Centro Fotografia', 'Sighseeing', 'Torre Lamberti', 'Museo Conte', 'Museo Radio']",Castelvecchio,strategy_nearest,False,0.0026531219482421875,success
04B3863A9C4C80,0,['Arena'],Castelvecchio,"['Museo Lapidario', 'Verona Tour', 'Museo Radio', 'San Zeno', 'Sighseeing']",Casa Giulietta,strategy_nearest,False,0.0024640560150146484,success
04B387429C4C80,3,['Arena'],Casa Giulietta,"['Centro Fotografia', 'Sighseeing', 'Torre Lamberti', 'Museo Conte', 'Museo Radio']",Santa Anastasia,strategy_nearest,False,0.0029439926147460938,success
04B3AC429C4C80,3,"['Arena', 'San Zeno']",Santa Anastasia,"['AMO', 'Museo Conte', 'Palazzo della Ragione', 'Teatro Romano', 'Centro Fotografia']",Duomo,strategy_nearest,False,0.0017521381378173828,success
04B3AA429C4C80,2,['Casa Giulietta'],Santa Anastasia,"['AMO', 'Museo Conte', 'Palazzo della Ragione', 'Teatro Romano', 'Centro Fotografia']",Santa Anastasia,strategy_nearest,False,0.0024619102478027344,success
04B3AE429C4C80,0,"['Arena', 'Casa Giulietta']",Tomba Giulietta,"['San Fermo', 'Museo Storia', 'Museo Lapidario', 'Museo Radio', 'Verona Tour']",Castelvecchio,strategy_nearest,False,0.002300262451171875,success
04B3B43A9C4C80,0,['Arena'],Casa Giulietta,"['Centro Fotografia', 'Sighseeing', 'Torre Lamberti', 'Museo Conte', 'Museo Radio']",Tomba Giulietta,strategy_nearest,False,0.003240823745727539,success
04B3B23A9C4C80,1,"['Arena', 'Museo Lapidario', 'Tomba Giulietta', 'San Fermo']",Giardino Giusti,"['Santa Anastasia', 'Teatro Romano', 'Museo Conte', 'Centro Fotografia', 'Museo Storia']",Torre Lamberti,strategy_nearest,False,0.0025420188903808594,success
04B3B8429C4C80,3,"['Arena', 'Casa Giulietta']",Duomo,"['AMO', 'Museo Miniscalchi', 'Santa Anastasia', 'Teatro Romano', 'Palazzo della Ragione']",Santa Anastasia,strategy_nearest,True,0.0021479129791259766,success
04B3BC3A9C4C80,2,['Casa Giulietta'],Palazzo della Ragione,"['AMO', 'Museo Conte', 'Torre Lamberti', 'Centro Fotografia', 'Sighseeing']",Santa Anastasia,strategy_nearest,False,0.0018107891082763672,success
04B3BA3A9C4C80,0,['Arena'],Duomo,"['AMO', 'Museo Miniscalchi', 'Santa Anastasia', 'Teatro Romano', 'Palazzo della Ragione']",Castelvecchio,strategy_nearest,False,0.002440929412841797,success
04B3BE3A9C4C80,0,['Arena'],Museo Lapidario,"['Verona Tour', 'Castelvecchio', 'Museo Radio', 'San Fermo', 'Casa Giulietta']",Casa Giulietta,strategy_nearest,True,0.0024080276489257812,success
04B3C63A9C4C80,3,['Arena'],Santa Anastasia,"['AMO', 'Museo Conte', 'Palazzo della Ragione', 'Teatro Romano', 'Centro Fotografia']",Teatro Romano,strategy_nearest,True,0.002871990203857422,success
04B3C73A9C4C80,1,"['Arena', 'Torre Lamberti', 'Palazzo della Ragione']",Casa Giulietta,"['Centro Fotografia', 'Sighseeing', 'Museo Conte', 'Museo Radio', 'San Fermo']",San Fermo,strategy_nearest,True,0.002774953842163086,success
04B3C8429C4C80,3,"['Arena', 'Casa Giulietta', 'Torre Lamberti']",Santa Anastasia,"['AMO', 'Museo Conte', 'Palazzo della Ragione', 'Teatro Romano', 'Centro Fotografia']",Castelvecchio,strategy_nearest,False,0.0020401477813720703,success
04B3C9429C4C80,3,"['Arena', 'Casa Giulietta', 'Torre Lamberti']",Santa Anastasia,"['AMO', 'Museo Conte', 'Palazzo della Ragione', 'Teatro Romano', 'Centro Fotografia']",Castelvecchio,strategy_nearest,False,0.002696990966796875,success
04B3CB3A9C4C80,1,"['Arena', 'Casa Giulietta']",Palazzo della Ragione,"['AMO', 'Museo Conte', 'Torre Lamberti', 'Centro Fotografia', 'Sighseeing']",Torre Lamberti,strategy_nearest,True,0.003194093704223633,success
04B3D23A9C4C80,1,"['Castelvecchio', 'Arena']",Casa Giulietta,"['Centro Fotografia', 'Sighseeing', 'Torre Lamberti', 'Museo Conte', 'Museo Radio']",Palazzo della Ragione,strategy_nearest,False,0.0014629364013671875,success
04B3D53A9C4C80,2,['San Fermo'],Casa Giulietta,"['Centro Fotografia', 'Sighseeing', 'Torre Lamberti', 'Museo Conte', 'Museo Radio']",Santa Anastasia,strategy_nearest,False,0.002627134323120117,success
04B3DD3A9C4C80,2,['Casa Giulietta'],Santa Anastasia,"['AMO', 'Museo Conte', 'Palazzo della Ragione', 'Teatro Romano', 'Centro Fotografia']",Duomo,strategy_nearest,False,0.00323486328125,success
04B3D43A9C4C80,0,['Casa Giulietta'],Torre Lamberti,"['Sighseeing', 'Centro Fotografia', 'Museo Conte', 'Palazzo della Ragione', 'AMO']",Castelvecchio,strategy_nearest,False,0.0020852088928222656,success
04B3EC3A9C4C80,0,['Arena'],Casa Giulietta,"['Centro Fotografia', 'Sighseeing', 'Torre Lamberti', 'Museo Conte', 'Museo Radio']",Torre Lamberti,strategy_nearest,True,0.0023670196533203125,success
04B3E33A9C4C80,2,"['Casa Giulietta', 'San Fermo', 'San Zeno']",Castelvecchio,"['Museo Lapidario', 'Verona Tour', 'Arena', 'Museo Radio', 'Sighseeing']",Palazzo della Ragione,strategy_nearest,False,0.0017590522766113281,success
04B3F33A9C4C80,1,"['Tomba Giulietta', 'Arena', 'Torre Lamberti']",Palazzo della Ragione,"['AMO', 'Museo Conte', 'Centro Fotografia', 'Sighseeing', 'Santa Anastasia']",Santa Anastasia,strategy_nearest,True,0.002312898635864258,success
04B3FB429C4C80,0,['Casa Giulietta'],Casa Giulietta,"['Centro Fotografia', 'Sighseeing', 'Torre Lamberti', 'Museo Conte', 'Museo Radio']",Arena,strategy_nearest,False,0.002755880355834961,success
04B3FF429C4C80,2,['Teatro Romano'],Castelvecchio,"['Museo Lapidario', 'Verona Tour', 'Arena', 'Museo Radio', 'San Zeno']",San Zeno,strategy_nearest,True,0.003178834915161133,success
04B3FE429C4C80,3,"['Arena', 'Torre Lamberti', 'Casa Giulietta', 'Santa Anastasia']",Teatro Romano,"['Duomo', 'AMO', 'Palazzo della Ragione', 'Museo Conte', 'Centro Fotografia']",San Fermo,strategy_nearest,False,0.0028679370880126953,success
04B401429C4C84,3,"['Castelvecchio', 'Arena']",Santa Anastasia,"['AMO', 'Museo Conte', 'Palazzo della Ragione', 'Teatro Romano', 'Centro Fotografia']",Teatro Romano,strategy_nearest,True,0.0019278526306152344,success
04B4043A9C4C84,3,"['Arena', 'Casa Giulietta']",Santa Anastasia,"['AMO', 'Museo Conte', 'Palazzo della Ragione', 'Teatro Romano', 'Centro Fotografia']",Teatro Romano,strategy_nearest,True,0.002065896987915039,success
04B4093A9C4C84,0,['Arena'],Santa Anastasia,"['AMO', 'Museo Conte', 'Palazzo della Ragione', 'Teatro Romano', 'Centro Fotografia']",Castelvecchio,strategy_nearest,False,0.0027108192443847656,success
04B40B429C4C84,0,['Arena'],Castelvecchio,"['Museo Lapidario', 'Verona Tour', 'Museo Radio', 'San Zeno', 'Sighseeing']",Museo Storia,strategy_nearest,False,0.0031290054321289062,success
04B417429C4C80,0,['Arena'],Casa Giulietta,"['Centro Fotografia', 'Sighseeing', 'Torre Lamberti', 'Museo Conte', 'Museo Radio']",San Fermo,strategy_nearest,False,0.0023241043090820312,success
04B420429C4C80,3,"['Arena', 'Torre Lamberti', 'San Fermo', 'Castelvecchio']",Tomba Giulietta,"['Museo Storia', 'Museo Lapidario', 'Museo Radio', 'Verona Tour', 'Casa Giulietta']",Casa Giulietta,strategy_nearest,True,0.0020699501037597656,success
04B41E4A9C4C80,1,"['Castelvecchio', 'Casa Giulietta', 'Teatro Romano']",Giardino Giusti,"['Santa Anastasia', 'Museo Conte', 'Centro Fotografia', 'Museo Storia', 'AMO']",Arena,strategy_nearest,False,0.003509998321533203,success
04B420429C4C84,3,"['Arena', 'Teatro Romano', 'Duomo']",Santa Anastasia,"['AMO', 'Museo Conte', 'Palazzo della Ragione', 'Centro Fotografia', 'Torre Lamberti']",Torre Lamberti,strategy_nearest,True,0.0026040077209472656,success
04B4213A9C4C84,2,['Casa Giulietta'],Santa Anastasia,"['AMO', 'Museo Conte', 'Palazzo della Ragione', 'Teatro Romano', 'Centro Fotografia']",Castelvecchio,strategy_nearest,False,0.0030968189239501953,success
04B424429C4C84,0,"['Castelvecchio', 'Arena']",Casa Giulietta,"['Centro Fotografia', 'Sighseeing', 'Torre Lamberti', 'Museo Conte', 'Museo Radio']",Tomba Giulietta,strategy_nearest,False,0.002794981002807617,success
04B42D429C4C80,2,['Museo Lapidario'],Castelvecchio,"['Verona Tour', 'Arena', 'Museo Radio', 'San Zeno', 'Sighseeing']",San Zeno,strategy_nearest,True,0.001837015151977539,success
04B431429C4C80,2,"['Teatro Romano', 'San Zeno']",Castelvecchio,"['Museo Lapidario', 'Verona Tour', 'Arena', 'Museo Radio', 'Sighseeing']",Torre Lamberti,strategy_nearest,False,0.0031528472900390625,success
04B436429C4C80,3,"['Arena', 'Castelvecchio']",Torre Lamberti,"['Sighseeing', 'Centro Fotografia', 'Museo Conte', 'Casa Giulietta', 'Palazzo della Ragione']",Duomo,strategy_nearest,False,0.002290964126586914,success
04B43A3A9C4C80,0,"['Casa Giulietta', 'Arena']",Castelvecchio,"['Museo Lapidario', 'Verona Tour', 'Museo Radio', 'San Zeno', 'Sighseeing']",Torre Lamberti,strategy_nearest,False,0.0019409656524658203,success
04B4433A9C4C80,1,['Arena'],Palazzo della Ragione,"['AMO', 'Museo Conte', 'Torre Lamberti', 'Centro Fotografia', 'Sighseeing']",Santa Anastasia,strategy_nearest,False,0.002599000930786133,success
04B4453A9C4C80,3,"['Arena', 'Casa Giulietta']",Torre Lamberti,"['Sighseeing', 'Centro Fotografia', 'Museo Conte', 'Palazzo della Ragione', 'AMO']",Santa Anastasia,strategy_nearest,False,0.0016508102416992188,success
04B4443A9C4C80,1,['Arena'],Casa Giulietta,"['Centro Fotografia', 'Sighseeing', 'Torre Lamberti', 'Museo Conte', 'Museo Radio']",Torre Lamberti,strategy_nearest,True,0.0033550262451171875,success
04B4683A9C4C80,2,['San Fermo'],Santa Anastasia,"['AMO', 'Museo Conte', 'Palazzo della Ragione', 'Teatro Romano', 'Centro Fotografia']",Castelvecchio,strategy_nearest,False,0.0029561519622802734,success
04B447429C4C80,1,"['Museo Lapidario', 'Arena', 'Castelvecchio']",Palazzo della Ragione,"['AMO', 'Museo Conte', 'Torre Lamberti', 'Centro Fotografia', 'Sighseeing']",Casa Giulietta,strategy_nearest,False,0.0027022361755371094,success
04B46C429C4C80,0,['Arena'],Casa Giulietta,"['Centro Fotografia', 'Sighseeing', 'Torre Lamberti', 'Museo Conte', 'Museo Radio']",Torre Lamberti,strategy_nearest,True,0.002526998519897461,success
04B4743A9C4C80,3,"['Arena', 'Museo Lapidario', 'Castelvecchio']",Santa Anastasia,"['AMO', 'Museo Conte', 'Palazzo della Ragione', 'Teatro Romano', 'Centro Fotografia']",Casa Giulietta,strategy_nearest,False,0.002888202667236328,success
04B483429C4C80,0,['Arena'],Casa Giulietta,"['Centro Fotografia', 'Sighseeing', 'Torre Lamberti', 'Museo Conte', 'Museo Radio']",Tomba Giulietta,strategy_nearest,False,0.0023109912872314453,success
04B484429C4C80,0,['Arena'],Casa Giulietta,"['Centro Fotografia', 'Sighseeing', 'Torre Lamberti', 'Museo Conte', 'Museo Radio']",Castelvecchio,strategy_nearest,False,0.002341747283935547,success
04B48A429C4C80,0,"['Arena', 'Casa Giulietta']",Duomo,"['AMO', 'Museo Miniscalchi', 'Santa Anastasia', 'Teatro Romano', 'Palazzo della Ragione']",Teatro Romano,strategy_nearest,True,0.0033998489379882812,success
04B48B429C4C80,3,"['Arena', 'Casa Giulietta', 'Santa Anastasia']",Teatro Romano,"['Duomo', 'AMO', 'Palazzo della Ragione', 'Museo Conte', 'Centro Fotografia']",Duomo,strategy_nearest,True,0.0017468929290771484,success
04B48C3A9C4C80,3,['Arena'],Castelvecchio,"['Museo Lapidario', 'Verona Tour', 'Museo Radio', 'San Zeno', 'Sighseeing']",Santa Anastasia,strategy_nearest,False,0.0032732486724853516,success
04B48D3A9C4C80,3,"['Arena', 'Casa Giulietta']",San Fermo,"['Museo Storia', 'Museo Radio', 'Centro Fotografia', 'Sighseeing', 'Torre Lamberti']",Santa Anastasia,strategy_nearest,False,0.002835988998413086,success
04B4994A9C4C80,1,"['Arena', 'Casa Giulietta', 'Torre Lamberti']",Palazzo della Ragione,"['AMO', 'Museo Conte', 'Centro Fotografia', 'Sighseeing', 'Santa Anastasia']",Santa Anastasia,strategy_nearest,True,0.002028226852416992,success
04B4A1429C4C80,1,"['Palazzo della Ragione', 'Torre Lamberti']",Casa Giulietta,"['Centro Fotografia', 'Sighseeing', 'Museo Conte', 'Museo Radio', 'San Fermo']",Arena,strategy_nearest,False,0.002737760543823242,success
04B48E429C4C80,3,"['Arena', 'Santa Anastasia']",Casa Giulietta,"['Centro Fotografia', 'Sighseeing', 'Torre Lamberti', 'Museo Conte', 'Museo Radio']",Duomo,strategy_nearest,False,0.003422260284423828,success
04B4A8429C4C80,1,"['Teatro Romano', 'Museo Lapidario']",Arena,"['Verona Tour', 'Museo Radio', 'San Fermo', 'Casa Giulietta', 'Sighseeing']",Torre Lamberti,strategy_nearest,False,0.0034880638122558594,success
04B4AA429C4C80,1,"['Arena', 'Casa Giulietta', 'Torre Lamberti']",Palazzo della Ragione,"['AMO', 'Museo Conte', 'Centro Fotografia', 'Sighseeing', 'Santa Anastasia']",Santa Anastasia,strategy_nearest,True,0.0024080276489257812,success
04B4B1429C4C80,0,['Arena'],Casa Giulietta,"['Centro Fotografia', 'Sighseeing', 'Torre Lamberti', 'Museo Conte', 'Museo Radio']",Teatro Romano,strategy_nearest,False,0.0021021366119384766,success
04B4AA4A9C4C80,1,"['San Zeno', 'Arena', 'Torre Lamberti']",Palazzo della Ragione,"['AMO', 'Museo Conte', 'Centro Fotografia', 'Sighseeing', 'Santa Anastasia']",Casa Giulietta,strategy_nearest,False,0.0027027130126953125,success
04B4B43A9C4C80,0,"['Castelvecchio', 'Arena']",Casa Giulietta,"['Centro Fotografia', 'Sighseeing', 'Torre Lamberti', 'Museo Conte', 'Museo Radio']",Torre Lamberti,strategy_nearest,True,0.0031828880310058594,success
04B4B53A9C4C80,3,['Arena'],Casa Giulietta,"['Centro Fotografia', 'Sighseeing', 'Torre Lamberti', 'Museo Conte', 'Museo Radio']",Torre Lamberti,strategy_nearest,True,0.0028340816497802734,success
04B4C73A9C4C80,2,['Casa Giulietta'],Torre Lamberti,"['Sighseeing', 'Centro Fotografia', 'Museo Conte', 'Palazzo della Ragione', 'AMO']",Santa Anastasia,strategy_nearest,False,0.0032732486724853516,success
04B4C93A9C4C80,3,['Arena'],Santa Anastasia,"['AMO', 'Museo Conte', 'Palazzo della Ragione', 'Teatro Romano', 'Centro Fotografia']",Duomo,strategy_nearest,False,0.0019037723541259766,success
04B4C9429C4C80,0,['Arena'],Casa Giulietta,"['Centro Fotografia', 'Sighseeing', 'Torre Lamberti', 'Museo Conte', 'Museo Radio']",Santa Anastasia,strategy_nearest,False,0.003081083297729492,success
04B4CC3A9C4C80,0,['Arena'],Casa Giulietta,"['Centro Fotografia', 'Sighseeing', 'Torre Lamberti', 'Museo Conte', 'Museo Radio']",Duomo,strategy_nearest,False,0.003030061721801758,success
04B4DC429C4C80,1,"['Castelvecchio', 'San Zeno', 'Arena']",Torre Lamberti,"['Sighseeing', 'Centro Fotografia', 'Museo Conte', 'Casa Giulietta', 'Palazzo della Ragione']",Palazzo della Ragione,strategy_nearest,True,0.0023910999298095703,success
04B4DD3A9C4C80,0,['San Zeno'],Arena,"['Verona Tour', 'Museo Lapidario', 'Museo Radio', 'San Fermo', 'Casa Giulietta']",Casa Giulietta,strategy_nearest,True,0.002730131149291992,success
04B4E03A9C4C80,0,['Casa Giulietta'],Castelvecchio,"['Museo Lapidario', 'Verona Tour', 'Arena', 'Museo Radio', 'San Zeno']",Arena,strategy_nearest,True,0.0028769969940185547,success
04B4F6429C4C80,3,"['San Zeno', 'Arena']",Giardino Giusti,"['Santa Anastasia', 'Teatro Romano', 'Museo Conte', 'Centro Fotografia', 'Museo Storia']",Castelvecchio,strategy_nearest,False,0.002151966094970703,success
04B4F8429C4C80,2,['Castelvecchio'],Santa Anastasia,"['AMO', 'Museo Conte', 'Palazzo della Ragione', 'Teatro Romano', 'Centro Fotografia']",Duomo,strategy_nearest,False,0.003165006637573242,success
04B50A429C4C84,0,['Arena'],Casa Giulietta,"['Centro Fotografia', 'Sighseeing', 'Torre Lamberti', 'Museo Conte', 'Museo Radio']",Castelvecchio,strategy_nearest,False,0.0015070438385009766,success
04B5043A9C4C84,3,"['Arena', 'Casa Giulietta']",Santa Anastasia,"['AMO', 'Museo Conte', 'Palazzo della Ragione', 'Teatro Romano', 'Centro Fotografia']",Teatro Romano,strategy_nearest,True,0.0021448135375976562,success
04B4FE429C4C80,0,"['Arena', 'Castelvecchio']",San Zeno,"['Verona Tour', 'Museo Lapidario', 'Museo Miniscalchi', 'Sighseeing', 'Museo Radio']",Teatro Romano,strategy_nearest,False,0.0033063888549804688,success
04B4F93A9C4C80,0,['Arena'],Santa Anastasia,"['AMO', 'Museo Conte', 'Palazzo della Ragione', 'Teatro Romano', 'Centro Fotografia']",Casa Giulietta,strategy_nearest,False,0.002794027328491211,success
04B50B3A9C4C84,0,"['San Zeno', 'Castelvecchio']",Arena,"['Verona Tour', 'Museo Lapidario', 'Museo Radio', 'San Fermo', 'Casa Giulietta']",Torre Lamberti,strategy_nearest,False,0.0014178752899169922,success
04B50B429C4C80,0,['Castelvecchio'],Arena,"['Verona Tour', 'Museo Lapidario', 'Museo Radio', 'San Fermo', 'Casa Giulietta']",Casa Giulietta,strategy_nearest,True,0.0019049644470214844,success
04B50E429C4C80,0,['San Zeno'],Castelvecchio,"['Museo Lapidario', 'Verona Tour', 'Arena', 'Museo Radio', 'Sighseeing']",Arena,strategy_nearest,True,0.002588987350463867,success
04B50F429C4C80,0,['Arena'],Casa Giulietta,"['Centro Fotografia', 'Sighseeing', 'Torre Lamberti', 'Museo Conte', 'Museo Radio']",Castelvecchio,strategy_nearest,False,0.003299713134765625,success
04B51D429C4C84,1,"['Arena', 'Casa Giulietta', 'Santa Anastasia']",San Zeno,"['Castelvecchio', 'Verona Tour', 'Museo Lapidario', 'Museo Miniscalchi', 'Sighseeing']",Duomo,strategy_nearest,False,0.0018589496612548828,success
04B51E429C4C84,0,['Arena'],Duomo,"['AMO', 'Museo Miniscalchi', 'Santa Anastasia', 'Teatro Romano', 'Palazzo della Ragione']",Casa Giulietta,strategy_nearest,False,0.002649068832397461,success
04B51F3A9C4C84,3,"['Arena', 'Castelvecchio']",Casa Giulietta,"['Centro Fotografia', 'Sighseeing', 'Torre Lamberti', 'Museo Conte', 'Museo Radio']",Santa Anastasia,strategy_nearest,False,0.0032470226287841797,success
04B5243A9C4C80,0,['Casa Giulietta'],Torre Lamberti,"['Sighseeing', 'Centro Fotografia', 'Museo Conte', 'Palazzo della Ragione', 'AMO']",San Zeno,strategy_nearest,False,0.0026590824127197266,success
04B5274A9C4C80,3,"['Castelvecchio', 'Arena', 'Casa Giulietta', 'Torre Lamberti']",Santa Anastasia,"['AMO', 'Museo Conte', 'Palazzo della Ragione', 'Teatro Romano', 'Centro Fotografia']",Duomo,strategy_nearest,False,0.0022950172424316406,success
04B5313A9C4C80,0,['Arena'],Casa Giulietta,"['Centro Fotografia', 'Sighseeing', 'Torre Lamberti', 'Museo Conte', 'Museo Radio']",Torre Lamberti,strategy_nearest,True,0.0017910003662109375,success
04B5343A9C4C80,2,"['Castelvecchio', 'San Zeno', 'Torre Lamberti']",Santa Anastasia,"['AMO', 'Museo Conte', 'Palazzo della Ragione', 'Teatro Romano', 'Centro Fotografia']",Duomo,strategy_nearest,False,0.0024840831756591797,success
04B53D4A9C4C80,1,"['Arena', 'San Fermo', 'Santa Anastasia']",Torre Lamberti,"['Sighseeing', 'Centro Fotografia', 'Museo Conte', 'Casa Giulietta', 'Palazzo della Ragione']",Duomo,strategy_nearest,False,0.002454042434692383,success
04B540429C4C80,3,"['Castelvecchio', 'Arena', 'Casa Giulietta']",Tomba Giulietta,"['San Fermo', 'Museo Storia', 'Museo Lapidario', 'Museo Radio', 'Verona Tour']",Torre Lamberti,strategy_nearest,False,0.002249002456665039,success
04B54F3A9C4C80,1,"['Arena', 'Museo Lapidario', 'Casa Giulietta', 'Torre Lamberti', 'Palazzo della Ragione']",Duomo,"['AMO', 'Museo Miniscalchi', 'Santa Anastasia', 'Teatro Romano', 'Museo Conte']",Teatro Romano,strategy_nearest,True,0.0015680789947509766,success
04B551429C4C80,3,"['Arena', 'Tomba Giulietta']",Casa Giulietta,"['Centro Fotografia', 'Sighseeing', 'Torre Lamberti', 'Museo Conte', 'Museo Radio']",Santa Anastasia,strategy_nearest,False,0.0035829544067382812,success
04B546429C4C80,2,['Teatro Romano'],San Fermo,"['Museo Storia', 'Museo Radio', 'Casa Giulietta', 'Centro Fotografia', 'Arena']",Casa Giulietta,strategy_nearest,True,0.0037178993225097656,success
04B5433A9C4C80,0,['Arena'],Santa Anastasia,"['AMO', 'Museo Conte', 'Palazzo della Ragione', 'Teatro Romano', 'Centro Fotografia']",Giardino Giusti,strategy_nearest,False,0.003918170928955078,success
04B555429C4C80,3,"['San Zeno', 'Castelvecchio', 'Arena', 'Museo Lapidario']",Tomba Giulietta,"['San Fermo', 'Museo Storia', 'Museo Radio', 'Verona Tour', 'Casa Giulietta']",Santa Anastasia,strategy_nearest,False,0.0024662017822265625,success
04B56F3A9C4C80,2,['Casa Giulietta'],Santa Anastasia,"['AMO', 'Museo Conte', 'Palazzo della Ragione', 'Teatro Romano', 'Centro Fotografia']",Duomo,strategy_nearest,False,0.004160881042480469,success
04B5583A9C4C80,0,['Arena'],Torre Lamberti,"['Sighseeing', 'Centro Fotografia', 'Museo Conte', 'Casa Giulietta', 'Palazzo della Ragione']",Duomo,strategy_nearest,False,0.003026723861694336,success
04B5713A9C4C80,3,['Santa Anastasia'],Arena,"['Verona Tour', 'Museo Lapidario', 'Museo Radio', 'San Fermo', 'Casa Giulietta']",Santa Anastasia,strategy_nearest,False,0.0033185482025146484,success
04B5733A9C4C80,0,['Arena'],Castelvecchio,"['Museo Lapidario', 'Verona Tour', 'Museo Radio', 'San Zeno', 'Sighseeing']",Tomba Giulietta,strategy_nearest,False,0.0027294158935546875,success
04B57E429C4C80,1,"['Arena', 'Torre Lamberti']",Palazzo della Ragione,"['AMO', 'Museo Conte', 'Centro Fotografia', 'Sighseeing', 'Santa Anastasia']",Palazzo della Ragione,strategy_nearest,False,0.0029060840606689453,success
04B57A3A9C4C80,2,['Torre Lamberti'],Duomo,"['AMO', 'Museo Miniscalchi', 'Santa Anastasia', 'Teatro Romano', 'Palazzo della Ragione']",Teatro Romano,strategy_nearest,True,0.0035767555236816406,success
04B5834A9C4C80,3,"['Arena', 'Torre Lamberti']",Casa Giulietta,"['Centro Fotografia', 'Sighseeing', 'Museo Conte', 'Museo Radio', 'Palazzo della Ragione']",Duomo,strategy_nearest,False,0.004118680953979492,success
04B58B429C4C80,0,['Arena'],Casa Giulietta,"['Centro Fotografia', 'Sighseeing', 'Torre Lamberti', 'Museo Conte', 'Museo Radio']",Teatro Romano,strategy_nearest,False,0.002542257308959961,success
04B58B4A9C4C80,0,['Arena'],Casa Giulietta,"['Centro Fotografia', 'Sighseeing', 'Torre Lamberti', 'Museo Conte', 'Museo Radio']",Castelvecchio,strategy_nearest,False,0.0035772323608398438,success
04B593429C4C80,0,['Arena'],Castelvecchio,"['Museo Lapidario', 'Verona Tour', 'Museo Radio', 'San Zeno', 'Sighseeing']",Casa Giulietta,strategy_nearest,False,0.0029420852661132812,success
04B594429C4C80,3,"['Santa Anastasia', 'Duomo']",Castelvecchio,"['Museo Lapidario', 'Verona Tour', 'Arena', 'Museo Radio', 'San Zeno']",Arena,strategy_nearest,True,0.0025327205657958984,success
04B5A63A9C4C80,0,['Arena'],Torre Lamberti,"['Sighseeing', 'Centro Fotografia', 'Museo Conte', 'Casa Giulietta', 'Palazzo della Ragione']",Casa Giulietta,strategy_nearest,True,0.0015971660614013672,success
04B5A44A9C4C80,3,"['Arena', 'Casa Giulietta']",Torre Lamberti,"['Sighseeing', 'Centro Fotografia', 'Museo Conte', 'Palazzo della Ragione', 'AMO']",Santa Anastasia,strategy_nearest,False,0.0032770633697509766,success
04B5A74A9C4C80,3,"['Arena', 'Casa Giulietta']",Torre Lamberti,"['Sighseeing', 'Centro Fotografia', 'Museo Conte', 'Palazzo della Ragione', 'AMO']",Santa Anastasia,strategy_nearest,False,0.004395008087158203,success
04B5B13A9C4C80,3,"['Casa Giulietta', 'Santa Anastasia']",Duomo,"['AMO', 'Museo Miniscalchi', 'Teatro Romano', 'Palazzo della Ragione', 'Museo Conte']",Torre Lamberti,strategy_nearest,False,0.002434968948364258,success
04B5AB429C4C80,1,"['Casa Giulietta', 'Torre Lamberti']",Santa Anastasia,"['AMO', 'Museo Conte', 'Palazzo della Ragione', 'Teatro Romano', 'Centro Fotografia']",Duomo,strategy_nearest,False,0.0042018890380859375,success
04B5AA3A9C4C80,3,['Arena'],Casa Giulietta,"['Centro Fotografia', 'Sighseeing', 'Torre Lamberti', 'Museo Conte', 'Museo Radio']",Santa Anastasia,strategy_nearest,False,0.002849102020263672,success
04B5B63A9C4C80,0,['Arena'],Museo Lapidario,"['Verona Tour', 'Castelvecchio', 'Museo Radio', 'San Fermo', 'Casa Giulietta']",Castelvecchio,strategy_nearest,True,0.0020051002502441406,success
04B5B3429C4C80,0,['Teatro Romano'],Casa Giulietta,"['Centro Fotografia', 'Sighseeing', 'Torre Lamberti', 'Museo Conte', 'Museo Radio']",Torre Lamberti,strategy_nearest,True,0.003049135208129883,success
04B5B53A9C4C80,0,['Arena'],Casa Giulietta,"['Centro Fotografia', 'Sighseeing', 'Torre Lamberti', 'Museo Conte', 'Museo Radio']",Torre Lamberti,strategy_nearest,True,0.0026121139526367188,success
04B5B6429C4C80,3,"['Arena', 'Casa Giulietta']",Torre Lamberti,"['Sighseeing', 'Centro Fotografia', 'Museo Conte', 'Palazzo della Ragione', 'AMO']",Santa Anastasia,strategy_nearest,False,0.0028638839721679688,success
04B5B9429C4C80,3,"['Arena', 'Museo Lapidario', 'Castelvecchio', 'Duomo']",Santa Anastasia,"['AMO', 'Museo Conte', 'Palazzo della Ragione', 'Teatro Romano', 'Centro Fotografia']",Torre Lamberti,strategy_nearest,False,0.0019290447235107422,success
04B5B73A9C4C80,3,['Arena'],San Fermo,"['Museo Storia', 'Museo Radio', 'Casa Giulietta', 'Centro Fotografia', 'Sighseeing']",Santa Anastasia,strategy_nearest,False,0.002959728240966797,success
04B5BD3A9C4C80,3,"['Castelvecchio', 'Tomba Giulietta', 'San Fermo']",Casa Giulietta,"['Centro Fotografia', 'Sighseeing', 'Torre Lamberti', 'Museo Conte', 'Museo Radio']",Santa Anastasia,strategy_nearest,False,0.003168344497680664,success
04B5BC3A9C4C80,3,"['Arena', 'Torre Lamberti']",Casa Giulietta,"['Centro Fotografia', 'Sighseeing', 'Museo Conte', 'Museo Radio', 'Palazzo della Ragione']",Santa Anastasia,strategy_nearest,False,0.0025110244750976562,success
04B5C7429C4C80,3,"['San Fermo', 'Santa Anastasia']",Casa Giulietta,"['Centro Fotografia', 'Sighseeing', 'Torre Lamberti', 'Museo Conte', 'Museo Radio']",Duomo,strategy_nearest,False,0.0019481182098388672,success
04B5CA429C4C80,2,['Casa Giulietta'],Teatro Romano,"['Santa Anastasia', 'Duomo', 'AMO', 'Palazzo della Ragione', 'Museo Conte']",Castelvecchio,strategy_nearest,False,0.002028942108154297,success
04B5CC3A9C4C80,1,"['Arena', 'Casa Giulietta']",Palazzo della Ragione,"['AMO', 'Museo Conte', 'Torre Lamberti', 'Centro Fotografia', 'Sighseeing']",Torre Lamberti,strategy_nearest,True,0.0028221607208251953,success
04B5D13A9C4C80,0,"['Casa Giulietta', 'Torre Lamberti']",Arena,"['Verona Tour', 'Museo Lapidario', 'Museo Radio', 'San Fermo', 'Sighseeing']",Castelvecchio,strategy_nearest,False,0.003361940383911133,success
04B5E13A9C4C80,2,"['Duomo', 'Casa Giulietta']",Torre Lamberti,"['Sighseeing', 'Centro Fotografia', 'Museo Conte', 'Palazzo della Ragione', 'AMO']",Palazzo della Ragione,strategy_nearest,True,0.0025110244750976562,success
04B5DB3A9C4C80,3,"['Castelvecchio', 'Teatro Romano', 'Duomo']",Arena,"['Verona Tour', 'Museo Lapidario', 'Museo Radio', 'San Fermo', 'Casa Giulietta']",San Fermo,strategy_nearest,True,0.004489898681640625,success
04B5E73A9C4C80,3,['Arena'],Casa Giulietta,"['Centro Fotografia', 'Sighseeing', 'Torre Lamberti', 'Museo Conte', 'Museo Radio']",Santa Anastasia,strategy_nearest,False,0.002710103988647461,success
04B5EB3A9C4C80,1,"['Torre Lamberti', 'Palazzo della Ragione']",Casa Giulietta,"['Centro Fotografia', 'Sighseeing', 'Museo Conte', 'Museo Radio', 'San Fermo']",Arena,strategy_nearest,False,0.0031080245971679688,success
04B60E3A9C4C84,0,['Arena'],Casa Giulietta,"['Centro Fotografia', 'Sighseeing', 'Torre Lamberti', 'Museo Conte', 'Museo Radio']",Tomba Giulietta,strategy_nearest,False,0.002668142318725586,success
04B6133A9C4C80,3,['Castelvecchio'],Arena,"['Verona Tour', 'Museo Lapidario', 'Museo Radio', 'San Fermo', 'Casa Giulietta']",Torre Lamberti,strategy_nearest,False,0.002660036087036133,success
04B60F3A9C4C80,0,"['Arena', 'Casa Giulietta']",Torre Lamberti,"['Sighseeing', 'Centro Fotografia', 'Museo Conte', 'Palazzo della Ragione', 'AMO']",Duomo,strategy_nearest,False,0.002803325653076172,success
04B6133A9C4C84,3,"['Arena', 'Torre Lamberti', 'Casa Giulietta']",Santa Anastasia,"['AMO', 'Museo Conte', 'Palazzo della Ragione', 'Teatro Romano', 'Centro Fotografia']",Duomo,strategy_nearest,False,0.0031309127807617188,success
04B6143A9C4C84,0,['Arena'],Casa Giulietta,"['Centro Fotografia', 'Sighseeing', 'Torre Lamberti', 'Museo Conte', 'Museo Radio']",Casa Giulietta,strategy_nearest,False,0.0022192001342773438,success
04B6183A9C4C80,0,['Castelvecchio'],Arena,"['Verona Tour', 'Museo Lapidario', 'Museo Radio', 'San Fermo', 'Casa Giulietta']",Casa Giulietta,strategy_nearest,True,0.0021250247955322266,success
04B6163A9C4C84,0,['Arena'],Casa Giulietta,"['Centro Fotografia', 'Sighseeing', 'Torre Lamberti', 'Museo Conte', 'Museo Radio']",Torre Lamberti,strategy_nearest,True,0.003348112106323242,success
04B61A3A9C4C80,3,"['Arena', 'Castelvecchio']",Santa Anastasia,"['AMO', 'Museo Conte', 'Palazzo della Ragione', 'Teatro Romano', 'Centro Fotografia']",Torre Lamberti,strategy_nearest,False,0.003162860870361328,success
04B6213A9C4C80,0,['Arena'],San Fermo,"['Museo Storia', 'Museo Radio', 'Casa Giulietta', 'Centro Fotografia', 'Sighseeing']",Casa Giulietta,strategy_nearest,True,0.0012691020965576172,success
04B622429C4C84,0,['Arena'],Castelvecchio,"['Museo Lapidario', 'Verona Tour', 'Museo Radio', 'San Zeno', 'Sighseeing']",Tomba Giulietta,strategy_nearest,False,0.0017940998077392578,success
04B6253A9C4C80,3,"['Santa Anastasia', 'Casa Giulietta']",Arena,"['Verona Tour', 'Museo Lapidario', 'Museo Radio', 'San Fermo', 'Sighseeing']",Tomba Giulietta,strategy_nearest,False,0.0024628639221191406,success
04B627429C4C84,2,"['Teatro Romano', 'Duomo', 'Santa Anastasia']",San Fermo,"['Museo Storia', 'Museo Radio', 'Casa Giulietta', 'Centro Fotografia', 'Arena']",San Zeno,strategy_nearest,False,0.0017197132110595703,success
04B6263A9C4C80,1,"['Arena', 'Casa Giulietta']",Torre Lamberti,"['Sighseeing', 'Centro Fotografia', 'Museo Conte', 'Palazzo della Ragione', 'AMO']",Palazzo della Ragione,strategy_nearest,True,0.002911090850830078,success
04B628429C4C84,1,"['Torre Lamberti', 'Casa Giulietta', 'San Fermo', 'Santa Anastasia', 'Tomba Giulietta', 'Museo Lapidario']",Arena,"['Verona Tour', 'Museo Radio', 'Sighseeing', 'Castelvecchio', 'Centro Fotografia']",Castelvecchio,strategy_nearest,True,0.0024449825286865234,success
04B62B4A9C4C80,2,['Casa Giulietta'],Duomo,"['AMO', 'Museo Miniscalchi', 'Santa Anastasia', 'Teatro Romano', 'Palazzo della Ragione']",Teatro Romano,strategy_nearest,True,0.002293825149536133,success
04B6313A9C4C80,3,['Santa Anastasia'],Casa Giulietta,"['Centro Fotografia', 'Sighseeing', 'Torre Lamberti', 'Museo Conte', 'Museo Radio']",Torre Lamberti,strategy_nearest,True,0.0019519329071044922,success
04B63B4A9C4C80,1,"['Castelvecchio', 'Teatro Romano', 'Santa Anastasia', 'Duomo', 'Torre Lamberti']",Palazzo della Ragione,"['AMO', 'Museo Conte', 'Centro Fotografia', 'Sighseeing', 'Museo Miniscalchi']",Casa Giulietta,strategy_nearest,False,0.0020751953125,success
04B6323A9C4C80,3,"['Arena', 'Casa Giulietta']",Giardino Giusti,"['Santa Anastasia', 'Teatro Romano', 'Museo Conte', 'Centro Fotografia', 'Museo Storia']",Teatro Romano,strategy_nearest,True,0.002688169479370117,success
04B63C4A9C4C80,3,"['Arena', 'Casa Giulietta', 'Torre Lamberti']",Santa Anastasia,"['AMO', 'Museo Conte', 'Palazzo della Ragione', 'Teatro Romano', 'Centro Fotografia']",Duomo,strategy_nearest,False,0.003033876419067383,success
04B63D4A9C4C80,0,['Arena'],Teatro Romano,"['Santa Anastasia', 'Duomo', 'AMO', 'Palazzo della Ragione', 'Museo Conte']",Castelvecchio,strategy_nearest,False,0.0027379989624023438,success
04B6503A9C4C80,3,['Santa Anastasia'],Arena,"['Verona Tour', 'Museo Lapidario', 'Museo Radio', 'San Fermo', 'Casa Giulietta']",Casa Giulietta,strategy_nearest,True,0.0018019676208496094,success
04B6463A9C4C80,3,"['Arena', 'Museo Lapidario']",Santa Anastasia,"['AMO', 'Museo Conte', 'Palazzo della Ragione', 'Teatro Romano', 'Centro Fotografia']",Casa Giulietta,strategy_nearest,False,0.003342151641845703,success
04B651429C4C80,2,['San Fermo'],Casa Giulietta,"['Centro Fotografia', 'Sighseeing', 'Torre Lamberti', 'Museo Conte', 'Museo Radio']",Castelvecchio,strategy_nearest,False,0.0023889541625976562,success
04B673429C4C80,3,"['Arena', 'Castelvecchio']",Casa Giulietta,"['Centro Fotografia', 'Sighseeing', 'Torre Lamberti', 'Museo Conte', 'Museo Radio']",Santa Anastasia,strategy_nearest,False,0.0017137527465820312,success
04B654429C4C80,3,"['Arena', 'Castelvecchio', 'San Zeno']",Casa Giulietta,"['Centro Fotografia', 'Sighseeing', 'Torre Lamberti', 'Museo Conte', 'Museo Radio']",Torre Lamberti,strategy_nearest,True,0.0037860870361328125,success
04B67F3A9C4C80,0,"['Arena', 'Casa Giulietta']",Torre Lamberti,"['Sighseeing', 'Centro Fotografia', 'Museo Conte', 'Palazzo della Ragione', 'AMO']",Duomo,strategy_nearest,False,0.002267122268676758,success
04B684429C4C80,0,['Arena'],Casa Giulietta,"['Centro Fotografia', 'Sighseeing', 'Torre Lamberti', 'Museo Conte', 'Museo Radio']",Casa Giulietta,strategy_nearest,False,0.0018379688262939453,success
04B6864A9C4C80,0,['Arena'],Torre Lamberti,"['Sighseeing', 'Centro Fotografia', 'Museo Conte', 'Casa Giulietta', 'Palazzo della Ragione']",Casa Giulietta,strategy_nearest,True,0.0023810863494873047,success
04B6884A9C4C80,3,['Arena'],Torre Lamberti,"['Sighseeing', 'Centro Fotografia', 'Museo Conte', 'Casa Giulietta', 'Palazzo della Ragione']",Santa Anastasia,strategy_nearest,False,0.002429962158203125,success
04B692429C4C80,0,['Arena'],Casa Giulietta,"['Centro Fotografia', 'Sighseeing', 'Torre Lamberti', 'Museo Conte', 'Museo Radio']",Santa Anastasia,strategy_nearest,False,0.0025110244750976562,success
04B696429C4C80,0,"['Castelvecchio', 'Arena']",Torre Lamberti,"['Sighseeing', 'Centro Fotografia', 'Museo Conte', 'Casa Giulietta', 'Palazzo della Ragione']",Casa Giulietta,strategy_nearest,True,0.0025610923767089844,success
04B6AA4A9C4C80,1,['Arena'],Torre Lamberti,"['Sighseeing', 'Centro Fotografia', 'Museo Conte', 'Casa Giulietta', 'Palazzo della Ragione']",Palazzo della Ragione,strategy_nearest,True,0.002267122268676758,success
04B6B0429C4C80,0,['Torre Lamberti'],Arena,"['Verona Tour', 'Museo Lapidario', 'Museo Radio', 'San Fermo', 'Casa Giulietta']",Casa Giulietta,strategy_nearest,True,0.0037271976470947266,success
04B6AEBA7B3F80,2,"['Duomo', 'Teatro Romano']",Castelvecchio,"['Museo Lapidario', 'Verona Tour', 'Arena', 'Museo Radio', 'San Zeno']",San Zeno,strategy_nearest,True,0.004522800445556641,success
04B6B4429C4C80,0,['Arena'],San Fermo,"['Museo Storia', 'Museo Radio', 'Casa Giulietta', 'Centro Fotografia', 'Sighseeing']",Casa Giulietta,strategy_nearest,True,0.002949953079223633,success
04B6B1429C4C80,3,"['Castelvecchio', 'Arena']",Casa Giulietta,"['Centro Fotografia', 'Sighseeing', 'Torre Lamberti', 'Museo Conte', 'Museo Radio']",Santa Anastasia,strategy_nearest,False,0.0030732154846191406,success
04B6B3429C4C80,0,['Arena'],Casa Giulietta,"['Centro Fotografia', 'Sighseeing', 'Torre Lamberti', 'Museo Conte', 'Museo Radio']",Torre Lamberti,strategy_nearest,True,0.002911090850830078,success
04B6B8429C4C80,0,['Castelvecchio'],Torre Lamberti,"['Sighseeing', 'Centro Fotografia', 'Museo Conte', 'Casa Giulietta', 'Palazzo della Ragione']",Casa Giulietta,strategy_nearest,True,0.003226757049560547,success
04B6B93A9C4C80,3,"['Arena', 'Torre Lamberti']",Santa Anastasia,"['AMO', 'Museo Conte', 'Palazzo della Ragione', 'Teatro Romano', 'Centro Fotografia']",Duomo,strategy_nearest,False,0.001561880111694336,success
04B6B9429C4C80,0,['Arena'],Santa Anastasia,"['AMO', 'Museo Conte', 'Palazzo della Ragione', 'Teatro Romano', 'Centro Fotografia']",Castelvecchio,strategy_nearest,False,0.002301931381225586,success
04B6C03A9C4C80,3,"['Arena', 'Casa Giulietta']",Torre Lamberti,"['Sighseeing', 'Centro Fotografia', 'Museo Conte', 'Palazzo della Ragione', 'AMO']",Santa Anastasia,strategy_nearest,False,0.0028350353240966797,success
04B6C43A9C4C80,3,"['Arena', 'Torre Lamberti']",Santa Anastasia,"['AMO', 'Museo Conte', 'Palazzo della Ragione', 'Teatro Romano', 'Centro Fotografia']",Duomo,strategy_nearest,False,0.0030269622802734375,success
04B6CD429C4C80,1,"['Arena', 'San Fermo', 'Casa Giulietta', 'Torre Lamberti']",Palazzo della Ragione,"['AMO', 'Museo Conte', 'Centro Fotografia', 'Sighseeing', 'Santa Anastasia']",Santa Anastasia,strategy_nearest,True,0.002525806427001953,success
04B6CE3A9C4C80,3,"['Castelvecchio', 'Duomo']",Teatro Romano,"['Santa Anastasia', 'AMO', 'Palazzo della Ragione', 'Museo Conte', 'Centro Fotografia']",Santa Anastasia,strategy_nearest,True,0.0027027130126953125,success
04B6D1429C4C80,2,"['Castelvecchio', 'Duomo']",Santa Anastasia,"['AMO', 'Museo Conte', 'Palazzo della Ragione', 'Teatro Romano', 'Centro Fotografia']",San Fermo,strategy_nearest,False,0.0026710033416748047,success
04B6D83A9C4C80,0,['Arena'],Casa Giulietta,"['Centro Fotografia', 'Sighseeing', 'Torre Lamberti', 'Museo Conte', 'Museo Radio']",San Fermo,strategy_nearest,False,0.002321958541870117,success
04B6D73A9C4C80,0,['Arena'],Casa Giulietta,"['Centro Fotografia', 'Sighseeing', 'Torre Lamberti', 'Museo Conte', 'Museo Radio']",San Fermo,strategy_nearest,False,0.0030851364135742188,success
04B6E4429C4C80,2,"['Castelvecchio', 'San Zeno', 'San Fermo']",Teatro Romano,"['Santa Anastasia', 'Duomo', 'AMO', 'Palazzo della Ragione', 'Museo Conte']",Santa Anastasia,strategy_nearest,True,0.002261638641357422,success
04B6DC3A9C4C80,0,['Arena'],Casa Giulietta,"['Centro Fotografia', 'Sighseeing', 'Torre Lamberti', 'Museo Conte', 'Museo Radio']",Torre Lamberti,strategy_nearest,True,0.002933979034423828,success
04B6E93A9C4C80,3,"['Arena', 'Torre Lamberti']",Santa Anastasia,"['AMO', 'Museo Conte', 'Palazzo della Ragione', 'Teatro Romano', 'Centro Fotografia']",Teatro Romano,strategy_nearest,True,0.002686023712158203,success
04B6EB3A9C4C80,3,['Teatro Romano'],Santa Anastasia,"['AMO', 'Museo Conte', 'Palazzo della Ragione', 'Centro Fotografia', 'Duomo']",Castelvecchio,strategy_nearest,False,0.0031919479370117188,success
04B6EC3A9C4C80,1,"['Arena', 'Casa Giulietta']",Torre Lamberti,"['Sighseeing', 'Centro Fotografia', 'Museo Conte', 'Palazzo della Ragione', 'AMO']",Palazzo della Ragione,strategy_nearest,True,0.0024399757385253906,success
04B6F33A9C4C80,0,['Arena'],Casa Giulietta,"['Centro Fotografia', 'Sighseeing', 'Torre Lamberti', 'Museo Conte', 'Museo Radio']",Castelvecchio,strategy_nearest,False,0.002482891082763672,success
04B6F83A9C4C80,1,"['Arena', 'Palazzo della Ragione']",Palazzo della Ragione,"['AMO', 'Museo Conte', 'Torre Lamberti', 'Centro Fotografia', 'Sighseeing']",Torre Lamberti,strategy_nearest,True,0.0017578601837158203,success
04B7113A9C4C80,0,['Castelvecchio'],Arena,"['Verona Tour', 'Museo Lapidario', 'Museo Radio', 'San Fermo', 'Casa Giulietta']",Torre Lamberti,strategy_nearest,False,0.002840280532836914,success
04B6F03A9C4C80,2,['Torre Lamberti'],Palazzo della Ragione,"['AMO', 'Museo Conte', 'Centro Fotografia', 'Sighseeing', 'Santa Anastasia']",Santa Anastasia,strategy_nearest,True,0.0038919448852539062,success
04B721429C4C84,1,['Arena'],Casa Giulietta,"['Centro Fotografia', 'Sighseeing', 'Torre Lamberti', 'Museo Conte', 'Museo Radio']",Palazzo della Ragione,strategy_nearest,False,0.0019948482513427734,success
04B714429C4C80,3,"['Arena', 'Torre Lamberti', 'Casa Giulietta']",Santa Anastasia,"['AMO', 'Museo Conte', 'Palazzo della Ragione', 'Teatro Romano', 'Centro Fotografia']",Duomo,strategy_nearest,False,0.002221822738647461,success
04B71D3A9C4C80,0,"['Arena', 'Tomba Giulietta']",Casa Giulietta,"['Centro Fotografia', 'Sighseeing', 'Torre Lamberti', 'Museo Conte', 'Museo Radio']",Castelvecchio,strategy_nearest,False,0.003323078155517578,success
04B7284A9C4C80,1,"['Arena', 'Museo Lapidario', 'Torre Lamberti', 'Casa Giulietta', 'Duomo', 'Teatro Romano']",Santa Anastasia,"['AMO', 'Museo Conte', 'Palazzo della Ragione', 'Centro Fotografia', 'Sighseeing']",Castelvecchio,strategy_nearest,False,0.002929210662841797,success
04B7353A9C4C80,2,"['Castelvecchio', 'San Zeno', 'Casa Giulietta', 'Tomba Giulietta']",Torre Lamberti,"['Sighseeing', 'Centro Fotografia', 'Museo Conte', 'Palazzo della Ragione', 'AMO']",Palazzo della Ragione,strategy_nearest,True,0.0021758079528808594,success
04B73A3A9C4C80,3,"['Arena', 'Museo Lapidario']",Santa Anastasia,"['AMO', 'Museo Conte', 'Palazzo della Ragione', 'Teatro Romano', 'Centro Fotografia']",Casa Giulietta,strategy_nearest,False,0.0026319026947021484,success
04B72A429C4C84,1,"['Arena', 'Museo Lapidario']",Castelvecchio,"['Verona Tour', 'Museo Radio', 'San Zeno', 'Sighseeing', 'Museo Miniscalchi']",Torre Lamberti,strategy_nearest,False,0.003570079803466797,success
04B73ABA7B3F80,3,['Duomo'],Santa Anastasia,"['AMO', 'Museo Conte', 'Palazzo della Ragione', 'Teatro Romano', 'Centro Fotografia']",Arena,strategy_nearest,False,0.002838134765625,success
04B745429C4C80,0,['Arena'],Casa Giulietta,"['Centro Fotografia', 'Sighseeing', 'Torre Lamberti', 'Museo Conte', 'Museo Radio']",Castelvecchio,strategy_nearest,False,0.0026290416717529297,success
04B73FBA7B3F80,3,"['Duomo', 'Santa Anastasia']",Torre Lamberti,"['Sighseeing', 'Centro Fotografia', 'Museo Conte', 'Casa Giulietta', 'Palazzo della Ragione']",Giardino Giusti,strategy_nearest,False,0.002080202102661133,success
04B73E3A9C4C80,3,"['Arena', 'Castelvecchio', 'San Zeno']",Casa Giulietta,"['Centro Fotografia', 'Sighseeing', 'Torre Lamberti', 'Museo Conte', 'Museo Radio']",Torre Lamberti,strategy_nearest,True,0.0018811225891113281,success
04B74F429C4C80,1,['Arena'],Casa Giulietta,"['Centro Fotografia', 'Sighseeing', 'Torre Lamberti', 'Museo Conte', 'Museo Radio']",Castelvecchio,strategy_nearest,False,0.00304412841796875,success
04B7533A9C4C80,0,['Arena'],Casa Giulietta,"['Centro Fotografia', 'Sighseeing', 'Torre Lamberti', 'Museo Conte', 'Museo Radio']",Castelvecchio,strategy_nearest,False,0.002092599868774414,success
04B75F3A9C4C80,2,"['San Zeno', 'Castelvecchio', 'Casa Giulietta']",Duomo,"['AMO', 'Museo Miniscalchi', 'Santa Anastasia', 'Teatro Romano', 'Palazzo della Ragione']",Teatro Romano,strategy_nearest,True,0.0019440650939941406,success
04B75B429C4C80,3,"['Arena', 'Casa Giulietta']",Torre Lamberti,"['Sighseeing', 'Centro Fotografia', 'Museo Conte', 'Palazzo della Ragione', 'AMO']",Santa Anastasia,strategy_nearest,False,0.0026159286499023438,success
04B769429C4C80,0,['Arena'],Torre Lamberti,"['Sighseeing', 'Centro Fotografia', 'Museo Conte', 'Casa Giulietta', 'Palazzo della Ragione']",Casa Giulietta,strategy_nearest,True,0.0033898353576660156,success
04B771429C4C80,2,['Santa Anastasia'],Torre Lamberti,"['Sighseeing', 'Centro Fotografia', 'Museo Conte', 'Casa Giulietta', 'Palazzo della Ragione']",Casa Giulietta,strategy_nearest,True,0.0018820762634277344,success
04B77B4A9C4C80,3,"['Arena', 'Torre Lamberti']",Casa Giulietta,"['Centro Fotografia', 'Sighseeing', 'Museo Conte', 'Museo Radio', 'Palazzo della Ragione']",Santa Anastasia,strategy_nearest,False,0.002683877944946289,success
04B77C4A9C4C80,2,['Tomba Giulietta'],Museo Lapidario,"['Verona Tour', 'Arena', 'Castelvecchio', 'Museo Radio', 'San Fermo']",Castelvecchio,strategy_nearest,True,0.0025489330291748047,success
04B77E429C4C80,0,['Arena'],Castelvecchio,"['Museo Lapidario', 'Verona Tour', 'Museo Radio', 'San Zeno', 'Sighseeing']",Casa Giulietta,strategy_nearest,False,0.0032439231872558594,success
04B794BA7B3F80,3,"['Duomo', 'Teatro Romano', 'Casa Giulietta']",San Fermo,"['Museo Storia', 'Museo Radio', 'Centro Fotografia', 'Arena', 'Sighseeing']",Arena,strategy_nearest,True,0.0024178028106689453,success
04B782BA7B3F80,2,"['Torre Lamberti', 'Santa Anastasia']",Duomo,"['AMO', 'Museo Miniscalchi', 'Teatro Romano', 'Palazzo della Ragione', 'Museo Conte']",Giardino Giusti,strategy_nearest,False,0.0023789405822753906,success
04B7974A9C4C80,0,"['San Fermo', 'Casa Giulietta']",Arena,"['Verona Tour', 'Museo Lapidario', 'Museo Radio', 'Sighseeing', 'Castelvecchio']",Castelvecchio,strategy_nearest,True,0.0024309158325195312,success
04B79ABA7B3F80,0,['Castelvecchio'],Torre Lamberti,"['Sighseeing', 'Centro Fotografia', 'Museo Conte', 'Casa Giulietta', 'Palazzo della Ragione']",Casa Giulietta,strategy_nearest,True,0.002424001693725586,success
04B7A0429C4C80,1,"['Teatro Romano', 'Santa Anastasia', 'Casa Giulietta']",Palazzo della Ragione,"['AMO', 'Museo Conte', 'Torre Lamberti', 'Centro Fotografia', 'Sighseeing']",Torre Lamberti,strategy_nearest,True,0.0033037662506103516,success
04B7A4429C4C80,3,"['Arena', 'Castelvecchio', 'Santa Anastasia']",Duomo,"['AMO', 'Museo Miniscalchi', 'Teatro Romano', 'Palazzo della Ragione', 'Museo Conte']",Teatro Romano,strategy_nearest,True,0.0019159317016601562,success
04B7A8429C4C80,3,"['Teatro Romano', 'Duomo']",Santa Anastasia,"['AMO', 'Museo Conte', 'Palazzo della Ragione', 'Centro Fotografia', 'Torre Lamberti']",Arena,strategy_nearest,False,0.0029680728912353516,success
04B7AC429C4C80,0,"['Torre Lamberti', 'Casa Giulietta']",Teatro Romano,"['Santa Anastasia', 'Duomo', 'AMO', 'Palazzo della Ragione', 'Museo Conte']",Castelvecchio,strategy_nearest,False,0.003257274627685547,success
04B7AF429C4C80,0,"['Casa Giulietta', 'Torre Lamberti']",Castelvecchio,"['Museo Lapidario', 'Verona Tour', 'Arena', 'Museo Radio', 'San Zeno']",Arena,strategy_nearest,True,0.002712726593017578,success
04B7AD429C4C80,0,['Arena'],Castelvecchio,"['Museo Lapidario', 'Verona Tour', 'Museo Radio', 'San Zeno', 'Sighseeing']",Casa Giulietta,strategy_nearest,False,0.0019211769104003906,success
04B7B1429C4C80,1,"['Arena', 'Casa Giulietta']",Torre Lamberti,"['Sighseeing', 'Centro Fotografia', 'Museo Conte', 'Palazzo della Ragione', 'AMO']",Palazzo della Ragione,strategy_nearest,True,0.002847909927368164,success
04B7B4429C4C80,3,"['Torre Lamberti', 'Arena']",San Zeno,"['Castelvecchio', 'Verona Tour', 'Museo Lapidario', 'Museo Miniscalchi', 'Sighseeing']",Santa Anastasia,strategy_nearest,False,0.0022079944610595703,success
04B7BE3A9C4C80,0,['Arena'],Casa Giulietta,"['Centro Fotografia', 'Sighseeing', 'Torre Lamberti', 'Museo Conte', 'Museo Radio']",Santa Anastasia,strategy_nearest,False,0.003129243850708008,success
04B7BA3A9C4C80,1,"['Arena', 'Casa Giulietta']",Torre Lamberti,"['Sighseeing', 'Centro Fotografia', 'Museo Conte', 'Palazzo della Ragione', 'AMO']",Palazzo della Ragione,strategy_nearest,True,0.002669095993041992,success
04B7C13A9C4C80,1,"['Arena', 'Torre Lamberti']",Palazzo della Ragione,"['AMO', 'Museo Conte', 'Centro Fotografia', 'Sighseeing', 'Santa Anastasia']",Casa Giulietta,strategy_nearest,False,0.0013060569763183594,success
04B7C2429C4C80,6,['Arena'],Verona Tour,"['Museo Lapidario', 'Castelvecchio', 'Museo Radio', 'Casa Giulietta', 'Sighseeing']",Castelvecchio,strategy_nearest,True,0.0032126903533935547,success
04B7C93A9C4C80,3,"['Arena', 'Casa Giulietta']",Torre Lamberti,"['Sighseeing', 'Centro Fotografia', 'Museo Conte', 'Palazzo della Ragione', 'AMO']",Santa Anastasia,strategy_nearest,False,0.0027692317962646484,success
04B7CC429C4C80,2,"['Torre Lamberti', 'Casa Giulietta', 'Santa Anastasia']",Teatro Romano,"['Duomo', 'AMO', 'Palazzo della Ragione', 'Museo Conte', 'Centro Fotografia']",Torre Lamberti,strategy_nearest,False,0.0015869140625,success
04B7D23A9C4C80,1,"['Arena', 'Castelvecchio', 'Teatro Romano']",Duomo,"['AMO', 'Museo Miniscalchi', 'Santa Anastasia', 'Palazzo della Ragione', 'Museo Conte']",Torre Lamberti,strategy_nearest,False,0.0030667781829833984,success
04B7CE3A9C4C80,1,"['Arena', 'Casa Giulietta', 'Santa Anastasia']",Duomo,"['AMO', 'Museo Miniscalchi', 'Teatro Romano', 'Palazzo della Ragione', 'Museo Conte']",Torre Lamberti,strategy_nearest,False,0.0026590824127197266,success
04B7E13A9C4C80,3,"['Arena', 'San Fermo', 'Torre Lamberti', 'Casa Giulietta']",Santa Anastasia,"['AMO', 'Museo Conte', 'Palazzo della Ragione', 'Teatro Romano', 'Centro Fotografia']",Teatro Romano,strategy_nearest,True,0.001828908920288086,success
04B7DA3A9C4C80,0,['Arena'],San Fermo,"['Museo Storia', 'Museo Radio', 'Casa Giulietta', 'Centro Fotografia', 'Sighseeing']",Casa Giulietta,strategy_nearest,True,0.0025529861450195312,success
04B7D63A9C4C80,3,"['Arena', 'Castelvecchio']",Torre Lamberti,"['Sighseeing', 'Centro Fotografia', 'Museo Conte', 'Casa Giulietta', 'Palazzo della Ragione']",Santa Anastasia,strategy_nearest,False,0.001447916030883789,success
04B7E2429C4C80,1,"['Arena', 'Torre Lamberti', 'Palazzo della Ragione']",Casa Giulietta,"['Centro Fotografia', 'Sighseeing', 'Museo Conte', 'Museo Radio', 'San Fermo']",Duomo,strategy_nearest,False,0.0032629966735839844,success
04B7EC3A9C4C80,1,"['Arena', 'Casa Giulietta']",Torre Lamberti,"['Sighseeing', 'Centro Fotografia', 'Museo Conte', 'Palazzo della Ragione', 'AMO']",Palazzo della Ragione,strategy_nearest,True,0.0017571449279785156,success
04B7F0429C4C80,2,"['San Zeno', 'Santa Anastasia']",Torre Lamberti,"['Sighseeing', 'Centro Fotografia', 'Museo Conte', 'Casa Giulietta', 'Palazzo della Ragione']",Casa Giulietta,strategy_nearest,True,0.0017390251159667969,success
04B7F03A9C4C80,3,"['Arena', 'Torre Lamberti']",Casa Giulietta,"['Centro Fotografia', 'Sighseeing', 'Museo Conte', 'Museo Radio', 'Palazzo della Ragione']",Santa Anastasia,strategy_nearest,False,0.0031049251556396484,success
04B7F33A9C4C80,3,"['Arena', 'Castelvecchio']",Casa Giulietta,"['Centro Fotografia', 'Sighseeing', 'Torre Lamberti', 'Museo Conte', 'Museo Radio']",Santa Anastasia,strategy_nearest,False,0.0023071765899658203,success
04B8023A9C4C84,0,['Tomba Giulietta'],Arena,"['Verona Tour', 'Museo Lapidario', 'Museo Radio', 'San Fermo', 'Casa Giulietta']",Casa Giulietta,strategy_nearest,True,0.0025408267974853516,success
04B808429C4C80,1,"['Arena', 'Casa Giulietta']",Torre Lamberti,"['Sighseeing', 'Centro Fotografia', 'Museo Conte', 'Palazzo della Ragione', 'AMO']",Palazzo della Ragione,strategy_nearest,True,0.001909017562866211,success
04B808BA7B3F80,3,"['Santa Anastasia', 'Castelvecchio', 'Arena']",Tomba Giulietta,"['San Fermo', 'Museo Storia', 'Museo Lapidario', 'Museo Radio', 'Verona Tour']",Casa Giulietta,strategy_nearest,False,0.004105806350708008,success
04B809BA7B3F80,3,"['Duomo', 'Teatro Romano', 'Casa Giulietta']",San Fermo,"['Museo Storia', 'Museo Radio', 'Centro Fotografia', 'Arena', 'Sighseeing']",Arena,strategy_nearest,True,0.0018219947814941406,success
04B80C429C4C84,2,['Casa Giulietta'],Castelvecchio,"['Museo Lapidario', 'Verona Tour', 'Arena', 'Museo Radio', 'San Zeno']",Teatro Romano,strategy_nearest,False,0.0019779205322265625,success
04B8183A9C4C84,0,"['Arena', 'Castelvecchio']",Casa Giulietta,"['Centro Fotografia', 'Sighseeing', 'Torre Lamberti', 'Museo Conte', 'Museo Radio']",Torre Lamberti,strategy_nearest,True,0.0024988651275634766,success
04B815429C4C84,0,"['Arena', 'Casa Giulietta']",Torre Lamberti,"['Sighseeing', 'Centro Fotografia', 'Museo Conte', 'Palazzo della Ragione', 'AMO']",Castelvecchio,strategy_nearest,False,0.0034046173095703125,success
04B81A429C4C80,2,['Castelvecchio'],Casa Giulietta,"['Centro Fotografia', 'Sighseeing', 'Torre Lamberti', 'Museo Conte', 'Museo Radio']",Torre Lamberti,strategy_nearest,True,0.0023839473724365234,success
04B819429C4C84,0,['Arena'],Casa Giulietta,"['Centro Fotografia', 'Sighseeing', 'Torre Lamberti', 'Museo Conte', 'Museo Radio']",Torre Lamberti,strategy_nearest,True,0.0024199485778808594,success
04B81D429C4C84,6,"['Arena', 'Torre Lamberti', 'Casa Giulietta']",Verona Tour,"['Museo Lapidario', 'Castelvecchio', 'Museo Radio', 'Sighseeing', 'San Fermo']",Castelvecchio,strategy_nearest,True,0.002401113510131836,success
04B81B3A9C4C84,0,['Arena'],Casa Giulietta,"['Centro Fotografia', 'Sighseeing', 'Torre Lamberti', 'Museo Conte', 'Museo Radio']",Duomo,strategy_nearest,False,0.002538919448852539,success
04B8223A9C4C80,3,"['Duomo', 'Santa Anastasia']",Torre Lamberti,"['Sighseeing', 'Centro Fotografia', 'Museo Conte', 'Casa Giulietta', 'Palazzo della Ragione']",Casa Giulietta,strategy_nearest,True,0.002312183380126953,success
04B828429C4C84,2,"['Casa Giulietta', 'Palazzo della Ragione']",Torre Lamberti,"['Sighseeing', 'Centro Fotografia', 'Museo Conte', 'AMO', 'Museo Miniscalchi']",Teatro Romano,strategy_nearest,False,0.002357006072998047,success
04B82B3A9C4C80,0,['Arena'],Torre Lamberti,"['Sighseeing', 'Centro Fotografia', 'Museo Conte', 'Casa Giulietta', 'Palazzo della Ragione']",Casa Giulietta,strategy_nearest,True,0.0024809837341308594,success
04B830429C4C80,0,['Castelvecchio'],Arena,"['Verona Tour', 'Museo Lapidario', 'Museo Radio', 'San Fermo', 'Casa Giulietta']",Santa Anastasia,strategy_nearest,False,0.0026869773864746094,success
04B82F3A9C4C80,3,"['Arena', 'Museo Lapidario', 'Castelvecchio']",Torre Lamberti,"['Sighseeing', 'Centro Fotografia', 'Museo Conte', 'Casa Giulietta', 'Palazzo della Ragione']",Casa Giulietta,strategy_nearest,True,0.0026710033416748047,success
04B8333A9C4C80,3,['Santa Anastasia'],Casa Giulietta,"['Centro Fotografia', 'Sighseeing', 'Torre Lamberti', 'Museo Conte', 'Museo Radio']",Torre Lamberti,strategy_nearest,True,0.0032389163970947266,success
04B8343A9C4C80,0,['Arena'],Casa Giulietta,"['Centro Fotografia', 'Sighseeing', 'Torre Lamberti', 'Museo Conte', 'Museo Radio']",Duomo,strategy_nearest,False,0.002763032913208008,success
04B8344A9C4C80,3,"['Arena', 'Casa Giulietta', 'Torre Lamberti', 'Museo Storia']",Giardino Giusti,"['Santa Anastasia', 'Teatro Romano', 'Museo Conte', 'Centro Fotografia', 'AMO']",Duomo,strategy_nearest,False,0.0020837783813476562,success
04B8383A9C4C80,1,"['Arena', 'Casa Giulietta']",Santa Anastasia,"['AMO', 'Museo Conte', 'Palazzo della Ragione', 'Teatro Romano', 'Centro Fotografia']",Duomo,strategy_nearest,False,0.0026090145111083984,success
04B839BA7B3F80,3,"['Casa Giulietta', 'Teatro Romano']",Santa Anastasia,"['AMO', 'Museo Conte', 'Palazzo della Ragione', 'Centro Fotografia', 'Duomo']",Arena,strategy_nearest,False,0.0031921863555908203,success
04B83E3A9C4C80,3,['Arena'],Casa Giulietta,"['Centro Fotografia', 'Sighseeing', 'Torre Lamberti', 'Museo Conte', 'Museo Radio']",Torre Lamberti,strategy_nearest,True,0.0019741058349609375,success
04B83FBA7B3F80,1,"['San Fermo', 'Arena', 'Santa Anastasia']",Teatro Romano,"['Duomo', 'AMO', 'Palazzo della Ragione', 'Museo Conte', 'Centro Fotografia']",Torre Lamberti,strategy_nearest,False,0.002585172653198242,success
04B8413A9C4C80,3,"['Santa Anastasia', 'Castelvecchio']",Arena,"['Verona Tour', 'Museo Lapidario', 'Museo Radio', 'San Fermo', 'Casa Giulietta']",Casa Giulietta,strategy_nearest,True,0.002507925033569336,success
04B848429C4C80,0,['Arena'],Castelvecchio,"['Museo Lapidario', 'Verona Tour', 'Museo Radio', 'San Zeno', 'Sighseeing']",Casa Giulietta,strategy_nearest,False,0.0030357837677001953,success
04B849429C4C80,3,['Arena'],Torre Lamberti,"['Sighseeing', 'Centro Fotografia', 'Museo Conte', 'Casa Giulietta', 'Palazzo della Ragione']",Santa Anastasia,strategy_nearest,False,0.001786947250366211,success
04B84B3A9C4C80,1,"['Arena', 'Casa Giulietta', 'San Fermo', 'Torre Lamberti']",Palazzo della Ragione,"['AMO', 'Museo Conte', 'Centro Fotografia', 'Sighseeing', 'Santa Anastasia']",Santa Anastasia,strategy_nearest,True,0.002585172653198242,success
04B8573A9C4C80,0,['Arena'],Castelvecchio,"['Museo Lapidario', 'Verona Tour', 'Museo Radio', 'San Zeno', 'Sighseeing']",Casa Giulietta,strategy_nearest,False,0.0023109912872314453,success
04B867429C4C80,1,"['Arena', 'San Zeno', 'Castelvecchio']",Casa Giulietta,"['Centro Fotografia', 'Sighseeing', 'Torre Lamberti', 'Museo Conte', 'Museo Radio']",Torre Lamberti,strategy_nearest,True,0.0022420883178710938,success
04B857429C4C80,3,"['Arena', 'Santa Anastasia']",Castelvecchio,"['Museo Lapidario', 'Verona Tour', 'Museo Radio', 'San Zeno', 'Sighseeing']",San Zeno,strategy_nearest,True,0.0030219554901123047,success
04B869429C4C80,3,"['Arena', 'San Fermo']",Casa Giulietta,"['Centro Fotografia', 'Sighseeing', 'Torre Lamberti', 'Museo Conte', 'Museo Radio']",Santa Anastasia,strategy_nearest,False,0.0015480518341064453,success
04B86E429C4C80,0,['Casa Giulietta'],Torre Lamberti,"['Sighseeing', 'Centro Fotografia', 'Museo Conte', 'Palazzo della Ragione', 'AMO']",Arena,strategy_nearest,False,0.002062082290649414,success
04B86FBA7B3F80,3,"['San Fermo', 'Arena']",Casa Giulietta,"['Centro Fotografia', 'Sighseeing', 'Torre Lamberti', 'Museo Conte', 'Museo Radio']",Santa Anastasia,strategy_nearest,False,0.00263214111328125,success
04B8763A9C4C80,0,"['Castelvecchio', 'Casa Giulietta']",Arena,"['Verona Tour', 'Museo Lapidario', 'Museo Radio', 'San Fermo', 'Sighseeing']",Torre Lamberti,strategy_nearest,False,0.0031392574310302734,success
04B87E4A9C4C80,0,['Arena'],Casa Giulietta,"['Centro Fotografia', 'Sighseeing', 'Torre Lamberti', 'Museo Conte', 'Museo Radio']",Santa Anastasia,strategy_nearest,False,0.001817941665649414,success
04B8803A9C4C80,0,['Torre Lamberti'],Casa Giulietta,"['Centro Fotografia', 'Sighseeing', 'Museo Conte', 'Museo Radio', 'Palazzo della Ragione']",Arena,strategy_nearest,False,0.0020318031311035156,success
04B883429C4C80,0,['Arena'],Museo Lapidario,"['Verona Tour', 'Castelvecchio', 'Museo Radio', 'San Fermo', 'Casa Giulietta']",Castelvecchio,strategy_nearest,True,0.002593994140625,success
04B88A3A9C4C80,3,['Arena'],Casa Giulietta,"['Centro Fotografia', 'Sighseeing', 'Torre Lamberti', 'Museo Conte', 'Museo Radio']",Torre Lamberti,strategy_nearest,True,0.00321197509765625,success
04B88D429C4C80,0,['Arena'],Santa Anastasia,"['AMO', 'Museo Conte', 'Palazzo della Ragione', 'Teatro Romano', 'Centro Fotografia']",Casa Giulietta,strategy_nearest,False,0.0023958683013916016,success
04B8924A9C4C80,0,['Arena'],Casa Giulietta,"['Centro Fotografia', 'Sighseeing', 'Torre Lamberti', 'Museo Conte', 'Museo Radio']",Torre Lamberti,strategy_nearest,True,0.0024950504302978516,success
04B896429C4C80,1,"['Arena', 'Casa Giulietta', 'Torre Lamberti']",Palazzo della Ragione,"['AMO', 'Museo Conte', 'Centro Fotografia', 'Sighseeing', 'Santa Anastasia']",Santa Anastasia,strategy_nearest,True,0.002665996551513672,success
04B8964A9C4C80,3,"['Arena', 'Santa Anastasia']",Duomo,"['AMO', 'Museo Miniscalchi', 'Teatro Romano', 'Palazzo della Ragione', 'Museo Conte']",Casa Giulietta,strategy_nearest,False,0.0032460689544677734,success
04B8A8429C4C80,0,['Arena'],Torre Lamberti,"['Sighseeing', 'Centro Fotografia', 'Museo Conte', 'Casa Giulietta', 'Palazzo della Ragione']",Castelvecchio,strategy_nearest,False,0.002463817596435547,success
04B8B3429C4C80,1,"['Torre Lamberti', 'Palazzo della Ragione']",Teatro Romano,"['Santa Anastasia', 'Duomo', 'AMO', 'Museo Conte', 'Centro Fotografia']",Arena,strategy_nearest,False,0.002496004104614258,success
04B8A9429C4C80,1,"['Arena', 'Casa Giulietta']",Palazzo della Ragione,"['AMO', 'Museo Conte', 'Torre Lamberti', 'Centro Fotografia', 'Sighseeing']",Torre Lamberti,strategy_nearest,True,0.0026192665100097656,success
04B8B03A9C4C80,2,['Santa Anastasia'],Teatro Romano,"['Duomo', 'AMO', 'Palazzo della Ragione', 'Museo Conte', 'Centro Fotografia']",Castelvecchio,strategy_nearest,False,0.0033071041107177734,success
04B8B5429C4C80,0,"['Arena', 'Casa Giulietta']",Torre Lamberti,"['Sighseeing', 'Centro Fotografia', 'Museo Conte', 'Palazzo della Ragione', 'AMO']",Teatro Romano,strategy_nearest,False,0.0021948814392089844,success
04B8C7429C4C80,3,"['Torre Lamberti', 'Casa Giulietta']",Santa Anastasia,"['AMO', 'Museo Conte', 'Palazzo della Ragione', 'Teatro Romano', 'Centro Fotografia']",Duomo,strategy_nearest,False,0.0024111270904541016,success
04B8BD3A9C4C80,0,['Arena'],Casa Giulietta,"['Centro Fotografia', 'Sighseeing', 'Torre Lamberti', 'Museo Conte', 'Museo Radio']",Teatro Romano,strategy_nearest,False,0.0017969608306884766,success
04B8C83A9C4C80,3,"['Arena', 'Casa Giulietta']",Santa Anastasia,"['AMO', 'Museo Conte', 'Palazzo della Ragione', 'Teatro Romano', 'Centro Fotografia']",Teatro Romano,strategy_nearest,True,0.0025730133056640625,success
04B8D53A9C4C80,0,['Castelvecchio'],Arena,"['Verona Tour', 'Museo Lapidario', 'Museo Radio', 'San Fermo', 'Casa Giulietta']",Santa Anastasia,strategy_nearest,False,0.0031919479370117188,success
04B8E13A9C4C80,0,"['Arena', 'Museo Lapidario']",Castelvecchio,"['Verona Tour', 'Museo Radio', 'San Zeno', 'Sighseeing', 'Museo Miniscalchi']",Casa Giulietta,strategy_nearest,False,0.002377033233642578,success
04B8E4429C4C80,2,"['Duomo', 'Santa Anastasia']",Palazzo della Ragione,"['AMO', 'Museo Conte', 'Torre Lamberti', 'Centro Fotografia', 'Sighseeing']",Torre Lamberti,strategy_nearest,True,0.0030891895294189453,success
04B8F0429C4C80,3,"['Torre Lamberti', 'Santa Anastasia', 'Casa Giulietta']",Arena,"['Verona Tour', 'Museo Lapidario', 'Museo Radio', 'San Fermo', 'Sighseeing']",Teatro Romano,strategy_nearest,False,0.0024178028106689453,success
04B8F5429C4C80,0,['Casa Giulietta'],Arena,"['Verona Tour', 'Museo Lapidario', 'Museo Radio', 'San Fermo', 'Sighseeing']",Torre Lamberti,strategy_nearest,False,0.002413034439086914,success
04B90E3A9C4C84,2,"['Casa Giulietta', 'Palazzo della Ragione']",Torre Lamberti,"['Sighseeing', 'Centro Fotografia', 'Museo Conte', 'AMO', 'Museo Miniscalchi']",Duomo,strategy_nearest,False,0.0023560523986816406,success
04B913429C4C84,0,['Santa Anastasia'],Arena,"['Verona Tour', 'Museo Lapidario', 'Museo Radio', 'San Fermo', 'Casa Giulietta']",Castelvecchio,strategy_nearest,False,0.0018808841705322266,success
04B90F3A9C4C84,0,['Casa Giulietta'],Arena,"['Verona Tour', 'Museo Lapidario', 'Museo Radio', 'San Fermo', 'Sighseeing']",Tomba Giulietta,strategy_nearest,False,0.003386974334716797,success
04B915429C4C80,3,['Arena'],Santa Anastasia,"['AMO', 'Museo Conte', 'Palazzo della Ragione', 'Teatro Romano', 'Centro Fotografia']",Teatro Romano,strategy_nearest,True,0.002902984619140625,success
04B9143A9C4C84,0,"['Arena', 'Museo Lapidario', 'Castelvecchio']",Torre Lamberti,"['Sighseeing', 'Centro Fotografia', 'Museo Conte', 'Casa Giulietta', 'Palazzo della Ragione']",Casa Giulietta,strategy_nearest,True,0.0037398338317871094,success
04B9173A9C4C84,3,"['Casa Giulietta', 'Torre Lamberti', 'Santa Anastasia']",Teatro Romano,"['Duomo', 'AMO', 'Palazzo della Ragione', 'Museo Conte', 'Centro Fotografia']",Duomo,strategy_nearest,True,0.0027840137481689453,success
04B9183A9C4C80,3,"['Castelvecchio', 'Arena']",Casa Giulietta,"['Centro Fotografia', 'Sighseeing', 'Torre Lamberti', 'Museo Conte', 'Museo Radio']",Teatro Romano,strategy_nearest,False,0.002257108688354492,success
04B918429C4C84,3,"['Arena', 'San Zeno']",Casa Giulietta,"['Centro Fotografia', 'Sighseeing', 'Torre Lamberti', 'Museo Conte', 'Museo Radio']",Torre Lamberti,strategy_nearest,True,0.0028028488159179688,success
04B91C3A9C4C84,2,['Torre Lamberti'],Santa Anastasia,"['AMO', 'Museo Conte', 'Palazzo della Ragione', 'Teatro Romano', 'Centro Fotografia']",Casa Giulietta,strategy_nearest,False,0.0033271312713623047,success
04B91D429C4C84,1,"['Arena', 'Casa Giulietta']",Torre Lamberti,"['Sighseeing', 'Centro Fotografia', 'Museo Conte', 'Palazzo della Ragione', 'AMO']",Palazzo della Ragione,strategy_nearest,True,0.0020978450775146484,success
04B91E3A9C4C80,0,['Arena'],Casa Giulietta,"['Centro Fotografia', 'Sighseeing', 'Torre Lamberti', 'Museo Conte', 'Museo Radio']",Torre Lamberti,strategy_nearest,True,0.002660989761352539,success
04B921429C4C84,1,"['Arena', 'Casa Giulietta']",Palazzo della Ragione,"['AMO', 'Museo Conte', 'Torre Lamberti', 'Centro Fotografia', 'Sighseeing']",Torre Lamberti,strategy_nearest,True,0.003505706787109375,success
04B9243A9C4C80,2,['Casa Giulietta'],Santa Anastasia,"['AMO', 'Museo Conte', 'Palazzo della Ragione', 'Teatro Romano', 'Centro Fotografia']",San Zeno,strategy_nearest,False,0.002672910690307617,success
04B9253A9C4C84,2,['Casa Giulietta'],Santa Anastasia,"['AMO', 'Museo Conte', 'Palazzo della Ragione', 'Teatro Romano', 'Centro Fotografia']",Teatro Romano,strategy_nearest,True,0.0023832321166992188,success
04B929429C4C84,0,"['Arena', 'Castelvecchio']",Torre Lamberti,"['Sighseeing', 'Centro Fotografia', 'Museo Conte', 'Casa Giulietta', 'Palazzo della Ragione']",Casa Giulietta,strategy_nearest,True,0.0015130043029785156,success
04B9254A9C4C80,0,"['Casa Giulietta', 'Giardino Giusti']",Torre Lamberti,"['Sighseeing', 'Centro Fotografia', 'Museo Conte', 'Palazzo della Ragione', 'AMO']",Arena,strategy_nearest,False,0.00333404541015625,success
04B9373A9C4C80,0,"['Arena', 'San Fermo', 'Casa Giulietta']",Castelvecchio,"['Museo Lapidario', 'Verona Tour', 'Museo Radio', 'San Zeno', 'Sighseeing']",San Zeno,strategy_nearest,True,0.003215789794921875,success
04B9303A9C4C80,2,"['Castelvecchio', 'San Fermo']",Duomo,"['AMO', 'Museo Miniscalchi', 'Santa Anastasia', 'Teatro Romano', 'Palazzo della Ragione']",San Zeno,strategy_nearest,False,0.0027589797973632812,success
04B93E3A9C4C80,1,"['Arena', 'Palazzo della Ragione']",Casa Giulietta,"['Centro Fotografia', 'Sighseeing', 'Torre Lamberti', 'Museo Conte', 'Museo Radio']",Duomo,strategy_nearest,False,0.0014529228210449219,success
04B93D3A9C4C80,2,"['Castelvecchio', 'Teatro Romano']",Duomo,"['AMO', 'Museo Miniscalchi', 'Santa Anastasia', 'Palazzo della Ragione', 'Museo Conte']",Santa Anastasia,strategy_nearest,True,0.003198862075805664,success
04B942BA7B3F80,2,['Teatro Romano'],Duomo,"['AMO', 'Museo Miniscalchi', 'Santa Anastasia', 'Palazzo della Ragione', 'Museo Conte']",Giardino Giusti,strategy_nearest,False,0.003237009048461914,success
04B93F3A9C4C80,3,"['Arena', 'Castelvecchio']",Duomo,"['AMO', 'Museo Miniscalchi', 'Santa Anastasia', 'Teatro Romano', 'Palazzo della Ragione']",Santa Anastasia,strategy_nearest,True,0.0024340152740478516,success
04B9463A9C4C80,0,['Arena'],Casa Giulietta,"['Centro Fotografia', 'Sighseeing', 'Torre Lamberti', 'Museo Conte', 'Museo Radio']",Castelvecchio,strategy_nearest,False,0.0018639564514160156,success
04B947429C4C80,1,"['Arena', 'Casa Giulietta']",Torre Lamberti,"['Sighseeing', 'Centro Fotografia', 'Museo Conte', 'Palazzo della Ragione', 'AMO']",Palazzo della Ragione,strategy_nearest,True,0.002588033676147461,success
04B949429C4C80,3,"['Arena', 'San Fermo', 'Casa Giulietta']",Torre Lamberti,"['Sighseeing', 'Centro Fotografia', 'Museo Conte', 'Palazzo della Ragione', 'AMO']",Santa Anastasia,strategy_nearest,False,0.0026438236236572266,success
04B94B429C4C80,0,['Arena'],Castelvecchio,"['Museo Lapidario', 'Verona Tour', 'Museo Radio', 'San Zeno', 'Sighseeing']",Casa Giulietta,strategy_nearest,False,0.0031189918518066406,success
04B94EBA7B3F80,0,"['Museo Lapidario', 'Arena']",Castelvecchio,"['Verona Tour', 'Museo Radio', 'San Zeno', 'Sighseeing', 'Museo Miniscalchi']",San Zeno,strategy_nearest,True,0.0018429756164550781,success
04B952429C4C80,3,"['Arena', 'Casa Giulietta', 'Torre Lamberti']",Santa Anastasia,"['AMO', 'Museo Conte', 'Palazzo della Ragione', 'Teatro Romano', 'Centro Fotografia']",Duomo,strategy_nearest,False,0.002468109130859375,success
04B969429C4C80,0,['Arena'],Castelvecchio,"['Museo Lapidario', 'Verona Tour', 'Museo Radio', 'San Zeno', 'Sighseeing']",Casa Giulietta,strategy_nearest,False,0.002393960952758789,success
04B970429C4C80,1,"['Arena', 'Casa Giulietta']",Torre Lamberti,"['Sighseeing', 'Centro Fotografia', 'Museo Conte', 'Palazzo della Ragione', 'AMO']",Palazzo della Ragione,strategy_nearest,True,0.0024509429931640625,success
04B972429C4C80,0,"['Casa Giulietta', 'San Fermo']",Teatro Romano,"['Santa Anastasia', 'Duomo', 'AMO', 'Palazzo della Ragione', 'Museo Conte']",Arena,strategy_nearest,False,0.0023741722106933594,success
04B96A429C4C80,1,"['Arena', 'Casa Giulietta']",Palazzo della Ragione,"['AMO', 'Museo Conte', 'Torre Lamberti', 'Centro Fotografia', 'Sighseeing']",Torre Lamberti,strategy_nearest,True,0.002395153045654297,success
04B974429C4C80,2,['Castelvecchio'],Torre Lamberti,"['Sighseeing', 'Centro Fotografia', 'Museo Conte', 'Casa Giulietta', 'Palazzo della Ragione']",Casa Giulietta,strategy_nearest,True,0.0022611618041992188,success
04B977429C4C80,0,"['Arena', 'Casa Giulietta']",Torre Lamberti,"['Sighseeing', 'Centro Fotografia', 'Museo Conte', 'Palazzo della Ragione', 'AMO']",Teatro Romano,strategy_nearest,False,0.0013561248779296875,success
04B9813A9C4C80,1,"['Arena', 'Casa Giulietta', 'Torre Lamberti']",Palazzo della Ragione,"['AMO', 'Museo Conte', 'Centro Fotografia', 'Sighseeing', 'Santa Anastasia']",Santa Anastasia,strategy_nearest,True,0.0026199817657470703,success
04B979429C4C80,3,"['Arena', 'Casa Giulietta']",Torre Lamberti,"['Sighseeing', 'Centro Fotografia', 'Museo Conte', 'Palazzo della Ragione', 'AMO']",Duomo,strategy_nearest,False,0.003301858901977539,success
04B984429C4C80,0,['Arena'],Casa Giulietta,"['Centro Fotografia', 'Sighseeing', 'Torre Lamberti', 'Museo Conte', 'Museo Radio']",Duomo,strategy_nearest,False,0.0021491050720214844,success
04B988429C4C80,1,"['Torre Lamberti', 'Palazzo della Ragione', 'Arena']",Casa Giulietta,"['Centro Fotografia', 'Sighseeing', 'Museo Conte', 'Museo Radio', 'San Fermo']",Santa Anastasia,strategy_nearest,False,0.0026848316192626953,success
04B982429C4C80,0,['Arena'],Casa Giulietta,"['Centro Fotografia', 'Sighseeing', 'Torre Lamberti', 'Museo Conte', 'Museo Radio']",Duomo,strategy_nearest,False,0.0022630691528320312,success
04B98A429C4C80,3,['Arena'],Torre Lamberti,"['Sighseeing', 'Centro Fotografia', 'Museo Conte', 'Casa Giulietta', 'Palazzo della Ragione']",Santa Anastasia,strategy_nearest,False,0.0031499862670898438,success
04B9904A9C4C80,1,"['Arena', 'Castelvecchio']",Torre Lamberti,"['Sighseeing', 'Centro Fotografia', 'Museo Conte', 'Casa Giulietta', 'Palazzo della Ragione']",Palazzo della Ragione,strategy_nearest,True,0.0014681816101074219,success
04B9A24A9C4C80,0,['Arena'],Casa Giulietta,"['Centro Fotografia', 'Sighseeing', 'Torre Lamberti', 'Museo Conte', 'Museo Radio']",Torre Lamberti,strategy_nearest,True,0.0018610954284667969,success
04B99C4A9C4C80,0,['Arena'],Casa Giulietta,"['Centro Fotografia', 'Sighseeing', 'Torre Lamberti', 'Museo Conte', 'Museo Radio']",Teatro Romano,strategy_nearest,False,0.002621889114379883,success
04B9AB4A9C4C80,3,['Arena'],Santa Anastasia,"['AMO', 'Museo Conte', 'Palazzo della Ragione', 'Teatro Romano', 'Centro Fotografia']",Duomo,strategy_nearest,False,0.0033512115478515625,success
04B9AF429C4C80,2,"['Torre Lamberti', 'Palazzo della Ragione']",Santa Anastasia,"['AMO', 'Museo Conte', 'Teatro Romano', 'Centro Fotografia', 'Duomo']",Teatro Romano,strategy_nearest,True,0.001730203628540039,success
04B9AC429C4C80,0,['Teatro Romano'],Giardino Giusti,"['Santa Anastasia', 'Museo Conte', 'Centro Fotografia', 'Museo Storia', 'AMO']",Arena,strategy_nearest,False,0.0019481182098388672,success
04B9AF3A9C4C80,0,['Arena'],Museo Lapidario,"['Verona Tour', 'Castelvecchio', 'Museo Radio', 'San Fermo', 'Casa Giulietta']",Castelvecchio,strategy_nearest,True,0.003160238265991211,success
04B9BC3A9C4C80,0,['Arena'],Museo Lapidario,"['Verona Tour', 'Castelvecchio', 'Museo Radio', 'San Fermo', 'Casa Giulietta']",Casa Giulietta,strategy_nearest,True,0.002255678176879883,success
04B9BC429C4C80,3,"['Arena', 'Castelvecchio', 'Casa Giulietta']",Tomba Giulietta,"['San Fermo', 'Museo Storia', 'Museo Lapidario', 'Museo Radio', 'Verona Tour']",Torre Lamberti,strategy_nearest,False,0.001859903335571289,success
04B9CA3A9C4C80,3,['Arena'],Santa Anastasia,"['AMO', 'Museo Conte', 'Palazzo della Ragione', 'Teatro Romano', 'Centro Fotografia']",Duomo,strategy_nearest,False,0.002626180648803711,success
04B9C8429C4C80,0,['Arena'],Castelvecchio,"['Museo Lapidario', 'Verona Tour', 'Museo Radio', 'San Zeno', 'Sighseeing']",Duomo,strategy_nearest,False,0.0026030540466308594,success
04B9CA429C4C80,3,"['Torre Lamberti', 'Duomo']",Arena,"['Verona Tour', 'Museo Lapidario', 'Museo Radio', 'San Fermo', 'Casa Giulietta']",Castelvecchio,strategy_nearest,False,0.0028600692749023438,success
04B9D0429C4C80,0,['Duomo'],Torre Lamberti,"['Sighseeing', 'Centro Fotografia', 'Museo Conte', 'Casa Giulietta', 'Palazzo della Ragione']",Arena,strategy_nearest,False,0.001260995864868164,success
04B9CDBA7B3F80,1,"['Casa Giulietta', 'Santa Anastasia', 'Teatro Romano']",Duomo,"['AMO', 'Museo Miniscalchi', 'Palazzo della Ragione', 'Museo Conte', 'Torre Lamberti']",Palazzo della Ragione,strategy_nearest,True,0.003633737564086914,success
04B9D13A9C4C80,0,['Arena'],Duomo,"['AMO', 'Museo Miniscalchi', 'Santa Anastasia', 'Teatro Romano', 'Palazzo della Ragione']",Castelvecchio,strategy_nearest,False,0.0018260478973388672,success
04B9DB3A9C4C80,3,"['Arena', 'Torre Lamberti']",Casa Giulietta,"['Centro Fotografia', 'Sighseeing', 'Museo Conte', 'Museo Radio', 'Palazzo della Ragione']",Duomo,strategy_nearest,False,0.0023899078369140625,success
04B9E13A9C4C80,3,"['Arena', 'Torre Lamberti', 'Santa Anastasia']",San Zeno,"['Castelvecchio', 'Verona Tour', 'Museo Lapidario', 'Museo Miniscalchi', 'Sighseeing']",Casa Giulietta,strategy_nearest,False,0.0020499229431152344,success
04B9E73A9C4C80,3,['Arena'],Torre Lamberti,"['Sighseeing', 'Centro Fotografia', 'Museo Conte', 'Casa Giulietta', 'Palazzo della Ragione']",Teatro Romano,strategy_nearest,False,0.002563953399658203,success
04B9E63A9C4C80,3,"['Teatro Romano', 'Giardino Giusti', 'Casa Giulietta']",Arena,"['Verona Tour', 'Museo Lapidario', 'Museo Radio', 'San Fermo', 'Sighseeing']",Tomba Giulietta,strategy_nearest,False,0.003525257110595703,success
04B9EC3A9C4C80,0,['Arena'],Teatro Romano,"['Santa Anastasia', 'Duomo', 'AMO', 'Palazzo della Ragione', 'Museo Conte']",Casa Giulietta,strategy_nearest,False,0.0023000240325927734,success
04B9EABA7B3F80,0,"['Teatro Romano', 'Duomo']",Castelvecchio,"['Museo Lapidario', 'Verona Tour', 'Arena', 'Museo Radio', 'San Zeno']",Casa Giulietta,strategy_nearest,False,0.0023088455200195312,success
04B9F23A9C4C80,3,"['Torre Lamberti', 'Santa Anastasia', 'Duomo']",Teatro Romano,"['AMO', 'Palazzo della Ragione', 'Museo Conte', 'Centro Fotografia', 'Museo Miniscalchi']",Casa Giulietta,strategy_nearest,False,0.0020961761474609375,success
04B9EF429C4C80,0,"['Arena', 'Casa Giulietta']",Castelvecchio,"['Museo Lapidario', 'Verona Tour', 'Museo Radio', 'San Zeno', 'Sighseeing']",San Zeno,strategy_nearest,True,0.002794027328491211,success
04BA0ABA7B3F84,2,['Teatro Romano'],Duomo,"['AMO', 'Museo Miniscalchi', 'Santa Anastasia', 'Palazzo della Ragione', 'Museo Conte']",Giardino Giusti,strategy_nearest,False,0.0031280517578125,success
04B9EF3A9C4C80,1,"['Arena', 'Casa Giulietta']",Palazzo della Ragione,"['AMO', 'Museo Conte', 'Torre Lamberti', 'Centro Fotografia', 'Sighseeing']",Torre Lamberti,strategy_nearest,True,0.0026891231536865234,success
04BA16429C4C84,3,"['Arena', 'Casa Giulietta']",San Fermo,"['Museo Storia', 'Museo Radio', 'Centro Fotografia', 'Sighseeing', 'Torre Lamberti']",Santa Anastasia,strategy_nearest,False,0.0013408660888671875,success
04BA173A9C4C84,1,"['Arena', 'Museo Lapidario']",Palazzo della Ragione,"['AMO', 'Museo Conte', 'Torre Lamberti', 'Centro Fotografia', 'Sighseeing']",Torre Lamberti,strategy_nearest,True,0.002574920654296875,success
04BA113A9C4C80,1,"['Arena', 'Casa Giulietta']",Torre Lamberti,"['Sighseeing', 'Centro Fotografia', 'Museo Conte', 'Palazzo della Ragione', 'AMO']",Palazzo della Ragione,strategy_nearest,True,0.002023935317993164,success
04BA1E3A9C4C80,3,['Arena'],Casa Giulietta,"['Centro Fotografia', 'Sighseeing', 'Torre Lamberti', 'Museo Conte', 'Museo Radio']",Santa Anastasia,strategy_nearest,False,0.003236055374145508,success
04BA1F4A9C4C80,3,"['Casa Giulietta', 'Arena', 'Castelvecchio', 'Torre Lamberti']",San Zeno,"['Verona Tour', 'Museo Lapidario', 'Museo Miniscalchi', 'Sighseeing', 'Museo Radio']",Santa Anastasia,strategy_nearest,False,0.0016372203826904297,success
04BA2B429C4C80,0,['Arena'],Castelvecchio,"['Museo Lapidario', 'Verona Tour', 'Museo Radio', 'San Zeno', 'Sighseeing']",Casa Giulietta,strategy_nearest,False,0.0026650428771972656,success
04BA28429C4C84,0,['Arena'],Casa Giulietta,"['Centro Fotografia', 'Sighseeing', 'Torre Lamberti', 'Museo Conte', 'Museo Radio']",Torre Lamberti,strategy_nearest,True,0.0025720596313476562,success
04BA2C4A9C4C80,2,['Casa Giulietta'],Torre Lamberti,"['Sighseeing', 'Centro Fotografia', 'Museo Conte', 'Palazzo della Ragione', 'AMO']",Santa Anastasia,strategy_nearest,False,0.002206087112426758,success
04BA2E3A9C4C80,2,['Duomo'],Torre Lamberti,"['Sighseeing', 'Centro Fotografia', 'Museo Conte', 'Casa Giulietta', 'Palazzo della Ragione']",San Zeno,strategy_nearest,False,0.003062009811401367,success
04BA35429C4C80,1,"['Arena', 'Casa Giulietta', 'Santa Anastasia']",Castelvecchio,"['Museo Lapidario', 'Verona Tour', 'Museo Radio', 'San Zeno', 'Sighseeing']",Palazzo della Ragione,strategy_nearest,False,0.0024929046630859375,success
04BA3DBA7B3F80,3,['Santa Anastasia'],Casa Giulietta,"['Centro Fotografia', 'Sighseeing', 'Torre Lamberti', 'Museo Conte', 'Museo Radio']",Torre Lamberti,strategy_nearest,True,0.002251863479614258,success
04BA324A9C4C80,2,['Casa Giulietta'],Duomo,"['AMO', 'Museo Miniscalchi', 'Santa Anastasia', 'Teatro Romano', 'Palazzo della Ragione']",Teatro Romano,strategy_nearest,True,0.0024118423461914062,success
04BA3F3A9C4C80,3,"['Arena', 'Museo Lapidario']",Santa Anastasia,"['AMO', 'Museo Conte', 'Palazzo della Ragione', 'Teatro Romano', 'Centro Fotografia']",Casa Giulietta,strategy_nearest,False,0.0023419857025146484,success
04BA453A9C4C80,3,['Arena'],Torre Lamberti,"['Sighseeing', 'Centro Fotografia', 'Museo Conte', 'Casa Giulietta', 'Palazzo della Ragione']",Santa Anastasia,strategy_nearest,False,0.002257108688354492,success
04BA47429C4C80,0,['Arena'],Casa Giulietta,"['Centro Fotografia', 'Sighseeing', 'Torre Lamberti', 'Museo Conte', 'Museo Radio']",Castelvecchio,strategy_nearest,False,0.003299713134765625,success
04BA4D3A9C4C80,3,"['Castelvecchio', 'Arena']",Casa Giulietta,"['Centro Fotografia', 'Sighseeing', 'Torre Lamberti', 'Museo Conte', 'Museo Radio']",Torre Lamberti,strategy_nearest,True,0.0021278858184814453,success
04BA5E429C4C80,3,['Arena'],Casa Giulietta,"['Centro Fotografia', 'Sighseeing', 'Torre Lamberti', 'Museo Conte', 'Museo Radio']",San Fermo,strategy_nearest,False,0.0029692649841308594,success
04BA62BA7B3F80,1,"['Torre Lamberti', 'Palazzo della Ragione']",Santa Anastasia,"['AMO', 'Museo Conte', 'Teatro Romano', 'Centro Fotografia', 'Duomo']",Teatro Romano,strategy_nearest,True,0.0018551349639892578,success
04BA67BA7B3F80,1,"['Casa Giulietta', 'Palazzo della Ragione', 'Torre Lamberti', 'Santa Anastasia']",Teatro Romano,"['Duomo', 'AMO', 'Museo Conte', 'Centro Fotografia', 'Museo Miniscalchi']",Tomba Giulietta,strategy_nearest,False,0.0019021034240722656,success
04BA6A429C4C80,1,"['Arena', 'Torre Lamberti']",Palazzo della Ragione,"['AMO', 'Museo Conte', 'Centro Fotografia', 'Sighseeing', 'Santa Anastasia']",Santa Anastasia,strategy_nearest,True,0.0032830238342285156,success
04BA7A3A9C4C80,3,"['Arena', 'San Fermo', 'Torre Lamberti']",Santa Anastasia,"['AMO', 'Museo Conte', 'Palazzo della Ragione', 'Teatro Romano', 'Centro Fotografia']",Teatro Romano,strategy_nearest,True,0.0026159286499023438,success
04BA80429C4C80,0,['Arena'],Casa Giulietta,"['Centro Fotografia', 'Sighseeing', 'Torre Lamberti', 'Museo Conte', 'Museo Radio']",Torre Lamberti,strategy_nearest,True,0.001771688461303711,success
04BA803A9C4C80,3,['Arena'],Castelvecchio,"['Museo Lapidario', 'Verona Tour', 'Museo Radio', 'San Zeno', 'Sighseeing']",Torre Lamberti,strategy_nearest,False,0.0032262802124023438,success
04BA83429C4C80,0,['Arena'],Santa Anastasia,"['AMO', 'Museo Conte', 'Palazzo della Ragione', 'Teatro Romano', 'Centro Fotografia']",Casa Giulietta,strategy_nearest,False,0.0026721954345703125,success
04BA893A9C4C80,1,"['Arena', 'Casa Giulietta', 'San Fermo', 'Torre Lamberti']",Palazzo della Ragione,"['AMO', 'Museo Conte', 'Centro Fotografia', 'Sighseeing', 'Santa Anastasia']",Santa Anastasia,strategy_nearest,True,0.0032727718353271484,success
04BA8B3A9C4C80,0,['Arena'],Casa Giulietta,"['Centro Fotografia', 'Sighseeing', 'Torre Lamberti', 'Museo Conte', 'Museo Radio']",Santa Anastasia,strategy_nearest,False,0.002441883087158203,success
04BA8C3A9C4C80,2,['Castelvecchio'],Casa Giulietta,"['Centro Fotografia', 'Sighseeing', 'Torre Lamberti', 'Museo Conte', 'Museo Radio']",San Fermo,strategy_nearest,False,0.002538919448852539,success
04BA8D429C4C80,0,['Arena'],Santa Anastasia,"['AMO', 'Museo Conte', 'Palazzo della Ragione', 'Teatro Romano', 'Centro Fotografia']",Casa Giulietta,strategy_nearest,False,0.00226593017578125,success
04BA8E3A9C4C80,1,['Arena'],Casa Giulietta,"['Centro Fotografia', 'Sighseeing', 'Torre Lamberti', 'Museo Conte', 'Museo Radio']",Palazzo della Ragione,strategy_nearest,False,0.0028409957885742188,success
04BA924A9C4C80,1,['Santa Anastasia'],Duomo,"['AMO', 'Museo Miniscalchi', 'Teatro Romano', 'Palazzo della Ragione', 'Museo Conte']",Palazzo della Ragione,strategy_nearest,True,0.0013599395751953125,success
04BA904A9C4C80,3,"['Arena', 'Casa Giulietta', 'Torre Lamberti']",Duomo,"['AMO', 'Museo Miniscalchi', 'Santa Anastasia', 'Teatro Romano', 'Palazzo della Ragione']",Teatro Romano,strategy_nearest,True,0.002538919448852539,success
04BA954A9C4C80,0,['Arena'],Casa Giulietta,"['Centro Fotografia', 'Sighseeing', 'Torre Lamberti', 'Museo Conte', 'Museo Radio']",Santa Anastasia,strategy_nearest,False,0.0024199485778808594,success
04BAAD429C4C80,1,['Arena'],Casa Giulietta,"['Centro Fotografia', 'Sighseeing', 'Torre Lamberti', 'Museo Conte', 'Museo Radio']",Palazzo della Ragione,strategy_nearest,False,0.0028858184814453125,success
04BAB03A9C4C80,0,['Arena'],Casa Giulietta,"['Centro Fotografia', 'Sighseeing', 'Torre Lamberti', 'Museo Conte', 'Museo Radio']",Castelvecchio,strategy_nearest,False,0.0016591548919677734,success
04BAAF429C4C80,0,['Torre Lamberti'],Casa Giulietta,"['Centro Fotografia', 'Sighseeing', 'Museo Conte', 'Museo Radio', 'Palazzo della Ragione']",Arena,strategy_nearest,False,0.002443075180053711,success
04BAB23A9C4C80,0,['Arena'],Casa Giulietta,"['Centro Fotografia', 'Sighseeing', 'Torre Lamberti', 'Museo Conte', 'Museo Radio']",Torre Lamberti,strategy_nearest,True,0.003247976303100586,success
04BAB33A9C4C80,3,['Arena'],Museo Lapidario,"['Verona Tour', 'Castelvecchio', 'Museo Radio', 'San Fermo', 'Casa Giulietta']",Duomo,strategy_nearest,False,0.0021181106567382812,success
04BAB2429C4C80,3,"['Arena', 'Torre Lamberti']",Giardino Giusti,"['Santa Anastasia', 'Teatro Romano', 'Museo Conte', 'Centro Fotografia', 'Museo Storia']",Santa Anastasia,strategy_nearest,True,0.0017430782318115234,success
04BAB9429C4C80,3,"['Casa Giulietta', 'Arena']",Castelvecchio,"['Museo Lapidario', 'Verona Tour', 'Museo Radio', 'San Zeno', 'Sighseeing']",Santa Anastasia,strategy_nearest,False,0.0022399425506591797,success
04BABD3A9C4C80,1,['Arena'],Torre Lamberti,"['Sighseeing', 'Centro Fotografia', 'Museo Conte', 'Casa Giulietta', 'Palazzo della Ragione']",Palazzo della Ragione,strategy_nearest,True,0.0027108192443847656,success
04BAB7429C4C80,3,"['Casa Giulietta', 'Duomo']",Teatro Romano,"['Santa Anastasia', 'AMO', 'Palazzo della Ragione', 'Museo Conte', 'Centro Fotografia']",Arena,strategy_nearest,False,0.004710197448730469,success
04BACD3A9C4C80,3,"['Arena', 'Casa Giulietta']",San Fermo,"['Museo Storia', 'Museo Radio', 'Centro Fotografia', 'Sighseeing', 'Torre Lamberti']",Santa Anastasia,strategy_nearest,False,0.0016911029815673828,success
04BACA429C4C80,0,"['Arena', 'Tomba Giulietta']",Castelvecchio,"['Museo Lapidario', 'Verona Tour', 'Museo Radio', 'San Zeno', 'Sighseeing']",Torre Lamberti,strategy_nearest,False,0.0023102760314941406,success
04BAC03A9C4C80,3,"['Arena', 'Castelvecchio']",Torre Lamberti,"['Sighseeing', 'Centro Fotografia', 'Museo Conte', 'Casa Giulietta', 'Palazzo della Ragione']",Santa Anastasia,strategy_nearest,False,0.002919912338256836,success
04BACDBA7B3F80,3,['Duomo'],Santa Anastasia,"['AMO', 'Museo Conte', 'Palazzo della Ragione', 'Teatro Romano', 'Centro Fotografia']",Arena,strategy_nearest,False,0.0032949447631835938,success
04BAD1429C4C80,3,"['San Zeno', 'Arena']",Teatro Romano,"['Santa Anastasia', 'Duomo', 'AMO', 'Palazzo della Ragione', 'Museo Conte']",Duomo,strategy_nearest,True,0.0016298294067382812,success
04BAD73A9C4C80,3,"['Tomba Giulietta', 'San Fermo', 'Casa Giulietta']",Torre Lamberti,"['Sighseeing', 'Centro Fotografia', 'Museo Conte', 'Palazzo della Ragione', 'AMO']",Santa Anastasia,strategy_nearest,False,0.0018832683563232422,success
04BAD63A9C4C80,0,['Arena'],Casa Giulietta,"['Centro Fotografia', 'Sighseeing', 'Torre Lamberti', 'Museo Conte', 'Museo Radio']",Santa Anastasia,strategy_nearest,False,0.0026650428771972656,success
04BAD9BA7B3F80,2,"['Casa Giulietta', 'Santa Anastasia']",Duomo,"['AMO', 'Museo Miniscalchi', 'Teatro Romano', 'Palazzo della Ragione', 'Museo Conte']",San Zeno,strategy_nearest,False,0.002129077911376953,success
04BAE5429C4C80,2,"['Castelvecchio', 'Tomba Giulietta', 'San Fermo', 'Casa Giulietta']",Torre Lamberti,"['Sighseeing', 'Centro Fotografia', 'Museo Conte', 'Palazzo della Ragione', 'AMO']",Palazzo della Ragione,strategy_nearest,True,0.0022521018981933594,success
04BAE13A9C4C80,2,"['Santa Anastasia', 'Duomo']",Casa Giulietta,"['Centro Fotografia', 'Sighseeing', 'Torre Lamberti', 'Museo Conte', 'Museo Radio']",Torre Lamberti,strategy_nearest,True,0.003239154815673828,success
04BAE83A9C4C80,0,['Arena'],Santa Anastasia,"['AMO', 'Museo Conte', 'Palazzo della Ragione', 'Teatro Romano', 'Centro Fotografia']",Castelvecchio,strategy_nearest,False,0.0030770301818847656,success
04BAF13A9C4C80,1,"['Arena', 'Museo Lapidario']",Torre Lamberti,"['Sighseeing', 'Centro Fotografia', 'Museo Conte', 'Casa Giulietta', 'Palazzo della Ragione']",Palazzo della Ragione,strategy_nearest,True,0.0014548301696777344,success
04BAEBBA7B3F80,3,"['San Fermo', 'Arena']",Casa Giulietta,"['Centro Fotografia', 'Sighseeing', 'Torre Lamberti', 'Museo Conte', 'Museo Radio']",Santa Anastasia,strategy_nearest,False,0.0032629966735839844,success
04BAF0429C4C80,1,"['Castelvecchio', 'Arena', 'Duomo']",Casa Giulietta,"['Centro Fotografia', 'Sighseeing', 'Torre Lamberti', 'Museo Conte', 'Museo Radio']",San Zeno,strategy_nearest,False,0.0020449161529541016,success
04BAF1BA7B3F80,1,"['Casa Giulietta', 'Palazzo della Ragione', 'Torre Lamberti']",Santa Anastasia,"['AMO', 'Museo Conte', 'Teatro Romano', 'Centro Fotografia', 'Duomo']",Duomo,strategy_nearest,True,0.003310680389404297,success
04BAF3429C4C80,3,"['Arena', 'San Fermo', 'Casa Giulietta', 'Torre Lamberti']",Santa Anastasia,"['AMO', 'Museo Conte', 'Palazzo della Ragione', 'Teatro Romano', 'Centro Fotografia']",Duomo,strategy_nearest,False,0.0027823448181152344,success
04BAF83A9C4C80,0,['Arena'],Duomo,"['AMO', 'Museo Miniscalchi', 'Santa Anastasia', 'Teatro Romano', 'Palazzo della Ragione']",Casa Giulietta,strategy_nearest,False,0.0014650821685791016,success
04BAF23A9C4C80,2,"['San Zeno', 'Casa Giulietta', 'Torre Lamberti', 'Santa Anastasia']",Duomo,"['AMO', 'Museo Miniscalchi', 'Teatro Romano', 'Palazzo della Ragione', 'Museo Conte']",Castelvecchio,strategy_nearest,False,0.003454923629760742,success
04BAFEBA7B3F80,3,"['Santa Anastasia', 'Duomo']",San Zeno,"['Castelvecchio', 'Verona Tour', 'Museo Lapidario', 'Arena', 'Museo Miniscalchi']",Arena,strategy_nearest,True,0.003206014633178711,success
04BB053A9C4C84,1,"['Arena', 'Casa Giulietta']",Palazzo della Ragione,"['AMO', 'Museo Conte', 'Torre Lamberti', 'Centro Fotografia', 'Sighseeing']",Torre Lamberti,strategy_nearest,True,0.0018520355224609375,success
04BB0A429C4C84,0,"['Casa Giulietta', 'Casa Giulietta']",Torre Lamberti,"['Sighseeing', 'Centro Fotografia', 'Museo Conte', 'Palazzo della Ragione', 'AMO']",Arena,strategy_nearest,False,0.0019860267639160156,success
04BB173A9C4C84,0,['Arena'],Casa Giulietta,"['Centro Fotografia', 'Sighseeing', 'Torre Lamberti', 'Museo Conte', 'Museo Radio']",San Fermo,strategy_nearest,False,0.003170013427734375,success
04BB0DBA7B3F84,1,"['Casa Giulietta', 'Palazzo della Ragione', 'Torre Lamberti']",Santa Anastasia,"['AMO', 'Museo Conte', 'Teatro Romano', 'Centro Fotografia', 'Duomo']",Teatro Romano,strategy_nearest,True,0.0027282238006591797,success
04BB1D3A9C4C80,0,"['Castelvecchio', 'Arena']",Casa Giulietta,"['Centro Fotografia', 'Sighseeing', 'Torre Lamberti', 'Museo Conte', 'Museo Radio']",Torre Lamberti,strategy_nearest,True,0.002892017364501953,success
04BB1C3A9C4C84,3,"['Arena', 'San Fermo']",Casa Giulietta,"['Centro Fotografia', 'Sighseeing', 'Torre Lamberti', 'Museo Conte', 'Museo Radio']",Santa Anastasia,strategy_nearest,False,0.0022940635681152344,success
04BB263A9C4C80,0,['Arena'],Museo Lapidario,"['Verona Tour', 'Castelvecchio', 'Museo Radio', 'San Fermo', 'Casa Giulietta']",Castelvecchio,strategy_nearest,True,0.0020537376403808594,success
04BB1E429C4C80,0,"['Castelvecchio', 'Arena']",Giardino Giusti,"['Santa Anastasia', 'Teatro Romano', 'Museo Conte', 'Centro Fotografia', 'Museo Storia']",Tomba Giulietta,strategy_nearest,False,0.002646923065185547,success
04BB2E3A9C4C80,2,['Duomo'],Torre Lamberti,"['Sighseeing', 'Centro Fotografia', 'Museo Conte', 'Casa Giulietta', 'Palazzo della Ragione']",San Zeno,strategy_nearest,False,0.002543926239013672,success
04BB2E429C4C80,2,['Museo Lapidario'],Castelvecchio,"['Verona Tour', 'Arena', 'Museo Radio', 'San Zeno', 'Sighseeing']",San Zeno,strategy_nearest,True,0.0030269622802734375,success
04BB304A9C4C80,2,"['Castelvecchio', 'Santa Anastasia']",Duomo,"['AMO', 'Museo Miniscalchi', 'Teatro Romano', 'Palazzo della Ragione', 'Museo Conte']",San Zeno,strategy_nearest,False,0.0015747547149658203,success
04BB354A9C4C80,3,"['Arena', 'Museo Lapidario']",Castelvecchio,"['Verona Tour', 'Museo Radio', 'San Zeno', 'Sighseeing', 'Museo Miniscalchi']",Duomo,strategy_nearest,False,0.002574920654296875,success
04BB344A9C4C80,0,['Casa Giulietta'],Torre Lamberti,"['Sighseeing', 'Centro Fotografia', 'Museo Conte', 'Palazzo della Ragione', 'AMO']",Arena,strategy_nearest,False,0.0021071434020996094,success
04BB394A9C4C80,0,"['Casa Giulietta', 'Tomba Giulietta']",Arena,"['Verona Tour', 'Museo Lapidario', 'Museo Radio', 'San Fermo', 'Sighseeing']",Teatro Romano,strategy_nearest,False,0.0032758712768554688,success
04BB3A429C4C80,6,"['Verona Tour', 'Arena']",Casa Giulietta,"['Centro Fotografia', 'Sighseeing', 'Torre Lamberti', 'Museo Conte', 'Museo Radio']",Torre Lamberti,strategy_nearest,True,0.0016741752624511719,success
04BB3F429C4C80,2,['Casa Giulietta'],Castelvecchio,"['Museo Lapidario', 'Verona Tour', 'Arena', 'Museo Radio', 'San Zeno']",San Zeno,strategy_nearest,True,0.0024449825286865234,success
04BB3A4A9C4C80,1,"['Casa Giulietta', 'Torre Lamberti']",Palazzo della Ragione,"['AMO', 'Museo Conte', 'Centro Fotografia', 'Sighseeing', 'Santa Anastasia']",Arena,strategy_nearest,False,0.0017936229705810547,success
04BB433A9C4C80,3,"['Casa Giulietta', 'Santa Anastasia', 'Teatro Romano']",Duomo,"['AMO', 'Museo Miniscalchi', 'Palazzo della Ragione', 'Museo Conte', 'Torre Lamberti']",Arena,strategy_nearest,False,0.002958059310913086,success
04BB443A9C4C80,0,['Arena'],Casa Giulietta,"['Centro Fotografia', 'Sighseeing', 'Torre Lamberti', 'Museo Conte', 'Museo Radio']",Castelvecchio,strategy_nearest,False,0.001550912857055664,success
04BB46BA7B3F80,3,"['Casa Giulietta', 'Torre Lamberti', 'Santa Anastasia', 'Duomo']",Castelvecchio,"['Museo Lapidario', 'Verona Tour', 'Arena', 'Museo Radio', 'San Zeno']",Teatro Romano,strategy_nearest,False,0.0020008087158203125,success
04BB46429C4C80,3,"['Museo Lapidario', 'Torre Lamberti']",Santa Anastasia,"['AMO', 'Museo Conte', 'Palazzo della Ragione', 'Teatro Romano', 'Centro Fotografia']",San Zeno,strategy_nearest,False,0.003262042999267578,success
04BB49429C4C80,3,['Castelvecchio'],Arena,"['Verona Tour', 'Museo Lapidario', 'Museo Radio', 'San Fermo', 'Casa Giulietta']",Santa Anastasia,strategy_nearest,False,0.002068042755126953,success
04BB513A9C4C80,2,"['San Zeno', 'Castelvecchio', 'Casa Giulietta']",Duomo,"['AMO', 'Museo Miniscalchi', 'Santa Anastasia', 'Teatro Romano', 'Palazzo della Ragione']",Teatro Romano,strategy_nearest,True,0.003178834915161133,success
04BB65429C4C80,1,"['Casa Giulietta', 'Santa Anastasia', 'Duomo', 'Teatro Romano']",Torre Lamberti,"['Sighseeing', 'Centro Fotografia', 'Museo Conte', 'Palazzo della Ragione', 'AMO']",Palazzo della Ragione,strategy_nearest,True,0.0018978118896484375,success
04BB62429C4C80,3,"['Arena', 'Casa Giulietta', 'San Fermo']",Santa Anastasia,"['AMO', 'Museo Conte', 'Palazzo della Ragione', 'Teatro Romano', 'Centro Fotografia']",Duomo,strategy_nearest,False,0.0032601356506347656,success
04BB71429C4C80,0,['Arena'],Torre Lamberti,"['Sighseeing', 'Centro Fotografia', 'Museo Conte', 'Casa Giulietta', 'Palazzo della Ragione']",Casa Giulietta,strategy_nearest,True,0.00197601318359375,success
04BB753A9C4C80,3,"['Casa Giulietta', 'Arena']",Castelvecchio,"['Museo Lapidario', 'Verona Tour', 'Museo Radio', 'San Zeno', 'Sighseeing']",Santa Anastasia,strategy_nearest,False,0.003078937530517578,success
04BB883A9C4C80,1,"['Arena', 'Casa Giulietta']",Torre Lamberti,"['Sighseeing', 'Centro Fotografia', 'Museo Conte', 'Palazzo della Ragione', 'AMO']",Palazzo della Ragione,strategy_nearest,True,0.002754688262939453,success
04BB863A9C4C80,0,['Arena'],Duomo,"['AMO', 'Museo Miniscalchi', 'Santa Anastasia', 'Teatro Romano', 'Palazzo della Ragione']",Castelvecchio,strategy_nearest,False,0.003309965133666992,success
04BB8B429C4C80,3,"['Arena', 'Casa Giulietta']",Giardino Giusti,"['Santa Anastasia', 'Teatro Romano', 'Museo Conte', 'Centro Fotografia', 'Museo Storia']",Teatro Romano,strategy_nearest,True,0.001990079879760742,success
04BB854A9C4C80,1,['Arena'],Palazzo della Ragione,"['AMO', 'Museo Conte', 'Torre Lamberti', 'Centro Fotografia', 'Sighseeing']",Torre Lamberti,strategy_nearest,True,0.0021169185638427734,success
04BB8C3A9C4C80,2,"['Castelvecchio', 'Casa Giulietta']",San Fermo,"['Museo Storia', 'Museo Radio', 'Centro Fotografia', 'Arena', 'Sighseeing']",Torre Lamberti,strategy_nearest,False,0.0014541149139404297,success
04BB98429C4C80,0,['Arena'],Casa Giulietta,"['Centro Fotografia', 'Sighseeing', 'Torre Lamberti', 'Museo Conte', 'Museo Radio']",San Fermo,strategy_nearest,False,0.0020012855529785156,success
04BB9B429C4C80,2,['Santa Anastasia'],Duomo,"['AMO', 'Museo Miniscalchi', 'Teatro Romano', 'Palazzo della Ragione', 'Museo Conte']",Teatro Romano,strategy_nearest,True,0.0025107860565185547,success
04BB994A9C4C80,3,"['Arena', 'Casa Giulietta']",San Fermo,"['Museo Storia', 'Museo Radio', 'Centro Fotografia', 'Sighseeing', 'Torre Lamberti']",Santa Anastasia,strategy_nearest,False,0.0033202171325683594,success
04BB9E429C4C80,3,"['Arena', 'San Zeno']",Santa Anastasia,"['AMO', 'Museo Conte', 'Palazzo della Ragione', 'Teatro Romano', 'Centro Fotografia']",Duomo,strategy_nearest,False,0.0019800662994384766,success
04BB9F429C4C80,0,['Arena'],Castelvecchio,"['Museo Lapidario', 'Verona Tour', 'Museo Radio', 'San Zeno', 'Sighseeing']",San Zeno,strategy_nearest,True,0.0025119781494140625,success
04BBA6429C4C80,3,"['Arena', 'Casa Giulietta']",Santa Anastasia,"['AMO', 'Museo Conte', 'Palazzo della Ragione', 'Teatro Romano', 'Centro Fotografia']",Duomo,strategy_nearest,False,0.0025289058685302734,success
04BBAA429C4C80,1,['Casa Giulietta'],Palazzo della Ragione,"['AMO', 'Museo Conte', 'Torre Lamberti', 'Centro Fotografia', 'Sighseeing']",Torre Lamberti,strategy_nearest,True,0.003120899200439453,success
04BBAB4A9C4C80,2,['Castelvecchio'],Santa Anastasia,"['AMO', 'Museo Conte', 'Palazzo della Ragione', 'Teatro Romano', 'Centro Fotografia']",Duomo,strategy_nearest,False,0.0019681453704833984,success
04BBAF429C4C80,0,['Arena'],Casa Giulietta,"['Centro Fotografia', 'Sighseeing', 'Torre Lamberti', 'Museo Conte', 'Museo Radio']",Duomo,strategy_nearest,False,0.0019540786743164062,success
04BBC0429C4C80,0,['Arena'],Casa Giulietta,"['Centro Fotografia', 'Sighseeing', 'Torre Lamberti', 'Museo Conte', 'Museo Radio']",San Zeno,strategy_nearest,False,0.0026078224182128906,success
04BBC43A9C4C80,3,"['Arena', 'Casa Giulietta', 'Torre Lamberti']",Santa Anastasia,"['AMO', 'Museo Conte', 'Palazzo della Ragione', 'Teatro Romano', 'Centro Fotografia']",Duomo,strategy_nearest,False,0.0026781558990478516,success
04BBC8429C4C80,0,"['Arena', 'Casa Giulietta']",Teatro Romano,"['Santa Anastasia', 'Duomo', 'AMO', 'Palazzo della Ragione', 'Museo Conte']",Giardino Giusti,strategy_nearest,False,0.0019230842590332031,success
04BBCB429C4C80,1,"['Arena', 'Casa Giulietta']",Torre Lamberti,"['Sighseeing', 'Centro Fotografia', 'Museo Conte', 'Palazzo della Ragione', 'AMO']",Palazzo della Ragione,strategy_nearest,True,0.0024139881134033203,success
04BBE1429C4C80,2,"['Duomo', 'Santa Anastasia']",Torre Lamberti,"['Sighseeing', 'Centro Fotografia', 'Museo Conte', 'Casa Giulietta', 'Palazzo della Ragione']",Casa Giulietta,strategy_nearest,True,0.0024530887603759766,success
04BBDC429C4C80,0,"['Arena', 'Casa Giulietta']",Torre Lamberti,"['Sighseeing', 'Centro Fotografia', 'Museo Conte', 'Palazzo della Ragione', 'AMO']",Castelvecchio,strategy_nearest,False,0.0031468868255615234,success
04BBCC3A9C4C80,0,['Arena'],Casa Giulietta,"['Centro Fotografia', 'Sighseeing', 'Torre Lamberti', 'Museo Conte', 'Museo Radio']",Torre Lamberti,strategy_nearest,True,0.002774953842163086,success
04BBE2429C4C80,0,['Arena'],Castelvecchio,"['Museo Lapidario', 'Verona Tour', 'Museo Radio', 'San Zeno', 'Sighseeing']",Casa Giulietta,strategy_nearest,False,0.0017998218536376953,success
04BBE5429C4C80,3,"['Arena', 'Santa Anastasia', 'Torre Lamberti']",Casa Giulietta,"['Centro Fotografia', 'Sighseeing', 'Museo Conte', 'Museo Radio', 'Palazzo della Ragione']",Tomba Giulietta,strategy_nearest,False,0.002142190933227539,success
04BBE3BA7B3F80,1,"['Duomo', 'Santa Anastasia', 'Tomba Giulietta', 'San Fermo']",Casa Giulietta,"['Centro Fotografia', 'Sighseeing', 'Torre Lamberti', 'Museo Conte', 'Museo Radio']",Palazzo della Ragione,strategy_nearest,False,0.002777099609375,success
04BBE9BA7B3F80,3,"['San Fermo', 'Arena']",Casa Giulietta,"['Centro Fotografia', 'Sighseeing', 'Torre Lamberti', 'Museo Conte', 'Museo Radio']",Santa Anastasia,strategy_nearest,False,0.0032639503479003906,success
04BBF13A9C4C80,0,['Arena'],Casa Giulietta,"['Centro Fotografia', 'Sighseeing', 'Torre Lamberti', 'Museo Conte', 'Museo Radio']",Duomo,strategy_nearest,False,0.002542257308959961,success
04BBF43A9C4C80,0,"['Arena', 'Castelvecchio']",Teatro Romano,"['Santa Anastasia', 'Duomo', 'AMO', 'Palazzo della Ragione', 'Museo Conte']",Torre Lamberti,strategy_nearest,False,0.0018351078033447266,success
04BBF23A9C4C80,0,['Arena'],Casa Giulietta,"['Centro Fotografia', 'Sighseeing', 'Torre Lamberti', 'Museo Conte', 'Museo Radio']",Teatro Romano,strategy_nearest,False,0.0031058788299560547,success
04BBFBBA7B3F80,0,"['Duomo', 'Torre Lamberti']",Giardino Giusti,"['Santa Anastasia', 'Teatro Romano', 'Museo Conte', 'Centro Fotografia', 'Museo Storia']",Arena,strategy_nearest,False,0.022053241729736328,success
04BC0ABA7B3F80,3,"['Duomo', 'Castelvecchio', 'Tomba Giulietta']",Casa Giulietta,"['Centro Fotografia', 'Sighseeing', 'Torre Lamberti', 'Museo Conte', 'Museo Radio']",Torre Lamberti,strategy_nearest,True,0.00952911376953125,success
04BC0A429C4C84,0,['Arena'],Castelvecchio,"['Museo Lapidario', 'Verona Tour', 'Museo Radio', 'San Zeno', 'Sighseeing']",Casa Giulietta,strategy_nearest,False,0.021968841552734375,success
04BC0D4A9C4C80,1,"['Arena', 'Casa Giulietta', 'Tomba Giulietta', 'San Fermo']",Santa Anastasia,"['AMO', 'Museo Conte', 'Palazzo della Ragione', 'Teatro Romano', 'Centro Fotografia']",Duomo,strategy_nearest,False,0.001112222671508789,success
04BC033A9C4C84,3,['Arena'],Casa Giulietta,"['Centro Fotografia', 'Sighseeing', 'Torre Lamberti', 'Museo Conte', 'Museo Radio']",Santa Anastasia,strategy_nearest,False,0.02662801742553711,success
04BC123A9C4C80,3,"['Arena', 'Santa Anastasia', 'Duomo', 'Castelvecchio']",Arena,"['Verona Tour', 'Museo Lapidario', 'Museo Radio', 'San Fermo', 'Casa Giulietta']",Casa Giulietta,strategy_nearest,True,0.00197601318359375,success
04BC16429C4C84,0,['Arena'],Castelvecchio,"['Museo Lapidario', 'Verona Tour', 'Museo Radio', 'San Zeno', 'Sighseeing']",Teatro Romano,strategy_nearest,False,0.001116037368774414,success
04BC13429C4C80,1,"['Arena', 'Museo Lapidario', 'Castelvecchio', 'Casa Giulietta']",Torre Lamberti,"['Sighseeing', 'Centro Fotografia', 'Museo Conte', 'Palazzo della Ragione', 'AMO']",Palazzo della Ragione,strategy_nearest,True,0.0030782222747802734,success
04BC1F429C4C84,3,"['Castelvecchio', 'Casa Giulietta']",Santa Anastasia,"['AMO', 'Museo Conte', 'Palazzo della Ragione', 'Teatro Romano', 'Centro Fotografia']",Torre Lamberti,strategy_nearest,False,0.0029680728912353516,success
04BC1A429C4C84,0,['Arena'],Teatro Romano,"['Santa Anastasia', 'Duomo', 'AMO', 'Palazzo della Ragione', 'Museo Conte']",Castelvecchio,strategy_nearest,False,0.003609180450439453,success
04BC20429C4C80,0,['Casa Giulietta'],Torre Lamberti,"['Sighseeing', 'Centro Fotografia', 'Museo Conte', 'Palazzo della Ragione', 'AMO']",Arena,strategy_nearest,False,0.0024480819702148438,success
04BC2F429C4C80,3,"['Arena', 'Torre Lamberti']",Casa Giulietta,"['Centro Fotografia', 'Sighseeing', 'Museo Conte', 'Museo Radio', 'Palazzo della Ragione']",Santa Anastasia,strategy_nearest,False,0.003208160400390625,success
04BC22BA7B3F84,2,"['San Fermo', 'Santa Anastasia']",Duomo,"['AMO', 'Museo Miniscalchi', 'Teatro Romano', 'Palazzo della Ragione', 'Museo Conte']",San Zeno,strategy_nearest,False,0.00408482551574707,success
04BC28BA7B3F84,2,['Teatro Romano'],Duomo,"['AMO', 'Museo Miniscalchi', 'Santa Anastasia', 'Palazzo della Ragione', 'Museo Conte']",Giardino Giusti,strategy_nearest,False,0.0020318031311035156,success
04BC304A9C4C80,2,"['Castelvecchio', 'Santa Anastasia']",Duomo,"['AMO', 'Museo Miniscalchi', 'Teatro Romano', 'Palazzo della Ragione', 'Museo Conte']",San Zeno,strategy_nearest,False,0.0029549598693847656,success
04BC32429C4C80,0,"['Castelvecchio', 'Casa Giulietta', 'San Fermo']",Torre Lamberti,"['Sighseeing', 'Centro Fotografia', 'Museo Conte', 'Palazzo della Ragione', 'AMO']",Teatro Romano,strategy_nearest,False,0.001995086669921875,success
04BC34429C4C80,1,['Casa Giulietta'],Arena,"['Verona Tour', 'Museo Lapidario', 'Museo Radio', 'San Fermo', 'Sighseeing']",Tomba Giulietta,strategy_nearest,False,0.0027790069580078125,success
04BC44429C4C80,3,"['Arena', 'Castelvecchio', 'Santa Anastasia', 'Duomo']",Teatro Romano,"['AMO', 'Palazzo della Ragione', 'Museo Conte', 'Centro Fotografia', 'Museo Miniscalchi']",Torre Lamberti,strategy_nearest,False,0.0034439563751220703,success
04BC4A429C4C80,0,['Arena'],Torre Lamberti,"['Sighseeing', 'Centro Fotografia', 'Museo Conte', 'Casa Giulietta', 'Palazzo della Ragione']",Duomo,strategy_nearest,False,0.003184080123901367,success
04BC4C429C4C80,1,"['Arena', 'Casa Giulietta']",Torre Lamberti,"['Sighseeing', 'Centro Fotografia', 'Museo Conte', 'Palazzo della Ragione', 'AMO']",Palazzo della Ragione,strategy_nearest,True,0.003370046615600586,success
04BC503A9C4C80,0,"['Arena', 'Castelvecchio']",San Zeno,"['Verona Tour', 'Museo Lapidario', 'Museo Miniscalchi', 'Sighseeing', 'Museo Radio']",Teatro Romano,strategy_nearest,False,0.002418041229248047,success
04BC54BA7B3F80,6,"['Santa Anastasia', 'Casa Giulietta', 'Teatro Romano']",Arena,"['Verona Tour', 'Museo Lapidario', 'Museo Radio', 'San Fermo', 'Sighseeing']",Castelvecchio,strategy_nearest,False,0.0024509429931640625,success
04BC553A9C4C80,3,"['Arena', 'Castelvecchio']",Casa Giulietta,"['Centro Fotografia', 'Sighseeing', 'Torre Lamberti', 'Museo Conte', 'Museo Radio']",Torre Lamberti,strategy_nearest,True,0.004209995269775391,success
04BC6B3A9C4C80,2,"['Duomo', 'Castelvecchio']",San Zeno,"['Verona Tour', 'Museo Lapidario', 'Arena', 'Museo Miniscalchi', 'Sighseeing']",Giardino Giusti,strategy_nearest,False,0.001893758773803711,success
04BC6C429C4C80,0,['Arena'],Casa Giulietta,"['Centro Fotografia', 'Sighseeing', 'Torre Lamberti', 'Museo Conte', 'Museo Radio']",Santa Anastasia,strategy_nearest,False,0.0028982162475585938,success
04BC5F429C4C80,0,"['Arena', 'San Zeno']",Castelvecchio,"['Museo Lapidario', 'Verona Tour', 'Museo Radio', 'Sighseeing', 'Museo Miniscalchi']",Casa Giulietta,strategy_nearest,False,0.0034470558166503906,success
04BC723A9C4C80,2,['Castelvecchio'],Casa Giulietta,"['Centro Fotografia', 'Sighseeing', 'Torre Lamberti', 'Museo Conte', 'Museo Radio']",Duomo,strategy_nearest,False,0.002773761749267578,success
04BC743A9C4C80,0,"['Castelvecchio', 'Casa Giulietta']",Torre Lamberti,"['Sighseeing', 'Centro Fotografia', 'Museo Conte', 'Palazzo della Ragione', 'AMO']",Arena,strategy_nearest,False,0.002790212631225586,success
04BC834A9C4C80,0,['Arena'],Casa Giulietta,"['Centro Fotografia', 'Sighseeing', 'Torre Lamberti', 'Museo Conte', 'Museo Radio']",Casa Giulietta,strategy_nearest,False,0.0026619434356689453,success
04BC83429C4C80,0,['Arena'],Casa Giulietta,"['Centro Fotografia', 'Sighseeing', 'Torre Lamberti', 'Museo Conte', 'Museo Radio']",Castelvecchio,strategy_nearest,False,0.0033690929412841797,success
04BC88429C4C80,3,['Arena'],Torre Lamberti,"['Sighseeing', 'Centro Fotografia', 'Museo Conte', 'Casa Giulietta', 'Palazzo della Ragione']",Santa Anastasia,strategy_nearest,False,0.0025658607482910156,success
04BC8D4A9C4C80,2,"['Torre Lamberti', 'Palazzo della Ragione', 'Casa Giulietta', 'Santa Anastasia', 'Teatro Romano']",Museo Storia,"['San Fermo', 'Museo Radio', 'Centro Fotografia', 'Tomba Giulietta', 'Arena']",San Fermo,strategy_nearest,True,0.0019769668579101562,success
04BC8D3A9C4C80,0,['Arena'],Casa Giulietta,"['Centro Fotografia', 'Sighseeing', 'Torre Lamberti', 'Museo Conte', 'Museo Radio']",Santa Anastasia,strategy_nearest,False,0.0031948089599609375,success
04BC8E3A9C4C80,3,"['Arena', 'Museo Lapidario', 'Castelvecchio']",Torre Lamberti,"['Sighseeing', 'Centro Fotografia', 'Museo Conte', 'Casa Giulietta', 'Palazzo della Ragione']",Casa Giulietta,strategy_nearest,True,0.003304004669189453,success
04BC8E4A9C4C80,2,['San Fermo'],Casa Giulietta,"['Centro Fotografia', 'Sighseeing', 'Torre Lamberti', 'Museo Conte', 'Museo Radio']",Duomo,strategy_nearest,False,0.004761219024658203,success
04BC97429C4C80,3,['Arena'],Torre Lamberti,"['Sighseeing', 'Centro Fotografia', 'Museo Conte', 'Casa Giulietta', 'Palazzo della Ragione']",Santa Anastasia,strategy_nearest,False,0.002067089080810547,success
04BC90BA7B3F80,1,"['Torre Lamberti', 'Palazzo della Ragione']",Teatro Romano,"['Santa Anastasia', 'Duomo', 'AMO', 'Museo Conte', 'Centro Fotografia']",Castelvecchio,strategy_nearest,False,0.0029718875885009766,success
04BC98429C4C80,0,['Arena'],Casa Giulietta,"['Centro Fotografia', 'Sighseeing', 'Torre Lamberti', 'Museo Conte', 'Museo Radio']",Castelvecchio,strategy_nearest,False,0.0030901432037353516,success
04BCAA429C4C80,3,['Arena'],Torre Lamberti,"['Sighseeing', 'Centro Fotografia', 'Museo Conte', 'Casa Giulietta', 'Palazzo della Ragione']",Santa Anastasia,strategy_nearest,False,0.002627134323120117,success
04BCAC429C4C80,1,"['Arena', 'Castelvecchio']",Casa Giulietta,"['Centro Fotografia', 'Sighseeing', 'Torre Lamberti', 'Museo Conte', 'Museo Radio']",Torre Lamberti,strategy_nearest,True,0.003473997116088867,success
04BCA64A9C4C80,2,['Santa Anastasia'],Casa Giulietta,"['Centro Fotografia', 'Sighseeing', 'Torre Lamberti', 'Museo Conte', 'Museo Radio']",Castelvecchio,strategy_nearest,False,0.0033469200134277344,success
04BCAB429C4C80,0,['Castelvecchio'],Arena,"['Verona Tour', 'Museo Lapidario', 'Museo Radio', 'San Fermo', 'Casa Giulietta']",Casa Giulietta,strategy_nearest,True,0.0019218921661376953,success
04BCB0429C4C80,3,"['Arena', 'Casa Giulietta']",Santa Anastasia,"['AMO', 'Museo Conte', 'Palazzo della Ragione', 'Teatro Romano', 'Centro Fotografia']",Torre Lamberti,strategy_nearest,False,0.0018732547760009766,success
04BCB6429C4C80,6,['Verona Tour'],Arena,"['Museo Lapidario', 'Museo Radio', 'San Fermo', 'Casa Giulietta', 'Sighseeing']",Casa Giulietta,strategy_nearest,True,0.00287628173828125,success
04BCB3429C4C80,3,"['Arena', 'Casa Giulietta', 'Santa Anastasia']",Teatro Romano,"['Duomo', 'AMO', 'Palazzo della Ragione', 'Museo Conte', 'Centro Fotografia']",Duomo,strategy_nearest,True,0.002355813980102539,success
04BCB13A9C4C80,0,['Arena'],Castelvecchio,"['Museo Lapidario', 'Verona Tour', 'Museo Radio', 'San Zeno', 'Sighseeing']",Casa Giulietta,strategy_nearest,False,0.0036759376525878906,success
04BCBB3A9C4C80,2,['Teatro Romano'],Castelvecchio,"['Museo Lapidario', 'Verona Tour', 'Arena', 'Museo Radio', 'San Zeno']",Casa Giulietta,strategy_nearest,False,0.0028939247131347656,success
04BCBD3A9C4C80,3,"['Arena', 'Castelvecchio']",San Zeno,"['Verona Tour', 'Museo Lapidario', 'Museo Miniscalchi', 'Sighseeing', 'Museo Radio']",Torre Lamberti,strategy_nearest,False,0.002271890640258789,success
04BCEA3A9C4C80,3,"['Arena', 'Casa Giulietta']",San Fermo,"['Museo Storia', 'Museo Radio', 'Centro Fotografia', 'Sighseeing', 'Torre Lamberti']",Torre Lamberti,strategy_nearest,True,0.0033178329467773438,success
04BCC9429C4C80,3,"['Santa Anastasia', 'Arena']",Castelvecchio,"['Museo Lapidario', 'Verona Tour', 'Museo Radio', 'San Zeno', 'Sighseeing']",San Zeno,strategy_nearest,True,0.0014688968658447266,success
04BCFB3A9C4C80,2,['Casa Giulietta'],Torre Lamberti,"['Sighseeing', 'Centro Fotografia', 'Museo Conte', 'Palazzo della Ragione', 'AMO']",Castelvecchio,strategy_nearest,False,0.0021469593048095703,success
04BCEF3A9C4C80,0,['Arena'],Casa Giulietta,"['Centro Fotografia', 'Sighseeing', 'Torre Lamberti', 'Museo Conte', 'Museo Radio']",Torre Lamberti,strategy_nearest,True,0.0021677017211914062,success
04BD00BA7B3F84,3,"['Casa Giulietta', 'Torre Lamberti', 'Duomo', 'Castelvecchio']",Teatro Romano,"['Santa Anastasia', 'AMO', 'Palazzo della Ragione', 'Museo Conte', 'Centro Fotografia']",Giardino Giusti,strategy_nearest,False,0.0026078224182128906,success
04BCF43A9C4C80,1,['Arena'],Casa Giulietta,"['Centro Fotografia', 'Sighseeing', 'Torre Lamberti', 'Museo Conte', 'Museo Radio']",Torre Lamberti,strategy_nearest,True,0.004065036773681641,success
04BD0ABA7B3F80,2,"['Torre Lamberti', 'Teatro Romano']",Duomo,"['AMO', 'Museo Miniscalchi', 'Santa Anastasia', 'Palazzo della Ragione', 'Museo Conte']",San Zeno,strategy_nearest,False,0.0020380020141601562,success
04BD0DBA7B3F84,6,"['Santa Anastasia', 'Casa Giulietta', 'Torre Lamberti', 'Teatro Romano']",Arena,"['Verona Tour', 'Museo Lapidario', 'Museo Radio', 'San Fermo', 'Sighseeing']",Castelvecchio,strategy_nearest,False,0.002003192901611328,success
04BD05429C4C84,0,['Arena'],Giardino Giusti,"['Santa Anastasia', 'Teatro Romano', 'Museo Conte', 'Centro Fotografia', 'Museo Storia']",Teatro Romano,strategy_nearest,True,0.004673004150390625,success
04BD0C429C4C80,0,['Arena'],Castelvecchio,"['Museo Lapidario', 'Verona Tour', 'Museo Radio', 'San Zeno', 'Sighseeing']",Casa Giulietta,strategy_nearest,False,0.0027360916137695312,success
04BD133A9C4C80,3,"['Castelvecchio', 'Casa Giulietta', 'Torre Lamberti']",Santa Anastasia,"['AMO', 'Museo Conte', 'Palazzo della Ragione', 'Teatro Romano', 'Centro Fotografia']",Duomo,strategy_nearest,False,0.002777099609375,success
04BD14429C4C84,0,['Teatro Romano'],Duomo,"['AMO', 'Museo Miniscalchi', 'Santa Anastasia', 'Palazzo della Ragione', 'Museo Conte']",Arena,strategy_nearest,False,0.0020558834075927734,success
04BD133A9C4C84,4,"['Museo Radio', 'Tomba Giulietta', 'Casa Giulietta', 'Torre Lamberti']",Santa Anastasia,"['AMO', 'Museo Conte', 'Palazzo della Ragione', 'Teatro Romano', 'Centro Fotografia']",Teatro Romano,strategy_nearest,True,0.004065752029418945,success
04BD14BA7B3F84,3,"['Museo Storia', 'Santa Anastasia']",Duomo,"['AMO', 'Museo Miniscalchi', 'Teatro Romano', 'Palazzo della Ragione', 'Museo Conte']",Casa Giulietta,strategy_nearest,False,0.002685070037841797,success
04BD15BA7B3F84,2,['Teatro Romano'],Duomo,"['AMO', 'Museo Miniscalchi', 'Santa Anastasia', 'Palazzo della Ragione', 'Museo Conte']",Castelvecchio,strategy_nearest,False,0.0030279159545898438,success
04BD1ABA7B3F84,0,['Castelvecchio'],Torre Lamberti,"['Sighseeing', 'Centro Fotografia', 'Museo Conte', 'Casa Giulietta', 'Palazzo della Ragione']",Casa Giulietta,strategy_nearest,True,0.002541065216064453,success
04BD1B429C4C84,3,"['Arena', 'Duomo']",Santa Anastasia,"['AMO', 'Museo Conte', 'Palazzo della Ragione', 'Teatro Romano', 'Centro Fotografia']",Casa Giulietta,strategy_nearest,False,0.002599954605102539,success
04BD24429C4C84,0,"['Arena', 'Castelvecchio']",Museo Lapidario,"['Verona Tour', 'Museo Radio', 'San Fermo', 'Casa Giulietta', 'Tomba Giulietta']",Duomo,strategy_nearest,False,0.002460956573486328,success
04BD20BA7B3F84,2,['Teatro Romano'],Duomo,"['AMO', 'Museo Miniscalchi', 'Santa Anastasia', 'Palazzo della Ragione', 'Museo Conte']",Giardino Giusti,strategy_nearest,False,0.003587007522583008,success
04BD25429C4C84,3,"['Arena', 'San Fermo', 'Casa Giulietta']",Torre Lamberti,"['Sighseeing', 'Centro Fotografia', 'Museo Conte', 'Palazzo della Ragione', 'AMO']",Santa Anastasia,strategy_nearest,False,0.003035306930541992,success
04BD23429C4C84,0,"['Arena', 'Casa Giulietta']",Museo Lapidario,"['Verona Tour', 'Castelvecchio', 'Museo Radio', 'San Fermo', 'Tomba Giulietta']",Castelvecchio,strategy_nearest,True,0.003924131393432617,success
04BD2D3A9C4C80,2,['Duomo'],Castelvecchio,"['Museo Lapidario', 'Verona Tour', 'Arena', 'Museo Radio', 'San Zeno']",Teatro Romano,strategy_nearest,False,0.002540111541748047,success
04BD2A3A9C4C80,1,"['Arena', 'Casa Giulietta', 'Torre Lamberti', 'Palazzo della Ragione', 'Teatro Romano']",Museo Storia,"['San Fermo', 'Museo Radio', 'Centro Fotografia', 'Tomba Giulietta', 'Sighseeing']",Giardino Giusti,strategy_nearest,False,0.0019788742065429688,success
04BD293A9C4C80,1,['Arena'],Duomo,"['AMO', 'Museo Miniscalchi', 'Santa Anastasia', 'Teatro Romano', 'Palazzo della Ragione']",Torre Lamberti,strategy_nearest,False,0.0026061534881591797,success
04BD3A429C4C80,0,['Torre Lamberti'],Arena,"['Verona Tour', 'Museo Lapidario', 'Museo Radio', 'San Fermo', 'Casa Giulietta']",San Fermo,strategy_nearest,True,0.0033659934997558594,success
04BD52429C4C80,2,"['Santa Anastasia', 'Castelvecchio']",San Zeno,"['Verona Tour', 'Museo Lapidario', 'Arena', 'Museo Miniscalchi', 'Sighseeing']",Duomo,strategy_nearest,False,0.002019166946411133,success
04BD43BA7B3F80,3,"['Casa Giulietta', 'Torre Lamberti', 'Santa Anastasia', 'Duomo']",Castelvecchio,"['Museo Lapidario', 'Verona Tour', 'Arena', 'Museo Radio', 'San Zeno']",Teatro Romano,strategy_nearest,False,0.0027730464935302734,success
04BD44429C4C80,2,['San Fermo'],Casa Giulietta,"['Centro Fotografia', 'Sighseeing', 'Torre Lamberti', 'Museo Conte', 'Museo Radio']",Torre Lamberti,strategy_nearest,True,0.0035271644592285156,success
04BD5F429C4C80,0,['Arena'],Museo Lapidario,"['Verona Tour', 'Castelvecchio', 'Museo Radio', 'San Fermo', 'Casa Giulietta']",Teatro Romano,strategy_nearest,False,0.002821207046508789,success
04BD6E429C4C80,3,"['Casa Giulietta', 'Torre Lamberti']",Santa Anastasia,"['AMO', 'Museo Conte', 'Palazzo della Ragione', 'Teatro Romano', 'Centro Fotografia']",Castelvecchio,strategy_nearest,False,0.003246307373046875,success
04BD71429C4C80,2,['Casa Giulietta'],Torre Lamberti,"['Sighseeing', 'Centro Fotografia', 'Museo Conte', 'Palazzo della Ragione', 'AMO']",Santa Anastasia,strategy_nearest,False,0.002438068389892578,success
04BD723A9C4C80,0,['Castelvecchio'],San Zeno,"['Verona Tour', 'Museo Lapidario', 'Arena', 'Museo Miniscalchi', 'Sighseeing']",Arena,strategy_nearest,True,0.003245115280151367,success
04BD763A9C4C80,3,"['Arena', 'San Fermo']",Casa Giulietta,"['Centro Fotografia', 'Sighseeing', 'Torre Lamberti', 'Museo Conte', 'Museo Radio']",Torre Lamberti,strategy_nearest,True,0.0027430057525634766,success
04BD75429C4C80,0,['Arena'],San Fermo,"['Museo Storia', 'Museo Radio', 'Casa Giulietta', 'Centro Fotografia', 'Sighseeing']",Casa Giulietta,strategy_nearest,True,0.0032439231872558594,success
04BD7A3A9C4C80,2,['Casa Giulietta'],Casa Giulietta,"['Centro Fotografia', 'Sighseeing', 'Torre Lamberti', 'Museo Conte', 'Museo Radio']",Santa Anastasia,strategy_nearest,False,0.003041982650756836,success
04BD783A9C4C80,1,"['Castelvecchio', 'Arena', 'Museo Lapidario']",San Fermo,"['Museo Storia', 'Museo Radio', 'Casa Giulietta', 'Centro Fotografia', 'Sighseeing']",Palazzo della Ragione,strategy_nearest,False,0.0024662017822265625,success
04BD84BA7B3F80,2,"['Torre Lamberti', 'Santa Anastasia']",Duomo,"['AMO', 'Museo Miniscalchi', 'Teatro Romano', 'Palazzo della Ragione', 'Museo Conte']",Giardino Giusti,strategy_nearest,False,0.0019779205322265625,success
04BD8ABA7B3F80,3,"['Santa Anastasia', 'Castelvecchio', 'Arena']",Tomba Giulietta,"['San Fermo', 'Museo Storia', 'Museo Lapidario', 'Museo Radio', 'Verona Tour']",Casa Giulietta,strategy_nearest,False,0.002732992172241211,success
04BD8B4A9C4C80,0,['Arena'],Casa Giulietta,"['Centro Fotografia', 'Sighseeing', 'Torre Lamberti', 'Museo Conte', 'Museo Radio']",Castelvecchio,strategy_nearest,False,0.0020647048950195312,success
04BD8E429C4C80,0,['Arena'],Casa Giulietta,"['Centro Fotografia', 'Sighseeing', 'Torre Lamberti', 'Museo Conte', 'Museo Radio']",Castelvecchio,strategy_nearest,False,0.0033168792724609375,success
04BD96429C4C80,3,"['Arena', 'Museo Lapidario']",Torre Lamberti,"['Sighseeing', 'Centro Fotografia', 'Museo Conte', 'Casa Giulietta', 'Palazzo della Ragione']",Santa Anastasia,strategy_nearest,False,0.0019979476928710938,success
04BDA74A9C4C80,0,"['Torre Lamberti', 'Casa Giulietta']",Arena,"['Verona Tour', 'Museo Lapidario', 'Museo Radio', 'San Fermo', 'Sighseeing']",Museo Lapidario,strategy_nearest,True,0.0025339126586914062,success
04BDA04A9C4C80,0,['Santa Anastasia'],Arena,"['Verona Tour', 'Museo Lapidario', 'Museo Radio', 'San Fermo', 'Casa Giulietta']",Castelvecchio,strategy_nearest,False,0.0033681392669677734,success
04BDA7BA7B3F80,2,"['San Fermo', 'Santa Anastasia']",Duomo,"['AMO', 'Museo Miniscalchi', 'Teatro Romano', 'Palazzo della Ragione', 'Museo Conte']",San Zeno,strategy_nearest,False,0.0032927989959716797,success
04BDAA4A9C4C80,3,"['Torre Lamberti', 'Casa Giulietta']",Arena,"['Verona Tour', 'Museo Lapidario', 'Museo Radio', 'San Fermo', 'Sighseeing']",Tomba Giulietta,strategy_nearest,False,0.002371072769165039,success
04BDB3BA7B3F80,1,"['Casa Giulietta', 'Santa Anastasia', 'Teatro Romano']",Duomo,"['AMO', 'Museo Miniscalchi', 'Palazzo della Ragione', 'Museo Conte', 'Torre Lamberti']",Palazzo della Ragione,strategy_nearest,True,0.0017066001892089844,success
04BDAF429C4C80,1,"['Casa Giulietta', 'Torre Lamberti']",Palazzo della Ragione,"['AMO', 'Museo Conte', 'Centro Fotografia', 'Sighseeing', 'Santa Anastasia']",Teatro Romano,strategy_nearest,False,0.0032389163970947266,success
04BDB8429C4C80,0,['Arena'],Casa Giulietta,"['Centro Fotografia', 'Sighseeing', 'Torre Lamberti', 'Museo Conte', 'Museo Radio']",Santa Anastasia,strategy_nearest,False,0.003287076950073242,success
04BDBB3A9C4C80,0,['Arena'],Casa Giulietta,"['Centro Fotografia', 'Sighseeing', 'Torre Lamberti', 'Museo Conte', 'Museo Radio']",Torre Lamberti,strategy_nearest,True,0.003907680511474609,success
04BDBD3A9C4C80,0,['Arena'],Santa Anastasia,"['AMO', 'Museo Conte', 'Palazzo della Ragione', 'Teatro Romano', 'Centro Fotografia']",Casa Giulietta,strategy_nearest,False,0.0025632381439208984,success
04BDC13A9C4C80,3,"['Arena', 'Casa Giulietta']",Torre Lamberti,"['Sighseeing', 'Centro Fotografia', 'Museo Conte', 'Palazzo della Ragione', 'AMO']",Duomo,strategy_nearest,False,0.0031287670135498047,success
04BDC1429C4C80,0,['Arena'],Castelvecchio,"['Museo Lapidario', 'Verona Tour', 'Museo Radio', 'San Zeno', 'Sighseeing']",Casa Giulietta,strategy_nearest,False,0.003020048141479492,success
04BDC93A9C4C80,3,"['Arena', 'Casa Giulietta']",Torre Lamberti,"['Sighseeing', 'Centro Fotografia', 'Museo Conte', 'Palazzo della Ragione', 'AMO']",Duomo,strategy_nearest,False,0.00203704833984375,success
04BDC7429C4C80,3,"['Arena', 'Torre Lamberti', 'Casa Giulietta']",Santa Anastasia,"['AMO', 'Museo Conte', 'Palazzo della Ragione', 'Teatro Romano', 'Centro Fotografia']",Teatro Romano,strategy_nearest,True,0.0035130977630615234,success
04BDCD429C4C80,1,"['Arena', 'Casa Giulietta']",Torre Lamberti,"['Sighseeing', 'Centro Fotografia', 'Museo Conte', 'Palazzo della Ragione', 'AMO']",Palazzo della Ragione,strategy_nearest,True,0.0026702880859375,success
04BDD0429C4C80,1,"['Arena', 'Casa Giulietta', 'Torre Lamberti']",Palazzo della Ragione,"['AMO', 'Museo Conte', 'Centro Fotografia', 'Sighseeing', 'Santa Anastasia']",Castelvecchio,strategy_nearest,False,0.003170013427734375,success
04BDD8429C4C80,3,"['Arena', 'Casa Giulietta']",Santa Anastasia,"['AMO', 'Museo Conte', 'Palazzo della Ragione', 'Teatro Romano', 'Centro Fotografia']",Torre Lamberti,strategy_nearest,False,0.002975940704345703,success
04BDD93A9C4C80,3,"['Arena', 'Casa Giulietta', 'San Fermo']",Torre Lamberti,"['Sighseeing', 'Centro Fotografia', 'Museo Conte', 'Palazzo della Ragione', 'AMO']",Santa Anastasia,strategy_nearest,False,0.0033049583435058594,success
04BDDDBA7B3F80,3,"['San Fermo', 'Arena']",Casa Giulietta,"['Centro Fotografia', 'Sighseeing', 'Torre Lamberti', 'Museo Conte', 'Museo Radio']",Santa Anastasia,strategy_nearest,False,0.0027060508728027344,success
04BDDCBA7B3F80,2,['Santa Anastasia'],Castelvecchio,"['Museo Lapidario', 'Verona Tour', 'Arena', 'Museo Radio', 'San Zeno']",San Fermo,strategy_nearest,False,0.0033206939697265625,success
04BDE83A9C4C80,0,['Arena'],Casa Giulietta,"['Centro Fotografia', 'Sighseeing', 'Torre Lamberti', 'Museo Conte', 'Museo Radio']",Tomba Giulietta,strategy_nearest,False,0.0032498836517333984,success
04BDE9429C4C80,1,"['Casa Giulietta', 'San Fermo', 'Torre Lamberti']",Palazzo della Ragione,"['AMO', 'Museo Conte', 'Centro Fotografia', 'Sighseeing', 'Santa Anastasia']",Museo Lapidario,strategy_nearest,False,0.0030078887939453125,success
04BDF5BA7B3F80,3,"['Museo Storia', 'Santa Anastasia']",Duomo,"['AMO', 'Museo Miniscalchi', 'Teatro Romano', 'Palazzo della Ragione', 'Museo Conte']",Casa Giulietta,strategy_nearest,False,0.003204822540283203,success
04BDF0429C4C80,2,"['Casa Giulietta', 'San Fermo', 'Castelvecchio']",Duomo,"['AMO', 'Museo Miniscalchi', 'Santa Anastasia', 'Teatro Romano', 'Palazzo della Ragione']",Teatro Romano,strategy_nearest,True,0.0025360584259033203,success
04BDED3A9C4C80,3,['Arena'],Casa Giulietta,"['Centro Fotografia', 'Sighseeing', 'Torre Lamberti', 'Museo Conte', 'Museo Radio']",Duomo,strategy_nearest,False,0.0034139156341552734,success
04BDF83A9C4C80,1,['Torre Lamberti'],Palazzo della Ragione,"['AMO', 'Museo Conte', 'Centro Fotografia', 'Sighseeing', 'Santa Anastasia']",Casa Giulietta,strategy_nearest,False,0.0029540061950683594,success
04BE00429C4C84,2,"['Casa Giulietta', 'San Fermo']",Palazzo della Ragione,"['AMO', 'Museo Conte', 'Torre Lamberti', 'Centro Fotografia', 'Sighseeing']",Torre Lamberti,strategy_nearest,True,0.002418994903564453,success
04BDF93A9C4C80,1,['Arena'],Casa Giulietta,"['Centro Fotografia', 'Sighseeing', 'Torre Lamberti', 'Museo Conte', 'Museo Radio']",Torre Lamberti,strategy_nearest,True,0.0017409324645996094,success
04BDFE429C4C80,3,['Arena'],Torre Lamberti,"['Sighseeing', 'Centro Fotografia', 'Museo Conte', 'Casa Giulietta', 'Palazzo della Ragione']",Duomo,strategy_nearest,False,0.0032358169555664062,success
04BE0E429C4C80,0,['Arena'],Casa Giulietta,"['Centro Fotografia', 'Sighseeing', 'Torre Lamberti', 'Museo Conte', 'Museo Radio']",Duomo,strategy_nearest,False,0.002424001693725586,success
04BE15429C4C84,3,"['Arena', 'Casa Giulietta']",Torre Lamberti,"['Sighseeing', 'Centro Fotografia', 'Museo Conte', 'Palazzo della Ragione', 'AMO']",Santa Anastasia,strategy_nearest,False,0.0033431053161621094,success
04BE163A9C4C84,0,['Arena'],Castelvecchio,"['Museo Lapidario', 'Verona Tour', 'Museo Radio', 'San Zeno', 'Sighseeing']",Casa Giulietta,strategy_nearest,False,0.0031769275665283203,success
04BE123A9C4C84,2,['Palazzo della Ragione'],Torre Lamberti,"['Sighseeing', 'Centro Fotografia', 'Museo Conte', 'Casa Giulietta', 'AMO']",Giardino Giusti,strategy_nearest,False,0.0027260780334472656,success
04BE173A9C4C84,0,['Arena'],Casa Giulietta,"['Centro Fotografia', 'Sighseeing', 'Torre Lamberti', 'Museo Conte', 'Museo Radio']",Santa Anastasia,strategy_nearest,False,0.0029900074005126953,success
04BE1ABA7B3F80,3,['Santa Anastasia'],Duomo,"['AMO', 'Museo Miniscalchi', 'Teatro Romano', 'Palazzo della Ragione', 'Museo Conte']",Arena,strategy_nearest,False,0.002416849136352539,success
04BE243A9C4C84,2,['Casa Giulietta'],Santa Anastasia,"['AMO', 'Museo Conte', 'Palazzo della Ragione', 'Teatro Romano', 'Centro Fotografia']",Teatro Romano,strategy_nearest,True,0.002495288848876953,success
04BE293A9C4C80,3,"['Torre Lamberti', 'Casa Giulietta']",Santa Anastasia,"['AMO', 'Museo Conte', 'Palazzo della Ragione', 'Teatro Romano', 'Centro Fotografia']",Duomo,strategy_nearest,False,0.002460956573486328,success
04BE1F3A9C4C84,0,['Arena'],Casa Giulietta,"['Centro Fotografia', 'Sighseeing', 'Torre Lamberti', 'Museo Conte', 'Museo Radio']",Torre Lamberti,strategy_nearest,True,0.004104137420654297,success
04BE2E429C4C80,3,"['Arena', 'Casa Giulietta']",Torre Lamberti,"['Sighseeing', 'Centro Fotografia', 'Museo Conte', 'Palazzo della Ragione', 'AMO']",Santa Anastasia,strategy_nearest,False,0.0034749507904052734,success
04BE2F3A9C4C80,3,"['Arena', 'Torre Lamberti']",Santa Anastasia,"['AMO', 'Museo Conte', 'Palazzo della Ragione', 'Teatro Romano', 'Centro Fotografia']",Duomo,strategy_nearest,False,0.0032851696014404297,success
04BE3A3A9C4C80,2,"['Casa Giulietta', 'Torre Lamberti']",Palazzo della Ragione,"['AMO', 'Museo Conte', 'Centro Fotografia', 'Sighseeing', 'Santa Anastasia']",Santa Anastasia,strategy_nearest,True,0.0032639503479003906,success
04BE2F429C4C80,1,"['Arena', 'Torre Lamberti']",Palazzo della Ragione,"['AMO', 'Museo Conte', 'Centro Fotografia', 'Sighseeing', 'Santa Anastasia']",Castelvecchio,strategy_nearest,False,0.003362894058227539,success
04BE3C3A9C4C80,3,['Arena'],Santa Anastasia,"['AMO', 'Museo Conte', 'Palazzo della Ragione', 'Teatro Romano', 'Centro Fotografia']",Duomo,strategy_nearest,False,0.002935171127319336,success
04BE3D4A9C4C80,2,"['Castelvecchio', 'Palazzo della Ragione']",Santa Anastasia,"['AMO', 'Museo Conte', 'Teatro Romano', 'Centro Fotografia', 'Duomo']",Duomo,strategy_nearest,True,0.0029439926147460938,success
04BE65429C4C80,3,"['Arena', 'San Fermo']",Torre Lamberti,"['Sighseeing', 'Centro Fotografia', 'Museo Conte', 'Casa Giulietta', 'Palazzo della Ragione']",Santa Anastasia,strategy_nearest,False,0.002610921859741211,success
04BE4C429C4C80,0,['Arena'],Casa Giulietta,"['Centro Fotografia', 'Sighseeing', 'Torre Lamberti', 'Museo Conte', 'Museo Radio']",Torre Lamberti,strategy_nearest,True,0.0032711029052734375,success
04BE69429C4C80,0,['Arena'],Torre Lamberti,"['Sighseeing', 'Centro Fotografia', 'Museo Conte', 'Casa Giulietta', 'Palazzo della Ragione']",Castelvecchio,strategy_nearest,False,0.003083944320678711,success
04BE733A9C4C80,2,"['Castelvecchio', 'Casa Giulietta']",Torre Lamberti,"['Sighseeing', 'Centro Fotografia', 'Museo Conte', 'Palazzo della Ragione', 'AMO']",Santa Anastasia,strategy_nearest,False,0.0029380321502685547,success
04BE793A9C4C80,2,"['Santa Anastasia', 'Duomo']",San Fermo,"['Museo Storia', 'Museo Radio', 'Casa Giulietta', 'Centro Fotografia', 'Arena']",San Zeno,strategy_nearest,False,0.002526998519897461,success
04BE75BA7B3F80,2,"['Duomo', 'Teatro Romano']",Castelvecchio,"['Museo Lapidario', 'Verona Tour', 'Arena', 'Museo Radio', 'San Zeno']",San Zeno,strategy_nearest,True,0.003370046615600586,success
04BE7A3A9C4C80,3,['Arena'],Casa Giulietta,"['Centro Fotografia', 'Sighseeing', 'Torre Lamberti', 'Museo Conte', 'Museo Radio']",Santa Anastasia,strategy_nearest,False,0.0031337738037109375,success
04BE82429C4C80,0,['Arena'],Torre Lamberti,"['Sighseeing', 'Centro Fotografia', 'Museo Conte', 'Casa Giulietta', 'Palazzo della Ragione']",Casa Giulietta,strategy_nearest,True,0.003148794174194336,success
04BE844A9C4C80,0,['Arena'],Castelvecchio,"['Museo Lapidario', 'Verona Tour', 'Museo Radio', 'San Zeno', 'Sighseeing']",Casa Giulietta,strategy_nearest,False,0.0023040771484375,success
04BE85BA7B3F80,3,"['Teatro Romano', 'Arena', 'Castelvecchio']",San Fermo,"['Museo Storia', 'Museo Radio', 'Casa Giulietta', 'Centro Fotografia', 'Sighseeing']",Torre Lamberti,strategy_nearest,False,0.003505706787109375,success
04BE86429C4C80,3,['Arena'],Casa Giulietta,"['Centro Fotografia', 'Sighseeing', 'Torre Lamberti', 'Museo Conte', 'Museo Radio']",Torre Lamberti,strategy_nearest,True,0.0019130706787109375,success
04BE863A9C4C80,2,['Casa Giulietta'],Torre Lamberti,"['Sighseeing', 'Centro Fotografia', 'Museo Conte', 'Palazzo della Ragione', 'AMO']",Santa Anastasia,strategy_nearest,False,0.0033719539642333984,success
04BE8B429C4C80,2,"['Casa Giulietta', 'Torre Lamberti']",Santa Anastasia,"['AMO', 'Museo Conte', 'Palazzo della Ragione', 'Teatro Romano', 'Centro Fotografia']",Duomo,strategy_nearest,False,0.003097057342529297,success
04BE8B4A9C4C80,0,['Arena'],Casa Giulietta,"['Centro Fotografia', 'Sighseeing', 'Torre Lamberti', 'Museo Conte', 'Museo Radio']",Torre Lamberti,strategy_nearest,True,0.002958059310913086,success
04BE8F4A9C4C80,0,['Arena'],Casa Giulietta,"['Centro Fotografia', 'Sighseeing', 'Torre Lamberti', 'Museo Conte', 'Museo Radio']",Torre Lamberti,strategy_nearest,True,0.002564668655395508,success
04BE8C3A9C4C80,3,"['Castelvecchio', 'Arena']",San Fermo,"['Museo Storia', 'Museo Radio', 'Casa Giulietta', 'Centro Fotografia', 'Sighseeing']",Teatro Romano,strategy_nearest,False,0.003284931182861328,success
04BE944A9C4C80,0,['Arena'],Casa Giulietta,"['Centro Fotografia', 'Sighseeing', 'Torre Lamberti', 'Museo Conte', 'Museo Radio']",Torre Lamberti,strategy_nearest,True,0.003297090530395508,success
04BE96429C4C80,3,"['Castelvecchio', 'Arena']",San Fermo,"['Museo Storia', 'Museo Radio', 'Casa Giulietta', 'Centro Fotografia', 'Sighseeing']",Casa Giulietta,strategy_nearest,True,0.0032029151916503906,success
04BE9C429C4C80,3,"['Arena', 'Casa Giulietta']",Torre Lamberti,"['Sighseeing', 'Centro Fotografia', 'Museo Conte', 'Palazzo della Ragione', 'AMO']",Santa Anastasia,strategy_nearest,False,0.002315998077392578,success
04BEA1429C4C80,1,['Arena'],Torre Lamberti,"['Sighseeing', 'Centro Fotografia', 'Museo Conte', 'Casa Giulietta', 'Palazzo della Ragione']",Palazzo della Ragione,strategy_nearest,True,0.0037031173706054688,success
04BEAA4A9C4C80,0,"['Arena', 'San Fermo']",Casa Giulietta,"['Centro Fotografia', 'Sighseeing', 'Torre Lamberti', 'Museo Conte', 'Museo Radio']",Castelvecchio,strategy_nearest,False,0.002790212631225586,success
04BEA74A9C4C80,1,"['Arena', 'Torre Lamberti', 'Casa Giulietta']",Palazzo della Ragione,"['AMO', 'Museo Conte', 'Centro Fotografia', 'Sighseeing', 'Santa Anastasia']",Santa Anastasia,strategy_nearest,True,0.003366231918334961,success
04BEAB429C4C80,0,['Arena'],Casa Giulietta,"['Centro Fotografia', 'Sighseeing', 'Torre Lamberti', 'Museo Conte', 'Museo Radio']",Torre Lamberti,strategy_nearest,True,0.003152132034301758,success
04BEAE3A9C4C80,0,['Arena'],Torre Lamberti,"['Sighseeing', 'Centro Fotografia', 'Museo Conte', 'Casa Giulietta', 'Palazzo della Ragione']",Torre Lamberti,strategy_nearest,False,0.0027132034301757812,success
04BEB0429C4C80,0,"['Torre Lamberti', 'Casa Giulietta']",San Fermo,"['Museo Storia', 'Museo Radio', 'Centro Fotografia', 'Arena', 'Sighseeing']",Tomba Giulietta,strategy_nearest,False,0.002682209014892578,success
04BEB9429C4C80,0,"['Torre Lamberti', 'Casa Giulietta']",Tomba Giulietta,"['San Fermo', 'Museo Storia', 'Arena', 'Museo Lapidario', 'Museo Radio']",Arena,strategy_nearest,True,0.0025968551635742188,success
04BEBB3A9C4C80,3,"['Arena', 'Casa Giulietta']",Torre Lamberti,"['Sighseeing', 'Centro Fotografia', 'Museo Conte', 'Palazzo della Ragione', 'AMO']",Santa Anastasia,strategy_nearest,False,0.003428936004638672,success
04BEB7429C4C80,1,"['Arena', 'Casa Giulietta', 'Santa Anastasia']",Torre Lamberti,"['Sighseeing', 'Centro Fotografia', 'Museo Conte', 'Palazzo della Ragione', 'AMO']",Palazzo della Ragione,strategy_nearest,True,0.004099845886230469,success
04BEBE429C4C80,0,['Arena'],Casa Giulietta,"['Centro Fotografia', 'Sighseeing', 'Torre Lamberti', 'Museo Conte', 'Museo Radio']",Duomo,strategy_nearest,False,0.0021009445190429688,success
04BEBD3A9C4C80,0,['Arena'],Casa Giulietta,"['Centro Fotografia', 'Sighseeing', 'Torre Lamberti', 'Museo Conte', 'Museo Radio']",Santa Anastasia,strategy_nearest,False,0.004024028778076172,success
04BEC7429C4C80,0,['Arena'],Casa Giulietta,"['Centro Fotografia', 'Sighseeing', 'Torre Lamberti', 'Museo Conte', 'Museo Radio']",Torre Lamberti,strategy_nearest,True,0.002090930938720703,success
04BEC43A9C4C80,0,['Arena'],Casa Giulietta,"['Centro Fotografia', 'Sighseeing', 'Torre Lamberti', 'Museo Conte', 'Museo Radio']",Torre Lamberti,strategy_nearest,True,0.001611948013305664,success
04BECA429C4C80,0,['Arena'],Castelvecchio,"['Museo Lapidario', 'Verona Tour', 'Museo Radio', 'San Zeno', 'Sighseeing']",Casa Giulietta,strategy_nearest,False,0.003283977508544922,success
04BEC33A9C4C80,0,['Arena'],Casa Giulietta,"['Centro Fotografia', 'Sighseeing', 'Torre Lamberti', 'Museo Conte', 'Museo Radio']",Castelvecchio,strategy_nearest,False,0.002933025360107422,success
04BEDB3A9C4C80,3,"['Castelvecchio', 'Arena']",San Fermo,"['Museo Storia', 'Museo Radio', 'Casa Giulietta', 'Centro Fotografia', 'Sighseeing']",Tomba Giulietta,strategy_nearest,False,0.0041408538818359375,success
04BEE13A9C4C80,2,['Casa Giulietta'],Duomo,"['AMO', 'Museo Miniscalchi', 'Santa Anastasia', 'Teatro Romano', 'Palazzo della Ragione']",Santa Anastasia,strategy_nearest,True,0.0022399425506591797,success
04BEF23A9C4C80,1,['Arena'],Casa Giulietta,"['Centro Fotografia', 'Sighseeing', 'Torre Lamberti', 'Museo Conte', 'Museo Radio']",Torre Lamberti,strategy_nearest,True,0.0032501220703125,success
04BEEC3A9C4C80,1,"['Arena', 'Casa Giulietta']",Torre Lamberti,"['Sighseeing', 'Centro Fotografia', 'Museo Conte', 'Palazzo della Ragione', 'AMO']",Palazzo della Ragione,strategy_nearest,True,0.0016181468963623047,success
04BF093A9C4C84,0,['Arena'],Casa Giulietta,"['Centro Fotografia', 'Sighseeing', 'Torre Lamberti', 'Museo Conte', 'Museo Radio']",Torre Lamberti,strategy_nearest,True,0.001397848129272461,success
04BF043A9C4C84,1,"['Arena', 'Casa Giulietta', 'Torre Lamberti']",Palazzo della Ragione,"['AMO', 'Museo Conte', 'Centro Fotografia', 'Sighseeing', 'Santa Anastasia']",Santa Anastasia,strategy_nearest,True,0.0020592212677001953,success
04BEFD3A9C4C80,3,"['Arena', 'Castelvecchio', 'Torre Lamberti']",Santa Anastasia,"['AMO', 'Museo Conte', 'Palazzo della Ragione', 'Teatro Romano', 'Centro Fotografia']",Duomo,strategy_nearest,False,0.003384828567504883,success
04BEF33A9C4C80,1,['Arena'],Casa Giulietta,"['Centro Fotografia', 'Sighseeing', 'Torre Lamberti', 'Museo Conte', 'Museo Radio']",Torre Lamberti,strategy_nearest,True,0.003407716751098633,success
04BF0F3A9C4C80,1,"['Arena', 'Teatro Romano']",Santa Anastasia,"['AMO', 'Museo Conte', 'Palazzo della Ragione', 'Centro Fotografia', 'Duomo']",Palazzo della Ragione,strategy_nearest,True,0.002733945846557617,success
04BF12429C4C84,2,['Palazzo della Ragione'],Casa Giulietta,"['Centro Fotografia', 'Sighseeing', 'Torre Lamberti', 'Museo Conte', 'Museo Radio']",Giardino Giusti,strategy_nearest,False,0.0027217864990234375,success
04BF143A9C4C84,0,['Arena'],Castelvecchio,"['Museo Lapidario', 'Verona Tour', 'Museo Radio', 'San Zeno', 'Sighseeing']",Teatro Romano,strategy_nearest,False,0.003270864486694336,success
04BF123A9C4C84,3,"['Arena', 'Casa Giulietta']",Torre Lamberti,"['Sighseeing', 'Centro Fotografia', 'Museo Conte', 'Palazzo della Ragione', 'AMO']",Santa Anastasia,strategy_nearest,False,0.002156972885131836,success
04BF1A3A9C4C80,3,"['Arena', 'Casa Giulietta']",Santa Anastasia,"['AMO', 'Museo Conte', 'Palazzo della Ragione', 'Teatro Romano', 'Centro Fotografia']",Duomo,strategy_nearest,False,0.0024080276489257812,success
04BF1D4A9C4C80,2,['Casa Giulietta'],Torre Lamberti,"['Sighseeing', 'Centro Fotografia', 'Museo Conte', 'Palazzo della Ragione', 'AMO']",Teatro Romano,strategy_nearest,False,0.0015168190002441406,success
04BF1E3A9C4C84,2,['Castelvecchio'],Giardino Giusti,"['Santa Anastasia', 'Teatro Romano', 'Museo Conte', 'Centro Fotografia', 'Museo Storia']",Teatro Romano,strategy_nearest,True,0.0030918121337890625,success
04BF213A9C4C84,1,"['Torre Lamberti', 'Palazzo della Ragione']",Santa Anastasia,"['AMO', 'Museo Conte', 'Teatro Romano', 'Centro Fotografia', 'Duomo']",Teatro Romano,strategy_nearest,True,0.002332925796508789,success
04BF213A9C4C80,3,['Arena'],Santa Anastasia,"['AMO', 'Museo Conte', 'Palazzo della Ragione', 'Teatro Romano', 'Centro Fotografia']",Torre Lamberti,strategy_nearest,False,0.003715991973876953,success
04BF224A9C4C80,2,['Casa Giulietta'],Torre Lamberti,"['Sighseeing', 'Centro Fotografia', 'Museo Conte', 'Palazzo della Ragione', 'AMO']",Teatro Romano,strategy_nearest,False,0.0026712417602539062,success
04BF263A9C4C80,0,"['Teatro Romano', 'Torre Lamberti']",Casa Giulietta,"['Centro Fotografia', 'Sighseeing', 'Museo Conte', 'Museo Radio', 'Palazzo della Ragione']",San Zeno,strategy_nearest,False,0.003062009811401367,success
04BF374A9C4C80,1,"['Casa Giulietta', 'Torre Lamberti']",Palazzo della Ragione,"['AMO', 'Museo Conte', 'Centro Fotografia', 'Sighseeing', 'Santa Anastasia']",Arena,strategy_nearest,False,0.002439260482788086,success
04BF26BA7B3F84,3,['Santa Anastasia'],Casa Giulietta,"['Centro Fotografia', 'Sighseeing', 'Torre Lamberti', 'Museo Conte', 'Museo Radio']",Torre Lamberti,strategy_nearest,True,0.003498077392578125,success
04BF3A3A9C4C80,0,"['Arena', 'Museo Lapidario', 'Castelvecchio']",San Zeno,"['Verona Tour', 'Museo Miniscalchi', 'Sighseeing', 'Museo Radio', 'Torre Lamberti']",Teatro Romano,strategy_nearest,False,0.0024042129516601562,success
04BF3B4A9C4C80,3,"['Arena', 'Teatro Romano']",Santa Anastasia,"['AMO', 'Museo Conte', 'Palazzo della Ragione', 'Centro Fotografia', 'Duomo']",Casa Giulietta,strategy_nearest,False,0.0032639503479003906,success
04BF3C4A9C4C80,2,"['Duomo', 'Santa Anastasia', 'San Fermo']",San Zeno,"['Castelvecchio', 'Verona Tour', 'Museo Lapidario', 'Arena', 'Museo Miniscalchi']",Castelvecchio,strategy_nearest,True,0.003368854522705078,success
04BF433A9C4C80,1,"['Torre Lamberti', 'Palazzo della Ragione']",Arena,"['Verona Tour', 'Museo Lapidario', 'Museo Radio', 'San Fermo', 'Casa Giulietta']",Casa Giulietta,strategy_nearest,True,0.002460002899169922,success
04BF3E3A9C4C80,1,"['Arena', 'Museo Lapidario']",Torre Lamberti,"['Sighseeing', 'Centro Fotografia', 'Museo Conte', 'Casa Giulietta', 'Palazzo della Ragione']",Palazzo della Ragione,strategy_nearest,True,0.0031549930572509766,success
04BF52BA7B3F80,3,"['Casa Giulietta', 'Teatro Romano']",Santa Anastasia,"['AMO', 'Museo Conte', 'Palazzo della Ragione', 'Centro Fotografia', 'Duomo']",Arena,strategy_nearest,False,0.0033349990844726562,success
04BF5A429C4C80,2,['Casa Giulietta'],Palazzo della Ragione,"['AMO', 'Museo Conte', 'Torre Lamberti', 'Centro Fotografia', 'Sighseeing']",Torre Lamberti,strategy_nearest,True,0.0027179718017578125,success
04BF5D429C4C80,2,['Santa Anastasia'],Duomo,"['AMO', 'Museo Miniscalchi', 'Teatro Romano', 'Palazzo della Ragione', 'Museo Conte']",Casa Giulietta,strategy_nearest,False,0.0025300979614257812,success
04BF5C429C4C80,0,['Arena'],Casa Giulietta,"['Centro Fotografia', 'Sighseeing', 'Torre Lamberti', 'Museo Conte', 'Museo Radio']",Torre Lamberti,strategy_nearest,True,0.0032341480255126953,success
04BF6F3A9C4C80,2,"['Castelvecchio', 'San Zeno']",Casa Giulietta,"['Centro Fotografia', 'Sighseeing', 'Torre Lamberti', 'Museo Conte', 'Museo Radio']",Santa Anastasia,strategy_nearest,False,0.0019812583923339844,success
04BF673A9C4C80,2,"['Torre Lamberti', 'Palazzo della Ragione', 'Casa Giulietta', 'San Fermo']",Castelvecchio,"['Museo Lapidario', 'Verona Tour', 'Arena', 'Museo Radio', 'San Zeno']",San Zeno,strategy_nearest,True,0.0014109611511230469,success
04BF743A9C4C80,1,"['Arena', 'Torre Lamberti']",Palazzo della Ragione,"['AMO', 'Museo Conte', 'Centro Fotografia', 'Sighseeing', 'Santa Anastasia']",Santa Anastasia,strategy_nearest,True,0.0027260780334472656,success
04BF773A9C4C80,1,"['Arena', 'Casa Giulietta', 'Torre Lamberti', 'Palazzo della Ragione']",Santa Anastasia,"['AMO', 'Museo Conte', 'Teatro Romano', 'Centro Fotografia', 'Duomo']",Duomo,strategy_nearest,True,0.0033249855041503906,success
04BF7C3A9C4C80,0,['Arena'],Torre Lamberti,"['Sighseeing', 'Centro Fotografia', 'Museo Conte', 'Casa Giulietta', 'Palazzo della Ragione']",Casa Giulietta,strategy_nearest,True,0.0025920867919921875,success
04BF7C4A9C4C80,3,"['Arena', 'Castelvecchio']",San Fermo,"['Museo Storia', 'Museo Radio', 'Casa Giulietta', 'Centro Fotografia', 'Sighseeing']",Casa Giulietta,strategy_nearest,True,0.003284931182861328,success
04BF7B4A9C4C80,0,['Arena'],Casa Giulietta,"['Centro Fotografia', 'Sighseeing', 'Torre Lamberti', 'Museo Conte', 'Museo Radio']",Giardino Giusti,strategy_nearest,False,0.0028138160705566406,success
04BF803A9C4C80,0,['Arena'],Museo Lapidario,"['Verona Tour', 'Castelvecchio', 'Museo Radio', 'San Fermo', 'Casa Giulietta']",Santa Anastasia,strategy_nearest,False,0.0033919811248779297,success
04BF873A9C4C80,0,['Arena'],Casa Giulietta,"['Centro Fotografia', 'Sighseeing', 'Torre Lamberti', 'Museo Conte', 'Museo Radio']",Arena,strategy_nearest,False,0.002460002899169922,success
04BF8C4A9C4C80,3,['Arena'],Casa Giulietta,"['Centro Fotografia', 'Sighseeing', 'Torre Lamberti', 'Museo Conte', 'Museo Radio']",Torre Lamberti,strategy_nearest,True,0.0030770301818847656,success
04BF8B4A9C4C80,1,"['Arena', 'Museo Lapidario', 'Casa Giulietta', 'Torre Lamberti']",Palazzo della Ragione,"['AMO', 'Museo Conte', 'Centro Fotografia', 'Sighseeing', 'Santa Anastasia']",Santa Anastasia,strategy_nearest,True,0.003339052200317383,success
04BF86429C4C80,0,['Arena'],Casa Giulietta,"['Centro Fotografia', 'Sighseeing', 'Torre Lamberti', 'Museo Conte', 'Museo Radio']",Santa Anastasia,strategy_nearest,False,0.0026950836181640625,success
04BF924A9C4C80,3,['Arena'],Teatro Romano,"['Santa Anastasia', 'Duomo', 'AMO', 'Palazzo della Ragione', 'Museo Conte']",Duomo,strategy_nearest,True,0.0025560855865478516,success
04BF94429C4C80,0,['Arena'],Casa Giulietta,"['Centro Fotografia', 'Sighseeing', 'Torre Lamberti', 'Museo Conte', 'Museo Radio']",Torre Lamberti,strategy_nearest,True,0.002743959426879883,success
04BF934A9C4C80,2,['San Zeno'],Castelvecchio,"['Museo Lapidario', 'Verona Tour', 'Arena', 'Museo Radio', 'Sighseeing']",Duomo,strategy_nearest,False,0.0020051002502441406,success
04BF954A9C4C80,0,"['Duomo', 'Casa Giulietta']",Arena,"['Verona Tour', 'Museo Lapidario', 'Museo Radio', 'San Fermo', 'Sighseeing']",Castelvecchio,strategy_nearest,False,0.003320932388305664,success
04BFA64A9C4C80,0,['Arena'],Casa Giulietta,"['Centro Fotografia', 'Sighseeing', 'Torre Lamberti', 'Museo Conte', 'Museo Radio']",Castelvecchio,strategy_nearest,False,0.0038383007049560547,success
04BF9B4A9C4C80,3,"['Arena', 'Castelvecchio', 'Duomo']",Teatro Romano,"['Santa Anastasia', 'AMO', 'Palazzo della Ragione', 'Museo Conte', 'Centro Fotografia']",Casa Giulietta,strategy_nearest,False,0.003062009811401367,success
04BFAA4A9C4C80,2,"['Museo Lapidario', 'Torre Lamberti']",Palazzo della Ragione,"['AMO', 'Museo Conte', 'Centro Fotografia', 'Sighseeing', 'Santa Anastasia']",Casa Giulietta,strategy_nearest,False,0.0034568309783935547,success
04BFA54A9C4C80,0,"['Castelvecchio', 'Museo Lapidario']",Casa Giulietta,"['Centro Fotografia', 'Sighseeing', 'Torre Lamberti', 'Museo Conte', 'Museo Radio']",Teatro Romano,strategy_nearest,False,0.003026247024536133,success
04BFAB429C4C80,0,['Arena'],Casa Giulietta,"['Centro Fotografia', 'Sighseeing', 'Torre Lamberti', 'Museo Conte', 'Museo Radio']",Torre Lamberti,strategy_nearest,True,0.0028390884399414062,success
04BFB1429C4C80,3,['Arena'],Casa Giulietta,"['Centro Fotografia', 'Sighseeing', 'Torre Lamberti', 'Museo Conte', 'Museo Radio']",Santa Anastasia,strategy_nearest,False,0.002874135971069336,success
04BFAD429C4C80,0,['Arena'],Casa Giulietta,"['Centro Fotografia', 'Sighseeing', 'Torre Lamberti', 'Museo Conte', 'Museo Radio']",Duomo,strategy_nearest,False,0.0021789073944091797,success
04BFB43A9C4C80,0,['Arena'],Castelvecchio,"['Museo Lapidario', 'Verona Tour', 'Museo Radio', 'San Zeno', 'Sighseeing']",Torre Lamberti,strategy_nearest,False,0.0028650760650634766,success
04BFBB3A9C4C80,0,['Arena'],Casa Giulietta,"['Centro Fotografia', 'Sighseeing', 'Torre Lamberti', 'Museo Conte', 'Museo Radio']",Teatro Romano,strategy_nearest,False,0.0018367767333984375,success
04BFB4429C4C80,1,"['Casa Giulietta', 'Torre Lamberti']",Palazzo della Ragione,"['AMO', 'Museo Conte', 'Centro Fotografia', 'Sighseeing', 'Santa Anastasia']",Teatro Romano,strategy_nearest,False,0.0026328563690185547,success
04BFDA3A9C4C80,0,['Arena'],San Fermo,"['Museo Storia', 'Museo Radio', 'Casa Giulietta', 'Centro Fotografia', 'Sighseeing']",Casa Giulietta,strategy_nearest,True,0.002713918685913086,success
04BFDD429C4C80,2,"['Casa Giulietta', 'San Zeno']",Castelvecchio,"['Museo Lapidario', 'Verona Tour', 'Arena', 'Museo Radio', 'Sighseeing']",Museo Storia,strategy_nearest,False,0.0034346580505371094,success
04BFE1429C4C80,1,"['Torre Lamberti', 'Casa Giulietta', 'Palazzo della Ragione']",Castelvecchio,"['Museo Lapidario', 'Verona Tour', 'Arena', 'Museo Radio', 'San Zeno']",Arena,strategy_nearest,True,0.0025861263275146484,success
04BFE0429C4C80,1,"['Arena', 'Casa Giulietta', 'Torre Lamberti']",Palazzo della Ragione,"['AMO', 'Museo Conte', 'Centro Fotografia', 'Sighseeing', 'Santa Anastasia']",Castelvecchio,strategy_nearest,False,0.0034749507904052734,success
04BFEB3A9C4C80,0,['Arena'],Casa Giulietta,"['Centro Fotografia', 'Sighseeing', 'Torre Lamberti', 'Museo Conte', 'Museo Radio']",Tomba Giulietta,strategy_nearest,False,0.0032472610473632812,success
04BFED3A9C4C80,2,['Tomba Giulietta'],San Zeno,"['Castelvecchio', 'Verona Tour', 'Museo Lapidario', 'Arena', 'Museo Miniscalchi']",Casa Giulietta,strategy_nearest,False,0.002969980239868164,success
04BFF7429C4C80,3,"['San Zeno', 'Arena', 'Casa Giulietta']",Torre Lamberti,"['Sighseeing', 'Centro Fotografia', 'Museo Conte', 'Palazzo della Ragione', 'AMO']",Santa Anastasia,strategy_nearest,False,0.0018181800842285156,success
04C0093A9C4C84,3,['Arena'],Torre Lamberti,"['Sighseeing', 'Centro Fotografia', 'Museo Conte', 'Casa Giulietta', 'Palazzo della Ragione']",Santa Anastasia,strategy_nearest,False,0.0026302337646484375,success
04BFFF3A9C4C80,0,['Arena'],Casa Giulietta,"['Centro Fotografia', 'Sighseeing', 'Torre Lamberti', 'Museo Conte', 'Museo Radio']",Castelvecchio,strategy_nearest,False,0.004071950912475586,success
04BFF13A9C4C80,2,['Tomba Giulietta'],Castelvecchio,"['Museo Lapidario', 'Verona Tour', 'Arena', 'Museo Radio', 'San Zeno']",Torre Lamberti,strategy_nearest,False,0.003284931182861328,success
04C00B3A9C4C84,0,['Arena'],Casa Giulietta,"['Centro Fotografia', 'Sighseeing', 'Torre Lamberti', 'Museo Conte', 'Museo Radio']",Teatro Romano,strategy_nearest,False,0.0026140213012695312,success
04C009429C4C80,3,"['Arena', 'Casa Giulietta']",Torre Lamberti,"['Sighseeing', 'Centro Fotografia', 'Museo Conte', 'Palazzo della Ragione', 'AMO']",Teatro Romano,strategy_nearest,False,0.002496004104614258,success
04C015429C4C80,0,['Arena'],Casa Giulietta,"['Centro Fotografia', 'Sighseeing', 'Torre Lamberti', 'Museo Conte', 'Museo Radio']",Torre Lamberti,strategy_nearest,True,0.0032889842987060547,success
04C0163A9C4C84,3,['Arena'],Casa Giulietta,"['Centro Fotografia', 'Sighseeing', 'Torre Lamberti', 'Museo Conte', 'Museo Radio']",Santa Anastasia,strategy_nearest,False,0.002518892288208008,success
04C019429C4C84,3,['Arena'],Santa Anastasia,"['AMO', 'Museo Conte', 'Palazzo della Ragione', 'Teatro Romano', 'Centro Fotografia']",Teatro Romano,strategy_nearest,True,0.002474069595336914,success
04C01C3A9C4C80,3,"['Arena', 'Santa Anastasia']",Duomo,"['AMO', 'Museo Miniscalchi', 'Teatro Romano', 'Palazzo della Ragione', 'Museo Conte']",Museo Lapidario,strategy_nearest,False,0.0021560192108154297,success
04C01C429C4C84,1,['Santa Anastasia'],Arena,"['Verona Tour', 'Museo Lapidario', 'Museo Radio', 'San Fermo', 'Casa Giulietta']",Casa Giulietta,strategy_nearest,True,0.0027642250061035156,success
04C01F429C4C84,2,['Torre Lamberti'],Santa Anastasia,"['AMO', 'Museo Conte', 'Palazzo della Ragione', 'Teatro Romano', 'Centro Fotografia']",Giardino Giusti,strategy_nearest,False,0.003270864486694336,success
04C0214A9C4C80,3,"['Casa Giulietta', 'San Fermo', 'Arena', 'Santa Anastasia']",Duomo,"['AMO', 'Museo Miniscalchi', 'Teatro Romano', 'Palazzo della Ragione', 'Museo Conte']",Torre Lamberti,strategy_nearest,False,0.002908945083618164,success
04C0243A9C4C80,1,"['San Fermo', 'Casa Giulietta', 'Santa Anastasia']",Duomo,"['AMO', 'Museo Miniscalchi', 'Teatro Romano', 'Palazzo della Ragione', 'Museo Conte']",Palazzo della Ragione,strategy_nearest,True,0.0025451183319091797,success
04C0273A9C4C80,0,['Arena'],Casa Giulietta,"['Centro Fotografia', 'Sighseeing', 'Torre Lamberti', 'Museo Conte', 'Museo Radio']",Torre Lamberti,strategy_nearest,True,0.002137899398803711,success
04C02F3A9C4C80,2,['Torre Lamberti'],Palazzo della Ragione,"['AMO', 'Museo Conte', 'Centro Fotografia', 'Sighseeing', 'Santa Anastasia']",Casa Giulietta,strategy_nearest,False,0.003080129623413086,success
04C024BA7B3F84,2,"['Torre Lamberti', 'Teatro Romano']",Duomo,"['AMO', 'Museo Miniscalchi', 'Santa Anastasia', 'Palazzo della Ragione', 'Museo Conte']",San Zeno,strategy_nearest,False,0.0034067630767822266,success
04C0343A9C4C80,3,"['Casa Giulietta', 'Arena']",Torre Lamberti,"['Sighseeing', 'Centro Fotografia', 'Museo Conte', 'Palazzo della Ragione', 'AMO']",Santa Anastasia,strategy_nearest,False,0.002981901168823242,success
04C03E429C4C80,1,"['Arena', 'Palazzo della Ragione', 'Torre Lamberti']",Casa Giulietta,"['Centro Fotografia', 'Sighseeing', 'Museo Conte', 'Museo Radio', 'San Fermo']",Santa Anastasia,strategy_nearest,False,0.0020058155059814453,success
04C03B4A9C4C80,3,"['Arena', 'Casa Giulietta']",Santa Anastasia,"['AMO', 'Museo Conte', 'Palazzo della Ragione', 'Teatro Romano', 'Centro Fotografia']",Duomo,strategy_nearest,False,0.0027570724487304688,success
04C04D429C4C80,1,['Arena'],Casa Giulietta,"['Centro Fotografia', 'Sighseeing', 'Torre Lamberti', 'Museo Conte', 'Museo Radio']",Torre Lamberti,strategy_nearest,True,0.003281831741333008,success
04C051BA7B3F80,2,['Santa Anastasia'],Castelvecchio,"['Museo Lapidario', 'Verona Tour', 'Arena', 'Museo Radio', 'San Zeno']",San Fermo,strategy_nearest,False,0.0029931068420410156,success
04C05B429C4C80,0,['Arena'],Teatro Romano,"['Santa Anastasia', 'Duomo', 'AMO', 'Palazzo della Ragione', 'Museo Conte']",San Zeno,strategy_nearest,False,0.0026488304138183594,success
04C05E429C4C80,2,['Casa Giulietta'],Torre Lamberti,"['Sighseeing', 'Centro Fotografia', 'Museo Conte', 'Palazzo della Ragione', 'AMO']",Palazzo della Ragione,strategy_nearest,True,0.003339052200317383,success
04C0693A9C4C80,2,['Santa Anastasia'],Castelvecchio,"['Museo Lapidario', 'Verona Tour', 'Arena', 'Museo Radio', 'San Zeno']",Duomo,strategy_nearest,False,0.002933979034423828,success
04C067429C4C80,2,['Santa Anastasia'],Duomo,"['AMO', 'Museo Miniscalchi', 'Teatro Romano', 'Palazzo della Ragione', 'Museo Conte']",Casa Giulietta,strategy_nearest,False,0.003358125686645508,success
04C06E429C4C80,3,"['Casa Giulietta', 'Museo Lapidario']",Arena,"['Verona Tour', 'Museo Radio', 'San Fermo', 'Sighseeing', 'Castelvecchio']",Castelvecchio,strategy_nearest,True,0.002249002456665039,success
04C0713A9C4C80,1,"['Arena', 'Santa Anastasia']",Torre Lamberti,"['Sighseeing', 'Centro Fotografia', 'Museo Conte', 'Casa Giulietta', 'Palazzo della Ragione']",Palazzo della Ragione,strategy_nearest,True,0.0019140243530273438,success
04C0743A9C4C80,3,"['Arena', 'Casa Giulietta']",Torre Lamberti,"['Sighseeing', 'Centro Fotografia', 'Museo Conte', 'Palazzo della Ragione', 'AMO']",Teatro Romano,strategy_nearest,False,0.002681255340576172,success
04C0753A9C4C80,1,"['Casa Giulietta', 'Palazzo della Ragione']",Santa Anastasia,"['AMO', 'Museo Conte', 'Teatro Romano', 'Centro Fotografia', 'Duomo']",Duomo,strategy_nearest,True,0.002935171127319336,success
04C074429C4C80,2,['Castelvecchio'],Casa Giulietta,"['Centro Fotografia', 'Sighseeing', 'Torre Lamberti', 'Museo Conte', 'Museo Radio']",Torre Lamberti,strategy_nearest,True,0.0033731460571289062,success
04C07B4A9C4C80,0,"['Casa Giulietta', 'Arena']",Torre Lamberti,"['Sighseeing', 'Centro Fotografia', 'Museo Conte', 'Palazzo della Ragione', 'AMO']",Tomba Giulietta,strategy_nearest,False,0.0017468929290771484,success
04C0773A9C4C80,0,['Arena'],Casa Giulietta,"['Centro Fotografia', 'Sighseeing', 'Torre Lamberti', 'Museo Conte', 'Museo Radio']",Torre Lamberti,strategy_nearest,True,0.0033550262451171875,success
04C0884A9C4C80,3,['Arena'],Casa Giulietta,"['Centro Fotografia', 'Sighseeing', 'Torre Lamberti', 'Museo Conte', 'Museo Radio']",Torre Lamberti,strategy_nearest,True,0.002939939498901367,success
04C084429C4C80,0,['Arena'],Casa Giulietta,"['Centro Fotografia', 'Sighseeing', 'Torre Lamberti', 'Museo Conte', 'Museo Radio']",Torre Lamberti,strategy_nearest,True,0.002855062484741211,success
04C08A3A9C4C80,0,['Arena'],Casa Giulietta,"['Centro Fotografia', 'Sighseeing', 'Torre Lamberti', 'Museo Conte', 'Museo Radio']",Torre Lamberti,strategy_nearest,True,0.0035400390625,success
04C091429C4C80,3,"['San Fermo', 'Arena', 'Casa Giulietta']",Torre Lamberti,"['Sighseeing', 'Centro Fotografia', 'Museo Conte', 'Palazzo della Ragione', 'AMO']",Santa Anastasia,strategy_nearest,False,0.0028228759765625,success
04C0A0429C4C80,3,"['Arena', 'Casa Giulietta']",Santa Anastasia,"['AMO', 'Museo Conte', 'Palazzo della Ragione', 'Teatro Romano', 'Centro Fotografia']",Teatro Romano,strategy_nearest,True,0.0031499862670898438,success
04C08D4A9C4C80,0,['Arena'],Casa Giulietta,"['Centro Fotografia', 'Sighseeing', 'Torre Lamberti', 'Museo Conte', 'Museo Radio']",Teatro Romano,strategy_nearest,False,0.002759218215942383,success
04C0A74A9C4C80,0,['Arena'],Casa Giulietta,"['Centro Fotografia', 'Sighseeing', 'Torre Lamberti', 'Museo Conte', 'Museo Radio']",Torre Lamberti,strategy_nearest,True,0.00263214111328125,success
04C0A84A9C4C80,3,"['Arena', 'Casa Giulietta']",Torre Lamberti,"['Sighseeing', 'Centro Fotografia', 'Museo Conte', 'Palazzo della Ragione', 'AMO']",Santa Anastasia,strategy_nearest,False,0.002546072006225586,success
04C0AC429C4C80,0,['Arena'],Castelvecchio,"['Museo Lapidario', 'Verona Tour', 'Museo Radio', 'San Zeno', 'Sighseeing']",Casa Giulietta,strategy_nearest,False,0.002526998519897461,success
04C0AB429C4C80,3,"['Arena', 'Torre Lamberti']",Santa Anastasia,"['AMO', 'Museo Conte', 'Palazzo della Ragione', 'Teatro Romano', 'Centro Fotografia']",Duomo,strategy_nearest,False,0.0032958984375,success
04C0B6BA7B3F80,2,['Santa Anastasia'],Castelvecchio,"['Museo Lapidario', 'Verona Tour', 'Arena', 'Museo Radio', 'San Zeno']",San Fermo,strategy_nearest,False,0.002655029296875,success
04C0B33A9C4C80,0,['Arena'],Castelvecchio,"['Museo Lapidario', 'Verona Tour', 'Museo Radio', 'San Zeno', 'Sighseeing']",Torre Lamberti,strategy_nearest,False,0.0032770633697509766,success
04C0B7429C4C80,2,['Castelvecchio'],Casa Giulietta,"['Centro Fotografia', 'Sighseeing', 'Torre Lamberti', 'Museo Conte', 'Museo Radio']",Duomo,strategy_nearest,False,0.002856016159057617,success
04C0BB3A9C4C80,1,"['Arena', 'Palazzo della Ragione', 'Casa Giulietta']",San Fermo,"['Museo Storia', 'Museo Radio', 'Centro Fotografia', 'Sighseeing', 'Torre Lamberti']",Teatro Romano,strategy_nearest,False,0.001940011978149414,success
04C0B83A9C4C80,3,"['Torre Lamberti', 'Arena']",Torre Lamberti,"['Sighseeing', 'Centro Fotografia', 'Museo Conte', 'Casa Giulietta', 'Palazzo della Ragione']",Duomo,strategy_nearest,False,0.0037050247192382812,success
04C0B9429C4C80,1,"['Arena', 'Museo Lapidario']",Torre Lamberti,"['Sighseeing', 'Centro Fotografia', 'Museo Conte', 'Casa Giulietta', 'Palazzo della Ragione']",Palazzo della Ragione,strategy_nearest,True,0.0034019947052001953,success
04C0BC3A9C4C80,0,['San Zeno'],Arena,"['Verona Tour', 'Museo Lapidario', 'Museo Radio', 'San Fermo', 'Casa Giulietta']",Casa Giulietta,strategy_nearest,True,0.0031402111053466797,success
04C0C6429C4C80,3,"['Arena', 'Santa Anastasia']",Duomo,"['AMO', 'Museo Miniscalchi', 'Teatro Romano', 'Palazzo della Ragione', 'Museo Conte']",Teatro Romano,strategy_nearest,True,0.0031440258026123047,success
04C0C23A9C4C80,0,['Arena'],Torre Lamberti,"['Sighseeing', 'Centro Fotografia', 'Museo Conte', 'Casa Giulietta', 'Palazzo della Ragione']",Casa Giulietta,strategy_nearest,True,0.0025911331176757812,success
04C0C73A9C4C80,3,"['San Zeno', 'Castelvecchio', 'Arena']",Torre Lamberti,"['Sighseeing', 'Centro Fotografia', 'Museo Conte', 'Casa Giulietta', 'Palazzo della Ragione']",Casa Giulietta,strategy_nearest,True,0.002557039260864258,success
04C0C7429C4C80,1,"['Arena', 'Torre Lamberti', 'Palazzo della Ragione', 'Casa Giulietta']",San Fermo,"['Museo Storia', 'Museo Radio', 'Centro Fotografia', 'Sighseeing', 'Museo Conte']",Tomba Giulietta,strategy_nearest,False,0.0034360885620117188,success
04C0CA3A9C4C80,3,['Arena'],Casa Giulietta,"['Centro Fotografia', 'Sighseeing', 'Torre Lamberti', 'Museo Conte', 'Museo Radio']",Santa Anastasia,strategy_nearest,False,0.0024497509002685547,success
04C0CB3A9C4C80,3,"['Arena', 'Casa Giulietta', 'Torre Lamberti']",Santa Anastasia,"['AMO', 'Museo Conte', 'Palazzo della Ragione', 'Teatro Romano', 'Centro Fotografia']",Teatro Romano,strategy_nearest,True,0.0026259422302246094,success
04C0D83A9C4C80,2,"['Santa Anastasia', 'Casa Giulietta']",Teatro Romano,"['Duomo', 'AMO', 'Palazzo della Ragione', 'Museo Conte', 'Centro Fotografia']",Duomo,strategy_nearest,True,0.0030579566955566406,success
04C0E1BA7B3F80,2,['Duomo'],Casa Giulietta,"['Centro Fotografia', 'Sighseeing', 'Torre Lamberti', 'Museo Conte', 'Museo Radio']",Teatro Romano,strategy_nearest,False,0.0032830238342285156,success
04C0EB429C4C80,1,"['Casa Giulietta', 'San Fermo', 'Torre Lamberti']",Palazzo della Ragione,"['AMO', 'Museo Conte', 'Centro Fotografia', 'Sighseeing', 'Santa Anastasia']",Museo Lapidario,strategy_nearest,False,0.0027310848236083984,success
04C0ED429C4C80,1,"['Santa Anastasia', 'Castelvecchio', 'San Zeno']",Teatro Romano,"['Duomo', 'AMO', 'Palazzo della Ragione', 'Museo Conte', 'Centro Fotografia']",Duomo,strategy_nearest,True,0.002788066864013672,success
04C10F429C4C84,1,['Arena'],Torre Lamberti,"['Sighseeing', 'Centro Fotografia', 'Museo Conte', 'Casa Giulietta', 'Palazzo della Ragione']",Palazzo della Ragione,strategy_nearest,True,0.003287792205810547,success
04C1143A9C4C84,0,['Arena'],Casa Giulietta,"['Centro Fotografia', 'Sighseeing', 'Torre Lamberti', 'Museo Conte', 'Museo Radio']",Torre Lamberti,strategy_nearest,True,0.0032951831817626953,success
04C1153A9C4C84,0,['Arena'],Torre Lamberti,"['Sighseeing', 'Centro Fotografia', 'Museo Conte', 'Casa Giulietta', 'Palazzo della Ragione']",Casa Giulietta,strategy_nearest,True,0.0041921138763427734,success
04C1173A9C4C84,0,['Arena'],Torre Lamberti,"['Sighseeing', 'Centro Fotografia', 'Museo Conte', 'Casa Giulietta', 'Palazzo della Ragione']",Casa Giulietta,strategy_nearest,True,0.0026407241821289062,success
04C11B3A9C4C84,3,['Arena'],Torre Lamberti,"['Sighseeing', 'Centro Fotografia', 'Museo Conte', 'Casa Giulietta', 'Palazzo della Ragione']",Santa Anastasia,strategy_nearest,False,0.003297090530395508,success
04C11D429C4C84,0,['Arena'],Casa Giulietta,"['Centro Fotografia', 'Sighseeing', 'Torre Lamberti', 'Museo Conte', 'Museo Radio']",Torre Lamberti,strategy_nearest,True,0.0032281875610351562,success
04C11EBA7B3F84,3,"['Duomo', 'Castelvecchio', 'Tomba Giulietta']",Casa Giulietta,"['Centro Fotografia', 'Sighseeing', 'Torre Lamberti', 'Museo Conte', 'Museo Radio']",Torre Lamberti,strategy_nearest,True,0.003259897232055664,success
04C1223A9C4C84,3,['Arena'],Casa Giulietta,"['Centro Fotografia', 'Sighseeing', 'Torre Lamberti', 'Museo Conte', 'Museo Radio']",Santa Anastasia,strategy_nearest,False,0.0024907588958740234,success
04C11F4A9C4C80,2,['Casa Giulietta'],Torre Lamberti,"['Sighseeing', 'Centro Fotografia', 'Museo Conte', 'Palazzo della Ragione', 'AMO']",Teatro Romano,strategy_nearest,False,0.002061128616333008,success
04C123429C4C84,3,"['Arena', 'Casa Giulietta']",Torre Lamberti,"['Sighseeing', 'Centro Fotografia', 'Museo Conte', 'Palazzo della Ragione', 'AMO']",Teatro Romano,strategy_nearest,False,0.0033719539642333984,success
04C125429C4C84,2,['Duomo'],Torre Lamberti,"['Sighseeing', 'Centro Fotografia', 'Museo Conte', 'Casa Giulietta', 'Palazzo della Ragione']",Palazzo della Ragione,strategy_nearest,True,0.0019309520721435547,success
04C1273A9C4C84,3,"['Arena', 'Torre Lamberti']",Duomo,"['AMO', 'Museo Miniscalchi', 'Santa Anastasia', 'Teatro Romano', 'Palazzo della Ragione']",Teatro Romano,strategy_nearest,True,0.002824068069458008,success
04C128429C4C80,3,"['San Zeno', 'Arena', 'Castelvecchio']",Giardino Giusti,"['Santa Anastasia', 'Teatro Romano', 'Museo Conte', 'Centro Fotografia', 'Museo Storia']",Teatro Romano,strategy_nearest,True,0.0032677650451660156,success
04C12E429C4C80,3,"['Arena', 'San Fermo', 'Torre Lamberti']",Santa Anastasia,"['AMO', 'Museo Conte', 'Palazzo della Ragione', 'Teatro Romano', 'Centro Fotografia']",Castelvecchio,strategy_nearest,False,0.0025038719177246094,success
04C12E4A9C4C80,0,['Arena'],Casa Giulietta,"['Centro Fotografia', 'Sighseeing', 'Torre Lamberti', 'Museo Conte', 'Museo Radio']",Teatro Romano,strategy_nearest,False,0.0031249523162841797,success
04C1334A9C4C80,3,"['Arena', 'Casa Giulietta', 'Torre Lamberti']",Museo Storia,"['San Fermo', 'Museo Radio', 'Centro Fotografia', 'Tomba Giulietta', 'Sighseeing']",Duomo,strategy_nearest,False,0.003401041030883789,success
04C1364A9C4C80,3,"['Arena', 'Santa Anastasia', 'San Zeno']",San Zeno,"['Castelvecchio', 'Verona Tour', 'Museo Lapidario', 'Museo Miniscalchi', 'Sighseeing']",Teatro Romano,strategy_nearest,False,0.0027658939361572266,success
04C139429C4C80,2,['Casa Giulietta'],Santa Anastasia,"['AMO', 'Museo Conte', 'Palazzo della Ragione', 'Teatro Romano', 'Centro Fotografia']",Torre Lamberti,strategy_nearest,False,0.0030579566955566406,success
04C142429C4C80,2,['Casa Giulietta'],Santa Anastasia,"['AMO', 'Museo Conte', 'Palazzo della Ragione', 'Teatro Romano', 'Centro Fotografia']",Tomba Giulietta,strategy_nearest,False,0.002869844436645508,success
04C148429C4C80,0,['Arena'],Casa Giulietta,"['Centro Fotografia', 'Sighseeing', 'Torre Lamberti', 'Museo Conte', 'Museo Radio']",Santa Anastasia,strategy_nearest,False,0.0018229484558105469,success
04C1433A9C4C80,3,"['Arena', 'Casa Giulietta']",Castelvecchio,"['Museo Lapidario', 'Verona Tour', 'Museo Radio', 'San Zeno', 'Sighseeing']",Santa Anastasia,strategy_nearest,False,0.002523183822631836,success
04C150429C4C80,0,['Arena'],Casa Giulietta,"['Centro Fotografia', 'Sighseeing', 'Torre Lamberti', 'Museo Conte', 'Museo Radio']",Torre Lamberti,strategy_nearest,True,0.0023889541625976562,success
04C14B429C4C80,3,"['Arena', 'Castelvecchio', 'Torre Lamberti']",Casa Giulietta,"['Centro Fotografia', 'Sighseeing', 'Museo Conte', 'Museo Radio', 'Palazzo della Ragione']",Santa Anastasia,strategy_nearest,False,0.004233837127685547,success
04C164429C4C80,0,['Arena'],Casa Giulietta,"['Centro Fotografia', 'Sighseeing', 'Torre Lamberti', 'Museo Conte', 'Museo Radio']",Castelvecchio,strategy_nearest,False,0.003246784210205078,success
04C16B429C4C80,0,['Arena'],Casa Giulietta,"['Centro Fotografia', 'Sighseeing', 'Torre Lamberti', 'Museo Conte', 'Museo Radio']",Duomo,strategy_nearest,False,0.002580881118774414,success
04C1693A9C4C80,1,"['Casa Giulietta', 'Arena', 'Tomba Giulietta']",Santa Anastasia,"['AMO', 'Museo Conte', 'Palazzo della Ragione', 'Teatro Romano', 'Centro Fotografia']",Duomo,strategy_nearest,False,0.002521038055419922,success
04C16BBA7B3F80,3,"['Arena', 'Museo Lapidario', 'Castelvecchio']",Torre Lamberti,"['Sighseeing', 'Centro Fotografia', 'Museo Conte', 'Casa Giulietta', 'Palazzo della Ragione']",Duomo,strategy_nearest,False,0.0027730464935302734,success
04C1753A9C4C80,3,"['Castelvecchio', 'San Zeno', 'Teatro Romano']",Santa Anastasia,"['AMO', 'Museo Conte', 'Palazzo della Ragione', 'Centro Fotografia', 'Duomo']",Torre Lamberti,strategy_nearest,False,0.003242969512939453,success
04C17A3A9C4C80,2,['Torre Lamberti'],Santa Anastasia,"['AMO', 'Museo Conte', 'Palazzo della Ragione', 'Teatro Romano', 'Centro Fotografia']",Duomo,strategy_nearest,False,0.0027239322662353516,success
04C183429C4C80,3,"['Arena', 'Castelvecchio', 'Museo Lapidario']",Casa Giulietta,"['Centro Fotografia', 'Sighseeing', 'Torre Lamberti', 'Museo Conte', 'Museo Radio']",Santa Anastasia,strategy_nearest,False,0.003155946731567383,success
04C1783A9C4C80,0,['Casa Giulietta'],Torre Lamberti,"['Sighseeing', 'Centro Fotografia', 'Museo Conte', 'Palazzo della Ragione', 'AMO']",Arena,strategy_nearest,False,0.0034639835357666016,success
04C1864A9C4C80,0,['Arena'],Casa Giulietta,"['Centro Fotografia', 'Sighseeing', 'Torre Lamberti', 'Museo Conte', 'Museo Radio']",Torre Lamberti,strategy_nearest,True,0.0033750534057617188,success
04C18E4A9C4C80,0,['Arena'],Castelvecchio,"['Museo Lapidario', 'Verona Tour', 'Museo Radio', 'San Zeno', 'Sighseeing']",Torre Lamberti,strategy_nearest,False,0.0026781558990478516,success
04C18D3A9C4C80,0,['Teatro Romano'],Torre Lamberti,"['Sighseeing', 'Centro Fotografia', 'Museo Conte', 'Casa Giulietta', 'Palazzo della Ragione']",Arena,strategy_nearest,False,0.0031948089599609375,success
04C1924A9C4C80,3,['Arena'],Casa Giulietta,"['Centro Fotografia', 'Sighseeing', 'Torre Lamberti', 'Museo Conte', 'Museo Radio']",Santa Anastasia,strategy_nearest,False,0.003133058547973633,success
04C1A5429C4C80,3,"['Arena', 'San Zeno']",Duomo,"['AMO', 'Museo Miniscalchi', 'Santa Anastasia', 'Teatro Romano', 'Palazzo della Ragione']",Casa Giulietta,strategy_nearest,False,0.003592967987060547,success
04C1AC429C4C80,1,['Arena'],Palazzo della Ragione,"['AMO', 'Museo Conte', 'Torre Lamberti', 'Centro Fotografia', 'Sighseeing']",Santa Anastasia,strategy_nearest,False,0.002070903778076172,success
04C1AC3A9C4C80,0,['Arena'],San Fermo,"['Museo Storia', 'Museo Radio', 'Casa Giulietta', 'Centro Fotografia', 'Sighseeing']",Casa Giulietta,strategy_nearest,True,0.003376007080078125,success
04C1B73A9C4C80,3,"['Torre Lamberti', 'Santa Anastasia']",Arena,"['Verona Tour', 'Museo Lapidario', 'Museo Radio', 'San Fermo', 'Casa Giulietta']",Tomba Giulietta,strategy_nearest,False,0.0032770633697509766,success
04C1C13A9C4C80,3,['Arena'],Santa Anastasia,"['AMO', 'Museo Conte', 'Palazzo della Ragione', 'Teatro Romano', 'Centro Fotografia']",Duomo,strategy_nearest,False,0.0032320022583007812,success
04C1BB3A9C4C80,0,['Arena'],Casa Giulietta,"['Centro Fotografia', 'Sighseeing', 'Torre Lamberti', 'Museo Conte', 'Museo Radio']",Duomo,strategy_nearest,False,0.0021338462829589844,success
04C1BE3A9C4C80,0,['Arena'],Casa Giulietta,"['Centro Fotografia', 'Sighseeing', 'Torre Lamberti', 'Museo Conte', 'Museo Radio']",Castelvecchio,strategy_nearest,False,0.003332853317260742,success
04C1BA3A9C4C80,0,['Arena'],Casa Giulietta,"['Centro Fotografia', 'Sighseeing', 'Torre Lamberti', 'Museo Conte', 'Museo Radio']",Duomo,strategy_nearest,False,0.0034558773040771484,success
04C1C8429C4C80,3,"['Torre Lamberti', 'Casa Giulietta']",Santa Anastasia,"['AMO', 'Museo Conte', 'Palazzo della Ragione', 'Teatro Romano', 'Centro Fotografia']",Duomo,strategy_nearest,False,0.0022428035736083984,success
04C1CABA7B3F80,1,"['Duomo', 'Santa Anastasia', 'Tomba Giulietta', 'San Fermo']",Casa Giulietta,"['Centro Fotografia', 'Sighseeing', 'Torre Lamberti', 'Museo Conte', 'Museo Radio']",Palazzo della Ragione,strategy_nearest,False,0.0015590190887451172,success
04C1CA429C4C80,0,"['Castelvecchio', 'Arena']",San Fermo,"['Museo Storia', 'Museo Radio', 'Casa Giulietta', 'Centro Fotografia', 'Sighseeing']",Casa Giulietta,strategy_nearest,True,0.00345611572265625,success
04C1CC3A9C4C80,1,"['Arena', 'Casa Giulietta']",Palazzo della Ragione,"['AMO', 'Museo Conte', 'Torre Lamberti', 'Centro Fotografia', 'Sighseeing']",Torre Lamberti,strategy_nearest,True,0.0026209354400634766,success
04C1DA3A9C4C80,3,"['Arena', 'Casa Giulietta', 'Santa Anastasia']",Duomo,"['AMO', 'Museo Miniscalchi', 'Teatro Romano', 'Palazzo della Ragione', 'Museo Conte']",San Fermo,strategy_nearest,False,0.0015270709991455078,success
04C1E8429C4C80,3,"['Castelvecchio', 'Arena', 'Casa Giulietta']",Tomba Giulietta,"['San Fermo', 'Museo Storia', 'Museo Lapidario', 'Museo Radio', 'Verona Tour']",San Fermo,strategy_nearest,True,0.0026569366455078125,success
04C1E33A9C4C80,3,"['Arena', 'Teatro Romano']",Santa Anastasia,"['AMO', 'Museo Conte', 'Palazzo della Ragione', 'Centro Fotografia', 'Duomo']",Casa Giulietta,strategy_nearest,False,0.002101898193359375,success
04C1CD3A9C4C80,1,['Arena'],Torre Lamberti,"['Sighseeing', 'Centro Fotografia', 'Museo Conte', 'Casa Giulietta', 'Palazzo della Ragione']",Palazzo della Ragione,strategy_nearest,True,0.003972291946411133,success
04C1EF3A9C4C80,1,['Arena'],Torre Lamberti,"['Sighseeing', 'Centro Fotografia', 'Museo Conte', 'Casa Giulietta', 'Palazzo della Ragione']",Palazzo della Ragione,strategy_nearest,True,0.002543926239013672,success
04C263429C4C80,0,['Arena'],Casa Giulietta,"['Centro Fotografia', 'Sighseeing', 'Torre Lamberti', 'Museo Conte', 'Museo Radio']",Teatro Romano,strategy_nearest,False,0.002602815628051758,success
04C260429C4C80,2,"['Casa Giulietta', 'San Fermo']",Torre Lamberti,"['Sighseeing', 'Centro Fotografia', 'Museo Conte', 'Palazzo della Ragione', 'AMO']",Santa Anastasia,strategy_nearest,False,0.0021560192108154297,success
04C23E3A9C4C80,2,"['Castelvecchio', 'Torre Lamberti']",Casa Giulietta,"['Centro Fotografia', 'Sighseeing', 'Museo Conte', 'Museo Radio', 'Palazzo della Ragione']",Santa Anastasia,strategy_nearest,False,0.0034329891204833984,success
04C2C8429C4C80,3,"['Castelvecchio', 'Arena']",Duomo,"['AMO', 'Museo Miniscalchi', 'Santa Anastasia', 'Teatro Romano', 'Palazzo della Ragione']",Santa Anastasia,strategy_nearest,True,0.002603769302368164,success
04C283429C4C80,0,['Arena'],Castelvecchio,"['Museo Lapidario', 'Verona Tour', 'Museo Radio', 'San Zeno', 'Sighseeing']",San Zeno,strategy_nearest,True,0.0027799606323242188,success
04C2A5429C4C80,0,['Castelvecchio'],Arena,"['Verona Tour', 'Museo Lapidario', 'Museo Radio', 'San Fermo', 'Casa Giulietta']",Casa Giulietta,strategy_nearest,True,0.002747058868408203,success
04C2A7429C4C80,0,['Arena'],Museo Lapidario,"['Verona Tour', 'Castelvecchio', 'Museo Radio', 'San Fermo', 'Casa Giulietta']",Castelvecchio,strategy_nearest,True,0.0034332275390625,success
04C312429C4C84,3,"['Arena', 'Casa Giulietta']",Torre Lamberti,"['Sighseeing', 'Centro Fotografia', 'Museo Conte', 'Palazzo della Ragione', 'AMO']",Santa Anastasia,strategy_nearest,False,0.0033881664276123047,success
04C31D3A9C4C80,3,['Castelvecchio'],Arena,"['Verona Tour', 'Museo Lapidario', 'Museo Radio', 'San Fermo', 'Casa Giulietta']",Torre Lamberti,strategy_nearest,False,0.003225088119506836,success
04C31B429C4C84,0,['Arena'],Casa Giulietta,"['Centro Fotografia', 'Sighseeing', 'Torre Lamberti', 'Museo Conte', 'Museo Radio']",Giardino Giusti,strategy_nearest,False,0.002178192138671875,success
04C31C3A9C4C80,3,"['Castelvecchio', 'Museo Lapidario', 'Arena']",Torre Lamberti,"['Sighseeing', 'Centro Fotografia', 'Museo Conte', 'Casa Giulietta', 'Palazzo della Ragione']",Santa Anastasia,strategy_nearest,False,0.0021080970764160156,success
04C3263A9C4C80,3,"['Arena', 'Casa Giulietta', 'Teatro Romano']",Torre Lamberti,"['Sighseeing', 'Centro Fotografia', 'Museo Conte', 'Palazzo della Ragione', 'AMO']",Castelvecchio,strategy_nearest,False,0.001965045928955078,success
04C3263A9C4C84,0,['San Zeno'],Arena,"['Verona Tour', 'Museo Lapidario', 'Museo Radio', 'San Fermo', 'Casa Giulietta']",Casa Giulietta,strategy_nearest,True,0.0026400089263916016,success
04C31D429C4C84,3,"['Castelvecchio', 'Tomba Giulietta', 'San Fermo']",Casa Giulietta,"['Centro Fotografia', 'Sighseeing', 'Torre Lamberti', 'Museo Conte', 'Museo Radio']",Arena,strategy_nearest,False,0.0014350414276123047,success
04C328429C4C84,3,"['Arena', 'Torre Lamberti']",Casa Giulietta,"['Centro Fotografia', 'Sighseeing', 'Museo Conte', 'Museo Radio', 'Palazzo della Ragione']",Santa Anastasia,strategy_nearest,False,0.003170013427734375,success
04C32D3A9C4C80,2,['Duomo'],Palazzo della Ragione,"['AMO', 'Museo Conte', 'Torre Lamberti', 'Centro Fotografia', 'Sighseeing']",Castelvecchio,strategy_nearest,False,0.0023691654205322266,success
04C3294A9C4C80,3,"['Giardino Giusti', 'Teatro Romano', 'Duomo', 'San Fermo']",Casa Giulietta,"['Centro Fotografia', 'Sighseeing', 'Torre Lamberti', 'Museo Conte', 'Museo Radio']",Torre Lamberti,strategy_nearest,True,0.002652883529663086,success
04C34D429C4C80,0,['Arena'],Castelvecchio,"['Museo Lapidario', 'Verona Tour', 'Museo Radio', 'San Zeno', 'Sighseeing']",Casa Giulietta,strategy_nearest,False,0.0025849342346191406,success
04C3384A9C4C80,0,['Casa Giulietta'],Tomba Giulietta,"['San Fermo', 'Museo Storia', 'Arena', 'Museo Lapidario', 'Museo Radio']",Castelvecchio,strategy_nearest,False,0.0040628910064697266,success
04C3503A9C4C80,0,['Duomo'],Torre Lamberti,"['Sighseeing', 'Centro Fotografia', 'Museo Conte', 'Casa Giulietta', 'Palazzo della Ragione']",Arena,strategy_nearest,False,0.0026941299438476562,success
04C3583A9C4C80,3,"['Torre Lamberti', 'Casa Giulietta', 'Santa Anastasia']",Arena,"['Verona Tour', 'Museo Lapidario', 'Museo Radio', 'San Fermo', 'Sighseeing']",Castelvecchio,strategy_nearest,False,0.0026531219482421875,success
04C352429C4C80,0,['Arena'],Castelvecchio,"['Museo Lapidario', 'Verona Tour', 'Museo Radio', 'San Zeno', 'Sighseeing']",Casa Giulietta,strategy_nearest,False,0.004647254943847656,success
04C35A3A9C4C80,3,"['Arena', 'San Zeno', 'Castelvecchio']",Teatro Romano,"['Santa Anastasia', 'Duomo', 'AMO', 'Palazzo della Ragione', 'Museo Conte']",Duomo,strategy_nearest,True,0.0023241043090820312,success
04C36C429C4C80,3,"['Arena', 'San Zeno']",Torre Lamberti,"['Sighseeing', 'Centro Fotografia', 'Museo Conte', 'Casa Giulietta', 'Palazzo della Ragione']",Santa Anastasia,strategy_nearest,False,0.0027320384979248047,success
04C37A4A9C4C80,3,['Arena'],Torre Lamberti,"['Sighseeing', 'Centro Fotografia', 'Museo Conte', 'Casa Giulietta', 'Palazzo della Ragione']",Santa Anastasia,strategy_nearest,False,0.003217935562133789,success
04C362429C4C80,3,"['Tomba Giulietta', 'Arena', 'Casa Giulietta']",Torre Lamberti,"['Sighseeing', 'Centro Fotografia', 'Museo Conte', 'Palazzo della Ragione', 'AMO']",Santa Anastasia,strategy_nearest,False,0.002785205841064453,success
04C36D3A9C4C80,2,['Casa Giulietta'],Torre Lamberti,"['Sighseeing', 'Centro Fotografia', 'Museo Conte', 'Palazzo della Ragione', 'AMO']",Santa Anastasia,strategy_nearest,False,0.002727031707763672,success
04C37B429C4C80,1,"['Arena', 'Casa Giulietta']",Torre Lamberti,"['Sighseeing', 'Centro Fotografia', 'Museo Conte', 'Palazzo della Ragione', 'AMO']",Palazzo della Ragione,strategy_nearest,True,0.0022759437561035156,success
04C37F429C4C80,0,['Arena'],Santa Anastasia,"['AMO', 'Museo Conte', 'Palazzo della Ragione', 'Teatro Romano', 'Centro Fotografia']",Casa Giulietta,strategy_nearest,False,0.0021500587463378906,success
04C387429C4C80,0,['Arena'],Casa Giulietta,"['Centro Fotografia', 'Sighseeing', 'Torre Lamberti', 'Museo Conte', 'Museo Radio']",Torre Lamberti,strategy_nearest,True,0.0026907920837402344,success
04C37E4A9C4C80,0,['Arena'],Casa Giulietta,"['Centro Fotografia', 'Sighseeing', 'Torre Lamberti', 'Museo Conte', 'Museo Radio']",Torre Lamberti,strategy_nearest,True,0.0033981800079345703,success
04C38C3A9C4C80,3,['Arena'],Casa Giulietta,"['Centro Fotografia', 'Sighseeing', 'Torre Lamberti', 'Museo Conte', 'Museo Radio']",Torre Lamberti,strategy_nearest,True,0.003236055374145508,success
04C3A44A9C4C80,0,['Arena'],Casa Giulietta,"['Centro Fotografia', 'Sighseeing', 'Torre Lamberti', 'Museo Conte', 'Museo Radio']",Torre Lamberti,strategy_nearest,True,0.0020079612731933594,success
04C399429C4C80,1,"['Arena', 'Casa Giulietta']",Torre Lamberti,"['Sighseeing', 'Centro Fotografia', 'Museo Conte', 'Palazzo della Ragione', 'AMO']",Palazzo della Ragione,strategy_nearest,True,0.003361940383911133,success
04C38D429C4C80,3,['Arena'],Casa Giulietta,"['Centro Fotografia', 'Sighseeing', 'Torre Lamberti', 'Museo Conte', 'Museo Radio']",Santa Anastasia,strategy_nearest,False,0.002763032913208008,success
04C3AB4A9C4C80,2,"['Castelvecchio', 'Casa Giulietta']",Torre Lamberti,"['Sighseeing', 'Centro Fotografia', 'Museo Conte', 'Palazzo della Ragione', 'AMO']",Santa Anastasia,strategy_nearest,False,0.002034902572631836,success
04C3A53A9C4C80,0,['Arena'],Castelvecchio,"['Museo Lapidario', 'Verona Tour', 'Museo Radio', 'San Zeno', 'Sighseeing']",San Zeno,strategy_nearest,True,0.002597808837890625,success
04C3AC3A9C4C80,0,['Arena'],Casa Giulietta,"['Centro Fotografia', 'Sighseeing', 'Torre Lamberti', 'Museo Conte', 'Museo Radio']",Santa Anastasia,strategy_nearest,False,0.0033159255981445312,success
04C3A54A9C4C80,1,"['San Fermo', 'Arena', 'Casa Giulietta']",Torre Lamberti,"['Sighseeing', 'Centro Fotografia', 'Museo Conte', 'Palazzo della Ragione', 'AMO']",Palazzo della Ragione,strategy_nearest,True,0.0039980411529541016,success
04C3B8429C4C80,0,['Arena'],Casa Giulietta,"['Centro Fotografia', 'Sighseeing', 'Torre Lamberti', 'Museo Conte', 'Museo Radio']",Castelvecchio,strategy_nearest,False,0.0027909278869628906,success
04C3BB3A9C4C80,0,['Arena'],Duomo,"['AMO', 'Museo Miniscalchi', 'Santa Anastasia', 'Teatro Romano', 'Palazzo della Ragione']",Castelvecchio,strategy_nearest,False,0.0027620792388916016,success
04C3C0429C4C80,0,['Arena'],Castelvecchio,"['Museo Lapidario', 'Verona Tour', 'Museo Radio', 'San Zeno', 'Sighseeing']",Casa Giulietta,strategy_nearest,False,0.0033409595489501953,success
04C3C8429C4C80,3,"['San Zeno', 'Arena', 'Castelvecchio']",Torre Lamberti,"['Sighseeing', 'Centro Fotografia', 'Museo Conte', 'Casa Giulietta', 'Palazzo della Ragione']",Casa Giulietta,strategy_nearest,True,0.00263214111328125,success
04C3CF429C4C80,2,['Casa Giulietta'],Santa Anastasia,"['AMO', 'Museo Conte', 'Palazzo della Ragione', 'Teatro Romano', 'Centro Fotografia']",Duomo,strategy_nearest,False,0.0019359588623046875,success
04C3E33A9C4C80,3,"['Arena', 'Torre Lamberti']",Santa Anastasia,"['AMO', 'Museo Conte', 'Palazzo della Ragione', 'Teatro Romano', 'Centro Fotografia']",Teatro Romano,strategy_nearest,True,0.002196073532104492,success
04C3E43A9C4C80,3,"['Teatro Romano', 'Santa Anastasia']",Duomo,"['AMO', 'Museo Miniscalchi', 'Palazzo della Ragione', 'Museo Conte', 'Torre Lamberti']",Arena,strategy_nearest,False,0.0027141571044921875,success
04C3F0429C4C80,2,"['Casa Giulietta', 'San Zeno']",Castelvecchio,"['Museo Lapidario', 'Verona Tour', 'Arena', 'Museo Radio', 'Sighseeing']",Giardino Giusti,strategy_nearest,False,0.0032529830932617188,success
04C3F13A9C4C80,0,['Arena'],Castelvecchio,"['Museo Lapidario', 'Verona Tour', 'Museo Radio', 'San Zeno', 'Sighseeing']",Casa Giulietta,strategy_nearest,False,0.0033349990844726562,success
04C3F93A9C4C80,0,['Arena'],Castelvecchio,"['Museo Lapidario', 'Verona Tour', 'Museo Radio', 'San Zeno', 'Sighseeing']",Casa Giulietta,strategy_nearest,False,0.0014138221740722656,success
04C3F53A9C4C80,0,['Arena'],Casa Giulietta,"['Centro Fotografia', 'Sighseeing', 'Torre Lamberti', 'Museo Conte', 'Museo Radio']",Santa Anastasia,strategy_nearest,False,0.0027337074279785156,success
04C3F33A9C4C80,0,['Arena'],Casa Giulietta,"['Centro Fotografia', 'Sighseeing', 'Torre Lamberti', 'Museo Conte', 'Museo Radio']",Santa Anastasia,strategy_nearest,False,0.0034232139587402344,success
04C3FA3A9C4C80,0,"['Arena', 'Museo Lapidario']",Castelvecchio,"['Verona Tour', 'Museo Radio', 'San Zeno', 'Sighseeing', 'Museo Miniscalchi']",Casa Giulietta,strategy_nearest,False,0.002887248992919922,success
04C4033A9C4C84,0,['Arena'],Torre Lamberti,"['Sighseeing', 'Centro Fotografia', 'Museo Conte', 'Casa Giulietta', 'Palazzo della Ragione']",Castelvecchio,strategy_nearest,False,0.003236055374145508,success
04C3FC3A9C4C80,0,['Arena'],Casa Giulietta,"['Centro Fotografia', 'Sighseeing', 'Torre Lamberti', 'Museo Conte', 'Museo Radio']",Castelvecchio,strategy_nearest,False,0.0025310516357421875,success
04C4103A9C4C84,1,"['Arena', 'Casa Giulietta', 'Palazzo della Ragione']",Torre Lamberti,"['Sighseeing', 'Centro Fotografia', 'Museo Conte', 'AMO', 'Museo Miniscalchi']",Torre Lamberti,strategy_nearest,False,0.0037169456481933594,success
04C4123A9C4C84,3,"['Arena', 'Casa Giulietta']",Torre Lamberti,"['Sighseeing', 'Centro Fotografia', 'Museo Conte', 'Palazzo della Ragione', 'AMO']",Santa Anastasia,strategy_nearest,False,0.00263214111328125,success
04C4173A9C4C84,0,['Arena'],Casa Giulietta,"['Centro Fotografia', 'Sighseeing', 'Torre Lamberti', 'Museo Conte', 'Museo Radio']",Santa Anastasia,strategy_nearest,False,0.0027980804443359375,success
04C41A429C4C84,0,['Arena'],Casa Giulietta,"['Centro Fotografia', 'Sighseeing', 'Torre Lamberti', 'Museo Conte', 'Museo Radio']",Duomo,strategy_nearest,False,0.003426074981689453,success
04C41D429C4C80,2,"['Casa Giulietta', 'Torre Lamberti']",Teatro Romano,"['Santa Anastasia', 'Duomo', 'AMO', 'Palazzo della Ragione', 'Museo Conte']",Duomo,strategy_nearest,True,0.0030710697174072266,success
04C4263A9C4C80,3,['Santa Anastasia'],Teatro Romano,"['Duomo', 'AMO', 'Palazzo della Ragione', 'Museo Conte', 'Centro Fotografia']",Arena,strategy_nearest,False,0.002076864242553711,success
04C4243A9C4C80,3,['Arena'],Casa Giulietta,"['Centro Fotografia', 'Sighseeing', 'Torre Lamberti', 'Museo Conte', 'Museo Radio']",Santa Anastasia,strategy_nearest,False,0.004061222076416016,success
04C4253A9C4C84,3,['Arena'],Torre Lamberti,"['Sighseeing', 'Centro Fotografia', 'Museo Conte', 'Casa Giulietta', 'Palazzo della Ragione']",Santa Anastasia,strategy_nearest,False,0.002003908157348633,success
04C4283A9C4C80,3,"['Arena', 'Casa Giulietta']",Santa Anastasia,"['AMO', 'Museo Conte', 'Palazzo della Ragione', 'Teatro Romano', 'Centro Fotografia']",Duomo,strategy_nearest,False,0.003313302993774414,success
04C4324A9C4C80,1,"['Castelvecchio', 'Teatro Romano', 'Santa Anastasia', 'Duomo', 'Torre Lamberti']",Palazzo della Ragione,"['AMO', 'Museo Conte', 'Centro Fotografia', 'Sighseeing', 'Museo Miniscalchi']",Casa Giulietta,strategy_nearest,False,0.0027780532836914062,success
04C435429C4C80,1,['Castelvecchio'],Palazzo della Ragione,"['AMO', 'Museo Conte', 'Torre Lamberti', 'Centro Fotografia', 'Sighseeing']",Casa Giulietta,strategy_nearest,False,0.002093076705932617,success
04C434429C4C80,3,"['Tomba Giulietta', 'Arena', 'Casa Giulietta']",Torre Lamberti,"['Sighseeing', 'Centro Fotografia', 'Museo Conte', 'Palazzo della Ragione', 'AMO']",Santa Anastasia,strategy_nearest,False,0.003396272659301758,success
04C4363A9C4C80,3,['Santa Anastasia'],Arena,"['Verona Tour', 'Museo Lapidario', 'Museo Radio', 'San Fermo', 'Casa Giulietta']",Torre Lamberti,strategy_nearest,False,0.003297090530395508,success
04C455429C4C80,0,['Arena'],Casa Giulietta,"['Centro Fotografia', 'Sighseeing', 'Torre Lamberti', 'Museo Conte', 'Museo Radio']",Castelvecchio,strategy_nearest,False,0.0031669139862060547,success
04C45E429C4C80,0,"['Arena', 'Castelvecchio']",San Fermo,"['Museo Storia', 'Museo Radio', 'Casa Giulietta', 'Centro Fotografia', 'Sighseeing']",Giardino Giusti,strategy_nearest,False,0.0027761459350585938,success
04C461429C4C80,1,"['Arena', 'Casa Giulietta']",Palazzo della Ragione,"['AMO', 'Museo Conte', 'Torre Lamberti', 'Centro Fotografia', 'Sighseeing']",Santa Anastasia,strategy_nearest,False,0.0028078556060791016,success
04C470429C4C80,0,['Arena'],Casa Giulietta,"['Centro Fotografia', 'Sighseeing', 'Torre Lamberti', 'Museo Conte', 'Museo Radio']",Torre Lamberti,strategy_nearest,True,0.003351926803588867,success
04C4733A9C4C80,0,"['Castelvecchio', 'Arena']",Casa Giulietta,"['Centro Fotografia', 'Sighseeing', 'Torre Lamberti', 'Museo Conte', 'Museo Radio']",Torre Lamberti,strategy_nearest,True,0.0031502246856689453,success
04C47B429C4C80,0,['Arena'],Casa Giulietta,"['Centro Fotografia', 'Sighseeing', 'Torre Lamberti', 'Museo Conte', 'Museo Radio']",Torre Lamberti,strategy_nearest,True,0.003064870834350586,success
04C4783A9C4C80,0,"['Arena', 'Torre Lamberti']",Casa Giulietta,"['Centro Fotografia', 'Sighseeing', 'Museo Conte', 'Museo Radio', 'Palazzo della Ragione']",Castelvecchio,strategy_nearest,False,0.003125905990600586,success
04C474429C4C80,2,"['Santa Anastasia', 'Torre Lamberti']",Casa Giulietta,"['Centro Fotografia', 'Sighseeing', 'Museo Conte', 'Museo Radio', 'Palazzo della Ragione']",Giardino Giusti,strategy_nearest,False,0.0031669139862060547,success
04C480429C4C80,3,"['Arena', 'Casa Giulietta']",Santa Anastasia,"['AMO', 'Museo Conte', 'Palazzo della Ragione', 'Teatro Romano', 'Centro Fotografia']",Duomo,strategy_nearest,False,0.002691030502319336,success
04C4853A9C4C80,3,"['Arena', 'San Zeno']",Castelvecchio,"['Museo Lapidario', 'Verona Tour', 'Museo Radio', 'Sighseeing', 'Museo Miniscalchi']",Torre Lamberti,strategy_nearest,False,0.0021660327911376953,success
04C488429C4C80,3,"['Arena', 'Casa Giulietta']",Santa Anastasia,"['AMO', 'Museo Conte', 'Palazzo della Ragione', 'Teatro Romano', 'Centro Fotografia']",Duomo,strategy_nearest,False,0.0027420520782470703,success
04C48B3A9C4C80,0,['Arena'],Casa Giulietta,"['Centro Fotografia', 'Sighseeing', 'Torre Lamberti', 'Museo Conte', 'Museo Radio']",Torre Lamberti,strategy_nearest,True,0.0032651424407958984,success
04C4A24A9C4C80,1,"['Arena', 'Castelvecchio', 'Torre Lamberti']",Palazzo della Ragione,"['AMO', 'Museo Conte', 'Centro Fotografia', 'Sighseeing', 'Santa Anastasia']",Casa Giulietta,strategy_nearest,False,0.0019252300262451172,success
04C4A2429C4C80,3,"['Arena', 'Torre Lamberti']",Santa Anastasia,"['AMO', 'Museo Conte', 'Palazzo della Ragione', 'Teatro Romano', 'Centro Fotografia']",Duomo,strategy_nearest,False,0.0033087730407714844,success
04C48C3A9C4C80,0,"['Arena', 'San Fermo']",Casa Giulietta,"['Centro Fotografia', 'Sighseeing', 'Torre Lamberti', 'Museo Conte', 'Museo Radio']",Castelvecchio,strategy_nearest,False,0.0033881664276123047,success
04C4AB429C4C80,2,['Teatro Romano'],Duomo,"['AMO', 'Museo Miniscalchi', 'Santa Anastasia', 'Palazzo della Ragione', 'Museo Conte']",Casa Giulietta,strategy_nearest,False,0.0032160282135009766,success
04C4BF429C4C80,2,"['Casa Giulietta', 'Torre Lamberti']",Santa Anastasia,"['AMO', 'Museo Conte', 'Palazzo della Ragione', 'Teatro Romano', 'Centro Fotografia']",Duomo,strategy_nearest,False,0.001973867416381836,success
04C4B83A9C4C80,2,"['Torre Lamberti', 'Santa Anastasia']",Duomo,"['AMO', 'Museo Miniscalchi', 'Teatro Romano', 'Palazzo della Ragione', 'Museo Conte']",Teatro Romano,strategy_nearest,True,0.003948688507080078,success
04C4AC429C4C80,0,['Castelvecchio'],Arena,"['Verona Tour', 'Museo Lapidario', 'Museo Radio', 'San Fermo', 'Casa Giulietta']",Casa Giulietta,strategy_nearest,True,0.0021381378173828125,success
04C4BF3A9C4C80,3,['Arena'],Casa Giulietta,"['Centro Fotografia', 'Sighseeing', 'Torre Lamberti', 'Museo Conte', 'Museo Radio']",Santa Anastasia,strategy_nearest,False,0.003328084945678711,success
04C4C6429C4C80,2,"['Casa Giulietta', 'Palazzo della Ragione', 'Santa Anastasia']",San Zeno,"['Castelvecchio', 'Verona Tour', 'Museo Lapidario', 'Arena', 'Museo Miniscalchi']",Duomo,strategy_nearest,False,0.0013890266418457031,success
04C4D73A9C4C80,0,['Arena'],Tomba Giulietta,"['San Fermo', 'Museo Storia', 'Museo Lapidario', 'Museo Radio', 'Verona Tour']",Casa Giulietta,strategy_nearest,False,0.0021266937255859375,success
04C4DA3A9C4C80,1,"['Arena', 'Museo Lapidario', 'Casa Giulietta']",Teatro Romano,"['Santa Anastasia', 'Duomo', 'AMO', 'Palazzo della Ragione', 'Museo Conte']",Duomo,strategy_nearest,True,0.0032958984375,success
04C4C13A9C4C80,0,['Arena'],Casa Giulietta,"['Centro Fotografia', 'Sighseeing', 'Torre Lamberti', 'Museo Conte', 'Museo Radio']",Santa Anastasia,strategy_nearest,False,0.0028388500213623047,success
04C4E9429C4C80,2,"['Casa Giulietta', 'Torre Lamberti']",Santa Anastasia,"['AMO', 'Museo Conte', 'Palazzo della Ragione', 'Teatro Romano', 'Centro Fotografia']",Duomo,strategy_nearest,False,0.0026369094848632812,success
04C4F33A9C4C80,0,['Arena'],Casa Giulietta,"['Centro Fotografia', 'Sighseeing', 'Torre Lamberti', 'Museo Conte', 'Museo Radio']",Torre Lamberti,strategy_nearest,True,0.0020830631256103516,success
04C4F23A9C4C80,2,"['San Zeno', 'Castelvecchio', 'Torre Lamberti']",Palazzo della Ragione,"['AMO', 'Museo Conte', 'Centro Fotografia', 'Sighseeing', 'Santa Anastasia']",Santa Anastasia,strategy_nearest,True,0.003406047821044922,success
04C4F53A9C4C80,0,['Arena'],Santa Anastasia,"['AMO', 'Museo Conte', 'Palazzo della Ragione', 'Teatro Romano', 'Centro Fotografia']",Casa Giulietta,strategy_nearest,False,0.003381967544555664,success
04C4F9429C4C80,3,"['Teatro Romano', 'Santa Anastasia', 'Casa Giulietta']",Arena,"['Verona Tour', 'Museo Lapidario', 'Museo Radio', 'San Fermo', 'Sighseeing']",Museo Lapidario,strategy_nearest,True,0.0031890869140625,success
04C4FA3A9C4C80,3,"['Arena', 'Casa Giulietta']",Duomo,"['AMO', 'Museo Miniscalchi', 'Santa Anastasia', 'Teatro Romano', 'Palazzo della Ragione']",Teatro Romano,strategy_nearest,True,0.0032122135162353516,success
04C4FB429C4C80,0,['Casa Giulietta'],Torre Lamberti,"['Sighseeing', 'Centro Fotografia', 'Museo Conte', 'Palazzo della Ragione', 'AMO']",Arena,strategy_nearest,False,0.0034160614013671875,success
04C5053A9C4C84,0,['Arena'],Casa Giulietta,"['Centro Fotografia', 'Sighseeing', 'Torre Lamberti', 'Museo Conte', 'Museo Radio']",Torre Lamberti,strategy_nearest,True,0.0031812191009521484,success
04C5063A9C4C84,0,['Arena'],Castelvecchio,"['Museo Lapidario', 'Verona Tour', 'Museo Radio', 'San Zeno', 'Sighseeing']",Casa Giulietta,strategy_nearest,False,0.002568960189819336,success
04C50F3A9C4C84,1,['Arena'],Casa Giulietta,"['Centro Fotografia', 'Sighseeing', 'Torre Lamberti', 'Museo Conte', 'Museo Radio']",Palazzo della Ragione,strategy_nearest,False,0.003136873245239258,success
04C512429C4C84,0,"['Castelvecchio', 'Arena']",Casa Giulietta,"['Centro Fotografia', 'Sighseeing', 'Torre Lamberti', 'Museo Conte', 'Museo Radio']",Torre Lamberti,strategy_nearest,True,0.0030760765075683594,success
04C5143A9C4C84,0,['Arena'],Casa Giulietta,"['Centro Fotografia', 'Sighseeing', 'Torre Lamberti', 'Museo Conte', 'Museo Radio']",Santa Anastasia,strategy_nearest,False,0.0027642250061035156,success
04C51B3A9C4C80,3,"['Arena', 'Casa Giulietta']",Duomo,"['AMO', 'Museo Miniscalchi', 'Santa Anastasia', 'Teatro Romano', 'Palazzo della Ragione']",Santa Anastasia,strategy_nearest,True,0.0020220279693603516,success
04C51C3A9C4C80,0,"['Castelvecchio', 'Arena']",Casa Giulietta,"['Centro Fotografia', 'Sighseeing', 'Torre Lamberti', 'Museo Conte', 'Museo Radio']",Torre Lamberti,strategy_nearest,True,0.002596139907836914,success
04C5163A9C4C84,0,['Arena'],Torre Lamberti,"['Sighseeing', 'Centro Fotografia', 'Museo Conte', 'Casa Giulietta', 'Palazzo della Ragione']",Casa Giulietta,strategy_nearest,True,0.0039370059967041016,success
04C52C3A9C4C80,3,['Arena'],Santa Anastasia,"['AMO', 'Museo Conte', 'Palazzo della Ragione', 'Teatro Romano', 'Centro Fotografia']",Duomo,strategy_nearest,False,0.002634286880493164,success
04C52A429C4C80,0,['Casa Giulietta'],Arena,"['Verona Tour', 'Museo Lapidario', 'Museo Radio', 'San Fermo', 'Sighseeing']",Teatro Romano,strategy_nearest,False,0.0015101432800292969,success
04C521429C4C80,2,['Museo Lapidario'],Castelvecchio,"['Verona Tour', 'Arena', 'Museo Radio', 'San Zeno', 'Sighseeing']",Casa Giulietta,strategy_nearest,False,0.0021598339080810547,success
04C523429C4C84,0,['Arena'],Casa Giulietta,"['Centro Fotografia', 'Sighseeing', 'Torre Lamberti', 'Museo Conte', 'Museo Radio']",Duomo,strategy_nearest,False,0.0035009384155273438,success
04C53C3A9C4C80,2,"['Castelvecchio', 'Teatro Romano']",Duomo,"['AMO', 'Museo Miniscalchi', 'Santa Anastasia', 'Palazzo della Ragione', 'Museo Conte']",Santa Anastasia,strategy_nearest,True,0.0033500194549560547,success
04C530429C4C80,2,"['Teatro Romano', 'Duomo']",Castelvecchio,"['Museo Lapidario', 'Verona Tour', 'Arena', 'Museo Radio', 'San Zeno']",San Zeno,strategy_nearest,True,0.0027849674224853516,success
04C53C429C4C80,2,['Duomo'],Teatro Romano,"['Santa Anastasia', 'AMO', 'Palazzo della Ragione', 'Museo Conte', 'Centro Fotografia']",Casa Giulietta,strategy_nearest,False,0.00197601318359375,success
04C53D3A9C4C80,1,"['Arena', 'Castelvecchio', 'San Zeno']",Teatro Romano,"['Santa Anastasia', 'Duomo', 'AMO', 'Palazzo della Ragione', 'Museo Conte']",Duomo,strategy_nearest,True,0.003119945526123047,success
04C545429C4C80,0,['Arena'],Tomba Giulietta,"['San Fermo', 'Museo Storia', 'Museo Lapidario', 'Museo Radio', 'Verona Tour']",Casa Giulietta,strategy_nearest,False,0.0027008056640625,success
04C547429C4C80,0,['Giardino Giusti'],Arena,"['Verona Tour', 'Museo Lapidario', 'Museo Radio', 'San Fermo', 'Casa Giulietta']",Casa Giulietta,strategy_nearest,True,0.0032770633697509766,success
04C53E3A9C4C80,3,"['Arena', 'Casa Giulietta', 'Torre Lamberti']",San Fermo,"['Museo Storia', 'Museo Radio', 'Centro Fotografia', 'Sighseeing', 'Museo Conte']",Santa Anastasia,strategy_nearest,False,0.002135038375854492,success
04C54B429C4C80,1,"['Arena', 'Santa Anastasia']",Palazzo della Ragione,"['AMO', 'Museo Conte', 'Torre Lamberti', 'Centro Fotografia', 'Sighseeing']",Casa Giulietta,strategy_nearest,False,0.002640962600708008,success
04C55F429C4C80,1,"['Arena', 'Santa Anastasia']",Palazzo della Ragione,"['AMO', 'Museo Conte', 'Torre Lamberti', 'Centro Fotografia', 'Sighseeing']",Torre Lamberti,strategy_nearest,True,0.0020599365234375,success
04C54C3A9C4C80,1,"['Arena', 'Palazzo della Ragione']",Torre Lamberti,"['Sighseeing', 'Centro Fotografia', 'Museo Conte', 'Casa Giulietta', 'AMO']",Santa Anastasia,strategy_nearest,False,0.002750873565673828,success
04C56A3A9C4C80,2,"['Torre Lamberti', 'Duomo', 'Casa Giulietta']",San Zeno,"['Castelvecchio', 'Verona Tour', 'Museo Lapidario', 'Arena', 'Museo Miniscalchi']",Castelvecchio,strategy_nearest,True,0.0025877952575683594,success
04C55E429C4C80,1,"['Arena', 'Torre Lamberti']",Palazzo della Ragione,"['AMO', 'Museo Conte', 'Centro Fotografia', 'Sighseeing', 'Santa Anastasia']",Casa Giulietta,strategy_nearest,False,0.003453969955444336,success
04C5783A9C4C80,0,['Duomo'],Castelvecchio,"['Museo Lapidario', 'Verona Tour', 'Arena', 'Museo Radio', 'San Zeno']",Arena,strategy_nearest,True,0.002463817596435547,success
04C5814A9C4C80,1,"['Arena', 'Museo Lapidario', 'Castelvecchio', 'Casa Giulietta']",Torre Lamberti,"['Sighseeing', 'Centro Fotografia', 'Museo Conte', 'Palazzo della Ragione', 'AMO']",Palazzo della Ragione,strategy_nearest,True,0.0026350021362304688,success
04C57B3A9C4C80,0,['Museo Lapidario'],Arena,"['Verona Tour', 'Museo Radio', 'San Fermo', 'Casa Giulietta', 'Sighseeing']",Casa Giulietta,strategy_nearest,True,0.00335693359375,success
04C57F4A9C4C80,0,['Arena'],Casa Giulietta,"['Centro Fotografia', 'Sighseeing', 'Torre Lamberti', 'Museo Conte', 'Museo Radio']",Torre Lamberti,strategy_nearest,True,0.002090930938720703,success
04C5843A9C4C80,3,"['Arena', 'San Fermo']",Casa Giulietta,"['Centro Fotografia', 'Sighseeing', 'Torre Lamberti', 'Museo Conte', 'Museo Radio']",Torre Lamberti,strategy_nearest,True,0.0026450157165527344,success
04C588429C4C80,0,['Arena'],Castelvecchio,"['Museo Lapidario', 'Verona Tour', 'Museo Radio', 'San Zeno', 'Sighseeing']",Torre Lamberti,strategy_nearest,False,0.0025076866149902344,success
04C585429C4C80,3,"['Arena', 'Castelvecchio']",Santa Anastasia,"['AMO', 'Museo Conte', 'Palazzo della Ragione', 'Teatro Romano', 'Centro Fotografia']",Duomo,strategy_nearest,False,0.0019850730895996094,success
04C58C4A9C4C80,0,['Arena'],Tomba Giulietta,"['San Fermo', 'Museo Storia', 'Museo Lapidario', 'Museo Radio', 'Verona Tour']",Casa Giulietta,strategy_nearest,False,0.0033719539642333984,success
04C5934A9C4C80,3,"['Santa Anastasia', 'Torre Lamberti']",Casa Giulietta,"['Centro Fotografia', 'Sighseeing', 'Museo Conte', 'Museo Radio', 'Palazzo della Ragione']",Arena,strategy_nearest,False,0.003373861312866211,success
04C5A14A9C4C80,3,"['Arena', 'San Fermo']",Casa Giulietta,"['Centro Fotografia', 'Sighseeing', 'Torre Lamberti', 'Museo Conte', 'Museo Radio']",Torre Lamberti,strategy_nearest,True,0.002526998519897461,success
04C599429C4C80,1,"['Arena', 'Castelvecchio', 'Casa Giulietta']",Torre Lamberti,"['Sighseeing', 'Centro Fotografia', 'Museo Conte', 'Palazzo della Ragione', 'AMO']",Palazzo della Ragione,strategy_nearest,True,0.0021228790283203125,success
04C5A74A9C4C80,0,['Arena'],Castelvecchio,"['Museo Lapidario', 'Verona Tour', 'Museo Radio', 'San Zeno', 'Sighseeing']",Santa Anastasia,strategy_nearest,False,0.0018842220306396484,success
04C5A34A9C4C80,2,['San Zeno'],Torre Lamberti,"['Sighseeing', 'Centro Fotografia', 'Museo Conte', 'Casa Giulietta', 'Palazzo della Ragione']",Casa Giulietta,strategy_nearest,True,0.0031778812408447266,success
04C5AB429C4C80,0,['Arena'],Torre Lamberti,"['Sighseeing', 'Centro Fotografia', 'Museo Conte', 'Casa Giulietta', 'Palazzo della Ragione']",Casa Giulietta,strategy_nearest,True,0.003063201904296875,success
04C5A83A9C4C80,3,"['Arena', 'Castelvecchio', 'Torre Lamberti']",Casa Giulietta,"['Centro Fotografia', 'Sighseeing', 'Museo Conte', 'Museo Radio', 'Palazzo della Ragione']",Teatro Romano,strategy_nearest,False,0.0026879310607910156,success
04C5B1429C4C80,3,"['Casa Giulietta', 'Teatro Romano']",Santa Anastasia,"['AMO', 'Museo Conte', 'Palazzo della Ragione', 'Centro Fotografia', 'Duomo']",Torre Lamberti,strategy_nearest,False,0.0025920867919921875,success
04C5B13A9C4C80,3,"['Arena', 'Casa Giulietta']",Santa Anastasia,"['AMO', 'Museo Conte', 'Palazzo della Ragione', 'Teatro Romano', 'Centro Fotografia']",Teatro Romano,strategy_nearest,True,0.0020308494567871094,success
04C5AC429C4C80,0,['Arena'],Torre Lamberti,"['Sighseeing', 'Centro Fotografia', 'Museo Conte', 'Casa Giulietta', 'Palazzo della Ragione']",Casa Giulietta,strategy_nearest,True,0.0025882720947265625,success
04C5B3429C4C80,2,"['Torre Lamberti', 'Palazzo della Ragione']",Casa Giulietta,"['Centro Fotografia', 'Sighseeing', 'Museo Conte', 'Museo Radio', 'San Fermo']",Santa Anastasia,strategy_nearest,False,0.0033249855041503906,success
04C5BC3A9C4C80,0,['Arena'],Duomo,"['AMO', 'Museo Miniscalchi', 'Santa Anastasia', 'Teatro Romano', 'Palazzo della Ragione']",Teatro Romano,strategy_nearest,True,0.0019431114196777344,success
04C5C7429C4C80,0,['Arena'],Casa Giulietta,"['Centro Fotografia', 'Sighseeing', 'Torre Lamberti', 'Museo Conte', 'Museo Radio']",Torre Lamberti,strategy_nearest,True,0.002629995346069336,success
04C5B8429C4C80,1,"['Arena', 'Museo Lapidario']",Casa Giulietta,"['Centro Fotografia', 'Sighseeing', 'Torre Lamberti', 'Museo Conte', 'Museo Radio']",Torre Lamberti,strategy_nearest,True,0.002641916275024414,success
04C5CA429C4C80,2,"['Castelvecchio', 'Torre Lamberti']",Palazzo della Ragione,"['AMO', 'Museo Conte', 'Centro Fotografia', 'Sighseeing', 'Santa Anastasia']",Santa Anastasia,strategy_nearest,True,0.0033028125762939453,success
04C5CC429C4C80,2,"['Casa Giulietta', 'Torre Lamberti', 'Palazzo della Ragione', 'Tomba Giulietta']",Giardino Giusti,"['Santa Anastasia', 'Teatro Romano', 'Museo Conte', 'Centro Fotografia', 'Museo Storia']",Teatro Romano,strategy_nearest,True,0.003103971481323242,success
04C5D9429C4C80,0,['Castelvecchio'],Arena,"['Verona Tour', 'Museo Lapidario', 'Museo Radio', 'San Fermo', 'Casa Giulietta']",Casa Giulietta,strategy_nearest,True,0.002536773681640625,success
04C5D53A9C4C80,3,['Arena'],San Fermo,"['Museo Storia', 'Museo Radio', 'Casa Giulietta', 'Centro Fotografia', 'Sighseeing']",Santa Anastasia,strategy_nearest,False,0.002621889114379883,success
04C5E33A9C4C80,3,['Arena'],Santa Anastasia,"['AMO', 'Museo Conte', 'Palazzo della Ragione', 'Teatro Romano', 'Centro Fotografia']",Teatro Romano,strategy_nearest,True,0.0030930042266845703,success
04C5F1429C4C80,1,"['Palazzo della Ragione', 'Torre Lamberti', 'Castelvecchio']",Arena,"['Verona Tour', 'Museo Lapidario', 'Museo Radio', 'San Fermo', 'Casa Giulietta']",Santa Anastasia,strategy_nearest,False,0.0023272037506103516,success
04C5F13A9C4C80,0,['Castelvecchio'],Arena,"['Verona Tour', 'Museo Lapidario', 'Museo Radio', 'San Fermo', 'Casa Giulietta']",Casa Giulietta,strategy_nearest,True,0.0034661293029785156,success
04C5F93A9C4C80,3,"['Castelvecchio', 'Arena', 'San Fermo']",Giardino Giusti,"['Santa Anastasia', 'Teatro Romano', 'Museo Conte', 'Centro Fotografia', 'Museo Storia']",Teatro Romano,strategy_nearest,True,0.0033092498779296875,success
04C5FE429C4C80,0,"['Castelvecchio', 'Casa Giulietta']",Tomba Giulietta,"['San Fermo', 'Museo Storia', 'Arena', 'Museo Lapidario', 'Museo Radio']",Arena,strategy_nearest,True,0.0031461715698242188,success
04C6083A9C4C84,0,['Arena'],Castelvecchio,"['Museo Lapidario', 'Verona Tour', 'Museo Radio', 'San Zeno', 'Sighseeing']",Casa Giulietta,strategy_nearest,False,0.0024230480194091797,success
04C60A429C4C84,3,"['Casa Giulietta', 'Arena']",Torre Lamberti,"['Sighseeing', 'Centro Fotografia', 'Museo Conte', 'Palazzo della Ragione', 'AMO']",Santa Anastasia,strategy_nearest,False,0.0023872852325439453,success
04C61D3A9C4C84,0,"['Arena', 'Torre Lamberti']",Casa Giulietta,"['Centro Fotografia', 'Sighseeing', 'Museo Conte', 'Museo Radio', 'Palazzo della Ragione']",Museo Storia,strategy_nearest,False,0.0023479461669921875,success
04C61D3A9C4C80,3,"['Casa Giulietta', 'Santa Anastasia', 'Castelvecchio']",Arena,"['Verona Tour', 'Museo Lapidario', 'Museo Radio', 'San Fermo', 'Sighseeing']",Tomba Giulietta,strategy_nearest,False,0.003554105758666992,success
04C6233A9C4C80,3,"['Arena', 'Teatro Romano', 'Duomo']",Castelvecchio,"['Museo Lapidario', 'Verona Tour', 'Museo Radio', 'San Zeno', 'Sighseeing']",Santa Anastasia,strategy_nearest,False,0.0024979114532470703,success
04C61F4A9C4C80,3,"['Arena', 'San Fermo', 'San Zeno']",Castelvecchio,"['Museo Lapidario', 'Verona Tour', 'Museo Radio', 'Sighseeing', 'Museo Miniscalchi']",Santa Anastasia,strategy_nearest,False,0.003470182418823242,success
04C62A429C4C84,0,['Arena'],Casa Giulietta,"['Centro Fotografia', 'Sighseeing', 'Torre Lamberti', 'Museo Conte', 'Museo Radio']",Castelvecchio,strategy_nearest,False,0.002482891082763672,success
04C6234A9C4C80,0,['Casa Giulietta'],Castelvecchio,"['Museo Lapidario', 'Verona Tour', 'Arena', 'Museo Radio', 'San Zeno']",Arena,strategy_nearest,True,0.003314971923828125,success
04C631429C4C80,1,"['Teatro Romano', 'Duomo', 'Arena']",Torre Lamberti,"['Sighseeing', 'Centro Fotografia', 'Museo Conte', 'Casa Giulietta', 'Palazzo della Ragione']",Castelvecchio,strategy_nearest,False,0.0025110244750976562,success
04C62E3A9C4C80,3,['Arena'],Castelvecchio,"['Museo Lapidario', 'Verona Tour', 'Museo Radio', 'San Zeno', 'Sighseeing']",Santa Anastasia,strategy_nearest,False,0.003454923629760742,success
04C6323A9C4C80,3,['Arena'],Torre Lamberti,"['Sighseeing', 'Centro Fotografia', 'Museo Conte', 'Casa Giulietta', 'Palazzo della Ragione']",Casa Giulietta,strategy_nearest,True,0.0025968551635742188,success
04C63A4A9C4C80,3,"['Arena', 'Santa Anastasia', 'Duomo']",Castelvecchio,"['Museo Lapidario', 'Verona Tour', 'Museo Radio', 'San Zeno', 'Sighseeing']",Casa Giulietta,strategy_nearest,False,0.003019094467163086,success
04C645429C4C80,0,['Castelvecchio'],San Zeno,"['Verona Tour', 'Museo Lapidario', 'Arena', 'Museo Miniscalchi', 'Sighseeing']",Arena,strategy_nearest,True,0.003380298614501953,success
04C653429C4C80,0,"['Arena', 'Torre Lamberti']",Casa Giulietta,"['Centro Fotografia', 'Sighseeing', 'Museo Conte', 'Museo Radio', 'Palazzo della Ragione']",Duomo,strategy_nearest,False,0.0031147003173828125,success
04C6533A9C4C80,1,"['Arena', 'Palazzo della Ragione', 'Torre Lamberti']",Casa Giulietta,"['Centro Fotografia', 'Sighseeing', 'Museo Conte', 'Museo Radio', 'San Fermo']",Santa Anastasia,strategy_nearest,False,0.0023288726806640625,success
04C63B429C4C80,3,"['Arena', 'Teatro Romano']",Castelvecchio,"['Museo Lapidario', 'Verona Tour', 'Museo Radio', 'San Zeno', 'Sighseeing']",San Fermo,strategy_nearest,False,0.0025510787963867188,success
04C66C429C4C80,1,"['Arena', 'Casa Giulietta', 'Torre Lamberti']",Palazzo della Ragione,"['AMO', 'Museo Conte', 'Centro Fotografia', 'Sighseeing', 'Santa Anastasia']",Santa Anastasia,strategy_nearest,True,0.0015439987182617188,success
04C654429C4C80,0,['Arena'],Casa Giulietta,"['Centro Fotografia', 'Sighseeing', 'Torre Lamberti', 'Museo Conte', 'Museo Radio']",Torre Lamberti,strategy_nearest,True,0.0022330284118652344,success
04C65A429C4C80,0,['Arena'],Casa Giulietta,"['Centro Fotografia', 'Sighseeing', 'Torre Lamberti', 'Museo Conte', 'Museo Radio']",Castelvecchio,strategy_nearest,False,0.002836942672729492,success
04C67A3A9C4C80,3,['Castelvecchio'],San Zeno,"['Verona Tour', 'Museo Lapidario', 'Arena', 'Museo Miniscalchi', 'Sighseeing']",Arena,strategy_nearest,True,0.0033431053161621094,success
04C6833A9C4C80,0,['Casa Giulietta'],Arena,"['Verona Tour', 'Museo Lapidario', 'Museo Radio', 'San Fermo', 'Sighseeing']",Castelvecchio,strategy_nearest,False,0.0026848316192626953,success
04C68A3A9C4C80,0,['Arena'],Casa Giulietta,"['Centro Fotografia', 'Sighseeing', 'Torre Lamberti', 'Museo Conte', 'Museo Radio']",Torre Lamberti,strategy_nearest,True,0.001968860626220703,success
04C6864A9C4C80,1,"['Arena', 'Casa Giulietta']",Torre Lamberti,"['Sighseeing', 'Centro Fotografia', 'Museo Conte', 'Palazzo della Ragione', 'AMO']",Palazzo della Ragione,strategy_nearest,True,0.0032808780670166016,success
04C68C4A9C4C80,0,['Arena'],Torre Lamberti,"['Sighseeing', 'Centro Fotografia', 'Museo Conte', 'Casa Giulietta', 'Palazzo della Ragione']",Casa Giulietta,strategy_nearest,True,0.0034301280975341797,success
04C6A2429C4C80,1,"['Arena', 'Casa Giulietta']",Torre Lamberti,"['Sighseeing', 'Centro Fotografia', 'Museo Conte', 'Palazzo della Ragione', 'AMO']",Palazzo della Ragione,strategy_nearest,True,0.003412961959838867,success
04C6A64A9C4C80,3,"['Arena', 'Torre Lamberti']",Santa Anastasia,"['AMO', 'Museo Conte', 'Palazzo della Ragione', 'Teatro Romano', 'Centro Fotografia']",Duomo,strategy_nearest,False,0.001981973648071289,success
04C6C43A9C4C80,0,"['Casa Giulietta', 'Arena']",Torre Lamberti,"['Sighseeing', 'Centro Fotografia', 'Museo Conte', 'Palazzo della Ragione', 'AMO']",Teatro Romano,strategy_nearest,False,0.0027608871459960938,success
04C6B7429C4C80,3,"['Arena', 'Casa Giulietta']",Giardino Giusti,"['Santa Anastasia', 'Teatro Romano', 'Museo Conte', 'Centro Fotografia', 'Museo Storia']",Santa Anastasia,strategy_nearest,True,0.0032927989959716797,success
04C6DA3A9C4C80,2,"['Teatro Romano', 'Casa Giulietta']",Santa Anastasia,"['AMO', 'Museo Conte', 'Palazzo della Ragione', 'Centro Fotografia', 'Duomo']",Torre Lamberti,strategy_nearest,False,0.002067089080810547,success
04C6CF3A9C4C80,3,"['Arena', 'Torre Lamberti']",Santa Anastasia,"['AMO', 'Museo Conte', 'Palazzo della Ragione', 'Teatro Romano', 'Centro Fotografia']",Duomo,strategy_nearest,False,0.0026950836181640625,success
04C6C53A9C4C80,1,"['Arena', 'Torre Lamberti']",Palazzo della Ragione,"['AMO', 'Museo Conte', 'Centro Fotografia', 'Sighseeing', 'Santa Anastasia']",Casa Giulietta,strategy_nearest,False,0.0022220611572265625,success
04C6E0429C4C80,0,['Arena'],Duomo,"['AMO', 'Museo Miniscalchi', 'Santa Anastasia', 'Teatro Romano', 'Palazzo della Ragione']",Castelvecchio,strategy_nearest,False,0.003014087677001953,success
04C6E63A9C4C80,3,"['Arena', 'San Fermo', 'Torre Lamberti', 'Casa Giulietta']",Santa Anastasia,"['AMO', 'Museo Conte', 'Palazzo della Ragione', 'Teatro Romano', 'Centro Fotografia']",Teatro Romano,strategy_nearest,True,0.0026900768280029297,success
04C6E93A9C4C80,0,"['Arena', 'Casa Giulietta']",Torre Lamberti,"['Sighseeing', 'Centro Fotografia', 'Museo Conte', 'Palazzo della Ragione', 'AMO']",Duomo,strategy_nearest,False,0.0026519298553466797,success
04C6F83A9C4C80,3,"['Arena', 'Museo Lapidario', 'Castelvecchio']",Casa Giulietta,"['Centro Fotografia', 'Sighseeing', 'Torre Lamberti', 'Museo Conte', 'Museo Radio']",Torre Lamberti,strategy_nearest,True,0.0033028125762939453,success
04C6E4429C4C80,0,"['Arena', 'Museo Lapidario']",Castelvecchio,"['Verona Tour', 'Museo Radio', 'San Zeno', 'Sighseeing', 'Museo Miniscalchi']",Museo Storia,strategy_nearest,False,0.0018610954284667969,success
04C7023A9C4C84,3,"['Arena', 'Torre Lamberti']",Santa Anastasia,"['AMO', 'Museo Conte', 'Palazzo della Ragione', 'Teatro Romano', 'Centro Fotografia']",Duomo,strategy_nearest,False,0.0019800662994384766,success
04C70C4A9C4C80,2,['San Zeno'],Castelvecchio,"['Museo Lapidario', 'Verona Tour', 'Arena', 'Museo Radio', 'Sighseeing']",Duomo,strategy_nearest,False,0.0018968582153320312,success
04C7083A9C4C84,2,"['Casa Giulietta', 'Teatro Romano']",Santa Anastasia,"['AMO', 'Museo Conte', 'Palazzo della Ragione', 'Centro Fotografia', 'Duomo']",Castelvecchio,strategy_nearest,False,0.0034470558166503906,success
04C70D3A9C4C84,3,"['Arena', 'Casa Giulietta']",Santa Anastasia,"['AMO', 'Museo Conte', 'Palazzo della Ragione', 'Teatro Romano', 'Centro Fotografia']",Duomo,strategy_nearest,False,0.0033609867095947266,success
04C70E429C4C80,2,['Castelvecchio'],Duomo,"['AMO', 'Museo Miniscalchi', 'Santa Anastasia', 'Teatro Romano', 'Palazzo della Ragione']",Casa Giulietta,strategy_nearest,False,0.002300262451171875,success
04C710429C4C84,1,"['Arena', 'Castelvecchio', 'Casa Giulietta']",Torre Lamberti,"['Sighseeing', 'Centro Fotografia', 'Museo Conte', 'Palazzo della Ragione', 'AMO']",Palazzo della Ragione,strategy_nearest,True,0.001958131790161133,success
04C70F3A9C4C80,2,['Santa Anastasia'],Casa Giulietta,"['Centro Fotografia', 'Sighseeing', 'Torre Lamberti', 'Museo Conte', 'Museo Radio']",Castelvecchio,strategy_nearest,False,0.0034329891204833984,success
04C7284A9C4C80,3,"['Giardino Giusti', 'Teatro Romano', 'Duomo', 'San Fermo']",Casa Giulietta,"['Centro Fotografia', 'Sighseeing', 'Torre Lamberti', 'Museo Conte', 'Museo Radio']",Torre Lamberti,strategy_nearest,True,0.003403902053833008,success
04C72A429C4C84,2,['Duomo'],Teatro Romano,"['Santa Anastasia', 'AMO', 'Palazzo della Ragione', 'Museo Conte', 'Centro Fotografia']",Casa Giulietta,strategy_nearest,False,0.003117084503173828,success
04C72D429C4C80,0,['Arena'],Casa Giulietta,"['Centro Fotografia', 'Sighseeing', 'Torre Lamberti', 'Museo Conte', 'Museo Radio']",Santa Anastasia,strategy_nearest,False,0.003139019012451172,success
04C73C3A9C4C80,3,"['Castelvecchio', 'Arena']",San Fermo,"['Museo Storia', 'Museo Radio', 'Casa Giulietta', 'Centro Fotografia', 'Sighseeing']",Casa Giulietta,strategy_nearest,True,0.0025887489318847656,success
04C734429C4C80,3,"['Tomba Giulietta', 'Santa Anastasia']",Torre Lamberti,"['Sighseeing', 'Centro Fotografia', 'Museo Conte', 'Casa Giulietta', 'Palazzo della Ragione']",Casa Giulietta,strategy_nearest,True,0.004233121871948242,success
04C73F3A9C4C80,1,"['Museo Lapidario', 'Castelvecchio', 'Arena', 'San Fermo', 'Tomba Giulietta']",Torre Lamberti,"['Sighseeing', 'Centro Fotografia', 'Museo Conte', 'Casa Giulietta', 'Palazzo della Ragione']",Palazzo della Ragione,strategy_nearest,True,0.003011941909790039,success
04C7443A9C4C80,0,"['Casa Giulietta', 'Duomo']",Torre Lamberti,"['Sighseeing', 'Centro Fotografia', 'Museo Conte', 'Palazzo della Ragione', 'AMO']",Arena,strategy_nearest,False,0.0030341148376464844,success
04C748429C4C80,3,"['Arena', 'Torre Lamberti']",Casa Giulietta,"['Centro Fotografia', 'Sighseeing', 'Museo Conte', 'Museo Radio', 'Palazzo della Ragione']",San Fermo,strategy_nearest,False,0.002772808074951172,success
04C74A429C4C80,0,['Arena'],San Zeno,"['Castelvecchio', 'Verona Tour', 'Museo Lapidario', 'Museo Miniscalchi', 'Sighseeing']",Casa Giulietta,strategy_nearest,False,0.003480195999145508,success
04C750429C4C80,0,['Torre Lamberti'],Teatro Romano,"['Santa Anastasia', 'Duomo', 'AMO', 'Palazzo della Ragione', 'Museo Conte']",Arena,strategy_nearest,False,0.0032091140747070312,success
04C768429C4C80,3,"['San Zeno', 'Arena']",Casa Giulietta,"['Centro Fotografia', 'Sighseeing', 'Torre Lamberti', 'Museo Conte', 'Museo Radio']",Santa Anastasia,strategy_nearest,False,0.002939939498901367,success
04C7773A9C4C80,3,['Arena'],Torre Lamberti,"['Sighseeing', 'Centro Fotografia', 'Museo Conte', 'Casa Giulietta', 'Palazzo della Ragione']",Duomo,strategy_nearest,False,0.0023479461669921875,success
04C76B429C4C80,0,['Arena'],Casa Giulietta,"['Centro Fotografia', 'Sighseeing', 'Torre Lamberti', 'Museo Conte', 'Museo Radio']",Duomo,strategy_nearest,False,0.0018389225006103516,success
04C794429C4C80,0,"['Castelvecchio', 'Arena']",Torre Lamberti,"['Sighseeing', 'Centro Fotografia', 'Museo Conte', 'Casa Giulietta', 'Palazzo della Ragione']",Casa Giulietta,strategy_nearest,True,0.0017349720001220703,success
04C77A3A9C4C80,1,"['Castelvecchio', 'Arena', 'Casa Giulietta']",Torre Lamberti,"['Sighseeing', 'Centro Fotografia', 'Museo Conte', 'Palazzo della Ragione', 'AMO']",Palazzo della Ragione,strategy_nearest,True,0.0024309158325195312,success
04C7884A9C4C80,0,['Arena'],Castelvecchio,"['Museo Lapidario', 'Verona Tour', 'Museo Radio', 'San Zeno', 'Sighseeing']",Casa Giulietta,strategy_nearest,False,0.003815889358520508,success
04C797429C4C80,0,['Arena'],Castelvecchio,"['Museo Lapidario', 'Verona Tour', 'Museo Radio', 'San Zeno', 'Sighseeing']",Tomba Giulietta,strategy_nearest,False,0.0025429725646972656,success
04C7A64A9C4C80,1,"['Santa Anastasia', 'Torre Lamberti']",Palazzo della Ragione,"['AMO', 'Museo Conte', 'Centro Fotografia', 'Sighseeing', 'Museo Miniscalchi']",Casa Giulietta,strategy_nearest,False,0.0026030540466308594,success
04C7A7429C4C80,0,['Castelvecchio'],Arena,"['Verona Tour', 'Museo Lapidario', 'Museo Radio', 'San Fermo', 'Casa Giulietta']",Casa Giulietta,strategy_nearest,True,0.0031731128692626953,success
04C7A84A9C4C80,0,['Casa Giulietta'],Arena,"['Verona Tour', 'Museo Lapidario', 'Museo Radio', 'San Fermo', 'Sighseeing']",Castelvecchio,strategy_nearest,False,0.0030350685119628906,success
04C7AC429C4C80,0,['Arena'],Torre Lamberti,"['Sighseeing', 'Centro Fotografia', 'Museo Conte', 'Casa Giulietta', 'Palazzo della Ragione']",Casa Giulietta,strategy_nearest,True,0.00339508056640625,success
04C7AD429C4C80,0,"['Arena', 'Castelvecchio']",Torre Lamberti,"['Sighseeing', 'Centro Fotografia', 'Museo Conte', 'Casa Giulietta', 'Palazzo della Ragione']",Casa Giulietta,strategy_nearest,True,0.003928184509277344,success
04C7B7429C4C80,0,['Arena'],Castelvecchio,"['Museo Lapidario', 'Verona Tour', 'Museo Radio', 'San Zeno', 'Sighseeing']",Duomo,strategy_nearest,False,0.002595186233520508,success
04C7AE3A9C4C80,0,['Arena'],Torre Lamberti,"['Sighseeing', 'Centro Fotografia', 'Museo Conte', 'Casa Giulietta', 'Palazzo della Ragione']",Torre Lamberti,strategy_nearest,False,0.0021431446075439453,success
04C7BB3A9C4C80,3,"['Arena', 'Casa Giulietta']",Santa Anastasia,"['AMO', 'Museo Conte', 'Palazzo della Ragione', 'Teatro Romano', 'Centro Fotografia']",Duomo,strategy_nearest,False,0.002377033233642578,success
04C7C2429C4C80,1,"['San Zeno', 'Castelvecchio']",Arena,"['Verona Tour', 'Museo Lapidario', 'Museo Radio', 'San Fermo', 'Casa Giulietta']",Palazzo della Ragione,strategy_nearest,False,0.0026891231536865234,success
04C7C1429C4C80,3,"['Teatro Romano', 'Torre Lamberti']",Casa Giulietta,"['Centro Fotografia', 'Sighseeing', 'Museo Conte', 'Museo Radio', 'Palazzo della Ragione']",Arena,strategy_nearest,False,0.0015468597412109375,success
04C7BB429C4C80,3,['Arena'],Casa Giulietta,"['Centro Fotografia', 'Sighseeing', 'Torre Lamberti', 'Museo Conte', 'Museo Radio']",Santa Anastasia,strategy_nearest,False,0.0036590099334716797,success
04C7DF3A9C4C80,3,"['Arena', 'San Fermo', 'Torre Lamberti']",Santa Anastasia,"['AMO', 'Museo Conte', 'Palazzo della Ragione', 'Teatro Romano', 'Centro Fotografia']",Teatro Romano,strategy_nearest,True,0.002602100372314453,success
04C7D83A9C4C80,0,['Arena'],Castelvecchio,"['Museo Lapidario', 'Verona Tour', 'Museo Radio', 'San Zeno', 'Sighseeing']",Casa Giulietta,strategy_nearest,False,0.0021131038665771484,success
04C7CE3A9C4C80,1,"['Arena', 'Casa Giulietta']",Torre Lamberti,"['Sighseeing', 'Centro Fotografia', 'Museo Conte', 'Palazzo della Ragione', 'AMO']",Palazzo della Ragione,strategy_nearest,True,0.002583026885986328,success
04C7D63A9C4C80,3,['Castelvecchio'],Arena,"['Verona Tour', 'Museo Lapidario', 'Museo Radio', 'San Fermo', 'Casa Giulietta']",Torre Lamberti,strategy_nearest,False,0.004169940948486328,success
04C7E63A9C4C80,2,"['Teatro Romano', 'Casa Giulietta']",Torre Lamberti,"['Sighseeing', 'Centro Fotografia', 'Museo Conte', 'Palazzo della Ragione', 'AMO']",San Zeno,strategy_nearest,False,0.0018460750579833984,success
04C8103A9C4C84,5,"['Castelvecchio', 'Santa Anastasia']",Duomo,"['AMO', 'Museo Miniscalchi', 'Teatro Romano', 'Palazzo della Ragione', 'Museo Conte']",Museo Miniscalchi,strategy_nearest,True,0.0020329952239990234,success
04C80B3A9C4C84,2,"['Museo Lapidario', 'Casa Giulietta', 'Torre Lamberti']",Palazzo della Ragione,"['AMO', 'Museo Conte', 'Centro Fotografia', 'Sighseeing', 'Santa Anastasia']",Santa Anastasia,strategy_nearest,True,0.00333404541015625,success
04C8053A9C4C84,0,['Arena'],Casa Giulietta,"['Centro Fotografia', 'Sighseeing', 'Torre Lamberti', 'Museo Conte', 'Museo Radio']",Torre Lamberti,strategy_nearest,True,0.003412008285522461,success
04C81D3A9C4C84,1,"['Torre Lamberti', 'Palazzo della Ragione']",Santa Anastasia,"['AMO', 'Museo Conte', 'Teatro Romano', 'Centro Fotografia', 'Duomo']",Teatro Romano,strategy_nearest,True,0.002624988555908203,success
04C81A3A9C4C80,3,"['Castelvecchio', 'Santa Anastasia']",Duomo,"['AMO', 'Museo Miniscalchi', 'Teatro Romano', 'Palazzo della Ragione', 'Museo Conte']",Arena,strategy_nearest,False,0.0017971992492675781,success
04C81D429C4C84,1,"['San Zeno', 'Castelvecchio', 'Arena']",Casa Giulietta,"['Centro Fotografia', 'Sighseeing', 'Torre Lamberti', 'Museo Conte', 'Museo Radio']",Torre Lamberti,strategy_nearest,True,0.003278970718383789,success
04C8123A9C4C84,3,"['Arena', 'Torre Lamberti']",Casa Giulietta,"['Centro Fotografia', 'Sighseeing', 'Museo Conte', 'Museo Radio', 'Palazzo della Ragione']",Santa Anastasia,strategy_nearest,False,0.0038042068481445312,success
04C8224A9C4C80,2,['Casa Giulietta'],Torre Lamberti,"['Sighseeing', 'Centro Fotografia', 'Museo Conte', 'Palazzo della Ragione', 'AMO']",Palazzo della Ragione,strategy_nearest,True,0.0020821094512939453,success
04C823429C4C84,0,"['Arena', 'Torre Lamberti']",Casa Giulietta,"['Centro Fotografia', 'Sighseeing', 'Museo Conte', 'Museo Radio', 'Palazzo della Ragione']",Duomo,strategy_nearest,False,0.002569913864135742,success
04C8213A9C4C80,3,"['Arena', 'Casa Giulietta']",Torre Lamberti,"['Sighseeing', 'Centro Fotografia', 'Museo Conte', 'Palazzo della Ragione', 'AMO']",Santa Anastasia,strategy_nearest,False,0.002173900604248047,success
04C822429C4C84,1,"['Arena', 'Casa Giulietta', 'Palazzo della Ragione']",Torre Lamberti,"['Sighseeing', 'Centro Fotografia', 'Museo Conte', 'AMO', 'Museo Miniscalchi']",Santa Anastasia,strategy_nearest,False,0.0039958953857421875,success
04C828429C4C80,2,"['Castelvecchio', 'Casa Giulietta']",Tomba Giulietta,"['San Fermo', 'Museo Storia', 'Arena', 'Museo Lapidario', 'Museo Radio']",Torre Lamberti,strategy_nearest,False,0.0025970935821533203,success
04C826429C4C80,1,['Castelvecchio'],Arena,"['Verona Tour', 'Museo Lapidario', 'Museo Radio', 'San Fermo', 'Casa Giulietta']",Torre Lamberti,strategy_nearest,False,0.0020940303802490234,success
04C8283A9C4C80,2,"['Teatro Romano', 'Duomo']",Santa Anastasia,"['AMO', 'Museo Conte', 'Palazzo della Ragione', 'Centro Fotografia', 'Torre Lamberti']",Torre Lamberti,strategy_nearest,True,0.0014569759368896484,success
04C8243A9C4C84,0,['Arena'],Museo Lapidario,"['Verona Tour', 'Castelvecchio', 'Museo Radio', 'San Fermo', 'Casa Giulietta']",Castelvecchio,strategy_nearest,True,0.004598140716552734,success
04C833429C4C80,0,['Arena'],Casa Giulietta,"['Centro Fotografia', 'Sighseeing', 'Torre Lamberti', 'Museo Conte', 'Museo Radio']",Santa Anastasia,strategy_nearest,False,0.0015323162078857422,success
04C836429C4C80,1,"['Castelvecchio', 'Torre Lamberti', 'Palazzo della Ragione']",San Fermo,"['Museo Storia', 'Museo Radio', 'Casa Giulietta', 'Centro Fotografia', 'Arena']",Arena,strategy_nearest,True,0.0020880699157714844,success
04C8374A9C4C80,3,['Arena'],Santa Anastasia,"['AMO', 'Museo Conte', 'Palazzo della Ragione', 'Teatro Romano', 'Centro Fotografia']",San Zeno,strategy_nearest,False,0.0026001930236816406,success
04C8323A9C4C80,0,['Arena'],Casa Giulietta,"['Centro Fotografia', 'Sighseeing', 'Torre Lamberti', 'Museo Conte', 'Museo Radio']",San Fermo,strategy_nearest,False,0.003916740417480469,success
04C83B4A9C4C80,3,"['Arena', 'Teatro Romano']",Santa Anastasia,"['AMO', 'Museo Conte', 'Palazzo della Ragione', 'Centro Fotografia', 'Duomo']",Casa Giulietta,strategy_nearest,False,0.0015711784362792969,success
04C83C429C4C80,0,['Arena'],Castelvecchio,"['Museo Lapidario', 'Verona Tour', 'Museo Radio', 'San Zeno', 'Sighseeing']",Tomba Giulietta,strategy_nearest,False,0.0033888816833496094,success
04C83D4A9C4C80,0,"['Casa Giulietta', 'Duomo']",Arena,"['Verona Tour', 'Museo Lapidario', 'Museo Radio', 'San Fermo', 'Sighseeing']",Castelvecchio,strategy_nearest,False,0.0027680397033691406,success
04C848429C4C80,2,['Casa Giulietta'],Palazzo della Ragione,"['AMO', 'Museo Conte', 'Torre Lamberti', 'Centro Fotografia', 'Sighseeing']",Santa Anastasia,strategy_nearest,False,0.0019919872283935547,success
04C8513A9C4C80,0,['Arena'],Casa Giulietta,"['Centro Fotografia', 'Sighseeing', 'Torre Lamberti', 'Museo Conte', 'Museo Radio']",Museo Storia,strategy_nearest,False,0.003931999206542969,success
04C8824A9C4C80,1,"['Arena', 'Museo Lapidario', 'Castelvecchio', 'Casa Giulietta']",Torre Lamberti,"['Sighseeing', 'Centro Fotografia', 'Museo Conte', 'Palazzo della Ragione', 'AMO']",Palazzo della Ragione,strategy_nearest,True,0.0014317035675048828,success
04C87D4A9C4C80,1,['Arena'],Casa Giulietta,"['Centro Fotografia', 'Sighseeing', 'Torre Lamberti', 'Museo Conte', 'Museo Radio']",Torre Lamberti,strategy_nearest,True,0.002090930938720703,success
04C86E429C4C80,0,['Casa Giulietta'],Arena,"['Verona Tour', 'Museo Lapidario', 'Museo Radio', 'San Fermo', 'Sighseeing']",Castelvecchio,strategy_nearest,False,0.003319978713989258,success
04C88B4A9C4C80,3,"['Arena', 'Torre Lamberti']",Giardino Giusti,"['Santa Anastasia', 'Teatro Romano', 'Museo Conte', 'Centro Fotografia', 'Museo Storia']",Teatro Romano,strategy_nearest,True,0.001405954360961914,success
04C8873A9C4C80,3,"['Arena', 'Casa Giulietta']",Torre Lamberti,"['Sighseeing', 'Centro Fotografia', 'Museo Conte', 'Palazzo della Ragione', 'AMO']",Santa Anastasia,strategy_nearest,False,0.0021677017211914062,success
04C88B3A9C4C80,3,"['Arena', 'Casa Giulietta']",Torre Lamberti,"['Sighseeing', 'Centro Fotografia', 'Museo Conte', 'Palazzo della Ragione', 'AMO']",Teatro Romano,strategy_nearest,False,0.0027883052825927734,success
04C8904A9C4C80,3,"['Santa Anastasia', 'Torre Lamberti']",Casa Giulietta,"['Centro Fotografia', 'Sighseeing', 'Museo Conte', 'Museo Radio', 'Palazzo della Ragione']",Arena,strategy_nearest,False,0.0033578872680664062,success
04C891429C4C80,0,['Arena'],Palazzo della Ragione,"['AMO', 'Museo Conte', 'Torre Lamberti', 'Centro Fotografia', 'Sighseeing']",Casa Giulietta,strategy_nearest,False,0.0025458335876464844,success
04C8AA4A9C4C80,3,"['Arena', 'Castelvecchio']",Santa Anastasia,"['AMO', 'Museo Conte', 'Palazzo della Ragione', 'Teatro Romano', 'Centro Fotografia']",Duomo,strategy_nearest,False,0.0025010108947753906,success
04C896429C4C80,0,['Arena'],Casa Giulietta,"['Centro Fotografia', 'Sighseeing', 'Torre Lamberti', 'Museo Conte', 'Museo Radio']",Santa Anastasia,strategy_nearest,False,0.0033752918243408203,success
04C8AB3A9C4C80,0,['Arena'],Castelvecchio,"['Museo Lapidario', 'Verona Tour', 'Museo Radio', 'San Zeno', 'Sighseeing']",Casa Giulietta,strategy_nearest,False,0.0034482479095458984,success
04C8AC429C4C80,3,['Arena'],San Fermo,"['Museo Storia', 'Museo Radio', 'Casa Giulietta', 'Centro Fotografia', 'Sighseeing']",Santa Anastasia,strategy_nearest,False,0.003298044204711914,success
04C8B33A9C4C80,3,['Arena'],San Fermo,"['Museo Storia', 'Museo Radio', 'Casa Giulietta', 'Centro Fotografia', 'Sighseeing']",Casa Giulietta,strategy_nearest,True,0.0023272037506103516,success
04C8AF429C4C80,3,['Arena'],Casa Giulietta,"['Centro Fotografia', 'Sighseeing', 'Torre Lamberti', 'Museo Conte', 'Museo Radio']",Santa Anastasia,strategy_nearest,False,0.0034360885620117188,success
04C8B63A9C4C80,0,['Arena'],Santa Anastasia,"['AMO', 'Museo Conte', 'Palazzo della Ragione', 'Teatro Romano', 'Centro Fotografia']",Castelvecchio,strategy_nearest,False,0.0031919479370117188,success
04C8B8429C4C80,0,"['Arena', 'Castelvecchio']",San Zeno,"['Verona Tour', 'Museo Lapidario', 'Museo Miniscalchi', 'Sighseeing', 'Museo Radio']",San Fermo,strategy_nearest,False,0.0032758712768554688,success
04C8BE3A9C4C80,0,['Arena'],Museo Lapidario,"['Verona Tour', 'Castelvecchio', 'Museo Radio', 'San Fermo', 'Casa Giulietta']",Casa Giulietta,strategy_nearest,True,0.0025053024291992188,success
04C8BB429C4C80,1,"['Arena', 'Torre Lamberti']",Palazzo della Ragione,"['AMO', 'Museo Conte', 'Centro Fotografia', 'Sighseeing', 'Santa Anastasia']",Casa Giulietta,strategy_nearest,False,0.0032796859741210938,success
04C8BE429C4C80,2,['Santa Anastasia'],Teatro Romano,"['Duomo', 'AMO', 'Palazzo della Ragione', 'Museo Conte', 'Centro Fotografia']",Casa Giulietta,strategy_nearest,False,0.0033152103424072266,success
04C8C73A9C4C80,3,"['Duomo', 'Torre Lamberti']",Arena,"['Verona Tour', 'Museo Lapidario', 'Museo Radio', 'San Fermo', 'Casa Giulietta']",San Fermo,strategy_nearest,True,0.002526998519897461,success
04C8CC3A9C4C80,3,"['Casa Giulietta', 'Torre Lamberti']",Santa Anastasia,"['AMO', 'Museo Conte', 'Palazzo della Ragione', 'Teatro Romano', 'Centro Fotografia']",Duomo,strategy_nearest,False,0.003072977066040039,success
04C8BF3A9C4C80,2,['Castelvecchio'],Duomo,"['AMO', 'Museo Miniscalchi', 'Santa Anastasia', 'Teatro Romano', 'Palazzo della Ragione']",Casa Giulietta,strategy_nearest,False,0.0034160614013671875,success
04C8CC429C4C80,1,"['Arena', 'Torre Lamberti', 'Palazzo della Ragione']",Casa Giulietta,"['Centro Fotografia', 'Sighseeing', 'Museo Conte', 'Museo Radio', 'San Fermo']",San Fermo,strategy_nearest,True,0.00335693359375,success
04C8CD429C4C80,3,"['Castelvecchio', 'Arena', 'Casa Giulietta', 'Duomo']",Santa Anastasia,"['AMO', 'Museo Conte', 'Palazzo della Ragione', 'Teatro Romano', 'Centro Fotografia']",San Zeno,strategy_nearest,False,0.0020248889923095703,success
04C8D33A9C4C80,3,['Arena'],Torre Lamberti,"['Sighseeing', 'Centro Fotografia', 'Museo Conte', 'Casa Giulietta', 'Palazzo della Ragione']",Santa Anastasia,strategy_nearest,False,0.002607107162475586,success
04C8D63A9C4C80,3,"['Arena', 'Castelvecchio']",Duomo,"['AMO', 'Museo Miniscalchi', 'Santa Anastasia', 'Teatro Romano', 'Palazzo della Ragione']",San Fermo,strategy_nearest,False,0.0033121109008789062,success
04C8D93A9C4C80,3,['Arena'],Casa Giulietta,"['Centro Fotografia', 'Sighseeing', 'Torre Lamberti', 'Museo Conte', 'Museo Radio']",Santa Anastasia,strategy_nearest,False,0.0018050670623779297,success
04C8E2429C4C80,3,"['Duomo', 'Teatro Romano', 'Santa Anastasia']",Torre Lamberti,"['Sighseeing', 'Centro Fotografia', 'Museo Conte', 'Casa Giulietta', 'Palazzo della Ragione']",Casa Giulietta,strategy_nearest,True,0.0024111270904541016,success
04C8F13A9C4C80,0,['Arena'],San Fermo,"['Museo Storia', 'Museo Radio', 'Casa Giulietta', 'Centro Fotografia', 'Sighseeing']",Castelvecchio,strategy_nearest,False,0.002418041229248047,success
04C8E43A9C4C80,6,"['Casa Giulietta', 'Palazzo della Ragione']",Torre Lamberti,"['Sighseeing', 'Centro Fotografia', 'Museo Conte', 'AMO', 'Museo Miniscalchi']",Castelvecchio,strategy_nearest,False,0.0035877227783203125,success
04C901429C4C84,0,"['Arena', 'Casa Giulietta']",Torre Lamberti,"['Sighseeing', 'Centro Fotografia', 'Museo Conte', 'Palazzo della Ragione', 'AMO']",Castelvecchio,strategy_nearest,False,0.0032591819763183594,success
04C8FE3A9C4C80,3,"['Arena', 'Museo Lapidario', 'Castelvecchio']",Torre Lamberti,"['Sighseeing', 'Centro Fotografia', 'Museo Conte', 'Casa Giulietta', 'Palazzo della Ragione']",Santa Anastasia,strategy_nearest,False,0.0040781497955322266,success
04C8FE429C4C80,0,['Arena'],San Zeno,"['Castelvecchio', 'Verona Tour', 'Museo Lapidario', 'Museo Miniscalchi', 'Sighseeing']",Castelvecchio,strategy_nearest,True,0.0024459362030029297,success
04C9093A9C4C84,0,['Arena'],Castelvecchio,"['Museo Lapidario', 'Verona Tour', 'Museo Radio', 'San Zeno', 'Sighseeing']",Duomo,strategy_nearest,False,0.0018477439880371094,success
04C9143A9C4C84,1,"['Arena', 'Palazzo della Ragione']",Torre Lamberti,"['Sighseeing', 'Centro Fotografia', 'Museo Conte', 'Casa Giulietta', 'AMO']",Casa Giulietta,strategy_nearest,True,0.0020189285278320312,success
04C9103A9C4C84,0,['Arena'],Casa Giulietta,"['Centro Fotografia', 'Sighseeing', 'Torre Lamberti', 'Museo Conte', 'Museo Radio']",San Zeno,strategy_nearest,False,0.0029077529907226562,success
04C9183A9C4C84,2,['Torre Lamberti'],Duomo,"['AMO', 'Museo Miniscalchi', 'Santa Anastasia', 'Teatro Romano', 'Palazzo della Ragione']",Duomo,strategy_nearest,False,0.0029952526092529297,success
04C914429C4C84,3,"['Casa Giulietta', 'Arena']",Duomo,"['AMO', 'Museo Miniscalchi', 'Santa Anastasia', 'Teatro Romano', 'Palazzo della Ragione']",Teatro Romano,strategy_nearest,True,0.0033850669860839844,success
04C918429C4C84,0,['Teatro Romano'],Arena,"['Verona Tour', 'Museo Lapidario', 'Museo Radio', 'San Fermo', 'Casa Giulietta']",Torre Lamberti,strategy_nearest,False,0.002516031265258789,success
04C9213A9C4C80,3,"['Castelvecchio', 'Arena']",Casa Giulietta,"['Centro Fotografia', 'Sighseeing', 'Torre Lamberti', 'Museo Conte', 'Museo Radio']",Torre Lamberti,strategy_nearest,True,0.0024919509887695312,success
04C9184A9C4C80,1,"['Castelvecchio', 'Arena']",Casa Giulietta,"['Centro Fotografia', 'Sighseeing', 'Torre Lamberti', 'Museo Conte', 'Museo Radio']",Palazzo della Ragione,strategy_nearest,False,0.002827882766723633,success
04C9203A9C4C84,0,"['San Zeno', 'Castelvecchio']",Arena,"['Verona Tour', 'Museo Lapidario', 'Museo Radio', 'San Fermo', 'Casa Giulietta']",Torre Lamberti,strategy_nearest,False,0.0033159255981445312,success
04C921429C4C84,1,"['Arena', 'Museo Lapidario', 'Castelvecchio', 'Torre Lamberti']",Palazzo della Ragione,"['AMO', 'Museo Conte', 'Centro Fotografia', 'Sighseeing', 'Santa Anastasia']",Casa Giulietta,strategy_nearest,False,0.002850055694580078,success
04C929429C4C84,3,"['Arena', 'Santa Anastasia']",Teatro Romano,"['Duomo', 'AMO', 'Palazzo della Ragione', 'Museo Conte', 'Centro Fotografia']",Casa Giulietta,strategy_nearest,False,0.002941131591796875,success
04C9323A9C4C80,6,['Verona Tour'],Arena,"['Museo Lapidario', 'Museo Radio', 'San Fermo', 'Casa Giulietta', 'Sighseeing']",Torre Lamberti,strategy_nearest,False,0.002827882766723633,success
04C93C3A9C4C80,0,['Arena'],Casa Giulietta,"['Centro Fotografia', 'Sighseeing', 'Torre Lamberti', 'Museo Conte', 'Museo Radio']",Santa Anastasia,strategy_nearest,False,0.0035047531127929688,success
04C9243A9C4C84,1,"['Arena', 'Casa Giulietta']",Palazzo della Ragione,"['AMO', 'Museo Conte', 'Torre Lamberti', 'Centro Fotografia', 'Sighseeing']",Torre Lamberti,strategy_nearest,True,0.0021238327026367188,success
04C93E3A9C4C80,0,['Arena'],Museo Lapidario,"['Verona Tour', 'Castelvecchio', 'Museo Radio', 'San Fermo', 'Casa Giulietta']",Castelvecchio,strategy_nearest,True,0.0018019676208496094,success
04C9643A9C4C80,1,"['Castelvecchio', 'Arena', 'Casa Giulietta', 'Palazzo della Ragione']",Torre Lamberti,"['Sighseeing', 'Centro Fotografia', 'Museo Conte', 'AMO', 'Museo Miniscalchi']",Teatro Romano,strategy_nearest,False,0.0024900436401367188,success
04C94D429C4C80,0,['Arena'],Castelvecchio,"['Museo Lapidario', 'Verona Tour', 'Museo Radio', 'San Zeno', 'Sighseeing']",Casa Giulietta,strategy_nearest,False,0.003408670425415039,success
04C9423A9C4C80,2,['Casa Giulietta'],Palazzo della Ragione,"['AMO', 'Museo Conte', 'Torre Lamberti', 'Centro Fotografia', 'Sighseeing']",Santa Anastasia,strategy_nearest,False,0.002877950668334961,success
04C96C429C4C80,1,"['Casa Giulietta', 'Torre Lamberti']",Palazzo della Ragione,"['AMO', 'Museo Conte', 'Centro Fotografia', 'Sighseeing', 'Santa Anastasia']",Arena,strategy_nearest,False,0.003803730010986328,success
04C9723A9C4C80,0,['Arena'],Casa Giulietta,"['Centro Fotografia', 'Sighseeing', 'Torre Lamberti', 'Museo Conte', 'Museo Radio']",Castelvecchio,strategy_nearest,False,0.0013070106506347656,success
04C972429C4C80,3,"['Arena', 'Casa Giulietta']",Santa Anastasia,"['AMO', 'Museo Conte', 'Palazzo della Ragione', 'Teatro Romano', 'Centro Fotografia']",Teatro Romano,strategy_nearest,True,0.002836942672729492,success
04C97C429C4C80,1,['Arena'],Palazzo della Ragione,"['AMO', 'Museo Conte', 'Torre Lamberti', 'Centro Fotografia', 'Sighseeing']",Torre Lamberti,strategy_nearest,True,0.0030541419982910156,success
04C9904A9C4C80,3,"['Santa Anastasia', 'Torre Lamberti']",Casa Giulietta,"['Centro Fotografia', 'Sighseeing', 'Museo Conte', 'Museo Radio', 'Palazzo della Ragione']",Arena,strategy_nearest,False,0.002538919448852539,success
04C97C4A9C4C80,1,"['Torre Lamberti', 'Palazzo della Ragione', 'Casa Giulietta']",Arena,"['Verona Tour', 'Museo Lapidario', 'Museo Radio', 'San Fermo', 'Sighseeing']",Castelvecchio,strategy_nearest,False,0.003332853317260742,success
04C9A74A9C4C80,3,"['Arena', 'Casa Giulietta', 'Torre Lamberti']",Santa Anastasia,"['AMO', 'Museo Conte', 'Palazzo della Ragione', 'Teatro Romano', 'Centro Fotografia']",Duomo,strategy_nearest,False,0.0033490657806396484,success
04C9AB3A9C4C80,0,['Arena'],Castelvecchio,"['Museo Lapidario', 'Verona Tour', 'Museo Radio', 'San Zeno', 'Sighseeing']",Casa Giulietta,strategy_nearest,False,0.0025069713592529297,success
04C9A83A9C4C80,3,"['Arena', 'Castelvecchio', 'Torre Lamberti']",Casa Giulietta,"['Centro Fotografia', 'Sighseeing', 'Museo Conte', 'Museo Radio', 'Palazzo della Ragione']",Teatro Romano,strategy_nearest,False,0.0030982494354248047,success
04C9AD429C4C80,3,['Arena'],Casa Giulietta,"['Centro Fotografia', 'Sighseeing', 'Torre Lamberti', 'Museo Conte', 'Museo Radio']",Santa Anastasia,strategy_nearest,False,0.0030410289764404297,success
04C9B5429C4C80,3,"['Arena', 'Casa Giulietta']",Torre Lamberti,"['Sighseeing', 'Centro Fotografia', 'Museo Conte', 'Palazzo della Ragione', 'AMO']",Santa Anastasia,strategy_nearest,False,0.0032198429107666016,success
04C9AE429C4C80,2,['Casa Giulietta'],Torre Lamberti,"['Sighseeing', 'Centro Fotografia', 'Museo Conte', 'Palazzo della Ragione', 'AMO']",Santa Anastasia,strategy_nearest,False,0.0034089088439941406,success
04C9B4429C4C80,2,['Castelvecchio'],Santa Anastasia,"['AMO', 'Museo Conte', 'Palazzo della Ragione', 'Teatro Romano', 'Centro Fotografia']",Duomo,strategy_nearest,False,0.0025420188903808594,success
04C9B7429C4C80,0,"['Museo Lapidario', 'Arena']",Casa Giulietta,"['Centro Fotografia', 'Sighseeing', 'Torre Lamberti', 'Museo Conte', 'Museo Radio']",Teatro Romano,strategy_nearest,False,0.003167867660522461,success
04C9B83A9C4C80,2,"['Torre Lamberti', 'Casa Giulietta']",Teatro Romano,"['Santa Anastasia', 'Duomo', 'AMO', 'Palazzo della Ragione', 'Museo Conte']",Duomo,strategy_nearest,True,0.001863241195678711,success
04C9BA429C4C80,1,"['Arena', 'Museo Lapidario', 'Castelvecchio']",Casa Giulietta,"['Centro Fotografia', 'Sighseeing', 'Torre Lamberti', 'Museo Conte', 'Museo Radio']",Torre Lamberti,strategy_nearest,True,0.0025010108947753906,success
04C9BE3A9C4C80,3,"['Arena', 'Teatro Romano']",Duomo,"['AMO', 'Museo Miniscalchi', 'Santa Anastasia', 'Palazzo della Ragione', 'Museo Conte']",Santa Anastasia,strategy_nearest,True,0.0021827220916748047,success
04C9BF429C4C80,3,['Santa Anastasia'],Duomo,"['AMO', 'Museo Miniscalchi', 'Teatro Romano', 'Palazzo della Ragione', 'Museo Conte']",Arena,strategy_nearest,False,0.0032868385314941406,success
04C9C3429C4C80,0,"['Casa Giulietta', 'Tomba Giulietta']",Arena,"['Verona Tour', 'Museo Lapidario', 'Museo Radio', 'San Fermo', 'Sighseeing']",Castelvecchio,strategy_nearest,False,0.0025720596313476562,success
04C9C9429C4C80,2,['Duomo'],Museo Storia,"['San Fermo', 'Museo Radio', 'Casa Giulietta', 'Centro Fotografia', 'Tomba Giulietta']",Torre Lamberti,strategy_nearest,False,0.0033941268920898438,success
04C9CA429C4C80,2,"['Casa Giulietta', 'Torre Lamberti']",Santa Anastasia,"['AMO', 'Museo Conte', 'Palazzo della Ragione', 'Teatro Romano', 'Centro Fotografia']",Duomo,strategy_nearest,False,0.0031349658966064453,success
04C9D43A9C4C80,2,['Casa Giulietta'],Santa Anastasia,"['AMO', 'Museo Conte', 'Palazzo della Ragione', 'Teatro Romano', 'Centro Fotografia']",Castelvecchio,strategy_nearest,False,0.0025033950805664062,success
04C9DD3A9C4C80,0,['Castelvecchio'],Arena,"['Verona Tour', 'Museo Lapidario', 'Museo Radio', 'San Fermo', 'Casa Giulietta']",Casa Giulietta,strategy_nearest,True,0.0032389163970947266,success
04C9CC429C4C80,3,"['Torre Lamberti', 'Casa Giulietta', 'San Fermo', 'Museo Storia']",Tomba Giulietta,"['Arena', 'Museo Lapidario', 'Museo Radio', 'Verona Tour', 'Castelvecchio']",Castelvecchio,strategy_nearest,True,0.004106044769287109,success
04C9DD429C4C80,2,['Santa Anastasia'],Torre Lamberti,"['Sighseeing', 'Centro Fotografia', 'Museo Conte', 'Casa Giulietta', 'Palazzo della Ragione']",Casa Giulietta,strategy_nearest,True,0.0031800270080566406,success
04C9E2429C4C80,1,"['Arena', 'Casa Giulietta', 'Torre Lamberti']",Palazzo della Ragione,"['AMO', 'Museo Conte', 'Centro Fotografia', 'Sighseeing', 'Santa Anastasia']",Castelvecchio,strategy_nearest,False,0.0030519962310791016,success
04C9E63A9C4C80,0,['Arena'],Santa Anastasia,"['AMO', 'Museo Conte', 'Palazzo della Ragione', 'Teatro Romano', 'Centro Fotografia']",Casa Giulietta,strategy_nearest,False,0.002482175827026367,success
04C9E8429C4C80,1,['Castelvecchio'],Casa Giulietta,"['Centro Fotografia', 'Sighseeing', 'Torre Lamberti', 'Museo Conte', 'Museo Radio']",Palazzo della Ragione,strategy_nearest,False,0.0026988983154296875,success
04C9F23A9C4C80,0,"['Torre Lamberti', 'Casa Giulietta']",Arena,"['Verona Tour', 'Museo Lapidario', 'Museo Radio', 'San Fermo', 'Sighseeing']",Museo Lapidario,strategy_nearest,True,0.002518177032470703,success
04C9FB429C4C80,3,"['Torre Lamberti', 'Casa Giulietta', 'Santa Anastasia']",Arena,"['Verona Tour', 'Museo Lapidario', 'Museo Radio', 'San Fermo', 'Sighseeing']",Castelvecchio,strategy_nearest,False,0.003194093704223633,success
04CA0D3A9C4C84,2,"['Casa Giulietta', 'Torre Lamberti']",Santa Anastasia,"['AMO', 'Museo Conte', 'Palazzo della Ragione', 'Teatro Romano', 'Centro Fotografia']",Duomo,strategy_nearest,False,0.00179290771484375,success
04CA063A9C4C84,3,"['Arena', 'Castelvecchio']",Torre Lamberti,"['Sighseeing', 'Centro Fotografia', 'Museo Conte', 'Casa Giulietta', 'Palazzo della Ragione']",Duomo,strategy_nearest,False,0.0033540725708007812,success
04CA153A9C4C84,0,['Arena'],Casa Giulietta,"['Centro Fotografia', 'Sighseeing', 'Torre Lamberti', 'Museo Conte', 'Museo Radio']",Tomba Giulietta,strategy_nearest,False,0.0033211708068847656,success
04CA103A9C4C84,1,['Arena'],Torre Lamberti,"['Sighseeing', 'Centro Fotografia', 'Museo Conte', 'Casa Giulietta', 'Palazzo della Ragione']",Palazzo della Ragione,strategy_nearest,True,0.0027539730072021484,success
04CA183A9C4C80,3,"['Castelvecchio', 'Casa Giulietta', 'Torre Lamberti']",Santa Anastasia,"['AMO', 'Museo Conte', 'Palazzo della Ragione', 'Teatro Romano', 'Centro Fotografia']",Duomo,strategy_nearest,False,0.002402782440185547,success
04CA183A9C4C84,0,['Arena'],Torre Lamberti,"['Sighseeing', 'Centro Fotografia', 'Museo Conte', 'Casa Giulietta', 'Palazzo della Ragione']",Casa Giulietta,strategy_nearest,True,0.0032782554626464844,success
04CA1A3A9C4C84,3,"['Arena', 'Torre Lamberti', 'Santa Anastasia']",Duomo,"['AMO', 'Museo Miniscalchi', 'Teatro Romano', 'Palazzo della Ragione', 'Museo Conte']",Teatro Romano,strategy_nearest,True,0.002527952194213867,success
04CA18429C4C80,0,['Arena'],Museo Storia,"['San Fermo', 'Museo Radio', 'Casa Giulietta', 'Centro Fotografia', 'Tomba Giulietta']",Castelvecchio,strategy_nearest,False,0.0032258033752441406,success
04CA1E429C4C84,2,"['Casa Giulietta', 'Palazzo della Ragione']",Torre Lamberti,"['Sighseeing', 'Centro Fotografia', 'Museo Conte', 'AMO', 'Museo Miniscalchi']",Teatro Romano,strategy_nearest,False,0.0030231475830078125,success
04CA223A9C4C84,0,['Arena'],Castelvecchio,"['Museo Lapidario', 'Verona Tour', 'Museo Radio', 'San Zeno', 'Sighseeing']",Casa Giulietta,strategy_nearest,False,0.002602100372314453,success
04CA20429C4C84,2,"['Casa Giulietta', 'Santa Anastasia']",Torre Lamberti,"['Sighseeing', 'Centro Fotografia', 'Museo Conte', 'Palazzo della Ragione', 'AMO']",Duomo,strategy_nearest,False,0.0034589767456054688,success
04CA1C3A9C4C80,1,"['Arena', 'Casa Giulietta']",Torre Lamberti,"['Sighseeing', 'Centro Fotografia', 'Museo Conte', 'Palazzo della Ragione', 'AMO']",Palazzo della Ragione,strategy_nearest,True,0.003701925277709961,success
04CA2A3A9C4C80,0,"['Arena', 'Casa Giulietta']",Torre Lamberti,"['Sighseeing', 'Centro Fotografia', 'Museo Conte', 'Palazzo della Ragione', 'AMO']",Duomo,strategy_nearest,False,0.002794981002807617,success
04CA283A9C4C80,3,"['Arena', 'San Fermo']",Casa Giulietta,"['Centro Fotografia', 'Sighseeing', 'Torre Lamberti', 'Museo Conte', 'Museo Radio']",Torre Lamberti,strategy_nearest,True,0.0018157958984375,success
04CA2E4A9C4C80,2,"['Castelvecchio', 'San Zeno', 'Casa Giulietta']",Torre Lamberti,"['Sighseeing', 'Centro Fotografia', 'Museo Conte', 'Palazzo della Ragione', 'AMO']",Santa Anastasia,strategy_nearest,False,0.003625154495239258,success
04CA343A9C4C80,1,"['San Zeno', 'Duomo']",Arena,"['Verona Tour', 'Museo Lapidario', 'Museo Radio', 'San Fermo', 'Casa Giulietta']",Casa Giulietta,strategy_nearest,True,0.004522085189819336,success
04CA34429C4C80,1,"['Castelvecchio', 'Arena']",Torre Lamberti,"['Sighseeing', 'Centro Fotografia', 'Museo Conte', 'Casa Giulietta', 'Palazzo della Ragione']",Palazzo della Ragione,strategy_nearest,True,0.0031690597534179688,success
04CA383A9C4C80,3,"['Castelvecchio', 'Casa Giulietta']",Arena,"['Verona Tour', 'Museo Lapidario', 'Museo Radio', 'San Fermo', 'Sighseeing']",Torre Lamberti,strategy_nearest,False,0.0036852359771728516,success
04CA433A9C4C80,0,"['Arena', 'Casa Giulietta']",Duomo,"['AMO', 'Museo Miniscalchi', 'Santa Anastasia', 'Teatro Romano', 'Palazzo della Ragione']",San Zeno,strategy_nearest,False,0.003312826156616211,success
04CA443A9C4C80,2,"['Castelvecchio', 'Torre Lamberti']",Casa Giulietta,"['Centro Fotografia', 'Sighseeing', 'Museo Conte', 'Museo Radio', 'Palazzo della Ragione']",Santa Anastasia,strategy_nearest,False,0.0023300647735595703,success
04CA48429C4C80,0,['Arena'],Casa Giulietta,"['Centro Fotografia', 'Sighseeing', 'Torre Lamberti', 'Museo Conte', 'Museo Radio']",Castelvecchio,strategy_nearest,False,0.003974199295043945,success
04CA49429C4C80,1,"['Arena', 'Casa Giulietta', 'Torre Lamberti']",Palazzo della Ragione,"['AMO', 'Museo Conte', 'Centro Fotografia', 'Sighseeing', 'Santa Anastasia']",Santa Anastasia,strategy_nearest,True,0.0018680095672607422,success
04CA5A3A9C4C80,0,['Teatro Romano'],Casa Giulietta,"['Centro Fotografia', 'Sighseeing', 'Torre Lamberti', 'Museo Conte', 'Museo Radio']",Arena,strategy_nearest,False,0.0026848316192626953,success
04CA5D3A9C4C80,3,"['Castelvecchio', 'San Zeno']",Arena,"['Verona Tour', 'Museo Lapidario', 'Museo Radio', 'San Fermo', 'Casa Giulietta']",Torre Lamberti,strategy_nearest,False,0.0032889842987060547,success
04CA683A9C4C80,1,"['Torre Lamberti', 'Palazzo della Ragione']",Arena,"['Verona Tour', 'Museo Lapidario', 'Museo Radio', 'San Fermo', 'Casa Giulietta']",Giardino Giusti,strategy_nearest,False,0.003505229949951172,success
04CA723A9C4C80,3,"['Arena', 'Casa Giulietta']",Santa Anastasia,"['AMO', 'Museo Conte', 'Palazzo della Ragione', 'Teatro Romano', 'Centro Fotografia']",Duomo,strategy_nearest,False,0.002567768096923828,success
04CA6F3A9C4C80,2,"['Castelvecchio', 'San Zeno']",Casa Giulietta,"['Centro Fotografia', 'Sighseeing', 'Torre Lamberti', 'Museo Conte', 'Museo Radio']",Santa Anastasia,strategy_nearest,False,0.0040781497955322266,success
04CA6C429C4C80,0,['Arena'],Tomba Giulietta,"['San Fermo', 'Museo Storia', 'Museo Lapidario', 'Museo Radio', 'Verona Tour']",Castelvecchio,strategy_nearest,False,0.0018939971923828125,success
04CA783A9C4C80,0,['Castelvecchio'],Arena,"['Verona Tour', 'Museo Lapidario', 'Museo Radio', 'San Fermo', 'Casa Giulietta']",Casa Giulietta,strategy_nearest,True,0.0022699832916259766,success
04CA7D429C4C80,0,['Arena'],Torre Lamberti,"['Sighseeing', 'Centro Fotografia', 'Museo Conte', 'Casa Giulietta', 'Palazzo della Ragione']",Teatro Romano,strategy_nearest,False,0.0035560131072998047,success
04CA8A429C4C80,0,['Arena'],Castelvecchio,"['Museo Lapidario', 'Verona Tour', 'Museo Radio', 'San Zeno', 'Sighseeing']",San Zeno,strategy_nearest,True,0.0026209354400634766,success
04CA763A9C4C80,3,"['Casa Giulietta', 'Torre Lamberti']",Arena,"['Verona Tour', 'Museo Lapidario', 'Museo Radio', 'San Fermo', 'Sighseeing']",Santa Anastasia,strategy_nearest,False,0.0024461746215820312,success
04CA8E4A9C4C80,1,['Arena'],Casa Giulietta,"['Centro Fotografia', 'Sighseeing', 'Torre Lamberti', 'Museo Conte', 'Museo Radio']",Palazzo della Ragione,strategy_nearest,False,0.002151966094970703,success
04CA90429C4C80,1,"['Arena', 'Museo Lapidario']",Castelvecchio,"['Verona Tour', 'Museo Radio', 'San Zeno', 'Sighseeing', 'Museo Miniscalchi']",Santa Anastasia,strategy_nearest,False,0.002763032913208008,success
04CA8D429C4C80,3,"['Arena', 'Museo Lapidario']",San Fermo,"['Museo Storia', 'Museo Radio', 'Casa Giulietta', 'Centro Fotografia', 'Sighseeing']",Santa Anastasia,strategy_nearest,False,0.002904176712036133,success
04CA91429C4C80,0,['Arena'],Casa Giulietta,"['Centro Fotografia', 'Sighseeing', 'Torre Lamberti', 'Museo Conte', 'Museo Radio']",Tomba Giulietta,strategy_nearest,False,0.0033600330352783203,success
04CAA44A9C4C80,3,['Arena'],Casa Giulietta,"['Centro Fotografia', 'Sighseeing', 'Torre Lamberti', 'Museo Conte', 'Museo Radio']",Santa Anastasia,strategy_nearest,False,0.002774953842163086,success
04CAA5429C4C80,0,['Arena'],Torre Lamberti,"['Sighseeing', 'Centro Fotografia', 'Museo Conte', 'Casa Giulietta', 'Palazzo della Ragione']",Casa Giulietta,strategy_nearest,True,0.0019719600677490234,success
04CA914A9C4C80,3,"['Santa Anastasia', 'Teatro Romano', 'Duomo']",Casa Giulietta,"['Centro Fotografia', 'Sighseeing', 'Torre Lamberti', 'Museo Conte', 'Museo Radio']",Arena,strategy_nearest,False,0.002602815628051758,success
04CAAE3A9C4C80,3,"['Arena', 'Museo Lapidario', 'Castelvecchio']",Torre Lamberti,"['Sighseeing', 'Centro Fotografia', 'Museo Conte', 'Casa Giulietta', 'Palazzo della Ragione']",Santa Anastasia,strategy_nearest,False,0.0028247833251953125,success
04CABD3A9C4C80,3,"['San Zeno', 'Arena']",Santa Anastasia,"['AMO', 'Museo Conte', 'Palazzo della Ragione', 'Teatro Romano', 'Centro Fotografia']",Duomo,strategy_nearest,False,0.0028090476989746094,success
04CAB0429C4C80,2,['San Fermo'],Tomba Giulietta,"['Museo Storia', 'Arena', 'Museo Lapidario', 'Museo Radio', 'Verona Tour']",Torre Lamberti,strategy_nearest,False,0.002079010009765625,success
04CAB3429C4C80,3,"['Arena', 'Casa Giulietta']",Santa Anastasia,"['AMO', 'Museo Conte', 'Palazzo della Ragione', 'Teatro Romano', 'Centro Fotografia']",Duomo,strategy_nearest,False,0.003553628921508789,success
04CAAF3A9C4C80,0,['Arena'],Casa Giulietta,"['Centro Fotografia', 'Sighseeing', 'Torre Lamberti', 'Museo Conte', 'Museo Radio']",Castelvecchio,strategy_nearest,False,0.0030448436737060547,success
04CACF3A9C4C80,3,['Arena'],Casa Giulietta,"['Centro Fotografia', 'Sighseeing', 'Torre Lamberti', 'Museo Conte', 'Museo Radio']",Santa Anastasia,strategy_nearest,False,0.002782106399536133,success
04CAC13A9C4C80,3,['Arena'],Casa Giulietta,"['Centro Fotografia', 'Sighseeing', 'Torre Lamberti', 'Museo Conte', 'Museo Radio']",Torre Lamberti,strategy_nearest,True,0.0015270709991455078,success
04CACC429C4C80,1,"['Arena', 'Torre Lamberti', 'Palazzo della Ragione']",Casa Giulietta,"['Centro Fotografia', 'Sighseeing', 'Museo Conte', 'Museo Radio', 'San Fermo']",San Fermo,strategy_nearest,True,0.002091646194458008,success
04CAD53A9C4C80,2,['Museo Lapidario'],Castelvecchio,"['Verona Tour', 'Arena', 'Museo Radio', 'San Zeno', 'Sighseeing']",Casa Giulietta,strategy_nearest,False,0.003284931182861328,success
04CAE13A9C4C80,3,['Santa Anastasia'],Torre Lamberti,"['Sighseeing', 'Centro Fotografia', 'Museo Conte', 'Casa Giulietta', 'Palazzo della Ragione']",Arena,strategy_nearest,False,0.004173755645751953,success
04CAFA3A9C4C80,3,['Arena'],Torre Lamberti,"['Sighseeing', 'Centro Fotografia', 'Museo Conte', 'Casa Giulietta', 'Palazzo della Ragione']",Santa Anastasia,strategy_nearest,False,0.002733945846557617,success
04CAF1429C4C80,3,"['Teatro Romano', 'Santa Anastasia', 'Casa Giulietta']",Arena,"['Verona Tour', 'Museo Lapidario', 'Museo Radio', 'San Fermo', 'Sighseeing']",Museo Lapidario,strategy_nearest,True,0.002125263214111328,success
04CAEC3A9C4C80,1,['Arena'],Casa Giulietta,"['Centro Fotografia', 'Sighseeing', 'Torre Lamberti', 'Museo Conte', 'Museo Radio']",Palazzo della Ragione,strategy_nearest,False,0.0016376972198486328,success
04CB0A429C4C84,0,"['Tomba Giulietta', 'Arena']",Castelvecchio,"['Museo Lapidario', 'Verona Tour', 'Museo Radio', 'San Zeno', 'Sighseeing']",Casa Giulietta,strategy_nearest,False,0.002862215042114258,success
04CAFB429C4C80,3,"['Arena', 'Casa Giulietta']",Teatro Romano,"['Santa Anastasia', 'Duomo', 'AMO', 'Palazzo della Ragione', 'Museo Conte']",Santa Anastasia,strategy_nearest,True,0.0015058517456054688,success
04CB0B429C4C84,1,"['Arena', 'Casa Giulietta']",Torre Lamberti,"['Sighseeing', 'Centro Fotografia', 'Museo Conte', 'Palazzo della Ragione', 'AMO']",Palazzo della Ragione,strategy_nearest,True,0.0033621788024902344,success
04CAFB3A9C4C80,0,['Arena'],Casa Giulietta,"['Centro Fotografia', 'Sighseeing', 'Torre Lamberti', 'Museo Conte', 'Museo Radio']",Santa Anastasia,strategy_nearest,False,0.0022919178009033203,success
04CB153A9C4C84,0,['Arena'],Torre Lamberti,"['Sighseeing', 'Centro Fotografia', 'Museo Conte', 'Casa Giulietta', 'Palazzo della Ragione']",Duomo,strategy_nearest,False,0.003031015396118164,success
04CB163A9C4C84,3,"['Arena', 'Casa Giulietta']",Santa Anastasia,"['AMO', 'Museo Conte', 'Palazzo della Ragione', 'Teatro Romano', 'Centro Fotografia']",Duomo,strategy_nearest,False,0.0034928321838378906,success
04CB17429C4C80,3,"['Arena', 'Tomba Giulietta']",San Fermo,"['Museo Storia', 'Museo Radio', 'Casa Giulietta', 'Centro Fotografia', 'Sighseeing']",Casa Giulietta,strategy_nearest,True,0.0027599334716796875,success
04CB163A9C4C80,0,['Arena'],Casa Giulietta,"['Centro Fotografia', 'Sighseeing', 'Torre Lamberti', 'Museo Conte', 'Museo Radio']",Castelvecchio,strategy_nearest,False,0.002321958541870117,success
04CB1C429C4C80,0,['Arena'],Torre Lamberti,"['Sighseeing', 'Centro Fotografia', 'Museo Conte', 'Casa Giulietta', 'Palazzo della Ragione']",Giardino Giusti,strategy_nearest,False,0.0019919872283935547,success
04CB1A429C4C80,3,"['Arena', 'Casa Giulietta']",Torre Lamberti,"['Sighseeing', 'Centro Fotografia', 'Museo Conte', 'Palazzo della Ragione', 'AMO']",Santa Anastasia,strategy_nearest,False,0.001283884048461914,success
04CB1E3A9C4C80,0,['Arena'],Casa Giulietta,"['Centro Fotografia', 'Sighseeing', 'Torre Lamberti', 'Museo Conte', 'Museo Radio']",Castelvecchio,strategy_nearest,False,0.0027489662170410156,success
04CB1D429C4C84,0,['Arena'],Casa Giulietta,"['Centro Fotografia', 'Sighseeing', 'Torre Lamberti', 'Museo Conte', 'Museo Radio']",Torre Lamberti,strategy_nearest,True,0.003556966781616211,success
04CB25429C4C80,0,['Castelvecchio'],Arena,"['Verona Tour', 'Museo Lapidario', 'Museo Radio', 'San Fermo', 'Casa Giulietta']",Casa Giulietta,strategy_nearest,True,0.002658843994140625,success
04CB253A9C4C84,2,"['Tomba Giulietta', 'Torre Lamberti', 'Casa Giulietta']",Santa Anastasia,"['AMO', 'Museo Conte', 'Palazzo della Ragione', 'Teatro Romano', 'Centro Fotografia']",Duomo,strategy_nearest,False,0.003576040267944336,success
04CB274A9C4C80,3,"['Arena', 'Casa Giulietta', 'San Fermo']",Torre Lamberti,"['Sighseeing', 'Centro Fotografia', 'Museo Conte', 'Palazzo della Ragione', 'AMO']",Teatro Romano,strategy_nearest,False,0.0019159317016601562,success
04CB30429C4C80,2,"['Teatro Romano', 'Giardino Giusti', 'Santa Anastasia']",Duomo,"['AMO', 'Museo Miniscalchi', 'Palazzo della Ragione', 'Museo Conte', 'Torre Lamberti']",Torre Lamberti,strategy_nearest,True,0.002599000930786133,success
04CB3B3A9C4C80,1,"['Arena', 'Castelvecchio', 'San Zeno']",Teatro Romano,"['Santa Anastasia', 'Duomo', 'AMO', 'Palazzo della Ragione', 'Museo Conte']",Duomo,strategy_nearest,True,0.0030670166015625,success
04CB2A3A9C4C80,3,['Arena'],Casa Giulietta,"['Centro Fotografia', 'Sighseeing', 'Torre Lamberti', 'Museo Conte', 'Museo Radio']",Santa Anastasia,strategy_nearest,False,0.002905130386352539,success
04CB3E429C4C80,2,"['Teatro Romano', 'Casa Giulietta']",Torre Lamberti,"['Sighseeing', 'Centro Fotografia', 'Museo Conte', 'Palazzo della Ragione', 'AMO']",San Zeno,strategy_nearest,False,0.003133058547973633,success
04CB413A9C4C80,1,['Arena'],Casa Giulietta,"['Centro Fotografia', 'Sighseeing', 'Torre Lamberti', 'Museo Conte', 'Museo Radio']",Torre Lamberti,strategy_nearest,True,0.002070903778076172,success
04CB44429C4C80,0,['Arena'],Casa Giulietta,"['Centro Fotografia', 'Sighseeing', 'Torre Lamberti', 'Museo Conte', 'Museo Radio']",Santa Anastasia,strategy_nearest,False,0.0028312206268310547,success
04CB5E429C4C80,3,"['Duomo', 'Santa Anastasia']",Casa Giulietta,"['Centro Fotografia', 'Sighseeing', 'Torre Lamberti', 'Museo Conte', 'Museo Radio']",Arena,strategy_nearest,False,0.0033888816833496094,success
04CB603A9C4C80,0,['Castelvecchio'],Arena,"['Verona Tour', 'Museo Lapidario', 'Museo Radio', 'San Fermo', 'Casa Giulietta']",Casa Giulietta,strategy_nearest,True,0.0028531551361083984,success
04CB74429C4C80,1,"['Arena', 'Casa Giulietta']",Torre Lamberti,"['Sighseeing', 'Centro Fotografia', 'Museo Conte', 'Palazzo della Ragione', 'AMO']",Palazzo della Ragione,strategy_nearest,True,0.002813100814819336,success
04CB783A9C4C80,0,['Castelvecchio'],Arena,"['Verona Tour', 'Museo Lapidario', 'Museo Radio', 'San Fermo', 'Casa Giulietta']",Casa Giulietta,strategy_nearest,True,0.0028700828552246094,success
04CB79429C4C80,1,['Arena'],Casa Giulietta,"['Centro Fotografia', 'Sighseeing', 'Torre Lamberti', 'Museo Conte', 'Museo Radio']",Palazzo della Ragione,strategy_nearest,False,0.0024449825286865234,success
04CB7A3A9C4C80,0,"['Castelvecchio', 'Arena']",Tomba Giulietta,"['San Fermo', 'Museo Storia', 'Museo Lapidario', 'Museo Radio', 'Verona Tour']",Teatro Romano,strategy_nearest,False,0.0032558441162109375,success
04CB7D3A9C4C80,0,['Arena'],Torre Lamberti,"['Sighseeing', 'Centro Fotografia', 'Museo Conte', 'Casa Giulietta', 'Palazzo della Ragione']",Casa Giulietta,strategy_nearest,True,0.0034041404724121094,success
04CB854A9C4C80,3,['Arena'],Santa Anastasia,"['AMO', 'Museo Conte', 'Palazzo della Ragione', 'Teatro Romano', 'Centro Fotografia']",Duomo,strategy_nearest,False,0.0030961036682128906,success
04CB7E4A9C4C80,3,['Arena'],Santa Anastasia,"['AMO', 'Museo Conte', 'Palazzo della Ragione', 'Teatro Romano', 'Centro Fotografia']",Duomo,strategy_nearest,False,0.0035550594329833984,success
04CB8B4A9C4C80,1,['Arena'],Palazzo della Ragione,"['AMO', 'Museo Conte', 'Torre Lamberti', 'Centro Fotografia', 'Sighseeing']",Torre Lamberti,strategy_nearest,True,0.002997159957885742,success
04CB8C3A9C4C80,2,"['Castelvecchio', 'Casa Giulietta']",Torre Lamberti,"['Sighseeing', 'Centro Fotografia', 'Museo Conte', 'Palazzo della Ragione', 'AMO']",Santa Anastasia,strategy_nearest,False,0.002955913543701172,success
04CB8F3A9C4C80,0,['Arena'],Casa Giulietta,"['Centro Fotografia', 'Sighseeing', 'Torre Lamberti', 'Museo Conte', 'Museo Radio']",Arena,strategy_nearest,False,0.002566099166870117,success
04CB904A9C4C80,2,['Teatro Romano'],Santa Anastasia,"['AMO', 'Museo Conte', 'Palazzo della Ragione', 'Centro Fotografia', 'Duomo']",Torre Lamberti,strategy_nearest,False,0.003122091293334961,success
04CB924A9C4C80,2,"['Casa Giulietta', 'Castelvecchio']",San Zeno,"['Verona Tour', 'Museo Lapidario', 'Arena', 'Museo Miniscalchi', 'Sighseeing']",Duomo,strategy_nearest,False,0.0024750232696533203,success
04CBAA429C4C80,1,"['Casa Giulietta', 'Arena']",Museo Lapidario,"['Verona Tour', 'Castelvecchio', 'Museo Radio', 'San Fermo', 'Tomba Giulietta']",Castelvecchio,strategy_nearest,True,0.001856088638305664,success
04CBA6429C4C80,0,"['Arena', 'Castelvecchio']",Torre Lamberti,"['Sighseeing', 'Centro Fotografia', 'Museo Conte', 'Casa Giulietta', 'Palazzo della Ragione']",Casa Giulietta,strategy_nearest,True,0.003996133804321289,success
04CBA83A9C4C80,1,"['San Zeno', 'Castelvecchio', 'Palazzo della Ragione']",Casa Giulietta,"['Centro Fotografia', 'Sighseeing', 'Torre Lamberti', 'Museo Conte', 'Museo Radio']",Arena,strategy_nearest,False,0.0034351348876953125,success
04CBBB3A9C4C80,0,['Arena'],Casa Giulietta,"['Centro Fotografia', 'Sighseeing', 'Torre Lamberti', 'Museo Conte', 'Museo Radio']",Torre Lamberti,strategy_nearest,True,0.0029098987579345703,success
04CBBD3A9C4C80,0,['Arena'],Castelvecchio,"['Museo Lapidario', 'Verona Tour', 'Museo Radio', 'San Zeno', 'Sighseeing']",Casa Giulietta,strategy_nearest,False,0.0038352012634277344,success
04CBC03A9C4C80,3,['Arena'],Torre Lamberti,"['Sighseeing', 'Centro Fotografia', 'Museo Conte', 'Casa Giulietta', 'Palazzo della Ragione']",Casa Giulietta,strategy_nearest,True,0.0026221275329589844,success
04CBC3429C4C80,1,"['Arena', 'Castelvecchio']",Casa Giulietta,"['Centro Fotografia', 'Sighseeing', 'Torre Lamberti', 'Museo Conte', 'Museo Radio']",Torre Lamberti,strategy_nearest,True,0.0036928653717041016,success
04CBC9429C4C80,0,['Arena'],San Fermo,"['Museo Storia', 'Museo Radio', 'Casa Giulietta', 'Centro Fotografia', 'Sighseeing']",Teatro Romano,strategy_nearest,False,0.0020987987518310547,success
04CBC8429C4C80,0,['Arena'],Santa Anastasia,"['AMO', 'Museo Conte', 'Palazzo della Ragione', 'Teatro Romano', 'Centro Fotografia']",Casa Giulietta,strategy_nearest,False,0.0027620792388916016,success
04CBD0429C4C80,2,"['Casa Giulietta', 'Castelvecchio']",Santa Anastasia,"['AMO', 'Museo Conte', 'Palazzo della Ragione', 'Teatro Romano', 'Centro Fotografia']",Duomo,strategy_nearest,False,0.0030798912048339844,success
04CBD63A9C4C80,0,"['Castelvecchio', 'Teatro Romano']",Torre Lamberti,"['Sighseeing', 'Centro Fotografia', 'Museo Conte', 'Casa Giulietta', 'Palazzo della Ragione']",Casa Giulietta,strategy_nearest,True,0.00292205810546875,success
04CBDA429C4C80,3,"['Arena', 'Torre Lamberti']",Duomo,"['AMO', 'Museo Miniscalchi', 'Santa Anastasia', 'Teatro Romano', 'Palazzo della Ragione']",Teatro Romano,strategy_nearest,True,0.002955913543701172,success
04CBD83A9C4C80,3,"['Arena', 'Museo Lapidario', 'Castelvecchio']",Duomo,"['AMO', 'Museo Miniscalchi', 'Santa Anastasia', 'Teatro Romano', 'Palazzo della Ragione']",Santa Anastasia,strategy_nearest,True,0.0023512840270996094,success
04CBDB3A9C4C80,2,"['Casa Giulietta', 'Torre Lamberti', 'Palazzo della Ragione', 'Santa Anastasia']",Duomo,"['AMO', 'Museo Miniscalchi', 'Teatro Romano', 'Museo Conte', 'Centro Fotografia']",Teatro Romano,strategy_nearest,True,0.0035800933837890625,success
04CBDC429C4C80,3,"['Arena', 'Castelvecchio', 'Giardino Giusti', 'Torre Lamberti']",Casa Giulietta,"['Centro Fotografia', 'Sighseeing', 'Museo Conte', 'Museo Radio', 'Palazzo della Ragione']",Teatro Romano,strategy_nearest,False,0.0034399032592773438,success
04CBDE429C4C80,3,"['Arena', 'San Fermo', 'San Zeno']",Castelvecchio,"['Museo Lapidario', 'Verona Tour', 'Museo Radio', 'Sighseeing', 'Museo Miniscalchi']",Santa Anastasia,strategy_nearest,False,0.002557992935180664,success
04CBDC3A9C4C80,1,['Arena'],Palazzo della Ragione,"['AMO', 'Museo Conte', 'Torre Lamberti', 'Centro Fotografia', 'Sighseeing']",Casa Giulietta,strategy_nearest,False,0.002753019332885742,success
04CBDE3A9C4C80,1,['Arena'],Palazzo della Ragione,"['AMO', 'Museo Conte', 'Torre Lamberti', 'Centro Fotografia', 'Sighseeing']",Casa Giulietta,strategy_nearest,False,0.004147052764892578,success
04CBF7429C4C80,0,['Arena'],Casa Giulietta,"['Centro Fotografia', 'Sighseeing', 'Torre Lamberti', 'Museo Conte', 'Museo Radio']",Teatro Romano,strategy_nearest,False,0.0016431808471679688,success
04CBEA3A9C4C80,3,"['Arena', 'Castelvecchio']",San Zeno,"['Verona Tour', 'Museo Lapidario', 'Museo Miniscalchi', 'Sighseeing', 'Museo Radio']",Casa Giulietta,strategy_nearest,False,0.002936840057373047,success
04CBF5429C4C80,2,"['Torre Lamberti', 'Duomo']",Teatro Romano,"['Santa Anastasia', 'AMO', 'Palazzo della Ragione', 'Museo Conte', 'Centro Fotografia']",Giardino Giusti,strategy_nearest,False,0.005033969879150391,success
04CBFB429C4C80,1,['Arena'],Torre Lamberti,"['Sighseeing', 'Centro Fotografia', 'Museo Conte', 'Casa Giulietta', 'Palazzo della Ragione']",Palazzo della Ragione,strategy_nearest,True,0.0034170150756835938,success
04CBFE3A9C4C80,3,"['Arena', 'Santa Anastasia']",Torre Lamberti,"['Sighseeing', 'Centro Fotografia', 'Museo Conte', 'Casa Giulietta', 'Palazzo della Ragione']",Casa Giulietta,strategy_nearest,True,0.003468036651611328,success
04CC1C429C4C80,0,"['Arena', 'Casa Giulietta']",Castelvecchio,"['Museo Lapidario', 'Verona Tour', 'Museo Radio', 'San Zeno', 'Sighseeing']",Museo Lapidario,strategy_nearest,True,0.003314971923828125,success
04CC093A9C4C84,0,"['Arena', 'Casa Giulietta']",Torre Lamberti,"['Sighseeing', 'Centro Fotografia', 'Museo Conte', 'Palazzo della Ragione', 'AMO']",Tomba Giulietta,strategy_nearest,False,0.0027129650115966797,success
04CC163A9C4C84,0,['Arena'],Castelvecchio,"['Museo Lapidario', 'Verona Tour', 'Museo Radio', 'San Zeno', 'Sighseeing']",Giardino Giusti,strategy_nearest,False,0.0041921138763427734,success
04CC313A9C4C80,3,['Arena'],Santa Anastasia,"['AMO', 'Museo Conte', 'Palazzo della Ragione', 'Teatro Romano', 'Centro Fotografia']",Duomo,strategy_nearest,False,0.001650094985961914,success
04CC2F429C4C80,3,"['Arena', 'Castelvecchio', 'Duomo']",Santa Anastasia,"['AMO', 'Museo Conte', 'Palazzo della Ragione', 'Teatro Romano', 'Centro Fotografia']",Torre Lamberti,strategy_nearest,False,0.0027017593383789062,success
04CC1D3A9C4C80,3,"['Arena', 'Casa Giulietta']",Torre Lamberti,"['Sighseeing', 'Centro Fotografia', 'Museo Conte', 'Palazzo della Ragione', 'AMO']",Santa Anastasia,strategy_nearest,False,0.0034172534942626953,success
04CC334A9C4C80,3,"['Castelvecchio', 'Arena', 'Casa Giulietta']",Torre Lamberti,"['Sighseeing', 'Centro Fotografia', 'Museo Conte', 'Palazzo della Ragione', 'AMO']",Santa Anastasia,strategy_nearest,False,0.0031080245971679688,success
04CC403A9C4C80,2,"['Castelvecchio', 'Teatro Romano']",Duomo,"['AMO', 'Museo Miniscalchi', 'Santa Anastasia', 'Palazzo della Ragione', 'Museo Conte']",Casa Giulietta,strategy_nearest,False,0.0038840770721435547,success
04CC3F3A9C4C80,2,['Castelvecchio'],Santa Anastasia,"['AMO', 'Museo Conte', 'Palazzo della Ragione', 'Teatro Romano', 'Centro Fotografia']",Duomo,strategy_nearest,False,0.0021457672119140625,success
04CC343A9C4C80,1,"['San Zeno', 'Duomo']",Arena,"['Verona Tour', 'Museo Lapidario', 'Museo Radio', 'San Fermo', 'Casa Giulietta']",Casa Giulietta,strategy_nearest,True,0.0035293102264404297,success
04CC3C3A9C4C80,3,"['Castelvecchio', 'Arena', 'San Fermo']",Teatro Romano,"['Santa Anastasia', 'Duomo', 'AMO', 'Palazzo della Ragione', 'Museo Conte']",Santa Anastasia,strategy_nearest,True,0.0034151077270507812,success
04CC5F429C4C80,0,['Arena'],Torre Lamberti,"['Sighseeing', 'Centro Fotografia', 'Museo Conte', 'Casa Giulietta', 'Palazzo della Ragione']",Casa Giulietta,strategy_nearest,True,0.0020411014556884766,success
04CC45429C4C80,3,['Arena'],Casa Giulietta,"['Centro Fotografia', 'Sighseeing', 'Torre Lamberti', 'Museo Conte', 'Museo Radio']",Santa Anastasia,strategy_nearest,False,0.002875089645385742,success
04CC42429C4C80,0,['Arena'],Castelvecchio,"['Museo Lapidario', 'Verona Tour', 'Museo Radio', 'San Zeno', 'Sighseeing']",Casa Giulietta,strategy_nearest,False,0.0035758018493652344,success
04CC53429C4C80,3,['Arena'],Casa Giulietta,"['Centro Fotografia', 'Sighseeing', 'Torre Lamberti', 'Museo Conte', 'Museo Radio']",Santa Anastasia,strategy_nearest,False,0.0016138553619384766,success
04CC65429C4C80,0,['Arena'],Casa Giulietta,"['Centro Fotografia', 'Sighseeing', 'Torre Lamberti', 'Museo Conte', 'Museo Radio']",Castelvecchio,strategy_nearest,False,0.0019426345825195312,success
04CC6A429C4C80,2,['Casa Giulietta'],Teatro Romano,"['Santa Anastasia', 'Duomo', 'AMO', 'Palazzo della Ragione', 'Museo Conte']",Castelvecchio,strategy_nearest,False,0.0020029544830322266,success
04CC61429C4C80,0,['Arena'],Torre Lamberti,"['Sighseeing', 'Centro Fotografia', 'Museo Conte', 'Casa Giulietta', 'Palazzo della Ragione']",Casa Giulietta,strategy_nearest,True,0.0033550262451171875,success
04CC763A9C4C80,2,['Castelvecchio'],Casa Giulietta,"['Centro Fotografia', 'Sighseeing', 'Torre Lamberti', 'Museo Conte', 'Museo Radio']",Santa Anastasia,strategy_nearest,False,0.002440929412841797,success
04CC72429C4C80,0,['Arena'],Tomba Giulietta,"['San Fermo', 'Museo Storia', 'Museo Lapidario', 'Museo Radio', 'Verona Tour']",Castelvecchio,strategy_nearest,False,0.004221916198730469,success
04CC7A429C4C80,3,"['Torre Lamberti', 'Santa Anastasia']",Duomo,"['AMO', 'Museo Miniscalchi', 'Teatro Romano', 'Palazzo della Ragione', 'Museo Conte']",San Fermo,strategy_nearest,False,0.002582073211669922,success
04CC76429C4C80,0,['Arena'],Castelvecchio,"['Museo Lapidario', 'Verona Tour', 'Museo Radio', 'San Zeno', 'Sighseeing']",Casa Giulietta,strategy_nearest,False,0.0034940242767333984,success
04CC883A9C4C80,3,"['Arena', 'Castelvecchio']",Casa Giulietta,"['Centro Fotografia', 'Sighseeing', 'Torre Lamberti', 'Museo Conte', 'Museo Radio']",Teatro Romano,strategy_nearest,False,0.002134084701538086,success
04CC84429C4C80,1,['Arena'],Torre Lamberti,"['Sighseeing', 'Centro Fotografia', 'Museo Conte', 'Casa Giulietta', 'Palazzo della Ragione']",Palazzo della Ragione,strategy_nearest,True,0.0034139156341552734,success
04CC88429C4C80,0,['Arena'],Torre Lamberti,"['Sighseeing', 'Centro Fotografia', 'Museo Conte', 'Casa Giulietta', 'Palazzo della Ragione']",Teatro Romano,strategy_nearest,False,0.0025169849395751953,success
04CC8D429C4C80,0,['Arena'],Casa Giulietta,"['Centro Fotografia', 'Sighseeing', 'Torre Lamberti', 'Museo Conte', 'Museo Radio']",Torre Lamberti,strategy_nearest,True,0.0017852783203125,success
04CC8B3A9C4C80,3,"['Arena', 'Casa Giulietta']",Santa Anastasia,"['AMO', 'Museo Conte', 'Palazzo della Ragione', 'Teatro Romano', 'Centro Fotografia']",Duomo,strategy_nearest,False,0.0032269954681396484,success
04CC904A9C4C80,0,"['Museo Lapidario', 'Arena']",Casa Giulietta,"['Centro Fotografia', 'Sighseeing', 'Torre Lamberti', 'Museo Conte', 'Museo Radio']",Torre Lamberti,strategy_nearest,True,0.0027358531951904297,success
04CC8E3A9C4C80,3,['Arena'],Castelvecchio,"['Museo Lapidario', 'Verona Tour', 'Museo Radio', 'San Zeno', 'Sighseeing']",Santa Anastasia,strategy_nearest,False,0.003866910934448242,success
04CC91429C4C80,0,['Arena'],Casa Giulietta,"['Centro Fotografia', 'Sighseeing', 'Torre Lamberti', 'Museo Conte', 'Museo Radio']",Castelvecchio,strategy_nearest,False,0.003353118896484375,success
04CC97429C4C80,0,['Arena'],Casa Giulietta,"['Centro Fotografia', 'Sighseeing', 'Torre Lamberti', 'Museo Conte', 'Museo Radio']",Tomba Giulietta,strategy_nearest,False,0.0034399032592773438,success
04CCAA3A9C4C80,0,['Arena'],Castelvecchio,"['Museo Lapidario', 'Verona Tour', 'Museo Radio', 'San Zeno', 'Sighseeing']",Castelvecchio,strategy_nearest,False,0.004168033599853516,success
04CCB23A9C4C80,2,"['Teatro Romano', 'Duomo']",Santa Anastasia,"['AMO', 'Museo Conte', 'Palazzo della Ragione', 'Centro Fotografia', 'Torre Lamberti']",Castelvecchio,strategy_nearest,False,0.0020961761474609375,success
04CCB1429C4C80,0,['Arena'],Torre Lamberti,"['Sighseeing', 'Centro Fotografia', 'Museo Conte', 'Casa Giulietta', 'Palazzo della Ragione']",Casa Giulietta,strategy_nearest,True,0.0021829605102539062,success
04CCB53A9C4C80,1,"['Arena', 'Casa Giulietta', 'Torre Lamberti', 'Palazzo della Ragione']",Santa Anastasia,"['AMO', 'Museo Conte', 'Teatro Romano', 'Centro Fotografia', 'Duomo']",Duomo,strategy_nearest,True,0.0033111572265625,success
04CCBE3A9C4C80,0,['Arena'],Casa Giulietta,"['Centro Fotografia', 'Sighseeing', 'Torre Lamberti', 'Museo Conte', 'Museo Radio']",Torre Lamberti,strategy_nearest,True,0.002099752426147461,success
04CCC9429C4C80,3,"['Arena', 'Casa Giulietta', 'Santa Anastasia']",Teatro Romano,"['Duomo', 'AMO', 'Palazzo della Ragione', 'Museo Conte', 'Centro Fotografia']",Duomo,strategy_nearest,True,0.0028238296508789062,success
04CCC83A9C4C80,3,"['Arena', 'Casa Giulietta']",Santa Anastasia,"['AMO', 'Museo Conte', 'Palazzo della Ragione', 'Teatro Romano', 'Centro Fotografia']",Duomo,strategy_nearest,False,0.001280069351196289,success
04CCDA3A9C4C80,2,['Casa Giulietta'],Palazzo della Ragione,"['AMO', 'Museo Conte', 'Torre Lamberti', 'Centro Fotografia', 'Sighseeing']",Castelvecchio,strategy_nearest,False,0.003461122512817383,success
04CCEF3A9C4C80,0,['Santa Anastasia'],Casa Giulietta,"['Centro Fotografia', 'Sighseeing', 'Torre Lamberti', 'Museo Conte', 'Museo Radio']",Castelvecchio,strategy_nearest,False,0.0013051033020019531,success
04CCEA429C4C80,2,"['Casa Giulietta', 'Torre Lamberti']",Santa Anastasia,"['AMO', 'Museo Conte', 'Palazzo della Ragione', 'Teatro Romano', 'Centro Fotografia']",Castelvecchio,strategy_nearest,False,0.003445148468017578,success
04CCF13A9C4C80,1,"['Arena', 'Casa Giulietta', 'Torre Lamberti']",Palazzo della Ragione,"['AMO', 'Museo Conte', 'Centro Fotografia', 'Sighseeing', 'Santa Anastasia']",Santa Anastasia,strategy_nearest,True,0.0030562877655029297,success
04CCDD3A9C4C80,0,['Arena'],Casa Giulietta,"['Centro Fotografia', 'Sighseeing', 'Torre Lamberti', 'Museo Conte', 'Museo Radio']",Duomo,strategy_nearest,False,0.0035288333892822266,success
04CCF43A9C4C80,0,['Arena'],Castelvecchio,"['Museo Lapidario', 'Verona Tour', 'Museo Radio', 'San Zeno', 'Sighseeing']",Casa Giulietta,strategy_nearest,False,0.0028409957885742188,success
04CD103A9C4C80,2,['San Fermo'],Santa Anastasia,"['AMO', 'Museo Conte', 'Palazzo della Ragione', 'Teatro Romano', 'Centro Fotografia']",Duomo,strategy_nearest,False,0.003331899642944336,success
04CD0A429C4C84,2,['Torre Lamberti'],Casa Giulietta,"['Centro Fotografia', 'Sighseeing', 'Museo Conte', 'Museo Radio', 'Palazzo della Ragione']",Castelvecchio,strategy_nearest,False,0.003164052963256836,success
04CD0D429C4C84,3,"['Arena', 'Torre Lamberti']",Santa Anastasia,"['AMO', 'Museo Conte', 'Palazzo della Ragione', 'Teatro Romano', 'Centro Fotografia']",Duomo,strategy_nearest,False,0.002292156219482422,success
04CD1D3A9C4C80,0,['Santa Anastasia'],Arena,"['Verona Tour', 'Museo Lapidario', 'Museo Radio', 'San Fermo', 'Casa Giulietta']",Tomba Giulietta,strategy_nearest,False,0.004148006439208984,success
04CD143A9C4C84,2,"['Casa Giulietta', 'Torre Lamberti']",Santa Anastasia,"['AMO', 'Museo Conte', 'Palazzo della Ragione', 'Teatro Romano', 'Centro Fotografia']",Duomo,strategy_nearest,False,0.003596067428588867,success
04CD1B3A9C4C84,2,['Torre Lamberti'],Casa Giulietta,"['Centro Fotografia', 'Sighseeing', 'Museo Conte', 'Museo Radio', 'Palazzo della Ragione']",Duomo,strategy_nearest,False,0.0029549598693847656,success
04CD233A9C4C80,0,['Arena'],Castelvecchio,"['Museo Lapidario', 'Verona Tour', 'Museo Radio', 'San Zeno', 'Sighseeing']",Tomba Giulietta,strategy_nearest,False,0.0017731189727783203,success
04CD2B3A9C4C80,3,"['Castelvecchio', 'Arena']",Casa Giulietta,"['Centro Fotografia', 'Sighseeing', 'Torre Lamberti', 'Museo Conte', 'Museo Radio']",Torre Lamberti,strategy_nearest,True,0.0022749900817871094,success
04CD28429C4C84,0,['Arena'],Casa Giulietta,"['Centro Fotografia', 'Sighseeing', 'Torre Lamberti', 'Museo Conte', 'Museo Radio']",Torre Lamberti,strategy_nearest,True,0.003215789794921875,success
04CD26429C4C84,2,['Duomo'],Santa Anastasia,"['AMO', 'Museo Conte', 'Palazzo della Ragione', 'Teatro Romano', 'Centro Fotografia']",Castelvecchio,strategy_nearest,False,0.0017440319061279297,success
04CD2C3A9C4C80,0,['Arena'],Castelvecchio,"['Museo Lapidario', 'Verona Tour', 'Museo Radio', 'San Zeno', 'Sighseeing']",Torre Lamberti,strategy_nearest,False,0.003639698028564453,success
04CD2E429C4C80,0,['Arena'],Casa Giulietta,"['Centro Fotografia', 'Sighseeing', 'Torre Lamberti', 'Museo Conte', 'Museo Radio']",Tomba Giulietta,strategy_nearest,False,0.0026459693908691406,success
04CD333A9C4C80,3,"['Arena', 'Torre Lamberti']",Santa Anastasia,"['AMO', 'Museo Conte', 'Palazzo della Ragione', 'Teatro Romano', 'Centro Fotografia']",Duomo,strategy_nearest,False,0.0018591880798339844,success
04CD34429C4C80,0,['Arena'],Casa Giulietta,"['Centro Fotografia', 'Sighseeing', 'Torre Lamberti', 'Museo Conte', 'Museo Radio']",Santa Anastasia,strategy_nearest,False,0.0037009716033935547,success
04CD303A9C4C80,1,"['Arena', 'Casa Giulietta', 'Palazzo della Ragione']",Torre Lamberti,"['Sighseeing', 'Centro Fotografia', 'Museo Conte', 'AMO', 'Museo Miniscalchi']",Teatro Romano,strategy_nearest,False,0.003131866455078125,success
04CD36429C4C80,1,"['Castelvecchio', 'Torre Lamberti', 'Palazzo della Ragione']",San Fermo,"['Museo Storia', 'Museo Radio', 'Casa Giulietta', 'Centro Fotografia', 'Arena']",Arena,strategy_nearest,True,0.0018100738525390625,success
04CD354A9C4C80,2,"['Casa Giulietta', 'San Fermo']",San Zeno,"['Castelvecchio', 'Verona Tour', 'Museo Lapidario', 'Arena', 'Museo Miniscalchi']",Castelvecchio,strategy_nearest,True,0.002671957015991211,success
04CD413A9C4C80,1,"['Arena', 'Tomba Giulietta', 'Museo Lapidario', 'Castelvecchio']",Torre Lamberti,"['Sighseeing', 'Centro Fotografia', 'Museo Conte', 'Casa Giulietta', 'Palazzo della Ragione']",Palazzo della Ragione,strategy_nearest,True,0.00356292724609375,success
04CD373A9C4C80,0,['Arena'],Casa Giulietta,"['Centro Fotografia', 'Sighseeing', 'Torre Lamberti', 'Museo Conte', 'Museo Radio']",Museo Lapidario,strategy_nearest,False,0.003131866455078125,success
04CD47429C4C80,0,['Arena'],Casa Giulietta,"['Centro Fotografia', 'Sighseeing', 'Torre Lamberti', 'Museo Conte', 'Museo Radio']",Santa Anastasia,strategy_nearest,False,0.002007722854614258,success
04CD5E429C4C80,0,"['Arena', 'Castelvecchio']",San Fermo,"['Museo Storia', 'Museo Radio', 'Casa Giulietta', 'Centro Fotografia', 'Sighseeing']",Giardino Giusti,strategy_nearest,False,0.003571033477783203,success
04CD4D3A9C4C80,3,"['Castelvecchio', 'Arena']",Casa Giulietta,"['Centro Fotografia', 'Sighseeing', 'Torre Lamberti', 'Museo Conte', 'Museo Radio']",Torre Lamberti,strategy_nearest,True,0.002977132797241211,success
04CD4E429C4C80,0,['Arena'],Torre Lamberti,"['Sighseeing', 'Centro Fotografia', 'Museo Conte', 'Casa Giulietta', 'Palazzo della Ragione']",Casa Giulietta,strategy_nearest,True,0.004922151565551758,success
04CD9E429C4C80,3,"['Arena', 'Santa Anastasia']",Duomo,"['AMO', 'Museo Miniscalchi', 'Teatro Romano', 'Palazzo della Ragione', 'Museo Conte']",Teatro Romano,strategy_nearest,True,0.002444028854370117,success
04CD71429C4C80,3,['Arena'],Casa Giulietta,"['Centro Fotografia', 'Sighseeing', 'Torre Lamberti', 'Museo Conte', 'Museo Radio']",Santa Anastasia,strategy_nearest,False,0.006909847259521484,success
04CD924A9C4C80,1,"['Santa Anastasia', 'Teatro Romano']",Arena,"['Verona Tour', 'Museo Lapidario', 'Museo Radio', 'San Fermo', 'Casa Giulietta']",Casa Giulietta,strategy_nearest,True,0.003180980682373047,success
04CD9E4A9C4C80,3,"['Arena', 'Casa Giulietta']",Castelvecchio,"['Museo Lapidario', 'Verona Tour', 'Museo Radio', 'San Zeno', 'Sighseeing']",Teatro Romano,strategy_nearest,False,0.004549741744995117,success
04CDA54A9C4C80,3,"['Arena', 'Torre Lamberti']",Santa Anastasia,"['AMO', 'Museo Conte', 'Palazzo della Ragione', 'Teatro Romano', 'Centro Fotografia']",Duomo,strategy_nearest,False,0.0025310516357421875,success
04CDA64A9C4C80,0,['Arena'],Casa Giulietta,"['Centro Fotografia', 'Sighseeing', 'Torre Lamberti', 'Museo Conte', 'Museo Radio']",Tomba Giulietta,strategy_nearest,False,0.0030210018157958984,success
04CDB3429C4C80,0,['Arena'],Castelvecchio,"['Museo Lapidario', 'Verona Tour', 'Museo Radio', 'San Zeno', 'Sighseeing']",Casa Giulietta,strategy_nearest,False,0.0033860206604003906,success
04CDB372743380,0,['Casa Giulietta'],Teatro Romano,"['Santa Anastasia', 'Duomo', 'AMO', 'Palazzo della Ragione', 'Museo Conte']",Castelvecchio,strategy_nearest,False,0.00419306755065918,success
04CDB4429C4C80,3,"['Arena', 'Casa Giulietta']",Santa Anastasia,"['AMO', 'Museo Conte', 'Palazzo della Ragione', 'Teatro Romano', 'Centro Fotografia']",Torre Lamberti,strategy_nearest,False,0.0031981468200683594,success
04CDC03A9C4C80,0,['Arena'],Torre Lamberti,"['Sighseeing', 'Centro Fotografia', 'Museo Conte', 'Casa Giulietta', 'Palazzo della Ragione']",Casa Giulietta,strategy_nearest,True,0.0033631324768066406,success
04CDBD3A9C4C80,0,['Arena'],Duomo,"['AMO', 'Museo Miniscalchi', 'Santa Anastasia', 'Teatro Romano', 'Palazzo della Ragione']",Casa Giulietta,strategy_nearest,False,0.002371072769165039,success
04CDC1429C4C80,3,"['Arena', 'Casa Giulietta']",Museo Lapidario,"['Verona Tour', 'Castelvecchio', 'Museo Radio', 'San Fermo', 'Tomba Giulietta']",Tomba Giulietta,strategy_nearest,True,0.0036122798919677734,success
04CDC73A9C4C80,0,"['Casa Giulietta', 'Torre Lamberti']",Teatro Romano,"['Santa Anastasia', 'Duomo', 'AMO', 'Palazzo della Ragione', 'Museo Conte']",Castelvecchio,strategy_nearest,False,0.0029418468475341797,success
04CDC23A9C4C80,0,['Arena'],Castelvecchio,"['Museo Lapidario', 'Verona Tour', 'Museo Radio', 'San Zeno', 'Sighseeing']",Casa Giulietta,strategy_nearest,False,0.002074003219604492,success
04CDC53A9C4C80,1,['Arena'],Casa Giulietta,"['Centro Fotografia', 'Sighseeing', 'Torre Lamberti', 'Museo Conte', 'Museo Radio']",Torre Lamberti,strategy_nearest,True,0.0023810863494873047,success
04CDCB429C4C80,3,"['Arena', 'Casa Giulietta']",Santa Anastasia,"['AMO', 'Museo Conte', 'Palazzo della Ragione', 'Teatro Romano', 'Centro Fotografia']",Teatro Romano,strategy_nearest,True,0.003509044647216797,success
04CDC7429C4C80,0,['Arena'],Casa Giulietta,"['Centro Fotografia', 'Sighseeing', 'Torre Lamberti', 'Museo Conte', 'Museo Radio']",Torre Lamberti,strategy_nearest,True,0.0030231475830078125,success
04CDD33A9C4C80,2,['Duomo'],Santa Anastasia,"['AMO', 'Museo Conte', 'Palazzo della Ragione', 'Teatro Romano', 'Centro Fotografia']",Castelvecchio,strategy_nearest,False,0.0025339126586914062,success
04CDCC3A9C4C80,3,['Arena'],Santa Anastasia,"['AMO', 'Museo Conte', 'Palazzo della Ragione', 'Teatro Romano', 'Centro Fotografia']",Duomo,strategy_nearest,False,0.002221822738647461,success
04CDE83A9C4C80,1,"['Arena', 'Torre Lamberti']",Palazzo della Ragione,"['AMO', 'Museo Conte', 'Centro Fotografia', 'Sighseeing', 'Santa Anastasia']",Casa Giulietta,strategy_nearest,False,0.002187013626098633,success
04CDF1429C4C80,1,"['Palazzo della Ragione', 'Torre Lamberti', 'Castelvecchio']",Arena,"['Verona Tour', 'Museo Lapidario', 'Museo Radio', 'San Fermo', 'Casa Giulietta']",Santa Anastasia,strategy_nearest,False,0.0026559829711914062,success
04CDD83A9C4C80,1,"['Casa Giulietta', 'Torre Lamberti', 'Palazzo della Ragione', 'Santa Anastasia']",Duomo,"['AMO', 'Museo Miniscalchi', 'Teatro Romano', 'Museo Conte', 'Centro Fotografia']",Castelvecchio,strategy_nearest,False,0.0013670921325683594,success
04CDD53A9C4C80,2,"['Castelvecchio', 'Torre Lamberti']",Palazzo della Ragione,"['AMO', 'Museo Conte', 'Centro Fotografia', 'Sighseeing', 'Santa Anastasia']",Torre Lamberti,strategy_nearest,False,0.0034940242767333984,success
04CDFA429C4C80,3,"['Arena', 'Castelvecchio']",Santa Anastasia,"['AMO', 'Museo Conte', 'Palazzo della Ragione', 'Teatro Romano', 'Centro Fotografia']",Casa Giulietta,strategy_nearest,False,0.002286195755004883,success
04CDF43A9C4C80,0,['Arena'],Casa Giulietta,"['Centro Fotografia', 'Sighseeing', 'Torre Lamberti', 'Museo Conte', 'Museo Radio']",Santa Anastasia,strategy_nearest,False,0.0015468597412109375,success
04CDFB3A9C4C80,1,"['Arena', 'San Fermo']",Palazzo della Ragione,"['AMO', 'Museo Conte', 'Torre Lamberti', 'Centro Fotografia', 'Sighseeing']",Santa Anastasia,strategy_nearest,False,0.0036211013793945312,success
04CDF23A9C4C80,0,['Arena'],Casa Giulietta,"['Centro Fotografia', 'Sighseeing', 'Torre Lamberti', 'Museo Conte', 'Museo Radio']",Castelvecchio,strategy_nearest,False,0.003119230270385742,success
04CE00429C4C84,1,"['Arena', 'Casa Giulietta', 'Torre Lamberti']",Palazzo della Ragione,"['AMO', 'Museo Conte', 'Centro Fotografia', 'Sighseeing', 'Santa Anastasia']",Castelvecchio,strategy_nearest,False,0.0019578933715820312,success
04CDFD3A9C4C80,0,['Arena'],Casa Giulietta,"['Centro Fotografia', 'Sighseeing', 'Torre Lamberti', 'Museo Conte', 'Museo Radio']",Palazzo della Ragione,strategy_nearest,False,0.0034799575805664062,success
04CE013A9C4C84,0,['Arena'],Casa Giulietta,"['Centro Fotografia', 'Sighseeing', 'Torre Lamberti', 'Museo Conte', 'Museo Radio']",Santa Anastasia,strategy_nearest,False,0.0027899742126464844,success
04CE023A9C4C84,1,"['Arena', 'Palazzo della Ragione']",Santa Anastasia,"['AMO', 'Museo Conte', 'Teatro Romano', 'Centro Fotografia', 'Duomo']",Duomo,strategy_nearest,True,0.0034809112548828125,success
04CE093A9C4C84,4,"['Museo Radio', 'Tomba Giulietta']",Casa Giulietta,"['Centro Fotografia', 'Sighseeing', 'Torre Lamberti', 'Museo Conte', 'Palazzo della Ragione']",Torre Lamberti,strategy_nearest,True,0.003258228302001953,success
04CE0A429C4C84,2,['Teatro Romano'],Castelvecchio,"['Museo Lapidario', 'Verona Tour', 'Arena', 'Museo Radio', 'San Zeno']",Giardino Giusti,strategy_nearest,False,0.0025773048400878906,success
04CE0E429C4C84,0,['Arena'],Casa Giulietta,"['Centro Fotografia', 'Sighseeing', 'Torre Lamberti', 'Museo Conte', 'Museo Radio']",Torre Lamberti,strategy_nearest,True,0.0032041072845458984,success
04CE0F3A9C4C80,2,"['San Zeno', 'Castelvecchio']",Casa Giulietta,"['Centro Fotografia', 'Sighseeing', 'Torre Lamberti', 'Museo Conte', 'Museo Radio']",Torre Lamberti,strategy_nearest,True,0.003076791763305664,success
04CE253A9C4C80,3,['Arena'],Torre Lamberti,"['Sighseeing', 'Centro Fotografia', 'Museo Conte', 'Casa Giulietta', 'Palazzo della Ragione']",Casa Giulietta,strategy_nearest,True,0.0017552375793457031,success
04CE133A9C4C84,3,"['Arena', 'Castelvecchio']",Duomo,"['AMO', 'Museo Miniscalchi', 'Santa Anastasia', 'Teatro Romano', 'Palazzo della Ragione']",Santa Anastasia,strategy_nearest,True,0.003319978713989258,success
04CE2D429C4C80,0,['Arena'],Casa Giulietta,"['Centro Fotografia', 'Sighseeing', 'Torre Lamberti', 'Museo Conte', 'Museo Radio']",Tomba Giulietta,strategy_nearest,False,0.004058837890625,success
04CE2E3A9C4C80,3,"['Arena', 'Museo Lapidario', 'Castelvecchio']",Torre Lamberti,"['Sighseeing', 'Centro Fotografia', 'Museo Conte', 'Casa Giulietta', 'Palazzo della Ragione']",Casa Giulietta,strategy_nearest,True,0.002786874771118164,success
04CE2E429C4C80,0,['Arena'],Casa Giulietta,"['Centro Fotografia', 'Sighseeing', 'Torre Lamberti', 'Museo Conte', 'Museo Radio']",Santa Anastasia,strategy_nearest,False,0.0013399124145507812,success
04CE303A9C4C80,3,"['Arena', 'Casa Giulietta']",Torre Lamberti,"['Sighseeing', 'Centro Fotografia', 'Museo Conte', 'Palazzo della Ragione', 'AMO']",Santa Anastasia,strategy_nearest,False,0.003371000289916992,success
04CE4C3A9C4C80,1,"['Arena', 'Museo Lapidario', 'Casa Giulietta']",Torre Lamberti,"['Sighseeing', 'Centro Fotografia', 'Museo Conte', 'Palazzo della Ragione', 'AMO']",Palazzo della Ragione,strategy_nearest,True,0.002122163772583008,success
04CE44429C4C80,2,"['Palazzo della Ragione', 'Torre Lamberti', 'Casa Giulietta']",Santa Anastasia,"['AMO', 'Museo Conte', 'Teatro Romano', 'Centro Fotografia', 'Duomo']",Castelvecchio,strategy_nearest,False,0.0012793540954589844,success
04CE543A9C4C80,0,['Arena'],Casa Giulietta,"['Centro Fotografia', 'Sighseeing', 'Torre Lamberti', 'Museo Conte', 'Museo Radio']",Torre Lamberti,strategy_nearest,True,0.0028531551361083984,success
04CE5F429C4C80,0,"['Arena', 'Casa Giulietta']",Torre Lamberti,"['Sighseeing', 'Centro Fotografia', 'Museo Conte', 'Palazzo della Ragione', 'AMO']",Duomo,strategy_nearest,False,0.002344846725463867,success
04CE6A3A9C4C80,3,"['Torre Lamberti', 'Casa Giulietta', 'Duomo']",Arena,"['Verona Tour', 'Museo Lapidario', 'Museo Radio', 'San Fermo', 'Sighseeing']",Castelvecchio,strategy_nearest,False,0.0027399063110351562,success
04CE74429C4C80,2,['Teatro Romano'],Duomo,"['AMO', 'Museo Miniscalchi', 'Santa Anastasia', 'Palazzo della Ragione', 'Museo Conte']",Casa Giulietta,strategy_nearest,False,0.00335693359375,success
04CE72429C4C80,2,['Casa Giulietta'],Santa Anastasia,"['AMO', 'Museo Conte', 'Palazzo della Ragione', 'Teatro Romano', 'Centro Fotografia']",Duomo,strategy_nearest,False,0.003457784652709961,success
04CE7A3A9C4C80,3,"['Santa Anastasia', 'Casa Giulietta']",Arena,"['Verona Tour', 'Museo Lapidario', 'Museo Radio', 'San Fermo', 'Sighseeing']",Torre Lamberti,strategy_nearest,False,0.0031299591064453125,success
04CE824A9C4C80,3,['Arena'],Casa Giulietta,"['Centro Fotografia', 'Sighseeing', 'Torre Lamberti', 'Museo Conte', 'Museo Radio']",Santa Anastasia,strategy_nearest,False,0.00244140625,success
04CE7B4A9C4C80,3,"['Arena', 'Museo Lapidario']",Castelvecchio,"['Verona Tour', 'Museo Radio', 'San Zeno', 'Sighseeing', 'Museo Miniscalchi']",Duomo,strategy_nearest,False,0.002696990966796875,success
04CE90429C4C80,3,"['Arena', 'Castelvecchio']",Torre Lamberti,"['Sighseeing', 'Centro Fotografia', 'Museo Conte', 'Casa Giulietta', 'Palazzo della Ragione']",Casa Giulietta,strategy_nearest,True,0.0028581619262695312,success
04CE91429C4C80,0,['Arena'],Castelvecchio,"['Museo Lapidario', 'Verona Tour', 'Museo Radio', 'San Zeno', 'Sighseeing']",Casa Giulietta,strategy_nearest,False,0.003055095672607422,success
04CE96429C4C80,1,"['Teatro Romano', 'Casa Giulietta', 'Torre Lamberti']",Palazzo della Ragione,"['AMO', 'Museo Conte', 'Centro Fotografia', 'Sighseeing', 'Santa Anastasia']",Arena,strategy_nearest,False,0.0024480819702148438,success
04CEA64A9C4C80,1,"['Casa Giulietta', 'Palazzo della Ragione', 'Torre Lamberti']",Santa Anastasia,"['AMO', 'Museo Conte', 'Teatro Romano', 'Centro Fotografia', 'Duomo']",Teatro Romano,strategy_nearest,True,0.0025129318237304688,success
04CE97429C4C80,3,['Arena'],Santa Anastasia,"['AMO', 'Museo Conte', 'Palazzo della Ragione', 'Teatro Romano', 'Centro Fotografia']",Teatro Romano,strategy_nearest,True,0.004091024398803711,success
04CEAB429C4C80,2,"['Castelvecchio', 'San Zeno']",Torre Lamberti,"['Sighseeing', 'Centro Fotografia', 'Museo Conte', 'Casa Giulietta', 'Palazzo della Ragione']",Duomo,strategy_nearest,False,0.002444744110107422,success
04CEAA429C4C80,3,"['Casa Giulietta', 'Arena']",Santa Anastasia,"['AMO', 'Museo Conte', 'Palazzo della Ragione', 'Teatro Romano', 'Centro Fotografia']",Duomo,strategy_nearest,False,0.00422215461730957,success
04CEAC429C4C80,3,"['Arena', 'Casa Giulietta']",Duomo,"['AMO', 'Museo Miniscalchi', 'Santa Anastasia', 'Teatro Romano', 'Palazzo della Ragione']",Teatro Romano,strategy_nearest,True,0.0034182071685791016,success
04CEB0429C4C80,1,['Palazzo della Ragione'],Torre Lamberti,"['Sighseeing', 'Centro Fotografia', 'Museo Conte', 'Casa Giulietta', 'AMO']",Arena,strategy_nearest,False,0.003100872039794922,success
04CEC13A9C4C80,0,['Arena'],Casa Giulietta,"['Centro Fotografia', 'Sighseeing', 'Torre Lamberti', 'Museo Conte', 'Museo Radio']",Castelvecchio,strategy_nearest,False,0.0025322437286376953,success
04CEC93A9C4C80,0,['Arena'],Casa Giulietta,"['Centro Fotografia', 'Sighseeing', 'Torre Lamberti', 'Museo Conte', 'Museo Radio']",Torre Lamberti,strategy_nearest,True,0.003098011016845703,success
04CEB4429C4C80,0,"['Casa Giulietta', 'Torre Lamberti']",San Fermo,"['Museo Storia', 'Museo Radio', 'Centro Fotografia', 'Arena', 'Sighseeing']",Tomba Giulietta,strategy_nearest,False,0.0034379959106445312,success
04CED13A9C4C80,3,"['Arena', 'Casa Giulietta']",Santa Anastasia,"['AMO', 'Museo Conte', 'Palazzo della Ragione', 'Teatro Romano', 'Centro Fotografia']",Torre Lamberti,strategy_nearest,False,0.0030798912048339844,success
04CED7429C4C80,2,"['San Zeno', 'Castelvecchio']",Duomo,"['AMO', 'Museo Miniscalchi', 'Santa Anastasia', 'Teatro Romano', 'Palazzo della Ragione']",Santa Anastasia,strategy_nearest,True,0.0030090808868408203,success
04CED8429C4C80,1,"['Museo Lapidario', 'Castelvecchio', 'Casa Giulietta']",Tomba Giulietta,"['San Fermo', 'Museo Storia', 'Arena', 'Museo Radio', 'Verona Tour']",Arena,strategy_nearest,True,0.002679109573364258,success
04CEE73A9C4C80,3,"['Arena', 'Castelvecchio']",San Zeno,"['Verona Tour', 'Museo Lapidario', 'Museo Miniscalchi', 'Sighseeing', 'Museo Radio']",Casa Giulietta,strategy_nearest,False,0.0033800601959228516,success
04CEED3A9C4C80,0,['Arena'],Museo Lapidario,"['Verona Tour', 'Castelvecchio', 'Museo Radio', 'San Fermo', 'Casa Giulietta']",Casa Giulietta,strategy_nearest,True,0.0031681060791015625,success
04CF023A9C4C84,1,['Arena'],Torre Lamberti,"['Sighseeing', 'Centro Fotografia', 'Museo Conte', 'Casa Giulietta', 'Palazzo della Ragione']",Palazzo della Ragione,strategy_nearest,True,0.002407073974609375,success
04CEF73A9C4C80,0,['Arena'],Castelvecchio,"['Museo Lapidario', 'Verona Tour', 'Museo Radio', 'San Zeno', 'Sighseeing']",San Zeno,strategy_nearest,True,0.0036737918853759766,success
04CF053A9C4C84,6,"['Arena', 'Casa Giulietta']",Torre Lamberti,"['Sighseeing', 'Centro Fotografia', 'Museo Conte', 'Palazzo della Ragione', 'AMO']",Verona Tour,strategy_nearest,False,0.002699136734008789,success
04CF0E3A9C4C84,0,['Castelvecchio'],Torre Lamberti,"['Sighseeing', 'Centro Fotografia', 'Museo Conte', 'Casa Giulietta', 'Palazzo della Ragione']",Arena,strategy_nearest,False,0.0034079551696777344,success
04CF103A9C4C80,3,"['Arena', 'Torre Lamberti']",Santa Anastasia,"['AMO', 'Museo Conte', 'Palazzo della Ragione', 'Teatro Romano', 'Centro Fotografia']",Teatro Romano,strategy_nearest,True,0.004069328308105469,success
04CF0E429C4C84,1,"['Arena', 'Torre Lamberti']",Palazzo della Ragione,"['AMO', 'Museo Conte', 'Centro Fotografia', 'Sighseeing', 'Santa Anastasia']",Santa Anastasia,strategy_nearest,True,0.003282308578491211,success
04CF103A9C4C84,1,['Arena'],Torre Lamberti,"['Sighseeing', 'Centro Fotografia', 'Museo Conte', 'Casa Giulietta', 'Palazzo della Ragione']",Palazzo della Ragione,strategy_nearest,True,0.0040628910064697266,success
04CF1C429C4C80,3,"['Castelvecchio', 'Arena', 'San Fermo', 'Casa Giulietta']",San Zeno,"['Verona Tour', 'Museo Lapidario', 'Museo Miniscalchi', 'Sighseeing', 'Museo Radio']",Torre Lamberti,strategy_nearest,False,0.00215911865234375,success
04CF153A9C4C84,1,"['Arena', 'Museo Lapidario']",Casa Giulietta,"['Centro Fotografia', 'Sighseeing', 'Torre Lamberti', 'Museo Conte', 'Museo Radio']",Torre Lamberti,strategy_nearest,True,0.0028989315032958984,success
04CF10429C4C80,0,['Arena'],Casa Giulietta,"['Centro Fotografia', 'Sighseeing', 'Torre Lamberti', 'Museo Conte', 'Museo Radio']",Castelvecchio,strategy_nearest,False,0.0016279220581054688,success
04CF223A9C4C84,1,"['Castelvecchio', 'Arena']",Casa Giulietta,"['Centro Fotografia', 'Sighseeing', 'Torre Lamberti', 'Museo Conte', 'Museo Radio']",Palazzo della Ragione,strategy_nearest,False,0.003381967544555664,success
04CF27429C4C80,2,"['Castelvecchio', 'Casa Giulietta', 'Teatro Romano']",Duomo,"['AMO', 'Museo Miniscalchi', 'Santa Anastasia', 'Palazzo della Ragione', 'Museo Conte']",Santa Anastasia,strategy_nearest,True,0.0018732547760009766,success
04CF253A9C4C84,0,['Arena'],Duomo,"['AMO', 'Museo Miniscalchi', 'Santa Anastasia', 'Teatro Romano', 'Palazzo della Ragione']",Torre Lamberti,strategy_nearest,False,0.003548145294189453,success
04CF23429C4C84,0,['Arena'],Casa Giulietta,"['Centro Fotografia', 'Sighseeing', 'Torre Lamberti', 'Museo Conte', 'Museo Radio']",Castelvecchio,strategy_nearest,False,0.002783060073852539,success
04CF2E429C4C80,3,"['Santa Anastasia', 'Teatro Romano', 'Duomo']",Torre Lamberti,"['Sighseeing', 'Centro Fotografia', 'Museo Conte', 'Casa Giulietta', 'Palazzo della Ragione']",Arena,strategy_nearest,False,0.0021820068359375,success
04CF273A9C4C80,0,['Arena'],Casa Giulietta,"['Centro Fotografia', 'Sighseeing', 'Torre Lamberti', 'Museo Conte', 'Museo Radio']",Torre Lamberti,strategy_nearest,True,0.0034859180450439453,success
04CF48429C4C80,0,['Arena'],Casa Giulietta,"['Centro Fotografia', 'Sighseeing', 'Torre Lamberti', 'Museo Conte', 'Museo Radio']",Torre Lamberti,strategy_nearest,True,0.0021791458129882812,success
04CF3E3A9C4C80,0,['Casa Giulietta'],Arena,"['Verona Tour', 'Museo Lapidario', 'Museo Radio', 'San Fermo', 'Sighseeing']",San Fermo,strategy_nearest,True,0.0016701221466064453,success
04CF36429C4C80,1,"['Castelvecchio', 'Arena', 'Palazzo della Ragione']",Casa Giulietta,"['Centro Fotografia', 'Sighseeing', 'Torre Lamberti', 'Museo Conte', 'Museo Radio']",Teatro Romano,strategy_nearest,False,0.0029287338256835938,success
04CF4C429C4C80,3,['Arena'],Casa Giulietta,"['Centro Fotografia', 'Sighseeing', 'Torre Lamberti', 'Museo Conte', 'Museo Radio']",Santa Anastasia,strategy_nearest,False,0.003342151641845703,success
04CF4D429C4C80,3,"['Arena', 'Castelvecchio', 'Duomo', 'Santa Anastasia']",San Fermo,"['Museo Storia', 'Museo Radio', 'Casa Giulietta', 'Centro Fotografia', 'Sighseeing']",San Zeno,strategy_nearest,False,0.001961946487426758,success
04CF533A9C4C80,1,"['Arena', 'Torre Lamberti']",Palazzo della Ragione,"['AMO', 'Museo Conte', 'Centro Fotografia', 'Sighseeing', 'Santa Anastasia']",Casa Giulietta,strategy_nearest,False,0.002721071243286133,success
04CF51429C4C80,3,"['Museo Lapidario', 'Arena']",San Fermo,"['Museo Storia', 'Museo Radio', 'Casa Giulietta', 'Centro Fotografia', 'Sighseeing']",Casa Giulietta,strategy_nearest,True,0.0022628307342529297,success
04CF54429C4C80,0,['Arena'],Casa Giulietta,"['Centro Fotografia', 'Sighseeing', 'Torre Lamberti', 'Museo Conte', 'Museo Radio']",Torre Lamberti,strategy_nearest,True,0.0031480789184570312,success
04CF643A9C4C80,2,"['Casa Giulietta', 'San Fermo']",Castelvecchio,"['Museo Lapidario', 'Verona Tour', 'Arena', 'Museo Radio', 'San Zeno']",Duomo,strategy_nearest,False,0.0017361640930175781,success
04CF753A9C4C80,0,['Arena'],Tomba Giulietta,"['San Fermo', 'Museo Storia', 'Museo Lapidario', 'Museo Radio', 'Verona Tour']",Casa Giulietta,strategy_nearest,False,0.002108335494995117,success
04CF78429C4C80,0,"['Arena', 'Casa Giulietta']",Torre Lamberti,"['Sighseeing', 'Centro Fotografia', 'Museo Conte', 'Palazzo della Ragione', 'AMO']",Teatro Romano,strategy_nearest,False,0.0026769638061523438,success
04CF803A9C4C80,0,['Torre Lamberti'],Casa Giulietta,"['Centro Fotografia', 'Sighseeing', 'Museo Conte', 'Museo Radio', 'Palazzo della Ragione']",Arena,strategy_nearest,False,0.0020401477813720703,success
04CF7A3A9C4C80,0,['Arena'],Casa Giulietta,"['Centro Fotografia', 'Sighseeing', 'Torre Lamberti', 'Museo Conte', 'Museo Radio']",Tomba Giulietta,strategy_nearest,False,0.0026891231536865234,success
04CF80429C4C80,1,"['Arena', 'Casa Giulietta']",Torre Lamberti,"['Sighseeing', 'Centro Fotografia', 'Museo Conte', 'Palazzo della Ragione', 'AMO']",Palazzo della Ragione,strategy_nearest,True,0.002599000930786133,success
04CF823A9C4C80,2,"['Teatro Romano', 'Duomo']",Casa Giulietta,"['Centro Fotografia', 'Sighseeing', 'Torre Lamberti', 'Museo Conte', 'Museo Radio']",Torre Lamberti,strategy_nearest,True,0.002977609634399414,success
04CF8C4A9C4C80,1,['Arena'],Casa Giulietta,"['Centro Fotografia', 'Sighseeing', 'Torre Lamberti', 'Museo Conte', 'Museo Radio']",Torre Lamberti,strategy_nearest,True,0.0018413066864013672,success
04CF83429C4C80,3,['Arena'],Museo Lapidario,"['Verona Tour', 'Castelvecchio', 'Museo Radio', 'San Fermo', 'Casa Giulietta']",Torre Lamberti,strategy_nearest,False,0.0024428367614746094,success
04CFA8429C4C80,0,['Castelvecchio'],San Zeno,"['Verona Tour', 'Museo Lapidario', 'Arena', 'Museo Miniscalchi', 'Sighseeing']",Teatro Romano,strategy_nearest,False,0.002714872360229492,success
04CFAA4A9C4C80,3,['Arena'],Casa Giulietta,"['Centro Fotografia', 'Sighseeing', 'Torre Lamberti', 'Museo Conte', 'Museo Radio']",Santa Anastasia,strategy_nearest,False,0.004422903060913086,success
04CFB0429C4C80,2,['Santa Anastasia'],Duomo,"['AMO', 'Museo Miniscalchi', 'Teatro Romano', 'Palazzo della Ragione', 'Museo Conte']",Castelvecchio,strategy_nearest,False,0.0012791156768798828,success
04CFAC429C4C80,1,"['Arena', 'Casa Giulietta']",Palazzo della Ragione,"['AMO', 'Museo Conte', 'Torre Lamberti', 'Centro Fotografia', 'Sighseeing']",Torre Lamberti,strategy_nearest,True,0.0033941268920898438,success
04CFB33A9C4C80,0,"['Castelvecchio', 'Arena']",Torre Lamberti,"['Sighseeing', 'Centro Fotografia', 'Museo Conte', 'Casa Giulietta', 'Palazzo della Ragione']",Duomo,strategy_nearest,False,0.0031881332397460938,success
04CFB73A9C4C80,3,['Arena'],Santa Anastasia,"['AMO', 'Museo Conte', 'Palazzo della Ragione', 'Teatro Romano', 'Centro Fotografia']",Duomo,strategy_nearest,False,0.0021431446075439453,success
04CFB9429C4C80,2,['Casa Giulietta'],Torre Lamberti,"['Sighseeing', 'Centro Fotografia', 'Museo Conte', 'Palazzo della Ragione', 'AMO']",Palazzo della Ragione,strategy_nearest,True,0.0023009777069091797,success
04CFBE3A9C4C80,3,['Arena'],Casa Giulietta,"['Centro Fotografia', 'Sighseeing', 'Torre Lamberti', 'Museo Conte', 'Museo Radio']",Santa Anastasia,strategy_nearest,False,0.003100872039794922,success
04CFC23A9C4C80,3,"['Arena', 'San Fermo']",Casa Giulietta,"['Centro Fotografia', 'Sighseeing', 'Torre Lamberti', 'Museo Conte', 'Museo Radio']",Santa Anastasia,strategy_nearest,False,0.0035610198974609375,success
04CFC53A9C4C80,3,"['Arena', 'San Fermo']",Torre Lamberti,"['Sighseeing', 'Centro Fotografia', 'Museo Conte', 'Casa Giulietta', 'Palazzo della Ragione']",Santa Anastasia,strategy_nearest,False,0.002154827117919922,success
04CFC2429C4C80,3,"['San Zeno', 'Castelvecchio']",Santa Anastasia,"['AMO', 'Museo Conte', 'Palazzo della Ragione', 'Teatro Romano', 'Centro Fotografia']",Duomo,strategy_nearest,False,0.001558065414428711,success
04CFC7429C4C80,3,"['Arena', 'Castelvecchio']",Torre Lamberti,"['Sighseeing', 'Centro Fotografia', 'Museo Conte', 'Casa Giulietta', 'Palazzo della Ragione']",Santa Anastasia,strategy_nearest,False,0.0026488304138183594,success
04CFCD429C4C80,3,"['Castelvecchio', 'Arena', 'Torre Lamberti']",Casa Giulietta,"['Centro Fotografia', 'Sighseeing', 'Museo Conte', 'Museo Radio', 'Palazzo della Ragione']",Santa Anastasia,strategy_nearest,False,0.0030889511108398438,success
04CFCE429C4C80,3,"['Castelvecchio', 'San Zeno', 'Arena']",Santa Anastasia,"['AMO', 'Museo Conte', 'Palazzo della Ragione', 'Teatro Romano', 'Centro Fotografia']",Duomo,strategy_nearest,False,0.002106904983520508,success
04CFD03A9C4C80,0,['Arena'],Casa Giulietta,"['Centro Fotografia', 'Sighseeing', 'Torre Lamberti', 'Museo Conte', 'Museo Radio']",Santa Anastasia,strategy_nearest,False,0.0028028488159179688,success
04CFD0429C4C80,3,"['Casa Giulietta', 'Santa Anastasia']",Duomo,"['AMO', 'Museo Miniscalchi', 'Teatro Romano', 'Palazzo della Ragione', 'Museo Conte']",San Fermo,strategy_nearest,False,0.0033750534057617188,success
04CFD3429C4C80,1,"['Castelvecchio', 'Casa Giulietta', 'San Fermo', 'Tomba Giulietta']",Museo Lapidario,"['Verona Tour', 'Arena', 'Museo Radio', 'Sighseeing', 'Torre Lamberti']",Arena,strategy_nearest,True,0.001911163330078125,success
04CFDC3A9C4C80,2,"['Castelvecchio', 'Torre Lamberti', 'Santa Anastasia']",Duomo,"['AMO', 'Museo Miniscalchi', 'Teatro Romano', 'Palazzo della Ragione', 'Museo Conte']",Tomba Giulietta,strategy_nearest,False,0.0019152164459228516,success
04CFD93A9C4C80,0,['Arena'],Casa Giulietta,"['Centro Fotografia', 'Sighseeing', 'Torre Lamberti', 'Museo Conte', 'Museo Radio']",Santa Anastasia,strategy_nearest,False,0.0036950111389160156,success
04CFDE3A9C4C80,2,['Palazzo della Ragione'],Duomo,"['AMO', 'Museo Miniscalchi', 'Santa Anastasia', 'Teatro Romano', 'Museo Conte']",Casa Giulietta,strategy_nearest,False,0.002319812774658203,success
04CFEC3A9C4C80,0,['Arena'],Casa Giulietta,"['Centro Fotografia', 'Sighseeing', 'Torre Lamberti', 'Museo Conte', 'Museo Radio']",Torre Lamberti,strategy_nearest,True,0.0016262531280517578,success
04CFF13A9C4C80,0,"['Arena', 'Duomo']",Museo Lapidario,"['Verona Tour', 'Castelvecchio', 'Museo Radio', 'San Fermo', 'Casa Giulietta']",Castelvecchio,strategy_nearest,True,0.0025262832641601562,success
04CFF53A9C4C80,3,['Arena'],Santa Anastasia,"['AMO', 'Museo Conte', 'Palazzo della Ragione', 'Teatro Romano', 'Centro Fotografia']",Duomo,strategy_nearest,False,0.0034248828887939453,success
04CFFB3A9C4C80,0,['Arena'],Torre Lamberti,"['Sighseeing', 'Centro Fotografia', 'Museo Conte', 'Casa Giulietta', 'Palazzo della Ragione']",Castelvecchio,strategy_nearest,False,0.0018620491027832031,success
04D0003A9C4C84,3,['Torre Lamberti'],Casa Giulietta,"['Centro Fotografia', 'Sighseeing', 'Museo Conte', 'Museo Radio', 'Palazzo della Ragione']",Santa Anastasia,strategy_nearest,False,0.0031690597534179688,success
04D002429C4C84,3,"['Castelvecchio', 'Arena', 'Casa Giulietta']",Santa Anastasia,"['AMO', 'Museo Conte', 'Palazzo della Ragione', 'Teatro Romano', 'Centro Fotografia']",San Fermo,strategy_nearest,False,0.0022079944610595703,success
04D0133A9C4C80,0,['Santa Anastasia'],Casa Giulietta,"['Centro Fotografia', 'Sighseeing', 'Torre Lamberti', 'Museo Conte', 'Museo Radio']",Arena,strategy_nearest,False,0.002110004425048828,success
04D014429C4C80,0,"['Arena', 'Torre Lamberti']",Casa Giulietta,"['Centro Fotografia', 'Sighseeing', 'Museo Conte', 'Museo Radio', 'Palazzo della Ragione']",Giardino Giusti,strategy_nearest,False,0.003347158432006836,success
04D00F3A9C4C80,3,"['Castelvecchio', 'Torre Lamberti']",Arena,"['Verona Tour', 'Museo Lapidario', 'Museo Radio', 'San Fermo', 'Casa Giulietta']",Teatro Romano,strategy_nearest,False,0.0029261112213134766,success
04D0143A9C4C84,0,['Arena'],Casa Giulietta,"['Centro Fotografia', 'Sighseeing', 'Torre Lamberti', 'Museo Conte', 'Museo Radio']",Torre Lamberti,strategy_nearest,True,0.002869129180908203,success
04D01F429C4C84,2,['Torre Lamberti'],Santa Anastasia,"['AMO', 'Museo Conte', 'Palazzo della Ragione', 'Teatro Romano', 'Centro Fotografia']",Giardino Giusti,strategy_nearest,False,0.001544952392578125,success
04D019429C4C84,3,"['Arena', 'Casa Giulietta']",Torre Lamberti,"['Sighseeing', 'Centro Fotografia', 'Museo Conte', 'Palazzo della Ragione', 'AMO']",Santa Anastasia,strategy_nearest,False,0.003013134002685547,success
04D01E4A9C4C80,3,"['Arena', 'Casa Giulietta', 'Torre Lamberti']",Teatro Romano,"['Santa Anastasia', 'Duomo', 'AMO', 'Palazzo della Ragione', 'Museo Conte']",Castelvecchio,strategy_nearest,False,0.0023381710052490234,success
04D0204A9C4C80,0,"['Casa Giulietta', 'Torre Lamberti']",Castelvecchio,"['Museo Lapidario', 'Verona Tour', 'Arena', 'Museo Radio', 'San Zeno']",San Zeno,strategy_nearest,True,0.0035791397094726562,success
04D0263A9C4C84,3,"['Arena', 'Castelvecchio']",San Zeno,"['Verona Tour', 'Museo Lapidario', 'Museo Miniscalchi', 'Sighseeing', 'Museo Radio']",Santa Anastasia,strategy_nearest,False,0.001233816146850586,success
04D0273A9C4C80,3,['Arena'],Casa Giulietta,"['Centro Fotografia', 'Sighseeing', 'Torre Lamberti', 'Museo Conte', 'Museo Radio']",Santa Anastasia,strategy_nearest,False,0.003637075424194336,success
04D028429C4C84,1,"['Teatro Romano', 'Duomo', 'Santa Anastasia']",Casa Giulietta,"['Centro Fotografia', 'Sighseeing', 'Torre Lamberti', 'Museo Conte', 'Museo Radio']",Arena,strategy_nearest,False,0.0029020309448242188,success
04D0243A9C4C84,0,['Arena'],Casa Giulietta,"['Centro Fotografia', 'Sighseeing', 'Torre Lamberti', 'Museo Conte', 'Museo Radio']",Torre Lamberti,strategy_nearest,True,0.0030279159545898438,success
04D02B4A9C4C80,0,"['Casa Giulietta', 'Giardino Giusti']",Arena,"['Verona Tour', 'Museo Lapidario', 'Museo Radio', 'San Fermo', 'Sighseeing']",Torre Lamberti,strategy_nearest,False,0.002334117889404297,success
04D0323A9C4C80,0,['Arena'],Castelvecchio,"['Museo Lapidario', 'Verona Tour', 'Museo Radio', 'San Zeno', 'Sighseeing']",Santa Anastasia,strategy_nearest,False,0.0014781951904296875,success
04D0333A9C4C80,3,"['Tomba Giulietta', 'San Fermo', 'Arena', 'Castelvecchio']",San Zeno,"['Verona Tour', 'Museo Lapidario', 'Museo Miniscalchi', 'Sighseeing', 'Museo Radio']",Duomo,strategy_nearest,False,0.0030939579010009766,success
04D033429C4C80,1,"['Arena', 'Museo Lapidario', 'San Fermo']",Casa Giulietta,"['Centro Fotografia', 'Sighseeing', 'Torre Lamberti', 'Museo Conte', 'Museo Radio']",Palazzo della Ragione,strategy_nearest,False,0.0036139488220214844,success
04D040429C4C80,1,['Arena'],Castelvecchio,"['Museo Lapidario', 'Verona Tour', 'Museo Radio', 'San Zeno', 'Sighseeing']",Palazzo della Ragione,strategy_nearest,False,0.0013189315795898438,success
04D03A3A9C4C80,1,"['Arena', 'Castelvecchio']",Torre Lamberti,"['Sighseeing', 'Centro Fotografia', 'Museo Conte', 'Casa Giulietta', 'Palazzo della Ragione']",Palazzo della Ragione,strategy_nearest,True,0.0020380020141601562,success
04D04E3A9C4C80,1,"['Casa Giulietta', 'Torre Lamberti', 'Palazzo della Ragione']",Santa Anastasia,"['AMO', 'Museo Conte', 'Teatro Romano', 'Centro Fotografia', 'Duomo']",Duomo,strategy_nearest,True,0.003041982650756836,success
04D05C429C4C80,0,['Arena'],Casa Giulietta,"['Centro Fotografia', 'Sighseeing', 'Torre Lamberti', 'Museo Conte', 'Museo Radio']",Castelvecchio,strategy_nearest,False,0.0032613277435302734,success
04D0713A9C4C80,3,"['Arena', 'Castelvecchio']",Santa Anastasia,"['AMO', 'Museo Conte', 'Palazzo della Ragione', 'Teatro Romano', 'Centro Fotografia']",Casa Giulietta,strategy_nearest,False,0.0028951168060302734,success
04D0773A9C4C80,1,"['Castelvecchio', 'Arena', 'Tomba Giulietta']",San Fermo,"['Museo Storia', 'Museo Radio', 'Casa Giulietta', 'Centro Fotografia', 'Sighseeing']",Casa Giulietta,strategy_nearest,True,0.003114938735961914,success
04D076429C4C80,1,['Arena'],Palazzo della Ragione,"['AMO', 'Museo Conte', 'Torre Lamberti', 'Centro Fotografia', 'Sighseeing']",Casa Giulietta,strategy_nearest,False,0.0028641223907470703,success
04D0753A9C4C80,2,"['Castelvecchio', 'Casa Giulietta']",Santa Anastasia,"['AMO', 'Museo Conte', 'Palazzo della Ragione', 'Teatro Romano', 'Centro Fotografia']",Duomo,strategy_nearest,False,0.0030930042266845703,success
04D07F3A9C4C80,1,"['Tomba Giulietta', 'Arena', 'Castelvecchio', 'Casa Giulietta']",San Fermo,"['Museo Storia', 'Museo Radio', 'Centro Fotografia', 'Sighseeing', 'Torre Lamberti']",Torre Lamberti,strategy_nearest,True,0.0027451515197753906,success
04D07A4A9C4C80,0,"['Castelvecchio', 'San Zeno']",Arena,"['Verona Tour', 'Museo Lapidario', 'Museo Radio', 'San Fermo', 'Casa Giulietta']",Casa Giulietta,strategy_nearest,True,0.0023789405822753906,success
04D07B4A9C4C80,2,['Torre Lamberti'],Duomo,"['AMO', 'Museo Miniscalchi', 'Santa Anastasia', 'Teatro Romano', 'Palazzo della Ragione']",Santa Anastasia,strategy_nearest,True,0.0014960765838623047,success
04D0814A9C4C80,1,"['Museo Lapidario', 'Arena']",Casa Giulietta,"['Centro Fotografia', 'Sighseeing', 'Torre Lamberti', 'Museo Conte', 'Museo Radio']",Torre Lamberti,strategy_nearest,True,0.0036439895629882812,success
04D089429C4C80,0,['Arena'],Museo Lapidario,"['Verona Tour', 'Castelvecchio', 'Museo Radio', 'San Fermo', 'Casa Giulietta']",Casa Giulietta,strategy_nearest,True,0.0019199848175048828,success
04D0893A9C4C80,0,"['Arena', 'Casa Giulietta']",Torre Lamberti,"['Sighseeing', 'Centro Fotografia', 'Museo Conte', 'Palazzo della Ragione', 'AMO']",Teatro Romano,strategy_nearest,False,0.002599954605102539,success
04D08C429C4C80,3,"['Arena', 'Castelvecchio', 'San Fermo', 'Torre Lamberti']",Casa Giulietta,"['Centro Fotografia', 'Sighseeing', 'Museo Conte', 'Museo Radio', 'Palazzo della Ragione']",Tomba Giulietta,strategy_nearest,False,0.003362894058227539,success
04D0A1429C4C80,3,"['Arena', 'San Zeno', 'Casa Giulietta']",Torre Lamberti,"['Sighseeing', 'Centro Fotografia', 'Museo Conte', 'Palazzo della Ragione', 'AMO']",Giardino Giusti,strategy_nearest,False,0.0020170211791992188,success
04D08D4A9C4C80,1,['Arena'],Palazzo della Ragione,"['AMO', 'Museo Conte', 'Torre Lamberti', 'Centro Fotografia', 'Sighseeing']",Santa Anastasia,strategy_nearest,False,0.0029230117797851562,success
04D0AF429C4C80,2,['San Fermo'],Tomba Giulietta,"['Museo Storia', 'Arena', 'Museo Lapidario', 'Museo Radio', 'Verona Tour']",Torre Lamberti,strategy_nearest,False,0.003247976303100586,success
04D0AB4A9C4C80,0,['Arena'],Casa Giulietta,"['Centro Fotografia', 'Sighseeing', 'Torre Lamberti', 'Museo Conte', 'Museo Radio']",Tomba Giulietta,strategy_nearest,False,0.003117084503173828,success
04D0B1429C4C80,3,"['Arena', 'Museo Lapidario']",Casa Giulietta,"['Centro Fotografia', 'Sighseeing', 'Torre Lamberti', 'Museo Conte', 'Museo Radio']",Santa Anastasia,strategy_nearest,False,0.0031921863555908203,success
04D0B63A9C4C80,3,"['Torre Lamberti', 'Arena']",Duomo,"['AMO', 'Museo Miniscalchi', 'Santa Anastasia', 'Teatro Romano', 'Palazzo della Ragione']",San Zeno,strategy_nearest,False,0.002535104751586914,success
04D0B3429C4C80,0,['Arena'],Castelvecchio,"['Museo Lapidario', 'Verona Tour', 'Museo Radio', 'San Zeno', 'Sighseeing']",Casa Giulietta,strategy_nearest,False,0.002624034881591797,success
04D0B2429C4C80,2,['Casa Giulietta'],Santa Anastasia,"['AMO', 'Museo Conte', 'Palazzo della Ragione', 'Teatro Romano', 'Centro Fotografia']",Duomo,strategy_nearest,False,0.0020759105682373047,success
04D0B8429C4C80,0,['Arena'],Santa Anastasia,"['AMO', 'Museo Conte', 'Palazzo della Ragione', 'Teatro Romano', 'Centro Fotografia']",Castelvecchio,strategy_nearest,False,0.002969026565551758,success
04D0BD3A9C4C80,0,['Arena'],Casa Giulietta,"['Centro Fotografia', 'Sighseeing', 'Torre Lamberti', 'Museo Conte', 'Museo Radio']",Torre Lamberti,strategy_nearest,True,0.002825021743774414,success
04D0BE3A9C4C80,0,"['Arena', 'Teatro Romano']",Casa Giulietta,"['Centro Fotografia', 'Sighseeing', 'Torre Lamberti', 'Museo Conte', 'Museo Radio']",Torre Lamberti,strategy_nearest,True,0.0013697147369384766,success
04D0BC429C4C80,1,"['Teatro Romano', 'Duomo']",Torre Lamberti,"['Sighseeing', 'Centro Fotografia', 'Museo Conte', 'Casa Giulietta', 'Palazzo della Ragione']",Palazzo della Ragione,strategy_nearest,True,0.002705812454223633,success
04D0C83A9C4C80,0,['Arena'],Casa Giulietta,"['Centro Fotografia', 'Sighseeing', 'Torre Lamberti', 'Museo Conte', 'Museo Radio']",Santa Anastasia,strategy_nearest,False,0.0027730464935302734,success
04D0DC429C4C80,2,"['Duomo', 'Castelvecchio']",San Zeno,"['Verona Tour', 'Museo Lapidario', 'Arena', 'Museo Miniscalchi', 'Sighseeing']",Giardino Giusti,strategy_nearest,False,0.0014140605926513672,success
04D0D23A9C4C80,0,['Arena'],Castelvecchio,"['Museo Lapidario', 'Verona Tour', 'Museo Radio', 'San Zeno', 'Sighseeing']",Casa Giulietta,strategy_nearest,False,0.0035059452056884766,success
04D0DE429C4C80,0,"['Arena', 'Castelvecchio']",Casa Giulietta,"['Centro Fotografia', 'Sighseeing', 'Torre Lamberti', 'Museo Conte', 'Museo Radio']",Torre Lamberti,strategy_nearest,True,0.0034737586975097656,success
04D0E63A9C4C80,0,['Casa Giulietta'],Arena,"['Verona Tour', 'Museo Lapidario', 'Museo Radio', 'San Fermo', 'Sighseeing']",Torre Lamberti,strategy_nearest,False,0.002134084701538086,success
04D0FB429C4C80,2,['San Fermo'],Santa Anastasia,"['AMO', 'Museo Conte', 'Palazzo della Ragione', 'Teatro Romano', 'Centro Fotografia']",Duomo,strategy_nearest,False,0.0014209747314453125,success
04D0F13A9C4C80,2,['Santa Anastasia'],Duomo,"['AMO', 'Museo Miniscalchi', 'Teatro Romano', 'Palazzo della Ragione', 'Museo Conte']",Teatro Romano,strategy_nearest,True,0.002701997756958008,success
04D0F93A9C4C80,0,['Arena'],Castelvecchio,"['Museo Lapidario', 'Verona Tour', 'Museo Radio', 'San Zeno', 'Sighseeing']",Casa Giulietta,strategy_nearest,False,0.0020759105682373047,success
04D1033A9C4C84,3,"['Arena', 'Casa Giulietta']",Santa Anastasia,"['AMO', 'Museo Conte', 'Palazzo della Ragione', 'Teatro Romano', 'Centro Fotografia']",Duomo,strategy_nearest,False,0.0033409595489501953,success
04D10A3A9C4C84,1,['Arena'],Casa Giulietta,"['Centro Fotografia', 'Sighseeing', 'Torre Lamberti', 'Museo Conte', 'Museo Radio']",Torre Lamberti,strategy_nearest,True,0.0025551319122314453,success
04D1053A9C4C84,3,['Arena'],San Fermo,"['Museo Storia', 'Museo Radio', 'Casa Giulietta', 'Centro Fotografia', 'Sighseeing']",Casa Giulietta,strategy_nearest,True,0.001964092254638672,success
04D10E429C4C80,0,['San Zeno'],Castelvecchio,"['Museo Lapidario', 'Verona Tour', 'Arena', 'Museo Radio', 'Sighseeing']",Arena,strategy_nearest,True,0.0028197765350341797,success
04D110429C4C84,1,"['Arena', 'Museo Lapidario']",Torre Lamberti,"['Sighseeing', 'Centro Fotografia', 'Museo Conte', 'Casa Giulietta', 'Palazzo della Ragione']",Palazzo della Ragione,strategy_nearest,True,0.003353118896484375,success
04D1163A9C4C84,0,['Arena'],Torre Lamberti,"['Sighseeing', 'Centro Fotografia', 'Museo Conte', 'Casa Giulietta', 'Palazzo della Ragione']",Casa Giulietta,strategy_nearest,True,0.0023488998413085938,success
04D1173A9C4C84,0,['Arena'],Torre Lamberti,"['Sighseeing', 'Centro Fotografia', 'Museo Conte', 'Casa Giulietta', 'Palazzo della Ragione']",Casa Giulietta,strategy_nearest,True,0.0023729801177978516,success
04D1173A9C4C80,1,['Arena'],Torre Lamberti,"['Sighseeing', 'Centro Fotografia', 'Museo Conte', 'Casa Giulietta', 'Palazzo della Ragione']",Palazzo della Ragione,strategy_nearest,True,0.002624988555908203,success
04D117429C4C80,1,"['Arena', 'San Fermo']",Casa Giulietta,"['Centro Fotografia', 'Sighseeing', 'Torre Lamberti', 'Museo Conte', 'Museo Radio']",Teatro Romano,strategy_nearest,False,0.0032629966735839844,success
04D119429C4C80,0,['Castelvecchio'],Arena,"['Verona Tour', 'Museo Lapidario', 'Museo Radio', 'San Fermo', 'Casa Giulietta']",Casa Giulietta,strategy_nearest,True,0.001967906951904297,success
04D1183A9C4C80,0,['Arena'],Casa Giulietta,"['Centro Fotografia', 'Sighseeing', 'Torre Lamberti', 'Museo Conte', 'Museo Radio']",San Fermo,strategy_nearest,False,0.004004001617431641,success
04D119429C4C84,2,['Museo Lapidario'],Castelvecchio,"['Verona Tour', 'Arena', 'Museo Radio', 'San Zeno', 'Sighseeing']",Casa Giulietta,strategy_nearest,False,0.0024862289428710938,success
04D11A3A9C4C84,2,['Casa Giulietta'],Torre Lamberti,"['Sighseeing', 'Centro Fotografia', 'Museo Conte', 'Palazzo della Ragione', 'AMO']",Santa Anastasia,strategy_nearest,False,0.0032351016998291016,success
04D11F3A9C4C84,1,"['Museo Lapidario', 'Arena']",Torre Lamberti,"['Sighseeing', 'Centro Fotografia', 'Museo Conte', 'Casa Giulietta', 'Palazzo della Ragione']",Palazzo della Ragione,strategy_nearest,True,0.002763032913208008,success
04D1223A9C4C80,3,"['Arena', 'Casa Giulietta']",Torre Lamberti,"['Sighseeing', 'Centro Fotografia', 'Museo Conte', 'Palazzo della Ragione', 'AMO']",Santa Anastasia,strategy_nearest,False,0.003489971160888672,success
04D1223A9C4C84,3,"['Museo Lapidario', 'Arena']",Torre Lamberti,"['Sighseeing', 'Centro Fotografia', 'Museo Conte', 'Casa Giulietta', 'Palazzo della Ragione']",Santa Anastasia,strategy_nearest,False,0.001947164535522461,success
04D13A3A9C4C80,1,"['Arena', 'Torre Lamberti', 'Palazzo della Ragione']",Casa Giulietta,"['Centro Fotografia', 'Sighseeing', 'Museo Conte', 'Museo Radio', 'San Fermo']",Duomo,strategy_nearest,False,0.0013189315795898438,success
04D133429C4C80,0,['Arena'],Casa Giulietta,"['Centro Fotografia', 'Sighseeing', 'Torre Lamberti', 'Museo Conte', 'Museo Radio']",Castelvecchio,strategy_nearest,False,0.0028159618377685547,success
04D1383A9C4C80,3,"['Castelvecchio', 'Arena']",Casa Giulietta,"['Centro Fotografia', 'Sighseeing', 'Torre Lamberti', 'Museo Conte', 'Museo Radio']",Torre Lamberti,strategy_nearest,True,0.003270864486694336,success
04D148429C4C80,0,['Arena'],Casa Giulietta,"['Centro Fotografia', 'Sighseeing', 'Torre Lamberti', 'Museo Conte', 'Museo Radio']",Tomba Giulietta,strategy_nearest,False,0.003232717514038086,success
04D150429C4C80,3,"['Arena', 'Torre Lamberti', 'Casa Giulietta']",Duomo,"['AMO', 'Museo Miniscalchi', 'Santa Anastasia', 'Teatro Romano', 'Palazzo della Ragione']",Santa Anastasia,strategy_nearest,True,0.0019488334655761719,success
04D152429C4C80,0,['Arena'],Torre Lamberti,"['Sighseeing', 'Centro Fotografia', 'Museo Conte', 'Casa Giulietta', 'Palazzo della Ragione']",Casa Giulietta,strategy_nearest,True,0.002431154251098633,success
04D1633A9C4C80,0,['Arena'],Casa Giulietta,"['Centro Fotografia', 'Sighseeing', 'Torre Lamberti', 'Museo Conte', 'Museo Radio']",Castelvecchio,strategy_nearest,False,0.0031359195709228516,success
04D14F3A9C4C80,0,"['Arena', 'Casa Giulietta']",Torre Lamberti,"['Sighseeing', 'Centro Fotografia', 'Museo Conte', 'Palazzo della Ragione', 'AMO']",Teatro Romano,strategy_nearest,False,0.0026350021362304688,success
04D17E429C4C80,0,['Arena'],Torre Lamberti,"['Sighseeing', 'Centro Fotografia', 'Museo Conte', 'Casa Giulietta', 'Palazzo della Ragione']",Casa Giulietta,strategy_nearest,True,0.0013780593872070312,success
04D1864A9C4C80,3,"['Duomo', 'Torre Lamberti', 'Casa Giulietta']",Arena,"['Verona Tour', 'Museo Lapidario', 'Museo Radio', 'San Fermo', 'Sighseeing']",San Zeno,strategy_nearest,False,0.0032117366790771484,success
04D17E4A9C4C80,1,"['Arena', 'Casa Giulietta']",Palazzo della Ragione,"['AMO', 'Museo Conte', 'Torre Lamberti', 'Centro Fotografia', 'Sighseeing']",Torre Lamberti,strategy_nearest,True,0.002665996551513672,success
04D16E429C4C80,0,['Casa Giulietta'],Torre Lamberti,"['Sighseeing', 'Centro Fotografia', 'Museo Conte', 'Palazzo della Ragione', 'AMO']",Arena,strategy_nearest,False,0.0027587413787841797,success
04D19A4A9C4C80,1,"['Arena', 'Casa Giulietta', 'Torre Lamberti']",Palazzo della Ragione,"['AMO', 'Museo Conte', 'Centro Fotografia', 'Sighseeing', 'Santa Anastasia']",Santa Anastasia,strategy_nearest,True,0.002736330032348633,success
04D194429C4C80,1,"['Arena', 'Museo Lapidario', 'Castelvecchio', 'Torre Lamberti']",Palazzo della Ragione,"['AMO', 'Museo Conte', 'Centro Fotografia', 'Sighseeing', 'Santa Anastasia']",Casa Giulietta,strategy_nearest,False,0.0012888908386230469,success
04D18E3A9C4C80,3,['Arena'],Santa Anastasia,"['AMO', 'Museo Conte', 'Palazzo della Ragione', 'Teatro Romano', 'Centro Fotografia']",Duomo,strategy_nearest,False,0.0032508373260498047,success
04D1A14A9C4C80,2,"['Tomba Giulietta', 'Giardino Giusti']",Teatro Romano,"['Santa Anastasia', 'Duomo', 'AMO', 'Palazzo della Ragione', 'Museo Conte']",Casa Giulietta,strategy_nearest,False,0.003031015396118164,success
04D1A84A9C4C80,0,['Arena'],Castelvecchio,"['Museo Lapidario', 'Verona Tour', 'Museo Radio', 'San Zeno', 'Sighseeing']",Casa Giulietta,strategy_nearest,False,0.0014448165893554688,success
04D1A63A9C4C80,2,['Casa Giulietta'],Torre Lamberti,"['Sighseeing', 'Centro Fotografia', 'Museo Conte', 'Palazzo della Ragione', 'AMO']",Duomo,strategy_nearest,False,0.0035381317138671875,success
04D1A8429C4C80,3,"['Arena', 'Castelvecchio']",Torre Lamberti,"['Sighseeing', 'Centro Fotografia', 'Museo Conte', 'Casa Giulietta', 'Palazzo della Ragione']",Santa Anastasia,strategy_nearest,False,0.002902984619140625,success
04D1AB4A9C4C80,3,"['Castelvecchio', 'Torre Lamberti']",Arena,"['Verona Tour', 'Museo Lapidario', 'Museo Radio', 'San Fermo', 'Casa Giulietta']",Teatro Romano,strategy_nearest,False,0.0038509368896484375,success
04D1B9429C4C80,2,['Casa Giulietta'],Torre Lamberti,"['Sighseeing', 'Centro Fotografia', 'Museo Conte', 'Palazzo della Ragione', 'AMO']",Santa Anastasia,strategy_nearest,False,0.002989053726196289,success
04D1C53A9C4C80,0,['Arena'],Torre Lamberti,"['Sighseeing', 'Centro Fotografia', 'Museo Conte', 'Casa Giulietta', 'Palazzo della Ragione']",Duomo,strategy_nearest,False,0.0034780502319335938,success
04D1C23A9C4C80,0,['Arena'],Casa Giulietta,"['Centro Fotografia', 'Sighseeing', 'Torre Lamberti', 'Museo Conte', 'Museo Radio']",Santa Anastasia,strategy_nearest,False,0.0019431114196777344,success
04D1C8429C4C80,0,['Arena'],Santa Anastasia,"['AMO', 'Museo Conte', 'Palazzo della Ragione', 'Teatro Romano', 'Centro Fotografia']",Casa Giulietta,strategy_nearest,False,0.002590179443359375,success
04D1CD429C4C80,2,"['Torre Lamberti', 'Casa Giulietta', 'Santa Anastasia']",Teatro Romano,"['Duomo', 'AMO', 'Palazzo della Ragione', 'Museo Conte', 'Centro Fotografia']",Torre Lamberti,strategy_nearest,False,0.002051115036010742,success
04D1CE429C4C80,3,"['Arena', 'San Fermo', 'Casa Giulietta']",Santa Anastasia,"['AMO', 'Museo Conte', 'Palazzo della Ragione', 'Teatro Romano', 'Centro Fotografia']",Teatro Romano,strategy_nearest,True,0.0033380985260009766,success
04D1C93A9C4C80,0,['Arena'],Casa Giulietta,"['Centro Fotografia', 'Sighseeing', 'Torre Lamberti', 'Museo Conte', 'Museo Radio']",Tomba Giulietta,strategy_nearest,False,0.0030679702758789062,success
04D20E3A9C4C84,3,"['San Zeno', 'Castelvecchio']",Duomo,"['AMO', 'Museo Miniscalchi', 'Santa Anastasia', 'Teatro Romano', 'Palazzo della Ragione']",Arena,strategy_nearest,False,0.0023620128631591797,success
04D21C3A9C4C84,0,['Arena'],Casa Giulietta,"['Centro Fotografia', 'Sighseeing', 'Torre Lamberti', 'Museo Conte', 'Museo Radio']",Torre Lamberti,strategy_nearest,True,0.002875089645385742,success
04D20B429C4C84,3,"['Arena', 'Museo Lapidario']",Castelvecchio,"['Verona Tour', 'Museo Radio', 'San Zeno', 'Sighseeing', 'Museo Miniscalchi']",Casa Giulietta,strategy_nearest,False,0.003618001937866211,success
04D1F33A9C4C80,3,"['Arena', 'Santa Anastasia']",Duomo,"['AMO', 'Museo Miniscalchi', 'Teatro Romano', 'Palazzo della Ragione', 'Museo Conte']",Castelvecchio,strategy_nearest,False,0.0027430057525634766,success
04D21F429C4C84,0,['Arena'],Castelvecchio,"['Museo Lapidario', 'Verona Tour', 'Museo Radio', 'San Zeno', 'Sighseeing']",Teatro Romano,strategy_nearest,False,0.002077817916870117,success
04D220429C4C84,3,"['Arena', 'San Fermo', 'Teatro Romano']",Duomo,"['AMO', 'Museo Miniscalchi', 'Santa Anastasia', 'Palazzo della Ragione', 'Museo Conte']",Casa Giulietta,strategy_nearest,False,0.0041539669036865234,success
04D2204A9C4C80,2,['Casa Giulietta'],Torre Lamberti,"['Sighseeing', 'Centro Fotografia', 'Museo Conte', 'Palazzo della Ragione', 'AMO']",Teatro Romano,strategy_nearest,False,0.002882719039916992,success
04D220429C4C80,0,['Casa Giulietta'],Castelvecchio,"['Museo Lapidario', 'Verona Tour', 'Arena', 'Museo Radio', 'San Zeno']",Arena,strategy_nearest,True,0.003595113754272461,success
04D22A3A9C4C80,0,['Arena'],Casa Giulietta,"['Centro Fotografia', 'Sighseeing', 'Torre Lamberti', 'Museo Conte', 'Museo Radio']",Castelvecchio,strategy_nearest,False,0.002396106719970703,success
04D2243A9C4C80,6,['Arena'],Torre Lamberti,"['Sighseeing', 'Centro Fotografia', 'Museo Conte', 'Casa Giulietta', 'Palazzo della Ragione']",Casa Giulietta,strategy_nearest,True,0.0017850399017333984,success
04D22C429C4C80,0,['Arena'],Museo Lapidario,"['Verona Tour', 'Castelvecchio', 'Museo Radio', 'San Fermo', 'Casa Giulietta']",Casa Giulietta,strategy_nearest,True,0.0035791397094726562,success
04D2283A9C4C80,3,"['Arena', 'Casa Giulietta']",Torre Lamberti,"['Sighseeing', 'Centro Fotografia', 'Museo Conte', 'Palazzo della Ragione', 'AMO']",Santa Anastasia,strategy_nearest,False,0.003123044967651367,success
04D246429C4C80,0,"['Teatro Romano', 'Duomo']",Casa Giulietta,"['Centro Fotografia', 'Sighseeing', 'Torre Lamberti', 'Museo Conte', 'Museo Radio']",Museo Storia,strategy_nearest,False,0.0015990734100341797,success
04D23D429C4C80,3,"['Teatro Romano', 'Castelvecchio']",Arena,"['Verona Tour', 'Museo Lapidario', 'Museo Radio', 'San Fermo', 'Casa Giulietta']",San Fermo,strategy_nearest,True,0.002390146255493164,success
04D23A4A9C4C80,2,['Casa Giulietta'],Santa Anastasia,"['AMO', 'Museo Conte', 'Palazzo della Ragione', 'Teatro Romano', 'Centro Fotografia']",Palazzo della Ragione,strategy_nearest,True,0.0031371116638183594,success
04D248429C4C80,0,['Arena'],Casa Giulietta,"['Centro Fotografia', 'Sighseeing', 'Torre Lamberti', 'Museo Conte', 'Museo Radio']",Torre Lamberti,strategy_nearest,True,0.004015207290649414,success
04D25C429C4C80,1,"['Arena', 'Casa Giulietta']",Santa Anastasia,"['AMO', 'Museo Conte', 'Palazzo della Ragione', 'Teatro Romano', 'Centro Fotografia']",Torre Lamberti,strategy_nearest,False,0.002279043197631836,success
04D258429C4C80,2,['Santa Anastasia'],Duomo,"['AMO', 'Museo Miniscalchi', 'Teatro Romano', 'Palazzo della Ragione', 'Museo Conte']",Teatro Romano,strategy_nearest,True,0.0031349658966064453,success
04D2733A9C4C80,3,"['Arena', 'Casa Giulietta']",Santa Anastasia,"['AMO', 'Museo Conte', 'Palazzo della Ragione', 'Teatro Romano', 'Centro Fotografia']",Duomo,strategy_nearest,False,0.004040241241455078,success
04D263429C4C80,0,['Arena'],Casa Giulietta,"['Centro Fotografia', 'Sighseeing', 'Torre Lamberti', 'Museo Conte', 'Museo Radio']",Torre Lamberti,strategy_nearest,True,0.003576040267944336,success
04D27A3A9C4C80,1,['Arena'],Casa Giulietta,"['Centro Fotografia', 'Sighseeing', 'Torre Lamberti', 'Museo Conte', 'Museo Radio']",Torre Lamberti,strategy_nearest,True,0.003100156784057617,success
04D273429C4C80,3,"['Arena', 'Museo Lapidario']",Casa Giulietta,"['Centro Fotografia', 'Sighseeing', 'Torre Lamberti', 'Museo Conte', 'Museo Radio']",Torre Lamberti,strategy_nearest,True,0.002487659454345703,success
04D2883A9C4C80,3,"['Museo Lapidario', 'Arena', 'Castelvecchio']",Teatro Romano,"['Santa Anastasia', 'Duomo', 'AMO', 'Palazzo della Ragione', 'Museo Conte']",Duomo,strategy_nearest,True,0.0028400421142578125,success
04D2853A9C4C80,2,['Castelvecchio'],Casa Giulietta,"['Centro Fotografia', 'Sighseeing', 'Torre Lamberti', 'Museo Conte', 'Museo Radio']",Torre Lamberti,strategy_nearest,True,0.002553224563598633,success
04D27D429C4C80,0,['Arena'],Casa Giulietta,"['Centro Fotografia', 'Sighseeing', 'Torre Lamberti', 'Museo Conte', 'Museo Radio']",Tomba Giulietta,strategy_nearest,False,0.0019500255584716797,success
04D287429C4C80,0,['Arena'],Casa Giulietta,"['Centro Fotografia', 'Sighseeing', 'Torre Lamberti', 'Museo Conte', 'Museo Radio']",Duomo,strategy_nearest,False,0.0035979747772216797,success
04D2924A9C4C80,0,['Arena'],Torre Lamberti,"['Sighseeing', 'Centro Fotografia', 'Museo Conte', 'Casa Giulietta', 'Palazzo della Ragione']",Casa Giulietta,strategy_nearest,True,0.0023059844970703125,success
04D288429C4C80,0,['Arena'],Tomba Giulietta,"['San Fermo', 'Museo Storia', 'Museo Lapidario', 'Museo Radio', 'Verona Tour']",Teatro Romano,strategy_nearest,False,0.0014390945434570312,success
04D28D3A9C4C80,0,['Castelvecchio'],Santa Anastasia,"['AMO', 'Museo Conte', 'Palazzo della Ragione', 'Teatro Romano', 'Centro Fotografia']",Arena,strategy_nearest,False,0.0031080245971679688,success
04D29EBA7B3F80,0,"['Arena', 'Casa Giulietta']",Torre Lamberti,"['Sighseeing', 'Centro Fotografia', 'Museo Conte', 'Palazzo della Ragione', 'AMO']",Teatro Romano,strategy_nearest,False,0.0036759376525878906,success
04D2B7BA7B3F80,0,"['Arena', 'Casa Giulietta']",Torre Lamberti,"['Sighseeing', 'Centro Fotografia', 'Museo Conte', 'Palazzo della Ragione', 'AMO']",Teatro Romano,strategy_nearest,False,0.002089977264404297,success
04D2AB429C4C80,0,['Arena'],Torre Lamberti,"['Sighseeing', 'Centro Fotografia', 'Museo Conte', 'Casa Giulietta', 'Palazzo della Ragione']",Casa Giulietta,strategy_nearest,True,0.0036330223083496094,success
04D2AC429C4C80,0,['Casa Giulietta'],Castelvecchio,"['Museo Lapidario', 'Verona Tour', 'Arena', 'Museo Radio', 'San Zeno']",Arena,strategy_nearest,True,0.0023441314697265625,success
04D2C13A9C4C80,0,"['Arena', 'Castelvecchio']",Torre Lamberti,"['Sighseeing', 'Centro Fotografia', 'Museo Conte', 'Casa Giulietta', 'Palazzo della Ragione']",Casa Giulietta,strategy_nearest,True,0.00446009635925293,success
04D2C63A9C4C80,3,"['Duomo', 'Santa Anastasia']",Torre Lamberti,"['Sighseeing', 'Centro Fotografia', 'Museo Conte', 'Casa Giulietta', 'Palazzo della Ragione']",Arena,strategy_nearest,False,0.0034952163696289062,success
04D2BE3A9C4C80,1,"['Arena', 'Casa Giulietta']",Torre Lamberti,"['Sighseeing', 'Centro Fotografia', 'Museo Conte', 'Palazzo della Ragione', 'AMO']",Palazzo della Ragione,strategy_nearest,True,0.0040340423583984375,success
04D2C8429C4C80,3,"['Arena', 'Santa Anastasia']",Teatro Romano,"['Duomo', 'AMO', 'Palazzo della Ragione', 'Museo Conte', 'Centro Fotografia']",Duomo,strategy_nearest,True,0.0046732425689697266,success
04D2CA429C4C80,3,['Castelvecchio'],San Zeno,"['Verona Tour', 'Museo Lapidario', 'Arena', 'Museo Miniscalchi', 'Sighseeing']",Arena,strategy_nearest,True,0.002546072006225586,success
04D2CF3A9C4C80,3,['Arena'],Santa Anastasia,"['AMO', 'Museo Conte', 'Palazzo della Ragione', 'Teatro Romano', 'Centro Fotografia']",Teatro Romano,strategy_nearest,True,0.003239870071411133,success
04D2D03A9C4C80,0,['Casa Giulietta'],Arena,"['Verona Tour', 'Museo Lapidario', 'Museo Radio', 'San Fermo', 'Sighseeing']",Castelvecchio,strategy_nearest,False,0.0031659603118896484,success
04D2D13A9C4C80,0,['Arena'],Casa Giulietta,"['Centro Fotografia', 'Sighseeing', 'Torre Lamberti', 'Museo Conte', 'Museo Radio']",Santa Anastasia,strategy_nearest,False,0.00416111946105957,success
04D2DB3A9C4C80,3,"['Arena', 'Torre Lamberti']",Santa Anastasia,"['AMO', 'Museo Conte', 'Palazzo della Ragione', 'Teatro Romano', 'Centro Fotografia']",Teatro Romano,strategy_nearest,True,0.0025022029876708984,success
04D2EA429C4C80,2,"['Torre Lamberti', 'Santa Anastasia']",Duomo,"['AMO', 'Museo Miniscalchi', 'Teatro Romano', 'Palazzo della Ragione', 'Museo Conte']",San Zeno,strategy_nearest,False,0.003629922866821289,success
04D2EA3A9C4C80,1,"['Teatro Romano', 'Tomba Giulietta', 'Arena', 'Castelvecchio']",San Zeno,"['Verona Tour', 'Museo Lapidario', 'Museo Miniscalchi', 'Sighseeing', 'Museo Radio']",Duomo,strategy_nearest,False,0.003099203109741211,success
04D2EF429C4C80,3,"['Arena', 'Tomba Giulietta', 'Santa Anastasia']",Duomo,"['AMO', 'Museo Miniscalchi', 'Teatro Romano', 'Palazzo della Ragione', 'Museo Conte']",San Zeno,strategy_nearest,False,0.002407073974609375,success
04D2F3429C4C80,3,"['Teatro Romano', 'Santa Anastasia', 'Casa Giulietta']",Castelvecchio,"['Museo Lapidario', 'Verona Tour', 'Arena', 'Museo Radio', 'San Zeno']",San Zeno,strategy_nearest,True,0.0016789436340332031,success
04D30B429C4C84,1,"['Arena', 'Castelvecchio']",Torre Lamberti,"['Sighseeing', 'Centro Fotografia', 'Museo Conte', 'Casa Giulietta', 'Palazzo della Ragione']",Palazzo della Ragione,strategy_nearest,True,0.002422809600830078,success
04D2F83A9C4C80,0,['Arena'],Teatro Romano,"['Santa Anastasia', 'Duomo', 'AMO', 'Palazzo della Ragione', 'Museo Conte']",Castelvecchio,strategy_nearest,False,0.004063129425048828,success
04D311429C4C80,0,['Casa Giulietta'],Santa Anastasia,"['AMO', 'Museo Conte', 'Palazzo della Ragione', 'Teatro Romano', 'Centro Fotografia']",Arena,strategy_nearest,False,0.0018310546875,success
04D312429C4C80,0,['Arena'],Casa Giulietta,"['Centro Fotografia', 'Sighseeing', 'Torre Lamberti', 'Museo Conte', 'Museo Radio']",Duomo,strategy_nearest,False,0.0049211978912353516,success
04D31A3A9C4C80,2,"['Castelvecchio', 'Teatro Romano']",Giardino Giusti,"['Santa Anastasia', 'Museo Conte', 'Centro Fotografia', 'Museo Storia', 'AMO']",Torre Lamberti,strategy_nearest,False,0.0027883052825927734,success
04D31B3A9C4C80,0,['Arena'],Casa Giulietta,"['Centro Fotografia', 'Sighseeing', 'Torre Lamberti', 'Museo Conte', 'Museo Radio']",Tomba Giulietta,strategy_nearest,False,0.0021789073944091797,success
04D31E3A9C4C84,3,"['Arena', 'Castelvecchio', 'Duomo']",Santa Anastasia,"['AMO', 'Museo Conte', 'Palazzo della Ragione', 'Teatro Romano', 'Centro Fotografia']",San Zeno,strategy_nearest,False,0.002168893814086914,success
04D31E3A9C4C80,3,['Arena'],Santa Anastasia,"['AMO', 'Museo Conte', 'Palazzo della Ragione', 'Teatro Romano', 'Centro Fotografia']",Torre Lamberti,strategy_nearest,False,0.006207466125488281,success
04D323429C4C84,3,"['Museo Lapidario', 'Arena']",Teatro Romano,"['Santa Anastasia', 'Duomo', 'AMO', 'Palazzo della Ragione', 'Museo Conte']",Castelvecchio,strategy_nearest,False,0.003059864044189453,success
04D3243A9C4C80,2,['Teatro Romano'],Duomo,"['AMO', 'Museo Miniscalchi', 'Santa Anastasia', 'Palazzo della Ragione', 'Museo Conte']",Casa Giulietta,strategy_nearest,False,0.00373077392578125,success
04D33C3A9C4C80,3,['Castelvecchio'],Arena,"['Verona Tour', 'Museo Lapidario', 'Museo Radio', 'San Fermo', 'Casa Giulietta']",Santa Anastasia,strategy_nearest,False,0.002135753631591797,success
04D33F3A9C4C80,1,"['Arena', 'Museo Lapidario', 'Torre Lamberti']",Palazzo della Ragione,"['AMO', 'Museo Conte', 'Centro Fotografia', 'Sighseeing', 'Santa Anastasia']",Casa Giulietta,strategy_nearest,False,0.0028891563415527344,success
04D3413A9C4C80,3,"['Arena', 'Casa Giulietta']",Torre Lamberti,"['Sighseeing', 'Centro Fotografia', 'Museo Conte', 'Palazzo della Ragione', 'AMO']",Torre Lamberti,strategy_nearest,False,0.0033299922943115234,success
04D3353A9C4C80,0,['Teatro Romano'],Arena,"['Verona Tour', 'Museo Lapidario', 'Museo Radio', 'San Fermo', 'Casa Giulietta']",Castelvecchio,strategy_nearest,False,0.0022420883178710938,success
04D3523A9C4C80,1,"['Arena', 'Casa Giulietta']",Palazzo della Ragione,"['AMO', 'Museo Conte', 'Torre Lamberti', 'Centro Fotografia', 'Sighseeing']",Torre Lamberti,strategy_nearest,True,0.0016508102416992188,success
04D3573A9C4C80,0,['Arena'],Casa Giulietta,"['Centro Fotografia', 'Sighseeing', 'Torre Lamberti', 'Museo Conte', 'Museo Radio']",Castelvecchio,strategy_nearest,False,0.002850770950317383,success
04D343429C4C80,3,"['Castelvecchio', 'Museo Lapidario', 'Arena', 'Casa Giulietta']",Torre Lamberti,"['Sighseeing', 'Centro Fotografia', 'Museo Conte', 'Palazzo della Ragione', 'AMO']",Santa Anastasia,strategy_nearest,False,0.003147125244140625,success
04D34B3A9C4C80,2,"['Santa Anastasia', 'Tomba Giulietta', 'Teatro Romano', 'Duomo']",Casa Giulietta,"['Centro Fotografia', 'Sighseeing', 'Torre Lamberti', 'Museo Conte', 'Museo Radio']",Castelvecchio,strategy_nearest,False,0.004477024078369141,success
04D35F3A9C4C80,2,"['San Zeno', 'Castelvecchio', 'Santa Anastasia']",Giardino Giusti,"['Teatro Romano', 'Museo Conte', 'Centro Fotografia', 'Museo Storia', 'AMO']",Duomo,strategy_nearest,False,0.002093076705932617,success
04D37A3A9C4C80,3,"['Arena', 'Casa Giulietta']",Santa Anastasia,"['AMO', 'Museo Conte', 'Palazzo della Ragione', 'Teatro Romano', 'Centro Fotografia']",Duomo,strategy_nearest,False,0.0028200149536132812,success
04D3823A9C4C80,0,['Castelvecchio'],Arena,"['Verona Tour', 'Museo Lapidario', 'Museo Radio', 'San Fermo', 'Casa Giulietta']",Casa Giulietta,strategy_nearest,True,0.0031290054321289062,success
04D3693A9C4C80,2,['Casa Giulietta'],Torre Lamberti,"['Sighseeing', 'Centro Fotografia', 'Museo Conte', 'Palazzo della Ragione', 'AMO']",Santa Anastasia,strategy_nearest,False,0.0028319358825683594,success
04D3843A9C4C80,1,"['Tomba Giulietta', 'Arena', 'Castelvecchio', 'Casa Giulietta']",San Fermo,"['Museo Storia', 'Museo Radio', 'Centro Fotografia', 'Sighseeing', 'Torre Lamberti']",Torre Lamberti,strategy_nearest,True,0.0015571117401123047,success
04D3863A9C4C80,1,"['Arena', 'Casa Giulietta']",Torre Lamberti,"['Sighseeing', 'Centro Fotografia', 'Museo Conte', 'Palazzo della Ragione', 'AMO']",Palazzo della Ragione,strategy_nearest,True,0.0021338462829589844,success
04D383429C4C80,3,"['Arena', 'Torre Lamberti']",Casa Giulietta,"['Centro Fotografia', 'Sighseeing', 'Museo Conte', 'Museo Radio', 'Palazzo della Ragione']",Duomo,strategy_nearest,False,0.003469705581665039,success
04D3883A9C4C80,3,"['Arena', 'Torre Lamberti']",Santa Anastasia,"['AMO', 'Museo Conte', 'Palazzo della Ragione', 'Teatro Romano', 'Centro Fotografia']",San Zeno,strategy_nearest,False,0.0032732486724853516,success
04D38B429C4C80,1,['Arena'],Palazzo della Ragione,"['AMO', 'Museo Conte', 'Torre Lamberti', 'Centro Fotografia', 'Sighseeing']",Torre Lamberti,strategy_nearest,True,0.0031702518463134766,success
04D388429C4C80,3,"['Arena', 'Museo Lapidario']",Duomo,"['AMO', 'Museo Miniscalchi', 'Santa Anastasia', 'Teatro Romano', 'Palazzo della Ragione']",Santa Anastasia,strategy_nearest,True,0.0024840831756591797,success
04D3904A9C4C80,2,"['San Zeno', 'Casa Giulietta', 'Palazzo della Ragione']",Santa Anastasia,"['AMO', 'Museo Conte', 'Teatro Romano', 'Centro Fotografia', 'Duomo']",San Fermo,strategy_nearest,False,0.0034890174865722656,success
04D397429C4C80,0,['Arena'],Casa Giulietta,"['Centro Fotografia', 'Sighseeing', 'Torre Lamberti', 'Museo Conte', 'Museo Radio']",Torre Lamberti,strategy_nearest,True,0.0026428699493408203,success
04D3A7429C4C80,2,"['Casa Giulietta', 'Torre Lamberti', 'Palazzo della Ragione']",Santa Anastasia,"['AMO', 'Museo Conte', 'Teatro Romano', 'Centro Fotografia', 'Duomo']",Tomba Giulietta,strategy_nearest,False,0.002649068832397461,success
04D3A94A9C4C80,3,"['Castelvecchio', 'Arena', 'San Fermo']",Casa Giulietta,"['Centro Fotografia', 'Sighseeing', 'Torre Lamberti', 'Museo Conte', 'Museo Radio']",Torre Lamberti,strategy_nearest,True,0.0031249523162841797,success
04D3B2429C4C80,0,['Arena'],Casa Giulietta,"['Centro Fotografia', 'Sighseeing', 'Torre Lamberti', 'Museo Conte', 'Museo Radio']",Duomo,strategy_nearest,False,0.002254009246826172,success
04D3B73A9C4C80,1,"['Arena', 'Palazzo della Ragione']",Duomo,"['AMO', 'Museo Miniscalchi', 'Santa Anastasia', 'Teatro Romano', 'Museo Conte']",Santa Anastasia,strategy_nearest,True,0.002568960189819336,success
04D3BB3A9C4C80,2,['San Zeno'],Torre Lamberti,"['Sighseeing', 'Centro Fotografia', 'Museo Conte', 'Casa Giulietta', 'Palazzo della Ragione']",Palazzo della Ragione,strategy_nearest,True,0.0026628971099853516,success
04D3B53A9C4C80,3,"['Castelvecchio', 'Casa Giulietta']",Arena,"['Verona Tour', 'Museo Lapidario', 'Museo Radio', 'San Fermo', 'Sighseeing']",Teatro Romano,strategy_nearest,False,0.003347158432006836,success
04D3BB429C4C80,1,"['Casa Giulietta', 'Palazzo della Ragione']",Torre Lamberti,"['Sighseeing', 'Centro Fotografia', 'Museo Conte', 'AMO', 'Museo Miniscalchi']",Arena,strategy_nearest,False,0.0030689239501953125,success
04D3C0429C4C80,1,"['Arena', 'Torre Lamberti']",Palazzo della Ragione,"['AMO', 'Museo Conte', 'Centro Fotografia', 'Sighseeing', 'Santa Anastasia']",Casa Giulietta,strategy_nearest,False,0.0018839836120605469,success
04D3BE3A9C4C80,3,"['Arena', 'Torre Lamberti']",Santa Anastasia,"['AMO', 'Museo Conte', 'Palazzo della Ragione', 'Teatro Romano', 'Centro Fotografia']",Duomo,strategy_nearest,False,0.0031960010528564453,success
04D3BC3A9C4C80,3,"['Arena', 'Casa Giulietta', 'Torre Lamberti']",Santa Anastasia,"['AMO', 'Museo Conte', 'Palazzo della Ragione', 'Teatro Romano', 'Centro Fotografia']",Duomo,strategy_nearest,False,0.003287076950073242,success
04D3C8429C4C80,3,"['San Fermo', 'Santa Anastasia']",Casa Giulietta,"['Centro Fotografia', 'Sighseeing', 'Torre Lamberti', 'Museo Conte', 'Museo Radio']",Duomo,strategy_nearest,False,0.0029120445251464844,success
04D3C9429C4C80,3,"['Santa Anastasia', 'Arena']",Castelvecchio,"['Museo Lapidario', 'Verona Tour', 'Museo Radio', 'San Zeno', 'Sighseeing']",San Zeno,strategy_nearest,True,0.003239154815673828,success
04D3CF3A9C4C80,3,"['Arena', 'Torre Lamberti']",Santa Anastasia,"['AMO', 'Museo Conte', 'Palazzo della Ragione', 'Teatro Romano', 'Centro Fotografia']",Duomo,strategy_nearest,False,0.0016069412231445312,success
04D3CA429C4C80,2,"['Santa Anastasia', 'Duomo']",Palazzo della Ragione,"['AMO', 'Museo Conte', 'Torre Lamberti', 'Centro Fotografia', 'Sighseeing']",Casa Giulietta,strategy_nearest,False,0.0035157203674316406,success
04D3D2429C4C80,3,"['Torre Lamberti', 'Arena']",Castelvecchio,"['Museo Lapidario', 'Verona Tour', 'Museo Radio', 'San Zeno', 'Sighseeing']",Duomo,strategy_nearest,False,0.003136157989501953,success
04D3D73A9C4C80,3,"['Arena', 'Torre Lamberti']",Casa Giulietta,"['Centro Fotografia', 'Sighseeing', 'Museo Conte', 'Museo Radio', 'Palazzo della Ragione']",Santa Anastasia,strategy_nearest,False,0.0017218589782714844,success
04D3D53A9C4C80,1,"['Arena', 'Casa Giulietta', 'Palazzo della Ragione']",Torre Lamberti,"['Sighseeing', 'Centro Fotografia', 'Museo Conte', 'AMO', 'Museo Miniscalchi']",Santa Anastasia,strategy_nearest,False,0.003467082977294922,success
04D3DA3A9C4C80,1,"['Arena', 'Casa Giulietta']",San Fermo,"['Museo Storia', 'Museo Radio', 'Centro Fotografia', 'Sighseeing', 'Torre Lamberti']",Torre Lamberti,strategy_nearest,True,0.0020241737365722656,success
04D3F53A9C4C80,0,['Arena'],San Fermo,"['Museo Storia', 'Museo Radio', 'Casa Giulietta', 'Centro Fotografia', 'Sighseeing']",Casa Giulietta,strategy_nearest,True,0.003164052963256836,success
04D3EA3A9C4C80,1,"['Arena', 'Museo Lapidario']",Torre Lamberti,"['Sighseeing', 'Centro Fotografia', 'Museo Conte', 'Casa Giulietta', 'Palazzo della Ragione']",Palazzo della Ragione,strategy_nearest,True,0.0033779144287109375,success
04D40A3A9C4C84,2,"['Casa Giulietta', 'Teatro Romano']",Santa Anastasia,"['AMO', 'Museo Conte', 'Palazzo della Ragione', 'Centro Fotografia', 'Duomo']",Castelvecchio,strategy_nearest,False,0.0031991004943847656,success
04D3F93A9C4C80,0,['Arena'],Casa Giulietta,"['Centro Fotografia', 'Sighseeing', 'Torre Lamberti', 'Museo Conte', 'Museo Radio']",Torre Lamberti,strategy_nearest,True,0.0026721954345703125,success
04D40D3A9C4C84,3,['Arena'],Casa Giulietta,"['Centro Fotografia', 'Sighseeing', 'Torre Lamberti', 'Museo Conte', 'Museo Radio']",Torre Lamberti,strategy_nearest,True,0.0025348663330078125,success
04D40A429C4C84,3,['Arena'],Santa Anastasia,"['AMO', 'Museo Conte', 'Palazzo della Ragione', 'Teatro Romano', 'Centro Fotografia']",Teatro Romano,strategy_nearest,True,0.0037889480590820312,success
04D4103A9C4C84,1,"['Arena', 'Casa Giulietta', 'Palazzo della Ragione']",Torre Lamberti,"['Sighseeing', 'Centro Fotografia', 'Museo Conte', 'AMO', 'Museo Miniscalchi']",Castelvecchio,strategy_nearest,False,0.0027282238006591797,success
04D412429C4C84,3,"['Castelvecchio', 'Casa Giulietta']",Torre Lamberti,"['Sighseeing', 'Centro Fotografia', 'Museo Conte', 'Palazzo della Ragione', 'AMO']",Santa Anastasia,strategy_nearest,False,0.002540111541748047,success
04D4163A9C4C80,0,['Arena'],Casa Giulietta,"['Centro Fotografia', 'Sighseeing', 'Torre Lamberti', 'Museo Conte', 'Museo Radio']",Palazzo della Ragione,strategy_nearest,False,0.0034332275390625,success
04D416429C4C84,0,['Arena'],Giardino Giusti,"['Santa Anastasia', 'Teatro Romano', 'Museo Conte', 'Centro Fotografia', 'Museo Storia']",San Zeno,strategy_nearest,False,0.003236055374145508,success
04D419429C4C84,2,"['Casa Giulietta', 'Torre Lamberti', 'Palazzo della Ragione']",Duomo,"['AMO', 'Museo Miniscalchi', 'Santa Anastasia', 'Teatro Romano', 'Museo Conte']",San Fermo,strategy_nearest,False,0.0018131732940673828,success
04D41B429C4C84,0,['Castelvecchio'],Arena,"['Verona Tour', 'Museo Lapidario', 'Museo Radio', 'San Fermo', 'Casa Giulietta']",Torre Lamberti,strategy_nearest,False,0.0032639503479003906,success
04D425429C4C84,0,['Teatro Romano'],Torre Lamberti,"['Sighseeing', 'Centro Fotografia', 'Museo Conte', 'Casa Giulietta', 'Palazzo della Ragione']",Arena,strategy_nearest,False,0.0032541751861572266,success
04D426429C4C84,3,"['Arena', 'Casa Giulietta']",Torre Lamberti,"['Sighseeing', 'Centro Fotografia', 'Museo Conte', 'Palazzo della Ragione', 'AMO']",Teatro Romano,strategy_nearest,False,0.002435922622680664,success
04D422429C4C80,0,['Arena'],Casa Giulietta,"['Centro Fotografia', 'Sighseeing', 'Torre Lamberti', 'Museo Conte', 'Museo Radio']",Torre Lamberti,strategy_nearest,True,0.004656076431274414,success
04D42C429C4C80,0,['Arena'],Castelvecchio,"['Museo Lapidario', 'Verona Tour', 'Museo Radio', 'San Zeno', 'Sighseeing']",Giardino Giusti,strategy_nearest,False,0.003818988800048828,success
04D4343A9C4C80,0,['Arena'],Casa Giulietta,"['Centro Fotografia', 'Sighseeing', 'Torre Lamberti', 'Museo Conte', 'Museo Radio']",Duomo,strategy_nearest,False,0.0022389888763427734,success
04D4344A9C4C80,2,['Casa Giulietta'],Duomo,"['AMO', 'Museo Miniscalchi', 'Santa Anastasia', 'Teatro Romano', 'Palazzo della Ragione']",San Zeno,strategy_nearest,False,0.0025959014892578125,success
04D42F429C4C80,0,['Arena'],Casa Giulietta,"['Centro Fotografia', 'Sighseeing', 'Torre Lamberti', 'Museo Conte', 'Museo Radio']",Giardino Giusti,strategy_nearest,False,0.0035228729248046875,success
04D4373A9C4C80,1,"['Arena', 'Casa Giulietta']",Palazzo della Ragione,"['AMO', 'Museo Conte', 'Torre Lamberti', 'Centro Fotografia', 'Sighseeing']",Santa Anastasia,strategy_nearest,False,0.0014247894287109375,success
04D4533A9C4C80,3,"['Arena', 'Casa Giulietta', 'San Zeno']",Castelvecchio,"['Museo Lapidario', 'Verona Tour', 'Museo Radio', 'Sighseeing', 'Museo Miniscalchi']",Torre Lamberti,strategy_nearest,False,0.002707958221435547,success
04D43E429C4C80,2,"['Casa Giulietta', 'Casa Giulietta']",Santa Anastasia,"['AMO', 'Museo Conte', 'Palazzo della Ragione', 'Teatro Romano', 'Centro Fotografia']",Duomo,strategy_nearest,False,0.003564119338989258,success
04D447429C4C80,0,['Arena'],Casa Giulietta,"['Centro Fotografia', 'Sighseeing', 'Torre Lamberti', 'Museo Conte', 'Museo Radio']",Santa Anastasia,strategy_nearest,False,0.0020270347595214844,success
04D4543A9C4C80,0,['Casa Giulietta'],Torre Lamberti,"['Sighseeing', 'Centro Fotografia', 'Museo Conte', 'Palazzo della Ragione', 'AMO']",Arena,strategy_nearest,False,0.0023479461669921875,success
04D46B3A9C4C80,0,"['Castelvecchio', 'Casa Giulietta']",Arena,"['Verona Tour', 'Museo Lapidario', 'Museo Radio', 'San Fermo', 'Sighseeing']",Tomba Giulietta,strategy_nearest,False,0.0034580230712890625,success
04D46C429C4C80,0,['Arena'],Casa Giulietta,"['Centro Fotografia', 'Sighseeing', 'Torre Lamberti', 'Museo Conte', 'Museo Radio']",Torre Lamberti,strategy_nearest,True,0.0019707679748535156,success
04D472429C4C80,3,"['Casa Giulietta', 'Torre Lamberti', 'Santa Anastasia']",Teatro Romano,"['Duomo', 'AMO', 'Palazzo della Ragione', 'Museo Conte', 'Centro Fotografia']",Duomo,strategy_nearest,True,0.0026209354400634766,success
04D4733A9C4C80,2,"['Castelvecchio', 'Casa Giulietta']",Torre Lamberti,"['Sighseeing', 'Centro Fotografia', 'Museo Conte', 'Palazzo della Ragione', 'AMO']",Santa Anastasia,strategy_nearest,False,0.0033342838287353516,success
04D4753A9C4C80,2,['Castelvecchio'],Teatro Romano,"['Santa Anastasia', 'Duomo', 'AMO', 'Palazzo della Ragione', 'Museo Conte']",San Zeno,strategy_nearest,False,0.0020728111267089844,success
04D4743A9C4C80,1,"['Arena', 'Castelvecchio', 'Torre Lamberti']",Palazzo della Ragione,"['AMO', 'Museo Conte', 'Centro Fotografia', 'Sighseeing', 'Santa Anastasia']",Santa Anastasia,strategy_nearest,True,0.0026960372924804688,success
04D4773A9C4C80,1,"['Castelvecchio', 'Arena', 'Tomba Giulietta']",San Fermo,"['Museo Storia', 'Museo Radio', 'Casa Giulietta', 'Centro Fotografia', 'Sighseeing']",Casa Giulietta,strategy_nearest,True,0.0032858848571777344,success
04D4854A9C4C80,0,['Arena'],Casa Giulietta,"['Centro Fotografia', 'Sighseeing', 'Torre Lamberti', 'Museo Conte', 'Museo Radio']",Santa Anastasia,strategy_nearest,False,0.0022420883178710938,success
04D4793A9C4C80,2,['Casa Giulietta'],Duomo,"['AMO', 'Museo Miniscalchi', 'Santa Anastasia', 'Teatro Romano', 'Palazzo della Ragione']",Teatro Romano,strategy_nearest,True,0.0029311180114746094,success
04D4873A9C4C80,2,['Casa Giulietta'],Santa Anastasia,"['AMO', 'Museo Conte', 'Palazzo della Ragione', 'Teatro Romano', 'Centro Fotografia']",Teatro Romano,strategy_nearest,True,0.0015497207641601562,success
04D4813A9C4C80,3,"['Arena', 'Tomba Giulietta']",Casa Giulietta,"['Centro Fotografia', 'Sighseeing', 'Torre Lamberti', 'Museo Conte', 'Museo Radio']",Santa Anastasia,strategy_nearest,False,0.003606081008911133,success
04D487429C4C80,1,"['Arena', 'Torre Lamberti']",Palazzo della Ragione,"['AMO', 'Museo Conte', 'Centro Fotografia', 'Sighseeing', 'Santa Anastasia']",Teatro Romano,strategy_nearest,False,0.002302885055541992,success
04D4934A9C4C80,1,['Arena'],Castelvecchio,"['Museo Lapidario', 'Verona Tour', 'Museo Radio', 'San Zeno', 'Sighseeing']",Palazzo della Ragione,strategy_nearest,False,0.002805948257446289,success
04D4B13A9C4C80,1,"['Arena', 'Castelvecchio']",Torre Lamberti,"['Sighseeing', 'Centro Fotografia', 'Museo Conte', 'Casa Giulietta', 'Palazzo della Ragione']",Palazzo della Ragione,strategy_nearest,True,0.003287792205810547,success
04D48C3A9C4C80,0,['Arena'],Casa Giulietta,"['Centro Fotografia', 'Sighseeing', 'Torre Lamberti', 'Museo Conte', 'Museo Radio']",Torre Lamberti,strategy_nearest,True,0.002838134765625,success
04D4B63A9C4C80,3,"['Castelvecchio', 'Casa Giulietta']",Arena,"['Verona Tour', 'Museo Lapidario', 'Museo Radio', 'San Fermo', 'Sighseeing']",Teatro Romano,strategy_nearest,False,0.0020499229431152344,success
04D4BC429C4C80,2,['Casa Giulietta'],Duomo,"['AMO', 'Museo Miniscalchi', 'Santa Anastasia', 'Teatro Romano', 'Palazzo della Ragione']",Tomba Giulietta,strategy_nearest,False,0.002629995346069336,success
04D4C23A9C4C80,1,"['Castelvecchio', 'Casa Giulietta', 'Santa Anastasia']",Arena,"['Verona Tour', 'Museo Lapidario', 'Museo Radio', 'San Fermo', 'Sighseeing']",Torre Lamberti,strategy_nearest,False,0.002797842025756836,success
04D4C33A9C4C80,3,"['Arena', 'Casa Giulietta']",Duomo,"['AMO', 'Museo Miniscalchi', 'Santa Anastasia', 'Teatro Romano', 'Palazzo della Ragione']",Teatro Romano,strategy_nearest,True,0.0034132003784179688,success
04D4C8429C4C80,3,['Arena'],Santa Anastasia,"['AMO', 'Museo Conte', 'Palazzo della Ragione', 'Teatro Romano', 'Centro Fotografia']",Duomo,strategy_nearest,False,0.0030820369720458984,success
04D4CD3A9C4C80,0,['Arena'],Casa Giulietta,"['Centro Fotografia', 'Sighseeing', 'Torre Lamberti', 'Museo Conte', 'Museo Radio']",Castelvecchio,strategy_nearest,False,0.002410888671875,success
04D4CE3A9C4C80,1,"['Arena', 'Casa Giulietta']",Torre Lamberti,"['Sighseeing', 'Centro Fotografia', 'Museo Conte', 'Palazzo della Ragione', 'AMO']",Palazzo della Ragione,strategy_nearest,True,0.0033998489379882812,success
04D4D03A9C4C80,0,['Castelvecchio'],Torre Lamberti,"['Sighseeing', 'Centro Fotografia', 'Museo Conte', 'Casa Giulietta', 'Palazzo della Ragione']",Casa Giulietta,strategy_nearest,True,0.003400087356567383,success
04D4DC3A9C4C80,3,['Teatro Romano'],Duomo,"['AMO', 'Museo Miniscalchi', 'Santa Anastasia', 'Palazzo della Ragione', 'Museo Conte']",Torre Lamberti,strategy_nearest,False,0.002341032028198242,success
04D4DA3A9C4C80,0,['Arena'],Torre Lamberti,"['Sighseeing', 'Centro Fotografia', 'Museo Conte', 'Casa Giulietta', 'Palazzo della Ragione']",Casa Giulietta,strategy_nearest,True,0.0034151077270507812,success
04D4DC429C4C80,3,"['Arena', 'Castelvecchio', 'Giardino Giusti']",Torre Lamberti,"['Sighseeing', 'Centro Fotografia', 'Museo Conte', 'Casa Giulietta', 'Palazzo della Ragione']",Casa Giulietta,strategy_nearest,True,0.0029108524322509766,success
04D4EA3A9C4C80,2,['Torre Lamberti'],Giardino Giusti,"['Santa Anastasia', 'Teatro Romano', 'Museo Conte', 'Centro Fotografia', 'Museo Storia']",Duomo,strategy_nearest,False,0.0025510787963867188,success
04D4DD3A9C4C80,3,"['Castelvecchio', 'Casa Giulietta']",Santa Anastasia,"['AMO', 'Museo Conte', 'Palazzo della Ragione', 'Teatro Romano', 'Centro Fotografia']",Teatro Romano,strategy_nearest,True,0.002752065658569336,success
04D4EA429C4C80,0,"['Casa Giulietta', 'Casa Giulietta', 'Arena']",Castelvecchio,"['Museo Lapidario', 'Verona Tour', 'Museo Radio', 'San Zeno', 'Sighseeing']",San Zeno,strategy_nearest,True,0.0033588409423828125,success
04D4F03A9C4C80,3,['Arena'],Casa Giulietta,"['Centro Fotografia', 'Sighseeing', 'Torre Lamberti', 'Museo Conte', 'Museo Radio']",Santa Anastasia,strategy_nearest,False,0.0027360916137695312,success
04D5033A9C4C84,0,['Arena'],Castelvecchio,"['Museo Lapidario', 'Verona Tour', 'Museo Radio', 'San Zeno', 'Sighseeing']",Casa Giulietta,strategy_nearest,False,0.0020751953125,success
04D4F13A9C4C80,3,"['Arena', 'Casa Giulietta']",Torre Lamberti,"['Sighseeing', 'Centro Fotografia', 'Museo Conte', 'Palazzo della Ragione', 'AMO']",Santa Anastasia,strategy_nearest,False,0.002838134765625,success
04D4F23A9C4C80,1,"['Arena', 'Palazzo della Ragione']",Torre Lamberti,"['Sighseeing', 'Centro Fotografia', 'Museo Conte', 'Casa Giulietta', 'AMO']",Duomo,strategy_nearest,False,0.003930091857910156,success
04D50A3A9C4C84,1,['Arena'],Casa Giulietta,"['Centro Fotografia', 'Sighseeing', 'Torre Lamberti', 'Museo Conte', 'Museo Radio']",Torre Lamberti,strategy_nearest,True,0.0026161670684814453,success
04D5193A9C4C84,0,"['Arena', 'Casa Giulietta']",Teatro Romano,"['Santa Anastasia', 'Duomo', 'AMO', 'Palazzo della Ragione', 'Museo Conte']",Duomo,strategy_nearest,True,0.0025510787963867188,success
04D51D3A9C4C80,0,['Arena'],Casa Giulietta,"['Centro Fotografia', 'Sighseeing', 'Torre Lamberti', 'Museo Conte', 'Museo Radio']",Torre Lamberti,strategy_nearest,True,0.0027840137481689453,success
04D522429C4C84,3,"['Castelvecchio', 'Arena', 'Casa Giulietta']",Tomba Giulietta,"['San Fermo', 'Museo Storia', 'Museo Lapidario', 'Museo Radio', 'Verona Tour']",Torre Lamberti,strategy_nearest,False,0.002154111862182617,success
04D5233A9C4C80,2,['Duomo'],Casa Giulietta,"['Centro Fotografia', 'Sighseeing', 'Torre Lamberti', 'Museo Conte', 'Museo Radio']",San Fermo,strategy_nearest,False,0.0031669139862060547,success
04D528429C4C84,0,['Arena'],Casa Giulietta,"['Centro Fotografia', 'Sighseeing', 'Torre Lamberti', 'Museo Conte', 'Museo Radio']",Teatro Romano,strategy_nearest,False,0.0032210350036621094,success
04D52A4A9C4C80,0,['Tomba Giulietta'],Castelvecchio,"['Museo Lapidario', 'Verona Tour', 'Arena', 'Museo Radio', 'San Zeno']",Arena,strategy_nearest,True,0.002557039260864258,success
04D531429C4C80,3,"['Arena', 'San Zeno']",Torre Lamberti,"['Sighseeing', 'Centro Fotografia', 'Museo Conte', 'Casa Giulietta', 'Palazzo della Ragione']",Duomo,strategy_nearest,False,0.003155946731567383,success
04D52C3A9C4C80,3,['Arena'],Torre Lamberti,"['Sighseeing', 'Centro Fotografia', 'Museo Conte', 'Casa Giulietta', 'Palazzo della Ragione']",Santa Anastasia,strategy_nearest,False,0.00255584716796875,success
04D5343A9C4C80,0,['Arena'],Duomo,"['AMO', 'Museo Miniscalchi', 'Santa Anastasia', 'Teatro Romano', 'Palazzo della Ragione']",Teatro Romano,strategy_nearest,True,0.0031571388244628906,success
04D5344A9C4C80,0,"['Arena', 'Casa Giulietta']",Teatro Romano,"['Santa Anastasia', 'Duomo', 'AMO', 'Palazzo della Ragione', 'Museo Conte']",Castelvecchio,strategy_nearest,False,0.00214385986328125,success
04D53C3A9C4C80,1,"['Castelvecchio', 'Arena', 'Casa Giulietta', 'Torre Lamberti']",Palazzo della Ragione,"['AMO', 'Museo Conte', 'Centro Fotografia', 'Sighseeing', 'Santa Anastasia']",San Fermo,strategy_nearest,False,0.0027909278869628906,success
04D53D3A9C4C80,3,['Arena'],Santa Anastasia,"['AMO', 'Museo Conte', 'Palazzo della Ragione', 'Teatro Romano', 'Centro Fotografia']",Santa Anastasia,strategy_nearest,False,0.002513885498046875,success
04D53C4A9C4C80,0,"['Castelvecchio', 'Duomo']",Teatro Romano,"['Santa Anastasia', 'AMO', 'Palazzo della Ragione', 'Museo Conte', 'Centro Fotografia']",Arena,strategy_nearest,False,0.00404667854309082,success
04D5413A9C4C80,0,"['Arena', 'Museo Lapidario', 'Castelvecchio']",San Zeno,"['Verona Tour', 'Museo Miniscalchi', 'Sighseeing', 'Museo Radio', 'Torre Lamberti']",Teatro Romano,strategy_nearest,False,0.0028679370880126953,success
04D542429C4C80,2,"['Castelvecchio', 'Casa Giulietta']",Santa Anastasia,"['AMO', 'Museo Conte', 'Palazzo della Ragione', 'Teatro Romano', 'Centro Fotografia']",Duomo,strategy_nearest,False,0.0020499229431152344,success
04D54C429C4C80,1,"['Arena', 'Museo Lapidario']",Castelvecchio,"['Verona Tour', 'Museo Radio', 'San Zeno', 'Sighseeing', 'Museo Miniscalchi']",Palazzo della Ragione,strategy_nearest,False,0.0025949478149414062,success
04D5623A9C4C80,3,"['Arena', 'Casa Giulietta']",Santa Anastasia,"['AMO', 'Museo Conte', 'Palazzo della Ragione', 'Teatro Romano', 'Centro Fotografia']",Duomo,strategy_nearest,False,0.002416849136352539,success
04D56E3A9C4C80,2,"['Casa Giulietta', 'Santa Anastasia']",Duomo,"['AMO', 'Museo Miniscalchi', 'Teatro Romano', 'Palazzo della Ragione', 'Museo Conte']",Castelvecchio,strategy_nearest,False,0.0026421546936035156,success
04D5723A9C4C80,0,"['Arena', 'Casa Giulietta']",Torre Lamberti,"['Sighseeing', 'Centro Fotografia', 'Museo Conte', 'Palazzo della Ragione', 'AMO']",Castelvecchio,strategy_nearest,False,0.0017859935760498047,success
04D5773A9C4C80,0,['Arena'],Giardino Giusti,"['Santa Anastasia', 'Teatro Romano', 'Museo Conte', 'Centro Fotografia', 'Museo Storia']",Torre Lamberti,strategy_nearest,False,0.003376007080078125,success
04D5743A9C4C80,3,"['Arena', 'San Zeno', 'Castelvecchio']",Duomo,"['AMO', 'Museo Miniscalchi', 'Santa Anastasia', 'Teatro Romano', 'Palazzo della Ragione']",Casa Giulietta,strategy_nearest,False,0.0024819374084472656,success
04D5833A9C4C80,0,['Arena'],Castelvecchio,"['Museo Lapidario', 'Verona Tour', 'Museo Radio', 'San Zeno', 'Sighseeing']",Casa Giulietta,strategy_nearest,False,0.0030269622802734375,success
04D57A3A9C4C80,1,"['Casa Giulietta', 'Teatro Romano', 'Torre Lamberti']",Palazzo della Ragione,"['AMO', 'Museo Conte', 'Centro Fotografia', 'Sighseeing', 'Santa Anastasia']",San Fermo,strategy_nearest,False,0.002682924270629883,success
04D584429C4C80,3,"['Arena', 'Santa Anastasia']",Duomo,"['AMO', 'Museo Miniscalchi', 'Teatro Romano', 'Palazzo della Ragione', 'Museo Conte']",Torre Lamberti,strategy_nearest,False,0.0032291412353515625,success
04D5864A9C4C80,3,"['Arena', 'Casa Giulietta']",Torre Lamberti,"['Sighseeing', 'Centro Fotografia', 'Museo Conte', 'Palazzo della Ragione', 'AMO']",Santa Anastasia,strategy_nearest,False,0.0013880729675292969,success
04D5873A9C4C80,2,"['San Fermo', 'Casa Giulietta']",Santa Anastasia,"['AMO', 'Museo Conte', 'Palazzo della Ragione', 'Teatro Romano', 'Centro Fotografia']",Duomo,strategy_nearest,False,0.0028128623962402344,success
04D5884A9C4C80,0,['Arena'],Casa Giulietta,"['Centro Fotografia', 'Sighseeing', 'Torre Lamberti', 'Museo Conte', 'Museo Radio']",Tomba Giulietta,strategy_nearest,False,0.003332853317260742,success
04D59D4A9C4C80,0,['Arena'],San Zeno,"['Castelvecchio', 'Verona Tour', 'Museo Lapidario', 'Museo Miniscalchi', 'Sighseeing']",Torre Lamberti,strategy_nearest,False,0.0023810863494873047,success
04D5AF429C4C80,1,['Arena'],Casa Giulietta,"['Centro Fotografia', 'Sighseeing', 'Torre Lamberti', 'Museo Conte', 'Museo Radio']",Torre Lamberti,strategy_nearest,True,0.003351926803588867,success
04D5B33A9C4C80,1,"['Arena', 'Casa Giulietta', 'Palazzo della Ragione']",Torre Lamberti,"['Sighseeing', 'Centro Fotografia', 'Museo Conte', 'AMO', 'Museo Miniscalchi']",Teatro Romano,strategy_nearest,False,0.002309083938598633,success
04D5AA429C4C80,2,['Teatro Romano'],Duomo,"['AMO', 'Museo Miniscalchi', 'Santa Anastasia', 'Palazzo della Ragione', 'Museo Conte']",Casa Giulietta,strategy_nearest,False,0.0026319026947021484,success
04D5B83A9C4C80,3,['Casa Giulietta'],Santa Anastasia,"['AMO', 'Museo Conte', 'Palazzo della Ragione', 'Teatro Romano', 'Centro Fotografia']",Duomo,strategy_nearest,False,0.0029828548431396484,success
04D5BD3A9C4C80,0,['Arena'],Casa Giulietta,"['Centro Fotografia', 'Sighseeing', 'Torre Lamberti', 'Museo Conte', 'Museo Radio']",Torre Lamberti,strategy_nearest,True,0.0024230480194091797,success
04D5CB429C4C80,3,"['Arena', 'Castelvecchio', 'Casa Giulietta']",Santa Anastasia,"['AMO', 'Museo Conte', 'Palazzo della Ragione', 'Teatro Romano', 'Centro Fotografia']",Tomba Giulietta,strategy_nearest,False,0.002615690231323242,success
04D5C33A9C4C80,1,"['Arena', 'Casa Giulietta']",Santa Anastasia,"['AMO', 'Museo Conte', 'Palazzo della Ragione', 'Teatro Romano', 'Centro Fotografia']",Duomo,strategy_nearest,False,0.0028340816497802734,success
04D5CD3A9C4C80,3,"['Arena', 'San Zeno']",Torre Lamberti,"['Sighseeing', 'Centro Fotografia', 'Museo Conte', 'Casa Giulietta', 'Palazzo della Ragione']",Casa Giulietta,strategy_nearest,True,0.003303050994873047,success
04D5D93A9C4C80,3,"['Arena', 'Casa Giulietta']",San Fermo,"['Museo Storia', 'Museo Radio', 'Centro Fotografia', 'Sighseeing', 'Torre Lamberti']",Torre Lamberti,strategy_nearest,True,0.0028228759765625,success
04D5DD3A9C4C80,0,['Arena'],Teatro Romano,"['Santa Anastasia', 'Duomo', 'AMO', 'Palazzo della Ragione', 'Museo Conte']",Casa Giulietta,strategy_nearest,False,0.002727985382080078,success
04D5E23A9C4C80,3,['Arena'],Torre Lamberti,"['Sighseeing', 'Centro Fotografia', 'Museo Conte', 'Casa Giulietta', 'Palazzo della Ragione']",Casa Giulietta,strategy_nearest,True,0.002541065216064453,success
04D5DF3A9C4C80,0,['Casa Giulietta'],Torre Lamberti,"['Sighseeing', 'Centro Fotografia', 'Museo Conte', 'Palazzo della Ragione', 'AMO']",Arena,strategy_nearest,False,0.00322723388671875,success
04D5F2429C4C80,1,"['Arena', 'Casa Giulietta']",Torre Lamberti,"['Sighseeing', 'Centro Fotografia', 'Museo Conte', 'Palazzo della Ragione', 'AMO']",Palazzo della Ragione,strategy_nearest,True,0.0033228397369384766,success
04D5F43A9C4C80,1,['Arena'],Torre Lamberti,"['Sighseeing', 'Centro Fotografia', 'Museo Conte', 'Casa Giulietta', 'Palazzo della Ragione']",Palazzo della Ragione,strategy_nearest,True,0.002935171127319336,success
04D5F53A9C4C80,0,['Arena'],Torre Lamberti,"['Sighseeing', 'Centro Fotografia', 'Museo Conte', 'Casa Giulietta', 'Palazzo della Ragione']",Casa Giulietta,strategy_nearest,True,0.002402067184448242,success
04D5FA429C4C80,0,"['Castelvecchio', 'Casa Giulietta']",Tomba Giulietta,"['San Fermo', 'Museo Storia', 'Arena', 'Museo Lapidario', 'Museo Radio']",Arena,strategy_nearest,True,0.003259897232055664,success
04D5FB3A9C4C80,0,['Arena'],Casa Giulietta,"['Centro Fotografia', 'Sighseeing', 'Torre Lamberti', 'Museo Conte', 'Museo Radio']",Torre Lamberti,strategy_nearest,True,0.0029540061950683594,success
04D5FD429C4C80,2,"['Casa Giulietta', 'Torre Lamberti']",Tomba Giulietta,"['San Fermo', 'Museo Storia', 'Arena', 'Museo Lapidario', 'Museo Radio']",Castelvecchio,strategy_nearest,False,0.003531932830810547,success
04D6033A9C4C84,0,['Arena'],Museo Lapidario,"['Verona Tour', 'Castelvecchio', 'Museo Radio', 'San Fermo', 'Casa Giulietta']",Castelvecchio,strategy_nearest,True,0.0026290416717529297,success
04D60D3A9C4C84,3,['Arena'],Santa Anastasia,"['AMO', 'Museo Conte', 'Palazzo della Ragione', 'Teatro Romano', 'Centro Fotografia']",Teatro Romano,strategy_nearest,True,0.001986980438232422,success
04D60A429C4C84,3,"['Arena', 'Castelvecchio']",San Zeno,"['Verona Tour', 'Museo Lapidario', 'Museo Miniscalchi', 'Sighseeing', 'Museo Radio']",Arena,strategy_nearest,False,0.0031697750091552734,success
04D61F3A9C4C80,0,"['Arena', 'Museo Lapidario']",Castelvecchio,"['Verona Tour', 'Museo Radio', 'San Zeno', 'Sighseeing', 'Museo Miniscalchi']",Torre Lamberti,strategy_nearest,False,0.0035560131072998047,success
04D6143A9C4C80,3,"['San Zeno', 'Castelvecchio']",Arena,"['Verona Tour', 'Museo Lapidario', 'Museo Radio', 'San Fermo', 'Casa Giulietta']",San Fermo,strategy_nearest,True,0.00292205810546875,success
04D6203A9C4C84,0,['Arena'],Casa Giulietta,"['Centro Fotografia', 'Sighseeing', 'Torre Lamberti', 'Museo Conte', 'Museo Radio']",Tomba Giulietta,strategy_nearest,False,0.0020051002502441406,success
04D6224A9C4C80,1,"['Casa Giulietta', 'Palazzo della Ragione']",Torre Lamberti,"['Sighseeing', 'Centro Fotografia', 'Museo Conte', 'AMO', 'Museo Miniscalchi']",Arena,strategy_nearest,False,0.0029497146606445312,success
04D626429C4C84,1,"['Arena', 'Casa Giulietta']",Torre Lamberti,"['Sighseeing', 'Centro Fotografia', 'Museo Conte', 'Palazzo della Ragione', 'AMO']",Palazzo della Ragione,strategy_nearest,True,0.0032281875610351562,success
04D6253A9C4C80,0,['Arena'],Casa Giulietta,"['Centro Fotografia', 'Sighseeing', 'Torre Lamberti', 'Museo Conte', 'Museo Radio']",Museo Lapidario,strategy_nearest,False,0.0037522315979003906,success
04D62E429C4C80,0,"['Arena', 'Casa Giulietta']",Torre Lamberti,"['Sighseeing', 'Centro Fotografia', 'Museo Conte', 'Palazzo della Ragione', 'AMO']",Teatro Romano,strategy_nearest,False,0.0022411346435546875,success
04D63D3A9C4C80,0,['Arena'],Castelvecchio,"['Museo Lapidario', 'Verona Tour', 'Museo Radio', 'San Zeno', 'Sighseeing']",Casa Giulietta,strategy_nearest,False,0.0028891563415527344,success
04D63D429C4C80,0,['Casa Giulietta'],Castelvecchio,"['Museo Lapidario', 'Verona Tour', 'Arena', 'Museo Radio', 'San Zeno']",Arena,strategy_nearest,True,0.003926992416381836,success
04D6413A9C4C80,3,['Arena'],Casa Giulietta,"['Centro Fotografia', 'Sighseeing', 'Torre Lamberti', 'Museo Conte', 'Museo Radio']",Torre Lamberti,strategy_nearest,True,0.00429081916809082,success
04D64C429C4C80,3,"['Arena', 'Duomo']",Santa Anastasia,"['AMO', 'Museo Conte', 'Palazzo della Ragione', 'Teatro Romano', 'Centro Fotografia']",Torre Lamberti,strategy_nearest,False,0.004038095474243164,success
04D6543A9C4C80,0,['Arena'],Casa Giulietta,"['Centro Fotografia', 'Sighseeing', 'Torre Lamberti', 'Museo Conte', 'Museo Radio']",Santa Anastasia,strategy_nearest,False,0.0026350021362304688,success
04D6503A9C4C80,0,['Arena'],Torre Lamberti,"['Sighseeing', 'Centro Fotografia', 'Museo Conte', 'Casa Giulietta', 'Palazzo della Ragione']",Casa Giulietta,strategy_nearest,True,0.0036458969116210938,success
04D6623A9C4C80,0,"['Arena', 'Tomba Giulietta']",Casa Giulietta,"['Centro Fotografia', 'Sighseeing', 'Torre Lamberti', 'Museo Conte', 'Museo Radio']",Castelvecchio,strategy_nearest,False,0.0019719600677490234,success
04D66D3A9C4C80,2,['Santa Anastasia'],Duomo,"['AMO', 'Museo Miniscalchi', 'Teatro Romano', 'Palazzo della Ragione', 'Museo Conte']",San Fermo,strategy_nearest,False,0.002972841262817383,success
04D65F429C4C80,4,"['Tomba Giulietta', 'Museo Radio', 'Casa Giulietta']",Torre Lamberti,"['Sighseeing', 'Centro Fotografia', 'Museo Conte', 'Palazzo della Ragione', 'AMO']",Palazzo della Ragione,strategy_nearest,True,0.003988981246948242,success
04D66E429C4C80,3,"['Arena', 'Torre Lamberti']",Casa Giulietta,"['Centro Fotografia', 'Sighseeing', 'Museo Conte', 'Museo Radio', 'Palazzo della Ragione']",Castelvecchio,strategy_nearest,False,0.002688884735107422,success
04D675429C4C80,3,"['Arena', 'Torre Lamberti']",Casa Giulietta,"['Centro Fotografia', 'Sighseeing', 'Museo Conte', 'Museo Radio', 'Palazzo della Ragione']",Santa Anastasia,strategy_nearest,False,0.0021140575408935547,success
04D671429C4C80,0,['Arena'],Casa Giulietta,"['Centro Fotografia', 'Sighseeing', 'Torre Lamberti', 'Museo Conte', 'Museo Radio']",San Fermo,strategy_nearest,False,0.0022819042205810547,success
04D6723A9C4C80,0,"['Castelvecchio', 'Torre Lamberti']",Arena,"['Verona Tour', 'Museo Lapidario', 'Museo Radio', 'San Fermo', 'Casa Giulietta']",Casa Giulietta,strategy_nearest,True,0.003489971160888672,success
04D6783A9C4C80,2,"['Casa Giulietta', 'San Fermo']",Palazzo della Ragione,"['AMO', 'Museo Conte', 'Torre Lamberti', 'Centro Fotografia', 'Sighseeing']",Duomo,strategy_nearest,False,0.001371145248413086,success
04D6793A9C4C80,0,['Arena'],Casa Giulietta,"['Centro Fotografia', 'Sighseeing', 'Torre Lamberti', 'Museo Conte', 'Museo Radio']",Tomba Giulietta,strategy_nearest,False,0.0030510425567626953,success
04D67A3A9C4C80,1,['Arena'],Casa Giulietta,"['Centro Fotografia', 'Sighseeing', 'Torre Lamberti', 'Museo Conte', 'Museo Radio']",Torre Lamberti,strategy_nearest,True,0.0033626556396484375,success
04D6773A9C4C80,3,"['Arena', 'San Fermo']",Casa Giulietta,"['Centro Fotografia', 'Sighseeing', 'Torre Lamberti', 'Museo Conte', 'Museo Radio']",Santa Anastasia,strategy_nearest,False,0.004845619201660156,success
04D67D4A9C4C80,0,['Arena'],Casa Giulietta,"['Centro Fotografia', 'Sighseeing', 'Torre Lamberti', 'Museo Conte', 'Museo Radio']",Torre Lamberti,strategy_nearest,True,0.0020987987518310547,success
04D67B4A9C4C80,1,"['Torre Lamberti', 'Palazzo della Ragione']",Santa Anastasia,"['AMO', 'Museo Conte', 'Teatro Romano', 'Centro Fotografia', 'Duomo']",Duomo,strategy_nearest,True,0.0015149116516113281,success
04D6833A9C4C80,3,"['Torre Lamberti', 'Arena']",Museo Storia,"['San Fermo', 'Museo Radio', 'Casa Giulietta', 'Centro Fotografia', 'Tomba Giulietta']",Casa Giulietta,strategy_nearest,True,0.00292205810546875,success
04D684429C4C80,3,['Arena'],Casa Giulietta,"['Centro Fotografia', 'Sighseeing', 'Torre Lamberti', 'Museo Conte', 'Museo Radio']",Santa Anastasia,strategy_nearest,False,0.0037920475006103516,success
04D68C4A9C4C80,1,"['Arena', 'Torre Lamberti']",Palazzo della Ragione,"['AMO', 'Museo Conte', 'Centro Fotografia', 'Sighseeing', 'Santa Anastasia']",Casa Giulietta,strategy_nearest,False,0.003493785858154297,success
04D690429C4C80,3,"['Arena', 'Santa Anastasia', 'Duomo']",Teatro Romano,"['AMO', 'Palazzo della Ragione', 'Museo Conte', 'Centro Fotografia', 'Museo Miniscalchi']",Torre Lamberti,strategy_nearest,False,0.0020961761474609375,success
04D6914A9C4C80,3,"['Santa Anastasia', 'Teatro Romano', 'Duomo']",Casa Giulietta,"['Centro Fotografia', 'Sighseeing', 'Torre Lamberti', 'Museo Conte', 'Museo Radio']",Arena,strategy_nearest,False,0.0032968521118164062,success
04D693429C4C80,2,['Torre Lamberti'],Santa Anastasia,"['AMO', 'Museo Conte', 'Palazzo della Ragione', 'Teatro Romano', 'Centro Fotografia']",Duomo,strategy_nearest,False,0.0025017261505126953,success
04D6944A9C4C80,0,['Arena'],Casa Giulietta,"['Centro Fotografia', 'Sighseeing', 'Torre Lamberti', 'Museo Conte', 'Museo Radio']",Castelvecchio,strategy_nearest,False,0.002730846405029297,success
04D6A1429C4C80,0,['Arena'],Castelvecchio,"['Museo Lapidario', 'Verona Tour', 'Museo Radio', 'San Zeno', 'Sighseeing']",Torre Lamberti,strategy_nearest,False,0.003515958786010742,success
04D6AF3A9C4C80,2,"['Santa Anastasia', 'Duomo']",Torre Lamberti,"['Sighseeing', 'Centro Fotografia', 'Museo Conte', 'Casa Giulietta', 'Palazzo della Ragione']",Casa Giulietta,strategy_nearest,True,0.003332853317260742,success
04D6AD429C4C80,3,"['Arena', 'Casa Giulietta']",Santa Anastasia,"['AMO', 'Museo Conte', 'Palazzo della Ragione', 'Teatro Romano', 'Centro Fotografia']",Duomo,strategy_nearest,False,0.002672910690307617,success
04D6AF429C4C80,3,"['Arena', 'Castelvecchio']",Torre Lamberti,"['Sighseeing', 'Centro Fotografia', 'Museo Conte', 'Casa Giulietta', 'Palazzo della Ragione']",Santa Anastasia,strategy_nearest,False,0.0029213428497314453,success
04D6B2429C4C80,3,"['Arena', 'Casa Giulietta']",Teatro Romano,"['Santa Anastasia', 'Duomo', 'AMO', 'Palazzo della Ragione', 'Museo Conte']",Duomo,strategy_nearest,True,0.002298116683959961,success
04D6B73A9C4C80,0,['Teatro Romano'],Duomo,"['AMO', 'Museo Miniscalchi', 'Santa Anastasia', 'Palazzo della Ragione', 'Museo Conte']",Casa Giulietta,strategy_nearest,False,0.0028238296508789062,success
04D6B4429C4C80,2,['Torre Lamberti'],Duomo,"['AMO', 'Museo Miniscalchi', 'Santa Anastasia', 'Teatro Romano', 'Palazzo della Ragione']",Santa Anastasia,strategy_nearest,True,0.003726959228515625,success
04D6B9429C4C80,3,"['Arena', 'Torre Lamberti']",Santa Anastasia,"['AMO', 'Museo Conte', 'Palazzo della Ragione', 'Teatro Romano', 'Centro Fotografia']",Duomo,strategy_nearest,False,0.00261688232421875,success
04D6BB3A9C4C80,0,['Arena'],Museo Lapidario,"['Verona Tour', 'Castelvecchio', 'Museo Radio', 'San Fermo', 'Casa Giulietta']",Castelvecchio,strategy_nearest,True,0.002964019775390625,success
04D6C63A9C4C80,3,"['Arena', 'Santa Anastasia']",Giardino Giusti,"['Teatro Romano', 'Museo Conte', 'Centro Fotografia', 'Museo Storia', 'AMO']",Teatro Romano,strategy_nearest,True,0.0019600391387939453,success
04D6C1429C4C80,0,['Casa Giulietta'],Arena,"['Verona Tour', 'Museo Lapidario', 'Museo Radio', 'San Fermo', 'Sighseeing']",Tomba Giulietta,strategy_nearest,False,0.002655029296875,success
04D6CF3A9C4C80,3,"['Torre Lamberti', 'Torre Lamberti', 'Casa Giulietta']",Arena,"['Verona Tour', 'Museo Lapidario', 'Museo Radio', 'San Fermo', 'Sighseeing']",Teatro Romano,strategy_nearest,False,0.002758026123046875,success
04D6D13A9C4C80,3,"['Arena', 'Casa Giulietta']",Santa Anastasia,"['AMO', 'Museo Conte', 'Palazzo della Ragione', 'Teatro Romano', 'Centro Fotografia']",Torre Lamberti,strategy_nearest,False,0.003409147262573242,success
04D6DC3A9C4C80,2,['Casa Giulietta'],Santa Anastasia,"['AMO', 'Museo Conte', 'Palazzo della Ragione', 'Teatro Romano', 'Centro Fotografia']",Duomo,strategy_nearest,False,0.003607034683227539,success
04D6D43A9C4C80,2,"['Castelvecchio', 'San Zeno']",Torre Lamberti,"['Sighseeing', 'Centro Fotografia', 'Museo Conte', 'Casa Giulietta', 'Palazzo della Ragione']",Casa Giulietta,strategy_nearest,True,0.0028929710388183594,success
04D6DE3A9C4C80,1,"['Arena', 'Casa Giulietta']",Palazzo della Ragione,"['AMO', 'Museo Conte', 'Torre Lamberti', 'Centro Fotografia', 'Sighseeing']",Torre Lamberti,strategy_nearest,True,0.003554105758666992,success
04D6D1429C4C80,3,"['Arena', 'Museo Lapidario']",Duomo,"['AMO', 'Museo Miniscalchi', 'Santa Anastasia', 'Teatro Romano', 'Palazzo della Ragione']",Santa Anastasia,strategy_nearest,True,0.0026559829711914062,success
04D6F23A9C4C80,2,['Tomba Giulietta'],Casa Giulietta,"['Centro Fotografia', 'Sighseeing', 'Torre Lamberti', 'Museo Conte', 'Museo Radio']",San Zeno,strategy_nearest,False,0.0019261837005615234,success
04D6F9429C4C80,1,"['Castelvecchio', 'Casa Giulietta']",Arena,"['Verona Tour', 'Museo Lapidario', 'Museo Radio', 'San Fermo', 'Sighseeing']",Teatro Romano,strategy_nearest,False,0.0032389163970947266,success
04D6F43A9C4C80,1,"['Arena', 'Casa Giulietta']",Torre Lamberti,"['Sighseeing', 'Centro Fotografia', 'Museo Conte', 'Palazzo della Ragione', 'AMO']",Palazzo della Ragione,strategy_nearest,True,0.003062009811401367,success
04D6F93A9C4C80,0,['Arena'],Casa Giulietta,"['Centro Fotografia', 'Sighseeing', 'Torre Lamberti', 'Museo Conte', 'Museo Radio']",Santa Anastasia,strategy_nearest,False,0.0024051666259765625,success
04D6FD429C4C80,2,"['Torre Lamberti', 'San Fermo']",Giardino Giusti,"['Santa Anastasia', 'Teatro Romano', 'Museo Conte', 'Centro Fotografia', 'Museo Storia']",San Zeno,strategy_nearest,False,0.003454923629760742,success
04D7063A9C4C84,1,['Arena'],Palazzo della Ragione,"['AMO', 'Museo Conte', 'Torre Lamberti', 'Centro Fotografia', 'Sighseeing']",Castelvecchio,strategy_nearest,False,0.0019910335540771484,success
04D70E3A9C4C84,0,['Arena'],Torre Lamberti,"['Sighseeing', 'Centro Fotografia', 'Museo Conte', 'Casa Giulietta', 'Palazzo della Ragione']",Casa Giulietta,strategy_nearest,True,0.002740144729614258,success
04D70F3A9C4C84,0,['Arena'],Castelvecchio,"['Museo Lapidario', 'Verona Tour', 'Museo Radio', 'San Zeno', 'Sighseeing']",Casa Giulietta,strategy_nearest,False,0.004752159118652344,success
04D7133A9C4C80,1,"['Arena', 'Casa Giulietta']",Palazzo della Ragione,"['AMO', 'Museo Conte', 'Torre Lamberti', 'Centro Fotografia', 'Sighseeing']",Torre Lamberti,strategy_nearest,True,0.0026700496673583984,success
04D7123A9C4C84,0,"['Arena', 'San Fermo']",Torre Lamberti,"['Sighseeing', 'Centro Fotografia', 'Museo Conte', 'Casa Giulietta', 'Palazzo della Ragione']",Teatro Romano,strategy_nearest,False,0.0018420219421386719,success
04D7143A9C4C84,0,['Arena'],Casa Giulietta,"['Centro Fotografia', 'Sighseeing', 'Torre Lamberti', 'Museo Conte', 'Museo Radio']",Casa Giulietta,strategy_nearest,False,0.0022499561309814453,success
04D715429C4C84,0,['Arena'],Giardino Giusti,"['Santa Anastasia', 'Teatro Romano', 'Museo Conte', 'Centro Fotografia', 'Museo Storia']",Castelvecchio,strategy_nearest,False,0.002131938934326172,success
04D71E4A9C4C80,2,"['Casa Giulietta', 'Santa Anastasia']",Duomo,"['AMO', 'Museo Miniscalchi', 'Teatro Romano', 'Palazzo della Ragione', 'Museo Conte']",Castelvecchio,strategy_nearest,False,0.0027129650115966797,success
04D720429C4C84,3,"['Duomo', 'Santa Anastasia']",Casa Giulietta,"['Centro Fotografia', 'Sighseeing', 'Torre Lamberti', 'Museo Conte', 'Museo Radio']",Arena,strategy_nearest,False,0.002741098403930664,success
04D7263A9C4C80,2,['Casa Giulietta'],Torre Lamberti,"['Sighseeing', 'Centro Fotografia', 'Museo Conte', 'Palazzo della Ragione', 'AMO']",Palazzo della Ragione,strategy_nearest,True,0.0032813549041748047,success
04D72A4A9C4C80,1,"['Casa Giulietta', 'San Zeno', 'Castelvecchio', 'Giardino Giusti']",Arena,"['Verona Tour', 'Museo Lapidario', 'Museo Radio', 'San Fermo', 'Sighseeing']",San Fermo,strategy_nearest,True,0.0036296844482421875,success
04D737429C4C80,0,"['Castelvecchio', 'Casa Giulietta']",Arena,"['Verona Tour', 'Museo Lapidario', 'Museo Radio', 'San Fermo', 'Sighseeing']",Tomba Giulietta,strategy_nearest,False,0.002447843551635742,success
04D72E4A9C4C80,3,"['Casa Giulietta', 'San Zeno', 'Castelvecchio']",Santa Anastasia,"['AMO', 'Museo Conte', 'Palazzo della Ragione', 'Teatro Romano', 'Centro Fotografia']",Giardino Giusti,strategy_nearest,False,0.002157926559448242,success
04D7323A9C4C80,0,['Arena'],Casa Giulietta,"['Centro Fotografia', 'Sighseeing', 'Torre Lamberti', 'Museo Conte', 'Museo Radio']",Torre Lamberti,strategy_nearest,True,0.004302024841308594,success
04D73D3A9C4C80,3,['Arena'],Casa Giulietta,"['Centro Fotografia', 'Sighseeing', 'Torre Lamberti', 'Museo Conte', 'Museo Radio']",Santa Anastasia,strategy_nearest,False,0.0021262168884277344,success
04D7433A9C4C80,3,"['Castelvecchio', 'Duomo']",Teatro Romano,"['Santa Anastasia', 'AMO', 'Palazzo della Ragione', 'Museo Conte', 'Centro Fotografia']",Santa Anastasia,strategy_nearest,True,0.0032770633697509766,success
04D73B4A9C4C80,3,"['Arena', 'Casa Giulietta']",Santa Anastasia,"['AMO', 'Museo Conte', 'Palazzo della Ragione', 'Teatro Romano', 'Centro Fotografia']",Duomo,strategy_nearest,False,0.0033960342407226562,success
04D7533A9C4C80,0,"['Torre Lamberti', 'Casa Giulietta']",Museo Lapidario,"['Verona Tour', 'Arena', 'Castelvecchio', 'Museo Radio', 'San Fermo']",Arena,strategy_nearest,True,0.0021848678588867188,success
04D750429C4C80,0,['Arena'],Casa Giulietta,"['Centro Fotografia', 'Sighseeing', 'Torre Lamberti', 'Museo Conte', 'Museo Radio']",Santa Anastasia,strategy_nearest,False,0.003000974655151367,success
04D748429C4C80,0,['Arena'],Casa Giulietta,"['Centro Fotografia', 'Sighseeing', 'Torre Lamberti', 'Museo Conte', 'Museo Radio']",Castelvecchio,strategy_nearest,False,0.004200935363769531,success
04D755429C4C80,0,['Arena'],Casa Giulietta,"['Centro Fotografia', 'Sighseeing', 'Torre Lamberti', 'Museo Conte', 'Museo Radio']",Castelvecchio,strategy_nearest,False,0.003348112106323242,success
04D763429C4C80,0,['Arena'],Casa Giulietta,"['Centro Fotografia', 'Sighseeing', 'Torre Lamberti', 'Museo Conte', 'Museo Radio']",Torre Lamberti,strategy_nearest,True,0.0019180774688720703,success
04D76E429C4C80,0,['Arena'],Castelvecchio,"['Museo Lapidario', 'Verona Tour', 'Museo Radio', 'San Zeno', 'Sighseeing']",Torre Lamberti,strategy_nearest,False,0.0034422874450683594,success
04D765429C4C80,0,['Arena'],Casa Giulietta,"['Centro Fotografia', 'Sighseeing', 'Torre Lamberti', 'Museo Conte', 'Museo Radio']",Torre Lamberti,strategy_nearest,True,0.002876758575439453,success
04D7773A9C4C80,3,"['Castelvecchio', 'Casa Giulietta', 'Santa Anastasia']",Duomo,"['AMO', 'Museo Miniscalchi', 'Teatro Romano', 'Palazzo della Ragione', 'Museo Conte']",Torre Lamberti,strategy_nearest,False,0.0027756690979003906,success
04D779429C4C80,3,"['San Zeno', 'Castelvecchio', 'Duomo']",Santa Anastasia,"['AMO', 'Museo Conte', 'Palazzo della Ragione', 'Teatro Romano', 'Centro Fotografia']",Torre Lamberti,strategy_nearest,False,0.00261688232421875,success
04D7824A9C4C80,0,['Arena'],Casa Giulietta,"['Centro Fotografia', 'Sighseeing', 'Torre Lamberti', 'Museo Conte', 'Museo Radio']",Torre Lamberti,strategy_nearest,True,0.0021986961364746094,success
04D78C3A9C4C80,1,['Arena'],Casa Giulietta,"['Centro Fotografia', 'Sighseeing', 'Torre Lamberti', 'Museo Conte', 'Museo Radio']",Torre Lamberti,strategy_nearest,True,0.002864837646484375,success
04D78E429C4C80,0,['Arena'],Casa Giulietta,"['Centro Fotografia', 'Sighseeing', 'Torre Lamberti', 'Museo Conte', 'Museo Radio']",Duomo,strategy_nearest,False,0.003468036651611328,success
04D7924A9C4C80,3,"['Arena', 'Casa Giulietta']",Torre Lamberti,"['Sighseeing', 'Centro Fotografia', 'Museo Conte', 'Palazzo della Ragione', 'AMO']",Santa Anastasia,strategy_nearest,False,0.0027360916137695312,success
04D790429C4C80,2,['Santa Anastasia'],Torre Lamberti,"['Sighseeing', 'Centro Fotografia', 'Museo Conte', 'Casa Giulietta', 'Palazzo della Ragione']",San Zeno,strategy_nearest,False,0.002613067626953125,success
04D79C429C4C80,3,"['Arena', 'Casa Giulietta']",Torre Lamberti,"['Sighseeing', 'Centro Fotografia', 'Museo Conte', 'Palazzo della Ragione', 'AMO']",Santa Anastasia,strategy_nearest,False,0.002701997756958008,success
04D7A2429C4C80,0,['Arena'],Casa Giulietta,"['Centro Fotografia', 'Sighseeing', 'Torre Lamberti', 'Museo Conte', 'Museo Radio']",Castelvecchio,strategy_nearest,False,0.002732992172241211,success
04D7B13A9C4C80,0,['Arena'],Casa Giulietta,"['Centro Fotografia', 'Sighseeing', 'Torre Lamberti', 'Museo Conte', 'Museo Radio']",Teatro Romano,strategy_nearest,False,0.0025222301483154297,success
04D7A44A9C4C80,0,"['Arena', 'Torre Lamberti']",Casa Giulietta,"['Centro Fotografia', 'Sighseeing', 'Museo Conte', 'Museo Radio', 'Palazzo della Ragione']",San Fermo,strategy_nearest,False,0.0025489330291748047,success
04D7B2429C4C80,1,"['Arena', 'Casa Giulietta']",Torre Lamberti,"['Sighseeing', 'Centro Fotografia', 'Museo Conte', 'Palazzo della Ragione', 'AMO']",Palazzo della Ragione,strategy_nearest,True,0.001961946487426758,success
04D7B23A9C4C80,0,['Casa Giulietta'],Arena,"['Verona Tour', 'Museo Lapidario', 'Museo Radio', 'San Fermo', 'Sighseeing']",Castelvecchio,strategy_nearest,False,0.003604888916015625,success
04D7BC429C4C80,3,"['Arena', 'Castelvecchio', 'Casa Giulietta']",Tomba Giulietta,"['San Fermo', 'Museo Storia', 'Museo Lapidario', 'Museo Radio', 'Verona Tour']",Torre Lamberti,strategy_nearest,False,0.003145933151245117,success
04D7BB3A9C4C80,3,['Arena'],Casa Giulietta,"['Centro Fotografia', 'Sighseeing', 'Torre Lamberti', 'Museo Conte', 'Museo Radio']",Santa Anastasia,strategy_nearest,False,0.0029349327087402344,success
04D7BE3A9C4C80,1,"['Arena', 'Torre Lamberti']",Palazzo della Ragione,"['AMO', 'Museo Conte', 'Centro Fotografia', 'Sighseeing', 'Santa Anastasia']",Santa Anastasia,strategy_nearest,True,0.002177000045776367,success
04D7C9429C4C80,0,['Arena'],Torre Lamberti,"['Sighseeing', 'Centro Fotografia', 'Museo Conte', 'Casa Giulietta', 'Palazzo della Ragione']",Casa Giulietta,strategy_nearest,True,0.0030269622802734375,success
04D7CF429C4C80,2,"['Castelvecchio', 'San Zeno', 'Torre Lamberti']",Palazzo della Ragione,"['AMO', 'Museo Conte', 'Centro Fotografia', 'Sighseeing', 'Santa Anastasia']",Casa Giulietta,strategy_nearest,False,0.002624034881591797,success
04D7D9429C4C80,3,"['Arena', 'Teatro Romano']",Santa Anastasia,"['AMO', 'Museo Conte', 'Palazzo della Ragione', 'Centro Fotografia', 'Duomo']",Casa Giulietta,strategy_nearest,False,0.0027658939361572266,success
04D7DB3A9C4C80,0,['Arena'],Santa Anastasia,"['AMO', 'Museo Conte', 'Palazzo della Ragione', 'Teatro Romano', 'Centro Fotografia']",Casa Giulietta,strategy_nearest,False,0.0032629966735839844,success
04D7E73A9C4C80,2,['San Fermo'],Santa Anastasia,"['AMO', 'Museo Conte', 'Palazzo della Ragione', 'Teatro Romano', 'Centro Fotografia']",Duomo,strategy_nearest,False,0.003197908401489258,success
04D7F2429C4C80,1,['Arena'],Casa Giulietta,"['Centro Fotografia', 'Sighseeing', 'Torre Lamberti', 'Museo Conte', 'Museo Radio']",Palazzo della Ragione,strategy_nearest,False,0.0033321380615234375,success
04D7EA3A9C4C80,0,['Arena'],Casa Giulietta,"['Centro Fotografia', 'Sighseeing', 'Torre Lamberti', 'Museo Conte', 'Museo Radio']",Santa Anastasia,strategy_nearest,False,0.0033528804779052734,success
04D8173A9C4C80,2,"['Castelvecchio', 'Casa Giulietta']",Torre Lamberti,"['Sighseeing', 'Centro Fotografia', 'Museo Conte', 'Palazzo della Ragione', 'AMO']",Santa Anastasia,strategy_nearest,False,0.0025131702423095703,success
04D7F33A9C4C80,2,"['Teatro Romano', 'Santa Anastasia']",Torre Lamberti,"['Sighseeing', 'Centro Fotografia', 'Museo Conte', 'Casa Giulietta', 'Palazzo della Ragione']",Palazzo della Ragione,strategy_nearest,True,0.002541780471801758,success
04D80D3A9C4C84,3,"['Museo Lapidario', 'Arena', 'Torre Lamberti']",Santa Anastasia,"['AMO', 'Museo Conte', 'Palazzo della Ragione', 'Teatro Romano', 'Centro Fotografia']",Duomo,strategy_nearest,False,0.0032241344451904297,success
04D7FF429C4C80,2,['Giardino Giusti'],San Zeno,"['Castelvecchio', 'Verona Tour', 'Museo Lapidario', 'Arena', 'Museo Miniscalchi']",Castelvecchio,strategy_nearest,True,0.00333404541015625,success
04D821429C4C84,0,"['Arena', 'Castelvecchio']",Museo Lapidario,"['Verona Tour', 'Museo Radio', 'San Fermo', 'Casa Giulietta', 'Tomba Giulietta']",Duomo,strategy_nearest,False,0.002198934555053711,success
04D830429C4C80,2,"['Torre Lamberti', 'Casa Giulietta']",Santa Anastasia,"['AMO', 'Museo Conte', 'Palazzo della Ragione', 'Teatro Romano', 'Centro Fotografia']",Duomo,strategy_nearest,False,0.0026378631591796875,success
04D8233A9C4C80,3,"['Arena', 'Teatro Romano', 'Duomo']",Castelvecchio,"['Museo Lapidario', 'Verona Tour', 'Museo Radio', 'San Zeno', 'Sighseeing']",Torre Lamberti,strategy_nearest,False,0.002177715301513672,success
04D81D429C4C84,1,"['Castelvecchio', 'Casa Giulietta']",Arena,"['Verona Tour', 'Museo Lapidario', 'Museo Radio', 'San Fermo', 'Sighseeing']",Teatro Romano,strategy_nearest,False,0.004103899002075195,success
04D83A429C4C80,2,['Teatro Romano'],Casa Giulietta,"['Centro Fotografia', 'Sighseeing', 'Torre Lamberti', 'Museo Conte', 'Museo Radio']",Castelvecchio,strategy_nearest,False,0.0027840137481689453,success
04D833429C4C80,1,"['Arena', 'Casa Giulietta']",Torre Lamberti,"['Sighseeing', 'Centro Fotografia', 'Museo Conte', 'Palazzo della Ragione', 'AMO']",Palazzo della Ragione,strategy_nearest,True,0.003448963165283203,success
04D83D429C4C80,3,"['Arena', 'Torre Lamberti']",Casa Giulietta,"['Centro Fotografia', 'Sighseeing', 'Museo Conte', 'Museo Radio', 'Palazzo della Ragione']",Castelvecchio,strategy_nearest,False,0.0014150142669677734,success
04D83F3A9C4C80,3,"['Arena', 'Casa Giulietta']",Santa Anastasia,"['AMO', 'Museo Conte', 'Palazzo della Ragione', 'Teatro Romano', 'Centro Fotografia']",Duomo,strategy_nearest,False,0.003256082534790039,success
04D848429C4C80,1,"['Arena', 'Casa Giulietta']",Torre Lamberti,"['Sighseeing', 'Centro Fotografia', 'Museo Conte', 'Palazzo della Ragione', 'AMO']",Palazzo della Ragione,strategy_nearest,True,0.0017948150634765625,success
04D8603A9C4C80,3,"['Duomo', 'Santa Anastasia']",Torre Lamberti,"['Sighseeing', 'Centro Fotografia', 'Museo Conte', 'Casa Giulietta', 'Palazzo della Ragione']",Casa Giulietta,strategy_nearest,True,0.005181074142456055,success
04D84B3A9C4C80,1,"['Arena', 'Palazzo della Ragione']",Torre Lamberti,"['Sighseeing', 'Centro Fotografia', 'Museo Conte', 'Casa Giulietta', 'AMO']",Santa Anastasia,strategy_nearest,False,0.004093170166015625,success
04D849429C4C80,3,['Arena'],Casa Giulietta,"['Centro Fotografia', 'Sighseeing', 'Torre Lamberti', 'Museo Conte', 'Museo Radio']",Torre Lamberti,strategy_nearest,True,0.002919912338256836,success
04D86B429C4C80,3,"['Casa Giulietta', 'Duomo']",Torre Lamberti,"['Sighseeing', 'Centro Fotografia', 'Museo Conte', 'Palazzo della Ragione', 'AMO']",Castelvecchio,strategy_nearest,False,0.002218008041381836,success
04D86E429C4C80,3,"['Casa Giulietta', 'Torre Lamberti']",Santa Anastasia,"['AMO', 'Museo Conte', 'Palazzo della Ragione', 'Teatro Romano', 'Centro Fotografia']",Duomo,strategy_nearest,False,0.004033088684082031,success
04D86A429C4C80,2,['Casa Giulietta'],Museo Lapidario,"['Verona Tour', 'Arena', 'Castelvecchio', 'Museo Radio', 'San Fermo']",Santa Anastasia,strategy_nearest,False,0.0029876232147216797,success
04D872429C4C80,1,"['Arena', 'Casa Giulietta', 'Torre Lamberti']",Palazzo della Ragione,"['AMO', 'Museo Conte', 'Centro Fotografia', 'Sighseeing', 'Santa Anastasia']",Duomo,strategy_nearest,False,0.005429983139038086,success
04D8763A9C4C80,3,"['Castelvecchio', 'Arena']",Casa Giulietta,"['Centro Fotografia', 'Sighseeing', 'Torre Lamberti', 'Museo Conte', 'Museo Radio']",Santa Anastasia,strategy_nearest,False,0.002246856689453125,success
04D8753A9C4C80,0,['Arena'],Museo Lapidario,"['Verona Tour', 'Castelvecchio', 'Museo Radio', 'San Fermo', 'Casa Giulietta']",Castelvecchio,strategy_nearest,True,0.00400090217590332,success
04D8773A9C4C80,0,"['Castelvecchio', 'Casa Giulietta']",Arena,"['Verona Tour', 'Museo Lapidario', 'Museo Radio', 'San Fermo', 'Sighseeing']",Torre Lamberti,strategy_nearest,False,0.004530906677246094,success
04D877429C4C80,3,['Arena'],Torre Lamberti,"['Sighseeing', 'Centro Fotografia', 'Museo Conte', 'Casa Giulietta', 'Palazzo della Ragione']",Santa Anastasia,strategy_nearest,False,0.005510091781616211,success
04D87D4A9C4C80,1,['Arena'],Casa Giulietta,"['Centro Fotografia', 'Sighseeing', 'Torre Lamberti', 'Museo Conte', 'Museo Radio']",Torre Lamberti,strategy_nearest,True,0.0038847923278808594,success
04D8793A9C4C80,2,"['Casa Giulietta', 'Teatro Romano']",Castelvecchio,"['Museo Lapidario', 'Verona Tour', 'Arena', 'Museo Radio', 'San Zeno']",San Zeno,strategy_nearest,True,0.005809783935546875,success
04D87C4A9C4C80,1,"['Arena', 'Museo Lapidario']",Casa Giulietta,"['Centro Fotografia', 'Sighseeing', 'Torre Lamberti', 'Museo Conte', 'Museo Radio']",Palazzo della Ragione,strategy_nearest,False,0.005960941314697266,success
04D87B4A9C4C80,0,"['Arena', 'Duomo']",Teatro Romano,"['Santa Anastasia', 'AMO', 'Palazzo della Ragione', 'Museo Conte', 'Centro Fotografia']",Casa Giulietta,strategy_nearest,False,0.0071909427642822266,success
04D883429C4C80,0,['Arena'],Torre Lamberti,"['Sighseeing', 'Centro Fotografia', 'Museo Conte', 'Casa Giulietta', 'Palazzo della Ragione']",Tomba Giulietta,strategy_nearest,False,0.0014750957489013672,success
04D8844A9C4C80,1,['Arena'],Casa Giulietta,"['Centro Fotografia', 'Sighseeing', 'Torre Lamberti', 'Museo Conte', 'Museo Radio']",Palazzo della Ragione,strategy_nearest,False,0.0036399364471435547,success
04D87E429C4C80,3,"['Arena', 'Castelvecchio', 'San Zeno']",Torre Lamberti,"['Sighseeing', 'Centro Fotografia', 'Museo Conte', 'Casa Giulietta', 'Palazzo della Ragione']",Casa Giulietta,strategy_nearest,True,0.004607200622558594,success
04D8854A9C4C80,0,['Arena'],Casa Giulietta,"['Centro Fotografia', 'Sighseeing', 'Torre Lamberti', 'Museo Conte', 'Museo Radio']",San Zeno,strategy_nearest,False,0.0033597946166992188,success
04D8A63A9C4C80,0,['Arena'],Castelvecchio,"['Museo Lapidario', 'Verona Tour', 'Museo Radio', 'San Zeno', 'Sighseeing']",Duomo,strategy_nearest,False,0.002695798873901367,success
04D8893A9C4C80,0,['Castelvecchio'],Casa Giulietta,"['Centro Fotografia', 'Sighseeing', 'Torre Lamberti', 'Museo Conte', 'Museo Radio']",Arena,strategy_nearest,False,0.0034101009368896484,success
04D8A7429C4C80,0,"['Arena', 'Casa Giulietta']",Duomo,"['AMO', 'Museo Miniscalchi', 'Santa Anastasia', 'Teatro Romano', 'Palazzo della Ragione']",Tomba Giulietta,strategy_nearest,False,0.004037141799926758,success
04D8A74A9C4C80,0,"['Arena', 'Castelvecchio']",Casa Giulietta,"['Centro Fotografia', 'Sighseeing', 'Torre Lamberti', 'Museo Conte', 'Museo Radio']",Teatro Romano,strategy_nearest,False,0.003047943115234375,success
04D8A84A9C4C80,2,['Castelvecchio'],San Zeno,"['Verona Tour', 'Museo Lapidario', 'Arena', 'Museo Miniscalchi', 'Sighseeing']",Santa Anastasia,strategy_nearest,False,0.002286195755004883,success
04D8A94A9C4C80,3,['Arena'],Torre Lamberti,"['Sighseeing', 'Centro Fotografia', 'Museo Conte', 'Casa Giulietta', 'Palazzo della Ragione']",Casa Giulietta,strategy_nearest,True,0.0028662681579589844,success
04D8A8429C4C80,3,"['Arena', 'Castelvecchio']",Santa Anastasia,"['AMO', 'Museo Conte', 'Palazzo della Ragione', 'Teatro Romano', 'Centro Fotografia']",Duomo,strategy_nearest,False,0.0016598701477050781,success
04D8AD3A9C4C80,3,"['San Zeno', 'Teatro Romano', 'Arena']",San Fermo,"['Museo Storia', 'Museo Radio', 'Casa Giulietta', 'Centro Fotografia', 'Sighseeing']",Torre Lamberti,strategy_nearest,False,0.0021262168884277344,success
04D8AC429C4C80,1,"['Arena', 'Castelvecchio']",Torre Lamberti,"['Sighseeing', 'Centro Fotografia', 'Museo Conte', 'Casa Giulietta', 'Palazzo della Ragione']",Palazzo della Ragione,strategy_nearest,True,0.0031311511993408203,success
04D8AD429C4C80,2,['Santa Anastasia'],Casa Giulietta,"['Centro Fotografia', 'Sighseeing', 'Torre Lamberti', 'Museo Conte', 'Museo Radio']",Tomba Giulietta,strategy_nearest,False,0.0037081241607666016,success
04D8B0429C4C80,1,"['Casa Giulietta', 'Torre Lamberti']",Palazzo della Ragione,"['AMO', 'Museo Conte', 'Centro Fotografia', 'Sighseeing', 'Santa Anastasia']",Teatro Romano,strategy_nearest,False,0.0022630691528320312,success
04D8BC3A9C4C80,0,['Arena'],Casa Giulietta,"['Centro Fotografia', 'Sighseeing', 'Torre Lamberti', 'Museo Conte', 'Museo Radio']",Duomo,strategy_nearest,False,0.002255678176879883,success
04D8B3429C4C80,3,"['Arena', 'Casa Giulietta']",Torre Lamberti,"['Sighseeing', 'Centro Fotografia', 'Museo Conte', 'Palazzo della Ragione', 'AMO']",Santa Anastasia,strategy_nearest,False,0.0030930042266845703,success
04D8B7429C4C80,3,['Arena'],Santa Anastasia,"['AMO', 'Museo Conte', 'Palazzo della Ragione', 'Teatro Romano', 'Centro Fotografia']",Duomo,strategy_nearest,False,0.003776073455810547,success
04D8B83A9C4C80,0,['Arena'],Casa Giulietta,"['Centro Fotografia', 'Sighseeing', 'Torre Lamberti', 'Museo Conte', 'Museo Radio']",Santa Anastasia,strategy_nearest,False,0.0018243789672851562,success
04D8BC429C4C80,0,['Arena'],Torre Lamberti,"['Sighseeing', 'Centro Fotografia', 'Museo Conte', 'Casa Giulietta', 'Palazzo della Ragione']",Casa Giulietta,strategy_nearest,True,0.001950979232788086,success
04D8BE3A9C4C80,0,['Arena'],Castelvecchio,"['Museo Lapidario', 'Verona Tour', 'Museo Radio', 'San Zeno', 'Sighseeing']",Santa Anastasia,strategy_nearest,False,0.0027320384979248047,success
04D8BF429C4C80,2,"['Tomba Giulietta', 'San Fermo', 'Casa Giulietta']",Torre Lamberti,"['Sighseeing', 'Centro Fotografia', 'Museo Conte', 'Palazzo della Ragione', 'AMO']",Santa Anastasia,strategy_nearest,False,0.0032091140747070312,success
04D8BE429C4C80,0,['Arena'],Casa Giulietta,"['Centro Fotografia', 'Sighseeing', 'Torre Lamberti', 'Museo Conte', 'Museo Radio']",Torre Lamberti,strategy_nearest,True,0.0028429031372070312,success
04D8C43A9C4C80,1,"['Teatro Romano', 'Casa Giulietta', 'Torre Lamberti']",Palazzo della Ragione,"['AMO', 'Museo Conte', 'Centro Fotografia', 'Sighseeing', 'Santa Anastasia']",Arena,strategy_nearest,False,0.0025141239166259766,success
04D8C63A9C4C80,3,"['Castelvecchio', 'Arena', 'Tomba Giulietta']",Casa Giulietta,"['Centro Fotografia', 'Sighseeing', 'Torre Lamberti', 'Museo Conte', 'Museo Radio']",Santa Anastasia,strategy_nearest,False,0.002061128616333008,success
04D8CB3A9C4C80,1,"['Arena', 'Casa Giulietta']",Palazzo della Ragione,"['AMO', 'Museo Conte', 'Torre Lamberti', 'Centro Fotografia', 'Sighseeing']",Torre Lamberti,strategy_nearest,True,0.0027320384979248047,success
04D8C83A9C4C80,2,['Castelvecchio'],Casa Giulietta,"['Centro Fotografia', 'Sighseeing', 'Torre Lamberti', 'Museo Conte', 'Museo Radio']",Teatro Romano,strategy_nearest,False,0.003407001495361328,success
04D8CC429C4C80,2,"['Torre Lamberti', 'Casa Giulietta']",Duomo,"['AMO', 'Museo Miniscalchi', 'Santa Anastasia', 'Teatro Romano', 'Palazzo della Ragione']",Castelvecchio,strategy_nearest,False,0.002844095230102539,success
04D8CD429C4C80,1,"['Duomo', 'Santa Anastasia', 'Museo Storia', 'Arena']",Casa Giulietta,"['Centro Fotografia', 'Sighseeing', 'Torre Lamberti', 'Museo Conte', 'Museo Radio']",Torre Lamberti,strategy_nearest,True,0.0040509700775146484,success
04D8D03A9C4C80,0,['Arena'],Casa Giulietta,"['Centro Fotografia', 'Sighseeing', 'Torre Lamberti', 'Museo Conte', 'Museo Radio']",Castelvecchio,strategy_nearest,False,0.0020873546600341797,success
04D8D23A9C4C80,3,['Arena'],Casa Giulietta,"['Centro Fotografia', 'Sighseeing', 'Torre Lamberti', 'Museo Conte', 'Museo Radio']",Santa Anastasia,strategy_nearest,False,0.0033321380615234375,success
04D8D63A9C4C80,3,['Arena'],Torre Lamberti,"['Sighseeing', 'Centro Fotografia', 'Museo Conte', 'Casa Giulietta', 'Palazzo della Ragione']",Santa Anastasia,strategy_nearest,False,0.001852273941040039,success
04D8D73A9C4C80,1,"['Arena', 'Torre Lamberti', 'Palazzo della Ragione']",Duomo,"['AMO', 'Museo Miniscalchi', 'Santa Anastasia', 'Teatro Romano', 'Museo Conte']",Santa Anastasia,strategy_nearest,True,0.002585887908935547,success
04D8D7429C4C80,2,"['Castelvecchio', 'Teatro Romano', 'Casa Giulietta']",Palazzo della Ragione,"['AMO', 'Museo Conte', 'Torre Lamberti', 'Centro Fotografia', 'Sighseeing']",Torre Lamberti,strategy_nearest,True,0.002794981002807617,success
04D8D83A9C4C80,0,['Arena'],Casa Giulietta,"['Centro Fotografia', 'Sighseeing', 'Torre Lamberti', 'Museo Conte', 'Museo Radio']",Castelvecchio,strategy_nearest,False,0.003407001495361328,success
04D8F53A9C4C80,3,"['Arena', 'San Fermo', 'Casa Giulietta']",Torre Lamberti,"['Sighseeing', 'Centro Fotografia', 'Museo Conte', 'Palazzo della Ragione', 'AMO']",Santa Anastasia,strategy_nearest,False,0.003325939178466797,success
04D9053A9C4C84,1,"['Arena', 'Casa Giulietta']",Palazzo della Ragione,"['AMO', 'Museo Conte', 'Torre Lamberti', 'Centro Fotografia', 'Sighseeing']",Torre Lamberti,strategy_nearest,True,0.002399921417236328,success
04D8DD3A9C4C80,2,['Castelvecchio'],San Zeno,"['Verona Tour', 'Museo Lapidario', 'Arena', 'Museo Miniscalchi', 'Sighseeing']",San Fermo,strategy_nearest,False,0.002543926239013672,success
04D8FD3A9C4C80,1,['Arena'],Torre Lamberti,"['Sighseeing', 'Centro Fotografia', 'Museo Conte', 'Casa Giulietta', 'Palazzo della Ragione']",Palazzo della Ragione,strategy_nearest,True,0.0033578872680664062,success
04D90D3A9C4C84,2,"['Museo Lapidario', 'Castelvecchio']",Torre Lamberti,"['Sighseeing', 'Centro Fotografia', 'Museo Conte', 'Casa Giulietta', 'Palazzo della Ragione']",Palazzo della Ragione,strategy_nearest,True,0.0033249855041503906,success
04D9143A9C4C84,3,"['Arena', 'San Fermo']",Casa Giulietta,"['Centro Fotografia', 'Sighseeing', 'Torre Lamberti', 'Museo Conte', 'Museo Radio']",Santa Anastasia,strategy_nearest,False,0.0027098655700683594,success
04D910429C4C84,3,['Teatro Romano'],Santa Anastasia,"['AMO', 'Museo Conte', 'Palazzo della Ragione', 'Centro Fotografia', 'Duomo']",Casa Giulietta,strategy_nearest,False,0.0011887550354003906,success
04D9153A9C4C84,0,['Arena'],Casa Giulietta,"['Centro Fotografia', 'Sighseeing', 'Torre Lamberti', 'Museo Conte', 'Museo Radio']",Tomba Giulietta,strategy_nearest,False,0.0032978057861328125,success
04D9163A9C4C84,0,['Arena'],Torre Lamberti,"['Sighseeing', 'Centro Fotografia', 'Museo Conte', 'Casa Giulietta', 'Palazzo della Ragione']",Casa Giulietta,strategy_nearest,True,0.002535104751586914,success
04D91A3A9C4C80,2,"['Castelvecchio', 'Casa Giulietta']",Torre Lamberti,"['Sighseeing', 'Centro Fotografia', 'Museo Conte', 'Palazzo della Ragione', 'AMO']",Santa Anastasia,strategy_nearest,False,0.0026001930236816406,success
04D91E3A9C4C80,0,['Arena'],Museo Lapidario,"['Verona Tour', 'Castelvecchio', 'Museo Radio', 'San Fermo', 'Casa Giulietta']",Casa Giulietta,strategy_nearest,True,0.0033431053161621094,success
04D9213A9C4C80,0,['Arena'],Casa Giulietta,"['Centro Fotografia', 'Sighseeing', 'Torre Lamberti', 'Museo Conte', 'Museo Radio']",Tomba Giulietta,strategy_nearest,False,0.0033981800079345703,success
04D9254A9C4C80,2,"['Santa Anastasia', 'San Zeno']",Castelvecchio,"['Museo Lapidario', 'Verona Tour', 'Arena', 'Museo Radio', 'Sighseeing']",Duomo,strategy_nearest,False,0.003156900405883789,success
04D92C4A9C4C80,0,"['Arena', 'Casa Giulietta', 'Museo Storia']",Teatro Romano,"['Santa Anastasia', 'Duomo', 'AMO', 'Palazzo della Ragione', 'Museo Conte']",Castelvecchio,strategy_nearest,False,0.0025489330291748047,success
04D92B4A9C4C80,0,['Arena'],Castelvecchio,"['Museo Lapidario', 'Verona Tour', 'Museo Radio', 'San Zeno', 'Sighseeing']",Teatro Romano,strategy_nearest,False,0.0032219886779785156,success
04D931C27B3F80,3,"['Casa Giulietta', 'Santa Anastasia', 'Duomo']",Castelvecchio,"['Museo Lapidario', 'Verona Tour', 'Arena', 'Museo Radio', 'San Zeno']",Arena,strategy_nearest,True,0.002441883087158203,success
04D9343A9C4C80,2,['Casa Giulietta'],Santa Anastasia,"['AMO', 'Museo Conte', 'Palazzo della Ragione', 'Teatro Romano', 'Centro Fotografia']",Duomo,strategy_nearest,False,0.004015922546386719,success
04D948429C4C80,1,"['Arena', 'Museo Lapidario', 'Casa Giulietta']",Teatro Romano,"['Santa Anastasia', 'Duomo', 'AMO', 'Palazzo della Ragione', 'Museo Conte']",Duomo,strategy_nearest,True,0.0018088817596435547,success
04D93C3A9C4C80,1,"['Casa Giulietta', 'Arena']",Torre Lamberti,"['Sighseeing', 'Centro Fotografia', 'Museo Conte', 'Palazzo della Ragione', 'AMO']",Palazzo della Ragione,strategy_nearest,True,0.003229856491088867,success
04D949429C4C80,1,"['Arena', 'Casa Giulietta', 'Palazzo della Ragione']",San Fermo,"['Museo Storia', 'Museo Radio', 'Centro Fotografia', 'Sighseeing', 'Torre Lamberti']",Santa Anastasia,strategy_nearest,False,0.0030689239501953125,success
04D94D3A9C4C80,0,['Arena'],Casa Giulietta,"['Centro Fotografia', 'Sighseeing', 'Torre Lamberti', 'Museo Conte', 'Museo Radio']",Torre Lamberti,strategy_nearest,True,0.002695322036743164,success
04D94E3A9C4C80,1,"['Arena', 'Torre Lamberti']",Palazzo della Ragione,"['AMO', 'Museo Conte', 'Centro Fotografia', 'Sighseeing', 'Santa Anastasia']",Casa Giulietta,strategy_nearest,False,0.002670764923095703,success
04D94EC27B3F80,2,['Santa Anastasia'],San Fermo,"['Museo Storia', 'Museo Radio', 'Casa Giulietta', 'Centro Fotografia', 'Arena']",Casa Giulietta,strategy_nearest,True,0.003088235855102539,success
04D9523A9C4C80,3,"['Arena', 'Casa Giulietta', 'San Zeno']",Castelvecchio,"['Museo Lapidario', 'Verona Tour', 'Museo Radio', 'Sighseeing', 'Museo Miniscalchi']",Torre Lamberti,strategy_nearest,False,0.0037899017333984375,success
04D960429C4C80,3,"['Arena', 'Casa Giulietta']",Torre Lamberti,"['Sighseeing', 'Centro Fotografia', 'Museo Conte', 'Palazzo della Ragione', 'AMO']",Santa Anastasia,strategy_nearest,False,0.0019540786743164062,success
04D9663A9C4C80,1,"['Arena', 'Casa Giulietta']",Duomo,"['AMO', 'Museo Miniscalchi', 'Santa Anastasia', 'Teatro Romano', 'Palazzo della Ragione']",Giardino Giusti,strategy_nearest,False,0.0018880367279052734,success
04D969429C4C80,3,"['Arena', 'Casa Giulietta']",Torre Lamberti,"['Sighseeing', 'Centro Fotografia', 'Museo Conte', 'Palazzo della Ragione', 'AMO']",Santa Anastasia,strategy_nearest,False,0.0032300949096679688,success
04D974429C4C80,0,['Arena'],Torre Lamberti,"['Sighseeing', 'Centro Fotografia', 'Museo Conte', 'Casa Giulietta', 'Palazzo della Ragione']",Casa Giulietta,strategy_nearest,True,0.0024220943450927734,success
04D96B429C4C80,0,['Museo Lapidario'],Arena,"['Verona Tour', 'Museo Radio', 'San Fermo', 'Casa Giulietta', 'Sighseeing']",Casa Giulietta,strategy_nearest,True,0.0019369125366210938,success
04D96A429C4C80,3,['Casa Giulietta'],Torre Lamberti,"['Sighseeing', 'Centro Fotografia', 'Museo Conte', 'Palazzo della Ragione', 'AMO']",Arena,strategy_nearest,False,0.002566099166870117,success
04D9763A9C4C80,3,"['Arena', 'Casa Giulietta']",Torre Lamberti,"['Sighseeing', 'Centro Fotografia', 'Museo Conte', 'Palazzo della Ragione', 'AMO']",Duomo,strategy_nearest,False,0.003281116485595703,success
04D97E3A9C4C80,3,"['Arena', 'Castelvecchio']",Duomo,"['AMO', 'Museo Miniscalchi', 'Santa Anastasia', 'Teatro Romano', 'Palazzo della Ragione']",Santa Anastasia,strategy_nearest,True,0.002797842025756836,success
04D989429C4C80,0,['Arena'],Casa Giulietta,"['Centro Fotografia', 'Sighseeing', 'Torre Lamberti', 'Museo Conte', 'Museo Radio']",Tomba Giulietta,strategy_nearest,False,0.001397848129272461,success
04D98A3A9C4C80,3,"['Arena', 'Casa Giulietta', 'Torre Lamberti']",Santa Anastasia,"['AMO', 'Museo Conte', 'Palazzo della Ragione', 'Teatro Romano', 'Centro Fotografia']",Santa Anastasia,strategy_nearest,False,0.0033521652221679688,success
04D9783A9C4C80,1,"['Arena', 'Palazzo della Ragione', 'Torre Lamberti']",Santa Anastasia,"['AMO', 'Museo Conte', 'Teatro Romano', 'Centro Fotografia', 'Duomo']",Duomo,strategy_nearest,True,0.003471851348876953,success
04D9A1429C4C80,3,['Arena'],Santa Anastasia,"['AMO', 'Museo Conte', 'Palazzo della Ragione', 'Teatro Romano', 'Centro Fotografia']",Teatro Romano,strategy_nearest,True,0.0027060508728027344,success
04D98D3A9C4C80,3,"['Arena', 'San Zeno']",Duomo,"['AMO', 'Museo Miniscalchi', 'Santa Anastasia', 'Teatro Romano', 'Palazzo della Ragione']",Santa Anastasia,strategy_nearest,True,0.0029630661010742188,success
04D996429C4C80,0,['Arena'],Casa Giulietta,"['Centro Fotografia', 'Sighseeing', 'Torre Lamberti', 'Museo Conte', 'Museo Radio']",Torre Lamberti,strategy_nearest,True,0.002293109893798828,success
04D9A54A9C4C80,1,"['Arena', 'Museo Lapidario']",Castelvecchio,"['Verona Tour', 'Museo Radio', 'San Zeno', 'Sighseeing', 'Museo Miniscalchi']",Palazzo della Ragione,strategy_nearest,False,0.0033731460571289062,success
04D9A73A9C4C80,0,"['Arena', 'San Fermo']",Casa Giulietta,"['Centro Fotografia', 'Sighseeing', 'Torre Lamberti', 'Museo Conte', 'Museo Radio']",Castelvecchio,strategy_nearest,False,0.0018701553344726562,success
04D9A94A9C4C80,1,"['Arena', 'Casa Giulietta']",Palazzo della Ragione,"['AMO', 'Museo Conte', 'Torre Lamberti', 'Centro Fotografia', 'Sighseeing']",Santa Anastasia,strategy_nearest,False,0.0025856494903564453,success
04D9AD429C4C80,0,['Arena'],Casa Giulietta,"['Centro Fotografia', 'Sighseeing', 'Torre Lamberti', 'Museo Conte', 'Museo Radio']",Teatro Romano,strategy_nearest,False,0.0034379959106445312,success
04D9AE429C4C80,1,"['Arena', 'Torre Lamberti', 'Palazzo della Ragione']",Santa Anastasia,"['AMO', 'Museo Conte', 'Teatro Romano', 'Centro Fotografia', 'Duomo']",Duomo,strategy_nearest,True,0.0026900768280029297,success
04D9B53A9C4C80,2,"['Castelvecchio', 'San Zeno']",Giardino Giusti,"['Santa Anastasia', 'Teatro Romano', 'Museo Conte', 'Centro Fotografia', 'Museo Storia']",Torre Lamberti,strategy_nearest,False,0.0024919509887695312,success
04D9BB3A9C4C80,3,['Arena'],Santa Anastasia,"['AMO', 'Museo Conte', 'Palazzo della Ragione', 'Teatro Romano', 'Centro Fotografia']",Duomo,strategy_nearest,False,0.0025131702423095703,success
04D9B33A9C4C80,3,['Arena'],Torre Lamberti,"['Sighseeing', 'Centro Fotografia', 'Museo Conte', 'Casa Giulietta', 'Palazzo della Ragione']",Duomo,strategy_nearest,False,0.003301858901977539,success
04D9C43A9C4C80,1,"['Teatro Romano', 'Casa Giulietta', 'Torre Lamberti']",Palazzo della Ragione,"['AMO', 'Museo Conte', 'Centro Fotografia', 'Sighseeing', 'Santa Anastasia']",Arena,strategy_nearest,False,0.0024950504302978516,success
04D9BE3A9C4C80,0,['Arena'],San Fermo,"['Museo Storia', 'Museo Radio', 'Casa Giulietta', 'Centro Fotografia', 'Sighseeing']",Casa Giulietta,strategy_nearest,True,0.0037810802459716797,success
04D9CE429C4C80,3,"['Arena', 'Museo Lapidario']",Castelvecchio,"['Verona Tour', 'Museo Radio', 'San Zeno', 'Sighseeing', 'Museo Miniscalchi']",Santa Anastasia,strategy_nearest,False,0.0025119781494140625,success
04D9C8429C4C80,3,"['San Fermo', 'Castelvecchio']",Arena,"['Verona Tour', 'Museo Lapidario', 'Museo Radio', 'Casa Giulietta', 'Sighseeing']",Santa Anastasia,strategy_nearest,False,0.003229856491088867,success
04D9E3429C4C80,2,['Castelvecchio'],Teatro Romano,"['Santa Anastasia', 'Duomo', 'AMO', 'Palazzo della Ragione', 'Museo Conte']",San Zeno,strategy_nearest,False,0.0024209022521972656,success
04D9D43A9C4C80,1,"['Casa Giulietta', 'Arena', 'Museo Lapidario']",Castelvecchio,"['Verona Tour', 'Museo Radio', 'San Zeno', 'Sighseeing', 'Museo Miniscalchi']",Teatro Romano,strategy_nearest,False,0.003240823745727539,success
04D9E6429C4C80,2,"['Torre Lamberti', 'Palazzo della Ragione', 'Santa Anastasia']",Teatro Romano,"['Duomo', 'AMO', 'Museo Conte', 'Centro Fotografia', 'Museo Miniscalchi']",Duomo,strategy_nearest,True,0.002580881118774414,success
04D9F43A9C4C80,0,['Arena'],Casa Giulietta,"['Centro Fotografia', 'Sighseeing', 'Torre Lamberti', 'Museo Conte', 'Museo Radio']",Torre Lamberti,strategy_nearest,True,0.002176046371459961,success
04D9EB3A9C4C80,3,"['Casa Giulietta', 'Santa Anastasia']",Duomo,"['AMO', 'Museo Miniscalchi', 'Teatro Romano', 'Palazzo della Ragione', 'Museo Conte']",Torre Lamberti,strategy_nearest,False,0.0030541419982910156,success
04D9F33A9C4C80,0,['Tomba Giulietta'],Arena,"['Verona Tour', 'Museo Lapidario', 'Museo Radio', 'San Fermo', 'Casa Giulietta']",Casa Giulietta,strategy_nearest,True,0.003078937530517578,success
04D9F63A9C4C80,0,['Arena'],Castelvecchio,"['Museo Lapidario', 'Verona Tour', 'Museo Radio', 'San Zeno', 'Sighseeing']",Casa Giulietta,strategy_nearest,False,0.003283977508544922,success
04DA043A9C4C84,0,"['Arena', 'Duomo']",Torre Lamberti,"['Sighseeing', 'Centro Fotografia', 'Museo Conte', 'Casa Giulietta', 'Palazzo della Ragione']",Casa Giulietta,strategy_nearest,True,0.0018639564514160156,success
04DA11429C4C84,3,"['Arena', 'Casa Giulietta']",Santa Anastasia,"['AMO', 'Museo Conte', 'Palazzo della Ragione', 'Teatro Romano', 'Centro Fotografia']",Duomo,strategy_nearest,False,0.002696990966796875,success
04DA05429C4C84,3,"['Arena', 'Torre Lamberti', 'Casa Giulietta', 'San Fermo']",Castelvecchio,"['Museo Lapidario', 'Verona Tour', 'Museo Radio', 'San Zeno', 'Sighseeing']",Duomo,strategy_nearest,False,0.0023779869079589844,success
04DA093A9C4C84,3,"['Arena', 'Castelvecchio']",Casa Giulietta,"['Centro Fotografia', 'Sighseeing', 'Torre Lamberti', 'Museo Conte', 'Museo Radio']",Santa Anastasia,strategy_nearest,False,0.004050016403198242,success
04DA13429C4C80,0,"['Arena', 'Casa Giulietta']",Castelvecchio,"['Museo Lapidario', 'Verona Tour', 'Museo Radio', 'San Zeno', 'Sighseeing']",Museo Lapidario,strategy_nearest,True,0.0032770633697509766,success
04DA12429C4C84,0,['Arena'],Casa Giulietta,"['Centro Fotografia', 'Sighseeing', 'Torre Lamberti', 'Museo Conte', 'Museo Radio']",Santa Anastasia,strategy_nearest,False,0.002774953842163086,success
04DA19429C4C80,1,"['Arena', 'Torre Lamberti', 'Casa Giulietta']",Palazzo della Ragione,"['AMO', 'Museo Conte', 'Centro Fotografia', 'Sighseeing', 'Santa Anastasia']",Santa Anastasia,strategy_nearest,True,0.008189916610717773,success
04DA17429C4C84,3,"['Arena', 'Castelvecchio']",Duomo,"['AMO', 'Museo Miniscalchi', 'Santa Anastasia', 'Teatro Romano', 'Palazzo della Ragione']",Santa Anastasia,strategy_nearest,True,0.007075071334838867,success
04DA1A3A9C4C80,0,"['Arena', 'Museo Lapidario']",Castelvecchio,"['Verona Tour', 'Museo Radio', 'San Zeno', 'Sighseeing', 'Museo Miniscalchi']",Torre Lamberti,strategy_nearest,False,0.003515958786010742,success
04DA1F3A9C4C84,1,"['Arena', 'Casa Giulietta', 'Palazzo della Ragione']",Torre Lamberti,"['Sighseeing', 'Centro Fotografia', 'Museo Conte', 'AMO', 'Museo Miniscalchi']",Duomo,strategy_nearest,False,0.005407810211181641,success
04DA1F429C4C84,0,"['Castelvecchio', 'Arena']",Casa Giulietta,"['Centro Fotografia', 'Sighseeing', 'Torre Lamberti', 'Museo Conte', 'Museo Radio']",Torre Lamberti,strategy_nearest,True,0.0027990341186523438,success
04DA243A9C4C80,0,['Arena'],Castelvecchio,"['Museo Lapidario', 'Verona Tour', 'Museo Radio', 'San Zeno', 'Sighseeing']",Casa Giulietta,strategy_nearest,False,0.0039920806884765625,success
04DA25429C4C84,0,['Arena'],Casa Giulietta,"['Centro Fotografia', 'Sighseeing', 'Torre Lamberti', 'Museo Conte', 'Museo Radio']",Duomo,strategy_nearest,False,0.00503993034362793,success
04DA274A9C4C80,3,"['Arena', 'Castelvecchio', 'Santa Anastasia']",San Zeno,"['Verona Tour', 'Museo Lapidario', 'Museo Miniscalchi', 'Sighseeing', 'Museo Radio']",Casa Giulietta,strategy_nearest,False,0.00308990478515625,success
04DA283A9C4C80,1,"['Arena', 'Casa Giulietta']",Torre Lamberti,"['Sighseeing', 'Centro Fotografia', 'Museo Conte', 'Palazzo della Ragione', 'AMO']",Palazzo della Ragione,strategy_nearest,True,0.0035898685455322266,success
04DA253A9C4C84,0,['Arena'],Castelvecchio,"['Museo Lapidario', 'Verona Tour', 'Museo Radio', 'San Zeno', 'Sighseeing']",Casa Giulietta,strategy_nearest,False,0.0035140514373779297,success
04DA353A9C4C80,1,"['Arena', 'Museo Lapidario', 'Castelvecchio', 'Santa Anastasia']",Teatro Romano,"['Duomo', 'AMO', 'Palazzo della Ragione', 'Museo Conte', 'Centro Fotografia']",Duomo,strategy_nearest,True,0.0020570755004882812,success
04DA2B4A9C4C80,3,"['Casa Giulietta', 'San Fermo', 'Arena', 'Torre Lamberti']",Duomo,"['AMO', 'Museo Miniscalchi', 'Santa Anastasia', 'Teatro Romano', 'Palazzo della Ragione']",Teatro Romano,strategy_nearest,True,0.0014660358428955078,success
04DA333A9C4C80,3,"['Castelvecchio', 'Arena']",San Zeno,"['Verona Tour', 'Museo Lapidario', 'Museo Miniscalchi', 'Sighseeing', 'Museo Radio']",Torre Lamberti,strategy_nearest,False,0.0028121471405029297,success
04DA4A429C4C80,1,"['Arena', 'Torre Lamberti']",Palazzo della Ragione,"['AMO', 'Museo Conte', 'Centro Fotografia', 'Sighseeing', 'Santa Anastasia']",Santa Anastasia,strategy_nearest,True,0.0033731460571289062,success
04DA4B429C4C80,1,"['Arena', 'Palazzo della Ragione']",Torre Lamberti,"['Sighseeing', 'Centro Fotografia', 'Museo Conte', 'Casa Giulietta', 'AMO']",Santa Anastasia,strategy_nearest,False,0.0027158260345458984,success
04DA543A9C4C80,1,"['Arena', 'Casa Giulietta', 'Palazzo della Ragione', 'Santa Anastasia']",Teatro Romano,"['Duomo', 'AMO', 'Museo Conte', 'Centro Fotografia', 'Museo Miniscalchi']",Duomo,strategy_nearest,True,0.0026700496673583984,success
04DA56429C4C80,3,"['Castelvecchio', 'Teatro Romano']",Arena,"['Verona Tour', 'Museo Lapidario', 'Museo Radio', 'San Fermo', 'Casa Giulietta']",Duomo,strategy_nearest,False,0.0023000240325927734,success
04DA573A9C4C80,3,"['Casa Giulietta', 'Arena', 'Museo Lapidario']",Castelvecchio,"['Verona Tour', 'Museo Radio', 'San Zeno', 'Sighseeing', 'Museo Miniscalchi']",Duomo,strategy_nearest,False,0.0034139156341552734,success
04DA5B429C4C80,2,['Casa Giulietta'],Torre Lamberti,"['Sighseeing', 'Centro Fotografia', 'Museo Conte', 'Palazzo della Ragione', 'AMO']",Castelvecchio,strategy_nearest,False,0.0026330947875976562,success
04DA63429C4C80,3,"['Arena', 'Museo Lapidario', 'Castelvecchio']",San Zeno,"['Verona Tour', 'Museo Miniscalchi', 'Sighseeing', 'Museo Radio', 'Torre Lamberti']",Santa Anastasia,strategy_nearest,False,0.003450155258178711,success
04DA6B429C4C80,1,"['Arena', 'Museo Lapidario']",Castelvecchio,"['Verona Tour', 'Museo Radio', 'San Zeno', 'Sighseeing', 'Museo Miniscalchi']",Duomo,strategy_nearest,False,0.0031402111053466797,success
04DA663A9C4C80,0,"['Arena', 'Museo Lapidario', 'San Zeno']",Castelvecchio,"['Verona Tour', 'Museo Radio', 'Sighseeing', 'Museo Miniscalchi', 'Torre Lamberti']",Teatro Romano,strategy_nearest,False,0.0034761428833007812,success
04DA72429C4C80,0,['Arena'],Museo Lapidario,"['Verona Tour', 'Castelvecchio', 'Museo Radio', 'San Fermo', 'Casa Giulietta']",Casa Giulietta,strategy_nearest,True,0.0032567977905273438,success
04DA7E4A9C4C80,0,['Arena'],Castelvecchio,"['Museo Lapidario', 'Verona Tour', 'Museo Radio', 'San Zeno', 'Sighseeing']",Casa Giulietta,strategy_nearest,False,0.0017609596252441406,success
04DA7A4A9C4C80,1,"['Arena', 'Casa Giulietta']",Palazzo della Ragione,"['AMO', 'Museo Conte', 'Torre Lamberti', 'Centro Fotografia', 'Sighseeing']",Teatro Romano,strategy_nearest,False,0.0028629302978515625,success
04DA793A9C4C80,2,"['Castelvecchio', 'Santa Anastasia']",Duomo,"['AMO', 'Museo Miniscalchi', 'Teatro Romano', 'Palazzo della Ragione', 'Museo Conte']",Casa Giulietta,strategy_nearest,False,0.0019199848175048828,success
04DA7E3A9C4C80,3,"['Arena', 'Castelvecchio']",Casa Giulietta,"['Centro Fotografia', 'Sighseeing', 'Torre Lamberti', 'Museo Conte', 'Museo Radio']",Santa Anastasia,strategy_nearest,False,0.003651857376098633,success
04DA81429C4C80,0,['Arena'],Castelvecchio,"['Museo Lapidario', 'Verona Tour', 'Museo Radio', 'San Zeno', 'Sighseeing']",Casa Giulietta,strategy_nearest,False,0.0022149085998535156,success
04DA7F3A9C4C80,3,"['Arena', 'San Fermo']",Torre Lamberti,"['Sighseeing', 'Centro Fotografia', 'Museo Conte', 'Casa Giulietta', 'Palazzo della Ragione']",Santa Anastasia,strategy_nearest,False,0.0028810501098632812,success
04DA90429C4C80,0,['Arena'],Casa Giulietta,"['Centro Fotografia', 'Sighseeing', 'Torre Lamberti', 'Museo Conte', 'Museo Radio']",San Fermo,strategy_nearest,False,0.002599954605102539,success
04DA873A9C4C80,3,"['Arena', 'Castelvecchio']",Casa Giulietta,"['Centro Fotografia', 'Sighseeing', 'Torre Lamberti', 'Museo Conte', 'Museo Radio']",Teatro Romano,strategy_nearest,False,0.003927946090698242,success
04DA904A9C4C80,0,"['Arena', 'Casa Giulietta']",San Fermo,"['Museo Storia', 'Museo Radio', 'Centro Fotografia', 'Sighseeing', 'Torre Lamberti']",Castelvecchio,strategy_nearest,False,0.002321958541870117,success
04DA9F429C4C80,0,['Arena'],Casa Giulietta,"['Centro Fotografia', 'Sighseeing', 'Torre Lamberti', 'Museo Conte', 'Museo Radio']",Tomba Giulietta,strategy_nearest,False,0.002216815948486328,success
04DA98429C4C80,1,['Arena'],Palazzo della Ragione,"['AMO', 'Museo Conte', 'Torre Lamberti', 'Centro Fotografia', 'Sighseeing']",Casa Giulietta,strategy_nearest,False,0.0028548240661621094,success
04DA91429C4C80,0,['Arena'],Casa Giulietta,"['Centro Fotografia', 'Sighseeing', 'Torre Lamberti', 'Museo Conte', 'Museo Radio']",Torre Lamberti,strategy_nearest,True,0.003522157669067383,success
04DAAB4A9C4C80,1,"['Arena', 'Teatro Romano']",Santa Anastasia,"['AMO', 'Museo Conte', 'Palazzo della Ragione', 'Centro Fotografia', 'Duomo']",Palazzo della Ragione,strategy_nearest,True,0.0029408931732177734,success
04DAAF3A9C4C80,1,"['Arena', 'Casa Giulietta']",Torre Lamberti,"['Sighseeing', 'Centro Fotografia', 'Museo Conte', 'Palazzo della Ragione', 'AMO']",Palazzo della Ragione,strategy_nearest,True,0.0029413700103759766,success
04DAAF429C4C80,0,['Arena'],Duomo,"['AMO', 'Museo Miniscalchi', 'Santa Anastasia', 'Teatro Romano', 'Palazzo della Ragione']",Casa Giulietta,strategy_nearest,False,0.0027539730072021484,success
04DAB43A9C4C80,1,"['Arena', 'Casa Giulietta']",Tomba Giulietta,"['San Fermo', 'Museo Storia', 'Museo Lapidario', 'Museo Radio', 'Verona Tour']",Santa Anastasia,strategy_nearest,False,0.0028409957885742188,success
04DAB5429C4C80,3,['San Fermo'],Casa Giulietta,"['Centro Fotografia', 'Sighseeing', 'Torre Lamberti', 'Museo Conte', 'Museo Radio']",Arena,strategy_nearest,False,0.002961874008178711,success
04DABF429C4C80,0,['Arena'],Teatro Romano,"['Santa Anastasia', 'Duomo', 'AMO', 'Palazzo della Ragione', 'Museo Conte']",Casa Giulietta,strategy_nearest,False,0.002771139144897461,success
04DABA3A9C4C80,1,['Arena'],Casa Giulietta,"['Centro Fotografia', 'Sighseeing', 'Torre Lamberti', 'Museo Conte', 'Museo Radio']",Palazzo della Ragione,strategy_nearest,False,0.0026559829711914062,success
04DABFC27B3F80,2,['Santa Anastasia'],San Fermo,"['Museo Storia', 'Museo Radio', 'Casa Giulietta', 'Centro Fotografia', 'Arena']",Casa Giulietta,strategy_nearest,True,0.0028252601623535156,success
04DAC33A9C4C80,2,"['Torre Lamberti', 'Casa Giulietta']",Teatro Romano,"['Santa Anastasia', 'Duomo', 'AMO', 'Palazzo della Ragione', 'Museo Conte']",Duomo,strategy_nearest,True,0.0032072067260742188,success
04DAC4429C4C80,3,"['Torre Lamberti', 'Santa Anastasia']",Duomo,"['AMO', 'Museo Miniscalchi', 'Teatro Romano', 'Palazzo della Ragione', 'Museo Conte']",Giardino Giusti,strategy_nearest,False,0.002418994903564453,success
04DAC43A9C4C80,0,['Castelvecchio'],Arena,"['Verona Tour', 'Museo Lapidario', 'Museo Radio', 'San Fermo', 'Casa Giulietta']",Casa Giulietta,strategy_nearest,True,0.0033838748931884766,success
04DADC3A9C4C80,2,['Casa Giulietta'],Santa Anastasia,"['AMO', 'Museo Conte', 'Palazzo della Ragione', 'Teatro Romano', 'Centro Fotografia']",Duomo,strategy_nearest,False,0.0027551651000976562,success
04DADE3A9C4C80,0,['Castelvecchio'],Arena,"['Verona Tour', 'Museo Lapidario', 'Museo Radio', 'San Fermo', 'Casa Giulietta']",Torre Lamberti,strategy_nearest,False,0.0033142566680908203,success
04DAE33A9C4C80,1,"['San Fermo', 'Casa Giulietta', 'Santa Anastasia']",Duomo,"['AMO', 'Museo Miniscalchi', 'Teatro Romano', 'Palazzo della Ragione', 'Museo Conte']",Palazzo della Ragione,strategy_nearest,True,0.0025191307067871094,success
04DADF3A9C4C80,0,['Castelvecchio'],Arena,"['Verona Tour', 'Museo Lapidario', 'Museo Radio', 'San Fermo', 'Casa Giulietta']",Torre Lamberti,strategy_nearest,False,0.0024788379669189453,success
04DAE2429C4C80,3,"['Torre Lamberti', 'Duomo', 'Santa Anastasia', 'Teatro Romano']",Casa Giulietta,"['Centro Fotografia', 'Sighseeing', 'Museo Conte', 'Museo Radio', 'Palazzo della Ragione']",Casa Giulietta,strategy_nearest,False,0.0031991004943847656,success
04DAE73A9C4C80,0,['Arena'],Casa Giulietta,"['Centro Fotografia', 'Sighseeing', 'Torre Lamberti', 'Museo Conte', 'Museo Radio']",Castelvecchio,strategy_nearest,False,0.0038268566131591797,success
04DAE93A9C4C80,0,['Arena'],Casa Giulietta,"['Centro Fotografia', 'Sighseeing', 'Torre Lamberti', 'Museo Conte', 'Museo Radio']",Torre Lamberti,strategy_nearest,True,0.0028171539306640625,success
04DAFC3A9C4C80,3,"['Arena', 'Santa Anastasia']",Duomo,"['AMO', 'Museo Miniscalchi', 'Teatro Romano', 'Palazzo della Ragione', 'Museo Conte']",Casa Giulietta,strategy_nearest,False,0.002153158187866211,success
04DAFF3A9C4C80,3,"['Arena', 'Castelvecchio']",Teatro Romano,"['Santa Anastasia', 'Duomo', 'AMO', 'Palazzo della Ragione', 'Museo Conte']",Duomo,strategy_nearest,True,0.0031669139862060547,success
04DB133A9C4C84,1,"['Arena', 'Casa Giulietta', 'Torre Lamberti']",Palazzo della Ragione,"['AMO', 'Museo Conte', 'Centro Fotografia', 'Sighseeing', 'Santa Anastasia']",Duomo,strategy_nearest,False,0.0021131038665771484,success
04DB1A429C4C84,0,['Arena'],Castelvecchio,"['Museo Lapidario', 'Verona Tour', 'Museo Radio', 'San Zeno', 'Sighseeing']",San Zeno,strategy_nearest,True,0.002653360366821289,success
04DB193A9C4C80,1,['Arena'],Palazzo della Ragione,"['AMO', 'Museo Conte', 'Torre Lamberti', 'Centro Fotografia', 'Sighseeing']",Torre Lamberti,strategy_nearest,True,0.003358125686645508,success
04DB13429C4C80,0,['Arena'],Casa Giulietta,"['Centro Fotografia', 'Sighseeing', 'Torre Lamberti', 'Museo Conte', 'Museo Radio']",Torre Lamberti,strategy_nearest,True,0.0027730464935302734,success
04DB1C3A9C4C80,0,['Casa Giulietta'],Palazzo della Ragione,"['AMO', 'Museo Conte', 'Torre Lamberti', 'Centro Fotografia', 'Sighseeing']",Arena,strategy_nearest,False,0.002407073974609375,success
04DB373A9C4C80,2,"['Castelvecchio', 'Teatro Romano', 'Duomo']",Santa Anastasia,"['AMO', 'Museo Conte', 'Palazzo della Ragione', 'Centro Fotografia', 'Torre Lamberti']",Casa Giulietta,strategy_nearest,False,0.002647876739501953,success
04DB31429C4C80,2,"['Teatro Romano', 'Santa Anastasia']",Torre Lamberti,"['Sighseeing', 'Centro Fotografia', 'Museo Conte', 'Casa Giulietta', 'Palazzo della Ragione']",Casa Giulietta,strategy_nearest,True,0.003329038619995117,success
04DB264A9C4C80,2,['Casa Giulietta'],San Fermo,"['Museo Storia', 'Museo Radio', 'Centro Fotografia', 'Arena', 'Sighseeing']",Museo Storia,strategy_nearest,True,0.00215911865234375,success
04DB393A9C4C80,0,['Casa Giulietta'],Arena,"['Verona Tour', 'Museo Lapidario', 'Museo Radio', 'San Fermo', 'Sighseeing']",Tomba Giulietta,strategy_nearest,False,0.002187013626098633,success
04DB3A4A9C4C80,2,['Casa Giulietta'],Santa Anastasia,"['AMO', 'Museo Conte', 'Palazzo della Ragione', 'Teatro Romano', 'Centro Fotografia']",Palazzo della Ragione,strategy_nearest,True,0.0019919872283935547,success
04DB3B429C4C80,1,"['Torre Lamberti', 'Palazzo della Ragione']",Santa Anastasia,"['AMO', 'Museo Conte', 'Teatro Romano', 'Centro Fotografia', 'Duomo']",Teatro Romano,strategy_nearest,True,0.002624034881591797,success
04DB3C429C4C80,0,['Torre Lamberti'],Duomo,"['AMO', 'Museo Miniscalchi', 'Santa Anastasia', 'Teatro Romano', 'Palazzo della Ragione']",Castelvecchio,strategy_nearest,False,0.002463102340698242,success
04DB49429C4C80,0,['Arena'],San Zeno,"['Castelvecchio', 'Verona Tour', 'Museo Lapidario', 'Museo Miniscalchi', 'Sighseeing']",Casa Giulietta,strategy_nearest,False,0.0027129650115966797,success
04DB44429C4C80,3,['Arena'],Casa Giulietta,"['Centro Fotografia', 'Sighseeing', 'Torre Lamberti', 'Museo Conte', 'Museo Radio']",Santa Anastasia,strategy_nearest,False,0.0034439563751220703,success
04DB4A429C4C80,0,['Arena'],Casa Giulietta,"['Centro Fotografia', 'Sighseeing', 'Torre Lamberti', 'Museo Conte', 'Museo Radio']",Torre Lamberti,strategy_nearest,True,0.003328084945678711,success
04DB4B429C4C80,0,['Arena'],Casa Giulietta,"['Centro Fotografia', 'Sighseeing', 'Torre Lamberti', 'Museo Conte', 'Museo Radio']",Torre Lamberti,strategy_nearest,True,0.0030519962310791016,success
04DB5E429C4C80,2,['Casa Giulietta'],Torre Lamberti,"['Sighseeing', 'Centro Fotografia', 'Museo Conte', 'Palazzo della Ragione', 'AMO']",Palazzo della Ragione,strategy_nearest,True,0.0018229484558105469,success
04DB4C3A9C4C80,2,['Castelvecchio'],Santa Anastasia,"['AMO', 'Museo Conte', 'Palazzo della Ragione', 'Teatro Romano', 'Centro Fotografia']",Teatro Romano,strategy_nearest,True,0.003278970718383789,success
04DB74429C4C80,0,['Arena'],Casa Giulietta,"['Centro Fotografia', 'Sighseeing', 'Torre Lamberti', 'Museo Conte', 'Museo Radio']",Duomo,strategy_nearest,False,0.0032529830932617188,success
04DB6A429C4C80,3,['Casa Giulietta'],Torre Lamberti,"['Sighseeing', 'Centro Fotografia', 'Museo Conte', 'Palazzo della Ragione', 'AMO']",Arena,strategy_nearest,False,0.0027472972869873047,success
04DB70429C4C80,0,['Arena'],Museo Storia,"['San Fermo', 'Museo Radio', 'Casa Giulietta', 'Centro Fotografia', 'Tomba Giulietta']",Tomba Giulietta,strategy_nearest,True,0.0026769638061523438,success
04DB60429C4C80,3,"['Arena', 'San Fermo']",Casa Giulietta,"['Centro Fotografia', 'Sighseeing', 'Torre Lamberti', 'Museo Conte', 'Museo Radio']",Santa Anastasia,strategy_nearest,False,0.003381967544555664,success
04DB7A3A9C4C80,0,"['Castelvecchio', 'Arena']",Tomba Giulietta,"['San Fermo', 'Museo Storia', 'Museo Lapidario', 'Museo Radio', 'Verona Tour']",Teatro Romano,strategy_nearest,False,0.001313924789428711,success
04DB793A9C4C80,0,"['Arena', 'Torre Lamberti']",Casa Giulietta,"['Centro Fotografia', 'Sighseeing', 'Museo Conte', 'Museo Radio', 'Palazzo della Ragione']",Duomo,strategy_nearest,False,0.002807140350341797,success
04DB7A429C4C80,0,['Arena'],Casa Giulietta,"['Centro Fotografia', 'Sighseeing', 'Torre Lamberti', 'Museo Conte', 'Museo Radio']",Torre Lamberti,strategy_nearest,True,0.0020530223846435547,success
04DB7B3A9C4C80,0,['Arena'],Castelvecchio,"['Museo Lapidario', 'Verona Tour', 'Museo Radio', 'San Zeno', 'Sighseeing']",Casa Giulietta,strategy_nearest,False,0.003309965133666992,success
04DB813A9C4C80,0,['Arena'],Casa Giulietta,"['Centro Fotografia', 'Sighseeing', 'Torre Lamberti', 'Museo Conte', 'Museo Radio']",Tomba Giulietta,strategy_nearest,False,0.002048015594482422,success
04DB7E429C4C80,1,"['Arena', 'Palazzo della Ragione']",Torre Lamberti,"['Sighseeing', 'Centro Fotografia', 'Museo Conte', 'Casa Giulietta', 'AMO']",Casa Giulietta,strategy_nearest,True,0.0022382736206054688,success
04DB834A9C4C80,3,['Arena'],Castelvecchio,"['Museo Lapidario', 'Verona Tour', 'Museo Radio', 'San Zeno', 'Sighseeing']",Santa Anastasia,strategy_nearest,False,0.0024940967559814453,success
04DB83429C4C80,0,['Arena'],Casa Giulietta,"['Centro Fotografia', 'Sighseeing', 'Torre Lamberti', 'Museo Conte', 'Museo Radio']",Torre Lamberti,strategy_nearest,True,0.002850055694580078,success
04DB85429C4C80,3,"['Arena', 'Torre Lamberti']",Casa Giulietta,"['Centro Fotografia', 'Sighseeing', 'Museo Conte', 'Museo Radio', 'Palazzo della Ragione']",Santa Anastasia,strategy_nearest,False,0.0012459754943847656,success
04DB84429C4C80,3,"['Arena', 'Casa Giulietta', 'San Fermo']",Torre Lamberti,"['Sighseeing', 'Centro Fotografia', 'Museo Conte', 'Palazzo della Ragione', 'AMO']",Santa Anastasia,strategy_nearest,False,0.002073049545288086,success
04DB894A9C4C80,3,"['Arena', 'Casa Giulietta']",Torre Lamberti,"['Sighseeing', 'Centro Fotografia', 'Museo Conte', 'Palazzo della Ragione', 'AMO']",Santa Anastasia,strategy_nearest,False,0.0028619766235351562,success
04DB8C4A9C4C80,3,"['Castelvecchio', 'Santa Anastasia', 'Duomo']",Teatro Romano,"['AMO', 'Palazzo della Ragione', 'Museo Conte', 'Centro Fotografia', 'Museo Miniscalchi']",Arena,strategy_nearest,False,0.0024900436401367188,success
04DB88429C4C80,3,"['Arena', 'Castelvecchio']",Santa Anastasia,"['AMO', 'Museo Conte', 'Palazzo della Ragione', 'Teatro Romano', 'Centro Fotografia']",Duomo,strategy_nearest,False,0.003551006317138672,success
04DB8D429C4C80,0,['Arena'],Tomba Giulietta,"['San Fermo', 'Museo Storia', 'Museo Lapidario', 'Museo Radio', 'Verona Tour']",Teatro Romano,strategy_nearest,False,0.0031850337982177734,success
04DBA6429C4C80,2,['Castelvecchio'],Torre Lamberti,"['Sighseeing', 'Centro Fotografia', 'Museo Conte', 'Casa Giulietta', 'Palazzo della Ragione']",Palazzo della Ragione,strategy_nearest,True,0.0025348663330078125,success
04DBA7429C4C80,0,['Arena'],Casa Giulietta,"['Centro Fotografia', 'Sighseeing', 'Torre Lamberti', 'Museo Conte', 'Museo Radio']",Castelvecchio,strategy_nearest,False,0.002672910690307617,success
04DBA8429C4C80,3,"['Arena', 'Casa Giulietta']",Santa Anastasia,"['AMO', 'Museo Conte', 'Palazzo della Ragione', 'Teatro Romano', 'Centro Fotografia']",Duomo,strategy_nearest,False,0.003448963165283203,success
04DBA64A9C4C80,2,['Museo Lapidario'],Torre Lamberti,"['Sighseeing', 'Centro Fotografia', 'Museo Conte', 'Casa Giulietta', 'Palazzo della Ragione']",Casa Giulietta,strategy_nearest,True,0.002796173095703125,success
04DBAF429C4C80,1,"['Castelvecchio', 'Arena']",Duomo,"['AMO', 'Museo Miniscalchi', 'Santa Anastasia', 'Teatro Romano', 'Palazzo della Ragione']",Teatro Romano,strategy_nearest,True,0.003362894058227539,success
04DBB03A9C4C80,0,"['Torre Lamberti', 'Casa Giulietta']",Arena,"['Verona Tour', 'Museo Lapidario', 'Museo Radio', 'San Fermo', 'Sighseeing']",Tomba Giulietta,strategy_nearest,False,0.0022568702697753906,success
04DBB93A9C4C80,3,"['Arena', 'Torre Lamberti']",Duomo,"['AMO', 'Museo Miniscalchi', 'Santa Anastasia', 'Teatro Romano', 'Palazzo della Ragione']",Casa Giulietta,strategy_nearest,False,0.0027658939361572266,success
04DBB0429C4C80,0,['Arena'],Duomo,"['AMO', 'Museo Miniscalchi', 'Santa Anastasia', 'Teatro Romano', 'Palazzo della Ragione']",Casa Giulietta,strategy_nearest,False,0.002741098403930664,success
04DBBA3A9C4C80,0,['Arena'],Torre Lamberti,"['Sighseeing', 'Centro Fotografia', 'Museo Conte', 'Casa Giulietta', 'Palazzo della Ragione']",Teatro Romano,strategy_nearest,False,0.0030782222747802734,success
04DBBC429C4C80,0,['Casa Giulietta'],Santa Anastasia,"['AMO', 'Museo Conte', 'Palazzo della Ragione', 'Teatro Romano', 'Centro Fotografia']",Arena,strategy_nearest,False,0.003041982650756836,success
04DBD0429C4C80,2,['Santa Anastasia'],San Fermo,"['Museo Storia', 'Museo Radio', 'Casa Giulietta', 'Centro Fotografia', 'Arena']",Castelvecchio,strategy_nearest,False,0.0031919479370117188,success
04DBC9429C4C80,1,"['Teatro Romano', 'Duomo', 'Palazzo della Ragione']",Casa Giulietta,"['Centro Fotografia', 'Sighseeing', 'Torre Lamberti', 'Museo Conte', 'Museo Radio']",San Zeno,strategy_nearest,False,0.0020563602447509766,success
04DBC23A9C4C80,0,['Arena'],Casa Giulietta,"['Centro Fotografia', 'Sighseeing', 'Torre Lamberti', 'Museo Conte', 'Museo Radio']",Teatro Romano,strategy_nearest,False,0.0028312206268310547,success
04DBD7429C4C80,3,"['Arena', 'Castelvecchio']",San Zeno,"['Verona Tour', 'Museo Lapidario', 'Museo Miniscalchi', 'Sighseeing', 'Museo Radio']",Casa Giulietta,strategy_nearest,False,0.0034530162811279297,success
04DBEA429C4C80,2,"['Castelvecchio', 'San Fermo', 'Teatro Romano']",Santa Anastasia,"['AMO', 'Museo Conte', 'Palazzo della Ragione', 'Centro Fotografia', 'Duomo']",Duomo,strategy_nearest,True,0.0025069713592529297,success
04DBE43A9C4C80,0,"['Teatro Romano', 'San Zeno']",Castelvecchio,"['Museo Lapidario', 'Verona Tour', 'Arena', 'Museo Radio', 'Sighseeing']",Arena,strategy_nearest,True,0.0020089149475097656,success
04DBE03A9C4C80,2,['Palazzo della Ragione'],Duomo,"['AMO', 'Museo Miniscalchi', 'Santa Anastasia', 'Teatro Romano', 'Museo Conte']",Casa Giulietta,strategy_nearest,False,0.0033617019653320312,success
04DBF1429C4C80,3,"['Arena', 'Casa Giulietta']",Teatro Romano,"['Santa Anastasia', 'Duomo', 'AMO', 'Palazzo della Ragione', 'Museo Conte']",Santa Anastasia,strategy_nearest,True,0.0033349990844726562,success
04DBF7429C4C80,3,"['San Zeno', 'Castelvecchio', 'Arena']",Torre Lamberti,"['Sighseeing', 'Centro Fotografia', 'Museo Conte', 'Casa Giulietta', 'Palazzo della Ragione']",Duomo,strategy_nearest,False,0.002905130386352539,success
04DBF33A9C4C80,3,['Arena'],Casa Giulietta,"['Centro Fotografia', 'Sighseeing', 'Torre Lamberti', 'Museo Conte', 'Museo Radio']",Santa Anastasia,strategy_nearest,False,0.0019719600677490234,success
04DBFC3A9C4C80,1,"['Arena', 'Casa Giulietta', 'Torre Lamberti']",Palazzo della Ragione,"['AMO', 'Museo Conte', 'Centro Fotografia', 'Sighseeing', 'Santa Anastasia']",Santa Anastasia,strategy_nearest,True,0.0029387474060058594,success
04DC1A429C4C80,0,['Casa Giulietta'],Arena,"['Verona Tour', 'Museo Lapidario', 'Museo Radio', 'San Fermo', 'Sighseeing']",Castelvecchio,strategy_nearest,False,0.0034160614013671875,success
04DC1A3A9C4C80,0,['Casa Giulietta'],Arena,"['Verona Tour', 'Museo Lapidario', 'Museo Radio', 'San Fermo', 'Sighseeing']",Duomo,strategy_nearest,False,0.0014369487762451172,success
04DC003A9C4C84,1,['Arena'],Casa Giulietta,"['Centro Fotografia', 'Sighseeing', 'Torre Lamberti', 'Museo Conte', 'Museo Radio']",Torre Lamberti,strategy_nearest,True,0.003670930862426758,success
04DC24429C4C84,0,['Arena'],Casa Giulietta,"['Centro Fotografia', 'Sighseeing', 'Torre Lamberti', 'Museo Conte', 'Museo Radio']",Santa Anastasia,strategy_nearest,False,0.002122163772583008,success
04DC243A9C4C80,0,['Arena'],Casa Giulietta,"['Centro Fotografia', 'Sighseeing', 'Torre Lamberti', 'Museo Conte', 'Museo Radio']",Torre Lamberti,strategy_nearest,True,0.001538991928100586,success
04DC25429C4C80,3,"['Arena', 'Torre Lamberti']",Santa Anastasia,"['AMO', 'Museo Conte', 'Palazzo della Ragione', 'Teatro Romano', 'Centro Fotografia']",Duomo,strategy_nearest,False,0.002633810043334961,success
04DC1D429C4C84,3,"['Castelvecchio', 'Casa Giulietta']",Santa Anastasia,"['AMO', 'Museo Conte', 'Palazzo della Ragione', 'Teatro Romano', 'Centro Fotografia']",Torre Lamberti,strategy_nearest,False,0.004819393157958984,success
04DC353A9C4C80,3,"['Arena', 'Castelvecchio']",Casa Giulietta,"['Centro Fotografia', 'Sighseeing', 'Torre Lamberti', 'Museo Conte', 'Museo Radio']",Torre Lamberti,strategy_nearest,True,0.0014352798461914062,success
04DC2F4A9C4C80,0,['Arena'],Casa Giulietta,"['Centro Fotografia', 'Sighseeing', 'Torre Lamberti', 'Museo Conte', 'Museo Radio']",Santa Anastasia,strategy_nearest,False,0.0033440589904785156,success
04DC313A9C4C80,0,['Arena'],Torre Lamberti,"['Sighseeing', 'Centro Fotografia', 'Museo Conte', 'Casa Giulietta', 'Palazzo della Ragione']",Casa Giulietta,strategy_nearest,True,0.0026810169219970703,success
04DC403A9C4C80,3,"['Arena', 'Casa Giulietta']",Santa Anastasia,"['AMO', 'Museo Conte', 'Palazzo della Ragione', 'Teatro Romano', 'Centro Fotografia']",Duomo,strategy_nearest,False,0.003532886505126953,success
04DC4D429C4C80,3,['Arena'],Casa Giulietta,"['Centro Fotografia', 'Sighseeing', 'Torre Lamberti', 'Museo Conte', 'Museo Radio']",Santa Anastasia,strategy_nearest,False,0.002161741256713867,success
04DC503A9C4C80,1,"['Casa Giulietta', 'Castelvecchio']",San Fermo,"['Museo Storia', 'Museo Radio', 'Centro Fotografia', 'Arena', 'Sighseeing']",Torre Lamberti,strategy_nearest,False,0.0034837722778320312,success
04DC58429C4C80,3,"['San Fermo', 'Arena', 'Castelvecchio', 'San Zeno']",Teatro Romano,"['Santa Anastasia', 'Duomo', 'AMO', 'Palazzo della Ragione', 'Museo Conte']",Duomo,strategy_nearest,True,0.0030260086059570312,success
04DC4F429C4C80,3,['Arena'],Santa Anastasia,"['AMO', 'Museo Conte', 'Palazzo della Ragione', 'Teatro Romano', 'Centro Fotografia']",Torre Lamberti,strategy_nearest,False,0.002897024154663086,success
04DC653A9C4C80,1,"['Torre Lamberti', 'Palazzo della Ragione', 'Casa Giulietta', 'Arena']",Castelvecchio,"['Museo Lapidario', 'Verona Tour', 'Museo Radio', 'San Zeno', 'Sighseeing']",Santa Anastasia,strategy_nearest,False,0.0038008689880371094,success
04DC743A9C4C80,0,['Arena'],Castelvecchio,"['Museo Lapidario', 'Verona Tour', 'Museo Radio', 'San Zeno', 'Sighseeing']",Tomba Giulietta,strategy_nearest,False,0.003462076187133789,success
04DC773A9C4C80,0,['Arena'],Castelvecchio,"['Museo Lapidario', 'Verona Tour', 'Museo Radio', 'San Zeno', 'Sighseeing']",San Zeno,strategy_nearest,True,0.0027208328247070312,success
04DC6C429C4C80,0,"['Arena', 'Museo Lapidario']",Castelvecchio,"['Verona Tour', 'Museo Radio', 'San Zeno', 'Sighseeing', 'Museo Miniscalchi']",Casa Giulietta,strategy_nearest,False,0.002248048782348633,success
04DC783A9C4C80,0,['Castelvecchio'],Arena,"['Verona Tour', 'Museo Lapidario', 'Museo Radio', 'San Fermo', 'Casa Giulietta']",Casa Giulietta,strategy_nearest,True,0.002185821533203125,success
04DC7F3A9C4C80,3,"['Castelvecchio', 'Arena', 'Casa Giulietta']",Santa Anastasia,"['AMO', 'Museo Conte', 'Palazzo della Ragione', 'Teatro Romano', 'Centro Fotografia']",Duomo,strategy_nearest,False,0.0014672279357910156,success
04DC88429C4C80,0,['Arena'],Casa Giulietta,"['Centro Fotografia', 'Sighseeing', 'Torre Lamberti', 'Museo Conte', 'Museo Radio']",Santa Anastasia,strategy_nearest,False,0.003268003463745117,success
04DC7A429C4C80,1,['Arena'],Casa Giulietta,"['Centro Fotografia', 'Sighseeing', 'Torre Lamberti', 'Museo Conte', 'Museo Radio']",Palazzo della Ragione,strategy_nearest,False,0.002889394760131836,success
04DC8C4A9C4C80,3,"['Castelvecchio', 'Santa Anastasia', 'Duomo']",Teatro Romano,"['AMO', 'Palazzo della Ragione', 'Museo Conte', 'Centro Fotografia', 'Museo Miniscalchi']",Arena,strategy_nearest,False,0.0025882720947265625,success
04DC8A3A9C4C80,0,['Arena'],Casa Giulietta,"['Centro Fotografia', 'Sighseeing', 'Torre Lamberti', 'Museo Conte', 'Museo Radio']",Santa Anastasia,strategy_nearest,False,0.0032351016998291016,success
04DC9B429C4C80,3,"['Arena', 'Casa Giulietta']",Santa Anastasia,"['AMO', 'Museo Conte', 'Palazzo della Ragione', 'Teatro Romano', 'Centro Fotografia']",Teatro Romano,strategy_nearest,True,0.002508878707885742,success
04DC9E429C4C80,3,['Arena'],Castelvecchio,"['Museo Lapidario', 'Verona Tour', 'Museo Radio', 'San Zeno', 'Sighseeing']",Santa Anastasia,strategy_nearest,False,0.0034101009368896484,success
04DCA7429C4C80,1,"['Arena', 'Castelvecchio']",Torre Lamberti,"['Sighseeing', 'Centro Fotografia', 'Museo Conte', 'Casa Giulietta', 'Palazzo della Ragione']",Palazzo della Ragione,strategy_nearest,True,0.0032901763916015625,success
04DCAF429C4C80,0,['Arena'],Casa Giulietta,"['Centro Fotografia', 'Sighseeing', 'Torre Lamberti', 'Museo Conte', 'Museo Radio']",Teatro Romano,strategy_nearest,False,0.0023932456970214844,success
04DCA64A9C4C80,0,['Giardino Giusti'],Santa Anastasia,"['AMO', 'Museo Conte', 'Palazzo della Ragione', 'Teatro Romano', 'Centro Fotografia']",Casa Giulietta,strategy_nearest,False,0.0027561187744140625,success
04DCB33A9C4C80,3,"['Arena', 'Casa Giulietta']",Torre Lamberti,"['Sighseeing', 'Centro Fotografia', 'Museo Conte', 'Palazzo della Ragione', 'AMO']",Teatro Romano,strategy_nearest,False,0.0015120506286621094,success
04DCB13A9C4C80,1,"['Castelvecchio', 'Santa Anastasia', 'Duomo']",Teatro Romano,"['AMO', 'Palazzo della Ragione', 'Museo Conte', 'Centro Fotografia', 'Museo Miniscalchi']",Palazzo della Ragione,strategy_nearest,True,0.0021669864654541016,success
04DCB93A9C4C80,2,"['Castelvecchio', 'San Fermo']",Casa Giulietta,"['Centro Fotografia', 'Sighseeing', 'Torre Lamberti', 'Museo Conte', 'Museo Radio']",Santa Anastasia,strategy_nearest,False,0.002668142318725586,success
04DCB23A9C4C80,1,"['Duomo', 'Palazzo della Ragione']",Casa Giulietta,"['Centro Fotografia', 'Sighseeing', 'Torre Lamberti', 'Museo Conte', 'Museo Radio']",Castelvecchio,strategy_nearest,False,0.0035431385040283203,success
04DCC1429C4C80,0,['Arena'],Torre Lamberti,"['Sighseeing', 'Centro Fotografia', 'Museo Conte', 'Casa Giulietta', 'Palazzo della Ragione']",Casa Giulietta,strategy_nearest,True,0.0023899078369140625,success
04DCBE429C4C80,0,['Arena'],Casa Giulietta,"['Centro Fotografia', 'Sighseeing', 'Torre Lamberti', 'Museo Conte', 'Museo Radio']",Teatro Romano,strategy_nearest,False,0.0018050670623779297,success
04DCC5429C4C80,3,"['Arena', 'Santa Anastasia']",Duomo,"['AMO', 'Museo Miniscalchi', 'Teatro Romano', 'Palazzo della Ragione', 'Museo Conte']",Teatro Romano,strategy_nearest,True,0.0024788379669189453,success
04DCCE3A9C4C80,0,['Duomo'],Torre Lamberti,"['Sighseeing', 'Centro Fotografia', 'Museo Conte', 'Casa Giulietta', 'Palazzo della Ragione']",Arena,strategy_nearest,False,0.0020956993103027344,success
04DCD83A9C4C80,2,"['Casa Giulietta', 'Torre Lamberti']",Santa Anastasia,"['AMO', 'Museo Conte', 'Palazzo della Ragione', 'Teatro Romano', 'Centro Fotografia']",Duomo,strategy_nearest,False,0.0032148361206054688,success
04DCC8429C4C80,2,"['Santa Anastasia', 'Duomo', 'Teatro Romano']",Torre Lamberti,"['Sighseeing', 'Centro Fotografia', 'Museo Conte', 'Casa Giulietta', 'Palazzo della Ragione']",Casa Giulietta,strategy_nearest,True,0.0040493011474609375,success
04DCDC3A9C4C80,3,"['Arena', 'Casa Giulietta', 'Santa Anastasia']",Teatro Romano,"['Duomo', 'AMO', 'Palazzo della Ragione', 'Museo Conte', 'Centro Fotografia']",San Zeno,strategy_nearest,False,0.002752065658569336,success
04DCDF3A9C4C80,3,"['Casa Giulietta', 'Torre Lamberti']",Arena,"['Verona Tour', 'Museo Lapidario', 'Museo Radio', 'San Fermo', 'Sighseeing']",Teatro Romano,strategy_nearest,False,0.0026171207427978516,success
04DCDC429C4C80,2,"['Palazzo della Ragione', 'Duomo']",Teatro Romano,"['Santa Anastasia', 'AMO', 'Museo Conte', 'Centro Fotografia', 'Museo Miniscalchi']",San Zeno,strategy_nearest,False,0.0033731460571289062,success
04DCD93A9C4C80,1,"['Arena', 'Casa Giulietta', 'Palazzo della Ragione']",Santa Anastasia,"['AMO', 'Museo Conte', 'Teatro Romano', 'Centro Fotografia', 'Duomo']",Teatro Romano,strategy_nearest,True,0.004103899002075195,success
04DCF53A9C4C80,0,['Arena'],Casa Giulietta,"['Centro Fotografia', 'Sighseeing', 'Torre Lamberti', 'Museo Conte', 'Museo Radio']",Castelvecchio,strategy_nearest,False,0.002122163772583008,success
04DCF6429C4C80,2,"['Castelvecchio', 'San Zeno', 'Casa Giulietta', 'Tomba Giulietta']",Torre Lamberti,"['Sighseeing', 'Centro Fotografia', 'Museo Conte', 'Palazzo della Ragione', 'AMO']",Palazzo della Ragione,strategy_nearest,True,0.001995086669921875,success
04DCF7429C4C80,3,"['Arena', 'Torre Lamberti', 'Duomo']",Teatro Romano,"['Santa Anastasia', 'AMO', 'Palazzo della Ragione', 'Museo Conte', 'Centro Fotografia']",Casa Giulietta,strategy_nearest,False,0.0031859874725341797,success
04DCF43A9C4C80,2,['Castelvecchio'],Casa Giulietta,"['Centro Fotografia', 'Sighseeing', 'Torre Lamberti', 'Museo Conte', 'Museo Radio']",Santa Anastasia,strategy_nearest,False,0.0033288002014160156,success
04DD0B429C4C84,3,"['Arena', 'Casa Giulietta']",Torre Lamberti,"['Sighseeing', 'Centro Fotografia', 'Museo Conte', 'Palazzo della Ragione', 'AMO']",Santa Anastasia,strategy_nearest,False,0.0014269351959228516,success
04DD163A9C4C80,0,"['Arena', 'Torre Lamberti']",Casa Giulietta,"['Centro Fotografia', 'Sighseeing', 'Museo Conte', 'Museo Radio', 'Palazzo della Ragione']",Duomo,strategy_nearest,False,0.002012968063354492,success
04DCFC429C4C80,0,['Arena'],Casa Giulietta,"['Centro Fotografia', 'Sighseeing', 'Torre Lamberti', 'Museo Conte', 'Museo Radio']",Torre Lamberti,strategy_nearest,True,0.0032639503479003906,success
04DD1D429C4C84,0,['Arena'],Duomo,"['AMO', 'Museo Miniscalchi', 'Santa Anastasia', 'Teatro Romano', 'Palazzo della Ragione']",Casa Giulietta,strategy_nearest,False,0.0017321109771728516,success
04DD1D3A9C4C84,3,"['Arena', 'San Fermo']",Casa Giulietta,"['Centro Fotografia', 'Sighseeing', 'Torre Lamberti', 'Museo Conte', 'Museo Radio']",Torre Lamberti,strategy_nearest,True,0.0033550262451171875,success
04DD203A9C4C80,2,['Casa Giulietta'],Palazzo della Ragione,"['AMO', 'Museo Conte', 'Torre Lamberti', 'Centro Fotografia', 'Sighseeing']",Duomo,strategy_nearest,False,0.002397775650024414,success
04DD2A429C4C80,3,"['Castelvecchio', 'Arena', 'Santa Anastasia']",Duomo,"['AMO', 'Museo Miniscalchi', 'Teatro Romano', 'Palazzo della Ragione', 'Museo Conte']",San Zeno,strategy_nearest,False,0.002599954605102539,success
04DD2B4A9C4C80,0,['Casa Giulietta'],Torre Lamberti,"['Sighseeing', 'Centro Fotografia', 'Museo Conte', 'Palazzo della Ragione', 'AMO']",San Zeno,strategy_nearest,False,0.002447843551635742,success
04DD2E4A9C4C80,3,"['Torre Lamberti', 'Casa Giulietta', 'Arena', 'Castelvecchio']",San Zeno,"['Verona Tour', 'Museo Lapidario', 'Museo Miniscalchi', 'Sighseeing', 'Museo Radio']",Museo Lapidario,strategy_nearest,True,0.0025949478149414062,success
04DD2E3A9C4C80,2,['Torre Lamberti'],Palazzo della Ragione,"['AMO', 'Museo Conte', 'Centro Fotografia', 'Sighseeing', 'Santa Anastasia']",Casa Giulietta,strategy_nearest,False,0.0035300254821777344,success
04DD413A9C4C80,3,['Arena'],Casa Giulietta,"['Centro Fotografia', 'Sighseeing', 'Torre Lamberti', 'Museo Conte', 'Museo Radio']",Torre Lamberti,strategy_nearest,True,0.0023763179779052734,success
04DD333A9C4C80,1,"['Arena', 'Museo Lapidario']",Palazzo della Ragione,"['AMO', 'Museo Conte', 'Torre Lamberti', 'Centro Fotografia', 'Sighseeing']",Torre Lamberti,strategy_nearest,True,0.003984928131103516,success
04DD53429C4C80,3,"['Arena', 'Museo Lapidario', 'Castelvecchio']",San Zeno,"['Verona Tour', 'Museo Miniscalchi', 'Sighseeing', 'Museo Radio', 'Torre Lamberti']",Casa Giulietta,strategy_nearest,False,0.002434968948364258,success
04DD47429C4C80,2,"['Casa Giulietta', 'Torre Lamberti']",Santa Anastasia,"['AMO', 'Museo Conte', 'Palazzo della Ragione', 'Teatro Romano', 'Centro Fotografia']",Teatro Romano,strategy_nearest,True,0.0033218860626220703,success
04DD463A9C4C80,0,['Arena'],Casa Giulietta,"['Centro Fotografia', 'Sighseeing', 'Torre Lamberti', 'Museo Conte', 'Museo Radio']",Torre Lamberti,strategy_nearest,True,0.0033960342407226562,success
04DD4F429C4C80,2,"['Casa Giulietta', 'Torre Lamberti']",Santa Anastasia,"['AMO', 'Museo Conte', 'Palazzo della Ragione', 'Teatro Romano', 'Centro Fotografia']",Duomo,strategy_nearest,False,0.0033152103424072266,success
04DD68429C4C80,3,['Arena'],Torre Lamberti,"['Sighseeing', 'Centro Fotografia', 'Museo Conte', 'Casa Giulietta', 'Palazzo della Ragione']",Duomo,strategy_nearest,False,0.0023050308227539062,success
04DD65429C4C80,0,['Arena'],Casa Giulietta,"['Centro Fotografia', 'Sighseeing', 'Torre Lamberti', 'Museo Conte', 'Museo Radio']",Torre Lamberti,strategy_nearest,True,0.0023910999298095703,success
04DD56429C4C80,2,['Torre Lamberti'],Santa Anastasia,"['AMO', 'Museo Conte', 'Palazzo della Ragione', 'Teatro Romano', 'Centro Fotografia']",Duomo,strategy_nearest,False,0.004590034484863281,success
04DD723A9C4C80,0,['Arena'],Casa Giulietta,"['Centro Fotografia', 'Sighseeing', 'Torre Lamberti', 'Museo Conte', 'Museo Radio']",Torre Lamberti,strategy_nearest,True,0.002886056900024414,success
04DD864A9C4C80,4,"['Arena', 'Museo Lapidario', 'Castelvecchio', 'Santa Anastasia']",Duomo,"['AMO', 'Museo Miniscalchi', 'Teatro Romano', 'Palazzo della Ragione', 'Museo Conte']",Casa Giulietta,strategy_nearest,False,0.0035660266876220703,success
04DD89429C4C80,0,['Arena'],Torre Lamberti,"['Sighseeing', 'Centro Fotografia', 'Museo Conte', 'Casa Giulietta', 'Palazzo della Ragione']",Casa Giulietta,strategy_nearest,True,0.005355119705200195,success
04DD8D4A9C4C80,2,['Teatro Romano'],Santa Anastasia,"['AMO', 'Museo Conte', 'Palazzo della Ragione', 'Centro Fotografia', 'Duomo']",Castelvecchio,strategy_nearest,False,0.004251956939697266,success
04DD863A9C4C80,0,['Casa Giulietta'],Arena,"['Verona Tour', 'Museo Lapidario', 'Museo Radio', 'San Fermo', 'Sighseeing']",Castelvecchio,strategy_nearest,False,0.0015940666198730469,success
04DDAB429C4C80,3,"['Arena', 'Castelvecchio', 'San Zeno']",Torre Lamberti,"['Sighseeing', 'Centro Fotografia', 'Museo Conte', 'Casa Giulietta', 'Palazzo della Ragione']",Casa Giulietta,strategy_nearest,True,0.0026941299438476562,success
04DDB13A9C4C80,0,['Arena'],Casa Giulietta,"['Centro Fotografia', 'Sighseeing', 'Torre Lamberti', 'Museo Conte', 'Museo Radio']",Teatro Romano,strategy_nearest,False,0.0019767284393310547,success
04DDB1429C4C80,3,"['Torre Lamberti', 'Duomo']",Santa Anastasia,"['AMO', 'Museo Conte', 'Palazzo della Ragione', 'Teatro Romano', 'Centro Fotografia']",Casa Giulietta,strategy_nearest,False,0.003200054168701172,success
04DDA73A9C4C80,1,['Arena'],Torre Lamberti,"['Sighseeing', 'Centro Fotografia', 'Museo Conte', 'Casa Giulietta', 'Palazzo della Ragione']",Palazzo della Ragione,strategy_nearest,True,0.005071878433227539,success
04DDBB429C4C80,1,"['Teatro Romano', 'Duomo']",Torre Lamberti,"['Sighseeing', 'Centro Fotografia', 'Museo Conte', 'Casa Giulietta', 'Palazzo della Ragione']",Palazzo della Ragione,strategy_nearest,True,0.0021021366119384766,success
04DDCA429C4C80,0,['Arena'],Castelvecchio,"['Museo Lapidario', 'Verona Tour', 'Museo Radio', 'San Zeno', 'Sighseeing']",Casa Giulietta,strategy_nearest,False,0.004174232482910156,success
04DDBC3A9C4C80,0,['Arena'],Castelvecchio,"['Museo Lapidario', 'Verona Tour', 'Museo Radio', 'San Zeno', 'Sighseeing']",Teatro Romano,strategy_nearest,False,0.003710031509399414,success
04DDB8429C4C80,3,['Casa Giulietta'],Torre Lamberti,"['Sighseeing', 'Centro Fotografia', 'Museo Conte', 'Palazzo della Ragione', 'AMO']",Santa Anastasia,strategy_nearest,False,0.002961874008178711,success
04DDE33A9C4C80,1,['Arena'],Casa Giulietta,"['Centro Fotografia', 'Sighseeing', 'Torre Lamberti', 'Museo Conte', 'Museo Radio']",Palazzo della Ragione,strategy_nearest,False,0.0021898746490478516,success
04DDD73A9C4C80,3,"['Arena', 'Casa Giulietta']",Giardino Giusti,"['Santa Anastasia', 'Teatro Romano', 'Museo Conte', 'Centro Fotografia', 'Museo Storia']",Santa Anastasia,strategy_nearest,True,0.001789093017578125,success
04DDDF3A9C4C80,0,"['Casa Giulietta', 'Torre Lamberti']",Arena,"['Verona Tour', 'Museo Lapidario', 'Museo Radio', 'San Fermo', 'Sighseeing']",Teatro Romano,strategy_nearest,False,0.0033769607543945312,success
04DDE93A9C4C80,3,"['Teatro Romano', 'Duomo']",Santa Anastasia,"['AMO', 'Museo Conte', 'Palazzo della Ragione', 'Centro Fotografia', 'Torre Lamberti']",Arena,strategy_nearest,False,0.0036869049072265625,success
04DDF33A9C4C80,2,"['San Fermo', 'Santa Anastasia']",Duomo,"['AMO', 'Museo Miniscalchi', 'Teatro Romano', 'Palazzo della Ragione', 'Museo Conte']",San Zeno,strategy_nearest,False,0.002618074417114258,success
04DDF13A9C4C80,2,['Castelvecchio'],Santa Anastasia,"['AMO', 'Museo Conte', 'Palazzo della Ragione', 'Teatro Romano', 'Centro Fotografia']",Teatro Romano,strategy_nearest,True,0.0019741058349609375,success
04DDFC3A9C4C80,0,['Arena'],Castelvecchio,"['Museo Lapidario', 'Verona Tour', 'Museo Radio', 'San Zeno', 'Sighseeing']",Casa Giulietta,strategy_nearest,False,0.002501964569091797,success
04DE023A9C4C84,0,['Arena'],Casa Giulietta,"['Centro Fotografia', 'Sighseeing', 'Torre Lamberti', 'Museo Conte', 'Museo Radio']",Torre Lamberti,strategy_nearest,True,0.0019152164459228516,success
04DE0D429C4C84,1,['Arena'],Castelvecchio,"['Museo Lapidario', 'Verona Tour', 'Museo Radio', 'San Zeno', 'Sighseeing']",Torre Lamberti,strategy_nearest,False,0.003072977066040039,success
04DE043A9C4C84,3,"['Arena', 'Castelvecchio']",Casa Giulietta,"['Centro Fotografia', 'Sighseeing', 'Torre Lamberti', 'Museo Conte', 'Museo Radio']",Santa Anastasia,strategy_nearest,False,0.003139972686767578,success
04DE153A9C4C84,3,['Arena'],Casa Giulietta,"['Centro Fotografia', 'Sighseeing', 'Torre Lamberti', 'Museo Conte', 'Museo Radio']",Santa Anastasia,strategy_nearest,False,0.0032410621643066406,success
04DE14429C4C84,2,['Teatro Romano'],Santa Anastasia,"['AMO', 'Museo Conte', 'Palazzo della Ragione', 'Centro Fotografia', 'Duomo']",Torre Lamberti,strategy_nearest,False,0.0036029815673828125,success
04DE253A9C4C80,0,['Arena'],Tomba Giulietta,"['San Fermo', 'Museo Storia', 'Museo Lapidario', 'Museo Radio', 'Verona Tour']",Casa Giulietta,strategy_nearest,False,0.002321958541870117,success
04DE1B429C4C84,2,"['Teatro Romano', 'Santa Anastasia']",Torre Lamberti,"['Sighseeing', 'Centro Fotografia', 'Museo Conte', 'Casa Giulietta', 'Palazzo della Ragione']",Casa Giulietta,strategy_nearest,True,0.0029909610748291016,success
04DE1B3A9C4C84,3,"['San Zeno', 'Duomo']",Santa Anastasia,"['AMO', 'Museo Conte', 'Palazzo della Ragione', 'Teatro Romano', 'Centro Fotografia']",San Fermo,strategy_nearest,False,0.002187013626098633,success
04DE20429C4C80,0,['Arena'],Casa Giulietta,"['Centro Fotografia', 'Sighseeing', 'Torre Lamberti', 'Museo Conte', 'Museo Radio']",Castelvecchio,strategy_nearest,False,0.0034427642822265625,success
04DE263A9C4C80,0,['Arena'],Museo Lapidario,"['Verona Tour', 'Castelvecchio', 'Museo Radio', 'San Fermo', 'Casa Giulietta']",Castelvecchio,strategy_nearest,True,0.0017049312591552734,success
04DE283A9C4C80,1,"['Castelvecchio', 'Arena', 'Tomba Giulietta']",San Fermo,"['Museo Storia', 'Museo Radio', 'Casa Giulietta', 'Centro Fotografia', 'Sighseeing']",Casa Giulietta,strategy_nearest,True,0.002526998519897461,success
04DE29429C4C80,2,"['Castelvecchio', 'San Zeno']",Duomo,"['AMO', 'Museo Miniscalchi', 'Santa Anastasia', 'Teatro Romano', 'Palazzo della Ragione']",Santa Anastasia,strategy_nearest,True,0.00296783447265625,success
04DE2C4A9C4C80,2,"['Castelvecchio', 'Teatro Romano']",San Zeno,"['Verona Tour', 'Museo Lapidario', 'Arena', 'Museo Miniscalchi', 'Sighseeing']",Palazzo della Ragione,strategy_nearest,False,0.003969907760620117,success
04DE2C3A9C4C80,3,"['Arena', 'Casa Giulietta']",Santa Anastasia,"['AMO', 'Museo Conte', 'Palazzo della Ragione', 'Teatro Romano', 'Centro Fotografia']",Duomo,strategy_nearest,False,0.0038840770721435547,success
04DE303A9C4C80,0,['Arena'],Casa Giulietta,"['Centro Fotografia', 'Sighseeing', 'Torre Lamberti', 'Museo Conte', 'Museo Radio']",Castelvecchio,strategy_nearest,False,0.0018718242645263672,success
04DE323A9C4C80,3,"['Arena', 'Casa Giulietta']",Torre Lamberti,"['Sighseeing', 'Centro Fotografia', 'Museo Conte', 'Palazzo della Ragione', 'AMO']",Duomo,strategy_nearest,False,0.0031919479370117188,success
04DE343A9C4C80,0,['Arena'],Castelvecchio,"['Museo Lapidario', 'Verona Tour', 'Museo Radio', 'San Zeno', 'Sighseeing']",Casa Giulietta,strategy_nearest,False,0.002192974090576172,success
04DE36429C4C80,3,"['Arena', 'Castelvecchio', 'Casa Giulietta']",Teatro Romano,"['Santa Anastasia', 'Duomo', 'AMO', 'Palazzo della Ragione', 'Museo Conte']",Santa Anastasia,strategy_nearest,True,0.002689838409423828,success
04DE354A9C4C80,2,"['Castelvecchio', 'Casa Giulietta']",Torre Lamberti,"['Sighseeing', 'Centro Fotografia', 'Museo Conte', 'Palazzo della Ragione', 'AMO']",Palazzo della Ragione,strategy_nearest,True,0.0034792423248291016,success
04DE3A4A9C4C80,0,"['Castelvecchio', 'Arena']",Casa Giulietta,"['Centro Fotografia', 'Sighseeing', 'Torre Lamberti', 'Museo Conte', 'Museo Radio']",Teatro Romano,strategy_nearest,False,0.0037539005279541016,success
04DE67429C4C80,1,"['Castelvecchio', 'Arena', 'Casa Giulietta']",Palazzo della Ragione,"['AMO', 'Museo Conte', 'Torre Lamberti', 'Centro Fotografia', 'Sighseeing']",Torre Lamberti,strategy_nearest,True,0.002791881561279297,success
04DE723A9C4C80,0,['Arena'],Casa Giulietta,"['Centro Fotografia', 'Sighseeing', 'Torre Lamberti', 'Museo Conte', 'Museo Radio']",Torre Lamberti,strategy_nearest,True,0.0033102035522460938,success
04DE51429C4C80,3,"['Arena', 'Casa Giulietta']",Santa Anastasia,"['AMO', 'Museo Conte', 'Palazzo della Ragione', 'Teatro Romano', 'Centro Fotografia']",Duomo,strategy_nearest,False,0.002290964126586914,success
04DE59429C4C80,3,"['Arena', 'Santa Anastasia']",Duomo,"['AMO', 'Museo Miniscalchi', 'Teatro Romano', 'Palazzo della Ragione', 'Museo Conte']",Teatro Romano,strategy_nearest,True,0.0016319751739501953,success
04DE7E3A9C4C80,0,['Arena'],Casa Giulietta,"['Centro Fotografia', 'Sighseeing', 'Torre Lamberti', 'Museo Conte', 'Museo Radio']",Torre Lamberti,strategy_nearest,True,0.0014581680297851562,success
04DE753A9C4C80,0,"['Castelvecchio', 'Arena']",Tomba Giulietta,"['San Fermo', 'Museo Storia', 'Museo Lapidario', 'Museo Radio', 'Verona Tour']",Casa Giulietta,strategy_nearest,False,0.0029158592224121094,success
04DE7D4A9C4C80,0,['Arena'],Casa Giulietta,"['Centro Fotografia', 'Sighseeing', 'Torre Lamberti', 'Museo Conte', 'Museo Radio']",Duomo,strategy_nearest,False,0.0022690296173095703,success
04DE863A9C4C80,0,['Arena'],Casa Giulietta,"['Centro Fotografia', 'Sighseeing', 'Torre Lamberti', 'Museo Conte', 'Museo Radio']",Torre Lamberti,strategy_nearest,True,0.003393888473510742,success
04DE864A9C4C80,0,['Arena'],Torre Lamberti,"['Sighseeing', 'Centro Fotografia', 'Museo Conte', 'Casa Giulietta', 'Palazzo della Ragione']",Casa Giulietta,strategy_nearest,True,0.002006053924560547,success
04DE883A9C4C80,2,['Torre Lamberti'],Casa Giulietta,"['Centro Fotografia', 'Sighseeing', 'Museo Conte', 'Museo Radio', 'Palazzo della Ragione']",Santa Anastasia,strategy_nearest,False,0.002851724624633789,success
04DEAA429C4C80,2,['Casa Giulietta'],Torre Lamberti,"['Sighseeing', 'Centro Fotografia', 'Museo Conte', 'Palazzo della Ragione', 'AMO']",Santa Anastasia,strategy_nearest,False,0.0033431053161621094,success
04DEA2429C4C80,0,"['Casa Giulietta', 'Torre Lamberti']",Arena,"['Verona Tour', 'Museo Lapidario', 'Museo Radio', 'San Fermo', 'Sighseeing']",Castelvecchio,strategy_nearest,False,0.002746105194091797,success
04DEB33A9C4C80,3,['Arena'],San Fermo,"['Museo Storia', 'Museo Radio', 'Casa Giulietta', 'Centro Fotografia', 'Sighseeing']",Casa Giulietta,strategy_nearest,True,0.002952098846435547,success
04DEAE3A9C4C80,0,['Arena'],Casa Giulietta,"['Centro Fotografia', 'Sighseeing', 'Torre Lamberti', 'Museo Conte', 'Museo Radio']",San Fermo,strategy_nearest,False,0.003140687942504883,success
04DEB1429C4C80,1,['Arena'],Casa Giulietta,"['Centro Fotografia', 'Sighseeing', 'Torre Lamberti', 'Museo Conte', 'Museo Radio']",Torre Lamberti,strategy_nearest,True,0.0036280155181884766,success
04DEAA4A9C4C80,3,['Arena'],Santa Anastasia,"['AMO', 'Museo Conte', 'Palazzo della Ragione', 'Teatro Romano', 'Centro Fotografia']",Duomo,strategy_nearest,False,0.0037848949432373047,success
04DEBD429C4C80,2,['Casa Giulietta'],Torre Lamberti,"['Sighseeing', 'Centro Fotografia', 'Museo Conte', 'Palazzo della Ragione', 'AMO']",Duomo,strategy_nearest,False,0.0020627975463867188,success
04DEBB3A9C4C80,0,['Arena'],Casa Giulietta,"['Centro Fotografia', 'Sighseeing', 'Torre Lamberti', 'Museo Conte', 'Museo Radio']",Castelvecchio,strategy_nearest,False,0.002877950668334961,success
04DEBF3A9C4C80,0,['Arena'],Santa Anastasia,"['AMO', 'Museo Conte', 'Palazzo della Ragione', 'Teatro Romano', 'Centro Fotografia']",Casa Giulietta,strategy_nearest,False,0.0033740997314453125,success
04DEB9429C4C80,3,"['Castelvecchio', 'San Zeno']",Arena,"['Verona Tour', 'Museo Lapidario', 'Museo Radio', 'San Fermo', 'Casa Giulietta']",Santa Anastasia,strategy_nearest,False,0.0015060901641845703,success
04DECA3A9C4C80,0,"['Arena', 'Casa Giulietta']",Tomba Giulietta,"['San Fermo', 'Museo Storia', 'Museo Lapidario', 'Museo Radio', 'Verona Tour']",Castelvecchio,strategy_nearest,False,0.002202749252319336,success
04DEC63A9C4C80,2,"['Torre Lamberti', 'Palazzo della Ragione']",Santa Anastasia,"['AMO', 'Museo Conte', 'Teatro Romano', 'Centro Fotografia', 'Duomo']",Duomo,strategy_nearest,True,0.0028810501098632812,success
04DED83A9C4C80,0,['Castelvecchio'],Arena,"['Verona Tour', 'Museo Lapidario', 'Museo Radio', 'San Fermo', 'Casa Giulietta']",Teatro Romano,strategy_nearest,False,0.003349781036376953,success
04DEDB3A9C4C80,3,"['Arena', 'Torre Lamberti']",Casa Giulietta,"['Centro Fotografia', 'Sighseeing', 'Museo Conte', 'Museo Radio', 'Palazzo della Ragione']",Duomo,strategy_nearest,False,0.002627849578857422,success
04DEE33A9C4C80,0,"['Teatro Romano', 'San Zeno']",Castelvecchio,"['Museo Lapidario', 'Verona Tour', 'Arena', 'Museo Radio', 'Sighseeing']",Arena,strategy_nearest,True,0.0021698474884033203,success
04DEDE429C4C80,1,"['Casa Giulietta', 'Torre Lamberti', 'Palazzo della Ragione', 'Santa Anastasia']",Duomo,"['AMO', 'Museo Miniscalchi', 'Teatro Romano', 'Museo Conte', 'Centro Fotografia']",Arena,strategy_nearest,False,0.002820730209350586,success
04DEE53A9C4C80,3,"['Arena', 'Torre Lamberti']",Casa Giulietta,"['Centro Fotografia', 'Sighseeing', 'Museo Conte', 'Museo Radio', 'Palazzo della Ragione']",San Fermo,strategy_nearest,False,0.002769947052001953,success
04DEEC3A9C4C80,1,"['Arena', 'Casa Giulietta', 'Palazzo della Ragione']",Torre Lamberti,"['Sighseeing', 'Centro Fotografia', 'Museo Conte', 'AMO', 'Museo Miniscalchi']",Santa Anastasia,strategy_nearest,False,0.0033588409423828125,success
04DEEE429C4C80,1,"['Castelvecchio', 'Arena', 'Museo Lapidario', 'Tomba Giulietta']",Museo Storia,"['San Fermo', 'Museo Radio', 'Casa Giulietta', 'Centro Fotografia', 'Torre Lamberti']",San Fermo,strategy_nearest,True,0.0035581588745117188,success
04DEFB3A9C4C80,1,['Arena'],Casa Giulietta,"['Centro Fotografia', 'Sighseeing', 'Torre Lamberti', 'Museo Conte', 'Museo Radio']",Torre Lamberti,strategy_nearest,True,0.002176046371459961,success
04DEFC3A9C4C80,3,['Arena'],Torre Lamberti,"['Sighseeing', 'Centro Fotografia', 'Museo Conte', 'Casa Giulietta', 'Palazzo della Ragione']",Santa Anastasia,strategy_nearest,False,0.0027740001678466797,success
04DEFF429C4C80,0,"['Castelvecchio', 'Casa Giulietta']",Tomba Giulietta,"['San Fermo', 'Museo Storia', 'Arena', 'Museo Lapidario', 'Museo Radio']",Arena,strategy_nearest,True,0.0035200119018554688,success
04DF133A9C4C84,2,['Casa Giulietta'],Torre Lamberti,"['Sighseeing', 'Centro Fotografia', 'Museo Conte', 'Palazzo della Ragione', 'AMO']",Teatro Romano,strategy_nearest,False,0.002496004104614258,success
04DF123A9C4C84,0,['Arena'],Castelvecchio,"['Museo Lapidario', 'Verona Tour', 'Museo Radio', 'San Zeno', 'Sighseeing']",Teatro Romano,strategy_nearest,False,0.002177000045776367,success
04DF17429C4C80,1,"['Arena', 'Palazzo della Ragione', 'Casa Giulietta']",San Fermo,"['Museo Storia', 'Museo Radio', 'Centro Fotografia', 'Sighseeing', 'Torre Lamberti']",Giardino Giusti,strategy_nearest,False,0.003275156021118164,success
04DF143A9C4C84,2,"['Castelvecchio', 'Torre Lamberti', 'Palazzo della Ragione', 'Museo Storia']",Teatro Romano,"['Santa Anastasia', 'Duomo', 'AMO', 'Museo Conte', 'Centro Fotografia']",San Zeno,strategy_nearest,False,0.003948688507080078,success
04DF22429C4C84,0,['Arena'],Casa Giulietta,"['Centro Fotografia', 'Sighseeing', 'Torre Lamberti', 'Museo Conte', 'Museo Radio']",Duomo,strategy_nearest,False,0.0021560192108154297,success
04DF1C429C4C80,2,"['Torre Lamberti', 'Duomo', 'Casa Giulietta']",Palazzo della Ragione,"['AMO', 'Museo Conte', 'Centro Fotografia', 'Sighseeing', 'Santa Anastasia']",Castelvecchio,strategy_nearest,False,0.0027840137481689453,success
04DF374A9C4C80,1,"['Arena', 'Casa Giulietta']",Santa Anastasia,"['AMO', 'Museo Conte', 'Palazzo della Ragione', 'Teatro Romano', 'Centro Fotografia']",Duomo,strategy_nearest,False,0.002524137496948242,success
04DF244A9C4C80,3,"['Castelvecchio', 'Arena', 'Casa Giulietta', 'Duomo']",Santa Anastasia,"['AMO', 'Museo Conte', 'Palazzo della Ragione', 'Teatro Romano', 'Centro Fotografia']",San Zeno,strategy_nearest,False,0.004185199737548828,success
04DF3A3A9C4C80,0,['Casa Giulietta'],Teatro Romano,"['Santa Anastasia', 'Duomo', 'AMO', 'Palazzo della Ragione', 'Museo Conte']",Arena,strategy_nearest,False,0.0024840831756591797,success
04DF423A9C4C80,3,"['Santa Anastasia', 'Castelvecchio']",Arena,"['Verona Tour', 'Museo Lapidario', 'Museo Radio', 'San Fermo', 'Casa Giulietta']",Casa Giulietta,strategy_nearest,True,0.004477024078369141,success
04DF5D429C4C80,1,['Arena'],Torre Lamberti,"['Sighseeing', 'Centro Fotografia', 'Museo Conte', 'Casa Giulietta', 'Palazzo della Ragione']",Palazzo della Ragione,strategy_nearest,True,0.0032351016998291016,success
04DF6E429C4C80,1,"['Casa Giulietta', 'Palazzo della Ragione']",Torre Lamberti,"['Sighseeing', 'Centro Fotografia', 'Museo Conte', 'AMO', 'Museo Miniscalchi']",Santa Anastasia,strategy_nearest,False,0.002223968505859375,success
04DF63429C4C80,3,"['Arena', 'Arena', 'San Fermo']",Santa Anastasia,"['AMO', 'Museo Conte', 'Palazzo della Ragione', 'Teatro Romano', 'Centro Fotografia']",San Zeno,strategy_nearest,False,0.005395174026489258,success
04DF75429C4C80,3,"['Arena', 'Torre Lamberti']",Casa Giulietta,"['Centro Fotografia', 'Sighseeing', 'Museo Conte', 'Museo Radio', 'Palazzo della Ragione']",Santa Anastasia,strategy_nearest,False,0.004203081130981445,success
04DF74429C4C80,0,['Arena'],Castelvecchio,"['Museo Lapidario', 'Verona Tour', 'Museo Radio', 'San Zeno', 'Sighseeing']",Casa Giulietta,strategy_nearest,False,0.002524137496948242,success
04DF803A9C4C80,0,['Arena'],Casa Giulietta,"['Centro Fotografia', 'Sighseeing', 'Torre Lamberti', 'Museo Conte', 'Museo Radio']",Torre Lamberti,strategy_nearest,True,0.0016150474548339844,success
04DF7A3A9C4C80,3,"['Santa Anastasia', 'Casa Giulietta']",Arena,"['Verona Tour', 'Museo Lapidario', 'Museo Radio', 'San Fermo', 'Sighseeing']",Torre Lamberti,strategy_nearest,False,0.0028150081634521484,success
04DF883A9C4C80,3,"['Arena', 'San Fermo', 'Casa Giulietta']",Torre Lamberti,"['Sighseeing', 'Centro Fotografia', 'Museo Conte', 'Palazzo della Ragione', 'AMO']",Teatro Romano,strategy_nearest,False,0.003021717071533203,success
04DF833A9C4C80,3,"['Museo Lapidario', 'Arena']",Casa Giulietta,"['Centro Fotografia', 'Sighseeing', 'Torre Lamberti', 'Museo Conte', 'Museo Radio']",Santa Anastasia,strategy_nearest,False,0.0038280487060546875,success
04DF893A9C4C80,0,['Arena'],San Zeno,"['Castelvecchio', 'Verona Tour', 'Museo Lapidario', 'Museo Miniscalchi', 'Sighseeing']",Castelvecchio,strategy_nearest,True,0.0021457672119140625,success
04DF903A9C4C80,0,['Arena'],Museo Lapidario,"['Verona Tour', 'Castelvecchio', 'Museo Radio', 'San Fermo', 'Casa Giulietta']",Castelvecchio,strategy_nearest,True,0.0035409927368164062,success
04DF94429C4C80,0,['Arena'],Museo Lapidario,"['Verona Tour', 'Castelvecchio', 'Museo Radio', 'San Fermo', 'Casa Giulietta']",Castelvecchio,strategy_nearest,True,0.0020928382873535156,success
04DF9B4A9C4C80,3,"['Arena', 'Castelvecchio', 'Duomo']",Teatro Romano,"['Santa Anastasia', 'AMO', 'Palazzo della Ragione', 'Museo Conte', 'Centro Fotografia']",Casa Giulietta,strategy_nearest,False,0.0034189224243164062,success
04DFB13A9C4C80,1,"['Arena', 'San Fermo']",Casa Giulietta,"['Centro Fotografia', 'Sighseeing', 'Torre Lamberti', 'Museo Conte', 'Museo Radio']",Torre Lamberti,strategy_nearest,True,0.002180814743041992,success
04DFB0429C4C80,2,['Casa Giulietta'],Torre Lamberti,"['Sighseeing', 'Centro Fotografia', 'Museo Conte', 'Palazzo della Ragione', 'AMO']",Castelvecchio,strategy_nearest,False,0.0034821033477783203,success
04DFAD429C4C80,0,['Arena'],Museo Storia,"['San Fermo', 'Museo Radio', 'Casa Giulietta', 'Centro Fotografia', 'Tomba Giulietta']",Santa Anastasia,strategy_nearest,False,0.0042078495025634766,success
04DF9C429C4C80,3,"['Arena', 'Torre Lamberti']",Casa Giulietta,"['Centro Fotografia', 'Sighseeing', 'Museo Conte', 'Museo Radio', 'Palazzo della Ragione']",Santa Anastasia,strategy_nearest,False,0.0029408931732177734,success
04DFC03A9C4C80,0,"['Arena', 'Museo Lapidario']",Casa Giulietta,"['Centro Fotografia', 'Sighseeing', 'Torre Lamberti', 'Museo Conte', 'Museo Radio']",Duomo,strategy_nearest,False,0.001519918441772461,success
04DFCD3A9C4C80,3,['Arena'],Torre Lamberti,"['Sighseeing', 'Centro Fotografia', 'Museo Conte', 'Casa Giulietta', 'Palazzo della Ragione']",Duomo,strategy_nearest,False,0.002193927764892578,success
04DFC8429C4C80,3,"['Arena', 'Casa Giulietta']",Torre Lamberti,"['Sighseeing', 'Centro Fotografia', 'Museo Conte', 'Palazzo della Ragione', 'AMO']",Santa Anastasia,strategy_nearest,False,0.0029358863830566406,success
04DFD53A9C4C80,0,['Arena'],Casa Giulietta,"['Centro Fotografia', 'Sighseeing', 'Torre Lamberti', 'Museo Conte', 'Museo Radio']",Torre Lamberti,strategy_nearest,True,0.003399372100830078,success
04DFEE429C4C80,3,"['Torre Lamberti', 'Arena', 'Santa Anastasia']",Duomo,"['AMO', 'Museo Miniscalchi', 'Teatro Romano', 'Palazzo della Ragione', 'Museo Conte']",Castelvecchio,strategy_nearest,False,0.002335071563720703,success
04DFF13A9C4C80,0,['Arena'],Torre Lamberti,"['Sighseeing', 'Centro Fotografia', 'Museo Conte', 'Casa Giulietta', 'Palazzo della Ragione']",Casa Giulietta,strategy_nearest,True,0.003927946090698242,success
04DFF43A9C4C80,3,"['Casa Giulietta', 'Arena']",San Fermo,"['Museo Storia', 'Museo Radio', 'Centro Fotografia', 'Sighseeing', 'Torre Lamberti']",Santa Anastasia,strategy_nearest,False,0.0027141571044921875,success
04DFF53A9C4C80,3,"['Arena', 'San Fermo', 'Casa Giulietta']",Torre Lamberti,"['Sighseeing', 'Centro Fotografia', 'Museo Conte', 'Palazzo della Ragione', 'AMO']",Santa Anastasia,strategy_nearest,False,0.0032949447631835938,success
04DFF93A9C4C80,3,['Arena'],Casa Giulietta,"['Centro Fotografia', 'Sighseeing', 'Torre Lamberti', 'Museo Conte', 'Museo Radio']",Santa Anastasia,strategy_nearest,False,0.0039861202239990234,success
04E0073A9C4C84,3,['Arena'],Santa Anastasia,"['AMO', 'Museo Conte', 'Palazzo della Ragione', 'Teatro Romano', 'Centro Fotografia']",Duomo,strategy_nearest,False,0.0019330978393554688,success
04E0053A9C4C84,1,"['Arena', 'Casa Giulietta']",Palazzo della Ragione,"['AMO', 'Museo Conte', 'Torre Lamberti', 'Centro Fotografia', 'Sighseeing']",Torre Lamberti,strategy_nearest,True,0.0034492015838623047,success
04E0103A9C4C84,2,['Palazzo della Ragione'],Torre Lamberti,"['Sighseeing', 'Centro Fotografia', 'Museo Conte', 'Casa Giulietta', 'AMO']",Giardino Giusti,strategy_nearest,False,0.002911090850830078,success
04E0133A9C4C80,1,"['Arena', 'Castelvecchio', 'San Zeno', 'Duomo']",Santa Anastasia,"['AMO', 'Museo Conte', 'Palazzo della Ragione', 'Teatro Romano', 'Centro Fotografia']",Casa Giulietta,strategy_nearest,False,0.004043102264404297,success
04E0173A9C4C84,2,['Santa Anastasia'],Casa Giulietta,"['Centro Fotografia', 'Sighseeing', 'Torre Lamberti', 'Museo Conte', 'Museo Radio']",San Fermo,strategy_nearest,False,0.0024940967559814453,success
04E0163A9C4C84,0,['Arena'],Torre Lamberti,"['Sighseeing', 'Centro Fotografia', 'Museo Conte', 'Casa Giulietta', 'Palazzo della Ragione']",Casa Giulietta,strategy_nearest,True,0.002779245376586914,success
04E020429C4C80,0,['Arena'],Casa Giulietta,"['Centro Fotografia', 'Sighseeing', 'Torre Lamberti', 'Museo Conte', 'Museo Radio']",Duomo,strategy_nearest,False,0.0030431747436523438,success
04E021429C4C84,0,['Casa Giulietta'],Duomo,"['AMO', 'Museo Miniscalchi', 'Santa Anastasia', 'Teatro Romano', 'Palazzo della Ragione']",Teatro Romano,strategy_nearest,True,0.0027697086334228516,success
04E02E429C4C80,1,['Arena'],Casa Giulietta,"['Centro Fotografia', 'Sighseeing', 'Torre Lamberti', 'Museo Conte', 'Museo Radio']",Palazzo della Ragione,strategy_nearest,False,0.0021152496337890625,success
04E03C429C4C80,0,['Santa Anastasia'],Castelvecchio,"['Museo Lapidario', 'Verona Tour', 'Arena', 'Museo Radio', 'San Zeno']",Arena,strategy_nearest,True,0.0032351016998291016,success
04E04B3A9C4C80,1,"['Arena', 'Casa Giulietta']",Torre Lamberti,"['Sighseeing', 'Centro Fotografia', 'Museo Conte', 'Palazzo della Ragione', 'AMO']",Palazzo della Ragione,strategy_nearest,True,0.0018758773803710938,success
04E0543A9C4C80,0,['Arena'],Castelvecchio,"['Museo Lapidario', 'Verona Tour', 'Museo Radio', 'San Zeno', 'Sighseeing']",Casa Giulietta,strategy_nearest,False,0.0028200149536132812,success
04E0643A9C4C80,2,"['Castelvecchio', 'Tomba Giulietta', 'Teatro Romano']",Duomo,"['AMO', 'Museo Miniscalchi', 'Santa Anastasia', 'Palazzo della Ragione', 'Museo Conte']",Santa Anastasia,strategy_nearest,True,0.003034830093383789,success
04E063429C4C80,0,"['Arena', 'Museo Lapidario']",Castelvecchio,"['Verona Tour', 'Museo Radio', 'San Zeno', 'Sighseeing', 'Museo Miniscalchi']",Casa Giulietta,strategy_nearest,False,0.0033757686614990234,success
04E0733A9C4C80,1,"['Tomba Giulietta', 'Arena']",Casa Giulietta,"['Centro Fotografia', 'Sighseeing', 'Torre Lamberti', 'Museo Conte', 'Museo Radio']",Palazzo della Ragione,strategy_nearest,False,0.0030670166015625,success
04E0743A9C4C80,1,"['Tomba Giulietta', 'Arena', 'Casa Giulietta']",Palazzo della Ragione,"['AMO', 'Museo Conte', 'Torre Lamberti', 'Centro Fotografia', 'Sighseeing']",Santa Anastasia,strategy_nearest,False,0.0025627613067626953,success
04E075429C4C80,0,['Arena'],Casa Giulietta,"['Centro Fotografia', 'Sighseeing', 'Torre Lamberti', 'Museo Conte', 'Museo Radio']",San Zeno,strategy_nearest,False,0.0029036998748779297,success
04E0753A9C4C80,3,"['Casa Giulietta', 'Arena']",Santa Anastasia,"['AMO', 'Museo Conte', 'Palazzo della Ragione', 'Teatro Romano', 'Centro Fotografia']",Giardino Giusti,strategy_nearest,False,0.0026650428771972656,success
04E07F429C4C80,1,"['Arena', 'Casa Giulietta']",Torre Lamberti,"['Sighseeing', 'Centro Fotografia', 'Museo Conte', 'Palazzo della Ragione', 'AMO']",Palazzo della Ragione,strategy_nearest,True,0.0025548934936523438,success
04E0904A9C4C80,3,"['Santa Anastasia', 'Torre Lamberti']",Casa Giulietta,"['Centro Fotografia', 'Sighseeing', 'Museo Conte', 'Museo Radio', 'Palazzo della Ragione']",Arena,strategy_nearest,False,0.002231121063232422,success
04E07D4A9C4C80,0,"['Arena', 'Casa Giulietta']",Torre Lamberti,"['Sighseeing', 'Centro Fotografia', 'Museo Conte', 'Palazzo della Ragione', 'AMO']",Castelvecchio,strategy_nearest,False,0.0018188953399658203,success
04E0A34A9C4C80,0,"['Arena', 'Torre Lamberti']",Casa Giulietta,"['Centro Fotografia', 'Sighseeing', 'Museo Conte', 'Museo Radio', 'Palazzo della Ragione']",San Fermo,strategy_nearest,False,0.002665996551513672,success
04E0AA429C4C80,0,['Teatro Romano'],Duomo,"['AMO', 'Museo Miniscalchi', 'Santa Anastasia', 'Palazzo della Ragione', 'Museo Conte']",Arena,strategy_nearest,False,0.0032219886779785156,success
04E096429C4C80,0,['Castelvecchio'],Arena,"['Verona Tour', 'Museo Lapidario', 'Museo Radio', 'San Fermo', 'Casa Giulietta']",Casa Giulietta,strategy_nearest,True,0.0027811527252197266,success
04E0A7429C4C80,0,['Casa Giulietta'],Torre Lamberti,"['Sighseeing', 'Centro Fotografia', 'Museo Conte', 'Palazzo della Ragione', 'AMO']",Arena,strategy_nearest,False,0.002599954605102539,success
04E0AA4A9C4C80,2,['Castelvecchio'],Duomo,"['AMO', 'Museo Miniscalchi', 'Santa Anastasia', 'Teatro Romano', 'Palazzo della Ragione']",Santa Anastasia,strategy_nearest,True,0.0016660690307617188,success
04E0AD3A9C4C80,3,"['Arena', 'Santa Anastasia']",Duomo,"['AMO', 'Museo Miniscalchi', 'Teatro Romano', 'Palazzo della Ragione', 'Museo Conte']",Casa Giulietta,strategy_nearest,False,0.0019080638885498047,success
04E0B13A9C4C80,3,"['Teatro Romano', 'Duomo']",Santa Anastasia,"['AMO', 'Museo Conte', 'Palazzo della Ragione', 'Centro Fotografia', 'Torre Lamberti']",Torre Lamberti,strategy_nearest,True,0.0032498836517333984,success
04E0AC429C4C80,3,"['Arena', 'Tomba Giulietta']",Casa Giulietta,"['Centro Fotografia', 'Sighseeing', 'Torre Lamberti', 'Museo Conte', 'Museo Radio']",Duomo,strategy_nearest,False,0.0030050277709960938,success
04E0B9429C4C80,3,['Arena'],Casa Giulietta,"['Centro Fotografia', 'Sighseeing', 'Torre Lamberti', 'Museo Conte', 'Museo Radio']",Torre Lamberti,strategy_nearest,True,0.0020139217376708984,success
04E0B4429C4C80,0,['Casa Giulietta'],Castelvecchio,"['Museo Lapidario', 'Verona Tour', 'Arena', 'Museo Radio', 'San Zeno']",Arena,strategy_nearest,True,0.003470182418823242,success
04E0BA3A9C4C80,3,['Arena'],Casa Giulietta,"['Centro Fotografia', 'Sighseeing', 'Torre Lamberti', 'Museo Conte', 'Museo Radio']",Santa Anastasia,strategy_nearest,False,0.0027959346771240234,success
04E0C0429C4C80,0,['Casa Giulietta'],Arena,"['Verona Tour', 'Museo Lapidario', 'Museo Radio', 'San Fermo', 'Sighseeing']",Torre Lamberti,strategy_nearest,False,0.0031652450561523438,success
04E0C43A9C4C80,3,"['Arena', 'Casa Giulietta']",Museo Storia,"['San Fermo', 'Museo Radio', 'Centro Fotografia', 'Tomba Giulietta', 'Torre Lamberti']",Santa Anastasia,strategy_nearest,False,0.0022840499877929688,success
04E0D83A9C4C80,0,['Casa Giulietta'],Torre Lamberti,"['Sighseeing', 'Centro Fotografia', 'Museo Conte', 'Palazzo della Ragione', 'AMO']",Arena,strategy_nearest,False,0.0029010772705078125,success
04E0DC3A9C4C80,0,"['Arena', 'Casa Giulietta']",San Zeno,"['Castelvecchio', 'Verona Tour', 'Museo Lapidario', 'Museo Miniscalchi', 'Sighseeing']",Castelvecchio,strategy_nearest,True,0.002908945083618164,success
04E0D93A9C4C80,0,['Arena'],Castelvecchio,"['Museo Lapidario', 'Verona Tour', 'Museo Radio', 'San Zeno', 'Sighseeing']",Duomo,strategy_nearest,False,0.003909111022949219,success
04E0E43A9C4C80,0,['Arena'],Torre Lamberti,"['Sighseeing', 'Centro Fotografia', 'Museo Conte', 'Casa Giulietta', 'Palazzo della Ragione']",Teatro Romano,strategy_nearest,False,0.002377033233642578,success
04E0EE429C4C80,6,"['Arena', 'Casa Giulietta', 'Santa Anastasia', 'Museo Lapidario']",Castelvecchio,"['Verona Tour', 'Museo Radio', 'San Zeno', 'Sighseeing', 'Museo Miniscalchi']",Torre Lamberti,strategy_nearest,False,0.002142190933227539,success
04E0F03A9C4C80,1,"['Palazzo della Ragione', 'Torre Lamberti']",Arena,"['Verona Tour', 'Museo Lapidario', 'Museo Radio', 'San Fermo', 'Casa Giulietta']",Castelvecchio,strategy_nearest,False,0.002680063247680664,success
04E10A3A9C4C84,2,['Santa Anastasia'],Duomo,"['AMO', 'Museo Miniscalchi', 'Teatro Romano', 'Palazzo della Ragione', 'Museo Conte']",Giardino Giusti,strategy_nearest,False,0.0021789073944091797,success
04E1053A9C4C84,1,"['Arena', 'Casa Giulietta']",Palazzo della Ragione,"['AMO', 'Museo Conte', 'Torre Lamberti', 'Centro Fotografia', 'Sighseeing']",Torre Lamberti,strategy_nearest,True,0.0026841163635253906,success
04E10C429C4C84,1,['Arena'],Casa Giulietta,"['Centro Fotografia', 'Sighseeing', 'Torre Lamberti', 'Museo Conte', 'Museo Radio']",Torre Lamberti,strategy_nearest,True,0.002543210983276367,success
04E1093A9C4C84,1,"['Arena', 'Museo Lapidario', 'Casa Giulietta', 'Palazzo della Ragione']",Torre Lamberti,"['Sighseeing', 'Centro Fotografia', 'Museo Conte', 'AMO', 'Museo Miniscalchi']",Santa Anastasia,strategy_nearest,False,0.004801034927368164,success
04E111429C4C84,2,"['Museo Lapidario', 'Palazzo della Ragione']",Torre Lamberti,"['Sighseeing', 'Centro Fotografia', 'Museo Conte', 'Casa Giulietta', 'AMO']",Casa Giulietta,strategy_nearest,True,0.002306222915649414,success
04E1153A9C4C84,0,['Arena'],Torre Lamberti,"['Sighseeing', 'Centro Fotografia', 'Museo Conte', 'Casa Giulietta', 'Palazzo della Ragione']",Casa Giulietta,strategy_nearest,True,0.002086162567138672,success
04E11C429C4C84,2,"['Museo Lapidario', 'Palazzo della Ragione']",Torre Lamberti,"['Sighseeing', 'Centro Fotografia', 'Museo Conte', 'Casa Giulietta', 'AMO']",Casa Giulietta,strategy_nearest,True,0.002948284149169922,success
04E1283A9C4C80,1,"['Arena', 'Casa Giulietta']",Torre Lamberti,"['Sighseeing', 'Centro Fotografia', 'Museo Conte', 'Palazzo della Ragione', 'AMO']",Palazzo della Ragione,strategy_nearest,True,0.0032777786254882812,success
04E1293A9C4C80,1,"['Castelvecchio', 'Arena', 'Tomba Giulietta', 'San Fermo']",Casa Giulietta,"['Centro Fotografia', 'Sighseeing', 'Torre Lamberti', 'Museo Conte', 'Museo Radio']",Teatro Romano,strategy_nearest,False,0.002629995346069336,success
04E12D3A9C4C80,3,"['Arena', 'Casa Giulietta']",San Zeno,"['Castelvecchio', 'Verona Tour', 'Museo Lapidario', 'Museo Miniscalchi', 'Sighseeing']",Duomo,strategy_nearest,False,0.003050088882446289,success
04E1383A9C4C80,0,['Torre Lamberti'],Casa Giulietta,"['Centro Fotografia', 'Sighseeing', 'Museo Conte', 'Museo Radio', 'Palazzo della Ragione']",Arena,strategy_nearest,False,0.003422975540161133,success
04E1393A9C4C80,3,"['Arena', 'Museo Lapidario']",Santa Anastasia,"['AMO', 'Museo Conte', 'Palazzo della Ragione', 'Teatro Romano', 'Centro Fotografia']",Casa Giulietta,strategy_nearest,False,0.0035419464111328125,success
04E12E429C4C80,1,"['Museo Lapidario', 'Arena', 'Casa Giulietta', 'Torre Lamberti']",Palazzo della Ragione,"['AMO', 'Museo Conte', 'Centro Fotografia', 'Sighseeing', 'Santa Anastasia']",Santa Anastasia,strategy_nearest,True,0.0038301944732666016,success
04E13D4A9C4C80,1,"['Castelvecchio', 'Arena']",Casa Giulietta,"['Centro Fotografia', 'Sighseeing', 'Torre Lamberti', 'Museo Conte', 'Museo Radio']",Palazzo della Ragione,strategy_nearest,False,0.0027010440826416016,success
04E1423A9C4C80,3,['Arena'],Casa Giulietta,"['Centro Fotografia', 'Sighseeing', 'Torre Lamberti', 'Museo Conte', 'Museo Radio']",Santa Anastasia,strategy_nearest,False,0.0024466514587402344,success
04E1473A9C4C80,2,"['Castelvecchio', 'San Zeno']",Torre Lamberti,"['Sighseeing', 'Centro Fotografia', 'Museo Conte', 'Casa Giulietta', 'Palazzo della Ragione']",Santa Anastasia,strategy_nearest,False,0.0021932125091552734,success
04E152429C4C80,0,['Arena'],Castelvecchio,"['Museo Lapidario', 'Verona Tour', 'Museo Radio', 'San Zeno', 'Sighseeing']",Torre Lamberti,strategy_nearest,False,0.003134012222290039,success
04E151429C4C80,1,['Arena'],Museo Lapidario,"['Verona Tour', 'Castelvecchio', 'Museo Radio', 'San Fermo', 'Casa Giulietta']",Casa Giulietta,strategy_nearest,True,0.002845287322998047,success
04E153429C4C80,0,['Casa Giulietta'],Arena,"['Verona Tour', 'Museo Lapidario', 'Museo Radio', 'San Fermo', 'Sighseeing']",Castelvecchio,strategy_nearest,False,0.003476381301879883,success
04E16F3A9C4C80,2,"['San Zeno', 'Castelvecchio']",Santa Anastasia,"['AMO', 'Museo Conte', 'Palazzo della Ragione', 'Teatro Romano', 'Centro Fotografia']",Duomo,strategy_nearest,False,0.0027549266815185547,success
04E1753A9C4C80,3,"['Casa Giulietta', 'Arena']",Santa Anastasia,"['AMO', 'Museo Conte', 'Palazzo della Ragione', 'Teatro Romano', 'Centro Fotografia']",Giardino Giusti,strategy_nearest,False,0.003278017044067383,success
04E169429C4C80,3,"['Arena', 'Casa Giulietta']",Torre Lamberti,"['Sighseeing', 'Centro Fotografia', 'Museo Conte', 'Palazzo della Ragione', 'AMO']",Santa Anastasia,strategy_nearest,False,0.0016050338745117188,success
04E1773A9C4C80,0,['Arena'],Casa Giulietta,"['Centro Fotografia', 'Sighseeing', 'Torre Lamberti', 'Museo Conte', 'Museo Radio']",Torre Lamberti,strategy_nearest,True,0.002628803253173828,success
04E178429C4C80,0,['Torre Lamberti'],Tomba Giulietta,"['San Fermo', 'Museo Storia', 'Arena', 'Museo Lapidario', 'Museo Radio']",Arena,strategy_nearest,True,0.0021140575408935547,success
04E1783A9C4C80,1,"['Arena', 'Casa Giulietta']",Torre Lamberti,"['Sighseeing', 'Centro Fotografia', 'Museo Conte', 'Palazzo della Ragione', 'AMO']",Palazzo della Ragione,strategy_nearest,True,0.0027968883514404297,success
04E17B4A9C4C80,3,['Arena'],Casa Giulietta,"['Centro Fotografia', 'Sighseeing', 'Torre Lamberti', 'Museo Conte', 'Museo Radio']",Santa Anastasia,strategy_nearest,False,0.003142118453979492,success
04E17C3A9C4C80,3,"['Arena', 'Castelvecchio']",Torre Lamberti,"['Sighseeing', 'Centro Fotografia', 'Museo Conte', 'Casa Giulietta', 'Palazzo della Ragione']",Casa Giulietta,strategy_nearest,True,0.0022318363189697266,success
04E17C4A9C4C80,1,"['Torre Lamberti', 'Palazzo della Ragione']",Santa Anastasia,"['AMO', 'Museo Conte', 'Teatro Romano', 'Centro Fotografia', 'Duomo']",Duomo,strategy_nearest,True,0.003216981887817383,success
04E187429C4C80,0,['Arena'],Casa Giulietta,"['Centro Fotografia', 'Sighseeing', 'Torre Lamberti', 'Museo Conte', 'Museo Radio']",Torre Lamberti,strategy_nearest,True,0.0025930404663085938,success
04E18A3A9C4C80,3,['Arena'],Casa Giulietta,"['Centro Fotografia', 'Sighseeing', 'Torre Lamberti', 'Museo Conte', 'Museo Radio']",Santa Anastasia,strategy_nearest,False,0.0033338069915771484,success
04E1833A9C4C80,0,['Castelvecchio'],Casa Giulietta,"['Centro Fotografia', 'Sighseeing', 'Torre Lamberti', 'Museo Conte', 'Museo Radio']",Arena,strategy_nearest,False,0.003518819808959961,success
04E18B4A9C4C80,0,['Arena'],Casa Giulietta,"['Centro Fotografia', 'Sighseeing', 'Torre Lamberti', 'Museo Conte', 'Museo Radio']",Tomba Giulietta,strategy_nearest,False,0.002965211868286133,success
04E1A0429C4C80,3,"['Teatro Romano', 'Giardino Giusti', 'Casa Giulietta']",Torre Lamberti,"['Sighseeing', 'Centro Fotografia', 'Museo Conte', 'Palazzo della Ragione', 'AMO']",Arena,strategy_nearest,False,0.001936197280883789,success
04E19D429C4C80,3,['Arena'],Torre Lamberti,"['Sighseeing', 'Centro Fotografia', 'Museo Conte', 'Casa Giulietta', 'Palazzo della Ragione']",Casa Giulietta,strategy_nearest,True,0.002627134323120117,success
04E1AC3A9C4C80,3,"['Arena', 'San Zeno']",San Fermo,"['Museo Storia', 'Museo Radio', 'Casa Giulietta', 'Centro Fotografia', 'Sighseeing']",Torre Lamberti,strategy_nearest,False,0.002716064453125,success
04E1AE3A9C4C80,3,"['Arena', 'Castelvecchio']",Casa Giulietta,"['Centro Fotografia', 'Sighseeing', 'Torre Lamberti', 'Museo Conte', 'Museo Radio']",Santa Anastasia,strategy_nearest,False,0.0031991004943847656,success
04E1B03A9C4C80,3,"['Arena', 'Torre Lamberti', 'Duomo']",Santa Anastasia,"['AMO', 'Museo Conte', 'Palazzo della Ragione', 'Teatro Romano', 'Centro Fotografia']",Casa Giulietta,strategy_nearest,False,0.002515077590942383,success
04E1B53A9C4C80,1,"['Arena', 'Casa Giulietta']",Tomba Giulietta,"['San Fermo', 'Museo Storia', 'Museo Lapidario', 'Museo Radio', 'Verona Tour']",Santa Anastasia,strategy_nearest,False,0.003292083740234375,success
04E1B2429C4C80,3,"['Arena', 'Santa Anastasia']",Duomo,"['AMO', 'Museo Miniscalchi', 'Teatro Romano', 'Palazzo della Ragione', 'Museo Conte']",Teatro Romano,strategy_nearest,True,0.002563953399658203,success
04E1B83A9C4C80,3,['Casa Giulietta'],Santa Anastasia,"['AMO', 'Museo Conte', 'Palazzo della Ragione', 'Teatro Romano', 'Centro Fotografia']",Duomo,strategy_nearest,False,0.00310516357421875,success
04E1BD3A9C4C80,0,['Arena'],Casa Giulietta,"['Centro Fotografia', 'Sighseeing', 'Torre Lamberti', 'Museo Conte', 'Museo Radio']",Duomo,strategy_nearest,False,0.002536296844482422,success
04E1BC3A9C4C80,2,"['Torre Lamberti', 'Santa Anastasia']",Duomo,"['AMO', 'Museo Miniscalchi', 'Teatro Romano', 'Palazzo della Ragione', 'Museo Conte']",Teatro Romano,strategy_nearest,True,0.0033998489379882812,success
04E1C2429C4C80,3,['Torre Lamberti'],Santa Anastasia,"['AMO', 'Museo Conte', 'Palazzo della Ragione', 'Teatro Romano', 'Centro Fotografia']",Arena,strategy_nearest,False,0.0027048587799072266,success
04E1C8429C4C80,2,['Tomba Giulietta'],Teatro Romano,"['Santa Anastasia', 'Duomo', 'AMO', 'Palazzo della Ragione', 'Museo Conte']",Castelvecchio,strategy_nearest,False,0.0032629966735839844,success
04E1CB3A9C4C80,0,['Arena'],Casa Giulietta,"['Centro Fotografia', 'Sighseeing', 'Torre Lamberti', 'Museo Conte', 'Museo Radio']",Santa Anastasia,strategy_nearest,False,0.0034401416778564453,success
04E1D0429C4C80,1,"['Arena', 'Casa Giulietta', 'Torre Lamberti']",Palazzo della Ragione,"['AMO', 'Museo Conte', 'Centro Fotografia', 'Sighseeing', 'Santa Anastasia']",Castelvecchio,strategy_nearest,False,0.0025718212127685547,success
04E1D73A9C4C80,0,['Arena'],Torre Lamberti,"['Sighseeing', 'Centro Fotografia', 'Museo Conte', 'Casa Giulietta', 'Palazzo della Ragione']",Casa Giulietta,strategy_nearest,True,0.0031681060791015625,success
04E1DC3A9C4C80,3,"['Castelvecchio', 'Torre Lamberti', 'Casa Giulietta']",Santa Anastasia,"['AMO', 'Museo Conte', 'Palazzo della Ragione', 'Teatro Romano', 'Centro Fotografia']",Duomo,strategy_nearest,False,0.0033111572265625,success
04E1E93A9C4C80,1,['Torre Lamberti'],Palazzo della Ragione,"['AMO', 'Museo Conte', 'Centro Fotografia', 'Sighseeing', 'Santa Anastasia']",Casa Giulietta,strategy_nearest,False,0.0025720596313476562,success
04E1E23A9C4C80,0,['Arena'],Torre Lamberti,"['Sighseeing', 'Centro Fotografia', 'Museo Conte', 'Casa Giulietta', 'Palazzo della Ragione']",Teatro Romano,strategy_nearest,False,0.0032930374145507812,success
04E1ED3A9C4C80,0,"['Arena', 'Museo Lapidario']",Castelvecchio,"['Verona Tour', 'Museo Radio', 'San Zeno', 'Sighseeing', 'Museo Miniscalchi']",Casa Giulietta,strategy_nearest,False,0.0034110546112060547,success
04E1F43A9C4C80,0,['Arena'],Torre Lamberti,"['Sighseeing', 'Centro Fotografia', 'Museo Conte', 'Casa Giulietta', 'Palazzo della Ragione']",Duomo,strategy_nearest,False,0.003156900405883789,success
04E20A3A9C4C84,0,['Arena'],Torre Lamberti,"['Sighseeing', 'Centro Fotografia', 'Museo Conte', 'Casa Giulietta', 'Palazzo della Ragione']",Casa Giulietta,strategy_nearest,True,0.0032072067260742188,success
04E20D3A9C4C84,2,['Casa Giulietta'],Santa Anastasia,"['AMO', 'Museo Conte', 'Palazzo della Ragione', 'Teatro Romano', 'Centro Fotografia']",Duomo,strategy_nearest,False,0.0024461746215820312,success
04E20C429C4C84,1,"['Casa Giulietta', 'Palazzo della Ragione']",Torre Lamberti,"['Sighseeing', 'Centro Fotografia', 'Museo Conte', 'AMO', 'Museo Miniscalchi']",Arena,strategy_nearest,False,0.003965854644775391,success
04E2133A9C4C84,0,['Arena'],Casa Giulietta,"['Centro Fotografia', 'Sighseeing', 'Torre Lamberti', 'Museo Conte', 'Museo Radio']",Torre Lamberti,strategy_nearest,True,0.0018177032470703125,success
04E2173A9C4C80,0,['Museo Lapidario'],Arena,"['Verona Tour', 'Museo Radio', 'San Fermo', 'Casa Giulietta', 'Sighseeing']",Castelvecchio,strategy_nearest,False,0.003290891647338867,success
04E215429C4C80,4,"['Arena', 'Castelvecchio', 'Torre Lamberti']",Santa Anastasia,"['AMO', 'Museo Conte', 'Palazzo della Ragione', 'Teatro Romano', 'Centro Fotografia']",Duomo,strategy_nearest,False,0.0026412010192871094,success
04E212429C4C84,0,['Casa Giulietta'],Arena,"['Verona Tour', 'Museo Lapidario', 'Museo Radio', 'San Fermo', 'Sighseeing']",Castelvecchio,strategy_nearest,False,0.0033788681030273438,success
04E219429C4C80,2,"['Casa Giulietta', 'Palazzo della Ragione']",Torre Lamberti,"['Sighseeing', 'Centro Fotografia', 'Museo Conte', 'AMO', 'Museo Miniscalchi']",Duomo,strategy_nearest,False,0.0025458335876464844,success
04E21B3A9C4C84,0,['Arena'],Casa Giulietta,"['Centro Fotografia', 'Sighseeing', 'Torre Lamberti', 'Museo Conte', 'Museo Radio']",Castelvecchio,strategy_nearest,False,0.0019347667694091797,success
04E21B3A9C4C80,3,['Arena'],San Fermo,"['Museo Storia', 'Museo Radio', 'Casa Giulietta', 'Centro Fotografia', 'Sighseeing']",Santa Anastasia,strategy_nearest,False,0.002574920654296875,success
04E21C3A9C4C80,2,['Castelvecchio'],Casa Giulietta,"['Centro Fotografia', 'Sighseeing', 'Torre Lamberti', 'Museo Conte', 'Museo Radio']",Casa Giulietta,strategy_nearest,False,0.0032389163970947266,success
04E21E3A9C4C80,3,"['Arena', 'Casa Giulietta']",Torre Lamberti,"['Sighseeing', 'Centro Fotografia', 'Museo Conte', 'Palazzo della Ragione', 'AMO']",Santa Anastasia,strategy_nearest,False,0.0034351348876953125,success
04E2203A9C4C84,3,['Arena'],Casa Giulietta,"['Centro Fotografia', 'Sighseeing', 'Torre Lamberti', 'Museo Conte', 'Museo Radio']",Santa Anastasia,strategy_nearest,False,0.003114938735961914,success
04E21E429C4C84,0,['Arena'],Casa Giulietta,"['Centro Fotografia', 'Sighseeing', 'Torre Lamberti', 'Museo Conte', 'Museo Radio']",San Zeno,strategy_nearest,False,0.002620220184326172,success
04E228429C4C80,0,"['San Zeno', 'Castelvecchio', 'Casa Giulietta']",Torre Lamberti,"['Sighseeing', 'Centro Fotografia', 'Museo Conte', 'Palazzo della Ragione', 'AMO']",Tomba Giulietta,strategy_nearest,False,0.0026209354400634766,success
04E2333A9C4C80,0,['Arena'],Casa Giulietta,"['Centro Fotografia', 'Sighseeing', 'Torre Lamberti', 'Museo Conte', 'Museo Radio']",Torre Lamberti,strategy_nearest,True,0.0018398761749267578,success
04E221429C4C84,2,"['Casa Giulietta', 'Santa Anastasia']",Duomo,"['AMO', 'Museo Miniscalchi', 'Teatro Romano', 'Palazzo della Ragione', 'Museo Conte']",Teatro Romano,strategy_nearest,True,0.0032699108123779297,success
04E231429C4C80,0,['Arena'],Casa Giulietta,"['Centro Fotografia', 'Sighseeing', 'Torre Lamberti', 'Museo Conte', 'Museo Radio']",Torre Lamberti,strategy_nearest,True,0.0031900405883789062,success
04E234429C4C80,4,"['Castelvecchio', 'Arena']",Casa Giulietta,"['Centro Fotografia', 'Sighseeing', 'Torre Lamberti', 'Museo Conte', 'Museo Radio']",Tomba Giulietta,strategy_nearest,False,0.001589059829711914,success
04E24A429C4C80,1,"['Arena', 'Casa Giulietta']",Palazzo della Ragione,"['AMO', 'Museo Conte', 'Torre Lamberti', 'Centro Fotografia', 'Sighseeing']",Torre Lamberti,strategy_nearest,True,0.0025739669799804688,success
04E23D429C4C80,3,"['Teatro Romano', 'Giardino Giusti', 'Casa Giulietta']",Arena,"['Verona Tour', 'Museo Lapidario', 'Museo Radio', 'San Fermo', 'Sighseeing']",Castelvecchio,strategy_nearest,False,0.0021560192108154297,success
04E2403A9C4C80,2,['Casa Giulietta'],Santa Anastasia,"['AMO', 'Museo Conte', 'Palazzo della Ragione', 'Teatro Romano', 'Centro Fotografia']",Duomo,strategy_nearest,False,0.0033631324768066406,success
04E263429C4C80,0,['Arena'],Casa Giulietta,"['Centro Fotografia', 'Sighseeing', 'Torre Lamberti', 'Museo Conte', 'Museo Radio']",Tomba Giulietta,strategy_nearest,False,0.0027620792388916016,success
04E26F429C4C80,2,['Castelvecchio'],Torre Lamberti,"['Sighseeing', 'Centro Fotografia', 'Museo Conte', 'Casa Giulietta', 'Palazzo della Ragione']",Casa Giulietta,strategy_nearest,True,0.0032911300659179688,success
04E264429C4C80,3,"['Arena', 'San Fermo']",Santa Anastasia,"['AMO', 'Museo Conte', 'Palazzo della Ragione', 'Teatro Romano', 'Centro Fotografia']",San Zeno,strategy_nearest,False,0.00202178955078125,success
04E26D429C4C80,0,['Casa Giulietta'],Arena,"['Verona Tour', 'Museo Lapidario', 'Museo Radio', 'San Fermo', 'Sighseeing']",Torre Lamberti,strategy_nearest,False,0.0028009414672851562,success
04E271429C4C80,3,"['Museo Lapidario', 'Castelvecchio', 'San Zeno', 'Arena']",Casa Giulietta,"['Centro Fotografia', 'Sighseeing', 'Torre Lamberti', 'Museo Conte', 'Museo Radio']",Santa Anastasia,strategy_nearest,False,0.0022110939025878906,success
04E2763A9C4C80,1,"['Casa Giulietta', 'Casa Giulietta', 'Arena', 'Tomba Giulietta']",Torre Lamberti,"['Sighseeing', 'Centro Fotografia', 'Museo Conte', 'Palazzo della Ragione', 'AMO']",Palazzo della Ragione,strategy_nearest,True,0.002725839614868164,success
04E2723A9C4C80,0,['Arena'],Tomba Giulietta,"['San Fermo', 'Museo Storia', 'Museo Lapidario', 'Museo Radio', 'Verona Tour']",Casa Giulietta,strategy_nearest,False,0.002138853073120117,success
04E2753A9C4C80,2,['Casa Giulietta'],Palazzo della Ragione,"['AMO', 'Museo Conte', 'Torre Lamberti', 'Centro Fotografia', 'Sighseeing']",Torre Lamberti,strategy_nearest,True,0.003386974334716797,success
04E27B429C4C80,0,['Arena'],Casa Giulietta,"['Centro Fotografia', 'Sighseeing', 'Torre Lamberti', 'Museo Conte', 'Museo Radio']",Torre Lamberti,strategy_nearest,True,0.0026259422302246094,success
04E2773A9C4C80,6,"['Casa Giulietta', 'Arena']",San Zeno,"['Castelvecchio', 'Verona Tour', 'Museo Lapidario', 'Museo Miniscalchi', 'Sighseeing']",Tomba Giulietta,strategy_nearest,False,0.0030159950256347656,success
04E2834A9C4C80,3,"['Santa Anastasia', 'Casa Giulietta']",San Fermo,"['Museo Storia', 'Museo Radio', 'Centro Fotografia', 'Arena', 'Sighseeing']",Arena,strategy_nearest,True,0.002474069595336914,success
04E2863A9C4C80,0,['Arena'],Torre Lamberti,"['Sighseeing', 'Centro Fotografia', 'Museo Conte', 'Casa Giulietta', 'Palazzo della Ragione']",Duomo,strategy_nearest,False,0.0031099319458007812,success
04E290429C4C80,3,"['Arena', 'Santa Anastasia', 'Duomo']",Teatro Romano,"['AMO', 'Palazzo della Ragione', 'Museo Conte', 'Centro Fotografia', 'Museo Miniscalchi']",Torre Lamberti,strategy_nearest,False,0.0027129650115966797,success
04E28F4A9C4C80,1,"['Santa Anastasia', 'Torre Lamberti']",Palazzo della Ragione,"['AMO', 'Museo Conte', 'Centro Fotografia', 'Sighseeing', 'Museo Miniscalchi']",Casa Giulietta,strategy_nearest,False,0.0024161338806152344,success
04E29A4A9C4C80,0,['Arena'],Castelvecchio,"['Museo Lapidario', 'Verona Tour', 'Museo Radio', 'San Zeno', 'Sighseeing']",Torre Lamberti,strategy_nearest,False,0.002730131149291992,success
04E2A44A9C4C80,0,['Museo Lapidario'],Arena,"['Verona Tour', 'Museo Radio', 'San Fermo', 'Casa Giulietta', 'Sighseeing']",Castelvecchio,strategy_nearest,False,0.0032529830932617188,success
04E2B4429C4C80,0,['Duomo'],Torre Lamberti,"['Sighseeing', 'Centro Fotografia', 'Museo Conte', 'Casa Giulietta', 'Palazzo della Ragione']",Arena,strategy_nearest,False,0.004525899887084961,success
04E2AF429C4C80,0,['Arena'],Castelvecchio,"['Museo Lapidario', 'Verona Tour', 'Museo Radio', 'San Zeno', 'Sighseeing']",Casa Giulietta,strategy_nearest,False,0.002805948257446289,success
04E2B6429C4C80,1,"['Casa Giulietta', 'Torre Lamberti', 'Palazzo della Ragione']",Tomba Giulietta,"['San Fermo', 'Museo Storia', 'Arena', 'Museo Lapidario', 'Museo Radio']",Arena,strategy_nearest,True,0.002669095993041992,success
04E2BD3A9C4C80,0,['Arena'],Museo Lapidario,"['Verona Tour', 'Castelvecchio', 'Museo Radio', 'San Fermo', 'Casa Giulietta']",Castelvecchio,strategy_nearest,True,0.0019550323486328125,success
04E2C5429C4C80,2,"['Casa Giulietta', 'Santa Anastasia']",Duomo,"['AMO', 'Museo Miniscalchi', 'Teatro Romano', 'Palazzo della Ragione', 'Museo Conte']",Palazzo della Ragione,strategy_nearest,True,0.002607107162475586,success
04E2C03A9C4C80,2,"['Torre Lamberti', 'San Fermo']",Santa Anastasia,"['AMO', 'Museo Conte', 'Palazzo della Ragione', 'Teatro Romano', 'Centro Fotografia']",Duomo,strategy_nearest,False,0.001547098159790039,success
04E2C4429C4C80,3,"['Torre Lamberti', 'San Fermo']",Santa Anastasia,"['AMO', 'Museo Conte', 'Palazzo della Ragione', 'Teatro Romano', 'Centro Fotografia']",Duomo,strategy_nearest,False,0.004059791564941406,success
04E2C23A9C4C80,2,"['Torre Lamberti', 'Casa Giulietta']",Teatro Romano,"['Santa Anastasia', 'Duomo', 'AMO', 'Palazzo della Ragione', 'Museo Conte']",Duomo,strategy_nearest,True,0.0021228790283203125,success
04E2DC429C4C80,3,"['Casa Giulietta', 'Santa Anastasia', 'Duomo']",Giardino Giusti,"['Teatro Romano', 'Museo Conte', 'Centro Fotografia', 'Museo Storia', 'AMO']",Arena,strategy_nearest,False,0.0021581649780273438,success
04E2C63A9C4C80,1,"['Arena', 'Torre Lamberti']",Palazzo della Ragione,"['AMO', 'Museo Conte', 'Centro Fotografia', 'Sighseeing', 'Santa Anastasia']",Casa Giulietta,strategy_nearest,False,0.003645181655883789,success
04E2CF429C4C80,0,['Casa Giulietta'],Torre Lamberti,"['Sighseeing', 'Centro Fotografia', 'Museo Conte', 'Palazzo della Ragione', 'AMO']",Arena,strategy_nearest,False,0.002895832061767578,success
04E2C9429C4C80,0,['Arena'],Casa Giulietta,"['Centro Fotografia', 'Sighseeing', 'Torre Lamberti', 'Museo Conte', 'Museo Radio']",Torre Lamberti,strategy_nearest,True,0.0017871856689453125,success
04E2E6429C4C80,2,['Torre Lamberti'],Santa Anastasia,"['AMO', 'Museo Conte', 'Palazzo della Ragione', 'Teatro Romano', 'Centro Fotografia']",Giardino Giusti,strategy_nearest,False,0.002002239227294922,success
04E2DF429C4C80,2,"['San Zeno', 'Castelvecchio', 'Duomo']",Santa Anastasia,"['AMO', 'Museo Conte', 'Palazzo della Ragione', 'Teatro Romano', 'Centro Fotografia']",Torre Lamberti,strategy_nearest,False,0.0015249252319335938,success
04E2E1429C4C80,3,"['Casa Giulietta', 'Santa Anastasia', 'Duomo']",Giardino Giusti,"['Teatro Romano', 'Museo Conte', 'Centro Fotografia', 'Museo Storia', 'AMO']",Arena,strategy_nearest,False,0.0026540756225585938,success
04E2DF3A9C4C80,2,"['Castelvecchio', 'Torre Lamberti', 'Santa Anastasia']",Duomo,"['AMO', 'Museo Miniscalchi', 'Teatro Romano', 'Palazzo della Ragione', 'Museo Conte']",Tomba Giulietta,strategy_nearest,False,0.003364086151123047,success
04E2F23A9C4C80,3,"['Tomba Giulietta', 'Arena', 'Casa Giulietta']",Santa Anastasia,"['AMO', 'Museo Conte', 'Palazzo della Ragione', 'Teatro Romano', 'Centro Fotografia']",Duomo,strategy_nearest,False,0.003122091293334961,success
04E2ED429C4C80,1,"['Arena', 'Castelvecchio', 'Torre Lamberti', 'Palazzo della Ragione']",Santa Anastasia,"['AMO', 'Museo Conte', 'Teatro Romano', 'Centro Fotografia', 'Duomo']",Duomo,strategy_nearest,True,0.002496004104614258,success
04E2ED3A9C4C80,3,"['Arena', 'Casa Giulietta']",Santa Anastasia,"['AMO', 'Museo Conte', 'Palazzo della Ragione', 'Teatro Romano', 'Centro Fotografia']",Duomo,strategy_nearest,False,0.0018990039825439453,success
04E2F33A9C4C80,2,"['Teatro Romano', 'Duomo', 'Santa Anastasia']",Torre Lamberti,"['Sighseeing', 'Centro Fotografia', 'Museo Conte', 'Casa Giulietta', 'Palazzo della Ragione']",Casa Giulietta,strategy_nearest,True,0.002079010009765625,success
04E2F6429C4C80,2,['Duomo'],Castelvecchio,"['Museo Lapidario', 'Verona Tour', 'Arena', 'Museo Radio', 'San Zeno']",San Zeno,strategy_nearest,True,0.0028998851776123047,success
04E3033A9C4C84,3,"['Arena', 'Torre Lamberti']",Santa Anastasia,"['AMO', 'Museo Conte', 'Palazzo della Ragione', 'Teatro Romano', 'Centro Fotografia']",Duomo,strategy_nearest,False,0.003603219985961914,success
04E3093A9C4C84,0,['Arena'],Casa Giulietta,"['Centro Fotografia', 'Sighseeing', 'Torre Lamberti', 'Museo Conte', 'Museo Radio']",Santa Anastasia,strategy_nearest,False,0.004206180572509766,success
04E318429C4C80,3,"['Casa Giulietta', 'Torre Lamberti']",Santa Anastasia,"['AMO', 'Museo Conte', 'Palazzo della Ragione', 'Teatro Romano', 'Centro Fotografia']",Duomo,strategy_nearest,False,0.0017812252044677734,success
04E30F3A9C4C84,0,['Arena'],Casa Giulietta,"['Centro Fotografia', 'Sighseeing', 'Torre Lamberti', 'Museo Conte', 'Museo Radio']",Tomba Giulietta,strategy_nearest,False,0.004528999328613281,success
04E31B3A9C4C80,1,['Arena'],Torre Lamberti,"['Sighseeing', 'Centro Fotografia', 'Museo Conte', 'Casa Giulietta', 'Palazzo della Ragione']",Palazzo della Ragione,strategy_nearest,True,0.003628969192504883,success
04E31C3A9C4C84,0,"['Arena', 'Casa Giulietta']",Torre Lamberti,"['Sighseeing', 'Centro Fotografia', 'Museo Conte', 'Palazzo della Ragione', 'AMO']",Teatro Romano,strategy_nearest,False,0.002753019332885742,success
04E31D3A9C4C80,2,"['Casa Giulietta', 'Torre Lamberti']",Palazzo della Ragione,"['AMO', 'Museo Conte', 'Centro Fotografia', 'Sighseeing', 'Santa Anastasia']",Santa Anastasia,strategy_nearest,True,0.0029311180114746094,success
04E31F429C4C84,0,['Arena'],Casa Giulietta,"['Centro Fotografia', 'Sighseeing', 'Torre Lamberti', 'Museo Conte', 'Museo Radio']",Teatro Romano,strategy_nearest,False,0.003274202346801758,success
04E3203A9C4C80,0,"['Castelvecchio', 'Arena']",Museo Lapidario,"['Verona Tour', 'Museo Radio', 'San Fermo', 'Casa Giulietta', 'Tomba Giulietta']",Tomba Giulietta,strategy_nearest,True,0.0040760040283203125,success
04E32C4A9C4C80,0,"['Arena', 'Castelvecchio']",Casa Giulietta,"['Centro Fotografia', 'Sighseeing', 'Torre Lamberti', 'Museo Conte', 'Museo Radio']",Tomba Giulietta,strategy_nearest,False,0.002424001693725586,success
04E32A429C4C80,0,"['Arena', 'Tomba Giulietta']",Casa Giulietta,"['Centro Fotografia', 'Sighseeing', 'Torre Lamberti', 'Museo Conte', 'Museo Radio']",Castelvecchio,strategy_nearest,False,0.0018398761749267578,success
04E32D3A9C4C80,0,['Arena'],Casa Giulietta,"['Centro Fotografia', 'Sighseeing', 'Torre Lamberti', 'Museo Conte', 'Museo Radio']",Santa Anastasia,strategy_nearest,False,0.003156900405883789,success
04E330429C4C80,2,['Teatro Romano'],Casa Giulietta,"['Centro Fotografia', 'Sighseeing', 'Torre Lamberti', 'Museo Conte', 'Museo Radio']",Castelvecchio,strategy_nearest,False,0.0031321048736572266,success
04E334429C4C80,1,"['Arena', 'Museo Lapidario', 'San Fermo']",Casa Giulietta,"['Centro Fotografia', 'Sighseeing', 'Torre Lamberti', 'Museo Conte', 'Museo Radio']",Palazzo della Ragione,strategy_nearest,False,0.0021729469299316406,success
04E342429C4C80,1,"['Palazzo della Ragione', 'Santa Anastasia', 'Casa Giulietta']",Arena,"['Verona Tour', 'Museo Lapidario', 'Museo Radio', 'San Fermo', 'Sighseeing']",San Zeno,strategy_nearest,False,0.0028548240661621094,success
04E343429C4C80,3,"['Castelvecchio', 'Casa Giulietta']",Tomba Giulietta,"['San Fermo', 'Museo Storia', 'Arena', 'Museo Lapidario', 'Museo Radio']",Santa Anastasia,strategy_nearest,False,0.0031061172485351562,success
04E3483A9C4C80,0,"['Arena', 'Museo Lapidario']",Castelvecchio,"['Verona Tour', 'Museo Radio', 'San Zeno', 'Sighseeing', 'Museo Miniscalchi']",Torre Lamberti,strategy_nearest,False,0.0018768310546875,success
04E347429C4C80,0,['Arena'],Torre Lamberti,"['Sighseeing', 'Centro Fotografia', 'Museo Conte', 'Casa Giulietta', 'Palazzo della Ragione']",Castelvecchio,strategy_nearest,False,0.0033888816833496094,success
04E344429C4C80,3,"['Arena', 'Museo Lapidario']",Castelvecchio,"['Verona Tour', 'Museo Radio', 'San Zeno', 'Sighseeing', 'Museo Miniscalchi']",Casa Giulietta,strategy_nearest,False,0.0029120445251464844,success
04E348429C4C80,3,"['Casa Giulietta', 'Santa Anastasia', 'Teatro Romano']",Arena,"['Verona Tour', 'Museo Lapidario', 'Museo Radio', 'San Fermo', 'Sighseeing']",Museo Lapidario,strategy_nearest,True,0.0031588077545166016,success
04E34B3A9C4C80,1,"['Arena', 'Casa Giulietta', 'Palazzo della Ragione']",Santa Anastasia,"['AMO', 'Museo Conte', 'Teatro Romano', 'Centro Fotografia', 'Duomo']",Teatro Romano,strategy_nearest,True,0.001989126205444336,success
04E3503A9C4C80,0,['Arena'],Casa Giulietta,"['Centro Fotografia', 'Sighseeing', 'Torre Lamberti', 'Museo Conte', 'Museo Radio']",Castelvecchio,strategy_nearest,False,0.002814054489135742,success
04E369429C4C80,3,['Arena'],Santa Anastasia,"['AMO', 'Museo Conte', 'Palazzo della Ragione', 'Teatro Romano', 'Centro Fotografia']",Duomo,strategy_nearest,False,0.003282308578491211,success
04E36B3A9C4C80,1,"['Arena', 'Castelvecchio', 'San Zeno']",Casa Giulietta,"['Centro Fotografia', 'Sighseeing', 'Torre Lamberti', 'Museo Conte', 'Museo Radio']",Torre Lamberti,strategy_nearest,True,0.002574920654296875,success
04E36C429C4C80,0,['Arena'],Casa Giulietta,"['Centro Fotografia', 'Sighseeing', 'Torre Lamberti', 'Museo Conte', 'Museo Radio']",Duomo,strategy_nearest,False,0.0033478736877441406,success
04E36D3A9C4C80,2,"['Casa Giulietta', 'Santa Anastasia']",Torre Lamberti,"['Sighseeing', 'Centro Fotografia', 'Museo Conte', 'Palazzo della Ragione', 'AMO']",Duomo,strategy_nearest,False,0.0026619434356689453,success
04E36D429C4C80,0,['Arena'],Casa Giulietta,"['Centro Fotografia', 'Sighseeing', 'Torre Lamberti', 'Museo Conte', 'Museo Radio']",Torre Lamberti,strategy_nearest,True,0.003261089324951172,success
04E37A429C4C80,0,['Arena'],Casa Giulietta,"['Centro Fotografia', 'Sighseeing', 'Torre Lamberti', 'Museo Conte', 'Museo Radio']",Torre Lamberti,strategy_nearest,True,0.0032012462615966797,success
04E373429C4C80,0,"['Arena', 'San Fermo']",Casa Giulietta,"['Centro Fotografia', 'Sighseeing', 'Torre Lamberti', 'Museo Conte', 'Museo Radio']",Teatro Romano,strategy_nearest,False,0.002477884292602539,success
04E3853A9C4C80,0,"['Arena', 'Museo Storia']",Casa Giulietta,"['Centro Fotografia', 'Sighseeing', 'Torre Lamberti', 'Museo Conte', 'Museo Radio']",Torre Lamberti,strategy_nearest,True,0.003206014633178711,success
04E37F429C4C80,3,['Arena'],Casa Giulietta,"['Centro Fotografia', 'Sighseeing', 'Torre Lamberti', 'Museo Conte', 'Museo Radio']",Santa Anastasia,strategy_nearest,False,0.002816915512084961,success
04E385429C4C80,1,['Arena'],Torre Lamberti,"['Sighseeing', 'Centro Fotografia', 'Museo Conte', 'Casa Giulietta', 'Palazzo della Ragione']",Palazzo della Ragione,strategy_nearest,True,0.0031790733337402344,success
04E38C429C4C80,0,['Torre Lamberti'],Casa Giulietta,"['Centro Fotografia', 'Sighseeing', 'Museo Conte', 'Museo Radio', 'Palazzo della Ragione']",Arena,strategy_nearest,False,0.002341032028198242,success
04E38E429C4C80,0,['Arena'],Castelvecchio,"['Museo Lapidario', 'Verona Tour', 'Museo Radio', 'San Zeno', 'Sighseeing']",Casa Giulietta,strategy_nearest,False,0.002267122268676758,success
04E38F429C4C80,3,"['Arena', 'Castelvecchio']",Casa Giulietta,"['Centro Fotografia', 'Sighseeing', 'Torre Lamberti', 'Museo Conte', 'Museo Radio']",Santa Anastasia,strategy_nearest,False,0.0021669864654541016,success
04E3904A9C4C80,1,"['Teatro Romano', 'Santa Anastasia']",Palazzo della Ragione,"['AMO', 'Museo Conte', 'Torre Lamberti', 'Centro Fotografia', 'Sighseeing']",Torre Lamberti,strategy_nearest,True,0.002766847610473633,success
04E3934A9C4C80,3,"['Arena', 'Castelvecchio', 'Santa Anastasia', 'Duomo']",Teatro Romano,"['AMO', 'Palazzo della Ragione', 'Museo Conte', 'Centro Fotografia', 'Museo Miniscalchi']",Torre Lamberti,strategy_nearest,False,0.0031342506408691406,success
04E3A94A9C4C80,0,['Arena'],Castelvecchio,"['Museo Lapidario', 'Verona Tour', 'Museo Radio', 'San Zeno', 'Sighseeing']",Casa Giulietta,strategy_nearest,False,0.0028569698333740234,success
04E3AE429C4C80,0,"['Arena', 'Castelvecchio']",San Fermo,"['Museo Storia', 'Museo Radio', 'Casa Giulietta', 'Centro Fotografia', 'Sighseeing']",Teatro Romano,strategy_nearest,False,0.002740144729614258,success
04E3B2429C4C80,0,['Arena'],Torre Lamberti,"['Sighseeing', 'Centro Fotografia', 'Museo Conte', 'Casa Giulietta', 'Palazzo della Ragione']",Casa Giulietta,strategy_nearest,True,0.0026776790618896484,success
04E3B7429C4C80,4,"['Casa Giulietta', 'Torre Lamberti', 'Arena', 'Tomba Giulietta']",Museo Radio,"['San Fermo', 'Sighseeing', 'Centro Fotografia', 'Verona Tour', 'Museo Conte']",Museo Storia,strategy_nearest,False,0.003225088119506836,success
04E3BD3A9C4C80,1,['Palazzo della Ragione'],Casa Giulietta,"['Centro Fotografia', 'Sighseeing', 'Torre Lamberti', 'Museo Conte', 'Museo Radio']",San Fermo,strategy_nearest,False,0.002399921417236328,success
04E3BB3A9C4C80,1,"['Arena', 'Casa Giulietta']",San Fermo,"['Museo Storia', 'Museo Radio', 'Centro Fotografia', 'Sighseeing', 'Torre Lamberti']",Palazzo della Ragione,strategy_nearest,False,0.004221916198730469,success
04E3C53A9C4C80,3,['Arena'],Santa Anastasia,"['AMO', 'Museo Conte', 'Palazzo della Ragione', 'Teatro Romano', 'Centro Fotografia']",Duomo,strategy_nearest,False,0.0026230812072753906,success
04E3CC429C4C80,1,"['Tomba Giulietta', 'San Fermo', 'Arena', 'Museo Lapidario', 'Castelvecchio']",Casa Giulietta,"['Centro Fotografia', 'Sighseeing', 'Torre Lamberti', 'Museo Conte', 'Museo Radio']",Torre Lamberti,strategy_nearest,True,0.002905130386352539,success
04E3C33A9C4C80,0,"['Arena', 'Museo Lapidario']",San Fermo,"['Museo Storia', 'Museo Radio', 'Casa Giulietta', 'Centro Fotografia', 'Sighseeing']",Casa Giulietta,strategy_nearest,True,0.003419160842895508,success
04E3C8429C4C80,2,"['Tomba Giulietta', 'San Fermo', 'Teatro Romano']",Giardino Giusti,"['Santa Anastasia', 'Museo Conte', 'Centro Fotografia', 'Museo Storia', 'AMO']",Casa Giulietta,strategy_nearest,False,0.0024061203002929688,success
04E3DF429C4C80,1,['Arena'],Torre Lamberti,"['Sighseeing', 'Centro Fotografia', 'Museo Conte', 'Casa Giulietta', 'Palazzo della Ragione']",Palazzo della Ragione,strategy_nearest,True,0.0015609264373779297,success
04E3DB3A9C4C80,0,['San Zeno'],Arena,"['Verona Tour', 'Museo Lapidario', 'Museo Radio', 'San Fermo', 'Casa Giulietta']",Casa Giulietta,strategy_nearest,True,0.002964019775390625,success
04E3E03A9C4C80,2,['Casa Giulietta'],Palazzo della Ragione,"['AMO', 'Museo Conte', 'Torre Lamberti', 'Centro Fotografia', 'Sighseeing']",Torre Lamberti,strategy_nearest,True,0.0020139217376708984,success
04E3E43A9C4C80,0,"['Teatro Romano', 'San Zeno']",Castelvecchio,"['Museo Lapidario', 'Verona Tour', 'Arena', 'Museo Radio', 'Sighseeing']",Arena,strategy_nearest,True,0.0037119388580322266,success
04E3FA3A9C4C80,3,['Arena'],Torre Lamberti,"['Sighseeing', 'Centro Fotografia', 'Museo Conte', 'Casa Giulietta', 'Palazzo della Ragione']",Santa Anastasia,strategy_nearest,False,0.0019440650939941406,success
04E41C3A9C4C80,3,"['Arena', 'Casa Giulietta']",Torre Lamberti,"['Sighseeing', 'Centro Fotografia', 'Museo Conte', 'Palazzo della Ragione', 'AMO']",Santa Anastasia,strategy_nearest,False,0.003612995147705078,success
04E41F4A9C4C80,2,['Casa Giulietta'],Torre Lamberti,"['Sighseeing', 'Centro Fotografia', 'Museo Conte', 'Palazzo della Ragione', 'AMO']",Teatro Romano,strategy_nearest,False,0.0024840831756591797,success
04E4413A9C4C80,3,"['Arena', 'San Fermo']",Casa Giulietta,"['Centro Fotografia', 'Sighseeing', 'Torre Lamberti', 'Museo Conte', 'Museo Radio']",Santa Anastasia,strategy_nearest,False,0.002476215362548828,success
04E4E93A9C4C80,3,"['Teatro Romano', 'Duomo']",Santa Anastasia,"['AMO', 'Museo Conte', 'Palazzo della Ragione', 'Centro Fotografia', 'Torre Lamberti']",Arena,strategy_nearest,False,0.0026237964630126953,success
04E4833A9C4C80,3,"['Arena', 'San Fermo']",Casa Giulietta,"['Centro Fotografia', 'Sighseeing', 'Torre Lamberti', 'Museo Conte', 'Museo Radio']",Torre Lamberti,strategy_nearest,True,0.0029387474060058594,success
04E461429C4C80,0,['Casa Giulietta'],Arena,"['Verona Tour', 'Museo Lapidario', 'Museo Radio', 'San Fermo', 'Sighseeing']",Castelvecchio,strategy_nearest,False,0.002721071243286133,success
04E4C8429C4C80,3,"['Arena', 'Santa Anastasia']",Torre Lamberti,"['Sighseeing', 'Centro Fotografia', 'Museo Conte', 'Casa Giulietta', 'Palazzo della Ragione']",Casa Giulietta,strategy_nearest,True,0.003559112548828125,success
04E5123A9C4C84,1,"['Arena', 'Casa Giulietta', 'Torre Lamberti', 'Palazzo della Ragione']",Teatro Romano,"['Santa Anastasia', 'Duomo', 'AMO', 'Museo Conte', 'Centro Fotografia']",Duomo,strategy_nearest,True,0.002608776092529297,success
04E5023A9C4C84,1,"['Arena', 'Casa Giulietta', 'Torre Lamberti']",Palazzo della Ragione,"['AMO', 'Museo Conte', 'Centro Fotografia', 'Sighseeing', 'Santa Anastasia']",Santa Anastasia,strategy_nearest,True,0.003377199172973633,success
04E5153A9C4C84,0,['Arena'],Casa Giulietta,"['Centro Fotografia', 'Sighseeing', 'Torre Lamberti', 'Museo Conte', 'Museo Radio']",Torre Lamberti,strategy_nearest,True,0.002019643783569336,success
04E517429C4C84,3,"['Arena', 'San Zeno']",Torre Lamberti,"['Sighseeing', 'Centro Fotografia', 'Museo Conte', 'Casa Giulietta', 'Palazzo della Ragione']",Duomo,strategy_nearest,False,0.003381967544555664,success
04E5193A9C4C80,2,"['Castelvecchio', 'Casa Giulietta']",Torre Lamberti,"['Sighseeing', 'Centro Fotografia', 'Museo Conte', 'Palazzo della Ragione', 'AMO']",Santa Anastasia,strategy_nearest,False,0.0020971298217773438,success
04E5203A9C4C84,3,"['Torre Lamberti', 'Casa Giulietta', 'Duomo']",Teatro Romano,"['Santa Anastasia', 'AMO', 'Palazzo della Ragione', 'Museo Conte', 'Centro Fotografia']",Tomba Giulietta,strategy_nearest,False,0.002518177032470703,success
04E51C3A9C4C80,1,"['Arena', 'Casa Giulietta', 'Palazzo della Ragione']",Torre Lamberti,"['Sighseeing', 'Centro Fotografia', 'Museo Conte', 'AMO', 'Museo Miniscalchi']",Santa Anastasia,strategy_nearest,False,0.003403186798095703,success
04E5293A9C4C80,1,"['Arena', 'Casa Giulietta']",Torre Lamberti,"['Sighseeing', 'Centro Fotografia', 'Museo Conte', 'Palazzo della Ragione', 'AMO']",Palazzo della Ragione,strategy_nearest,True,0.0031147003173828125,success
04E53F429C4C80,0,['Arena'],Casa Giulietta,"['Centro Fotografia', 'Sighseeing', 'Torre Lamberti', 'Museo Conte', 'Museo Radio']",Santa Anastasia,strategy_nearest,False,0.0026738643646240234,success
04E547429C4C80,0,['Arena'],Casa Giulietta,"['Centro Fotografia', 'Sighseeing', 'Torre Lamberti', 'Museo Conte', 'Museo Radio']",Torre Lamberti,strategy_nearest,True,0.0025911331176757812,success
04E530429C4C80,0,['Arena'],Casa Giulietta,"['Centro Fotografia', 'Sighseeing', 'Torre Lamberti', 'Museo Conte', 'Museo Radio']",Torre Lamberti,strategy_nearest,True,0.003957033157348633,success
04E5443A9C4C80,3,"['Arena', 'Torre Lamberti']",Santa Anastasia,"['AMO', 'Museo Conte', 'Palazzo della Ragione', 'Teatro Romano', 'Centro Fotografia']",Duomo,strategy_nearest,False,0.0014629364013671875,success
04E54C3A9C4C80,0,['Arena'],Casa Giulietta,"['Centro Fotografia', 'Sighseeing', 'Torre Lamberti', 'Museo Conte', 'Museo Radio']",Castelvecchio,strategy_nearest,False,0.0020842552185058594,success
04E54A429C4C80,0,['Arena'],Torre Lamberti,"['Sighseeing', 'Centro Fotografia', 'Museo Conte', 'Casa Giulietta', 'Palazzo della Ragione']",Teatro Romano,strategy_nearest,False,0.001458883285522461,success
04E54C429C4C80,0,['Arena'],Casa Giulietta,"['Centro Fotografia', 'Sighseeing', 'Torre Lamberti', 'Museo Conte', 'Museo Radio']",Castelvecchio,strategy_nearest,False,0.0033369064331054688,success
04E54B429C4C80,3,"['Arena', 'Teatro Romano']",Duomo,"['AMO', 'Museo Miniscalchi', 'Santa Anastasia', 'Palazzo della Ragione', 'Museo Conte']",Santa Anastasia,strategy_nearest,True,0.002828836441040039,success
04E571429C4C80,0,['Arena'],Torre Lamberti,"['Sighseeing', 'Centro Fotografia', 'Museo Conte', 'Casa Giulietta', 'Palazzo della Ragione']",Casa Giulietta,strategy_nearest,True,0.0033130645751953125,success
04E5743A9C4C80,1,"['Arena', 'Castelvecchio', 'Torre Lamberti']",Palazzo della Ragione,"['AMO', 'Museo Conte', 'Centro Fotografia', 'Sighseeing', 'Santa Anastasia']",Santa Anastasia,strategy_nearest,True,0.0019338130950927734,success
04E5733A9C4C80,0,"['Castelvecchio', 'Arena']",Tomba Giulietta,"['San Fermo', 'Museo Storia', 'Museo Lapidario', 'Museo Radio', 'Verona Tour']",Casa Giulietta,strategy_nearest,False,0.0014219284057617188,success
04E557429C4C80,1,"['Arena', 'Torre Lamberti']",Palazzo della Ragione,"['AMO', 'Museo Conte', 'Centro Fotografia', 'Sighseeing', 'Santa Anastasia']",Casa Giulietta,strategy_nearest,False,0.0039348602294921875,success
04E5843A9C4C80,0,['Arena'],Torre Lamberti,"['Sighseeing', 'Centro Fotografia', 'Museo Conte', 'Casa Giulietta', 'Palazzo della Ragione']",San Zeno,strategy_nearest,False,0.0015499591827392578,success
04E5893A9C4C80,0,['Arena'],Casa Giulietta,"['Centro Fotografia', 'Sighseeing', 'Torre Lamberti', 'Museo Conte', 'Museo Radio']",Torre Lamberti,strategy_nearest,True,0.002732992172241211,success
04E58A3A9C4C80,0,['Arena'],Casa Giulietta,"['Centro Fotografia', 'Sighseeing', 'Torre Lamberti', 'Museo Conte', 'Museo Radio']",Torre Lamberti,strategy_nearest,True,0.0032880306243896484,success
04E57C429C4C80,1,['Arena'],Casa Giulietta,"['Centro Fotografia', 'Sighseeing', 'Torre Lamberti', 'Museo Conte', 'Museo Radio']",Torre Lamberti,strategy_nearest,True,0.0022039413452148438,success
04E58D429C4C80,0,"['Arena', 'Casa Giulietta']",Torre Lamberti,"['Sighseeing', 'Centro Fotografia', 'Museo Conte', 'Palazzo della Ragione', 'AMO']",Teatro Romano,strategy_nearest,False,0.002134084701538086,success
04E5A64A9C4C80,3,"['Museo Lapidario', 'Arena']",Castelvecchio,"['Verona Tour', 'Museo Radio', 'San Zeno', 'Sighseeing', 'Museo Miniscalchi']",Santa Anastasia,strategy_nearest,False,0.002003908157348633,success
04E591429C4C80,0,['Arena'],Tomba Giulietta,"['San Fermo', 'Museo Storia', 'Museo Lapidario', 'Museo Radio', 'Verona Tour']",Casa Giulietta,strategy_nearest,False,0.004045963287353516,success
04E59B429C4C80,1,"['Arena', 'Museo Lapidario']",Castelvecchio,"['Verona Tour', 'Museo Radio', 'San Zeno', 'Sighseeing', 'Museo Miniscalchi']",Duomo,strategy_nearest,False,0.002641916275024414,success
04E5AD3A9C4C80,0,['Arena'],Tomba Giulietta,"['San Fermo', 'Museo Storia', 'Museo Lapidario', 'Museo Radio', 'Verona Tour']",Casa Giulietta,strategy_nearest,False,0.0028679370880126953,success
04E5B13A9C4C80,3,"['Teatro Romano', 'Duomo']",Santa Anastasia,"['AMO', 'Museo Conte', 'Palazzo della Ragione', 'Centro Fotografia', 'Torre Lamberti']",Torre Lamberti,strategy_nearest,True,0.0021140575408935547,success
04E5B0429C4C80,2,['Casa Giulietta'],Museo Lapidario,"['Verona Tour', 'Arena', 'Castelvecchio', 'Museo Radio', 'San Fermo']",Castelvecchio,strategy_nearest,True,0.0034949779510498047,success
04E5B2429C4C80,0,['Arena'],Casa Giulietta,"['Centro Fotografia', 'Sighseeing', 'Torre Lamberti', 'Museo Conte', 'Museo Radio']",San Zeno,strategy_nearest,False,0.002788066864013672,success
04E5B63A9C4C80,0,['Arena'],Casa Giulietta,"['Centro Fotografia', 'Sighseeing', 'Torre Lamberti', 'Museo Conte', 'Museo Radio']",Torre Lamberti,strategy_nearest,True,0.003954887390136719,success
04E5B7429C4C80,0,['Casa Giulietta'],Arena,"['Verona Tour', 'Museo Lapidario', 'Museo Radio', 'San Fermo', 'Sighseeing']",Giardino Giusti,strategy_nearest,False,0.002655029296875,success
04E5B73A9C4C80,0,"['Casa Giulietta', 'Tomba Giulietta']",Arena,"['Verona Tour', 'Museo Lapidario', 'Museo Radio', 'San Fermo', 'Sighseeing']",San Fermo,strategy_nearest,True,0.002763032913208008,success
04E5B83A9C4C80,3,"['Arena', 'Torre Lamberti', 'Casa Giulietta']",Santa Anastasia,"['AMO', 'Museo Conte', 'Palazzo della Ragione', 'Teatro Romano', 'Centro Fotografia']",Duomo,strategy_nearest,False,0.0031728744506835938,success
04E5C73A9C4C80,3,"['Arena', 'San Zeno']",Casa Giulietta,"['Centro Fotografia', 'Sighseeing', 'Torre Lamberti', 'Museo Conte', 'Museo Radio']",Santa Anastasia,strategy_nearest,False,0.0026879310607910156,success
04E5C1429C4C80,2,"['Teatro Romano', 'Santa Anastasia']",Casa Giulietta,"['Centro Fotografia', 'Sighseeing', 'Torre Lamberti', 'Museo Conte', 'Museo Radio']",San Fermo,strategy_nearest,False,0.002141237258911133,success
04E5CE3A9C4C80,0,['Arena'],Casa Giulietta,"['Centro Fotografia', 'Sighseeing', 'Torre Lamberti', 'Museo Conte', 'Museo Radio']",Santa Anastasia,strategy_nearest,False,0.0030527114868164062,success
04E5BD429C4C80,2,['Casa Giulietta'],Torre Lamberti,"['Sighseeing', 'Centro Fotografia', 'Museo Conte', 'Palazzo della Ragione', 'AMO']",Duomo,strategy_nearest,False,0.0014650821685791016,success
04E5D1429C4C80,3,"['Santa Anastasia', 'Torre Lamberti']",Arena,"['Verona Tour', 'Museo Lapidario', 'Museo Radio', 'San Fermo', 'Casa Giulietta']",Castelvecchio,strategy_nearest,False,0.003648996353149414,success
04E5DE429C4C80,1,"['Arena', 'Casa Giulietta']",Torre Lamberti,"['Sighseeing', 'Centro Fotografia', 'Museo Conte', 'Palazzo della Ragione', 'AMO']",Palazzo della Ragione,strategy_nearest,True,0.002825021743774414,success
04E5D33A9C4C80,3,"['Torre Lamberti', 'Duomo']",Santa Anastasia,"['AMO', 'Museo Conte', 'Palazzo della Ragione', 'Teatro Romano', 'Centro Fotografia']",Casa Giulietta,strategy_nearest,False,0.0016829967498779297,success
04E5D83A9C4C80,2,"['Casa Giulietta', 'Torre Lamberti']",Santa Anastasia,"['AMO', 'Museo Conte', 'Palazzo della Ragione', 'Teatro Romano', 'Centro Fotografia']",Teatro Romano,strategy_nearest,True,0.0023360252380371094,success
04E5E93A9C4C80,2,['Teatro Romano'],Torre Lamberti,"['Sighseeing', 'Centro Fotografia', 'Museo Conte', 'Casa Giulietta', 'Palazzo della Ragione']",Castelvecchio,strategy_nearest,False,0.0029697418212890625,success
04E5EA3A9C4C80,1,"['Arena', 'Casa Giulietta']",Torre Lamberti,"['Sighseeing', 'Centro Fotografia', 'Museo Conte', 'Palazzo della Ragione', 'AMO']",Palazzo della Ragione,strategy_nearest,True,0.0015690326690673828,success
04E5F03A9C4C80,1,"['Santa Anastasia', 'Torre Lamberti']",Palazzo della Ragione,"['AMO', 'Museo Conte', 'Centro Fotografia', 'Sighseeing', 'Museo Miniscalchi']",Casa Giulietta,strategy_nearest,False,0.002135038375854492,success
04E5F93A9C4C80,0,['Arena'],Casa Giulietta,"['Centro Fotografia', 'Sighseeing', 'Torre Lamberti', 'Museo Conte', 'Museo Radio']",Teatro Romano,strategy_nearest,False,0.0027468204498291016,success
04E5FA429C4C80,3,"['San Zeno', 'Castelvecchio']",Torre Lamberti,"['Sighseeing', 'Centro Fotografia', 'Museo Conte', 'Casa Giulietta', 'Palazzo della Ragione']",Casa Giulietta,strategy_nearest,True,0.0019130706787109375,success
04E6103A9C4C84,3,"['Arena', 'Torre Lamberti']",Santa Anastasia,"['AMO', 'Museo Conte', 'Palazzo della Ragione', 'Teatro Romano', 'Centro Fotografia']",Duomo,strategy_nearest,False,0.002507925033569336,success
04E6143A9C4C84,1,"['Arena', 'Museo Lapidario', 'Casa Giulietta']",Torre Lamberti,"['Sighseeing', 'Centro Fotografia', 'Museo Conte', 'Palazzo della Ragione', 'AMO']",Palazzo della Ragione,strategy_nearest,True,0.003648996353149414,success
04E615429C4C84,2,"['Casa Giulietta', 'Santa Anastasia']",Teatro Romano,"['Duomo', 'AMO', 'Palazzo della Ragione', 'Museo Conte', 'Centro Fotografia']",Duomo,strategy_nearest,True,0.0024111270904541016,success
04E6173A9C4C84,0,['Arena'],Torre Lamberti,"['Sighseeing', 'Centro Fotografia', 'Museo Conte', 'Casa Giulietta', 'Palazzo della Ragione']",Casa Giulietta,strategy_nearest,True,0.002110004425048828,success
04E6193A9C4C80,0,['Arena'],Casa Giulietta,"['Centro Fotografia', 'Sighseeing', 'Torre Lamberti', 'Museo Conte', 'Museo Radio']",Santa Anastasia,strategy_nearest,False,0.0022258758544921875,success
04E61B429C4C84,0,"['Castelvecchio', 'Duomo']",Casa Giulietta,"['Centro Fotografia', 'Sighseeing', 'Torre Lamberti', 'Museo Conte', 'Museo Radio']",Arena,strategy_nearest,False,0.0027620792388916016,success
04E61D3A9C4C80,1,"['Castelvecchio', 'Arena', 'San Zeno']",San Fermo,"['Museo Storia', 'Museo Radio', 'Casa Giulietta', 'Centro Fotografia', 'Sighseeing']",Santa Anastasia,strategy_nearest,False,0.0032939910888671875,success
04E61D4A9C4C80,2,"['Castelvecchio', 'Casa Giulietta', 'Torre Lamberti']",Santa Anastasia,"['AMO', 'Museo Conte', 'Palazzo della Ragione', 'Teatro Romano', 'Centro Fotografia']",Teatro Romano,strategy_nearest,True,0.002511262893676758,success
04E61E429C4C80,0,['Arena'],Casa Giulietta,"['Centro Fotografia', 'Sighseeing', 'Torre Lamberti', 'Museo Conte', 'Museo Radio']",Tomba Giulietta,strategy_nearest,False,0.002807140350341797,success
04E61F3A9C4C80,3,"['Arena', 'Torre Lamberti']",Casa Giulietta,"['Centro Fotografia', 'Sighseeing', 'Museo Conte', 'Museo Radio', 'Palazzo della Ragione']",Duomo,strategy_nearest,False,0.0032210350036621094,success
04E6274A9C4C80,1,"['Arena', 'Torre Lamberti', 'Palazzo della Ragione', 'Casa Giulietta']",San Zeno,"['Castelvecchio', 'Verona Tour', 'Museo Lapidario', 'Museo Miniscalchi', 'Sighseeing']",Santa Anastasia,strategy_nearest,False,0.002306222915649414,success
04E62A429C4C80,0,"['Arena', 'Torre Lamberti', 'Casa Giulietta']",San Fermo,"['Museo Storia', 'Museo Radio', 'Centro Fotografia', 'Sighseeing', 'Museo Conte']",Teatro Romano,strategy_nearest,False,0.002299785614013672,success
04E6354A9C4C80,2,"['Casa Giulietta', 'Torre Lamberti']",Santa Anastasia,"['AMO', 'Museo Conte', 'Palazzo della Ragione', 'Teatro Romano', 'Centro Fotografia']",Castelvecchio,strategy_nearest,False,0.0019168853759765625,success
04E6304A9C4C80,0,"['Arena', 'Casa Giulietta']",Torre Lamberti,"['Sighseeing', 'Centro Fotografia', 'Museo Conte', 'Palazzo della Ragione', 'AMO']",Giardino Giusti,strategy_nearest,False,0.002779245376586914,success
04E633429C4C80,3,"['Teatro Romano', 'Duomo']",Castelvecchio,"['Museo Lapidario', 'Verona Tour', 'Arena', 'Museo Radio', 'San Zeno']",San Zeno,strategy_nearest,True,0.003487110137939453,success
04E63B3A9C4C80,0,['Arena'],Museo Lapidario,"['Verona Tour', 'Castelvecchio', 'Museo Radio', 'San Fermo', 'Casa Giulietta']",Casa Giulietta,strategy_nearest,True,0.0020987987518310547,success
04E63D3A9C4C80,1,['Arena'],Casa Giulietta,"['Centro Fotografia', 'Sighseeing', 'Torre Lamberti', 'Museo Conte', 'Museo Radio']",Torre Lamberti,strategy_nearest,True,0.002710103988647461,success
04E644429C4C80,1,"['Palazzo della Ragione', 'Torre Lamberti']",Santa Anastasia,"['AMO', 'Museo Conte', 'Teatro Romano', 'Centro Fotografia', 'Duomo']",Castelvecchio,strategy_nearest,False,0.001928091049194336,success
04E647429C4C80,3,['Arena'],Casa Giulietta,"['Centro Fotografia', 'Sighseeing', 'Torre Lamberti', 'Museo Conte', 'Museo Radio']",Santa Anastasia,strategy_nearest,False,0.003244638442993164,success
04E649429C4C80,0,['Arena'],Casa Giulietta,"['Centro Fotografia', 'Sighseeing', 'Torre Lamberti', 'Museo Conte', 'Museo Radio']",San Fermo,strategy_nearest,False,0.0017108917236328125,success
04E6523A9C4C80,3,"['Arena', 'Museo Lapidario']",San Fermo,"['Museo Storia', 'Museo Radio', 'Casa Giulietta', 'Centro Fotografia', 'Sighseeing']",Torre Lamberti,strategy_nearest,False,0.002670764923095703,success
04E653429C4C80,3,"['Castelvecchio', 'Arena', 'San Fermo']",Casa Giulietta,"['Centro Fotografia', 'Sighseeing', 'Torre Lamberti', 'Museo Conte', 'Museo Radio']",Torre Lamberti,strategy_nearest,True,0.0024750232696533203,success
04E65A3A9C4C80,2,['San Zeno'],Castelvecchio,"['Museo Lapidario', 'Verona Tour', 'Arena', 'Museo Radio', 'Sighseeing']",Santa Anastasia,strategy_nearest,False,0.003268003463745117,success
04E6723A9C4C80,1,"['Arena', 'Torre Lamberti', 'Palazzo della Ragione']",Casa Giulietta,"['Centro Fotografia', 'Sighseeing', 'Museo Conte', 'Museo Radio', 'San Fermo']",Castelvecchio,strategy_nearest,False,0.0021178722381591797,success
04E6763A9C4C80,3,"['Arena', 'Casa Giulietta']",Torre Lamberti,"['Sighseeing', 'Centro Fotografia', 'Museo Conte', 'Palazzo della Ragione', 'AMO']",Duomo,strategy_nearest,False,0.003161191940307617,success
04E664429C4C80,3,"['Arena', 'Tomba Giulietta']",Casa Giulietta,"['Centro Fotografia', 'Sighseeing', 'Torre Lamberti', 'Museo Conte', 'Museo Radio']",Teatro Romano,strategy_nearest,False,0.0040209293365478516,success
04E6883A9C4C80,0,['Arena'],Casa Giulietta,"['Centro Fotografia', 'Sighseeing', 'Torre Lamberti', 'Museo Conte', 'Museo Radio']",Torre Lamberti,strategy_nearest,True,0.0024220943450927734,success
04E6873A9C4C80,2,"['Casa Giulietta', 'Castelvecchio']",San Zeno,"['Verona Tour', 'Museo Lapidario', 'Arena', 'Museo Miniscalchi', 'Sighseeing']",Santa Anastasia,strategy_nearest,False,0.003050088882446289,success
04E688429C4C80,2,"['Castelvecchio', 'Torre Lamberti']",Santa Anastasia,"['AMO', 'Museo Conte', 'Palazzo della Ragione', 'Teatro Romano', 'Centro Fotografia']",Teatro Romano,strategy_nearest,True,0.002808094024658203,success
04E68A3A9C4C80,0,['Arena'],Torre Lamberti,"['Sighseeing', 'Centro Fotografia', 'Museo Conte', 'Casa Giulietta', 'Palazzo della Ragione']",Casa Giulietta,strategy_nearest,True,0.003298044204711914,success
04E697429C4C80,2,['Casa Giulietta'],Torre Lamberti,"['Sighseeing', 'Centro Fotografia', 'Museo Conte', 'Palazzo della Ragione', 'AMO']",Santa Anastasia,strategy_nearest,False,0.003057718276977539,success
04E6974A9C4C80,3,"['Arena', 'Casa Giulietta']",Torre Lamberti,"['Sighseeing', 'Centro Fotografia', 'Museo Conte', 'Palazzo della Ragione', 'AMO']",Santa Anastasia,strategy_nearest,False,0.0038831233978271484,success
04E6A8429C4C80,0,['Teatro Romano'],Giardino Giusti,"['Santa Anastasia', 'Museo Conte', 'Centro Fotografia', 'Museo Storia', 'AMO']",Arena,strategy_nearest,False,0.002696990966796875,success
04E6BD3A9C4C80,0,['Arena'],Torre Lamberti,"['Sighseeing', 'Centro Fotografia', 'Museo Conte', 'Casa Giulietta', 'Palazzo della Ragione']",Casa Giulietta,strategy_nearest,True,0.0026543140411376953,success
04E6AD3A9C4C80,0,"['Castelvecchio', 'Arena']",Torre Lamberti,"['Sighseeing', 'Centro Fotografia', 'Museo Conte', 'Casa Giulietta', 'Palazzo della Ragione']",Casa Giulietta,strategy_nearest,True,0.006468057632446289,success
04E6AD429C4C80,0,['Arena'],Torre Lamberti,"['Sighseeing', 'Centro Fotografia', 'Museo Conte', 'Casa Giulietta', 'Palazzo della Ragione']",Teatro Romano,strategy_nearest,False,0.003490924835205078,success
04E6E5429C4C80,1,['Teatro Romano'],Duomo,"['AMO', 'Museo Miniscalchi', 'Santa Anastasia', 'Palazzo della Ragione', 'Museo Conte']",Palazzo della Ragione,strategy_nearest,True,0.004519939422607422,success
04E6E93A9C4C80,2,"['Torre Lamberti', 'Palazzo della Ragione']",Santa Anastasia,"['AMO', 'Museo Conte', 'Teatro Romano', 'Centro Fotografia', 'Duomo']",Duomo,strategy_nearest,True,0.0023419857025146484,success
04E6EC3A9C4C80,0,['Arena'],Castelvecchio,"['Museo Lapidario', 'Verona Tour', 'Museo Radio', 'San Zeno', 'Sighseeing']",San Zeno,strategy_nearest,True,0.0037529468536376953,success
04E6F43A9C4C80,1,"['Arena', 'Torre Lamberti']",Palazzo della Ragione,"['AMO', 'Museo Conte', 'Centro Fotografia', 'Sighseeing', 'Santa Anastasia']",Casa Giulietta,strategy_nearest,False,0.0036051273345947266,success
04E7013A9C4C84,3,"['Duomo', 'Torre Lamberti', 'Casa Giulietta']",Giardino Giusti,"['Santa Anastasia', 'Teatro Romano', 'Museo Conte', 'Centro Fotografia', 'Museo Storia']",Arena,strategy_nearest,False,0.002928018569946289,success
04E6FA3A9C4C80,3,['Arena'],Torre Lamberti,"['Sighseeing', 'Centro Fotografia', 'Museo Conte', 'Casa Giulietta', 'Palazzo della Ragione']",Santa Anastasia,strategy_nearest,False,0.0029561519622802734,success
04E70D3A9C4C84,3,"['San Zeno', 'Castelvecchio']",Duomo,"['AMO', 'Museo Miniscalchi', 'Santa Anastasia', 'Teatro Romano', 'Palazzo della Ragione']",Santa Anastasia,strategy_nearest,True,0.002881765365600586,success
04E71F3A9C4C80,2,['Castelvecchio'],Santa Anastasia,"['AMO', 'Museo Conte', 'Palazzo della Ragione', 'Teatro Romano', 'Centro Fotografia']",Duomo,strategy_nearest,False,0.0029599666595458984,success
04E7173A9C4C84,3,"['Arena', 'Duomo']",Santa Anastasia,"['AMO', 'Museo Conte', 'Palazzo della Ragione', 'Teatro Romano', 'Centro Fotografia']",Casa Giulietta,strategy_nearest,False,0.002443075180053711,success
04E714429C4C84,0,"['Castelvecchio', 'Arena']",Casa Giulietta,"['Centro Fotografia', 'Sighseeing', 'Torre Lamberti', 'Museo Conte', 'Museo Radio']",Torre Lamberti,strategy_nearest,True,0.00401616096496582,success
04E72C3A9C4C80,1,"['Arena', 'Museo Lapidario', 'Castelvecchio', 'Torre Lamberti']",Palazzo della Ragione,"['AMO', 'Museo Conte', 'Centro Fotografia', 'Sighseeing', 'Santa Anastasia']",Casa Giulietta,strategy_nearest,False,0.003329038619995117,success
04E72D429C4C80,3,"['Arena', 'Torre Lamberti']",Santa Anastasia,"['AMO', 'Museo Conte', 'Palazzo della Ragione', 'Teatro Romano', 'Centro Fotografia']",Duomo,strategy_nearest,False,0.0023741722106933594,success
04E7323A9C4C80,2,"['Castelvecchio', 'San Zeno']",Torre Lamberti,"['Sighseeing', 'Centro Fotografia', 'Museo Conte', 'Casa Giulietta', 'Palazzo della Ragione']",Duomo,strategy_nearest,False,0.0021741390228271484,success
04E73C429C4C80,0,['Torre Lamberti'],Duomo,"['AMO', 'Museo Miniscalchi', 'Santa Anastasia', 'Teatro Romano', 'Palazzo della Ragione']",Castelvecchio,strategy_nearest,False,0.0031113624572753906,success
04E731429C4C80,3,"['San Fermo', 'Arena']",Castelvecchio,"['Museo Lapidario', 'Verona Tour', 'Museo Radio', 'San Zeno', 'Sighseeing']",Teatro Romano,strategy_nearest,False,0.002869844436645508,success
04E74C429C4C80,0,"['Arena', 'Museo Lapidario']",Castelvecchio,"['Verona Tour', 'Museo Radio', 'San Zeno', 'Sighseeing', 'Museo Miniscalchi']",Casa Giulietta,strategy_nearest,False,0.002093791961669922,success
04E756429C4C80,2,"['Casa Giulietta', 'Torre Lamberti']",Palazzo della Ragione,"['AMO', 'Museo Conte', 'Centro Fotografia', 'Sighseeing', 'Santa Anastasia']",Santa Anastasia,strategy_nearest,True,0.0020411014556884766,success
04E75E429C4C80,1,"['Arena', 'Torre Lamberti']",Palazzo della Ragione,"['AMO', 'Museo Conte', 'Centro Fotografia', 'Sighseeing', 'Santa Anastasia']",Santa Anastasia,strategy_nearest,True,0.002724170684814453,success
04E76C429C4C80,0,['Arena'],Casa Giulietta,"['Centro Fotografia', 'Sighseeing', 'Torre Lamberti', 'Museo Conte', 'Museo Radio']",Palazzo della Ragione,strategy_nearest,False,0.0034241676330566406,success
04E7753A9C4C80,3,"['Teatro Romano', 'Duomo']",Santa Anastasia,"['AMO', 'Museo Conte', 'Palazzo della Ragione', 'Centro Fotografia', 'Torre Lamberti']",Arena,strategy_nearest,False,0.002602100372314453,success
04E7723A9C4C80,1,"['Arena', 'Santa Anastasia']",Torre Lamberti,"['Sighseeing', 'Centro Fotografia', 'Museo Conte', 'Casa Giulietta', 'Palazzo della Ragione']",Palazzo della Ragione,strategy_nearest,True,0.0027670860290527344,success
04E77D4A9C4C80,3,['Arena'],Casa Giulietta,"['Centro Fotografia', 'Sighseeing', 'Torre Lamberti', 'Museo Conte', 'Museo Radio']",Santa Anastasia,strategy_nearest,False,0.0029840469360351562,success
04E77A3A9C4C80,3,"['Santa Anastasia', 'Arena']",Casa Giulietta,"['Centro Fotografia', 'Sighseeing', 'Torre Lamberti', 'Museo Conte', 'Museo Radio']",Torre Lamberti,strategy_nearest,True,0.003376007080078125,success
04E785429C4C80,0,['Arena'],Casa Giulietta,"['Centro Fotografia', 'Sighseeing', 'Torre Lamberti', 'Museo Conte', 'Museo Radio']",Duomo,strategy_nearest,False,0.0031201839447021484,success
04E77E4A9C4C80,0,['Arena'],San Fermo,"['Museo Storia', 'Museo Radio', 'Casa Giulietta', 'Centro Fotografia', 'Sighseeing']",Museo Storia,strategy_nearest,True,0.002507925033569336,success
04E7883A9C4C80,3,"['Arena', 'San Fermo', 'Casa Giulietta']",Torre Lamberti,"['Sighseeing', 'Centro Fotografia', 'Museo Conte', 'Palazzo della Ragione', 'AMO']",Santa Anastasia,strategy_nearest,False,0.0025641918182373047,success
04E7894A9C4C80,0,['Arena'],Casa Giulietta,"['Centro Fotografia', 'Sighseeing', 'Torre Lamberti', 'Museo Conte', 'Museo Radio']",San Zeno,strategy_nearest,False,0.002817869186401367,success
04E7A3429C4C80,0,['Duomo'],Torre Lamberti,"['Sighseeing', 'Centro Fotografia', 'Museo Conte', 'Casa Giulietta', 'Palazzo della Ragione']",Arena,strategy_nearest,False,0.0027441978454589844,success
04E7A672743380,3,['Arena'],Santa Anastasia,"['AMO', 'Museo Conte', 'Palazzo della Ragione', 'Teatro Romano', 'Centro Fotografia']",Duomo,strategy_nearest,False,0.002370119094848633,success
04E7A2429C4C80,2,"['San Fermo', 'Palazzo della Ragione']",Santa Anastasia,"['AMO', 'Museo Conte', 'Teatro Romano', 'Centro Fotografia', 'Duomo']",Duomo,strategy_nearest,True,0.003425121307373047,success
04E7AB429C4C80,3,"['Arena', 'San Fermo']",Torre Lamberti,"['Sighseeing', 'Centro Fotografia', 'Museo Conte', 'Casa Giulietta', 'Palazzo della Ragione']",Casa Giulietta,strategy_nearest,True,0.003101825714111328,success
04E7AE429C4C80,1,"['Arena', 'Torre Lamberti', 'Palazzo della Ragione']",Casa Giulietta,"['Centro Fotografia', 'Sighseeing', 'Museo Conte', 'Museo Radio', 'San Fermo']",Santa Anastasia,strategy_nearest,False,0.0024271011352539062,success
04E7C1429C4C80,3,"['Teatro Romano', 'Duomo', 'Santa Anastasia']",San Zeno,"['Castelvecchio', 'Verona Tour', 'Museo Lapidario', 'Arena', 'Museo Miniscalchi']",Castelvecchio,strategy_nearest,True,0.0026760101318359375,success
04E7CA3A9C4C80,0,['Castelvecchio'],Arena,"['Verona Tour', 'Museo Lapidario', 'Museo Radio', 'San Fermo', 'Casa Giulietta']",Tomba Giulietta,strategy_nearest,False,0.0030422210693359375,success
04E7BB3A9C4C80,1,"['Arena', 'Casa Giulietta']",Torre Lamberti,"['Sighseeing', 'Centro Fotografia', 'Museo Conte', 'Palazzo della Ragione', 'AMO']",Palazzo della Ragione,strategy_nearest,True,0.00273895263671875,success
04E7B7429C4C80,1,['Arena'],Castelvecchio,"['Museo Lapidario', 'Verona Tour', 'Museo Radio', 'San Zeno', 'Sighseeing']",Palazzo della Ragione,strategy_nearest,False,0.002671957015991211,success
04E7D8429C4C80,2,"['Castelvecchio', 'Teatro Romano', 'Casa Giulietta']",Palazzo della Ragione,"['AMO', 'Museo Conte', 'Torre Lamberti', 'Centro Fotografia', 'Sighseeing']",Torre Lamberti,strategy_nearest,True,0.002579212188720703,success
04E7D7429C4C80,1,"['Arena', 'Torre Lamberti', 'Palazzo della Ragione', 'Santa Anastasia']",Casa Giulietta,"['Centro Fotografia', 'Sighseeing', 'Museo Conte', 'Museo Radio', 'San Fermo']",Castelvecchio,strategy_nearest,False,0.0020532608032226562,success
04E7CC3A9C4C80,3,"['Arena', 'Casa Giulietta']",Teatro Romano,"['Santa Anastasia', 'Duomo', 'AMO', 'Palazzo della Ragione', 'Museo Conte']",Duomo,strategy_nearest,True,0.004125833511352539,success
04E7D0429C4C80,2,"['Castelvecchio', 'Teatro Romano']",San Zeno,"['Verona Tour', 'Museo Lapidario', 'Arena', 'Museo Miniscalchi', 'Sighseeing']",Palazzo della Ragione,strategy_nearest,False,0.0014500617980957031,success
04E7DC3A9C4C80,0,['Arena'],Casa Giulietta,"['Centro Fotografia', 'Sighseeing', 'Torre Lamberti', 'Museo Conte', 'Museo Radio']",Torre Lamberti,strategy_nearest,True,0.0018091201782226562,success
04E7E63A9C4C80,3,"['Arena', 'Torre Lamberti', 'Duomo']",Teatro Romano,"['Santa Anastasia', 'AMO', 'Palazzo della Ragione', 'Museo Conte', 'Centro Fotografia']",Casa Giulietta,strategy_nearest,False,0.0026521682739257812,success
04E7DB3A9C4C80,2,['Castelvecchio'],San Zeno,"['Verona Tour', 'Museo Lapidario', 'Arena', 'Museo Miniscalchi', 'Sighseeing']",Torre Lamberti,strategy_nearest,False,0.0025691986083984375,success
04E7E93A9C4C80,2,"['Torre Lamberti', 'Palazzo della Ragione']",Santa Anastasia,"['AMO', 'Museo Conte', 'Teatro Romano', 'Centro Fotografia', 'Duomo']",Duomo,strategy_nearest,True,0.0033419132232666016,success
04E7F8429C4C80,1,"['Arena', 'Palazzo della Ragione']",Santa Anastasia,"['AMO', 'Museo Conte', 'Teatro Romano', 'Centro Fotografia', 'Duomo']",Duomo,strategy_nearest,True,0.0017778873443603516,success
04E8023A9C4C84,3,"['Arena', 'Torre Lamberti', 'Casa Giulietta']",Santa Anastasia,"['AMO', 'Museo Conte', 'Palazzo della Ragione', 'Teatro Romano', 'Centro Fotografia']",Duomo,strategy_nearest,False,0.0032618045806884766,success
04E7EA429C4C80,2,"['Torre Lamberti', 'Santa Anastasia', 'Duomo']",Tomba Giulietta,"['San Fermo', 'Museo Storia', 'Arena', 'Museo Lapidario', 'Museo Radio']",Casa Giulietta,strategy_nearest,False,0.003410816192626953,success
04E7FB3A9C4C80,0,['Arena'],Casa Giulietta,"['Centro Fotografia', 'Sighseeing', 'Torre Lamberti', 'Museo Conte', 'Museo Radio']",San Zeno,strategy_nearest,False,0.002683877944946289,success
04E811429C4C84,1,"['Museo Lapidario', 'Arena', 'Torre Lamberti', 'Palazzo della Ragione']",San Fermo,"['Museo Storia', 'Museo Radio', 'Casa Giulietta', 'Centro Fotografia', 'Sighseeing']",Santa Anastasia,strategy_nearest,False,0.0014379024505615234,success
04E802429C4C84,1,"['Museo Lapidario', 'Arena', 'Torre Lamberti', 'Palazzo della Ragione']",San Fermo,"['Museo Storia', 'Museo Radio', 'Casa Giulietta', 'Centro Fotografia', 'Sighseeing']",Santa Anastasia,strategy_nearest,False,0.003362894058227539,success
04E80A429C4C84,3,"['Teatro Romano', 'Giardino Giusti', 'Castelvecchio']",Arena,"['Verona Tour', 'Museo Lapidario', 'Museo Radio', 'San Fermo', 'Casa Giulietta']",Casa Giulietta,strategy_nearest,True,0.0026922225952148438,success
04E8183A9C4C80,1,"['Museo Lapidario', 'Arena']",Palazzo della Ragione,"['AMO', 'Museo Conte', 'Torre Lamberti', 'Centro Fotografia', 'Sighseeing']",Santa Anastasia,strategy_nearest,False,0.0032460689544677734,success
04E81D429C4C80,3,['Arena'],Torre Lamberti,"['Sighseeing', 'Centro Fotografia', 'Museo Conte', 'Casa Giulietta', 'Palazzo della Ragione']",Santa Anastasia,strategy_nearest,False,0.003432035446166992,success
04E8204A9C4C80,0,['Casa Giulietta'],Arena,"['Verona Tour', 'Museo Lapidario', 'Museo Radio', 'San Fermo', 'Sighseeing']",Castelvecchio,strategy_nearest,False,0.003293752670288086,success
04E8274A9C4C80,3,"['Duomo', 'Santa Anastasia', 'Torre Lamberti', 'Casa Giulietta']",San Fermo,"['Museo Storia', 'Museo Radio', 'Centro Fotografia', 'Arena', 'Sighseeing']",Tomba Giulietta,strategy_nearest,False,0.0026748180389404297,success
04E81E3A9C4C84,3,"['Teatro Romano', 'Castelvecchio']",Duomo,"['AMO', 'Museo Miniscalchi', 'Santa Anastasia', 'Palazzo della Ragione', 'Museo Conte']",Santa Anastasia,strategy_nearest,True,0.0022258758544921875,success
04E837429C4C80,0,['Castelvecchio'],Arena,"['Verona Tour', 'Museo Lapidario', 'Museo Radio', 'San Fermo', 'Casa Giulietta']",Casa Giulietta,strategy_nearest,True,0.0019259452819824219,success
04E8343A9C4C80,3,"['Arena', 'Casa Giulietta']",Torre Lamberti,"['Sighseeing', 'Centro Fotografia', 'Museo Conte', 'Palazzo della Ragione', 'AMO']",Teatro Romano,strategy_nearest,False,0.00144195556640625,success
04E830429C4C80,3,"['Arena', 'Museo Lapidario']",Casa Giulietta,"['Centro Fotografia', 'Sighseeing', 'Torre Lamberti', 'Museo Conte', 'Museo Radio']",Torre Lamberti,strategy_nearest,True,0.002699136734008789,success
04E83F3A9C4C80,3,['Arena'],Casa Giulietta,"['Centro Fotografia', 'Sighseeing', 'Torre Lamberti', 'Museo Conte', 'Museo Radio']",Torre Lamberti,strategy_nearest,True,0.002949953079223633,success
04E845429C4C80,1,['Arena'],Casa Giulietta,"['Centro Fotografia', 'Sighseeing', 'Torre Lamberti', 'Museo Conte', 'Museo Radio']",Palazzo della Ragione,strategy_nearest,False,0.0022361278533935547,success
04E851429C4C80,0,['Arena'],Casa Giulietta,"['Centro Fotografia', 'Sighseeing', 'Torre Lamberti', 'Museo Conte', 'Museo Radio']",Torre Lamberti,strategy_nearest,True,0.003499746322631836,success
04E83B4A9C4C80,3,"['Arena', 'Casa Giulietta']",Santa Anastasia,"['AMO', 'Museo Conte', 'Palazzo della Ragione', 'Teatro Romano', 'Centro Fotografia']",Duomo,strategy_nearest,False,0.0025980472564697266,success
04E85F429C4C80,3,"['Arena', 'Casa Giulietta', 'Torre Lamberti']",Duomo,"['AMO', 'Museo Miniscalchi', 'Santa Anastasia', 'Teatro Romano', 'Palazzo della Ragione']",Teatro Romano,strategy_nearest,True,0.0032079219818115234,success
04E869429C4C80,0,['Arena'],Casa Giulietta,"['Centro Fotografia', 'Sighseeing', 'Torre Lamberti', 'Museo Conte', 'Museo Radio']",Torre Lamberti,strategy_nearest,True,0.00397491455078125,success
04E8773A9C4C80,1,"['Castelvecchio', 'Arena', 'San Zeno']",San Fermo,"['Museo Storia', 'Museo Radio', 'Casa Giulietta', 'Centro Fotografia', 'Sighseeing']",Santa Anastasia,strategy_nearest,False,0.003995180130004883,success
04E878429C4C80,1,"['Arena', 'Castelvecchio', 'Palazzo della Ragione']",Torre Lamberti,"['Sighseeing', 'Centro Fotografia', 'Museo Conte', 'Casa Giulietta', 'AMO']",Casa Giulietta,strategy_nearest,True,0.0014300346374511719,success
04E8843A9C4C80,2,['Castelvecchio'],Torre Lamberti,"['Sighseeing', 'Centro Fotografia', 'Museo Conte', 'Casa Giulietta', 'Palazzo della Ragione']",Casa Giulietta,strategy_nearest,True,0.0016512870788574219,success
04E8884A9C4C80,0,['Arena'],San Fermo,"['Museo Storia', 'Museo Radio', 'Casa Giulietta', 'Centro Fotografia', 'Sighseeing']",Castelvecchio,strategy_nearest,False,0.0021708011627197266,success
04E88C3A9C4C80,0,['Arena'],Casa Giulietta,"['Centro Fotografia', 'Sighseeing', 'Torre Lamberti', 'Museo Conte', 'Museo Radio']",Torre Lamberti,strategy_nearest,True,0.002755880355834961,success
04E8873A9C4C80,3,"['Arena', 'Castelvecchio']",Casa Giulietta,"['Centro Fotografia', 'Sighseeing', 'Torre Lamberti', 'Museo Conte', 'Museo Radio']",Teatro Romano,strategy_nearest,False,0.0034859180450439453,success
04E88C4A9C4C80,0,['Arena'],Casa Giulietta,"['Centro Fotografia', 'Sighseeing', 'Torre Lamberti', 'Museo Conte', 'Museo Radio']",Castelvecchio,strategy_nearest,False,0.0030498504638671875,success
04E88F3A9C4C80,1,"['Arena', 'Palazzo della Ragione']",Teatro Romano,"['Santa Anastasia', 'Duomo', 'AMO', 'Museo Conte', 'Centro Fotografia']",Duomo,strategy_nearest,True,0.002095937728881836,success
04E88E4A9C4C80,3,['Arena'],Torre Lamberti,"['Sighseeing', 'Centro Fotografia', 'Museo Conte', 'Casa Giulietta', 'Palazzo della Ragione']",Duomo,strategy_nearest,False,0.0028510093688964844,success
04E892429C4C80,3,['Arena'],Casa Giulietta,"['Centro Fotografia', 'Sighseeing', 'Torre Lamberti', 'Museo Conte', 'Museo Radio']",Santa Anastasia,strategy_nearest,False,0.0028090476989746094,success
04E8A44A9C4C80,0,['Arena'],Torre Lamberti,"['Sighseeing', 'Centro Fotografia', 'Museo Conte', 'Casa Giulietta', 'Palazzo della Ragione']",Duomo,strategy_nearest,False,0.003072023391723633,success
04E8AC429C4C80,3,['Arena'],Casa Giulietta,"['Centro Fotografia', 'Sighseeing', 'Torre Lamberti', 'Museo Conte', 'Museo Radio']",Santa Anastasia,strategy_nearest,False,0.0021009445190429688,success
04E8A64A9C4C80,3,"['Castelvecchio', 'Torre Lamberti', 'Santa Anastasia']",Duomo,"['AMO', 'Museo Miniscalchi', 'Teatro Romano', 'Palazzo della Ragione', 'Museo Conte']",Teatro Romano,strategy_nearest,True,0.0015881061553955078,success
04E8AA4A9C4C80,2,"['Santa Anastasia', 'Duomo']",Teatro Romano,"['AMO', 'Palazzo della Ragione', 'Museo Conte', 'Centro Fotografia', 'Museo Miniscalchi']",Giardino Giusti,strategy_nearest,False,0.002763986587524414,success
04E8A54A9C4C80,3,"['Castelvecchio', 'Arena']",Casa Giulietta,"['Centro Fotografia', 'Sighseeing', 'Torre Lamberti', 'Museo Conte', 'Museo Radio']",Torre Lamberti,strategy_nearest,True,0.004687070846557617,success
04E8B33A9C4C80,0,['Arena'],Casa Giulietta,"['Centro Fotografia', 'Sighseeing', 'Torre Lamberti', 'Museo Conte', 'Museo Radio']",Castelvecchio,strategy_nearest,False,0.0018889904022216797,success
04E8AD429C4C80,1,"['Arena', 'Casa Giulietta']",Torre Lamberti,"['Sighseeing', 'Centro Fotografia', 'Museo Conte', 'Palazzo della Ragione', 'AMO']",Palazzo della Ragione,strategy_nearest,True,0.0025501251220703125,success
04E8B8429C4C80,1,['Arena'],Torre Lamberti,"['Sighseeing', 'Centro Fotografia', 'Museo Conte', 'Casa Giulietta', 'Palazzo della Ragione']",Palazzo della Ragione,strategy_nearest,True,0.00322723388671875,success
04E8B2429C4C80,0,['Arena'],Casa Giulietta,"['Centro Fotografia', 'Sighseeing', 'Torre Lamberti', 'Museo Conte', 'Museo Radio']",Santa Anastasia,strategy_nearest,False,0.002964019775390625,success
04E8BD3A9C4C80,2,"['Castelvecchio', 'Casa Giulietta']",Torre Lamberti,"['Sighseeing', 'Centro Fotografia', 'Museo Conte', 'Palazzo della Ragione', 'AMO']",Santa Anastasia,strategy_nearest,False,0.0029060840606689453,success
04E8C03A9C4C80,3,"['Arena', 'Casa Giulietta']",Casa Giulietta,"['Centro Fotografia', 'Sighseeing', 'Torre Lamberti', 'Museo Conte', 'Museo Radio']",Torre Lamberti,strategy_nearest,True,0.00339508056640625,success
04E8C2429C4C80,0,['Arena'],Teatro Romano,"['Santa Anastasia', 'Duomo', 'AMO', 'Palazzo della Ragione', 'Museo Conte']",Castelvecchio,strategy_nearest,False,0.0028760433197021484,success
04E8C93A9C4C80,1,"['Arena', 'Casa Giulietta']",Palazzo della Ragione,"['AMO', 'Museo Conte', 'Torre Lamberti', 'Centro Fotografia', 'Sighseeing']",Teatro Romano,strategy_nearest,False,0.002373933792114258,success
04E8C73A9C4C80,0,['Santa Anastasia'],Casa Giulietta,"['Centro Fotografia', 'Sighseeing', 'Torre Lamberti', 'Museo Conte', 'Museo Radio']",Arena,strategy_nearest,False,0.0034101009368896484,success
04E8CF429C4C80,1,"['Tomba Giulietta', 'San Fermo', 'Torre Lamberti']",Arena,"['Verona Tour', 'Museo Lapidario', 'Museo Radio', 'Casa Giulietta', 'Sighseeing']",Casa Giulietta,strategy_nearest,True,0.0033278465270996094,success
04E8D53A9C4C80,0,['Arena'],Casa Giulietta,"['Centro Fotografia', 'Sighseeing', 'Torre Lamberti', 'Museo Conte', 'Museo Radio']",Tomba Giulietta,strategy_nearest,False,0.0036230087280273438,success
04E8DA3A9C4C80,2,['Casa Giulietta'],Palazzo della Ragione,"['AMO', 'Museo Conte', 'Torre Lamberti', 'Centro Fotografia', 'Sighseeing']",Castelvecchio,strategy_nearest,False,0.0032241344451904297,success
04E8DC3A9C4C80,2,['Casa Giulietta'],Santa Anastasia,"['AMO', 'Museo Conte', 'Palazzo della Ragione', 'Teatro Romano', 'Centro Fotografia']",Duomo,strategy_nearest,False,0.002804994583129883,success
04E8F0429C4C80,3,"['Teatro Romano', 'San Fermo']",Arena,"['Verona Tour', 'Museo Lapidario', 'Museo Radio', 'Casa Giulietta', 'Sighseeing']",Castelvecchio,strategy_nearest,False,0.003548860549926758,success
04E8F23A9C4C80,1,"['Arena', 'Casa Giulietta']",Palazzo della Ragione,"['AMO', 'Museo Conte', 'Torre Lamberti', 'Centro Fotografia', 'Sighseeing']",Torre Lamberti,strategy_nearest,True,0.0023970603942871094,success
04E9023A9C4C84,1,"['Arena', 'Casa Giulietta']",Palazzo della Ragione,"['AMO', 'Museo Conte', 'Torre Lamberti', 'Centro Fotografia', 'Sighseeing']",Torre Lamberti,strategy_nearest,True,0.002763986587524414,success
04E8F53A9C4C80,0,"['Arena', 'Castelvecchio']",Teatro Romano,"['Santa Anastasia', 'Duomo', 'AMO', 'Palazzo della Ragione', 'Museo Conte']",Torre Lamberti,strategy_nearest,False,0.0030257701873779297,success
04E90A3A9C4C84,0,['Arena'],Castelvecchio,"['Museo Lapidario', 'Verona Tour', 'Museo Radio', 'San Zeno', 'Sighseeing']",Casa Giulietta,strategy_nearest,False,0.002335071563720703,success
04E90C429C4C84,0,['Arena'],Museo Lapidario,"['Verona Tour', 'Castelvecchio', 'Museo Radio', 'San Fermo', 'Casa Giulietta']",Casa Giulietta,strategy_nearest,True,0.0021839141845703125,success
04E913429C4C84,3,['Arena'],Casa Giulietta,"['Centro Fotografia', 'Sighseeing', 'Torre Lamberti', 'Museo Conte', 'Museo Radio']",Santa Anastasia,strategy_nearest,False,0.0028150081634521484,success
04E919429C4C80,3,"['Arena', 'Casa Giulietta']",Torre Lamberti,"['Sighseeing', 'Centro Fotografia', 'Museo Conte', 'Palazzo della Ragione', 'AMO']",Santa Anastasia,strategy_nearest,False,0.0034639835357666016,success
04E928429C4C80,0,['Castelvecchio'],Arena,"['Verona Tour', 'Museo Lapidario', 'Museo Radio', 'San Fermo', 'Casa Giulietta']",Casa Giulietta,strategy_nearest,True,0.0027968883514404297,success
04E9253A9C4C80,0,['Casa Giulietta'],Arena,"['Verona Tour', 'Museo Lapidario', 'Museo Radio', 'San Fermo', 'Sighseeing']",Tomba Giulietta,strategy_nearest,False,0.003003835678100586,success
04E92C4A9C4C80,3,"['Castelvecchio', 'Arena']",Casa Giulietta,"['Centro Fotografia', 'Sighseeing', 'Torre Lamberti', 'Museo Conte', 'Museo Radio']",Santa Anastasia,strategy_nearest,False,0.003371000289916992,success
04E932429C4C80,1,"['Casa Giulietta', 'Torre Lamberti']",Castelvecchio,"['Museo Lapidario', 'Verona Tour', 'Arena', 'Museo Radio', 'San Zeno']",Arena,strategy_nearest,True,0.002789020538330078,success
04E9483A9C4C80,0,['Arena'],Castelvecchio,"['Museo Lapidario', 'Verona Tour', 'Museo Radio', 'San Zeno', 'Sighseeing']",Tomba Giulietta,strategy_nearest,False,0.0013251304626464844,success
04E92E4A9C4C80,3,"['Arena', 'San Fermo', 'Casa Giulietta', 'Torre Lamberti']",Santa Anastasia,"['AMO', 'Museo Conte', 'Palazzo della Ragione', 'Teatro Romano', 'Centro Fotografia']",Duomo,strategy_nearest,False,0.005857229232788086,success
04E9374A9C4C80,1,"['Casa Giulietta', 'San Fermo', 'Arena', 'Tomba Giulietta']",Castelvecchio,"['Museo Lapidario', 'Verona Tour', 'Museo Radio', 'San Zeno', 'Sighseeing']",Santa Anastasia,strategy_nearest,False,0.006412982940673828,success
04E93F3A9C4C80,3,"['Duomo', 'Santa Anastasia', 'Torre Lamberti']",San Fermo,"['Museo Storia', 'Museo Radio', 'Casa Giulietta', 'Centro Fotografia', 'Arena']",Arena,strategy_nearest,True,0.004637956619262695,success
04E9523A9C4C80,1,"['Santa Anastasia', 'Duomo', 'Palazzo della Ragione']",Arena,"['Verona Tour', 'Museo Lapidario', 'Museo Radio', 'San Fermo', 'Casa Giulietta']",Torre Lamberti,strategy_nearest,False,0.0030982494354248047,success
04E955429C4C80,2,"['Casa Giulietta', 'Torre Lamberti']",Teatro Romano,"['Santa Anastasia', 'Duomo', 'AMO', 'Palazzo della Ragione', 'Museo Conte']",Duomo,strategy_nearest,True,0.002289295196533203,success
04E9753A9C4C80,3,['Casa Giulietta'],Santa Anastasia,"['AMO', 'Museo Conte', 'Palazzo della Ragione', 'Teatro Romano', 'Centro Fotografia']",Arena,strategy_nearest,False,0.0030031204223632812,success
04E972429C4C80,1,"['Arena', 'Casa Giulietta', 'Torre Lamberti']",Palazzo della Ragione,"['AMO', 'Museo Conte', 'Centro Fotografia', 'Sighseeing', 'Santa Anastasia']",Duomo,strategy_nearest,False,0.0023920536041259766,success
04E95D429C4C80,0,['Arena'],Duomo,"['AMO', 'Museo Miniscalchi', 'Santa Anastasia', 'Teatro Romano', 'Palazzo della Ragione']",Torre Lamberti,strategy_nearest,False,0.003217935562133789,success
04E9733A9C4C80,3,"['Arena', 'Castelvecchio']",Casa Giulietta,"['Centro Fotografia', 'Sighseeing', 'Torre Lamberti', 'Museo Conte', 'Museo Radio']",Santa Anastasia,strategy_nearest,False,0.0037908554077148438,success
04E97E4A9C4C80,0,['Arena'],Casa Giulietta,"['Centro Fotografia', 'Sighseeing', 'Torre Lamberti', 'Museo Conte', 'Museo Radio']",Torre Lamberti,strategy_nearest,True,0.0014657974243164062,success
04E975429C4C80,0,['Arena'],San Fermo,"['Museo Storia', 'Museo Radio', 'Casa Giulietta', 'Centro Fotografia', 'Sighseeing']",Casa Giulietta,strategy_nearest,True,0.002319812774658203,success
04E9823A9C4C80,0,['Torre Lamberti'],Castelvecchio,"['Museo Lapidario', 'Verona Tour', 'Arena', 'Museo Radio', 'San Zeno']",Arena,strategy_nearest,True,0.003512859344482422,success
04E97D4A9C4C80,1,['Arena'],Casa Giulietta,"['Centro Fotografia', 'Sighseeing', 'Torre Lamberti', 'Museo Conte', 'Museo Radio']",Torre Lamberti,strategy_nearest,True,0.0030069351196289062,success
04E98C3A9C4C80,3,"['Castelvecchio', 'Arena']",San Fermo,"['Museo Storia', 'Museo Radio', 'Casa Giulietta', 'Centro Fotografia', 'Sighseeing']",Teatro Romano,strategy_nearest,False,0.002046346664428711,success
04E989429C4C80,0,"['Arena', 'Casa Giulietta']",Duomo,"['AMO', 'Museo Miniscalchi', 'Santa Anastasia', 'Teatro Romano', 'Palazzo della Ragione']",Teatro Romano,strategy_nearest,True,0.0028569698333740234,success
04E98F4A9C4C80,0,['Arena'],Casa Giulietta,"['Centro Fotografia', 'Sighseeing', 'Torre Lamberti', 'Museo Conte', 'Museo Radio']",Torre Lamberti,strategy_nearest,True,0.0034711360931396484,success
04E9A73A9C4C80,1,"['Arena', 'Casa Giulietta', 'San Fermo']",Torre Lamberti,"['Sighseeing', 'Centro Fotografia', 'Museo Conte', 'Palazzo della Ragione', 'AMO']",Palazzo della Ragione,strategy_nearest,True,0.0024220943450927734,success
04E9C7429C4C80,2,"['Casa Giulietta', 'Torre Lamberti']",Palazzo della Ragione,"['AMO', 'Museo Conte', 'Centro Fotografia', 'Sighseeing', 'Santa Anastasia']",Santa Anastasia,strategy_nearest,True,0.0026221275329589844,success
04E9C53A9C4C80,3,"['Museo Lapidario', 'Arena', 'Casa Giulietta']",San Fermo,"['Museo Storia', 'Museo Radio', 'Centro Fotografia', 'Sighseeing', 'Torre Lamberti']",Santa Anastasia,strategy_nearest,False,0.003265857696533203,success
04E9AB429C4C80,3,"['Arena', 'Museo Lapidario', 'San Fermo']",Santa Anastasia,"['AMO', 'Museo Conte', 'Palazzo della Ragione', 'Teatro Romano', 'Centro Fotografia']",Teatro Romano,strategy_nearest,True,0.0025186538696289062,success
04E9AD3A9C4C80,3,"['Arena', 'Museo Lapidario', 'Castelvecchio']",Torre Lamberti,"['Sighseeing', 'Centro Fotografia', 'Museo Conte', 'Casa Giulietta', 'Palazzo della Ragione']",Santa Anastasia,strategy_nearest,False,0.0033893585205078125,success
04E9D63A9C4C80,0,['Arena'],Castelvecchio,"['Museo Lapidario', 'Verona Tour', 'Museo Radio', 'San Zeno', 'Sighseeing']",Duomo,strategy_nearest,False,0.002079010009765625,success
04E9CD429C4C80,3,"['Arena', 'Casa Giulietta']",Tomba Giulietta,"['San Fermo', 'Museo Storia', 'Museo Lapidario', 'Museo Radio', 'Verona Tour']",Santa Anastasia,strategy_nearest,False,0.0014150142669677734,success
04E9DD3A9C4C80,0,['Arena'],Castelvecchio,"['Museo Lapidario', 'Verona Tour', 'Museo Radio', 'San Zeno', 'Sighseeing']",Teatro Romano,strategy_nearest,False,0.0026459693908691406,success
04E9FB429C4C80,1,"['Arena', 'Torre Lamberti', 'Duomo']",Castelvecchio,"['Museo Lapidario', 'Verona Tour', 'Museo Radio', 'San Zeno', 'Sighseeing']",Teatro Romano,strategy_nearest,False,0.0024967193603515625,success
04E9FD3A9C4C80,2,['Santa Anastasia'],Duomo,"['AMO', 'Museo Miniscalchi', 'Teatro Romano', 'Palazzo della Ragione', 'Museo Conte']",San Zeno,strategy_nearest,False,0.0025589466094970703,success
04E9FD429C4C80,2,['Santa Anastasia'],Torre Lamberti,"['Sighseeing', 'Centro Fotografia', 'Museo Conte', 'Casa Giulietta', 'Palazzo della Ragione']",Casa Giulietta,strategy_nearest,True,0.002733945846557617,success
04EA133A9C4C84,0,['Arena'],Casa Giulietta,"['Centro Fotografia', 'Sighseeing', 'Torre Lamberti', 'Museo Conte', 'Museo Radio']",Torre Lamberti,strategy_nearest,True,0.0018990039825439453,success
04EA0B3A9C4C84,3,"['Arena', 'Casa Giulietta']",Santa Anastasia,"['AMO', 'Museo Conte', 'Palazzo della Ragione', 'Teatro Romano', 'Centro Fotografia']",Teatro Romano,strategy_nearest,True,0.003329038619995117,success
04EA063A9C4C84,0,['Arena'],Casa Giulietta,"['Centro Fotografia', 'Sighseeing', 'Torre Lamberti', 'Museo Conte', 'Museo Radio']",Castelvecchio,strategy_nearest,False,0.0034329891204833984,success
04EA163A9C4C84,1,"['Arena', 'Casa Giulietta']",Palazzo della Ragione,"['AMO', 'Museo Conte', 'Torre Lamberti', 'Centro Fotografia', 'Sighseeing']",Torre Lamberti,strategy_nearest,True,0.0032219886779785156,success
04EA183A9C4C84,0,"['Arena', 'Casa Giulietta']",Teatro Romano,"['Santa Anastasia', 'Duomo', 'AMO', 'Palazzo della Ragione', 'Museo Conte']",Duomo,strategy_nearest,True,0.002434968948364258,success
04EA18429C4C84,1,"['Arena', 'Casa Giulietta']",Palazzo della Ragione,"['AMO', 'Museo Conte', 'Torre Lamberti', 'Centro Fotografia', 'Sighseeing']",Santa Anastasia,strategy_nearest,False,0.002767801284790039,success
04EA19429C4C84,0,['Arena'],Casa Giulietta,"['Centro Fotografia', 'Sighseeing', 'Torre Lamberti', 'Museo Conte', 'Museo Radio']",Duomo,strategy_nearest,False,0.003392934799194336,success
04EA1C429C4C84,1,"['Arena', 'Casa Giulietta']",Torre Lamberti,"['Sighseeing', 'Centro Fotografia', 'Museo Conte', 'Palazzo della Ragione', 'AMO']",Palazzo della Ragione,strategy_nearest,True,0.002627134323120117,success
04EA1D3A9C4C84,0,['Arena'],Torre Lamberti,"['Sighseeing', 'Centro Fotografia', 'Museo Conte', 'Casa Giulietta', 'Palazzo della Ragione']",Giardino Giusti,strategy_nearest,False,0.0025091171264648438,success
04EA1E429C4C84,3,"['Arena', 'Casa Giulietta', 'San Fermo', 'Torre Lamberti']",Teatro Romano,"['Santa Anastasia', 'Duomo', 'AMO', 'Palazzo della Ragione', 'Museo Conte']",Giardino Giusti,strategy_nearest,False,0.0027158260345458984,success
04EA26429C4C80,2,['Santa Anastasia'],Duomo,"['AMO', 'Museo Miniscalchi', 'Teatro Romano', 'Palazzo della Ragione', 'Museo Conte']",Teatro Romano,strategy_nearest,True,0.0033578872680664062,success
04EA273A9C4C80,2,"['Casa Giulietta', 'Torre Lamberti']",Palazzo della Ragione,"['AMO', 'Museo Conte', 'Centro Fotografia', 'Sighseeing', 'Santa Anastasia']",Santa Anastasia,strategy_nearest,True,0.002237081527709961,success
04EA373A9C4C80,3,"['Arena', 'Tomba Giulietta']",San Fermo,"['Museo Storia', 'Museo Radio', 'Casa Giulietta', 'Centro Fotografia', 'Sighseeing']",Castelvecchio,strategy_nearest,False,0.0025849342346191406,success
04EA3C4A9C4C80,2,"['Duomo', 'Santa Anastasia', 'San Fermo']",San Zeno,"['Castelvecchio', 'Verona Tour', 'Museo Lapidario', 'Arena', 'Museo Miniscalchi']",Castelvecchio,strategy_nearest,True,0.0035631656646728516,success
04EA3E3A9C4C80,3,['Arena'],Casa Giulietta,"['Centro Fotografia', 'Sighseeing', 'Torre Lamberti', 'Museo Conte', 'Museo Radio']",Torre Lamberti,strategy_nearest,True,0.0032830238342285156,success
04EA3F3A9C4C80,1,"['Arena', 'Palazzo della Ragione']",Casa Giulietta,"['Centro Fotografia', 'Sighseeing', 'Torre Lamberti', 'Museo Conte', 'Museo Radio']",Duomo,strategy_nearest,False,0.0029180049896240234,success
04EA463A9C4C80,1,"['San Fermo', 'Casa Giulietta', 'Santa Anastasia', 'Teatro Romano']",Arena,"['Verona Tour', 'Museo Lapidario', 'Museo Radio', 'Sighseeing', 'Castelvecchio']",Torre Lamberti,strategy_nearest,False,0.0038411617279052734,success
04EA483A9C4C80,2,['Casa Giulietta'],Tomba Giulietta,"['San Fermo', 'Museo Storia', 'Arena', 'Museo Lapidario', 'Museo Radio']",Castelvecchio,strategy_nearest,False,0.0019350051879882812,success
04EA643A9C4C80,0,['Castelvecchio'],Arena,"['Verona Tour', 'Museo Lapidario', 'Museo Radio', 'San Fermo', 'Casa Giulietta']",Casa Giulietta,strategy_nearest,True,0.0027971267700195312,success
04EA63429C4C80,3,"['Arena', 'Santa Anastasia']",Duomo,"['AMO', 'Museo Miniscalchi', 'Teatro Romano', 'Palazzo della Ragione', 'Museo Conte']",Torre Lamberti,strategy_nearest,False,0.0036916732788085938,success
04EA743A9C4C80,0,['Arena'],Casa Giulietta,"['Centro Fotografia', 'Sighseeing', 'Torre Lamberti', 'Museo Conte', 'Museo Radio']",Santa Anastasia,strategy_nearest,False,0.0020530223846435547,success
04EA67429C4C80,0,['Arena'],Castelvecchio,"['Museo Lapidario', 'Verona Tour', 'Museo Radio', 'San Zeno', 'Sighseeing']",Torre Lamberti,strategy_nearest,False,0.00273895263671875,success
04EA78429C4C80,0,"['Arena', 'Casa Giulietta']",Torre Lamberti,"['Sighseeing', 'Centro Fotografia', 'Museo Conte', 'Palazzo della Ragione', 'AMO']",Giardino Giusti,strategy_nearest,False,0.0031881332397460938,success
04EA71429C4C80,0,['Arena'],Castelvecchio,"['Museo Lapidario', 'Verona Tour', 'Museo Radio', 'San Zeno', 'Sighseeing']",Casa Giulietta,strategy_nearest,False,0.0033981800079345703,success
04EA7E3A9C4C80,0,"['Arena', 'Tomba Giulietta']",Museo Lapidario,"['Verona Tour', 'Castelvecchio', 'Museo Radio', 'San Fermo', 'Casa Giulietta']",Castelvecchio,strategy_nearest,True,0.0027959346771240234,success
04EAAB429C4C80,3,['Santa Anastasia'],Duomo,"['AMO', 'Museo Miniscalchi', 'Teatro Romano', 'Palazzo della Ragione', 'Museo Conte']",Arena,strategy_nearest,False,0.002593994140625,success
04EA924A9C4C80,3,"['Arena', 'Casa Giulietta']",Torre Lamberti,"['Sighseeing', 'Centro Fotografia', 'Museo Conte', 'Palazzo della Ragione', 'AMO']",Santa Anastasia,strategy_nearest,False,0.002177000045776367,success
04EAA8429C4C80,1,"['Torre Lamberti', 'Palazzo della Ragione']",Santa Anastasia,"['AMO', 'Museo Conte', 'Teatro Romano', 'Centro Fotografia', 'Duomo']",Arena,strategy_nearest,False,0.003576040267944336,success
04EAAD429C4C80,3,"['Arena', 'Casa Giulietta']",Santa Anastasia,"['AMO', 'Museo Conte', 'Palazzo della Ragione', 'Teatro Romano', 'Centro Fotografia']",Torre Lamberti,strategy_nearest,False,0.0023069381713867188,success
04EAB23A9C4C80,0,['Arena'],Casa Giulietta,"['Centro Fotografia', 'Sighseeing', 'Torre Lamberti', 'Museo Conte', 'Museo Radio']",Castelvecchio,strategy_nearest,False,0.002003908157348633,success
04EAB1429C4C80,1,"['Teatro Romano', 'Casa Giulietta', 'Torre Lamberti']",Palazzo della Ragione,"['AMO', 'Museo Conte', 'Centro Fotografia', 'Sighseeing', 'Santa Anastasia']",Arena,strategy_nearest,False,0.003925800323486328,success
04EAB13A9C4C80,0,['Arena'],Casa Giulietta,"['Centro Fotografia', 'Sighseeing', 'Torre Lamberti', 'Museo Conte', 'Museo Radio']",Castelvecchio,strategy_nearest,False,0.003504037857055664,success
04EABD429C4C80,0,"['Casa Giulietta', 'Torre Lamberti']",Castelvecchio,"['Museo Lapidario', 'Verona Tour', 'Arena', 'Museo Radio', 'San Zeno']",Arena,strategy_nearest,True,0.0032281875610351562,success
04EAB33A9C4C80,3,['Arena'],Santa Anastasia,"['AMO', 'Museo Conte', 'Palazzo della Ragione', 'Teatro Romano', 'Centro Fotografia']",Duomo,strategy_nearest,False,0.0019838809967041016,success
04EAB9429C4C80,1,"['Arena', 'Torre Lamberti']",Palazzo della Ragione,"['AMO', 'Museo Conte', 'Centro Fotografia', 'Sighseeing', 'Santa Anastasia']",Santa Anastasia,strategy_nearest,True,0.0022039413452148438,success
04EAB4429C4C80,1,"['Arena', 'Casa Giulietta', 'Torre Lamberti']",Palazzo della Ragione,"['AMO', 'Museo Conte', 'Centro Fotografia', 'Sighseeing', 'Santa Anastasia']",Santa Anastasia,strategy_nearest,True,0.00290679931640625,success
04EAC8429C4C80,2,['Tomba Giulietta'],Teatro Romano,"['Santa Anastasia', 'Duomo', 'AMO', 'Palazzo della Ragione', 'Museo Conte']",Castelvecchio,strategy_nearest,False,0.002129077911376953,success
04EACA429C4C80,0,['Torre Lamberti'],Castelvecchio,"['Museo Lapidario', 'Verona Tour', 'Arena', 'Museo Radio', 'San Zeno']",Arena,strategy_nearest,True,0.002593994140625,success
04EAC63A9C4C80,3,"['Duomo', 'Santa Anastasia']",Torre Lamberti,"['Sighseeing', 'Centro Fotografia', 'Museo Conte', 'Casa Giulietta', 'Palazzo della Ragione']",Arena,strategy_nearest,False,0.0015349388122558594,success
04EADB3A9C4C80,3,"['Castelvecchio', 'Santa Anastasia', 'Torre Lamberti']",Casa Giulietta,"['Centro Fotografia', 'Sighseeing', 'Museo Conte', 'Museo Radio', 'Palazzo della Ragione']",Giardino Giusti,strategy_nearest,False,0.002177000045776367,success
04EADA3A9C4C80,2,['Duomo'],San Fermo,"['Museo Storia', 'Museo Radio', 'Casa Giulietta', 'Centro Fotografia', 'Arena']",San Zeno,strategy_nearest,False,0.0014188289642333984,success
04EAE53A9C4C80,3,['Arena'],Torre Lamberti,"['Sighseeing', 'Centro Fotografia', 'Museo Conte', 'Casa Giulietta', 'Palazzo della Ragione']",Casa Giulietta,strategy_nearest,True,0.0034728050231933594,success
04EACC429C4C80,3,"['Arena', 'Museo Lapidario']",Duomo,"['AMO', 'Museo Miniscalchi', 'Santa Anastasia', 'Teatro Romano', 'Palazzo della Ragione']",Santa Anastasia,strategy_nearest,True,0.005408048629760742,success
04EAEA3A9C4C80,0,"['Castelvecchio', 'Arena']",Torre Lamberti,"['Sighseeing', 'Centro Fotografia', 'Museo Conte', 'Casa Giulietta', 'Palazzo della Ragione']",Duomo,strategy_nearest,False,0.002238035202026367,success
04EAE5429C4C80,0,['Castelvecchio'],Arena,"['Verona Tour', 'Museo Lapidario', 'Museo Radio', 'San Fermo', 'Casa Giulietta']",Casa Giulietta,strategy_nearest,True,0.0035948753356933594,success
04EAE83A9C4C80,0,['Torre Lamberti'],Casa Giulietta,"['Centro Fotografia', 'Sighseeing', 'Museo Conte', 'Museo Radio', 'Palazzo della Ragione']",Arena,strategy_nearest,False,0.0022068023681640625,success
04EAEF3A9C4C80,0,"['Torre Lamberti', 'Casa Giulietta']",San Fermo,"['Museo Storia', 'Museo Radio', 'Centro Fotografia', 'Arena', 'Sighseeing']",Arena,strategy_nearest,True,0.0032091140747070312,success
04EAF0429C4C80,0,['San Fermo'],Arena,"['Verona Tour', 'Museo Lapidario', 'Museo Radio', 'Casa Giulietta', 'Sighseeing']",Castelvecchio,strategy_nearest,False,0.0028171539306640625,success
04EB033A9C4C84,0,['Arena'],Palazzo della Ragione,"['AMO', 'Museo Conte', 'Torre Lamberti', 'Centro Fotografia', 'Sighseeing']",Casa Giulietta,strategy_nearest,False,0.002000093460083008,success
04EAFC429C4C80,3,"['Santa Anastasia', 'Duomo', 'Torre Lamberti', 'Arena']",San Zeno,"['Castelvecchio', 'Verona Tour', 'Museo Lapidario', 'Museo Miniscalchi', 'Sighseeing']",Castelvecchio,strategy_nearest,True,0.003384828567504883,success
04EB0E3A9C4C84,0,['Teatro Romano'],Arena,"['Verona Tour', 'Museo Lapidario', 'Museo Radio', 'San Fermo', 'Casa Giulietta']",Castelvecchio,strategy_nearest,False,0.003286123275756836,success
04EB0F429C4C84,3,"['Arena', 'Casa Giulietta']",Santa Anastasia,"['AMO', 'Museo Conte', 'Palazzo della Ragione', 'Teatro Romano', 'Centro Fotografia']",Duomo,strategy_nearest,False,0.0021207332611083984,success
04EB253A9C4C80,3,"['Arena', 'San Fermo', 'Museo Lapidario']",Castelvecchio,"['Verona Tour', 'Museo Radio', 'San Zeno', 'Sighseeing', 'Museo Miniscalchi']",San Zeno,strategy_nearest,True,0.001981973648071289,success
04EB1F4A9C4C80,3,"['Arena', 'Casa Giulietta']",Santa Anastasia,"['AMO', 'Museo Conte', 'Palazzo della Ragione', 'Teatro Romano', 'Centro Fotografia']",Duomo,strategy_nearest,False,0.003350973129272461,success
04EB2A3A9C4C80,3,"['Santa Anastasia', 'Casa Giulietta']",Arena,"['Verona Tour', 'Museo Lapidario', 'Museo Radio', 'San Fermo', 'Sighseeing']",Tomba Giulietta,strategy_nearest,False,0.003258228302001953,success
04EB364A9C4C80,3,"['Santa Anastasia', 'Duomo']",Arena,"['Verona Tour', 'Museo Lapidario', 'Museo Radio', 'San Fermo', 'Casa Giulietta']",Castelvecchio,strategy_nearest,False,0.002108335494995117,success
04EB2C4A9C4C80,3,"['Santa Anastasia', 'Casa Giulietta', 'Arena', 'Castelvecchio']",San Zeno,"['Verona Tour', 'Museo Lapidario', 'Museo Miniscalchi', 'Sighseeing', 'Museo Radio']",Duomo,strategy_nearest,False,0.0022110939025878906,success
04EB373A9C4C80,0,"['Arena', 'San Fermo', 'Casa Giulietta']",Castelvecchio,"['Museo Lapidario', 'Verona Tour', 'Museo Radio', 'San Zeno', 'Sighseeing']",San Zeno,strategy_nearest,True,0.002647876739501953,success
04EB313A9C4C80,0,['Arena'],Torre Lamberti,"['Sighseeing', 'Centro Fotografia', 'Museo Conte', 'Casa Giulietta', 'Palazzo della Ragione']",Casa Giulietta,strategy_nearest,True,0.0034720897674560547,success
04EB533A9C4C80,2,['Castelvecchio'],San Zeno,"['Verona Tour', 'Museo Lapidario', 'Arena', 'Museo Miniscalchi', 'Sighseeing']",Castelvecchio,strategy_nearest,False,0.002769947052001953,success
04EB53429C4C80,0,['Arena'],Casa Giulietta,"['Centro Fotografia', 'Sighseeing', 'Torre Lamberti', 'Museo Conte', 'Museo Radio']",San Zeno,strategy_nearest,False,0.002679109573364258,success
04EB3A4A9C4C80,3,['Arena'],Santa Anastasia,"['AMO', 'Museo Conte', 'Palazzo della Ragione', 'Teatro Romano', 'Centro Fotografia']",San Zeno,strategy_nearest,False,0.0028259754180908203,success
04EB48429C4C80,2,"['Casa Giulietta', 'Torre Lamberti']",Teatro Romano,"['Santa Anastasia', 'Duomo', 'AMO', 'Palazzo della Ragione', 'Museo Conte']",Santa Anastasia,strategy_nearest,True,0.004115104675292969,success
04EB693A9C4C80,2,['Duomo'],Santa Anastasia,"['AMO', 'Museo Conte', 'Palazzo della Ragione', 'Teatro Romano', 'Centro Fotografia']",San Fermo,strategy_nearest,False,0.002824068069458008,success
04EB6B429C4C80,1,"['Arena', 'Palazzo della Ragione']",Torre Lamberti,"['Sighseeing', 'Centro Fotografia', 'Museo Conte', 'Casa Giulietta', 'AMO']",Santa Anastasia,strategy_nearest,False,0.0019109249114990234,success
04EB71429C4C80,3,['Duomo'],Santa Anastasia,"['AMO', 'Museo Conte', 'Palazzo della Ragione', 'Teatro Romano', 'Centro Fotografia']",Casa Giulietta,strategy_nearest,False,0.0027680397033691406,success
04EB78429C4C80,3,['Arena'],Castelvecchio,"['Museo Lapidario', 'Verona Tour', 'Museo Radio', 'San Zeno', 'Sighseeing']",Santa Anastasia,strategy_nearest,False,0.003258228302001953,success
04EB72429C4C80,3,"['Casa Giulietta', 'Casa Giulietta', 'Torre Lamberti']",Duomo,"['AMO', 'Museo Miniscalchi', 'Santa Anastasia', 'Teatro Romano', 'Palazzo della Ragione']",Teatro Romano,strategy_nearest,True,0.0029790401458740234,success
04EB75429C4C80,0,['Arena'],Casa Giulietta,"['Centro Fotografia', 'Sighseeing', 'Torre Lamberti', 'Museo Conte', 'Museo Radio']",San Zeno,strategy_nearest,False,0.0033867359161376953,success
04EB753A9C4C80,2,['Casa Giulietta'],Santa Anastasia,"['AMO', 'Museo Conte', 'Palazzo della Ragione', 'Teatro Romano', 'Centro Fotografia']",Duomo,strategy_nearest,False,0.002725839614868164,success
04EB793A9C4C80,3,"['Arena', 'Torre Lamberti']",Santa Anastasia,"['AMO', 'Museo Conte', 'Palazzo della Ragione', 'Teatro Romano', 'Centro Fotografia']",Duomo,strategy_nearest,False,0.0022499561309814453,success
04EB7C429C4C80,3,['Arena'],Casa Giulietta,"['Centro Fotografia', 'Sighseeing', 'Torre Lamberti', 'Museo Conte', 'Museo Radio']",Torre Lamberti,strategy_nearest,True,0.0013730525970458984,success
04EB7F429C4C80,0,['Arena'],Casa Giulietta,"['Centro Fotografia', 'Sighseeing', 'Torre Lamberti', 'Museo Conte', 'Museo Radio']",Tomba Giulietta,strategy_nearest,False,0.003010988235473633,success
04EB863A9C4C80,0,"['Museo Storia', 'Castelvecchio']",Arena,"['Verona Tour', 'Museo Lapidario', 'Museo Radio', 'San Fermo', 'Casa Giulietta']",Torre Lamberti,strategy_nearest,False,0.0032432079315185547,success
04EB88429C4C80,0,['Arena'],Castelvecchio,"['Museo Lapidario', 'Verona Tour', 'Museo Radio', 'San Zeno', 'Sighseeing']",Torre Lamberti,strategy_nearest,False,0.002640962600708008,success
04EB8E4A9C4C80,3,"['Arena', 'Castelvecchio']",Torre Lamberti,"['Sighseeing', 'Centro Fotografia', 'Museo Conte', 'Casa Giulietta', 'Palazzo della Ragione']",Santa Anastasia,strategy_nearest,False,0.0028793811798095703,success
04EB904A9C4C80,3,"['Tomba Giulietta', 'Casa Giulietta']",Santa Anastasia,"['AMO', 'Museo Conte', 'Palazzo della Ragione', 'Teatro Romano', 'Centro Fotografia']",Duomo,strategy_nearest,False,0.0026502609252929688,success
04EBA0429C4C80,3,"['Teatro Romano', 'Arena']",San Fermo,"['Museo Storia', 'Museo Radio', 'Casa Giulietta', 'Centro Fotografia', 'Sighseeing']",Santa Anastasia,strategy_nearest,False,0.002218008041381836,success
04EBAF3A9C4C80,3,"['Torre Lamberti', 'Casa Giulietta', 'Arena']",Tomba Giulietta,"['San Fermo', 'Museo Storia', 'Museo Lapidario', 'Museo Radio', 'Verona Tour']",Castelvecchio,strategy_nearest,False,0.0027458667755126953,success
04EBAC3A9C4C80,3,"['Arena', 'Casa Giulietta']",Teatro Romano,"['Santa Anastasia', 'Duomo', 'AMO', 'Palazzo della Ragione', 'Museo Conte']",Santa Anastasia,strategy_nearest,True,0.003690958023071289,success
04EBAF429C4C80,0,['Arena'],Casa Giulietta,"['Centro Fotografia', 'Sighseeing', 'Torre Lamberti', 'Museo Conte', 'Museo Radio']",Casa Giulietta,strategy_nearest,False,0.0031464099884033203,success
04EBB23A9C4C80,0,['Arena'],Casa Giulietta,"['Centro Fotografia', 'Sighseeing', 'Torre Lamberti', 'Museo Conte', 'Museo Radio']",Torre Lamberti,strategy_nearest,True,0.002229452133178711,success
04EBBB3A9C4C80,0,['Arena'],Casa Giulietta,"['Centro Fotografia', 'Sighseeing', 'Torre Lamberti', 'Museo Conte', 'Museo Radio']",Torre Lamberti,strategy_nearest,True,0.0037152767181396484,success
04EBB1429C4C80,3,"['Arena', 'Tomba Giulietta']",Casa Giulietta,"['Centro Fotografia', 'Sighseeing', 'Torre Lamberti', 'Museo Conte', 'Museo Radio']",Santa Anastasia,strategy_nearest,False,0.0038170814514160156,success
04EBBF3A9C4C80,1,"['Arena', 'Palazzo della Ragione']",Casa Giulietta,"['Centro Fotografia', 'Sighseeing', 'Torre Lamberti', 'Museo Conte', 'Museo Radio']",Castelvecchio,strategy_nearest,False,0.0026781558990478516,success
04EBC53A9C4C80,1,['Arena'],Palazzo della Ragione,"['AMO', 'Museo Conte', 'Torre Lamberti', 'Centro Fotografia', 'Sighseeing']",Torre Lamberti,strategy_nearest,True,0.001728057861328125,success
04EBC0429C4C80,2,"['Casa Giulietta', 'Tomba Giulietta', 'San Zeno']",Castelvecchio,"['Museo Lapidario', 'Verona Tour', 'Arena', 'Museo Radio', 'Sighseeing']",Santa Anastasia,strategy_nearest,False,0.002668142318725586,success
04EBC2429C4C80,0,['Arena'],Casa Giulietta,"['Centro Fotografia', 'Sighseeing', 'Torre Lamberti', 'Museo Conte', 'Museo Radio']",Duomo,strategy_nearest,False,0.0032358169555664062,success
04EBC8429C4C80,1,"['Santa Anastasia', 'Casa Giulietta', 'Castelvecchio']",Arena,"['Verona Tour', 'Museo Lapidario', 'Museo Radio', 'San Fermo', 'Sighseeing']",Palazzo della Ragione,strategy_nearest,False,0.0036170482635498047,success
04EBCA429C4C80,0,['Arena'],Casa Giulietta,"['Centro Fotografia', 'Sighseeing', 'Torre Lamberti', 'Museo Conte', 'Museo Radio']",Castelvecchio,strategy_nearest,False,0.0031800270080566406,success
04EBCB429C4C80,0,['Arena'],Casa Giulietta,"['Centro Fotografia', 'Sighseeing', 'Torre Lamberti', 'Museo Conte', 'Museo Radio']",Tomba Giulietta,strategy_nearest,False,0.0022258758544921875,success
04EBC93A9C4C80,0,['Arena'],Teatro Romano,"['Santa Anastasia', 'Duomo', 'AMO', 'Palazzo della Ragione', 'Museo Conte']",Castelvecchio,strategy_nearest,False,0.001834869384765625,success
04EBD13A9C4C80,3,['Arena'],Santa Anastasia,"['AMO', 'Museo Conte', 'Palazzo della Ragione', 'Teatro Romano', 'Centro Fotografia']",Duomo,strategy_nearest,False,0.003414154052734375,success
04EBD4429C4C80,1,"['Arena', 'Casa Giulietta', 'Castelvecchio']",Torre Lamberti,"['Sighseeing', 'Centro Fotografia', 'Museo Conte', 'Palazzo della Ragione', 'AMO']",Palazzo della Ragione,strategy_nearest,True,0.0016429424285888672,success
04EBD53A9C4C80,3,"['Teatro Romano', 'Arena', 'Castelvecchio']",Casa Giulietta,"['Centro Fotografia', 'Sighseeing', 'Torre Lamberti', 'Museo Conte', 'Museo Radio']",Santa Anastasia,strategy_nearest,False,0.002201080322265625,success
04EBDB3A9C4C80,0,['Arena'],Casa Giulietta,"['Centro Fotografia', 'Sighseeing', 'Torre Lamberti', 'Museo Conte', 'Museo Radio']",Tomba Giulietta,strategy_nearest,False,0.0034079551696777344,success
04EBE83A9C4C80,2,['Duomo'],Palazzo della Ragione,"['AMO', 'Museo Conte', 'Torre Lamberti', 'Centro Fotografia', 'Sighseeing']",Casa Giulietta,strategy_nearest,False,0.002891063690185547,success
04EBDF3A9C4C80,0,"['Arena', 'Museo Lapidario']",Castelvecchio,"['Verona Tour', 'Museo Radio', 'San Zeno', 'Sighseeing', 'Museo Miniscalchi']",Tomba Giulietta,strategy_nearest,False,0.004022121429443359,success
04EBED3A9C4C80,3,['Arena'],Casa Giulietta,"['Centro Fotografia', 'Sighseeing', 'Torre Lamberti', 'Museo Conte', 'Museo Radio']",Santa Anastasia,strategy_nearest,False,0.003017902374267578,success
04EBF43A9C4C80,3,"['Torre Lamberti', 'Santa Anastasia', 'Duomo']",Teatro Romano,"['AMO', 'Palazzo della Ragione', 'Museo Conte', 'Centro Fotografia', 'Museo Miniscalchi']",Casa Giulietta,strategy_nearest,False,0.0024170875549316406,success
04EBFA429C4C80,3,"['Arena', 'Castelvecchio']",Casa Giulietta,"['Centro Fotografia', 'Sighseeing', 'Torre Lamberti', 'Museo Conte', 'Museo Radio']",Santa Anastasia,strategy_nearest,False,0.0026140213012695312,success
04EBF83A9C4C80,0,['Arena'],Museo Lapidario,"['Verona Tour', 'Castelvecchio', 'Museo Radio', 'San Fermo', 'Casa Giulietta']",Casa Giulietta,strategy_nearest,True,0.003885030746459961,success
04EC0E3A9C4C84,2,"['Castelvecchio', 'San Zeno', 'Torre Lamberti']",Santa Anastasia,"['AMO', 'Museo Conte', 'Palazzo della Ragione', 'Teatro Romano', 'Centro Fotografia']",Duomo,strategy_nearest,False,0.0015993118286132812,success
04EC12429C4C84,0,"['Arena', 'Museo Lapidario', 'Castelvecchio']",Casa Giulietta,"['Centro Fotografia', 'Sighseeing', 'Torre Lamberti', 'Museo Conte', 'Museo Radio']",Torre Lamberti,strategy_nearest,True,0.0036618709564208984,success
04EC21429C4C80,0,['Arena'],Casa Giulietta,"['Centro Fotografia', 'Sighseeing', 'Torre Lamberti', 'Museo Conte', 'Museo Radio']",Tomba Giulietta,strategy_nearest,False,0.0022940635681152344,success
04EC1B3A9C4C80,2,"['Casa Giulietta', 'Torre Lamberti']",Palazzo della Ragione,"['AMO', 'Museo Conte', 'Centro Fotografia', 'Sighseeing', 'Santa Anastasia']",Santa Anastasia,strategy_nearest,True,0.001828908920288086,success
04EC1A429C4C84,3,"['San Fermo', 'Casa Giulietta']",Torre Lamberti,"['Sighseeing', 'Centro Fotografia', 'Museo Conte', 'Palazzo della Ragione', 'AMO']",Arena,strategy_nearest,False,0.0037696361541748047,success
04EC1D429C4C80,1,"['Arena', 'Casa Giulietta']",Torre Lamberti,"['Sighseeing', 'Centro Fotografia', 'Museo Conte', 'Palazzo della Ragione', 'AMO']",Palazzo della Ragione,strategy_nearest,True,0.0030579566955566406,success
04EC243A9C4C80,0,"['Arena', 'Casa Giulietta']",Torre Lamberti,"['Sighseeing', 'Centro Fotografia', 'Museo Conte', 'Palazzo della Ragione', 'AMO']",Teatro Romano,strategy_nearest,False,0.001644134521484375,success
04EC273A9C4C80,3,"['Arena', 'Casa Giulietta', 'Santa Anastasia', 'Giardino Giusti']",Teatro Romano,"['Duomo', 'AMO', 'Palazzo della Ragione', 'Museo Conte', 'Centro Fotografia']",San Zeno,strategy_nearest,False,0.002362966537475586,success
04EC32429C4C80,1,"['San Zeno', 'Castelvecchio']",Arena,"['Verona Tour', 'Museo Lapidario', 'Museo Radio', 'San Fermo', 'Casa Giulietta']",Casa Giulietta,strategy_nearest,True,0.003016948699951172,success
04EC2A4A9C4C80,1,"['Arena', 'Santa Anastasia']",Palazzo della Ragione,"['AMO', 'Museo Conte', 'Torre Lamberti', 'Centro Fotografia', 'Sighseeing']",Torre Lamberti,strategy_nearest,True,0.0039861202239990234,success
04EC41429C4C80,3,"['Arena', 'Castelvecchio', 'San Zeno']",Casa Giulietta,"['Centro Fotografia', 'Sighseeing', 'Torre Lamberti', 'Museo Conte', 'Museo Radio']",Tomba Giulietta,strategy_nearest,False,0.0025959014892578125,success
04EC433A9C4C80,3,"['Castelvecchio', 'San Fermo']",Arena,"['Verona Tour', 'Museo Lapidario', 'Museo Radio', 'Casa Giulietta', 'Sighseeing']",Santa Anastasia,strategy_nearest,False,0.0019202232360839844,success
04EC4B429C4C80,1,"['Arena', 'Santa Anastasia', 'Torre Lamberti']",Palazzo della Ragione,"['AMO', 'Museo Conte', 'Centro Fotografia', 'Sighseeing', 'Museo Miniscalchi']",Casa Giulietta,strategy_nearest,False,0.0029799938201904297,success
04EC753A9C4C80,0,['Castelvecchio'],Giardino Giusti,"['Santa Anastasia', 'Teatro Romano', 'Museo Conte', 'Centro Fotografia', 'Museo Storia']",Casa Giulietta,strategy_nearest,False,0.0024700164794921875,success
04EC473A9C4C80,3,"['Arena', 'Castelvecchio', 'Tomba Giulietta']",Teatro Romano,"['Santa Anastasia', 'Duomo', 'AMO', 'Palazzo della Ragione', 'Museo Conte']",Duomo,strategy_nearest,True,0.0038521289825439453,success
04EC6F429C4C80,0,['Arena'],Castelvecchio,"['Museo Lapidario', 'Verona Tour', 'Museo Radio', 'San Zeno', 'Sighseeing']",Casa Giulietta,strategy_nearest,False,0.0018897056579589844,success
04EC7B3A9C4C80,0,['Arena'],Castelvecchio,"['Museo Lapidario', 'Verona Tour', 'Museo Radio', 'San Zeno', 'Sighseeing']",Casa Giulietta,strategy_nearest,False,0.003767728805541992,success
04EC7C4A9C4C80,2,['Castelvecchio'],Casa Giulietta,"['Centro Fotografia', 'Sighseeing', 'Torre Lamberti', 'Museo Conte', 'Museo Radio']",Teatro Romano,strategy_nearest,False,0.0023491382598876953,success
04EC773A9C4C80,0,['Arena'],Castelvecchio,"['Museo Lapidario', 'Verona Tour', 'Museo Radio', 'San Zeno', 'Sighseeing']",Casa Giulietta,strategy_nearest,False,0.005402088165283203,success
04EC7D429C4C80,0,['Arena'],Casa Giulietta,"['Centro Fotografia', 'Sighseeing', 'Torre Lamberti', 'Museo Conte', 'Museo Radio']",Duomo,strategy_nearest,False,0.002691984176635742,success
04EC763A9C4C80,2,"['Casa Giulietta', 'Torre Lamberti']",Palazzo della Ragione,"['AMO', 'Museo Conte', 'Centro Fotografia', 'Sighseeing', 'Santa Anastasia']",Santa Anastasia,strategy_nearest,True,0.003201007843017578,success
04EC85429C4C80,1,"['Arena', 'Casa Giulietta']",Torre Lamberti,"['Sighseeing', 'Centro Fotografia', 'Museo Conte', 'Palazzo della Ragione', 'AMO']",Palazzo della Ragione,strategy_nearest,True,0.0023469924926757812,success
04EC934A9C4C80,3,['Arena'],Torre Lamberti,"['Sighseeing', 'Centro Fotografia', 'Museo Conte', 'Casa Giulietta', 'Palazzo della Ragione']",Duomo,strategy_nearest,False,0.0033118724822998047,success
04EC863A9C4C80,1,['Arena'],Casa Giulietta,"['Centro Fotografia', 'Sighseeing', 'Torre Lamberti', 'Museo Conte', 'Museo Radio']",Palazzo della Ragione,strategy_nearest,False,0.004415988922119141,success
04EC8F4A9C4C80,2,"['Museo Lapidario', 'Castelvecchio']",Santa Anastasia,"['AMO', 'Museo Conte', 'Palazzo della Ragione', 'Teatro Romano', 'Centro Fotografia']",Casa Giulietta,strategy_nearest,False,0.0027778148651123047,success
04EC98429C4C80,0,['Arena'],Casa Giulietta,"['Centro Fotografia', 'Sighseeing', 'Torre Lamberti', 'Museo Conte', 'Museo Radio']",Tomba Giulietta,strategy_nearest,False,0.0024411678314208984,success
04EC9E429C4C80,2,['Duomo'],Castelvecchio,"['Museo Lapidario', 'Verona Tour', 'Arena', 'Museo Radio', 'San Zeno']",San Zeno,strategy_nearest,True,0.002872943878173828,success
04ECA4BA7B3F80,0,['Casa Giulietta'],Teatro Romano,"['Santa Anastasia', 'Duomo', 'AMO', 'Palazzo della Ragione', 'Museo Conte']",Castelvecchio,strategy_nearest,False,0.003173828125,success
04ECA34A9C4C80,0,['Arena'],Casa Giulietta,"['Centro Fotografia', 'Sighseeing', 'Torre Lamberti', 'Museo Conte', 'Museo Radio']",Tomba Giulietta,strategy_nearest,False,0.004481077194213867,success
04ECA74A9C4C80,3,"['Arena', 'Casa Giulietta']",Torre Lamberti,"['Sighseeing', 'Centro Fotografia', 'Museo Conte', 'Palazzo della Ragione', 'AMO']",Santa Anastasia,strategy_nearest,False,0.002802133560180664,success
04ECAE429C4C80,1,"['Arena', 'Casa Giulietta']",Torre Lamberti,"['Sighseeing', 'Centro Fotografia', 'Museo Conte', 'Palazzo della Ragione', 'AMO']",Palazzo della Ragione,strategy_nearest,True,0.002905130386352539,success
04ECBB3A9C4C80,0,['Arena'],San Zeno,"['Castelvecchio', 'Verona Tour', 'Museo Lapidario', 'Museo Miniscalchi', 'Sighseeing']",Casa Giulietta,strategy_nearest,False,0.003350973129272461,success
04ECB73A9C4C80,2,['Casa Giulietta'],San Zeno,"['Castelvecchio', 'Verona Tour', 'Museo Lapidario', 'Arena', 'Museo Miniscalchi']",Santa Anastasia,strategy_nearest,False,0.003435850143432617,success
04ECBD3A9C4C80,0,['Arena'],Duomo,"['AMO', 'Museo Miniscalchi', 'Santa Anastasia', 'Teatro Romano', 'Palazzo della Ragione']",Castelvecchio,strategy_nearest,False,0.003422975540161133,success
04ECBE3A9C4C80,0,['Arena'],Casa Giulietta,"['Centro Fotografia', 'Sighseeing', 'Torre Lamberti', 'Museo Conte', 'Museo Radio']",Santa Anastasia,strategy_nearest,False,0.005692005157470703,success
04ECC83A9C4C80,3,"['Arena', 'Casa Giulietta']",Santa Anastasia,"['AMO', 'Museo Conte', 'Palazzo della Ragione', 'Teatro Romano', 'Centro Fotografia']",Duomo,strategy_nearest,False,0.00641179084777832,success
04ECC03A9C4C80,3,"['Arena', 'Santa Anastasia', 'Duomo']",Teatro Romano,"['AMO', 'Palazzo della Ragione', 'Museo Conte', 'Centro Fotografia', 'Museo Miniscalchi']",Castelvecchio,strategy_nearest,False,0.006465911865234375,success
04ECCA429C4C80,1,"['Teatro Romano', 'Duomo', 'Palazzo della Ragione']",Casa Giulietta,"['Centro Fotografia', 'Sighseeing', 'Torre Lamberti', 'Museo Conte', 'Museo Radio']",San Zeno,strategy_nearest,False,0.007269859313964844,success
04ECCC429C4C80,3,"['Arena', 'Casa Giulietta', 'Santa Anastasia']",Teatro Romano,"['Duomo', 'AMO', 'Palazzo della Ragione', 'Museo Conte', 'Centro Fotografia']",Duomo,strategy_nearest,True,0.0022902488708496094,success
04ECD33A9C4C80,3,"['Arena', 'Casa Giulietta']",Torre Lamberti,"['Sighseeing', 'Centro Fotografia', 'Museo Conte', 'Palazzo della Ragione', 'AMO']",Duomo,strategy_nearest,False,0.00263214111328125,success
04ECD23A9C4C80,2,"['Castelvecchio', 'Torre Lamberti']",Teatro Romano,"['Santa Anastasia', 'Duomo', 'AMO', 'Palazzo della Ragione', 'Museo Conte']",Duomo,strategy_nearest,True,0.003428936004638672,success
04ECD5429C4C80,1,"['Arena', 'Casa Giulietta', 'Torre Lamberti']",Palazzo della Ragione,"['AMO', 'Museo Conte', 'Centro Fotografia', 'Sighseeing', 'Santa Anastasia']",Giardino Giusti,strategy_nearest,False,0.002718210220336914,success
04ECD63A9C4C80,2,['Museo Lapidario'],Castelvecchio,"['Verona Tour', 'Arena', 'Museo Radio', 'San Zeno', 'Sighseeing']",Casa Giulietta,strategy_nearest,False,0.002711057662963867,success
04ECD83A9C4C80,0,['Arena'],Torre Lamberti,"['Sighseeing', 'Centro Fotografia', 'Museo Conte', 'Casa Giulietta', 'Palazzo della Ragione']",Casa Giulietta,strategy_nearest,True,0.001931905746459961,success
04ECF0429C4C80,3,"['Duomo', 'Casa Giulietta', 'San Fermo']",Teatro Romano,"['Santa Anastasia', 'AMO', 'Palazzo della Ragione', 'Museo Conte', 'Centro Fotografia']",San Zeno,strategy_nearest,False,0.0029730796813964844,success
04ECF13A9C4C80,1,"['Arena', 'Casa Giulietta']",Torre Lamberti,"['Sighseeing', 'Centro Fotografia', 'Museo Conte', 'Palazzo della Ragione', 'AMO']",Palazzo della Ragione,strategy_nearest,True,0.0029020309448242188,success
04ECE93A9C4C80,1,"['Teatro Romano', 'Santa Anastasia']",Palazzo della Ragione,"['AMO', 'Museo Conte', 'Torre Lamberti', 'Centro Fotografia', 'Sighseeing']",Torre Lamberti,strategy_nearest,True,0.0029802322387695312,success
04ED0A3A9C4C84,3,"['Arena', 'Torre Lamberti', 'Casa Giulietta']",Castelvecchio,"['Museo Lapidario', 'Verona Tour', 'Museo Radio', 'San Zeno', 'Sighseeing']",San Zeno,strategy_nearest,True,0.0013260841369628906,success
04ECF1429C4C80,2,"['Giardino Giusti', 'Palazzo della Ragione']",Santa Anastasia,"['AMO', 'Museo Conte', 'Teatro Romano', 'Centro Fotografia', 'Duomo']",Duomo,strategy_nearest,True,0.003190755844116211,success
04ECFB429C4C80,3,"['Arena', 'Casa Giulietta']",Duomo,"['AMO', 'Museo Miniscalchi', 'Santa Anastasia', 'Teatro Romano', 'Palazzo della Ragione']",San Zeno,strategy_nearest,False,0.0027468204498291016,success
04ECF93A9C4C80,0,['Arena'],Casa Giulietta,"['Centro Fotografia', 'Sighseeing', 'Torre Lamberti', 'Museo Conte', 'Museo Radio']",Castelvecchio,strategy_nearest,False,0.003389120101928711,success
04ED0D429C4C84,3,['Arena'],Torre Lamberti,"['Sighseeing', 'Centro Fotografia', 'Museo Conte', 'Casa Giulietta', 'Palazzo della Ragione']",Santa Anastasia,strategy_nearest,False,0.0015761852264404297,success
04ED183A9C4C84,3,"['Arena', 'Santa Anastasia']",Teatro Romano,"['Duomo', 'AMO', 'Palazzo della Ragione', 'Museo Conte', 'Centro Fotografia']",Casa Giulietta,strategy_nearest,False,0.002778768539428711,success
04ED0B429C4C84,0,['Arena'],Castelvecchio,"['Museo Lapidario', 'Verona Tour', 'Museo Radio', 'San Zeno', 'Sighseeing']",San Zeno,strategy_nearest,True,0.0029630661010742188,success
04ED1A429C4C84,0,['Arena'],Casa Giulietta,"['Centro Fotografia', 'Sighseeing', 'Torre Lamberti', 'Museo Conte', 'Museo Radio']",Castelvecchio,strategy_nearest,False,0.0032858848571777344,success
04ED263A9C4C80,2,"['San Zeno', 'Castelvecchio']",Duomo,"['AMO', 'Museo Miniscalchi', 'Santa Anastasia', 'Teatro Romano', 'Palazzo della Ragione']",Casa Giulietta,strategy_nearest,False,0.0019309520721435547,success
04ED253A9C4C80,0,"['Teatro Romano', 'Torre Lamberti']",Casa Giulietta,"['Centro Fotografia', 'Sighseeing', 'Museo Conte', 'Museo Radio', 'Palazzo della Ragione']",San Zeno,strategy_nearest,False,0.002753019332885742,success
04ED243A9C4C80,0,['Arena'],Casa Giulietta,"['Centro Fotografia', 'Sighseeing', 'Torre Lamberti', 'Museo Conte', 'Museo Radio']",Castelvecchio,strategy_nearest,False,0.0036890506744384766,success
04ED274A9C4C80,4,"['Teatro Romano', 'Santa Anastasia', 'Casa Giulietta', 'Tomba Giulietta']",Museo Radio,"['San Fermo', 'Arena', 'Sighseeing', 'Torre Lamberti', 'Centro Fotografia']",Torre Lamberti,strategy_nearest,True,0.0033059120178222656,success
04ED2A3A9C4C80,0,['Arena'],Duomo,"['AMO', 'Museo Miniscalchi', 'Santa Anastasia', 'Teatro Romano', 'Palazzo della Ragione']",Casa Giulietta,strategy_nearest,False,0.0013251304626464844,success
04ED29429C4C80,2,"['Castelvecchio', 'San Zeno']",Duomo,"['AMO', 'Museo Miniscalchi', 'Santa Anastasia', 'Teatro Romano', 'Palazzo della Ragione']",Santa Anastasia,strategy_nearest,True,0.0032949447631835938,success
04ED2B4A9C4C80,3,"['Casa Giulietta', 'San Fermo', 'Arena', 'Torre Lamberti']",Duomo,"['AMO', 'Museo Miniscalchi', 'Santa Anastasia', 'Teatro Romano', 'Palazzo della Ragione']",Teatro Romano,strategy_nearest,True,0.003032207489013672,success
04ED2C429C4C80,0,['Arena'],Museo Lapidario,"['Verona Tour', 'Castelvecchio', 'Museo Radio', 'San Fermo', 'Casa Giulietta']",Casa Giulietta,strategy_nearest,True,0.0026743412017822266,success
04ED2D3A9C4C80,3,['Arena'],San Zeno,"['Castelvecchio', 'Verona Tour', 'Museo Lapidario', 'Museo Miniscalchi', 'Sighseeing']",Santa Anastasia,strategy_nearest,False,0.0024950504302978516,success
04ED3EA28C3680,2,"['Santa Anastasia', 'Duomo']",San Fermo,"['Museo Storia', 'Museo Radio', 'Casa Giulietta', 'Centro Fotografia', 'Arena']",Santa Anastasia,strategy_nearest,False,0.0031909942626953125,success
04ED333A9C4C80,0,['Santa Anastasia'],Arena,"['Verona Tour', 'Museo Lapidario', 'Museo Radio', 'San Fermo', 'Casa Giulietta']",Castelvecchio,strategy_nearest,False,0.0034520626068115234,success
04ED453A9C4C80,3,['Arena'],Casa Giulietta,"['Centro Fotografia', 'Sighseeing', 'Torre Lamberti', 'Museo Conte', 'Museo Radio']",Torre Lamberti,strategy_nearest,True,0.0027201175689697266,success
04ED45429C4C80,0,['Casa Giulietta'],Castelvecchio,"['Museo Lapidario', 'Verona Tour', 'Arena', 'Museo Radio', 'San Zeno']",Arena,strategy_nearest,True,0.003258228302001953,success
04ED47429C4C80,3,"['Arena', 'Duomo']",Teatro Romano,"['Santa Anastasia', 'AMO', 'Palazzo della Ragione', 'Museo Conte', 'Centro Fotografia']",Santa Anastasia,strategy_nearest,True,0.0025289058685302734,success
04ED55429C4C80,0,['Arena'],Casa Giulietta,"['Centro Fotografia', 'Sighseeing', 'Torre Lamberti', 'Museo Conte', 'Museo Radio']",Teatro Romano,strategy_nearest,False,0.0018978118896484375,success
04ED4B429C4C80,1,['Arena'],Casa Giulietta,"['Centro Fotografia', 'Sighseeing', 'Torre Lamberti', 'Museo Conte', 'Museo Radio']",Torre Lamberti,strategy_nearest,True,0.003274202346801758,success
04ED523A9C4C80,0,['Arena'],Casa Giulietta,"['Centro Fotografia', 'Sighseeing', 'Torre Lamberti', 'Museo Conte', 'Museo Radio']",Tomba Giulietta,strategy_nearest,False,0.0032472610473632812,success
04ED61429C4C80,0,['Arena'],Tomba Giulietta,"['San Fermo', 'Museo Storia', 'Museo Lapidario', 'Museo Radio', 'Verona Tour']",Torre Lamberti,strategy_nearest,False,0.002552032470703125,success
04ED743A9C4C80,0,['Tomba Giulietta'],Arena,"['Verona Tour', 'Museo Lapidario', 'Museo Radio', 'San Fermo', 'Casa Giulietta']",Castelvecchio,strategy_nearest,False,0.0021409988403320312,success
04ED753A9C4C80,1,"['Casa Giulietta', 'Torre Lamberti', 'Palazzo della Ragione']",Castelvecchio,"['Museo Lapidario', 'Verona Tour', 'Arena', 'Museo Radio', 'San Zeno']",Tomba Giulietta,strategy_nearest,False,0.0032958984375,success
04ED76429C4C80,1,"['Arena', 'Castelvecchio']",Teatro Romano,"['Santa Anastasia', 'Duomo', 'AMO', 'Palazzo della Ragione', 'Museo Conte']",Torre Lamberti,strategy_nearest,False,0.0025441646575927734,success
04ED733A9C4C80,0,"['Castelvecchio', 'Torre Lamberti']",Casa Giulietta,"['Centro Fotografia', 'Sighseeing', 'Museo Conte', 'Museo Radio', 'Palazzo della Ragione']",Arena,strategy_nearest,False,0.00279998779296875,success
04ED8C3A9C4C80,0,['Arena'],Santa Anastasia,"['AMO', 'Museo Conte', 'Palazzo della Ragione', 'Teatro Romano', 'Centro Fotografia']",Casa Giulietta,strategy_nearest,False,0.0015139579772949219,success
04ED833A9C4C80,0,['Arena'],Castelvecchio,"['Museo Lapidario', 'Verona Tour', 'Museo Radio', 'San Zeno', 'Sighseeing']",Teatro Romano,strategy_nearest,False,0.0022041797637939453,success
04ED8D429C4C80,0,"['Arena', 'Casa Giulietta']",Torre Lamberti,"['Sighseeing', 'Centro Fotografia', 'Museo Conte', 'Palazzo della Ragione', 'AMO']",Teatro Romano,strategy_nearest,False,0.0026879310607910156,success
04ED82429C4C80,0,['Arena'],Casa Giulietta,"['Centro Fotografia', 'Sighseeing', 'Torre Lamberti', 'Museo Conte', 'Museo Radio']",Torre Lamberti,strategy_nearest,True,0.0034618377685546875,success
04EDA9429C4C80,3,"['Arena', 'Castelvecchio']",Santa Anastasia,"['AMO', 'Museo Conte', 'Palazzo della Ragione', 'Teatro Romano', 'Centro Fotografia']",Santa Anastasia,strategy_nearest,False,0.002148866653442383,success
04ED924A9C4C80,2,"['Torre Lamberti', 'Santa Anastasia']",Teatro Romano,"['Duomo', 'AMO', 'Palazzo della Ragione', 'Museo Conte', 'Centro Fotografia']",Castelvecchio,strategy_nearest,False,0.004124879837036133,success
04EDA64A9C4C80,0,['Arena'],Casa Giulietta,"['Centro Fotografia', 'Sighseeing', 'Torre Lamberti', 'Museo Conte', 'Museo Radio']",Tomba Giulietta,strategy_nearest,False,0.0016131401062011719,success
04EDAB429C4C80,3,"['Arena', 'Torre Lamberti']",Santa Anastasia,"['AMO', 'Museo Conte', 'Palazzo della Ragione', 'Teatro Romano', 'Centro Fotografia']",Duomo,strategy_nearest,False,0.0026869773864746094,success
04EDB03A9C4C80,1,['Arena'],Torre Lamberti,"['Sighseeing', 'Centro Fotografia', 'Museo Conte', 'Casa Giulietta', 'Palazzo della Ragione']",Palazzo della Ragione,strategy_nearest,True,0.001374959945678711,success
04EDAF429C4C80,0,['Arena'],Casa Giulietta,"['Centro Fotografia', 'Sighseeing', 'Torre Lamberti', 'Museo Conte', 'Museo Radio']",Torre Lamberti,strategy_nearest,True,0.0027799606323242188,success
04EDB6429C4C80,0,['Casa Giulietta'],Arena,"['Verona Tour', 'Museo Lapidario', 'Museo Radio', 'San Fermo', 'Sighseeing']",Castelvecchio,strategy_nearest,False,0.001882791519165039,success
04EDB8429C4C80,1,"['Casa Giulietta', 'Arena']",Castelvecchio,"['Museo Lapidario', 'Verona Tour', 'Museo Radio', 'San Zeno', 'Sighseeing']",Torre Lamberti,strategy_nearest,False,0.003439188003540039,success
04EDB93A9C4C80,1,['Arena'],Palazzo della Ragione,"['AMO', 'Museo Conte', 'Torre Lamberti', 'Centro Fotografia', 'Sighseeing']",Torre Lamberti,strategy_nearest,True,0.001814126968383789,success
04EDBD3A9C4C80,3,"['Arena', 'Torre Lamberti']",Casa Giulietta,"['Centro Fotografia', 'Sighseeing', 'Museo Conte', 'Museo Radio', 'Palazzo della Ragione']",Teatro Romano,strategy_nearest,False,0.002924203872680664,success
04EDC03A9C4C80,0,['Arena'],Casa Giulietta,"['Centro Fotografia', 'Sighseeing', 'Torre Lamberti', 'Museo Conte', 'Museo Radio']",Santa Anastasia,strategy_nearest,False,0.00339508056640625,success
04EDC13A9C4C80,1,"['Arena', 'Torre Lamberti']",Palazzo della Ragione,"['AMO', 'Museo Conte', 'Centro Fotografia', 'Sighseeing', 'Santa Anastasia']",Casa Giulietta,strategy_nearest,False,0.003195047378540039,success
04EDBA3A9C4C80,0,['Arena'],Torre Lamberti,"['Sighseeing', 'Centro Fotografia', 'Museo Conte', 'Casa Giulietta', 'Palazzo della Ragione']",Teatro Romano,strategy_nearest,False,0.003099203109741211,success
04EDC33A9C4C80,3,"['Arena', 'Tomba Giulietta', 'San Fermo']",Casa Giulietta,"['Centro Fotografia', 'Sighseeing', 'Torre Lamberti', 'Museo Conte', 'Museo Radio']",Torre Lamberti,strategy_nearest,True,0.004023075103759766,success
04EDD13A9C4C80,3,"['Arena', 'Casa Giulietta', 'Teatro Romano']",Giardino Giusti,"['Santa Anastasia', 'Museo Conte', 'Centro Fotografia', 'Museo Storia', 'AMO']",Tomba Giulietta,strategy_nearest,False,0.0014052391052246094,success
04EDD63A9C4C80,0,['Arena'],Casa Giulietta,"['Centro Fotografia', 'Sighseeing', 'Torre Lamberti', 'Museo Conte', 'Museo Radio']",Teatro Romano,strategy_nearest,False,0.003348827362060547,success
04EDC9429C4C80,2,"['Casa Giulietta', 'Palazzo della Ragione', 'Santa Anastasia']",San Zeno,"['Castelvecchio', 'Verona Tour', 'Museo Lapidario', 'Arena', 'Museo Miniscalchi']",Duomo,strategy_nearest,False,0.002171039581298828,success
04EDD93A9C4C80,3,['Arena'],Torre Lamberti,"['Sighseeing', 'Centro Fotografia', 'Museo Conte', 'Casa Giulietta', 'Palazzo della Ragione']",Santa Anastasia,strategy_nearest,False,0.002763032913208008,success
04EDDA3A9C4C80,0,['Arena'],Casa Giulietta,"['Centro Fotografia', 'Sighseeing', 'Torre Lamberti', 'Museo Conte', 'Museo Radio']",Santa Anastasia,strategy_nearest,False,0.0020139217376708984,success
04EDE63A9C4C80,2,"['Torre Lamberti', 'Casa Giulietta']",Santa Anastasia,"['AMO', 'Museo Conte', 'Palazzo della Ragione', 'Teatro Romano', 'Centro Fotografia']",Duomo,strategy_nearest,False,0.002689838409423828,success
04EDEC3A9C4C80,1,['Arena'],Castelvecchio,"['Museo Lapidario', 'Verona Tour', 'Museo Radio', 'San Zeno', 'Sighseeing']",Torre Lamberti,strategy_nearest,False,0.0033829212188720703,success
04EDF93A9C4C80,1,"['Arena', 'Casa Giulietta', 'Torre Lamberti']",Palazzo della Ragione,"['AMO', 'Museo Conte', 'Centro Fotografia', 'Sighseeing', 'Santa Anastasia']",Santa Anastasia,strategy_nearest,True,0.0031938552856445312,success
04EE0F3A9C4C84,0,['Arena'],Casa Giulietta,"['Centro Fotografia', 'Sighseeing', 'Torre Lamberti', 'Museo Conte', 'Museo Radio']",Tomba Giulietta,strategy_nearest,False,0.0018792152404785156,success
04EE01429C4C84,2,"['San Fermo', 'Santa Anastasia']",Museo Lapidario,"['Verona Tour', 'Arena', 'Castelvecchio', 'Museo Radio', 'Casa Giulietta']",San Zeno,strategy_nearest,False,0.0032122135162353516,success
04EE143A9C4C84,3,"['San Zeno', 'Torre Lamberti']",Casa Giulietta,"['Centro Fotografia', 'Sighseeing', 'Museo Conte', 'Museo Radio', 'Palazzo della Ragione']",Duomo,strategy_nearest,False,0.0030417442321777344,success
04EE183A9C4C84,2,['Torre Lamberti'],Teatro Romano,"['Santa Anastasia', 'Duomo', 'AMO', 'Palazzo della Ragione', 'Museo Conte']",Castelvecchio,strategy_nearest,False,0.002717256546020508,success
04EE253A9C4C80,0,['Arena'],Duomo,"['AMO', 'Museo Miniscalchi', 'Santa Anastasia', 'Teatro Romano', 'Palazzo della Ragione']",Tomba Giulietta,strategy_nearest,False,0.0033447742462158203,success
04EE16429C4C84,3,['Arena'],San Fermo,"['Museo Storia', 'Museo Radio', 'Casa Giulietta', 'Centro Fotografia', 'Sighseeing']",Santa Anastasia,strategy_nearest,False,0.0028600692749023438,success
04EE2B3A9C4C80,0,['Arena'],Casa Giulietta,"['Centro Fotografia', 'Sighseeing', 'Torre Lamberti', 'Museo Conte', 'Museo Radio']",Casa Giulietta,strategy_nearest,False,0.0029282569885253906,success
04EE2D3A9C4C80,0,['Arena'],Castelvecchio,"['Museo Lapidario', 'Verona Tour', 'Museo Radio', 'San Zeno', 'Sighseeing']",Casa Giulietta,strategy_nearest,False,0.0034780502319335938,success
04EE30429C4C80,0,['Arena'],Casa Giulietta,"['Centro Fotografia', 'Sighseeing', 'Torre Lamberti', 'Museo Conte', 'Museo Radio']",Santa Anastasia,strategy_nearest,False,0.0025658607482910156,success
04EE2E429C4C80,3,"['Torre Lamberti', 'Casa Giulietta', 'Santa Anastasia']",Teatro Romano,"['Duomo', 'AMO', 'Palazzo della Ragione', 'Museo Conte', 'Centro Fotografia']",Arena,strategy_nearest,False,0.0022232532501220703,success
04EE333A9C4C80,1,"['Arena', 'Palazzo della Ragione']",Torre Lamberti,"['Sighseeing', 'Centro Fotografia', 'Museo Conte', 'Casa Giulietta', 'AMO']",Casa Giulietta,strategy_nearest,True,0.0014319419860839844,success
04EE323A9C4C80,0,['Arena'],Castelvecchio,"['Museo Lapidario', 'Verona Tour', 'Museo Radio', 'San Zeno', 'Sighseeing']",Santa Anastasia,strategy_nearest,False,0.0022089481353759766,success
04EE334A9C4C80,2,"['Duomo', 'Santa Anastasia']",San Zeno,"['Castelvecchio', 'Verona Tour', 'Museo Lapidario', 'Arena', 'Museo Miniscalchi']",Castelvecchio,strategy_nearest,True,0.002679109573364258,success
04EE363A9C4C80,1,"['Arena', 'Torre Lamberti', 'Palazzo della Ragione']",Casa Giulietta,"['Centro Fotografia', 'Sighseeing', 'Museo Conte', 'Museo Radio', 'San Fermo']",San Fermo,strategy_nearest,True,0.003253936767578125,success
04EE433A9C4C80,3,"['San Zeno', 'Arena']",San Fermo,"['Museo Storia', 'Museo Radio', 'Casa Giulietta', 'Centro Fotografia', 'Sighseeing']",Santa Anastasia,strategy_nearest,False,0.0014257431030273438,success
04EE383A9C4C80,1,"['Arena', 'Torre Lamberti']",Palazzo della Ragione,"['AMO', 'Museo Conte', 'Centro Fotografia', 'Sighseeing', 'Santa Anastasia']",Santa Anastasia,strategy_nearest,True,0.003426074981689453,success
04EE4D429C4C80,1,"['Arena', 'Castelvecchio']",Casa Giulietta,"['Centro Fotografia', 'Sighseeing', 'Torre Lamberti', 'Museo Conte', 'Museo Radio']",Torre Lamberti,strategy_nearest,True,0.002749204635620117,success
04EE4E3A9C4C80,3,"['Arena', 'Torre Lamberti']",Santa Anastasia,"['AMO', 'Museo Conte', 'Palazzo della Ragione', 'Teatro Romano', 'Centro Fotografia']",Duomo,strategy_nearest,False,0.003187894821166992,success
04EE53429C4C80,0,['Arena'],Casa Giulietta,"['Centro Fotografia', 'Sighseeing', 'Torre Lamberti', 'Museo Conte', 'Museo Radio']",Torre Lamberti,strategy_nearest,True,0.003823995590209961,success
04EE6A3A9C4C80,3,"['Torre Lamberti', 'Casa Giulietta', 'Duomo']",Arena,"['Verona Tour', 'Museo Lapidario', 'Museo Radio', 'San Fermo', 'Sighseeing']",Castelvecchio,strategy_nearest,False,0.0018870830535888672,success
04EE66429C4C80,0,['Arena'],Casa Giulietta,"['Centro Fotografia', 'Sighseeing', 'Torre Lamberti', 'Museo Conte', 'Museo Radio']",Torre Lamberti,strategy_nearest,True,0.0025238990783691406,success
04EE6B429C4C80,3,"['Arena', 'Duomo', 'Teatro Romano']",Santa Anastasia,"['AMO', 'Museo Conte', 'Palazzo della Ragione', 'Centro Fotografia', 'Torre Lamberti']",Torre Lamberti,strategy_nearest,True,0.0027751922607421875,success
04EE6A429C4C80,0,['Casa Giulietta'],Arena,"['Verona Tour', 'Museo Lapidario', 'Museo Radio', 'San Fermo', 'Sighseeing']",Tomba Giulietta,strategy_nearest,False,0.0032320022583007812,success
04EE6B3A9C4C80,3,"['San Zeno', 'Arena', 'Casa Giulietta']",Santa Anastasia,"['AMO', 'Museo Conte', 'Palazzo della Ragione', 'Teatro Romano', 'Centro Fotografia']",Duomo,strategy_nearest,False,0.0022199153900146484,success
04EE793A9C4C80,1,"['Casa Giulietta', 'Torre Lamberti']",Palazzo della Ragione,"['AMO', 'Museo Conte', 'Centro Fotografia', 'Sighseeing', 'Santa Anastasia']",Duomo,strategy_nearest,False,0.003304004669189453,success
04EE79429C4C80,3,['Arena'],Santa Anastasia,"['AMO', 'Museo Conte', 'Palazzo della Ragione', 'Teatro Romano', 'Centro Fotografia']",Duomo,strategy_nearest,False,0.0018160343170166016,success
04EE84429C4C80,3,"['Arena', 'Castelvecchio']",Casa Giulietta,"['Centro Fotografia', 'Sighseeing', 'Torre Lamberti', 'Museo Conte', 'Museo Radio']",Torre Lamberti,strategy_nearest,True,0.002785921096801758,success
04EE814A9C4C80,0,['Arena'],Castelvecchio,"['Museo Lapidario', 'Verona Tour', 'Museo Radio', 'San Zeno', 'Sighseeing']",Duomo,strategy_nearest,False,0.002794027328491211,success
04EE8D3A9C4C80,0,['Arena'],Casa Giulietta,"['Centro Fotografia', 'Sighseeing', 'Torre Lamberti', 'Museo Conte', 'Museo Radio']",Torre Lamberti,strategy_nearest,True,0.002269744873046875,success
04EE864A9C4C80,0,['Arena'],Casa Giulietta,"['Centro Fotografia', 'Sighseeing', 'Torre Lamberti', 'Museo Conte', 'Museo Radio']",Santa Anastasia,strategy_nearest,False,0.0034689903259277344,success
04EE924A9C4C80,2,"['Casa Giulietta', 'Teatro Romano']",Duomo,"['AMO', 'Museo Miniscalchi', 'Santa Anastasia', 'Palazzo della Ragione', 'Museo Conte']",Santa Anastasia,strategy_nearest,True,0.0027430057525634766,success
04EE93429C4C80,0,['Arena'],Torre Lamberti,"['Sighseeing', 'Centro Fotografia', 'Museo Conte', 'Casa Giulietta', 'Palazzo della Ragione']",Casa Giulietta,strategy_nearest,True,0.0035691261291503906,success
04EEA24A9C4C80,3,"['Castelvecchio', 'Arena']",San Fermo,"['Museo Storia', 'Museo Radio', 'Casa Giulietta', 'Centro Fotografia', 'Sighseeing']",Torre Lamberti,strategy_nearest,False,0.0025348663330078125,success
04EEA04A9C4C80,3,['Arena'],Torre Lamberti,"['Sighseeing', 'Centro Fotografia', 'Museo Conte', 'Casa Giulietta', 'Palazzo della Ragione']",Santa Anastasia,strategy_nearest,False,0.0036058425903320312,success
04EEB1429C4C80,3,"['Casa Giulietta', 'Santa Anastasia']",Duomo,"['AMO', 'Museo Miniscalchi', 'Teatro Romano', 'Palazzo della Ragione', 'Museo Conte']",Tomba Giulietta,strategy_nearest,False,0.002223968505859375,success
04EEAC429C4C80,4,"['Arena', 'Castelvecchio']",Torre Lamberti,"['Sighseeing', 'Centro Fotografia', 'Museo Conte', 'Casa Giulietta', 'Palazzo della Ragione']",Museo Radio,strategy_nearest,False,0.0038988590240478516,success
04EEB2429C4C80,0,['Castelvecchio'],Arena,"['Verona Tour', 'Museo Lapidario', 'Museo Radio', 'San Fermo', 'Casa Giulietta']",Casa Giulietta,strategy_nearest,True,0.0035817623138427734,success
04EEBA3A9C4C80,2,"['Teatro Romano', 'Santa Anastasia']",Torre Lamberti,"['Sighseeing', 'Centro Fotografia', 'Museo Conte', 'Casa Giulietta', 'Palazzo della Ragione']",Palazzo della Ragione,strategy_nearest,True,0.0027039051055908203,success
04EEBE3A9C4C80,0,"['Arena', 'Museo Lapidario']",Castelvecchio,"['Verona Tour', 'Museo Radio', 'San Zeno', 'Sighseeing', 'Museo Miniscalchi']",Duomo,strategy_nearest,False,0.006756782531738281,success
04EEC1429C4C80,3,['Santa Anastasia'],Teatro Romano,"['Duomo', 'AMO', 'Palazzo della Ragione', 'Museo Conte', 'Centro Fotografia']",Duomo,strategy_nearest,True,0.0031197071075439453,success
04EEC13A9C4C80,3,"['Arena', 'Casa Giulietta']",Torre Lamberti,"['Sighseeing', 'Centro Fotografia', 'Museo Conte', 'Palazzo della Ragione', 'AMO']",Santa Anastasia,strategy_nearest,False,0.0060329437255859375,success
04EEC8429C4C80,2,['Casa Giulietta'],Torre Lamberti,"['Sighseeing', 'Centro Fotografia', 'Museo Conte', 'Palazzo della Ragione', 'AMO']",Santa Anastasia,strategy_nearest,False,0.0027599334716796875,success
04EEC93A9C4C80,0,"['Arena', 'Castelvecchio']",Torre Lamberti,"['Sighseeing', 'Centro Fotografia', 'Museo Conte', 'Casa Giulietta', 'Palazzo della Ragione']",Casa Giulietta,strategy_nearest,True,0.0025930404663085938,success
04EEC7429C4C80,3,['Santa Anastasia'],Castelvecchio,"['Museo Lapidario', 'Verona Tour', 'Arena', 'Museo Radio', 'San Zeno']",Teatro Romano,strategy_nearest,False,0.004835844039916992,success
04EED13A9C4C80,3,"['Arena', 'Torre Lamberti']",Casa Giulietta,"['Centro Fotografia', 'Sighseeing', 'Museo Conte', 'Museo Radio', 'Palazzo della Ragione']",Santa Anastasia,strategy_nearest,False,0.0031151771545410156,success
04EED43A9C4C80,3,"['Tomba Giulietta', 'Casa Giulietta', 'Arena']",Castelvecchio,"['Museo Lapidario', 'Verona Tour', 'Museo Radio', 'San Zeno', 'Sighseeing']",Torre Lamberti,strategy_nearest,False,0.0038928985595703125,success
04EED73A9C4C80,1,['Arena'],Palazzo della Ragione,"['AMO', 'Museo Conte', 'Torre Lamberti', 'Centro Fotografia', 'Sighseeing']",Casa Giulietta,strategy_nearest,False,0.003097057342529297,success
04EED2429C4C80,1,"['Palazzo della Ragione', 'Casa Giulietta', 'Santa Anastasia']",San Fermo,"['Museo Storia', 'Museo Radio', 'Centro Fotografia', 'Arena', 'Sighseeing']",Arena,strategy_nearest,True,0.0026192665100097656,success
04EEE93A9C4C80,2,['Torre Lamberti'],Giardino Giusti,"['Santa Anastasia', 'Teatro Romano', 'Museo Conte', 'Centro Fotografia', 'Museo Storia']",Duomo,strategy_nearest,False,0.0016529560089111328,success
04EEF43A9C4C80,3,"['Arena', 'Casa Giulietta', 'Torre Lamberti']",Santa Anastasia,"['AMO', 'Museo Conte', 'Palazzo della Ragione', 'Teatro Romano', 'Centro Fotografia']",Duomo,strategy_nearest,False,0.0023651123046875,success
04EEEF429C4C80,3,"['Torre Lamberti', 'Arena']",Duomo,"['AMO', 'Museo Miniscalchi', 'Santa Anastasia', 'Teatro Romano', 'Palazzo della Ragione']",Santa Anastasia,strategy_nearest,True,0.003165721893310547,success
04EEFB3A9C4C80,0,['Casa Giulietta'],Duomo,"['AMO', 'Museo Miniscalchi', 'Santa Anastasia', 'Teatro Romano', 'Palazzo della Ragione']",Arena,strategy_nearest,False,0.0038259029388427734,success
04EEFC3A9C4C80,3,"['Arena', 'San Zeno']",Torre Lamberti,"['Sighseeing', 'Centro Fotografia', 'Museo Conte', 'Casa Giulietta', 'Palazzo della Ragione']",Casa Giulietta,strategy_nearest,True,0.0030701160430908203,success
04EF053A9C4C84,0,['Arena'],Casa Giulietta,"['Centro Fotografia', 'Sighseeing', 'Torre Lamberti', 'Museo Conte', 'Museo Radio']",Santa Anastasia,strategy_nearest,False,0.002708911895751953,success
04EF193A9C4C84,0,['Arena'],Casa Giulietta,"['Centro Fotografia', 'Sighseeing', 'Torre Lamberti', 'Museo Conte', 'Museo Radio']",Santa Anastasia,strategy_nearest,False,0.002705812454223633,success
04EF0D429C4C84,0,['Casa Giulietta'],Arena,"['Verona Tour', 'Museo Lapidario', 'Museo Radio', 'San Fermo', 'Sighseeing']",Torre Lamberti,strategy_nearest,False,0.0012810230255126953,success
04EF163A9C4C84,3,"['Arena', 'Castelvecchio']",Torre Lamberti,"['Sighseeing', 'Centro Fotografia', 'Museo Conte', 'Casa Giulietta', 'Palazzo della Ragione']",Casa Giulietta,strategy_nearest,True,0.003482818603515625,success
04EF1B3A9C4C80,3,"['Castelvecchio', 'Casa Giulietta', 'Torre Lamberti']",Santa Anastasia,"['AMO', 'Museo Conte', 'Palazzo della Ragione', 'Teatro Romano', 'Centro Fotografia']",Duomo,strategy_nearest,False,0.002293109893798828,success
04EF2C3A9C4C80,0,['Arena'],Casa Giulietta,"['Centro Fotografia', 'Sighseeing', 'Torre Lamberti', 'Museo Conte', 'Museo Radio']",Santa Anastasia,strategy_nearest,False,0.0033190250396728516,success
04EF263A9C4C80,0,['Arena'],Casa Giulietta,"['Centro Fotografia', 'Sighseeing', 'Torre Lamberti', 'Museo Conte', 'Museo Radio']",Castelvecchio,strategy_nearest,False,0.0020110607147216797,success
04EF233A9C4C80,0,"['Arena', 'Museo Lapidario']",Castelvecchio,"['Verona Tour', 'Museo Radio', 'San Zeno', 'Sighseeing', 'Museo Miniscalchi']",Torre Lamberti,strategy_nearest,False,0.0036041736602783203,success
04EF2E3A9C4C80,1,"['Arena', 'Casa Giulietta']",Palazzo della Ragione,"['AMO', 'Museo Conte', 'Torre Lamberti', 'Centro Fotografia', 'Sighseeing']",San Zeno,strategy_nearest,False,0.0031108856201171875,success
04EF3C429C4C80,1,['Arena'],Casa Giulietta,"['Centro Fotografia', 'Sighseeing', 'Torre Lamberti', 'Museo Conte', 'Museo Radio']",Torre Lamberti,strategy_nearest,True,0.0018382072448730469,success
04EF31429C4C80,3,"['Arena', 'Torre Lamberti', 'Santa Anastasia']",Casa Giulietta,"['Centro Fotografia', 'Sighseeing', 'Museo Conte', 'Museo Radio', 'Palazzo della Ragione']",Duomo,strategy_nearest,False,0.0024929046630859375,success
04EF3F3A9C4C80,0,['Casa Giulietta'],Arena,"['Verona Tour', 'Museo Lapidario', 'Museo Radio', 'San Fermo', 'Sighseeing']",San Zeno,strategy_nearest,False,0.0033681392669677734,success
04EF553A9C4C80,3,"['Arena', 'Casa Giulietta']",Torre Lamberti,"['Sighseeing', 'Centro Fotografia', 'Museo Conte', 'Palazzo della Ragione', 'AMO']",Santa Anastasia,strategy_nearest,False,0.001958131790161133,success
04EF463A9C4C80,3,"['Casa Giulietta', 'Santa Anastasia', 'Teatro Romano']",Duomo,"['AMO', 'Museo Miniscalchi', 'Palazzo della Ragione', 'Museo Conte', 'Torre Lamberti']",Arena,strategy_nearest,False,0.0035228729248046875,success
04EF4C429C4C80,3,"['Arena', 'Casa Giulietta']",Torre Lamberti,"['Sighseeing', 'Centro Fotografia', 'Museo Conte', 'Palazzo della Ragione', 'AMO']",Teatro Romano,strategy_nearest,False,0.0035088062286376953,success
04EF5D429C4C80,0,"['Arena', 'Castelvecchio']",San Fermo,"['Museo Storia', 'Museo Radio', 'Casa Giulietta', 'Centro Fotografia', 'Sighseeing']",Giardino Giusti,strategy_nearest,False,0.0038890838623046875,success
04EF5E429C4C80,0,"['Arena', 'Casa Giulietta']",Torre Lamberti,"['Sighseeing', 'Centro Fotografia', 'Museo Conte', 'Palazzo della Ragione', 'AMO']",Duomo,strategy_nearest,False,0.0019898414611816406,success
04EF71429C4C80,2,['Palazzo della Ragione'],Torre Lamberti,"['Sighseeing', 'Centro Fotografia', 'Museo Conte', 'Casa Giulietta', 'AMO']",Castelvecchio,strategy_nearest,False,0.0032529830932617188,success
04EF713A9C4C80,1,"['Arena', 'Torre Lamberti', 'Palazzo della Ragione']",Casa Giulietta,"['Centro Fotografia', 'Sighseeing', 'Museo Conte', 'Museo Radio', 'San Fermo']",Castelvecchio,strategy_nearest,False,0.002769947052001953,success
04EF763A9C4C80,1,"['Casa Giulietta', 'Torre Lamberti', 'Palazzo della Ragione']",Castelvecchio,"['Museo Lapidario', 'Verona Tour', 'Arena', 'Museo Radio', 'San Zeno']",Tomba Giulietta,strategy_nearest,False,0.002721071243286133,success
04EF794A9C4C80,0,['Torre Lamberti'],Casa Giulietta,"['Centro Fotografia', 'Sighseeing', 'Museo Conte', 'Museo Radio', 'Palazzo della Ragione']",Arena,strategy_nearest,False,0.003192901611328125,success
04EF723A9C4C80,0,['Arena'],Casa Giulietta,"['Centro Fotografia', 'Sighseeing', 'Torre Lamberti', 'Museo Conte', 'Museo Radio']",Castelvecchio,strategy_nearest,False,0.0022280216217041016,success
04EF73429C4C80,3,"['Arena', 'Casa Giulietta']",Santa Anastasia,"['AMO', 'Museo Conte', 'Palazzo della Ragione', 'Teatro Romano', 'Centro Fotografia']",Duomo,strategy_nearest,False,0.001600027084350586,success
04EF7A4A9C4C80,0,['Arena'],Santa Anastasia,"['AMO', 'Museo Conte', 'Palazzo della Ragione', 'Teatro Romano', 'Centro Fotografia']",Casa Giulietta,strategy_nearest,False,0.0022249221801757812,success
04EF7D4A9C4C80,1,"['Museo Lapidario', 'Castelvecchio', 'Palazzo della Ragione']",Casa Giulietta,"['Centro Fotografia', 'Sighseeing', 'Torre Lamberti', 'Museo Conte', 'Museo Radio']",San Fermo,strategy_nearest,False,0.0015060901641845703,success
04EF84429C4C80,0,['Arena'],Casa Giulietta,"['Centro Fotografia', 'Sighseeing', 'Torre Lamberti', 'Museo Conte', 'Museo Radio']",Tomba Giulietta,strategy_nearest,False,0.002683877944946289,success
04EF854A9C4C80,0,['Arena'],Casa Giulietta,"['Centro Fotografia', 'Sighseeing', 'Torre Lamberti', 'Museo Conte', 'Museo Radio']",Santa Anastasia,strategy_nearest,False,0.003304004669189453,success
04EF88429C4C80,1,['Arena'],Palazzo della Ragione,"['AMO', 'Museo Conte', 'Torre Lamberti', 'Centro Fotografia', 'Sighseeing']",Casa Giulietta,strategy_nearest,False,0.001322031021118164,success
04EF873A9C4C80,0,"['Arena', 'Casa Giulietta']",Torre Lamberti,"['Sighseeing', 'Centro Fotografia', 'Museo Conte', 'Palazzo della Ragione', 'AMO']",Teatro Romano,strategy_nearest,False,0.003500699996948242,success
04EF8B4A9C4C80,2,['San Fermo'],Santa Anastasia,"['AMO', 'Museo Conte', 'Palazzo della Ragione', 'Teatro Romano', 'Centro Fotografia']",Duomo,strategy_nearest,False,0.003062009811401367,success
04EF8A3A9C4C80,0,['Arena'],Torre Lamberti,"['Sighseeing', 'Centro Fotografia', 'Museo Conte', 'Casa Giulietta', 'Palazzo della Ragione']",Duomo,strategy_nearest,False,0.002969980239868164,success
04EF99429C4C80,1,"['San Zeno', 'Castelvecchio', 'Arena']",Casa Giulietta,"['Centro Fotografia', 'Sighseeing', 'Torre Lamberti', 'Museo Conte', 'Museo Radio']",Torre Lamberti,strategy_nearest,True,0.0024487972259521484,success
04EF8C4A9C4C80,0,['Arena'],Torre Lamberti,"['Sighseeing', 'Centro Fotografia', 'Museo Conte', 'Casa Giulietta', 'Palazzo della Ragione']",Casa Giulietta,strategy_nearest,True,0.0018191337585449219,success
04EFA74A9C4C80,0,['Arena'],Casa Giulietta,"['Centro Fotografia', 'Sighseeing', 'Torre Lamberti', 'Museo Conte', 'Museo Radio']",Teatro Romano,strategy_nearest,False,0.0030069351196289062,success
04EF9E429C4C80,3,"['Arena', 'Castelvecchio']",Casa Giulietta,"['Centro Fotografia', 'Sighseeing', 'Torre Lamberti', 'Museo Conte', 'Museo Radio']",Santa Anastasia,strategy_nearest,False,0.0028371810913085938,success
04EFAC429C4C80,0,['Arena'],Castelvecchio,"['Museo Lapidario', 'Verona Tour', 'Museo Radio', 'San Zeno', 'Sighseeing']",Duomo,strategy_nearest,False,0.0025250911712646484,success
04EFBB429C4C80,0,['Arena'],Casa Giulietta,"['Centro Fotografia', 'Sighseeing', 'Torre Lamberti', 'Museo Conte', 'Museo Radio']",Torre Lamberti,strategy_nearest,True,0.0025720596313476562,success
04EFAA429C4C80,0,['Castelvecchio'],Casa Giulietta,"['Centro Fotografia', 'Sighseeing', 'Torre Lamberti', 'Museo Conte', 'Museo Radio']",Arena,strategy_nearest,False,0.0034868717193603516,success
04EFB33A9C4C80,3,"['Santa Anastasia', 'Castelvecchio']",Arena,"['Verona Tour', 'Museo Lapidario', 'Museo Radio', 'San Fermo', 'Casa Giulietta']",Duomo,strategy_nearest,False,0.0033478736877441406,success
04EFBD3A9C4C80,3,"['Arena', 'Torre Lamberti']",Casa Giulietta,"['Centro Fotografia', 'Sighseeing', 'Museo Conte', 'Museo Radio', 'Palazzo della Ragione']",Santa Anastasia,strategy_nearest,False,0.002379894256591797,success
04EFBF429C4C80,0,['Casa Giulietta'],Arena,"['Verona Tour', 'Museo Lapidario', 'Museo Radio', 'San Fermo', 'Sighseeing']",Torre Lamberti,strategy_nearest,False,0.0017788410186767578,success
04EFBE3A9C4C80,3,"['Arena', 'Casa Giulietta']",Santa Anastasia,"['AMO', 'Museo Conte', 'Palazzo della Ragione', 'Teatro Romano', 'Centro Fotografia']",Duomo,strategy_nearest,False,0.002439260482788086,success
04EFC7429C4C80,0,['Casa Giulietta'],Arena,"['Verona Tour', 'Museo Lapidario', 'Museo Radio', 'San Fermo', 'Sighseeing']",Teatro Romano,strategy_nearest,False,0.0023860931396484375,success
04EFC43A9C4C80,3,"['Torre Lamberti', 'Santa Anastasia']",Arena,"['Verona Tour', 'Museo Lapidario', 'Museo Radio', 'San Fermo', 'Casa Giulietta']",Casa Giulietta,strategy_nearest,True,0.0026628971099853516,success
04EFD33A9C4C80,3,"['Arena', 'Santa Anastasia']",Duomo,"['AMO', 'Museo Miniscalchi', 'Teatro Romano', 'Palazzo della Ragione', 'Museo Conte']",Castelvecchio,strategy_nearest,False,0.003056764602661133,success
04EFCD429C4C80,3,"['Arena', 'Santa Anastasia', 'San Zeno']",Torre Lamberti,"['Sighseeing', 'Centro Fotografia', 'Museo Conte', 'Casa Giulietta', 'Palazzo della Ragione']",Casa Giulietta,strategy_nearest,True,0.002557039260864258,success
04EFD93A9C4C80,2,"['Castelvecchio', 'San Zeno']",Casa Giulietta,"['Centro Fotografia', 'Sighseeing', 'Torre Lamberti', 'Museo Conte', 'Museo Radio']",Tomba Giulietta,strategy_nearest,False,0.0021190643310546875,success
04EFD83A9C4C80,3,"['Teatro Romano', 'Giardino Giusti', 'Castelvecchio']",Arena,"['Verona Tour', 'Museo Lapidario', 'Museo Radio', 'San Fermo', 'Casa Giulietta']",Casa Giulietta,strategy_nearest,True,0.002768993377685547,success
04EFDB3A9C4C80,2,['Santa Anastasia'],Duomo,"['AMO', 'Museo Miniscalchi', 'Teatro Romano', 'Palazzo della Ragione', 'Museo Conte']",Casa Giulietta,strategy_nearest,False,0.002768993377685547,success
04EFDC3A9C4C80,2,['Torre Lamberti'],Santa Anastasia,"['AMO', 'Museo Conte', 'Palazzo della Ragione', 'Teatro Romano', 'Centro Fotografia']",Duomo,strategy_nearest,False,0.003283262252807617,success
04EFED3A9C4C80,0,['Arena'],Castelvecchio,"['Museo Lapidario', 'Verona Tour', 'Museo Radio', 'San Zeno', 'Sighseeing']",Teatro Romano,strategy_nearest,False,0.0032241344451904297,success
04EFE33A9C4C80,3,"['San Fermo', 'Santa Anastasia']",Castelvecchio,"['Museo Lapidario', 'Verona Tour', 'Arena', 'Museo Radio', 'San Zeno']",Teatro Romano,strategy_nearest,False,0.00177001953125,success
04EFF33A9C4C80,3,['Arena'],Santa Anastasia,"['AMO', 'Museo Conte', 'Palazzo della Ragione', 'Teatro Romano', 'Centro Fotografia']",Duomo,strategy_nearest,False,0.0019369125366210938,success
04EFF43A9C4C80,0,['Arena'],Torre Lamberti,"['Sighseeing', 'Centro Fotografia', 'Museo Conte', 'Casa Giulietta', 'Palazzo della Ragione']",Duomo,strategy_nearest,False,0.003247976303100586,success
04F00A3A9C4C84,2,"['Casa Giulietta', 'Teatro Romano']",Santa Anastasia,"['AMO', 'Museo Conte', 'Palazzo della Ragione', 'Centro Fotografia', 'Duomo']",Castelvecchio,strategy_nearest,False,0.0025238990783691406,success
04F0003A9C4C84,1,"['Arena', 'Casa Giulietta', 'Palazzo della Ragione']",Torre Lamberti,"['Sighseeing', 'Centro Fotografia', 'Museo Conte', 'AMO', 'Museo Miniscalchi']",Santa Anastasia,strategy_nearest,False,0.003459930419921875,success
04F0093A9C4C84,3,['Arena'],Casa Giulietta,"['Centro Fotografia', 'Sighseeing', 'Torre Lamberti', 'Museo Conte', 'Museo Radio']",Torre Lamberti,strategy_nearest,True,0.0021278858184814453,success
04F00E3A9C4C84,0,['Arena'],Casa Giulietta,"['Centro Fotografia', 'Sighseeing', 'Torre Lamberti', 'Museo Conte', 'Museo Radio']",Duomo,strategy_nearest,False,0.002403736114501953,success
04F0143A9C4C84,1,['Arena'],Palazzo della Ragione,"['AMO', 'Museo Conte', 'Torre Lamberti', 'Centro Fotografia', 'Sighseeing']",Torre Lamberti,strategy_nearest,True,0.0017840862274169922,success
04F015429C4C84,3,"['Teatro Romano', 'Duomo']",Castelvecchio,"['Museo Lapidario', 'Verona Tour', 'Arena', 'Museo Radio', 'San Zeno']",San Zeno,strategy_nearest,True,0.0028018951416015625,success
04F01E4A9C4C80,3,['Arena'],Santa Anastasia,"['AMO', 'Museo Conte', 'Palazzo della Ragione', 'Teatro Romano', 'Centro Fotografia']",Duomo,strategy_nearest,False,0.0035200119018554688,success
04F0233A9C4C80,0,['Arena'],Castelvecchio,"['Museo Lapidario', 'Verona Tour', 'Museo Radio', 'San Zeno', 'Sighseeing']",Casa Giulietta,strategy_nearest,False,0.002335071563720703,success
04F0224A9C4C80,3,"['Casa Giulietta', 'Duomo', 'Teatro Romano']",Tomba Giulietta,"['San Fermo', 'Museo Storia', 'Arena', 'Museo Lapidario', 'Museo Radio']",San Zeno,strategy_nearest,False,0.0032389163970947266,success
04F02C429C4C80,3,"['Arena', 'Casa Giulietta', 'Santa Anastasia']",Duomo,"['AMO', 'Museo Miniscalchi', 'Teatro Romano', 'Palazzo della Ragione', 'Museo Conte']",San Fermo,strategy_nearest,False,0.002624988555908203,success
04F0314A9C4C80,3,"['San Zeno', 'Castelvecchio']",Arena,"['Verona Tour', 'Museo Lapidario', 'Museo Radio', 'San Fermo', 'Casa Giulietta']",Torre Lamberti,strategy_nearest,False,0.002765178680419922,success
04F02E4A9C4C80,1,"['Casa Giulietta', 'Torre Lamberti']",Palazzo della Ragione,"['AMO', 'Museo Conte', 'Centro Fotografia', 'Sighseeing', 'Santa Anastasia']",Arena,strategy_nearest,False,0.002846956253051758,success
04F0323A9C4C80,3,"['Arena', 'Casa Giulietta']",Torre Lamberti,"['Sighseeing', 'Centro Fotografia', 'Museo Conte', 'Palazzo della Ragione', 'AMO']",Santa Anastasia,strategy_nearest,False,0.002980947494506836,success
04F03F429C4C80,0,"['Arena', 'Torre Lamberti', 'Casa Giulietta']",San Fermo,"['Museo Storia', 'Museo Radio', 'Centro Fotografia', 'Sighseeing', 'Museo Conte']",Museo Storia,strategy_nearest,True,0.0027670860290527344,success
04F038429C4C80,1,"['Arena', 'Castelvecchio', 'Casa Giulietta', 'Palazzo della Ragione']",Torre Lamberti,"['Sighseeing', 'Centro Fotografia', 'Museo Conte', 'AMO', 'Museo Miniscalchi']",Santa Anastasia,strategy_nearest,False,0.0034711360931396484,success
04F0354A9C4C80,3,"['San Zeno', 'Arena', 'Casa Giulietta']",Tomba Giulietta,"['San Fermo', 'Museo Storia', 'Museo Lapidario', 'Museo Radio', 'Verona Tour']",Torre Lamberti,strategy_nearest,False,0.002454996109008789,success
04F03E3A9C4C80,3,"['Arena', 'Torre Lamberti', 'Casa Giulietta']",Tomba Giulietta,"['San Fermo', 'Museo Storia', 'Museo Lapidario', 'Museo Radio', 'Verona Tour']",Castelvecchio,strategy_nearest,False,0.002209901809692383,success
04F04C429C4C80,0,['Arena'],Castelvecchio,"['Museo Lapidario', 'Verona Tour', 'Museo Radio', 'San Zeno', 'Sighseeing']",Torre Lamberti,strategy_nearest,False,0.0021529197692871094,success
04F047429C4C80,2,['Castelvecchio'],Palazzo della Ragione,"['AMO', 'Museo Conte', 'Torre Lamberti', 'Centro Fotografia', 'Sighseeing']",Torre Lamberti,strategy_nearest,True,0.0015900135040283203,success
04F041429C4C80,3,"['Arena', 'Castelvecchio']",Casa Giulietta,"['Centro Fotografia', 'Sighseeing', 'Torre Lamberti', 'Museo Conte', 'Museo Radio']",Santa Anastasia,strategy_nearest,False,0.003407001495361328,success
04F052429C4C80,0,"['Arena', 'Torre Lamberti']",Casa Giulietta,"['Centro Fotografia', 'Sighseeing', 'Museo Conte', 'Museo Radio', 'Palazzo della Ragione']",Duomo,strategy_nearest,False,0.0032770633697509766,success
04F05D429C4C80,0,['Arena'],Torre Lamberti,"['Sighseeing', 'Centro Fotografia', 'Museo Conte', 'Casa Giulietta', 'Palazzo della Ragione']",Casa Giulietta,strategy_nearest,True,0.0020279884338378906,success
04F0573A9C4C80,2,['Casa Giulietta'],Torre Lamberti,"['Sighseeing', 'Centro Fotografia', 'Museo Conte', 'Palazzo della Ragione', 'AMO']",Palazzo della Ragione,strategy_nearest,True,0.0032548904418945312,success
04F057429C4C80,3,"['Castelvecchio', 'Arena', 'Casa Giulietta']",Torre Lamberti,"['Sighseeing', 'Centro Fotografia', 'Museo Conte', 'Palazzo della Ragione', 'AMO']",Duomo,strategy_nearest,False,0.002057790756225586,success
04F05F3A9C4C80,3,"['Arena', 'Torre Lamberti', 'Casa Giulietta', 'San Fermo']",Castelvecchio,"['Museo Lapidario', 'Verona Tour', 'Museo Radio', 'San Zeno', 'Sighseeing']",Duomo,strategy_nearest,False,0.003384113311767578,success
04F065429C4C80,0,['Arena'],Casa Giulietta,"['Centro Fotografia', 'Sighseeing', 'Torre Lamberti', 'Museo Conte', 'Museo Radio']",Santa Anastasia,strategy_nearest,False,0.0018198490142822266,success
04F05F429C4C80,0,"['Arena', 'Casa Giulietta']",Torre Lamberti,"['Sighseeing', 'Centro Fotografia', 'Museo Conte', 'Palazzo della Ragione', 'AMO']",Duomo,strategy_nearest,False,0.002458810806274414,success
04F06D429C4C80,3,"['Arena', 'Torre Lamberti']",Santa Anastasia,"['AMO', 'Museo Conte', 'Palazzo della Ragione', 'Teatro Romano', 'Centro Fotografia']",Teatro Romano,strategy_nearest,True,0.0024459362030029297,success
04F06F429C4C80,2,['Casa Giulietta'],Tomba Giulietta,"['San Fermo', 'Museo Storia', 'Arena', 'Museo Lapidario', 'Museo Radio']",Torre Lamberti,strategy_nearest,False,0.0023560523986816406,success
04F06C429C4C80,0,['Arena'],Casa Giulietta,"['Centro Fotografia', 'Sighseeing', 'Torre Lamberti', 'Museo Conte', 'Museo Radio']",Castelvecchio,strategy_nearest,False,0.003074169158935547,success
04F06E429C4C80,3,"['Arena', 'San Fermo']",Casa Giulietta,"['Centro Fotografia', 'Sighseeing', 'Torre Lamberti', 'Museo Conte', 'Museo Radio']",Torre Lamberti,strategy_nearest,True,0.0034112930297851562,success
04F0773A9C4C80,0,['Arena'],Casa Giulietta,"['Centro Fotografia', 'Sighseeing', 'Torre Lamberti', 'Museo Conte', 'Museo Radio']",Santa Anastasia,strategy_nearest,False,0.0023877620697021484,success
04F07E3A9C4C80,3,"['Casa Giulietta', 'Torre Lamberti']",Santa Anastasia,"['AMO', 'Museo Conte', 'Palazzo della Ragione', 'Teatro Romano', 'Centro Fotografia']",Duomo,strategy_nearest,False,0.001977205276489258,success
04F0853A9C4C80,1,"['Torre Lamberti', 'Palazzo della Ragione']",Casa Giulietta,"['Centro Fotografia', 'Sighseeing', 'Museo Conte', 'Museo Radio', 'San Fermo']",Tomba Giulietta,strategy_nearest,False,0.0025649070739746094,success
04F08A4A9C4C80,3,['Arena'],Casa Giulietta,"['Centro Fotografia', 'Sighseeing', 'Torre Lamberti', 'Museo Conte', 'Museo Radio']",Santa Anastasia,strategy_nearest,False,0.0033092498779296875,success
04F08C4A9C4C80,3,"['Casa Giulietta', 'Arena']",Torre Lamberti,"['Sighseeing', 'Centro Fotografia', 'Museo Conte', 'Palazzo della Ragione', 'AMO']",Santa Anastasia,strategy_nearest,False,0.0023479461669921875,success
04F08D4A9C4C80,3,"['Santa Anastasia', 'Casa Giulietta']",Arena,"['Verona Tour', 'Museo Lapidario', 'Museo Radio', 'San Fermo', 'Sighseeing']",Castelvecchio,strategy_nearest,False,0.003364086151123047,success
04F08E429C4C80,0,"['Arena', 'Casa Giulietta']",Torre Lamberti,"['Sighseeing', 'Centro Fotografia', 'Museo Conte', 'Palazzo della Ragione', 'AMO']",Teatro Romano,strategy_nearest,False,0.0020558834075927734,success
04F096429C4C80,0,['Arena'],Casa Giulietta,"['Centro Fotografia', 'Sighseeing', 'Torre Lamberti', 'Museo Conte', 'Museo Radio']",Santa Anastasia,strategy_nearest,False,0.002585172653198242,success
04F090429C4C80,3,"['Arena', 'Santa Anastasia']",Duomo,"['AMO', 'Museo Miniscalchi', 'Teatro Romano', 'Palazzo della Ragione', 'Museo Conte']",Torre Lamberti,strategy_nearest,False,0.003612995147705078,success
04F099429C4C80,3,"['Arena', 'Casa Giulietta']",Torre Lamberti,"['Sighseeing', 'Centro Fotografia', 'Museo Conte', 'Palazzo della Ragione', 'AMO']",Santa Anastasia,strategy_nearest,False,0.0025148391723632812,success
04F0AA429C4C80,3,"['Arena', 'Casa Giulietta']",Torre Lamberti,"['Sighseeing', 'Centro Fotografia', 'Museo Conte', 'Palazzo della Ragione', 'AMO']",Teatro Romano,strategy_nearest,False,0.004801034927368164,success
04F0AD429C4C80,0,['Arena'],Casa Giulietta,"['Centro Fotografia', 'Sighseeing', 'Torre Lamberti', 'Museo Conte', 'Museo Radio']",Torre Lamberti,strategy_nearest,True,0.00379180908203125,success
04F0AC429C4C80,1,"['Arena', 'Museo Lapidario', 'Casa Giulietta']",Torre Lamberti,"['Sighseeing', 'Centro Fotografia', 'Museo Conte', 'Palazzo della Ragione', 'AMO']",Palazzo della Ragione,strategy_nearest,True,0.001795053482055664,success
04F0AB429C4C80,0,"['Arena', 'Casa Giulietta']",Torre Lamberti,"['Sighseeing', 'Centro Fotografia', 'Museo Conte', 'Palazzo della Ragione', 'AMO']",Duomo,strategy_nearest,False,0.004031181335449219,success
04F0B63A9C4C80,3,"['Arena', 'Casa Giulietta']",Santa Anastasia,"['AMO', 'Museo Conte', 'Palazzo della Ragione', 'Teatro Romano', 'Centro Fotografia']",Duomo,strategy_nearest,False,0.0014781951904296875,success
04F0C0429C4C80,3,['Casa Giulietta'],Santa Anastasia,"['AMO', 'Museo Conte', 'Palazzo della Ragione', 'Teatro Romano', 'Centro Fotografia']",Arena,strategy_nearest,False,0.0032911300659179688,success
04F0B0429C4C80,0,['Casa Giulietta'],Torre Lamberti,"['Sighseeing', 'Centro Fotografia', 'Museo Conte', 'Palazzo della Ragione', 'AMO']",Arena,strategy_nearest,False,0.002269268035888672,success
04F0AF3A9C4C80,2,['San Zeno'],Teatro Romano,"['Santa Anastasia', 'Duomo', 'AMO', 'Palazzo della Ragione', 'Museo Conte']",Castelvecchio,strategy_nearest,False,0.0029180049896240234,success
04F0C73A9C4C80,3,"['Arena', 'Casa Giulietta']",Castelvecchio,"['Museo Lapidario', 'Verona Tour', 'Museo Radio', 'San Zeno', 'Sighseeing']",Duomo,strategy_nearest,False,0.003400087356567383,success
04F0C93A9C4C80,1,"['Arena', 'Casa Giulietta', 'Torre Lamberti']",Palazzo della Ragione,"['AMO', 'Museo Conte', 'Centro Fotografia', 'Sighseeing', 'Santa Anastasia']",Santa Anastasia,strategy_nearest,True,0.0015988349914550781,success
04F0C9429C4C80,2,"['Santa Anastasia', 'Duomo', 'Teatro Romano']",Torre Lamberti,"['Sighseeing', 'Centro Fotografia', 'Museo Conte', 'Casa Giulietta', 'Palazzo della Ragione']",Casa Giulietta,strategy_nearest,True,0.002753019332885742,success
04F0CA3A9C4C80,3,"['Torre Lamberti', 'Casa Giulietta']",Giardino Giusti,"['Santa Anastasia', 'Teatro Romano', 'Museo Conte', 'Centro Fotografia', 'Museo Storia']",Santa Anastasia,strategy_nearest,True,0.002028942108154297,success
04F0CF3A9C4C80,2,"['San Zeno', 'Castelvecchio']",Casa Giulietta,"['Centro Fotografia', 'Sighseeing', 'Torre Lamberti', 'Museo Conte', 'Museo Radio']",Torre Lamberti,strategy_nearest,True,0.0021958351135253906,success
04F0CF429C4C80,1,"['Arena', 'Casa Giulietta', 'Duomo', 'Santa Anastasia']",Arena,"['Verona Tour', 'Museo Lapidario', 'Museo Radio', 'San Fermo', 'Sighseeing']",Torre Lamberti,strategy_nearest,False,0.002733945846557617,success
04F0D0429C4C80,3,"['Castelvecchio', 'Arena', 'Torre Lamberti']",Casa Giulietta,"['Centro Fotografia', 'Sighseeing', 'Museo Conte', 'Museo Radio', 'Palazzo della Ragione']",Santa Anastasia,strategy_nearest,False,0.0014028549194335938,success
04F0D83A9C4C80,0,['Arena'],Duomo,"['AMO', 'Museo Miniscalchi', 'Santa Anastasia', 'Teatro Romano', 'Palazzo della Ragione']",Torre Lamberti,strategy_nearest,False,0.003313779830932617,success
04F0F93A9C4C80,0,['Arena'],Casa Giulietta,"['Centro Fotografia', 'Sighseeing', 'Torre Lamberti', 'Museo Conte', 'Museo Radio']",Teatro Romano,strategy_nearest,False,0.002679109573364258,success
04F0DA429C4C80,2,"['Torre Lamberti', 'Duomo']",Teatro Romano,"['Santa Anastasia', 'AMO', 'Palazzo della Ragione', 'Museo Conte', 'Centro Fotografia']",Giardino Giusti,strategy_nearest,False,0.002499818801879883,success
04F0F73A9C4C80,0,"['Arena', 'Casa Giulietta']",Torre Lamberti,"['Sighseeing', 'Centro Fotografia', 'Museo Conte', 'Palazzo della Ragione', 'AMO']",Teatro Romano,strategy_nearest,False,0.0018038749694824219,success
04F1033A9C4C84,1,"['Arena', 'Casa Giulietta', 'Torre Lamberti']",Palazzo della Ragione,"['AMO', 'Museo Conte', 'Centro Fotografia', 'Sighseeing', 'Santa Anastasia']",Santa Anastasia,strategy_nearest,True,0.0032472610473632812,success
04F1214A9C4C80,2,['Casa Giulietta'],Teatro Romano,"['Santa Anastasia', 'Duomo', 'AMO', 'Palazzo della Ragione', 'Museo Conte']",Duomo,strategy_nearest,True,0.003997087478637695,success
04F1233A9C4C80,1,"['San Fermo', 'San Zeno', 'Castelvecchio', 'Tomba Giulietta']",Arena,"['Verona Tour', 'Museo Lapidario', 'Museo Radio', 'Casa Giulietta', 'Sighseeing']",Palazzo della Ragione,strategy_nearest,False,0.0038590431213378906,success
04F1243A9C4C80,1,"['Castelvecchio', 'Arena', 'Tomba Giulietta', 'San Fermo']",Casa Giulietta,"['Centro Fotografia', 'Sighseeing', 'Torre Lamberti', 'Museo Conte', 'Museo Radio']",Teatro Romano,strategy_nearest,False,0.003262758255004883,success
04F11A3A9C4C84,0,['Arena'],Torre Lamberti,"['Sighseeing', 'Centro Fotografia', 'Museo Conte', 'Casa Giulietta', 'Palazzo della Ragione']",San Fermo,strategy_nearest,False,0.003242969512939453,success
04F1263A9C4C80,3,"['Arena', 'San Fermo', 'Museo Lapidario']",Castelvecchio,"['Verona Tour', 'Museo Radio', 'San Zeno', 'Sighseeing', 'Museo Miniscalchi']",Duomo,strategy_nearest,False,0.0033347606658935547,success
04F1333A9C4C80,3,"['San Zeno', 'Duomo']",Arena,"['Verona Tour', 'Museo Lapidario', 'Museo Radio', 'San Fermo', 'Casa Giulietta']",Casa Giulietta,strategy_nearest,True,0.002747774124145508,success
04F127429C4C80,2,"['Castelvecchio', 'San Zeno']",Duomo,"['AMO', 'Museo Miniscalchi', 'Santa Anastasia', 'Teatro Romano', 'Palazzo della Ragione']",Santa Anastasia,strategy_nearest,True,0.0013580322265625,success
04F13B4A9C4C80,0,"['Arena', 'Museo Lapidario']",Casa Giulietta,"['Centro Fotografia', 'Sighseeing', 'Torre Lamberti', 'Museo Conte', 'Museo Radio']",Castelvecchio,strategy_nearest,False,0.0032901763916015625,success
04F13D3A9C4C80,0,['Arena'],Casa Giulietta,"['Centro Fotografia', 'Sighseeing', 'Torre Lamberti', 'Museo Conte', 'Museo Radio']",Torre Lamberti,strategy_nearest,True,0.003473043441772461,success
04F149429C4C80,0,['Arena'],Casa Giulietta,"['Centro Fotografia', 'Sighseeing', 'Torre Lamberti', 'Museo Conte', 'Museo Radio']",Casa Giulietta,strategy_nearest,False,0.002701997756958008,success
04F13D429C4C80,2,"['San Fermo', 'Casa Giulietta']",Torre Lamberti,"['Sighseeing', 'Centro Fotografia', 'Museo Conte', 'Palazzo della Ragione', 'AMO']",Teatro Romano,strategy_nearest,False,0.0020089149475097656,success
04F14E429C4C80,3,['Arena'],Casa Giulietta,"['Centro Fotografia', 'Sighseeing', 'Torre Lamberti', 'Museo Conte', 'Museo Radio']",Santa Anastasia,strategy_nearest,False,0.0031969547271728516,success
04F15D429C4C80,2,"['Castelvecchio', 'San Fermo']",Giardino Giusti,"['Santa Anastasia', 'Teatro Romano', 'Museo Conte', 'Centro Fotografia', 'Museo Storia']",Casa Giulietta,strategy_nearest,False,0.0017092227935791016,success
04F17D4A9C4C80,1,['Arena'],Casa Giulietta,"['Centro Fotografia', 'Sighseeing', 'Torre Lamberti', 'Museo Conte', 'Museo Radio']",Torre Lamberti,strategy_nearest,True,0.0025169849395751953,success
04F17C4A9C4C80,0,['Arena'],Castelvecchio,"['Museo Lapidario', 'Verona Tour', 'Museo Radio', 'San Zeno', 'Sighseeing']",Teatro Romano,strategy_nearest,False,0.0024700164794921875,success
04F1833A9C4C80,0,['Arena'],Castelvecchio,"['Museo Lapidario', 'Verona Tour', 'Museo Radio', 'San Zeno', 'Sighseeing']",Torre Lamberti,strategy_nearest,False,0.0020742416381835938,success
04F1874A9C4C80,0,['Arena'],Castelvecchio,"['Museo Lapidario', 'Verona Tour', 'Museo Radio', 'San Zeno', 'Sighseeing']",Torre Lamberti,strategy_nearest,False,0.002202749252319336,success
04F18A3A9C4C80,3,"['Arena', 'Casa Giulietta']",Santa Anastasia,"['AMO', 'Museo Conte', 'Palazzo della Ragione', 'Teatro Romano', 'Centro Fotografia']",Duomo,strategy_nearest,False,0.002871990203857422,success
04F18D4A9C4C80,3,"['Santa Anastasia', 'Duomo']",Arena,"['Verona Tour', 'Museo Lapidario', 'Museo Radio', 'San Fermo', 'Casa Giulietta']",Casa Giulietta,strategy_nearest,True,0.003471851348876953,success
04F193429C4C80,0,['Arena'],Torre Lamberti,"['Sighseeing', 'Centro Fotografia', 'Museo Conte', 'Casa Giulietta', 'Palazzo della Ragione']",Casa Giulietta,strategy_nearest,True,0.0034558773040771484,success
04F1A24A9C4C80,0,['Arena'],Castelvecchio,"['Museo Lapidario', 'Verona Tour', 'Museo Radio', 'San Zeno', 'Sighseeing']",Duomo,strategy_nearest,False,0.0033409595489501953,success
04F1934A9C4C80,3,['Santa Anastasia'],San Fermo,"['Museo Storia', 'Museo Radio', 'Casa Giulietta', 'Centro Fotografia', 'Arena']",Arena,strategy_nearest,True,0.002753734588623047,success
04F1A54A9C4C80,1,"['Arena', 'Casa Giulietta']",Palazzo della Ragione,"['AMO', 'Museo Conte', 'Torre Lamberti', 'Centro Fotografia', 'Sighseeing']",Torre Lamberti,strategy_nearest,True,0.0032231807708740234,success
04F1AA4A9C4C80,0,['Arena'],Duomo,"['AMO', 'Museo Miniscalchi', 'Santa Anastasia', 'Teatro Romano', 'Palazzo della Ragione']",Torre Lamberti,strategy_nearest,False,0.0027608871459960938,success
04F1AB429C4C80,1,"['Arena', 'Casa Giulietta']",Palazzo della Ragione,"['AMO', 'Museo Conte', 'Torre Lamberti', 'Centro Fotografia', 'Sighseeing']",Torre Lamberti,strategy_nearest,True,0.0033249855041503906,success
04F1AC429C4C80,1,['Arena'],Casa Giulietta,"['Centro Fotografia', 'Sighseeing', 'Torre Lamberti', 'Museo Conte', 'Museo Radio']",Palazzo della Ragione,strategy_nearest,False,0.0012631416320800781,success
04F1B1429C4C80,2,"['Museo Storia', 'Duomo', 'Teatro Romano']",Casa Giulietta,"['Centro Fotografia', 'Sighseeing', 'Torre Lamberti', 'Museo Conte', 'Museo Radio']",San Fermo,strategy_nearest,False,0.0032439231872558594,success
04F1B2429C4C80,2,['Casa Giulietta'],Torre Lamberti,"['Sighseeing', 'Centro Fotografia', 'Museo Conte', 'Palazzo della Ragione', 'AMO']",Duomo,strategy_nearest,False,0.0033369064331054688,success
04F1BC3A9C4C80,0,['Arena'],Castelvecchio,"['Museo Lapidario', 'Verona Tour', 'Museo Radio', 'San Zeno', 'Sighseeing']",Casa Giulietta,strategy_nearest,False,0.0019550323486328125,success
04F1BB429C4C80,0,['Arena'],Casa Giulietta,"['Centro Fotografia', 'Sighseeing', 'Torre Lamberti', 'Museo Conte', 'Museo Radio']",Duomo,strategy_nearest,False,0.001461029052734375,success
04F1B7429C4C80,0,['Arena'],San Fermo,"['Museo Storia', 'Museo Radio', 'Casa Giulietta', 'Centro Fotografia', 'Sighseeing']",Teatro Romano,strategy_nearest,False,0.003942012786865234,success
04F1C03A9C4C80,1,"['Arena', 'Castelvecchio']",San Zeno,"['Verona Tour', 'Museo Lapidario', 'Museo Miniscalchi', 'Sighseeing', 'Museo Radio']",Santa Anastasia,strategy_nearest,False,0.002116680145263672,success
04F1BE429C4C80,1,['Arena'],Casa Giulietta,"['Centro Fotografia', 'Sighseeing', 'Torre Lamberti', 'Museo Conte', 'Museo Radio']",Torre Lamberti,strategy_nearest,True,0.002201080322265625,success
04F1C9429C4C80,2,['Palazzo della Ragione'],Torre Lamberti,"['Sighseeing', 'Centro Fotografia', 'Museo Conte', 'Casa Giulietta', 'AMO']",Castelvecchio,strategy_nearest,False,0.0026488304138183594,success
04F1C73A9C4C80,0,['Arena'],Teatro Romano,"['Santa Anastasia', 'Duomo', 'AMO', 'Palazzo della Ragione', 'Museo Conte']",Casa Giulietta,strategy_nearest,False,0.0034101009368896484,success
04F1CD3A9C4C80,0,['Arena'],Giardino Giusti,"['Santa Anastasia', 'Teatro Romano', 'Museo Conte', 'Centro Fotografia', 'Museo Storia']",Torre Lamberti,strategy_nearest,False,0.0028078556060791016,success
04F1CE429C4C80,3,"['San Zeno', 'Arena']",Teatro Romano,"['Santa Anastasia', 'Duomo', 'AMO', 'Palazzo della Ragione', 'Museo Conte']",Duomo,strategy_nearest,True,0.0027849674224853516,success
04F1CC429C4C80,1,"['Museo Lapidario', 'Arena', 'Casa Giulietta']",Torre Lamberti,"['Sighseeing', 'Centro Fotografia', 'Museo Conte', 'Palazzo della Ragione', 'AMO']",Palazzo della Ragione,strategy_nearest,True,0.002853870391845703,success
04F1CF429C4C80,2,"['Duomo', 'Teatro Romano']",Giardino Giusti,"['Santa Anastasia', 'Museo Conte', 'Centro Fotografia', 'Museo Storia', 'AMO']",Torre Lamberti,strategy_nearest,False,0.003162860870361328,success
04F1DC429C4C80,2,['Teatro Romano'],Museo Lapidario,"['Verona Tour', 'Arena', 'Castelvecchio', 'Museo Radio', 'San Fermo']",Casa Giulietta,strategy_nearest,False,0.001997709274291992,success
04F1DA3A9C4C80,3,"['Arena', 'Castelvecchio', 'Casa Giulietta', 'Torre Lamberti']",Santa Anastasia,"['AMO', 'Museo Conte', 'Palazzo della Ragione', 'Teatro Romano', 'Centro Fotografia']",Duomo,strategy_nearest,False,0.0029709339141845703,success
04F1E63A9C4C80,3,['Arena'],Santa Anastasia,"['AMO', 'Museo Conte', 'Palazzo della Ragione', 'Teatro Romano', 'Centro Fotografia']",Torre Lamberti,strategy_nearest,False,0.0033690929412841797,success
04F1EA429C4C80,3,"['Castelvecchio', 'Arena', 'Casa Giulietta']",Santa Anastasia,"['AMO', 'Museo Conte', 'Palazzo della Ragione', 'Teatro Romano', 'Centro Fotografia']",Teatro Romano,strategy_nearest,True,0.0036618709564208984,success
04F1F33A9C4C80,3,"['Arena', 'Castelvecchio']",San Zeno,"['Verona Tour', 'Museo Lapidario', 'Museo Miniscalchi', 'Sighseeing', 'Museo Radio']",Casa Giulietta,strategy_nearest,False,0.0033049583435058594,success
04F2093A9C4C84,0,['Arena'],Casa Giulietta,"['Centro Fotografia', 'Sighseeing', 'Torre Lamberti', 'Museo Conte', 'Museo Radio']",Castelvecchio,strategy_nearest,False,0.002651214599609375,success
04F200429C4C84,1,['Arena'],Torre Lamberti,"['Sighseeing', 'Centro Fotografia', 'Museo Conte', 'Casa Giulietta', 'Palazzo della Ragione']",Palazzo della Ragione,strategy_nearest,True,0.0038390159606933594,success
04F1F4429C4C80,2,"['Casa Giulietta', 'Torre Lamberti']",Santa Anastasia,"['AMO', 'Museo Conte', 'Palazzo della Ragione', 'Teatro Romano', 'Centro Fotografia']",Duomo,strategy_nearest,False,0.004681110382080078,success
04F20E3A9C4C84,3,['Arena'],Castelvecchio,"['Museo Lapidario', 'Verona Tour', 'Museo Radio', 'San Zeno', 'Sighseeing']",Santa Anastasia,strategy_nearest,False,0.003323793411254883,success
04F2153A9C4C84,0,['Arena'],Casa Giulietta,"['Centro Fotografia', 'Sighseeing', 'Torre Lamberti', 'Museo Conte', 'Museo Radio']",Castelvecchio,strategy_nearest,False,0.005831003189086914,success
04F2163A9C4C84,3,"['Arena', 'Casa Giulietta']",Santa Anastasia,"['AMO', 'Museo Conte', 'Palazzo della Ragione', 'Teatro Romano', 'Centro Fotografia']",Duomo,strategy_nearest,False,0.001814126968383789,success
04F215429C4C84,3,"['Castelvecchio', 'San Fermo', 'Casa Giulietta']",Arena,"['Verona Tour', 'Museo Lapidario', 'Museo Radio', 'Sighseeing', 'Torre Lamberti']",Santa Anastasia,strategy_nearest,False,0.004345893859863281,success
04F2183A9C4C84,2,['Torre Lamberti'],Santa Anastasia,"['AMO', 'Museo Conte', 'Palazzo della Ragione', 'Teatro Romano', 'Centro Fotografia']",Teatro Romano,strategy_nearest,True,0.0038080215454101562,success
04F2254A9C4C80,3,"['Castelvecchio', 'Arena']",San Fermo,"['Museo Storia', 'Museo Radio', 'Casa Giulietta', 'Centro Fotografia', 'Sighseeing']",Casa Giulietta,strategy_nearest,True,0.001756906509399414,success
04F227429C4C80,3,"['Castelvecchio', 'Casa Giulietta', 'San Fermo']",Torre Lamberti,"['Sighseeing', 'Centro Fotografia', 'Museo Conte', 'Palazzo della Ragione', 'AMO']",Santa Anastasia,strategy_nearest,False,0.0033369064331054688,success
04F22C4A9C4C80,1,"['Castelvecchio', 'Arena', 'Teatro Romano']",Santa Anastasia,"['AMO', 'Museo Conte', 'Palazzo della Ragione', 'Centro Fotografia', 'Duomo']",Casa Giulietta,strategy_nearest,False,0.002593994140625,success
04F22D429C4C80,0,['Arena'],Santa Anastasia,"['AMO', 'Museo Conte', 'Palazzo della Ragione', 'Teatro Romano', 'Centro Fotografia']",Casa Giulietta,strategy_nearest,False,0.002593994140625,success
04F22F429C4C80,3,"['Arena', 'Casa Giulietta']",Castelvecchio,"['Museo Lapidario', 'Verona Tour', 'Museo Radio', 'San Zeno', 'Sighseeing']",Duomo,strategy_nearest,False,0.0030350685119628906,success
04F2343A9C4C80,1,"['Arena', 'Santa Anastasia']",Giardino Giusti,"['Teatro Romano', 'Museo Conte', 'Centro Fotografia', 'Museo Storia', 'AMO']",Casa Giulietta,strategy_nearest,False,0.0038068294525146484,success
04F234429C4C80,4,"['Castelvecchio', 'Arena']",Casa Giulietta,"['Centro Fotografia', 'Sighseeing', 'Torre Lamberti', 'Museo Conte', 'Museo Radio']",Tomba Giulietta,strategy_nearest,False,0.0019519329071044922,success
04F2393A9C4C80,0,"['Arena', 'Casa Giulietta']",Torre Lamberti,"['Sighseeing', 'Centro Fotografia', 'Museo Conte', 'Palazzo della Ragione', 'AMO']",Teatro Romano,strategy_nearest,False,0.0025458335876464844,success
04F2403A9C4C80,3,['Arena'],Casa Giulietta,"['Centro Fotografia', 'Sighseeing', 'Torre Lamberti', 'Museo Conte', 'Museo Radio']",Santa Anastasia,strategy_nearest,False,0.0030791759490966797,success
04F23F3A9C4C80,3,"['Duomo', 'Santa Anastasia', 'Torre Lamberti']",San Fermo,"['Museo Storia', 'Museo Radio', 'Casa Giulietta', 'Centro Fotografia', 'Arena']",Arena,strategy_nearest,True,0.0039768218994140625,success
04F2364A9C4C80,2,"['Casa Giulietta', 'Santa Anastasia', 'Duomo']",San Zeno,"['Castelvecchio', 'Verona Tour', 'Museo Lapidario', 'Arena', 'Museo Miniscalchi']",Tomba Giulietta,strategy_nearest,False,0.0034706592559814453,success
04F260429C4C80,0,['Teatro Romano'],Duomo,"['AMO', 'Museo Miniscalchi', 'Santa Anastasia', 'Palazzo della Ragione', 'Museo Conte']",Casa Giulietta,strategy_nearest,False,0.0018498897552490234,success
04F261429C4C80,0,['Arena'],Duomo,"['AMO', 'Museo Miniscalchi', 'Santa Anastasia', 'Teatro Romano', 'Palazzo della Ragione']",Casa Giulietta,strategy_nearest,False,0.003824949264526367,success
04F24F429C4C80,1,"['Arena', 'San Fermo']",Palazzo della Ragione,"['AMO', 'Museo Conte', 'Torre Lamberti', 'Centro Fotografia', 'Sighseeing']",Torre Lamberti,strategy_nearest,True,0.0027430057525634766,success
04F249429C4C80,0,['Arena'],Casa Giulietta,"['Centro Fotografia', 'Sighseeing', 'Torre Lamberti', 'Museo Conte', 'Museo Radio']",Castelvecchio,strategy_nearest,False,0.003476858139038086,success
04F27D4A9C4C80,3,"['Arena', 'Castelvecchio', 'Casa Giulietta']",Torre Lamberti,"['Sighseeing', 'Centro Fotografia', 'Museo Conte', 'Palazzo della Ragione', 'AMO']",Santa Anastasia,strategy_nearest,False,0.002765178680419922,success
04F2723A9C4C80,0,['Castelvecchio'],San Zeno,"['Verona Tour', 'Museo Lapidario', 'Arena', 'Museo Miniscalchi', 'Sighseeing']",Arena,strategy_nearest,True,0.0026559829711914062,success
04F2773A9C4C80,3,"['Casa Giulietta', 'Castelvecchio']",Arena,"['Verona Tour', 'Museo Lapidario', 'Museo Radio', 'San Fermo', 'Sighseeing']",San Fermo,strategy_nearest,True,0.004188060760498047,success
04F26B429C4C80,4,"['Tomba Giulietta', 'Museo Radio', 'Casa Giulietta']",Torre Lamberti,"['Sighseeing', 'Centro Fotografia', 'Museo Conte', 'Palazzo della Ragione', 'AMO']",Palazzo della Ragione,strategy_nearest,True,0.002669095993041992,success
04F27E429C4C80,1,"['Arena', 'Palazzo della Ragione']",Torre Lamberti,"['Sighseeing', 'Centro Fotografia', 'Museo Conte', 'Casa Giulietta', 'AMO']",Casa Giulietta,strategy_nearest,True,0.0029571056365966797,success
04F2834A9C4C80,0,['Arena'],Castelvecchio,"['Museo Lapidario', 'Verona Tour', 'Museo Radio', 'San Zeno', 'Sighseeing']",Casa Giulietta,strategy_nearest,False,0.002032041549682617,success
04F289429C4C80,0,['Arena'],Duomo,"['AMO', 'Museo Miniscalchi', 'Santa Anastasia', 'Teatro Romano', 'Palazzo della Ragione']",Casa Giulietta,strategy_nearest,False,0.0037169456481933594,success
04F287429C4C80,0,['Arena'],Castelvecchio,"['Museo Lapidario', 'Verona Tour', 'Museo Radio', 'San Zeno', 'Sighseeing']",San Zeno,strategy_nearest,True,0.0029489994049072266,success
04F28A3A9C4C80,1,"['Arena', 'Casa Giulietta', 'San Fermo', 'Torre Lamberti']",Palazzo della Ragione,"['AMO', 'Museo Conte', 'Centro Fotografia', 'Sighseeing', 'Santa Anastasia']",Santa Anastasia,strategy_nearest,True,0.003367900848388672,success
04F28D3A9C4C80,2,['Santa Anastasia'],Casa Giulietta,"['Centro Fotografia', 'Sighseeing', 'Torre Lamberti', 'Museo Conte', 'Museo Radio']",San Fermo,strategy_nearest,False,0.0017101764678955078,success
04F2A54A9C4C80,2,['Duomo'],Casa Giulietta,"['Centro Fotografia', 'Sighseeing', 'Torre Lamberti', 'Museo Conte', 'Museo Radio']",Castelvecchio,strategy_nearest,False,0.0023849010467529297,success
04F290429C4C80,0,['Arena'],Santa Anastasia,"['AMO', 'Museo Conte', 'Palazzo della Ragione', 'Teatro Romano', 'Centro Fotografia']",Casa Giulietta,strategy_nearest,False,0.0031630992889404297,success
04F29D429C4C80,0,['Arena'],Casa Giulietta,"['Centro Fotografia', 'Sighseeing', 'Torre Lamberti', 'Museo Conte', 'Museo Radio']",Torre Lamberti,strategy_nearest,True,0.004673004150390625,success
04F2A6429C4C80,2,['Casa Giulietta'],Santa Anastasia,"['AMO', 'Museo Conte', 'Palazzo della Ragione', 'Teatro Romano', 'Centro Fotografia']",Duomo,strategy_nearest,False,0.003450155258178711,success
04F2AC429C4C80,1,"['Castelvecchio', 'Arena']",Duomo,"['AMO', 'Museo Miniscalchi', 'Santa Anastasia', 'Teatro Romano', 'Palazzo della Ragione']",Teatro Romano,strategy_nearest,True,0.002604961395263672,success
04F2B0429C4C80,1,"['Arena', 'Torre Lamberti']",Palazzo della Ragione,"['AMO', 'Museo Conte', 'Centro Fotografia', 'Sighseeing', 'Santa Anastasia']",Casa Giulietta,strategy_nearest,False,0.0019497871398925781,success
04F2B2429C4C80,1,['Arena'],Casa Giulietta,"['Centro Fotografia', 'Sighseeing', 'Torre Lamberti', 'Museo Conte', 'Museo Radio']",Palazzo della Ragione,strategy_nearest,False,0.0024368762969970703,success
04F2B9429C4C80,0,['Arena'],Castelvecchio,"['Museo Lapidario', 'Verona Tour', 'Museo Radio', 'San Zeno', 'Sighseeing']",Museo Storia,strategy_nearest,False,0.0024421215057373047,success
04F2B13A9C4C80,0,['Arena'],Castelvecchio,"['Museo Lapidario', 'Verona Tour', 'Museo Radio', 'San Zeno', 'Sighseeing']",San Zeno,strategy_nearest,True,0.0035278797149658203,success
04F2B8429C4C80,2,"['Castelvecchio', 'Teatro Romano']",Torre Lamberti,"['Sighseeing', 'Centro Fotografia', 'Museo Conte', 'Casa Giulietta', 'Palazzo della Ragione']",Duomo,strategy_nearest,False,0.003145933151245117,success
04F2B43A9C4C80,0,['Casa Giulietta'],Arena,"['Verona Tour', 'Museo Lapidario', 'Museo Radio', 'San Fermo', 'Sighseeing']",Castelvecchio,strategy_nearest,False,0.0031900405883789062,success
04F2BF3A9C4C80,0,['Santa Anastasia'],Casa Giulietta,"['Centro Fotografia', 'Sighseeing', 'Torre Lamberti', 'Museo Conte', 'Museo Radio']",Arena,strategy_nearest,False,0.0031888484954833984,success
04F2BB3A9C4C80,3,"['Teatro Romano', 'Duomo']",Arena,"['Verona Tour', 'Museo Lapidario', 'Museo Radio', 'San Fermo', 'Casa Giulietta']",Torre Lamberti,strategy_nearest,False,0.0028219223022460938,success
04F2BB429C4C80,3,"['Casa Giulietta', 'Torre Lamberti']",Arena,"['Verona Tour', 'Museo Lapidario', 'Museo Radio', 'San Fermo', 'Sighseeing']",Castelvecchio,strategy_nearest,False,0.002195119857788086,success
04F2BC3A9C4C80,3,['Arena'],Santa Anastasia,"['AMO', 'Museo Conte', 'Palazzo della Ragione', 'Teatro Romano', 'Centro Fotografia']",Teatro Romano,strategy_nearest,True,0.0015799999237060547,success
04F2C0429C4C80,2,['Casa Giulietta'],Castelvecchio,"['Museo Lapidario', 'Verona Tour', 'Arena', 'Museo Radio', 'San Zeno']",Teatro Romano,strategy_nearest,False,0.0016090869903564453,success
04F2C9429C4C80,0,['Arena'],Tomba Giulietta,"['San Fermo', 'Museo Storia', 'Museo Lapidario', 'Museo Radio', 'Verona Tour']",Museo Lapidario,strategy_nearest,True,0.002202749252319336,success
04F2D0429C4C80,1,"['Castelvecchio', 'Museo Lapidario', 'Tomba Giulietta', 'San Fermo', 'Museo Storia']",Teatro Romano,"['Santa Anastasia', 'Duomo', 'AMO', 'Palazzo della Ragione', 'Museo Conte']",Duomo,strategy_nearest,True,0.0027267932891845703,success
04F2C8429C4C80,0,['Arena'],Castelvecchio,"['Museo Lapidario', 'Verona Tour', 'Museo Radio', 'San Zeno', 'Sighseeing']",Casa Giulietta,strategy_nearest,False,0.003637075424194336,success
04F2D13A9C4C80,3,"['Arena', 'Torre Lamberti']",Casa Giulietta,"['Centro Fotografia', 'Sighseeing', 'Museo Conte', 'Museo Radio', 'Palazzo della Ragione']",Santa Anastasia,strategy_nearest,False,0.004210948944091797,success
04F2D6429C4C80,0,"['Arena', 'Castelvecchio']",San Zeno,"['Verona Tour', 'Museo Lapidario', 'Museo Miniscalchi', 'Sighseeing', 'Museo Radio']",Torre Lamberti,strategy_nearest,False,0.0021820068359375,success
04F2D33A9C4C80,0,['Casa Giulietta'],Torre Lamberti,"['Sighseeing', 'Centro Fotografia', 'Museo Conte', 'Palazzo della Ragione', 'AMO']",Castelvecchio,strategy_nearest,False,0.001986265182495117,success
04F2E93A9C4C80,1,"['Arena', 'Casa Giulietta']",Torre Lamberti,"['Sighseeing', 'Centro Fotografia', 'Museo Conte', 'Palazzo della Ragione', 'AMO']",Palazzo della Ragione,strategy_nearest,True,0.0022749900817871094,success
04F2F23A9C4C80,3,['Arena'],San Fermo,"['Museo Storia', 'Museo Radio', 'Casa Giulietta', 'Centro Fotografia', 'Sighseeing']",Santa Anastasia,strategy_nearest,False,0.002804994583129883,success
04F2F73A9C4C80,3,['Arena'],Casa Giulietta,"['Centro Fotografia', 'Sighseeing', 'Torre Lamberti', 'Museo Conte', 'Museo Radio']",Santa Anastasia,strategy_nearest,False,0.0020279884338378906,success
04F3103A9C4C84,0,['Arena'],Castelvecchio,"['Museo Lapidario', 'Verona Tour', 'Museo Radio', 'San Zeno', 'Sighseeing']",San Zeno,strategy_nearest,True,0.0024547576904296875,success
04F3013A9C4C84,3,"['Arena', 'Museo Lapidario']",Castelvecchio,"['Verona Tour', 'Museo Radio', 'San Zeno', 'Sighseeing', 'Museo Miniscalchi']",Duomo,strategy_nearest,False,0.0034928321838378906,success
04F31D3A9C4C80,3,"['Arena', 'Torre Lamberti']",Casa Giulietta,"['Centro Fotografia', 'Sighseeing', 'Museo Conte', 'Museo Radio', 'Palazzo della Ragione']",Santa Anastasia,strategy_nearest,False,0.002593994140625,success
04F3233A9C4C80,0,['Giardino Giusti'],Teatro Romano,"['Santa Anastasia', 'Duomo', 'AMO', 'Palazzo della Ragione', 'Museo Conte']",Torre Lamberti,strategy_nearest,False,0.0020329952239990234,success
04F3223A9C4C80,0,['Arena'],Castelvecchio,"['Museo Lapidario', 'Verona Tour', 'Museo Radio', 'San Zeno', 'Sighseeing']",Casa Giulietta,strategy_nearest,False,0.004169940948486328,success
04F3243A9C4C80,0,['Arena'],Museo Lapidario,"['Verona Tour', 'Castelvecchio', 'Museo Radio', 'San Fermo', 'Casa Giulietta']",Casa Giulietta,strategy_nearest,True,0.0025043487548828125,success
04F32C4A9C4C80,1,"['Castelvecchio', 'Arena', 'Santa Anastasia', 'Duomo']",Casa Giulietta,"['Centro Fotografia', 'Sighseeing', 'Torre Lamberti', 'Museo Conte', 'Museo Radio']",San Zeno,strategy_nearest,False,0.0022611618041992188,success
04F32D4A9C4C80,3,"['Arena', 'Castelvecchio']",San Zeno,"['Verona Tour', 'Museo Lapidario', 'Museo Miniscalchi', 'Sighseeing', 'Museo Radio']",Giardino Giusti,strategy_nearest,False,0.0025529861450195312,success
04F32F3A9C4C80,3,"['Santa Anastasia', 'Castelvecchio']",Duomo,"['AMO', 'Museo Miniscalchi', 'Teatro Romano', 'Palazzo della Ragione', 'Museo Conte']",Santa Anastasia,strategy_nearest,False,0.0018608570098876953,success
04F32E3A9C4C80,2,"['Santa Anastasia', 'Palazzo della Ragione']",Torre Lamberti,"['Sighseeing', 'Centro Fotografia', 'Museo Conte', 'Casa Giulietta', 'AMO']",Casa Giulietta,strategy_nearest,True,0.0034248828887939453,success
04F3354A9C4C80,1,"['Arena', 'Casa Giulietta', 'Castelvecchio']",Torre Lamberti,"['Sighseeing', 'Centro Fotografia', 'Museo Conte', 'Palazzo della Ragione', 'AMO']",Palazzo della Ragione,strategy_nearest,True,0.00257110595703125,success
04F33C429C4C80,1,"['Castelvecchio', 'Arena', 'Tomba Giulietta', 'San Fermo', 'Casa Giulietta']",Giardino Giusti,"['Santa Anastasia', 'Teatro Romano', 'Museo Conte', 'Centro Fotografia', 'Museo Storia']",Teatro Romano,strategy_nearest,True,0.0028371810913085938,success
04F33C3A9C4C80,3,"['Arena', 'Museo Lapidario']",Santa Anastasia,"['AMO', 'Museo Conte', 'Palazzo della Ragione', 'Teatro Romano', 'Centro Fotografia']",Casa Giulietta,strategy_nearest,False,0.002229928970336914,success
04F348429C4C80,1,['Arena'],Torre Lamberti,"['Sighseeing', 'Centro Fotografia', 'Museo Conte', 'Casa Giulietta', 'Palazzo della Ragione']",Palazzo della Ragione,strategy_nearest,True,0.0032682418823242188,success
04F34B429C4C80,3,"['Arena', 'Torre Lamberti']",Santa Anastasia,"['AMO', 'Museo Conte', 'Palazzo della Ragione', 'Teatro Romano', 'Centro Fotografia']",Duomo,strategy_nearest,False,0.003092050552368164,success
04F3563A9C4C80,0,['Casa Giulietta'],Castelvecchio,"['Museo Lapidario', 'Verona Tour', 'Arena', 'Museo Radio', 'San Zeno']",Arena,strategy_nearest,True,0.0024750232696533203,success
04F357429C4C80,3,"['Arena', 'Museo Lapidario']",Casa Giulietta,"['Centro Fotografia', 'Sighseeing', 'Torre Lamberti', 'Museo Conte', 'Museo Radio']",Santa Anastasia,strategy_nearest,False,0.0026717185974121094,success
04F362429C4C80,2,['Casa Giulietta'],Santa Anastasia,"['AMO', 'Museo Conte', 'Palazzo della Ragione', 'Teatro Romano', 'Centro Fotografia']",Teatro Romano,strategy_nearest,True,0.002660036087036133,success
04F36D429C4C80,0,['Casa Giulietta'],Torre Lamberti,"['Sighseeing', 'Centro Fotografia', 'Museo Conte', 'Palazzo della Ragione', 'AMO']",Arena,strategy_nearest,False,0.002586841583251953,success
04F36F3A9C4C80,2,"['Castelvecchio', 'Duomo']",Santa Anastasia,"['AMO', 'Museo Conte', 'Palazzo della Ragione', 'Teatro Romano', 'Centro Fotografia']",Casa Giulietta,strategy_nearest,False,0.002966642379760742,success
04F38A429C4C80,3,"['Arena', 'Casa Giulietta']",Teatro Romano,"['Santa Anastasia', 'Duomo', 'AMO', 'Palazzo della Ragione', 'Museo Conte']",Duomo,strategy_nearest,True,0.001809835433959961,success
04F371429C4C80,0,['Arena'],Teatro Romano,"['Santa Anastasia', 'Duomo', 'AMO', 'Palazzo della Ragione', 'Museo Conte']",Duomo,strategy_nearest,True,0.0034532546997070312,success
04F3A64A9C4C80,3,"['Castelvecchio', 'Torre Lamberti', 'Santa Anastasia']",Duomo,"['AMO', 'Museo Miniscalchi', 'Teatro Romano', 'Palazzo della Ragione', 'Museo Conte']",Teatro Romano,strategy_nearest,True,0.0027849674224853516,success
04F3AC429C4C80,0,['Castelvecchio'],Arena,"['Verona Tour', 'Museo Lapidario', 'Museo Radio', 'San Fermo', 'Casa Giulietta']",Santa Anastasia,strategy_nearest,False,0.0029058456420898438,success
04F3A1429C4C80,0,['Arena'],Santa Anastasia,"['AMO', 'Museo Conte', 'Palazzo della Ragione', 'Teatro Romano', 'Centro Fotografia']",Casa Giulietta,strategy_nearest,False,0.003687143325805664,success
04F3AE429C4C80,3,"['Arena', 'Casa Giulietta']",Santa Anastasia,"['AMO', 'Museo Conte', 'Palazzo della Ragione', 'Teatro Romano', 'Centro Fotografia']",Teatro Romano,strategy_nearest,True,0.0025720596313476562,success
04F3B1429C4C80,0,"['Casa Giulietta', 'San Fermo']",Teatro Romano,"['Santa Anastasia', 'Duomo', 'AMO', 'Palazzo della Ragione', 'Museo Conte']",Arena,strategy_nearest,False,0.002335071563720703,success
04F3AF429C4C80,2,['Castelvecchio'],Casa Giulietta,"['Centro Fotografia', 'Sighseeing', 'Torre Lamberti', 'Museo Conte', 'Museo Radio']",Giardino Giusti,strategy_nearest,False,0.0024259090423583984,success
04F3B0429C4C80,2,['Torre Lamberti'],Castelvecchio,"['Museo Lapidario', 'Verona Tour', 'Arena', 'Museo Radio', 'San Zeno']",Teatro Romano,strategy_nearest,False,0.003452777862548828,success
04F3B9429C4C80,2,"['Casa Giulietta', 'Torre Lamberti']",Santa Anastasia,"['AMO', 'Museo Conte', 'Palazzo della Ragione', 'Teatro Romano', 'Centro Fotografia']",Teatro Romano,strategy_nearest,True,0.002260923385620117,success
04F3C4429C4C80,3,"['Torre Lamberti', 'San Fermo']",Santa Anastasia,"['AMO', 'Museo Conte', 'Palazzo della Ragione', 'Teatro Romano', 'Centro Fotografia']",Duomo,strategy_nearest,False,0.002777099609375,success
04F3BE3A9C4C80,0,['Arena'],San Fermo,"['Museo Storia', 'Museo Radio', 'Casa Giulietta', 'Centro Fotografia', 'Sighseeing']",Casa Giulietta,strategy_nearest,True,0.0027768611907958984,success
04F3CA429C4C80,3,"['Castelvecchio', 'Casa Giulietta']",Arena,"['Verona Tour', 'Museo Lapidario', 'Museo Radio', 'San Fermo', 'Sighseeing']",Torre Lamberti,strategy_nearest,False,0.0034067630767822266,success
04F3DC3A9C4C80,3,"['Arena', 'Museo Lapidario', 'Casa Giulietta']",Santa Anastasia,"['AMO', 'Museo Conte', 'Palazzo della Ragione', 'Teatro Romano', 'Centro Fotografia']",Duomo,strategy_nearest,False,0.0024569034576416016,success
04F3DA3A9C4C80,3,"['Castelvecchio', 'Torre Lamberti', 'Casa Giulietta']",Santa Anastasia,"['AMO', 'Museo Conte', 'Palazzo della Ragione', 'Teatro Romano', 'Centro Fotografia']",Duomo,strategy_nearest,False,0.003158092498779297,success
04F3E13A9C4C80,2,"['Casa Giulietta', 'San Fermo', 'San Zeno']",Castelvecchio,"['Museo Lapidario', 'Verona Tour', 'Arena', 'Museo Radio', 'Sighseeing']",Palazzo della Ragione,strategy_nearest,False,0.0029277801513671875,success
04F3E6429C4C80,2,"['Castelvecchio', 'Tomba Giulietta', 'San Fermo', 'Casa Giulietta']",Torre Lamberti,"['Sighseeing', 'Centro Fotografia', 'Museo Conte', 'Palazzo della Ragione', 'AMO']",Palazzo della Ragione,strategy_nearest,True,0.0028040409088134766,success
04F3DD429C4C80,3,['Arena'],San Fermo,"['Museo Storia', 'Museo Radio', 'Casa Giulietta', 'Centro Fotografia', 'Sighseeing']",Duomo,strategy_nearest,False,0.0020639896392822266,success
04F3FF429C4C80,3,"['Duomo', 'Teatro Romano']",Castelvecchio,"['Museo Lapidario', 'Verona Tour', 'Arena', 'Museo Radio', 'San Zeno']",San Zeno,strategy_nearest,True,0.002975940704345703,success
04F401429C4C84,0,['Museo Lapidario'],Castelvecchio,"['Verona Tour', 'Arena', 'Museo Radio', 'San Zeno', 'Sighseeing']",Arena,strategy_nearest,True,0.0028159618377685547,success
04F4033A9C4C84,1,"['Arena', 'Casa Giulietta', 'Torre Lamberti']",Palazzo della Ragione,"['AMO', 'Museo Conte', 'Centro Fotografia', 'Sighseeing', 'Santa Anastasia']",Santa Anastasia,strategy_nearest,True,0.002128124237060547,success
04F4143A9C4C84,1,"['Arena', 'Casa Giulietta']",Torre Lamberti,"['Sighseeing', 'Centro Fotografia', 'Museo Conte', 'Palazzo della Ragione', 'AMO']",Palazzo della Ragione,strategy_nearest,True,0.002597808837890625,success
04F40E3A9C4C84,1,"['Arena', 'Museo Lapidario', 'Casa Giulietta']",Palazzo della Ragione,"['AMO', 'Museo Conte', 'Torre Lamberti', 'Centro Fotografia', 'Sighseeing']",Torre Lamberti,strategy_nearest,True,0.003393888473510742,success
04F416429C4C84,0,['Arena'],Tomba Giulietta,"['San Fermo', 'Museo Storia', 'Museo Lapidario', 'Museo Radio', 'Verona Tour']",San Fermo,strategy_nearest,True,0.0020101070404052734,success
04F41E429C4C80,2,"['Teatro Romano', 'Duomo']",Torre Lamberti,"['Sighseeing', 'Centro Fotografia', 'Museo Conte', 'Casa Giulietta', 'Palazzo della Ragione']",Casa Giulietta,strategy_nearest,True,0.002583026885986328,success
04F42A3A9C4C80,3,"['Arena', 'Museo Lapidario', 'Casa Giulietta']",Torre Lamberti,"['Sighseeing', 'Centro Fotografia', 'Museo Conte', 'Palazzo della Ragione', 'AMO']",Santa Anastasia,strategy_nearest,False,0.0028460025787353516,success
04F42A429C4C80,0,"['Castelvecchio', 'Torre Lamberti']",Giardino Giusti,"['Santa Anastasia', 'Teatro Romano', 'Museo Conte', 'Centro Fotografia', 'Museo Storia']",Arena,strategy_nearest,False,0.0033342838287353516,success
04F42C429C4C80,3,"['Arena', 'Casa Giulietta']",Santa Anastasia,"['AMO', 'Museo Conte', 'Palazzo della Ragione', 'Teatro Romano', 'Centro Fotografia']",Castelvecchio,strategy_nearest,False,0.0024809837341308594,success
04F4364A9C4C80,0,"['Tomba Giulietta', 'Arena']",Casa Giulietta,"['Centro Fotografia', 'Sighseeing', 'Torre Lamberti', 'Museo Conte', 'Museo Radio']",Teatro Romano,strategy_nearest,False,0.003175973892211914,success
04F43D429C4C80,0,['Arena'],Castelvecchio,"['Museo Lapidario', 'Verona Tour', 'Museo Radio', 'San Zeno', 'Sighseeing']",Casa Giulietta,strategy_nearest,False,0.0025930404663085938,success
04F4403A9C4C80,0,['Arena'],Giardino Giusti,"['Santa Anastasia', 'Teatro Romano', 'Museo Conte', 'Centro Fotografia', 'Museo Storia']",Castelvecchio,strategy_nearest,False,0.0032529830932617188,success
04F447429C4C80,1,"['Arena', 'Casa Giulietta']",San Fermo,"['Museo Storia', 'Museo Radio', 'Centro Fotografia', 'Sighseeing', 'Torre Lamberti']",Torre Lamberti,strategy_nearest,True,0.003396749496459961,success
04F44B3A9C4C80,2,"['Torre Lamberti', 'Casa Giulietta', 'Castelvecchio', 'San Zeno']",Tomba Giulietta,"['San Fermo', 'Museo Storia', 'Arena', 'Museo Lapidario', 'Museo Radio']",San Fermo,strategy_nearest,True,0.0031638145446777344,success
04F4483A9C4C80,3,"['Castelvecchio', 'Santa Anastasia', 'Duomo', 'Torre Lamberti']",Casa Giulietta,"['Centro Fotografia', 'Sighseeing', 'Museo Conte', 'Museo Radio', 'Palazzo della Ragione']",San Fermo,strategy_nearest,False,0.0020711421966552734,success
04F45B429C4C80,2,"['Castelvecchio', 'Duomo']",Santa Anastasia,"['AMO', 'Museo Conte', 'Palazzo della Ragione', 'Teatro Romano', 'Centro Fotografia']",Palazzo della Ragione,strategy_nearest,True,0.0030999183654785156,success
04F461429C4C80,1,"['Casa Giulietta', 'Palazzo della Ragione']",Santa Anastasia,"['AMO', 'Museo Conte', 'Teatro Romano', 'Centro Fotografia', 'Duomo']",Arena,strategy_nearest,False,0.0022492408752441406,success
04F466429C4C80,2,['Castelvecchio'],Torre Lamberti,"['Sighseeing', 'Centro Fotografia', 'Museo Conte', 'Casa Giulietta', 'Palazzo della Ragione']",Casa Giulietta,strategy_nearest,True,0.0029599666595458984,success
04F46A429C4C80,2,['Casa Giulietta'],Casa Giulietta,"['Centro Fotografia', 'Sighseeing', 'Torre Lamberti', 'Museo Conte', 'Museo Radio']",Santa Anastasia,strategy_nearest,False,0.0034596920013427734,success
04F4683A9C4C80,2,"['Castelvecchio', 'Tomba Giulietta']",Teatro Romano,"['Santa Anastasia', 'Duomo', 'AMO', 'Palazzo della Ragione', 'Museo Conte']",Santa Anastasia,strategy_nearest,True,0.0035109519958496094,success
04F47B4A9C4C80,0,['Arena'],Castelvecchio,"['Museo Lapidario', 'Verona Tour', 'Museo Radio', 'San Zeno', 'Sighseeing']",Casa Giulietta,strategy_nearest,False,0.0026171207427978516,success
04F47D429C4C80,0,['Arena'],Teatro Romano,"['Santa Anastasia', 'Duomo', 'AMO', 'Palazzo della Ragione', 'Museo Conte']",Giardino Giusti,strategy_nearest,False,0.0025510787963867188,success
04F473429C4C80,3,['Arena'],Torre Lamberti,"['Sighseeing', 'Centro Fotografia', 'Museo Conte', 'Casa Giulietta', 'Palazzo della Ragione']",Santa Anastasia,strategy_nearest,False,0.003919839859008789,success
04F47E4A9C4C80,3,['Arena'],Casa Giulietta,"['Centro Fotografia', 'Sighseeing', 'Torre Lamberti', 'Museo Conte', 'Museo Radio']",Santa Anastasia,strategy_nearest,False,0.0033981800079345703,success
04F4823A9C4C80,2,['Torre Lamberti'],Casa Giulietta,"['Centro Fotografia', 'Sighseeing', 'Museo Conte', 'Museo Radio', 'Palazzo della Ragione']",Duomo,strategy_nearest,False,0.0026700496673583984,success
04F485429C4C80,3,"['Arena', 'Torre Lamberti']",Casa Giulietta,"['Centro Fotografia', 'Sighseeing', 'Museo Conte', 'Museo Radio', 'Palazzo della Ragione']",Santa Anastasia,strategy_nearest,False,0.003990888595581055,success
04F498429C4C80,1,['Arena'],Palazzo della Ragione,"['AMO', 'Museo Conte', 'Torre Lamberti', 'Centro Fotografia', 'Sighseeing']",Torre Lamberti,strategy_nearest,True,0.002471923828125,success
04F483429C4C80,0,['Arena'],Santa Anastasia,"['AMO', 'Museo Conte', 'Palazzo della Ragione', 'Teatro Romano', 'Centro Fotografia']",Casa Giulietta,strategy_nearest,False,0.003075122833251953,success
04F4AD429C4C80,0,['Arena'],Casa Giulietta,"['Centro Fotografia', 'Sighseeing', 'Torre Lamberti', 'Museo Conte', 'Museo Radio']",Teatro Romano,strategy_nearest,False,0.0029599666595458984,success
04F4B7429C4C80,0,['Casa Giulietta'],Castelvecchio,"['Museo Lapidario', 'Verona Tour', 'Arena', 'Museo Radio', 'San Zeno']",Arena,strategy_nearest,True,0.002032756805419922,success
04F4AF429C4C80,1,"['Arena', 'Casa Giulietta']",Giardino Giusti,"['Santa Anastasia', 'Teatro Romano', 'Museo Conte', 'Centro Fotografia', 'Museo Storia']",Teatro Romano,strategy_nearest,True,0.0027408599853515625,success
04F4BF3A9C4C80,3,"['Castelvecchio', 'Arena']",Torre Lamberti,"['Sighseeing', 'Centro Fotografia', 'Museo Conte', 'Casa Giulietta', 'Palazzo della Ragione']",Santa Anastasia,strategy_nearest,False,0.003083944320678711,success
04F4C53A9C4C80,0,['Arena'],Castelvecchio,"['Museo Lapidario', 'Verona Tour', 'Museo Radio', 'San Zeno', 'Sighseeing']",Santa Anastasia,strategy_nearest,False,0.002176046371459961,success
04F4C73A9C4C80,0,['Arena'],Castelvecchio,"['Museo Lapidario', 'Verona Tour', 'Museo Radio', 'San Zeno', 'Sighseeing']",Duomo,strategy_nearest,False,0.002706289291381836,success
04F4C3429C4C80,0,['Arena'],Casa Giulietta,"['Centro Fotografia', 'Sighseeing', 'Torre Lamberti', 'Museo Conte', 'Museo Radio']",Santa Anastasia,strategy_nearest,False,0.004127979278564453,success
04F4C03A9C4C80,2,['Torre Lamberti'],Palazzo della Ragione,"['AMO', 'Museo Conte', 'Centro Fotografia', 'Sighseeing', 'Santa Anastasia']",Casa Giulietta,strategy_nearest,False,0.0028967857360839844,success
04F4DE3A9C4C80,0,['Arena'],Casa Giulietta,"['Centro Fotografia', 'Sighseeing', 'Torre Lamberti', 'Museo Conte', 'Museo Radio']",Duomo,strategy_nearest,False,0.002620220184326172,success
04F4D03A9C4C80,3,"['Arena', 'San Fermo', 'Museo Storia', 'Teatro Romano']",Duomo,"['AMO', 'Museo Miniscalchi', 'Santa Anastasia', 'Palazzo della Ragione', 'Museo Conte']",Santa Anastasia,strategy_nearest,True,0.0016071796417236328,success
04F4CA429C4C80,0,"['Castelvecchio', 'Casa Giulietta']",Torre Lamberti,"['Sighseeing', 'Centro Fotografia', 'Museo Conte', 'Palazzo della Ragione', 'AMO']",Arena,strategy_nearest,False,0.0028679370880126953,success
04F4D93A9C4C80,0,['Arena'],Museo Lapidario,"['Verona Tour', 'Castelvecchio', 'Museo Radio', 'San Fermo', 'Casa Giulietta']",Torre Lamberti,strategy_nearest,False,0.003420114517211914,success
04F4E53A9C4C80,0,"['Arena', 'Museo Lapidario', 'Castelvecchio']",Casa Giulietta,"['Centro Fotografia', 'Sighseeing', 'Torre Lamberti', 'Museo Conte', 'Museo Radio']",Torre Lamberti,strategy_nearest,True,0.002398967742919922,success
04F4EA429C4C80,1,"['Museo Lapidario', 'Castelvecchio', 'Casa Giulietta']",Tomba Giulietta,"['San Fermo', 'Museo Storia', 'Arena', 'Museo Radio', 'Verona Tour']",Arena,strategy_nearest,True,0.0017998218536376953,success
04F4F1429C4C80,2,"['Giardino Giusti', 'Palazzo della Ragione']",Santa Anastasia,"['AMO', 'Museo Conte', 'Teatro Romano', 'Centro Fotografia', 'Duomo']",Duomo,strategy_nearest,True,0.0028040409088134766,success
04F4F53A9C4C80,3,['Arena'],Casa Giulietta,"['Centro Fotografia', 'Sighseeing', 'Torre Lamberti', 'Museo Conte', 'Museo Radio']",Santa Anastasia,strategy_nearest,False,0.0030252933502197266,success
04F4FB3A9C4C80,1,['Arena'],Casa Giulietta,"['Centro Fotografia', 'Sighseeing', 'Torre Lamberti', 'Museo Conte', 'Museo Radio']",Torre Lamberti,strategy_nearest,True,0.0025348663330078125,success
04F4FF3A9C4C80,3,"['Arena', 'Casa Giulietta']",Santa Anastasia,"['AMO', 'Museo Conte', 'Palazzo della Ragione', 'Teatro Romano', 'Centro Fotografia']",Teatro Romano,strategy_nearest,True,0.0029439926147460938,success
04F5003A9C4C84,0,['Arena'],Torre Lamberti,"['Sighseeing', 'Centro Fotografia', 'Museo Conte', 'Casa Giulietta', 'Palazzo della Ragione']",Casa Giulietta,strategy_nearest,True,0.0023651123046875,success
04F4FE429C4C80,1,"['Arena', 'Santa Anastasia', 'Casa Giulietta']",Palazzo della Ragione,"['AMO', 'Museo Conte', 'Torre Lamberti', 'Centro Fotografia', 'Sighseeing']",Torre Lamberti,strategy_nearest,True,0.003426790237426758,success
04F5143A9C4C84,1,"['Arena', 'Casa Giulietta']",Torre Lamberti,"['Sighseeing', 'Centro Fotografia', 'Museo Conte', 'Palazzo della Ragione', 'AMO']",Palazzo della Ragione,strategy_nearest,True,0.0021088123321533203,success
04F5033A9C4C84,3,['Arena'],Duomo,"['AMO', 'Museo Miniscalchi', 'Santa Anastasia', 'Teatro Romano', 'Palazzo della Ragione']",Santa Anastasia,strategy_nearest,True,0.0020682811737060547,success
04F506429C4C84,0,['Casa Giulietta'],Arena,"['Verona Tour', 'Museo Lapidario', 'Museo Radio', 'San Fermo', 'Sighseeing']",Castelvecchio,strategy_nearest,False,0.003097057342529297,success
04F5053A9C4C84,1,"['Arena', 'Casa Giulietta']",Torre Lamberti,"['Sighseeing', 'Centro Fotografia', 'Museo Conte', 'Palazzo della Ragione', 'AMO']",Palazzo della Ragione,strategy_nearest,True,0.003932952880859375,success
04F53F429C4C80,0,"['Arena', 'Torre Lamberti']",Casa Giulietta,"['Centro Fotografia', 'Sighseeing', 'Museo Conte', 'Museo Radio', 'Palazzo della Ragione']",Teatro Romano,strategy_nearest,False,0.0015959739685058594,success
04F5303A9C4C80,1,"['Arena', 'Torre Lamberti', 'Palazzo della Ragione']",Casa Giulietta,"['Centro Fotografia', 'Sighseeing', 'Museo Conte', 'Museo Radio', 'San Fermo']",San Fermo,strategy_nearest,True,0.0030379295349121094,success
04F547429C4C80,3,['Arena'],Torre Lamberti,"['Sighseeing', 'Centro Fotografia', 'Museo Conte', 'Casa Giulietta', 'Palazzo della Ragione']",Santa Anastasia,strategy_nearest,False,0.004444122314453125,success
04F5233A9C4C80,2,"['San Zeno', 'Duomo']",Santa Anastasia,"['AMO', 'Museo Conte', 'Palazzo della Ragione', 'Teatro Romano', 'Centro Fotografia']",Casa Giulietta,strategy_nearest,False,0.004733085632324219,success
04F54C429C4C80,1,"['Arena', 'Torre Lamberti']",Palazzo della Ragione,"['AMO', 'Museo Conte', 'Centro Fotografia', 'Sighseeing', 'Santa Anastasia']",Santa Anastasia,strategy_nearest,True,0.0025911331176757812,success
04F57B3A9C4C80,3,"['Casa Giulietta', 'Torre Lamberti']",Santa Anastasia,"['AMO', 'Museo Conte', 'Palazzo della Ragione', 'Teatro Romano', 'Centro Fotografia']",Duomo,strategy_nearest,False,0.002750873565673828,success
04F5733A9C4C80,2,"['Castelvecchio', 'Torre Lamberti']",Palazzo della Ragione,"['AMO', 'Museo Conte', 'Centro Fotografia', 'Sighseeing', 'Santa Anastasia']",Casa Giulietta,strategy_nearest,False,0.004881143569946289,success
04F57B429C4C80,0,['Arena'],Casa Giulietta,"['Centro Fotografia', 'Sighseeing', 'Torre Lamberti', 'Museo Conte', 'Museo Radio']",Santa Anastasia,strategy_nearest,False,0.0033910274505615234,success
04F555429C4C80,0,['Arena'],Casa Giulietta,"['Centro Fotografia', 'Sighseeing', 'Torre Lamberti', 'Museo Conte', 'Museo Radio']",Torre Lamberti,strategy_nearest,True,0.00220489501953125,success
04F58D429C4C80,0,['Arena'],Casa Giulietta,"['Centro Fotografia', 'Sighseeing', 'Torre Lamberti', 'Museo Conte', 'Museo Radio']",Torre Lamberti,strategy_nearest,True,0.0033731460571289062,success
04F58D3A9C4C80,3,"['Arena', 'Museo Lapidario', 'Castelvecchio']",Torre Lamberti,"['Sighseeing', 'Centro Fotografia', 'Museo Conte', 'Casa Giulietta', 'Palazzo della Ragione']",Casa Giulietta,strategy_nearest,True,0.0023310184478759766,success
04F5914A9C4C80,1,"['Arena', 'Casa Giulietta', 'San Zeno']",Castelvecchio,"['Museo Lapidario', 'Verona Tour', 'Museo Radio', 'Sighseeing', 'Museo Miniscalchi']",Torre Lamberti,strategy_nearest,False,0.0033941268920898438,success
04F58E4A9C4C80,3,"['Arena', 'Torre Lamberti', 'Santa Anastasia']",Duomo,"['AMO', 'Museo Miniscalchi', 'Teatro Romano', 'Palazzo della Ragione', 'Museo Conte']",Casa Giulietta,strategy_nearest,False,0.0046541690826416016,success
04F598429C4C80,2,['Casa Giulietta'],Santa Anastasia,"['AMO', 'Museo Conte', 'Palazzo della Ragione', 'Teatro Romano', 'Centro Fotografia']",Duomo,strategy_nearest,False,0.0038089752197265625,success
04F5A6429C4C80,1,['Arena'],Torre Lamberti,"['Sighseeing', 'Centro Fotografia', 'Museo Conte', 'Casa Giulietta', 'Palazzo della Ragione']",Palazzo della Ragione,strategy_nearest,True,0.0025289058685302734,success
04F592429C4C80,0,['Arena'],Teatro Romano,"['Santa Anastasia', 'Duomo', 'AMO', 'Palazzo della Ragione', 'Museo Conte']",Torre Lamberti,strategy_nearest,False,0.0015060901641845703,success
04F5AD3A9C4C80,2,['Santa Anastasia'],Torre Lamberti,"['Sighseeing', 'Centro Fotografia', 'Museo Conte', 'Casa Giulietta', 'Palazzo della Ragione']",Casa Giulietta,strategy_nearest,True,0.0029370784759521484,success
04F5B1429C4C80,0,['Casa Giulietta'],Castelvecchio,"['Museo Lapidario', 'Verona Tour', 'Arena', 'Museo Radio', 'San Zeno']",Arena,strategy_nearest,True,0.0024411678314208984,success
04F5AF429C4C80,3,"['Arena', 'Torre Lamberti']",Castelvecchio,"['Museo Lapidario', 'Verona Tour', 'Museo Radio', 'San Zeno', 'Sighseeing']",Santa Anastasia,strategy_nearest,False,0.0015990734100341797,success
04F5B33A9C4C80,0,['Arena'],Casa Giulietta,"['Centro Fotografia', 'Sighseeing', 'Torre Lamberti', 'Museo Conte', 'Museo Radio']",Teatro Romano,strategy_nearest,False,0.0029680728912353516,success
04F5B4429C4C80,3,"['Castelvecchio', 'Arena', 'Casa Giulietta']",San Fermo,"['Museo Storia', 'Museo Radio', 'Centro Fotografia', 'Sighseeing', 'Torre Lamberti']",Duomo,strategy_nearest,False,0.0034360885620117188,success
04F5B7429C4C80,1,"['Casa Giulietta', 'Torre Lamberti']",Palazzo della Ragione,"['AMO', 'Museo Conte', 'Centro Fotografia', 'Sighseeing', 'Santa Anastasia']",Arena,strategy_nearest,False,0.002123117446899414,success
04F5BF3A9C4C80,0,['Arena'],Casa Giulietta,"['Centro Fotografia', 'Sighseeing', 'Torre Lamberti', 'Museo Conte', 'Museo Radio']",Castelvecchio,strategy_nearest,False,0.002777099609375,success
04F5C1429C4C80,1,"['Arena', 'Torre Lamberti']",Casa Giulietta,"['Centro Fotografia', 'Sighseeing', 'Museo Conte', 'Museo Radio', 'Palazzo della Ragione']",Palazzo della Ragione,strategy_nearest,True,0.0033698081970214844,success
04F5C73A9C4C80,0,['Arena'],Castelvecchio,"['Museo Lapidario', 'Verona Tour', 'Museo Radio', 'San Zeno', 'Sighseeing']",Duomo,strategy_nearest,False,0.002115964889526367,success
04F5C43A9C4C80,3,"['Castelvecchio', 'Arena']",Casa Giulietta,"['Centro Fotografia', 'Sighseeing', 'Torre Lamberti', 'Museo Conte', 'Museo Radio']",Torre Lamberti,strategy_nearest,True,0.002753734588623047,success
04F5CE3A9C4C80,0,['Arena'],Castelvecchio,"['Museo Lapidario', 'Verona Tour', 'Museo Radio', 'San Zeno', 'Sighseeing']",San Zeno,strategy_nearest,True,0.0033690929412841797,success
04F5C23A9C4C80,3,['Arena'],Torre Lamberti,"['Sighseeing', 'Centro Fotografia', 'Museo Conte', 'Casa Giulietta', 'Palazzo della Ragione']",Santa Anastasia,strategy_nearest,False,0.0029151439666748047,success
04F5D2429C4C80,3,"['Arena', 'Casa Giulietta']",Santa Anastasia,"['AMO', 'Museo Conte', 'Palazzo della Ragione', 'Teatro Romano', 'Centro Fotografia']",Teatro Romano,strategy_nearest,True,0.003361225128173828,success
04F5D73A9C4C80,3,['Arena'],Casa Giulietta,"['Centro Fotografia', 'Sighseeing', 'Torre Lamberti', 'Museo Conte', 'Museo Radio']",Torre Lamberti,strategy_nearest,True,0.002094745635986328,success
04F5DA3A9C4C80,0,['Arena'],Casa Giulietta,"['Centro Fotografia', 'Sighseeing', 'Torre Lamberti', 'Museo Conte', 'Museo Radio']",Torre Lamberti,strategy_nearest,True,0.0019180774688720703,success
04F5EB3A9C4C80,1,"['Arena', 'Casa Giulietta', 'Torre Lamberti']",Palazzo della Ragione,"['AMO', 'Museo Conte', 'Centro Fotografia', 'Sighseeing', 'Santa Anastasia']",Santa Anastasia,strategy_nearest,True,0.003488779067993164,success
04F5F9429C4C80,1,"['Arena', 'Santa Anastasia', 'Castelvecchio']",San Zeno,"['Verona Tour', 'Museo Lapidario', 'Museo Miniscalchi', 'Sighseeing', 'Museo Radio']",Casa Giulietta,strategy_nearest,False,0.0017871856689453125,success
04F5F5429C4C80,3,"['Duomo', 'Teatro Romano', 'Castelvecchio']",Arena,"['Verona Tour', 'Museo Lapidario', 'Museo Radio', 'San Fermo', 'Casa Giulietta']",Casa Giulietta,strategy_nearest,True,0.002835988998413086,success
04F5EC3A9C4C80,0,['Arena'],Casa Giulietta,"['Centro Fotografia', 'Sighseeing', 'Torre Lamberti', 'Museo Conte', 'Museo Radio']",Tomba Giulietta,strategy_nearest,False,0.0035011768341064453,success
04F6183A9C4C84,0,"['Arena', 'Museo Lapidario']",Castelvecchio,"['Verona Tour', 'Museo Radio', 'San Zeno', 'Sighseeing', 'Museo Miniscalchi']",Casa Giulietta,strategy_nearest,False,0.003377199172973633,success
04F62A3A9C4C80,0,['Arena'],Duomo,"['AMO', 'Museo Miniscalchi', 'Santa Anastasia', 'Teatro Romano', 'Palazzo della Ragione']",Casa Giulietta,strategy_nearest,False,0.003270864486694336,success
04F6203A9C4C80,2,['Castelvecchio'],Santa Anastasia,"['AMO', 'Museo Conte', 'Palazzo della Ragione', 'Teatro Romano', 'Centro Fotografia']",Palazzo della Ragione,strategy_nearest,True,0.0027170181274414062,success
04F6023A9C4C84,2,['Torre Lamberti'],Casa Giulietta,"['Centro Fotografia', 'Sighseeing', 'Museo Conte', 'Museo Radio', 'Palazzo della Ragione']",Santa Anastasia,strategy_nearest,False,0.002774953842163086,success
04F62D429C4C80,2,['San Fermo'],San Zeno,"['Castelvecchio', 'Verona Tour', 'Museo Lapidario', 'Arena', 'Museo Miniscalchi']",Castelvecchio,strategy_nearest,True,0.002629995346069336,success
04F6373A9C4C80,0,['Arena'],Casa Giulietta,"['Centro Fotografia', 'Sighseeing', 'Torre Lamberti', 'Museo Conte', 'Museo Radio']",Teatro Romano,strategy_nearest,False,0.0013949871063232422,success
04F63A429C4C80,0,['Arena'],Casa Giulietta,"['Centro Fotografia', 'Sighseeing', 'Torre Lamberti', 'Museo Conte', 'Museo Radio']",Torre Lamberti,strategy_nearest,True,0.002792835235595703,success
04F63D3A9C4C80,0,"['Arena', 'Casa Giulietta']",San Fermo,"['Museo Storia', 'Museo Radio', 'Centro Fotografia', 'Sighseeing', 'Torre Lamberti']",Tomba Giulietta,strategy_nearest,False,0.003368854522705078,success
04F6503A9C4C80,3,"['Torre Lamberti', 'Castelvecchio']",Arena,"['Verona Tour', 'Museo Lapidario', 'Museo Radio', 'San Fermo', 'Casa Giulietta']",Teatro Romano,strategy_nearest,False,0.0018248558044433594,success
04F6483A9C4C80,1,"['Arena', 'Palazzo della Ragione', 'Casa Giulietta', 'Santa Anastasia', 'Duomo']",Duomo,"['AMO', 'Museo Miniscalchi', 'Teatro Romano', 'Museo Conte', 'Torre Lamberti']",Teatro Romano,strategy_nearest,True,0.0033850669860839844,success
04F65F429C4C80,2,['Casa Giulietta'],Tomba Giulietta,"['San Fermo', 'Museo Storia', 'Arena', 'Museo Lapidario', 'Museo Radio']",Castelvecchio,strategy_nearest,False,0.0025238990783691406,success
04F65D429C4C80,2,['Casa Giulietta'],Torre Lamberti,"['Sighseeing', 'Centro Fotografia', 'Museo Conte', 'Palazzo della Ragione', 'AMO']",Palazzo della Ragione,strategy_nearest,True,0.003464937210083008,success
04F66C429C4C80,0,['Arena'],Casa Giulietta,"['Centro Fotografia', 'Sighseeing', 'Torre Lamberti', 'Museo Conte', 'Museo Radio']",Santa Anastasia,strategy_nearest,False,0.0023889541625976562,success
04F668429C4C80,3,"['Arena', 'Casa Giulietta', 'Torre Lamberti']",Santa Anastasia,"['AMO', 'Museo Conte', 'Palazzo della Ragione', 'Teatro Romano', 'Centro Fotografia']",Teatro Romano,strategy_nearest,True,0.0024640560150146484,success
04F670429C4C80,1,"['San Zeno', 'Santa Anastasia']",Arena,"['Verona Tour', 'Museo Lapidario', 'Museo Radio', 'San Fermo', 'Casa Giulietta']",Torre Lamberti,strategy_nearest,False,0.003145933151245117,success
04F66F3A9C4C80,2,"['San Zeno', 'Castelvecchio']",Santa Anastasia,"['AMO', 'Museo Conte', 'Palazzo della Ragione', 'Teatro Romano', 'Centro Fotografia']",Duomo,strategy_nearest,False,0.0026051998138427734,success
04F6713A9C4C80,3,"['Arena', 'Castelvecchio', 'Casa Giulietta']",Casa Giulietta,"['Centro Fotografia', 'Sighseeing', 'Torre Lamberti', 'Museo Conte', 'Museo Radio']",San Fermo,strategy_nearest,False,0.003239870071411133,success
04F6773A9C4C80,3,['Arena'],Casa Giulietta,"['Centro Fotografia', 'Sighseeing', 'Torre Lamberti', 'Museo Conte', 'Museo Radio']",Santa Anastasia,strategy_nearest,False,0.002405881881713867,success
04F67D429C4C80,1,"['Arena', 'Museo Lapidario', 'Torre Lamberti', 'Palazzo della Ragione', 'Casa Giulietta']",Santa Anastasia,"['AMO', 'Museo Conte', 'Teatro Romano', 'Centro Fotografia', 'Duomo']",Teatro Romano,strategy_nearest,True,0.002810239791870117,success
04F680429C4C80,0,['Torre Lamberti'],Arena,"['Verona Tour', 'Museo Lapidario', 'Museo Radio', 'San Fermo', 'Casa Giulietta']",Museo Lapidario,strategy_nearest,True,0.003353118896484375,success
04F6873A9C4C80,3,"['San Fermo', 'Torre Lamberti']",Santa Anastasia,"['AMO', 'Museo Conte', 'Palazzo della Ragione', 'Teatro Romano', 'Centro Fotografia']",Teatro Romano,strategy_nearest,True,0.0030410289764404297,success
04F6843A9C4C80,3,"['Castelvecchio', 'Casa Giulietta']",Arena,"['Verona Tour', 'Museo Lapidario', 'Museo Radio', 'San Fermo', 'Sighseeing']",Torre Lamberti,strategy_nearest,False,0.002766847610473633,success
04F688429C4C80,3,"['Arena', 'Museo Lapidario']",Duomo,"['AMO', 'Museo Miniscalchi', 'Santa Anastasia', 'Teatro Romano', 'Palazzo della Ragione']",Santa Anastasia,strategy_nearest,True,0.0034520626068115234,success
04F699429C4C80,1,"['Arena', 'Castelvecchio', 'Museo Lapidario', 'Teatro Romano']",Duomo,"['AMO', 'Museo Miniscalchi', 'Santa Anastasia', 'Palazzo della Ragione', 'Museo Conte']",Santa Anastasia,strategy_nearest,True,0.003256082534790039,success
04F6924A9C4C80,3,['Arena'],Torre Lamberti,"['Sighseeing', 'Centro Fotografia', 'Museo Conte', 'Casa Giulietta', 'Palazzo della Ragione']",Santa Anastasia,strategy_nearest,False,0.0028569698333740234,success
04F6934A9C4C80,3,['Arena'],Duomo,"['AMO', 'Museo Miniscalchi', 'Santa Anastasia', 'Teatro Romano', 'Palazzo della Ragione']",Santa Anastasia,strategy_nearest,True,0.0014216899871826172,success
04F6B2429C4C80,0,"['Casa Giulietta', 'San Fermo']",Arena,"['Verona Tour', 'Museo Lapidario', 'Museo Radio', 'Sighseeing', 'Castelvecchio']",Museo Lapidario,strategy_nearest,True,0.0019268989562988281,success
04F6B43A9C4C80,1,"['Arena', 'Tomba Giulietta', 'Museo Lapidario']",Castelvecchio,"['Verona Tour', 'Museo Radio', 'San Zeno', 'Sighseeing', 'Museo Miniscalchi']",Torre Lamberti,strategy_nearest,False,0.0025360584259033203,success
04F6AB4A9C4C80,3,"['Arena', 'Museo Lapidario']",Casa Giulietta,"['Centro Fotografia', 'Sighseeing', 'Torre Lamberti', 'Museo Conte', 'Museo Radio']",Santa Anastasia,strategy_nearest,False,0.0020318031311035156,success
04F6BB3A9C4C80,3,"['Arena', 'Torre Lamberti']",Torre Lamberti,"['Sighseeing', 'Centro Fotografia', 'Museo Conte', 'Casa Giulietta', 'Palazzo della Ragione']",Santa Anastasia,strategy_nearest,False,0.0033593177795410156,success
04F6BC3A9C4C80,3,['Arena'],Duomo,"['AMO', 'Museo Miniscalchi', 'Santa Anastasia', 'Teatro Romano', 'Palazzo della Ragione']",Santa Anastasia,strategy_nearest,True,0.00272369384765625,success
04F6C53A9C4C80,0,['Arena'],Casa Giulietta,"['Centro Fotografia', 'Sighseeing', 'Torre Lamberti', 'Museo Conte', 'Museo Radio']",Castelvecchio,strategy_nearest,False,0.002437114715576172,success
04F6C0429C4C80,2,"['Casa Giulietta', 'Santa Anastasia']",Duomo,"['AMO', 'Museo Miniscalchi', 'Teatro Romano', 'Palazzo della Ragione', 'Museo Conte']",Palazzo della Ragione,strategy_nearest,True,0.0033447742462158203,success
04F6BD3A9C4C80,1,"['Palazzo della Ragione', 'Torre Lamberti']",Casa Giulietta,"['Centro Fotografia', 'Sighseeing', 'Museo Conte', 'Museo Radio', 'San Fermo']",Arena,strategy_nearest,False,0.002933979034423828,success
04F6C5429C4C80,0,['Torre Lamberti'],Casa Giulietta,"['Centro Fotografia', 'Sighseeing', 'Museo Conte', 'Museo Radio', 'Palazzo della Ragione']",Arena,strategy_nearest,False,0.0027039051055908203,success
04F6C7429C4C80,0,"['Arena', 'Casa Giulietta']",Torre Lamberti,"['Sighseeing', 'Centro Fotografia', 'Museo Conte', 'Palazzo della Ragione', 'AMO']",Teatro Romano,strategy_nearest,False,0.0021407604217529297,success
04F6CA429C4C80,0,['Arena'],Castelvecchio,"['Museo Lapidario', 'Verona Tour', 'Museo Radio', 'San Zeno', 'Sighseeing']",Tomba Giulietta,strategy_nearest,False,0.0027251243591308594,success
04F6E33A9C4C80,0,['Arena'],Torre Lamberti,"['Sighseeing', 'Centro Fotografia', 'Museo Conte', 'Casa Giulietta', 'Palazzo della Ragione']",Casa Giulietta,strategy_nearest,True,0.003386259078979492,success
04F6E53A9C4C80,0,['Arena'],Torre Lamberti,"['Sighseeing', 'Centro Fotografia', 'Museo Conte', 'Casa Giulietta', 'Palazzo della Ragione']",Casa Giulietta,strategy_nearest,True,0.002485990524291992,success
04F7023A9C4C84,3,"['Arena', 'Museo Lapidario', 'Casa Giulietta']",Santa Anastasia,"['AMO', 'Museo Conte', 'Palazzo della Ragione', 'Teatro Romano', 'Centro Fotografia']",Duomo,strategy_nearest,False,0.0024671554565429688,success
04F6E93A9C4C80,3,"['Arena', 'Torre Lamberti', 'Santa Anastasia']",Teatro Romano,"['Duomo', 'AMO', 'Palazzo della Ragione', 'Museo Conte', 'Centro Fotografia']",Duomo,strategy_nearest,True,0.002711772918701172,success
04F6EF3A9C4C80,0,['Arena'],Castelvecchio,"['Museo Lapidario', 'Verona Tour', 'Museo Radio', 'San Zeno', 'Sighseeing']",Casa Giulietta,strategy_nearest,False,0.003293752670288086,success
04F714429C4C84,3,"['Arena', 'Casa Giulietta', 'Santa Anastasia']",Duomo,"['AMO', 'Museo Miniscalchi', 'Teatro Romano', 'Palazzo della Ragione', 'Museo Conte']",Teatro Romano,strategy_nearest,True,0.002040863037109375,success
04F708C27B3F84,2,['Casa Giulietta'],Palazzo della Ragione,"['AMO', 'Museo Conte', 'Torre Lamberti', 'Centro Fotografia', 'Sighseeing']",Torre Lamberti,strategy_nearest,True,0.002257823944091797,success
04F70F3A9C4C84,0,['Arena'],Castelvecchio,"['Museo Lapidario', 'Verona Tour', 'Museo Radio', 'San Zeno', 'Sighseeing']",Casa Giulietta,strategy_nearest,False,0.0034198760986328125,success
04F7133A9C4C84,3,"['Arena', 'Casa Giulietta']",Torre Lamberti,"['Sighseeing', 'Centro Fotografia', 'Museo Conte', 'Palazzo della Ragione', 'AMO']",Santa Anastasia,strategy_nearest,False,0.002794981002807617,success
04F7323A9C4C80,1,['Arena'],Palazzo della Ragione,"['AMO', 'Museo Conte', 'Torre Lamberti', 'Centro Fotografia', 'Sighseeing']",Torre Lamberti,strategy_nearest,True,0.0018587112426757812,success
04F7263A9C4C80,2,"['Castelvecchio', 'San Zeno']",Duomo,"['AMO', 'Museo Miniscalchi', 'Santa Anastasia', 'Teatro Romano', 'Palazzo della Ragione']",Casa Giulietta,strategy_nearest,False,0.0014030933380126953,success
04F7293A9C4C80,6,['Arena'],Torre Lamberti,"['Sighseeing', 'Centro Fotografia', 'Museo Conte', 'Casa Giulietta', 'Palazzo della Ragione']",Casa Giulietta,strategy_nearest,True,0.002595663070678711,success
04F740429C4C80,0,['Arena'],Casa Giulietta,"['Centro Fotografia', 'Sighseeing', 'Torre Lamberti', 'Museo Conte', 'Museo Radio']",Duomo,strategy_nearest,False,0.0018649101257324219,success
04F73C4A9C4C80,2,"['Castelvecchio', 'Palazzo della Ragione']",Santa Anastasia,"['AMO', 'Museo Conte', 'Teatro Romano', 'Centro Fotografia', 'Duomo']",Duomo,strategy_nearest,True,0.003461122512817383,success
04F7433A9C4C80,0,['Castelvecchio'],Arena,"['Verona Tour', 'Museo Lapidario', 'Museo Radio', 'San Fermo', 'Casa Giulietta']",Casa Giulietta,strategy_nearest,True,0.0024869441986083984,success
04F73D3A9C4C80,3,"['Arena', 'Torre Lamberti']",Santa Anastasia,"['AMO', 'Museo Conte', 'Palazzo della Ragione', 'Teatro Romano', 'Centro Fotografia']",Duomo,strategy_nearest,False,0.0032210350036621094,success
04F747429C4C80,4,"['Castelvecchio', 'Tomba Giulietta']",Museo Radio,"['Casa Giulietta', 'San Fermo', 'Arena', 'Sighseeing', 'Torre Lamberti']",Torre Lamberti,strategy_nearest,True,0.0020689964294433594,success
04F7483A9C4C80,0,"['Castelvecchio', 'Arena']",Casa Giulietta,"['Centro Fotografia', 'Sighseeing', 'Torre Lamberti', 'Museo Conte', 'Museo Radio']",Teatro Romano,strategy_nearest,False,0.002714872360229492,success
04F745429C4C80,2,['Castelvecchio'],Casa Giulietta,"['Centro Fotografia', 'Sighseeing', 'Torre Lamberti', 'Museo Conte', 'Museo Radio']",Torre Lamberti,strategy_nearest,True,0.0025789737701416016,success
04F751429C4C80,3,['Arena'],Casa Giulietta,"['Centro Fotografia', 'Sighseeing', 'Torre Lamberti', 'Museo Conte', 'Museo Radio']",Santa Anastasia,strategy_nearest,False,0.0031709671020507812,success
04F76D429C4C80,3,['Arena'],Casa Giulietta,"['Centro Fotografia', 'Sighseeing', 'Torre Lamberti', 'Museo Conte', 'Museo Radio']",Santa Anastasia,strategy_nearest,False,0.0030739307403564453,success
04F76E3A9C4C80,2,['Castelvecchio'],Santa Anastasia,"['AMO', 'Museo Conte', 'Palazzo della Ragione', 'Teatro Romano', 'Centro Fotografia']",Duomo,strategy_nearest,False,0.0018310546875,success
04F773429C4C80,3,"['Arena', 'Torre Lamberti']",Santa Anastasia,"['AMO', 'Museo Conte', 'Palazzo della Ragione', 'Teatro Romano', 'Centro Fotografia']",Duomo,strategy_nearest,False,0.0027937889099121094,success
04F77A3A9C4C80,0,['Arena'],Casa Giulietta,"['Centro Fotografia', 'Sighseeing', 'Torre Lamberti', 'Museo Conte', 'Museo Radio']",Torre Lamberti,strategy_nearest,True,0.003345966339111328,success
04F780429C4C80,0,['Arena'],Castelvecchio,"['Museo Lapidario', 'Verona Tour', 'Museo Radio', 'San Zeno', 'Sighseeing']",Tomba Giulietta,strategy_nearest,False,0.0023407936096191406,success
04F77B4A9C4C80,0,['Arena'],Casa Giulietta,"['Centro Fotografia', 'Sighseeing', 'Torre Lamberti', 'Museo Conte', 'Museo Radio']",San Zeno,strategy_nearest,False,0.0030968189239501953,success
04F787429C4C80,0,['Arena'],Casa Giulietta,"['Centro Fotografia', 'Sighseeing', 'Torre Lamberti', 'Museo Conte', 'Museo Radio']",Torre Lamberti,strategy_nearest,True,0.0031468868255615234,success
04F7834A9C4C80,0,['Arena'],Casa Giulietta,"['Centro Fotografia', 'Sighseeing', 'Torre Lamberti', 'Museo Conte', 'Museo Radio']",Santa Anastasia,strategy_nearest,False,0.0027971267700195312,success
04F78E3A9C4C80,1,"['Arena', 'Museo Lapidario']",Palazzo della Ragione,"['AMO', 'Museo Conte', 'Torre Lamberti', 'Centro Fotografia', 'Sighseeing']",Torre Lamberti,strategy_nearest,True,0.0032601356506347656,success
04F78D3A9C4C80,3,"['Arena', 'Casa Giulietta']",Torre Lamberti,"['Sighseeing', 'Centro Fotografia', 'Museo Conte', 'Palazzo della Ragione', 'AMO']",Santa Anastasia,strategy_nearest,False,0.0033941268920898438,success
04F794429C4C80,0,['Arena'],Tomba Giulietta,"['San Fermo', 'Museo Storia', 'Museo Lapidario', 'Museo Radio', 'Verona Tour']",Casa Giulietta,strategy_nearest,False,0.0024340152740478516,success
04F797429C4C80,0,['Arena'],Castelvecchio,"['Museo Lapidario', 'Verona Tour', 'Museo Radio', 'San Zeno', 'Sighseeing']",Santa Anastasia,strategy_nearest,False,0.0026671886444091797,success
04F7944A9C4C80,3,['Arena'],Castelvecchio,"['Museo Lapidario', 'Verona Tour', 'Museo Radio', 'San Zeno', 'Sighseeing']",Santa Anastasia,strategy_nearest,False,0.003453969955444336,success
04F796429C4C80,3,['Arena'],Torre Lamberti,"['Sighseeing', 'Centro Fotografia', 'Museo Conte', 'Casa Giulietta', 'Palazzo della Ragione']",Santa Anastasia,strategy_nearest,False,0.0034329891204833984,success
04F7A3429C4C80,3,"['Arena', 'Santa Anastasia']",Duomo,"['AMO', 'Museo Miniscalchi', 'Teatro Romano', 'Palazzo della Ragione', 'Museo Conte']",Teatro Romano,strategy_nearest,True,0.0032501220703125,success
04F7AB429C4C80,0,['Arena'],Castelvecchio,"['Museo Lapidario', 'Verona Tour', 'Museo Radio', 'San Zeno', 'Sighseeing']",Teatro Romano,strategy_nearest,False,0.0027348995208740234,success
04F7A7429C4C80,3,"['Arena', 'Casa Giulietta']",Torre Lamberti,"['Sighseeing', 'Centro Fotografia', 'Museo Conte', 'Palazzo della Ragione', 'AMO']",Santa Anastasia,strategy_nearest,False,0.003437042236328125,success
04F7AB4A9C4C80,0,['Arena'],San Fermo,"['Museo Storia', 'Museo Radio', 'Casa Giulietta', 'Centro Fotografia', 'Sighseeing']",Museo Storia,strategy_nearest,True,0.001968860626220703,success
04F7B9429C4C80,3,"['Arena', 'Torre Lamberti']",Santa Anastasia,"['AMO', 'Museo Conte', 'Palazzo della Ragione', 'Teatro Romano', 'Centro Fotografia']",Duomo,strategy_nearest,False,0.003305196762084961,success
04F7C53A9C4C80,0,['Arena'],Casa Giulietta,"['Centro Fotografia', 'Sighseeing', 'Torre Lamberti', 'Museo Conte', 'Museo Radio']",Torre Lamberti,strategy_nearest,True,0.003145933151245117,success
04F7BD3A9C4C80,0,['Arena'],Torre Lamberti,"['Sighseeing', 'Centro Fotografia', 'Museo Conte', 'Casa Giulietta', 'Palazzo della Ragione']",Casa Giulietta,strategy_nearest,True,0.00386810302734375,success
04F7BE3A9C4C80,3,"['Castelvecchio', 'Casa Giulietta', 'Torre Lamberti']",Santa Anastasia,"['AMO', 'Museo Conte', 'Palazzo della Ragione', 'Teatro Romano', 'Centro Fotografia']",Duomo,strategy_nearest,False,0.0023009777069091797,success
04F7CB429C4C80,3,"['Casa Giulietta', 'Arena', 'San Zeno']",Teatro Romano,"['Santa Anastasia', 'Duomo', 'AMO', 'Palazzo della Ragione', 'Museo Conte']",Castelvecchio,strategy_nearest,False,0.0018641948699951172,success
04F7DF3A9C4C80,1,"['Arena', 'Museo Lapidario']",Castelvecchio,"['Verona Tour', 'Museo Radio', 'San Zeno', 'Sighseeing', 'Museo Miniscalchi']",Casa Giulietta,strategy_nearest,False,0.001911163330078125,success
04F7D1C27B3F80,2,['Casa Giulietta'],Palazzo della Ragione,"['AMO', 'Museo Conte', 'Torre Lamberti', 'Centro Fotografia', 'Sighseeing']",Torre Lamberti,strategy_nearest,True,0.003518819808959961,success
04F7D43A9C4C80,0,['Arena'],San Fermo,"['Museo Storia', 'Museo Radio', 'Casa Giulietta', 'Centro Fotografia', 'Sighseeing']",Casa Giulietta,strategy_nearest,True,0.002869844436645508,success
04F7E5429C4C80,0,"['Teatro Romano', 'Arena']",Casa Giulietta,"['Centro Fotografia', 'Sighseeing', 'Torre Lamberti', 'Museo Conte', 'Museo Radio']",San Zeno,strategy_nearest,False,0.0014142990112304688,success
04F7E4429C4C80,0,['Arena'],Torre Lamberti,"['Sighseeing', 'Centro Fotografia', 'Museo Conte', 'Casa Giulietta', 'Palazzo della Ragione']",Casa Giulietta,strategy_nearest,True,0.0041348934173583984,success
04F7EE3A9C4C80,3,"['Teatro Romano', 'Duomo']",Santa Anastasia,"['AMO', 'Museo Conte', 'Palazzo della Ragione', 'Centro Fotografia', 'Torre Lamberti']",Arena,strategy_nearest,False,0.0019068717956542969,success
04F7F43A9C4C80,0,['Arena'],Casa Giulietta,"['Centro Fotografia', 'Sighseeing', 'Torre Lamberti', 'Museo Conte', 'Museo Radio']",Castelvecchio,strategy_nearest,False,0.0033109188079833984,success
04F8133A9C4C84,0,['Arena'],Casa Giulietta,"['Centro Fotografia', 'Sighseeing', 'Torre Lamberti', 'Museo Conte', 'Museo Radio']",Torre Lamberti,strategy_nearest,True,0.0023708343505859375,success
04F82B429C4C80,1,['Arena'],Palazzo della Ragione,"['AMO', 'Museo Conte', 'Torre Lamberti', 'Centro Fotografia', 'Sighseeing']",Castelvecchio,strategy_nearest,False,0.001499176025390625,success
04F82B4A9C4C80,0,['Arena'],Casa Giulietta,"['Centro Fotografia', 'Sighseeing', 'Torre Lamberti', 'Museo Conte', 'Museo Radio']",San Zeno,strategy_nearest,False,0.003370046615600586,success
04F815429C4C84,0,['Arena'],Casa Giulietta,"['Centro Fotografia', 'Sighseeing', 'Torre Lamberti', 'Museo Conte', 'Museo Radio']",Torre Lamberti,strategy_nearest,True,0.0029649734497070312,success
04F850429C4C80,0,"['Arena', 'Castelvecchio']",San Zeno,"['Verona Tour', 'Museo Lapidario', 'Museo Miniscalchi', 'Sighseeing', 'Museo Radio']",Casa Giulietta,strategy_nearest,False,0.0020647048950195312,success
04F83E3A9C4C80,0,['Arena'],Castelvecchio,"['Museo Lapidario', 'Verona Tour', 'Museo Radio', 'San Zeno', 'Sighseeing']",Santa Anastasia,strategy_nearest,False,0.0027298927307128906,success
04F840429C4C80,3,"['Arena', 'Torre Lamberti', 'Santa Anastasia']",San Zeno,"['Castelvecchio', 'Verona Tour', 'Museo Lapidario', 'Museo Miniscalchi', 'Sighseeing']",Casa Giulietta,strategy_nearest,False,0.0014889240264892578,success
04F83D429C4C80,0,['Torre Lamberti'],Casa Giulietta,"['Centro Fotografia', 'Sighseeing', 'Museo Conte', 'Museo Radio', 'Palazzo della Ragione']",Arena,strategy_nearest,False,0.004114866256713867,success
04F871429C4C80,3,"['Arena', 'Casa Giulietta']",San Fermo,"['Museo Storia', 'Museo Radio', 'Centro Fotografia', 'Sighseeing', 'Torre Lamberti']",Santa Anastasia,strategy_nearest,False,0.0028581619262695312,success
04F8633A9C4C80,0,['Casa Giulietta'],Arena,"['Verona Tour', 'Museo Lapidario', 'Museo Radio', 'San Fermo', 'Sighseeing']",Castelvecchio,strategy_nearest,False,0.0021359920501708984,success
04F8733A9C4C80,1,"['Arena', 'Casa Giulietta']",Torre Lamberti,"['Sighseeing', 'Centro Fotografia', 'Museo Conte', 'Palazzo della Ragione', 'AMO']",Palazzo della Ragione,strategy_nearest,True,0.0028579235076904297,success
04F8773A9C4C80,1,"['Arena', 'Torre Lamberti']",Palazzo della Ragione,"['AMO', 'Museo Conte', 'Centro Fotografia', 'Sighseeing', 'Santa Anastasia']",Casa Giulietta,strategy_nearest,False,0.003072977066040039,success
04F8A14A9C4C80,2,['San Zeno'],Torre Lamberti,"['Sighseeing', 'Centro Fotografia', 'Museo Conte', 'Casa Giulietta', 'Palazzo della Ragione']",Casa Giulietta,strategy_nearest,True,0.0032482147216796875,success
04F8853A9C4C80,2,['Museo Lapidario'],Museo Storia,"['San Fermo', 'Museo Radio', 'Casa Giulietta', 'Centro Fotografia', 'Tomba Giulietta']",Torre Lamberti,strategy_nearest,False,0.0016148090362548828,success
04F880429C4C80,3,['Arena'],Casa Giulietta,"['Centro Fotografia', 'Sighseeing', 'Torre Lamberti', 'Museo Conte', 'Museo Radio']",Santa Anastasia,strategy_nearest,False,0.002542257308959961,success
04F8A5429C4C80,0,['Arena'],Casa Giulietta,"['Centro Fotografia', 'Sighseeing', 'Torre Lamberti', 'Museo Conte', 'Museo Radio']",Tomba Giulietta,strategy_nearest,False,0.003564119338989258,success
04F8B1429C4C80,0,"['Arena', 'Castelvecchio']",Torre Lamberti,"['Sighseeing', 'Centro Fotografia', 'Museo Conte', 'Casa Giulietta', 'Palazzo della Ragione']",Casa Giulietta,strategy_nearest,True,0.0024137496948242188,success
04F8AD3A9C4C80,1,"['Arena', 'Casa Giulietta']",Santa Anastasia,"['AMO', 'Museo Conte', 'Palazzo della Ragione', 'Teatro Romano', 'Centro Fotografia']",Duomo,strategy_nearest,False,0.0038530826568603516,success
04F8B2429C4C80,3,"['Arena', 'San Fermo', 'Torre Lamberti']",Santa Anastasia,"['AMO', 'Museo Conte', 'Palazzo della Ragione', 'Teatro Romano', 'Centro Fotografia']",San Zeno,strategy_nearest,False,0.003751039505004883,success
04F8AB429C4C80,0,['Castelvecchio'],Arena,"['Verona Tour', 'Museo Lapidario', 'Museo Radio', 'San Fermo', 'Casa Giulietta']",Casa Giulietta,strategy_nearest,True,0.002567768096923828,success
04F8B7429C4C80,0,['Arena'],Tomba Giulietta,"['San Fermo', 'Museo Storia', 'Museo Lapidario', 'Museo Radio', 'Verona Tour']",Casa Giulietta,strategy_nearest,False,0.002380847930908203,success
04F8BD3A9C4C80,0,['Arena'],Teatro Romano,"['Santa Anastasia', 'Duomo', 'AMO', 'Palazzo della Ragione', 'Museo Conte']",Giardino Giusti,strategy_nearest,False,0.003426074981689453,success
04F8CE429C4C80,3,"['Arena', 'Museo Lapidario']",Castelvecchio,"['Verona Tour', 'Museo Radio', 'San Zeno', 'Sighseeing', 'Museo Miniscalchi']",Santa Anastasia,strategy_nearest,False,0.0026540756225585938,success
04F8CD429C4C80,2,['Teatro Romano'],San Zeno,"['Castelvecchio', 'Verona Tour', 'Museo Lapidario', 'Arena', 'Museo Miniscalchi']",Castelvecchio,strategy_nearest,True,0.0020568370819091797,success
04F8D23A9C4C80,3,"['Casa Giulietta', 'Arena']",Torre Lamberti,"['Sighseeing', 'Centro Fotografia', 'Museo Conte', 'Palazzo della Ragione', 'AMO']",Santa Anastasia,strategy_nearest,False,0.003802776336669922,success
04F8C7429C4C80,3,['Santa Anastasia'],Castelvecchio,"['Museo Lapidario', 'Verona Tour', 'Arena', 'Museo Radio', 'San Zeno']",Teatro Romano,strategy_nearest,False,0.003396749496459961,success
04F8ED429C4C80,6,"['Arena', 'Casa Giulietta', 'Santa Anastasia', 'Museo Lapidario']",Castelvecchio,"['Verona Tour', 'Museo Radio', 'San Zeno', 'Sighseeing', 'Museo Miniscalchi']",Torre Lamberti,strategy_nearest,False,0.0034439563751220703,success
04F8E43A9C4C80,0,"['Teatro Romano', 'Torre Lamberti']",Casa Giulietta,"['Centro Fotografia', 'Sighseeing', 'Museo Conte', 'Museo Radio', 'Palazzo della Ragione']",Arena,strategy_nearest,False,0.002094268798828125,success
04F8EA3A9C4C80,2,"['Torre Lamberti', 'Santa Anastasia']",Duomo,"['AMO', 'Museo Miniscalchi', 'Teatro Romano', 'Palazzo della Ragione', 'Museo Conte']",Casa Giulietta,strategy_nearest,False,0.002827882766723633,success
04F8F13A9C4C80,2,['Santa Anastasia'],Duomo,"['AMO', 'Museo Miniscalchi', 'Teatro Romano', 'Palazzo della Ragione', 'Museo Conte']",Teatro Romano,strategy_nearest,True,0.003983974456787109,success
04F9053A9C4C84,3,"['Arena', 'Casa Giulietta', 'Torre Lamberti']",Santa Anastasia,"['AMO', 'Museo Conte', 'Palazzo della Ragione', 'Teatro Romano', 'Centro Fotografia']",Teatro Romano,strategy_nearest,True,0.002549886703491211,success
04F902429C4C84,3,"['Castelvecchio', 'Teatro Romano', 'Arena']",Tomba Giulietta,"['San Fermo', 'Museo Storia', 'Museo Lapidario', 'Museo Radio', 'Verona Tour']",Museo Storia,strategy_nearest,True,0.0018839836120605469,success
04F9063A9C4C84,1,"['Arena', 'Casa Giulietta']",Santa Anastasia,"['AMO', 'Museo Conte', 'Palazzo della Ragione', 'Teatro Romano', 'Centro Fotografia']",Torre Lamberti,strategy_nearest,False,0.0031070709228515625,success
04F90E429C4C84,2,['Casa Giulietta'],Santa Anastasia,"['AMO', 'Museo Conte', 'Palazzo della Ragione', 'Teatro Romano', 'Centro Fotografia']",Duomo,strategy_nearest,False,0.0037610530853271484,success
04F915429C4C84,0,['Arena'],Museo Lapidario,"['Verona Tour', 'Castelvecchio', 'Museo Radio', 'San Fermo', 'Casa Giulietta']",Torre Lamberti,strategy_nearest,False,0.0037810802459716797,success
04F9143A9C4C84,1,"['Arena', 'Torre Lamberti']",Palazzo della Ragione,"['AMO', 'Museo Conte', 'Centro Fotografia', 'Sighseeing', 'Santa Anastasia']",Santa Anastasia,strategy_nearest,True,0.0018811225891113281,success
04F9223A9C4C80,0,['Arena'],Casa Giulietta,"['Centro Fotografia', 'Sighseeing', 'Torre Lamberti', 'Museo Conte', 'Museo Radio']",Duomo,strategy_nearest,False,0.002157926559448242,success
04F9254A9C4C80,3,"['Castelvecchio', 'Casa Giulietta', 'Teatro Romano']",Giardino Giusti,"['Santa Anastasia', 'Museo Conte', 'Centro Fotografia', 'Museo Storia', 'AMO']",Duomo,strategy_nearest,False,0.0030498504638671875,success
04F9374A9C4C80,4,"['Arena', 'Casa Giulietta']",Giardino Giusti,"['Santa Anastasia', 'Teatro Romano', 'Museo Conte', 'Centro Fotografia', 'Museo Storia']",Tomba Giulietta,strategy_nearest,False,0.0025119781494140625,success
04F9293A9C4C80,3,"['Casa Giulietta', 'Torre Lamberti']",Santa Anastasia,"['AMO', 'Museo Conte', 'Palazzo della Ragione', 'Teatro Romano', 'Centro Fotografia']",Arena,strategy_nearest,False,0.0030548572540283203,success
04F9303A9C4C80,3,"['Arena', 'Tomba Giulietta', 'Santa Anastasia', 'Duomo']",Casa Giulietta,"['Centro Fotografia', 'Sighseeing', 'Torre Lamberti', 'Museo Conte', 'Museo Radio']",San Fermo,strategy_nearest,False,0.003603219985961914,success
04F9273A9C4C80,3,"['Arena', 'Casa Giulietta']",Torre Lamberti,"['Sighseeing', 'Centro Fotografia', 'Museo Conte', 'Palazzo della Ragione', 'AMO']",Santa Anastasia,strategy_nearest,False,0.0022237300872802734,success
04F93B4A9C4C80,3,"['Arena', 'Museo Lapidario']",Duomo,"['AMO', 'Museo Miniscalchi', 'Santa Anastasia', 'Teatro Romano', 'Palazzo della Ragione']",Santa Anastasia,strategy_nearest,True,0.0013778209686279297,success
04F943429C4C80,3,"['Castelvecchio', 'Casa Giulietta']",Tomba Giulietta,"['San Fermo', 'Museo Storia', 'Arena', 'Museo Lapidario', 'Museo Radio']",Santa Anastasia,strategy_nearest,False,0.0029680728912353516,success
04F9403A9C4C80,3,"['Arena', 'Santa Anastasia']",San Fermo,"['Museo Storia', 'Museo Radio', 'Casa Giulietta', 'Centro Fotografia', 'Sighseeing']",Casa Giulietta,strategy_nearest,True,0.003782033920288086,success
04F938429C4C80,0,['Arena'],Casa Giulietta,"['Centro Fotografia', 'Sighseeing', 'Torre Lamberti', 'Museo Conte', 'Museo Radio']",Tomba Giulietta,strategy_nearest,False,0.0025517940521240234,success
04F962429C4C80,0,['Arena'],Casa Giulietta,"['Centro Fotografia', 'Sighseeing', 'Torre Lamberti', 'Museo Conte', 'Museo Radio']",Tomba Giulietta,strategy_nearest,False,0.0022788047790527344,success
04F95C429C4C80,2,['Casa Giulietta'],Torre Lamberti,"['Sighseeing', 'Centro Fotografia', 'Museo Conte', 'Palazzo della Ragione', 'AMO']",Castelvecchio,strategy_nearest,False,0.002959728240966797,success
04F9743A9C4C80,2,['Casa Giulietta'],Tomba Giulietta,"['San Fermo', 'Museo Storia', 'Arena', 'Museo Lapidario', 'Museo Radio']",Castelvecchio,strategy_nearest,False,0.004058122634887695,success
04F967429C4C80,1,"['Castelvecchio', 'Arena', 'Casa Giulietta']",Palazzo della Ragione,"['AMO', 'Museo Conte', 'Torre Lamberti', 'Centro Fotografia', 'Sighseeing']",Torre Lamberti,strategy_nearest,True,0.0031261444091796875,success
04F9793A9C4C80,0,"['Arena', 'Casa Giulietta']",San Fermo,"['Museo Storia', 'Museo Radio', 'Centro Fotografia', 'Sighseeing', 'Torre Lamberti']",Torre Lamberti,strategy_nearest,True,0.003039836883544922,success
04F979429C4C80,0,['Arena'],Teatro Romano,"['Santa Anastasia', 'Duomo', 'AMO', 'Palazzo della Ragione', 'Museo Conte']",Torre Lamberti,strategy_nearest,False,0.0037450790405273438,success
04F97D3A9C4C80,0,['Arena'],Duomo,"['AMO', 'Museo Miniscalchi', 'Santa Anastasia', 'Teatro Romano', 'Palazzo della Ragione']",San Zeno,strategy_nearest,False,0.003320932388305664,success
04F982429C4C80,3,"['Arena', 'Casa Giulietta', 'Torre Lamberti']",Santa Anastasia,"['AMO', 'Museo Conte', 'Palazzo della Ragione', 'Teatro Romano', 'Centro Fotografia']",Teatro Romano,strategy_nearest,True,0.004682064056396484,success
04F985429C4C80,1,['Arena'],Torre Lamberti,"['Sighseeing', 'Centro Fotografia', 'Museo Conte', 'Casa Giulietta', 'Palazzo della Ragione']",Palazzo della Ragione,strategy_nearest,True,0.002630949020385742,success
04F9844A9C4C80,0,"['Arena', 'Casa Giulietta']",Santa Anastasia,"['AMO', 'Museo Conte', 'Palazzo della Ragione', 'Teatro Romano', 'Centro Fotografia']",Tomba Giulietta,strategy_nearest,False,0.006504058837890625,success
04F9A5429C4C80,0,['Arena'],Casa Giulietta,"['Centro Fotografia', 'Sighseeing', 'Torre Lamberti', 'Museo Conte', 'Museo Radio']",Torre Lamberti,strategy_nearest,True,0.004180908203125,success
04F9904A9C4C80,0,['Arena'],San Zeno,"['Castelvecchio', 'Verona Tour', 'Museo Lapidario', 'Museo Miniscalchi', 'Sighseeing']",Castelvecchio,strategy_nearest,True,0.005546092987060547,success
04F9A94A9C4C80,0,"['Arena', 'Casa Giulietta']",Torre Lamberti,"['Sighseeing', 'Centro Fotografia', 'Museo Conte', 'Palazzo della Ragione', 'AMO']",Teatro Romano,strategy_nearest,False,0.0030977725982666016,success
04F9B73A9C4C80,2,"['Casa Giulietta', 'Torre Lamberti']",Palazzo della Ragione,"['AMO', 'Museo Conte', 'Centro Fotografia', 'Sighseeing', 'Santa Anastasia']",Santa Anastasia,strategy_nearest,True,0.0027170181274414062,success
04F9B0429C4C80,1,"['Casa Giulietta', 'Torre Lamberti']",Palazzo della Ragione,"['AMO', 'Museo Conte', 'Centro Fotografia', 'Sighseeing', 'Santa Anastasia']",Teatro Romano,strategy_nearest,False,0.003663778305053711,success
04F9AC429C4C80,1,"['Arena', 'Casa Giulietta']",Palazzo della Ragione,"['AMO', 'Museo Conte', 'Torre Lamberti', 'Centro Fotografia', 'Sighseeing']",Torre Lamberti,strategy_nearest,True,0.0014958381652832031,success
04F9C1429C4C80,1,"['Casa Giulietta', 'Arena', 'Museo Lapidario']",Castelvecchio,"['Verona Tour', 'Museo Radio', 'San Zeno', 'Sighseeing', 'Museo Miniscalchi']",Santa Anastasia,strategy_nearest,False,0.0027027130126953125,success
04F9BA3A9C4C80,1,['Palazzo della Ragione'],Torre Lamberti,"['Sighseeing', 'Centro Fotografia', 'Museo Conte', 'Casa Giulietta', 'AMO']",Casa Giulietta,strategy_nearest,True,0.002850055694580078,success
04F9BB3A9C4C80,0,['Arena'],Castelvecchio,"['Museo Lapidario', 'Verona Tour', 'Museo Radio', 'San Zeno', 'Sighseeing']",Torre Lamberti,strategy_nearest,False,0.0015139579772949219,success
04F9C43A9C4C80,2,"['Castelvecchio', 'Casa Giulietta', 'Torre Lamberti']",Palazzo della Ragione,"['AMO', 'Museo Conte', 'Centro Fotografia', 'Sighseeing', 'Santa Anastasia']",Santa Anastasia,strategy_nearest,True,0.0035238265991210938,success
04F9C53A9C4C80,2,['Torre Lamberti'],Santa Anastasia,"['AMO', 'Museo Conte', 'Palazzo della Ragione', 'Teatro Romano', 'Centro Fotografia']",Duomo,strategy_nearest,False,0.0020411014556884766,success
04F9CD429C4C80,3,['Arena'],Castelvecchio,"['Museo Lapidario', 'Verona Tour', 'Museo Radio', 'San Zeno', 'Sighseeing']",Teatro Romano,strategy_nearest,False,0.0019750595092773438,success
04F9CF429C4C80,1,"['Casa Giulietta', 'Torre Lamberti']",Palazzo della Ragione,"['AMO', 'Museo Conte', 'Centro Fotografia', 'Sighseeing', 'Santa Anastasia']",Castelvecchio,strategy_nearest,False,0.0032639503479003906,success
04F9C9429C4C80,3,"['Arena', 'Casa Giulietta']",Torre Lamberti,"['Sighseeing', 'Centro Fotografia', 'Museo Conte', 'Palazzo della Ragione', 'AMO']",Duomo,strategy_nearest,False,0.0028791427612304688,success
04F9D03A9C4C80,1,"['Castelvecchio', 'Torre Lamberti']",Palazzo della Ragione,"['AMO', 'Museo Conte', 'Centro Fotografia', 'Sighseeing', 'Santa Anastasia']",Casa Giulietta,strategy_nearest,False,0.002457857131958008,success
04F9D93A9C4C80,0,['Arena'],Casa Giulietta,"['Centro Fotografia', 'Sighseeing', 'Torre Lamberti', 'Museo Conte', 'Museo Radio']",Santa Anastasia,strategy_nearest,False,0.0022079944610595703,success
04F9E7429C4C80,2,"['Santa Anastasia', 'Duomo']",Teatro Romano,"['AMO', 'Palazzo della Ragione', 'Museo Conte', 'Centro Fotografia', 'Museo Miniscalchi']",Castelvecchio,strategy_nearest,False,0.002663850784301758,success
04F9F13A9C4C80,1,['Arena'],Torre Lamberti,"['Sighseeing', 'Centro Fotografia', 'Museo Conte', 'Casa Giulietta', 'Palazzo della Ragione']",Palazzo della Ragione,strategy_nearest,True,0.003145933151245117,success
04FA0E429C4C84,3,['Arena'],Torre Lamberti,"['Sighseeing', 'Centro Fotografia', 'Museo Conte', 'Casa Giulietta', 'Palazzo della Ragione']",Duomo,strategy_nearest,False,0.0021140575408935547,success
04F9F83A9C4C80,0,['Arena'],Castelvecchio,"['Museo Lapidario', 'Verona Tour', 'Museo Radio', 'San Zeno', 'Sighseeing']",Torre Lamberti,strategy_nearest,False,0.0028121471405029297,success
04FA0F3A9C4C84,3,['Arena'],Torre Lamberti,"['Sighseeing', 'Centro Fotografia', 'Museo Conte', 'Casa Giulietta', 'Palazzo della Ragione']",Santa Anastasia,strategy_nearest,False,0.0032529830932617188,success
04F9FB429C4C80,2,"['Casa Giulietta', 'Giardino Giusti']",Teatro Romano,"['Santa Anastasia', 'Duomo', 'AMO', 'Palazzo della Ragione', 'Museo Conte']",Duomo,strategy_nearest,True,0.003481149673461914,success
04FA153A9C4C84,3,"['Arena', 'Torre Lamberti']",Casa Giulietta,"['Centro Fotografia', 'Sighseeing', 'Museo Conte', 'Museo Radio', 'Palazzo della Ragione']",Santa Anastasia,strategy_nearest,False,0.0032339096069335938,success
04FA224A9C4C80,2,"['Casa Giulietta', 'Tomba Giulietta']",Duomo,"['AMO', 'Museo Miniscalchi', 'Santa Anastasia', 'Teatro Romano', 'Palazzo della Ragione']",Palazzo della Ragione,strategy_nearest,True,0.0027189254760742188,success
04FA22429C4C80,1,"['Arena', 'Casa Giulietta', 'Palazzo della Ragione', 'Santa Anastasia']",Teatro Romano,"['Duomo', 'AMO', 'Museo Conte', 'Centro Fotografia', 'Museo Miniscalchi']",Duomo,strategy_nearest,True,0.001329183578491211,success
04FA2C3A9C4C80,2,"['San Zeno', 'Castelvecchio', 'Santa Anastasia']",Teatro Romano,"['Duomo', 'AMO', 'Palazzo della Ragione', 'Museo Conte', 'Centro Fotografia']",San Fermo,strategy_nearest,False,0.002758026123046875,success
04FA3B429C4C80,1,['Arena'],Torre Lamberti,"['Sighseeing', 'Centro Fotografia', 'Museo Conte', 'Casa Giulietta', 'Palazzo della Ragione']",Palazzo della Ragione,strategy_nearest,True,0.0020241737365722656,success
04FA3F3A9C4C80,1,"['Arena', 'Casa Giulietta']",Torre Lamberti,"['Sighseeing', 'Centro Fotografia', 'Museo Conte', 'Palazzo della Ragione', 'AMO']",Palazzo della Ragione,strategy_nearest,True,0.002749919891357422,success
04FA373A9C4C80,2,"['Duomo', 'Santa Anastasia', 'Torre Lamberti']",Palazzo della Ragione,"['AMO', 'Museo Conte', 'Centro Fotografia', 'Sighseeing', 'Museo Miniscalchi']",Castelvecchio,strategy_nearest,False,0.002051115036010742,success
04FA453A9C4C80,0,['Arena'],Casa Giulietta,"['Centro Fotografia', 'Sighseeing', 'Torre Lamberti', 'Museo Conte', 'Museo Radio']",Museo Lapidario,strategy_nearest,False,0.003386974334716797,success
04FA47429C4C80,3,['Arena'],San Fermo,"['Museo Storia', 'Museo Radio', 'Casa Giulietta', 'Centro Fotografia', 'Sighseeing']",Santa Anastasia,strategy_nearest,False,0.003453969955444336,success
04FA5C429C4C80,0,['Duomo'],Arena,"['Verona Tour', 'Museo Lapidario', 'Museo Radio', 'San Fermo', 'Casa Giulietta']",Castelvecchio,strategy_nearest,False,0.003345966339111328,success
04FA53429C4C80,3,"['Tomba Giulietta', 'San Zeno', 'Castelvecchio', 'San Fermo']",Casa Giulietta,"['Centro Fotografia', 'Sighseeing', 'Torre Lamberti', 'Museo Conte', 'Museo Radio']",Teatro Romano,strategy_nearest,False,0.001955747604370117,success
04FA48429C4C80,3,"['Arena', 'Duomo']",Teatro Romano,"['Santa Anastasia', 'AMO', 'Palazzo della Ragione', 'Museo Conte', 'Centro Fotografia']",Santa Anastasia,strategy_nearest,True,0.0035250186920166016,success
04FA60429C4C80,3,"['Arena', 'Casa Giulietta', 'Torre Lamberti']",Duomo,"['AMO', 'Museo Miniscalchi', 'Santa Anastasia', 'Teatro Romano', 'Palazzo della Ragione']",Teatro Romano,strategy_nearest,True,0.002549886703491211,success
04FA6B429C4C80,1,"['Casa Giulietta', 'Torre Lamberti', 'Palazzo della Ragione']",Santa Anastasia,"['AMO', 'Museo Conte', 'Teatro Romano', 'Centro Fotografia', 'Duomo']",Arena,strategy_nearest,False,0.0020818710327148438,success
04FA723A9C4C80,0,"['Arena', 'Casa Giulietta']",Tomba Giulietta,"['San Fermo', 'Museo Storia', 'Museo Lapidario', 'Museo Radio', 'Verona Tour']",Castelvecchio,strategy_nearest,False,0.002705097198486328,success
04FA76429C4C80,0,['Arena'],Casa Giulietta,"['Centro Fotografia', 'Sighseeing', 'Torre Lamberti', 'Museo Conte', 'Museo Radio']",Castelvecchio,strategy_nearest,False,0.002469301223754883,success
04FA77429C4C80,3,"['San Fermo', 'Arena']",Duomo,"['AMO', 'Museo Miniscalchi', 'Santa Anastasia', 'Teatro Romano', 'Palazzo della Ragione']",Casa Giulietta,strategy_nearest,False,0.0026311874389648438,success
04FA7A3A9C4C80,1,"['Arena', 'Museo Lapidario', 'Castelvecchio']",Duomo,"['AMO', 'Museo Miniscalchi', 'Santa Anastasia', 'Teatro Romano', 'Palazzo della Ragione']",Torre Lamberti,strategy_nearest,False,0.002638101577758789,success
04FA7D4A9C4C80,1,"['Arena', 'Torre Lamberti']",Palazzo della Ragione,"['AMO', 'Museo Conte', 'Centro Fotografia', 'Sighseeing', 'Santa Anastasia']",Teatro Romano,strategy_nearest,False,0.003231048583984375,success
04FA844A9C4C80,0,['Arena'],Casa Giulietta,"['Centro Fotografia', 'Sighseeing', 'Torre Lamberti', 'Museo Conte', 'Museo Radio']",Santa Anastasia,strategy_nearest,False,0.0029137134552001953,success
04FA8D429C4C80,3,"['Arena', 'Castelvecchio']",San Zeno,"['Verona Tour', 'Museo Lapidario', 'Museo Miniscalchi', 'Sighseeing', 'Museo Radio']",Teatro Romano,strategy_nearest,False,0.0031249523162841797,success
04FA894A9C4C80,3,['Arena'],Casa Giulietta,"['Centro Fotografia', 'Sighseeing', 'Torre Lamberti', 'Museo Conte', 'Museo Radio']",Santa Anastasia,strategy_nearest,False,0.0032148361206054688,success
04FA9D429C4C80,3,"['Arena', 'Castelvecchio']",Torre Lamberti,"['Sighseeing', 'Centro Fotografia', 'Museo Conte', 'Casa Giulietta', 'Palazzo della Ragione']",Santa Anastasia,strategy_nearest,False,0.0038259029388427734,success
04FAB03A9C4C80,0,['Arena'],Casa Giulietta,"['Centro Fotografia', 'Sighseeing', 'Torre Lamberti', 'Museo Conte', 'Museo Radio']",Torre Lamberti,strategy_nearest,True,0.002649068832397461,success
04FAB3429C4C80,1,"['Casa Giulietta', 'Palazzo della Ragione']",Torre Lamberti,"['Sighseeing', 'Centro Fotografia', 'Museo Conte', 'AMO', 'Museo Miniscalchi']",Castelvecchio,strategy_nearest,False,0.0013360977172851562,success
04FAA14A9C4C80,0,['Arena'],Giardino Giusti,"['Santa Anastasia', 'Teatro Romano', 'Museo Conte', 'Centro Fotografia', 'Museo Storia']",Teatro Romano,strategy_nearest,True,0.0035181045532226562,success
04FAC73A9C4C80,0,['Arena'],Torre Lamberti,"['Sighseeing', 'Centro Fotografia', 'Museo Conte', 'Casa Giulietta', 'Palazzo della Ragione']",Giardino Giusti,strategy_nearest,False,0.002941131591796875,success
04FACE429C4C80,2,"['Torre Lamberti', 'Santa Anastasia', 'Duomo', 'Castelvecchio']",San Zeno,"['Verona Tour', 'Museo Lapidario', 'Arena', 'Museo Miniscalchi', 'Sighseeing']",Museo Lapidario,strategy_nearest,True,0.003061056137084961,success
04FAC9429C4C80,0,"['Arena', 'Casa Giulietta']",Teatro Romano,"['Santa Anastasia', 'Duomo', 'AMO', 'Palazzo della Ragione', 'Museo Conte']",Giardino Giusti,strategy_nearest,False,0.002749919891357422,success
04FAC0429C4C80,3,['Arena'],San Fermo,"['Museo Storia', 'Museo Radio', 'Casa Giulietta', 'Centro Fotografia', 'Sighseeing']",Torre Lamberti,strategy_nearest,False,0.003531932830810547,success
04FACF429C4C80,2,"['Torre Lamberti', 'Duomo', 'Casa Giulietta']",Castelvecchio,"['Museo Lapidario', 'Verona Tour', 'Arena', 'Museo Radio', 'San Zeno']",San Zeno,strategy_nearest,True,0.002816915512084961,success
04FAD7429C4C80,3,"['Arena', 'Casa Giulietta']",Santa Anastasia,"['AMO', 'Museo Conte', 'Palazzo della Ragione', 'Teatro Romano', 'Centro Fotografia']",Torre Lamberti,strategy_nearest,False,0.002095937728881836,success
04FAD93A9C4C80,3,"['Castelvecchio', 'Torre Lamberti']",Santa Anastasia,"['AMO', 'Museo Conte', 'Palazzo della Ragione', 'Teatro Romano', 'Centro Fotografia']",Casa Giulietta,strategy_nearest,False,0.003383636474609375,success
04FAD23A9C4C80,3,['Santa Anastasia'],Castelvecchio,"['Museo Lapidario', 'Verona Tour', 'Arena', 'Museo Radio', 'San Zeno']",San Zeno,strategy_nearest,True,0.0028810501098632812,success
04FAEF3A9C4C80,2,"['Santa Anastasia', 'Duomo']",Torre Lamberti,"['Sighseeing', 'Centro Fotografia', 'Museo Conte', 'Casa Giulietta', 'Palazzo della Ragione']",Casa Giulietta,strategy_nearest,True,0.0020999908447265625,success
04FAEC3A9C4C80,3,['Arena'],Casa Giulietta,"['Centro Fotografia', 'Sighseeing', 'Torre Lamberti', 'Museo Conte', 'Museo Radio']",Santa Anastasia,strategy_nearest,False,0.0028557777404785156,success
04FAED429C4C80,2,"['Castelvecchio', 'Teatro Romano']",Duomo,"['AMO', 'Museo Miniscalchi', 'Santa Anastasia', 'Palazzo della Ragione', 'Museo Conte']",Santa Anastasia,strategy_nearest,True,0.00160980224609375,success
04FADF3A9C4C80,0,['Casa Giulietta'],Torre Lamberti,"['Sighseeing', 'Centro Fotografia', 'Museo Conte', 'Palazzo della Ragione', 'AMO']",Arena,strategy_nearest,False,0.003639698028564453,success
04FAEF429C4C80,2,"['Casa Giulietta', 'Palazzo della Ragione', 'Duomo']",San Fermo,"['Museo Storia', 'Museo Radio', 'Centro Fotografia', 'Arena', 'Sighseeing']",Tomba Giulietta,strategy_nearest,False,0.00189208984375,success
04FAF43A9C4C80,1,"['Arena', 'San Fermo', 'Palazzo della Ragione']",Torre Lamberti,"['Sighseeing', 'Centro Fotografia', 'Museo Conte', 'Casa Giulietta', 'AMO']",Santa Anastasia,strategy_nearest,False,0.0033898353576660156,success
04FAF33A9C4C80,0,['Arena'],Torre Lamberti,"['Sighseeing', 'Centro Fotografia', 'Museo Conte', 'Casa Giulietta', 'Palazzo della Ragione']",Duomo,strategy_nearest,False,0.0026559829711914062,success
04FAF73A9C4C80,0,['Arena'],Teatro Romano,"['Santa Anastasia', 'Duomo', 'AMO', 'Palazzo della Ragione', 'Museo Conte']",Duomo,strategy_nearest,True,0.002771139144897461,success
04FB023A9C4C84,1,"['Torre Lamberti', 'Palazzo della Ragione']",Casa Giulietta,"['Centro Fotografia', 'Sighseeing', 'Museo Conte', 'Museo Radio', 'San Fermo']",Teatro Romano,strategy_nearest,False,0.0012938976287841797,success
04FB283A9C4C80,3,"['Arena', 'Casa Giulietta']",Torre Lamberti,"['Sighseeing', 'Centro Fotografia', 'Museo Conte', 'Palazzo della Ragione', 'AMO']",Santa Anastasia,strategy_nearest,False,0.002457141876220703,success
04FB0C429C4C84,3,"['Arena', 'Casa Giulietta']",Torre Lamberti,"['Sighseeing', 'Centro Fotografia', 'Museo Conte', 'Palazzo della Ragione', 'AMO']",Santa Anastasia,strategy_nearest,False,0.00226593017578125,success
04FB12429C4C84,1,"['Arena', 'Casa Giulietta']",Palazzo della Ragione,"['AMO', 'Museo Conte', 'Torre Lamberti', 'Centro Fotografia', 'Sighseeing']",Santa Anastasia,strategy_nearest,False,0.003335237503051758,success
04FB2C4A9C4C80,1,"['Arena', 'Casa Giulietta']",Torre Lamberti,"['Sighseeing', 'Centro Fotografia', 'Museo Conte', 'Palazzo della Ragione', 'AMO']",Palazzo della Ragione,strategy_nearest,True,0.00220489501953125,success
04FB343A9C4C80,3,"['Arena', 'Torre Lamberti']",Giardino Giusti,"['Santa Anastasia', 'Teatro Romano', 'Museo Conte', 'Centro Fotografia', 'Museo Storia']",Teatro Romano,strategy_nearest,True,0.0027518272399902344,success
04FB28429C4C80,2,"['Castelvecchio', 'Casa Giulietta', 'Teatro Romano']",Duomo,"['AMO', 'Museo Miniscalchi', 'Santa Anastasia', 'Palazzo della Ragione', 'Museo Conte']",Tomba Giulietta,strategy_nearest,False,0.002711057662963867,success
04FB383A9C4C80,1,"['Arena', 'Torre Lamberti']",Palazzo della Ragione,"['AMO', 'Museo Conte', 'Centro Fotografia', 'Sighseeing', 'Santa Anastasia']",Museo Storia,strategy_nearest,False,0.003406047821044922,success
04FB3E3A9C4C80,3,"['Arena', 'Arena', 'Casa Giulietta', 'Santa Anastasia']",Duomo,"['AMO', 'Museo Miniscalchi', 'Teatro Romano', 'Palazzo della Ragione', 'Museo Conte']",San Zeno,strategy_nearest,False,0.00180816650390625,success
04FB3A429C4C80,2,"['San Fermo', 'Castelvecchio']",San Zeno,"['Verona Tour', 'Museo Lapidario', 'Arena', 'Museo Miniscalchi', 'Sighseeing']",Santa Anastasia,strategy_nearest,False,0.0034439563751220703,success
04FB43429C4C80,0,['Castelvecchio'],Arena,"['Verona Tour', 'Museo Lapidario', 'Museo Radio', 'San Fermo', 'Casa Giulietta']",Casa Giulietta,strategy_nearest,True,0.002685070037841797,success
04FB40429C4C80,2,['Casa Giulietta'],Santa Anastasia,"['AMO', 'Museo Conte', 'Palazzo della Ragione', 'Teatro Romano', 'Centro Fotografia']",Torre Lamberti,strategy_nearest,False,0.0033309459686279297,success
04FB4D429C4C80,0,['Arena'],Torre Lamberti,"['Sighseeing', 'Centro Fotografia', 'Museo Conte', 'Casa Giulietta', 'Palazzo della Ragione']",Casa Giulietta,strategy_nearest,True,0.002721071243286133,success
04FB523A9C4C80,2,"['Casa Giulietta', 'San Zeno']",Castelvecchio,"['Museo Lapidario', 'Verona Tour', 'Arena', 'Museo Radio', 'Sighseeing']",Torre Lamberti,strategy_nearest,False,0.0020742416381835938,success
04FB6F3A9C4C80,2,"['Castelvecchio', 'Duomo']",Santa Anastasia,"['AMO', 'Museo Conte', 'Palazzo della Ragione', 'Teatro Romano', 'Centro Fotografia']",Casa Giulietta,strategy_nearest,False,0.0032320022583007812,success
04FB50429C4C80,0,['Arena'],Castelvecchio,"['Museo Lapidario', 'Verona Tour', 'Museo Radio', 'San Zeno', 'Sighseeing']",Casa Giulietta,strategy_nearest,False,0.0027251243591308594,success
04FB6F429C4C80,0,['Arena'],Casa Giulietta,"['Centro Fotografia', 'Sighseeing', 'Torre Lamberti', 'Museo Conte', 'Museo Radio']",Torre Lamberti,strategy_nearest,True,0.0019872188568115234,success
04FB70429C4C80,1,"['Casa Giulietta', 'Arena']",Torre Lamberti,"['Sighseeing', 'Centro Fotografia', 'Museo Conte', 'Palazzo della Ragione', 'AMO']",Palazzo della Ragione,strategy_nearest,True,0.002691030502319336,success
04FB723A9C4C80,2,['Teatro Romano'],Duomo,"['AMO', 'Museo Miniscalchi', 'Santa Anastasia', 'Palazzo della Ragione', 'Museo Conte']",Santa Anastasia,strategy_nearest,True,0.0012831687927246094,success
04FB793A9C4C80,3,['Arena'],Torre Lamberti,"['Sighseeing', 'Centro Fotografia', 'Museo Conte', 'Casa Giulietta', 'Palazzo della Ragione']",Santa Anastasia,strategy_nearest,False,0.0032339096069335938,success
04FB7C4A9C4C80,0,['Casa Giulietta'],Arena,"['Verona Tour', 'Museo Lapidario', 'Museo Radio', 'San Fermo', 'Sighseeing']",Castelvecchio,strategy_nearest,False,0.0019071102142333984,success
04FB854A9C4C80,3,"['Arena', 'Teatro Romano']",Santa Anastasia,"['AMO', 'Museo Conte', 'Palazzo della Ragione', 'Centro Fotografia', 'Duomo']",Torre Lamberti,strategy_nearest,False,0.0026488304138183594,success
04FB7A3A9C4C80,1,"['Arena', 'San Fermo', 'Casa Giulietta']",Torre Lamberti,"['Sighseeing', 'Centro Fotografia', 'Museo Conte', 'Palazzo della Ragione', 'AMO']",Palazzo della Ragione,strategy_nearest,True,0.002712249755859375,success
04FB8A429C4C80,0,['Arena'],Torre Lamberti,"['Sighseeing', 'Centro Fotografia', 'Museo Conte', 'Casa Giulietta', 'Palazzo della Ragione']",Castelvecchio,strategy_nearest,False,0.003286123275756836,success
04FB90429C4C80,3,"['San Fermo', 'Arena', 'Casa Giulietta']",Torre Lamberti,"['Sighseeing', 'Centro Fotografia', 'Museo Conte', 'Palazzo della Ragione', 'AMO']",Santa Anastasia,strategy_nearest,False,0.0018379688262939453,success
04FB8D429C4C80,0,['Arena'],Castelvecchio,"['Museo Lapidario', 'Verona Tour', 'Museo Radio', 'San Zeno', 'Sighseeing']",Torre Lamberti,strategy_nearest,False,0.0022618770599365234,success
04FB8D4A9C4C80,3,"['Arena', 'Santa Anastasia']",Duomo,"['AMO', 'Museo Miniscalchi', 'Teatro Romano', 'Palazzo della Ragione', 'Museo Conte']",Casa Giulietta,strategy_nearest,False,0.003326892852783203,success
04FB904A9C4C80,2,"['Museo Lapidario', 'Castelvecchio']",Santa Anastasia,"['AMO', 'Museo Conte', 'Palazzo della Ragione', 'Teatro Romano', 'Centro Fotografia']",Casa Giulietta,strategy_nearest,False,0.003175020217895508,success
04FB92429C4C80,3,"['Arena', 'San Zeno', 'Teatro Romano']",Duomo,"['AMO', 'Museo Miniscalchi', 'Santa Anastasia', 'Palazzo della Ragione', 'Museo Conte']",Torre Lamberti,strategy_nearest,False,0.0024797916412353516,success
04FBA24A9C4C80,1,['Arena'],Casa Giulietta,"['Centro Fotografia', 'Sighseeing', 'Torre Lamberti', 'Museo Conte', 'Museo Radio']",Torre Lamberti,strategy_nearest,True,0.002624988555908203,success
04FBAB3A9C4C80,0,['Arena'],Casa Giulietta,"['Centro Fotografia', 'Sighseeing', 'Torre Lamberti', 'Museo Conte', 'Museo Radio']",Castelvecchio,strategy_nearest,False,0.0025169849395751953,success
04FBB0429C4C80,1,"['Casa Giulietta', 'Torre Lamberti']",Palazzo della Ragione,"['AMO', 'Museo Conte', 'Centro Fotografia', 'Sighseeing', 'Santa Anastasia']",Teatro Romano,strategy_nearest,False,0.0030558109283447266,success
04FBB3429C4C80,3,"['Arena', 'Torre Lamberti']",Casa Giulietta,"['Centro Fotografia', 'Sighseeing', 'Museo Conte', 'Museo Radio', 'Palazzo della Ragione']",Santa Anastasia,strategy_nearest,False,0.0023729801177978516,success
04FBB1429C4C80,1,"['Arena', 'Castelvecchio']",Torre Lamberti,"['Sighseeing', 'Centro Fotografia', 'Museo Conte', 'Casa Giulietta', 'Palazzo della Ragione']",Palazzo della Ragione,strategy_nearest,True,0.0037941932678222656,success
04FBC03A9C4C80,3,"['Teatro Romano', 'Santa Anastasia']",Casa Giulietta,"['Centro Fotografia', 'Sighseeing', 'Torre Lamberti', 'Museo Conte', 'Museo Radio']",Arena,strategy_nearest,False,0.002007007598876953,success
04FBBB3A9C4C80,0,"['Arena', 'Museo Lapidario']",Castelvecchio,"['Verona Tour', 'Museo Radio', 'San Zeno', 'Sighseeing', 'Museo Miniscalchi']",Casa Giulietta,strategy_nearest,False,0.0026140213012695312,success
04FBBD3A9C4C80,0,['Teatro Romano'],Duomo,"['AMO', 'Museo Miniscalchi', 'Santa Anastasia', 'Palazzo della Ragione', 'Museo Conte']",Casa Giulietta,strategy_nearest,False,0.0027599334716796875,success
04FBC23A9C4C80,0,['Arena'],Castelvecchio,"['Museo Lapidario', 'Verona Tour', 'Museo Radio', 'San Zeno', 'Sighseeing']",Santa Anastasia,strategy_nearest,False,0.003332853317260742,success
04FBC4429C4C80,0,['Torre Lamberti'],Casa Giulietta,"['Centro Fotografia', 'Sighseeing', 'Museo Conte', 'Museo Radio', 'Palazzo della Ragione']",Arena,strategy_nearest,False,0.002706766128540039,success
04FBC43A9C4C80,2,['San Zeno'],Duomo,"['AMO', 'Museo Miniscalchi', 'Santa Anastasia', 'Teatro Romano', 'Palazzo della Ragione']",Teatro Romano,strategy_nearest,True,0.001981973648071289,success
04FBD43A9C4C80,0,['Arena'],Casa Giulietta,"['Centro Fotografia', 'Sighseeing', 'Torre Lamberti', 'Museo Conte', 'Museo Radio']",Teatro Romano,strategy_nearest,False,0.003414154052734375,success
04FBCF3A9C4C80,3,"['Arena', 'Torre Lamberti']",Casa Giulietta,"['Centro Fotografia', 'Sighseeing', 'Museo Conte', 'Museo Radio', 'Palazzo della Ragione']",Santa Anastasia,strategy_nearest,False,0.0028030872344970703,success
04FBD4429C4C80,1,"['Arena', 'Casa Giulietta', 'Castelvecchio', 'Castelvecchio']",Torre Lamberti,"['Sighseeing', 'Centro Fotografia', 'Museo Conte', 'Palazzo della Ragione', 'AMO']",Palazzo della Ragione,strategy_nearest,True,0.003298044204711914,success
04FBDE429C4C80,3,"['Arena', 'San Fermo']",Santa Anastasia,"['AMO', 'Museo Conte', 'Palazzo della Ragione', 'Teatro Romano', 'Centro Fotografia']",Duomo,strategy_nearest,False,0.0026090145111083984,success
04FBDE3A9C4C80,0,['Castelvecchio'],Arena,"['Verona Tour', 'Museo Lapidario', 'Museo Radio', 'San Fermo', 'Casa Giulietta']",Tomba Giulietta,strategy_nearest,False,0.002089977264404297,success
04FBE2429C4C80,0,['Arena'],Teatro Romano,"['Santa Anastasia', 'Duomo', 'AMO', 'Palazzo della Ragione', 'Museo Conte']",Torre Lamberti,strategy_nearest,False,0.0032951831817626953,success
04FBE53A9C4C80,0,['Arena'],Castelvecchio,"['Museo Lapidario', 'Verona Tour', 'Museo Radio', 'San Zeno', 'Sighseeing']",Casa Giulietta,strategy_nearest,False,0.001985788345336914,success
04FBE43A9C4C80,3,"['Casa Giulietta', 'Giardino Giusti', 'Arena']",San Zeno,"['Castelvecchio', 'Verona Tour', 'Museo Lapidario', 'Museo Miniscalchi', 'Sighseeing']",Duomo,strategy_nearest,False,0.003468036651611328,success
04FBFF429C4C80,3,"['Castelvecchio', 'Arena', 'Casa Giulietta']",Santa Anastasia,"['AMO', 'Museo Conte', 'Palazzo della Ragione', 'Teatro Romano', 'Centro Fotografia']",San Fermo,strategy_nearest,False,0.0032782554626464844,success
04FBEA3A9C4C80,0,['Arena'],Casa Giulietta,"['Centro Fotografia', 'Sighseeing', 'Torre Lamberti', 'Museo Conte', 'Museo Radio']",Duomo,strategy_nearest,False,0.0033092498779296875,success
04FC093A9C4C84,3,"['Arena', 'Torre Lamberti']",Santa Anastasia,"['AMO', 'Museo Conte', 'Palazzo della Ragione', 'Teatro Romano', 'Centro Fotografia']",Duomo,strategy_nearest,False,0.00244903564453125,success
04FC013A9C4C84,0,['Torre Lamberti'],Casa Giulietta,"['Centro Fotografia', 'Sighseeing', 'Museo Conte', 'Museo Radio', 'Palazzo della Ragione']",Arena,strategy_nearest,False,0.003216981887817383,success
04FC0C429C4C84,0,['Arena'],Torre Lamberti,"['Sighseeing', 'Centro Fotografia', 'Museo Conte', 'Casa Giulietta', 'Palazzo della Ragione']",Casa Giulietta,strategy_nearest,True,0.002321004867553711,success
04FC0F3A9C4C84,2,['Casa Giulietta'],Torre Lamberti,"['Sighseeing', 'Centro Fotografia', 'Museo Conte', 'Palazzo della Ragione', 'AMO']",Santa Anastasia,strategy_nearest,False,0.0024628639221191406,success
04FC0D429C4C84,3,['Arena'],Casa Giulietta,"['Centro Fotografia', 'Sighseeing', 'Torre Lamberti', 'Museo Conte', 'Museo Radio']",Santa Anastasia,strategy_nearest,False,0.0026581287384033203,success
04FC11429C4C84,0,['Arena'],Casa Giulietta,"['Centro Fotografia', 'Sighseeing', 'Torre Lamberti', 'Museo Conte', 'Museo Radio']",Torre Lamberti,strategy_nearest,True,0.003323078155517578,success
04FC243A9C4C80,0,['Santa Anastasia'],Casa Giulietta,"['Centro Fotografia', 'Sighseeing', 'Torre Lamberti', 'Museo Conte', 'Museo Radio']",Arena,strategy_nearest,False,0.0024518966674804688,success
04FC233A9C4C80,3,"['Arena', 'San Fermo']",Casa Giulietta,"['Centro Fotografia', 'Sighseeing', 'Torre Lamberti', 'Museo Conte', 'Museo Radio']",Torre Lamberti,strategy_nearest,True,0.0020711421966552734,success
04FC12429C4C84,2,"['Teatro Romano', 'Santa Anastasia']",Palazzo della Ragione,"['AMO', 'Museo Conte', 'Torre Lamberti', 'Centro Fotografia', 'Sighseeing']",Torre Lamberti,strategy_nearest,True,0.004017829895019531,success
04FC2A4A9C4C80,1,"['Arena', 'Casa Giulietta', 'Torre Lamberti', 'Palazzo della Ragione', 'Teatro Romano']",Museo Storia,"['San Fermo', 'Museo Radio', 'Centro Fotografia', 'Tomba Giulietta', 'Sighseeing']",Giardino Giusti,strategy_nearest,False,0.003016233444213867,success
04FC453A9C4C80,3,"['Arena', 'Museo Lapidario', 'Castelvecchio']",Casa Giulietta,"['Centro Fotografia', 'Sighseeing', 'Torre Lamberti', 'Museo Conte', 'Museo Radio']",Torre Lamberti,strategy_nearest,True,0.002791881561279297,success
04FC473A9C4C80,3,"['Arena', 'Casa Giulietta']",Torre Lamberti,"['Sighseeing', 'Centro Fotografia', 'Museo Conte', 'Palazzo della Ragione', 'AMO']",Santa Anastasia,strategy_nearest,False,0.0011630058288574219,success
04FC47429C4C80,3,['Arena'],Casa Giulietta,"['Centro Fotografia', 'Sighseeing', 'Torre Lamberti', 'Museo Conte', 'Museo Radio']",Santa Anastasia,strategy_nearest,False,0.0031197071075439453,success
04FC4D429C4C80,3,"['Duomo', 'San Zeno']",Arena,"['Verona Tour', 'Museo Lapidario', 'Museo Radio', 'San Fermo', 'Casa Giulietta']",Torre Lamberti,strategy_nearest,False,0.0023958683013916016,success
04FC673A9C4C80,1,"['Torre Lamberti', 'Arena']",Castelvecchio,"['Museo Lapidario', 'Verona Tour', 'Museo Radio', 'San Zeno', 'Sighseeing']",Santa Anastasia,strategy_nearest,False,0.002341747283935547,success
04FC6C429C4C80,0,['Arena'],Casa Giulietta,"['Centro Fotografia', 'Sighseeing', 'Torre Lamberti', 'Museo Conte', 'Museo Radio']",Torre Lamberti,strategy_nearest,True,0.0026950836181640625,success
04FC763A9C4C80,0,['Arena'],Casa Giulietta,"['Centro Fotografia', 'Sighseeing', 'Torre Lamberti', 'Museo Conte', 'Museo Radio']",Torre Lamberti,strategy_nearest,True,0.0034003257751464844,success
04FC6D429C4C80,0,['Arena'],Casa Giulietta,"['Centro Fotografia', 'Sighseeing', 'Torre Lamberti', 'Museo Conte', 'Museo Radio']",Torre Lamberti,strategy_nearest,True,0.0028018951416015625,success
04FC773A9C4C80,3,"['Arena', 'Torre Lamberti']",Casa Giulietta,"['Centro Fotografia', 'Sighseeing', 'Museo Conte', 'Museo Radio', 'Palazzo della Ragione']",Santa Anastasia,strategy_nearest,False,0.0023610591888427734,success
04FC783A9C4C80,0,['Arena'],Torre Lamberti,"['Sighseeing', 'Centro Fotografia', 'Museo Conte', 'Casa Giulietta', 'Palazzo della Ragione']",Casa Giulietta,strategy_nearest,True,0.002868175506591797,success
04FC803A9C4C80,1,"['Museo Lapidario', 'Arena']",Castelvecchio,"['Verona Tour', 'Museo Radio', 'San Zeno', 'Sighseeing', 'Museo Miniscalchi']",Casa Giulietta,strategy_nearest,False,0.0021851062774658203,success
04FC7B3A9C4C80,0,"['Arena', 'Torre Lamberti']",Casa Giulietta,"['Centro Fotografia', 'Sighseeing', 'Museo Conte', 'Museo Radio', 'Palazzo della Ragione']",Duomo,strategy_nearest,False,0.0035479068756103516,success
04FC7E4A9C4C80,0,['Arena'],Duomo,"['AMO', 'Museo Miniscalchi', 'Santa Anastasia', 'Teatro Romano', 'Palazzo della Ragione']",Teatro Romano,strategy_nearest,True,0.0035207271575927734,success
04FC793A9C4C80,3,"['Arena', 'Torre Lamberti']",Santa Anastasia,"['AMO', 'Museo Conte', 'Palazzo della Ragione', 'Teatro Romano', 'Centro Fotografia']",Teatro Romano,strategy_nearest,True,0.002122163772583008,success
04FC82429C4C80,0,['Torre Lamberti'],San Fermo,"['Museo Storia', 'Museo Radio', 'Casa Giulietta', 'Centro Fotografia', 'Arena']",Casa Giulietta,strategy_nearest,True,0.002577066421508789,success
04FC8C3A9C4C80,2,['Teatro Romano'],Santa Anastasia,"['AMO', 'Museo Conte', 'Palazzo della Ragione', 'Centro Fotografia', 'Duomo']",Castelvecchio,strategy_nearest,False,0.003874063491821289,success
04FC88429C4C80,0,['Arena'],Museo Lapidario,"['Verona Tour', 'Castelvecchio', 'Museo Radio', 'San Fermo', 'Casa Giulietta']",Torre Lamberti,strategy_nearest,False,0.00180816650390625,success
04FC8D3A9C4C80,3,"['Arena', 'Castelvecchio']",Santa Anastasia,"['AMO', 'Museo Conte', 'Palazzo della Ragione', 'Teatro Romano', 'Centro Fotografia']",Casa Giulietta,strategy_nearest,False,0.003092050552368164,success
04FC9D4A9C4C80,2,['Tomba Giulietta'],Casa Giulietta,"['Centro Fotografia', 'Sighseeing', 'Torre Lamberti', 'Museo Conte', 'Museo Radio']",Torre Lamberti,strategy_nearest,True,0.0028748512268066406,success
04FC984A9C4C80,1,['Arena'],Torre Lamberti,"['Sighseeing', 'Centro Fotografia', 'Museo Conte', 'Casa Giulietta', 'Palazzo della Ragione']",Palazzo della Ragione,strategy_nearest,True,0.0017268657684326172,success
04FCA8429C4C80,3,"['Arena', 'Casa Giulietta']",Santa Anastasia,"['AMO', 'Museo Conte', 'Palazzo della Ragione', 'Teatro Romano', 'Centro Fotografia']",Duomo,strategy_nearest,False,0.004220008850097656,success
04FCA93A9C4C80,3,['Arena'],Casa Giulietta,"['Centro Fotografia', 'Sighseeing', 'Torre Lamberti', 'Museo Conte', 'Museo Radio']",Santa Anastasia,strategy_nearest,False,0.003245830535888672,success
04FCAA3A9C4C80,0,['Arena'],Castelvecchio,"['Museo Lapidario', 'Verona Tour', 'Museo Radio', 'San Zeno', 'Sighseeing']",Casa Giulietta,strategy_nearest,False,0.003804922103881836,success
04FCAF3A9C4C80,1,"['Arena', 'Casa Giulietta']",Torre Lamberti,"['Sighseeing', 'Centro Fotografia', 'Museo Conte', 'Palazzo della Ragione', 'AMO']",Palazzo della Ragione,strategy_nearest,True,0.002907991409301758,success
04FCB23A9C4C80,1,['Teatro Romano'],Arena,"['Verona Tour', 'Museo Lapidario', 'Museo Radio', 'San Fermo', 'Casa Giulietta']",Torre Lamberti,strategy_nearest,False,0.00521397590637207,success
04FCB7429C4C80,2,"['Casa Giulietta', 'Teatro Romano']",Duomo,"['AMO', 'Museo Miniscalchi', 'Santa Anastasia', 'Palazzo della Ragione', 'Museo Conte']",Santa Anastasia,strategy_nearest,True,0.003935813903808594,success
04FCC23A9C4C80,0,"['Castelvecchio', 'Arena']",Duomo,"['AMO', 'Museo Miniscalchi', 'Santa Anastasia', 'Teatro Romano', 'Palazzo della Ragione']",Casa Giulietta,strategy_nearest,False,0.003671884536743164,success
04FCC63A9C4C80,0,"['Castelvecchio', 'Casa Giulietta']",Torre Lamberti,"['Sighseeing', 'Centro Fotografia', 'Museo Conte', 'Palazzo della Ragione', 'AMO']",Duomo,strategy_nearest,False,0.0043337345123291016,success
04FCB93A9C4C80,3,['Arena'],Casa Giulietta,"['Centro Fotografia', 'Sighseeing', 'Torre Lamberti', 'Museo Conte', 'Museo Radio']",Torre Lamberti,strategy_nearest,True,0.004444122314453125,success
04FCCF3A9C4C80,2,"['Torre Lamberti', 'Santa Anastasia']",Duomo,"['AMO', 'Museo Miniscalchi', 'Teatro Romano', 'Palazzo della Ragione', 'Museo Conte']",Casa Giulietta,strategy_nearest,False,0.002225160598754883,success
04FCDF3A9C4C80,3,"['Arena', 'Casa Giulietta']",Torre Lamberti,"['Sighseeing', 'Centro Fotografia', 'Museo Conte', 'Palazzo della Ragione', 'AMO']",Santa Anastasia,strategy_nearest,False,0.0024480819702148438,success
04FCD63A9C4C80,2,['Casa Giulietta'],Torre Lamberti,"['Sighseeing', 'Centro Fotografia', 'Museo Conte', 'Palazzo della Ragione', 'AMO']",Santa Anastasia,strategy_nearest,False,0.003993034362792969,success
04FCE5429C4C80,2,"['Torre Lamberti', 'Palazzo della Ragione', 'Santa Anastasia']",Teatro Romano,"['Duomo', 'AMO', 'Museo Conte', 'Centro Fotografia', 'Museo Miniscalchi']",Duomo,strategy_nearest,True,0.003134012222290039,success
04FCF9429C4C80,3,"['Santa Anastasia', 'Casa Giulietta']",San Fermo,"['Museo Storia', 'Museo Radio', 'Centro Fotografia', 'Arena', 'Sighseeing']",Arena,strategy_nearest,True,0.002299070358276367,success
04FCEB429C4C80,3,"['Casa Giulietta', 'Santa Anastasia']",San Zeno,"['Castelvecchio', 'Verona Tour', 'Museo Lapidario', 'Arena', 'Museo Miniscalchi']",Castelvecchio,strategy_nearest,True,0.003799915313720703,success
04FCE83A9C4C80,3,['Arena'],Duomo,"['AMO', 'Museo Miniscalchi', 'Santa Anastasia', 'Teatro Romano', 'Palazzo della Ragione']",Teatro Romano,strategy_nearest,True,0.0017681121826171875,success
04FD093A9C4C84,0,['Arena'],Casa Giulietta,"['Centro Fotografia', 'Sighseeing', 'Torre Lamberti', 'Museo Conte', 'Museo Radio']",Teatro Romano,strategy_nearest,False,0.0029191970825195312,success
04FD4A429C4C80,3,"['Arena', 'Teatro Romano']",Santa Anastasia,"['AMO', 'Museo Conte', 'Palazzo della Ragione', 'Centro Fotografia', 'Duomo']",Casa Giulietta,strategy_nearest,False,0.0021088123321533203,success
04FD483A9C4C80,0,['Arena'],Casa Giulietta,"['Centro Fotografia', 'Sighseeing', 'Torre Lamberti', 'Museo Conte', 'Museo Radio']",Castelvecchio,strategy_nearest,False,0.003509998321533203,success
04FD263A9C4C80,2,"['Castelvecchio', 'Torre Lamberti', 'Palazzo della Ragione']",Museo Storia,"['San Fermo', 'Museo Radio', 'Casa Giulietta', 'Centro Fotografia', 'Tomba Giulietta']",Teatro Romano,strategy_nearest,False,0.003197908401489258,success
04FD253A9C4C80,3,"['Arena', 'Casa Giulietta', 'Teatro Romano']",Torre Lamberti,"['Sighseeing', 'Centro Fotografia', 'Museo Conte', 'Palazzo della Ragione', 'AMO']",Castelvecchio,strategy_nearest,False,0.002788066864013672,success
04FD523A9C4C80,0,"['Torre Lamberti', 'Casa Giulietta']",Museo Lapidario,"['Verona Tour', 'Arena', 'Castelvecchio', 'Museo Radio', 'San Fermo']",Arena,strategy_nearest,True,0.0013833045959472656,success
04FD68429C4C80,3,"['Arena', 'Museo Lapidario']",Casa Giulietta,"['Centro Fotografia', 'Sighseeing', 'Torre Lamberti', 'Museo Conte', 'Museo Radio']",Santa Anastasia,strategy_nearest,False,0.0020868778228759766,success
04FD73429C4C80,0,['Arena'],Duomo,"['AMO', 'Museo Miniscalchi', 'Santa Anastasia', 'Teatro Romano', 'Palazzo della Ragione']",Casa Giulietta,strategy_nearest,False,0.003348112106323242,success
04FD533A9C4C80,3,"['Arena', 'Castelvecchio', 'Casa Giulietta', 'Museo Lapidario', 'San Zeno']",Teatro Romano,"['Santa Anastasia', 'Duomo', 'AMO', 'Palazzo della Ragione', 'Museo Conte']",Tomba Giulietta,strategy_nearest,False,0.0028488636016845703,success
04FD873A9C4C80,3,"['Duomo', 'Santa Anastasia']",Arena,"['Verona Tour', 'Museo Lapidario', 'Museo Radio', 'San Fermo', 'Casa Giulietta']",San Fermo,strategy_nearest,True,0.0020761489868164062,success
04FD994A9C4C80,0,['Arena'],Casa Giulietta,"['Centro Fotografia', 'Sighseeing', 'Torre Lamberti', 'Museo Conte', 'Museo Radio']",Torre Lamberti,strategy_nearest,True,0.0025641918182373047,success
04FD743A9C4C80,3,['Arena'],Casa Giulietta,"['Centro Fotografia', 'Sighseeing', 'Torre Lamberti', 'Museo Conte', 'Museo Radio']",Torre Lamberti,strategy_nearest,True,0.003354787826538086,success
04FDAB429C4C80,0,['Arena'],Casa Giulietta,"['Centro Fotografia', 'Sighseeing', 'Torre Lamberti', 'Museo Conte', 'Museo Radio']",Castelvecchio,strategy_nearest,False,0.0027599334716796875,success
04FDA34A9C4C80,0,['Castelvecchio'],Arena,"['Verona Tour', 'Museo Lapidario', 'Museo Radio', 'San Fermo', 'Casa Giulietta']",Torre Lamberti,strategy_nearest,False,0.0035071372985839844,success
04FDAD429C4C80,2,['Castelvecchio'],Tomba Giulietta,"['San Fermo', 'Museo Storia', 'Arena', 'Museo Lapidario', 'Museo Radio']",Casa Giulietta,strategy_nearest,False,0.003256082534790039,success
04FDA74A9C4C80,0,['Arena'],Casa Giulietta,"['Centro Fotografia', 'Sighseeing', 'Torre Lamberti', 'Museo Conte', 'Museo Radio']",Tomba Giulietta,strategy_nearest,False,0.0022127628326416016,success
04FDAE429C4C80,3,"['Arena', 'Giardino Giusti']",Teatro Romano,"['Santa Anastasia', 'Duomo', 'AMO', 'Palazzo della Ragione', 'Museo Conte']",Duomo,strategy_nearest,True,0.0019028186798095703,success
04FDB2429C4C80,1,"['Arena', 'Museo Lapidario', 'Casa Giulietta']",Torre Lamberti,"['Sighseeing', 'Centro Fotografia', 'Museo Conte', 'Palazzo della Ragione', 'AMO']",Palazzo della Ragione,strategy_nearest,True,0.0026988983154296875,success
04FDAF429C4C80,2,"['San Zeno', 'Torre Lamberti']",Santa Anastasia,"['AMO', 'Museo Conte', 'Palazzo della Ragione', 'Teatro Romano', 'Centro Fotografia']",Teatro Romano,strategy_nearest,True,0.0028281211853027344,success
04FDBC3A9C4C80,2,"['Torre Lamberti', 'Palazzo della Ragione']",Santa Anastasia,"['AMO', 'Museo Conte', 'Teatro Romano', 'Centro Fotografia', 'Duomo']",Duomo,strategy_nearest,True,0.0037169456481933594,success
04FDCA429C4C80,3,"['Arena', 'Casa Giulietta']",Santa Anastasia,"['AMO', 'Museo Conte', 'Palazzo della Ragione', 'Teatro Romano', 'Centro Fotografia']",Duomo,strategy_nearest,False,0.0019788742065429688,success
04FDC7429C4C80,3,"['San Fermo', 'Santa Anastasia']",Casa Giulietta,"['Centro Fotografia', 'Sighseeing', 'Torre Lamberti', 'Museo Conte', 'Museo Radio']",Duomo,strategy_nearest,False,0.0026879310607910156,success
04FDD13A9C4C80,2,"['Santa Anastasia', 'Duomo', 'Teatro Romano', 'Castelvecchio']",Casa Giulietta,"['Centro Fotografia', 'Sighseeing', 'Torre Lamberti', 'Museo Conte', 'Museo Radio']",Torre Lamberti,strategy_nearest,True,0.0028688907623291016,success
04FDCB429C4C80,1,"['Castelvecchio', 'Duomo']",Arena,"['Verona Tour', 'Museo Lapidario', 'Museo Radio', 'San Fermo', 'Casa Giulietta']",Santa Anastasia,strategy_nearest,False,0.0034530162811279297,success
04FDD93A9C4C80,2,['Tomba Giulietta'],Casa Giulietta,"['Centro Fotografia', 'Sighseeing', 'Torre Lamberti', 'Museo Conte', 'Museo Radio']",Castelvecchio,strategy_nearest,False,0.003503084182739258,success
04FDD23A9C4C80,2,"['Teatro Romano', 'Santa Anastasia']",Torre Lamberti,"['Sighseeing', 'Centro Fotografia', 'Museo Conte', 'Casa Giulietta', 'Palazzo della Ragione']",Palazzo della Ragione,strategy_nearest,True,0.0029458999633789062,success
04FDEF429C4C80,0,['Teatro Romano'],Arena,"['Verona Tour', 'Museo Lapidario', 'Museo Radio', 'San Fermo', 'Casa Giulietta']",Castelvecchio,strategy_nearest,False,0.002496004104614258,success
04FDEC429C4C80,2,['Casa Giulietta'],Castelvecchio,"['Museo Lapidario', 'Verona Tour', 'Arena', 'Museo Radio', 'San Zeno']",Teatro Romano,strategy_nearest,False,0.0033769607543945312,success
04FE023A9C4C84,0,['Torre Lamberti'],Casa Giulietta,"['Centro Fotografia', 'Sighseeing', 'Museo Conte', 'Museo Radio', 'Palazzo della Ragione']",Arena,strategy_nearest,False,0.0027899742126464844,success
04FDF43A9C4C80,2,"['Torre Lamberti', 'Palazzo della Ragione']",Casa Giulietta,"['Centro Fotografia', 'Sighseeing', 'Museo Conte', 'Museo Radio', 'San Fermo']",Duomo,strategy_nearest,False,0.002145051956176758,success
04FE0D3A9C4C84,2,"['Museo Lapidario', 'Casa Giulietta']",Torre Lamberti,"['Sighseeing', 'Centro Fotografia', 'Museo Conte', 'Palazzo della Ragione', 'AMO']",Santa Anastasia,strategy_nearest,False,0.0034029483795166016,success
04FE2C4A9C4C80,3,"['Duomo', 'Torre Lamberti', 'Casa Giulietta']",Arena,"['Verona Tour', 'Museo Lapidario', 'Museo Radio', 'San Fermo', 'Sighseeing']",Tomba Giulietta,strategy_nearest,False,0.002674102783203125,success
04FE2F4A9C4C80,3,"['Torre Lamberti', 'Tomba Giulietta']",Arena,"['Verona Tour', 'Museo Lapidario', 'Museo Radio', 'San Fermo', 'Casa Giulietta']",Santa Anastasia,strategy_nearest,False,0.0017669200897216797,success
04FE2F429C4C80,2,['Palazzo della Ragione'],Torre Lamberti,"['Sighseeing', 'Centro Fotografia', 'Museo Conte', 'Casa Giulietta', 'AMO']",Casa Giulietta,strategy_nearest,True,0.0031130313873291016,success
04FE433A9C4C80,3,"['Santa Anastasia', 'Torre Lamberti']",Casa Giulietta,"['Centro Fotografia', 'Sighseeing', 'Museo Conte', 'Museo Radio', 'Palazzo della Ragione']",Arena,strategy_nearest,False,0.0026781558990478516,success
04FE43429C4C80,1,['Palazzo della Ragione'],Santa Anastasia,"['AMO', 'Museo Conte', 'Teatro Romano', 'Centro Fotografia', 'Duomo']",Castelvecchio,strategy_nearest,False,0.0026879310607910156,success
04FE523A9C4C80,0,['Arena'],Torre Lamberti,"['Sighseeing', 'Centro Fotografia', 'Museo Conte', 'Casa Giulietta', 'Palazzo della Ragione']",Casa Giulietta,strategy_nearest,True,0.0024988651275634766,success
04FE59429C4C80,0,['Arena'],Castelvecchio,"['Museo Lapidario', 'Verona Tour', 'Museo Radio', 'San Zeno', 'Sighseeing']",San Zeno,strategy_nearest,True,0.002584695816040039,success
04FE71429C4C80,0,['Santa Anastasia'],Casa Giulietta,"['Centro Fotografia', 'Sighseeing', 'Torre Lamberti', 'Museo Conte', 'Museo Radio']",Arena,strategy_nearest,False,0.0024640560150146484,success
04FE70429C4C80,3,"['Casa Giulietta', 'Arena']",Castelvecchio,"['Museo Lapidario', 'Verona Tour', 'Museo Radio', 'San Zeno', 'Sighseeing']",Torre Lamberti,strategy_nearest,False,0.0019521713256835938,success
04FE6C429C4C80,0,['Arena'],Casa Giulietta,"['Centro Fotografia', 'Sighseeing', 'Torre Lamberti', 'Museo Conte', 'Museo Radio']",Santa Anastasia,strategy_nearest,False,0.004705667495727539,success
04FE863A9C4C80,0,['Arena'],Casa Giulietta,"['Centro Fotografia', 'Sighseeing', 'Torre Lamberti', 'Museo Conte', 'Museo Radio']",San Fermo,strategy_nearest,False,0.0012478828430175781,success
04FE894A9C4C80,0,['Arena'],Casa Giulietta,"['Centro Fotografia', 'Sighseeing', 'Torre Lamberti', 'Museo Conte', 'Museo Radio']",San Zeno,strategy_nearest,False,0.0033180713653564453,success
04FE85429C4C80,3,"['Arena', 'Museo Lapidario']",Casa Giulietta,"['Centro Fotografia', 'Sighseeing', 'Torre Lamberti', 'Museo Conte', 'Museo Radio']",Santa Anastasia,strategy_nearest,False,0.0028159618377685547,success
04FE864A9C4C80,0,['Arena'],Casa Giulietta,"['Centro Fotografia', 'Sighseeing', 'Torre Lamberti', 'Museo Conte', 'Museo Radio']",Torre Lamberti,strategy_nearest,True,0.0027441978454589844,success
04FE924A9C4C80,0,['Arena'],Casa Giulietta,"['Centro Fotografia', 'Sighseeing', 'Torre Lamberti', 'Museo Conte', 'Museo Radio']",Santa Anastasia,strategy_nearest,False,0.002707958221435547,success
04FE92429C4C80,0,['Arena'],Casa Giulietta,"['Centro Fotografia', 'Sighseeing', 'Torre Lamberti', 'Museo Conte', 'Museo Radio']",Torre Lamberti,strategy_nearest,True,0.0014736652374267578,success
04FEA93A9C4C80,2,['San Fermo'],Duomo,"['AMO', 'Museo Miniscalchi', 'Santa Anastasia', 'Teatro Romano', 'Palazzo della Ragione']",Torre Lamberti,strategy_nearest,False,0.0033500194549560547,success
04FE914A9C4C80,0,['Arena'],Casa Giulietta,"['Centro Fotografia', 'Sighseeing', 'Torre Lamberti', 'Museo Conte', 'Museo Radio']",Castelvecchio,strategy_nearest,False,0.0034551620483398438,success
04FEAB3A9C4C80,0,['Torre Lamberti'],Casa Giulietta,"['Centro Fotografia', 'Sighseeing', 'Museo Conte', 'Museo Radio', 'Palazzo della Ragione']",Arena,strategy_nearest,False,0.0019719600677490234,success
04FEB23A9C4C80,0,['Arena'],San Zeno,"['Castelvecchio', 'Verona Tour', 'Museo Lapidario', 'Museo Miniscalchi', 'Sighseeing']",Casa Giulietta,strategy_nearest,False,0.0023970603942871094,success
04FEAA4A9C4C80,3,"['Arena', 'Castelvecchio']",Santa Anastasia,"['AMO', 'Museo Conte', 'Palazzo della Ragione', 'Teatro Romano', 'Centro Fotografia']",Duomo,strategy_nearest,False,0.0038039684295654297,success
04FEB8429C4C80,4,"['Arena', 'Castelvecchio']",Torre Lamberti,"['Sighseeing', 'Centro Fotografia', 'Museo Conte', 'Casa Giulietta', 'Palazzo della Ragione']",Museo Radio,strategy_nearest,False,0.0035750865936279297,success
04FECE429C4C80,3,"['San Zeno', 'Arena', 'Casa Giulietta', 'Santa Anastasia']",Duomo,"['AMO', 'Museo Miniscalchi', 'Teatro Romano', 'Palazzo della Ragione', 'Museo Conte']",Teatro Romano,strategy_nearest,True,0.002487659454345703,success
04FED33A9C4C80,3,"['Arena', 'San Zeno', 'Castelvecchio']",Casa Giulietta,"['Centro Fotografia', 'Sighseeing', 'Torre Lamberti', 'Museo Conte', 'Museo Radio']",Teatro Romano,strategy_nearest,False,0.002275228500366211,success
04FED93A9C4C80,3,"['Arena', 'Casa Giulietta', 'San Fermo']",Torre Lamberti,"['Sighseeing', 'Centro Fotografia', 'Museo Conte', 'Palazzo della Ragione', 'AMO']",Santa Anastasia,strategy_nearest,False,0.0032482147216796875,success
04FED23A9C4C80,3,['Santa Anastasia'],Teatro Romano,"['Duomo', 'AMO', 'Palazzo della Ragione', 'Museo Conte', 'Centro Fotografia']",Arena,strategy_nearest,False,0.004086971282958984,success
04FEE4429C4C80,0,"['Arena', 'Museo Lapidario']",Castelvecchio,"['Verona Tour', 'Museo Radio', 'San Zeno', 'Sighseeing', 'Museo Miniscalchi']",Museo Storia,strategy_nearest,False,0.002198934555053711,success
04FEDD3A9C4C80,1,"['Arena', 'Torre Lamberti']",Palazzo della Ragione,"['AMO', 'Museo Conte', 'Centro Fotografia', 'Sighseeing', 'Santa Anastasia']",Casa Giulietta,strategy_nearest,False,0.0037641525268554688,success
04FEE4BA7B3F80,0,"['Arena', 'Casa Giulietta']",San Zeno,"['Castelvecchio', 'Verona Tour', 'Museo Lapidario', 'Museo Miniscalchi', 'Sighseeing']",Castelvecchio,strategy_nearest,True,0.003097057342529297,success
04FEEA429C4C80,0,"['Casa Giulietta', 'Casa Giulietta', 'Arena']",Castelvecchio,"['Museo Lapidario', 'Verona Tour', 'Museo Radio', 'San Zeno', 'Sighseeing']",San Zeno,strategy_nearest,True,0.003718137741088867,success
04FEEF3A9C4C80,1,"['Arena', 'Castelvecchio', 'Casa Giulietta']",Torre Lamberti,"['Sighseeing', 'Centro Fotografia', 'Museo Conte', 'Palazzo della Ragione', 'AMO']",Palazzo della Ragione,strategy_nearest,True,0.0026581287384033203,success
04FEF33A9C4C80,0,['Arena'],Torre Lamberti,"['Sighseeing', 'Centro Fotografia', 'Museo Conte', 'Casa Giulietta', 'Palazzo della Ragione']",Duomo,strategy_nearest,False,0.004580020904541016,success
04FF023A9C4C84,2,['Torre Lamberti'],Santa Anastasia,"['AMO', 'Museo Conte', 'Palazzo della Ragione', 'Teatro Romano', 'Centro Fotografia']",Duomo,strategy_nearest,False,0.002742767333984375,success
04FF043A9C4C84,0,['Arena'],Castelvecchio,"['Museo Lapidario', 'Verona Tour', 'Museo Radio', 'San Zeno', 'Sighseeing']",Casa Giulietta,strategy_nearest,False,0.0036869049072265625,success
04FEFA3A9C4C80,0,['Arena'],Casa Giulietta,"['Centro Fotografia', 'Sighseeing', 'Torre Lamberti', 'Museo Conte', 'Museo Radio']",Santa Anastasia,strategy_nearest,False,0.004753828048706055,success
04FF093A9C4C84,3,"['Arena', 'Casa Giulietta', 'Torre Lamberti', 'Santa Anastasia']",Duomo,"['AMO', 'Museo Miniscalchi', 'Teatro Romano', 'Palazzo della Ragione', 'Museo Conte']",Teatro Romano,strategy_nearest,True,0.0024259090423583984,success
04FF073A9C4C84,0,['Arena'],Museo Lapidario,"['Verona Tour', 'Castelvecchio', 'Museo Radio', 'San Fermo', 'Casa Giulietta']",Castelvecchio,strategy_nearest,True,0.002630949020385742,success
04FF0D429C4C84,1,['Arena'],Torre Lamberti,"['Sighseeing', 'Centro Fotografia', 'Museo Conte', 'Casa Giulietta', 'Palazzo della Ragione']",Palazzo della Ragione,strategy_nearest,True,0.0019550323486328125,success
04FF0D3A9C4C84,3,"['Arena', 'Casa Giulietta']",Torre Lamberti,"['Sighseeing', 'Centro Fotografia', 'Museo Conte', 'Palazzo della Ragione', 'AMO']",Duomo,strategy_nearest,False,0.00436711311340332,success
04FF394A9C4C80,3,"['Arena', 'San Fermo', 'Torre Lamberti']",Santa Anastasia,"['AMO', 'Museo Conte', 'Palazzo della Ragione', 'Teatro Romano', 'Centro Fotografia']",Castelvecchio,strategy_nearest,False,0.0027480125427246094,success
04FF2E3A9C4C80,0,['Castelvecchio'],Arena,"['Verona Tour', 'Museo Lapidario', 'Museo Radio', 'San Fermo', 'Casa Giulietta']",Torre Lamberti,strategy_nearest,False,0.003732919692993164,success
04FF433A9C4C80,3,"['San Zeno', 'Arena']",San Fermo,"['Museo Storia', 'Museo Radio', 'Casa Giulietta', 'Centro Fotografia', 'Sighseeing']",Santa Anastasia,strategy_nearest,False,0.0020983219146728516,success
04FF3D3A9C4C80,0,['Arena'],Museo Lapidario,"['Verona Tour', 'Castelvecchio', 'Museo Radio', 'San Fermo', 'Casa Giulietta']",Casa Giulietta,strategy_nearest,True,0.0015311241149902344,success
04FF3C3A9C4C80,0,"['Arena', 'Casa Giulietta']",Tomba Giulietta,"['San Fermo', 'Museo Storia', 'Museo Lapidario', 'Museo Radio', 'Verona Tour']",Castelvecchio,strategy_nearest,False,0.0031671524047851562,success
04FF473A9C4C80,0,"['Arena', 'Casa Giulietta']",Torre Lamberti,"['Sighseeing', 'Centro Fotografia', 'Museo Conte', 'Palazzo della Ragione', 'AMO']",Duomo,strategy_nearest,False,0.003504037857055664,success
04FF51429C4C80,1,"['Arena', 'Casa Giulietta', 'Torre Lamberti', 'Palazzo della Ragione']",Santa Anastasia,"['AMO', 'Museo Conte', 'Teatro Romano', 'Centro Fotografia', 'Duomo']",Duomo,strategy_nearest,True,0.003659963607788086,success
04FF58429C4C80,0,['Arena'],Museo Lapidario,"['Verona Tour', 'Castelvecchio', 'Museo Radio', 'San Fermo', 'Casa Giulietta']",Casa Giulietta,strategy_nearest,True,0.00164031982421875,success
04FF623A9C4C80,3,['Arena'],Torre Lamberti,"['Sighseeing', 'Centro Fotografia', 'Museo Conte', 'Casa Giulietta', 'Palazzo della Ragione']",Santa Anastasia,strategy_nearest,False,0.003651142120361328,success
04FF6E429C4C80,0,['Arena'],Castelvecchio,"['Museo Lapidario', 'Verona Tour', 'Museo Radio', 'San Zeno', 'Sighseeing']",Casa Giulietta,strategy_nearest,False,0.002835988998413086,success
04FF6F3A9C4C80,1,"['San Zeno', 'Castelvecchio', 'San Fermo', 'Tomba Giulietta', 'Arena']",Casa Giulietta,"['Centro Fotografia', 'Sighseeing', 'Torre Lamberti', 'Museo Conte', 'Museo Radio']",Torre Lamberti,strategy_nearest,True,0.0033159255981445312,success
04FF7D4A9C4C80,3,"['Torre Lamberti', 'Santa Anastasia', 'Duomo']",Teatro Romano,"['AMO', 'Palazzo della Ragione', 'Museo Conte', 'Centro Fotografia', 'Museo Miniscalchi']",Casa Giulietta,strategy_nearest,False,0.002691030502319336,success
04FF723A9C4C80,2,"['Castelvecchio', 'Torre Lamberti']",Santa Anastasia,"['AMO', 'Museo Conte', 'Palazzo della Ragione', 'Teatro Romano', 'Centro Fotografia']",Duomo,strategy_nearest,False,0.0020439624786376953,success
04FF773A9C4C80,0,['Arena'],Castelvecchio,"['Museo Lapidario', 'Verona Tour', 'Museo Radio', 'San Zeno', 'Sighseeing']",Casa Giulietta,strategy_nearest,False,0.003470897674560547,success
04FF7F3A9C4C80,0,['Arena'],Torre Lamberti,"['Sighseeing', 'Centro Fotografia', 'Museo Conte', 'Casa Giulietta', 'Palazzo della Ragione']",Teatro Romano,strategy_nearest,False,0.0034329891204833984,success
04FF854A9C4C80,3,['Arena'],Casa Giulietta,"['Centro Fotografia', 'Sighseeing', 'Torre Lamberti', 'Museo Conte', 'Museo Radio']",Torre Lamberti,strategy_nearest,True,0.002051115036010742,success
04FF87429C4C80,1,"['Arena', 'Casa Giulietta', 'Torre Lamberti']",Palazzo della Ragione,"['AMO', 'Museo Conte', 'Centro Fotografia', 'Sighseeing', 'Santa Anastasia']",Santa Anastasia,strategy_nearest,True,0.0020589828491210938,success
04FF89429C4C80,0,['Arena'],Castelvecchio,"['Museo Lapidario', 'Verona Tour', 'Museo Radio', 'San Zeno', 'Sighseeing']",Santa Anastasia,strategy_nearest,False,0.0034880638122558594,success
04FF8C4A9C4C80,3,"['Arena', 'Casa Giulietta']",Santa Anastasia,"['AMO', 'Museo Conte', 'Palazzo della Ragione', 'Teatro Romano', 'Centro Fotografia']",Teatro Romano,strategy_nearest,True,0.0018448829650878906,success
04FF8F3A9C4C80,1,"['Arena', 'Casa Giulietta', 'Palazzo della Ragione']",Torre Lamberti,"['Sighseeing', 'Centro Fotografia', 'Museo Conte', 'AMO', 'Museo Miniscalchi']",Duomo,strategy_nearest,False,0.00333404541015625,success
04FF8B429C4C80,3,['San Fermo'],Santa Anastasia,"['AMO', 'Museo Conte', 'Palazzo della Ragione', 'Teatro Romano', 'Centro Fotografia']",Duomo,strategy_nearest,False,0.002482891082763672,success
04FF914A9C4C80,2,['Santa Anastasia'],Duomo,"['AMO', 'Museo Miniscalchi', 'Teatro Romano', 'Palazzo della Ragione', 'Museo Conte']",Castelvecchio,strategy_nearest,False,0.0026938915252685547,success
04FF92429C4C80,3,"['Arena', 'Santa Anastasia']",Torre Lamberti,"['Sighseeing', 'Centro Fotografia', 'Museo Conte', 'Casa Giulietta', 'Palazzo della Ragione']",Duomo,strategy_nearest,False,0.002471923828125,success
04FFA44A9C4C80,2,['Santa Anastasia'],Torre Lamberti,"['Sighseeing', 'Centro Fotografia', 'Museo Conte', 'Casa Giulietta', 'Palazzo della Ragione']",Casa Giulietta,strategy_nearest,True,0.003332853317260742,success
04FF9A429C4C80,3,['Arena'],Santa Anastasia,"['AMO', 'Museo Conte', 'Palazzo della Ragione', 'Teatro Romano', 'Centro Fotografia']",Duomo,strategy_nearest,False,0.002666950225830078,success
04FFAA4A9C4C80,3,"['Arena', 'Castelvecchio']",Santa Anastasia,"['AMO', 'Museo Conte', 'Palazzo della Ragione', 'Teatro Romano', 'Centro Fotografia']",Duomo,strategy_nearest,False,0.0023827552795410156,success
04FFB23A9C4C80,3,"['Arena', 'Tomba Giulietta']",Casa Giulietta,"['Centro Fotografia', 'Sighseeing', 'Torre Lamberti', 'Museo Conte', 'Museo Radio']",Torre Lamberti,strategy_nearest,True,0.003107786178588867,success
04FFB8429C4C80,0,['Tomba Giulietta'],Arena,"['Verona Tour', 'Museo Lapidario', 'Museo Radio', 'San Fermo', 'Casa Giulietta']",Torre Lamberti,strategy_nearest,False,0.0029990673065185547,success
04FFB33A9C4C80,0,['Arena'],Castelvecchio,"['Museo Lapidario', 'Verona Tour', 'Museo Radio', 'San Zeno', 'Sighseeing']",Torre Lamberti,strategy_nearest,False,0.002817869186401367,success
04FFB93A9C4C80,2,['Castelvecchio'],Casa Giulietta,"['Centro Fotografia', 'Sighseeing', 'Torre Lamberti', 'Museo Conte', 'Museo Radio']",Torre Lamberti,strategy_nearest,True,0.002576112747192383,success
04FFBB3A9C4C80,1,['Arena'],Palazzo della Ragione,"['AMO', 'Museo Conte', 'Torre Lamberti', 'Centro Fotografia', 'Sighseeing']",Casa Giulietta,strategy_nearest,False,0.002331972122192383,success
04FFC53A9C4C80,2,['Casa Giulietta'],Torre Lamberti,"['Sighseeing', 'Centro Fotografia', 'Museo Conte', 'Palazzo della Ragione', 'AMO']",Santa Anastasia,strategy_nearest,False,0.0021669864654541016,success
04FFBD3A9C4C80,2,"['Duomo', 'Teatro Romano']",Santa Anastasia,"['AMO', 'Museo Conte', 'Palazzo della Ragione', 'Centro Fotografia', 'Torre Lamberti']",Torre Lamberti,strategy_nearest,True,0.0036787986755371094,success
04FFC83A9C4C80,0,['Arena'],Casa Giulietta,"['Centro Fotografia', 'Sighseeing', 'Torre Lamberti', 'Museo Conte', 'Museo Radio']",Santa Anastasia,strategy_nearest,False,0.0026488304138183594,success
04FFCE3A9C4C80,3,"['Arena', 'San Fermo']",Duomo,"['AMO', 'Museo Miniscalchi', 'Santa Anastasia', 'Teatro Romano', 'Palazzo della Ragione']",Castelvecchio,strategy_nearest,False,0.0025870800018310547,success
04FFDE429C4C80,2,['Torre Lamberti'],Palazzo della Ragione,"['AMO', 'Museo Conte', 'Centro Fotografia', 'Sighseeing', 'Santa Anastasia']",Casa Giulietta,strategy_nearest,False,0.002778768539428711,success
04FFCF3A9C4C80,2,"['Torre Lamberti', 'Santa Anastasia']",Duomo,"['AMO', 'Museo Miniscalchi', 'Teatro Romano', 'Palazzo della Ragione', 'Museo Conte']",Casa Giulietta,strategy_nearest,False,0.002315044403076172,success
04FFE23A9C4C80,0,['Arena'],Torre Lamberti,"['Sighseeing', 'Centro Fotografia', 'Museo Conte', 'Casa Giulietta', 'Palazzo della Ragione']",Teatro Romano,strategy_nearest,False,0.003683805465698242,success
04FFEA3A9C4C80,2,['San Fermo'],Casa Giulietta,"['Centro Fotografia', 'Sighseeing', 'Torre Lamberti', 'Museo Conte', 'Museo Radio']",Torre Lamberti,strategy_nearest,True,0.003597736358642578,success
04FFED3A9C4C80,0,['Arena'],Casa Giulietta,"['Centro Fotografia', 'Sighseeing', 'Torre Lamberti', 'Museo Conte', 'Museo Radio']",Castelvecchio,strategy_nearest,False,0.0026268959045410156,success
04FFF0429C4C80,0,['Casa Giulietta'],Torre Lamberti,"['Sighseeing', 'Centro Fotografia', 'Museo Conte', 'Palazzo della Ragione', 'AMO']",Castelvecchio,strategy_nearest,False,0.003303050994873047,success
04FFEC3A9C4C80,0,['Arena'],Torre Lamberti,"['Sighseeing', 'Centro Fotografia', 'Museo Conte', 'Casa Giulietta', 'Palazzo della Ragione']",Casa Giulietta,strategy_nearest,True,0.0027570724487304688,success
04FFFC3A9C4C80,0,['Arena'],Casa Giulietta,"['Centro Fotografia', 'Sighseeing', 'Torre Lamberti', 'Museo Conte', 'Museo Radio']",Torre Lamberti,strategy_nearest,True,0.0022902488708496094,success
04002F3A9C4C81,3,['Arena'],Santa Anastasia,"['AMO', 'Museo Conte', 'Palazzo della Ragione', 'Teatro Romano', 'Centro Fotografia']",San Zeno,strategy_nearest,False,0.002897977828979492,success
04FFF23A9C4C80,2,['Torre Lamberti'],Palazzo della Ragione,"['AMO', 'Museo Conte', 'Centro Fotografia', 'Sighseeing', 'Santa Anastasia']",Castelvecchio,strategy_nearest,False,0.002950906753540039,success
04002F429C4C81,2,"['Castelvecchio', 'Duomo']",Casa Giulietta,"['Centro Fotografia', 'Sighseeing', 'Torre Lamberti', 'Museo Conte', 'Museo Radio']",Palazzo della Ragione,strategy_nearest,False,0.0033872127532958984,success
0400433A9C4C81,0,"['Torre Lamberti', 'Casa Giulietta']",San Fermo,"['Museo Storia', 'Museo Radio', 'Centro Fotografia', 'Arena', 'Sighseeing']",Arena,strategy_nearest,True,0.0020771026611328125,success
0400304A9C4C81,0,"['Casa Giulietta', 'Tomba Giulietta', 'Teatro Romano']",Castelvecchio,"['Museo Lapidario', 'Verona Tour', 'Arena', 'Museo Radio', 'San Zeno']",Arena,strategy_nearest,True,0.003030061721801758,success
040040429C4C81,3,"['Arena', 'Castelvecchio', 'Duomo']",Teatro Romano,"['Santa Anastasia', 'AMO', 'Palazzo della Ragione', 'Museo Conte', 'Centro Fotografia']",Santa Anastasia,strategy_nearest,True,0.0034189224243164062,success
0400394A9C4C81,3,"['Arena', 'Casa Giulietta', 'Torre Lamberti']",San Fermo,"['Museo Storia', 'Museo Radio', 'Centro Fotografia', 'Sighseeing', 'Museo Conte']",Tomba Giulietta,strategy_nearest,False,0.0016219615936279297,success
040046429C4C81,3,['Arena'],Casa Giulietta,"['Centro Fotografia', 'Sighseeing', 'Torre Lamberti', 'Museo Conte', 'Museo Radio']",Torre Lamberti,strategy_nearest,True,0.0026078224182128906,success
0400553A9C4C81,0,"['Arena', 'San Fermo']",Casa Giulietta,"['Centro Fotografia', 'Sighseeing', 'Torre Lamberti', 'Museo Conte', 'Museo Radio']",Torre Lamberti,strategy_nearest,True,0.002096891403198242,success
04004E3A9C4C81,0,"['Arena', 'Castelvecchio']",San Zeno,"['Verona Tour', 'Museo Lapidario', 'Museo Miniscalchi', 'Sighseeing', 'Museo Radio']",Casa Giulietta,strategy_nearest,False,0.002825021743774414,success
040054429C4C81,3,"['Arena', 'Casa Giulietta', 'Torre Lamberti']",Santa Anastasia,"['AMO', 'Museo Conte', 'Palazzo della Ragione', 'Teatro Romano', 'Centro Fotografia']",Teatro Romano,strategy_nearest,True,0.003654003143310547,success
040056429C4C81,0,['Arena'],Casa Giulietta,"['Centro Fotografia', 'Sighseeing', 'Torre Lamberti', 'Museo Conte', 'Museo Radio']",Torre Lamberti,strategy_nearest,True,0.003664731979370117,success
040065429C4C81,3,"['Arena', 'Casa Giulietta']",Torre Lamberti,"['Sighseeing', 'Centro Fotografia', 'Museo Conte', 'Palazzo della Ragione', 'AMO']",Santa Anastasia,strategy_nearest,False,0.0022389888763427734,success
040068429C4C81,0,['Torre Lamberti'],Arena,"['Verona Tour', 'Museo Lapidario', 'Museo Radio', 'San Fermo', 'Casa Giulietta']",Giardino Giusti,strategy_nearest,False,0.0026769638061523438,success
040059429C4C81,3,"['Arena', 'Museo Lapidario', 'Tomba Giulietta', 'Castelvecchio']",Teatro Romano,"['Santa Anastasia', 'Duomo', 'AMO', 'Palazzo della Ragione', 'Museo Conte']",Duomo,strategy_nearest,True,0.004151105880737305,success
0400793A9C4C81,3,"['Arena', 'Torre Lamberti']",Santa Anastasia,"['AMO', 'Museo Conte', 'Palazzo della Ragione', 'Teatro Romano', 'Centro Fotografia']",Duomo,strategy_nearest,False,0.0015289783477783203,success
040069429C4C81,0,['Arena'],Casa Giulietta,"['Centro Fotografia', 'Sighseeing', 'Torre Lamberti', 'Museo Conte', 'Museo Radio']",Teatro Romano,strategy_nearest,False,0.0028879642486572266,success
040086429C4C81,1,"['Palazzo della Ragione', 'Santa Anastasia']",Duomo,"['AMO', 'Museo Miniscalchi', 'Teatro Romano', 'Museo Conte', 'Torre Lamberti']",San Zeno,strategy_nearest,False,0.0020809173583984375,success
04006E429C4C81,3,"['Arena', 'Torre Lamberti']",Duomo,"['AMO', 'Museo Miniscalchi', 'Santa Anastasia', 'Teatro Romano', 'Palazzo della Ragione']",Teatro Romano,strategy_nearest,True,0.0035660266876220703,success
04008C3A9C4C81,1,"['Arena', 'Torre Lamberti']",Palazzo della Ragione,"['AMO', 'Museo Conte', 'Centro Fotografia', 'Sighseeing', 'Santa Anastasia']",Santa Anastasia,strategy_nearest,True,0.001811981201171875,success
0400924A9C4C81,3,['Torre Lamberti'],Santa Anastasia,"['AMO', 'Museo Conte', 'Palazzo della Ragione', 'Teatro Romano', 'Centro Fotografia']",Duomo,strategy_nearest,False,0.0027251243591308594,success
0400954A9C4C81,3,"['San Fermo', 'Teatro Romano']",Santa Anastasia,"['AMO', 'Museo Conte', 'Palazzo della Ragione', 'Centro Fotografia', 'Duomo']",Casa Giulietta,strategy_nearest,False,0.0027060508728027344,success
0400A24A9C4C81,3,['Arena'],San Fermo,"['Museo Storia', 'Museo Radio', 'Casa Giulietta', 'Centro Fotografia', 'Sighseeing']",Santa Anastasia,strategy_nearest,False,0.0031478404998779297,success
0400974A9C4C81,3,"['Arena', 'San Fermo']",Museo Storia,"['Museo Radio', 'Casa Giulietta', 'Centro Fotografia', 'Tomba Giulietta', 'Torre Lamberti']",Duomo,strategy_nearest,False,0.0036897659301757812,success
0400A4429C4C81,1,"['Arena', 'Casa Giulietta']",Palazzo della Ragione,"['AMO', 'Museo Conte', 'Torre Lamberti', 'Centro Fotografia', 'Sighseeing']",Duomo,strategy_nearest,False,0.0027968883514404297,success
0400A8429C4C81,2,"['Torre Lamberti', 'San Fermo']",Castelvecchio,"['Museo Lapidario', 'Verona Tour', 'Arena', 'Museo Radio', 'San Zeno']",San Zeno,strategy_nearest,True,0.0033419132232666016,success
0400BB429C4C81,1,"['Arena', 'Casa Giulietta']",Palazzo della Ragione,"['AMO', 'Museo Conte', 'Torre Lamberti', 'Centro Fotografia', 'Sighseeing']",Torre Lamberti,strategy_nearest,True,0.003186941146850586,success
0400AD3A9C4C81,3,"['Arena', 'Casa Giulietta']",Santa Anastasia,"['AMO', 'Museo Conte', 'Palazzo della Ragione', 'Teatro Romano', 'Centro Fotografia']",Teatro Romano,strategy_nearest,True,0.0026099681854248047,success
0400C0429C4C81,4,"['Arena', 'Torre Lamberti']",Duomo,"['AMO', 'Museo Miniscalchi', 'Santa Anastasia', 'Teatro Romano', 'Palazzo della Ragione']",Castelvecchio,strategy_nearest,False,0.0025398731231689453,success
0400BD429C4C81,3,"['Castelvecchio', 'Arena', 'Torre Lamberti']",Santa Anastasia,"['AMO', 'Museo Conte', 'Palazzo della Ragione', 'Teatro Romano', 'Centro Fotografia']",Duomo,strategy_nearest,False,0.002460002899169922,success
0400C13A9C4C81,0,"['Tomba Giulietta', 'San Zeno']",Castelvecchio,"['Museo Lapidario', 'Verona Tour', 'Arena', 'Museo Radio', 'Sighseeing']",Arena,strategy_nearest,True,0.0028061866760253906,success
0400CB3A9C4C81,1,"['Arena', 'Casa Giulietta', 'Palazzo della Ragione']",Torre Lamberti,"['Sighseeing', 'Centro Fotografia', 'Museo Conte', 'AMO', 'Museo Miniscalchi']",Santa Anastasia,strategy_nearest,False,0.003153085708618164,success
0400CC3A9C4C81,1,['Casa Giulietta'],Torre Lamberti,"['Sighseeing', 'Centro Fotografia', 'Museo Conte', 'Palazzo della Ragione', 'AMO']",Palazzo della Ragione,strategy_nearest,True,0.0023047924041748047,success
0400CA3A9C4C81,0,"['Arena', 'Casa Giulietta']",Torre Lamberti,"['Sighseeing', 'Centro Fotografia', 'Museo Conte', 'Palazzo della Ragione', 'AMO']",Duomo,strategy_nearest,False,0.003139019012451172,success
0400D03A9C4C81,1,"['Arena', 'Torre Lamberti']",Palazzo della Ragione,"['AMO', 'Museo Conte', 'Centro Fotografia', 'Sighseeing', 'Santa Anastasia']",Casa Giulietta,strategy_nearest,False,0.002402067184448242,success
0400E63A9C4C81,0,"['Torre Lamberti', 'Teatro Romano']",Arena,"['Verona Tour', 'Museo Lapidario', 'Museo Radio', 'San Fermo', 'Casa Giulietta']",Tomba Giulietta,strategy_nearest,False,0.003412961959838867,success
0400E83A9C4C81,3,['Arena'],Casa Giulietta,"['Centro Fotografia', 'Sighseeing', 'Torre Lamberti', 'Museo Conte', 'Museo Radio']",Santa Anastasia,strategy_nearest,False,0.0025887489318847656,success
0400D73A9C4C81,1,"['Arena', 'Casa Giulietta', 'Palazzo della Ragione']",Torre Lamberti,"['Sighseeing', 'Centro Fotografia', 'Museo Conte', 'AMO', 'Museo Miniscalchi']",Santa Anastasia,strategy_nearest,False,0.0022351741790771484,success
0400FF429C4C81,1,['Casa Giulietta'],Arena,"['Verona Tour', 'Museo Lapidario', 'Museo Radio', 'San Fermo', 'Sighseeing']",Torre Lamberti,strategy_nearest,False,0.0032377243041992188,success
04012A3A9C4C81,0,"['Torre Lamberti', 'Casa Giulietta', 'Arena']",Castelvecchio,"['Museo Lapidario', 'Verona Tour', 'Museo Radio', 'San Zeno', 'Sighseeing']",Teatro Romano,strategy_nearest,False,0.0020551681518554688,success
0401283A9C4C81,0,['Casa Giulietta'],San Fermo,"['Museo Storia', 'Museo Radio', 'Centro Fotografia', 'Arena', 'Sighseeing']",Arena,strategy_nearest,True,0.0034019947052001953,success
040110429C4C85,1,['Arena'],Casa Giulietta,"['Centro Fotografia', 'Sighseeing', 'Torre Lamberti', 'Museo Conte', 'Museo Radio']",Palazzo della Ragione,strategy_nearest,False,0.002845287322998047,success
04012B4A9C4C81,3,"['Arena', 'Torre Lamberti']",Tomba Giulietta,"['San Fermo', 'Museo Storia', 'Museo Lapidario', 'Museo Radio', 'Verona Tour']",Santa Anastasia,strategy_nearest,False,0.0040760040283203125,success
0401314A9C4C81,1,"['Arena', 'Duomo']",Torre Lamberti,"['Sighseeing', 'Centro Fotografia', 'Museo Conte', 'Casa Giulietta', 'Palazzo della Ragione']",Palazzo della Ragione,strategy_nearest,True,0.002605915069580078,success
0401303A9C4C81,3,"['Duomo', 'Torre Lamberti']",San Fermo,"['Museo Storia', 'Museo Radio', 'Casa Giulietta', 'Centro Fotografia', 'Arena']",Teatro Romano,strategy_nearest,False,0.0019290447235107422,success
040144429C4C81,1,"['Arena', 'Torre Lamberti']",Palazzo della Ragione,"['AMO', 'Museo Conte', 'Centro Fotografia', 'Sighseeing', 'Santa Anastasia']",Casa Giulietta,strategy_nearest,False,0.0025107860565185547,success
040143429C4C81,0,['Arena'],Teatro Romano,"['Santa Anastasia', 'Duomo', 'AMO', 'Palazzo della Ragione', 'Museo Conte']",Casa Giulietta,strategy_nearest,False,0.0024671554565429688,success
0401513A9C4C81,0,"['Arena', 'Casa Giulietta']",Museo Lapidario,"['Verona Tour', 'Castelvecchio', 'Museo Radio', 'San Fermo', 'Tomba Giulietta']",Torre Lamberti,strategy_nearest,False,0.002907276153564453,success
04014E3A9C4C81,0,"['Arena', 'Castelvecchio']",San Zeno,"['Verona Tour', 'Museo Lapidario', 'Museo Miniscalchi', 'Sighseeing', 'Museo Radio']",Casa Giulietta,strategy_nearest,False,0.0026941299438476562,success
0401533A9C4C81,3,"['Arena', 'Castelvecchio']",Santa Anastasia,"['AMO', 'Museo Conte', 'Palazzo della Ragione', 'Teatro Romano', 'Centro Fotografia']",Duomo,strategy_nearest,False,0.002763032913208008,success
040152429C4C81,1,"['Arena', 'Casa Giulietta', 'San Fermo']",Torre Lamberti,"['Sighseeing', 'Centro Fotografia', 'Museo Conte', 'Palazzo della Ragione', 'AMO']",Palazzo della Ragione,strategy_nearest,True,0.0027251243591308594,success
0401563A9C4C81,1,"['Arena', 'Teatro Romano', 'Duomo']",Casa Giulietta,"['Centro Fotografia', 'Sighseeing', 'Torre Lamberti', 'Museo Conte', 'Museo Radio']",Palazzo della Ragione,strategy_nearest,False,0.0027048587799072266,success
040159429C4C81,1,"['Arena', 'Casa Giulietta', 'Teatro Romano']",Santa Anastasia,"['AMO', 'Museo Conte', 'Palazzo della Ragione', 'Centro Fotografia', 'Duomo']",Tomba Giulietta,strategy_nearest,False,0.003330230712890625,success
04015E3A9C4C81,2,['Teatro Romano'],Castelvecchio,"['Museo Lapidario', 'Verona Tour', 'Arena', 'Museo Radio', 'San Zeno']",Casa Giulietta,strategy_nearest,False,0.0024733543395996094,success
040165429C4C81,3,"['Arena', 'Casa Giulietta']",Torre Lamberti,"['Sighseeing', 'Centro Fotografia', 'Museo Conte', 'Palazzo della Ragione', 'AMO']",Santa Anastasia,strategy_nearest,False,0.002440214157104492,success
0401794A9C4C81,0,['Arena'],Casa Giulietta,"['Centro Fotografia', 'Sighseeing', 'Torre Lamberti', 'Museo Conte', 'Museo Radio']",Torre Lamberti,strategy_nearest,True,0.0034198760986328125,success
040178429C4C81,2,"['Castelvecchio', 'San Fermo']",Casa Giulietta,"['Centro Fotografia', 'Sighseeing', 'Torre Lamberti', 'Museo Conte', 'Museo Radio']",Palazzo della Ragione,strategy_nearest,False,0.0028569698333740234,success
0401823A9C4C81,0,['Arena'],Castelvecchio,"['Museo Lapidario', 'Verona Tour', 'Museo Radio', 'San Zeno', 'Sighseeing']",Casa Giulietta,strategy_nearest,False,0.0024979114532470703,success
040187429C4C81,1,"['Arena', 'Palazzo della Ragione']",Torre Lamberti,"['Sighseeing', 'Centro Fotografia', 'Museo Conte', 'Casa Giulietta', 'AMO']",Castelvecchio,strategy_nearest,False,0.003233194351196289,success
0401893A9C4C81,0,['Torre Lamberti'],Teatro Romano,"['Santa Anastasia', 'Duomo', 'AMO', 'Palazzo della Ragione', 'Museo Conte']",Arena,strategy_nearest,False,0.0026488304138183594,success
04018B3A9C4C81,3,['Castelvecchio'],Arena,"['Verona Tour', 'Museo Lapidario', 'Museo Radio', 'San Fermo', 'Casa Giulietta']",Torre Lamberti,strategy_nearest,False,0.0026149749755859375,success
04018A3A9C4C81,3,"['Arena', 'Casa Giulietta']",Santa Anastasia,"['AMO', 'Museo Conte', 'Palazzo della Ragione', 'Teatro Romano', 'Centro Fotografia']",Duomo,strategy_nearest,False,0.0034940242767333984,success
04018C3A9C4C81,0,['Arena'],Casa Giulietta,"['Centro Fotografia', 'Sighseeing', 'Torre Lamberti', 'Museo Conte', 'Museo Radio']",Torre Lamberti,strategy_nearest,True,0.0033919811248779297,success
040196429C4C81,0,['Arena'],San Fermo,"['Museo Storia', 'Museo Radio', 'Casa Giulietta', 'Centro Fotografia', 'Sighseeing']",Casa Giulietta,strategy_nearest,True,0.0031919479370117188,success
04019F429C4C81,1,"['Museo Lapidario', 'Arena', 'San Fermo']",Teatro Romano,"['Santa Anastasia', 'Duomo', 'AMO', 'Palazzo della Ragione', 'Museo Conte']",Torre Lamberti,strategy_nearest,False,0.0032949447631835938,success
04019B429C4C81,0,['Arena'],Casa Giulietta,"['Centro Fotografia', 'Sighseeing', 'Torre Lamberti', 'Museo Conte', 'Museo Radio']",Torre Lamberti,strategy_nearest,True,0.0034520626068115234,success
04019E4A9C4C81,1,"['Arena', 'Museo Lapidario', 'Castelvecchio']",Teatro Romano,"['Santa Anastasia', 'Duomo', 'AMO', 'Palazzo della Ragione', 'Museo Conte']",Santa Anastasia,strategy_nearest,True,0.002141237258911133,success
0401A14A9C4C81,3,['Arena'],Santa Anastasia,"['AMO', 'Museo Conte', 'Palazzo della Ragione', 'Teatro Romano', 'Centro Fotografia']",Teatro Romano,strategy_nearest,True,0.0026140213012695312,success
0401A64A9C4C81,2,['Casa Giulietta'],Teatro Romano,"['Santa Anastasia', 'Duomo', 'AMO', 'Palazzo della Ragione', 'Museo Conte']",Duomo,strategy_nearest,True,0.0022330284118652344,success
0401AA429C4C81,2,"['San Zeno', 'Duomo']",Santa Anastasia,"['AMO', 'Museo Conte', 'Palazzo della Ragione', 'Teatro Romano', 'Centro Fotografia']",Casa Giulietta,strategy_nearest,False,0.0032958984375,success
0401A94A9C4C81,0,['Arena'],Casa Giulietta,"['Centro Fotografia', 'Sighseeing', 'Torre Lamberti', 'Museo Conte', 'Museo Radio']",Castelvecchio,strategy_nearest,False,0.0028312206268310547,success
0401A7429C4C81,0,['Teatro Romano'],Arena,"['Verona Tour', 'Museo Lapidario', 'Museo Radio', 'San Fermo', 'Casa Giulietta']",Castelvecchio,strategy_nearest,False,0.0014400482177734375,success
0401B43A9C4C81,0,['Arena'],Santa Anastasia,"['AMO', 'Museo Conte', 'Palazzo della Ragione', 'Teatro Romano', 'Centro Fotografia']",Casa Giulietta,strategy_nearest,False,0.002090930938720703,success
0401AE3A9C4C81,3,"['Arena', 'Torre Lamberti', 'Santa Anastasia']",Duomo,"['AMO', 'Museo Miniscalchi', 'Teatro Romano', 'Palazzo della Ragione', 'Museo Conte']",Teatro Romano,strategy_nearest,True,0.0026209354400634766,success
0401B5429C4C81,1,"['Arena', 'Casa Giulietta', 'Torre Lamberti']",Palazzo della Ragione,"['AMO', 'Museo Conte', 'Centro Fotografia', 'Sighseeing', 'Santa Anastasia']",Duomo,strategy_nearest,False,0.002768993377685547,success
0401BA429C4C81,3,['Santa Anastasia'],Torre Lamberti,"['Sighseeing', 'Centro Fotografia', 'Museo Conte', 'Casa Giulietta', 'Palazzo della Ragione']",Arena,strategy_nearest,False,0.003314971923828125,success
0401BE429C4C81,3,"['Arena', 'Casa Giulietta']",Duomo,"['AMO', 'Museo Miniscalchi', 'Santa Anastasia', 'Teatro Romano', 'Palazzo della Ragione']",Teatro Romano,strategy_nearest,True,0.002231121063232422,success
0401CC3A9C4C81,0,['Casa Giulietta'],Arena,"['Verona Tour', 'Museo Lapidario', 'Museo Radio', 'San Fermo', 'Sighseeing']",Tomba Giulietta,strategy_nearest,False,0.002597808837890625,success
0401D3429C4C81,3,"['Arena', 'Castelvecchio', 'Tomba Giulietta']",Casa Giulietta,"['Centro Fotografia', 'Sighseeing', 'Torre Lamberti', 'Museo Conte', 'Museo Radio']",Torre Lamberti,strategy_nearest,True,0.002562999725341797,success
0401DB3A9C4C81,4,"['Arena', 'Giardino Giusti', 'San Fermo']",Torre Lamberti,"['Sighseeing', 'Centro Fotografia', 'Museo Conte', 'Casa Giulietta', 'Palazzo della Ragione']",Casa Giulietta,strategy_nearest,True,0.0034508705139160156,success
0401E43A9C4C81,2,"['Casa Giulietta', 'Palazzo della Ragione']",Torre Lamberti,"['Sighseeing', 'Centro Fotografia', 'Museo Conte', 'AMO', 'Museo Miniscalchi']",Santa Anastasia,strategy_nearest,False,0.0029790401458740234,success
0401F4429C4C81,2,"['Teatro Romano', 'Palazzo della Ragione']",Torre Lamberti,"['Sighseeing', 'Centro Fotografia', 'Museo Conte', 'Casa Giulietta', 'AMO']",Castelvecchio,strategy_nearest,False,0.002176046371459961,success
0401EC3A9C4C81,0,['Arena'],Castelvecchio,"['Museo Lapidario', 'Verona Tour', 'Museo Radio', 'San Zeno', 'Sighseeing']",Casa Giulietta,strategy_nearest,False,0.004147052764892578,success
040202429C4C85,0,"['Casa Giulietta', 'Torre Lamberti']",Arena,"['Verona Tour', 'Museo Lapidario', 'Museo Radio', 'San Fermo', 'Sighseeing']",San Fermo,strategy_nearest,True,0.003116130828857422,success
0401F53A9C4C81,3,"['Arena', 'San Fermo']",Torre Lamberti,"['Sighseeing', 'Centro Fotografia', 'Museo Conte', 'Casa Giulietta', 'Palazzo della Ragione']",Santa Anastasia,strategy_nearest,False,0.001965045928955078,success
04022F429C4C81,2,"['Castelvecchio', 'San Zeno', 'Casa Giulietta']",Palazzo della Ragione,"['AMO', 'Museo Conte', 'Torre Lamberti', 'Centro Fotografia', 'Sighseeing']",Torre Lamberti,strategy_nearest,True,0.0019450187683105469,success
040207429C4C85,3,"['Casa Giulietta', 'Torre Lamberti', 'Santa Anastasia', 'Duomo']",Teatro Romano,"['AMO', 'Palazzo della Ragione', 'Museo Conte', 'Centro Fotografia', 'Museo Miniscalchi']",San Fermo,strategy_nearest,False,0.0033500194549560547,success
0402293A9C4C81,1,['Arena'],Casa Giulietta,"['Centro Fotografia', 'Sighseeing', 'Torre Lamberti', 'Museo Conte', 'Museo Radio']",Torre Lamberti,strategy_nearest,True,0.00333404541015625,success
0402353A9C4C81,4,"['Arena', 'Castelvecchio', 'San Zeno', 'Museo Radio', 'Tomba Giulietta']",Casa Giulietta,"['Centro Fotografia', 'Sighseeing', 'Torre Lamberti', 'Museo Conte', 'Palazzo della Ragione']",Santa Anastasia,strategy_nearest,False,0.003258228302001953,success
040238429C4C81,0,"['Castelvecchio', 'Arena']",Casa Giulietta,"['Centro Fotografia', 'Sighseeing', 'Torre Lamberti', 'Museo Conte', 'Museo Radio']",Teatro Romano,strategy_nearest,False,0.002704143524169922,success
0402423A9C4C81,3,"['Santa Anastasia', 'Torre Lamberti']",Casa Giulietta,"['Centro Fotografia', 'Sighseeing', 'Museo Conte', 'Museo Radio', 'Palazzo della Ragione']",Arena,strategy_nearest,False,0.002054929733276367,success
04023D429C4C81,1,"['Casa Giulietta', 'Palazzo della Ragione', 'Torre Lamberti']",Arena,"['Verona Tour', 'Museo Lapidario', 'Museo Radio', 'San Fermo', 'Sighseeing']",Castelvecchio,strategy_nearest,False,0.0028841495513916016,success
0402453A9C4C81,3,"['Arena', 'Castelvecchio']",San Zeno,"['Verona Tour', 'Museo Lapidario', 'Museo Miniscalchi', 'Sighseeing', 'Museo Radio']",Duomo,strategy_nearest,False,0.0032329559326171875,success
040248429C4C81,3,"['Tomba Giulietta', 'Arena', 'San Fermo']",Casa Giulietta,"['Centro Fotografia', 'Sighseeing', 'Torre Lamberti', 'Museo Conte', 'Museo Radio']",Teatro Romano,strategy_nearest,False,0.003231048583984375,success
040245429C4C81,0,['Arena'],Castelvecchio,"['Museo Lapidario', 'Verona Tour', 'Museo Radio', 'San Zeno', 'Sighseeing']",Teatro Romano,strategy_nearest,False,0.003299713134765625,success
04024D429C4C81,1,"['Castelvecchio', 'Arena', 'Casa Giulietta']",Santa Anastasia,"['AMO', 'Museo Conte', 'Palazzo della Ragione', 'Teatro Romano', 'Centro Fotografia']",Duomo,strategy_nearest,False,0.0018739700317382812,success
0402553A9C4C81,1,"['Casa Giulietta', 'Palazzo della Ragione', 'Torre Lamberti', 'Arena']",Santa Anastasia,"['AMO', 'Museo Conte', 'Teatro Romano', 'Centro Fotografia', 'Duomo']",Duomo,strategy_nearest,True,0.003276824951171875,success
040278429C4C81,6,['Arena'],Verona Tour,"['Museo Lapidario', 'Castelvecchio', 'Museo Radio', 'Casa Giulietta', 'Sighseeing']",Casa Giulietta,strategy_nearest,True,0.003008127212524414,success
04027C3A9C4C81,3,"['Arena', 'Torre Lamberti']",Duomo,"['AMO', 'Museo Miniscalchi', 'Santa Anastasia', 'Teatro Romano', 'Palazzo della Ragione']",Giardino Giusti,strategy_nearest,False,0.003709077835083008,success
040270429C4C81,3,"['Casa Giulietta', 'Torre Lamberti']",San Zeno,"['Castelvecchio', 'Verona Tour', 'Museo Lapidario', 'Arena', 'Museo Miniscalchi']",Castelvecchio,strategy_nearest,True,0.0025920867919921875,success
0402853A9C4C81,0,['Arena'],Santa Anastasia,"['AMO', 'Museo Conte', 'Palazzo della Ragione', 'Teatro Romano', 'Centro Fotografia']",Castelvecchio,strategy_nearest,False,0.003387928009033203,success
04028B3A9C4C81,0,['Castelvecchio'],Arena,"['Verona Tour', 'Museo Lapidario', 'Museo Radio', 'San Fermo', 'Casa Giulietta']",Casa Giulietta,strategy_nearest,True,0.0018377304077148438,success
0402873A9C4C81,3,"['Arena', 'Casa Giulietta']",Torre Lamberti,"['Sighseeing', 'Centro Fotografia', 'Museo Conte', 'Palazzo della Ragione', 'AMO']",Santa Anastasia,strategy_nearest,False,0.0025451183319091797,success
0402914A9C4C81,3,"['Arena', 'Casa Giulietta', 'Duomo']",Museo Lapidario,"['Verona Tour', 'Castelvecchio', 'Museo Radio', 'San Fermo', 'Tomba Giulietta']",San Fermo,strategy_nearest,True,0.0029900074005126953,success
0402A0429C4C81,1,"['Arena', 'Palazzo della Ragione', 'Torre Lamberti']",Santa Anastasia,"['AMO', 'Museo Conte', 'Teatro Romano', 'Centro Fotografia', 'Duomo']",Teatro Romano,strategy_nearest,True,0.002216339111328125,success
0402A04A9C4C81,2,['Casa Giulietta'],Teatro Romano,"['Santa Anastasia', 'Duomo', 'AMO', 'Palazzo della Ragione', 'Museo Conte']",Duomo,strategy_nearest,True,0.003242969512939453,success
04029C429C4C81,0,['Arena'],Castelvecchio,"['Museo Lapidario', 'Verona Tour', 'Museo Radio', 'San Zeno', 'Sighseeing']",Duomo,strategy_nearest,False,0.004230022430419922,success
0402A64A9C4C81,3,"['Arena', 'Teatro Romano']",Duomo,"['AMO', 'Museo Miniscalchi', 'Santa Anastasia', 'Palazzo della Ragione', 'Museo Conte']",Castelvecchio,strategy_nearest,False,0.0019309520721435547,success
0402A7429C4C81,3,"['Teatro Romano', 'Duomo', 'Santa Anastasia']",Torre Lamberti,"['Sighseeing', 'Centro Fotografia', 'Museo Conte', 'Casa Giulietta', 'Palazzo della Ragione']",Casa Giulietta,strategy_nearest,True,0.002476930618286133,success
0402AB429C4C81,0,['Museo Lapidario'],Arena,"['Verona Tour', 'Museo Radio', 'San Fermo', 'Casa Giulietta', 'Sighseeing']",Torre Lamberti,strategy_nearest,False,0.0024449825286865234,success
0402AB4A9C4C81,1,"['Arena', 'Palazzo della Ragione']",Torre Lamberti,"['Sighseeing', 'Centro Fotografia', 'Museo Conte', 'Casa Giulietta', 'AMO']",Santa Anastasia,strategy_nearest,False,0.002118349075317383,success
0402A84A9C4C81,1,"['Arena', 'Casa Giulietta']",Palazzo della Ragione,"['AMO', 'Museo Conte', 'Torre Lamberti', 'Centro Fotografia', 'Sighseeing']",Torre Lamberti,strategy_nearest,True,0.0043680667877197266,success
0402B03A9C4C81,0,['Arena'],Casa Giulietta,"['Centro Fotografia', 'Sighseeing', 'Torre Lamberti', 'Museo Conte', 'Museo Radio']",Santa Anastasia,strategy_nearest,False,0.003206968307495117,success
0402BF429C4C81,3,"['Arena', 'Casa Giulietta']",Torre Lamberti,"['Sighseeing', 'Centro Fotografia', 'Museo Conte', 'Palazzo della Ragione', 'AMO']",Santa Anastasia,strategy_nearest,False,0.0026900768280029297,success
0402B9429C4C81,0,['Arena'],Castelvecchio,"['Museo Lapidario', 'Verona Tour', 'Museo Radio', 'San Zeno', 'Sighseeing']",Torre Lamberti,strategy_nearest,False,0.0022089481353759766,success
0402BE429C4C81,0,['Arena'],Casa Giulietta,"['Centro Fotografia', 'Sighseeing', 'Torre Lamberti', 'Museo Conte', 'Museo Radio']",Teatro Romano,strategy_nearest,False,0.0033202171325683594,success
0402B1429C4C81,2,['Teatro Romano'],Duomo,"['AMO', 'Museo Miniscalchi', 'Santa Anastasia', 'Palazzo della Ragione', 'Museo Conte']",Palazzo della Ragione,strategy_nearest,True,0.003470182418823242,success
0402EB3A9C4C81,0,['Arena'],Castelvecchio,"['Museo Lapidario', 'Verona Tour', 'Museo Radio', 'San Zeno', 'Sighseeing']",Casa Giulietta,strategy_nearest,False,0.003290891647338867,success
0402C53A9C4C81,1,"['Arena', 'Castelvecchio']",Casa Giulietta,"['Centro Fotografia', 'Sighseeing', 'Torre Lamberti', 'Museo Conte', 'Museo Radio']",Palazzo della Ragione,strategy_nearest,False,0.0021800994873046875,success
0402E33A9C4C81,1,"['Castelvecchio', 'San Zeno']",Casa Giulietta,"['Centro Fotografia', 'Sighseeing', 'Torre Lamberti', 'Museo Conte', 'Museo Radio']",Santa Anastasia,strategy_nearest,False,0.001550912857055664,success
0402CE3A9C4C81,0,['Torre Lamberti'],Casa Giulietta,"['Centro Fotografia', 'Sighseeing', 'Museo Conte', 'Museo Radio', 'Palazzo della Ragione']",Teatro Romano,strategy_nearest,False,0.0027420520782470703,success
0402F73A9C4C81,0,['Arena'],Casa Giulietta,"['Centro Fotografia', 'Sighseeing', 'Torre Lamberti', 'Museo Conte', 'Museo Radio']",Torre Lamberti,strategy_nearest,True,0.0015621185302734375,success
040305429C4C85,3,"['Arena', 'Casa Giulietta', 'Torre Lamberti']",Santa Anastasia,"['AMO', 'Museo Conte', 'Palazzo della Ragione', 'Teatro Romano', 'Centro Fotografia']",Duomo,strategy_nearest,False,0.003283262252807617,success
0402FC3A9C4C81,0,['Arena'],Casa Giulietta,"['Centro Fotografia', 'Sighseeing', 'Torre Lamberti', 'Museo Conte', 'Museo Radio']",Torre Lamberti,strategy_nearest,True,0.0021648406982421875,success
0402FE429C4C81,2,['San Zeno'],Castelvecchio,"['Museo Lapidario', 'Verona Tour', 'Arena', 'Museo Radio', 'Sighseeing']",Teatro Romano,strategy_nearest,False,0.002763032913208008,success
04030D429C4C85,2,"['Palazzo della Ragione', 'Torre Lamberti', 'Casa Giulietta']",Castelvecchio,"['Museo Lapidario', 'Verona Tour', 'Arena', 'Museo Radio', 'San Zeno']",San Zeno,strategy_nearest,True,0.002665996551513672,success
04030B429C4C85,1,"['Museo Lapidario', 'Arena', 'San Fermo', 'Santa Anastasia']",Duomo,"['AMO', 'Museo Miniscalchi', 'Teatro Romano', 'Palazzo della Ragione', 'Museo Conte']",Palazzo della Ragione,strategy_nearest,True,0.0020928382873535156,success
0403293A9C4C81,3,"['Tomba Giulietta', 'Casa Giulietta']",Santa Anastasia,"['AMO', 'Museo Conte', 'Palazzo della Ragione', 'Teatro Romano', 'Centro Fotografia']",Arena,strategy_nearest,False,0.0029098987579345703,success
04030A429C4C85,1,"['San Zeno', 'Castelvecchio', 'Casa Giulietta', 'Teatro Romano', 'Duomo']",Santa Anastasia,"['AMO', 'Museo Conte', 'Palazzo della Ragione', 'Centro Fotografia', 'Torre Lamberti']",Torre Lamberti,strategy_nearest,True,0.0025892257690429688,success
0403423A9C4C81,2,['Casa Giulietta'],Torre Lamberti,"['Sighseeing', 'Centro Fotografia', 'Museo Conte', 'Palazzo della Ragione', 'AMO']",Tomba Giulietta,strategy_nearest,False,0.0024950504302978516,success
04033D429C4C81,3,"['Santa Anastasia', 'Casa Giulietta']",Duomo,"['AMO', 'Museo Miniscalchi', 'Teatro Romano', 'Palazzo della Ragione', 'Museo Conte']",Teatro Romano,strategy_nearest,True,0.002584218978881836,success
0403303A9C4C81,1,"['Arena', 'Museo Lapidario', 'Castelvecchio']",Casa Giulietta,"['Centro Fotografia', 'Sighseeing', 'Torre Lamberti', 'Museo Conte', 'Museo Radio']",Torre Lamberti,strategy_nearest,True,0.002010822296142578,success
04034D3A9C4C81,0,['Arena'],Castelvecchio,"['Museo Lapidario', 'Verona Tour', 'Museo Radio', 'San Zeno', 'Sighseeing']",Torre Lamberti,strategy_nearest,False,0.003248929977416992,success
040357429C4C81,0,['Tomba Giulietta'],Arena,"['Verona Tour', 'Museo Lapidario', 'Museo Radio', 'San Fermo', 'Casa Giulietta']",Casa Giulietta,strategy_nearest,True,0.001950979232788086,success
040352429C4C81,3,"['Arena', 'San Fermo']",Casa Giulietta,"['Centro Fotografia', 'Sighseeing', 'Torre Lamberti', 'Museo Conte', 'Museo Radio']",Torre Lamberti,strategy_nearest,True,0.0034029483795166016,success
0403533A9C4C81,1,"['San Zeno', 'Tomba Giulietta', 'San Fermo', 'Arena', 'Museo Lapidario']",Casa Giulietta,"['Centro Fotografia', 'Sighseeing', 'Torre Lamberti', 'Museo Conte', 'Museo Radio']",Palazzo della Ragione,strategy_nearest,False,0.0013990402221679688,success
04035E3A9C4C81,1,"['Arena', 'Torre Lamberti', 'Palazzo della Ragione']",Teatro Romano,"['Santa Anastasia', 'Duomo', 'AMO', 'Museo Conte', 'Centro Fotografia']",Tomba Giulietta,strategy_nearest,False,0.0032978057861328125,success
0403603A9C4C81,0,['Arena'],Torre Lamberti,"['Sighseeing', 'Centro Fotografia', 'Museo Conte', 'Casa Giulietta', 'Palazzo della Ragione']",Casa Giulietta,strategy_nearest,True,0.0019180774688720703,success
040369429C4C81,3,"['Arena', 'Casa Giulietta']",Santa Anastasia,"['AMO', 'Museo Conte', 'Palazzo della Ragione', 'Teatro Romano', 'Centro Fotografia']",Duomo,strategy_nearest,False,0.002109050750732422,success
0403673A9C4C81,1,"['Torre Lamberti', 'Palazzo della Ragione', 'Santa Anastasia']",Duomo,"['AMO', 'Museo Miniscalchi', 'Teatro Romano', 'Museo Conte', 'Centro Fotografia']",Arena,strategy_nearest,False,0.003367900848388672,success
040373429C4C81,3,"['Arena', 'Casa Giulietta']",Santa Anastasia,"['AMO', 'Museo Conte', 'Palazzo della Ragione', 'Teatro Romano', 'Centro Fotografia']",Duomo,strategy_nearest,False,0.003159046173095703,success
0403753A9C4C81,1,"['Arena', 'Torre Lamberti']",Palazzo della Ragione,"['AMO', 'Museo Conte', 'Centro Fotografia', 'Sighseeing', 'Santa Anastasia']",Santa Anastasia,strategy_nearest,True,0.003134012222290039,success
040378429C4C81,6,"['Arena', 'Casa Giulietta']",Torre Lamberti,"['Sighseeing', 'Centro Fotografia', 'Museo Conte', 'Palazzo della Ragione', 'AMO']",Teatro Romano,strategy_nearest,False,0.0034019947052001953,success
0403794A9C4C81,3,"['Arena', 'Torre Lamberti', 'Casa Giulietta']",San Fermo,"['Museo Storia', 'Museo Radio', 'Centro Fotografia', 'Sighseeing', 'Museo Conte']",Santa Anastasia,strategy_nearest,False,0.0025238990783691406,success
040380429C4C81,3,"['Arena', 'Torre Lamberti']",Casa Giulietta,"['Centro Fotografia', 'Sighseeing', 'Museo Conte', 'Museo Radio', 'Palazzo della Ragione']",Santa Anastasia,strategy_nearest,False,0.002321958541870117,success
040389429C4C81,3,"['Santa Anastasia', 'Casa Giulietta']",San Zeno,"['Castelvecchio', 'Verona Tour', 'Museo Lapidario', 'Arena', 'Museo Miniscalchi']",Castelvecchio,strategy_nearest,True,0.0024509429931640625,success
04038E3A9C4C81,1,['Arena'],Casa Giulietta,"['Centro Fotografia', 'Sighseeing', 'Torre Lamberti', 'Museo Conte', 'Museo Radio']",Torre Lamberti,strategy_nearest,True,0.0033516883850097656,success
040382429C4C81,1,['Arena'],Casa Giulietta,"['Centro Fotografia', 'Sighseeing', 'Torre Lamberti', 'Museo Conte', 'Museo Radio']",Torre Lamberti,strategy_nearest,True,0.0024759769439697266,success
0403914A9C4C81,3,"['Arena', 'Casa Giulietta']",Torre Lamberti,"['Sighseeing', 'Centro Fotografia', 'Museo Conte', 'Palazzo della Ragione', 'AMO']",Santa Anastasia,strategy_nearest,False,0.0029659271240234375,success
0403A04A9C4C81,1,"['Arena', 'Casa Giulietta']",Palazzo della Ragione,"['AMO', 'Museo Conte', 'Torre Lamberti', 'Centro Fotografia', 'Sighseeing']",Torre Lamberti,strategy_nearest,True,0.002620220184326172,success
0403A34A9C4C81,0,['Arena'],Torre Lamberti,"['Sighseeing', 'Centro Fotografia', 'Museo Conte', 'Casa Giulietta', 'Palazzo della Ragione']",Casa Giulietta,strategy_nearest,True,0.0025179386138916016,success
0403A73A9C4C81,0,"['Tomba Giulietta', 'Arena']",Casa Giulietta,"['Centro Fotografia', 'Sighseeing', 'Torre Lamberti', 'Museo Conte', 'Museo Radio']",Torre Lamberti,strategy_nearest,True,0.0027379989624023438,success
0403B43A9C4C81,3,"['Arena', 'Museo Lapidario', 'Castelvecchio']",Casa Giulietta,"['Centro Fotografia', 'Sighseeing', 'Torre Lamberti', 'Museo Conte', 'Museo Radio']",Santa Anastasia,strategy_nearest,False,0.0033829212188720703,success
0403B5429C4C81,0,['Arena'],Castelvecchio,"['Museo Lapidario', 'Verona Tour', 'Museo Radio', 'San Zeno', 'Sighseeing']",Museo Storia,strategy_nearest,False,0.003255128860473633,success
0403B4429C4C81,2,['Casa Giulietta'],Torre Lamberti,"['Sighseeing', 'Centro Fotografia', 'Museo Conte', 'Palazzo della Ragione', 'AMO']",Santa Anastasia,strategy_nearest,False,0.0027730464935302734,success
0403BB429C4C81,3,['Duomo'],San Fermo,"['Museo Storia', 'Museo Radio', 'Casa Giulietta', 'Centro Fotografia', 'Arena']",Arena,strategy_nearest,True,0.0031599998474121094,success
0403C83A9C4C81,3,"['Arena', 'Teatro Romano']",Duomo,"['AMO', 'Museo Miniscalchi', 'Santa Anastasia', 'Palazzo della Ragione', 'Museo Conte']",Santa Anastasia,strategy_nearest,True,0.0030028820037841797,success
0403CB3A9C4C81,1,"['Arena', 'Casa Giulietta', 'Palazzo della Ragione']",Torre Lamberti,"['Sighseeing', 'Centro Fotografia', 'Museo Conte', 'AMO', 'Museo Miniscalchi']",Santa Anastasia,strategy_nearest,False,0.003216981887817383,success
0403D13A9C4C81,0,['Arena'],Casa Giulietta,"['Centro Fotografia', 'Sighseeing', 'Torre Lamberti', 'Museo Conte', 'Museo Radio']",Duomo,strategy_nearest,False,0.002588987350463867,success
0403D53A9C4C81,2,['Casa Giulietta'],Torre Lamberti,"['Sighseeing', 'Centro Fotografia', 'Museo Conte', 'Palazzo della Ragione', 'AMO']",Tomba Giulietta,strategy_nearest,False,0.003133058547973633,success
0403D33A9C4C81,1,"['Castelvecchio', 'San Zeno', 'Arena']",Tomba Giulietta,"['San Fermo', 'Museo Storia', 'Museo Lapidario', 'Museo Radio', 'Verona Tour']",San Fermo,strategy_nearest,True,0.002643108367919922,success
0403DE3A9C4C81,3,"['Casa Giulietta', 'Torre Lamberti', 'Arena', 'Museo Lapidario']",Castelvecchio,"['Verona Tour', 'Museo Radio', 'San Zeno', 'Sighseeing', 'Museo Miniscalchi']",San Zeno,strategy_nearest,True,0.0026900768280029297,success
0403DF3A9C4C81,3,"['Arena', 'Casa Giulietta']",San Fermo,"['Museo Storia', 'Museo Radio', 'Centro Fotografia', 'Sighseeing', 'Torre Lamberti']",Torre Lamberti,strategy_nearest,True,0.003056764602661133,success
0403EC3A9C4C81,0,['Castelvecchio'],Arena,"['Verona Tour', 'Museo Lapidario', 'Museo Radio', 'San Fermo', 'Casa Giulietta']",Torre Lamberti,strategy_nearest,False,0.0027048587799072266,success
0403F9429C4C81,3,['Arena'],Castelvecchio,"['Museo Lapidario', 'Verona Tour', 'Museo Radio', 'San Zeno', 'Sighseeing']",San Zeno,strategy_nearest,True,0.0032570362091064453,success
0403EA3A9C4C81,0,['Arena'],Casa Giulietta,"['Centro Fotografia', 'Sighseeing', 'Torre Lamberti', 'Museo Conte', 'Museo Radio']",Santa Anastasia,strategy_nearest,False,0.0028352737426757812,success
0403FA3A9C4C81,0,['Arena'],Casa Giulietta,"['Centro Fotografia', 'Sighseeing', 'Torre Lamberti', 'Museo Conte', 'Museo Radio']",Santa Anastasia,strategy_nearest,False,0.002984762191772461,success
040404429C4C85,6,"['Torre Lamberti', 'Santa Anastasia', 'Duomo', 'Teatro Romano']",San Fermo,"['Museo Storia', 'Museo Radio', 'Casa Giulietta', 'Centro Fotografia', 'Arena']",Arena,strategy_nearest,True,0.0017638206481933594,success
0403FE3A9C4C81,1,"['Arena', 'San Fermo', 'Torre Lamberti']",Palazzo della Ragione,"['AMO', 'Museo Conte', 'Centro Fotografia', 'Sighseeing', 'Santa Anastasia']",Santa Anastasia,strategy_nearest,True,0.003186941146850586,success
04042A3A9C4C81,3,"['Arena', 'Casa Giulietta']",Torre Lamberti,"['Sighseeing', 'Centro Fotografia', 'Museo Conte', 'Palazzo della Ragione', 'AMO']",Duomo,strategy_nearest,False,0.002783060073852539,success
04042C4A9C4C81,1,"['Arena', 'Casa Giulietta', 'Torre Lamberti']",Palazzo della Ragione,"['AMO', 'Museo Conte', 'Centro Fotografia', 'Sighseeing', 'Santa Anastasia']",Santa Anastasia,strategy_nearest,True,0.0031290054321289062,success
04042D3A9C4C81,3,"['Arena', 'Castelvecchio']",Casa Giulietta,"['Centro Fotografia', 'Sighseeing', 'Torre Lamberti', 'Museo Conte', 'Museo Radio']",Santa Anastasia,strategy_nearest,False,0.002554178237915039,success
040430429C4C81,0,['Arena'],Casa Giulietta,"['Centro Fotografia', 'Sighseeing', 'Torre Lamberti', 'Museo Conte', 'Museo Radio']",Torre Lamberti,strategy_nearest,True,0.0032341480255126953,success
040431429C4C81,0,"['Arena', 'Museo Lapidario']",Casa Giulietta,"['Centro Fotografia', 'Sighseeing', 'Torre Lamberti', 'Museo Conte', 'Museo Radio']",Torre Lamberti,strategy_nearest,True,0.003390789031982422,success
04043B3A9C4C81,2,['Casa Giulietta'],Santa Anastasia,"['AMO', 'Museo Conte', 'Palazzo della Ragione', 'Teatro Romano', 'Centro Fotografia']",Teatro Romano,strategy_nearest,True,0.0030667781829833984,success
040435429C4C81,1,"['Arena', 'Palazzo della Ragione']",Torre Lamberti,"['Sighseeing', 'Centro Fotografia', 'Museo Conte', 'Casa Giulietta', 'AMO']",Santa Anastasia,strategy_nearest,False,0.002588987350463867,success
0404443A9C4C81,3,"['Duomo', 'Casa Giulietta']",Torre Lamberti,"['Sighseeing', 'Centro Fotografia', 'Museo Conte', 'Palazzo della Ragione', 'AMO']",Castelvecchio,strategy_nearest,False,0.0029981136322021484,success
040453429C4C81,2,['Torre Lamberti'],Santa Anastasia,"['AMO', 'Museo Conte', 'Palazzo della Ragione', 'Teatro Romano', 'Centro Fotografia']",Castelvecchio,strategy_nearest,False,0.0026619434356689453,success
040454429C4C81,3,"['Castelvecchio', 'Arena']",Santa Anastasia,"['AMO', 'Museo Conte', 'Palazzo della Ragione', 'Teatro Romano', 'Centro Fotografia']",Giardino Giusti,strategy_nearest,False,0.0025670528411865234,success
0404603A9C4C81,3,"['Arena', 'Castelvecchio']",Santa Anastasia,"['AMO', 'Museo Conte', 'Palazzo della Ragione', 'Teatro Romano', 'Centro Fotografia']",Casa Giulietta,strategy_nearest,False,0.0026950836181640625,success
0404623A9C4C81,1,"['Arena', 'Palazzo della Ragione']",Torre Lamberti,"['Sighseeing', 'Centro Fotografia', 'Museo Conte', 'Casa Giulietta', 'AMO']",Santa Anastasia,strategy_nearest,False,0.0031740665435791016,success
040464429C4C81,1,"['Castelvecchio', 'San Fermo', 'Casa Giulietta']",Palazzo della Ragione,"['AMO', 'Museo Conte', 'Torre Lamberti', 'Centro Fotografia', 'Sighseeing']",Torre Lamberti,strategy_nearest,True,0.0031366348266601562,success
04046A429C4C81,3,"['Torre Lamberti', 'Santa Anastasia', 'Duomo']",San Fermo,"['Museo Storia', 'Museo Radio', 'Casa Giulietta', 'Centro Fotografia', 'Arena']",Museo Storia,strategy_nearest,True,0.002605915069580078,success
040470429C4C81,3,"['Casa Giulietta', 'Santa Anastasia']",Teatro Romano,"['Duomo', 'AMO', 'Palazzo della Ragione', 'Museo Conte', 'Centro Fotografia']",Duomo,strategy_nearest,True,0.003175020217895508,success
0404733A9C4C81,3,"['Arena', 'Teatro Romano']",Santa Anastasia,"['AMO', 'Museo Conte', 'Palazzo della Ragione', 'Centro Fotografia', 'Duomo']",Casa Giulietta,strategy_nearest,False,0.003507852554321289,success
0404773A9C4C81,0,['Arena'],Castelvecchio,"['Museo Lapidario', 'Verona Tour', 'Museo Radio', 'San Zeno', 'Sighseeing']",Casa Giulietta,strategy_nearest,False,0.002446889877319336,success
0404753A9C4C81,3,"['Arena', 'Casa Giulietta', 'Tomba Giulietta']",Museo Storia,"['San Fermo', 'Museo Radio', 'Centro Fotografia', 'Torre Lamberti', 'Sighseeing']",San Fermo,strategy_nearest,True,0.0031371116638183594,success
04047F4A9C4C81,3,"['Arena', 'Casa Giulietta']",Torre Lamberti,"['Sighseeing', 'Centro Fotografia', 'Museo Conte', 'Palazzo della Ragione', 'AMO']",Duomo,strategy_nearest,False,0.0030050277709960938,success
040480429C4C81,3,"['Arena', 'San Fermo', 'Torre Lamberti']",Santa Anastasia,"['AMO', 'Museo Conte', 'Palazzo della Ragione', 'Teatro Romano', 'Centro Fotografia']",Teatro Romano,strategy_nearest,True,0.0027992725372314453,success
040482429C4C81,1,['Arena'],Casa Giulietta,"['Centro Fotografia', 'Sighseeing', 'Torre Lamberti', 'Museo Conte', 'Museo Radio']",Torre Lamberti,strategy_nearest,True,0.001980304718017578,success
04048A429C4C81,0,"['Arena', 'Casa Giulietta']",Torre Lamberti,"['Sighseeing', 'Centro Fotografia', 'Museo Conte', 'Palazzo della Ragione', 'AMO']",Teatro Romano,strategy_nearest,False,0.0031087398529052734,success
0404A0429C4C81,0,['Arena'],Casa Giulietta,"['Centro Fotografia', 'Sighseeing', 'Torre Lamberti', 'Museo Conte', 'Museo Radio']",Duomo,strategy_nearest,False,0.004127025604248047,success
0404A34A9C4C81,0,['Museo Lapidario'],Arena,"['Verona Tour', 'Museo Radio', 'San Fermo', 'Casa Giulietta', 'Sighseeing']",Casa Giulietta,strategy_nearest,True,0.0020639896392822266,success
0404B1429C4C81,0,"['Torre Lamberti', 'Arena']",Castelvecchio,"['Museo Lapidario', 'Verona Tour', 'Museo Radio', 'San Zeno', 'Sighseeing']",San Zeno,strategy_nearest,True,0.0026900768280029297,success
0404AA4A9C4C81,3,"['Arena', 'Santa Anastasia']",Teatro Romano,"['Duomo', 'AMO', 'Palazzo della Ragione', 'Museo Conte', 'Centro Fotografia']",Torre Lamberti,strategy_nearest,False,0.0033588409423828125,success
0404D53A9C4C81,3,"['Tomba Giulietta', 'Teatro Romano', 'Duomo', 'Santa Anastasia']",Torre Lamberti,"['Sighseeing', 'Centro Fotografia', 'Museo Conte', 'Casa Giulietta', 'Palazzo della Ragione']",Arena,strategy_nearest,False,0.0020830631256103516,success
0404CC3A9C4C81,1,['Arena'],Casa Giulietta,"['Centro Fotografia', 'Sighseeing', 'Torre Lamberti', 'Museo Conte', 'Museo Radio']",Torre Lamberti,strategy_nearest,True,0.002733945846557617,success
0404D63A9C4C81,2,"['Casa Giulietta', 'Torre Lamberti']",Palazzo della Ragione,"['AMO', 'Museo Conte', 'Centro Fotografia', 'Sighseeing', 'Santa Anastasia']",Santa Anastasia,strategy_nearest,True,0.002602815628051758,success
0404CB3A9C4C81,1,['Arena'],Casa Giulietta,"['Centro Fotografia', 'Sighseeing', 'Torre Lamberti', 'Museo Conte', 'Museo Radio']",Palazzo della Ragione,strategy_nearest,False,0.0047266483306884766,success
0404D9429C4C81,1,"['Torre Lamberti', 'Palazzo della Ragione', 'Arena']",Casa Giulietta,"['Centro Fotografia', 'Sighseeing', 'Museo Conte', 'Museo Radio', 'San Fermo']",Museo Lapidario,strategy_nearest,False,0.002402067184448242,success
0404DD429C4C81,0,"['Torre Lamberti', 'Casa Giulietta']",Arena,"['Verona Tour', 'Museo Lapidario', 'Museo Radio', 'San Fermo', 'Sighseeing']",Castelvecchio,strategy_nearest,False,0.002541065216064453,success
0404DE3A9C4C81,3,"['San Fermo', 'Torre Lamberti']",Santa Anastasia,"['AMO', 'Museo Conte', 'Palazzo della Ragione', 'Teatro Romano', 'Centro Fotografia']",Duomo,strategy_nearest,False,0.0027341842651367188,success
0404E03A9C4C81,3,['Arena'],Torre Lamberti,"['Sighseeing', 'Centro Fotografia', 'Museo Conte', 'Casa Giulietta', 'Palazzo della Ragione']",Teatro Romano,strategy_nearest,False,0.003283262252807617,success
0404EB429C4C81,2,['San Fermo'],Teatro Romano,"['Santa Anastasia', 'Duomo', 'AMO', 'Palazzo della Ragione', 'Museo Conte']",San Zeno,strategy_nearest,False,0.002485990524291992,success
0404E63A9C4C81,3,"['Casa Giulietta', 'Arena', 'San Zeno']",Torre Lamberti,"['Sighseeing', 'Centro Fotografia', 'Museo Conte', 'Palazzo della Ragione', 'AMO']",Teatro Romano,strategy_nearest,False,0.003525972366333008,success
0404EC3A9C4C81,0,['Arena'],Santa Anastasia,"['AMO', 'Museo Conte', 'Palazzo della Ragione', 'Teatro Romano', 'Centro Fotografia']",Casa Giulietta,strategy_nearest,False,0.0033388137817382812,success
040506429C4C85,1,"['Castelvecchio', 'Arena']",Torre Lamberti,"['Sighseeing', 'Centro Fotografia', 'Museo Conte', 'Casa Giulietta', 'Palazzo della Ragione']",Palazzo della Ragione,strategy_nearest,True,0.0017902851104736328,success
0404FA429C4C81,1,"['Casa Giulietta', 'Torre Lamberti', 'San Zeno']",Arena,"['Verona Tour', 'Museo Lapidario', 'Museo Radio', 'San Fermo', 'Sighseeing']",Castelvecchio,strategy_nearest,False,0.003329038619995117,success
0405023A9C4C85,0,['Casa Giulietta'],Castelvecchio,"['Museo Lapidario', 'Verona Tour', 'Arena', 'Museo Radio', 'San Zeno']",Arena,strategy_nearest,True,0.0034198760986328125,success
04052D3A9C4C81,0,['Torre Lamberti'],Castelvecchio,"['Museo Lapidario', 'Verona Tour', 'Arena', 'Museo Radio', 'San Zeno']",Arena,strategy_nearest,True,0.0029840469360351562,success
04052E3A9C4C81,3,['Arena'],Casa Giulietta,"['Centro Fotografia', 'Sighseeing', 'Torre Lamberti', 'Museo Conte', 'Museo Radio']",Santa Anastasia,strategy_nearest,False,0.0029523372650146484,success
0405314A9C4C81,0,"['Torre Lamberti', 'Casa Giulietta']",Arena,"['Verona Tour', 'Museo Lapidario', 'Museo Radio', 'San Fermo', 'Sighseeing']",Castelvecchio,strategy_nearest,False,0.003620147705078125,success
040538429C4C81,3,"['San Fermo', 'Arena']",Santa Anastasia,"['AMO', 'Museo Conte', 'Palazzo della Ragione', 'Teatro Romano', 'Centro Fotografia']",Teatro Romano,strategy_nearest,True,0.003339052200317383,success
0405304A9C4C81,1,['Arena'],Casa Giulietta,"['Centro Fotografia', 'Sighseeing', 'Torre Lamberti', 'Museo Conte', 'Museo Radio']",Palazzo della Ragione,strategy_nearest,False,0.0037279129028320312,success
0405403A9C4C81,0,"['Arena', 'Casa Giulietta']",Torre Lamberti,"['Sighseeing', 'Centro Fotografia', 'Museo Conte', 'Palazzo della Ragione', 'AMO']",Giardino Giusti,strategy_nearest,False,0.0017919540405273438,success
040540429C4C81,1,"['Arena', 'Casa Giulietta', 'Torre Lamberti']",Palazzo della Ragione,"['AMO', 'Museo Conte', 'Centro Fotografia', 'Sighseeing', 'Santa Anastasia']",Castelvecchio,strategy_nearest,False,0.002680063247680664,success
040555429C4C81,0,['Arena'],Casa Giulietta,"['Centro Fotografia', 'Sighseeing', 'Torre Lamberti', 'Museo Conte', 'Museo Radio']",Torre Lamberti,strategy_nearest,True,0.002772092819213867,success
040545429C4C81,4,"['Arena', 'Museo Radio']",Museo Storia,"['San Fermo', 'Casa Giulietta', 'Centro Fotografia', 'Tomba Giulietta', 'Torre Lamberti']",Casa Giulietta,strategy_nearest,True,0.0027132034301757812,success
0405573A9C4C81,0,['Arena'],Castelvecchio,"['Museo Lapidario', 'Verona Tour', 'Museo Radio', 'San Zeno', 'Sighseeing']",Torre Lamberti,strategy_nearest,False,0.003183126449584961,success
040558429C4C81,0,"['Arena', 'San Fermo']",Castelvecchio,"['Museo Lapidario', 'Verona Tour', 'Museo Radio', 'San Zeno', 'Sighseeing']",Giardino Giusti,strategy_nearest,False,0.0031969547271728516,success
040560429C4C81,3,"['Casa Giulietta', 'Torre Lamberti', 'Arena', 'Castelvecchio']",San Zeno,"['Verona Tour', 'Museo Lapidario', 'Museo Miniscalchi', 'Sighseeing', 'Museo Radio']",San Fermo,strategy_nearest,False,0.0015079975128173828,success
040564429C4C81,2,"['Museo Lapidario', 'Santa Anastasia']",Teatro Romano,"['Duomo', 'AMO', 'Palazzo della Ragione', 'Museo Conte', 'Centro Fotografia']",San Fermo,strategy_nearest,False,0.0021791458129882812,success
04055F3A9C4C81,0,"['Arena', 'Casa Giulietta']",Torre Lamberti,"['Sighseeing', 'Centro Fotografia', 'Museo Conte', 'Palazzo della Ragione', 'AMO']",Castelvecchio,strategy_nearest,False,0.0036737918853759766,success
040566429C4C81,0,['Arena'],Torre Lamberti,"['Sighseeing', 'Centro Fotografia', 'Museo Conte', 'Casa Giulietta', 'Palazzo della Ragione']",Castelvecchio,strategy_nearest,False,0.0031828880310058594,success
0405844A9C4C81,1,"['Arena', 'Castelvecchio', 'Casa Giulietta']",Duomo,"['AMO', 'Museo Miniscalchi', 'Santa Anastasia', 'Teatro Romano', 'Palazzo della Ragione']",Teatro Romano,strategy_nearest,True,0.0019030570983886719,success
04056C429C4C81,0,['Arena'],San Zeno,"['Castelvecchio', 'Verona Tour', 'Museo Lapidario', 'Museo Miniscalchi', 'Sighseeing']",Castelvecchio,strategy_nearest,True,0.003241300582885742,success
0405773A9C4C81,0,['Arena'],Castelvecchio,"['Museo Lapidario', 'Verona Tour', 'Museo Radio', 'San Zeno', 'Sighseeing']",San Zeno,strategy_nearest,True,0.0032482147216796875,success
0405884A9C4C81,1,"['Arena', 'Casa Giulietta']",Santa Anastasia,"['AMO', 'Museo Conte', 'Palazzo della Ragione', 'Teatro Romano', 'Centro Fotografia']",Torre Lamberti,strategy_nearest,False,0.002441883087158203,success
04058D4A9C4C81,2,['Casa Giulietta'],Torre Lamberti,"['Sighseeing', 'Centro Fotografia', 'Museo Conte', 'Palazzo della Ragione', 'AMO']",Castelvecchio,strategy_nearest,False,0.002655029296875,success
04058C3A9C4C81,1,['Casa Giulietta'],Arena,"['Verona Tour', 'Museo Lapidario', 'Museo Radio', 'San Fermo', 'Sighseeing']",Palazzo della Ragione,strategy_nearest,False,0.004187822341918945,success
04059F4A9C4C81,0,['Arena'],Casa Giulietta,"['Centro Fotografia', 'Sighseeing', 'Torre Lamberti', 'Museo Conte', 'Museo Radio']",Torre Lamberti,strategy_nearest,True,0.0025680065155029297,success
0405A93A9C4C81,2,['Torre Lamberti'],Santa Anastasia,"['AMO', 'Museo Conte', 'Palazzo della Ragione', 'Teatro Romano', 'Centro Fotografia']",Duomo,strategy_nearest,False,0.002850055694580078,success
0405AC429C4C81,0,"['Teatro Romano', 'Casa Giulietta']",Torre Lamberti,"['Sighseeing', 'Centro Fotografia', 'Museo Conte', 'Palazzo della Ragione', 'AMO']",Arena,strategy_nearest,False,0.0024220943450927734,success
0405AB3A9C4C81,3,['Arena'],Casa Giulietta,"['Centro Fotografia', 'Sighseeing', 'Torre Lamberti', 'Museo Conte', 'Museo Radio']",Torre Lamberti,strategy_nearest,True,0.0031850337982177734,success
0405B1429C4C81,0,['Arena'],Casa Giulietta,"['Centro Fotografia', 'Sighseeing', 'Torre Lamberti', 'Museo Conte', 'Museo Radio']",Giardino Giusti,strategy_nearest,False,0.0026988983154296875,success
0405B43A9C4C81,2,"['Casa Giulietta', 'Palazzo della Ragione']",Torre Lamberti,"['Sighseeing', 'Centro Fotografia', 'Museo Conte', 'AMO', 'Museo Miniscalchi']",Santa Anastasia,strategy_nearest,False,0.003195047378540039,success
0405BB429C4C81,2,"['Duomo', 'Torre Lamberti']",Palazzo della Ragione,"['AMO', 'Museo Conte', 'Centro Fotografia', 'Sighseeing', 'Santa Anastasia']",Casa Giulietta,strategy_nearest,False,0.0042307376861572266,success
0405B83A9C4C81,0,['Arena'],Tomba Giulietta,"['San Fermo', 'Museo Storia', 'Museo Lapidario', 'Museo Radio', 'Verona Tour']",Giardino Giusti,strategy_nearest,False,0.0028548240661621094,success
0405C1429C4C81,1,['Arena'],Casa Giulietta,"['Centro Fotografia', 'Sighseeing', 'Torre Lamberti', 'Museo Conte', 'Museo Radio']",Torre Lamberti,strategy_nearest,True,0.0030770301818847656,success
0405BF429C4C81,1,"['Arena', 'Torre Lamberti']",Palazzo della Ragione,"['AMO', 'Museo Conte', 'Centro Fotografia', 'Sighseeing', 'Santa Anastasia']",Duomo,strategy_nearest,False,0.0027840137481689453,success
0405E13A9C4C81,3,"['Casa Giulietta', 'Santa Anastasia']",Teatro Romano,"['Duomo', 'AMO', 'Palazzo della Ragione', 'Museo Conte', 'Centro Fotografia']",Arena,strategy_nearest,False,0.002789735794067383,success
0405E73A9C4C81,1,['San Fermo'],Palazzo della Ragione,"['AMO', 'Museo Conte', 'Torre Lamberti', 'Centro Fotografia', 'Sighseeing']",Arena,strategy_nearest,False,0.0027992725372314453,success
0405E93A9C4C81,1,"['Arena', 'Castelvecchio', 'San Zeno', 'Duomo']",Santa Anastasia,"['AMO', 'Museo Conte', 'Palazzo della Ragione', 'Teatro Romano', 'Centro Fotografia']",Palazzo della Ragione,strategy_nearest,True,0.0031020641326904297,success
0405D1429C4C81,1,"['Torre Lamberti', 'Palazzo della Ragione', 'Casa Giulietta', 'Duomo']",Giardino Giusti,"['Santa Anastasia', 'Teatro Romano', 'Museo Conte', 'Centro Fotografia', 'Museo Storia']",Arena,strategy_nearest,False,0.001967191696166992,success
0405EB3A9C4C81,3,"['Arena', 'San Fermo']",Torre Lamberti,"['Sighseeing', 'Centro Fotografia', 'Museo Conte', 'Casa Giulietta', 'Palazzo della Ragione']",Santa Anastasia,strategy_nearest,False,0.00244903564453125,success
0406A54A9C4C81,1,['Arena'],Torre Lamberti,"['Sighseeing', 'Centro Fotografia', 'Museo Conte', 'Casa Giulietta', 'Palazzo della Ragione']",Palazzo della Ragione,strategy_nearest,True,0.0026617050170898438,success
0405F33A9C4C81,1,"['Arena', 'Casa Giulietta', 'Torre Lamberti', 'Palazzo della Ragione']",Santa Anastasia,"['AMO', 'Museo Conte', 'Teatro Romano', 'Centro Fotografia', 'Duomo']",Duomo,strategy_nearest,True,0.0027289390563964844,success
0406413A9C4C81,3,"['San Zeno', 'Castelvecchio', 'Santa Anastasia']",Duomo,"['AMO', 'Museo Miniscalchi', 'Teatro Romano', 'Palazzo della Ragione', 'Museo Conte']",Teatro Romano,strategy_nearest,True,0.0033681392669677734,success
04072E3A9C4C81,1,"['Arena', 'San Fermo']",Casa Giulietta,"['Centro Fotografia', 'Sighseeing', 'Torre Lamberti', 'Museo Conte', 'Museo Radio']",Torre Lamberti,strategy_nearest,True,0.0017809867858886719,success
0406A64A9C4C81,1,"['Arena', 'Torre Lamberti']",Palazzo della Ragione,"['AMO', 'Museo Conte', 'Centro Fotografia', 'Sighseeing', 'Santa Anastasia']",Casa Giulietta,strategy_nearest,False,0.0026738643646240234,success
04072C3A9C4C81,0,['Castelvecchio'],Arena,"['Verona Tour', 'Museo Lapidario', 'Museo Radio', 'San Fermo', 'Casa Giulietta']",Casa Giulietta,strategy_nearest,True,0.0032911300659179688,success
040745429C4C81,1,"['Casa Giulietta', 'Torre Lamberti', 'Palazzo della Ragione', 'Castelvecchio']",San Fermo,"['Museo Storia', 'Museo Radio', 'Centro Fotografia', 'Arena', 'Sighseeing']",Teatro Romano,strategy_nearest,False,0.0013420581817626953,success
040730429C4C81,0,['Arena'],Casa Giulietta,"['Centro Fotografia', 'Sighseeing', 'Torre Lamberti', 'Museo Conte', 'Museo Radio']",Torre Lamberti,strategy_nearest,True,0.002825021743774414,success
0407354A9C4C81,1,"['Arena', 'Torre Lamberti', 'Palazzo della Ragione']",Casa Giulietta,"['Centro Fotografia', 'Sighseeing', 'Museo Conte', 'Museo Radio', 'San Fermo']",Teatro Romano,strategy_nearest,False,0.003443002700805664,success
0407513A9C4C81,3,"['Castelvecchio', 'Arena']",Museo Lapidario,"['Verona Tour', 'Museo Radio', 'San Fermo', 'Casa Giulietta', 'Tomba Giulietta']",Santa Anastasia,strategy_nearest,False,0.003034830093383789,success
040755429C4C81,0,['Castelvecchio'],Casa Giulietta,"['Centro Fotografia', 'Sighseeing', 'Torre Lamberti', 'Museo Conte', 'Museo Radio']",Arena,strategy_nearest,False,0.0022199153900146484,success
040765429C4C81,3,['Torre Lamberti'],Casa Giulietta,"['Centro Fotografia', 'Sighseeing', 'Museo Conte', 'Museo Radio', 'Palazzo della Ragione']",Arena,strategy_nearest,False,0.003397226333618164,success
0407563A9C4C81,0,['Arena'],Torre Lamberti,"['Sighseeing', 'Centro Fotografia', 'Museo Conte', 'Casa Giulietta', 'Palazzo della Ragione']",Casa Giulietta,strategy_nearest,True,0.002565145492553711,success
04076D3A9C4C81,4,"['Torre Lamberti', 'Palazzo della Ragione', 'Casa Giulietta']",Museo Radio,"['San Fermo', 'Arena', 'Sighseeing', 'Centro Fotografia', 'Verona Tour']",Tomba Giulietta,strategy_nearest,False,0.00308990478515625,success
040771429C4C81,3,"['Arena', 'Torre Lamberti', 'Casa Giulietta']",Santa Anastasia,"['AMO', 'Museo Conte', 'Palazzo della Ragione', 'Teatro Romano', 'Centro Fotografia']",Teatro Romano,strategy_nearest,True,0.003010988235473633,success
0407783A9C4C81,2,['Castelvecchio'],Torre Lamberti,"['Sighseeing', 'Centro Fotografia', 'Museo Conte', 'Casa Giulietta', 'Palazzo della Ragione']",Palazzo della Ragione,strategy_nearest,True,0.0021398067474365234,success
0407753A9C4C81,1,"['Casa Giulietta', 'Palazzo della Ragione']",Santa Anastasia,"['AMO', 'Museo Conte', 'Teatro Romano', 'Centro Fotografia', 'Duomo']",San Zeno,strategy_nearest,False,0.0030090808868408203,success
04078E3A9C4C81,0,['Arena'],Casa Giulietta,"['Centro Fotografia', 'Sighseeing', 'Torre Lamberti', 'Museo Conte', 'Museo Radio']",Tomba Giulietta,strategy_nearest,False,0.003206968307495117,success
040789429C4C81,1,"['Arena', 'Casa Giulietta']",Palazzo della Ragione,"['AMO', 'Museo Conte', 'Torre Lamberti', 'Centro Fotografia', 'Sighseeing']",Torre Lamberti,strategy_nearest,True,0.002691030502319336,success
040792429C4C81,3,"['Museo Lapidario', 'San Zeno']",Teatro Romano,"['Santa Anastasia', 'Duomo', 'AMO', 'Palazzo della Ragione', 'Museo Conte']",Arena,strategy_nearest,False,0.0027570724487304688,success
040797429C4C81,3,"['Arena', 'Torre Lamberti']",Casa Giulietta,"['Centro Fotografia', 'Sighseeing', 'Museo Conte', 'Museo Radio', 'Palazzo della Ragione']",San Fermo,strategy_nearest,False,0.0024950504302978516,success
04079D429C4C80,3,"['Arena', 'Casa Giulietta']",Torre Lamberti,"['Sighseeing', 'Centro Fotografia', 'Museo Conte', 'Palazzo della Ragione', 'AMO']",Santa Anastasia,strategy_nearest,False,0.002807140350341797,success
04079B4A9C4C81,1,"['Arena', 'Museo Lapidario', 'San Fermo']",Duomo,"['AMO', 'Museo Miniscalchi', 'Santa Anastasia', 'Teatro Romano', 'Palazzo della Ragione']",Palazzo della Ragione,strategy_nearest,True,0.0027379989624023438,success
04079F429C4C81,0,['Arena'],Casa Giulietta,"['Centro Fotografia', 'Sighseeing', 'Torre Lamberti', 'Museo Conte', 'Museo Radio']",Torre Lamberti,strategy_nearest,True,0.0031731128692626953,success
0407A64A9C4C81,0,['Arena'],Casa Giulietta,"['Centro Fotografia', 'Sighseeing', 'Torre Lamberti', 'Museo Conte', 'Museo Radio']",Duomo,strategy_nearest,False,0.0024099349975585938,success
0407A9429C4C81,0,"['Arena', 'Castelvecchio']",Torre Lamberti,"['Sighseeing', 'Centro Fotografia', 'Museo Conte', 'Casa Giulietta', 'Palazzo della Ragione']",Casa Giulietta,strategy_nearest,True,0.002641916275024414,success
0407A84A9C4C80,0,['Arena'],Castelvecchio,"['Museo Lapidario', 'Verona Tour', 'Museo Radio', 'San Zeno', 'Sighseeing']",Torre Lamberti,strategy_nearest,False,0.0020380020141601562,success
0407B0429C4C81,2,"['San Fermo', 'Santa Anastasia']",Duomo,"['AMO', 'Museo Miniscalchi', 'Teatro Romano', 'Palazzo della Ragione', 'Museo Conte']",Castelvecchio,strategy_nearest,False,0.003086090087890625,success
0407AA4A9C4C80,3,"['Arena', 'Torre Lamberti']",Santa Anastasia,"['AMO', 'Museo Conte', 'Palazzo della Ragione', 'Teatro Romano', 'Centro Fotografia']",Giardino Giusti,strategy_nearest,False,0.0026710033416748047,success
0407B43A9C4C81,3,"['Arena', 'Casa Giulietta', 'San Fermo']",Torre Lamberti,"['Sighseeing', 'Centro Fotografia', 'Museo Conte', 'Palazzo della Ragione', 'AMO']",Duomo,strategy_nearest,False,0.0024077892303466797,success
0407BF3A9C4C81,1,"['Arena', 'Palazzo della Ragione']",Torre Lamberti,"['Sighseeing', 'Centro Fotografia', 'Museo Conte', 'Casa Giulietta', 'AMO']",Santa Anastasia,strategy_nearest,False,0.002357959747314453,success
0407B93A9C4C81,3,"['Arena', 'Museo Lapidario']",Santa Anastasia,"['AMO', 'Museo Conte', 'Palazzo della Ragione', 'Teatro Romano', 'Centro Fotografia']",Duomo,strategy_nearest,False,0.0032858848571777344,success
0407CF429C4C81,0,"['Torre Lamberti', 'Casa Giulietta']",Castelvecchio,"['Museo Lapidario', 'Verona Tour', 'Arena', 'Museo Radio', 'San Zeno']",Arena,strategy_nearest,True,0.0024302005767822266,success
0407CA3A9C4C81,1,"['Arena', 'Tomba Giulietta', 'San Fermo']",Casa Giulietta,"['Centro Fotografia', 'Sighseeing', 'Torre Lamberti', 'Museo Conte', 'Museo Radio']",Torre Lamberti,strategy_nearest,True,0.003359079360961914,success
0407DB3A9C4C81,0,"['Tomba Giulietta', 'Arena']",Casa Giulietta,"['Centro Fotografia', 'Sighseeing', 'Torre Lamberti', 'Museo Conte', 'Museo Radio']",Castelvecchio,strategy_nearest,False,0.0019638538360595703,success
0407EC3A9C4C81,3,"['Arena', 'Casa Giulietta', 'Torre Lamberti']",Santa Anastasia,"['AMO', 'Museo Conte', 'Palazzo della Ragione', 'Teatro Romano', 'Centro Fotografia']",Duomo,strategy_nearest,False,0.0030820369720458984,success
0407EA429C4C81,3,"['Arena', 'Castelvecchio', 'Torre Lamberti']",Casa Giulietta,"['Centro Fotografia', 'Sighseeing', 'Museo Conte', 'Museo Radio', 'Palazzo della Ragione']",Santa Anastasia,strategy_nearest,False,0.0025331974029541016,success
0407F83A9C4C81,0,['Arena'],Casa Giulietta,"['Centro Fotografia', 'Sighseeing', 'Torre Lamberti', 'Museo Conte', 'Museo Radio']",Torre Lamberti,strategy_nearest,True,0.0033071041107177734,success
0408003A9C4C85,0,['Arena'],Casa Giulietta,"['Centro Fotografia', 'Sighseeing', 'Torre Lamberti', 'Museo Conte', 'Museo Radio']",Torre Lamberti,strategy_nearest,True,0.0019178390502929688,success
0407FC3A9C4C81,3,"['Arena', 'Museo Lapidario', 'Casa Giulietta']",Torre Lamberti,"['Sighseeing', 'Centro Fotografia', 'Museo Conte', 'Palazzo della Ragione', 'AMO']",Duomo,strategy_nearest,False,0.002583026885986328,success
04082F429C4C81,2,"['Torre Lamberti', 'Teatro Romano']",Duomo,"['AMO', 'Museo Miniscalchi', 'Santa Anastasia', 'Palazzo della Ragione', 'Museo Conte']",Castelvecchio,strategy_nearest,False,0.0018696784973144531,success
040803429C4C85,4,"['Castelvecchio', 'Torre Lamberti', 'Palazzo della Ragione']",Casa Giulietta,"['Centro Fotografia', 'Sighseeing', 'Museo Conte', 'Museo Radio', 'San Fermo']",Arena,strategy_nearest,False,0.0031948089599609375,success
040806429C4C85,1,"['Teatro Romano', 'Duomo', 'Arena', 'Tomba Giulietta']",San Fermo,"['Museo Storia', 'Museo Radio', 'Casa Giulietta', 'Centro Fotografia', 'Sighseeing']",Casa Giulietta,strategy_nearest,True,0.0038928985595703125,success
040831429C4C81,1,"['Castelvecchio', 'Tomba Giulietta']",Torre Lamberti,"['Sighseeing', 'Centro Fotografia', 'Museo Conte', 'Casa Giulietta', 'Palazzo della Ragione']",Palazzo della Ragione,strategy_nearest,True,0.0030541419982910156,success
04084E3A9C4C81,3,"['Arena', 'Torre Lamberti']",Santa Anastasia,"['AMO', 'Museo Conte', 'Palazzo della Ragione', 'Teatro Romano', 'Centro Fotografia']",Duomo,strategy_nearest,False,0.0019588470458984375,success
04083F3A9C4C81,3,"['San Fermo', 'Museo Storia']",Casa Giulietta,"['Centro Fotografia', 'Sighseeing', 'Torre Lamberti', 'Museo Conte', 'Museo Radio']",Arena,strategy_nearest,False,0.002765655517578125,success
04084D3A9C4C81,0,['Arena'],Castelvecchio,"['Museo Lapidario', 'Verona Tour', 'Museo Radio', 'San Zeno', 'Sighseeing']",Duomo,strategy_nearest,False,0.003331899642944336,success
040844429C4C81,2,['San Fermo'],Casa Giulietta,"['Centro Fotografia', 'Sighseeing', 'Torre Lamberti', 'Museo Conte', 'Museo Radio']",Castelvecchio,strategy_nearest,False,0.0027680397033691406,success
040854429C4C81,2,"['San Zeno', 'Castelvecchio']",Duomo,"['AMO', 'Museo Miniscalchi', 'Santa Anastasia', 'Teatro Romano', 'Palazzo della Ragione']",Torre Lamberti,strategy_nearest,False,0.0013267993927001953,success
040852429C4C81,0,"['Arena', 'Casa Giulietta']",Duomo,"['AMO', 'Museo Miniscalchi', 'Santa Anastasia', 'Teatro Romano', 'Palazzo della Ragione']",Teatro Romano,strategy_nearest,True,0.0027017593383789062,success
040850429C4C81,3,"['Museo Storia', 'San Fermo', 'Torre Lamberti']",Duomo,"['AMO', 'Museo Miniscalchi', 'Santa Anastasia', 'Teatro Romano', 'Palazzo della Ragione']",Castelvecchio,strategy_nearest,False,0.0033271312713623047,success
04085B3A9C4C81,3,"['Arena', 'Tomba Giulietta', 'San Fermo', 'Casa Giulietta']",Torre Lamberti,"['Sighseeing', 'Centro Fotografia', 'Museo Conte', 'Palazzo della Ragione', 'AMO']",Santa Anastasia,strategy_nearest,False,0.00323486328125,success
0408723A9C4C81,1,"['Arena', 'Palazzo della Ragione']",Torre Lamberti,"['Sighseeing', 'Centro Fotografia', 'Museo Conte', 'Casa Giulietta', 'AMO']",Casa Giulietta,strategy_nearest,True,0.0039031505584716797,success
04085F429C4C81,0,"['Castelvecchio', 'Arena']",Casa Giulietta,"['Centro Fotografia', 'Sighseeing', 'Torre Lamberti', 'Museo Conte', 'Museo Radio']",Duomo,strategy_nearest,False,0.0021848678588867188,success
0408643A9C4C81,0,"['Arena', 'Torre Lamberti', 'Casa Giulietta']",Tomba Giulietta,"['San Fermo', 'Museo Storia', 'Museo Lapidario', 'Museo Radio', 'Verona Tour']",Castelvecchio,strategy_nearest,False,0.003348112106323242,success
040874429C4C81,1,"['Arena', 'Torre Lamberti']",Palazzo della Ragione,"['AMO', 'Museo Conte', 'Centro Fotografia', 'Sighseeing', 'Santa Anastasia']",Casa Giulietta,strategy_nearest,False,0.002095937728881836,success
04087B4A9C4C81,3,"['Arena', 'Torre Lamberti']",Casa Giulietta,"['Centro Fotografia', 'Sighseeing', 'Museo Conte', 'Museo Radio', 'Palazzo della Ragione']",Santa Anastasia,strategy_nearest,False,0.0027239322662353516,success
040886429C4C81,0,"['Arena', 'Castelvecchio']",Duomo,"['AMO', 'Museo Miniscalchi', 'Santa Anastasia', 'Teatro Romano', 'Palazzo della Ragione']",Torre Lamberti,strategy_nearest,False,0.0020761489868164062,success
0408874A9C4C80,1,"['Arena', 'Torre Lamberti']",Palazzo della Ragione,"['AMO', 'Museo Conte', 'Centro Fotografia', 'Sighseeing', 'Santa Anastasia']",Casa Giulietta,strategy_nearest,False,0.00335693359375,success
040886429C4C80,1,"['Arena', 'Casa Giulietta', 'Palazzo della Ragione']",Torre Lamberti,"['Sighseeing', 'Centro Fotografia', 'Museo Conte', 'AMO', 'Museo Miniscalchi']",Santa Anastasia,strategy_nearest,False,0.0015113353729248047,success
0408883A9C4C81,1,"['Arena', 'Casa Giulietta', 'San Fermo']",Torre Lamberti,"['Sighseeing', 'Centro Fotografia', 'Museo Conte', 'Palazzo della Ragione', 'AMO']",Palazzo della Ragione,strategy_nearest,True,0.0027718544006347656,success
04088A3A9C4C81,1,"['Arena', 'Casa Giulietta', 'Teatro Romano']",Duomo,"['AMO', 'Museo Miniscalchi', 'Santa Anastasia', 'Palazzo della Ragione', 'Museo Conte']",Santa Anastasia,strategy_nearest,True,0.0017828941345214844,success
040896429C4C80,1,"['Arena', 'Casa Giulietta']",Torre Lamberti,"['Sighseeing', 'Centro Fotografia', 'Museo Conte', 'Palazzo della Ragione', 'AMO']",Palazzo della Ragione,strategy_nearest,True,0.0033440589904785156,success
04088E3A9C4C81,0,['Arena'],Casa Giulietta,"['Centro Fotografia', 'Sighseeing', 'Torre Lamberti', 'Museo Conte', 'Museo Radio']",Teatro Romano,strategy_nearest,False,0.0027010440826416016,success
040899429C4C81,1,['Arena'],Torre Lamberti,"['Sighseeing', 'Centro Fotografia', 'Museo Conte', 'Casa Giulietta', 'Palazzo della Ragione']",Palazzo della Ragione,strategy_nearest,True,0.003319978713989258,success
04089D429C4C80,0,['Arena'],Castelvecchio,"['Museo Lapidario', 'Verona Tour', 'Museo Radio', 'San Zeno', 'Sighseeing']",Duomo,strategy_nearest,False,0.002382993698120117,success
0408A3429C4C81,3,['Torre Lamberti'],Santa Anastasia,"['AMO', 'Museo Conte', 'Palazzo della Ragione', 'Teatro Romano', 'Centro Fotografia']",Duomo,strategy_nearest,False,0.0026710033416748047,success
0408A54A9C4C81,0,['Arena'],Casa Giulietta,"['Centro Fotografia', 'Sighseeing', 'Torre Lamberti', 'Museo Conte', 'Museo Radio']",Teatro Romano,strategy_nearest,False,0.0033462047576904297,success
0408A64A9C4C80,3,"['Arena', 'Casa Giulietta']",Torre Lamberti,"['Sighseeing', 'Centro Fotografia', 'Museo Conte', 'Palazzo della Ragione', 'AMO']",Teatro Romano,strategy_nearest,False,0.002744913101196289,success
0408A83A9C4C81,3,['Arena'],Torre Lamberti,"['Sighseeing', 'Centro Fotografia', 'Museo Conte', 'Casa Giulietta', 'Palazzo della Ragione']",Santa Anastasia,strategy_nearest,False,0.0027501583099365234,success
0408B0429C4C80,1,['Arena'],Casa Giulietta,"['Centro Fotografia', 'Sighseeing', 'Torre Lamberti', 'Museo Conte', 'Museo Radio']",Torre Lamberti,strategy_nearest,True,0.003310680389404297,success
0408B1429C4C81,0,['Arena'],Casa Giulietta,"['Centro Fotografia', 'Sighseeing', 'Torre Lamberti', 'Museo Conte', 'Museo Radio']",Palazzo della Ragione,strategy_nearest,False,0.00333404541015625,success
0408B43A9C4C81,0,['Arena'],Museo Lapidario,"['Verona Tour', 'Castelvecchio', 'Museo Radio', 'San Fermo', 'Casa Giulietta']",Teatro Romano,strategy_nearest,False,0.002547025680541992,success
0408C13A9C4C81,2,"['Torre Lamberti', 'Castelvecchio']",Duomo,"['AMO', 'Museo Miniscalchi', 'Santa Anastasia', 'Teatro Romano', 'Palazzo della Ragione']",Santa Anastasia,strategy_nearest,True,0.0020711421966552734,success
0408C8429C4C81,0,"['Arena', 'Casa Giulietta']",Torre Lamberti,"['Sighseeing', 'Centro Fotografia', 'Museo Conte', 'Palazzo della Ragione', 'AMO']",Duomo,strategy_nearest,False,0.0027358531951904297,success
0408CA429C4C81,0,['Duomo'],Arena,"['Verona Tour', 'Museo Lapidario', 'Museo Radio', 'San Fermo', 'Casa Giulietta']",Torre Lamberti,strategy_nearest,False,0.0034570693969726562,success
0408CC3A9C4C81,1,"['Arena', 'Castelvecchio']",Palazzo della Ragione,"['AMO', 'Museo Conte', 'Torre Lamberti', 'Centro Fotografia', 'Sighseeing']",Torre Lamberti,strategy_nearest,True,0.004097938537597656,success
0408D9429C4C81,0,"['Arena', 'Torre Lamberti']",Casa Giulietta,"['Centro Fotografia', 'Sighseeing', 'Museo Conte', 'Museo Radio', 'Palazzo della Ragione']",Castelvecchio,strategy_nearest,False,0.0032987594604492188,success
0408D23A9C4C81,1,"['Casa Giulietta', 'Arena']",Torre Lamberti,"['Sighseeing', 'Centro Fotografia', 'Museo Conte', 'Palazzo della Ragione', 'AMO']",Palazzo della Ragione,strategy_nearest,True,0.002087116241455078,success
0408E03A9C4C81,0,['Casa Giulietta'],Palazzo della Ragione,"['AMO', 'Museo Conte', 'Torre Lamberti', 'Centro Fotografia', 'Sighseeing']",Arena,strategy_nearest,False,0.003242015838623047,success
0408FF429C4C81,6,"['Torre Lamberti', 'Santa Anastasia', 'Duomo', 'Teatro Romano']",San Fermo,"['Museo Storia', 'Museo Radio', 'Casa Giulietta', 'Centro Fotografia', 'Arena']",Arena,strategy_nearest,True,0.0014791488647460938,success
0409013A9C4C85,3,"['Arena', 'San Fermo']",Torre Lamberti,"['Sighseeing', 'Centro Fotografia', 'Museo Conte', 'Casa Giulietta', 'Palazzo della Ragione']",Santa Anastasia,strategy_nearest,False,0.0021097660064697266,success
0408F1429C4C81,3,"['Arena', 'Casa Giulietta']",Santa Anastasia,"['AMO', 'Museo Conte', 'Palazzo della Ragione', 'Teatro Romano', 'Centro Fotografia']",Torre Lamberti,strategy_nearest,False,0.004269123077392578,success
040904429C4C85,4,"['Museo Lapidario', 'Arena', 'San Fermo', 'Tomba Giulietta', 'San Zeno']",Castelvecchio,"['Verona Tour', 'Museo Radio', 'Sighseeing', 'Museo Miniscalchi', 'Torre Lamberti']",Teatro Romano,strategy_nearest,False,0.003593921661376953,success
04092F3A9C4C81,0,['Castelvecchio'],Santa Anastasia,"['AMO', 'Museo Conte', 'Palazzo della Ragione', 'Teatro Romano', 'Centro Fotografia']",Arena,strategy_nearest,False,0.0026443004608154297,success
040933429C4C81,3,"['Arena', 'Torre Lamberti']",Casa Giulietta,"['Centro Fotografia', 'Sighseeing', 'Museo Conte', 'Museo Radio', 'Palazzo della Ragione']",Teatro Romano,strategy_nearest,False,0.002786874771118164,success
04092F429C4C81,1,"['Arena', 'Casa Giulietta', 'Torre Lamberti']",Palazzo della Ragione,"['AMO', 'Museo Conte', 'Centro Fotografia', 'Sighseeing', 'Santa Anastasia']",Santa Anastasia,strategy_nearest,True,0.0019960403442382812,success
04093D3A9C4C81,0,['Arena'],Duomo,"['AMO', 'Museo Miniscalchi', 'Santa Anastasia', 'Teatro Romano', 'Palazzo della Ragione']",Teatro Romano,strategy_nearest,True,0.003582000732421875,success
04093D429C4C81,0,['Casa Giulietta'],Arena,"['Verona Tour', 'Museo Lapidario', 'Museo Radio', 'San Fermo', 'Sighseeing']",Tomba Giulietta,strategy_nearest,False,0.0027201175689697266,success
0409423A9C4C81,1,"['Palazzo della Ragione', 'Casa Giulietta']",Arena,"['Verona Tour', 'Museo Lapidario', 'Museo Radio', 'San Fermo', 'Sighseeing']",Castelvecchio,strategy_nearest,False,0.003373861312866211,success
04093F429C4C81,1,"['Arena', 'Torre Lamberti']",Palazzo della Ragione,"['AMO', 'Museo Conte', 'Centro Fotografia', 'Sighseeing', 'Santa Anastasia']",Teatro Romano,strategy_nearest,False,0.0026628971099853516,success
0409483A9C4C81,0,['Duomo'],Casa Giulietta,"['Centro Fotografia', 'Sighseeing', 'Torre Lamberti', 'Museo Conte', 'Museo Radio']",Arena,strategy_nearest,False,0.001912832260131836,success
040950429C4C81,3,"['Arena', 'Casa Giulietta']",Torre Lamberti,"['Sighseeing', 'Centro Fotografia', 'Museo Conte', 'Palazzo della Ragione', 'AMO']",Tomba Giulietta,strategy_nearest,False,0.0027189254760742188,success
040946429C4C81,0,['Arena'],Teatro Romano,"['Santa Anastasia', 'Duomo', 'AMO', 'Palazzo della Ragione', 'Museo Conte']",Giardino Giusti,strategy_nearest,False,0.0026869773864746094,success
040955429C4C81,0,['Castelvecchio'],Arena,"['Verona Tour', 'Museo Lapidario', 'Museo Radio', 'San Fermo', 'Casa Giulietta']",Casa Giulietta,strategy_nearest,True,0.0033190250396728516,success
04095C429C4C81,0,['Castelvecchio'],Casa Giulietta,"['Centro Fotografia', 'Sighseeing', 'Torre Lamberti', 'Museo Conte', 'Museo Radio']",Arena,strategy_nearest,False,0.0018160343170166016,success
040959429C4C81,2,['Castelvecchio'],Duomo,"['AMO', 'Museo Miniscalchi', 'Santa Anastasia', 'Teatro Romano', 'Palazzo della Ragione']",Casa Giulietta,strategy_nearest,False,0.003114938735961914,success
04096D429C4C81,3,['Arena'],Casa Giulietta,"['Centro Fotografia', 'Sighseeing', 'Torre Lamberti', 'Museo Conte', 'Museo Radio']",Santa Anastasia,strategy_nearest,False,0.003306150436401367,success
0409673A9C4C81,3,"['Arena', 'Castelvecchio', 'San Zeno']",Torre Lamberti,"['Sighseeing', 'Centro Fotografia', 'Museo Conte', 'Casa Giulietta', 'Palazzo della Ragione']",Casa Giulietta,strategy_nearest,True,0.003294229507446289,success
0409854A9C4C80,0,['Casa Giulietta'],Torre Lamberti,"['Sighseeing', 'Centro Fotografia', 'Museo Conte', 'Palazzo della Ragione', 'AMO']",Arena,strategy_nearest,False,0.0031359195709228516,success
0409863A9C4C81,0,['Arena'],Castelvecchio,"['Museo Lapidario', 'Verona Tour', 'Museo Radio', 'San Zeno', 'Sighseeing']",Casa Giulietta,strategy_nearest,False,0.0012857913970947266,success
0409873A9C4C81,0,"['Arena', 'Casa Giulietta']",Torre Lamberti,"['Sighseeing', 'Centro Fotografia', 'Museo Conte', 'Palazzo della Ragione', 'AMO']",Giardino Giusti,strategy_nearest,False,0.0027570724487304688,success
040987429C4C81,0,['Castelvecchio'],Torre Lamberti,"['Sighseeing', 'Centro Fotografia', 'Museo Conte', 'Casa Giulietta', 'Palazzo della Ragione']",Casa Giulietta,strategy_nearest,True,0.00327301025390625,success
04098E3A9C4C81,0,['Arena'],Casa Giulietta,"['Centro Fotografia', 'Sighseeing', 'Torre Lamberti', 'Museo Conte', 'Museo Radio']",Torre Lamberti,strategy_nearest,True,0.002498149871826172,success
04099C429C4C80,3,"['Arena', 'Museo Lapidario', 'Castelvecchio']",Duomo,"['AMO', 'Museo Miniscalchi', 'Santa Anastasia', 'Teatro Romano', 'Palazzo della Ragione']",Santa Anastasia,strategy_nearest,True,0.0032279491424560547,success
0409A1429C4C80,2,['Casa Giulietta'],Santa Anastasia,"['AMO', 'Museo Conte', 'Palazzo della Ragione', 'Teatro Romano', 'Centro Fotografia']",Torre Lamberti,strategy_nearest,False,0.003951072692871094,success
0409A44A9C4C80,3,"['Arena', 'Torre Lamberti']",Santa Anastasia,"['AMO', 'Museo Conte', 'Palazzo della Ragione', 'Teatro Romano', 'Centro Fotografia']",Teatro Romano,strategy_nearest,True,0.005249977111816406,success
0409A54A9C4C81,0,"['Casa Giulietta', 'Arena']",Castelvecchio,"['Museo Lapidario', 'Verona Tour', 'Museo Radio', 'San Zeno', 'Sighseeing']",Torre Lamberti,strategy_nearest,False,0.002710103988647461,success
0409A772743381,2,"['Casa Giulietta', 'Torre Lamberti', 'Palazzo della Ragione']",Santa Anastasia,"['AMO', 'Museo Conte', 'Teatro Romano', 'Centro Fotografia', 'Duomo']",Teatro Romano,strategy_nearest,True,0.0040318965911865234,success
0409A8429C4C80,3,"['San Fermo', 'Duomo', 'Santa Anastasia']",Teatro Romano,"['AMO', 'Palazzo della Ragione', 'Museo Conte', 'Centro Fotografia', 'Museo Miniscalchi']",Casa Giulietta,strategy_nearest,False,0.0041081905364990234,success
0409A94A9C4C81,3,"['Museo Lapidario', 'Arena']",Castelvecchio,"['Verona Tour', 'Museo Radio', 'San Zeno', 'Sighseeing', 'Museo Miniscalchi']",Torre Lamberti,strategy_nearest,False,0.0025720596313476562,success
0409B23A9C4C81,0,['Castelvecchio'],Arena,"['Verona Tour', 'Museo Lapidario', 'Museo Radio', 'San Fermo', 'Casa Giulietta']",Giardino Giusti,strategy_nearest,False,0.0025980472564697266,success
0409AD429C4C81,3,['Duomo'],Santa Anastasia,"['AMO', 'Museo Conte', 'Palazzo della Ragione', 'Teatro Romano', 'Centro Fotografia']",Casa Giulietta,strategy_nearest,False,0.0034720897674560547,success
0409B3429C4C80,0,['Arena'],Casa Giulietta,"['Centro Fotografia', 'Sighseeing', 'Torre Lamberti', 'Museo Conte', 'Museo Radio']",Torre Lamberti,strategy_nearest,True,0.003025054931640625,success
0409BD3A9C4C81,1,['Casa Giulietta'],Castelvecchio,"['Museo Lapidario', 'Verona Tour', 'Arena', 'Museo Radio', 'San Zeno']",Arena,strategy_nearest,True,0.0023169517517089844,success
0409CE3A9C4C81,0,"['Castelvecchio', 'Arena']",Tomba Giulietta,"['San Fermo', 'Museo Storia', 'Museo Lapidario', 'Museo Radio', 'Verona Tour']",Torre Lamberti,strategy_nearest,False,0.0031960010528564453,success
0409CA3A9C4C81,3,"['Duomo', 'Santa Anastasia', 'Teatro Romano']",Arena,"['Verona Tour', 'Museo Lapidario', 'Museo Radio', 'San Fermo', 'Casa Giulietta']",Casa Giulietta,strategy_nearest,True,0.005178928375244141,success
0409C5429C4C81,0,"['Arena', 'Casa Giulietta']",Castelvecchio,"['Museo Lapidario', 'Verona Tour', 'Museo Radio', 'San Zeno', 'Sighseeing']",Torre Lamberti,strategy_nearest,False,0.00429987907409668,success
0409B73A9C4C81,1,"['Arena', 'Torre Lamberti']",Palazzo della Ragione,"['AMO', 'Museo Conte', 'Centro Fotografia', 'Sighseeing', 'Santa Anastasia']",Casa Giulietta,strategy_nearest,False,0.004091978073120117,success
0409DB3A9C4C81,0,['Arena'],Casa Giulietta,"['Centro Fotografia', 'Sighseeing', 'Torre Lamberti', 'Museo Conte', 'Museo Radio']",Torre Lamberti,strategy_nearest,True,0.0016148090362548828,success
0409DD429C4C81,1,"['Casa Giulietta', 'Torre Lamberti', 'Palazzo della Ragione', 'Duomo']",Santa Anastasia,"['AMO', 'Museo Conte', 'Teatro Romano', 'Centro Fotografia', 'Sighseeing']",Arena,strategy_nearest,False,0.002235889434814453,success
0409D13A9C4C81,0,['Castelvecchio'],Casa Giulietta,"['Centro Fotografia', 'Sighseeing', 'Torre Lamberti', 'Museo Conte', 'Museo Radio']",Arena,strategy_nearest,False,0.0029370784759521484,success
0409F0429C4C81,1,"['Arena', 'Palazzo della Ragione']",Museo Storia,"['San Fermo', 'Museo Radio', 'Casa Giulietta', 'Centro Fotografia', 'Tomba Giulietta']",Torre Lamberti,strategy_nearest,False,0.003679990768432617,success
0409F63A9C4C81,2,"['Casa Giulietta', 'Torre Lamberti']",Santa Anastasia,"['AMO', 'Museo Conte', 'Palazzo della Ragione', 'Teatro Romano', 'Centro Fotografia']",Teatro Romano,strategy_nearest,True,0.002187967300415039,success
040A3D429C4C81,3,['Arena'],Giardino Giusti,"['Santa Anastasia', 'Teatro Romano', 'Museo Conte', 'Centro Fotografia', 'Museo Storia']",Santa Anastasia,strategy_nearest,True,0.002050161361694336,success
040A33429C4C81,1,"['Castelvecchio', 'Arena']",Palazzo della Ragione,"['AMO', 'Museo Conte', 'Torre Lamberti', 'Centro Fotografia', 'Sighseeing']",Torre Lamberti,strategy_nearest,True,0.0027201175689697266,success
040A46429C4C81,0,['Arena'],Casa Giulietta,"['Centro Fotografia', 'Sighseeing', 'Torre Lamberti', 'Museo Conte', 'Museo Radio']",Torre Lamberti,strategy_nearest,True,0.0037081241607666016,success
040A47429C4C81,1,['Arena'],Torre Lamberti,"['Sighseeing', 'Centro Fotografia', 'Museo Conte', 'Casa Giulietta', 'Palazzo della Ragione']",Palazzo della Ragione,strategy_nearest,True,0.002825021743774414,success
040A4B429C4C81,3,"['Arena', 'Castelvecchio', 'Casa Giulietta']",Torre Lamberti,"['Sighseeing', 'Centro Fotografia', 'Museo Conte', 'Palazzo della Ragione', 'AMO']",Duomo,strategy_nearest,False,0.002725839614868164,success
040A513A9C4C81,0,['Arena'],Castelvecchio,"['Museo Lapidario', 'Verona Tour', 'Museo Radio', 'San Zeno', 'Sighseeing']",Teatro Romano,strategy_nearest,False,0.0030930042266845703,success
040A573A9C4C81,0,['Arena'],Casa Giulietta,"['Centro Fotografia', 'Sighseeing', 'Torre Lamberti', 'Museo Conte', 'Museo Radio']",Tomba Giulietta,strategy_nearest,False,0.0019731521606445312,success
040A57429C4C81,1,"['Arena', 'Torre Lamberti', 'Palazzo della Ragione']",Teatro Romano,"['Santa Anastasia', 'Duomo', 'AMO', 'Museo Conte', 'Centro Fotografia']",Santa Anastasia,strategy_nearest,True,0.0020918846130371094,success
040A59429C4C81,3,"['Arena', 'Casa Giulietta']",Torre Lamberti,"['Sighseeing', 'Centro Fotografia', 'Museo Conte', 'Palazzo della Ragione', 'AMO']",Santa Anastasia,strategy_nearest,False,0.003607034683227539,success
040A78429C4C81,3,"['Arena', 'Casa Giulietta', 'Torre Lamberti']",Santa Anastasia,"['AMO', 'Museo Conte', 'Palazzo della Ragione', 'Teatro Romano', 'Centro Fotografia']",Duomo,strategy_nearest,False,0.0024499893188476562,success
040A70429C4C81,3,"['Arena', 'Torre Lamberti']",Teatro Romano,"['Santa Anastasia', 'Duomo', 'AMO', 'Palazzo della Ragione', 'Museo Conte']",Duomo,strategy_nearest,True,0.0027649402618408203,success
040A83429C4C80,3,"['San Zeno', 'Arena']",Torre Lamberti,"['Sighseeing', 'Centro Fotografia', 'Museo Conte', 'Casa Giulietta', 'Palazzo della Ragione']",Santa Anastasia,strategy_nearest,False,0.001878976821899414,success
040A84429C4C80,0,['Castelvecchio'],Arena,"['Verona Tour', 'Museo Lapidario', 'Museo Radio', 'San Fermo', 'Casa Giulietta']",Torre Lamberti,strategy_nearest,False,0.0023717880249023438,success
040A853A9C4C80,0,['Arena'],Museo Lapidario,"['Verona Tour', 'Castelvecchio', 'Museo Radio', 'San Fermo', 'Casa Giulietta']",Castelvecchio,strategy_nearest,True,0.0028901100158691406,success
040A853A9C4C81,0,['Arena'],Museo Lapidario,"['Verona Tour', 'Castelvecchio', 'Museo Radio', 'San Fermo', 'Casa Giulietta']",Casa Giulietta,strategy_nearest,True,0.0035448074340820312,success
040A86429C4C80,3,"['Arena', 'Casa Giulietta']",Torre Lamberti,"['Sighseeing', 'Centro Fotografia', 'Museo Conte', 'Palazzo della Ragione', 'AMO']",Teatro Romano,strategy_nearest,False,0.0024809837341308594,success
040A87429C4C80,0,['Castelvecchio'],Arena,"['Verona Tour', 'Museo Lapidario', 'Museo Radio', 'San Fermo', 'Casa Giulietta']",Torre Lamberti,strategy_nearest,False,0.0024089813232421875,success
040A854A9C4C80,0,['Casa Giulietta'],Arena,"['Verona Tour', 'Museo Lapidario', 'Museo Radio', 'San Fermo', 'Sighseeing']",Torre Lamberti,strategy_nearest,False,0.003507852554321289,success
040A88429C4C80,0,['Arena'],Castelvecchio,"['Museo Lapidario', 'Verona Tour', 'Museo Radio', 'San Zeno', 'Sighseeing']",San Zeno,strategy_nearest,True,0.0032160282135009766,success
040A8C3A9C4C80,0,['Torre Lamberti'],Duomo,"['AMO', 'Museo Miniscalchi', 'Santa Anastasia', 'Teatro Romano', 'Palazzo della Ragione']",Arena,strategy_nearest,False,0.0032019615173339844,success
040A8C3A9C4C81,0,"['Arena', 'Museo Lapidario']",Castelvecchio,"['Verona Tour', 'Museo Radio', 'San Zeno', 'Sighseeing', 'Museo Miniscalchi']",Casa Giulietta,strategy_nearest,False,0.0021860599517822266,success
040A8C4A9C4C80,2,['Casa Giulietta'],Duomo,"['AMO', 'Museo Miniscalchi', 'Santa Anastasia', 'Teatro Romano', 'Palazzo della Ragione']",Castelvecchio,strategy_nearest,False,0.003364086151123047,success
040A8D3A9C4C80,3,"['Arena', 'Casa Giulietta']",Castelvecchio,"['Museo Lapidario', 'Verona Tour', 'Museo Radio', 'San Zeno', 'Sighseeing']",Teatro Romano,strategy_nearest,False,0.002726316452026367,success
040A924A9C4C81,3,['Arena'],Torre Lamberti,"['Sighseeing', 'Centro Fotografia', 'Museo Conte', 'Casa Giulietta', 'Palazzo della Ragione']",Santa Anastasia,strategy_nearest,False,0.0032987594604492188,success
040A934A9C4C80,0,['Arena'],Casa Giulietta,"['Centro Fotografia', 'Sighseeing', 'Torre Lamberti', 'Museo Conte', 'Museo Radio']",Torre Lamberti,strategy_nearest,True,0.0031349658966064453,success
040A99429C4C81,1,"['Tomba Giulietta', 'Torre Lamberti']",Palazzo della Ragione,"['AMO', 'Museo Conte', 'Centro Fotografia', 'Sighseeing', 'Santa Anastasia']",Casa Giulietta,strategy_nearest,False,0.0024662017822265625,success
040A9A429C4C80,0,['Museo Lapidario'],Arena,"['Verona Tour', 'Museo Radio', 'San Fermo', 'Casa Giulietta', 'Sighseeing']",Castelvecchio,strategy_nearest,False,0.0026459693908691406,success
040A9E429C4C80,0,"['Arena', 'Castelvecchio']",Torre Lamberti,"['Sighseeing', 'Centro Fotografia', 'Museo Conte', 'Casa Giulietta', 'Palazzo della Ragione']",Duomo,strategy_nearest,False,0.002566814422607422,success
040A9F429C4C81,1,['Arena'],Casa Giulietta,"['Centro Fotografia', 'Sighseeing', 'Torre Lamberti', 'Museo Conte', 'Museo Radio']",Palazzo della Ragione,strategy_nearest,False,0.0023827552795410156,success
040A9E429C4C81,3,"['Arena', 'Casa Giulietta']",Santa Anastasia,"['AMO', 'Museo Conte', 'Palazzo della Ragione', 'Teatro Romano', 'Centro Fotografia']",Castelvecchio,strategy_nearest,False,0.004004955291748047,success
040AA0429C4C80,3,"['Arena', 'San Fermo']",Casa Giulietta,"['Centro Fotografia', 'Sighseeing', 'Torre Lamberti', 'Museo Conte', 'Museo Radio']",Torre Lamberti,strategy_nearest,True,0.0024018287658691406,success
040AA6429C4C81,3,"['Museo Storia', 'San Fermo', 'Teatro Romano']",Santa Anastasia,"['AMO', 'Museo Conte', 'Palazzo della Ragione', 'Centro Fotografia', 'Duomo']",Torre Lamberti,strategy_nearest,False,0.0038299560546875,success
040AA93A9C4C81,1,"['Arena', 'San Fermo']",Teatro Romano,"['Santa Anastasia', 'Duomo', 'AMO', 'Palazzo della Ragione', 'Museo Conte']",Santa Anastasia,strategy_nearest,True,0.0025489330291748047,success
040AA9429C4C81,0,['Arena'],Duomo,"['AMO', 'Museo Miniscalchi', 'Santa Anastasia', 'Teatro Romano', 'Palazzo della Ragione']",Castelvecchio,strategy_nearest,False,0.0024559497833251953,success
040AAD3A9C4C80,3,"['Torre Lamberti', 'Santa Anastasia']",Duomo,"['AMO', 'Museo Miniscalchi', 'Teatro Romano', 'Palazzo della Ragione', 'Museo Conte']",Arena,strategy_nearest,False,0.003172159194946289,success
040AAD429C4C80,3,"['Castelvecchio', 'Arena', 'Casa Giulietta']",Torre Lamberti,"['Sighseeing', 'Centro Fotografia', 'Museo Conte', 'Palazzo della Ragione', 'AMO']",Santa Anastasia,strategy_nearest,False,0.002810955047607422,success
040AAD429C4C81,3,['San Zeno'],Arena,"['Verona Tour', 'Museo Lapidario', 'Museo Radio', 'San Fermo', 'Casa Giulietta']",Duomo,strategy_nearest,False,0.0031311511993408203,success
040AB0429C4C80,1,"['Arena', 'Palazzo della Ragione']",Tomba Giulietta,"['San Fermo', 'Museo Storia', 'Museo Lapidario', 'Museo Radio', 'Verona Tour']",Castelvecchio,strategy_nearest,False,0.002753019332885742,success
040AB1429C4C80,2,['Castelvecchio'],Castelvecchio,"['Museo Lapidario', 'Verona Tour', 'Arena', 'Museo Radio', 'San Zeno']",Santa Anastasia,strategy_nearest,False,0.0026938915252685547,success
040AB23A9C4C81,0,['Arena'],San Fermo,"['Museo Storia', 'Museo Radio', 'Casa Giulietta', 'Centro Fotografia', 'Sighseeing']",Casa Giulietta,strategy_nearest,True,0.003155946731567383,success
040AAF429C4C81,2,"['Casa Giulietta', 'Torre Lamberti']",Duomo,"['AMO', 'Museo Miniscalchi', 'Santa Anastasia', 'Teatro Romano', 'Palazzo della Ragione']",Teatro Romano,strategy_nearest,True,0.002694845199584961,success
040AB83A9C4C81,0,"['Arena', 'Castelvecchio']",Torre Lamberti,"['Sighseeing', 'Centro Fotografia', 'Museo Conte', 'Casa Giulietta', 'Palazzo della Ragione']",Casa Giulietta,strategy_nearest,True,0.0020151138305664062,success
040AB2429C4C81,2,"['Duomo', 'Castelvecchio']",San Fermo,"['Museo Storia', 'Museo Radio', 'Casa Giulietta', 'Centro Fotografia', 'Arena']",Casa Giulietta,strategy_nearest,True,0.002538919448852539,success
040AB93A9C4C81,0,['Arena'],Casa Giulietta,"['Centro Fotografia', 'Sighseeing', 'Torre Lamberti', 'Museo Conte', 'Museo Radio']",Torre Lamberti,strategy_nearest,True,0.002613067626953125,success
040AB43A9C4C81,2,['Casa Giulietta'],Castelvecchio,"['Museo Lapidario', 'Verona Tour', 'Arena', 'Museo Radio', 'San Zeno']",Santa Anastasia,strategy_nearest,False,0.004065036773681641,success
040AC03A9C4C81,2,['Castelvecchio'],Casa Giulietta,"['Centro Fotografia', 'Sighseeing', 'Torre Lamberti', 'Museo Conte', 'Museo Radio']",Santa Anastasia,strategy_nearest,False,0.001967191696166992,success
040ABF3A9C4C81,2,"['Palazzo della Ragione', 'Torre Lamberti', 'Santa Anastasia']",Teatro Romano,"['Duomo', 'AMO', 'Museo Conte', 'Centro Fotografia', 'Museo Miniscalchi']",Castelvecchio,strategy_nearest,False,0.0031659603118896484,success
040AC33A9C4C81,0,['Arena'],Casa Giulietta,"['Centro Fotografia', 'Sighseeing', 'Torre Lamberti', 'Museo Conte', 'Museo Radio']",Palazzo della Ragione,strategy_nearest,False,0.002719879150390625,success
040AC83A9C4C81,3,['Arena'],Teatro Romano,"['Santa Anastasia', 'Duomo', 'AMO', 'Palazzo della Ragione', 'Museo Conte']",Santa Anastasia,strategy_nearest,True,0.0032927989959716797,success
040ACA429C4C81,0,['Duomo'],Arena,"['Verona Tour', 'Museo Lapidario', 'Museo Radio', 'San Fermo', 'Casa Giulietta']",Castelvecchio,strategy_nearest,False,0.002599000930786133,success
040ACE3A9C4C81,0,['Arena'],Castelvecchio,"['Museo Lapidario', 'Verona Tour', 'Museo Radio', 'San Zeno', 'Sighseeing']",Santa Anastasia,strategy_nearest,False,0.0033910274505615234,success
040AD5429C4C81,3,"['Castelvecchio', 'Arena']",San Zeno,"['Verona Tour', 'Museo Lapidario', 'Museo Miniscalchi', 'Sighseeing', 'Museo Radio']",Torre Lamberti,strategy_nearest,False,0.002649068832397461,success
040ADB3A9C4C81,1,"['Casa Giulietta', 'Palazzo della Ragione', 'Torre Lamberti', 'Santa Anastasia']",Teatro Romano,"['Duomo', 'AMO', 'Museo Conte', 'Centro Fotografia', 'Museo Miniscalchi']",Giardino Giusti,strategy_nearest,False,0.0031440258026123047,success
040AE43A9C4C81,1,"['Castelvecchio', 'San Zeno']",Casa Giulietta,"['Centro Fotografia', 'Sighseeing', 'Torre Lamberti', 'Museo Conte', 'Museo Radio']",Santa Anastasia,strategy_nearest,False,0.003276824951171875,success
040ADF3A9C4C81,3,"['Arena', 'Casa Giulietta', 'Teatro Romano']",Duomo,"['AMO', 'Museo Miniscalchi', 'Santa Anastasia', 'Palazzo della Ragione', 'Museo Conte']",Santa Anastasia,strategy_nearest,True,0.0027399063110351562,success
040ADB429C4C81,3,"['Tomba Giulietta', 'Arena', 'San Zeno', 'Castelvecchio']",Torre Lamberti,"['Sighseeing', 'Centro Fotografia', 'Museo Conte', 'Casa Giulietta', 'Palazzo della Ragione']",San Fermo,strategy_nearest,False,0.002772808074951172,success
040B02429C4C85,1,"['Castelvecchio', 'San Zeno']",Arena,"['Verona Tour', 'Museo Lapidario', 'Museo Radio', 'San Fermo', 'Casa Giulietta']",Teatro Romano,strategy_nearest,False,0.0032660961151123047,success
040B383A9C4C81,1,"['Arena', 'Casa Giulietta', 'Santa Anastasia']",Torre Lamberti,"['Sighseeing', 'Centro Fotografia', 'Museo Conte', 'Palazzo della Ragione', 'AMO']",Palazzo della Ragione,strategy_nearest,True,0.0027561187744140625,success
040B553A9C4C81,2,['Torre Lamberti'],Casa Giulietta,"['Centro Fotografia', 'Sighseeing', 'Museo Conte', 'Museo Radio', 'Palazzo della Ragione']",Santa Anastasia,strategy_nearest,False,0.002591848373413086,success
040B303A9C4C81,1,"['Arena', 'Casa Giulietta']",Palazzo della Ragione,"['AMO', 'Museo Conte', 'Torre Lamberti', 'Centro Fotografia', 'Sighseeing']",Torre Lamberti,strategy_nearest,True,0.0021257400512695312,success
040B52429C4C81,3,['Arena'],Casa Giulietta,"['Centro Fotografia', 'Sighseeing', 'Torre Lamberti', 'Museo Conte', 'Museo Radio']",Santa Anastasia,strategy_nearest,False,0.003286123275756836,success
040B5A429C4C81,3,"['Castelvecchio', 'San Zeno', 'Torre Lamberti']",Santa Anastasia,"['AMO', 'Museo Conte', 'Palazzo della Ragione', 'Teatro Romano', 'Centro Fotografia']",Duomo,strategy_nearest,False,0.0028901100158691406,success
040B5B429C4C81,0,['Teatro Romano'],Arena,"['Verona Tour', 'Museo Lapidario', 'Museo Radio', 'San Fermo', 'Casa Giulietta']",Castelvecchio,strategy_nearest,False,0.002110004425048828,success
040B60429C4C81,2,"['Torre Lamberti', 'Casa Giulietta']",Santa Anastasia,"['AMO', 'Museo Conte', 'Palazzo della Ragione', 'Teatro Romano', 'Centro Fotografia']",Duomo,strategy_nearest,False,0.0028722286224365234,success
040B5E3A9C4C81,3,"['Casa Giulietta', 'Torre Lamberti', 'Santa Anastasia', 'Arena', 'Tomba Giulietta']",San Fermo,"['Museo Storia', 'Museo Radio', 'Centro Fotografia', 'Sighseeing', 'Museo Conte']",Duomo,strategy_nearest,False,0.0035178661346435547,success
040B633A9C4C81,1,"['Arena', 'Giardino Giusti', 'Teatro Romano', 'Duomo']",Santa Anastasia,"['AMO', 'Museo Conte', 'Palazzo della Ragione', 'Centro Fotografia', 'Torre Lamberti']",Palazzo della Ragione,strategy_nearest,True,0.00257110595703125,success
040B6D429C4C81,0,['Arena'],Torre Lamberti,"['Sighseeing', 'Centro Fotografia', 'Museo Conte', 'Casa Giulietta', 'Palazzo della Ragione']",Teatro Romano,strategy_nearest,False,0.0019240379333496094,success
040B6C429C4C81,0,['Arena'],Casa Giulietta,"['Centro Fotografia', 'Sighseeing', 'Torre Lamberti', 'Museo Conte', 'Museo Radio']",Torre Lamberti,strategy_nearest,True,0.003385305404663086,success
040B723A9C4C81,3,"['Arena', 'Casa Giulietta']",Torre Lamberti,"['Sighseeing', 'Centro Fotografia', 'Museo Conte', 'Palazzo della Ragione', 'AMO']",Santa Anastasia,strategy_nearest,False,0.0040247440338134766,success
040B71429C4C81,0,"['Arena', 'Casa Giulietta']",San Zeno,"['Castelvecchio', 'Verona Tour', 'Museo Lapidario', 'Museo Miniscalchi', 'Sighseeing']",Torre Lamberti,strategy_nearest,False,0.0034618377685546875,success
040B78429C4C81,6,['Arena'],Verona Tour,"['Museo Lapidario', 'Castelvecchio', 'Museo Radio', 'Casa Giulietta', 'Sighseeing']",Casa Giulietta,strategy_nearest,True,0.0037801265716552734,success
040B79429C4C81,1,"['Arena', 'Casa Giulietta']",Torre Lamberti,"['Sighseeing', 'Centro Fotografia', 'Museo Conte', 'Palazzo della Ragione', 'AMO']",Palazzo della Ragione,strategy_nearest,True,0.004358768463134766,success
040B7A3A9C4C80,1,"['Arena', 'Casa Giulietta']",Teatro Romano,"['Santa Anastasia', 'Duomo', 'AMO', 'Palazzo della Ragione', 'Museo Conte']",Duomo,strategy_nearest,True,0.003692150115966797,success
040B7B429C4C81,1,"['Arena', 'Casa Giulietta', 'Palazzo della Ragione']",Santa Anastasia,"['AMO', 'Museo Conte', 'Teatro Romano', 'Centro Fotografia', 'Duomo']",Duomo,strategy_nearest,True,0.002794981002807617,success
040B804A9C4C81,0,['Torre Lamberti'],Arena,"['Verona Tour', 'Museo Lapidario', 'Museo Radio', 'San Fermo', 'Casa Giulietta']",Castelvecchio,strategy_nearest,False,0.004509925842285156,success
040B80429C4C81,1,['Arena'],Casa Giulietta,"['Centro Fotografia', 'Sighseeing', 'Torre Lamberti', 'Museo Conte', 'Museo Radio']",Torre Lamberti,strategy_nearest,True,0.003421783447265625,success
040B83429C4C81,0,['Castelvecchio'],Arena,"['Verona Tour', 'Museo Lapidario', 'Museo Radio', 'San Fermo', 'Casa Giulietta']",Casa Giulietta,strategy_nearest,True,0.0024900436401367188,success
040B824A9C4C80,3,"['Arena', 'San Zeno']",Santa Anastasia,"['AMO', 'Museo Conte', 'Palazzo della Ragione', 'Teatro Romano', 'Centro Fotografia']",Duomo,strategy_nearest,False,0.003564119338989258,success
040B853A9C4C81,0,"['Castelvecchio', 'San Zeno']",Casa Giulietta,"['Centro Fotografia', 'Sighseeing', 'Torre Lamberti', 'Museo Conte', 'Museo Radio']",Giardino Giusti,strategy_nearest,False,0.003200054168701172,success
040B873A9C4C80,0,['San Fermo'],Casa Giulietta,"['Centro Fotografia', 'Sighseeing', 'Torre Lamberti', 'Museo Conte', 'Museo Radio']",Torre Lamberti,strategy_nearest,True,0.003468036651611328,success
040B834A9C4C81,3,"['Arena', 'Museo Lapidario', 'Castelvecchio']",Duomo,"['AMO', 'Museo Miniscalchi', 'Santa Anastasia', 'Teatro Romano', 'Palazzo della Ragione']",Santa Anastasia,strategy_nearest,True,0.003256082534790039,success
040B87429C4C81,0,['Arena'],Castelvecchio,"['Museo Lapidario', 'Verona Tour', 'Museo Radio', 'San Zeno', 'Sighseeing']",Casa Giulietta,strategy_nearest,False,0.004521846771240234,success
040B873A9C4C81,3,['Arena'],Santa Anastasia,"['AMO', 'Museo Conte', 'Palazzo della Ragione', 'Teatro Romano', 'Centro Fotografia']",Teatro Romano,strategy_nearest,True,0.0031402111053466797,success
040B8E3A9C4C81,2,['Teatro Romano'],Duomo,"['AMO', 'Museo Miniscalchi', 'Santa Anastasia', 'Palazzo della Ragione', 'Museo Conte']",Castelvecchio,strategy_nearest,False,0.003571033477783203,success
040B914A9C4C80,3,"['Arena', 'Torre Lamberti', 'Casa Giulietta']",Santa Anastasia,"['AMO', 'Museo Conte', 'Palazzo della Ragione', 'Teatro Romano', 'Centro Fotografia']",Duomo,strategy_nearest,False,0.00426793098449707,success
040B914A9C4C81,3,"['Arena', 'Casa Giulietta', 'Castelvecchio']",Santa Anastasia,"['AMO', 'Museo Conte', 'Palazzo della Ragione', 'Teatro Romano', 'Centro Fotografia']",Duomo,strategy_nearest,False,0.0029592514038085938,success
040B924A9C4C81,2,"['Casa Giulietta', 'Torre Lamberti']",Duomo,"['AMO', 'Museo Miniscalchi', 'Santa Anastasia', 'Teatro Romano', 'Palazzo della Ragione']",Teatro Romano,strategy_nearest,True,0.002092123031616211,success
040B9A429C4C80,1,['Arena'],Palazzo della Ragione,"['AMO', 'Museo Conte', 'Torre Lamberti', 'Centro Fotografia', 'Sighseeing']",Torre Lamberti,strategy_nearest,True,0.0035419464111328125,success
040BA0429C4C81,2,"['San Fermo', 'Torre Lamberti']",Teatro Romano,"['Santa Anastasia', 'Duomo', 'AMO', 'Palazzo della Ragione', 'Museo Conte']",Duomo,strategy_nearest,True,0.002763986587524414,success
040BA0429C4C80,3,['Arena'],Duomo,"['AMO', 'Museo Miniscalchi', 'Santa Anastasia', 'Teatro Romano', 'Palazzo della Ragione']",Santa Anastasia,strategy_nearest,True,0.0021369457244873047,success
040BA44A9C4C80,0,['Teatro Romano'],Duomo,"['AMO', 'Museo Miniscalchi', 'Santa Anastasia', 'Palazzo della Ragione', 'Museo Conte']",Arena,strategy_nearest,False,0.002704143524169922,success
040BA64A9C4C81,3,"['Duomo', 'Arena']",Torre Lamberti,"['Sighseeing', 'Centro Fotografia', 'Museo Conte', 'Casa Giulietta', 'Palazzo della Ragione']",Casa Giulietta,strategy_nearest,True,0.002470731735229492,success
040BA63A9C4C80,3,['Arena'],Torre Lamberti,"['Sighseeing', 'Centro Fotografia', 'Museo Conte', 'Casa Giulietta', 'Palazzo della Ragione']",Teatro Romano,strategy_nearest,False,0.003131866455078125,success
040BA83A9C4C81,3,"['Torre Lamberti', 'Casa Giulietta']",Santa Anastasia,"['AMO', 'Museo Conte', 'Palazzo della Ragione', 'Teatro Romano', 'Centro Fotografia']",Arena,strategy_nearest,False,0.0032351016998291016,success
040BAC429C4C80,3,"['Arena', 'Santa Anastasia']",Duomo,"['AMO', 'Museo Miniscalchi', 'Teatro Romano', 'Palazzo della Ragione', 'Museo Conte']",Casa Giulietta,strategy_nearest,False,0.0030570030212402344,success
040BAD429C4C80,3,"['San Zeno', 'Santa Anastasia']",San Fermo,"['Museo Storia', 'Museo Radio', 'Casa Giulietta', 'Centro Fotografia', 'Arena']",Arena,strategy_nearest,True,0.0029709339141845703,success
040BAE3A9C4C80,0,"['Casa Giulietta', 'Torre Lamberti']",Arena,"['Verona Tour', 'Museo Lapidario', 'Museo Radio', 'San Fermo', 'Sighseeing']",Tomba Giulietta,strategy_nearest,False,0.003966093063354492,success
040BAE429C4C80,0,"['San Zeno', 'Museo Lapidario']",Arena,"['Verona Tour', 'Museo Radio', 'San Fermo', 'Casa Giulietta', 'Sighseeing']",San Fermo,strategy_nearest,True,0.001967906951904297,success
040BAF429C4C80,0,"['Casa Giulietta', 'Torre Lamberti']",Duomo,"['AMO', 'Museo Miniscalchi', 'Santa Anastasia', 'Teatro Romano', 'Palazzo della Ragione']",Arena,strategy_nearest,False,0.002743959426879883,success
040BB03A9C4C80,0,['Arena'],Casa Giulietta,"['Centro Fotografia', 'Sighseeing', 'Torre Lamberti', 'Museo Conte', 'Museo Radio']",Torre Lamberti,strategy_nearest,True,0.0027620792388916016,success
040BB13A9C4C81,1,"['Arena', 'Casa Giulietta']",Torre Lamberti,"['Sighseeing', 'Centro Fotografia', 'Museo Conte', 'Palazzo della Ragione', 'AMO']",Palazzo della Ragione,strategy_nearest,True,0.002881765365600586,success
040BB93A9C4C80,3,"['Castelvecchio', 'Santa Anastasia']",Teatro Romano,"['Duomo', 'AMO', 'Palazzo della Ragione', 'Museo Conte', 'Centro Fotografia']",Casa Giulietta,strategy_nearest,False,0.002682924270629883,success
040BB5429C4C80,0,['Arena'],San Fermo,"['Museo Storia', 'Museo Radio', 'Casa Giulietta', 'Centro Fotografia', 'Sighseeing']",Castelvecchio,strategy_nearest,False,0.001986980438232422,success
040BC63A9C4C81,1,"['Museo Lapidario', 'Arena', 'Casa Giulietta']",Palazzo della Ragione,"['AMO', 'Museo Conte', 'Torre Lamberti', 'Centro Fotografia', 'Sighseeing']",Castelvecchio,strategy_nearest,False,0.003342151641845703,success
040BC1429C4C80,0,"['Arena', 'Casa Giulietta']",Teatro Romano,"['Santa Anastasia', 'Duomo', 'AMO', 'Palazzo della Ragione', 'Museo Conte']",Castelvecchio,strategy_nearest,False,0.002801179885864258,success
040BBA3A9C4C81,0,['Arena'],Tomba Giulietta,"['San Fermo', 'Museo Storia', 'Museo Lapidario', 'Museo Radio', 'Verona Tour']",Castelvecchio,strategy_nearest,False,0.001734018325805664,success
040BC13A9C4C80,1,"['Casa Giulietta', 'Torre Lamberti']",Castelvecchio,"['Museo Lapidario', 'Verona Tour', 'Arena', 'Museo Radio', 'San Zeno']",Tomba Giulietta,strategy_nearest,False,0.0022420883178710938,success
040C023A9C4C85,3,"['Arena', 'San Fermo']",Torre Lamberti,"['Sighseeing', 'Centro Fotografia', 'Museo Conte', 'Casa Giulietta', 'Palazzo della Ragione']",Santa Anastasia,strategy_nearest,False,0.002357959747314453,success
040C03429C4C85,1,"['Arena', 'Castelvecchio', 'San Zeno']",Casa Giulietta,"['Centro Fotografia', 'Sighseeing', 'Torre Lamberti', 'Museo Conte', 'Museo Radio']",Teatro Romano,strategy_nearest,False,0.001689910888671875,success
040BE63A9C4C81,0,['Teatro Romano'],Arena,"['Verona Tour', 'Museo Lapidario', 'Museo Radio', 'San Fermo', 'Casa Giulietta']",Castelvecchio,strategy_nearest,False,0.003036975860595703,success
040BDB3A9C4C81,4,"['Museo Radio', 'Tomba Giulietta', 'San Fermo', 'Arena', 'Casa Giulietta', 'Santa Anastasia']",Torre Lamberti,"['Sighseeing', 'Centro Fotografia', 'Museo Conte', 'Palazzo della Ragione', 'AMO']",Palazzo della Ragione,strategy_nearest,True,0.003679990768432617,success
040C373A9C4C81,2,['San Zeno'],Castelvecchio,"['Museo Lapidario', 'Verona Tour', 'Arena', 'Museo Radio', 'Sighseeing']",Teatro Romano,strategy_nearest,False,0.0019981861114501953,success
040C3F3A9C4C81,3,['Duomo'],Arena,"['Verona Tour', 'Museo Lapidario', 'Museo Radio', 'San Fermo', 'Casa Giulietta']",Santa Anastasia,strategy_nearest,False,0.0032529830932617188,success
040C423A9C4C81,1,"['Santa Anastasia', 'Torre Lamberti']",Palazzo della Ragione,"['AMO', 'Museo Conte', 'Centro Fotografia', 'Sighseeing', 'Museo Miniscalchi']",Casa Giulietta,strategy_nearest,False,0.002579212188720703,success
040C58429C4C81,0,"['Arena', 'Casa Giulietta']",Torre Lamberti,"['Sighseeing', 'Centro Fotografia', 'Museo Conte', 'Palazzo della Ragione', 'AMO']",San Zeno,strategy_nearest,False,0.0037889480590820312,success
040C7F3A9C4C80,3,['Arena'],Torre Lamberti,"['Sighseeing', 'Centro Fotografia', 'Museo Conte', 'Casa Giulietta', 'Palazzo della Ragione']",Teatro Romano,strategy_nearest,False,0.001435995101928711,success
040C77429C4C80,1,"['Arena', 'Torre Lamberti', 'Palazzo della Ragione']",Castelvecchio,"['Museo Lapidario', 'Verona Tour', 'Museo Radio', 'San Zeno', 'Sighseeing']",Tomba Giulietta,strategy_nearest,False,0.002975940704345703,success
040C64429C4C81,1,"['Arena', 'Casa Giulietta', 'Torre Lamberti']",Palazzo della Ragione,"['AMO', 'Museo Conte', 'Centro Fotografia', 'Sighseeing', 'Santa Anastasia']",Santa Anastasia,strategy_nearest,True,0.0036690235137939453,success
040C81429C4C81,1,"['Casa Giulietta', 'Palazzo della Ragione', 'Torre Lamberti']",Arena,"['Verona Tour', 'Museo Lapidario', 'Museo Radio', 'San Fermo', 'Sighseeing']",Museo Lapidario,strategy_nearest,True,0.0032529830932617188,success
040C824A9C4C80,0,['Casa Giulietta'],Torre Lamberti,"['Sighseeing', 'Centro Fotografia', 'Museo Conte', 'Palazzo della Ragione', 'AMO']",Arena,strategy_nearest,False,0.0014960765838623047,success
040C843A9C4C81,3,"['Arena', 'Castelvecchio']",Torre Lamberti,"['Sighseeing', 'Centro Fotografia', 'Museo Conte', 'Casa Giulietta', 'Palazzo della Ragione']",Santa Anastasia,strategy_nearest,False,0.0029501914978027344,success
040C834A9C4C80,3,"['Casa Giulietta', 'Arena']",Santa Anastasia,"['AMO', 'Museo Conte', 'Palazzo della Ragione', 'Teatro Romano', 'Centro Fotografia']",Duomo,strategy_nearest,False,0.0040438175201416016,success
040C844A9C4C81,2,['Casa Giulietta'],Duomo,"['AMO', 'Museo Miniscalchi', 'Santa Anastasia', 'Teatro Romano', 'Palazzo della Ragione']",Tomba Giulietta,strategy_nearest,False,0.0040128231048583984,success
040C883A9C4C81,0,['Arena'],Casa Giulietta,"['Centro Fotografia', 'Sighseeing', 'Torre Lamberti', 'Museo Conte', 'Museo Radio']",Tomba Giulietta,strategy_nearest,False,0.0026297569274902344,success
040C84429C4C80,3,"['Arena', 'Casa Giulietta']",Torre Lamberti,"['Sighseeing', 'Centro Fotografia', 'Museo Conte', 'Palazzo della Ragione', 'AMO']",Santa Anastasia,strategy_nearest,False,0.004042863845825195,success
040C8A3A9C4C80,0,['Arena'],Casa Giulietta,"['Centro Fotografia', 'Sighseeing', 'Torre Lamberti', 'Museo Conte', 'Museo Radio']",Torre Lamberti,strategy_nearest,True,0.00177001953125,success
040C8D3A9C4C80,1,"['Casa Giulietta', 'Santa Anastasia', 'Duomo']",Tomba Giulietta,"['San Fermo', 'Museo Storia', 'Arena', 'Museo Lapidario', 'Museo Radio']",Torre Lamberti,strategy_nearest,False,0.0012738704681396484,success
040C8D3A9C4C81,0,['Arena'],Castelvecchio,"['Museo Lapidario', 'Verona Tour', 'Museo Radio', 'San Zeno', 'Sighseeing']",Casa Giulietta,strategy_nearest,False,0.0022461414337158203,success
040C964A9C4C81,0,['Arena'],Castelvecchio,"['Museo Lapidario', 'Verona Tour', 'Museo Radio', 'San Zeno', 'Sighseeing']",Casa Giulietta,strategy_nearest,False,0.003191709518432617,success
040CA44A9C4C81,0,['Arena'],San Fermo,"['Museo Storia', 'Museo Radio', 'Casa Giulietta', 'Centro Fotografia', 'Sighseeing']",Casa Giulietta,strategy_nearest,True,0.002627134323120117,success
040CA04A9C4C81,1,"['Arena', 'Casa Giulietta']",Palazzo della Ragione,"['AMO', 'Museo Conte', 'Torre Lamberti', 'Centro Fotografia', 'Sighseeing']",Torre Lamberti,strategy_nearest,True,0.0035970211029052734,success
040CA53A9C4C81,0,['Torre Lamberti'],Arena,"['Verona Tour', 'Museo Lapidario', 'Museo Radio', 'San Fermo', 'Casa Giulietta']",Castelvecchio,strategy_nearest,False,0.002959012985229492,success
040CA74A9C4C80,0,['Arena'],Duomo,"['AMO', 'Museo Miniscalchi', 'Santa Anastasia', 'Teatro Romano', 'Palazzo della Ragione']",Casa Giulietta,strategy_nearest,False,0.002825021743774414,success
040CA64A9C4C81,1,"['Arena', 'Casa Giulietta']",Palazzo della Ragione,"['AMO', 'Museo Conte', 'Torre Lamberti', 'Centro Fotografia', 'Sighseeing']",Torre Lamberti,strategy_nearest,True,0.0030260086059570312,success
040CA83A9C4C81,3,"['Arena', 'Castelvecchio']",Santa Anastasia,"['AMO', 'Museo Conte', 'Palazzo della Ragione', 'Teatro Romano', 'Centro Fotografia']",Torre Lamberti,strategy_nearest,False,0.0032041072845458984,success
040CA84A9C4C80,3,"['Arena', 'Casa Giulietta']",Torre Lamberti,"['Sighseeing', 'Centro Fotografia', 'Museo Conte', 'Palazzo della Ragione', 'AMO']",Santa Anastasia,strategy_nearest,False,0.002171039581298828,success
040CAA3A9C4C80,2,"['Museo Lapidario', 'Casa Giulietta']",Torre Lamberti,"['Sighseeing', 'Centro Fotografia', 'Museo Conte', 'Palazzo della Ragione', 'AMO']",Teatro Romano,strategy_nearest,False,0.003108978271484375,success
040CA84A9C4C81,1,"['Arena', 'Torre Lamberti']",Palazzo della Ragione,"['AMO', 'Museo Conte', 'Centro Fotografia', 'Sighseeing', 'Santa Anastasia']",Duomo,strategy_nearest,False,0.002474069595336914,success
040CB1429C4C81,0,"['Arena', 'Castelvecchio']",Casa Giulietta,"['Centro Fotografia', 'Sighseeing', 'Torre Lamberti', 'Museo Conte', 'Museo Radio']",Torre Lamberti,strategy_nearest,True,0.004183053970336914,success
040CAE3A9C4C81,3,['Arena'],Teatro Romano,"['Santa Anastasia', 'Duomo', 'AMO', 'Palazzo della Ragione', 'Museo Conte']",Santa Anastasia,strategy_nearest,True,0.00341796875,success
040CB5429C4C80,0,['Teatro Romano'],Arena,"['Verona Tour', 'Museo Lapidario', 'Museo Radio', 'San Fermo', 'Casa Giulietta']",Castelvecchio,strategy_nearest,False,0.0028710365295410156,success
040CB83A9C4C80,0,['Arena'],Casa Giulietta,"['Centro Fotografia', 'Sighseeing', 'Torre Lamberti', 'Museo Conte', 'Museo Radio']",Torre Lamberti,strategy_nearest,True,0.0030329227447509766,success
040CB73A9C4C80,1,"['Arena', 'Casa Giulietta']",Palazzo della Ragione,"['AMO', 'Museo Conte', 'Torre Lamberti', 'Centro Fotografia', 'Sighseeing']",Santa Anastasia,strategy_nearest,False,0.003943920135498047,success
040CBA3A9C4C81,0,['Giardino Giusti'],Teatro Romano,"['Santa Anastasia', 'Duomo', 'AMO', 'Palazzo della Ragione', 'Museo Conte']",Arena,strategy_nearest,False,0.003507852554321289,success
040CBD3A9C4C81,3,"['Arena', 'Casa Giulietta']",Torre Lamberti,"['Sighseeing', 'Centro Fotografia', 'Museo Conte', 'Palazzo della Ragione', 'AMO']",Santa Anastasia,strategy_nearest,False,0.002063274383544922,success
040CBE3A9C4C81,2,"['Casa Giulietta', 'Torre Lamberti']",Palazzo della Ragione,"['AMO', 'Museo Conte', 'Centro Fotografia', 'Sighseeing', 'Santa Anastasia']",Santa Anastasia,strategy_nearest,True,0.0031921863555908203,success
040CBE3A9C4C80,0,['San Fermo'],Arena,"['Verona Tour', 'Museo Lapidario', 'Museo Radio', 'Casa Giulietta', 'Sighseeing']",Museo Lapidario,strategy_nearest,True,0.002432107925415039,success
040CC43A9C4C80,1,"['Torre Lamberti', 'Palazzo della Ragione']",Casa Giulietta,"['Centro Fotografia', 'Sighseeing', 'Museo Conte', 'Museo Radio', 'San Fermo']",Duomo,strategy_nearest,False,0.0022127628326416016,success
040CBF3A9C4C80,0,['Arena'],Casa Giulietta,"['Centro Fotografia', 'Sighseeing', 'Torre Lamberti', 'Museo Conte', 'Museo Radio']",Castelvecchio,strategy_nearest,False,0.0027120113372802734,success
040CC7429C4C81,1,"['Arena', 'San Fermo', 'Casa Giulietta']",Torre Lamberti,"['Sighseeing', 'Centro Fotografia', 'Museo Conte', 'Palazzo della Ragione', 'AMO']",Palazzo della Ragione,strategy_nearest,True,0.0021920204162597656,success
040CC83A9C4C81,3,"['Arena', 'Torre Lamberti']",Casa Giulietta,"['Centro Fotografia', 'Sighseeing', 'Museo Conte', 'Museo Radio', 'Palazzo della Ragione']",Santa Anastasia,strategy_nearest,False,0.002894878387451172,success
040CDF3A9C4C81,2,['Casa Giulietta'],Duomo,"['AMO', 'Museo Miniscalchi', 'Santa Anastasia', 'Teatro Romano', 'Palazzo della Ragione']",Teatro Romano,strategy_nearest,True,0.0029582977294921875,success
040CDA3A9C4C81,1,"['Arena', 'Museo Lapidario', 'Castelvecchio', 'Tomba Giulietta', 'Museo Storia']",San Fermo,"['Museo Radio', 'Casa Giulietta', 'Centro Fotografia', 'Sighseeing', 'Torre Lamberti']",Palazzo della Ragione,strategy_nearest,False,0.0021419525146484375,success
040CE23A9C4C81,3,['Arena'],Casa Giulietta,"['Centro Fotografia', 'Sighseeing', 'Torre Lamberti', 'Museo Conte', 'Museo Radio']",Torre Lamberti,strategy_nearest,True,0.0025200843811035156,success
040CED3A9C4C81,2,['Casa Giulietta'],Castelvecchio,"['Museo Lapidario', 'Verona Tour', 'Arena', 'Museo Radio', 'San Zeno']",Tomba Giulietta,strategy_nearest,False,0.0020258426666259766,success
040CFE429C4C81,3,"['Arena', 'Casa Giulietta', 'Torre Lamberti']",Tomba Giulietta,"['San Fermo', 'Museo Storia', 'Museo Lapidario', 'Museo Radio', 'Verona Tour']",Castelvecchio,strategy_nearest,False,0.0023119449615478516,success
040CF53A9C4C81,2,"['Palazzo della Ragione', 'Torre Lamberti']",Castelvecchio,"['Museo Lapidario', 'Verona Tour', 'Arena', 'Museo Radio', 'San Zeno']",Museo Lapidario,strategy_nearest,True,0.0032668113708496094,success
040CF63A9C4C81,3,['Arena'],Casa Giulietta,"['Centro Fotografia', 'Sighseeing', 'Torre Lamberti', 'Museo Conte', 'Museo Radio']",Torre Lamberti,strategy_nearest,True,0.003818988800048828,success
040D38429C4C81,3,"['Castelvecchio', 'San Fermo', 'Santa Anastasia']",Arena,"['Verona Tour', 'Museo Lapidario', 'Museo Radio', 'Casa Giulietta', 'Sighseeing']",Torre Lamberti,strategy_nearest,False,0.0018870830535888672,success
040D423A9C4C81,1,"['Arena', 'Castelvecchio', 'Casa Giulietta']",Torre Lamberti,"['Sighseeing', 'Centro Fotografia', 'Museo Conte', 'Palazzo della Ragione', 'AMO']",Palazzo della Ragione,strategy_nearest,True,0.0031380653381347656,success
040D53429C4C81,3,"['Arena', 'Casa Giulietta', 'Torre Lamberti']",Santa Anastasia,"['AMO', 'Museo Conte', 'Palazzo della Ragione', 'Teatro Romano', 'Centro Fotografia']",Teatro Romano,strategy_nearest,True,0.0024929046630859375,success
040D573A9C4C81,1,"['Arena', 'Casa Giulietta']",Palazzo della Ragione,"['AMO', 'Museo Conte', 'Torre Lamberti', 'Centro Fotografia', 'Sighseeing']",Torre Lamberti,strategy_nearest,True,0.0035572052001953125,success
040D5B429C4C81,0,['Arena'],Castelvecchio,"['Museo Lapidario', 'Verona Tour', 'Museo Radio', 'San Zeno', 'Sighseeing']",Teatro Romano,strategy_nearest,False,0.0015380382537841797,success
040D613A9C4C81,3,"['Arena', 'Santa Anastasia']",Duomo,"['AMO', 'Museo Miniscalchi', 'Teatro Romano', 'Palazzo della Ragione', 'Museo Conte']",Castelvecchio,strategy_nearest,False,0.0021440982818603516,success
040D653A9C4C81,3,"['Arena', 'San Fermo', 'Torre Lamberti']",Castelvecchio,"['Museo Lapidario', 'Verona Tour', 'Museo Radio', 'San Zeno', 'Sighseeing']",Duomo,strategy_nearest,False,0.002747774124145508,success
040D66429C4C81,0,['Tomba Giulietta'],Arena,"['Verona Tour', 'Museo Lapidario', 'Museo Radio', 'San Fermo', 'Casa Giulietta']",Castelvecchio,strategy_nearest,False,0.003100872039794922,success
040D71429C4C80,1,"['Arena', 'Casa Giulietta', 'Palazzo della Ragione']",Torre Lamberti,"['Sighseeing', 'Centro Fotografia', 'Museo Conte', 'AMO', 'Museo Miniscalchi']",Castelvecchio,strategy_nearest,False,0.0019421577453613281,success
040D70429C4C80,0,['Arena'],Casa Giulietta,"['Centro Fotografia', 'Sighseeing', 'Torre Lamberti', 'Museo Conte', 'Museo Radio']",Duomo,strategy_nearest,False,0.0028526782989501953,success
040D70429C4C81,3,"['Torre Lamberti', 'Casa Giulietta', 'Santa Anastasia']",Teatro Romano,"['Duomo', 'AMO', 'Palazzo della Ragione', 'Museo Conte', 'Centro Fotografia']",Duomo,strategy_nearest,True,0.003299236297607422,success
040D82BA7B3F80,3,"['San Zeno', 'Castelvecchio', 'Santa Anastasia', 'San Fermo']",Tomba Giulietta,"['Museo Storia', 'Arena', 'Museo Lapidario', 'Museo Radio', 'Verona Tour']",Duomo,strategy_nearest,False,0.002582073211669922,success
040D7E3A9C4C80,1,"['Torre Lamberti', 'Palazzo della Ragione', 'Casa Giulietta']",Santa Anastasia,"['AMO', 'Museo Conte', 'Teatro Romano', 'Centro Fotografia', 'Duomo']",Duomo,strategy_nearest,True,0.002711057662963867,success
040D71429C4C81,0,"['Arena', 'Casa Giulietta']",Torre Lamberti,"['Sighseeing', 'Centro Fotografia', 'Museo Conte', 'Palazzo della Ragione', 'AMO']",Duomo,strategy_nearest,False,0.0052490234375,success
040D794A9C4C80,0,['Castelvecchio'],Arena,"['Verona Tour', 'Museo Lapidario', 'Museo Radio', 'San Fermo', 'Casa Giulietta']",Casa Giulietta,strategy_nearest,True,0.002151966094970703,success
040D843A9C4C80,1,['Arena'],Torre Lamberti,"['Sighseeing', 'Centro Fotografia', 'Museo Conte', 'Casa Giulietta', 'Palazzo della Ragione']",Palazzo della Ragione,strategy_nearest,True,0.002128124237060547,success
040D843A9C4C81,3,"['Arena', 'Casa Giulietta']",Torre Lamberti,"['Sighseeing', 'Centro Fotografia', 'Museo Conte', 'Palazzo della Ragione', 'AMO']",Santa Anastasia,strategy_nearest,False,0.00298309326171875,success
040D834A9C4C81,1,"['Casa Giulietta', 'Castelvecchio']",Duomo,"['AMO', 'Museo Miniscalchi', 'Santa Anastasia', 'Teatro Romano', 'Palazzo della Ragione']",Palazzo della Ragione,strategy_nearest,True,0.0014140605926513672,success
040D8D3A9C4C80,3,['Teatro Romano'],Duomo,"['AMO', 'Museo Miniscalchi', 'Santa Anastasia', 'Palazzo della Ragione', 'Museo Conte']",Santa Anastasia,strategy_nearest,True,0.003434896469116211,success
040D8D4A9C4C81,2,"['Casa Giulietta', 'Torre Lamberti', 'Palazzo della Ragione']",Teatro Romano,"['Santa Anastasia', 'Duomo', 'AMO', 'Museo Conte', 'Centro Fotografia']",Tomba Giulietta,strategy_nearest,False,0.002290964126586914,success
040D9E429C4C80,3,"['Teatro Romano', 'Santa Anastasia']",Casa Giulietta,"['Centro Fotografia', 'Sighseeing', 'Torre Lamberti', 'Museo Conte', 'Museo Radio']",Arena,strategy_nearest,False,0.0032711029052734375,success
040D9F429C4C80,1,"['Castelvecchio', 'Arena', 'Torre Lamberti']",Palazzo della Ragione,"['AMO', 'Museo Conte', 'Centro Fotografia', 'Sighseeing', 'Santa Anastasia']",Casa Giulietta,strategy_nearest,False,0.0019729137420654297,success
040DA0429C4C80,0,['Arena'],Museo Lapidario,"['Verona Tour', 'Castelvecchio', 'Museo Radio', 'San Fermo', 'Casa Giulietta']",Castelvecchio,strategy_nearest,True,0.004217863082885742,success
040DA54A9C4C80,1,['Arena'],Palazzo della Ragione,"['AMO', 'Museo Conte', 'Torre Lamberti', 'Centro Fotografia', 'Sighseeing']",Teatro Romano,strategy_nearest,False,0.004082202911376953,success
040DA24A9C4C80,0,['Arena'],Casa Giulietta,"['Centro Fotografia', 'Sighseeing', 'Torre Lamberti', 'Museo Conte', 'Museo Radio']",Santa Anastasia,strategy_nearest,False,0.004766941070556641,success
040DA04A9C4C80,0,['Arena'],Torre Lamberti,"['Sighseeing', 'Centro Fotografia', 'Museo Conte', 'Casa Giulietta', 'Palazzo della Ragione']",Casa Giulietta,strategy_nearest,True,0.004055023193359375,success
040DAB3A9C4C80,0,['Casa Giulietta'],Torre Lamberti,"['Sighseeing', 'Centro Fotografia', 'Museo Conte', 'Palazzo della Ragione', 'AMO']",Arena,strategy_nearest,False,0.0022351741790771484,success
040DAE429C4C81,0,"['Arena', 'Casa Giulietta']",Castelvecchio,"['Museo Lapidario', 'Verona Tour', 'Museo Radio', 'San Zeno', 'Sighseeing']",Torre Lamberti,strategy_nearest,False,0.0033521652221679688,success
040DA9429C4C81,0,['Arena'],Casa Giulietta,"['Centro Fotografia', 'Sighseeing', 'Torre Lamberti', 'Museo Conte', 'Museo Radio']",Torre Lamberti,strategy_nearest,True,0.0027971267700195312,success
040DAE429C4C80,0,['Arena'],Castelvecchio,"['Museo Lapidario', 'Verona Tour', 'Museo Radio', 'San Zeno', 'Sighseeing']",Torre Lamberti,strategy_nearest,False,0.0028150081634521484,success
040DB1429C4C81,0,['Arena'],Castelvecchio,"['Museo Lapidario', 'Verona Tour', 'Museo Radio', 'San Zeno', 'Sighseeing']",Casa Giulietta,strategy_nearest,False,0.001628875732421875,success
040DB53A9C4C80,0,['Arena'],San Zeno,"['Castelvecchio', 'Verona Tour', 'Museo Lapidario', 'Museo Miniscalchi', 'Sighseeing']",Teatro Romano,strategy_nearest,False,0.002148866653442383,success
040DB53A9C4C81,1,"['Arena', 'Casa Giulietta']",Palazzo della Ragione,"['AMO', 'Museo Conte', 'Torre Lamberti', 'Centro Fotografia', 'Sighseeing']",Torre Lamberti,strategy_nearest,True,0.0027458667755126953,success
040DB63A9C4C81,1,"['Arena', 'Castelvecchio']",Palazzo della Ragione,"['AMO', 'Museo Conte', 'Torre Lamberti', 'Centro Fotografia', 'Sighseeing']",Santa Anastasia,strategy_nearest,False,0.003258228302001953,success
040DB93A9C4C80,3,"['Arena', 'San Zeno', 'Duomo']",Santa Anastasia,"['AMO', 'Museo Conte', 'Palazzo della Ragione', 'Teatro Romano', 'Centro Fotografia']",Torre Lamberti,strategy_nearest,False,0.0014619827270507812,success
040DBE3A9C4C80,0,['Arena'],Casa Giulietta,"['Centro Fotografia', 'Sighseeing', 'Torre Lamberti', 'Museo Conte', 'Museo Radio']",Castelvecchio,strategy_nearest,False,0.0019440650939941406,success
040DBD3A9C4C80,3,['Arena'],Casa Giulietta,"['Centro Fotografia', 'Sighseeing', 'Torre Lamberti', 'Museo Conte', 'Museo Radio']",Duomo,strategy_nearest,False,0.0027129650115966797,success
040DC23A9C4C81,0,"['Casa Giulietta', 'Torre Lamberti']",Arena,"['Verona Tour', 'Museo Lapidario', 'Museo Radio', 'San Fermo', 'Sighseeing']",Tomba Giulietta,strategy_nearest,False,0.0019218921661376953,success
040DC03A9C4C80,0,['Castelvecchio'],Arena,"['Verona Tour', 'Museo Lapidario', 'Museo Radio', 'San Fermo', 'Casa Giulietta']",Casa Giulietta,strategy_nearest,True,0.0032770633697509766,success
040DC0429C4C80,3,"['Arena', 'Tomba Giulietta']",Castelvecchio,"['Museo Lapidario', 'Verona Tour', 'Museo Radio', 'San Zeno', 'Sighseeing']",Duomo,strategy_nearest,False,0.0033979415893554688,success
040DC73A9C4C80,4,"['Arena', 'Castelvecchio']",Torre Lamberti,"['Sighseeing', 'Centro Fotografia', 'Museo Conte', 'Casa Giulietta', 'Palazzo della Ragione']",Casa Giulietta,strategy_nearest,True,0.0017838478088378906,success
040DC33A9C4C81,0,['Arena'],Torre Lamberti,"['Sighseeing', 'Centro Fotografia', 'Museo Conte', 'Casa Giulietta', 'Palazzo della Ragione']",Castelvecchio,strategy_nearest,False,0.003168821334838867,success
040DC63A9C4C80,1,"['Arena', 'Castelvecchio', 'Casa Giulietta']",San Zeno,"['Verona Tour', 'Museo Lapidario', 'Museo Miniscalchi', 'Sighseeing', 'Museo Radio']",Palazzo della Ragione,strategy_nearest,False,0.0032668113708496094,success
040DC93A9C4C81,0,['Arena'],Castelvecchio,"['Museo Lapidario', 'Verona Tour', 'Museo Radio', 'San Zeno', 'Sighseeing']",Casa Giulietta,strategy_nearest,False,0.0028197765350341797,success
040DCC3A9C4C81,2,['San Zeno'],Castelvecchio,"['Museo Lapidario', 'Verona Tour', 'Arena', 'Museo Radio', 'Sighseeing']",Duomo,strategy_nearest,False,0.0027887821197509766,success
040DE13A9C4C81,0,['Arena'],Casa Giulietta,"['Centro Fotografia', 'Sighseeing', 'Torre Lamberti', 'Museo Conte', 'Museo Radio']",Teatro Romano,strategy_nearest,False,0.0031023025512695312,success
040DDF3A9C4C81,1,"['Arena', 'Casa Giulietta']",Torre Lamberti,"['Sighseeing', 'Centro Fotografia', 'Museo Conte', 'Palazzo della Ragione', 'AMO']",Palazzo della Ragione,strategy_nearest,True,0.002624034881591797,success
040DE8429C4C81,0,['Arena'],Castelvecchio,"['Museo Lapidario', 'Verona Tour', 'Museo Radio', 'San Zeno', 'Sighseeing']",Casa Giulietta,strategy_nearest,False,0.003186941146850586,success
040DEB3A9C4C81,0,['Arena'],Castelvecchio,"['Museo Lapidario', 'Verona Tour', 'Museo Radio', 'San Zeno', 'Sighseeing']",Casa Giulietta,strategy_nearest,False,0.0020287036895751953,success
040DF13A9C4C81,0,['Arena'],Castelvecchio,"['Museo Lapidario', 'Verona Tour', 'Museo Radio', 'San Zeno', 'Sighseeing']",Casa Giulietta,strategy_nearest,False,0.0024225711822509766,success
040E3C429C4C81,3,['Arena'],Torre Lamberti,"['Sighseeing', 'Centro Fotografia', 'Museo Conte', 'Casa Giulietta', 'Palazzo della Ragione']",Santa Anastasia,strategy_nearest,False,0.0027611255645751953,success
040E36429C4C81,0,['Arena'],Casa Giulietta,"['Centro Fotografia', 'Sighseeing', 'Torre Lamberti', 'Museo Conte', 'Museo Radio']",Torre Lamberti,strategy_nearest,True,0.0036950111389160156,success
040E433A9C4C81,0,"['Arena', 'Casa Giulietta']",Duomo,"['AMO', 'Museo Miniscalchi', 'Santa Anastasia', 'Teatro Romano', 'Palazzo della Ragione']",Teatro Romano,strategy_nearest,True,0.002696990966796875,success
040E473A9C4C81,1,"['Arena', 'Torre Lamberti', 'Palazzo della Ragione']",Duomo,"['AMO', 'Museo Miniscalchi', 'Santa Anastasia', 'Teatro Romano', 'Museo Conte']",Santa Anastasia,strategy_nearest,True,0.0031709671020507812,success
040E56429C4C81,0,"['Castelvecchio', 'San Zeno']",Arena,"['Verona Tour', 'Museo Lapidario', 'Museo Radio', 'San Fermo', 'Casa Giulietta']",Casa Giulietta,strategy_nearest,True,0.003020048141479492,success
040E52429C4C81,4,"['Arena', 'San Fermo', 'Torre Lamberti', 'Palazzo della Ragione']",Duomo,"['AMO', 'Museo Miniscalchi', 'Santa Anastasia', 'Teatro Romano', 'Museo Conte']",Santa Anastasia,strategy_nearest,True,0.0018651485443115234,success
040E4F429C4C81,3,"['Arena', 'Casa Giulietta']",Torre Lamberti,"['Sighseeing', 'Centro Fotografia', 'Museo Conte', 'Palazzo della Ragione', 'AMO']",Tomba Giulietta,strategy_nearest,False,0.0031919479370117188,success
040E5A429C4C81,1,"['Arena', 'Casa Giulietta', 'Torre Lamberti']",Palazzo della Ragione,"['AMO', 'Museo Conte', 'Centro Fotografia', 'Sighseeing', 'Santa Anastasia']",Duomo,strategy_nearest,False,0.002711057662963867,success
040E66429C4C81,3,"['Arena', 'Castelvecchio', 'Tomba Giulietta']",Casa Giulietta,"['Centro Fotografia', 'Sighseeing', 'Torre Lamberti', 'Museo Conte', 'Museo Radio']",Torre Lamberti,strategy_nearest,True,0.0013251304626464844,success
040E6D429C4C80,3,"['Arena', 'Museo Lapidario']",Torre Lamberti,"['Sighseeing', 'Centro Fotografia', 'Museo Conte', 'Casa Giulietta', 'Palazzo della Ragione']",Santa Anastasia,strategy_nearest,False,0.003186941146850586,success
040E5C429C4C81,1,"['Casa Giulietta', 'San Fermo', 'Giardino Giusti', 'Museo Lapidario', 'Castelvecchio', 'San Zeno']",Santa Anastasia,"['AMO', 'Museo Conte', 'Palazzo della Ragione', 'Teatro Romano', 'Centro Fotografia']",Duomo,strategy_nearest,False,0.002824068069458008,success
040E6F429C4C81,1,"['Casa Giulietta', 'Torre Lamberti']",Palazzo della Ragione,"['AMO', 'Museo Conte', 'Centro Fotografia', 'Sighseeing', 'Santa Anastasia']",Castelvecchio,strategy_nearest,False,0.0022611618041992188,success
040E76429C4C81,3,"['Santa Anastasia', 'Duomo']",Torre Lamberti,"['Sighseeing', 'Centro Fotografia', 'Museo Conte', 'Casa Giulietta', 'Palazzo della Ragione']",Arena,strategy_nearest,False,0.0019409656524658203,success
040E713A9C4C80,3,"['Museo Lapidario', 'Arena', 'San Fermo']",Casa Giulietta,"['Centro Fotografia', 'Sighseeing', 'Torre Lamberti', 'Museo Conte', 'Museo Radio']",Santa Anastasia,strategy_nearest,False,0.003422975540161133,success
040E773A9C4C81,1,"['Arena', 'Museo Lapidario']",Duomo,"['AMO', 'Museo Miniscalchi', 'Santa Anastasia', 'Teatro Romano', 'Palazzo della Ragione']",Casa Giulietta,strategy_nearest,False,0.0024938583374023438,success
040E783A9C4C80,3,['Arena'],Santa Anastasia,"['AMO', 'Museo Conte', 'Palazzo della Ragione', 'Teatro Romano', 'Centro Fotografia']",San Fermo,strategy_nearest,False,0.002971172332763672,success
040E7B429C4C80,0,['San Zeno'],Arena,"['Verona Tour', 'Museo Lapidario', 'Museo Radio', 'San Fermo', 'Casa Giulietta']",Duomo,strategy_nearest,False,0.0037980079650878906,success
040E7D4A9C4C80,3,"['Arena', 'Duomo']",Teatro Romano,"['Santa Anastasia', 'AMO', 'Palazzo della Ragione', 'Museo Conte', 'Centro Fotografia']",Torre Lamberti,strategy_nearest,False,0.0017361640930175781,success
040E7D4A9C4C81,3,"['Arena', 'Torre Lamberti', 'Casa Giulietta']",Santa Anastasia,"['AMO', 'Museo Conte', 'Palazzo della Ragione', 'Teatro Romano', 'Centro Fotografia']",Duomo,strategy_nearest,False,0.002827167510986328,success
040E823A9C4C80,1,['Arena'],Casa Giulietta,"['Centro Fotografia', 'Sighseeing', 'Torre Lamberti', 'Museo Conte', 'Museo Radio']",Torre Lamberti,strategy_nearest,True,0.0031652450561523438,success
040E834A9C4C81,0,"['Arena', 'Casa Giulietta']",Torre Lamberti,"['Sighseeing', 'Centro Fotografia', 'Museo Conte', 'Palazzo della Ragione', 'AMO']",Duomo,strategy_nearest,False,0.0026760101318359375,success
040E853A9C4C81,0,"['Arena', 'Casa Giulietta']",Torre Lamberti,"['Sighseeing', 'Centro Fotografia', 'Museo Conte', 'Palazzo della Ragione', 'AMO']",Teatro Romano,strategy_nearest,False,0.003199338912963867,success
040E894A9C4C81,1,"['Casa Giulietta', 'Torre Lamberti']",Palazzo della Ragione,"['AMO', 'Museo Conte', 'Centro Fotografia', 'Sighseeing', 'Santa Anastasia']",Arena,strategy_nearest,False,0.0023810863494873047,success
040E874A9C4C80,0,"['Casa Giulietta', 'Arena']",Torre Lamberti,"['Sighseeing', 'Centro Fotografia', 'Museo Conte', 'Palazzo della Ragione', 'AMO']",Teatro Romano,strategy_nearest,False,0.003222942352294922,success
040E8B429C4C80,1,['Arena'],Casa Giulietta,"['Centro Fotografia', 'Sighseeing', 'Torre Lamberti', 'Museo Conte', 'Museo Radio']",Torre Lamberti,strategy_nearest,True,0.002346038818359375,success
040E8E3A9C4C80,0,['Arena'],Torre Lamberti,"['Sighseeing', 'Centro Fotografia', 'Museo Conte', 'Casa Giulietta', 'Palazzo della Ragione']",Casa Giulietta,strategy_nearest,True,0.0035638809204101562,success
040E904A9C4C80,0,['Arena'],Castelvecchio,"['Museo Lapidario', 'Verona Tour', 'Museo Radio', 'San Zeno', 'Sighseeing']",Teatro Romano,strategy_nearest,False,0.0033788681030273438,success
040E904A9C4C81,0,['Casa Giulietta'],Arena,"['Verona Tour', 'Museo Lapidario', 'Museo Radio', 'San Fermo', 'Sighseeing']",Teatro Romano,strategy_nearest,False,0.0019249916076660156,success
040E964A9C4C80,1,['Torre Lamberti'],Palazzo della Ragione,"['AMO', 'Museo Conte', 'Centro Fotografia', 'Sighseeing', 'Santa Anastasia']",Casa Giulietta,strategy_nearest,False,0.0031468868255615234,success
040E9B4A9C4C80,0,['Torre Lamberti'],Arena,"['Verona Tour', 'Museo Lapidario', 'Museo Radio', 'San Fermo', 'Casa Giulietta']",Tomba Giulietta,strategy_nearest,False,0.0022852420806884766,success
040EA14A9C4C81,0,['Museo Lapidario'],Arena,"['Verona Tour', 'Museo Radio', 'San Fermo', 'Casa Giulietta', 'Sighseeing']",Castelvecchio,strategy_nearest,False,0.0025548934936523438,success
040E9D4A9C4C80,3,"['Arena', 'Casa Giulietta']",Santa Anastasia,"['AMO', 'Museo Conte', 'Palazzo della Ragione', 'Teatro Romano', 'Centro Fotografia']",Teatro Romano,strategy_nearest,True,0.0032837390899658203,success
040EA63A9C4C80,1,['Arena'],Torre Lamberti,"['Sighseeing', 'Centro Fotografia', 'Museo Conte', 'Casa Giulietta', 'Palazzo della Ragione']",Palazzo della Ragione,strategy_nearest,True,0.0031719207763671875,success
040EA64A9C4C81,3,"['Arena', 'Casa Giulietta']",Torre Lamberti,"['Sighseeing', 'Centro Fotografia', 'Museo Conte', 'Palazzo della Ragione', 'AMO']",Santa Anastasia,strategy_nearest,False,0.0017628669738769531,success
040EA94A9C4C81,3,"['Museo Lapidario', 'Castelvecchio', 'Arena']",Casa Giulietta,"['Centro Fotografia', 'Sighseeing', 'Torre Lamberti', 'Museo Conte', 'Museo Radio']",Torre Lamberti,strategy_nearest,True,0.002206087112426758,success
040EA74A9C4C80,0,['Arena'],Casa Giulietta,"['Centro Fotografia', 'Sighseeing', 'Torre Lamberti', 'Museo Conte', 'Museo Radio']",Torre Lamberti,strategy_nearest,True,0.0018718242645263672,success
040EA94A9C4C80,2,['Casa Giulietta'],Teatro Romano,"['Santa Anastasia', 'Duomo', 'AMO', 'Palazzo della Ragione', 'Museo Conte']",Duomo,strategy_nearest,True,0.0026450157165527344,success
040EAB3A9C4C81,0,"['Arena', 'Casa Giulietta']",Teatro Romano,"['Santa Anastasia', 'Duomo', 'AMO', 'Palazzo della Ragione', 'Museo Conte']",Duomo,strategy_nearest,True,0.0017170906066894531,success
040EAB4A9C4C81,0,['Castelvecchio'],Torre Lamberti,"['Sighseeing', 'Centro Fotografia', 'Museo Conte', 'Casa Giulietta', 'Palazzo della Ragione']",Arena,strategy_nearest,False,0.0027680397033691406,success
040EAC3A9C4C81,2,['Castelvecchio'],Casa Giulietta,"['Centro Fotografia', 'Sighseeing', 'Torre Lamberti', 'Museo Conte', 'Museo Radio']",Santa Anastasia,strategy_nearest,False,0.0019216537475585938,success
040EB73A9C4C81,1,"['Arena', 'Casa Giulietta', 'Santa Anastasia']",Palazzo della Ragione,"['AMO', 'Museo Conte', 'Torre Lamberti', 'Centro Fotografia', 'Sighseeing']",Torre Lamberti,strategy_nearest,True,0.00302886962890625,success
040EC03A9C4C80,0,['Castelvecchio'],Torre Lamberti,"['Sighseeing', 'Centro Fotografia', 'Museo Conte', 'Casa Giulietta', 'Palazzo della Ragione']",Casa Giulietta,strategy_nearest,True,0.0019342899322509766,success
040EBB3A9C4C80,3,['Arena'],Santa Anastasia,"['AMO', 'Museo Conte', 'Palazzo della Ragione', 'Teatro Romano', 'Centro Fotografia']",Teatro Romano,strategy_nearest,True,0.0025522708892822266,success
040EBA3A9C4C80,0,['San Fermo'],Torre Lamberti,"['Sighseeing', 'Centro Fotografia', 'Museo Conte', 'Casa Giulietta', 'Palazzo della Ragione']",Arena,strategy_nearest,False,0.0014917850494384766,success
040EC03A9C4C81,2,['Castelvecchio'],Casa Giulietta,"['Centro Fotografia', 'Sighseeing', 'Torre Lamberti', 'Museo Conte', 'Museo Radio']",Torre Lamberti,strategy_nearest,True,0.0033288002014160156,success
040EC93A9C4C81,0,['San Fermo'],Arena,"['Verona Tour', 'Museo Lapidario', 'Museo Radio', 'Casa Giulietta', 'Sighseeing']",Torre Lamberti,strategy_nearest,False,0.0017070770263671875,success
040ED1429C4C81,0,['San Zeno'],Casa Giulietta,"['Centro Fotografia', 'Sighseeing', 'Torre Lamberti', 'Museo Conte', 'Museo Radio']",Torre Lamberti,strategy_nearest,True,0.001863241195678711,success
040ECA3A9C4C81,3,"['Arena', 'Casa Giulietta']",Santa Anastasia,"['AMO', 'Museo Conte', 'Palazzo della Ragione', 'Teatro Romano', 'Centro Fotografia']",Castelvecchio,strategy_nearest,False,0.0034101009368896484,success
040ED4429C4C81,0,"['Arena', 'Torre Lamberti']",Casa Giulietta,"['Centro Fotografia', 'Sighseeing', 'Museo Conte', 'Museo Radio', 'Palazzo della Ragione']",Castelvecchio,strategy_nearest,False,0.0030078887939453125,success
040ED0429C4C81,0,"['Teatro Romano', 'Duomo']",Casa Giulietta,"['Centro Fotografia', 'Sighseeing', 'Torre Lamberti', 'Museo Conte', 'Museo Radio']",Museo Storia,strategy_nearest,False,0.0034019947052001953,success
040EE43A9C4C81,2,['Casa Giulietta'],Palazzo della Ragione,"['AMO', 'Museo Conte', 'Torre Lamberti', 'Centro Fotografia', 'Sighseeing']",Torre Lamberti,strategy_nearest,True,0.003031015396118164,success
040EE4429C4C81,3,"['Teatro Romano', 'Casa Giulietta', 'Torre Lamberti', 'Arena']",Tomba Giulietta,"['San Fermo', 'Museo Storia', 'Museo Lapidario', 'Museo Radio', 'Verona Tour']",Duomo,strategy_nearest,False,0.002329111099243164,success
040EFB429C4C81,2,['Casa Giulietta'],Palazzo della Ragione,"['AMO', 'Museo Conte', 'Torre Lamberti', 'Centro Fotografia', 'Sighseeing']",Torre Lamberti,strategy_nearest,True,0.002215862274169922,success
040F01429C4C85,3,"['Arena', 'Castelvecchio', 'Casa Giulietta']",Duomo,"['AMO', 'Museo Miniscalchi', 'Santa Anastasia', 'Teatro Romano', 'Palazzo della Ragione']",Torre Lamberti,strategy_nearest,False,0.002774953842163086,success
040EF13A9C4C81,0,['Arena'],Casa Giulietta,"['Centro Fotografia', 'Sighseeing', 'Torre Lamberti', 'Museo Conte', 'Museo Radio']",Torre Lamberti,strategy_nearest,True,0.003421306610107422,success
040F364A9C4C81,1,"['Arena', 'San Fermo', 'Museo Lapidario', 'Castelvecchio']",Torre Lamberti,"['Sighseeing', 'Centro Fotografia', 'Museo Conte', 'Casa Giulietta', 'Palazzo della Ragione']",Palazzo della Ragione,strategy_nearest,True,0.003432035446166992,success
040F3A3A9C4C81,1,"['Museo Lapidario', 'Castelvecchio', 'Arena', 'Casa Giulietta']",Torre Lamberti,"['Sighseeing', 'Centro Fotografia', 'Museo Conte', 'Palazzo della Ragione', 'AMO']",Palazzo della Ragione,strategy_nearest,True,0.001786947250366211,success
040F3E429C4C81,0,['Arena'],Casa Giulietta,"['Centro Fotografia', 'Sighseeing', 'Torre Lamberti', 'Museo Conte', 'Museo Radio']",Tomba Giulietta,strategy_nearest,False,0.0019600391387939453,success
040F3D429C4C81,1,"['Casa Giulietta', 'Santa Anastasia', 'Teatro Romano', 'Arena', 'Tomba Giulietta']",San Fermo,"['Museo Storia', 'Museo Radio', 'Centro Fotografia', 'Sighseeing', 'Torre Lamberti']",Torre Lamberti,strategy_nearest,True,0.00339508056640625,success
040F443A9C4C81,0,['Duomo'],Arena,"['Verona Tour', 'Museo Lapidario', 'Museo Radio', 'San Fermo', 'Casa Giulietta']",Teatro Romano,strategy_nearest,False,0.003187894821166992,success
040F533A9C4C81,3,['Arena'],Casa Giulietta,"['Centro Fotografia', 'Sighseeing', 'Torre Lamberti', 'Museo Conte', 'Museo Radio']",Santa Anastasia,strategy_nearest,False,0.0023107528686523438,success
040F543A9C4C81,2,"['Torre Lamberti', 'Casa Giulietta']",Santa Anastasia,"['AMO', 'Museo Conte', 'Palazzo della Ragione', 'Teatro Romano', 'Centro Fotografia']",Duomo,strategy_nearest,False,0.0027518272399902344,success
040F55429C4C81,0,"['Castelvecchio', 'San Zeno']",Arena,"['Verona Tour', 'Museo Lapidario', 'Museo Radio', 'San Fermo', 'Casa Giulietta']",Tomba Giulietta,strategy_nearest,False,0.0033490657806396484,success
040F5E429C4C81,1,"['Arena', 'Castelvecchio', 'San Zeno']",Casa Giulietta,"['Centro Fotografia', 'Sighseeing', 'Torre Lamberti', 'Museo Conte', 'Museo Radio']",Palazzo della Ragione,strategy_nearest,False,0.003062009811401367,success
040F5F3A9C4C81,4,"['Arena', 'Museo Lapidario', 'Castelvecchio', 'Casa Giulietta', 'San Fermo']",Museo Radio,"['Sighseeing', 'Torre Lamberti', 'Centro Fotografia', 'Verona Tour', 'Museo Conte']",Tomba Giulietta,strategy_nearest,False,0.0025949478149414062,success
040F653A9C4C81,3,"['Torre Lamberti', 'Santa Anastasia']",Arena,"['Verona Tour', 'Museo Lapidario', 'Museo Radio', 'San Fermo', 'Casa Giulietta']",Duomo,strategy_nearest,False,0.0019190311431884766,success
040F633A9C4C81,3,"['Arena', 'Santa Anastasia']",Teatro Romano,"['Duomo', 'AMO', 'Palazzo della Ragione', 'Museo Conte', 'Centro Fotografia']",Duomo,strategy_nearest,True,0.0025620460510253906,success
040F66429C4C81,0,"['Tomba Giulietta', 'Arena']",Castelvecchio,"['Museo Lapidario', 'Verona Tour', 'Museo Radio', 'San Zeno', 'Sighseeing']",Casa Giulietta,strategy_nearest,False,0.0033330917358398438,success
040F69429C4C80,0,['Castelvecchio'],Casa Giulietta,"['Centro Fotografia', 'Sighseeing', 'Torre Lamberti', 'Museo Conte', 'Museo Radio']",Torre Lamberti,strategy_nearest,True,0.002602100372314453,success
040F6B429C4C81,1,"['Arena', 'Casa Giulietta', 'Torre Lamberti']",Palazzo della Ragione,"['AMO', 'Museo Conte', 'Centro Fotografia', 'Sighseeing', 'Santa Anastasia']",Santa Anastasia,strategy_nearest,True,0.002599000930786133,success
040F6F429C4C80,3,"['Arena', 'Torre Lamberti']",Duomo,"['AMO', 'Museo Miniscalchi', 'Santa Anastasia', 'Teatro Romano', 'Palazzo della Ragione']",Teatro Romano,strategy_nearest,True,0.0024819374084472656,success
040F6D429C4C81,2,"['Casa Giulietta', 'San Fermo', 'Torre Lamberti']",Tomba Giulietta,"['Museo Storia', 'Arena', 'Museo Lapidario', 'Museo Radio', 'Verona Tour']",Castelvecchio,strategy_nearest,False,0.003076791763305664,success
040F723A9C4C81,0,"['Arena', 'Casa Giulietta']",Tomba Giulietta,"['San Fermo', 'Museo Storia', 'Museo Lapidario', 'Museo Radio', 'Verona Tour']",Torre Lamberti,strategy_nearest,False,0.002050638198852539,success
040F71429C4C81,1,"['Palazzo della Ragione', 'Torre Lamberti', 'Casa Giulietta']",Teatro Romano,"['Santa Anastasia', 'Duomo', 'AMO', 'Museo Conte', 'Centro Fotografia']",Tomba Giulietta,strategy_nearest,False,0.003464937210083008,success
040F753A9C4C81,1,"['Torre Lamberti', 'Palazzo della Ragione', 'Casa Giulietta']",San Fermo,"['Museo Storia', 'Museo Radio', 'Centro Fotografia', 'Arena', 'Sighseeing']",Arena,strategy_nearest,True,0.0023190975189208984,success
040F763A9C4C80,1,"['Arena', 'Palazzo della Ragione', 'Torre Lamberti']",Santa Anastasia,"['AMO', 'Museo Conte', 'Teatro Romano', 'Centro Fotografia', 'Duomo']",Teatro Romano,strategy_nearest,True,0.002850055694580078,success
040F763A9C4C81,3,"['Arena', 'Casa Giulietta']",Torre Lamberti,"['Sighseeing', 'Centro Fotografia', 'Museo Conte', 'Palazzo della Ragione', 'AMO']",Teatro Romano,strategy_nearest,False,0.0020546913146972656,success
040F793A9C4C80,3,"['Arena', 'Torre Lamberti']",Santa Anastasia,"['AMO', 'Museo Conte', 'Palazzo della Ragione', 'Teatro Romano', 'Centro Fotografia']",Duomo,strategy_nearest,False,0.0027332305908203125,success
040F784A9C4C80,3,"['Arena', 'Casa Giulietta']",Torre Lamberti,"['Sighseeing', 'Centro Fotografia', 'Museo Conte', 'Palazzo della Ragione', 'AMO']",Santa Anastasia,strategy_nearest,False,0.0023801326751708984,success
040F793A9C4C81,0,"['Arena', 'Casa Giulietta']",Teatro Romano,"['Santa Anastasia', 'Duomo', 'AMO', 'Palazzo della Ragione', 'Museo Conte']",San Zeno,strategy_nearest,False,0.003078937530517578,success
040F7C429C4C81,0,['Arena'],Casa Giulietta,"['Centro Fotografia', 'Sighseeing', 'Torre Lamberti', 'Museo Conte', 'Museo Radio']",Torre Lamberti,strategy_nearest,True,0.0017437934875488281,success
040F7E4A9C4C81,1,['Arena'],Palazzo della Ragione,"['AMO', 'Museo Conte', 'Torre Lamberti', 'Centro Fotografia', 'Sighseeing']",Torre Lamberti,strategy_nearest,True,0.0020771026611328125,success
040F7F4A9C4C81,3,"['Casa Giulietta', 'Arena']",Santa Anastasia,"['AMO', 'Museo Conte', 'Palazzo della Ragione', 'Teatro Romano', 'Centro Fotografia']",Teatro Romano,strategy_nearest,True,0.0025300979614257812,success
040F85429C4C81,3,"['Arena', 'Torre Lamberti', 'Santa Anastasia']",Duomo,"['AMO', 'Museo Miniscalchi', 'Teatro Romano', 'Palazzo della Ragione', 'Museo Conte']",Teatro Romano,strategy_nearest,True,0.0023348331451416016,success
040F80429C4C80,2,"['Santa Anastasia', 'Duomo']",Torre Lamberti,"['Sighseeing', 'Centro Fotografia', 'Museo Conte', 'Casa Giulietta', 'Palazzo della Ragione']",Casa Giulietta,strategy_nearest,True,0.003009796142578125,success
040F8E429C4C80,0,['Arena'],Casa Giulietta,"['Centro Fotografia', 'Sighseeing', 'Torre Lamberti', 'Museo Conte', 'Museo Radio']",San Fermo,strategy_nearest,False,0.002978086471557617,success
040F8B429C4C80,0,['Arena'],Casa Giulietta,"['Centro Fotografia', 'Sighseeing', 'Torre Lamberti', 'Museo Conte', 'Museo Radio']",Duomo,strategy_nearest,False,0.0026886463165283203,success
040F8E3A9C4C80,1,['Arena'],Santa Anastasia,"['AMO', 'Museo Conte', 'Palazzo della Ragione', 'Teatro Romano', 'Centro Fotografia']",Palazzo della Ragione,strategy_nearest,True,0.003184080123901367,success
040F8F3A9C4C81,1,"['Arena', 'Torre Lamberti', 'Palazzo della Ragione']",Santa Anastasia,"['AMO', 'Museo Conte', 'Teatro Romano', 'Centro Fotografia', 'Duomo']",Duomo,strategy_nearest,True,0.003584623336791992,success
040F91429C4C81,1,"['Arena', 'Duomo', 'Torre Lamberti']",Palazzo della Ragione,"['AMO', 'Museo Conte', 'Centro Fotografia', 'Sighseeing', 'Santa Anastasia']",Casa Giulietta,strategy_nearest,False,0.0025730133056640625,success
040F8F429C4C80,3,"['Arena', 'Duomo', 'Santa Anastasia']",Torre Lamberti,"['Sighseeing', 'Centro Fotografia', 'Museo Conte', 'Casa Giulietta', 'Palazzo della Ragione']",Casa Giulietta,strategy_nearest,True,0.0014960765838623047,success
040F8F4A9C4C80,2,"['Casa Giulietta', 'Torre Lamberti']",Palazzo della Ragione,"['AMO', 'Museo Conte', 'Centro Fotografia', 'Sighseeing', 'Santa Anastasia']",Santa Anastasia,strategy_nearest,True,0.002070903778076172,success
040F914A9C4C81,0,['Arena'],Torre Lamberti,"['Sighseeing', 'Centro Fotografia', 'Museo Conte', 'Casa Giulietta', 'Palazzo della Ragione']",Teatro Romano,strategy_nearest,False,0.0035429000854492188,success
040FA34A9C4C81,1,"['Arena', 'Castelvecchio']",Casa Giulietta,"['Centro Fotografia', 'Sighseeing', 'Torre Lamberti', 'Museo Conte', 'Museo Radio']",Torre Lamberti,strategy_nearest,True,0.0027549266815185547,success
040FA64A9C4C81,1,"['Arena', 'Casa Giulietta']",Palazzo della Ragione,"['AMO', 'Museo Conte', 'Torre Lamberti', 'Centro Fotografia', 'Sighseeing']",Torre Lamberti,strategy_nearest,True,0.0032639503479003906,success
040F974A9C4C81,0,['Arena'],Tomba Giulietta,"['San Fermo', 'Museo Storia', 'Museo Lapidario', 'Museo Radio', 'Verona Tour']",Casa Giulietta,strategy_nearest,False,0.0021779537200927734,success
040FA84A9C4C81,3,"['Arena', 'Torre Lamberti']",Castelvecchio,"['Museo Lapidario', 'Verona Tour', 'Museo Radio', 'San Zeno', 'Sighseeing']",Santa Anastasia,strategy_nearest,False,0.0021109580993652344,success
040FAA4A9C4C80,0,['Arena'],Casa Giulietta,"['Centro Fotografia', 'Sighseeing', 'Torre Lamberti', 'Museo Conte', 'Museo Radio']",Duomo,strategy_nearest,False,0.0031158924102783203,success
040FA93A9C4C81,1,"['Arena', 'Casa Giulietta']",Torre Lamberti,"['Sighseeing', 'Centro Fotografia', 'Museo Conte', 'Palazzo della Ragione', 'AMO']",Palazzo della Ragione,strategy_nearest,True,0.002788066864013672,success
040FA83A9C4C81,1,"['Castelvecchio', 'Arena', 'Casa Giulietta', 'Teatro Romano']",Tomba Giulietta,"['San Fermo', 'Museo Storia', 'Museo Lapidario', 'Museo Radio', 'Verona Tour']",Museo Lapidario,strategy_nearest,True,0.004098176956176758,success
040FAA4A9C4C81,0,['Arena'],Casa Giulietta,"['Centro Fotografia', 'Sighseeing', 'Torre Lamberti', 'Museo Conte', 'Museo Radio']",Castelvecchio,strategy_nearest,False,0.0026650428771972656,success
040FAE3A9C4C80,2,"['Casa Giulietta', 'Torre Lamberti']",Santa Anastasia,"['AMO', 'Museo Conte', 'Palazzo della Ragione', 'Teatro Romano', 'Centro Fotografia']",Duomo,strategy_nearest,False,0.0019180774688720703,success
040FAD3A9C4C80,3,"['Arena', 'Torre Lamberti']",Santa Anastasia,"['AMO', 'Museo Conte', 'Palazzo della Ragione', 'Teatro Romano', 'Centro Fotografia']",Duomo,strategy_nearest,False,0.0027968883514404297,success
040FB2429C4C80,0,"['Arena', 'Castelvecchio']",San Zeno,"['Verona Tour', 'Museo Lapidario', 'Museo Miniscalchi', 'Sighseeing', 'Museo Radio']",Torre Lamberti,strategy_nearest,False,0.0033540725708007812,success
040FB73A9C4C81,0,['Tomba Giulietta'],San Zeno,"['Castelvecchio', 'Verona Tour', 'Museo Lapidario', 'Arena', 'Museo Miniscalchi']",Duomo,strategy_nearest,False,0.0020558834075927734,success
040FBF3A9C4C80,1,"['Arena', 'Casa Giulietta', 'Torre Lamberti']",Palazzo della Ragione,"['AMO', 'Museo Conte', 'Centro Fotografia', 'Sighseeing', 'Santa Anastasia']",Santa Anastasia,strategy_nearest,True,0.0027163028717041016,success
040FB3429C4C80,1,"['Castelvecchio', 'Arena', 'Casa Giulietta']",Museo Storia,"['San Fermo', 'Museo Radio', 'Centro Fotografia', 'Tomba Giulietta', 'Torre Lamberti']",Torre Lamberti,strategy_nearest,True,0.002724170684814453,success
040FC33A9C4C81,0,['Arena'],Teatro Romano,"['Santa Anastasia', 'Duomo', 'AMO', 'Palazzo della Ragione', 'Museo Conte']",Torre Lamberti,strategy_nearest,False,0.002698183059692383,success
040FC7429C4C81,0,['Arena'],Casa Giulietta,"['Centro Fotografia', 'Sighseeing', 'Torre Lamberti', 'Museo Conte', 'Museo Radio']",Castelvecchio,strategy_nearest,False,0.0030319690704345703,success
040FC6429C4C81,1,['Arena'],Palazzo della Ragione,"['AMO', 'Museo Conte', 'Torre Lamberti', 'Centro Fotografia', 'Sighseeing']",Torre Lamberti,strategy_nearest,True,0.002084970474243164,success
040FBF3A9C4C81,3,"['Castelvecchio', 'Arena']",Casa Giulietta,"['Centro Fotografia', 'Sighseeing', 'Torre Lamberti', 'Museo Conte', 'Museo Radio']",Torre Lamberti,strategy_nearest,True,0.003800630569458008,success
040FCA3A9C4C80,1,['Arena'],Casa Giulietta,"['Centro Fotografia', 'Sighseeing', 'Torre Lamberti', 'Museo Conte', 'Museo Radio']",Torre Lamberti,strategy_nearest,True,0.0013833045959472656,success
040FCE429C4C80,0,['San Zeno'],Casa Giulietta,"['Centro Fotografia', 'Sighseeing', 'Torre Lamberti', 'Museo Conte', 'Museo Radio']",Torre Lamberti,strategy_nearest,True,0.00327301025390625,success
040FCABA7B3F80,1,"['Teatro Romano', 'Torre Lamberti', 'Palazzo della Ragione']",Casa Giulietta,"['Centro Fotografia', 'Sighseeing', 'Museo Conte', 'Museo Radio', 'San Fermo']",Arena,strategy_nearest,False,0.002779722213745117,success
040FCD3A9C4C81,0,['Torre Lamberti'],Duomo,"['AMO', 'Museo Miniscalchi', 'Santa Anastasia', 'Teatro Romano', 'Palazzo della Ragione']",Casa Giulietta,strategy_nearest,False,0.0020987987518310547,success
040FCE429C4C81,0,['Arena'],Casa Giulietta,"['Centro Fotografia', 'Sighseeing', 'Torre Lamberti', 'Museo Conte', 'Museo Radio']",Castelvecchio,strategy_nearest,False,0.00392603874206543,success
040FCF429C4C81,3,"['San Zeno', 'Santa Anastasia']",Teatro Romano,"['Duomo', 'AMO', 'Palazzo della Ragione', 'Museo Conte', 'Centro Fotografia']",Arena,strategy_nearest,False,0.0015521049499511719,success
040FF03A9C4C81,3,"['Arena', 'Casa Giulietta']",Santa Anastasia,"['AMO', 'Museo Conte', 'Palazzo della Ragione', 'Teatro Romano', 'Centro Fotografia']",Duomo,strategy_nearest,False,0.0027036666870117188,success
040FEB3A9C4C81,1,['Casa Giulietta'],Arena,"['Verona Tour', 'Museo Lapidario', 'Museo Radio', 'San Fermo', 'Sighseeing']",Palazzo della Ragione,strategy_nearest,False,0.002216815948486328,success
040FEC3A9C4C81,1,"['San Fermo', 'Duomo', 'Palazzo della Ragione']",Torre Lamberti,"['Sighseeing', 'Centro Fotografia', 'Museo Conte', 'Casa Giulietta', 'AMO']",Castelvecchio,strategy_nearest,False,0.003461122512817383,success
041034429C4C81,2,"['Casa Giulietta', 'San Fermo', 'Torre Lamberti']",Palazzo della Ragione,"['AMO', 'Museo Conte', 'Centro Fotografia', 'Sighseeing', 'Santa Anastasia']",Santa Anastasia,strategy_nearest,True,0.0014650821685791016,success
04103C429C4C81,1,"['Torre Lamberti', 'Palazzo della Ragione', 'Santa Anastasia', 'Casa Giulietta']",Arena,"['Verona Tour', 'Museo Lapidario', 'Museo Radio', 'San Fermo', 'Sighseeing']",Castelvecchio,strategy_nearest,False,0.002043008804321289,success
041055429C4C81,0,['Torre Lamberti'],Arena,"['Verona Tour', 'Museo Lapidario', 'Museo Radio', 'San Fermo', 'Casa Giulietta']",Castelvecchio,strategy_nearest,False,0.0025300979614257812,success
041066429C4C81,3,['San Fermo'],Santa Anastasia,"['AMO', 'Museo Conte', 'Palazzo della Ragione', 'Teatro Romano', 'Centro Fotografia']",Arena,strategy_nearest,False,0.001928091049194336,success
04105B3A9C4C81,3,"['Arena', 'Casa Giulietta']",Santa Anastasia,"['AMO', 'Museo Conte', 'Palazzo della Ragione', 'Teatro Romano', 'Centro Fotografia']",Torre Lamberti,strategy_nearest,False,0.003520965576171875,success
041068429C4C81,0,['Casa Giulietta'],Arena,"['Verona Tour', 'Museo Lapidario', 'Museo Radio', 'San Fermo', 'Sighseeing']",Santa Anastasia,strategy_nearest,False,0.002765178680419922,success
04106F429C4C81,1,"['Museo Lapidario', 'Arena', 'Torre Lamberti']",Palazzo della Ragione,"['AMO', 'Museo Conte', 'Centro Fotografia', 'Sighseeing', 'Santa Anastasia']",Santa Anastasia,strategy_nearest,True,0.0030663013458251953,success
0410723A9C4C81,1,"['Torre Lamberti', 'Palazzo della Ragione']",Arena,"['Verona Tour', 'Museo Lapidario', 'Museo Radio', 'San Fermo', 'Casa Giulietta']",Castelvecchio,strategy_nearest,False,0.0032989978790283203,success
0410794A9C4C81,0,['Arena'],Casa Giulietta,"['Centro Fotografia', 'Sighseeing', 'Torre Lamberti', 'Museo Conte', 'Museo Radio']",Torre Lamberti,strategy_nearest,True,0.0033941268920898438,success
0410763A9C4C80,0,['Castelvecchio'],Arena,"['Verona Tour', 'Museo Lapidario', 'Museo Radio', 'San Fermo', 'Casa Giulietta']",San Zeno,strategy_nearest,False,0.0014820098876953125,success
0410773A9C4C81,3,"['Duomo', 'San Fermo']",Teatro Romano,"['Santa Anastasia', 'AMO', 'Palazzo della Ragione', 'Museo Conte', 'Centro Fotografia']",Arena,strategy_nearest,False,0.001978158950805664,success
04107A3A9C4C80,2,['Museo Lapidario'],Castelvecchio,"['Verona Tour', 'Arena', 'Museo Radio', 'San Zeno', 'Sighseeing']",Casa Giulietta,strategy_nearest,False,0.0016698837280273438,success
04107C3A9C4C80,0,['Arena'],Teatro Romano,"['Santa Anastasia', 'Duomo', 'AMO', 'Palazzo della Ragione', 'Museo Conte']",Castelvecchio,strategy_nearest,False,0.001990795135498047,success
04107A429C4C80,3,"['Arena', 'Casa Giulietta', 'Torre Lamberti']",Santa Anastasia,"['AMO', 'Museo Conte', 'Palazzo della Ragione', 'Teatro Romano', 'Centro Fotografia']",Teatro Romano,strategy_nearest,True,0.0030107498168945312,success
0410814A9C4C81,1,"['Arena', 'Torre Lamberti']",Palazzo della Ragione,"['AMO', 'Museo Conte', 'Centro Fotografia', 'Sighseeing', 'Santa Anastasia']",Teatro Romano,strategy_nearest,False,0.004124879837036133,success
041082429C4C80,0,['Castelvecchio'],Arena,"['Verona Tour', 'Museo Lapidario', 'Museo Radio', 'San Fermo', 'Casa Giulietta']",San Fermo,strategy_nearest,True,0.002485036849975586,success
0410833A9C4C81,0,"['Arena', 'Casa Giulietta']",Torre Lamberti,"['Sighseeing', 'Centro Fotografia', 'Museo Conte', 'Palazzo della Ragione', 'AMO']",Teatro Romano,strategy_nearest,False,0.003206014633178711,success
0410843A9C4C81,1,"['Arena', 'Palazzo della Ragione', 'Casa Giulietta']",Torre Lamberti,"['Sighseeing', 'Centro Fotografia', 'Museo Conte', 'AMO', 'Museo Miniscalchi']",Santa Anastasia,strategy_nearest,False,0.003058195114135742,success
0410854A9C4C81,2,"['Casa Giulietta', 'Torre Lamberti', 'Santa Anastasia']",Teatro Romano,"['Duomo', 'AMO', 'Palazzo della Ragione', 'Museo Conte', 'Centro Fotografia']",San Fermo,strategy_nearest,False,0.0023970603942871094,success
0410864A9C4C80,0,['Casa Giulietta'],Arena,"['Verona Tour', 'Museo Lapidario', 'Museo Radio', 'San Fermo', 'Sighseeing']",Tomba Giulietta,strategy_nearest,False,0.003223896026611328,success
0410884A9C4C80,1,"['Casa Giulietta', 'Arena', 'Castelvecchio']",Santa Anastasia,"['AMO', 'Museo Conte', 'Palazzo della Ragione', 'Teatro Romano', 'Centro Fotografia']",Duomo,strategy_nearest,False,0.0024080276489257812,success
0410864A9C4C81,3,"['Casa Giulietta', 'Torre Lamberti', 'Santa Anastasia']",Teatro Romano,"['Duomo', 'AMO', 'Palazzo della Ragione', 'Museo Conte', 'Centro Fotografia']",Giardino Giusti,strategy_nearest,False,0.0032172203063964844,success
04108B429C4C80,1,"['Arena', 'Palazzo della Ragione', 'Torre Lamberti']",Santa Anastasia,"['AMO', 'Museo Conte', 'Teatro Romano', 'Centro Fotografia', 'Duomo']",Duomo,strategy_nearest,True,0.0025091171264648438,success
041093429C4C81,0,"['Arena', 'Castelvecchio']",Museo Lapidario,"['Verona Tour', 'Museo Radio', 'San Fermo', 'Casa Giulietta', 'Tomba Giulietta']",Tomba Giulietta,strategy_nearest,True,0.0020008087158203125,success
0410904A9C4C81,3,['Arena'],Torre Lamberti,"['Sighseeing', 'Centro Fotografia', 'Museo Conte', 'Casa Giulietta', 'Palazzo della Ragione']",Casa Giulietta,strategy_nearest,True,0.0027887821197509766,success
04108D429C4C80,0,['Castelvecchio'],Arena,"['Verona Tour', 'Museo Lapidario', 'Museo Radio', 'San Fermo', 'Casa Giulietta']",Casa Giulietta,strategy_nearest,True,0.0048389434814453125,success
04109B429C4C80,1,['Torre Lamberti'],Palazzo della Ragione,"['AMO', 'Museo Conte', 'Centro Fotografia', 'Sighseeing', 'Santa Anastasia']",Casa Giulietta,strategy_nearest,False,0.00290679931640625,success
0410A34A9C4C80,0,"['Arena', 'Castelvecchio']",Casa Giulietta,"['Centro Fotografia', 'Sighseeing', 'Torre Lamberti', 'Museo Conte', 'Museo Radio']",Torre Lamberti,strategy_nearest,True,0.0024919509887695312,success
04109D4A9C4C81,0,"['Tomba Giulietta', 'Arena']",Torre Lamberti,"['Sighseeing', 'Centro Fotografia', 'Museo Conte', 'Casa Giulietta', 'Palazzo della Ragione']",Casa Giulietta,strategy_nearest,True,0.0023980140686035156,success
0410A54A9C4C81,1,['Arena'],Tomba Giulietta,"['San Fermo', 'Museo Storia', 'Museo Lapidario', 'Museo Radio', 'Verona Tour']",Casa Giulietta,strategy_nearest,False,0.0030698776245117188,success
0410A4429C4C81,0,['Arena'],San Zeno,"['Castelvecchio', 'Verona Tour', 'Museo Lapidario', 'Museo Miniscalchi', 'Sighseeing']",Castelvecchio,strategy_nearest,True,0.0033860206604003906,success
0410A63A9C4C80,1,"['Arena', 'San Zeno']",Casa Giulietta,"['Centro Fotografia', 'Sighseeing', 'Torre Lamberti', 'Museo Conte', 'Museo Radio']",Torre Lamberti,strategy_nearest,True,0.003322124481201172,success
0410A64A9C4C80,2,['Museo Lapidario'],Castelvecchio,"['Verona Tour', 'Arena', 'Museo Radio', 'San Zeno', 'Sighseeing']",Casa Giulietta,strategy_nearest,False,0.002540111541748047,success
0410AF3A9C4C81,2,['Casa Giulietta'],Giardino Giusti,"['Santa Anastasia', 'Teatro Romano', 'Museo Conte', 'Centro Fotografia', 'Museo Storia']",Teatro Romano,strategy_nearest,True,0.002412080764770508,success
0410A73A9C4C81,0,['Arena'],Santa Anastasia,"['AMO', 'Museo Conte', 'Palazzo della Ragione', 'Teatro Romano', 'Centro Fotografia']",Casa Giulietta,strategy_nearest,False,0.0025849342346191406,success
0410A94A9C4C80,1,['Arena'],Palazzo della Ragione,"['AMO', 'Museo Conte', 'Torre Lamberti', 'Centro Fotografia', 'Sighseeing']",Santa Anastasia,strategy_nearest,False,0.003119945526123047,success
0410B63A9C4C81,0,['Tomba Giulietta'],Arena,"['Verona Tour', 'Museo Lapidario', 'Museo Radio', 'San Fermo', 'Casa Giulietta']",Casa Giulietta,strategy_nearest,True,0.0030028820037841797,success
0410B7429C4C80,3,['Arena'],Torre Lamberti,"['Sighseeing', 'Centro Fotografia', 'Museo Conte', 'Casa Giulietta', 'Palazzo della Ragione']",Casa Giulietta,strategy_nearest,True,0.0024030208587646484,success
0410B6429C4C80,0,['Arena'],Casa Giulietta,"['Centro Fotografia', 'Sighseeing', 'Torre Lamberti', 'Museo Conte', 'Museo Radio']",Torre Lamberti,strategy_nearest,True,0.0018429756164550781,success
0410B7429C4C81,0,['Arena'],Casa Giulietta,"['Centro Fotografia', 'Sighseeing', 'Torre Lamberti', 'Museo Conte', 'Museo Radio']",Duomo,strategy_nearest,False,0.0033483505249023438,success
0410BC3A9C4C81,0,['Torre Lamberti'],Duomo,"['AMO', 'Museo Miniscalchi', 'Santa Anastasia', 'Teatro Romano', 'Palazzo della Ragione']",Arena,strategy_nearest,False,0.002104043960571289,success
0410B9429C4C80,3,['Arena'],Torre Lamberti,"['Sighseeing', 'Centro Fotografia', 'Museo Conte', 'Casa Giulietta', 'Palazzo della Ragione']",Duomo,strategy_nearest,False,0.003947019577026367,success
0410BF3A9C4C81,1,"['Arena', 'Museo Lapidario', 'Casa Giulietta']",Torre Lamberti,"['Sighseeing', 'Centro Fotografia', 'Museo Conte', 'Palazzo della Ragione', 'AMO']",Palazzo della Ragione,strategy_nearest,True,0.003286123275756836,success
0410C0429C4C81,0,['Arena'],Museo Lapidario,"['Verona Tour', 'Castelvecchio', 'Museo Radio', 'San Fermo', 'Casa Giulietta']",Castelvecchio,strategy_nearest,True,0.002975940704345703,success
0410C33A9C4C81,0,['Castelvecchio'],Arena,"['Verona Tour', 'Museo Lapidario', 'Museo Radio', 'San Fermo', 'Casa Giulietta']",Casa Giulietta,strategy_nearest,True,0.001941680908203125,success
0410C23A9C4C81,3,"['Castelvecchio', 'Arena']",Casa Giulietta,"['Centro Fotografia', 'Sighseeing', 'Torre Lamberti', 'Museo Conte', 'Museo Radio']",Santa Anastasia,strategy_nearest,False,0.003155946731567383,success
0410C6429C4C81,1,"['Arena', 'Castelvecchio']",Palazzo della Ragione,"['AMO', 'Museo Conte', 'Torre Lamberti', 'Centro Fotografia', 'Sighseeing']",Torre Lamberti,strategy_nearest,True,0.003322124481201172,success
0410C93A9C4C80,0,['Arena'],Casa Giulietta,"['Centro Fotografia', 'Sighseeing', 'Torre Lamberti', 'Museo Conte', 'Museo Radio']",San Fermo,strategy_nearest,False,0.003007173538208008,success
0410C93A9C4C81,1,['Arena'],Torre Lamberti,"['Sighseeing', 'Centro Fotografia', 'Museo Conte', 'Casa Giulietta', 'Palazzo della Ragione']",Palazzo della Ragione,strategy_nearest,True,0.002794981002807617,success
0410CF429C4C81,1,"['Casa Giulietta', 'Teatro Romano']",Duomo,"['AMO', 'Museo Miniscalchi', 'Santa Anastasia', 'Palazzo della Ragione', 'Museo Conte']",Arena,strategy_nearest,False,0.003268718719482422,success
0410F63A9C4C81,0,['Arena'],Castelvecchio,"['Museo Lapidario', 'Verona Tour', 'Museo Radio', 'San Zeno', 'Sighseeing']",Torre Lamberti,strategy_nearest,False,0.0031211376190185547,success
0410CD3A9C4C81,2,['Teatro Romano'],Casa Giulietta,"['Centro Fotografia', 'Sighseeing', 'Torre Lamberti', 'Museo Conte', 'Museo Radio']",Torre Lamberti,strategy_nearest,True,0.0026769638061523438,success
0410FA3A9C4C81,0,['Castelvecchio'],Arena,"['Verona Tour', 'Museo Lapidario', 'Museo Radio', 'San Fermo', 'Casa Giulietta']",Casa Giulietta,strategy_nearest,True,0.0026121139526367188,success
041102429C4C85,3,"['Santa Anastasia', 'Duomo', 'Giardino Giusti']",Arena,"['Verona Tour', 'Museo Lapidario', 'Museo Radio', 'San Fermo', 'Casa Giulietta']",San Zeno,strategy_nearest,False,0.0026590824127197266,success
0410FB3A9C4C81,0,['Castelvecchio'],Arena,"['Verona Tour', 'Museo Lapidario', 'Museo Radio', 'San Fermo', 'Casa Giulietta']",Casa Giulietta,strategy_nearest,True,0.002560138702392578,success
0411433A9C4C81,3,"['Duomo', 'Santa Anastasia']",Casa Giulietta,"['Centro Fotografia', 'Sighseeing', 'Torre Lamberti', 'Museo Conte', 'Museo Radio']",Arena,strategy_nearest,False,0.001712799072265625,success
04113D429C4C81,1,"['Arena', 'Torre Lamberti']",Palazzo della Ragione,"['AMO', 'Museo Conte', 'Centro Fotografia', 'Sighseeing', 'Santa Anastasia']",Castelvecchio,strategy_nearest,False,0.003100872039794922,success
0411423A9C4C81,3,"['Santa Anastasia', 'Duomo', 'San Zeno']",Castelvecchio,"['Museo Lapidario', 'Verona Tour', 'Arena', 'Museo Radio', 'Sighseeing']",Arena,strategy_nearest,True,0.0023779869079589844,success
041156429C4C81,3,"['Arena', 'Santa Anastasia']",Teatro Romano,"['Duomo', 'AMO', 'Palazzo della Ragione', 'Museo Conte', 'Centro Fotografia']",Duomo,strategy_nearest,True,0.0024261474609375,success
041164429C4C80,0,['Teatro Romano'],Giardino Giusti,"['Santa Anastasia', 'Museo Conte', 'Centro Fotografia', 'Museo Storia', 'AMO']",Arena,strategy_nearest,False,0.002009868621826172,success
0411583A9C4C81,3,"['Arena', 'Casa Giulietta']",Santa Anastasia,"['AMO', 'Museo Conte', 'Palazzo della Ragione', 'Teatro Romano', 'Centro Fotografia']",Castelvecchio,strategy_nearest,False,0.0031850337982177734,success
041168429C4C80,0,['Arena'],Casa Giulietta,"['Centro Fotografia', 'Sighseeing', 'Torre Lamberti', 'Museo Conte', 'Museo Radio']",Castelvecchio,strategy_nearest,False,0.0032110214233398438,success
04116B429C4C80,0,['Arena'],Casa Giulietta,"['Centro Fotografia', 'Sighseeing', 'Torre Lamberti', 'Museo Conte', 'Museo Radio']",Santa Anastasia,strategy_nearest,False,0.002956867218017578,success
04116D429C4C80,0,['Tomba Giulietta'],Arena,"['Verona Tour', 'Museo Lapidario', 'Museo Radio', 'San Fermo', 'Casa Giulietta']",Casa Giulietta,strategy_nearest,True,0.002321004867553711,success
04116C429C4C80,3,"['Casa Giulietta', 'Torre Lamberti']",Arena,"['Verona Tour', 'Museo Lapidario', 'Museo Radio', 'San Fermo', 'Sighseeing']",Santa Anastasia,strategy_nearest,False,0.002474069595336914,success
04116D429C4C81,1,"['Palazzo della Ragione', 'Torre Lamberti', 'Casa Giulietta']",Teatro Romano,"['Santa Anastasia', 'Duomo', 'AMO', 'Museo Conte', 'Centro Fotografia']",Tomba Giulietta,strategy_nearest,False,0.002559185028076172,success
041175429C4C81,0,['Torre Lamberti'],Duomo,"['AMO', 'Museo Miniscalchi', 'Santa Anastasia', 'Teatro Romano', 'Palazzo della Ragione']",Arena,strategy_nearest,False,0.0017468929290771484,success
04116E429C4C80,3,"['Duomo', 'Teatro Romano']",Santa Anastasia,"['AMO', 'Museo Conte', 'Palazzo della Ragione', 'Centro Fotografia', 'Torre Lamberti']",Torre Lamberti,strategy_nearest,True,0.0033521652221679688,success
0411743A9C4C81,3,"['San Fermo', 'Torre Lamberti']",Santa Anastasia,"['AMO', 'Museo Conte', 'Palazzo della Ragione', 'Teatro Romano', 'Centro Fotografia']",Arena,strategy_nearest,False,0.0023801326751708984,success
04117C3A9C4C81,1,['Arena'],Casa Giulietta,"['Centro Fotografia', 'Sighseeing', 'Torre Lamberti', 'Museo Conte', 'Museo Radio']",Torre Lamberti,strategy_nearest,True,0.003289937973022461,success
041182429C4C80,0,['Arena'],Torre Lamberti,"['Sighseeing', 'Centro Fotografia', 'Museo Conte', 'Casa Giulietta', 'Palazzo della Ragione']",Casa Giulietta,strategy_nearest,True,0.002652883529663086,success
0411853A9C4C81,3,"['San Fermo', 'Torre Lamberti']",Santa Anastasia,"['AMO', 'Museo Conte', 'Palazzo della Ragione', 'Teatro Romano', 'Centro Fotografia']",Arena,strategy_nearest,False,0.003268003463745117,success
04117E429C4C81,3,"['Arena', 'Museo Lapidario']",Castelvecchio,"['Verona Tour', 'Museo Radio', 'San Zeno', 'Sighseeing', 'Museo Miniscalchi']",Duomo,strategy_nearest,False,0.002111196517944336,success
041186429C4C80,1,"['Palazzo della Ragione', 'Santa Anastasia']",Duomo,"['AMO', 'Museo Miniscalchi', 'Teatro Romano', 'Museo Conte', 'Torre Lamberti']",San Zeno,strategy_nearest,False,0.003056049346923828,success
0411874A9C4C81,2,"['Santa Anastasia', 'Duomo', 'San Fermo']",San Zeno,"['Castelvecchio', 'Verona Tour', 'Museo Lapidario', 'Arena', 'Museo Miniscalchi']",Palazzo della Ragione,strategy_nearest,False,0.004110097885131836,success
04119E4A9C4C81,3,"['Duomo', 'Santa Anastasia', 'Casa Giulietta']",Torre Lamberti,"['Sighseeing', 'Centro Fotografia', 'Museo Conte', 'Palazzo della Ragione', 'AMO']",San Zeno,strategy_nearest,False,0.0020368099212646484,success
0411924A9C4C81,0,['Museo Lapidario'],Arena,"['Verona Tour', 'Museo Radio', 'San Fermo', 'Casa Giulietta', 'Sighseeing']",Arena,strategy_nearest,False,0.002906322479248047,success
0411A8429C4C80,2,"['Casa Giulietta', 'Torre Lamberti']",Palazzo della Ragione,"['AMO', 'Museo Conte', 'Centro Fotografia', 'Sighseeing', 'Santa Anastasia']",Santa Anastasia,strategy_nearest,True,0.004827976226806641,success
0411A83A9C4C81,3,"['Arena', 'Casa Giulietta']",San Fermo,"['Museo Storia', 'Museo Radio', 'Centro Fotografia', 'Sighseeing', 'Torre Lamberti']",Torre Lamberti,strategy_nearest,True,0.004150867462158203,success
0411A8429C4C81,0,['Arena'],Museo Lapidario,"['Verona Tour', 'Castelvecchio', 'Museo Radio', 'San Fermo', 'Casa Giulietta']",Teatro Romano,strategy_nearest,False,0.005302906036376953,success
0411A94A9C4C81,3,['Arena'],Castelvecchio,"['Museo Lapidario', 'Verona Tour', 'Museo Radio', 'San Zeno', 'Sighseeing']",Santa Anastasia,strategy_nearest,False,0.004456043243408203,success
0411AA3A9C4C81,3,"['Arena', 'Torre Lamberti']",Santa Anastasia,"['AMO', 'Museo Conte', 'Palazzo della Ragione', 'Teatro Romano', 'Centro Fotografia']",Duomo,strategy_nearest,False,0.0021729469299316406,success
0411AB3A9C4C80,1,"['Arena', 'Museo Lapidario', 'Castelvecchio']",Teatro Romano,"['Santa Anastasia', 'Duomo', 'AMO', 'Palazzo della Ragione', 'Museo Conte']",Duomo,strategy_nearest,True,0.0028710365295410156,success
0411AD429C4C81,3,"['Castelvecchio', 'Arena', 'Casa Giulietta']",Torre Lamberti,"['Sighseeing', 'Centro Fotografia', 'Museo Conte', 'Palazzo della Ragione', 'AMO']",Santa Anastasia,strategy_nearest,False,0.002866983413696289,success
0411B0429C4C81,0,['Arena'],Castelvecchio,"['Museo Lapidario', 'Verona Tour', 'Museo Radio', 'San Zeno', 'Sighseeing']",Torre Lamberti,strategy_nearest,False,0.002233266830444336,success
0411AB429C4C80,0,['Torre Lamberti'],Casa Giulietta,"['Centro Fotografia', 'Sighseeing', 'Museo Conte', 'Museo Radio', 'Palazzo della Ragione']",Arena,strategy_nearest,False,0.0045261383056640625,success
0411AF3A9C4C81,6,['Casa Giulietta'],Torre Lamberti,"['Sighseeing', 'Centro Fotografia', 'Museo Conte', 'Palazzo della Ragione', 'AMO']",Duomo,strategy_nearest,False,0.0036230087280273438,success
0411B2429C4C81,0,"['Arena', 'Museo Lapidario']",Teatro Romano,"['Santa Anastasia', 'Duomo', 'AMO', 'Palazzo della Ragione', 'Museo Conte']",Castelvecchio,strategy_nearest,False,0.0038483142852783203,success
0411BB3A9C4C80,3,['Torre Lamberti'],San Fermo,"['Museo Storia', 'Museo Radio', 'Casa Giulietta', 'Centro Fotografia', 'Arena']",Arena,strategy_nearest,True,0.0028448104858398438,success
0411B53A9C4C81,3,"['Arena', 'Museo Lapidario', 'Casa Giulietta']",Torre Lamberti,"['Sighseeing', 'Centro Fotografia', 'Museo Conte', 'Palazzo della Ragione', 'AMO']",Santa Anastasia,strategy_nearest,False,0.002229928970336914,success
0411BC429C4C80,1,"['Arena', 'Casa Giulietta']",Palazzo della Ragione,"['AMO', 'Museo Conte', 'Torre Lamberti', 'Centro Fotografia', 'Sighseeing']",Torre Lamberti,strategy_nearest,True,0.0020198822021484375,success
0411BC429C4C81,1,"['Arena', 'Casa Giulietta']",Palazzo della Ragione,"['AMO', 'Museo Conte', 'Torre Lamberti', 'Centro Fotografia', 'Sighseeing']",Torre Lamberti,strategy_nearest,True,0.002721071243286133,success
0411BC3A9C4C81,1,"['Castelvecchio', 'Arena', 'Torre Lamberti', 'Palazzo della Ragione']",Casa Giulietta,"['Centro Fotografia', 'Sighseeing', 'Museo Conte', 'Museo Radio', 'San Fermo']",Santa Anastasia,strategy_nearest,False,0.002707958221435547,success
0411C23A9C4C80,3,"['Arena', 'Casa Giulietta']",Torre Lamberti,"['Sighseeing', 'Centro Fotografia', 'Museo Conte', 'Palazzo della Ragione', 'AMO']",Santa Anastasia,strategy_nearest,False,0.0030820369720458984,success
0411C4429C4C81,0,['Santa Anastasia'],Arena,"['Verona Tour', 'Museo Lapidario', 'Museo Radio', 'San Fermo', 'Casa Giulietta']",Tomba Giulietta,strategy_nearest,False,0.0022661685943603516,success
0411CB3A9C4C80,2,['San Zeno'],Duomo,"['AMO', 'Museo Miniscalchi', 'Santa Anastasia', 'Teatro Romano', 'Palazzo della Ragione']",Santa Anastasia,strategy_nearest,True,0.0016057491302490234,success
0411C3429C4C81,3,['Arena'],Torre Lamberti,"['Sighseeing', 'Centro Fotografia', 'Museo Conte', 'Casa Giulietta', 'Palazzo della Ragione']",Santa Anastasia,strategy_nearest,False,0.0035719871520996094,success
0411CC3A9C4C80,2,"['Castelvecchio', 'Torre Lamberti', 'Palazzo della Ragione']",Teatro Romano,"['Santa Anastasia', 'Duomo', 'AMO', 'Museo Conte', 'Centro Fotografia']",Museo Storia,strategy_nearest,False,0.0034008026123046875,success
0411CF429C4C81,2,"['Teatro Romano', 'San Zeno', 'Castelvecchio', 'Casa Giulietta']",Duomo,"['AMO', 'Museo Miniscalchi', 'Santa Anastasia', 'Palazzo della Ragione', 'Museo Conte']",Santa Anastasia,strategy_nearest,True,0.0021250247955322266,success
0411CC3A9C4C81,0,['Arena'],Museo Lapidario,"['Verona Tour', 'Castelvecchio', 'Museo Radio', 'San Fermo', 'Casa Giulietta']",Casa Giulietta,strategy_nearest,True,0.0017611980438232422,success
0411CE3A9C4C80,0,['Arena'],Casa Giulietta,"['Centro Fotografia', 'Sighseeing', 'Torre Lamberti', 'Museo Conte', 'Museo Radio']",Torre Lamberti,strategy_nearest,True,0.002833127975463867,success
0411D1429C4C80,3,"['Teatro Romano', 'Castelvecchio']",Arena,"['Verona Tour', 'Museo Lapidario', 'Museo Radio', 'San Fermo', 'Casa Giulietta']",Torre Lamberti,strategy_nearest,False,0.0034530162811279297,success
0411E53A9C4C81,3,"['Santa Anastasia', 'Teatro Romano']",Duomo,"['AMO', 'Museo Miniscalchi', 'Palazzo della Ragione', 'Museo Conte', 'Torre Lamberti']",Arena,strategy_nearest,False,0.0018661022186279297,success
0411F63A9C4C81,0,"['Arena', 'Castelvecchio']",Casa Giulietta,"['Centro Fotografia', 'Sighseeing', 'Torre Lamberti', 'Museo Conte', 'Museo Radio']",Torre Lamberti,strategy_nearest,True,0.0026319026947021484,success
0412423A9C4C81,0,['Arena'],Casa Giulietta,"['Centro Fotografia', 'Sighseeing', 'Torre Lamberti', 'Museo Conte', 'Museo Radio']",Giardino Giusti,strategy_nearest,False,0.003175020217895508,success
041241429C4C81,0,['Castelvecchio'],Arena,"['Verona Tour', 'Museo Lapidario', 'Museo Radio', 'San Fermo', 'Casa Giulietta']",Casa Giulietta,strategy_nearest,True,0.0034110546112060547,success
0412643A9C4C81,6,"['Arena', 'Santa Anastasia', 'Duomo']",Palazzo della Ragione,"['AMO', 'Museo Conte', 'Torre Lamberti', 'Centro Fotografia', 'Sighseeing']",Teatro Romano,strategy_nearest,False,0.0017409324645996094,success
041251429C4C81,0,['Castelvecchio'],Arena,"['Verona Tour', 'Museo Lapidario', 'Museo Radio', 'San Fermo', 'Casa Giulietta']",Casa Giulietta,strategy_nearest,True,0.0023648738861083984,success
041259429C4C81,3,"['Arena', 'Casa Giulietta', 'Santa Anastasia', 'Duomo']",Teatro Romano,"['AMO', 'Palazzo della Ragione', 'Museo Conte', 'Centro Fotografia', 'Museo Miniscalchi']",Torre Lamberti,strategy_nearest,False,0.003537893295288086,success
04126C429C4C81,2,['Palazzo della Ragione'],Casa Giulietta,"['Centro Fotografia', 'Sighseeing', 'Torre Lamberti', 'Museo Conte', 'Museo Radio']",Castelvecchio,strategy_nearest,False,0.0028891563415527344,success
0412743A9C4C81,0,['Arena'],Casa Giulietta,"['Centro Fotografia', 'Sighseeing', 'Torre Lamberti', 'Museo Conte', 'Museo Radio']",Torre Lamberti,strategy_nearest,True,0.0023479461669921875,success
0412783A9C4C81,0,['Arena'],Teatro Romano,"['Santa Anastasia', 'Duomo', 'AMO', 'Palazzo della Ragione', 'Museo Conte']",Castelvecchio,strategy_nearest,False,0.0019240379333496094,success
0412763A9C4C81,3,"['Duomo', 'Teatro Romano', 'Santa Anastasia']",Casa Giulietta,"['Centro Fotografia', 'Sighseeing', 'Torre Lamberti', 'Museo Conte', 'Museo Radio']",Torre Lamberti,strategy_nearest,True,0.0025200843811035156,success
041276429C4C80,0,['Arena'],Casa Giulietta,"['Centro Fotografia', 'Sighseeing', 'Torre Lamberti', 'Museo Conte', 'Museo Radio']",Duomo,strategy_nearest,False,0.0026018619537353516,success
041279429C4C81,0,['Arena'],Casa Giulietta,"['Centro Fotografia', 'Sighseeing', 'Torre Lamberti', 'Museo Conte', 'Museo Radio']",Castelvecchio,strategy_nearest,False,0.0031938552856445312,success
04127D3A9C4C80,0,['Arena'],Casa Giulietta,"['Centro Fotografia', 'Sighseeing', 'Torre Lamberti', 'Museo Conte', 'Museo Radio']",Torre Lamberti,strategy_nearest,True,0.0017962455749511719,success
04127C3A9C4C80,0,['Arena'],Castelvecchio,"['Museo Lapidario', 'Verona Tour', 'Museo Radio', 'San Zeno', 'Sighseeing']",Museo Storia,strategy_nearest,False,0.0031118392944335938,success
0412853A9C4C80,0,['Torre Lamberti'],Teatro Romano,"['Santa Anastasia', 'Duomo', 'AMO', 'Palazzo della Ragione', 'Museo Conte']",Arena,strategy_nearest,False,0.0025320053100585938,success
0412883A9C4C81,3,"['Arena', 'San Fermo', 'Casa Giulietta']",Torre Lamberti,"['Sighseeing', 'Centro Fotografia', 'Museo Conte', 'Palazzo della Ragione', 'AMO']",Santa Anastasia,strategy_nearest,False,0.002960205078125,success
04128A3A9C4C80,0,['Arena'],Casa Giulietta,"['Centro Fotografia', 'Sighseeing', 'Torre Lamberti', 'Museo Conte', 'Museo Radio']",Castelvecchio,strategy_nearest,False,0.002763032913208008,success
04128C3A9C4C80,3,"['Arena', 'Museo Lapidario']",Casa Giulietta,"['Centro Fotografia', 'Sighseeing', 'Torre Lamberti', 'Museo Conte', 'Museo Radio']",Santa Anastasia,strategy_nearest,False,0.003348827362060547,success
04128C3A9C4C81,2,['Casa Giulietta'],Torre Lamberti,"['Sighseeing', 'Centro Fotografia', 'Museo Conte', 'Palazzo della Ragione', 'AMO']",Palazzo della Ragione,strategy_nearest,True,0.0024890899658203125,success
04128C4A9C4C80,1,"['Arena', 'San Fermo', 'Torre Lamberti']",Palazzo della Ragione,"['AMO', 'Museo Conte', 'Centro Fotografia', 'Sighseeing', 'Santa Anastasia']",Casa Giulietta,strategy_nearest,False,0.003159046173095703,success
04129E429C4C81,3,"['Arena', 'Museo Lapidario']",Casa Giulietta,"['Centro Fotografia', 'Sighseeing', 'Torre Lamberti', 'Museo Conte', 'Museo Radio']",Santa Anastasia,strategy_nearest,False,0.0024330615997314453,success
0412A0429C4C80,2,['Torre Lamberti'],Santa Anastasia,"['AMO', 'Museo Conte', 'Palazzo della Ragione', 'Teatro Romano', 'Centro Fotografia']",Duomo,strategy_nearest,False,0.0025339126586914062,success
0412A14A9C4C80,0,"['Arena', 'Casa Giulietta']",Torre Lamberti,"['Sighseeing', 'Centro Fotografia', 'Museo Conte', 'Palazzo della Ragione', 'AMO']",Castelvecchio,strategy_nearest,False,0.0023500919342041016,success
0412A63A9C4C80,0,['Arena'],Tomba Giulietta,"['San Fermo', 'Museo Storia', 'Museo Lapidario', 'Museo Radio', 'Verona Tour']",Castelvecchio,strategy_nearest,False,0.0034999847412109375,success
0412A84A9C4C80,0,['Castelvecchio'],Arena,"['Verona Tour', 'Museo Lapidario', 'Museo Radio', 'San Fermo', 'Casa Giulietta']",Casa Giulietta,strategy_nearest,True,0.0018680095672607422,success
0412A74A9C4C80,0,['Arena'],Casa Giulietta,"['Centro Fotografia', 'Sighseeing', 'Torre Lamberti', 'Museo Conte', 'Museo Radio']",Santa Anastasia,strategy_nearest,False,0.002502918243408203,success
0412A93A9C4C81,3,"['Arena', 'Casa Giulietta']",Duomo,"['AMO', 'Museo Miniscalchi', 'Santa Anastasia', 'Teatro Romano', 'Palazzo della Ragione']",Santa Anastasia,strategy_nearest,True,0.0032379627227783203,success
0412AA3A9C4C80,3,"['Arena', 'Torre Lamberti', 'Santa Anastasia', 'Duomo']",Teatro Romano,"['AMO', 'Palazzo della Ragione', 'Museo Conte', 'Centro Fotografia', 'Museo Miniscalchi']",Castelvecchio,strategy_nearest,False,0.0021240711212158203,success
0412A94A9C4C80,1,"['Museo Lapidario', 'Arena']",Casa Giulietta,"['Centro Fotografia', 'Sighseeing', 'Torre Lamberti', 'Museo Conte', 'Museo Radio']",Torre Lamberti,strategy_nearest,True,0.0028228759765625,success
0412AF3A9C4C80,3,"['Arena', 'Casa Giulietta']",Santa Anastasia,"['AMO', 'Museo Conte', 'Palazzo della Ragione', 'Teatro Romano', 'Centro Fotografia']",Duomo,strategy_nearest,False,0.003278017044067383,success
0412B43A9C4C81,3,['Torre Lamberti'],Duomo,"['AMO', 'Museo Miniscalchi', 'Santa Anastasia', 'Teatro Romano', 'Palazzo della Ragione']",Santa Anastasia,strategy_nearest,True,0.003100872039794922,success
0412B6429C4C80,0,['Arena'],Casa Giulietta,"['Centro Fotografia', 'Sighseeing', 'Torre Lamberti', 'Museo Conte', 'Museo Radio']",Torre Lamberti,strategy_nearest,True,0.0026628971099853516,success
0412B93A9C4C80,1,"['Castelvecchio', 'Santa Anastasia']",Arena,"['Verona Tour', 'Museo Lapidario', 'Museo Radio', 'San Fermo', 'Casa Giulietta']",Torre Lamberti,strategy_nearest,False,0.0034313201904296875,success
0412BA3A9C4C80,0,"['Casa Giulietta', 'Torre Lamberti']",Arena,"['Verona Tour', 'Museo Lapidario', 'Museo Radio', 'San Fermo', 'Sighseeing']",San Zeno,strategy_nearest,False,0.0021529197692871094,success
0412BF429C4C81,0,"['Arena', 'Casa Giulietta']",Torre Lamberti,"['Sighseeing', 'Centro Fotografia', 'Museo Conte', 'Palazzo della Ragione', 'AMO']",Castelvecchio,strategy_nearest,False,0.003281116485595703,success
0412C03A9C4C80,0,['Castelvecchio'],Arena,"['Verona Tour', 'Museo Lapidario', 'Museo Radio', 'San Fermo', 'Casa Giulietta']",Torre Lamberti,strategy_nearest,False,0.001995086669921875,success
0412C8429C4C81,1,['Arena'],Santa Anastasia,"['AMO', 'Museo Conte', 'Palazzo della Ragione', 'Teatro Romano', 'Centro Fotografia']",Casa Giulietta,strategy_nearest,False,0.0026328563690185547,success
0412C53A9C4C80,1,"['Arena', 'Casa Giulietta']",Torre Lamberti,"['Sighseeing', 'Centro Fotografia', 'Museo Conte', 'Palazzo della Ragione', 'AMO']",Palazzo della Ragione,strategy_nearest,True,0.0025658607482910156,success
0412CC3A9C4C80,0,['Arena'],Casa Giulietta,"['Centro Fotografia', 'Sighseeing', 'Torre Lamberti', 'Museo Conte', 'Museo Radio']",Torre Lamberti,strategy_nearest,True,0.0032470226287841797,success
0412D5429C4C81,3,"['Castelvecchio', 'Arena']",San Zeno,"['Verona Tour', 'Museo Lapidario', 'Museo Miniscalchi', 'Sighseeing', 'Museo Radio']",Torre Lamberti,strategy_nearest,False,0.0018939971923828125,success
0412CE429C4C80,3,"['Santa Anastasia', 'Teatro Romano']",Arena,"['Verona Tour', 'Museo Lapidario', 'Museo Radio', 'San Fermo', 'Casa Giulietta']",Museo Lapidario,strategy_nearest,True,0.002619028091430664,success
0412E03A9C4C81,0,['Arena'],Castelvecchio,"['Museo Lapidario', 'Verona Tour', 'Museo Radio', 'San Zeno', 'Sighseeing']",Teatro Romano,strategy_nearest,False,0.002741098403930664,success
0412E63A9C4C81,3,"['Arena', 'Casa Giulietta']",Torre Lamberti,"['Sighseeing', 'Centro Fotografia', 'Museo Conte', 'Palazzo della Ragione', 'AMO']",Duomo,strategy_nearest,False,0.00299072265625,success
0413473A9C4C81,1,"['Arena', 'Museo Lapidario', 'Castelvecchio']",Casa Giulietta,"['Centro Fotografia', 'Sighseeing', 'Torre Lamberti', 'Museo Conte', 'Museo Radio']",Torre Lamberti,strategy_nearest,True,0.0019719600677490234,success
04133C3A9C4C81,3,"['Arena', 'Teatro Romano']",Duomo,"['AMO', 'Museo Miniscalchi', 'Santa Anastasia', 'Palazzo della Ragione', 'Museo Conte']",Santa Anastasia,strategy_nearest,True,0.002741098403930664,success
0413443A9C4C81,1,"['San Fermo', 'Museo Lapidario', 'Arena']",Torre Lamberti,"['Sighseeing', 'Centro Fotografia', 'Museo Conte', 'Casa Giulietta', 'Palazzo della Ragione']",Palazzo della Ragione,strategy_nearest,True,0.003345966339111328,success
0413483A9C4C81,3,"['Arena', 'Torre Lamberti', 'Casa Giulietta']",Tomba Giulietta,"['San Fermo', 'Museo Storia', 'Museo Lapidario', 'Museo Radio', 'Verona Tour']",Castelvecchio,strategy_nearest,False,0.0032341480255126953,success
041352429C4C81,0,['Arena'],Torre Lamberti,"['Sighseeing', 'Centro Fotografia', 'Museo Conte', 'Casa Giulietta', 'Palazzo della Ragione']",Casa Giulietta,strategy_nearest,True,0.002090930938720703,success
041348429C4C81,3,"['Tomba Giulietta', 'Arena', 'San Fermo', 'Casa Giulietta']",Torre Lamberti,"['Sighseeing', 'Centro Fotografia', 'Museo Conte', 'Palazzo della Ragione', 'AMO']",Santa Anastasia,strategy_nearest,False,0.0027680397033691406,success
04135A429C4C81,1,"['Torre Lamberti', 'Palazzo della Ragione']",Casa Giulietta,"['Centro Fotografia', 'Sighseeing', 'Museo Conte', 'Museo Radio', 'San Fermo']",Castelvecchio,strategy_nearest,False,0.002638101577758789,success
04134C429C4C81,3,"['Museo Storia', 'San Fermo', 'Torre Lamberti', 'Santa Anastasia']",Duomo,"['AMO', 'Museo Miniscalchi', 'Teatro Romano', 'Palazzo della Ragione', 'Museo Conte']",Castelvecchio,strategy_nearest,False,0.003507852554321289,success
04135F429C4C81,0,['Teatro Romano'],Arena,"['Verona Tour', 'Museo Lapidario', 'Museo Radio', 'San Fermo', 'Casa Giulietta']",Tomba Giulietta,strategy_nearest,False,0.0024688243865966797,success
04135C429C4C81,3,['Arena'],Castelvecchio,"['Museo Lapidario', 'Verona Tour', 'Museo Radio', 'San Zeno', 'Sighseeing']",Torre Lamberti,strategy_nearest,False,0.0025599002838134766,success
04136E429C4C80,1,['Arena'],San Fermo,"['Museo Storia', 'Museo Radio', 'Casa Giulietta', 'Centro Fotografia', 'Sighseeing']",Palazzo della Ragione,strategy_nearest,False,0.002501964569091797,success
0413733A9C4C81,1,['Arena'],Casa Giulietta,"['Centro Fotografia', 'Sighseeing', 'Torre Lamberti', 'Museo Conte', 'Museo Radio']",Torre Lamberti,strategy_nearest,True,0.0012891292572021484,success
0413723A9C4C81,1,"['Arena', 'Torre Lamberti']",Palazzo della Ragione,"['AMO', 'Museo Conte', 'Centro Fotografia', 'Sighseeing', 'Santa Anastasia']",Santa Anastasia,strategy_nearest,True,0.0026769638061523438,success
0413703A9C4C80,1,"['Arena', 'Castelvecchio', 'Duomo']",Santa Anastasia,"['AMO', 'Museo Conte', 'Palazzo della Ragione', 'Teatro Romano', 'Centro Fotografia']",Torre Lamberti,strategy_nearest,False,0.004752159118652344,success
041374429C4C81,0,['Arena'],Casa Giulietta,"['Centro Fotografia', 'Sighseeing', 'Torre Lamberti', 'Museo Conte', 'Museo Radio']",Torre Lamberti,strategy_nearest,True,0.003265857696533203,success
0413784A9C4C80,0,"['Arena', 'Casa Giulietta']",Torre Lamberti,"['Sighseeing', 'Centro Fotografia', 'Museo Conte', 'Palazzo della Ragione', 'AMO']",Teatro Romano,strategy_nearest,False,0.0022351741790771484,success
04137A4A9C4C81,0,['Arena'],Casa Giulietta,"['Centro Fotografia', 'Sighseeing', 'Torre Lamberti', 'Museo Conte', 'Museo Radio']",Duomo,strategy_nearest,False,0.002073049545288086,success
04137B3A9C4C81,1,"['Arena', 'Castelvecchio', 'Santa Anastasia']",Duomo,"['AMO', 'Museo Miniscalchi', 'Teatro Romano', 'Palazzo della Ragione', 'Museo Conte']",Teatro Romano,strategy_nearest,True,0.0024650096893310547,success
041379429C4C80,0,['Castelvecchio'],Casa Giulietta,"['Centro Fotografia', 'Sighseeing', 'Torre Lamberti', 'Museo Conte', 'Museo Radio']",Torre Lamberti,strategy_nearest,True,0.004056215286254883,success
041382429C4C81,1,"['Casa Giulietta', 'Torre Lamberti']",Palazzo della Ragione,"['AMO', 'Museo Conte', 'Centro Fotografia', 'Sighseeing', 'Santa Anastasia']",Santa Anastasia,strategy_nearest,True,0.0026509761810302734,success
041384429C4C80,1,['Arena'],Palazzo della Ragione,"['AMO', 'Museo Conte', 'Torre Lamberti', 'Centro Fotografia', 'Sighseeing']",Torre Lamberti,strategy_nearest,True,0.002004861831665039,success
0413843A9C4C80,3,"['Arena', 'Arena']",Santa Anastasia,"['AMO', 'Museo Conte', 'Palazzo della Ragione', 'Teatro Romano', 'Centro Fotografia']",Teatro Romano,strategy_nearest,True,0.00395512580871582,success
041386429C4C80,1,"['Arena', 'Castelvecchio', 'Casa Giulietta']",Santa Anastasia,"['AMO', 'Museo Conte', 'Palazzo della Ragione', 'Teatro Romano', 'Centro Fotografia']",Palazzo della Ragione,strategy_nearest,True,0.003225088119506836,success
04138A3A9C4C81,0,['Arena'],Casa Giulietta,"['Centro Fotografia', 'Sighseeing', 'Torre Lamberti', 'Museo Conte', 'Museo Radio']",Santa Anastasia,strategy_nearest,False,0.004561901092529297,success
041399429C4C81,3,"['Arena', 'Casa Giulietta']",Torre Lamberti,"['Sighseeing', 'Centro Fotografia', 'Museo Conte', 'Palazzo della Ragione', 'AMO']",Santa Anastasia,strategy_nearest,False,0.002546072006225586,success
041394429C4C81,0,['Arena'],Casa Giulietta,"['Centro Fotografia', 'Sighseeing', 'Torre Lamberti', 'Museo Conte', 'Museo Radio']",Torre Lamberti,strategy_nearest,True,0.0015032291412353516,success
04138C429C4C80,0,['Castelvecchio'],Arena,"['Verona Tour', 'Museo Lapidario', 'Museo Radio', 'San Fermo', 'Casa Giulietta']",Casa Giulietta,strategy_nearest,True,0.0021250247955322266,success
04139C429C4C80,3,"['Arena', 'Museo Lapidario', 'Castelvecchio']",Duomo,"['AMO', 'Museo Miniscalchi', 'Santa Anastasia', 'Teatro Romano', 'Palazzo della Ragione']",Santa Anastasia,strategy_nearest,True,0.0021750926971435547,success
04139C4A9C4C80,0,['Arena'],Castelvecchio,"['Museo Lapidario', 'Verona Tour', 'Museo Radio', 'San Zeno', 'Sighseeing']",Casa Giulietta,strategy_nearest,False,0.0015599727630615234,success
0413A0429C4C80,2,['Casa Giulietta'],Santa Anastasia,"['AMO', 'Museo Conte', 'Palazzo della Ragione', 'Teatro Romano', 'Centro Fotografia']",Torre Lamberti,strategy_nearest,False,0.002680063247680664,success
04139D429C4C80,1,"['Castelvecchio', 'Arena', 'San Fermo']",Casa Giulietta,"['Centro Fotografia', 'Sighseeing', 'Torre Lamberti', 'Museo Conte', 'Museo Radio']",Torre Lamberti,strategy_nearest,True,0.003449678421020508,success
0413A74A9C4C81,3,"['Arena', 'Torre Lamberti']",Santa Anastasia,"['AMO', 'Museo Conte', 'Palazzo della Ragione', 'Teatro Romano', 'Centro Fotografia']",Casa Giulietta,strategy_nearest,False,0.003422975540161133,success
0413A0429C4C81,1,"['Arena', 'Torre Lamberti']",Palazzo della Ragione,"['AMO', 'Museo Conte', 'Centro Fotografia', 'Sighseeing', 'Santa Anastasia']",Santa Anastasia,strategy_nearest,True,0.002907991409301758,success
0413A1429C4C80,1,"['Arena', 'Castelvecchio']",Palazzo della Ragione,"['AMO', 'Museo Conte', 'Torre Lamberti', 'Centro Fotografia', 'Sighseeing']",Torre Lamberti,strategy_nearest,True,0.00286102294921875,success
0413AB3A9C4C80,0,"['Museo Lapidario', 'Arena']",Casa Giulietta,"['Centro Fotografia', 'Sighseeing', 'Torre Lamberti', 'Museo Conte', 'Museo Radio']",Torre Lamberti,strategy_nearest,True,0.0033049583435058594,success
0413AD3A9C4C81,0,['Castelvecchio'],Casa Giulietta,"['Centro Fotografia', 'Sighseeing', 'Torre Lamberti', 'Museo Conte', 'Museo Radio']",Santa Anastasia,strategy_nearest,False,0.002619028091430664,success
0413AE3A9C4C81,0,"['Arena', 'Casa Giulietta']",San Fermo,"['Museo Storia', 'Museo Radio', 'Centro Fotografia', 'Sighseeing', 'Torre Lamberti']",Museo Storia,strategy_nearest,True,0.0013051033020019531,success
0413AE3A9C4C80,0,['Casa Giulietta'],Arena,"['Verona Tour', 'Museo Lapidario', 'Museo Radio', 'San Fermo', 'Sighseeing']",Tomba Giulietta,strategy_nearest,False,0.0032210350036621094,success
0413B0429C4C80,3,"['Castelvecchio', 'San Zeno', 'Arena']",San Fermo,"['Museo Storia', 'Museo Radio', 'Casa Giulietta', 'Centro Fotografia', 'Sighseeing']",Torre Lamberti,strategy_nearest,False,0.0033910274505615234,success
0413B5429C4C81,3,['Santa Anastasia'],Duomo,"['AMO', 'Museo Miniscalchi', 'Teatro Romano', 'Palazzo della Ragione', 'Museo Conte']",Casa Giulietta,strategy_nearest,False,0.0037419795989990234,success
0413B73A9C4C80,0,['Arena'],Casa Giulietta,"['Centro Fotografia', 'Sighseeing', 'Torre Lamberti', 'Museo Conte', 'Museo Radio']",Teatro Romano,strategy_nearest,False,0.0022678375244140625,success
0413B93A9C4C80,0,['Arena'],Casa Giulietta,"['Centro Fotografia', 'Sighseeing', 'Torre Lamberti', 'Museo Conte', 'Museo Radio']",Torre Lamberti,strategy_nearest,True,0.0035729408264160156,success
0413BB3A9C4C81,0,['Arena'],Castelvecchio,"['Museo Lapidario', 'Verona Tour', 'Museo Radio', 'San Zeno', 'Sighseeing']",Teatro Romano,strategy_nearest,False,0.002310037612915039,success
0413BB429C4C81,0,['Arena'],Casa Giulietta,"['Centro Fotografia', 'Sighseeing', 'Torre Lamberti', 'Museo Conte', 'Museo Radio']",Tomba Giulietta,strategy_nearest,False,0.0021190643310546875,success
0413BD3A9C4C80,3,"['Arena', 'San Zeno']",Torre Lamberti,"['Sighseeing', 'Centro Fotografia', 'Museo Conte', 'Casa Giulietta', 'Palazzo della Ragione']",Duomo,strategy_nearest,False,0.0026040077209472656,success
0413BE3A9C4C80,3,"['Arena', 'Casa Giulietta']",Torre Lamberti,"['Sighseeing', 'Centro Fotografia', 'Museo Conte', 'Palazzo della Ragione', 'AMO']",Santa Anastasia,strategy_nearest,False,0.002936124801635742,success
0413BF3A9C4C81,0,"['Torre Lamberti', 'Arena']",San Fermo,"['Museo Storia', 'Museo Radio', 'Casa Giulietta', 'Centro Fotografia', 'Sighseeing']",Casa Giulietta,strategy_nearest,True,0.002424001693725586,success
0413BE429C4C81,0,['Arena'],Casa Giulietta,"['Centro Fotografia', 'Sighseeing', 'Torre Lamberti', 'Museo Conte', 'Museo Radio']",Teatro Romano,strategy_nearest,False,0.004141807556152344,success
0413D23A9C4C81,3,"['Casa Giulietta', 'Museo Lapidario', 'Arena', 'Tomba Giulietta']",Teatro Romano,"['Santa Anastasia', 'Duomo', 'AMO', 'Palazzo della Ragione', 'Museo Conte']",Santa Anastasia,strategy_nearest,True,0.0021047592163085938,success
0413CC3A9C4C80,1,"['Torre Lamberti', 'Palazzo della Ragione']",Casa Giulietta,"['Centro Fotografia', 'Sighseeing', 'Museo Conte', 'Museo Radio', 'San Fermo']",Castelvecchio,strategy_nearest,False,0.0033338069915771484,success
0413E23A9C4C81,3,['Arena'],Torre Lamberti,"['Sighseeing', 'Centro Fotografia', 'Museo Conte', 'Casa Giulietta', 'Palazzo della Ragione']",Teatro Romano,strategy_nearest,False,0.0028259754180908203,success
0413E63A9C4C81,1,"['Arena', 'Palazzo della Ragione', 'Torre Lamberti', 'Casa Giulietta']",San Fermo,"['Museo Storia', 'Museo Radio', 'Centro Fotografia', 'Sighseeing', 'Museo Conte']",Teatro Romano,strategy_nearest,False,0.0033130645751953125,success
0413EB3A9C4C81,0,['Casa Giulietta'],Teatro Romano,"['Santa Anastasia', 'Duomo', 'AMO', 'Palazzo della Ragione', 'Museo Conte']",Tomba Giulietta,strategy_nearest,False,0.002454996109008789,success
0413FC3A9C4C81,0,['Arena'],Castelvecchio,"['Museo Lapidario', 'Verona Tour', 'Museo Radio', 'San Zeno', 'Sighseeing']",Casa Giulietta,strategy_nearest,False,0.0035212039947509766,success
0414523A9C4C81,0,['Tomba Giulietta'],Arena,"['Verona Tour', 'Museo Lapidario', 'Museo Radio', 'San Fermo', 'Casa Giulietta']",Teatro Romano,strategy_nearest,False,0.003091096878051758,success
0413E73A9C4C81,3,"['Arena', 'Santa Anastasia']",Torre Lamberti,"['Sighseeing', 'Centro Fotografia', 'Museo Conte', 'Casa Giulietta', 'Palazzo della Ragione']",Casa Giulietta,strategy_nearest,True,0.003381013870239258,success
0414553A9C4C81,1,"['Museo Lapidario', 'Castelvecchio', 'San Zeno']",Teatro Romano,"['Santa Anastasia', 'Duomo', 'AMO', 'Palazzo della Ragione', 'Museo Conte']",Arena,strategy_nearest,False,0.0024912357330322266,success
0414663A9C4C81,1,"['Arena', 'Castelvecchio', 'Torre Lamberti']",Palazzo della Ragione,"['AMO', 'Museo Conte', 'Centro Fotografia', 'Sighseeing', 'Santa Anastasia']",Duomo,strategy_nearest,False,0.001936197280883789,success
04145E3A9C4C81,3,"['Santa Anastasia', 'Duomo', 'Torre Lamberti']",Casa Giulietta,"['Centro Fotografia', 'Sighseeing', 'Museo Conte', 'Museo Radio', 'Palazzo della Ragione']",Castelvecchio,strategy_nearest,False,0.0034151077270507812,success
041469429C4C81,3,['Arena'],Casa Giulietta,"['Centro Fotografia', 'Sighseeing', 'Torre Lamberti', 'Museo Conte', 'Museo Radio']",Santa Anastasia,strategy_nearest,False,0.003184795379638672,success
041474429C4C80,3,"['Arena', 'Casa Giulietta']",Torre Lamberti,"['Sighseeing', 'Centro Fotografia', 'Museo Conte', 'Palazzo della Ragione', 'AMO']",Castelvecchio,strategy_nearest,False,0.0023882389068603516,success
04146E429C4C80,2,"['Casa Giulietta', 'Palazzo della Ragione']",Torre Lamberti,"['Sighseeing', 'Centro Fotografia', 'Museo Conte', 'AMO', 'Museo Miniscalchi']",Tomba Giulietta,strategy_nearest,False,0.0031821727752685547,success
041475429C4C80,2,"['Casa Giulietta', 'Palazzo della Ragione', 'Torre Lamberti']",Santa Anastasia,"['AMO', 'Museo Conte', 'Teatro Romano', 'Centro Fotografia', 'Duomo']",Teatro Romano,strategy_nearest,True,0.002457857131958008,success
0414824A9C4C80,1,"['Casa Giulietta', 'Castelvecchio']",Duomo,"['AMO', 'Museo Miniscalchi', 'Santa Anastasia', 'Teatro Romano', 'Palazzo della Ragione']",Palazzo della Ragione,strategy_nearest,True,0.0025539398193359375,success
0414814A9C4C80,0,['Casa Giulietta'],Torre Lamberti,"['Sighseeing', 'Centro Fotografia', 'Museo Conte', 'Palazzo della Ragione', 'AMO']",Arena,strategy_nearest,False,0.0021920204162597656,success
0414844A9C4C81,0,"['Arena', 'Casa Giulietta']",Teatro Romano,"['Santa Anastasia', 'Duomo', 'AMO', 'Palazzo della Ragione', 'Museo Conte']",Castelvecchio,strategy_nearest,False,0.0022640228271484375,success
0414834A9C4C80,1,['Casa Giulietta'],Palazzo della Ragione,"['AMO', 'Museo Conte', 'Torre Lamberti', 'Centro Fotografia', 'Sighseeing']",Torre Lamberti,strategy_nearest,True,0.003119945526123047,success
0414794A9C4C80,3,['Santa Anastasia'],Casa Giulietta,"['Centro Fotografia', 'Sighseeing', 'Torre Lamberti', 'Museo Conte', 'Museo Radio']",Torre Lamberti,strategy_nearest,True,0.004278898239135742,success
0414884A9C4C81,0,['Arena'],Casa Giulietta,"['Centro Fotografia', 'Sighseeing', 'Torre Lamberti', 'Museo Conte', 'Museo Radio']",Castelvecchio,strategy_nearest,False,0.001445770263671875,success
041485429C4C81,0,['Arena'],Museo Lapidario,"['Verona Tour', 'Castelvecchio', 'Museo Radio', 'San Fermo', 'Casa Giulietta']",Casa Giulietta,strategy_nearest,True,0.004051923751831055,success
0414873A9C4C80,3,"['Arena', 'Casa Giulietta']",Santa Anastasia,"['AMO', 'Museo Conte', 'Palazzo della Ragione', 'Teatro Romano', 'Centro Fotografia']",Duomo,strategy_nearest,False,0.0021829605102539062,success
04148A429C4C80,0,['Arena'],Castelvecchio,"['Museo Lapidario', 'Verona Tour', 'Museo Radio', 'San Zeno', 'Sighseeing']",Teatro Romano,strategy_nearest,False,0.003376007080078125,success
04148B3A9C4C81,3,"['Castelvecchio', 'Arena']",Tomba Giulietta,"['San Fermo', 'Museo Storia', 'Museo Lapidario', 'Museo Radio', 'Verona Tour']",Santa Anastasia,strategy_nearest,False,0.0031070709228515625,success
04148A4A9C4C81,0,"['Casa Giulietta', 'Torre Lamberti']",Duomo,"['AMO', 'Museo Miniscalchi', 'Santa Anastasia', 'Teatro Romano', 'Palazzo della Ragione']",Arena,strategy_nearest,False,0.003122091293334961,success
04148B4A9C4C81,1,"['Arena', 'Torre Lamberti']",Palazzo della Ragione,"['AMO', 'Museo Conte', 'Centro Fotografia', 'Sighseeing', 'Santa Anastasia']",Casa Giulietta,strategy_nearest,False,0.0025110244750976562,success
04148F3A9C4C80,1,"['Arena', 'Casa Giulietta']",Teatro Romano,"['Santa Anastasia', 'Duomo', 'AMO', 'Palazzo della Ragione', 'Museo Conte']",Duomo,strategy_nearest,True,0.0031707286834716797,success
0414984A9C4C81,0,['Arena'],Casa Giulietta,"['Centro Fotografia', 'Sighseeing', 'Torre Lamberti', 'Museo Conte', 'Museo Radio']",Torre Lamberti,strategy_nearest,True,0.002483844757080078,success
0414924A9C4C81,3,"['Giardino Giusti', 'Teatro Romano']",Duomo,"['AMO', 'Museo Miniscalchi', 'Santa Anastasia', 'Palazzo della Ragione', 'Museo Conte']",Castelvecchio,strategy_nearest,False,0.0025320053100585938,success
04148F3A9C4C81,0,['Arena'],Duomo,"['AMO', 'Museo Miniscalchi', 'Santa Anastasia', 'Teatro Romano', 'Palazzo della Ragione']",Castelvecchio,strategy_nearest,False,0.0017957687377929688,success
041499429C4C81,1,"['Arena', 'Museo Lapidario']",Casa Giulietta,"['Centro Fotografia', 'Sighseeing', 'Torre Lamberti', 'Museo Conte', 'Museo Radio']",Palazzo della Ragione,strategy_nearest,False,0.00321197509765625,success
04149A429C4C80,3,['Arena'],Torre Lamberti,"['Sighseeing', 'Centro Fotografia', 'Museo Conte', 'Casa Giulietta', 'Palazzo della Ragione']",Santa Anastasia,strategy_nearest,False,0.0021276473999023438,success
04149D429C4C80,0,['Arena'],Castelvecchio,"['Museo Lapidario', 'Verona Tour', 'Museo Radio', 'San Zeno', 'Sighseeing']",San Zeno,strategy_nearest,True,0.0033388137817382812,success
04149C429C4C81,1,"['Arena', 'Casa Giulietta']",Duomo,"['AMO', 'Museo Miniscalchi', 'Santa Anastasia', 'Teatro Romano', 'Palazzo della Ragione']",Palazzo della Ragione,strategy_nearest,True,0.002708911895751953,success
04149E4A9C4C81,3,"['Arena', 'Santa Anastasia']",Duomo,"['AMO', 'Museo Miniscalchi', 'Teatro Romano', 'Palazzo della Ragione', 'Museo Conte']",Teatro Romano,strategy_nearest,True,0.0031960010528564453,success
04149F429C4C81,0,['Arena'],Casa Giulietta,"['Centro Fotografia', 'Sighseeing', 'Torre Lamberti', 'Museo Conte', 'Museo Radio']",Torre Lamberti,strategy_nearest,True,0.0032570362091064453,success
0414A1429C4C81,0,"['Museo Storia', 'Arena']",Castelvecchio,"['Museo Lapidario', 'Verona Tour', 'Museo Radio', 'San Zeno', 'Sighseeing']",Teatro Romano,strategy_nearest,False,0.0018048286437988281,success
0414A34A9C4C81,0,['Arena'],Museo Lapidario,"['Verona Tour', 'Castelvecchio', 'Museo Radio', 'San Fermo', 'Casa Giulietta']",Castelvecchio,strategy_nearest,True,0.0033369064331054688,success
0414A54A9C4C80,3,"['Torre Lamberti', 'Casa Giulietta', 'San Fermo']",Arena,"['Verona Tour', 'Museo Lapidario', 'Museo Radio', 'Sighseeing', 'Castelvecchio']",Santa Anastasia,strategy_nearest,False,0.002938985824584961,success
0414A74A9C4C80,3,['Arena'],Duomo,"['AMO', 'Museo Miniscalchi', 'Santa Anastasia', 'Teatro Romano', 'Palazzo della Ragione']",Santa Anastasia,strategy_nearest,True,0.0023429393768310547,success
0414AA3A9C4C81,0,['Tomba Giulietta'],Arena,"['Verona Tour', 'Museo Lapidario', 'Museo Radio', 'San Fermo', 'Casa Giulietta']",Casa Giulietta,strategy_nearest,True,0.0019481182098388672,success
0414A94A9C4C81,3,"['Arena', 'Casa Giulietta']",Torre Lamberti,"['Sighseeing', 'Centro Fotografia', 'Museo Conte', 'Palazzo della Ragione', 'AMO']",Santa Anastasia,strategy_nearest,False,0.0031969547271728516,success
0414AB3A9C4C80,1,['Arena'],Torre Lamberti,"['Sighseeing', 'Centro Fotografia', 'Museo Conte', 'Casa Giulietta', 'Palazzo della Ragione']",Palazzo della Ragione,strategy_nearest,True,0.0032629966735839844,success
0414AE3A9C4C81,0,['Castelvecchio'],Casa Giulietta,"['Centro Fotografia', 'Sighseeing', 'Torre Lamberti', 'Museo Conte', 'Museo Radio']",Santa Anastasia,strategy_nearest,False,0.0022881031036376953,success
0414AA429C4C80,0,"['Casa Giulietta', 'Arena']",Museo Lapidario,"['Verona Tour', 'Castelvecchio', 'Museo Radio', 'San Fermo', 'Tomba Giulietta']",Tomba Giulietta,strategy_nearest,True,0.0034482479095458984,success
0414AC429C4C81,0,"['Teatro Romano', 'Casa Giulietta']",Torre Lamberti,"['Sighseeing', 'Centro Fotografia', 'Museo Conte', 'Palazzo della Ragione', 'AMO']",Arena,strategy_nearest,False,0.0035409927368164062,success
0414AE429C4C80,3,['Castelvecchio'],Arena,"['Verona Tour', 'Museo Lapidario', 'Museo Radio', 'San Fermo', 'Casa Giulietta']",Torre Lamberti,strategy_nearest,False,0.0024449825286865234,success
0414B43A9C4C81,1,"['Arena', 'Museo Lapidario']",Casa Giulietta,"['Centro Fotografia', 'Sighseeing', 'Torre Lamberti', 'Museo Conte', 'Museo Radio']",Torre Lamberti,strategy_nearest,True,0.0025873184204101562,success
0414BD429C4C81,2,"['Castelvecchio', 'San Fermo']",Palazzo della Ragione,"['AMO', 'Museo Conte', 'Torre Lamberti', 'Centro Fotografia', 'Sighseeing']",Torre Lamberti,strategy_nearest,True,0.0031638145446777344,success
0414B83A9C4C80,3,"['Arena', 'Museo Lapidario', 'Castelvecchio']",Duomo,"['AMO', 'Museo Miniscalchi', 'Santa Anastasia', 'Teatro Romano', 'Palazzo della Ragione']",Teatro Romano,strategy_nearest,True,0.0023641586303710938,success
0414BE429C4C81,1,"['Arena', 'Casa Giulietta', 'Torre Lamberti']",Palazzo della Ragione,"['AMO', 'Museo Conte', 'Centro Fotografia', 'Sighseeing', 'Santa Anastasia']",Teatro Romano,strategy_nearest,False,0.004739046096801758,success
0414C1429C4C81,0,['Arena'],Torre Lamberti,"['Sighseeing', 'Centro Fotografia', 'Museo Conte', 'Casa Giulietta', 'Palazzo della Ragione']",Casa Giulietta,strategy_nearest,True,0.0018460750579833984,success
0414C13A9C4C80,1,"['Tomba Giulietta', 'Arena', 'Torre Lamberti']",Palazzo della Ragione,"['AMO', 'Museo Conte', 'Centro Fotografia', 'Sighseeing', 'Santa Anastasia']",Casa Giulietta,strategy_nearest,False,0.001953125,success
0414C23A9C4C81,0,['Arena'],Castelvecchio,"['Museo Lapidario', 'Verona Tour', 'Museo Radio', 'San Zeno', 'Sighseeing']",Casa Giulietta,strategy_nearest,False,0.0033011436462402344,success
0414CA3A9C4C81,3,['San Zeno'],Arena,"['Verona Tour', 'Museo Lapidario', 'Museo Radio', 'San Fermo', 'Casa Giulietta']",Santa Anastasia,strategy_nearest,False,0.0027709007263183594,success
0414CB429C4C80,0,['Arena'],Castelvecchio,"['Museo Lapidario', 'Verona Tour', 'Museo Radio', 'San Zeno', 'Sighseeing']",Casa Giulietta,strategy_nearest,False,0.0019559860229492188,success
0414CD3A9C4C81,1,"['San Zeno', 'Arena', 'Casa Giulietta']",Torre Lamberti,"['Sighseeing', 'Centro Fotografia', 'Museo Conte', 'Palazzo della Ragione', 'AMO']",Palazzo della Ragione,strategy_nearest,True,0.0032978057861328125,success
0414D3429C4C81,3,"['San Zeno', 'Casa Giulietta']",Torre Lamberti,"['Sighseeing', 'Centro Fotografia', 'Museo Conte', 'Palazzo della Ragione', 'AMO']",Arena,strategy_nearest,False,0.0023412704467773438,success
04153E429C4C81,1,"['Casa Giulietta', 'Torre Lamberti']",Palazzo della Ragione,"['AMO', 'Museo Conte', 'Centro Fotografia', 'Sighseeing', 'Santa Anastasia']",Teatro Romano,strategy_nearest,False,0.0026907920837402344,success
0415473A9C4C81,0,['Arena'],Casa Giulietta,"['Centro Fotografia', 'Sighseeing', 'Torre Lamberti', 'Museo Conte', 'Museo Radio']",Duomo,strategy_nearest,False,0.0033359527587890625,success
0414E13A9C4C81,1,"['Arena', 'Torre Lamberti', 'Palazzo della Ragione']",Castelvecchio,"['Museo Lapidario', 'Verona Tour', 'Museo Radio', 'San Zeno', 'Sighseeing']",Duomo,strategy_nearest,False,0.0018470287322998047,success
0415543A9C4C81,1,"['Arena', 'Castelvecchio', 'San Zeno']",Casa Giulietta,"['Centro Fotografia', 'Sighseeing', 'Torre Lamberti', 'Museo Conte', 'Museo Radio']",Torre Lamberti,strategy_nearest,True,0.0026781558990478516,success
0415573A9C4C81,2,"['Casa Giulietta', 'San Fermo']",San Zeno,"['Castelvecchio', 'Verona Tour', 'Museo Lapidario', 'Arena', 'Museo Miniscalchi']",Santa Anastasia,strategy_nearest,False,0.0022559165954589844,success
041558429C4C81,0,['Arena'],Casa Giulietta,"['Centro Fotografia', 'Sighseeing', 'Torre Lamberti', 'Museo Conte', 'Museo Radio']",Torre Lamberti,strategy_nearest,True,0.0027849674224853516,success
04155B429C4C81,1,"['Teatro Romano', 'Arena']",Casa Giulietta,"['Centro Fotografia', 'Sighseeing', 'Torre Lamberti', 'Museo Conte', 'Museo Radio']",Palazzo della Ragione,strategy_nearest,False,0.0021572113037109375,success
041560429C4C81,1,"['Arena', 'Casa Giulietta', 'Museo Lapidario', 'Castelvecchio']",Torre Lamberti,"['Sighseeing', 'Centro Fotografia', 'Museo Conte', 'Palazzo della Ragione', 'AMO']",Palazzo della Ragione,strategy_nearest,True,0.003142118453979492,success
0415633A9C4C81,3,"['Arena', 'Casa Giulietta']",Torre Lamberti,"['Sighseeing', 'Centro Fotografia', 'Museo Conte', 'Palazzo della Ragione', 'AMO']",Duomo,strategy_nearest,False,0.0031669139862060547,success
0415653A9C4C81,3,"['Torre Lamberti', 'Santa Anastasia', 'Duomo']",Teatro Romano,"['AMO', 'Palazzo della Ragione', 'Museo Conte', 'Centro Fotografia', 'Museo Miniscalchi']",Casa Giulietta,strategy_nearest,False,0.002567291259765625,success
0415733A9C4C81,0,['Arena'],Teatro Romano,"['Santa Anastasia', 'Duomo', 'AMO', 'Palazzo della Ragione', 'Museo Conte']",Giardino Giusti,strategy_nearest,False,0.0033111572265625,success
041576429C4C80,0,['Arena'],Casa Giulietta,"['Centro Fotografia', 'Sighseeing', 'Torre Lamberti', 'Museo Conte', 'Museo Radio']",Torre Lamberti,strategy_nearest,True,0.003404855728149414,success
04157C429C4C80,0,['Arena'],Casa Giulietta,"['Centro Fotografia', 'Sighseeing', 'Torre Lamberti', 'Museo Conte', 'Museo Radio']",Duomo,strategy_nearest,False,0.002863168716430664,success
0415813A9C4C81,0,['Arena'],Castelvecchio,"['Museo Lapidario', 'Verona Tour', 'Museo Radio', 'San Zeno', 'Sighseeing']",Casa Giulietta,strategy_nearest,False,0.004079103469848633,success
0415834A9C4C81,0,['Arena'],Casa Giulietta,"['Centro Fotografia', 'Sighseeing', 'Torre Lamberti', 'Museo Conte', 'Museo Radio']",Duomo,strategy_nearest,False,0.0032918453216552734,success
0415814A9C4C80,0,"['Casa Giulietta', 'Torre Lamberti']",Arena,"['Verona Tour', 'Museo Lapidario', 'Museo Radio', 'San Fermo', 'Sighseeing']",Castelvecchio,strategy_nearest,False,0.0027289390563964844,success
041584429C4C81,3,"['Arena', 'Casa Giulietta']",Santa Anastasia,"['AMO', 'Museo Conte', 'Palazzo della Ragione', 'Teatro Romano', 'Centro Fotografia']",Duomo,strategy_nearest,False,0.002709627151489258,success
04158A4A9C4C80,3,"['Arena', 'Casa Giulietta']",Torre Lamberti,"['Sighseeing', 'Centro Fotografia', 'Museo Conte', 'Palazzo della Ragione', 'AMO']",Santa Anastasia,strategy_nearest,False,0.002679109573364258,success
0415914A9C4C81,1,"['Casa Giulietta', 'Torre Lamberti']",Palazzo della Ragione,"['AMO', 'Museo Conte', 'Centro Fotografia', 'Sighseeing', 'Santa Anastasia']",Arena,strategy_nearest,False,0.0026922225952148438,success
04158F429C4C80,0,['San Zeno'],Arena,"['Verona Tour', 'Museo Lapidario', 'Museo Radio', 'San Fermo', 'Casa Giulietta']",Castelvecchio,strategy_nearest,False,0.00341033935546875,success
04159BBA7B3F80,1,"['Teatro Romano', 'Palazzo della Ragione', 'Casa Giulietta']",Arena,"['Verona Tour', 'Museo Lapidario', 'Museo Radio', 'San Fermo', 'Sighseeing']",Castelvecchio,strategy_nearest,False,0.0031082630157470703,success
0415964A9C4C81,1,"['Arena', 'Casa Giulietta']",Torre Lamberti,"['Sighseeing', 'Centro Fotografia', 'Museo Conte', 'Palazzo della Ragione', 'AMO']",Torre Lamberti,strategy_nearest,False,0.002597332000732422,success
04159D429C4C80,3,['Torre Lamberti'],Santa Anastasia,"['AMO', 'Museo Conte', 'Palazzo della Ragione', 'Teatro Romano', 'Centro Fotografia']",Arena,strategy_nearest,False,0.0031991004943847656,success
04159E429C4C81,3,['Arena'],Casa Giulietta,"['Centro Fotografia', 'Sighseeing', 'Torre Lamberti', 'Museo Conte', 'Museo Radio']",Santa Anastasia,strategy_nearest,False,0.0032351016998291016,success
0415A54A9C4C81,1,"['Arena', 'Casa Giulietta']",Torre Lamberti,"['Sighseeing', 'Centro Fotografia', 'Museo Conte', 'Palazzo della Ragione', 'AMO']",Palazzo della Ragione,strategy_nearest,True,0.0027010440826416016,success
0415A34A9C4C81,3,['Arena'],Santa Anastasia,"['AMO', 'Museo Conte', 'Palazzo della Ragione', 'Teatro Romano', 'Centro Fotografia']",Teatro Romano,strategy_nearest,True,0.003451108932495117,success
0415A64A9C4C80,0,['Arena'],Castelvecchio,"['Museo Lapidario', 'Verona Tour', 'Museo Radio', 'San Zeno', 'Sighseeing']",Tomba Giulietta,strategy_nearest,False,0.003350973129272461,success
0415A8429C4C80,3,"['San Zeno', 'Santa Anastasia']",San Fermo,"['Museo Storia', 'Museo Radio', 'Casa Giulietta', 'Centro Fotografia', 'Arena']",Arena,strategy_nearest,True,0.002808809280395508,success
0415A94A9C4C80,1,"['Casa Giulietta', 'San Fermo', 'Arena']",Torre Lamberti,"['Sighseeing', 'Centro Fotografia', 'Museo Conte', 'Palazzo della Ragione', 'AMO']",Santa Anastasia,strategy_nearest,False,0.0027799606323242188,success
0415AE429C4C81,3,['Duomo'],Santa Anastasia,"['AMO', 'Museo Conte', 'Palazzo della Ragione', 'Teatro Romano', 'Centro Fotografia']",Casa Giulietta,strategy_nearest,False,0.0026481151580810547,success
0415AA3A9C4C80,1,"['Duomo', 'Teatro Romano', 'Santa Anastasia']",Castelvecchio,"['Museo Lapidario', 'Verona Tour', 'Arena', 'Museo Radio', 'San Zeno']",Torre Lamberti,strategy_nearest,False,0.002719879150390625,success
0415AF3A9C4C80,0,['Arena'],Torre Lamberti,"['Sighseeing', 'Centro Fotografia', 'Museo Conte', 'Casa Giulietta', 'Palazzo della Ragione']",Casa Giulietta,strategy_nearest,True,0.0033118724822998047,success
0415B23A9C4C81,0,['San Fermo'],Arena,"['Verona Tour', 'Museo Lapidario', 'Museo Radio', 'Casa Giulietta', 'Sighseeing']",Casa Giulietta,strategy_nearest,True,0.004128932952880859,success
0415B33A9C4C80,0,['Casa Giulietta'],Arena,"['Verona Tour', 'Museo Lapidario', 'Museo Radio', 'San Fermo', 'Sighseeing']",Tomba Giulietta,strategy_nearest,False,0.0015339851379394531,success
0415B5429C4C80,0,['Arena'],Casa Giulietta,"['Centro Fotografia', 'Sighseeing', 'Torre Lamberti', 'Museo Conte', 'Museo Radio']",Torre Lamberti,strategy_nearest,True,0.0032939910888671875,success
0415B53A9C4C80,3,['Arena'],San Zeno,"['Castelvecchio', 'Verona Tour', 'Museo Lapidario', 'Museo Miniscalchi', 'Sighseeing']",San Fermo,strategy_nearest,False,0.002164125442504883,success
0415BB429C4C81,2,"['Castelvecchio', 'San Zeno']",Duomo,"['AMO', 'Museo Miniscalchi', 'Santa Anastasia', 'Teatro Romano', 'Palazzo della Ragione']",Torre Lamberti,strategy_nearest,False,0.002045869827270508,success
0415BD3A9C4C81,0,['Castelvecchio'],Casa Giulietta,"['Centro Fotografia', 'Sighseeing', 'Torre Lamberti', 'Museo Conte', 'Museo Radio']",San Fermo,strategy_nearest,False,0.0024902820587158203,success
0415BF429C4C81,0,['Arena'],Casa Giulietta,"['Centro Fotografia', 'Sighseeing', 'Torre Lamberti', 'Museo Conte', 'Museo Radio']",Torre Lamberti,strategy_nearest,True,0.0034339427947998047,success
0415BC3A9C4C81,3,"['Arena', 'Casa Giulietta']",Torre Lamberti,"['Sighseeing', 'Centro Fotografia', 'Museo Conte', 'Palazzo della Ragione', 'AMO']",Santa Anastasia,strategy_nearest,False,0.0026159286499023438,success
0415C23A9C4C81,0,['Castelvecchio'],Arena,"['Verona Tour', 'Museo Lapidario', 'Museo Radio', 'San Fermo', 'Casa Giulietta']",Casa Giulietta,strategy_nearest,True,0.0026590824127197266,success
0415C23A9C4C80,0,['Arena'],Torre Lamberti,"['Sighseeing', 'Centro Fotografia', 'Museo Conte', 'Casa Giulietta', 'Palazzo della Ragione']",Casa Giulietta,strategy_nearest,True,0.001970052719116211,success
0415CA429C4C81,0,['Arena'],Torre Lamberti,"['Sighseeing', 'Centro Fotografia', 'Museo Conte', 'Casa Giulietta', 'Palazzo della Ragione']",Teatro Romano,strategy_nearest,False,0.002708911895751953,success
0415C63A9C4C81,0,['Arena'],Casa Giulietta,"['Centro Fotografia', 'Sighseeing', 'Torre Lamberti', 'Museo Conte', 'Museo Radio']",Tomba Giulietta,strategy_nearest,False,0.003573179244995117,success
0415CD3A9C4C80,1,"['Arena', 'Castelvecchio']",Museo Lapidario,"['Verona Tour', 'Museo Radio', 'San Fermo', 'Casa Giulietta', 'Tomba Giulietta']",Palazzo della Ragione,strategy_nearest,False,0.002630949020385742,success
0415CF429C4C81,0,"['Arena', 'Castelvecchio']",Tomba Giulietta,"['San Fermo', 'Museo Storia', 'Museo Lapidario', 'Museo Radio', 'Verona Tour']",Casa Giulietta,strategy_nearest,False,0.003392934799194336,success
0415D33A9C4C80,3,"['Arena', 'Torre Lamberti', 'Santa Anastasia']",Teatro Romano,"['Duomo', 'AMO', 'Palazzo della Ragione', 'Museo Conte', 'Centro Fotografia']",Tomba Giulietta,strategy_nearest,False,0.002526998519897461,success
0415D13A9C4C80,3,"['Arena', 'Casa Giulietta', 'San Fermo']",Torre Lamberti,"['Sighseeing', 'Centro Fotografia', 'Museo Conte', 'Palazzo della Ragione', 'AMO']",Duomo,strategy_nearest,False,0.00428009033203125,success
0415D5429C4C81,3,['Tomba Giulietta'],Arena,"['Verona Tour', 'Museo Lapidario', 'Museo Radio', 'San Fermo', 'Casa Giulietta']",San Fermo,strategy_nearest,True,0.003528118133544922,success
0415D83A9C4C80,1,"['Tomba Giulietta', 'Castelvecchio', 'Arena']",Casa Giulietta,"['Centro Fotografia', 'Sighseeing', 'Torre Lamberti', 'Museo Conte', 'Museo Radio']",Palazzo della Ragione,strategy_nearest,False,0.0033278465270996094,success
0415DE3A9C4C81,4,"['Arena', 'Museo Lapidario', 'Museo Radio', 'Tomba Giulietta']",San Fermo,"['Museo Storia', 'Casa Giulietta', 'Centro Fotografia', 'Sighseeing', 'Torre Lamberti']",Casa Giulietta,strategy_nearest,True,0.0018613338470458984,success
0415DF3A9C4C81,0,"['Teatro Romano', 'Arena']",Museo Lapidario,"['Verona Tour', 'Castelvecchio', 'Museo Radio', 'San Fermo', 'Casa Giulietta']",Torre Lamberti,strategy_nearest,False,0.0027780532836914062,success
0415E1429C4C81,3,"['Arena', 'Castelvecchio', 'San Zeno']",San Fermo,"['Museo Storia', 'Museo Radio', 'Casa Giulietta', 'Centro Fotografia', 'Sighseeing']",Casa Giulietta,strategy_nearest,True,0.0028498172760009766,success
0415FA429C4C81,3,"['Castelvecchio', 'Arena']",Torre Lamberti,"['Sighseeing', 'Centro Fotografia', 'Museo Conte', 'Casa Giulietta', 'Palazzo della Ragione']",Santa Anastasia,strategy_nearest,False,0.002390146255493164,success
04163E3A9C4C81,0,['Arena'],Torre Lamberti,"['Sighseeing', 'Centro Fotografia', 'Museo Conte', 'Casa Giulietta', 'Palazzo della Ragione']",Teatro Romano,strategy_nearest,False,0.002939939498901367,success
041653429C4C81,2,"['Castelvecchio', 'Casa Giulietta']",Palazzo della Ragione,"['AMO', 'Museo Conte', 'Torre Lamberti', 'Centro Fotografia', 'Sighseeing']",Torre Lamberti,strategy_nearest,True,0.0018973350524902344,success
04164F429C4C81,1,"['Museo Lapidario', 'Arena', 'Casa Giulietta']",San Fermo,"['Museo Storia', 'Museo Radio', 'Centro Fotografia', 'Sighseeing', 'Torre Lamberti']",Torre Lamberti,strategy_nearest,True,0.002766132354736328,success
041656429C4C81,3,"['Arena', 'Casa Giulietta', 'Torre Lamberti']",Santa Anastasia,"['AMO', 'Museo Conte', 'Palazzo della Ragione', 'Teatro Romano', 'Centro Fotografia']",Duomo,strategy_nearest,False,0.0027132034301757812,success
041657429C4C81,3,"['Arena', 'Casa Giulietta']",Torre Lamberti,"['Sighseeing', 'Centro Fotografia', 'Museo Conte', 'Palazzo della Ragione', 'AMO']",Santa Anastasia,strategy_nearest,False,0.003434896469116211,success
041665429C4C80,3,"['Arena', 'Casa Giulietta']",Torre Lamberti,"['Sighseeing', 'Centro Fotografia', 'Museo Conte', 'Palazzo della Ragione', 'AMO']",Duomo,strategy_nearest,False,0.003465890884399414,success
04166B429C4C81,3,['Arena'],Santa Anastasia,"['AMO', 'Museo Conte', 'Palazzo della Ragione', 'Teatro Romano', 'Centro Fotografia']",Duomo,strategy_nearest,False,0.003113985061645508,success
0416683A9C4C80,0,"['Arena', 'Casa Giulietta']",San Fermo,"['Museo Storia', 'Museo Radio', 'Centro Fotografia', 'Sighseeing', 'Torre Lamberti']",Tomba Giulietta,strategy_nearest,False,0.0025992393493652344,success
04166C429C4C80,0,['Castelvecchio'],Casa Giulietta,"['Centro Fotografia', 'Sighseeing', 'Torre Lamberti', 'Museo Conte', 'Museo Radio']",Arena,strategy_nearest,False,0.003217935562133789,success
0416713A9C4C80,0,['Arena'],Casa Giulietta,"['Centro Fotografia', 'Sighseeing', 'Torre Lamberti', 'Museo Conte', 'Museo Radio']",Teatro Romano,strategy_nearest,False,0.0019550323486328125,success
041671429C4C81,0,['Arena'],Casa Giulietta,"['Centro Fotografia', 'Sighseeing', 'Torre Lamberti', 'Museo Conte', 'Museo Radio']",Tomba Giulietta,strategy_nearest,False,0.002672910690307617,success
0416713A9C4C81,1,"['Castelvecchio', 'Arena', 'Casa Giulietta']",Palazzo della Ragione,"['AMO', 'Museo Conte', 'Torre Lamberti', 'Centro Fotografia', 'Sighseeing']",Torre Lamberti,strategy_nearest,True,0.002094745635986328,success
041676429C4C81,3,['Arena'],Torre Lamberti,"['Sighseeing', 'Centro Fotografia', 'Museo Conte', 'Casa Giulietta', 'Palazzo della Ragione']",Santa Anastasia,strategy_nearest,False,0.0032770633697509766,success
04167C4A9C4C80,1,"['Casa Giulietta', 'Palazzo della Ragione']",Torre Lamberti,"['Sighseeing', 'Centro Fotografia', 'Museo Conte', 'AMO', 'Museo Miniscalchi']",Santa Anastasia,strategy_nearest,False,0.0029718875885009766,success
0416804A9C4C80,0,['Teatro Romano'],Torre Lamberti,"['Sighseeing', 'Centro Fotografia', 'Museo Conte', 'Casa Giulietta', 'Palazzo della Ragione']",Arena,strategy_nearest,False,0.0027828216552734375,success
0416833A9C4C80,3,"['Castelvecchio', 'Arena']",Casa Giulietta,"['Centro Fotografia', 'Sighseeing', 'Torre Lamberti', 'Museo Conte', 'Museo Radio']",Santa Anastasia,strategy_nearest,False,0.0032057762145996094,success
041683429C4C80,2,"['Tomba Giulietta', 'Casa Giulietta']",Palazzo della Ragione,"['AMO', 'Museo Conte', 'Torre Lamberti', 'Centro Fotografia', 'Sighseeing']",Torre Lamberti,strategy_nearest,True,0.002443075180053711,success
0416834A9C4C81,2,['Casa Giulietta'],Teatro Romano,"['Santa Anastasia', 'Duomo', 'AMO', 'Palazzo della Ragione', 'Museo Conte']",Castelvecchio,strategy_nearest,False,0.0030732154846191406,success
0416844A9C4C81,1,['Arena'],Torre Lamberti,"['Sighseeing', 'Centro Fotografia', 'Museo Conte', 'Casa Giulietta', 'Palazzo della Ragione']",Palazzo della Ragione,strategy_nearest,True,0.003328084945678711,success
0416843A9C4C80,2,"['Museo Lapidario', 'Castelvecchio', 'Duomo']",Santa Anastasia,"['AMO', 'Museo Conte', 'Palazzo della Ragione', 'Teatro Romano', 'Centro Fotografia']",Torre Lamberti,strategy_nearest,False,0.002610921859741211,success
0416864A9C4C80,0,['Casa Giulietta'],Torre Lamberti,"['Sighseeing', 'Centro Fotografia', 'Museo Conte', 'Palazzo della Ragione', 'AMO']",Castelvecchio,strategy_nearest,False,0.0032269954681396484,success
0416864A9C4C81,3,"['Casa Giulietta', 'Torre Lamberti', 'Santa Anastasia']",Teatro Romano,"['Duomo', 'AMO', 'Palazzo della Ragione', 'Museo Conte', 'Centro Fotografia']",Giardino Giusti,strategy_nearest,False,0.002998828887939453,success
0416904A9C4C80,0,['Casa Giulietta'],Santa Anastasia,"['AMO', 'Museo Conte', 'Palazzo della Ragione', 'Teatro Romano', 'Centro Fotografia']",Arena,strategy_nearest,False,0.0017828941345214844,success
0416894A9C4C80,1,"['Casa Giulietta', 'Torre Lamberti']",Palazzo della Ragione,"['AMO', 'Museo Conte', 'Centro Fotografia', 'Sighseeing', 'Santa Anastasia']",Arena,strategy_nearest,False,0.0026350021362304688,success
0416914A9C4C80,0,"['Casa Giulietta', 'Arena']",Torre Lamberti,"['Sighseeing', 'Centro Fotografia', 'Museo Conte', 'Palazzo della Ragione', 'AMO']",Teatro Romano,strategy_nearest,False,0.0032761096954345703,success
0416A2429C4C80,0,['Arena'],Casa Giulietta,"['Centro Fotografia', 'Sighseeing', 'Torre Lamberti', 'Museo Conte', 'Museo Radio']",Santa Anastasia,strategy_nearest,False,0.0025641918182373047,success
0416A44A9C4C81,3,"['Arena', 'San Fermo']",Casa Giulietta,"['Centro Fotografia', 'Sighseeing', 'Torre Lamberti', 'Museo Conte', 'Museo Radio']",Torre Lamberti,strategy_nearest,True,0.003332853317260742,success
04169F429C4C80,2,['Museo Lapidario'],Castelvecchio,"['Verona Tour', 'Arena', 'Museo Radio', 'San Zeno', 'Sighseeing']",Teatro Romano,strategy_nearest,False,0.0034439563751220703,success
0416A64A9C4C80,1,"['Casa Giulietta', 'Torre Lamberti', 'Palazzo della Ragione']",Arena,"['Verona Tour', 'Museo Lapidario', 'Museo Radio', 'San Fermo', 'Sighseeing']",Castelvecchio,strategy_nearest,False,0.003209829330444336,success
0416A73A9C4C81,3,"['Torre Lamberti', 'Teatro Romano', 'Santa Anastasia']",San Fermo,"['Museo Storia', 'Museo Radio', 'Casa Giulietta', 'Centro Fotografia', 'Arena']",Tomba Giulietta,strategy_nearest,False,0.0024428367614746094,success
0416AE429C4C80,1,['Torre Lamberti'],Palazzo della Ragione,"['AMO', 'Museo Conte', 'Centro Fotografia', 'Sighseeing', 'Santa Anastasia']",Teatro Romano,strategy_nearest,False,0.002413034439086914,success
0416AA4A9C4C81,0,"['Museo Lapidario', 'Arena']",Castelvecchio,"['Verona Tour', 'Museo Radio', 'San Zeno', 'Sighseeing', 'Museo Miniscalchi']",Torre Lamberti,strategy_nearest,False,0.0025627613067626953,success
0416AF3A9C4C80,0,['Casa Giulietta'],Arena,"['Verona Tour', 'Museo Lapidario', 'Museo Radio', 'San Fermo', 'Sighseeing']",Castelvecchio,strategy_nearest,False,0.00341033935546875,success
0416B2429C4C81,4,"['Torre Lamberti', 'Palazzo della Ragione']",Arena,"['Verona Tour', 'Museo Lapidario', 'Museo Radio', 'San Fermo', 'Casa Giulietta']",Castelvecchio,strategy_nearest,False,0.0019078254699707031,success
0416B0429C4C80,2,"['Museo Lapidario', 'Castelvecchio', 'Torre Lamberti']",Santa Anastasia,"['AMO', 'Museo Conte', 'Palazzo della Ragione', 'Teatro Romano', 'Centro Fotografia']",Casa Giulietta,strategy_nearest,False,0.0033960342407226562,success
0416B4429C4C80,2,"['Casa Giulietta', 'Santa Anastasia', 'Duomo', 'Torre Lamberti']",Palazzo della Ragione,"['AMO', 'Museo Conte', 'Centro Fotografia', 'Sighseeing', 'Museo Miniscalchi']",San Fermo,strategy_nearest,False,0.003078937530517578,success
0416B53A9C4C81,3,"['Arena', 'San Zeno']",Torre Lamberti,"['Sighseeing', 'Centro Fotografia', 'Museo Conte', 'Casa Giulietta', 'Palazzo della Ragione']",Santa Anastasia,strategy_nearest,False,0.003045797348022461,success
0416B83A9C4C80,0,['Arena'],Casa Giulietta,"['Centro Fotografia', 'Sighseeing', 'Torre Lamberti', 'Museo Conte', 'Museo Radio']",Torre Lamberti,strategy_nearest,True,0.0019729137420654297,success
0416C1429C4C81,0,"['Arena', 'Museo Lapidario']",Castelvecchio,"['Verona Tour', 'Museo Radio', 'San Zeno', 'Sighseeing', 'Museo Miniscalchi']",Duomo,strategy_nearest,False,0.0030989646911621094,success
0416B93A9C4C80,3,"['Castelvecchio', 'Arena', 'Torre Lamberti']",San Fermo,"['Museo Storia', 'Museo Radio', 'Casa Giulietta', 'Centro Fotografia', 'Sighseeing']",Tomba Giulietta,strategy_nearest,False,0.002604961395263672,success
0416CD3A9C4C80,0,"['Arena', 'Teatro Romano']",Casa Giulietta,"['Centro Fotografia', 'Sighseeing', 'Torre Lamberti', 'Museo Conte', 'Museo Radio']",San Fermo,strategy_nearest,False,0.0032019615173339844,success
0416CA3A9C4C80,3,"['Castelvecchio', 'San Zeno', 'Casa Giulietta', 'Santa Anastasia']",Teatro Romano,"['Duomo', 'AMO', 'Palazzo della Ragione', 'Museo Conte', 'Centro Fotografia']",San Fermo,strategy_nearest,False,0.002585887908935547,success
0416CF429C4C80,2,['Torre Lamberti'],Castelvecchio,"['Museo Lapidario', 'Verona Tour', 'Arena', 'Museo Radio', 'San Zeno']",Casa Giulietta,strategy_nearest,False,0.0026891231536865234,success
0416D0429C4C80,0,"['Teatro Romano', 'Giardino Giusti']",Arena,"['Verona Tour', 'Museo Lapidario', 'Museo Radio', 'San Fermo', 'Casa Giulietta']",Tomba Giulietta,strategy_nearest,False,0.003165006637573242,success
0416DB3A9C4C81,0,"['Casa Giulietta', 'Arena']",Torre Lamberti,"['Sighseeing', 'Centro Fotografia', 'Museo Conte', 'Palazzo della Ragione', 'AMO']",San Zeno,strategy_nearest,False,0.0025930404663085938,success
0416E43A9C4C81,0,['Arena'],Casa Giulietta,"['Centro Fotografia', 'Sighseeing', 'Torre Lamberti', 'Museo Conte', 'Museo Radio']",Teatro Romano,strategy_nearest,False,0.0033452510833740234,success
0417553A9C4C81,2,['Tomba Giulietta'],Tomba Giulietta,"['San Fermo', 'Museo Storia', 'Arena', 'Museo Lapidario', 'Museo Radio']",Torre Lamberti,strategy_nearest,False,0.0030362606048583984,success
041753429C4C81,1,"['Arena', 'Casa Giulietta']",Torre Lamberti,"['Sighseeing', 'Centro Fotografia', 'Museo Conte', 'Palazzo della Ragione', 'AMO']",Palazzo della Ragione,strategy_nearest,True,0.002525806427001953,success
041759429C4C81,0,['San Zeno'],Arena,"['Verona Tour', 'Museo Lapidario', 'Museo Radio', 'San Fermo', 'Casa Giulietta']",Torre Lamberti,strategy_nearest,False,0.00308990478515625,success
04175D429C4C81,3,"['Tomba Giulietta', 'Arena', 'Casa Giulietta']",Torre Lamberti,"['Sighseeing', 'Centro Fotografia', 'Museo Conte', 'Palazzo della Ragione', 'AMO']",Santa Anastasia,strategy_nearest,False,0.002295970916748047,success
04176E429C4C81,3,"['Arena', 'Casa Giulietta']",Torre Lamberti,"['Sighseeing', 'Centro Fotografia', 'Museo Conte', 'Palazzo della Ragione', 'AMO']",Duomo,strategy_nearest,False,0.0012328624725341797,success
041770429C4C80,0,"['Tomba Giulietta', 'San Fermo']",Casa Giulietta,"['Centro Fotografia', 'Sighseeing', 'Torre Lamberti', 'Museo Conte', 'Museo Radio']",Torre Lamberti,strategy_nearest,True,0.0022110939025878906,success
041770429C4C81,0,['Castelvecchio'],Torre Lamberti,"['Sighseeing', 'Centro Fotografia', 'Museo Conte', 'Casa Giulietta', 'Palazzo della Ragione']",Casa Giulietta,strategy_nearest,True,0.003367185592651367,success
041771429C4C81,0,['Castelvecchio'],Arena,"['Verona Tour', 'Museo Lapidario', 'Museo Radio', 'San Fermo', 'Casa Giulietta']",Giardino Giusti,strategy_nearest,False,0.0025169849395751953,success
041775429C4C81,3,['Arena'],Torre Lamberti,"['Sighseeing', 'Centro Fotografia', 'Museo Conte', 'Casa Giulietta', 'Palazzo della Ragione']",Teatro Romano,strategy_nearest,False,0.003374814987182617,success
041776429C4C81,3,['Arena'],Santa Anastasia,"['AMO', 'Museo Conte', 'Palazzo della Ragione', 'Teatro Romano', 'Centro Fotografia']",Duomo,strategy_nearest,False,0.002051830291748047,success
0417763A9C4C81,0,"['Castelvecchio', 'Arena']",Casa Giulietta,"['Centro Fotografia', 'Sighseeing', 'Torre Lamberti', 'Museo Conte', 'Museo Radio']",Torre Lamberti,strategy_nearest,True,0.0027489662170410156,success
041775429C4C80,0,"['Casa Giulietta', 'Torre Lamberti']",Arena,"['Verona Tour', 'Museo Lapidario', 'Museo Radio', 'San Fermo', 'Sighseeing']",Castelvecchio,strategy_nearest,False,0.0028138160705566406,success
04177B429C4C80,1,"['Arena', 'Castelvecchio']",Santa Anastasia,"['AMO', 'Museo Conte', 'Palazzo della Ragione', 'Teatro Romano', 'Centro Fotografia']",Casa Giulietta,strategy_nearest,False,0.003423929214477539,success
04177B4A9C4C81,0,['Arena'],Torre Lamberti,"['Sighseeing', 'Centro Fotografia', 'Museo Conte', 'Casa Giulietta', 'Palazzo della Ragione']",Casa Giulietta,strategy_nearest,True,0.0020189285278320312,success
04177A4A9C4C81,0,"['Arena', 'Casa Giulietta']",Teatro Romano,"['Santa Anastasia', 'Duomo', 'AMO', 'Palazzo della Ragione', 'Museo Conte']",Giardino Giusti,strategy_nearest,False,0.002875804901123047,success
04177B4A9C4C80,3,"['Torre Lamberti', 'San Zeno', 'Castelvecchio', 'Arena']",San Fermo,"['Museo Storia', 'Museo Radio', 'Casa Giulietta', 'Centro Fotografia', 'Sighseeing']",Giardino Giusti,strategy_nearest,False,0.001608133316040039,success
0417843A9C4C80,0,['Arena'],Casa Giulietta,"['Centro Fotografia', 'Sighseeing', 'Torre Lamberti', 'Museo Conte', 'Museo Radio']",Torre Lamberti,strategy_nearest,True,0.0021250247955322266,success
04177F3A9C4C81,3,['Arena'],San Zeno,"['Castelvecchio', 'Verona Tour', 'Museo Lapidario', 'Museo Miniscalchi', 'Sighseeing']",Castelvecchio,strategy_nearest,True,0.0035300254821777344,success
0417834A9C4C81,0,['Torre Lamberti'],Arena,"['Verona Tour', 'Museo Lapidario', 'Museo Radio', 'San Fermo', 'Casa Giulietta']",Castelvecchio,strategy_nearest,False,0.0015690326690673828,success
041784429C4C80,0,"['Castelvecchio', 'Arena']",San Fermo,"['Museo Storia', 'Museo Radio', 'Casa Giulietta', 'Centro Fotografia', 'Sighseeing']",Casa Giulietta,strategy_nearest,True,0.0026559829711914062,success
041789429C4C80,3,['San Zeno'],Arena,"['Verona Tour', 'Museo Lapidario', 'Museo Radio', 'San Fermo', 'Casa Giulietta']",Torre Lamberti,strategy_nearest,False,0.0033152103424072266,success
0417853A9C4C80,0,['Arena'],Museo Lapidario,"['Verona Tour', 'Castelvecchio', 'Museo Radio', 'San Fermo', 'Casa Giulietta']",Torre Lamberti,strategy_nearest,False,0.0015821456909179688,success
04178B4A9C4C81,3,"['Arena', 'Castelvecchio', 'Santa Anastasia']",Duomo,"['AMO', 'Museo Miniscalchi', 'Teatro Romano', 'Palazzo della Ragione', 'Museo Conte']",Torre Lamberti,strategy_nearest,False,0.002647876739501953,success
0417873A9C4C81,0,['Arena'],San Zeno,"['Castelvecchio', 'Verona Tour', 'Museo Lapidario', 'Museo Miniscalchi', 'Sighseeing']",Castelvecchio,strategy_nearest,True,0.00215911865234375,success
0417904A9C4C81,3,"['Arena', 'Museo Lapidario', 'Casa Giulietta']",Torre Lamberti,"['Sighseeing', 'Centro Fotografia', 'Museo Conte', 'Palazzo della Ragione', 'AMO']",Duomo,strategy_nearest,False,0.00151824951171875,success
04179E4A9C4C81,3,"['Arena', 'Torre Lamberti']",Casa Giulietta,"['Centro Fotografia', 'Sighseeing', 'Museo Conte', 'Museo Radio', 'Palazzo della Ragione']",Duomo,strategy_nearest,False,0.0026481151580810547,success
04179C429C4C80,3,"['Arena', 'Duomo', 'Santa Anastasia']",Torre Lamberti,"['Sighseeing', 'Centro Fotografia', 'Museo Conte', 'Casa Giulietta', 'Palazzo della Ragione']",Casa Giulietta,strategy_nearest,True,0.003467082977294922,success
0417954A9C4C81,0,['Arena'],Casa Giulietta,"['Centro Fotografia', 'Sighseeing', 'Torre Lamberti', 'Museo Conte', 'Museo Radio']",Castelvecchio,strategy_nearest,False,0.002162933349609375,success
04179F429C4C80,2,"['Casa Giulietta', 'Palazzo della Ragione']",Santa Anastasia,"['AMO', 'Museo Conte', 'Teatro Romano', 'Centro Fotografia', 'Duomo']",Duomo,strategy_nearest,True,0.0019621849060058594,success
0417A04A9C4C80,3,['Arena'],Casa Giulietta,"['Centro Fotografia', 'Sighseeing', 'Torre Lamberti', 'Museo Conte', 'Museo Radio']",Torre Lamberti,strategy_nearest,True,0.002721071243286133,success
0417A34A9C4C80,3,['Arena'],Santa Anastasia,"['AMO', 'Museo Conte', 'Palazzo della Ragione', 'Teatro Romano', 'Centro Fotografia']",Torre Lamberti,strategy_nearest,False,0.0035581588745117188,success
0417A34A9C4C81,0,['Arena'],San Fermo,"['Museo Storia', 'Museo Radio', 'Casa Giulietta', 'Centro Fotografia', 'Sighseeing']",Casa Giulietta,strategy_nearest,True,0.002737760543823242,success
0417A44A9C4C80,1,"['Casa Giulietta', 'Torre Lamberti']",Palazzo della Ragione,"['AMO', 'Museo Conte', 'Centro Fotografia', 'Sighseeing', 'Santa Anastasia']",Santa Anastasia,strategy_nearest,True,0.0031249523162841797,success
0417AA4A9C4C81,0,['Castelvecchio'],Arena,"['Verona Tour', 'Museo Lapidario', 'Museo Radio', 'San Fermo', 'Casa Giulietta']",Casa Giulietta,strategy_nearest,True,0.0018219947814941406,success
0417A53A9C4C81,3,['Torre Lamberti'],Duomo,"['AMO', 'Museo Miniscalchi', 'Santa Anastasia', 'Teatro Romano', 'Palazzo della Ragione']",Teatro Romano,strategy_nearest,True,0.003926992416381836,success
0417AA429C4C81,1,"['Arena', 'Museo Lapidario', 'Casa Giulietta', 'Torre Lamberti']",Palazzo della Ragione,"['AMO', 'Museo Conte', 'Centro Fotografia', 'Sighseeing', 'Santa Anastasia']",Santa Anastasia,strategy_nearest,True,0.0031249523162841797,success
0417AB429C4C80,1,"['Castelvecchio', 'Arena', 'Casa Giulietta']",San Fermo,"['Museo Storia', 'Museo Radio', 'Centro Fotografia', 'Sighseeing', 'Torre Lamberti']",Santa Anastasia,strategy_nearest,False,0.002187967300415039,success
0417B6429C4C80,0,['Arena'],Castelvecchio,"['Museo Lapidario', 'Verona Tour', 'Museo Radio', 'San Zeno', 'Sighseeing']",Teatro Romano,strategy_nearest,False,0.0019910335540771484,success
0417B43A9C4C81,3,['Arena'],Santa Anastasia,"['AMO', 'Museo Conte', 'Palazzo della Ragione', 'Teatro Romano', 'Centro Fotografia']",Duomo,strategy_nearest,False,0.0033941268920898438,success
0417B03A9C4C80,0,['Arena'],Casa Giulietta,"['Centro Fotografia', 'Sighseeing', 'Torre Lamberti', 'Museo Conte', 'Museo Radio']",Castelvecchio,strategy_nearest,False,0.0028002262115478516,success
0417BE429C4C80,1,"['Arena', 'Torre Lamberti']",Palazzo della Ragione,"['AMO', 'Museo Conte', 'Centro Fotografia', 'Sighseeing', 'Santa Anastasia']",Duomo,strategy_nearest,False,0.0015671253204345703,success
0417C23A9C4C80,2,"['Casa Giulietta', 'Torre Lamberti']",Palazzo della Ragione,"['AMO', 'Museo Conte', 'Centro Fotografia', 'Sighseeing', 'Santa Anastasia']",Castelvecchio,strategy_nearest,False,0.0033111572265625,success
0417C03A9C4C81,0,['Arena'],Casa Giulietta,"['Centro Fotografia', 'Sighseeing', 'Torre Lamberti', 'Museo Conte', 'Museo Radio']",Palazzo della Ragione,strategy_nearest,False,0.002134084701538086,success
0417BA3A9C4C80,2,"['Torre Lamberti', 'San Fermo']",Teatro Romano,"['Santa Anastasia', 'Duomo', 'AMO', 'Palazzo della Ragione', 'Museo Conte']",Castelvecchio,strategy_nearest,False,0.004004955291748047,success
0417CA429C4C81,3,"['Arena', 'Casa Giulietta']",Santa Anastasia,"['AMO', 'Museo Conte', 'Palazzo della Ragione', 'Teatro Romano', 'Centro Fotografia']",Duomo,strategy_nearest,False,0.0026247501373291016,success
0417CC3A9C4C80,0,['Arena'],Castelvecchio,"['Museo Lapidario', 'Verona Tour', 'Museo Radio', 'San Zeno', 'Sighseeing']",Torre Lamberti,strategy_nearest,False,0.0013837814331054688,success
0417CD3A9C4C80,0,['Arena'],Casa Giulietta,"['Centro Fotografia', 'Sighseeing', 'Torre Lamberti', 'Museo Conte', 'Museo Radio']",San Fermo,strategy_nearest,False,0.0026988983154296875,success
0417CD3A9C4C81,0,['Tomba Giulietta'],Casa Giulietta,"['Centro Fotografia', 'Sighseeing', 'Torre Lamberti', 'Museo Conte', 'Museo Radio']",Arena,strategy_nearest,False,0.0033121109008789062,success
0417D73A9C4C80,3,"['Arena', 'Casa Giulietta']",Torre Lamberti,"['Sighseeing', 'Centro Fotografia', 'Museo Conte', 'Palazzo della Ragione', 'AMO']",Santa Anastasia,strategy_nearest,False,0.002446889877319336,success
0417D63A9C4C80,1,"['Casa Giulietta', 'Arena']",Palazzo della Ragione,"['AMO', 'Museo Conte', 'Torre Lamberti', 'Centro Fotografia', 'Sighseeing']",Duomo,strategy_nearest,False,0.0018310546875,success
0417D7429C4C80,1,"['Arena', 'Torre Lamberti', 'Palazzo della Ragione']",Casa Giulietta,"['Centro Fotografia', 'Sighseeing', 'Museo Conte', 'Museo Radio', 'San Fermo']",San Fermo,strategy_nearest,True,0.002731800079345703,success
0417D93A9C4C81,1,"['Arena', 'Museo Lapidario', 'Casa Giulietta']",Palazzo della Ragione,"['AMO', 'Museo Conte', 'Torre Lamberti', 'Centro Fotografia', 'Sighseeing']",Torre Lamberti,strategy_nearest,True,0.003977298736572266,success
0417DF429C4C80,1,"['Arena', 'Castelvecchio', 'Casa Giulietta']",Torre Lamberti,"['Sighseeing', 'Centro Fotografia', 'Museo Conte', 'Palazzo della Ragione', 'AMO']",Palazzo della Ragione,strategy_nearest,True,0.001775979995727539,success
0417E03A9C4C81,1,"['Arena', 'Casa Giulietta']",Torre Lamberti,"['Sighseeing', 'Centro Fotografia', 'Museo Conte', 'Palazzo della Ragione', 'AMO']",Palazzo della Ragione,strategy_nearest,True,0.0028269290924072266,success
041851429C4C81,0,['Tomba Giulietta'],Torre Lamberti,"['Sighseeing', 'Centro Fotografia', 'Museo Conte', 'Casa Giulietta', 'Palazzo della Ragione']",Arena,strategy_nearest,False,0.002574920654296875,success
04184C3A9C4C81,3,"['Arena', 'Casa Giulietta']",Castelvecchio,"['Museo Lapidario', 'Verona Tour', 'Museo Radio', 'San Zeno', 'Sighseeing']",Santa Anastasia,strategy_nearest,False,0.00327301025390625,success
0417E23A9C4C81,0,['Arena'],Casa Giulietta,"['Centro Fotografia', 'Sighseeing', 'Torre Lamberti', 'Museo Conte', 'Museo Radio']",Castelvecchio,strategy_nearest,False,0.0033059120178222656,success
04185F429C4C81,0,['Teatro Romano'],Arena,"['Verona Tour', 'Museo Lapidario', 'Museo Radio', 'San Fermo', 'Casa Giulietta']",Tomba Giulietta,strategy_nearest,False,0.0019788742065429688,success
0418613A9C4C81,0,"['Casa Giulietta', 'Torre Lamberti']",Arena,"['Verona Tour', 'Museo Lapidario', 'Museo Radio', 'San Fermo', 'Sighseeing']",San Fermo,strategy_nearest,True,0.0019369125366210938,success
041858429C4C81,0,"['Arena', 'Museo Lapidario']",Castelvecchio,"['Verona Tour', 'Museo Radio', 'San Zeno', 'Sighseeing', 'Museo Miniscalchi']",Teatro Romano,strategy_nearest,False,0.0045969486236572266,success
041865429C4C81,3,"['San Zeno', 'Castelvecchio', 'Arena']",Casa Giulietta,"['Centro Fotografia', 'Sighseeing', 'Torre Lamberti', 'Museo Conte', 'Museo Radio']",Torre Lamberti,strategy_nearest,True,0.0035200119018554688,success
04187C4A9C4C81,2,"['Castelvecchio', 'Palazzo della Ragione']",Torre Lamberti,"['Sighseeing', 'Centro Fotografia', 'Museo Conte', 'Casa Giulietta', 'AMO']",Casa Giulietta,strategy_nearest,True,0.0024077892303466797,success
04186A3A9C4C81,2,['Torre Lamberti'],Palazzo della Ragione,"['AMO', 'Museo Conte', 'Centro Fotografia', 'Sighseeing', 'Santa Anastasia']",Castelvecchio,strategy_nearest,False,0.001985788345336914,success
041885429C4C81,0,['San Fermo'],Arena,"['Verona Tour', 'Museo Lapidario', 'Museo Radio', 'Casa Giulietta', 'Sighseeing']",Casa Giulietta,strategy_nearest,True,0.003401041030883789,success
0418864A9C4C81,0,"['Casa Giulietta', 'Torre Lamberti']",Teatro Romano,"['Santa Anastasia', 'Duomo', 'AMO', 'Palazzo della Ragione', 'Museo Conte']",Giardino Giusti,strategy_nearest,False,0.0035669803619384766,success
0418884A9C4C81,1,['Arena'],Torre Lamberti,"['Sighseeing', 'Centro Fotografia', 'Museo Conte', 'Casa Giulietta', 'Palazzo della Ragione']",Palazzo della Ragione,strategy_nearest,True,0.0030388832092285156,success
041891429C4C81,0,['Castelvecchio'],Arena,"['Verona Tour', 'Museo Lapidario', 'Museo Radio', 'San Fermo', 'Casa Giulietta']",Teatro Romano,strategy_nearest,False,0.002418994903564453,success
0418893A9C4C81,0,['Arena'],Castelvecchio,"['Museo Lapidario', 'Verona Tour', 'Museo Radio', 'San Zeno', 'Sighseeing']",Casa Giulietta,strategy_nearest,False,0.0028700828552246094,success
0418914A9C4C81,1,['Arena'],Palazzo della Ragione,"['AMO', 'Museo Conte', 'Torre Lamberti', 'Centro Fotografia', 'Sighseeing']",Torre Lamberti,strategy_nearest,True,0.003287076950073242,success
0418954A9C4C81,3,"['Arena', 'Casa Giulietta']",Santa Anastasia,"['AMO', 'Museo Conte', 'Palazzo della Ragione', 'Teatro Romano', 'Centro Fotografia']",Duomo,strategy_nearest,False,0.002626180648803711,success
0418974A9C4C81,3,"['Arena', 'San Fermo']",Casa Giulietta,"['Centro Fotografia', 'Sighseeing', 'Torre Lamberti', 'Museo Conte', 'Museo Radio']",Torre Lamberti,strategy_nearest,True,0.003294229507446289,success
04189E4A9C4C81,0,"['Museo Lapidario', 'Arena']",Casa Giulietta,"['Centro Fotografia', 'Sighseeing', 'Torre Lamberti', 'Museo Conte', 'Museo Radio']",Torre Lamberti,strategy_nearest,True,0.002507925033569336,success
0418AC3A9C4C81,0,['Arena'],Casa Giulietta,"['Centro Fotografia', 'Sighseeing', 'Torre Lamberti', 'Museo Conte', 'Museo Radio']",Torre Lamberti,strategy_nearest,True,0.002710103988647461,success
0418A24A9C4C81,0,['Arena'],Castelvecchio,"['Museo Lapidario', 'Verona Tour', 'Museo Radio', 'San Zeno', 'Sighseeing']",Casa Giulietta,strategy_nearest,False,0.0028579235076904297,success
0418A64A9C4C81,3,"['San Zeno', 'Duomo', 'Santa Anastasia']",Arena,"['Verona Tour', 'Museo Lapidario', 'Museo Radio', 'San Fermo', 'Casa Giulietta']",Torre Lamberti,strategy_nearest,False,0.0034818649291992188,success
0418AD3A9C4C81,1,['Castelvecchio'],Arena,"['Verona Tour', 'Museo Lapidario', 'Museo Radio', 'San Fermo', 'Casa Giulietta']",Torre Lamberti,strategy_nearest,False,0.003451108932495117,success
0418BC3A9C4C81,0,"['Casa Giulietta', 'Torre Lamberti']",Arena,"['Verona Tour', 'Museo Lapidario', 'Museo Radio', 'San Fermo', 'Sighseeing']",San Zeno,strategy_nearest,False,0.0027360916137695312,success
0418C9429C4C80,1,"['Arena', 'Museo Lapidario', 'Castelvecchio']",Tomba Giulietta,"['San Fermo', 'Museo Storia', 'Museo Radio', 'Verona Tour', 'Casa Giulietta']",Teatro Romano,strategy_nearest,False,0.003317117691040039,success
0418BC429C4C81,0,['Duomo'],Arena,"['Verona Tour', 'Museo Lapidario', 'Museo Radio', 'San Fermo', 'Casa Giulietta']",Castelvecchio,strategy_nearest,False,0.0020720958709716797,success
0418CB3A9C4C81,3,['Arena'],Torre Lamberti,"['Sighseeing', 'Centro Fotografia', 'Museo Conte', 'Casa Giulietta', 'Palazzo della Ragione']",Santa Anastasia,strategy_nearest,False,0.0024361610412597656,success
0418D8429C4C81,1,"['Arena', 'Palazzo della Ragione']",Casa Giulietta,"['Centro Fotografia', 'Sighseeing', 'Torre Lamberti', 'Museo Conte', 'Museo Radio']",Teatro Romano,strategy_nearest,False,0.0018000602722167969,success
0418D93A9C4C81,3,"['San Fermo', 'Casa Giulietta', 'Santa Anastasia', 'Teatro Romano']",San Zeno,"['Castelvecchio', 'Verona Tour', 'Museo Lapidario', 'Arena', 'Museo Miniscalchi']",Castelvecchio,strategy_nearest,True,0.0027818679809570312,success
0418E13A9C4C81,1,"['Museo Storia', 'San Fermo', 'Casa Giulietta', 'Santa Anastasia']",Castelvecchio,"['Museo Lapidario', 'Verona Tour', 'Arena', 'Museo Radio', 'San Zeno']",Arena,strategy_nearest,True,0.0032269954681396484,success
04193F3A9C4C81,0,['Castelvecchio'],Arena,"['Verona Tour', 'Museo Lapidario', 'Museo Radio', 'San Fermo', 'Casa Giulietta']",Casa Giulietta,strategy_nearest,True,0.0024268627166748047,success
041951429C4C81,2,"['Castelvecchio', 'Tomba Giulietta']",San Fermo,"['Museo Storia', 'Museo Radio', 'Casa Giulietta', 'Centro Fotografia', 'Arena']",Palazzo della Ragione,strategy_nearest,False,0.0037717819213867188,success
041957429C4C81,1,"['Arena', 'Casa Giulietta', 'Palazzo della Ragione']",Torre Lamberti,"['Sighseeing', 'Centro Fotografia', 'Museo Conte', 'AMO', 'Museo Miniscalchi']",Santa Anastasia,strategy_nearest,False,0.002431154251098633,success
041955429C4C81,2,['Torre Lamberti'],Duomo,"['AMO', 'Museo Miniscalchi', 'Santa Anastasia', 'Teatro Romano', 'Palazzo della Ragione']",Santa Anastasia,strategy_nearest,True,0.003306150436401367,success
0419523A9C4C81,3,"['San Zeno', 'Castelvecchio', 'Santa Anastasia']",Duomo,"['AMO', 'Museo Miniscalchi', 'Teatro Romano', 'Palazzo della Ragione', 'Museo Conte']",Teatro Romano,strategy_nearest,True,0.003359079360961914,success
04195F429C4C81,0,"['Teatro Romano', 'Casa Giulietta']",Torre Lamberti,"['Sighseeing', 'Centro Fotografia', 'Museo Conte', 'Palazzo della Ragione', 'AMO']",Arena,strategy_nearest,False,0.0033998489379882812,success
0419643A9C4C80,3,"['Arena', 'Santa Anastasia']",Duomo,"['AMO', 'Museo Miniscalchi', 'Teatro Romano', 'Palazzo della Ragione', 'Museo Conte']",Castelvecchio,strategy_nearest,False,0.0014259815216064453,success
0419653A9C4C80,1,"['Arena', 'Torre Lamberti', 'Palazzo della Ragione', 'Duomo']",Teatro Romano,"['Santa Anastasia', 'AMO', 'Museo Conte', 'Centro Fotografia', 'Museo Miniscalchi']",Tomba Giulietta,strategy_nearest,False,0.0028352737426757812,success
041966429C4C80,1,"['Arena', 'Casa Giulietta']",Palazzo della Ragione,"['AMO', 'Museo Conte', 'Torre Lamberti', 'Centro Fotografia', 'Sighseeing']",Torre Lamberti,strategy_nearest,True,0.003281831741333008,success
04196F3A9C4C80,1,"['Arena', 'Castelvecchio', 'San Zeno']",Santa Anastasia,"['AMO', 'Museo Conte', 'Palazzo della Ragione', 'Teatro Romano', 'Centro Fotografia']",Torre Lamberti,strategy_nearest,False,0.0026199817657470703,success
04196F429C4C80,0,['Castelvecchio'],Arena,"['Verona Tour', 'Museo Lapidario', 'Museo Radio', 'San Fermo', 'Casa Giulietta']",Giardino Giusti,strategy_nearest,False,0.0040209293365478516,success
041970429C4C80,3,"['Torre Lamberti', 'Santa Anastasia']",Casa Giulietta,"['Centro Fotografia', 'Sighseeing', 'Museo Conte', 'Museo Radio', 'Palazzo della Ragione']",Arena,strategy_nearest,False,0.002771139144897461,success
0419763A9C4C81,3,"['Arena', 'San Fermo']",Casa Giulietta,"['Centro Fotografia', 'Sighseeing', 'Torre Lamberti', 'Museo Conte', 'Museo Radio']",Santa Anastasia,strategy_nearest,False,0.0020847320556640625,success
041978429C4C81,0,['Arena'],Casa Giulietta,"['Centro Fotografia', 'Sighseeing', 'Torre Lamberti', 'Museo Conte', 'Museo Radio']",Tomba Giulietta,strategy_nearest,False,0.002045154571533203,success
0419773A9C4C81,3,"['Arena', 'Casa Giulietta']",Santa Anastasia,"['AMO', 'Museo Conte', 'Palazzo della Ragione', 'Teatro Romano', 'Centro Fotografia']",Duomo,strategy_nearest,False,0.00315093994140625,success
04197B4A9C4C81,3,['Arena'],Santa Anastasia,"['AMO', 'Museo Conte', 'Palazzo della Ragione', 'Teatro Romano', 'Centro Fotografia']",Casa Giulietta,strategy_nearest,False,0.0024509429931640625,success
04197A4A9C4C80,1,"['Arena', 'Casa Giulietta']",Torre Lamberti,"['Sighseeing', 'Centro Fotografia', 'Museo Conte', 'Palazzo della Ragione', 'AMO']",Palazzo della Ragione,strategy_nearest,True,0.003459930419921875,success
04197F429C4C81,2,['Torre Lamberti'],Santa Anastasia,"['AMO', 'Museo Conte', 'Palazzo della Ragione', 'Teatro Romano', 'Centro Fotografia']",Castelvecchio,strategy_nearest,False,0.002624988555908203,success
0419823A9C4C81,3,['Arena'],Casa Giulietta,"['Centro Fotografia', 'Sighseeing', 'Torre Lamberti', 'Museo Conte', 'Museo Radio']",Torre Lamberti,strategy_nearest,True,0.0033500194549560547,success
0419863A9C4C81,0,['Arena'],Casa Giulietta,"['Centro Fotografia', 'Sighseeing', 'Torre Lamberti', 'Museo Conte', 'Museo Radio']",San Fermo,strategy_nearest,False,0.0032448768615722656,success
0419854A9C4C81,0,['Arena'],Casa Giulietta,"['Centro Fotografia', 'Sighseeing', 'Torre Lamberti', 'Museo Conte', 'Museo Radio']",Castelvecchio,strategy_nearest,False,0.002626180648803711,success
0419883A9C4C80,0,"['Arena', 'Casa Giulietta']",Torre Lamberti,"['Sighseeing', 'Centro Fotografia', 'Museo Conte', 'Palazzo della Ragione', 'AMO']",Castelvecchio,strategy_nearest,False,0.002405881881713867,success
04198B3A9C4C81,1,"['Arena', 'Torre Lamberti']",Palazzo della Ragione,"['AMO', 'Museo Conte', 'Centro Fotografia', 'Sighseeing', 'Santa Anastasia']",Santa Anastasia,strategy_nearest,True,0.002476215362548828,success
04198A429C4C80,3,"['Arena', 'Casa Giulietta', 'Duomo']",Teatro Romano,"['Santa Anastasia', 'AMO', 'Palazzo della Ragione', 'Museo Conte', 'Centro Fotografia']",Giardino Giusti,strategy_nearest,False,0.002524852752685547,success
04199E429C4C81,1,"['Arena', 'Casa Giulietta', 'Santa Anastasia', 'Torre Lamberti']",Santa Anastasia,"['AMO', 'Museo Conte', 'Palazzo della Ragione', 'Teatro Romano', 'Centro Fotografia']",Duomo,strategy_nearest,False,0.0025441646575927734,success
0419914A9C4C80,2,['Santa Anastasia'],Castelvecchio,"['Museo Lapidario', 'Verona Tour', 'Arena', 'Museo Radio', 'San Zeno']",San Zeno,strategy_nearest,True,0.0015091896057128906,success
0419904A9C4C80,3,"['Arena', 'Casa Giulietta']",Torre Lamberti,"['Sighseeing', 'Centro Fotografia', 'Museo Conte', 'Palazzo della Ragione', 'AMO']",Santa Anastasia,strategy_nearest,False,0.003961086273193359,success
04198B4A9C4C81,1,['Arena'],Palazzo della Ragione,"['AMO', 'Museo Conte', 'Torre Lamberti', 'Centro Fotografia', 'Sighseeing']",Casa Giulietta,strategy_nearest,False,0.003381967544555664,success
04199F429C4C80,2,['Torre Lamberti'],Palazzo della Ragione,"['AMO', 'Museo Conte', 'Centro Fotografia', 'Sighseeing', 'Santa Anastasia']",Duomo,strategy_nearest,False,0.0027358531951904297,success
0419A1429C4C80,3,"['Arena', 'Casa Giulietta']",Santa Anastasia,"['AMO', 'Museo Conte', 'Palazzo della Ragione', 'Teatro Romano', 'Centro Fotografia']",Giardino Giusti,strategy_nearest,False,0.002118825912475586,success
0419A4429C4C81,2,"['Torre Lamberti', 'San Fermo']",Castelvecchio,"['Museo Lapidario', 'Verona Tour', 'Arena', 'Museo Radio', 'San Zeno']",San Zeno,strategy_nearest,True,0.0032067298889160156,success
0419A14A9C4C81,3,"['Arena', 'Santa Anastasia']",Teatro Romano,"['Duomo', 'AMO', 'Palazzo della Ragione', 'Museo Conte', 'Centro Fotografia']",Duomo,strategy_nearest,True,0.002658843994140625,success
0419A83A9C4C80,1,['Arena'],Casa Giulietta,"['Centro Fotografia', 'Sighseeing', 'Torre Lamberti', 'Museo Conte', 'Museo Radio']",Torre Lamberti,strategy_nearest,True,0.0019199848175048828,success
0419A93A9C4C81,0,['Arena'],Torre Lamberti,"['Sighseeing', 'Centro Fotografia', 'Museo Conte', 'Casa Giulietta', 'Palazzo della Ragione']",Casa Giulietta,strategy_nearest,True,0.0027298927307128906,success
0419AA429C4C80,0,"['Arena', 'Museo Lapidario']",Casa Giulietta,"['Centro Fotografia', 'Sighseeing', 'Torre Lamberti', 'Museo Conte', 'Museo Radio']",Torre Lamberti,strategy_nearest,True,0.0021009445190429688,success
0419AA4A9C4C80,1,"['Casa Giulietta', 'Arena', 'Castelvecchio']",Santa Anastasia,"['AMO', 'Museo Conte', 'Palazzo della Ragione', 'Teatro Romano', 'Centro Fotografia']",Duomo,strategy_nearest,False,0.003139019012451172,success
0419AB3A9C4C80,0,"['Arena', 'Castelvecchio']",Casa Giulietta,"['Centro Fotografia', 'Sighseeing', 'Torre Lamberti', 'Museo Conte', 'Museo Radio']",Torre Lamberti,strategy_nearest,True,0.0030057430267333984,success
0419B3429C4C81,1,"['Arena', 'Casa Giulietta', 'Torre Lamberti']",Palazzo della Ragione,"['AMO', 'Museo Conte', 'Centro Fotografia', 'Sighseeing', 'Santa Anastasia']",Santa Anastasia,strategy_nearest,True,0.0018796920776367188,success
0419B43A9C4C81,0,['Arena'],Casa Giulietta,"['Centro Fotografia', 'Sighseeing', 'Torre Lamberti', 'Museo Conte', 'Museo Radio']",Castelvecchio,strategy_nearest,False,0.0030930042266845703,success
0419AC3A9C4C81,1,"['Arena', 'Palazzo della Ragione', 'Torre Lamberti', 'Casa Giulietta']",Santa Anastasia,"['AMO', 'Museo Conte', 'Teatro Romano', 'Centro Fotografia', 'Duomo']",Teatro Romano,strategy_nearest,True,0.0031800270080566406,success
0419BD429C4C81,3,"['Arena', 'Museo Lapidario']",Casa Giulietta,"['Centro Fotografia', 'Sighseeing', 'Torre Lamberti', 'Museo Conte', 'Museo Radio']",Santa Anastasia,strategy_nearest,False,0.0021200180053710938,success
0419BE3A9C4C81,0,['Castelvecchio'],Casa Giulietta,"['Centro Fotografia', 'Sighseeing', 'Torre Lamberti', 'Museo Conte', 'Museo Radio']",San Fermo,strategy_nearest,False,0.0029799938201904297,success
0419B8429C4C80,3,"['Arena', 'San Zeno']",Duomo,"['AMO', 'Museo Miniscalchi', 'Santa Anastasia', 'Teatro Romano', 'Palazzo della Ragione']",Santa Anastasia,strategy_nearest,True,0.0031900405883789062,success
0419BD3A9C4C80,3,['Arena'],Casa Giulietta,"['Centro Fotografia', 'Sighseeing', 'Torre Lamberti', 'Museo Conte', 'Museo Radio']",Duomo,strategy_nearest,False,0.0033571720123291016,success
0419C2429C4C81,0,['Arena'],San Zeno,"['Castelvecchio', 'Verona Tour', 'Museo Lapidario', 'Museo Miniscalchi', 'Sighseeing']",Castelvecchio,strategy_nearest,True,0.002646923065185547,success
0419C13A9C4C80,2,['Torre Lamberti'],Santa Anastasia,"['AMO', 'Museo Conte', 'Palazzo della Ragione', 'Teatro Romano', 'Centro Fotografia']",Teatro Romano,strategy_nearest,True,0.0013232231140136719,success
0419BF429C4C80,1,"['Castelvecchio', 'Arena']",Casa Giulietta,"['Centro Fotografia', 'Sighseeing', 'Torre Lamberti', 'Museo Conte', 'Museo Radio']",Palazzo della Ragione,strategy_nearest,False,0.0021278858184814453,success
0419CE3A9C4C81,0,['Arena'],Castelvecchio,"['Museo Lapidario', 'Verona Tour', 'Museo Radio', 'San Zeno', 'Sighseeing']",Santa Anastasia,strategy_nearest,False,0.003301858901977539,success
0419D5429C4C80,0,"['Torre Lamberti', 'Casa Giulietta']",Castelvecchio,"['Museo Lapidario', 'Verona Tour', 'Arena', 'Museo Radio', 'San Zeno']",Arena,strategy_nearest,True,0.0020999908447265625,success
0419D63A9C4C81,3,"['Duomo', 'Torre Lamberti']",San Fermo,"['Museo Storia', 'Museo Radio', 'Casa Giulietta', 'Centro Fotografia', 'Arena']",Arena,strategy_nearest,True,0.0026350021362304688,success
0419D93A9C4C81,0,"['Torre Lamberti', 'San Zeno', 'Casa Giulietta']",Arena,"['Verona Tour', 'Museo Lapidario', 'Museo Radio', 'San Fermo', 'Sighseeing']",Castelvecchio,strategy_nearest,False,0.0030829906463623047,success
0419D0429C4C81,0,"['Arena', 'Castelvecchio']",Tomba Giulietta,"['San Fermo', 'Museo Storia', 'Museo Lapidario', 'Museo Radio', 'Verona Tour']",Casa Giulietta,strategy_nearest,False,0.002788066864013672,success
0419DA3A9C4C80,1,"['Arena', 'Casa Giulietta']",Palazzo della Ragione,"['AMO', 'Museo Conte', 'Torre Lamberti', 'Centro Fotografia', 'Sighseeing']",Torre Lamberti,strategy_nearest,True,0.0019080638885498047,success
0419DE3A9C4C81,1,"['Casa Giulietta', 'Palazzo della Ragione']",Torre Lamberti,"['Sighseeing', 'Centro Fotografia', 'Museo Conte', 'AMO', 'Museo Miniscalchi']",Museo Lapidario,strategy_nearest,False,0.002504110336303711,success
041A46429C4C81,0,['Casa Giulietta'],Torre Lamberti,"['Sighseeing', 'Centro Fotografia', 'Museo Conte', 'Palazzo della Ragione', 'AMO']",Arena,strategy_nearest,False,0.0025081634521484375,success
0419E23A9C4C80,0,['Arena'],Casa Giulietta,"['Centro Fotografia', 'Sighseeing', 'Torre Lamberti', 'Museo Conte', 'Museo Radio']",Torre Lamberti,strategy_nearest,True,0.0026378631591796875,success
041A51429C4C81,0,['Castelvecchio'],Arena,"['Verona Tour', 'Museo Lapidario', 'Museo Radio', 'San Fermo', 'Casa Giulietta']",Casa Giulietta,strategy_nearest,True,0.002516031265258789,success
041A52429C4C80,3,"['Duomo', 'Giardino Giusti', 'Teatro Romano']",Torre Lamberti,"['Sighseeing', 'Centro Fotografia', 'Museo Conte', 'Casa Giulietta', 'Palazzo della Ragione']",Arena,strategy_nearest,False,0.003159046173095703,success
041A543A9C4C81,3,"['Tomba Giulietta', 'San Fermo', 'Casa Giulietta']",Torre Lamberti,"['Sighseeing', 'Centro Fotografia', 'Museo Conte', 'Palazzo della Ragione', 'AMO']",Santa Anastasia,strategy_nearest,False,0.0027189254760742188,success
041A5B429C4C80,0,"['Arena', 'Casa Giulietta']",Torre Lamberti,"['Sighseeing', 'Centro Fotografia', 'Museo Conte', 'Palazzo della Ragione', 'AMO']",Teatro Romano,strategy_nearest,False,0.0026721954345703125,success
041A5D3A9C4C80,1,"['Casa Giulietta', 'San Fermo', 'Tomba Giulietta', 'Palazzo della Ragione']",Torre Lamberti,"['Sighseeing', 'Centro Fotografia', 'Museo Conte', 'AMO', 'Museo Miniscalchi']",Santa Anastasia,strategy_nearest,False,0.0026907920837402344,success
041A5A3A9C4C80,3,"['Arena', 'Casa Giulietta']",Santa Anastasia,"['AMO', 'Museo Conte', 'Palazzo della Ragione', 'Teatro Romano', 'Centro Fotografia']",Torre Lamberti,strategy_nearest,False,0.004578113555908203,success
041A6B429C4C81,1,"['Arena', 'Santa Anastasia']",Teatro Romano,"['Duomo', 'AMO', 'Palazzo della Ragione', 'Museo Conte', 'Centro Fotografia']",Duomo,strategy_nearest,True,0.0025129318237304688,success
041A69429C4C81,3,['Arena'],Casa Giulietta,"['Centro Fotografia', 'Sighseeing', 'Torre Lamberti', 'Museo Conte', 'Museo Radio']",Torre Lamberti,strategy_nearest,True,0.0037851333618164062,success
041A743A9C4C81,3,"['Torre Lamberti', 'Duomo']",Teatro Romano,"['Santa Anastasia', 'AMO', 'Palazzo della Ragione', 'Museo Conte', 'Centro Fotografia']",Arena,strategy_nearest,False,0.0025658607482910156,success
041A763A9C4C80,0,['Arena'],Torre Lamberti,"['Sighseeing', 'Centro Fotografia', 'Museo Conte', 'Casa Giulietta', 'Palazzo della Ragione']",Casa Giulietta,strategy_nearest,True,0.0033779144287109375,success
041A79429C4C81,0,"['Arena', 'Casa Giulietta']",San Fermo,"['Museo Storia', 'Museo Radio', 'Centro Fotografia', 'Sighseeing', 'Torre Lamberti']",Torre Lamberti,strategy_nearest,True,0.0019676685333251953,success
041A78429C4C81,2,['Palazzo della Ragione'],Teatro Romano,"['Santa Anastasia', 'Duomo', 'AMO', 'Museo Conte', 'Centro Fotografia']",Torre Lamberti,strategy_nearest,False,0.00337982177734375,success
041A7B429C4C80,3,"['San Zeno', 'Torre Lamberti']",Santa Anastasia,"['AMO', 'Museo Conte', 'Palazzo della Ragione', 'Teatro Romano', 'Centro Fotografia']",Teatro Romano,strategy_nearest,True,0.0033347606658935547,success
041A7B4A9C4C81,2,['Torre Lamberti'],Santa Anastasia,"['AMO', 'Museo Conte', 'Palazzo della Ragione', 'Teatro Romano', 'Centro Fotografia']",Castelvecchio,strategy_nearest,False,0.0034058094024658203,success
041A854A9C4C81,3,"['Arena', 'Museo Lapidario', 'Castelvecchio']",Duomo,"['AMO', 'Museo Miniscalchi', 'Santa Anastasia', 'Teatro Romano', 'Palazzo della Ragione']",Santa Anastasia,strategy_nearest,True,0.0031287670135498047,success
041A874A9C4C80,3,"['Casa Giulietta', 'Santa Anastasia']",Duomo,"['AMO', 'Museo Miniscalchi', 'Teatro Romano', 'Palazzo della Ragione', 'Museo Conte']",Arena,strategy_nearest,False,0.003160238265991211,success
041A87429C4C81,0,['Arena'],Castelvecchio,"['Museo Lapidario', 'Verona Tour', 'Museo Radio', 'San Zeno', 'Sighseeing']",Casa Giulietta,strategy_nearest,False,0.0017437934875488281,success
041A88429C4C81,0,['Castelvecchio'],Torre Lamberti,"['Sighseeing', 'Centro Fotografia', 'Museo Conte', 'Casa Giulietta', 'Palazzo della Ragione']",Casa Giulietta,strategy_nearest,True,0.0017969608306884766,success
041A8D3A9C4C81,1,"['Arena', 'Casa Giulietta']",Duomo,"['AMO', 'Museo Miniscalchi', 'Santa Anastasia', 'Teatro Romano', 'Palazzo della Ragione']",Torre Lamberti,strategy_nearest,False,0.0026187896728515625,success
041A8A3A9C4C81,0,['Tomba Giulietta'],Casa Giulietta,"['Centro Fotografia', 'Sighseeing', 'Torre Lamberti', 'Museo Conte', 'Museo Radio']",Arena,strategy_nearest,False,0.002496004104614258,success
041A8A4A9C4C81,0,"['Casa Giulietta', 'Torre Lamberti']",Arena,"['Verona Tour', 'Museo Lapidario', 'Museo Radio', 'San Fermo', 'Sighseeing']",Teatro Romano,strategy_nearest,False,0.0033941268920898438,success
041A914A9C4C80,2,"['Palazzo della Ragione', 'Torre Lamberti']",Casa Giulietta,"['Centro Fotografia', 'Sighseeing', 'Museo Conte', 'Museo Radio', 'San Fermo']",Santa Anastasia,strategy_nearest,False,0.002611875534057617,success
041A934A9C4C80,3,"['Casa Giulietta', 'Teatro Romano']",Arena,"['Verona Tour', 'Museo Lapidario', 'Museo Radio', 'San Fermo', 'Sighseeing']",Santa Anastasia,strategy_nearest,False,0.0022630691528320312,success
041A95429C4C80,6,['Arena'],Casa Giulietta,"['Centro Fotografia', 'Sighseeing', 'Torre Lamberti', 'Museo Conte', 'Museo Radio']",Palazzo della Ragione,strategy_nearest,False,0.0031728744506835938,success
041A994A9C4C80,0,['Tomba Giulietta'],Arena,"['Verona Tour', 'Museo Lapidario', 'Museo Radio', 'San Fermo', 'Casa Giulietta']",Casa Giulietta,strategy_nearest,True,0.0017557144165039062,success
041A99429C4C80,1,"['Tomba Giulietta', 'Arena']",Torre Lamberti,"['Sighseeing', 'Centro Fotografia', 'Museo Conte', 'Casa Giulietta', 'Palazzo della Ragione']",Palazzo della Ragione,strategy_nearest,True,0.002553224563598633,success
041A9A429C4C80,1,"['Tomba Giulietta', 'Arena']",Casa Giulietta,"['Centro Fotografia', 'Sighseeing', 'Torre Lamberti', 'Museo Conte', 'Museo Radio']",Torre Lamberti,strategy_nearest,True,0.003178119659423828,success
041A9E4A9C4C81,3,"['Arena', 'Torre Lamberti']",Santa Anastasia,"['AMO', 'Museo Conte', 'Palazzo della Ragione', 'Teatro Romano', 'Centro Fotografia']",Teatro Romano,strategy_nearest,True,0.0023300647735595703,success
041A9B429C4C81,0,"['Arena', 'Casa Giulietta']",Casa Giulietta,"['Centro Fotografia', 'Sighseeing', 'Torre Lamberti', 'Museo Conte', 'Museo Radio']",Santa Anastasia,strategy_nearest,False,0.002683877944946289,success
041A9E429C4C81,3,"['San Zeno', 'Castelvecchio', 'Arena']",Duomo,"['AMO', 'Museo Miniscalchi', 'Santa Anastasia', 'Teatro Romano', 'Palazzo della Ragione']",Teatro Romano,strategy_nearest,True,0.0031278133392333984,success
041AA0429C4C81,2,['Casa Giulietta'],Santa Anastasia,"['AMO', 'Museo Conte', 'Palazzo della Ragione', 'Teatro Romano', 'Centro Fotografia']",Duomo,strategy_nearest,False,0.0020720958709716797,success
041A9F429C4C81,2,['Santa Anastasia'],Duomo,"['AMO', 'Museo Miniscalchi', 'Teatro Romano', 'Palazzo della Ragione', 'Museo Conte']",San Zeno,strategy_nearest,False,0.003367900848388672,success
041A9F4A9C4C81,0,"['Tomba Giulietta', 'Arena']",Casa Giulietta,"['Centro Fotografia', 'Sighseeing', 'Torre Lamberti', 'Museo Conte', 'Museo Radio']",Torre Lamberti,strategy_nearest,True,0.0015087127685546875,success
041AA14A9C4C80,3,"['Arena', 'Castelvecchio']",Teatro Romano,"['Santa Anastasia', 'Duomo', 'AMO', 'Palazzo della Ragione', 'Museo Conte']",Duomo,strategy_nearest,True,0.003173828125,success
041AA24A9C4C80,3,"['Arena', 'Casa Giulietta']",Torre Lamberti,"['Sighseeing', 'Centro Fotografia', 'Museo Conte', 'Palazzo della Ragione', 'AMO']",Santa Anastasia,strategy_nearest,False,0.0034761428833007812,success
041AA34A9C4C80,3,"['Arena', 'Casa Giulietta']",Torre Lamberti,"['Sighseeing', 'Centro Fotografia', 'Museo Conte', 'Palazzo della Ragione', 'AMO']",Santa Anastasia,strategy_nearest,False,0.0028409957885742188,success
041AA64A9C4C80,3,"['Teatro Romano', 'Arena', 'Castelvecchio']",Tomba Giulietta,"['San Fermo', 'Museo Storia', 'Museo Lapidario', 'Museo Radio', 'Verona Tour']",San Fermo,strategy_nearest,True,0.0013689994812011719,success
041AA64A9C4C81,0,"['Arena', 'Castelvecchio']",San Zeno,"['Verona Tour', 'Museo Lapidario', 'Museo Miniscalchi', 'Sighseeing', 'Museo Radio']",Casa Giulietta,strategy_nearest,False,0.0032770633697509766,success
041AAD429C4C81,0,['Casa Giulietta'],Tomba Giulietta,"['San Fermo', 'Museo Storia', 'Arena', 'Museo Lapidario', 'Museo Radio']",Arena,strategy_nearest,True,0.002675771713256836,success
041AC03A9C4C81,1,"['Arena', 'Casa Giulietta']",Torre Lamberti,"['Sighseeing', 'Centro Fotografia', 'Museo Conte', 'Palazzo della Ragione', 'AMO']",Palazzo della Ragione,strategy_nearest,True,0.001984119415283203,success
041AC03A9C4C80,2,"['San Fermo', 'Casa Giulietta', 'Torre Lamberti']",Palazzo della Ragione,"['AMO', 'Museo Conte', 'Centro Fotografia', 'Sighseeing', 'Santa Anastasia']",Santa Anastasia,strategy_nearest,True,0.003325939178466797,success
041ABF429C4C81,3,"['Arena', 'Tomba Giulietta']",Castelvecchio,"['Museo Lapidario', 'Verona Tour', 'Museo Radio', 'San Zeno', 'Sighseeing']",Duomo,strategy_nearest,False,0.003403902053833008,success
041AC1429C4C80,0,['Arena'],Casa Giulietta,"['Centro Fotografia', 'Sighseeing', 'Torre Lamberti', 'Museo Conte', 'Museo Radio']",Tomba Giulietta,strategy_nearest,False,0.0031280517578125,success
041AC63A9C4C80,2,['San Fermo'],Torre Lamberti,"['Sighseeing', 'Centro Fotografia', 'Museo Conte', 'Casa Giulietta', 'Palazzo della Ragione']",Santa Anastasia,strategy_nearest,False,0.0030770301818847656,success
041AC93A9C4C80,0,['Arena'],Museo Lapidario,"['Verona Tour', 'Castelvecchio', 'Museo Radio', 'San Fermo', 'Casa Giulietta']",Casa Giulietta,strategy_nearest,True,0.0022830963134765625,success
041ACC3A9C4C81,0,"['Arena', 'Museo Lapidario', 'Casa Giulietta']",Torre Lamberti,"['Sighseeing', 'Centro Fotografia', 'Museo Conte', 'Palazzo della Ragione', 'AMO']",Teatro Romano,strategy_nearest,False,0.002911806106567383,success
041ACE3A9C4C81,0,['Arena'],Casa Giulietta,"['Centro Fotografia', 'Sighseeing', 'Torre Lamberti', 'Museo Conte', 'Museo Radio']",Castelvecchio,strategy_nearest,False,0.003281831741333008,success
041AD33A9C4C81,3,['Arena'],Santa Anastasia,"['AMO', 'Museo Conte', 'Palazzo della Ragione', 'Teatro Romano', 'Centro Fotografia']",Duomo,strategy_nearest,False,0.0020110607147216797,success
041AD1429C4C81,1,"['Arena', 'Palazzo della Ragione']",Casa Giulietta,"['Centro Fotografia', 'Sighseeing', 'Torre Lamberti', 'Museo Conte', 'Museo Radio']",Teatro Romano,strategy_nearest,False,0.002549886703491211,success
041AD93A9C4C80,0,['Castelvecchio'],Santa Anastasia,"['AMO', 'Museo Conte', 'Palazzo della Ragione', 'Teatro Romano', 'Centro Fotografia']",Arena,strategy_nearest,False,0.003496885299682617,success
041AD5429C4C81,1,"['Castelvecchio', 'Torre Lamberti', 'Palazzo della Ragione']",Casa Giulietta,"['Centro Fotografia', 'Sighseeing', 'Museo Conte', 'Museo Radio', 'San Fermo']",Arena,strategy_nearest,False,0.002782106399536133,success
041ADE429C4C81,1,"['Torre Lamberti', 'Palazzo della Ragione', 'Arena']",Castelvecchio,"['Museo Lapidario', 'Verona Tour', 'Museo Radio', 'San Zeno', 'Sighseeing']",Duomo,strategy_nearest,False,0.0023751258850097656,success
041B5C3A9C4C81,1,"['Castelvecchio', 'Arena']",Torre Lamberti,"['Sighseeing', 'Centro Fotografia', 'Museo Conte', 'Casa Giulietta', 'Palazzo della Ragione']",Palazzo della Ragione,strategy_nearest,True,0.0026559829711914062,success
041B5D3A9C4C80,3,"['Arena', 'Santa Anastasia']",Castelvecchio,"['Museo Lapidario', 'Verona Tour', 'Museo Radio', 'San Zeno', 'Sighseeing']",Duomo,strategy_nearest,False,0.0020380020141601562,success
041B53429C4C81,3,"['Arena', 'San Fermo']",Santa Anastasia,"['AMO', 'Museo Conte', 'Palazzo della Ragione', 'Teatro Romano', 'Centro Fotografia']",Torre Lamberti,strategy_nearest,False,0.003596782684326172,success
041B5D3A9C4C81,3,"['Arena', 'Casa Giulietta', 'Torre Lamberti']",Santa Anastasia,"['AMO', 'Museo Conte', 'Palazzo della Ragione', 'Teatro Romano', 'Centro Fotografia']",Duomo,strategy_nearest,False,0.0018260478973388672,success
041B5E3A9C4C80,3,"['Santa Anastasia', 'Duomo', 'Torre Lamberti']",Casa Giulietta,"['Centro Fotografia', 'Sighseeing', 'Museo Conte', 'Museo Radio', 'Palazzo della Ragione']",Castelvecchio,strategy_nearest,False,0.0024471282958984375,success
041B5F3A9C4C80,2,['Torre Lamberti'],Duomo,"['AMO', 'Museo Miniscalchi', 'Santa Anastasia', 'Teatro Romano', 'Palazzo della Ragione']",Casa Giulietta,strategy_nearest,False,0.0026390552520751953,success
041B623A9C4C80,3,['Arena'],Duomo,"['AMO', 'Museo Miniscalchi', 'Santa Anastasia', 'Teatro Romano', 'Palazzo della Ragione']",Teatro Romano,strategy_nearest,True,0.0031609535217285156,success
041B633A9C4C80,1,"['Arena', 'Torre Lamberti', 'Palazzo della Ragione']",Castelvecchio,"['Museo Lapidario', 'Verona Tour', 'Museo Radio', 'San Zeno', 'Sighseeing']",San Fermo,strategy_nearest,False,0.0024518966674804688,success
041B643A9C4C80,1,"['Arena', 'Casa Giulietta', 'Palazzo della Ragione', 'Torre Lamberti', 'Santa Anastasia']",Duomo,"['AMO', 'Museo Miniscalchi', 'Teatro Romano', 'Museo Conte', 'Centro Fotografia']",Teatro Romano,strategy_nearest,True,0.0030689239501953125,success
041B67429C4C80,1,"['Arena', 'Duomo']",Santa Anastasia,"['AMO', 'Museo Conte', 'Palazzo della Ragione', 'Teatro Romano', 'Centro Fotografia']",Palazzo della Ragione,strategy_nearest,True,0.0031571388244628906,success
041B6C429C4C81,3,"['Arena', 'Casa Giulietta']",Torre Lamberti,"['Sighseeing', 'Centro Fotografia', 'Museo Conte', 'Palazzo della Ragione', 'AMO']",Duomo,strategy_nearest,False,0.002372264862060547,success
041B6E429C4C81,1,"['Palazzo della Ragione', 'Arena']",Torre Lamberti,"['Sighseeing', 'Centro Fotografia', 'Museo Conte', 'Casa Giulietta', 'AMO']",Casa Giulietta,strategy_nearest,True,0.0023539066314697266,success
041B79429C4C80,3,"['Castelvecchio', 'Casa Giulietta']",Santa Anastasia,"['AMO', 'Museo Conte', 'Palazzo della Ragione', 'Teatro Romano', 'Centro Fotografia']",Torre Lamberti,strategy_nearest,False,0.0025200843811035156,success
041B713A9C4C81,3,"['San Zeno', 'Santa Anastasia']",Torre Lamberti,"['Sighseeing', 'Centro Fotografia', 'Museo Conte', 'Casa Giulietta', 'Palazzo della Ragione']",Castelvecchio,strategy_nearest,False,0.003420114517211914,success
041B76429C4C80,0,"['Arena', 'Torre Lamberti']",Castelvecchio,"['Museo Lapidario', 'Verona Tour', 'Museo Radio', 'San Zeno', 'Sighseeing']",San Zeno,strategy_nearest,True,0.003314971923828125,success
041B7A4A9C4C81,0,['Casa Giulietta'],Tomba Giulietta,"['San Fermo', 'Museo Storia', 'Arena', 'Museo Lapidario', 'Museo Radio']",Torre Lamberti,strategy_nearest,False,0.0031468868255615234,success
041B7E429C4C80,3,"['Castelvecchio', 'Arena', 'Torre Lamberti']",Santa Anastasia,"['AMO', 'Museo Conte', 'Palazzo della Ragione', 'Teatro Romano', 'Centro Fotografia']",Duomo,strategy_nearest,False,0.0017790794372558594,success
041B7B429C4C81,1,"['Arena', 'Palazzo della Ragione']",Casa Giulietta,"['Centro Fotografia', 'Sighseeing', 'Torre Lamberti', 'Museo Conte', 'Museo Radio']",Santa Anastasia,strategy_nearest,False,0.0027010440826416016,success
041B83429C4C80,3,['Arena'],Casa Giulietta,"['Centro Fotografia', 'Sighseeing', 'Torre Lamberti', 'Museo Conte', 'Museo Radio']",Santa Anastasia,strategy_nearest,False,0.0028400421142578125,success
041B843A9C4C81,1,"['Arena', 'Palazzo della Ragione']",Torre Lamberti,"['Sighseeing', 'Centro Fotografia', 'Museo Conte', 'Casa Giulietta', 'AMO']",Santa Anastasia,strategy_nearest,False,0.0030400753021240234,success
041B854A9C4C80,0,"['Casa Giulietta', 'Arena']",Museo Lapidario,"['Verona Tour', 'Castelvecchio', 'Museo Radio', 'San Fermo', 'Tomba Giulietta']",Castelvecchio,strategy_nearest,True,0.0018978118896484375,success
041B863A9C4C81,3,['Santa Anastasia'],Torre Lamberti,"['Sighseeing', 'Centro Fotografia', 'Museo Conte', 'Casa Giulietta', 'Palazzo della Ragione']",Arena,strategy_nearest,False,0.0024878978729248047,success
041B853A9C4C80,0,['Arena'],Torre Lamberti,"['Sighseeing', 'Centro Fotografia', 'Museo Conte', 'Casa Giulietta', 'Palazzo della Ragione']",Castelvecchio,strategy_nearest,False,0.004645824432373047,success
041B87429C4C81,0,['Torre Lamberti'],Arena,"['Verona Tour', 'Museo Lapidario', 'Museo Radio', 'San Fermo', 'Casa Giulietta']",Castelvecchio,strategy_nearest,False,0.0027267932891845703,success
041B873A9C4C81,1,['Arena'],Torre Lamberti,"['Sighseeing', 'Centro Fotografia', 'Museo Conte', 'Casa Giulietta', 'Palazzo della Ragione']",Palazzo della Ragione,strategy_nearest,True,0.0033571720123291016,success
041B884A9C4C80,2,['Torre Lamberti'],Castelvecchio,"['Museo Lapidario', 'Verona Tour', 'Arena', 'Museo Radio', 'San Zeno']",San Zeno,strategy_nearest,True,0.002702951431274414,success
041B8A429C4C81,1,"['Arena', 'Museo Lapidario']",Casa Giulietta,"['Centro Fotografia', 'Sighseeing', 'Torre Lamberti', 'Museo Conte', 'Museo Radio']",Torre Lamberti,strategy_nearest,True,0.0033152103424072266,success
041B8B3A9C4C80,0,['Arena'],Casa Giulietta,"['Centro Fotografia', 'Sighseeing', 'Torre Lamberti', 'Museo Conte', 'Museo Radio']",Torre Lamberti,strategy_nearest,True,0.0022139549255371094,success
041B8E3A9C4C81,3,"['Arena', 'Casa Giulietta']",Torre Lamberti,"['Sighseeing', 'Centro Fotografia', 'Museo Conte', 'Palazzo della Ragione', 'AMO']",Santa Anastasia,strategy_nearest,False,0.0019698143005371094,success
041B8B3A9C4C81,1,"['Arena', 'Casa Giulietta']",Torre Lamberti,"['Sighseeing', 'Centro Fotografia', 'Museo Conte', 'Palazzo della Ragione', 'AMO']",Palazzo della Ragione,strategy_nearest,True,0.003206014633178711,success
041B8E429C4C80,0,['San Fermo'],Arena,"['Verona Tour', 'Museo Lapidario', 'Museo Radio', 'Casa Giulietta', 'Sighseeing']",Casa Giulietta,strategy_nearest,True,0.002463102340698242,success
041B8F4A9C4C81,3,"['Arena', 'Santa Anastasia']",Casa Giulietta,"['Centro Fotografia', 'Sighseeing', 'Torre Lamberti', 'Museo Conte', 'Museo Radio']",Duomo,strategy_nearest,False,0.002789735794067383,success
041B8F4A9C4C80,3,"['Arena', 'Santa Anastasia']",Casa Giulietta,"['Centro Fotografia', 'Sighseeing', 'Torre Lamberti', 'Museo Conte', 'Museo Radio']",Duomo,strategy_nearest,False,0.004676103591918945,success
041B91429C4C80,0,['Arena'],Casa Giulietta,"['Centro Fotografia', 'Sighseeing', 'Torre Lamberti', 'Museo Conte', 'Museo Radio']",Torre Lamberti,strategy_nearest,True,0.001931905746459961,success
041B94429C4C81,1,"['Arena', 'Palazzo della Ragione']",Torre Lamberti,"['Sighseeing', 'Centro Fotografia', 'Museo Conte', 'Casa Giulietta', 'AMO']",Casa Giulietta,strategy_nearest,True,0.0031752586364746094,success
041B97429C4C80,0,"['Arena', 'Castelvecchio']",San Zeno,"['Verona Tour', 'Museo Lapidario', 'Museo Miniscalchi', 'Sighseeing', 'Museo Radio']",Teatro Romano,strategy_nearest,False,0.002624988555908203,success
041B9C4A9C4C81,0,['Arena'],Torre Lamberti,"['Sighseeing', 'Centro Fotografia', 'Museo Conte', 'Casa Giulietta', 'Palazzo della Ragione']",Casa Giulietta,strategy_nearest,True,0.0024788379669189453,success
041B9E429C4C81,3,['Arena'],Casa Giulietta,"['Centro Fotografia', 'Sighseeing', 'Torre Lamberti', 'Museo Conte', 'Museo Radio']",Santa Anastasia,strategy_nearest,False,0.0030260086059570312,success
041BA74A9C4C81,0,['Arena'],Castelvecchio,"['Museo Lapidario', 'Verona Tour', 'Museo Radio', 'San Zeno', 'Sighseeing']",Casa Giulietta,strategy_nearest,False,0.0020821094512939453,success
041BA1429C4C80,0,['Arena'],Casa Giulietta,"['Centro Fotografia', 'Sighseeing', 'Torre Lamberti', 'Museo Conte', 'Museo Radio']",Duomo,strategy_nearest,False,0.001628875732421875,success
041BA64A9C4C81,3,['Arena'],Duomo,"['AMO', 'Museo Miniscalchi', 'Santa Anastasia', 'Teatro Romano', 'Palazzo della Ragione']",Santa Anastasia,strategy_nearest,True,0.003409147262573242,success
041BA6429C4C80,1,"['Arena', 'Casa Giulietta', 'Torre Lamberti']",Palazzo della Ragione,"['AMO', 'Museo Conte', 'Centro Fotografia', 'Sighseeing', 'Santa Anastasia']",Santa Anastasia,strategy_nearest,True,0.0028259754180908203,success
041BAA429C4C80,0,['Casa Giulietta'],Arena,"['Verona Tour', 'Museo Lapidario', 'Museo Radio', 'San Fermo', 'Sighseeing']",Torre Lamberti,strategy_nearest,False,0.00401616096496582,success
041BB1429C4C81,0,"['Arena', 'Casa Giulietta']",Torre Lamberti,"['Sighseeing', 'Centro Fotografia', 'Museo Conte', 'Palazzo della Ragione', 'AMO']",Duomo,strategy_nearest,False,0.0015611648559570312,success
041BBD429C4C80,0,['Arena'],Casa Giulietta,"['Centro Fotografia', 'Sighseeing', 'Torre Lamberti', 'Museo Conte', 'Museo Radio']",Torre Lamberti,strategy_nearest,True,0.0031960010528564453,success
041BBB429C4C81,0,['Castelvecchio'],Arena,"['Verona Tour', 'Museo Lapidario', 'Museo Radio', 'San Fermo', 'Casa Giulietta']",Teatro Romano,strategy_nearest,False,0.0021262168884277344,success
041BBF3A9C4C81,0,['Arena'],Tomba Giulietta,"['San Fermo', 'Museo Storia', 'Museo Lapidario', 'Museo Radio', 'Verona Tour']",Santa Anastasia,strategy_nearest,False,0.002633810043334961,success
041BC83A9C4C80,0,['Arena'],Casa Giulietta,"['Centro Fotografia', 'Sighseeing', 'Torre Lamberti', 'Museo Conte', 'Museo Radio']",Torre Lamberti,strategy_nearest,True,0.002682924270629883,success
041BC93A9C4C80,2,"['San Zeno', 'Castelvecchio']",Torre Lamberti,"['Sighseeing', 'Centro Fotografia', 'Museo Conte', 'Casa Giulietta', 'Palazzo della Ragione']",Duomo,strategy_nearest,False,0.0034139156341552734,success
041BC33A9C4C81,0,"['Arena', 'Casa Giulietta']",Duomo,"['AMO', 'Museo Miniscalchi', 'Santa Anastasia', 'Teatro Romano', 'Palazzo della Ragione']",Teatro Romano,strategy_nearest,True,0.001332998275756836,success
041BD0429C4C80,3,"['Arena', 'Casa Giulietta']",Tomba Giulietta,"['San Fermo', 'Museo Storia', 'Museo Lapidario', 'Museo Radio', 'Verona Tour']",San Fermo,strategy_nearest,True,0.002476930618286133,success
041BD1429C4C80,0,"['Casa Giulietta', 'Tomba Giulietta']",Giardino Giusti,"['Santa Anastasia', 'Teatro Romano', 'Museo Conte', 'Centro Fotografia', 'Museo Storia']",Torre Lamberti,strategy_nearest,False,0.0023980140686035156,success
041BD23A9C4C81,1,"['Casa Giulietta', 'Arena']",Torre Lamberti,"['Sighseeing', 'Centro Fotografia', 'Museo Conte', 'Palazzo della Ragione', 'AMO']",Palazzo della Ragione,strategy_nearest,True,0.0027701854705810547,success
041BD3429C4C81,0,['San Zeno'],Casa Giulietta,"['Centro Fotografia', 'Sighseeing', 'Torre Lamberti', 'Museo Conte', 'Museo Radio']",Torre Lamberti,strategy_nearest,True,0.0034422874450683594,success
041BD6429C4C80,3,"['Santa Anastasia', 'Duomo']",Arena,"['Verona Tour', 'Museo Lapidario', 'Museo Radio', 'San Fermo', 'Casa Giulietta']",Castelvecchio,strategy_nearest,False,0.0023221969604492188,success
041BDB429C4C80,0,"['Casa Giulietta', 'Arena']",Tomba Giulietta,"['San Fermo', 'Museo Storia', 'Museo Lapidario', 'Museo Radio', 'Verona Tour']",Castelvecchio,strategy_nearest,False,0.0030078887939453125,success
041C51429C4C81,0,['Arena'],Museo Lapidario,"['Verona Tour', 'Castelvecchio', 'Museo Radio', 'San Fermo', 'Casa Giulietta']",Castelvecchio,strategy_nearest,True,0.001981019973754883,success
041C45429C4C81,1,"['Arena', 'Santa Anastasia']",Duomo,"['AMO', 'Museo Miniscalchi', 'Teatro Romano', 'Palazzo della Ragione', 'Museo Conte']",Torre Lamberti,strategy_nearest,False,0.0027756690979003906,success
041C54429C4C80,3,"['Arena', 'Casa Giulietta']",Torre Lamberti,"['Sighseeing', 'Centro Fotografia', 'Museo Conte', 'Palazzo della Ragione', 'AMO']",Santa Anastasia,strategy_nearest,False,0.0032269954681396484,success
041C55429C4C80,0,['Arena'],Casa Giulietta,"['Centro Fotografia', 'Sighseeing', 'Torre Lamberti', 'Museo Conte', 'Museo Radio']",Teatro Romano,strategy_nearest,False,0.0028650760650634766,success
041C5E429C4C80,0,['Castelvecchio'],Arena,"['Verona Tour', 'Museo Lapidario', 'Museo Radio', 'San Fermo', 'Casa Giulietta']",Casa Giulietta,strategy_nearest,True,0.0014960765838623047,success
041C5F3A9C4C81,1,"['Arena', 'Castelvecchio', 'Duomo', 'Casa Giulietta']",San Fermo,"['Museo Storia', 'Museo Radio', 'Centro Fotografia', 'Sighseeing', 'Torre Lamberti']",Torre Lamberti,strategy_nearest,True,0.001966714859008789,success
041C57429C4C80,1,"['Teatro Romano', 'Duomo', 'Santa Anastasia', 'Casa Giulietta']",Castelvecchio,"['Museo Lapidario', 'Verona Tour', 'Arena', 'Museo Radio', 'San Zeno']",Torre Lamberti,strategy_nearest,False,0.0033121109008789062,success
041C5F3A9C4C80,0,['Arena'],Casa Giulietta,"['Centro Fotografia', 'Sighseeing', 'Torre Lamberti', 'Museo Conte', 'Museo Radio']",Castelvecchio,strategy_nearest,False,0.0034449100494384766,success
041C683A9C4C80,4,"['Arena', 'Museo Lapidario', 'Castelvecchio', 'Casa Giulietta']",San Fermo,"['Museo Storia', 'Museo Radio', 'Centro Fotografia', 'Sighseeing', 'Torre Lamberti']",Museo Radio,strategy_nearest,True,0.0019860267639160156,success
041C6A429C4C80,2,"['Tomba Giulietta', 'San Fermo']",Casa Giulietta,"['Centro Fotografia', 'Sighseeing', 'Torre Lamberti', 'Museo Conte', 'Museo Radio']",Teatro Romano,strategy_nearest,False,0.0025370121002197266,success
041C6A429C4C81,0,"['Torre Lamberti', 'Casa Giulietta']",Teatro Romano,"['Santa Anastasia', 'Duomo', 'AMO', 'Palazzo della Ragione', 'Museo Conte']",Arena,strategy_nearest,False,0.0033447742462158203,success
041C6F3A9C4C80,0,['Teatro Romano'],Arena,"['Verona Tour', 'Museo Lapidario', 'Museo Radio', 'San Fermo', 'Casa Giulietta']",Castelvecchio,strategy_nearest,False,0.0031516551971435547,success
041C723A9C4C81,1,"['Arena', 'Palazzo della Ragione']",Torre Lamberti,"['Sighseeing', 'Centro Fotografia', 'Museo Conte', 'Casa Giulietta', 'AMO']",Casa Giulietta,strategy_nearest,True,0.0024428367614746094,success
041C713A9C4C80,1,"['Arena', 'Torre Lamberti']",Palazzo della Ragione,"['AMO', 'Museo Conte', 'Centro Fotografia', 'Sighseeing', 'Santa Anastasia']",Santa Anastasia,strategy_nearest,True,0.0025551319122314453,success
041C73429C4C81,3,['Arena'],Casa Giulietta,"['Centro Fotografia', 'Sighseeing', 'Torre Lamberti', 'Museo Conte', 'Museo Radio']",Torre Lamberti,strategy_nearest,True,0.0025200843811035156,success
041C76429C4C80,3,['Arena'],Casa Giulietta,"['Centro Fotografia', 'Sighseeing', 'Torre Lamberti', 'Museo Conte', 'Museo Radio']",Santa Anastasia,strategy_nearest,False,0.00310516357421875,success
041C7B429C4C80,2,['Duomo'],Santa Anastasia,"['AMO', 'Museo Conte', 'Palazzo della Ragione', 'Teatro Romano', 'Centro Fotografia']",Teatro Romano,strategy_nearest,True,0.0025451183319091797,success
041C7E3A9C4C80,3,['Arena'],Torre Lamberti,"['Sighseeing', 'Centro Fotografia', 'Museo Conte', 'Casa Giulietta', 'Palazzo della Ragione']",Teatro Romano,strategy_nearest,False,0.002106189727783203,success
041C85429C4C81,3,['Castelvecchio'],Santa Anastasia,"['AMO', 'Museo Conte', 'Palazzo della Ragione', 'Teatro Romano', 'Centro Fotografia']",Arena,strategy_nearest,False,0.002045154571533203,success
041C824A9C4C80,0,"['Arena', 'Castelvecchio']",Duomo,"['AMO', 'Museo Miniscalchi', 'Santa Anastasia', 'Teatro Romano', 'Palazzo della Ragione']",Teatro Romano,strategy_nearest,True,0.0033609867095947266,success
041C833A9C4C81,3,"['Arena', 'Casa Giulietta']",Torre Lamberti,"['Sighseeing', 'Centro Fotografia', 'Museo Conte', 'Palazzo della Ragione', 'AMO']",Santa Anastasia,strategy_nearest,False,0.003340005874633789,success
041C883A9C4C80,3,['Arena'],Casa Giulietta,"['Centro Fotografia', 'Sighseeing', 'Torre Lamberti', 'Museo Conte', 'Museo Radio']",Santa Anastasia,strategy_nearest,False,0.0031900405883789062,success
041C8D3A9C4C80,2,"['Torre Lamberti', 'Santa Anastasia']",Teatro Romano,"['Duomo', 'AMO', 'Palazzo della Ragione', 'Museo Conte', 'Centro Fotografia']",Duomo,strategy_nearest,True,0.0018699169158935547,success
041C98429C4C80,3,"['Museo Lapidario', 'Arena']",Castelvecchio,"['Verona Tour', 'Museo Radio', 'San Zeno', 'Sighseeing', 'Museo Miniscalchi']",Torre Lamberti,strategy_nearest,False,0.002502918243408203,success
041C9C429C4C81,1,"['Castelvecchio', 'Arena', 'Palazzo della Ragione']",Torre Lamberti,"['Sighseeing', 'Centro Fotografia', 'Museo Conte', 'Casa Giulietta', 'AMO']",Casa Giulietta,strategy_nearest,True,0.0031731128692626953,success
041C9A429C4C81,0,"['Arena', 'Castelvecchio']",San Zeno,"['Verona Tour', 'Museo Lapidario', 'Museo Miniscalchi', 'Sighseeing', 'Museo Radio']",Torre Lamberti,strategy_nearest,False,0.0033559799194335938,success
041C9A429C4C80,1,"['Arena', 'San Fermo']",Casa Giulietta,"['Centro Fotografia', 'Sighseeing', 'Torre Lamberti', 'Museo Conte', 'Museo Radio']",Torre Lamberti,strategy_nearest,True,0.003035306930541992,success
041C9B429C4C81,3,"['Arena', 'Casa Giulietta']",Santa Anastasia,"['AMO', 'Museo Conte', 'Palazzo della Ragione', 'Teatro Romano', 'Centro Fotografia']",Duomo,strategy_nearest,False,0.0026171207427978516,success
041C9E4A9C4C81,0,['Arena'],Museo Lapidario,"['Verona Tour', 'Castelvecchio', 'Museo Radio', 'San Fermo', 'Casa Giulietta']",Casa Giulietta,strategy_nearest,True,0.0013649463653564453,success
041CA0429C4C81,0,"['Arena', 'Casa Giulietta']",Teatro Romano,"['Santa Anastasia', 'Duomo', 'AMO', 'Palazzo della Ragione', 'Museo Conte']",San Fermo,strategy_nearest,False,0.0021572113037109375,success
041CA63A9C4C81,0,['Arena'],Casa Giulietta,"['Centro Fotografia', 'Sighseeing', 'Torre Lamberti', 'Museo Conte', 'Museo Radio']",Torre Lamberti,strategy_nearest,True,0.0027260780334472656,success
041CA84A9C4C81,0,['Torre Lamberti'],Casa Giulietta,"['Centro Fotografia', 'Sighseeing', 'Museo Conte', 'Museo Radio', 'Palazzo della Ragione']",Arena,strategy_nearest,False,0.003220081329345703,success
041CAA429C4C80,0,['Arena'],Torre Lamberti,"['Sighseeing', 'Centro Fotografia', 'Museo Conte', 'Casa Giulietta', 'Palazzo della Ragione']",Casa Giulietta,strategy_nearest,True,0.002177000045776367,success
041CA94A9C4C80,1,"['Castelvecchio', 'Arena']",Torre Lamberti,"['Sighseeing', 'Centro Fotografia', 'Museo Conte', 'Casa Giulietta', 'Palazzo della Ragione']",Palazzo della Ragione,strategy_nearest,True,0.005354881286621094,success
041CAC3A9C4C81,0,['Arena'],Casa Giulietta,"['Centro Fotografia', 'Sighseeing', 'Torre Lamberti', 'Museo Conte', 'Museo Radio']",Giardino Giusti,strategy_nearest,False,0.002685070037841797,success
041CAE3A9C4C80,0,['Arena'],Casa Giulietta,"['Centro Fotografia', 'Sighseeing', 'Torre Lamberti', 'Museo Conte', 'Museo Radio']",Teatro Romano,strategy_nearest,False,0.00202178955078125,success
041CAE429C4C81,0,['Casa Giulietta'],Arena,"['Verona Tour', 'Museo Lapidario', 'Museo Radio', 'San Fermo', 'Sighseeing']",Tomba Giulietta,strategy_nearest,False,0.00222015380859375,success
041CAF429C4C80,3,['Arena'],Torre Lamberti,"['Sighseeing', 'Centro Fotografia', 'Museo Conte', 'Casa Giulietta', 'Palazzo della Ragione']",Santa Anastasia,strategy_nearest,False,0.001377105712890625,success
041CB2429C4C81,0,['Arena'],Casa Giulietta,"['Centro Fotografia', 'Sighseeing', 'Torre Lamberti', 'Museo Conte', 'Museo Radio']",Santa Anastasia,strategy_nearest,False,0.0026581287384033203,success
041CB73A9C4C80,1,"['Arena', 'Santa Anastasia', 'Torre Lamberti', 'Museo Lapidario']",San Fermo,"['Museo Storia', 'Museo Radio', 'Casa Giulietta', 'Centro Fotografia', 'Sighseeing']",Casa Giulietta,strategy_nearest,True,0.0032782554626464844,success
041CBF429C4C81,0,['Arena'],Casa Giulietta,"['Centro Fotografia', 'Sighseeing', 'Torre Lamberti', 'Museo Conte', 'Museo Radio']",Torre Lamberti,strategy_nearest,True,0.0019519329071044922,success
041CBB3A9C4C80,0,['Torre Lamberti'],Duomo,"['AMO', 'Museo Miniscalchi', 'Santa Anastasia', 'Teatro Romano', 'Palazzo della Ragione']",Arena,strategy_nearest,False,0.003314971923828125,success
041CC2429C4C80,3,"['Arena', 'Torre Lamberti']",Casa Giulietta,"['Centro Fotografia', 'Sighseeing', 'Museo Conte', 'Museo Radio', 'Palazzo della Ragione']",Santa Anastasia,strategy_nearest,False,0.002699136734008789,success
041CC03A9C4C81,3,"['Arena', 'Casa Giulietta']",Torre Lamberti,"['Sighseeing', 'Centro Fotografia', 'Museo Conte', 'Palazzo della Ragione', 'AMO']",Santa Anastasia,strategy_nearest,False,0.003526926040649414,success
041CC53A9C4C81,1,"['Arena', 'Castelvecchio']",Palazzo della Ragione,"['AMO', 'Museo Conte', 'Torre Lamberti', 'Centro Fotografia', 'Sighseeing']",Torre Lamberti,strategy_nearest,True,0.003185272216796875,success
041CC33A9C4C80,4,"['Arena', 'Casa Giulietta']",Torre Lamberti,"['Sighseeing', 'Centro Fotografia', 'Museo Conte', 'Palazzo della Ragione', 'AMO']",Tomba Giulietta,strategy_nearest,False,0.002492189407348633,success
041CC9429C4C80,0,"['Arena', 'Castelvecchio']",Casa Giulietta,"['Centro Fotografia', 'Sighseeing', 'Torre Lamberti', 'Museo Conte', 'Museo Radio']",Teatro Romano,strategy_nearest,False,0.0026879310607910156,success
041CC93A9C4C81,0,['Arena'],Casa Giulietta,"['Centro Fotografia', 'Sighseeing', 'Torre Lamberti', 'Museo Conte', 'Museo Radio']",Torre Lamberti,strategy_nearest,True,0.003453969955444336,success
041CCC429C4C80,2,['San Fermo'],Casa Giulietta,"['Centro Fotografia', 'Sighseeing', 'Torre Lamberti', 'Museo Conte', 'Museo Radio']",Palazzo della Ragione,strategy_nearest,False,0.0023050308227539062,success
041CCA3A9C4C80,2,"['Teatro Romano', 'Santa Anastasia']",Casa Giulietta,"['Centro Fotografia', 'Sighseeing', 'Torre Lamberti', 'Museo Conte', 'Museo Radio']",Torre Lamberti,strategy_nearest,True,0.003238201141357422,success
041CCF429C4C81,3,"['Teatro Romano', 'Duomo', 'Castelvecchio']",Torre Lamberti,"['Sighseeing', 'Centro Fotografia', 'Museo Conte', 'Casa Giulietta', 'Palazzo della Ragione']",Arena,strategy_nearest,False,0.002553701400756836,success
041CDA429C4C80,3,"['Torre Lamberti', 'Arena']",Casa Giulietta,"['Centro Fotografia', 'Sighseeing', 'Museo Conte', 'Museo Radio', 'Palazzo della Ragione']",Santa Anastasia,strategy_nearest,False,0.0018689632415771484,success
041CD53A9C4C80,0,['Arena'],Castelvecchio,"['Museo Lapidario', 'Verona Tour', 'Museo Radio', 'San Zeno', 'Sighseeing']",Giardino Giusti,strategy_nearest,False,0.0026972293853759766,success
041CD83A9C4C80,1,"['Arena', 'Torre Lamberti', 'Palazzo della Ragione']",Casa Giulietta,"['Centro Fotografia', 'Sighseeing', 'Museo Conte', 'Museo Radio', 'San Fermo']",San Fermo,strategy_nearest,True,0.0033118724822998047,success
041CE13A9C4C80,3,"['Casa Giulietta', 'Arena']",Castelvecchio,"['Museo Lapidario', 'Verona Tour', 'Museo Radio', 'San Zeno', 'Sighseeing']",Santa Anastasia,strategy_nearest,False,0.0012907981872558594,success
041CDB3A9C4C81,1,"['Arena', 'Castelvecchio', 'Palazzo della Ragione']",Casa Giulietta,"['Centro Fotografia', 'Sighseeing', 'Torre Lamberti', 'Museo Conte', 'Museo Radio']",Tomba Giulietta,strategy_nearest,False,0.003481149673461914,success
041CDF3A9C4C81,1,"['Casa Giulietta', 'Palazzo della Ragione', 'Torre Lamberti']",Santa Anastasia,"['AMO', 'Museo Conte', 'Teatro Romano', 'Centro Fotografia', 'Duomo']",Duomo,strategy_nearest,True,0.0027599334716796875,success
041CE73A9C4C80,1,"['Casa Giulietta', 'Arena', 'Castelvecchio']",Duomo,"['AMO', 'Museo Miniscalchi', 'Santa Anastasia', 'Teatro Romano', 'Palazzo della Ragione']",Teatro Romano,strategy_nearest,True,0.0034570693969726562,success
041D4B3A9C4C81,3,"['Arena', 'Santa Anastasia']",San Fermo,"['Museo Storia', 'Museo Radio', 'Casa Giulietta', 'Centro Fotografia', 'Sighseeing']",Torre Lamberti,strategy_nearest,False,0.003002166748046875,success
041D4C3A9C4C81,3,['Arena'],Casa Giulietta,"['Centro Fotografia', 'Sighseeing', 'Torre Lamberti', 'Museo Conte', 'Museo Radio']",Santa Anastasia,strategy_nearest,False,0.004184246063232422,success
041D4E429C4C81,1,"['Arena', 'Casa Giulietta']",Palazzo della Ragione,"['AMO', 'Museo Conte', 'Torre Lamberti', 'Centro Fotografia', 'Sighseeing']",Torre Lamberti,strategy_nearest,True,0.0015671253204345703,success
041D503A9C4C81,0,['Arena'],Casa Giulietta,"['Centro Fotografia', 'Sighseeing', 'Torre Lamberti', 'Museo Conte', 'Museo Radio']",Torre Lamberti,strategy_nearest,True,0.002727985382080078,success
041D57429C4C80,0,['Castelvecchio'],Arena,"['Verona Tour', 'Museo Lapidario', 'Museo Radio', 'San Fermo', 'Casa Giulietta']",Casa Giulietta,strategy_nearest,True,0.001379251480102539,success
041D58429C4C81,2,"['Museo Lapidario', 'Torre Lamberti', 'Santa Anastasia']",Duomo,"['AMO', 'Museo Miniscalchi', 'Teatro Romano', 'Palazzo della Ragione', 'Museo Conte']",Castelvecchio,strategy_nearest,False,0.0027680397033691406,success
041D53429C4C81,1,"['Arena', 'Casa Giulietta']",Torre Lamberti,"['Sighseeing', 'Centro Fotografia', 'Museo Conte', 'Palazzo della Ragione', 'AMO']",Palazzo della Ragione,strategy_nearest,True,0.0022368431091308594,success
041D5A429C4C80,0,['Arena'],Casa Giulietta,"['Centro Fotografia', 'Sighseeing', 'Torre Lamberti', 'Museo Conte', 'Museo Radio']",Torre Lamberti,strategy_nearest,True,0.003284931182861328,success
041D64429C4C81,1,"['Castelvecchio', 'Arena']",Casa Giulietta,"['Centro Fotografia', 'Sighseeing', 'Torre Lamberti', 'Museo Conte', 'Museo Radio']",Palazzo della Ragione,strategy_nearest,False,0.0017800331115722656,success
041D5A429C4C81,0,"['Tomba Giulietta', 'Arena']",Castelvecchio,"['Museo Lapidario', 'Verona Tour', 'Museo Radio', 'San Zeno', 'Sighseeing']",Teatro Romano,strategy_nearest,False,0.0024671554565429688,success
041D6A3A9C4C81,4,"['Palazzo della Ragione', 'Casa Giulietta', 'Museo Radio']",Tomba Giulietta,"['San Fermo', 'Museo Storia', 'Arena', 'Museo Lapidario', 'Verona Tour']",Santa Anastasia,strategy_nearest,False,0.0027060508728027344,success
041D663A9C4C80,0,['Arena'],Tomba Giulietta,"['San Fermo', 'Museo Storia', 'Museo Lapidario', 'Museo Radio', 'Verona Tour']",Casa Giulietta,strategy_nearest,False,0.003319978713989258,success
041D6E429C4C80,2,"['Casa Giulietta', 'Palazzo della Ragione']",Torre Lamberti,"['Sighseeing', 'Centro Fotografia', 'Museo Conte', 'AMO', 'Museo Miniscalchi']",Tomba Giulietta,strategy_nearest,False,0.002290964126586914,success
041D6E429C4C81,3,"['San Zeno', 'Arena']",Santa Anastasia,"['AMO', 'Museo Conte', 'Palazzo della Ragione', 'Teatro Romano', 'Centro Fotografia']",Duomo,strategy_nearest,False,0.0024459362030029297,success
041D73429C4C81,0,['Arena'],Casa Giulietta,"['Centro Fotografia', 'Sighseeing', 'Torre Lamberti', 'Museo Conte', 'Museo Radio']",Torre Lamberti,strategy_nearest,True,0.0018322467803955078,success
041D793A9C4C80,1,"['Arena', 'Torre Lamberti', 'Palazzo della Ragione']",Santa Anastasia,"['AMO', 'Museo Conte', 'Teatro Romano', 'Centro Fotografia', 'Duomo']",Duomo,strategy_nearest,True,0.0033080577850341797,success
041D7B4A9C4C80,1,"['Santa Anastasia', 'Duomo', 'Teatro Romano', 'Torre Lamberti']",Palazzo della Ragione,"['AMO', 'Museo Conte', 'Centro Fotografia', 'Sighseeing', 'Museo Miniscalchi']",Casa Giulietta,strategy_nearest,False,0.003016948699951172,success
041D7F4A9C4C81,0,['Torre Lamberti'],Arena,"['Verona Tour', 'Museo Lapidario', 'Museo Radio', 'San Fermo', 'Casa Giulietta']",Casa Giulietta,strategy_nearest,True,0.0024547576904296875,success
041D83429C4C80,1,"['Arena', 'Torre Lamberti', 'Palazzo della Ragione']",Santa Anastasia,"['AMO', 'Museo Conte', 'Teatro Romano', 'Centro Fotografia', 'Duomo']",Duomo,strategy_nearest,True,0.003217935562133789,success
041D7C429C4C81,3,"['San Fermo', 'Torre Lamberti', 'Casa Giulietta']",Arena,"['Verona Tour', 'Museo Lapidario', 'Museo Radio', 'Sighseeing', 'Castelvecchio']",Tomba Giulietta,strategy_nearest,False,0.002834796905517578,success
041D7C4A9C4C81,1,"['San Zeno', 'Arena', 'Torre Lamberti']",Palazzo della Ragione,"['AMO', 'Museo Conte', 'Centro Fotografia', 'Sighseeing', 'Santa Anastasia']",Santa Anastasia,strategy_nearest,True,0.003988981246948242,success
041D863A9C4C81,0,['Arena'],Torre Lamberti,"['Sighseeing', 'Centro Fotografia', 'Museo Conte', 'Casa Giulietta', 'Palazzo della Ragione']",Casa Giulietta,strategy_nearest,True,0.0018889904022216797,success
041D844A9C4C80,1,"['Arena', 'Casa Giulietta']",Palazzo della Ragione,"['AMO', 'Museo Conte', 'Torre Lamberti', 'Centro Fotografia', 'Sighseeing']",Torre Lamberti,strategy_nearest,True,0.0018150806427001953,success
041D8B429C4C81,1,"['Arena', 'Museo Lapidario']",Torre Lamberti,"['Sighseeing', 'Centro Fotografia', 'Museo Conte', 'Casa Giulietta', 'Palazzo della Ragione']",Palazzo della Ragione,strategy_nearest,True,0.00273895263671875,success
041D8C3A9C4C81,2,"['Castelvecchio', 'Casa Giulietta']",Santa Anastasia,"['AMO', 'Museo Conte', 'Palazzo della Ragione', 'Teatro Romano', 'Centro Fotografia']",Duomo,strategy_nearest,False,0.0034089088439941406,success
041D8E4A9C4C80,3,"['Casa Giulietta', 'Arena']",Santa Anastasia,"['AMO', 'Museo Conte', 'Palazzo della Ragione', 'Teatro Romano', 'Centro Fotografia']",Teatro Romano,strategy_nearest,True,0.0024857521057128906,success
041D9A429C4C81,0,"['Arena', 'Castelvecchio']",San Zeno,"['Verona Tour', 'Museo Lapidario', 'Museo Miniscalchi', 'Sighseeing', 'Museo Radio']",Torre Lamberti,strategy_nearest,False,0.00305938720703125,success
041D9E429C4C81,1,"['Arena', 'Casa Giulietta', 'Palazzo della Ragione']",Torre Lamberti,"['Sighseeing', 'Centro Fotografia', 'Museo Conte', 'AMO', 'Museo Miniscalchi']",Santa Anastasia,strategy_nearest,False,0.0032949447631835938,success
041DA0429C4C80,3,['Arena'],Duomo,"['AMO', 'Museo Miniscalchi', 'Santa Anastasia', 'Teatro Romano', 'Palazzo della Ragione']",Santa Anastasia,strategy_nearest,True,0.0019390583038330078,success
041D9D429C4C81,0,['Arena'],Casa Giulietta,"['Centro Fotografia', 'Sighseeing', 'Torre Lamberti', 'Museo Conte', 'Museo Radio']",Castelvecchio,strategy_nearest,False,0.0033388137817382812,success
041DAA3A9C4C80,2,"['Museo Lapidario', 'Casa Giulietta']",Torre Lamberti,"['Sighseeing', 'Centro Fotografia', 'Museo Conte', 'Palazzo della Ragione', 'AMO']",Teatro Romano,strategy_nearest,False,0.0033440589904785156,success
041DAA4A9C4C81,2,"['Torre Lamberti', 'Duomo']",Teatro Romano,"['Santa Anastasia', 'AMO', 'Palazzo della Ragione', 'Museo Conte', 'Centro Fotografia']",Casa Giulietta,strategy_nearest,False,0.0018322467803955078,success
041DAB429C4C81,2,['Casa Giulietta'],Torre Lamberti,"['Sighseeing', 'Centro Fotografia', 'Museo Conte', 'Palazzo della Ragione', 'AMO']",Santa Anastasia,strategy_nearest,False,0.0026979446411132812,success
041DB1429C4C81,6,['Verona Tour'],Casa Giulietta,"['Centro Fotografia', 'Sighseeing', 'Torre Lamberti', 'Museo Conte', 'Museo Radio']",Tomba Giulietta,strategy_nearest,False,0.0029518604278564453,success
041DAE429C4C80,1,"['Arena', 'Casa Giulietta', 'Palazzo della Ragione']",Torre Lamberti,"['Sighseeing', 'Centro Fotografia', 'Museo Conte', 'AMO', 'Museo Miniscalchi']",Santa Anastasia,strategy_nearest,False,0.0026040077209472656,success
041DB3429C4C81,0,"['Arena', 'Tomba Giulietta']",Casa Giulietta,"['Centro Fotografia', 'Sighseeing', 'Torre Lamberti', 'Museo Conte', 'Museo Radio']",Teatro Romano,strategy_nearest,False,0.0031690597534179688,success
041DB5429C4C80,0,['Arena'],Castelvecchio,"['Museo Lapidario', 'Verona Tour', 'Museo Radio', 'San Zeno', 'Sighseeing']",Casa Giulietta,strategy_nearest,False,0.002565145492553711,success
041DB4429C4C81,3,['Arena'],Casa Giulietta,"['Centro Fotografia', 'Sighseeing', 'Torre Lamberti', 'Museo Conte', 'Museo Radio']",Santa Anastasia,strategy_nearest,False,0.0032389163970947266,success
041DBD3A9C4C81,0,"['Torre Lamberti', 'San Fermo']",Arena,"['Verona Tour', 'Museo Lapidario', 'Museo Radio', 'Casa Giulietta', 'Sighseeing']",Castelvecchio,strategy_nearest,False,0.003185272216796875,success
041DB93A9C4C81,0,['Arena'],Casa Giulietta,"['Centro Fotografia', 'Sighseeing', 'Torre Lamberti', 'Museo Conte', 'Museo Radio']",Torre Lamberti,strategy_nearest,True,0.0028069019317626953,success
041DBD429C4C81,3,"['Arena', 'San Zeno']",Duomo,"['AMO', 'Museo Miniscalchi', 'Santa Anastasia', 'Teatro Romano', 'Palazzo della Ragione']",Teatro Romano,strategy_nearest,True,0.002482891082763672,success
041DBE3A9C4C80,2,['Casa Giulietta'],Palazzo della Ragione,"['AMO', 'Museo Conte', 'Torre Lamberti', 'Centro Fotografia', 'Sighseeing']",Torre Lamberti,strategy_nearest,True,0.0031769275665283203,success
041DC33A9C4C81,0,['Arena'],Castelvecchio,"['Museo Lapidario', 'Verona Tour', 'Museo Radio', 'San Zeno', 'Sighseeing']",Casa Giulietta,strategy_nearest,False,0.0027370452880859375,success
041DC23A9C4C80,3,"['Arena', 'Casa Giulietta']",Torre Lamberti,"['Sighseeing', 'Centro Fotografia', 'Museo Conte', 'Palazzo della Ragione', 'AMO']",Santa Anastasia,strategy_nearest,False,0.0024487972259521484,success
041DC53A9C4C81,0,['Arena'],Torre Lamberti,"['Sighseeing', 'Centro Fotografia', 'Museo Conte', 'Casa Giulietta', 'Palazzo della Ragione']",Castelvecchio,strategy_nearest,False,0.0025479793548583984,success
041DC9429C4C80,3,['Duomo'],Torre Lamberti,"['Sighseeing', 'Centro Fotografia', 'Museo Conte', 'Casa Giulietta', 'Palazzo della Ragione']",Arena,strategy_nearest,False,0.0032110214233398438,success
041DCA429C4C81,2,['Castelvecchio'],Casa Giulietta,"['Centro Fotografia', 'Sighseeing', 'Torre Lamberti', 'Museo Conte', 'Museo Radio']",Duomo,strategy_nearest,False,0.0030579566955566406,success
041DCC3A9C4C80,1,"['Casa Giulietta', 'Arena', 'Castelvecchio']",Santa Anastasia,"['AMO', 'Museo Conte', 'Palazzo della Ragione', 'Teatro Romano', 'Centro Fotografia']",Duomo,strategy_nearest,False,0.0016922950744628906,success
041DCC3A9C4C81,0,['Torre Lamberti'],Casa Giulietta,"['Centro Fotografia', 'Sighseeing', 'Museo Conte', 'Museo Radio', 'Palazzo della Ragione']",Arena,strategy_nearest,False,0.003055095672607422,success
041DD13A9C4C80,0,['Arena'],Casa Giulietta,"['Centro Fotografia', 'Sighseeing', 'Torre Lamberti', 'Museo Conte', 'Museo Radio']",Torre Lamberti,strategy_nearest,True,0.0036170482635498047,success
041DD13A9C4C81,0,['Arena'],Castelvecchio,"['Museo Lapidario', 'Verona Tour', 'Museo Radio', 'San Zeno', 'Sighseeing']",Casa Giulietta,strategy_nearest,False,0.0025229454040527344,success
041DDE3A9C4C80,2,"['Torre Lamberti', 'Casa Giulietta']",Duomo,"['AMO', 'Museo Miniscalchi', 'Santa Anastasia', 'Teatro Romano', 'Palazzo della Ragione']",Teatro Romano,strategy_nearest,True,0.002947092056274414,success
041DD4429C4C80,3,"['Castelvecchio', 'San Zeno', 'Arena']",Tomba Giulietta,"['San Fermo', 'Museo Storia', 'Museo Lapidario', 'Museo Radio', 'Verona Tour']",San Fermo,strategy_nearest,True,0.0048449039459228516,success
041DDF3A9C4C81,0,['Casa Giulietta'],Arena,"['Verona Tour', 'Museo Lapidario', 'Museo Radio', 'San Fermo', 'Sighseeing']",Torre Lamberti,strategy_nearest,False,0.0039119720458984375,success
041DE1429C4C81,1,"['Arena', 'Torre Lamberti', 'Palazzo della Ragione']",Casa Giulietta,"['Centro Fotografia', 'Sighseeing', 'Museo Conte', 'Museo Radio', 'San Fermo']",Santa Anastasia,strategy_nearest,False,0.0029401779174804688,success
041DE33A9C4C80,2,['Casa Giulietta'],Castelvecchio,"['Museo Lapidario', 'Verona Tour', 'Arena', 'Museo Radio', 'San Zeno']",Torre Lamberti,strategy_nearest,False,0.002218008041381836,success
041DE43A9C4C80,4,"['Arena', 'Casa Giulietta', 'Palazzo della Ragione', 'Tomba Giulietta', 'Museo Radio', 'Museo Lapidario']",Castelvecchio,"['Verona Tour', 'San Zeno', 'Sighseeing', 'Museo Miniscalchi', 'Torre Lamberti']",San Zeno,strategy_nearest,True,0.002541780471801758,success
041E4E3A9C4C81,1,"['Arena', 'Casa Giulietta', 'San Fermo', 'Torre Lamberti']",Torre Lamberti,"['Sighseeing', 'Centro Fotografia', 'Museo Conte', 'Palazzo della Ragione', 'AMO']",Palazzo della Ragione,strategy_nearest,True,0.0021119117736816406,success
041E4C429C4C81,1,"['Torre Lamberti', 'Torre Lamberti', 'Palazzo della Ragione']",Santa Anastasia,"['AMO', 'Museo Conte', 'Teatro Romano', 'Centro Fotografia', 'Duomo']",Teatro Romano,strategy_nearest,True,0.002753019332885742,success
041E4A429C4C81,0,"['Arena', 'Castelvecchio']",Torre Lamberti,"['Sighseeing', 'Centro Fotografia', 'Museo Conte', 'Casa Giulietta', 'Palazzo della Ragione']",Casa Giulietta,strategy_nearest,True,0.003951072692871094,success
041E503A9C4C81,1,['Arena'],Casa Giulietta,"['Centro Fotografia', 'Sighseeing', 'Torre Lamberti', 'Museo Conte', 'Museo Radio']",Torre Lamberti,strategy_nearest,True,0.0029191970825195312,success
041E52429C4C81,3,"['Arena', 'Castelvecchio', 'Casa Giulietta', 'Torre Lamberti']",Santa Anastasia,"['AMO', 'Museo Conte', 'Palazzo della Ragione', 'Teatro Romano', 'Centro Fotografia']",Duomo,strategy_nearest,False,0.0026700496673583984,success
041E513A9C4C81,2,"['Teatro Romano', 'Duomo']",Santa Anastasia,"['AMO', 'Museo Conte', 'Palazzo della Ragione', 'Centro Fotografia', 'Torre Lamberti']",Casa Giulietta,strategy_nearest,False,0.0041751861572265625,success
041E553A9C4C81,0,['Casa Giulietta'],Palazzo della Ragione,"['AMO', 'Museo Conte', 'Torre Lamberti', 'Centro Fotografia', 'Sighseeing']",Arena,strategy_nearest,False,0.0031440258026123047,success
041E54429C4C81,3,"['Castelvecchio', 'San Zeno']",Arena,"['Verona Tour', 'Museo Lapidario', 'Museo Radio', 'San Fermo', 'Casa Giulietta']",San Fermo,strategy_nearest,True,0.002598285675048828,success
041E56429C4C80,0,['Arena'],Casa Giulietta,"['Centro Fotografia', 'Sighseeing', 'Torre Lamberti', 'Museo Conte', 'Museo Radio']",Torre Lamberti,strategy_nearest,True,0.0022830963134765625,success
041E5A429C4C81,3,"['Arena', 'Casa Giulietta', 'Santa Anastasia', 'Duomo']",Teatro Romano,"['AMO', 'Palazzo della Ragione', 'Museo Conte', 'Centro Fotografia', 'Museo Miniscalchi']",Torre Lamberti,strategy_nearest,False,0.002887248992919922,success
041E583A9C4C80,1,"['Arena', 'Torre Lamberti']",Palazzo della Ragione,"['AMO', 'Museo Conte', 'Centro Fotografia', 'Sighseeing', 'Santa Anastasia']",Santa Anastasia,strategy_nearest,True,0.002238035202026367,success
041E59429C4C80,3,"['Tomba Giulietta', 'Arena', 'Torre Lamberti', 'Duomo', 'Santa Anastasia']",San Fermo,"['Museo Storia', 'Museo Radio', 'Casa Giulietta', 'Centro Fotografia', 'Sighseeing']",Giardino Giusti,strategy_nearest,False,0.003609180450439453,success
041E5E429C4C80,0,['Castelvecchio'],Arena,"['Verona Tour', 'Museo Lapidario', 'Museo Radio', 'San Fermo', 'Casa Giulietta']",Giardino Giusti,strategy_nearest,False,0.0030701160430908203,success
041E5F3A9C4C81,0,['Arena'],Castelvecchio,"['Museo Lapidario', 'Verona Tour', 'Museo Radio', 'San Zeno', 'Sighseeing']",Teatro Romano,strategy_nearest,False,0.001828908920288086,success
041E6B429C4C80,0,['Arena'],Casa Giulietta,"['Centro Fotografia', 'Sighseeing', 'Torre Lamberti', 'Museo Conte', 'Museo Radio']",Castelvecchio,strategy_nearest,False,0.002513885498046875,success
041E6F429C4C81,3,['Arena'],Torre Lamberti,"['Sighseeing', 'Centro Fotografia', 'Museo Conte', 'Casa Giulietta', 'Palazzo della Ragione']",Santa Anastasia,strategy_nearest,False,0.0022308826446533203,success
041E753A9C4C81,0,['Castelvecchio'],Arena,"['Verona Tour', 'Museo Lapidario', 'Museo Radio', 'San Fermo', 'Casa Giulietta']",Teatro Romano,strategy_nearest,False,0.002702951431274414,success
041E75429C4C80,1,"['Palazzo della Ragione', 'Santa Anastasia', 'Duomo']",Casa Giulietta,"['Centro Fotografia', 'Sighseeing', 'Torre Lamberti', 'Museo Conte', 'Museo Radio']",Castelvecchio,strategy_nearest,False,0.003143787384033203,success
041E6F3A9C4C80,1,"['Torre Lamberti', 'Torre Lamberti']",Torre Lamberti,"['Sighseeing', 'Centro Fotografia', 'Museo Conte', 'Casa Giulietta', 'Palazzo della Ragione']",Torre Lamberti,strategy_nearest,False,0.004138946533203125,success
041E773A9C4C81,3,"['Duomo', 'Teatro Romano', 'Santa Anastasia', 'Casa Giulietta']",Torre Lamberti,"['Sighseeing', 'Centro Fotografia', 'Museo Conte', 'Palazzo della Ragione', 'AMO']",Arena,strategy_nearest,False,0.002554178237915039,success
041E7F4A9C4C81,3,"['Torre Lamberti', 'Casa Giulietta']",Santa Anastasia,"['AMO', 'Museo Conte', 'Palazzo della Ragione', 'Teatro Romano', 'Centro Fotografia']",Duomo,strategy_nearest,False,0.002081155776977539,success
041E814A9C4C80,3,"['Casa Giulietta', 'Torre Lamberti']",Duomo,"['AMO', 'Museo Miniscalchi', 'Santa Anastasia', 'Teatro Romano', 'Palazzo della Ragione']",Santa Anastasia,strategy_nearest,True,0.0031571388244628906,success
041E773A9C4C80,1,"['Arena', 'Casa Giulietta']",Tomba Giulietta,"['San Fermo', 'Museo Storia', 'Museo Lapidario', 'Museo Radio', 'Verona Tour']",Torre Lamberti,strategy_nearest,False,0.004157066345214844,success
041E833A9C4C81,0,['Arena'],Torre Lamberti,"['Sighseeing', 'Centro Fotografia', 'Museo Conte', 'Casa Giulietta', 'Palazzo della Ragione']",Casa Giulietta,strategy_nearest,True,0.0028808116912841797,success
041E834A9C4C80,0,['Arena'],San Zeno,"['Castelvecchio', 'Verona Tour', 'Museo Lapidario', 'Museo Miniscalchi', 'Sighseeing']",Castelvecchio,strategy_nearest,True,0.004738807678222656,success
041E844A9C4C80,0,['Arena'],Casa Giulietta,"['Centro Fotografia', 'Sighseeing', 'Torre Lamberti', 'Museo Conte', 'Museo Radio']",Castelvecchio,strategy_nearest,False,0.001989126205444336,success
041E853A9C4C80,0,['Arena'],Casa Giulietta,"['Centro Fotografia', 'Sighseeing', 'Torre Lamberti', 'Museo Conte', 'Museo Radio']",Teatro Romano,strategy_nearest,False,0.0026030540466308594,success
041E863A9C4C81,3,"['Arena', 'Torre Lamberti']",Casa Giulietta,"['Centro Fotografia', 'Sighseeing', 'Museo Conte', 'Museo Radio', 'Palazzo della Ragione']",San Fermo,strategy_nearest,False,0.0029010772705078125,success
041E89429C4C81,0,['Santa Anastasia'],Arena,"['Verona Tour', 'Museo Lapidario', 'Museo Radio', 'San Fermo', 'Casa Giulietta']",Castelvecchio,strategy_nearest,False,0.003283977508544922,success
041E894A9C4C81,0,"['Casa Giulietta', 'Torre Lamberti']",Arena,"['Verona Tour', 'Museo Lapidario', 'Museo Radio', 'San Fermo', 'Sighseeing']",Teatro Romano,strategy_nearest,False,0.002069711685180664,success
041E8E429C4C81,3,"['Arena', 'Castelvecchio']",Casa Giulietta,"['Centro Fotografia', 'Sighseeing', 'Torre Lamberti', 'Museo Conte', 'Museo Radio']",Santa Anastasia,strategy_nearest,False,0.0026280879974365234,success
041E874A9C4C81,2,['Casa Giulietta'],Torre Lamberti,"['Sighseeing', 'Centro Fotografia', 'Museo Conte', 'Palazzo della Ragione', 'AMO']",Santa Anastasia,strategy_nearest,False,0.0021581649780273438,success
041E904A9C4C81,0,['Casa Giulietta'],Arena,"['Verona Tour', 'Museo Lapidario', 'Museo Radio', 'San Fermo', 'Sighseeing']",Castelvecchio,strategy_nearest,False,0.00152587890625,success
041EA94A9C4C80,0,['Castelvecchio'],Arena,"['Verona Tour', 'Museo Lapidario', 'Museo Radio', 'San Fermo', 'Casa Giulietta']",Casa Giulietta,strategy_nearest,True,0.003378152847290039,success
041EA4429C4C80,2,['Torre Lamberti'],Palazzo della Ragione,"['AMO', 'Museo Conte', 'Centro Fotografia', 'Sighseeing', 'Santa Anastasia']",Casa Giulietta,strategy_nearest,False,0.0020978450775146484,success
041E9B4A9C4C80,0,['Arena'],Casa Giulietta,"['Centro Fotografia', 'Sighseeing', 'Torre Lamberti', 'Museo Conte', 'Museo Radio']",Torre Lamberti,strategy_nearest,True,0.0029213428497314453,success
041EAA429C4C80,2,['Casa Giulietta'],Castelvecchio,"['Museo Lapidario', 'Verona Tour', 'Arena', 'Museo Radio', 'San Zeno']",Teatro Romano,strategy_nearest,False,0.002279043197631836,success
041EAC3A9C4C81,0,"['Teatro Romano', 'Torre Lamberti']",Casa Giulietta,"['Centro Fotografia', 'Sighseeing', 'Museo Conte', 'Museo Radio', 'Palazzo della Ragione']",Arena,strategy_nearest,False,0.002017974853515625,success
041EAB4A9C4C80,3,"['Arena', 'Casa Giulietta']",Torre Lamberti,"['Sighseeing', 'Centro Fotografia', 'Museo Conte', 'Palazzo della Ragione', 'AMO']",Santa Anastasia,strategy_nearest,False,0.0026721954345703125,success
041EAD3A9C4C80,0,['Torre Lamberti'],Arena,"['Verona Tour', 'Museo Lapidario', 'Museo Radio', 'San Fermo', 'Casa Giulietta']",Casa Giulietta,strategy_nearest,True,0.00337982177734375,success
041EAF429C4C80,3,['Arena'],Torre Lamberti,"['Sighseeing', 'Centro Fotografia', 'Museo Conte', 'Casa Giulietta', 'Palazzo della Ragione']",Santa Anastasia,strategy_nearest,False,0.0031061172485351562,success
041EB43A9C4C80,0,"['Arena', 'Casa Giulietta']",Torre Lamberti,"['Sighseeing', 'Centro Fotografia', 'Museo Conte', 'Palazzo della Ragione', 'AMO']",Castelvecchio,strategy_nearest,False,0.002886056900024414,success
041EB7429C4C81,2,['Casa Giulietta'],Teatro Romano,"['Santa Anastasia', 'Duomo', 'AMO', 'Palazzo della Ragione', 'Museo Conte']",Torre Lamberti,strategy_nearest,False,0.0018382072448730469,success
041EB83A9C4C81,3,['Arena'],Casa Giulietta,"['Centro Fotografia', 'Sighseeing', 'Torre Lamberti', 'Museo Conte', 'Museo Radio']",Santa Anastasia,strategy_nearest,False,0.0024328231811523438,success
041EB53A9C4C80,1,"['Arena', 'Casa Giulietta']",Palazzo della Ragione,"['AMO', 'Museo Conte', 'Torre Lamberti', 'Centro Fotografia', 'Sighseeing']",Torre Lamberti,strategy_nearest,True,0.00398707389831543,success
041EB8429C4C80,0,['Duomo'],Arena,"['Verona Tour', 'Museo Lapidario', 'Museo Radio', 'San Fermo', 'Casa Giulietta']",Tomba Giulietta,strategy_nearest,False,0.0031948089599609375,success
041EBB429C4C80,0,"['Arena', 'Casa Giulietta']",Castelvecchio,"['Museo Lapidario', 'Verona Tour', 'Museo Radio', 'San Zeno', 'Sighseeing']",Torre Lamberti,strategy_nearest,False,0.0018150806427001953,success
041EC0429C4C81,0,['Arena'],Casa Giulietta,"['Centro Fotografia', 'Sighseeing', 'Torre Lamberti', 'Museo Conte', 'Museo Radio']",Castelvecchio,strategy_nearest,False,0.0025289058685302734,success
041EC03A9C4C81,3,"['Arena', 'San Fermo']",Torre Lamberti,"['Sighseeing', 'Centro Fotografia', 'Museo Conte', 'Casa Giulietta', 'Palazzo della Ragione']",Santa Anastasia,strategy_nearest,False,0.003995180130004883,success
041EC93A9C4C81,3,"['Arena', 'Castelvecchio']",San Zeno,"['Verona Tour', 'Museo Lapidario', 'Museo Miniscalchi', 'Sighseeing', 'Museo Radio']",Duomo,strategy_nearest,False,0.0038597583770751953,success
041ECA429C4C80,1,"['Arena', 'Casa Giulietta']",Palazzo della Ragione,"['AMO', 'Museo Conte', 'Torre Lamberti', 'Centro Fotografia', 'Sighseeing']",Torre Lamberti,strategy_nearest,True,0.0031118392944335938,success
041EC5429C4C81,0,['Torre Lamberti'],Arena,"['Verona Tour', 'Museo Lapidario', 'Museo Radio', 'San Fermo', 'Casa Giulietta']",Duomo,strategy_nearest,False,0.0027930736541748047,success
041ECF3A9C4C80,0,['Arena'],Casa Giulietta,"['Centro Fotografia', 'Sighseeing', 'Torre Lamberti', 'Museo Conte', 'Museo Radio']",Torre Lamberti,strategy_nearest,True,0.003458738327026367,success
041ED43A9C4C80,1,"['Arena', 'Casa Giulietta', 'Tomba Giulietta']",Museo Lapidario,"['Verona Tour', 'Castelvecchio', 'Museo Radio', 'San Fermo', 'Sighseeing']",Teatro Romano,strategy_nearest,False,0.0017027854919433594,success
041F53429C4C81,0,['Torre Lamberti'],Arena,"['Verona Tour', 'Museo Lapidario', 'Museo Radio', 'San Fermo', 'Casa Giulietta']",Tomba Giulietta,strategy_nearest,False,0.002849102020263672,success
041F4E3A9C4C81,0,['Arena'],Casa Giulietta,"['Centro Fotografia', 'Sighseeing', 'Torre Lamberti', 'Museo Conte', 'Museo Radio']",Torre Lamberti,strategy_nearest,True,0.002279043197631836,success
041F4B3A9C4C81,0,['Arena'],Casa Giulietta,"['Centro Fotografia', 'Sighseeing', 'Torre Lamberti', 'Museo Conte', 'Museo Radio']",Torre Lamberti,strategy_nearest,True,0.004313945770263672,success
041F543A9C4C81,0,['Arena'],Casa Giulietta,"['Centro Fotografia', 'Sighseeing', 'Torre Lamberti', 'Museo Conte', 'Museo Radio']",Torre Lamberti,strategy_nearest,True,0.0033180713653564453,success
041F57429C4C80,1,"['Torre Lamberti', 'Duomo']",Museo Storia,"['San Fermo', 'Museo Radio', 'Casa Giulietta', 'Centro Fotografia', 'Tomba Giulietta']",Arena,strategy_nearest,False,0.0025568008422851562,success
041F55429C4C81,3,"['Arena', 'Casa Giulietta']",Torre Lamberti,"['Sighseeing', 'Centro Fotografia', 'Museo Conte', 'Palazzo della Ragione', 'AMO']",Santa Anastasia,strategy_nearest,False,0.002165079116821289,success
041F553A9C4C81,0,['Casa Giulietta'],Palazzo della Ragione,"['AMO', 'Museo Conte', 'Torre Lamberti', 'Centro Fotografia', 'Sighseeing']",Arena,strategy_nearest,False,0.003559112548828125,success
041F59429C4C80,3,['Arena'],Santa Anastasia,"['AMO', 'Museo Conte', 'Palazzo della Ragione', 'Teatro Romano', 'Centro Fotografia']",Santa Anastasia,strategy_nearest,False,0.0021619796752929688,success
041F623A9C4C80,1,"['Arena', 'Museo Lapidario', 'San Zeno', 'Castelvecchio']",Teatro Romano,"['Santa Anastasia', 'Duomo', 'AMO', 'Palazzo della Ragione', 'Museo Conte']",Santa Anastasia,strategy_nearest,True,0.0020411014556884766,success
041F58429C4C81,3,"['Teatro Romano', 'Duomo', 'Santa Anastasia']",Casa Giulietta,"['Centro Fotografia', 'Sighseeing', 'Torre Lamberti', 'Museo Conte', 'Museo Radio']",Arena,strategy_nearest,False,0.003421783447265625,success
041F5E429C4C80,0,['Arena'],Casa Giulietta,"['Centro Fotografia', 'Sighseeing', 'Torre Lamberti', 'Museo Conte', 'Museo Radio']",Duomo,strategy_nearest,False,0.0033800601959228516,success
041F65429C4C80,0,['Arena'],Casa Giulietta,"['Centro Fotografia', 'Sighseeing', 'Torre Lamberti', 'Museo Conte', 'Museo Radio']",Santa Anastasia,strategy_nearest,False,0.0026617050170898438,success
041F69429C4C81,0,"['Arena', 'Casa Giulietta']",Torre Lamberti,"['Sighseeing', 'Centro Fotografia', 'Museo Conte', 'Palazzo della Ragione', 'AMO']",Duomo,strategy_nearest,False,0.002650022506713867,success
041F6A3A9C4C81,1,"['Arena', 'Castelvecchio', 'Casa Giulietta', 'Palazzo della Ragione']",Torre Lamberti,"['Sighseeing', 'Centro Fotografia', 'Museo Conte', 'AMO', 'Museo Miniscalchi']",Teatro Romano,strategy_nearest,False,0.0013210773468017578,success
041F6B429C4C80,3,"['Casa Giulietta', 'Santa Anastasia']",Teatro Romano,"['Duomo', 'AMO', 'Palazzo della Ragione', 'Museo Conte', 'Centro Fotografia']",Arena,strategy_nearest,False,0.0031909942626953125,success
041F6B429C4C81,0,['Arena'],Duomo,"['AMO', 'Museo Miniscalchi', 'Santa Anastasia', 'Teatro Romano', 'Palazzo della Ragione']",Torre Lamberti,strategy_nearest,False,0.0032579898834228516,success
041F6C429C4C81,0,['Arena'],San Zeno,"['Castelvecchio', 'Verona Tour', 'Museo Lapidario', 'Museo Miniscalchi', 'Sighseeing']",Castelvecchio,strategy_nearest,True,0.0018830299377441406,success
041F713A9C4C81,0,"['Arena', 'Casa Giulietta']",Tomba Giulietta,"['San Fermo', 'Museo Storia', 'Museo Lapidario', 'Museo Radio', 'Verona Tour']",Torre Lamberti,strategy_nearest,False,0.0026018619537353516,success
041F713A9C4C80,2,"['Castelvecchio', 'Casa Giulietta']",Santa Anastasia,"['AMO', 'Museo Conte', 'Palazzo della Ragione', 'Teatro Romano', 'Centro Fotografia']",Duomo,strategy_nearest,False,0.003461122512817383,success
041F72429C4C80,0,['Arena'],Casa Giulietta,"['Centro Fotografia', 'Sighseeing', 'Torre Lamberti', 'Museo Conte', 'Museo Radio']",Torre Lamberti,strategy_nearest,True,0.002435922622680664,success
041F74429C4C81,3,['San Zeno'],Arena,"['Verona Tour', 'Museo Lapidario', 'Museo Radio', 'San Fermo', 'Casa Giulietta']",Torre Lamberti,strategy_nearest,False,0.002975940704345703,success
041F763A9C4C80,0,['Arena'],Castelvecchio,"['Museo Lapidario', 'Verona Tour', 'Museo Radio', 'San Zeno', 'Sighseeing']",San Zeno,strategy_nearest,True,0.0032739639282226562,success
041F77429C4C80,0,['Arena'],Casa Giulietta,"['Centro Fotografia', 'Sighseeing', 'Torre Lamberti', 'Museo Conte', 'Museo Radio']",Teatro Romano,strategy_nearest,False,0.002777099609375,success
041F7A3A9C4C80,2,['Casa Giulietta'],Palazzo della Ragione,"['AMO', 'Museo Conte', 'Torre Lamberti', 'Centro Fotografia', 'Sighseeing']",Castelvecchio,strategy_nearest,False,0.0030879974365234375,success
041F83429C4C80,3,"['San Fermo', 'Santa Anastasia']",Teatro Romano,"['Duomo', 'AMO', 'Palazzo della Ragione', 'Museo Conte', 'Centro Fotografia']",Arena,strategy_nearest,False,0.002524852752685547,success
041F794A9C4C81,1,['Arena'],Torre Lamberti,"['Sighseeing', 'Centro Fotografia', 'Museo Conte', 'Casa Giulietta', 'Palazzo della Ragione']",Palazzo della Ragione,strategy_nearest,True,0.002766132354736328,success
041F873A9C4C81,1,"['Casa Giulietta', 'Palazzo della Ragione']",Santa Anastasia,"['AMO', 'Museo Conte', 'Teatro Romano', 'Centro Fotografia', 'Duomo']",San Zeno,strategy_nearest,False,0.0019030570983886719,success
041F853A9C4C80,3,"['Arena', 'Casa Giulietta']",Santa Anastasia,"['AMO', 'Museo Conte', 'Palazzo della Ragione', 'Teatro Romano', 'Centro Fotografia']",Duomo,strategy_nearest,False,0.002875804901123047,success
041F8A3A9C4C80,3,"['Arena', 'Casa Giulietta']",Torre Lamberti,"['Sighseeing', 'Centro Fotografia', 'Museo Conte', 'Palazzo della Ragione', 'AMO']",Santa Anastasia,strategy_nearest,False,0.0023827552795410156,success
041F8D3A9C4C80,0,['Arena'],Giardino Giusti,"['Santa Anastasia', 'Teatro Romano', 'Museo Conte', 'Centro Fotografia', 'Museo Storia']",Torre Lamberti,strategy_nearest,False,0.003323078155517578,success
041F8D3A9C4C81,3,"['Arena', 'Castelvecchio', 'Casa Giulietta']",Santa Anastasia,"['AMO', 'Museo Conte', 'Palazzo della Ragione', 'Teatro Romano', 'Centro Fotografia']",Teatro Romano,strategy_nearest,True,0.003486156463623047,success
041F954A9C4C81,3,"['Arena', 'Torre Lamberti']",Castelvecchio,"['Museo Lapidario', 'Verona Tour', 'Museo Radio', 'San Zeno', 'Sighseeing']",Teatro Romano,strategy_nearest,False,0.0023651123046875,success
041F904A9C4C81,3,"['Arena', 'Museo Lapidario', 'Casa Giulietta']",Torre Lamberti,"['Sighseeing', 'Centro Fotografia', 'Museo Conte', 'Palazzo della Ragione', 'AMO']",Duomo,strategy_nearest,False,0.0031728744506835938,success
041F9F429C4C81,2,['San Fermo'],Teatro Romano,"['Santa Anastasia', 'Duomo', 'AMO', 'Palazzo della Ragione', 'Museo Conte']",Duomo,strategy_nearest,True,0.003992795944213867,success
041FA44A9C4C81,1,"['Arena', 'Museo Lapidario', 'Palazzo della Ragione', 'Torre Lamberti']",Casa Giulietta,"['Centro Fotografia', 'Sighseeing', 'Museo Conte', 'Museo Radio', 'San Fermo']",Santa Anastasia,strategy_nearest,False,0.0019338130950927734,success
041F9D429C4C81,0,['Arena'],Castelvecchio,"['Museo Lapidario', 'Verona Tour', 'Museo Radio', 'San Zeno', 'Sighseeing']",Santa Anastasia,strategy_nearest,False,0.0024318695068359375,success
041FA34A9C4C80,1,"['Arena', 'Castelvecchio']",Palazzo della Ragione,"['AMO', 'Museo Conte', 'Torre Lamberti', 'Centro Fotografia', 'Sighseeing']",Torre Lamberti,strategy_nearest,True,0.0033969879150390625,success
041FA73A9C4C80,1,"['Torre Lamberti', 'Palazzo della Ragione']",Casa Giulietta,"['Centro Fotografia', 'Sighseeing', 'Museo Conte', 'Museo Radio', 'San Fermo']",Arena,strategy_nearest,False,0.0020029544830322266,success
041FAB429C4C80,3,"['Duomo', 'Santa Anastasia']",Casa Giulietta,"['Centro Fotografia', 'Sighseeing', 'Torre Lamberti', 'Museo Conte', 'Museo Radio']",Castelvecchio,strategy_nearest,False,0.002638101577758789,success
041FAD3A9C4C81,0,['Castelvecchio'],Arena,"['Verona Tour', 'Museo Lapidario', 'Museo Radio', 'San Fermo', 'Casa Giulietta']",Casa Giulietta,strategy_nearest,True,0.003548145294189453,success
041FAE3A9C4C80,3,['Arena'],Casa Giulietta,"['Centro Fotografia', 'Sighseeing', 'Torre Lamberti', 'Museo Conte', 'Museo Radio']",Torre Lamberti,strategy_nearest,True,0.004359245300292969,success
041FB13A9C4C80,0,['Arena'],Casa Giulietta,"['Centro Fotografia', 'Sighseeing', 'Torre Lamberti', 'Museo Conte', 'Museo Radio']",Torre Lamberti,strategy_nearest,True,0.0014808177947998047,success
041FB2BA7B3F80,0,"['Arena', 'Casa Giulietta']",Giardino Giusti,"['Santa Anastasia', 'Teatro Romano', 'Museo Conte', 'Centro Fotografia', 'Museo Storia']",Teatro Romano,strategy_nearest,True,0.0030782222747802734,success
041FB0429C4C81,3,"['Casa Giulietta', 'Torre Lamberti']",Santa Anastasia,"['AMO', 'Museo Conte', 'Palazzo della Ragione', 'Teatro Romano', 'Centro Fotografia']",Teatro Romano,strategy_nearest,True,0.0027589797973632812,success
041FB8429C4C81,2,"['Castelvecchio', 'Casa Giulietta']",Teatro Romano,"['Santa Anastasia', 'Duomo', 'AMO', 'Palazzo della Ragione', 'Museo Conte']",Museo Storia,strategy_nearest,False,0.0028672218322753906,success
041FB33A9C4C80,1,"['Arena', 'Casa Giulietta']",Torre Lamberti,"['Sighseeing', 'Centro Fotografia', 'Museo Conte', 'Palazzo della Ragione', 'AMO']",Palazzo della Ragione,strategy_nearest,True,0.00473785400390625,success
041FBD429C4C81,3,['Arena'],San Fermo,"['Museo Storia', 'Museo Radio', 'Casa Giulietta', 'Centro Fotografia', 'Sighseeing']",Torre Lamberti,strategy_nearest,False,0.001972198486328125,success
041FB93A9C4C81,0,['Arena'],Casa Giulietta,"['Centro Fotografia', 'Sighseeing', 'Torre Lamberti', 'Museo Conte', 'Museo Radio']",Torre Lamberti,strategy_nearest,True,0.004473209381103516,success
041FBB429C4C81,3,['Arena'],Santa Anastasia,"['AMO', 'Museo Conte', 'Palazzo della Ragione', 'Teatro Romano', 'Centro Fotografia']",Torre Lamberti,strategy_nearest,False,0.0046651363372802734,success
041FBF3A9C4C81,3,"['Teatro Romano', 'Casa Giulietta']",Santa Anastasia,"['AMO', 'Museo Conte', 'Palazzo della Ragione', 'Centro Fotografia', 'Duomo']",Tomba Giulietta,strategy_nearest,False,0.0036780834197998047,success
041FC33A9C4C81,1,"['Torre Lamberti', 'Palazzo della Ragione']",Arena,"['Verona Tour', 'Museo Lapidario', 'Museo Radio', 'San Fermo', 'Casa Giulietta']",Museo Lapidario,strategy_nearest,True,0.0021860599517822266,success
041FC43A9C4C81,0,['Torre Lamberti'],Duomo,"['AMO', 'Museo Miniscalchi', 'Santa Anastasia', 'Teatro Romano', 'Palazzo della Ragione']",Arena,strategy_nearest,False,0.0030641555786132812,success
041FC4429C4C80,3,"['San Zeno', 'Santa Anastasia']",San Fermo,"['Museo Storia', 'Museo Radio', 'Casa Giulietta', 'Centro Fotografia', 'Arena']",Arena,strategy_nearest,True,0.0028400421142578125,success
041FC83A9C4C80,1,"['Arena', 'Casa Giulietta', 'Palazzo della Ragione']",Torre Lamberti,"['Sighseeing', 'Centro Fotografia', 'Museo Conte', 'AMO', 'Museo Miniscalchi']",Santa Anastasia,strategy_nearest,False,0.002788066864013672,success
041FCE429C4C80,0,"['Arena', 'Torre Lamberti']",Casa Giulietta,"['Centro Fotografia', 'Sighseeing', 'Museo Conte', 'Museo Radio', 'Palazzo della Ragione']",Castelvecchio,strategy_nearest,False,0.0035169124603271484,success
041FCC3A9C4C80,2,['Teatro Romano'],Duomo,"['AMO', 'Museo Miniscalchi', 'Santa Anastasia', 'Palazzo della Ragione', 'Museo Conte']",Castelvecchio,strategy_nearest,False,0.002521038055419922,success
041FD0429C4C81,1,"['Teatro Romano', 'Torre Lamberti', 'Casa Giulietta', 'San Zeno']",Duomo,"['AMO', 'Museo Miniscalchi', 'Santa Anastasia', 'Palazzo della Ragione', 'Museo Conte']",Arena,strategy_nearest,False,0.0017910003662109375,success
041FD2429C4C80,0,"['Torre Lamberti', 'Casa Giulietta']",Arena,"['Verona Tour', 'Museo Lapidario', 'Museo Radio', 'San Fermo', 'Sighseeing']",Castelvecchio,strategy_nearest,False,0.0025238990783691406,success
041FDC3A9C4C81,1,"['Palazzo della Ragione', 'Torre Lamberti']",Casa Giulietta,"['Centro Fotografia', 'Sighseeing', 'Museo Conte', 'Museo Radio', 'San Fermo']",Arena,strategy_nearest,False,0.001992940902709961,success
041FEC3A9C4C80,1,"['Casa Giulietta', 'Torre Lamberti', 'Palazzo della Ragione']",Arena,"['Verona Tour', 'Museo Lapidario', 'Museo Radio', 'San Fermo', 'Sighseeing']",Santa Anastasia,strategy_nearest,False,0.003425121307373047,success
041FE73A9C4C80,3,"['Duomo', 'Santa Anastasia']",Torre Lamberti,"['Sighseeing', 'Centro Fotografia', 'Museo Conte', 'Casa Giulietta', 'Palazzo della Ragione']",Casa Giulietta,strategy_nearest,True,0.0028460025787353516,success
0420513A9C4C81,0,"['Arena', 'Casa Giulietta']",Museo Lapidario,"['Verona Tour', 'Castelvecchio', 'Museo Radio', 'San Fermo', 'Tomba Giulietta']",Torre Lamberti,strategy_nearest,False,0.0025930404663085938,success
0420543A9C4C81,0,['Arena'],Castelvecchio,"['Museo Lapidario', 'Verona Tour', 'Museo Radio', 'San Zeno', 'Sighseeing']",Casa Giulietta,strategy_nearest,False,0.003111124038696289,success
042055429C4C81,0,['Arena'],Museo Lapidario,"['Verona Tour', 'Castelvecchio', 'Museo Radio', 'San Fermo', 'Casa Giulietta']",Casa Giulietta,strategy_nearest,True,0.002380847930908203,success
042065429C4C81,0,"['Arena', 'San Zeno']",Castelvecchio,"['Museo Lapidario', 'Verona Tour', 'Museo Radio', 'Sighseeing', 'Museo Miniscalchi']",Casa Giulietta,strategy_nearest,False,0.002763032913208008,success
04205F3A9C4C81,1,"['Arena', 'Torre Lamberti', 'Palazzo della Ragione']",Santa Anastasia,"['AMO', 'Museo Conte', 'Teatro Romano', 'Centro Fotografia', 'Duomo']",Duomo,strategy_nearest,True,0.0022089481353759766,success
0420633A9C4C80,6,"['Arena', 'Santa Anastasia', 'Duomo']",Palazzo della Ragione,"['AMO', 'Museo Conte', 'Torre Lamberti', 'Centro Fotografia', 'Sighseeing']",Teatro Romano,strategy_nearest,False,0.0035309791564941406,success
042068429C4C80,0,['Arena'],Casa Giulietta,"['Centro Fotografia', 'Sighseeing', 'Torre Lamberti', 'Museo Conte', 'Museo Radio']",Teatro Romano,strategy_nearest,False,0.003331899642944336,success
0420713A9C4C80,0,['Arena'],Duomo,"['AMO', 'Museo Miniscalchi', 'Santa Anastasia', 'Teatro Romano', 'Palazzo della Ragione']",Casa Giulietta,strategy_nearest,False,0.0030417442321777344,success
04206A3A9C4C81,1,"['Torre Lamberti', 'Palazzo della Ragione', 'Santa Anastasia', 'Santa Anastasia']",Duomo,"['AMO', 'Museo Miniscalchi', 'Teatro Romano', 'Museo Conte', 'Centro Fotografia']",Teatro Romano,strategy_nearest,True,0.002669811248779297,success
04206D429C4C80,3,"['Arena', 'Torre Lamberti']",Casa Giulietta,"['Centro Fotografia', 'Sighseeing', 'Museo Conte', 'Museo Radio', 'Palazzo della Ragione']",Santa Anastasia,strategy_nearest,False,0.0020940303802490234,success
0420713A9C4C81,1,"['Arena', 'Castelvecchio', 'Teatro Romano']",Duomo,"['AMO', 'Museo Miniscalchi', 'Santa Anastasia', 'Palazzo della Ragione', 'Museo Conte']",Santa Anastasia,strategy_nearest,True,0.0019221305847167969,success
0420723A9C4C80,0,['Arena'],Casa Giulietta,"['Centro Fotografia', 'Sighseeing', 'Torre Lamberti', 'Museo Conte', 'Museo Radio']",Torre Lamberti,strategy_nearest,True,0.0024437904357910156,success
042070429C4C81,3,"['Arena', 'Casa Giulietta']",Torre Lamberti,"['Sighseeing', 'Centro Fotografia', 'Museo Conte', 'Palazzo della Ragione', 'AMO']",Duomo,strategy_nearest,False,0.0027306079864501953,success
042071429C4C80,1,['Arena'],Casa Giulietta,"['Centro Fotografia', 'Sighseeing', 'Torre Lamberti', 'Museo Conte', 'Museo Radio']",Palazzo della Ragione,strategy_nearest,False,0.0013072490692138672,success
0420753A9C4C81,0,['Arena'],Castelvecchio,"['Museo Lapidario', 'Verona Tour', 'Museo Radio', 'San Zeno', 'Sighseeing']",Casa Giulietta,strategy_nearest,False,0.0027441978454589844,success
04207A3A9C4C80,3,"['Arena', 'Museo Lapidario', 'Castelvecchio']",Duomo,"['AMO', 'Museo Miniscalchi', 'Santa Anastasia', 'Teatro Romano', 'Palazzo della Ragione']",Santa Anastasia,strategy_nearest,True,0.002003908157348633,success
0420763A9C4C80,0,['Arena'],Torre Lamberti,"['Sighseeing', 'Centro Fotografia', 'Museo Conte', 'Casa Giulietta', 'Palazzo della Ragione']",Castelvecchio,strategy_nearest,False,0.0032930374145507812,success
042074429C4C81,0,['Casa Giulietta'],Arena,"['Verona Tour', 'Museo Lapidario', 'Museo Radio', 'San Fermo', 'Sighseeing']",Tomba Giulietta,strategy_nearest,False,0.0016052722930908203,success
04207F429C4C81,2,['Casa Giulietta'],Torre Lamberti,"['Sighseeing', 'Centro Fotografia', 'Museo Conte', 'Palazzo della Ragione', 'AMO']",Duomo,strategy_nearest,False,0.0014429092407226562,success
0420843A9C4C80,1,"['Arena', 'Casa Giulietta', 'San Fermo']",Torre Lamberti,"['Sighseeing', 'Centro Fotografia', 'Museo Conte', 'Palazzo della Ragione', 'AMO']",Palazzo della Ragione,strategy_nearest,True,0.002599000930786133,success
04207A4A9C4C81,2,['Santa Anastasia'],Palazzo della Ragione,"['AMO', 'Museo Conte', 'Torre Lamberti', 'Centro Fotografia', 'Sighseeing']",Casa Giulietta,strategy_nearest,False,0.0026578903198242188,success
042086429C4C80,3,"['San Zeno', 'Arena']",Castelvecchio,"['Museo Lapidario', 'Verona Tour', 'Museo Radio', 'Sighseeing', 'Museo Miniscalchi']",Teatro Romano,strategy_nearest,False,0.003377199172973633,success
0420873A9C4C80,3,"['Arena', 'Casa Giulietta']",Torre Lamberti,"['Sighseeing', 'Centro Fotografia', 'Museo Conte', 'Palazzo della Ragione', 'AMO']",Santa Anastasia,strategy_nearest,False,0.0025568008422851562,success
0420864A9C4C81,0,['Casa Giulietta'],Torre Lamberti,"['Sighseeing', 'Centro Fotografia', 'Museo Conte', 'Palazzo della Ragione', 'AMO']",Arena,strategy_nearest,False,0.001981973648071289,success
0420894A9C4C81,0,['Torre Lamberti'],Arena,"['Verona Tour', 'Museo Lapidario', 'Museo Radio', 'San Fermo', 'Casa Giulietta']",Castelvecchio,strategy_nearest,False,0.0023789405822753906,success
0420883A9C4C81,0,['Arena'],Casa Giulietta,"['Centro Fotografia', 'Sighseeing', 'Torre Lamberti', 'Museo Conte', 'Museo Radio']",Santa Anastasia,strategy_nearest,False,0.0026531219482421875,success
0420874A9C4C80,3,"['Arena', 'Museo Lapidario']",Casa Giulietta,"['Centro Fotografia', 'Sighseeing', 'Torre Lamberti', 'Museo Conte', 'Museo Radio']",Torre Lamberti,strategy_nearest,True,0.0034432411193847656,success
0420914A9C4C80,3,"['Arena', 'Casa Giulietta']",Torre Lamberti,"['Sighseeing', 'Centro Fotografia', 'Museo Conte', 'Palazzo della Ragione', 'AMO']",Castelvecchio,strategy_nearest,False,0.0027267932891845703,success
0420914A9C4C81,3,"['Arena', 'San Fermo', 'Duomo']",Torre Lamberti,"['Sighseeing', 'Centro Fotografia', 'Museo Conte', 'Casa Giulietta', 'Palazzo della Ragione']",Museo Lapidario,strategy_nearest,False,0.001875162124633789,success
0420904A9C4C80,2,"['Casa Giulietta', 'Palazzo della Ragione']",Torre Lamberti,"['Sighseeing', 'Centro Fotografia', 'Museo Conte', 'AMO', 'Museo Miniscalchi']",Duomo,strategy_nearest,False,0.0026018619537353516,success
0420904A9C4C81,1,"['Casa Giulietta', 'Torre Lamberti']",Palazzo della Ragione,"['AMO', 'Museo Conte', 'Centro Fotografia', 'Sighseeing', 'Santa Anastasia']",Arena,strategy_nearest,False,0.0033791065216064453,success
04209B4A9C4C80,3,"['Arena', 'Tomba Giulietta']",Santa Anastasia,"['AMO', 'Museo Conte', 'Palazzo della Ragione', 'Teatro Romano', 'Centro Fotografia']",Torre Lamberti,strategy_nearest,False,0.0018799304962158203,success
04209D429C4C80,1,"['Arena', 'San Fermo', 'Casa Giulietta']",Torre Lamberti,"['Sighseeing', 'Centro Fotografia', 'Museo Conte', 'Palazzo della Ragione', 'AMO']",Palazzo della Ragione,strategy_nearest,True,0.002722024917602539,success
0420A34A9C4C80,1,"['Arena', 'Museo Lapidario']",Torre Lamberti,"['Sighseeing', 'Centro Fotografia', 'Museo Conte', 'Casa Giulietta', 'Palazzo della Ragione']",Palazzo della Ragione,strategy_nearest,True,0.0020470619201660156,success
0420A53A9C4C81,0,['Torre Lamberti'],Casa Giulietta,"['Centro Fotografia', 'Sighseeing', 'Museo Conte', 'Museo Radio', 'Palazzo della Ragione']",Arena,strategy_nearest,False,0.0033512115478515625,success
0420A64A9C4C80,1,"['Teatro Romano', 'Arena']",Casa Giulietta,"['Centro Fotografia', 'Sighseeing', 'Torre Lamberti', 'Museo Conte', 'Museo Radio']",Palazzo della Ragione,strategy_nearest,False,0.0026581287384033203,success
0420A83A9C4C81,1,"['San Zeno', 'Castelvecchio', 'Arena']",Torre Lamberti,"['Sighseeing', 'Centro Fotografia', 'Museo Conte', 'Casa Giulietta', 'Palazzo della Ragione']",Santa Anastasia,strategy_nearest,False,0.0032248497009277344,success
0420A63A9C4C81,1,"['Arena', 'Torre Lamberti']",Palazzo della Ragione,"['AMO', 'Museo Conte', 'Centro Fotografia', 'Sighseeing', 'Santa Anastasia']",Casa Giulietta,strategy_nearest,False,0.00267791748046875,success
0420A54A9C4C81,3,"['Arena', 'Duomo', 'Santa Anastasia']",Torre Lamberti,"['Sighseeing', 'Centro Fotografia', 'Museo Conte', 'Casa Giulietta', 'Palazzo della Ragione']",Casa Giulietta,strategy_nearest,True,0.0018308162689208984,success
0420AB3A9C4C81,2,['Castelvecchio'],Castelvecchio,"['Museo Lapidario', 'Verona Tour', 'Arena', 'Museo Radio', 'San Zeno']",Casa Giulietta,strategy_nearest,False,0.0021910667419433594,success
0420A84A9C4C80,3,"['Arena', 'Torre Lamberti']",Santa Anastasia,"['AMO', 'Museo Conte', 'Palazzo della Ragione', 'Teatro Romano', 'Centro Fotografia']",Duomo,strategy_nearest,False,0.0016248226165771484,success
0420AD429C4C80,0,['Arena'],Casa Giulietta,"['Centro Fotografia', 'Sighseeing', 'Torre Lamberti', 'Museo Conte', 'Museo Radio']",Torre Lamberti,strategy_nearest,True,0.0034661293029785156,success
0420AF3A9C4C81,3,['Arena'],Torre Lamberti,"['Sighseeing', 'Centro Fotografia', 'Museo Conte', 'Casa Giulietta', 'Palazzo della Ragione']",Santa Anastasia,strategy_nearest,False,0.0022280216217041016,success
0420AC3A9C4C80,0,['Arena'],Castelvecchio,"['Museo Lapidario', 'Verona Tour', 'Museo Radio', 'San Zeno', 'Sighseeing']",Casa Giulietta,strategy_nearest,False,0.002920866012573242,success
0420B2429C4C81,0,['Arena'],Casa Giulietta,"['Centro Fotografia', 'Sighseeing', 'Torre Lamberti', 'Museo Conte', 'Museo Radio']",Santa Anastasia,strategy_nearest,False,0.0025818347930908203,success
0420B03A9C4C81,1,"['Arena', 'Casa Giulietta']",Palazzo della Ragione,"['AMO', 'Museo Conte', 'Torre Lamberti', 'Centro Fotografia', 'Sighseeing']",Torre Lamberti,strategy_nearest,True,0.001873016357421875,success
0420B3429C4C81,0,['Torre Lamberti'],Arena,"['Verona Tour', 'Museo Lapidario', 'Museo Radio', 'San Fermo', 'Casa Giulietta']",Castelvecchio,strategy_nearest,False,0.0029850006103515625,success
0420B93A9C4C81,0,"['Tomba Giulietta', 'Arena']",Casa Giulietta,"['Centro Fotografia', 'Sighseeing', 'Torre Lamberti', 'Museo Conte', 'Museo Radio']",Santa Anastasia,strategy_nearest,False,0.0035271644592285156,success
0420B7429C4C80,0,['Torre Lamberti'],Arena,"['Verona Tour', 'Museo Lapidario', 'Museo Radio', 'San Fermo', 'Casa Giulietta']",San Fermo,strategy_nearest,True,0.0037970542907714844,success
0420BA3A9C4C81,0,['Arena'],Casa Giulietta,"['Centro Fotografia', 'Sighseeing', 'Torre Lamberti', 'Museo Conte', 'Museo Radio']",Torre Lamberti,strategy_nearest,True,0.0028290748596191406,success
0420BF429C4C80,0,"['Teatro Romano', 'Giardino Giusti']",Casa Giulietta,"['Centro Fotografia', 'Sighseeing', 'Torre Lamberti', 'Museo Conte', 'Museo Radio']",Castelvecchio,strategy_nearest,False,0.002933979034423828,success
0420C0429C4C80,0,['Arena'],Casa Giulietta,"['Centro Fotografia', 'Sighseeing', 'Torre Lamberti', 'Museo Conte', 'Museo Radio']",Torre Lamberti,strategy_nearest,True,0.0015342235565185547,success
0420C03A9C4C81,0,['Arena'],Teatro Romano,"['Santa Anastasia', 'Duomo', 'AMO', 'Palazzo della Ragione', 'Museo Conte']",Castelvecchio,strategy_nearest,False,0.0034360885620117188,success
0420C0429C4C81,0,['Arena'],Casa Giulietta,"['Centro Fotografia', 'Sighseeing', 'Torre Lamberti', 'Museo Conte', 'Museo Radio']",Torre Lamberti,strategy_nearest,True,0.0026438236236572266,success
0420CE429C4C80,3,"['San Zeno', 'Santa Anastasia']",Teatro Romano,"['Duomo', 'AMO', 'Palazzo della Ragione', 'Museo Conte', 'Centro Fotografia']",Arena,strategy_nearest,False,0.0013267993927001953,success
0420CC3A9C4C80,2,['Teatro Romano'],Duomo,"['AMO', 'Museo Miniscalchi', 'Santa Anastasia', 'Palazzo della Ragione', 'Museo Conte']",Castelvecchio,strategy_nearest,False,0.0026578903198242188,success
0420C1429C4C80,0,"['Arena', 'Museo Lapidario']",Casa Giulietta,"['Centro Fotografia', 'Sighseeing', 'Torre Lamberti', 'Museo Conte', 'Museo Radio']",Santa Anastasia,strategy_nearest,False,0.0026900768280029297,success
0420CF429C4C81,0,['San Zeno'],Casa Giulietta,"['Centro Fotografia', 'Sighseeing', 'Torre Lamberti', 'Museo Conte', 'Museo Radio']",Torre Lamberti,strategy_nearest,True,0.0033910274505615234,success
0420D13A9C4C80,4,"['Torre Lamberti', 'Santa Anastasia', 'Arena', 'Museo Lapidario', 'Duomo']",Castelvecchio,"['Verona Tour', 'Museo Radio', 'San Zeno', 'Sighseeing', 'Museo Miniscalchi']",San Fermo,strategy_nearest,False,0.0018439292907714844,success
0420D83A9C4C81,2,"['Castelvecchio', 'San Fermo', 'San Zeno']",Casa Giulietta,"['Centro Fotografia', 'Sighseeing', 'Torre Lamberti', 'Museo Conte', 'Museo Radio']",Palazzo della Ragione,strategy_nearest,False,0.0024938583374023438,success
0420E8429C4C80,1,"['Palazzo della Ragione', 'Torre Lamberti', 'Casa Giulietta', 'Giardino Giusti']",Arena,"['Verona Tour', 'Museo Lapidario', 'Museo Radio', 'San Fermo', 'Sighseeing']",Castelvecchio,strategy_nearest,False,0.002500772476196289,success
0420DC3A9C4C81,2,"['Casa Giulietta', 'Torre Lamberti', 'Palazzo della Ragione']",Castelvecchio,"['Museo Lapidario', 'Verona Tour', 'Arena', 'Museo Radio', 'San Zeno']",Santa Anastasia,strategy_nearest,False,0.0036089420318603516,success
0420E43A9C4C81,1,"['Casa Giulietta', 'Torre Lamberti']",Palazzo della Ragione,"['AMO', 'Museo Conte', 'Centro Fotografia', 'Sighseeing', 'Santa Anastasia']",Santa Anastasia,strategy_nearest,True,0.0038690567016601562,success
042159429C4C81,0,['Castelvecchio'],Arena,"['Verona Tour', 'Museo Lapidario', 'Museo Radio', 'San Fermo', 'Casa Giulietta']",Teatro Romano,strategy_nearest,False,0.002569913864135742,success
04215C429C4C81,0,"['Castelvecchio', 'Arena']",Giardino Giusti,"['Santa Anastasia', 'Teatro Romano', 'Museo Conte', 'Centro Fotografia', 'Museo Storia']",Casa Giulietta,strategy_nearest,False,0.0027282238006591797,success
04215E3A9C4C80,1,"['Arena', 'Santa Anastasia', 'Duomo']",Palazzo della Ragione,"['AMO', 'Museo Conte', 'Torre Lamberti', 'Centro Fotografia', 'Sighseeing']",Torre Lamberti,strategy_nearest,True,0.003159046173095703,success
0420ED3A9C4C80,3,"['Arena', 'Casa Giulietta']",Torre Lamberti,"['Sighseeing', 'Centro Fotografia', 'Museo Conte', 'Palazzo della Ragione', 'AMO']",Santa Anastasia,strategy_nearest,False,0.0032036304473876953,success
04215F429C4C80,0,['Tomba Giulietta'],Arena,"['Verona Tour', 'Museo Lapidario', 'Museo Radio', 'San Fermo', 'Casa Giulietta']",Castelvecchio,strategy_nearest,False,0.0025212764739990234,success
042169429C4C80,3,"['Arena', 'Casa Giulietta']",Santa Anastasia,"['AMO', 'Museo Conte', 'Palazzo della Ragione', 'Teatro Romano', 'Centro Fotografia']",Torre Lamberti,strategy_nearest,False,0.0028269290924072266,success
0421794A9C4C80,0,['Arena'],Casa Giulietta,"['Centro Fotografia', 'Sighseeing', 'Torre Lamberti', 'Museo Conte', 'Museo Radio']",Torre Lamberti,strategy_nearest,True,0.0024788379669189453,success
04216B429C4C81,3,"['Arena', 'Casa Giulietta']",Torre Lamberti,"['Sighseeing', 'Centro Fotografia', 'Museo Conte', 'Palazzo della Ragione', 'AMO']",Duomo,strategy_nearest,False,0.0032529830932617188,success
04217E3A9C4C80,1,"['Arena', 'Torre Lamberti']",Casa Giulietta,"['Centro Fotografia', 'Sighseeing', 'Museo Conte', 'Museo Radio', 'Palazzo della Ragione']",Palazzo della Ragione,strategy_nearest,True,0.0014498233795166016,success
0421833A9C4C80,0,['Arena'],Casa Giulietta,"['Centro Fotografia', 'Sighseeing', 'Torre Lamberti', 'Museo Conte', 'Museo Radio']",Torre Lamberti,strategy_nearest,True,0.002660989761352539,success
04217B3A9C4C80,3,"['Arena', 'Santa Anastasia']",Duomo,"['AMO', 'Museo Miniscalchi', 'Teatro Romano', 'Palazzo della Ragione', 'Museo Conte']",Teatro Romano,strategy_nearest,True,0.0033359527587890625,success
0421854A9C4C80,3,"['Torre Lamberti', 'San Fermo']",Arena,"['Verona Tour', 'Museo Lapidario', 'Museo Radio', 'Casa Giulietta', 'Sighseeing']",Santa Anastasia,strategy_nearest,False,0.0033109188079833984,success
042186429C4C80,0,['Castelvecchio'],Torre Lamberti,"['Sighseeing', 'Centro Fotografia', 'Museo Conte', 'Casa Giulietta', 'Palazzo della Ragione']",Arena,strategy_nearest,False,0.0026438236236572266,success
0421864A9C4C81,2,['Santa Anastasia'],Duomo,"['AMO', 'Museo Miniscalchi', 'Teatro Romano', 'Palazzo della Ragione', 'Museo Conte']",Teatro Romano,strategy_nearest,True,0.0026319026947021484,success
0421873A9C4C81,3,"['Arena', 'Casa Giulietta']",Torre Lamberti,"['Sighseeing', 'Centro Fotografia', 'Museo Conte', 'Palazzo della Ragione', 'AMO']",Santa Anastasia,strategy_nearest,False,0.00339508056640625,success
0421864A9C4C80,0,['Arena'],Casa Giulietta,"['Centro Fotografia', 'Sighseeing', 'Torre Lamberti', 'Museo Conte', 'Museo Radio']",Torre Lamberti,strategy_nearest,True,0.0020143985748291016,success
04218B3A9C4C80,0,['Arena'],Casa Giulietta,"['Centro Fotografia', 'Sighseeing', 'Torre Lamberti', 'Museo Conte', 'Museo Radio']",Teatro Romano,strategy_nearest,False,0.0019478797912597656,success
04218A429C4C81,3,"['Castelvecchio', 'Casa Giulietta', 'Torre Lamberti']",Arena,"['Verona Tour', 'Museo Lapidario', 'Museo Radio', 'San Fermo', 'Sighseeing']",Duomo,strategy_nearest,False,0.0027272701263427734,success
0421954A9C4C81,3,['Arena'],Santa Anastasia,"['AMO', 'Museo Conte', 'Palazzo della Ragione', 'Teatro Romano', 'Centro Fotografia']",Duomo,strategy_nearest,False,0.002627134323120117,success
0421944A9C4C80,0,['Arena'],Castelvecchio,"['Museo Lapidario', 'Verona Tour', 'Museo Radio', 'San Zeno', 'Sighseeing']",Casa Giulietta,strategy_nearest,False,0.0034351348876953125,success
042198429C4C80,3,"['Arena', 'Casa Giulietta']",Santa Anastasia,"['AMO', 'Museo Conte', 'Palazzo della Ragione', 'Teatro Romano', 'Centro Fotografia']",Torre Lamberti,strategy_nearest,False,0.002566814422607422,success
04219F429C4C80,1,"['Arena', 'Casa Giulietta']",Torre Lamberti,"['Sighseeing', 'Centro Fotografia', 'Museo Conte', 'Palazzo della Ragione', 'AMO']",Palazzo della Ragione,strategy_nearest,True,0.0027239322662353516,success
042199429C4C81,0,"['Arena', 'Museo Lapidario']",Casa Giulietta,"['Centro Fotografia', 'Sighseeing', 'Torre Lamberti', 'Museo Conte', 'Museo Radio']",Torre Lamberti,strategy_nearest,True,0.0027997493743896484,success
0421A3429C4C81,3,"['Arena', 'Casa Giulietta', 'San Fermo']",Castelvecchio,"['Museo Lapidario', 'Verona Tour', 'Museo Radio', 'San Zeno', 'Sighseeing']",San Zeno,strategy_nearest,True,0.0032660961151123047,success
0421A24A9C4C81,0,['Arena'],Castelvecchio,"['Museo Lapidario', 'Verona Tour', 'Museo Radio', 'San Zeno', 'Sighseeing']",Casa Giulietta,strategy_nearest,False,0.0017364025115966797,success
04219F429C4C81,2,['Casa Giulietta'],Palazzo della Ragione,"['AMO', 'Museo Conte', 'Torre Lamberti', 'Centro Fotografia', 'Sighseeing']",Torre Lamberti,strategy_nearest,True,0.0040130615234375,success
0421A5429C4C81,0,['Arena'],Castelvecchio,"['Museo Lapidario', 'Verona Tour', 'Museo Radio', 'San Zeno', 'Sighseeing']",Torre Lamberti,strategy_nearest,False,0.0045642852783203125,success
0421A54A9C4C81,3,"['Arena', 'Casa Giulietta', 'Torre Lamberti']",Santa Anastasia,"['AMO', 'Museo Conte', 'Palazzo della Ragione', 'Teatro Romano', 'Centro Fotografia']",Duomo,strategy_nearest,False,0.0026471614837646484,success
0421A64A9C4C81,3,['Arena'],Torre Lamberti,"['Sighseeing', 'Centro Fotografia', 'Museo Conte', 'Casa Giulietta', 'Palazzo della Ragione']",Teatro Romano,strategy_nearest,False,0.003309965133666992,success
0421A74A9C4C80,1,"['Arena', 'Santa Anastasia', 'Torre Lamberti', 'Museo Lapidario']",San Fermo,"['Museo Storia', 'Museo Radio', 'Casa Giulietta', 'Centro Fotografia', 'Sighseeing']",Casa Giulietta,strategy_nearest,True,0.0029518604278564453,success
0421A74A9C4C81,0,['Arena'],Casa Giulietta,"['Centro Fotografia', 'Sighseeing', 'Torre Lamberti', 'Museo Conte', 'Museo Radio']",Torre Lamberti,strategy_nearest,True,0.0022656917572021484,success
0421A872743380,3,"['Museo Storia', 'Giardino Giusti', 'Teatro Romano', 'Santa Anastasia']",Torre Lamberti,"['Sighseeing', 'Centro Fotografia', 'Museo Conte', 'Casa Giulietta', 'Palazzo della Ragione']",Casa Giulietta,strategy_nearest,True,0.0017821788787841797,success
0421A83A9C4C80,1,"['Arena', 'Palazzo della Ragione']",Torre Lamberti,"['Sighseeing', 'Centro Fotografia', 'Museo Conte', 'Casa Giulietta', 'AMO']",Casa Giulietta,strategy_nearest,True,0.004052877426147461,success
0421A9429C4C81,3,"['Castelvecchio', 'Arena']",Torre Lamberti,"['Sighseeing', 'Centro Fotografia', 'Museo Conte', 'Casa Giulietta', 'Palazzo della Ragione']",Santa Anastasia,strategy_nearest,False,0.004801034927368164,success
0421A94A9C4C80,0,['Arena'],Torre Lamberti,"['Sighseeing', 'Centro Fotografia', 'Museo Conte', 'Casa Giulietta', 'Palazzo della Ragione']",Casa Giulietta,strategy_nearest,True,0.002855062484741211,success
0421B0429C4C80,0,['Arena'],Torre Lamberti,"['Sighseeing', 'Centro Fotografia', 'Museo Conte', 'Casa Giulietta', 'Palazzo della Ragione']",Casa Giulietta,strategy_nearest,True,0.0017781257629394531,success
0421AF3A9C4C81,3,['Arena'],Torre Lamberti,"['Sighseeing', 'Centro Fotografia', 'Museo Conte', 'Casa Giulietta', 'Palazzo della Ragione']",Santa Anastasia,strategy_nearest,False,0.0025463104248046875,success
0421B2429C4C81,3,['Arena'],Torre Lamberti,"['Sighseeing', 'Centro Fotografia', 'Museo Conte', 'Casa Giulietta', 'Palazzo della Ragione']",Santa Anastasia,strategy_nearest,False,0.003339052200317383,success
0421B3429C4C80,3,"['Arena', 'Casa Giulietta']",Torre Lamberti,"['Sighseeing', 'Centro Fotografia', 'Museo Conte', 'Palazzo della Ragione', 'AMO']",Duomo,strategy_nearest,False,0.0038232803344726562,success
0421B43A9C4C80,1,"['Arena', 'Torre Lamberti']",Palazzo della Ragione,"['AMO', 'Museo Conte', 'Centro Fotografia', 'Sighseeing', 'Santa Anastasia']",Casa Giulietta,strategy_nearest,False,0.002605915069580078,success
0421B53A9C4C81,2,['Castelvecchio'],Casa Giulietta,"['Centro Fotografia', 'Sighseeing', 'Torre Lamberti', 'Museo Conte', 'Museo Radio']",Santa Anastasia,strategy_nearest,False,0.002794027328491211,success
0421B43A9C4C81,2,"['Casa Giulietta', 'Torre Lamberti']",Palazzo della Ragione,"['AMO', 'Museo Conte', 'Centro Fotografia', 'Sighseeing', 'Santa Anastasia']",Santa Anastasia,strategy_nearest,True,0.002193927764892578,success
0421B9429C4C80,0,['Arena'],Casa Giulietta,"['Centro Fotografia', 'Sighseeing', 'Torre Lamberti', 'Museo Conte', 'Museo Radio']",Torre Lamberti,strategy_nearest,True,0.0025801658630371094,success
0421BD429C4C81,3,['Arena'],Casa Giulietta,"['Centro Fotografia', 'Sighseeing', 'Torre Lamberti', 'Museo Conte', 'Museo Radio']",Santa Anastasia,strategy_nearest,False,0.0035448074340820312,success
0421B5429C4C80,2,['Duomo'],Tomba Giulietta,"['San Fermo', 'Museo Storia', 'Arena', 'Museo Lapidario', 'Museo Radio']",Museo Storia,strategy_nearest,True,0.003454923629760742,success
0421C33A9C4C81,0,['Arena'],Tomba Giulietta,"['San Fermo', 'Museo Storia', 'Museo Lapidario', 'Museo Radio', 'Verona Tour']",San Fermo,strategy_nearest,True,0.0024671554565429688,success
0421C43A9C4C81,3,"['Arena', 'Castelvecchio']",Casa Giulietta,"['Centro Fotografia', 'Sighseeing', 'Torre Lamberti', 'Museo Conte', 'Museo Radio']",Santa Anastasia,strategy_nearest,False,0.0028641223907470703,success
0421C93A9C4C81,0,['Arena'],Castelvecchio,"['Museo Lapidario', 'Verona Tour', 'Museo Radio', 'San Zeno', 'Sighseeing']",Casa Giulietta,strategy_nearest,False,0.0027341842651367188,success
0421C93A9C4C80,2,"['Santa Anastasia', 'Duomo', 'Teatro Romano']",Castelvecchio,"['Museo Lapidario', 'Verona Tour', 'Arena', 'Museo Radio', 'San Zeno']",Casa Giulietta,strategy_nearest,False,0.003602266311645508,success
0421C8429C4C80,3,['Arena'],Santa Anastasia,"['AMO', 'Museo Conte', 'Palazzo della Ragione', 'Teatro Romano', 'Centro Fotografia']",San Zeno,strategy_nearest,False,0.0024230480194091797,success
0421CE3A9C4C81,2,"['Castelvecchio', 'Torre Lamberti']",Palazzo della Ragione,"['AMO', 'Museo Conte', 'Centro Fotografia', 'Sighseeing', 'Santa Anastasia']",Santa Anastasia,strategy_nearest,True,0.0029358863830566406,success
0421CF429C4C80,3,"['Arena', 'Casa Giulietta', 'San Fermo']",Santa Anastasia,"['AMO', 'Museo Conte', 'Palazzo della Ragione', 'Teatro Romano', 'Centro Fotografia']",Duomo,strategy_nearest,False,0.002251148223876953,success
0421CF3A9C4C80,0,"['Arena', 'San Fermo']",Casa Giulietta,"['Centro Fotografia', 'Sighseeing', 'Torre Lamberti', 'Museo Conte', 'Museo Radio']",Torre Lamberti,strategy_nearest,True,0.0016131401062011719,success
0421CF429C4C81,3,"['Teatro Romano', 'Duomo', 'Arena']",Torre Lamberti,"['Sighseeing', 'Centro Fotografia', 'Museo Conte', 'Casa Giulietta', 'Palazzo della Ragione']",Torre Lamberti,strategy_nearest,False,0.0034379959106445312,success
0421D0429C4C81,3,"['Arena', 'Casa Giulietta']",Torre Lamberti,"['Sighseeing', 'Centro Fotografia', 'Museo Conte', 'Palazzo della Ragione', 'AMO']",Teatro Romano,strategy_nearest,False,0.002123117446899414,success
0421D8429C4C81,0,"['Teatro Romano', 'Tomba Giulietta']",Casa Giulietta,"['Centro Fotografia', 'Sighseeing', 'Torre Lamberti', 'Museo Conte', 'Museo Radio']",Castelvecchio,strategy_nearest,False,0.002904176712036133,success
0421DD3A9C4C80,3,"['Teatro Romano', 'Casa Giulietta', 'Arena', 'Tomba Giulietta']",Museo Storia,"['San Fermo', 'Museo Radio', 'Centro Fotografia', 'Torre Lamberti', 'Sighseeing']",San Fermo,strategy_nearest,True,0.0035130977630615234,success
0421D23A9C4C81,1,"['Arena', 'Casa Giulietta', 'Torre Lamberti']",Palazzo della Ragione,"['AMO', 'Museo Conte', 'Centro Fotografia', 'Sighseeing', 'Santa Anastasia']",Teatro Romano,strategy_nearest,False,0.0023238658905029297,success
0422503A9C4C81,3,"['San Zeno', 'Castelvecchio', 'Casa Giulietta']",Duomo,"['AMO', 'Museo Miniscalchi', 'Santa Anastasia', 'Teatro Romano', 'Palazzo della Ragione']",Teatro Romano,strategy_nearest,True,0.0020132064819335938,success
0421DE3A9C4C81,0,['Arena'],Torre Lamberti,"['Sighseeing', 'Centro Fotografia', 'Museo Conte', 'Casa Giulietta', 'Palazzo della Ragione']",Duomo,strategy_nearest,False,0.001851797103881836,success
042252429C4C81,3,"['Arena', 'Casa Giulietta']",Torre Lamberti,"['Sighseeing', 'Centro Fotografia', 'Museo Conte', 'Palazzo della Ragione', 'AMO']",Duomo,strategy_nearest,False,0.002627134323120117,success
0422543A9C4C81,1,"['Arena', 'Casa Giulietta', 'San Fermo', 'Torre Lamberti']",Palazzo della Ragione,"['AMO', 'Museo Conte', 'Centro Fotografia', 'Sighseeing', 'Santa Anastasia']",Teatro Romano,strategy_nearest,False,0.0024042129516601562,success
042257429C4C80,3,"['Castelvecchio', 'San Zeno']",Casa Giulietta,"['Centro Fotografia', 'Sighseeing', 'Torre Lamberti', 'Museo Conte', 'Museo Radio']",Santa Anastasia,strategy_nearest,False,0.002765178680419922,success
042258429C4C80,1,"['Arena', 'Torre Lamberti']",Palazzo della Ragione,"['AMO', 'Museo Conte', 'Centro Fotografia', 'Sighseeing', 'Santa Anastasia']",Santa Anastasia,strategy_nearest,True,0.0019409656524658203,success
042256429C4C80,3,"['Arena', 'Casa Giulietta']",Santa Anastasia,"['AMO', 'Museo Conte', 'Palazzo della Ragione', 'Teatro Romano', 'Centro Fotografia']",Torre Lamberti,strategy_nearest,False,0.004078865051269531,success
042262429C4C80,3,"['Teatro Romano', 'Santa Anastasia']",Casa Giulietta,"['Centro Fotografia', 'Sighseeing', 'Torre Lamberti', 'Museo Conte', 'Museo Radio']",Tomba Giulietta,strategy_nearest,False,0.0020520687103271484,success
04225C429C4C81,3,['Arena'],Castelvecchio,"['Museo Lapidario', 'Verona Tour', 'Museo Radio', 'San Zeno', 'Sighseeing']",Torre Lamberti,strategy_nearest,False,0.0033898353576660156,success
04225A429C4C81,1,"['Arena', 'San Fermo', 'Palazzo della Ragione', 'Torre Lamberti']",Santa Anastasia,"['AMO', 'Museo Conte', 'Teatro Romano', 'Centro Fotografia', 'Duomo']",Duomo,strategy_nearest,True,0.0022172927856445312,success
04225F429C4C81,0,['Arena'],Casa Giulietta,"['Centro Fotografia', 'Sighseeing', 'Torre Lamberti', 'Museo Conte', 'Museo Radio']",Torre Lamberti,strategy_nearest,True,0.0034139156341552734,success
0422653A9C4C81,0,"['Arena', 'Casa Giulietta']",San Fermo,"['Museo Storia', 'Museo Radio', 'Centro Fotografia', 'Sighseeing', 'Torre Lamberti']",Tomba Giulietta,strategy_nearest,False,0.002740144729614258,success
0422633A9C4C81,1,"['Arena', 'Casa Giulietta']",Castelvecchio,"['Museo Lapidario', 'Verona Tour', 'Museo Radio', 'San Zeno', 'Sighseeing']",Giardino Giusti,strategy_nearest,False,0.0020599365234375,success
042268429C4C80,0,['Arena'],Casa Giulietta,"['Centro Fotografia', 'Sighseeing', 'Torre Lamberti', 'Museo Conte', 'Museo Radio']",Castelvecchio,strategy_nearest,False,0.0026748180389404297,success
04226E429C4C81,3,['Arena'],Casa Giulietta,"['Centro Fotografia', 'Sighseeing', 'Torre Lamberti', 'Museo Conte', 'Museo Radio']",Santa Anastasia,strategy_nearest,False,0.0032880306243896484,success
042271429C4C80,0,['Arena'],Museo Lapidario,"['Verona Tour', 'Castelvecchio', 'Museo Radio', 'San Fermo', 'Casa Giulietta']",Tomba Giulietta,strategy_nearest,False,0.0026869773864746094,success
0422733A9C4C80,3,"['Arena', 'Museo Lapidario']",Castelvecchio,"['Verona Tour', 'Museo Radio', 'San Zeno', 'Sighseeing', 'Museo Miniscalchi']",Duomo,strategy_nearest,False,0.0019876956939697266,success
04226F3A9C4C81,3,"['Giardino Giusti', 'Tomba Giulietta', 'Museo Storia']",San Fermo,"['Museo Radio', 'Casa Giulietta', 'Centro Fotografia', 'Arena', 'Sighseeing']",Torre Lamberti,strategy_nearest,False,0.004232883453369141,success
04226F429C4C80,3,"['Casa Giulietta', 'Santa Anastasia']",Teatro Romano,"['Duomo', 'AMO', 'Palazzo della Ragione', 'Museo Conte', 'Centro Fotografia']",Duomo,strategy_nearest,True,0.0022771358489990234,success
042273429C4C81,3,"['San Fermo', 'Santa Anastasia']",Duomo,"['AMO', 'Museo Miniscalchi', 'Teatro Romano', 'Palazzo della Ragione', 'Museo Conte']",Teatro Romano,strategy_nearest,True,0.003217935562133789,success
0422783A9C4C80,0,['Arena'],Casa Giulietta,"['Centro Fotografia', 'Sighseeing', 'Torre Lamberti', 'Museo Conte', 'Museo Radio']",Santa Anastasia,strategy_nearest,False,0.001889944076538086,success
0422773A9C4C80,1,['Arena'],Palazzo della Ragione,"['AMO', 'Museo Conte', 'Torre Lamberti', 'Centro Fotografia', 'Sighseeing']",Teatro Romano,strategy_nearest,False,0.0019931793212890625,success
04227A3A9C4C81,0,['Casa Giulietta'],Arena,"['Verona Tour', 'Museo Lapidario', 'Museo Radio', 'San Fermo', 'Sighseeing']",Castelvecchio,strategy_nearest,False,0.0031261444091796875,success
04227E3A9C4C80,1,"['Arena', 'Casa Giulietta']",Palazzo della Ragione,"['AMO', 'Museo Conte', 'Torre Lamberti', 'Centro Fotografia', 'Sighseeing']",Torre Lamberti,strategy_nearest,True,0.002602815628051758,success
04227A4A9C4C81,1,"['Arena', 'Casa Giulietta', 'Torre Lamberti']",Palazzo della Ragione,"['AMO', 'Museo Conte', 'Centro Fotografia', 'Sighseeing', 'Santa Anastasia']",Santa Anastasia,strategy_nearest,True,0.0018770694732666016,success
042283429C4C81,3,"['San Zeno', 'Arena']",Torre Lamberti,"['Sighseeing', 'Centro Fotografia', 'Museo Conte', 'Casa Giulietta', 'Palazzo della Ragione']",Santa Anastasia,strategy_nearest,False,0.0027489662170410156,success
042287429C4C80,0,['Arena'],Teatro Romano,"['Santa Anastasia', 'Duomo', 'AMO', 'Palazzo della Ragione', 'Museo Conte']",Duomo,strategy_nearest,True,0.0032699108123779297,success
04228B429C4C80,3,"['Arena', 'Castelvecchio', 'Castelvecchio']",Torre Lamberti,"['Sighseeing', 'Centro Fotografia', 'Museo Conte', 'Casa Giulietta', 'Palazzo della Ragione']",Casa Giulietta,strategy_nearest,True,0.002068042755126953,success
04228C3A9C4C81,1,"['Arena', 'Museo Lapidario', 'Casa Giulietta']",Torre Lamberti,"['Sighseeing', 'Centro Fotografia', 'Museo Conte', 'Palazzo della Ragione', 'AMO']",Palazzo della Ragione,strategy_nearest,True,0.003142118453979492,success
0422884A9C4C80,0,['Arena'],Torre Lamberti,"['Sighseeing', 'Centro Fotografia', 'Museo Conte', 'Casa Giulietta', 'Palazzo della Ragione']",Casa Giulietta,strategy_nearest,True,0.004038810729980469,success
04228B3A9C4C81,3,"['Teatro Romano', 'Santa Anastasia']",Arena,"['Verona Tour', 'Museo Lapidario', 'Museo Radio', 'San Fermo', 'Casa Giulietta']",Castelvecchio,strategy_nearest,False,0.00263214111328125,success
04228C4A9C4C81,3,['Santa Anastasia'],Duomo,"['AMO', 'Museo Miniscalchi', 'Teatro Romano', 'Palazzo della Ragione', 'Museo Conte']",Arena,strategy_nearest,False,0.002686023712158203,success
04228F4A9C4C80,1,"['Casa Giulietta', 'Torre Lamberti']",Palazzo della Ragione,"['AMO', 'Museo Conte', 'Centro Fotografia', 'Sighseeing', 'Santa Anastasia']",Arena,strategy_nearest,False,0.002679109573364258,success
04228D3A9C4C80,3,['Arena'],Casa Giulietta,"['Centro Fotografia', 'Sighseeing', 'Torre Lamberti', 'Museo Conte', 'Museo Radio']",Santa Anastasia,strategy_nearest,False,0.0020990371704101562,success
04228F4A9C4C81,3,"['Casa Giulietta', 'Torre Lamberti', 'Santa Anastasia']",Duomo,"['AMO', 'Museo Miniscalchi', 'Teatro Romano', 'Palazzo della Ragione', 'Museo Conte']",Arena,strategy_nearest,False,0.003283262252807617,success
0422904A9C4C80,0,['Casa Giulietta'],Arena,"['Verona Tour', 'Museo Lapidario', 'Museo Radio', 'San Fermo', 'Sighseeing']",Torre Lamberti,strategy_nearest,False,0.0028591156005859375,success
0422914A9C4C80,0,['Casa Giulietta'],Santa Anastasia,"['AMO', 'Museo Conte', 'Palazzo della Ragione', 'Teatro Romano', 'Centro Fotografia']",Arena,strategy_nearest,False,0.002185821533203125,success
04229D4A9C4C81,3,"['Arena', 'Casa Giulietta', 'Torre Lamberti']",Santa Anastasia,"['AMO', 'Museo Conte', 'Palazzo della Ragione', 'Teatro Romano', 'Centro Fotografia']",Duomo,strategy_nearest,False,0.0034897327423095703,success
0422A1429C4C80,0,['Arena'],Museo Lapidario,"['Verona Tour', 'Castelvecchio', 'Museo Radio', 'San Fermo', 'Casa Giulietta']",Casa Giulietta,strategy_nearest,True,0.0031409263610839844,success
0422A24A9C4C80,1,"['Arena', 'Museo Lapidario']",Torre Lamberti,"['Sighseeing', 'Centro Fotografia', 'Museo Conte', 'Casa Giulietta', 'Palazzo della Ragione']",Palazzo della Ragione,strategy_nearest,True,0.0025010108947753906,success
0422A64A9C4C81,1,"['Tomba Giulietta', 'Arena', 'Palazzo della Ragione']",Casa Giulietta,"['Centro Fotografia', 'Sighseeing', 'Torre Lamberti', 'Museo Conte', 'Museo Radio']",Santa Anastasia,strategy_nearest,False,0.002804994583129883,success
0422A24A9C4C81,0,['Arena'],Casa Giulietta,"['Centro Fotografia', 'Sighseeing', 'Torre Lamberti', 'Museo Conte', 'Museo Radio']",Torre Lamberti,strategy_nearest,True,0.004441022872924805,success
0422A7429C4C80,1,"['Arena', 'Casa Giulietta']",Palazzo della Ragione,"['AMO', 'Museo Conte', 'Torre Lamberti', 'Centro Fotografia', 'Sighseeing']",Torre Lamberti,strategy_nearest,True,0.0036470890045166016,success
0422A84A9C4C80,3,"['Museo Lapidario', 'Arena', 'Casa Giulietta']",Torre Lamberti,"['Sighseeing', 'Centro Fotografia', 'Museo Conte', 'Palazzo della Ragione', 'AMO']",Santa Anastasia,strategy_nearest,False,0.004335880279541016,success
0422A73A9C4C81,0,['Arena'],Casa Giulietta,"['Centro Fotografia', 'Sighseeing', 'Torre Lamberti', 'Museo Conte', 'Museo Radio']",Duomo,strategy_nearest,False,0.0035789012908935547,success
0422B13A9C4C80,0,['Arena'],Casa Giulietta,"['Centro Fotografia', 'Sighseeing', 'Torre Lamberti', 'Museo Conte', 'Museo Radio']",Torre Lamberti,strategy_nearest,True,0.0029931068420410156,success
0422B03A9C4C80,6,['Casa Giulietta'],Torre Lamberti,"['Sighseeing', 'Centro Fotografia', 'Museo Conte', 'Palazzo della Ragione', 'AMO']",Duomo,strategy_nearest,False,0.0017440319061279297,success
0422AB3A9C4C81,0,"['Torre Lamberti', 'Duomo']",Arena,"['Verona Tour', 'Museo Lapidario', 'Museo Radio', 'San Fermo', 'Casa Giulietta']",Castelvecchio,strategy_nearest,False,0.0024309158325195312,success
0422AA3A9C4C80,1,"['Arena', 'Palazzo della Ragione']",Torre Lamberti,"['Sighseeing', 'Centro Fotografia', 'Museo Conte', 'Casa Giulietta', 'AMO']",Casa Giulietta,strategy_nearest,True,0.0037431716918945312,success
0422BA3A9C4C81,1,['Palazzo della Ragione'],Torre Lamberti,"['Sighseeing', 'Centro Fotografia', 'Museo Conte', 'Casa Giulietta', 'AMO']",Casa Giulietta,strategy_nearest,True,0.0032880306243896484,success
0422B53A9C4C80,0,['Torre Lamberti'],Casa Giulietta,"['Centro Fotografia', 'Sighseeing', 'Museo Conte', 'Museo Radio', 'Palazzo della Ragione']",Castelvecchio,strategy_nearest,False,0.0022878646850585938,success
0422B43A9C4C80,0,['Arena'],Torre Lamberti,"['Sighseeing', 'Centro Fotografia', 'Museo Conte', 'Casa Giulietta', 'Palazzo della Ragione']",Casa Giulietta,strategy_nearest,True,0.0029621124267578125,success
0422B6429C4C80,0,['Arena'],Casa Giulietta,"['Centro Fotografia', 'Sighseeing', 'Torre Lamberti', 'Museo Conte', 'Museo Radio']",Torre Lamberti,strategy_nearest,True,0.0016300678253173828,success
0422BC429C4C81,0,['Tomba Giulietta'],Arena,"['Verona Tour', 'Museo Lapidario', 'Museo Radio', 'San Fermo', 'Casa Giulietta']",Casa Giulietta,strategy_nearest,True,0.002235889434814453,success
0422CA3A9C4C81,0,['Torre Lamberti'],Arena,"['Verona Tour', 'Museo Lapidario', 'Museo Radio', 'San Fermo', 'Casa Giulietta']",Giardino Giusti,strategy_nearest,False,0.0034329891204833984,success
0422D43A9C4C80,1,"['Arena', 'Castelvecchio', 'Duomo', 'Santa Anastasia', 'Torre Lamberti']",Teatro Romano,"['AMO', 'Palazzo della Ragione', 'Museo Conte', 'Centro Fotografia', 'Museo Miniscalchi']",Casa Giulietta,strategy_nearest,False,0.0014920234680175781,success
0422DC3A9C4C80,2,['Casa Giulietta'],Torre Lamberti,"['Sighseeing', 'Centro Fotografia', 'Museo Conte', 'Palazzo della Ragione', 'AMO']",Castelvecchio,strategy_nearest,False,0.0026311874389648438,success
0422E73A9C4C80,1,"['Santa Anastasia', 'Casa Giulietta', 'San Fermo', 'Arena']",Torre Lamberti,"['Sighseeing', 'Centro Fotografia', 'Museo Conte', 'Palazzo della Ragione', 'AMO']",Palazzo della Ragione,strategy_nearest,True,0.002051115036010742,success
042350429C4C81,1,"['Torre Lamberti', 'Palazzo della Ragione', 'Santa Anastasia', 'Casa Giulietta']",Arena,"['Verona Tour', 'Museo Lapidario', 'Museo Radio', 'San Fermo', 'Sighseeing']",Castelvecchio,strategy_nearest,False,0.0025260448455810547,success
0422DE3A9C4C80,0,['Casa Giulietta'],Teatro Romano,"['Santa Anastasia', 'Duomo', 'AMO', 'Palazzo della Ragione', 'Museo Conte']",Arena,strategy_nearest,False,0.0034949779510498047,success
0422E03A9C4C80,3,"['Arena', 'Casa Giulietta', 'Torre Lamberti']",Santa Anastasia,"['AMO', 'Museo Conte', 'Palazzo della Ragione', 'Teatro Romano', 'Centro Fotografia']",Duomo,strategy_nearest,False,0.0015549659729003906,success
042356429C4C81,3,"['Arena', 'Casa Giulietta', 'Santa Anastasia']",Duomo,"['AMO', 'Museo Miniscalchi', 'Teatro Romano', 'Palazzo della Ragione', 'Museo Conte']",Castelvecchio,strategy_nearest,False,0.0017948150634765625,success
042357429C4C80,0,['Arena'],Torre Lamberti,"['Sighseeing', 'Centro Fotografia', 'Museo Conte', 'Casa Giulietta', 'Palazzo della Ragione']",Casa Giulietta,strategy_nearest,True,0.0023832321166992188,success
0423603A9C4C81,3,"['Arena', 'Duomo']",San Fermo,"['Museo Storia', 'Museo Radio', 'Casa Giulietta', 'Centro Fotografia', 'Sighseeing']",Castelvecchio,strategy_nearest,False,0.00409388542175293,success
042360429C4C80,1,"['Arena', 'Torre Lamberti']",Palazzo della Ragione,"['AMO', 'Museo Conte', 'Centro Fotografia', 'Sighseeing', 'Santa Anastasia']",Santa Anastasia,strategy_nearest,True,0.0013780593872070312,success
042362429C4C81,3,"['Teatro Romano', 'Duomo', 'Santa Anastasia', 'Casa Giulietta']",Torre Lamberti,"['Sighseeing', 'Centro Fotografia', 'Museo Conte', 'Palazzo della Ragione', 'AMO']",San Fermo,strategy_nearest,False,0.0019450187683105469,success
0423633A9C4C81,1,"['Arena', 'San Fermo', 'Santa Anastasia', 'Torre Lamberti']",Palazzo della Ragione,"['AMO', 'Museo Conte', 'Centro Fotografia', 'Sighseeing', 'Museo Miniscalchi']",Casa Giulietta,strategy_nearest,False,0.003069162368774414,success
042371429C4C80,1,"['Arena', 'Casa Giulietta']",Palazzo della Ragione,"['AMO', 'Museo Conte', 'Torre Lamberti', 'Centro Fotografia', 'Sighseeing']",Torre Lamberti,strategy_nearest,True,0.0020809173583984375,success
0423703A9C4C80,0,['Arena'],Casa Giulietta,"['Centro Fotografia', 'Sighseeing', 'Torre Lamberti', 'Museo Conte', 'Museo Radio']",Teatro Romano,strategy_nearest,False,0.003368854522705078,success
0423643A9C4C80,1,"['Arena', 'Santa Anastasia']",Casa Giulietta,"['Centro Fotografia', 'Sighseeing', 'Torre Lamberti', 'Museo Conte', 'Museo Radio']",Castelvecchio,strategy_nearest,False,0.00203704833984375,success
042372429C4C81,2,"['Casa Giulietta', 'Torre Lamberti']",Santa Anastasia,"['AMO', 'Museo Conte', 'Palazzo della Ragione', 'Teatro Romano', 'Centro Fotografia']",Duomo,strategy_nearest,False,0.0026900768280029297,success
0423763A9C4C81,1,['Arena'],Palazzo della Ragione,"['AMO', 'Museo Conte', 'Torre Lamberti', 'Centro Fotografia', 'Sighseeing']",Torre Lamberti,strategy_nearest,True,0.0025441646575927734,success
04237B3A9C4C81,0,['Arena'],Castelvecchio,"['Museo Lapidario', 'Verona Tour', 'Museo Radio', 'San Zeno', 'Sighseeing']",Teatro Romano,strategy_nearest,False,0.002131938934326172,success
04237B4A9C4C80,3,"['Arena', 'Museo Lapidario']",Casa Giulietta,"['Centro Fotografia', 'Sighseeing', 'Torre Lamberti', 'Museo Conte', 'Museo Radio']",Torre Lamberti,strategy_nearest,True,0.0027472972869873047,success
04237C3A9C4C80,3,"['Arena', 'Santa Anastasia']",Duomo,"['AMO', 'Museo Miniscalchi', 'Teatro Romano', 'Palazzo della Ragione', 'Museo Conte']",Teatro Romano,strategy_nearest,True,0.0033469200134277344,success
042386429C4C80,3,['Arena'],Casa Giulietta,"['Centro Fotografia', 'Sighseeing', 'Torre Lamberti', 'Museo Conte', 'Museo Radio']",Torre Lamberti,strategy_nearest,True,0.001886129379272461,success
04237D3A9C4C81,3,"['Arena', 'Museo Lapidario', 'Tomba Giulietta']",Castelvecchio,"['Verona Tour', 'Museo Radio', 'San Zeno', 'Sighseeing', 'Museo Miniscalchi']",Torre Lamberti,strategy_nearest,False,0.003203868865966797,success
0423853A9C4C81,1,"['Arena', 'Casa Giulietta', 'Torre Lamberti']",Palazzo della Ragione,"['AMO', 'Museo Conte', 'Centro Fotografia', 'Sighseeing', 'Santa Anastasia']",Santa Anastasia,strategy_nearest,True,0.0025310516357421875,success
0423873A9C4C80,1,"['Arena', 'Casa Giulietta', 'Torre Lamberti']",Palazzo della Ragione,"['AMO', 'Museo Conte', 'Centro Fotografia', 'Sighseeing', 'Santa Anastasia']",Santa Anastasia,strategy_nearest,True,0.0034117698669433594,success
042389429C4C81,0,['Arena'],Museo Lapidario,"['Verona Tour', 'Castelvecchio', 'Museo Radio', 'San Fermo', 'Casa Giulietta']",Teatro Romano,strategy_nearest,False,0.002416849136352539,success
042389429C4C80,0,['Arena'],Castelvecchio,"['Museo Lapidario', 'Verona Tour', 'Museo Radio', 'San Zeno', 'Sighseeing']",Casa Giulietta,strategy_nearest,False,0.0018410682678222656,success
04238A3A9C4C80,3,"['Arena', 'Museo Lapidario', 'Castelvecchio']",Casa Giulietta,"['Centro Fotografia', 'Sighseeing', 'Torre Lamberti', 'Museo Conte', 'Museo Radio']",San Fermo,strategy_nearest,False,0.00226593017578125,success
04238A3A9C4C81,0,['Arena'],Casa Giulietta,"['Centro Fotografia', 'Sighseeing', 'Torre Lamberti', 'Museo Conte', 'Museo Radio']",Castelvecchio,strategy_nearest,False,0.003977060317993164,success
04238D4A9C4C81,0,"['Arena', 'Castelvecchio']",Duomo,"['AMO', 'Museo Miniscalchi', 'Santa Anastasia', 'Teatro Romano', 'Palazzo della Ragione']",Teatro Romano,strategy_nearest,True,0.0018298625946044922,success
04238F4A9C4C81,2,['Santa Anastasia'],Castelvecchio,"['Museo Lapidario', 'Verona Tour', 'Arena', 'Museo Radio', 'San Zeno']",San Zeno,strategy_nearest,True,0.0024080276489257812,success
04238E429C4C81,3,"['San Zeno', 'Santa Anastasia', 'Duomo']",Torre Lamberti,"['Sighseeing', 'Centro Fotografia', 'Museo Conte', 'Casa Giulietta', 'Palazzo della Ragione']",San Fermo,strategy_nearest,False,0.00466609001159668,success
0423984A9C4C81,0,"['Tomba Giulietta', 'Torre Lamberti']",Casa Giulietta,"['Centro Fotografia', 'Sighseeing', 'Museo Conte', 'Museo Radio', 'Palazzo della Ragione']",Arena,strategy_nearest,False,0.002105236053466797,success
042399429C4C81,0,"['Arena', 'Museo Lapidario']",Casa Giulietta,"['Centro Fotografia', 'Sighseeing', 'Torre Lamberti', 'Museo Conte', 'Museo Radio']",Torre Lamberti,strategy_nearest,True,0.0026841163635253906,success
04239E4A9C4C81,1,['Arena'],Torre Lamberti,"['Sighseeing', 'Centro Fotografia', 'Museo Conte', 'Casa Giulietta', 'Palazzo della Ragione']",Palazzo della Ragione,strategy_nearest,True,0.0029740333557128906,success
0423A04A9C4C80,2,['San Fermo'],Teatro Romano,"['Santa Anastasia', 'Duomo', 'AMO', 'Palazzo della Ragione', 'Museo Conte']",Duomo,strategy_nearest,True,0.0027480125427246094,success
04239F4A9C4C81,0,['Arena'],Casa Giulietta,"['Centro Fotografia', 'Sighseeing', 'Torre Lamberti', 'Museo Conte', 'Museo Radio']",Torre Lamberti,strategy_nearest,True,0.0026412010192871094,success
0423A34A9C4C81,1,"['Arena', 'Museo Lapidario', 'Palazzo della Ragione', 'Torre Lamberti']",Casa Giulietta,"['Centro Fotografia', 'Sighseeing', 'Museo Conte', 'Museo Radio', 'San Fermo']",Santa Anastasia,strategy_nearest,False,0.0031800270080566406,success
0423A34A9C4C80,0,['Arena'],Casa Giulietta,"['Centro Fotografia', 'Sighseeing', 'Torre Lamberti', 'Museo Conte', 'Museo Radio']",Castelvecchio,strategy_nearest,False,0.0027408599853515625,success
0423A93A9C4C80,0,['Arena'],Tomba Giulietta,"['San Fermo', 'Museo Storia', 'Museo Lapidario', 'Museo Radio', 'Verona Tour']",Casa Giulietta,strategy_nearest,False,0.0019130706787109375,success
0423A44A9C4C81,0,['Arena'],San Fermo,"['Museo Storia', 'Museo Radio', 'Casa Giulietta', 'Centro Fotografia', 'Sighseeing']",Casa Giulietta,strategy_nearest,True,0.0020170211791992188,success
0423AB429C4C80,0,['Arena'],Casa Giulietta,"['Centro Fotografia', 'Sighseeing', 'Torre Lamberti', 'Museo Conte', 'Museo Radio']",Duomo,strategy_nearest,False,0.0033440589904785156,success
0423AC3A9C4C81,1,"['Arena', 'Casa Giulietta']",Museo Lapidario,"['Verona Tour', 'Castelvecchio', 'Museo Radio', 'San Fermo', 'Tomba Giulietta']",Torre Lamberti,strategy_nearest,False,0.0024459362030029297,success
0423AF3A9C4C81,1,"['Arena', 'Castelvecchio']",Casa Giulietta,"['Centro Fotografia', 'Sighseeing', 'Torre Lamberti', 'Museo Conte', 'Museo Radio']",Torre Lamberti,strategy_nearest,True,0.002021312713623047,success
0423AE3A9C4C81,0,"['Castelvecchio', 'Arena']",Tomba Giulietta,"['San Fermo', 'Museo Storia', 'Museo Lapidario', 'Museo Radio', 'Verona Tour']",Casa Giulietta,strategy_nearest,False,0.0027158260345458984,success
0423AF3A9C4C80,0,['Arena'],Casa Giulietta,"['Centro Fotografia', 'Sighseeing', 'Torre Lamberti', 'Museo Conte', 'Museo Radio']",Torre Lamberti,strategy_nearest,True,0.0034041404724121094,success
0423B43A9C4C81,3,"['San Zeno', 'Castelvecchio', 'Museo Lapidario']",Arena,"['Verona Tour', 'Museo Radio', 'San Fermo', 'Casa Giulietta', 'Sighseeing']",San Fermo,strategy_nearest,True,0.0026929378509521484,success
0423B93A9C4C81,0,['Castelvecchio'],Arena,"['Verona Tour', 'Museo Lapidario', 'Museo Radio', 'San Fermo', 'Casa Giulietta']",Casa Giulietta,strategy_nearest,True,0.0027208328247070312,success
0423B5429C4C81,2,['Casa Giulietta'],Torre Lamberti,"['Sighseeing', 'Centro Fotografia', 'Museo Conte', 'Palazzo della Ragione', 'AMO']",Santa Anastasia,strategy_nearest,False,0.003410816192626953,success
0423BB3A9C4C81,2,"['Casa Giulietta', 'San Fermo']",Santa Anastasia,"['AMO', 'Museo Conte', 'Palazzo della Ragione', 'Teatro Romano', 'Centro Fotografia']",Palazzo della Ragione,strategy_nearest,True,0.0027348995208740234,success
0423BC3A9C4C80,3,"['Torre Lamberti', 'Santa Anastasia']",Duomo,"['AMO', 'Museo Miniscalchi', 'Teatro Romano', 'Palazzo della Ragione', 'Museo Conte']",Castelvecchio,strategy_nearest,False,0.003298044204711914,success
0423BE3A9C4C80,0,['Arena'],Casa Giulietta,"['Centro Fotografia', 'Sighseeing', 'Torre Lamberti', 'Museo Conte', 'Museo Radio']",Castelvecchio,strategy_nearest,False,0.003309011459350586,success
0423C83A9C4C80,0,['Arena'],Casa Giulietta,"['Centro Fotografia', 'Sighseeing', 'Torre Lamberti', 'Museo Conte', 'Museo Radio']",Torre Lamberti,strategy_nearest,True,0.0025310516357421875,success
0423C33A9C4C81,2,"['Castelvecchio', 'Casa Giulietta']",Torre Lamberti,"['Sighseeing', 'Centro Fotografia', 'Museo Conte', 'Palazzo della Ragione', 'AMO']",Santa Anastasia,strategy_nearest,False,0.003371000289916992,success
0423C03A9C4C80,0,['Castelvecchio'],Arena,"['Verona Tour', 'Museo Lapidario', 'Museo Radio', 'San Fermo', 'Casa Giulietta']",Duomo,strategy_nearest,False,0.002035856246948242,success
0423D0429C4C80,3,"['Arena', 'Casa Giulietta', 'Torre Lamberti', 'Museo Storia']",Teatro Romano,"['Santa Anastasia', 'Duomo', 'AMO', 'Palazzo della Ragione', 'Museo Conte']",Santa Anastasia,strategy_nearest,True,0.0026199817657470703,success
0423CA3A9C4C80,0,['Arena'],San Fermo,"['Museo Storia', 'Museo Radio', 'Casa Giulietta', 'Centro Fotografia', 'Sighseeing']",San Zeno,strategy_nearest,False,0.0026140213012695312,success
0423D9429C4C81,1,"['Arena', 'Palazzo della Ragione']",Teatro Romano,"['Santa Anastasia', 'Duomo', 'AMO', 'Museo Conte', 'Centro Fotografia']",Castelvecchio,strategy_nearest,False,0.0023119449615478516,success
0423D2429C4C80,1,"['Casa Giulietta', 'Palazzo della Ragione', 'Santa Anastasia']",Arena,"['Verona Tour', 'Museo Lapidario', 'Museo Radio', 'San Fermo', 'Sighseeing']",San Zeno,strategy_nearest,False,0.003184080123901367,success
0423E43A9C4C80,3,"['Castelvecchio', 'Casa Giulietta']",Arena,"['Verona Tour', 'Museo Lapidario', 'Museo Radio', 'San Fermo', 'Sighseeing']",Duomo,strategy_nearest,False,0.0019919872283935547,success
0423E3429C4C81,2,"['Casa Giulietta', 'Museo Lapidario']",Castelvecchio,"['Verona Tour', 'Arena', 'Museo Radio', 'San Zeno', 'Sighseeing']",Torre Lamberti,strategy_nearest,False,0.0021209716796875,success
0423E23A9C4C81,1,"['Santa Anastasia', 'Arena', 'Casa Giulietta']",Torre Lamberti,"['Sighseeing', 'Centro Fotografia', 'Museo Conte', 'Palazzo della Ragione', 'AMO']",Palazzo della Ragione,strategy_nearest,True,0.004556179046630859,success
0423E53A9C4C81,1,"['Santa Anastasia', 'Arena', 'Casa Giulietta']",Torre Lamberti,"['Sighseeing', 'Centro Fotografia', 'Museo Conte', 'Palazzo della Ragione', 'AMO']",Palazzo della Ragione,strategy_nearest,True,0.0025501251220703125,success
0424503A9C4C81,0,"['Arena', 'Casa Giulietta']",Teatro Romano,"['Santa Anastasia', 'Duomo', 'AMO', 'Palazzo della Ragione', 'Museo Conte']",Castelvecchio,strategy_nearest,False,0.002579927444458008,success
0423EA429C4C80,1,"['Arena', 'San Fermo', 'Tomba Giulietta', 'Teatro Romano']",Santa Anastasia,"['AMO', 'Museo Conte', 'Palazzo della Ragione', 'Centro Fotografia', 'Duomo']",Palazzo della Ragione,strategy_nearest,True,0.002151966094970703,success
0423EF3A9C4C80,3,"['Arena', 'Museo Lapidario']",Torre Lamberti,"['Sighseeing', 'Centro Fotografia', 'Museo Conte', 'Casa Giulietta', 'Palazzo della Ragione']",Santa Anastasia,strategy_nearest,False,0.0013649463653564453,success
0424513A9C4C81,3,"['Tomba Giulietta', 'Arena', 'Casa Giulietta', 'Museo Storia']",San Fermo,"['Museo Radio', 'Centro Fotografia', 'Sighseeing', 'Torre Lamberti', 'Museo Conte']",Torre Lamberti,strategy_nearest,True,0.0033500194549560547,success
042455429C4C81,2,['Torre Lamberti'],Tomba Giulietta,"['San Fermo', 'Museo Storia', 'Arena', 'Museo Lapidario', 'Museo Radio']",Castelvecchio,strategy_nearest,False,0.002611875534057617,success
0424563A9C4C80,3,"['Arena', 'Casa Giulietta', 'Torre Lamberti', 'Santa Anastasia', 'Duomo']",San Zeno,"['Castelvecchio', 'Verona Tour', 'Museo Lapidario', 'Museo Miniscalchi', 'Sighseeing']",Castelvecchio,strategy_nearest,True,0.0019178390502929688,success
04245E429C4C81,2,['Teatro Romano'],Duomo,"['AMO', 'Museo Miniscalchi', 'Santa Anastasia', 'Palazzo della Ragione', 'Museo Conte']",Casa Giulietta,strategy_nearest,False,0.0032448768615722656,success
042464429C4C80,0,['Arena'],Casa Giulietta,"['Centro Fotografia', 'Sighseeing', 'Torre Lamberti', 'Museo Conte', 'Museo Radio']",Santa Anastasia,strategy_nearest,False,0.002927064895629883,success
042469429C4C81,1,"['Arena', 'Museo Lapidario', 'Torre Lamberti']",Palazzo della Ragione,"['AMO', 'Museo Conte', 'Centro Fotografia', 'Sighseeing', 'Santa Anastasia']",Casa Giulietta,strategy_nearest,False,0.0025670528411865234,success
0424713A9C4C80,0,['Arena'],Castelvecchio,"['Museo Lapidario', 'Verona Tour', 'Museo Radio', 'San Zeno', 'Sighseeing']",Casa Giulietta,strategy_nearest,False,0.0025620460510253906,success
042472429C4C80,0,['Casa Giulietta'],Castelvecchio,"['Museo Lapidario', 'Verona Tour', 'Arena', 'Museo Radio', 'San Zeno']",Arena,strategy_nearest,True,0.0031120777130126953,success
042473429C4C81,0,"['Arena', 'Casa Giulietta']",Museo Storia,"['San Fermo', 'Museo Radio', 'Centro Fotografia', 'Tomba Giulietta', 'Torre Lamberti']",Tomba Giulietta,strategy_nearest,True,0.003487825393676758,success
0424753A9C4C81,0,['Arena'],Torre Lamberti,"['Sighseeing', 'Centro Fotografia', 'Museo Conte', 'Casa Giulietta', 'Palazzo della Ragione']",Giardino Giusti,strategy_nearest,False,0.0019483566284179688,success
0424753A9C4C80,1,"['Castelvecchio', 'Arena']",Casa Giulietta,"['Centro Fotografia', 'Sighseeing', 'Torre Lamberti', 'Museo Conte', 'Museo Radio']",Torre Lamberti,strategy_nearest,True,0.003326892852783203,success
042477429C4C80,3,"['Arena', 'Torre Lamberti']",Casa Giulietta,"['Centro Fotografia', 'Sighseeing', 'Museo Conte', 'Museo Radio', 'Palazzo della Ragione']",Duomo,strategy_nearest,False,0.0032279491424560547,success
042479429C4C80,0,['Castelvecchio'],Arena,"['Verona Tour', 'Museo Lapidario', 'Museo Radio', 'San Fermo', 'Casa Giulietta']",Teatro Romano,strategy_nearest,False,0.0032231807708740234,success
04247B4A9C4C80,0,"['Arena', 'Casa Giulietta']",Teatro Romano,"['Santa Anastasia', 'Duomo', 'AMO', 'Palazzo della Ragione', 'Museo Conte']",Museo Storia,strategy_nearest,False,0.00311279296875,success
0424794A9C4C81,3,"['Arena', 'Casa Giulietta']",Santa Anastasia,"['AMO', 'Museo Conte', 'Palazzo della Ragione', 'Teatro Romano', 'Centro Fotografia']",Teatro Romano,strategy_nearest,True,0.002660036087036133,success
04247B4A9C4C81,3,"['Santa Anastasia', 'Duomo']",Casa Giulietta,"['Centro Fotografia', 'Sighseeing', 'Torre Lamberti', 'Museo Conte', 'Museo Radio']",Arena,strategy_nearest,False,0.0030107498168945312,success
04247E3A9C4C81,3,"['Arena', 'San Fermo']",Casa Giulietta,"['Centro Fotografia', 'Sighseeing', 'Torre Lamberti', 'Museo Conte', 'Museo Radio']",Santa Anastasia,strategy_nearest,False,0.0017979145050048828,success
04247C4A9C4C81,3,"['Arena', 'Torre Lamberti']",Casa Giulietta,"['Centro Fotografia', 'Sighseeing', 'Museo Conte', 'Museo Radio', 'Palazzo della Ragione']",Santa Anastasia,strategy_nearest,False,0.0025739669799804688,success
0424843A9C4C80,3,['Arena'],Casa Giulietta,"['Centro Fotografia', 'Sighseeing', 'Torre Lamberti', 'Museo Conte', 'Museo Radio']",Torre Lamberti,strategy_nearest,True,0.003094911575317383,success
0424843A9C4C81,2,['Casa Giulietta'],Torre Lamberti,"['Sighseeing', 'Centro Fotografia', 'Museo Conte', 'Palazzo della Ragione', 'AMO']",Duomo,strategy_nearest,False,0.003323793411254883,success
042485429C4C81,0,['Arena'],Casa Giulietta,"['Centro Fotografia', 'Sighseeing', 'Torre Lamberti', 'Museo Conte', 'Museo Radio']",Torre Lamberti,strategy_nearest,True,0.002810955047607422,success
042485429C4C80,3,['Arena'],Casa Giulietta,"['Centro Fotografia', 'Sighseeing', 'Torre Lamberti', 'Museo Conte', 'Museo Radio']",Santa Anastasia,strategy_nearest,False,0.0027740001678466797,success
04248E3A9C4C80,0,['Arena'],Castelvecchio,"['Museo Lapidario', 'Verona Tour', 'Museo Radio', 'San Zeno', 'Sighseeing']",San Zeno,strategy_nearest,True,0.003467082977294922,success
04248F3A9C4C81,1,"['Arena', 'Museo Lapidario', 'Castelvecchio']",Palazzo della Ragione,"['AMO', 'Museo Conte', 'Torre Lamberti', 'Centro Fotografia', 'Sighseeing']",Torre Lamberti,strategy_nearest,True,0.002975940704345703,success
0424924A9C4C81,0,"['Arena', 'Casa Giulietta']",Teatro Romano,"['Santa Anastasia', 'Duomo', 'AMO', 'Palazzo della Ragione', 'Museo Conte']",Castelvecchio,strategy_nearest,False,0.0027489662170410156,success
0424964A9C4C81,0,['Arena'],Torre Lamberti,"['Sighseeing', 'Centro Fotografia', 'Museo Conte', 'Casa Giulietta', 'Palazzo della Ragione']",Teatro Romano,strategy_nearest,False,0.0033941268920898438,success
04249F4A9C4C81,0,['Arena'],Casa Giulietta,"['Centro Fotografia', 'Sighseeing', 'Torre Lamberti', 'Museo Conte', 'Museo Radio']",Santa Anastasia,strategy_nearest,False,0.0033991336822509766,success
0424A34A9C4C81,1,['Arena'],Torre Lamberti,"['Sighseeing', 'Centro Fotografia', 'Museo Conte', 'Casa Giulietta', 'Palazzo della Ragione']",Palazzo della Ragione,strategy_nearest,True,0.0025131702423095703,success
0424A93A9C4C80,0,['Arena'],Castelvecchio,"['Museo Lapidario', 'Verona Tour', 'Museo Radio', 'San Zeno', 'Sighseeing']",Casa Giulietta,strategy_nearest,False,0.0021791458129882812,success
0424A2429C4C81,2,"['Torre Lamberti', 'Palazzo della Ragione', 'Casa Giulietta']",Santa Anastasia,"['AMO', 'Museo Conte', 'Teatro Romano', 'Centro Fotografia', 'Duomo']",Duomo,strategy_nearest,True,0.004208087921142578,success
0424AB4A9C4C81,1,['Arena'],Casa Giulietta,"['Centro Fotografia', 'Sighseeing', 'Torre Lamberti', 'Museo Conte', 'Museo Radio']",Torre Lamberti,strategy_nearest,True,0.003177165985107422,success
0424AA4A9C4C81,0,['Arena'],Torre Lamberti,"['Sighseeing', 'Centro Fotografia', 'Museo Conte', 'Casa Giulietta', 'Palazzo della Ragione']",Tomba Giulietta,strategy_nearest,False,0.0035250186920166016,success
0424AC429C4C81,6,['Arena'],Torre Lamberti,"['Sighseeing', 'Centro Fotografia', 'Museo Conte', 'Casa Giulietta', 'Palazzo della Ragione']",Duomo,strategy_nearest,False,0.002485990524291992,success
0424AE429C4C80,1,['Arena'],Casa Giulietta,"['Centro Fotografia', 'Sighseeing', 'Torre Lamberti', 'Museo Conte', 'Museo Radio']",Torre Lamberti,strategy_nearest,True,0.0017979145050048828,success
0424B9429C4C81,1,"['Arena', 'Casa Giulietta']",Torre Lamberti,"['Sighseeing', 'Centro Fotografia', 'Museo Conte', 'Palazzo della Ragione', 'AMO']",Palazzo della Ragione,strategy_nearest,True,0.0033750534057617188,success
0424BB3A9C4C80,3,"['Arena', 'Torre Lamberti']",Santa Anastasia,"['AMO', 'Museo Conte', 'Palazzo della Ragione', 'Teatro Romano', 'Centro Fotografia']",Duomo,strategy_nearest,False,0.0025289058685302734,success
0424BD429C4C80,3,"['Arena', 'Casa Giulietta']",Torre Lamberti,"['Sighseeing', 'Centro Fotografia', 'Museo Conte', 'Palazzo della Ragione', 'AMO']",Santa Anastasia,strategy_nearest,False,0.002412080764770508,success
0424C03A9C4C81,0,['Arena'],Teatro Romano,"['Santa Anastasia', 'Duomo', 'AMO', 'Palazzo della Ragione', 'Museo Conte']",Castelvecchio,strategy_nearest,False,0.0032281875610351562,success
0424CC429C4C80,3,"['Castelvecchio', 'Arena']",Santa Anastasia,"['AMO', 'Museo Conte', 'Palazzo della Ragione', 'Teatro Romano', 'Centro Fotografia']",Torre Lamberti,strategy_nearest,False,0.0025599002838134766,success
0424D1429C4C81,3,"['Arena', 'Torre Lamberti', 'Santa Anastasia']",Castelvecchio,"['Museo Lapidario', 'Verona Tour', 'Museo Radio', 'San Zeno', 'Sighseeing']",San Fermo,strategy_nearest,False,0.0026209354400634766,success
0424D63A9C4C80,1,"['Arena', 'Torre Lamberti']",Palazzo della Ragione,"['AMO', 'Museo Conte', 'Centro Fotografia', 'Sighseeing', 'Santa Anastasia']",Teatro Romano,strategy_nearest,False,0.002881765365600586,success
0424D73A9C4C80,3,"['Arena', 'Torre Lamberti']",Teatro Romano,"['Santa Anastasia', 'Duomo', 'AMO', 'Palazzo della Ragione', 'Museo Conte']",Giardino Giusti,strategy_nearest,False,0.003428936004638672,success
0424DE3A9C4C81,3,['Santa Anastasia'],Teatro Romano,"['Duomo', 'AMO', 'Palazzo della Ragione', 'Museo Conte', 'Centro Fotografia']",Arena,strategy_nearest,False,0.003172159194946289,success
0424D8429C4C80,2,"['Museo Lapidario', 'Castelvecchio']",Casa Giulietta,"['Centro Fotografia', 'Sighseeing', 'Torre Lamberti', 'Museo Conte', 'Museo Radio']",Teatro Romano,strategy_nearest,False,0.002766847610473633,success
0424E23A9C4C81,3,['Castelvecchio'],Arena,"['Verona Tour', 'Museo Lapidario', 'Museo Radio', 'San Fermo', 'Casa Giulietta']",Torre Lamberti,strategy_nearest,False,0.0027730464935302734,success
0424E33A9C4C80,3,"['Casa Giulietta', 'Santa Anastasia', 'Torre Lamberti']",Duomo,"['AMO', 'Museo Miniscalchi', 'Teatro Romano', 'Palazzo della Ragione', 'Museo Conte']",Teatro Romano,strategy_nearest,True,0.0030221939086914062,success
0424E03A9C4C81,2,['Casa Giulietta'],Casa Giulietta,"['Centro Fotografia', 'Sighseeing', 'Torre Lamberti', 'Museo Conte', 'Museo Radio']",Santa Anastasia,strategy_nearest,False,0.002145051956176758,success
0424E03A9C4C80,1,"['Arena', 'Museo Lapidario']",Casa Giulietta,"['Centro Fotografia', 'Sighseeing', 'Torre Lamberti', 'Museo Conte', 'Museo Radio']",Duomo,strategy_nearest,False,0.0021028518676757812,success
0424E73A9C4C80,3,"['Castelvecchio', 'Museo Lapidario', 'Arena']",Duomo,"['AMO', 'Museo Miniscalchi', 'Santa Anastasia', 'Teatro Romano', 'Palazzo della Ragione']",Santa Anastasia,strategy_nearest,True,0.0019941329956054688,success
0424E63A9C4C81,1,"['Arena', 'Casa Giulietta']",Palazzo della Ragione,"['AMO', 'Museo Conte', 'Torre Lamberti', 'Centro Fotografia', 'Sighseeing']",Teatro Romano,strategy_nearest,False,0.0013959407806396484,success
0424E43A9C4C81,2,"['Casa Giulietta', 'Torre Lamberti']",Palazzo della Ragione,"['AMO', 'Museo Conte', 'Centro Fotografia', 'Sighseeing', 'Santa Anastasia']",Teatro Romano,strategy_nearest,False,0.0026738643646240234,success
0424EB429C4C80,3,"['Arena', 'Castelvecchio', 'Torre Lamberti']",Casa Giulietta,"['Centro Fotografia', 'Sighseeing', 'Museo Conte', 'Museo Radio', 'Palazzo della Ragione']",Teatro Romano,strategy_nearest,False,0.0034368038177490234,success
042550429C4C81,0,['Arena'],Casa Giulietta,"['Centro Fotografia', 'Sighseeing', 'Torre Lamberti', 'Museo Conte', 'Museo Radio']",Teatro Romano,strategy_nearest,False,0.0027761459350585938,success
042554429C4C81,1,"['Arena', 'Castelvecchio', 'Duomo', 'Casa Giulietta']",San Fermo,"['Museo Storia', 'Museo Radio', 'Centro Fotografia', 'Sighseeing', 'Torre Lamberti']",Torre Lamberti,strategy_nearest,True,0.001893758773803711,success
0425503A9C4C81,1,['Arena'],Casa Giulietta,"['Centro Fotografia', 'Sighseeing', 'Torre Lamberti', 'Museo Conte', 'Museo Radio']",Torre Lamberti,strategy_nearest,True,0.003435850143432617,success
042557429C4C81,0,['Tomba Giulietta'],Arena,"['Verona Tour', 'Museo Lapidario', 'Museo Radio', 'San Fermo', 'Casa Giulietta']",Torre Lamberti,strategy_nearest,False,0.0033380985260009766,success
0425633A9C4C81,3,"['Casa Giulietta', 'Torre Lamberti', 'Santa Anastasia', 'Arena', 'Tomba Giulietta']",San Fermo,"['Museo Storia', 'Museo Radio', 'Centro Fotografia', 'Sighseeing', 'Museo Conte']",Duomo,strategy_nearest,False,0.001905202865600586,success
042559429C4C80,1,"['Arena', 'Santa Anastasia']",Teatro Romano,"['Duomo', 'AMO', 'Palazzo della Ragione', 'Museo Conte', 'Centro Fotografia']",Tomba Giulietta,strategy_nearest,False,0.0033347606658935547,success
042560429C4C81,1,"['Museo Storia', 'San Fermo', 'Casa Giulietta']",Torre Lamberti,"['Sighseeing', 'Centro Fotografia', 'Museo Conte', 'Palazzo della Ragione', 'AMO']",Palazzo della Ragione,strategy_nearest,True,0.0034401416778564453,success
04256B429C4C81,0,['Arena'],Duomo,"['AMO', 'Museo Miniscalchi', 'Santa Anastasia', 'Teatro Romano', 'Palazzo della Ragione']",Torre Lamberti,strategy_nearest,False,0.0018129348754882812,success
04256B429C4C80,3,"['Arena', 'Casa Giulietta']",Torre Lamberti,"['Sighseeing', 'Centro Fotografia', 'Museo Conte', 'Palazzo della Ragione', 'AMO']",Santa Anastasia,strategy_nearest,False,0.003812074661254883,success
0425773A9C4C81,1,"['Arena', 'Palazzo della Ragione', 'Torre Lamberti']",Santa Anastasia,"['AMO', 'Museo Conte', 'Teatro Romano', 'Centro Fotografia', 'Duomo']",Teatro Romano,strategy_nearest,True,0.0027871131896972656,success
04257A4A9C4C80,3,"['Arena', 'Casa Giulietta']",Santa Anastasia,"['AMO', 'Museo Conte', 'Palazzo della Ragione', 'Teatro Romano', 'Centro Fotografia']",Duomo,strategy_nearest,False,0.0032210350036621094,success
042571429C4C81,0,['Arena'],Castelvecchio,"['Museo Lapidario', 'Verona Tour', 'Museo Radio', 'San Zeno', 'Sighseeing']",Duomo,strategy_nearest,False,0.0036132335662841797,success
04257B3A9C4C80,3,"['Arena', 'San Fermo']",Casa Giulietta,"['Centro Fotografia', 'Sighseeing', 'Torre Lamberti', 'Museo Conte', 'Museo Radio']",Santa Anastasia,strategy_nearest,False,0.0029218196868896484,success
0425794A9C4C80,0,['Castelvecchio'],Casa Giulietta,"['Centro Fotografia', 'Sighseeing', 'Torre Lamberti', 'Museo Conte', 'Museo Radio']",Arena,strategy_nearest,False,0.0025970935821533203,success
04257D429C4C80,1,"['Museo Lapidario', 'Castelvecchio']",Arena,"['Verona Tour', 'Museo Radio', 'San Fermo', 'Casa Giulietta', 'Sighseeing']",Casa Giulietta,strategy_nearest,True,0.0020101070404052734,success
0425834A9C4C80,3,['Arena'],Torre Lamberti,"['Sighseeing', 'Centro Fotografia', 'Museo Conte', 'Casa Giulietta', 'Palazzo della Ragione']",Santa Anastasia,strategy_nearest,False,0.0026988983154296875,success
0425814A9C4C81,0,['Arena'],Teatro Romano,"['Santa Anastasia', 'Duomo', 'AMO', 'Palazzo della Ragione', 'Museo Conte']",Castelvecchio,strategy_nearest,False,0.0028357505798339844,success
0425883A9C4C80,0,"['Arena', 'Casa Giulietta']",Torre Lamberti,"['Sighseeing', 'Centro Fotografia', 'Museo Conte', 'Palazzo della Ragione', 'AMO']",Castelvecchio,strategy_nearest,False,0.003340005874633789,success
04258D429C4C80,0,['Arena'],Castelvecchio,"['Museo Lapidario', 'Verona Tour', 'Museo Radio', 'San Zeno', 'Sighseeing']",Duomo,strategy_nearest,False,0.001756906509399414,success
04258A429C4C81,1,"['Arena', 'Palazzo della Ragione']",Torre Lamberti,"['Sighseeing', 'Centro Fotografia', 'Museo Conte', 'Casa Giulietta', 'AMO']",Santa Anastasia,strategy_nearest,False,0.0038878917694091797,success
0425914A9C4C81,0,"['Castelvecchio', 'Teatro Romano']",Casa Giulietta,"['Centro Fotografia', 'Sighseeing', 'Torre Lamberti', 'Museo Conte', 'Museo Radio']",Arena,strategy_nearest,False,0.003225088119506836,success
04259C4A9C4C81,1,"['Arena', 'Casa Giulietta']",Santa Anastasia,"['AMO', 'Museo Conte', 'Palazzo della Ragione', 'Teatro Romano', 'Centro Fotografia']",Torre Lamberti,strategy_nearest,False,0.004006862640380859,success
0425964A9C4C80,1,"['Arena', 'Casa Giulietta']",Palazzo della Ragione,"['AMO', 'Museo Conte', 'Torre Lamberti', 'Centro Fotografia', 'Sighseeing']",Torre Lamberti,strategy_nearest,True,0.0033111572265625,success
04259E429C4C80,1,"['Arena', 'Casa Giulietta', 'Torre Lamberti']",Palazzo della Ragione,"['AMO', 'Museo Conte', 'Centro Fotografia', 'Sighseeing', 'Santa Anastasia']",Santa Anastasia,strategy_nearest,True,0.002341747283935547,success
04259E4A9C4C81,3,['Arena'],Santa Anastasia,"['AMO', 'Museo Conte', 'Palazzo della Ragione', 'Teatro Romano', 'Centro Fotografia']",Duomo,strategy_nearest,False,0.0031812191009521484,success
0425A54A9C4C81,3,"['Arena', 'Casa Giulietta']",Torre Lamberti,"['Sighseeing', 'Centro Fotografia', 'Museo Conte', 'Palazzo della Ragione', 'AMO']",Santa Anastasia,strategy_nearest,False,0.004582881927490234,success
0425A84A9C4C80,0,['Arena'],Casa Giulietta,"['Centro Fotografia', 'Sighseeing', 'Torre Lamberti', 'Museo Conte', 'Museo Radio']",Torre Lamberti,strategy_nearest,True,0.0017910003662109375,success
0425AA4A9C4C81,4,"['Museo Lapidario', 'Arena', 'Castelvecchio', 'San Fermo']",Torre Lamberti,"['Sighseeing', 'Centro Fotografia', 'Museo Conte', 'Casa Giulietta', 'Palazzo della Ragione']",Casa Giulietta,strategy_nearest,True,0.0025610923767089844,success
0425AC429C4C81,0,['Arena'],Casa Giulietta,"['Centro Fotografia', 'Sighseeing', 'Torre Lamberti', 'Museo Conte', 'Museo Radio']",Santa Anastasia,strategy_nearest,False,0.002171039581298828,success
0425B03A9C4C81,0,"['Castelvecchio', 'Arena']",Tomba Giulietta,"['San Fermo', 'Museo Storia', 'Museo Lapidario', 'Museo Radio', 'Verona Tour']",Casa Giulietta,strategy_nearest,False,0.0014090538024902344,success
0425AB4A9C4C80,3,"['Arena', 'Torre Lamberti']",Santa Anastasia,"['AMO', 'Museo Conte', 'Palazzo della Ragione', 'Teatro Romano', 'Centro Fotografia']",Giardino Giusti,strategy_nearest,False,0.00454401969909668,success
0425BA3A9C4C81,3,"['Arena', 'Museo Lapidario', 'Casa Giulietta']",Santa Anastasia,"['AMO', 'Museo Conte', 'Palazzo della Ragione', 'Teatro Romano', 'Centro Fotografia']",Duomo,strategy_nearest,False,0.0013942718505859375,success
0425B53A9C4C81,0,['Arena'],Tomba Giulietta,"['San Fermo', 'Museo Storia', 'Museo Lapidario', 'Museo Radio', 'Verona Tour']",Giardino Giusti,strategy_nearest,False,0.003696918487548828,success
0425BD3A9C4C80,3,"['Torre Lamberti', 'Santa Anastasia', 'Duomo']",Castelvecchio,"['Museo Lapidario', 'Verona Tour', 'Arena', 'Museo Radio', 'San Zeno']",San Zeno,strategy_nearest,True,0.0029337406158447266,success
0425BE429C4C81,0,"['Teatro Romano', 'Giardino Giusti']",Casa Giulietta,"['Centro Fotografia', 'Sighseeing', 'Torre Lamberti', 'Museo Conte', 'Museo Radio']",Castelvecchio,strategy_nearest,False,0.0013709068298339844,success
0425BE429C4C80,0,"['Arena', 'Torre Lamberti']",Casa Giulietta,"['Centro Fotografia', 'Sighseeing', 'Museo Conte', 'Museo Radio', 'Palazzo della Ragione']",Arena,strategy_nearest,False,0.0023458003997802734,success
0425BB429C4C81,1,['Castelvecchio'],Arena,"['Verona Tour', 'Museo Lapidario', 'Museo Radio', 'San Fermo', 'Casa Giulietta']",Torre Lamberti,strategy_nearest,False,0.007055044174194336,success
0425BF429C4C80,1,"['Arena', 'Castelvecchio', 'Duomo']",Torre Lamberti,"['Sighseeing', 'Centro Fotografia', 'Museo Conte', 'Casa Giulietta', 'Palazzo della Ragione']",Casa Giulietta,strategy_nearest,True,0.0037848949432373047,success
0425BF429C4C81,0,['Arena'],Casa Giulietta,"['Centro Fotografia', 'Sighseeing', 'Torre Lamberti', 'Museo Conte', 'Museo Radio']",Torre Lamberti,strategy_nearest,True,0.0028252601623535156,success
0425C3429C4C80,1,['Arena'],Casa Giulietta,"['Centro Fotografia', 'Sighseeing', 'Torre Lamberti', 'Museo Conte', 'Museo Radio']",Torre Lamberti,strategy_nearest,True,0.0028200149536132812,success
0425C23A9C4C81,0,['Arena'],Castelvecchio,"['Museo Lapidario', 'Verona Tour', 'Museo Radio', 'San Zeno', 'Sighseeing']",Torre Lamberti,strategy_nearest,False,0.0027658939361572266,success
0425C5429C4C81,2,['Casa Giulietta'],Palazzo della Ragione,"['AMO', 'Museo Conte', 'Torre Lamberti', 'Centro Fotografia', 'Sighseeing']",Torre Lamberti,strategy_nearest,True,0.0032219886779785156,success
0425C43A9C4C81,1,['Arena'],Torre Lamberti,"['Sighseeing', 'Centro Fotografia', 'Museo Conte', 'Casa Giulietta', 'Palazzo della Ragione']",Palazzo della Ragione,strategy_nearest,True,0.0028679370880126953,success
0425D63A9C4C81,1,"['Casa Giulietta', 'Arena']",Torre Lamberti,"['Sighseeing', 'Centro Fotografia', 'Museo Conte', 'Palazzo della Ragione', 'AMO']",Palazzo della Ragione,strategy_nearest,True,0.002657175064086914,success
0425C83A9C4C80,1,"['Arena', 'Casa Giulietta']",Torre Lamberti,"['Sighseeing', 'Centro Fotografia', 'Museo Conte', 'Palazzo della Ragione', 'AMO']",Palazzo della Ragione,strategy_nearest,True,0.002789020538330078,success
0425DC3A9C4C80,0,"['Tomba Giulietta', 'Arena']",Casa Giulietta,"['Centro Fotografia', 'Sighseeing', 'Torre Lamberti', 'Museo Conte', 'Museo Radio']",Castelvecchio,strategy_nearest,False,0.0019497871398925781,success
0425DC3A9C4C81,0,"['Arena', 'Casa Giulietta']",Torre Lamberti,"['Sighseeing', 'Centro Fotografia', 'Museo Conte', 'Palazzo della Ragione', 'AMO']",Teatro Romano,strategy_nearest,False,0.0035049915313720703,success
0425E5429C4C80,0,"['Casa Giulietta', 'Torre Lamberti']",Arena,"['Verona Tour', 'Museo Lapidario', 'Museo Radio', 'San Fermo', 'Sighseeing']",Castelvecchio,strategy_nearest,False,0.0025658607482910156,success
0425E13A9C4C81,6,['Verona Tour'],San Fermo,"['Museo Storia', 'Museo Radio', 'Casa Giulietta', 'Centro Fotografia', 'Arena']",Santa Anastasia,strategy_nearest,False,0.0020279884338378906,success
0425DD3A9C4C80,2,['Castelvecchio'],Torre Lamberti,"['Sighseeing', 'Centro Fotografia', 'Museo Conte', 'Casa Giulietta', 'Palazzo della Ragione']",Casa Giulietta,strategy_nearest,True,0.0034749507904052734,success
042653429C4C81,1,"['Arena', 'Casa Giulietta']",Torre Lamberti,"['Sighseeing', 'Centro Fotografia', 'Museo Conte', 'Palazzo della Ragione', 'AMO']",Palazzo della Ragione,strategy_nearest,True,0.0021200180053710938,success
0426523A9C4C81,3,['Arena'],Casa Giulietta,"['Centro Fotografia', 'Sighseeing', 'Torre Lamberti', 'Museo Conte', 'Museo Radio']",Santa Anastasia,strategy_nearest,False,0.0027761459350585938,success
042655429C4C80,2,"['Castelvecchio', 'Palazzo della Ragione', 'Torre Lamberti']",Casa Giulietta,"['Centro Fotografia', 'Sighseeing', 'Museo Conte', 'Museo Radio', 'San Fermo']",Giardino Giusti,strategy_nearest,False,0.0032579898834228516,success
0425E63A9C4C81,0,['Arena'],Casa Giulietta,"['Centro Fotografia', 'Sighseeing', 'Torre Lamberti', 'Museo Conte', 'Museo Radio']",Castelvecchio,strategy_nearest,False,0.0028340816497802734,success
042656429C4C81,0,['Arena'],Casa Giulietta,"['Centro Fotografia', 'Sighseeing', 'Torre Lamberti', 'Museo Conte', 'Museo Radio']",Torre Lamberti,strategy_nearest,True,0.003509998321533203,success
0426583A9C4C80,3,['Torre Lamberti'],Santa Anastasia,"['AMO', 'Museo Conte', 'Palazzo della Ragione', 'Teatro Romano', 'Centro Fotografia']",Duomo,strategy_nearest,False,0.002170085906982422,success
042659429C4C80,6,"['Arena', 'Castelvecchio', 'San Zeno', 'Casa Giulietta']",Teatro Romano,"['Santa Anastasia', 'Duomo', 'AMO', 'Palazzo della Ragione', 'Museo Conte']",Duomo,strategy_nearest,True,0.0020570755004882812,success
04265A429C4C81,1,"['Palazzo della Ragione', 'Santa Anastasia', 'Casa Giulietta']",Castelvecchio,"['Museo Lapidario', 'Verona Tour', 'Arena', 'Museo Radio', 'San Zeno']",San Zeno,strategy_nearest,True,0.0030698776245117188,success
04265C3A9C4C81,1,"['Torre Lamberti', 'Palazzo della Ragione', 'Santa Anastasia']",Arena,"['Verona Tour', 'Museo Lapidario', 'Museo Radio', 'San Fermo', 'Casa Giulietta']",Castelvecchio,strategy_nearest,False,0.003314971923828125,success
04265E3A9C4C81,1,"['Arena', 'Casa Giulietta']",Castelvecchio,"['Museo Lapidario', 'Verona Tour', 'Museo Radio', 'San Zeno', 'Sighseeing']",Torre Lamberti,strategy_nearest,False,0.002477884292602539,success
04265B3A9C4C81,3,"['Arena', 'Casa Giulietta', 'Santa Anastasia']",Duomo,"['AMO', 'Museo Miniscalchi', 'Teatro Romano', 'Palazzo della Ragione', 'Museo Conte']",San Fermo,strategy_nearest,False,0.0020787715911865234,success
0426613A9C4C81,0,['Arena'],Castelvecchio,"['Museo Lapidario', 'Verona Tour', 'Museo Radio', 'San Zeno', 'Sighseeing']",Teatro Romano,strategy_nearest,False,0.0022430419921875,success
042669429C4C80,0,"['Castelvecchio', 'San Zeno']",Arena,"['Verona Tour', 'Museo Lapidario', 'Museo Radio', 'San Fermo', 'Casa Giulietta']",Casa Giulietta,strategy_nearest,True,0.0028429031372070312,success
04265F3A9C4C81,1,"['Arena', 'Castelvecchio', 'San Zeno']",Casa Giulietta,"['Centro Fotografia', 'Sighseeing', 'Torre Lamberti', 'Museo Conte', 'Museo Radio']",Palazzo della Ragione,strategy_nearest,False,0.0019593238830566406,success
04266DC27B3F81,3,"['Arena', 'Casa Giulietta']",Torre Lamberti,"['Sighseeing', 'Centro Fotografia', 'Museo Conte', 'Palazzo della Ragione', 'AMO']",Castelvecchio,strategy_nearest,False,0.003282308578491211,success
0426753A9C4C81,0,['Castelvecchio'],Arena,"['Verona Tour', 'Museo Lapidario', 'Museo Radio', 'San Fermo', 'Casa Giulietta']",Casa Giulietta,strategy_nearest,True,0.002767801284790039,success
042673429C4C80,0,['Arena'],Museo Lapidario,"['Verona Tour', 'Castelvecchio', 'Museo Radio', 'San Fermo', 'Casa Giulietta']",Castelvecchio,strategy_nearest,True,0.002858877182006836,success
0426763A9C4C81,0,['Torre Lamberti'],Teatro Romano,"['Santa Anastasia', 'Duomo', 'AMO', 'Palazzo della Ragione', 'Museo Conte']",Arena,strategy_nearest,False,0.0032410621643066406,success
042673429C4C81,1,['Arena'],Santa Anastasia,"['AMO', 'Museo Conte', 'Palazzo della Ragione', 'Teatro Romano', 'Centro Fotografia']",Casa Giulietta,strategy_nearest,False,0.0015819072723388672,success
042676429C4C80,3,"['Torre Lamberti', 'Santa Anastasia']",Duomo,"['AMO', 'Museo Miniscalchi', 'Teatro Romano', 'Palazzo della Ragione', 'Museo Conte']",Arena,strategy_nearest,False,0.0021848678588867188,success
04267B429C4C81,0,['Arena'],Santa Anastasia,"['AMO', 'Museo Conte', 'Palazzo della Ragione', 'Teatro Romano', 'Centro Fotografia']",Casa Giulietta,strategy_nearest,False,0.0027778148651123047,success
04267D4A9C4C80,1,"['Santa Anastasia', 'Duomo', 'Torre Lamberti']",Palazzo della Ragione,"['AMO', 'Museo Conte', 'Centro Fotografia', 'Sighseeing', 'Museo Miniscalchi']",San Zeno,strategy_nearest,False,0.0032749176025390625,success
0426794A9C4C80,1,"['Torre Lamberti', 'Palazzo della Ragione', 'Casa Giulietta']",Arena,"['Verona Tour', 'Museo Lapidario', 'Museo Radio', 'San Fermo', 'Sighseeing']",Castelvecchio,strategy_nearest,False,0.0015323162078857422,success
04267F3A9C4C80,3,"['Arena', 'Castelvecchio', 'Torre Lamberti']",Casa Giulietta,"['Centro Fotografia', 'Sighseeing', 'Museo Conte', 'Museo Radio', 'Palazzo della Ragione']",Santa Anastasia,strategy_nearest,False,0.0026781558990478516,success
0426814A9C4C80,3,"['Arena', 'Santa Anastasia']",Duomo,"['AMO', 'Museo Miniscalchi', 'Teatro Romano', 'Palazzo della Ragione', 'Museo Conte']",Casa Giulietta,strategy_nearest,False,0.0019559860229492188,success
0426834A9C4C80,1,"['Casa Giulietta', 'Torre Lamberti']",Palazzo della Ragione,"['AMO', 'Museo Conte', 'Centro Fotografia', 'Sighseeing', 'Santa Anastasia']",Arena,strategy_nearest,False,0.002518177032470703,success
0426844A9C4C81,0,['Arena'],Casa Giulietta,"['Centro Fotografia', 'Sighseeing', 'Torre Lamberti', 'Museo Conte', 'Museo Radio']",Torre Lamberti,strategy_nearest,True,0.003061056137084961,success
04268B3A9C4C80,3,['Teatro Romano'],Santa Anastasia,"['AMO', 'Museo Conte', 'Palazzo della Ragione', 'Centro Fotografia', 'Duomo']",Arena,strategy_nearest,False,0.0019969940185546875,success
042685429C4C81,0,['Casa Giulietta'],Arena,"['Verona Tour', 'Museo Lapidario', 'Museo Radio', 'San Fermo', 'Sighseeing']",Torre Lamberti,strategy_nearest,False,0.002732992172241211,success
04268C3A9C4C80,3,"['Arena', 'Casa Giulietta']",Santa Anastasia,"['AMO', 'Museo Conte', 'Palazzo della Ragione', 'Teatro Romano', 'Centro Fotografia']",Duomo,strategy_nearest,False,0.0025751590728759766,success
04268C429C4C80,3,['Castelvecchio'],Arena,"['Verona Tour', 'Museo Lapidario', 'Museo Radio', 'San Fermo', 'Casa Giulietta']",Duomo,strategy_nearest,False,0.003520965576171875,success
04268E4A9C4C81,1,"['Casa Giulietta', 'Torre Lamberti', 'Palazzo della Ragione', 'Duomo']",Teatro Romano,"['Santa Anastasia', 'AMO', 'Museo Conte', 'Centro Fotografia', 'Museo Miniscalchi']",Castelvecchio,strategy_nearest,False,0.002724170684814453,success
042698429C4C80,1,"['Arena', 'Duomo', 'Torre Lamberti']",Palazzo della Ragione,"['AMO', 'Museo Conte', 'Centro Fotografia', 'Sighseeing', 'Santa Anastasia']",Casa Giulietta,strategy_nearest,False,0.003187894821166992,success
0426924A9C4C80,0,['Casa Giulietta'],Castelvecchio,"['Museo Lapidario', 'Verona Tour', 'Arena', 'Museo Radio', 'San Zeno']",Torre Lamberti,strategy_nearest,False,0.0025451183319091797,success
04269A4A9C4C81,2,"['Castelvecchio', 'Torre Lamberti', 'Palazzo della Ragione']",Casa Giulietta,"['Centro Fotografia', 'Sighseeing', 'Museo Conte', 'Museo Radio', 'San Fermo']",San Fermo,strategy_nearest,True,0.003173828125,success
04269B429C4C81,3,['Torre Lamberti'],Casa Giulietta,"['Centro Fotografia', 'Sighseeing', 'Museo Conte', 'Museo Radio', 'Palazzo della Ragione']",Arena,strategy_nearest,False,0.0025060176849365234,success
04269E429C4C80,1,"['Teatro Romano', 'Santa Anastasia']",Torre Lamberti,"['Sighseeing', 'Centro Fotografia', 'Museo Conte', 'Casa Giulietta', 'Palazzo della Ragione']",Palazzo della Ragione,strategy_nearest,True,0.0026230812072753906,success
0426A24A9C4C80,0,"['Arena', 'Castelvecchio']",Torre Lamberti,"['Sighseeing', 'Centro Fotografia', 'Museo Conte', 'Casa Giulietta', 'Palazzo della Ragione']",Duomo,strategy_nearest,False,0.0030028820037841797,success
0426A34A9C4C81,1,"['Arena', 'Casa Giulietta']",Duomo,"['AMO', 'Museo Miniscalchi', 'Santa Anastasia', 'Teatro Romano', 'Palazzo della Ragione']",Torre Lamberti,strategy_nearest,False,0.003469705581665039,success
0426A63A9C4C81,1,"['Arena', 'Torre Lamberti']",Palazzo della Ragione,"['AMO', 'Museo Conte', 'Centro Fotografia', 'Sighseeing', 'Santa Anastasia']",Santa Anastasia,strategy_nearest,True,0.003587007522583008,success
0426A5429C4C80,2,['Torre Lamberti'],Casa Giulietta,"['Centro Fotografia', 'Sighseeing', 'Museo Conte', 'Museo Radio', 'Palazzo della Ragione']",Santa Anastasia,strategy_nearest,False,0.0026950836181640625,success
0426A672743380,3,"['Casa Giulietta', 'Santa Anastasia']",Torre Lamberti,"['Sighseeing', 'Centro Fotografia', 'Museo Conte', 'Palazzo della Ragione', 'AMO']",Teatro Romano,strategy_nearest,False,0.002051830291748047,success
0426A84A9C4C81,2,['Casa Giulietta'],Teatro Romano,"['Santa Anastasia', 'Duomo', 'AMO', 'Palazzo della Ragione', 'Museo Conte']",Duomo,strategy_nearest,True,0.002538919448852539,success
0426AC429C4C81,3,"['Arena', 'Casa Giulietta']",Santa Anastasia,"['AMO', 'Museo Conte', 'Palazzo della Ragione', 'Teatro Romano', 'Centro Fotografia']",Torre Lamberti,strategy_nearest,False,0.003317117691040039,success
0426AE429C4C81,3,"['San Zeno', 'Casa Giulietta', 'Santa Anastasia']",Duomo,"['AMO', 'Museo Miniscalchi', 'Teatro Romano', 'Palazzo della Ragione', 'Museo Conte']",San Fermo,strategy_nearest,False,0.002445220947265625,success
0426B1429C4C81,1,"['Arena', 'Casa Giulietta']",Santa Anastasia,"['AMO', 'Museo Conte', 'Palazzo della Ragione', 'Teatro Romano', 'Centro Fotografia']",Torre Lamberti,strategy_nearest,False,0.0037620067596435547,success
0426AF3A9C4C80,0,['Arena'],Casa Giulietta,"['Centro Fotografia', 'Sighseeing', 'Torre Lamberti', 'Museo Conte', 'Museo Radio']",Torre Lamberti,strategy_nearest,True,0.001756906509399414,success
0426B43A9C4C80,1,"['Arena', 'Torre Lamberti', 'Palazzo della Ragione']",Casa Giulietta,"['Centro Fotografia', 'Sighseeing', 'Museo Conte', 'Museo Radio', 'San Fermo']",Tomba Giulietta,strategy_nearest,False,0.0016109943389892578,success
0426B6429C4C80,2,"['Castelvecchio', 'Casa Giulietta']",Teatro Romano,"['Santa Anastasia', 'Duomo', 'AMO', 'Palazzo della Ragione', 'Museo Conte']",Museo Storia,strategy_nearest,False,0.0040738582611083984,success
0426BB3A9C4C81,0,['Arena'],Castelvecchio,"['Museo Lapidario', 'Verona Tour', 'Museo Radio', 'San Zeno', 'Sighseeing']",Casa Giulietta,strategy_nearest,False,0.0023469924926757812,success
0426B73A9C4C81,0,['Torre Lamberti'],Casa Giulietta,"['Centro Fotografia', 'Sighseeing', 'Museo Conte', 'Museo Radio', 'Palazzo della Ragione']",Arena,strategy_nearest,False,0.0033180713653564453,success
0426BC429C4C81,3,"['Santa Anastasia', 'Arena']",Museo Lapidario,"['Verona Tour', 'Castelvecchio', 'Museo Radio', 'San Fermo', 'Casa Giulietta']",Casa Giulietta,strategy_nearest,True,0.0018019676208496094,success
0426C0429C4C81,0,['Arena'],Casa Giulietta,"['Centro Fotografia', 'Sighseeing', 'Torre Lamberti', 'Museo Conte', 'Museo Radio']",Castelvecchio,strategy_nearest,False,0.002267122268676758,success
0426C5429C4C80,3,"['San Zeno', 'Santa Anastasia']",San Fermo,"['Museo Storia', 'Museo Radio', 'Casa Giulietta', 'Centro Fotografia', 'Arena']",Arena,strategy_nearest,True,0.003259897232055664,success
0426C63A9C4C81,1,"['Arena', 'Duomo']",Teatro Romano,"['Santa Anastasia', 'AMO', 'Palazzo della Ragione', 'Museo Conte', 'Centro Fotografia']",Palazzo della Ragione,strategy_nearest,True,0.0039370059967041016,success
0426C83A9C4C81,1,['Torre Lamberti'],Palazzo della Ragione,"['AMO', 'Museo Conte', 'Centro Fotografia', 'Sighseeing', 'Santa Anastasia']",Castelvecchio,strategy_nearest,False,0.001703023910522461,success
0426CB3A9C4C80,1,['Arena'],Casa Giulietta,"['Centro Fotografia', 'Sighseeing', 'Torre Lamberti', 'Museo Conte', 'Museo Radio']",Palazzo della Ragione,strategy_nearest,False,0.002733945846557617,success
0426CF3A9C4C81,0,['Arena'],Casa Giulietta,"['Centro Fotografia', 'Sighseeing', 'Torre Lamberti', 'Museo Conte', 'Museo Radio']",Tomba Giulietta,strategy_nearest,False,0.002647876739501953,success
0426CB429C4C81,2,['Castelvecchio'],Torre Lamberti,"['Sighseeing', 'Centro Fotografia', 'Museo Conte', 'Casa Giulietta', 'Palazzo della Ragione']",Palazzo della Ragione,strategy_nearest,True,0.0039179325103759766,success
0426D23A9C4C80,3,"['Arena', 'Casa Giulietta']",Torre Lamberti,"['Sighseeing', 'Centro Fotografia', 'Museo Conte', 'Palazzo della Ragione', 'AMO']",Santa Anastasia,strategy_nearest,False,0.002215147018432617,success
0426CF429C4C81,0,['San Zeno'],Casa Giulietta,"['Centro Fotografia', 'Sighseeing', 'Torre Lamberti', 'Museo Conte', 'Museo Radio']",Torre Lamberti,strategy_nearest,True,0.0023889541625976562,success
0426D3429C4C80,2,"['Torre Lamberti', 'Santa Anastasia']",Casa Giulietta,"['Centro Fotografia', 'Sighseeing', 'Museo Conte', 'Museo Radio', 'Palazzo della Ragione']",Tomba Giulietta,strategy_nearest,False,0.0028409957885742188,success
0426D33A9C4C80,1,"['Palazzo della Ragione', 'Castelvecchio']",Casa Giulietta,"['Centro Fotografia', 'Sighseeing', 'Torre Lamberti', 'Museo Conte', 'Museo Radio']",Arena,strategy_nearest,False,0.0038690567016601562,success
0426D3C27B3F81,0,"['Arena', 'Casa Giulietta']",Castelvecchio,"['Museo Lapidario', 'Verona Tour', 'Museo Radio', 'San Zeno', 'Sighseeing']",Duomo,strategy_nearest,False,0.002878904342651367,success
0426E03A9C4C81,1,"['Arena', 'Palazzo della Ragione', 'Torre Lamberti', 'Casa Giulietta']",San Fermo,"['Museo Storia', 'Museo Radio', 'Centro Fotografia', 'Sighseeing', 'Museo Conte']",Teatro Romano,strategy_nearest,False,0.0013599395751953125,success
0426E13A9C4C81,2,['Casa Giulietta'],Palazzo della Ragione,"['AMO', 'Museo Conte', 'Torre Lamberti', 'Centro Fotografia', 'Sighseeing']",Torre Lamberti,strategy_nearest,True,0.003654003143310547,success
0426E5429C4C81,3,"['Casa Giulietta', 'Arena', 'Torre Lamberti']",Castelvecchio,"['Museo Lapidario', 'Verona Tour', 'Museo Radio', 'San Zeno', 'Sighseeing']",Duomo,strategy_nearest,False,0.0025720596313476562,success
0426F5429C4C80,3,['Arena'],San Fermo,"['Museo Storia', 'Museo Radio', 'Casa Giulietta', 'Centro Fotografia', 'Sighseeing']",Santa Anastasia,strategy_nearest,False,0.0032241344451904297,success
0426E63A9C4C81,3,"['Torre Lamberti', 'Torre Lamberti', 'Casa Giulietta', 'Arena']",Teatro Romano,"['Santa Anastasia', 'Duomo', 'AMO', 'Palazzo della Ragione', 'Museo Conte']",Duomo,strategy_nearest,True,0.0024919509887695312,success
04275D429C4C80,1,"['Santa Anastasia', 'Duomo', 'Teatro Romano', 'Casa Giulietta', 'Museo Lapidario']",Arena,"['Verona Tour', 'Museo Radio', 'San Fermo', 'Sighseeing', 'Castelvecchio']",Tomba Giulietta,strategy_nearest,False,0.002536296844482422,success
042760429C4C81,3,"['Castelvecchio', 'San Zeno']",Arena,"['Verona Tour', 'Museo Lapidario', 'Museo Radio', 'San Fermo', 'Casa Giulietta']",San Fermo,strategy_nearest,True,0.003009796142578125,success
0427663A9C4C80,1,"['Santa Anastasia', 'Casa Giulietta', 'Museo Lapidario', 'Tomba Giulietta']",Castelvecchio,"['Verona Tour', 'Arena', 'Museo Radio', 'San Zeno', 'Sighseeing']",Duomo,strategy_nearest,False,0.0027039051055908203,success
042766429C4C80,2,"['Castelvecchio', 'Duomo']",Torre Lamberti,"['Sighseeing', 'Centro Fotografia', 'Museo Conte', 'Casa Giulietta', 'Palazzo della Ragione']",Palazzo della Ragione,strategy_nearest,True,0.0022940635681152344,success
04276C3A9C4C81,0,['Torre Lamberti'],Arena,"['Verona Tour', 'Museo Lapidario', 'Museo Radio', 'San Fermo', 'Casa Giulietta']",Casa Giulietta,strategy_nearest,True,0.002727031707763672,success
04276B429C4C81,4,"['Arena', 'Museo Lapidario', 'Castelvecchio']",Casa Giulietta,"['Centro Fotografia', 'Sighseeing', 'Torre Lamberti', 'Museo Conte', 'Museo Radio']",Tomba Giulietta,strategy_nearest,False,0.0035152435302734375,success
0427713A9C4C80,3,"['Museo Lapidario', 'Arena', 'San Fermo']",Casa Giulietta,"['Centro Fotografia', 'Sighseeing', 'Torre Lamberti', 'Museo Conte', 'Museo Radio']",Santa Anastasia,strategy_nearest,False,0.0020661354064941406,success
042770429C4C81,3,"['Castelvecchio', 'Arena']",Casa Giulietta,"['Centro Fotografia', 'Sighseeing', 'Torre Lamberti', 'Museo Conte', 'Museo Radio']",Santa Anastasia,strategy_nearest,False,0.004436016082763672,success
042773429C4C80,0,['San Zeno'],Giardino Giusti,"['Santa Anastasia', 'Teatro Romano', 'Museo Conte', 'Centro Fotografia', 'Museo Storia']",Teatro Romano,strategy_nearest,True,0.002296924591064453,success
042775429C4C81,1,"['Palazzo della Ragione', 'Santa Anastasia', 'Duomo']",Casa Giulietta,"['Centro Fotografia', 'Sighseeing', 'Torre Lamberti', 'Museo Conte', 'Museo Radio']",Castelvecchio,strategy_nearest,False,0.0028972625732421875,success
042777429C4C81,0,['Arena'],Casa Giulietta,"['Centro Fotografia', 'Sighseeing', 'Torre Lamberti', 'Museo Conte', 'Museo Radio']",Torre Lamberti,strategy_nearest,True,0.002355813980102539,success
04277B429C4C80,0,"['Arena', 'Casa Giulietta']",Torre Lamberti,"['Sighseeing', 'Centro Fotografia', 'Museo Conte', 'Palazzo della Ragione', 'AMO']",Tomba Giulietta,strategy_nearest,False,0.0054149627685546875,success
0427833A9C4C80,0,['Arena'],Casa Giulietta,"['Centro Fotografia', 'Sighseeing', 'Torre Lamberti', 'Museo Conte', 'Museo Radio']",Torre Lamberti,strategy_nearest,True,0.002070188522338867,success
04277C4A9C4C81,1,"['Arena', 'Casa Giulietta']",Palazzo della Ragione,"['AMO', 'Museo Conte', 'Torre Lamberti', 'Centro Fotografia', 'Sighseeing']",Torre Lamberti,strategy_nearest,True,0.0041391849517822266,success
04277A3A9C4C81,1,"['Arena', 'San Zeno', 'Castelvecchio']",Teatro Romano,"['Santa Anastasia', 'Duomo', 'AMO', 'Palazzo della Ragione', 'Museo Conte']",Duomo,strategy_nearest,True,0.007483005523681641,success
0427844A9C4C80,3,"['Arena', 'Casa Giulietta']",Torre Lamberti,"['Sighseeing', 'Centro Fotografia', 'Museo Conte', 'Palazzo della Ragione', 'AMO']",Santa Anastasia,strategy_nearest,False,0.004143953323364258,success
0427873A9C4C81,0,['Arena'],Casa Giulietta,"['Centro Fotografia', 'Sighseeing', 'Torre Lamberti', 'Museo Conte', 'Museo Radio']",Santa Anastasia,strategy_nearest,False,0.0023071765899658203,success
042788429C4C81,1,"['Arena', 'Castelvecchio', 'Duomo']",Santa Anastasia,"['AMO', 'Museo Conte', 'Palazzo della Ragione', 'Teatro Romano', 'Centro Fotografia']",Casa Giulietta,strategy_nearest,False,0.002794027328491211,success
04278D4A9C4C80,3,"['Torre Lamberti', 'Duomo']",Teatro Romano,"['Santa Anastasia', 'AMO', 'Palazzo della Ragione', 'Museo Conte', 'Centro Fotografia']",Giardino Giusti,strategy_nearest,False,0.003195047378540039,success
04279A429C4C80,0,['Arena'],Duomo,"['AMO', 'Museo Miniscalchi', 'Santa Anastasia', 'Teatro Romano', 'Palazzo della Ragione']",Castelvecchio,strategy_nearest,False,0.002541065216064453,success
04279B429C4C80,3,"['Arena', 'Castelvecchio']",Duomo,"['AMO', 'Museo Miniscalchi', 'Santa Anastasia', 'Teatro Romano', 'Palazzo della Ragione']",Santa Anastasia,strategy_nearest,True,0.002804994583129883,success
04279C4A9C4C80,3,"['Arena', 'Torre Lamberti']",Casa Giulietta,"['Centro Fotografia', 'Sighseeing', 'Museo Conte', 'Museo Radio', 'Palazzo della Ragione']",Duomo,strategy_nearest,False,0.002293825149536133,success
0427A63A9C4C80,1,"['Arena', 'Casa Giulietta']",Teatro Romano,"['Santa Anastasia', 'Duomo', 'AMO', 'Palazzo della Ragione', 'Museo Conte']",Palazzo della Ragione,strategy_nearest,True,0.003509044647216797,success
0427A14A9C4C81,1,"['Arena', 'Casa Giulietta']",Palazzo della Ragione,"['AMO', 'Museo Conte', 'Torre Lamberti', 'Centro Fotografia', 'Sighseeing']",Torre Lamberti,strategy_nearest,True,0.0026280879974365234,success
0427AB4A9C4C81,2,['Torre Lamberti'],Santa Anastasia,"['AMO', 'Museo Conte', 'Palazzo della Ragione', 'Teatro Romano', 'Centro Fotografia']",Duomo,strategy_nearest,False,0.003332853317260742,success
0427AB429C4C80,3,"['Arena', 'Casa Giulietta']",Santa Anastasia,"['AMO', 'Museo Conte', 'Palazzo della Ragione', 'Teatro Romano', 'Centro Fotografia']",Duomo,strategy_nearest,False,0.0021817684173583984,success
0427AC3A9C4C81,1,"['Arena', 'San Fermo']",Castelvecchio,"['Museo Lapidario', 'Verona Tour', 'Museo Radio', 'San Zeno', 'Sighseeing']",San Zeno,strategy_nearest,True,0.0026900768280029297,success
0427AA429C4C81,0,"['Arena', 'Museo Lapidario']",Castelvecchio,"['Verona Tour', 'Museo Radio', 'San Zeno', 'Sighseeing', 'Museo Miniscalchi']",Duomo,strategy_nearest,False,0.003799915313720703,success
0427AD3A9C4C81,1,"['Torre Lamberti', 'Palazzo della Ragione', 'Santa Anastasia']",Duomo,"['AMO', 'Museo Miniscalchi', 'Teatro Romano', 'Museo Conte', 'Centro Fotografia']",Casa Giulietta,strategy_nearest,False,0.0029230117797851562,success
0427AE429C4C80,3,"['Arena', 'Casa Giulietta']",Torre Lamberti,"['Sighseeing', 'Centro Fotografia', 'Museo Conte', 'Palazzo della Ragione', 'AMO']",Santa Anastasia,strategy_nearest,False,0.002157926559448242,success
0427AE3A9C4C80,0,['Arena'],Arena,"['Verona Tour', 'Museo Lapidario', 'Museo Radio', 'San Fermo', 'Casa Giulietta']",Casa Giulietta,strategy_nearest,True,0.0016751289367675781,success
0427AF3A9C4C81,0,['Arena'],Castelvecchio,"['Museo Lapidario', 'Verona Tour', 'Museo Radio', 'San Zeno', 'Sighseeing']",Duomo,strategy_nearest,False,0.003217935562133789,success
0427B4429C4C80,3,['San Fermo'],Santa Anastasia,"['AMO', 'Museo Conte', 'Palazzo della Ragione', 'Teatro Romano', 'Centro Fotografia']",Casa Giulietta,strategy_nearest,False,0.002010822296142578,success
0427B0429C4C81,1,['Arena'],Casa Giulietta,"['Centro Fotografia', 'Sighseeing', 'Torre Lamberti', 'Museo Conte', 'Museo Radio']",Torre Lamberti,strategy_nearest,True,0.0027048587799072266,success
0427B5429C4C80,0,"['Castelvecchio', 'Arena']",Casa Giulietta,"['Centro Fotografia', 'Sighseeing', 'Torre Lamberti', 'Museo Conte', 'Museo Radio']",Torre Lamberti,strategy_nearest,True,0.0026497840881347656,success
0427BB429C4C80,3,['Arena'],San Fermo,"['Museo Storia', 'Museo Radio', 'Casa Giulietta', 'Centro Fotografia', 'Sighseeing']",Santa Anastasia,strategy_nearest,False,0.0030508041381835938,success
0427BC429C4C81,3,['Duomo'],Torre Lamberti,"['Sighseeing', 'Centro Fotografia', 'Museo Conte', 'Casa Giulietta', 'Palazzo della Ragione']",Arena,strategy_nearest,False,0.0024309158325195312,success
0427BD429C4C80,0,['Arena'],Casa Giulietta,"['Centro Fotografia', 'Sighseeing', 'Torre Lamberti', 'Museo Conte', 'Museo Radio']",Castelvecchio,strategy_nearest,False,0.0026140213012695312,success
0427BD429C4C81,0,['Arena'],Casa Giulietta,"['Centro Fotografia', 'Sighseeing', 'Torre Lamberti', 'Museo Conte', 'Museo Radio']",Torre Lamberti,strategy_nearest,True,0.0030181407928466797,success
0427BF3A9C4C80,3,['Torre Lamberti'],Santa Anastasia,"['AMO', 'Museo Conte', 'Palazzo della Ragione', 'Teatro Romano', 'Centro Fotografia']",Duomo,strategy_nearest,False,0.0024461746215820312,success
0427C7429C4C80,0,"['Arena', 'Museo Lapidario']",Teatro Romano,"['Santa Anastasia', 'Duomo', 'AMO', 'Palazzo della Ragione', 'Museo Conte']",Casa Giulietta,strategy_nearest,False,0.0026040077209472656,success
0427D0429C4C80,2,"['Teatro Romano', 'Duomo']",Santa Anastasia,"['AMO', 'Museo Conte', 'Palazzo della Ragione', 'Centro Fotografia', 'Torre Lamberti']",Casa Giulietta,strategy_nearest,False,0.002485036849975586,success
0427CC3A9C4C80,3,"['Teatro Romano', 'Duomo', 'Torre Lamberti']",San Fermo,"['Museo Storia', 'Museo Radio', 'Casa Giulietta', 'Centro Fotografia', 'Arena']",Arena,strategy_nearest,True,0.003201007843017578,success
0427CB3A9C4C81,0,['Arena'],Castelvecchio,"['Museo Lapidario', 'Verona Tour', 'Museo Radio', 'San Zeno', 'Sighseeing']",Tomba Giulietta,strategy_nearest,False,0.002569913864135742,success
0427D93A9C4C81,3,['Arena'],Santa Anastasia,"['AMO', 'Museo Conte', 'Palazzo della Ragione', 'Teatro Romano', 'Centro Fotografia']",Duomo,strategy_nearest,False,0.0027332305908203125,success
0427DA429C4C81,1,"['Arena', 'Palazzo della Ragione']",Teatro Romano,"['Santa Anastasia', 'Duomo', 'AMO', 'Museo Conte', 'Centro Fotografia']",Castelvecchio,strategy_nearest,False,0.002110004425048828,success
0427DC3A9C4C80,1,['Arena'],Palazzo della Ragione,"['AMO', 'Museo Conte', 'Torre Lamberti', 'Centro Fotografia', 'Sighseeing']",Casa Giulietta,strategy_nearest,False,0.003152132034301758,success
0427D7429C4C81,0,['Arena'],Casa Giulietta,"['Centro Fotografia', 'Sighseeing', 'Torre Lamberti', 'Museo Conte', 'Museo Radio']",Torre Lamberti,strategy_nearest,True,0.002441883087158203,success
0427E03A9C4C81,1,"['Tomba Giulietta', 'Arena']",Museo Lapidario,"['Verona Tour', 'Castelvecchio', 'Museo Radio', 'San Fermo', 'Casa Giulietta']",Palazzo della Ragione,strategy_nearest,False,0.0027399063110351562,success
042854429C4C80,2,"['Castelvecchio', 'Palazzo della Ragione', 'Torre Lamberti']",Casa Giulietta,"['Centro Fotografia', 'Sighseeing', 'Museo Conte', 'Museo Radio', 'San Fermo']",Giardino Giusti,strategy_nearest,False,0.002537250518798828,success
0427DD3A9C4C80,3,"['Torre Lamberti', 'Santa Anastasia', 'Duomo']",San Fermo,"['Museo Storia', 'Museo Radio', 'Casa Giulietta', 'Centro Fotografia', 'Arena']",Arena,strategy_nearest,True,0.004068851470947266,success
0427E13A9C4C81,3,"['Castelvecchio', 'Arena']",Torre Lamberti,"['Sighseeing', 'Centro Fotografia', 'Museo Conte', 'Casa Giulietta', 'Palazzo della Ragione']",Santa Anastasia,strategy_nearest,False,0.0014569759368896484,success
0428593A9C4C80,1,"['San Fermo', 'Santa Anastasia', 'Torre Lamberti']",Palazzo della Ragione,"['AMO', 'Museo Conte', 'Centro Fotografia', 'Sighseeing', 'Museo Miniscalchi']",Duomo,strategy_nearest,False,0.0019042491912841797,success
042875429C4C80,1,['Casa Giulietta'],Palazzo della Ragione,"['AMO', 'Museo Conte', 'Torre Lamberti', 'Centro Fotografia', 'Sighseeing']",Torre Lamberti,strategy_nearest,True,0.0019330978393554688,success
042874429C4C80,1,"['Arena', 'Casa Giulietta']",Torre Lamberti,"['Sighseeing', 'Centro Fotografia', 'Museo Conte', 'Palazzo della Ragione', 'AMO']",Palazzo della Ragione,strategy_nearest,True,0.003345966339111328,success
0428794A9C4C80,0,['Arena'],Torre Lamberti,"['Sighseeing', 'Centro Fotografia', 'Museo Conte', 'Casa Giulietta', 'Palazzo della Ragione']",Casa Giulietta,strategy_nearest,True,0.0034589767456054688,success
0428854A9C4C80,1,"['Arena', 'Casa Giulietta']",Palazzo della Ragione,"['AMO', 'Museo Conte', 'Torre Lamberti', 'Centro Fotografia', 'Sighseeing']",Torre Lamberti,strategy_nearest,True,0.0032279491424560547,success
0428854A9C4C81,1,"['Casa Giulietta', 'Arena', 'Castelvecchio', 'San Zeno']",Santa Anastasia,"['AMO', 'Museo Conte', 'Palazzo della Ragione', 'Teatro Romano', 'Centro Fotografia']",Duomo,strategy_nearest,False,0.0034770965576171875,success
0428884A9C4C80,0,"['Arena', 'Castelvecchio']",Duomo,"['AMO', 'Museo Miniscalchi', 'Santa Anastasia', 'Teatro Romano', 'Palazzo della Ragione']",Teatro Romano,strategy_nearest,True,0.0031032562255859375,success
042889429C4C80,0,['Duomo'],Arena,"['Verona Tour', 'Museo Lapidario', 'Museo Radio', 'San Fermo', 'Casa Giulietta']",Casa Giulietta,strategy_nearest,True,0.0028901100158691406,success
04288F4A9C4C80,2,"['Casa Giulietta', 'Torre Lamberti']",Palazzo della Ragione,"['AMO', 'Museo Conte', 'Centro Fotografia', 'Sighseeing', 'Santa Anastasia']",Santa Anastasia,strategy_nearest,True,0.0014369487762451172,success
0428954A9C4C80,0,['Arena'],Casa Giulietta,"['Centro Fotografia', 'Sighseeing', 'Torre Lamberti', 'Museo Conte', 'Museo Radio']",Tomba Giulietta,strategy_nearest,False,0.0032181739807128906,success
04289A429C4C80,2,['Casa Giulietta'],Torre Lamberti,"['Sighseeing', 'Centro Fotografia', 'Museo Conte', 'Palazzo della Ragione', 'AMO']",Santa Anastasia,strategy_nearest,False,0.0026030540466308594,success
04288E3A9C4C80,0,['Arena'],Casa Giulietta,"['Centro Fotografia', 'Sighseeing', 'Torre Lamberti', 'Museo Conte', 'Museo Radio']",Castelvecchio,strategy_nearest,False,0.002805948257446289,success
0428A44A9C4C80,3,['Torre Lamberti'],Duomo,"['AMO', 'Museo Miniscalchi', 'Santa Anastasia', 'Teatro Romano', 'Palazzo della Ragione']",San Zeno,strategy_nearest,False,0.0026869773864746094,success
04289F429C4C80,3,"['Arena', 'Castelvecchio']",Casa Giulietta,"['Centro Fotografia', 'Sighseeing', 'Torre Lamberti', 'Museo Conte', 'Museo Radio']",Santa Anastasia,strategy_nearest,False,0.0015649795532226562,success
0428A64A9C4C80,1,"['Teatro Romano', 'Arena']",Casa Giulietta,"['Centro Fotografia', 'Sighseeing', 'Torre Lamberti', 'Museo Conte', 'Museo Radio']",Palazzo della Ragione,strategy_nearest,False,0.0032320022583007812,success
04289B4A9C4C80,2,['Torre Lamberti'],Casa Giulietta,"['Centro Fotografia', 'Sighseeing', 'Museo Conte', 'Museo Radio', 'Palazzo della Ragione']",Duomo,strategy_nearest,False,0.002198934555053711,success
0428A74A9C4C81,0,['Arena'],Teatro Romano,"['Santa Anastasia', 'Duomo', 'AMO', 'Palazzo della Ragione', 'Museo Conte']",Duomo,strategy_nearest,True,0.0021829605102539062,success
0428AB4A9C4C80,3,['Arena'],Casa Giulietta,"['Centro Fotografia', 'Sighseeing', 'Torre Lamberti', 'Museo Conte', 'Museo Radio']",Santa Anastasia,strategy_nearest,False,0.0026192665100097656,success
0428A64A9C4C81,3,"['Arena', 'Casa Giulietta']",Torre Lamberti,"['Sighseeing', 'Centro Fotografia', 'Museo Conte', 'Palazzo della Ragione', 'AMO']",Santa Anastasia,strategy_nearest,False,0.0028200149536132812,success
0428A83A9C4C80,1,"['Castelvecchio', 'Teatro Romano']",Palazzo della Ragione,"['AMO', 'Museo Conte', 'Torre Lamberti', 'Centro Fotografia', 'Sighseeing']",Torre Lamberti,strategy_nearest,True,0.0034809112548828125,success
0428B2429C4C80,0,['Torre Lamberti'],Casa Giulietta,"['Centro Fotografia', 'Sighseeing', 'Museo Conte', 'Museo Radio', 'Palazzo della Ragione']",Arena,strategy_nearest,False,0.0020782947540283203,success
0428B5429C4C80,1,"['Castelvecchio', 'Arena']",Torre Lamberti,"['Sighseeing', 'Centro Fotografia', 'Museo Conte', 'Casa Giulietta', 'Palazzo della Ragione']",Palazzo della Ragione,strategy_nearest,True,0.0032727718353271484,success
0428AD429C4C80,1,"['Arena', 'Casa Giulietta']",Duomo,"['AMO', 'Museo Miniscalchi', 'Santa Anastasia', 'Teatro Romano', 'Palazzo della Ragione']",Torre Lamberti,strategy_nearest,False,0.0029578208923339844,success
0428BA3A9C4C80,1,"['Teatro Romano', 'Torre Lamberti']",Palazzo della Ragione,"['AMO', 'Museo Conte', 'Centro Fotografia', 'Sighseeing', 'Santa Anastasia']",Arena,strategy_nearest,False,0.002637147903442383,success
0428BB3A9C4C80,1,"['Casa Giulietta', 'Museo Storia', 'San Fermo']",Arena,"['Verona Tour', 'Museo Lapidario', 'Museo Radio', 'Sighseeing', 'Castelvecchio']",Torre Lamberti,strategy_nearest,False,0.0027909278869628906,success
0428C53A9C4C80,4,"['Arena', 'Castelvecchio']",Torre Lamberti,"['Sighseeing', 'Centro Fotografia', 'Museo Conte', 'Casa Giulietta', 'Palazzo della Ragione']",Casa Giulietta,strategy_nearest,True,0.0014789104461669922,success
0428C73A9C4C80,3,"['Arena', 'Casa Giulietta']",Torre Lamberti,"['Sighseeing', 'Centro Fotografia', 'Museo Conte', 'Palazzo della Ragione', 'AMO']",Santa Anastasia,strategy_nearest,False,0.0026922225952148438,success
0428BE3A9C4C80,0,['Casa Giulietta'],Arena,"['Verona Tour', 'Museo Lapidario', 'Museo Radio', 'San Fermo', 'Sighseeing']",Tomba Giulietta,strategy_nearest,False,0.003604888916015625,success
0428CE3A9C4C80,3,"['Arena', 'San Fermo']",Torre Lamberti,"['Sighseeing', 'Centro Fotografia', 'Museo Conte', 'Casa Giulietta', 'Palazzo della Ragione']",Santa Anastasia,strategy_nearest,False,0.002396821975708008,success
0428C93A9C4C80,0,"['Arena', 'Castelvecchio']",Casa Giulietta,"['Centro Fotografia', 'Sighseeing', 'Torre Lamberti', 'Museo Conte', 'Museo Radio']",Torre Lamberti,strategy_nearest,True,0.002871990203857422,success
0428DC3A9C4C80,3,"['Teatro Romano', 'Casa Giulietta']",Arena,"['Verona Tour', 'Museo Lapidario', 'Museo Radio', 'San Fermo', 'Sighseeing']",Castelvecchio,strategy_nearest,False,0.0028617382049560547,success
0428E73A9C4C80,1,"['Arena', 'Casa Giulietta', 'Palazzo della Ragione']",Torre Lamberti,"['Sighseeing', 'Centro Fotografia', 'Museo Conte', 'AMO', 'Museo Miniscalchi']",Teatro Romano,strategy_nearest,False,0.0032341480255126953,success
0429613A9C4C81,1,['Arena'],Torre Lamberti,"['Sighseeing', 'Centro Fotografia', 'Museo Conte', 'Casa Giulietta', 'Palazzo della Ragione']",Palazzo della Ragione,strategy_nearest,True,0.0025708675384521484,success
04295D3A9C4C80,1,"['Arena', 'Palazzo della Ragione', 'Torre Lamberti', 'Santa Anastasia']",Castelvecchio,"['Museo Lapidario', 'Verona Tour', 'Museo Radio', 'San Zeno', 'Sighseeing']",Duomo,strategy_nearest,False,0.002657175064086914,success
042960429C4C80,0,['Arena'],Casa Giulietta,"['Centro Fotografia', 'Sighseeing', 'Torre Lamberti', 'Museo Conte', 'Museo Radio']",Castelvecchio,strategy_nearest,False,0.0014500617980957031,success
04296C429C4C80,1,['Arena'],Casa Giulietta,"['Centro Fotografia', 'Sighseeing', 'Torre Lamberti', 'Museo Conte', 'Museo Radio']",Palazzo della Ragione,strategy_nearest,False,0.003654003143310547,success
042974429C4C81,3,"['Torre Lamberti', 'Santa Anastasia']",Casa Giulietta,"['Centro Fotografia', 'Sighseeing', 'Museo Conte', 'Museo Radio', 'Palazzo della Ragione']",Arena,strategy_nearest,False,0.0022149085998535156,success
042975429C4C81,3,"['Torre Lamberti', 'San Zeno', 'Castelvecchio', 'Arena']",San Fermo,"['Museo Storia', 'Museo Radio', 'Casa Giulietta', 'Centro Fotografia', 'Sighseeing']",Giardino Giusti,strategy_nearest,False,0.0025789737701416016,success
0429713A9C4C81,1,"['Arena', 'Palazzo della Ragione', 'Torre Lamberti']",Santa Anastasia,"['AMO', 'Museo Conte', 'Teatro Romano', 'Centro Fotografia', 'Duomo']",Teatro Romano,strategy_nearest,True,0.003720998764038086,success
04297F4A9C4C81,3,"['Torre Lamberti', 'Casa Giulietta']",Santa Anastasia,"['AMO', 'Museo Conte', 'Palazzo della Ragione', 'Teatro Romano', 'Centro Fotografia']",Duomo,strategy_nearest,False,0.003022909164428711,success
0429854A9C4C81,0,['Casa Giulietta'],Arena,"['Verona Tour', 'Museo Lapidario', 'Museo Radio', 'San Fermo', 'Sighseeing']",Castelvecchio,strategy_nearest,False,0.0031540393829345703,success
0429864A9C4C80,0,['Arena'],Museo Lapidario,"['Verona Tour', 'Castelvecchio', 'Museo Radio', 'San Fermo', 'Casa Giulietta']",Casa Giulietta,strategy_nearest,True,0.0025119781494140625,success
042986429C4C81,0,['Duomo'],Arena,"['Verona Tour', 'Museo Lapidario', 'Museo Radio', 'San Fermo', 'Casa Giulietta']",Casa Giulietta,strategy_nearest,True,0.0024662017822265625,success
0429864A9C4C81,3,"['Casa Giulietta', 'Torre Lamberti', 'Santa Anastasia']",Teatro Romano,"['Duomo', 'AMO', 'Palazzo della Ragione', 'Museo Conte', 'Centro Fotografia']",Giardino Giusti,strategy_nearest,False,0.0033159255981445312,success
04298A3A9C4C81,2,['Teatro Romano'],Santa Anastasia,"['AMO', 'Museo Conte', 'Palazzo della Ragione', 'Centro Fotografia', 'Duomo']",Casa Giulietta,strategy_nearest,False,0.0019001960754394531,success
0429893A9C4C80,1,['Arena'],Casa Giulietta,"['Centro Fotografia', 'Sighseeing', 'Torre Lamberti', 'Museo Conte', 'Museo Radio']",Palazzo della Ragione,strategy_nearest,False,0.003226041793823242,success
04298B429C4C81,0,['Arena'],Casa Giulietta,"['Centro Fotografia', 'Sighseeing', 'Torre Lamberti', 'Museo Conte', 'Museo Radio']",Palazzo della Ragione,strategy_nearest,False,0.0032241344451904297,success
04298C4A9C4C81,0,['Arena'],Tomba Giulietta,"['San Fermo', 'Museo Storia', 'Museo Lapidario', 'Museo Radio', 'Verona Tour']",Duomo,strategy_nearest,False,0.004018068313598633,success
04298F3A9C4C80,3,['Arena'],Santa Anastasia,"['AMO', 'Museo Conte', 'Palazzo della Ragione', 'Teatro Romano', 'Centro Fotografia']",Duomo,strategy_nearest,False,0.0021059513092041016,success
04298F3A9C4C81,0,['Arena'],Casa Giulietta,"['Centro Fotografia', 'Sighseeing', 'Torre Lamberti', 'Museo Conte', 'Museo Radio']",Teatro Romano,strategy_nearest,False,0.003184080123901367,success
0429903A9C4C81,3,"['Arena', 'Castelvecchio', 'Torre Lamberti']",Santa Anastasia,"['AMO', 'Museo Conte', 'Palazzo della Ragione', 'Teatro Romano', 'Centro Fotografia']",Duomo,strategy_nearest,False,0.002743959426879883,success
0429914A9C4C80,0,['Casa Giulietta'],Santa Anastasia,"['AMO', 'Museo Conte', 'Palazzo della Ragione', 'Teatro Romano', 'Centro Fotografia']",Arena,strategy_nearest,False,0.0024368762969970703,success
04298F4A9C4C80,2,['Casa Giulietta'],Torre Lamberti,"['Sighseeing', 'Centro Fotografia', 'Museo Conte', 'Palazzo della Ragione', 'AMO']",Santa Anastasia,strategy_nearest,False,0.0025768280029296875,success
04299E429C4C80,1,['Arena'],Casa Giulietta,"['Centro Fotografia', 'Sighseeing', 'Torre Lamberti', 'Museo Conte', 'Museo Radio']",Santa Anastasia,strategy_nearest,False,0.0030517578125,success
04299E4A9C4C80,3,"['Arena', 'Casa Giulietta', 'Torre Lamberti']",Santa Anastasia,"['AMO', 'Museo Conte', 'Palazzo della Ragione', 'Teatro Romano', 'Centro Fotografia']",Teatro Romano,strategy_nearest,True,0.0027070045471191406,success
04299F429C4C80,0,['Arena'],Casa Giulietta,"['Centro Fotografia', 'Sighseeing', 'Torre Lamberti', 'Museo Conte', 'Museo Radio']",Torre Lamberti,strategy_nearest,True,0.002116680145263672,success
0429A2429C4C80,0,['Castelvecchio'],Arena,"['Verona Tour', 'Museo Lapidario', 'Museo Radio', 'San Fermo', 'Casa Giulietta']",Casa Giulietta,strategy_nearest,True,0.0031087398529052734,success
0429A04A9C4C80,0,['Arena'],Casa Giulietta,"['Centro Fotografia', 'Sighseeing', 'Torre Lamberti', 'Museo Conte', 'Museo Radio']",Torre Lamberti,strategy_nearest,True,0.0027163028717041016,success
0429A5429C4C81,2,"['Torre Lamberti', 'Duomo']",Casa Giulietta,"['Centro Fotografia', 'Sighseeing', 'Museo Conte', 'Museo Radio', 'Palazzo della Ragione']",San Fermo,strategy_nearest,False,0.002471923828125,success
0429AB4A9C4C81,3,['Arena'],Torre Lamberti,"['Sighseeing', 'Centro Fotografia', 'Museo Conte', 'Casa Giulietta', 'Palazzo della Ragione']",Casa Giulietta,strategy_nearest,True,0.0026302337646484375,success
0429AB3A9C4C80,1,['Arena'],Torre Lamberti,"['Sighseeing', 'Centro Fotografia', 'Museo Conte', 'Casa Giulietta', 'Palazzo della Ragione']",Palazzo della Ragione,strategy_nearest,True,0.0034017562866210938,success
0429A94A9C4C81,1,['Arena'],Palazzo della Ragione,"['AMO', 'Museo Conte', 'Torre Lamberti', 'Centro Fotografia', 'Sighseeing']",Torre Lamberti,strategy_nearest,True,0.0021708011627197266,success
0429AC429C4C80,1,"['Arena', 'Museo Lapidario']",Castelvecchio,"['Verona Tour', 'Museo Radio', 'San Zeno', 'Sighseeing', 'Museo Miniscalchi']",Duomo,strategy_nearest,False,0.0015902519226074219,success
0429AD3A9C4C81,3,['Casa Giulietta'],Santa Anastasia,"['AMO', 'Museo Conte', 'Palazzo della Ragione', 'Teatro Romano', 'Centro Fotografia']",Arena,strategy_nearest,False,0.002552032470703125,success
0429AD429C4C80,3,"['San Zeno', 'Casa Giulietta', 'Santa Anastasia']",Duomo,"['AMO', 'Museo Miniscalchi', 'Teatro Romano', 'Palazzo della Ragione', 'Museo Conte']",San Fermo,strategy_nearest,False,0.0026040077209472656,success
0429AE429C4C81,3,"['Castelvecchio', 'Casa Giulietta', 'Arena']",Torre Lamberti,"['Sighseeing', 'Centro Fotografia', 'Museo Conte', 'Palazzo della Ragione', 'AMO']",Santa Anastasia,strategy_nearest,False,0.0026149749755859375,success
0429B3429C4C81,3,"['Arena', 'Casa Giulietta']",Torre Lamberti,"['Sighseeing', 'Centro Fotografia', 'Museo Conte', 'Palazzo della Ragione', 'AMO']",Duomo,strategy_nearest,False,0.002663135528564453,success
0429B53A9C4C80,1,"['Arena', 'Casa Giulietta', 'Torre Lamberti']",Palazzo della Ragione,"['AMO', 'Museo Conte', 'Centro Fotografia', 'Sighseeing', 'Santa Anastasia']",Teatro Romano,strategy_nearest,False,0.0032367706298828125,success
0429B3429C4C80,3,['Arena'],Santa Anastasia,"['AMO', 'Museo Conte', 'Palazzo della Ragione', 'Teatro Romano', 'Centro Fotografia']",Duomo,strategy_nearest,False,0.0034189224243164062,success
0429BC429C4C81,0,['Duomo'],Arena,"['Verona Tour', 'Museo Lapidario', 'Museo Radio', 'San Fermo', 'Casa Giulietta']",Castelvecchio,strategy_nearest,False,0.0013310909271240234,success
0429BA3A9C4C80,0,"['Arena', 'Museo Lapidario']",Castelvecchio,"['Verona Tour', 'Museo Radio', 'San Zeno', 'Sighseeing', 'Museo Miniscalchi']",Casa Giulietta,strategy_nearest,False,0.003815889358520508,success
0429BE3A9C4C80,6,['Arena'],Casa Giulietta,"['Centro Fotografia', 'Sighseeing', 'Torre Lamberti', 'Museo Conte', 'Museo Radio']",Castelvecchio,strategy_nearest,False,0.003129720687866211,success
0429BD3A9C4C80,3,"['Arena', 'San Fermo']",Casa Giulietta,"['Centro Fotografia', 'Sighseeing', 'Torre Lamberti', 'Museo Conte', 'Museo Radio']",Santa Anastasia,strategy_nearest,False,0.0027260780334472656,success
0429C53A9C4C80,0,['Torre Lamberti'],Arena,"['Verona Tour', 'Museo Lapidario', 'Museo Radio', 'San Fermo', 'Casa Giulietta']",Castelvecchio,strategy_nearest,False,0.0024480819702148438,success
0429C63A9C4C80,3,"['Arena', 'Casa Giulietta']",Santa Anastasia,"['AMO', 'Museo Conte', 'Palazzo della Ragione', 'Teatro Romano', 'Centro Fotografia']",Duomo,strategy_nearest,False,0.0018320083618164062,success
0429D23A9C4C80,3,"['Arena', 'Casa Giulietta']",Torre Lamberti,"['Sighseeing', 'Centro Fotografia', 'Museo Conte', 'Palazzo della Ragione', 'AMO']",Santa Anastasia,strategy_nearest,False,0.002714872360229492,success
0429C8429C4C80,2,['Tomba Giulietta'],Casa Giulietta,"['Centro Fotografia', 'Sighseeing', 'Torre Lamberti', 'Museo Conte', 'Museo Radio']",Torre Lamberti,strategy_nearest,True,0.003367900848388672,success
0429DC3A9C4C80,0,"['Arena', 'Torre Lamberti']",Casa Giulietta,"['Centro Fotografia', 'Sighseeing', 'Museo Conte', 'Museo Radio', 'Palazzo della Ragione']",Teatro Romano,strategy_nearest,False,0.002271890640258789,success
0429DC3A9C4C81,0,['Arena'],Casa Giulietta,"['Centro Fotografia', 'Sighseeing', 'Torre Lamberti', 'Museo Conte', 'Museo Radio']",Teatro Romano,strategy_nearest,False,0.0019960403442382812,success
0429E03A9C4C80,0,['Arena'],Torre Lamberti,"['Sighseeing', 'Centro Fotografia', 'Museo Conte', 'Casa Giulietta', 'Palazzo della Ragione']",Giardino Giusti,strategy_nearest,False,0.0024781227111816406,success
0429DF3A9C4C81,3,"['Castelvecchio', 'Casa Giulietta']",Arena,"['Verona Tour', 'Museo Lapidario', 'Museo Radio', 'San Fermo', 'Sighseeing']",Duomo,strategy_nearest,False,0.00339508056640625,success
0429E8429C4C80,1,"['Casa Giulietta', 'Torre Lamberti']",Palazzo della Ragione,"['AMO', 'Museo Conte', 'Centro Fotografia', 'Sighseeing', 'Santa Anastasia']",Arena,strategy_nearest,False,0.0028138160705566406,success
0429F93A9C4C80,3,"['Arena', 'San Fermo']",Santa Anastasia,"['AMO', 'Museo Conte', 'Palazzo della Ragione', 'Teatro Romano', 'Centro Fotografia']",Teatro Romano,strategy_nearest,True,0.002582073211669922,success
0429ED3A9C4C80,0,"['Museo Lapidario', 'Arena']",Casa Giulietta,"['Centro Fotografia', 'Sighseeing', 'Torre Lamberti', 'Museo Conte', 'Museo Radio']",Tomba Giulietta,strategy_nearest,False,0.0024030208587646484,success
042A67429C4C81,3,"['Arena', 'Castelvecchio', 'Casa Giulietta']",Torre Lamberti,"['Sighseeing', 'Centro Fotografia', 'Museo Conte', 'Palazzo della Ragione', 'AMO']",Santa Anastasia,strategy_nearest,False,0.0022988319396972656,success
0429F9429C4C80,3,"['Castelvecchio', 'Santa Anastasia', 'Duomo', 'San Fermo']",Arena,"['Verona Tour', 'Museo Lapidario', 'Museo Radio', 'Casa Giulietta', 'Sighseeing']",Tomba Giulietta,strategy_nearest,False,0.00337982177734375,success
042A6A429C4C81,3,"['Arena', 'Museo Lapidario']",Duomo,"['AMO', 'Museo Miniscalchi', 'Santa Anastasia', 'Teatro Romano', 'Palazzo della Ragione']",Teatro Romano,strategy_nearest,True,0.002440929412841797,success
042A68429C4C81,0,['Arena'],Duomo,"['AMO', 'Museo Miniscalchi', 'Santa Anastasia', 'Teatro Romano', 'Palazzo della Ragione']",Castelvecchio,strategy_nearest,False,0.0030829906463623047,success
042A6F429C4C80,3,"['Torre Lamberti', 'Casa Giulietta']",Duomo,"['AMO', 'Museo Miniscalchi', 'Santa Anastasia', 'Teatro Romano', 'Palazzo della Ragione']",Teatro Romano,strategy_nearest,True,0.002731800079345703,success
042A71429C4C81,0,['Arena'],Castelvecchio,"['Museo Lapidario', 'Verona Tour', 'Museo Radio', 'San Zeno', 'Sighseeing']",Santa Anastasia,strategy_nearest,False,0.0032858848571777344,success
042A793A9C4C81,1,"['Arena', 'Santa Anastasia']",Duomo,"['AMO', 'Museo Miniscalchi', 'Teatro Romano', 'Palazzo della Ragione', 'Museo Conte']",Palazzo della Ragione,strategy_nearest,True,0.0026111602783203125,success
042A783A9C4C80,0,"['Arena', 'Castelvecchio']",Casa Giulietta,"['Centro Fotografia', 'Sighseeing', 'Torre Lamberti', 'Museo Conte', 'Museo Radio']",Teatro Romano,strategy_nearest,False,0.0033528804779052734,success
042A7C4A9C4C81,2,"['Torre Lamberti', 'Casa Giulietta']",Santa Anastasia,"['AMO', 'Museo Conte', 'Palazzo della Ragione', 'Teatro Romano', 'Centro Fotografia']",Duomo,strategy_nearest,False,0.002737283706665039,success
042A794A9C4C80,2,"['Torre Lamberti', 'Casa Giulietta']",Santa Anastasia,"['AMO', 'Museo Conte', 'Palazzo della Ragione', 'Teatro Romano', 'Centro Fotografia']",Duomo,strategy_nearest,False,0.0026047229766845703,success
042A7D3A9C4C81,0,['Arena'],Casa Giulietta,"['Centro Fotografia', 'Sighseeing', 'Torre Lamberti', 'Museo Conte', 'Museo Radio']",Santa Anastasia,strategy_nearest,False,0.003389120101928711,success
042A80429C4C81,1,"['Arena', 'Casa Giulietta', 'Palazzo della Ragione']",Santa Anastasia,"['AMO', 'Museo Conte', 'Teatro Romano', 'Centro Fotografia', 'Duomo']",Duomo,strategy_nearest,True,0.002650022506713867,success
042A84BA7B3F80,3,"['Tomba Giulietta', 'Arena', 'Torre Lamberti']",Santa Anastasia,"['AMO', 'Museo Conte', 'Palazzo della Ragione', 'Teatro Romano', 'Centro Fotografia']",Duomo,strategy_nearest,False,0.0020339488983154297,success
042A813A9C4C81,3,"['Arena', 'Castelvecchio']",Casa Giulietta,"['Centro Fotografia', 'Sighseeing', 'Torre Lamberti', 'Museo Conte', 'Museo Radio']",Torre Lamberti,strategy_nearest,True,0.0027551651000976562,success
042A86429C4C81,2,"['Santa Anastasia', 'Duomo']",Tomba Giulietta,"['San Fermo', 'Museo Storia', 'Arena', 'Museo Lapidario', 'Museo Radio']",San Zeno,strategy_nearest,False,0.0033159255981445312,success
042A853A9C4C81,0,['Arena'],Casa Giulietta,"['Centro Fotografia', 'Sighseeing', 'Torre Lamberti', 'Museo Conte', 'Museo Radio']",Torre Lamberti,strategy_nearest,True,0.002769947052001953,success
042A8C3A9C4C80,0,['Teatro Romano'],Casa Giulietta,"['Centro Fotografia', 'Sighseeing', 'Torre Lamberti', 'Museo Conte', 'Museo Radio']",Arena,strategy_nearest,False,0.0020990371704101562,success
042A904A9C4C81,2,"['Casa Giulietta', 'Palazzo della Ragione', 'Teatro Romano']",Tomba Giulietta,"['San Fermo', 'Museo Storia', 'Arena', 'Museo Lapidario', 'Museo Radio']",Castelvecchio,strategy_nearest,False,0.0026290416717529297,success
042A884A9C4C80,3,"['Casa Giulietta', 'Santa Anastasia']",Duomo,"['AMO', 'Museo Miniscalchi', 'Teatro Romano', 'Palazzo della Ragione', 'Museo Conte']",Arena,strategy_nearest,False,0.001535177230834961,success
042A87429C4C80,3,"['Arena', 'San Fermo', 'Casa Giulietta']",Torre Lamberti,"['Sighseeing', 'Centro Fotografia', 'Museo Conte', 'Palazzo della Ragione', 'AMO']",Santa Anastasia,strategy_nearest,False,0.0047109127044677734,success
042A91429C4C80,0,"['Arena', 'Casa Giulietta']",Santa Anastasia,"['AMO', 'Museo Conte', 'Palazzo della Ragione', 'Teatro Romano', 'Centro Fotografia']",Castelvecchio,strategy_nearest,False,0.0033931732177734375,success
042A98429C4C81,3,"['Arena', 'Torre Lamberti']",Santa Anastasia,"['AMO', 'Museo Conte', 'Palazzo della Ragione', 'Teatro Romano', 'Centro Fotografia']",Duomo,strategy_nearest,False,0.003245115280151367,success
042A914A9C4C80,0,['Arena'],San Zeno,"['Castelvecchio', 'Verona Tour', 'Museo Lapidario', 'Museo Miniscalchi', 'Sighseeing']",Castelvecchio,strategy_nearest,True,0.0028350353240966797,success
042A924A9C4C81,0,['Casa Giulietta'],Torre Lamberti,"['Sighseeing', 'Centro Fotografia', 'Museo Conte', 'Palazzo della Ragione', 'AMO']",Arena,strategy_nearest,False,0.001374959945678711,success
042A994A9C4C80,1,['Arena'],Casa Giulietta,"['Centro Fotografia', 'Sighseeing', 'Torre Lamberti', 'Museo Conte', 'Museo Radio']",Palazzo della Ragione,strategy_nearest,False,0.0016689300537109375,success
042A9A429C4C81,0,['Arena'],Torre Lamberti,"['Sighseeing', 'Centro Fotografia', 'Museo Conte', 'Casa Giulietta', 'Palazzo della Ragione']",Tomba Giulietta,strategy_nearest,False,0.0029070377349853516,success
042A99429C4C81,2,['Torre Lamberti'],Palazzo della Ragione,"['AMO', 'Museo Conte', 'Centro Fotografia', 'Sighseeing', 'Santa Anastasia']",Santa Anastasia,strategy_nearest,True,0.0035400390625,success
042A9C429C4C80,1,['Castelvecchio'],Arena,"['Verona Tour', 'Museo Lapidario', 'Museo Radio', 'San Fermo', 'Casa Giulietta']",Casa Giulietta,strategy_nearest,True,0.0034508705139160156,success
042A9D429C4C80,0,['Arena'],Casa Giulietta,"['Centro Fotografia', 'Sighseeing', 'Torre Lamberti', 'Museo Conte', 'Museo Radio']",Torre Lamberti,strategy_nearest,True,0.0023899078369140625,success
042A9E4A9C4C80,0,['Arena'],Torre Lamberti,"['Sighseeing', 'Centro Fotografia', 'Museo Conte', 'Casa Giulietta', 'Palazzo della Ragione']",San Zeno,strategy_nearest,False,0.0019600391387939453,success
042AA14A9C4C80,0,['Arena'],Torre Lamberti,"['Sighseeing', 'Centro Fotografia', 'Museo Conte', 'Casa Giulietta', 'Palazzo della Ragione']",Casa Giulietta,strategy_nearest,True,0.002830028533935547,success
042AA63A9C4C81,3,"['Arena', 'Torre Lamberti']",Santa Anastasia,"['AMO', 'Museo Conte', 'Palazzo della Ragione', 'Teatro Romano', 'Centro Fotografia']",Duomo,strategy_nearest,False,0.003201007843017578,success
042AAA429C4C80,3,"['Torre Lamberti', 'Santa Anastasia']",Duomo,"['AMO', 'Museo Miniscalchi', 'Teatro Romano', 'Palazzo della Ragione', 'Museo Conte']",Casa Giulietta,strategy_nearest,False,0.0023889541625976562,success
042AA872743380,3,"['Museo Storia', 'Arena', 'Torre Lamberti']",Teatro Romano,"['Santa Anastasia', 'Duomo', 'AMO', 'Palazzo della Ragione', 'Museo Conte']",Castelvecchio,strategy_nearest,False,0.0034418106079101562,success
042AAA429C4C81,1,"['Arena', 'Museo Lapidario', 'Casa Giulietta', 'Torre Lamberti']",Palazzo della Ragione,"['AMO', 'Museo Conte', 'Centro Fotografia', 'Sighseeing', 'Santa Anastasia']",Santa Anastasia,strategy_nearest,True,0.003325939178466797,success
042AAB3A9C4C80,3,"['Tomba Giulietta', 'Arena', 'Torre Lamberti', 'Casa Giulietta']",Santa Anastasia,"['AMO', 'Museo Conte', 'Palazzo della Ragione', 'Teatro Romano', 'Centro Fotografia']",San Zeno,strategy_nearest,False,0.0029189586639404297,success
042AAD3A9C4C81,3,['Torre Lamberti'],Casa Giulietta,"['Centro Fotografia', 'Sighseeing', 'Museo Conte', 'Museo Radio', 'Palazzo della Ragione']",Arena,strategy_nearest,False,0.0023462772369384766,success
042AAB4A9C4C81,3,['Museo Lapidario'],Arena,"['Verona Tour', 'Museo Radio', 'San Fermo', 'Casa Giulietta', 'Sighseeing']",Torre Lamberti,strategy_nearest,False,0.003238201141357422,success
042AAD429C4C81,3,"['Arena', 'Santa Anastasia']",Duomo,"['AMO', 'Museo Miniscalchi', 'Teatro Romano', 'Palazzo della Ragione', 'Museo Conte']",Casa Giulietta,strategy_nearest,False,0.0035829544067382812,success
042AB8429C4C80,1,"['Arena', 'Palazzo della Ragione']",Torre Lamberti,"['Sighseeing', 'Centro Fotografia', 'Museo Conte', 'Casa Giulietta', 'AMO']",Casa Giulietta,strategy_nearest,True,0.0029387474060058594,success
042AB7429C4C80,1,"['Arena', 'Casa Giulietta', 'Torre Lamberti']",Palazzo della Ragione,"['AMO', 'Museo Conte', 'Centro Fotografia', 'Sighseeing', 'Santa Anastasia']",Duomo,strategy_nearest,False,0.002526998519897461,success
042ABE429C4C80,0,['Arena'],Castelvecchio,"['Museo Lapidario', 'Verona Tour', 'Museo Radio', 'San Zeno', 'Sighseeing']",Duomo,strategy_nearest,False,0.00209808349609375,success
042ABD429C4C80,0,['Arena'],Casa Giulietta,"['Centro Fotografia', 'Sighseeing', 'Torre Lamberti', 'Museo Conte', 'Museo Radio']",Torre Lamberti,strategy_nearest,True,0.0022199153900146484,success
042ABE429C4C81,3,"['Arena', 'San Fermo']",Torre Lamberti,"['Sighseeing', 'Centro Fotografia', 'Museo Conte', 'Casa Giulietta', 'Palazzo della Ragione']",Santa Anastasia,strategy_nearest,False,0.003237009048461914,success
042ABC429C4C81,2,"['Duomo', 'Torre Lamberti']",Palazzo della Ragione,"['AMO', 'Museo Conte', 'Centro Fotografia', 'Sighseeing', 'Santa Anastasia']",Casa Giulietta,strategy_nearest,False,0.004635810852050781,success
042AC93A9C4C81,0,['Arena'],Torre Lamberti,"['Sighseeing', 'Centro Fotografia', 'Museo Conte', 'Casa Giulietta', 'Palazzo della Ragione']",Casa Giulietta,strategy_nearest,True,0.0015590190887451172,success
042AC1429C4C80,0,['Arena'],Casa Giulietta,"['Centro Fotografia', 'Sighseeing', 'Torre Lamberti', 'Museo Conte', 'Museo Radio']",Torre Lamberti,strategy_nearest,True,0.0028951168060302734,success
042AC43A9C4C80,1,"['Arena', 'San Fermo', 'Casa Giulietta']",Torre Lamberti,"['Sighseeing', 'Centro Fotografia', 'Museo Conte', 'Palazzo della Ragione', 'AMO']",Palazzo della Ragione,strategy_nearest,True,0.0022668838500976562,success
042ACC3A9C4C80,0,"['Arena', 'San Fermo']",Casa Giulietta,"['Centro Fotografia', 'Sighseeing', 'Torre Lamberti', 'Museo Conte', 'Museo Radio']",Torre Lamberti,strategy_nearest,True,0.0032591819763183594,success
042ACD3A9C4C81,1,"['Duomo', 'Torre Lamberti']",Palazzo della Ragione,"['AMO', 'Museo Conte', 'Centro Fotografia', 'Sighseeing', 'Santa Anastasia']",Casa Giulietta,strategy_nearest,False,0.0021600723266601562,success
042AD13A9C4C80,1,"['Arena', 'Castelvecchio']",Duomo,"['AMO', 'Museo Miniscalchi', 'Santa Anastasia', 'Teatro Romano', 'Palazzo della Ragione']",Torre Lamberti,strategy_nearest,False,0.0015151500701904297,success
042AD83A9C4C80,0,['Arena'],San Fermo,"['Museo Storia', 'Museo Radio', 'Casa Giulietta', 'Centro Fotografia', 'Sighseeing']",Castelvecchio,strategy_nearest,False,0.0027947425842285156,success
042AD93A9C4C81,1,"['Castelvecchio', 'Palazzo della Ragione']",Santa Anastasia,"['AMO', 'Museo Conte', 'Teatro Romano', 'Centro Fotografia', 'Duomo']",Duomo,strategy_nearest,True,0.0033140182495117188,success
042ADE3A9C4C81,2,['Palazzo della Ragione'],Casa Giulietta,"['Centro Fotografia', 'Sighseeing', 'Torre Lamberti', 'Museo Conte', 'Museo Radio']",Duomo,strategy_nearest,False,0.0016949176788330078,success
042AEF3A9C4C80,3,"['Arena', 'Duomo', 'Teatro Romano']",Santa Anastasia,"['AMO', 'Museo Conte', 'Palazzo della Ragione', 'Centro Fotografia', 'Torre Lamberti']",Torre Lamberti,strategy_nearest,True,0.002857208251953125,success
042B603A9C4C80,0,['Arena'],Castelvecchio,"['Museo Lapidario', 'Verona Tour', 'Museo Radio', 'San Zeno', 'Sighseeing']",Casa Giulietta,strategy_nearest,False,0.0025908946990966797,success
042AF4429C4C80,1,"['Torre Lamberti', 'Palazzo della Ragione', 'Casa Giulietta', 'Santa Anastasia']",Arena,"['Verona Tour', 'Museo Lapidario', 'Museo Radio', 'San Fermo', 'Sighseeing']",San Fermo,strategy_nearest,True,0.003677845001220703,success
042B73429C4C80,0,"['Arena', 'Torre Lamberti']",Castelvecchio,"['Museo Lapidario', 'Verona Tour', 'Museo Radio', 'San Zeno', 'Sighseeing']",San Zeno,strategy_nearest,True,0.002850055694580078,success
042B743A9C4C80,3,"['Museo Lapidario', 'Castelvecchio', 'Arena']",Casa Giulietta,"['Centro Fotografia', 'Sighseeing', 'Torre Lamberti', 'Museo Conte', 'Museo Radio']",Torre Lamberti,strategy_nearest,True,0.0032210350036621094,success
042B753A9C4C81,1,"['Castelvecchio', 'Arena', 'Casa Giulietta']",Torre Lamberti,"['Sighseeing', 'Centro Fotografia', 'Museo Conte', 'Palazzo della Ragione', 'AMO']",Palazzo della Ragione,strategy_nearest,True,0.0017080307006835938,success
042B78429C4C80,3,['Arena'],Torre Lamberti,"['Sighseeing', 'Centro Fotografia', 'Museo Conte', 'Casa Giulietta', 'Palazzo della Ragione']",Teatro Romano,strategy_nearest,False,0.0022792816162109375,success
042B853A9C4C81,3,"['Arena', 'Torre Lamberti']",Casa Giulietta,"['Centro Fotografia', 'Sighseeing', 'Museo Conte', 'Museo Radio', 'Palazzo della Ragione']",San Fermo,strategy_nearest,False,0.003164052963256836,success
042B794A9C4C80,0,['Arena'],Casa Giulietta,"['Centro Fotografia', 'Sighseeing', 'Torre Lamberti', 'Museo Conte', 'Museo Radio']",Torre Lamberti,strategy_nearest,True,0.003864765167236328,success
042B794A9C4C81,0,['Arena'],Casa Giulietta,"['Centro Fotografia', 'Sighseeing', 'Torre Lamberti', 'Museo Conte', 'Museo Radio']",Tomba Giulietta,strategy_nearest,False,0.002797842025756836,success
042B7F429C4C81,2,['Casa Giulietta'],Santa Anastasia,"['AMO', 'Museo Conte', 'Palazzo della Ragione', 'Teatro Romano', 'Centro Fotografia']",Castelvecchio,strategy_nearest,False,0.002146005630493164,success
042B8A429C4C80,0,['San Zeno'],Arena,"['Verona Tour', 'Museo Lapidario', 'Museo Radio', 'San Fermo', 'Casa Giulietta']",Castelvecchio,strategy_nearest,False,0.0021660327911376953,success
042B8B3A9C4C81,1,"['Arena', 'Casa Giulietta']",Palazzo della Ragione,"['AMO', 'Museo Conte', 'Torre Lamberti', 'Centro Fotografia', 'Sighseeing']",Torre Lamberti,strategy_nearest,True,0.003223896026611328,success
042B854A9C4C81,2,['Casa Giulietta'],Torre Lamberti,"['Sighseeing', 'Centro Fotografia', 'Museo Conte', 'Palazzo della Ragione', 'AMO']",Palazzo della Ragione,strategy_nearest,True,0.002871990203857422,success
042B884A9C4C81,2,['Torre Lamberti'],Santa Anastasia,"['AMO', 'Museo Conte', 'Palazzo della Ragione', 'Teatro Romano', 'Centro Fotografia']",Duomo,strategy_nearest,False,0.0015938282012939453,success
042B8B4A9C4C80,1,['Arena'],Castelvecchio,"['Museo Lapidario', 'Verona Tour', 'Museo Radio', 'San Zeno', 'Sighseeing']",Palazzo della Ragione,strategy_nearest,False,0.003238201141357422,success
042B8D429C4C81,3,"['Santa Anastasia', 'Casa Giulietta']",San Zeno,"['Castelvecchio', 'Verona Tour', 'Museo Lapidario', 'Arena', 'Museo Miniscalchi']",Castelvecchio,strategy_nearest,True,0.0014088153839111328,success
042B8F4A9C4C80,0,['Castelvecchio'],Torre Lamberti,"['Sighseeing', 'Centro Fotografia', 'Museo Conte', 'Casa Giulietta', 'Palazzo della Ragione']",Duomo,strategy_nearest,False,0.0027921199798583984,success
042B924A9C4C81,0,"['Arena', 'Castelvecchio']",Duomo,"['AMO', 'Museo Miniscalchi', 'Santa Anastasia', 'Teatro Romano', 'Palazzo della Ragione']",Teatro Romano,strategy_nearest,True,0.0032167434692382812,success
042B9D4A9C4C81,3,"['Arena', 'Santa Anastasia']",Duomo,"['AMO', 'Museo Miniscalchi', 'Teatro Romano', 'Palazzo della Ragione', 'Museo Conte']",Teatro Romano,strategy_nearest,True,0.0024538040161132812,success
042BA73A9C4C80,1,"['Arena', 'Palazzo della Ragione']",Torre Lamberti,"['Sighseeing', 'Centro Fotografia', 'Museo Conte', 'Casa Giulietta', 'AMO']",Casa Giulietta,strategy_nearest,True,0.0028679370880126953,success
042BA04A9C4C81,3,"['Arena', 'Santa Anastasia']",Teatro Romano,"['Duomo', 'AMO', 'Palazzo della Ragione', 'Museo Conte', 'Centro Fotografia']",Duomo,strategy_nearest,True,0.0031130313873291016,success
042BA64A9C4C81,0,"['Casa Giulietta', 'Arena']",San Zeno,"['Castelvecchio', 'Verona Tour', 'Museo Lapidario', 'Museo Miniscalchi', 'Sighseeing']",Castelvecchio,strategy_nearest,True,0.0033249855041503906,success
042BA9429C4C80,0,['Duomo'],Arena,"['Verona Tour', 'Museo Lapidario', 'Museo Radio', 'San Fermo', 'Casa Giulietta']",Castelvecchio,strategy_nearest,False,0.0018939971923828125,success
042BA74A9C4C80,3,"['Teatro Romano', 'Duomo']",Santa Anastasia,"['AMO', 'Museo Conte', 'Palazzo della Ragione', 'Centro Fotografia', 'Torre Lamberti']",Torre Lamberti,strategy_nearest,True,0.0028471946716308594,success
042BA94A9C4C80,2,['Torre Lamberti'],Santa Anastasia,"['AMO', 'Museo Conte', 'Palazzo della Ragione', 'Teatro Romano', 'Centro Fotografia']",Duomo,strategy_nearest,False,0.003226041793823242,success
042BA7BA7B3F80,1,"['Arena', 'Casa Giulietta']",Torre Lamberti,"['Sighseeing', 'Centro Fotografia', 'Museo Conte', 'Palazzo della Ragione', 'AMO']",Palazzo della Ragione,strategy_nearest,True,0.0028009414672851562,success
042BA94A9C4C81,0,"['Castelvecchio', 'Torre Lamberti']",Casa Giulietta,"['Centro Fotografia', 'Sighseeing', 'Museo Conte', 'Museo Radio', 'Palazzo della Ragione']",San Zeno,strategy_nearest,False,0.0022001266479492188,success
042BAA3A9C4C81,3,"['Arena', 'Torre Lamberti']",Santa Anastasia,"['AMO', 'Museo Conte', 'Palazzo della Ragione', 'Teatro Romano', 'Centro Fotografia']",Duomo,strategy_nearest,False,0.002417325973510742,success
042BAD429C4C80,0,['San Zeno'],Castelvecchio,"['Museo Lapidario', 'Verona Tour', 'Arena', 'Museo Radio', 'Sighseeing']",Duomo,strategy_nearest,False,0.0033762454986572266,success
042BAF3A9C4C81,3,"['Arena', 'Castelvecchio', 'Castelvecchio']",Torre Lamberti,"['Sighseeing', 'Centro Fotografia', 'Museo Conte', 'Casa Giulietta', 'Palazzo della Ragione']",Casa Giulietta,strategy_nearest,True,0.0019609928131103516,success
042BB13A9C4C80,3,"['Arena', 'Casa Giulietta']",Tomba Giulietta,"['San Fermo', 'Museo Storia', 'Museo Lapidario', 'Museo Radio', 'Verona Tour']",Santa Anastasia,strategy_nearest,False,0.003328084945678711,success
042BB53A9C4C81,1,"['Arena', 'Casa Giulietta', 'Torre Lamberti']",Palazzo della Ragione,"['AMO', 'Museo Conte', 'Centro Fotografia', 'Sighseeing', 'Santa Anastasia']",Santa Anastasia,strategy_nearest,True,0.0030121803283691406,success
042BB93A9C4C81,0,['Arena'],Castelvecchio,"['Museo Lapidario', 'Verona Tour', 'Museo Radio', 'San Zeno', 'Sighseeing']",Torre Lamberti,strategy_nearest,False,0.003859996795654297,success
042BBA3A9C4C80,1,['Casa Giulietta'],Palazzo della Ragione,"['AMO', 'Museo Conte', 'Torre Lamberti', 'Centro Fotografia', 'Sighseeing']",Arena,strategy_nearest,False,0.001889944076538086,success
042BB9429C4C80,1,"['Arena', 'Palazzo della Ragione', 'Santa Anastasia']",Teatro Romano,"['Duomo', 'AMO', 'Museo Conte', 'Centro Fotografia', 'Museo Miniscalchi']",Torre Lamberti,strategy_nearest,False,0.0019969940185546875,success
042BC2429C4C80,1,"['Arena', 'Casa Giulietta']",Duomo,"['AMO', 'Museo Miniscalchi', 'Santa Anastasia', 'Teatro Romano', 'Palazzo della Ragione']",Palazzo della Ragione,strategy_nearest,True,0.001882791519165039,success
042BBB3A9C4C81,0,['Arena'],Castelvecchio,"['Museo Lapidario', 'Verona Tour', 'Museo Radio', 'San Zeno', 'Sighseeing']",Teatro Romano,strategy_nearest,False,0.0035982131958007812,success
042BC03A9C4C80,0,['Arena'],Casa Giulietta,"['Centro Fotografia', 'Sighseeing', 'Torre Lamberti', 'Museo Conte', 'Museo Radio']",San Fermo,strategy_nearest,False,0.0025370121002197266,success
042BC43A9C4C81,3,"['Arena', 'Castelvecchio', 'Torre Lamberti']",Casa Giulietta,"['Centro Fotografia', 'Sighseeing', 'Museo Conte', 'Museo Radio', 'Palazzo della Ragione']",Teatro Romano,strategy_nearest,False,0.002093076705932617,success
042BC8429C4C80,3,"['Arena', 'Torre Lamberti']",Santa Anastasia,"['AMO', 'Museo Conte', 'Palazzo della Ragione', 'Teatro Romano', 'Centro Fotografia']",Duomo,strategy_nearest,False,0.003136157989501953,success
042BC33A9C4C80,0,['Museo Lapidario'],Arena,"['Verona Tour', 'Museo Radio', 'San Fermo', 'Casa Giulietta', 'Sighseeing']",Casa Giulietta,strategy_nearest,True,0.003387928009033203,success
042BC63A9C4C81,3,"['Arena', 'San Fermo']",Casa Giulietta,"['Centro Fotografia', 'Sighseeing', 'Torre Lamberti', 'Museo Conte', 'Museo Radio']",Torre Lamberti,strategy_nearest,True,0.0025610923767089844,success
042BC93A9C4C80,2,['San Zeno'],Duomo,"['AMO', 'Museo Miniscalchi', 'Santa Anastasia', 'Teatro Romano', 'Palazzo della Ragione']",Santa Anastasia,strategy_nearest,True,0.0024650096893310547,success
042BCD3A9C4C80,3,['Casa Giulietta'],Santa Anastasia,"['AMO', 'Museo Conte', 'Palazzo della Ragione', 'Teatro Romano', 'Centro Fotografia']",Arena,strategy_nearest,False,0.002567291259765625,success
042BCC3A9C4C81,0,['San Zeno'],Arena,"['Verona Tour', 'Museo Lapidario', 'Museo Radio', 'San Fermo', 'Casa Giulietta']",Duomo,strategy_nearest,False,0.0019979476928710938,success
042BCD3A9C4C81,1,"['Torre Lamberti', 'Palazzo della Ragione', 'Santa Anastasia']",Teatro Romano,"['Duomo', 'AMO', 'Museo Conte', 'Centro Fotografia', 'Museo Miniscalchi']",Duomo,strategy_nearest,True,0.0036678314208984375,success
042BCE3A9C4C81,2,"['Casa Giulietta', 'Teatro Romano']",Palazzo della Ragione,"['AMO', 'Museo Conte', 'Torre Lamberti', 'Centro Fotografia', 'Sighseeing']",Torre Lamberti,strategy_nearest,True,0.003298044204711914,success
042BD0BA7B3F80,1,"['Arena', 'Torre Lamberti']",Palazzo della Ragione,"['AMO', 'Museo Conte', 'Centro Fotografia', 'Sighseeing', 'Santa Anastasia']",Castelvecchio,strategy_nearest,False,0.002542734146118164,success
042BD2429C4C80,1,"['Torre Lamberti', 'Palazzo della Ragione', 'Casa Giulietta', 'Santa Anastasia']",Arena,"['Verona Tour', 'Museo Lapidario', 'Museo Radio', 'San Fermo', 'Sighseeing']",San Fermo,strategy_nearest,True,0.003036022186279297,success
042BD23A9C4C80,0,"['Casa Giulietta', 'Torre Lamberti']",Arena,"['Verona Tour', 'Museo Lapidario', 'Museo Radio', 'San Fermo', 'Sighseeing']",Castelvecchio,strategy_nearest,False,0.0031151771545410156,success
042BD6BA7B3F80,1,"['Museo Lapidario', 'Arena']",Casa Giulietta,"['Centro Fotografia', 'Sighseeing', 'Torre Lamberti', 'Museo Conte', 'Museo Radio']",Castelvecchio,strategy_nearest,False,0.002977132797241211,success
042BD73A9C4C81,1,"['Duomo', 'Arena', 'Casa Giulietta']",Palazzo della Ragione,"['AMO', 'Museo Conte', 'Torre Lamberti', 'Centro Fotografia', 'Sighseeing']",Torre Lamberti,strategy_nearest,True,0.002640247344970703,success
042BDC3A9C4C81,2,"['Castelvecchio', 'Palazzo della Ragione']",Torre Lamberti,"['Sighseeing', 'Centro Fotografia', 'Museo Conte', 'Casa Giulietta', 'AMO']",Casa Giulietta,strategy_nearest,True,0.002772092819213867,success
042BDDBA7B3F80,1,"['Museo Lapidario', 'Arena']",Casa Giulietta,"['Centro Fotografia', 'Sighseeing', 'Torre Lamberti', 'Museo Conte', 'Museo Radio']",Castelvecchio,strategy_nearest,False,0.0025920867919921875,success
042BDF3A9C4C80,3,"['San Zeno', 'Torre Lamberti']",Santa Anastasia,"['AMO', 'Museo Conte', 'Palazzo della Ragione', 'Teatro Romano', 'Centro Fotografia']",San Fermo,strategy_nearest,False,0.002458810806274414,success
042BDD3A9C4C80,0,['Arena'],Casa Giulietta,"['Centro Fotografia', 'Sighseeing', 'Torre Lamberti', 'Museo Conte', 'Museo Radio']",Torre Lamberti,strategy_nearest,True,0.0040471553802490234,success
042BEF429C4C80,3,"['Arena', 'Duomo']",San Fermo,"['Museo Storia', 'Museo Radio', 'Casa Giulietta', 'Centro Fotografia', 'Sighseeing']",Castelvecchio,strategy_nearest,False,0.0033180713653564453,success
042BF03A9C4C80,3,"['Arena', 'San Fermo']",Santa Anastasia,"['AMO', 'Museo Conte', 'Palazzo della Ragione', 'Teatro Romano', 'Centro Fotografia']",Duomo,strategy_nearest,False,0.004263162612915039,success
042C52429C4C80,0,['Arena'],Casa Giulietta,"['Centro Fotografia', 'Sighseeing', 'Torre Lamberti', 'Museo Conte', 'Museo Radio']",Castelvecchio,strategy_nearest,False,0.0026209354400634766,success
042C3D3A9C4C80,3,"['Arena', 'Casa Giulietta']",Torre Lamberti,"['Sighseeing', 'Centro Fotografia', 'Museo Conte', 'Palazzo della Ragione', 'AMO']",Santa Anastasia,strategy_nearest,False,0.002174854278564453,success
042C553A9C4C80,2,"['Casa Giulietta', 'Torre Lamberti']",Santa Anastasia,"['AMO', 'Museo Conte', 'Palazzo della Ragione', 'Teatro Romano', 'Centro Fotografia']",Duomo,strategy_nearest,False,0.0027751922607421875,success
042C713A9C4C80,0,['Arena'],Casa Giulietta,"['Centro Fotografia', 'Sighseeing', 'Torre Lamberti', 'Museo Conte', 'Museo Radio']",Tomba Giulietta,strategy_nearest,False,0.002384185791015625,success
042C71429C4C80,1,['Arena'],Santa Anastasia,"['AMO', 'Museo Conte', 'Palazzo della Ragione', 'Teatro Romano', 'Centro Fotografia']",Casa Giulietta,strategy_nearest,False,0.002768278121948242,success
042C573A9C4C80,1,"['Tomba Giulietta', 'Arena']",Casa Giulietta,"['Centro Fotografia', 'Sighseeing', 'Torre Lamberti', 'Museo Conte', 'Museo Radio']",Torre Lamberti,strategy_nearest,True,0.0037870407104492188,success
042C723A9C4C81,3,"['Arena', 'Torre Lamberti', 'Casa Giulietta']",Santa Anastasia,"['AMO', 'Museo Conte', 'Palazzo della Ragione', 'Teatro Romano', 'Centro Fotografia']",Teatro Romano,strategy_nearest,True,0.0016851425170898438,success
042C71429C4C81,0,"['Arena', 'Casa Giulietta']",San Zeno,"['Castelvecchio', 'Verona Tour', 'Museo Lapidario', 'Museo Miniscalchi', 'Sighseeing']",Torre Lamberti,strategy_nearest,False,0.0030219554901123047,success
042C763A9C4C81,0,['Arena'],Casa Giulietta,"['Centro Fotografia', 'Sighseeing', 'Torre Lamberti', 'Museo Conte', 'Museo Radio']",Torre Lamberti,strategy_nearest,True,0.002956867218017578,success
042C77429C4C80,3,['Arena'],Torre Lamberti,"['Sighseeing', 'Centro Fotografia', 'Museo Conte', 'Casa Giulietta', 'Palazzo della Ragione']",Casa Giulietta,strategy_nearest,True,0.0033049583435058594,success
042C783A9C4C81,1,"['Arena', 'Palazzo della Ragione']",Torre Lamberti,"['Sighseeing', 'Centro Fotografia', 'Museo Conte', 'Casa Giulietta', 'AMO']",Teatro Romano,strategy_nearest,False,0.0019681453704833984,success
042C79429C4C80,2,"['Casa Giulietta', 'Torre Lamberti']",Santa Anastasia,"['AMO', 'Museo Conte', 'Palazzo della Ragione', 'Teatro Romano', 'Centro Fotografia']",Teatro Romano,strategy_nearest,True,0.0029561519622802734,success
042C794A9C4C80,3,"['Arena', 'Casa Giulietta']",Santa Anastasia,"['AMO', 'Museo Conte', 'Palazzo della Ragione', 'Teatro Romano', 'Centro Fotografia']",Duomo,strategy_nearest,False,0.002315044403076172,success
042C83429C4C80,0,"['Arena', 'Casa Giulietta']",Torre Lamberti,"['Sighseeing', 'Centro Fotografia', 'Museo Conte', 'Palazzo della Ragione', 'AMO']",Tomba Giulietta,strategy_nearest,False,0.0020601749420166016,success
042C7A429C4C81,3,"['Torre Lamberti', 'Santa Anastasia']",Teatro Romano,"['Duomo', 'AMO', 'Palazzo della Ragione', 'Museo Conte', 'Centro Fotografia']",Duomo,strategy_nearest,True,0.0028209686279296875,success
042C863A9C4C81,3,"['Arena', 'Castelvecchio']",Duomo,"['AMO', 'Museo Miniscalchi', 'Santa Anastasia', 'Teatro Romano', 'Palazzo della Ragione']",Casa Giulietta,strategy_nearest,False,0.0025539398193359375,success
042C843A9C4C81,3,"['Arena', 'Casa Giulietta']",Torre Lamberti,"['Sighseeing', 'Centro Fotografia', 'Museo Conte', 'Palazzo della Ragione', 'AMO']",Duomo,strategy_nearest,False,0.0032629966735839844,success
042C87429C4C80,1,"['Arena', 'Torre Lamberti']",Palazzo della Ragione,"['AMO', 'Museo Conte', 'Centro Fotografia', 'Sighseeing', 'Santa Anastasia']",Santa Anastasia,strategy_nearest,True,0.0013589859008789062,success
042C8C3A9C4C81,2,['San Zeno'],Duomo,"['AMO', 'Museo Miniscalchi', 'Santa Anastasia', 'Teatro Romano', 'Palazzo della Ragione']",Santa Anastasia,strategy_nearest,True,0.0024192333221435547,success
042C874A9C4C81,1,"['Arena', 'Casa Giulietta', 'Santa Anastasia']",Duomo,"['AMO', 'Museo Miniscalchi', 'Teatro Romano', 'Palazzo della Ragione', 'Museo Conte']",Torre Lamberti,strategy_nearest,False,0.003453969955444336,success
042C8D3A9C4C81,0,"['Arena', 'San Fermo']",Casa Giulietta,"['Centro Fotografia', 'Sighseeing', 'Torre Lamberti', 'Museo Conte', 'Museo Radio']",Torre Lamberti,strategy_nearest,True,0.002991914749145508,success
042C90429C4C81,3,"['Arena', 'Casa Giulietta', 'San Fermo']",Castelvecchio,"['Museo Lapidario', 'Verona Tour', 'Museo Radio', 'San Zeno', 'Sighseeing']",San Zeno,strategy_nearest,True,0.0023839473724365234,success
042C8F4A9C4C81,0,"['Castelvecchio', 'Teatro Romano']",Casa Giulietta,"['Centro Fotografia', 'Sighseeing', 'Torre Lamberti', 'Museo Conte', 'Museo Radio']",Arena,strategy_nearest,False,0.003200054168701172,success
042C97429C4C81,3,"['Torre Lamberti', 'Casa Giulietta']",Arena,"['Verona Tour', 'Museo Lapidario', 'Museo Radio', 'San Fermo', 'Sighseeing']",Castelvecchio,strategy_nearest,False,0.0035431385040283203,success
042C9A429C4C81,1,['Torre Lamberti'],Palazzo della Ragione,"['AMO', 'Museo Conte', 'Centro Fotografia', 'Sighseeing', 'Santa Anastasia']",Teatro Romano,strategy_nearest,False,0.002620220184326172,success
042CA0429C4C80,2,"['Casa Giulietta', 'Torre Lamberti']",Teatro Romano,"['Santa Anastasia', 'Duomo', 'AMO', 'Palazzo della Ragione', 'Museo Conte']",Duomo,strategy_nearest,True,0.0022399425506591797,success
042CA0429C4C81,0,['Arena'],Casa Giulietta,"['Centro Fotografia', 'Sighseeing', 'Torre Lamberti', 'Museo Conte', 'Museo Radio']",Castelvecchio,strategy_nearest,False,0.0030989646911621094,success
042CA24A9C4C80,3,"['Arena', 'Castelvecchio', 'Casa Giulietta']",Santa Anastasia,"['AMO', 'Museo Conte', 'Palazzo della Ragione', 'Teatro Romano', 'Centro Fotografia']",Duomo,strategy_nearest,False,0.002902984619140625,success
042CA3429C4C81,3,"['Arena', 'Torre Lamberti']",Casa Giulietta,"['Centro Fotografia', 'Sighseeing', 'Museo Conte', 'Museo Radio', 'Palazzo della Ragione']",San Fermo,strategy_nearest,False,0.003325223922729492,success
042CA6429C4C81,3,"['Arena', 'Casa Giulietta']",Santa Anastasia,"['AMO', 'Museo Conte', 'Palazzo della Ragione', 'Teatro Romano', 'Centro Fotografia']",Torre Lamberti,strategy_nearest,False,0.002747058868408203,success
042CA83A9C4C80,3,"['Castelvecchio', 'Torre Lamberti', 'Casa Giulietta']",Santa Anastasia,"['AMO', 'Museo Conte', 'Palazzo della Ragione', 'Teatro Romano', 'Centro Fotografia']",Teatro Romano,strategy_nearest,True,0.001519918441772461,success
042CA93A9C4C81,3,"['Casa Giulietta', 'Torre Lamberti']",Santa Anastasia,"['AMO', 'Museo Conte', 'Palazzo della Ragione', 'Teatro Romano', 'Centro Fotografia']",Arena,strategy_nearest,False,0.0026350021362304688,success
042CA83A9C4C81,3,"['Duomo', 'Teatro Romano']",Santa Anastasia,"['AMO', 'Museo Conte', 'Palazzo della Ragione', 'Centro Fotografia', 'Torre Lamberti']",Torre Lamberti,strategy_nearest,True,0.0038661956787109375,success
042CAB429C4C80,2,"['Castelvecchio', 'Torre Lamberti']",Palazzo della Ragione,"['AMO', 'Museo Conte', 'Centro Fotografia', 'Sighseeing', 'Santa Anastasia']",Casa Giulietta,strategy_nearest,False,0.0022478103637695312,success
042CAC3A9C4C81,3,"['Santa Anastasia', 'Duomo', 'Torre Lamberti', 'Arena']",Tomba Giulietta,"['San Fermo', 'Museo Storia', 'Museo Lapidario', 'Museo Radio', 'Verona Tour']",Casa Giulietta,strategy_nearest,False,0.0032150745391845703,success
042CAE3A9C4C81,1,"['Torre Lamberti', 'Palazzo della Ragione', 'Santa Anastasia']",Duomo,"['AMO', 'Museo Miniscalchi', 'Teatro Romano', 'Museo Conte', 'Centro Fotografia']",Casa Giulietta,strategy_nearest,False,0.002579927444458008,success
042CB0429C4C80,1,"['Arena', 'Palazzo della Ragione']",Tomba Giulietta,"['San Fermo', 'Museo Storia', 'Museo Lapidario', 'Museo Radio', 'Verona Tour']",Castelvecchio,strategy_nearest,False,0.0017549991607666016,success
042CB1429C4C81,0,['Arena'],Castelvecchio,"['Museo Lapidario', 'Verona Tour', 'Museo Radio', 'San Zeno', 'Sighseeing']",Teatro Romano,strategy_nearest,False,0.003606081008911133,success
042CB8429C4C81,0,['Arena'],Casa Giulietta,"['Centro Fotografia', 'Sighseeing', 'Torre Lamberti', 'Museo Conte', 'Museo Radio']",Duomo,strategy_nearest,False,0.0022552013397216797,success
042CBB3A9C4C81,2,"['Castelvecchio', 'Tomba Giulietta']",Casa Giulietta,"['Centro Fotografia', 'Sighseeing', 'Torre Lamberti', 'Museo Conte', 'Museo Radio']",Torre Lamberti,strategy_nearest,True,0.0031087398529052734,success
042CB73A9C4C80,3,"['Arena', 'Museo Lapidario', 'Casa Giulietta']",Torre Lamberti,"['Sighseeing', 'Centro Fotografia', 'Museo Conte', 'Palazzo della Ragione', 'AMO']",Santa Anastasia,strategy_nearest,False,0.001734018325805664,success
042CC13A9C4C80,0,['Arena'],Casa Giulietta,"['Centro Fotografia', 'Sighseeing', 'Torre Lamberti', 'Museo Conte', 'Museo Radio']",San Fermo,strategy_nearest,False,0.003675699234008789,success
042CD13A9C4C81,3,"['Castelvecchio', 'Casa Giulietta', 'Duomo']",Arena,"['Verona Tour', 'Museo Lapidario', 'Museo Radio', 'San Fermo', 'Sighseeing']",Giardino Giusti,strategy_nearest,False,0.0024139881134033203,success
042CC43A9C4C81,1,['Arena'],Santa Anastasia,"['AMO', 'Museo Conte', 'Palazzo della Ragione', 'Teatro Romano', 'Centro Fotografia']",Casa Giulietta,strategy_nearest,False,0.0018048286437988281,success
042CC33A9C4C81,0,['Arena'],Casa Giulietta,"['Centro Fotografia', 'Sighseeing', 'Torre Lamberti', 'Museo Conte', 'Museo Radio']",Santa Anastasia,strategy_nearest,False,0.0031859874725341797,success
042CD53A9C4C80,3,"['Duomo', 'Teatro Romano']",San Fermo,"['Museo Storia', 'Museo Radio', 'Casa Giulietta', 'Centro Fotografia', 'Arena']",Arena,strategy_nearest,True,0.0034589767456054688,success
042CD9429C4C80,3,"['Tomba Giulietta', 'Arena', 'San Zeno', 'Castelvecchio']",Torre Lamberti,"['Sighseeing', 'Centro Fotografia', 'Museo Conte', 'Casa Giulietta', 'Palazzo della Ragione']",San Fermo,strategy_nearest,False,0.0014560222625732422,success
042CDA429C4C80,3,"['Castelvecchio', 'Arena', 'Santa Anastasia']",Duomo,"['AMO', 'Museo Miniscalchi', 'Teatro Romano', 'Palazzo della Ragione', 'Museo Conte']",Torre Lamberti,strategy_nearest,False,0.002547025680541992,success
042CD93A9C4C81,0,['Castelvecchio'],Torre Lamberti,"['Sighseeing', 'Centro Fotografia', 'Museo Conte', 'Casa Giulietta', 'Palazzo della Ragione']",Arena,strategy_nearest,False,0.0025892257690429688,success
042CE2429C4C80,3,"['Teatro Romano', 'Casa Giulietta', 'Torre Lamberti', 'Arena']",Tomba Giulietta,"['San Fermo', 'Museo Storia', 'Museo Lapidario', 'Museo Radio', 'Verona Tour']",Duomo,strategy_nearest,False,0.0031948089599609375,success
042D3B429C4C80,0,"['Arena', 'Casa Giulietta']",Torre Lamberti,"['Sighseeing', 'Centro Fotografia', 'Museo Conte', 'Palazzo della Ragione', 'AMO']",Castelvecchio,strategy_nearest,False,0.0017299652099609375,success
042D54429C4C80,1,"['Arena', 'Torre Lamberti', 'Palazzo della Ragione', 'Castelvecchio']",Tomba Giulietta,"['San Fermo', 'Museo Storia', 'Museo Lapidario', 'Museo Radio', 'Verona Tour']",Museo Storia,strategy_nearest,True,0.0033349990844726562,success
042D5F3A9C4C81,0,['Arena'],Castelvecchio,"['Museo Lapidario', 'Verona Tour', 'Museo Radio', 'San Zeno', 'Sighseeing']",Torre Lamberti,strategy_nearest,False,0.003923177719116211,success
042D613A9C4C81,1,"['Arena', 'Torre Lamberti', 'Palazzo della Ragione']",Teatro Romano,"['Santa Anastasia', 'Duomo', 'AMO', 'Museo Conte', 'Centro Fotografia']",Santa Anastasia,strategy_nearest,True,0.003551006317138672,success
042D673A9C4C80,3,"['Torre Lamberti', 'Casa Giulietta', 'Santa Anastasia', 'Duomo', 'Teatro Romano']",Arena,"['Verona Tour', 'Museo Lapidario', 'Museo Radio', 'San Fermo', 'Sighseeing']",San Fermo,strategy_nearest,True,0.0035109519958496094,success
042D6B3A9C4C81,1,"['Arena', 'Torre Lamberti', 'Casa Giulietta']",Castelvecchio,"['Museo Lapidario', 'Verona Tour', 'Museo Radio', 'San Zeno', 'Sighseeing']",Duomo,strategy_nearest,False,0.004246950149536133,success
042D763A9C4C81,1,"['Museo Lapidario', 'Arena', 'Santa Anastasia']",Duomo,"['AMO', 'Museo Miniscalchi', 'Teatro Romano', 'Palazzo della Ragione', 'Museo Conte']",Casa Giulietta,strategy_nearest,False,0.002686023712158203,success
042D76429C4C81,1,['Arena'],Palazzo della Ragione,"['AMO', 'Museo Conte', 'Torre Lamberti', 'Centro Fotografia', 'Sighseeing']",Santa Anastasia,strategy_nearest,False,0.002786874771118164,success
042D794A9C4C80,3,"['Arena', 'Torre Lamberti']",Casa Giulietta,"['Centro Fotografia', 'Sighseeing', 'Museo Conte', 'Museo Radio', 'Palazzo della Ragione']",Santa Anastasia,strategy_nearest,False,0.0013587474822998047,success
042D7A4A9C4C81,3,"['Duomo', 'Santa Anastasia']",Casa Giulietta,"['Centro Fotografia', 'Sighseeing', 'Torre Lamberti', 'Museo Conte', 'Museo Radio']",Arena,strategy_nearest,False,0.0024178028106689453,success
042D79429C4C80,1,"['Arena', 'Casa Giulietta', 'Torre Lamberti']",Palazzo della Ragione,"['AMO', 'Museo Conte', 'Centro Fotografia', 'Sighseeing', 'Santa Anastasia']",Santa Anastasia,strategy_nearest,True,0.003945112228393555,success
042D793A9C4C81,3,"['Museo Lapidario', 'Arena', 'Castelvecchio']",Casa Giulietta,"['Centro Fotografia', 'Sighseeing', 'Torre Lamberti', 'Museo Conte', 'Museo Radio']",Santa Anastasia,strategy_nearest,False,0.007231950759887695,success
042D7B3A9C4C80,0,['Arena'],Castelvecchio,"['Museo Lapidario', 'Verona Tour', 'Museo Radio', 'San Zeno', 'Sighseeing']",San Zeno,strategy_nearest,True,0.003134012222290039,success
042D7E3A9C4C80,3,"['Arena', 'Castelvecchio']",Duomo,"['AMO', 'Museo Miniscalchi', 'Santa Anastasia', 'Teatro Romano', 'Palazzo della Ragione']",Casa Giulietta,strategy_nearest,False,0.0037479400634765625,success
042D873A9C4C81,1,"['Arena', 'Casa Giulietta']",Palazzo della Ragione,"['AMO', 'Museo Conte', 'Torre Lamberti', 'Centro Fotografia', 'Sighseeing']",Torre Lamberti,strategy_nearest,True,0.0019779205322265625,success
042D883A9C4C80,3,"['Arena', 'Castelvecchio']",Casa Giulietta,"['Centro Fotografia', 'Sighseeing', 'Torre Lamberti', 'Museo Conte', 'Museo Radio']",Santa Anastasia,strategy_nearest,False,0.0025758743286132812,success
042D814A9C4C80,0,"['Casa Giulietta', 'Arena']",Museo Lapidario,"['Verona Tour', 'Castelvecchio', 'Museo Radio', 'San Fermo', 'Tomba Giulietta']",Castelvecchio,strategy_nearest,True,0.003153085708618164,success
042D8A3A9C4C81,0,"['Arena', 'Casa Giulietta']",Torre Lamberti,"['Sighseeing', 'Centro Fotografia', 'Museo Conte', 'Palazzo della Ragione', 'AMO']",Giardino Giusti,strategy_nearest,False,0.0033278465270996094,success
042D8E3A9C4C81,1,"['Arena', 'Casa Giulietta', 'Torre Lamberti']",Palazzo della Ragione,"['AMO', 'Museo Conte', 'Centro Fotografia', 'Sighseeing', 'Santa Anastasia']",Santa Anastasia,strategy_nearest,True,0.0036530494689941406,success
042D8ABA7B3F80,3,"['San Zeno', 'Castelvecchio', 'Santa Anastasia', 'San Fermo']",Tomba Giulietta,"['Museo Storia', 'Arena', 'Museo Lapidario', 'Museo Radio', 'Verona Tour']",Duomo,strategy_nearest,False,0.0024499893188476562,success
042D944A9C4C81,1,"['Arena', 'Casa Giulietta']",Torre Lamberti,"['Sighseeing', 'Centro Fotografia', 'Museo Conte', 'Palazzo della Ragione', 'AMO']",Palazzo della Ragione,strategy_nearest,True,0.002408266067504883,success
042D974A9C4C80,3,['Torre Lamberti'],Santa Anastasia,"['AMO', 'Museo Conte', 'Palazzo della Ragione', 'Teatro Romano', 'Centro Fotografia']",Duomo,strategy_nearest,False,0.0036149024963378906,success
042DA0429C4C80,1,"['Arena', 'Museo Lapidario', 'Torre Lamberti']",Duomo,"['AMO', 'Museo Miniscalchi', 'Santa Anastasia', 'Teatro Romano', 'Palazzo della Ragione']",Casa Giulietta,strategy_nearest,False,0.0019969940185546875,success
042D98429C4C81,3,"['Santa Anastasia', 'San Fermo']",Castelvecchio,"['Museo Lapidario', 'Verona Tour', 'Arena', 'Museo Radio', 'San Zeno']",Arena,strategy_nearest,True,0.0029649734497070312,success
042DA0429C4C81,2,['Casa Giulietta'],Santa Anastasia,"['AMO', 'Museo Conte', 'Palazzo della Ragione', 'Teatro Romano', 'Centro Fotografia']",Duomo,strategy_nearest,False,0.003951072692871094,success
042DA64A9C4C80,3,['Arena'],Duomo,"['AMO', 'Museo Miniscalchi', 'Santa Anastasia', 'Teatro Romano', 'Palazzo della Ragione']",Santa Anastasia,strategy_nearest,True,0.002173185348510742,success
042DA04A9C4C80,1,['Torre Lamberti'],Palazzo della Ragione,"['AMO', 'Museo Conte', 'Centro Fotografia', 'Sighseeing', 'Santa Anastasia']",Casa Giulietta,strategy_nearest,False,0.002927064895629883,success
042DAB429C4C81,0,['San Zeno'],Castelvecchio,"['Museo Lapidario', 'Verona Tour', 'Arena', 'Museo Radio', 'Sighseeing']",Arena,strategy_nearest,True,0.0031049251556396484,success
042DA94A9C4C81,2,['Torre Lamberti'],Casa Giulietta,"['Centro Fotografia', 'Sighseeing', 'Museo Conte', 'Museo Radio', 'Palazzo della Ragione']",San Fermo,strategy_nearest,False,0.002511739730834961,success
042DA9429C4C81,0,['Casa Giulietta'],Arena,"['Verona Tour', 'Museo Lapidario', 'Museo Radio', 'San Fermo', 'Sighseeing']",Torre Lamberti,strategy_nearest,False,0.004086732864379883,success
042DA872743380,3,"['Museo Storia', 'Arena', 'Torre Lamberti']",Teatro Romano,"['Santa Anastasia', 'Duomo', 'AMO', 'Palazzo della Ragione', 'Museo Conte']",Castelvecchio,strategy_nearest,False,0.006238222122192383,success
042DAC3A9C4C80,3,"['Torre Lamberti', 'Casa Giulietta', 'Arena']",Santa Anastasia,"['AMO', 'Museo Conte', 'Palazzo della Ragione', 'Teatro Romano', 'Centro Fotografia']",Duomo,strategy_nearest,False,0.0017142295837402344,success
042DAB4A9C4C80,0,['Castelvecchio'],Arena,"['Verona Tour', 'Museo Lapidario', 'Museo Radio', 'San Fermo', 'Casa Giulietta']",Casa Giulietta,strategy_nearest,True,0.0024569034576416016,success
042DAEBA7B3F80,0,['Arena'],Torre Lamberti,"['Sighseeing', 'Centro Fotografia', 'Museo Conte', 'Casa Giulietta', 'Palazzo della Ragione']",Castelvecchio,strategy_nearest,False,0.004354000091552734,success
042DB0429C4C81,4,"['Arena', 'San Fermo', 'Casa Giulietta', 'Torre Lamberti']",Palazzo della Ragione,"['AMO', 'Museo Conte', 'Centro Fotografia', 'Sighseeing', 'Santa Anastasia']",Tomba Giulietta,strategy_nearest,False,0.0025491714477539062,success
042DB0429C4C80,3,['Arena'],Casa Giulietta,"['Centro Fotografia', 'Sighseeing', 'Torre Lamberti', 'Museo Conte', 'Museo Radio']",Santa Anastasia,strategy_nearest,False,0.0027780532836914062,success
042DB3429C4C80,4,"['Arena', 'San Fermo', 'Casa Giulietta']",Torre Lamberti,"['Sighseeing', 'Centro Fotografia', 'Museo Conte', 'Palazzo della Ragione', 'AMO']",Palazzo della Ragione,strategy_nearest,True,0.0020380020141601562,success
042DB2429C4C80,1,"['Castelvecchio', 'Torre Lamberti', 'Palazzo della Ragione']",Arena,"['Verona Tour', 'Museo Lapidario', 'Museo Radio', 'San Fermo', 'Casa Giulietta']",San Zeno,strategy_nearest,False,0.002876758575439453,success
042DB6429C4C80,1,"['Castelvecchio', 'Arena', 'Torre Lamberti']",Palazzo della Ragione,"['AMO', 'Museo Conte', 'Centro Fotografia', 'Sighseeing', 'Santa Anastasia']",Duomo,strategy_nearest,False,0.0026788711547851562,success
042DB73A9C4C80,3,"['San Fermo', 'Casa Giulietta']",Torre Lamberti,"['Sighseeing', 'Centro Fotografia', 'Museo Conte', 'Palazzo della Ragione', 'AMO']",Duomo,strategy_nearest,False,0.003204822540283203,success
042DB8429C4C81,3,"['Castelvecchio', 'San Zeno']",Teatro Romano,"['Santa Anastasia', 'Duomo', 'AMO', 'Palazzo della Ragione', 'Museo Conte']",Duomo,strategy_nearest,True,0.0028591156005859375,success
042DBA3A9C4C80,0,['Arena'],Castelvecchio,"['Museo Lapidario', 'Verona Tour', 'Museo Radio', 'San Zeno', 'Sighseeing']",Torre Lamberti,strategy_nearest,False,0.0032529830932617188,success
042DB9429C4C80,0,['Arena'],Torre Lamberti,"['Sighseeing', 'Centro Fotografia', 'Museo Conte', 'Casa Giulietta', 'Palazzo della Ragione']",Casa Giulietta,strategy_nearest,True,0.0026509761810302734,success
042DBFBA7B3F80,0,['Arena'],Torre Lamberti,"['Sighseeing', 'Centro Fotografia', 'Museo Conte', 'Casa Giulietta', 'Palazzo della Ragione']",Castelvecchio,strategy_nearest,False,0.0029129981994628906,success
042DBA3A9C4C81,3,"['Arena', 'Casa Giulietta']",Santa Anastasia,"['AMO', 'Museo Conte', 'Palazzo della Ragione', 'Teatro Romano', 'Centro Fotografia']",Duomo,strategy_nearest,False,0.0022170543670654297,success
042DBF429C4C81,0,['Arena'],Casa Giulietta,"['Centro Fotografia', 'Sighseeing', 'Torre Lamberti', 'Museo Conte', 'Museo Radio']",Torre Lamberti,strategy_nearest,True,0.0015110969543457031,success
042DC03A9C4C81,0,"['Torre Lamberti', 'Casa Giulietta', 'Castelvecchio']",Teatro Romano,"['Santa Anastasia', 'Duomo', 'AMO', 'Palazzo della Ragione', 'Museo Conte']",Arena,strategy_nearest,False,0.003526926040649414,success
042DC23A9C4C80,0,['Museo Lapidario'],Arena,"['Verona Tour', 'Museo Radio', 'San Fermo', 'Casa Giulietta', 'Sighseeing']",Casa Giulietta,strategy_nearest,True,0.0019769668579101562,success
042DC93A9C4C80,0,['Arena'],Casa Giulietta,"['Centro Fotografia', 'Sighseeing', 'Torre Lamberti', 'Museo Conte', 'Museo Radio']",Torre Lamberti,strategy_nearest,True,0.0024509429931640625,success
042DC2429C4C81,3,"['Torre Lamberti', 'Santa Anastasia']",Casa Giulietta,"['Centro Fotografia', 'Sighseeing', 'Museo Conte', 'Museo Radio', 'Palazzo della Ragione']",Arena,strategy_nearest,False,0.002766132354736328,success
042DC33A9C4C81,0,['Arena'],Museo Lapidario,"['Verona Tour', 'Castelvecchio', 'Museo Radio', 'San Fermo', 'Casa Giulietta']",Torre Lamberti,strategy_nearest,False,0.003475189208984375,success
042DCA3A9C4C80,0,"['Arena', 'Teatro Romano']",Casa Giulietta,"['Centro Fotografia', 'Sighseeing', 'Torre Lamberti', 'Museo Conte', 'Museo Radio']",San Fermo,strategy_nearest,False,0.0017688274383544922,success
042DD23A9C4C80,0,['Arena'],Tomba Giulietta,"['San Fermo', 'Museo Storia', 'Museo Lapidario', 'Museo Radio', 'Verona Tour']",San Fermo,strategy_nearest,True,0.002624988555908203,success
042DD5429C4C81,1,"['Castelvecchio', 'Arena']",Torre Lamberti,"['Sighseeing', 'Centro Fotografia', 'Museo Conte', 'Casa Giulietta', 'Palazzo della Ragione']",Palazzo della Ragione,strategy_nearest,True,0.0025758743286132812,success
042DF63A9C4C80,0,['Casa Giulietta'],Santa Anastasia,"['AMO', 'Museo Conte', 'Palazzo della Ragione', 'Teatro Romano', 'Centro Fotografia']",Arena,strategy_nearest,False,0.0018618106842041016,success
042DDF3A9C4C80,0,"['Castelvecchio', 'Arena']",Tomba Giulietta,"['San Fermo', 'Museo Storia', 'Museo Lapidario', 'Museo Radio', 'Verona Tour']",Casa Giulietta,strategy_nearest,False,0.002444028854370117,success
042DE23A9C4C80,2,['Casa Giulietta'],Castelvecchio,"['Museo Lapidario', 'Verona Tour', 'Arena', 'Museo Radio', 'San Zeno']",Torre Lamberti,strategy_nearest,False,0.0033562183380126953,success
042DE93A9C4C80,0,['Arena'],Casa Giulietta,"['Centro Fotografia', 'Sighseeing', 'Torre Lamberti', 'Museo Conte', 'Museo Radio']",Santa Anastasia,strategy_nearest,False,0.0027480125427246094,success
042E40429C4C80,3,"['Arena', 'Torre Lamberti', 'Tomba Giulietta']",Museo Storia,"['San Fermo', 'Museo Radio', 'Casa Giulietta', 'Centro Fotografia', 'Sighseeing']",Teatro Romano,strategy_nearest,False,0.0022399425506591797,success
042E58429C4C80,1,['Arena'],Castelvecchio,"['Museo Lapidario', 'Verona Tour', 'Museo Radio', 'San Zeno', 'Sighseeing']",Palazzo della Ragione,strategy_nearest,False,0.0028581619262695312,success
042E593A9C4C80,3,"['Teatro Romano', 'Duomo']",Santa Anastasia,"['AMO', 'Museo Conte', 'Palazzo della Ragione', 'Centro Fotografia', 'Torre Lamberti']",Torre Lamberti,strategy_nearest,True,0.0019669532775878906,success
042E70429C4C81,2,"['Casa Giulietta', 'Santa Anastasia']",Palazzo della Ragione,"['AMO', 'Museo Conte', 'Torre Lamberti', 'Centro Fotografia', 'Sighseeing']",Castelvecchio,strategy_nearest,False,0.002379894256591797,success
042E6C429C4C81,0,['Arena'],San Zeno,"['Castelvecchio', 'Verona Tour', 'Museo Lapidario', 'Museo Miniscalchi', 'Sighseeing']",Castelvecchio,strategy_nearest,True,0.0031669139862060547,success
042E723A9C4C80,0,['Arena'],Casa Giulietta,"['Centro Fotografia', 'Sighseeing', 'Torre Lamberti', 'Museo Conte', 'Museo Radio']",Torre Lamberti,strategy_nearest,True,0.0027513504028320312,success
042E71429C4C81,0,['Arena'],Castelvecchio,"['Museo Lapidario', 'Verona Tour', 'Museo Radio', 'San Zeno', 'Sighseeing']",Duomo,strategy_nearest,False,0.002619028091430664,success
042E73429C4C80,0,['Arena'],Casa Giulietta,"['Centro Fotografia', 'Sighseeing', 'Torre Lamberti', 'Museo Conte', 'Museo Radio']",Castelvecchio,strategy_nearest,False,0.0025048255920410156,success
042E723A9C4C81,0,['Arena'],Castelvecchio,"['Museo Lapidario', 'Verona Tour', 'Museo Radio', 'San Zeno', 'Sighseeing']",Tomba Giulietta,strategy_nearest,False,0.003240823745727539,success
042E753A9C4C81,0,['Arena'],Casa Giulietta,"['Centro Fotografia', 'Sighseeing', 'Torre Lamberti', 'Museo Conte', 'Museo Radio']",Torre Lamberti,strategy_nearest,True,0.0026090145111083984,success
042E75429C4C81,0,"['Arena', 'Torre Lamberti']",Casa Giulietta,"['Centro Fotografia', 'Sighseeing', 'Museo Conte', 'Museo Radio', 'Palazzo della Ragione']",Teatro Romano,strategy_nearest,False,0.0025260448455810547,success
042E773A9C4C80,0,['Arena'],Torre Lamberti,"['Sighseeing', 'Centro Fotografia', 'Museo Conte', 'Casa Giulietta', 'Palazzo della Ragione']",Giardino Giusti,strategy_nearest,False,0.0024840831756591797,success
042E7E3A9C4C80,1,['Arena'],Casa Giulietta,"['Centro Fotografia', 'Sighseeing', 'Torre Lamberti', 'Museo Conte', 'Museo Radio']",Torre Lamberti,strategy_nearest,True,0.003245115280151367,success
042E814A9C4C80,3,"['Arena', 'Casa Giulietta']",Santa Anastasia,"['AMO', 'Museo Conte', 'Palazzo della Ragione', 'Teatro Romano', 'Centro Fotografia']",Duomo,strategy_nearest,False,0.003253936767578125,success
042E793A9C4C80,3,['Arena'],Santa Anastasia,"['AMO', 'Museo Conte', 'Palazzo della Ragione', 'Teatro Romano', 'Centro Fotografia']",Duomo,strategy_nearest,False,0.0033020973205566406,success
042E83429C4C81,1,"['Arena', 'Torre Lamberti']",Palazzo della Ragione,"['AMO', 'Museo Conte', 'Centro Fotografia', 'Sighseeing', 'Santa Anastasia']",Casa Giulietta,strategy_nearest,False,0.002907276153564453,success
042E863A9C4C80,0,['Arena'],Casa Giulietta,"['Centro Fotografia', 'Sighseeing', 'Torre Lamberti', 'Museo Conte', 'Museo Radio']",Santa Anastasia,strategy_nearest,False,0.0032701492309570312,success
042E894A9C4C80,1,['Castelvecchio'],Arena,"['Verona Tour', 'Museo Lapidario', 'Museo Radio', 'San Fermo', 'Casa Giulietta']",Palazzo della Ragione,strategy_nearest,False,0.0024566650390625,success
042E844A9C4C81,1,"['Arena', 'Casa Giulietta', 'Torre Lamberti']",Palazzo della Ragione,"['AMO', 'Museo Conte', 'Centro Fotografia', 'Sighseeing', 'Santa Anastasia']",Duomo,strategy_nearest,False,0.002722024917602539,success
042E834A9C4C81,2,['Casa Giulietta'],Palazzo della Ragione,"['AMO', 'Museo Conte', 'Torre Lamberti', 'Centro Fotografia', 'Sighseeing']",Torre Lamberti,strategy_nearest,True,0.0025992393493652344,success
042E8F3A9C4C80,1,"['Arena', 'Museo Lapidario', 'Casa Giulietta']",Torre Lamberti,"['Sighseeing', 'Centro Fotografia', 'Museo Conte', 'Palazzo della Ragione', 'AMO']",Palazzo della Ragione,strategy_nearest,True,0.002022981643676758,success
042E8C3A9C4C81,3,"['Duomo', 'Castelvecchio']",Arena,"['Verona Tour', 'Museo Lapidario', 'Museo Radio', 'San Fermo', 'Casa Giulietta']",Torre Lamberti,strategy_nearest,False,0.003236055374145508,success
042E8B3A9C4C80,0,['Arena'],Casa Giulietta,"['Centro Fotografia', 'Sighseeing', 'Torre Lamberti', 'Museo Conte', 'Museo Radio']",Castelvecchio,strategy_nearest,False,0.001149892807006836,success
042E8C3A9C4C80,0,['Arena'],Castelvecchio,"['Museo Lapidario', 'Verona Tour', 'Museo Radio', 'San Zeno', 'Sighseeing']",Casa Giulietta,strategy_nearest,False,0.0027272701263427734,success
042E9A429C4C81,0,"['Torre Lamberti', 'Casa Giulietta']",Arena,"['Verona Tour', 'Museo Lapidario', 'Museo Radio', 'San Fermo', 'Sighseeing']",Castelvecchio,strategy_nearest,False,0.0014221668243408203,success
042EA0429C4C81,1,"['San Zeno', 'Arena', 'San Fermo']",Casa Giulietta,"['Centro Fotografia', 'Sighseeing', 'Torre Lamberti', 'Museo Conte', 'Museo Radio']",Torre Lamberti,strategy_nearest,True,0.002699136734008789,success
042EA0429C4C80,1,"['Arena', 'Casa Giulietta', 'Torre Lamberti']",Palazzo della Ragione,"['AMO', 'Museo Conte', 'Centro Fotografia', 'Sighseeing', 'Santa Anastasia']",Teatro Romano,strategy_nearest,False,0.0020051002502441406,success
042EA24A9C4C81,0,['Arena'],Castelvecchio,"['Museo Lapidario', 'Verona Tour', 'Museo Radio', 'San Zeno', 'Sighseeing']",San Zeno,strategy_nearest,True,0.0034949779510498047,success
042EA74A9C4C81,2,['Torre Lamberti'],Palazzo della Ragione,"['AMO', 'Museo Conte', 'Centro Fotografia', 'Sighseeing', 'Santa Anastasia']",Casa Giulietta,strategy_nearest,False,0.001806020736694336,success
042EA63A9C4C80,3,"['Arena', 'Santa Anastasia']",Torre Lamberti,"['Sighseeing', 'Centro Fotografia', 'Museo Conte', 'Casa Giulietta', 'Palazzo della Ragione']",Casa Giulietta,strategy_nearest,True,0.002541065216064453,success
042EA83A9C4C81,0,"['Tomba Giulietta', 'Teatro Romano']",Torre Lamberti,"['Sighseeing', 'Centro Fotografia', 'Museo Conte', 'Casa Giulietta', 'Palazzo della Ragione']",Arena,strategy_nearest,False,0.003267049789428711,success
042EAB4A9C4C80,3,"['Arena', 'Casa Giulietta']",Torre Lamberti,"['Sighseeing', 'Centro Fotografia', 'Museo Conte', 'Palazzo della Ragione', 'AMO']",Santa Anastasia,strategy_nearest,False,0.0032477378845214844,success
042EAA429C4C80,0,['Casa Giulietta'],Arena,"['Verona Tour', 'Museo Lapidario', 'Museo Radio', 'San Fermo', 'Sighseeing']",San Zeno,strategy_nearest,False,0.004177093505859375,success
042EAA4A9C4C81,3,"['Arena', 'Torre Lamberti']",Santa Anastasia,"['AMO', 'Museo Conte', 'Palazzo della Ragione', 'Teatro Romano', 'Centro Fotografia']",Teatro Romano,strategy_nearest,True,0.002062082290649414,success
042EAF3A9C4C81,1,"['Arena', 'Casa Giulietta', 'Palazzo della Ragione']",Torre Lamberti,"['Sighseeing', 'Centro Fotografia', 'Museo Conte', 'AMO', 'Museo Miniscalchi']",Santa Anastasia,strategy_nearest,False,0.0035822391510009766,success
042EB4429C4C81,1,"['Arena', 'Casa Giulietta', 'Torre Lamberti']",Palazzo della Ragione,"['AMO', 'Museo Conte', 'Centro Fotografia', 'Sighseeing', 'Santa Anastasia']",Santa Anastasia,strategy_nearest,True,0.002752065658569336,success
042EB6429C4C81,0,['Casa Giulietta'],Arena,"['Verona Tour', 'Museo Lapidario', 'Museo Radio', 'San Fermo', 'Sighseeing']",San Zeno,strategy_nearest,False,0.0021140575408935547,success
042EBD429C4C81,1,"['Castelvecchio', 'Torre Lamberti', 'Palazzo della Ragione']",Casa Giulietta,"['Centro Fotografia', 'Sighseeing', 'Museo Conte', 'Museo Radio', 'San Fermo']",Museo Storia,strategy_nearest,False,0.0019168853759765625,success
042EBA429C4C80,1,"['Arena', 'Casa Giulietta', 'Santa Anastasia']",Torre Lamberti,"['Sighseeing', 'Centro Fotografia', 'Museo Conte', 'Palazzo della Ragione', 'AMO']",Palazzo della Ragione,strategy_nearest,True,0.0033500194549560547,success
042EBD3A9C4C80,3,"['Santa Anastasia', 'Duomo']",Castelvecchio,"['Museo Lapidario', 'Verona Tour', 'Arena', 'Museo Radio', 'San Zeno']",San Zeno,strategy_nearest,True,0.003201007843017578,success
042EC93A9C4C81,2,"['San Fermo', 'Castelvecchio']",Santa Anastasia,"['AMO', 'Museo Conte', 'Palazzo della Ragione', 'Teatro Romano', 'Centro Fotografia']",Duomo,strategy_nearest,False,0.0024247169494628906,success
042ECD3A9C4C80,0,['Arena'],Teatro Romano,"['Santa Anastasia', 'Duomo', 'AMO', 'Palazzo della Ragione', 'Museo Conte']",Giardino Giusti,strategy_nearest,False,0.0018742084503173828,success
042ECC3A9C4C81,1,"['Arena', 'Museo Lapidario', 'Tomba Giulietta', 'San Fermo']",Casa Giulietta,"['Centro Fotografia', 'Sighseeing', 'Torre Lamberti', 'Museo Conte', 'Museo Radio']",Palazzo della Ragione,strategy_nearest,False,0.0033731460571289062,success
042ECB3A9C4C80,1,"['Arena', 'Castelvecchio']",Museo Lapidario,"['Verona Tour', 'Museo Radio', 'San Fermo', 'Casa Giulietta', 'Tomba Giulietta']",Palazzo della Ragione,strategy_nearest,False,0.0020380020141601562,success
042ECD3A9C4C81,2,['Castelvecchio'],Palazzo della Ragione,"['AMO', 'Museo Conte', 'Torre Lamberti', 'Centro Fotografia', 'Sighseeing']",Duomo,strategy_nearest,False,0.0026929378509521484,success
042ED13A9C4C80,0,['Arena'],Casa Giulietta,"['Centro Fotografia', 'Sighseeing', 'Torre Lamberti', 'Museo Conte', 'Museo Radio']",Casa Giulietta,strategy_nearest,False,0.0020449161529541016,success
042EDF3A9C4C80,0,['Castelvecchio'],Arena,"['Verona Tour', 'Museo Lapidario', 'Museo Radio', 'San Fermo', 'Casa Giulietta']",Torre Lamberti,strategy_nearest,False,0.0027930736541748047,success
042ECE3A9C4C80,1,"['Duomo', 'Torre Lamberti']",Palazzo della Ragione,"['AMO', 'Museo Conte', 'Centro Fotografia', 'Sighseeing', 'Santa Anastasia']",Casa Giulietta,strategy_nearest,False,0.0027451515197753906,success
042F003A9C4C84,0,['Arena'],Castelvecchio,"['Museo Lapidario', 'Verona Tour', 'Museo Radio', 'San Zeno', 'Sighseeing']",Casa Giulietta,strategy_nearest,False,0.0034301280975341797,success
042F413A9C4C80,2,"['San Fermo', 'Torre Lamberti', 'Duomo']",Santa Anastasia,"['AMO', 'Museo Conte', 'Palazzo della Ragione', 'Teatro Romano', 'Centro Fotografia']",Casa Giulietta,strategy_nearest,False,0.003152132034301758,success
042F4E429C4C80,2,['Tomba Giulietta'],Casa Giulietta,"['Centro Fotografia', 'Sighseeing', 'Torre Lamberti', 'Museo Conte', 'Museo Radio']",Castelvecchio,strategy_nearest,False,0.001850128173828125,success
042F58429C4C80,1,"['Arena', 'Museo Lapidario', 'Castelvecchio', 'Torre Lamberti', 'Casa Giulietta']",Palazzo della Ragione,"['AMO', 'Museo Conte', 'Centro Fotografia', 'Sighseeing', 'Santa Anastasia']",Santa Anastasia,strategy_nearest,True,0.002737283706665039,success
042F52429C4C80,3,"['Arena', 'Casa Giulietta', 'Castelvecchio', 'San Fermo']",Torre Lamberti,"['Sighseeing', 'Centro Fotografia', 'Museo Conte', 'Palazzo della Ragione', 'AMO']",Teatro Romano,strategy_nearest,False,0.003412961959838867,success
042F59429C4C80,0,"['Torre Lamberti', 'Teatro Romano']",Arena,"['Verona Tour', 'Museo Lapidario', 'Museo Radio', 'San Fermo', 'Casa Giulietta']",Casa Giulietta,strategy_nearest,True,0.0033669471740722656,success
042F653A9C4C81,1,['Torre Lamberti'],Palazzo della Ragione,"['AMO', 'Museo Conte', 'Centro Fotografia', 'Sighseeing', 'Santa Anastasia']",Arena,strategy_nearest,False,0.002615213394165039,success
042F6D3A9C4C80,1,"['Casa Giulietta', 'Torre Lamberti', 'Palazzo della Ragione']",Santa Anastasia,"['AMO', 'Museo Conte', 'Teatro Romano', 'Centro Fotografia', 'Duomo']",Duomo,strategy_nearest,True,0.004299163818359375,success
042F72429C4C80,0,['Casa Giulietta'],Arena,"['Verona Tour', 'Museo Lapidario', 'Museo Radio', 'San Fermo', 'Sighseeing']",San Zeno,strategy_nearest,False,0.0020329952239990234,success
042F713A9C4C80,3,"['Casa Giulietta', 'Santa Anastasia']",Teatro Romano,"['Duomo', 'AMO', 'Palazzo della Ragione', 'Museo Conte', 'Centro Fotografia']",Arena,strategy_nearest,False,0.002664327621459961,success
042F773A9C4C80,3,"['Teatro Romano', 'Giardino Giusti']",Santa Anastasia,"['AMO', 'Museo Conte', 'Palazzo della Ragione', 'Centro Fotografia', 'Duomo']",San Zeno,strategy_nearest,False,0.0030889511108398438,success
042F793A9C4C80,3,['Santa Anastasia'],Torre Lamberti,"['Sighseeing', 'Centro Fotografia', 'Museo Conte', 'Casa Giulietta', 'Palazzo della Ragione']",Tomba Giulietta,strategy_nearest,False,0.0028867721557617188,success
042F7E429C4C81,1,"['Arena', 'Torre Lamberti']",Palazzo della Ragione,"['AMO', 'Museo Conte', 'Centro Fotografia', 'Sighseeing', 'Santa Anastasia']",Casa Giulietta,strategy_nearest,False,0.0027990341186523438,success
042F7A3A9C4C81,1,"['Castelvecchio', 'Teatro Romano', 'Palazzo della Ragione']",Casa Giulietta,"['Centro Fotografia', 'Sighseeing', 'Torre Lamberti', 'Museo Conte', 'Museo Radio']",San Fermo,strategy_nearest,False,0.001245260238647461,success
042F7B4A9C4C81,2,"['Castelvecchio', 'Palazzo della Ragione']",Torre Lamberti,"['Sighseeing', 'Centro Fotografia', 'Museo Conte', 'Casa Giulietta', 'AMO']",Casa Giulietta,strategy_nearest,True,0.0035631656646728516,success
042F803A9C4C81,0,['Arena'],Casa Giulietta,"['Centro Fotografia', 'Sighseeing', 'Torre Lamberti', 'Museo Conte', 'Museo Radio']",Museo Lapidario,strategy_nearest,False,0.0026712417602539062,success
042F804A9C4C81,3,"['Castelvecchio', 'Arena', 'Torre Lamberti']",Santa Anastasia,"['AMO', 'Museo Conte', 'Palazzo della Ragione', 'Teatro Romano', 'Centro Fotografia']",Duomo,strategy_nearest,False,0.0027930736541748047,success
042F854A9C4C80,0,['Torre Lamberti'],Arena,"['Verona Tour', 'Museo Lapidario', 'Museo Radio', 'San Fermo', 'Casa Giulietta']",Castelvecchio,strategy_nearest,False,0.0034170150756835938,success
042F833A9C4C81,0,['Arena'],San Zeno,"['Castelvecchio', 'Verona Tour', 'Museo Lapidario', 'Museo Miniscalchi', 'Sighseeing']",Castelvecchio,strategy_nearest,True,0.002638101577758789,success
042F874A9C4C81,1,"['Arena', 'Museo Lapidario', 'Castelvecchio']",Duomo,"['AMO', 'Museo Miniscalchi', 'Santa Anastasia', 'Teatro Romano', 'Palazzo della Ragione']",Casa Giulietta,strategy_nearest,False,0.002763986587524414,success
042F8A429C4C80,1,"['Arena', 'Castelvecchio']",Casa Giulietta,"['Centro Fotografia', 'Sighseeing', 'Torre Lamberti', 'Museo Conte', 'Museo Radio']",Torre Lamberti,strategy_nearest,True,0.003142833709716797,success
042F8A3A9C4C80,0,['Arena'],Castelvecchio,"['Museo Lapidario', 'Verona Tour', 'Museo Radio', 'San Zeno', 'Sighseeing']",Casa Giulietta,strategy_nearest,False,0.002660036087036133,success
042F8B429C4C81,0,['Arena'],Torre Lamberti,"['Sighseeing', 'Centro Fotografia', 'Museo Conte', 'Casa Giulietta', 'Palazzo della Ragione']",Tomba Giulietta,strategy_nearest,False,0.0036470890045166016,success
042F8F429C4C81,3,['Arena'],Santa Anastasia,"['AMO', 'Museo Conte', 'Palazzo della Ragione', 'Teatro Romano', 'Centro Fotografia']",Duomo,strategy_nearest,False,0.0016589164733886719,success
042F914A9C4C81,3,"['Casa Giulietta', 'Torre Lamberti', 'Santa Anastasia']",Duomo,"['AMO', 'Museo Miniscalchi', 'Teatro Romano', 'Palazzo della Ragione', 'Museo Conte']",Arena,strategy_nearest,False,0.002466917037963867,success
042F9B429C4C81,3,"['Arena', 'Castelvecchio']",Santa Anastasia,"['AMO', 'Museo Conte', 'Palazzo della Ragione', 'Teatro Romano', 'Centro Fotografia']",Teatro Romano,strategy_nearest,True,0.003152132034301758,success
042F90429C4C81,3,['San Zeno'],Castelvecchio,"['Museo Lapidario', 'Verona Tour', 'Arena', 'Museo Radio', 'Sighseeing']",Arena,strategy_nearest,True,0.004015922546386719,success
042F9E4A9C4C80,3,"['Arena', 'Casa Giulietta', 'Torre Lamberti']",Santa Anastasia,"['AMO', 'Museo Conte', 'Palazzo della Ragione', 'Teatro Romano', 'Centro Fotografia']",Teatro Romano,strategy_nearest,True,0.0013189315795898438,success
042FA4429C4C80,0,['Torre Lamberti'],Arena,"['Verona Tour', 'Museo Lapidario', 'Museo Radio', 'San Fermo', 'Casa Giulietta']",Castelvecchio,strategy_nearest,False,0.002180814743041992,success
042FA44A9C4C81,3,"['Arena', 'Torre Lamberti']",Teatro Romano,"['Santa Anastasia', 'Duomo', 'AMO', 'Palazzo della Ragione', 'Museo Conte']",Duomo,strategy_nearest,True,0.0030150413513183594,success
042FA84A9C4C80,1,"['Arena', 'Torre Lamberti']",Palazzo della Ragione,"['AMO', 'Museo Conte', 'Centro Fotografia', 'Sighseeing', 'Santa Anastasia']",Casa Giulietta,strategy_nearest,False,0.002774953842163086,success
042FA5429C4C81,3,"['Castelvecchio', 'Santa Anastasia']",Teatro Romano,"['Duomo', 'AMO', 'Palazzo della Ragione', 'Museo Conte', 'Centro Fotografia']",Torre Lamberti,strategy_nearest,False,0.0029070377349853516,success
042FA04A9C4C80,0,['Torre Lamberti'],Arena,"['Verona Tour', 'Museo Lapidario', 'Museo Radio', 'San Fermo', 'Casa Giulietta']",Giardino Giusti,strategy_nearest,False,0.003634929656982422,success
042FA84A9C4C81,0,['Arena'],Castelvecchio,"['Museo Lapidario', 'Verona Tour', 'Museo Radio', 'San Zeno', 'Sighseeing']",Tomba Giulietta,strategy_nearest,False,0.002911090850830078,success
042FAA4A9C4C81,1,"['Casa Giulietta', 'Torre Lamberti', 'Palazzo della Ragione']",Santa Anastasia,"['AMO', 'Museo Conte', 'Teatro Romano', 'Centro Fotografia', 'Duomo']",Duomo,strategy_nearest,True,0.003100872039794922,success
042FAD3A9C4C81,3,"['Arena', 'San Zeno', 'Casa Giulietta']",Torre Lamberti,"['Sighseeing', 'Centro Fotografia', 'Museo Conte', 'Palazzo della Ragione', 'AMO']",Santa Anastasia,strategy_nearest,False,0.0029501914978027344,success
042FB0429C4C81,0,['Arena'],Castelvecchio,"['Museo Lapidario', 'Verona Tour', 'Museo Radio', 'San Zeno', 'Sighseeing']",Casa Giulietta,strategy_nearest,False,0.0036399364471435547,success
042FAC429C4C81,0,['Arena'],Casa Giulietta,"['Centro Fotografia', 'Sighseeing', 'Torre Lamberti', 'Museo Conte', 'Museo Radio']",San Fermo,strategy_nearest,False,0.0029523372650146484,success
042FB1429C4C80,0,"['Arena', 'Tomba Giulietta']",Casa Giulietta,"['Centro Fotografia', 'Sighseeing', 'Torre Lamberti', 'Museo Conte', 'Museo Radio']",Torre Lamberti,strategy_nearest,True,0.002076864242553711,success
042FB63A9C4C81,3,"['Arena', 'Museo Lapidario', 'Casa Giulietta']",Torre Lamberti,"['Sighseeing', 'Centro Fotografia', 'Museo Conte', 'Palazzo della Ragione', 'AMO']",Santa Anastasia,strategy_nearest,False,0.0025730133056640625,success
042FB4429C4C81,1,"['Arena', 'Casa Giulietta', 'Torre Lamberti']",Palazzo della Ragione,"['AMO', 'Museo Conte', 'Centro Fotografia', 'Sighseeing', 'Santa Anastasia']",Santa Anastasia,strategy_nearest,True,0.002209186553955078,success
042FB73A9C4C81,0,['Arena'],Casa Giulietta,"['Centro Fotografia', 'Sighseeing', 'Torre Lamberti', 'Museo Conte', 'Museo Radio']",Torre Lamberti,strategy_nearest,True,0.003419160842895508,success
042FC33A9C4C80,0,['Torre Lamberti'],Arena,"['Verona Tour', 'Museo Lapidario', 'Museo Radio', 'San Fermo', 'Casa Giulietta']",Duomo,strategy_nearest,False,0.0019791126251220703,success
042FBB429C4C80,3,"['Arena', 'Casa Giulietta', 'Torre Lamberti']",Duomo,"['AMO', 'Museo Miniscalchi', 'Santa Anastasia', 'Teatro Romano', 'Palazzo della Ragione']",Castelvecchio,strategy_nearest,False,0.0030438899993896484,success
042FBF3A9C4C81,0,"['Castelvecchio', 'Arena']",Casa Giulietta,"['Centro Fotografia', 'Sighseeing', 'Torre Lamberti', 'Museo Conte', 'Museo Radio']",Torre Lamberti,strategy_nearest,True,0.003512144088745117,success
042FC33A9C4C81,3,['Arena'],San Fermo,"['Museo Storia', 'Museo Radio', 'Casa Giulietta', 'Centro Fotografia', 'Sighseeing']",Santa Anastasia,strategy_nearest,False,0.0033528804779052734,success
042FCB3A9C4C81,0,['Arena'],Casa Giulietta,"['Centro Fotografia', 'Sighseeing', 'Torre Lamberti', 'Museo Conte', 'Museo Radio']",Torre Lamberti,strategy_nearest,True,0.0019450187683105469,success
042FCB429C4C80,3,"['Arena', 'Casa Giulietta']",Santa Anastasia,"['AMO', 'Museo Conte', 'Palazzo della Ragione', 'Teatro Romano', 'Centro Fotografia']",Giardino Giusti,strategy_nearest,False,0.002777099609375,success
042FC53A9C4C81,3,"['Arena', 'Castelvecchio']",Torre Lamberti,"['Sighseeing', 'Centro Fotografia', 'Museo Conte', 'Casa Giulietta', 'Palazzo della Ragione']",Casa Giulietta,strategy_nearest,True,0.0029709339141845703,success
042FCD3A9C4C80,1,['Arena'],Casa Giulietta,"['Centro Fotografia', 'Sighseeing', 'Torre Lamberti', 'Museo Conte', 'Museo Radio']",Palazzo della Ragione,strategy_nearest,False,0.0024919509887695312,success
042FD53A9C4C80,2,['Torre Lamberti'],Casa Giulietta,"['Centro Fotografia', 'Sighseeing', 'Museo Conte', 'Museo Radio', 'Palazzo della Ragione']",Castelvecchio,strategy_nearest,False,0.0019469261169433594,success
042FD0429C4C80,0,"['Teatro Romano', 'Duomo']",Arena,"['Verona Tour', 'Museo Lapidario', 'Museo Radio', 'San Fermo', 'Casa Giulietta']",Casa Giulietta,strategy_nearest,True,0.003484964370727539,success
042FDC3A9C4C80,0,['Arena'],Torre Lamberti,"['Sighseeing', 'Centro Fotografia', 'Museo Conte', 'Casa Giulietta', 'Palazzo della Ragione']",Duomo,strategy_nearest,False,0.003178834915161133,success
042FEA429C4C80,3,"['Arena', 'Castelvecchio', 'Torre Lamberti']",Santa Anastasia,"['AMO', 'Museo Conte', 'Palazzo della Ragione', 'Teatro Romano', 'Centro Fotografia']",Casa Giulietta,strategy_nearest,False,0.0020890235900878906,success
042FE03A9C4C80,3,"['Museo Lapidario', 'Castelvecchio', 'Torre Lamberti', 'Santa Anastasia']",Arena,"['Verona Tour', 'Museo Radio', 'San Fermo', 'Casa Giulietta', 'Sighseeing']",Teatro Romano,strategy_nearest,False,0.0024449825286865234,success
042FE73A9C4C80,3,['Duomo'],Arena,"['Verona Tour', 'Museo Lapidario', 'Museo Radio', 'San Fermo', 'Casa Giulietta']",San Fermo,strategy_nearest,True,0.003409862518310547,success
042FEF429C4C80,1,"['Casa Giulietta', 'Torre Lamberti', 'Palazzo della Ragione']",Santa Anastasia,"['AMO', 'Museo Conte', 'Teatro Romano', 'Centro Fotografia', 'Duomo']",Arena,strategy_nearest,False,0.003214120864868164,success
042FF1429C4C80,3,"['Arena', 'Torre Lamberti', 'San Fermo']",Museo Storia,"['Museo Radio', 'Casa Giulietta', 'Centro Fotografia', 'Tomba Giulietta', 'Sighseeing']",Santa Anastasia,strategy_nearest,False,0.002640247344970703,success
0430353A9C4C80,3,"['Arena', 'Castelvecchio', 'Museo Lapidario']",Santa Anastasia,"['AMO', 'Museo Conte', 'Palazzo della Ragione', 'Teatro Romano', 'Centro Fotografia']",Teatro Romano,strategy_nearest,True,0.0019829273223876953,success
043002429C4C84,0,"['Casa Giulietta', 'San Zeno']",Castelvecchio,"['Museo Lapidario', 'Verona Tour', 'Arena', 'Museo Radio', 'Sighseeing']",Tomba Giulietta,strategy_nearest,False,0.0032858848571777344,success
0430563A9C4C80,1,"['Arena', 'Palazzo della Ragione', 'Torre Lamberti']",Casa Giulietta,"['Centro Fotografia', 'Sighseeing', 'Museo Conte', 'Museo Radio', 'San Fermo']",Teatro Romano,strategy_nearest,False,0.0013010501861572266,success
04304A3A9C4C80,0,['Arena'],Teatro Romano,"['Santa Anastasia', 'Duomo', 'AMO', 'Palazzo della Ragione', 'Museo Conte']",Castelvecchio,strategy_nearest,False,0.0034990310668945312,success
043064429C4C81,1,"['Arena', 'Castelvecchio']",Casa Giulietta,"['Centro Fotografia', 'Sighseeing', 'Torre Lamberti', 'Museo Conte', 'Museo Radio']",Torre Lamberti,strategy_nearest,True,0.003052234649658203,success
04305D429C4C80,3,"['Teatro Romano', 'Santa Anastasia']",Casa Giulietta,"['Centro Fotografia', 'Sighseeing', 'Torre Lamberti', 'Museo Conte', 'Museo Radio']",Arena,strategy_nearest,False,0.0027980804443359375,success
043065429C4C81,0,['Arena'],Torre Lamberti,"['Sighseeing', 'Centro Fotografia', 'Museo Conte', 'Casa Giulietta', 'Palazzo della Ragione']",Castelvecchio,strategy_nearest,False,0.0018460750579833984,success
0430653A9C4C81,1,"['Arena', 'Casa Giulietta']",Palazzo della Ragione,"['AMO', 'Museo Conte', 'Torre Lamberti', 'Centro Fotografia', 'Sighseeing']",Duomo,strategy_nearest,False,0.0030939579010009766,success
043066429C4C80,0,['Casa Giulietta'],Arena,"['Verona Tour', 'Museo Lapidario', 'Museo Radio', 'San Fermo', 'Sighseeing']",Santa Anastasia,strategy_nearest,False,0.002759218215942383,success
043070429C4C80,1,"['Arena', 'San Fermo']",Casa Giulietta,"['Centro Fotografia', 'Sighseeing', 'Torre Lamberti', 'Museo Conte', 'Museo Radio']",Torre Lamberti,strategy_nearest,True,0.0017762184143066406,success
04306D429C4C80,3,"['Arena', 'Tomba Giulietta', 'Castelvecchio']",Santa Anastasia,"['AMO', 'Museo Conte', 'Palazzo della Ragione', 'Teatro Romano', 'Centro Fotografia']",Duomo,strategy_nearest,False,0.003838062286376953,success
0430713A9C4C80,0,['Arena'],Casa Giulietta,"['Centro Fotografia', 'Sighseeing', 'Torre Lamberti', 'Museo Conte', 'Museo Radio']",Torre Lamberti,strategy_nearest,True,0.0033888816833496094,success
043072429C4C81,3,"['Arena', 'Torre Lamberti', 'Santa Anastasia']",Teatro Romano,"['Duomo', 'AMO', 'Palazzo della Ragione', 'Museo Conte', 'Centro Fotografia']",Duomo,strategy_nearest,True,0.0033516883850097656,success
043073429C4C81,1,['Arena'],Casa Giulietta,"['Centro Fotografia', 'Sighseeing', 'Torre Lamberti', 'Museo Conte', 'Museo Radio']",Torre Lamberti,strategy_nearest,True,0.002566099166870117,success
043077429C4C80,3,"['Arena', 'Casa Giulietta']",Torre Lamberti,"['Sighseeing', 'Centro Fotografia', 'Museo Conte', 'Palazzo della Ragione', 'AMO']",Santa Anastasia,strategy_nearest,False,0.003278970718383789,success
0430793A9C4C81,1,"['Castelvecchio', 'Teatro Romano', 'Palazzo della Ragione']",Casa Giulietta,"['Centro Fotografia', 'Sighseeing', 'Torre Lamberti', 'Museo Conte', 'Museo Radio']",San Fermo,strategy_nearest,False,0.0031800270080566406,success
04307D3A9C4C80,0,"['Arena', 'Castelvecchio']",Casa Giulietta,"['Centro Fotografia', 'Sighseeing', 'Torre Lamberti', 'Museo Conte', 'Museo Radio']",Duomo,strategy_nearest,False,0.002713918685913086,success
0430874A9C4C80,0,['Casa Giulietta'],Torre Lamberti,"['Sighseeing', 'Centro Fotografia', 'Museo Conte', 'Palazzo della Ragione', 'AMO']",Arena,strategy_nearest,False,0.002664327621459961,success
04308A3A9C4C80,0,['Tomba Giulietta'],Casa Giulietta,"['Centro Fotografia', 'Sighseeing', 'Torre Lamberti', 'Museo Conte', 'Museo Radio']",Arena,strategy_nearest,False,0.003133058547973633,success
0430894A9C4C81,1,"['Arena', 'Torre Lamberti']",Palazzo della Ragione,"['AMO', 'Museo Conte', 'Centro Fotografia', 'Sighseeing', 'Santa Anastasia']",Casa Giulietta,strategy_nearest,False,0.0030922889709472656,success
04308C4A9C4C80,1,"['Arena', 'Santa Anastasia']",Torre Lamberti,"['Sighseeing', 'Centro Fotografia', 'Museo Conte', 'Casa Giulietta', 'Palazzo della Ragione']",Palazzo della Ragione,strategy_nearest,True,0.0031898021697998047,success
04308D3A9C4C81,0,['Arena'],Casa Giulietta,"['Centro Fotografia', 'Sighseeing', 'Torre Lamberti', 'Museo Conte', 'Museo Radio']",Torre Lamberti,strategy_nearest,True,0.002452850341796875,success
0430914A9C4C80,0,['Arena'],Castelvecchio,"['Museo Lapidario', 'Verona Tour', 'Museo Radio', 'San Zeno', 'Sighseeing']",Casa Giulietta,strategy_nearest,False,0.002613067626953125,success
043093429C4C80,0,['Arena'],Casa Giulietta,"['Centro Fotografia', 'Sighseeing', 'Torre Lamberti', 'Museo Conte', 'Museo Radio']",Castelvecchio,strategy_nearest,False,0.0030159950256347656,success
0430A2429C4C80,1,['Torre Lamberti'],Palazzo della Ragione,"['AMO', 'Museo Conte', 'Centro Fotografia', 'Sighseeing', 'Santa Anastasia']",Castelvecchio,strategy_nearest,False,0.00249481201171875,success
04309B429C4C81,1,"['Arena', 'Casa Giulietta']",Palazzo della Ragione,"['AMO', 'Museo Conte', 'Torre Lamberti', 'Centro Fotografia', 'Sighseeing']",Castelvecchio,strategy_nearest,False,0.003832101821899414,success
043099429C4C80,1,"['Arena', 'Casa Giulietta']",Torre Lamberti,"['Sighseeing', 'Centro Fotografia', 'Museo Conte', 'Palazzo della Ragione', 'AMO']",Palazzo della Ragione,strategy_nearest,True,0.0026831626892089844,success
0430A34A9C4C80,1,"['Museo Lapidario', 'Arena', 'Tomba Giulietta']",San Fermo,"['Museo Storia', 'Museo Radio', 'Casa Giulietta', 'Centro Fotografia', 'Sighseeing']",Casa Giulietta,strategy_nearest,True,0.0032896995544433594,success
0430A44A9C4C81,0,['Castelvecchio'],Arena,"['Verona Tour', 'Museo Lapidario', 'Museo Radio', 'San Fermo', 'Casa Giulietta']",Casa Giulietta,strategy_nearest,True,0.002355337142944336,success
0430A54A9C4C81,0,['Arena'],Casa Giulietta,"['Centro Fotografia', 'Sighseeing', 'Torre Lamberti', 'Museo Conte', 'Museo Radio']",Torre Lamberti,strategy_nearest,True,0.0028002262115478516,success
0430A84A9C4C80,3,"['Arena', 'Castelvecchio']",Torre Lamberti,"['Sighseeing', 'Centro Fotografia', 'Museo Conte', 'Casa Giulietta', 'Palazzo della Ragione']",Santa Anastasia,strategy_nearest,False,0.003545045852661133,success
0430AA3A9C4C81,0,['Arena'],Casa Giulietta,"['Centro Fotografia', 'Sighseeing', 'Torre Lamberti', 'Museo Conte', 'Museo Radio']",Santa Anastasia,strategy_nearest,False,0.00315093994140625,success
0430A9429C4C80,3,"['Duomo', 'San Fermo']",Teatro Romano,"['Santa Anastasia', 'AMO', 'Palazzo della Ragione', 'Museo Conte', 'Centro Fotografia']",Arena,strategy_nearest,False,0.0032758712768554688,success
0430AA4A9C4C81,0,['Torre Lamberti'],Casa Giulietta,"['Centro Fotografia', 'Sighseeing', 'Museo Conte', 'Museo Radio', 'Palazzo della Ragione']",Arena,strategy_nearest,False,0.001190185546875,success
0430AA429C4C81,3,"['Arena', 'Casa Giulietta']",Torre Lamberti,"['Sighseeing', 'Centro Fotografia', 'Museo Conte', 'Palazzo della Ragione', 'AMO']",Santa Anastasia,strategy_nearest,False,0.001809835433959961,success
0430AB3A9C4C80,0,"['Museo Lapidario', 'Arena']",Casa Giulietta,"['Centro Fotografia', 'Sighseeing', 'Torre Lamberti', 'Museo Conte', 'Museo Radio']",Torre Lamberti,strategy_nearest,True,0.002593994140625,success
0430B83A9C4C81,0,['Arena'],Casa Giulietta,"['Centro Fotografia', 'Sighseeing', 'Torre Lamberti', 'Museo Conte', 'Museo Radio']",Torre Lamberti,strategy_nearest,True,0.0017681121826171875,success
0430B63A9C4C81,3,"['Castelvecchio', 'Arena', 'Casa Giulietta']",Torre Lamberti,"['Sighseeing', 'Centro Fotografia', 'Museo Conte', 'Palazzo della Ragione', 'AMO']",Santa Anastasia,strategy_nearest,False,0.003822803497314453,success
0430BA3A9C4C80,1,"['Torre Lamberti', 'Palazzo della Ragione']",Casa Giulietta,"['Centro Fotografia', 'Sighseeing', 'Museo Conte', 'Museo Radio', 'San Fermo']",Duomo,strategy_nearest,False,0.003347158432006836,success
0430B93A9C4C80,1,"['Arena', 'San Fermo', 'Casa Giulietta', 'Torre Lamberti']",Palazzo della Ragione,"['AMO', 'Museo Conte', 'Centro Fotografia', 'Sighseeing', 'Santa Anastasia']",Santa Anastasia,strategy_nearest,True,0.003425121307373047,success
0430BB3A9C4C81,0,['Arena'],Santa Anastasia,"['AMO', 'Museo Conte', 'Palazzo della Ragione', 'Teatro Romano', 'Centro Fotografia']",Casa Giulietta,strategy_nearest,False,0.0029370784759521484,success
0430C03A9C4C81,1,['Torre Lamberti'],Palazzo della Ragione,"['AMO', 'Museo Conte', 'Centro Fotografia', 'Sighseeing', 'Santa Anastasia']",Casa Giulietta,strategy_nearest,False,0.003698110580444336,success
0430C43A9C4C81,1,"['Arena', 'San Fermo', 'Casa Giulietta']",Torre Lamberti,"['Sighseeing', 'Centro Fotografia', 'Museo Conte', 'Palazzo della Ragione', 'AMO']",Palazzo della Ragione,strategy_nearest,True,0.0028231143951416016,success
0430C73A9C4C81,3,"['Arena', 'Casa Giulietta']",Castelvecchio,"['Museo Lapidario', 'Verona Tour', 'Museo Radio', 'San Zeno', 'Sighseeing']",Santa Anastasia,strategy_nearest,False,0.0037610530853271484,success
0430CA3A9C4C80,1,['Arena'],Casa Giulietta,"['Centro Fotografia', 'Sighseeing', 'Torre Lamberti', 'Museo Conte', 'Museo Radio']",Palazzo della Ragione,strategy_nearest,False,0.0036029815673828125,success
0430CB429C4C80,3,"['Arena', 'Torre Lamberti']",Santa Anastasia,"['AMO', 'Museo Conte', 'Palazzo della Ragione', 'Teatro Romano', 'Centro Fotografia']",Duomo,strategy_nearest,False,0.0013418197631835938,success
0430CB3A9C4C81,0,['Arena'],Castelvecchio,"['Museo Lapidario', 'Verona Tour', 'Museo Radio', 'San Zeno', 'Sighseeing']",Tomba Giulietta,strategy_nearest,False,0.004848957061767578,success
0430DD3A9C4C80,3,"['Castelvecchio', 'Arena']",Torre Lamberti,"['Sighseeing', 'Centro Fotografia', 'Museo Conte', 'Casa Giulietta', 'Palazzo della Ragione']",Santa Anastasia,strategy_nearest,False,0.004045724868774414,success
0430DE3A9C4C80,1,"['Castelvecchio', 'Palazzo della Ragione', 'Arena']",Santa Anastasia,"['AMO', 'Museo Conte', 'Teatro Romano', 'Centro Fotografia', 'Duomo']",Teatro Romano,strategy_nearest,True,0.0019299983978271484,success
0430E03A9C4C80,3,"['Torre Lamberti', 'Santa Anastasia', 'Duomo']",Arena,"['Verona Tour', 'Museo Lapidario', 'Museo Radio', 'San Fermo', 'Casa Giulietta']",Castelvecchio,strategy_nearest,False,0.004307985305786133,success
0430FC3A9C4C80,0,['Arena'],Casa Giulietta,"['Centro Fotografia', 'Sighseeing', 'Torre Lamberti', 'Museo Conte', 'Museo Radio']",Tomba Giulietta,strategy_nearest,False,0.0019068717956542969,success
0430E13A9C4C80,0,['Casa Giulietta'],Arena,"['Verona Tour', 'Museo Lapidario', 'Museo Radio', 'San Fermo', 'Sighseeing']",Castelvecchio,strategy_nearest,False,0.003980159759521484,success
04313A3A9C4C80,0,"['Casa Giulietta', 'Torre Lamberti']",San Zeno,"['Castelvecchio', 'Verona Tour', 'Museo Lapidario', 'Arena', 'Museo Miniscalchi']",Castelvecchio,strategy_nearest,True,0.004631996154785156,success
0431013A9C4C84,3,"['Arena', 'Casa Giulietta']",Torre Lamberti,"['Sighseeing', 'Centro Fotografia', 'Museo Conte', 'Palazzo della Ragione', 'AMO']",Duomo,strategy_nearest,False,0.0055119991302490234,success
04313B3A9C4C80,3,"['Torre Lamberti', 'Torre Lamberti']",Casa Giulietta,"['Centro Fotografia', 'Sighseeing', 'Museo Conte', 'Museo Radio', 'Palazzo della Ragione']",Arena,strategy_nearest,False,0.002660989761352539,success
04313E3A9C4C80,0,['Duomo'],Casa Giulietta,"['Centro Fotografia', 'Sighseeing', 'Torre Lamberti', 'Museo Conte', 'Museo Radio']",Arena,strategy_nearest,False,0.0019240379333496094,success
0431433A9C4C80,3,"['Duomo', 'Santa Anastasia']",Casa Giulietta,"['Centro Fotografia', 'Sighseeing', 'Torre Lamberti', 'Museo Conte', 'Museo Radio']",Arena,strategy_nearest,False,0.004243373870849609,success
043148429C4C80,4,"['Arena', 'Casa Giulietta', 'Torre Lamberti', 'Palazzo della Ragione', 'Santa Anastasia']",Duomo,"['AMO', 'Museo Miniscalchi', 'Teatro Romano', 'Museo Conte', 'Centro Fotografia']",San Fermo,strategy_nearest,False,0.0033080577850341797,success
04314E429C4C80,3,['Arena'],Casa Giulietta,"['Centro Fotografia', 'Sighseeing', 'Torre Lamberti', 'Museo Conte', 'Museo Radio']",Torre Lamberti,strategy_nearest,True,0.0031108856201171875,success
043158429C4C80,0,['Tomba Giulietta'],Arena,"['Verona Tour', 'Museo Lapidario', 'Museo Radio', 'San Fermo', 'Casa Giulietta']",Casa Giulietta,strategy_nearest,True,0.0032591819763183594,success
04314F3A9C4C80,0,"['Arena', 'Museo Lapidario']",Castelvecchio,"['Verona Tour', 'Museo Radio', 'San Zeno', 'Sighseeing', 'Museo Miniscalchi']",Casa Giulietta,strategy_nearest,False,0.002498149871826172,success
043167429C4C80,0,['Teatro Romano'],Duomo,"['AMO', 'Museo Miniscalchi', 'Santa Anastasia', 'Palazzo della Ragione', 'Museo Conte']",Arena,strategy_nearest,False,0.0026068687438964844,success
0431713A9C4C80,0,['Arena'],Casa Giulietta,"['Centro Fotografia', 'Sighseeing', 'Torre Lamberti', 'Museo Conte', 'Museo Radio']",Torre Lamberti,strategy_nearest,True,0.002147197723388672,success
04316F429C4C80,3,"['Casa Giulietta', 'Santa Anastasia']",Teatro Romano,"['Duomo', 'AMO', 'Palazzo della Ragione', 'Museo Conte', 'Centro Fotografia']",Duomo,strategy_nearest,True,0.0013649463653564453,success
04317E3A9C4C80,0,['Arena'],Casa Giulietta,"['Centro Fotografia', 'Sighseeing', 'Torre Lamberti', 'Museo Conte', 'Museo Radio']",Castelvecchio,strategy_nearest,False,0.0037450790405273438,success
0431823A9C4C80,1,['Arena'],Casa Giulietta,"['Centro Fotografia', 'Sighseeing', 'Torre Lamberti', 'Museo Conte', 'Museo Radio']",Palazzo della Ragione,strategy_nearest,False,0.0028290748596191406,success
04318D3A9C4C80,1,"['Casa Giulietta', 'Santa Anastasia', 'Duomo']",Tomba Giulietta,"['San Fermo', 'Museo Storia', 'Arena', 'Museo Lapidario', 'Museo Radio']",Torre Lamberti,strategy_nearest,False,0.0024487972259521484,success
0431843A9C4C81,3,"['Arena', 'Casa Giulietta']",Santa Anastasia,"['AMO', 'Museo Conte', 'Palazzo della Ragione', 'Teatro Romano', 'Centro Fotografia']",Duomo,strategy_nearest,False,0.0026397705078125,success
04319F429C4C80,0,"['Arena', 'Casa Giulietta']",Torre Lamberti,"['Sighseeing', 'Centro Fotografia', 'Museo Conte', 'Palazzo della Ragione', 'AMO']",Teatro Romano,strategy_nearest,False,0.002707958221435547,success
0431914A9C4C80,2,['Santa Anastasia'],Duomo,"['AMO', 'Museo Miniscalchi', 'Teatro Romano', 'Palazzo della Ragione', 'Museo Conte']",Torre Lamberti,strategy_nearest,False,0.002264261245727539,success
0431904A9C4C80,3,"['Arena', 'Castelvecchio']",Torre Lamberti,"['Sighseeing', 'Centro Fotografia', 'Museo Conte', 'Casa Giulietta', 'Palazzo della Ragione']",Casa Giulietta,strategy_nearest,True,0.004873991012573242,success
04319D4A9C4C80,0,"['Museo Lapidario', 'Arena']",Casa Giulietta,"['Centro Fotografia', 'Sighseeing', 'Torre Lamberti', 'Museo Conte', 'Museo Radio']",Torre Lamberti,strategy_nearest,True,0.0015940666198730469,success
0431A94A9C4C80,1,['Arena'],Casa Giulietta,"['Centro Fotografia', 'Sighseeing', 'Torre Lamberti', 'Museo Conte', 'Museo Radio']",Palazzo della Ragione,strategy_nearest,False,0.002610921859741211,success
04319F429C4C81,0,['Arena'],Castelvecchio,"['Museo Lapidario', 'Verona Tour', 'Museo Radio', 'San Zeno', 'Sighseeing']",Casa Giulietta,strategy_nearest,False,0.002045154571533203,success
0431A14A9C4C81,1,"['Arena', 'Torre Lamberti']",Palazzo della Ragione,"['AMO', 'Museo Conte', 'Centro Fotografia', 'Sighseeing', 'Santa Anastasia']",Santa Anastasia,strategy_nearest,True,0.0027408599853515625,success
0431A3429C4C81,0,"['Torre Lamberti', 'San Zeno']",Castelvecchio,"['Museo Lapidario', 'Verona Tour', 'Arena', 'Museo Radio', 'Sighseeing']",Arena,strategy_nearest,True,0.0034160614013671875,success
0431AA3A9C4C80,0,['Santa Anastasia'],Castelvecchio,"['Museo Lapidario', 'Verona Tour', 'Arena', 'Museo Radio', 'San Zeno']",Arena,strategy_nearest,True,0.002765178680419922,success
0431AA429C4C80,0,"['Teatro Romano', 'Casa Giulietta']",Torre Lamberti,"['Sighseeing', 'Centro Fotografia', 'Museo Conte', 'Palazzo della Ragione', 'AMO']",Arena,strategy_nearest,False,0.0018069744110107422,success
0431B1429C4C81,0,['Arena'],Casa Giulietta,"['Centro Fotografia', 'Sighseeing', 'Torre Lamberti', 'Museo Conte', 'Museo Radio']",Torre Lamberti,strategy_nearest,True,0.0027289390563964844,success
0431AB3A9C4C80,2,"['Museo Lapidario', 'San Fermo', 'Casa Giulietta']",Palazzo della Ragione,"['AMO', 'Museo Conte', 'Torre Lamberti', 'Centro Fotografia', 'Sighseeing']",Torre Lamberti,strategy_nearest,True,0.003998279571533203,success
0431B73A9C4C80,3,"['Torre Lamberti', 'Santa Anastasia']",Duomo,"['AMO', 'Museo Miniscalchi', 'Teatro Romano', 'Palazzo della Ragione', 'Museo Conte']",Teatro Romano,strategy_nearest,True,0.0021677017211914062,success
0431B3429C4C81,1,['Arena'],Casa Giulietta,"['Centro Fotografia', 'Sighseeing', 'Torre Lamberti', 'Museo Conte', 'Museo Radio']",Torre Lamberti,strategy_nearest,True,0.002398967742919922,success
0431B43A9C4C80,0,['Arena'],San Zeno,"['Castelvecchio', 'Verona Tour', 'Museo Lapidario', 'Museo Miniscalchi', 'Sighseeing']",Teatro Romano,strategy_nearest,False,0.0034737586975097656,success
0431B93A9C4C81,0,"['Arena', 'Museo Lapidario']",Museo Lapidario,"['Verona Tour', 'Castelvecchio', 'Museo Radio', 'San Fermo', 'Casa Giulietta']",Castelvecchio,strategy_nearest,True,0.003281831741333008,success
0431BC3A9C4C81,1,"['Arena', 'Casa Giulietta', 'Torre Lamberti']",Palazzo della Ragione,"['AMO', 'Museo Conte', 'Centro Fotografia', 'Sighseeing', 'Santa Anastasia']",Santa Anastasia,strategy_nearest,True,0.0020699501037597656,success
0431BB429C4C81,3,['Torre Lamberti'],Arena,"['Verona Tour', 'Museo Lapidario', 'Museo Radio', 'San Fermo', 'Casa Giulietta']",Casa Giulietta,strategy_nearest,True,0.0021550655364990234,success
0431BE3A9C4C80,0,['Arena'],Teatro Romano,"['Santa Anastasia', 'Duomo', 'AMO', 'Palazzo della Ragione', 'Museo Conte']",Castelvecchio,strategy_nearest,False,0.0032057762145996094,success
0431B9429C4C80,1,"['Arena', 'Museo Lapidario', 'Castelvecchio']",Casa Giulietta,"['Centro Fotografia', 'Sighseeing', 'Torre Lamberti', 'Museo Conte', 'Museo Radio']",Torre Lamberti,strategy_nearest,True,0.004042148590087891,success
0431C33A9C4C81,2,"['Teatro Romano', 'Torre Lamberti']",Casa Giulietta,"['Centro Fotografia', 'Sighseeing', 'Museo Conte', 'Museo Radio', 'Palazzo della Ragione']",Duomo,strategy_nearest,False,0.0021638870239257812,success
0431C63A9C4C80,1,"['Castelvecchio', 'Palazzo della Ragione']",Torre Lamberti,"['Sighseeing', 'Centro Fotografia', 'Museo Conte', 'Casa Giulietta', 'AMO']",Arena,strategy_nearest,False,0.001531839370727539,success
0431C03A9C4C81,1,"['Arena', 'Castelvecchio', 'Palazzo della Ragione']",Casa Giulietta,"['Centro Fotografia', 'Sighseeing', 'Torre Lamberti', 'Museo Conte', 'Museo Radio']",Santa Anastasia,strategy_nearest,False,0.004048824310302734,success
0431CB3A9C4C80,3,"['Arena', 'San Fermo']",Torre Lamberti,"['Sighseeing', 'Centro Fotografia', 'Museo Conte', 'Casa Giulietta', 'Palazzo della Ragione']",Santa Anastasia,strategy_nearest,False,0.003371000289916992,success
0431CC3A9C4C80,1,['Arena'],Palazzo della Ragione,"['AMO', 'Museo Conte', 'Torre Lamberti', 'Centro Fotografia', 'Sighseeing']",Torre Lamberti,strategy_nearest,True,0.0022859573364257812,success
0431D13A9C4C80,2,"['Casa Giulietta', 'Torre Lamberti']",Palazzo della Ragione,"['AMO', 'Museo Conte', 'Centro Fotografia', 'Sighseeing', 'Santa Anastasia']",Duomo,strategy_nearest,False,0.0026230812072753906,success
0431DE3A9C4C80,3,"['Casa Giulietta', 'Arena']",Torre Lamberti,"['Sighseeing', 'Centro Fotografia', 'Museo Conte', 'Palazzo della Ragione', 'AMO']",Santa Anastasia,strategy_nearest,False,0.003435850143432617,success
0431E03A9C4C80,0,"['Casa Giulietta', 'Arena']",Tomba Giulietta,"['San Fermo', 'Museo Storia', 'Museo Lapidario', 'Museo Radio', 'Verona Tour']",Torre Lamberti,strategy_nearest,False,0.0031270980834960938,success
0431E2429C4C80,2,"['Teatro Romano', 'Castelvecchio']",Santa Anastasia,"['AMO', 'Museo Conte', 'Palazzo della Ragione', 'Centro Fotografia', 'Duomo']",Palazzo della Ragione,strategy_nearest,True,0.003068208694458008,success
0431EC429C4C80,1,"['Arena', 'Castelvecchio', 'Torre Lamberti']",Palazzo della Ragione,"['AMO', 'Museo Conte', 'Centro Fotografia', 'Sighseeing', 'Santa Anastasia']",Casa Giulietta,strategy_nearest,False,0.0020661354064941406,success
0431E63A9C4C80,3,"['Castelvecchio', 'Teatro Romano']",Santa Anastasia,"['AMO', 'Museo Conte', 'Palazzo della Ragione', 'Centro Fotografia', 'Duomo']",Torre Lamberti,strategy_nearest,False,0.003451108932495117,success
0431F03A9C4C80,3,['Castelvecchio'],Santa Anastasia,"['AMO', 'Museo Conte', 'Palazzo della Ragione', 'Teatro Romano', 'Centro Fotografia']",Duomo,strategy_nearest,False,0.003316164016723633,success
0431FE3A9C4C80,3,"['Arena', 'Casa Giulietta', 'Torre Lamberti']",Santa Anastasia,"['AMO', 'Museo Conte', 'Palazzo della Ragione', 'Teatro Romano', 'Centro Fotografia']",Duomo,strategy_nearest,False,0.003656148910522461,success
0432363A9C4C80,3,"['Duomo', 'Santa Anastasia']",Casa Giulietta,"['Centro Fotografia', 'Sighseeing', 'Torre Lamberti', 'Museo Conte', 'Museo Radio']",Arena,strategy_nearest,False,0.0019369125366210938,success
04323E3A9C4C80,0,['San Zeno'],Castelvecchio,"['Museo Lapidario', 'Verona Tour', 'Arena', 'Museo Radio', 'Sighseeing']",Arena,strategy_nearest,True,0.0025920867919921875,success
0432533A9C4C80,0,['Arena'],Casa Giulietta,"['Centro Fotografia', 'Sighseeing', 'Torre Lamberti', 'Museo Conte', 'Museo Radio']",Santa Anastasia,strategy_nearest,False,0.002207040786743164,success
043257429C4C80,1,"['Tomba Giulietta', 'Arena', 'Torre Lamberti']",Palazzo della Ragione,"['AMO', 'Museo Conte', 'Centro Fotografia', 'Sighseeing', 'Santa Anastasia']",Casa Giulietta,strategy_nearest,False,0.002554178237915039,success
043260429C4C80,0,['Castelvecchio'],Arena,"['Verona Tour', 'Museo Lapidario', 'Museo Radio', 'San Fermo', 'Casa Giulietta']",Casa Giulietta,strategy_nearest,True,0.003147125244140625,success
04326B429C4C81,0,"['Arena', 'Casa Giulietta']",Duomo,"['AMO', 'Museo Miniscalchi', 'Santa Anastasia', 'Teatro Romano', 'Palazzo della Ragione']",Teatro Romano,strategy_nearest,True,0.004186868667602539,success
043271429C4C80,0,['Arena'],Teatro Romano,"['Santa Anastasia', 'Duomo', 'AMO', 'Palazzo della Ragione', 'Museo Conte']",San Zeno,strategy_nearest,False,0.0036301612854003906,success
043270429C4C80,0,['Casa Giulietta'],Arena,"['Verona Tour', 'Museo Lapidario', 'Museo Radio', 'San Fermo', 'Sighseeing']",Tomba Giulietta,strategy_nearest,False,0.003593921661376953,success
04326E429C4C81,0,['Arena'],Casa Giulietta,"['Centro Fotografia', 'Sighseeing', 'Torre Lamberti', 'Museo Conte', 'Museo Radio']",Tomba Giulietta,strategy_nearest,False,0.005361080169677734,success
0432753A9C4C81,0,['Arena'],Casa Giulietta,"['Centro Fotografia', 'Sighseeing', 'Torre Lamberti', 'Museo Conte', 'Museo Radio']",Torre Lamberti,strategy_nearest,True,0.0024590492248535156,success
0432753A9C4C80,0,['Arena'],Casa Giulietta,"['Centro Fotografia', 'Sighseeing', 'Torre Lamberti', 'Museo Conte', 'Museo Radio']",Torre Lamberti,strategy_nearest,True,0.0019073486328125,success
043271429C4C81,0,['Arena'],Torre Lamberti,"['Sighseeing', 'Centro Fotografia', 'Museo Conte', 'Casa Giulietta', 'Palazzo della Ragione']",San Fermo,strategy_nearest,False,0.00415802001953125,success
043274429C4C80,2,['Casa Giulietta'],Giardino Giusti,"['Santa Anastasia', 'Teatro Romano', 'Museo Conte', 'Centro Fotografia', 'Museo Storia']",Castelvecchio,strategy_nearest,False,0.004163026809692383,success
0432794A9C4C81,0,['Arena'],Torre Lamberti,"['Sighseeing', 'Centro Fotografia', 'Museo Conte', 'Casa Giulietta', 'Palazzo della Ragione']",Casa Giulietta,strategy_nearest,True,0.0033159255981445312,success
04327E3A9C4C81,3,['Arena'],Torre Lamberti,"['Sighseeing', 'Centro Fotografia', 'Museo Conte', 'Casa Giulietta', 'Palazzo della Ragione']",Santa Anastasia,strategy_nearest,False,0.003340005874633789,success
0432783A9C4C80,3,"['Teatro Romano', 'Torre Lamberti', 'Arena']",San Fermo,"['Museo Storia', 'Museo Radio', 'Casa Giulietta', 'Centro Fotografia', 'Sighseeing']",San Zeno,strategy_nearest,False,0.0026018619537353516,success
04327A4A9C4C80,1,"['Tomba Giulietta', 'Arena', 'Castelvecchio']",Casa Giulietta,"['Centro Fotografia', 'Sighseeing', 'Torre Lamberti', 'Museo Conte', 'Museo Radio']",Santa Anastasia,strategy_nearest,False,0.003498077392578125,success
043283429C4C81,0,['Castelvecchio'],Arena,"['Verona Tour', 'Museo Lapidario', 'Museo Radio', 'San Fermo', 'Casa Giulietta']",Casa Giulietta,strategy_nearest,True,0.0015637874603271484,success
0432804A9C4C80,3,"['Arena', 'San Zeno', 'Castelvecchio']",Casa Giulietta,"['Centro Fotografia', 'Sighseeing', 'Torre Lamberti', 'Museo Conte', 'Museo Radio']",Santa Anastasia,strategy_nearest,False,0.002290964126586914,success
0432883A9C4C81,3,"['Torre Lamberti', 'Santa Anastasia']",Duomo,"['AMO', 'Museo Miniscalchi', 'Teatro Romano', 'Palazzo della Ragione', 'Museo Conte']",Casa Giulietta,strategy_nearest,False,0.003379344940185547,success
0432813A9C4C81,3,"['Arena', 'Castelvecchio', 'Giardino Giusti']",San Fermo,"['Museo Storia', 'Museo Radio', 'Casa Giulietta', 'Centro Fotografia', 'Sighseeing']",Teatro Romano,strategy_nearest,False,0.002914905548095703,success
04328C3A9C4C80,3,['Arena'],Santa Anastasia,"['AMO', 'Museo Conte', 'Palazzo della Ragione', 'Teatro Romano', 'Centro Fotografia']",Duomo,strategy_nearest,False,0.002512216567993164,success
04328F4A9C4C81,3,"['Arena', 'Museo Lapidario', 'Castelvecchio', 'Duomo']",Santa Anastasia,"['AMO', 'Museo Conte', 'Palazzo della Ragione', 'Teatro Romano', 'Centro Fotografia']",Torre Lamberti,strategy_nearest,False,0.002744913101196289,success
04328E3A9C4C81,3,"['Arena', 'Casa Giulietta']",San Fermo,"['Museo Storia', 'Museo Radio', 'Centro Fotografia', 'Sighseeing', 'Torre Lamberti']",Santa Anastasia,strategy_nearest,False,0.0025489330291748047,success
0432924A9C4C81,1,"['Arena', 'Torre Lamberti', 'Palazzo della Ragione']",Santa Anastasia,"['AMO', 'Museo Conte', 'Teatro Romano', 'Centro Fotografia', 'Duomo']",Duomo,strategy_nearest,True,0.0035638809204101562,success
043299429C4C80,2,['Castelvecchio'],Casa Giulietta,"['Centro Fotografia', 'Sighseeing', 'Torre Lamberti', 'Museo Conte', 'Museo Radio']",Torre Lamberti,strategy_nearest,True,0.0024118423461914062,success
04329F429C4C80,1,"['Arena', 'Torre Lamberti']",Palazzo della Ragione,"['AMO', 'Museo Conte', 'Centro Fotografia', 'Sighseeing', 'Santa Anastasia']",Santa Anastasia,strategy_nearest,True,0.0019199848175048828,success
04329D429C4C80,1,"['Castelvecchio', 'Palazzo della Ragione']",Torre Lamberti,"['Sighseeing', 'Centro Fotografia', 'Museo Conte', 'Casa Giulietta', 'AMO']",Arena,strategy_nearest,False,0.002588033676147461,success
04329C429C4C80,1,['Castelvecchio'],Arena,"['Verona Tour', 'Museo Lapidario', 'Museo Radio', 'San Fermo', 'Casa Giulietta']",Casa Giulietta,strategy_nearest,True,0.0040988922119140625,success
04329F4A9C4C81,0,['Arena'],Torre Lamberti,"['Sighseeing', 'Centro Fotografia', 'Museo Conte', 'Casa Giulietta', 'Palazzo della Ragione']",Torre Lamberti,strategy_nearest,False,0.0030150413513183594,success
0432A04A9C4C80,2,"['Casa Giulietta', 'Palazzo della Ragione']",Torre Lamberti,"['Sighseeing', 'Centro Fotografia', 'Museo Conte', 'AMO', 'Museo Miniscalchi']",Santa Anastasia,strategy_nearest,False,0.002843141555786133,success
0432A24A9C4C80,1,"['Castelvecchio', 'Arena']",Casa Giulietta,"['Centro Fotografia', 'Sighseeing', 'Torre Lamberti', 'Museo Conte', 'Museo Radio']",Palazzo della Ragione,strategy_nearest,False,0.0020728111267089844,success
0432A34A9C4C80,3,"['Arena', 'Casa Giulietta']",Santa Anastasia,"['AMO', 'Museo Conte', 'Palazzo della Ragione', 'Teatro Romano', 'Centro Fotografia']",Duomo,strategy_nearest,False,0.003237009048461914,success
0432A9429C4C80,1,"['Museo Lapidario', 'Arena', 'Palazzo della Ragione']",Santa Anastasia,"['AMO', 'Museo Conte', 'Teatro Romano', 'Centro Fotografia', 'Duomo']",Duomo,strategy_nearest,True,0.0026540756225585938,success
0432B0429C4C80,0,['Arena'],Casa Giulietta,"['Centro Fotografia', 'Sighseeing', 'Torre Lamberti', 'Museo Conte', 'Museo Radio']",Torre Lamberti,strategy_nearest,True,0.0018410682678222656,success
0432B2429C4C80,1,"['San Zeno', 'Arena']",Palazzo della Ragione,"['AMO', 'Museo Conte', 'Torre Lamberti', 'Centro Fotografia', 'Sighseeing']",Torre Lamberti,strategy_nearest,True,0.002180814743041992,success
0432B43A9C4C80,0,['Torre Lamberti'],Museo Storia,"['San Fermo', 'Museo Radio', 'Casa Giulietta', 'Centro Fotografia', 'Tomba Giulietta']",Arena,strategy_nearest,False,0.0032930374145507812,success
0432C13A9C4C81,0,['Arena'],Castelvecchio,"['Museo Lapidario', 'Verona Tour', 'Museo Radio', 'San Zeno', 'Sighseeing']",Casa Giulietta,strategy_nearest,False,0.002532958984375,success
0432B53A9C4C81,3,['Arena'],Santa Anastasia,"['AMO', 'Museo Conte', 'Palazzo della Ragione', 'Teatro Romano', 'Centro Fotografia']",Teatro Romano,strategy_nearest,True,0.0028171539306640625,success
0432C63A9C4C80,3,"['Arena', 'San Fermo']",Casa Giulietta,"['Centro Fotografia', 'Sighseeing', 'Torre Lamberti', 'Museo Conte', 'Museo Radio']",Santa Anastasia,strategy_nearest,False,0.0033538341522216797,success
0432C93A9C4C80,0,['Arena'],Casa Giulietta,"['Centro Fotografia', 'Sighseeing', 'Torre Lamberti', 'Museo Conte', 'Museo Radio']",Torre Lamberti,strategy_nearest,True,0.002969980239868164,success
0432C9429C4C80,3,['Arena'],Santa Anastasia,"['AMO', 'Museo Conte', 'Palazzo della Ragione', 'Teatro Romano', 'Centro Fotografia']",San Zeno,strategy_nearest,False,0.0028328895568847656,success
0432F4429C4C80,3,['Arena'],Torre Lamberti,"['Sighseeing', 'Centro Fotografia', 'Museo Conte', 'Casa Giulietta', 'Palazzo della Ragione']",San Fermo,strategy_nearest,False,0.003283977508544922,success
0432DE3A9C4C80,0,['Casa Giulietta'],Arena,"['Verona Tour', 'Museo Lapidario', 'Museo Radio', 'San Fermo', 'Sighseeing']",Castelvecchio,strategy_nearest,False,0.0020821094512939453,success
0432F33A9C4C80,0,['Arena'],Casa Giulietta,"['Centro Fotografia', 'Sighseeing', 'Torre Lamberti', 'Museo Conte', 'Museo Radio']",Castelvecchio,strategy_nearest,False,0.002744913101196289,success
0432FF429C4C80,0,['Arena'],Torre Lamberti,"['Sighseeing', 'Centro Fotografia', 'Museo Conte', 'Casa Giulietta', 'Palazzo della Ragione']",Castelvecchio,strategy_nearest,False,0.002608060836791992,success
043334429C4C80,1,"['Arena', 'Castelvecchio', 'San Zeno']",Casa Giulietta,"['Centro Fotografia', 'Sighseeing', 'Torre Lamberti', 'Museo Conte', 'Museo Radio']",Torre Lamberti,strategy_nearest,True,0.002031087875366211,success
043333429C4C80,0,['Castelvecchio'],San Zeno,"['Verona Tour', 'Museo Lapidario', 'Arena', 'Museo Miniscalchi', 'Sighseeing']",Casa Giulietta,strategy_nearest,False,0.0034019947052001953,success
0433363A9C4C80,2,"['Casa Giulietta', 'Torre Lamberti']",Castelvecchio,"['Museo Lapidario', 'Verona Tour', 'Arena', 'Museo Radio', 'San Zeno']",San Zeno,strategy_nearest,True,0.0022547245025634766,success
043336429C4C80,3,"['Arena', 'Castelvecchio']",San Fermo,"['Museo Storia', 'Museo Radio', 'Casa Giulietta', 'Centro Fotografia', 'Sighseeing']",Casa Giulietta,strategy_nearest,True,0.0023140907287597656,success
04333B3A9C4C80,3,['Arena'],Santa Anastasia,"['AMO', 'Museo Conte', 'Palazzo della Ragione', 'Teatro Romano', 'Centro Fotografia']",Duomo,strategy_nearest,False,0.002125978469848633,success
0433413A9C4C80,3,"['San Zeno', 'Castelvecchio', 'Arena']",Giardino Giusti,"['Santa Anastasia', 'Teatro Romano', 'Museo Conte', 'Centro Fotografia', 'Museo Storia']",Teatro Romano,strategy_nearest,True,0.0033779144287109375,success
0433433A9C4C80,1,"['Duomo', 'Teatro Romano', 'Arena']",Casa Giulietta,"['Centro Fotografia', 'Sighseeing', 'Torre Lamberti', 'Museo Conte', 'Museo Radio']",Torre Lamberti,strategy_nearest,True,0.0026521682739257812,success
04335E3A9C4C80,1,"['Arena', 'Palazzo della Ragione']",Torre Lamberti,"['Sighseeing', 'Centro Fotografia', 'Museo Conte', 'Casa Giulietta', 'AMO']",Casa Giulietta,strategy_nearest,True,0.002743959426879883,success
0433463A9C4C80,0,"['Arena', 'Castelvecchio']",Duomo,"['AMO', 'Museo Miniscalchi', 'Santa Anastasia', 'Teatro Romano', 'Palazzo della Ragione']",Teatro Romano,strategy_nearest,True,0.0021080970764160156,success
043345429C4C80,0,['Arena'],Casa Giulietta,"['Centro Fotografia', 'Sighseeing', 'Torre Lamberti', 'Museo Conte', 'Museo Radio']",Torre Lamberti,strategy_nearest,True,0.0029497146606445312,success
043352429C4C80,0,['Castelvecchio'],Casa Giulietta,"['Centro Fotografia', 'Sighseeing', 'Torre Lamberti', 'Museo Conte', 'Museo Radio']",Arena,strategy_nearest,False,0.0036139488220214844,success
0433633A9C4C80,0,['Teatro Romano'],Arena,"['Verona Tour', 'Museo Lapidario', 'Museo Radio', 'San Fermo', 'Casa Giulietta']",Castelvecchio,strategy_nearest,False,0.0027251243591308594,success
04336D3A9C4C80,3,"['Arena', 'Castelvecchio', 'Casa Giulietta']",Duomo,"['AMO', 'Museo Miniscalchi', 'Santa Anastasia', 'Teatro Romano', 'Palazzo della Ragione']",Teatro Romano,strategy_nearest,True,0.001352071762084961,success
04336E3A9C4C80,3,"['Castelvecchio', 'Teatro Romano', 'San Zeno']",Santa Anastasia,"['AMO', 'Museo Conte', 'Palazzo della Ragione', 'Centro Fotografia', 'Duomo']",San Fermo,strategy_nearest,False,0.002702951431274414,success
04336E429C4C80,3,"['Casa Giulietta', 'Santa Anastasia']",Teatro Romano,"['Duomo', 'AMO', 'Palazzo della Ragione', 'Museo Conte', 'Centro Fotografia']",Duomo,strategy_nearest,True,0.0031480789184570312,success
043369429C4C80,1,['Casa Giulietta'],Arena,"['Verona Tour', 'Museo Lapidario', 'Museo Radio', 'San Fermo', 'Sighseeing']",Torre Lamberti,strategy_nearest,False,0.004204988479614258,success
043371429C4C80,3,"['Castelvecchio', 'San Zeno', 'Torre Lamberti']",Arena,"['Verona Tour', 'Museo Lapidario', 'Museo Radio', 'San Fermo', 'Casa Giulietta']",Teatro Romano,strategy_nearest,False,0.002256155014038086,success
0433703A9C4C80,3,"['Museo Lapidario', 'Arena', 'San Fermo']",Casa Giulietta,"['Centro Fotografia', 'Sighseeing', 'Torre Lamberti', 'Museo Conte', 'Museo Radio']",Santa Anastasia,strategy_nearest,False,0.002930879592895508,success
043372429C4C81,2,['Casa Giulietta'],Santa Anastasia,"['AMO', 'Museo Conte', 'Palazzo della Ragione', 'Teatro Romano', 'Centro Fotografia']",Teatro Romano,strategy_nearest,True,0.0026700496673583984,success
043374429C4C80,1,"['Arena', 'Torre Lamberti', 'Palazzo della Ragione']",Casa Giulietta,"['Centro Fotografia', 'Sighseeing', 'Museo Conte', 'Museo Radio', 'San Fermo']",San Fermo,strategy_nearest,True,0.003290891647338867,success
043376429C4C81,3,"['Castelvecchio', 'Arena', 'Museo Lapidario']",Santa Anastasia,"['AMO', 'Museo Conte', 'Palazzo della Ragione', 'Teatro Romano', 'Centro Fotografia']",Casa Giulietta,strategy_nearest,False,0.0026466846466064453,success
04337C4A9C4C80,0,['Arena'],Torre Lamberti,"['Sighseeing', 'Centro Fotografia', 'Museo Conte', 'Casa Giulietta', 'Palazzo della Ragione']",Duomo,strategy_nearest,False,0.0019083023071289062,success
0433773A9C4C81,0,['Arena'],Museo Lapidario,"['Verona Tour', 'Castelvecchio', 'Museo Radio', 'San Fermo', 'Casa Giulietta']",Arena,strategy_nearest,False,0.0030410289764404297,success
04337A4A9C4C81,1,['Arena'],Castelvecchio,"['Museo Lapidario', 'Verona Tour', 'Museo Radio', 'San Zeno', 'Sighseeing']",Palazzo della Ragione,strategy_nearest,False,0.0027990341186523438,success
043379429C4C80,0,['Arena'],Casa Giulietta,"['Centro Fotografia', 'Sighseeing', 'Torre Lamberti', 'Museo Conte', 'Museo Radio']",Torre Lamberti,strategy_nearest,True,0.0023763179779052734,success
043386429C4C81,0,['Castelvecchio'],Arena,"['Verona Tour', 'Museo Lapidario', 'Museo Radio', 'San Fermo', 'Casa Giulietta']",Torre Lamberti,strategy_nearest,False,0.0026710033416748047,success
0433814A9C4C80,3,"['Duomo', 'Torre Lamberti']",San Fermo,"['Museo Storia', 'Museo Radio', 'Casa Giulietta', 'Centro Fotografia', 'Arena']",Arena,strategy_nearest,True,0.0020940303802490234,success
04338A429C4C80,0,"['Arena', 'Castelvecchio']",San Zeno,"['Verona Tour', 'Museo Lapidario', 'Museo Miniscalchi', 'Sighseeing', 'Museo Radio']",Tomba Giulietta,strategy_nearest,False,0.0033190250396728516,success
0433884A9C4C81,0,['Arena'],Torre Lamberti,"['Sighseeing', 'Centro Fotografia', 'Museo Conte', 'Casa Giulietta', 'Palazzo della Ragione']",Casa Giulietta,strategy_nearest,True,0.0028030872344970703,success
04338A429C4C81,3,['Santa Anastasia'],Duomo,"['AMO', 'Museo Miniscalchi', 'Teatro Romano', 'Palazzo della Ragione', 'Museo Conte']",Arena,strategy_nearest,False,0.0023610591888427734,success
04338E3A9C4C81,2,['Castelvecchio'],Torre Lamberti,"['Sighseeing', 'Centro Fotografia', 'Museo Conte', 'Casa Giulietta', 'Palazzo della Ragione']",Casa Giulietta,strategy_nearest,True,0.0023479461669921875,success
04338F4A9C4C80,3,"['Casa Giulietta', 'Santa Anastasia']",Arena,"['Verona Tour', 'Museo Lapidario', 'Museo Radio', 'San Fermo', 'Sighseeing']",Castelvecchio,strategy_nearest,False,0.0028281211853027344,success
0433924A9C4C81,0,['Arena'],Casa Giulietta,"['Centro Fotografia', 'Sighseeing', 'Torre Lamberti', 'Museo Conte', 'Museo Radio']",Giardino Giusti,strategy_nearest,False,0.002717256546020508,success
0433904A9C4C81,1,"['Arena', 'Casa Giulietta', 'Torre Lamberti']",Palazzo della Ragione,"['AMO', 'Museo Conte', 'Centro Fotografia', 'Sighseeing', 'Santa Anastasia']",Santa Anastasia,strategy_nearest,True,0.0028028488159179688,success
0433944A9C4C81,3,['Arena'],Santa Anastasia,"['AMO', 'Museo Conte', 'Palazzo della Ragione', 'Teatro Romano', 'Centro Fotografia']",Duomo,strategy_nearest,False,0.003353118896484375,success
0433A04A9C4C80,1,"['Arena', 'Casa Giulietta']",Palazzo della Ragione,"['AMO', 'Museo Conte', 'Torre Lamberti', 'Centro Fotografia', 'Sighseeing']",Torre Lamberti,strategy_nearest,True,0.002093076705932617,success
0433A3429C4C81,0,['Arena'],San Zeno,"['Castelvecchio', 'Verona Tour', 'Museo Lapidario', 'Museo Miniscalchi', 'Sighseeing']",Castelvecchio,strategy_nearest,True,0.003245115280151367,success
0433954A9C4C81,4,"['Museo Lapidario', 'Arena', 'Castelvecchio', 'San Fermo']",Torre Lamberti,"['Sighseeing', 'Centro Fotografia', 'Museo Conte', 'Casa Giulietta', 'Palazzo della Ragione']",Casa Giulietta,strategy_nearest,True,0.0027587413787841797,success
04339A429C4C81,1,['Torre Lamberti'],Palazzo della Ragione,"['AMO', 'Museo Conte', 'Centro Fotografia', 'Sighseeing', 'Santa Anastasia']",Santa Anastasia,strategy_nearest,True,0.003393888473510742,success
0433A872743380,3,"['Museo Storia', 'Giardino Giusti', 'Teatro Romano', 'Santa Anastasia']",Torre Lamberti,"['Sighseeing', 'Centro Fotografia', 'Museo Conte', 'Casa Giulietta', 'Palazzo della Ragione']",Casa Giulietta,strategy_nearest,True,0.0013859272003173828,success
0433A64A9C4C81,3,"['Arena', 'Casa Giulietta']",Torre Lamberti,"['Sighseeing', 'Centro Fotografia', 'Museo Conte', 'Palazzo della Ragione', 'AMO']",Santa Anastasia,strategy_nearest,False,0.002641916275024414,success
0433A84A9C4C80,1,"['Casa Giulietta', 'San Fermo', 'Arena']",Torre Lamberti,"['Sighseeing', 'Centro Fotografia', 'Museo Conte', 'Palazzo della Ragione', 'AMO']",Santa Anastasia,strategy_nearest,False,0.002012968063354492,success
0433A9429C4C81,2,"['Castelvecchio', 'San Zeno']",Santa Anastasia,"['AMO', 'Museo Conte', 'Palazzo della Ragione', 'Teatro Romano', 'Centro Fotografia']",Duomo,strategy_nearest,False,0.0033788681030273438,success
0433AB3A9C4C80,1,"['Arena', 'Casa Giulietta', 'Torre Lamberti']",Palazzo della Ragione,"['AMO', 'Museo Conte', 'Centro Fotografia', 'Sighseeing', 'Santa Anastasia']",Palazzo della Ragione,strategy_nearest,False,0.0021491050720214844,success
0433AA4A9C4C81,0,['Arena'],Casa Giulietta,"['Centro Fotografia', 'Sighseeing', 'Torre Lamberti', 'Museo Conte', 'Museo Radio']",Torre Lamberti,strategy_nearest,True,0.002871990203857422,success
0433AB3A9C4C81,3,['Arena'],Santa Anastasia,"['AMO', 'Museo Conte', 'Palazzo della Ragione', 'Teatro Romano', 'Centro Fotografia']",San Zeno,strategy_nearest,False,0.003168821334838867,success
0433B1429C4C80,3,"['Arena', 'Casa Giulietta']",Santa Anastasia,"['AMO', 'Museo Conte', 'Palazzo della Ragione', 'Teatro Romano', 'Centro Fotografia']",Teatro Romano,strategy_nearest,True,0.0021390914916992188,success
0433AC3A9C4C81,1,"['Arena', 'Torre Lamberti']",Palazzo della Ragione,"['AMO', 'Museo Conte', 'Centro Fotografia', 'Sighseeing', 'Santa Anastasia']",Casa Giulietta,strategy_nearest,False,0.0031502246856689453,success
0433AF3A9C4C81,0,['Castelvecchio'],Casa Giulietta,"['Centro Fotografia', 'Sighseeing', 'Torre Lamberti', 'Museo Conte', 'Museo Radio']",Arena,strategy_nearest,False,0.004069089889526367,success
0433B13A9C4C80,2,['Casa Giulietta'],Torre Lamberti,"['Sighseeing', 'Centro Fotografia', 'Museo Conte', 'Palazzo della Ragione', 'AMO']",Palazzo della Ragione,strategy_nearest,True,0.002794027328491211,success
0433B23A9C4C80,1,"['Arena', 'Casa Giulietta']",Torre Lamberti,"['Sighseeing', 'Centro Fotografia', 'Museo Conte', 'Palazzo della Ragione', 'AMO']",Palazzo della Ragione,strategy_nearest,True,0.0014238357543945312,success
0433B2429C4C80,3,"['Casa Giulietta', 'Teatro Romano', 'Torre Lamberti', 'Arena']",Duomo,"['AMO', 'Museo Miniscalchi', 'Santa Anastasia', 'Palazzo della Ragione', 'Museo Conte']",Santa Anastasia,strategy_nearest,True,0.002034902572631836,success
0433B63A9C4C81,0,"['Torre Lamberti', 'San Fermo']",Arena,"['Verona Tour', 'Museo Lapidario', 'Museo Radio', 'Casa Giulietta', 'Sighseeing']",Castelvecchio,strategy_nearest,False,0.0026493072509765625,success
0433B83A9C4C80,3,['Arena'],Casa Giulietta,"['Centro Fotografia', 'Sighseeing', 'Torre Lamberti', 'Museo Conte', 'Museo Radio']",Santa Anastasia,strategy_nearest,False,0.0030279159545898438,success
0433BB3A9C4C80,3,['Torre Lamberti'],Santa Anastasia,"['AMO', 'Museo Conte', 'Palazzo della Ragione', 'Teatro Romano', 'Centro Fotografia']",Arena,strategy_nearest,False,0.0017931461334228516,success
0433BF429C4C81,3,"['Arena', 'Casa Giulietta']",Santa Anastasia,"['AMO', 'Museo Conte', 'Palazzo della Ragione', 'Teatro Romano', 'Centro Fotografia']",Duomo,strategy_nearest,False,0.0026962757110595703,success
0433C43A9C4C81,0,"['Castelvecchio', 'Arena']",Casa Giulietta,"['Centro Fotografia', 'Sighseeing', 'Torre Lamberti', 'Museo Conte', 'Museo Radio']",Torre Lamberti,strategy_nearest,True,0.0023200511932373047,success
0433C33A9C4C81,0,['Arena'],Casa Giulietta,"['Centro Fotografia', 'Sighseeing', 'Torre Lamberti', 'Museo Conte', 'Museo Radio']",Teatro Romano,strategy_nearest,False,0.004080057144165039,success
0433C23A9C4C81,2,"['Castelvecchio', 'Santa Anastasia']",Teatro Romano,"['Duomo', 'AMO', 'Palazzo della Ragione', 'Museo Conte', 'Centro Fotografia']",Duomo,strategy_nearest,True,0.0030069351196289062,success
0433C93A9C4C81,1,"['Arena', 'Casa Giulietta']",Palazzo della Ragione,"['AMO', 'Museo Conte', 'Torre Lamberti', 'Centro Fotografia', 'Sighseeing']",Torre Lamberti,strategy_nearest,True,0.002744913101196289,success
0433E4429C4C80,3,"['Teatro Romano', 'Casa Giulietta']",Santa Anastasia,"['AMO', 'Museo Conte', 'Palazzo della Ragione', 'Centro Fotografia', 'Duomo']",Castelvecchio,strategy_nearest,False,0.002664804458618164,success
0433CF3A9C4C80,2,['Castelvecchio'],San Zeno,"['Verona Tour', 'Museo Lapidario', 'Arena', 'Museo Miniscalchi', 'Sighseeing']",Duomo,strategy_nearest,False,0.0020020008087158203,success
0433FA3A9C4C80,3,['Arena'],San Zeno,"['Castelvecchio', 'Verona Tour', 'Museo Lapidario', 'Museo Miniscalchi', 'Sighseeing']",Duomo,strategy_nearest,False,0.003465890884399414,success
0433FE429C4C80,1,"['Arena', 'San Fermo', 'Casa Giulietta']",Palazzo della Ragione,"['AMO', 'Museo Conte', 'Torre Lamberti', 'Centro Fotografia', 'Sighseeing']",Torre Lamberti,strategy_nearest,True,0.003159046173095703,success
04343A3A9C4C80,1,"['San Fermo', 'Casa Giulietta', 'Torre Lamberti', 'Palazzo della Ragione']",Santa Anastasia,"['AMO', 'Museo Conte', 'Teatro Romano', 'Centro Fotografia', 'Duomo']",Duomo,strategy_nearest,True,0.002485990524291992,success
043403429C4C84,1,"['Arena', 'Castelvecchio', 'San Zeno']",Casa Giulietta,"['Centro Fotografia', 'Sighseeing', 'Torre Lamberti', 'Museo Conte', 'Museo Radio']",Teatro Romano,strategy_nearest,False,0.0033779144287109375,success
0434473A9C4C80,3,['Arena'],Santa Anastasia,"['AMO', 'Museo Conte', 'Palazzo della Ragione', 'Teatro Romano', 'Centro Fotografia']",San Zeno,strategy_nearest,False,0.0025320053100585938,success
04343D429C4C80,0,['Duomo'],Casa Giulietta,"['Centro Fotografia', 'Sighseeing', 'Torre Lamberti', 'Museo Conte', 'Museo Radio']",Arena,strategy_nearest,False,0.0037870407104492188,success
043452429C4C80,2,"['Castelvecchio', 'Torre Lamberti']",Palazzo della Ragione,"['AMO', 'Museo Conte', 'Centro Fotografia', 'Sighseeing', 'Santa Anastasia']",Casa Giulietta,strategy_nearest,False,0.0033876895904541016,success
043454429C4C80,3,['Arena'],Casa Giulietta,"['Centro Fotografia', 'Sighseeing', 'Torre Lamberti', 'Museo Conte', 'Museo Radio']",Santa Anastasia,strategy_nearest,False,0.002858877182006836,success
0434553A9C4C80,0,['Arena'],Casa Giulietta,"['Centro Fotografia', 'Sighseeing', 'Torre Lamberti', 'Museo Conte', 'Museo Radio']",Torre Lamberti,strategy_nearest,True,0.0026781558990478516,success
043455429C4C80,0,['Arena'],Casa Giulietta,"['Centro Fotografia', 'Sighseeing', 'Torre Lamberti', 'Museo Conte', 'Museo Radio']",Torre Lamberti,strategy_nearest,True,0.004042863845825195,success
04345B429C4C80,0,"['Arena', 'Casa Giulietta']",Teatro Romano,"['Santa Anastasia', 'Duomo', 'AMO', 'Palazzo della Ragione', 'Museo Conte']",Castelvecchio,strategy_nearest,False,0.0029592514038085938,success
043464429C4C80,2,['Casa Giulietta'],Casa Giulietta,"['Centro Fotografia', 'Sighseeing', 'Torre Lamberti', 'Museo Conte', 'Museo Radio']",Castelvecchio,strategy_nearest,False,0.0046498775482177734,success
0434733A9C4C81,0,['Arena'],Casa Giulietta,"['Centro Fotografia', 'Sighseeing', 'Torre Lamberti', 'Museo Conte', 'Museo Radio']",Torre Lamberti,strategy_nearest,True,0.0018701553344726562,success
0434763A9C4C81,3,['Santa Anastasia'],Duomo,"['AMO', 'Museo Miniscalchi', 'Teatro Romano', 'Palazzo della Ragione', 'Museo Conte']",Casa Giulietta,strategy_nearest,False,0.002795696258544922,success
04346E429C4C80,2,"['Casa Giulietta', 'Santa Anastasia']",Palazzo della Ragione,"['AMO', 'Museo Conte', 'Torre Lamberti', 'Centro Fotografia', 'Sighseeing']",Castelvecchio,strategy_nearest,False,0.00498509407043457,success
0434853A9C4C80,3,"['San Fermo', 'Torre Lamberti', 'Arena']",Castelvecchio,"['Museo Lapidario', 'Verona Tour', 'Museo Radio', 'San Zeno', 'Sighseeing']",Casa Giulietta,strategy_nearest,False,0.0024461746215820312,success
043479429C4C80,3,"['Castelvecchio', 'Torre Lamberti']",San Fermo,"['Museo Storia', 'Museo Radio', 'Casa Giulietta', 'Centro Fotografia', 'Arena']",Santa Anastasia,strategy_nearest,False,0.002775907516479492,success
0434824A9C4C81,3,['Santa Anastasia'],Duomo,"['AMO', 'Museo Miniscalchi', 'Teatro Romano', 'Palazzo della Ragione', 'Museo Conte']",Arena,strategy_nearest,False,0.003515005111694336,success
0434984A9C4C81,3,"['Arena', 'Castelvecchio']",Casa Giulietta,"['Centro Fotografia', 'Sighseeing', 'Torre Lamberti', 'Museo Conte', 'Museo Radio']",Santa Anastasia,strategy_nearest,False,0.0015537738800048828,success
043499429C4C80,3,"['Arena', 'Casa Giulietta']",Santa Anastasia,"['AMO', 'Museo Conte', 'Palazzo della Ragione', 'Teatro Romano', 'Centro Fotografia']",Teatro Romano,strategy_nearest,True,0.0025730133056640625,success
0434944A9C4C81,3,['Arena'],Castelvecchio,"['Museo Lapidario', 'Verona Tour', 'Museo Radio', 'San Zeno', 'Sighseeing']",Santa Anastasia,strategy_nearest,False,0.0029718875885009766,success
043499429C4C81,3,"['Tomba Giulietta', 'Arena', 'Casa Giulietta']",Torre Lamberti,"['Sighseeing', 'Centro Fotografia', 'Museo Conte', 'Palazzo della Ragione', 'AMO']",Santa Anastasia,strategy_nearest,False,0.0040471553802490234,success
0434A74A9C4C80,0,['Arena'],Casa Giulietta,"['Centro Fotografia', 'Sighseeing', 'Torre Lamberti', 'Museo Conte', 'Museo Radio']",Castelvecchio,strategy_nearest,False,0.0029060840606689453,success
0434A34A9C4C80,0,['Arena'],Torre Lamberti,"['Sighseeing', 'Centro Fotografia', 'Museo Conte', 'Casa Giulietta', 'Palazzo della Ragione']",San Zeno,strategy_nearest,False,0.002432107925415039,success
0434A04A9C4C81,1,"['Tomba Giulietta', 'Arena', 'Castelvecchio']",Casa Giulietta,"['Centro Fotografia', 'Sighseeing', 'Torre Lamberti', 'Museo Conte', 'Museo Radio']",Santa Anastasia,strategy_nearest,False,0.004049062728881836,success
0434A83A9C4C80,3,"['Castelvecchio', 'Torre Lamberti', 'Casa Giulietta']",Santa Anastasia,"['AMO', 'Museo Conte', 'Palazzo della Ragione', 'Teatro Romano', 'Centro Fotografia']",Teatro Romano,strategy_nearest,True,0.0033979415893554688,success
0434A83A9C4C81,0,['Castelvecchio'],Arena,"['Verona Tour', 'Museo Lapidario', 'Museo Radio', 'San Fermo', 'Casa Giulietta']",Santa Anastasia,strategy_nearest,False,0.0025353431701660156,success
0434AA4A9C4C81,0,['Arena'],Casa Giulietta,"['Centro Fotografia', 'Sighseeing', 'Torre Lamberti', 'Museo Conte', 'Museo Radio']",Torre Lamberti,strategy_nearest,True,0.0028429031372070312,success
0434A93A9C4C80,3,"['Arena', 'Teatro Romano']",San Zeno,"['Castelvecchio', 'Verona Tour', 'Museo Lapidario', 'Museo Miniscalchi', 'Sighseeing']",Duomo,strategy_nearest,False,0.002943277359008789,success
0434AB429C4C81,0,['San Fermo'],Casa Giulietta,"['Centro Fotografia', 'Sighseeing', 'Torre Lamberti', 'Museo Conte', 'Museo Radio']",Arena,strategy_nearest,False,0.0032072067260742188,success
0434AB3A9C4C80,3,"['Museo Lapidario', 'Arena', 'San Fermo']",Museo Storia,"['Museo Radio', 'Casa Giulietta', 'Centro Fotografia', 'Tomba Giulietta', 'Torre Lamberti']",Teatro Romano,strategy_nearest,False,0.0027570724487304688,success
0434B7429C4C80,0,['Arena'],Casa Giulietta,"['Centro Fotografia', 'Sighseeing', 'Torre Lamberti', 'Museo Conte', 'Museo Radio']",Torre Lamberti,strategy_nearest,True,0.001889944076538086,success
0434B83A9C4C80,0,"['Arena', 'Castelvecchio']",Torre Lamberti,"['Sighseeing', 'Centro Fotografia', 'Museo Conte', 'Casa Giulietta', 'Palazzo della Ragione']",Casa Giulietta,strategy_nearest,True,0.002498626708984375,success
0434B0429C4C81,1,['Arena'],Castelvecchio,"['Museo Lapidario', 'Verona Tour', 'Museo Radio', 'San Zeno', 'Sighseeing']",Palazzo della Ragione,strategy_nearest,False,0.002540111541748047,success
0434BB3A9C4C80,2,['Torre Lamberti'],Duomo,"['AMO', 'Museo Miniscalchi', 'Santa Anastasia', 'Teatro Romano', 'Palazzo della Ragione']",Castelvecchio,strategy_nearest,False,0.0026090145111083984,success
0434BF429C4C81,0,['Arena'],Casa Giulietta,"['Centro Fotografia', 'Sighseeing', 'Torre Lamberti', 'Museo Conte', 'Museo Radio']",Santa Anastasia,strategy_nearest,False,0.0022079944610595703,success
0434C13A9C4C80,3,"['San Zeno', 'Arena']",Torre Lamberti,"['Sighseeing', 'Centro Fotografia', 'Museo Conte', 'Casa Giulietta', 'Palazzo della Ragione']",Duomo,strategy_nearest,False,0.002802133560180664,success
0434C8429C4C81,3,['Arena'],Casa Giulietta,"['Centro Fotografia', 'Sighseeing', 'Torre Lamberti', 'Museo Conte', 'Museo Radio']",Torre Lamberti,strategy_nearest,True,0.0031533241271972656,success
0434EE429C4C80,3,"['Arena', 'Museo Lapidario', 'Castelvecchio']",Santa Anastasia,"['AMO', 'Museo Conte', 'Palazzo della Ragione', 'Teatro Romano', 'Centro Fotografia']",Teatro Romano,strategy_nearest,True,0.001971006393432617,success
0434E03A9C4C80,3,"['Arena', 'Torre Lamberti', 'Tomba Giulietta']",Museo Storia,"['San Fermo', 'Museo Radio', 'Casa Giulietta', 'Centro Fotografia', 'Sighseeing']",Teatro Romano,strategy_nearest,False,0.0044629573822021484,success
043539429C4C80,2,['San Fermo'],Casa Giulietta,"['Centro Fotografia', 'Sighseeing', 'Torre Lamberti', 'Museo Conte', 'Museo Radio']",Torre Lamberti,strategy_nearest,True,0.0018901824951171875,success
04353F3A9C4C80,2,"['Castelvecchio', 'Casa Giulietta', 'Torre Lamberti']",Palazzo della Ragione,"['AMO', 'Museo Conte', 'Centro Fotografia', 'Sighseeing', 'Santa Anastasia']",Santa Anastasia,strategy_nearest,True,0.003200054168701172,success
0435423A9C4C80,0,"['Arena', 'Casa Giulietta']",Torre Lamberti,"['Sighseeing', 'Centro Fotografia', 'Museo Conte', 'Palazzo della Ragione', 'AMO']",Tomba Giulietta,strategy_nearest,False,0.0020771026611328125,success
0435443A9C4C80,0,['Duomo'],Casa Giulietta,"['Centro Fotografia', 'Sighseeing', 'Torre Lamberti', 'Museo Conte', 'Museo Radio']",Arena,strategy_nearest,False,0.002554655075073242,success
04354E429C4C80,1,"['Arena', 'Santa Anastasia', 'Torre Lamberti']",Palazzo della Ragione,"['AMO', 'Museo Conte', 'Centro Fotografia', 'Sighseeing', 'Museo Miniscalchi']",Duomo,strategy_nearest,False,0.003231048583984375,success
043553429C4C80,1,"['Casa Giulietta', 'Torre Lamberti', 'Palazzo della Ragione']",Santa Anastasia,"['AMO', 'Museo Conte', 'Teatro Romano', 'Centro Fotografia', 'Duomo']",Arena,strategy_nearest,False,0.002624988555908203,success
043547429C4C80,1,"['Arena', 'Casa Giulietta']",Palazzo della Ragione,"['AMO', 'Museo Conte', 'Torre Lamberti', 'Centro Fotografia', 'Sighseeing']",Santa Anastasia,strategy_nearest,False,0.002858400344848633,success
043554429C4C80,0,"['Arena', 'Museo Lapidario']",Castelvecchio,"['Verona Tour', 'Museo Radio', 'San Zeno', 'Sighseeing', 'Museo Miniscalchi']",Giardino Giusti,strategy_nearest,False,0.003068208694458008,success
0435563A9C4C80,2,['Palazzo della Ragione'],Castelvecchio,"['Museo Lapidario', 'Verona Tour', 'Arena', 'Museo Radio', 'San Zeno']",Duomo,strategy_nearest,False,0.002583026885986328,success
0435673A9C4C80,0,['Arena'],Casa Giulietta,"['Centro Fotografia', 'Sighseeing', 'Torre Lamberti', 'Museo Conte', 'Museo Radio']",Torre Lamberti,strategy_nearest,True,0.0028700828552246094,success
043572429C4C80,3,"['Torre Lamberti', 'Santa Anastasia']",Teatro Romano,"['Duomo', 'AMO', 'Palazzo della Ragione', 'Museo Conte', 'Centro Fotografia']",Duomo,strategy_nearest,True,0.0025510787963867188,success
0435733A9C4C80,0,['Teatro Romano'],Casa Giulietta,"['Centro Fotografia', 'Sighseeing', 'Torre Lamberti', 'Museo Conte', 'Museo Radio']",Arena,strategy_nearest,False,0.0031681060791015625,success
043577429C4C80,0,['Arena'],Casa Giulietta,"['Centro Fotografia', 'Sighseeing', 'Torre Lamberti', 'Museo Conte', 'Museo Radio']",Torre Lamberti,strategy_nearest,True,0.003148794174194336,success
043579429C4C80,1,['Castelvecchio'],Arena,"['Verona Tour', 'Museo Lapidario', 'Museo Radio', 'San Fermo', 'Casa Giulietta']",Palazzo della Ragione,strategy_nearest,False,0.0027768611907958984,success
04357D3A9C4C81,0,['Arena'],Casa Giulietta,"['Centro Fotografia', 'Sighseeing', 'Torre Lamberti', 'Museo Conte', 'Museo Radio']",Teatro Romano,strategy_nearest,False,0.002051115036010742,success
04357E3A9C4C80,0,['Arena'],Castelvecchio,"['Museo Lapidario', 'Verona Tour', 'Museo Radio', 'San Zeno', 'Sighseeing']",Casa Giulietta,strategy_nearest,False,0.0034427642822265625,success
043583429C4C80,2,"['Museo Storia', 'San Fermo']",Teatro Romano,"['Santa Anastasia', 'Duomo', 'AMO', 'Palazzo della Ragione', 'Museo Conte']",Casa Giulietta,strategy_nearest,False,0.0026161670684814453,success
0435823A9C4C80,1,['Arena'],Casa Giulietta,"['Centro Fotografia', 'Sighseeing', 'Torre Lamberti', 'Museo Conte', 'Museo Radio']",Palazzo della Ragione,strategy_nearest,False,0.003175020217895508,success
043586429C4C80,0,"['Museo Lapidario', 'Castelvecchio']",Arena,"['Verona Tour', 'Museo Radio', 'San Fermo', 'Casa Giulietta', 'Sighseeing']",Casa Giulietta,strategy_nearest,True,0.003141164779663086,success
0435834A9C4C80,0,['Arena'],Castelvecchio,"['Museo Lapidario', 'Verona Tour', 'Museo Radio', 'San Zeno', 'Sighseeing']",Torre Lamberti,strategy_nearest,False,0.002505064010620117,success
0435883A9C4C80,0,['Arena'],Casa Giulietta,"['Centro Fotografia', 'Sighseeing', 'Torre Lamberti', 'Museo Conte', 'Museo Radio']",Torre Lamberti,strategy_nearest,True,0.0046710968017578125,success
0435893A9C4C80,1,"['Arena', 'Casa Giulietta']",Palazzo della Ragione,"['AMO', 'Museo Conte', 'Torre Lamberti', 'Centro Fotografia', 'Sighseeing']",Tomba Giulietta,strategy_nearest,False,0.002410888671875,success
04358B3A9C4C80,0,"['Castelvecchio', 'Casa Giulietta']",Teatro Romano,"['Santa Anastasia', 'Duomo', 'AMO', 'Palazzo della Ragione', 'Museo Conte']",Arena,strategy_nearest,False,0.0022001266479492188,success
04358D4A9C4C80,0,['Arena'],Torre Lamberti,"['Sighseeing', 'Centro Fotografia', 'Museo Conte', 'Casa Giulietta', 'Palazzo della Ragione']",San Zeno,strategy_nearest,False,0.003017902374267578,success
0435924A9C4C80,3,"['Arena', 'Casa Giulietta']",Santa Anastasia,"['AMO', 'Museo Conte', 'Palazzo della Ragione', 'Teatro Romano', 'Centro Fotografia']",Duomo,strategy_nearest,False,0.0029168128967285156,success
0435903A9C4C81,0,['Arena'],Casa Giulietta,"['Centro Fotografia', 'Sighseeing', 'Torre Lamberti', 'Museo Conte', 'Museo Radio']",Castelvecchio,strategy_nearest,False,0.0021529197692871094,success
0435944A9C4C81,0,['Arena'],Casa Giulietta,"['Centro Fotografia', 'Sighseeing', 'Torre Lamberti', 'Museo Conte', 'Museo Radio']",Tomba Giulietta,strategy_nearest,False,0.002821207046508789,success
043595429C4C80,0,"['Arena', 'Casa Giulietta']",Torre Lamberti,"['Sighseeing', 'Centro Fotografia', 'Museo Conte', 'Palazzo della Ragione', 'AMO']",Castelvecchio,strategy_nearest,False,0.0032629966735839844,success
04359F4A9C4C81,0,['Arena'],Torre Lamberti,"['Sighseeing', 'Centro Fotografia', 'Museo Conte', 'Casa Giulietta', 'Palazzo della Ragione']",Casa Giulietta,strategy_nearest,True,0.003537893295288086,success
0435984A9C4C81,1,"['Arena', 'Casa Giulietta']",Museo Lapidario,"['Verona Tour', 'Castelvecchio', 'Museo Radio', 'San Fermo', 'Tomba Giulietta']",Torre Lamberti,strategy_nearest,False,0.001940011978149414,success
0435A73A9C4C80,0,['Arena'],Casa Giulietta,"['Centro Fotografia', 'Sighseeing', 'Torre Lamberti', 'Museo Conte', 'Museo Radio']",Teatro Romano,strategy_nearest,False,0.0024220943450927734,success
0435A84A9C4C80,0,['Torre Lamberti'],Casa Giulietta,"['Centro Fotografia', 'Sighseeing', 'Museo Conte', 'Museo Radio', 'Palazzo della Ragione']",Arena,strategy_nearest,False,0.0037932395935058594,success
0435AC429C4C80,0,['Arena'],Casa Giulietta,"['Centro Fotografia', 'Sighseeing', 'Torre Lamberti', 'Museo Conte', 'Museo Radio']",Duomo,strategy_nearest,False,0.0020630359649658203,success
0435B0429C4C80,3,"['Arena', 'Museo Lapidario', 'Castelvecchio']",Torre Lamberti,"['Sighseeing', 'Centro Fotografia', 'Museo Conte', 'Casa Giulietta', 'Palazzo della Ragione']",Duomo,strategy_nearest,False,0.002004861831665039,success
0435AD3A9C4C80,2,"['Torre Lamberti', 'Palazzo della Ragione']",Casa Giulietta,"['Centro Fotografia', 'Sighseeing', 'Museo Conte', 'Museo Radio', 'San Fermo']",San Fermo,strategy_nearest,True,0.004051923751831055,success
0435B23A9C4C80,2,"['Casa Giulietta', 'Torre Lamberti', 'Palazzo della Ragione', 'Santa Anastasia']",Duomo,"['AMO', 'Museo Miniscalchi', 'Teatro Romano', 'Museo Conte', 'Centro Fotografia']",Teatro Romano,strategy_nearest,True,0.004444122314453125,success
0435B33A9C4C80,1,"['Arena', 'Torre Lamberti']",Palazzo della Ragione,"['AMO', 'Museo Conte', 'Centro Fotografia', 'Sighseeing', 'Santa Anastasia']",Casa Giulietta,strategy_nearest,False,0.0030319690704345703,success
0435B33A9C4C81,2,"['San Zeno', 'Casa Giulietta']",Torre Lamberti,"['Sighseeing', 'Centro Fotografia', 'Museo Conte', 'Palazzo della Ragione', 'AMO']",Tomba Giulietta,strategy_nearest,False,0.003304004669189453,success
0435B53A9C4C80,1,"['Arena', 'Casa Giulietta', 'Torre Lamberti']",Palazzo della Ragione,"['AMO', 'Museo Conte', 'Centro Fotografia', 'Sighseeing', 'Santa Anastasia']",Teatro Romano,strategy_nearest,False,0.0028421878814697266,success
0435B4429C4C80,1,"['Arena', 'Casa Giulietta']",Palazzo della Ragione,"['AMO', 'Museo Conte', 'Torre Lamberti', 'Centro Fotografia', 'Sighseeing']",Torre Lamberti,strategy_nearest,True,0.0036368370056152344,success
0435BB429C4C80,1,"['Arena', 'Torre Lamberti', 'Palazzo della Ragione']",Duomo,"['AMO', 'Museo Miniscalchi', 'Santa Anastasia', 'Teatro Romano', 'Museo Conte']",Santa Anastasia,strategy_nearest,True,0.003734111785888672,success
0435BE3A9C4C80,3,['Arena'],Santa Anastasia,"['AMO', 'Museo Conte', 'Palazzo della Ragione', 'Teatro Romano', 'Centro Fotografia']",Teatro Romano,strategy_nearest,True,0.0032858848571777344,success
0435C0429C4C81,1,['Palazzo della Ragione'],Santa Anastasia,"['AMO', 'Museo Conte', 'Teatro Romano', 'Centro Fotografia', 'Duomo']",Torre Lamberti,strategy_nearest,False,0.0028197765350341797,success
0435BE3A9C4C81,1,['Casa Giulietta'],Castelvecchio,"['Museo Lapidario', 'Verona Tour', 'Arena', 'Museo Radio', 'San Zeno']",Arena,strategy_nearest,True,0.0015990734100341797,success
0435BE429C4C81,0,['Arena'],Casa Giulietta,"['Centro Fotografia', 'Sighseeing', 'Torre Lamberti', 'Museo Conte', 'Museo Radio']",San Zeno,strategy_nearest,False,0.002251148223876953,success
0435C13A9C4C80,0,"['Arena', 'Casa Giulietta']",Teatro Romano,"['Santa Anastasia', 'Duomo', 'AMO', 'Palazzo della Ragione', 'Museo Conte']",San Zeno,strategy_nearest,False,0.0035750865936279297,success
0435C13A9C4C81,0,['Arena'],Castelvecchio,"['Museo Lapidario', 'Verona Tour', 'Museo Radio', 'San Zeno', 'Sighseeing']",Duomo,strategy_nearest,False,0.002138853073120117,success
0435C33A9C4C80,0,['Tomba Giulietta'],Arena,"['Verona Tour', 'Museo Lapidario', 'Museo Radio', 'San Fermo', 'Casa Giulietta']",Casa Giulietta,strategy_nearest,True,0.0020198822021484375,success
0435C1429C4C80,1,"['Arena', 'Museo Lapidario']",Castelvecchio,"['Verona Tour', 'Museo Radio', 'San Zeno', 'Sighseeing', 'Museo Miniscalchi']",Duomo,strategy_nearest,False,0.0035347938537597656,success
0435C33A9C4C81,0,['Casa Giulietta'],Arena,"['Verona Tour', 'Museo Lapidario', 'Museo Radio', 'San Fermo', 'Sighseeing']",Castelvecchio,strategy_nearest,False,0.003287076950073242,success
0435CB3A9C4C80,3,['Arena'],Torre Lamberti,"['Sighseeing', 'Centro Fotografia', 'Museo Conte', 'Casa Giulietta', 'Palazzo della Ragione']",Santa Anastasia,strategy_nearest,False,0.0025777816772460938,success
0435D0429C4C80,0,"['Teatro Romano', 'Duomo']",Arena,"['Verona Tour', 'Museo Lapidario', 'Museo Radio', 'San Fermo', 'Casa Giulietta']",Casa Giulietta,strategy_nearest,True,0.002777099609375,success
0435CC3A9C4C80,1,"['Castelvecchio', 'Arena']",Torre Lamberti,"['Sighseeing', 'Centro Fotografia', 'Museo Conte', 'Casa Giulietta', 'Palazzo della Ragione']",Palazzo della Ragione,strategy_nearest,True,0.002068042755126953,success
0435D13A9C4C80,3,"['Arena', 'Casa Giulietta']",Torre Lamberti,"['Sighseeing', 'Centro Fotografia', 'Museo Conte', 'Palazzo della Ragione', 'AMO']",Santa Anastasia,strategy_nearest,False,0.003198862075805664,success
0435EB429C4C80,0,"['Arena', 'Casa Giulietta']",Castelvecchio,"['Museo Lapidario', 'Verona Tour', 'Museo Radio', 'San Zeno', 'Sighseeing']",Torre Lamberti,strategy_nearest,False,0.001744985580444336,success
0435DC3A9C4C80,3,"['Castelvecchio', 'San Zeno', 'Arena']",Tomba Giulietta,"['San Fermo', 'Museo Storia', 'Museo Lapidario', 'Museo Radio', 'Verona Tour']",San Fermo,strategy_nearest,True,0.0016639232635498047,success
0435E63A9C4C80,3,"['Santa Anastasia', 'Duomo']",Torre Lamberti,"['Sighseeing', 'Centro Fotografia', 'Museo Conte', 'Casa Giulietta', 'Palazzo della Ragione']",Casa Giulietta,strategy_nearest,True,0.0025031566619873047,success
0435EC3A9C4C80,2,['Casa Giulietta'],Palazzo della Ragione,"['AMO', 'Museo Conte', 'Torre Lamberti', 'Centro Fotografia', 'Sighseeing']",Torre Lamberti,strategy_nearest,True,0.0027370452880859375,success
04363C3A9C4C80,2,"['San Fermo', 'Santa Anastasia']",Duomo,"['AMO', 'Museo Miniscalchi', 'Teatro Romano', 'Palazzo della Ragione', 'Museo Conte']",Castelvecchio,strategy_nearest,False,0.0017919540405273438,success
0436013A9C4C84,0,['Teatro Romano'],Casa Giulietta,"['Centro Fotografia', 'Sighseeing', 'Torre Lamberti', 'Museo Conte', 'Museo Radio']",Arena,strategy_nearest,False,0.0024590492248535156,success
043646429C4C80,0,['Arena'],Castelvecchio,"['Museo Lapidario', 'Verona Tour', 'Museo Radio', 'San Zeno', 'Sighseeing']",Santa Anastasia,strategy_nearest,False,0.0031630992889404297,success
04364B429C4C80,0,['Casa Giulietta'],Santa Anastasia,"['AMO', 'Museo Conte', 'Palazzo della Ragione', 'Teatro Romano', 'Centro Fotografia']",Arena,strategy_nearest,False,0.0036406517028808594,success
043657429C4C80,3,"['Arena', 'Casa Giulietta']",Torre Lamberti,"['Sighseeing', 'Centro Fotografia', 'Museo Conte', 'Palazzo della Ragione', 'AMO']",Santa Anastasia,strategy_nearest,False,0.0019571781158447266,success
043666429C4C80,3,"['Arena', 'Casa Giulietta']",Torre Lamberti,"['Sighseeing', 'Centro Fotografia', 'Museo Conte', 'Palazzo della Ragione', 'AMO']",Santa Anastasia,strategy_nearest,False,0.0032958984375,success
04364E429C4C80,1,"['Museo Lapidario', 'Arena', 'Casa Giulietta']",San Fermo,"['Museo Storia', 'Museo Radio', 'Centro Fotografia', 'Sighseeing', 'Torre Lamberti']",Torre Lamberti,strategy_nearest,True,0.003464221954345703,success
043677429C4C80,0,['Arena'],Torre Lamberti,"['Sighseeing', 'Centro Fotografia', 'Museo Conte', 'Casa Giulietta', 'Palazzo della Ragione']",Casa Giulietta,strategy_nearest,True,0.0020089149475097656,success
04367A4A9C4C80,3,"['Arena', 'Casa Giulietta']",Torre Lamberti,"['Sighseeing', 'Centro Fotografia', 'Museo Conte', 'Palazzo della Ragione', 'AMO']",Santa Anastasia,strategy_nearest,False,0.003267049789428711,success
043676429C4C80,0,['Arena'],Casa Giulietta,"['Centro Fotografia', 'Sighseeing', 'Torre Lamberti', 'Museo Conte', 'Museo Radio']",Torre Lamberti,strategy_nearest,True,0.003959178924560547,success
0436723A9C4C80,3,"['Arena', 'Casa Giulietta']",Duomo,"['AMO', 'Museo Miniscalchi', 'Santa Anastasia', 'Teatro Romano', 'Palazzo della Ragione']",Santa Anastasia,strategy_nearest,True,0.002835988998413086,success
04367B3A9C4C81,3,"['Arena', 'Museo Lapidario']",Duomo,"['AMO', 'Museo Miniscalchi', 'Santa Anastasia', 'Teatro Romano', 'Palazzo della Ragione']",Teatro Romano,strategy_nearest,True,0.0012717247009277344,success
04367F3A9C4C80,3,"['Torre Lamberti', 'San Fermo']",Santa Anastasia,"['AMO', 'Museo Conte', 'Palazzo della Ragione', 'Teatro Romano', 'Centro Fotografia']",Teatro Romano,strategy_nearest,True,0.0023949146270751953,success
04367B429C4C81,3,"['Arena', 'Torre Lamberti']",Casa Giulietta,"['Centro Fotografia', 'Sighseeing', 'Museo Conte', 'Museo Radio', 'Palazzo della Ragione']",Santa Anastasia,strategy_nearest,False,0.0019598007202148438,success
04367D429C4C81,3,"['Arena', 'Santa Anastasia']",Duomo,"['AMO', 'Museo Miniscalchi', 'Teatro Romano', 'Palazzo della Ragione', 'Museo Conte']",Castelvecchio,strategy_nearest,False,0.0032100677490234375,success
0436834A9C4C81,0,['Arena'],Torre Lamberti,"['Sighseeing', 'Centro Fotografia', 'Museo Conte', 'Casa Giulietta', 'Palazzo della Ragione']",Casa Giulietta,strategy_nearest,True,0.0026481151580810547,success
04368B4A9C4C81,3,"['Teatro Romano', 'Castelvecchio', 'Casa Giulietta']",Tomba Giulietta,"['San Fermo', 'Museo Storia', 'Arena', 'Museo Lapidario', 'Museo Radio']",Arena,strategy_nearest,True,0.0033872127532958984,success
04368C3A9C4C80,3,['Teatro Romano'],Duomo,"['AMO', 'Museo Miniscalchi', 'Santa Anastasia', 'Palazzo della Ragione', 'Museo Conte']",Santa Anastasia,strategy_nearest,True,0.0020160675048828125,success
04368D4A9C4C80,1,"['Torre Lamberti', 'Palazzo della Ragione']",Casa Giulietta,"['Centro Fotografia', 'Sighseeing', 'Museo Conte', 'Museo Radio', 'San Fermo']",Arena,strategy_nearest,False,0.003167867660522461,success
043690429C4C80,0,['Arena'],Casa Giulietta,"['Centro Fotografia', 'Sighseeing', 'Torre Lamberti', 'Museo Conte', 'Museo Radio']",Museo Lapidario,strategy_nearest,False,0.0030307769775390625,success
043690429C4C81,0,"['Castelvecchio', 'Arena']",San Fermo,"['Museo Storia', 'Museo Radio', 'Casa Giulietta', 'Centro Fotografia', 'Sighseeing']",Casa Giulietta,strategy_nearest,True,0.0024728775024414062,success
0436984A9C4C81,3,"['Arena', 'Castelvecchio']",Torre Lamberti,"['Sighseeing', 'Centro Fotografia', 'Museo Conte', 'Casa Giulietta', 'Palazzo della Ragione']",Casa Giulietta,strategy_nearest,True,0.002714872360229492,success
0436A0429C4C81,0,['Arena'],Casa Giulietta,"['Centro Fotografia', 'Sighseeing', 'Torre Lamberti', 'Museo Conte', 'Museo Radio']",Torre Lamberti,strategy_nearest,True,0.003141164779663086,success
04369E4A9C4C81,3,"['Arena', 'Museo Lapidario']",Castelvecchio,"['Verona Tour', 'Museo Radio', 'San Zeno', 'Sighseeing', 'Museo Miniscalchi']",Casa Giulietta,strategy_nearest,False,0.0033931732177734375,success
0436A472743380,4,"['Museo Lapidario', 'Arena', 'Tomba Giulietta', 'Museo Radio', 'Casa Giulietta']",Castelvecchio,"['Verona Tour', 'San Zeno', 'Sighseeing', 'Museo Miniscalchi', 'Torre Lamberti']",San Fermo,strategy_nearest,False,0.003246784210205078,success
0436A63A9C4C81,3,['Arena'],Torre Lamberti,"['Sighseeing', 'Centro Fotografia', 'Museo Conte', 'Casa Giulietta', 'Palazzo della Ragione']",Santa Anastasia,strategy_nearest,False,0.0023822784423828125,success
0436A84A9C4C80,1,"['Arena', 'Castelvecchio']",Torre Lamberti,"['Sighseeing', 'Centro Fotografia', 'Museo Conte', 'Casa Giulietta', 'Palazzo della Ragione']",Palazzo della Ragione,strategy_nearest,True,0.003248929977416992,success
0436AB3A9C4C80,1,"['Arena', 'Casa Giulietta']",Palazzo della Ragione,"['AMO', 'Museo Conte', 'Torre Lamberti', 'Centro Fotografia', 'Sighseeing']",Torre Lamberti,strategy_nearest,True,0.0026056766510009766,success
0436AB429C4C80,3,"['Casa Giulietta', 'Santa Anastasia', 'Teatro Romano']",Duomo,"['AMO', 'Museo Miniscalchi', 'Palazzo della Ragione', 'Museo Conte', 'Torre Lamberti']",Torre Lamberti,strategy_nearest,True,0.0030639171600341797,success
0436AB3A9C4C81,3,"['Arena', 'Museo Lapidario']",Castelvecchio,"['Verona Tour', 'Museo Radio', 'San Zeno', 'Sighseeing', 'Museo Miniscalchi']",Casa Giulietta,strategy_nearest,False,0.0025632381439208984,success
0436AD3A9C4C80,1,"['Castelvecchio', 'Arena']",Santa Anastasia,"['AMO', 'Museo Conte', 'Palazzo della Ragione', 'Teatro Romano', 'Centro Fotografia']",Casa Giulietta,strategy_nearest,False,0.0027360916137695312,success
0436B43A9C4C80,0,['Torre Lamberti'],Casa Giulietta,"['Centro Fotografia', 'Sighseeing', 'Museo Conte', 'Museo Radio', 'Palazzo della Ragione']",Castelvecchio,strategy_nearest,False,0.0018341541290283203,success
0436B33A9C4C80,2,"['Casa Giulietta', 'Palazzo della Ragione']",Torre Lamberti,"['Sighseeing', 'Centro Fotografia', 'Museo Conte', 'AMO', 'Museo Miniscalchi']",Santa Anastasia,strategy_nearest,False,0.0025489330291748047,success
0436AF429C4C80,0,['San Zeno'],Castelvecchio,"['Museo Lapidario', 'Verona Tour', 'Arena', 'Museo Radio', 'Sighseeing']",Arena,strategy_nearest,True,0.0025510787963867188,success
0436B4429C4C80,3,"['Castelvecchio', 'Duomo', 'Teatro Romano']",Torre Lamberti,"['Sighseeing', 'Centro Fotografia', 'Museo Conte', 'Casa Giulietta', 'Palazzo della Ragione']",Casa Giulietta,strategy_nearest,True,0.002669095993041992,success
0436BA3A9C4C80,1,"['Castelvecchio', 'Palazzo della Ragione']",Torre Lamberti,"['Sighseeing', 'Centro Fotografia', 'Museo Conte', 'Casa Giulietta', 'AMO']",Arena,strategy_nearest,False,0.0030670166015625,success
0436B5429C4C80,0,['Arena'],Casa Giulietta,"['Centro Fotografia', 'Sighseeing', 'Torre Lamberti', 'Museo Conte', 'Museo Radio']",Torre Lamberti,strategy_nearest,True,0.0023970603942871094,success
0436BF429C4C81,0,['Arena'],Museo Lapidario,"['Verona Tour', 'Castelvecchio', 'Museo Radio', 'San Fermo', 'Casa Giulietta']",Casa Giulietta,strategy_nearest,True,0.003026247024536133,success
0436C03A9C4C80,0,['Arena'],Teatro Romano,"['Santa Anastasia', 'Duomo', 'AMO', 'Palazzo della Ragione', 'Museo Conte']",Torre Lamberti,strategy_nearest,False,0.0021467208862304688,success
0436C03A9C4C81,0,['Arena'],Teatro Romano,"['Santa Anastasia', 'Duomo', 'AMO', 'Palazzo della Ragione', 'Museo Conte']",Castelvecchio,strategy_nearest,False,0.0029172897338867188,success
0436C43A9C4C80,0,['Castelvecchio'],Arena,"['Verona Tour', 'Museo Lapidario', 'Museo Radio', 'San Fermo', 'Casa Giulietta']",Casa Giulietta,strategy_nearest,True,0.002640962600708008,success
0436C53A9C4C80,0,['Castelvecchio'],Santa Anastasia,"['AMO', 'Museo Conte', 'Palazzo della Ragione', 'Teatro Romano', 'Centro Fotografia']",Arena,strategy_nearest,False,0.002068042755126953,success
0436CB429C4C80,1,"['Arena', 'Museo Lapidario', 'Castelvecchio', 'San Zeno', 'Torre Lamberti']",Casa Giulietta,"['Centro Fotografia', 'Sighseeing', 'Museo Conte', 'Museo Radio', 'Palazzo della Ragione']",Palazzo della Ragione,strategy_nearest,True,0.0037832260131835938,success
0436CF3A9C4C80,3,"['Casa Giulietta', 'Arena', 'Tomba Giulietta']",Castelvecchio,"['Museo Lapidario', 'Verona Tour', 'Museo Radio', 'San Zeno', 'Sighseeing']",Torre Lamberti,strategy_nearest,False,0.0031239986419677734,success
0436CA3A9C4C80,2,['Torre Lamberti'],Duomo,"['AMO', 'Museo Miniscalchi', 'Santa Anastasia', 'Teatro Romano', 'Palazzo della Ragione']",Castelvecchio,strategy_nearest,False,0.0025670528411865234,success
0436E03A9C4C80,1,"['Casa Giulietta', 'Torre Lamberti', 'Palazzo della Ragione']",Santa Anastasia,"['AMO', 'Museo Conte', 'Teatro Romano', 'Centro Fotografia', 'Duomo']",Teatro Romano,strategy_nearest,True,0.003036975860595703,success
0436DE3A9C4C80,2,"['Tomba Giulietta', 'Casa Giulietta']",Torre Lamberti,"['Sighseeing', 'Centro Fotografia', 'Museo Conte', 'Palazzo della Ragione', 'AMO']",Palazzo della Ragione,strategy_nearest,True,0.0017070770263671875,success
0436D4429C4C80,1,['Torre Lamberti'],Palazzo della Ragione,"['AMO', 'Museo Conte', 'Centro Fotografia', 'Sighseeing', 'Santa Anastasia']",Casa Giulietta,strategy_nearest,False,0.0024728775024414062,success
043708429C4C84,0,"['Arena', 'Casa Giulietta']",Torre Lamberti,"['Sighseeing', 'Centro Fotografia', 'Museo Conte', 'Palazzo della Ragione', 'AMO']",Castelvecchio,strategy_nearest,False,0.0023169517517089844,success
0436E43A9C4C80,3,"['Teatro Romano', 'Duomo', 'Santa Anastasia']",Torre Lamberti,"['Sighseeing', 'Centro Fotografia', 'Museo Conte', 'Casa Giulietta', 'Palazzo della Ragione']",Casa Giulietta,strategy_nearest,True,0.004437923431396484,success
0436FE429C4C80,2,"['Museo Lapidario', 'Torre Lamberti']",Santa Anastasia,"['AMO', 'Museo Conte', 'Palazzo della Ragione', 'Teatro Romano', 'Centro Fotografia']",Duomo,strategy_nearest,False,0.0032727718353271484,success
04372F4A9C4C80,2,"['Museo Lapidario', 'Castelvecchio']",Casa Giulietta,"['Centro Fotografia', 'Sighseeing', 'Torre Lamberti', 'Museo Conte', 'Museo Radio']",Torre Lamberti,strategy_nearest,True,0.00391077995300293,success
043731429C4C80,0,"['Arena', 'Casa Giulietta']",Santa Anastasia,"['AMO', 'Museo Conte', 'Palazzo della Ragione', 'Teatro Romano', 'Centro Fotografia']",Tomba Giulietta,strategy_nearest,False,0.003008127212524414,success
0437324A9C4C80,1,"['Arena', 'Torre Lamberti', 'Duomo', 'Teatro Romano']",San Fermo,"['Museo Storia', 'Museo Radio', 'Casa Giulietta', 'Centro Fotografia', 'Sighseeing']",San Zeno,strategy_nearest,False,0.003631114959716797,success
0437354A9C4C80,2,"['Casa Giulietta', 'Santa Anastasia', 'Duomo']",Palazzo della Ragione,"['AMO', 'Museo Conte', 'Torre Lamberti', 'Centro Fotografia', 'Sighseeing']",San Fermo,strategy_nearest,False,0.0020589828491210938,success
043738429C4C80,1,"['Museo Lapidario', 'Castelvecchio', 'Duomo', 'Teatro Romano', 'Casa Giulietta']",Tomba Giulietta,"['San Fermo', 'Museo Storia', 'Arena', 'Museo Radio', 'Verona Tour']",Arena,strategy_nearest,True,0.0015709400177001953,success
04373F3A9C4C80,1,"['Arena', 'Torre Lamberti']",Palazzo della Ragione,"['AMO', 'Museo Conte', 'Centro Fotografia', 'Sighseeing', 'Santa Anastasia']",Teatro Romano,strategy_nearest,False,0.002301931381225586,success
0437403A9C4C80,0,"['Arena', 'Castelvecchio']",Casa Giulietta,"['Centro Fotografia', 'Sighseeing', 'Torre Lamberti', 'Museo Conte', 'Museo Radio']",Torre Lamberti,strategy_nearest,True,0.002819061279296875,success
043756429C4C80,1,['Arena'],Casa Giulietta,"['Centro Fotografia', 'Sighseeing', 'Torre Lamberti', 'Museo Conte', 'Museo Radio']",Palazzo della Ragione,strategy_nearest,False,0.002629995346069336,success
04375E429C4C80,2,['Teatro Romano'],Duomo,"['AMO', 'Museo Miniscalchi', 'Santa Anastasia', 'Palazzo della Ragione', 'Museo Conte']",Casa Giulietta,strategy_nearest,False,0.002716064453125,success
043757429C4C80,1,['Arena'],Casa Giulietta,"['Centro Fotografia', 'Sighseeing', 'Torre Lamberti', 'Museo Conte', 'Museo Radio']",Palazzo della Ragione,strategy_nearest,False,0.0028510093688964844,success
04375E3A9C4C80,3,"['Arena', 'Castelvecchio', 'San Zeno']",Torre Lamberti,"['Sighseeing', 'Centro Fotografia', 'Museo Conte', 'Casa Giulietta', 'Palazzo della Ragione']",Casa Giulietta,strategy_nearest,True,0.0037970542907714844,success
043769429C4C80,0,['Castelvecchio'],Casa Giulietta,"['Centro Fotografia', 'Sighseeing', 'Torre Lamberti', 'Museo Conte', 'Museo Radio']",Torre Lamberti,strategy_nearest,True,0.0029740333557128906,success
0437693A9C4C80,2,['Torre Lamberti'],Palazzo della Ragione,"['AMO', 'Museo Conte', 'Centro Fotografia', 'Sighseeing', 'Santa Anastasia']",Castelvecchio,strategy_nearest,False,0.0024261474609375,success
04376C429C4C80,1,"['Arena', 'Casa Giulietta']",Torre Lamberti,"['Sighseeing', 'Centro Fotografia', 'Museo Conte', 'Palazzo della Ragione', 'AMO']",Palazzo della Ragione,strategy_nearest,True,0.003532886505126953,success
04376D429C4C80,2,"['Castelvecchio', 'Casa Giulietta']",Museo Storia,"['San Fermo', 'Museo Radio', 'Centro Fotografia', 'Tomba Giulietta', 'Arena']",Torre Lamberti,strategy_nearest,False,0.002929210662841797,success
04377C4A9C4C80,1,"['Casa Giulietta', 'Palazzo della Ragione']",Torre Lamberti,"['Sighseeing', 'Centro Fotografia', 'Museo Conte', 'AMO', 'Museo Miniscalchi']",Santa Anastasia,strategy_nearest,False,0.002638101577758789,success
04377E3A9C4C80,3,"['Arena', 'Santa Anastasia']",Duomo,"['AMO', 'Museo Miniscalchi', 'Teatro Romano', 'Palazzo della Ragione', 'Museo Conte']",Teatro Romano,strategy_nearest,True,0.002897977828979492,success
04377E429C4C81,1,"['Arena', 'Casa Giulietta']",Torre Lamberti,"['Sighseeing', 'Centro Fotografia', 'Museo Conte', 'Palazzo della Ragione', 'AMO']",Palazzo della Ragione,strategy_nearest,True,0.0034291744232177734,success
0437814A9C4C80,3,"['Casa Giulietta', 'Torre Lamberti']",Arena,"['Verona Tour', 'Museo Lapidario', 'Museo Radio', 'San Fermo', 'Sighseeing']",Santa Anastasia,strategy_nearest,False,0.0028357505798339844,success
0437853A9C4C80,0,"['Arena', 'San Fermo']",Casa Giulietta,"['Centro Fotografia', 'Sighseeing', 'Torre Lamberti', 'Museo Conte', 'Museo Radio']",Torre Lamberti,strategy_nearest,True,0.0031909942626953125,success
0437873A9C4C80,3,"['Arena', 'Casa Giulietta']",Torre Lamberti,"['Sighseeing', 'Centro Fotografia', 'Museo Conte', 'Palazzo della Ragione', 'AMO']",Duomo,strategy_nearest,False,0.002177000045776367,success
04378A3A9C4C80,0,['Torre Lamberti'],Duomo,"['AMO', 'Museo Miniscalchi', 'Santa Anastasia', 'Teatro Romano', 'Palazzo della Ragione']",Casa Giulietta,strategy_nearest,False,0.0025322437286376953,success
0437874A9C4C80,2,['Santa Anastasia'],Duomo,"['AMO', 'Museo Miniscalchi', 'Teatro Romano', 'Palazzo della Ragione', 'Museo Conte']",Teatro Romano,strategy_nearest,True,0.0034210681915283203,success
04378C3A9C4C80,3,"['Duomo', 'Castelvecchio']",Arena,"['Verona Tour', 'Museo Lapidario', 'Museo Radio', 'San Fermo', 'Casa Giulietta']",Torre Lamberti,strategy_nearest,False,0.0015370845794677734,success
04379A4A9C4C80,0,['Arena'],Casa Giulietta,"['Centro Fotografia', 'Sighseeing', 'Torre Lamberti', 'Museo Conte', 'Museo Radio']",Torre Lamberti,strategy_nearest,True,0.002953052520751953,success
0437994A9C4C80,0,['Arena'],San Fermo,"['Museo Storia', 'Museo Radio', 'Casa Giulietta', 'Centro Fotografia', 'Sighseeing']",Casa Giulietta,strategy_nearest,True,0.0021409988403320312,success
0437924A9C4C81,3,"['Arena', 'Casa Giulietta', 'Castelvecchio']",Santa Anastasia,"['AMO', 'Museo Conte', 'Palazzo della Ragione', 'Teatro Romano', 'Centro Fotografia']",Duomo,strategy_nearest,False,0.002941131591796875,success
0437A64A9C4C81,3,"['Torre Lamberti', 'Casa Giulietta', 'San Fermo']",Arena,"['Verona Tour', 'Museo Lapidario', 'Museo Radio', 'Sighseeing', 'Castelvecchio']",Santa Anastasia,strategy_nearest,False,0.002711057662963867,success
0437A14A9C4C80,3,['Arena'],Santa Anastasia,"['AMO', 'Museo Conte', 'Palazzo della Ragione', 'Teatro Romano', 'Centro Fotografia']",Duomo,strategy_nearest,False,0.0021817684173583984,success
0437A8429C4C80,0,['Torre Lamberti'],Casa Giulietta,"['Centro Fotografia', 'Sighseeing', 'Museo Conte', 'Museo Radio', 'Palazzo della Ragione']",Arena,strategy_nearest,False,0.0032172203063964844,success
0437A5429C4C80,1,['Arena'],Casa Giulietta,"['Centro Fotografia', 'Sighseeing', 'Torre Lamberti', 'Museo Conte', 'Museo Radio']",Palazzo della Ragione,strategy_nearest,False,0.0015769004821777344,success
0437AA429C4C81,0,['Arena'],Casa Giulietta,"['Centro Fotografia', 'Sighseeing', 'Torre Lamberti', 'Museo Conte', 'Museo Radio']",Teatro Romano,strategy_nearest,False,0.0014078617095947266,success
0437A93A9C4C80,2,['San Zeno'],Torre Lamberti,"['Sighseeing', 'Centro Fotografia', 'Museo Conte', 'Casa Giulietta', 'Palazzo della Ragione']",Casa Giulietta,strategy_nearest,True,0.002683877944946289,success
0437AB3A9C4C80,0,['Duomo'],Torre Lamberti,"['Sighseeing', 'Centro Fotografia', 'Museo Conte', 'Casa Giulietta', 'Palazzo della Ragione']",Arena,strategy_nearest,False,0.0026047229766845703,success
0437AB429C4C81,0,['Arena'],Casa Giulietta,"['Centro Fotografia', 'Sighseeing', 'Torre Lamberti', 'Museo Conte', 'Museo Radio']",Santa Anastasia,strategy_nearest,False,0.003278970718383789,success
0437B1429C4C80,3,"['Castelvecchio', 'Arena']",Casa Giulietta,"['Centro Fotografia', 'Sighseeing', 'Torre Lamberti', 'Museo Conte', 'Museo Radio']",Santa Anastasia,strategy_nearest,False,0.0030069351196289062,success
0437AF3A9C4C80,3,"['Duomo', 'Santa Anastasia', 'Casa Giulietta']",Torre Lamberti,"['Sighseeing', 'Centro Fotografia', 'Museo Conte', 'Palazzo della Ragione', 'AMO']",Arena,strategy_nearest,False,0.0020339488983154297,success
0437B33A9C4C80,0,['Arena'],San Fermo,"['Museo Storia', 'Museo Radio', 'Casa Giulietta', 'Centro Fotografia', 'Sighseeing']",Museo Storia,strategy_nearest,True,0.002669811248779297,success
0437B2429C4C80,3,"['Arena', 'Castelvecchio']",Santa Anastasia,"['AMO', 'Museo Conte', 'Palazzo della Ragione', 'Teatro Romano', 'Centro Fotografia']",Duomo,strategy_nearest,False,0.003765106201171875,success
0437BB3A9C4C80,2,['Torre Lamberti'],Duomo,"['AMO', 'Museo Miniscalchi', 'Santa Anastasia', 'Teatro Romano', 'Palazzo della Ragione']",Castelvecchio,strategy_nearest,False,0.003058910369873047,success
0437B83A9C4C80,3,"['Castelvecchio', 'Casa Giulietta']",Arena,"['Verona Tour', 'Museo Lapidario', 'Museo Radio', 'San Fermo', 'Sighseeing']",Duomo,strategy_nearest,False,0.0027163028717041016,success
0437BB429C4C80,3,['Arena'],San Fermo,"['Museo Storia', 'Museo Radio', 'Casa Giulietta', 'Centro Fotografia', 'Sighseeing']",Santa Anastasia,strategy_nearest,False,0.002635955810546875,success
0437C13A9C4C80,2,['Castelvecchio'],Teatro Romano,"['Santa Anastasia', 'Duomo', 'AMO', 'Palazzo della Ragione', 'Museo Conte']",Palazzo della Ragione,strategy_nearest,True,0.0034377574920654297,success
0437CA3A9C4C80,3,"['Castelvecchio', 'San Zeno', 'Casa Giulietta', 'Santa Anastasia']",Teatro Romano,"['Duomo', 'AMO', 'Palazzo della Ragione', 'Museo Conte', 'Centro Fotografia']",San Fermo,strategy_nearest,False,0.0028297901153564453,success
0437D0429C4C80,2,"['Teatro Romano', 'Duomo']",Santa Anastasia,"['AMO', 'Museo Conte', 'Palazzo della Ragione', 'Centro Fotografia', 'Torre Lamberti']",Casa Giulietta,strategy_nearest,False,0.003167867660522461,success
0437DE429C4C80,2,['Casa Giulietta'],Tomba Giulietta,"['San Fermo', 'Museo Storia', 'Arena', 'Museo Lapidario', 'Museo Radio']",Castelvecchio,strategy_nearest,False,0.0021469593048095703,success
0437D43A9C4C80,3,"['Arena', 'San Zeno']",Teatro Romano,"['Santa Anastasia', 'Duomo', 'AMO', 'Palazzo della Ragione', 'Museo Conte']",Santa Anastasia,strategy_nearest,True,0.003427267074584961,success
0437E13A9C4C80,3,['Arena'],Casa Giulietta,"['Centro Fotografia', 'Sighseeing', 'Torre Lamberti', 'Museo Conte', 'Museo Radio']",Santa Anastasia,strategy_nearest,False,0.0032880306243896484,success
0437E43A9C4C80,1,['Museo Lapidario'],Arena,"['Verona Tour', 'Museo Radio', 'San Fermo', 'Casa Giulietta', 'Sighseeing']",Palazzo della Ragione,strategy_nearest,False,0.002655029296875,success
0437FD429C4C80,4,"['Arena', 'Museo Lapidario', 'Torre Lamberti', 'Palazzo della Ragione', 'Casa Giulietta']",Duomo,"['AMO', 'Museo Miniscalchi', 'Santa Anastasia', 'Teatro Romano', 'Museo Conte']",Museo Radio,strategy_nearest,False,0.0015289783477783203,success
0438393A9C4C80,3,"['San Zeno', 'Castelvecchio', 'Casa Giulietta']",Santa Anastasia,"['AMO', 'Museo Conte', 'Palazzo della Ragione', 'Teatro Romano', 'Centro Fotografia']",Duomo,strategy_nearest,False,0.0027170181274414062,success
0437E93A9C4C80,1,"['Arena', 'Casa Giulietta', 'Santa Anastasia']",Palazzo della Ragione,"['AMO', 'Museo Conte', 'Torre Lamberti', 'Centro Fotografia', 'Sighseeing']",Torre Lamberti,strategy_nearest,True,0.004698753356933594,success
04383C429C4C80,1,"['Casa Giulietta', 'Palazzo della Ragione', 'Torre Lamberti']",Arena,"['Verona Tour', 'Museo Lapidario', 'Museo Radio', 'San Fermo', 'Sighseeing']",Castelvecchio,strategy_nearest,False,0.0020678043365478516,success
0438423A9C4C80,1,"['Casa Giulietta', 'Torre Lamberti', 'Palazzo della Ragione']",Santa Anastasia,"['AMO', 'Museo Conte', 'Teatro Romano', 'Centro Fotografia', 'Duomo']",Duomo,strategy_nearest,True,0.002785205841064453,success
0438433A9C4C80,3,"['Santa Anastasia', 'Torre Lamberti']",Casa Giulietta,"['Centro Fotografia', 'Sighseeing', 'Museo Conte', 'Museo Radio', 'Palazzo della Ragione']",San Fermo,strategy_nearest,False,0.0013930797576904297,success
043843BA7B3F80,3,"['Santa Anastasia', 'Torre Lamberti']",Arena,"['Verona Tour', 'Museo Lapidario', 'Museo Radio', 'San Fermo', 'Casa Giulietta']",Casa Giulietta,strategy_nearest,True,0.0027930736541748047,success
043847429C4C80,3,"['Arena', 'Casa Giulietta']",Santa Anastasia,"['AMO', 'Museo Conte', 'Palazzo della Ragione', 'Teatro Romano', 'Centro Fotografia']",Duomo,strategy_nearest,False,0.002878904342651367,success
0438683A9C4C80,0,"['Arena', 'Casa Giulietta']",San Fermo,"['Museo Storia', 'Museo Radio', 'Centro Fotografia', 'Sighseeing', 'Torre Lamberti']",Tomba Giulietta,strategy_nearest,False,0.0018739700317382812,success
0438663A9C4C80,0,['Castelvecchio'],Arena,"['Verona Tour', 'Museo Lapidario', 'Museo Radio', 'San Fermo', 'Casa Giulietta']",Casa Giulietta,strategy_nearest,True,0.002634286880493164,success
04385A429C4C80,0,['Arena'],Castelvecchio,"['Museo Lapidario', 'Verona Tour', 'Museo Radio', 'San Zeno', 'Sighseeing']",Teatro Romano,strategy_nearest,False,0.001425027847290039,success
043870429C4C80,3,"['Arena', 'San Fermo']",Casa Giulietta,"['Centro Fotografia', 'Sighseeing', 'Torre Lamberti', 'Museo Conte', 'Museo Radio']",Torre Lamberti,strategy_nearest,True,0.0031280517578125,success
043871429C4C80,1,"['Arena', 'San Fermo']",Casa Giulietta,"['Centro Fotografia', 'Sighseeing', 'Torre Lamberti', 'Museo Conte', 'Museo Radio']",Torre Lamberti,strategy_nearest,True,0.002621889114379883,success
0438773A9C4C80,0,['Teatro Romano'],Arena,"['Verona Tour', 'Museo Lapidario', 'Museo Radio', 'San Fermo', 'Casa Giulietta']",Castelvecchio,strategy_nearest,False,0.002342700958251953,success
0438864A9C4C80,2,['Casa Giulietta'],Teatro Romano,"['Santa Anastasia', 'Duomo', 'AMO', 'Palazzo della Ragione', 'Museo Conte']",Castelvecchio,strategy_nearest,False,0.002706766128540039,success
04387A3A9C4C80,2,['Museo Lapidario'],Castelvecchio,"['Verona Tour', 'Arena', 'Museo Radio', 'San Zeno', 'Sighseeing']",Casa Giulietta,strategy_nearest,False,0.0033419132232666016,success
04387A429C4C80,0,['Casa Giulietta'],Torre Lamberti,"['Sighseeing', 'Centro Fotografia', 'Museo Conte', 'Palazzo della Ragione', 'AMO']",Arena,strategy_nearest,False,0.0033409595489501953,success
0438864A9C4C81,2,['Casa Giulietta'],Santa Anastasia,"['AMO', 'Museo Conte', 'Palazzo della Ragione', 'Teatro Romano', 'Centro Fotografia']",Teatro Romano,strategy_nearest,True,0.0032799243927001953,success
0438894A9C4C80,0,['Arena'],Torre Lamberti,"['Sighseeing', 'Centro Fotografia', 'Museo Conte', 'Casa Giulietta', 'Palazzo della Ragione']",Casa Giulietta,strategy_nearest,True,0.001894235610961914,success
0438954A9C4C81,1,"['Arena', 'Casa Giulietta', 'Palazzo della Ragione']",San Zeno,"['Castelvecchio', 'Verona Tour', 'Museo Lapidario', 'Museo Miniscalchi', 'Sighseeing']",San Fermo,strategy_nearest,False,0.002543210983276367,success
0438873A9C4C80,0,['Arena'],Torre Lamberti,"['Sighseeing', 'Centro Fotografia', 'Museo Conte', 'Casa Giulietta', 'Palazzo della Ragione']",Casa Giulietta,strategy_nearest,True,0.0035309791564941406,success
04389D429C4C81,3,['Arena'],Casa Giulietta,"['Centro Fotografia', 'Sighseeing', 'Torre Lamberti', 'Museo Conte', 'Museo Radio']",Santa Anastasia,strategy_nearest,False,0.0035181045532226562,success
04389D4A9C4C81,3,"['Torre Lamberti', 'Arena']",Duomo,"['AMO', 'Museo Miniscalchi', 'Santa Anastasia', 'Teatro Romano', 'Palazzo della Ragione']",Santa Anastasia,strategy_nearest,True,0.0025720596313476562,success
0438A24A9C4C80,1,"['San Zeno', 'Castelvecchio', 'Arena', 'Tomba Giulietta']",Teatro Romano,"['Santa Anastasia', 'Duomo', 'AMO', 'Palazzo della Ragione', 'Museo Conte']",Duomo,strategy_nearest,True,0.003438711166381836,success
0438A44A9C4C80,3,"['Arena', 'Santa Anastasia']",Casa Giulietta,"['Centro Fotografia', 'Sighseeing', 'Torre Lamberti', 'Museo Conte', 'Museo Radio']",Museo Storia,strategy_nearest,False,0.003549814224243164,success
0438A6429C4C80,0,['Duomo'],Arena,"['Verona Tour', 'Museo Lapidario', 'Museo Radio', 'San Fermo', 'Casa Giulietta']",Castelvecchio,strategy_nearest,False,0.00315093994140625,success
0438A64A9C4C81,3,['Arena'],Santa Anastasia,"['AMO', 'Museo Conte', 'Palazzo della Ragione', 'Teatro Romano', 'Centro Fotografia']",Teatro Romano,strategy_nearest,True,0.0031342506408691406,success
0438BB429C4C80,1,"['Arena', 'Museo Lapidario', 'Casa Giulietta']",Torre Lamberti,"['Sighseeing', 'Centro Fotografia', 'Museo Conte', 'Palazzo della Ragione', 'AMO']",Palazzo della Ragione,strategy_nearest,True,0.0021538734436035156,success
0438BC3A9C4C80,0,['Torre Lamberti'],Arena,"['Verona Tour', 'Museo Lapidario', 'Museo Radio', 'San Fermo', 'Casa Giulietta']",San Fermo,strategy_nearest,True,0.003154754638671875,success
0438B2429C4C80,3,"['Arena', 'Castelvecchio']",Santa Anastasia,"['AMO', 'Museo Conte', 'Palazzo della Ragione', 'Teatro Romano', 'Centro Fotografia']",Duomo,strategy_nearest,False,0.0023157596588134766,success
0438B7429C4C80,0,"['Torre Lamberti', 'Arena']",San Fermo,"['Museo Storia', 'Museo Radio', 'Casa Giulietta', 'Centro Fotografia', 'Sighseeing']",Castelvecchio,strategy_nearest,False,0.002789020538330078,success
0438CB429C4C80,3,['Arena'],Torre Lamberti,"['Sighseeing', 'Centro Fotografia', 'Museo Conte', 'Casa Giulietta', 'Palazzo della Ragione']",Santa Anastasia,strategy_nearest,False,0.002579927444458008,success
0438C13A9C4C80,3,"['San Zeno', 'Castelvecchio', 'Santa Anastasia']",Teatro Romano,"['Duomo', 'AMO', 'Palazzo della Ragione', 'Museo Conte', 'Centro Fotografia']",San Fermo,strategy_nearest,False,0.001344919204711914,success
0438C3429C4C80,0,['Arena'],Giardino Giusti,"['Santa Anastasia', 'Teatro Romano', 'Museo Conte', 'Centro Fotografia', 'Museo Storia']",Torre Lamberti,strategy_nearest,False,0.0021088123321533203,success
0438CD3A9C4C80,3,"['San Zeno', 'Castelvecchio', 'Arena']",Tomba Giulietta,"['San Fermo', 'Museo Storia', 'Museo Lapidario', 'Museo Radio', 'Verona Tour']",Duomo,strategy_nearest,False,0.0032939910888671875,success
0438D63A9C4C80,0,"['Arena', 'Teatro Romano']",Torre Lamberti,"['Sighseeing', 'Centro Fotografia', 'Museo Conte', 'Casa Giulietta', 'Palazzo della Ragione']",Casa Giulietta,strategy_nearest,True,0.0020751953125,success
0438CF3A9C4C80,2,['Castelvecchio'],Santa Anastasia,"['AMO', 'Museo Conte', 'Palazzo della Ragione', 'Teatro Romano', 'Centro Fotografia']",Duomo,strategy_nearest,False,0.002752065658569336,success
0438DC3A9C4C80,0,['Arena'],Torre Lamberti,"['Sighseeing', 'Centro Fotografia', 'Museo Conte', 'Casa Giulietta', 'Palazzo della Ragione']",Duomo,strategy_nearest,False,0.002651691436767578,success
0438D0429C4C80,1,"['Teatro Romano', 'Duomo', 'Santa Anastasia', 'Torre Lamberti']",Palazzo della Ragione,"['AMO', 'Museo Conte', 'Centro Fotografia', 'Sighseeing', 'Museo Miniscalchi']",Tomba Giulietta,strategy_nearest,False,0.004117012023925781,success
0438E13A9C4C80,2,"['Casa Giulietta', 'Santa Anastasia']",Duomo,"['AMO', 'Museo Miniscalchi', 'Teatro Romano', 'Palazzo della Ragione', 'Museo Conte']",Torre Lamberti,strategy_nearest,False,0.0024750232696533203,success
0438E63A9C4C80,3,"['San Zeno', 'Castelvecchio']",Arena,"['Verona Tour', 'Museo Lapidario', 'Museo Radio', 'San Fermo', 'Casa Giulietta']",Museo Lapidario,strategy_nearest,True,0.0027358531951904297,success
0438F23A9C4C80,3,"['Arena', 'San Fermo']",Torre Lamberti,"['Sighseeing', 'Centro Fotografia', 'Museo Conte', 'Casa Giulietta', 'Palazzo della Ragione']",Santa Anastasia,strategy_nearest,False,0.0033538341522216797,success
0438E53A9C4C80,0,['Arena'],Torre Lamberti,"['Sighseeing', 'Centro Fotografia', 'Museo Conte', 'Casa Giulietta', 'Palazzo della Ragione']",Casa Giulietta,strategy_nearest,True,0.0033822059631347656,success
0439374A9C4C80,2,"['San Fermo', 'Museo Storia', 'Casa Giulietta']",Santa Anastasia,"['AMO', 'Museo Conte', 'Palazzo della Ragione', 'Teatro Romano', 'Centro Fotografia']",Duomo,strategy_nearest,False,0.0020210742950439453,success
04392E4A9C4C80,1,"['Museo Lapidario', 'Arena', 'Museo Storia', 'Casa Giulietta']",Tomba Giulietta,"['San Fermo', 'Museo Radio', 'Verona Tour', 'Castelvecchio', 'Sighseeing']",Castelvecchio,strategy_nearest,True,0.0033342838287353516,success
04392E3A9C4C80,3,"['Torre Lamberti', 'Santa Anastasia']",Arena,"['Verona Tour', 'Museo Lapidario', 'Museo Radio', 'San Fermo', 'Casa Giulietta']",Castelvecchio,strategy_nearest,False,0.002178192138671875,success
04392D4A9C4C80,0,['Giardino Giusti'],Arena,"['Verona Tour', 'Museo Lapidario', 'Museo Radio', 'San Fermo', 'Casa Giulietta']",Castelvecchio,strategy_nearest,False,0.004076242446899414,success
043944429C4C80,3,"['Arena', 'Castelvecchio']",Teatro Romano,"['Santa Anastasia', 'Duomo', 'AMO', 'Palazzo della Ragione', 'Museo Conte']",Duomo,strategy_nearest,True,0.0019218921661376953,success
04393B429C4C80,2,['Torre Lamberti'],Tomba Giulietta,"['San Fermo', 'Museo Storia', 'Arena', 'Museo Lapidario', 'Museo Radio']",Castelvecchio,strategy_nearest,False,0.0024721622467041016,success
04394C3A9C4C80,0,"['Torre Lamberti', 'Casa Giulietta']",Arena,"['Verona Tour', 'Museo Lapidario', 'Museo Radio', 'San Fermo', 'Sighseeing']",Tomba Giulietta,strategy_nearest,False,0.0024712085723876953,success
0439473A9C4C80,3,"['Arena', 'Torre Lamberti']",Teatro Romano,"['Santa Anastasia', 'Duomo', 'AMO', 'Palazzo della Ragione', 'Museo Conte']",Duomo,strategy_nearest,True,0.0032949447631835938,success
0439513A9C4C80,0,"['Arena', 'Castelvecchio', 'Torre Lamberti']",Casa Giulietta,"['Centro Fotografia', 'Sighseeing', 'Museo Conte', 'Museo Radio', 'Palazzo della Ragione']",Tomba Giulietta,strategy_nearest,False,0.0031909942626953125,success
04396B429C4C80,1,"['Palazzo della Ragione', 'Torre Lamberti']",Casa Giulietta,"['Centro Fotografia', 'Sighseeing', 'Museo Conte', 'Museo Radio', 'San Fermo']",Arena,strategy_nearest,False,0.002647876739501953,success
0439563A9C4C80,1,"['Arena', 'Palazzo della Ragione', 'Torre Lamberti']",Casa Giulietta,"['Centro Fotografia', 'Sighseeing', 'Museo Conte', 'Museo Radio', 'San Fermo']",Teatro Romano,strategy_nearest,False,0.0019769668579101562,success
04396A429C4C80,0,['Arena'],Casa Giulietta,"['Centro Fotografia', 'Sighseeing', 'Torre Lamberti', 'Museo Conte', 'Museo Radio']",Torre Lamberti,strategy_nearest,True,0.0033600330352783203,success
0439834A9C4C80,0,['San Zeno'],Castelvecchio,"['Museo Lapidario', 'Verona Tour', 'Arena', 'Museo Radio', 'Sighseeing']",Arena,strategy_nearest,True,0.002012968063354492,success
043973429C4C80,0,"['Arena', 'Casa Giulietta']",Torre Lamberti,"['Sighseeing', 'Centro Fotografia', 'Museo Conte', 'Palazzo della Ragione', 'AMO']",Torre Lamberti,strategy_nearest,False,0.0026428699493408203,success
043976429C4C80,3,"['Arena', 'Casa Giulietta']",Torre Lamberti,"['Sighseeing', 'Centro Fotografia', 'Museo Conte', 'Palazzo della Ragione', 'AMO']",Santa Anastasia,strategy_nearest,False,0.004103899002075195,success
043985429C4C80,1,"['Arena', 'Casa Giulietta']",Palazzo della Ragione,"['AMO', 'Museo Conte', 'Torre Lamberti', 'Centro Fotografia', 'Sighseeing']",Santa Anastasia,strategy_nearest,False,0.002618074417114258,success
0439883A9C4C80,0,"['Arena', 'Torre Lamberti']",Casa Giulietta,"['Centro Fotografia', 'Sighseeing', 'Museo Conte', 'Museo Radio', 'Palazzo della Ragione']",San Fermo,strategy_nearest,False,0.0030870437622070312,success
0439854A9C4C80,1,"['Arena', 'Casa Giulietta']",Torre Lamberti,"['Sighseeing', 'Centro Fotografia', 'Museo Conte', 'Palazzo della Ragione', 'AMO']",Palazzo della Ragione,strategy_nearest,True,0.0024182796478271484,success
0439884A9C4C81,3,"['Arena', 'Casa Giulietta']",Torre Lamberti,"['Sighseeing', 'Centro Fotografia', 'Museo Conte', 'Palazzo della Ragione', 'AMO']",Castelvecchio,strategy_nearest,False,0.0027379989624023438,success
04398B4A9C4C81,2,"['Duomo', 'Casa Giulietta']",Castelvecchio,"['Museo Lapidario', 'Verona Tour', 'Arena', 'Museo Radio', 'San Zeno']",Torre Lamberti,strategy_nearest,False,0.003651142120361328,success
0439944A9C4C80,2,"['Castelvecchio', 'Torre Lamberti']",Duomo,"['AMO', 'Museo Miniscalchi', 'Santa Anastasia', 'Teatro Romano', 'Palazzo della Ragione']",Teatro Romano,strategy_nearest,True,0.002391815185546875,success
0439904A9C4C80,3,"['Arena', 'Casa Giulietta']",San Fermo,"['Museo Storia', 'Museo Radio', 'Centro Fotografia', 'Sighseeing', 'Torre Lamberti']",Santa Anastasia,strategy_nearest,False,0.003136873245239258,success
043998429C4C81,3,"['Torre Lamberti', 'Santa Anastasia']",Duomo,"['AMO', 'Museo Miniscalchi', 'Teatro Romano', 'Palazzo della Ragione', 'Museo Conte']",Teatro Romano,strategy_nearest,True,0.002830028533935547,success
0439984A9C4C81,3,"['Arena', 'San Zeno']",Castelvecchio,"['Museo Lapidario', 'Verona Tour', 'Museo Radio', 'Sighseeing', 'Museo Miniscalchi']",Duomo,strategy_nearest,False,0.003111124038696289,success
0439994A9C4C81,0,['Arena'],Castelvecchio,"['Museo Lapidario', 'Verona Tour', 'Museo Radio', 'San Zeno', 'Sighseeing']",Torre Lamberti,strategy_nearest,False,0.0035839080810546875,success
0439A3429C4C81,2,"['Torre Lamberti', 'Casa Giulietta']",Santa Anastasia,"['AMO', 'Museo Conte', 'Palazzo della Ragione', 'Teatro Romano', 'Centro Fotografia']",Duomo,strategy_nearest,False,0.002312898635864258,success
04399F429C4C81,3,"['Arena', 'Torre Lamberti']",Santa Anastasia,"['AMO', 'Museo Conte', 'Palazzo della Ragione', 'Teatro Romano', 'Centro Fotografia']",Duomo,strategy_nearest,False,0.0026397705078125,success
0439A04A9C4C80,1,['Arena'],Tomba Giulietta,"['San Fermo', 'Museo Storia', 'Museo Lapidario', 'Museo Radio', 'Verona Tour']",Casa Giulietta,strategy_nearest,False,0.003130197525024414,success
0439A64A9C4C81,3,['Arena'],Duomo,"['AMO', 'Museo Miniscalchi', 'Santa Anastasia', 'Teatro Romano', 'Palazzo della Ragione']",Santa Anastasia,strategy_nearest,True,0.001901865005493164,success
0439A63A9C4C80,3,"['Teatro Romano', 'Santa Anastasia']",Torre Lamberti,"['Sighseeing', 'Centro Fotografia', 'Museo Conte', 'Casa Giulietta', 'Palazzo della Ragione']",Casa Giulietta,strategy_nearest,True,0.0025751590728759766,success
0439A84A9C4C81,3,"['Arena', 'San Fermo']",Casa Giulietta,"['Centro Fotografia', 'Sighseeing', 'Torre Lamberti', 'Museo Conte', 'Museo Radio']",Santa Anastasia,strategy_nearest,False,0.0026521682739257812,success
0439A94A9C4C81,3,"['Arena', 'Torre Lamberti']",Santa Anastasia,"['AMO', 'Museo Conte', 'Palazzo della Ragione', 'Teatro Romano', 'Centro Fotografia']",Duomo,strategy_nearest,False,0.0033042430877685547,success
0439AB3A9C4C80,1,"['Museo Lapidario', 'Arena', 'San Fermo']",Museo Storia,"['Museo Radio', 'Casa Giulietta', 'Centro Fotografia', 'Tomba Giulietta', 'Torre Lamberti']",Teatro Romano,strategy_nearest,False,0.0023779869079589844,success
0439AE429C4C80,2,"['Casa Giulietta', 'Santa Anastasia']",Duomo,"['AMO', 'Museo Miniscalchi', 'Teatro Romano', 'Palazzo della Ragione', 'Museo Conte']",Torre Lamberti,strategy_nearest,False,0.0026319026947021484,success
0439AB4A9C4C81,0,"['Casa Giulietta', 'Duomo']",Tomba Giulietta,"['San Fermo', 'Museo Storia', 'Arena', 'Museo Lapidario', 'Museo Radio']",Castelvecchio,strategy_nearest,False,0.0034792423248291016,success
0439AF429C4C80,1,['Castelvecchio'],Arena,"['Verona Tour', 'Museo Lapidario', 'Museo Radio', 'San Fermo', 'Casa Giulietta']",Torre Lamberti,strategy_nearest,False,0.003475189208984375,success
0439B2429C4C80,2,"['Castelvecchio', 'Casa Giulietta']",Tomba Giulietta,"['San Fermo', 'Museo Storia', 'Arena', 'Museo Lapidario', 'Museo Radio']",Museo Storia,strategy_nearest,True,0.003329038619995117,success
0439B43A9C4C80,1,['Torre Lamberti'],Palazzo della Ragione,"['AMO', 'Museo Conte', 'Centro Fotografia', 'Sighseeing', 'Santa Anastasia']",Casa Giulietta,strategy_nearest,False,0.0026290416717529297,success
0439BA3A9C4C80,3,"['Arena', 'San Zeno', 'Duomo']",Santa Anastasia,"['AMO', 'Museo Conte', 'Palazzo della Ragione', 'Teatro Romano', 'Centro Fotografia']",Torre Lamberti,strategy_nearest,False,0.0032339096069335938,success
0439BA429C4C80,0,"['Castelvecchio', 'Arena']",Tomba Giulietta,"['San Fermo', 'Museo Storia', 'Museo Lapidario', 'Museo Radio', 'Verona Tour']",Teatro Romano,strategy_nearest,False,0.003345966339111328,success
0439BD3A9C4C80,1,"['Arena', 'Museo Lapidario', 'Castelvecchio']",Casa Giulietta,"['Centro Fotografia', 'Sighseeing', 'Torre Lamberti', 'Museo Conte', 'Museo Radio']",Torre Lamberti,strategy_nearest,True,0.0032172203063964844,success
0439CC3A9C4C80,1,"['Duomo', 'Palazzo della Ragione']",Torre Lamberti,"['Sighseeing', 'Centro Fotografia', 'Museo Conte', 'Casa Giulietta', 'AMO']",Arena,strategy_nearest,False,0.0028350353240966797,success
0439DF3A9C4C80,0,['Arena'],Casa Giulietta,"['Centro Fotografia', 'Sighseeing', 'Torre Lamberti', 'Museo Conte', 'Museo Radio']",Casa Giulietta,strategy_nearest,False,0.003979921340942383,success
0439D13A9C4C80,0,['Arena'],Casa Giulietta,"['Centro Fotografia', 'Sighseeing', 'Torre Lamberti', 'Museo Conte', 'Museo Radio']",Castelvecchio,strategy_nearest,False,0.003965139389038086,success
0439E43A9C4C80,3,"['Arena', 'Tomba Giulietta', 'San Fermo']",Casa Giulietta,"['Centro Fotografia', 'Sighseeing', 'Torre Lamberti', 'Museo Conte', 'Museo Radio']",San Zeno,strategy_nearest,False,0.002457141876220703,success
0439F1429C4C80,3,"['Arena', 'Tomba Giulietta', 'Torre Lamberti']",Teatro Romano,"['Santa Anastasia', 'Duomo', 'AMO', 'Palazzo della Ragione', 'Museo Conte']",Giardino Giusti,strategy_nearest,False,0.0027441978454589844,success
043A60429C4C80,0,"['Castelvecchio', 'Arena']",Giardino Giusti,"['Santa Anastasia', 'Teatro Romano', 'Museo Conte', 'Centro Fotografia', 'Museo Storia']",Casa Giulietta,strategy_nearest,False,0.0030128955841064453,success
043A92429C4C81,3,"['Castelvecchio', 'Santa Anastasia']",Teatro Romano,"['Duomo', 'AMO', 'Palazzo della Ragione', 'Museo Conte', 'Centro Fotografia']",Casa Giulietta,strategy_nearest,False,0.002950906753540039,success
043A98429C4C81,0,"['Arena', 'Casa Giulietta']",Tomba Giulietta,"['San Fermo', 'Museo Storia', 'Museo Lapidario', 'Museo Radio', 'Verona Tour']",Castelvecchio,strategy_nearest,False,0.003341197967529297,success
043A9F429C4C81,3,"['Arena', 'Casa Giulietta']",Torre Lamberti,"['Sighseeing', 'Centro Fotografia', 'Museo Conte', 'Palazzo della Ragione', 'AMO']",Santa Anastasia,strategy_nearest,False,0.0024518966674804688,success
043AA44A9C4C81,0,['Arena'],Casa Giulietta,"['Centro Fotografia', 'Sighseeing', 'Torre Lamberti', 'Museo Conte', 'Museo Radio']",Torre Lamberti,strategy_nearest,True,0.002445697784423828,success
043AA64A9C4C81,3,['Arena'],Casa Giulietta,"['Centro Fotografia', 'Sighseeing', 'Torre Lamberti', 'Museo Conte', 'Museo Radio']",Santa Anastasia,strategy_nearest,False,0.0027208328247070312,success
043AA94A9C4C81,0,['Arena'],Casa Giulietta,"['Centro Fotografia', 'Sighseeing', 'Torre Lamberti', 'Museo Conte', 'Museo Radio']",Duomo,strategy_nearest,False,0.0027883052825927734,success
043B2B3A9C4C80,2,"['Castelvecchio', 'Duomo']",Casa Giulietta,"['Centro Fotografia', 'Sighseeing', 'Torre Lamberti', 'Museo Conte', 'Museo Radio']",Teatro Romano,strategy_nearest,False,0.0032072067260742188,success
043AC73A9C4C80,3,"['Arena', 'Torre Lamberti', 'Duomo']",Teatro Romano,"['Santa Anastasia', 'AMO', 'Palazzo della Ragione', 'Museo Conte', 'Centro Fotografia']",Santa Anastasia,strategy_nearest,True,0.0026421546936035156,success
043B44429C4C80,3,"['Arena', 'Casa Giulietta']",Castelvecchio,"['Museo Lapidario', 'Verona Tour', 'Museo Radio', 'San Zeno', 'Sighseeing']",San Zeno,strategy_nearest,True,0.003287076950073242,success
043B2B429C4C80,0,['Arena'],Casa Giulietta,"['Centro Fotografia', 'Sighseeing', 'Torre Lamberti', 'Museo Conte', 'Museo Radio']",Santa Anastasia,strategy_nearest,False,0.004013776779174805,success
043B33429C4C80,3,"['Arena', 'Torre Lamberti']",Santa Anastasia,"['AMO', 'Museo Conte', 'Palazzo della Ragione', 'Teatro Romano', 'Centro Fotografia']",Duomo,strategy_nearest,False,0.002088308334350586,success
043B2D4A9C4C80,3,"['Duomo', 'Arena', 'Casa Giulietta']",Torre Lamberti,"['Sighseeing', 'Centro Fotografia', 'Museo Conte', 'Palazzo della Ragione', 'AMO']",Torre Lamberti,strategy_nearest,False,0.002134084701538086,success
043B45429C4C80,0,['Arena'],Museo Lapidario,"['Verona Tour', 'Castelvecchio', 'Museo Radio', 'San Fermo', 'Casa Giulietta']",Castelvecchio,strategy_nearest,True,0.0015559196472167969,success
043B59429C4C80,2,"['Castelvecchio', 'Casa Giulietta', 'Tomba Giulietta', 'Duomo']",Santa Anastasia,"['AMO', 'Museo Conte', 'Palazzo della Ragione', 'Teatro Romano', 'Centro Fotografia']",Torre Lamberti,strategy_nearest,False,0.002190113067626953,success
043B4C3A9C4C80,0,['Arena'],Casa Giulietta,"['Centro Fotografia', 'Sighseeing', 'Torre Lamberti', 'Museo Conte', 'Museo Radio']",Torre Lamberti,strategy_nearest,True,0.0029439926147460938,success
043B5A429C4C80,1,"['Arena', 'Casa Giulietta']",Torre Lamberti,"['Sighseeing', 'Centro Fotografia', 'Museo Conte', 'Palazzo della Ragione', 'AMO']",Palazzo della Ragione,strategy_nearest,True,0.0034477710723876953,success
043B6C429C4C80,0,"['Arena', 'Casa Giulietta']",Duomo,"['AMO', 'Museo Miniscalchi', 'Santa Anastasia', 'Teatro Romano', 'Palazzo della Ragione']",Teatro Romano,strategy_nearest,True,0.002077817916870117,success
043B64429C4C80,3,"['Arena', 'Casa Giulietta']",Torre Lamberti,"['Sighseeing', 'Centro Fotografia', 'Museo Conte', 'Palazzo della Ragione', 'AMO']",Santa Anastasia,strategy_nearest,False,0.0021381378173828125,success
043B6E429C4C80,1,['Torre Lamberti'],Palazzo della Ragione,"['AMO', 'Museo Conte', 'Centro Fotografia', 'Sighseeing', 'Santa Anastasia']",Castelvecchio,strategy_nearest,False,0.002790689468383789,success
043B623A9C4C80,0,"['Arena', 'Torre Lamberti']",Casa Giulietta,"['Centro Fotografia', 'Sighseeing', 'Museo Conte', 'Museo Radio', 'Palazzo della Ragione']",San Fermo,strategy_nearest,False,0.00423884391784668,success
043B7E3A9C4C80,0,['Arena'],Castelvecchio,"['Museo Lapidario', 'Verona Tour', 'Museo Radio', 'San Zeno', 'Sighseeing']",San Zeno,strategy_nearest,True,0.0024678707122802734,success
043B83429C4C80,0,"['Arena', 'Castelvecchio']",San Zeno,"['Verona Tour', 'Museo Lapidario', 'Museo Miniscalchi', 'Sighseeing', 'Museo Radio']",Tomba Giulietta,strategy_nearest,False,0.0025947093963623047,success
043B854A9C4C80,1,"['Arena', 'Castelvecchio', 'Casa Giulietta']",Torre Lamberti,"['Sighseeing', 'Centro Fotografia', 'Museo Conte', 'Palazzo della Ragione', 'AMO']",Palazzo della Ragione,strategy_nearest,True,0.002549886703491211,success
043B86429C4C80,0,['Castelvecchio'],Arena,"['Verona Tour', 'Museo Lapidario', 'Museo Radio', 'San Fermo', 'Casa Giulietta']",Teatro Romano,strategy_nearest,False,0.0033349990844726562,success
043B874A9C4C80,3,"['Arena', 'Giardino Giusti']",Teatro Romano,"['Santa Anastasia', 'Duomo', 'AMO', 'Palazzo della Ragione', 'Museo Conte']",Torre Lamberti,strategy_nearest,False,0.002573728561401367,success
043B8B4A9C4C80,1,"['Arena', 'Torre Lamberti']",Palazzo della Ragione,"['AMO', 'Museo Conte', 'Centro Fotografia', 'Sighseeing', 'Santa Anastasia']",Casa Giulietta,strategy_nearest,False,0.003149747848510742,success
043B8F4A9C4C80,1,"['Casa Giulietta', 'Arena', 'Castelvecchio']",Santa Anastasia,"['AMO', 'Museo Conte', 'Palazzo della Ragione', 'Teatro Romano', 'Centro Fotografia']",Duomo,strategy_nearest,False,0.003233194351196289,success
043B97429C4C81,0,['Arena'],Castelvecchio,"['Museo Lapidario', 'Verona Tour', 'Museo Radio', 'San Zeno', 'Sighseeing']",Torre Lamberti,strategy_nearest,False,0.003303050994873047,success
043B98429C4C80,1,"['Tomba Giulietta', 'Torre Lamberti']",Palazzo della Ragione,"['AMO', 'Museo Conte', 'Centro Fotografia', 'Sighseeing', 'Santa Anastasia']",Casa Giulietta,strategy_nearest,False,0.00255584716796875,success
043B9B4A9C4C80,1,"['Arena', 'Casa Giulietta']",Torre Lamberti,"['Sighseeing', 'Centro Fotografia', 'Museo Conte', 'Palazzo della Ragione', 'AMO']",Palazzo della Ragione,strategy_nearest,True,0.0024330615997314453,success
043BA04A9C4C80,0,['Arena'],Duomo,"['AMO', 'Museo Miniscalchi', 'Santa Anastasia', 'Teatro Romano', 'Palazzo della Ragione']",Teatro Romano,strategy_nearest,True,0.0032448768615722656,success
043BA14A9C4C80,2,['Santa Anastasia'],Palazzo della Ragione,"['AMO', 'Museo Conte', 'Torre Lamberti', 'Centro Fotografia', 'Sighseeing']",Castelvecchio,strategy_nearest,False,0.0026378631591796875,success
043BA74A9C4C80,1,['Torre Lamberti'],Palazzo della Ragione,"['AMO', 'Museo Conte', 'Centro Fotografia', 'Sighseeing', 'Santa Anastasia']",Arena,strategy_nearest,False,0.003242015838623047,success
043BA83A9C4C80,3,"['Arena', 'San Fermo']",Casa Giulietta,"['Centro Fotografia', 'Sighseeing', 'Torre Lamberti', 'Museo Conte', 'Museo Radio']",Santa Anastasia,strategy_nearest,False,0.003461122512817383,success
043BAE429C4C80,0,"['Casa Giulietta', 'Casa Giulietta', 'Arena']",Museo Lapidario,"['Verona Tour', 'Castelvecchio', 'Museo Radio', 'San Fermo', 'Tomba Giulietta']",Tomba Giulietta,strategy_nearest,True,0.0029969215393066406,success
043BB53A9C4C80,3,"['Tomba Giulietta', 'Arena', 'San Fermo']",Casa Giulietta,"['Centro Fotografia', 'Sighseeing', 'Torre Lamberti', 'Museo Conte', 'Museo Radio']",Santa Anastasia,strategy_nearest,False,0.003524303436279297,success
043BBC429C4C80,0,['Arena'],Casa Giulietta,"['Centro Fotografia', 'Sighseeing', 'Torre Lamberti', 'Museo Conte', 'Museo Radio']",Tomba Giulietta,strategy_nearest,False,0.0024251937866210938,success
043BC73A9C4C80,0,['Arena'],Casa Giulietta,"['Centro Fotografia', 'Sighseeing', 'Torre Lamberti', 'Museo Conte', 'Museo Radio']",Torre Lamberti,strategy_nearest,True,0.0025131702423095703,success
043BBE429C4C80,3,['Arena'],San Fermo,"['Museo Storia', 'Museo Radio', 'Casa Giulietta', 'Centro Fotografia', 'Sighseeing']",Santa Anastasia,strategy_nearest,False,0.0034079551696777344,success
043BC83A9C4C80,3,"['Casa Giulietta', 'Arena', 'Torre Lamberti']",Castelvecchio,"['Museo Lapidario', 'Verona Tour', 'Museo Radio', 'San Zeno', 'Sighseeing']",Tomba Giulietta,strategy_nearest,False,0.0019919872283935547,success
043BDF3A9C4C80,3,['Arena'],Casa Giulietta,"['Centro Fotografia', 'Sighseeing', 'Torre Lamberti', 'Museo Conte', 'Museo Radio']",Santa Anastasia,strategy_nearest,False,0.0031960010528564453,success
043BCE429C4C80,3,"['Arena', 'Casa Giulietta']",Torre Lamberti,"['Sighseeing', 'Centro Fotografia', 'Museo Conte', 'Palazzo della Ragione', 'AMO']",Duomo,strategy_nearest,False,0.0030219554901123047,success
043BCC3A9C4C80,0,['Casa Giulietta'],Arena,"['Verona Tour', 'Museo Lapidario', 'Museo Radio', 'San Fermo', 'Sighseeing']",Torre Lamberti,strategy_nearest,False,0.002767801284790039,success
043BE03A9C4C80,3,"['Arena', 'Castelvecchio']",Torre Lamberti,"['Sighseeing', 'Centro Fotografia', 'Museo Conte', 'Casa Giulietta', 'Palazzo della Ragione']",Casa Giulietta,strategy_nearest,True,0.0035429000854492188,success
043BE43A9C4C80,0,['Castelvecchio'],Arena,"['Verona Tour', 'Museo Lapidario', 'Museo Radio', 'San Fermo', 'Casa Giulietta']",Casa Giulietta,strategy_nearest,True,0.0028069019317626953,success
043BE23A9C4C80,1,"['Teatro Romano', 'Palazzo della Ragione', 'Castelvecchio', 'San Zeno', 'Arena']",Palazzo della Ragione,"['AMO', 'Museo Conte', 'Torre Lamberti', 'Centro Fotografia', 'Sighseeing']",Museo Storia,strategy_nearest,False,0.001569986343383789,success
043BE83A9C4C80,1,"['Torre Lamberti', 'Palazzo della Ragione', 'Casa Giulietta', 'Arena']",Museo Lapidario,"['Verona Tour', 'Castelvecchio', 'Museo Radio', 'San Fermo', 'Tomba Giulietta']",Castelvecchio,strategy_nearest,True,0.003286123275756836,success
043BF4429C4C80,3,"['Casa Giulietta', 'Santa Anastasia', 'Duomo']",Teatro Romano,"['AMO', 'Palazzo della Ragione', 'Museo Conte', 'Centro Fotografia', 'Museo Miniscalchi']",Arena,strategy_nearest,False,0.0035240650177001953,success
043C01429C4C84,1,['Casa Giulietta'],Arena,"['Verona Tour', 'Museo Lapidario', 'Museo Radio', 'San Fermo', 'Sighseeing']",Torre Lamberti,strategy_nearest,False,0.0026979446411132812,success
043BFE429C4C80,0,['Casa Giulietta'],Teatro Romano,"['Santa Anastasia', 'Duomo', 'AMO', 'Palazzo della Ragione', 'Museo Conte']",Castelvecchio,strategy_nearest,False,0.0013451576232910156,success
043C073A9C4C84,0,['Torre Lamberti'],Arena,"['Verona Tour', 'Museo Lapidario', 'Museo Radio', 'San Fermo', 'Casa Giulietta']",Castelvecchio,strategy_nearest,False,0.003350973129272461,success
043C373A9C4C80,0,['Arena'],Casa Giulietta,"['Centro Fotografia', 'Sighseeing', 'Torre Lamberti', 'Museo Conte', 'Museo Radio']",Torre Lamberti,strategy_nearest,True,0.0024919509887695312,success
043C3A3A9C4C80,0,"['Duomo', 'Torre Lamberti']",Casa Giulietta,"['Centro Fotografia', 'Sighseeing', 'Museo Conte', 'Museo Radio', 'Palazzo della Ragione']",Arena,strategy_nearest,False,0.0027849674224853516,success
043C3B3A9C4C80,0,['Castelvecchio'],Arena,"['Verona Tour', 'Museo Lapidario', 'Museo Radio', 'San Fermo', 'Casa Giulietta']",Casa Giulietta,strategy_nearest,True,0.003116130828857422,success
043C3C3A9C4C80,1,"['San Fermo', 'Palazzo della Ragione', 'Museo Lapidario']",Arena,"['Verona Tour', 'Museo Radio', 'Casa Giulietta', 'Sighseeing', 'Castelvecchio']",Museo Storia,strategy_nearest,False,0.003599882125854492,success
043C403A9C4C80,1,"['Arena', 'Palazzo della Ragione']",Duomo,"['AMO', 'Museo Miniscalchi', 'Santa Anastasia', 'Teatro Romano', 'Museo Conte']",Castelvecchio,strategy_nearest,False,0.0019371509552001953,success
043C40429C4C80,0,['Arena'],Casa Giulietta,"['Centro Fotografia', 'Sighseeing', 'Torre Lamberti', 'Museo Conte', 'Museo Radio']",Teatro Romano,strategy_nearest,False,0.003532886505126953,success
043C463A9C4C80,2,['Teatro Romano'],Duomo,"['AMO', 'Museo Miniscalchi', 'Santa Anastasia', 'Palazzo della Ragione', 'Museo Conte']",Castelvecchio,strategy_nearest,False,0.002485990524291992,success
043C4D429C4C80,1,"['Arena', 'Casa Giulietta', 'Tomba Giulietta']",Torre Lamberti,"['Sighseeing', 'Centro Fotografia', 'Museo Conte', 'Palazzo della Ragione', 'AMO']",Palazzo della Ragione,strategy_nearest,True,0.0029230117797851562,success
043C4F429C4C80,1,"['Castelvecchio', 'San Zeno', 'Arena']",Santa Anastasia,"['AMO', 'Museo Conte', 'Palazzo della Ragione', 'Teatro Romano', 'Centro Fotografia']",Casa Giulietta,strategy_nearest,False,0.0028679370880126953,success
043C54429C4C80,3,"['Castelvecchio', 'Arena']",Casa Giulietta,"['Centro Fotografia', 'Sighseeing', 'Torre Lamberti', 'Museo Conte', 'Museo Radio']",Santa Anastasia,strategy_nearest,False,0.0025451183319091797,success
043C623A9C4C80,1,"['Arena', 'Castelvecchio', 'San Zeno']",Casa Giulietta,"['Centro Fotografia', 'Sighseeing', 'Torre Lamberti', 'Museo Conte', 'Museo Radio']",Palazzo della Ragione,strategy_nearest,False,0.002894163131713867,success
043C58429C4C80,0,['Arena'],Castelvecchio,"['Museo Lapidario', 'Verona Tour', 'Museo Radio', 'San Zeno', 'Sighseeing']",Casa Giulietta,strategy_nearest,False,0.002130746841430664,success
043C79429C4C80,3,"['Arena', 'Casa Giulietta']",Torre Lamberti,"['Sighseeing', 'Centro Fotografia', 'Museo Conte', 'Palazzo della Ragione', 'AMO']",Santa Anastasia,strategy_nearest,False,0.0026738643646240234,success
043C914A9C4C80,0,['Arena'],Casa Giulietta,"['Centro Fotografia', 'Sighseeing', 'Torre Lamberti', 'Museo Conte', 'Museo Radio']",Torre Lamberti,strategy_nearest,True,0.0022830963134765625,success
043C9C429C4C80,0,['Arena'],Casa Giulietta,"['Centro Fotografia', 'Sighseeing', 'Torre Lamberti', 'Museo Conte', 'Museo Radio']",Castelvecchio,strategy_nearest,False,0.0027899742126464844,success
043C9F429C4C80,2,"['Torre Lamberti', 'Palazzo della Ragione']",Santa Anastasia,"['AMO', 'Museo Conte', 'Teatro Romano', 'Centro Fotografia', 'Duomo']",Duomo,strategy_nearest,True,0.002948760986328125,success
043CA73A9C4C80,0,['Arena'],Casa Giulietta,"['Centro Fotografia', 'Sighseeing', 'Torre Lamberti', 'Museo Conte', 'Museo Radio']",Torre Lamberti,strategy_nearest,True,0.0018329620361328125,success
043CA74A9C4C80,0,['Arena'],Castelvecchio,"['Museo Lapidario', 'Verona Tour', 'Museo Radio', 'San Zeno', 'Sighseeing']",Teatro Romano,strategy_nearest,False,0.0036940574645996094,success
043CA0429C4C80,0,['Arena'],Casa Giulietta,"['Centro Fotografia', 'Sighseeing', 'Torre Lamberti', 'Museo Conte', 'Museo Radio']",Duomo,strategy_nearest,False,0.003912925720214844,success
043CAE429C4C80,1,"['Castelvecchio', 'Palazzo della Ragione']",Torre Lamberti,"['Sighseeing', 'Centro Fotografia', 'Museo Conte', 'Casa Giulietta', 'AMO']",Arena,strategy_nearest,False,0.0018382072448730469,success
043CB53A9C4C80,0,['Arena'],Casa Giulietta,"['Centro Fotografia', 'Sighseeing', 'Torre Lamberti', 'Museo Conte', 'Museo Radio']",Santa Anastasia,strategy_nearest,False,0.0021467208862304688,success
043CB83A9C4C80,3,"['Arena', 'Museo Lapidario', 'Castelvecchio']",Duomo,"['AMO', 'Museo Miniscalchi', 'Santa Anastasia', 'Teatro Romano', 'Palazzo della Ragione']",Teatro Romano,strategy_nearest,True,0.003325939178466797,success
043CB7429C4C80,0,['Arena'],Casa Giulietta,"['Centro Fotografia', 'Sighseeing', 'Torre Lamberti', 'Museo Conte', 'Museo Radio']",Torre Lamberti,strategy_nearest,True,0.002933025360107422,success
043CAF3A9C4C80,3,"['Arena', 'Casa Giulietta']",Tomba Giulietta,"['San Fermo', 'Museo Storia', 'Museo Lapidario', 'Museo Radio', 'Verona Tour']",Santa Anastasia,strategy_nearest,False,0.0022630691528320312,success
043CBC429C4C80,1,"['Arena', 'Museo Lapidario']",Torre Lamberti,"['Sighseeing', 'Centro Fotografia', 'Museo Conte', 'Casa Giulietta', 'Palazzo della Ragione']",Palazzo della Ragione,strategy_nearest,True,0.002379894256591797,success
043CBF429C4C80,0,['Arena'],Casa Giulietta,"['Centro Fotografia', 'Sighseeing', 'Torre Lamberti', 'Museo Conte', 'Museo Radio']",Torre Lamberti,strategy_nearest,True,0.0029439926147460938,success
043CC0429C4C80,2,['San Fermo'],Casa Giulietta,"['Centro Fotografia', 'Sighseeing', 'Torre Lamberti', 'Museo Conte', 'Museo Radio']",Torre Lamberti,strategy_nearest,True,0.003240823745727539,success
043CBB3A9C4C80,0,['Tomba Giulietta'],Arena,"['Verona Tour', 'Museo Lapidario', 'Museo Radio', 'San Fermo', 'Casa Giulietta']",Casa Giulietta,strategy_nearest,True,0.0017900466918945312,success
043CC33A9C4C80,0,['Arena'],Casa Giulietta,"['Centro Fotografia', 'Sighseeing', 'Torre Lamberti', 'Museo Conte', 'Museo Radio']",Castelvecchio,strategy_nearest,False,0.0016748905181884766,success
043CD53A9C4C80,1,"['Torre Lamberti', 'Duomo', 'Arena']",Casa Giulietta,"['Centro Fotografia', 'Sighseeing', 'Museo Conte', 'Museo Radio', 'Palazzo della Ragione']",Palazzo della Ragione,strategy_nearest,True,0.004185914993286133,success
043CCD3A9C4C80,1,['Arena'],Palazzo della Ragione,"['AMO', 'Museo Conte', 'Torre Lamberti', 'Centro Fotografia', 'Sighseeing']",Torre Lamberti,strategy_nearest,True,0.0030257701873779297,success
043CC83A9C4C80,1,"['Arena', 'Casa Giulietta', 'Torre Lamberti']",Palazzo della Ragione,"['AMO', 'Museo Conte', 'Centro Fotografia', 'Sighseeing', 'Santa Anastasia']",Santa Anastasia,strategy_nearest,True,0.0040378570556640625,success
043CEC3A9C4C80,3,"['San Fermo', 'Santa Anastasia', 'Duomo']",Torre Lamberti,"['Sighseeing', 'Centro Fotografia', 'Museo Conte', 'Casa Giulietta', 'Palazzo della Ragione']",Casa Giulietta,strategy_nearest,True,0.0016541481018066406,success
043CE4429C4C80,3,"['Arena', 'Casa Giulietta']",Torre Lamberti,"['Sighseeing', 'Centro Fotografia', 'Museo Conte', 'Palazzo della Ragione', 'AMO']",Castelvecchio,strategy_nearest,False,0.0029358863830566406,success
043CDE3A9C4C80,0,['Torre Lamberti'],Tomba Giulietta,"['San Fermo', 'Museo Storia', 'Arena', 'Museo Lapidario', 'Museo Radio']",Arena,strategy_nearest,True,0.0024878978729248047,success
043CE03A9C4C80,3,"['Castelvecchio', 'San Fermo', 'Santa Anastasia']",Arena,"['Verona Tour', 'Museo Lapidario', 'Museo Radio', 'Casa Giulietta', 'Sighseeing']",Torre Lamberti,strategy_nearest,False,0.00399017333984375,success
043CF63A9C4C80,0,['Tomba Giulietta'],Arena,"['Verona Tour', 'Museo Lapidario', 'Museo Radio', 'San Fermo', 'Casa Giulietta']",Casa Giulietta,strategy_nearest,True,0.003457784652709961,success
043CF9429C4C80,3,"['Arena', 'Castelvecchio', 'Museo Lapidario', 'Torre Lamberti']",Santa Anastasia,"['AMO', 'Museo Conte', 'Palazzo della Ragione', 'Teatro Romano', 'Centro Fotografia']",Teatro Romano,strategy_nearest,True,0.003220081329345703,success
043CEF3A9C4C80,0,['Tomba Giulietta'],Arena,"['Verona Tour', 'Museo Lapidario', 'Museo Radio', 'San Fermo', 'Casa Giulietta']",Torre Lamberti,strategy_nearest,False,0.002777099609375,success
043D31429C4C80,0,['Castelvecchio'],Arena,"['Verona Tour', 'Museo Lapidario', 'Museo Radio', 'San Fermo', 'Casa Giulietta']",Casa Giulietta,strategy_nearest,True,0.003674030303955078,success
043D07429C4C84,0,['Casa Giulietta'],Arena,"['Verona Tour', 'Museo Lapidario', 'Museo Radio', 'San Fermo', 'Sighseeing']",Santa Anastasia,strategy_nearest,False,0.0027310848236083984,success
043D003A9C4C84,3,"['Arena', 'San Fermo']",Torre Lamberti,"['Sighseeing', 'Centro Fotografia', 'Museo Conte', 'Casa Giulietta', 'Palazzo della Ragione']",Santa Anastasia,strategy_nearest,False,0.002223968505859375,success
043D343A9C4C80,0,['Arena'],Casa Giulietta,"['Centro Fotografia', 'Sighseeing', 'Torre Lamberti', 'Museo Conte', 'Museo Radio']",Castelvecchio,strategy_nearest,False,0.004202127456665039,success
043D374A9C4C80,3,"['Arena', 'Castelvecchio', 'San Zeno']",San Fermo,"['Museo Storia', 'Museo Radio', 'Casa Giulietta', 'Centro Fotografia', 'Sighseeing']",Tomba Giulietta,strategy_nearest,False,0.0029370784759521484,success
043D3B429C4C80,0,['Arena'],Casa Giulietta,"['Centro Fotografia', 'Sighseeing', 'Torre Lamberti', 'Museo Conte', 'Museo Radio']",Torre Lamberti,strategy_nearest,True,0.0034360885620117188,success
043D353A9C4C80,1,"['Arena', 'Museo Lapidario', 'Casa Giulietta']",Torre Lamberti,"['Sighseeing', 'Centro Fotografia', 'Museo Conte', 'Palazzo della Ragione', 'AMO']",Palazzo della Ragione,strategy_nearest,True,0.0020792484283447266,success
043D423A9C4C80,3,['Arena'],Duomo,"['AMO', 'Museo Miniscalchi', 'Santa Anastasia', 'Teatro Romano', 'Palazzo della Ragione']",Torre Lamberti,strategy_nearest,False,0.0019381046295166016,success
043D54429C4C80,0,['Arena'],Casa Giulietta,"['Centro Fotografia', 'Sighseeing', 'Torre Lamberti', 'Museo Conte', 'Museo Radio']",Santa Anastasia,strategy_nearest,False,0.0022590160369873047,success
043D57429C4C80,1,"['Arena', 'Museo Lapidario', 'Tomba Giulietta', 'Casa Giulietta']",Palazzo della Ragione,"['AMO', 'Museo Conte', 'Torre Lamberti', 'Centro Fotografia', 'Sighseeing']",Torre Lamberti,strategy_nearest,True,0.0026350021362304688,success
043D46429C4C80,3,"['Arena', 'Santa Anastasia']",Duomo,"['AMO', 'Museo Miniscalchi', 'Teatro Romano', 'Palazzo della Ragione', 'Museo Conte']",San Fermo,strategy_nearest,False,0.0037932395935058594,success
043D59429C4C80,3,"['San Fermo', 'Santa Anastasia', 'Castelvecchio']",Giardino Giusti,"['Teatro Romano', 'Museo Conte', 'Centro Fotografia', 'Museo Storia', 'AMO']",Duomo,strategy_nearest,False,0.00432276725769043,success
043D5B429C4C80,3,"['Teatro Romano', 'Duomo']",Santa Anastasia,"['AMO', 'Museo Conte', 'Palazzo della Ragione', 'Centro Fotografia', 'Torre Lamberti']",Torre Lamberti,strategy_nearest,True,0.0021882057189941406,success
043D5E3A9C4C80,0,"['Castelvecchio', 'Arena']",Torre Lamberti,"['Sighseeing', 'Centro Fotografia', 'Museo Conte', 'Casa Giulietta', 'Palazzo della Ragione']",Teatro Romano,strategy_nearest,False,0.0027608871459960938,success
043D5E429C4C80,0,['Tomba Giulietta'],Arena,"['Verona Tour', 'Museo Lapidario', 'Museo Radio', 'San Fermo', 'Casa Giulietta']",Casa Giulietta,strategy_nearest,True,0.002637147903442383,success
043D64429C4C80,1,"['Arena', 'Casa Giulietta']",Torre Lamberti,"['Sighseeing', 'Centro Fotografia', 'Museo Conte', 'Palazzo della Ragione', 'AMO']",Palazzo della Ragione,strategy_nearest,True,0.0018169879913330078,success
043D6D429C4C80,0,['Torre Lamberti'],Castelvecchio,"['Museo Lapidario', 'Verona Tour', 'Arena', 'Museo Radio', 'San Zeno']",Arena,strategy_nearest,True,0.003282785415649414,success
043D71429C4C80,4,"['Arena', 'Museo Lapidario', 'Castelvecchio']",Casa Giulietta,"['Centro Fotografia', 'Sighseeing', 'Torre Lamberti', 'Museo Conte', 'Museo Radio']",Tomba Giulietta,strategy_nearest,False,0.0030670166015625,success
043D73429C4C80,0,['Arena'],Museo Lapidario,"['Verona Tour', 'Castelvecchio', 'Museo Radio', 'San Fermo', 'Casa Giulietta']",Castelvecchio,strategy_nearest,True,0.0018401145935058594,success
043D743A9C4C80,1,['Arena'],Giardino Giusti,"['Santa Anastasia', 'Teatro Romano', 'Museo Conte', 'Centro Fotografia', 'Museo Storia']",Palazzo della Ragione,strategy_nearest,False,0.0033779144287109375,success
043D7F429C4C80,4,"['Museo Radio', 'Tomba Giulietta', 'Arena']",Castelvecchio,"['Museo Lapidario', 'Verona Tour', 'San Zeno', 'Sighseeing', 'Museo Miniscalchi']",San Zeno,strategy_nearest,True,0.001993894577026367,success
043D80429C4C80,1,"['Torre Lamberti', 'Palazzo della Ragione']",Palazzo della Ragione,"['AMO', 'Museo Conte', 'Centro Fotografia', 'Sighseeing', 'Santa Anastasia']",Santa Anastasia,strategy_nearest,True,0.002593994140625,success
043D86429C4C80,1,"['Arena', 'Castelvecchio', 'Casa Giulietta']",Santa Anastasia,"['AMO', 'Museo Conte', 'Palazzo della Ragione', 'Teatro Romano', 'Centro Fotografia']",Palazzo della Ragione,strategy_nearest,True,0.0032732486724853516,success
043D873A9C4C80,3,"['Arena', 'Casa Giulietta']",Santa Anastasia,"['AMO', 'Museo Conte', 'Palazzo della Ragione', 'Teatro Romano', 'Centro Fotografia']",Duomo,strategy_nearest,False,0.003831148147583008,success
043D89429C4C80,3,"['Casa Giulietta', 'Arena']",Santa Anastasia,"['AMO', 'Museo Conte', 'Palazzo della Ragione', 'Teatro Romano', 'Centro Fotografia']",Duomo,strategy_nearest,False,0.004130840301513672,success
043D8A3A9C4C80,3,"['Arena', 'Castelvecchio']",Casa Giulietta,"['Centro Fotografia', 'Sighseeing', 'Torre Lamberti', 'Museo Conte', 'Museo Radio']",Santa Anastasia,strategy_nearest,False,0.002851724624633789,success
043D883A9C4C80,3,"['Arena', 'Castelvecchio']",Duomo,"['AMO', 'Museo Miniscalchi', 'Santa Anastasia', 'Teatro Romano', 'Palazzo della Ragione']",Santa Anastasia,strategy_nearest,True,0.0019812583923339844,success
043D8F3A9C4C80,3,"['San Zeno', 'Arena']",Castelvecchio,"['Museo Lapidario', 'Verona Tour', 'Museo Radio', 'Sighseeing', 'Museo Miniscalchi']",Teatro Romano,strategy_nearest,False,0.0020983219146728516,success
043D934A9C4C80,2,"['San Fermo', 'Teatro Romano']",Santa Anastasia,"['AMO', 'Museo Conte', 'Palazzo della Ragione', 'Centro Fotografia', 'Duomo']",Casa Giulietta,strategy_nearest,False,0.0027604103088378906,success
043D8C429C4C80,0,"['Castelvecchio', 'Casa Giulietta']",Torre Lamberti,"['Sighseeing', 'Centro Fotografia', 'Museo Conte', 'Palazzo della Ragione', 'AMO']",Arena,strategy_nearest,False,0.002794981002807617,success
043D96429C4C80,0,"['Arena', 'Castelvecchio']",Museo Lapidario,"['Verona Tour', 'Museo Radio', 'San Fermo', 'Casa Giulietta', 'Tomba Giulietta']",Tomba Giulietta,strategy_nearest,True,0.003359079360961914,success
043DA0429C4C80,0,['Arena'],Castelvecchio,"['Museo Lapidario', 'Verona Tour', 'Museo Radio', 'San Zeno', 'Sighseeing']",Torre Lamberti,strategy_nearest,False,0.002307891845703125,success
043D964A9C4C80,0,['Arena'],Casa Giulietta,"['Centro Fotografia', 'Sighseeing', 'Torre Lamberti', 'Museo Conte', 'Museo Radio']",Castelvecchio,strategy_nearest,False,0.0024738311767578125,success
043DA83A9C4C80,1,"['Castelvecchio', 'Torre Lamberti']",Palazzo della Ragione,"['AMO', 'Museo Conte', 'Centro Fotografia', 'Sighseeing', 'Santa Anastasia']",Arena,strategy_nearest,False,0.0025000572204589844,success
043DA64A9C4C80,3,"['Arena', 'Casa Giulietta']",Torre Lamberti,"['Sighseeing', 'Centro Fotografia', 'Museo Conte', 'Palazzo della Ragione', 'AMO']",Santa Anastasia,strategy_nearest,False,0.0028378963470458984,success
043DAB3A9C4C80,3,"['Arena', 'Castelvecchio']",Santa Anastasia,"['AMO', 'Museo Conte', 'Palazzo della Ragione', 'Teatro Romano', 'Centro Fotografia']",Duomo,strategy_nearest,False,0.0024459362030029297,success
043DBA3A9C4C80,3,"['Teatro Romano', 'Duomo']",Santa Anastasia,"['AMO', 'Museo Conte', 'Palazzo della Ragione', 'Centro Fotografia', 'Torre Lamberti']",Torre Lamberti,strategy_nearest,True,0.0017271041870117188,success
043DBA429C4C80,0,['Arena'],Castelvecchio,"['Museo Lapidario', 'Verona Tour', 'Museo Radio', 'San Zeno', 'Sighseeing']",Casa Giulietta,strategy_nearest,False,0.0024759769439697266,success
043DD63A9C4C80,3,"['San Zeno', 'Castelvecchio', 'Tomba Giulietta']",Casa Giulietta,"['Centro Fotografia', 'Sighseeing', 'Torre Lamberti', 'Museo Conte', 'Museo Radio']",Torre Lamberti,strategy_nearest,True,0.002480030059814453,success
043DD13A9C4C80,3,['Arena'],Castelvecchio,"['Museo Lapidario', 'Verona Tour', 'Museo Radio', 'San Zeno', 'Sighseeing']",Santa Anastasia,strategy_nearest,False,0.003921985626220703,success
043DD3429C4C80,0,"['Torre Lamberti', 'Casa Giulietta']",Arena,"['Verona Tour', 'Museo Lapidario', 'Museo Radio', 'San Fermo', 'Sighseeing']",Castelvecchio,strategy_nearest,False,0.0026421546936035156,success
043DDE3A9C4C80,3,"['Torre Lamberti', 'Santa Anastasia', 'Duomo', 'Casa Giulietta']",Arena,"['Verona Tour', 'Museo Lapidario', 'Museo Radio', 'San Fermo', 'Sighseeing']",Castelvecchio,strategy_nearest,False,0.0035238265991210938,success
043DF0429C4C80,5,"['Museo Lapidario', 'Casa Giulietta']",Arena,"['Verona Tour', 'Museo Radio', 'San Fermo', 'Sighseeing', 'Castelvecchio']",Castelvecchio,strategy_nearest,True,0.0017390251159667969,success
043DEE3A9C4C80,0,['Arena'],San Zeno,"['Castelvecchio', 'Verona Tour', 'Museo Lapidario', 'Museo Miniscalchi', 'Sighseeing']",Castelvecchio,strategy_nearest,True,0.003371000289916992,success
043DFC3A9C4C80,3,"['Arena', 'Casa Giulietta']",Santa Anastasia,"['AMO', 'Museo Conte', 'Palazzo della Ragione', 'Teatro Romano', 'Centro Fotografia']",Duomo,strategy_nearest,False,0.003393888473510742,success
043E07429C4C84,1,"['Casa Giulietta', 'Torre Lamberti']",Palazzo della Ragione,"['AMO', 'Museo Conte', 'Centro Fotografia', 'Sighseeing', 'Santa Anastasia']",Arena,strategy_nearest,False,0.002574920654296875,success
043E02429C4C84,0,['Castelvecchio'],Arena,"['Verona Tour', 'Museo Lapidario', 'Museo Radio', 'San Fermo', 'Casa Giulietta']",Torre Lamberti,strategy_nearest,False,0.002454996109008789,success
043E2F3A9C4C80,0,['San Zeno'],Torre Lamberti,"['Sighseeing', 'Centro Fotografia', 'Museo Conte', 'Casa Giulietta', 'Palazzo della Ragione']",Arena,strategy_nearest,False,0.0031440258026123047,success
043E2F4A9C4C80,3,"['Duomo', 'Arena']",Casa Giulietta,"['Centro Fotografia', 'Sighseeing', 'Torre Lamberti', 'Museo Conte', 'Museo Radio']",Torre Lamberti,strategy_nearest,True,0.0026471614837646484,success
043E31429C4C80,2,['Casa Giulietta'],Santa Anastasia,"['AMO', 'Museo Conte', 'Palazzo della Ragione', 'Teatro Romano', 'Centro Fotografia']",Teatro Romano,strategy_nearest,True,0.0025551319122314453,success
043E43429C4C80,3,"['Arena', 'Castelvecchio']",Santa Anastasia,"['AMO', 'Museo Conte', 'Palazzo della Ragione', 'Teatro Romano', 'Centro Fotografia']",Duomo,strategy_nearest,False,0.0030040740966796875,success
043E3E429C4C80,1,"['Arena', 'Torre Lamberti', 'Palazzo della Ragione']",Casa Giulietta,"['Centro Fotografia', 'Sighseeing', 'Museo Conte', 'Museo Radio', 'San Fermo']",Duomo,strategy_nearest,False,0.0028531551361083984,success
043E44429C4C80,0,['Arena'],Teatro Romano,"['Santa Anastasia', 'Duomo', 'AMO', 'Palazzo della Ragione', 'Museo Conte']",Castelvecchio,strategy_nearest,False,0.003081083297729492,success
043E4F429C4C80,2,['Casa Giulietta'],Palazzo della Ragione,"['AMO', 'Museo Conte', 'Torre Lamberti', 'Centro Fotografia', 'Sighseeing']",Torre Lamberti,strategy_nearest,True,0.0017981529235839844,success
043E49429C4C80,2,['Santa Anastasia'],Teatro Romano,"['Duomo', 'AMO', 'Palazzo della Ragione', 'Museo Conte', 'Centro Fotografia']",Giardino Giusti,strategy_nearest,False,0.0038259029388427734,success
043E71429C4C80,0,['Arena'],Castelvecchio,"['Museo Lapidario', 'Verona Tour', 'Museo Radio', 'San Zeno', 'Sighseeing']",Casa Giulietta,strategy_nearest,False,0.0029997825622558594,success
043E563A9C4C80,3,"['Arena', 'Casa Giulietta', 'Torre Lamberti']",Santa Anastasia,"['AMO', 'Museo Conte', 'Palazzo della Ragione', 'Teatro Romano', 'Centro Fotografia']",Duomo,strategy_nearest,False,0.0028460025787353516,success
043E523A9C4C80,0,['Casa Giulietta'],Arena,"['Verona Tour', 'Museo Lapidario', 'Museo Radio', 'San Fermo', 'Sighseeing']",Castelvecchio,strategy_nearest,False,0.004607200622558594,success
043E7B3A9C4C80,2,['San Zeno'],Castelvecchio,"['Museo Lapidario', 'Verona Tour', 'Arena', 'Museo Radio', 'Sighseeing']",Duomo,strategy_nearest,False,0.003284931182861328,success
043E804A9C4C80,0,"['Casa Giulietta', 'Torre Lamberti']",Arena,"['Verona Tour', 'Museo Lapidario', 'Museo Radio', 'San Fermo', 'Sighseeing']",Castelvecchio,strategy_nearest,False,0.0026178359985351562,success
043E8A4A9C4C80,0,"['Arena', 'Castelvecchio']",Duomo,"['AMO', 'Museo Miniscalchi', 'Santa Anastasia', 'Teatro Romano', 'Palazzo della Ragione']",Teatro Romano,strategy_nearest,True,0.0032761096954345703,success
043E8D4A9C4C80,1,"['Arena', 'San Fermo', 'Torre Lamberti']",Palazzo della Ragione,"['AMO', 'Museo Conte', 'Centro Fotografia', 'Sighseeing', 'Santa Anastasia']",Casa Giulietta,strategy_nearest,False,0.004334211349487305,success
043E83429C4C80,2,['Casa Giulietta'],Santa Anastasia,"['AMO', 'Museo Conte', 'Palazzo della Ragione', 'Teatro Romano', 'Centro Fotografia']",Duomo,strategy_nearest,False,0.0025300979614257812,success
043E8E4A9C4C80,2,"['Casa Giulietta', 'Torre Lamberti', 'Santa Anastasia']",Teatro Romano,"['Duomo', 'AMO', 'Palazzo della Ragione', 'Museo Conte', 'Centro Fotografia']",San Fermo,strategy_nearest,False,0.002847909927368164,success
043E9A4A9C4C80,1,"['Arena', 'Casa Giulietta']",Palazzo della Ragione,"['AMO', 'Museo Conte', 'Torre Lamberti', 'Centro Fotografia', 'Sighseeing']",Torre Lamberti,strategy_nearest,True,0.0038700103759765625,success
043EA0429C4C80,1,"['Arena', 'Casa Giulietta', 'Torre Lamberti']",Palazzo della Ragione,"['AMO', 'Museo Conte', 'Centro Fotografia', 'Sighseeing', 'Santa Anastasia']",Santa Anastasia,strategy_nearest,True,0.0029859542846679688,success
043EA4429C4C80,0,['Arena'],Casa Giulietta,"['Centro Fotografia', 'Sighseeing', 'Torre Lamberti', 'Museo Conte', 'Museo Radio']",Torre Lamberti,strategy_nearest,True,0.0037271976470947266,success
043EA63A9C4C80,0,['Arena'],Museo Lapidario,"['Verona Tour', 'Castelvecchio', 'Museo Radio', 'San Fermo', 'Casa Giulietta']",Castelvecchio,strategy_nearest,True,0.002567291259765625,success
043EB0429C4C80,3,"['Arena', 'Santa Anastasia']",Casa Giulietta,"['Centro Fotografia', 'Sighseeing', 'Torre Lamberti', 'Museo Conte', 'Museo Radio']",Torre Lamberti,strategy_nearest,True,0.002656698226928711,success
043EA93A9C4C80,3,['Arena'],Santa Anastasia,"['AMO', 'Museo Conte', 'Palazzo della Ragione', 'Teatro Romano', 'Centro Fotografia']",San Fermo,strategy_nearest,False,0.0037178993225097656,success
043EB7429C4C80,0,['Torre Lamberti'],Casa Giulietta,"['Centro Fotografia', 'Sighseeing', 'Museo Conte', 'Museo Radio', 'Palazzo della Ragione']",Teatro Romano,strategy_nearest,False,0.0030570030212402344,success
043EA9429C4C80,0,['Arena'],Torre Lamberti,"['Sighseeing', 'Centro Fotografia', 'Museo Conte', 'Casa Giulietta', 'Palazzo della Ragione']",Casa Giulietta,strategy_nearest,True,0.005198955535888672,success
043EB13A9C4C80,0,['Arena'],Casa Giulietta,"['Centro Fotografia', 'Sighseeing', 'Torre Lamberti', 'Museo Conte', 'Museo Radio']",Santa Anastasia,strategy_nearest,False,0.0029668807983398438,success
043EB2429C4C80,1,['San Zeno'],Palazzo della Ragione,"['AMO', 'Museo Conte', 'Torre Lamberti', 'Centro Fotografia', 'Sighseeing']",Arena,strategy_nearest,False,0.004229068756103516,success
043ECC3A9C4C80,1,"['Duomo', 'Palazzo della Ragione']",Torre Lamberti,"['Sighseeing', 'Centro Fotografia', 'Museo Conte', 'Casa Giulietta', 'AMO']",Arena,strategy_nearest,False,0.0013971328735351562,success
043ED5429C4C80,3,['Tomba Giulietta'],Arena,"['Verona Tour', 'Museo Lapidario', 'Museo Radio', 'San Fermo', 'Casa Giulietta']",San Fermo,strategy_nearest,True,0.0021200180053710938,success
043ECF3A9C4C80,6,['Casa Giulietta'],Arena,"['Verona Tour', 'Museo Lapidario', 'Museo Radio', 'San Fermo', 'Sighseeing']",Verona Tour,strategy_nearest,True,0.0031516551971435547,success
043ED1429C4C80,2,['Teatro Romano'],Tomba Giulietta,"['San Fermo', 'Museo Storia', 'Arena', 'Museo Lapidario', 'Museo Radio']",Casa Giulietta,strategy_nearest,False,0.0038509368896484375,success
043EFF429C4C80,3,"['Castelvecchio', 'Giardino Giusti', 'San Zeno', 'Arena']",Museo Lapidario,"['Verona Tour', 'Museo Radio', 'San Fermo', 'Casa Giulietta', 'Tomba Giulietta']",San Fermo,strategy_nearest,True,0.0028791427612304688,success
043F033A9C4C84,3,"['Arena', 'San Fermo']",Torre Lamberti,"['Sighseeing', 'Centro Fotografia', 'Museo Conte', 'Casa Giulietta', 'Palazzo della Ragione']",Santa Anastasia,strategy_nearest,False,0.0020890235900878906,success
043EFA3A9C4C80,1,"['Museo Lapidario', 'Castelvecchio', 'Arena']",Casa Giulietta,"['Centro Fotografia', 'Sighseeing', 'Torre Lamberti', 'Museo Conte', 'Museo Radio']",Torre Lamberti,strategy_nearest,True,0.0021572113037109375,success
043F083A9C4C84,0,['Castelvecchio'],Giardino Giusti,"['Santa Anastasia', 'Teatro Romano', 'Museo Conte', 'Centro Fotografia', 'Museo Storia']",Teatro Romano,strategy_nearest,True,0.0033500194549560547,success
043F393A9C4C80,3,"['Casa Giulietta', 'Duomo', 'Arena']",Tomba Giulietta,"['San Fermo', 'Museo Storia', 'Museo Lapidario', 'Museo Radio', 'Verona Tour']",Torre Lamberti,strategy_nearest,False,0.0029449462890625,success
043F423A9C4C80,0,"['Arena', 'Casa Giulietta']",Torre Lamberti,"['Sighseeing', 'Centro Fotografia', 'Museo Conte', 'Palazzo della Ragione', 'AMO']",Tomba Giulietta,strategy_nearest,False,0.003278970718383789,success
043F3D3A9C4C80,3,"['Santa Anastasia', 'Torre Lamberti']",Casa Giulietta,"['Centro Fotografia', 'Sighseeing', 'Museo Conte', 'Museo Radio', 'Palazzo della Ragione']",Arena,strategy_nearest,False,0.002298116683959961,success
043F3F3A9C4C80,2,"['Casa Giulietta', 'Torre Lamberti']",Palazzo della Ragione,"['AMO', 'Museo Conte', 'Centro Fotografia', 'Sighseeing', 'Santa Anastasia']",Santa Anastasia,strategy_nearest,True,0.0027968883514404297,success
043F4D429C4C80,3,"['Arena', 'Casa Giulietta', 'San Fermo']",Santa Anastasia,"['AMO', 'Museo Conte', 'Palazzo della Ragione', 'Teatro Romano', 'Centro Fotografia']",Teatro Romano,strategy_nearest,True,0.0015130043029785156,success
043F4F3A9C4C80,0,"['Arena', 'Museo Lapidario']",Castelvecchio,"['Verona Tour', 'Museo Radio', 'San Zeno', 'Sighseeing', 'Museo Miniscalchi']",Casa Giulietta,strategy_nearest,False,0.0026378631591796875,success
043F46429C4C80,3,"['Arena', 'Casa Giulietta']",Torre Lamberti,"['Sighseeing', 'Centro Fotografia', 'Museo Conte', 'Palazzo della Ragione', 'AMO']",Santa Anastasia,strategy_nearest,False,0.002254009246826172,success
043F47429C4C80,3,['Arena'],Casa Giulietta,"['Centro Fotografia', 'Sighseeing', 'Torre Lamberti', 'Museo Conte', 'Museo Radio']",Santa Anastasia,strategy_nearest,False,0.003507852554321289,success
043F53429C4C80,2,"['Castelvecchio', 'Tomba Giulietta']",San Fermo,"['Museo Storia', 'Museo Radio', 'Casa Giulietta', 'Centro Fotografia', 'Arena']",Palazzo della Ragione,strategy_nearest,False,0.001867055892944336,success
043F57429C4C80,0,['Arena'],Casa Giulietta,"['Centro Fotografia', 'Sighseeing', 'Torre Lamberti', 'Museo Conte', 'Museo Radio']",Torre Lamberti,strategy_nearest,True,0.002691984176635742,success
043F6BBA7B3F80,3,"['Santa Anastasia', 'Torre Lamberti']",Arena,"['Verona Tour', 'Museo Lapidario', 'Museo Radio', 'San Fermo', 'Casa Giulietta']",Casa Giulietta,strategy_nearest,True,0.0027008056640625,success
043F72429C4C80,0,['Arena'],Casa Giulietta,"['Centro Fotografia', 'Sighseeing', 'Torre Lamberti', 'Museo Conte', 'Museo Radio']",Teatro Romano,strategy_nearest,False,0.00327301025390625,success
043F7D429C4C80,0,['Castelvecchio'],Arena,"['Verona Tour', 'Museo Lapidario', 'Museo Radio', 'San Fermo', 'Casa Giulietta']",Torre Lamberti,strategy_nearest,False,0.0035178661346435547,success
043F7D3A9C4C80,0,['Arena'],Casa Giulietta,"['Centro Fotografia', 'Sighseeing', 'Torre Lamberti', 'Museo Conte', 'Museo Radio']",Santa Anastasia,strategy_nearest,False,0.003545999526977539,success
043F893A9C4C80,1,"['Arena', 'Castelvecchio']",San Zeno,"['Verona Tour', 'Museo Lapidario', 'Museo Miniscalchi', 'Sighseeing', 'Museo Radio']",Palazzo della Ragione,strategy_nearest,False,0.003342866897583008,success
043F873A9C4C80,3,['Arena'],Casa Giulietta,"['Centro Fotografia', 'Sighseeing', 'Torre Lamberti', 'Museo Conte', 'Museo Radio']",Santa Anastasia,strategy_nearest,False,0.0015249252319335938,success
043F894A9C4C80,3,['Arena'],Torre Lamberti,"['Sighseeing', 'Centro Fotografia', 'Museo Conte', 'Casa Giulietta', 'Palazzo della Ragione']",Teatro Romano,strategy_nearest,False,0.0019571781158447266,success
043F8A429C4C80,3,"['Arena', 'Torre Lamberti']",Santa Anastasia,"['AMO', 'Museo Conte', 'Palazzo della Ragione', 'Teatro Romano', 'Centro Fotografia']",Duomo,strategy_nearest,False,0.002093791961669922,success
043F8E3A9C4C80,0,['Arena'],Casa Giulietta,"['Centro Fotografia', 'Sighseeing', 'Torre Lamberti', 'Museo Conte', 'Museo Radio']",Torre Lamberti,strategy_nearest,True,0.003126859664916992,success
043F8C3A9C4C80,1,"['Casa Giulietta', 'Torre Lamberti']",Palazzo della Ragione,"['AMO', 'Museo Conte', 'Centro Fotografia', 'Sighseeing', 'Santa Anastasia']",Tomba Giulietta,strategy_nearest,False,0.0027489662170410156,success
043F9F4A9C4C80,3,"['Arena', 'Casa Giulietta']",Torre Lamberti,"['Sighseeing', 'Centro Fotografia', 'Museo Conte', 'Palazzo della Ragione', 'AMO']",Santa Anastasia,strategy_nearest,False,0.003381967544555664,success
043FA64A9C4C80,0,"['Arena', 'Castelvecchio']",San Zeno,"['Verona Tour', 'Museo Lapidario', 'Museo Miniscalchi', 'Sighseeing', 'Museo Radio']",Torre Lamberti,strategy_nearest,False,0.002624034881591797,success
043F9E429C4C80,0,"['Arena', 'Castelvecchio']",Torre Lamberti,"['Sighseeing', 'Centro Fotografia', 'Museo Conte', 'Casa Giulietta', 'Palazzo della Ragione']",Duomo,strategy_nearest,False,0.0028200149536132812,success
043F954A9C4C80,0,['Arena'],Museo Lapidario,"['Verona Tour', 'Castelvecchio', 'Museo Radio', 'San Fermo', 'Casa Giulietta']",Castelvecchio,strategy_nearest,True,0.002843141555786133,success
043FA83A9C4C80,3,['Arena'],Casa Giulietta,"['Centro Fotografia', 'Sighseeing', 'Torre Lamberti', 'Museo Conte', 'Museo Radio']",Duomo,strategy_nearest,False,0.002035856246948242,success
043FA94A9C4C80,1,"['Museo Lapidario', 'Arena']",Casa Giulietta,"['Centro Fotografia', 'Sighseeing', 'Torre Lamberti', 'Museo Conte', 'Museo Radio']",Torre Lamberti,strategy_nearest,True,0.0012900829315185547,success
043FB0429C4C80,2,"['Castelvecchio', 'Torre Lamberti', 'Palazzo della Ragione']",Casa Giulietta,"['Centro Fotografia', 'Sighseeing', 'Museo Conte', 'Museo Radio', 'San Fermo']",San Fermo,strategy_nearest,True,0.0025501251220703125,success
043FAF3A9C4C80,0,['Arena'],Casa Giulietta,"['Centro Fotografia', 'Sighseeing', 'Torre Lamberti', 'Museo Conte', 'Museo Radio']",Duomo,strategy_nearest,False,0.003893136978149414,success
043FB5429C4C80,0,['Arena'],Teatro Romano,"['Santa Anastasia', 'Duomo', 'AMO', 'Palazzo della Ragione', 'Museo Conte']",Casa Giulietta,strategy_nearest,False,0.0027129650115966797,success
043FC1429C4C80,0,['Arena'],Casa Giulietta,"['Centro Fotografia', 'Sighseeing', 'Torre Lamberti', 'Museo Conte', 'Museo Radio']",Torre Lamberti,strategy_nearest,True,0.002524137496948242,success
043FC73A9C4C80,3,"['Arena', 'Teatro Romano']",Duomo,"['AMO', 'Museo Miniscalchi', 'Santa Anastasia', 'Palazzo della Ragione', 'Museo Conte']",Santa Anastasia,strategy_nearest,True,0.003245115280151367,success
043FCB429C4C80,3,"['Arena', 'Santa Anastasia']",Duomo,"['AMO', 'Museo Miniscalchi', 'Teatro Romano', 'Palazzo della Ragione', 'Museo Conte']",Teatro Romano,strategy_nearest,True,0.0019230842590332031,success
043FC83A9C4C80,1,"['Arena', 'Casa Giulietta']",Torre Lamberti,"['Sighseeing', 'Centro Fotografia', 'Museo Conte', 'Palazzo della Ragione', 'AMO']",Palazzo della Ragione,strategy_nearest,True,0.0031859874725341797,success
043FD13A9C4C80,0,['Arena'],Casa Giulietta,"['Centro Fotografia', 'Sighseeing', 'Torre Lamberti', 'Museo Conte', 'Museo Radio']",Santa Anastasia,strategy_nearest,False,0.0018420219421386719,success
043FCF429C4C80,1,"['Casa Giulietta', 'Palazzo della Ragione']",Torre Lamberti,"['Sighseeing', 'Centro Fotografia', 'Museo Conte', 'AMO', 'Museo Miniscalchi']",Arena,strategy_nearest,False,0.0025091171264648438,success
043FE63A9C4C80,2,['Castelvecchio'],Palazzo della Ragione,"['AMO', 'Museo Conte', 'Torre Lamberti', 'Centro Fotografia', 'Sighseeing']",Duomo,strategy_nearest,False,0.003432035446166992,success
043FDF3A9C4C80,0,['Arena'],Castelvecchio,"['Museo Lapidario', 'Verona Tour', 'Museo Radio', 'San Zeno', 'Sighseeing']",Duomo,strategy_nearest,False,0.0028312206268310547,success
043FED3A9C4C80,2,"['Casa Giulietta', 'Torre Lamberti']",Santa Anastasia,"['AMO', 'Museo Conte', 'Palazzo della Ragione', 'Teatro Romano', 'Centro Fotografia']",Teatro Romano,strategy_nearest,True,0.0014579296112060547,success
043FE8429C4C80,1,"['Palazzo della Ragione', 'Torre Lamberti', 'Santa Anastasia', 'Casa Giulietta']",Giardino Giusti,"['Teatro Romano', 'Museo Conte', 'Centro Fotografia', 'Museo Storia', 'AMO']",Arena,strategy_nearest,False,0.0023088455200195312,success
043FFD3A9C4C80,0,['Tomba Giulietta'],Arena,"['Verona Tour', 'Museo Lapidario', 'Museo Radio', 'San Fermo', 'Casa Giulietta']",Casa Giulietta,strategy_nearest,True,0.002952098846435547,success
0440063A9C4C84,3,['Santa Anastasia'],Duomo,"['AMO', 'Museo Miniscalchi', 'Teatro Romano', 'Palazzo della Ragione', 'Museo Conte']",Arena,strategy_nearest,False,0.0032749176025390625,success
04400B429C4C84,0,['Arena'],Tomba Giulietta,"['San Fermo', 'Museo Storia', 'Museo Lapidario', 'Museo Radio', 'Verona Tour']",Teatro Romano,strategy_nearest,False,0.0024292469024658203,success
044031429C4C80,0,"['Torre Lamberti', 'Teatro Romano']",Arena,"['Verona Tour', 'Museo Lapidario', 'Museo Radio', 'San Fermo', 'Casa Giulietta']",Tomba Giulietta,strategy_nearest,False,0.003177165985107422,success
044032429C4C80,3,"['Arena', 'San Fermo']",Casa Giulietta,"['Centro Fotografia', 'Sighseeing', 'Torre Lamberti', 'Museo Conte', 'Museo Radio']",Torre Lamberti,strategy_nearest,True,0.0018129348754882812,success
0440354A9C4C80,1,"['Torre Lamberti', 'Palazzo della Ragione']",Palazzo della Ragione,"['AMO', 'Museo Conte', 'Centro Fotografia', 'Sighseeing', 'Santa Anastasia']",Castelvecchio,strategy_nearest,False,0.0025870800018310547,success
04403A429C4C80,3,"['Arena', 'Santa Anastasia']",Teatro Romano,"['Duomo', 'AMO', 'Palazzo della Ragione', 'Museo Conte', 'Centro Fotografia']",Casa Giulietta,strategy_nearest,False,0.0034313201904296875,success
0440403A9C4C80,3,"['Arena', 'Santa Anastasia']",San Fermo,"['Museo Storia', 'Museo Radio', 'Casa Giulietta', 'Centro Fotografia', 'Sighseeing']",Torre Lamberti,strategy_nearest,False,0.0026941299438476562,success
04404C3A9C4C80,3,"['Arena', 'San Fermo']",Casa Giulietta,"['Centro Fotografia', 'Sighseeing', 'Torre Lamberti', 'Museo Conte', 'Museo Radio']",Santa Anastasia,strategy_nearest,False,0.003407001495361328,success
04403C3A9C4C80,1,"['Arena', 'Casa Giulietta']",Palazzo della Ragione,"['AMO', 'Museo Conte', 'Torre Lamberti', 'Centro Fotografia', 'Sighseeing']",Duomo,strategy_nearest,False,0.002727985382080078,success
04404F3A9C4C80,1,['Arena'],Duomo,"['AMO', 'Museo Miniscalchi', 'Santa Anastasia', 'Teatro Romano', 'Palazzo della Ragione']",Palazzo della Ragione,strategy_nearest,True,0.0030601024627685547,success
044054429C4C80,0,['Arena'],Castelvecchio,"['Museo Lapidario', 'Verona Tour', 'Museo Radio', 'San Zeno', 'Sighseeing']",Torre Lamberti,strategy_nearest,False,0.001911163330078125,success
0440533A9C4C80,0,['Arena'],San Fermo,"['Museo Storia', 'Museo Radio', 'Casa Giulietta', 'Centro Fotografia', 'Sighseeing']",Castelvecchio,strategy_nearest,False,0.002695322036743164,success
0440643A9C4C80,3,"['Arena', 'Castelvecchio']",Santa Anastasia,"['AMO', 'Museo Conte', 'Palazzo della Ragione', 'Teatro Romano', 'Centro Fotografia']",Casa Giulietta,strategy_nearest,False,0.0027599334716796875,success
04406C429C4C80,0,"['Arena', 'Torre Lamberti']",Casa Giulietta,"['Centro Fotografia', 'Sighseeing', 'Museo Conte', 'Museo Radio', 'Palazzo della Ragione']",Castelvecchio,strategy_nearest,False,0.0026068687438964844,success
04406D429C4C80,0,['Arena'],Casa Giulietta,"['Centro Fotografia', 'Sighseeing', 'Torre Lamberti', 'Museo Conte', 'Museo Radio']",Santa Anastasia,strategy_nearest,False,0.002624034881591797,success
0440703A9C4C80,2,"['Casa Giulietta', 'Torre Lamberti']",Palazzo della Ragione,"['AMO', 'Museo Conte', 'Centro Fotografia', 'Sighseeing', 'Santa Anastasia']",Santa Anastasia,strategy_nearest,True,0.0026171207427978516,success
044073429C4C80,0,"['Arena', 'Casa Giulietta']",Torre Lamberti,"['Sighseeing', 'Centro Fotografia', 'Museo Conte', 'Palazzo della Ragione', 'AMO']",Torre Lamberti,strategy_nearest,False,0.003134012222290039,success
04407C3A9C4C80,3,['Arena'],Torre Lamberti,"['Sighseeing', 'Centro Fotografia', 'Museo Conte', 'Casa Giulietta', 'Palazzo della Ragione']",Casa Giulietta,strategy_nearest,True,0.0028769969940185547,success
0440894A9C4C80,3,['Arena'],Torre Lamberti,"['Sighseeing', 'Centro Fotografia', 'Museo Conte', 'Casa Giulietta', 'Palazzo della Ragione']",Teatro Romano,strategy_nearest,False,0.001953125,success
0440864A9C4C80,3,"['Casa Giulietta', 'Santa Anastasia']",Teatro Romano,"['Duomo', 'AMO', 'Palazzo della Ragione', 'Museo Conte', 'Centro Fotografia']",Giardino Giusti,strategy_nearest,False,0.0034759044647216797,success
04408E3A9C4C80,1,['Arena'],Palazzo della Ragione,"['AMO', 'Museo Conte', 'Torre Lamberti', 'Centro Fotografia', 'Sighseeing']",Torre Lamberti,strategy_nearest,True,0.003100156784057617,success
04408A3A9C4C80,0,['Arena'],Santa Anastasia,"['AMO', 'Museo Conte', 'Palazzo della Ragione', 'Teatro Romano', 'Centro Fotografia']",Casa Giulietta,strategy_nearest,False,0.0035860538482666016,success
0440914A9C4C80,2,"['Museo Lapidario', 'Duomo']",Teatro Romano,"['Santa Anastasia', 'AMO', 'Palazzo della Ragione', 'Museo Conte', 'Centro Fotografia']",Santa Anastasia,strategy_nearest,True,0.0032949447631835938,success
0440974A9C4C80,3,['Arena'],Torre Lamberti,"['Sighseeing', 'Centro Fotografia', 'Museo Conte', 'Casa Giulietta', 'Palazzo della Ragione']",Duomo,strategy_nearest,False,0.0032351016998291016,success
0440A04A9C4C80,2,"['San Zeno', 'Casa Giulietta']",Torre Lamberti,"['Sighseeing', 'Centro Fotografia', 'Museo Conte', 'Palazzo della Ragione', 'AMO']",Tomba Giulietta,strategy_nearest,False,0.0025758743286132812,success
0440A44A9C4C80,2,['Museo Lapidario'],Castelvecchio,"['Verona Tour', 'Arena', 'Museo Radio', 'San Zeno', 'Sighseeing']",Casa Giulietta,strategy_nearest,False,0.003323793411254883,success
0440B2429C4C80,1,"['Arena', 'Torre Lamberti', 'Palazzo della Ragione']",Casa Giulietta,"['Centro Fotografia', 'Sighseeing', 'Museo Conte', 'Museo Radio', 'San Fermo']",Duomo,strategy_nearest,False,0.003244638442993164,success
0440B3429C4C80,0,['Arena'],Casa Giulietta,"['Centro Fotografia', 'Sighseeing', 'Torre Lamberti', 'Museo Conte', 'Museo Radio']",Giardino Giusti,strategy_nearest,False,0.0032460689544677734,success
0440AB3A9C4C80,1,"['Duomo', 'Teatro Romano', 'Santa Anastasia']",Castelvecchio,"['Museo Lapidario', 'Verona Tour', 'Arena', 'Museo Radio', 'San Zeno']",Torre Lamberti,strategy_nearest,False,0.0019609928131103516,success
0440A83A9C4C80,3,"['Arena', 'Santa Anastasia']",Teatro Romano,"['Duomo', 'AMO', 'Palazzo della Ragione', 'Museo Conte', 'Centro Fotografia']",San Fermo,strategy_nearest,False,0.003489971160888672,success
0440B83A9C4C80,1,['Arena'],Torre Lamberti,"['Sighseeing', 'Centro Fotografia', 'Museo Conte', 'Casa Giulietta', 'Palazzo della Ragione']",Palazzo della Ragione,strategy_nearest,True,0.0018711090087890625,success
0440C1429C4C80,0,"['Arena', 'Casa Giulietta']",Castelvecchio,"['Museo Lapidario', 'Verona Tour', 'Museo Radio', 'San Zeno', 'Sighseeing']",San Zeno,strategy_nearest,True,0.0019481182098388672,success
0440C63A9C4C80,3,"['Castelvecchio', 'Torre Lamberti']",Santa Anastasia,"['AMO', 'Museo Conte', 'Palazzo della Ragione', 'Teatro Romano', 'Centro Fotografia']",Duomo,strategy_nearest,False,0.002769947052001953,success
0440C7429C4C80,2,['Duomo'],Torre Lamberti,"['Sighseeing', 'Centro Fotografia', 'Museo Conte', 'Casa Giulietta', 'Palazzo della Ragione']",Palazzo della Ragione,strategy_nearest,True,0.003130197525024414,success
0440CB3A9C4C80,3,"['Arena', 'Casa Giulietta']",Torre Lamberti,"['Sighseeing', 'Centro Fotografia', 'Museo Conte', 'Palazzo della Ragione', 'AMO']",Santa Anastasia,strategy_nearest,False,0.0025510787963867188,success
0440CF429C4C80,0,['San Zeno'],Casa Giulietta,"['Centro Fotografia', 'Sighseeing', 'Torre Lamberti', 'Museo Conte', 'Museo Radio']",Torre Lamberti,strategy_nearest,True,0.0030150413513183594,success
0440E2429C4C80,0,['Arena'],Casa Giulietta,"['Centro Fotografia', 'Sighseeing', 'Torre Lamberti', 'Museo Conte', 'Museo Radio']",Torre Lamberti,strategy_nearest,True,0.0026459693908691406,success
0440E4429C4C80,3,"['Casa Giulietta', 'Santa Anastasia', 'Arena']",Torre Lamberti,"['Sighseeing', 'Centro Fotografia', 'Museo Conte', 'Palazzo della Ragione', 'AMO']",Castelvecchio,strategy_nearest,False,0.0029969215393066406,success
0440EE3A9C4C80,3,['Santa Anastasia'],Duomo,"['AMO', 'Museo Miniscalchi', 'Teatro Romano', 'Palazzo della Ragione', 'Museo Conte']",Arena,strategy_nearest,False,0.0026149749755859375,success
0440EF3A9C4C80,0,['Tomba Giulietta'],Arena,"['Verona Tour', 'Museo Lapidario', 'Museo Radio', 'San Fermo', 'Casa Giulietta']",Torre Lamberti,strategy_nearest,False,0.0029249191284179688,success
044110429C4C84,1,"['Arena', 'Casa Giulietta']",Palazzo della Ragione,"['AMO', 'Museo Conte', 'Torre Lamberti', 'Centro Fotografia', 'Sighseeing']",Santa Anastasia,strategy_nearest,False,0.0024487972259521484,success
04412B4A9C4C80,1,"['Torre Lamberti', 'Duomo']",Arena,"['Verona Tour', 'Museo Lapidario', 'Museo Radio', 'San Fermo', 'Casa Giulietta']",Casa Giulietta,strategy_nearest,True,0.0017681121826171875,success
04412A4A9C4C80,0,"['Casa Giulietta', 'Arena']",Tomba Giulietta,"['San Fermo', 'Museo Storia', 'Museo Lapidario', 'Museo Radio', 'Verona Tour']",Castelvecchio,strategy_nearest,False,0.003343820571899414,success
04412E3A9C4C80,0,['Arena'],Casa Giulietta,"['Centro Fotografia', 'Sighseeing', 'Torre Lamberti', 'Museo Conte', 'Museo Radio']",Teatro Romano,strategy_nearest,False,0.0025911331176757812,success
0441453A9C4C80,0,['Castelvecchio'],Arena,"['Verona Tour', 'Museo Lapidario', 'Museo Radio', 'San Fermo', 'Casa Giulietta']",Casa Giulietta,strategy_nearest,True,0.0030786991119384766,success
04413C3A9C4C80,3,"['Santa Anastasia', 'Casa Giulietta']",Teatro Romano,"['Duomo', 'AMO', 'Palazzo della Ragione', 'Museo Conte', 'Centro Fotografia']",San Fermo,strategy_nearest,False,0.0032858848571777344,success
0441473A9C4C80,0,['Arena'],Casa Giulietta,"['Centro Fotografia', 'Sighseeing', 'Torre Lamberti', 'Museo Conte', 'Museo Radio']",San Zeno,strategy_nearest,False,0.003567934036254883,success
044147429C4C80,3,"['Arena', 'Casa Giulietta']",Santa Anastasia,"['AMO', 'Museo Conte', 'Palazzo della Ragione', 'Teatro Romano', 'Centro Fotografia']",Duomo,strategy_nearest,False,0.003251791000366211,success
04414E429C4C80,0,['Arena'],Casa Giulietta,"['Centro Fotografia', 'Sighseeing', 'Torre Lamberti', 'Museo Conte', 'Museo Radio']",Santa Anastasia,strategy_nearest,False,0.0024459362030029297,success
04415A429C4C80,0,['Tomba Giulietta'],Arena,"['Verona Tour', 'Museo Lapidario', 'Museo Radio', 'San Fermo', 'Casa Giulietta']",Casa Giulietta,strategy_nearest,True,0.003122091293334961,success
044160429C4C80,0,['Torre Lamberti'],Casa Giulietta,"['Centro Fotografia', 'Sighseeing', 'Museo Conte', 'Museo Radio', 'Palazzo della Ragione']",Arena,strategy_nearest,False,0.0028438568115234375,success
04416A429C4C80,0,['Casa Giulietta'],Torre Lamberti,"['Sighseeing', 'Centro Fotografia', 'Museo Conte', 'Palazzo della Ragione', 'AMO']",Arena,strategy_nearest,False,0.0028429031372070312,success
0441713A9C4C80,1,"['Arena', 'Palazzo della Ragione', 'Torre Lamberti']",Santa Anastasia,"['AMO', 'Museo Conte', 'Teatro Romano', 'Centro Fotografia', 'Duomo']",Teatro Romano,strategy_nearest,True,0.0029718875885009766,success
0441703A9C4C80,0,['Arena'],Casa Giulietta,"['Centro Fotografia', 'Sighseeing', 'Torre Lamberti', 'Museo Conte', 'Museo Radio']",Teatro Romano,strategy_nearest,False,0.003364086151123047,success
04417A4A9C4C80,0,['Arena'],Torre Lamberti,"['Sighseeing', 'Centro Fotografia', 'Museo Conte', 'Casa Giulietta', 'Palazzo della Ragione']",Casa Giulietta,strategy_nearest,True,0.0018901824951171875,success
0441733A9C4C80,3,"['Teatro Romano', 'Duomo']",Torre Lamberti,"['Sighseeing', 'Centro Fotografia', 'Museo Conte', 'Casa Giulietta', 'Palazzo della Ragione']",Casa Giulietta,strategy_nearest,True,0.0032777786254882812,success
04417B4A9C4C80,3,"['Torre Lamberti', 'Casa Giulietta']",Santa Anastasia,"['AMO', 'Museo Conte', 'Palazzo della Ragione', 'Teatro Romano', 'Centro Fotografia']",Arena,strategy_nearest,False,0.0026171207427978516,success
0441884A9C4C80,1,['Arena'],Palazzo della Ragione,"['AMO', 'Museo Conte', 'Torre Lamberti', 'Centro Fotografia', 'Sighseeing']",Casa Giulietta,strategy_nearest,False,0.0024912357330322266,success
0441874A9C4C80,2,['Casa Giulietta'],Torre Lamberti,"['Sighseeing', 'Centro Fotografia', 'Museo Conte', 'Palazzo della Ragione', 'AMO']",Museo Storia,strategy_nearest,False,0.001959085464477539,success
0441843A9C4C80,0,"['Arena', 'Museo Lapidario']",Castelvecchio,"['Verona Tour', 'Museo Radio', 'San Zeno', 'Sighseeing', 'Museo Miniscalchi']",San Zeno,strategy_nearest,True,0.003923892974853516,success
04418B3A9C4C80,3,"['Arena', 'Casa Giulietta']",Torre Lamberti,"['Sighseeing', 'Centro Fotografia', 'Museo Conte', 'Palazzo della Ragione', 'AMO']",Santa Anastasia,strategy_nearest,False,0.0027730464935302734,success
04418C3A9C4C80,0,"['Casa Giulietta', 'Arena']",Tomba Giulietta,"['San Fermo', 'Museo Storia', 'Museo Lapidario', 'Museo Radio', 'Verona Tour']",San Zeno,strategy_nearest,False,0.0025870800018310547,success
04418D429C4C80,0,['Castelvecchio'],Arena,"['Verona Tour', 'Museo Lapidario', 'Museo Radio', 'San Fermo', 'Casa Giulietta']",Casa Giulietta,strategy_nearest,True,0.0024268627166748047,success
04418E3A9C4C80,1,"['Arena', 'Casa Giulietta']",Santa Anastasia,"['AMO', 'Museo Conte', 'Palazzo della Ragione', 'Teatro Romano', 'Centro Fotografia']",Palazzo della Ragione,strategy_nearest,True,0.002814054489135742,success
044190429C4C80,3,"['Arena', 'Casa Giulietta']",Torre Lamberti,"['Sighseeing', 'Centro Fotografia', 'Museo Conte', 'Palazzo della Ragione', 'AMO']",Santa Anastasia,strategy_nearest,False,0.0032796859741210938,success
044191429C4C80,0,['Teatro Romano'],Tomba Giulietta,"['San Fermo', 'Museo Storia', 'Arena', 'Museo Lapidario', 'Museo Radio']",Torre Lamberti,strategy_nearest,False,0.002512216567993164,success
04419B429C4C80,0,['Arena'],Casa Giulietta,"['Centro Fotografia', 'Sighseeing', 'Torre Lamberti', 'Museo Conte', 'Museo Radio']",Torre Lamberti,strategy_nearest,True,0.002961874008178711,success
0441A24A9C4C80,2,"['Museo Lapidario', 'Torre Lamberti']",Casa Giulietta,"['Centro Fotografia', 'Sighseeing', 'Museo Conte', 'Museo Radio', 'Palazzo della Ragione']",Castelvecchio,strategy_nearest,False,0.0025479793548583984,success
0441A472743380,0,"['Arena', 'Museo Lapidario']",Castelvecchio,"['Verona Tour', 'Museo Radio', 'San Zeno', 'Sighseeing', 'Museo Miniscalchi']",Giardino Giusti,strategy_nearest,False,0.0030951499938964844,success
0441A5429C4C80,1,"['Arena', 'Casa Giulietta']",Palazzo della Ragione,"['AMO', 'Museo Conte', 'Torre Lamberti', 'Centro Fotografia', 'Sighseeing']",Torre Lamberti,strategy_nearest,True,0.003228902816772461,success
04419B4A9C4C80,3,['Arena'],San Fermo,"['Museo Storia', 'Museo Radio', 'Casa Giulietta', 'Centro Fotografia', 'Sighseeing']",Museo Storia,strategy_nearest,True,0.0020301342010498047,success
0441A64A9C4C80,3,"['Teatro Romano', 'Duomo']",Santa Anastasia,"['AMO', 'Museo Conte', 'Palazzo della Ragione', 'Centro Fotografia', 'Torre Lamberti']",Torre Lamberti,strategy_nearest,True,0.001711130142211914,success
0441A8429C4C80,0,"['Torre Lamberti', 'San Zeno']",Castelvecchio,"['Museo Lapidario', 'Verona Tour', 'Arena', 'Museo Radio', 'Sighseeing']",Arena,strategy_nearest,True,0.0032351016998291016,success
0441A84A9C4C80,3,"['Arena', 'Castelvecchio']",Torre Lamberti,"['Sighseeing', 'Centro Fotografia', 'Museo Conte', 'Casa Giulietta', 'Palazzo della Ragione']",Santa Anastasia,strategy_nearest,False,0.0019230842590332031,success
0441AE429C4C80,3,"['Castelvecchio', 'Arena']",Torre Lamberti,"['Sighseeing', 'Centro Fotografia', 'Museo Conte', 'Casa Giulietta', 'Palazzo della Ragione']",Santa Anastasia,strategy_nearest,False,0.0027849674224853516,success
0441B0429C4C80,3,"['Arena', 'Casa Giulietta']",Santa Anastasia,"['AMO', 'Museo Conte', 'Palazzo della Ragione', 'Teatro Romano', 'Centro Fotografia']",Duomo,strategy_nearest,False,0.003981113433837891,success
0441C33A9C4C80,3,['Arena'],Torre Lamberti,"['Sighseeing', 'Centro Fotografia', 'Museo Conte', 'Casa Giulietta', 'Palazzo della Ragione']",Santa Anastasia,strategy_nearest,False,0.0020799636840820312,success
0441BC429C4C80,0,['Arena'],Tomba Giulietta,"['San Fermo', 'Museo Storia', 'Museo Lapidario', 'Museo Radio', 'Verona Tour']",Casa Giulietta,strategy_nearest,False,0.0033981800079345703,success
0441C3429C4C80,1,"['Arena', 'Casa Giulietta', 'Palazzo della Ragione']",Torre Lamberti,"['Sighseeing', 'Centro Fotografia', 'Museo Conte', 'AMO', 'Museo Miniscalchi']",Teatro Romano,strategy_nearest,False,0.0030410289764404297,success
0441CA3A9C4C80,1,"['Arena', 'Casa Giulietta']",Palazzo della Ragione,"['AMO', 'Museo Conte', 'Torre Lamberti', 'Centro Fotografia', 'Sighseeing']",Teatro Romano,strategy_nearest,False,0.0018270015716552734,success
0441C9429C4C80,3,['Arena'],Castelvecchio,"['Museo Lapidario', 'Verona Tour', 'Museo Radio', 'San Zeno', 'Sighseeing']",Santa Anastasia,strategy_nearest,False,0.0027849674224853516,success
0441C73A9C4C80,3,"['Castelvecchio', 'Torre Lamberti']",Santa Anastasia,"['AMO', 'Museo Conte', 'Palazzo della Ragione', 'Teatro Romano', 'Centro Fotografia']",Duomo,strategy_nearest,False,0.004004240036010742,success
0441D63A9C4C80,3,"['San Zeno', 'Castelvecchio', 'Tomba Giulietta', 'San Fermo']",Casa Giulietta,"['Centro Fotografia', 'Sighseeing', 'Torre Lamberti', 'Museo Conte', 'Museo Radio']",Torre Lamberti,strategy_nearest,True,0.002741098403930664,success
0441D0429C4C80,0,"['Teatro Romano', 'Duomo']",Castelvecchio,"['Museo Lapidario', 'Verona Tour', 'Arena', 'Museo Radio', 'San Zeno']",Arena,strategy_nearest,True,0.0040361881256103516,success
0441DF3A9C4C80,1,"['Santa Anastasia', 'Duomo', 'Teatro Romano', 'Arena']",Castelvecchio,"['Museo Lapidario', 'Verona Tour', 'Museo Radio', 'San Zeno', 'Sighseeing']",San Fermo,strategy_nearest,False,0.002774953842163086,success
0441EE3A9C4C80,3,['Casa Giulietta'],Santa Anastasia,"['AMO', 'Museo Conte', 'Palazzo della Ragione', 'Teatro Romano', 'Centro Fotografia']",Duomo,strategy_nearest,False,0.0032880306243896484,success
0441EF3A9C4C80,0,['Arena'],Tomba Giulietta,"['San Fermo', 'Museo Storia', 'Museo Lapidario', 'Museo Radio', 'Verona Tour']",Castelvecchio,strategy_nearest,False,0.003297090530395508,success
04422B3A9C4C80,1,"['Santa Anastasia', 'Torre Lamberti']",Palazzo della Ragione,"['AMO', 'Museo Conte', 'Centro Fotografia', 'Sighseeing', 'Museo Miniscalchi']",San Fermo,strategy_nearest,False,0.0025708675384521484,success
044203429C4C84,0,"['Torre Lamberti', 'Teatro Romano']",Casa Giulietta,"['Centro Fotografia', 'Sighseeing', 'Museo Conte', 'Museo Radio', 'Palazzo della Ragione']",Arena,strategy_nearest,False,0.0033540725708007812,success
044201429C4C84,3,"['Arena', 'Museo Lapidario', 'Castelvecchio']",Santa Anastasia,"['AMO', 'Museo Conte', 'Palazzo della Ragione', 'Teatro Romano', 'Centro Fotografia']",Teatro Romano,strategy_nearest,True,0.002719879150390625,success
04422D3A9C4C80,3,"['Arena', 'Museo Lapidario']",Teatro Romano,"['Santa Anastasia', 'Duomo', 'AMO', 'Palazzo della Ragione', 'Museo Conte']",Santa Anastasia,strategy_nearest,True,0.0019383430480957031,success
04422E4A9C4C80,3,"['Arena', 'Casa Giulietta']",Castelvecchio,"['Museo Lapidario', 'Verona Tour', 'Museo Radio', 'San Zeno', 'Sighseeing']",San Zeno,strategy_nearest,True,0.0027008056640625,success
044234429C4C80,1,"['Arena', 'Casa Giulietta', 'Castelvecchio']",Palazzo della Ragione,"['AMO', 'Museo Conte', 'Torre Lamberti', 'Centro Fotografia', 'Sighseeing']",Torre Lamberti,strategy_nearest,True,0.003317117691040039,success
044235429C4C80,2,['Casa Giulietta'],Santa Anastasia,"['AMO', 'Museo Conte', 'Palazzo della Ragione', 'Teatro Romano', 'Centro Fotografia']",Duomo,strategy_nearest,False,0.0026569366455078125,success
044247429C4C80,3,"['San Zeno', 'Castelvecchio', 'Arena', 'Teatro Romano']",Torre Lamberti,"['Sighseeing', 'Centro Fotografia', 'Museo Conte', 'Casa Giulietta', 'Palazzo della Ragione']",Duomo,strategy_nearest,False,0.0025153160095214844,success
0442413A9C4C80,1,"['Arena', 'Castelvecchio', 'Casa Giulietta']",Torre Lamberti,"['Sighseeing', 'Centro Fotografia', 'Museo Conte', 'Palazzo della Ragione', 'AMO']",Palazzo della Ragione,strategy_nearest,True,0.002646207809448242,success
044242429C4C80,3,['Arena'],Santa Anastasia,"['AMO', 'Museo Conte', 'Palazzo della Ragione', 'Teatro Romano', 'Centro Fotografia']",Duomo,strategy_nearest,False,0.0032777786254882812,success
0442383A9C4C80,0,"['Casa Giulietta', 'Castelvecchio']",Castelvecchio,"['Museo Lapidario', 'Verona Tour', 'Arena', 'Museo Radio', 'San Zeno']",San Zeno,strategy_nearest,True,0.0033431053161621094,success
044271429C4C80,3,"['Arena', 'Castelvecchio', 'Museo Lapidario']",Teatro Romano,"['Santa Anastasia', 'Duomo', 'AMO', 'Palazzo della Ragione', 'Museo Conte']",Duomo,strategy_nearest,True,0.002088308334350586,success
0442633A9C4C80,3,"['Arena', 'Duomo', 'Castelvecchio']",Teatro Romano,"['Santa Anastasia', 'AMO', 'Palazzo della Ragione', 'Museo Conte', 'Centro Fotografia']",Torre Lamberti,strategy_nearest,False,0.0034596920013427734,success
044276429C4C80,0,"['Arena', 'Casa Giulietta']",Giardino Giusti,"['Santa Anastasia', 'Teatro Romano', 'Museo Conte', 'Centro Fotografia', 'Museo Storia']",Teatro Romano,strategy_nearest,True,0.0013380050659179688,success
04427A429C4C80,2,['San Fermo'],Casa Giulietta,"['Centro Fotografia', 'Sighseeing', 'Torre Lamberti', 'Museo Conte', 'Museo Radio']",Torre Lamberti,strategy_nearest,True,0.0034949779510498047,success
04427A4A9C4C80,0,"['Arena', 'Castelvecchio']",Casa Giulietta,"['Centro Fotografia', 'Sighseeing', 'Torre Lamberti', 'Museo Conte', 'Museo Radio']",Torre Lamberti,strategy_nearest,True,0.002930164337158203,success
044280429C4C80,0,['Castelvecchio'],Teatro Romano,"['Santa Anastasia', 'Duomo', 'AMO', 'Palazzo della Ragione', 'Museo Conte']",Arena,strategy_nearest,False,0.0025429725646972656,success
04427C429C4C80,3,"['Arena', 'Casa Giulietta']",Santa Anastasia,"['AMO', 'Museo Conte', 'Palazzo della Ragione', 'Teatro Romano', 'Centro Fotografia']",Duomo,strategy_nearest,False,0.0028510093688964844,success
04427C4A9C4C80,1,"['Santa Anastasia', 'Duomo', 'Torre Lamberti']",Palazzo della Ragione,"['AMO', 'Museo Conte', 'Centro Fotografia', 'Sighseeing', 'Museo Miniscalchi']",San Zeno,strategy_nearest,False,0.004033088684082031,success
0442824A9C4C80,3,"['Arena', 'Casa Giulietta']",San Fermo,"['Museo Storia', 'Museo Radio', 'Centro Fotografia', 'Sighseeing', 'Torre Lamberti']",Torre Lamberti,strategy_nearest,True,0.002096891403198242,success
044287429C4C80,3,"['San Zeno', 'Santa Anastasia', 'Duomo']",Torre Lamberti,"['Sighseeing', 'Centro Fotografia', 'Museo Conte', 'Casa Giulietta', 'Palazzo della Ragione']",San Fermo,strategy_nearest,False,0.001935720443725586,success
0442873A9C4C80,3,"['Arena', 'Museo Lapidario', 'Castelvecchio']",San Zeno,"['Verona Tour', 'Museo Miniscalchi', 'Sighseeing', 'Museo Radio', 'Torre Lamberti']",Casa Giulietta,strategy_nearest,False,0.002871990203857422,success
04428D3A9C4C80,0,['Arena'],Torre Lamberti,"['Sighseeing', 'Centro Fotografia', 'Museo Conte', 'Casa Giulietta', 'Palazzo della Ragione']",Casa Giulietta,strategy_nearest,True,0.0034270286560058594,success
04428B3A9C4C80,1,"['Castelvecchio', 'Arena']",Torre Lamberti,"['Sighseeing', 'Centro Fotografia', 'Museo Conte', 'Casa Giulietta', 'Palazzo della Ragione']",Palazzo della Ragione,strategy_nearest,True,0.0033321380615234375,success
04428F4A9C4C80,1,"['Arena', 'Santa Anastasia']",Torre Lamberti,"['Sighseeing', 'Centro Fotografia', 'Museo Conte', 'Casa Giulietta', 'Palazzo della Ragione']",Palazzo della Ragione,strategy_nearest,True,0.0019850730895996094,success
044299429C4C80,1,['Torre Lamberti'],Palazzo della Ragione,"['AMO', 'Museo Conte', 'Centro Fotografia', 'Sighseeing', 'Santa Anastasia']",Teatro Romano,strategy_nearest,False,0.003574848175048828,success
0442A54A9C4C80,3,"['Arena', 'Duomo', 'Torre Lamberti']",Casa Giulietta,"['Centro Fotografia', 'Sighseeing', 'Museo Conte', 'Museo Radio', 'Palazzo della Ragione']",Castelvecchio,strategy_nearest,False,0.0026738643646240234,success
0442A04A9C4C80,3,"['Arena', 'Santa Anastasia']",Duomo,"['AMO', 'Museo Miniscalchi', 'Teatro Romano', 'Palazzo della Ragione', 'Museo Conte']",Teatro Romano,strategy_nearest,True,0.0020918846130371094,success
0442A94A9C4C80,1,"['Arena', 'Torre Lamberti']",Casa Giulietta,"['Centro Fotografia', 'Sighseeing', 'Museo Conte', 'Museo Radio', 'Palazzo della Ragione']",Palazzo della Ragione,strategy_nearest,True,0.0027687549591064453,success
0442AB3A9C4C80,0,"['Museo Lapidario', 'Arena']",Casa Giulietta,"['Centro Fotografia', 'Sighseeing', 'Torre Lamberti', 'Museo Conte', 'Museo Radio']",Torre Lamberti,strategy_nearest,True,0.0032279491424560547,success
0442AE3A9C4C80,3,['Arena'],Teatro Romano,"['Santa Anastasia', 'Duomo', 'AMO', 'Palazzo della Ragione', 'Museo Conte']",Santa Anastasia,strategy_nearest,True,0.0025992393493652344,success
0442B9429C4C80,0,['Arena'],Casa Giulietta,"['Centro Fotografia', 'Sighseeing', 'Torre Lamberti', 'Museo Conte', 'Museo Radio']",Castelvecchio,strategy_nearest,False,0.0031752586364746094,success
0442BE429C4C80,0,"['Arena', 'Casa Giulietta']",Castelvecchio,"['Museo Lapidario', 'Verona Tour', 'Museo Radio', 'San Zeno', 'Sighseeing']",San Zeno,strategy_nearest,True,0.0024290084838867188,success
0442EC429C4C80,1,"['Arena', 'Torre Lamberti', 'Palazzo della Ragione']",San Fermo,"['Museo Storia', 'Museo Radio', 'Casa Giulietta', 'Centro Fotografia', 'Sighseeing']",Casa Giulietta,strategy_nearest,True,0.0035309791564941406,success
0442CF3A9C4C80,1,"['Arena', 'Casa Giulietta']",Torre Lamberti,"['Sighseeing', 'Centro Fotografia', 'Museo Conte', 'Palazzo della Ragione', 'AMO']",Palazzo della Ragione,strategy_nearest,True,0.0029518604278564453,success
0442F0429C4C80,1,"['Arena', 'Casa Giulietta', 'Palazzo della Ragione']",Santa Anastasia,"['AMO', 'Museo Conte', 'Teatro Romano', 'Centro Fotografia', 'Duomo']",Duomo,strategy_nearest,True,0.0028960704803466797,success
0442C23A9C4C80,1,['Torre Lamberti'],Palazzo della Ragione,"['AMO', 'Museo Conte', 'Centro Fotografia', 'Sighseeing', 'Santa Anastasia']",Casa Giulietta,strategy_nearest,False,0.0027031898498535156,success
044327429C4C80,3,"['Arena', 'Castelvecchio']",San Zeno,"['Verona Tour', 'Museo Lapidario', 'Museo Miniscalchi', 'Sighseeing', 'Museo Radio']",Tomba Giulietta,strategy_nearest,False,0.0033583641052246094,success
0443313A9C4C80,3,"['Tomba Giulietta', 'Teatro Romano', 'Duomo', 'Santa Anastasia']",Torre Lamberti,"['Sighseeing', 'Centro Fotografia', 'Museo Conte', 'Casa Giulietta', 'Palazzo della Ragione']",Arena,strategy_nearest,False,0.0019922256469726562,success
0443023A9C4C84,3,['Arena'],San Fermo,"['Museo Storia', 'Museo Radio', 'Casa Giulietta', 'Centro Fotografia', 'Sighseeing']",Santa Anastasia,strategy_nearest,False,0.0033838748931884766,success
0443274A9C4C80,3,"['Casa Giulietta', 'Torre Lamberti']",Santa Anastasia,"['AMO', 'Museo Conte', 'Palazzo della Ragione', 'Teatro Romano', 'Centro Fotografia']",Duomo,strategy_nearest,False,0.0015609264373779297,success
044344429C4C80,0,"['Arena', 'Castelvecchio']",Torre Lamberti,"['Sighseeing', 'Centro Fotografia', 'Museo Conte', 'Casa Giulietta', 'Palazzo della Ragione']",Casa Giulietta,strategy_nearest,True,0.0013060569763183594,success
044334429C4C80,3,"['Arena', 'Casa Giulietta', 'Santa Anastasia']",Torre Lamberti,"['Sighseeing', 'Centro Fotografia', 'Museo Conte', 'Palazzo della Ragione', 'AMO']",Duomo,strategy_nearest,False,0.0020949840545654297,success
044351429C4C80,3,"['Arena', 'Casa Giulietta']",Torre Lamberti,"['Sighseeing', 'Centro Fotografia', 'Museo Conte', 'Palazzo della Ragione', 'AMO']",Santa Anastasia,strategy_nearest,False,0.002588033676147461,success
044331429C4C80,0,"['Torre Lamberti', 'Teatro Romano']",Arena,"['Verona Tour', 'Museo Lapidario', 'Museo Radio', 'San Fermo', 'Casa Giulietta']",Tomba Giulietta,strategy_nearest,False,0.003529071807861328,success
0443623A9C4C80,0,['Arena'],Torre Lamberti,"['Sighseeing', 'Centro Fotografia', 'Museo Conte', 'Casa Giulietta', 'Palazzo della Ragione']",Casa Giulietta,strategy_nearest,True,0.0017902851104736328,success
04435F3A9C4C80,0,"['Arena', 'Casa Giulietta']",Torre Lamberti,"['Sighseeing', 'Centro Fotografia', 'Museo Conte', 'Palazzo della Ragione', 'AMO']",Castelvecchio,strategy_nearest,False,0.0030341148376464844,success
04436D3A9C4C80,3,"['Castelvecchio', 'San Zeno', 'Arena']",Tomba Giulietta,"['San Fermo', 'Museo Storia', 'Museo Lapidario', 'Museo Radio', 'Verona Tour']",Duomo,strategy_nearest,False,0.002680063247680664,success
04436F429C4C80,3,"['Arena', 'Torre Lamberti']",Duomo,"['AMO', 'Museo Miniscalchi', 'Santa Anastasia', 'Teatro Romano', 'Palazzo della Ragione']",Teatro Romano,strategy_nearest,True,0.002532958984375,success
0443643A9C4C80,0,"['Giardino Giusti', 'Teatro Romano']",Arena,"['Verona Tour', 'Museo Lapidario', 'Museo Radio', 'San Fermo', 'Casa Giulietta']",Castelvecchio,strategy_nearest,False,0.0034699440002441406,success
0443733A9C4C80,3,"['San Zeno', 'Santa Anastasia', 'Duomo']",Teatro Romano,"['AMO', 'Palazzo della Ragione', 'Museo Conte', 'Centro Fotografia', 'Museo Miniscalchi']",Torre Lamberti,strategy_nearest,False,0.003170013427734375,success
044373429C4C80,3,"['Torre Lamberti', 'Santa Anastasia']",Duomo,"['AMO', 'Museo Miniscalchi', 'Teatro Romano', 'Palazzo della Ragione', 'Museo Conte']",Arena,strategy_nearest,False,0.0032651424407958984,success
0443783A9C4C80,3,['Arena'],Casa Giulietta,"['Centro Fotografia', 'Sighseeing', 'Torre Lamberti', 'Museo Conte', 'Museo Radio']",Santa Anastasia,strategy_nearest,False,0.0027010440826416016,success
044379429C4C80,0,['Arena'],Casa Giulietta,"['Centro Fotografia', 'Sighseeing', 'Torre Lamberti', 'Museo Conte', 'Museo Radio']",Torre Lamberti,strategy_nearest,True,0.003887176513671875,success
04437A3A9C4C80,1,"['Arena', 'Tomba Giulietta']",Casa Giulietta,"['Centro Fotografia', 'Sighseeing', 'Torre Lamberti', 'Museo Conte', 'Museo Radio']",Torre Lamberti,strategy_nearest,True,0.002544879913330078,success
04437C3A9C4C80,0,['Arena'],Torre Lamberti,"['Sighseeing', 'Centro Fotografia', 'Museo Conte', 'Casa Giulietta', 'Palazzo della Ragione']",Casa Giulietta,strategy_nearest,True,0.0030548572540283203,success
0443834A9C4C80,3,['Santa Anastasia'],Teatro Romano,"['Duomo', 'AMO', 'Palazzo della Ragione', 'Museo Conte', 'Centro Fotografia']",Casa Giulietta,strategy_nearest,False,0.002062082290649414,success
0443873A9C4C80,3,"['Arena', 'Castelvecchio']",Casa Giulietta,"['Centro Fotografia', 'Sighseeing', 'Torre Lamberti', 'Museo Conte', 'Museo Radio']",Torre Lamberti,strategy_nearest,True,0.003367185592651367,success
0443833A9C4C80,3,['Arena'],Santa Anastasia,"['AMO', 'Museo Conte', 'Palazzo della Ragione', 'Teatro Romano', 'Centro Fotografia']",Duomo,strategy_nearest,False,0.0029952526092529297,success
0443853A9C4C80,1,"['Arena', 'Duomo', 'Santa Anastasia']",Torre Lamberti,"['Sighseeing', 'Centro Fotografia', 'Museo Conte', 'Casa Giulietta', 'Palazzo della Ragione']",Palazzo della Ragione,strategy_nearest,True,0.002810955047607422,success
044398429C4C80,3,['Arena'],Casa Giulietta,"['Centro Fotografia', 'Sighseeing', 'Torre Lamberti', 'Museo Conte', 'Museo Radio']",Torre Lamberti,strategy_nearest,True,0.002868175506591797,success
04439B4A9C4C80,0,['Tomba Giulietta'],Arena,"['Verona Tour', 'Museo Lapidario', 'Museo Radio', 'San Fermo', 'Casa Giulietta']",Casa Giulietta,strategy_nearest,True,0.0021209716796875,success
0443A34A9C4C80,0,['Arena'],Torre Lamberti,"['Sighseeing', 'Centro Fotografia', 'Museo Conte', 'Casa Giulietta', 'Palazzo della Ragione']",Castelvecchio,strategy_nearest,False,0.0027561187744140625,success
0443A63A9C4C80,0,['San Fermo'],Torre Lamberti,"['Sighseeing', 'Centro Fotografia', 'Museo Conte', 'Casa Giulietta', 'Palazzo della Ragione']",Arena,strategy_nearest,False,0.0034258365631103516,success
0443AC429C4C80,3,"['Arena', 'San Zeno', 'Castelvecchio']",Santa Anastasia,"['AMO', 'Museo Conte', 'Palazzo della Ragione', 'Teatro Romano', 'Centro Fotografia']",Duomo,strategy_nearest,False,0.003283977508544922,success
0443B23A9C4C80,3,"['Arena', 'Casa Giulietta', 'Santa Anastasia']",Duomo,"['AMO', 'Museo Miniscalchi', 'Teatro Romano', 'Palazzo della Ragione', 'Museo Conte']",Teatro Romano,strategy_nearest,True,0.0033872127532958984,success
0443AF3A9C4C80,3,['Arena'],Torre Lamberti,"['Sighseeing', 'Centro Fotografia', 'Museo Conte', 'Casa Giulietta', 'Palazzo della Ragione']",Santa Anastasia,strategy_nearest,False,0.00304412841796875,success
0443B3429C4C80,0,['Torre Lamberti'],Casa Giulietta,"['Centro Fotografia', 'Sighseeing', 'Museo Conte', 'Museo Radio', 'Palazzo della Ragione']",Castelvecchio,strategy_nearest,False,0.0027289390563964844,success
0443BA429C4C80,3,['Santa Anastasia'],Torre Lamberti,"['Sighseeing', 'Centro Fotografia', 'Museo Conte', 'Casa Giulietta', 'Palazzo della Ragione']",Arena,strategy_nearest,False,0.0031218528747558594,success
0443BE429C4C80,0,"['Arena', 'Torre Lamberti']",Casa Giulietta,"['Centro Fotografia', 'Sighseeing', 'Museo Conte', 'Museo Radio', 'Palazzo della Ragione']",Duomo,strategy_nearest,False,0.002377033233642578,success
0443BD429C4C80,1,"['Arena', 'Museo Lapidario']",Torre Lamberti,"['Sighseeing', 'Centro Fotografia', 'Museo Conte', 'Casa Giulietta', 'Palazzo della Ragione']",Palazzo della Ragione,strategy_nearest,True,0.0012900829315185547,success
0443C03A9C4C80,0,['Arena'],Duomo,"['AMO', 'Museo Miniscalchi', 'Santa Anastasia', 'Teatro Romano', 'Palazzo della Ragione']",Casa Giulietta,strategy_nearest,False,0.0029828548431396484,success
0443C43A9C4C80,0,['Arena'],Museo Lapidario,"['Verona Tour', 'Castelvecchio', 'Museo Radio', 'San Fermo', 'Casa Giulietta']",Torre Lamberti,strategy_nearest,False,0.0037240982055664062,success
0443DB3A9C4C80,3,"['Santa Anastasia', 'Castelvecchio', 'Casa Giulietta']",Teatro Romano,"['Duomo', 'AMO', 'Palazzo della Ragione', 'Museo Conte', 'Centro Fotografia']",San Fermo,strategy_nearest,False,0.00220489501953125,success
0443D1429C4C80,0,"['Casa Giulietta', 'Tomba Giulietta']",Torre Lamberti,"['Sighseeing', 'Centro Fotografia', 'Museo Conte', 'Palazzo della Ragione', 'AMO']",Arena,strategy_nearest,False,0.003599882125854492,success
0443E93A9C4C80,0,['Arena'],Casa Giulietta,"['Centro Fotografia', 'Sighseeing', 'Torre Lamberti', 'Museo Conte', 'Museo Radio']",Torre Lamberti,strategy_nearest,True,0.002980947494506836,success
0443DE429C4C80,2,['Casa Giulietta'],Tomba Giulietta,"['San Fermo', 'Museo Storia', 'Arena', 'Museo Lapidario', 'Museo Radio']",Castelvecchio,strategy_nearest,False,0.004367828369140625,success
0443F8429C4C80,1,"['San Zeno', 'Casa Giulietta', 'Torre Lamberti', 'Palazzo della Ragione']",Santa Anastasia,"['AMO', 'Museo Conte', 'Teatro Romano', 'Centro Fotografia', 'Duomo']",Duomo,strategy_nearest,True,0.0034189224243164062,success
0443F63A9C4C80,2,['Casa Giulietta'],Torre Lamberti,"['Sighseeing', 'Centro Fotografia', 'Museo Conte', 'Palazzo della Ragione', 'AMO']",Santa Anastasia,strategy_nearest,False,0.002991199493408203,success
0443FD429C4C80,3,"['Castelvecchio', 'Museo Lapidario', 'Arena', 'Casa Giulietta']",Tomba Giulietta,"['San Fermo', 'Museo Storia', 'Museo Radio', 'Verona Tour', 'Sighseeing']",San Zeno,strategy_nearest,False,0.003185749053955078,success
0443FF429C4C80,0,['San Fermo'],Torre Lamberti,"['Sighseeing', 'Centro Fotografia', 'Museo Conte', 'Casa Giulietta', 'Palazzo della Ragione']",Casa Giulietta,strategy_nearest,True,0.003000020980834961,success
04440A429C4C84,3,"['Torre Lamberti', 'Santa Anastasia']",Duomo,"['AMO', 'Museo Miniscalchi', 'Teatro Romano', 'Palazzo della Ragione', 'Museo Conte']",Castelvecchio,strategy_nearest,False,0.002068042755126953,success
0444013A9C4C84,3,['Torre Lamberti'],Santa Anastasia,"['AMO', 'Museo Conte', 'Palazzo della Ragione', 'Teatro Romano', 'Centro Fotografia']",Duomo,strategy_nearest,False,0.0027348995208740234,success
04442C3A9C4C80,3,"['Castelvecchio', 'Arena', 'Tomba Giulietta']",San Fermo,"['Museo Storia', 'Museo Radio', 'Casa Giulietta', 'Centro Fotografia', 'Sighseeing']",Santa Anastasia,strategy_nearest,False,0.002986907958984375,success
04442D4A9C4C80,3,"['Arena', 'Duomo', 'Casa Giulietta', 'Museo Storia', 'San Fermo']",Tomba Giulietta,"['Museo Lapidario', 'Museo Radio', 'Verona Tour', 'Castelvecchio', 'Sighseeing']",San Zeno,strategy_nearest,False,0.002361774444580078,success
0444354A9C4C80,0,['Santa Anastasia'],Arena,"['Verona Tour', 'Museo Lapidario', 'Museo Radio', 'San Fermo', 'Casa Giulietta']",Castelvecchio,strategy_nearest,False,0.002237081527709961,success
0444314A9C4C80,2,['Torre Lamberti'],Castelvecchio,"['Museo Lapidario', 'Verona Tour', 'Arena', 'Museo Radio', 'San Zeno']",Teatro Romano,strategy_nearest,False,0.004004955291748047,success
0444433A9C4C80,0,"['Arena', 'Castelvecchio']",Duomo,"['AMO', 'Museo Miniscalchi', 'Santa Anastasia', 'Teatro Romano', 'Palazzo della Ragione']",Teatro Romano,strategy_nearest,True,0.001995086669921875,success
044437429C4C80,3,"['Santa Anastasia', 'Duomo']",Arena,"['Verona Tour', 'Museo Lapidario', 'Museo Radio', 'San Fermo', 'Casa Giulietta']",Giardino Giusti,strategy_nearest,False,0.003960847854614258,success
04445D3A9C4C80,1,"['Arena', 'Casa Giulietta', 'Palazzo della Ragione', 'Torre Lamberti']",Santa Anastasia,"['AMO', 'Museo Conte', 'Teatro Romano', 'Centro Fotografia', 'Duomo']",San Zeno,strategy_nearest,False,0.002124786376953125,success
044446429C4C80,0,['Arena'],Casa Giulietta,"['Centro Fotografia', 'Sighseeing', 'Torre Lamberti', 'Museo Conte', 'Museo Radio']",Duomo,strategy_nearest,False,0.002927064895629883,success
04444A429C4C80,1,"['Arena', 'Casa Giulietta']",Castelvecchio,"['Museo Lapidario', 'Verona Tour', 'Museo Radio', 'San Zeno', 'Sighseeing']",Giardino Giusti,strategy_nearest,False,0.002847909927368164,success
044467429C4C80,0,['Arena'],Casa Giulietta,"['Centro Fotografia', 'Sighseeing', 'Torre Lamberti', 'Museo Conte', 'Museo Radio']",Santa Anastasia,strategy_nearest,False,0.0016589164733886719,success
04446A429C4C80,2,['Casa Giulietta'],Torre Lamberti,"['Sighseeing', 'Centro Fotografia', 'Museo Conte', 'Palazzo della Ragione', 'AMO']",Duomo,strategy_nearest,False,0.003257274627685547,success
0444603A9C4C80,2,"['Teatro Romano', 'San Zeno']",Castelvecchio,"['Museo Lapidario', 'Verona Tour', 'Arena', 'Museo Radio', 'Sighseeing']",Torre Lamberti,strategy_nearest,False,0.004675865173339844,success
044471429C4C80,0,['Casa Giulietta'],Arena,"['Verona Tour', 'Museo Lapidario', 'Museo Radio', 'San Fermo', 'Sighseeing']",San Zeno,strategy_nearest,False,0.004762887954711914,success
044473429C4C80,1,"['Arena', 'Torre Lamberti']",Palazzo della Ragione,"['AMO', 'Museo Conte', 'Centro Fotografia', 'Sighseeing', 'Santa Anastasia']",Casa Giulietta,strategy_nearest,False,0.0030481815338134766,success
04447E3A9C4C80,0,['Arena'],Casa Giulietta,"['Centro Fotografia', 'Sighseeing', 'Torre Lamberti', 'Museo Conte', 'Museo Radio']",Duomo,strategy_nearest,False,0.003964900970458984,success
0444844A9C4C80,2,"['Casa Giulietta', 'Torre Lamberti', 'Santa Anastasia']",Teatro Romano,"['Duomo', 'AMO', 'Palazzo della Ragione', 'Museo Conte', 'Centro Fotografia']",San Fermo,strategy_nearest,False,0.00479888916015625,success
04449A429C4C80,0,['Arena'],Torre Lamberti,"['Sighseeing', 'Centro Fotografia', 'Museo Conte', 'Casa Giulietta', 'Palazzo della Ragione']",Casa Giulietta,strategy_nearest,True,0.0023179054260253906,success
044498429C4C80,1,"['Tomba Giulietta', 'Torre Lamberti']",Palazzo della Ragione,"['AMO', 'Museo Conte', 'Centro Fotografia', 'Sighseeing', 'Santa Anastasia']",Casa Giulietta,strategy_nearest,False,0.0038537979125976562,success
0444B4429C4C80,3,"['Arena', 'Torre Lamberti']",Santa Anastasia,"['AMO', 'Museo Conte', 'Palazzo della Ragione', 'Teatro Romano', 'Centro Fotografia']",Duomo,strategy_nearest,False,0.0036661624908447266,success
04448C4A9C4C80,2,"['Casa Giulietta', 'Duomo']",Santa Anastasia,"['AMO', 'Museo Conte', 'Palazzo della Ragione', 'Teatro Romano', 'Centro Fotografia']",Castelvecchio,strategy_nearest,False,0.002582073211669922,success
0444B93A9C4C80,1,"['Arena', 'Casa Giulietta']",Palazzo della Ragione,"['AMO', 'Museo Conte', 'Torre Lamberti', 'Centro Fotografia', 'Sighseeing']",Santa Anastasia,strategy_nearest,False,0.002418994903564453,success
0444B6429C4C80,0,['Arena'],Casa Giulietta,"['Centro Fotografia', 'Sighseeing', 'Torre Lamberti', 'Museo Conte', 'Museo Radio']",Castelvecchio,strategy_nearest,False,0.0016117095947265625,success
0444BC3A9C4C80,1,"['Arena', 'Torre Lamberti']",Santa Anastasia,"['AMO', 'Museo Conte', 'Palazzo della Ragione', 'Teatro Romano', 'Centro Fotografia']",Casa Giulietta,strategy_nearest,False,0.0034379959106445312,success
0444BB3A9C4C80,3,['Torre Lamberti'],Santa Anastasia,"['AMO', 'Museo Conte', 'Palazzo della Ragione', 'Teatro Romano', 'Centro Fotografia']",Duomo,strategy_nearest,False,0.003152132034301758,success
0444C2429C4C80,3,['Arena'],Castelvecchio,"['Museo Lapidario', 'Verona Tour', 'Museo Radio', 'San Zeno', 'Sighseeing']",Duomo,strategy_nearest,False,0.0033168792724609375,success
0444C6429C4C80,0,['Torre Lamberti'],Casa Giulietta,"['Centro Fotografia', 'Sighseeing', 'Museo Conte', 'Museo Radio', 'Palazzo della Ragione']",Arena,strategy_nearest,False,0.0012900829315185547,success
0444C83A9C4C80,1,"['San Zeno', 'Castelvecchio', 'Arena']",Torre Lamberti,"['Sighseeing', 'Centro Fotografia', 'Museo Conte', 'Casa Giulietta', 'Palazzo della Ragione']",Palazzo della Ragione,strategy_nearest,True,0.0029060840606689453,success
0444C13A9C4C80,0,['Castelvecchio'],Arena,"['Verona Tour', 'Museo Lapidario', 'Museo Radio', 'San Fermo', 'Casa Giulietta']",Casa Giulietta,strategy_nearest,True,0.0034210681915283203,success
0444CF429C4C80,2,"['Museo Lapidario', 'Castelvecchio']",Casa Giulietta,"['Centro Fotografia', 'Sighseeing', 'Torre Lamberti', 'Museo Conte', 'Museo Radio']",Teatro Romano,strategy_nearest,False,0.0017650127410888672,success
0444CE3A9C4C80,2,['Casa Giulietta'],Torre Lamberti,"['Sighseeing', 'Centro Fotografia', 'Museo Conte', 'Palazzo della Ragione', 'AMO']",Santa Anastasia,strategy_nearest,False,0.0026581287384033203,success
0444D1429C4C80,3,"['Teatro Romano', 'Santa Anastasia', 'San Zeno']",Castelvecchio,"['Museo Lapidario', 'Verona Tour', 'Arena', 'Museo Radio', 'Sighseeing']",Arena,strategy_nearest,True,0.0015370845794677734,success
0444D53A9C4C80,0,['Arena'],Torre Lamberti,"['Sighseeing', 'Centro Fotografia', 'Museo Conte', 'Casa Giulietta', 'Palazzo della Ragione']",Teatro Romano,strategy_nearest,False,0.0014338493347167969,success
0444D3429C4C80,3,"['Duomo', 'Santa Anastasia']",Torre Lamberti,"['Sighseeing', 'Centro Fotografia', 'Museo Conte', 'Casa Giulietta', 'Palazzo della Ragione']",Arena,strategy_nearest,False,0.0026140213012695312,success
0444D03A9C4C80,3,"['Tomba Giulietta', 'Arena', 'Casa Giulietta', 'Museo Storia']",San Fermo,"['Museo Radio', 'Centro Fotografia', 'Sighseeing', 'Torre Lamberti', 'Museo Conte']",Torre Lamberti,strategy_nearest,True,0.0028259754180908203,success
0444EE3A9C4C80,0,['Arena'],San Zeno,"['Castelvecchio', 'Verona Tour', 'Museo Lapidario', 'Museo Miniscalchi', 'Sighseeing']",Castelvecchio,strategy_nearest,True,0.0027539730072021484,success
0444D9429C4C80,3,"['Castelvecchio', 'Arena', 'Casa Giulietta']",Torre Lamberti,"['Sighseeing', 'Centro Fotografia', 'Museo Conte', 'Palazzo della Ragione', 'AMO']",Santa Anastasia,strategy_nearest,False,0.0014829635620117188,success
0444DC3A9C4C80,0,['Casa Giulietta'],San Fermo,"['Museo Storia', 'Museo Radio', 'Centro Fotografia', 'Arena', 'Sighseeing']",Arena,strategy_nearest,True,0.0020291805267333984,success
0444EF3A9C4C80,0,['Arena'],Tomba Giulietta,"['San Fermo', 'Museo Storia', 'Museo Lapidario', 'Museo Radio', 'Verona Tour']",Casa Giulietta,strategy_nearest,False,0.0034029483795166016,success
0444F63A9C4C80,0,['Tomba Giulietta'],Arena,"['Verona Tour', 'Museo Lapidario', 'Museo Radio', 'San Fermo', 'Casa Giulietta']",Casa Giulietta,strategy_nearest,True,0.0027649402618408203,success
0444F73A9C4C80,3,"['Castelvecchio', 'Arena']",San Fermo,"['Museo Storia', 'Museo Radio', 'Casa Giulietta', 'Centro Fotografia', 'Sighseeing']",Giardino Giusti,strategy_nearest,False,0.002089977264404297,success
044502429C4C84,1,"['Torre Lamberti', 'Palazzo della Ragione', 'Arena', 'Casa Giulietta', 'Casa Giulietta']",Tomba Giulietta,"['San Fermo', 'Museo Storia', 'Museo Lapidario', 'Museo Radio', 'Verona Tour']",Teatro Romano,strategy_nearest,False,0.0025780200958251953,success
0444F4429C4C80,3,['Santa Anastasia'],Arena,"['Verona Tour', 'Museo Lapidario', 'Museo Radio', 'San Fermo', 'Casa Giulietta']",San Fermo,strategy_nearest,True,0.00397491455078125,success
04452B429C4C80,1,"['Torre Lamberti', 'Casa Giulietta', 'Palazzo della Ragione']",Arena,"['Verona Tour', 'Museo Lapidario', 'Museo Radio', 'San Fermo', 'Sighseeing']",Museo Lapidario,strategy_nearest,True,0.0028018951416015625,success
0445293A9C4C80,2,['San Fermo'],Casa Giulietta,"['Centro Fotografia', 'Sighseeing', 'Torre Lamberti', 'Museo Conte', 'Museo Radio']",Teatro Romano,strategy_nearest,False,0.0020940303802490234,success
044527429C4C80,0,"['Castelvecchio', 'Tomba Giulietta']",San Fermo,"['Museo Storia', 'Museo Radio', 'Casa Giulietta', 'Centro Fotografia', 'Arena']",Arena,strategy_nearest,True,0.0015320777893066406,success
0445393A9C4C80,3,"['Arena', 'Teatro Romano']",Duomo,"['AMO', 'Museo Miniscalchi', 'Santa Anastasia', 'Palazzo della Ragione', 'Museo Conte']",Santa Anastasia,strategy_nearest,True,0.0034050941467285156,success
044546429C4C80,3,"['Arena', 'Santa Anastasia']",Duomo,"['AMO', 'Museo Miniscalchi', 'Teatro Romano', 'Palazzo della Ragione', 'Museo Conte']",Museo Storia,strategy_nearest,False,0.002012968063354492,success
04453A3A9C4C80,0,"['Arena', 'Casa Giulietta']",Torre Lamberti,"['Sighseeing', 'Centro Fotografia', 'Museo Conte', 'Palazzo della Ragione', 'AMO']",Castelvecchio,strategy_nearest,False,0.0020880699157714844,success
04453B3A9C4C80,2,['Santa Anastasia'],Duomo,"['AMO', 'Museo Miniscalchi', 'Teatro Romano', 'Palazzo della Ragione', 'Museo Conte']",San Zeno,strategy_nearest,False,0.0033190250396728516,success
04454E429C4C80,1,"['Casa Giulietta', 'Torre Lamberti', 'Palazzo della Ragione']",Santa Anastasia,"['AMO', 'Museo Conte', 'Teatro Romano', 'Centro Fotografia', 'Duomo']",Arena,strategy_nearest,False,0.003725767135620117,success
044552429C4C80,0,['Arena'],Torre Lamberti,"['Sighseeing', 'Centro Fotografia', 'Museo Conte', 'Casa Giulietta', 'Palazzo della Ragione']",Giardino Giusti,strategy_nearest,False,0.00436711311340332,success
0445543A9C4C80,3,"['Arena', 'Casa Giulietta']",Torre Lamberti,"['Sighseeing', 'Centro Fotografia', 'Museo Conte', 'Palazzo della Ragione', 'AMO']",Santa Anastasia,strategy_nearest,False,0.0043599605560302734,success
04456E429C4C80,0,"['Casa Giulietta', 'Giardino Giusti']",Duomo,"['AMO', 'Museo Miniscalchi', 'Santa Anastasia', 'Teatro Romano', 'Palazzo della Ragione']",Torre Lamberti,strategy_nearest,False,0.003545045852661133,success
044567429C4C80,1,"['Arena', 'Arena', 'Casa Giulietta', 'Palazzo della Ragione']",Torre Lamberti,"['Sighseeing', 'Centro Fotografia', 'Museo Conte', 'AMO', 'Museo Miniscalchi']",Santa Anastasia,strategy_nearest,False,0.0022459030151367188,success
0445603A9C4C80,0,"['Torre Lamberti', 'Teatro Romano']",Arena,"['Verona Tour', 'Museo Lapidario', 'Museo Radio', 'San Fermo', 'Casa Giulietta']",Casa Giulietta,strategy_nearest,True,0.0075130462646484375,success
0445643A9C4C80,0,"['Arena', 'Castelvecchio']",San Zeno,"['Verona Tour', 'Museo Lapidario', 'Museo Miniscalchi', 'Sighseeing', 'Museo Radio']",Torre Lamberti,strategy_nearest,False,0.005702018737792969,success
0445703A9C4C80,3,"['Arena', 'San Zeno']",Casa Giulietta,"['Centro Fotografia', 'Sighseeing', 'Torre Lamberti', 'Museo Conte', 'Museo Radio']",Torre Lamberti,strategy_nearest,True,0.0022420883178710938,success
044579429C4C80,3,"['Arena', 'Duomo']",Teatro Romano,"['Santa Anastasia', 'AMO', 'Palazzo della Ragione', 'Museo Conte', 'Centro Fotografia']",Torre Lamberti,strategy_nearest,False,0.0029859542846679688,success
04457F3A9C4C80,1,"['Arena', 'Castelvecchio']",Palazzo della Ragione,"['AMO', 'Museo Conte', 'Torre Lamberti', 'Centro Fotografia', 'Sighseeing']",Torre Lamberti,strategy_nearest,True,0.003159046173095703,success
044574429C4C80,3,['Arena'],Casa Giulietta,"['Centro Fotografia', 'Sighseeing', 'Torre Lamberti', 'Museo Conte', 'Museo Radio']",Santa Anastasia,strategy_nearest,False,0.001589059829711914,success
0445824A9C4C80,0,['Arena'],Duomo,"['AMO', 'Museo Miniscalchi', 'Santa Anastasia', 'Teatro Romano', 'Palazzo della Ragione']",Castelvecchio,strategy_nearest,False,0.003056764602661133,success
0445833A9C4C80,0,['Arena'],San Fermo,"['Museo Storia', 'Museo Radio', 'Casa Giulietta', 'Centro Fotografia', 'Sighseeing']",Casa Giulietta,strategy_nearest,True,0.0021829605102539062,success
0445834A9C4C80,3,"['Casa Giulietta', 'Arena']",San Zeno,"['Castelvecchio', 'Verona Tour', 'Museo Lapidario', 'Museo Miniscalchi', 'Sighseeing']",Santa Anastasia,strategy_nearest,False,0.0028870105743408203,success
0445863A9C4C80,3,"['Arena', 'Casa Giulietta']",Torre Lamberti,"['Sighseeing', 'Centro Fotografia', 'Museo Conte', 'Palazzo della Ragione', 'AMO']",Santa Anastasia,strategy_nearest,False,0.004034757614135742,success
04458A3A9C4C80,3,"['Arena', 'Santa Anastasia']",Duomo,"['AMO', 'Museo Miniscalchi', 'Teatro Romano', 'Palazzo della Ragione', 'Museo Conte']",Casa Giulietta,strategy_nearest,False,0.0016210079193115234,success
04458D4A9C4C80,2,"['Casa Giulietta', 'Duomo']",Santa Anastasia,"['AMO', 'Museo Conte', 'Palazzo della Ragione', 'Teatro Romano', 'Centro Fotografia']",Castelvecchio,strategy_nearest,False,0.0025339126586914062,success
04458D429C4C80,3,"['Arena', 'Museo Lapidario', 'Casa Giulietta']",Teatro Romano,"['Santa Anastasia', 'Duomo', 'AMO', 'Palazzo della Ragione', 'Museo Conte']",San Zeno,strategy_nearest,False,0.003421783447265625,success
044599429C4C80,0,['Arena'],Casa Giulietta,"['Centro Fotografia', 'Sighseeing', 'Torre Lamberti', 'Museo Conte', 'Museo Radio']",Castelvecchio,strategy_nearest,False,0.0037271976470947266,success
04459A429C4C80,1,['Arena'],Palazzo della Ragione,"['AMO', 'Museo Conte', 'Torre Lamberti', 'Centro Fotografia', 'Sighseeing']",Torre Lamberti,strategy_nearest,True,0.003607034683227539,success
0445A1429C4C80,1,"['Arena', 'Casa Giulietta', 'Palazzo della Ragione']",Torre Lamberti,"['Sighseeing', 'Centro Fotografia', 'Museo Conte', 'AMO', 'Museo Miniscalchi']",Santa Anastasia,strategy_nearest,False,0.002205371856689453,success
0445A14A9C4C80,3,"['Arena', 'Castelvecchio']",Santa Anastasia,"['AMO', 'Museo Conte', 'Palazzo della Ragione', 'Teatro Romano', 'Centro Fotografia']",Teatro Romano,strategy_nearest,True,0.004004001617431641,success
0445A73A9C4C80,3,['Arena'],Casa Giulietta,"['Centro Fotografia', 'Sighseeing', 'Torre Lamberti', 'Museo Conte', 'Museo Radio']",Torre Lamberti,strategy_nearest,True,0.0027437210083007812,success
0445AC429C4C80,3,"['Arena', 'Casa Giulietta']",Santa Anastasia,"['AMO', 'Museo Conte', 'Palazzo della Ragione', 'Teatro Romano', 'Centro Fotografia']",Torre Lamberti,strategy_nearest,False,0.0017080307006835938,success
0445A93A9C4C80,0,['Arena'],Torre Lamberti,"['Sighseeing', 'Centro Fotografia', 'Museo Conte', 'Casa Giulietta', 'Palazzo della Ragione']",Casa Giulietta,strategy_nearest,True,0.0032210350036621094,success
0445AE429C4C80,0,"['Casa Giulietta', 'Torre Lamberti']",Duomo,"['AMO', 'Museo Miniscalchi', 'Santa Anastasia', 'Teatro Romano', 'Palazzo della Ragione']",Arena,strategy_nearest,False,0.002975940704345703,success
0445B1429C4C80,3,['Santa Anastasia'],Duomo,"['AMO', 'Museo Miniscalchi', 'Teatro Romano', 'Palazzo della Ragione', 'Museo Conte']",Tomba Giulietta,strategy_nearest,False,0.0033011436462402344,success
0445BA3A9C4C80,0,"['Arena', 'Casa Giulietta']",Castelvecchio,"['Museo Lapidario', 'Verona Tour', 'Museo Radio', 'San Zeno', 'Sighseeing']",Torre Lamberti,strategy_nearest,False,0.0021581649780273438,success
0445BF3A9C4C80,3,"['Arena', 'Tomba Giulietta']",Teatro Romano,"['Santa Anastasia', 'Duomo', 'AMO', 'Palazzo della Ragione', 'Museo Conte']",Duomo,strategy_nearest,True,0.004026174545288086,success
0445C0429C4C80,0,['Duomo'],Castelvecchio,"['Museo Lapidario', 'Verona Tour', 'Arena', 'Museo Radio', 'San Zeno']",Arena,strategy_nearest,True,0.0022912025451660156,success
0445C4429C4C80,0,['Arena'],Casa Giulietta,"['Centro Fotografia', 'Sighseeing', 'Torre Lamberti', 'Museo Conte', 'Museo Radio']",Duomo,strategy_nearest,False,0.0035257339477539062,success
0445D63A9C4C80,3,"['Castelvecchio', 'Santa Anastasia']",Teatro Romano,"['Duomo', 'AMO', 'Palazzo della Ragione', 'Museo Conte', 'Centro Fotografia']",Torre Lamberti,strategy_nearest,False,0.003036022186279297,success
0445D73A9C4C80,3,"['Arena', 'Casa Giulietta', 'Tomba Giulietta']",Castelvecchio,"['Museo Lapidario', 'Verona Tour', 'Museo Radio', 'San Zeno', 'Sighseeing']",Teatro Romano,strategy_nearest,False,0.0031762123107910156,success
0445EE3A9C4C80,0,['Arena'],Tomba Giulietta,"['San Fermo', 'Museo Storia', 'Museo Lapidario', 'Museo Radio', 'Verona Tour']",Castelvecchio,strategy_nearest,False,0.003673076629638672,success
0445FF429C4C80,3,"['Castelvecchio', 'San Zeno', 'Arena']",Museo Lapidario,"['Verona Tour', 'Museo Radio', 'San Fermo', 'Casa Giulietta', 'Tomba Giulietta']",San Fermo,strategy_nearest,True,0.0015869140625,success
044607429C4C84,3,"['Casa Giulietta', 'Torre Lamberti', 'Santa Anastasia', 'Duomo']",Teatro Romano,"['AMO', 'Palazzo della Ragione', 'Museo Conte', 'Centro Fotografia', 'Museo Miniscalchi']",San Fermo,strategy_nearest,False,0.003345966339111328,success
0446283A9C4C80,2,['Castelvecchio'],Casa Giulietta,"['Centro Fotografia', 'Sighseeing', 'Torre Lamberti', 'Museo Conte', 'Museo Radio']",Palazzo della Ragione,strategy_nearest,False,0.002293825149536133,success
04462B429C4C80,1,"['Palazzo della Ragione', 'Santa Anastasia', 'Casa Giulietta']",Castelvecchio,"['Museo Lapidario', 'Verona Tour', 'Arena', 'Museo Radio', 'San Zeno']",San Zeno,strategy_nearest,True,0.0024099349975585938,success
04462A4A9C4C80,0,"['Arena', 'Museo Storia', 'Castelvecchio']",Museo Lapidario,"['Verona Tour', 'Museo Radio', 'San Fermo', 'Casa Giulietta', 'Tomba Giulietta']",San Fermo,strategy_nearest,True,0.003638029098510742,success
04463F3A9C4C80,3,['Santa Anastasia'],Arena,"['Verona Tour', 'Museo Lapidario', 'Museo Radio', 'San Fermo', 'Casa Giulietta']",Teatro Romano,strategy_nearest,False,0.002765655517578125,success
0446363A9C4C80,0,"['Arena', 'San Zeno']",Casa Giulietta,"['Centro Fotografia', 'Sighseeing', 'Torre Lamberti', 'Museo Conte', 'Museo Radio']",Torre Lamberti,strategy_nearest,True,0.00215911865234375,success
044645429C4C80,0,['Arena'],Santa Anastasia,"['AMO', 'Museo Conte', 'Palazzo della Ragione', 'Teatro Romano', 'Centro Fotografia']",Casa Giulietta,strategy_nearest,False,0.0033349990844726562,success
04464D429C4C80,1,"['Santa Anastasia', 'Teatro Romano']",Castelvecchio,"['Museo Lapidario', 'Verona Tour', 'Arena', 'Museo Radio', 'San Zeno']",Palazzo della Ragione,strategy_nearest,False,0.0026769638061523438,success
044646429C4C80,0,"['Arena', 'Casa Giulietta']",Castelvecchio,"['Museo Lapidario', 'Verona Tour', 'Museo Radio', 'San Zeno', 'Sighseeing']",Teatro Romano,strategy_nearest,False,0.004045963287353516,success
04464B3A9C4C80,0,['Arena'],Casa Giulietta,"['Centro Fotografia', 'Sighseeing', 'Torre Lamberti', 'Museo Conte', 'Museo Radio']",Castelvecchio,strategy_nearest,False,0.0034971237182617188,success
044657429C4C80,2,['Casa Giulietta'],Torre Lamberti,"['Sighseeing', 'Centro Fotografia', 'Museo Conte', 'Palazzo della Ragione', 'AMO']",Duomo,strategy_nearest,False,0.0027136802673339844,success
044650429C4C80,1,"['Arena', 'Casa Giulietta']",Torre Lamberti,"['Sighseeing', 'Centro Fotografia', 'Museo Conte', 'Palazzo della Ragione', 'AMO']",Palazzo della Ragione,strategy_nearest,True,0.002531766891479492,success
04465F3A9C4C80,3,"['Casa Giulietta', 'Torre Lamberti', 'Santa Anastasia', 'Arena', 'Tomba Giulietta']",San Fermo,"['Museo Storia', 'Museo Radio', 'Centro Fotografia', 'Sighseeing', 'Museo Conte']",Duomo,strategy_nearest,False,0.0026900768280029297,success
044671429C4C80,3,"['Casa Giulietta', 'Giardino Giusti']",Santa Anastasia,"['AMO', 'Museo Conte', 'Palazzo della Ragione', 'Teatro Romano', 'Centro Fotografia']",Duomo,strategy_nearest,False,0.0019299983978271484,success
0446733A9C4C80,3,"['Teatro Romano', 'Duomo']",Torre Lamberti,"['Sighseeing', 'Centro Fotografia', 'Museo Conte', 'Casa Giulietta', 'Palazzo della Ragione']",Casa Giulietta,strategy_nearest,True,0.002579212188720703,success
044677429C4C80,6,['Arena'],Verona Tour,"['Museo Lapidario', 'Castelvecchio', 'Museo Radio', 'Casa Giulietta', 'Sighseeing']",Casa Giulietta,strategy_nearest,True,0.003977060317993164,success
044672429C4C80,1,"['Arena', 'Casa Giulietta', 'Torre Lamberti', 'Palazzo della Ragione']",Santa Anastasia,"['AMO', 'Museo Conte', 'Teatro Romano', 'Centro Fotografia', 'Duomo']",Duomo,strategy_nearest,True,0.003306865692138672,success
0446804A9C4C80,2,['Santa Anastasia'],Teatro Romano,"['Duomo', 'AMO', 'Palazzo della Ragione', 'Museo Conte', 'Centro Fotografia']",Castelvecchio,strategy_nearest,False,0.0016009807586669922,success
044684429C4C80,0,['Castelvecchio'],Arena,"['Verona Tour', 'Museo Lapidario', 'Museo Radio', 'San Fermo', 'Casa Giulietta']",Torre Lamberti,strategy_nearest,False,0.002675771713256836,success
044685429C4C80,0,"['Arena', 'Casa Giulietta']",Teatro Romano,"['Santa Anastasia', 'Duomo', 'AMO', 'Palazzo della Ragione', 'Museo Conte']",Duomo,strategy_nearest,True,0.004433870315551758,success
04467B3A9C4C80,0,"['Arena', 'Museo Lapidario']",Teatro Romano,"['Santa Anastasia', 'Duomo', 'AMO', 'Palazzo della Ragione', 'Museo Conte']",Casa Giulietta,strategy_nearest,False,0.004061222076416016,success
0446884A9C4C80,1,"['Arena', 'Casa Giulietta']",Santa Anastasia,"['AMO', 'Museo Conte', 'Palazzo della Ragione', 'Teatro Romano', 'Centro Fotografia']",Torre Lamberti,strategy_nearest,False,0.003381967544555664,success
0446893A9C4C80,3,"['Arena', 'Casa Giulietta']",Torre Lamberti,"['Sighseeing', 'Centro Fotografia', 'Museo Conte', 'Palazzo della Ragione', 'AMO']",Santa Anastasia,strategy_nearest,False,0.003531217575073242,success
0446A2429C4C80,0,['Arena'],Casa Giulietta,"['Centro Fotografia', 'Sighseeing', 'Torre Lamberti', 'Museo Conte', 'Museo Radio']",Castelvecchio,strategy_nearest,False,0.003373861312866211,success
04469E429C4C80,0,['Arena'],Castelvecchio,"['Museo Lapidario', 'Verona Tour', 'Museo Radio', 'San Zeno', 'Sighseeing']",Teatro Romano,strategy_nearest,False,0.004841804504394531,success
0446A5429C4C80,1,['Arena'],Casa Giulietta,"['Centro Fotografia', 'Sighseeing', 'Torre Lamberti', 'Museo Conte', 'Museo Radio']",Palazzo della Ragione,strategy_nearest,False,0.0035409927368164062,success
0446A24A9C4C80,2,['Castelvecchio'],Torre Lamberti,"['Sighseeing', 'Centro Fotografia', 'Museo Conte', 'Casa Giulietta', 'Palazzo della Ragione']",Palazzo della Ragione,strategy_nearest,True,0.0035097599029541016,success
0446B33A9C4C80,0,['Tomba Giulietta'],San Zeno,"['Castelvecchio', 'Verona Tour', 'Museo Lapidario', 'Arena', 'Museo Miniscalchi']",Duomo,strategy_nearest,False,0.0023119449615478516,success
0446A7429C4C80,0,"['Casa Giulietta', 'Torre Lamberti']",San Zeno,"['Castelvecchio', 'Verona Tour', 'Museo Lapidario', 'Arena', 'Museo Miniscalchi']",Castelvecchio,strategy_nearest,True,0.002871990203857422,success
0446AA3A9C4C80,0,['Santa Anastasia'],Castelvecchio,"['Museo Lapidario', 'Verona Tour', 'Arena', 'Museo Radio', 'San Zeno']",Arena,strategy_nearest,True,0.0030031204223632812,success
0446B7429C4C80,3,"['Santa Anastasia', 'Duomo']",Teatro Romano,"['AMO', 'Palazzo della Ragione', 'Museo Conte', 'Centro Fotografia', 'Museo Miniscalchi']",Arena,strategy_nearest,False,0.0034890174865722656,success
0446BB3A9C4C80,3,"['Arena', 'San Zeno']",Torre Lamberti,"['Sighseeing', 'Centro Fotografia', 'Museo Conte', 'Casa Giulietta', 'Palazzo della Ragione']",Duomo,strategy_nearest,False,0.002766847610473633,success
0446BD3A9C4C80,0,['Casa Giulietta'],Arena,"['Verona Tour', 'Museo Lapidario', 'Museo Radio', 'San Fermo', 'Sighseeing']",Tomba Giulietta,strategy_nearest,False,0.0019659996032714844,success
0446C1429C4C80,3,['Arena'],Casa Giulietta,"['Centro Fotografia', 'Sighseeing', 'Torre Lamberti', 'Museo Conte', 'Museo Radio']",Santa Anastasia,strategy_nearest,False,0.003036975860595703,success
0446C0429C4C80,3,"['Arena', 'San Fermo']",Santa Anastasia,"['AMO', 'Museo Conte', 'Palazzo della Ragione', 'Teatro Romano', 'Centro Fotografia']",Duomo,strategy_nearest,False,0.00286102294921875,success
0446E03A9C4C80,3,['Arena'],Casa Giulietta,"['Centro Fotografia', 'Sighseeing', 'Torre Lamberti', 'Museo Conte', 'Museo Radio']",Santa Anastasia,strategy_nearest,False,0.0021088123321533203,success
0446D0429C4C80,3,"['Teatro Romano', 'Duomo', 'Santa Anastasia']",Arena,"['Verona Tour', 'Museo Lapidario', 'Museo Radio', 'San Fermo', 'Casa Giulietta']",Torre Lamberti,strategy_nearest,False,0.0027971267700195312,success
0446C63A9C4C80,1,['Arena'],Casa Giulietta,"['Centro Fotografia', 'Sighseeing', 'Torre Lamberti', 'Museo Conte', 'Museo Radio']",Palazzo della Ragione,strategy_nearest,False,0.002919912338256836,success
0446D2429C4C80,3,"['Santa Anastasia', 'Casa Giulietta']",Teatro Romano,"['Duomo', 'AMO', 'Palazzo della Ragione', 'Museo Conte', 'Centro Fotografia']",Giardino Giusti,strategy_nearest,False,0.0034470558166503906,success
0446F03A9C4C80,3,['Castelvecchio'],Santa Anastasia,"['AMO', 'Museo Conte', 'Palazzo della Ragione', 'Teatro Romano', 'Centro Fotografia']",Duomo,strategy_nearest,False,0.0028600692749023438,success
0446FB3A9C4C80,3,"['Santa Anastasia', 'Duomo', 'Teatro Romano']",Torre Lamberti,"['Sighseeing', 'Centro Fotografia', 'Museo Conte', 'Casa Giulietta', 'Palazzo della Ragione']",Arena,strategy_nearest,False,0.0018868446350097656,success
0447033A9C4C84,0,"['Arena', 'Casa Giulietta']",Santa Anastasia,"['AMO', 'Museo Conte', 'Palazzo della Ragione', 'Teatro Romano', 'Centro Fotografia']",Castelvecchio,strategy_nearest,False,0.003126859664916992,success
0446FD3A9C4C80,1,"['Teatro Romano', 'Duomo', 'Santa Anastasia']",Arena,"['Verona Tour', 'Museo Lapidario', 'Museo Radio', 'San Fermo', 'Casa Giulietta']",Torre Lamberti,strategy_nearest,False,0.002743959426879883,success
044707429C4C84,0,"['Casa Giulietta', 'Arena']",Castelvecchio,"['Museo Lapidario', 'Verona Tour', 'Museo Radio', 'San Zeno', 'Sighseeing']",San Zeno,strategy_nearest,True,0.003175973892211914,success
04472C429C4C80,1,"['Arena', 'Casa Giulietta']",Duomo,"['AMO', 'Museo Miniscalchi', 'Santa Anastasia', 'Teatro Romano', 'Palazzo della Ragione']",Torre Lamberti,strategy_nearest,False,0.0018990039825439453,success
04473B429C4C80,0,"['Arena', 'Casa Giulietta']",Torre Lamberti,"['Sighseeing', 'Centro Fotografia', 'Museo Conte', 'Palazzo della Ragione', 'AMO']",Teatro Romano,strategy_nearest,False,0.003142833709716797,success
04472F3A9C4C80,4,"['Arena', 'Castelvecchio', 'Palazzo della Ragione', 'Santa Anastasia']",Casa Giulietta,"['Centro Fotografia', 'Sighseeing', 'Torre Lamberti', 'Museo Conte', 'Museo Radio']",Teatro Romano,strategy_nearest,False,0.0027992725372314453,success
04473D3A9C4C80,1,"['Museo Lapidario', 'Castelvecchio', 'Arena', 'Casa Giulietta']",Torre Lamberti,"['Sighseeing', 'Centro Fotografia', 'Museo Conte', 'Palazzo della Ragione', 'AMO']",Palazzo della Ragione,strategy_nearest,True,0.003396749496459961,success
044746429C4C80,3,['Arena'],Casa Giulietta,"['Centro Fotografia', 'Sighseeing', 'Torre Lamberti', 'Museo Conte', 'Museo Radio']",Santa Anastasia,strategy_nearest,False,0.0021932125091552734,success
044749429C4C80,3,"['Casa Giulietta', 'Arena', 'Castelvecchio']",San Zeno,"['Verona Tour', 'Museo Lapidario', 'Museo Miniscalchi', 'Sighseeing', 'Museo Radio']",Tomba Giulietta,strategy_nearest,False,0.002771139144897461,success
0447503A9C4C80,0,['Torre Lamberti'],Arena,"['Verona Tour', 'Museo Lapidario', 'Museo Radio', 'San Fermo', 'Casa Giulietta']",Giardino Giusti,strategy_nearest,False,0.0032129287719726562,success
044755429C4C80,0,"['Arena', 'Casa Giulietta', 'Teatro Romano']",Museo Lapidario,"['Verona Tour', 'Castelvecchio', 'Museo Radio', 'San Fermo', 'Tomba Giulietta']",Castelvecchio,strategy_nearest,True,0.0024650096893310547,success
04475F429C4C80,0,['Arena'],Giardino Giusti,"['Santa Anastasia', 'Teatro Romano', 'Museo Conte', 'Centro Fotografia', 'Museo Storia']",Duomo,strategy_nearest,False,0.002592802047729492,success
04475E3A9C4C80,1,"['Arena', 'Casa Giulietta', 'Torre Lamberti', 'Palazzo della Ragione']",Castelvecchio,"['Museo Lapidario', 'Verona Tour', 'Museo Radio', 'San Zeno', 'Sighseeing']",San Fermo,strategy_nearest,False,0.0026509761810302734,success
0447653A9C4C80,1,"['Arena', 'Castelvecchio', 'Torre Lamberti']",Palazzo della Ragione,"['AMO', 'Museo Conte', 'Centro Fotografia', 'Sighseeing', 'Santa Anastasia']",Duomo,strategy_nearest,False,0.003001689910888672,success
0447783A9C4C80,3,"['Arena', 'Castelvecchio']",Santa Anastasia,"['AMO', 'Museo Conte', 'Palazzo della Ragione', 'Teatro Romano', 'Centro Fotografia']",Torre Lamberti,strategy_nearest,False,0.0025620460510253906,success
04477C3A9C4C80,0,['Arena'],Torre Lamberti,"['Sighseeing', 'Centro Fotografia', 'Museo Conte', 'Casa Giulietta', 'Palazzo della Ragione']",Casa Giulietta,strategy_nearest,True,0.0023260116577148438,success
04476D429C4C80,0,['Casa Giulietta'],Torre Lamberti,"['Sighseeing', 'Centro Fotografia', 'Museo Conte', 'Palazzo della Ragione', 'AMO']",Torre Lamberti,strategy_nearest,False,0.003299713134765625,success
044779429C4C80,3,"['Castelvecchio', 'Arena']",Tomba Giulietta,"['San Fermo', 'Museo Storia', 'Museo Lapidario', 'Museo Radio', 'Verona Tour']",Santa Anastasia,strategy_nearest,False,0.0034732818603515625,success
044782429C4C80,3,"['Castelvecchio', 'Arena']",Santa Anastasia,"['AMO', 'Museo Conte', 'Palazzo della Ragione', 'Teatro Romano', 'Centro Fotografia']",Teatro Romano,strategy_nearest,True,0.0019829273223876953,success
0447863A9C4C80,3,['Arena'],Santa Anastasia,"['AMO', 'Museo Conte', 'Palazzo della Ragione', 'Teatro Romano', 'Centro Fotografia']",Duomo,strategy_nearest,False,0.002565145492553711,success
04477E429C4C80,2,"['Castelvecchio', 'Santa Anastasia']",Duomo,"['AMO', 'Museo Miniscalchi', 'Teatro Romano', 'Palazzo della Ragione', 'Museo Conte']",Palazzo della Ragione,strategy_nearest,True,0.004287004470825195,success
0447893A9C4C80,0,"['Arena', 'Castelvecchio']",Casa Giulietta,"['Centro Fotografia', 'Sighseeing', 'Torre Lamberti', 'Museo Conte', 'Museo Radio']",Teatro Romano,strategy_nearest,False,0.003213167190551758,success
04479B429C4C80,3,"['Arena', 'Casa Giulietta']",Santa Anastasia,"['AMO', 'Museo Conte', 'Palazzo della Ragione', 'Teatro Romano', 'Centro Fotografia']",Duomo,strategy_nearest,False,0.0018181800842285156,success
04478E4A9C4C80,3,"['Torre Lamberti', 'Casa Giulietta', 'Arena']",Castelvecchio,"['Museo Lapidario', 'Verona Tour', 'Museo Radio', 'San Zeno', 'Sighseeing']",Tomba Giulietta,strategy_nearest,False,0.0038919448852539062,success
04479E429C4C80,2,['Teatro Romano'],Santa Anastasia,"['AMO', 'Museo Conte', 'Palazzo della Ragione', 'Centro Fotografia', 'Duomo']",Casa Giulietta,strategy_nearest,False,0.002471923828125,success
0447A84A9C4C80,1,"['Museo Lapidario', 'Arena', 'Torre Lamberti']",Palazzo della Ragione,"['AMO', 'Museo Conte', 'Centro Fotografia', 'Sighseeing', 'Santa Anastasia']",Teatro Romano,strategy_nearest,False,0.003019094467163086,success
0447AE429C4C80,1,"['Arena', 'Torre Lamberti']",Palazzo della Ragione,"['AMO', 'Museo Conte', 'Centro Fotografia', 'Sighseeing', 'Santa Anastasia']",Duomo,strategy_nearest,False,0.003142833709716797,success
0447AB3A9C4C80,3,['Torre Lamberti'],Arena,"['Verona Tour', 'Museo Lapidario', 'Museo Radio', 'San Fermo', 'Casa Giulietta']",Santa Anastasia,strategy_nearest,False,0.0022978782653808594,success
0447B43A9C4C80,3,['Castelvecchio'],San Zeno,"['Verona Tour', 'Museo Lapidario', 'Arena', 'Museo Miniscalchi', 'Sighseeing']",Santa Anastasia,strategy_nearest,False,0.002248048782348633,success
0447BC3A9C4C80,0,['Arena'],Torre Lamberti,"['Sighseeing', 'Centro Fotografia', 'Museo Conte', 'Casa Giulietta', 'Palazzo della Ragione']",Casa Giulietta,strategy_nearest,True,0.0022089481353759766,success
0447BD3A9C4C80,0,['Arena'],Casa Giulietta,"['Centro Fotografia', 'Sighseeing', 'Torre Lamberti', 'Museo Conte', 'Museo Radio']",Torre Lamberti,strategy_nearest,True,0.002562999725341797,success
0447C63A9C4C80,0,"['Arena', 'Museo Lapidario']",Castelvecchio,"['Verona Tour', 'Museo Radio', 'San Zeno', 'Sighseeing', 'Museo Miniscalchi']",Casa Giulietta,strategy_nearest,False,0.002643108367919922,success
0447CC3A9C4C80,1,['Arena'],Casa Giulietta,"['Centro Fotografia', 'Sighseeing', 'Torre Lamberti', 'Museo Conte', 'Museo Radio']",San Fermo,strategy_nearest,False,0.0029540061950683594,success
0447C93A9C4C80,0,['Arena'],Torre Lamberti,"['Sighseeing', 'Centro Fotografia', 'Museo Conte', 'Casa Giulietta', 'Palazzo della Ragione']",Teatro Romano,strategy_nearest,False,0.0033271312713623047,success
0447CE3A9C4C80,0,['Arena'],Giardino Giusti,"['Santa Anastasia', 'Teatro Romano', 'Museo Conte', 'Centro Fotografia', 'Museo Storia']",Teatro Romano,strategy_nearest,True,0.003403902053833008,success
0447D83A9C4C80,3,"['Arena', 'Casa Giulietta']",Torre Lamberti,"['Sighseeing', 'Centro Fotografia', 'Museo Conte', 'Palazzo della Ragione', 'AMO']",Santa Anastasia,strategy_nearest,False,0.002454996109008789,success
0448234A9C4C80,1,"['Casa Giulietta', 'Arena', 'Torre Lamberti', 'Palazzo della Ragione']",Teatro Romano,"['Santa Anastasia', 'Duomo', 'AMO', 'Museo Conte', 'Centro Fotografia']",Giardino Giusti,strategy_nearest,False,0.0019221305847167969,success
0447D8429C4C80,3,"['Tomba Giulietta', 'Casa Giulietta', 'Santa Anastasia', 'Duomo']",San Fermo,"['Museo Storia', 'Museo Radio', 'Centro Fotografia', 'Arena', 'Sighseeing']",Arena,strategy_nearest,True,0.003462076187133789,success
0448213A9C4C80,3,"['Arena', 'Torre Lamberti', 'Santa Anastasia']",San Fermo,"['Museo Storia', 'Museo Radio', 'Casa Giulietta', 'Centro Fotografia', 'Sighseeing']",Casa Giulietta,strategy_nearest,True,0.002668142318725586,success
04482D3A9C4C80,1,"['Arena', 'Torre Lamberti']",Palazzo della Ragione,"['AMO', 'Museo Conte', 'Centro Fotografia', 'Sighseeing', 'Santa Anastasia']",Casa Giulietta,strategy_nearest,False,0.004055976867675781,success
04482F3A9C4C80,0,['Casa Giulietta'],Castelvecchio,"['Museo Lapidario', 'Verona Tour', 'Arena', 'Museo Radio', 'San Zeno']",Arena,strategy_nearest,True,0.001489877700805664,success
0448373A9C4C80,2,['Torre Lamberti'],Palazzo della Ragione,"['AMO', 'Museo Conte', 'Centro Fotografia', 'Sighseeing', 'Santa Anastasia']",Castelvecchio,strategy_nearest,False,0.00269317626953125,success
0448394A9C4C80,0,['Casa Giulietta'],Arena,"['Verona Tour', 'Museo Lapidario', 'Museo Radio', 'San Fermo', 'Sighseeing']",Tomba Giulietta,strategy_nearest,False,0.0030651092529296875,success
04483B429C4C80,1,"['Arena', 'Torre Lamberti']",Palazzo della Ragione,"['AMO', 'Museo Conte', 'Centro Fotografia', 'Sighseeing', 'Santa Anastasia']",Teatro Romano,strategy_nearest,False,0.002681732177734375,success
044846429C4C80,1,"['Arena', 'Casa Giulietta', 'Torre Lamberti']",Palazzo della Ragione,"['AMO', 'Museo Conte', 'Centro Fotografia', 'Sighseeing', 'Santa Anastasia']",Santa Anastasia,strategy_nearest,True,0.0022101402282714844,success
044843429C4C80,1,"['Arena', 'Casa Giulietta']",Torre Lamberti,"['Sighseeing', 'Centro Fotografia', 'Museo Conte', 'Palazzo della Ragione', 'AMO']",Palazzo della Ragione,strategy_nearest,True,0.002007007598876953,success
044847429C4C80,3,"['Arena', 'Casa Giulietta']",Santa Anastasia,"['AMO', 'Museo Conte', 'Palazzo della Ragione', 'Teatro Romano', 'Centro Fotografia']",Duomo,strategy_nearest,False,0.004215717315673828,success
04486B3A9C4C80,0,['Duomo'],Teatro Romano,"['Santa Anastasia', 'AMO', 'Palazzo della Ragione', 'Museo Conte', 'Centro Fotografia']",Arena,strategy_nearest,False,0.002591848373413086,success
044857429C4C80,1,['Casa Giulietta'],Palazzo della Ragione,"['AMO', 'Museo Conte', 'Torre Lamberti', 'Centro Fotografia', 'Sighseeing']",Santa Anastasia,strategy_nearest,False,0.0033140182495117188,success
04484E429C4C80,2,"['Giardino Giusti', 'Santa Anastasia', 'Duomo']",San Fermo,"['Museo Storia', 'Museo Radio', 'Casa Giulietta', 'Centro Fotografia', 'Arena']",Tomba Giulietta,strategy_nearest,False,0.0014760494232177734,success
04487E429C4C80,0,['Arena'],Torre Lamberti,"['Sighseeing', 'Centro Fotografia', 'Museo Conte', 'Casa Giulietta', 'Palazzo della Ragione']",Castelvecchio,strategy_nearest,False,0.0020380020141601562,success
0448794A9C4C80,3,"['Arena', 'Castelvecchio']",Casa Giulietta,"['Centro Fotografia', 'Sighseeing', 'Torre Lamberti', 'Museo Conte', 'Museo Radio']",Santa Anastasia,strategy_nearest,False,0.0027008056640625,success
04486C429C4C80,0,"['Arena', 'San Zeno']",Castelvecchio,"['Museo Lapidario', 'Verona Tour', 'Museo Radio', 'Sighseeing', 'Museo Miniscalchi']",Casa Giulietta,strategy_nearest,False,0.0045397281646728516,success
0448773A9C4C80,0,['Casa Giulietta'],Torre Lamberti,"['Sighseeing', 'Centro Fotografia', 'Museo Conte', 'Palazzo della Ragione', 'AMO']",Arena,strategy_nearest,False,0.0015599727630615234,success
0448814A9C4C80,3,"['Torre Lamberti', 'San Fermo']",Arena,"['Verona Tour', 'Museo Lapidario', 'Museo Radio', 'Casa Giulietta', 'Sighseeing']",Santa Anastasia,strategy_nearest,False,0.0028009414672851562,success
04487F3A9C4C80,2,"['Casa Giulietta', 'Torre Lamberti']",Santa Anastasia,"['AMO', 'Museo Conte', 'Palazzo della Ragione', 'Teatro Romano', 'Centro Fotografia']",Duomo,strategy_nearest,False,0.0015575885772705078,success
044882429C4C80,0,['Arena'],Casa Giulietta,"['Centro Fotografia', 'Sighseeing', 'Torre Lamberti', 'Museo Conte', 'Museo Radio']",Torre Lamberti,strategy_nearest,True,0.0020999908447265625,success
04488A429C4C80,0,['Arena'],Museo Lapidario,"['Verona Tour', 'Castelvecchio', 'Museo Radio', 'San Fermo', 'Casa Giulietta']",Teatro Romano,strategy_nearest,False,0.003406047821044922,success
0448954A9C4C80,3,"['Arena', 'Torre Lamberti']",Casa Giulietta,"['Centro Fotografia', 'Sighseeing', 'Museo Conte', 'Museo Radio', 'Palazzo della Ragione']",Duomo,strategy_nearest,False,0.0020210742950439453,success
04488C3A9C4C80,2,"['Casa Giulietta', 'Torre Lamberti']",Santa Anastasia,"['AMO', 'Museo Conte', 'Palazzo della Ragione', 'Teatro Romano', 'Centro Fotografia']",Duomo,strategy_nearest,False,0.0026628971099853516,success
04489C4A9C4C80,1,['Arena'],Palazzo della Ragione,"['AMO', 'Museo Conte', 'Torre Lamberti', 'Centro Fotografia', 'Sighseeing']",Teatro Romano,strategy_nearest,False,0.002541780471801758,success
0448A54A9C4C80,0,['Museo Lapidario'],Arena,"['Verona Tour', 'Museo Radio', 'San Fermo', 'Casa Giulietta', 'Sighseeing']",Castelvecchio,strategy_nearest,False,0.003351926803588867,success
0448A83A9C4C80,3,"['Arena', 'San Fermo']",Casa Giulietta,"['Centro Fotografia', 'Sighseeing', 'Torre Lamberti', 'Museo Conte', 'Museo Radio']",Santa Anastasia,strategy_nearest,False,0.002505779266357422,success
0448A73A9C4C80,3,['San Fermo'],Torre Lamberti,"['Sighseeing', 'Centro Fotografia', 'Museo Conte', 'Casa Giulietta', 'Palazzo della Ragione']",Santa Anastasia,strategy_nearest,False,0.0025551319122314453,success
0448A84A9C4C80,1,"['Arena', 'Torre Lamberti']",Palazzo della Ragione,"['AMO', 'Museo Conte', 'Centro Fotografia', 'Sighseeing', 'Santa Anastasia']",Casa Giulietta,strategy_nearest,False,0.0031287670135498047,success
0448AD429C4C80,1,"['Arena', 'San Fermo', 'Casa Giulietta']",Torre Lamberti,"['Sighseeing', 'Centro Fotografia', 'Museo Conte', 'Palazzo della Ragione', 'AMO']",Palazzo della Ragione,strategy_nearest,True,0.001965045928955078,success
0448B13A9C4C80,3,"['San Zeno', 'Duomo']",Santa Anastasia,"['AMO', 'Museo Conte', 'Palazzo della Ragione', 'Teatro Romano', 'Centro Fotografia']",Casa Giulietta,strategy_nearest,False,0.0026929378509521484,success
0448B3429C4C80,6,['Verona Tour'],Casa Giulietta,"['Centro Fotografia', 'Sighseeing', 'Torre Lamberti', 'Museo Conte', 'Museo Radio']",Tomba Giulietta,strategy_nearest,False,0.0033559799194335938,success
0448B4429C4C80,3,"['Arena', 'San Fermo']",Torre Lamberti,"['Sighseeing', 'Centro Fotografia', 'Museo Conte', 'Casa Giulietta', 'Palazzo della Ragione']",Giardino Giusti,strategy_nearest,False,0.0033371448516845703,success
0448B6429C4C80,0,"['Castelvecchio', 'Arena']",Tomba Giulietta,"['San Fermo', 'Museo Storia', 'Museo Lapidario', 'Museo Radio', 'Verona Tour']",Teatro Romano,strategy_nearest,False,0.0030241012573242188,success
0448BB3A9C4C80,3,['Arena'],Casa Giulietta,"['Centro Fotografia', 'Sighseeing', 'Torre Lamberti', 'Museo Conte', 'Museo Radio']",Torre Lamberti,strategy_nearest,True,0.0033850669860839844,success
0448BC3A9C4C80,3,"['Arena', 'Torre Lamberti']",Santa Anastasia,"['AMO', 'Museo Conte', 'Palazzo della Ragione', 'Teatro Romano', 'Centro Fotografia']",Duomo,strategy_nearest,False,0.0025992393493652344,success
0448C63A9C4C80,0,['Arena'],Casa Giulietta,"['Centro Fotografia', 'Sighseeing', 'Torre Lamberti', 'Museo Conte', 'Museo Radio']",Tomba Giulietta,strategy_nearest,False,0.002393007278442383,success
0448C03A9C4C80,0,['Arena'],Torre Lamberti,"['Sighseeing', 'Centro Fotografia', 'Museo Conte', 'Casa Giulietta', 'Palazzo della Ragione']",Casa Giulietta,strategy_nearest,True,0.0036330223083496094,success
0448D53A9C4C80,1,"['Casa Giulietta', 'Tomba Giulietta', 'Castelvecchio']",Arena,"['Verona Tour', 'Museo Lapidario', 'Museo Radio', 'San Fermo', 'Sighseeing']",Palazzo della Ragione,strategy_nearest,False,0.002288818359375,success
0448C93A9C4C80,0,['Arena'],Casa Giulietta,"['Centro Fotografia', 'Sighseeing', 'Torre Lamberti', 'Museo Conte', 'Museo Radio']",San Fermo,strategy_nearest,False,0.003061056137084961,success
0448E4429C4C80,0,['Arena'],Casa Giulietta,"['Centro Fotografia', 'Sighseeing', 'Torre Lamberti', 'Museo Conte', 'Museo Radio']",Tomba Giulietta,strategy_nearest,False,0.0020599365234375,success
0448DF429C4C80,1,"['Castelvecchio', 'Casa Giulietta']",Torre Lamberti,"['Sighseeing', 'Centro Fotografia', 'Museo Conte', 'Palazzo della Ragione', 'AMO']",Palazzo della Ragione,strategy_nearest,True,0.003320932388305664,success
0448E63A9C4C80,0,['San Zeno'],Castelvecchio,"['Museo Lapidario', 'Verona Tour', 'Arena', 'Museo Radio', 'Sighseeing']",Arena,strategy_nearest,True,0.002984285354614258,success
0448D83A9C4C80,1,"['Torre Lamberti', 'Palazzo della Ragione', 'Casa Giulietta', 'Santa Anastasia']",Arena,"['Verona Tour', 'Museo Lapidario', 'Museo Radio', 'San Fermo', 'Sighseeing']",San Fermo,strategy_nearest,True,0.0035772323608398438,success
0448F5429C4C80,3,"['Casa Giulietta', 'Santa Anastasia', 'Duomo']",Teatro Romano,"['AMO', 'Palazzo della Ragione', 'Museo Conte', 'Centro Fotografia', 'Museo Miniscalchi']",Arena,strategy_nearest,False,0.0027599334716796875,success
0448FE429C4C80,1,"['Arena', 'Palazzo della Ragione', 'Torre Lamberti']",Giardino Giusti,"['Santa Anastasia', 'Teatro Romano', 'Museo Conte', 'Centro Fotografia', 'Museo Storia']",Teatro Romano,strategy_nearest,True,0.0026917457580566406,success
044901429C4C84,3,"['Arena', 'Santa Anastasia']",Castelvecchio,"['Museo Lapidario', 'Verona Tour', 'Museo Radio', 'San Zeno', 'Sighseeing']",San Zeno,strategy_nearest,True,0.0020432472229003906,success
044904429C4C84,1,"['Arena', 'Museo Lapidario', 'Castelvecchio']",Duomo,"['AMO', 'Museo Miniscalchi', 'Santa Anastasia', 'Teatro Romano', 'Palazzo della Ragione']",Torre Lamberti,strategy_nearest,False,0.003345966339111328,success
044916429C4C84,2,"['Torre Lamberti', 'Santa Anastasia']",Duomo,"['AMO', 'Museo Miniscalchi', 'Teatro Romano', 'Palazzo della Ragione', 'Museo Conte']",Casa Giulietta,strategy_nearest,False,0.0018188953399658203,success
04492B3A9C4C80,1,"['Arena', 'San Fermo', 'Casa Giulietta', 'Torre Lamberti']",Palazzo della Ragione,"['AMO', 'Museo Conte', 'Centro Fotografia', 'Sighseeing', 'Santa Anastasia']",Castelvecchio,strategy_nearest,False,0.002613067626953125,success
0449403A9C4C80,0,['Arena'],San Fermo,"['Museo Storia', 'Museo Radio', 'Casa Giulietta', 'Centro Fotografia', 'Sighseeing']",Teatro Romano,strategy_nearest,False,0.0022478103637695312,success
0449433A9C4C80,0,"['Arena', 'Casa Giulietta']",Duomo,"['AMO', 'Museo Miniscalchi', 'Santa Anastasia', 'Teatro Romano', 'Palazzo della Ragione']",Teatro Romano,strategy_nearest,True,0.003283977508544922,success
04492D4A9C4C80,0,"['Castelvecchio', 'Arena']",Museo Lapidario,"['Verona Tour', 'Museo Radio', 'San Fermo', 'Casa Giulietta', 'Tomba Giulietta']",Casa Giulietta,strategy_nearest,True,0.0037488937377929688,success
044949429C4C80,3,"['Arena', 'Arena']",Castelvecchio,"['Museo Lapidario', 'Verona Tour', 'Museo Radio', 'San Zeno', 'Sighseeing']",Duomo,strategy_nearest,False,0.0019211769104003906,success
0449553A9C4C80,0,"['Museo Lapidario', 'Arena']",Casa Giulietta,"['Centro Fotografia', 'Sighseeing', 'Torre Lamberti', 'Museo Conte', 'Museo Radio']",Tomba Giulietta,strategy_nearest,False,0.00345611572265625,success
044944429C4C80,1,"['Arena', 'Castelvecchio', 'Casa Giulietta']",Torre Lamberti,"['Sighseeing', 'Centro Fotografia', 'Museo Conte', 'Palazzo della Ragione', 'AMO']",Palazzo della Ragione,strategy_nearest,True,0.003422975540161133,success
04496C429C4C80,6,['Arena'],Verona Tour,"['Museo Lapidario', 'Castelvecchio', 'Museo Radio', 'Casa Giulietta', 'Sighseeing']",Casa Giulietta,strategy_nearest,True,0.004426002502441406,success
04496D429C4C80,1,"['Palazzo della Ragione', 'Torre Lamberti', 'Casa Giulietta']",Teatro Romano,"['Santa Anastasia', 'Duomo', 'AMO', 'Museo Conte', 'Centro Fotografia']",Tomba Giulietta,strategy_nearest,False,0.0018780231475830078,success
0449853A9C4C80,3,"['Arena', 'Castelvecchio']",Casa Giulietta,"['Centro Fotografia', 'Sighseeing', 'Torre Lamberti', 'Museo Conte', 'Museo Radio']",San Zeno,strategy_nearest,False,0.05081796646118164,success
0449904A9C4C80,0,['Arena'],San Zeno,"['Castelvecchio', 'Verona Tour', 'Museo Lapidario', 'Museo Miniscalchi', 'Sighseeing']",Castelvecchio,strategy_nearest,True,0.001336812973022461,success
0449984A9C4C80,0,['Arena'],Museo Lapidario,"['Verona Tour', 'Castelvecchio', 'Museo Radio', 'San Fermo', 'Casa Giulietta']",Castelvecchio,strategy_nearest,True,0.0011889934539794922,success
04499C429C4C80,0,"['Arena', 'Casa Giulietta']",Torre Lamberti,"['Sighseeing', 'Centro Fotografia', 'Museo Conte', 'Palazzo della Ragione', 'AMO']",Castelvecchio,strategy_nearest,False,0.0011250972747802734,success
0449A772743380,0,"['Arena', 'Casa Giulietta']",San Fermo,"['Museo Storia', 'Museo Radio', 'Centro Fotografia', 'Sighseeing', 'Torre Lamberti']",Castelvecchio,strategy_nearest,False,0.0010712146759033203,success
0449AA3A9C4C80,3,"['Arena', 'Castelvecchio']",Torre Lamberti,"['Sighseeing', 'Centro Fotografia', 'Museo Conte', 'Casa Giulietta', 'Palazzo della Ragione']",Duomo,strategy_nearest,False,0.0010521411895751953,success
0449B2429C4C80,3,"['Arena', 'Castelvecchio']",San Zeno,"['Verona Tour', 'Museo Lapidario', 'Museo Miniscalchi', 'Sighseeing', 'Museo Radio']",Torre Lamberti,strategy_nearest,False,0.0013239383697509766,success
044977429C4C80,3,"['San Zeno', 'Arena']",Santa Anastasia,"['AMO', 'Museo Conte', 'Palazzo della Ragione', 'Teatro Romano', 'Centro Fotografia']",Duomo,strategy_nearest,False,0.0033299922943115234,success
04498B429C4C80,0,"['Arena', 'Casa Giulietta']",Torre Lamberti,"['Sighseeing', 'Centro Fotografia', 'Museo Conte', 'Palazzo della Ragione', 'AMO']",Teatro Romano,strategy_nearest,False,0.06711602210998535,success
0449B33A9C4C80,0,['Tomba Giulietta'],Arena,"['Verona Tour', 'Museo Lapidario', 'Museo Radio', 'San Fermo', 'Casa Giulietta']",Casa Giulietta,strategy_nearest,True,0.007138967514038086,success
04498E3A9C4C80,1,"['Arena', 'Castelvecchio', 'Duomo']",Santa Anastasia,"['AMO', 'Museo Conte', 'Palazzo della Ragione', 'Teatro Romano', 'Centro Fotografia']",Torre Lamberti,strategy_nearest,False,0.06765174865722656,success
0449C0429C4C80,3,"['Arena', 'Castelvecchio', 'Torre Lamberti']",Casa Giulietta,"['Centro Fotografia', 'Sighseeing', 'Museo Conte', 'Museo Radio', 'Palazzo della Ragione']",Santa Anastasia,strategy_nearest,False,0.004361152648925781,success
0449B73A9C4C80,2,['Castelvecchio'],Palazzo della Ragione,"['AMO', 'Museo Conte', 'Torre Lamberti', 'Centro Fotografia', 'Sighseeing']",Casa Giulietta,strategy_nearest,False,0.0034759044647216797,success
0449CF429C4C80,0,"['Arena', 'Torre Lamberti']",Casa Giulietta,"['Centro Fotografia', 'Sighseeing', 'Museo Conte', 'Museo Radio', 'Palazzo della Ragione']",Giardino Giusti,strategy_nearest,False,0.010743141174316406,success
0449CE3A9C4C80,3,"['Arena', 'Torre Lamberti']",Santa Anastasia,"['AMO', 'Museo Conte', 'Palazzo della Ragione', 'Teatro Romano', 'Centro Fotografia']",Duomo,strategy_nearest,False,0.013782024383544922,success
0449C3429C4C80,2,['Torre Lamberti'],Duomo,"['AMO', 'Museo Miniscalchi', 'Santa Anastasia', 'Teatro Romano', 'Palazzo della Ragione']",Castelvecchio,strategy_nearest,False,0.01650834083557129,success
0449E33A9C4C80,1,"['Casa Giulietta', 'Arena', 'Santa Anastasia']",Torre Lamberti,"['Sighseeing', 'Centro Fotografia', 'Museo Conte', 'Palazzo della Ragione', 'AMO']",Palazzo della Ragione,strategy_nearest,True,0.0032088756561279297,success
0449E53A9C4C80,3,"['Arena', 'Casa Giulietta', 'San Fermo']",Castelvecchio,"['Museo Lapidario', 'Verona Tour', 'Museo Radio', 'San Zeno', 'Sighseeing']",Santa Anastasia,strategy_nearest,False,0.002490997314453125,success
0449EA429C4C80,3,"['Arena', 'Casa Giulietta']",Santa Anastasia,"['AMO', 'Museo Conte', 'Palazzo della Ragione', 'Teatro Romano', 'Centro Fotografia']",Duomo,strategy_nearest,False,0.0029387474060058594,success
0449EF3A9C4C80,1,"['Torre Lamberti', 'Palazzo della Ragione', 'Casa Giulietta']",San Fermo,"['Museo Storia', 'Museo Radio', 'Centro Fotografia', 'Arena', 'Sighseeing']",Santa Anastasia,strategy_nearest,False,0.002567768096923828,success
044A0D3A9C4C84,3,['Arena'],Teatro Romano,"['Santa Anastasia', 'Duomo', 'AMO', 'Palazzo della Ragione', 'Museo Conte']",Duomo,strategy_nearest,True,0.0014870166778564453,success
044A03429C4C84,3,"['Teatro Romano', 'Casa Giulietta', 'Arena', 'Tomba Giulietta']",Museo Storia,"['San Fermo', 'Museo Radio', 'Centro Fotografia', 'Torre Lamberti', 'Sighseeing']",San Fermo,strategy_nearest,True,0.0035409927368164062,success
044A133A9C4C84,2,['Castelvecchio'],San Zeno,"['Verona Tour', 'Museo Lapidario', 'Arena', 'Museo Miniscalchi', 'Sighseeing']",Tomba Giulietta,strategy_nearest,False,0.002817869186401367,success
044A283A9C4C80,3,"['San Zeno', 'San Fermo']",Santa Anastasia,"['AMO', 'Museo Conte', 'Palazzo della Ragione', 'Teatro Romano', 'Centro Fotografia']",Duomo,strategy_nearest,False,0.0031931400299072266,success
044A323A9C4C80,0,['Giardino Giusti'],Casa Giulietta,"['Centro Fotografia', 'Sighseeing', 'Torre Lamberti', 'Museo Conte', 'Museo Radio']",Arena,strategy_nearest,False,0.0013492107391357422,success
044A2A4A9C4C80,2,"['Casa Giulietta', 'Torre Lamberti', 'Palazzo della Ragione']",Museo Lapidario,"['Verona Tour', 'Arena', 'Castelvecchio', 'Museo Radio', 'San Fermo']",Castelvecchio,strategy_nearest,True,0.002849102020263672,success
044A2C4A9C4C80,0,['Arena'],Torre Lamberti,"['Sighseeing', 'Centro Fotografia', 'Museo Conte', 'Casa Giulietta', 'Palazzo della Ragione']",Duomo,strategy_nearest,False,0.0027451515197753906,success
044A37429C4C80,0,"['Arena', 'Torre Lamberti']",Teatro Romano,"['Santa Anastasia', 'Duomo', 'AMO', 'Palazzo della Ragione', 'Museo Conte']",San Zeno,strategy_nearest,False,0.0030870437622070312,success
044A383A9C4C80,1,"['San Zeno', 'Castelvecchio', 'Arena', 'Torre Lamberti']",Palazzo della Ragione,"['AMO', 'Museo Conte', 'Centro Fotografia', 'Sighseeing', 'Santa Anastasia']",Casa Giulietta,strategy_nearest,False,0.0019648075103759766,success
044A473A9C4C80,0,['Arena'],Casa Giulietta,"['Centro Fotografia', 'Sighseeing', 'Torre Lamberti', 'Museo Conte', 'Museo Radio']",San Zeno,strategy_nearest,False,0.0027408599853515625,success
044A433A9C4C80,3,"['Teatro Romano', 'Duomo']",Casa Giulietta,"['Centro Fotografia', 'Sighseeing', 'Torre Lamberti', 'Museo Conte', 'Museo Radio']",Arena,strategy_nearest,False,0.0020668506622314453,success
044A4F3A9C4C80,1,['Arena'],Duomo,"['AMO', 'Museo Miniscalchi', 'Santa Anastasia', 'Teatro Romano', 'Palazzo della Ragione']",Palazzo della Ragione,strategy_nearest,True,0.0028481483459472656,success
044A59429C4C80,3,"['Castelvecchio', 'Arena']",Torre Lamberti,"['Sighseeing', 'Centro Fotografia', 'Museo Conte', 'Casa Giulietta', 'Palazzo della Ragione']",Santa Anastasia,strategy_nearest,False,0.0021038055419921875,success
044A54429C4C80,2,['Castelvecchio'],Torre Lamberti,"['Sighseeing', 'Centro Fotografia', 'Museo Conte', 'Casa Giulietta', 'Palazzo della Ragione']",Giardino Giusti,strategy_nearest,False,0.0017879009246826172,success
044A613A9C4C80,3,"['Castelvecchio', 'Arena']",Torre Lamberti,"['Sighseeing', 'Centro Fotografia', 'Museo Conte', 'Casa Giulietta', 'Palazzo della Ragione']",Santa Anastasia,strategy_nearest,False,0.0025300979614257812,success
044A5B3A9C4C80,1,"['Arena', 'Torre Lamberti', 'Palazzo della Ragione']",Casa Giulietta,"['Centro Fotografia', 'Sighseeing', 'Museo Conte', 'Museo Radio', 'San Fermo']",Castelvecchio,strategy_nearest,False,0.0026531219482421875,success
044A633A9C4C80,1,"['Casa Giulietta', 'Tomba Giulietta', 'San Fermo']",Castelvecchio,"['Museo Lapidario', 'Verona Tour', 'Arena', 'Museo Radio', 'San Zeno']",Torre Lamberti,strategy_nearest,False,0.0021898746490478516,success
044A70429C4C80,1,"['Casa Giulietta', 'Arena', 'Castelvecchio']",Torre Lamberti,"['Sighseeing', 'Centro Fotografia', 'Museo Conte', 'Palazzo della Ragione', 'AMO']",Palazzo della Ragione,strategy_nearest,True,0.0019271373748779297,success
044A68429C4C80,3,"['Arena', 'Casa Giulietta', 'Duomo']",Tomba Giulietta,"['San Fermo', 'Museo Storia', 'Museo Lapidario', 'Museo Radio', 'Verona Tour']",Torre Lamberti,strategy_nearest,False,0.0020689964294433594,success
044A7A429C4C80,0,['Arena'],Santa Anastasia,"['AMO', 'Museo Conte', 'Palazzo della Ragione', 'Teatro Romano', 'Centro Fotografia']",Casa Giulietta,strategy_nearest,False,0.004498004913330078,success
044A6D429C4C80,0,['Torre Lamberti'],Arena,"['Verona Tour', 'Museo Lapidario', 'Museo Radio', 'San Fermo', 'Casa Giulietta']",Castelvecchio,strategy_nearest,False,0.003875732421875,success
044A7B3A9C4C80,1,"['Arena', 'Casa Giulietta']",Museo Storia,"['San Fermo', 'Museo Radio', 'Centro Fotografia', 'Tomba Giulietta', 'Torre Lamberti']",Palazzo della Ragione,strategy_nearest,False,0.0030210018157958984,success
044A86429C4C80,3,"['Arena', 'Castelvecchio', 'Santa Anastasia']",Duomo,"['AMO', 'Museo Miniscalchi', 'Teatro Romano', 'Palazzo della Ragione', 'Museo Conte']",Torre Lamberti,strategy_nearest,False,0.003552675247192383,success
044A894A9C4C80,0,"['Casa Giulietta', 'Arena']",Tomba Giulietta,"['San Fermo', 'Museo Storia', 'Museo Lapidario', 'Museo Radio', 'Verona Tour']",Torre Lamberti,strategy_nearest,False,0.002398967742919922,success
044A8F4A9C4C80,0,"['Arena', 'Tomba Giulietta']",Casa Giulietta,"['Centro Fotografia', 'Sighseeing', 'Torre Lamberti', 'Museo Conte', 'Museo Radio']",Teatro Romano,strategy_nearest,False,0.002591848373413086,success
044AAE3A9C4C80,2,"['Castelvecchio', 'Casa Giulietta']",Torre Lamberti,"['Sighseeing', 'Centro Fotografia', 'Museo Conte', 'Palazzo della Ragione', 'AMO']",Duomo,strategy_nearest,False,0.00316619873046875,success
044AAB429C4C80,0,['Torre Lamberti'],Casa Giulietta,"['Centro Fotografia', 'Sighseeing', 'Museo Conte', 'Museo Radio', 'Palazzo della Ragione']",Arena,strategy_nearest,False,0.004399776458740234,success
044AB23A9C4C80,3,['Arena'],Torre Lamberti,"['Sighseeing', 'Centro Fotografia', 'Museo Conte', 'Casa Giulietta', 'Palazzo della Ragione']",Santa Anastasia,strategy_nearest,False,0.0039501190185546875,success
044AB73A9C4C80,2,['Casa Giulietta'],Giardino Giusti,"['Santa Anastasia', 'Teatro Romano', 'Museo Conte', 'Centro Fotografia', 'Museo Storia']",Teatro Romano,strategy_nearest,True,0.0028760433197021484,success
044AB43A9C4C80,1,"['Arena', 'Casa Giulietta']",Torre Lamberti,"['Sighseeing', 'Centro Fotografia', 'Museo Conte', 'Palazzo della Ragione', 'AMO']",Palazzo della Ragione,strategy_nearest,True,0.0051288604736328125,success
044AC33A9C4C80,0,['Arena'],Casa Giulietta,"['Centro Fotografia', 'Sighseeing', 'Torre Lamberti', 'Museo Conte', 'Museo Radio']",Palazzo della Ragione,strategy_nearest,False,0.002908945083618164,success
044AC83A9C4C80,3,['Arena'],Teatro Romano,"['Santa Anastasia', 'Duomo', 'AMO', 'Palazzo della Ragione', 'Museo Conte']",Santa Anastasia,strategy_nearest,True,0.0026929378509521484,success
044AD3429C4C80,2,['Castelvecchio'],San Fermo,"['Museo Storia', 'Museo Radio', 'Casa Giulietta', 'Centro Fotografia', 'Arena']",Tomba Giulietta,strategy_nearest,False,0.003175020217895508,success
044ACC3A9C4C80,1,['Arena'],Casa Giulietta,"['Centro Fotografia', 'Sighseeing', 'Torre Lamberti', 'Museo Conte', 'Museo Radio']",San Fermo,strategy_nearest,False,0.003905773162841797,success
044AEB429C4C80,4,"['San Zeno', 'Castelvecchio', 'Museo Radio', 'Tomba Giulietta']",Teatro Romano,"['Santa Anastasia', 'Duomo', 'AMO', 'Palazzo della Ragione', 'Museo Conte']",Duomo,strategy_nearest,True,0.0017080307006835938,success
044AFB3A9C4C80,2,"['Torre Lamberti', 'Casa Giulietta']",Santa Anastasia,"['AMO', 'Museo Conte', 'Palazzo della Ragione', 'Teatro Romano', 'Centro Fotografia']",Duomo,strategy_nearest,False,0.0029778480529785156,success
044B01429C4C84,3,"['Arena', 'Santa Anastasia']",Castelvecchio,"['Museo Lapidario', 'Verona Tour', 'Museo Radio', 'San Zeno', 'Sighseeing']",San Zeno,strategy_nearest,True,0.003679990768432617,success
044B143A9C4C84,0,['Arena'],Casa Giulietta,"['Centro Fotografia', 'Sighseeing', 'Torre Lamberti', 'Museo Conte', 'Museo Radio']",Torre Lamberti,strategy_nearest,True,0.002948284149169922,success
044B17429C4C84,3,"['Casa Giulietta', 'Arena']",Torre Lamberti,"['Sighseeing', 'Centro Fotografia', 'Museo Conte', 'Palazzo della Ragione', 'AMO']",Santa Anastasia,strategy_nearest,False,0.0022258758544921875,success
044B2C3A9C4C80,0,['Arena'],Castelvecchio,"['Museo Lapidario', 'Verona Tour', 'Museo Radio', 'San Zeno', 'Sighseeing']",San Zeno,strategy_nearest,True,0.002393007278442383,success
044B31429C4C80,0,"['Torre Lamberti', 'Teatro Romano']",Arena,"['Verona Tour', 'Museo Lapidario', 'Museo Radio', 'San Fermo', 'Casa Giulietta']",Tomba Giulietta,strategy_nearest,False,0.0030694007873535156,success
044B32429C4C80,1,['Torre Lamberti'],Palazzo della Ragione,"['AMO', 'Museo Conte', 'Centro Fotografia', 'Sighseeing', 'Santa Anastasia']",Giardino Giusti,strategy_nearest,False,0.003595113754272461,success
044B2B429C4C80,0,['Arena'],Torre Lamberti,"['Sighseeing', 'Centro Fotografia', 'Museo Conte', 'Casa Giulietta', 'Palazzo della Ragione']",Torre Lamberti,strategy_nearest,False,0.002370119094848633,success
044B3B3A9C4C80,0,"['Casa Giulietta', 'Torre Lamberti']",San Zeno,"['Castelvecchio', 'Verona Tour', 'Museo Lapidario', 'Arena', 'Museo Miniscalchi']",Castelvecchio,strategy_nearest,True,0.002107858657836914,success
044B44429C4C80,3,"['Arena', 'Castelvecchio']",Torre Lamberti,"['Sighseeing', 'Centro Fotografia', 'Museo Conte', 'Casa Giulietta', 'Palazzo della Ragione']",Teatro Romano,strategy_nearest,False,0.003300905227661133,success
044B36429C4C80,3,"['Arena', 'Torre Lamberti', 'Castelvecchio']",Santa Anastasia,"['AMO', 'Museo Conte', 'Palazzo della Ragione', 'Teatro Romano', 'Centro Fotografia']",Duomo,strategy_nearest,False,0.0021131038665771484,success
044B3E3A9C4C80,3,"['Arena', 'Torre Lamberti', 'Casa Giulietta']",Tomba Giulietta,"['San Fermo', 'Museo Storia', 'Museo Lapidario', 'Museo Radio', 'Verona Tour']",Castelvecchio,strategy_nearest,False,0.0027382373809814453,success
044B5F3A9C4C80,0,"['Arena', 'Casa Giulietta']",Torre Lamberti,"['Sighseeing', 'Centro Fotografia', 'Museo Conte', 'Palazzo della Ragione', 'AMO']",Castelvecchio,strategy_nearest,False,0.0020852088928222656,success
044B68429C4C80,0,['Arena'],Castelvecchio,"['Museo Lapidario', 'Verona Tour', 'Museo Radio', 'San Zeno', 'Sighseeing']",Casa Giulietta,strategy_nearest,False,0.002705097198486328,success
044B613A9C4C80,1,"['Arena', 'Torre Lamberti', 'Palazzo della Ragione']",Castelvecchio,"['Museo Lapidario', 'Verona Tour', 'Museo Radio', 'San Zeno', 'Sighseeing']",San Fermo,strategy_nearest,False,0.0034530162811279297,success
044B5E429C4C80,0,"['Castelvecchio', 'Arena']",Giardino Giusti,"['Santa Anastasia', 'Teatro Romano', 'Museo Conte', 'Centro Fotografia', 'Museo Storia']",Casa Giulietta,strategy_nearest,False,0.002836942672729492,success
044B74429C4C80,3,"['Arena', 'Duomo']",Teatro Romano,"['Santa Anastasia', 'AMO', 'Palazzo della Ragione', 'Museo Conte', 'Centro Fotografia']",Torre Lamberti,strategy_nearest,False,0.002516031265258789,success
044B6F429C4C80,3,"['Casa Giulietta', 'Santa Anastasia']",Teatro Romano,"['Duomo', 'AMO', 'Palazzo della Ragione', 'Museo Conte', 'Centro Fotografia']",Arena,strategy_nearest,False,0.002490997314453125,success
044B763A9C4C80,1,"['Castelvecchio', 'Arena', 'Casa Giulietta']",Torre Lamberti,"['Sighseeing', 'Centro Fotografia', 'Museo Conte', 'Palazzo della Ragione', 'AMO']",Palazzo della Ragione,strategy_nearest,True,0.0025691986083984375,success
044B753A9C4C80,1,"['Arena', 'Palazzo della Ragione', 'Torre Lamberti']",Santa Anastasia,"['AMO', 'Museo Conte', 'Teatro Romano', 'Centro Fotografia', 'Duomo']",Teatro Romano,strategy_nearest,True,0.003406047821044922,success
044B794A9C4C80,0,['Arena'],Casa Giulietta,"['Centro Fotografia', 'Sighseeing', 'Torre Lamberti', 'Museo Conte', 'Museo Radio']",Torre Lamberti,strategy_nearest,True,0.0020787715911865234,success
044B773A9C4C80,0,['Arena'],Castelvecchio,"['Museo Lapidario', 'Verona Tour', 'Museo Radio', 'San Zeno', 'Sighseeing']",Casa Giulietta,strategy_nearest,False,0.002547025680541992,success
044B843A9C4C80,1,"['Santa Anastasia', 'Torre Lamberti', 'Arena']",Castelvecchio,"['Museo Lapidario', 'Verona Tour', 'Museo Radio', 'San Zeno', 'Sighseeing']",San Fermo,strategy_nearest,False,0.0026400089263916016,success
044B864A9C4C80,3,"['Santa Anastasia', 'Torre Lamberti']",Casa Giulietta,"['Centro Fotografia', 'Sighseeing', 'Museo Conte', 'Museo Radio', 'Palazzo della Ragione']",Duomo,strategy_nearest,False,0.002680063247680664,success
044B8B3A9C4C80,0,['Arena'],Casa Giulietta,"['Centro Fotografia', 'Sighseeing', 'Torre Lamberti', 'Museo Conte', 'Museo Radio']",Torre Lamberti,strategy_nearest,True,0.003328084945678711,success
044B904A9C4C80,0,['Arena'],Castelvecchio,"['Museo Lapidario', 'Verona Tour', 'Museo Radio', 'San Zeno', 'Sighseeing']",Teatro Romano,strategy_nearest,False,0.0018928050994873047,success
044B8F4A9C4C80,2,['Casa Giulietta'],Torre Lamberti,"['Sighseeing', 'Centro Fotografia', 'Museo Conte', 'Palazzo della Ragione', 'AMO']",Castelvecchio,strategy_nearest,False,0.003468036651611328,success
044B914A9C4C80,0,['Arena'],Museo Lapidario,"['Verona Tour', 'Castelvecchio', 'Museo Radio', 'San Fermo', 'Casa Giulietta']",Casa Giulietta,strategy_nearest,True,0.003053903579711914,success
044B974A9C4C80,3,['Arena'],Museo Lapidario,"['Verona Tour', 'Castelvecchio', 'Museo Radio', 'San Fermo', 'Casa Giulietta']",Teatro Romano,strategy_nearest,False,0.0028297901153564453,success
044B9A429C4C80,1,['Arena'],Palazzo della Ragione,"['AMO', 'Museo Conte', 'Torre Lamberti', 'Centro Fotografia', 'Sighseeing']",Torre Lamberti,strategy_nearest,True,0.003261089324951172,success
044B9F429C4C80,1,"['Teatro Romano', 'Santa Anastasia']",Palazzo della Ragione,"['AMO', 'Museo Conte', 'Torre Lamberti', 'Centro Fotografia', 'Sighseeing']",Torre Lamberti,strategy_nearest,True,0.001990795135498047,success
044BA0429C4C80,2,['Museo Lapidario'],Castelvecchio,"['Verona Tour', 'Arena', 'Museo Radio', 'San Zeno', 'Sighseeing']",Casa Giulietta,strategy_nearest,False,0.003387928009033203,success
044BAD3A9C4C80,0,['Arena'],Casa Giulietta,"['Centro Fotografia', 'Sighseeing', 'Torre Lamberti', 'Museo Conte', 'Museo Radio']",Santa Anastasia,strategy_nearest,False,0.002638101577758789,success
044BA34A9C4C80,1,"['Museo Lapidario', 'Arena', 'Tomba Giulietta']",San Fermo,"['Museo Storia', 'Museo Radio', 'Casa Giulietta', 'Centro Fotografia', 'Sighseeing']",Casa Giulietta,strategy_nearest,True,0.003355264663696289,success
044BAF3A9C4C80,3,['Arena'],Torre Lamberti,"['Sighseeing', 'Centro Fotografia', 'Museo Conte', 'Casa Giulietta', 'Palazzo della Ragione']",Santa Anastasia,strategy_nearest,False,0.0030438899993896484,success
044BB03A9C4C80,6,['Casa Giulietta'],Torre Lamberti,"['Sighseeing', 'Centro Fotografia', 'Museo Conte', 'Palazzo della Ragione', 'AMO']",Duomo,strategy_nearest,False,0.0021829605102539062,success
044BB0429C4C80,1,"['Arena', 'Casa Giulietta']",Santa Anastasia,"['AMO', 'Museo Conte', 'Palazzo della Ragione', 'Teatro Romano', 'Centro Fotografia']",Torre Lamberti,strategy_nearest,False,0.0013840198516845703,success
044BB2429C4C80,0,['Arena'],Museo Lapidario,"['Verona Tour', 'Castelvecchio', 'Museo Radio', 'San Fermo', 'Casa Giulietta']",Castelvecchio,strategy_nearest,True,0.0027229785919189453,success
044BB53A9C4C80,0,['Arena'],Casa Giulietta,"['Centro Fotografia', 'Sighseeing', 'Torre Lamberti', 'Museo Conte', 'Museo Radio']",Santa Anastasia,strategy_nearest,False,0.00322723388671875,success
044BC0429C4C80,3,"['Arena', 'Casa Giulietta']",Torre Lamberti,"['Sighseeing', 'Centro Fotografia', 'Museo Conte', 'Palazzo della Ragione', 'AMO']",Santa Anastasia,strategy_nearest,False,0.002658843994140625,success
044BB6429C4C80,0,"['Arena', 'Casa Giulietta']",Torre Lamberti,"['Sighseeing', 'Centro Fotografia', 'Museo Conte', 'Palazzo della Ragione', 'AMO']",Teatro Romano,strategy_nearest,False,0.0019550323486328125,success
044BB63A9C4C80,0,['Giardino Giusti'],Teatro Romano,"['Santa Anastasia', 'Duomo', 'AMO', 'Palazzo della Ragione', 'Museo Conte']",Arena,strategy_nearest,False,0.0020651817321777344,success
044BC83A9C4C80,3,"['Casa Giulietta', 'Torre Lamberti']",Duomo,"['AMO', 'Museo Miniscalchi', 'Santa Anastasia', 'Teatro Romano', 'Palazzo della Ragione']",Teatro Romano,strategy_nearest,True,0.0028259754180908203,success
044BD83A9C4C80,0,['Arena'],Casa Giulietta,"['Centro Fotografia', 'Sighseeing', 'Torre Lamberti', 'Museo Conte', 'Museo Radio']",Castelvecchio,strategy_nearest,False,0.002723217010498047,success
044BCE3A9C4C80,0,"['Castelvecchio', 'Arena']",Casa Giulietta,"['Centro Fotografia', 'Sighseeing', 'Torre Lamberti', 'Museo Conte', 'Museo Radio']",Teatro Romano,strategy_nearest,False,0.002668142318725586,success
044BD5429C4C80,1,"['Arena', 'San Zeno', 'San Fermo']",Castelvecchio,"['Museo Lapidario', 'Verona Tour', 'Museo Radio', 'Sighseeing', 'Museo Miniscalchi']",Casa Giulietta,strategy_nearest,False,0.002012014389038086,success
044BDC3A9C4C80,3,"['Santa Anastasia', 'Castelvecchio', 'Casa Giulietta']",Teatro Romano,"['Duomo', 'AMO', 'Palazzo della Ragione', 'Museo Conte', 'Centro Fotografia']",San Fermo,strategy_nearest,False,0.003370046615600586,success
044BE03A9C4C80,3,"['Casa Giulietta', 'Arena']",Castelvecchio,"['Museo Lapidario', 'Verona Tour', 'Museo Radio', 'San Zeno', 'Sighseeing']",Santa Anastasia,strategy_nearest,False,0.0018477439880371094,success
044BDE429C4C80,2,"['Castelvecchio', 'San Zeno']",Casa Giulietta,"['Centro Fotografia', 'Sighseeing', 'Torre Lamberti', 'Museo Conte', 'Museo Radio']",Santa Anastasia,strategy_nearest,False,0.0032958984375,success
044BDD3A9C4C80,3,"['Arena', 'Casa Giulietta']",San Fermo,"['Museo Storia', 'Museo Radio', 'Centro Fotografia', 'Sighseeing', 'Torre Lamberti']",Torre Lamberti,strategy_nearest,True,0.002002239227294922,success
044BE23A9C4C80,1,"['Santa Anastasia', 'Palazzo della Ragione']",Arena,"['Verona Tour', 'Museo Lapidario', 'Museo Radio', 'San Fermo', 'Casa Giulietta']",Castelvecchio,strategy_nearest,False,0.003287792205810547,success
044BE6429C4C80,1,"['Torre Lamberti', 'Palazzo della Ragione']",Palazzo della Ragione,"['AMO', 'Museo Conte', 'Centro Fotografia', 'Sighseeing', 'Santa Anastasia']",Castelvecchio,strategy_nearest,False,0.0020689964294433594,success
044C003A9C4C84,4,"['Tomba Giulietta', 'Museo Radio', 'Arena', 'Museo Lapidario']",Casa Giulietta,"['Centro Fotografia', 'Sighseeing', 'Torre Lamberti', 'Museo Conte', 'Palazzo della Ragione']",Torre Lamberti,strategy_nearest,True,0.0028810501098632812,success
044C14429C4C84,3,"['Arena', 'Casa Giulietta']",Santa Anastasia,"['AMO', 'Museo Conte', 'Palazzo della Ragione', 'Teatro Romano', 'Centro Fotografia']",Teatro Romano,strategy_nearest,True,0.003313302993774414,success
044C153A9C4C84,3,"['San Fermo', 'Duomo', 'Santa Anastasia']",Torre Lamberti,"['Sighseeing', 'Centro Fotografia', 'Museo Conte', 'Casa Giulietta', 'Palazzo della Ragione']",Casa Giulietta,strategy_nearest,True,0.0023157596588134766,success
044C17429C4C84,3,"['Casa Giulietta', 'Arena']",Torre Lamberti,"['Sighseeing', 'Centro Fotografia', 'Museo Conte', 'Palazzo della Ragione', 'AMO']",Santa Anastasia,strategy_nearest,False,0.0019440650939941406,success
044C2A3A9C4C80,0,['Casa Giulietta'],Arena,"['Verona Tour', 'Museo Lapidario', 'Museo Radio', 'San Fermo', 'Sighseeing']",Torre Lamberti,strategy_nearest,False,0.0022640228271484375,success
044C163A9C4C84,0,"['Casa Giulietta', 'Castelvecchio']",Arena,"['Verona Tour', 'Museo Lapidario', 'Museo Radio', 'San Fermo', 'Sighseeing']",San Fermo,strategy_nearest,True,0.002460956573486328,success
044C213A9C4C80,0,['Casa Giulietta'],Torre Lamberti,"['Sighseeing', 'Centro Fotografia', 'Museo Conte', 'Palazzo della Ragione', 'AMO']",Castelvecchio,strategy_nearest,False,0.003626108169555664,success
044C2D4A9C4C80,0,['Arena'],Torre Lamberti,"['Sighseeing', 'Centro Fotografia', 'Museo Conte', 'Casa Giulietta', 'Palazzo della Ragione']",Duomo,strategy_nearest,False,0.0024001598358154297,success
044C32429C4C80,3,"['Arena', 'Castelvecchio', 'San Fermo']",Casa Giulietta,"['Centro Fotografia', 'Sighseeing', 'Torre Lamberti', 'Museo Conte', 'Museo Radio']",Duomo,strategy_nearest,False,0.002526998519897461,success
044C2F429C4C80,3,"['Duomo', 'Giardino Giusti', 'Teatro Romano']",Torre Lamberti,"['Sighseeing', 'Centro Fotografia', 'Museo Conte', 'Casa Giulietta', 'Palazzo della Ragione']",Santa Anastasia,strategy_nearest,False,0.002716064453125,success
044C33429C4C80,2,['Casa Giulietta'],Torre Lamberti,"['Sighseeing', 'Centro Fotografia', 'Museo Conte', 'Palazzo della Ragione', 'AMO']",Santa Anastasia,strategy_nearest,False,0.003201007843017578,success
044C41429C4C80,0,['Giardino Giusti'],Duomo,"['AMO', 'Museo Miniscalchi', 'Santa Anastasia', 'Teatro Romano', 'Palazzo della Ragione']",Arena,strategy_nearest,False,0.002766132354736328,success
044C4E429C4C80,0,['Arena'],Casa Giulietta,"['Centro Fotografia', 'Sighseeing', 'Torre Lamberti', 'Museo Conte', 'Museo Radio']",Torre Lamberti,strategy_nearest,True,0.003047943115234375,success
044C35429C4C80,0,"['Arena', 'Casa Giulietta']",Teatro Romano,"['Santa Anastasia', 'Duomo', 'AMO', 'Palazzo della Ragione', 'Museo Conte']",Museo Lapidario,strategy_nearest,False,0.0032880306243896484,success
044C463A9C4C80,3,"['Arena', 'Casa Giulietta']",Santa Anastasia,"['AMO', 'Museo Conte', 'Palazzo della Ragione', 'Teatro Romano', 'Centro Fotografia']",San Zeno,strategy_nearest,False,0.003305196762084961,success
044C74429C4C80,0,['Arena'],Torre Lamberti,"['Sighseeing', 'Centro Fotografia', 'Museo Conte', 'Casa Giulietta', 'Palazzo della Ragione']",San Fermo,strategy_nearest,False,0.001608133316040039,success
044C64429C4C80,0,['Arena'],Casa Giulietta,"['Centro Fotografia', 'Sighseeing', 'Torre Lamberti', 'Museo Conte', 'Museo Radio']",Santa Anastasia,strategy_nearest,False,0.002276182174682617,success
044C50429C4C80,3,"['Teatro Romano', 'Santa Anastasia']",Casa Giulietta,"['Centro Fotografia', 'Sighseeing', 'Torre Lamberti', 'Museo Conte', 'Museo Radio']",Arena,strategy_nearest,False,0.0029659271240234375,success
044C773A9C4C80,0,"['Castelvecchio', 'Casa Giulietta']",Teatro Romano,"['Santa Anastasia', 'Duomo', 'AMO', 'Palazzo della Ragione', 'Museo Conte']",Arena,strategy_nearest,False,0.0033011436462402344,success
044C7B4A9C4C80,3,"['San Fermo', 'Arena', 'Castelvecchio']",San Zeno,"['Verona Tour', 'Museo Lapidario', 'Museo Miniscalchi', 'Sighseeing', 'Museo Radio']",Torre Lamberti,strategy_nearest,False,0.0014011859893798828,success
044C793A9C4C80,0,['Arena'],Tomba Giulietta,"['San Fermo', 'Museo Storia', 'Museo Lapidario', 'Museo Radio', 'Verona Tour']",Casa Giulietta,strategy_nearest,False,0.003963947296142578,success
044C823A9C4C80,0,['Arena'],Castelvecchio,"['Museo Lapidario', 'Verona Tour', 'Museo Radio', 'San Zeno', 'Sighseeing']",Casa Giulietta,strategy_nearest,False,0.0020990371704101562,success
044C843A9C4C80,1,"['Arena', 'Casa Giulietta', 'Torre Lamberti']",Palazzo della Ragione,"['AMO', 'Museo Conte', 'Centro Fotografia', 'Sighseeing', 'Santa Anastasia']",Santa Anastasia,strategy_nearest,True,0.0033299922943115234,success
044C9E429C4C80,3,"['Museo Lapidario', 'Arena']",Castelvecchio,"['Verona Tour', 'Museo Radio', 'San Zeno', 'Sighseeing', 'Museo Miniscalchi']",Teatro Romano,strategy_nearest,False,0.0024242401123046875,success
044C873A9C4C80,0,['Arena'],Castelvecchio,"['Museo Lapidario', 'Verona Tour', 'Museo Radio', 'San Zeno', 'Sighseeing']",Duomo,strategy_nearest,False,0.0019199848175048828,success
044CA0429C4C80,0,"['San Zeno', 'Castelvecchio']",Arena,"['Verona Tour', 'Museo Lapidario', 'Museo Radio', 'San Fermo', 'Casa Giulietta']",Casa Giulietta,strategy_nearest,True,0.0026040077209472656,success
044CAA3A9C4C80,0,['Casa Giulietta'],Torre Lamberti,"['Sighseeing', 'Centro Fotografia', 'Museo Conte', 'Palazzo della Ragione', 'AMO']",Arena,strategy_nearest,False,0.0016970634460449219,success
044CA34A9C4C80,3,"['Arena', 'Torre Lamberti']",Castelvecchio,"['Museo Lapidario', 'Verona Tour', 'Museo Radio', 'San Zeno', 'Sighseeing']",Santa Anastasia,strategy_nearest,False,0.003813028335571289,success
044CAB3A9C4C80,0,['Duomo'],Torre Lamberti,"['Sighseeing', 'Centro Fotografia', 'Museo Conte', 'Casa Giulietta', 'Palazzo della Ragione']",Arena,strategy_nearest,False,0.003409862518310547,success
044CC13A9C4C80,1,"['Arena', 'Casa Giulietta']",Duomo,"['AMO', 'Museo Miniscalchi', 'Santa Anastasia', 'Teatro Romano', 'Palazzo della Ragione']",Torre Lamberti,strategy_nearest,False,0.003031015396118164,success
044CBB429C4C80,3,"['Castelvecchio', 'Arena']",Torre Lamberti,"['Sighseeing', 'Centro Fotografia', 'Museo Conte', 'Casa Giulietta', 'Palazzo della Ragione']",Casa Giulietta,strategy_nearest,True,0.002756834030151367,success
044CAC3A9C4C80,0,"['Torre Lamberti', 'Casa Giulietta']",Teatro Romano,"['Santa Anastasia', 'Duomo', 'AMO', 'Palazzo della Ragione', 'Museo Conte']",Arena,strategy_nearest,False,0.002788066864013672,success
044CC33A9C4C80,0,"['Torre Lamberti', 'Casa Giulietta', 'Castelvecchio']",Teatro Romano,"['Santa Anastasia', 'Duomo', 'AMO', 'Palazzo della Ragione', 'Museo Conte']",Arena,strategy_nearest,False,0.002933025360107422,success
044CC1429C4C80,2,['Palazzo della Ragione'],Torre Lamberti,"['Sighseeing', 'Centro Fotografia', 'Museo Conte', 'Casa Giulietta', 'AMO']",Castelvecchio,strategy_nearest,False,0.001750946044921875,success
044CC83A9C4C80,3,"['Casa Giulietta', 'Torre Lamberti']",Duomo,"['AMO', 'Museo Miniscalchi', 'Santa Anastasia', 'Teatro Romano', 'Palazzo della Ragione']",Teatro Romano,strategy_nearest,True,0.002129077911376953,success
044CCE3A9C4C80,1,"['Castelvecchio', 'Arena', 'Tomba Giulietta', 'Museo Lapidario']",Casa Giulietta,"['Centro Fotografia', 'Sighseeing', 'Torre Lamberti', 'Museo Conte', 'Museo Radio']",Santa Anastasia,strategy_nearest,False,0.003270864486694336,success
044CD53A9C4C80,2,['Torre Lamberti'],Palazzo della Ragione,"['AMO', 'Museo Conte', 'Centro Fotografia', 'Sighseeing', 'Santa Anastasia']",Torre Lamberti,strategy_nearest,False,0.002719879150390625,success
044CDE3A9C4C80,3,"['Casa Giulietta', 'Torre Lamberti', 'Museo Lapidario', 'Castelvecchio']",San Zeno,"['Verona Tour', 'Arena', 'Museo Miniscalchi', 'Sighseeing', 'Museo Radio']",San Fermo,strategy_nearest,False,0.0014600753784179688,success
044CDA3A9C4C80,3,"['Arena', 'Museo Lapidario', 'Casa Giulietta']",Torre Lamberti,"['Sighseeing', 'Centro Fotografia', 'Museo Conte', 'Palazzo della Ragione', 'AMO']",Teatro Romano,strategy_nearest,False,0.0033469200134277344,success
044CEB429C4C80,3,"['Arena', 'Torre Lamberti', 'Casa Giulietta']",San Fermo,"['Museo Storia', 'Museo Radio', 'Centro Fotografia', 'Sighseeing', 'Museo Conte']",Santa Anastasia,strategy_nearest,False,0.003683805465698242,success
044CFF3A9C4C80,0,['Arena'],Museo Lapidario,"['Verona Tour', 'Castelvecchio', 'Museo Radio', 'San Fermo', 'Casa Giulietta']",Castelvecchio,strategy_nearest,True,0.0033419132232666016,success
044D204A9C4C80,0,"['Arena', 'Torre Lamberti']",Casa Giulietta,"['Centro Fotografia', 'Sighseeing', 'Museo Conte', 'Museo Radio', 'Palazzo della Ragione']",Giardino Giusti,strategy_nearest,False,0.0030181407928466797,success
044D063A9C4C84,1,"['Torre Lamberti', 'Palazzo della Ragione']",Teatro Romano,"['Santa Anastasia', 'Duomo', 'AMO', 'Museo Conte', 'Centro Fotografia']",Castelvecchio,strategy_nearest,False,0.0033216476440429688,success
044D16429C4C84,5,"['Casa Giulietta', 'Santa Anastasia', 'Torre Lamberti']",Palazzo della Ragione,"['AMO', 'Museo Conte', 'Centro Fotografia', 'Sighseeing', 'Museo Miniscalchi']",Arena,strategy_nearest,False,0.0023779869079589844,success
044D214A9C4C80,0,"['Casa Giulietta', 'Arena']",Tomba Giulietta,"['San Fermo', 'Museo Storia', 'Museo Lapidario', 'Museo Radio', 'Verona Tour']",Castelvecchio,strategy_nearest,False,0.003625154495239258,success
044D234A9C4C80,1,"['Arena', 'San Zeno', 'Castelvecchio', 'Santa Anastasia', 'Duomo']",Torre Lamberti,"['Sighseeing', 'Centro Fotografia', 'Museo Conte', 'Casa Giulietta', 'Palazzo della Ragione']",Tomba Giulietta,strategy_nearest,False,0.004044055938720703,success
044D33429C4C80,1,"['Arena', 'Casa Giulietta', 'Palazzo della Ragione']",Torre Lamberti,"['Sighseeing', 'Centro Fotografia', 'Museo Conte', 'AMO', 'Museo Miniscalchi']",Castelvecchio,strategy_nearest,False,0.002527952194213867,success
044D293A9C4C80,0,['Castelvecchio'],Arena,"['Verona Tour', 'Museo Lapidario', 'Museo Radio', 'San Fermo', 'Casa Giulietta']",Duomo,strategy_nearest,False,0.0047838687896728516,success
044D37429C4C80,3,"['Casa Giulietta', 'Duomo']",Teatro Romano,"['Santa Anastasia', 'AMO', 'Palazzo della Ragione', 'Museo Conte', 'Centro Fotografia']",Arena,strategy_nearest,False,0.006136655807495117,success
044D3A429C4C80,3,"['Tomba Giulietta', 'San Fermo', 'Casa Giulietta', 'Santa Anastasia']",Duomo,"['AMO', 'Museo Miniscalchi', 'Teatro Romano', 'Palazzo della Ragione', 'Museo Conte']",Teatro Romano,strategy_nearest,True,0.0022802352905273438,success
044D46429C4C80,1,"['Arena', 'Casa Giulietta', 'Torre Lamberti']",Torre Lamberti,"['Sighseeing', 'Centro Fotografia', 'Museo Conte', 'Palazzo della Ragione', 'AMO']",Palazzo della Ragione,strategy_nearest,True,0.004528999328613281,success
044D45429C4C80,3,"['Castelvecchio', 'Arena']",Santa Anastasia,"['AMO', 'Museo Conte', 'Palazzo della Ragione', 'Teatro Romano', 'Centro Fotografia']",Torre Lamberti,strategy_nearest,False,0.0035309791564941406,success
044D4B3A9C4C80,0,['Arena'],Casa Giulietta,"['Centro Fotografia', 'Sighseeing', 'Torre Lamberti', 'Museo Conte', 'Museo Radio']",Teatro Romano,strategy_nearest,False,0.0029878616333007812,success
044D52429C4C80,1,"['Arena', 'Castelvecchio', 'Santa Anastasia', 'Duomo']",Teatro Romano,"['AMO', 'Palazzo della Ragione', 'Museo Conte', 'Centro Fotografia', 'Museo Miniscalchi']",Torre Lamberti,strategy_nearest,False,0.003801107406616211,success
044D763A9C4C80,0,['Arena'],Teatro Romano,"['Santa Anastasia', 'Duomo', 'AMO', 'Palazzo della Ragione', 'Museo Conte']",Giardino Giusti,strategy_nearest,False,0.002975940704345703,success
044D5F429C4C80,2,['Teatro Romano'],Casa Giulietta,"['Centro Fotografia', 'Sighseeing', 'Torre Lamberti', 'Museo Conte', 'Museo Radio']",Torre Lamberti,strategy_nearest,True,0.0037779808044433594,success
044D57429C4C80,1,"['Museo Lapidario', 'Arena', 'Castelvecchio']",Duomo,"['AMO', 'Museo Miniscalchi', 'Santa Anastasia', 'Teatro Romano', 'Palazzo della Ragione']",Torre Lamberti,strategy_nearest,False,0.0029349327087402344,success
044D7A3A9C4C80,2,"['Tomba Giulietta', 'San Fermo', 'Casa Giulietta']",Palazzo della Ragione,"['AMO', 'Museo Conte', 'Torre Lamberti', 'Centro Fotografia', 'Sighseeing']",Torre Lamberti,strategy_nearest,True,0.002732992172241211,success
044D89429C4C80,3,"['Arena', 'Duomo', 'Santa Anastasia']",Torre Lamberti,"['Sighseeing', 'Centro Fotografia', 'Museo Conte', 'Casa Giulietta', 'Palazzo della Ragione']",Casa Giulietta,strategy_nearest,True,0.002421855926513672,success
044D87429C4C80,3,"['Casa Giulietta', 'Torre Lamberti']",San Fermo,"['Museo Storia', 'Museo Radio', 'Centro Fotografia', 'Arena', 'Sighseeing']",Santa Anastasia,strategy_nearest,False,0.0037331581115722656,success
044D804A9C4C80,1,"['Torre Lamberti', 'Palazzo della Ragione']",Santa Anastasia,"['AMO', 'Museo Conte', 'Teatro Romano', 'Centro Fotografia', 'Duomo']",Casa Giulietta,strategy_nearest,False,0.0018999576568603516,success
044D8F3A9C4C80,3,['Torre Lamberti'],Santa Anastasia,"['AMO', 'Museo Conte', 'Palazzo della Ragione', 'Teatro Romano', 'Centro Fotografia']",Duomo,strategy_nearest,False,0.0029230117797851562,success
044D90429C4C80,2,['San Zeno'],Duomo,"['AMO', 'Museo Miniscalchi', 'Santa Anastasia', 'Teatro Romano', 'Palazzo della Ragione']",San Fermo,strategy_nearest,False,0.001361846923828125,success
044D924A9C4C80,1,"['Arena', 'Casa Giulietta']",Torre Lamberti,"['Sighseeing', 'Centro Fotografia', 'Museo Conte', 'Palazzo della Ragione', 'AMO']",Palazzo della Ragione,strategy_nearest,True,0.0028378963470458984,success
044D954A9C4C80,1,['Arena'],Casa Giulietta,"['Centro Fotografia', 'Sighseeing', 'Torre Lamberti', 'Museo Conte', 'Museo Radio']",Torre Lamberti,strategy_nearest,True,0.002044200897216797,success
044D964A9C4C80,1,"['Arena', 'Casa Giulietta']",Santa Anastasia,"['AMO', 'Museo Conte', 'Palazzo della Ragione', 'Teatro Romano', 'Centro Fotografia']",Palazzo della Ragione,strategy_nearest,True,0.003246784210205078,success
044DA9429C4C80,3,"['Castelvecchio', 'San Zeno', 'Arena']",San Fermo,"['Museo Storia', 'Museo Radio', 'Casa Giulietta', 'Centro Fotografia', 'Sighseeing']",Torre Lamberti,strategy_nearest,False,0.0020449161529541016,success
044DAC3A9C4C80,0,['Arena'],Torre Lamberti,"['Sighseeing', 'Centro Fotografia', 'Museo Conte', 'Casa Giulietta', 'Palazzo della Ragione']",Duomo,strategy_nearest,False,0.002859830856323242,success
044DA0429C4C80,3,['Arena'],Castelvecchio,"['Museo Lapidario', 'Verona Tour', 'Museo Radio', 'San Zeno', 'Sighseeing']",Torre Lamberti,strategy_nearest,False,0.002794027328491211,success
044DAC429C4C80,1,"['Arena', 'Casa Giulietta']",Palazzo della Ragione,"['AMO', 'Museo Conte', 'Torre Lamberti', 'Centro Fotografia', 'Sighseeing']",Torre Lamberti,strategy_nearest,True,0.0031900405883789062,success
044DB93A9C4C80,1,['Arena'],Casa Giulietta,"['Centro Fotografia', 'Sighseeing', 'Torre Lamberti', 'Museo Conte', 'Museo Radio']",Torre Lamberti,strategy_nearest,True,0.002415895462036133,success
044DBC429C4C80,0,['Arena'],Casa Giulietta,"['Centro Fotografia', 'Sighseeing', 'Torre Lamberti', 'Museo Conte', 'Museo Radio']",Torre Lamberti,strategy_nearest,True,0.0026390552520751953,success
044DBB3A9C4C80,0,['Arena'],Casa Giulietta,"['Centro Fotografia', 'Sighseeing', 'Torre Lamberti', 'Museo Conte', 'Museo Radio']",Torre Lamberti,strategy_nearest,True,0.0029158592224121094,success
044DBC3A9C4C80,0,['Torre Lamberti'],Arena,"['Verona Tour', 'Museo Lapidario', 'Museo Radio', 'San Fermo', 'Casa Giulietta']",San Fermo,strategy_nearest,True,0.0035049915313720703,success
044DBF429C4C80,3,"['Arena', 'Casa Giulietta']",Duomo,"['AMO', 'Museo Miniscalchi', 'Santa Anastasia', 'Teatro Romano', 'Palazzo della Ragione']",Teatro Romano,strategy_nearest,True,0.0029871463775634766,success
044DCA3A9C4C80,1,['Arena'],Casa Giulietta,"['Centro Fotografia', 'Sighseeing', 'Torre Lamberti', 'Museo Conte', 'Museo Radio']",Palazzo della Ragione,strategy_nearest,False,0.0017879009246826172,success
044DDC3A9C4C80,0,['Arena'],Castelvecchio,"['Museo Lapidario', 'Verona Tour', 'Museo Radio', 'San Zeno', 'Sighseeing']",Casa Giulietta,strategy_nearest,False,0.0026140213012695312,success
044DE53A9C4C80,3,"['Arena', 'Casa Giulietta', 'Santa Anastasia', 'Teatro Romano']",Duomo,"['AMO', 'Museo Miniscalchi', 'Palazzo della Ragione', 'Museo Conte', 'Torre Lamberti']",Museo Storia,strategy_nearest,False,0.0032088756561279297,success
044DFF429C4C80,3,"['Santa Anastasia', 'Teatro Romano']",Giardino Giusti,"['Museo Conte', 'Centro Fotografia', 'Museo Storia', 'AMO', 'Casa Giulietta']",Torre Lamberti,strategy_nearest,False,0.00279998779296875,success
044E1A3A9C4C84,3,"['Arena', 'Castelvecchio', 'Casa Giulietta']",Teatro Romano,"['Santa Anastasia', 'Duomo', 'AMO', 'Palazzo della Ragione', 'Museo Conte']",Duomo,strategy_nearest,True,0.001997232437133789,success
044DE63A9C4C80,0,['Arena'],Teatro Romano,"['Santa Anastasia', 'Duomo', 'AMO', 'Palazzo della Ragione', 'Museo Conte']",Giardino Giusti,strategy_nearest,False,0.0033431053161621094,success
044DF53A9C4C80,2,['Torre Lamberti'],Casa Giulietta,"['Centro Fotografia', 'Sighseeing', 'Museo Conte', 'Museo Radio', 'Palazzo della Ragione']",Castelvecchio,strategy_nearest,False,0.0035080909729003906,success
044E22429C4C80,0,"['Arena', 'Castelvecchio', 'Casa Giulietta']",Torre Lamberti,"['Sighseeing', 'Centro Fotografia', 'Museo Conte', 'Palazzo della Ragione', 'AMO']",Teatro Romano,strategy_nearest,False,0.002708911895751953,success
044E34429C4C80,0,"['Arena', 'Torre Lamberti']",Teatro Romano,"['Santa Anastasia', 'Duomo', 'AMO', 'Palazzo della Ragione', 'Museo Conte']",San Zeno,strategy_nearest,False,0.0034313201904296875,success
044E2A4A9C4C80,3,"['Arena', 'Torre Lamberti']",Tomba Giulietta,"['San Fermo', 'Museo Storia', 'Museo Lapidario', 'Museo Radio', 'Verona Tour']",Santa Anastasia,strategy_nearest,False,0.004155874252319336,success
044E1D3A9C4C80,3,"['Arena', 'Casa Giulietta']",Torre Lamberti,"['Sighseeing', 'Centro Fotografia', 'Museo Conte', 'Palazzo della Ragione', 'AMO']",Santa Anastasia,strategy_nearest,False,0.001889944076538086,success
044E3D3A9C4C80,0,['San Fermo'],Museo Storia,"['Museo Radio', 'Casa Giulietta', 'Centro Fotografia', 'Tomba Giulietta', 'Arena']",Casa Giulietta,strategy_nearest,True,0.003480195999145508,success
044E493A9C4C80,0,['Casa Giulietta'],Castelvecchio,"['Museo Lapidario', 'Verona Tour', 'Arena', 'Museo Radio', 'San Zeno']",San Zeno,strategy_nearest,True,0.002212047576904297,success
044E4D3A9C4C80,0,['Arena'],Museo Lapidario,"['Verona Tour', 'Castelvecchio', 'Museo Radio', 'San Fermo', 'Casa Giulietta']",Casa Giulietta,strategy_nearest,True,0.0027070045471191406,success
044E413A9C4C80,2,"['San Fermo', 'Torre Lamberti']",Duomo,"['AMO', 'Museo Miniscalchi', 'Santa Anastasia', 'Teatro Romano', 'Palazzo della Ragione']",Santa Anastasia,strategy_nearest,True,0.0016570091247558594,success
044E51429C4C80,0,['Arena'],Casa Giulietta,"['Centro Fotografia', 'Sighseeing', 'Torre Lamberti', 'Museo Conte', 'Museo Radio']",Teatro Romano,strategy_nearest,False,0.0019190311431884766,success
044E52429C4C80,1,"['Arena', 'Casa Giulietta', 'Palazzo della Ragione']",Torre Lamberti,"['Sighseeing', 'Centro Fotografia', 'Museo Conte', 'AMO', 'Museo Miniscalchi']",Tomba Giulietta,strategy_nearest,False,0.0012860298156738281,success
044E64429C4C80,2,"['Museo Lapidario', 'Santa Anastasia']",Teatro Romano,"['Duomo', 'AMO', 'Palazzo della Ragione', 'Museo Conte', 'Centro Fotografia']",San Fermo,strategy_nearest,False,0.0035550594329833984,success
044E70429C4C80,0,['Arena'],Casa Giulietta,"['Centro Fotografia', 'Sighseeing', 'Torre Lamberti', 'Museo Conte', 'Museo Radio']",Santa Anastasia,strategy_nearest,False,0.0027980804443359375,success
044E7B3A9C4C80,3,['Arena'],Torre Lamberti,"['Sighseeing', 'Centro Fotografia', 'Museo Conte', 'Casa Giulietta', 'Palazzo della Ragione']",Teatro Romano,strategy_nearest,False,0.0024209022521972656,success
044E7B4A9C4C80,0,"['Arena', 'Casa Giulietta']",Teatro Romano,"['Santa Anastasia', 'Duomo', 'AMO', 'Palazzo della Ragione', 'Museo Conte']",Castelvecchio,strategy_nearest,False,0.0032491683959960938,success
044E84429C4C80,1,"['Arena', 'Casa Giulietta']",Torre Lamberti,"['Sighseeing', 'Centro Fotografia', 'Museo Conte', 'Palazzo della Ragione', 'AMO']",Palazzo della Ragione,strategy_nearest,True,0.002840280532836914,success
044E844A9C4C80,3,"['Arena', 'Casa Giulietta']",Torre Lamberti,"['Sighseeing', 'Centro Fotografia', 'Museo Conte', 'Palazzo della Ragione', 'AMO']",Santa Anastasia,strategy_nearest,False,0.0031998157501220703,success
044E7D3A9C4C80,0,['Casa Giulietta'],Arena,"['Verona Tour', 'Museo Lapidario', 'Museo Radio', 'San Fermo', 'Sighseeing']",Castelvecchio,strategy_nearest,False,0.0027768611907958984,success
044E8A3A9C4C80,1,['Castelvecchio'],Arena,"['Verona Tour', 'Museo Lapidario', 'Museo Radio', 'San Fermo', 'Casa Giulietta']",Casa Giulietta,strategy_nearest,True,0.0025529861450195312,success
044E863A9C4C80,1,"['Arena', 'Casa Giulietta']",Palazzo della Ragione,"['AMO', 'Museo Conte', 'Torre Lamberti', 'Centro Fotografia', 'Sighseeing']",Santa Anastasia,strategy_nearest,False,0.004046916961669922,success
044E8D3A9C4C80,3,"['Arena', 'Torre Lamberti']",Casa Giulietta,"['Centro Fotografia', 'Sighseeing', 'Museo Conte', 'Museo Radio', 'Palazzo della Ragione']",Duomo,strategy_nearest,False,0.0031061172485351562,success
044E873A9C4C80,0,['Arena'],Casa Giulietta,"['Centro Fotografia', 'Sighseeing', 'Torre Lamberti', 'Museo Conte', 'Museo Radio']",Torre Lamberti,strategy_nearest,True,0.0013360977172851562,success
044E90429C4C80,2,"['San Zeno', 'Santa Anastasia']",Duomo,"['AMO', 'Museo Miniscalchi', 'Teatro Romano', 'Palazzo della Ragione', 'Museo Conte']",San Fermo,strategy_nearest,False,0.001422882080078125,success
044E9C4A9C4C80,0,['Arena'],Casa Giulietta,"['Centro Fotografia', 'Sighseeing', 'Torre Lamberti', 'Museo Conte', 'Museo Radio']",Castelvecchio,strategy_nearest,False,0.0020020008087158203,success
044E8F3A9C4C80,1,"['Arena', 'Casa Giulietta', 'Torre Lamberti']",Palazzo della Ragione,"['AMO', 'Museo Conte', 'Centro Fotografia', 'Sighseeing', 'Santa Anastasia']",Santa Anastasia,strategy_nearest,True,0.002862215042114258,success
044E9E429C4C80,1,['Torre Lamberti'],Palazzo della Ragione,"['AMO', 'Museo Conte', 'Centro Fotografia', 'Sighseeing', 'Santa Anastasia']",Arena,strategy_nearest,False,0.0035190582275390625,success
044EA04A9C4C80,1,"['Arena', 'Casa Giulietta']",Palazzo della Ragione,"['AMO', 'Museo Conte', 'Torre Lamberti', 'Centro Fotografia', 'Sighseeing']",Torre Lamberti,strategy_nearest,True,0.0024559497833251953,success
044EA9429C4C80,0,['Torre Lamberti'],Casa Giulietta,"['Centro Fotografia', 'Sighseeing', 'Museo Conte', 'Museo Radio', 'Palazzo della Ragione']",Arena,strategy_nearest,False,0.002530813217163086,success
044EA24A9C4C80,0,"['Arena', 'Casa Giulietta']",Torre Lamberti,"['Sighseeing', 'Centro Fotografia', 'Museo Conte', 'Palazzo della Ragione', 'AMO']",Duomo,strategy_nearest,False,0.003237009048461914,success
044EAE3A9C4C80,3,"['Arena', 'Museo Lapidario']",Castelvecchio,"['Verona Tour', 'Museo Radio', 'San Zeno', 'Sighseeing', 'Museo Miniscalchi']",Duomo,strategy_nearest,False,0.0033369064331054688,success
044EB53A9C4C80,3,['Arena'],Casa Giulietta,"['Centro Fotografia', 'Sighseeing', 'Torre Lamberti', 'Museo Conte', 'Museo Radio']",San Fermo,strategy_nearest,False,0.003181934356689453,success
044EB5429C4C80,0,['Arena'],Casa Giulietta,"['Centro Fotografia', 'Sighseeing', 'Torre Lamberti', 'Museo Conte', 'Museo Radio']",Duomo,strategy_nearest,False,0.002557992935180664,success
044EB7429C4C80,0,"['Castelvecchio', 'Casa Giulietta']",Torre Lamberti,"['Sighseeing', 'Centro Fotografia', 'Museo Conte', 'Palazzo della Ragione', 'AMO']",Arena,strategy_nearest,False,0.0032050609588623047,success
044EBC3A9C4C80,2,"['Tomba Giulietta', 'San Fermo']",Casa Giulietta,"['Centro Fotografia', 'Sighseeing', 'Torre Lamberti', 'Museo Conte', 'Museo Radio']",Santa Anastasia,strategy_nearest,False,0.0026366710662841797,success
044EBC429C4C80,3,"['Arena', 'Torre Lamberti']",Casa Giulietta,"['Centro Fotografia', 'Sighseeing', 'Museo Conte', 'Museo Radio', 'Palazzo della Ragione']",Santa Anastasia,strategy_nearest,False,0.002421855926513672,success
044EBE3A9C4C80,3,"['Casa Giulietta', 'Arena']",Santa Anastasia,"['AMO', 'Museo Conte', 'Palazzo della Ragione', 'Teatro Romano', 'Centro Fotografia']",Teatro Romano,strategy_nearest,True,0.0031571388244628906,success
044ED1429C4C80,2,['Castelvecchio'],Casa Giulietta,"['Centro Fotografia', 'Sighseeing', 'Torre Lamberti', 'Museo Conte', 'Museo Radio']",Torre Lamberti,strategy_nearest,True,0.001728057861328125,success
044EC33A9C4C80,0,['Arena'],Castelvecchio,"['Museo Lapidario', 'Verona Tour', 'Museo Radio', 'San Zeno', 'Sighseeing']",Casa Giulietta,strategy_nearest,False,0.004311084747314453,success
044EDE3A9C4C80,2,['Castelvecchio'],Teatro Romano,"['Santa Anastasia', 'Duomo', 'AMO', 'Palazzo della Ragione', 'Museo Conte']",Torre Lamberti,strategy_nearest,False,0.002978086471557617,success
044EE4429C4C80,3,"['Teatro Romano', 'Casa Giulietta']",Santa Anastasia,"['AMO', 'Museo Conte', 'Palazzo della Ragione', 'Centro Fotografia', 'Duomo']",Castelvecchio,strategy_nearest,False,0.003843069076538086,success
044EE73A9C4C80,2,['San Fermo'],Tomba Giulietta,"['Museo Storia', 'Arena', 'Museo Lapidario', 'Museo Radio', 'Verona Tour']",Torre Lamberti,strategy_nearest,False,0.0023772716522216797,success
044F05429C4C84,1,"['Torre Lamberti', 'Palazzo della Ragione', 'Casa Giulietta', 'Castelvecchio']",San Zeno,"['Verona Tour', 'Museo Lapidario', 'Arena', 'Museo Miniscalchi', 'Sighseeing']",Arena,strategy_nearest,True,0.0029897689819335938,success
044F113A9C4C84,0,['Arena'],Casa Giulietta,"['Centro Fotografia', 'Sighseeing', 'Torre Lamberti', 'Museo Conte', 'Museo Radio']",Santa Anastasia,strategy_nearest,False,0.0019252300262451172,success
044F083A9C4C84,3,"['Arena', 'Casa Giulietta']",Torre Lamberti,"['Sighseeing', 'Centro Fotografia', 'Museo Conte', 'Palazzo della Ragione', 'AMO']",Santa Anastasia,strategy_nearest,False,0.003841876983642578,success
044F283A9C4C80,2,['Casa Giulietta'],Torre Lamberti,"['Sighseeing', 'Centro Fotografia', 'Museo Conte', 'Palazzo della Ragione', 'AMO']",Castelvecchio,strategy_nearest,False,0.0032699108123779297,success
044F274A9C4C80,2,['Castelvecchio'],San Zeno,"['Verona Tour', 'Museo Lapidario', 'Arena', 'Museo Miniscalchi', 'Sighseeing']",Teatro Romano,strategy_nearest,False,0.002778768539428711,success
044F133A9C4C84,1,"['Arena', 'Palazzo della Ragione', 'Torre Lamberti']",Casa Giulietta,"['Centro Fotografia', 'Sighseeing', 'Museo Conte', 'Museo Radio', 'San Fermo']",Santa Anastasia,strategy_nearest,False,0.003593921661376953,success
044F2E4A9C4C80,3,"['Arena', 'Casa Giulietta', 'Teatro Romano', 'Castelvecchio']",Torre Lamberti,"['Sighseeing', 'Centro Fotografia', 'Museo Conte', 'Palazzo della Ragione', 'AMO']",Santa Anastasia,strategy_nearest,False,0.0031800270080566406,success
044F33429C4C80,0,['Arena'],Casa Giulietta,"['Centro Fotografia', 'Sighseeing', 'Torre Lamberti', 'Museo Conte', 'Museo Radio']",Santa Anastasia,strategy_nearest,False,0.002777099609375,success
044F47429C4C80,3,['Arena'],Casa Giulietta,"['Centro Fotografia', 'Sighseeing', 'Torre Lamberti', 'Museo Conte', 'Museo Radio']",Santa Anastasia,strategy_nearest,False,0.003429889678955078,success
044F403A9C4C80,3,['Arena'],Santa Anastasia,"['AMO', 'Museo Conte', 'Palazzo della Ragione', 'Teatro Romano', 'Centro Fotografia']",Torre Lamberti,strategy_nearest,False,0.0019838809967041016,success
044F44429C4C80,3,"['Arena', 'Castelvecchio']",Teatro Romano,"['Santa Anastasia', 'Duomo', 'AMO', 'Palazzo della Ragione', 'Museo Conte']",Duomo,strategy_nearest,True,0.002805948257446289,success
044F4B3A9C4C80,3,"['Arena', 'Casa Giulietta', 'Teatro Romano', 'Castelvecchio']",Torre Lamberti,"['Sighseeing', 'Centro Fotografia', 'Museo Conte', 'Palazzo della Ragione', 'AMO']",Santa Anastasia,strategy_nearest,False,0.003350973129272461,success
044F4E429C4C80,0,['Arena'],Casa Giulietta,"['Centro Fotografia', 'Sighseeing', 'Torre Lamberti', 'Museo Conte', 'Museo Radio']",Torre Lamberti,strategy_nearest,True,0.0013828277587890625,success
044F513A9C4C80,2,"['Museo Lapidario', 'Castelvecchio', 'Torre Lamberti', 'Palazzo della Ragione']",Casa Giulietta,"['Centro Fotografia', 'Sighseeing', 'Museo Conte', 'Museo Radio', 'San Fermo']",Teatro Romano,strategy_nearest,False,0.0025482177734375,success
044F53429C4C80,0,['Castelvecchio'],Arena,"['Verona Tour', 'Museo Lapidario', 'Museo Radio', 'San Fermo', 'Casa Giulietta']",Casa Giulietta,strategy_nearest,True,0.003331899642944336,success
044F56429C4C80,2,"['Torre Lamberti', 'Duomo']",Teatro Romano,"['Santa Anastasia', 'AMO', 'Palazzo della Ragione', 'Museo Conte', 'Centro Fotografia']",San Zeno,strategy_nearest,False,0.0019118785858154297,success
044F5C3A9C4C80,2,"['Teatro Romano', 'Castelvecchio']",Santa Anastasia,"['AMO', 'Museo Conte', 'Palazzo della Ragione', 'Centro Fotografia', 'Duomo']",Torre Lamberti,strategy_nearest,False,0.0038728713989257812,success
044F603A9C4C80,3,['Arena'],Casa Giulietta,"['Centro Fotografia', 'Sighseeing', 'Torre Lamberti', 'Museo Conte', 'Museo Radio']",Santa Anastasia,strategy_nearest,False,0.0028967857360839844,success
044F653A9C4C80,1,"['Arena', 'Palazzo della Ragione']",Torre Lamberti,"['Sighseeing', 'Centro Fotografia', 'Museo Conte', 'Casa Giulietta', 'AMO']",Teatro Romano,strategy_nearest,False,0.004434823989868164,success
044F6F429C4C80,1,['Arena'],San Fermo,"['Museo Storia', 'Museo Radio', 'Casa Giulietta', 'Centro Fotografia', 'Sighseeing']",Palazzo della Ragione,strategy_nearest,False,0.0031871795654296875,success
044F71429C4C80,3,"['Arena', 'Torre Lamberti']",Casa Giulietta,"['Centro Fotografia', 'Sighseeing', 'Museo Conte', 'Museo Radio', 'Palazzo della Ragione']",Santa Anastasia,strategy_nearest,False,0.003259897232055664,success
044F783A9C4C80,3,"['Casa Giulietta', 'Torre Lamberti']",Santa Anastasia,"['AMO', 'Museo Conte', 'Palazzo della Ragione', 'Teatro Romano', 'Centro Fotografia']",Duomo,strategy_nearest,False,0.0038971900939941406,success
044F6D429C4C80,0,['Arena'],San Zeno,"['Castelvecchio', 'Verona Tour', 'Museo Lapidario', 'Museo Miniscalchi', 'Sighseeing']",Castelvecchio,strategy_nearest,True,0.002399921417236328,success
044F793A9C4C80,0,['Arena'],Casa Giulietta,"['Centro Fotografia', 'Sighseeing', 'Torre Lamberti', 'Museo Conte', 'Museo Radio']",Castelvecchio,strategy_nearest,False,0.00405120849609375,success
044F863A9C4C80,0,['Arena'],Casa Giulietta,"['Centro Fotografia', 'Sighseeing', 'Torre Lamberti', 'Museo Conte', 'Museo Radio']",Torre Lamberti,strategy_nearest,True,0.0025811195373535156,success
044F7E429C4C80,3,"['Castelvecchio', 'Arena']",Torre Lamberti,"['Sighseeing', 'Centro Fotografia', 'Museo Conte', 'Casa Giulietta', 'Palazzo della Ragione']",Santa Anastasia,strategy_nearest,False,0.005434751510620117,success
044F8C3A9C4C80,0,['Torre Lamberti'],Casa Giulietta,"['Centro Fotografia', 'Sighseeing', 'Museo Conte', 'Museo Radio', 'Palazzo della Ragione']",Arena,strategy_nearest,False,0.0027647018432617188,success
044F87429C4C80,0,['Arena'],Torre Lamberti,"['Sighseeing', 'Centro Fotografia', 'Museo Conte', 'Casa Giulietta', 'Palazzo della Ragione']",Castelvecchio,strategy_nearest,False,0.0013790130615234375,success
044FA73A9C4C80,2,"['Casa Giulietta', 'Torre Lamberti']",Santa Anastasia,"['AMO', 'Museo Conte', 'Palazzo della Ragione', 'Teatro Romano', 'Centro Fotografia']",Duomo,strategy_nearest,False,0.0038220882415771484,success
044FAB3A9C4C80,3,"['Arena', 'Casa Giulietta']",Torre Lamberti,"['Sighseeing', 'Centro Fotografia', 'Museo Conte', 'Palazzo della Ragione', 'AMO']",Duomo,strategy_nearest,False,0.003407716751098633,success
044FAB4A9C4C80,1,"['Arena', 'Torre Lamberti']",Palazzo della Ragione,"['AMO', 'Museo Conte', 'Centro Fotografia', 'Sighseeing', 'Santa Anastasia']",Casa Giulietta,strategy_nearest,False,0.0018928050994873047,success
044FAF3A9C4C80,2,['Teatro Romano'],Duomo,"['AMO', 'Museo Miniscalchi', 'Santa Anastasia', 'Palazzo della Ragione', 'Museo Conte']",Santa Anastasia,strategy_nearest,True,0.0022737979888916016,success
044FB23A9C4C80,0,['San Fermo'],Torre Lamberti,"['Sighseeing', 'Centro Fotografia', 'Museo Conte', 'Casa Giulietta', 'Palazzo della Ragione']",Arena,strategy_nearest,False,0.002051830291748047,success
044FC03A9C4C80,0,['Castelvecchio'],Torre Lamberti,"['Sighseeing', 'Centro Fotografia', 'Museo Conte', 'Casa Giulietta', 'Palazzo della Ragione']",Casa Giulietta,strategy_nearest,True,0.001317739486694336,success
044FBB429C4C80,3,"['Arena', 'Casa Giulietta']",Torre Lamberti,"['Sighseeing', 'Centro Fotografia', 'Museo Conte', 'Palazzo della Ragione', 'AMO']",Duomo,strategy_nearest,False,0.003704071044921875,success
044FC8429C4C80,0,['Duomo'],Arena,"['Verona Tour', 'Museo Lapidario', 'Museo Radio', 'San Fermo', 'Casa Giulietta']",Tomba Giulietta,strategy_nearest,False,0.0012731552124023438,success
044FC7429C4C80,1,"['Arena', 'Museo Storia', 'San Fermo', 'Torre Lamberti']",Palazzo della Ragione,"['AMO', 'Museo Conte', 'Centro Fotografia', 'Sighseeing', 'Santa Anastasia']",Casa Giulietta,strategy_nearest,False,0.003290891647338867,success
044FC1429C4C80,1,"['San Zeno', 'Castelvecchio', 'Arena', 'Casa Giulietta']",Palazzo della Ragione,"['AMO', 'Museo Conte', 'Torre Lamberti', 'Centro Fotografia', 'Sighseeing']",Santa Anastasia,strategy_nearest,False,0.002498626708984375,success
044FC93A9C4C80,0,['Arena'],Casa Giulietta,"['Centro Fotografia', 'Sighseeing', 'Torre Lamberti', 'Museo Conte', 'Museo Radio']",Torre Lamberti,strategy_nearest,True,0.0029158592224121094,success
044FE83A9C4C80,0,['Arena'],Castelvecchio,"['Museo Lapidario', 'Verona Tour', 'Museo Radio', 'San Zeno', 'Sighseeing']",Casa Giulietta,strategy_nearest,False,0.002680063247680664,success
044FF1429C4C80,3,"['Arena', 'San Fermo', 'Casa Giulietta']",Santa Anastasia,"['AMO', 'Museo Conte', 'Palazzo della Ragione', 'Teatro Romano', 'Centro Fotografia']",Tomba Giulietta,strategy_nearest,False,0.0028951168060302734,success
044FF33A9C4C80,0,['Arena'],Torre Lamberti,"['Sighseeing', 'Centro Fotografia', 'Museo Conte', 'Casa Giulietta', 'Palazzo della Ragione']",Casa Giulietta,strategy_nearest,True,0.002663850784301758,success
044FFE429C4C80,2,['Castelvecchio'],Casa Giulietta,"['Centro Fotografia', 'Sighseeing', 'Torre Lamberti', 'Museo Conte', 'Museo Radio']",Casa Giulietta,strategy_nearest,False,0.00292205810546875,success
044FFF429C4C80,0,"['Castelvecchio', 'Arena']",Torre Lamberti,"['Sighseeing', 'Centro Fotografia', 'Museo Conte', 'Casa Giulietta', 'Palazzo della Ragione']",Duomo,strategy_nearest,False,0.0035409927368164062,success
0450173A9C4C84,0,['Arena'],Torre Lamberti,"['Sighseeing', 'Centro Fotografia', 'Museo Conte', 'Casa Giulietta', 'Palazzo della Ragione']",Castelvecchio,strategy_nearest,False,0.002624988555908203,success
04502C4A9C4C80,3,['Santa Anastasia'],Duomo,"['AMO', 'Museo Miniscalchi', 'Teatro Romano', 'Palazzo della Ragione', 'Museo Conte']",Arena,strategy_nearest,False,0.003081798553466797,success
0450523A9C4C80,3,"['Arena', 'Torre Lamberti']",Casa Giulietta,"['Centro Fotografia', 'Sighseeing', 'Museo Conte', 'Museo Radio', 'Palazzo della Ragione']",Santa Anastasia,strategy_nearest,False,0.0025420188903808594,success
045040429C4C80,3,"['Arena', 'Torre Lamberti', 'Santa Anastasia']",Duomo,"['AMO', 'Museo Miniscalchi', 'Teatro Romano', 'Palazzo della Ragione', 'Museo Conte']",Teatro Romano,strategy_nearest,True,0.0033898353576660156,success
04502F4A9C4C80,2,"['Museo Lapidario', 'Castelvecchio', 'Casa Giulietta']",Torre Lamberti,"['Sighseeing', 'Centro Fotografia', 'Museo Conte', 'Palazzo della Ragione', 'AMO']",Duomo,strategy_nearest,False,0.0032722949981689453,success
045057429C4C80,0,['Torre Lamberti'],Casa Giulietta,"['Centro Fotografia', 'Sighseeing', 'Museo Conte', 'Museo Radio', 'Palazzo della Ragione']",Arena,strategy_nearest,False,0.0031311511993408203,success
04505C429C4C80,1,"['Tomba Giulietta', 'Arena', 'Torre Lamberti']",Palazzo della Ragione,"['AMO', 'Museo Conte', 'Centro Fotografia', 'Sighseeing', 'Santa Anastasia']",Casa Giulietta,strategy_nearest,False,0.0017879009246826172,success
045058429C4C80,3,"['Arena', 'Casa Giulietta']",Teatro Romano,"['Santa Anastasia', 'Duomo', 'AMO', 'Palazzo della Ragione', 'Museo Conte']",Duomo,strategy_nearest,True,0.003559112548828125,success
045066429C4C80,1,"['Arena', 'Casa Giulietta']",Palazzo della Ragione,"['AMO', 'Museo Conte', 'Torre Lamberti', 'Centro Fotografia', 'Sighseeing']",Torre Lamberti,strategy_nearest,True,0.0020728111267089844,success
0450723A9C4C80,3,"['Arena', 'Casa Giulietta']",Duomo,"['AMO', 'Museo Miniscalchi', 'Santa Anastasia', 'Teatro Romano', 'Palazzo della Ragione']",Santa Anastasia,strategy_nearest,True,0.002656221389770508,success
045072429C4C80,3,['Arena'],Casa Giulietta,"['Centro Fotografia', 'Sighseeing', 'Torre Lamberti', 'Museo Conte', 'Museo Radio']",Torre Lamberti,strategy_nearest,True,0.0034160614013671875,success
045077429C4C80,6,['Arena'],Verona Tour,"['Museo Lapidario', 'Castelvecchio', 'Museo Radio', 'Casa Giulietta', 'Sighseeing']",Casa Giulietta,strategy_nearest,True,0.0032880306243896484,success
0450833A9C4C80,0,['Arena'],Castelvecchio,"['Museo Lapidario', 'Verona Tour', 'Museo Radio', 'San Zeno', 'Sighseeing']",Casa Giulietta,strategy_nearest,False,0.002515077590942383,success
0450864A9C4C80,1,"['Casa Giulietta', 'Arena', 'Castelvecchio', 'San Zeno']",Santa Anastasia,"['AMO', 'Museo Conte', 'Palazzo della Ragione', 'Teatro Romano', 'Centro Fotografia']",Duomo,strategy_nearest,False,0.00424504280090332,success
04508D3A9C4C80,0,['Arena'],Casa Giulietta,"['Centro Fotografia', 'Sighseeing', 'Torre Lamberti', 'Museo Conte', 'Museo Radio']",Torre Lamberti,strategy_nearest,True,0.0021228790283203125,success
0450984A9C4C80,3,"['Arena', 'Casa Giulietta']",Santa Anastasia,"['AMO', 'Museo Conte', 'Palazzo della Ragione', 'Teatro Romano', 'Centro Fotografia']",Duomo,strategy_nearest,False,0.0033080577850341797,success
045091429C4C80,3,['San Zeno'],Arena,"['Verona Tour', 'Museo Lapidario', 'Museo Radio', 'San Fermo', 'Casa Giulietta']",Santa Anastasia,strategy_nearest,False,0.002680063247680664,success
0450A73A9C4C80,3,"['Arena', 'Castelvecchio']",Santa Anastasia,"['AMO', 'Museo Conte', 'Palazzo della Ragione', 'Teatro Romano', 'Centro Fotografia']",Torre Lamberti,strategy_nearest,False,0.0027489662170410156,success
0450AB3A9C4C80,0,['Arena'],Casa Giulietta,"['Centro Fotografia', 'Sighseeing', 'Torre Lamberti', 'Museo Conte', 'Museo Radio']",Teatro Romano,strategy_nearest,False,0.002674102783203125,success
0450A54A9C4C80,3,"['Arena', 'Casa Giulietta']",Torre Lamberti,"['Sighseeing', 'Centro Fotografia', 'Museo Conte', 'Palazzo della Ragione', 'AMO']",Santa Anastasia,strategy_nearest,False,0.0028028488159179688,success
0450AB429C4C80,3,"['Arena', 'Castelvecchio']",San Zeno,"['Verona Tour', 'Museo Lapidario', 'Museo Miniscalchi', 'Sighseeing', 'Museo Radio']",Torre Lamberti,strategy_nearest,False,0.0033779144287109375,success
0450AF429C4C80,3,"['Arena', 'Torre Lamberti']",Santa Anastasia,"['AMO', 'Museo Conte', 'Palazzo della Ragione', 'Teatro Romano', 'Centro Fotografia']",Duomo,strategy_nearest,False,0.0022470951080322266,success
0450B0429C4C80,0,['Arena'],Castelvecchio,"['Museo Lapidario', 'Verona Tour', 'Museo Radio', 'San Zeno', 'Sighseeing']",Teatro Romano,strategy_nearest,False,0.0028150081634521484,success
0450B53A9C4C80,3,"['Arena', 'Casa Giulietta', 'Torre Lamberti']",Duomo,"['AMO', 'Museo Miniscalchi', 'Santa Anastasia', 'Teatro Romano', 'Palazzo della Ragione']",Teatro Romano,strategy_nearest,True,0.0017499923706054688,success
0450B3429C4C80,0,['Castelvecchio'],Arena,"['Verona Tour', 'Museo Lapidario', 'Museo Radio', 'San Fermo', 'Casa Giulietta']",Casa Giulietta,strategy_nearest,True,0.0031540393829345703,success
0450B7429C4C80,0,"['Castelvecchio', 'Arena']",Tomba Giulietta,"['San Fermo', 'Museo Storia', 'Museo Lapidario', 'Museo Radio', 'Verona Tour']",Teatro Romano,strategy_nearest,False,0.0032367706298828125,success
0450C13A9C4C80,0,['Castelvecchio'],Arena,"['Verona Tour', 'Museo Lapidario', 'Museo Radio', 'San Fermo', 'Casa Giulietta']",Duomo,strategy_nearest,False,0.0025801658630371094,success
0450C93A9C4C80,0,"['Arena', 'Museo Lapidario']",Castelvecchio,"['Verona Tour', 'Museo Radio', 'San Zeno', 'Sighseeing', 'Museo Miniscalchi']",Casa Giulietta,strategy_nearest,False,0.0033500194549560547,success
0450C23A9C4C80,1,"['Castelvecchio', 'Palazzo della Ragione']",Torre Lamberti,"['Sighseeing', 'Centro Fotografia', 'Museo Conte', 'Casa Giulietta', 'AMO']",Arena,strategy_nearest,False,0.0013599395751953125,success
0450D0429C4C80,3,"['Teatro Romano', 'Casa Giulietta', 'Torre Lamberti']",Arena,"['Verona Tour', 'Museo Lapidario', 'Museo Radio', 'San Fermo', 'Sighseeing']",Tomba Giulietta,strategy_nearest,False,0.002811908721923828,success
0450CF429C4C80,3,['Teatro Romano'],Duomo,"['AMO', 'Museo Miniscalchi', 'Santa Anastasia', 'Palazzo della Ragione', 'Museo Conte']",San Zeno,strategy_nearest,False,0.002216815948486328,success
0450DB3A9C4C80,3,"['Teatro Romano', 'San Zeno']",Duomo,"['AMO', 'Museo Miniscalchi', 'Santa Anastasia', 'Palazzo della Ragione', 'Museo Conte']",Arena,strategy_nearest,False,0.0027539730072021484,success
0450D73A9C4C80,1,"['Arena', 'Palazzo della Ragione']",Torre Lamberti,"['Sighseeing', 'Centro Fotografia', 'Museo Conte', 'Casa Giulietta', 'AMO']",Casa Giulietta,strategy_nearest,True,0.003628969192504883,success
0450E83A9C4C80,3,"['Arena', 'Torre Lamberti']",Duomo,"['AMO', 'Museo Miniscalchi', 'Santa Anastasia', 'Teatro Romano', 'Palazzo della Ragione']",Teatro Romano,strategy_nearest,True,0.003147125244140625,success
04510A3A9C4C84,1,"['Arena', 'Torre Lamberti']",Palazzo della Ragione,"['AMO', 'Museo Conte', 'Centro Fotografia', 'Sighseeing', 'Santa Anastasia']",Santa Anastasia,strategy_nearest,True,0.0030341148376464844,success
0450DE3A9C4C80,2,['Torre Lamberti'],Casa Giulietta,"['Centro Fotografia', 'Sighseeing', 'Museo Conte', 'Museo Radio', 'Palazzo della Ragione']",Santa Anastasia,strategy_nearest,False,0.0024399757385253906,success
0450EA429C4C80,3,"['Arena', 'Santa Anastasia', 'Torre Lamberti', 'Casa Giulietta']",Tomba Giulietta,"['San Fermo', 'Museo Storia', 'Museo Lapidario', 'Museo Radio', 'Verona Tour']",San Fermo,strategy_nearest,True,0.003284931182861328,success
04512D4A9C4C80,3,"['Torre Lamberti', 'San Zeno', 'Arena']",San Fermo,"['Museo Storia', 'Museo Radio', 'Casa Giulietta', 'Centro Fotografia', 'Sighseeing']",Casa Giulietta,strategy_nearest,True,0.0020110607147216797,success
0451264A9C4C80,1,"['Arena', 'Castelvecchio', 'Casa Giulietta', 'Tomba Giulietta']",Duomo,"['AMO', 'Museo Miniscalchi', 'Santa Anastasia', 'Teatro Romano', 'Palazzo della Ragione']",Santa Anastasia,strategy_nearest,True,0.0027348995208740234,success
04512C3A9C4C80,3,"['Castelvecchio', 'Arena']",Santa Anastasia,"['AMO', 'Museo Conte', 'Palazzo della Ragione', 'Teatro Romano', 'Centro Fotografia']",Museo Storia,strategy_nearest,False,0.0034189224243164062,success
0451243A9C4C80,0,"['Arena', 'Torre Lamberti']",Casa Giulietta,"['Centro Fotografia', 'Sighseeing', 'Museo Conte', 'Museo Radio', 'Palazzo della Ragione']",Duomo,strategy_nearest,False,0.002766847610473633,success
04513E3A9C4C80,3,['Santa Anastasia'],Arena,"['Verona Tour', 'Museo Lapidario', 'Museo Radio', 'San Fermo', 'Casa Giulietta']",Teatro Romano,strategy_nearest,False,0.002086162567138672,success
0451344A9C4C80,1,"['Castelvecchio', 'Torre Lamberti', 'Palazzo della Ragione', 'Casa Giulietta']",San Fermo,"['Museo Storia', 'Museo Radio', 'Centro Fotografia', 'Arena', 'Sighseeing']",Arena,strategy_nearest,True,0.004064798355102539,success
0451433A9C4C80,2,['Casa Giulietta'],Torre Lamberti,"['Sighseeing', 'Centro Fotografia', 'Museo Conte', 'Palazzo della Ragione', 'AMO']",Tomba Giulietta,strategy_nearest,False,0.0024929046630859375,success
045134429C4C80,1,"['Arena', 'Casa Giulietta', 'Torre Lamberti']",Palazzo della Ragione,"['AMO', 'Museo Conte', 'Centro Fotografia', 'Sighseeing', 'Santa Anastasia']",Santa Anastasia,strategy_nearest,True,0.0023081302642822266,success
0451453A9C4C80,1,"['Duomo', 'Teatro Romano', 'Arena']",Casa Giulietta,"['Centro Fotografia', 'Sighseeing', 'Torre Lamberti', 'Museo Conte', 'Museo Radio']",Torre Lamberti,strategy_nearest,True,0.0033800601959228516,success
045157429C4C80,1,"['Arena', 'Casa Giulietta']",Torre Lamberti,"['Sighseeing', 'Centro Fotografia', 'Museo Conte', 'Palazzo della Ragione', 'AMO']",Palazzo della Ragione,strategy_nearest,True,0.002638101577758789,success
04514F3A9C4C80,3,"['Arena', 'Casa Giulietta', 'Torre Lamberti']",Duomo,"['AMO', 'Museo Miniscalchi', 'Santa Anastasia', 'Teatro Romano', 'Palazzo della Ragione']",Teatro Romano,strategy_nearest,True,0.0014560222625732422,success
0451543A9C4C80,2,"['Tomba Giulietta', 'Casa Giulietta']",Museo Lapidario,"['Verona Tour', 'Arena', 'Castelvecchio', 'Museo Radio', 'San Fermo']",Palazzo della Ragione,strategy_nearest,False,0.0033249855041503906,success
04515A429C4C80,1,"['Arena', 'Casa Giulietta', 'San Fermo']",Torre Lamberti,"['Sighseeing', 'Centro Fotografia', 'Museo Conte', 'Palazzo della Ragione', 'AMO']",Palazzo della Ragione,strategy_nearest,True,0.002633810043334961,success
04516B429C4C80,2,['San Fermo'],Casa Giulietta,"['Centro Fotografia', 'Sighseeing', 'Torre Lamberti', 'Museo Conte', 'Museo Radio']",Torre Lamberti,strategy_nearest,True,0.0027098655700683594,success
0451703A9C4C80,0,['Arena'],Casa Giulietta,"['Centro Fotografia', 'Sighseeing', 'Torre Lamberti', 'Museo Conte', 'Museo Radio']",Torre Lamberti,strategy_nearest,True,0.0031549930572509766,success
0451643A9C4C80,2,"['Torre Lamberti', 'Palazzo della Ragione']",Giardino Giusti,"['Santa Anastasia', 'Teatro Romano', 'Museo Conte', 'Centro Fotografia', 'Museo Storia']",Castelvecchio,strategy_nearest,False,0.002148151397705078,success
045171429C4C80,1,"['Castelvecchio', 'Arena', 'Tomba Giulietta']",Teatro Romano,"['Santa Anastasia', 'Duomo', 'AMO', 'Palazzo della Ragione', 'Museo Conte']",Santa Anastasia,strategy_nearest,True,0.0018589496612548828,success
0451864A9C4C80,3,"['Arena', 'Museo Lapidario']",Casa Giulietta,"['Centro Fotografia', 'Sighseeing', 'Torre Lamberti', 'Museo Conte', 'Museo Radio']",Torre Lamberti,strategy_nearest,True,0.001809835433959961,success
045176429C4C80,1,['Arena'],Casa Giulietta,"['Centro Fotografia', 'Sighseeing', 'Torre Lamberti', 'Museo Conte', 'Museo Radio']",Torre Lamberti,strategy_nearest,True,0.0035288333892822266,success
045183429C4C80,3,"['San Fermo', 'Santa Anastasia']",Teatro Romano,"['Duomo', 'AMO', 'Palazzo della Ragione', 'Museo Conte', 'Centro Fotografia']",Arena,strategy_nearest,False,0.003484964370727539,success
0451884A9C4C80,2,['Casa Giulietta'],San Fermo,"['Museo Storia', 'Museo Radio', 'Centro Fotografia', 'Arena', 'Sighseeing']",Castelvecchio,strategy_nearest,False,0.002846956253051758,success
0451873A9C4C80,0,['Arena'],Castelvecchio,"['Museo Lapidario', 'Verona Tour', 'Museo Radio', 'San Zeno', 'Sighseeing']",Duomo,strategy_nearest,False,0.004063844680786133,success
04518A429C4C80,0,['Arena'],Casa Giulietta,"['Centro Fotografia', 'Sighseeing', 'Torre Lamberti', 'Museo Conte', 'Museo Radio']",Torre Lamberti,strategy_nearest,True,0.003962039947509766,success
04518C4A9C4C80,3,"['Arena', 'Casa Giulietta']",San Fermo,"['Museo Storia', 'Museo Radio', 'Centro Fotografia', 'Sighseeing', 'Torre Lamberti']",Santa Anastasia,strategy_nearest,False,0.0020499229431152344,success
04518F429C4C80,2,['Museo Storia'],San Fermo,"['Museo Radio', 'Casa Giulietta', 'Centro Fotografia', 'Arena', 'Sighseeing']",Torre Lamberti,strategy_nearest,False,0.003396272659301758,success
04519B429C4C80,0,['Arena'],Casa Giulietta,"['Centro Fotografia', 'Sighseeing', 'Torre Lamberti', 'Museo Conte', 'Museo Radio']",Torre Lamberti,strategy_nearest,True,0.002135038375854492,success
0451A0429C4C80,0,['Arena'],Casa Giulietta,"['Centro Fotografia', 'Sighseeing', 'Torre Lamberti', 'Museo Conte', 'Museo Radio']",Castelvecchio,strategy_nearest,False,0.003226041793823242,success
0451944A9C4C80,3,['Arena'],San Fermo,"['Museo Storia', 'Museo Radio', 'Casa Giulietta', 'Centro Fotografia', 'Sighseeing']",Duomo,strategy_nearest,False,0.0020380020141601562,success
0451A14A9C4C80,1,"['Arena', 'Casa Giulietta']",Palazzo della Ragione,"['AMO', 'Museo Conte', 'Torre Lamberti', 'Centro Fotografia', 'Sighseeing']",Torre Lamberti,strategy_nearest,True,0.004060029983520508,success
0451AA429C4C80,0,['Teatro Romano'],Arena,"['Verona Tour', 'Museo Lapidario', 'Museo Radio', 'San Fermo', 'Casa Giulietta']",Casa Giulietta,strategy_nearest,True,0.002457141876220703,success
0451A63A9C4C80,0,"['Teatro Romano', 'Arena']",Casa Giulietta,"['Centro Fotografia', 'Sighseeing', 'Torre Lamberti', 'Museo Conte', 'Museo Radio']",Castelvecchio,strategy_nearest,False,0.001329183578491211,success
0451A9429C4C80,0,"['San Zeno', 'Museo Lapidario']",Arena,"['Verona Tour', 'Museo Radio', 'San Fermo', 'Casa Giulietta', 'Sighseeing']",San Fermo,strategy_nearest,True,0.0021820068359375,success
0451BB3A9C4C80,2,['Torre Lamberti'],Santa Anastasia,"['AMO', 'Museo Conte', 'Palazzo della Ragione', 'Teatro Romano', 'Centro Fotografia']",Teatro Romano,strategy_nearest,True,0.002808094024658203,success
0451BE429C4C80,2,"['Castelvecchio', 'San Fermo']",Palazzo della Ragione,"['AMO', 'Museo Conte', 'Torre Lamberti', 'Centro Fotografia', 'Sighseeing']",Torre Lamberti,strategy_nearest,True,0.0020449161529541016,success
0451BA429C4C80,1,['Arena'],Casa Giulietta,"['Centro Fotografia', 'Sighseeing', 'Torre Lamberti', 'Museo Conte', 'Museo Radio']",Torre Lamberti,strategy_nearest,True,0.0016181468963623047,success
0451D43A9C4C80,3,['Santa Anastasia'],Duomo,"['AMO', 'Museo Miniscalchi', 'Teatro Romano', 'Palazzo della Ragione', 'Museo Conte']",Casa Giulietta,strategy_nearest,False,0.003200054168701172,success
0451E43A9C4C80,1,"['Museo Storia', 'San Fermo', 'Casa Giulietta', 'Santa Anastasia']",Castelvecchio,"['Museo Lapidario', 'Verona Tour', 'Arena', 'Museo Radio', 'San Zeno']",Arena,strategy_nearest,True,0.002089977264404297,success
0451D53A9C4C80,1,"['Arena', 'Giardino Giusti', 'Teatro Romano']",Casa Giulietta,"['Centro Fotografia', 'Sighseeing', 'Torre Lamberti', 'Museo Conte', 'Museo Radio']",Palazzo della Ragione,strategy_nearest,False,0.0036580562591552734,success
0451DC3A9C4C80,2,['Santa Anastasia'],Teatro Romano,"['Duomo', 'AMO', 'Palazzo della Ragione', 'Museo Conte', 'Centro Fotografia']",Casa Giulietta,strategy_nearest,False,0.0015938282012939453,success
0451E63A9C4C80,0,['Arena'],Casa Giulietta,"['Centro Fotografia', 'Sighseeing', 'Torre Lamberti', 'Museo Conte', 'Museo Radio']",San Fermo,strategy_nearest,False,0.003097057342529297,success
0451F33A9C4C80,0,"['Arena', 'Casa Giulietta']",Torre Lamberti,"['Sighseeing', 'Centro Fotografia', 'Museo Conte', 'Palazzo della Ragione', 'AMO']",Duomo,strategy_nearest,False,0.002271890640258789,success
0451F73A9C4C80,3,"['Arena', 'Torre Lamberti']",Duomo,"['AMO', 'Museo Miniscalchi', 'Santa Anastasia', 'Teatro Romano', 'Palazzo della Ragione']",Giardino Giusti,strategy_nearest,False,0.0021109580993652344,success
0451FE429C4C80,0,"['Arena', 'Castelvecchio']",Casa Giulietta,"['Centro Fotografia', 'Sighseeing', 'Torre Lamberti', 'Museo Conte', 'Museo Radio']",Tomba Giulietta,strategy_nearest,False,0.0027680397033691406,success
0452013A9C4C84,3,"['Arena', 'Casa Giulietta']",Torre Lamberti,"['Sighseeing', 'Centro Fotografia', 'Museo Conte', 'Palazzo della Ragione', 'AMO']",Duomo,strategy_nearest,False,0.003367900848388672,success
04520A429C4C84,2,['Duomo'],Santa Anastasia,"['AMO', 'Museo Conte', 'Palazzo della Ragione', 'Teatro Romano', 'Centro Fotografia']",Castelvecchio,strategy_nearest,False,0.0026481151580810547,success
045226429C4C80,3,"['Arena', 'Museo Lapidario']",Castelvecchio,"['Verona Tour', 'Museo Radio', 'San Zeno', 'Sighseeing', 'Museo Miniscalchi']",Teatro Romano,strategy_nearest,False,0.0035979747772216797,success
04522A429C4C80,0,['Arena'],Casa Giulietta,"['Centro Fotografia', 'Sighseeing', 'Torre Lamberti', 'Museo Conte', 'Museo Radio']",Duomo,strategy_nearest,False,0.002724170684814453,success
0452224A9C4C80,1,"['Casa Giulietta', 'Arena', 'Palazzo della Ragione', 'Torre Lamberti', 'Santa Anastasia']",Duomo,"['AMO', 'Museo Miniscalchi', 'Teatro Romano', 'Museo Conte', 'Centro Fotografia']",Teatro Romano,strategy_nearest,True,0.0025787353515625,success
04522C3A9C4C80,0,['Arena'],Castelvecchio,"['Museo Lapidario', 'Verona Tour', 'Museo Radio', 'San Zeno', 'Sighseeing']",San Zeno,strategy_nearest,True,0.0037860870361328125,success
04522E429C4C80,3,"['Arena', 'Torre Lamberti']",Santa Anastasia,"['AMO', 'Museo Conte', 'Palazzo della Ragione', 'Teatro Romano', 'Centro Fotografia']",Duomo,strategy_nearest,False,0.0024530887603759766,success
045232429C4C80,1,"['Arena', 'Museo Lapidario', 'San Fermo', 'Torre Lamberti']",Palazzo della Ragione,"['AMO', 'Museo Conte', 'Centro Fotografia', 'Sighseeing', 'Santa Anastasia']",Duomo,strategy_nearest,False,0.0031900405883789062,success
0452354A9C4C80,3,"['Arena', 'Casa Giulietta', 'Torre Lamberti']",Tomba Giulietta,"['San Fermo', 'Museo Storia', 'Museo Lapidario', 'Museo Radio', 'Verona Tour']",Castelvecchio,strategy_nearest,False,0.0042760372161865234,success
045238429C4C80,0,['Arena'],Casa Giulietta,"['Centro Fotografia', 'Sighseeing', 'Torre Lamberti', 'Museo Conte', 'Museo Radio']",Castelvecchio,strategy_nearest,False,0.0014188289642333984,success
0452373A9C4C80,0,['Arena'],Casa Giulietta,"['Centro Fotografia', 'Sighseeing', 'Torre Lamberti', 'Museo Conte', 'Museo Radio']",Tomba Giulietta,strategy_nearest,False,0.003932952880859375,success
04523B3A9C4C80,0,['San Fermo'],Arena,"['Verona Tour', 'Museo Lapidario', 'Museo Radio', 'Casa Giulietta', 'Sighseeing']",Duomo,strategy_nearest,False,0.004244089126586914,success
04523E3A9C4C80,3,"['Santa Anastasia', 'Casa Giulietta']",Teatro Romano,"['Duomo', 'AMO', 'Palazzo della Ragione', 'Museo Conte', 'Centro Fotografia']",San Fermo,strategy_nearest,False,0.0032651424407958984,success
04523F429C4C80,3,['Arena'],Torre Lamberti,"['Sighseeing', 'Centro Fotografia', 'Museo Conte', 'Casa Giulietta', 'Palazzo della Ragione']",Santa Anastasia,strategy_nearest,False,0.003576040267944336,success
0452513A9C4C80,0,"['Arena', 'Casa Giulietta']",Torre Lamberti,"['Sighseeing', 'Centro Fotografia', 'Museo Conte', 'Palazzo della Ragione', 'AMO']",Arena,strategy_nearest,False,0.002145051956176758,success
04524C3A9C4C80,1,"['Arena', 'Casa Giulietta', 'Palazzo della Ragione']",Torre Lamberti,"['Sighseeing', 'Centro Fotografia', 'Museo Conte', 'AMO', 'Museo Miniscalchi']",Santa Anastasia,strategy_nearest,False,0.0033190250396728516,success
045265429C4C80,3,"['Arena', 'Castelvecchio', 'San Fermo']",Torre Lamberti,"['Sighseeing', 'Centro Fotografia', 'Museo Conte', 'Casa Giulietta', 'Palazzo della Ragione']",Santa Anastasia,strategy_nearest,False,0.0021257400512695312,success
0452623A9C4C80,3,"['Museo Lapidario', 'Castelvecchio', 'Torre Lamberti', 'Santa Anastasia']",Arena,"['Verona Tour', 'Museo Radio', 'San Fermo', 'Casa Giulietta', 'Sighseeing']",Casa Giulietta,strategy_nearest,True,0.005022287368774414,success
0452814A9C4C80,0,['Torre Lamberti'],Arena,"['Verona Tour', 'Museo Lapidario', 'Museo Radio', 'San Fermo', 'Casa Giulietta']",Castelvecchio,strategy_nearest,False,0.003888845443725586,success
0452834A9C4C80,2,['Duomo'],Torre Lamberti,"['Sighseeing', 'Centro Fotografia', 'Museo Conte', 'Casa Giulietta', 'Palazzo della Ragione']",San Fermo,strategy_nearest,False,0.0033910274505615234,success
0452873A9C4C80,1,"['Arena', 'Palazzo della Ragione']",Torre Lamberti,"['Sighseeing', 'Centro Fotografia', 'Museo Conte', 'Casa Giulietta', 'AMO']",Santa Anastasia,strategy_nearest,False,0.0015170574188232422,success
045298429C4C80,1,['Arena'],Torre Lamberti,"['Sighseeing', 'Centro Fotografia', 'Museo Conte', 'Casa Giulietta', 'Palazzo della Ragione']",Palazzo della Ragione,strategy_nearest,True,0.003149747848510742,success
0452864A9C4C80,3,"['Arena', 'Casa Giulietta']",Santa Anastasia,"['AMO', 'Museo Conte', 'Palazzo della Ragione', 'Teatro Romano', 'Centro Fotografia']",Duomo,strategy_nearest,False,0.0038688182830810547,success
0452994A9C4C80,0,"['Tomba Giulietta', 'Arena']",Casa Giulietta,"['Centro Fotografia', 'Sighseeing', 'Torre Lamberti', 'Museo Conte', 'Museo Radio']",Torre Lamberti,strategy_nearest,True,0.002313852310180664,success
0452A54A9C4C80,2,['Casa Giulietta'],Torre Lamberti,"['Sighseeing', 'Centro Fotografia', 'Museo Conte', 'Palazzo della Ragione', 'AMO']",Castelvecchio,strategy_nearest,False,0.0035240650177001953,success
04529A429C4C80,0,"['Castelvecchio', 'Arena']",Casa Giulietta,"['Centro Fotografia', 'Sighseeing', 'Torre Lamberti', 'Museo Conte', 'Museo Radio']",Teatro Romano,strategy_nearest,False,0.0029108524322509766,success
04529E4A9C4C80,1,"['Arena', 'Palazzo della Ragione']",Torre Lamberti,"['Sighseeing', 'Centro Fotografia', 'Museo Conte', 'Casa Giulietta', 'AMO']",Teatro Romano,strategy_nearest,False,0.0028390884399414062,success
0452AD3A9C4C80,3,"['Torre Lamberti', 'Santa Anastasia', 'Duomo']",Castelvecchio,"['Museo Lapidario', 'Verona Tour', 'Arena', 'Museo Radio', 'San Zeno']",San Zeno,strategy_nearest,True,0.002404928207397461,success
0452B43A9C4C80,3,"['Arena', 'Museo Lapidario', 'Castelvecchio']",Casa Giulietta,"['Centro Fotografia', 'Sighseeing', 'Torre Lamberti', 'Museo Conte', 'Museo Radio']",Santa Anastasia,strategy_nearest,False,0.0022830963134765625,success
0452AD429C4C80,0,['Arena'],Castelvecchio,"['Museo Lapidario', 'Verona Tour', 'Museo Radio', 'San Zeno', 'Sighseeing']",Casa Giulietta,strategy_nearest,False,0.002962350845336914,success
0452BB3A9C4C80,0,['Arena'],Casa Giulietta,"['Centro Fotografia', 'Sighseeing', 'Torre Lamberti', 'Museo Conte', 'Museo Radio']",Torre Lamberti,strategy_nearest,True,0.003300189971923828,success
0452BD3A9C4C80,0,['Arena'],Casa Giulietta,"['Centro Fotografia', 'Sighseeing', 'Torre Lamberti', 'Museo Conte', 'Museo Radio']",Castelvecchio,strategy_nearest,False,0.0024971961975097656,success
0452BE429C4C80,3,['Arena'],Duomo,"['AMO', 'Museo Miniscalchi', 'Santa Anastasia', 'Teatro Romano', 'Palazzo della Ragione']",Teatro Romano,strategy_nearest,True,0.002681732177734375,success
0452C03A9C4C80,1,"['Arena', 'Casa Giulietta']",Palazzo della Ragione,"['AMO', 'Museo Conte', 'Torre Lamberti', 'Centro Fotografia', 'Sighseeing']",Torre Lamberti,strategy_nearest,True,0.003011941909790039,success
0452C1429C4C80,0,"['Arena', 'Casa Giulietta']",Torre Lamberti,"['Sighseeing', 'Centro Fotografia', 'Museo Conte', 'Palazzo della Ragione', 'AMO']",Duomo,strategy_nearest,False,0.0035920143127441406,success
0452C23A9C4C80,1,"['Arena', 'Casa Giulietta']",Palazzo della Ragione,"['AMO', 'Museo Conte', 'Torre Lamberti', 'Centro Fotografia', 'Sighseeing']",Castelvecchio,strategy_nearest,False,0.0025568008422851562,success
0452C93A9C4C80,0,['Arena'],Casa Giulietta,"['Centro Fotografia', 'Sighseeing', 'Torre Lamberti', 'Museo Conte', 'Museo Radio']",Santa Anastasia,strategy_nearest,False,0.0030219554901123047,success
0452D2429C4C80,0,"['Torre Lamberti', 'Casa Giulietta']",Arena,"['Verona Tour', 'Museo Lapidario', 'Museo Radio', 'San Fermo', 'Sighseeing']",Castelvecchio,strategy_nearest,False,0.0034050941467285156,success
0452E73A9C4C80,3,"['Arena', 'Casa Giulietta']",Torre Lamberti,"['Sighseeing', 'Centro Fotografia', 'Museo Conte', 'Palazzo della Ragione', 'AMO']",Santa Anastasia,strategy_nearest,False,0.0026810169219970703,success
0453003A9C4C84,0,['Teatro Romano'],Duomo,"['AMO', 'Museo Miniscalchi', 'Santa Anastasia', 'Palazzo della Ragione', 'Museo Conte']",Arena,strategy_nearest,False,0.003181934356689453,success
045300429C4C84,3,['Arena'],Santa Anastasia,"['AMO', 'Museo Conte', 'Palazzo della Ragione', 'Teatro Romano', 'Centro Fotografia']",Teatro Romano,strategy_nearest,True,0.0017740726470947266,success
045307429C4C84,1,"['Arena', 'San Fermo', 'Casa Giulietta']",Palazzo della Ragione,"['AMO', 'Museo Conte', 'Torre Lamberti', 'Centro Fotografia', 'Sighseeing']",Santa Anastasia,strategy_nearest,False,0.0018270015716552734,success
045319429C4C84,3,"['Casa Giulietta', 'Museo Lapidario', 'Arena', 'Tomba Giulietta']",Teatro Romano,"['Santa Anastasia', 'Duomo', 'AMO', 'Palazzo della Ragione', 'Museo Conte']",Santa Anastasia,strategy_nearest,True,0.002515077590942383,success
045316429C4C84,0,['Arena'],Castelvecchio,"['Museo Lapidario', 'Verona Tour', 'Museo Radio', 'San Zeno', 'Sighseeing']",Santa Anastasia,strategy_nearest,False,0.0032508373260498047,success
04530C3A9C4C84,3,"['Arena', 'Santa Anastasia']",Duomo,"['AMO', 'Museo Miniscalchi', 'Teatro Romano', 'Palazzo della Ragione', 'Museo Conte']",San Zeno,strategy_nearest,False,0.0030519962310791016,success
0453204A9C4C80,3,"['Casa Giulietta', 'Torre Lamberti', 'Santa Anastasia']",Duomo,"['AMO', 'Museo Miniscalchi', 'Teatro Romano', 'Palazzo della Ragione', 'Museo Conte']",Arena,strategy_nearest,False,0.0030791759490966797,success
04532A4A9C4C80,2,"['Castelvecchio', 'Duomo']",Teatro Romano,"['Santa Anastasia', 'AMO', 'Palazzo della Ragione', 'Museo Conte', 'Centro Fotografia']",Torre Lamberti,strategy_nearest,False,0.002833127975463867,success
04532C429C4C80,0,['Arena'],Casa Giulietta,"['Centro Fotografia', 'Sighseeing', 'Torre Lamberti', 'Museo Conte', 'Museo Radio']",Castelvecchio,strategy_nearest,False,0.002737760543823242,success
04532D4A9C4C80,1,"['Castelvecchio', 'Arena', 'Casa Giulietta']",Santa Anastasia,"['AMO', 'Museo Conte', 'Palazzo della Ragione', 'Teatro Romano', 'Centro Fotografia']",Duomo,strategy_nearest,False,0.003217935562133789,success
0453374A9C4C80,0,['Arena'],Casa Giulietta,"['Centro Fotografia', 'Sighseeing', 'Torre Lamberti', 'Museo Conte', 'Museo Radio']",Castelvecchio,strategy_nearest,False,0.003194093704223633,success
04532E3A9C4C80,0,"['Tomba Giulietta', 'Torre Lamberti']",Casa Giulietta,"['Centro Fotografia', 'Sighseeing', 'Museo Conte', 'Museo Radio', 'Palazzo della Ragione']",Arena,strategy_nearest,False,0.0027980804443359375,success
045331429C4C80,0,['Arena'],Casa Giulietta,"['Centro Fotografia', 'Sighseeing', 'Torre Lamberti', 'Museo Conte', 'Museo Radio']",Torre Lamberti,strategy_nearest,True,0.0033469200134277344,success
045332429C4C80,3,['San Zeno'],Arena,"['Verona Tour', 'Museo Lapidario', 'Museo Radio', 'San Fermo', 'Casa Giulietta']",Torre Lamberti,strategy_nearest,False,0.0021390914916992188,success
04534F429C4C80,0,['Arena'],Torre Lamberti,"['Sighseeing', 'Centro Fotografia', 'Museo Conte', 'Casa Giulietta', 'Palazzo della Ragione']",Casa Giulietta,strategy_nearest,True,0.0021810531616210938,success
045359429C4C80,3,"['San Fermo', 'Santa Anastasia']",Castelvecchio,"['Museo Lapidario', 'Verona Tour', 'Arena', 'Museo Radio', 'San Zeno']",Giardino Giusti,strategy_nearest,False,0.003217935562133789,success
0453513A9C4C80,0,['Arena'],Casa Giulietta,"['Centro Fotografia', 'Sighseeing', 'Torre Lamberti', 'Museo Conte', 'Museo Radio']",Torre Lamberti,strategy_nearest,True,0.0027849674224853516,success
04534E429C4C80,0,['Duomo'],Arena,"['Verona Tour', 'Museo Lapidario', 'Museo Radio', 'San Fermo', 'Casa Giulietta']",Tomba Giulietta,strategy_nearest,False,0.001583099365234375,success
045373429C4C80,1,"['Arena', 'Casa Giulietta', 'Torre Lamberti']",Palazzo della Ragione,"['AMO', 'Museo Conte', 'Centro Fotografia', 'Sighseeing', 'Santa Anastasia']",Santa Anastasia,strategy_nearest,True,0.0025463104248046875,success
04536B429C4C80,3,['Arena'],Casa Giulietta,"['Centro Fotografia', 'Sighseeing', 'Torre Lamberti', 'Museo Conte', 'Museo Radio']",Teatro Romano,strategy_nearest,False,0.0014262199401855469,success
04535F3A9C4C80,1,"['Tomba Giulietta', 'Arena', 'Torre Lamberti']",Palazzo della Ragione,"['AMO', 'Museo Conte', 'Centro Fotografia', 'Sighseeing', 'Santa Anastasia']",Casa Giulietta,strategy_nearest,False,0.00327301025390625,success
0453753A9C4C80,3,['Castelvecchio'],Arena,"['Verona Tour', 'Museo Lapidario', 'Museo Radio', 'San Fermo', 'Casa Giulietta']",Torre Lamberti,strategy_nearest,False,0.0033998489379882812,success
0453793A9C4C80,2,['Torre Lamberti'],Teatro Romano,"['Santa Anastasia', 'Duomo', 'AMO', 'Palazzo della Ragione', 'Museo Conte']",Duomo,strategy_nearest,True,0.0019328594207763672,success
045379429C4C80,1,"['Arena', 'Casa Giulietta', 'Teatro Romano']",Duomo,"['AMO', 'Museo Miniscalchi', 'Santa Anastasia', 'Palazzo della Ragione', 'Museo Conte']",Santa Anastasia,strategy_nearest,True,0.003473043441772461,success
0453794A9C4C80,0,['Arena'],San Fermo,"['Museo Storia', 'Museo Radio', 'Casa Giulietta', 'Centro Fotografia', 'Sighseeing']",Casa Giulietta,strategy_nearest,True,0.0024280548095703125,success
0453803A9C4C80,3,['Arena'],Casa Giulietta,"['Centro Fotografia', 'Sighseeing', 'Torre Lamberti', 'Museo Conte', 'Museo Radio']",Santa Anastasia,strategy_nearest,False,0.003056049346923828,success
045380429C4C80,0,['Arena'],Teatro Romano,"['Santa Anastasia', 'Duomo', 'AMO', 'Palazzo della Ragione', 'Museo Conte']",Duomo,strategy_nearest,True,0.0023369789123535156,success
04538E3A9C4C80,3,"['Arena', 'Torre Lamberti']",Casa Giulietta,"['Centro Fotografia', 'Sighseeing', 'Museo Conte', 'Museo Radio', 'Palazzo della Ragione']",Duomo,strategy_nearest,False,0.0024750232696533203,success
0453884A9C4C80,3,"['Casa Giulietta', 'Torre Lamberti', 'Santa Anastasia']",Teatro Romano,"['Duomo', 'AMO', 'Palazzo della Ragione', 'Museo Conte', 'Centro Fotografia']",Giardino Giusti,strategy_nearest,False,0.0031778812408447266,success
0453874A9C4C80,1,"['Arena', 'Museo Lapidario', 'Castelvecchio']",Duomo,"['AMO', 'Museo Miniscalchi', 'Santa Anastasia', 'Teatro Romano', 'Palazzo della Ragione']",Casa Giulietta,strategy_nearest,False,0.0021212100982666016,success
04538F3A9C4C80,3,['Arena'],Santa Anastasia,"['AMO', 'Museo Conte', 'Palazzo della Ragione', 'Teatro Romano', 'Centro Fotografia']",Duomo,strategy_nearest,False,0.0026319026947021484,success
0453914A9C4C80,3,"['Santa Anastasia', 'Arena']",Castelvecchio,"['Museo Lapidario', 'Verona Tour', 'Museo Radio', 'San Zeno', 'Sighseeing']",San Zeno,strategy_nearest,True,0.0025599002838134766,success
04538F4A9C4C80,0,['Castelvecchio'],Torre Lamberti,"['Sighseeing', 'Centro Fotografia', 'Museo Conte', 'Casa Giulietta', 'Palazzo della Ragione']",Duomo,strategy_nearest,False,0.0020401477813720703,success
0453924A9C4C80,3,['Arena'],Santa Anastasia,"['AMO', 'Museo Conte', 'Palazzo della Ragione', 'Teatro Romano', 'Centro Fotografia']",Duomo,strategy_nearest,False,0.0034029483795166016,success
04539B429C4C80,3,"['Arena', 'Casa Giulietta']",Torre Lamberti,"['Sighseeing', 'Centro Fotografia', 'Museo Conte', 'Palazzo della Ragione', 'AMO']",Santa Anastasia,strategy_nearest,False,0.0026907920837402344,success
0453A0429C4C80,3,"['Arena', 'Casa Giulietta']",Torre Lamberti,"['Sighseeing', 'Centro Fotografia', 'Museo Conte', 'Palazzo della Ragione', 'AMO']",Santa Anastasia,strategy_nearest,False,0.0019199848175048828,success
0453944A9C4C80,3,"['Arena', 'Castelvecchio', 'Santa Anastasia']",Duomo,"['AMO', 'Museo Miniscalchi', 'Teatro Romano', 'Palazzo della Ragione', 'Museo Conte']",Teatro Romano,strategy_nearest,True,0.0033118724822998047,success
0453AA429C4C80,0,['Torre Lamberti'],Arena,"['Verona Tour', 'Museo Lapidario', 'Museo Radio', 'San Fermo', 'Casa Giulietta']",San Zeno,strategy_nearest,False,0.0024781227111816406,success
0453A14A9C4C80,0,['Arena'],Casa Giulietta,"['Centro Fotografia', 'Sighseeing', 'Torre Lamberti', 'Museo Conte', 'Museo Radio']",San Fermo,strategy_nearest,False,0.0028867721557617188,success
0453A44A9C4C80,2,['Castelvecchio'],Casa Giulietta,"['Centro Fotografia', 'Sighseeing', 'Torre Lamberti', 'Museo Conte', 'Museo Radio']",Tomba Giulietta,strategy_nearest,False,0.0019681453704833984,success
0453A8429C4C80,3,"['Castelvecchio', 'Arena', 'Tomba Giulietta']",San Fermo,"['Museo Storia', 'Museo Radio', 'Casa Giulietta', 'Centro Fotografia', 'Sighseeing']",Casa Giulietta,strategy_nearest,True,0.0030820369720458984,success
0453B03A9C4C80,1,"['Arena', 'Torre Lamberti']",Palazzo della Ragione,"['AMO', 'Museo Conte', 'Centro Fotografia', 'Sighseeing', 'Santa Anastasia']",Teatro Romano,strategy_nearest,False,0.002785921096801758,success
0453B2429C4C80,3,"['Arena', 'Casa Giulietta']",Torre Lamberti,"['Sighseeing', 'Centro Fotografia', 'Museo Conte', 'Palazzo della Ragione', 'AMO']",Santa Anastasia,strategy_nearest,False,0.0033652782440185547,success
0453B772743380,1,"['Casa Giulietta', 'Torre Lamberti']",Palazzo della Ragione,"['AMO', 'Museo Conte', 'Centro Fotografia', 'Sighseeing', 'Santa Anastasia']",Castelvecchio,strategy_nearest,False,0.0021190643310546875,success
0453BE3A9C4C80,0,['Arena'],Castelvecchio,"['Museo Lapidario', 'Verona Tour', 'Museo Radio', 'San Zeno', 'Sighseeing']",Teatro Romano,strategy_nearest,False,0.00148773193359375,success
0453CE429C4C80,0,['San Zeno'],Casa Giulietta,"['Centro Fotografia', 'Sighseeing', 'Torre Lamberti', 'Museo Conte', 'Museo Radio']",Torre Lamberti,strategy_nearest,True,0.0013780593872070312,success
0453C9429C4C80,0,"['Duomo', 'Arena']",Casa Giulietta,"['Centro Fotografia', 'Sighseeing', 'Torre Lamberti', 'Museo Conte', 'Museo Radio']",San Zeno,strategy_nearest,False,0.00220489501953125,success
0453D13A9C4C80,3,['Arena'],Casa Giulietta,"['Centro Fotografia', 'Sighseeing', 'Torre Lamberti', 'Museo Conte', 'Museo Radio']",San Fermo,strategy_nearest,False,0.0026972293853759766,success
0453DC3A9C4C80,3,"['Arena', 'San Fermo', 'Casa Giulietta', 'Torre Lamberti']",Duomo,"['AMO', 'Museo Miniscalchi', 'Santa Anastasia', 'Teatro Romano', 'Palazzo della Ragione']",Teatro Romano,strategy_nearest,True,0.003331899642944336,success
0453DD3A9C4C80,1,['Arena'],Palazzo della Ragione,"['AMO', 'Museo Conte', 'Torre Lamberti', 'Centro Fotografia', 'Sighseeing']",Casa Giulietta,strategy_nearest,False,0.0024018287658691406,success
0453FE429C4C80,0,"['Arena', 'Casa Giulietta']",Tomba Giulietta,"['San Fermo', 'Museo Storia', 'Museo Lapidario', 'Museo Radio', 'Verona Tour']",Torre Lamberti,strategy_nearest,False,0.003036975860595703,success
0453E03A9C4C80,2,['Casa Giulietta'],Torre Lamberti,"['Sighseeing', 'Centro Fotografia', 'Museo Conte', 'Palazzo della Ragione', 'AMO']",Teatro Romano,strategy_nearest,False,0.003396272659301758,success
0453FD429C4C80,0,['Arena'],Teatro Romano,"['Santa Anastasia', 'Duomo', 'AMO', 'Palazzo della Ragione', 'Museo Conte']",Duomo,strategy_nearest,True,0.002131938934326172,success
045405429C4C84,1,"['Arena', 'Palazzo della Ragione']",Casa Giulietta,"['Centro Fotografia', 'Sighseeing', 'Torre Lamberti', 'Museo Conte', 'Museo Radio']",Santa Anastasia,strategy_nearest,False,0.0018739700317382812,success
04542B429C4C80,2,['Torre Lamberti'],Santa Anastasia,"['AMO', 'Museo Conte', 'Palazzo della Ragione', 'Teatro Romano', 'Centro Fotografia']",Duomo,strategy_nearest,False,0.0024268627166748047,success
0453FF429C4C80,0,['Casa Giulietta'],Torre Lamberti,"['Sighseeing', 'Centro Fotografia', 'Museo Conte', 'Palazzo della Ragione', 'AMO']",Castelvecchio,strategy_nearest,False,0.0033719539642333984,success
045402429C4C84,1,"['Torre Lamberti', 'Palazzo della Ragione', 'Arena', 'Casa Giulietta']",Tomba Giulietta,"['San Fermo', 'Museo Storia', 'Museo Lapidario', 'Museo Radio', 'Verona Tour']",Teatro Romano,strategy_nearest,False,0.0031821727752685547,success
04542D4A9C4C80,3,"['Duomo', 'Arena']",Casa Giulietta,"['Centro Fotografia', 'Sighseeing', 'Torre Lamberti', 'Museo Conte', 'Museo Radio']",Torre Lamberti,strategy_nearest,True,0.002759218215942383,success
04542E429C4C80,0,['Arena'],Casa Giulietta,"['Centro Fotografia', 'Sighseeing', 'Torre Lamberti', 'Museo Conte', 'Museo Radio']",Torre Lamberti,strategy_nearest,True,0.002048969268798828,success
045434429C4C80,1,"['Museo Lapidario', 'Castelvecchio', 'Duomo', 'Teatro Romano', 'Casa Giulietta']",Tomba Giulietta,"['San Fermo', 'Museo Storia', 'Arena', 'Museo Radio', 'Verona Tour']",Arena,strategy_nearest,True,0.003042936325073242,success
04542C3A9C4C80,3,"['Arena', 'Museo Lapidario']",Teatro Romano,"['Santa Anastasia', 'Duomo', 'AMO', 'Palazzo della Ragione', 'Museo Conte']",Santa Anastasia,strategy_nearest,True,0.002526998519897461,success
0454394A9C4C80,1,"['Arena', 'Torre Lamberti']",Palazzo della Ragione,"['AMO', 'Museo Conte', 'Centro Fotografia', 'Sighseeing', 'Santa Anastasia']",Teatro Romano,strategy_nearest,False,0.0021538734436035156,success
04543F429C4C80,0,"['Arena', 'Casa Giulietta']",Torre Lamberti,"['Sighseeing', 'Centro Fotografia', 'Museo Conte', 'Palazzo della Ragione', 'AMO']",Castelvecchio,strategy_nearest,False,0.0020689964294433594,success
04543F3A9C4C80,1,"['Casa Giulietta', 'Torre Lamberti', 'Palazzo della Ragione', 'Santa Anastasia']",Teatro Romano,"['Duomo', 'AMO', 'Museo Conte', 'Centro Fotografia', 'Museo Miniscalchi']",Duomo,strategy_nearest,True,0.002743244171142578,success
04544F429C4C80,0,['Teatro Romano'],Torre Lamberti,"['Sighseeing', 'Centro Fotografia', 'Museo Conte', 'Casa Giulietta', 'Palazzo della Ragione']",Arena,strategy_nearest,False,0.0034940242767333984,success
045458429C4C80,0,['Torre Lamberti'],Tomba Giulietta,"['San Fermo', 'Museo Storia', 'Arena', 'Museo Lapidario', 'Museo Radio']",Arena,strategy_nearest,True,0.0019252300262451172,success
045454429C4C80,0,"['Casa Giulietta', 'Torre Lamberti']",Arena,"['Verona Tour', 'Museo Lapidario', 'Museo Radio', 'San Fermo', 'Sighseeing']",Tomba Giulietta,strategy_nearest,False,0.00404667854309082,success
0454593A9C4C80,0,['Teatro Romano'],Castelvecchio,"['Museo Lapidario', 'Verona Tour', 'Arena', 'Museo Radio', 'San Zeno']",Torre Lamberti,strategy_nearest,False,0.0031859874725341797,success
04545C3A9C4C80,1,"['Castelvecchio', 'Arena']",Teatro Romano,"['Santa Anastasia', 'Duomo', 'AMO', 'Palazzo della Ragione', 'Museo Conte']",Palazzo della Ragione,strategy_nearest,True,0.002395153045654297,success
0454663A9C4C80,3,"['Santa Anastasia', 'Casa Giulietta']",Arena,"['Verona Tour', 'Museo Lapidario', 'Museo Radio', 'San Fermo', 'Sighseeing']",Castelvecchio,strategy_nearest,False,0.002680063247680664,success
04546E3A9C4C80,4,"['Torre Lamberti', 'Duomo', 'San Fermo', 'Teatro Romano']",San Zeno,"['Castelvecchio', 'Verona Tour', 'Museo Lapidario', 'Arena', 'Museo Miniscalchi']",Museo Lapidario,strategy_nearest,True,0.003314971923828125,success
04546E429C4C80,1,"['Palazzo della Ragione', 'Santa Anastasia']",Duomo,"['AMO', 'Museo Miniscalchi', 'Teatro Romano', 'Museo Conte', 'Torre Lamberti']",Casa Giulietta,strategy_nearest,False,0.003042936325073242,success
04546F429C4C80,0,['Arena'],Castelvecchio,"['Museo Lapidario', 'Verona Tour', 'Museo Radio', 'San Zeno', 'Sighseeing']",Duomo,strategy_nearest,False,0.003634929656982422,success
045472429C4C80,3,"['Arena', 'Casa Giulietta']",Torre Lamberti,"['Sighseeing', 'Centro Fotografia', 'Museo Conte', 'Palazzo della Ragione', 'AMO']",Castelvecchio,strategy_nearest,False,0.002894163131713867,success
0454733A9C4C80,0,['Arena'],Casa Giulietta,"['Centro Fotografia', 'Sighseeing', 'Torre Lamberti', 'Museo Conte', 'Museo Radio']",Torre Lamberti,strategy_nearest,True,0.002972126007080078,success
045474429C4C80,0,"['Museo Lapidario', 'Arena']",Castelvecchio,"['Verona Tour', 'Museo Radio', 'San Zeno', 'Sighseeing', 'Museo Miniscalchi']",Santa Anastasia,strategy_nearest,False,0.0033757686614990234,success
0454873A9C4C80,0,['Arena'],Casa Giulietta,"['Centro Fotografia', 'Sighseeing', 'Torre Lamberti', 'Museo Conte', 'Museo Radio']",Tomba Giulietta,strategy_nearest,False,0.0034759044647216797,success
04547C4A9C4C80,0,['Castelvecchio'],Arena,"['Verona Tour', 'Museo Lapidario', 'Museo Radio', 'San Fermo', 'Casa Giulietta']",Torre Lamberti,strategy_nearest,False,0.002895832061767578,success
0454833A9C4C80,1,"['Museo Lapidario', 'Arena', 'Casa Giulietta']",Torre Lamberti,"['Sighseeing', 'Centro Fotografia', 'Museo Conte', 'Palazzo della Ragione', 'AMO']",Palazzo della Ragione,strategy_nearest,True,0.0021309852600097656,success
0454884A9C4C80,0,['Arena'],Torre Lamberti,"['Sighseeing', 'Centro Fotografia', 'Museo Conte', 'Casa Giulietta', 'Palazzo della Ragione']",Casa Giulietta,strategy_nearest,True,0.003186941146850586,success
04548B3A9C4C80,3,"['Torre Lamberti', 'Santa Anastasia']",Duomo,"['AMO', 'Museo Miniscalchi', 'Teatro Romano', 'Palazzo della Ragione', 'Museo Conte']",Casa Giulietta,strategy_nearest,False,0.0018079280853271484,success
04548D429C4C80,0,['Castelvecchio'],Torre Lamberti,"['Sighseeing', 'Centro Fotografia', 'Museo Conte', 'Casa Giulietta', 'Palazzo della Ragione']",Arena,strategy_nearest,False,0.0026140213012695312,success
045496429C4C80,0,['Arena'],Casa Giulietta,"['Centro Fotografia', 'Sighseeing', 'Torre Lamberti', 'Museo Conte', 'Museo Radio']",Tomba Giulietta,strategy_nearest,False,0.0034759044647216797,success
0454AB3A9C4C80,2,['Casa Giulietta'],Torre Lamberti,"['Sighseeing', 'Centro Fotografia', 'Museo Conte', 'Palazzo della Ragione', 'AMO']",Tomba Giulietta,strategy_nearest,False,0.0031938552856445312,success
0454AF3A9C4C80,2,['Torre Lamberti'],Santa Anastasia,"['AMO', 'Museo Conte', 'Palazzo della Ragione', 'Teatro Romano', 'Centro Fotografia']",Teatro Romano,strategy_nearest,True,0.0032269954681396484,success
0454AF429C4C80,0,['Arena'],Castelvecchio,"['Museo Lapidario', 'Verona Tour', 'Museo Radio', 'San Zeno', 'Sighseeing']",Teatro Romano,strategy_nearest,False,0.002947092056274414,success
0454B1429C4C80,3,['Arena'],Torre Lamberti,"['Sighseeing', 'Centro Fotografia', 'Museo Conte', 'Casa Giulietta', 'Palazzo della Ragione']",Santa Anastasia,strategy_nearest,False,0.00431370735168457,success
0454B6429C4C80,0,"['Teatro Romano', 'Duomo']",Arena,"['Verona Tour', 'Museo Lapidario', 'Museo Radio', 'San Fermo', 'Casa Giulietta']",Casa Giulietta,strategy_nearest,True,0.0015339851379394531,success
0454B3429C4C80,0,['Arena'],Casa Giulietta,"['Centro Fotografia', 'Sighseeing', 'Torre Lamberti', 'Museo Conte', 'Museo Radio']",Tomba Giulietta,strategy_nearest,False,0.0027899742126464844,success
0454B7429C4C80,0,['Arena'],Casa Giulietta,"['Centro Fotografia', 'Sighseeing', 'Torre Lamberti', 'Museo Conte', 'Museo Radio']",Duomo,strategy_nearest,False,0.003462076187133789,success
0454C43A9C4C80,2,"['Castelvecchio', 'Casa Giulietta']",Torre Lamberti,"['Sighseeing', 'Centro Fotografia', 'Museo Conte', 'Palazzo della Ragione', 'AMO']",Santa Anastasia,strategy_nearest,False,0.0026938915252685547,success
0454BF429C4C80,0,['Arena'],Casa Giulietta,"['Centro Fotografia', 'Sighseeing', 'Torre Lamberti', 'Museo Conte', 'Museo Radio']",Torre Lamberti,strategy_nearest,True,0.0013401508331298828,success
0454C2429C4C80,1,"['Arena', 'Casa Giulietta']",Torre Lamberti,"['Sighseeing', 'Centro Fotografia', 'Museo Conte', 'Palazzo della Ragione', 'AMO']",Torre Lamberti,strategy_nearest,False,0.002482891082763672,success
0454C33A9C4C80,0,['Arena'],Giardino Giusti,"['Santa Anastasia', 'Teatro Romano', 'Museo Conte', 'Centro Fotografia', 'Museo Storia']",Teatro Romano,strategy_nearest,True,0.0033388137817382812,success
0454D0429C4C80,3,"['Santa Anastasia', 'Torre Lamberti']",Arena,"['Verona Tour', 'Museo Lapidario', 'Museo Radio', 'San Fermo', 'Casa Giulietta']",Teatro Romano,strategy_nearest,False,0.002054929733276367,success
0454D53A9C4C80,1,"['Arena', 'Castelvecchio', 'Duomo', 'Santa Anastasia', 'Torre Lamberti']",Teatro Romano,"['AMO', 'Palazzo della Ragione', 'Museo Conte', 'Centro Fotografia', 'Museo Miniscalchi']",Casa Giulietta,strategy_nearest,False,0.0026471614837646484,success
0454C8429C4C80,0,['Arena'],Casa Giulietta,"['Centro Fotografia', 'Sighseeing', 'Torre Lamberti', 'Museo Conte', 'Museo Radio']",Torre Lamberti,strategy_nearest,True,0.004204988479614258,success
0454E13A9C4C80,0,['Castelvecchio'],Arena,"['Verona Tour', 'Museo Lapidario', 'Museo Radio', 'San Fermo', 'Casa Giulietta']",Casa Giulietta,strategy_nearest,True,0.004657745361328125,success
0454F53A9C4C80,0,['Arena'],Casa Giulietta,"['Centro Fotografia', 'Sighseeing', 'Torre Lamberti', 'Museo Conte', 'Museo Radio']",Tomba Giulietta,strategy_nearest,False,0.0038118362426757812,success
0454E63A9C4C80,0,['Arena'],Casa Giulietta,"['Centro Fotografia', 'Sighseeing', 'Torre Lamberti', 'Museo Conte', 'Museo Radio']",Castelvecchio,strategy_nearest,False,0.003899812698364258,success
045505429C4C84,3,"['Arena', 'Casa Giulietta', 'Santa Anastasia']",Duomo,"['AMO', 'Museo Miniscalchi', 'Teatro Romano', 'Palazzo della Ragione', 'Museo Conte']",San Fermo,strategy_nearest,False,0.002714872360229492,success
0455233A9C4C80,2,"['Castelvecchio', 'Santa Anastasia']",Teatro Romano,"['Duomo', 'AMO', 'Palazzo della Ragione', 'Museo Conte', 'Centro Fotografia']",Duomo,strategy_nearest,True,0.002444028854370117,success
0455243A9C4C80,3,"['Torre Lamberti', 'San Fermo']",Arena,"['Verona Tour', 'Museo Lapidario', 'Museo Radio', 'Casa Giulietta', 'Sighseeing']",Santa Anastasia,strategy_nearest,False,0.0025560855865478516,success
04551E3A9C4C80,1,"['Casa Giulietta', 'San Fermo', 'Arena', 'Duomo']",Santa Anastasia,"['AMO', 'Museo Conte', 'Palazzo della Ragione', 'Teatro Romano', 'Centro Fotografia']",Castelvecchio,strategy_nearest,False,0.003139972686767578,success
045525429C4C80,4,"['Arena', 'Casa Giulietta', 'Palazzo della Ragione', 'Tomba Giulietta', 'Museo Radio', 'Museo Lapidario']",Castelvecchio,"['Verona Tour', 'San Zeno', 'Sighseeing', 'Museo Miniscalchi', 'Torre Lamberti']",San Zeno,strategy_nearest,True,0.0020651817321777344,success
045528429C4C80,1,"['Castelvecchio', 'Museo Lapidario', 'Arena']",Casa Giulietta,"['Centro Fotografia', 'Sighseeing', 'Torre Lamberti', 'Museo Conte', 'Museo Radio']",Torre Lamberti,strategy_nearest,True,0.0028107166290283203,success
04552A3A9C4C80,3,"['Castelvecchio', 'Arena']",Torre Lamberti,"['Sighseeing', 'Centro Fotografia', 'Museo Conte', 'Casa Giulietta', 'Palazzo della Ragione']",Casa Giulietta,strategy_nearest,True,0.0027468204498291016,success
04552B429C4C80,0,['Arena'],Casa Giulietta,"['Centro Fotografia', 'Sighseeing', 'Torre Lamberti', 'Museo Conte', 'Museo Radio']",Torre Lamberti,strategy_nearest,True,0.003523111343383789,success
04552C3A9C4C80,1,"['Torre Lamberti', 'Palazzo della Ragione', 'Casa Giulietta', 'Santa Anastasia']",Arena,"['Verona Tour', 'Museo Lapidario', 'Museo Radio', 'San Fermo', 'Sighseeing']",San Fermo,strategy_nearest,True,0.002783060073852539,success
0455334A9C4C80,1,"['Torre Lamberti', 'Palazzo della Ragione', 'Casa Giulietta', 'Santa Anastasia']",Arena,"['Verona Tour', 'Museo Lapidario', 'Museo Radio', 'San Fermo', 'Sighseeing']",San Fermo,strategy_nearest,True,0.003686189651489258,success
0455344A9C4C80,0,['Arena'],Tomba Giulietta,"['San Fermo', 'Museo Storia', 'Museo Lapidario', 'Museo Radio', 'Verona Tour']",Castelvecchio,strategy_nearest,False,0.002080678939819336,success
045535429C4C80,0,"['Arena', 'Castelvecchio']",Casa Giulietta,"['Centro Fotografia', 'Sighseeing', 'Torre Lamberti', 'Museo Conte', 'Museo Radio']",Tomba Giulietta,strategy_nearest,False,0.004184722900390625,success
045536429C4C80,3,"['Arena', 'Casa Giulietta']",Santa Anastasia,"['AMO', 'Museo Conte', 'Palazzo della Ragione', 'Teatro Romano', 'Centro Fotografia']",Duomo,strategy_nearest,False,0.002852201461791992,success
0455493A9C4C80,1,"['San Zeno', 'Castelvecchio', 'Arena', 'Torre Lamberti']",Palazzo della Ragione,"['AMO', 'Museo Conte', 'Centro Fotografia', 'Sighseeing', 'Santa Anastasia']",Casa Giulietta,strategy_nearest,False,0.003061056137084961,success
0455503A9C4C80,3,"['Castelvecchio', 'Arena']",Teatro Romano,"['Santa Anastasia', 'Duomo', 'AMO', 'Palazzo della Ragione', 'Museo Conte']",Duomo,strategy_nearest,True,0.003652811050415039,success
045552429C4C80,3,"['Arena', 'Casa Giulietta', 'Santa Anastasia']",Duomo,"['AMO', 'Museo Miniscalchi', 'Teatro Romano', 'Palazzo della Ragione', 'Museo Conte']",Teatro Romano,strategy_nearest,True,0.0026807785034179688,success
0455663A9C4C80,1,"['Casa Giulietta', 'Torre Lamberti']",Palazzo della Ragione,"['AMO', 'Museo Conte', 'Centro Fotografia', 'Sighseeing', 'Santa Anastasia']",Arena,strategy_nearest,False,0.002947092056274414,success
04555F429C4C80,0,['Torre Lamberti'],Casa Giulietta,"['Centro Fotografia', 'Sighseeing', 'Museo Conte', 'Museo Radio', 'Palazzo della Ragione']",Arena,strategy_nearest,False,0.002299070358276367,success
04555A3A9C4C80,4,"['Casa Giulietta', 'Santa Anastasia', 'Duomo', 'Teatro Romano']",Arena,"['Verona Tour', 'Museo Lapidario', 'Museo Radio', 'San Fermo', 'Sighseeing']",San Fermo,strategy_nearest,True,0.002244710922241211,success
045567429C4C80,0,['Arena'],Casa Giulietta,"['Centro Fotografia', 'Sighseeing', 'Torre Lamberti', 'Museo Conte', 'Museo Radio']",Teatro Romano,strategy_nearest,False,0.003419160842895508,success
04556A429C4C80,1,"['Palazzo della Ragione', 'Torre Lamberti']",Casa Giulietta,"['Centro Fotografia', 'Sighseeing', 'Museo Conte', 'Museo Radio', 'San Fermo']",Arena,strategy_nearest,False,0.002351999282836914,success
0455803A9C4C80,0,['Arena'],Santa Anastasia,"['AMO', 'Museo Conte', 'Palazzo della Ragione', 'Teatro Romano', 'Centro Fotografia']",Casa Giulietta,strategy_nearest,False,0.0032472610473632812,success
04557F3A9C4C80,1,"['Arena', 'Torre Lamberti']",Casa Giulietta,"['Centro Fotografia', 'Sighseeing', 'Museo Conte', 'Museo Radio', 'Palazzo della Ragione']",Palazzo della Ragione,strategy_nearest,True,0.004059791564941406,success
0455843A9C4C80,0,['Arena'],Santa Anastasia,"['AMO', 'Museo Conte', 'Palazzo della Ragione', 'Teatro Romano', 'Centro Fotografia']",Castelvecchio,strategy_nearest,False,0.0019011497497558594,success
045586429C4C80,2,"['Castelvecchio', 'Torre Lamberti', 'Palazzo della Ragione']",Casa Giulietta,"['Centro Fotografia', 'Sighseeing', 'Museo Conte', 'Museo Radio', 'San Fermo']",Santa Anastasia,strategy_nearest,False,0.0027282238006591797,success
0455833A9C4C80,3,"['Casa Giulietta', 'Torre Lamberti']",Santa Anastasia,"['AMO', 'Museo Conte', 'Palazzo della Ragione', 'Teatro Romano', 'Centro Fotografia']",Duomo,strategy_nearest,False,0.005405902862548828,success
0455873A9C4C80,3,"['Arena', 'Casa Giulietta']",Torre Lamberti,"['Sighseeing', 'Centro Fotografia', 'Museo Conte', 'Palazzo della Ragione', 'AMO']",Duomo,strategy_nearest,False,0.002889871597290039,success
045587429C4C80,3,"['Casa Giulietta', 'Torre Lamberti']",San Fermo,"['Museo Storia', 'Museo Radio', 'Centro Fotografia', 'Arena', 'Sighseeing']",Santa Anastasia,strategy_nearest,False,0.0034301280975341797,success
04558A3A9C4C80,0,['Castelvecchio'],Arena,"['Verona Tour', 'Museo Lapidario', 'Museo Radio', 'San Fermo', 'Casa Giulietta']",Casa Giulietta,strategy_nearest,True,0.002664804458618164,success
04558E3A9C4C80,3,"['Arena', 'Museo Lapidario', 'Castelvecchio']",Torre Lamberti,"['Sighseeing', 'Centro Fotografia', 'Museo Conte', 'Casa Giulietta', 'Palazzo della Ragione']",Casa Giulietta,strategy_nearest,True,0.0018181800842285156,success
0455914A9C4C80,3,"['Arena', 'Casa Giulietta']",Tomba Giulietta,"['San Fermo', 'Museo Storia', 'Museo Lapidario', 'Museo Radio', 'Verona Tour']",Torre Lamberti,strategy_nearest,False,0.0028238296508789062,success
04558F3A9C4C80,3,"['Torre Lamberti', 'Santa Anastasia']",Teatro Romano,"['Duomo', 'AMO', 'Palazzo della Ragione', 'Museo Conte', 'Centro Fotografia']",Duomo,strategy_nearest,True,0.0036568641662597656,success
0455964A9C4C80,3,"['Arena', 'Museo Lapidario', 'San Zeno']",Castelvecchio,"['Verona Tour', 'Museo Radio', 'Sighseeing', 'Museo Miniscalchi', 'Torre Lamberti']",Casa Giulietta,strategy_nearest,False,0.003061056137084961,success
045591BA7B3F80,1,"['Teatro Romano', 'Torre Lamberti', 'Palazzo della Ragione']",Casa Giulietta,"['Centro Fotografia', 'Sighseeing', 'Museo Conte', 'Museo Radio', 'San Fermo']",Arena,strategy_nearest,False,0.003648042678833008,success
045599429C4C80,1,"['Teatro Romano', 'Arena']",Castelvecchio,"['Museo Lapidario', 'Verona Tour', 'Museo Radio', 'San Zeno', 'Sighseeing']",Torre Lamberti,strategy_nearest,False,0.002502918243408203,success
04559F429C4C80,0,['Arena'],Casa Giulietta,"['Centro Fotografia', 'Sighseeing', 'Torre Lamberti', 'Museo Conte', 'Museo Radio']",Castelvecchio,strategy_nearest,False,0.0013723373413085938,success
04559A4A9C4C80,3,"['Arena', 'Casa Giulietta', 'Casa Giulietta']",Tomba Giulietta,"['San Fermo', 'Museo Storia', 'Museo Lapidario', 'Museo Radio', 'Verona Tour']",Torre Lamberti,strategy_nearest,False,0.004227161407470703,success
0455A54A9C4C80,3,"['Arena', 'Casa Giulietta']",Teatro Romano,"['Santa Anastasia', 'Duomo', 'AMO', 'Palazzo della Ragione', 'Museo Conte']",Teatro Romano,strategy_nearest,False,0.003052949905395508,success
0455B4429C4C80,3,['Santa Anastasia'],Torre Lamberti,"['Sighseeing', 'Centro Fotografia', 'Museo Conte', 'Casa Giulietta', 'Palazzo della Ragione']",Arena,strategy_nearest,False,0.0039899349212646484,success
0455BB429C4C80,3,"['Arena', 'Castelvecchio', 'San Zeno']",Casa Giulietta,"['Centro Fotografia', 'Sighseeing', 'Torre Lamberti', 'Museo Conte', 'Museo Radio']",Duomo,strategy_nearest,False,0.005308866500854492,success
0455BF3A9C4C80,0,['Casa Giulietta'],Arena,"['Verona Tour', 'Museo Lapidario', 'Museo Radio', 'San Fermo', 'Sighseeing']",Castelvecchio,strategy_nearest,False,0.0043468475341796875,success
0455BC429C4C80,3,"['Arena', 'Casa Giulietta']",Torre Lamberti,"['Sighseeing', 'Centro Fotografia', 'Museo Conte', 'Palazzo della Ragione', 'AMO']",San Fermo,strategy_nearest,False,0.0040891170501708984,success
0455E0429C4C80,2,"['Teatro Romano', 'San Zeno', 'Castelvecchio', 'Casa Giulietta']",Duomo,"['AMO', 'Museo Miniscalchi', 'Santa Anastasia', 'Palazzo della Ragione', 'Museo Conte']",Santa Anastasia,strategy_nearest,True,0.0021791458129882812,success
0455C6429C4C80,2,['Casa Giulietta'],Palazzo della Ragione,"['AMO', 'Museo Conte', 'Torre Lamberti', 'Centro Fotografia', 'Sighseeing']",Castelvecchio,strategy_nearest,False,0.0021886825561523438,success
0455F7429C4C80,3,"['Arena', 'Santa Anastasia']",Teatro Romano,"['Duomo', 'AMO', 'Palazzo della Ragione', 'Museo Conte', 'Centro Fotografia']",Duomo,strategy_nearest,True,0.0033521652221679688,success
0455D33A9C4C80,1,"['Palazzo della Ragione', 'Torre Lamberti', 'San Zeno', 'Castelvecchio']",Santa Anastasia,"['AMO', 'Museo Conte', 'Teatro Romano', 'Centro Fotografia', 'Duomo']",Teatro Romano,strategy_nearest,True,0.003083944320678711,success
045608429C4C84,3,"['Teatro Romano', 'Duomo']",Santa Anastasia,"['AMO', 'Museo Conte', 'Palazzo della Ragione', 'Centro Fotografia', 'Torre Lamberti']",Torre Lamberti,strategy_nearest,True,0.0017809867858886719,success
0456143A9C4C84,0,['Arena'],Casa Giulietta,"['Centro Fotografia', 'Sighseeing', 'Torre Lamberti', 'Museo Conte', 'Museo Radio']",Torre Lamberti,strategy_nearest,True,0.0021240711212158203,success
04560D3A9C4C84,1,"['Arena', 'Palazzo della Ragione']",Torre Lamberti,"['Sighseeing', 'Centro Fotografia', 'Museo Conte', 'Casa Giulietta', 'AMO']",Santa Anastasia,strategy_nearest,False,0.00299072265625,success
04562B429C4C80,0,"['Arena', 'Casa Giulietta']",Torre Lamberti,"['Sighseeing', 'Centro Fotografia', 'Museo Conte', 'Palazzo della Ragione', 'AMO']",Teatro Romano,strategy_nearest,False,0.0025920867919921875,success
0456213A9C4C80,1,"['Castelvecchio', 'Tomba Giulietta', 'Teatro Romano', 'Duomo']",Santa Anastasia,"['AMO', 'Museo Conte', 'Palazzo della Ragione', 'Centro Fotografia', 'Torre Lamberti']",Palazzo della Ragione,strategy_nearest,True,0.0034248828887939453,success
04562D429C4C80,1,"['Arena', 'Castelvecchio', 'Casa Giulietta']",Torre Lamberti,"['Sighseeing', 'Centro Fotografia', 'Museo Conte', 'Palazzo della Ragione', 'AMO']",Palazzo della Ragione,strategy_nearest,True,0.00269317626953125,success
04563F3A9C4C80,0,['Arena'],Castelvecchio,"['Museo Lapidario', 'Verona Tour', 'Museo Radio', 'San Zeno', 'Sighseeing']",Casa Giulietta,strategy_nearest,False,0.003726959228515625,success
045651429C4C80,3,"['Santa Anastasia', 'Duomo']",Torre Lamberti,"['Sighseeing', 'Centro Fotografia', 'Museo Conte', 'Casa Giulietta', 'Palazzo della Ragione']",Castelvecchio,strategy_nearest,False,0.003976106643676758,success
04564F3A9C4C80,1,"['Torre Lamberti', 'Palazzo della Ragione', 'Santa Anastasia']",Duomo,"['AMO', 'Museo Miniscalchi', 'Teatro Romano', 'Museo Conte', 'Centro Fotografia']",Arena,strategy_nearest,False,0.003392934799194336,success
045652429C4C80,0,['Arena'],Casa Giulietta,"['Centro Fotografia', 'Sighseeing', 'Torre Lamberti', 'Museo Conte', 'Museo Radio']",Castelvecchio,strategy_nearest,False,0.003208160400390625,success
04566F429C4C80,1,"['Arena', 'Casa Giulietta']",Palazzo della Ragione,"['AMO', 'Museo Conte', 'Torre Lamberti', 'Centro Fotografia', 'Sighseeing']",Torre Lamberti,strategy_nearest,True,0.002869129180908203,success
0456794A9C4C80,2,"['Palazzo della Ragione', 'Torre Lamberti']",Casa Giulietta,"['Centro Fotografia', 'Sighseeing', 'Museo Conte', 'Museo Radio', 'San Fermo']",Santa Anastasia,strategy_nearest,False,0.0033769607543945312,success
04567B3A9C4C80,3,"['Arena', 'Casa Giulietta']",Torre Lamberti,"['Sighseeing', 'Centro Fotografia', 'Museo Conte', 'Palazzo della Ragione', 'AMO']",Santa Anastasia,strategy_nearest,False,0.0029289722442626953,success
0456713A9C4C80,3,"['Arena', 'Casa Giulietta']",Torre Lamberti,"['Sighseeing', 'Centro Fotografia', 'Museo Conte', 'Palazzo della Ragione', 'AMO']",Santa Anastasia,strategy_nearest,False,0.003381013870239258,success
04567A4A9C4C80,3,"['Arena', 'Castelvecchio', 'San Zeno']",Santa Anastasia,"['AMO', 'Museo Conte', 'Palazzo della Ragione', 'Teatro Romano', 'Centro Fotografia']",Torre Lamberti,strategy_nearest,False,0.004162788391113281,success
04567B429C4C80,2,['Torre Lamberti'],Casa Giulietta,"['Centro Fotografia', 'Sighseeing', 'Museo Conte', 'Museo Radio', 'Palazzo della Ragione']",Duomo,strategy_nearest,False,0.0021550655364990234,success
0456834A9C4C80,0,['Arena'],Castelvecchio,"['Museo Lapidario', 'Verona Tour', 'Museo Radio', 'San Zeno', 'Sighseeing']",Santa Anastasia,strategy_nearest,False,0.0023059844970703125,success
0456984A9C4C80,0,['Arena'],Torre Lamberti,"['Sighseeing', 'Centro Fotografia', 'Museo Conte', 'Casa Giulietta', 'Palazzo della Ragione']",Museo Lapidario,strategy_nearest,False,0.003094196319580078,success
0456AC429C4C80,3,"['Castelvecchio', 'Arena']",Casa Giulietta,"['Centro Fotografia', 'Sighseeing', 'Torre Lamberti', 'Museo Conte', 'Museo Radio']",Torre Lamberti,strategy_nearest,True,0.0015358924865722656,success
0456B9429C4C80,0,['San Zeno'],San Fermo,"['Museo Storia', 'Museo Radio', 'Casa Giulietta', 'Centro Fotografia', 'Arena']",Arena,strategy_nearest,True,0.0042781829833984375,success
0456A0429C4C80,0,['Arena'],Casa Giulietta,"['Centro Fotografia', 'Sighseeing', 'Torre Lamberti', 'Museo Conte', 'Museo Radio']",Teatro Romano,strategy_nearest,False,0.004448890686035156,success
0456C2429C4C80,0,"['Arena', 'Casa Giulietta']",Torre Lamberti,"['Sighseeing', 'Centro Fotografia', 'Museo Conte', 'Palazzo della Ragione', 'AMO']",Duomo,strategy_nearest,False,0.0026280879974365234,success
0456C43A9C4C80,3,['Arena'],Casa Giulietta,"['Centro Fotografia', 'Sighseeing', 'Torre Lamberti', 'Museo Conte', 'Museo Radio']",Torre Lamberti,strategy_nearest,True,0.004224061965942383,success
0456C23A9C4C80,1,"['Casa Giulietta', 'Torre Lamberti']",Castelvecchio,"['Museo Lapidario', 'Verona Tour', 'Arena', 'Museo Radio', 'San Zeno']",Tomba Giulietta,strategy_nearest,False,0.005959033966064453,success
0456C53A9C4C80,1,"['Arena', 'Torre Lamberti']",Palazzo della Ragione,"['AMO', 'Museo Conte', 'Centro Fotografia', 'Sighseeing', 'Santa Anastasia']",Santa Anastasia,strategy_nearest,True,0.0032618045806884766,success
0456D23A9C4C80,1,"['Palazzo della Ragione', 'Santa Anastasia', 'Duomo', 'Teatro Romano']",Arena,"['Verona Tour', 'Museo Lapidario', 'Museo Radio', 'San Fermo', 'Casa Giulietta']",San Fermo,strategy_nearest,True,0.002315998077392578,success
0456CF3A9C4C80,3,"['Arena', 'Duomo']",Santa Anastasia,"['AMO', 'Museo Conte', 'Palazzo della Ragione', 'Teatro Romano', 'Centro Fotografia']",Casa Giulietta,strategy_nearest,False,0.004440784454345703,success
0457013A9C4C84,1,"['Arena', 'Casa Giulietta']",Torre Lamberti,"['Sighseeing', 'Centro Fotografia', 'Museo Conte', 'Palazzo della Ragione', 'AMO']",Palazzo della Ragione,strategy_nearest,True,0.0021660327911376953,success
0456E1429C4C80,2,['Teatro Romano'],Tomba Giulietta,"['San Fermo', 'Museo Storia', 'Arena', 'Museo Lapidario', 'Museo Radio']",Casa Giulietta,strategy_nearest,False,0.003094911575317383,success
04570D3A9C4C84,1,"['Torre Lamberti', 'Palazzo della Ragione', 'Duomo']",Casa Giulietta,"['Centro Fotografia', 'Sighseeing', 'Museo Conte', 'Museo Radio', 'San Fermo']",Arena,strategy_nearest,False,0.003133058547973633,success
0457243A9C4C80,1,"['Teatro Romano', 'Giardino Giusti']",Casa Giulietta,"['Centro Fotografia', 'Sighseeing', 'Torre Lamberti', 'Museo Conte', 'Museo Radio']",Palazzo della Ragione,strategy_nearest,False,0.0017859935760498047,success
04572D3A9C4C80,3,"['Castelvecchio', 'Santa Anastasia', 'Teatro Romano']",Duomo,"['AMO', 'Museo Miniscalchi', 'Palazzo della Ragione', 'Museo Conte', 'Torre Lamberti']",Casa Giulietta,strategy_nearest,False,0.00226593017578125,success
0457173A9C4C84,2,"['Torre Lamberti', 'Casa Giulietta']",Santa Anastasia,"['AMO', 'Museo Conte', 'Palazzo della Ragione', 'Teatro Romano', 'Centro Fotografia']",Duomo,strategy_nearest,False,0.003945827484130859,success
0457303A9C4C80,3,"['Arena', 'Santa Anastasia']",Duomo,"['AMO', 'Museo Miniscalchi', 'Teatro Romano', 'Palazzo della Ragione', 'Museo Conte']",San Zeno,strategy_nearest,False,0.002249002456665039,success
045730429C4C80,0,"['Torre Lamberti', 'Teatro Romano']",Arena,"['Verona Tour', 'Museo Lapidario', 'Museo Radio', 'San Fermo', 'Casa Giulietta']",Tomba Giulietta,strategy_nearest,False,0.004147052764892578,success
0457314A9C4C80,0,['San Zeno'],Casa Giulietta,"['Centro Fotografia', 'Sighseeing', 'Torre Lamberti', 'Museo Conte', 'Museo Radio']",Torre Lamberti,strategy_nearest,True,0.005638837814331055,success
045736429C4C80,3,"['Arena', 'Museo Lapidario', 'Castelvecchio', 'Teatro Romano']",Duomo,"['AMO', 'Museo Miniscalchi', 'Santa Anastasia', 'Palazzo della Ragione', 'Museo Conte']",Santa Anastasia,strategy_nearest,True,0.005404949188232422,success
0457403A9C4C80,0,['Arena'],Duomo,"['AMO', 'Museo Miniscalchi', 'Santa Anastasia', 'Teatro Romano', 'Palazzo della Ragione']",Teatro Romano,strategy_nearest,True,0.003644227981567383,success
04573B429C4C80,0,['Arena'],Casa Giulietta,"['Centro Fotografia', 'Sighseeing', 'Torre Lamberti', 'Museo Conte', 'Museo Radio']",Torre Lamberti,strategy_nearest,True,0.0032248497009277344,success
04573A429C4C80,1,"['Arena', 'Torre Lamberti']",Palazzo della Ragione,"['AMO', 'Museo Conte', 'Centro Fotografia', 'Sighseeing', 'Santa Anastasia']",Casa Giulietta,strategy_nearest,False,0.002685070037841797,success
045749429C4C80,3,"['San Fermo', 'Tomba Giulietta']",Arena,"['Verona Tour', 'Museo Lapidario', 'Museo Radio', 'Casa Giulietta', 'Sighseeing']",Castelvecchio,strategy_nearest,False,0.0026679039001464844,success
045752429C4C80,1,"['Museo Lapidario', 'Arena']",Palazzo della Ragione,"['AMO', 'Museo Conte', 'Torre Lamberti', 'Centro Fotografia', 'Sighseeing']",Teatro Romano,strategy_nearest,False,0.0028879642486572266,success
0457543A9C4C80,3,"['Arena', 'San Zeno']",Duomo,"['AMO', 'Museo Miniscalchi', 'Santa Anastasia', 'Teatro Romano', 'Palazzo della Ragione']",Teatro Romano,strategy_nearest,True,0.0018529891967773438,success
045756429C4C80,1,"['Arena', 'Torre Lamberti']",Palazzo della Ragione,"['AMO', 'Museo Conte', 'Centro Fotografia', 'Sighseeing', 'Santa Anastasia']",Santa Anastasia,strategy_nearest,True,0.003813028335571289,success
045759429C4C80,1,"['Arena', 'Santa Anastasia']",Duomo,"['AMO', 'Museo Miniscalchi', 'Teatro Romano', 'Palazzo della Ragione', 'Museo Conte']",Palazzo della Ragione,strategy_nearest,True,0.002223968505859375,success
045757429C4C80,2,['Casa Giulietta'],Torre Lamberti,"['Sighseeing', 'Centro Fotografia', 'Museo Conte', 'Palazzo della Ragione', 'AMO']",Duomo,strategy_nearest,False,0.004380941390991211,success
04575B3A9C4C80,1,"['Palazzo della Ragione', 'Torre Lamberti']",Arena,"['Verona Tour', 'Museo Lapidario', 'Museo Radio', 'San Fermo', 'Casa Giulietta']",Santa Anastasia,strategy_nearest,False,0.0038559436798095703,success
045769429C4C80,1,"['Arena', 'Casa Giulietta']",Palazzo della Ragione,"['AMO', 'Museo Conte', 'Torre Lamberti', 'Centro Fotografia', 'Sighseeing']",Torre Lamberti,strategy_nearest,True,0.002307891845703125,success
045763429C4C80,2,['Torre Lamberti'],Santa Anastasia,"['AMO', 'Museo Conte', 'Palazzo della Ragione', 'Teatro Romano', 'Centro Fotografia']",Teatro Romano,strategy_nearest,True,0.005894184112548828,success
0457663A9C4C80,3,"['Arena', 'San Fermo', 'Casa Giulietta']",Torre Lamberti,"['Sighseeing', 'Centro Fotografia', 'Museo Conte', 'Palazzo della Ragione', 'AMO']",Santa Anastasia,strategy_nearest,False,0.0045659542083740234,success
0457653A9C4C80,3,"['Torre Lamberti', 'Casa Giulietta']",Arena,"['Verona Tour', 'Museo Lapidario', 'Museo Radio', 'San Fermo', 'Sighseeing']",Castelvecchio,strategy_nearest,False,0.0053980350494384766,success
0457794A9C4C80,2,['San Fermo'],Teatro Romano,"['Santa Anastasia', 'Duomo', 'AMO', 'Palazzo della Ragione', 'Museo Conte']",Duomo,strategy_nearest,True,0.002969026565551758,success
04577D429C4C80,1,"['Arena', 'Casa Giulietta']",Torre Lamberti,"['Sighseeing', 'Centro Fotografia', 'Museo Conte', 'Palazzo della Ragione', 'AMO']",Palazzo della Ragione,strategy_nearest,True,0.0020117759704589844,success
04577F429C4C80,3,"['Castelvecchio', 'Arena']",Santa Anastasia,"['AMO', 'Museo Conte', 'Palazzo della Ragione', 'Teatro Romano', 'Centro Fotografia']",Duomo,strategy_nearest,False,0.002669811248779297,success
0457804A9C4C80,1,"['Casa Giulietta', 'Palazzo della Ragione', 'Torre Lamberti']",Santa Anastasia,"['AMO', 'Museo Conte', 'Teatro Romano', 'Centro Fotografia', 'Duomo']",Duomo,strategy_nearest,True,0.0024178028106689453,success
045786429C4C80,1,"['Castelvecchio', 'Tomba Giulietta', 'Arena', 'Museo Lapidario']",San Zeno,"['Verona Tour', 'Museo Miniscalchi', 'Sighseeing', 'Museo Radio', 'Torre Lamberti']",Casa Giulietta,strategy_nearest,False,0.0027399063110351562,success
0457873A9C4C80,0,['Arena'],Casa Giulietta,"['Centro Fotografia', 'Sighseeing', 'Torre Lamberti', 'Museo Conte', 'Museo Radio']",Torre Lamberti,strategy_nearest,True,0.0024819374084472656,success
045787429C4C80,0,['Arena'],Museo Lapidario,"['Verona Tour', 'Castelvecchio', 'Museo Radio', 'San Fermo', 'Casa Giulietta']",Casa Giulietta,strategy_nearest,True,0.0028531551361083984,success
0457894A9C4C80,1,"['Arena', 'Duomo', 'Santa Anastasia', 'Casa Giulietta']",Castelvecchio,"['Museo Lapidario', 'Verona Tour', 'Museo Radio', 'San Zeno', 'Sighseeing']",Torre Lamberti,strategy_nearest,False,0.0035080909729003906,success
045791429C4C80,1,"['Arena', 'Castelvecchio']",Palazzo della Ragione,"['AMO', 'Museo Conte', 'Torre Lamberti', 'Centro Fotografia', 'Sighseeing']",Casa Giulietta,strategy_nearest,False,0.002892017364501953,success
0457A84A9C4C80,0,"['Arena', 'Teatro Romano']",San Fermo,"['Museo Storia', 'Museo Radio', 'Casa Giulietta', 'Centro Fotografia', 'Sighseeing']",Tomba Giulietta,strategy_nearest,False,0.0037441253662109375,success
0457AA3A9C4C80,3,"['Santa Anastasia', 'Duomo']",Torre Lamberti,"['Sighseeing', 'Centro Fotografia', 'Museo Conte', 'Casa Giulietta', 'Palazzo della Ragione']",Arena,strategy_nearest,False,0.002618074417114258,success
0457A93A9C4C80,0,['Arena'],Casa Giulietta,"['Centro Fotografia', 'Sighseeing', 'Torre Lamberti', 'Museo Conte', 'Museo Radio']",Torre Lamberti,strategy_nearest,True,0.004426002502441406,success
0457AB429C4C80,1,"['Arena', 'Casa Giulietta']",Palazzo della Ragione,"['AMO', 'Museo Conte', 'Torre Lamberti', 'Centro Fotografia', 'Sighseeing']",Torre Lamberti,strategy_nearest,True,0.003919839859008789,success
0457AC429C4C80,0,['Arena'],Casa Giulietta,"['Centro Fotografia', 'Sighseeing', 'Torre Lamberti', 'Museo Conte', 'Museo Radio']",Teatro Romano,strategy_nearest,False,0.0025777816772460938,success
0457AC3A9C4C80,0,['Arena'],Torre Lamberti,"['Sighseeing', 'Centro Fotografia', 'Museo Conte', 'Casa Giulietta', 'Palazzo della Ragione']",Casa Giulietta,strategy_nearest,True,0.004558086395263672,success
0457B03A9C4C80,0,"['Casa Giulietta', 'Duomo']",Torre Lamberti,"['Sighseeing', 'Centro Fotografia', 'Museo Conte', 'Palazzo della Ragione', 'AMO']",Arena,strategy_nearest,False,0.0020389556884765625,success
0457C3429C4C80,1,"['Arena', 'Casa Giulietta']",Torre Lamberti,"['Sighseeing', 'Centro Fotografia', 'Museo Conte', 'Palazzo della Ragione', 'AMO']",Palazzo della Ragione,strategy_nearest,True,0.0012500286102294922,success
0457C73A9C4C80,1,"['Teatro Romano', 'Torre Lamberti']",Palazzo della Ragione,"['AMO', 'Museo Conte', 'Centro Fotografia', 'Sighseeing', 'Santa Anastasia']",Arena,strategy_nearest,False,0.0028829574584960938,success
0457C23A9C4C80,1,"['Arena', 'Casa Giulietta']",Torre Lamberti,"['Sighseeing', 'Centro Fotografia', 'Museo Conte', 'Palazzo della Ragione', 'AMO']",Torre Lamberti,strategy_nearest,False,0.0038220882415771484,success
0457CC3A9C4C80,1,"['Castelvecchio', 'Arena']",Palazzo della Ragione,"['AMO', 'Museo Conte', 'Torre Lamberti', 'Centro Fotografia', 'Sighseeing']",Santa Anastasia,strategy_nearest,False,0.003181934356689453,success
0457D43A9C4C80,3,"['Arena', 'Casa Giulietta']",Torre Lamberti,"['Sighseeing', 'Centro Fotografia', 'Museo Conte', 'Palazzo della Ragione', 'AMO']",Castelvecchio,strategy_nearest,False,0.0025930404663085938,success
0457E5429C4C80,3,"['Teatro Romano', 'San Fermo', 'Duomo', 'Santa Anastasia']",Torre Lamberti,"['Sighseeing', 'Centro Fotografia', 'Museo Conte', 'Casa Giulietta', 'Palazzo della Ragione']",Arena,strategy_nearest,False,0.0028629302978515625,success
0457F13A9C4C80,2,['Casa Giulietta'],Palazzo della Ragione,"['AMO', 'Museo Conte', 'Torre Lamberti', 'Centro Fotografia', 'Sighseeing']",Torre Lamberti,strategy_nearest,True,0.0033740997314453125,success
0457F63A9C4C80,3,['Arena'],Castelvecchio,"['Museo Lapidario', 'Verona Tour', 'Museo Radio', 'San Zeno', 'Sighseeing']",Teatro Romano,strategy_nearest,False,0.00261688232421875,success
045814429C4C84,3,"['Torre Lamberti', 'Casa Giulietta', 'Arena']",Tomba Giulietta,"['San Fermo', 'Museo Storia', 'Museo Lapidario', 'Museo Radio', 'Verona Tour']",Castelvecchio,strategy_nearest,False,0.0036139488220214844,success
0458033A9C4C84,3,['Torre Lamberti'],Santa Anastasia,"['AMO', 'Museo Conte', 'Palazzo della Ragione', 'Teatro Romano', 'Centro Fotografia']",Duomo,strategy_nearest,False,0.0032842159271240234,success
04580F3A9C4C84,3,"['Arena', 'Santa Anastasia']",Duomo,"['AMO', 'Museo Miniscalchi', 'Teatro Romano', 'Palazzo della Ragione', 'Museo Conte']",San Zeno,strategy_nearest,False,0.0050051212310791016,success
045811429C4C84,0,['Arena'],Casa Giulietta,"['Centro Fotografia', 'Sighseeing', 'Torre Lamberti', 'Museo Conte', 'Museo Radio']",Torre Lamberti,strategy_nearest,True,0.0029790401458740234,success
0458193A9C4C84,2,['Teatro Romano'],Duomo,"['AMO', 'Museo Miniscalchi', 'Santa Anastasia', 'Palazzo della Ragione', 'Museo Conte']",Santa Anastasia,strategy_nearest,True,0.0014598369598388672,success
04581F3A9C4C80,0,"['Casa Giulietta', 'Arena', 'Museo Lapidario']",Castelvecchio,"['Verona Tour', 'Museo Radio', 'San Zeno', 'Sighseeing', 'Museo Miniscalchi']",Tomba Giulietta,strategy_nearest,False,0.003083944320678711,success
0458223A9C4C80,2,"['Casa Giulietta', 'Duomo']",Torre Lamberti,"['Sighseeing', 'Centro Fotografia', 'Museo Conte', 'Palazzo della Ragione', 'AMO']",Teatro Romano,strategy_nearest,False,0.0036191940307617188,success
04581A429C4C80,3,"['Arena', 'Casa Giulietta', 'Duomo']",Museo Lapidario,"['Verona Tour', 'Castelvecchio', 'Museo Radio', 'San Fermo', 'Tomba Giulietta']",Castelvecchio,strategy_nearest,True,0.002373218536376953,success
0458283A9C4C80,1,"['Arena', 'Casa Giulietta', 'Palazzo della Ragione']",Santa Anastasia,"['AMO', 'Museo Conte', 'Teatro Romano', 'Centro Fotografia', 'Duomo']",Torre Lamberti,strategy_nearest,False,0.002669095993041992,success
04582B3A9C4C80,0,['Arena'],Casa Giulietta,"['Centro Fotografia', 'Sighseeing', 'Torre Lamberti', 'Museo Conte', 'Museo Radio']",Castelvecchio,strategy_nearest,False,0.0026497840881347656,success
04582D3A9C4C80,3,['Arena'],Torre Lamberti,"['Sighseeing', 'Centro Fotografia', 'Museo Conte', 'Casa Giulietta', 'Palazzo della Ragione']",Santa Anastasia,strategy_nearest,False,0.002138853073120117,success
045834429C4C80,2,['Casa Giulietta'],Santa Anastasia,"['AMO', 'Museo Conte', 'Palazzo della Ragione', 'Teatro Romano', 'Centro Fotografia']",Duomo,strategy_nearest,False,0.003072977066040039,success
0458344A9C4C80,0,"['Arena', 'Castelvecchio']",Torre Lamberti,"['Sighseeing', 'Centro Fotografia', 'Museo Conte', 'Casa Giulietta', 'Palazzo della Ragione']",Casa Giulietta,strategy_nearest,True,0.0033762454986572266,success
045835429C4C80,3,"['Casa Giulietta', 'Santa Anastasia']",Arena,"['Verona Tour', 'Museo Lapidario', 'Museo Radio', 'San Fermo', 'Sighseeing']",Castelvecchio,strategy_nearest,False,0.0032660961151123047,success
0458394A9C4C80,1,"['Arena', 'Duomo', 'Santa Anastasia', 'Teatro Romano']",San Zeno,"['Castelvecchio', 'Verona Tour', 'Museo Lapidario', 'Museo Miniscalchi', 'Sighseeing']",Casa Giulietta,strategy_nearest,False,0.0024149417877197266,success
04583E3A9C4C80,0,['Arena'],Torre Lamberti,"['Sighseeing', 'Centro Fotografia', 'Museo Conte', 'Casa Giulietta', 'Palazzo della Ragione']",Casa Giulietta,strategy_nearest,True,0.0025207996368408203,success
045843429C4C80,3,"['Arena', 'San Fermo']",Casa Giulietta,"['Centro Fotografia', 'Sighseeing', 'Torre Lamberti', 'Museo Conte', 'Museo Radio']",Torre Lamberti,strategy_nearest,True,0.0030977725982666016,success
0458543A9C4C80,1,['Arena'],Castelvecchio,"['Museo Lapidario', 'Verona Tour', 'Museo Radio', 'San Zeno', 'Sighseeing']",Torre Lamberti,strategy_nearest,False,0.0031671524047851562,success
045853429C4C80,1,"['Castelvecchio', 'Arena', 'Casa Giulietta']",Palazzo della Ragione,"['AMO', 'Museo Conte', 'Torre Lamberti', 'Centro Fotografia', 'Sighseeing']",Santa Anastasia,strategy_nearest,False,0.00551605224609375,success
045860429C4C80,0,['Teatro Romano'],Torre Lamberti,"['Sighseeing', 'Centro Fotografia', 'Museo Conte', 'Casa Giulietta', 'Palazzo della Ragione']",Arena,strategy_nearest,False,0.002610921859741211,success
045856429C4C80,0,['Arena'],Torre Lamberti,"['Sighseeing', 'Centro Fotografia', 'Museo Conte', 'Casa Giulietta', 'Palazzo della Ragione']",Casa Giulietta,strategy_nearest,True,0.004846811294555664,success
045868429C4C80,1,"['Tomba Giulietta', 'Arena']",Casa Giulietta,"['Centro Fotografia', 'Sighseeing', 'Torre Lamberti', 'Museo Conte', 'Museo Radio']",Casa Giulietta,strategy_nearest,False,0.003381967544555664,success
045865429C4C80,1,"['Arena', 'Casa Giulietta', 'Palazzo della Ragione']",Torre Lamberti,"['Sighseeing', 'Centro Fotografia', 'Museo Conte', 'AMO', 'Museo Miniscalchi']",Castelvecchio,strategy_nearest,False,0.0031092166900634766,success
0458693A9C4C80,3,"['Arena', 'Castelvecchio', 'Casa Giulietta']",Duomo,"['AMO', 'Museo Miniscalchi', 'Santa Anastasia', 'Teatro Romano', 'Palazzo della Ragione']",Teatro Romano,strategy_nearest,True,0.0025229454040527344,success
0458773A9C4C80,1,"['Arena', 'Casa Giulietta']",Torre Lamberti,"['Sighseeing', 'Centro Fotografia', 'Museo Conte', 'Palazzo della Ragione', 'AMO']",Palazzo della Ragione,strategy_nearest,True,0.0020508766174316406,success
045879429C4C80,3,"['Arena', 'Casa Giulietta']",San Fermo,"['Museo Storia', 'Museo Radio', 'Centro Fotografia', 'Sighseeing', 'Torre Lamberti']",Santa Anastasia,strategy_nearest,False,0.002971172332763672,success
04587A429C4C80,3,"['Torre Lamberti', 'Santa Anastasia']",Teatro Romano,"['Duomo', 'AMO', 'Palazzo della Ragione', 'Museo Conte', 'Centro Fotografia']",Duomo,strategy_nearest,True,0.0028078556060791016,success
04589B429C4C80,2,['Castelvecchio'],San Zeno,"['Verona Tour', 'Museo Lapidario', 'Arena', 'Museo Miniscalchi', 'Sighseeing']",Teatro Romano,strategy_nearest,False,0.0018341541290283203,success
04587A4A9C4C80,3,"['Arena', 'Torre Lamberti']",Casa Giulietta,"['Centro Fotografia', 'Sighseeing', 'Museo Conte', 'Museo Radio', 'Palazzo della Ragione']",Santa Anastasia,strategy_nearest,False,0.0054929256439208984,success
04588C3A9C4C80,3,"['Arena', 'Casa Giulietta', 'Torre Lamberti']",Santa Anastasia,"['AMO', 'Museo Conte', 'Palazzo della Ragione', 'Teatro Romano', 'Centro Fotografia']",Duomo,strategy_nearest,False,0.00609898567199707,success
0458873A9C4C80,0,['Arena'],Torre Lamberti,"['Sighseeing', 'Centro Fotografia', 'Museo Conte', 'Casa Giulietta', 'Palazzo della Ragione']",Castelvecchio,strategy_nearest,False,0.006319284439086914,success
04589D429C4C80,2,['Torre Lamberti'],Casa Giulietta,"['Centro Fotografia', 'Sighseeing', 'Museo Conte', 'Museo Radio', 'Palazzo della Ragione']",Santa Anastasia,strategy_nearest,False,0.0024650096893310547,success
0458A64A9C4C80,1,"['Arena', 'Casa Giulietta']",Palazzo della Ragione,"['AMO', 'Museo Conte', 'Torre Lamberti', 'Centro Fotografia', 'Sighseeing']",Torre Lamberti,strategy_nearest,True,0.004535198211669922,success
0458A8429C4C80,3,"['Castelvecchio', 'Arena', 'Casa Giulietta']",Torre Lamberti,"['Sighseeing', 'Centro Fotografia', 'Museo Conte', 'Palazzo della Ragione', 'AMO']",Santa Anastasia,strategy_nearest,False,0.0030748844146728516,success
0458BB3A9C4C80,2,"['Torre Lamberti', 'San Fermo']",Teatro Romano,"['Santa Anastasia', 'Duomo', 'AMO', 'Palazzo della Ragione', 'Museo Conte']",Castelvecchio,strategy_nearest,False,0.002034902572631836,success
0458C03A9C4C80,0,['Casa Giulietta'],Arena,"['Verona Tour', 'Museo Lapidario', 'Museo Radio', 'San Fermo', 'Sighseeing']",Castelvecchio,strategy_nearest,False,0.003317117691040039,success
0458C33A9C4C80,1,"['Casa Giulietta', 'Torre Lamberti']",Palazzo della Ragione,"['AMO', 'Museo Conte', 'Centro Fotografia', 'Sighseeing', 'Santa Anastasia']",Arena,strategy_nearest,False,0.0030641555786132812,success
0458C1429C4C80,4,"['Arena', 'Torre Lamberti']",Duomo,"['AMO', 'Museo Miniscalchi', 'Santa Anastasia', 'Teatro Romano', 'Palazzo della Ragione']",Castelvecchio,strategy_nearest,False,0.002276897430419922,success
0458CE3A9C4C80,2,['San Fermo'],Torre Lamberti,"['Sighseeing', 'Centro Fotografia', 'Museo Conte', 'Casa Giulietta', 'Palazzo della Ragione']",Santa Anastasia,strategy_nearest,False,0.0034139156341552734,success
0458DC429C4C80,3,"['Torre Lamberti', 'Arena', 'Castelvecchio']",Casa Giulietta,"['Centro Fotografia', 'Sighseeing', 'Museo Conte', 'Museo Radio', 'Palazzo della Ragione']",Duomo,strategy_nearest,False,0.0020339488983154297,success
0458D2429C4C80,3,"['San Zeno', 'Casa Giulietta']",Torre Lamberti,"['Sighseeing', 'Centro Fotografia', 'Museo Conte', 'Palazzo della Ragione', 'AMO']",Arena,strategy_nearest,False,0.00292205810546875,success
0458DE429C4C80,2,"['Castelvecchio', 'San Zeno']",Casa Giulietta,"['Centro Fotografia', 'Sighseeing', 'Torre Lamberti', 'Museo Conte', 'Museo Radio']",Santa Anastasia,strategy_nearest,False,0.005982875823974609,success
0458F7429C4C80,0,['Arena'],Torre Lamberti,"['Sighseeing', 'Centro Fotografia', 'Museo Conte', 'Casa Giulietta', 'Palazzo della Ragione']",Tomba Giulietta,strategy_nearest,False,0.005557060241699219,success
0458E13A9C4C80,1,"['Arena', 'Casa Giulietta', 'Santa Anastasia', 'Torre Lamberti']",Palazzo della Ragione,"['AMO', 'Museo Conte', 'Centro Fotografia', 'Sighseeing', 'Museo Miniscalchi']",San Fermo,strategy_nearest,False,0.004923820495605469,success
045907429C4C84,3,"['Arena', 'San Fermo', 'Casa Giulietta']",Torre Lamberti,"['Sighseeing', 'Centro Fotografia', 'Museo Conte', 'Palazzo della Ragione', 'AMO']",Santa Anastasia,strategy_nearest,False,0.005254030227661133,success
045919429C4C80,3,"['Casa Giulietta', 'Torre Lamberti']",Santa Anastasia,"['AMO', 'Museo Conte', 'Palazzo della Ragione', 'Teatro Romano', 'Centro Fotografia']",Teatro Romano,strategy_nearest,True,0.0023899078369140625,success
04591D429C4C84,0,['Arena'],Casa Giulietta,"['Centro Fotografia', 'Sighseeing', 'Torre Lamberti', 'Museo Conte', 'Museo Radio']",Duomo,strategy_nearest,False,0.0029189586639404297,success
0459193A9C4C80,0,['Torre Lamberti'],Casa Giulietta,"['Centro Fotografia', 'Sighseeing', 'Museo Conte', 'Museo Radio', 'Palazzo della Ragione']",Arena,strategy_nearest,False,0.003281831741333008,success
0459224A9C4C80,1,"['Casa Giulietta', 'Arena', 'Torre Lamberti', 'Palazzo della Ragione']",Santa Anastasia,"['AMO', 'Museo Conte', 'Teatro Romano', 'Centro Fotografia', 'Duomo']",Teatro Romano,strategy_nearest,True,0.0032236576080322266,success
04592C3A9C4C80,1,"['Arena', 'Torre Lamberti', 'Palazzo della Ragione']",Santa Anastasia,"['AMO', 'Museo Conte', 'Teatro Romano', 'Centro Fotografia', 'Duomo']",Duomo,strategy_nearest,True,0.003011941909790039,success
045934429C4C80,3,"['Arena', 'Castelvecchio']",Torre Lamberti,"['Sighseeing', 'Centro Fotografia', 'Museo Conte', 'Casa Giulietta', 'Palazzo della Ragione']",Duomo,strategy_nearest,False,0.002208232879638672,success
04593C429C4C80,3,"['Arena', 'Casa Giulietta', 'Torre Lamberti']",San Zeno,"['Castelvecchio', 'Verona Tour', 'Museo Lapidario', 'Museo Miniscalchi', 'Sighseeing']",Santa Anastasia,strategy_nearest,False,0.003216981887817383,success
045946429C4C80,1,"['Arena', 'Castelvecchio', 'Santa Anastasia']",Duomo,"['AMO', 'Museo Miniscalchi', 'Teatro Romano', 'Palazzo della Ragione', 'Museo Conte']",Teatro Romano,strategy_nearest,True,0.0042879581451416016,success
045948429C4C80,0,['Arena'],Teatro Romano,"['Santa Anastasia', 'Duomo', 'AMO', 'Palazzo della Ragione', 'Museo Conte']",Castelvecchio,strategy_nearest,False,0.0021309852600097656,success
04597A3A9C4C80,0,['Arena'],Casa Giulietta,"['Centro Fotografia', 'Sighseeing', 'Torre Lamberti', 'Museo Conte', 'Museo Radio']",Torre Lamberti,strategy_nearest,True,0.0038759708404541016,success
045972429C4C80,3,"['Torre Lamberti', 'Santa Anastasia']",Duomo,"['AMO', 'Museo Miniscalchi', 'Teatro Romano', 'Palazzo della Ragione', 'Museo Conte']",San Fermo,strategy_nearest,False,0.002435922622680664,success
04594F3A9C4C80,0,['Arena'],Casa Giulietta,"['Centro Fotografia', 'Sighseeing', 'Torre Lamberti', 'Museo Conte', 'Museo Radio']",Santa Anastasia,strategy_nearest,False,0.006327152252197266,success
04597A429C4C80,1,"['Arena', 'Casa Giulietta']",Torre Lamberti,"['Sighseeing', 'Centro Fotografia', 'Museo Conte', 'Palazzo della Ragione', 'AMO']",Palazzo della Ragione,strategy_nearest,True,0.004127025604248047,success
04597A4A9C4C80,0,"['Arena', 'Castelvecchio']",Casa Giulietta,"['Centro Fotografia', 'Sighseeing', 'Torre Lamberti', 'Museo Conte', 'Museo Radio']",Torre Lamberti,strategy_nearest,True,0.0018811225891113281,success
0459864A9C4C80,3,"['Casa Giulietta', 'Torre Lamberti', 'Santa Anastasia']",Teatro Romano,"['Duomo', 'AMO', 'Palazzo della Ragione', 'Museo Conte', 'Centro Fotografia']",Giardino Giusti,strategy_nearest,False,0.002601146697998047,success
045987429C4C80,0,"['Castelvecchio', 'Casa Giulietta']",Torre Lamberti,"['Sighseeing', 'Centro Fotografia', 'Museo Conte', 'Palazzo della Ragione', 'AMO']",Arena,strategy_nearest,False,0.002766132354736328,success
04598D429C4C80,0,['Castelvecchio'],Torre Lamberti,"['Sighseeing', 'Centro Fotografia', 'Museo Conte', 'Casa Giulietta', 'Palazzo della Ragione']",Casa Giulietta,strategy_nearest,True,0.0036079883575439453,success
04599C429C4C80,0,['Arena'],Torre Lamberti,"['Sighseeing', 'Centro Fotografia', 'Museo Conte', 'Casa Giulietta', 'Palazzo della Ragione']",Casa Giulietta,strategy_nearest,True,0.0020990371704101562,success
04599E4A9C4C80,1,"['Arena', 'Museo Lapidario', 'San Fermo']",Casa Giulietta,"['Centro Fotografia', 'Sighseeing', 'Torre Lamberti', 'Museo Conte', 'Museo Radio']",Duomo,strategy_nearest,False,0.003330707550048828,success
0459A44A9C4C80,2,['Santa Anastasia'],Torre Lamberti,"['Sighseeing', 'Centro Fotografia', 'Museo Conte', 'Casa Giulietta', 'Palazzo della Ragione']",Casa Giulietta,strategy_nearest,True,0.003364086151123047,success
0459A64A9C4C80,2,"['Casa Giulietta', 'Torre Lamberti', 'Palazzo della Ragione', 'Santa Anastasia']",Duomo,"['AMO', 'Museo Miniscalchi', 'Teatro Romano', 'Museo Conte', 'Centro Fotografia']",Teatro Romano,strategy_nearest,True,0.0026018619537353516,success
0459A9429C4C80,1,"['Arena', 'Casa Giulietta', 'Palazzo della Ragione']",Torre Lamberti,"['Sighseeing', 'Centro Fotografia', 'Museo Conte', 'AMO', 'Museo Miniscalchi']",Teatro Romano,strategy_nearest,False,0.002511739730834961,success
0459AD429C4C80,1,['Arena'],Torre Lamberti,"['Sighseeing', 'Centro Fotografia', 'Museo Conte', 'Casa Giulietta', 'Palazzo della Ragione']",Palazzo della Ragione,strategy_nearest,True,0.0033359527587890625,success
0459B53A9C4C80,2,['Casa Giulietta'],Santa Anastasia,"['AMO', 'Museo Conte', 'Palazzo della Ragione', 'Teatro Romano', 'Centro Fotografia']",Castelvecchio,strategy_nearest,False,0.0019998550415039062,success
0459AB3A9C4C80,3,['Arena'],Casa Giulietta,"['Centro Fotografia', 'Sighseeing', 'Torre Lamberti', 'Museo Conte', 'Museo Radio']",Torre Lamberti,strategy_nearest,True,0.0035529136657714844,success
0459B7429C4C80,0,"['Castelvecchio', 'Casa Giulietta']",Torre Lamberti,"['Sighseeing', 'Centro Fotografia', 'Museo Conte', 'Palazzo della Ragione', 'AMO']",Arena,strategy_nearest,False,0.0027017593383789062,success
0459CB3A9C4C80,1,"['San Fermo', 'Museo Lapidario', 'Arena']",Torre Lamberti,"['Sighseeing', 'Centro Fotografia', 'Museo Conte', 'Casa Giulietta', 'Palazzo della Ragione']",Palazzo della Ragione,strategy_nearest,True,0.0046901702880859375,success
0459D83A9C4C80,2,['Castelvecchio'],San Fermo,"['Museo Storia', 'Museo Radio', 'Casa Giulietta', 'Centro Fotografia', 'Arena']",Tomba Giulietta,strategy_nearest,False,0.0030243396759033203,success
0459CA3A9C4C80,2,"['Casa Giulietta', 'Torre Lamberti']",Palazzo della Ragione,"['AMO', 'Museo Conte', 'Centro Fotografia', 'Sighseeing', 'Santa Anastasia']",Santa Anastasia,strategy_nearest,True,0.0054509639739990234,success
0459DE3A9C4C80,3,"['Arena', 'Casa Giulietta', 'Tomba Giulietta']",Teatro Romano,"['Santa Anastasia', 'Duomo', 'AMO', 'Palazzo della Ragione', 'Museo Conte']",San Zeno,strategy_nearest,False,0.0026650428771972656,success
0459E3429C4C80,3,"['Torre Lamberti', 'Casa Giulietta', 'Arena']",Castelvecchio,"['Museo Lapidario', 'Verona Tour', 'Museo Radio', 'San Zeno', 'Sighseeing']",Santa Anastasia,strategy_nearest,False,0.0017538070678710938,success
0459E13A9C4C80,0,['Arena'],Casa Giulietta,"['Centro Fotografia', 'Sighseeing', 'Torre Lamberti', 'Museo Conte', 'Museo Radio']",Castelvecchio,strategy_nearest,False,0.0038480758666992188,success
0459E53A9C4C80,1,['Arena'],Torre Lamberti,"['Sighseeing', 'Centro Fotografia', 'Museo Conte', 'Casa Giulietta', 'Palazzo della Ragione']",Palazzo della Ragione,strategy_nearest,True,0.0029571056365966797,success
0459EE3A9C4C80,0,['Arena'],Casa Giulietta,"['Centro Fotografia', 'Sighseeing', 'Torre Lamberti', 'Museo Conte', 'Museo Radio']",Giardino Giusti,strategy_nearest,False,0.0017130374908447266,success
0459F63A9C4C80,0,['Tomba Giulietta'],Arena,"['Verona Tour', 'Museo Lapidario', 'Museo Radio', 'San Fermo', 'Casa Giulietta']",Casa Giulietta,strategy_nearest,True,0.0036139488220214844,success
0459FE429C4C80,0,"['Arena', 'Casa Giulietta']",Torre Lamberti,"['Sighseeing', 'Centro Fotografia', 'Museo Conte', 'Palazzo della Ragione', 'AMO']",Teatro Romano,strategy_nearest,False,0.0020508766174316406,success
045A0C3A9C4C84,1,"['Arena', 'Palazzo della Ragione']",Torre Lamberti,"['Sighseeing', 'Centro Fotografia', 'Museo Conte', 'Casa Giulietta', 'AMO']",Santa Anastasia,strategy_nearest,False,0.0031151771545410156,success
045A04429C4C84,0,['Arena'],Casa Giulietta,"['Centro Fotografia', 'Sighseeing', 'Torre Lamberti', 'Museo Conte', 'Museo Radio']",Castelvecchio,strategy_nearest,False,0.003506898880004883,success
045A123A9C4C84,0,['Arena'],Museo Storia,"['San Fermo', 'Museo Radio', 'Casa Giulietta', 'Centro Fotografia', 'Tomba Giulietta']",Tomba Giulietta,strategy_nearest,True,0.0037140846252441406,success
045A173A9C4C84,3,"['Torre Lamberti', 'Santa Anastasia']",Teatro Romano,"['Duomo', 'AMO', 'Palazzo della Ragione', 'Museo Conte', 'Centro Fotografia']",Duomo,strategy_nearest,True,0.0027027130126953125,success
045A193A9C4C80,0,['Casa Giulietta'],Torre Lamberti,"['Sighseeing', 'Centro Fotografia', 'Museo Conte', 'Palazzo della Ragione', 'AMO']",Giardino Giusti,strategy_nearest,False,0.0022940635681152344,success
045A17429C4C80,3,"['Casa Giulietta', 'Torre Lamberti']",Santa Anastasia,"['AMO', 'Museo Conte', 'Palazzo della Ragione', 'Teatro Romano', 'Centro Fotografia']",Duomo,strategy_nearest,False,0.0043849945068359375,success
045A1A429C4C84,0,['Arena'],Casa Giulietta,"['Centro Fotografia', 'Sighseeing', 'Torre Lamberti', 'Museo Conte', 'Museo Radio']",Torre Lamberti,strategy_nearest,True,0.0015239715576171875,success
045A1A3A9C4C84,0,['Arena'],Torre Lamberti,"['Sighseeing', 'Centro Fotografia', 'Museo Conte', 'Casa Giulietta', 'Palazzo della Ragione']",Castelvecchio,strategy_nearest,False,0.004382133483886719,success
045A243A9C4C80,3,"['Arena', 'Torre Lamberti']",Casa Giulietta,"['Centro Fotografia', 'Sighseeing', 'Museo Conte', 'Museo Radio', 'Palazzo della Ragione']",San Zeno,strategy_nearest,False,0.0022411346435546875,success
045A213A9C4C80,3,"['Casa Giulietta', 'Torre Lamberti']",Santa Anastasia,"['AMO', 'Museo Conte', 'Palazzo della Ragione', 'Teatro Romano', 'Centro Fotografia']",Duomo,strategy_nearest,False,0.004642009735107422,success
045A2A4A9C4C80,2,"['Casa Giulietta', 'Torre Lamberti']",Santa Anastasia,"['AMO', 'Museo Conte', 'Palazzo della Ragione', 'Teatro Romano', 'Centro Fotografia']",Duomo,strategy_nearest,False,0.003505229949951172,success
045A2C3A9C4C80,0,['Castelvecchio'],Arena,"['Verona Tour', 'Museo Lapidario', 'Museo Radio', 'San Fermo', 'Casa Giulietta']",Duomo,strategy_nearest,False,0.002424955368041992,success
045A413A9C4C80,0,"['Arena', 'Torre Lamberti']",Casa Giulietta,"['Centro Fotografia', 'Sighseeing', 'Museo Conte', 'Museo Radio', 'Palazzo della Ragione']",Tomba Giulietta,strategy_nearest,False,0.0023941993713378906,success
045A353A9C4C80,0,['Arena'],San Fermo,"['Museo Storia', 'Museo Radio', 'Casa Giulietta', 'Centro Fotografia', 'Sighseeing']",Castelvecchio,strategy_nearest,False,0.002809286117553711,success
045A2C4A9C4C80,1,"['Arena', 'Duomo', 'Santa Anastasia', 'Teatro Romano']",San Zeno,"['Castelvecchio', 'Verona Tour', 'Museo Lapidario', 'Museo Miniscalchi', 'Sighseeing']",Casa Giulietta,strategy_nearest,False,0.0030388832092285156,success
045A44429C4C80,3,"['Arena', 'Torre Lamberti', 'Santa Anastasia']",Duomo,"['AMO', 'Museo Miniscalchi', 'Teatro Romano', 'Palazzo della Ragione', 'Museo Conte']",Teatro Romano,strategy_nearest,True,0.0031270980834960938,success
045A463A9C4C80,2,['Casa Giulietta'],Torre Lamberti,"['Sighseeing', 'Centro Fotografia', 'Museo Conte', 'Palazzo della Ragione', 'AMO']",Tomba Giulietta,strategy_nearest,False,0.0025959014892578125,success
045A46429C4C80,3,"['Arena', 'Torre Lamberti', 'Santa Anastasia']",Castelvecchio,"['Museo Lapidario', 'Verona Tour', 'Museo Radio', 'San Zeno', 'Sighseeing']",San Zeno,strategy_nearest,True,0.004158973693847656,success
045A47429C4C80,0,"['Arena', 'Casa Giulietta']",Tomba Giulietta,"['San Fermo', 'Museo Storia', 'Museo Lapidario', 'Museo Radio', 'Verona Tour']",Teatro Romano,strategy_nearest,False,0.003145933151245117,success
045A48429C4C80,0,['Arena'],Casa Giulietta,"['Centro Fotografia', 'Sighseeing', 'Torre Lamberti', 'Museo Conte', 'Museo Radio']",Teatro Romano,strategy_nearest,False,0.0030901432037353516,success
045A67429C4C80,1,"['Arena', 'Santa Anastasia']",Teatro Romano,"['Duomo', 'AMO', 'Palazzo della Ragione', 'Museo Conte', 'Centro Fotografia']",Duomo,strategy_nearest,True,0.0033349990844726562,success
045A53429C4C80,3,"['Arena', 'Casa Giulietta']",Santa Anastasia,"['AMO', 'Museo Conte', 'Palazzo della Ragione', 'Teatro Romano', 'Centro Fotografia']",Duomo,strategy_nearest,False,0.00396418571472168,success
045A7B4A9C4C80,3,['Arena'],Santa Anastasia,"['AMO', 'Museo Conte', 'Palazzo della Ragione', 'Teatro Romano', 'Centro Fotografia']",San Zeno,strategy_nearest,False,0.002660036087036133,success
045A883A9C4C80,0,['Arena'],Castelvecchio,"['Museo Lapidario', 'Verona Tour', 'Museo Radio', 'San Zeno', 'Sighseeing']",Casa Giulietta,strategy_nearest,False,0.0029010772705078125,success
045A864A9C4C80,0,['Duomo'],Arena,"['Verona Tour', 'Museo Lapidario', 'Museo Radio', 'San Fermo', 'Casa Giulietta']",Tomba Giulietta,strategy_nearest,False,0.0021440982818603516,success
045A80429C4C80,0,['Arena'],Casa Giulietta,"['Centro Fotografia', 'Sighseeing', 'Torre Lamberti', 'Museo Conte', 'Museo Radio']",Torre Lamberti,strategy_nearest,True,0.0017001628875732422,success
045A8A3A9C4C80,1,"['Arena', 'Torre Lamberti']",Palazzo della Ragione,"['AMO', 'Museo Conte', 'Centro Fotografia', 'Sighseeing', 'Santa Anastasia']",Casa Giulietta,strategy_nearest,False,0.0035991668701171875,success
045A8E3A9C4C80,1,"['Arena', 'Torre Lamberti']",Palazzo della Ragione,"['AMO', 'Museo Conte', 'Centro Fotografia', 'Sighseeing', 'Santa Anastasia']",Santa Anastasia,strategy_nearest,True,0.0014729499816894531,success
045AA9429C4C80,1,"['Museo Lapidario', 'Arena']",Palazzo della Ragione,"['AMO', 'Museo Conte', 'Torre Lamberti', 'Centro Fotografia', 'Sighseeing']",Torre Lamberti,strategy_nearest,True,0.0021669864654541016,success
045AA63A9C4C80,0,['Arena'],Casa Giulietta,"['Centro Fotografia', 'Sighseeing', 'Torre Lamberti', 'Museo Conte', 'Museo Radio']",Torre Lamberti,strategy_nearest,True,0.002844095230102539,success
045AAA429C4C80,3,"['Teatro Romano', 'Duomo', 'Santa Anastasia']",Torre Lamberti,"['Sighseeing', 'Centro Fotografia', 'Museo Conte', 'Casa Giulietta', 'Palazzo della Ragione']",Casa Giulietta,strategy_nearest,True,0.002454996109008789,success
045AB3429C4C80,1,"['Castelvecchio', 'Torre Lamberti', 'Palazzo della Ragione']",Arena,"['Verona Tour', 'Museo Lapidario', 'Museo Radio', 'San Fermo', 'Casa Giulietta']",San Zeno,strategy_nearest,False,0.0022058486938476562,success
045ABA3A9C4C80,0,['Arena'],Tomba Giulietta,"['San Fermo', 'Museo Storia', 'Museo Lapidario', 'Museo Radio', 'Verona Tour']",Castelvecchio,strategy_nearest,False,0.003110170364379883,success
045AC3429C4C80,3,"['Arena', 'Casa Giulietta']",Torre Lamberti,"['Sighseeing', 'Centro Fotografia', 'Museo Conte', 'Palazzo della Ragione', 'AMO']",Santa Anastasia,strategy_nearest,False,0.004717111587524414,success
045AC73A9C4C80,0,['Arena'],Casa Giulietta,"['Centro Fotografia', 'Sighseeing', 'Torre Lamberti', 'Museo Conte', 'Museo Radio']",Casa Giulietta,strategy_nearest,False,0.0032618045806884766,success
045ACB3A9C4C80,1,"['Arena', 'Castelvecchio']",Casa Giulietta,"['Centro Fotografia', 'Sighseeing', 'Torre Lamberti', 'Museo Conte', 'Museo Radio']",Palazzo della Ragione,strategy_nearest,False,0.0025720596313476562,success
045ADA3A9C4C80,0,"['Arena', 'Casa Giulietta']",Torre Lamberti,"['Sighseeing', 'Centro Fotografia', 'Museo Conte', 'Palazzo della Ragione', 'AMO']",Teatro Romano,strategy_nearest,False,0.0033228397369384766,success
045B0A3A9C4C84,1,"['Castelvecchio', 'Casa Giulietta']",Torre Lamberti,"['Sighseeing', 'Centro Fotografia', 'Museo Conte', 'Palazzo della Ragione', 'AMO']",Palazzo della Ragione,strategy_nearest,True,0.005246877670288086,success
045B0D3A9C4C84,0,['Arena'],Casa Giulietta,"['Centro Fotografia', 'Sighseeing', 'Torre Lamberti', 'Museo Conte', 'Museo Radio']",Torre Lamberti,strategy_nearest,True,0.002470254898071289,success
045AFD429C4C80,0,['Arena'],San Zeno,"['Castelvecchio', 'Verona Tour', 'Museo Lapidario', 'Museo Miniscalchi', 'Sighseeing']",Teatro Romano,strategy_nearest,False,0.004658222198486328,success
045B18429C4C80,2,['Santa Anastasia'],Torre Lamberti,"['Sighseeing', 'Centro Fotografia', 'Museo Conte', 'Casa Giulietta', 'Palazzo della Ragione']",Teatro Romano,strategy_nearest,False,0.0028252601623535156,success
045B193A9C4C80,0,['Arena'],Casa Giulietta,"['Centro Fotografia', 'Sighseeing', 'Torre Lamberti', 'Museo Conte', 'Museo Radio']",Duomo,strategy_nearest,False,0.0021049976348876953,success
045B123A9C4C84,1,"['Arena', 'Castelvecchio', 'Santa Anastasia', 'Duomo']",Teatro Romano,"['AMO', 'Palazzo della Ragione', 'Museo Conte', 'Centro Fotografia', 'Museo Miniscalchi']",Torre Lamberti,strategy_nearest,False,0.003056764602661133,success
045B20429C4C84,1,"['Arena', 'Casa Giulietta']",Torre Lamberti,"['Sighseeing', 'Centro Fotografia', 'Museo Conte', 'Palazzo della Ragione', 'AMO']",Palazzo della Ragione,strategy_nearest,True,0.0022110939025878906,success
045B263A9C4C80,1,"['Arena', 'Museo Lapidario']",Castelvecchio,"['Verona Tour', 'Museo Radio', 'San Zeno', 'Sighseeing', 'Museo Miniscalchi']",Santa Anastasia,strategy_nearest,False,0.0027718544006347656,success
045B1E429C4C84,0,['Arena'],Casa Giulietta,"['Centro Fotografia', 'Sighseeing', 'Torre Lamberti', 'Museo Conte', 'Museo Radio']",Santa Anastasia,strategy_nearest,False,0.003025054931640625,success
045B2C4A9C4C80,3,"['Arena', 'Teatro Romano']",Duomo,"['AMO', 'Museo Miniscalchi', 'Santa Anastasia', 'Palazzo della Ragione', 'Museo Conte']",Castelvecchio,strategy_nearest,False,0.003287792205810547,success
045B47429C4C80,1,"['Arena', 'Casa Giulietta', 'Palazzo della Ragione', 'Torre Lamberti']",Santa Anastasia,"['AMO', 'Museo Conte', 'Teatro Romano', 'Centro Fotografia', 'Duomo']",San Zeno,strategy_nearest,False,0.002048015594482422,success
045B56429C4C80,0,['Arena'],Casa Giulietta,"['Centro Fotografia', 'Sighseeing', 'Torre Lamberti', 'Museo Conte', 'Museo Radio']",Castelvecchio,strategy_nearest,False,0.0027849674224853516,success
045B54429C4C80,2,"['Castelvecchio', 'Palazzo della Ragione', 'Torre Lamberti']",Casa Giulietta,"['Centro Fotografia', 'Sighseeing', 'Museo Conte', 'Museo Radio', 'San Fermo']",Giardino Giusti,strategy_nearest,False,0.0023071765899658203,success
045B3B3A9C4C80,0,['Arena'],Castelvecchio,"['Museo Lapidario', 'Verona Tour', 'Museo Radio', 'San Zeno', 'Sighseeing']",Casa Giulietta,strategy_nearest,False,0.0043299198150634766,success
045B5A3A9C4C80,1,"['Arena', 'Palazzo della Ragione', 'Torre Lamberti']",Casa Giulietta,"['Centro Fotografia', 'Sighseeing', 'Museo Conte', 'Museo Radio', 'San Fermo']",Santa Anastasia,strategy_nearest,False,0.0024650096893310547,success
045B68429C4C80,1,"['Arena', 'Palazzo della Ragione']",Casa Giulietta,"['Centro Fotografia', 'Sighseeing', 'Torre Lamberti', 'Museo Conte', 'Museo Radio']",San Fermo,strategy_nearest,False,0.0029680728912353516,success
045B623A9C4C80,0,['Arena'],Casa Giulietta,"['Centro Fotografia', 'Sighseeing', 'Torre Lamberti', 'Museo Conte', 'Museo Radio']",Torre Lamberti,strategy_nearest,True,0.0024063587188720703,success
045B6A429C4C80,0,['Arena'],Castelvecchio,"['Museo Lapidario', 'Verona Tour', 'Museo Radio', 'San Zeno', 'Sighseeing']",Casa Giulietta,strategy_nearest,False,0.002756834030151367,success
045B76429C4C80,1,['Arena'],Casa Giulietta,"['Centro Fotografia', 'Sighseeing', 'Torre Lamberti', 'Museo Conte', 'Museo Radio']",Torre Lamberti,strategy_nearest,True,0.002682924270629883,success
045B7A429C4C80,0,['San Zeno'],Arena,"['Verona Tour', 'Museo Lapidario', 'Museo Radio', 'San Fermo', 'Casa Giulietta']",Casa Giulietta,strategy_nearest,True,0.002022981643676758,success
045B86429C4C80,3,"['Torre Lamberti', 'Santa Anastasia']",Duomo,"['AMO', 'Museo Miniscalchi', 'Teatro Romano', 'Palazzo della Ragione', 'Museo Conte']",Casa Giulietta,strategy_nearest,False,0.003187894821166992,success
045B833A9C4C80,0,['Arena'],Torre Lamberti,"['Sighseeing', 'Centro Fotografia', 'Museo Conte', 'Casa Giulietta', 'Palazzo della Ragione']",Castelvecchio,strategy_nearest,False,0.0034589767456054688,success
045B8B4A9C4C80,1,"['Tomba Giulietta', 'Arena']",Casa Giulietta,"['Centro Fotografia', 'Sighseeing', 'Torre Lamberti', 'Museo Conte', 'Museo Radio']",Torre Lamberti,strategy_nearest,True,0.0022339820861816406,success
045B873A9C4C80,0,['Arena'],Casa Giulietta,"['Centro Fotografia', 'Sighseeing', 'Torre Lamberti', 'Museo Conte', 'Museo Radio']",Torre Lamberti,strategy_nearest,True,0.002989053726196289,success
045B884A9C4C80,0,['Arena'],Torre Lamberti,"['Sighseeing', 'Centro Fotografia', 'Museo Conte', 'Casa Giulietta', 'Palazzo della Ragione']",Casa Giulietta,strategy_nearest,True,0.0029189586639404297,success
045B8C3A9C4C80,3,['Castelvecchio'],Arena,"['Verona Tour', 'Museo Lapidario', 'Museo Radio', 'San Fermo', 'Casa Giulietta']",Torre Lamberti,strategy_nearest,False,0.003313302993774414,success
045B9A429C4C80,3,"['Torre Lamberti', 'Santa Anastasia']",Teatro Romano,"['Duomo', 'AMO', 'Palazzo della Ragione', 'Museo Conte', 'Centro Fotografia']",Duomo,strategy_nearest,True,0.0024340152740478516,success
045B954A9C4C80,3,['Arena'],Santa Anastasia,"['AMO', 'Museo Conte', 'Palazzo della Ragione', 'Teatro Romano', 'Centro Fotografia']",Duomo,strategy_nearest,False,0.0018610954284667969,success
045B9F4A9C4C80,3,"['Arena', 'Casa Giulietta']",Santa Anastasia,"['AMO', 'Museo Conte', 'Palazzo della Ragione', 'Teatro Romano', 'Centro Fotografia']",Torre Lamberti,strategy_nearest,False,0.004118204116821289,success
045BA04A9C4C80,0,"['Arena', 'Casa Giulietta']",Torre Lamberti,"['Sighseeing', 'Centro Fotografia', 'Museo Conte', 'Palazzo della Ragione', 'AMO']",Teatro Romano,strategy_nearest,False,0.0023651123046875,success
045BA83A9C4C80,2,['Santa Anastasia'],Duomo,"['AMO', 'Museo Miniscalchi', 'Teatro Romano', 'Palazzo della Ragione', 'Museo Conte']",Castelvecchio,strategy_nearest,False,0.002846956253051758,success
045BA74A9C4C80,1,"['Arena', 'Casa Giulietta']",Palazzo della Ragione,"['AMO', 'Museo Conte', 'Torre Lamberti', 'Centro Fotografia', 'Sighseeing']",Castelvecchio,strategy_nearest,False,0.002714872360229492,success
045BA34A9C4C80,3,['Arena'],Casa Giulietta,"['Centro Fotografia', 'Sighseeing', 'Torre Lamberti', 'Museo Conte', 'Museo Radio']",Santa Anastasia,strategy_nearest,False,0.0036749839782714844,success
045BA8429C4C80,0,['Torre Lamberti'],Casa Giulietta,"['Centro Fotografia', 'Sighseeing', 'Museo Conte', 'Museo Radio', 'Palazzo della Ragione']",Arena,strategy_nearest,False,0.002584218978881836,success
045BAD3A9C4C80,0,['Castelvecchio'],Casa Giulietta,"['Centro Fotografia', 'Sighseeing', 'Torre Lamberti', 'Museo Conte', 'Museo Radio']",Arena,strategy_nearest,False,0.002226114273071289,success
045BB7429C4C80,0,['Arena'],Casa Giulietta,"['Centro Fotografia', 'Sighseeing', 'Torre Lamberti', 'Museo Conte', 'Museo Radio']",Torre Lamberti,strategy_nearest,True,0.0029878616333007812,success
045BBA429C4C80,3,['Arena'],Duomo,"['AMO', 'Museo Miniscalchi', 'Santa Anastasia', 'Teatro Romano', 'Palazzo della Ragione']",Teatro Romano,strategy_nearest,True,0.003534078598022461,success
045BC7429C4C80,0,"['Arena', 'Casa Giulietta']",Teatro Romano,"['Santa Anastasia', 'Duomo', 'AMO', 'Palazzo della Ragione', 'Museo Conte']",Torre Lamberti,strategy_nearest,False,0.001856088638305664,success
045BDC3A9C4C80,0,"['Arena', 'Torre Lamberti']",Casa Giulietta,"['Centro Fotografia', 'Sighseeing', 'Museo Conte', 'Museo Radio', 'Palazzo della Ragione']",Teatro Romano,strategy_nearest,False,0.0023980140686035156,success
045BDD3A9C4C80,0,['Arena'],Castelvecchio,"['Museo Lapidario', 'Verona Tour', 'Museo Radio', 'San Zeno', 'Sighseeing']",Duomo,strategy_nearest,False,0.004069805145263672,success
045BE03A9C4C80,0,['Castelvecchio'],Arena,"['Verona Tour', 'Museo Lapidario', 'Museo Radio', 'San Fermo', 'Casa Giulietta']",Tomba Giulietta,strategy_nearest,False,0.0021810531616210938,success
045BEE3A9C4C80,1,['Arena'],Castelvecchio,"['Museo Lapidario', 'Verona Tour', 'Museo Radio', 'San Zeno', 'Sighseeing']",Casa Giulietta,strategy_nearest,False,0.002190113067626953,success
045C1D429C4C80,0,['Arena'],Museo Lapidario,"['Verona Tour', 'Castelvecchio', 'Museo Radio', 'San Fermo', 'Casa Giulietta']",Teatro Romano,strategy_nearest,False,0.0035240650177001953,success
045C3F3A9C4C80,0,['Arena'],Torre Lamberti,"['Sighseeing', 'Centro Fotografia', 'Museo Conte', 'Casa Giulietta', 'Palazzo della Ragione']",Casa Giulietta,strategy_nearest,True,0.001596212387084961,success
045C40429C4C80,0,['Arena'],Casa Giulietta,"['Centro Fotografia', 'Sighseeing', 'Torre Lamberti', 'Museo Conte', 'Museo Radio']",Teatro Romano,strategy_nearest,False,0.0025243759155273438,success
045C82429C4C80,1,"['Casa Giulietta', 'Palazzo della Ragione']",Torre Lamberti,"['Sighseeing', 'Centro Fotografia', 'Museo Conte', 'AMO', 'Museo Miniscalchi']",Arena,strategy_nearest,False,0.002803802490234375,success
045C833A9C4C80,2,['Castelvecchio'],Casa Giulietta,"['Centro Fotografia', 'Sighseeing', 'Torre Lamberti', 'Museo Conte', 'Museo Radio']",Santa Anastasia,strategy_nearest,False,0.0036611557006835938,success
045CC63A9C4C80,3,"['Casa Giulietta', 'Arena']",Santa Anastasia,"['AMO', 'Museo Conte', 'Palazzo della Ragione', 'Teatro Romano', 'Centro Fotografia']",Duomo,strategy_nearest,False,0.002534151077270508,success
045D013A9C4C84,1,"['Teatro Romano', 'Duomo', 'Palazzo della Ragione']",Casa Giulietta,"['Centro Fotografia', 'Sighseeing', 'Torre Lamberti', 'Museo Conte', 'Museo Radio']",Torre Lamberti,strategy_nearest,True,0.0031609535217285156,success
045D01429C4C84,0,"['Torre Lamberti', 'Arena']",Teatro Romano,"['Santa Anastasia', 'Duomo', 'AMO', 'Palazzo della Ragione', 'Museo Conte']",Giardino Giusti,strategy_nearest,False,0.003070831298828125,success
045D153A9C4C84,1,"['Castelvecchio', 'Arena', 'Casa Giulietta']",Palazzo della Ragione,"['AMO', 'Museo Conte', 'Torre Lamberti', 'Centro Fotografia', 'Sighseeing']",Torre Lamberti,strategy_nearest,True,0.003206968307495117,success
045D22429C4C84,0,"['Arena', 'Castelvecchio']",San Zeno,"['Verona Tour', 'Museo Lapidario', 'Museo Miniscalchi', 'Sighseeing', 'Museo Radio']",Casa Giulietta,strategy_nearest,False,0.0033249855041503906,success
045D17429C4C80,3,"['Arena', 'Tomba Giulietta', 'San Fermo']",Casa Giulietta,"['Centro Fotografia', 'Sighseeing', 'Torre Lamberti', 'Museo Conte', 'Museo Radio']",San Zeno,strategy_nearest,False,0.0019419193267822266,success
045D27429C4C80,0,['Casa Giulietta'],Torre Lamberti,"['Sighseeing', 'Centro Fotografia', 'Museo Conte', 'Palazzo della Ragione', 'AMO']",Arena,strategy_nearest,False,0.0030210018157958984,success
045D2D4A9C4C80,1,"['Museo Lapidario', 'Castelvecchio', 'Palazzo della Ragione', 'Torre Lamberti']",San Fermo,"['Museo Storia', 'Museo Radio', 'Casa Giulietta', 'Centro Fotografia', 'Arena']",Museo Storia,strategy_nearest,True,0.0029680728912353516,success
045D32429C4C80,3,"['Arena', 'Casa Giulietta', 'Torre Lamberti']",San Zeno,"['Castelvecchio', 'Verona Tour', 'Museo Lapidario', 'Museo Miniscalchi', 'Sighseeing']",Castelvecchio,strategy_nearest,True,0.002722024917602539,success
045D37429C4C80,3,"['Arena', 'Casa Giulietta']",Museo Lapidario,"['Verona Tour', 'Castelvecchio', 'Museo Radio', 'San Fermo', 'Tomba Giulietta']",Torre Lamberti,strategy_nearest,False,0.002547025680541992,success
045D413A9C4C80,1,"['Arena', 'Castelvecchio', 'San Zeno', 'Duomo']",Santa Anastasia,"['AMO', 'Museo Conte', 'Palazzo della Ragione', 'Teatro Romano', 'Centro Fotografia']",Palazzo della Ragione,strategy_nearest,True,0.003241300582885742,success
045D44429C4C80,0,['Arena'],Santa Anastasia,"['AMO', 'Museo Conte', 'Palazzo della Ragione', 'Teatro Romano', 'Centro Fotografia']",Casa Giulietta,strategy_nearest,False,0.002796173095703125,success
045D433A9C4C80,3,"['Arena', 'Museo Lapidario']",Casa Giulietta,"['Centro Fotografia', 'Sighseeing', 'Torre Lamberti', 'Museo Conte', 'Museo Radio']",Santa Anastasia,strategy_nearest,False,0.00201416015625,success
045D523A9C4C80,0,['Arena'],Casa Giulietta,"['Centro Fotografia', 'Sighseeing', 'Torre Lamberti', 'Museo Conte', 'Museo Radio']",Teatro Romano,strategy_nearest,False,0.0027959346771240234,success
045D59429C4C80,3,"['Arena', 'Casa Giulietta']",Torre Lamberti,"['Sighseeing', 'Centro Fotografia', 'Museo Conte', 'Palazzo della Ragione', 'AMO']",Santa Anastasia,strategy_nearest,False,0.003215789794921875,success
045D73429C4C80,3,"['Casa Giulietta', 'San Fermo']",Arena,"['Verona Tour', 'Museo Lapidario', 'Museo Radio', 'Sighseeing', 'Castelvecchio']",Tomba Giulietta,strategy_nearest,False,0.002137899398803711,success
045D64429C4C80,1,"['Castelvecchio', 'San Fermo', 'Palazzo della Ragione']",Torre Lamberti,"['Sighseeing', 'Centro Fotografia', 'Museo Conte', 'Casa Giulietta', 'AMO']",Santa Anastasia,strategy_nearest,False,0.002775907516479492,success
045D5D3A9C4C80,3,"['Arena', 'Castelvecchio']",Duomo,"['AMO', 'Museo Miniscalchi', 'Santa Anastasia', 'Teatro Romano', 'Palazzo della Ragione']",Teatro Romano,strategy_nearest,True,0.0028018951416015625,success
045D7F3A9C4C80,4,"['Arena', 'Casa Giulietta', 'Palazzo della Ragione']",Santa Anastasia,"['AMO', 'Museo Conte', 'Teatro Romano', 'Centro Fotografia', 'Duomo']",Duomo,strategy_nearest,True,0.0032732486724853516,success
045DB3429C4C80,3,"['Arena', 'Casa Giulietta']",San Fermo,"['Museo Storia', 'Museo Radio', 'Centro Fotografia', 'Sighseeing', 'Torre Lamberti']",Torre Lamberti,strategy_nearest,True,0.0024938583374023438,success
045DA0429C4C80,3,"['Casa Giulietta', 'Santa Anastasia']",Duomo,"['AMO', 'Museo Miniscalchi', 'Teatro Romano', 'Palazzo della Ragione', 'Museo Conte']",Arena,strategy_nearest,False,0.0019218921661376953,success
045DD0429C4C80,3,"['San Zeno', 'Casa Giulietta']",Torre Lamberti,"['Sighseeing', 'Centro Fotografia', 'Museo Conte', 'Palazzo della Ragione', 'AMO']",Arena,strategy_nearest,False,0.002930164337158203,success
045DBB3A9C4C80,3,"['Arena', 'San Fermo', 'Casa Giulietta']",Torre Lamberti,"['Sighseeing', 'Centro Fotografia', 'Museo Conte', 'Palazzo della Ragione', 'AMO']",Santa Anastasia,strategy_nearest,False,0.0034019947052001953,success
045DD23A9C4C80,0,['Casa Giulietta'],Arena,"['Verona Tour', 'Museo Lapidario', 'Museo Radio', 'San Fermo', 'Sighseeing']",Castelvecchio,strategy_nearest,False,0.0025076866149902344,success
045DD33A9C4C80,3,"['Santa Anastasia', 'Arena']",Museo Lapidario,"['Verona Tour', 'Castelvecchio', 'Museo Radio', 'San Fermo', 'Casa Giulietta']",Casa Giulietta,strategy_nearest,True,0.003097057342529297,success
045DD5429C4C80,3,['Arena'],Casa Giulietta,"['Centro Fotografia', 'Sighseeing', 'Torre Lamberti', 'Museo Conte', 'Museo Radio']",Santa Anastasia,strategy_nearest,False,0.003371000289916992,success
045DE8429C4C80,3,"['Castelvecchio', 'Casa Giulietta', 'Santa Anastasia', 'Duomo']",Teatro Romano,"['AMO', 'Palazzo della Ragione', 'Museo Conte', 'Centro Fotografia', 'Museo Miniscalchi']",Torre Lamberti,strategy_nearest,False,0.0018520355224609375,success
045E0F3A9C4C84,1,"['Teatro Romano', 'Duomo', 'Palazzo della Ragione']",Casa Giulietta,"['Centro Fotografia', 'Sighseeing', 'Torre Lamberti', 'Museo Conte', 'Museo Radio']",Torre Lamberti,strategy_nearest,True,0.002725839614868164,success
045E11429C4C84,0,['Arena'],Castelvecchio,"['Museo Lapidario', 'Verona Tour', 'Museo Radio', 'San Zeno', 'Sighseeing']",Santa Anastasia,strategy_nearest,False,0.0032782554626464844,success
045E133A9C4C84,1,"['Torre Lamberti', 'Palazzo della Ragione', 'Duomo']",Casa Giulietta,"['Centro Fotografia', 'Sighseeing', 'Museo Conte', 'Museo Radio', 'San Fermo']",Arena,strategy_nearest,False,0.0024089813232421875,success
045E163A9C4C84,0,['Arena'],Castelvecchio,"['Museo Lapidario', 'Verona Tour', 'Museo Radio', 'San Zeno', 'Sighseeing']",Casa Giulietta,strategy_nearest,False,0.002155780792236328,success
045E1C3A9C4C80,1,['Arena'],Casa Giulietta,"['Centro Fotografia', 'Sighseeing', 'Torre Lamberti', 'Museo Conte', 'Museo Radio']",Torre Lamberti,strategy_nearest,True,0.0024938583374023438,success
045E16429C4C84,5,"['Casa Giulietta', 'Santa Anastasia', 'Torre Lamberti']",Palazzo della Ragione,"['AMO', 'Museo Conte', 'Centro Fotografia', 'Sighseeing', 'Museo Miniscalchi']",Arena,strategy_nearest,False,0.0032727718353271484,success
045E23429C4C80,0,['Torre Lamberti'],Tomba Giulietta,"['San Fermo', 'Museo Storia', 'Arena', 'Museo Lapidario', 'Museo Radio']",Arena,strategy_nearest,True,0.002007007598876953,success
045E2A4A9C4C80,1,"['Torre Lamberti', 'Palazzo della Ragione', 'Casa Giulietta', 'Santa Anastasia']",Arena,"['Verona Tour', 'Museo Lapidario', 'Museo Radio', 'San Fermo', 'Sighseeing']",San Fermo,strategy_nearest,True,0.0013709068298339844,success
045E1E3A9C4C80,3,"['Tomba Giulietta', 'Casa Giulietta', 'Santa Anastasia']",Duomo,"['AMO', 'Museo Miniscalchi', 'Teatro Romano', 'Palazzo della Ragione', 'Museo Conte']",Teatro Romano,strategy_nearest,True,0.003815889358520508,success
045E2B4A9C4C80,0,['San Zeno'],Casa Giulietta,"['Centro Fotografia', 'Sighseeing', 'Torre Lamberti', 'Museo Conte', 'Museo Radio']",Torre Lamberti,strategy_nearest,True,0.003694772720336914,success
045E32429C4C80,3,"['Arena', 'Casa Giulietta']",Torre Lamberti,"['Sighseeing', 'Centro Fotografia', 'Museo Conte', 'Palazzo della Ragione', 'AMO']",Santa Anastasia,strategy_nearest,False,0.0020952224731445312,success
045E354A9C4C80,3,"['Casa Giulietta', 'Arena', 'Tomba Giulietta']",Santa Anastasia,"['AMO', 'Museo Conte', 'Palazzo della Ragione', 'Teatro Romano', 'Centro Fotografia']",Duomo,strategy_nearest,False,0.0032501220703125,success
045E324A9C4C80,2,['Casa Giulietta'],Torre Lamberti,"['Sighseeing', 'Centro Fotografia', 'Museo Conte', 'Palazzo della Ragione', 'AMO']",Museo Lapidario,strategy_nearest,False,0.0028629302978515625,success
045E50429C4C80,2,['Torre Lamberti'],Palazzo della Ragione,"['AMO', 'Museo Conte', 'Centro Fotografia', 'Sighseeing', 'Santa Anastasia']",Casa Giulietta,strategy_nearest,False,0.002151012420654297,success
045E433A9C4C80,0,"['Torre Lamberti', 'Casa Giulietta']",San Fermo,"['Museo Storia', 'Museo Radio', 'Centro Fotografia', 'Arena', 'Sighseeing']",Arena,strategy_nearest,True,0.0028498172760009766,success
045E52429C4C80,3,"['Arena', 'Casa Giulietta']",Torre Lamberti,"['Sighseeing', 'Centro Fotografia', 'Museo Conte', 'Palazzo della Ragione', 'AMO']",Santa Anastasia,strategy_nearest,False,0.0036809444427490234,success
045E4C3A9C4C80,3,"['Arena', 'San Fermo', 'Giardino Giusti']",Duomo,"['AMO', 'Museo Miniscalchi', 'Santa Anastasia', 'Teatro Romano', 'Palazzo della Ragione']",San Zeno,strategy_nearest,False,0.003087759017944336,success
045E5A3A9C4C80,2,['Giardino Giusti'],Castelvecchio,"['Museo Lapidario', 'Verona Tour', 'Arena', 'Museo Radio', 'San Zeno']",Casa Giulietta,strategy_nearest,False,0.0013661384582519531,success
045E56429C4C80,3,"['Arena', 'Torre Lamberti', 'San Fermo', 'Santa Anastasia']",Casa Giulietta,"['Centro Fotografia', 'Sighseeing', 'Museo Conte', 'Museo Radio', 'Palazzo della Ragione']",Tomba Giulietta,strategy_nearest,False,0.003055095672607422,success
045E5C429C4C80,3,"['Castelvecchio', 'San Zeno']",Arena,"['Verona Tour', 'Museo Lapidario', 'Museo Radio', 'San Fermo', 'Casa Giulietta']",Santa Anastasia,strategy_nearest,False,0.0025391578674316406,success
045E7C3A9C4C80,1,['Arena'],Casa Giulietta,"['Centro Fotografia', 'Sighseeing', 'Torre Lamberti', 'Museo Conte', 'Museo Radio']",Torre Lamberti,strategy_nearest,True,0.0019369125366210938,success
045E5F3A9C4C80,0,['Torre Lamberti'],Arena,"['Verona Tour', 'Museo Lapidario', 'Museo Radio', 'San Fermo', 'Casa Giulietta']",Tomba Giulietta,strategy_nearest,False,0.003657102584838867,success
045E794A9C4C80,0,['Arena'],Casa Giulietta,"['Centro Fotografia', 'Sighseeing', 'Torre Lamberti', 'Museo Conte', 'Museo Radio']",Torre Lamberti,strategy_nearest,True,0.004104137420654297,success
045E873A9C4C80,0,['Castelvecchio'],Torre Lamberti,"['Sighseeing', 'Centro Fotografia', 'Museo Conte', 'Casa Giulietta', 'Palazzo della Ragione']",Arena,strategy_nearest,False,0.002178192138671875,success
045E833A9C4C80,1,['Arena'],Torre Lamberti,"['Sighseeing', 'Centro Fotografia', 'Museo Conte', 'Casa Giulietta', 'Palazzo della Ragione']",Palazzo della Ragione,strategy_nearest,True,0.0036199092864990234,success
045E853A9C4C80,0,['Arena'],Casa Giulietta,"['Centro Fotografia', 'Sighseeing', 'Torre Lamberti', 'Museo Conte', 'Museo Radio']",Castelvecchio,strategy_nearest,False,0.0046749114990234375,success
045E8A3A9C4C80,3,"['Arena', 'Teatro Romano', 'Duomo']",Santa Anastasia,"['AMO', 'Museo Conte', 'Palazzo della Ragione', 'Centro Fotografia', 'Torre Lamberti']",Torre Lamberti,strategy_nearest,True,0.0030601024627685547,success
045E94429C4C80,1,"['Arena', 'Casa Giulietta']",Torre Lamberti,"['Sighseeing', 'Centro Fotografia', 'Museo Conte', 'Palazzo della Ragione', 'AMO']",Palazzo della Ragione,strategy_nearest,True,0.004094839096069336,success
045E9C4A9C4C80,1,"['Torre Lamberti', 'Palazzo della Ragione']",Casa Giulietta,"['Centro Fotografia', 'Sighseeing', 'Museo Conte', 'Museo Radio', 'San Fermo']",Arena,strategy_nearest,False,0.0032660961151123047,success
045EA83A9C4C80,1,"['Castelvecchio', 'Arena', 'Museo Lapidario', 'Casa Giulietta']",Santa Anastasia,"['AMO', 'Museo Conte', 'Palazzo della Ragione', 'Teatro Romano', 'Centro Fotografia']",Duomo,strategy_nearest,False,0.0043299198150634766,success
045EC63A9C4C80,0,['Arena'],Casa Giulietta,"['Centro Fotografia', 'Sighseeing', 'Torre Lamberti', 'Museo Conte', 'Museo Radio']",Torre Lamberti,strategy_nearest,True,0.002183198928833008,success
045EAB429C4C80,2,['Castelvecchio'],Casa Giulietta,"['Centro Fotografia', 'Sighseeing', 'Torre Lamberti', 'Museo Conte', 'Museo Radio']",Santa Anastasia,strategy_nearest,False,0.0058519840240478516,success
045EC73A9C4C80,0,['Arena'],Casa Giulietta,"['Centro Fotografia', 'Sighseeing', 'Torre Lamberti', 'Museo Conte', 'Museo Radio']",Torre Lamberti,strategy_nearest,True,0.0026192665100097656,success
045ECB429C4C80,1,"['Arena', 'Palazzo della Ragione']",Teatro Romano,"['Santa Anastasia', 'Duomo', 'AMO', 'Museo Conte', 'Centro Fotografia']",Tomba Giulietta,strategy_nearest,False,0.002473115921020508,success
045EF33A9C4C80,0,['Arena'],Casa Giulietta,"['Centro Fotografia', 'Sighseeing', 'Torre Lamberti', 'Museo Conte', 'Museo Radio']",Torre Lamberti,strategy_nearest,True,0.0027799606323242188,success
045ECE429C4C80,0,"['Casa Giulietta', 'Torre Lamberti']",Arena,"['Verona Tour', 'Museo Lapidario', 'Museo Radio', 'San Fermo', 'Sighseeing']",Castelvecchio,strategy_nearest,False,0.0023889541625976562,success
045EF5429C4C80,3,['Arena'],Torre Lamberti,"['Sighseeing', 'Centro Fotografia', 'Museo Conte', 'Casa Giulietta', 'Palazzo della Ragione']",San Fermo,strategy_nearest,False,0.003326892852783203,success
045EFB3A9C4C80,1,"['Arena', 'Casa Giulietta', 'Torre Lamberti']",Palazzo della Ragione,"['AMO', 'Museo Conte', 'Centro Fotografia', 'Sighseeing', 'Santa Anastasia']",Santa Anastasia,strategy_nearest,True,0.0019421577453613281,success
045EFE3A9C4C80,3,"['Arena', 'San Fermo']",Torre Lamberti,"['Sighseeing', 'Centro Fotografia', 'Museo Conte', 'Casa Giulietta', 'Palazzo della Ragione']",Casa Giulietta,strategy_nearest,True,0.0019180774688720703,success
045F18429C4C84,0,['Arena'],Duomo,"['AMO', 'Museo Miniscalchi', 'Santa Anastasia', 'Teatro Romano', 'Palazzo della Ragione']",Teatro Romano,strategy_nearest,True,0.0029802322387695312,success
045F20429C4C84,1,"['Arena', 'Torre Lamberti']",Palazzo della Ragione,"['AMO', 'Museo Conte', 'Centro Fotografia', 'Sighseeing', 'Santa Anastasia']",Teatro Romano,strategy_nearest,False,0.003423929214477539,success
045F013A9C4C84,1,"['Arena', 'Casa Giulietta']",Torre Lamberti,"['Sighseeing', 'Centro Fotografia', 'Museo Conte', 'Palazzo della Ragione', 'AMO']",Palazzo della Ragione,strategy_nearest,True,0.0038139820098876953,success
045F223A9C4C84,3,"['Tomba Giulietta', 'Arena']",Castelvecchio,"['Museo Lapidario', 'Verona Tour', 'Museo Radio', 'San Zeno', 'Sighseeing']",San Zeno,strategy_nearest,True,0.0030639171600341797,success
045F324A9C4C80,0,['San Zeno'],Casa Giulietta,"['Centro Fotografia', 'Sighseeing', 'Torre Lamberti', 'Museo Conte', 'Museo Radio']",Torre Lamberti,strategy_nearest,True,0.001978158950805664,success
045F2E429C4C80,3,"['Arena', 'Santa Anastasia']",Duomo,"['AMO', 'Museo Miniscalchi', 'Teatro Romano', 'Palazzo della Ragione', 'Museo Conte']",Torre Lamberti,strategy_nearest,False,0.002712249755859375,success
045F274A9C4C80,0,"['Arena', 'Casa Giulietta']",Tomba Giulietta,"['San Fermo', 'Museo Storia', 'Museo Lapidario', 'Museo Radio', 'Verona Tour']",Duomo,strategy_nearest,False,0.0027441978454589844,success
045F3D429C4C80,2,"['Casa Giulietta', 'Santa Anastasia']",San Zeno,"['Castelvecchio', 'Verona Tour', 'Museo Lapidario', 'Arena', 'Museo Miniscalchi']",Tomba Giulietta,strategy_nearest,False,0.0030689239501953125,success
045F57429C4C80,1,"['Arena', 'Casa Giulietta', 'Palazzo della Ragione']",Torre Lamberti,"['Sighseeing', 'Centro Fotografia', 'Museo Conte', 'AMO', 'Museo Miniscalchi']",Teatro Romano,strategy_nearest,False,0.0026481151580810547,success
045F59429C4C80,1,"['Arena', 'Torre Lamberti']",Palazzo della Ragione,"['AMO', 'Museo Conte', 'Centro Fotografia', 'Sighseeing', 'Santa Anastasia']",Santa Anastasia,strategy_nearest,True,0.0027589797973632812,success
045F5A429C4C80,3,"['Museo Lapidario', 'Castelvecchio', 'Tomba Giulietta']",Arena,"['Verona Tour', 'Museo Radio', 'San Fermo', 'Casa Giulietta', 'Sighseeing']",Casa Giulietta,strategy_nearest,True,0.0034329891204833984,success
045F643A9C4C80,0,['Arena'],Torre Lamberti,"['Sighseeing', 'Centro Fotografia', 'Museo Conte', 'Casa Giulietta', 'Palazzo della Ragione']",Casa Giulietta,strategy_nearest,True,0.0023119449615478516,success
045F5F3A9C4C80,0,"['Arena', 'Casa Giulietta']",Torre Lamberti,"['Sighseeing', 'Centro Fotografia', 'Museo Conte', 'Palazzo della Ragione', 'AMO']",Castelvecchio,strategy_nearest,False,0.003950834274291992,success
045F6B429C4C80,0,['Arena'],Casa Giulietta,"['Centro Fotografia', 'Sighseeing', 'Torre Lamberti', 'Museo Conte', 'Museo Radio']",Torre Lamberti,strategy_nearest,True,0.002773761749267578,success
045F6A429C4C80,2,['Teatro Romano'],Castelvecchio,"['Museo Lapidario', 'Verona Tour', 'Arena', 'Museo Radio', 'San Zeno']",San Zeno,strategy_nearest,True,0.002465963363647461,success
045F6F429C4C80,0,"['Arena', 'Museo Lapidario']",Castelvecchio,"['Verona Tour', 'Museo Radio', 'San Zeno', 'Sighseeing', 'Museo Miniscalchi']",Torre Lamberti,strategy_nearest,False,0.002742767333984375,success
045F72429C4C80,3,['Arena'],Santa Anastasia,"['AMO', 'Museo Conte', 'Palazzo della Ragione', 'Teatro Romano', 'Centro Fotografia']",Duomo,strategy_nearest,False,0.002413034439086914,success
045F79429C4C80,1,"['Arena', 'Santa Anastasia', 'Palazzo della Ragione']",Torre Lamberti,"['Sighseeing', 'Centro Fotografia', 'Museo Conte', 'Casa Giulietta', 'AMO']",Castelvecchio,strategy_nearest,False,0.002199888229370117,success
045F813A9C4C80,3,['Arena'],Casa Giulietta,"['Centro Fotografia', 'Sighseeing', 'Torre Lamberti', 'Museo Conte', 'Museo Radio']",Santa Anastasia,strategy_nearest,False,0.0029299259185791016,success
045F873A9C4C80,0,['Arena'],San Fermo,"['Museo Storia', 'Museo Radio', 'Casa Giulietta', 'Centro Fotografia', 'Sighseeing']",Casa Giulietta,strategy_nearest,True,0.0034487247467041016,success
045F944A9C4C80,0,['Tomba Giulietta'],Arena,"['Verona Tour', 'Museo Lapidario', 'Museo Radio', 'San Fermo', 'Casa Giulietta']",Casa Giulietta,strategy_nearest,True,0.003164052963256836,success
045F9A4A9C4C80,3,"['Arena', 'Santa Anastasia']",Duomo,"['AMO', 'Museo Miniscalchi', 'Teatro Romano', 'Palazzo della Ragione', 'Museo Conte']",Teatro Romano,strategy_nearest,True,0.0023810863494873047,success
045FBB429C4C80,0,['Arena'],Castelvecchio,"['Museo Lapidario', 'Verona Tour', 'Museo Radio', 'San Zeno', 'Sighseeing']",Teatro Romano,strategy_nearest,False,0.003473043441772461,success
045FB6429C4C80,3,"['Santa Anastasia', 'Arena']",Teatro Romano,"['Duomo', 'AMO', 'Palazzo della Ragione', 'Museo Conte', 'Centro Fotografia']",Casa Giulietta,strategy_nearest,False,0.002285003662109375,success
045FB73A9C4C80,0,['Arena'],Castelvecchio,"['Museo Lapidario', 'Verona Tour', 'Museo Radio', 'San Zeno', 'Sighseeing']",Casa Giulietta,strategy_nearest,False,0.0023849010467529297,success
045FB03A9C4C80,0,['Arena'],Casa Giulietta,"['Centro Fotografia', 'Sighseeing', 'Torre Lamberti', 'Museo Conte', 'Museo Radio']",Castelvecchio,strategy_nearest,False,0.005324840545654297,success
045FC63A9C4C80,2,"['Torre Lamberti', 'Teatro Romano']",Duomo,"['AMO', 'Museo Miniscalchi', 'Santa Anastasia', 'Palazzo della Ragione', 'Museo Conte']",Santa Anastasia,strategy_nearest,True,0.0014147758483886719,success
045FC5429C4C80,3,"['Arena', 'Casa Giulietta']",Torre Lamberti,"['Sighseeing', 'Centro Fotografia', 'Museo Conte', 'Palazzo della Ragione', 'AMO']",Santa Anastasia,strategy_nearest,False,0.0023729801177978516,success
045FCC429C4C80,1,"['Arena', 'Museo Lapidario']",Castelvecchio,"['Verona Tour', 'Museo Radio', 'San Zeno', 'Sighseeing', 'Museo Miniscalchi']",Palazzo della Ragione,strategy_nearest,False,0.0028700828552246094,success
045FC93A9C4C80,0,['San Fermo'],Torre Lamberti,"['Sighseeing', 'Centro Fotografia', 'Museo Conte', 'Casa Giulietta', 'Palazzo della Ragione']",Arena,strategy_nearest,False,0.003657102584838867,success
045FE03A9C4C80,0,['Arena'],Casa Giulietta,"['Centro Fotografia', 'Sighseeing', 'Torre Lamberti', 'Museo Conte', 'Museo Radio']",Castelvecchio,strategy_nearest,False,0.002413034439086914,success
045FDC429C4C80,0,['Casa Giulietta'],Santa Anastasia,"['AMO', 'Museo Conte', 'Palazzo della Ragione', 'Teatro Romano', 'Centro Fotografia']",Arena,strategy_nearest,False,0.0025987625122070312,success
045FE53A9C4C80,1,['Arena'],Torre Lamberti,"['Sighseeing', 'Centro Fotografia', 'Museo Conte', 'Casa Giulietta', 'Palazzo della Ragione']",Palazzo della Ragione,strategy_nearest,True,0.0029921531677246094,success
045FFF3A9C4C80,0,"['Arena', 'San Fermo']",Casa Giulietta,"['Centro Fotografia', 'Sighseeing', 'Torre Lamberti', 'Museo Conte', 'Museo Radio']",Duomo,strategy_nearest,False,0.0035469532012939453,success
04600F3A9C4C84,1,"['Casa Giulietta', 'Museo Lapidario', 'Tomba Giulietta']",Museo Storia,"['San Fermo', 'Museo Radio', 'Centro Fotografia', 'Arena', 'Torre Lamberti']",San Fermo,strategy_nearest,True,0.002763032913208008,success
046014429C4C84,0,"['Castelvecchio', 'Arena']",Torre Lamberti,"['Sighseeing', 'Centro Fotografia', 'Museo Conte', 'Casa Giulietta', 'Palazzo della Ragione']",Casa Giulietta,strategy_nearest,True,0.0027980804443359375,success
0460143A9C4C84,0,['Arena'],Casa Giulietta,"['Centro Fotografia', 'Sighseeing', 'Torre Lamberti', 'Museo Conte', 'Museo Radio']",Santa Anastasia,strategy_nearest,False,0.002048969268798828,success
0460163A9C4C80,3,['Arena'],Torre Lamberti,"['Sighseeing', 'Centro Fotografia', 'Museo Conte', 'Casa Giulietta', 'Palazzo della Ragione']",Duomo,strategy_nearest,False,0.0029659271240234375,success
0460223A9C4C80,0,"['Casa Giulietta', 'Arena']",Castelvecchio,"['Museo Lapidario', 'Verona Tour', 'Museo Radio', 'San Zeno', 'Sighseeing']",Teatro Romano,strategy_nearest,False,0.0033507347106933594,success
04602A4A9C4C80,1,"['Arena', 'Casa Giulietta']",Palazzo della Ragione,"['AMO', 'Museo Conte', 'Torre Lamberti', 'Centro Fotografia', 'Sighseeing']",Torre Lamberti,strategy_nearest,True,0.0018687248229980469,success
0460274A9C4C80,0,"['Arena', 'Castelvecchio']",Casa Giulietta,"['Centro Fotografia', 'Sighseeing', 'Torre Lamberti', 'Museo Conte', 'Museo Radio']",Torre Lamberti,strategy_nearest,True,0.001981019973754883,success
0460443A9C4C80,3,['Santa Anastasia'],Teatro Romano,"['Duomo', 'AMO', 'Palazzo della Ragione', 'Museo Conte', 'Centro Fotografia']",Casa Giulietta,strategy_nearest,False,0.0032501220703125,success
046054429C4C80,1,"['Arena', 'Casa Giulietta', 'Torre Lamberti']",Palazzo della Ragione,"['AMO', 'Museo Conte', 'Centro Fotografia', 'Sighseeing', 'Santa Anastasia']",Teatro Romano,strategy_nearest,False,0.0025479793548583984,success
0460463A9C4C80,0,"['Arena', 'Castelvecchio']",Torre Lamberti,"['Sighseeing', 'Centro Fotografia', 'Museo Conte', 'Casa Giulietta', 'Palazzo della Ragione']",Teatro Romano,strategy_nearest,False,0.0033981800079345703,success
046058429C4C80,3,"['Arena', 'Castelvecchio', 'San Zeno']",Teatro Romano,"['Santa Anastasia', 'Duomo', 'AMO', 'Palazzo della Ragione', 'Museo Conte']",Santa Anastasia,strategy_nearest,True,0.003339052200317383,success
0460503A9C4C80,0,['Arena'],Casa Giulietta,"['Centro Fotografia', 'Sighseeing', 'Torre Lamberti', 'Museo Conte', 'Museo Radio']",Torre Lamberti,strategy_nearest,True,0.002004861831665039,success
046059429C4C80,3,"['San Fermo', 'Santa Anastasia', 'Castelvecchio']",Giardino Giusti,"['Teatro Romano', 'Museo Conte', 'Centro Fotografia', 'Museo Storia', 'AMO']",Duomo,strategy_nearest,False,0.0026230812072753906,success
0460603A9C4C80,1,"['Arena', 'Torre Lamberti', 'Palazzo della Ragione', 'Teatro Romano']",Santa Anastasia,"['AMO', 'Museo Conte', 'Centro Fotografia', 'Duomo', 'Sighseeing']",Castelvecchio,strategy_nearest,False,0.0025501251220703125,success
04605C3A9C4C80,1,"['Arena', 'Torre Lamberti', 'Palazzo della Ragione']",Casa Giulietta,"['Centro Fotografia', 'Sighseeing', 'Museo Conte', 'Museo Radio', 'San Fermo']",Castelvecchio,strategy_nearest,False,0.0026612281799316406,success
046071429C4C80,0,"['Tomba Giulietta', 'San Fermo']",Casa Giulietta,"['Centro Fotografia', 'Sighseeing', 'Torre Lamberti', 'Museo Conte', 'Museo Radio']",Torre Lamberti,strategy_nearest,True,0.0032498836517333984,success
046069429C4C80,3,"['Arena', 'Santa Anastasia']",Teatro Romano,"['Duomo', 'AMO', 'Palazzo della Ragione', 'Museo Conte', 'Centro Fotografia']",Casa Giulietta,strategy_nearest,False,0.0031349658966064453,success
046073429C4C80,1,['Arena'],Casa Giulietta,"['Centro Fotografia', 'Sighseeing', 'Torre Lamberti', 'Museo Conte', 'Museo Radio']",Torre Lamberti,strategy_nearest,True,0.001961946487426758,success
0460804A9C4C80,1,"['Torre Lamberti', 'Palazzo della Ragione', 'Santa Anastasia']",Casa Giulietta,"['Centro Fotografia', 'Sighseeing', 'Museo Conte', 'Museo Radio', 'San Fermo']",San Zeno,strategy_nearest,False,0.0023767948150634766,success
0460824A9C4C80,0,['Torre Lamberti'],Arena,"['Verona Tour', 'Museo Lapidario', 'Museo Radio', 'San Fermo', 'Casa Giulietta']",Castelvecchio,strategy_nearest,False,0.002074003219604492,success
0460893A9C4C80,3,"['San Zeno', 'Castelvecchio', 'Arena']",Duomo,"['AMO', 'Museo Miniscalchi', 'Santa Anastasia', 'Teatro Romano', 'Palazzo della Ragione']",Teatro Romano,strategy_nearest,True,0.0027289390563964844,success
04608A429C4C80,0,"['Arena', 'Casa Giulietta']",Torre Lamberti,"['Sighseeing', 'Centro Fotografia', 'Museo Conte', 'Palazzo della Ragione', 'AMO']",Duomo,strategy_nearest,False,0.003406047821044922,success
04609A429C4C80,1,"['Arena', 'Casa Giulietta']",Torre Lamberti,"['Sighseeing', 'Centro Fotografia', 'Museo Conte', 'Palazzo della Ragione', 'AMO']",Palazzo della Ragione,strategy_nearest,True,0.0026721954345703125,success
0460B13A9C4C80,3,['Arena'],Santa Anastasia,"['AMO', 'Museo Conte', 'Palazzo della Ragione', 'Teatro Romano', 'Centro Fotografia']",Duomo,strategy_nearest,False,0.0020530223846435547,success
0460B33A9C4C80,0,['Arena'],Torre Lamberti,"['Sighseeing', 'Centro Fotografia', 'Museo Conte', 'Casa Giulietta', 'Palazzo della Ragione']",Duomo,strategy_nearest,False,0.003202676773071289,success
04609E429C4C80,0,['Arena'],Casa Giulietta,"['Centro Fotografia', 'Sighseeing', 'Torre Lamberti', 'Museo Conte', 'Museo Radio']",San Zeno,strategy_nearest,False,0.003354787826538086,success
0460B53A9C4C80,3,"['Arena', 'Casa Giulietta', 'Santa Anastasia']",Duomo,"['AMO', 'Museo Miniscalchi', 'Teatro Romano', 'Palazzo della Ragione', 'Museo Conte']",Teatro Romano,strategy_nearest,True,0.003941774368286133,success
0460B9429C4C80,0,['Torre Lamberti'],Casa Giulietta,"['Centro Fotografia', 'Sighseeing', 'Museo Conte', 'Museo Radio', 'Palazzo della Ragione']",Teatro Romano,strategy_nearest,False,0.0027472972869873047,success
0460BD3A9C4C80,0,['Arena'],Casa Giulietta,"['Centro Fotografia', 'Sighseeing', 'Torre Lamberti', 'Museo Conte', 'Museo Radio']",Castelvecchio,strategy_nearest,False,0.0015201568603515625,success
0460C7429C4C80,0,['Arena'],Duomo,"['AMO', 'Museo Miniscalchi', 'Santa Anastasia', 'Teatro Romano', 'Palazzo della Ragione']",Casa Giulietta,strategy_nearest,False,0.0024900436401367188,success
0460CB3A9C4C80,0,"['Arena', 'Museo Lapidario', 'Casa Giulietta']",Torre Lamberti,"['Sighseeing', 'Centro Fotografia', 'Museo Conte', 'Palazzo della Ragione', 'AMO']",Teatro Romano,strategy_nearest,False,0.0015327930450439453,success
0460CE3A9C4C80,2,"['Torre Lamberti', 'Duomo']",Santa Anastasia,"['AMO', 'Museo Conte', 'Palazzo della Ragione', 'Teatro Romano', 'Centro Fotografia']",Casa Giulietta,strategy_nearest,False,0.0027382373809814453,success
0460CD3A9C4C80,0,['Arena'],Teatro Romano,"['Santa Anastasia', 'Duomo', 'AMO', 'Palazzo della Ragione', 'Museo Conte']",Giardino Giusti,strategy_nearest,False,0.0021779537200927734,success
0460DD3A9C4C80,2,['Torre Lamberti'],Palazzo della Ragione,"['AMO', 'Museo Conte', 'Centro Fotografia', 'Sighseeing', 'Santa Anastasia']",Casa Giulietta,strategy_nearest,False,0.0034089088439941406,success
0460E83A9C4C80,2,"['San Fermo', 'Casa Giulietta', 'Torre Lamberti']",Palazzo della Ragione,"['AMO', 'Museo Conte', 'Centro Fotografia', 'Sighseeing', 'Santa Anastasia']",Santa Anastasia,strategy_nearest,True,0.002568960189819336,success
0460E73A9C4C80,0,['Duomo'],Casa Giulietta,"['Centro Fotografia', 'Sighseeing', 'Torre Lamberti', 'Museo Conte', 'Museo Radio']",Tomba Giulietta,strategy_nearest,False,0.0033559799194335938,success
0460DF3A9C4C80,3,['Castelvecchio'],Arena,"['Verona Tour', 'Museo Lapidario', 'Museo Radio', 'San Fermo', 'Casa Giulietta']",Torre Lamberti,strategy_nearest,False,0.002039194107055664,success
0460FE3A9C4C80,0,"['Arena', 'Tomba Giulietta']",Castelvecchio,"['Museo Lapidario', 'Verona Tour', 'Museo Radio', 'San Zeno', 'Sighseeing']",Casa Giulietta,strategy_nearest,False,0.0031659603118896484,success
046108429C4C84,3,"['Arena', 'Casa Giulietta', 'Santa Anastasia']",San Fermo,"['Museo Storia', 'Museo Radio', 'Centro Fotografia', 'Sighseeing', 'Torre Lamberti']",Duomo,strategy_nearest,False,0.0019130706787109375,success
0461143A9C4C80,0,['Museo Lapidario'],Arena,"['Verona Tour', 'Museo Radio', 'San Fermo', 'Casa Giulietta', 'Sighseeing']",Castelvecchio,strategy_nearest,False,0.002546072006225586,success
0461153A9C4C80,3,"['Arena', 'Casa Giulietta']",Torre Lamberti,"['Sighseeing', 'Centro Fotografia', 'Museo Conte', 'Palazzo della Ragione', 'AMO']",Santa Anastasia,strategy_nearest,False,0.0025148391723632812,success
0461153A9C4C84,0,['Castelvecchio'],Arena,"['Verona Tour', 'Museo Lapidario', 'Museo Radio', 'San Fermo', 'Casa Giulietta']",Torre Lamberti,strategy_nearest,False,0.002971172332763672,success
0461183A9C4C84,3,"['Torre Lamberti', 'Santa Anastasia']",Casa Giulietta,"['Centro Fotografia', 'Sighseeing', 'Museo Conte', 'Museo Radio', 'Palazzo della Ragione']",Arena,strategy_nearest,False,0.002549886703491211,success
0461234A9C4C80,3,"['Casa Giulietta', 'Torre Lamberti', 'Santa Anastasia']",Arena,"['Verona Tour', 'Museo Lapidario', 'Museo Radio', 'San Fermo', 'Sighseeing']",Giardino Giusti,strategy_nearest,False,0.0033142566680908203,success
0461283A9C4C80,3,"['Castelvecchio', 'San Zeno', 'Arena']",Torre Lamberti,"['Sighseeing', 'Centro Fotografia', 'Museo Conte', 'Casa Giulietta', 'Palazzo della Ragione']",San Fermo,strategy_nearest,False,0.0033249855041503906,success
04612A3A9C4C80,0,['Torre Lamberti'],Casa Giulietta,"['Centro Fotografia', 'Sighseeing', 'Museo Conte', 'Museo Radio', 'Palazzo della Ragione']",Arena,strategy_nearest,False,0.0030629634857177734,success
04613E3A9C4C80,3,['Santa Anastasia'],Torre Lamberti,"['Sighseeing', 'Centro Fotografia', 'Museo Conte', 'Casa Giulietta', 'Palazzo della Ragione']",Casa Giulietta,strategy_nearest,True,0.003371000289916992,success
04614C3A9C4C80,0,"['Torre Lamberti', 'Casa Giulietta']",Arena,"['Verona Tour', 'Museo Lapidario', 'Museo Radio', 'San Fermo', 'Sighseeing']",Tomba Giulietta,strategy_nearest,False,0.002444028854370117,success
04613F429C4C80,2,['Casa Giulietta'],Torre Lamberti,"['Sighseeing', 'Centro Fotografia', 'Museo Conte', 'Palazzo della Ragione', 'AMO']",Palazzo della Ragione,strategy_nearest,True,0.003406047821044922,success
0461503A9C4C80,1,"['San Zeno', 'Castelvecchio', 'Teatro Romano', 'Duomo']",Casa Giulietta,"['Centro Fotografia', 'Sighseeing', 'Torre Lamberti', 'Museo Conte', 'Museo Radio']",Torre Lamberti,strategy_nearest,True,0.0025789737701416016,success
0461533A9C4C80,0,['Arena'],Teatro Romano,"['Santa Anastasia', 'Duomo', 'AMO', 'Palazzo della Ragione', 'Museo Conte']",Castelvecchio,strategy_nearest,False,0.0030527114868164062,success
046155429C4C80,1,"['Arena', 'Casa Giulietta', 'Torre Lamberti']",Palazzo della Ragione,"['AMO', 'Museo Conte', 'Centro Fotografia', 'Sighseeing', 'Santa Anastasia']",Castelvecchio,strategy_nearest,False,0.0024449825286865234,success
04616F429C4C80,1,"['Casa Giulietta', 'Torre Lamberti']",Palazzo della Ragione,"['AMO', 'Museo Conte', 'Centro Fotografia', 'Sighseeing', 'Santa Anastasia']",Castelvecchio,strategy_nearest,False,0.002001047134399414,success
0461723A9C4C80,3,"['Arena', 'San Fermo', 'Casa Giulietta']",Santa Anastasia,"['AMO', 'Museo Conte', 'Palazzo della Ragione', 'Teatro Romano', 'Centro Fotografia']",Teatro Romano,strategy_nearest,True,0.0032660961151123047,success
046175429C4C80,3,"['Teatro Romano', 'Santa Anastasia', 'San Fermo']",Tomba Giulietta,"['Museo Storia', 'Arena', 'Museo Lapidario', 'Museo Radio', 'Verona Tour']",Castelvecchio,strategy_nearest,False,0.003129720687866211,success
0461773A9C4C80,1,"['Arena', 'Casa Giulietta']",Tomba Giulietta,"['San Fermo', 'Museo Storia', 'Museo Lapidario', 'Museo Radio', 'Verona Tour']",Torre Lamberti,strategy_nearest,False,0.0023920536041259766,success
046157429C4C80,0,['Casa Giulietta'],Teatro Romano,"['Santa Anastasia', 'Duomo', 'AMO', 'Palazzo della Ragione', 'Museo Conte']",Arena,strategy_nearest,False,0.0033969879150390625,success
046177429C4C80,0,['Casa Giulietta'],Arena,"['Verona Tour', 'Museo Lapidario', 'Museo Radio', 'San Fermo', 'Sighseeing']",Tomba Giulietta,strategy_nearest,False,0.0024161338806152344,success
04617B429C4C80,3,"['San Zeno', 'Castelvecchio', 'Arena']",Torre Lamberti,"['Sighseeing', 'Centro Fotografia', 'Museo Conte', 'Casa Giulietta', 'Palazzo della Ragione']",Santa Anastasia,strategy_nearest,False,0.0019211769104003906,success
04618A429C4C80,1,"['Arena', 'Casa Giulietta']",Palazzo della Ragione,"['AMO', 'Museo Conte', 'Torre Lamberti', 'Centro Fotografia', 'Sighseeing']",Torre Lamberti,strategy_nearest,True,0.0030841827392578125,success
0461864A9C4C80,3,"['Casa Giulietta', 'Torre Lamberti', 'Santa Anastasia']",Teatro Romano,"['Duomo', 'AMO', 'Palazzo della Ragione', 'Museo Conte', 'Centro Fotografia']",Giardino Giusti,strategy_nearest,False,0.0025548934936523438,success
04619C4A9C4C80,0,['Arena'],Casa Giulietta,"['Centro Fotografia', 'Sighseeing', 'Torre Lamberti', 'Museo Conte', 'Museo Radio']",Duomo,strategy_nearest,False,0.0023970603942871094,success
04619D429C4C80,1,['Arena'],Palazzo della Ragione,"['AMO', 'Museo Conte', 'Torre Lamberti', 'Centro Fotografia', 'Sighseeing']",Torre Lamberti,strategy_nearest,True,0.0023391246795654297,success
04619E4A9C4C80,0,['Arena'],Casa Giulietta,"['Centro Fotografia', 'Sighseeing', 'Torre Lamberti', 'Museo Conte', 'Museo Radio']",Castelvecchio,strategy_nearest,False,0.002619028091430664,success
0461A44A9C4C80,2,"['Museo Lapidario', 'Torre Lamberti']",Casa Giulietta,"['Centro Fotografia', 'Sighseeing', 'Museo Conte', 'Museo Radio', 'Palazzo della Ragione']",Castelvecchio,strategy_nearest,False,0.0029299259185791016,success
0461AB429C4C80,0,['Arena'],Castelvecchio,"['Museo Lapidario', 'Verona Tour', 'Museo Radio', 'San Zeno', 'Sighseeing']",Casa Giulietta,strategy_nearest,False,0.0033102035522460938,success
0461A84A9C4C80,3,"['Torre Lamberti', 'Casa Giulietta']",Arena,"['Verona Tour', 'Museo Lapidario', 'Museo Radio', 'San Fermo', 'Sighseeing']",Castelvecchio,strategy_nearest,False,0.0027010440826416016,success
0461AB4A9C4C80,0,"['Arena', 'Castelvecchio']",Torre Lamberti,"['Sighseeing', 'Centro Fotografia', 'Museo Conte', 'Casa Giulietta', 'Palazzo della Ragione']",Teatro Romano,strategy_nearest,False,0.003183126449584961,success
0461B53A9C4C80,0,['Castelvecchio'],Arena,"['Verona Tour', 'Museo Lapidario', 'Museo Radio', 'San Fermo', 'Casa Giulietta']",Torre Lamberti,strategy_nearest,False,0.0031778812408447266,success
0461AF3A9C4C80,1,"['Casa Giulietta', 'Palazzo della Ragione']",Torre Lamberti,"['Sighseeing', 'Centro Fotografia', 'Museo Conte', 'AMO', 'Museo Miniscalchi']",Arena,strategy_nearest,False,0.0026679039001464844,success
0461B03A9C4C80,0,['Arena'],Casa Giulietta,"['Centro Fotografia', 'Sighseeing', 'Torre Lamberti', 'Museo Conte', 'Museo Radio']",Torre Lamberti,strategy_nearest,True,0.0026121139526367188,success
0461B7429C4C80,3,"['Castelvecchio', 'Arena']",Casa Giulietta,"['Centro Fotografia', 'Sighseeing', 'Torre Lamberti', 'Museo Conte', 'Museo Radio']",Santa Anastasia,strategy_nearest,False,0.0030257701873779297,success
0461C53A9C4C80,0,['Arena'],Casa Giulietta,"['Centro Fotografia', 'Sighseeing', 'Torre Lamberti', 'Museo Conte', 'Museo Radio']",Castelvecchio,strategy_nearest,False,0.0032470226287841797,success
0461BE429C4C80,0,['Arena'],Casa Giulietta,"['Centro Fotografia', 'Sighseeing', 'Torre Lamberti', 'Museo Conte', 'Museo Radio']",Castelvecchio,strategy_nearest,False,0.0026938915252685547,success
0461BB3A9C4C80,3,"['Arena', 'Museo Lapidario', 'Casa Giulietta']",Torre Lamberti,"['Sighseeing', 'Centro Fotografia', 'Museo Conte', 'Palazzo della Ragione', 'AMO']",Santa Anastasia,strategy_nearest,False,0.0020530223846435547,success
0461C5429C4C80,3,"['Arena', 'Casa Giulietta']",Torre Lamberti,"['Sighseeing', 'Centro Fotografia', 'Museo Conte', 'Palazzo della Ragione', 'AMO']",Santa Anastasia,strategy_nearest,False,0.002958059310913086,success
0461C73A9C4C80,3,"['Arena', 'Casa Giulietta']",Teatro Romano,"['Santa Anastasia', 'Duomo', 'AMO', 'Palazzo della Ragione', 'Museo Conte']",Torre Lamberti,strategy_nearest,False,0.002593994140625,success
0461D33A9C4C80,3,"['Museo Lapidario', 'San Zeno']",Teatro Romano,"['Santa Anastasia', 'Duomo', 'AMO', 'Palazzo della Ragione', 'Museo Conte']",Arena,strategy_nearest,False,0.0024569034576416016,success
0461C8429C4C80,2,['Torre Lamberti'],Casa Giulietta,"['Centro Fotografia', 'Sighseeing', 'Museo Conte', 'Museo Radio', 'Palazzo della Ragione']",San Fermo,strategy_nearest,False,0.0019006729125976562,success
0461D5429C4C80,1,"['Torre Lamberti', 'Palazzo della Ragione', 'Casa Giulietta', 'Santa Anastasia']",Duomo,"['AMO', 'Museo Miniscalchi', 'Teatro Romano', 'Museo Conte', 'Centro Fotografia']",Giardino Giusti,strategy_nearest,False,0.00345611572265625,success
0461DF429C4C80,3,"['Arena', 'Santa Anastasia']",Teatro Romano,"['Duomo', 'AMO', 'Palazzo della Ragione', 'Museo Conte', 'Centro Fotografia']",Torre Lamberti,strategy_nearest,False,0.0019981861114501953,success
0461FD3A9C4C80,1,['Palazzo della Ragione'],Arena,"['Verona Tour', 'Museo Lapidario', 'Museo Radio', 'San Fermo', 'Casa Giulietta']",Castelvecchio,strategy_nearest,False,0.0032057762145996094,success
0461FB3A9C4C80,0,['Arena'],San Fermo,"['Museo Storia', 'Museo Radio', 'Casa Giulietta', 'Centro Fotografia', 'Sighseeing']",Casa Giulietta,strategy_nearest,True,0.0027158260345458984,success
04620C3A9C4C84,3,"['Arena', 'Castelvecchio']",Torre Lamberti,"['Sighseeing', 'Centro Fotografia', 'Museo Conte', 'Casa Giulietta', 'Palazzo della Ragione']",Santa Anastasia,strategy_nearest,False,0.0038089752197265625,success
046212429C4C84,4,"['Torre Lamberti', 'Arena', 'Museo Lapidario', 'Duomo']",Castelvecchio,"['Verona Tour', 'Museo Radio', 'San Zeno', 'Sighseeing', 'Museo Miniscalchi']",San Fermo,strategy_nearest,False,0.001683950424194336,success
046204429C4C84,1,"['Torre Lamberti', 'Palazzo della Ragione', 'Casa Giulietta', 'Castelvecchio']",San Zeno,"['Verona Tour', 'Museo Lapidario', 'Arena', 'Museo Miniscalchi', 'Sighseeing']",Arena,strategy_nearest,True,0.003108978271484375,success
0462133A9C4C84,0,['Arena'],Casa Giulietta,"['Centro Fotografia', 'Sighseeing', 'Torre Lamberti', 'Museo Conte', 'Museo Radio']",Torre Lamberti,strategy_nearest,True,0.0031821727752685547,success
0462143A9C4C80,3,"['Arena', 'San Fermo', 'Casa Giulietta']",Torre Lamberti,"['Sighseeing', 'Centro Fotografia', 'Museo Conte', 'Palazzo della Ragione', 'AMO']",Santa Anastasia,strategy_nearest,False,0.002112150192260742,success
046223429C4C84,2,"['Tomba Giulietta', 'Teatro Romano', 'Duomo']",San Fermo,"['Museo Storia', 'Museo Radio', 'Casa Giulietta', 'Centro Fotografia', 'Arena']",Torre Lamberti,strategy_nearest,False,0.002688169479370117,success
0462163A9C4C80,3,"['Arena', 'Casa Giulietta']",Torre Lamberti,"['Sighseeing', 'Centro Fotografia', 'Museo Conte', 'Palazzo della Ragione', 'AMO']",Santa Anastasia,strategy_nearest,False,0.0020771026611328125,success
0462153A9C4C80,0,['Arena'],Torre Lamberti,"['Sighseeing', 'Centro Fotografia', 'Museo Conte', 'Casa Giulietta', 'Palazzo della Ragione']",Casa Giulietta,strategy_nearest,True,0.004096031188964844,success
04622E3A9C4C80,0,['Arena'],San Fermo,"['Museo Storia', 'Museo Radio', 'Casa Giulietta', 'Centro Fotografia', 'Sighseeing']",Casa Giulietta,strategy_nearest,True,0.0020389556884765625,success
0462253A9C4C80,3,['Santa Anastasia'],Teatro Romano,"['Duomo', 'AMO', 'Palazzo della Ragione', 'Museo Conte', 'Centro Fotografia']",Arena,strategy_nearest,False,0.004878044128417969,success
0462273A9C4C80,2,['Torre Lamberti'],Santa Anastasia,"['AMO', 'Museo Conte', 'Palazzo della Ragione', 'Teatro Romano', 'Centro Fotografia']",Castelvecchio,strategy_nearest,False,0.0018796920776367188,success
04622C3A9C4C80,3,"['Arena', 'Castelvecchio']",Casa Giulietta,"['Centro Fotografia', 'Sighseeing', 'Torre Lamberti', 'Museo Conte', 'Museo Radio']",Torre Lamberti,strategy_nearest,True,0.003732919692993164,success
046230429C4C80,3,"['Arena', 'San Zeno']",Castelvecchio,"['Museo Lapidario', 'Verona Tour', 'Museo Radio', 'Sighseeing', 'Museo Miniscalchi']",Giardino Giusti,strategy_nearest,False,0.00213623046875,success
0462443A9C4C80,3,['Santa Anastasia'],Teatro Romano,"['Duomo', 'AMO', 'Palazzo della Ragione', 'Museo Conte', 'Centro Fotografia']",Casa Giulietta,strategy_nearest,False,0.002683877944946289,success
04624A429C4C80,3,"['Arena', 'San Fermo']",Casa Giulietta,"['Centro Fotografia', 'Sighseeing', 'Torre Lamberti', 'Museo Conte', 'Museo Radio']",Torre Lamberti,strategy_nearest,True,0.002727985382080078,success
04624F3A9C4C80,0,['Arena'],San Fermo,"['Museo Storia', 'Museo Radio', 'Casa Giulietta', 'Centro Fotografia', 'Sighseeing']",Casa Giulietta,strategy_nearest,True,0.0032808780670166016,success
046255429C4C80,0,['Arena'],Casa Giulietta,"['Centro Fotografia', 'Sighseeing', 'Torre Lamberti', 'Museo Conte', 'Museo Radio']",Castelvecchio,strategy_nearest,False,0.003118753433227539,success
046254429C4C80,3,"['Arena', 'Torre Lamberti', 'Casa Giulietta']",Santa Anastasia,"['AMO', 'Museo Conte', 'Palazzo della Ragione', 'Teatro Romano', 'Centro Fotografia']",Duomo,strategy_nearest,False,0.002785921096801758,success
0462553A9C4C80,0,['Torre Lamberti'],Casa Giulietta,"['Centro Fotografia', 'Sighseeing', 'Museo Conte', 'Museo Radio', 'Palazzo della Ragione']",Castelvecchio,strategy_nearest,False,0.002591848373413086,success
0462593A9C4C80,1,"['San Fermo', 'Santa Anastasia', 'Torre Lamberti']",Palazzo della Ragione,"['AMO', 'Museo Conte', 'Centro Fotografia', 'Sighseeing', 'Museo Miniscalchi']",Duomo,strategy_nearest,False,0.0032720565795898438,success
046268429C4C80,0,['Arena'],Casa Giulietta,"['Centro Fotografia', 'Sighseeing', 'Torre Lamberti', 'Museo Conte', 'Museo Radio']",Torre Lamberti,strategy_nearest,True,0.002711772918701172,success
04625D3A9C4C80,0,['Arena'],Casa Giulietta,"['Centro Fotografia', 'Sighseeing', 'Torre Lamberti', 'Museo Conte', 'Museo Radio']",Tomba Giulietta,strategy_nearest,False,0.002048015594482422,success
0462653A9C4C80,2,"['Teatro Romano', 'Duomo', 'Torre Lamberti']",Castelvecchio,"['Museo Lapidario', 'Verona Tour', 'Arena', 'Museo Radio', 'San Zeno']",San Zeno,strategy_nearest,True,0.0034360885620117188,success
04626F429C4C80,1,['Arena'],Casa Giulietta,"['Centro Fotografia', 'Sighseeing', 'Torre Lamberti', 'Museo Conte', 'Museo Radio']",Palazzo della Ragione,strategy_nearest,False,0.0032019615173339844,success
046270429C4C80,2,['San Fermo'],Casa Giulietta,"['Centro Fotografia', 'Sighseeing', 'Torre Lamberti', 'Museo Conte', 'Museo Radio']",Santa Anastasia,strategy_nearest,False,0.003061056137084961,success
0462763A9C4C80,3,['Arena'],Torre Lamberti,"['Sighseeing', 'Centro Fotografia', 'Museo Conte', 'Casa Giulietta', 'Palazzo della Ragione']",Santa Anastasia,strategy_nearest,False,0.0029578208923339844,success
046274429C4C80,0,['Arena'],Casa Giulietta,"['Centro Fotografia', 'Sighseeing', 'Torre Lamberti', 'Museo Conte', 'Museo Radio']",Teatro Romano,strategy_nearest,False,0.0023031234741210938,success
04628B429C4C80,3,"['Arena', 'Casa Giulietta']",Santa Anastasia,"['AMO', 'Museo Conte', 'Palazzo della Ragione', 'Teatro Romano', 'Centro Fotografia']",Duomo,strategy_nearest,False,0.0024938583374023438,success
0462804A9C4C80,3,"['Torre Lamberti', 'Casa Giulietta']",Santa Anastasia,"['AMO', 'Museo Conte', 'Palazzo della Ragione', 'Teatro Romano', 'Centro Fotografia']",Duomo,strategy_nearest,False,0.002201080322265625,success
0462884A9C4C80,0,['Arena'],Tomba Giulietta,"['San Fermo', 'Museo Storia', 'Museo Lapidario', 'Museo Radio', 'Verona Tour']",Duomo,strategy_nearest,False,0.002208709716796875,success
0462833A9C4C80,0,['Arena'],Castelvecchio,"['Museo Lapidario', 'Verona Tour', 'Museo Radio', 'San Zeno', 'Sighseeing']",Duomo,strategy_nearest,False,0.0034270286560058594,success
04628E4A9C4C80,1,"['Casa Giulietta', 'Palazzo della Ragione']",Torre Lamberti,"['Sighseeing', 'Centro Fotografia', 'Museo Conte', 'AMO', 'Museo Miniscalchi']",Arena,strategy_nearest,False,0.0013408660888671875,success
046298429C4C80,0,['Arena'],Casa Giulietta,"['Centro Fotografia', 'Sighseeing', 'Torre Lamberti', 'Museo Conte', 'Museo Radio']",Teatro Romano,strategy_nearest,False,0.003032684326171875,success
0462974A9C4C80,1,"['Arena', 'Casa Giulietta']",Santa Anastasia,"['AMO', 'Museo Conte', 'Palazzo della Ragione', 'Teatro Romano', 'Centro Fotografia']",Palazzo della Ragione,strategy_nearest,True,0.002716064453125,success
0462944A9C4C80,1,['Arena'],Torre Lamberti,"['Sighseeing', 'Centro Fotografia', 'Museo Conte', 'Casa Giulietta', 'Palazzo della Ragione']",Palazzo della Ragione,strategy_nearest,True,0.002141237258911133,success
0462994A9C4C80,3,"['Arena', 'Castelvecchio']",Casa Giulietta,"['Centro Fotografia', 'Sighseeing', 'Torre Lamberti', 'Museo Conte', 'Museo Radio']",Santa Anastasia,strategy_nearest,False,0.0015752315521240234,success
04629D429C4C80,1,['Arena'],Torre Lamberti,"['Sighseeing', 'Centro Fotografia', 'Museo Conte', 'Casa Giulietta', 'Palazzo della Ragione']",Palazzo della Ragione,strategy_nearest,True,0.0027451515197753906,success
0462A2429C4C80,2,"['Castelvecchio', 'San Zeno']",Duomo,"['AMO', 'Museo Miniscalchi', 'Santa Anastasia', 'Teatro Romano', 'Palazzo della Ragione']",Torre Lamberti,strategy_nearest,False,0.002118825912475586,success
0462A83A9C4C80,3,"['Arena', 'Teatro Romano']",San Zeno,"['Castelvecchio', 'Verona Tour', 'Museo Lapidario', 'Museo Miniscalchi', 'Sighseeing']",Duomo,strategy_nearest,False,0.0033168792724609375,success
0462A84A9C4C80,3,"['Arena', 'Casa Giulietta']",Torre Lamberti,"['Sighseeing', 'Centro Fotografia', 'Museo Conte', 'Palazzo della Ragione', 'AMO']",Santa Anastasia,strategy_nearest,False,0.0018088817596435547,success
0462A8429C4C80,2,['Torre Lamberti'],Casa Giulietta,"['Centro Fotografia', 'Sighseeing', 'Museo Conte', 'Museo Radio', 'Palazzo della Ragione']",Santa Anastasia,strategy_nearest,False,0.0030472278594970703,success
0462AD429C4C80,3,['Castelvecchio'],Arena,"['Verona Tour', 'Museo Lapidario', 'Museo Radio', 'San Fermo', 'Casa Giulietta']",Santa Anastasia,strategy_nearest,False,0.0033631324768066406,success
0462AA429C4C80,0,['Arena'],Castelvecchio,"['Museo Lapidario', 'Verona Tour', 'Museo Radio', 'San Zeno', 'Sighseeing']",Torre Lamberti,strategy_nearest,False,0.0029191970825195312,success
0462B23A9C4C80,3,"['Arena', 'Casa Giulietta']",Torre Lamberti,"['Sighseeing', 'Centro Fotografia', 'Museo Conte', 'Palazzo della Ragione', 'AMO']",Santa Anastasia,strategy_nearest,False,0.0024847984313964844,success
0462BA3A9C4C80,0,['Museo Lapidario'],Arena,"['Verona Tour', 'Museo Radio', 'San Fermo', 'Casa Giulietta', 'Sighseeing']",Casa Giulietta,strategy_nearest,True,0.003144979476928711,success
0462BB429C4C80,3,"['Arena', 'Tomba Giulietta', 'Casa Giulietta']",Museo Lapidario,"['Verona Tour', 'Castelvecchio', 'Museo Radio', 'San Fermo', 'Sighseeing']",Castelvecchio,strategy_nearest,True,0.003392934799194336,success
0462BE3A9C4C80,0,"['Casa Giulietta', 'Arena']",Torre Lamberti,"['Sighseeing', 'Centro Fotografia', 'Museo Conte', 'Palazzo della Ragione', 'AMO']",Castelvecchio,strategy_nearest,False,0.0021228790283203125,success
0462C0429C4C80,0,"['Arena', 'Castelvecchio']",Casa Giulietta,"['Centro Fotografia', 'Sighseeing', 'Torre Lamberti', 'Museo Conte', 'Museo Radio']",Torre Lamberti,strategy_nearest,True,0.0032720565795898438,success
0462CE3A9C4C80,3,"['Arena', 'San Fermo']",Torre Lamberti,"['Sighseeing', 'Centro Fotografia', 'Museo Conte', 'Casa Giulietta', 'Palazzo della Ragione']",Santa Anastasia,strategy_nearest,False,0.0026612281799316406,success
0462C53A9C4C80,0,['Arena'],Museo Lapidario,"['Verona Tour', 'Castelvecchio', 'Museo Radio', 'San Fermo', 'Casa Giulietta']",Castelvecchio,strategy_nearest,True,0.0029702186584472656,success
0462C63A9C4C80,0,['Arena'],Torre Lamberti,"['Sighseeing', 'Centro Fotografia', 'Museo Conte', 'Casa Giulietta', 'Palazzo della Ragione']",Casa Giulietta,strategy_nearest,True,0.003537893295288086,success
0462DC3A9C4C80,2,['Casa Giulietta'],Torre Lamberti,"['Sighseeing', 'Centro Fotografia', 'Museo Conte', 'Palazzo della Ragione', 'AMO']",Tomba Giulietta,strategy_nearest,False,0.0025267601013183594,success
0462EF3A9C4C80,1,['Arena'],Palazzo della Ragione,"['AMO', 'Museo Conte', 'Torre Lamberti', 'Centro Fotografia', 'Sighseeing']",San Fermo,strategy_nearest,False,0.0021240711212158203,success
0462DD3A9C4C80,1,"['Palazzo della Ragione', 'Santa Anastasia', 'Duomo', 'Teatro Romano']",Arena,"['Verona Tour', 'Museo Lapidario', 'Museo Radio', 'San Fermo', 'Casa Giulietta']",San Fermo,strategy_nearest,True,0.002753734588623047,success
0462F23A9C4C80,1,"['San Zeno', 'Castelvecchio', 'Arena', 'Torre Lamberti']",Palazzo della Ragione,"['AMO', 'Museo Conte', 'Centro Fotografia', 'Sighseeing', 'Santa Anastasia']",Santa Anastasia,strategy_nearest,True,0.002557039260864258,success
0462F1429C4C80,3,"['Arena', 'Tomba Giulietta', 'San Fermo']",Casa Giulietta,"['Centro Fotografia', 'Sighseeing', 'Torre Lamberti', 'Museo Conte', 'Museo Radio']",Castelvecchio,strategy_nearest,False,0.003256082534790039,success
0463133A9C4C84,0,['Arena'],Casa Giulietta,"['Centro Fotografia', 'Sighseeing', 'Torre Lamberti', 'Museo Conte', 'Museo Radio']",Torre Lamberti,strategy_nearest,True,0.002577066421508789,success
0462FE3A9C4C80,1,"['Arena', 'Casa Giulietta']",Duomo,"['AMO', 'Museo Miniscalchi', 'Santa Anastasia', 'Teatro Romano', 'Palazzo della Ragione']",Torre Lamberti,strategy_nearest,False,0.0013959407806396484,success
0462F7429C4C80,3,['Santa Anastasia'],Arena,"['Verona Tour', 'Museo Lapidario', 'Museo Radio', 'San Fermo', 'Casa Giulietta']",San Fermo,strategy_nearest,True,0.002029895782470703,success
0463153A9C4C80,3,"['Arena', 'Casa Giulietta']",Torre Lamberti,"['Sighseeing', 'Centro Fotografia', 'Museo Conte', 'Palazzo della Ragione', 'AMO']",Santa Anastasia,strategy_nearest,False,0.003370046615600586,success
046317429C4C80,0,"['Casa Giulietta', 'Arena']",Castelvecchio,"['Museo Lapidario', 'Verona Tour', 'Museo Radio', 'San Zeno', 'Sighseeing']",Tomba Giulietta,strategy_nearest,False,0.0022020339965820312,success
0463193A9C4C80,0,"['Arena', 'Casa Giulietta']",Torre Lamberti,"['Sighseeing', 'Centro Fotografia', 'Museo Conte', 'Palazzo della Ragione', 'AMO']",Castelvecchio,strategy_nearest,False,0.0032498836517333984,success
04631A3A9C4C84,3,"['San Zeno', 'Santa Anastasia', 'Torre Lamberti']",Casa Giulietta,"['Centro Fotografia', 'Sighseeing', 'Museo Conte', 'Museo Radio', 'Palazzo della Ragione']",Duomo,strategy_nearest,False,0.0024919509887695312,success
04632D3A9C4C80,3,"['Duomo', 'Santa Anastasia']",Casa Giulietta,"['Centro Fotografia', 'Sighseeing', 'Torre Lamberti', 'Museo Conte', 'Museo Radio']",Arena,strategy_nearest,False,0.0019059181213378906,success
04631F429C4C84,0,['Arena'],Casa Giulietta,"['Centro Fotografia', 'Sighseeing', 'Torre Lamberti', 'Museo Conte', 'Museo Radio']",Castelvecchio,strategy_nearest,False,0.0036001205444335938,success
0463383A9C4C80,0,['Casa Giulietta'],Castelvecchio,"['Museo Lapidario', 'Verona Tour', 'Arena', 'Museo Radio', 'San Zeno']",San Zeno,strategy_nearest,True,0.0028197765350341797,success
0463453A9C4C80,3,"['Arena', 'San Zeno']",Duomo,"['AMO', 'Museo Miniscalchi', 'Santa Anastasia', 'Teatro Romano', 'Palazzo della Ragione']",Teatro Romano,strategy_nearest,True,0.0023360252380371094,success
04633F3A9C4C80,1,"['Santa Anastasia', 'Torre Lamberti']",Palazzo della Ragione,"['AMO', 'Museo Conte', 'Centro Fotografia', 'Sighseeing', 'Museo Miniscalchi']",Casa Giulietta,strategy_nearest,False,0.00339508056640625,success
0463433A9C4C80,3,['Duomo'],Santa Anastasia,"['AMO', 'Museo Conte', 'Palazzo della Ragione', 'Teatro Romano', 'Centro Fotografia']",Arena,strategy_nearest,False,0.0026786327362060547,success
046345429C4C80,3,"['Arena', 'Castelvecchio', 'Santa Anastasia']",Duomo,"['AMO', 'Museo Miniscalchi', 'Teatro Romano', 'Palazzo della Ragione', 'Museo Conte']",Teatro Romano,strategy_nearest,True,0.00218963623046875,success
0463633A9C4C80,0,['Torre Lamberti'],Arena,"['Verona Tour', 'Museo Lapidario', 'Museo Radio', 'San Fermo', 'Casa Giulietta']",Casa Giulietta,strategy_nearest,True,0.0026788711547851562,success
0463603A9C4C80,3,"['Torre Lamberti', 'Arena']",Duomo,"['AMO', 'Museo Miniscalchi', 'Santa Anastasia', 'Teatro Romano', 'Palazzo della Ragione']",Castelvecchio,strategy_nearest,False,0.0027799606323242188,success
04634E429C4C80,0,['Arena'],Casa Giulietta,"['Centro Fotografia', 'Sighseeing', 'Torre Lamberti', 'Museo Conte', 'Museo Radio']",Torre Lamberti,strategy_nearest,True,0.0021152496337890625,success
046367429C4C80,1,"['Tomba Giulietta', 'San Fermo', 'Teatro Romano']",Santa Anastasia,"['AMO', 'Museo Conte', 'Palazzo della Ragione', 'Centro Fotografia', 'Duomo']",Palazzo della Ragione,strategy_nearest,True,0.0035440921783447266,success
046374429C4C80,1,"['Arena', 'Casa Giulietta']",Torre Lamberti,"['Sighseeing', 'Centro Fotografia', 'Museo Conte', 'Palazzo della Ragione', 'AMO']",Palazzo della Ragione,strategy_nearest,True,0.0018510818481445312,success
04637B4A9C4C80,3,"['Arena', 'Casa Giulietta']",Torre Lamberti,"['Sighseeing', 'Centro Fotografia', 'Museo Conte', 'Palazzo della Ragione', 'AMO']",Santa Anastasia,strategy_nearest,False,0.0025320053100585938,success
046379429C4C80,3,"['Arena', 'Torre Lamberti']",Casa Giulietta,"['Centro Fotografia', 'Sighseeing', 'Museo Conte', 'Museo Radio', 'Palazzo della Ragione']",Santa Anastasia,strategy_nearest,False,0.003314971923828125,success
04637D4A9C4C80,1,"['Castelvecchio', 'Arena', 'Palazzo della Ragione']",Torre Lamberti,"['Sighseeing', 'Centro Fotografia', 'Museo Conte', 'Casa Giulietta', 'AMO']",Casa Giulietta,strategy_nearest,True,0.003160715103149414,success
04637F429C4C80,0,['Arena'],Castelvecchio,"['Museo Lapidario', 'Verona Tour', 'Museo Radio', 'San Zeno', 'Sighseeing']",Torre Lamberti,strategy_nearest,False,0.0026099681854248047,success
0463854A9C4C80,0,['Arena'],Casa Giulietta,"['Centro Fotografia', 'Sighseeing', 'Torre Lamberti', 'Museo Conte', 'Museo Radio']",Castelvecchio,strategy_nearest,False,0.002488851547241211,success
0463843A9C4C80,0,['Arena'],Torre Lamberti,"['Sighseeing', 'Centro Fotografia', 'Museo Conte', 'Casa Giulietta', 'Palazzo della Ragione']",Casa Giulietta,strategy_nearest,True,0.0024871826171875,success
04638B429C4C80,3,"['Arena', 'Casa Giulietta']",Torre Lamberti,"['Sighseeing', 'Centro Fotografia', 'Museo Conte', 'Palazzo della Ragione', 'AMO']",Santa Anastasia,strategy_nearest,False,0.0030999183654785156,success
04638F3A9C4C80,0,['Arena'],Casa Giulietta,"['Centro Fotografia', 'Sighseeing', 'Torre Lamberti', 'Museo Conte', 'Museo Radio']",Torre Lamberti,strategy_nearest,True,0.0019078254699707031,success
04638C429C4C80,3,"['Arena', 'Casa Giulietta']",Torre Lamberti,"['Sighseeing', 'Centro Fotografia', 'Museo Conte', 'Palazzo della Ragione', 'AMO']",Duomo,strategy_nearest,False,0.0026340484619140625,success
04638E3A9C4C80,0,['Arena'],Casa Giulietta,"['Centro Fotografia', 'Sighseeing', 'Torre Lamberti', 'Museo Conte', 'Museo Radio']",Castelvecchio,strategy_nearest,False,0.002547025680541992,success
0463974A9C4C80,3,['Arena'],Museo Lapidario,"['Verona Tour', 'Castelvecchio', 'Museo Radio', 'San Fermo', 'Casa Giulietta']",Teatro Romano,strategy_nearest,False,0.0031311511993408203,success
0463A64A9C4C80,0,['Arena'],Castelvecchio,"['Museo Lapidario', 'Verona Tour', 'Museo Radio', 'San Zeno', 'Sighseeing']",Santa Anastasia,strategy_nearest,False,0.0018439292907714844,success
04639B4A9C4C80,0,['Arena'],Torre Lamberti,"['Sighseeing', 'Centro Fotografia', 'Museo Conte', 'Casa Giulietta', 'Palazzo della Ragione']",Casa Giulietta,strategy_nearest,True,0.002794981002807617,success
0463B1429C4C80,3,['Arena'],Torre Lamberti,"['Sighseeing', 'Centro Fotografia', 'Museo Conte', 'Casa Giulietta', 'Palazzo della Ragione']",Santa Anastasia,strategy_nearest,False,0.0026841163635253906,success
0463AA429C4C80,1,['Arena'],Casa Giulietta,"['Centro Fotografia', 'Sighseeing', 'Torre Lamberti', 'Museo Conte', 'Museo Radio']",Torre Lamberti,strategy_nearest,True,0.003381967544555664,success
0463B23A9C4C80,0,"['Arena', 'Casa Giulietta']",Castelvecchio,"['Museo Lapidario', 'Verona Tour', 'Museo Radio', 'San Zeno', 'Sighseeing']",Torre Lamberti,strategy_nearest,False,0.002441883087158203,success
0463B73A9C4C80,0,['Arena'],Casa Giulietta,"['Centro Fotografia', 'Sighseeing', 'Torre Lamberti', 'Museo Conte', 'Museo Radio']",Torre Lamberti,strategy_nearest,True,0.002988100051879883,success
0463B8429C4C80,3,['Arena'],Casa Giulietta,"['Centro Fotografia', 'Sighseeing', 'Torre Lamberti', 'Museo Conte', 'Museo Radio']",Santa Anastasia,strategy_nearest,False,0.003337860107421875,success
0463B83A9C4C80,1,['Arena'],Torre Lamberti,"['Sighseeing', 'Centro Fotografia', 'Museo Conte', 'Casa Giulietta', 'Palazzo della Ragione']",Palazzo della Ragione,strategy_nearest,True,0.002798795700073242,success
0463BB429C4C80,3,"['Arena', 'San Fermo']",Santa Anastasia,"['AMO', 'Museo Conte', 'Palazzo della Ragione', 'Teatro Romano', 'Centro Fotografia']",Duomo,strategy_nearest,False,0.003094196319580078,success
0463BD3A9C4C80,3,"['Casa Giulietta', 'Tomba Giulietta', 'Arena']",Castelvecchio,"['Museo Lapidario', 'Verona Tour', 'Museo Radio', 'San Zeno', 'Sighseeing']",Torre Lamberti,strategy_nearest,False,0.0029931068420410156,success
0463C8429C4C80,3,"['Arena', 'Torre Lamberti']",Casa Giulietta,"['Centro Fotografia', 'Sighseeing', 'Museo Conte', 'Museo Radio', 'Palazzo della Ragione']",Santa Anastasia,strategy_nearest,False,0.0027446746826171875,success
0463C0429C4C80,2,['San Fermo'],Casa Giulietta,"['Centro Fotografia', 'Sighseeing', 'Torre Lamberti', 'Museo Conte', 'Museo Radio']",Torre Lamberti,strategy_nearest,True,0.0027511119842529297,success
0463D8429C4C80,1,"['Arena', 'Casa Giulietta', 'Palazzo della Ragione', 'Torre Lamberti', 'Santa Anastasia']",Duomo,"['AMO', 'Museo Miniscalchi', 'Teatro Romano', 'Museo Conte', 'Centro Fotografia']",San Zeno,strategy_nearest,False,0.003164052963256836,success
0463DE3A9C4C80,3,"['Torre Lamberti', 'San Fermo', 'Arena']",Santa Anastasia,"['AMO', 'Museo Conte', 'Palazzo della Ragione', 'Teatro Romano', 'Centro Fotografia']",Castelvecchio,strategy_nearest,False,0.0033118724822998047,success
04640A429C4C84,1,"['Torre Lamberti', 'Palazzo della Ragione']",Casa Giulietta,"['Centro Fotografia', 'Sighseeing', 'Museo Conte', 'Museo Radio', 'San Fermo']",Castelvecchio,strategy_nearest,False,0.0024127960205078125,success
0463F73A9C4C80,1,"['Tomba Giulietta', 'Arena', 'Castelvecchio']",Duomo,"['AMO', 'Museo Miniscalchi', 'Santa Anastasia', 'Teatro Romano', 'Palazzo della Ragione']",Torre Lamberti,strategy_nearest,False,0.002628803253173828,success
046404429C4C84,0,"['San Zeno', 'Giardino Giusti']",Duomo,"['AMO', 'Museo Miniscalchi', 'Santa Anastasia', 'Teatro Romano', 'Palazzo della Ragione']",Casa Giulietta,strategy_nearest,False,0.0035190582275390625,success
04640D3A9C4C84,0,['Arena'],Castelvecchio,"['Museo Lapidario', 'Verona Tour', 'Museo Radio', 'San Zeno', 'Sighseeing']",San Fermo,strategy_nearest,False,0.0024492740631103516,success
0464233A9C4C84,1,"['Torre Lamberti', 'Palazzo della Ragione', 'Teatro Romano']",Castelvecchio,"['Museo Lapidario', 'Verona Tour', 'Arena', 'Museo Radio', 'San Zeno']",Arena,strategy_nearest,True,0.0024518966674804688,success
0464263A9C4C80,3,"['Arena', 'Torre Lamberti']",Santa Anastasia,"['AMO', 'Museo Conte', 'Palazzo della Ragione', 'Teatro Romano', 'Centro Fotografia']",Casa Giulietta,strategy_nearest,False,0.002405881881713867,success
04642E429C4C80,1,"['Arena', 'Casa Giulietta']",Palazzo della Ragione,"['AMO', 'Museo Conte', 'Torre Lamberti', 'Centro Fotografia', 'Sighseeing']",Torre Lamberti,strategy_nearest,True,0.0017838478088378906,success
0464283A9C4C80,0,['Arena'],Teatro Romano,"['Santa Anastasia', 'Duomo', 'AMO', 'Palazzo della Ragione', 'Museo Conte']",Duomo,strategy_nearest,True,0.003963947296142578,success
046432429C4C80,0,"['Arena', 'Casa Giulietta']",Torre Lamberti,"['Sighseeing', 'Centro Fotografia', 'Museo Conte', 'Palazzo della Ragione', 'AMO']",Teatro Romano,strategy_nearest,False,0.003213167190551758,success
046440429C4C80,1,"['Arena', 'Casa Giulietta']",Torre Lamberti,"['Sighseeing', 'Centro Fotografia', 'Museo Conte', 'Palazzo della Ragione', 'AMO']",Palazzo della Ragione,strategy_nearest,True,0.0034012794494628906,success
0464433A9C4C80,0,['Torre Lamberti'],Torre Lamberti,"['Sighseeing', 'Centro Fotografia', 'Museo Conte', 'Casa Giulietta', 'Palazzo della Ragione']",Casa Giulietta,strategy_nearest,True,0.002695322036743164,success
046446429C4C80,1,"['Castelvecchio', 'Torre Lamberti', 'Palazzo della Ragione']",Casa Giulietta,"['Centro Fotografia', 'Sighseeing', 'Museo Conte', 'Museo Radio', 'San Fermo']",Arena,strategy_nearest,False,0.0025069713592529297,success
0464453A9C4C80,3,['Teatro Romano'],Arena,"['Verona Tour', 'Museo Lapidario', 'Museo Radio', 'San Fermo', 'Casa Giulietta']",Santa Anastasia,strategy_nearest,False,0.003231048583984375,success
04644F429C4C80,1,"['Museo Lapidario', 'Arena', 'Casa Giulietta']",San Fermo,"['Museo Storia', 'Museo Radio', 'Centro Fotografia', 'Sighseeing', 'Torre Lamberti']",Torre Lamberti,strategy_nearest,True,0.003265857696533203,success
046455429C4C80,2,['Casa Giulietta'],Torre Lamberti,"['Sighseeing', 'Centro Fotografia', 'Museo Conte', 'Palazzo della Ragione', 'AMO']",Duomo,strategy_nearest,False,0.0025451183319091797,success
04645D429C4C80,1,"['Santa Anastasia', 'Duomo', 'Teatro Romano', 'Casa Giulietta', 'Museo Lapidario']",Arena,"['Verona Tour', 'Museo Radio', 'San Fermo', 'Sighseeing', 'Castelvecchio']",Tomba Giulietta,strategy_nearest,False,0.002490997314453125,success
04645D3A9C4C80,1,"['Castelvecchio', 'Museo Lapidario', 'Arena']",Casa Giulietta,"['Centro Fotografia', 'Sighseeing', 'Torre Lamberti', 'Museo Conte', 'Museo Radio']",Torre Lamberti,strategy_nearest,True,0.004044055938720703,success
0464513A9C4C80,0,['Casa Giulietta'],Torre Lamberti,"['Sighseeing', 'Centro Fotografia', 'Museo Conte', 'Palazzo della Ragione', 'AMO']",Arena,strategy_nearest,False,0.0038039684295654297,success
0464643A9C4C80,0,"['Arena', 'Torre Lamberti', 'Casa Giulietta']",Tomba Giulietta,"['San Fermo', 'Museo Storia', 'Museo Lapidario', 'Museo Radio', 'Verona Tour']",Castelvecchio,strategy_nearest,False,0.003084897994995117,success
0464653A9C4C80,0,"['Casa Giulietta', 'Arena']",Castelvecchio,"['Museo Lapidario', 'Verona Tour', 'Museo Radio', 'San Zeno', 'Sighseeing']",San Zeno,strategy_nearest,True,0.0019948482513427734,success
04647F429C4C80,2,"['Tomba Giulietta', 'Teatro Romano', 'Duomo']",Palazzo della Ragione,"['AMO', 'Museo Conte', 'Torre Lamberti', 'Centro Fotografia', 'Sighseeing']",Torre Lamberti,strategy_nearest,True,0.003104686737060547,success
046464429C4C80,1,['Palazzo della Ragione'],Torre Lamberti,"['Sighseeing', 'Centro Fotografia', 'Museo Conte', 'Casa Giulietta', 'AMO']",Arena,strategy_nearest,False,0.0026938915252685547,success
04648A429C4C80,3,"['Santa Anastasia', 'Casa Giulietta']",San Zeno,"['Castelvecchio', 'Verona Tour', 'Museo Lapidario', 'Arena', 'Museo Miniscalchi']",Castelvecchio,strategy_nearest,True,0.003103017807006836,success
046487429C4C80,1,"['Arena', 'Casa Giulietta', 'Palazzo della Ragione', 'Torre Lamberti']",Santa Anastasia,"['AMO', 'Museo Conte', 'Teatro Romano', 'Centro Fotografia', 'Duomo']",Duomo,strategy_nearest,True,0.0032341480255126953,success
04648C4A9C4C80,3,"['Casa Giulietta', 'Arena', 'Duomo']",Santa Anastasia,"['AMO', 'Museo Conte', 'Palazzo della Ragione', 'Teatro Romano', 'Centro Fotografia']",Torre Lamberti,strategy_nearest,False,0.0023670196533203125,success
04648F3A9C4C80,3,"['Museo Lapidario', 'Arena', 'San Fermo']",Casa Giulietta,"['Centro Fotografia', 'Sighseeing', 'Torre Lamberti', 'Museo Conte', 'Museo Radio']",Santa Anastasia,strategy_nearest,False,0.0030660629272460938,success
0464974A9C4C80,0,['Museo Lapidario'],Arena,"['Verona Tour', 'Museo Radio', 'San Fermo', 'Casa Giulietta', 'Sighseeing']",Casa Giulietta,strategy_nearest,True,0.002563953399658203,success
0464A0429C4C80,3,['Arena'],San Fermo,"['Museo Storia', 'Museo Radio', 'Casa Giulietta', 'Centro Fotografia', 'Sighseeing']",Santa Anastasia,strategy_nearest,False,0.003178119659423828,success
04649F4A9C4C80,1,"['Arena', 'Castelvecchio']",Duomo,"['AMO', 'Museo Miniscalchi', 'Santa Anastasia', 'Teatro Romano', 'Palazzo della Ragione']",Torre Lamberti,strategy_nearest,False,0.002652883529663086,success
0464B2429C4C80,2,"['Castelvecchio', 'Torre Lamberti', 'Palazzo della Ragione']",Casa Giulietta,"['Centro Fotografia', 'Sighseeing', 'Museo Conte', 'Museo Radio', 'San Fermo']",San Fermo,strategy_nearest,True,0.0033478736877441406,success
0464AF3A9C4C80,0,['Arena'],Casa Giulietta,"['Centro Fotografia', 'Sighseeing', 'Torre Lamberti', 'Museo Conte', 'Museo Radio']",Torre Lamberti,strategy_nearest,True,0.003367900848388672,success
0464B63A9C4C80,3,['Torre Lamberti'],Santa Anastasia,"['AMO', 'Museo Conte', 'Palazzo della Ragione', 'Teatro Romano', 'Centro Fotografia']",Arena,strategy_nearest,False,0.0026869773864746094,success
0464B7429C4C80,0,['Arena'],Casa Giulietta,"['Centro Fotografia', 'Sighseeing', 'Torre Lamberti', 'Museo Conte', 'Museo Radio']",Torre Lamberti,strategy_nearest,True,0.0030629634857177734,success
0464BB429C4C80,2,['Torre Lamberti'],Casa Giulietta,"['Centro Fotografia', 'Sighseeing', 'Museo Conte', 'Museo Radio', 'Palazzo della Ragione']",Tomba Giulietta,strategy_nearest,False,0.0022881031036376953,success
0464B83A9C4C80,0,['Arena'],Casa Giulietta,"['Centro Fotografia', 'Sighseeing', 'Torre Lamberti', 'Museo Conte', 'Museo Radio']",Torre Lamberti,strategy_nearest,True,0.003620147705078125,success
0464CF429C4C80,3,"['Arena', 'Torre Lamberti']",Teatro Romano,"['Santa Anastasia', 'Duomo', 'AMO', 'Palazzo della Ragione', 'Museo Conte']",Giardino Giusti,strategy_nearest,False,0.0015828609466552734,success
0464C33A9C4C80,3,"['Arena', 'San Fermo']",Torre Lamberti,"['Sighseeing', 'Centro Fotografia', 'Museo Conte', 'Casa Giulietta', 'Palazzo della Ragione']",Santa Anastasia,strategy_nearest,False,0.0035049915313720703,success
0464CB3A9C4C80,1,"['Arena', 'Castelvecchio']",Casa Giulietta,"['Centro Fotografia', 'Sighseeing', 'Torre Lamberti', 'Museo Conte', 'Museo Radio']",Palazzo della Ragione,strategy_nearest,False,0.0028390884399414062,success
0464D33A9C4C80,1,"['Torre Lamberti', 'Palazzo della Ragione', 'Casa Giulietta']",Arena,"['Verona Tour', 'Museo Lapidario', 'Museo Radio', 'San Fermo', 'Sighseeing']",Castelvecchio,strategy_nearest,False,0.002263784408569336,success
0464D43A9C4C80,1,"['Arena', 'Casa Giulietta', 'Tomba Giulietta']",Museo Lapidario,"['Verona Tour', 'Castelvecchio', 'Museo Radio', 'San Fermo', 'Sighseeing']",Teatro Romano,strategy_nearest,False,0.0020232200622558594,success
0464DD429C4C80,1,"['Casa Giulietta', 'Torre Lamberti', 'Palazzo della Ragione', 'Duomo']",Santa Anastasia,"['AMO', 'Museo Conte', 'Teatro Romano', 'Centro Fotografia', 'Sighseeing']",Arena,strategy_nearest,False,0.003154754638671875,success
0464DC3A9C4C80,0,"['Tomba Giulietta', 'Arena']",Casa Giulietta,"['Centro Fotografia', 'Sighseeing', 'Torre Lamberti', 'Museo Conte', 'Museo Radio']",Castelvecchio,strategy_nearest,False,0.0027549266815185547,success
0464DF3A9C4C80,3,"['Arena', 'Casa Giulietta', 'Torre Lamberti']",Santa Anastasia,"['AMO', 'Museo Conte', 'Palazzo della Ragione', 'Teatro Romano', 'Centro Fotografia']",Duomo,strategy_nearest,False,0.002763032913208008,success
0464ED3A9C4C80,1,"['Castelvecchio', 'Arena']",Torre Lamberti,"['Sighseeing', 'Centro Fotografia', 'Museo Conte', 'Casa Giulietta', 'Palazzo della Ragione']",Palazzo della Ragione,strategy_nearest,True,0.0020189285278320312,success
0464F53A9C4C80,3,"['Arena', 'Casa Giulietta']",Torre Lamberti,"['Sighseeing', 'Centro Fotografia', 'Museo Conte', 'Palazzo della Ragione', 'AMO']",Santa Anastasia,strategy_nearest,False,0.002790689468383789,success
0464FC3A9C4C80,0,['Casa Giulietta'],Castelvecchio,"['Museo Lapidario', 'Verona Tour', 'Arena', 'Museo Radio', 'San Zeno']",Arena,strategy_nearest,True,0.003167867660522461,success
046501429C4C84,3,"['Castelvecchio', 'Museo Lapidario', 'Arena']",Casa Giulietta,"['Centro Fotografia', 'Sighseeing', 'Torre Lamberti', 'Museo Conte', 'Museo Radio']",Santa Anastasia,strategy_nearest,False,0.002534151077270508,success
046505429C4C84,2,"['San Zeno', 'Santa Anastasia']",Teatro Romano,"['Duomo', 'AMO', 'Palazzo della Ragione', 'Museo Conte', 'Centro Fotografia']",San Fermo,strategy_nearest,False,0.002500295639038086,success
046509429C4C84,3,"['Arena', 'Casa Giulietta', 'Torre Lamberti', 'Santa Anastasia']",Duomo,"['AMO', 'Museo Miniscalchi', 'Teatro Romano', 'Palazzo della Ragione', 'Museo Conte']",Teatro Romano,strategy_nearest,True,0.0028412342071533203,success
04650A429C4C84,1,['Arena'],Torre Lamberti,"['Sighseeing', 'Centro Fotografia', 'Museo Conte', 'Casa Giulietta', 'Palazzo della Ragione']",Palazzo della Ragione,strategy_nearest,True,0.002662181854248047,success
0465183A9C4C80,1,"['Casa Giulietta', 'Castelvecchio']",Torre Lamberti,"['Sighseeing', 'Centro Fotografia', 'Museo Conte', 'Palazzo della Ragione', 'AMO']",Palazzo della Ragione,strategy_nearest,True,0.0030450820922851562,success
04650E429C4C84,1,['Arena'],Torre Lamberti,"['Sighseeing', 'Centro Fotografia', 'Museo Conte', 'Casa Giulietta', 'Palazzo della Ragione']",Palazzo della Ragione,strategy_nearest,True,0.002529144287109375,success
0465204A9C4C80,3,"['Casa Giulietta', 'Torre Lamberti', 'Santa Anastasia']",Duomo,"['AMO', 'Museo Miniscalchi', 'Teatro Romano', 'Palazzo della Ragione', 'Museo Conte']",Arena,strategy_nearest,False,0.003348112106323242,success
046532429C4C80,4,"['Casa Giulietta', 'Arena', 'Tomba Giulietta']",Museo Radio,"['San Fermo', 'Sighseeing', 'Torre Lamberti', 'Centro Fotografia', 'Verona Tour']",Castelvecchio,strategy_nearest,False,0.003185749053955078,success
046542429C4C80,3,"['Arena', 'Casa Giulietta', 'Santa Anastasia', 'Tomba Giulietta', 'Castelvecchio']",San Zeno,"['Verona Tour', 'Museo Lapidario', 'Museo Miniscalchi', 'Sighseeing', 'Museo Radio']",Duomo,strategy_nearest,False,0.0027680397033691406,success
046547429C4C80,3,"['Arena', 'Casa Giulietta', 'Santa Anastasia', 'Teatro Romano']",Castelvecchio,"['Museo Lapidario', 'Verona Tour', 'Museo Radio', 'San Zeno', 'Sighseeing']",Duomo,strategy_nearest,False,0.003437042236328125,success
04654E429C4C80,1,"['Arena', 'San Fermo', 'Palazzo della Ragione', 'Torre Lamberti']",Santa Anastasia,"['AMO', 'Museo Conte', 'Teatro Romano', 'Centro Fotografia', 'Duomo']",Teatro Romano,strategy_nearest,True,0.0032460689544677734,success
046559429C4C80,3,"['Arena', 'Castelvecchio']",San Fermo,"['Museo Storia', 'Museo Radio', 'Casa Giulietta', 'Centro Fotografia', 'Sighseeing']",Santa Anastasia,strategy_nearest,False,0.0028350353240966797,success
0465583A9C4C80,3,"['Torre Lamberti', 'Santa Anastasia']",Castelvecchio,"['Museo Lapidario', 'Verona Tour', 'Arena', 'Museo Radio', 'San Zeno']",San Zeno,strategy_nearest,True,0.003376007080078125,success
0465613A9C4C80,1,"['Torre Lamberti', 'Palazzo della Ragione']",Casa Giulietta,"['Centro Fotografia', 'Sighseeing', 'Museo Conte', 'Museo Radio', 'San Fermo']",Castelvecchio,strategy_nearest,False,0.003538846969604492,success
0465783A9C4C80,0,['Arena'],Castelvecchio,"['Museo Lapidario', 'Verona Tour', 'Museo Radio', 'San Zeno', 'Sighseeing']",Casa Giulietta,strategy_nearest,False,0.0032651424407958984,success
0465863A9C4C80,0,['Arena'],Casa Giulietta,"['Centro Fotografia', 'Sighseeing', 'Torre Lamberti', 'Museo Conte', 'Museo Radio']",Castelvecchio,strategy_nearest,False,0.0021126270294189453,success
0465893A9C4C80,2,['Castelvecchio'],Casa Giulietta,"['Centro Fotografia', 'Sighseeing', 'Torre Lamberti', 'Museo Conte', 'Museo Radio']",Duomo,strategy_nearest,False,0.0026760101318359375,success
046584429C4C80,1,['Arena'],Torre Lamberti,"['Sighseeing', 'Centro Fotografia', 'Museo Conte', 'Casa Giulietta', 'Palazzo della Ragione']",Palazzo della Ragione,strategy_nearest,True,0.004030942916870117,success
0465824A9C4C80,0,['Arena'],Casa Giulietta,"['Centro Fotografia', 'Sighseeing', 'Torre Lamberti', 'Museo Conte', 'Museo Radio']",Tomba Giulietta,strategy_nearest,False,0.00278472900390625,success
04658B429C4C80,0,['Arena'],Casa Giulietta,"['Centro Fotografia', 'Sighseeing', 'Torre Lamberti', 'Museo Conte', 'Museo Radio']",Torre Lamberti,strategy_nearest,True,0.0020627975463867188,success
04658A3A9C4C80,0,['Arena'],San Fermo,"['Museo Storia', 'Museo Radio', 'Casa Giulietta', 'Centro Fotografia', 'Sighseeing']",Casa Giulietta,strategy_nearest,True,0.002804994583129883,success
04659E429C4C80,0,['Arena'],Torre Lamberti,"['Sighseeing', 'Centro Fotografia', 'Museo Conte', 'Casa Giulietta', 'Palazzo della Ragione']",Casa Giulietta,strategy_nearest,True,0.0026617050170898438,success
04658B3A9C4C80,2,['San Zeno'],Duomo,"['AMO', 'Museo Miniscalchi', 'Santa Anastasia', 'Teatro Romano', 'Palazzo della Ragione']",Santa Anastasia,strategy_nearest,True,0.003326892852783203,success
0465A24A9C4C80,1,"['Arena', 'Casa Giulietta']",Teatro Romano,"['Santa Anastasia', 'Duomo', 'AMO', 'Palazzo della Ragione', 'Museo Conte']",Duomo,strategy_nearest,True,0.0021610260009765625,success
0465B23A9C4C80,3,['Castelvecchio'],Arena,"['Verona Tour', 'Museo Lapidario', 'Museo Radio', 'San Fermo', 'Casa Giulietta']",Santa Anastasia,strategy_nearest,False,0.0021581649780273438,success
0465B43A9C4C80,3,"['Duomo', 'Teatro Romano']",San Fermo,"['Museo Storia', 'Museo Radio', 'Casa Giulietta', 'Centro Fotografia', 'Arena']",Arena,strategy_nearest,True,0.0027208328247070312,success
0465B63A9C4C80,0,['Arena'],Casa Giulietta,"['Centro Fotografia', 'Sighseeing', 'Torre Lamberti', 'Museo Conte', 'Museo Radio']",Torre Lamberti,strategy_nearest,True,0.0026311874389648438,success
0465C33A9C4C80,0,['Casa Giulietta'],Arena,"['Verona Tour', 'Museo Lapidario', 'Museo Radio', 'San Fermo', 'Sighseeing']",Castelvecchio,strategy_nearest,False,0.003031015396118164,success
0465C53A9C4C80,3,['Arena'],Torre Lamberti,"['Sighseeing', 'Centro Fotografia', 'Museo Conte', 'Casa Giulietta', 'Palazzo della Ragione']",Santa Anastasia,strategy_nearest,False,0.002658843994140625,success
0465D13A9C4C80,3,['Arena'],Castelvecchio,"['Museo Lapidario', 'Verona Tour', 'Museo Radio', 'San Zeno', 'Sighseeing']",Santa Anastasia,strategy_nearest,False,0.0033681392669677734,success
0465EB3A9C4C80,1,"['Arena', 'Casa Giulietta', 'Torre Lamberti', 'Palazzo della Ragione']",Santa Anastasia,"['AMO', 'Museo Conte', 'Teatro Romano', 'Centro Fotografia', 'Duomo']",Duomo,strategy_nearest,True,0.003422260284423828,success
0465E43A9C4C80,3,"['Santa Anastasia', 'Duomo', 'Arena']",San Fermo,"['Museo Storia', 'Museo Radio', 'Casa Giulietta', 'Centro Fotografia', 'Sighseeing']",Torre Lamberti,strategy_nearest,False,0.0026068687438964844,success
0465FF429C4C80,3,"['San Zeno', 'Castelvecchio', 'Tomba Giulietta']",San Fermo,"['Museo Storia', 'Museo Radio', 'Casa Giulietta', 'Centro Fotografia', 'Arena']",Casa Giulietta,strategy_nearest,True,0.002518177032470703,success
046605429C4C84,3,"['Castelvecchio', 'San Zeno']",Torre Lamberti,"['Sighseeing', 'Centro Fotografia', 'Museo Conte', 'Casa Giulietta', 'Palazzo della Ragione']",Santa Anastasia,strategy_nearest,False,0.0030760765075683594,success
04661A3A9C4C80,3,"['Castelvecchio', 'Casa Giulietta', 'Torre Lamberti']",Santa Anastasia,"['AMO', 'Museo Conte', 'Palazzo della Ragione', 'Teatro Romano', 'Centro Fotografia']",Teatro Romano,strategy_nearest,True,0.0023810863494873047,success
04660D429C4C84,0,['Arena'],Casa Giulietta,"['Centro Fotografia', 'Sighseeing', 'Torre Lamberti', 'Museo Conte', 'Museo Radio']",Torre Lamberti,strategy_nearest,True,0.0033800601959228516,success
046620429C4C84,0,['Arena'],San Fermo,"['Museo Storia', 'Museo Radio', 'Casa Giulietta', 'Centro Fotografia', 'Sighseeing']",Torre Lamberti,strategy_nearest,False,0.0033419132232666016,success
0466223A9C4C80,0,"['Arena', 'Museo Lapidario']",Torre Lamberti,"['Sighseeing', 'Centro Fotografia', 'Museo Conte', 'Casa Giulietta', 'Palazzo della Ragione']",Casa Giulietta,strategy_nearest,True,0.0029850006103515625,success
04663C429C4C80,0,['Casa Giulietta'],Arena,"['Verona Tour', 'Museo Lapidario', 'Museo Radio', 'San Fermo', 'Sighseeing']",Tomba Giulietta,strategy_nearest,False,0.0023331642150878906,success
0466354A9C4C80,2,['Torre Lamberti'],Castelvecchio,"['Museo Lapidario', 'Verona Tour', 'Arena', 'Museo Radio', 'San Zeno']",San Zeno,strategy_nearest,True,0.0030946731567382812,success
04663E429C4C80,0,['Arena'],Casa Giulietta,"['Centro Fotografia', 'Sighseeing', 'Torre Lamberti', 'Museo Conte', 'Museo Radio']",Torre Lamberti,strategy_nearest,True,0.002655029296875,success
04665A3A9C4C80,0,"['Casa Giulietta', 'Teatro Romano', 'Torre Lamberti']",Castelvecchio,"['Museo Lapidario', 'Verona Tour', 'Arena', 'Museo Radio', 'San Zeno']",Arena,strategy_nearest,True,0.004593849182128906,success
0466613A9C4C80,3,"['Arena', 'Castelvecchio']",San Zeno,"['Verona Tour', 'Museo Lapidario', 'Museo Miniscalchi', 'Sighseeing', 'Museo Radio']",Duomo,strategy_nearest,False,0.002477884292602539,success
04665F429C4C80,0,['Teatro Romano'],Arena,"['Verona Tour', 'Museo Lapidario', 'Museo Radio', 'San Fermo', 'Casa Giulietta']",Castelvecchio,strategy_nearest,False,0.0026450157165527344,success
046664429C4C80,0,"['Arena', 'San Zeno']",Castelvecchio,"['Museo Lapidario', 'Verona Tour', 'Museo Radio', 'Sighseeing', 'Museo Miniscalchi']",Casa Giulietta,strategy_nearest,False,0.0025527477264404297,success
0466663A9C4C80,1,"['Casa Giulietta', 'Torre Lamberti']",Palazzo della Ragione,"['AMO', 'Museo Conte', 'Centro Fotografia', 'Sighseeing', 'Santa Anastasia']",Arena,strategy_nearest,False,0.0019960403442382812,success
04666E429C4C80,0,['Torre Lamberti'],Casa Giulietta,"['Centro Fotografia', 'Sighseeing', 'Museo Conte', 'Museo Radio', 'Palazzo della Ragione']",Arena,strategy_nearest,False,0.002542257308959961,success
0466763A9C4C80,0,"['Arena', 'Museo Lapidario']",Castelvecchio,"['Verona Tour', 'Museo Radio', 'San Zeno', 'Sighseeing', 'Museo Miniscalchi']",Torre Lamberti,strategy_nearest,False,0.003077983856201172,success
046672429C4C80,3,['Arena'],Santa Anastasia,"['AMO', 'Museo Conte', 'Palazzo della Ragione', 'Teatro Romano', 'Centro Fotografia']",Duomo,strategy_nearest,False,0.003592967987060547,success
046678429C4C80,0,['Arena'],Casa Giulietta,"['Centro Fotografia', 'Sighseeing', 'Torre Lamberti', 'Museo Conte', 'Museo Radio']",Castelvecchio,strategy_nearest,False,0.0024809837341308594,success
0466833A9C4C80,0,['Castelvecchio'],Torre Lamberti,"['Sighseeing', 'Centro Fotografia', 'Museo Conte', 'Casa Giulietta', 'Palazzo della Ragione']",Casa Giulietta,strategy_nearest,True,0.0018968582153320312,success
04667F429C4C80,3,"['Arena', 'Castelvecchio']",Torre Lamberti,"['Sighseeing', 'Centro Fotografia', 'Museo Conte', 'Casa Giulietta', 'Palazzo della Ragione']",Santa Anastasia,strategy_nearest,False,0.004274845123291016,success
0466834A9C4C80,3,"['Arena', 'Castelvecchio']",Torre Lamberti,"['Sighseeing', 'Centro Fotografia', 'Museo Conte', 'Casa Giulietta', 'Palazzo della Ragione']",Casa Giulietta,strategy_nearest,True,0.0026292800903320312,success
0466844A9C4C80,3,"['Casa Giulietta', 'Torre Lamberti', 'Santa Anastasia', 'Teatro Romano']",Arena,"['Verona Tour', 'Museo Lapidario', 'Museo Radio', 'San Fermo', 'Sighseeing']",Museo Lapidario,strategy_nearest,True,0.0031309127807617188,success
0466883A9C4C80,0,['Arena'],Santa Anastasia,"['AMO', 'Museo Conte', 'Palazzo della Ragione', 'Teatro Romano', 'Centro Fotografia']",Castelvecchio,strategy_nearest,False,0.002608060836791992,success
04668E3A9C4C80,0,['Arena'],Casa Giulietta,"['Centro Fotografia', 'Sighseeing', 'Torre Lamberti', 'Museo Conte', 'Museo Radio']",Castelvecchio,strategy_nearest,False,0.002499818801879883,success
0466A84A9C4C80,0,['Castelvecchio'],Arena,"['Verona Tour', 'Museo Lapidario', 'Museo Radio', 'San Fermo', 'Casa Giulietta']",Casa Giulietta,strategy_nearest,True,0.0027289390563964844,success
0466A0429C4C80,2,['San Fermo'],Santa Anastasia,"['AMO', 'Museo Conte', 'Palazzo della Ragione', 'Teatro Romano', 'Centro Fotografia']",Teatro Romano,strategy_nearest,True,0.0022788047790527344,success
0466A93A9C4C80,1,"['Santa Anastasia', 'Duomo', 'Teatro Romano', 'Torre Lamberti']",Palazzo della Ragione,"['AMO', 'Museo Conte', 'Centro Fotografia', 'Sighseeing', 'Museo Miniscalchi']",Casa Giulietta,strategy_nearest,False,0.0017828941345214844,success
0466A94A9C4C80,3,"['Castelvecchio', 'Santa Anastasia']",Torre Lamberti,"['Sighseeing', 'Centro Fotografia', 'Museo Conte', 'Casa Giulietta', 'Palazzo della Ragione']",Casa Giulietta,strategy_nearest,True,0.003216981887817383,success
0466B2429C4C80,3,"['Duomo', 'Santa Anastasia']",Torre Lamberti,"['Sighseeing', 'Centro Fotografia', 'Museo Conte', 'Casa Giulietta', 'Palazzo della Ragione']",Casa Giulietta,strategy_nearest,True,0.001875162124633789,success
0466AA429C4C80,4,"['Museo Radio', 'Tomba Giulietta', 'Arena']",Castelvecchio,"['Museo Lapidario', 'Verona Tour', 'San Zeno', 'Sighseeing', 'Museo Miniscalchi']",San Zeno,strategy_nearest,True,0.0026662349700927734,success
0466B13A9C4C80,1,"['Arena', 'Torre Lamberti', 'Palazzo della Ragione']",Casa Giulietta,"['Centro Fotografia', 'Sighseeing', 'Museo Conte', 'Museo Radio', 'San Fermo']",Tomba Giulietta,strategy_nearest,False,0.0032529830932617188,success
0466B43A9C4C80,1,['Arena'],Palazzo della Ragione,"['AMO', 'Museo Conte', 'Torre Lamberti', 'Centro Fotografia', 'Sighseeing']",Torre Lamberti,strategy_nearest,True,0.003167867660522461,success
0466B4429C4C80,1,"['Arena', 'Torre Lamberti']",Palazzo della Ragione,"['AMO', 'Museo Conte', 'Centro Fotografia', 'Sighseeing', 'Santa Anastasia']",Santa Anastasia,strategy_nearest,True,0.0023980140686035156,success
0466BA3A9C4C80,1,"['Arena', 'Casa Giulietta']",Palazzo della Ragione,"['AMO', 'Museo Conte', 'Torre Lamberti', 'Centro Fotografia', 'Sighseeing']",Santa Anastasia,strategy_nearest,False,0.0025610923767089844,success
0466B6429C4C80,3,"['Santa Anastasia', 'Arena']",Teatro Romano,"['Duomo', 'AMO', 'Palazzo della Ragione', 'Museo Conte', 'Centro Fotografia']",Casa Giulietta,strategy_nearest,False,0.003422975540161133,success
0466BB429C4C80,2,"['Castelvecchio', 'San Zeno']",Duomo,"['AMO', 'Museo Miniscalchi', 'Santa Anastasia', 'Teatro Romano', 'Palazzo della Ragione']",Torre Lamberti,strategy_nearest,False,0.002769947052001953,success
0466BC3A9C4C80,0,['Arena'],Casa Giulietta,"['Centro Fotografia', 'Sighseeing', 'Torre Lamberti', 'Museo Conte', 'Museo Radio']",Torre Lamberti,strategy_nearest,True,0.003139019012451172,success
0466BD3A9C4C80,0,['Arena'],Torre Lamberti,"['Sighseeing', 'Centro Fotografia', 'Museo Conte', 'Casa Giulietta', 'Palazzo della Ragione']",Casa Giulietta,strategy_nearest,True,0.003214120864868164,success
0466C13A9C4C80,1,['Arena'],Torre Lamberti,"['Sighseeing', 'Centro Fotografia', 'Museo Conte', 'Casa Giulietta', 'Palazzo della Ragione']",Palazzo della Ragione,strategy_nearest,True,0.0032939910888671875,success
0466D6429C4C80,3,"['Torre Lamberti', 'Arena', 'Castelvecchio']",Casa Giulietta,"['Centro Fotografia', 'Sighseeing', 'Museo Conte', 'Museo Radio', 'Palazzo della Ragione']",Duomo,strategy_nearest,False,0.0031447410583496094,success
0466D0429C4C80,0,['San Zeno'],Casa Giulietta,"['Centro Fotografia', 'Sighseeing', 'Torre Lamberti', 'Museo Conte', 'Museo Radio']",Arena,strategy_nearest,False,0.0025358200073242188,success
0466DA429C4C80,1,"['Tomba Giulietta', 'Casa Giulietta', 'Torre Lamberti', 'Palazzo della Ragione']",Palazzo della Ragione,"['AMO', 'Museo Conte', 'Centro Fotografia', 'Sighseeing', 'Santa Anastasia']",Teatro Romano,strategy_nearest,False,0.0035347938537597656,success
046708429C4C84,3,"['Arena', 'Duomo', 'Santa Anastasia']",Teatro Romano,"['AMO', 'Palazzo della Ragione', 'Museo Conte', 'Centro Fotografia', 'Museo Miniscalchi']",Giardino Giusti,strategy_nearest,False,0.0020380020141601562,success
0466EE3A9C4C80,3,"['Arena', 'Casa Giulietta']",Torre Lamberti,"['Sighseeing', 'Centro Fotografia', 'Museo Conte', 'Palazzo della Ragione', 'AMO']",Santa Anastasia,strategy_nearest,False,0.003367900848388672,success
04670B3A9C4C84,0,['Castelvecchio'],San Fermo,"['Museo Storia', 'Museo Radio', 'Casa Giulietta', 'Centro Fotografia', 'Arena']",Torre Lamberti,strategy_nearest,False,0.003165006637573242,success
0467143A9C4C80,3,"['Arena', 'Casa Giulietta']",Santa Anastasia,"['AMO', 'Museo Conte', 'Palazzo della Ragione', 'Teatro Romano', 'Centro Fotografia']",Castelvecchio,strategy_nearest,False,0.0024347305297851562,success
046714429C4C80,2,['Castelvecchio'],Teatro Romano,"['Santa Anastasia', 'Duomo', 'AMO', 'Palazzo della Ragione', 'Museo Conte']",Duomo,strategy_nearest,True,0.002390146255493164,success
046715429C4C80,0,['Arena'],Museo Lapidario,"['Verona Tour', 'Castelvecchio', 'Museo Radio', 'San Fermo', 'Casa Giulietta']",Teatro Romano,strategy_nearest,False,0.002701997756958008,success
0467153A9C4C80,0,['Arena'],Casa Giulietta,"['Centro Fotografia', 'Sighseeing', 'Torre Lamberti', 'Museo Conte', 'Museo Radio']",Castelvecchio,strategy_nearest,False,0.0033600330352783203,success
046715BA7B3F80,2,['Duomo'],Teatro Romano,"['Santa Anastasia', 'AMO', 'Palazzo della Ragione', 'Museo Conte', 'Centro Fotografia']",Castelvecchio,strategy_nearest,False,0.0026140213012695312,success
0467163A9C4C80,0,['Arena'],Casa Giulietta,"['Centro Fotografia', 'Sighseeing', 'Torre Lamberti', 'Museo Conte', 'Museo Radio']",Castelvecchio,strategy_nearest,False,0.002988100051879883,success
046716429C4C84,1,['Casa Giulietta'],Arena,"['Verona Tour', 'Museo Lapidario', 'Museo Radio', 'San Fermo', 'Sighseeing']",Torre Lamberti,strategy_nearest,False,0.004194021224975586,success
046716BA7B3F80,2,['San Zeno'],Santa Anastasia,"['AMO', 'Museo Conte', 'Palazzo della Ragione', 'Teatro Romano', 'Centro Fotografia']",San Fermo,strategy_nearest,False,0.0032541751861572266,success
046720429C4C84,1,"['Arena', 'Museo Lapidario']",Castelvecchio,"['Verona Tour', 'Museo Radio', 'San Zeno', 'Sighseeing', 'Museo Miniscalchi']",Palazzo della Ragione,strategy_nearest,False,0.003298044204711914,success
046727BA7B3F80,1,"['Castelvecchio', 'Arena', 'Casa Giulietta']",Santa Anastasia,"['AMO', 'Museo Conte', 'Palazzo della Ragione', 'Teatro Romano', 'Centro Fotografia']",Museo Lapidario,strategy_nearest,False,0.002783060073852539,success
0467223A9C4C84,3,"['Tomba Giulietta', 'Arena', 'Casa Giulietta']",Torre Lamberti,"['Sighseeing', 'Centro Fotografia', 'Museo Conte', 'Palazzo della Ragione', 'AMO']",Duomo,strategy_nearest,False,0.002150297164916992,success
046721429C4C84,1,"['Arena', 'Casa Giulietta']",Torre Lamberti,"['Sighseeing', 'Centro Fotografia', 'Museo Conte', 'Palazzo della Ragione', 'AMO']",Palazzo della Ragione,strategy_nearest,True,0.0014188289642333984,success
0467303A9C4C80,3,"['Arena', 'Casa Giulietta', 'Santa Anastasia']",Duomo,"['AMO', 'Museo Miniscalchi', 'Teatro Romano', 'Palazzo della Ragione', 'Museo Conte']",San Zeno,strategy_nearest,False,0.003468036651611328,success
046734429C4C80,3,"['Arena', 'Casa Giulietta', 'Torre Lamberti']",Santa Anastasia,"['AMO', 'Museo Conte', 'Palazzo della Ragione', 'Teatro Romano', 'Centro Fotografia']",Teatro Romano,strategy_nearest,True,0.0024907588958740234,success
0467324A9C4C80,0,['San Zeno'],Torre Lamberti,"['Sighseeing', 'Centro Fotografia', 'Museo Conte', 'Casa Giulietta', 'Palazzo della Ragione']",Arena,strategy_nearest,False,0.003269195556640625,success
046732429C4C80,1,"['Arena', 'Torre Lamberti', 'Palazzo della Ragione']",Santa Anastasia,"['AMO', 'Museo Conte', 'Teatro Romano', 'Centro Fotografia', 'Duomo']",San Fermo,strategy_nearest,False,0.002026081085205078,success
046734BA7B3F80,1,"['Arena', 'Casa Giulietta']",Santa Anastasia,"['AMO', 'Museo Conte', 'Palazzo della Ragione', 'Teatro Romano', 'Centro Fotografia']",Museo Lapidario,strategy_nearest,False,0.0034630298614501953,success
046749429C4C80,3,"['Santa Anastasia', 'Duomo']",Arena,"['Verona Tour', 'Museo Lapidario', 'Museo Radio', 'San Fermo', 'Casa Giulietta']",Torre Lamberti,strategy_nearest,False,0.0021102428436279297,success
0467373A9C4C80,2,"['Torre Lamberti', 'Palazzo della Ragione']",Casa Giulietta,"['Centro Fotografia', 'Sighseeing', 'Museo Conte', 'Museo Radio', 'San Fermo']",Teatro Romano,strategy_nearest,False,0.004051923751831055,success
046757429C4C80,3,"['Teatro Romano', 'Santa Anastasia']",Casa Giulietta,"['Centro Fotografia', 'Sighseeing', 'Torre Lamberti', 'Museo Conte', 'Museo Radio']",Arena,strategy_nearest,False,0.002489805221557617,success
04676A429C4C80,3,['Arena'],Casa Giulietta,"['Centro Fotografia', 'Sighseeing', 'Torre Lamberti', 'Museo Conte', 'Museo Radio']",Santa Anastasia,strategy_nearest,False,0.0037529468536376953,success
046776429C4C80,2,['Santa Anastasia'],Torre Lamberti,"['Sighseeing', 'Centro Fotografia', 'Museo Conte', 'Casa Giulietta', 'Palazzo della Ragione']",Casa Giulietta,strategy_nearest,True,0.0026061534881591797,success
046775429C4C80,2,"['Castelvecchio', 'Casa Giulietta']",San Fermo,"['Museo Storia', 'Museo Radio', 'Centro Fotografia', 'Arena', 'Sighseeing']",San Zeno,strategy_nearest,False,0.002210855484008789,success
0467723A9C4C80,3,['Arena'],Casa Giulietta,"['Centro Fotografia', 'Sighseeing', 'Torre Lamberti', 'Museo Conte', 'Museo Radio']",Santa Anastasia,strategy_nearest,False,0.0034601688385009766,success
04677D429C4C80,2,"['Tomba Giulietta', 'Casa Giulietta']",Palazzo della Ragione,"['AMO', 'Museo Conte', 'Torre Lamberti', 'Centro Fotografia', 'Sighseeing']",Torre Lamberti,strategy_nearest,True,0.002156972885131836,success
046779429C4C80,2,['San Fermo'],Casa Giulietta,"['Centro Fotografia', 'Sighseeing', 'Torre Lamberti', 'Museo Conte', 'Museo Radio']",Torre Lamberti,strategy_nearest,True,0.0028362274169921875,success
0467794A9C4C80,1,"['Arena', 'Casa Giulietta']",Torre Lamberti,"['Sighseeing', 'Centro Fotografia', 'Museo Conte', 'Palazzo della Ragione', 'AMO']",Palazzo della Ragione,strategy_nearest,True,0.0027620792388916016,success
04677D4A9C4C80,3,"['Arena', 'Torre Lamberti', 'Casa Giulietta']",Santa Anastasia,"['AMO', 'Museo Conte', 'Palazzo della Ragione', 'Teatro Romano', 'Centro Fotografia']",Duomo,strategy_nearest,False,0.003239870071411133,success
046785429C4C80,0,['Castelvecchio'],Arena,"['Verona Tour', 'Museo Lapidario', 'Museo Radio', 'San Fermo', 'Casa Giulietta']",Casa Giulietta,strategy_nearest,True,0.0032281875610351562,success
0467843A9C4C80,1,['Arena'],Casa Giulietta,"['Centro Fotografia', 'Sighseeing', 'Torre Lamberti', 'Museo Conte', 'Museo Radio']",Palazzo della Ragione,strategy_nearest,False,0.0015769004821777344,success
0467883A9C4C80,1,"['Torre Lamberti', 'Palazzo della Ragione', 'Casa Giulietta']",Arena,"['Verona Tour', 'Museo Lapidario', 'Museo Radio', 'San Fermo', 'Sighseeing']",Castelvecchio,strategy_nearest,False,0.003662109375,success
0467833A9C4C80,1,['Arena'],Torre Lamberti,"['Sighseeing', 'Centro Fotografia', 'Museo Conte', 'Casa Giulietta', 'Palazzo della Ragione']",Palazzo della Ragione,strategy_nearest,True,0.002727031707763672,success
04679E429C4C80,0,['Arena'],Torre Lamberti,"['Sighseeing', 'Centro Fotografia', 'Museo Conte', 'Casa Giulietta', 'Palazzo della Ragione']",Casa Giulietta,strategy_nearest,True,0.0018718242645263672,success
0467A7429C4C80,3,"['Arena', 'Casa Giulietta']",Torre Lamberti,"['Sighseeing', 'Centro Fotografia', 'Museo Conte', 'Palazzo della Ragione', 'AMO']",Santa Anastasia,strategy_nearest,False,0.0027589797973632812,success
0467A94A9C4C80,0,['Castelvecchio'],Arena,"['Verona Tour', 'Museo Lapidario', 'Museo Radio', 'San Fermo', 'Casa Giulietta']",Casa Giulietta,strategy_nearest,True,0.003328084945678711,success
0467914A9C4C80,0,['Teatro Romano'],Duomo,"['AMO', 'Museo Miniscalchi', 'Santa Anastasia', 'Palazzo della Ragione', 'Museo Conte']",Castelvecchio,strategy_nearest,False,0.0028901100158691406,success
0467AF429C4C80,3,['Santa Anastasia'],Torre Lamberti,"['Sighseeing', 'Centro Fotografia', 'Museo Conte', 'Casa Giulietta', 'Palazzo della Ragione']",Arena,strategy_nearest,False,0.00197601318359375,success
0467AB429C4C80,0,"['Arena', 'Castelvecchio']",Torre Lamberti,"['Sighseeing', 'Centro Fotografia', 'Museo Conte', 'Casa Giulietta', 'Palazzo della Ragione']",Casa Giulietta,strategy_nearest,True,0.003319978713989258,success
0467BA3A9C4C80,3,"['Teatro Romano', 'Duomo', 'Torre Lamberti']",Casa Giulietta,"['Centro Fotografia', 'Sighseeing', 'Museo Conte', 'Museo Radio', 'Palazzo della Ragione']",San Fermo,strategy_nearest,False,0.00344085693359375,success
0467BD3A9C4C80,0,['Arena'],Casa Giulietta,"['Centro Fotografia', 'Sighseeing', 'Torre Lamberti', 'Museo Conte', 'Museo Radio']",Castelvecchio,strategy_nearest,False,0.002397775650024414,success
0467BF3A9C4C80,2,['Castelvecchio'],Casa Giulietta,"['Centro Fotografia', 'Sighseeing', 'Torre Lamberti', 'Museo Conte', 'Museo Radio']",Torre Lamberti,strategy_nearest,True,0.0033800601959228516,success
0467C93A9C4C80,0,"['Arena', 'Casa Giulietta']",Teatro Romano,"['Santa Anastasia', 'Duomo', 'AMO', 'Palazzo della Ragione', 'Museo Conte']",Castelvecchio,strategy_nearest,False,0.002660989761352539,success
0467C0429C4C80,3,"['Arena', 'Casa Giulietta']",Torre Lamberti,"['Sighseeing', 'Centro Fotografia', 'Museo Conte', 'Palazzo della Ragione', 'AMO']",Santa Anastasia,strategy_nearest,False,0.003339052200317383,success
0467CB3A9C4C80,0,['Arena'],Casa Giulietta,"['Centro Fotografia', 'Sighseeing', 'Torre Lamberti', 'Museo Conte', 'Museo Radio']",Castelvecchio,strategy_nearest,False,0.0033109188079833984,success
0467CC3A9C4C80,3,['Arena'],San Fermo,"['Museo Storia', 'Museo Radio', 'Casa Giulietta', 'Centro Fotografia', 'Sighseeing']",Casa Giulietta,strategy_nearest,True,0.0020139217376708984,success
0467D73A9C4C80,1,"['Palazzo della Ragione', 'Santa Anastasia', 'Arena']",San Fermo,"['Museo Storia', 'Museo Radio', 'Casa Giulietta', 'Centro Fotografia', 'Sighseeing']",San Zeno,strategy_nearest,False,0.0027801990509033203,success
0467DE3A9C4C80,2,"['Torre Lamberti', 'Casa Giulietta']",Santa Anastasia,"['AMO', 'Museo Conte', 'Palazzo della Ragione', 'Teatro Romano', 'Centro Fotografia']",Duomo,strategy_nearest,False,0.003489971160888672,success
0467DF3A9C4C80,0,['Arena'],Casa Giulietta,"['Centro Fotografia', 'Sighseeing', 'Torre Lamberti', 'Museo Conte', 'Museo Radio']",Duomo,strategy_nearest,False,0.002663850784301758,success
04680D3A9C4C84,0,['Arena'],Casa Giulietta,"['Centro Fotografia', 'Sighseeing', 'Torre Lamberti', 'Museo Conte', 'Museo Radio']",Torre Lamberti,strategy_nearest,True,0.0021338462829589844,success
0467E8429C4C80,0,"['Castelvecchio', 'Arena']",Casa Giulietta,"['Centro Fotografia', 'Sighseeing', 'Torre Lamberti', 'Museo Conte', 'Museo Radio']",Torre Lamberti,strategy_nearest,True,0.0022377967834472656,success
0468123A9C4C80,3,"['Arena', 'Castelvecchio']",Torre Lamberti,"['Sighseeing', 'Centro Fotografia', 'Museo Conte', 'Casa Giulietta', 'Palazzo della Ragione']",Teatro Romano,strategy_nearest,False,0.0027713775634765625,success
0468153A9C4C80,0,['Arena'],Casa Giulietta,"['Centro Fotografia', 'Sighseeing', 'Torre Lamberti', 'Museo Conte', 'Museo Radio']",Castelvecchio,strategy_nearest,False,0.0033409595489501953,success
046819429C4C84,0,"['Arena', 'Casa Giulietta']",Torre Lamberti,"['Sighseeing', 'Centro Fotografia', 'Museo Conte', 'Palazzo della Ragione', 'AMO']",Teatro Romano,strategy_nearest,False,0.002074003219604492,success
0468153A9C4C84,0,['Teatro Romano'],Duomo,"['AMO', 'Museo Miniscalchi', 'Santa Anastasia', 'Palazzo della Ragione', 'Museo Conte']",Casa Giulietta,strategy_nearest,False,0.002756834030151367,success
0468174A9C4C80,1,"['Arena', 'Castelvecchio', 'San Zeno']",Torre Lamberti,"['Sighseeing', 'Centro Fotografia', 'Museo Conte', 'Casa Giulietta', 'Palazzo della Ragione']",Palazzo della Ragione,strategy_nearest,True,0.0033969879150390625,success
046819BA7B3F80,2,['San Zeno'],Santa Anastasia,"['AMO', 'Museo Conte', 'Palazzo della Ragione', 'Teatro Romano', 'Centro Fotografia']",San Fermo,strategy_nearest,False,0.0033330917358398438,success
04681C3A9C4C80,3,"['Museo Lapidario', 'Arena', 'Casa Giulietta']",Torre Lamberti,"['Sighseeing', 'Centro Fotografia', 'Museo Conte', 'Palazzo della Ragione', 'AMO']",Santa Anastasia,strategy_nearest,False,0.00392913818359375,success
0468203A9C4C80,0,['Castelvecchio'],Arena,"['Verona Tour', 'Museo Lapidario', 'Museo Radio', 'San Fermo', 'Casa Giulietta']",Casa Giulietta,strategy_nearest,True,0.0021071434020996094,success
0468203A9C4C84,0,"['Arena', 'Castelvecchio']",Casa Giulietta,"['Centro Fotografia', 'Sighseeing', 'Torre Lamberti', 'Museo Conte', 'Museo Radio']",Duomo,strategy_nearest,False,0.0014400482177734375,success
04681B429C4C80,1,"['Arena', 'Giardino Giusti', 'Torre Lamberti']",Palazzo della Ragione,"['AMO', 'Museo Conte', 'Centro Fotografia', 'Sighseeing', 'Santa Anastasia']",Casa Giulietta,strategy_nearest,False,0.0033690929412841797,success
046823429C4C84,0,"['Torre Lamberti', 'Casa Giulietta', 'Arena']",San Fermo,"['Museo Storia', 'Museo Radio', 'Centro Fotografia', 'Sighseeing', 'Museo Conte']",Tomba Giulietta,strategy_nearest,False,0.0013849735260009766,success
046835429C4C80,2,['Castelvecchio'],San Fermo,"['Museo Storia', 'Museo Radio', 'Casa Giulietta', 'Centro Fotografia', 'Arena']",Santa Anastasia,strategy_nearest,False,0.0026960372924804688,success
04682D3A9C4C80,0,['Castelvecchio'],Santa Anastasia,"['AMO', 'Museo Conte', 'Palazzo della Ragione', 'Teatro Romano', 'Centro Fotografia']",Casa Giulietta,strategy_nearest,False,0.0021109580993652344,success
0468283A9C4C80,1,"['Arena', 'Casa Giulietta', 'Santa Anastasia']",Torre Lamberti,"['Sighseeing', 'Centro Fotografia', 'Museo Conte', 'Palazzo della Ragione', 'AMO']",Palazzo della Ragione,strategy_nearest,True,0.0034360885620117188,success
0468354A9C4C80,3,"['Casa Giulietta', 'Torre Lamberti', 'Duomo']",Arena,"['Verona Tour', 'Museo Lapidario', 'Museo Radio', 'San Fermo', 'Sighseeing']",Teatro Romano,strategy_nearest,False,0.0027761459350585938,success
0468403A9C4C80,1,"['Arena', 'Casa Giulietta', 'Torre Lamberti', 'Palazzo della Ragione']",Castelvecchio,"['Museo Lapidario', 'Verona Tour', 'Museo Radio', 'San Zeno', 'Sighseeing']",San Zeno,strategy_nearest,True,0.003268003463745117,success
0468413A9C4C80,0,"['Arena', 'Casa Giulietta']",Torre Lamberti,"['Sighseeing', 'Centro Fotografia', 'Museo Conte', 'Palazzo della Ragione', 'AMO']",Teatro Romano,strategy_nearest,False,0.002576112747192383,success
0468373A9C4C80,1,"['Arena', 'Teatro Romano']",Palazzo della Ragione,"['AMO', 'Museo Conte', 'Torre Lamberti', 'Centro Fotografia', 'Sighseeing']",Casa Giulietta,strategy_nearest,False,0.0021390914916992188,success
0468443A9C4C80,2,['Teatro Romano'],Duomo,"['AMO', 'Museo Miniscalchi', 'Santa Anastasia', 'Palazzo della Ragione', 'Museo Conte']",Castelvecchio,strategy_nearest,False,0.0013401508331298828,success
04684D3A9C4C80,0,['Arena'],Casa Giulietta,"['Centro Fotografia', 'Sighseeing', 'Torre Lamberti', 'Museo Conte', 'Museo Radio']",Torre Lamberti,strategy_nearest,True,0.0020978450775146484,success
0468513A9C4C80,3,"['Castelvecchio', 'Arena']",Teatro Romano,"['Santa Anastasia', 'Duomo', 'AMO', 'Palazzo della Ragione', 'Museo Conte']",Duomo,strategy_nearest,True,0.0026340484619140625,success
04684E429C4C80,0,['Duomo'],Arena,"['Verona Tour', 'Museo Lapidario', 'Museo Radio', 'San Fermo', 'Casa Giulietta']",Tomba Giulietta,strategy_nearest,False,0.00356292724609375,success
0468593A9C4C80,1,"['Teatro Romano', 'Arena']",Torre Lamberti,"['Sighseeing', 'Centro Fotografia', 'Museo Conte', 'Casa Giulietta', 'Palazzo della Ragione']",Santa Anastasia,strategy_nearest,False,0.0025141239166259766,success
046852429C4C80,0,"['Arena', 'Casa Giulietta']",Torre Lamberti,"['Sighseeing', 'Centro Fotografia', 'Museo Conte', 'Palazzo della Ragione', 'AMO']",Museo Storia,strategy_nearest,False,0.002454042434692383,success
0468623A9C4C80,1,"['Arena', 'Casa Giulietta', 'Castelvecchio', 'Santa Anastasia']",Duomo,"['AMO', 'Museo Miniscalchi', 'Teatro Romano', 'Palazzo della Ragione', 'Museo Conte']",Teatro Romano,strategy_nearest,True,0.003009796142578125,success
0468663A9C4C80,3,"['San Fermo', 'Torre Lamberti', 'Santa Anastasia']",Arena,"['Verona Tour', 'Museo Lapidario', 'Museo Radio', 'Casa Giulietta', 'Sighseeing']",San Zeno,strategy_nearest,False,0.003184795379638672,success
0468773A9C4C80,0,"['Arena', 'Museo Lapidario']",Castelvecchio,"['Verona Tour', 'Museo Radio', 'San Zeno', 'Sighseeing', 'Museo Miniscalchi']",Torre Lamberti,strategy_nearest,False,0.0026831626892089844,success
0468894A9C4C80,0,['Duomo'],Arena,"['Verona Tour', 'Museo Lapidario', 'Museo Radio', 'San Fermo', 'Casa Giulietta']",Tomba Giulietta,strategy_nearest,False,0.002460956573486328,success
0468794A9C4C80,0,['Castelvecchio'],San Zeno,"['Verona Tour', 'Museo Lapidario', 'Arena', 'Museo Miniscalchi', 'Sighseeing']",Arena,strategy_nearest,True,0.004119157791137695,success
04688C4A9C4C80,3,"['Duomo', 'Teatro Romano', 'Arena']",Casa Giulietta,"['Centro Fotografia', 'Sighseeing', 'Torre Lamberti', 'Museo Conte', 'Museo Radio']",Torre Lamberti,strategy_nearest,True,0.002538919448852539,success
0468984A9C4C80,3,['Arena'],Torre Lamberti,"['Sighseeing', 'Centro Fotografia', 'Museo Conte', 'Casa Giulietta', 'Palazzo della Ragione']",Duomo,strategy_nearest,False,0.0025827884674072266,success
04689C4A9C4C80,3,"['Torre Lamberti', 'Santa Anastasia', 'Duomo']",Casa Giulietta,"['Centro Fotografia', 'Sighseeing', 'Museo Conte', 'Museo Radio', 'Palazzo della Ragione']",Arena,strategy_nearest,False,0.0033111572265625,success
04689D429C4C80,1,"['Museo Lapidario', 'Museo Lapidario', 'Arena', 'Casa Giulietta']",Torre Lamberti,"['Sighseeing', 'Centro Fotografia', 'Museo Conte', 'Palazzo della Ragione', 'AMO']",Palazzo della Ragione,strategy_nearest,True,0.0031588077545166016,success
04689E429C4C80,0,"['Castelvecchio', 'San Zeno']",Arena,"['Verona Tour', 'Museo Lapidario', 'Museo Radio', 'San Fermo', 'Casa Giulietta']",Casa Giulietta,strategy_nearest,True,0.003020048141479492,success
0468A4429C4C80,3,['Torre Lamberti'],Santa Anastasia,"['AMO', 'Museo Conte', 'Palazzo della Ragione', 'Teatro Romano', 'Centro Fotografia']",Duomo,strategy_nearest,False,0.003130197525024414,success
04689E4A9C4C80,3,"['Duomo', 'Santa Anastasia', 'Casa Giulietta']",Torre Lamberti,"['Sighseeing', 'Centro Fotografia', 'Museo Conte', 'Palazzo della Ragione', 'AMO']",San Zeno,strategy_nearest,False,0.0025730133056640625,success
0468A54A9C4C80,0,['Arena'],Casa Giulietta,"['Centro Fotografia', 'Sighseeing', 'Torre Lamberti', 'Museo Conte', 'Museo Radio']",Santa Anastasia,strategy_nearest,False,0.0032358169555664062,success
0468A772743380,1,"['San Zeno', 'Duomo', 'Torre Lamberti', 'Palazzo della Ragione']",Castelvecchio,"['Museo Lapidario', 'Verona Tour', 'Arena', 'Museo Radio', 'Sighseeing']",Arena,strategy_nearest,True,0.0033740997314453125,success
0468AB429C4C80,0,['Arena'],Casa Giulietta,"['Centro Fotografia', 'Sighseeing', 'Torre Lamberti', 'Museo Conte', 'Museo Radio']",Duomo,strategy_nearest,False,0.0019230842590332031,success
0468A93A9C4C80,0,['Arena'],Torre Lamberti,"['Sighseeing', 'Centro Fotografia', 'Museo Conte', 'Casa Giulietta', 'Palazzo della Ragione']",Teatro Romano,strategy_nearest,False,0.0027551651000976562,success
0468B5429C4C80,0,['Arena'],Casa Giulietta,"['Centro Fotografia', 'Sighseeing', 'Torre Lamberti', 'Museo Conte', 'Museo Radio']",Torre Lamberti,strategy_nearest,True,0.0018999576568603516,success
0468B43A9C4C80,3,"['Arena', 'Castelvecchio', 'Casa Giulietta']",Santa Anastasia,"['AMO', 'Museo Conte', 'Palazzo della Ragione', 'Teatro Romano', 'Centro Fotografia']",Duomo,strategy_nearest,False,0.0013399124145507812,success
0468AD3A9C4C80,3,"['Torre Lamberti', 'Casa Giulietta', 'Arena']",Santa Anastasia,"['AMO', 'Museo Conte', 'Palazzo della Ragione', 'Teatro Romano', 'Centro Fotografia']",Duomo,strategy_nearest,False,0.003922939300537109,success
0468C9429C4C80,0,['Arena'],Casa Giulietta,"['Centro Fotografia', 'Sighseeing', 'Torre Lamberti', 'Museo Conte', 'Museo Radio']",Torre Lamberti,strategy_nearest,True,0.003299236297607422,success
0468E83A9C4C80,1,"['Arena', 'Castelvecchio']",Teatro Romano,"['Santa Anastasia', 'Duomo', 'AMO', 'Palazzo della Ragione', 'Museo Conte']",Palazzo della Ragione,strategy_nearest,True,0.0019540786743164062,success
0468DF3A9C4C80,2,['Casa Giulietta'],Torre Lamberti,"['Sighseeing', 'Centro Fotografia', 'Museo Conte', 'Palazzo della Ragione', 'AMO']",Tomba Giulietta,strategy_nearest,False,0.0033500194549560547,success
0468E9429C4C80,3,"['Castelvecchio', 'Casa Giulietta', 'Santa Anastasia', 'Duomo']",Teatro Romano,"['AMO', 'Palazzo della Ragione', 'Museo Conte', 'Centro Fotografia', 'Museo Miniscalchi']",Torre Lamberti,strategy_nearest,False,0.0030939579010009766,success
0468E23A9C4C80,3,"['Arena', 'Casa Giulietta', 'San Zeno']",Santa Anastasia,"['AMO', 'Museo Conte', 'Palazzo della Ragione', 'Teatro Romano', 'Centro Fotografia']",Teatro Romano,strategy_nearest,True,0.003353118896484375,success
0468F9429C4C80,0,['Arena'],Casa Giulietta,"['Centro Fotografia', 'Sighseeing', 'Torre Lamberti', 'Museo Conte', 'Museo Radio']",Tomba Giulietta,strategy_nearest,False,0.0019600391387939453,success
0469003A9C4C84,0,['Arena'],Castelvecchio,"['Museo Lapidario', 'Verona Tour', 'Museo Radio', 'San Zeno', 'Sighseeing']",Casa Giulietta,strategy_nearest,False,0.0026640892028808594,success
0468F73A9C4C80,2,"['Casa Giulietta', 'Torre Lamberti']",Santa Anastasia,"['AMO', 'Museo Conte', 'Palazzo della Ragione', 'Teatro Romano', 'Centro Fotografia']",Teatro Romano,strategy_nearest,True,0.0028138160705566406,success
046908429C4C84,1,"['Arena', 'Castelvecchio', 'San Fermo']",Santa Anastasia,"['AMO', 'Museo Conte', 'Palazzo della Ragione', 'Teatro Romano', 'Centro Fotografia']",Duomo,strategy_nearest,False,0.0030438899993896484,success
04690E3A9C4C84,0,['Casa Giulietta'],Santa Anastasia,"['AMO', 'Museo Conte', 'Palazzo della Ragione', 'Teatro Romano', 'Centro Fotografia']",Arena,strategy_nearest,False,0.0024559497833251953,success
04690D3A9C4C84,0,['Arena'],Casa Giulietta,"['Centro Fotografia', 'Sighseeing', 'Torre Lamberti', 'Museo Conte', 'Museo Radio']",Torre Lamberti,strategy_nearest,True,0.0031921863555908203,success
0469113A9C4C84,0,['Castelvecchio'],San Fermo,"['Museo Storia', 'Museo Radio', 'Casa Giulietta', 'Centro Fotografia', 'Arena']",Torre Lamberti,strategy_nearest,False,0.0025212764739990234,success
0469133A9C4C84,1,"['Arena', 'Palazzo della Ragione', 'Torre Lamberti']",Casa Giulietta,"['Centro Fotografia', 'Sighseeing', 'Museo Conte', 'Museo Radio', 'San Fermo']",Santa Anastasia,strategy_nearest,False,0.0031948089599609375,success
0469173A9C4C84,2,['Castelvecchio'],Santa Anastasia,"['AMO', 'Museo Conte', 'Palazzo della Ragione', 'Teatro Romano', 'Centro Fotografia']",Duomo,strategy_nearest,False,0.002543926239013672,success
04691D3A9C4C80,0,['Casa Giulietta'],Arena,"['Verona Tour', 'Museo Lapidario', 'Museo Radio', 'San Fermo', 'Sighseeing']",Castelvecchio,strategy_nearest,False,0.0024750232696533203,success
04691D429C4C80,0,"['Casa Giulietta', 'Torre Lamberti']",Tomba Giulietta,"['San Fermo', 'Museo Storia', 'Arena', 'Museo Lapidario', 'Museo Radio']",Castelvecchio,strategy_nearest,False,0.003567218780517578,success
04692C4A9C4C80,1,"['San Zeno', 'Castelvecchio', 'Arena']",Santa Anastasia,"['AMO', 'Museo Conte', 'Palazzo della Ragione', 'Teatro Romano', 'Centro Fotografia']",Torre Lamberti,strategy_nearest,False,0.002505064010620117,success
04691E3A9C4C80,1,['Arena'],Casa Giulietta,"['Centro Fotografia', 'Sighseeing', 'Torre Lamberti', 'Museo Conte', 'Museo Radio']",Palazzo della Ragione,strategy_nearest,False,0.002485036849975586,success
04693F429C4C80,0,"['Arena', 'Museo Lapidario']",Castelvecchio,"['Verona Tour', 'Museo Radio', 'San Zeno', 'Sighseeing', 'Museo Miniscalchi']",Duomo,strategy_nearest,False,0.0031599998474121094,success
0469443A9C4C80,2,['Teatro Romano'],Duomo,"['AMO', 'Museo Miniscalchi', 'Santa Anastasia', 'Palazzo della Ragione', 'Museo Conte']",Casa Giulietta,strategy_nearest,False,0.002468109130859375,success
046954429C4C80,1,"['Torre Lamberti', 'Arena', 'Duomo', 'Santa Anastasia']",Palazzo della Ragione,"['AMO', 'Museo Conte', 'Centro Fotografia', 'Sighseeing', 'Museo Miniscalchi']",Tomba Giulietta,strategy_nearest,False,0.0026750564575195312,success
04695A429C4C80,3,['Arena'],Santa Anastasia,"['AMO', 'Museo Conte', 'Palazzo della Ragione', 'Teatro Romano', 'Centro Fotografia']",Teatro Romano,strategy_nearest,True,0.00189208984375,success
0469543A9C4C80,2,['Torre Lamberti'],Palazzo della Ragione,"['AMO', 'Museo Conte', 'Centro Fotografia', 'Sighseeing', 'Santa Anastasia']",Torre Lamberti,strategy_nearest,False,0.004187107086181641,success
04695E3A9C4C80,1,"['Torre Lamberti', 'Palazzo della Ragione', 'Casa Giulietta']",Teatro Romano,"['Santa Anastasia', 'Duomo', 'AMO', 'Museo Conte', 'Centro Fotografia']",Giardino Giusti,strategy_nearest,False,0.003144979476928711,success
04696F429C4C80,0,['Arena'],Casa Giulietta,"['Centro Fotografia', 'Sighseeing', 'Torre Lamberti', 'Museo Conte', 'Museo Radio']",Santa Anastasia,strategy_nearest,False,0.002540111541748047,success
0469663A9C4C80,3,"['Castelvecchio', 'Arena', 'Casa Giulietta', 'Tomba Giulietta']",San Zeno,"['Verona Tour', 'Museo Lapidario', 'Museo Miniscalchi', 'Sighseeing', 'Museo Radio']",Torre Lamberti,strategy_nearest,False,0.002429962158203125,success
04697F3A9C4C80,1,"['Arena', 'Castelvecchio']",Torre Lamberti,"['Sighseeing', 'Centro Fotografia', 'Museo Conte', 'Casa Giulietta', 'Palazzo della Ragione']",Palazzo della Ragione,strategy_nearest,True,0.0033228397369384766,success
0469804A9C4C80,1,['Casa Giulietta'],Torre Lamberti,"['Sighseeing', 'Centro Fotografia', 'Museo Conte', 'Palazzo della Ragione', 'AMO']",Palazzo della Ragione,strategy_nearest,True,0.0033960342407226562,success
046986429C4C80,3,"['Arena', 'Casa Giulietta']",Torre Lamberti,"['Sighseeing', 'Centro Fotografia', 'Museo Conte', 'Palazzo della Ragione', 'AMO']",Santa Anastasia,strategy_nearest,False,0.0026018619537353516,success
04698E4A9C4C80,0,"['Arena', 'Tomba Giulietta']",Casa Giulietta,"['Centro Fotografia', 'Sighseeing', 'Torre Lamberti', 'Museo Conte', 'Museo Radio']",Teatro Romano,strategy_nearest,False,0.003353118896484375,success
0469994A9C4C80,3,['Arena'],Casa Giulietta,"['Centro Fotografia', 'Sighseeing', 'Torre Lamberti', 'Museo Conte', 'Museo Radio']",Santa Anastasia,strategy_nearest,False,0.003158092498779297,success
04699C429C4C80,0,['Arena'],Torre Lamberti,"['Sighseeing', 'Centro Fotografia', 'Museo Conte', 'Casa Giulietta', 'Palazzo della Ragione']",Casa Giulietta,strategy_nearest,True,0.0029299259185791016,success
04699F4A9C4C80,3,"['Torre Lamberti', 'San Fermo']",Arena,"['Verona Tour', 'Museo Lapidario', 'Museo Radio', 'Casa Giulietta', 'Sighseeing']",Santa Anastasia,strategy_nearest,False,0.0026471614837646484,success
04699D429C4C80,0,['Arena'],Casa Giulietta,"['Centro Fotografia', 'Sighseeing', 'Torre Lamberti', 'Museo Conte', 'Museo Radio']",Castelvecchio,strategy_nearest,False,0.0033216476440429688,success
04699F429C4C80,0,['Arena'],Casa Giulietta,"['Centro Fotografia', 'Sighseeing', 'Torre Lamberti', 'Museo Conte', 'Museo Radio']",Palazzo della Ragione,strategy_nearest,False,0.003329038619995117,success
0469A34A9C4C80,0,"['Arena', 'Casa Giulietta']",Torre Lamberti,"['Sighseeing', 'Centro Fotografia', 'Museo Conte', 'Palazzo della Ragione', 'AMO']",Teatro Romano,strategy_nearest,False,0.003572225570678711,success
0469AD3A9C4C80,1,['Arena'],Casa Giulietta,"['Centro Fotografia', 'Sighseeing', 'Torre Lamberti', 'Museo Conte', 'Museo Radio']",Torre Lamberti,strategy_nearest,True,0.0025110244750976562,success
0469AB429C4C80,0,['Arena'],Duomo,"['AMO', 'Museo Miniscalchi', 'Santa Anastasia', 'Teatro Romano', 'Palazzo della Ragione']",Torre Lamberti,strategy_nearest,False,0.0031998157501220703,success
0469AE429C4C80,0,"['Arena', 'Museo Lapidario']",Casa Giulietta,"['Centro Fotografia', 'Sighseeing', 'Torre Lamberti', 'Museo Conte', 'Museo Radio']",Torre Lamberti,strategy_nearest,True,0.0033140182495117188,success
0469B0429C4C80,1,"['Arena', 'Casa Giulietta']",Torre Lamberti,"['Sighseeing', 'Centro Fotografia', 'Museo Conte', 'Palazzo della Ragione', 'AMO']",Palazzo della Ragione,strategy_nearest,True,0.002215147018432617,success
0469B43A9C4C80,0,['Tomba Giulietta'],Arena,"['Verona Tour', 'Museo Lapidario', 'Museo Radio', 'San Fermo', 'Casa Giulietta']",Torre Lamberti,strategy_nearest,False,0.0026009082794189453,success
0469B6429C4C80,3,"['Santa Anastasia', 'Arena']",Teatro Romano,"['Duomo', 'AMO', 'Palazzo della Ragione', 'Museo Conte', 'Centro Fotografia']",Casa Giulietta,strategy_nearest,False,0.003316164016723633,success
0469BC429C4C80,2,['Casa Giulietta'],Torre Lamberti,"['Sighseeing', 'Centro Fotografia', 'Museo Conte', 'Palazzo della Ragione', 'AMO']",Tomba Giulietta,strategy_nearest,False,0.002412080764770508,success
0469B93A9C4C80,1,"['Arena', 'Torre Lamberti']",Palazzo della Ragione,"['AMO', 'Museo Conte', 'Centro Fotografia', 'Sighseeing', 'Santa Anastasia']",Casa Giulietta,strategy_nearest,False,0.0034780502319335938,success
0469CF429C4C80,1,"['Museo Lapidario', 'Arena', 'Museo Storia', 'Casa Giulietta']",Tomba Giulietta,"['San Fermo', 'Museo Radio', 'Verona Tour', 'Castelvecchio', 'Sighseeing']",Castelvecchio,strategy_nearest,True,0.002528667449951172,success
0469C33A9C4C80,0,['Museo Lapidario'],Arena,"['Verona Tour', 'Museo Radio', 'San Fermo', 'Casa Giulietta', 'Sighseeing']",Casa Giulietta,strategy_nearest,True,0.003283977508544922,success
0469F3429C4C80,1,"['Arena', 'Castelvecchio', 'Teatro Romano', 'Casa Giulietta']",Torre Lamberti,"['Sighseeing', 'Centro Fotografia', 'Museo Conte', 'Palazzo della Ragione', 'AMO']",Palazzo della Ragione,strategy_nearest,True,0.0027658939361572266,success
0469FF429C4C80,3,"['Castelvecchio', 'Duomo', 'Teatro Romano']",San Zeno,"['Verona Tour', 'Museo Lapidario', 'Arena', 'Museo Miniscalchi', 'Sighseeing']",Santa Anastasia,strategy_nearest,False,0.0034079551696777344,success
046A04429C4C84,0,"['Arena', 'Castelvecchio']",San Zeno,"['Verona Tour', 'Museo Lapidario', 'Museo Miniscalchi', 'Sighseeing', 'Museo Radio']",Casa Giulietta,strategy_nearest,False,0.002568960189819336,success
046A20429C4C80,1,"['Casa Giulietta', 'Torre Lamberti']",Palazzo della Ragione,"['AMO', 'Museo Conte', 'Centro Fotografia', 'Sighseeing', 'Santa Anastasia']",Arena,strategy_nearest,False,0.003278017044067383,success
046A133A9C4C84,1,"['Arena', 'San Fermo']",Palazzo della Ragione,"['AMO', 'Museo Conte', 'Torre Lamberti', 'Centro Fotografia', 'Sighseeing']",Torre Lamberti,strategy_nearest,True,0.0031931400299072266,success
046A243A9C4C80,0,"['Arena', 'Casa Giulietta']",Torre Lamberti,"['Sighseeing', 'Centro Fotografia', 'Museo Conte', 'Palazzo della Ragione', 'AMO']",Castelvecchio,strategy_nearest,False,0.0034651756286621094,success
046A25429C4C84,0,['Arena'],Tomba Giulietta,"['San Fermo', 'Museo Storia', 'Museo Lapidario', 'Museo Radio', 'Verona Tour']",Santa Anastasia,strategy_nearest,False,0.002135038375854492,success
046A283A9C4C80,2,"['Castelvecchio', 'Santa Anastasia', 'San Zeno']",Torre Lamberti,"['Sighseeing', 'Centro Fotografia', 'Museo Conte', 'Casa Giulietta', 'Palazzo della Ragione']",Palazzo della Ragione,strategy_nearest,True,0.0026502609252929688,success
046A284A9C4C80,1,"['Arena', 'San Fermo', 'Casa Giulietta', 'Torre Lamberti']",Palazzo della Ragione,"['AMO', 'Museo Conte', 'Centro Fotografia', 'Sighseeing', 'Santa Anastasia']",Castelvecchio,strategy_nearest,False,0.003580808639526367,success
046A33429C4C80,0,"['Arena', 'Museo Lapidario']",Casa Giulietta,"['Centro Fotografia', 'Sighseeing', 'Torre Lamberti', 'Museo Conte', 'Museo Radio']",Torre Lamberti,strategy_nearest,True,0.002595186233520508,success
046A3D429C4C80,2,"['Casa Giulietta', 'Torre Lamberti']",Santa Anastasia,"['AMO', 'Museo Conte', 'Palazzo della Ragione', 'Teatro Romano', 'Centro Fotografia']",Duomo,strategy_nearest,False,0.0030760765075683594,success
046A353A9C4C80,3,"['Arena', 'Castelvecchio', 'San Zeno']",San Fermo,"['Museo Storia', 'Museo Radio', 'Casa Giulietta', 'Centro Fotografia', 'Sighseeing']",Duomo,strategy_nearest,False,0.003204822540283203,success
046A5E3A9C4C80,1,"['Castelvecchio', 'Arena', 'Palazzo della Ragione']",Torre Lamberti,"['Sighseeing', 'Centro Fotografia', 'Museo Conte', 'Casa Giulietta', 'AMO']",Tomba Giulietta,strategy_nearest,False,0.0018711090087890625,success
046A59429C4C80,2,['Castelvecchio'],Casa Giulietta,"['Centro Fotografia', 'Sighseeing', 'Torre Lamberti', 'Museo Conte', 'Museo Radio']",Palazzo della Ragione,strategy_nearest,False,0.0012998580932617188,success
046A57429C4C80,1,"['Arena', 'Casa Giulietta', 'Palazzo della Ragione']",Torre Lamberti,"['Sighseeing', 'Centro Fotografia', 'Museo Conte', 'AMO', 'Museo Miniscalchi']",Teatro Romano,strategy_nearest,False,0.003854990005493164,success
046A623A9C4C80,3,"['Arena', 'Casa Giulietta', 'Santa Anastasia', 'Teatro Romano']",Castelvecchio,"['Museo Lapidario', 'Verona Tour', 'Museo Radio', 'San Zeno', 'Sighseeing']",Duomo,strategy_nearest,False,0.003381967544555664,success
046A72429C4C80,3,"['Arena', 'Casa Giulietta']",Torre Lamberti,"['Sighseeing', 'Centro Fotografia', 'Museo Conte', 'Palazzo della Ragione', 'AMO']",Duomo,strategy_nearest,False,0.002593994140625,success
046A70429C4C80,3,"['Castelvecchio', 'Duomo']",Teatro Romano,"['Santa Anastasia', 'AMO', 'Palazzo della Ragione', 'Museo Conte', 'Centro Fotografia']",Torre Lamberti,strategy_nearest,False,0.0021371841430664062,success
046A6F429C4C80,0,"['Arena', 'Casa Giulietta']",San Zeno,"['Castelvecchio', 'Verona Tour', 'Museo Lapidario', 'Museo Miniscalchi', 'Sighseeing']",Torre Lamberti,strategy_nearest,False,0.003434896469116211,success
046A76429C4C80,1,['Arena'],Santa Anastasia,"['AMO', 'Museo Conte', 'Palazzo della Ragione', 'Teatro Romano', 'Centro Fotografia']",Castelvecchio,strategy_nearest,False,0.002865314483642578,success
046A75429C4C80,1,"['Arena', 'Casa Giulietta', 'Torre Lamberti']",Palazzo della Ragione,"['AMO', 'Museo Conte', 'Centro Fotografia', 'Sighseeing', 'Santa Anastasia']",Santa Anastasia,strategy_nearest,True,0.0022459030151367188,success
046A794A9C4C80,3,['Arena'],Torre Lamberti,"['Sighseeing', 'Centro Fotografia', 'Museo Conte', 'Casa Giulietta', 'Palazzo della Ragione']",Santa Anastasia,strategy_nearest,False,0.0028710365295410156,success
046A7B4A9C4C80,3,"['Arena', 'San Zeno']",Casa Giulietta,"['Centro Fotografia', 'Sighseeing', 'Torre Lamberti', 'Museo Conte', 'Museo Radio']",Santa Anastasia,strategy_nearest,False,0.003451824188232422,success
046A7D3A9C4C80,0,['Torre Lamberti'],Casa Giulietta,"['Centro Fotografia', 'Sighseeing', 'Museo Conte', 'Museo Radio', 'Palazzo della Ragione']",Arena,strategy_nearest,False,0.0028662681579589844,success
046A864A9C4C80,3,"['Casa Giulietta', 'Torre Lamberti', 'Santa Anastasia']",Castelvecchio,"['Museo Lapidario', 'Verona Tour', 'Arena', 'Museo Radio', 'San Zeno']",Arena,strategy_nearest,True,0.0026679039001464844,success
046A7D429C4C80,2,"['Torre Lamberti', 'Palazzo della Ragione']",Santa Anastasia,"['AMO', 'Museo Conte', 'Teatro Romano', 'Centro Fotografia', 'Duomo']",Duomo,strategy_nearest,True,0.0020089149475097656,success
046A833A9C4C80,0,['Castelvecchio'],Torre Lamberti,"['Sighseeing', 'Centro Fotografia', 'Museo Conte', 'Casa Giulietta', 'Palazzo della Ragione']",Arena,strategy_nearest,False,0.003426790237426758,success
046A90429C4C80,1,['Arena'],Casa Giulietta,"['Centro Fotografia', 'Sighseeing', 'Torre Lamberti', 'Museo Conte', 'Museo Radio']",Palazzo della Ragione,strategy_nearest,False,0.0019919872283935547,success
046AA1429C4C80,0,['Arena'],Casa Giulietta,"['Centro Fotografia', 'Sighseeing', 'Torre Lamberti', 'Museo Conte', 'Museo Radio']",Teatro Romano,strategy_nearest,False,0.0025746822357177734,success
046A904A9C4C80,3,"['Casa Giulietta', 'Santa Anastasia']",Teatro Romano,"['Duomo', 'AMO', 'Palazzo della Ragione', 'Museo Conte', 'Centro Fotografia']",Giardino Giusti,strategy_nearest,False,0.002717256546020508,success
046AAA3A9C4C80,2,['San Zeno'],Torre Lamberti,"['Sighseeing', 'Centro Fotografia', 'Museo Conte', 'Casa Giulietta', 'Palazzo della Ragione']",Casa Giulietta,strategy_nearest,True,0.0029571056365966797,success
046AB1429C4C80,0,['Arena'],Duomo,"['AMO', 'Museo Miniscalchi', 'Santa Anastasia', 'Teatro Romano', 'Palazzo della Ragione']",Torre Lamberti,strategy_nearest,False,0.002232074737548828,success
046AB33A9C4C80,3,['Arena'],Santa Anastasia,"['AMO', 'Museo Conte', 'Palazzo della Ragione', 'Teatro Romano', 'Centro Fotografia']",Duomo,strategy_nearest,False,0.002624988555908203,success
046AB93A9C4C80,3,"['Castelvecchio', 'Arena', 'Casa Giulietta']",Torre Lamberti,"['Sighseeing', 'Centro Fotografia', 'Museo Conte', 'Palazzo della Ragione', 'AMO']",Santa Anastasia,strategy_nearest,False,0.0025720596313476562,success
046AC33A9C4C80,0,['Arena'],Casa Giulietta,"['Centro Fotografia', 'Sighseeing', 'Torre Lamberti', 'Museo Conte', 'Museo Radio']",Tomba Giulietta,strategy_nearest,False,0.002908945083618164,success
046ABB429C4C80,1,"['Arena', 'Casa Giulietta', 'Torre Lamberti']",Palazzo della Ragione,"['AMO', 'Museo Conte', 'Centro Fotografia', 'Sighseeing', 'Santa Anastasia']",Teatro Romano,strategy_nearest,False,0.0033228397369384766,success
046AC8429C4C80,3,['Arena'],Santa Anastasia,"['AMO', 'Museo Conte', 'Palazzo della Ragione', 'Teatro Romano', 'Centro Fotografia']",Duomo,strategy_nearest,False,0.003191232681274414,success
046AC9429C4C80,3,"['Arena', 'Casa Giulietta']",Tomba Giulietta,"['San Fermo', 'Museo Storia', 'Museo Lapidario', 'Museo Radio', 'Verona Tour']",San Fermo,strategy_nearest,True,0.002475738525390625,success
046AC5429C4C80,0,"['Castelvecchio', 'San Zeno']",Arena,"['Verona Tour', 'Museo Lapidario', 'Museo Radio', 'San Fermo', 'Casa Giulietta']",Torre Lamberti,strategy_nearest,False,0.003126859664916992,success
046AD8429C4C80,3,['Arena'],Santa Anastasia,"['AMO', 'Museo Conte', 'Palazzo della Ragione', 'Teatro Romano', 'Centro Fotografia']",Duomo,strategy_nearest,False,0.003116130828857422,success
046ADD3A9C4C80,3,"['Arena', 'Torre Lamberti', 'Duomo']",Castelvecchio,"['Museo Lapidario', 'Verona Tour', 'Museo Radio', 'San Zeno', 'Sighseeing']",San Zeno,strategy_nearest,True,0.002329111099243164,success
046AEA429C4C80,3,"['Arena', 'Castelvecchio', 'Torre Lamberti']",Santa Anastasia,"['AMO', 'Museo Conte', 'Palazzo della Ragione', 'Teatro Romano', 'Centro Fotografia']",Casa Giulietta,strategy_nearest,False,0.002595186233520508,success
046B00429C4C84,0,['Casa Giulietta'],Torre Lamberti,"['Sighseeing', 'Centro Fotografia', 'Museo Conte', 'Palazzo della Ragione', 'AMO']",Arena,strategy_nearest,False,0.003058195114135742,success
046AF1429C4C80,3,"['Arena', 'Tomba Giulietta', 'Torre Lamberti', 'Teatro Romano']",Giardino Giusti,"['Santa Anastasia', 'Museo Conte', 'Centro Fotografia', 'Museo Storia', 'AMO']",Castelvecchio,strategy_nearest,False,0.003511190414428711,success
046AF23A9C4C80,1,['Arena'],Palazzo della Ragione,"['AMO', 'Museo Conte', 'Torre Lamberti', 'Centro Fotografia', 'Sighseeing']",San Fermo,strategy_nearest,False,0.0025169849395751953,success
046B143A9C4C84,0,['Castelvecchio'],Arena,"['Verona Tour', 'Museo Lapidario', 'Museo Radio', 'San Fermo', 'Casa Giulietta']",Torre Lamberti,strategy_nearest,False,0.002605915069580078,success
046B0F3A9C4C84,3,"['San Fermo', 'Santa Anastasia']",Teatro Romano,"['Duomo', 'AMO', 'Palazzo della Ragione', 'Museo Conte', 'Centro Fotografia']",Arena,strategy_nearest,False,0.002031087875366211,success
046B07429C4C84,1,"['Arena', 'San Fermo', 'Casa Giulietta']",Palazzo della Ragione,"['AMO', 'Museo Conte', 'Torre Lamberti', 'Centro Fotografia', 'Sighseeing']",Santa Anastasia,strategy_nearest,False,0.003425121307373047,success
046B04429C4C84,2,"['Torre Lamberti', 'Santa Anastasia']",Casa Giulietta,"['Centro Fotografia', 'Sighseeing', 'Museo Conte', 'Museo Radio', 'Palazzo della Ragione']",Castelvecchio,strategy_nearest,False,0.002763986587524414,success
046B14429C4C80,2,['Torre Lamberti'],Duomo,"['AMO', 'Museo Miniscalchi', 'Santa Anastasia', 'Teatro Romano', 'Palazzo della Ragione']",Giardino Giusti,strategy_nearest,False,0.0027828216552734375,success
046B234A9C4C80,1,"['Torre Lamberti', 'Palazzo della Ragione', 'Santa Anastasia', 'Casa Giulietta']",Tomba Giulietta,"['San Fermo', 'Museo Storia', 'Arena', 'Museo Lapidario', 'Museo Radio']",Arena,strategy_nearest,True,0.0033469200134277344,success
046B24429C4C84,0,['Torre Lamberti'],Casa Giulietta,"['Centro Fotografia', 'Sighseeing', 'Museo Conte', 'Museo Radio', 'Palazzo della Ragione']",Arena,strategy_nearest,False,0.0014891624450683594,success
046B27429C4C84,2,"['Palazzo della Ragione', 'Santa Anastasia', 'Duomo']",Teatro Romano,"['AMO', 'Museo Conte', 'Centro Fotografia', 'Museo Miniscalchi', 'Torre Lamberti']",San Fermo,strategy_nearest,False,0.0032629966735839844,success
046B283A9C4C80,1,['Arena'],Palazzo della Ragione,"['AMO', 'Museo Conte', 'Torre Lamberti', 'Centro Fotografia', 'Sighseeing']",Torre Lamberti,strategy_nearest,True,0.00189208984375,success
046B30429C4C80,1,"['Torre Lamberti', 'Palazzo della Ragione', 'Teatro Romano']",Giardino Giusti,"['Santa Anastasia', 'Museo Conte', 'Centro Fotografia', 'Museo Storia', 'AMO']",Arena,strategy_nearest,False,0.002638101577758789,success
046B32429C4C80,1,"['Arena', 'Casa Giulietta', 'Palazzo della Ragione']",Torre Lamberti,"['Sighseeing', 'Centro Fotografia', 'Museo Conte', 'AMO', 'Museo Miniscalchi']",Castelvecchio,strategy_nearest,False,0.002000093460083008,success
046B2A3A9C4C80,1,"['Castelvecchio', 'Museo Storia']",Arena,"['Verona Tour', 'Museo Lapidario', 'Museo Radio', 'San Fermo', 'Casa Giulietta']",Torre Lamberti,strategy_nearest,False,0.003982067108154297,success
046B3B3A9C4C80,2,"['San Fermo', 'Santa Anastasia']",Duomo,"['AMO', 'Museo Miniscalchi', 'Teatro Romano', 'Palazzo della Ragione', 'Museo Conte']",Castelvecchio,strategy_nearest,False,0.003914356231689453,success
046B383A9C4C80,0,['Casa Giulietta'],Castelvecchio,"['Museo Lapidario', 'Verona Tour', 'Arena', 'Museo Radio', 'San Zeno']",San Zeno,strategy_nearest,True,0.0021529197692871094,success
046B3B4A9C4C80,0,"['Arena', 'Casa Giulietta']",Torre Lamberti,"['Sighseeing', 'Centro Fotografia', 'Museo Conte', 'Palazzo della Ragione', 'AMO']",Castelvecchio,strategy_nearest,False,0.0026788711547851562,success
046B3F429C4C80,3,['Arena'],Torre Lamberti,"['Sighseeing', 'Centro Fotografia', 'Museo Conte', 'Casa Giulietta', 'Palazzo della Ragione']",Santa Anastasia,strategy_nearest,False,0.0019788742065429688,success
046B473A9C4C80,3,['Santa Anastasia'],Torre Lamberti,"['Sighseeing', 'Centro Fotografia', 'Museo Conte', 'Casa Giulietta', 'Palazzo della Ragione']",Arena,strategy_nearest,False,0.001161813735961914,success
046B4C3A9C4C80,1,"['Arena', 'Casa Giulietta', 'San Fermo']",Palazzo della Ragione,"['AMO', 'Museo Conte', 'Torre Lamberti', 'Centro Fotografia', 'Sighseeing']",Torre Lamberti,strategy_nearest,True,0.0019991397857666016,success
046B4D429C4C80,1,"['Torre Lamberti', 'Palazzo della Ragione', 'Duomo']",Castelvecchio,"['Museo Lapidario', 'Verona Tour', 'Arena', 'Museo Radio', 'San Zeno']",San Zeno,strategy_nearest,True,0.0027930736541748047,success
046B643A9C4C80,3,"['Arena', 'Casa Giulietta', 'Duomo']",Santa Anastasia,"['AMO', 'Museo Conte', 'Palazzo della Ragione', 'Teatro Romano', 'Centro Fotografia']",San Zeno,strategy_nearest,False,0.003332853317260742,success
046B71429C4C80,1,"['Casa Giulietta', 'Palazzo della Ragione', 'Torre Lamberti', 'Santa Anastasia']",Duomo,"['AMO', 'Museo Miniscalchi', 'Teatro Romano', 'Museo Conte', 'Centro Fotografia']",Teatro Romano,strategy_nearest,True,0.002980947494506836,success
046B7D3A9C4C80,0,['Arena'],San Fermo,"['Museo Storia', 'Museo Radio', 'Casa Giulietta', 'Centro Fotografia', 'Sighseeing']",Casa Giulietta,strategy_nearest,True,0.002746105194091797,success
046B74429C4C80,1,['Arena'],Castelvecchio,"['Museo Lapidario', 'Verona Tour', 'Museo Radio', 'San Zeno', 'Sighseeing']",Torre Lamberti,strategy_nearest,False,0.0035240650177001953,success
046B8B429C4C80,3,"['Arena', 'Museo Lapidario', 'Casa Giulietta']",Teatro Romano,"['Santa Anastasia', 'Duomo', 'AMO', 'Palazzo della Ragione', 'Museo Conte']",San Zeno,strategy_nearest,False,0.002626180648803711,success
046B813A9C4C80,4,"['Arena', 'Casa Giulietta', 'Palazzo della Ragione']",Santa Anastasia,"['AMO', 'Museo Conte', 'Teatro Romano', 'Centro Fotografia', 'Duomo']",Duomo,strategy_nearest,True,0.0034389495849609375,success
046B924A9C4C80,0,['Casa Giulietta'],Torre Lamberti,"['Sighseeing', 'Centro Fotografia', 'Museo Conte', 'Palazzo della Ragione', 'AMO']",Arena,strategy_nearest,False,0.0025360584259033203,success
046B944A9C4C80,1,"['Arena', 'Casa Giulietta', 'Santa Anastasia']",Duomo,"['AMO', 'Museo Miniscalchi', 'Teatro Romano', 'Palazzo della Ragione', 'Museo Conte']",Torre Lamberti,strategy_nearest,False,0.0032269954681396484,success
046B9D4A9C4C80,3,['Arena'],Santa Anastasia,"['AMO', 'Museo Conte', 'Palazzo della Ragione', 'Teatro Romano', 'Centro Fotografia']",Duomo,strategy_nearest,False,0.0032858848571777344,success
046B92429C4C80,1,"['Arena', 'Castelvecchio']",San Zeno,"['Verona Tour', 'Museo Lapidario', 'Museo Miniscalchi', 'Sighseeing', 'Museo Radio']",Casa Giulietta,strategy_nearest,False,0.0033762454986572266,success
046BA14A9C4C80,3,"['Arena', 'San Fermo']",Casa Giulietta,"['Centro Fotografia', 'Sighseeing', 'Torre Lamberti', 'Museo Conte', 'Museo Radio']",Torre Lamberti,strategy_nearest,True,0.0016849040985107422,success
046BA93A9C4C80,2,['Castelvecchio'],Casa Giulietta,"['Centro Fotografia', 'Sighseeing', 'Torre Lamberti', 'Museo Conte', 'Museo Radio']",Torre Lamberti,strategy_nearest,True,0.003545999526977539,success
046BAE3A9C4C80,0,['Casa Giulietta'],Arena,"['Verona Tour', 'Museo Lapidario', 'Museo Radio', 'San Fermo', 'Sighseeing']",Tomba Giulietta,strategy_nearest,False,0.002213001251220703,success
046BB1429C4C80,2,"['Castelvecchio', 'Torre Lamberti']",Palazzo della Ragione,"['AMO', 'Museo Conte', 'Centro Fotografia', 'Sighseeing', 'Santa Anastasia']",Casa Giulietta,strategy_nearest,False,0.0031549930572509766,success
046BB73A9C4C80,3,"['Arena', 'Casa Giulietta']",Torre Lamberti,"['Sighseeing', 'Centro Fotografia', 'Museo Conte', 'Palazzo della Ragione', 'AMO']",Santa Anastasia,strategy_nearest,False,0.002830982208251953,success
046BCD429C4C80,4,"['Arena', 'Casa Giulietta', 'San Zeno', 'Castelvecchio']",Torre Lamberti,"['Sighseeing', 'Centro Fotografia', 'Museo Conte', 'Palazzo della Ragione', 'AMO']",Palazzo della Ragione,strategy_nearest,True,0.001984119415283203,success
046BCC3A9C4C80,1,"['Castelvecchio', 'Arena']",Palazzo della Ragione,"['AMO', 'Museo Conte', 'Torre Lamberti', 'Centro Fotografia', 'Sighseeing']",Santa Anastasia,strategy_nearest,False,0.0027070045471191406,success
046BCA3A9C4C80,0,"['Arena', 'Casa Giulietta']",Torre Lamberti,"['Sighseeing', 'Centro Fotografia', 'Museo Conte', 'Palazzo della Ragione', 'AMO']",Tomba Giulietta,strategy_nearest,False,0.0014300346374511719,success
046BCF3A9C4C80,1,"['Arena', 'Casa Giulietta', 'Palazzo della Ragione']",Torre Lamberti,"['Sighseeing', 'Centro Fotografia', 'Museo Conte', 'AMO', 'Museo Miniscalchi']",Teatro Romano,strategy_nearest,False,0.0030601024627685547,success
046BDE429C4C80,3,"['Arena', 'Santa Anastasia']",Teatro Romano,"['Duomo', 'AMO', 'Palazzo della Ragione', 'Museo Conte', 'Centro Fotografia']",Casa Giulietta,strategy_nearest,False,0.0039081573486328125,success
046BDE3A9C4C80,3,['Torre Lamberti'],Santa Anastasia,"['AMO', 'Museo Conte', 'Palazzo della Ragione', 'Teatro Romano', 'Centro Fotografia']",Duomo,strategy_nearest,False,0.0021820068359375,success
046BE73A9C4C80,1,"['Arena', 'Casa Giulietta']",Torre Lamberti,"['Sighseeing', 'Centro Fotografia', 'Museo Conte', 'Palazzo della Ragione', 'AMO']",Palazzo della Ragione,strategy_nearest,True,0.0026521682739257812,success
046BE63A9C4C80,1,"['Arena', 'Castelvecchio']",Casa Giulietta,"['Centro Fotografia', 'Sighseeing', 'Torre Lamberti', 'Museo Conte', 'Museo Radio']",Torre Lamberti,strategy_nearest,True,0.0021097660064697266,success
046BED3A9C4C80,0,['Arena'],Casa Giulietta,"['Centro Fotografia', 'Sighseeing', 'Torre Lamberti', 'Museo Conte', 'Museo Radio']",Torre Lamberti,strategy_nearest,True,0.0013208389282226562,success
046C163A9C4C84,0,['Santa Anastasia'],Casa Giulietta,"['Centro Fotografia', 'Sighseeing', 'Torre Lamberti', 'Museo Conte', 'Museo Radio']",Arena,strategy_nearest,False,0.0026979446411132812,success
046C1A3A9C4C84,0,"['Arena', 'Tomba Giulietta']",Castelvecchio,"['Museo Lapidario', 'Verona Tour', 'Museo Radio', 'San Zeno', 'Sighseeing']",Casa Giulietta,strategy_nearest,False,0.003000020980834961,success
046C17429C4C84,1,"['Casa Giulietta', 'Santa Anastasia']",Arena,"['Verona Tour', 'Museo Lapidario', 'Museo Radio', 'San Fermo', 'Sighseeing']",Castelvecchio,strategy_nearest,False,0.001940011978149414,success
046C23429C4C84,1,"['Arena', 'Casa Giulietta', 'Palazzo della Ragione']",Torre Lamberti,"['Sighseeing', 'Centro Fotografia', 'Museo Conte', 'AMO', 'Museo Miniscalchi']",Santa Anastasia,strategy_nearest,False,0.0027587413787841797,success
046C2C3A9C4C80,0,['Arena'],Castelvecchio,"['Museo Lapidario', 'Verona Tour', 'Museo Radio', 'San Zeno', 'Sighseeing']",San Zeno,strategy_nearest,True,0.002460002899169922,success
046C24429C4C84,1,"['Castelvecchio', 'Tomba Giulietta']",Palazzo della Ragione,"['AMO', 'Museo Conte', 'Torre Lamberti', 'Centro Fotografia', 'Sighseeing']",Torre Lamberti,strategy_nearest,True,0.001825094223022461,success
046C263A9C4C80,0,['Torre Lamberti'],Casa Giulietta,"['Centro Fotografia', 'Sighseeing', 'Museo Conte', 'Museo Radio', 'Palazzo della Ragione']",Arena,strategy_nearest,False,0.0033349990844726562,success
046C2F3A9C4C80,0,['San Zeno'],Torre Lamberti,"['Sighseeing', 'Centro Fotografia', 'Museo Conte', 'Casa Giulietta', 'Palazzo della Ragione']",Arena,strategy_nearest,False,0.002526998519897461,success
046C364A9C4C80,1,"['Torre Lamberti', 'Palazzo della Ragione', 'Casa Giulietta', 'Santa Anastasia']",Duomo,"['AMO', 'Museo Miniscalchi', 'Teatro Romano', 'Museo Conte', 'Centro Fotografia']",Castelvecchio,strategy_nearest,False,0.0020029544830322266,success
046C304A9C4C80,1,"['Casa Giulietta', 'Torre Lamberti', 'Palazzo della Ragione', 'Arena']",Museo Lapidario,"['Verona Tour', 'Castelvecchio', 'Museo Radio', 'San Fermo', 'Tomba Giulietta']",Santa Anastasia,strategy_nearest,False,0.004019021987915039,success
046C35429C4C80,1,"['Arena', 'Castelvecchio', 'San Zeno']",Torre Lamberti,"['Sighseeing', 'Centro Fotografia', 'Museo Conte', 'Casa Giulietta', 'Palazzo della Ragione']",Palazzo della Ragione,strategy_nearest,True,0.002711057662963867,success
046C44429C4C80,0,['Arena'],Casa Giulietta,"['Centro Fotografia', 'Sighseeing', 'Torre Lamberti', 'Museo Conte', 'Museo Radio']",San Fermo,strategy_nearest,False,0.0033829212188720703,success
046C513A9C4C80,0,"['Arena', 'Castelvecchio']",Torre Lamberti,"['Sighseeing', 'Centro Fotografia', 'Museo Conte', 'Casa Giulietta', 'Palazzo della Ragione']",Casa Giulietta,strategy_nearest,True,0.0014638900756835938,success
046C453A9C4C80,3,"['Arena', 'Museo Lapidario']",Casa Giulietta,"['Centro Fotografia', 'Sighseeing', 'Torre Lamberti', 'Museo Conte', 'Museo Radio']",Santa Anastasia,strategy_nearest,False,0.003968000411987305,success
046C52429C4C80,1,"['Duomo', 'Teatro Romano', 'Castelvecchio', 'Arena']",Museo Lapidario,"['Verona Tour', 'Museo Radio', 'San Fermo', 'Casa Giulietta', 'Tomba Giulietta']",Casa Giulietta,strategy_nearest,True,0.0025641918182373047,success
046C553A9C4C80,0,['Arena'],Torre Lamberti,"['Sighseeing', 'Centro Fotografia', 'Museo Conte', 'Casa Giulietta', 'Palazzo della Ragione']",Casa Giulietta,strategy_nearest,True,0.002174854278564453,success
046C583A9C4C80,1,"['Arena', 'Torre Lamberti']",Palazzo della Ragione,"['AMO', 'Museo Conte', 'Centro Fotografia', 'Sighseeing', 'Santa Anastasia']",Santa Anastasia,strategy_nearest,True,0.002804994583129883,success
046C54429C4C80,3,"['Arena', 'Casa Giulietta', 'Torre Lamberti']",Santa Anastasia,"['AMO', 'Museo Conte', 'Palazzo della Ragione', 'Teatro Romano', 'Centro Fotografia']",Teatro Romano,strategy_nearest,True,0.002001047134399414,success
046C65429C4C80,3,"['Casa Giulietta', 'Arena', 'Castelvecchio']",Tomba Giulietta,"['San Fermo', 'Museo Storia', 'Museo Lapidario', 'Museo Radio', 'Verona Tour']",Teatro Romano,strategy_nearest,False,0.0032329559326171875,success
046C67429C4C80,3,"['Arena', 'Casa Giulietta']",Torre Lamberti,"['Sighseeing', 'Centro Fotografia', 'Museo Conte', 'Palazzo della Ragione', 'AMO']",Santa Anastasia,strategy_nearest,False,0.0023648738861083984,success
046C6E429C4C80,1,"['Arena', 'Casa Giulietta', 'Palazzo della Ragione']",Torre Lamberti,"['Sighseeing', 'Centro Fotografia', 'Museo Conte', 'AMO', 'Museo Miniscalchi']",Castelvecchio,strategy_nearest,False,0.001893758773803711,success
046C6D429C4C80,1,['Palazzo della Ragione'],Castelvecchio,"['Museo Lapidario', 'Verona Tour', 'Arena', 'Museo Radio', 'San Zeno']",Casa Giulietta,strategy_nearest,False,0.002569913864135742,success
046C76429C4C80,2,['San Fermo'],Casa Giulietta,"['Centro Fotografia', 'Sighseeing', 'Torre Lamberti', 'Museo Conte', 'Museo Radio']",Torre Lamberti,strategy_nearest,True,0.0022819042205810547,success
046C753A9C4C80,1,"['Arena', 'Palazzo della Ragione']",Torre Lamberti,"['Sighseeing', 'Centro Fotografia', 'Museo Conte', 'Casa Giulietta', 'AMO']",Santa Anastasia,strategy_nearest,False,0.004199028015136719,success
046C783A9C4C80,0,"['Museo Lapidario', 'Arena']",Castelvecchio,"['Verona Tour', 'Museo Radio', 'San Zeno', 'Sighseeing', 'Museo Miniscalchi']",San Zeno,strategy_nearest,True,0.002668619155883789,success
046C7B4A9C4C80,3,"['Arena', 'Casa Giulietta']",Duomo,"['AMO', 'Museo Miniscalchi', 'Santa Anastasia', 'Teatro Romano', 'Palazzo della Ragione']",Santa Anastasia,strategy_nearest,True,0.0018651485443115234,success
046C79BA7B3F80,2,['Duomo'],Teatro Romano,"['Santa Anastasia', 'AMO', 'Palazzo della Ragione', 'Museo Conte', 'Centro Fotografia']",Castelvecchio,strategy_nearest,False,0.003281116485595703,success
046C81BA7B3F80,2,['Duomo'],Teatro Romano,"['Santa Anastasia', 'AMO', 'Palazzo della Ragione', 'Museo Conte', 'Centro Fotografia']",Castelvecchio,strategy_nearest,False,0.003489971160888672,success
046C843A9C4C80,1,['Arena'],Casa Giulietta,"['Centro Fotografia', 'Sighseeing', 'Torre Lamberti', 'Museo Conte', 'Museo Radio']",Palazzo della Ragione,strategy_nearest,False,0.0030519962310791016,success
046C92429C4C80,1,"['Torre Lamberti', 'Arena']",Castelvecchio,"['Museo Lapidario', 'Verona Tour', 'Museo Radio', 'San Zeno', 'Sighseeing']",San Fermo,strategy_nearest,False,0.0035669803619384766,success
046C844A9C4C80,3,"['Casa Giulietta', 'Santa Anastasia']",Torre Lamberti,"['Sighseeing', 'Centro Fotografia', 'Museo Conte', 'Palazzo della Ragione', 'AMO']",Arena,strategy_nearest,False,0.0029277801513671875,success
046CA0429C4C80,1,['Arena'],Casa Giulietta,"['Centro Fotografia', 'Sighseeing', 'Torre Lamberti', 'Museo Conte', 'Museo Radio']",Torre Lamberti,strategy_nearest,True,0.003555774688720703,success
046C9E429C4C80,0,['Castelvecchio'],Arena,"['Verona Tour', 'Museo Lapidario', 'Museo Radio', 'San Fermo', 'Casa Giulietta']",Casa Giulietta,strategy_nearest,True,0.003351926803588867,success
046CA1429C4C80,1,"['Arena', 'Casa Giulietta', 'Palazzo della Ragione']",Torre Lamberti,"['Sighseeing', 'Centro Fotografia', 'Museo Conte', 'AMO', 'Museo Miniscalchi']",Santa Anastasia,strategy_nearest,False,0.003014087677001953,success
046CB9429C4C80,1,"['Arena', 'Castelvecchio']",Duomo,"['AMO', 'Museo Miniscalchi', 'Santa Anastasia', 'Teatro Romano', 'Palazzo della Ragione']",Torre Lamberti,strategy_nearest,False,0.002507925033569336,success
046CAA429C4C80,1,['Torre Lamberti'],Palazzo della Ragione,"['AMO', 'Museo Conte', 'Centro Fotografia', 'Sighseeing', 'Santa Anastasia']",Teatro Romano,strategy_nearest,False,0.0038411617279052734,success
046CB2429C4C80,1,"['Arena', 'Teatro Romano']",Palazzo della Ragione,"['AMO', 'Museo Conte', 'Torre Lamberti', 'Centro Fotografia', 'Sighseeing']",Torre Lamberti,strategy_nearest,True,0.003432750701904297,success
046CC13A9C4C80,0,['San Fermo'],Arena,"['Verona Tour', 'Museo Lapidario', 'Museo Radio', 'Casa Giulietta', 'Sighseeing']",Torre Lamberti,strategy_nearest,False,0.0020711421966552734,success
046CBD3A9C4C80,1,"['Arena', 'Casa Giulietta']",Teatro Romano,"['Santa Anastasia', 'Duomo', 'AMO', 'Palazzo della Ragione', 'Museo Conte']",Palazzo della Ragione,strategy_nearest,True,0.0034689903259277344,success
046CC5429C4C80,1,"['Arena', 'Museo Lapidario', 'Castelvecchio', 'San Zeno']",Casa Giulietta,"['Centro Fotografia', 'Sighseeing', 'Torre Lamberti', 'Museo Conte', 'Museo Radio']",Palazzo della Ragione,strategy_nearest,False,0.0026712417602539062,success
046CC8429C4C80,3,['Arena'],Casa Giulietta,"['Centro Fotografia', 'Sighseeing', 'Torre Lamberti', 'Museo Conte', 'Museo Radio']",Santa Anastasia,strategy_nearest,False,0.003287076950073242,success
046CCC3A9C4C80,3,"['Castelvecchio', 'Arena']",Casa Giulietta,"['Centro Fotografia', 'Sighseeing', 'Torre Lamberti', 'Museo Conte', 'Museo Radio']",Torre Lamberti,strategy_nearest,True,0.002672910690307617,success
046CD43A9C4C80,3,"['Arena', 'Casa Giulietta', 'Santa Anastasia']",Duomo,"['AMO', 'Museo Miniscalchi', 'Teatro Romano', 'Palazzo della Ragione', 'Museo Conte']",San Zeno,strategy_nearest,False,0.0035200119018554688,success
046CDB3A9C4C80,3,"['Castelvecchio', 'Duomo']",Casa Giulietta,"['Centro Fotografia', 'Sighseeing', 'Torre Lamberti', 'Museo Conte', 'Museo Radio']",Arena,strategy_nearest,False,0.0013539791107177734,success
046CDE429C4C80,3,"['Casa Giulietta', 'Santa Anastasia', 'Duomo', 'Torre Lamberti']",Castelvecchio,"['Museo Lapidario', 'Verona Tour', 'Arena', 'Museo Radio', 'San Zeno']",San Zeno,strategy_nearest,True,0.0032901763916015625,success
046CE03A9C4C80,2,"['Casa Giulietta', 'Santa Anastasia']",Duomo,"['AMO', 'Museo Miniscalchi', 'Teatro Romano', 'Palazzo della Ragione', 'Museo Conte']",Torre Lamberti,strategy_nearest,False,0.003955841064453125,success
046CFE429C4C80,0,['Arena'],Torre Lamberti,"['Sighseeing', 'Centro Fotografia', 'Museo Conte', 'Casa Giulietta', 'Palazzo della Ragione']",Castelvecchio,strategy_nearest,False,0.0019919872283935547,success
046CDF3A9C4C80,1,"['Casa Giulietta', 'Palazzo della Ragione']",Torre Lamberti,"['Sighseeing', 'Centro Fotografia', 'Museo Conte', 'AMO', 'Museo Miniscalchi']",Museo Lapidario,strategy_nearest,False,0.0028340816497802734,success
046CF23A9C4C80,0,['Arena'],Casa Giulietta,"['Centro Fotografia', 'Sighseeing', 'Torre Lamberti', 'Museo Conte', 'Museo Radio']",Santa Anastasia,strategy_nearest,False,0.0027017593383789062,success
046D15429C4C80,0,['Arena'],Casa Giulietta,"['Centro Fotografia', 'Sighseeing', 'Torre Lamberti', 'Museo Conte', 'Museo Radio']",Palazzo della Ragione,strategy_nearest,False,0.0020902156829833984,success
046D183A9C4C80,0,['Arena'],Casa Giulietta,"['Centro Fotografia', 'Sighseeing', 'Torre Lamberti', 'Museo Conte', 'Museo Radio']",Torre Lamberti,strategy_nearest,True,0.002554178237915039,success
046D0F429C4C80,2,"['Castelvecchio', 'Santa Anastasia', 'San Zeno']",Torre Lamberti,"['Sighseeing', 'Centro Fotografia', 'Museo Conte', 'Casa Giulietta', 'Palazzo della Ragione']",Palazzo della Ragione,strategy_nearest,True,0.0034759044647216797,success
046D0D3A9C4C84,0,['Arena'],Casa Giulietta,"['Centro Fotografia', 'Sighseeing', 'Torre Lamberti', 'Museo Conte', 'Museo Radio']",Torre Lamberti,strategy_nearest,True,0.0016567707061767578,success
046D1C3A9C4C80,2,"['Castelvecchio', 'Torre Lamberti', 'Palazzo della Ragione']",Casa Giulietta,"['Centro Fotografia', 'Sighseeing', 'Museo Conte', 'Museo Radio', 'San Fermo']",Santa Anastasia,strategy_nearest,False,0.0018579959869384766,success
046D1D3A9C4C84,3,['Arena'],Casa Giulietta,"['Centro Fotografia', 'Sighseeing', 'Torre Lamberti', 'Museo Conte', 'Museo Radio']",Torre Lamberti,strategy_nearest,True,0.002457857131958008,success
046D293A9C4C80,1,"['Arena', 'Casa Giulietta', 'Torre Lamberti']",Palazzo della Ragione,"['AMO', 'Museo Conte', 'Centro Fotografia', 'Sighseeing', 'Santa Anastasia']",Santa Anastasia,strategy_nearest,True,0.0023908615112304688,success
046D27429C4C84,5,"['Museo Lapidario', 'Casa Giulietta']",Arena,"['Verona Tour', 'Museo Radio', 'San Fermo', 'Sighseeing', 'Castelvecchio']",Castelvecchio,strategy_nearest,True,0.00327301025390625,success
046D2A3A9C4C80,0,['Castelvecchio'],Duomo,"['AMO', 'Museo Miniscalchi', 'Santa Anastasia', 'Teatro Romano', 'Palazzo della Ragione']",Casa Giulietta,strategy_nearest,False,0.002395153045654297,success
046D2D4A9C4C80,0,"['Duomo', 'Casa Giulietta']",Tomba Giulietta,"['San Fermo', 'Museo Storia', 'Arena', 'Museo Lapidario', 'Museo Radio']",Castelvecchio,strategy_nearest,False,0.003204822540283203,success
046D31429C4C80,0,['Castelvecchio'],Arena,"['Verona Tour', 'Museo Lapidario', 'Museo Radio', 'San Fermo', 'Casa Giulietta']",Casa Giulietta,strategy_nearest,True,0.003416776657104492,success
046D32429C4C80,0,['Arena'],Casa Giulietta,"['Centro Fotografia', 'Sighseeing', 'Torre Lamberti', 'Museo Conte', 'Museo Radio']",Tomba Giulietta,strategy_nearest,False,0.003298044204711914,success
046D334A9C4C80,1,"['Arena', 'Casa Giulietta']",Torre Lamberti,"['Sighseeing', 'Centro Fotografia', 'Museo Conte', 'Palazzo della Ragione', 'AMO']",Palazzo della Ragione,strategy_nearest,True,0.0029211044311523438,success
046D3D3A9C4C80,2,"['Castelvecchio', 'San Zeno', 'Museo Lapidario']",Palazzo della Ragione,"['AMO', 'Museo Conte', 'Torre Lamberti', 'Centro Fotografia', 'Sighseeing']",Torre Lamberti,strategy_nearest,True,0.003062009811401367,success
046D393A9C4C80,3,"['Torre Lamberti', 'Torre Lamberti']",Torre Lamberti,"['Sighseeing', 'Centro Fotografia', 'Museo Conte', 'Casa Giulietta', 'Palazzo della Ragione']",Arena,strategy_nearest,False,0.003518819808959961,success
046D44429C4C80,1,"['Castelvecchio', 'Arena', 'San Fermo', 'Torre Lamberti']",Palazzo della Ragione,"['AMO', 'Museo Conte', 'Centro Fotografia', 'Sighseeing', 'Santa Anastasia']",Santa Anastasia,strategy_nearest,True,0.002749919891357422,success
046D59429C4C80,0,"['Arena', 'Castelvecchio']",San Zeno,"['Verona Tour', 'Museo Lapidario', 'Museo Miniscalchi', 'Sighseeing', 'Museo Radio']",Casa Giulietta,strategy_nearest,False,0.0034809112548828125,success
046D70429C4C80,3,"['Arena', 'Casa Giulietta']",Torre Lamberti,"['Sighseeing', 'Centro Fotografia', 'Museo Conte', 'Palazzo della Ragione', 'AMO']",Santa Anastasia,strategy_nearest,False,0.002415895462036133,success
046D73429C4C80,3,['Arena'],Casa Giulietta,"['Centro Fotografia', 'Sighseeing', 'Torre Lamberti', 'Museo Conte', 'Museo Radio']",Santa Anastasia,strategy_nearest,False,0.003033161163330078,success
046D773A9C4C80,0,"['Castelvecchio', 'Casa Giulietta']",Teatro Romano,"['Santa Anastasia', 'Duomo', 'AMO', 'Palazzo della Ragione', 'Museo Conte']",Arena,strategy_nearest,False,0.002434968948364258,success
046D844A9C4C80,2,['Casa Giulietta'],Teatro Romano,"['Santa Anastasia', 'Duomo', 'AMO', 'Palazzo della Ragione', 'Museo Conte']",Castelvecchio,strategy_nearest,False,0.0025911331176757812,success
046D87429C4C80,2,['Casa Giulietta'],Santa Anastasia,"['AMO', 'Museo Conte', 'Palazzo della Ragione', 'Teatro Romano', 'Centro Fotografia']",Teatro Romano,strategy_nearest,True,0.002450227737426758,success
046D8D429C4C80,3,['Castelvecchio'],Arena,"['Verona Tour', 'Museo Lapidario', 'Museo Radio', 'San Fermo', 'Casa Giulietta']",Duomo,strategy_nearest,False,0.0030510425567626953,success
046D9A429C4C80,0,"['Torre Lamberti', 'Casa Giulietta']",Arena,"['Verona Tour', 'Museo Lapidario', 'Museo Radio', 'San Fermo', 'Sighseeing']",Castelvecchio,strategy_nearest,False,0.00396418571472168,success
046DA0429C4C80,1,"['Arena', 'Casa Giulietta']",Torre Lamberti,"['Sighseeing', 'Centro Fotografia', 'Museo Conte', 'Palazzo della Ragione', 'AMO']",Palazzo della Ragione,strategy_nearest,True,0.002662181854248047,success
046DA73A9C4C80,0,['Arena'],Torre Lamberti,"['Sighseeing', 'Centro Fotografia', 'Museo Conte', 'Casa Giulietta', 'Palazzo della Ragione']",Casa Giulietta,strategy_nearest,True,0.003081083297729492,success
046DC8429C4C80,2,"['San Fermo', 'Museo Lapidario', 'Castelvecchio']",Santa Anastasia,"['AMO', 'Museo Conte', 'Palazzo della Ragione', 'Teatro Romano', 'Centro Fotografia']",Duomo,strategy_nearest,False,0.002062082290649414,success
046DBC3A9C4C80,3,['Arena'],Casa Giulietta,"['Centro Fotografia', 'Sighseeing', 'Torre Lamberti', 'Museo Conte', 'Museo Radio']",Torre Lamberti,strategy_nearest,True,0.004209995269775391,success
046DC73A9C4C80,3,"['Castelvecchio', 'Arena', 'San Fermo']",Casa Giulietta,"['Centro Fotografia', 'Sighseeing', 'Torre Lamberti', 'Museo Conte', 'Museo Radio']",Santa Anastasia,strategy_nearest,False,0.004032135009765625,success
046DCD429C4C80,0,['San Zeno'],Casa Giulietta,"['Centro Fotografia', 'Sighseeing', 'Torre Lamberti', 'Museo Conte', 'Museo Radio']",Torre Lamberti,strategy_nearest,True,0.002524137496948242,success
046E04429C4C84,3,"['Teatro Romano', 'Duomo']",Castelvecchio,"['Museo Lapidario', 'Verona Tour', 'Arena', 'Museo Radio', 'San Zeno']",Arena,strategy_nearest,True,0.002668142318725586,success
046DD73A9C4C80,1,"['Arena', 'Torre Lamberti']",Palazzo della Ragione,"['AMO', 'Museo Conte', 'Centro Fotografia', 'Sighseeing', 'Santa Anastasia']",Duomo,strategy_nearest,False,0.0027320384979248047,success
046DF4429C4C80,1,"['Casa Giulietta', 'Torre Lamberti', 'Palazzo della Ragione', 'Castelvecchio']",San Fermo,"['Museo Storia', 'Museo Radio', 'Centro Fotografia', 'Arena', 'Sighseeing']",Teatro Romano,strategy_nearest,False,0.0033142566680908203,success
046DD03A9C4C80,3,"['Arena', 'Museo Lapidario', 'Castelvecchio']",Tomba Giulietta,"['San Fermo', 'Museo Storia', 'Museo Radio', 'Verona Tour', 'Casa Giulietta']",San Fermo,strategy_nearest,True,0.003416776657104492,success
046E07429C4C84,1,"['Teatro Romano', 'Arena']",Torre Lamberti,"['Sighseeing', 'Centro Fotografia', 'Museo Conte', 'Casa Giulietta', 'Palazzo della Ragione']",Santa Anastasia,strategy_nearest,False,0.002187013626098633,success
046E143A9C4C84,1,['Arena'],Casa Giulietta,"['Centro Fotografia', 'Sighseeing', 'Torre Lamberti', 'Museo Conte', 'Museo Radio']",Torre Lamberti,strategy_nearest,True,0.0031859874725341797,success
046E0F429C4C80,1,"['San Zeno', 'Castelvecchio', 'Casa Giulietta', 'Teatro Romano']",Arena,"['Verona Tour', 'Museo Lapidario', 'Museo Radio', 'San Fermo', 'Sighseeing']",Torre Lamberti,strategy_nearest,False,0.0027332305908203125,success
046E0C3A9C4C84,0,['Arena'],Duomo,"['AMO', 'Museo Miniscalchi', 'Santa Anastasia', 'Teatro Romano', 'Palazzo della Ragione']",Casa Giulietta,strategy_nearest,False,0.0015518665313720703,success
046E1B3A9C4C80,3,"['Casa Giulietta', 'Arena']",Castelvecchio,"['Museo Lapidario', 'Verona Tour', 'Museo Radio', 'San Zeno', 'Sighseeing']",Teatro Romano,strategy_nearest,False,0.001886129379272461,success
046E173A9C4C80,3,['Arena'],Santa Anastasia,"['AMO', 'Museo Conte', 'Palazzo della Ragione', 'Teatro Romano', 'Centro Fotografia']",Duomo,strategy_nearest,False,0.0025730133056640625,success
046E263A9C4C80,3,"['San Fermo', 'Torre Lamberti', 'Santa Anastasia']",Duomo,"['AMO', 'Museo Miniscalchi', 'Teatro Romano', 'Palazzo della Ragione', 'Museo Conte']",Teatro Romano,strategy_nearest,True,0.00269317626953125,success
046E263A9C4C84,1,"['Teatro Romano', 'Duomo', 'Santa Anastasia']",Torre Lamberti,"['Sighseeing', 'Centro Fotografia', 'Museo Conte', 'Casa Giulietta', 'Palazzo della Ragione']",Palazzo della Ragione,strategy_nearest,True,0.003283977508544922,success
046E293A9C4C80,0,['Arena'],Casa Giulietta,"['Centro Fotografia', 'Sighseeing', 'Torre Lamberti', 'Museo Conte', 'Museo Radio']",Santa Anastasia,strategy_nearest,False,0.002191781997680664,success
046E35429C4C80,0,"['Arena', 'Casa Giulietta']",Castelvecchio,"['Museo Lapidario', 'Verona Tour', 'Museo Radio', 'San Zeno', 'Sighseeing']",Torre Lamberti,strategy_nearest,False,0.0029098987579345703,success
046E2D3A9C4C80,0,['Arena'],Castelvecchio,"['Museo Lapidario', 'Verona Tour', 'Museo Radio', 'San Zeno', 'Sighseeing']",Giardino Giusti,strategy_nearest,False,0.0013570785522460938,success
046E26429C4C80,1,"['Museo Lapidario', 'Palazzo della Ragione', 'Torre Lamberti', 'Casa Giulietta', 'Santa Anastasia']",Duomo,"['AMO', 'Museo Miniscalchi', 'Teatro Romano', 'Museo Conte', 'Centro Fotografia']",Teatro Romano,strategy_nearest,True,0.004123210906982422,success
046E363A9C4C80,3,"['Arena', 'Casa Giulietta', 'Torre Lamberti']",Santa Anastasia,"['AMO', 'Museo Conte', 'Palazzo della Ragione', 'Teatro Romano', 'Centro Fotografia']",Castelvecchio,strategy_nearest,False,0.0023488998413085938,success
046E4D3A9C4C80,0,['Arena'],Santa Anastasia,"['AMO', 'Museo Conte', 'Palazzo della Ragione', 'Teatro Romano', 'Centro Fotografia']",Castelvecchio,strategy_nearest,False,0.002691030502319336,success
046E4F3A9C4C80,3,"['Arena', 'San Fermo']",Giardino Giusti,"['Santa Anastasia', 'Teatro Romano', 'Museo Conte', 'Centro Fotografia', 'Museo Storia']",Duomo,strategy_nearest,False,0.0033681392669677734,success
046E3A3A9C4C80,1,"['Arena', 'Casa Giulietta']",Torre Lamberti,"['Sighseeing', 'Centro Fotografia', 'Museo Conte', 'Palazzo della Ragione', 'AMO']",Palazzo della Ragione,strategy_nearest,True,0.002079010009765625,success
046E55429C4C80,1,['Arena'],Torre Lamberti,"['Sighseeing', 'Centro Fotografia', 'Museo Conte', 'Casa Giulietta', 'Palazzo della Ragione']",Palazzo della Ragione,strategy_nearest,True,0.0018320083618164062,success
046E50429C4C80,2,"['Castelvecchio', 'Tomba Giulietta']",San Fermo,"['Museo Storia', 'Museo Radio', 'Casa Giulietta', 'Centro Fotografia', 'Arena']",Palazzo della Ragione,strategy_nearest,False,0.0032448768615722656,success
046E58429C4C80,1,"['Torre Lamberti', 'Casa Giulietta', 'San Fermo', 'Tomba Giulietta']",Castelvecchio,"['Museo Lapidario', 'Verona Tour', 'Arena', 'Museo Radio', 'San Zeno']",Arena,strategy_nearest,True,0.0034942626953125,success
046E563A9C4C80,3,"['Arena', 'Casa Giulietta', 'Santa Anastasia', 'Teatro Romano']",Duomo,"['AMO', 'Museo Miniscalchi', 'Palazzo della Ragione', 'Museo Conte', 'Torre Lamberti']",Museo Storia,strategy_nearest,False,0.0028028488159179688,success
046E633A9C4C80,1,"['Arena', 'Casa Giulietta', 'Torre Lamberti', 'Palazzo della Ragione']",Castelvecchio,"['Museo Lapidario', 'Verona Tour', 'Museo Radio', 'San Zeno', 'Sighseeing']",San Fermo,strategy_nearest,False,0.0023610591888427734,success
046E74429C4C80,0,['Arena'],Castelvecchio,"['Museo Lapidario', 'Verona Tour', 'Museo Radio', 'San Zeno', 'Sighseeing']",Casa Giulietta,strategy_nearest,False,0.0032820701599121094,success
046E7A3A9C4C80,3,"['San Zeno', 'Santa Anastasia']",San Fermo,"['Museo Storia', 'Museo Radio', 'Casa Giulietta', 'Centro Fotografia', 'Arena']",Arena,strategy_nearest,True,0.003261089324951172,success
046E793A9C4C80,1,"['San Zeno', 'Castelvecchio', 'Arena', 'Casa Giulietta']",Palazzo della Ragione,"['AMO', 'Museo Conte', 'Torre Lamberti', 'Centro Fotografia', 'Sighseeing']",Santa Anastasia,strategy_nearest,False,0.0025360584259033203,success
046E7B3A9C4C80,3,['Arena'],Torre Lamberti,"['Sighseeing', 'Centro Fotografia', 'Museo Conte', 'Casa Giulietta', 'Palazzo della Ragione']",Casa Giulietta,strategy_nearest,True,0.0033121109008789062,success
046E7B429C4C80,3,"['Arena', 'Casa Giulietta']",Torre Lamberti,"['Sighseeing', 'Centro Fotografia', 'Museo Conte', 'Palazzo della Ragione', 'AMO']",Duomo,strategy_nearest,False,0.0030946731567382812,success
046E814A9C4C80,2,['Duomo'],Torre Lamberti,"['Sighseeing', 'Centro Fotografia', 'Museo Conte', 'Casa Giulietta', 'Palazzo della Ragione']",San Fermo,strategy_nearest,False,0.002463102340698242,success
046E833A9C4C80,1,"['Castelvecchio', 'Arena']",Palazzo della Ragione,"['AMO', 'Museo Conte', 'Torre Lamberti', 'Centro Fotografia', 'Sighseeing']",Torre Lamberti,strategy_nearest,True,0.0032341480255126953,success
046E844A9C4C80,1,"['Casa Giulietta', 'Arena', 'Castelvecchio']",Tomba Giulietta,"['San Fermo', 'Museo Storia', 'Museo Lapidario', 'Museo Radio', 'Verona Tour']",San Fermo,strategy_nearest,True,0.0017919540405273438,success
046E834A9C4C80,3,"['Arena', 'San Fermo']",Santa Anastasia,"['AMO', 'Museo Conte', 'Palazzo della Ragione', 'Teatro Romano', 'Centro Fotografia']",Teatro Romano,strategy_nearest,True,0.003186941146850586,success
046E8A3A9C4C80,0,['Arena'],Casa Giulietta,"['Centro Fotografia', 'Sighseeing', 'Torre Lamberti', 'Museo Conte', 'Museo Radio']",Torre Lamberti,strategy_nearest,True,0.0034608840942382812,success
046E91429C4C80,3,"['San Fermo', 'Torre Lamberti', 'Casa Giulietta']",Arena,"['Verona Tour', 'Museo Lapidario', 'Museo Radio', 'Sighseeing', 'Castelvecchio']",Tomba Giulietta,strategy_nearest,False,0.0023081302642822266,success
046E8B3A9C4C80,1,"['Torre Lamberti', 'Palazzo della Ragione', 'Teatro Romano']",Castelvecchio,"['Museo Lapidario', 'Verona Tour', 'Arena', 'Museo Radio', 'San Zeno']",Arena,strategy_nearest,True,0.003156900405883789,success
046E97429C4C80,1,"['Arena', 'Casa Giulietta', 'Torre Lamberti']",Palazzo della Ragione,"['AMO', 'Museo Conte', 'Centro Fotografia', 'Sighseeing', 'Santa Anastasia']",Santa Anastasia,strategy_nearest,True,0.004197120666503906,success
046E9A4A9C4C80,1,"['Arena', 'Casa Giulietta']",Palazzo della Ragione,"['AMO', 'Museo Conte', 'Torre Lamberti', 'Centro Fotografia', 'Sighseeing']",Torre Lamberti,strategy_nearest,True,0.003229856491088867,success
046E9A429C4C80,3,['Arena'],Casa Giulietta,"['Centro Fotografia', 'Sighseeing', 'Torre Lamberti', 'Museo Conte', 'Museo Radio']",Torre Lamberti,strategy_nearest,True,0.002597808837890625,success
046E9C4A9C4C80,1,"['Arena', 'Torre Lamberti']",Palazzo della Ragione,"['AMO', 'Museo Conte', 'Centro Fotografia', 'Sighseeing', 'Santa Anastasia']",Casa Giulietta,strategy_nearest,False,0.002607107162475586,success
046EA63A9C4C80,1,['Arena'],Palazzo della Ragione,"['AMO', 'Museo Conte', 'Torre Lamberti', 'Centro Fotografia', 'Sighseeing']",Casa Giulietta,strategy_nearest,False,0.0019800662994384766,success
046EA84A9C4C80,2,['Torre Lamberti'],Duomo,"['AMO', 'Museo Miniscalchi', 'Santa Anastasia', 'Teatro Romano', 'Palazzo della Ragione']",Casa Giulietta,strategy_nearest,False,0.002605915069580078,success
046EA4429C4C80,2,"['Torre Lamberti', 'Casa Giulietta']",Santa Anastasia,"['AMO', 'Museo Conte', 'Palazzo della Ragione', 'Teatro Romano', 'Centro Fotografia']",Duomo,strategy_nearest,False,0.002640962600708008,success
046EA73A9C4C80,0,"['Arena', 'Torre Lamberti']",Castelvecchio,"['Museo Lapidario', 'Verona Tour', 'Museo Radio', 'San Zeno', 'Sighseeing']",Arena,strategy_nearest,False,0.003252267837524414,success
046EAB3A9C4C80,3,['Santa Anastasia'],Duomo,"['AMO', 'Museo Miniscalchi', 'Teatro Romano', 'Palazzo della Ragione', 'Museo Conte']",Arena,strategy_nearest,False,0.0018792152404785156,success
046EAC3A9C4C80,1,"['Arena', 'Palazzo della Ragione']",Casa Giulietta,"['Centro Fotografia', 'Sighseeing', 'Torre Lamberti', 'Museo Conte', 'Museo Radio']",Santa Anastasia,strategy_nearest,False,0.002444028854370117,success
046EAA429C4C80,0,['Arena'],Tomba Giulietta,"['San Fermo', 'Museo Storia', 'Museo Lapidario', 'Museo Radio', 'Verona Tour']",Casa Giulietta,strategy_nearest,False,0.002535104751586914,success
046EB03A9C4C80,0,['Arena'],Casa Giulietta,"['Centro Fotografia', 'Sighseeing', 'Torre Lamberti', 'Museo Conte', 'Museo Radio']",Teatro Romano,strategy_nearest,False,0.0033440589904785156,success
046EBB3A9C4C80,1,"['Arena', 'Casa Giulietta', 'Torre Lamberti']",Palazzo della Ragione,"['AMO', 'Museo Conte', 'Centro Fotografia', 'Sighseeing', 'Santa Anastasia']",Santa Anastasia,strategy_nearest,True,0.0014560222625732422,success
046EB2429C4C80,3,"['Arena', 'Torre Lamberti']",Casa Giulietta,"['Centro Fotografia', 'Sighseeing', 'Museo Conte', 'Museo Radio', 'Palazzo della Ragione']",Santa Anastasia,strategy_nearest,False,0.0033559799194335938,success
046EBD429C4C80,2,['Torre Lamberti'],Casa Giulietta,"['Centro Fotografia', 'Sighseeing', 'Museo Conte', 'Museo Radio', 'Palazzo della Ragione']",Tomba Giulietta,strategy_nearest,False,0.0033316612243652344,success
046EC13A9C4C80,1,"['Arena', 'Casa Giulietta', 'Torre Lamberti']",Palazzo della Ragione,"['AMO', 'Museo Conte', 'Centro Fotografia', 'Sighseeing', 'Santa Anastasia']",Teatro Romano,strategy_nearest,False,0.0017261505126953125,success
046EBF3A9C4C80,3,"['Arena', 'Casa Giulietta']",Torre Lamberti,"['Sighseeing', 'Centro Fotografia', 'Museo Conte', 'Palazzo della Ragione', 'AMO']",Santa Anastasia,strategy_nearest,False,0.0031690597534179688,success
046EC33A9C4C80,0,['Castelvecchio'],Arena,"['Verona Tour', 'Museo Lapidario', 'Museo Radio', 'San Fermo', 'Casa Giulietta']",Casa Giulietta,strategy_nearest,True,0.0033180713653564453,success
046EDD3A9C4C80,1,"['Arena', 'Museo Lapidario', 'Castelvecchio', 'Tomba Giulietta']",San Fermo,"['Museo Storia', 'Museo Radio', 'Casa Giulietta', 'Centro Fotografia', 'Sighseeing']",Palazzo della Ragione,strategy_nearest,False,0.0031280517578125,success
046EDF3A9C4C80,3,"['Museo Lapidario', 'Castelvecchio', 'San Zeno']",Teatro Romano,"['Santa Anastasia', 'Duomo', 'AMO', 'Palazzo della Ragione', 'Museo Conte']",Arena,strategy_nearest,False,0.002580881118774414,success
046EEE3A9C4C80,0,['Casa Giulietta'],Arena,"['Verona Tour', 'Museo Lapidario', 'Museo Radio', 'San Fermo', 'Sighseeing']",Castelvecchio,strategy_nearest,False,0.002974271774291992,success
046F123A9C4C84,0,['Arena'],Museo Storia,"['San Fermo', 'Museo Radio', 'Casa Giulietta', 'Centro Fotografia', 'Tomba Giulietta']",Tomba Giulietta,strategy_nearest,True,0.0023550987243652344,success
046EF53A9C4C80,3,"['Arena', 'Torre Lamberti', 'Casa Giulietta']",Santa Anastasia,"['AMO', 'Museo Conte', 'Palazzo della Ragione', 'Teatro Romano', 'Centro Fotografia']",Teatro Romano,strategy_nearest,True,0.003194093704223633,success
046F143A9C4C80,2,"['Castelvecchio', 'Santa Anastasia', 'Torre Lamberti', 'Palazzo della Ragione']",Tomba Giulietta,"['San Fermo', 'Museo Storia', 'Arena', 'Museo Lapidario', 'Museo Radio']",San Fermo,strategy_nearest,True,0.0022382736206054688,success
046F1C429C4C84,3,['Arena'],Casa Giulietta,"['Centro Fotografia', 'Sighseeing', 'Torre Lamberti', 'Museo Conte', 'Museo Radio']",Santa Anastasia,strategy_nearest,False,0.002769947052001953,success
046F1A3A9C4C80,0,['Casa Giulietta'],Torre Lamberti,"['Sighseeing', 'Centro Fotografia', 'Museo Conte', 'Palazzo della Ragione', 'AMO']",Giardino Giusti,strategy_nearest,False,0.0031261444091796875,success
046F1A3A9C4C84,0,['Castelvecchio'],Museo Lapidario,"['Verona Tour', 'Arena', 'Museo Radio', 'San Fermo', 'Casa Giulietta']",Arena,strategy_nearest,True,0.004225969314575195,success
046F203A9C4C80,0,"['Castelvecchio', 'Arena']",Casa Giulietta,"['Centro Fotografia', 'Sighseeing', 'Torre Lamberti', 'Museo Conte', 'Museo Radio']",Torre Lamberti,strategy_nearest,True,0.002716064453125,success
046F214A9C4C80,1,"['Casa Giulietta', 'Santa Anastasia', 'Duomo', 'Teatro Romano']",San Zeno,"['Castelvecchio', 'Verona Tour', 'Museo Lapidario', 'Arena', 'Museo Miniscalchi']",Castelvecchio,strategy_nearest,True,0.0019431114196777344,success
046F21429C4C84,3,"['Arena', 'Casa Giulietta']",Torre Lamberti,"['Sighseeing', 'Centro Fotografia', 'Museo Conte', 'Palazzo della Ragione', 'AMO']",Duomo,strategy_nearest,False,0.003409862518310547,success
046F264A9C4C80,0,['Casa Giulietta'],Arena,"['Verona Tour', 'Museo Lapidario', 'Museo Radio', 'San Fermo', 'Sighseeing']",Torre Lamberti,strategy_nearest,False,0.0026328563690185547,success
046F293A9C4C80,0,['Castelvecchio'],Arena,"['Verona Tour', 'Museo Lapidario', 'Museo Radio', 'San Fermo', 'Casa Giulietta']",Torre Lamberti,strategy_nearest,False,0.0034711360931396484,success
046F29429C4C84,0,['Arena'],Casa Giulietta,"['Centro Fotografia', 'Sighseeing', 'Torre Lamberti', 'Museo Conte', 'Museo Radio']",Santa Anastasia,strategy_nearest,False,0.00432276725769043,success
046F2F3A9C4C80,2,['Casa Giulietta'],Torre Lamberti,"['Sighseeing', 'Centro Fotografia', 'Museo Conte', 'Palazzo della Ragione', 'AMO']",Castelvecchio,strategy_nearest,False,0.003694772720336914,success
046F2C4A9C4C80,1,"['Arena', 'Castelvecchio']",Casa Giulietta,"['Centro Fotografia', 'Sighseeing', 'Torre Lamberti', 'Museo Conte', 'Museo Radio']",Teatro Romano,strategy_nearest,False,0.002457141876220703,success
046F33429C4C80,0,['Castelvecchio'],San Zeno,"['Verona Tour', 'Museo Lapidario', 'Arena', 'Museo Miniscalchi', 'Sighseeing']",Casa Giulietta,strategy_nearest,False,0.003113985061645508,success
046F334A9C4C80,3,"['Arena', 'Casa Giulietta']",Torre Lamberti,"['Sighseeing', 'Centro Fotografia', 'Museo Conte', 'Palazzo della Ragione', 'AMO']",Santa Anastasia,strategy_nearest,False,0.0024509429931640625,success
046F50429C4C80,0,['Arena'],Torre Lamberti,"['Sighseeing', 'Centro Fotografia', 'Museo Conte', 'Casa Giulietta', 'Palazzo della Ragione']",Duomo,strategy_nearest,False,0.002641916275024414,success
046F523A9C4C80,0,['Arena'],Casa Giulietta,"['Centro Fotografia', 'Sighseeing', 'Torre Lamberti', 'Museo Conte', 'Museo Radio']",Castelvecchio,strategy_nearest,False,0.0024230480194091797,success
046F3C3A9C4C80,3,"['Santa Anastasia', 'Duomo']",Torre Lamberti,"['Sighseeing', 'Centro Fotografia', 'Museo Conte', 'Casa Giulietta', 'Palazzo della Ragione']",Tomba Giulietta,strategy_nearest,False,0.004728078842163086,success
046F373A9C4C80,2,['San Zeno'],Castelvecchio,"['Museo Lapidario', 'Verona Tour', 'Arena', 'Museo Radio', 'Sighseeing']",Santa Anastasia,strategy_nearest,False,0.0030210018157958984,success
046F53429C4C80,1,"['Arena', 'Casa Giulietta']",Torre Lamberti,"['Sighseeing', 'Centro Fotografia', 'Museo Conte', 'Palazzo della Ragione', 'AMO']",Palazzo della Ragione,strategy_nearest,True,0.0021750926971435547,success
046F58429C4C80,1,"['Arena', 'Museo Lapidario', 'Castelvecchio', 'Torre Lamberti']",Casa Giulietta,"['Centro Fotografia', 'Sighseeing', 'Museo Conte', 'Museo Radio', 'Palazzo della Ragione']",Teatro Romano,strategy_nearest,False,0.0027923583984375,success
046F64429C4C80,0,['Arena'],San Zeno,"['Castelvecchio', 'Verona Tour', 'Museo Lapidario', 'Museo Miniscalchi', 'Sighseeing']",Torre Lamberti,strategy_nearest,False,0.002696990966796875,success
046F653A9C4C80,3,"['Duomo', 'Santa Anastasia']",Arena,"['Verona Tour', 'Museo Lapidario', 'Museo Radio', 'San Fermo', 'Casa Giulietta']",Castelvecchio,strategy_nearest,False,0.003261089324951172,success
046F6F429C4C80,1,"['Arena', 'Casa Giulietta']",Palazzo della Ragione,"['AMO', 'Museo Conte', 'Torre Lamberti', 'Centro Fotografia', 'Sighseeing']",Torre Lamberti,strategy_nearest,True,0.001917123794555664,success
046F663A9C4C80,3,"['Arena', 'San Fermo']",Teatro Romano,"['Santa Anastasia', 'Duomo', 'AMO', 'Palazzo della Ragione', 'Museo Conte']",San Zeno,strategy_nearest,False,0.002547025680541992,success
046F7D429C4C80,3,"['Castelvecchio', 'Casa Giulietta']",Torre Lamberti,"['Sighseeing', 'Centro Fotografia', 'Museo Conte', 'Palazzo della Ragione', 'AMO']",Santa Anastasia,strategy_nearest,False,0.0026481151580810547,success
046F73429C4C80,3,['Torre Lamberti'],Arena,"['Verona Tour', 'Museo Lapidario', 'Museo Radio', 'San Fermo', 'Casa Giulietta']",Santa Anastasia,strategy_nearest,False,0.003520965576171875,success
046F853A9C4C80,0,['Arena'],Casa Giulietta,"['Centro Fotografia', 'Sighseeing', 'Torre Lamberti', 'Museo Conte', 'Museo Radio']",Santa Anastasia,strategy_nearest,False,0.002708911895751953,success
046F80429C4C80,2,"['Castelvecchio', 'Duomo']",Torre Lamberti,"['Sighseeing', 'Centro Fotografia', 'Museo Conte', 'Casa Giulietta', 'Palazzo della Ragione']",Casa Giulietta,strategy_nearest,True,0.002936840057373047,success
046F844A9C4C80,1,"['Arena', 'Castelvecchio', 'Casa Giulietta']",Torre Lamberti,"['Sighseeing', 'Centro Fotografia', 'Museo Conte', 'Palazzo della Ragione', 'AMO']",Palazzo della Ragione,strategy_nearest,True,0.0020127296447753906,success
046F8A4A9C4C80,3,"['Arena', 'Casa Giulietta']",Santa Anastasia,"['AMO', 'Museo Conte', 'Palazzo della Ragione', 'Teatro Romano', 'Centro Fotografia']",Torre Lamberti,strategy_nearest,False,0.0029718875885009766,success
046F90429C4C80,3,"['San Zeno', 'Duomo']",Teatro Romano,"['Santa Anastasia', 'AMO', 'Palazzo della Ragione', 'Museo Conte', 'Centro Fotografia']",Torre Lamberti,strategy_nearest,False,0.0017981529235839844,success
046F98429C4C80,0,['Arena'],Museo Lapidario,"['Verona Tour', 'Castelvecchio', 'Museo Radio', 'San Fermo', 'Casa Giulietta']",Castelvecchio,strategy_nearest,True,0.0027670860290527344,success
046F91429C4C80,0,['Arena'],Teatro Romano,"['Santa Anastasia', 'Duomo', 'AMO', 'Palazzo della Ragione', 'Museo Conte']",Castelvecchio,strategy_nearest,False,0.004060983657836914,success
046F9C4A9C4C80,0,['Arena'],Museo Lapidario,"['Verona Tour', 'Castelvecchio', 'Museo Radio', 'San Fermo', 'Casa Giulietta']",Casa Giulietta,strategy_nearest,True,0.002653837203979492,success
046FA34A9C4C80,2,"['Palazzo della Ragione', 'Torre Lamberti']",Casa Giulietta,"['Centro Fotografia', 'Sighseeing', 'Museo Conte', 'Museo Radio', 'San Fermo']",Santa Anastasia,strategy_nearest,False,0.003968000411987305,success
046F9F429C4C80,0,['Arena'],Casa Giulietta,"['Centro Fotografia', 'Sighseeing', 'Torre Lamberti', 'Museo Conte', 'Museo Radio']",Tomba Giulietta,strategy_nearest,False,0.003999948501586914,success
046FA74A9C4C80,3,['Teatro Romano'],Santa Anastasia,"['AMO', 'Museo Conte', 'Palazzo della Ragione', 'Centro Fotografia', 'Duomo']",Duomo,strategy_nearest,True,0.0025568008422851562,success
046FA63A9C4C80,0,['Torre Lamberti'],Casa Giulietta,"['Centro Fotografia', 'Sighseeing', 'Museo Conte', 'Museo Radio', 'Palazzo della Ragione']",Arena,strategy_nearest,False,0.001489877700805664,success
046FA9429C4C80,0,['Teatro Romano'],Duomo,"['AMO', 'Museo Miniscalchi', 'Santa Anastasia', 'Palazzo della Ragione', 'Museo Conte']",Arena,strategy_nearest,False,0.0014998912811279297,success
046FC03A9C4C80,1,"['Arena', 'Torre Lamberti', 'Palazzo della Ragione', 'Santa Anastasia', 'Duomo']",Casa Giulietta,"['Centro Fotografia', 'Sighseeing', 'Museo Conte', 'Museo Radio', 'San Fermo']",Museo Storia,strategy_nearest,False,0.0020830631256103516,success
046FCC429C4C80,0,"['Arena', 'Torre Lamberti']",Casa Giulietta,"['Centro Fotografia', 'Sighseeing', 'Museo Conte', 'Museo Radio', 'Palazzo della Ragione']",Castelvecchio,strategy_nearest,False,0.0027022361755371094,success
046FBE3A9C4C80,0,['Torre Lamberti'],Arena,"['Verona Tour', 'Museo Lapidario', 'Museo Radio', 'San Fermo', 'Casa Giulietta']",Duomo,strategy_nearest,False,0.003518819808959961,success
046FDB3A9C4C80,1,"['Arena', 'Casa Giulietta']",Torre Lamberti,"['Sighseeing', 'Centro Fotografia', 'Museo Conte', 'Palazzo della Ragione', 'AMO']",Palazzo della Ragione,strategy_nearest,True,0.0025641918182373047,success
046FDD3A9C4C80,1,"['Arena', 'Museo Lapidario', 'Casa Giulietta']",Duomo,"['AMO', 'Museo Miniscalchi', 'Santa Anastasia', 'Teatro Romano', 'Palazzo della Ragione']",Santa Anastasia,strategy_nearest,True,0.002662181854248047,success
046FDE3A9C4C80,3,"['Arena', 'Casa Giulietta']",San Fermo,"['Museo Storia', 'Museo Radio', 'Centro Fotografia', 'Sighseeing', 'Torre Lamberti']",Torre Lamberti,strategy_nearest,True,0.0030448436737060547,success
046FCF3A9C4C80,0,['Arena'],Casa Giulietta,"['Centro Fotografia', 'Sighseeing', 'Torre Lamberti', 'Museo Conte', 'Museo Radio']",Torre Lamberti,strategy_nearest,True,0.002626180648803711,success
046FE13A9C4C80,0,['Arena'],Castelvecchio,"['Museo Lapidario', 'Verona Tour', 'Museo Radio', 'San Zeno', 'Sighseeing']",Torre Lamberti,strategy_nearest,False,0.0021729469299316406,success
046FF63A9C4C80,2,"['Palazzo della Ragione', 'Torre Lamberti']",Castelvecchio,"['Museo Lapidario', 'Verona Tour', 'Arena', 'Museo Radio', 'San Zeno']",Museo Lapidario,strategy_nearest,True,0.002736330032348633,success
046FFE3A9C4C80,3,"['Arena', 'San Fermo']",Santa Anastasia,"['AMO', 'Museo Conte', 'Palazzo della Ragione', 'Teatro Romano', 'Centro Fotografia']",Duomo,strategy_nearest,False,0.0031769275665283203,success
046FE83A9C4C80,1,"['Santa Anastasia', 'Palazzo della Ragione']",Torre Lamberti,"['Sighseeing', 'Centro Fotografia', 'Museo Conte', 'Casa Giulietta', 'AMO']",Duomo,strategy_nearest,False,0.0027570724487304688,success
0470114A9C4C80,3,"['Arena', 'Casa Giulietta']",Santa Anastasia,"['AMO', 'Museo Conte', 'Palazzo della Ragione', 'Teatro Romano', 'Centro Fotografia']",Torre Lamberti,strategy_nearest,False,0.0015289783477783203,success
04700D3A9C4C84,3,['Arena'],Teatro Romano,"['Santa Anastasia', 'Duomo', 'AMO', 'Palazzo della Ragione', 'Museo Conte']",Duomo,strategy_nearest,True,0.004004001617431641,success
047017429C4C80,1,['Torre Lamberti'],Arena,"['Verona Tour', 'Museo Lapidario', 'Museo Radio', 'San Fermo', 'Casa Giulietta']",Palazzo della Ragione,strategy_nearest,False,0.0019500255584716797,success
0470143A9C4C80,1,"['Torre Lamberti', 'Palazzo della Ragione', 'San Fermo']",Arena,"['Verona Tour', 'Museo Lapidario', 'Museo Radio', 'Casa Giulietta', 'Sighseeing']",Casa Giulietta,strategy_nearest,True,0.0033948421478271484,success
04701C3A9C4C80,1,"['Torre Lamberti', 'Palazzo della Ragione']",Casa Giulietta,"['Centro Fotografia', 'Sighseeing', 'Museo Conte', 'Museo Radio', 'San Fermo']",Arena,strategy_nearest,False,0.0034461021423339844,success
04701D3A9C4C80,0,['Arena'],Casa Giulietta,"['Centro Fotografia', 'Sighseeing', 'Torre Lamberti', 'Museo Conte', 'Museo Radio']",Castelvecchio,strategy_nearest,False,0.0013668537139892578,success
0470203A9C4C84,2,['Casa Giulietta'],Torre Lamberti,"['Sighseeing', 'Centro Fotografia', 'Museo Conte', 'Palazzo della Ragione', 'AMO']",Teatro Romano,strategy_nearest,False,0.0026030540466308594,success
04701E3A9C4C84,2,['Casa Giulietta'],Torre Lamberti,"['Sighseeing', 'Centro Fotografia', 'Museo Conte', 'Palazzo della Ragione', 'AMO']",Palazzo della Ragione,strategy_nearest,True,0.0032949447631835938,success
047020429C4C80,3,"['Arena', 'Castelvecchio', 'Casa Giulietta']",Torre Lamberti,"['Sighseeing', 'Centro Fotografia', 'Museo Conte', 'Palazzo della Ragione', 'AMO']",Santa Anastasia,strategy_nearest,False,0.0025582313537597656,success
0470283A9C4C80,3,"['Castelvecchio', 'Casa Giulietta', 'Santa Anastasia']",Teatro Romano,"['Duomo', 'AMO', 'Palazzo della Ragione', 'Museo Conte', 'Centro Fotografia']",San Zeno,strategy_nearest,False,0.002537965774536133,success
0470243A9C4C80,3,['Torre Lamberti'],Santa Anastasia,"['AMO', 'Museo Conte', 'Palazzo della Ragione', 'Teatro Romano', 'Centro Fotografia']",Arena,strategy_nearest,False,0.003306865692138672,success
0470243A9C4C84,1,"['Tomba Giulietta', 'Teatro Romano', 'Torre Lamberti']",Palazzo della Ragione,"['AMO', 'Museo Conte', 'Centro Fotografia', 'Sighseeing', 'Santa Anastasia']",Casa Giulietta,strategy_nearest,False,0.0033638477325439453,success
047029429C4C84,3,"['Torre Lamberti', 'Santa Anastasia']",Duomo,"['AMO', 'Museo Miniscalchi', 'Teatro Romano', 'Palazzo della Ragione', 'Museo Conte']",Casa Giulietta,strategy_nearest,False,0.002602100372314453,success
04702C4A9C4C80,0,['Arena'],Castelvecchio,"['Museo Lapidario', 'Verona Tour', 'Museo Radio', 'San Zeno', 'Sighseeing']",Torre Lamberti,strategy_nearest,False,0.003367900848388672,success
04702D3A9C4C80,1,"['Arena', 'Casa Giulietta']",Torre Lamberti,"['Sighseeing', 'Centro Fotografia', 'Museo Conte', 'Palazzo della Ragione', 'AMO']",Palazzo della Ragione,strategy_nearest,True,0.0013070106506347656,success
0470353A9C4C80,3,"['Arena', 'Castelvecchio', 'San Zeno']",San Fermo,"['Museo Storia', 'Museo Radio', 'Casa Giulietta', 'Centro Fotografia', 'Sighseeing']",Duomo,strategy_nearest,False,0.0031609535217285156,success
04703C3A9C4C80,3,['Arena'],Santa Anastasia,"['AMO', 'Museo Conte', 'Palazzo della Ragione', 'Teatro Romano', 'Centro Fotografia']",Castelvecchio,strategy_nearest,False,0.0013377666473388672,success
0470453A9C4C80,2,['Castelvecchio'],Casa Giulietta,"['Centro Fotografia', 'Sighseeing', 'Torre Lamberti', 'Museo Conte', 'Museo Radio']",Torre Lamberti,strategy_nearest,True,0.0028710365295410156,success
04704A429C4C80,2,['Casa Giulietta'],Duomo,"['AMO', 'Museo Miniscalchi', 'Santa Anastasia', 'Teatro Romano', 'Palazzo della Ragione']",Santa Anastasia,strategy_nearest,True,0.0020761489868164062,success
0470523A9C4C80,3,['Arena'],Torre Lamberti,"['Sighseeing', 'Centro Fotografia', 'Museo Conte', 'Casa Giulietta', 'Palazzo della Ragione']",Santa Anastasia,strategy_nearest,False,0.003409147262573242,success
047053429C4C80,3,"['Arena', 'Casa Giulietta']",Torre Lamberti,"['Sighseeing', 'Centro Fotografia', 'Museo Conte', 'Palazzo della Ragione', 'AMO']",Santa Anastasia,strategy_nearest,False,0.0023031234741210938,success
04705A429C4C80,1,"['Museo Lapidario', 'Arena', 'Castelvecchio']",Duomo,"['AMO', 'Museo Miniscalchi', 'Santa Anastasia', 'Teatro Romano', 'Palazzo della Ragione']",Torre Lamberti,strategy_nearest,False,0.002607107162475586,success
047069429C4C80,1,"['Arena', 'Museo Lapidario']",Casa Giulietta,"['Centro Fotografia', 'Sighseeing', 'Torre Lamberti', 'Museo Conte', 'Museo Radio']",Torre Lamberti,strategy_nearest,True,0.003406047821044922,success
047071429C4C80,3,"['Arena', 'San Fermo']",Casa Giulietta,"['Centro Fotografia', 'Sighseeing', 'Torre Lamberti', 'Museo Conte', 'Museo Radio']",Torre Lamberti,strategy_nearest,True,0.003100872039794922,success
0470653A9C4C80,3,"['Torre Lamberti', 'Santa Anastasia', 'Duomo', 'Teatro Romano']",Casa Giulietta,"['Centro Fotografia', 'Sighseeing', 'Museo Conte', 'Museo Radio', 'Palazzo della Ragione']",Museo Lapidario,strategy_nearest,False,0.002637147903442383,success
047072429C4C80,0,['Arena'],Casa Giulietta,"['Centro Fotografia', 'Sighseeing', 'Torre Lamberti', 'Museo Conte', 'Museo Radio']",Castelvecchio,strategy_nearest,False,0.003160238265991211,success
047074429C4C80,0,['Arena'],Casa Giulietta,"['Centro Fotografia', 'Sighseeing', 'Torre Lamberti', 'Museo Conte', 'Museo Radio']",Duomo,strategy_nearest,False,0.0024061203002929688,success
0470773A9C4C80,0,['Arena'],Casa Giulietta,"['Centro Fotografia', 'Sighseeing', 'Torre Lamberti', 'Museo Conte', 'Museo Radio']",Torre Lamberti,strategy_nearest,True,0.002032041549682617,success
047075429C4C80,3,"['San Fermo', 'Santa Anastasia']",Teatro Romano,"['Duomo', 'AMO', 'Palazzo della Ragione', 'Museo Conte', 'Centro Fotografia']",Arena,strategy_nearest,False,0.003625154495239258,success
0470783A9C4C80,3,"['Castelvecchio', 'Arena']",Casa Giulietta,"['Centro Fotografia', 'Sighseeing', 'Torre Lamberti', 'Museo Conte', 'Museo Radio']",Torre Lamberti,strategy_nearest,True,0.003968000411987305,success
047079429C4C80,2,['Torre Lamberti'],Casa Giulietta,"['Centro Fotografia', 'Sighseeing', 'Museo Conte', 'Museo Radio', 'Palazzo della Ragione']",Duomo,strategy_nearest,False,0.002148866653442383,success
0470873A9C4C80,1,"['Arena', 'Casa Giulietta']",Palazzo della Ragione,"['AMO', 'Museo Conte', 'Torre Lamberti', 'Centro Fotografia', 'Sighseeing']",Torre Lamberti,strategy_nearest,True,0.0019299983978271484,success
0470843A9C4C80,1,"['Arena', 'Torre Lamberti']",Palazzo della Ragione,"['AMO', 'Museo Conte', 'Centro Fotografia', 'Sighseeing', 'Santa Anastasia']",Duomo,strategy_nearest,False,0.003812074661254883,success
0470854A9C4C80,3,"['Arena', 'Castelvecchio']",Torre Lamberti,"['Sighseeing', 'Centro Fotografia', 'Museo Conte', 'Casa Giulietta', 'Palazzo della Ragione']",Casa Giulietta,strategy_nearest,True,0.002020120620727539,success
0470893A9C4C80,0,['Arena'],Casa Giulietta,"['Centro Fotografia', 'Sighseeing', 'Torre Lamberti', 'Museo Conte', 'Museo Radio']",Torre Lamberti,strategy_nearest,True,0.0028481483459472656,success
04708E4A9C4C80,1,['Arena'],Casa Giulietta,"['Centro Fotografia', 'Sighseeing', 'Torre Lamberti', 'Museo Conte', 'Museo Radio']",Palazzo della Ragione,strategy_nearest,False,0.0017991065979003906,success
0470914A9C4C80,3,"['Casa Giulietta', 'Torre Lamberti', 'Santa Anastasia']",Teatro Romano,"['Duomo', 'AMO', 'Palazzo della Ragione', 'Museo Conte', 'Centro Fotografia']",Giardino Giusti,strategy_nearest,False,0.0024869441986083984,success
04709C429C4C80,3,"['Arena', 'Castelvecchio']",Torre Lamberti,"['Sighseeing', 'Centro Fotografia', 'Museo Conte', 'Casa Giulietta', 'Palazzo della Ragione']",Santa Anastasia,strategy_nearest,False,0.0026853084564208984,success
0470A14A9C4C80,0,['Arena'],Casa Giulietta,"['Centro Fotografia', 'Sighseeing', 'Torre Lamberti', 'Museo Conte', 'Museo Radio']",Santa Anastasia,strategy_nearest,False,0.003183126449584961,success
0470A5429C4C80,2,"['Torre Lamberti', 'Santa Anastasia']",Duomo,"['AMO', 'Museo Miniscalchi', 'Teatro Romano', 'Palazzo della Ragione', 'Museo Conte']",Casa Giulietta,strategy_nearest,False,0.003373861312866211,success
0470A93A9C4C80,3,"['Castelvecchio', 'Torre Lamberti', 'Casa Giulietta']",Santa Anastasia,"['AMO', 'Museo Conte', 'Palazzo della Ragione', 'Teatro Romano', 'Centro Fotografia']",Teatro Romano,strategy_nearest,True,0.0030698776245117188,success
0470A73A9C4C80,0,['Arena'],Casa Giulietta,"['Centro Fotografia', 'Sighseeing', 'Torre Lamberti', 'Museo Conte', 'Museo Radio']",Teatro Romano,strategy_nearest,False,0.0031528472900390625,success
0470A9429C4C80,0,['Teatro Romano'],Arena,"['Verona Tour', 'Museo Lapidario', 'Museo Radio', 'San Fermo', 'Casa Giulietta']",Casa Giulietta,strategy_nearest,True,0.003200054168701172,success
0470B1429C4C80,3,"['Arena', 'Santa Anastasia']",Casa Giulietta,"['Centro Fotografia', 'Sighseeing', 'Torre Lamberti', 'Museo Conte', 'Museo Radio']",Torre Lamberti,strategy_nearest,True,0.0020258426666259766,success
0470AF3A9C4C80,2,"['Castelvecchio', 'Tomba Giulietta']",Casa Giulietta,"['Centro Fotografia', 'Sighseeing', 'Torre Lamberti', 'Museo Conte', 'Museo Radio']",Torre Lamberti,strategy_nearest,True,0.0033860206604003906,success
0470AE3A9C4C80,3,"['Arena', 'Torre Lamberti', 'Santa Anastasia']",Duomo,"['AMO', 'Museo Miniscalchi', 'Teatro Romano', 'Palazzo della Ragione', 'Museo Conte']",Teatro Romano,strategy_nearest,True,0.0038619041442871094,success
0470B7429C4C80,0,['Castelvecchio'],Duomo,"['AMO', 'Museo Miniscalchi', 'Santa Anastasia', 'Teatro Romano', 'Palazzo della Ragione']",Arena,strategy_nearest,False,0.0017900466918945312,success
0470B83A9C4C80,1,"['Castelvecchio', 'Arena', 'Casa Giulietta']",Torre Lamberti,"['Sighseeing', 'Centro Fotografia', 'Museo Conte', 'Palazzo della Ragione', 'AMO']",Palazzo della Ragione,strategy_nearest,True,0.002481222152709961,success
0470C73A9C4C80,2,"['Castelvecchio', 'Torre Lamberti', 'Palazzo della Ragione']",Teatro Romano,"['Santa Anastasia', 'Duomo', 'AMO', 'Museo Conte', 'Centro Fotografia']",Museo Storia,strategy_nearest,False,0.0026488304138183594,success
0470BD429C4C80,1,"['Arena', 'Casa Giulietta', 'Santa Anastasia', 'Duomo']",Teatro Romano,"['AMO', 'Palazzo della Ragione', 'Museo Conte', 'Centro Fotografia', 'Museo Miniscalchi']",Torre Lamberti,strategy_nearest,False,0.003477811813354492,success
0470C7429C4C80,0,['Arena'],Castelvecchio,"['Museo Lapidario', 'Verona Tour', 'Museo Radio', 'San Zeno', 'Sighseeing']",Torre Lamberti,strategy_nearest,False,0.0025069713592529297,success
0470CA3A9C4C80,0,['Arena'],Casa Giulietta,"['Centro Fotografia', 'Sighseeing', 'Torre Lamberti', 'Museo Conte', 'Museo Radio']",Castelvecchio,strategy_nearest,False,0.0029959678649902344,success
0470CD3A9C4C80,1,"['Palazzo della Ragione', 'Casa Giulietta']",Torre Lamberti,"['Sighseeing', 'Centro Fotografia', 'Museo Conte', 'AMO', 'Museo Miniscalchi']",Castelvecchio,strategy_nearest,False,0.002351045608520508,success
0470CC3A9C4C80,1,['Casa Giulietta'],Torre Lamberti,"['Sighseeing', 'Centro Fotografia', 'Museo Conte', 'Palazzo della Ragione', 'AMO']",Palazzo della Ragione,strategy_nearest,True,0.003213167190551758,success
0470FE429C4C80,3,"['Santa Anastasia', 'Teatro Romano']",Giardino Giusti,"['Museo Conte', 'Centro Fotografia', 'Museo Storia', 'AMO', 'Casa Giulietta']",Torre Lamberti,strategy_nearest,False,0.002321004867553711,success
0470DF3A9C4C80,0,['Casa Giulietta'],Teatro Romano,"['Santa Anastasia', 'Duomo', 'AMO', 'Palazzo della Ragione', 'Museo Conte']",Arena,strategy_nearest,False,0.003186941146850586,success
047107429C4C84,1,"['Arena', 'Casa Giulietta', 'Teatro Romano', 'Duomo']",Santa Anastasia,"['AMO', 'Museo Conte', 'Palazzo della Ragione', 'Centro Fotografia', 'Torre Lamberti']",Torre Lamberti,strategy_nearest,True,0.0023758411407470703,success
04710F429C4C84,0,['Arena'],Casa Giulietta,"['Centro Fotografia', 'Sighseeing', 'Torre Lamberti', 'Museo Conte', 'Museo Radio']",Torre Lamberti,strategy_nearest,True,0.003113985061645508,success
047113429C4C80,2,['San Fermo'],Casa Giulietta,"['Centro Fotografia', 'Sighseeing', 'Torre Lamberti', 'Museo Conte', 'Museo Radio']",Teatro Romano,strategy_nearest,False,0.00251007080078125,success
0471163A9C4C80,0,"['Casa Giulietta', 'Torre Lamberti']",Teatro Romano,"['Santa Anastasia', 'Duomo', 'AMO', 'Palazzo della Ragione', 'Museo Conte']",Tomba Giulietta,strategy_nearest,False,0.0022668838500976562,success
0471213A9C4C84,1,"['Arena', 'Santa Anastasia', 'Duomo']",Teatro Romano,"['AMO', 'Palazzo della Ragione', 'Museo Conte', 'Centro Fotografia', 'Museo Miniscalchi']",Casa Giulietta,strategy_nearest,False,0.002710103988647461,success
04711F429C4C84,0,['Arena'],Casa Giulietta,"['Centro Fotografia', 'Sighseeing', 'Torre Lamberti', 'Museo Conte', 'Museo Radio']",Castelvecchio,strategy_nearest,False,0.002775907516479492,success
0471284A9C4C80,1,"['Arena', 'San Fermo', 'Casa Giulietta', 'Torre Lamberti']",Palazzo della Ragione,"['AMO', 'Museo Conte', 'Centro Fotografia', 'Sighseeing', 'Santa Anastasia']",Castelvecchio,strategy_nearest,False,0.0032300949096679688,success
0471263A9C4C84,1,"['Arena', 'Museo Lapidario']",Castelvecchio,"['Verona Tour', 'Museo Radio', 'San Zeno', 'Sighseeing', 'Museo Miniscalchi']",Torre Lamberti,strategy_nearest,False,0.003255128860473633,success
04712D3A9C4C80,0,['Arena'],Castelvecchio,"['Museo Lapidario', 'Verona Tour', 'Museo Radio', 'San Zeno', 'Sighseeing']",San Zeno,strategy_nearest,True,0.002074003219604492,success
0471293A9C4C80,3,"['Casa Giulietta', 'Torre Lamberti']",Santa Anastasia,"['AMO', 'Museo Conte', 'Palazzo della Ragione', 'Teatro Romano', 'Centro Fotografia']",Duomo,strategy_nearest,False,0.0045931339263916016,success
04712E3A9C4C80,3,"['Castelvecchio', 'San Zeno']",Arena,"['Verona Tour', 'Museo Lapidario', 'Museo Radio', 'San Fermo', 'Casa Giulietta']",Santa Anastasia,strategy_nearest,False,0.0025730133056640625,success
04712A3A9C4C80,0,['Castelvecchio'],Arena,"['Verona Tour', 'Museo Lapidario', 'Museo Radio', 'San Fermo', 'Casa Giulietta']",Casa Giulietta,strategy_nearest,True,0.0027370452880859375,success
04712F429C4C80,0,['San Zeno'],Arena,"['Verona Tour', 'Museo Lapidario', 'Museo Radio', 'San Fermo', 'Casa Giulietta']",Torre Lamberti,strategy_nearest,False,0.002485036849975586,success
047133429C4C80,0,"['Arena', 'Castelvecchio']",Casa Giulietta,"['Centro Fotografia', 'Sighseeing', 'Torre Lamberti', 'Museo Conte', 'Museo Radio']",Teatro Romano,strategy_nearest,False,0.0019519329071044922,success
0471344A9C4C80,4,"['Torre Lamberti', 'Palazzo della Ragione', 'Casa Giulietta', 'Tomba Giulietta', 'Museo Lapidario', 'Castelvecchio']",Arena,"['Verona Tour', 'Museo Radio', 'San Fermo', 'Sighseeing', 'Centro Fotografia']",San Fermo,strategy_nearest,True,0.002856016159057617,success
0471353A9C4C80,3,"['Arena', 'Casa Giulietta']",Torre Lamberti,"['Sighseeing', 'Centro Fotografia', 'Museo Conte', 'Palazzo della Ragione', 'AMO']",Santa Anastasia,strategy_nearest,False,0.003428936004638672,success
0471354A9C4C80,1,"['Teatro Romano', 'Torre Lamberti']",Palazzo della Ragione,"['AMO', 'Museo Conte', 'Centro Fotografia', 'Sighseeing', 'Santa Anastasia']",Arena,strategy_nearest,False,0.0025610923767089844,success
0471373A9C4C80,1,"['Arena', 'Casa Giulietta', 'Duomo', 'Santa Anastasia']",San Fermo,"['Museo Storia', 'Museo Radio', 'Centro Fotografia', 'Sighseeing', 'Torre Lamberti']",Palazzo della Ragione,strategy_nearest,False,0.003216981887817383,success
04713C429C4C80,2,['Torre Lamberti'],Santa Anastasia,"['AMO', 'Museo Conte', 'Palazzo della Ragione', 'Teatro Romano', 'Centro Fotografia']",Duomo,strategy_nearest,False,0.00177001953125,success
04713C3A9C4C80,0,"['Arena', 'Casa Giulietta']",Castelvecchio,"['Museo Lapidario', 'Verona Tour', 'Museo Radio', 'San Zeno', 'Sighseeing']",Torre Lamberti,strategy_nearest,False,0.004026889801025391,success
04713F429C4C80,1,"['Casa Giulietta', 'Santa Anastasia', 'Teatro Romano']",Duomo,"['AMO', 'Museo Miniscalchi', 'Palazzo della Ragione', 'Museo Conte', 'Torre Lamberti']",Palazzo della Ragione,strategy_nearest,True,0.0019371509552001953,success
0471403A9C4C80,3,['Duomo'],Arena,"['Verona Tour', 'Museo Lapidario', 'Museo Radio', 'San Fermo', 'Casa Giulietta']",Santa Anastasia,strategy_nearest,False,0.003682851791381836,success
047140429C4C80,0,['Arena'],Casa Giulietta,"['Centro Fotografia', 'Sighseeing', 'Torre Lamberti', 'Museo Conte', 'Museo Radio']",Torre Lamberti,strategy_nearest,True,0.0027561187744140625,success
04714E429C4C80,2,['Teatro Romano'],San Fermo,"['Museo Storia', 'Museo Radio', 'Casa Giulietta', 'Centro Fotografia', 'Arena']",Castelvecchio,strategy_nearest,False,0.0020210742950439453,success
047154429C4C80,0,['Arena'],Duomo,"['AMO', 'Museo Miniscalchi', 'Santa Anastasia', 'Teatro Romano', 'Palazzo della Ragione']",Castelvecchio,strategy_nearest,False,0.0025987625122070312,success
047157429C4C80,1,['Torre Lamberti'],Palazzo della Ragione,"['AMO', 'Museo Conte', 'Centro Fotografia', 'Sighseeing', 'Santa Anastasia']",Arena,strategy_nearest,False,0.0032896995544433594,success
0471603A9C4C80,3,"['Arena', 'San Fermo', 'Museo Storia', 'San Zeno']",Torre Lamberti,"['Sighseeing', 'Centro Fotografia', 'Museo Conte', 'Casa Giulietta', 'Palazzo della Ragione']",Casa Giulietta,strategy_nearest,True,0.0027430057525634766,success
04715F429C4C80,3,"['Tomba Giulietta', 'Arena']",Castelvecchio,"['Museo Lapidario', 'Verona Tour', 'Museo Radio', 'San Zeno', 'Sighseeing']",San Zeno,strategy_nearest,True,0.0035200119018554688,success
047165429C4C80,0,['Arena'],Casa Giulietta,"['Centro Fotografia', 'Sighseeing', 'Torre Lamberti', 'Museo Conte', 'Museo Radio']",Santa Anastasia,strategy_nearest,False,0.002466917037963867,success
0471773A9C4C80,3,"['Arena', 'Casa Giulietta']",Santa Anastasia,"['AMO', 'Museo Conte', 'Palazzo della Ragione', 'Teatro Romano', 'Centro Fotografia']",Duomo,strategy_nearest,False,0.0013387203216552734,success
0471793A9C4C80,0,['Castelvecchio'],Arena,"['Verona Tour', 'Museo Lapidario', 'Museo Radio', 'San Fermo', 'Casa Giulietta']",Teatro Romano,strategy_nearest,False,0.0033559799194335938,success
04717B429C4C80,2,['Casa Giulietta'],Torre Lamberti,"['Sighseeing', 'Centro Fotografia', 'Museo Conte', 'Palazzo della Ragione', 'AMO']",Duomo,strategy_nearest,False,0.0026369094848632812,success
047172429C4C80,0,['Arena'],Casa Giulietta,"['Centro Fotografia', 'Sighseeing', 'Torre Lamberti', 'Museo Conte', 'Museo Radio']",Castelvecchio,strategy_nearest,False,0.0034132003784179688,success
04717E429C4C80,0,['Arena'],Casa Giulietta,"['Centro Fotografia', 'Sighseeing', 'Torre Lamberti', 'Museo Conte', 'Museo Radio']",Santa Anastasia,strategy_nearest,False,0.0029103755950927734,success
04717D4A9C4C80,0,['Arena'],Museo Lapidario,"['Verona Tour', 'Castelvecchio', 'Museo Radio', 'San Fermo', 'Casa Giulietta']",Casa Giulietta,strategy_nearest,True,0.0047760009765625,success
0471864A9C4C80,0,"['Casa Giulietta', 'Torre Lamberti']",Teatro Romano,"['Santa Anastasia', 'Duomo', 'AMO', 'Palazzo della Ragione', 'Museo Conte']",Giardino Giusti,strategy_nearest,False,0.0021479129791259766,success
04717F3A9C4C80,0,['Arena'],Castelvecchio,"['Museo Lapidario', 'Verona Tour', 'Museo Radio', 'San Zeno', 'Sighseeing']",Casa Giulietta,strategy_nearest,False,0.0015501976013183594,success
04718A3A9C4C80,3,['Arena'],Santa Anastasia,"['AMO', 'Museo Conte', 'Palazzo della Ragione', 'Teatro Romano', 'Centro Fotografia']",Duomo,strategy_nearest,False,0.0014011859893798828,success
0471A0429C4C80,1,['Arena'],Casa Giulietta,"['Centro Fotografia', 'Sighseeing', 'Torre Lamberti', 'Museo Conte', 'Museo Radio']",Santa Anastasia,strategy_nearest,False,0.002649068832397461,success
0471954A9C4C80,1,"['Castelvecchio', 'Arena', 'Casa Giulietta']",Palazzo della Ragione,"['AMO', 'Museo Conte', 'Torre Lamberti', 'Centro Fotografia', 'Sighseeing']",Santa Anastasia,strategy_nearest,False,0.002007007598876953,success
04718E4A9C4C80,0,['Casa Giulietta'],Torre Lamberti,"['Sighseeing', 'Centro Fotografia', 'Museo Conte', 'Palazzo della Ragione', 'AMO']",Arena,strategy_nearest,False,0.0035991668701171875,success
0471A772743380,2,"['Casa Giulietta', 'Torre Lamberti', 'Palazzo della Ragione']",Santa Anastasia,"['AMO', 'Museo Conte', 'Teatro Romano', 'Centro Fotografia', 'Duomo']",Teatro Romano,strategy_nearest,True,0.002501249313354492,success
0471AA3A9C4C80,0,['Arena'],Casa Giulietta,"['Centro Fotografia', 'Sighseeing', 'Torre Lamberti', 'Museo Conte', 'Museo Radio']",Tomba Giulietta,strategy_nearest,False,0.0018858909606933594,success
0471AE3A9C4C80,0,['Arena'],Santa Anastasia,"['AMO', 'Museo Conte', 'Palazzo della Ragione', 'Teatro Romano', 'Centro Fotografia']",Castelvecchio,strategy_nearest,False,0.002746105194091797,success
0471B03A9C4C80,0,"['Casa Giulietta', 'Duomo']",Torre Lamberti,"['Sighseeing', 'Centro Fotografia', 'Museo Conte', 'Palazzo della Ragione', 'AMO']",Arena,strategy_nearest,False,0.0032961368560791016,success
0471B53A9C4C80,3,['Casa Giulietta'],Santa Anastasia,"['AMO', 'Museo Conte', 'Palazzo della Ragione', 'Teatro Romano', 'Centro Fotografia']",Duomo,strategy_nearest,False,0.0027341842651367188,success
0471B93A9C4C80,3,"['Arena', 'Museo Lapidario']",Castelvecchio,"['Verona Tour', 'Museo Radio', 'San Zeno', 'Sighseeing', 'Museo Miniscalchi']",Duomo,strategy_nearest,False,0.00225067138671875,success
0471BA429C4C80,1,"['Arena', 'Casa Giulietta']",Torre Lamberti,"['Sighseeing', 'Centro Fotografia', 'Museo Conte', 'Palazzo della Ragione', 'AMO']",Palazzo della Ragione,strategy_nearest,True,0.003314971923828125,success
0471BF3A9C4C80,0,['Arena'],Casa Giulietta,"['Centro Fotografia', 'Sighseeing', 'Torre Lamberti', 'Museo Conte', 'Museo Radio']",Teatro Romano,strategy_nearest,False,0.0025289058685302734,success
0471BC3A9C4C80,0,['Arena'],Casa Giulietta,"['Centro Fotografia', 'Sighseeing', 'Torre Lamberti', 'Museo Conte', 'Museo Radio']",Santa Anastasia,strategy_nearest,False,0.003337860107421875,success
0471C3429C4C80,0,['Arena'],Casa Giulietta,"['Centro Fotografia', 'Sighseeing', 'Torre Lamberti', 'Museo Conte', 'Museo Radio']",Santa Anastasia,strategy_nearest,False,0.0033659934997558594,success
0471C43A9C4C80,3,"['Arena', 'Casa Giulietta']",Torre Lamberti,"['Sighseeing', 'Centro Fotografia', 'Museo Conte', 'Palazzo della Ragione', 'AMO']",Santa Anastasia,strategy_nearest,False,0.0037429332733154297,success
0471C7429C4C80,1,"['Arena', 'Museo Storia', 'San Fermo', 'Torre Lamberti']",Palazzo della Ragione,"['AMO', 'Museo Conte', 'Centro Fotografia', 'Sighseeing', 'Santa Anastasia']",Casa Giulietta,strategy_nearest,False,0.0017271041870117188,success
0471D13A9C4C80,1,"['Casa Giulietta', 'Arena']",Palazzo della Ragione,"['AMO', 'Museo Conte', 'Torre Lamberti', 'Centro Fotografia', 'Sighseeing']",Duomo,strategy_nearest,False,0.0035393238067626953,success
0471DB429C4C80,0,['Arena'],Casa Giulietta,"['Centro Fotografia', 'Sighseeing', 'Torre Lamberti', 'Museo Conte', 'Museo Radio']",Torre Lamberti,strategy_nearest,True,0.002048015594482422,success
0471DB3A9C4C80,0,"['Casa Giulietta', 'Arena']",Torre Lamberti,"['Sighseeing', 'Centro Fotografia', 'Museo Conte', 'Palazzo della Ragione', 'AMO']",San Zeno,strategy_nearest,False,0.0027179718017578125,success
0471DC3A9C4C80,1,"['Arena', 'Casa Giulietta']",Palazzo della Ragione,"['AMO', 'Museo Conte', 'Torre Lamberti', 'Centro Fotografia', 'Sighseeing']",Torre Lamberti,strategy_nearest,True,0.0030829906463623047,success
0471F33A9C4C80,0,['Arena'],Casa Giulietta,"['Centro Fotografia', 'Sighseeing', 'Torre Lamberti', 'Museo Conte', 'Museo Radio']",Torre Lamberti,strategy_nearest,True,0.0034499168395996094,success
0471F83A9C4C80,3,"['Arena', 'Casa Giulietta', 'Teatro Romano']",Duomo,"['AMO', 'Museo Miniscalchi', 'Santa Anastasia', 'Palazzo della Ragione', 'Museo Conte']",Santa Anastasia,strategy_nearest,True,0.003955841064453125,success
0472103A9C4C80,3,"['Castelvecchio', 'Arena']",Torre Lamberti,"['Sighseeing', 'Centro Fotografia', 'Museo Conte', 'Casa Giulietta', 'Palazzo della Ragione']",Santa Anastasia,strategy_nearest,False,0.0019960403442382812,success
047203429C4C84,1,"['Casa Giulietta', 'Palazzo della Ragione', 'Santa Anastasia']",Arena,"['Verona Tour', 'Museo Lapidario', 'Museo Radio', 'San Fermo', 'Sighseeing']",San Zeno,strategy_nearest,False,0.0026831626892089844,success
0472133A9C4C80,0,['Arena'],Castelvecchio,"['Museo Lapidario', 'Verona Tour', 'Museo Radio', 'San Zeno', 'Sighseeing']",Casa Giulietta,strategy_nearest,False,0.002012968063354492,success
0472123A9C4C80,0,['Arena'],Casa Giulietta,"['Centro Fotografia', 'Sighseeing', 'Torre Lamberti', 'Museo Conte', 'Museo Radio']",Duomo,strategy_nearest,False,0.0013790130615234375,success
047215429C4C80,1,"['Tomba Giulietta', 'Casa Giulietta', 'Santa Anastasia', 'Duomo', 'San Fermo', 'Teatro Romano']",Torre Lamberti,"['Sighseeing', 'Centro Fotografia', 'Museo Conte', 'Palazzo della Ragione', 'AMO']",Arena,strategy_nearest,False,0.0026960372924804688,success
0472153A9C4C84,1,['Arena'],Torre Lamberti,"['Sighseeing', 'Centro Fotografia', 'Museo Conte', 'Casa Giulietta', 'Palazzo della Ragione']",Palazzo della Ragione,strategy_nearest,True,0.003618001937866211,success
047216429C4C84,0,"['Museo Lapidario', 'Arena']",Torre Lamberti,"['Sighseeing', 'Centro Fotografia', 'Museo Conte', 'Casa Giulietta', 'Palazzo della Ragione']",Casa Giulietta,strategy_nearest,True,0.0025382041931152344,success
0472173A9C4C80,3,"['Museo Lapidario', 'Arena']",Tomba Giulietta,"['San Fermo', 'Museo Storia', 'Museo Radio', 'Verona Tour', 'Casa Giulietta']",San Fermo,strategy_nearest,True,0.002557992935180664,success
04721E3A9C4C80,2,"['Castelvecchio', 'Torre Lamberti', 'Palazzo della Ragione']",Casa Giulietta,"['Centro Fotografia', 'Sighseeing', 'Museo Conte', 'Museo Radio', 'San Fermo']",Santa Anastasia,strategy_nearest,False,0.0032939910888671875,success
04721E429C4C84,1,"['Arena', 'Casa Giulietta', 'Palazzo della Ragione']",Torre Lamberti,"['Sighseeing', 'Centro Fotografia', 'Museo Conte', 'AMO', 'Museo Miniscalchi']",Santa Anastasia,strategy_nearest,False,0.0031023025512695312,success
0472223A9C4C84,1,"['Tomba Giulietta', 'Arena']",Palazzo della Ragione,"['AMO', 'Museo Conte', 'Torre Lamberti', 'Centro Fotografia', 'Sighseeing']",Torre Lamberti,strategy_nearest,True,0.0029392242431640625,success
04722B3A9C4C80,0,['Arena'],Casa Giulietta,"['Centro Fotografia', 'Sighseeing', 'Torre Lamberti', 'Museo Conte', 'Museo Radio']",Castelvecchio,strategy_nearest,False,0.0025091171264648438,success
04722B429C4C80,2,"['Casa Giulietta', 'Duomo']",Torre Lamberti,"['Sighseeing', 'Centro Fotografia', 'Museo Conte', 'Palazzo della Ragione', 'AMO']",Teatro Romano,strategy_nearest,False,0.003593921661376953,success
047232429C4C80,3,"['Arena', 'Casa Giulietta']",Santa Anastasia,"['AMO', 'Museo Conte', 'Palazzo della Ragione', 'Teatro Romano', 'Centro Fotografia']",Castelvecchio,strategy_nearest,False,0.0025708675384521484,success
0472383A9C4C80,0,['Torre Lamberti'],Torre Lamberti,"['Sighseeing', 'Centro Fotografia', 'Museo Conte', 'Casa Giulietta', 'Palazzo della Ragione']",Casa Giulietta,strategy_nearest,True,0.0023720264434814453,success
047243429C4C80,0,"['Arena', 'Museo Lapidario']",Castelvecchio,"['Verona Tour', 'Museo Radio', 'San Zeno', 'Sighseeing', 'Museo Miniscalchi']",Duomo,strategy_nearest,False,0.0032138824462890625,success
0472413A9C4C80,3,"['Arena', 'Santa Anastasia', 'Teatro Romano']",Giardino Giusti,"['Museo Conte', 'Centro Fotografia', 'Museo Storia', 'AMO', 'Casa Giulietta']",San Zeno,strategy_nearest,False,0.0035257339477539062,success
0472623A9C4C80,3,"['Arena', 'Casa Giulietta', 'Santa Anastasia']",Tomba Giulietta,"['San Fermo', 'Museo Storia', 'Museo Lapidario', 'Museo Radio', 'Verona Tour']",Castelvecchio,strategy_nearest,False,0.0026290416717529297,success
047268429C4C80,0,['Arena'],Casa Giulietta,"['Centro Fotografia', 'Sighseeing', 'Torre Lamberti', 'Museo Conte', 'Museo Radio']",Teatro Romano,strategy_nearest,False,0.0031609535217285156,success
047275429C4C80,0,['Arena'],Casa Giulietta,"['Centro Fotografia', 'Sighseeing', 'Torre Lamberti', 'Museo Conte', 'Museo Radio']",Torre Lamberti,strategy_nearest,True,0.002396821975708008,success
047273429C4C80,0,['San Zeno'],Giardino Giusti,"['Santa Anastasia', 'Teatro Romano', 'Museo Conte', 'Centro Fotografia', 'Museo Storia']",Teatro Romano,strategy_nearest,True,0.0024518966674804688,success
04727A429C4C80,3,"['Casa Giulietta', 'San Fermo', 'Arena']",Castelvecchio,"['Museo Lapidario', 'Verona Tour', 'Museo Radio', 'San Zeno', 'Sighseeing']",Santa Anastasia,strategy_nearest,False,0.002635955810546875,success
0472864A9C4C80,0,['Arena'],Casa Giulietta,"['Centro Fotografia', 'Sighseeing', 'Torre Lamberti', 'Museo Conte', 'Museo Radio']",Torre Lamberti,strategy_nearest,True,0.0018949508666992188,success
047282429C4C80,1,"['Arena', 'Casa Giulietta', 'Torre Lamberti', 'Palazzo della Ragione']",Santa Anastasia,"['AMO', 'Museo Conte', 'Teatro Romano', 'Centro Fotografia', 'Duomo']",Duomo,strategy_nearest,True,0.0025739669799804688,success
0472874A9C4C80,3,"['Casa Giulietta', 'Torre Lamberti', 'Arena', 'Castelvecchio']",Santa Anastasia,"['AMO', 'Museo Conte', 'Palazzo della Ragione', 'Teatro Romano', 'Centro Fotografia']",Duomo,strategy_nearest,False,0.0023729801177978516,success
0472894A9C4C80,0,['Arena'],Casa Giulietta,"['Centro Fotografia', 'Sighseeing', 'Torre Lamberti', 'Museo Conte', 'Museo Radio']",Castelvecchio,strategy_nearest,False,0.0025048255920410156,success
0472904A9C4C80,3,"['Arena', 'Casa Giulietta']",Tomba Giulietta,"['San Fermo', 'Museo Storia', 'Museo Lapidario', 'Museo Radio', 'Verona Tour']",Torre Lamberti,strategy_nearest,False,0.002547740936279297,success
047292429C4C80,0,['Arena'],Teatro Romano,"['Santa Anastasia', 'Duomo', 'AMO', 'Palazzo della Ragione', 'Museo Conte']",Castelvecchio,strategy_nearest,False,0.003223896026611328,success
0472934A9C4C80,0,['Casa Giulietta'],Torre Lamberti,"['Sighseeing', 'Centro Fotografia', 'Museo Conte', 'Palazzo della Ragione', 'AMO']",Arena,strategy_nearest,False,0.003337860107421875,success
04729B4A9C4C80,1,"['Arena', 'Casa Giulietta']",Torre Lamberti,"['Sighseeing', 'Centro Fotografia', 'Museo Conte', 'Palazzo della Ragione', 'AMO']",Palazzo della Ragione,strategy_nearest,True,0.0031387805938720703,success
0472A2429C4C80,0,['Arena'],Duomo,"['AMO', 'Museo Miniscalchi', 'Santa Anastasia', 'Teatro Romano', 'Palazzo della Ragione']",Torre Lamberti,strategy_nearest,False,0.0032770633697509766,success
0472A64A9C4C80,1,"['Tomba Giulietta', 'Arena', 'Palazzo della Ragione']",Casa Giulietta,"['Centro Fotografia', 'Sighseeing', 'Torre Lamberti', 'Museo Conte', 'Museo Radio']",Santa Anastasia,strategy_nearest,False,0.0030260086059570312,success
0472A7429C4C80,1,"['Arena', 'Casa Giulietta']",Torre Lamberti,"['Sighseeing', 'Centro Fotografia', 'Museo Conte', 'Palazzo della Ragione', 'AMO']",Palazzo della Ragione,strategy_nearest,True,0.0027990341186523438,success
0472AB4A9C4C80,3,['Arena'],Torre Lamberti,"['Sighseeing', 'Centro Fotografia', 'Museo Conte', 'Casa Giulietta', 'Palazzo della Ragione']",Casa Giulietta,strategy_nearest,True,0.003239870071411133,success
0472B0429C4C80,3,['Arena'],Casa Giulietta,"['Centro Fotografia', 'Sighseeing', 'Torre Lamberti', 'Museo Conte', 'Museo Radio']",Santa Anastasia,strategy_nearest,False,0.0031309127807617188,success
0472B13A9C4C80,3,"['Arena', 'Casa Giulietta']",Torre Lamberti,"['Sighseeing', 'Centro Fotografia', 'Museo Conte', 'Palazzo della Ragione', 'AMO']",Duomo,strategy_nearest,False,0.0030541419982910156,success
0472B93A9C4C80,3,"['Castelvecchio', 'Arena', 'Torre Lamberti']",San Fermo,"['Museo Storia', 'Museo Radio', 'Casa Giulietta', 'Centro Fotografia', 'Sighseeing']",Tomba Giulietta,strategy_nearest,False,0.004015684127807617,success
0472BE429C4C80,0,['Arena'],Castelvecchio,"['Museo Lapidario', 'Verona Tour', 'Museo Radio', 'San Zeno', 'Sighseeing']",San Zeno,strategy_nearest,True,0.001992940902709961,success
0472C13A9C4C80,0,['Arena'],Duomo,"['AMO', 'Museo Miniscalchi', 'Santa Anastasia', 'Teatro Romano', 'Palazzo della Ragione']",Casa Giulietta,strategy_nearest,False,0.0033321380615234375,success
0472C33A9C4C80,1,"['Casa Giulietta', 'Torre Lamberti']",Castelvecchio,"['Museo Lapidario', 'Verona Tour', 'Arena', 'Museo Radio', 'San Zeno']",Tomba Giulietta,strategy_nearest,False,0.003796100616455078,success
0472C3429C4C80,0,['Arena'],Torre Lamberti,"['Sighseeing', 'Centro Fotografia', 'Museo Conte', 'Casa Giulietta', 'Palazzo della Ragione']",Casa Giulietta,strategy_nearest,True,0.0017189979553222656,success
0472C73A9C4C80,3,['Arena'],Casa Giulietta,"['Centro Fotografia', 'Sighseeing', 'Torre Lamberti', 'Museo Conte', 'Museo Radio']",Torre Lamberti,strategy_nearest,True,0.0023682117462158203,success
0472D1429C4C80,1,"['Casa Giulietta', 'Santa Anastasia', 'Teatro Romano']",Duomo,"['AMO', 'Museo Miniscalchi', 'Palazzo della Ragione', 'Museo Conte', 'Torre Lamberti']",Arena,strategy_nearest,False,0.003862142562866211,success
0472DF429C4C80,3,"['Teatro Romano', 'Torre Lamberti', 'Santa Anastasia']",San Fermo,"['Museo Storia', 'Museo Radio', 'Casa Giulietta', 'Centro Fotografia', 'Arena']",Arena,strategy_nearest,True,0.0020198822021484375,success
0472E33A9C4C80,0,['Arena'],Teatro Romano,"['Santa Anastasia', 'Duomo', 'AMO', 'Palazzo della Ragione', 'Museo Conte']",Castelvecchio,strategy_nearest,False,0.003159046173095703,success
0472E83A9C4C80,0,"['Arena', 'Casa Giulietta']",Torre Lamberti,"['Sighseeing', 'Centro Fotografia', 'Museo Conte', 'Palazzo della Ragione', 'AMO']",Castelvecchio,strategy_nearest,False,0.003970146179199219,success
0472EB429C4C80,3,"['San Fermo', 'Arena', 'Castelvecchio', 'San Zeno']",Santa Anastasia,"['AMO', 'Museo Conte', 'Palazzo della Ragione', 'Teatro Romano', 'Centro Fotografia']",Teatro Romano,strategy_nearest,True,0.0031375885009765625,success
0472F3429C4C80,1,"['Torre Lamberti', 'Palazzo della Ragione', 'Arena']",Castelvecchio,"['Museo Lapidario', 'Verona Tour', 'Museo Radio', 'San Zeno', 'Sighseeing']",Duomo,strategy_nearest,False,0.0018973350524902344,success
047309429C4C84,3,"['Arena', 'Museo Lapidario']",Torre Lamberti,"['Sighseeing', 'Centro Fotografia', 'Museo Conte', 'Casa Giulietta', 'Palazzo della Ragione']",Santa Anastasia,strategy_nearest,False,0.0031850337982177734,success
04731F3A9C4C80,1,"['Castelvecchio', 'San Zeno']",Torre Lamberti,"['Sighseeing', 'Centro Fotografia', 'Museo Conte', 'Casa Giulietta', 'Palazzo della Ragione']",Tomba Giulietta,strategy_nearest,False,0.0027129650115966797,success
0473123A9C4C80,1,"['Torre Lamberti', 'Palazzo della Ragione']",Arena,"['Verona Tour', 'Museo Lapidario', 'Museo Radio', 'San Fermo', 'Casa Giulietta']",Museo Lapidario,strategy_nearest,True,0.0018999576568603516,success
047321429C4C80,4,"['Arena', 'Castelvecchio']",Museo Radio,"['Casa Giulietta', 'San Fermo', 'Sighseeing', 'Torre Lamberti', 'Centro Fotografia']",Museo Storia,strategy_nearest,False,0.003236055374145508,success
0473264A9C4C80,2,['Castelvecchio'],San Zeno,"['Verona Tour', 'Museo Lapidario', 'Arena', 'Museo Miniscalchi', 'Sighseeing']",Teatro Romano,strategy_nearest,False,0.0027649402618408203,success
0473294A9C4C80,1,"['Arena', 'Torre Lamberti', 'Palazzo della Ragione']",Castelvecchio,"['Museo Lapidario', 'Verona Tour', 'Museo Radio', 'San Zeno', 'Sighseeing']",Tomba Giulietta,strategy_nearest,False,0.003001689910888672,success
0473284A9C4C80,1,"['Arena', 'San Fermo', 'Casa Giulietta', 'Torre Lamberti']",Palazzo della Ragione,"['AMO', 'Museo Conte', 'Centro Fotografia', 'Sighseeing', 'Santa Anastasia']",Castelvecchio,strategy_nearest,False,0.002627134323120117,success
047327429C4C84,1,"['Arena', 'Casa Giulietta', 'Torre Lamberti']",Palazzo della Ragione,"['AMO', 'Museo Conte', 'Centro Fotografia', 'Sighseeing', 'Santa Anastasia']",Duomo,strategy_nearest,False,0.0033249855041503906,success
04732D4A9C4C80,2,"['Casa Giulietta', 'Santa Anastasia']",Duomo,"['AMO', 'Museo Miniscalchi', 'Teatro Romano', 'Palazzo della Ragione', 'Museo Conte']",Teatro Romano,strategy_nearest,True,0.0020568370819091797,success
04732A429C4C84,1,['Arena'],San Fermo,"['Museo Storia', 'Museo Radio', 'Casa Giulietta', 'Centro Fotografia', 'Sighseeing']",Torre Lamberti,strategy_nearest,False,0.00261688232421875,success
04732D3A9C4C80,0,['Arena'],Castelvecchio,"['Museo Lapidario', 'Verona Tour', 'Museo Radio', 'San Zeno', 'Sighseeing']",San Zeno,strategy_nearest,True,0.0027921199798583984,success
047336429C4C80,1,"['Arena', 'Palazzo della Ragione']",Torre Lamberti,"['Sighseeing', 'Centro Fotografia', 'Museo Conte', 'Casa Giulietta', 'AMO']",Casa Giulietta,strategy_nearest,True,0.003370046615600586,success
04733F3A9C4C80,3,"['Santa Anastasia', 'Torre Lamberti']",Casa Giulietta,"['Centro Fotografia', 'Sighseeing', 'Museo Conte', 'Museo Radio', 'Palazzo della Ragione']",Arena,strategy_nearest,False,0.0025780200958251953,success
0473513A9C4C80,2,"['Tomba Giulietta', 'Teatro Romano']",Duomo,"['AMO', 'Museo Miniscalchi', 'Santa Anastasia', 'Palazzo della Ragione', 'Museo Conte']",Santa Anastasia,strategy_nearest,True,0.003274202346801758,success
0473543A9C4C80,2,"['Santa Anastasia', 'Duomo']",Teatro Romano,"['AMO', 'Palazzo della Ragione', 'Museo Conte', 'Centro Fotografia', 'Museo Miniscalchi']",Torre Lamberti,strategy_nearest,False,0.0031201839447021484,success
047356429C4C80,1,"['Arena', 'San Fermo']",Santa Anastasia,"['AMO', 'Museo Conte', 'Palazzo della Ragione', 'Teatro Romano', 'Centro Fotografia']",Teatro Romano,strategy_nearest,True,0.002454042434692383,success
047376429C4C80,0,['Arena'],Casa Giulietta,"['Centro Fotografia', 'Sighseeing', 'Torre Lamberti', 'Museo Conte', 'Museo Radio']",Teatro Romano,strategy_nearest,False,0.0019388198852539062,success
047357429C4C80,0,['Arena'],Casa Giulietta,"['Centro Fotografia', 'Sighseeing', 'Torre Lamberti', 'Museo Conte', 'Museo Radio']",Duomo,strategy_nearest,False,0.0026187896728515625,success
047379429C4C80,0,"['Casa Giulietta', 'Duomo']",Teatro Romano,"['Santa Anastasia', 'AMO', 'Palazzo della Ragione', 'Museo Conte', 'Centro Fotografia']",Arena,strategy_nearest,False,0.0025060176849365234,success
04737A429C4C80,1,"['Arena', 'Casa Giulietta', 'Torre Lamberti']",Palazzo della Ragione,"['AMO', 'Museo Conte', 'Centro Fotografia', 'Sighseeing', 'Santa Anastasia']",Santa Anastasia,strategy_nearest,True,0.003325223922729492,success
047380429C4C80,2,['San Fermo'],Casa Giulietta,"['Centro Fotografia', 'Sighseeing', 'Torre Lamberti', 'Museo Conte', 'Museo Radio']",Santa Anastasia,strategy_nearest,False,0.002933979034423828,success
0473854A9C4C80,1,"['Arena', 'Casa Giulietta']",Torre Lamberti,"['Sighseeing', 'Centro Fotografia', 'Museo Conte', 'Palazzo della Ragione', 'AMO']",Palazzo della Ragione,strategy_nearest,True,0.0018768310546875,success
0473974A9C4C80,3,"['Arena', 'Casa Giulietta']",Duomo,"['AMO', 'Museo Miniscalchi', 'Santa Anastasia', 'Teatro Romano', 'Palazzo della Ragione']",Teatro Romano,strategy_nearest,True,0.0028228759765625,success
0473894A9C4C80,0,['Torre Lamberti'],Arena,"['Verona Tour', 'Museo Lapidario', 'Museo Radio', 'San Fermo', 'Casa Giulietta']",Castelvecchio,strategy_nearest,False,0.0034749507904052734,success
0473AD3A9C4C80,0,['Casa Giulietta'],Torre Lamberti,"['Sighseeing', 'Centro Fotografia', 'Museo Conte', 'Palazzo della Ragione', 'AMO']",Arena,strategy_nearest,False,0.002359151840209961,success
0473B0429C4C80,0,['Arena'],Casa Giulietta,"['Centro Fotografia', 'Sighseeing', 'Torre Lamberti', 'Museo Conte', 'Museo Radio']",Torre Lamberti,strategy_nearest,True,0.0038449764251708984,success
0473B33A9C4C80,2,['Palazzo della Ragione'],Torre Lamberti,"['Sighseeing', 'Centro Fotografia', 'Museo Conte', 'Casa Giulietta', 'AMO']",Duomo,strategy_nearest,False,0.001878976821899414,success
0473B43A9C4C80,3,"['Arena', 'Casa Giulietta']",Duomo,"['AMO', 'Museo Miniscalchi', 'Santa Anastasia', 'Teatro Romano', 'Palazzo della Ragione']",Teatro Romano,strategy_nearest,True,0.0028252601623535156,success
0473C63A9C4C80,1,"['Arena', 'Castelvecchio', 'Palazzo della Ragione']",Torre Lamberti,"['Sighseeing', 'Centro Fotografia', 'Museo Conte', 'Casa Giulietta', 'AMO']",Casa Giulietta,strategy_nearest,True,0.0026781558990478516,success
0473C73A9C4C80,1,['Arena'],Palazzo della Ragione,"['AMO', 'Museo Conte', 'Torre Lamberti', 'Centro Fotografia', 'Sighseeing']",Torre Lamberti,strategy_nearest,True,0.003526926040649414,success
0473BA3A9C4C80,3,"['Arena', 'Teatro Romano']",Duomo,"['AMO', 'Museo Miniscalchi', 'Santa Anastasia', 'Palazzo della Ragione', 'Museo Conte']",Casa Giulietta,strategy_nearest,False,0.002897977828979492,success
0473C83A9C4C80,3,"['Casa Giulietta', 'Arena', 'Torre Lamberti']",Castelvecchio,"['Museo Lapidario', 'Verona Tour', 'Museo Radio', 'San Zeno', 'Sighseeing']",Tomba Giulietta,strategy_nearest,False,0.0019299983978271484,success
0473C93A9C4C80,0,['Arena'],Casa Giulietta,"['Centro Fotografia', 'Sighseeing', 'Torre Lamberti', 'Museo Conte', 'Museo Radio']",Torre Lamberti,strategy_nearest,True,0.0025169849395751953,success
0473CF3A9C4C80,6,['Teatro Romano'],Arena,"['Verona Tour', 'Museo Lapidario', 'Museo Radio', 'San Fermo', 'Casa Giulietta']",Verona Tour,strategy_nearest,True,0.0023322105407714844,success
0473CC3A9C4C80,1,['Torre Lamberti'],Casa Giulietta,"['Centro Fotografia', 'Sighseeing', 'Museo Conte', 'Museo Radio', 'Palazzo della Ragione']",Palazzo della Ragione,strategy_nearest,True,0.0031948089599609375,success
0473D43A9C4C80,1,"['Santa Anastasia', 'Torre Lamberti']",Palazzo della Ragione,"['AMO', 'Museo Conte', 'Centro Fotografia', 'Sighseeing', 'Museo Miniscalchi']",Casa Giulietta,strategy_nearest,False,0.0025899410247802734,success
047400429C4C84,1,"['Arena', 'Casa Giulietta', 'Torre Lamberti', 'Torre Lamberti']",Palazzo della Ragione,"['AMO', 'Museo Conte', 'Centro Fotografia', 'Sighseeing', 'Santa Anastasia']",Santa Anastasia,strategy_nearest,True,0.0033369064331054688,success
0473D23A9C4C80,1,"['Palazzo della Ragione', 'Torre Lamberti', 'San Zeno', 'Castelvecchio']",Santa Anastasia,"['AMO', 'Museo Conte', 'Teatro Romano', 'Centro Fotografia', 'Duomo']",Teatro Romano,strategy_nearest,True,0.0026700496673583984,success
047407429C4C84,3,"['Arena', 'Torre Lamberti', 'Santa Anastasia']",San Fermo,"['Museo Storia', 'Museo Radio', 'Casa Giulietta', 'Centro Fotografia', 'Sighseeing']",Casa Giulietta,strategy_nearest,True,0.003203868865966797,success
04740D429C4C80,3,"['Arena', 'Casa Giulietta']",Santa Anastasia,"['AMO', 'Museo Conte', 'Palazzo della Ragione', 'Teatro Romano', 'Centro Fotografia']",Teatro Romano,strategy_nearest,True,0.0017349720001220703,success
04740D3A9C4C84,1,"['San Zeno', 'Castelvecchio', 'Arena']",San Fermo,"['Museo Storia', 'Museo Radio', 'Casa Giulietta', 'Centro Fotografia', 'Sighseeing']",Teatro Romano,strategy_nearest,False,0.0032591819763183594,success
04741B3A9C4C80,0,['Castelvecchio'],Arena,"['Verona Tour', 'Museo Lapidario', 'Museo Radio', 'San Fermo', 'Casa Giulietta']",Casa Giulietta,strategy_nearest,True,0.003125905990600586,success
0474183A9C4C80,0,['Torre Lamberti'],Arena,"['Verona Tour', 'Museo Lapidario', 'Museo Radio', 'San Fermo', 'Casa Giulietta']",Giardino Giusti,strategy_nearest,False,0.0034639835357666016,success
04741D429C4C80,1,"['Palazzo della Ragione', 'Torre Lamberti', 'Casa Giulietta']",Teatro Romano,"['Santa Anastasia', 'Duomo', 'AMO', 'Museo Conte', 'Centro Fotografia']",Duomo,strategy_nearest,True,0.0029001235961914062,success
0474293A9C4C80,1,['Arena'],Casa Giulietta,"['Centro Fotografia', 'Sighseeing', 'Torre Lamberti', 'Museo Conte', 'Museo Radio']",Torre Lamberti,strategy_nearest,True,0.002499103546142578,success
0474224A9C4C80,2,['Duomo'],Santa Anastasia,"['AMO', 'Museo Conte', 'Palazzo della Ragione', 'Teatro Romano', 'Centro Fotografia']",Teatro Romano,strategy_nearest,True,0.0028791427612304688,success
04742C4A9C4C80,0,['Arena'],Torre Lamberti,"['Sighseeing', 'Centro Fotografia', 'Museo Conte', 'Casa Giulietta', 'Palazzo della Ragione']",Duomo,strategy_nearest,False,0.003172159194946289,success
04742F4A9C4C80,1,"['San Zeno', 'Castelvecchio', 'Palazzo della Ragione']",Santa Anastasia,"['AMO', 'Museo Conte', 'Teatro Romano', 'Centro Fotografia', 'Duomo']",Arena,strategy_nearest,False,0.0023610591888427734,success
047436429C4C80,3,"['Arena', 'Torre Lamberti', 'Castelvecchio']",Santa Anastasia,"['AMO', 'Museo Conte', 'Palazzo della Ragione', 'Teatro Romano', 'Centro Fotografia']",Duomo,strategy_nearest,False,0.0017328262329101562,success
0474394A9C4C80,2,['Teatro Romano'],Palazzo della Ragione,"['AMO', 'Museo Conte', 'Torre Lamberti', 'Centro Fotografia', 'Sighseeing']",Torre Lamberti,strategy_nearest,True,0.0035507678985595703,success
047444429C4C80,0,"['Arena', 'Casa Giulietta']",Castelvecchio,"['Museo Lapidario', 'Verona Tour', 'Museo Radio', 'San Zeno', 'Sighseeing']",San Zeno,strategy_nearest,True,0.002668619155883789,success
0474533A9C4C80,3,['Arena'],Torre Lamberti,"['Sighseeing', 'Centro Fotografia', 'Museo Conte', 'Casa Giulietta', 'Palazzo della Ragione']",Santa Anastasia,strategy_nearest,False,0.0026748180389404297,success
047447429C4C80,3,"['Arena', 'Casa Giulietta', 'Teatro Romano']",Duomo,"['AMO', 'Museo Miniscalchi', 'Santa Anastasia', 'Palazzo della Ragione', 'Museo Conte']",Santa Anastasia,strategy_nearest,True,0.003385782241821289,success
04746B3A9C4C80,0,"['Arena', 'Torre Lamberti']",Casa Giulietta,"['Centro Fotografia', 'Sighseeing', 'Museo Conte', 'Museo Radio', 'Palazzo della Ragione']",Teatro Romano,strategy_nearest,False,0.002285003662109375,success
04746E429C4C80,1,['Palazzo della Ragione'],Castelvecchio,"['Museo Lapidario', 'Verona Tour', 'Arena', 'Museo Radio', 'San Zeno']",Casa Giulietta,strategy_nearest,False,0.002722024917602539,success
047474429C4C80,0,['Arena'],Casa Giulietta,"['Centro Fotografia', 'Sighseeing', 'Torre Lamberti', 'Museo Conte', 'Museo Radio']",Torre Lamberti,strategy_nearest,True,0.0027294158935546875,success
047471429C4C80,0,['Tomba Giulietta'],Arena,"['Verona Tour', 'Museo Lapidario', 'Museo Radio', 'San Fermo', 'Casa Giulietta']",Casa Giulietta,strategy_nearest,True,0.003448963165283203,success
0474763A9C4C80,1,"['Museo Lapidario', 'Arena', 'Santa Anastasia']",Duomo,"['AMO', 'Museo Miniscalchi', 'Teatro Romano', 'Palazzo della Ragione', 'Museo Conte']",Casa Giulietta,strategy_nearest,False,0.0029230117797851562,success
0474793A9C4C80,2,"['Teatro Romano', 'San Fermo']",Castelvecchio,"['Museo Lapidario', 'Verona Tour', 'Arena', 'Museo Radio', 'San Zeno']",Giardino Giusti,strategy_nearest,False,0.0017681121826171875,success
0474783A9C4C80,3,"['Castelvecchio', 'Santa Anastasia']",Duomo,"['AMO', 'Museo Miniscalchi', 'Teatro Romano', 'Palazzo della Ragione', 'Museo Conte']",Teatro Romano,strategy_nearest,True,0.003929853439331055,success
0474864A9C4C80,2,"['Casa Giulietta', 'Giardino Giusti']",Teatro Romano,"['Santa Anastasia', 'Duomo', 'AMO', 'Palazzo della Ragione', 'Museo Conte']",Torre Lamberti,strategy_nearest,False,0.0024890899658203125,success
0474994A9C4C80,1,"['Arena', 'Teatro Romano']",Duomo,"['AMO', 'Museo Miniscalchi', 'Santa Anastasia', 'Palazzo della Ragione', 'Museo Conte']",Torre Lamberti,strategy_nearest,False,0.003130197525024414,success
0474A93A9C4C80,2,['Santa Anastasia'],Torre Lamberti,"['Sighseeing', 'Centro Fotografia', 'Museo Conte', 'Casa Giulietta', 'Palazzo della Ragione']",Casa Giulietta,strategy_nearest,True,0.0029621124267578125,success
04749F429C4C80,3,"['Teatro Romano', 'Duomo', 'Santa Anastasia']",Torre Lamberti,"['Sighseeing', 'Centro Fotografia', 'Museo Conte', 'Casa Giulietta', 'Palazzo della Ragione']",Arena,strategy_nearest,False,0.003342866897583008,success
0474AD429C4C80,2,"['San Zeno', 'Santa Anastasia']",Duomo,"['AMO', 'Museo Miniscalchi', 'Teatro Romano', 'Palazzo della Ragione', 'Museo Conte']",Torre Lamberti,strategy_nearest,False,0.002058267593383789,success
0474AB3A9C4C80,3,"['Arena', 'Castelvecchio']",Santa Anastasia,"['AMO', 'Museo Conte', 'Palazzo della Ragione', 'Teatro Romano', 'Centro Fotografia']",Duomo,strategy_nearest,False,0.003957033157348633,success
0474AD3A9C4C80,0,['Arena'],Casa Giulietta,"['Centro Fotografia', 'Sighseeing', 'Torre Lamberti', 'Museo Conte', 'Museo Radio']",Castelvecchio,strategy_nearest,False,0.002154111862182617,success
0474B1429C4C80,3,"['Arena', 'Santa Anastasia']",Duomo,"['AMO', 'Museo Miniscalchi', 'Teatro Romano', 'Palazzo della Ragione', 'Museo Conte']",San Zeno,strategy_nearest,False,0.0031790733337402344,success
0474B23A9C4C80,0,['Arena'],Casa Giulietta,"['Centro Fotografia', 'Sighseeing', 'Torre Lamberti', 'Museo Conte', 'Museo Radio']",Torre Lamberti,strategy_nearest,True,0.002006053924560547,success
0474B2429C4C80,0,['Arena'],Castelvecchio,"['Museo Lapidario', 'Verona Tour', 'Museo Radio', 'San Zeno', 'Sighseeing']",Torre Lamberti,strategy_nearest,False,0.0013840198516845703,success
0474C03A9C4C80,1,['Arena'],Duomo,"['AMO', 'Museo Miniscalchi', 'Santa Anastasia', 'Teatro Romano', 'Palazzo della Ragione']",Torre Lamberti,strategy_nearest,False,0.0025391578674316406,success
0474C1429C4C80,3,"['Arena', 'Duomo', 'Teatro Romano']",Santa Anastasia,"['AMO', 'Museo Conte', 'Palazzo della Ragione', 'Centro Fotografia', 'Torre Lamberti']",Torre Lamberti,strategy_nearest,True,0.003323078155517578,success
0474C33A9C4C80,0,['Arena'],Casa Giulietta,"['Centro Fotografia', 'Sighseeing', 'Torre Lamberti', 'Museo Conte', 'Museo Radio']",Castelvecchio,strategy_nearest,False,0.0018928050994873047,success
0474C2429C4C80,2,['Tomba Giulietta'],Casa Giulietta,"['Centro Fotografia', 'Sighseeing', 'Torre Lamberti', 'Museo Conte', 'Museo Radio']",Torre Lamberti,strategy_nearest,True,0.0026640892028808594,success
0474C43A9C4C80,3,"['Arena', 'Museo Lapidario', 'Casa Giulietta']",Torre Lamberti,"['Sighseeing', 'Centro Fotografia', 'Museo Conte', 'Palazzo della Ragione', 'AMO']",Santa Anastasia,strategy_nearest,False,0.0026230812072753906,success
0474C73A9C4C80,0,['Arena'],Casa Giulietta,"['Centro Fotografia', 'Sighseeing', 'Torre Lamberti', 'Museo Conte', 'Museo Radio']",Tomba Giulietta,strategy_nearest,False,0.003477811813354492,success
0474CB3A9C4C80,3,"['Arena', 'Torre Lamberti']",Santa Anastasia,"['AMO', 'Museo Conte', 'Palazzo della Ragione', 'Teatro Romano', 'Centro Fotografia']",Teatro Romano,strategy_nearest,True,0.0033528804779052734,success
0474CD3A9C4C80,2,['Castelvecchio'],Santa Anastasia,"['AMO', 'Museo Conte', 'Palazzo della Ragione', 'Teatro Romano', 'Centro Fotografia']",Duomo,strategy_nearest,False,0.0025818347930908203,success
0474D1429C4C80,3,"['Teatro Romano', 'Casa Giulietta', 'Torre Lamberti']",Arena,"['Verona Tour', 'Museo Lapidario', 'Museo Radio', 'San Fermo', 'Sighseeing']",Tomba Giulietta,strategy_nearest,False,0.003409147262573242,success
0474D53A9C4C80,0,['Arena'],Torre Lamberti,"['Sighseeing', 'Centro Fotografia', 'Museo Conte', 'Casa Giulietta', 'Palazzo della Ragione']",Teatro Romano,strategy_nearest,False,0.002794981002807617,success
0474D83A9C4C80,0,['Castelvecchio'],Arena,"['Verona Tour', 'Museo Lapidario', 'Museo Radio', 'San Fermo', 'Casa Giulietta']",Casa Giulietta,strategy_nearest,True,0.0026950836181640625,success
0474E53A9C4C80,1,"['Arena', 'Palazzo della Ragione']",Torre Lamberti,"['Sighseeing', 'Centro Fotografia', 'Museo Conte', 'Casa Giulietta', 'AMO']",Castelvecchio,strategy_nearest,False,0.0019769668579101562,success
0474E03A9C4C80,3,"['Arena', 'Casa Giulietta']",Santa Anastasia,"['AMO', 'Museo Conte', 'Palazzo della Ragione', 'Teatro Romano', 'Centro Fotografia']",Duomo,strategy_nearest,False,0.003226041793823242,success
0474E83A9C4C80,3,['Arena'],San Fermo,"['Museo Storia', 'Museo Radio', 'Casa Giulietta', 'Centro Fotografia', 'Sighseeing']",Casa Giulietta,strategy_nearest,True,0.003247976303100586,success
0474EE3A9C4C80,1,['Arena'],Castelvecchio,"['Museo Lapidario', 'Verona Tour', 'Museo Radio', 'San Zeno', 'Sighseeing']",Casa Giulietta,strategy_nearest,False,0.0032930374145507812,success
0475023A9C4C84,0,['Duomo'],Casa Giulietta,"['Centro Fotografia', 'Sighseeing', 'Torre Lamberti', 'Museo Conte', 'Museo Radio']",Arena,strategy_nearest,False,0.0025730133056640625,success
0474FF3A9C4C80,1,"['Arena', 'Museo Lapidario']",Castelvecchio,"['Verona Tour', 'Museo Radio', 'San Zeno', 'Sighseeing', 'Museo Miniscalchi']",Casa Giulietta,strategy_nearest,False,0.0034291744232177734,success
0475123A9C4C80,0,['Arena'],Santa Anastasia,"['AMO', 'Museo Conte', 'Palazzo della Ragione', 'Teatro Romano', 'Centro Fotografia']",Casa Giulietta,strategy_nearest,False,0.0030350685119628906,success
0475153A9C4C84,3,['Arena'],Santa Anastasia,"['AMO', 'Museo Conte', 'Palazzo della Ragione', 'Teatro Romano', 'Centro Fotografia']",Duomo,strategy_nearest,False,0.0031468868255615234,success
047517429C4C80,1,"['Castelvecchio', 'Arena', 'Torre Lamberti']",Palazzo della Ragione,"['AMO', 'Museo Conte', 'Centro Fotografia', 'Sighseeing', 'Santa Anastasia']",Casa Giulietta,strategy_nearest,False,0.0024156570434570312,success
0475193A9C4C80,3,"['Castelvecchio', 'Arena']",Giardino Giusti,"['Santa Anastasia', 'Teatro Romano', 'Museo Conte', 'Centro Fotografia', 'Museo Storia']",Casa Giulietta,strategy_nearest,False,0.0035119056701660156,success
04751C429C4C84,0,['Arena'],Casa Giulietta,"['Centro Fotografia', 'Sighseeing', 'Torre Lamberti', 'Museo Conte', 'Museo Radio']",Torre Lamberti,strategy_nearest,True,0.0025501251220703125,success
04751F429C4C84,3,"['Arena', 'Santa Anastasia']",Teatro Romano,"['Duomo', 'AMO', 'Palazzo della Ragione', 'Museo Conte', 'Centro Fotografia']",Casa Giulietta,strategy_nearest,False,0.0032050609588623047,success
0475234A9C4C80,1,"['Arena', 'Torre Lamberti', 'Palazzo della Ragione']",Duomo,"['AMO', 'Museo Miniscalchi', 'Santa Anastasia', 'Teatro Romano', 'Museo Conte']",San Fermo,strategy_nearest,False,0.0039598941802978516,success
0475293A9C4C80,3,"['Duomo', 'Giardino Giusti', 'Teatro Romano']",Torre Lamberti,"['Sighseeing', 'Centro Fotografia', 'Museo Conte', 'Casa Giulietta', 'Palazzo della Ragione']",Santa Anastasia,strategy_nearest,False,0.0018858909606933594,success
04752B3A9C4C80,3,"['Castelvecchio', 'Arena', 'Casa Giulietta']",Giardino Giusti,"['Santa Anastasia', 'Teatro Romano', 'Museo Conte', 'Centro Fotografia', 'Museo Storia']",Tomba Giulietta,strategy_nearest,False,0.003281116485595703,success
04752D429C4C80,1,['Arena'],Casa Giulietta,"['Centro Fotografia', 'Sighseeing', 'Torre Lamberti', 'Museo Conte', 'Museo Radio']",Torre Lamberti,strategy_nearest,True,0.0029859542846679688,success
04752E429C4C80,3,['Arena'],Torre Lamberti,"['Sighseeing', 'Centro Fotografia', 'Museo Conte', 'Casa Giulietta', 'Palazzo della Ragione']",Santa Anastasia,strategy_nearest,False,0.002699136734008789,success
04753A429C4C80,0,['Arena'],Torre Lamberti,"['Sighseeing', 'Centro Fotografia', 'Museo Conte', 'Casa Giulietta', 'Palazzo della Ragione']",Casa Giulietta,strategy_nearest,True,0.003297090530395508,success
047537429C4C80,0,['Arena'],Castelvecchio,"['Museo Lapidario', 'Verona Tour', 'Museo Radio', 'San Zeno', 'Sighseeing']",Teatro Romano,strategy_nearest,False,0.003268003463745117,success
047531429C4C80,2,['Giardino Giusti'],San Zeno,"['Castelvecchio', 'Verona Tour', 'Museo Lapidario', 'Arena', 'Museo Miniscalchi']",Castelvecchio,strategy_nearest,True,0.0035200119018554688,success
04753B3A9C4C80,3,['Santa Anastasia'],Arena,"['Verona Tour', 'Museo Lapidario', 'Museo Radio', 'San Fermo', 'Casa Giulietta']",Teatro Romano,strategy_nearest,False,0.002300739288330078,success
047548429C4C80,0,['Arena'],Casa Giulietta,"['Centro Fotografia', 'Sighseeing', 'Torre Lamberti', 'Museo Conte', 'Museo Radio']",Santa Anastasia,strategy_nearest,False,0.0020351409912109375,success
04753F3A9C4C80,0,['Arena'],Torre Lamberti,"['Sighseeing', 'Centro Fotografia', 'Museo Conte', 'Casa Giulietta', 'Palazzo della Ragione']",Casa Giulietta,strategy_nearest,True,0.0027132034301757812,success
04754F3A9C4C80,1,"['Arena', 'Castelvecchio', 'San Zeno']",Torre Lamberti,"['Sighseeing', 'Centro Fotografia', 'Museo Conte', 'Casa Giulietta', 'Palazzo della Ragione']",Palazzo della Ragione,strategy_nearest,True,0.0031020641326904297,success
047552429C4C80,0,['Tomba Giulietta'],Torre Lamberti,"['Sighseeing', 'Centro Fotografia', 'Museo Conte', 'Casa Giulietta', 'Palazzo della Ragione']",Arena,strategy_nearest,False,0.0019719600677490234,success
047557429C4C80,3,"['Castelvecchio', 'San Zeno']",Casa Giulietta,"['Centro Fotografia', 'Sighseeing', 'Torre Lamberti', 'Museo Conte', 'Museo Radio']",Santa Anastasia,strategy_nearest,False,0.002637147903442383,success
047551429C4C80,0,['Castelvecchio'],Arena,"['Verona Tour', 'Museo Lapidario', 'Museo Radio', 'San Fermo', 'Casa Giulietta']",San Zeno,strategy_nearest,False,0.004007816314697266,success
047558429C4C80,2,"['Torre Lamberti', 'Palazzo della Ragione']",Casa Giulietta,"['Centro Fotografia', 'Sighseeing', 'Museo Conte', 'Museo Radio', 'San Fermo']",Duomo,strategy_nearest,False,0.0033752918243408203,success
0475653A9C4C80,3,"['Teatro Romano', 'Duomo']",Santa Anastasia,"['AMO', 'Museo Conte', 'Palazzo della Ragione', 'Centro Fotografia', 'Torre Lamberti']",Arena,strategy_nearest,False,0.0024237632751464844,success
047572429C4C80,0,['Museo Lapidario'],Castelvecchio,"['Verona Tour', 'Arena', 'Museo Radio', 'San Zeno', 'Sighseeing']",Duomo,strategy_nearest,False,0.0025789737701416016,success
0475753A9C4C80,0,['Arena'],Casa Giulietta,"['Centro Fotografia', 'Sighseeing', 'Torre Lamberti', 'Museo Conte', 'Museo Radio']",Torre Lamberti,strategy_nearest,True,0.0023679733276367188,success
0475733A9C4C80,0,"['San Zeno', 'Castelvecchio', 'Arena']",Casa Giulietta,"['Centro Fotografia', 'Sighseeing', 'Torre Lamberti', 'Museo Conte', 'Museo Radio']",Tomba Giulietta,strategy_nearest,False,0.004192829132080078,success
04757A429C4C80,3,"['Arena', 'Torre Lamberti']",Casa Giulietta,"['Centro Fotografia', 'Sighseeing', 'Museo Conte', 'Museo Radio', 'Palazzo della Ragione']",Duomo,strategy_nearest,False,0.002328157424926758,success
047588429C4C80,3,"['San Zeno', 'Torre Lamberti']",Santa Anastasia,"['AMO', 'Museo Conte', 'Palazzo della Ragione', 'Teatro Romano', 'Centro Fotografia']",Teatro Romano,strategy_nearest,True,0.0029501914978027344,success
04758F3A9C4C80,0,['Torre Lamberti'],Casa Giulietta,"['Centro Fotografia', 'Sighseeing', 'Museo Conte', 'Museo Radio', 'Palazzo della Ragione']",Arena,strategy_nearest,False,0.0033152103424072266,success
0475934A9C4C80,1,"['Arena', 'San Fermo', 'Castelvecchio']",San Zeno,"['Verona Tour', 'Museo Lapidario', 'Museo Miniscalchi', 'Sighseeing', 'Museo Radio']",Giardino Giusti,strategy_nearest,False,0.0025017261505126953,success
0475974A9C4C80,0,"['Museo Lapidario', 'Arena']",Casa Giulietta,"['Centro Fotografia', 'Sighseeing', 'Torre Lamberti', 'Museo Conte', 'Museo Radio']",Torre Lamberti,strategy_nearest,True,0.0031709671020507812,success
047598429C4C80,3,"['Duomo', 'Santa Anastasia']",Arena,"['Verona Tour', 'Museo Lapidario', 'Museo Radio', 'San Fermo', 'Casa Giulietta']",Torre Lamberti,strategy_nearest,False,0.0027070045471191406,success
0475A44A9C4C80,0,['Arena'],Casa Giulietta,"['Centro Fotografia', 'Sighseeing', 'Torre Lamberti', 'Museo Conte', 'Museo Radio']",Santa Anastasia,strategy_nearest,False,0.002457141876220703,success
04759E429C4C80,3,"['Arena', 'Casa Giulietta', 'Tomba Giulietta']",Museo Storia,"['San Fermo', 'Museo Radio', 'Centro Fotografia', 'Torre Lamberti', 'Sighseeing']",San Fermo,strategy_nearest,True,0.003434896469116211,success
0475B4429C4C80,3,"['Arena', 'Casa Giulietta']",Torre Lamberti,"['Sighseeing', 'Centro Fotografia', 'Museo Conte', 'Palazzo della Ragione', 'AMO']",Santa Anastasia,strategy_nearest,False,0.0033583641052246094,success
0475B83A9C4C80,1,"['Arena', 'Castelvecchio']",Casa Giulietta,"['Centro Fotografia', 'Sighseeing', 'Torre Lamberti', 'Museo Conte', 'Museo Radio']",San Zeno,strategy_nearest,False,0.0033249855041503906,success
0475BB429C4C80,3,['Arena'],Duomo,"['AMO', 'Museo Miniscalchi', 'Santa Anastasia', 'Teatro Romano', 'Palazzo della Ragione']",Santa Anastasia,strategy_nearest,True,0.0030946731567382812,success
0475BF429C4C80,3,"['Arena', 'Museo Lapidario']",Castelvecchio,"['Verona Tour', 'Museo Radio', 'San Zeno', 'Sighseeing', 'Museo Miniscalchi']",Torre Lamberti,strategy_nearest,False,0.0031270980834960938,success
0475C7429C4C80,1,"['Arena', 'Palazzo della Ragione']",Casa Giulietta,"['Centro Fotografia', 'Sighseeing', 'Torre Lamberti', 'Museo Conte', 'Museo Radio']",Torre Lamberti,strategy_nearest,True,0.003306865692138672,success
0475D6429C4C80,3,"['San Fermo', 'Casa Giulietta', 'Torre Lamberti', 'Santa Anastasia']",Duomo,"['AMO', 'Museo Miniscalchi', 'Teatro Romano', 'Palazzo della Ragione', 'Museo Conte']",San Zeno,strategy_nearest,False,0.0025489330291748047,success
0475CB3A9C4C80,3,"['Arena', 'Casa Giulietta', 'Torre Lamberti']",Santa Anastasia,"['AMO', 'Museo Conte', 'Palazzo della Ragione', 'Teatro Romano', 'Centro Fotografia']",Duomo,strategy_nearest,False,0.002032041549682617,success
0475D43A9C4C80,3,"['Arena', 'Casa Giulietta']",Torre Lamberti,"['Sighseeing', 'Centro Fotografia', 'Museo Conte', 'Palazzo della Ragione', 'AMO']",Castelvecchio,strategy_nearest,False,0.0034570693969726562,success
0475DB429C4C80,3,"['Castelvecchio', 'Torre Lamberti', 'Casa Giulietta']",Arena,"['Verona Tour', 'Museo Lapidario', 'Museo Radio', 'San Fermo', 'Sighseeing']",Santa Anastasia,strategy_nearest,False,0.0017609596252441406,success
0475D7429C4C80,1,"['Arena', 'Casa Giulietta']",Torre Lamberti,"['Sighseeing', 'Centro Fotografia', 'Museo Conte', 'Palazzo della Ragione', 'AMO']",Palazzo della Ragione,strategy_nearest,True,0.0032949447631835938,success
0475DD429C4C80,2,"['Teatro Romano', 'Castelvecchio']",Santa Anastasia,"['AMO', 'Museo Conte', 'Palazzo della Ragione', 'Centro Fotografia', 'Duomo']",Palazzo della Ragione,strategy_nearest,True,0.0032529830932617188,success
0475DE3A9C4C80,3,"['Casa Giulietta', 'Arena']",Torre Lamberti,"['Sighseeing', 'Centro Fotografia', 'Museo Conte', 'Palazzo della Ragione', 'AMO']",Castelvecchio,strategy_nearest,False,0.003306150436401367,success
0475EC3A9C4C80,3,['Torre Lamberti'],Arena,"['Verona Tour', 'Museo Lapidario', 'Museo Radio', 'San Fermo', 'Casa Giulietta']",Casa Giulietta,strategy_nearest,True,0.001909017562866211,success
0475E83A9C4C80,0,['Arena'],Casa Giulietta,"['Centro Fotografia', 'Sighseeing', 'Torre Lamberti', 'Museo Conte', 'Museo Radio']",Torre Lamberti,strategy_nearest,True,0.003203868865966797,success
0475ED3A9C4C80,0,['Arena'],Casa Giulietta,"['Centro Fotografia', 'Sighseeing', 'Torre Lamberti', 'Museo Conte', 'Museo Radio']",Tomba Giulietta,strategy_nearest,False,0.0030820369720458984,success
0475FB429C4C80,0,"['Castelvecchio', 'Arena']",Casa Giulietta,"['Centro Fotografia', 'Sighseeing', 'Torre Lamberti', 'Museo Conte', 'Museo Radio']",Museo Storia,strategy_nearest,False,0.003467082977294922,success
0475FE429C4C80,1,"['Casa Giulietta', 'Torre Lamberti']",Palazzo della Ragione,"['AMO', 'Museo Conte', 'Centro Fotografia', 'Sighseeing', 'Santa Anastasia']",Arena,strategy_nearest,False,0.0019979476928710938,success
047608429C4C84,1,"['Teatro Romano', 'Casa Giulietta']",Tomba Giulietta,"['San Fermo', 'Museo Storia', 'Arena', 'Museo Lapidario', 'Museo Radio']",Arena,strategy_nearest,True,0.0027611255645751953,success
047612429C4C80,0,['San Zeno'],Arena,"['Verona Tour', 'Museo Lapidario', 'Museo Radio', 'San Fermo', 'Casa Giulietta']",San Fermo,strategy_nearest,True,0.003261089324951172,success
0476153A9C4C80,3,"['Arena', 'Museo Lapidario', 'Castelvecchio', 'Torre Lamberti']",Casa Giulietta,"['Centro Fotografia', 'Sighseeing', 'Museo Conte', 'Museo Radio', 'Palazzo della Ragione']",Santa Anastasia,strategy_nearest,False,0.0026781558990478516,success
0476183A9C4C84,0,['Arena'],Casa Giulietta,"['Centro Fotografia', 'Sighseeing', 'Torre Lamberti', 'Museo Conte', 'Museo Radio']",Duomo,strategy_nearest,False,0.0027251243591308594,success
04761D3A9C4C84,0,"['Teatro Romano', 'San Zeno']",Castelvecchio,"['Museo Lapidario', 'Verona Tour', 'Arena', 'Museo Radio', 'Sighseeing']",Arena,strategy_nearest,True,0.0025300979614257812,success
047618429C4C84,3,"['Torre Lamberti', 'Castelvecchio', 'San Zeno']",Arena,"['Verona Tour', 'Museo Lapidario', 'Museo Radio', 'San Fermo', 'Casa Giulietta']",Santa Anastasia,strategy_nearest,False,0.003306865692138672,success
0476203A9C4C84,2,"['Casa Giulietta', 'Palazzo della Ragione']",Torre Lamberti,"['Sighseeing', 'Centro Fotografia', 'Museo Conte', 'AMO', 'Museo Miniscalchi']",Castelvecchio,strategy_nearest,False,0.0032248497009277344,success
047620429C4C84,3,"['Arena', 'Casa Giulietta', 'Teatro Romano']",Giardino Giusti,"['Santa Anastasia', 'Museo Conte', 'Centro Fotografia', 'Museo Storia', 'AMO']",Duomo,strategy_nearest,False,0.00243377685546875,success
04761E3A9C4C80,2,"['Casa Giulietta', 'Duomo']",Teatro Romano,"['Santa Anastasia', 'AMO', 'Palazzo della Ragione', 'Museo Conte', 'Centro Fotografia']",Giardino Giusti,strategy_nearest,False,0.0036690235137939453,success
0476233A9C4C84,3,"['Santa Anastasia', 'Torre Lamberti']",Casa Giulietta,"['Centro Fotografia', 'Sighseeing', 'Museo Conte', 'Museo Radio', 'Palazzo della Ragione']",Teatro Romano,strategy_nearest,False,0.0031881332397460938,success
0476263A9C4C80,3,"['Arena', 'San Zeno', 'Torre Lamberti']",Santa Anastasia,"['AMO', 'Museo Conte', 'Palazzo della Ragione', 'Teatro Romano', 'Centro Fotografia']",Duomo,strategy_nearest,False,0.001878976821899414,success
0476293A9C4C80,2,"['Castelvecchio', 'Santa Anastasia', 'San Zeno']",Torre Lamberti,"['Sighseeing', 'Centro Fotografia', 'Museo Conte', 'Casa Giulietta', 'Palazzo della Ragione']",Palazzo della Ragione,strategy_nearest,True,0.003468036651611328,success
04762E3A9C4C80,1,"['Arena', 'Casa Giulietta', 'Santa Anastasia']",Duomo,"['AMO', 'Museo Miniscalchi', 'Teatro Romano', 'Palazzo della Ragione', 'Museo Conte']",Torre Lamberti,strategy_nearest,False,0.0025758743286132812,success
04762E429C4C80,0,['Arena'],Duomo,"['AMO', 'Museo Miniscalchi', 'Santa Anastasia', 'Teatro Romano', 'Palazzo della Ragione']",Teatro Romano,strategy_nearest,True,0.003002166748046875,success
0476354A9C4C80,2,['San Fermo'],Casa Giulietta,"['Centro Fotografia', 'Sighseeing', 'Torre Lamberti', 'Museo Conte', 'Museo Radio']",Teatro Romano,strategy_nearest,False,0.002736806869506836,success
0476393A9C4C80,2,"['Torre Lamberti', 'Palazzo della Ragione']",Casa Giulietta,"['Centro Fotografia', 'Sighseeing', 'Museo Conte', 'Museo Radio', 'San Fermo']",Teatro Romano,strategy_nearest,False,0.0032777786254882812,success
047638429C4C80,1,"['Arena', 'Casa Giulietta']",Torre Lamberti,"['Sighseeing', 'Centro Fotografia', 'Museo Conte', 'Palazzo della Ragione', 'AMO']",Palazzo della Ragione,strategy_nearest,True,0.002087116241455078,success
04762F4A9C4C80,3,"['Arena', 'Teatro Romano']",Casa Giulietta,"['Centro Fotografia', 'Sighseeing', 'Torre Lamberti', 'Museo Conte', 'Museo Radio']",Santa Anastasia,strategy_nearest,False,0.0027382373809814453,success
0476533A9C4C80,1,['Arena'],Castelvecchio,"['Museo Lapidario', 'Verona Tour', 'Museo Radio', 'San Zeno', 'Sighseeing']",Torre Lamberti,strategy_nearest,False,0.001615285873413086,success
04764C3A9C4C80,1,['San Zeno'],Arena,"['Verona Tour', 'Museo Lapidario', 'Museo Radio', 'San Fermo', 'Casa Giulietta']",Palazzo della Ragione,strategy_nearest,False,0.003512859344482422,success
047654429C4C80,3,"['Arena', 'Casa Giulietta']",Torre Lamberti,"['Sighseeing', 'Centro Fotografia', 'Museo Conte', 'Palazzo della Ragione', 'AMO']",Santa Anastasia,strategy_nearest,False,0.0021419525146484375,success
0476403A9C4C80,0,['Arena'],Castelvecchio,"['Museo Lapidario', 'Verona Tour', 'Museo Radio', 'San Zeno', 'Sighseeing']",Casa Giulietta,strategy_nearest,False,0.0029349327087402344,success
04765B429C4C80,0,"['Arena', 'Museo Lapidario']",Castelvecchio,"['Verona Tour', 'Museo Radio', 'San Zeno', 'Sighseeing', 'Museo Miniscalchi']",Teatro Romano,strategy_nearest,False,0.0018570423126220703,success
0476553A9C4C80,1,"['Casa Giulietta', 'Torre Lamberti', 'Palazzo della Ragione', 'Santa Anastasia']",Teatro Romano,"['Duomo', 'AMO', 'Museo Conte', 'Centro Fotografia', 'Museo Miniscalchi']",Duomo,strategy_nearest,True,0.00145721435546875,success
0476563A9C4C80,0,['Arena'],Torre Lamberti,"['Sighseeing', 'Centro Fotografia', 'Museo Conte', 'Casa Giulietta', 'Palazzo della Ragione']",Teatro Romano,strategy_nearest,False,0.0026438236236572266,success
04765A429C4C80,0,"['Arena', 'Casa Giulietta']",Torre Lamberti,"['Sighseeing', 'Centro Fotografia', 'Museo Conte', 'Palazzo della Ragione', 'AMO']",San Zeno,strategy_nearest,False,0.0035321712493896484,success
04765C429C4C80,0,['Casa Giulietta'],Torre Lamberti,"['Sighseeing', 'Centro Fotografia', 'Museo Conte', 'Palazzo della Ragione', 'AMO']",Arena,strategy_nearest,False,0.0024597644805908203,success
047664429C4C80,0,['Arena'],Casa Giulietta,"['Centro Fotografia', 'Sighseeing', 'Torre Lamberti', 'Museo Conte', 'Museo Radio']",Santa Anastasia,strategy_nearest,False,0.0033729076385498047,success
04766E429C4C80,0,['Arena'],Torre Lamberti,"['Sighseeing', 'Centro Fotografia', 'Museo Conte', 'Casa Giulietta', 'Palazzo della Ragione']",Castelvecchio,strategy_nearest,False,0.0032987594604492188,success
0476713A9C4C80,3,"['Museo Lapidario', 'Arena', 'San Fermo']",Casa Giulietta,"['Centro Fotografia', 'Sighseeing', 'Torre Lamberti', 'Museo Conte', 'Museo Radio']",Santa Anastasia,strategy_nearest,False,0.0029020309448242188,success
0476643A9C4C80,1,['Palazzo della Ragione'],Arena,"['Verona Tour', 'Museo Lapidario', 'Museo Radio', 'San Fermo', 'Casa Giulietta']",Castelvecchio,strategy_nearest,False,0.002838134765625,success
047671429C4C80,0,['Castelvecchio'],Arena,"['Verona Tour', 'Museo Lapidario', 'Museo Radio', 'San Fermo', 'Casa Giulietta']",Casa Giulietta,strategy_nearest,True,0.0025429725646972656,success
04767A429C4C80,2,"['Casa Giulietta', 'San Fermo']",San Zeno,"['Castelvecchio', 'Verona Tour', 'Museo Lapidario', 'Arena', 'Museo Miniscalchi']",Santa Anastasia,strategy_nearest,False,0.0025811195373535156,success
047676429C4C80,3,"['Castelvecchio', 'Arena', 'San Fermo']",Tomba Giulietta,"['Museo Storia', 'Museo Lapidario', 'Museo Radio', 'Verona Tour', 'Casa Giulietta']",Santa Anastasia,strategy_nearest,False,0.0021371841430664062,success
0476723A9C4C80,0,['Arena'],Casa Giulietta,"['Centro Fotografia', 'Sighseeing', 'Torre Lamberti', 'Museo Conte', 'Museo Radio']",Duomo,strategy_nearest,False,0.004124879837036133,success
04769C429C4C80,3,"['Arena', 'Casa Giulietta']",Torre Lamberti,"['Sighseeing', 'Centro Fotografia', 'Museo Conte', 'Palazzo della Ragione', 'AMO']",Santa Anastasia,strategy_nearest,False,0.002051830291748047,success
047694429C4C80,0,"['Arena', 'San Zeno']",Castelvecchio,"['Museo Lapidario', 'Verona Tour', 'Museo Radio', 'Sighseeing', 'Museo Miniscalchi']",Torre Lamberti,strategy_nearest,False,0.00393986701965332,success
0476A0429C4C80,0,['Arena'],Castelvecchio,"['Museo Lapidario', 'Verona Tour', 'Museo Radio', 'San Zeno', 'Sighseeing']",Torre Lamberti,strategy_nearest,False,0.0033500194549560547,success
0476A44A9C4C80,3,"['Arena', 'San Zeno', 'Casa Giulietta']",Torre Lamberti,"['Sighseeing', 'Centro Fotografia', 'Museo Conte', 'Palazzo della Ragione', 'AMO']",Santa Anastasia,strategy_nearest,False,0.0033788681030273438,success
0476A83A9C4C80,3,['Castelvecchio'],Arena,"['Verona Tour', 'Museo Lapidario', 'Museo Radio', 'San Fermo', 'Casa Giulietta']",Santa Anastasia,strategy_nearest,False,0.0023429393768310547,success
0476A93A9C4C80,3,"['Arena', 'Casa Giulietta']",Santa Anastasia,"['AMO', 'Museo Conte', 'Palazzo della Ragione', 'Teatro Romano', 'Centro Fotografia']",Santa Anastasia,strategy_nearest,False,0.002451181411743164,success
0476D5429C4C80,1,"['Castelvecchio', 'Arena']",Palazzo della Ragione,"['AMO', 'Museo Conte', 'Torre Lamberti', 'Centro Fotografia', 'Sighseeing']",Teatro Romano,strategy_nearest,False,0.0017459392547607422,success
0476C73A9C4C80,1,['Arena'],Palazzo della Ragione,"['AMO', 'Museo Conte', 'Torre Lamberti', 'Centro Fotografia', 'Sighseeing']",Torre Lamberti,strategy_nearest,True,0.0031270980834960938,success
0476B43A9C4C80,1,"['Castelvecchio', 'Arena', 'Torre Lamberti', 'Palazzo della Ragione']",Casa Giulietta,"['Centro Fotografia', 'Sighseeing', 'Museo Conte', 'Museo Radio', 'San Fermo']",Santa Anastasia,strategy_nearest,False,0.004058837890625,success
047708429C4C84,3,"['Arena', 'Casa Giulietta']",Castelvecchio,"['Museo Lapidario', 'Verona Tour', 'Museo Radio', 'San Zeno', 'Sighseeing']",San Zeno,strategy_nearest,True,0.001722097396850586,success
0476FE429C4C80,0,"['Castelvecchio', 'Arena']",Torre Lamberti,"['Sighseeing', 'Centro Fotografia', 'Museo Conte', 'Casa Giulietta', 'Palazzo della Ragione']",Duomo,strategy_nearest,False,0.0032329559326171875,success
04771E3A9C4C80,2,['Torre Lamberti'],Duomo,"['AMO', 'Museo Miniscalchi', 'Santa Anastasia', 'Teatro Romano', 'Palazzo della Ragione']",Casa Giulietta,strategy_nearest,False,0.0032896995544433594,success
0477223A9C4C80,3,"['Arena', 'Casa Giulietta']",Torre Lamberti,"['Sighseeing', 'Centro Fotografia', 'Museo Conte', 'Palazzo della Ragione', 'AMO']",Santa Anastasia,strategy_nearest,False,0.0032501220703125,success
047720429C4C84,1,"['Arena', 'Torre Lamberti']",Palazzo della Ragione,"['AMO', 'Museo Conte', 'Centro Fotografia', 'Sighseeing', 'Santa Anastasia']",Casa Giulietta,strategy_nearest,False,0.0034880638122558594,success
047725429C4C80,1,"['Museo Storia', 'San Fermo', 'Casa Giulietta']",Torre Lamberti,"['Sighseeing', 'Centro Fotografia', 'Museo Conte', 'Palazzo della Ragione', 'AMO']",Palazzo della Ragione,strategy_nearest,True,0.003215789794921875,success
0477273A9C4C84,3,"['Teatro Romano', 'Duomo', 'Casa Giulietta']",San Fermo,"['Museo Storia', 'Museo Radio', 'Centro Fotografia', 'Arena', 'Sighseeing']",Giardino Giusti,strategy_nearest,False,0.0030689239501953125,success
04772A3A9C4C80,2,['Casa Giulietta'],Teatro Romano,"['Santa Anastasia', 'Duomo', 'AMO', 'Palazzo della Ragione', 'Museo Conte']",Santa Anastasia,strategy_nearest,True,0.0019478797912597656,success
04772C3A9C4C80,0,['Tomba Giulietta'],Castelvecchio,"['Museo Lapidario', 'Verona Tour', 'Arena', 'Museo Radio', 'San Zeno']",Giardino Giusti,strategy_nearest,False,0.002576112747192383,success
0477283A9C4C80,0,['Torre Lamberti'],Castelvecchio,"['Museo Lapidario', 'Verona Tour', 'Arena', 'Museo Radio', 'San Zeno']",Arena,strategy_nearest,True,0.003328084945678711,success
04772F429C4C80,0,['Arena'],Casa Giulietta,"['Centro Fotografia', 'Sighseeing', 'Torre Lamberti', 'Museo Conte', 'Museo Radio']",Torre Lamberti,strategy_nearest,True,0.0028679370880126953,success
04772C429C4C80,0,['Arena'],Casa Giulietta,"['Centro Fotografia', 'Sighseeing', 'Torre Lamberti', 'Museo Conte', 'Museo Radio']",Torre Lamberti,strategy_nearest,True,0.0033071041107177734,success
047732429C4C80,0,['Casa Giulietta'],Torre Lamberti,"['Sighseeing', 'Centro Fotografia', 'Museo Conte', 'Palazzo della Ragione', 'AMO']",Arena,strategy_nearest,False,0.002374887466430664,success
0477373A9C4C80,2,"['Torre Lamberti', 'Palazzo della Ragione']",Casa Giulietta,"['Centro Fotografia', 'Sighseeing', 'Museo Conte', 'Museo Radio', 'San Fermo']",Teatro Romano,strategy_nearest,False,0.002595663070678711,success
047733429C4C80,3,"['Arena', 'Casa Giulietta']",Santa Anastasia,"['AMO', 'Museo Conte', 'Palazzo della Ragione', 'Teatro Romano', 'Centro Fotografia']",Duomo,strategy_nearest,False,0.0034019947052001953,success
0477364A9C4C80,0,['Casa Giulietta'],Arena,"['Verona Tour', 'Museo Lapidario', 'Museo Radio', 'San Fermo', 'Sighseeing']",Tomba Giulietta,strategy_nearest,False,0.002077341079711914,success
0477403A9C4C80,2,['San Zeno'],Castelvecchio,"['Museo Lapidario', 'Verona Tour', 'Arena', 'Museo Radio', 'Sighseeing']",Santa Anastasia,strategy_nearest,False,0.0031998157501220703,success
0477603A9C4C80,4,"['Arena', 'Casa Giulietta', 'Torre Lamberti', 'Santa Anastasia']",Teatro Romano,"['Duomo', 'AMO', 'Palazzo della Ragione', 'Museo Conte', 'Centro Fotografia']",Museo Radio,strategy_nearest,False,0.0020248889923095703,success
047750429C4C80,1,"['Tomba Giulietta', 'Arena']",Casa Giulietta,"['Centro Fotografia', 'Sighseeing', 'Torre Lamberti', 'Museo Conte', 'Museo Radio']",Torre Lamberti,strategy_nearest,True,0.002662181854248047,success
04774D429C4C80,0,['Tomba Giulietta'],Arena,"['Verona Tour', 'Museo Lapidario', 'Museo Radio', 'San Fermo', 'Casa Giulietta']",Torre Lamberti,strategy_nearest,False,0.0027570724487304688,success
047764429C4C80,1,"['Castelvecchio', 'Arena']",Casa Giulietta,"['Centro Fotografia', 'Sighseeing', 'Torre Lamberti', 'Museo Conte', 'Museo Radio']",Palazzo della Ragione,strategy_nearest,False,0.003298044204711914,success
04777C429C4C80,0,['Castelvecchio'],Santa Anastasia,"['AMO', 'Museo Conte', 'Palazzo della Ragione', 'Teatro Romano', 'Centro Fotografia']",Arena,strategy_nearest,False,0.001987934112548828,success
0477843A9C4C80,2,"['Museo Lapidario', 'Castelvecchio', 'Duomo']",Santa Anastasia,"['AMO', 'Museo Conte', 'Palazzo della Ragione', 'Teatro Romano', 'Centro Fotografia']",Torre Lamberti,strategy_nearest,False,0.003329038619995117,success
0477794A9C4C80,0,['Arena'],Torre Lamberti,"['Sighseeing', 'Centro Fotografia', 'Museo Conte', 'Casa Giulietta', 'Palazzo della Ragione']",Casa Giulietta,strategy_nearest,True,0.0034780502319335938,success
04778A429C4C80,0,['Arena'],Casa Giulietta,"['Centro Fotografia', 'Sighseeing', 'Torre Lamberti', 'Museo Conte', 'Museo Radio']",Castelvecchio,strategy_nearest,False,0.0017199516296386719,success
04778B3A9C4C80,2,"['Castelvecchio', 'Casa Giulietta']",Santa Anastasia,"['AMO', 'Museo Conte', 'Palazzo della Ragione', 'Teatro Romano', 'Centro Fotografia']",Duomo,strategy_nearest,False,0.0028061866760253906,success
0477914A9C4C80,0,['Arena'],Museo Lapidario,"['Verona Tour', 'Castelvecchio', 'Museo Radio', 'San Fermo', 'Casa Giulietta']",Casa Giulietta,strategy_nearest,True,0.002560853958129883,success
0477A4429C4C80,2,['Torre Lamberti'],Palazzo della Ragione,"['AMO', 'Museo Conte', 'Centro Fotografia', 'Sighseeing', 'Santa Anastasia']",Casa Giulietta,strategy_nearest,False,0.0030946731567382812,success
0477A14A9C4C80,0,['Arena'],Casa Giulietta,"['Centro Fotografia', 'Sighseeing', 'Torre Lamberti', 'Museo Conte', 'Museo Radio']",Teatro Romano,strategy_nearest,False,0.001909017562866211,success
0477A44A9C4C80,0,['Museo Lapidario'],Arena,"['Verona Tour', 'Museo Radio', 'San Fermo', 'Casa Giulietta', 'Sighseeing']",Casa Giulietta,strategy_nearest,True,0.0030999183654785156,success
0477AE3A9C4C80,0,"['Arena', 'Museo Lapidario']",Castelvecchio,"['Verona Tour', 'Museo Radio', 'San Zeno', 'Sighseeing', 'Museo Miniscalchi']",Duomo,strategy_nearest,False,0.002526998519897461,success
0477AF3A9C4C80,1,"['Casa Giulietta', 'Duomo', 'Santa Anastasia']",Torre Lamberti,"['Sighseeing', 'Centro Fotografia', 'Museo Conte', 'Palazzo della Ragione', 'AMO']",Palazzo della Ragione,strategy_nearest,True,0.0028128623962402344,success
0477AE429C4C80,3,"['Arena', 'Casa Giulietta']",Santa Anastasia,"['AMO', 'Museo Conte', 'Palazzo della Ragione', 'Teatro Romano', 'Centro Fotografia']",Teatro Romano,strategy_nearest,True,0.003773927688598633,success
0477B6429C4C80,3,"['Casa Giulietta', 'Torre Lamberti']",Santa Anastasia,"['AMO', 'Museo Conte', 'Palazzo della Ragione', 'Teatro Romano', 'Centro Fotografia']",Castelvecchio,strategy_nearest,False,0.002401113510131836,success
0477AF429C4C80,3,['San Zeno'],Arena,"['Verona Tour', 'Museo Lapidario', 'Museo Radio', 'San Fermo', 'Casa Giulietta']",Duomo,strategy_nearest,False,0.0034949779510498047,success
0477B3429C4C80,3,"['Arena', 'Casa Giulietta']",San Fermo,"['Museo Storia', 'Museo Radio', 'Centro Fotografia', 'Sighseeing', 'Torre Lamberti']",Torre Lamberti,strategy_nearest,True,0.003756999969482422,success
0477B7429C4C80,0,['Castelvecchio'],Duomo,"['AMO', 'Museo Miniscalchi', 'Santa Anastasia', 'Teatro Romano', 'Palazzo della Ragione']",Arena,strategy_nearest,False,0.0027990341186523438,success
0477B8429C4C80,0,"['Castelvecchio', 'Arena']",Tomba Giulietta,"['San Fermo', 'Museo Storia', 'Museo Lapidario', 'Museo Radio', 'Verona Tour']",Teatro Romano,strategy_nearest,False,0.0019600391387939453,success
0477BB429C4C80,2,['Duomo'],Casa Giulietta,"['Centro Fotografia', 'Sighseeing', 'Torre Lamberti', 'Museo Conte', 'Museo Radio']",Torre Lamberti,strategy_nearest,True,0.0026390552520751953,success
0477C33A9C4C80,0,['Arena'],Castelvecchio,"['Museo Lapidario', 'Verona Tour', 'Museo Radio', 'San Zeno', 'Sighseeing']",Casa Giulietta,strategy_nearest,False,0.002665996551513672,success
0477C53A9C4C80,0,['Torre Lamberti'],Arena,"['Verona Tour', 'Museo Lapidario', 'Museo Radio', 'San Fermo', 'Casa Giulietta']",Duomo,strategy_nearest,False,0.0031690597534179688,success
0477C83A9C4C80,3,"['Arena', 'Teatro Romano']",Duomo,"['AMO', 'Museo Miniscalchi', 'Santa Anastasia', 'Palazzo della Ragione', 'Museo Conte']",Santa Anastasia,strategy_nearest,True,0.004097938537597656,success
0477CC429C4C80,1,"['Arena', 'Casa Giulietta', 'Palazzo della Ragione', 'Torre Lamberti']",San Fermo,"['Museo Storia', 'Museo Radio', 'Centro Fotografia', 'Sighseeing', 'Museo Conte']",Santa Anastasia,strategy_nearest,False,0.002048015594482422,success
0477D13A9C4C80,1,['Arena'],Casa Giulietta,"['Centro Fotografia', 'Sighseeing', 'Torre Lamberti', 'Museo Conte', 'Museo Radio']",Torre Lamberti,strategy_nearest,True,0.0031120777130126953,success
0477CF3A9C4C80,3,"['Castelvecchio', 'Teatro Romano']",Santa Anastasia,"['AMO', 'Museo Conte', 'Palazzo della Ragione', 'Centro Fotografia', 'Duomo']",Torre Lamberti,strategy_nearest,False,0.0032732486724853516,success
0477EA429C4C80,3,['San Zeno'],Arena,"['Verona Tour', 'Museo Lapidario', 'Museo Radio', 'San Fermo', 'Casa Giulietta']",Santa Anastasia,strategy_nearest,False,0.0023107528686523438,success
0477F53A9C4C80,0,['Museo Lapidario'],Arena,"['Verona Tour', 'Museo Radio', 'San Fermo', 'Casa Giulietta', 'Sighseeing']",Torre Lamberti,strategy_nearest,False,0.002562999725341797,success
0477FE3A9C4C80,3,"['Arena', 'Teatro Romano']",Duomo,"['AMO', 'Museo Miniscalchi', 'Santa Anastasia', 'Palazzo della Ragione', 'Museo Conte']",Santa Anastasia,strategy_nearest,True,0.002790212631225586,success
0477FF429C4C80,1,"['Torre Lamberti', 'Castelvecchio', 'Museo Lapidario']",Arena,"['Verona Tour', 'Museo Radio', 'San Fermo', 'Casa Giulietta', 'Sighseeing']",San Zeno,strategy_nearest,False,0.002753019332885742,success
047803429C4C84,3,"['San Zeno', 'Arena', 'Casa Giulietta']",Santa Anastasia,"['AMO', 'Museo Conte', 'Palazzo della Ragione', 'Teatro Romano', 'Centro Fotografia']",San Fermo,strategy_nearest,False,0.0031061172485351562,success
047805429C4C84,3,"['San Fermo', 'Casa Giulietta', 'Torre Lamberti', 'Arena']",Santa Anastasia,"['AMO', 'Museo Conte', 'Palazzo della Ragione', 'Teatro Romano', 'Centro Fotografia']",Teatro Romano,strategy_nearest,True,0.003133058547973633,success
047806BA7B3F84,1,"['Arena', 'Casa Giulietta', 'Palazzo della Ragione']",Torre Lamberti,"['Sighseeing', 'Centro Fotografia', 'Museo Conte', 'AMO', 'Museo Miniscalchi']",Santa Anastasia,strategy_nearest,False,0.0029811859130859375,success
04780F429C4C80,0,"['Arena', 'Torre Lamberti']",Casa Giulietta,"['Centro Fotografia', 'Sighseeing', 'Museo Conte', 'Museo Radio', 'Palazzo della Ragione']",Giardino Giusti,strategy_nearest,False,0.0019347667694091797,success
047807429C4C84,0,"['Casa Giulietta', 'Arena']",Castelvecchio,"['Museo Lapidario', 'Verona Tour', 'Museo Radio', 'San Zeno', 'Sighseeing']",San Zeno,strategy_nearest,True,0.0031790733337402344,success
0478103A9C4C80,0,['Torre Lamberti'],Casa Giulietta,"['Centro Fotografia', 'Sighseeing', 'Museo Conte', 'Museo Radio', 'Palazzo della Ragione']",Arena,strategy_nearest,False,0.002275228500366211,success
04781A429C4C80,0,['Casa Giulietta'],Torre Lamberti,"['Sighseeing', 'Centro Fotografia', 'Museo Conte', 'Palazzo della Ragione', 'AMO']",Giardino Giusti,strategy_nearest,False,0.0021140575408935547,success
0478193A9C4C84,0,['Casa Giulietta'],Castelvecchio,"['Museo Lapidario', 'Verona Tour', 'Arena', 'Museo Radio', 'San Zeno']",Museo Lapidario,strategy_nearest,True,0.0041332244873046875,success
0478213A9C4C80,2,"['Casa Giulietta', 'Torre Lamberti', 'Palazzo della Ragione']",Teatro Romano,"['Santa Anastasia', 'Duomo', 'AMO', 'Museo Conte', 'Centro Fotografia']",Duomo,strategy_nearest,True,0.0028150081634521484,success
047822429C4C84,0,['Arena'],Castelvecchio,"['Museo Lapidario', 'Verona Tour', 'Museo Radio', 'San Zeno', 'Sighseeing']",Casa Giulietta,strategy_nearest,False,0.0029659271240234375,success
047829C27B3F80,3,"['Giardino Giusti', 'Teatro Romano', 'San Zeno']",Casa Giulietta,"['Centro Fotografia', 'Sighseeing', 'Torre Lamberti', 'Museo Conte', 'Museo Radio']",Arena,strategy_nearest,False,0.0031118392944335938,success
0478293A9C4C80,1,['Arena'],Casa Giulietta,"['Centro Fotografia', 'Sighseeing', 'Torre Lamberti', 'Museo Conte', 'Museo Radio']",Torre Lamberti,strategy_nearest,True,0.001837015151977539,success
047823C27B3F80,3,"['Duomo', 'Teatro Romano']",Arena,"['Verona Tour', 'Museo Lapidario', 'Museo Radio', 'San Fermo', 'Casa Giulietta']",Torre Lamberti,strategy_nearest,False,0.003206968307495117,success
04782A3A9C4C80,0,['Castelvecchio'],Arena,"['Verona Tour', 'Museo Lapidario', 'Museo Radio', 'San Fermo', 'Casa Giulietta']",Tomba Giulietta,strategy_nearest,False,0.0029859542846679688,success
04782D3A9C4C80,3,['Castelvecchio'],Santa Anastasia,"['AMO', 'Museo Conte', 'Palazzo della Ragione', 'Teatro Romano', 'Centro Fotografia']",Torre Lamberti,strategy_nearest,False,0.0018749237060546875,success
04782AC27B3F80,3,"['Duomo', 'Teatro Romano']",Arena,"['Verona Tour', 'Museo Lapidario', 'Museo Radio', 'San Fermo', 'Casa Giulietta']",Torre Lamberti,strategy_nearest,False,0.0026018619537353516,success
04782F3A9C4C80,0,"['Casa Giulietta', 'Castelvecchio']",Casa Giulietta,"['Centro Fotografia', 'Sighseeing', 'Torre Lamberti', 'Museo Conte', 'Museo Radio']",Arena,strategy_nearest,False,0.0031440258026123047,success
04782E4A9C4C80,3,"['Arena', 'Casa Giulietta', 'Santa Anastasia', 'Torre Lamberti', 'Duomo']",Giardino Giusti,"['Teatro Romano', 'Museo Conte', 'Centro Fotografia', 'Museo Storia', 'AMO']",San Fermo,strategy_nearest,False,0.0032939910888671875,success
047830C27B3F80,3,"['Giardino Giusti', 'Teatro Romano', 'San Zeno']",Casa Giulietta,"['Centro Fotografia', 'Sighseeing', 'Torre Lamberti', 'Museo Conte', 'Museo Radio']",Arena,strategy_nearest,False,0.0024619102478027344,success
047832429C4C80,3,"['Santa Anastasia', 'Castelvecchio']",Casa Giulietta,"['Centro Fotografia', 'Sighseeing', 'Torre Lamberti', 'Museo Conte', 'Museo Radio']",Arena,strategy_nearest,False,0.003957986831665039,success
047833429C4C80,1,"['Castelvecchio', 'Arena', 'Casa Giulietta', 'San Fermo', 'Tomba Giulietta']",San Zeno,"['Verona Tour', 'Museo Lapidario', 'Museo Miniscalchi', 'Sighseeing', 'Museo Radio']",Torre Lamberti,strategy_nearest,False,0.002012014389038086,success
0478384A9C4C80,3,"['Arena', 'Torre Lamberti']",Santa Anastasia,"['AMO', 'Museo Conte', 'Palazzo della Ragione', 'Teatro Romano', 'Centro Fotografia']",Duomo,strategy_nearest,False,0.0034570693969726562,success
04784F3A9C4C80,0,['Torre Lamberti'],Arena,"['Verona Tour', 'Museo Lapidario', 'Museo Radio', 'San Fermo', 'Casa Giulietta']",Castelvecchio,strategy_nearest,False,0.0020453929901123047,success
047850429C4C80,0,"['Arena', 'Castelvecchio']",Casa Giulietta,"['Centro Fotografia', 'Sighseeing', 'Torre Lamberti', 'Museo Conte', 'Museo Radio']",Duomo,strategy_nearest,False,0.002975940704345703,success
04783E3A9C4C80,0,['Arena'],Museo Lapidario,"['Verona Tour', 'Castelvecchio', 'Museo Radio', 'San Fermo', 'Casa Giulietta']",Castelvecchio,strategy_nearest,True,0.004051923751831055,success
0478523A9C4C80,0,['Arena'],Casa Giulietta,"['Centro Fotografia', 'Sighseeing', 'Torre Lamberti', 'Museo Conte', 'Museo Radio']",Palazzo della Ragione,strategy_nearest,False,0.002974987030029297,success
047853429C4C80,0,['Duomo'],Castelvecchio,"['Museo Lapidario', 'Verona Tour', 'Arena', 'Museo Radio', 'San Zeno']",Arena,strategy_nearest,True,0.0020699501037597656,success
047855429C4C80,1,"['Tomba Giulietta', 'Arena']",Museo Lapidario,"['Verona Tour', 'Castelvecchio', 'Museo Radio', 'San Fermo', 'Casa Giulietta']",Palazzo della Ragione,strategy_nearest,False,0.002726316452026367,success
047856429C4C80,2,['Casa Giulietta'],Santa Anastasia,"['AMO', 'Museo Conte', 'Palazzo della Ragione', 'Teatro Romano', 'Centro Fotografia']",Duomo,strategy_nearest,False,0.0032417774200439453,success
04785BBA7B3F80,1,"['Arena', 'Casa Giulietta', 'Palazzo della Ragione']",Torre Lamberti,"['Sighseeing', 'Centro Fotografia', 'Museo Conte', 'AMO', 'Museo Miniscalchi']",Santa Anastasia,strategy_nearest,False,0.003075122833251953,success
047875429C4C80,0,['Casa Giulietta'],Arena,"['Verona Tour', 'Museo Lapidario', 'Museo Radio', 'San Fermo', 'Sighseeing']",Tomba Giulietta,strategy_nearest,False,0.0028269290924072266,success
0478603A9C4C80,3,['Arena'],Casa Giulietta,"['Centro Fotografia', 'Sighseeing', 'Torre Lamberti', 'Museo Conte', 'Museo Radio']",Santa Anastasia,strategy_nearest,False,0.0027382373809814453,success
047877429C4C80,3,"['Castelvecchio', 'Arena']",Tomba Giulietta,"['San Fermo', 'Museo Storia', 'Museo Lapidario', 'Museo Radio', 'Verona Tour']",Santa Anastasia,strategy_nearest,False,0.00321197509765625,success
0478794A9C4C80,0,['Castelvecchio'],San Zeno,"['Verona Tour', 'Museo Lapidario', 'Arena', 'Museo Miniscalchi', 'Sighseeing']",Arena,strategy_nearest,True,0.0017137527465820312,success
0478783A9C4C80,0,['Arena'],Casa Giulietta,"['Centro Fotografia', 'Sighseeing', 'Torre Lamberti', 'Museo Conte', 'Museo Radio']",Torre Lamberti,strategy_nearest,True,0.003178834915161133,success
04788B3A9C4C80,2,['Castelvecchio'],Casa Giulietta,"['Centro Fotografia', 'Sighseeing', 'Torre Lamberti', 'Museo Conte', 'Museo Radio']",Santa Anastasia,strategy_nearest,False,0.0032379627227783203,success
04788E4A9C4C80,0,['Arena'],Castelvecchio,"['Museo Lapidario', 'Verona Tour', 'Museo Radio', 'San Zeno', 'Sighseeing']",Casa Giulietta,strategy_nearest,False,0.0019872188568115234,success
0478893A9C4C80,3,"['Arena', 'San Fermo', 'Casa Giulietta']",Torre Lamberti,"['Sighseeing', 'Centro Fotografia', 'Museo Conte', 'Palazzo della Ragione', 'AMO']",Santa Anastasia,strategy_nearest,False,0.003584146499633789,success
047891BA7B3F80,1,"['Arena', 'Casa Giulietta', 'Palazzo della Ragione']",Torre Lamberti,"['Sighseeing', 'Centro Fotografia', 'Museo Conte', 'AMO', 'Museo Miniscalchi']",Santa Anastasia,strategy_nearest,False,0.003118753433227539,success
0478944A9C4C80,3,['Arena'],Castelvecchio,"['Museo Lapidario', 'Verona Tour', 'Museo Radio', 'San Zeno', 'Sighseeing']",Santa Anastasia,strategy_nearest,False,0.002179861068725586,success
0478A94A9C4C80,3,['Arena'],Casa Giulietta,"['Centro Fotografia', 'Sighseeing', 'Torre Lamberti', 'Museo Conte', 'Museo Radio']",Santa Anastasia,strategy_nearest,False,0.0026597976684570312,success
04789E429C4C80,0,['Arena'],Castelvecchio,"['Museo Lapidario', 'Verona Tour', 'Museo Radio', 'San Zeno', 'Sighseeing']",Casa Giulietta,strategy_nearest,False,0.003506898880004883,success
0478AD3A9C4C80,1,['Torre Lamberti'],Palazzo della Ragione,"['AMO', 'Museo Conte', 'Centro Fotografia', 'Sighseeing', 'Santa Anastasia']",Arena,strategy_nearest,False,0.0016422271728515625,success
047899429C4C80,1,"['Arena', 'Casa Giulietta']",Torre Lamberti,"['Sighseeing', 'Centro Fotografia', 'Museo Conte', 'Palazzo della Ragione', 'AMO']",Palazzo della Ragione,strategy_nearest,True,0.0028409957885742188,success
0478AF429C4C80,3,['Duomo'],Santa Anastasia,"['AMO', 'Museo Conte', 'Palazzo della Ragione', 'Teatro Romano', 'Centro Fotografia']",Castelvecchio,strategy_nearest,False,0.001909017562866211,success
0478AE429C4C80,0,['Arena'],Casa Giulietta,"['Centro Fotografia', 'Sighseeing', 'Torre Lamberti', 'Museo Conte', 'Museo Radio']",Torre Lamberti,strategy_nearest,True,0.0036711692810058594,success
0478C3429C4C80,3,"['Arena', 'San Fermo']",Santa Anastasia,"['AMO', 'Museo Conte', 'Palazzo della Ragione', 'Teatro Romano', 'Centro Fotografia']",Duomo,strategy_nearest,False,0.0024580955505371094,success
0478CB3A9C4C80,0,['Arena'],Castelvecchio,"['Museo Lapidario', 'Verona Tour', 'Museo Radio', 'San Zeno', 'Sighseeing']",San Zeno,strategy_nearest,True,0.003242969512939453,success
0478CE3A9C4C80,1,"['Castelvecchio', 'Arena', 'Tomba Giulietta']",Museo Lapidario,"['Verona Tour', 'Museo Radio', 'San Fermo', 'Casa Giulietta', 'Sighseeing']",Casa Giulietta,strategy_nearest,True,0.0032699108123779297,success
0478E83A9C4C80,1,"['Santa Anastasia', 'Palazzo della Ragione']",Torre Lamberti,"['Sighseeing', 'Centro Fotografia', 'Museo Conte', 'Casa Giulietta', 'AMO']",Duomo,strategy_nearest,False,0.003098011016845703,success
0478DC3A9C4C80,2,"['Castelvecchio', 'Palazzo della Ragione']",Torre Lamberti,"['Sighseeing', 'Centro Fotografia', 'Museo Conte', 'Casa Giulietta', 'AMO']",Casa Giulietta,strategy_nearest,True,0.002026081085205078,success
0478E8429C4C80,3,"['Arena', 'San Fermo', 'Casa Giulietta']",Santa Anastasia,"['AMO', 'Museo Conte', 'Palazzo della Ragione', 'Teatro Romano', 'Centro Fotografia']",Castelvecchio,strategy_nearest,False,0.0031774044036865234,success
0478ED3A9C4C80,2,['Casa Giulietta'],Palazzo della Ragione,"['AMO', 'Museo Conte', 'Torre Lamberti', 'Centro Fotografia', 'Sighseeing']",Torre Lamberti,strategy_nearest,True,0.003329038619995117,success
04790B429C4C84,1,"['Arena', 'Casa Giulietta']",Torre Lamberti,"['Sighseeing', 'Centro Fotografia', 'Museo Conte', 'Palazzo della Ragione', 'AMO']",Palazzo della Ragione,strategy_nearest,True,0.0018382072448730469,success
047907429C4C84,0,['Arena'],Teatro Romano,"['Santa Anastasia', 'Duomo', 'AMO', 'Palazzo della Ragione', 'Museo Conte']",Duomo,strategy_nearest,True,0.0030999183654785156,success
047911429C4C80,3,"['Arena', 'Casa Giulietta']",Torre Lamberti,"['Sighseeing', 'Centro Fotografia', 'Museo Conte', 'Palazzo della Ragione', 'AMO']",Castelvecchio,strategy_nearest,False,0.0025930404663085938,success
047917429C4C84,1,"['Castelvecchio', 'Torre Lamberti', 'Palazzo della Ragione']",Santa Anastasia,"['AMO', 'Museo Conte', 'Teatro Romano', 'Centro Fotografia', 'Duomo']",Teatro Romano,strategy_nearest,True,0.0032529830932617188,success
047919429C4C80,3,"['Arena', 'Santa Anastasia']",Duomo,"['AMO', 'Museo Miniscalchi', 'Teatro Romano', 'Palazzo della Ragione', 'Museo Conte']",Castelvecchio,strategy_nearest,False,0.002610921859741211,success
0479163A9C4C80,3,"['Arena', 'Tomba Giulietta', 'Casa Giulietta']",Torre Lamberti,"['Sighseeing', 'Centro Fotografia', 'Museo Conte', 'Palazzo della Ragione', 'AMO']",Santa Anastasia,strategy_nearest,False,0.0021228790283203125,success
047919429C4C84,3,"['Casa Giulietta', 'Torre Lamberti']",Santa Anastasia,"['AMO', 'Museo Conte', 'Palazzo della Ragione', 'Teatro Romano', 'Centro Fotografia']",Teatro Romano,strategy_nearest,True,0.0019698143005371094,success
04791E429C4C84,0,"['Arena', 'Casa Giulietta']",Castelvecchio,"['Museo Lapidario', 'Verona Tour', 'Museo Radio', 'San Zeno', 'Sighseeing']",Torre Lamberti,strategy_nearest,False,0.0026450157165527344,success
04791C429C4C80,0,['Castelvecchio'],Arena,"['Verona Tour', 'Museo Lapidario', 'Museo Radio', 'San Fermo', 'Casa Giulietta']",Casa Giulietta,strategy_nearest,True,0.0013511180877685547,success
0479284A9C4C80,4,"['Arena', 'San Fermo', 'Giardino Giusti']",Torre Lamberti,"['Sighseeing', 'Centro Fotografia', 'Museo Conte', 'Casa Giulietta', 'Palazzo della Ragione']",Museo Radio,strategy_nearest,False,0.003309965133666992,success
047930429C4C80,3,"['Arena', 'San Fermo', 'Duomo', 'Torre Lamberti']",Casa Giulietta,"['Centro Fotografia', 'Sighseeing', 'Museo Conte', 'Museo Radio', 'Palazzo della Ragione']",Castelvecchio,strategy_nearest,False,0.0015652179718017578,success
0479313A9C4C80,0,['Arena'],Santa Anastasia,"['AMO', 'Museo Conte', 'Palazzo della Ragione', 'Teatro Romano', 'Centro Fotografia']",Castelvecchio,strategy_nearest,False,0.0025501251220703125,success
04792E429C4C80,0,['Giardino Giusti'],Torre Lamberti,"['Sighseeing', 'Centro Fotografia', 'Museo Conte', 'Casa Giulietta', 'Palazzo della Ragione']",Arena,strategy_nearest,False,0.003651857376098633,success
0479353A9C4C80,4,"['Arena', 'Castelvecchio', 'Museo Radio', 'Tomba Giulietta', 'Casa Giulietta']",Santa Anastasia,"['AMO', 'Museo Conte', 'Palazzo della Ragione', 'Teatro Romano', 'Centro Fotografia']",Duomo,strategy_nearest,False,0.0030808448791503906,success
04793C429C4C80,0,"['Casa Giulietta', 'San Fermo']",Castelvecchio,"['Museo Lapidario', 'Verona Tour', 'Arena', 'Museo Radio', 'San Zeno']",San Zeno,strategy_nearest,True,0.0030541419982910156,success
047955429C4C80,3,"['Castelvecchio', 'San Zeno']",Arena,"['Verona Tour', 'Museo Lapidario', 'Museo Radio', 'San Fermo', 'Casa Giulietta']",Santa Anastasia,strategy_nearest,False,0.002543926239013672,success
047950429C4C80,0,['Arena'],Castelvecchio,"['Museo Lapidario', 'Verona Tour', 'Museo Radio', 'San Zeno', 'Sighseeing']",Santa Anastasia,strategy_nearest,False,0.002748727798461914,success
0479563A9C4C80,1,"['Arena', 'Palazzo della Ragione', 'Torre Lamberti']",Casa Giulietta,"['Centro Fotografia', 'Sighseeing', 'Museo Conte', 'Museo Radio', 'San Fermo']",Teatro Romano,strategy_nearest,False,0.003072977066040039,success
04795DC27B3F80,4,"['Casa Giulietta', 'Arena', 'Museo Lapidario', 'Castelvecchio']",Museo Radio,"['San Fermo', 'Sighseeing', 'Torre Lamberti', 'Centro Fotografia', 'Verona Tour']",Tomba Giulietta,strategy_nearest,False,0.0020322799682617188,success
047958C27B3F80,1,"['Casa Giulietta', 'Arena']",Duomo,"['AMO', 'Museo Miniscalchi', 'Santa Anastasia', 'Teatro Romano', 'Palazzo della Ragione']",Palazzo della Ragione,strategy_nearest,True,0.003317117691040039,success
0479573A9C4C80,1,"['Arena', 'Casa Giulietta', 'Palazzo della Ragione']",Torre Lamberti,"['Sighseeing', 'Centro Fotografia', 'Museo Conte', 'AMO', 'Museo Miniscalchi']",Santa Anastasia,strategy_nearest,False,0.0033767223358154297,success
04795EC27B3F80,1,"['Casa Giulietta', 'Arena']",Duomo,"['AMO', 'Museo Miniscalchi', 'Santa Anastasia', 'Teatro Romano', 'Palazzo della Ragione']",Palazzo della Ragione,strategy_nearest,True,0.0032041072845458984,success
047963C27B3F80,3,['Casa Giulietta'],Santa Anastasia,"['AMO', 'Museo Conte', 'Palazzo della Ragione', 'Teatro Romano', 'Centro Fotografia']",Teatro Romano,strategy_nearest,True,0.0025637149810791016,success
04796F429C4C80,3,"['Arena', 'Duomo']",Giardino Giusti,"['Santa Anastasia', 'Teatro Romano', 'Museo Conte', 'Centro Fotografia', 'Museo Storia']",Santa Anastasia,strategy_nearest,True,0.0026230812072753906,success
047971C27B3F80,3,"['Castelvecchio', 'Arena', 'Torre Lamberti']",Casa Giulietta,"['Centro Fotografia', 'Sighseeing', 'Museo Conte', 'Museo Radio', 'Palazzo della Ragione']",San Zeno,strategy_nearest,False,0.003062009811401367,success
047969C27B3F80,1,"['Casa Giulietta', 'Santa Anastasia', 'Duomo', 'Torre Lamberti']",Palazzo della Ragione,"['AMO', 'Museo Conte', 'Centro Fotografia', 'Sighseeing', 'Museo Miniscalchi']",San Fermo,strategy_nearest,False,0.002547740936279297,success
0479794A9C4C80,0,['Castelvecchio'],Arena,"['Verona Tour', 'Museo Lapidario', 'Museo Radio', 'San Fermo', 'Casa Giulietta']",Casa Giulietta,strategy_nearest,True,0.0026018619537353516,success
047977429C4C80,3,"['Castelvecchio', 'Torre Lamberti']",San Fermo,"['Museo Storia', 'Museo Radio', 'Casa Giulietta', 'Centro Fotografia', 'Arena']",San Zeno,strategy_nearest,False,0.0027136802673339844,success
04797BC27B3F80,1,"['Casa Giulietta', 'Santa Anastasia', 'Duomo', 'Torre Lamberti']",Palazzo della Ragione,"['AMO', 'Museo Conte', 'Centro Fotografia', 'Sighseeing', 'Museo Miniscalchi']",San Fermo,strategy_nearest,False,0.0032799243927001953,success
0479783A9C4C80,1,"['Museo Lapidario', 'Arena', 'Casa Giulietta', 'Torre Lamberti']",Palazzo della Ragione,"['AMO', 'Museo Conte', 'Centro Fotografia', 'Sighseeing', 'Santa Anastasia']",Santa Anastasia,strategy_nearest,True,0.0027170181274414062,success
04797D4A9C4C80,0,['Arena'],Casa Giulietta,"['Centro Fotografia', 'Sighseeing', 'Torre Lamberti', 'Museo Conte', 'Museo Radio']",Santa Anastasia,strategy_nearest,False,0.001936197280883789,success
047982C27B3F80,4,"['Casa Giulietta', 'Arena', 'Museo Lapidario', 'Castelvecchio', 'Museo Radio']",Tomba Giulietta,"['San Fermo', 'Museo Storia', 'Verona Tour', 'Sighseeing', 'Torre Lamberti']",Giardino Giusti,strategy_nearest,False,0.0026340484619140625,success
04797E429C4C80,1,['Arena'],Torre Lamberti,"['Sighseeing', 'Centro Fotografia', 'Museo Conte', 'Casa Giulietta', 'Palazzo della Ragione']",Palazzo della Ragione,strategy_nearest,True,0.0027277469635009766,success
047981C27B3F80,1,"['Casa Giulietta', 'Santa Anastasia', 'Duomo', 'Torre Lamberti']",Palazzo della Ragione,"['AMO', 'Museo Conte', 'Centro Fotografia', 'Sighseeing', 'Museo Miniscalchi']",San Fermo,strategy_nearest,False,0.0033490657806396484,success
0479874A9C4C80,0,['Arena'],Casa Giulietta,"['Centro Fotografia', 'Sighseeing', 'Torre Lamberti', 'Museo Conte', 'Museo Radio']",Torre Lamberti,strategy_nearest,True,0.002809286117553711,success
04798D429C4C80,0,['Arena'],Casa Giulietta,"['Centro Fotografia', 'Sighseeing', 'Torre Lamberti', 'Museo Conte', 'Museo Radio']",Teatro Romano,strategy_nearest,False,0.0033910274505615234,success
047988C27B3F80,3,"['Casa Giulietta', 'San Fermo']",Santa Anastasia,"['AMO', 'Museo Conte', 'Palazzo della Ragione', 'Teatro Romano', 'Centro Fotografia']",Arena,strategy_nearest,False,0.0028231143951416016,success
04799A4A9C4C80,0,"['Torre Lamberti', 'Casa Giulietta']",Duomo,"['AMO', 'Museo Miniscalchi', 'Santa Anastasia', 'Teatro Romano', 'Palazzo della Ragione']",Arena,strategy_nearest,False,0.0030050277709960938,success
0479914A9C4C80,1,"['Torre Lamberti', 'Palazzo della Ragione', 'Santa Anastasia']",Arena,"['Verona Tour', 'Museo Lapidario', 'Museo Radio', 'San Fermo', 'Casa Giulietta']",Duomo,strategy_nearest,False,0.002623319625854492,success
0479A5429C4C80,0,['Castelvecchio'],Arena,"['Verona Tour', 'Museo Lapidario', 'Museo Radio', 'San Fermo', 'Casa Giulietta']",Casa Giulietta,strategy_nearest,True,0.002268075942993164,success
0479A84A9C4C80,1,"['Museo Lapidario', 'Arena', 'Torre Lamberti']",Palazzo della Ragione,"['AMO', 'Museo Conte', 'Centro Fotografia', 'Sighseeing', 'Santa Anastasia']",Teatro Romano,strategy_nearest,False,0.0027320384979248047,success
0479A9429C4C80,1,"['Arena', 'Museo Lapidario']",Casa Giulietta,"['Centro Fotografia', 'Sighseeing', 'Torre Lamberti', 'Museo Conte', 'Museo Radio']",Torre Lamberti,strategy_nearest,True,0.0025260448455810547,success
0479ACC27B3F80,3,['Casa Giulietta'],Santa Anastasia,"['AMO', 'Museo Conte', 'Palazzo della Ragione', 'Teatro Romano', 'Centro Fotografia']",Teatro Romano,strategy_nearest,True,0.003843069076538086,success
0479B4429C4C80,0,['Arena'],Casa Giulietta,"['Centro Fotografia', 'Sighseeing', 'Torre Lamberti', 'Museo Conte', 'Museo Radio']",Torre Lamberti,strategy_nearest,True,0.0035860538482666016,success
0479B83A9C4C80,2,"['Castelvecchio', 'Tomba Giulietta']",Casa Giulietta,"['Centro Fotografia', 'Sighseeing', 'Torre Lamberti', 'Museo Conte', 'Museo Radio']",Torre Lamberti,strategy_nearest,True,0.0028562545776367188,success
0479BEC27B3F80,1,"['Arena', 'Castelvecchio', 'San Zeno']",Torre Lamberti,"['Sighseeing', 'Centro Fotografia', 'Museo Conte', 'Casa Giulietta', 'Palazzo della Ragione']",Palazzo della Ragione,strategy_nearest,True,0.0023407936096191406,success
0479BE3A9C4C80,0,['Arena'],Torre Lamberti,"['Sighseeing', 'Centro Fotografia', 'Museo Conte', 'Casa Giulietta', 'Palazzo della Ragione']",Teatro Romano,strategy_nearest,False,0.0027959346771240234,success
0479C0C27B3F80,3,['Santa Anastasia'],Duomo,"['AMO', 'Museo Miniscalchi', 'Teatro Romano', 'Palazzo della Ragione', 'Museo Conte']",Teatro Romano,strategy_nearest,True,0.003072023391723633,success
0479C2429C4C80,1,"['Arena', 'Palazzo della Ragione']",Torre Lamberti,"['Sighseeing', 'Centro Fotografia', 'Museo Conte', 'Casa Giulietta', 'AMO']",Castelvecchio,strategy_nearest,False,0.0029370784759521484,success
0479C33A9C4C80,0,['Castelvecchio'],Arena,"['Verona Tour', 'Museo Lapidario', 'Museo Radio', 'San Fermo', 'Casa Giulietta']",Casa Giulietta,strategy_nearest,True,0.0021703243255615234,success
0479C9C27B3F80,3,"['Casa Giulietta', 'Giardino Giusti']",Santa Anastasia,"['AMO', 'Museo Conte', 'Palazzo della Ragione', 'Teatro Romano', 'Centro Fotografia']",Arena,strategy_nearest,False,0.0025510787963867188,success
0479C8429C4C80,0,['Museo Lapidario'],Teatro Romano,"['Santa Anastasia', 'Duomo', 'AMO', 'Palazzo della Ragione', 'Museo Conte']",Arena,strategy_nearest,False,0.002971172332763672,success
0479CFC27B3F80,3,"['Casa Giulietta', 'Giardino Giusti']",Santa Anastasia,"['AMO', 'Museo Conte', 'Palazzo della Ragione', 'Teatro Romano', 'Centro Fotografia']",Arena,strategy_nearest,False,0.0027170181274414062,success
0479D0C27B3F80,1,"['Arena', 'Castelvecchio', 'San Zeno']",Torre Lamberti,"['Sighseeing', 'Centro Fotografia', 'Museo Conte', 'Casa Giulietta', 'Palazzo della Ragione']",Palazzo della Ragione,strategy_nearest,True,0.002540111541748047,success
0479D6C27B3F80,3,"['Casa Giulietta', 'San Fermo', 'Arena']",Castelvecchio,"['Museo Lapidario', 'Verona Tour', 'Museo Radio', 'San Zeno', 'Sighseeing']",Teatro Romano,strategy_nearest,False,0.0034339427947998047,success
0479D5C27B3F80,3,"['Casa Giulietta', 'San Fermo']",Santa Anastasia,"['AMO', 'Museo Conte', 'Palazzo della Ragione', 'Teatro Romano', 'Centro Fotografia']",Arena,strategy_nearest,False,0.0029320716857910156,success
0479D8C27B3F80,3,"['Castelvecchio', 'Arena', 'Torre Lamberti']",Casa Giulietta,"['Centro Fotografia', 'Sighseeing', 'Museo Conte', 'Museo Radio', 'Palazzo della Ragione']",San Zeno,strategy_nearest,False,0.0033538341522216797,success
0479DC3A9C4C80,1,"['Torre Lamberti', 'Palazzo della Ragione']",Giardino Giusti,"['Santa Anastasia', 'Teatro Romano', 'Museo Conte', 'Centro Fotografia', 'Museo Storia']",Arena,strategy_nearest,False,0.0033011436462402344,success
0479DF429C4C80,3,"['Arena', 'Santa Anastasia']",Teatro Romano,"['Duomo', 'AMO', 'Palazzo della Ragione', 'Museo Conte', 'Centro Fotografia']",Casa Giulietta,strategy_nearest,False,0.002608060836791992,success
0479E63A9C4C80,1,"['Arena', 'Palazzo della Ragione']",Torre Lamberti,"['Sighseeing', 'Centro Fotografia', 'Museo Conte', 'Casa Giulietta', 'AMO']",Teatro Romano,strategy_nearest,False,0.0034589767456054688,success
0479E1429C4C80,1,"['Teatro Romano', 'Duomo', 'Castelvecchio', 'Arena', 'Tomba Giulietta']",Giardino Giusti,"['Santa Anastasia', 'Museo Conte', 'Centro Fotografia', 'Museo Storia', 'AMO']",Santa Anastasia,strategy_nearest,True,0.0033240318298339844,success
0479E83A9C4C80,0,['Arena'],Casa Giulietta,"['Centro Fotografia', 'Sighseeing', 'Torre Lamberti', 'Museo Conte', 'Museo Radio']",Torre Lamberti,strategy_nearest,True,0.002363920211791992,success
0479EE3A9C4C80,0,['Arena'],Castelvecchio,"['Museo Lapidario', 'Verona Tour', 'Museo Radio', 'San Zeno', 'Sighseeing']",Torre Lamberti,strategy_nearest,False,0.0031609535217285156,success
0479FE429C4C80,0,"['Arena', 'Casa Giulietta']",Torre Lamberti,"['Sighseeing', 'Centro Fotografia', 'Museo Conte', 'Palazzo della Ragione', 'AMO']",Teatro Romano,strategy_nearest,False,0.002176046371459961,success
047A14429C4C80,3,"['Casa Giulietta', 'Torre Lamberti']",Santa Anastasia,"['AMO', 'Museo Conte', 'Palazzo della Ragione', 'Teatro Romano', 'Centro Fotografia']",Teatro Romano,strategy_nearest,True,0.0032176971435546875,success
047A04429C4C84,2,['Casa Giulietta'],Palazzo della Ragione,"['AMO', 'Museo Conte', 'Torre Lamberti', 'Centro Fotografia', 'Sighseeing']",Torre Lamberti,strategy_nearest,True,0.0026531219482421875,success
047A153A9C4C84,1,"['Castelvecchio', 'Arena', 'Casa Giulietta']",Palazzo della Ragione,"['AMO', 'Museo Conte', 'Torre Lamberti', 'Centro Fotografia', 'Sighseeing']",Torre Lamberti,strategy_nearest,True,0.0031020641326904297,success
047A25429C4C84,0,['Arena'],Casa Giulietta,"['Centro Fotografia', 'Sighseeing', 'Torre Lamberti', 'Museo Conte', 'Museo Radio']",Duomo,strategy_nearest,False,0.0026869773864746094,success
047A163A9C4C80,0,['Arena'],Teatro Romano,"['Santa Anastasia', 'Duomo', 'AMO', 'Palazzo della Ragione', 'Museo Conte']",Duomo,strategy_nearest,True,0.003204822540283203,success
047A27429C4C84,0,['Arena'],Casa Giulietta,"['Centro Fotografia', 'Sighseeing', 'Torre Lamberti', 'Museo Conte', 'Museo Radio']",Duomo,strategy_nearest,False,0.0031638145446777344,success
047A2D4A9C4C80,3,"['Tomba Giulietta', 'Casa Giulietta', 'Santa Anastasia']",Duomo,"['AMO', 'Museo Miniscalchi', 'Teatro Romano', 'Palazzo della Ragione', 'Museo Conte']",Teatro Romano,strategy_nearest,True,0.002624988555908203,success
047A2D3A9C4C80,0,['Arena'],Castelvecchio,"['Museo Lapidario', 'Verona Tour', 'Museo Radio', 'San Zeno', 'Sighseeing']",Torre Lamberti,strategy_nearest,False,0.00199127197265625,success
047A29429C4C84,1,"['Teatro Romano', 'Santa Anastasia', 'Giardino Giusti', 'San Zeno', 'Duomo']",Torre Lamberti,"['Sighseeing', 'Centro Fotografia', 'Museo Conte', 'Casa Giulietta', 'Palazzo della Ragione']",Palazzo della Ragione,strategy_nearest,True,0.0048370361328125,success
047A2EC27B3F80,4,"['Casa Giulietta', 'Arena', 'Museo Lapidario', 'Castelvecchio', 'Museo Radio']",Tomba Giulietta,"['San Fermo', 'Museo Storia', 'Verona Tour', 'Sighseeing', 'Torre Lamberti']",Giardino Giusti,strategy_nearest,False,0.0033028125762939453,success
047A30429C4C80,1,"['Castelvecchio', 'Arena', 'Palazzo della Ragione']",Torre Lamberti,"['Sighseeing', 'Centro Fotografia', 'Museo Conte', 'Casa Giulietta', 'AMO']",Tomba Giulietta,strategy_nearest,False,0.003239154815673828,success
047A343A9C4C80,1,"['Arena', 'Casa Giulietta']",Torre Lamberti,"['Sighseeing', 'Centro Fotografia', 'Museo Conte', 'Palazzo della Ragione', 'AMO']",Palazzo della Ragione,strategy_nearest,True,0.002354860305786133,success
047A34429C4C80,2,['Casa Giulietta'],Teatro Romano,"['Santa Anastasia', 'Duomo', 'AMO', 'Palazzo della Ragione', 'Museo Conte']",Castelvecchio,strategy_nearest,False,0.002758026123046875,success
047A403A9C4C80,3,"['Torre Lamberti', 'Arena', 'Casa Giulietta']",Santa Anastasia,"['AMO', 'Museo Conte', 'Palazzo della Ragione', 'Teatro Romano', 'Centro Fotografia']",Castelvecchio,strategy_nearest,False,0.002537965774536133,success
047A3A3A9C4C80,3,"['San Fermo', 'Arena']",Castelvecchio,"['Museo Lapidario', 'Verona Tour', 'Museo Radio', 'San Zeno', 'Sighseeing']",San Zeno,strategy_nearest,True,0.002529144287109375,success
047A41429C4C80,3,['Arena'],Santa Anastasia,"['AMO', 'Museo Conte', 'Palazzo della Ragione', 'Teatro Romano', 'Centro Fotografia']",Duomo,strategy_nearest,False,0.0030219554901123047,success
047A45429C4C80,3,"['Castelvecchio', 'Arena']",Torre Lamberti,"['Sighseeing', 'Centro Fotografia', 'Museo Conte', 'Casa Giulietta', 'Palazzo della Ragione']",Santa Anastasia,strategy_nearest,False,0.0022878646850585938,success
047A523A9C4C80,3,"['Castelvecchio', 'Arena', 'Tomba Giulietta']",San Fermo,"['Museo Storia', 'Museo Radio', 'Casa Giulietta', 'Centro Fotografia', 'Sighseeing']",Santa Anastasia,strategy_nearest,False,0.0027320384979248047,success
047A553A9C4C80,1,"['Arena', 'San Fermo']",Torre Lamberti,"['Sighseeing', 'Centro Fotografia', 'Museo Conte', 'Casa Giulietta', 'Palazzo della Ragione']",Duomo,strategy_nearest,False,0.0034868717193603516,success
047A48429C4C80,0,['Arena'],Duomo,"['AMO', 'Museo Miniscalchi', 'Santa Anastasia', 'Teatro Romano', 'Palazzo della Ragione']",Castelvecchio,strategy_nearest,False,0.0021407604217529297,success
047A55429C4C80,1,"['Arena', 'Torre Lamberti', 'Palazzo della Ragione']",Casa Giulietta,"['Centro Fotografia', 'Sighseeing', 'Museo Conte', 'Museo Radio', 'San Fermo']",Santa Anastasia,strategy_nearest,False,0.0025081634521484375,success
047A623A9C4C80,1,"['Arena', 'Casa Giulietta']",Palazzo della Ragione,"['AMO', 'Museo Conte', 'Torre Lamberti', 'Centro Fotografia', 'Sighseeing']",Teatro Romano,strategy_nearest,False,0.002532958984375,success
047A72429C4C80,0,['Arena'],Casa Giulietta,"['Centro Fotografia', 'Sighseeing', 'Torre Lamberti', 'Museo Conte', 'Museo Radio']",Duomo,strategy_nearest,False,0.002077817916870117,success
047A713A9C4C80,1,"['Arena', 'Palazzo della Ragione', 'Torre Lamberti']",Santa Anastasia,"['AMO', 'Museo Conte', 'Teatro Romano', 'Centro Fotografia', 'Duomo']",Teatro Romano,strategy_nearest,True,0.0033349990844726562,success
047A77429C4C80,0,['Castelvecchio'],Arena,"['Verona Tour', 'Museo Lapidario', 'Museo Radio', 'San Fermo', 'Casa Giulietta']",Teatro Romano,strategy_nearest,False,0.003298044204711914,success
047A633A9C4C80,6,"['Arena', 'Casa Giulietta', 'Santa Anastasia']",Duomo,"['AMO', 'Museo Miniscalchi', 'Teatro Romano', 'Palazzo della Ragione', 'Museo Conte']",Palazzo della Ragione,strategy_nearest,True,0.002840757369995117,success
047A7D429C4C80,0,['Arena'],Casa Giulietta,"['Centro Fotografia', 'Sighseeing', 'Torre Lamberti', 'Museo Conte', 'Museo Radio']",Tomba Giulietta,strategy_nearest,False,0.0023717880249023438,success
047A824A9C4C80,3,"['Arena', 'Torre Lamberti']",Castelvecchio,"['Museo Lapidario', 'Verona Tour', 'Museo Radio', 'San Zeno', 'Sighseeing']",Teatro Romano,strategy_nearest,False,0.0028619766235351562,success
047A794A9C4C80,0,"['Arena', 'Museo Lapidario']",Castelvecchio,"['Verona Tour', 'Museo Radio', 'San Zeno', 'Sighseeing', 'Museo Miniscalchi']",San Zeno,strategy_nearest,True,0.0036029815673828125,success
047A833A9C4C80,0,['Arena'],Casa Giulietta,"['Centro Fotografia', 'Sighseeing', 'Torre Lamberti', 'Museo Conte', 'Museo Radio']",Duomo,strategy_nearest,False,0.003286123275756836,success
047AAD429C4C80,0,['Arena'],Casa Giulietta,"['Centro Fotografia', 'Sighseeing', 'Torre Lamberti', 'Museo Conte', 'Museo Radio']",Torre Lamberti,strategy_nearest,True,0.0020728111267089844,success
047AA2429C4C80,0,['Arena'],Duomo,"['AMO', 'Museo Miniscalchi', 'Santa Anastasia', 'Teatro Romano', 'Palazzo della Ragione']",Castelvecchio,strategy_nearest,False,0.0027391910552978516,success
047AB93A9C4C80,2,['Castelvecchio'],Palazzo della Ragione,"['AMO', 'Museo Conte', 'Torre Lamberti', 'Centro Fotografia', 'Sighseeing']",Casa Giulietta,strategy_nearest,False,0.003568887710571289,success
047ABE3A9C4C80,0,['Arena'],Torre Lamberti,"['Sighseeing', 'Centro Fotografia', 'Museo Conte', 'Casa Giulietta', 'Palazzo della Ragione']",Casa Giulietta,strategy_nearest,True,0.0028188228607177734,success
047ABF3A9C4C80,1,['Arena'],Torre Lamberti,"['Sighseeing', 'Centro Fotografia', 'Museo Conte', 'Casa Giulietta', 'Palazzo della Ragione']",Palazzo della Ragione,strategy_nearest,True,0.002524137496948242,success
047ABF429C4C80,2,"['Castelvecchio', 'Casa Giulietta']",San Fermo,"['Museo Storia', 'Museo Radio', 'Centro Fotografia', 'Arena', 'Sighseeing']",San Zeno,strategy_nearest,False,0.002791166305541992,success
047AEE3A9C4C80,0,['Arena'],Tomba Giulietta,"['San Fermo', 'Museo Storia', 'Museo Lapidario', 'Museo Radio', 'Verona Tour']",Casa Giulietta,strategy_nearest,False,0.0031609535217285156,success
047AC3429C4C80,3,['Arena'],Casa Giulietta,"['Centro Fotografia', 'Sighseeing', 'Torre Lamberti', 'Museo Conte', 'Museo Radio']",Torre Lamberti,strategy_nearest,True,0.0026988983154296875,success
047B03C27B3F84,1,"['Casa Giulietta', 'Torre Lamberti', 'Palazzo della Ragione']",Giardino Giusti,"['Santa Anastasia', 'Teatro Romano', 'Museo Conte', 'Centro Fotografia', 'Museo Storia']",Teatro Romano,strategy_nearest,True,0.0023360252380371094,success
047B08C27B3F84,0,"['Casa Giulietta', 'Arena']",Castelvecchio,"['Museo Lapidario', 'Verona Tour', 'Museo Radio', 'San Zeno', 'Sighseeing']",Teatro Romano,strategy_nearest,False,0.003213167190551758,success
047B09C27B3F84,1,"['Tomba Giulietta', 'Arena']",Torre Lamberti,"['Sighseeing', 'Centro Fotografia', 'Museo Conte', 'Casa Giulietta', 'Palazzo della Ragione']",Palazzo della Ragione,strategy_nearest,True,0.002604961395263672,success
047B0B429C4C84,1,"['Santa Anastasia', 'Casa Giulietta', 'San Fermo', 'Arena']",Torre Lamberti,"['Sighseeing', 'Centro Fotografia', 'Museo Conte', 'Palazzo della Ragione', 'AMO']",Palazzo della Ragione,strategy_nearest,True,0.002869129180908203,success
047B10429C4C84,3,"['Santa Anastasia', 'San Fermo']",Castelvecchio,"['Museo Lapidario', 'Verona Tour', 'Arena', 'Museo Radio', 'San Zeno']",Arena,strategy_nearest,True,0.0031690597534179688,success
047B10C27B3F84,1,['Palazzo della Ragione'],Torre Lamberti,"['Sighseeing', 'Centro Fotografia', 'Museo Conte', 'Casa Giulietta', 'AMO']",Giardino Giusti,strategy_nearest,False,0.004348039627075195,success
047B133A9C4C84,0,"['Arena', 'Casa Giulietta']",Torre Lamberti,"['Sighseeing', 'Centro Fotografia', 'Museo Conte', 'Palazzo della Ragione', 'AMO']",Castelvecchio,strategy_nearest,False,0.0026450157165527344,success
047B1A4A9C4C80,0,['Teatro Romano'],Castelvecchio,"['Museo Lapidario', 'Verona Tour', 'Arena', 'Museo Radio', 'San Zeno']",Arena,strategy_nearest,True,0.002476930618286133,success
047B14429C4C80,3,"['Arena', 'Casa Giulietta', 'Santa Anastasia', 'Torre Lamberti', 'Duomo']",Giardino Giusti,"['Teatro Romano', 'Museo Conte', 'Centro Fotografia', 'Museo Storia', 'AMO']",San Fermo,strategy_nearest,False,0.0037250518798828125,success
047B1B3A9C4C80,3,"['Castelvecchio', 'Casa Giulietta']",Arena,"['Verona Tour', 'Museo Lapidario', 'Museo Radio', 'San Fermo', 'Sighseeing']",Duomo,strategy_nearest,False,0.002808094024658203,success
047B1BC27B3F84,1,['Palazzo della Ragione'],Torre Lamberti,"['Sighseeing', 'Centro Fotografia', 'Museo Conte', 'Casa Giulietta', 'AMO']",Giardino Giusti,strategy_nearest,False,0.0021429061889648438,success
047B1CC27B3F84,1,"['Tomba Giulietta', 'Arena']",Torre Lamberti,"['Sighseeing', 'Centro Fotografia', 'Museo Conte', 'Casa Giulietta', 'Palazzo della Ragione']",Palazzo della Ragione,strategy_nearest,True,0.0026340484619140625,success
047B1F429C4C84,3,"['Museo Storia', 'San Fermo', 'Teatro Romano']",Santa Anastasia,"['AMO', 'Museo Conte', 'Palazzo della Ragione', 'Centro Fotografia', 'Duomo']",Torre Lamberti,strategy_nearest,False,0.0032320022583007812,success
047B1F3A9C4C80,3,"['Castelvecchio', 'Arena', 'Casa Giulietta', 'Santa Anastasia']",Duomo,"['AMO', 'Museo Miniscalchi', 'Teatro Romano', 'Palazzo della Ragione', 'Museo Conte']",San Zeno,strategy_nearest,False,0.0038089752197265625,success
047B20429C4C84,2,"['Palazzo della Ragione', 'Santa Anastasia', 'Duomo']",Teatro Romano,"['AMO', 'Museo Conte', 'Centro Fotografia', 'Museo Miniscalchi', 'Torre Lamberti']",San Fermo,strategy_nearest,False,0.003498077392578125,success
047B20429C4C80,0,['Arena'],Teatro Romano,"['Santa Anastasia', 'Duomo', 'AMO', 'Palazzo della Ragione', 'Museo Conte']",Castelvecchio,strategy_nearest,False,0.0029799938201904297,success
047B2B3A9C4C80,1,['Arena'],Palazzo della Ragione,"['AMO', 'Museo Conte', 'Torre Lamberti', 'Centro Fotografia', 'Sighseeing']",Torre Lamberti,strategy_nearest,True,0.003184795379638672,success
047B263A9C4C80,3,"['Teatro Romano', 'Santa Anastasia']",Arena,"['Verona Tour', 'Museo Lapidario', 'Museo Radio', 'San Fermo', 'Casa Giulietta']",Castelvecchio,strategy_nearest,False,0.0034050941467285156,success
047B21429C4C80,0,['Arena'],Casa Giulietta,"['Centro Fotografia', 'Sighseeing', 'Torre Lamberti', 'Museo Conte', 'Museo Radio']",Duomo,strategy_nearest,False,0.002743959426879883,success
047B2F4A9C4C80,3,"['Torre Lamberti', 'Santa Anastasia', 'Arena']",Castelvecchio,"['Museo Lapidario', 'Verona Tour', 'Museo Radio', 'San Zeno', 'Sighseeing']",Teatro Romano,strategy_nearest,False,0.0031800270080566406,success
047B3D4A9C4C80,1,['Torre Lamberti'],Palazzo della Ragione,"['AMO', 'Museo Conte', 'Centro Fotografia', 'Sighseeing', 'Santa Anastasia']",Arena,strategy_nearest,False,0.0015358924865722656,success
047B403A9C4C80,1,"['Arena', 'Palazzo della Ragione']",Duomo,"['AMO', 'Museo Miniscalchi', 'Santa Anastasia', 'Teatro Romano', 'Museo Conte']",Castelvecchio,strategy_nearest,False,0.0023679733276367188,success
047B3F3A9C4C80,3,['Santa Anastasia'],Arena,"['Verona Tour', 'Museo Lapidario', 'Museo Radio', 'San Fermo', 'Casa Giulietta']",Teatro Romano,strategy_nearest,False,0.0033321380615234375,success
047B4A429C4C80,0,"['Casa Giulietta', 'Teatro Romano']",Arena,"['Verona Tour', 'Museo Lapidario', 'Museo Radio', 'San Fermo', 'Sighseeing']",Tomba Giulietta,strategy_nearest,False,0.002725839614868164,success
047B473A9C4C80,3,['Teatro Romano'],Arena,"['Verona Tour', 'Museo Lapidario', 'Museo Radio', 'San Fermo', 'Casa Giulietta']",Santa Anastasia,strategy_nearest,False,0.0038220882415771484,success
047B4B3A9C4C80,1,['Arena'],Santa Anastasia,"['AMO', 'Museo Conte', 'Palazzo della Ragione', 'Teatro Romano', 'Centro Fotografia']",Palazzo della Ragione,strategy_nearest,True,0.0022461414337158203,success
047B5E3A9C4C80,3,"['Arena', 'San Fermo']",Teatro Romano,"['Santa Anastasia', 'Duomo', 'AMO', 'Palazzo della Ragione', 'Museo Conte']",Duomo,strategy_nearest,True,0.0026988983154296875,success
047B60429C4C80,0,"['Arena', 'Casa Giulietta']",Giardino Giusti,"['Santa Anastasia', 'Teatro Romano', 'Museo Conte', 'Centro Fotografia', 'Museo Storia']",Teatro Romano,strategy_nearest,True,0.0025191307067871094,success
047B7C4A9C4C80,0,['Arena'],Teatro Romano,"['Santa Anastasia', 'Duomo', 'AMO', 'Palazzo della Ragione', 'Museo Conte']",Casa Giulietta,strategy_nearest,False,0.003075122833251953,success
047B833A9C4C80,3,"['Arena', 'Casa Giulietta']",Torre Lamberti,"['Sighseeing', 'Centro Fotografia', 'Museo Conte', 'Palazzo della Ragione', 'AMO']",Duomo,strategy_nearest,False,0.0035390853881835938,success
047B71429C4C80,3,"['Arena', 'Torre Lamberti']",Casa Giulietta,"['Centro Fotografia', 'Sighseeing', 'Museo Conte', 'Museo Radio', 'Palazzo della Ragione']",Teatro Romano,strategy_nearest,False,0.0018298625946044922,success
047B85429C4C80,1,"['Arena', 'Tomba Giulietta', 'San Fermo', 'Casa Giulietta']",Palazzo della Ragione,"['AMO', 'Museo Conte', 'Torre Lamberti', 'Centro Fotografia', 'Sighseeing']",Torre Lamberti,strategy_nearest,True,0.0017421245574951172,success
047B8B3A9C4C80,0,"['Castelvecchio', 'Arena']",Tomba Giulietta,"['San Fermo', 'Museo Storia', 'Museo Lapidario', 'Museo Radio', 'Verona Tour']",Museo Storia,strategy_nearest,True,0.0022678375244140625,success
047B883A9C4C80,3,['Torre Lamberti'],Santa Anastasia,"['AMO', 'Museo Conte', 'Palazzo della Ragione', 'Teatro Romano', 'Centro Fotografia']",Casa Giulietta,strategy_nearest,False,0.003055095672607422,success
047B88429C4C80,3,"['San Fermo', 'Santa Anastasia']",Teatro Romano,"['Duomo', 'AMO', 'Palazzo della Ragione', 'Museo Conte', 'Centro Fotografia']",Arena,strategy_nearest,False,0.0037078857421875,success
047B91429C4C80,0,"['Casa Giulietta', 'Arena']",Tomba Giulietta,"['San Fermo', 'Museo Storia', 'Museo Lapidario', 'Museo Radio', 'Verona Tour']",San Zeno,strategy_nearest,False,0.0015287399291992188,success
047B91C27B3F80,1,"['Casa Giulietta', 'Tomba Giulietta']",Teatro Romano,"['Santa Anastasia', 'Duomo', 'AMO', 'Palazzo della Ragione', 'Museo Conte']",Palazzo della Ragione,strategy_nearest,True,0.0042879581451416016,success
047B904A9C4C80,3,"['Santa Anastasia', 'Arena']",Castelvecchio,"['Museo Lapidario', 'Verona Tour', 'Museo Radio', 'San Zeno', 'Sighseeing']",San Zeno,strategy_nearest,True,0.0031778812408447266,success
047B8BC27B3F80,6,"['Casa Giulietta', 'Verona Tour']",Tomba Giulietta,"['San Fermo', 'Museo Storia', 'Arena', 'Museo Lapidario', 'Museo Radio']",Museo Storia,strategy_nearest,True,0.004390239715576172,success
047B97C27B3F80,1,['Casa Giulietta'],Torre Lamberti,"['Sighseeing', 'Centro Fotografia', 'Museo Conte', 'Palazzo della Ragione', 'AMO']",Palazzo della Ragione,strategy_nearest,True,0.0023338794708251953,success
047B98C27B3F80,6,"['Casa Giulietta', 'Verona Tour']",Tomba Giulietta,"['San Fermo', 'Museo Storia', 'Arena', 'Museo Lapidario', 'Museo Radio']",Museo Storia,strategy_nearest,True,0.001767873764038086,success
047B9DC27B3F80,1,"['Casa Giulietta', 'Torre Lamberti', 'Palazzo della Ragione']",Giardino Giusti,"['Santa Anastasia', 'Teatro Romano', 'Museo Conte', 'Centro Fotografia', 'Museo Storia']",Teatro Romano,strategy_nearest,True,0.002927064895629883,success
047B9EC27B3F80,1,"['Casa Giulietta', 'Tomba Giulietta']",Teatro Romano,"['Santa Anastasia', 'Duomo', 'AMO', 'Palazzo della Ragione', 'Museo Conte']",Palazzo della Ragione,strategy_nearest,True,0.003874063491821289,success
047B9F429C4C80,1,"['Teatro Romano', 'Santa Anastasia']",Palazzo della Ragione,"['AMO', 'Museo Conte', 'Torre Lamberti', 'Centro Fotografia', 'Sighseeing']",Torre Lamberti,strategy_nearest,True,0.003971099853515625,success
047BA1429C4C80,0,['Arena'],Casa Giulietta,"['Centro Fotografia', 'Sighseeing', 'Torre Lamberti', 'Museo Conte', 'Museo Radio']",Torre Lamberti,strategy_nearest,True,0.0020890235900878906,success
047BA2429C4C80,0,['Arena'],Torre Lamberti,"['Sighseeing', 'Centro Fotografia', 'Museo Conte', 'Casa Giulietta', 'Palazzo della Ragione']",Casa Giulietta,strategy_nearest,True,0.001316070556640625,success
047BA4C27B3F80,1,"['Casa Giulietta', 'Torre Lamberti', 'Palazzo della Ragione']",Giardino Giusti,"['Santa Anastasia', 'Teatro Romano', 'Museo Conte', 'Centro Fotografia', 'Museo Storia']",Teatro Romano,strategy_nearest,True,0.0036230087280273438,success
047BA3C27B3F80,1,"['Casa Giulietta', 'Torre Lamberti', 'Palazzo della Ragione']",Giardino Giusti,"['Santa Anastasia', 'Teatro Romano', 'Museo Conte', 'Centro Fotografia', 'Museo Storia']",Teatro Romano,strategy_nearest,True,0.0029032230377197266,success
047BA9C27B3F80,1,"['Casa Giulietta', 'Tomba Giulietta', 'Teatro Romano']",Santa Anastasia,"['AMO', 'Museo Conte', 'Palazzo della Ragione', 'Centro Fotografia', 'Duomo']",Palazzo della Ragione,strategy_nearest,True,0.0024061203002929688,success
047BB73A9C4C80,1,"['San Zeno', 'Castelvecchio', 'Teatro Romano', 'Duomo']",Casa Giulietta,"['Centro Fotografia', 'Sighseeing', 'Torre Lamberti', 'Museo Conte', 'Museo Radio']",Torre Lamberti,strategy_nearest,True,0.002093076705932617,success
047BAC3A9C4C80,0,['Casa Giulietta'],Torre Lamberti,"['Sighseeing', 'Centro Fotografia', 'Museo Conte', 'Palazzo della Ragione', 'AMO']",Arena,strategy_nearest,False,0.0031058788299560547,success
047BBA3A9C4C80,3,"['Castelvecchio', 'Arena', 'Casa Giulietta']",Torre Lamberti,"['Sighseeing', 'Centro Fotografia', 'Museo Conte', 'Palazzo della Ragione', 'AMO']",Santa Anastasia,strategy_nearest,False,0.003120899200439453,success
047BB8429C4C80,1,"['Torre Lamberti', 'Palazzo della Ragione']",Casa Giulietta,"['Centro Fotografia', 'Sighseeing', 'Museo Conte', 'Museo Radio', 'San Fermo']",Tomba Giulietta,strategy_nearest,False,0.0027799606323242188,success
047BC53A9C4C80,1,"['Santa Anastasia', 'Torre Lamberti']",Palazzo della Ragione,"['AMO', 'Museo Conte', 'Centro Fotografia', 'Sighseeing', 'Museo Miniscalchi']",Casa Giulietta,strategy_nearest,False,0.0015270709991455078,success
047BBB3A9C4C80,2,"['Tomba Giulietta', 'San Fermo']",Casa Giulietta,"['Centro Fotografia', 'Sighseeing', 'Torre Lamberti', 'Museo Conte', 'Museo Radio']",Santa Anastasia,strategy_nearest,False,0.00403904914855957,success
047BC93A9C4C80,1,"['Castelvecchio', 'San Zeno', 'Arena']",Casa Giulietta,"['Centro Fotografia', 'Sighseeing', 'Torre Lamberti', 'Museo Conte', 'Museo Radio']",San Fermo,strategy_nearest,False,0.002006053924560547,success
047BC2C27B3F80,2,['Casa Giulietta'],Castelvecchio,"['Museo Lapidario', 'Verona Tour', 'Arena', 'Museo Radio', 'San Zeno']",Palazzo della Ragione,strategy_nearest,False,0.0035309791564941406,success
047BCF3A9C4C80,2,['Castelvecchio'],Santa Anastasia,"['AMO', 'Museo Conte', 'Palazzo della Ragione', 'Teatro Romano', 'Centro Fotografia']",Duomo,strategy_nearest,False,0.002498149871826172,success
047BCEC27B3F80,2,['Casa Giulietta'],Castelvecchio,"['Museo Lapidario', 'Verona Tour', 'Arena', 'Museo Radio', 'San Zeno']",Palazzo della Ragione,strategy_nearest,False,0.001940011978149414,success
047BCF429C4C80,3,"['Arena', 'Casa Giulietta', 'Tomba Giulietta']",San Fermo,"['Museo Storia', 'Museo Radio', 'Centro Fotografia', 'Sighseeing', 'Torre Lamberti']",Giardino Giusti,strategy_nearest,False,0.003633260726928711,success
047BD0429C4C80,1,"['Torre Lamberti', 'Palazzo della Ragione', 'Teatro Romano']",Castelvecchio,"['Museo Lapidario', 'Verona Tour', 'Arena', 'Museo Radio', 'San Zeno']",San Zeno,strategy_nearest,True,0.0027799606323242188,success
047BD8C27B3F80,0,"['Casa Giulietta', 'Arena']",Castelvecchio,"['Museo Lapidario', 'Verona Tour', 'Museo Radio', 'San Zeno', 'Sighseeing']",Teatro Romano,strategy_nearest,False,0.0026540756225585938,success
047BDA429C4C80,0,"['Arena', 'Torre Lamberti']",Casa Giulietta,"['Centro Fotografia', 'Sighseeing', 'Museo Conte', 'Museo Radio', 'Palazzo della Ragione']",Teatro Romano,strategy_nearest,False,0.002958059310913086,success
047BDB429C4C80,1,"['Arena', 'Casa Giulietta', 'Palazzo della Ragione']",Torre Lamberti,"['Sighseeing', 'Centro Fotografia', 'Museo Conte', 'AMO', 'Museo Miniscalchi']",Santa Anastasia,strategy_nearest,False,0.0023751258850097656,success
047BE5C27B3F80,1,"['Casa Giulietta', 'Tomba Giulietta', 'Teatro Romano']",Santa Anastasia,"['AMO', 'Museo Conte', 'Palazzo della Ragione', 'Centro Fotografia', 'Duomo']",Palazzo della Ragione,strategy_nearest,True,0.001995086669921875,success
047BE03A9C4C80,0,['Teatro Romano'],Duomo,"['AMO', 'Museo Miniscalchi', 'Santa Anastasia', 'Palazzo della Ragione', 'Museo Conte']",Arena,strategy_nearest,False,0.0032567977905273438,success
047BE93A9C4C80,3,"['Arena', 'Casa Giulietta', 'Torre Lamberti']",Santa Anastasia,"['AMO', 'Museo Conte', 'Palazzo della Ragione', 'Teatro Romano', 'Centro Fotografia']",Duomo,strategy_nearest,False,0.0028209686279296875,success
047BE7429C4C80,0,"['Arena', 'Casa Giulietta']",Castelvecchio,"['Museo Lapidario', 'Verona Tour', 'Museo Radio', 'San Zeno', 'Sighseeing']",Torre Lamberti,strategy_nearest,False,0.0027570724487304688,success
047BE73A9C4C80,3,['Santa Anastasia'],Torre Lamberti,"['Sighseeing', 'Centro Fotografia', 'Museo Conte', 'Casa Giulietta', 'Palazzo della Ragione']",Casa Giulietta,strategy_nearest,True,0.003657102584838867,success
047BF03A9C4C80,6,"['Arena', 'Casa Giulietta', 'Torre Lamberti']",Palazzo della Ragione,"['AMO', 'Museo Conte', 'Centro Fotografia', 'Sighseeing', 'Santa Anastasia']",Santa Anastasia,strategy_nearest,True,0.0031881332397460938,success
047C0B429C4C80,4,"['Arena', 'Torre Lamberti', 'Palazzo della Ragione']",Casa Giulietta,"['Centro Fotografia', 'Sighseeing', 'Museo Conte', 'Museo Radio', 'San Fermo']",San Fermo,strategy_nearest,True,0.0016357898712158203,success
047C0E3A9C4C80,3,"['Casa Giulietta', 'Arena']",Castelvecchio,"['Museo Lapidario', 'Verona Tour', 'Museo Radio', 'San Zeno', 'Sighseeing']",Teatro Romano,strategy_nearest,False,0.0026199817657470703,success
047C0F3A9C4C80,1,"['Arena', 'Casa Giulietta']",Torre Lamberti,"['Sighseeing', 'Centro Fotografia', 'Museo Conte', 'Palazzo della Ragione', 'AMO']",Palazzo della Ragione,strategy_nearest,True,0.002607107162475586,success
047C0F3A9C4C84,0,['Castelvecchio'],Arena,"['Verona Tour', 'Museo Lapidario', 'Museo Radio', 'San Fermo', 'Casa Giulietta']",Casa Giulietta,strategy_nearest,True,0.003172159194946289,success
047C143A9C4C84,0,['Arena'],Casa Giulietta,"['Centro Fotografia', 'Sighseeing', 'Torre Lamberti', 'Museo Conte', 'Museo Radio']",Torre Lamberti,strategy_nearest,True,0.0018811225891113281,success
047C113A9C4C84,0,['Torre Lamberti'],Arena,"['Verona Tour', 'Museo Lapidario', 'Museo Radio', 'San Fermo', 'Casa Giulietta']",Castelvecchio,strategy_nearest,False,0.002663135528564453,success
047C133A9C4C84,2,"['Palazzo della Ragione', 'Casa Giulietta', 'Castelvecchio']",San Zeno,"['Verona Tour', 'Museo Lapidario', 'Arena', 'Museo Miniscalchi', 'Sighseeing']",San Fermo,strategy_nearest,False,0.0033049583435058594,success
047C14429C4C84,0,['Arena'],Casa Giulietta,"['Centro Fotografia', 'Sighseeing', 'Torre Lamberti', 'Museo Conte', 'Museo Radio']",Castelvecchio,strategy_nearest,False,0.0032291412353515625,success
047C15429C4C84,0,"['Castelvecchio', 'Arena']",Torre Lamberti,"['Sighseeing', 'Centro Fotografia', 'Museo Conte', 'Casa Giulietta', 'Palazzo della Ragione']",Casa Giulietta,strategy_nearest,True,0.001756906509399414,success
047C164A9C4C80,3,"['Arena', 'Casa Giulietta', 'Torre Lamberti']",Teatro Romano,"['Santa Anastasia', 'Duomo', 'AMO', 'Palazzo della Ragione', 'Museo Conte']",Castelvecchio,strategy_nearest,False,0.002529144287109375,success
047C193A9C4C84,0,['Arena'],Casa Giulietta,"['Centro Fotografia', 'Sighseeing', 'Torre Lamberti', 'Museo Conte', 'Museo Radio']",Santa Anastasia,strategy_nearest,False,0.0024111270904541016,success
047C173A9C4C84,3,"['Arena', 'San Fermo', 'Torre Lamberti']",Santa Anastasia,"['AMO', 'Museo Conte', 'Palazzo della Ragione', 'Teatro Romano', 'Centro Fotografia']",Duomo,strategy_nearest,False,0.0027709007263183594,success
047C1D429C4C80,0,['Arena'],Arena,"['Verona Tour', 'Museo Lapidario', 'Museo Radio', 'San Fermo', 'Casa Giulietta']",Casa Giulietta,strategy_nearest,True,0.0024361610412597656,success
047C1F3A9C4C84,2,['Casa Giulietta'],San Zeno,"['Castelvecchio', 'Verona Tour', 'Museo Lapidario', 'Arena', 'Museo Miniscalchi']",Torre Lamberti,strategy_nearest,False,0.0038290023803710938,success
047C2D4A9C4C80,3,"['Casa Giulietta', 'Arena', 'Museo Lapidario']",Castelvecchio,"['Verona Tour', 'Museo Radio', 'San Zeno', 'Sighseeing', 'Museo Miniscalchi']",Santa Anastasia,strategy_nearest,False,0.003361940383911133,success
047C234A9C4C80,1,"['Casa Giulietta', 'Torre Lamberti', 'Palazzo della Ragione']",Santa Anastasia,"['AMO', 'Museo Conte', 'Teatro Romano', 'Centro Fotografia', 'Duomo']",Duomo,strategy_nearest,True,0.0037870407104492188,success
047C263A9C4C80,3,"['Tomba Giulietta', 'Casa Giulietta', 'Torre Lamberti']",Arena,"['Verona Tour', 'Museo Lapidario', 'Museo Radio', 'San Fermo', 'Sighseeing']",Castelvecchio,strategy_nearest,False,0.0022318363189697266,success
047C3A4A9C4C80,0,['Castelvecchio'],Arena,"['Verona Tour', 'Museo Lapidario', 'Museo Radio', 'San Fermo', 'Casa Giulietta']",Casa Giulietta,strategy_nearest,True,0.0021789073944091797,success
047C373A9C4C80,3,"['Arena', 'Casa Giulietta']",Torre Lamberti,"['Sighseeing', 'Centro Fotografia', 'Museo Conte', 'Palazzo della Ragione', 'AMO']",Santa Anastasia,strategy_nearest,False,0.0028111934661865234,success
047C2E3A9C4C80,3,"['Torre Lamberti', 'Santa Anastasia']",Duomo,"['AMO', 'Museo Miniscalchi', 'Teatro Romano', 'Palazzo della Ragione', 'Museo Conte']",Casa Giulietta,strategy_nearest,False,0.001661062240600586,success
047C44429C4C80,3,"['Arena', 'Casa Giulietta']",Santa Anastasia,"['AMO', 'Museo Conte', 'Palazzo della Ragione', 'Teatro Romano', 'Centro Fotografia']",Giardino Giusti,strategy_nearest,False,0.003203868865966797,success
047C51429C4C80,2,['Castelvecchio'],Torre Lamberti,"['Sighseeing', 'Centro Fotografia', 'Museo Conte', 'Casa Giulietta', 'Palazzo della Ragione']",Giardino Giusti,strategy_nearest,False,0.002206087112426758,success
047C6E429C4C80,1,"['Palazzo della Ragione', 'Santa Anastasia']",Duomo,"['AMO', 'Museo Miniscalchi', 'Teatro Romano', 'Museo Conte', 'Torre Lamberti']",Casa Giulietta,strategy_nearest,False,0.002663850784301758,success
047C613A9C4C80,0,"['Arena', 'Torre Lamberti']",Casa Giulietta,"['Centro Fotografia', 'Sighseeing', 'Museo Conte', 'Museo Radio', 'Palazzo della Ragione']",San Fermo,strategy_nearest,False,0.0014691352844238281,success
047C50429C4C80,2,['Santa Anastasia'],Castelvecchio,"['Museo Lapidario', 'Verona Tour', 'Arena', 'Museo Radio', 'San Zeno']",San Zeno,strategy_nearest,True,0.003523111343383789,success
047C783A9C4C80,3,"['Arena', 'Casa Giulietta']",Torre Lamberti,"['Sighseeing', 'Centro Fotografia', 'Museo Conte', 'Palazzo della Ragione', 'AMO']",Teatro Romano,strategy_nearest,False,0.002796173095703125,success
047C753A9C4C80,1,['Arena'],Giardino Giusti,"['Santa Anastasia', 'Teatro Romano', 'Museo Conte', 'Centro Fotografia', 'Museo Storia']",Palazzo della Ragione,strategy_nearest,False,0.0022521018981933594,success
047C71429C4C80,3,"['Arena', 'Casa Giulietta']",Torre Lamberti,"['Sighseeing', 'Centro Fotografia', 'Museo Conte', 'Palazzo della Ragione', 'AMO']",Santa Anastasia,strategy_nearest,False,0.002774953842163086,success
047C78429C4C80,1,"['Casa Giulietta', 'Arena', 'Museo Lapidario']",Castelvecchio,"['Verona Tour', 'Museo Radio', 'San Zeno', 'Sighseeing', 'Museo Miniscalchi']",Santa Anastasia,strategy_nearest,False,0.002933025360107422,success
047C81429C4C80,0,['Arena'],Castelvecchio,"['Museo Lapidario', 'Verona Tour', 'Museo Radio', 'San Zeno', 'Sighseeing']",Casa Giulietta,strategy_nearest,False,0.002067089080810547,success
047C853A9C4C80,3,"['Arena', 'Casa Giulietta']",Santa Anastasia,"['AMO', 'Museo Conte', 'Palazzo della Ragione', 'Teatro Romano', 'Centro Fotografia']",Duomo,strategy_nearest,False,0.0026149749755859375,success
047C88429C4C80,3,"['Arena', 'Casa Giulietta']",Torre Lamberti,"['Sighseeing', 'Centro Fotografia', 'Museo Conte', 'Palazzo della Ragione', 'AMO']",Duomo,strategy_nearest,False,0.002507925033569336,success
047C904A9C4C80,3,"['Casa Giulietta', 'Torre Lamberti', 'Santa Anastasia']",Duomo,"['AMO', 'Museo Miniscalchi', 'Teatro Romano', 'Palazzo della Ragione', 'Museo Conte']",Tomba Giulietta,strategy_nearest,False,0.004106044769287109,success
047CA0429C4C80,1,"['Museo Lapidario', 'Arena', 'San Fermo']",Teatro Romano,"['Santa Anastasia', 'Duomo', 'AMO', 'Palazzo della Ragione', 'Museo Conte']",Torre Lamberti,strategy_nearest,False,0.002897977828979492,success
047CA54A9C4C80,1,"['Castelvecchio', 'Palazzo della Ragione']",Torre Lamberti,"['Sighseeing', 'Centro Fotografia', 'Museo Conte', 'Casa Giulietta', 'AMO']",Casa Giulietta,strategy_nearest,True,0.003721952438354492,success
047CA93A9C4C80,0,['Castelvecchio'],Arena,"['Verona Tour', 'Museo Lapidario', 'Museo Radio', 'San Fermo', 'Casa Giulietta']",Santa Anastasia,strategy_nearest,False,0.0038177967071533203,success
047CAB429C4C80,3,"['Castelvecchio', 'Arena', 'Duomo', 'Casa Giulietta']",Tomba Giulietta,"['San Fermo', 'Museo Storia', 'Museo Lapidario', 'Museo Radio', 'Verona Tour']",Museo Storia,strategy_nearest,True,0.002221822738647461,success
047CBC429C4C80,3,"['Castelvecchio', 'Arena', 'Casa Giulietta']",Torre Lamberti,"['Sighseeing', 'Centro Fotografia', 'Museo Conte', 'Palazzo della Ragione', 'AMO']",Santa Anastasia,strategy_nearest,False,0.0028638839721679688,success
047CBF429C4C80,1,"['Arena', 'Casa Giulietta']",Torre Lamberti,"['Sighseeing', 'Centro Fotografia', 'Museo Conte', 'Palazzo della Ragione', 'AMO']",Palazzo della Ragione,strategy_nearest,True,0.002721071243286133,success
047CB23A9C4C80,3,"['Santa Anastasia', 'Torre Lamberti', 'Casa Giulietta']",Arena,"['Verona Tour', 'Museo Lapidario', 'Museo Radio', 'San Fermo', 'Sighseeing']",Tomba Giulietta,strategy_nearest,False,0.0022809505462646484,success
047CC1429C4C80,1,"['Arena', 'Casa Giulietta']",Torre Lamberti,"['Sighseeing', 'Centro Fotografia', 'Museo Conte', 'Palazzo della Ragione', 'AMO']",Palazzo della Ragione,strategy_nearest,True,0.0034151077270507812,success
047CC3429C4C80,3,['Arena'],Casa Giulietta,"['Centro Fotografia', 'Sighseeing', 'Torre Lamberti', 'Museo Conte', 'Museo Radio']",Santa Anastasia,strategy_nearest,False,0.002821207046508789,success
047CD13A9C4C80,3,"['Arena', 'San Fermo']",Torre Lamberti,"['Sighseeing', 'Centro Fotografia', 'Museo Conte', 'Casa Giulietta', 'Palazzo della Ragione']",Giardino Giusti,strategy_nearest,False,0.0028312206268310547,success
047CCB3A9C4C80,0,['Arena'],Casa Giulietta,"['Centro Fotografia', 'Sighseeing', 'Torre Lamberti', 'Museo Conte', 'Museo Radio']",Torre Lamberti,strategy_nearest,True,0.002193927764892578,success
047CDD3A9C4C80,1,['Arena'],Palazzo della Ragione,"['AMO', 'Museo Conte', 'Torre Lamberti', 'Centro Fotografia', 'Sighseeing']",Casa Giulietta,strategy_nearest,False,0.003467082977294922,success
047CDE429C4C80,3,"['Teatro Romano', 'Casa Giulietta']",Arena,"['Verona Tour', 'Museo Lapidario', 'Museo Radio', 'San Fermo', 'Sighseeing']",Castelvecchio,strategy_nearest,False,0.0027227401733398438,success
047CE73A9C4C80,0,"['Arena', 'Casa Giulietta']",Teatro Romano,"['Santa Anastasia', 'Duomo', 'AMO', 'Palazzo della Ragione', 'Museo Conte']",Tomba Giulietta,strategy_nearest,False,0.002593994140625,success
047CE83A9C4C80,0,['Arena'],Casa Giulietta,"['Centro Fotografia', 'Sighseeing', 'Torre Lamberti', 'Museo Conte', 'Museo Radio']",Santa Anastasia,strategy_nearest,False,0.0037391185760498047,success
047D01429C4C84,0,"['Torre Lamberti', 'Teatro Romano']",Casa Giulietta,"['Centro Fotografia', 'Sighseeing', 'Museo Conte', 'Museo Radio', 'Palazzo della Ragione']",Arena,strategy_nearest,False,0.0019268989562988281,success
047CE03A9C4C80,0,['Arena'],Casa Giulietta,"['Centro Fotografia', 'Sighseeing', 'Torre Lamberti', 'Museo Conte', 'Museo Radio']",Torre Lamberti,strategy_nearest,True,0.0033600330352783203,success
047CF13A9C4C80,0,['Arena'],Castelvecchio,"['Museo Lapidario', 'Verona Tour', 'Museo Radio', 'San Zeno', 'Sighseeing']",Casa Giulietta,strategy_nearest,False,0.004620075225830078,success
047D033A9C4C84,0,"['Teatro Romano', 'Duomo']",Casa Giulietta,"['Centro Fotografia', 'Sighseeing', 'Torre Lamberti', 'Museo Conte', 'Museo Radio']",Arena,strategy_nearest,False,0.0020160675048828125,success
047D0D3A9C4C84,3,"['Arena', 'Museo Lapidario']",Santa Anastasia,"['AMO', 'Museo Conte', 'Palazzo della Ragione', 'Teatro Romano', 'Centro Fotografia']",Duomo,strategy_nearest,False,0.002686023712158203,success
047D0E3A9C4C80,0,['Casa Giulietta'],Torre Lamberti,"['Sighseeing', 'Centro Fotografia', 'Museo Conte', 'Palazzo della Ragione', 'AMO']",Castelvecchio,strategy_nearest,False,0.0032739639282226562,success
047D0F3A9C4C84,0,['Torre Lamberti'],Casa Giulietta,"['Centro Fotografia', 'Sighseeing', 'Museo Conte', 'Museo Radio', 'Palazzo della Ragione']",Arena,strategy_nearest,False,0.0031228065490722656,success
047D104A9C4C80,0,"['Arena', 'Torre Lamberti']",Casa Giulietta,"['Centro Fotografia', 'Sighseeing', 'Museo Conte', 'Museo Radio', 'Palazzo della Ragione']",Castelvecchio,strategy_nearest,False,0.003364086151123047,success
047D113A9C4C84,0,"['Castelvecchio', 'Arena']",Duomo,"['AMO', 'Museo Miniscalchi', 'Santa Anastasia', 'Teatro Romano', 'Palazzo della Ragione']",Teatro Romano,strategy_nearest,True,0.0025920867919921875,success
047D13429C4C80,2,['Casa Giulietta'],Teatro Romano,"['Santa Anastasia', 'Duomo', 'AMO', 'Palazzo della Ragione', 'Museo Conte']",Duomo,strategy_nearest,True,0.002526998519897461,success
047D11429C4C80,0,"['Castelvecchio', 'Arena']",Casa Giulietta,"['Centro Fotografia', 'Sighseeing', 'Torre Lamberti', 'Museo Conte', 'Museo Radio']",Duomo,strategy_nearest,False,0.004045009613037109,success
047D1A429C4C84,3,"['Casa Giulietta', 'Torre Lamberti', 'Santa Anastasia', 'Tomba Giulietta']",San Fermo,"['Museo Storia', 'Museo Radio', 'Centro Fotografia', 'Arena', 'Sighseeing']",Arena,strategy_nearest,True,0.0025649070739746094,success
047D1F3A9C4C80,2,['Casa Giulietta'],Torre Lamberti,"['Sighseeing', 'Centro Fotografia', 'Museo Conte', 'Palazzo della Ragione', 'AMO']",Palazzo della Ragione,strategy_nearest,True,0.003280162811279297,success
047D204A9C4C80,0,"['Arena', 'Torre Lamberti']",Casa Giulietta,"['Centro Fotografia', 'Sighseeing', 'Museo Conte', 'Museo Radio', 'Palazzo della Ragione']",Giardino Giusti,strategy_nearest,False,0.0033769607543945312,success
047D1F3A9C4C84,3,"['Santa Anastasia', 'Duomo', 'Teatro Romano']",Torre Lamberti,"['Sighseeing', 'Centro Fotografia', 'Museo Conte', 'Casa Giulietta', 'Palazzo della Ragione']",Arena,strategy_nearest,False,0.002567291259765625,success
047D213A9C4C80,6,['Castelvecchio'],Torre Lamberti,"['Sighseeing', 'Centro Fotografia', 'Museo Conte', 'Casa Giulietta', 'Palazzo della Ragione']",Palazzo della Ragione,strategy_nearest,True,0.003219127655029297,success
047D294A9C4C80,0,"['Arena', 'Torre Lamberti']",Casa Giulietta,"['Centro Fotografia', 'Sighseeing', 'Museo Conte', 'Museo Radio', 'Palazzo della Ragione']",Teatro Romano,strategy_nearest,False,0.0029621124267578125,success
047D2A3A9C4C80,2,['Casa Giulietta'],Teatro Romano,"['Santa Anastasia', 'Duomo', 'AMO', 'Palazzo della Ragione', 'Museo Conte']",Giardino Giusti,strategy_nearest,False,0.003506183624267578,success
047D2F4A9C4C80,3,"['Arena', 'Casa Giulietta', 'Torre Lamberti']",San Fermo,"['Museo Storia', 'Museo Radio', 'Centro Fotografia', 'Sighseeing', 'Museo Conte']",Tomba Giulietta,strategy_nearest,False,0.0018029212951660156,success
047D31429C4C80,0,"['Arena', 'Casa Giulietta']",Torre Lamberti,"['Sighseeing', 'Centro Fotografia', 'Museo Conte', 'Palazzo della Ragione', 'AMO']",Castelvecchio,strategy_nearest,False,0.0028128623962402344,success
047D383A9C4C80,1,"['Duomo', 'Arena', 'Casa Giulietta']",Palazzo della Ragione,"['AMO', 'Museo Conte', 'Torre Lamberti', 'Centro Fotografia', 'Sighseeing']",Torre Lamberti,strategy_nearest,True,0.003398895263671875,success
047D3A4A9C4C80,2,['San Fermo'],Casa Giulietta,"['Centro Fotografia', 'Sighseeing', 'Torre Lamberti', 'Museo Conte', 'Museo Radio']",Teatro Romano,strategy_nearest,False,0.0031599998474121094,success
047D39429C4C80,3,"['Arena', 'Casa Giulietta']",Duomo,"['AMO', 'Museo Miniscalchi', 'Santa Anastasia', 'Teatro Romano', 'Palazzo della Ragione']",Santa Anastasia,strategy_nearest,True,0.0024271011352539062,success
047D4F429C4C80,0,['Arena'],Torre Lamberti,"['Sighseeing', 'Centro Fotografia', 'Museo Conte', 'Casa Giulietta', 'Palazzo della Ragione']",Giardino Giusti,strategy_nearest,False,0.002604961395263672,success
047D5A3A9C4C80,3,"['Arena', 'Casa Giulietta', 'Torre Lamberti', 'Santa Anastasia']",Duomo,"['AMO', 'Museo Miniscalchi', 'Teatro Romano', 'Palazzo della Ragione', 'Museo Conte']",Teatro Romano,strategy_nearest,True,0.003242015838623047,success
047D843A9C4C80,1,"['Arena', 'Casa Giulietta']",Duomo,"['AMO', 'Museo Miniscalchi', 'Santa Anastasia', 'Teatro Romano', 'Palazzo della Ragione']",Torre Lamberti,strategy_nearest,False,0.0023698806762695312,success
047D834A9C4C80,0,['Arena'],Museo Lapidario,"['Verona Tour', 'Castelvecchio', 'Museo Radio', 'San Fermo', 'Casa Giulietta']",Castelvecchio,strategy_nearest,True,0.003268003463745117,success
047D85429C4C80,2,"['Castelvecchio', 'Torre Lamberti', 'Palazzo della Ragione']",Casa Giulietta,"['Centro Fotografia', 'Sighseeing', 'Museo Conte', 'Museo Radio', 'San Fermo']",Santa Anastasia,strategy_nearest,False,0.003202676773071289,success
047D883A9C4C80,1,"['Arena', 'Museo Lapidario', 'Castelvecchio']",Tomba Giulietta,"['San Fermo', 'Museo Storia', 'Museo Radio', 'Verona Tour', 'Casa Giulietta']",Teatro Romano,strategy_nearest,False,0.0023169517517089844,success
047D884A9C4C80,2,['Casa Giulietta'],Torre Lamberti,"['Sighseeing', 'Centro Fotografia', 'Museo Conte', 'Palazzo della Ragione', 'AMO']",Palazzo della Ragione,strategy_nearest,True,0.002535104751586914,success
047D88429C4C80,0,['Castelvecchio'],Torre Lamberti,"['Sighseeing', 'Centro Fotografia', 'Museo Conte', 'Casa Giulietta', 'Palazzo della Ragione']",Arena,strategy_nearest,False,0.003350973129272461,success
047D8B3A9C4C80,0,['Torre Lamberti'],Casa Giulietta,"['Centro Fotografia', 'Sighseeing', 'Museo Conte', 'Museo Radio', 'Palazzo della Ragione']",Arena,strategy_nearest,False,0.002619028091430664,success
047D8C3A9C4C80,0,"['Arena', 'Museo Lapidario']",Castelvecchio,"['Verona Tour', 'Museo Radio', 'San Zeno', 'Sighseeing', 'Museo Miniscalchi']",Torre Lamberti,strategy_nearest,False,0.0035200119018554688,success
047D9F429C4C80,1,"['Arena', 'Museo Lapidario']",Casa Giulietta,"['Centro Fotografia', 'Sighseeing', 'Torre Lamberti', 'Museo Conte', 'Museo Radio']",Torre Lamberti,strategy_nearest,True,0.0025680065155029297,success
047DA44A9C4C80,1,"['Castelvecchio', 'Arena', 'Casa Giulietta']",Palazzo della Ragione,"['AMO', 'Museo Conte', 'Torre Lamberti', 'Centro Fotografia', 'Sighseeing']",Santa Anastasia,strategy_nearest,False,0.003023862838745117,success
047DA54A9C4C80,3,"['Arena', 'Santa Anastasia']",Teatro Romano,"['Duomo', 'AMO', 'Palazzo della Ragione', 'Museo Conte', 'Centro Fotografia']",San Fermo,strategy_nearest,False,0.0026319026947021484,success
047DAD429C4C80,3,"['Castelvecchio', 'Arena', 'Casa Giulietta']",Torre Lamberti,"['Sighseeing', 'Centro Fotografia', 'Museo Conte', 'Palazzo della Ragione', 'AMO']",Santa Anastasia,strategy_nearest,False,0.0026950836181640625,success
047DA84A9C4C80,3,"['Arena', 'Torre Lamberti']",Casa Giulietta,"['Centro Fotografia', 'Sighseeing', 'Museo Conte', 'Museo Radio', 'Palazzo della Ragione']",Santa Anastasia,strategy_nearest,False,0.0027577877044677734,success
047DB2429C4C80,2,['Casa Giulietta'],Torre Lamberti,"['Sighseeing', 'Centro Fotografia', 'Museo Conte', 'Palazzo della Ragione', 'AMO']",Santa Anastasia,strategy_nearest,False,0.0033431053161621094,success
047DBA429C4C80,1,"['Palazzo della Ragione', 'Torre Lamberti']",Arena,"['Verona Tour', 'Museo Lapidario', 'Museo Radio', 'San Fermo', 'Casa Giulietta']",San Zeno,strategy_nearest,False,0.0031499862670898438,success
047DC8429C4C80,1,"['Castelvecchio', 'Arena']",Casa Giulietta,"['Centro Fotografia', 'Sighseeing', 'Torre Lamberti', 'Museo Conte', 'Museo Radio']",Torre Lamberti,strategy_nearest,True,0.002562999725341797,success
047DCE429C4C80,3,"['Castelvecchio', 'Casa Giulietta', 'Torre Lamberti', 'Museo Lapidario']",Arena,"['Verona Tour', 'Museo Radio', 'San Fermo', 'Sighseeing', 'Centro Fotografia']",Tomba Giulietta,strategy_nearest,False,0.0031249523162841797,success
047DD1429C4C80,1,"['Torre Lamberti', 'Palazzo della Ragione']",Santa Anastasia,"['AMO', 'Museo Conte', 'Teatro Romano', 'Centro Fotografia', 'Duomo']",Arena,strategy_nearest,False,0.002722024917602539,success
047DD7429C4C80,1,"['Arena', 'Casa Giulietta']",Torre Lamberti,"['Sighseeing', 'Centro Fotografia', 'Museo Conte', 'Palazzo della Ragione', 'AMO']",Palazzo della Ragione,strategy_nearest,True,0.0027780532836914062,success
047DD23A9C4C80,0,['Arena'],Casa Giulietta,"['Centro Fotografia', 'Sighseeing', 'Torre Lamberti', 'Museo Conte', 'Museo Radio']",Torre Lamberti,strategy_nearest,True,0.003489971160888672,success
047DD83A9C4C80,0,['Arena'],Casa Giulietta,"['Centro Fotografia', 'Sighseeing', 'Torre Lamberti', 'Museo Conte', 'Museo Radio']",Torre Lamberti,strategy_nearest,True,0.0036039352416992188,success
047DDF429C4C80,0,['San Zeno'],Torre Lamberti,"['Sighseeing', 'Centro Fotografia', 'Museo Conte', 'Casa Giulietta', 'Palazzo della Ragione']",Arena,strategy_nearest,False,0.003282308578491211,success
047DE03A9C4C80,3,"['Arena', 'Santa Anastasia', 'Duomo']",San Fermo,"['Museo Storia', 'Museo Radio', 'Casa Giulietta', 'Centro Fotografia', 'Sighseeing']",Museo Lapidario,strategy_nearest,False,0.0024819374084472656,success
047DE4429C4C80,3,"['Teatro Romano', 'San Fermo', 'Santa Anastasia']",Torre Lamberti,"['Sighseeing', 'Centro Fotografia', 'Museo Conte', 'Casa Giulietta', 'Palazzo della Ragione']",Arena,strategy_nearest,False,0.0031630992889404297,success
047DFF429C4C80,0,['Casa Giulietta'],Torre Lamberti,"['Sighseeing', 'Centro Fotografia', 'Museo Conte', 'Palazzo della Ragione', 'AMO']",Castelvecchio,strategy_nearest,False,0.0018270015716552734,success
047E0C3A9C4C84,0,['Castelvecchio'],Arena,"['Verona Tour', 'Museo Lapidario', 'Museo Radio', 'San Fermo', 'Casa Giulietta']",Torre Lamberti,strategy_nearest,False,0.002536296844482422,success
047DE73A9C4C80,3,['Duomo'],Santa Anastasia,"['AMO', 'Museo Conte', 'Palazzo della Ragione', 'Teatro Romano', 'Centro Fotografia']",Casa Giulietta,strategy_nearest,False,0.004708051681518555,success
047E1D429C4C80,2,"['Tomba Giulietta', 'Casa Giulietta', 'Torre Lamberti']",Santa Anastasia,"['AMO', 'Museo Conte', 'Palazzo della Ragione', 'Teatro Romano', 'Centro Fotografia']",Duomo,strategy_nearest,False,0.0031387805938720703,success
047E40429C4C80,0,['Arena'],Castelvecchio,"['Museo Lapidario', 'Verona Tour', 'Museo Radio', 'San Zeno', 'Sighseeing']",Casa Giulietta,strategy_nearest,False,0.0031616687774658203,success
047EA73A9C4C80,0,['Arena'],Casa Giulietta,"['Centro Fotografia', 'Sighseeing', 'Torre Lamberti', 'Museo Conte', 'Museo Radio']",Duomo,strategy_nearest,False,0.0015609264373779297,success
047E833A9C4C80,1,['Arena'],Torre Lamberti,"['Sighseeing', 'Centro Fotografia', 'Museo Conte', 'Casa Giulietta', 'Palazzo della Ragione']",Palazzo della Ragione,strategy_nearest,True,0.0035750865936279297,success
047F00429C4C84,3,"['Arena', 'Casa Giulietta']",Santa Anastasia,"['AMO', 'Museo Conte', 'Palazzo della Ragione', 'Teatro Romano', 'Centro Fotografia']",Teatro Romano,strategy_nearest,True,0.003361940383911133,success
047F03429C4C84,2,"['San Fermo', 'Casa Giulietta', 'Torre Lamberti', 'Palazzo della Ragione']",Santa Anastasia,"['AMO', 'Museo Conte', 'Teatro Romano', 'Centro Fotografia', 'Duomo']",Duomo,strategy_nearest,True,0.003288745880126953,success
047F05429C4C84,3,"['Arena', 'Casa Giulietta', 'Santa Anastasia']",Duomo,"['AMO', 'Museo Miniscalchi', 'Teatro Romano', 'Palazzo della Ragione', 'Museo Conte']",San Fermo,strategy_nearest,False,0.0031332969665527344,success
047F0C3A9C4C84,0,['Torre Lamberti'],Duomo,"['AMO', 'Museo Miniscalchi', 'Santa Anastasia', 'Teatro Romano', 'Palazzo della Ragione']",Casa Giulietta,strategy_nearest,False,0.0029020309448242188,success
047F06429C4C84,4,"['Castelvecchio', 'Arena', 'San Fermo', 'Museo Storia', 'Torre Lamberti', 'Santa Anastasia']",Duomo,"['AMO', 'Museo Miniscalchi', 'Teatro Romano', 'Palazzo della Ragione', 'Museo Conte']",Palazzo della Ragione,strategy_nearest,True,0.0030961036682128906,success
047F113A9C4C80,0,['Torre Lamberti'],Arena,"['Verona Tour', 'Museo Lapidario', 'Museo Radio', 'San Fermo', 'Casa Giulietta']",Castelvecchio,strategy_nearest,False,0.003017902374267578,success
047F14429C4C84,3,"['Castelvecchio', 'Torre Lamberti', 'Duomo']",Teatro Romano,"['Santa Anastasia', 'AMO', 'Palazzo della Ragione', 'Museo Conte', 'Centro Fotografia']",Casa Giulietta,strategy_nearest,False,0.0017781257629394531,success
047F18429C4C80,2,"['San Zeno', 'Castelvecchio']",Santa Anastasia,"['AMO', 'Museo Conte', 'Palazzo della Ragione', 'Teatro Romano', 'Centro Fotografia']",Torre Lamberti,strategy_nearest,False,0.0027151107788085938,success
047F173A9C4C80,1,"['Arena', 'Casa Giulietta', 'Torre Lamberti']",Palazzo della Ragione,"['AMO', 'Museo Conte', 'Centro Fotografia', 'Sighseeing', 'Santa Anastasia']",Teatro Romano,strategy_nearest,False,0.0033910274505615234,success
047F263A9C4C80,3,"['Arena', 'Santa Anastasia']",Teatro Romano,"['Duomo', 'AMO', 'Palazzo della Ragione', 'Museo Conte', 'Centro Fotografia']",Duomo,strategy_nearest,True,0.0029811859130859375,success
047F1D429C4C84,3,"['Casa Giulietta', 'Torre Lamberti', 'Santa Anastasia']",Duomo,"['AMO', 'Museo Miniscalchi', 'Teatro Romano', 'Palazzo della Ragione', 'Museo Conte']",Arena,strategy_nearest,False,0.002516031265258789,success
047F283A9C4C80,0,['Arena'],Teatro Romano,"['Santa Anastasia', 'Duomo', 'AMO', 'Palazzo della Ragione', 'Museo Conte']",Duomo,strategy_nearest,True,0.0033271312713623047,success
047F284A9C4C80,1,"['Arena', 'Casa Giulietta', 'Torre Lamberti', 'Palazzo della Ragione']",Santa Anastasia,"['AMO', 'Museo Conte', 'Teatro Romano', 'Centro Fotografia', 'Duomo']",Duomo,strategy_nearest,True,0.003326892852783203,success
047F2A3A9C4C80,0,"['Arena', 'Torre Lamberti']",Casa Giulietta,"['Centro Fotografia', 'Sighseeing', 'Museo Conte', 'Museo Radio', 'Palazzo della Ragione']",Duomo,strategy_nearest,False,0.002276897430419922,success
047F2D4A9C4C80,0,"['Duomo', 'Casa Giulietta']",Tomba Giulietta,"['San Fermo', 'Museo Storia', 'Arena', 'Museo Lapidario', 'Museo Radio']",Castelvecchio,strategy_nearest,False,0.002557992935180664,success
047F383A9C4C80,2,['Torre Lamberti'],Casa Giulietta,"['Centro Fotografia', 'Sighseeing', 'Museo Conte', 'Museo Radio', 'Palazzo della Ragione']",Teatro Romano,strategy_nearest,False,0.002496004104614258,success
047F2F429C4C80,0,['Arena'],Casa Giulietta,"['Centro Fotografia', 'Sighseeing', 'Torre Lamberti', 'Museo Conte', 'Museo Radio']",Casa Giulietta,strategy_nearest,False,0.0032029151916503906,success
047F384A9C4C80,3,"['Casa Giulietta', 'Torre Lamberti', 'Santa Anastasia', 'Duomo', 'Teatro Romano']",Giardino Giusti,"['Museo Conte', 'Centro Fotografia', 'Museo Storia', 'AMO', 'Palazzo della Ragione']",San Zeno,strategy_nearest,False,0.003148794174194336,success
047F44429C4C80,0,['Arena'],Museo Lapidario,"['Verona Tour', 'Castelvecchio', 'Museo Radio', 'San Fermo', 'Casa Giulietta']",Castelvecchio,strategy_nearest,True,0.003345966339111328,success
047F46429C4C80,1,"['Arena', 'Casa Giulietta', 'Torre Lamberti']",Torre Lamberti,"['Sighseeing', 'Centro Fotografia', 'Museo Conte', 'Palazzo della Ragione', 'AMO']",Palazzo della Ragione,strategy_nearest,True,0.002048969268798828,success
047F5A429C4C80,2,"['Castelvecchio', 'San Fermo']",Santa Anastasia,"['AMO', 'Museo Conte', 'Palazzo della Ragione', 'Teatro Romano', 'Centro Fotografia']",San Zeno,strategy_nearest,False,0.0031647682189941406,success
047F64429C4C80,0,['Arena'],Casa Giulietta,"['Centro Fotografia', 'Sighseeing', 'Torre Lamberti', 'Museo Conte', 'Museo Radio']",Teatro Romano,strategy_nearest,False,0.003367900848388672,success
047F7F429C4C80,0,['Casa Giulietta'],Arena,"['Verona Tour', 'Museo Lapidario', 'Museo Radio', 'San Fermo', 'Sighseeing']",Tomba Giulietta,strategy_nearest,False,0.0032958984375,success
047F67429C4C80,3,"['Arena', 'Castelvecchio', 'Casa Giulietta']",Torre Lamberti,"['Sighseeing', 'Centro Fotografia', 'Museo Conte', 'Palazzo della Ragione', 'AMO']",Santa Anastasia,strategy_nearest,False,0.0026710033416748047,success
047F9A429C4C80,0,"['Torre Lamberti', 'Casa Giulietta']",Arena,"['Verona Tour', 'Museo Lapidario', 'Museo Radio', 'San Fermo', 'Sighseeing']",Castelvecchio,strategy_nearest,False,0.0017352104187011719,success
047F83429C4C80,0,['Casa Giulietta'],Arena,"['Verona Tour', 'Museo Lapidario', 'Museo Radio', 'San Fermo', 'Sighseeing']",Torre Lamberti,strategy_nearest,False,0.003208160400390625,success
047F964A9C4C80,0,"['Arena', 'Museo Lapidario']",San Zeno,"['Castelvecchio', 'Verona Tour', 'Museo Miniscalchi', 'Sighseeing', 'Museo Radio']",Castelvecchio,strategy_nearest,True,0.0030367374420166016,success
047FA0429C4C80,2,"['Casa Giulietta', 'Torre Lamberti']",Teatro Romano,"['Santa Anastasia', 'Duomo', 'AMO', 'Palazzo della Ragione', 'Museo Conte']",Duomo,strategy_nearest,True,0.0027458667755126953,success
047FB4429C4C80,0,['Arena'],Torre Lamberti,"['Sighseeing', 'Centro Fotografia', 'Museo Conte', 'Casa Giulietta', 'Palazzo della Ragione']",Duomo,strategy_nearest,False,0.0031261444091796875,success
047FB0429C4C80,0,['Arena'],Duomo,"['AMO', 'Museo Miniscalchi', 'Santa Anastasia', 'Teatro Romano', 'Palazzo della Ragione']",Torre Lamberti,strategy_nearest,False,0.002577066421508789,success
047FB93A9C4C80,1,"['Arena', 'Casa Giulietta']",Torre Lamberti,"['Sighseeing', 'Centro Fotografia', 'Museo Conte', 'Palazzo della Ragione', 'AMO']",Palazzo della Ragione,strategy_nearest,True,0.003178834915161133,success
047FBA429C4C80,0,['Arena'],Casa Giulietta,"['Centro Fotografia', 'Sighseeing', 'Torre Lamberti', 'Museo Conte', 'Museo Radio']",Torre Lamberti,strategy_nearest,True,0.0019559860229492188,success
047FBA3A9C4C80,3,"['Castelvecchio', 'Arena', 'Casa Giulietta']",Torre Lamberti,"['Sighseeing', 'Centro Fotografia', 'Museo Conte', 'Palazzo della Ragione', 'AMO']",Santa Anastasia,strategy_nearest,False,0.002721071243286133,success
047FBB3A9C4C80,1,"['Casa Giulietta', 'Museo Storia', 'San Fermo']",Arena,"['Verona Tour', 'Museo Lapidario', 'Museo Radio', 'Sighseeing', 'Castelvecchio']",Torre Lamberti,strategy_nearest,False,0.003159046173095703,success
047FBD3A9C4C80,1,['Palazzo della Ragione'],Torre Lamberti,"['Sighseeing', 'Centro Fotografia', 'Museo Conte', 'Casa Giulietta', 'AMO']",Casa Giulietta,strategy_nearest,True,0.003267049789428711,success
047FBD429C4C80,0,['Arena'],Castelvecchio,"['Museo Lapidario', 'Verona Tour', 'Museo Radio', 'San Zeno', 'Sighseeing']",Teatro Romano,strategy_nearest,False,0.0027527809143066406,success
047FC83A9C4C80,0,['Arena'],Castelvecchio,"['Museo Lapidario', 'Verona Tour', 'Museo Radio', 'San Zeno', 'Sighseeing']",Torre Lamberti,strategy_nearest,False,0.0034918785095214844,success
047FD23A9C4C80,2,['Castelvecchio'],Santa Anastasia,"['AMO', 'Museo Conte', 'Palazzo della Ragione', 'Teatro Romano', 'Centro Fotografia']",Duomo,strategy_nearest,False,0.003428936004638672,success
047FD2429C4C80,3,"['Arena', 'Tomba Giulietta', 'San Fermo']",Casa Giulietta,"['Centro Fotografia', 'Sighseeing', 'Torre Lamberti', 'Museo Conte', 'Museo Radio']",Castelvecchio,strategy_nearest,False,0.0039048194885253906,success
047FD53A9C4C80,0,['Arena'],Casa Giulietta,"['Centro Fotografia', 'Sighseeing', 'Torre Lamberti', 'Museo Conte', 'Museo Radio']",Torre Lamberti,strategy_nearest,True,0.002734661102294922,success
047FD7429C4C80,3,"['Arena', 'Casa Giulietta', 'Torre Lamberti', 'Museo Storia']",Teatro Romano,"['Santa Anastasia', 'Duomo', 'AMO', 'Palazzo della Ragione', 'Museo Conte']",Santa Anastasia,strategy_nearest,True,0.002910137176513672,success
047FE53A9C4C80,3,"['Casa Giulietta', 'Arena']",Torre Lamberti,"['Sighseeing', 'Centro Fotografia', 'Museo Conte', 'Palazzo della Ragione', 'AMO']",Santa Anastasia,strategy_nearest,False,0.0029020309448242188,success
047FDB3A9C4C80,1,"['Arena', 'Santa Anastasia']",Castelvecchio,"['Museo Lapidario', 'Verona Tour', 'Museo Radio', 'San Zeno', 'Sighseeing']",Torre Lamberti,strategy_nearest,False,0.0032379627227783203,success
048001429C4C84,0,"['Arena', 'Casa Giulietta']",Tomba Giulietta,"['San Fermo', 'Museo Storia', 'Museo Lapidario', 'Museo Radio', 'Verona Tour']",Castelvecchio,strategy_nearest,False,0.0028548240661621094,success
048005C27B3F84,1,"['Arena', 'Torre Lamberti', 'Duomo']",San Zeno,"['Castelvecchio', 'Verona Tour', 'Museo Lapidario', 'Museo Miniscalchi', 'Sighseeing']",Castelvecchio,strategy_nearest,True,0.003239870071411133,success
0480103A9C4C80,0,['Torre Lamberti'],Casa Giulietta,"['Centro Fotografia', 'Sighseeing', 'Museo Conte', 'Museo Radio', 'Palazzo della Ragione']",Arena,strategy_nearest,False,0.0027000904083251953,success
048011429C4C80,0,['Castelvecchio'],Arena,"['Verona Tour', 'Museo Lapidario', 'Museo Radio', 'San Fermo', 'Casa Giulietta']",Torre Lamberti,strategy_nearest,False,0.002893209457397461,success
048010C27B3F84,6,"['San Zeno', 'Arena', 'Verona Tour']",Palazzo della Ragione,"['AMO', 'Museo Conte', 'Torre Lamberti', 'Centro Fotografia', 'Sighseeing']",Torre Lamberti,strategy_nearest,True,0.001415252685546875,success
048011C27B3F84,1,"['San Zeno', 'Duomo', 'Torre Lamberti', 'Palazzo della Ragione']",Castelvecchio,"['Museo Lapidario', 'Verona Tour', 'Arena', 'Museo Radio', 'Sighseeing']",Arena,strategy_nearest,True,0.0035390853881835938,success
04801CC27B3F84,6,"['San Zeno', 'Arena', 'Verona Tour']",Palazzo della Ragione,"['AMO', 'Museo Conte', 'Torre Lamberti', 'Centro Fotografia', 'Sighseeing']",Torre Lamberti,strategy_nearest,True,0.00257110595703125,success
0480133A9C4C84,1,"['Arena', 'Torre Lamberti', 'Palazzo della Ragione']",Casa Giulietta,"['Centro Fotografia', 'Sighseeing', 'Museo Conte', 'Museo Radio', 'San Fermo']",Santa Anastasia,strategy_nearest,False,0.0025031566619873047,success
048020429C4C84,0,"['Arena', 'Castelvecchio']",San Zeno,"['Verona Tour', 'Museo Lapidario', 'Museo Miniscalchi', 'Sighseeing', 'Museo Radio']",Casa Giulietta,strategy_nearest,False,0.0026848316192626953,success
0480223A9C4C84,3,"['Tomba Giulietta', 'Arena', 'Casa Giulietta']",Torre Lamberti,"['Sighseeing', 'Centro Fotografia', 'Museo Conte', 'Palazzo della Ragione', 'AMO']",Duomo,strategy_nearest,False,0.003228902816772461,success
0480243A9C4C80,2,"['Casa Giulietta', 'Torre Lamberti', 'Palazzo della Ragione']",Santa Anastasia,"['AMO', 'Museo Conte', 'Teatro Romano', 'Centro Fotografia', 'Duomo']",Teatro Romano,strategy_nearest,True,0.001814126968383789,success
048027429C4C84,1,"['Palazzo della Ragione', 'Casa Giulietta', 'San Fermo']",Santa Anastasia,"['AMO', 'Museo Conte', 'Teatro Romano', 'Centro Fotografia', 'Duomo']",Duomo,strategy_nearest,True,0.00267791748046875,success
0480263A9C4C84,0,['Arena'],Casa Giulietta,"['Centro Fotografia', 'Sighseeing', 'Torre Lamberti', 'Museo Conte', 'Museo Radio']",Torre Lamberti,strategy_nearest,True,0.004037141799926758,success
0480294A9C4C80,0,"['Casa Giulietta', 'Tomba Giulietta', 'Teatro Romano']",Castelvecchio,"['Museo Lapidario', 'Verona Tour', 'Arena', 'Museo Radio', 'San Zeno']",Arena,strategy_nearest,True,0.0030739307403564453,success
04802B3A9C4C80,1,"['Arena', 'Casa Giulietta', 'Torre Lamberti']",Palazzo della Ragione,"['AMO', 'Museo Conte', 'Centro Fotografia', 'Sighseeing', 'Santa Anastasia']",Santa Anastasia,strategy_nearest,True,0.0023140907287597656,success
04802B429C4C80,3,"['Arena', 'Casa Giulietta']",Santa Anastasia,"['AMO', 'Museo Conte', 'Palazzo della Ragione', 'Teatro Romano', 'Centro Fotografia']",Duomo,strategy_nearest,False,0.003676891326904297,success
04802D429C4C80,0,['Arena'],Casa Giulietta,"['Centro Fotografia', 'Sighseeing', 'Torre Lamberti', 'Museo Conte', 'Museo Radio']",Teatro Romano,strategy_nearest,False,0.0028281211853027344,success
04802C4A9C4C80,1,"['Torre Lamberti', 'Palazzo della Ragione', 'Arena']",Teatro Romano,"['Santa Anastasia', 'Duomo', 'AMO', 'Museo Conte', 'Centro Fotografia']",Casa Giulietta,strategy_nearest,False,0.002737283706665039,success
04802F429C4C80,0,['Arena'],Teatro Romano,"['Santa Anastasia', 'Duomo', 'AMO', 'Palazzo della Ragione', 'Museo Conte']",Castelvecchio,strategy_nearest,False,0.003370046615600586,success
04803D429C4C80,0,['Arena'],Casa Giulietta,"['Centro Fotografia', 'Sighseeing', 'Torre Lamberti', 'Museo Conte', 'Museo Radio']",Torre Lamberti,strategy_nearest,True,0.002599000930786133,success
0480373A9C4C80,1,"['Arena', 'Palazzo della Ragione']",Museo Lapidario,"['Verona Tour', 'Castelvecchio', 'Museo Radio', 'San Fermo', 'Casa Giulietta']",Casa Giulietta,strategy_nearest,True,0.0014488697052001953,success
048035429C4C80,0,"['Arena', 'Casa Giulietta']",Teatro Romano,"['Santa Anastasia', 'Duomo', 'AMO', 'Palazzo della Ragione', 'Museo Conte']",Museo Lapidario,strategy_nearest,False,0.0020689964294433594,success
04803E3A9C4C80,1,"['Arena', 'Casa Giulietta']",Palazzo della Ragione,"['AMO', 'Museo Conte', 'Torre Lamberti', 'Centro Fotografia', 'Sighseeing']",Duomo,strategy_nearest,False,0.003428936004638672,success
048048429C4C80,3,['Torre Lamberti'],Santa Anastasia,"['AMO', 'Museo Conte', 'Palazzo della Ragione', 'Teatro Romano', 'Centro Fotografia']",Arena,strategy_nearest,False,0.0026891231536865234,success
048054429C4C80,0,['Castelvecchio'],Arena,"['Verona Tour', 'Museo Lapidario', 'Museo Radio', 'San Fermo', 'Casa Giulietta']",Torre Lamberti,strategy_nearest,False,0.0019419193267822266,success
04804F3A9C4C80,0,['Arena'],Castelvecchio,"['Museo Lapidario', 'Verona Tour', 'Museo Radio', 'San Zeno', 'Sighseeing']",Casa Giulietta,strategy_nearest,False,0.0032701492309570312,success
048063429C4C80,3,"['Teatro Romano', 'Santa Anastasia']",Casa Giulietta,"['Centro Fotografia', 'Sighseeing', 'Torre Lamberti', 'Museo Conte', 'Museo Radio']",Tomba Giulietta,strategy_nearest,False,0.0026559829711914062,success
048060429C4C80,0,"['Arena', 'Casa Giulietta']",Torre Lamberti,"['Sighseeing', 'Centro Fotografia', 'Museo Conte', 'Palazzo della Ragione', 'AMO']",Teatro Romano,strategy_nearest,False,0.0013229846954345703,success
048071429C4C80,3,"['Arena', 'Torre Lamberti', 'Casa Giulietta']",Santa Anastasia,"['AMO', 'Museo Conte', 'Palazzo della Ragione', 'Teatro Romano', 'Centro Fotografia']",Teatro Romano,strategy_nearest,True,0.003258943557739258,success
048058429C4C80,1,"['Palazzo della Ragione', 'Santa Anastasia', 'Casa Giulietta']",Castelvecchio,"['Museo Lapidario', 'Verona Tour', 'Arena', 'Museo Radio', 'San Zeno']",San Zeno,strategy_nearest,True,0.003983974456787109,success
048072429C4C80,1,['Arena'],Torre Lamberti,"['Sighseeing', 'Centro Fotografia', 'Museo Conte', 'Casa Giulietta', 'Palazzo della Ragione']",Palazzo della Ragione,strategy_nearest,True,0.0018007755279541016,success
04807A3A9C4C80,0,['Arena'],Santa Anastasia,"['AMO', 'Museo Conte', 'Palazzo della Ragione', 'Teatro Romano', 'Centro Fotografia']",Casa Giulietta,strategy_nearest,False,0.0026247501373291016,success
048079429C4C80,1,"['Castelvecchio', 'Arena']",Casa Giulietta,"['Centro Fotografia', 'Sighseeing', 'Torre Lamberti', 'Museo Conte', 'Museo Radio']",Palazzo della Ragione,strategy_nearest,False,0.0025081634521484375,success
04807D4A9C4C80,1,"['San Zeno', 'Arena', 'Torre Lamberti']",Palazzo della Ragione,"['AMO', 'Museo Conte', 'Centro Fotografia', 'Sighseeing', 'Santa Anastasia']",Santa Anastasia,strategy_nearest,True,0.0032508373260498047,success
0480854A9C4C80,0,"['Casa Giulietta', 'Casa Giulietta', 'Arena']",Castelvecchio,"['Museo Lapidario', 'Verona Tour', 'Museo Radio', 'San Zeno', 'Sighseeing']",Tomba Giulietta,strategy_nearest,False,0.001882791519165039,success
0480843A9C4C80,0,['Castelvecchio'],Arena,"['Verona Tour', 'Museo Lapidario', 'Museo Radio', 'San Fermo', 'Casa Giulietta']",San Fermo,strategy_nearest,True,0.0025620460510253906,success
04808B3A9C4C80,3,['Arena'],Santa Anastasia,"['AMO', 'Museo Conte', 'Palazzo della Ragione', 'Teatro Romano', 'Centro Fotografia']",Duomo,strategy_nearest,False,0.0025649070739746094,success
04808D4A9C4C80,3,['Arena'],Casa Giulietta,"['Centro Fotografia', 'Sighseeing', 'Torre Lamberti', 'Museo Conte', 'Museo Radio']",Santa Anastasia,strategy_nearest,False,0.002160310745239258,success
04808F3A9C4C80,2,"['Castelvecchio', 'Casa Giulietta']",Casa Giulietta,"['Centro Fotografia', 'Sighseeing', 'Torre Lamberti', 'Museo Conte', 'Museo Radio']",Torre Lamberti,strategy_nearest,True,0.003905057907104492,success
0480934A9C4C80,0,['Casa Giulietta'],Torre Lamberti,"['Sighseeing', 'Centro Fotografia', 'Museo Conte', 'Palazzo della Ragione', 'AMO']",Arena,strategy_nearest,False,0.002615213394165039,success
04808E4A9C4C80,0,"['Museo Lapidario', 'Arena']",Casa Giulietta,"['Centro Fotografia', 'Sighseeing', 'Torre Lamberti', 'Museo Conte', 'Museo Radio']",Torre Lamberti,strategy_nearest,True,0.002752065658569336,success
0480A73A9C4C80,0,['Arena'],Santa Anastasia,"['AMO', 'Museo Conte', 'Palazzo della Ragione', 'Teatro Romano', 'Centro Fotografia']",Casa Giulietta,strategy_nearest,False,0.0013530254364013672,success
0480A64A9C4C80,1,['Arena'],Casa Giulietta,"['Centro Fotografia', 'Sighseeing', 'Torre Lamberti', 'Museo Conte', 'Museo Radio']",Torre Lamberti,strategy_nearest,True,0.001987934112548828,success
0480A93A9C4C80,0,"['Castelvecchio', 'San Zeno']",Arena,"['Verona Tour', 'Museo Lapidario', 'Museo Radio', 'San Fermo', 'Casa Giulietta']",Torre Lamberti,strategy_nearest,False,0.0027840137481689453,success
0480AA3A9C4C80,3,"['Arena', 'Tomba Giulietta', 'San Fermo', 'Casa Giulietta']",Torre Lamberti,"['Sighseeing', 'Centro Fotografia', 'Museo Conte', 'Palazzo della Ragione', 'AMO']",Santa Anastasia,strategy_nearest,False,0.0032529830932617188,success
0480AC3A9C4C80,1,['Arena'],Palazzo della Ragione,"['AMO', 'Museo Conte', 'Torre Lamberti', 'Centro Fotografia', 'Sighseeing']",Torre Lamberti,strategy_nearest,True,0.0025391578674316406,success
0480AD3A9C4C80,0,"['Arena', 'Castelvecchio']",Casa Giulietta,"['Centro Fotografia', 'Sighseeing', 'Torre Lamberti', 'Museo Conte', 'Museo Radio']",Torre Lamberti,strategy_nearest,True,0.00304412841796875,success
0480B5429C4C80,0,['Arena'],San Fermo,"['Museo Storia', 'Museo Radio', 'Casa Giulietta', 'Centro Fotografia', 'Sighseeing']",Casa Giulietta,strategy_nearest,True,0.0030510425567626953,success
0480BA3A9C4C80,0,['Arena'],Tomba Giulietta,"['San Fermo', 'Museo Storia', 'Museo Lapidario', 'Museo Radio', 'Verona Tour']",Castelvecchio,strategy_nearest,False,0.002170085906982422,success
0480C3429C4C80,0,['Arena'],Casa Giulietta,"['Centro Fotografia', 'Sighseeing', 'Torre Lamberti', 'Museo Conte', 'Museo Radio']",Castelvecchio,strategy_nearest,False,0.003198862075805664,success
0480BD3A9C4C80,3,"['Torre Lamberti', 'Santa Anastasia']",Duomo,"['AMO', 'Museo Miniscalchi', 'Teatro Romano', 'Palazzo della Ragione', 'Museo Conte']",Castelvecchio,strategy_nearest,False,0.002933025360107422,success
0480C43A9C4C80,3,"['Arena', 'Tomba Giulietta', 'San Fermo']",Casa Giulietta,"['Centro Fotografia', 'Sighseeing', 'Torre Lamberti', 'Museo Conte', 'Museo Radio']",Santa Anastasia,strategy_nearest,False,0.0030829906463623047,success
0480CC429C4C80,1,"['Arena', 'Casa Giulietta']",Torre Lamberti,"['Sighseeing', 'Centro Fotografia', 'Museo Conte', 'Palazzo della Ragione', 'AMO']",Palazzo della Ragione,strategy_nearest,True,0.0018608570098876953,success
0480C63A9C4C80,1,['Arena'],Torre Lamberti,"['Sighseeing', 'Centro Fotografia', 'Museo Conte', 'Casa Giulietta', 'Palazzo della Ragione']",Palazzo della Ragione,strategy_nearest,True,0.0027010440826416016,success
0480CE3A9C4C80,0,['Teatro Romano'],Torre Lamberti,"['Sighseeing', 'Centro Fotografia', 'Museo Conte', 'Casa Giulietta', 'Palazzo della Ragione']",Arena,strategy_nearest,False,0.003165006637573242,success
0480DC429C4C80,2,"['Teatro Romano', 'Duomo', 'Santa Anastasia']",Torre Lamberti,"['Sighseeing', 'Centro Fotografia', 'Museo Conte', 'Casa Giulietta', 'Palazzo della Ragione']",San Fermo,strategy_nearest,False,0.002531766891479492,success
0480CF3A9C4C80,3,"['Castelvecchio', 'Arena']",Tomba Giulietta,"['San Fermo', 'Museo Storia', 'Museo Lapidario', 'Museo Radio', 'Verona Tour']",Casa Giulietta,strategy_nearest,False,0.0032880306243896484,success
0480E33A9C4C80,3,"['Casa Giulietta', 'Santa Anastasia']",Castelvecchio,"['Museo Lapidario', 'Verona Tour', 'Arena', 'Museo Radio', 'San Zeno']",Teatro Romano,strategy_nearest,False,0.002470254898071289,success
0480E03A9C4C80,0,['Arena'],Casa Giulietta,"['Centro Fotografia', 'Sighseeing', 'Torre Lamberti', 'Museo Conte', 'Museo Radio']",Torre Lamberti,strategy_nearest,True,0.0033416748046875,success
0480E83A9C4C80,0,['Arena'],Tomba Giulietta,"['San Fermo', 'Museo Storia', 'Museo Lapidario', 'Museo Radio', 'Verona Tour']",Casa Giulietta,strategy_nearest,False,0.0033299922943115234,success
0480EC3A9C4C80,0,['Arena'],Castelvecchio,"['Museo Lapidario', 'Verona Tour', 'Museo Radio', 'San Zeno', 'Sighseeing']",Santa Anastasia,strategy_nearest,False,0.00263214111328125,success
0480EF3A9C4C80,0,['Arena'],Casa Giulietta,"['Centro Fotografia', 'Sighseeing', 'Torre Lamberti', 'Museo Conte', 'Museo Radio']",Teatro Romano,strategy_nearest,False,0.0030388832092285156,success
0480F33A9C4C80,1,"['Arena', 'Casa Giulietta']",Torre Lamberti,"['Sighseeing', 'Centro Fotografia', 'Museo Conte', 'Palazzo della Ragione', 'AMO']",Palazzo della Ragione,strategy_nearest,True,0.002167940139770508,success
048112429C4C84,0,['Arena'],Palazzo della Ragione,"['AMO', 'Museo Conte', 'Torre Lamberti', 'Centro Fotografia', 'Sighseeing']",Casa Giulietta,strategy_nearest,False,0.0026397705078125,success
048110429C4C80,3,"['Castelvecchio', 'Tomba Giulietta', 'Santa Anastasia']",Duomo,"['AMO', 'Museo Miniscalchi', 'Teatro Romano', 'Palazzo della Ragione', 'Museo Conte']",Teatro Romano,strategy_nearest,True,0.002054929733276367,success
04810E3A9C4C80,3,"['Torre Lamberti', 'Casa Giulietta', 'Santa Anastasia']",Duomo,"['AMO', 'Museo Miniscalchi', 'Teatro Romano', 'Palazzo della Ragione', 'Museo Conte']",Arena,strategy_nearest,False,0.00339508056640625,success
0481133A9C4C84,0,['Arena'],Torre Lamberti,"['Sighseeing', 'Centro Fotografia', 'Museo Conte', 'Casa Giulietta', 'Palazzo della Ragione']",Casa Giulietta,strategy_nearest,True,0.0024900436401367188,success
0481143A9C4C80,3,"['Arena', 'San Fermo']",Casa Giulietta,"['Centro Fotografia', 'Sighseeing', 'Torre Lamberti', 'Museo Conte', 'Museo Radio']",Torre Lamberti,strategy_nearest,True,0.002778768539428711,success
048117429C4C84,2,['San Fermo'],San Zeno,"['Castelvecchio', 'Verona Tour', 'Museo Lapidario', 'Arena', 'Museo Miniscalchi']",Duomo,strategy_nearest,False,0.0027222633361816406,success
048119429C4C80,2,['Casa Giulietta'],Torre Lamberti,"['Sighseeing', 'Centro Fotografia', 'Museo Conte', 'Palazzo della Ragione', 'AMO']",Palazzo della Ragione,strategy_nearest,True,0.0032410621643066406,success
0481243A9C4C80,1,"['Torre Lamberti', 'Palazzo della Ragione']",Casa Giulietta,"['Centro Fotografia', 'Sighseeing', 'Museo Conte', 'Museo Radio', 'San Fermo']",Arena,strategy_nearest,False,0.002966165542602539,success
048126C27B3F84,3,"['San Zeno', 'Arena']",Castelvecchio,"['Museo Lapidario', 'Verona Tour', 'Museo Radio', 'Sighseeing', 'Museo Miniscalchi']",Santa Anastasia,strategy_nearest,False,0.002925872802734375,success
04812B3A9C4C80,1,"['Giardino Giusti', 'Teatro Romano', 'Duomo', 'Castelvecchio']",Arena,"['Verona Tour', 'Museo Lapidario', 'Museo Radio', 'San Fermo', 'Casa Giulietta']",Torre Lamberti,strategy_nearest,False,0.003282785415649414,success
048130429C4C80,0,"['Arena', 'Casa Giulietta']",Torre Lamberti,"['Sighseeing', 'Centro Fotografia', 'Museo Conte', 'Palazzo della Ragione', 'AMO']",Castelvecchio,strategy_nearest,False,0.0028760433197021484,success
04812A3A9C4C80,0,"['Castelvecchio', 'Torre Lamberti']",Casa Giulietta,"['Centro Fotografia', 'Sighseeing', 'Museo Conte', 'Museo Radio', 'Palazzo della Ragione']",Arena,strategy_nearest,False,0.0025479793548583984,success
04812B4A9C4C80,3,"['Casa Giulietta', 'Torre Lamberti', 'Santa Anastasia']",Arena,"['Verona Tour', 'Museo Lapidario', 'Museo Radio', 'San Fermo', 'Sighseeing']",Giardino Giusti,strategy_nearest,False,0.0032699108123779297,success
048134429C4C80,0,"['Arena', 'Torre Lamberti']",Giardino Giusti,"['Santa Anastasia', 'Teatro Romano', 'Museo Conte', 'Centro Fotografia', 'Museo Storia']",Castelvecchio,strategy_nearest,False,0.002580881118774414,success
048141429C4C80,0,['Arena'],Castelvecchio,"['Museo Lapidario', 'Verona Tour', 'Museo Radio', 'San Zeno', 'Sighseeing']",Teatro Romano,strategy_nearest,False,0.0019519329071044922,success
0481443A9C4C80,1,"['Torre Lamberti', 'Palazzo della Ragione', 'Casa Giulietta']",San Fermo,"['Museo Storia', 'Museo Radio', 'Centro Fotografia', 'Arena', 'Sighseeing']",Arena,strategy_nearest,True,0.0026831626892089844,success
0481453A9C4C80,1,"['Casa Giulietta', 'Arena']",Castelvecchio,"['Museo Lapidario', 'Verona Tour', 'Museo Radio', 'San Zeno', 'Sighseeing']",Torre Lamberti,strategy_nearest,False,0.0033071041107177734,success
048151429C4C80,3,"['Arena', 'Castelvecchio', 'Duomo']",Casa Giulietta,"['Centro Fotografia', 'Sighseeing', 'Torre Lamberti', 'Museo Conte', 'Museo Radio']",San Fermo,strategy_nearest,False,0.002479076385498047,success
04814A429C4C80,1,"['Arena', 'Museo Lapidario', 'Castelvecchio']",San Zeno,"['Verona Tour', 'Museo Miniscalchi', 'Sighseeing', 'Museo Radio', 'Torre Lamberti']",Torre Lamberti,strategy_nearest,True,0.002351045608520508,success
0481593A9C4C80,0,['Teatro Romano'],Castelvecchio,"['Museo Lapidario', 'Verona Tour', 'Arena', 'Museo Radio', 'San Zeno']",Arena,strategy_nearest,True,0.0025529861450195312,success
048160429C4C80,3,"['Santa Anastasia', 'Torre Lamberti']",Casa Giulietta,"['Centro Fotografia', 'Sighseeing', 'Museo Conte', 'Museo Radio', 'Palazzo della Ragione']",Teatro Romano,strategy_nearest,False,0.002196788787841797,success
048170429C4C80,3,"['Tomba Giulietta', 'Arena', 'Casa Giulietta']",Santa Anastasia,"['AMO', 'Museo Conte', 'Palazzo della Ragione', 'Teatro Romano', 'Centro Fotografia']",Duomo,strategy_nearest,False,0.002380847930908203,success
048172429C4C80,3,['Arena'],Casa Giulietta,"['Centro Fotografia', 'Sighseeing', 'Torre Lamberti', 'Museo Conte', 'Museo Radio']",Santa Anastasia,strategy_nearest,False,0.0033888816833496094,success
04817B4A9C4C80,1,"['Santa Anastasia', 'Palazzo della Ragione']",Torre Lamberti,"['Sighseeing', 'Centro Fotografia', 'Museo Conte', 'Casa Giulietta', 'AMO']",Arena,strategy_nearest,False,0.0018360614776611328,success
04817D4A9C4C80,3,"['Arena', 'Museo Lapidario', 'Torre Lamberti']",Casa Giulietta,"['Centro Fotografia', 'Sighseeing', 'Museo Conte', 'Museo Radio', 'Palazzo della Ragione']",San Fermo,strategy_nearest,False,0.003261089324951172,success
0481863A9C4C80,0,"['Arena', 'Torre Lamberti']",Casa Giulietta,"['Centro Fotografia', 'Sighseeing', 'Museo Conte', 'Museo Radio', 'Palazzo della Ragione']",San Fermo,strategy_nearest,False,0.003216981887817383,success
04818E429C4C80,0,"['Arena', 'Casa Giulietta']",Torre Lamberti,"['Sighseeing', 'Centro Fotografia', 'Museo Conte', 'Palazzo della Ragione', 'AMO']",Castelvecchio,strategy_nearest,False,0.0027170181274414062,success
04819C429C4C80,1,"['Tomba Giulietta', 'Arena']",Casa Giulietta,"['Centro Fotografia', 'Sighseeing', 'Torre Lamberti', 'Museo Conte', 'Museo Radio']",Torre Lamberti,strategy_nearest,True,0.0031642913818359375,success
04819A429C4C80,0,['Arena'],Teatro Romano,"['Santa Anastasia', 'Duomo', 'AMO', 'Palazzo della Ragione', 'Museo Conte']",Casa Giulietta,strategy_nearest,False,0.0031948089599609375,success
0481A4429C4C80,0,['Castelvecchio'],Casa Giulietta,"['Centro Fotografia', 'Sighseeing', 'Torre Lamberti', 'Museo Conte', 'Museo Radio']",Arena,strategy_nearest,False,0.0032787322998046875,success
0481A73A9C4C80,3,"['Arena', 'Torre Lamberti', 'Santa Anastasia']",Duomo,"['AMO', 'Museo Miniscalchi', 'Teatro Romano', 'Palazzo della Ragione', 'Museo Conte']",San Fermo,strategy_nearest,False,0.0032172203063964844,success
0481B43A9C4C80,2,"['Casa Giulietta', 'San Fermo', 'Torre Lamberti']",Palazzo della Ragione,"['AMO', 'Museo Conte', 'Centro Fotografia', 'Sighseeing', 'Santa Anastasia']",Santa Anastasia,strategy_nearest,True,0.0026140213012695312,success
04819D429C4C80,3,"['Arena', 'Casa Giulietta']",Santa Anastasia,"['AMO', 'Museo Conte', 'Palazzo della Ragione', 'Teatro Romano', 'Centro Fotografia']",Castelvecchio,strategy_nearest,False,0.0033109188079833984,success
0481C13A9C4C80,2,"['Palazzo della Ragione', 'Torre Lamberti', 'Santa Anastasia']",Duomo,"['AMO', 'Museo Miniscalchi', 'Teatro Romano', 'Museo Conte', 'Centro Fotografia']",Castelvecchio,strategy_nearest,False,0.0018608570098876953,success
0481C0429C4C80,0,['Arena'],Casa Giulietta,"['Centro Fotografia', 'Sighseeing', 'Torre Lamberti', 'Museo Conte', 'Museo Radio']",Torre Lamberti,strategy_nearest,True,0.0026412010192871094,success
0481C93A9C4C80,1,"['Santa Anastasia', 'Torre Lamberti']",Palazzo della Ragione,"['AMO', 'Museo Conte', 'Centro Fotografia', 'Sighseeing', 'Museo Miniscalchi']",Casa Giulietta,strategy_nearest,False,0.0032181739807128906,success
0481B53A9C4C80,3,"['Teatro Romano', 'Duomo']",Arena,"['Verona Tour', 'Museo Lapidario', 'Museo Radio', 'San Fermo', 'Casa Giulietta']",Casa Giulietta,strategy_nearest,True,0.002584218978881836,success
0481CF3A9C4C80,0,['Arena'],Casa Giulietta,"['Centro Fotografia', 'Sighseeing', 'Torre Lamberti', 'Museo Conte', 'Museo Radio']",Castelvecchio,strategy_nearest,False,0.0022759437561035156,success
0481DE3A9C4C80,0,['Casa Giulietta'],Arena,"['Verona Tour', 'Museo Lapidario', 'Museo Radio', 'San Fermo', 'Sighseeing']",Castelvecchio,strategy_nearest,False,0.0027379989624023438,success
0481D53A9C4C80,0,['Arena'],Torre Lamberti,"['Sighseeing', 'Centro Fotografia', 'Museo Conte', 'Casa Giulietta', 'Palazzo della Ragione']",Teatro Romano,strategy_nearest,False,0.0039632320404052734,success
0481E73A9C4C80,0,"['Arena', 'Casa Giulietta']",Teatro Romano,"['Santa Anastasia', 'Duomo', 'AMO', 'Palazzo della Ragione', 'Museo Conte']",Tomba Giulietta,strategy_nearest,False,0.0019252300262451172,success
0481F9429C4C80,4,"['Arena', 'Museo Lapidario', 'Torre Lamberti', 'Palazzo della Ragione', 'Casa Giulietta']",Duomo,"['AMO', 'Museo Miniscalchi', 'Santa Anastasia', 'Teatro Romano', 'Museo Conte']",Museo Radio,strategy_nearest,False,0.002794981002807617,success
048210C27B3F84,1,"['San Zeno', 'Castelvecchio', 'Arena', 'Casa Giulietta', 'Torre Lamberti']",Palazzo della Ragione,"['AMO', 'Museo Conte', 'Centro Fotografia', 'Sighseeing', 'Santa Anastasia']",Tomba Giulietta,strategy_nearest,False,0.0019550323486328125,success
04820BC27B3F84,3,"['Castelvecchio', 'Arena']",Teatro Romano,"['Santa Anastasia', 'Duomo', 'AMO', 'Palazzo della Ragione', 'Museo Conte']",Duomo,strategy_nearest,True,0.0026133060455322266,success
048216429C4C80,3,"['Arena', 'Santa Anastasia', 'Duomo']",Castelvecchio,"['Museo Lapidario', 'Verona Tour', 'Museo Radio', 'San Zeno', 'Sighseeing']",Teatro Romano,strategy_nearest,False,0.002512216567993164,success
048218429C4C84,1,"['Arena', 'Casa Giulietta']",Palazzo della Ragione,"['AMO', 'Museo Conte', 'Torre Lamberti', 'Centro Fotografia', 'Sighseeing']",Torre Lamberti,strategy_nearest,True,0.002607107162475586,success
0482173A9C4C80,3,"['San Fermo', 'Arena']",Santa Anastasia,"['AMO', 'Museo Conte', 'Palazzo della Ragione', 'Teatro Romano', 'Centro Fotografia']",Teatro Romano,strategy_nearest,True,0.0032367706298828125,success
0482213A9C4C80,3,"['Arena', 'Torre Lamberti', 'San Fermo']",Casa Giulietta,"['Centro Fotografia', 'Sighseeing', 'Museo Conte', 'Museo Radio', 'Palazzo della Ragione']",Santa Anastasia,strategy_nearest,False,0.0027730464935302734,success
048217C27B3F84,3,"['Castelvecchio', 'Arena']",Teatro Romano,"['Santa Anastasia', 'Duomo', 'AMO', 'Palazzo della Ragione', 'Museo Conte']",Duomo,strategy_nearest,True,0.004256010055541992,success
048223C27B3F84,3,"['San Zeno', 'Arena']",Castelvecchio,"['Museo Lapidario', 'Verona Tour', 'Museo Radio', 'Sighseeing', 'Museo Miniscalchi']",Santa Anastasia,strategy_nearest,False,0.0032958984375,success
0482263A9C4C84,0,['Torre Lamberti'],Casa Giulietta,"['Centro Fotografia', 'Sighseeing', 'Museo Conte', 'Museo Radio', 'Palazzo della Ragione']",Arena,strategy_nearest,False,0.0025131702423095703,success
0482283A9C4C80,3,"['Castelvecchio', 'San Zeno', 'Arena', 'Santa Anastasia']",Torre Lamberti,"['Sighseeing', 'Centro Fotografia', 'Museo Conte', 'Casa Giulietta', 'Palazzo della Ragione']",Casa Giulietta,strategy_nearest,True,0.0031168460845947266,success
04822B3A9C4C80,0,['Arena'],Casa Giulietta,"['Centro Fotografia', 'Sighseeing', 'Torre Lamberti', 'Museo Conte', 'Museo Radio']",Castelvecchio,strategy_nearest,False,0.003042936325073242,success
04822D3A9C4C80,1,"['Castelvecchio', 'Casa Giulietta', 'Torre Lamberti']",Palazzo della Ragione,"['AMO', 'Museo Conte', 'Centro Fotografia', 'Sighseeing', 'Santa Anastasia']",Arena,strategy_nearest,False,0.0025451183319091797,success
048232429C4C80,1,"['Torre Lamberti', 'Duomo']",Museo Storia,"['San Fermo', 'Museo Radio', 'Casa Giulietta', 'Centro Fotografia', 'Tomba Giulietta']",Arena,strategy_nearest,False,0.0037071704864501953,success
0482344A9C4C80,3,"['Castelvecchio', 'San Zeno']",Arena,"['Verona Tour', 'Museo Lapidario', 'Museo Radio', 'San Fermo', 'Casa Giulietta']",Santa Anastasia,strategy_nearest,False,0.0034608840942382812,success
0482353A9C4C80,1,"['Arena', 'Casa Giulietta', 'Palazzo della Ragione', 'Castelvecchio']",San Zeno,"['Verona Tour', 'Museo Lapidario', 'Museo Miniscalchi', 'Sighseeing', 'Museo Radio']",Tomba Giulietta,strategy_nearest,False,0.002489805221557617,success
04823C429C4C80,1,"['Casa Giulietta', 'Santa Anastasia', 'Teatro Romano']",Duomo,"['AMO', 'Museo Miniscalchi', 'Palazzo della Ragione', 'Museo Conte', 'Torre Lamberti']",Palazzo della Ragione,strategy_nearest,True,0.0026581287384033203,success
0482453A9C4C80,0,['Arena'],Duomo,"['AMO', 'Museo Miniscalchi', 'Santa Anastasia', 'Teatro Romano', 'Palazzo della Ragione']",Teatro Romano,strategy_nearest,True,0.0026798248291015625,success
0482503A9C4C80,3,"['Arena', 'Torre Lamberti']",Santa Anastasia,"['AMO', 'Museo Conte', 'Palazzo della Ragione', 'Teatro Romano', 'Centro Fotografia']",Duomo,strategy_nearest,False,0.0033559799194335938,success
048250429C4C80,3,"['Arena', 'Castelvecchio']",Duomo,"['AMO', 'Museo Miniscalchi', 'Santa Anastasia', 'Teatro Romano', 'Palazzo della Ragione']",Teatro Romano,strategy_nearest,True,0.0030901432037353516,success
0482543A9C4C80,3,"['Museo Lapidario', 'Castelvecchio', 'San Zeno']",Teatro Romano,"['Santa Anastasia', 'Duomo', 'AMO', 'Palazzo della Ragione', 'Museo Conte']",Arena,strategy_nearest,False,0.0030248165130615234,success
048255429C4C80,3,"['Castelvecchio', 'San Zeno', 'Arena']",Tomba Giulietta,"['San Fermo', 'Museo Storia', 'Museo Lapidario', 'Museo Radio', 'Verona Tour']",Casa Giulietta,strategy_nearest,False,0.001856088638305664,success
0482553A9C4C80,3,"['Arena', 'Museo Lapidario']",Castelvecchio,"['Verona Tour', 'Museo Radio', 'San Zeno', 'Sighseeing', 'Museo Miniscalchi']",Teatro Romano,strategy_nearest,False,0.003197908401489258,success
048258429C4C80,1,"['Arena', 'Torre Lamberti']",Palazzo della Ragione,"['AMO', 'Museo Conte', 'Centro Fotografia', 'Sighseeing', 'Santa Anastasia']",Casa Giulietta,strategy_nearest,False,0.003165006637573242,success
04826A3A9C4C80,6,"['Arena', 'Casa Giulietta', 'Santa Anastasia', 'Duomo']",Palazzo della Ragione,"['AMO', 'Museo Conte', 'Torre Lamberti', 'Centro Fotografia', 'Sighseeing']",Teatro Romano,strategy_nearest,False,0.0024750232696533203,success
048265429C4C80,3,"['Arena', 'Casa Giulietta', 'Torre Lamberti']",Santa Anastasia,"['AMO', 'Museo Conte', 'Palazzo della Ragione', 'Teatro Romano', 'Centro Fotografia']",Duomo,strategy_nearest,False,0.0033049583435058594,success
048277429C4C80,2,"['Castelvecchio', 'Torre Lamberti']",Palazzo della Ragione,"['AMO', 'Museo Conte', 'Centro Fotografia', 'Sighseeing', 'Santa Anastasia']",Casa Giulietta,strategy_nearest,False,0.003094911575317383,success
0482783A9C4C80,0,['Casa Giulietta'],Torre Lamberti,"['Sighseeing', 'Centro Fotografia', 'Museo Conte', 'Palazzo della Ragione', 'AMO']",Duomo,strategy_nearest,False,0.0019350051879882812,success
0482803A9C4C80,3,"['San Zeno', 'Castelvecchio', 'Torre Lamberti']",Casa Giulietta,"['Centro Fotografia', 'Sighseeing', 'Museo Conte', 'Museo Radio', 'Palazzo della Ragione']",Santa Anastasia,strategy_nearest,False,0.0025491714477539062,success
04827F3A9C4C80,0,['Arena'],Casa Giulietta,"['Centro Fotografia', 'Sighseeing', 'Torre Lamberti', 'Museo Conte', 'Museo Radio']",Castelvecchio,strategy_nearest,False,0.002191781997680664,success
04828D3A9C4C80,0,['Arena'],Casa Giulietta,"['Centro Fotografia', 'Sighseeing', 'Torre Lamberti', 'Museo Conte', 'Museo Radio']",Santa Anastasia,strategy_nearest,False,0.0021288394927978516,success
04828B3A9C4C80,1,"['Arena', 'Torre Lamberti']",Palazzo della Ragione,"['AMO', 'Museo Conte', 'Centro Fotografia', 'Sighseeing', 'Santa Anastasia']",Casa Giulietta,strategy_nearest,False,0.0024907588958740234,success
0482914A9C4C80,3,"['Arena', 'San Fermo']",Torre Lamberti,"['Sighseeing', 'Centro Fotografia', 'Museo Conte', 'Casa Giulietta', 'Palazzo della Ragione']",Santa Anastasia,strategy_nearest,False,0.0033609867095947266,success
0482944A9C4C80,3,"['Arena', 'Castelvecchio']",Torre Lamberti,"['Sighseeing', 'Centro Fotografia', 'Museo Conte', 'Casa Giulietta', 'Palazzo della Ragione']",Santa Anastasia,strategy_nearest,False,0.0024459362030029297,success
04829A4A9C4C80,1,"['Tomba Giulietta', 'Arena', 'Casa Giulietta']",Santa Anastasia,"['AMO', 'Museo Conte', 'Palazzo della Ragione', 'Teatro Romano', 'Centro Fotografia']",Duomo,strategy_nearest,False,0.0033779144287109375,success
0482AC429C4C80,3,"['Arena', 'Casa Giulietta']",Torre Lamberti,"['Sighseeing', 'Centro Fotografia', 'Museo Conte', 'Palazzo della Ragione', 'AMO']",Santa Anastasia,strategy_nearest,False,0.0015170574188232422,success
0482B53A9C4C80,1,"['Arena', 'Torre Lamberti']",Palazzo della Ragione,"['AMO', 'Museo Conte', 'Centro Fotografia', 'Sighseeing', 'Santa Anastasia']",Teatro Romano,strategy_nearest,False,0.0032668113708496094,success
04829D4A9C4C80,3,['Arena'],Casa Giulietta,"['Centro Fotografia', 'Sighseeing', 'Torre Lamberti', 'Museo Conte', 'Museo Radio']",Duomo,strategy_nearest,False,0.0033690929412841797,success
0482B8429C4C80,1,"['Arena', 'Palazzo della Ragione']",Casa Giulietta,"['Centro Fotografia', 'Sighseeing', 'Torre Lamberti', 'Museo Conte', 'Museo Radio']",Castelvecchio,strategy_nearest,False,0.002568960189819336,success
0482C3C27B3F80,1,"['Castelvecchio', 'Arena', 'Casa Giulietta', 'Torre Lamberti']",Palazzo della Ragione,"['AMO', 'Museo Conte', 'Centro Fotografia', 'Sighseeing', 'Santa Anastasia']",Tomba Giulietta,strategy_nearest,False,0.0025572776794433594,success
0482CB3A9C4C80,0,['Arena'],Casa Giulietta,"['Centro Fotografia', 'Sighseeing', 'Torre Lamberti', 'Museo Conte', 'Museo Radio']",Giardino Giusti,strategy_nearest,False,0.0023391246795654297,success
0482C43A9C4C80,6,"['Arena', 'Casa Giulietta', 'Torre Lamberti']",Palazzo della Ragione,"['AMO', 'Museo Conte', 'Centro Fotografia', 'Sighseeing', 'Santa Anastasia']",Santa Anastasia,strategy_nearest,True,0.0033702850341796875,success
0482D2429C4C80,0,"['Torre Lamberti', 'Casa Giulietta']",Arena,"['Verona Tour', 'Museo Lapidario', 'Museo Radio', 'San Fermo', 'Sighseeing']",Castelvecchio,strategy_nearest,False,0.0041561126708984375,success
0482E6429C4C80,1,"['Castelvecchio', 'Arena', 'San Fermo', 'Torre Lamberti', 'Casa Giulietta']",Tomba Giulietta,"['Museo Storia', 'Museo Lapidario', 'Museo Radio', 'Verona Tour', 'Sighseeing']",Museo Lapidario,strategy_nearest,True,0.003222227096557617,success
0482DB3A9C4C80,0,['Tomba Giulietta'],Arena,"['Verona Tour', 'Museo Lapidario', 'Museo Radio', 'San Fermo', 'Casa Giulietta']",Teatro Romano,strategy_nearest,False,0.0026612281799316406,success
0482DA3A9C4C80,3,"['San Zeno', 'Torre Lamberti']",Casa Giulietta,"['Centro Fotografia', 'Sighseeing', 'Museo Conte', 'Museo Radio', 'Palazzo della Ragione']",Arena,strategy_nearest,False,0.002710103988647461,success
0482EB429C4C80,3,"['San Fermo', 'Arena', 'Castelvecchio', 'San Zeno']",Santa Anastasia,"['AMO', 'Museo Conte', 'Palazzo della Ragione', 'Teatro Romano', 'Centro Fotografia']",Teatro Romano,strategy_nearest,True,0.004025936126708984,success
048309429C4C80,3,"['Tomba Giulietta', 'Santa Anastasia']",Arena,"['Verona Tour', 'Museo Lapidario', 'Museo Radio', 'San Fermo', 'Casa Giulietta']",Castelvecchio,strategy_nearest,False,0.0021219253540039062,success
0483083A9C4C84,0,['Arena'],Casa Giulietta,"['Centro Fotografia', 'Sighseeing', 'Torre Lamberti', 'Museo Conte', 'Museo Radio']",Castelvecchio,strategy_nearest,False,0.0014557838439941406,success
048306429C4C84,1,"['Arena', 'Museo Lapidario', 'Castelvecchio']",Duomo,"['AMO', 'Museo Miniscalchi', 'Santa Anastasia', 'Teatro Romano', 'Palazzo della Ragione']",Torre Lamberti,strategy_nearest,False,0.0034570693969726562,success
0483153A9C4C84,3,"['Arena', 'Torre Lamberti']",Teatro Romano,"['Santa Anastasia', 'Duomo', 'AMO', 'Palazzo della Ragione', 'Museo Conte']",Santa Anastasia,strategy_nearest,True,0.002048969268798828,success
04831E3A9C4C80,1,"['Arena', 'Torre Lamberti', 'Palazzo della Ragione', 'Castelvecchio']",Tomba Giulietta,"['San Fermo', 'Museo Storia', 'Museo Lapidario', 'Museo Radio', 'Verona Tour']",Museo Storia,strategy_nearest,True,0.0026197433471679688,success
04830C3A9C4C84,1,"['Arena', 'Castelvecchio', 'Santa Anastasia']",Duomo,"['AMO', 'Museo Miniscalchi', 'Teatro Romano', 'Palazzo della Ragione', 'Museo Conte']",Torre Lamberti,strategy_nearest,False,0.0040051937103271484,success
0483123A9C4C80,0,['Torre Lamberti'],Casa Giulietta,"['Centro Fotografia', 'Sighseeing', 'Museo Conte', 'Museo Radio', 'Palazzo della Ragione']",Arena,strategy_nearest,False,0.002164125442504883,success
048320429C4C80,3,['Torre Lamberti'],Duomo,"['AMO', 'Museo Miniscalchi', 'Santa Anastasia', 'Teatro Romano', 'Palazzo della Ragione']",San Zeno,strategy_nearest,False,0.0023217201232910156,success
0483233A9C4C84,2,['Torre Lamberti'],Santa Anastasia,"['AMO', 'Museo Conte', 'Palazzo della Ragione', 'Teatro Romano', 'Centro Fotografia']",Duomo,strategy_nearest,False,0.0019009113311767578,success
0483293A9C4C80,3,"['Arena', 'Museo Lapidario', 'San Fermo']",Torre Lamberti,"['Sighseeing', 'Centro Fotografia', 'Museo Conte', 'Casa Giulietta', 'Palazzo della Ragione']",Teatro Romano,strategy_nearest,False,0.0029621124267578125,success
04832A429C4C80,3,"['Arena', 'Santa Anastasia']",Duomo,"['AMO', 'Museo Miniscalchi', 'Teatro Romano', 'Palazzo della Ragione', 'Museo Conte']",Torre Lamberti,strategy_nearest,False,0.002707958221435547,success
04832D3A9C4C80,0,['Arena'],Casa Giulietta,"['Centro Fotografia', 'Sighseeing', 'Torre Lamberti', 'Museo Conte', 'Museo Radio']",Castelvecchio,strategy_nearest,False,0.0025060176849365234,success
04832B3A9C4C80,0,"['Arena', 'Torre Lamberti']",Casa Giulietta,"['Centro Fotografia', 'Sighseeing', 'Museo Conte', 'Museo Radio', 'Palazzo della Ragione']",Teatro Romano,strategy_nearest,False,0.0031981468200683594,success
048330429C4C80,0,"['Torre Lamberti', 'Teatro Romano']",Arena,"['Verona Tour', 'Museo Lapidario', 'Museo Radio', 'San Fermo', 'Casa Giulietta']",Tomba Giulietta,strategy_nearest,False,0.0028731822967529297,success
048335C27B3F80,0,['Castelvecchio'],Arena,"['Verona Tour', 'Museo Lapidario', 'Museo Radio', 'San Fermo', 'Casa Giulietta']",Torre Lamberti,strategy_nearest,False,0.0020809173583984375,success
0483373A9C4C80,1,['Castelvecchio'],Arena,"['Verona Tour', 'Museo Lapidario', 'Museo Radio', 'San Fermo', 'Casa Giulietta']",Casa Giulietta,strategy_nearest,True,0.0024530887603759766,success
048334C27B3F80,3,['Castelvecchio'],Arena,"['Verona Tour', 'Museo Lapidario', 'Museo Radio', 'San Fermo', 'Casa Giulietta']",Torre Lamberti,strategy_nearest,False,0.004539012908935547,success
048340429C4C80,3,"['Arena', 'Santa Anastasia']",Duomo,"['AMO', 'Museo Miniscalchi', 'Teatro Romano', 'Palazzo della Ragione', 'Museo Conte']",Casa Giulietta,strategy_nearest,False,0.002758026123046875,success
04833B429C4C80,3,"['Arena', 'Casa Giulietta']",Duomo,"['AMO', 'Museo Miniscalchi', 'Santa Anastasia', 'Teatro Romano', 'Palazzo della Ragione']",Santa Anastasia,strategy_nearest,True,0.003371000289916992,success
048341429C4C80,3,"['Arena', 'San Zeno']",Duomo,"['AMO', 'Museo Miniscalchi', 'Santa Anastasia', 'Teatro Romano', 'Palazzo della Ragione']",Teatro Romano,strategy_nearest,True,0.002721071243286133,success
048347429C4C80,0,['Arena'],Casa Giulietta,"['Centro Fotografia', 'Sighseeing', 'Torre Lamberti', 'Museo Conte', 'Museo Radio']",Torre Lamberti,strategy_nearest,True,0.0032367706298828125,success
04834D429C4C80,0,['Arena'],Museo Lapidario,"['Verona Tour', 'Castelvecchio', 'Museo Radio', 'San Fermo', 'Casa Giulietta']",Castelvecchio,strategy_nearest,True,0.0026280879974365234,success
048351429C4C80,3,"['Arena', 'Torre Lamberti', 'Santa Anastasia', 'Duomo']",Teatro Romano,"['AMO', 'Palazzo della Ragione', 'Museo Conte', 'Centro Fotografia', 'Museo Miniscalchi']",San Zeno,strategy_nearest,False,0.0013229846954345703,success
04835AC27B3F80,3,"['San Zeno', 'Tomba Giulietta', 'Casa Giulietta']",Torre Lamberti,"['Sighseeing', 'Centro Fotografia', 'Museo Conte', 'Palazzo della Ragione', 'AMO']",Arena,strategy_nearest,False,0.003253936767578125,success
048355C27B3F80,3,"['San Zeno', 'Tomba Giulietta', 'Casa Giulietta']",Torre Lamberti,"['Sighseeing', 'Centro Fotografia', 'Museo Conte', 'Palazzo della Ragione', 'AMO']",Arena,strategy_nearest,False,0.0019168853759765625,success
048366429C4C80,3,"['Arena', 'Castelvecchio', 'San Fermo']",Torre Lamberti,"['Sighseeing', 'Centro Fotografia', 'Museo Conte', 'Casa Giulietta', 'Palazzo della Ragione']",Santa Anastasia,strategy_nearest,False,0.002569913864135742,success
048368429C4C80,3,"['Arena', 'Casa Giulietta']",Torre Lamberti,"['Sighseeing', 'Centro Fotografia', 'Museo Conte', 'Palazzo della Ragione', 'AMO']",Santa Anastasia,strategy_nearest,False,0.0027141571044921875,success
048371429C4C80,0,['Arena'],Casa Giulietta,"['Centro Fotografia', 'Sighseeing', 'Torre Lamberti', 'Museo Conte', 'Museo Radio']",Tomba Giulietta,strategy_nearest,False,0.003147125244140625,success
0483623A9C4C80,3,"['Arena', 'Casa Giulietta', 'Santa Anastasia', 'Teatro Romano']",Castelvecchio,"['Museo Lapidario', 'Verona Tour', 'Museo Radio', 'San Zeno', 'Sighseeing']",Duomo,strategy_nearest,False,0.0019249916076660156,success
048377429C4C80,2,"['Museo Storia', 'San Fermo']",Teatro Romano,"['Santa Anastasia', 'Duomo', 'AMO', 'Palazzo della Ragione', 'Museo Conte']",Casa Giulietta,strategy_nearest,False,0.002582073211669922,success
048375429C4C80,0,['Arena'],Casa Giulietta,"['Centro Fotografia', 'Sighseeing', 'Torre Lamberti', 'Museo Conte', 'Museo Radio']",Torre Lamberti,strategy_nearest,True,0.0019850730895996094,success
04837B3A9C4C80,1,"['Arena', 'Museo Lapidario']",Castelvecchio,"['Verona Tour', 'Museo Radio', 'San Zeno', 'Sighseeing', 'Museo Miniscalchi']",Torre Lamberti,strategy_nearest,False,0.0032796859741210938,success
04837A429C4C80,2,"['San Fermo', 'Casa Giulietta', 'Torre Lamberti']",Palazzo della Ragione,"['AMO', 'Museo Conte', 'Centro Fotografia', 'Sighseeing', 'Santa Anastasia']",Santa Anastasia,strategy_nearest,True,0.0026950836181640625,success
04838A3A9C4C80,0,['Arena'],Casa Giulietta,"['Centro Fotografia', 'Sighseeing', 'Torre Lamberti', 'Museo Conte', 'Museo Radio']",Tomba Giulietta,strategy_nearest,False,0.001363992691040039,success
048399429C4C80,3,"['Arena', 'Museo Lapidario', 'Castelvecchio']",Teatro Romano,"['Santa Anastasia', 'Duomo', 'AMO', 'Palazzo della Ragione', 'Museo Conte']",Duomo,strategy_nearest,True,0.0030388832092285156,success
0483864A9C4C80,0,"['Casa Giulietta', 'Torre Lamberti']",San Fermo,"['Museo Storia', 'Museo Radio', 'Centro Fotografia', 'Arena', 'Sighseeing']",Tomba Giulietta,strategy_nearest,False,0.003450155258178711,success
0483914A9C4C80,0,['Casa Giulietta'],Arena,"['Verona Tour', 'Museo Lapidario', 'Museo Radio', 'San Fermo', 'Sighseeing']",Torre Lamberti,strategy_nearest,False,0.0027141571044921875,success
04839F429C4C80,0,['Torre Lamberti'],Casa Giulietta,"['Centro Fotografia', 'Sighseeing', 'Museo Conte', 'Museo Radio', 'Palazzo della Ragione']",Arena,strategy_nearest,False,0.0024390220642089844,success
0483A63A9C4C80,0,['Arena'],Casa Giulietta,"['Centro Fotografia', 'Sighseeing', 'Torre Lamberti', 'Museo Conte', 'Museo Radio']",Torre Lamberti,strategy_nearest,True,0.0020558834075927734,success
0483A73A9C4C80,1,"['Arena', 'Museo Lapidario', 'Castelvecchio', 'Casa Giulietta']",Palazzo della Ragione,"['AMO', 'Museo Conte', 'Torre Lamberti', 'Centro Fotografia', 'Sighseeing']",Torre Lamberti,strategy_nearest,True,0.0027790069580078125,success
0483AA4A9C4C80,3,"['Arena', 'Torre Lamberti']",Castelvecchio,"['Museo Lapidario', 'Verona Tour', 'Museo Radio', 'San Zeno', 'Sighseeing']",Santa Anastasia,strategy_nearest,False,0.003638744354248047,success
0483AD429C4C80,1,"['Castelvecchio', 'Torre Lamberti']",Palazzo della Ragione,"['AMO', 'Museo Conte', 'Centro Fotografia', 'Sighseeing', 'Santa Anastasia']",Casa Giulietta,strategy_nearest,False,0.003008127212524414,success
0483B4BA7B3F80,1,"['Teatro Romano', 'Palazzo della Ragione', 'Casa Giulietta']",Arena,"['Verona Tour', 'Museo Lapidario', 'Museo Radio', 'San Fermo', 'Sighseeing']",Castelvecchio,strategy_nearest,False,0.003219127655029297,success
0483B53A9C4C80,1,"['Arena', 'Museo Lapidario']",Casa Giulietta,"['Centro Fotografia', 'Sighseeing', 'Torre Lamberti', 'Museo Conte', 'Museo Radio']",Torre Lamberti,strategy_nearest,True,0.0033080577850341797,success
0483BB3A9C4C80,0,['Torre Lamberti'],Arena,"['Verona Tour', 'Museo Lapidario', 'Museo Radio', 'San Fermo', 'Casa Giulietta']",Duomo,strategy_nearest,False,0.002836942672729492,success
0483BA3A9C4C80,1,"['Museo Lapidario', 'Arena', 'Casa Giulietta']",Palazzo della Ragione,"['AMO', 'Museo Conte', 'Torre Lamberti', 'Centro Fotografia', 'Sighseeing']",Castelvecchio,strategy_nearest,False,0.003306150436401367,success
0483C33A9C4C80,0,"['Arena', 'Museo Lapidario']",Castelvecchio,"['Verona Tour', 'Museo Radio', 'San Zeno', 'Sighseeing', 'Museo Miniscalchi']",Torre Lamberti,strategy_nearest,False,0.0027170181274414062,success
0483BD429C4C80,1,['Arena'],Casa Giulietta,"['Centro Fotografia', 'Sighseeing', 'Torre Lamberti', 'Museo Conte', 'Museo Radio']",Torre Lamberti,strategy_nearest,True,0.0021278858184814453,success
0483DB3A9C4C80,1,"['Arena', 'Casa Giulietta', 'Palazzo della Ragione', 'Torre Lamberti', 'Santa Anastasia']",Teatro Romano,"['Duomo', 'AMO', 'Museo Conte', 'Centro Fotografia', 'Museo Miniscalchi']",Castelvecchio,strategy_nearest,False,0.003171682357788086,success
0483BC429C4C80,3,"['Castelvecchio', 'Arena']",Torre Lamberti,"['Sighseeing', 'Centro Fotografia', 'Museo Conte', 'Casa Giulietta', 'Palazzo della Ragione']",Casa Giulietta,strategy_nearest,True,0.003367185592651367,success
0483E83A9C4C80,0,"['Castelvecchio', 'Arena']",Casa Giulietta,"['Centro Fotografia', 'Sighseeing', 'Torre Lamberti', 'Museo Conte', 'Museo Radio']",Teatro Romano,strategy_nearest,False,0.0019290447235107422,success
0483E93A9C4C80,0,['Arena'],Casa Giulietta,"['Centro Fotografia', 'Sighseeing', 'Torre Lamberti', 'Museo Conte', 'Museo Radio']",Tomba Giulietta,strategy_nearest,False,0.001931905746459961,success
0483FE429C4C80,0,"['Arena', 'Casa Giulietta']",Torre Lamberti,"['Sighseeing', 'Centro Fotografia', 'Museo Conte', 'Palazzo della Ragione', 'AMO']",Teatro Romano,strategy_nearest,False,0.002668142318725586,success
048407429C4C84,3,"['Arena', 'Castelvecchio']",Duomo,"['AMO', 'Museo Miniscalchi', 'Santa Anastasia', 'Teatro Romano', 'Palazzo della Ragione']",Santa Anastasia,strategy_nearest,True,0.003390073776245117,success
04840B429C4C80,1,['Palazzo della Ragione'],Torre Lamberti,"['Sighseeing', 'Centro Fotografia', 'Museo Conte', 'Casa Giulietta', 'AMO']",Arena,strategy_nearest,False,0.002691030502319336,success
0484133A9C4C84,0,"['Arena', 'Casa Giulietta']",Torre Lamberti,"['Sighseeing', 'Centro Fotografia', 'Museo Conte', 'Palazzo della Ragione', 'AMO']",Duomo,strategy_nearest,False,0.003155946731567383,success
048413429C4C80,3,"['Castelvecchio', 'San Zeno']",Arena,"['Verona Tour', 'Museo Lapidario', 'Museo Radio', 'San Fermo', 'Casa Giulietta']",Santa Anastasia,strategy_nearest,False,0.003371000289916992,success
0484143A9C4C84,0,"['Arena', 'Museo Lapidario']",Castelvecchio,"['Verona Tour', 'Museo Radio', 'San Zeno', 'Sighseeing', 'Museo Miniscalchi']",Casa Giulietta,strategy_nearest,False,0.0031213760375976562,success
0484153A9C4C80,0,['Arena'],Casa Giulietta,"['Centro Fotografia', 'Sighseeing', 'Torre Lamberti', 'Museo Conte', 'Museo Radio']",Torre Lamberti,strategy_nearest,True,0.002557039260864258,success
048418429C4C80,3,"['Arena', 'San Zeno']",Castelvecchio,"['Museo Lapidario', 'Verona Tour', 'Museo Radio', 'Sighseeing', 'Museo Miniscalchi']",Giardino Giusti,strategy_nearest,False,0.0023200511932373047,success
0484173A9C4C80,0,"['Arena', 'Torre Lamberti']",Casa Giulietta,"['Centro Fotografia', 'Sighseeing', 'Museo Conte', 'Museo Radio', 'Palazzo della Ragione']",Teatro Romano,strategy_nearest,False,0.003358125686645508,success
04841D429C4C80,2,"['Tomba Giulietta', 'Casa Giulietta', 'Torre Lamberti']",Santa Anastasia,"['AMO', 'Museo Conte', 'Palazzo della Ragione', 'Teatro Romano', 'Centro Fotografia']",Duomo,strategy_nearest,False,0.003072023391723633,success
04842B3A9C4C80,3,"['Casa Giulietta', 'Torre Lamberti']",Santa Anastasia,"['AMO', 'Museo Conte', 'Palazzo della Ragione', 'Teatro Romano', 'Centro Fotografia']",Duomo,strategy_nearest,False,0.0023810863494873047,success
0484284A9C4C80,3,"['Arena', 'Teatro Romano']",Casa Giulietta,"['Centro Fotografia', 'Sighseeing', 'Torre Lamberti', 'Museo Conte', 'Museo Radio']",Santa Anastasia,strategy_nearest,False,0.0031769275665283203,success
04842C4A9C4C80,3,"['Santa Anastasia', 'Casa Giulietta']",Castelvecchio,"['Museo Lapidario', 'Verona Tour', 'Arena', 'Museo Radio', 'San Zeno']",Arena,strategy_nearest,True,0.0024383068084716797,success
04842D4A9C4C80,1,"['Arena', 'San Fermo', 'Casa Giulietta', 'Torre Lamberti', 'Palazzo della Ragione']",Santa Anastasia,"['AMO', 'Museo Conte', 'Teatro Romano', 'Centro Fotografia', 'Duomo']",Teatro Romano,strategy_nearest,True,0.0019040107727050781,success
0484384A9C4C80,1,"['Arena', 'Torre Lamberti', 'Palazzo della Ragione']",Teatro Romano,"['Santa Anastasia', 'Duomo', 'AMO', 'Museo Conte', 'Centro Fotografia']",San Zeno,strategy_nearest,False,0.002725839614868164,success
04843B3A9C4C80,3,"['Santa Anastasia', 'Torre Lamberti']",Casa Giulietta,"['Centro Fotografia', 'Sighseeing', 'Museo Conte', 'Museo Radio', 'Palazzo della Ragione']",Arena,strategy_nearest,False,0.003106832504272461,success
04843D3A9C4C80,3,"['Duomo', 'Santa Anastasia']",Torre Lamberti,"['Sighseeing', 'Centro Fotografia', 'Museo Conte', 'Casa Giulietta', 'Palazzo della Ragione']",Casa Giulietta,strategy_nearest,True,0.0030558109283447266,success
04844A429C4C80,0,['Casa Giulietta'],Palazzo della Ragione,"['AMO', 'Museo Conte', 'Torre Lamberti', 'Centro Fotografia', 'Sighseeing']",Arena,strategy_nearest,False,0.002527952194213867,success
04844B3A9C4C80,0,"['Arena', 'Casa Giulietta']",Torre Lamberti,"['Sighseeing', 'Centro Fotografia', 'Museo Conte', 'Palazzo della Ragione', 'AMO']",Arena,strategy_nearest,False,0.002370119094848633,success
048446429C4C80,3,"['Arena', 'Casa Giulietta', 'Santa Anastasia']",Duomo,"['AMO', 'Museo Miniscalchi', 'Teatro Romano', 'Palazzo della Ragione', 'Museo Conte']",Teatro Romano,strategy_nearest,True,0.003960847854614258,success
0484523A9C4C80,3,"['Castelvecchio', 'Arena']",Santa Anastasia,"['AMO', 'Museo Conte', 'Palazzo della Ragione', 'Teatro Romano', 'Centro Fotografia']",Duomo,strategy_nearest,False,0.002716064453125,success
048471429C4C80,3,"['Arena', 'Casa Giulietta']",Torre Lamberti,"['Sighseeing', 'Centro Fotografia', 'Museo Conte', 'Palazzo della Ragione', 'AMO']",Santa Anastasia,strategy_nearest,False,0.003325223922729492,success
0484623A9C4C80,3,"['Arena', 'Tomba Giulietta', 'Duomo']",San Zeno,"['Castelvecchio', 'Verona Tour', 'Museo Lapidario', 'Museo Miniscalchi', 'Sighseeing']",Casa Giulietta,strategy_nearest,False,0.0013358592987060547,success
0484583A9C4C80,0,['Arena'],Torre Lamberti,"['Sighseeing', 'Centro Fotografia', 'Museo Conte', 'Casa Giulietta', 'Palazzo della Ragione']",Casa Giulietta,strategy_nearest,True,0.003503084182739258,success
048474429C4C80,1,"['Arena', 'Casa Giulietta']",Torre Lamberti,"['Sighseeing', 'Centro Fotografia', 'Museo Conte', 'Palazzo della Ragione', 'AMO']",Palazzo della Ragione,strategy_nearest,True,0.0024843215942382812,success
0484844A9C4C80,0,"['Arena', 'Duomo']",Torre Lamberti,"['Sighseeing', 'Centro Fotografia', 'Museo Conte', 'Casa Giulietta', 'Palazzo della Ragione']",Casa Giulietta,strategy_nearest,True,0.0026628971099853516,success
04847C4A9C4C80,3,"['Arena', 'Torre Lamberti', 'Casa Giulietta']",San Fermo,"['Museo Storia', 'Museo Radio', 'Centro Fotografia', 'Sighseeing', 'Museo Conte']",Santa Anastasia,strategy_nearest,False,0.0019741058349609375,success
0484894A9C4C80,0,['Casa Giulietta'],Torre Lamberti,"['Sighseeing', 'Centro Fotografia', 'Museo Conte', 'Palazzo della Ragione', 'AMO']",Arena,strategy_nearest,False,0.0023517608642578125,success
04848B429C4C80,0,['Arena'],Casa Giulietta,"['Centro Fotografia', 'Sighseeing', 'Torre Lamberti', 'Museo Conte', 'Museo Radio']",Castelvecchio,strategy_nearest,False,0.003118753433227539,success
0484904A9C4C80,3,['Casa Giulietta'],Torre Lamberti,"['Sighseeing', 'Centro Fotografia', 'Museo Conte', 'Palazzo della Ragione', 'AMO']",Santa Anastasia,strategy_nearest,False,0.0025310516357421875,success
04848D3A9C4C80,0,['Arena'],Casa Giulietta,"['Centro Fotografia', 'Sighseeing', 'Torre Lamberti', 'Museo Conte', 'Museo Radio']",Torre Lamberti,strategy_nearest,True,0.0024340152740478516,success
04848F3A9C4C80,0,['Tomba Giulietta'],San Fermo,"['Museo Storia', 'Museo Radio', 'Casa Giulietta', 'Centro Fotografia', 'Arena']",Torre Lamberti,strategy_nearest,False,0.003408193588256836,success
048496429C4C80,0,['Torre Lamberti'],Tomba Giulietta,"['San Fermo', 'Museo Storia', 'Arena', 'Museo Lapidario', 'Museo Radio']",Arena,strategy_nearest,True,0.0034072399139404297,success
04849B4A9C4C80,1,"['Arena', 'Casa Giulietta']",Santa Anastasia,"['AMO', 'Museo Conte', 'Palazzo della Ragione', 'Teatro Romano', 'Centro Fotografia']",Palazzo della Ragione,strategy_nearest,True,0.0020339488983154297,success
048499429C4C80,1,"['Tomba Giulietta', 'Arena']",Torre Lamberti,"['Sighseeing', 'Centro Fotografia', 'Museo Conte', 'Casa Giulietta', 'Palazzo della Ragione']",Palazzo della Ragione,strategy_nearest,True,0.0034728050231933594,success
04849F4A9C4C80,2,"['San Fermo', 'Casa Giulietta']",Torre Lamberti,"['Sighseeing', 'Centro Fotografia', 'Museo Conte', 'Palazzo della Ragione', 'AMO']",Palazzo della Ragione,strategy_nearest,True,0.001989126205444336,success
0484A34A9C4C80,3,"['Arena', 'Santa Anastasia']",Teatro Romano,"['Duomo', 'AMO', 'Palazzo della Ragione', 'Museo Conte', 'Centro Fotografia']",Duomo,strategy_nearest,True,0.0035169124603271484,success
0484A54A9C4C80,1,"['Casa Giulietta', 'Torre Lamberti']",Palazzo della Ragione,"['AMO', 'Museo Conte', 'Centro Fotografia', 'Sighseeing', 'Santa Anastasia']",Santa Anastasia,strategy_nearest,True,0.003209352493286133,success
0484AD429C4C80,0,"['Castelvecchio', 'Torre Lamberti']",Casa Giulietta,"['Centro Fotografia', 'Sighseeing', 'Museo Conte', 'Museo Radio', 'Palazzo della Ragione']",Arena,strategy_nearest,False,0.003217935562133789,success
0484A93A9C4C80,0,"['Castelvecchio', 'San Zeno']",Arena,"['Verona Tour', 'Museo Lapidario', 'Museo Radio', 'San Fermo', 'Casa Giulietta']",Torre Lamberti,strategy_nearest,False,0.002613067626953125,success
0484BF3A9C4C80,1,"['Arena', 'Casa Giulietta']",Torre Lamberti,"['Sighseeing', 'Centro Fotografia', 'Museo Conte', 'Palazzo della Ragione', 'AMO']",Palazzo della Ragione,strategy_nearest,True,0.0026340484619140625,success
0484BE3A9C4C80,2,"['Museo Lapidario', 'San Fermo', 'Casa Giulietta', 'Torre Lamberti']",Palazzo della Ragione,"['AMO', 'Museo Conte', 'Centro Fotografia', 'Sighseeing', 'Santa Anastasia']",Santa Anastasia,strategy_nearest,True,0.0027878284454345703,success
0484CF3A9C4C80,1,"['Arena', 'Casa Giulietta', 'Santa Anastasia']",Torre Lamberti,"['Sighseeing', 'Centro Fotografia', 'Museo Conte', 'Palazzo della Ragione', 'AMO']",Palazzo della Ragione,strategy_nearest,True,0.002652883529663086,success
0484CC3A9C4C80,0,['Santa Anastasia'],Casa Giulietta,"['Centro Fotografia', 'Sighseeing', 'Torre Lamberti', 'Museo Conte', 'Museo Radio']",Arena,strategy_nearest,False,0.0033578872680664062,success
0484E03A9C4C80,0,['Arena'],Casa Giulietta,"['Centro Fotografia', 'Sighseeing', 'Torre Lamberti', 'Museo Conte', 'Museo Radio']",Torre Lamberti,strategy_nearest,True,0.0028200149536132812,success
0484FEC27B3F80,2,['Santa Anastasia'],Casa Giulietta,"['Centro Fotografia', 'Sighseeing', 'Torre Lamberti', 'Museo Conte', 'Museo Radio']",Palazzo della Ragione,strategy_nearest,False,0.003214120864868164,success
0484FDC27B3F80,1,"['Santa Anastasia', 'Casa Giulietta']",Palazzo della Ragione,"['AMO', 'Museo Conte', 'Torre Lamberti', 'Centro Fotografia', 'Sighseeing']",San Fermo,strategy_nearest,False,0.0023450851440429688,success
0484F53A9C4C80,0,['Teatro Romano'],Duomo,"['AMO', 'Museo Miniscalchi', 'Santa Anastasia', 'Palazzo della Ragione', 'Museo Conte']",Castelvecchio,strategy_nearest,False,0.003715991973876953,success
0484FF429C4C80,1,"['Torre Lamberti', 'Palazzo della Ragione', 'Arena']",Castelvecchio,"['Museo Lapidario', 'Verona Tour', 'Museo Radio', 'San Zeno', 'Sighseeing']",Duomo,strategy_nearest,False,0.0024111270904541016,success
048507429C4C84,1,"['Arena', 'Museo Lapidario']",Castelvecchio,"['Verona Tour', 'Museo Radio', 'San Zeno', 'Sighseeing', 'Museo Miniscalchi']",Torre Lamberti,strategy_nearest,False,0.0019681453704833984,success
048508429C4C84,1,"['Arena', 'Casa Giulietta', 'Torre Lamberti', 'Palazzo della Ragione', 'Santa Anastasia']",Castelvecchio,"['Museo Lapidario', 'Verona Tour', 'Museo Radio', 'San Zeno', 'Sighseeing']",San Zeno,strategy_nearest,True,0.002560853958129883,success
048509429C4C80,3,"['Castelvecchio', 'San Zeno']",Arena,"['Verona Tour', 'Museo Lapidario', 'Museo Radio', 'San Fermo', 'Casa Giulietta']",Santa Anastasia,strategy_nearest,False,0.003206968307495117,success
048510429C4C84,1,"['Arena', 'Casa Giulietta']",Torre Lamberti,"['Sighseeing', 'Centro Fotografia', 'Museo Conte', 'Palazzo della Ragione', 'AMO']",Palazzo della Ragione,strategy_nearest,True,0.0021598339080810547,success
048510429C4C80,3,"['Arena', 'Casa Giulietta']",Santa Anastasia,"['AMO', 'Museo Conte', 'Palazzo della Ragione', 'Teatro Romano', 'Centro Fotografia']",Teatro Romano,strategy_nearest,True,0.004007816314697266,success
048513BA7B3F80,0,"['Tomba Giulietta', 'Casa Giulietta']",Arena,"['Verona Tour', 'Museo Lapidario', 'Museo Radio', 'San Fermo', 'Sighseeing']",Torre Lamberti,strategy_nearest,False,0.002476930618286133,success
0485173A9C4C84,0,['Arena'],San Fermo,"['Museo Storia', 'Museo Radio', 'Casa Giulietta', 'Centro Fotografia', 'Sighseeing']",Casa Giulietta,strategy_nearest,True,0.002920866012573242,success
0485203A9C4C80,0,['Castelvecchio'],Arena,"['Verona Tour', 'Museo Lapidario', 'Museo Radio', 'San Fermo', 'Casa Giulietta']",Casa Giulietta,strategy_nearest,True,0.0026760101318359375,success
04852B4A9C4C80,3,"['Duomo', 'Santa Anastasia', 'Castelvecchio']",Arena,"['Verona Tour', 'Museo Lapidario', 'Museo Radio', 'San Fermo', 'Casa Giulietta']",Tomba Giulietta,strategy_nearest,False,0.0026159286499023438,success
04852F3A9C4C80,0,['Arena'],Casa Giulietta,"['Centro Fotografia', 'Sighseeing', 'Torre Lamberti', 'Museo Conte', 'Museo Radio']",Torre Lamberti,strategy_nearest,True,0.0033190250396728516,success
048532429C4C80,1,['Arena'],Santa Anastasia,"['AMO', 'Museo Conte', 'Palazzo della Ragione', 'Teatro Romano', 'Centro Fotografia']",Torre Lamberti,strategy_nearest,False,0.002907276153564453,success
04853D429C4C80,0,['Arena'],Casa Giulietta,"['Centro Fotografia', 'Sighseeing', 'Torre Lamberti', 'Museo Conte', 'Museo Radio']",Tomba Giulietta,strategy_nearest,False,0.0020079612731933594,success
048535429C4C80,1,"['Arena', 'Castelvecchio', 'Santa Anastasia', 'Palazzo della Ragione', 'Torre Lamberti']",Casa Giulietta,"['Centro Fotografia', 'Sighseeing', 'Museo Conte', 'Museo Radio', 'San Fermo']",Tomba Giulietta,strategy_nearest,False,0.004616260528564453,success
0485433A9C4C80,3,['Arena'],Santa Anastasia,"['AMO', 'Museo Conte', 'Palazzo della Ragione', 'Teatro Romano', 'Centro Fotografia']",Castelvecchio,strategy_nearest,False,0.002516031265258789,success
048547429C4C80,3,"['Arena', 'Casa Giulietta', 'Santa Anastasia', 'Teatro Romano']",Castelvecchio,"['Museo Lapidario', 'Verona Tour', 'Museo Radio', 'San Zeno', 'Sighseeing']",Duomo,strategy_nearest,False,0.004052877426147461,success
0485533A9C4C80,2,"['Tomba Giulietta', 'Teatro Romano']",Duomo,"['AMO', 'Museo Miniscalchi', 'Santa Anastasia', 'Palazzo della Ragione', 'Museo Conte']",Santa Anastasia,strategy_nearest,True,0.001252889633178711,success
04855B3A9C4C80,1,"['Arena', 'Torre Lamberti', 'Palazzo della Ragione']",San Fermo,"['Museo Storia', 'Museo Radio', 'Casa Giulietta', 'Centro Fotografia', 'Sighseeing']",Casa Giulietta,strategy_nearest,True,0.0026557445526123047,success
04855D3A9C4C80,1,"['Castelvecchio', 'Casa Giulietta']",Arena,"['Verona Tour', 'Museo Lapidario', 'Museo Radio', 'San Fermo', 'Sighseeing']",Teatro Romano,strategy_nearest,False,0.0031898021697998047,success
0485783A9C4C80,0,['Arena'],Castelvecchio,"['Museo Lapidario', 'Verona Tour', 'Museo Radio', 'San Zeno', 'Sighseeing']",San Zeno,strategy_nearest,True,0.003393888473510742,success
048580429C4C80,3,"['Teatro Romano', 'Duomo']",Santa Anastasia,"['AMO', 'Museo Conte', 'Palazzo della Ragione', 'Centro Fotografia', 'Torre Lamberti']",Castelvecchio,strategy_nearest,False,0.0026938915252685547,success
048582429C4C80,3,"['Arena', 'Casa Giulietta']",Torre Lamberti,"['Sighseeing', 'Centro Fotografia', 'Museo Conte', 'Palazzo della Ragione', 'AMO']",Santa Anastasia,strategy_nearest,False,0.0032079219818115234,success
04857A4A9C4C80,0,"['Arena', 'Casa Giulietta']",Teatro Romano,"['Santa Anastasia', 'Duomo', 'AMO', 'Palazzo della Ragione', 'Museo Conte']",Giardino Giusti,strategy_nearest,False,0.0014681816101074219,success
048584429C4C80,3,"['Arena', 'Museo Lapidario', 'Casa Giulietta']",Torre Lamberti,"['Sighseeing', 'Centro Fotografia', 'Museo Conte', 'Palazzo della Ragione', 'AMO']",Santa Anastasia,strategy_nearest,False,0.0019767284393310547,success
0485854A9C4C80,3,"['Teatro Romano', 'Casa Giulietta']",Tomba Giulietta,"['San Fermo', 'Museo Storia', 'Arena', 'Museo Lapidario', 'Museo Radio']",Arena,strategy_nearest,True,0.002493143081665039,success
0485834A9C4C80,3,"['San Zeno', 'Castelvecchio']",Arena,"['Verona Tour', 'Museo Lapidario', 'Museo Radio', 'San Fermo', 'Casa Giulietta']",San Fermo,strategy_nearest,True,0.003203153610229492,success
04858F3A9C4C80,0,['Arena'],Casa Giulietta,"['Centro Fotografia', 'Sighseeing', 'Torre Lamberti', 'Museo Conte', 'Museo Radio']",Torre Lamberti,strategy_nearest,True,0.003020048141479492,success
048591429C4C80,2,['Torre Lamberti'],Duomo,"['AMO', 'Museo Miniscalchi', 'Santa Anastasia', 'Teatro Romano', 'Palazzo della Ragione']",Casa Giulietta,strategy_nearest,False,0.002113819122314453,success
0485904A9C4C80,1,['Arena'],Torre Lamberti,"['Sighseeing', 'Centro Fotografia', 'Museo Conte', 'Casa Giulietta', 'Palazzo della Ragione']",Palazzo della Ragione,strategy_nearest,True,0.002791166305541992,success
0485914A9C4C80,3,['Arena'],San Fermo,"['Museo Storia', 'Museo Radio', 'Casa Giulietta', 'Centro Fotografia', 'Sighseeing']",Duomo,strategy_nearest,False,0.0025081634521484375,success
0485A0429C4C80,1,"['Arena', 'Torre Lamberti']",Palazzo della Ragione,"['AMO', 'Museo Conte', 'Centro Fotografia', 'Sighseeing', 'Santa Anastasia']",Duomo,strategy_nearest,False,0.0032639503479003906,success
0485A7429C4C80,1,"['San Fermo', 'Casa Giulietta', 'Torre Lamberti', 'Palazzo della Ragione']",Santa Anastasia,"['AMO', 'Museo Conte', 'Teatro Romano', 'Centro Fotografia', 'Duomo']",Duomo,strategy_nearest,True,0.002782106399536133,success
0485A93A9C4C80,3,['Castelvecchio'],Arena,"['Verona Tour', 'Museo Lapidario', 'Museo Radio', 'San Fermo', 'Casa Giulietta']",Santa Anastasia,strategy_nearest,False,0.0033271312713623047,success
0485AC3A9C4C80,1,['Arena'],Torre Lamberti,"['Sighseeing', 'Centro Fotografia', 'Museo Conte', 'Casa Giulietta', 'Palazzo della Ragione']",Palazzo della Ragione,strategy_nearest,True,0.003110170364379883,success
0485AE3A9C4C80,1,"['Arena', 'Torre Lamberti', 'Palazzo della Ragione']",Casa Giulietta,"['Centro Fotografia', 'Sighseeing', 'Museo Conte', 'Museo Radio', 'San Fermo']",Santa Anastasia,strategy_nearest,False,0.003031015396118164,success
0485B53A9C4C80,3,"['Museo Lapidario', 'Castelvecchio', 'Arena']",Torre Lamberti,"['Sighseeing', 'Centro Fotografia', 'Museo Conte', 'Casa Giulietta', 'Palazzo della Ragione']",Casa Giulietta,strategy_nearest,True,0.0021631717681884766,success
0485B1429C4C80,1,"['Arena', 'Duomo', 'Torre Lamberti']",Palazzo della Ragione,"['AMO', 'Museo Conte', 'Centro Fotografia', 'Sighseeing', 'Santa Anastasia']",Casa Giulietta,strategy_nearest,False,0.0036401748657226562,success
0485B63A9C4C80,1,"['Torre Lamberti', 'Palazzo della Ragione', 'Casa Giulietta']",San Fermo,"['Museo Storia', 'Museo Radio', 'Centro Fotografia', 'Arena', 'Sighseeing']",Duomo,strategy_nearest,False,0.0025038719177246094,success
0485BAC27B3F80,1,['Castelvecchio'],Arena,"['Verona Tour', 'Museo Lapidario', 'Museo Radio', 'San Fermo', 'Casa Giulietta']",Torre Lamberti,strategy_nearest,False,0.0028069019317626953,success
0485C83A9C4C80,0,['Arena'],Casa Giulietta,"['Centro Fotografia', 'Sighseeing', 'Torre Lamberti', 'Museo Conte', 'Museo Radio']",Torre Lamberti,strategy_nearest,True,0.0018939971923828125,success
0485BB429C4C80,0,['Arena'],Casa Giulietta,"['Centro Fotografia', 'Sighseeing', 'Torre Lamberti', 'Museo Conte', 'Museo Radio']",Santa Anastasia,strategy_nearest,False,0.002596139907836914,success
0485CE3A9C4C80,1,"['Castelvecchio', 'Museo Lapidario', 'Arena', 'Santa Anastasia']",Teatro Romano,"['Duomo', 'AMO', 'Palazzo della Ragione', 'Museo Conte', 'Centro Fotografia']",Duomo,strategy_nearest,True,0.0025568008422851562,success
0485E7429C4C80,0,"['Castelvecchio', 'Arena']",Casa Giulietta,"['Centro Fotografia', 'Sighseeing', 'Torre Lamberti', 'Museo Conte', 'Museo Radio']",Torre Lamberti,strategy_nearest,True,0.0017631053924560547,success
0485E73A9C4C80,3,['Arena'],Santa Anastasia,"['AMO', 'Museo Conte', 'Palazzo della Ragione', 'Teatro Romano', 'Centro Fotografia']",Duomo,strategy_nearest,False,0.0032019615173339844,success
0485E33A9C4C80,3,"['Arena', 'Castelvecchio']",San Zeno,"['Verona Tour', 'Museo Lapidario', 'Museo Miniscalchi', 'Sighseeing', 'Museo Radio']",Casa Giulietta,strategy_nearest,False,0.0038161277770996094,success
0485FF429C4C80,3,"['Casa Giulietta', 'Santa Anastasia', 'Duomo', 'Teatro Romano', 'Arena']",San Fermo,"['Museo Storia', 'Museo Radio', 'Centro Fotografia', 'Sighseeing', 'Torre Lamberti']",Tomba Giulietta,strategy_nearest,False,0.002131938934326172,success
0485F23A9C4C80,2,"['San Fermo', 'Castelvecchio']",Santa Anastasia,"['AMO', 'Museo Conte', 'Palazzo della Ragione', 'Teatro Romano', 'Centro Fotografia']",Duomo,strategy_nearest,False,0.0034949779510498047,success
04860A429C4C80,3,"['San Fermo', 'Arena']",Castelvecchio,"['Museo Lapidario', 'Verona Tour', 'Museo Radio', 'San Zeno', 'Sighseeing']",Santa Anastasia,strategy_nearest,False,0.003039836883544922,success
0486003A9C4C84,1,"['Casa Giulietta', 'Arena']",Museo Lapidario,"['Verona Tour', 'Castelvecchio', 'Museo Radio', 'San Fermo', 'Tomba Giulietta']",Castelvecchio,strategy_nearest,True,0.002537965774536133,success
04861B3A9C4C80,3,"['Arena', 'Torre Lamberti']",Teatro Romano,"['Santa Anastasia', 'Duomo', 'AMO', 'Palazzo della Ragione', 'Museo Conte']",Duomo,strategy_nearest,True,0.002065896987915039,success
048619429C4C84,1,['Palazzo della Ragione'],Torre Lamberti,"['Sighseeing', 'Centro Fotografia', 'Museo Conte', 'Casa Giulietta', 'AMO']",Arena,strategy_nearest,False,0.0032892227172851562,success
0486133A9C4C80,3,"['Arena', 'Casa Giulietta']",Torre Lamberti,"['Sighseeing', 'Centro Fotografia', 'Museo Conte', 'Palazzo della Ragione', 'AMO']",Santa Anastasia,strategy_nearest,False,0.0026869773864746094,success
04861A429C4C84,3,"['Torre Lamberti', 'Castelvecchio', 'San Zeno']",Arena,"['Verona Tour', 'Museo Lapidario', 'Museo Radio', 'San Fermo', 'Casa Giulietta']",Santa Anastasia,strategy_nearest,False,0.0032799243927001953,success
0486283A9C4C80,3,"['Casa Giulietta', 'Arena', 'Castelvecchio']",Duomo,"['AMO', 'Museo Miniscalchi', 'Santa Anastasia', 'Teatro Romano', 'Palazzo della Ragione']",Teatro Romano,strategy_nearest,True,0.0021228790283203125,success
0486273A9C4C84,0,['Arena'],Casa Giulietta,"['Centro Fotografia', 'Sighseeing', 'Torre Lamberti', 'Museo Conte', 'Museo Radio']",Santa Anastasia,strategy_nearest,False,0.002790212631225586,success
04862D4A9C4C80,0,['Duomo'],Arena,"['Verona Tour', 'Museo Lapidario', 'Museo Radio', 'San Fermo', 'Casa Giulietta']",Casa Giulietta,strategy_nearest,True,0.003226041793823242,success
048620429C4C84,3,"['Arena', 'Casa Giulietta', 'Teatro Romano']",Santa Anastasia,"['AMO', 'Museo Conte', 'Palazzo della Ragione', 'Centro Fotografia', 'Duomo']",Duomo,strategy_nearest,True,0.0015900135040283203,success
04862F3A9C4C80,0,['Arena'],Castelvecchio,"['Museo Lapidario', 'Verona Tour', 'Museo Radio', 'San Zeno', 'Sighseeing']",Casa Giulietta,strategy_nearest,False,0.0039119720458984375,success
048630429C4C80,0,['Arena'],Casa Giulietta,"['Centro Fotografia', 'Sighseeing', 'Torre Lamberti', 'Museo Conte', 'Museo Radio']",Duomo,strategy_nearest,False,0.0019488334655761719,success
0486304A9C4C80,1,"['Castelvecchio', 'Torre Lamberti', 'Palazzo della Ragione', 'Casa Giulietta']",San Fermo,"['Museo Storia', 'Museo Radio', 'Centro Fotografia', 'Arena', 'Sighseeing']",Arena,strategy_nearest,True,0.002048015594482422,success
0486373A9C4C80,1,"['Arena', 'Casa Giulietta']",Torre Lamberti,"['Sighseeing', 'Centro Fotografia', 'Museo Conte', 'Palazzo della Ragione', 'AMO']",Palazzo della Ragione,strategy_nearest,True,0.0031960010528564453,success
04864F429C4C80,1,"['Arena', 'Casa Giulietta', 'Palazzo della Ragione']",Torre Lamberti,"['Sighseeing', 'Centro Fotografia', 'Museo Conte', 'AMO', 'Museo Miniscalchi']",Tomba Giulietta,strategy_nearest,False,0.0025529861450195312,success
048639429C4C80,3,"['Arena', 'Tomba Giulietta', 'Casa Giulietta']",Castelvecchio,"['Museo Lapidario', 'Verona Tour', 'Museo Radio', 'San Zeno', 'Sighseeing']",San Zeno,strategy_nearest,True,0.002148866653442383,success
04863A429C4C80,3,"['Arena', 'Casa Giulietta']",Santa Anastasia,"['AMO', 'Museo Conte', 'Palazzo della Ragione', 'Teatro Romano', 'Centro Fotografia']",Teatro Romano,strategy_nearest,True,0.003938198089599609,success
048649429C4C80,3,"['Santa Anastasia', 'Duomo']",Torre Lamberti,"['Sighseeing', 'Centro Fotografia', 'Museo Conte', 'Casa Giulietta', 'Palazzo della Ragione']",Castelvecchio,strategy_nearest,False,0.002033233642578125,success
048657429C4C80,3,"['Arena', 'Castelvecchio']",San Zeno,"['Verona Tour', 'Museo Lapidario', 'Museo Miniscalchi', 'Sighseeing', 'Museo Radio']",Torre Lamberti,strategy_nearest,False,0.0021190643310546875,success
04866C429C4C80,3,"['Arena', 'Torre Lamberti']",Teatro Romano,"['Santa Anastasia', 'Duomo', 'AMO', 'Palazzo della Ragione', 'Museo Conte']",Santa Anastasia,strategy_nearest,True,0.0025899410247802734,success
04865A429C4C80,0,['Tomba Giulietta'],Arena,"['Verona Tour', 'Museo Lapidario', 'Museo Radio', 'San Fermo', 'Casa Giulietta']",Castelvecchio,strategy_nearest,False,0.0015108585357666016,success
04865C429C4C80,1,"['Arena', 'Casa Giulietta']",Torre Lamberti,"['Sighseeing', 'Centro Fotografia', 'Museo Conte', 'Palazzo della Ragione', 'AMO']",Palazzo della Ragione,strategy_nearest,True,0.003214120864868164,success
048680429C4C80,3,"['Arena', 'Torre Lamberti']",Casa Giulietta,"['Centro Fotografia', 'Sighseeing', 'Museo Conte', 'Museo Radio', 'Palazzo della Ragione']",Duomo,strategy_nearest,False,0.0020117759704589844,success
04867F4A9C4C80,2,['Santa Anastasia'],San Fermo,"['Museo Storia', 'Museo Radio', 'Casa Giulietta', 'Centro Fotografia', 'Arena']",Casa Giulietta,strategy_nearest,True,0.0027141571044921875,success
04866E429C4C80,1,['Torre Lamberti'],Palazzo della Ragione,"['AMO', 'Museo Conte', 'Centro Fotografia', 'Sighseeing', 'Santa Anastasia']",Castelvecchio,strategy_nearest,False,0.0027282238006591797,success
0486783A9C4C80,3,['Casa Giulietta'],Santa Anastasia,"['AMO', 'Museo Conte', 'Palazzo della Ragione', 'Teatro Romano', 'Centro Fotografia']",Duomo,strategy_nearest,False,0.003386259078979492,success
048689429C4C80,0,['Arena'],Casa Giulietta,"['Centro Fotografia', 'Sighseeing', 'Torre Lamberti', 'Museo Conte', 'Museo Radio']",Duomo,strategy_nearest,False,0.0026988983154296875,success
0486804A9C4C80,0,['Arena'],Casa Giulietta,"['Centro Fotografia', 'Sighseeing', 'Torre Lamberti', 'Museo Conte', 'Museo Radio']",Castelvecchio,strategy_nearest,False,0.0027048587799072266,success
0486924A9C4C80,3,"['Casa Giulietta', 'Torre Lamberti', 'Santa Anastasia']",Duomo,"['AMO', 'Museo Miniscalchi', 'Teatro Romano', 'Palazzo della Ragione', 'Museo Conte']",Arena,strategy_nearest,False,0.0031690597534179688,success
04868A3A9C4C80,0,['Arena'],Museo Lapidario,"['Verona Tour', 'Castelvecchio', 'Museo Radio', 'San Fermo', 'Casa Giulietta']",Torre Lamberti,strategy_nearest,False,0.0013060569763183594,success
0486944A9C4C80,0,['Arena'],Torre Lamberti,"['Sighseeing', 'Centro Fotografia', 'Museo Conte', 'Casa Giulietta', 'Palazzo della Ragione']",Casa Giulietta,strategy_nearest,True,0.0019450187683105469,success
048699429C4C80,0,['Arena'],Castelvecchio,"['Museo Lapidario', 'Verona Tour', 'Museo Radio', 'San Zeno', 'Sighseeing']",Casa Giulietta,strategy_nearest,False,0.0020301342010498047,success
048697429C4C80,0,"['Arena', 'Castelvecchio']",Casa Giulietta,"['Centro Fotografia', 'Sighseeing', 'Torre Lamberti', 'Museo Conte', 'Museo Radio']",San Fermo,strategy_nearest,False,0.003999948501586914,success
04869A429C4C80,3,"['Arena', 'Museo Lapidario', 'Torre Lamberti']",Casa Giulietta,"['Centro Fotografia', 'Sighseeing', 'Museo Conte', 'Museo Radio', 'Palazzo della Ragione']",San Fermo,strategy_nearest,False,0.00257110595703125,success
04869F429C4C80,3,"['Arena', 'Casa Giulietta']",Torre Lamberti,"['Sighseeing', 'Centro Fotografia', 'Museo Conte', 'Palazzo della Ragione', 'AMO']",Santa Anastasia,strategy_nearest,False,0.0026009082794189453,success
04869E4A9C4C80,3,"['San Zeno', 'Castelvecchio']",Arena,"['Verona Tour', 'Museo Lapidario', 'Museo Radio', 'San Fermo', 'Casa Giulietta']",San Fermo,strategy_nearest,True,0.0033779144287109375,success
0486A0429C4C80,3,['Arena'],Santa Anastasia,"['AMO', 'Museo Conte', 'Palazzo della Ragione', 'Teatro Romano', 'Centro Fotografia']",Teatro Romano,strategy_nearest,True,0.0026481151580810547,success
0486A34A9C4C80,1,['Arena'],Torre Lamberti,"['Sighseeing', 'Centro Fotografia', 'Museo Conte', 'Casa Giulietta', 'Palazzo della Ragione']",Palazzo della Ragione,strategy_nearest,True,0.0032439231872558594,success
0486AD3A9C4C80,3,"['Arena', 'Casa Giulietta']",Santa Anastasia,"['AMO', 'Museo Conte', 'Palazzo della Ragione', 'Teatro Romano', 'Centro Fotografia']",Duomo,strategy_nearest,False,0.002051830291748047,success
0486A64A9C4C80,1,"['Arena', 'Casa Giulietta']",Palazzo della Ragione,"['AMO', 'Museo Conte', 'Torre Lamberti', 'Centro Fotografia', 'Sighseeing']",Torre Lamberti,strategy_nearest,True,0.004547119140625,success
0486A84A9C4C80,0,"['Casa Giulietta', 'Castelvecchio']",Arena,"['Verona Tour', 'Museo Lapidario', 'Museo Radio', 'San Fermo', 'Sighseeing']",Tomba Giulietta,strategy_nearest,False,0.0014820098876953125,success
0486A7429C4C80,0,['Arena'],Casa Giulietta,"['Centro Fotografia', 'Sighseeing', 'Torre Lamberti', 'Museo Conte', 'Museo Radio']",Teatro Romano,strategy_nearest,False,0.003914833068847656,success
0486BA3A9C4C80,3,"['Arena', 'San Fermo']",Santa Anastasia,"['AMO', 'Museo Conte', 'Palazzo della Ragione', 'Teatro Romano', 'Centro Fotografia']",Duomo,strategy_nearest,False,0.0021266937255859375,success
0486B9429C4C80,0,['Arena'],Casa Giulietta,"['Centro Fotografia', 'Sighseeing', 'Torre Lamberti', 'Museo Conte', 'Museo Radio']",Teatro Romano,strategy_nearest,False,0.0021507740020751953,success
0486BC429C4C80,3,"['Arena', 'Museo Lapidario']",Casa Giulietta,"['Centro Fotografia', 'Sighseeing', 'Torre Lamberti', 'Museo Conte', 'Museo Radio']",Santa Anastasia,strategy_nearest,False,0.002683877944946289,success
0486C03A9C4C80,1,"['Arena', 'Casa Giulietta']",Duomo,"['AMO', 'Museo Miniscalchi', 'Santa Anastasia', 'Teatro Romano', 'Palazzo della Ragione']",Torre Lamberti,strategy_nearest,False,0.003415822982788086,success
0486C23A9C4C80,3,"['Arena', 'San Fermo']",Santa Anastasia,"['AMO', 'Museo Conte', 'Palazzo della Ragione', 'Teatro Romano', 'Centro Fotografia']",Duomo,strategy_nearest,False,0.002780914306640625,success
0486CC3A9C4C80,6,"['Arena', 'Casa Giulietta']",Santa Anastasia,"['AMO', 'Museo Conte', 'Palazzo della Ragione', 'Teatro Romano', 'Centro Fotografia']",Castelvecchio,strategy_nearest,False,0.0026807785034179688,success
0486CD429C4C80,2,['Torre Lamberti'],Castelvecchio,"['Museo Lapidario', 'Verona Tour', 'Arena', 'Museo Radio', 'San Zeno']",Casa Giulietta,strategy_nearest,False,0.0029211044311523438,success
0486CA3A9C4C80,2,"['Casa Giulietta', 'Torre Lamberti']",Palazzo della Ragione,"['AMO', 'Museo Conte', 'Centro Fotografia', 'Sighseeing', 'Santa Anastasia']",Santa Anastasia,strategy_nearest,True,0.0026128292083740234,success
0486E43A9C4C80,3,"['Arena', 'Torre Lamberti']",Santa Anastasia,"['AMO', 'Museo Conte', 'Palazzo della Ragione', 'Teatro Romano', 'Centro Fotografia']",Teatro Romano,strategy_nearest,True,0.0018520355224609375,success
0486DB3A9C4C80,1,"['Arena', 'Torre Lamberti', 'Palazzo della Ragione']",Casa Giulietta,"['Centro Fotografia', 'Sighseeing', 'Museo Conte', 'Museo Radio', 'San Fermo']",San Fermo,strategy_nearest,True,0.0027871131896972656,success
0486E0429C4C80,1,"['Teatro Romano', 'Arena', 'Casa Giulietta']",Palazzo della Ragione,"['AMO', 'Museo Conte', 'Torre Lamberti', 'Centro Fotografia', 'Sighseeing']",Torre Lamberti,strategy_nearest,True,0.0031511783599853516,success
04872B429C4C80,0,"['Torre Lamberti', 'Casa Giulietta']",Arena,"['Verona Tour', 'Museo Lapidario', 'Museo Radio', 'San Fermo', 'Sighseeing']",Duomo,strategy_nearest,False,0.0034377574920654297,success
048726429C4C84,0,['Arena'],Casa Giulietta,"['Centro Fotografia', 'Sighseeing', 'Torre Lamberti', 'Museo Conte', 'Museo Radio']",Duomo,strategy_nearest,False,0.0031239986419677734,success
0486FF429C4C80,1,"['Teatro Romano', 'Arena']",Casa Giulietta,"['Centro Fotografia', 'Sighseeing', 'Torre Lamberti', 'Museo Conte', 'Museo Radio']",Torre Lamberti,strategy_nearest,True,0.0037949085235595703,success
04871E3A9C4C80,2,['Torre Lamberti'],Duomo,"['AMO', 'Museo Miniscalchi', 'Santa Anastasia', 'Teatro Romano', 'Palazzo della Ragione']",Teatro Romano,strategy_nearest,True,0.0024881362915039062,success
0487373A9C4C80,1,"['Arena', 'Casa Giulietta']",Castelvecchio,"['Museo Lapidario', 'Verona Tour', 'Museo Radio', 'San Zeno', 'Sighseeing']",Teatro Romano,strategy_nearest,False,0.0021550655364990234,success
048732429C4C80,0,"['Arena', 'Casa Giulietta']",Torre Lamberti,"['Sighseeing', 'Centro Fotografia', 'Museo Conte', 'Palazzo della Ragione', 'AMO']",Tomba Giulietta,strategy_nearest,False,0.003390789031982422,success
04872C429C4C80,1,"['Arena', 'Casa Giulietta']",Palazzo della Ragione,"['AMO', 'Museo Conte', 'Torre Lamberti', 'Centro Fotografia', 'Sighseeing']",Torre Lamberti,strategy_nearest,True,0.0012137889862060547,success
0487403A9C4C80,3,"['Arena', 'Arena', 'Santa Anastasia']",Teatro Romano,"['Duomo', 'AMO', 'Palazzo della Ragione', 'Museo Conte', 'Centro Fotografia']",Casa Giulietta,strategy_nearest,False,0.0026369094848632812,success
04875E3A9C4C80,1,"['Arena', 'Santa Anastasia', 'Duomo']",Casa Giulietta,"['Centro Fotografia', 'Sighseeing', 'Torre Lamberti', 'Museo Conte', 'Museo Radio']",Palazzo della Ragione,strategy_nearest,False,0.0020101070404052734,success
048754429C4C80,1,"['Arena', 'Casa Giulietta']",Torre Lamberti,"['Sighseeing', 'Centro Fotografia', 'Museo Conte', 'Palazzo della Ragione', 'AMO']",Palazzo della Ragione,strategy_nearest,True,0.001560211181640625,success
04875A429C4C80,1,"['Arena', 'Casa Giulietta', 'Torre Lamberti', 'Palazzo della Ragione', 'Duomo']",Santa Anastasia,"['AMO', 'Museo Conte', 'Teatro Romano', 'Centro Fotografia', 'Sighseeing']",Castelvecchio,strategy_nearest,False,0.0026760101318359375,success
048740429C4C80,1,"['Arena', 'Castelvecchio', 'Torre Lamberti']",Palazzo della Ragione,"['AMO', 'Museo Conte', 'Centro Fotografia', 'Sighseeing', 'Santa Anastasia']",Santa Anastasia,strategy_nearest,True,0.003423929214477539,success
048770429C4C80,3,"['Casa Giulietta', 'San Fermo']",Arena,"['Verona Tour', 'Museo Lapidario', 'Museo Radio', 'Sighseeing', 'Castelvecchio']",Tomba Giulietta,strategy_nearest,False,0.0011892318725585938,success
048778429C4C80,1,"['Casa Giulietta', 'Palazzo della Ragione']",Santa Anastasia,"['AMO', 'Museo Conte', 'Teatro Romano', 'Centro Fotografia', 'Duomo']",Duomo,strategy_nearest,True,0.0026009082794189453,success
04876E429C4C80,1,"['Palazzo della Ragione', 'Arena', 'San Zeno']",Torre Lamberti,"['Sighseeing', 'Centro Fotografia', 'Museo Conte', 'Casa Giulietta', 'AMO']",Casa Giulietta,strategy_nearest,True,0.0021750926971435547,success
04877C3A9C4C80,0,"['Arena', 'Duomo']",Torre Lamberti,"['Sighseeing', 'Centro Fotografia', 'Museo Conte', 'Casa Giulietta', 'Palazzo della Ragione']",Casa Giulietta,strategy_nearest,True,0.0029850006103515625,success
04877F429C4C80,1,"['Arena', 'Castelvecchio', 'Duomo', 'Teatro Romano']",Santa Anastasia,"['AMO', 'Museo Conte', 'Palazzo della Ragione', 'Centro Fotografia', 'Torre Lamberti']",Casa Giulietta,strategy_nearest,False,0.0018131732940673828,success
04878A4A9C4C80,3,"['Arena', 'Casa Giulietta', 'Duomo']",Museo Lapidario,"['Verona Tour', 'Castelvecchio', 'Museo Radio', 'San Fermo', 'Tomba Giulietta']",San Fermo,strategy_nearest,True,0.0023920536041259766,success
048793429C4C80,3,"['Duomo', 'Santa Anastasia']",Arena,"['Verona Tour', 'Museo Lapidario', 'Museo Radio', 'San Fermo', 'Casa Giulietta']",Casa Giulietta,strategy_nearest,True,0.0033500194549560547,success
04878D3A9C4C80,2,['Museo Lapidario'],Castelvecchio,"['Verona Tour', 'Arena', 'Museo Radio', 'San Zeno', 'Sighseeing']",Teatro Romano,strategy_nearest,False,0.003634929656982422,success
048797429C4C80,3,"['Torre Lamberti', 'Santa Anastasia']",Duomo,"['AMO', 'Museo Miniscalchi', 'Teatro Romano', 'Palazzo della Ragione', 'Museo Conte']",Teatro Romano,strategy_nearest,True,0.002669095993041992,success
048798429C4C80,3,"['Duomo', 'Santa Anastasia']",Arena,"['Verona Tour', 'Museo Lapidario', 'Museo Radio', 'San Fermo', 'Casa Giulietta']",Torre Lamberti,strategy_nearest,False,0.0032072067260742188,success
04879A4A9C4C80,0,['Arena'],Torre Lamberti,"['Sighseeing', 'Centro Fotografia', 'Museo Conte', 'Casa Giulietta', 'Palazzo della Ragione']",Museo Lapidario,strategy_nearest,False,0.0023963451385498047,success
0487AA3A9C4C80,3,"['Arena', 'Casa Giulietta']",Torre Lamberti,"['Sighseeing', 'Centro Fotografia', 'Museo Conte', 'Palazzo della Ragione', 'AMO']",Santa Anastasia,strategy_nearest,False,0.003103971481323242,success
0487B3429C4C80,2,"['San Zeno', 'Torre Lamberti']",Palazzo della Ragione,"['AMO', 'Museo Conte', 'Centro Fotografia', 'Sighseeing', 'Santa Anastasia']",Santa Anastasia,strategy_nearest,True,0.0033347606658935547,success
0487BA3A9C4C80,3,"['Castelvecchio', 'San Zeno', 'Arena']",Casa Giulietta,"['Centro Fotografia', 'Sighseeing', 'Torre Lamberti', 'Museo Conte', 'Museo Radio']",Santa Anastasia,strategy_nearest,False,0.0023920536041259766,success
0487B5429C4C80,0,"['Arena', 'San Zeno']",Castelvecchio,"['Museo Lapidario', 'Verona Tour', 'Museo Radio', 'Sighseeing', 'Museo Miniscalchi']",Torre Lamberti,strategy_nearest,False,0.003261089324951172,success
0487BF3A9C4C80,0,['Arena'],Teatro Romano,"['Santa Anastasia', 'Duomo', 'AMO', 'Palazzo della Ragione', 'Museo Conte']",Castelvecchio,strategy_nearest,False,0.0029897689819335938,success
0487C13A9C4C80,3,"['Arena', 'Castelvecchio', 'Torre Lamberti']",Casa Giulietta,"['Centro Fotografia', 'Sighseeing', 'Museo Conte', 'Museo Radio', 'Palazzo della Ragione']",Teatro Romano,strategy_nearest,False,0.002585172653198242,success
0487C83A9C4C80,0,['Arena'],Castelvecchio,"['Museo Lapidario', 'Verona Tour', 'Museo Radio', 'San Zeno', 'Sighseeing']",Casa Giulietta,strategy_nearest,False,0.0016591548919677734,success
0487E23A9C4C80,0,['Casa Giulietta'],Arena,"['Verona Tour', 'Museo Lapidario', 'Museo Radio', 'San Fermo', 'Sighseeing']",Giardino Giusti,strategy_nearest,False,0.003210306167602539,success
0487D93A9C4C80,2,['Torre Lamberti'],Palazzo della Ragione,"['AMO', 'Museo Conte', 'Centro Fotografia', 'Sighseeing', 'Santa Anastasia']",Santa Anastasia,strategy_nearest,True,0.0027518272399902344,success
0487E8429C4C80,1,"['Museo Lapidario', 'Arena', 'Torre Lamberti', 'Palazzo della Ragione']",Casa Giulietta,"['Centro Fotografia', 'Sighseeing', 'Museo Conte', 'Museo Radio', 'San Fermo']",Castelvecchio,strategy_nearest,False,0.004003763198852539,success
0487E93A9C4C80,1,"['Arena', 'Palazzo della Ragione']",Torre Lamberti,"['Sighseeing', 'Centro Fotografia', 'Museo Conte', 'Casa Giulietta', 'AMO']",Casa Giulietta,strategy_nearest,True,0.002408266067504883,success
04880B429C4C80,1,"['Arena', 'Torre Lamberti', 'Palazzo della Ragione', 'Tomba Giulietta']",Castelvecchio,"['Museo Lapidario', 'Verona Tour', 'Museo Radio', 'San Zeno', 'Sighseeing']",Museo Lapidario,strategy_nearest,True,0.0025491714477539062,success
0487FF429C4C80,1,"['Arena', 'Teatro Romano', 'Duomo', 'Santa Anastasia', 'Museo Lapidario', 'Casa Giulietta']",Palazzo della Ragione,"['AMO', 'Museo Conte', 'Torre Lamberti', 'Centro Fotografia', 'Sighseeing']",Torre Lamberti,strategy_nearest,True,0.003371715545654297,success
0488183A9C4C84,1,['Arena'],Casa Giulietta,"['Centro Fotografia', 'Sighseeing', 'Torre Lamberti', 'Museo Conte', 'Museo Radio']",Palazzo della Ragione,strategy_nearest,False,0.0024199485778808594,success
048817429C4C84,1,"['Arena', 'Torre Lamberti']",Palazzo della Ragione,"['AMO', 'Museo Conte', 'Centro Fotografia', 'Sighseeing', 'Santa Anastasia']",Casa Giulietta,strategy_nearest,False,0.0025129318237304688,success
0488143A9C4C84,0,['Arena'],Casa Giulietta,"['Centro Fotografia', 'Sighseeing', 'Torre Lamberti', 'Museo Conte', 'Museo Radio']",Torre Lamberti,strategy_nearest,True,0.0038251876831054688,success
04881D3A9C4C80,0,['Arena'],Casa Giulietta,"['Centro Fotografia', 'Sighseeing', 'Torre Lamberti', 'Museo Conte', 'Museo Radio']",Castelvecchio,strategy_nearest,False,0.001965045928955078,success
04881B3A9C4C80,3,"['Arena', 'Casa Giulietta']",Torre Lamberti,"['Sighseeing', 'Centro Fotografia', 'Museo Conte', 'Palazzo della Ragione', 'AMO']",Santa Anastasia,strategy_nearest,False,0.004582881927490234,success
04881C3A9C4C80,2,['Torre Lamberti'],Palazzo della Ragione,"['AMO', 'Museo Conte', 'Centro Fotografia', 'Sighseeing', 'Santa Anastasia']",Casa Giulietta,strategy_nearest,False,0.002001047134399414,success
04881F3A9C4C84,0,['Arena'],Casa Giulietta,"['Centro Fotografia', 'Sighseeing', 'Torre Lamberti', 'Museo Conte', 'Museo Radio']",Torre Lamberti,strategy_nearest,True,0.0033431053161621094,success
0488263A9C4C80,3,"['Arena', 'San Zeno', 'Torre Lamberti']",Santa Anastasia,"['AMO', 'Museo Conte', 'Palazzo della Ragione', 'Teatro Romano', 'Centro Fotografia']",Duomo,strategy_nearest,False,0.0018990039825439453,success
048821429C4C84,3,"['Arena', 'San Fermo', 'Museo Storia']",Casa Giulietta,"['Centro Fotografia', 'Sighseeing', 'Torre Lamberti', 'Museo Conte', 'Museo Radio']",Torre Lamberti,strategy_nearest,True,0.002315044403076172,success
0488214A9C4C80,3,"['Casa Giulietta', 'Arena', 'Museo Lapidario', 'San Fermo']",Tomba Giulietta,"['Museo Storia', 'Museo Radio', 'Verona Tour', 'Castelvecchio', 'Sighseeing']",Santa Anastasia,strategy_nearest,False,0.003317117691040039,success
048826429C4C84,1,"['Torre Lamberti', 'Palazzo della Ragione']",Castelvecchio,"['Museo Lapidario', 'Verona Tour', 'Arena', 'Museo Radio', 'San Zeno']",Casa Giulietta,strategy_nearest,False,0.0030498504638671875,success
04882D4A9C4C80,0,"['Arena', 'Museo Storia']",Castelvecchio,"['Museo Lapidario', 'Verona Tour', 'Museo Radio', 'San Zeno', 'Sighseeing']",Museo Lapidario,strategy_nearest,True,0.002562999725341797,success
04882B3A9C4C80,3,"['Castelvecchio', 'San Zeno', 'Arena', 'Duomo']",Torre Lamberti,"['Sighseeing', 'Centro Fotografia', 'Museo Conte', 'Casa Giulietta', 'Palazzo della Ragione']",Santa Anastasia,strategy_nearest,False,0.0015091896057128906,success
04882A429C4C80,1,"['Arena', 'Giardino Giusti', 'Torre Lamberti']",Palazzo della Ragione,"['AMO', 'Museo Conte', 'Centro Fotografia', 'Sighseeing', 'Santa Anastasia']",Casa Giulietta,strategy_nearest,False,0.003901958465576172,success
04882B429C4C80,0,"['Torre Lamberti', 'Casa Giulietta']",Casa Giulietta,"['Centro Fotografia', 'Sighseeing', 'Museo Conte', 'Museo Radio', 'Palazzo della Ragione']",Arena,strategy_nearest,False,0.0020601749420166016,success
04882E3A9C4C80,1,"['Arena', 'Casa Giulietta']",Duomo,"['AMO', 'Museo Miniscalchi', 'Santa Anastasia', 'Teatro Romano', 'Palazzo della Ragione']",Torre Lamberti,strategy_nearest,False,0.002050161361694336,success
04882F4A9C4C80,3,['Arena'],Torre Lamberti,"['Sighseeing', 'Centro Fotografia', 'Museo Conte', 'Casa Giulietta', 'Palazzo della Ragione']",Duomo,strategy_nearest,False,0.002725839614868164,success
048846429C4C80,0,['Arena'],Casa Giulietta,"['Centro Fotografia', 'Sighseeing', 'Torre Lamberti', 'Museo Conte', 'Museo Radio']",Duomo,strategy_nearest,False,0.0033109188079833984,success
04882E4A9C4C80,0,['Arena'],Casa Giulietta,"['Centro Fotografia', 'Sighseeing', 'Torre Lamberti', 'Museo Conte', 'Museo Radio']",Castelvecchio,strategy_nearest,False,0.0014371871948242188,success
04884D429C4C80,1,"['Torre Lamberti', 'Arena', 'Duomo', 'Santa Anastasia']",Palazzo della Ragione,"['AMO', 'Museo Conte', 'Centro Fotografia', 'Sighseeing', 'Museo Miniscalchi']",Tomba Giulietta,strategy_nearest,False,0.002610921859741211,success
0488523A9C4C80,0,['Arena'],Casa Giulietta,"['Centro Fotografia', 'Sighseeing', 'Torre Lamberti', 'Museo Conte', 'Museo Radio']",Teatro Romano,strategy_nearest,False,0.0030710697174072266,success
0488533A9C4C80,0,['Arena'],Teatro Romano,"['Santa Anastasia', 'Duomo', 'AMO', 'Palazzo della Ragione', 'Museo Conte']",Castelvecchio,strategy_nearest,False,0.002335071563720703,success
04884F3A9C4C80,0,['Arena'],Casa Giulietta,"['Centro Fotografia', 'Sighseeing', 'Torre Lamberti', 'Museo Conte', 'Museo Radio']",Teatro Romano,strategy_nearest,False,0.002382040023803711,success
048857429C4C80,2,['Torre Lamberti'],Casa Giulietta,"['Centro Fotografia', 'Sighseeing', 'Museo Conte', 'Museo Radio', 'Palazzo della Ragione']",Teatro Romano,strategy_nearest,False,0.0023648738861083984,success
04885F429C4C80,2,['Teatro Romano'],Casa Giulietta,"['Centro Fotografia', 'Sighseeing', 'Torre Lamberti', 'Museo Conte', 'Museo Radio']",Torre Lamberti,strategy_nearest,True,0.0016570091247558594,success
04886C429C4C80,2,['Tomba Giulietta'],San Fermo,"['Museo Storia', 'Museo Radio', 'Casa Giulietta', 'Centro Fotografia', 'Arena']",Giardino Giusti,strategy_nearest,False,0.0032858848571777344,success
0488713A9C4C80,3,"['Teatro Romano', 'Duomo']",Torre Lamberti,"['Sighseeing', 'Centro Fotografia', 'Museo Conte', 'Casa Giulietta', 'Palazzo della Ragione']",Casa Giulietta,strategy_nearest,True,0.0026612281799316406,success
048871429C4C80,1,['Arena'],Torre Lamberti,"['Sighseeing', 'Centro Fotografia', 'Museo Conte', 'Casa Giulietta', 'Palazzo della Ragione']",Palazzo della Ragione,strategy_nearest,True,0.0032570362091064453,success
048873429C4C80,0,['Castelvecchio'],Arena,"['Verona Tour', 'Museo Lapidario', 'Museo Radio', 'San Fermo', 'Casa Giulietta']",Tomba Giulietta,strategy_nearest,False,0.0020470619201660156,success
0488733A9C4C80,2,['Castelvecchio'],Torre Lamberti,"['Sighseeing', 'Centro Fotografia', 'Museo Conte', 'Casa Giulietta', 'Palazzo della Ragione']",Santa Anastasia,strategy_nearest,False,0.0039250850677490234,success
0488794A9C4C80,3,['Arena'],Santa Anastasia,"['AMO', 'Museo Conte', 'Palazzo della Ragione', 'Teatro Romano', 'Centro Fotografia']",Castelvecchio,strategy_nearest,False,0.003185272216796875,success
04887F3A9C4C80,3,"['Arena', 'Casa Giulietta']",Torre Lamberti,"['Sighseeing', 'Centro Fotografia', 'Museo Conte', 'Palazzo della Ragione', 'AMO']",Santa Anastasia,strategy_nearest,False,0.0017981529235839844,success
04887A429C4C80,1,"['Arena', 'Museo Lapidario']",Casa Giulietta,"['Centro Fotografia', 'Sighseeing', 'Torre Lamberti', 'Museo Conte', 'Museo Radio']",Torre Lamberti,strategy_nearest,True,0.002470731735229492,success
048885429C4C80,1,"['Arena', 'Museo Lapidario']",Torre Lamberti,"['Sighseeing', 'Centro Fotografia', 'Museo Conte', 'Casa Giulietta', 'Palazzo della Ragione']",Palazzo della Ragione,strategy_nearest,True,0.002604961395263672,success
0488823A9C4C80,0,['Arena'],Casa Giulietta,"['Centro Fotografia', 'Sighseeing', 'Torre Lamberti', 'Museo Conte', 'Museo Radio']",Giardino Giusti,strategy_nearest,False,0.0036611557006835938,success
0488854A9C4C80,0,['Teatro Romano'],Torre Lamberti,"['Sighseeing', 'Centro Fotografia', 'Museo Conte', 'Casa Giulietta', 'Palazzo della Ragione']",Arena,strategy_nearest,False,0.0026922225952148438,success
04888B3A9C4C80,3,"['Arena', 'Castelvecchio']",Casa Giulietta,"['Centro Fotografia', 'Sighseeing', 'Torre Lamberti', 'Museo Conte', 'Museo Radio']",Torre Lamberti,strategy_nearest,True,0.003412008285522461,success
0488914A9C4C80,1,"['Torre Lamberti', 'Palazzo della Ragione', 'Santa Anastasia']",Arena,"['Verona Tour', 'Museo Lapidario', 'Museo Radio', 'San Fermo', 'Casa Giulietta']",Duomo,strategy_nearest,False,0.0031158924102783203,success
04888E4A9C4C80,3,"['Casa Giulietta', 'Teatro Romano']",Santa Anastasia,"['AMO', 'Museo Conte', 'Palazzo della Ragione', 'Centro Fotografia', 'Duomo']",Duomo,strategy_nearest,True,0.002688169479370117,success
0488964A9C4C80,0,['Arena'],Torre Lamberti,"['Sighseeing', 'Centro Fotografia', 'Museo Conte', 'Casa Giulietta', 'Palazzo della Ragione']",Casa Giulietta,strategy_nearest,True,0.002869129180908203,success
0488AE3A9C4C80,3,"['San Zeno', 'Castelvecchio', 'Museo Lapidario']",Arena,"['Verona Tour', 'Museo Radio', 'San Fermo', 'Casa Giulietta', 'Sighseeing']",San Fermo,strategy_nearest,True,0.0025987625122070312,success
0488A74A9C4C80,0,['Arena'],Casa Giulietta,"['Centro Fotografia', 'Sighseeing', 'Torre Lamberti', 'Museo Conte', 'Museo Radio']",Teatro Romano,strategy_nearest,False,0.0027818679809570312,success
0488B1429C4C80,3,"['Arena', 'Tomba Giulietta']",Casa Giulietta,"['Centro Fotografia', 'Sighseeing', 'Torre Lamberti', 'Museo Conte', 'Museo Radio']",Santa Anastasia,strategy_nearest,False,0.003039121627807617,success
0488B6429C4C80,2,['Casa Giulietta'],Teatro Romano,"['Santa Anastasia', 'Duomo', 'AMO', 'Palazzo della Ragione', 'Museo Conte']",Torre Lamberti,strategy_nearest,False,0.0012669563293457031,success
0488B5429C4C80,0,['Arena'],Torre Lamberti,"['Sighseeing', 'Centro Fotografia', 'Museo Conte', 'Casa Giulietta', 'Palazzo della Ragione']",Casa Giulietta,strategy_nearest,True,0.004168033599853516,success
0488BD3A9C4C80,0,['Arena'],Casa Giulietta,"['Centro Fotografia', 'Sighseeing', 'Torre Lamberti', 'Museo Conte', 'Museo Radio']",Torre Lamberti,strategy_nearest,True,0.0033369064331054688,success
0488C5429C4C80,0,['San Fermo'],Casa Giulietta,"['Centro Fotografia', 'Sighseeing', 'Torre Lamberti', 'Museo Conte', 'Museo Radio']",Torre Lamberti,strategy_nearest,True,0.0025129318237304688,success
0488CD3A9C4C80,0,['Casa Giulietta'],Arena,"['Verona Tour', 'Museo Lapidario', 'Museo Radio', 'San Fermo', 'Sighseeing']",San Zeno,strategy_nearest,False,0.0039098262786865234,success
0488D23A9C4C80,2,"['Castelvecchio', 'San Fermo', 'Tomba Giulietta']",Duomo,"['AMO', 'Museo Miniscalchi', 'Santa Anastasia', 'Teatro Romano', 'Palazzo della Ragione']",Torre Lamberti,strategy_nearest,False,0.0033130645751953125,success
0488D13A9C4C80,1,"['Castelvecchio', 'Arena', 'Casa Giulietta']",Torre Lamberti,"['Sighseeing', 'Centro Fotografia', 'Museo Conte', 'Palazzo della Ragione', 'AMO']",Palazzo della Ragione,strategy_nearest,True,0.0024139881134033203,success
0488E53A9C4C80,1,"['Arena', 'Palazzo della Ragione', 'Torre Lamberti']",Casa Giulietta,"['Centro Fotografia', 'Sighseeing', 'Museo Conte', 'Museo Radio', 'San Fermo']",Santa Anastasia,strategy_nearest,False,0.002691984176635742,success
04890E429C4C80,0,['Arena'],Castelvecchio,"['Museo Lapidario', 'Verona Tour', 'Museo Radio', 'San Zeno', 'Sighseeing']",Torre Lamberti,strategy_nearest,False,0.0020079612731933594,success
04890A429C4C80,0,['Arena'],Casa Giulietta,"['Centro Fotografia', 'Sighseeing', 'Torre Lamberti', 'Museo Conte', 'Museo Radio']",Torre Lamberti,strategy_nearest,True,0.0024199485778808594,success
0489143A9C4C80,0,['Arena'],Casa Giulietta,"['Centro Fotografia', 'Sighseeing', 'Torre Lamberti', 'Museo Conte', 'Museo Radio']",Torre Lamberti,strategy_nearest,True,0.002493143081665039,success
04890B429C4C84,0,"['Arena', 'Museo Lapidario', 'Castelvecchio']",Casa Giulietta,"['Centro Fotografia', 'Sighseeing', 'Torre Lamberti', 'Museo Conte', 'Museo Radio']",Torre Lamberti,strategy_nearest,True,0.003370046615600586,success
0489143A9C4C84,0,"['Arena', 'Torre Lamberti']",Casa Giulietta,"['Centro Fotografia', 'Sighseeing', 'Museo Conte', 'Museo Radio', 'Palazzo della Ragione']",Teatro Romano,strategy_nearest,False,0.0023651123046875,success
048916429C4C80,2,['Santa Anastasia'],Torre Lamberti,"['Sighseeing', 'Centro Fotografia', 'Museo Conte', 'Casa Giulietta', 'Palazzo della Ragione']",Teatro Romano,strategy_nearest,False,0.0027518272399902344,success
0489174A9C4C80,3,"['Arena', 'Casa Giulietta']",Santa Anastasia,"['AMO', 'Museo Conte', 'Palazzo della Ragione', 'Teatro Romano', 'Centro Fotografia']",Torre Lamberti,strategy_nearest,False,0.0026726722717285156,success
0489173A9C4C84,3,"['Arena', 'Santa Anastasia']",Duomo,"['AMO', 'Museo Miniscalchi', 'Teatro Romano', 'Palazzo della Ragione', 'Museo Conte']",Casa Giulietta,strategy_nearest,False,0.0033271312713623047,success
04891E3A9C4C80,1,"['Santa Anastasia', 'Teatro Romano']",Castelvecchio,"['Museo Lapidario', 'Verona Tour', 'Arena', 'Museo Radio', 'San Zeno']",Palazzo della Ragione,strategy_nearest,False,0.0020978450775146484,success
04891D429C4C80,1,"['Museo Lapidario', 'Arena']",Torre Lamberti,"['Sighseeing', 'Centro Fotografia', 'Museo Conte', 'Casa Giulietta', 'Palazzo della Ragione']",Palazzo della Ragione,strategy_nearest,True,0.0031800270080566406,success
0489253A9C4C84,1,"['Arena', 'Casa Giulietta']",Teatro Romano,"['Santa Anastasia', 'Duomo', 'AMO', 'Palazzo della Ragione', 'Museo Conte']",Palazzo della Ragione,strategy_nearest,True,0.002702951431274414,success
048928429C4C84,3,"['Arena', 'San Zeno', 'Torre Lamberti']",Casa Giulietta,"['Centro Fotografia', 'Sighseeing', 'Museo Conte', 'Museo Radio', 'Palazzo della Ragione']",Santa Anastasia,strategy_nearest,False,0.0033898353576660156,success
0489303A9C4C80,0,['Castelvecchio'],Teatro Romano,"['Santa Anastasia', 'Duomo', 'AMO', 'Palazzo della Ragione', 'Museo Conte']",Arena,strategy_nearest,False,0.002371072769165039,success
048931429C4C80,0,['Castelvecchio'],Arena,"['Verona Tour', 'Museo Lapidario', 'Museo Radio', 'San Fermo', 'Casa Giulietta']",Casa Giulietta,strategy_nearest,True,0.0018551349639892578,success
048930429C4C80,3,"['Arena', 'San Fermo', 'Duomo', 'Torre Lamberti']",Casa Giulietta,"['Centro Fotografia', 'Sighseeing', 'Museo Conte', 'Museo Radio', 'Palazzo della Ragione']",Castelvecchio,strategy_nearest,False,0.003201007843017578,success
0489433A9C4C80,1,"['Arena', 'Castelvecchio', 'Casa Giulietta']",Torre Lamberti,"['Sighseeing', 'Centro Fotografia', 'Museo Conte', 'Palazzo della Ragione', 'AMO']",Palazzo della Ragione,strategy_nearest,True,0.0014719963073730469,success
048932C27B3F80,1,"['Santa Anastasia', 'Duomo', 'San Zeno', 'Giardino Giusti', 'Teatro Romano']",Torre Lamberti,"['Sighseeing', 'Centro Fotografia', 'Museo Conte', 'Casa Giulietta', 'Palazzo della Ragione']",Palazzo della Ragione,strategy_nearest,True,0.003359079360961914,success
04893C3A9C4C80,2,"['San Fermo', 'Torre Lamberti', 'Duomo']",Santa Anastasia,"['AMO', 'Museo Conte', 'Palazzo della Ragione', 'Teatro Romano', 'Centro Fotografia']",Casa Giulietta,strategy_nearest,False,0.003982067108154297,success
048944429C4C80,0,['Arena'],Casa Giulietta,"['Centro Fotografia', 'Sighseeing', 'Torre Lamberti', 'Museo Conte', 'Museo Radio']",Museo Lapidario,strategy_nearest,False,0.002470254898071289,success
04894BC27B3F80,1,"['Casa Giulietta', 'Arena']",Torre Lamberti,"['Sighseeing', 'Centro Fotografia', 'Museo Conte', 'Palazzo della Ragione', 'AMO']",Palazzo della Ragione,strategy_nearest,True,0.002537965774536133,success
048957C27B3F80,1,"['Casa Giulietta', 'Arena']",Torre Lamberti,"['Sighseeing', 'Centro Fotografia', 'Museo Conte', 'Palazzo della Ragione', 'AMO']",Palazzo della Ragione,strategy_nearest,True,0.0034461021423339844,success
04894F3A9C4C80,0,['Arena'],Casa Giulietta,"['Centro Fotografia', 'Sighseeing', 'Torre Lamberti', 'Museo Conte', 'Museo Radio']",Teatro Romano,strategy_nearest,False,0.003301858901977539,success
048950429C4C80,3,['Arena'],Castelvecchio,"['Museo Lapidario', 'Verona Tour', 'Museo Radio', 'San Zeno', 'Sighseeing']",Torre Lamberti,strategy_nearest,False,0.0028748512268066406,success
04895F429C4C80,1,"['Arena', 'Museo Lapidario', 'Castelvecchio', 'Casa Giulietta']",Palazzo della Ragione,"['AMO', 'Museo Conte', 'Torre Lamberti', 'Centro Fotografia', 'Sighseeing']",Torre Lamberti,strategy_nearest,True,0.002518892288208008,success
048963C27B3F80,3,['Arena'],Casa Giulietta,"['Centro Fotografia', 'Sighseeing', 'Torre Lamberti', 'Museo Conte', 'Museo Radio']",Santa Anastasia,strategy_nearest,False,0.002701997756958008,success
048964429C4C80,0,['Arena'],San Zeno,"['Castelvecchio', 'Verona Tour', 'Museo Lapidario', 'Museo Miniscalchi', 'Sighseeing']",Torre Lamberti,strategy_nearest,False,0.0034530162811279297,success
04896D429C4C80,1,"['San Zeno', 'Castelvecchio', 'Arena']",Torre Lamberti,"['Sighseeing', 'Centro Fotografia', 'Museo Conte', 'Casa Giulietta', 'Palazzo della Ragione']",Santa Anastasia,strategy_nearest,False,0.002017974853515625,success
04896FC27B3F80,3,"['Arena', 'Casa Giulietta']",Santa Anastasia,"['AMO', 'Museo Conte', 'Palazzo della Ragione', 'Teatro Romano', 'Centro Fotografia']",Arena,strategy_nearest,False,0.003426790237426758,success
0489793A9C4C80,0,"['Arena', 'Castelvecchio']",Torre Lamberti,"['Sighseeing', 'Centro Fotografia', 'Museo Conte', 'Casa Giulietta', 'Palazzo della Ragione']",Casa Giulietta,strategy_nearest,True,0.002231121063232422,success
04897BC27B3F80,1,"['San Fermo', 'Tomba Giulietta', 'Castelvecchio', 'San Zeno']",Casa Giulietta,"['Centro Fotografia', 'Sighseeing', 'Torre Lamberti', 'Museo Conte', 'Museo Radio']",Arena,strategy_nearest,False,0.00379180908203125,success
0489783A9C4C80,0,['Museo Lapidario'],Arena,"['Verona Tour', 'Museo Radio', 'San Fermo', 'Casa Giulietta', 'Sighseeing']",Castelvecchio,strategy_nearest,False,0.003712892532348633,success
04898B3A9C4C80,1,"['Castelvecchio', 'Arena']",Torre Lamberti,"['Sighseeing', 'Centro Fotografia', 'Museo Conte', 'Casa Giulietta', 'Palazzo della Ragione']",Palazzo della Ragione,strategy_nearest,True,0.003468036651611328,success
04898D429C4C80,3,"['Arena', 'Casa Giulietta']",Torre Lamberti,"['Sighseeing', 'Centro Fotografia', 'Museo Conte', 'Palazzo della Ragione', 'AMO']",Santa Anastasia,strategy_nearest,False,0.002340078353881836,success
04898E429C4C80,3,"['Arena', 'Casa Giulietta']",Torre Lamberti,"['Sighseeing', 'Centro Fotografia', 'Museo Conte', 'Palazzo della Ragione', 'AMO']",Santa Anastasia,strategy_nearest,False,0.002664327621459961,success
0489924A9C4C80,1,"['Arena', 'Torre Lamberti', 'Palazzo della Ragione']",Casa Giulietta,"['Centro Fotografia', 'Sighseeing', 'Museo Conte', 'Museo Radio', 'San Fermo']",Santa Anastasia,strategy_nearest,False,0.0032939910888671875,success
0489914A9C4C80,0,['Arena'],Teatro Romano,"['Santa Anastasia', 'Duomo', 'AMO', 'Palazzo della Ragione', 'Museo Conte']",Giardino Giusti,strategy_nearest,False,0.0027217864990234375,success
04899E429C4C80,1,"['Museo Lapidario', 'Casa Giulietta', 'Palazzo della Ragione']",Santa Anastasia,"['AMO', 'Museo Conte', 'Teatro Romano', 'Centro Fotografia', 'Duomo']",Duomo,strategy_nearest,True,0.003239154815673828,success
0489A9429C4C80,3,['Arena'],Torre Lamberti,"['Sighseeing', 'Centro Fotografia', 'Museo Conte', 'Casa Giulietta', 'Palazzo della Ragione']",Santa Anastasia,strategy_nearest,False,0.0024466514587402344,success
0489AC3A9C4C80,1,"['Arena', 'Torre Lamberti', 'Palazzo della Ragione']",Santa Anastasia,"['AMO', 'Museo Conte', 'Teatro Romano', 'Centro Fotografia', 'Duomo']",Duomo,strategy_nearest,True,0.003100156784057617,success
0489AB4A9C4C80,0,"['Casa Giulietta', 'Arena']",Castelvecchio,"['Museo Lapidario', 'Verona Tour', 'Museo Radio', 'San Zeno', 'Sighseeing']",Torre Lamberti,strategy_nearest,False,0.0026900768280029297,success
0489BF429C4C80,3,['Torre Lamberti'],Arena,"['Verona Tour', 'Museo Lapidario', 'Museo Radio', 'San Fermo', 'Casa Giulietta']",Casa Giulietta,strategy_nearest,True,0.002753019332885742,success
0489C03A9C4C80,3,['Torre Lamberti'],Santa Anastasia,"['AMO', 'Museo Conte', 'Palazzo della Ragione', 'Teatro Romano', 'Centro Fotografia']",Arena,strategy_nearest,False,0.0033876895904541016,success
0489CA429C4C80,1,"['Arena', 'Torre Lamberti', 'Palazzo della Ragione']",Santa Anastasia,"['AMO', 'Museo Conte', 'Teatro Romano', 'Centro Fotografia', 'Duomo']",Duomo,strategy_nearest,True,0.002416849136352539,success
0489CB3A9C4C80,0,['Arena'],Casa Giulietta,"['Centro Fotografia', 'Sighseeing', 'Torre Lamberti', 'Museo Conte', 'Museo Radio']",Duomo,strategy_nearest,False,0.0032711029052734375,success
0489DF3A9C4C80,0,['Casa Giulietta'],San Fermo,"['Museo Storia', 'Museo Radio', 'Centro Fotografia', 'Arena', 'Sighseeing']",Arena,strategy_nearest,True,0.0020170211791992188,success
0489DE3A9C4C80,2,"['Casa Giulietta', 'Santa Anastasia', 'Duomo']",Teatro Romano,"['AMO', 'Palazzo della Ragione', 'Museo Conte', 'Centro Fotografia', 'Museo Miniscalchi']",Torre Lamberti,strategy_nearest,False,0.0035948753356933594,success
0489EA3A9C4C80,1,"['Arena', 'Torre Lamberti']",Palazzo della Ragione,"['AMO', 'Museo Conte', 'Centro Fotografia', 'Sighseeing', 'Santa Anastasia']",Casa Giulietta,strategy_nearest,False,0.0034029483795166016,success
0489EF3A9C4C80,0,['Arena'],Castelvecchio,"['Museo Lapidario', 'Verona Tour', 'Museo Radio', 'San Zeno', 'Sighseeing']",Tomba Giulietta,strategy_nearest,False,0.0032100677490234375,success
048A06429C4C84,3,"['Arena', 'Museo Lapidario', 'Torre Lamberti']",Santa Anastasia,"['AMO', 'Museo Conte', 'Palazzo della Ragione', 'Teatro Romano', 'Centro Fotografia']",Duomo,strategy_nearest,False,0.0032591819763183594,success
048A0A429C4C84,0,['Arena'],Castelvecchio,"['Museo Lapidario', 'Verona Tour', 'Museo Radio', 'San Zeno', 'Sighseeing']",Teatro Romano,strategy_nearest,False,0.003323078155517578,success
048A08429C4C84,3,"['Arena', 'Casa Giulietta', 'Casa Giulietta']",Castelvecchio,"['Museo Lapidario', 'Verona Tour', 'Museo Radio', 'San Zeno', 'Sighseeing']",San Zeno,strategy_nearest,True,0.0025970935821533203,success
048A0E429C4C80,3,"['San Zeno', 'Castelvecchio']",Torre Lamberti,"['Sighseeing', 'Centro Fotografia', 'Museo Conte', 'Casa Giulietta', 'Palazzo della Ragione']",Santa Anastasia,strategy_nearest,False,0.0030090808868408203,success
048A193A9C4C84,3,"['San Zeno', 'Castelvecchio', 'Arena']",Tomba Giulietta,"['San Fermo', 'Museo Storia', 'Museo Lapidario', 'Museo Radio', 'Verona Tour']",San Fermo,strategy_nearest,True,0.0027599334716796875,success
048A19429C4C80,1,"['Arena', 'Casa Giulietta', 'Castelvecchio']",Tomba Giulietta,"['San Fermo', 'Museo Storia', 'Museo Lapidario', 'Museo Radio', 'Verona Tour']",Giardino Giusti,strategy_nearest,False,0.002681732177734375,success
048A233A9C4C84,2,['Torre Lamberti'],Casa Giulietta,"['Centro Fotografia', 'Sighseeing', 'Museo Conte', 'Museo Radio', 'Palazzo della Ragione']",Teatro Romano,strategy_nearest,False,0.002683877944946289,success
048A253A9C4C84,3,['Arena'],Santa Anastasia,"['AMO', 'Museo Conte', 'Palazzo della Ragione', 'Teatro Romano', 'Centro Fotografia']",Duomo,strategy_nearest,False,0.0033211708068847656,success
048A263A9C4C80,3,"['Castelvecchio', 'Arena']",Casa Giulietta,"['Centro Fotografia', 'Sighseeing', 'Torre Lamberti', 'Museo Conte', 'Museo Radio']",Torre Lamberti,strategy_nearest,True,0.002619028091430664,success
048A373A9C4C80,1,"['Arena', 'Casa Giulietta']",Teatro Romano,"['Santa Anastasia', 'Duomo', 'AMO', 'Palazzo della Ragione', 'Museo Conte']",Torre Lamberti,strategy_nearest,False,0.0026988983154296875,success
048A393A9C4C80,1,"['Arena', 'Palazzo della Ragione']",Duomo,"['AMO', 'Museo Miniscalchi', 'Santa Anastasia', 'Teatro Romano', 'Museo Conte']",Castelvecchio,strategy_nearest,False,0.0032181739807128906,success
048A2A429C4C80,0,['Casa Giulietta'],Torre Lamberti,"['Sighseeing', 'Centro Fotografia', 'Museo Conte', 'Palazzo della Ragione', 'AMO']",Arena,strategy_nearest,False,0.0034978389739990234,success
048A40429C4C80,0,['Arena'],Castelvecchio,"['Museo Lapidario', 'Verona Tour', 'Museo Radio', 'San Zeno', 'Sighseeing']",Torre Lamberti,strategy_nearest,False,0.0024018287658691406,success
048A4F3A9C4C80,0,['Arena'],Torre Lamberti,"['Sighseeing', 'Centro Fotografia', 'Museo Conte', 'Casa Giulietta', 'Palazzo della Ragione']",Duomo,strategy_nearest,False,0.0029649734497070312,success
048A523A9C4C80,3,"['Arena', 'Castelvecchio']",Casa Giulietta,"['Centro Fotografia', 'Sighseeing', 'Torre Lamberti', 'Museo Conte', 'Museo Radio']",Teatro Romano,strategy_nearest,False,0.0025229454040527344,success
048A56429C4C80,2,['Casa Giulietta'],Santa Anastasia,"['AMO', 'Museo Conte', 'Palazzo della Ragione', 'Teatro Romano', 'Centro Fotografia']",Duomo,strategy_nearest,False,0.0023910999298095703,success
048A5B3A9C4C80,2,"['Teatro Romano', 'Castelvecchio']",Santa Anastasia,"['AMO', 'Museo Conte', 'Palazzo della Ragione', 'Centro Fotografia', 'Duomo']",Torre Lamberti,strategy_nearest,False,0.002752065658569336,success
048A5E429C4C80,3,"['Arena', 'Casa Giulietta']",Castelvecchio,"['Museo Lapidario', 'Verona Tour', 'Museo Radio', 'San Zeno', 'Sighseeing']",Torre Lamberti,strategy_nearest,False,0.0033359527587890625,success
048A69429C4C80,0,['Teatro Romano'],Giardino Giusti,"['Santa Anastasia', 'Museo Conte', 'Centro Fotografia', 'Museo Storia', 'AMO']",Arena,strategy_nearest,False,0.0026328563690185547,success
048A763A9C4C80,0,"['Duomo', 'Torre Lamberti']",Casa Giulietta,"['Centro Fotografia', 'Sighseeing', 'Museo Conte', 'Museo Radio', 'Palazzo della Ragione']",Arena,strategy_nearest,False,0.003195047378540039,success
048A6D3A9C4C80,0,['Torre Lamberti'],Arena,"['Verona Tour', 'Museo Lapidario', 'Museo Radio', 'San Fermo', 'Casa Giulietta']",Casa Giulietta,strategy_nearest,True,0.0034940242767333984,success
048A783A9C4C80,2,"['Castelvecchio', 'Teatro Romano']",Casa Giulietta,"['Centro Fotografia', 'Sighseeing', 'Torre Lamberti', 'Museo Conte', 'Museo Radio']",Torre Lamberti,strategy_nearest,True,0.0033731460571289062,success
048A7C4A9C4C80,3,['Arena'],Santa Anastasia,"['AMO', 'Museo Conte', 'Palazzo della Ragione', 'Teatro Romano', 'Centro Fotografia']",Teatro Romano,strategy_nearest,True,0.003512859344482422,success
048A874A9C4C80,1,"['Arena', 'Casa Giulietta']",Palazzo della Ragione,"['AMO', 'Museo Conte', 'Torre Lamberti', 'Centro Fotografia', 'Sighseeing']",Duomo,strategy_nearest,False,0.002657651901245117,success
048A854A9C4C80,0,"['Arena', 'Castelvecchio']",Duomo,"['AMO', 'Museo Miniscalchi', 'Santa Anastasia', 'Teatro Romano', 'Palazzo della Ragione']",Teatro Romano,strategy_nearest,True,0.003345012664794922,success
048A8A429C4C80,2,['Castelvecchio'],Santa Anastasia,"['AMO', 'Museo Conte', 'Palazzo della Ragione', 'Teatro Romano', 'Centro Fotografia']",Casa Giulietta,strategy_nearest,False,0.0031690597534179688,success
048A8D4A9C4C80,3,"['Casa Giulietta', 'Arena']",Santa Anastasia,"['AMO', 'Museo Conte', 'Palazzo della Ragione', 'Teatro Romano', 'Centro Fotografia']",Teatro Romano,strategy_nearest,True,0.0019609928131103516,success
048AA14A9C4C80,1,"['Arena', 'Casa Giulietta']",Torre Lamberti,"['Sighseeing', 'Centro Fotografia', 'Museo Conte', 'Palazzo della Ragione', 'AMO']",Palazzo della Ragione,strategy_nearest,True,0.002807140350341797,success
048AAA3A9C4C80,0,['Castelvecchio'],Casa Giulietta,"['Centro Fotografia', 'Sighseeing', 'Torre Lamberti', 'Museo Conte', 'Museo Radio']",Arena,strategy_nearest,False,0.0032808780670166016,success
048AA74A9C4C80,2,['Duomo'],Torre Lamberti,"['Sighseeing', 'Centro Fotografia', 'Museo Conte', 'Casa Giulietta', 'Palazzo della Ragione']",Palazzo della Ragione,strategy_nearest,True,0.003355741500854492,success
048AB13A9C4C80,0,['Castelvecchio'],Casa Giulietta,"['Centro Fotografia', 'Sighseeing', 'Torre Lamberti', 'Museo Conte', 'Museo Radio']",Arena,strategy_nearest,False,0.003816843032836914,success
048AB53A9C4C80,0,"['Arena', 'Casa Giulietta']",Torre Lamberti,"['Sighseeing', 'Centro Fotografia', 'Museo Conte', 'Palazzo della Ragione', 'AMO']",Teatro Romano,strategy_nearest,False,0.0025396347045898438,success
048AB43A9C4C80,1,['Castelvecchio'],Arena,"['Verona Tour', 'Museo Lapidario', 'Museo Radio', 'San Fermo', 'Casa Giulietta']",Palazzo della Ragione,strategy_nearest,False,0.002580881118774414,success
048ABA3A9C4C80,0,"['Arena', 'Casa Giulietta']",Torre Lamberti,"['Sighseeing', 'Centro Fotografia', 'Museo Conte', 'Palazzo della Ragione', 'AMO']",Tomba Giulietta,strategy_nearest,False,0.0033447742462158203,success
048ABB3A9C4C80,3,"['Torre Lamberti', 'Santa Anastasia']",Duomo,"['AMO', 'Museo Miniscalchi', 'Teatro Romano', 'Palazzo della Ragione', 'Museo Conte']",Castelvecchio,strategy_nearest,False,0.002541065216064453,success
048ABE429C4C80,0,['Arena'],Castelvecchio,"['Museo Lapidario', 'Verona Tour', 'Museo Radio', 'San Zeno', 'Sighseeing']",San Zeno,strategy_nearest,True,0.003387928009033203,success
048ABC3A9C4C80,0,['Arena'],Castelvecchio,"['Museo Lapidario', 'Verona Tour', 'Museo Radio', 'San Zeno', 'Sighseeing']",Teatro Romano,strategy_nearest,False,0.0028350353240966797,success
048ABF3A9C4C80,2,"['Torre Lamberti', 'Palazzo della Ragione', 'Santa Anastasia']",Duomo,"['AMO', 'Museo Miniscalchi', 'Teatro Romano', 'Museo Conte', 'Centro Fotografia']",Teatro Romano,strategy_nearest,True,0.00333404541015625,success
048AC03A9C4C80,2,['Torre Lamberti'],Santa Anastasia,"['AMO', 'Museo Conte', 'Palazzo della Ragione', 'Teatro Romano', 'Centro Fotografia']",Teatro Romano,strategy_nearest,True,0.0030689239501953125,success
048AC3429C4C80,1,"['Arena', 'Casa Giulietta']",Torre Lamberti,"['Sighseeing', 'Centro Fotografia', 'Museo Conte', 'Palazzo della Ragione', 'AMO']",Palazzo della Ragione,strategy_nearest,True,0.0027189254760742188,success
048AC83A9C4C80,0,['Arena'],Casa Giulietta,"['Centro Fotografia', 'Sighseeing', 'Torre Lamberti', 'Museo Conte', 'Museo Radio']",Torre Lamberti,strategy_nearest,True,0.002717256546020508,success
048AC7429C4C80,0,['Santa Anastasia'],Casa Giulietta,"['Centro Fotografia', 'Sighseeing', 'Torre Lamberti', 'Museo Conte', 'Museo Radio']",Arena,strategy_nearest,False,0.002537965774536133,success
048AC53A9C4C80,0,['Torre Lamberti'],Arena,"['Verona Tour', 'Museo Lapidario', 'Museo Radio', 'San Fermo', 'Casa Giulietta']",Duomo,strategy_nearest,False,0.0033800601959228516,success
048AC9429C4C80,0,['Arena'],Casa Giulietta,"['Centro Fotografia', 'Sighseeing', 'Torre Lamberti', 'Museo Conte', 'Museo Radio']",Torre Lamberti,strategy_nearest,True,0.0022399425506591797,success
048ADE3A9C4C80,3,"['San Zeno', 'Torre Lamberti', 'Arena', 'Castelvecchio']",Santa Anastasia,"['AMO', 'Museo Conte', 'Palazzo della Ragione', 'Teatro Romano', 'Centro Fotografia']",Duomo,strategy_nearest,False,0.002696990966796875,success
048ADF3A9C4C80,3,"['Arena', 'Casa Giulietta', 'Santa Anastasia']",Castelvecchio,"['Museo Lapidario', 'Verona Tour', 'Museo Radio', 'San Zeno', 'Sighseeing']",Museo Lapidario,strategy_nearest,True,0.001977205276489258,success
048ADB3A9C4C80,3,"['Duomo', 'Arena', 'Casa Giulietta']",Giardino Giusti,"['Santa Anastasia', 'Teatro Romano', 'Museo Conte', 'Centro Fotografia', 'Museo Storia']",Teatro Romano,strategy_nearest,True,0.003343820571899414,success
048AFC3A9C4C80,0,['Torre Lamberti'],Arena,"['Verona Tour', 'Museo Lapidario', 'Museo Radio', 'San Fermo', 'Casa Giulietta']",Casa Giulietta,strategy_nearest,True,0.002154827117919922,success
048B09429C4C80,0,"['Torre Lamberti', 'Arena']",San Zeno,"['Castelvecchio', 'Verona Tour', 'Museo Lapidario', 'Museo Miniscalchi', 'Sighseeing']",Castelvecchio,strategy_nearest,True,0.0031850337982177734,success
048AEE3A9C4C80,0,['Arena'],Casa Giulietta,"['Centro Fotografia', 'Sighseeing', 'Torre Lamberti', 'Museo Conte', 'Museo Radio']",Teatro Romano,strategy_nearest,False,0.00403285026550293,success
048B03429C4C84,1,"['Casa Giulietta', 'Santa Anastasia', 'Arena']",San Zeno,"['Castelvecchio', 'Verona Tour', 'Museo Lapidario', 'Museo Miniscalchi', 'Sighseeing']",Duomo,strategy_nearest,False,0.0014960765838623047,success
048B123A9C4C80,3,['Arena'],Casa Giulietta,"['Centro Fotografia', 'Sighseeing', 'Torre Lamberti', 'Museo Conte', 'Museo Radio']",Santa Anastasia,strategy_nearest,False,0.0019559860229492188,success
048B0F3A9C4C80,0,['Arena'],Casa Giulietta,"['Centro Fotografia', 'Sighseeing', 'Torre Lamberti', 'Museo Conte', 'Museo Radio']",Torre Lamberti,strategy_nearest,True,0.003966093063354492,success
048B103A9C4C80,2,"['Casa Giulietta', 'Teatro Romano']",Duomo,"['AMO', 'Museo Miniscalchi', 'Santa Anastasia', 'Palazzo della Ragione', 'Museo Conte']",Santa Anastasia,strategy_nearest,True,0.001355886459350586,success
048B18429C4C84,0,['Arena'],Casa Giulietta,"['Centro Fotografia', 'Sighseeing', 'Torre Lamberti', 'Museo Conte', 'Museo Radio']",Torre Lamberti,strategy_nearest,True,0.003240823745727539,success
048B30429C4C80,0,"['Torre Lamberti', 'Teatro Romano']",Arena,"['Verona Tour', 'Museo Lapidario', 'Museo Radio', 'San Fermo', 'Casa Giulietta']",Tomba Giulietta,strategy_nearest,False,0.001960277557373047,success
048B26429C4C84,3,"['San Fermo', 'Casa Giulietta', 'Torre Lamberti']",Arena,"['Verona Tour', 'Museo Lapidario', 'Museo Radio', 'Sighseeing', 'Castelvecchio']",Castelvecchio,strategy_nearest,True,0.002138853073120117,success
048B264A9C4C80,0,['Arena'],San Fermo,"['Museo Storia', 'Museo Radio', 'Casa Giulietta', 'Centro Fotografia', 'Sighseeing']",Tomba Giulietta,strategy_nearest,False,0.0027251243591308594,success
048B283A9C4C80,0,['Casa Giulietta'],Arena,"['Verona Tour', 'Museo Lapidario', 'Museo Radio', 'San Fermo', 'Sighseeing']",Teatro Romano,strategy_nearest,False,0.003422975540161133,success
048B32429C4C80,1,"['Arena', 'Castelvecchio', 'Casa Giulietta']",Torre Lamberti,"['Sighseeing', 'Centro Fotografia', 'Museo Conte', 'Palazzo della Ragione', 'AMO']",Palazzo della Ragione,strategy_nearest,True,0.002538919448852539,success
048B33429C4C80,1,"['Arena', 'Casa Giulietta']",Palazzo della Ragione,"['AMO', 'Museo Conte', 'Torre Lamberti', 'Centro Fotografia', 'Sighseeing']",Teatro Romano,strategy_nearest,False,0.003292083740234375,success
048B37429C4C80,3,"['Arena', 'Castelvecchio']",San Zeno,"['Verona Tour', 'Museo Lapidario', 'Museo Miniscalchi', 'Sighseeing', 'Museo Radio']",Torre Lamberti,strategy_nearest,False,0.002660036087036133,success
048B3F3A9C4C80,3,['Arena'],Torre Lamberti,"['Sighseeing', 'Centro Fotografia', 'Museo Conte', 'Casa Giulietta', 'Palazzo della Ragione']",Casa Giulietta,strategy_nearest,True,0.0030579566955566406,success
048B44429C4C80,3,"['Arena', 'Casa Giulietta', 'San Zeno']",Duomo,"['AMO', 'Museo Miniscalchi', 'Santa Anastasia', 'Teatro Romano', 'Palazzo della Ragione']",Teatro Romano,strategy_nearest,True,0.0032711029052734375,success
048B52429C4C80,3,"['Castelvecchio', 'Arena']",Santa Anastasia,"['AMO', 'Museo Conte', 'Palazzo della Ragione', 'Teatro Romano', 'Centro Fotografia']",Giardino Giusti,strategy_nearest,False,0.002025127410888672,success
048B443A9C4C80,0,"['Arena', 'Torre Lamberti']",Casa Giulietta,"['Centro Fotografia', 'Sighseeing', 'Museo Conte', 'Museo Radio', 'Palazzo della Ragione']",Castelvecchio,strategy_nearest,False,0.002113819122314453,success
048B40429C4C80,1,"['Casa Giulietta', 'Torre Lamberti']",Palazzo della Ragione,"['AMO', 'Museo Conte', 'Centro Fotografia', 'Sighseeing', 'Santa Anastasia']",Teatro Romano,strategy_nearest,False,0.0033359527587890625,success
048B58429C4C80,2,['Teatro Romano'],Duomo,"['AMO', 'Museo Miniscalchi', 'Santa Anastasia', 'Palazzo della Ragione', 'Museo Conte']",Santa Anastasia,strategy_nearest,True,0.0015931129455566406,success
048B62429C4C80,0,"['Teatro Romano', 'San Zeno']",Castelvecchio,"['Museo Lapidario', 'Verona Tour', 'Arena', 'Museo Radio', 'Sighseeing']",Arena,strategy_nearest,True,0.0026259422302246094,success
048B623A9C4C80,1,"['Arena', 'Castelvecchio', 'Museo Lapidario']",Palazzo della Ragione,"['AMO', 'Museo Conte', 'Torre Lamberti', 'Centro Fotografia', 'Sighseeing']",Teatro Romano,strategy_nearest,False,0.0032799243927001953,success
048B5B3A9C4C80,1,"['Palazzo della Ragione', 'Santa Anastasia', 'Castelvecchio']",Arena,"['Verona Tour', 'Museo Lapidario', 'Museo Radio', 'San Fermo', 'Casa Giulietta']",Museo Lapidario,strategy_nearest,True,0.002138853073120117,success
048B75429C4C80,3,['Arena'],Casa Giulietta,"['Centro Fotografia', 'Sighseeing', 'Torre Lamberti', 'Museo Conte', 'Museo Radio']",Torre Lamberti,strategy_nearest,True,0.001280069351196289,success
048B7C3A9C4C80,3,"['Arena', 'Castelvecchio']",Teatro Romano,"['Santa Anastasia', 'Duomo', 'AMO', 'Palazzo della Ragione', 'Museo Conte']",Casa Giulietta,strategy_nearest,False,0.0026748180389404297,success
048B653A9C4C80,1,"['Torre Lamberti', 'Palazzo della Ragione', 'Casa Giulietta', 'Arena']",Castelvecchio,"['Museo Lapidario', 'Verona Tour', 'Museo Radio', 'San Zeno', 'Sighseeing']",Santa Anastasia,strategy_nearest,False,0.002146005630493164,success
048B6F429C4C80,1,"['Casa Giulietta', 'Torre Lamberti']",Palazzo della Ragione,"['AMO', 'Museo Conte', 'Centro Fotografia', 'Sighseeing', 'Santa Anastasia']",Castelvecchio,strategy_nearest,False,0.0034110546112060547,success
048B7F4A9C4C80,0,['Torre Lamberti'],Giardino Giusti,"['Santa Anastasia', 'Teatro Romano', 'Museo Conte', 'Centro Fotografia', 'Museo Storia']",Arena,strategy_nearest,False,0.0026230812072753906,success
048B803A9C4C80,0,['Arena'],Castelvecchio,"['Museo Lapidario', 'Verona Tour', 'Museo Radio', 'San Zeno', 'Sighseeing']",Casa Giulietta,strategy_nearest,False,0.0020639896392822266,success
048B853A9C4C80,1,"['Arena', 'Casa Giulietta']",Santa Anastasia,"['AMO', 'Museo Conte', 'Palazzo della Ragione', 'Teatro Romano', 'Centro Fotografia']",Palazzo della Ragione,strategy_nearest,True,0.003161191940307617,success
048B804A9C4C80,3,"['Casa Giulietta', 'Torre Lamberti']",Arena,"['Verona Tour', 'Museo Lapidario', 'Museo Radio', 'San Fermo', 'Sighseeing']",Santa Anastasia,strategy_nearest,False,0.002613067626953125,success
048B854A9C4C80,3,"['Casa Giulietta', 'Torre Lamberti']",Duomo,"['AMO', 'Museo Miniscalchi', 'Santa Anastasia', 'Teatro Romano', 'Palazzo della Ragione']",Santa Anastasia,strategy_nearest,True,0.002106904983520508,success
048B894A9C4C80,0,"['Casa Giulietta', 'Arena']",Tomba Giulietta,"['San Fermo', 'Museo Storia', 'Museo Lapidario', 'Museo Radio', 'Verona Tour']",Torre Lamberti,strategy_nearest,False,0.00146484375,success
048B864A9C4C80,1,"['Arena', 'Casa Giulietta', 'San Fermo']",Palazzo della Ragione,"['AMO', 'Museo Conte', 'Torre Lamberti', 'Centro Fotografia', 'Sighseeing']",Torre Lamberti,strategy_nearest,True,0.00275421142578125,success
048B8A3A9C4C80,1,"['Arena', 'Casa Giulietta']",Palazzo della Ragione,"['AMO', 'Museo Conte', 'Torre Lamberti', 'Centro Fotografia', 'Sighseeing']",Tomba Giulietta,strategy_nearest,False,0.003531932830810547,success
048BAB3A9C4C80,1,"['Arena', 'Casa Giulietta', 'Torre Lamberti']",Palazzo della Ragione,"['AMO', 'Museo Conte', 'Centro Fotografia', 'Sighseeing', 'Santa Anastasia']",Santa Anastasia,strategy_nearest,True,0.002238035202026367,success
048BAD429C4C80,1,"['Duomo', 'Palazzo della Ragione']",Torre Lamberti,"['Sighseeing', 'Centro Fotografia', 'Museo Conte', 'Casa Giulietta', 'AMO']",Casa Giulietta,strategy_nearest,True,0.002674102783203125,success
048BB43A9C4C80,0,['Torre Lamberti'],Duomo,"['AMO', 'Museo Miniscalchi', 'Santa Anastasia', 'Teatro Romano', 'Palazzo della Ragione']",Arena,strategy_nearest,False,0.0031709671020507812,success
048BB83A9C4C80,1,"['Castelvecchio', 'Arena', 'Casa Giulietta']",Palazzo della Ragione,"['AMO', 'Museo Conte', 'Torre Lamberti', 'Centro Fotografia', 'Sighseeing']",Santa Anastasia,strategy_nearest,False,0.0032007694244384766,success
048BB3429C4C80,0,['Arena'],Torre Lamberti,"['Sighseeing', 'Centro Fotografia', 'Museo Conte', 'Casa Giulietta', 'Palazzo della Ragione']",Casa Giulietta,strategy_nearest,True,0.00335693359375,success
048BC0429C4C80,0,['Arena'],Casa Giulietta,"['Centro Fotografia', 'Sighseeing', 'Torre Lamberti', 'Museo Conte', 'Museo Radio']",Tomba Giulietta,strategy_nearest,False,0.0027849674224853516,success
048BB93A9C4C80,1,['Arena'],Casa Giulietta,"['Centro Fotografia', 'Sighseeing', 'Torre Lamberti', 'Museo Conte', 'Museo Radio']",Torre Lamberti,strategy_nearest,True,0.0020978450775146484,success
048BBE3A9C4C80,3,['Arena'],Casa Giulietta,"['Centro Fotografia', 'Sighseeing', 'Torre Lamberti', 'Museo Conte', 'Museo Radio']",Torre Lamberti,strategy_nearest,True,0.002878904342651367,success
048BE5429C4C80,0,"['Teatro Romano', 'Duomo']",Casa Giulietta,"['Centro Fotografia', 'Sighseeing', 'Torre Lamberti', 'Museo Conte', 'Museo Radio']",Museo Storia,strategy_nearest,False,0.0033457279205322266,success
048BF53A9C4C80,3,"['Arena', 'San Fermo']",Santa Anastasia,"['AMO', 'Museo Conte', 'Palazzo della Ragione', 'Teatro Romano', 'Centro Fotografia']",Castelvecchio,strategy_nearest,False,0.0027811527252197266,success
048C00429C4C84,1,['Arena'],Castelvecchio,"['Museo Lapidario', 'Verona Tour', 'Museo Radio', 'San Zeno', 'Sighseeing']",Torre Lamberti,strategy_nearest,False,0.00279998779296875,success
048BE7429C4C80,3,"['Teatro Romano', 'Santa Anastasia']",Casa Giulietta,"['Centro Fotografia', 'Sighseeing', 'Torre Lamberti', 'Museo Conte', 'Museo Radio']",Arena,strategy_nearest,False,0.0022230148315429688,success
048C07429C4C84,3,"['Arena', 'Casa Giulietta', 'Duomo']",Santa Anastasia,"['AMO', 'Museo Conte', 'Palazzo della Ragione', 'Teatro Romano', 'Centro Fotografia']",Castelvecchio,strategy_nearest,False,0.0033271312713623047,success
048C133A9C4C80,1,"['Arena', 'Torre Lamberti']",Palazzo della Ragione,"['AMO', 'Museo Conte', 'Centro Fotografia', 'Sighseeing', 'Santa Anastasia']",Casa Giulietta,strategy_nearest,False,0.001598358154296875,success
048C16429C4C84,1,['Arena'],Casa Giulietta,"['Centro Fotografia', 'Sighseeing', 'Torre Lamberti', 'Museo Conte', 'Museo Radio']",Palazzo della Ragione,strategy_nearest,False,0.002833127975463867,success
048C143A9C4C84,0,['Arena'],Castelvecchio,"['Museo Lapidario', 'Verona Tour', 'Museo Radio', 'San Zeno', 'Sighseeing']",Casa Giulietta,strategy_nearest,False,0.0024080276489257812,success
048C203A9C4C80,0,['Castelvecchio'],Arena,"['Verona Tour', 'Museo Lapidario', 'Museo Radio', 'San Fermo', 'Casa Giulietta']",Casa Giulietta,strategy_nearest,True,0.0024318695068359375,success
048C20429C4C80,3,"['Torre Lamberti', 'Santa Anastasia']",Teatro Romano,"['Duomo', 'AMO', 'Palazzo della Ragione', 'Museo Conte', 'Centro Fotografia']",Duomo,strategy_nearest,True,0.002622365951538086,success
048C28429C4C84,3,"['Arena', 'Torre Lamberti']",Torre Lamberti,"['Sighseeing', 'Centro Fotografia', 'Museo Conte', 'Casa Giulietta', 'Palazzo della Ragione']",Duomo,strategy_nearest,False,0.0019860267639160156,success
048C2D4A9C4C80,3,"['Arena', 'Duomo', 'Casa Giulietta', 'Museo Storia', 'San Fermo']",Tomba Giulietta,"['Museo Lapidario', 'Museo Radio', 'Verona Tour', 'Castelvecchio', 'Sighseeing']",San Zeno,strategy_nearest,False,0.004003047943115234,success
048C2E3A9C4C80,3,"['Arena', 'Arena']",Santa Anastasia,"['AMO', 'Museo Conte', 'Palazzo della Ragione', 'Teatro Romano', 'Centro Fotografia']",Castelvecchio,strategy_nearest,False,0.0023300647735595703,success
048C30429C4C80,2,"['Torre Lamberti', 'Casa Giulietta']",Teatro Romano,"['Santa Anastasia', 'Duomo', 'AMO', 'Palazzo della Ragione', 'Museo Conte']",San Zeno,strategy_nearest,False,0.002640962600708008,success
048C2F429C4C80,1,"['Torre Lamberti', 'Palazzo della Ragione']",Casa Giulietta,"['Centro Fotografia', 'Sighseeing', 'Museo Conte', 'Museo Radio', 'San Fermo']",Arena,strategy_nearest,False,0.0033860206604003906,success
048C36429C4C80,1,"['Arena', 'Museo Lapidario', 'Castelvecchio', 'Torre Lamberti']",Casa Giulietta,"['Centro Fotografia', 'Sighseeing', 'Museo Conte', 'Museo Radio', 'Palazzo della Ragione']",Teatro Romano,strategy_nearest,False,0.0037641525268554688,success
048C3A3A9C4C80,0,['Arena'],Torre Lamberti,"['Sighseeing', 'Centro Fotografia', 'Museo Conte', 'Casa Giulietta', 'Palazzo della Ragione']",Teatro Romano,strategy_nearest,False,0.0030760765075683594,success
048C3C429C4C80,2,"['Casa Giulietta', 'Tomba Giulietta']",Giardino Giusti,"['Santa Anastasia', 'Teatro Romano', 'Museo Conte', 'Centro Fotografia', 'Museo Storia']",Castelvecchio,strategy_nearest,False,0.002373933792114258,success
048C4D429C4C80,1,"['Arena', 'Casa Giulietta', 'Tomba Giulietta']",Torre Lamberti,"['Sighseeing', 'Centro Fotografia', 'Museo Conte', 'Palazzo della Ragione', 'AMO']",Palazzo della Ragione,strategy_nearest,True,0.003332853317260742,success
048C523A9C4C80,0,['Arena'],Castelvecchio,"['Museo Lapidario', 'Verona Tour', 'Museo Radio', 'San Zeno', 'Sighseeing']",Torre Lamberti,strategy_nearest,False,0.0027468204498291016,success
048C54429C4C80,0,['Tomba Giulietta'],Arena,"['Verona Tour', 'Museo Lapidario', 'Museo Radio', 'San Fermo', 'Casa Giulietta']",Casa Giulietta,strategy_nearest,True,0.0027997493743896484,success
048C623A9C4C80,1,"['Arena', 'Giardino Giusti', 'Teatro Romano', 'Duomo']",Santa Anastasia,"['AMO', 'Museo Conte', 'Palazzo della Ragione', 'Centro Fotografia', 'Torre Lamberti']",Palazzo della Ragione,strategy_nearest,True,0.003374814987182617,success
048C6E429C4C80,1,['Palazzo della Ragione'],Casa Giulietta,"['Centro Fotografia', 'Sighseeing', 'Torre Lamberti', 'Museo Conte', 'Museo Radio']",Arena,strategy_nearest,False,0.002268075942993164,success
048C743A9C4C80,3,"['Arena', 'Casa Giulietta']",Santa Anastasia,"['AMO', 'Museo Conte', 'Palazzo della Ragione', 'Teatro Romano', 'Centro Fotografia']",Teatro Romano,strategy_nearest,True,0.0019457340240478516,success
048C733A9C4C80,0,['Arena'],Casa Giulietta,"['Centro Fotografia', 'Sighseeing', 'Torre Lamberti', 'Museo Conte', 'Museo Radio']",Santa Anastasia,strategy_nearest,False,0.0033049583435058594,success
048C753A9C4C80,1,"['Arena', 'Palazzo della Ragione', 'Torre Lamberti']",Santa Anastasia,"['AMO', 'Museo Conte', 'Teatro Romano', 'Centro Fotografia', 'Duomo']",Teatro Romano,strategy_nearest,True,0.003017902374267578,success
048C74429C4C80,3,"['Arena', 'Casa Giulietta', 'Torre Lamberti']",Santa Anastasia,"['AMO', 'Museo Conte', 'Palazzo della Ragione', 'Teatro Romano', 'Centro Fotografia']",Duomo,strategy_nearest,False,0.003385305404663086,success
048C813A9C4C80,1,"['San Fermo', 'Santa Anastasia', 'Torre Lamberti']",Palazzo della Ragione,"['AMO', 'Museo Conte', 'Centro Fotografia', 'Sighseeing', 'Museo Miniscalchi']",Duomo,strategy_nearest,False,0.0026891231536865234,success
048C7F429C4C80,3,"['Arena', 'Museo Lapidario']",Castelvecchio,"['Verona Tour', 'Museo Radio', 'San Zeno', 'Sighseeing', 'Museo Miniscalchi']",Santa Anastasia,strategy_nearest,False,0.003387928009033203,success
048C864A9C4C80,0,['Arena'],Casa Giulietta,"['Centro Fotografia', 'Sighseeing', 'Torre Lamberti', 'Museo Conte', 'Museo Radio']",Torre Lamberti,strategy_nearest,True,0.002471923828125,success
048C844A9C4C80,0,"['Arena', 'Duomo']",Torre Lamberti,"['Sighseeing', 'Centro Fotografia', 'Museo Conte', 'Casa Giulietta', 'Palazzo della Ragione']",Casa Giulietta,strategy_nearest,True,0.003386974334716797,success
048C8E429C4C80,0,['Arena'],Casa Giulietta,"['Centro Fotografia', 'Sighseeing', 'Torre Lamberti', 'Museo Conte', 'Museo Radio']",Torre Lamberti,strategy_nearest,True,0.0033321380615234375,success
048C944A9C4C80,3,"['Arena', 'Santa Anastasia']",Duomo,"['AMO', 'Museo Miniscalchi', 'Teatro Romano', 'Palazzo della Ragione', 'Museo Conte']",Casa Giulietta,strategy_nearest,False,0.0027971267700195312,success
048C8D3A9C4C80,1,"['Arena', 'Torre Lamberti']",Palazzo della Ragione,"['AMO', 'Museo Conte', 'Centro Fotografia', 'Sighseeing', 'Santa Anastasia']",Casa Giulietta,strategy_nearest,False,0.002733945846557617,success
048C9C429C4C80,0,['Arena'],Torre Lamberti,"['Sighseeing', 'Centro Fotografia', 'Museo Conte', 'Casa Giulietta', 'Palazzo della Ragione']",Casa Giulietta,strategy_nearest,True,0.0028829574584960938,success
048CA84A9C4C80,1,"['Casa Giulietta', 'Arena', 'Castelvecchio']",Santa Anastasia,"['AMO', 'Museo Conte', 'Palazzo della Ragione', 'Teatro Romano', 'Centro Fotografia']",Duomo,strategy_nearest,False,0.002530813217163086,success
048CA44A9C4C80,3,"['Arena', 'Casa Giulietta']",Torre Lamberti,"['Sighseeing', 'Centro Fotografia', 'Museo Conte', 'Palazzo della Ragione', 'AMO']",Santa Anastasia,strategy_nearest,False,0.0027332305908203125,success
048CA83A9C4C80,1,"['Castelvecchio', 'Arena', 'Museo Lapidario', 'Casa Giulietta']",Santa Anastasia,"['AMO', 'Museo Conte', 'Palazzo della Ragione', 'Teatro Romano', 'Centro Fotografia']",Duomo,strategy_nearest,False,0.003178119659423828,success
048CAB3A9C4C80,1,"['Arena', 'Castelvecchio']",Duomo,"['AMO', 'Museo Miniscalchi', 'Santa Anastasia', 'Teatro Romano', 'Palazzo della Ragione']",Torre Lamberti,strategy_nearest,False,0.0028710365295410156,success
048CAE429C4C80,0,"['Casa Giulietta', 'Castelvecchio']",Tomba Giulietta,"['San Fermo', 'Museo Storia', 'Arena', 'Museo Lapidario', 'Museo Radio']",Arena,strategy_nearest,True,0.002694845199584961,success
048CBF3A9C4C80,3,['Torre Lamberti'],Santa Anastasia,"['AMO', 'Museo Conte', 'Palazzo della Ragione', 'Teatro Romano', 'Centro Fotografia']",Duomo,strategy_nearest,False,0.0031578540802001953,success
048CBD3A9C4C80,0,['Torre Lamberti'],Arena,"['Verona Tour', 'Museo Lapidario', 'Museo Radio', 'San Fermo', 'Casa Giulietta']",Duomo,strategy_nearest,False,0.002756834030151367,success
048CCB3A9C4C80,3,"['Arena', 'Torre Lamberti']",Santa Anastasia,"['AMO', 'Museo Conte', 'Palazzo della Ragione', 'Teatro Romano', 'Centro Fotografia']",Duomo,strategy_nearest,False,0.0026619434356689453,success
048CC13A9C4C80,0,['San Fermo'],Casa Giulietta,"['Centro Fotografia', 'Sighseeing', 'Torre Lamberti', 'Museo Conte', 'Museo Radio']",Teatro Romano,strategy_nearest,False,0.004575014114379883,success
048CE03A9C4C80,0,['Casa Giulietta'],Arena,"['Verona Tour', 'Museo Lapidario', 'Museo Radio', 'San Fermo', 'Sighseeing']",Torre Lamberti,strategy_nearest,False,0.0025739669799804688,success
048CDD3A9C4C80,3,"['Torre Lamberti', 'Casa Giulietta', 'Teatro Romano']",Tomba Giulietta,"['San Fermo', 'Museo Storia', 'Arena', 'Museo Lapidario', 'Museo Radio']",Castelvecchio,strategy_nearest,False,0.002050161361694336,success
048D04429C4C84,1,"['San Zeno', 'Castelvecchio', 'Arena', 'Giardino Giusti']",Teatro Romano,"['Santa Anastasia', 'Duomo', 'AMO', 'Palazzo della Ragione', 'Museo Conte']",Palazzo della Ragione,strategy_nearest,True,0.002724885940551758,success
048CE13A9C4C80,3,"['Teatro Romano', 'Santa Anastasia']",Arena,"['Verona Tour', 'Museo Lapidario', 'Museo Radio', 'San Fermo', 'Casa Giulietta']",Tomba Giulietta,strategy_nearest,False,0.0021822452545166016,success
048D0B429C4C80,1,"['Arena', 'Casa Giulietta']",Torre Lamberti,"['Sighseeing', 'Centro Fotografia', 'Museo Conte', 'Palazzo della Ragione', 'AMO']",Palazzo della Ragione,strategy_nearest,True,0.0032091140747070312,success
048CE83A9C4C80,0,['Arena'],Casa Giulietta,"['Centro Fotografia', 'Sighseeing', 'Torre Lamberti', 'Museo Conte', 'Museo Radio']",Castelvecchio,strategy_nearest,False,0.0015759468078613281,success
048D0E3A9C4C80,2,['Casa Giulietta'],Torre Lamberti,"['Sighseeing', 'Centro Fotografia', 'Museo Conte', 'Palazzo della Ragione', 'AMO']",Castelvecchio,strategy_nearest,False,0.0019788742065429688,success
048D0C429C4C80,0,['Arena'],Casa Giulietta,"['Centro Fotografia', 'Sighseeing', 'Torre Lamberti', 'Museo Conte', 'Museo Radio']",Torre Lamberti,strategy_nearest,True,0.0026061534881591797,success
048D0E429C4C80,0,['Arena'],Castelvecchio,"['Museo Lapidario', 'Verona Tour', 'Museo Radio', 'San Zeno', 'Sighseeing']",Casa Giulietta,strategy_nearest,False,0.0028078556060791016,success
048D113A9C4C80,0,"['Casa Giulietta', 'Torre Lamberti']",Arena,"['Verona Tour', 'Museo Lapidario', 'Museo Radio', 'San Fermo', 'Sighseeing']",Castelvecchio,strategy_nearest,False,0.0033288002014160156,success
048D12429C4C80,1,"['Arena', 'Casa Giulietta', 'Palazzo della Ragione']",Castelvecchio,"['Museo Lapidario', 'Verona Tour', 'Museo Radio', 'San Zeno', 'Sighseeing']",Teatro Romano,strategy_nearest,False,0.0030281543731689453,success
048D11429C4C84,0,['Arena'],Casa Giulietta,"['Centro Fotografia', 'Sighseeing', 'Torre Lamberti', 'Museo Conte', 'Museo Radio']",Torre Lamberti,strategy_nearest,True,0.002626180648803711,success
048D143A9C4C84,0,['Arena'],Casa Giulietta,"['Centro Fotografia', 'Sighseeing', 'Torre Lamberti', 'Museo Conte', 'Museo Radio']",Torre Lamberti,strategy_nearest,True,0.0023910999298095703,success
048D173A9C4C84,0,['Arena'],Torre Lamberti,"['Sighseeing', 'Centro Fotografia', 'Museo Conte', 'Casa Giulietta', 'Palazzo della Ragione']",Castelvecchio,strategy_nearest,False,0.0030100345611572266,success
048D20429C4C84,3,"['Arena', 'Casa Giulietta', 'Torre Lamberti']",Santa Anastasia,"['AMO', 'Museo Conte', 'Palazzo della Ragione', 'Teatro Romano', 'Centro Fotografia']",Teatro Romano,strategy_nearest,True,0.0034050941467285156,success
048D293A9C4C80,0,"['Torre Lamberti', 'Casa Giulietta', 'Arena']",Castelvecchio,"['Museo Lapidario', 'Verona Tour', 'Museo Radio', 'San Zeno', 'Sighseeing']",Teatro Romano,strategy_nearest,False,0.004141092300415039,success
048D2C4A9C4C80,0,['San Zeno'],Castelvecchio,"['Museo Lapidario', 'Verona Tour', 'Arena', 'Museo Radio', 'Sighseeing']",Duomo,strategy_nearest,False,0.003107786178588867,success
048D2A429C4C84,4,"['Torre Lamberti', 'Duomo', 'San Fermo', 'Teatro Romano']",San Zeno,"['Castelvecchio', 'Verona Tour', 'Museo Lapidario', 'Arena', 'Museo Miniscalchi']",Museo Lapidario,strategy_nearest,True,0.001905202865600586,success
048D303A9C4C80,0,"['San Zeno', 'Castelvecchio']",Arena,"['Verona Tour', 'Museo Lapidario', 'Museo Radio', 'San Fermo', 'Casa Giulietta']",San Fermo,strategy_nearest,True,0.002680063247680664,success
048D2E3A9C4C80,3,['Arena'],Castelvecchio,"['Museo Lapidario', 'Verona Tour', 'Museo Radio', 'San Zeno', 'Sighseeing']",Torre Lamberti,strategy_nearest,False,0.0020170211791992188,success
048D3D429C4C80,0,"['Casa Giulietta', 'San Fermo']",Castelvecchio,"['Museo Lapidario', 'Verona Tour', 'Arena', 'Museo Radio', 'San Zeno']",San Zeno,strategy_nearest,True,0.0031218528747558594,success
048D373A9C4C80,0,['Arena'],Duomo,"['AMO', 'Museo Miniscalchi', 'Santa Anastasia', 'Teatro Romano', 'Palazzo della Ragione']",Teatro Romano,strategy_nearest,True,0.0026421546936035156,success
048D4D3A9C4C80,3,"['Arena', 'Santa Anastasia']",Duomo,"['AMO', 'Museo Miniscalchi', 'Teatro Romano', 'Palazzo della Ragione', 'Museo Conte']",Torre Lamberti,strategy_nearest,False,0.0013039112091064453,success
048D433A9C4C80,1,"['Palazzo della Ragione', 'Casa Giulietta']",Arena,"['Verona Tour', 'Museo Lapidario', 'Museo Radio', 'San Fermo', 'Sighseeing']",Castelvecchio,strategy_nearest,False,0.0039768218994140625,success
048D4D429C4C80,0,['Arena'],Casa Giulietta,"['Centro Fotografia', 'Sighseeing', 'Torre Lamberti', 'Museo Conte', 'Museo Radio']",Palazzo della Ragione,strategy_nearest,False,0.0018851757049560547,success
048D513A9C4C80,1,"['Arena', 'Casa Giulietta']",Torre Lamberti,"['Sighseeing', 'Centro Fotografia', 'Museo Conte', 'Palazzo della Ragione', 'AMO']",Torre Lamberti,strategy_nearest,False,0.003340005874633789,success
048D6D3A9C4C80,0,['Torre Lamberti'],Arena,"['Verona Tour', 'Museo Lapidario', 'Museo Radio', 'San Fermo', 'Casa Giulietta']",Casa Giulietta,strategy_nearest,True,0.0018329620361328125,success
048D613A9C4C80,3,"['Arena', 'San Zeno', 'Teatro Romano']",Santa Anastasia,"['AMO', 'Museo Conte', 'Palazzo della Ragione', 'Centro Fotografia', 'Duomo']",Casa Giulietta,strategy_nearest,False,0.0025599002838134766,success
048D54429C4C80,1,"['Arena', 'Casa Giulietta']",Torre Lamberti,"['Sighseeing', 'Centro Fotografia', 'Museo Conte', 'Palazzo della Ragione', 'AMO']",Palazzo della Ragione,strategy_nearest,True,0.003314971923828125,success
048D6E3A9C4C80,3,"['Castelvecchio', 'San Zeno', 'Arena']",Museo Lapidario,"['Verona Tour', 'Museo Radio', 'San Fermo', 'Casa Giulietta', 'Tomba Giulietta']",San Fermo,strategy_nearest,True,0.0034072399139404297,success
048D773A9C4C80,0,['Arena'],Casa Giulietta,"['Centro Fotografia', 'Sighseeing', 'Torre Lamberti', 'Museo Conte', 'Museo Radio']",Torre Lamberti,strategy_nearest,True,0.0021049976348876953,success
048D763A9C4C80,2,['Duomo'],Tomba Giulietta,"['San Fermo', 'Museo Storia', 'Arena', 'Museo Lapidario', 'Museo Radio']",Museo Storia,strategy_nearest,True,0.004083871841430664,success
048D7A3A9C4C80,2,['Teatro Romano'],Santa Anastasia,"['AMO', 'Museo Conte', 'Palazzo della Ragione', 'Centro Fotografia', 'Duomo']",Casa Giulietta,strategy_nearest,False,0.0026960372924804688,success
048D843A9C4C80,0,['Arena'],Palazzo della Ragione,"['AMO', 'Museo Conte', 'Torre Lamberti', 'Centro Fotografia', 'Sighseeing']",Casa Giulietta,strategy_nearest,False,0.002094745635986328,success
048D82429C4C80,3,"['Arena', 'Castelvecchio']",Duomo,"['AMO', 'Museo Miniscalchi', 'Santa Anastasia', 'Teatro Romano', 'Palazzo della Ragione']",Santa Anastasia,strategy_nearest,True,0.0027589797973632812,success
048D7B3A9C4C80,0,['Arena'],Torre Lamberti,"['Sighseeing', 'Centro Fotografia', 'Museo Conte', 'Casa Giulietta', 'Palazzo della Ragione']",Casa Giulietta,strategy_nearest,True,0.002595186233520508,success
048D87429C4C80,0,"['Arena', 'Casa Giulietta']",Torre Lamberti,"['Sighseeing', 'Centro Fotografia', 'Museo Conte', 'Palazzo della Ragione', 'AMO']",Duomo,strategy_nearest,False,0.0035130977630615234,success
048DAA3A9C4C80,0,['Arena'],Torre Lamberti,"['Sighseeing', 'Centro Fotografia', 'Museo Conte', 'Casa Giulietta', 'Palazzo della Ragione']",Casa Giulietta,strategy_nearest,True,0.002460956573486328,success
048DA54A9C4C80,1,"['Arena', 'Museo Lapidario', 'Castelvecchio']",Teatro Romano,"['Santa Anastasia', 'Duomo', 'AMO', 'Palazzo della Ragione', 'Museo Conte']",Santa Anastasia,strategy_nearest,True,0.0018911361694335938,success
048DAA4A9C4C80,2,['Torre Lamberti'],Duomo,"['AMO', 'Museo Miniscalchi', 'Santa Anastasia', 'Teatro Romano', 'Palazzo della Ragione']",Santa Anastasia,strategy_nearest,True,0.0033359527587890625,success
048DB3429C4C80,0,['Arena'],Duomo,"['AMO', 'Museo Miniscalchi', 'Santa Anastasia', 'Teatro Romano', 'Palazzo della Ragione']",Castelvecchio,strategy_nearest,False,0.001753091812133789,success
048DC2429C4C80,1,"['Arena', 'Casa Giulietta']",Torre Lamberti,"['Sighseeing', 'Centro Fotografia', 'Museo Conte', 'Palazzo della Ragione', 'AMO']",Palazzo della Ragione,strategy_nearest,True,0.0025370121002197266,success
048DCC3A9C4C80,2,"['Santa Anastasia', 'Teatro Romano']",Casa Giulietta,"['Centro Fotografia', 'Sighseeing', 'Torre Lamberti', 'Museo Conte', 'Museo Radio']",Castelvecchio,strategy_nearest,False,0.003201007843017578,success
048DCB3A9C4C80,3,"['San Zeno', 'Santa Anastasia']",Torre Lamberti,"['Sighseeing', 'Centro Fotografia', 'Museo Conte', 'Casa Giulietta', 'Palazzo della Ragione']",Casa Giulietta,strategy_nearest,True,0.003154754638671875,success
048DAC3A9C4C80,1,"['Arena', 'Casa Giulietta']",Teatro Romano,"['Santa Anastasia', 'Duomo', 'AMO', 'Palazzo della Ragione', 'Museo Conte']",Duomo,strategy_nearest,True,0.003767728805541992,success
048DCD3A9C4C80,0,['San Zeno'],Arena,"['Verona Tour', 'Museo Lapidario', 'Museo Radio', 'San Fermo', 'Casa Giulietta']",Duomo,strategy_nearest,False,0.0029838085174560547,success
048DD83A9C4C80,0,['Arena'],Casa Giulietta,"['Centro Fotografia', 'Sighseeing', 'Torre Lamberti', 'Museo Conte', 'Museo Radio']",Torre Lamberti,strategy_nearest,True,0.0018000602722167969,success
048DDE429C4C80,2,"['Teatro Romano', 'Duomo', 'Santa Anastasia']",Torre Lamberti,"['Sighseeing', 'Centro Fotografia', 'Museo Conte', 'Casa Giulietta', 'Palazzo della Ragione']",San Fermo,strategy_nearest,False,0.003149271011352539,success
048DDE3A9C4C80,2,"['Casa Giulietta', 'Santa Anastasia']",Duomo,"['AMO', 'Museo Miniscalchi', 'Teatro Romano', 'Palazzo della Ragione', 'Museo Conte']",Teatro Romano,strategy_nearest,True,0.0025620460510253906,success
048E0B429C4C80,2,"['Castelvecchio', 'Duomo']",Teatro Romano,"['Santa Anastasia', 'AMO', 'Palazzo della Ragione', 'Museo Conte', 'Centro Fotografia']",Santa Anastasia,strategy_nearest,True,0.002557992935180664,success
048DF13A9C4C80,1,"['Arena', 'Torre Lamberti']",Palazzo della Ragione,"['AMO', 'Museo Conte', 'Centro Fotografia', 'Sighseeing', 'Santa Anastasia']",Santa Anastasia,strategy_nearest,True,0.0025959014892578125,success
048E0F3A9C4C80,1,"['Casa Giulietta', 'Palazzo della Ragione']",Torre Lamberti,"['Sighseeing', 'Centro Fotografia', 'Museo Conte', 'AMO', 'Museo Miniscalchi']",Giardino Giusti,strategy_nearest,False,0.002526998519897461,success
048E11429C4C80,3,['Arena'],Casa Giulietta,"['Centro Fotografia', 'Sighseeing', 'Torre Lamberti', 'Museo Conte', 'Museo Radio']",Duomo,strategy_nearest,False,0.0033447742462158203,success
048E133A9C4C84,0,['Arena'],Torre Lamberti,"['Sighseeing', 'Centro Fotografia', 'Museo Conte', 'Casa Giulietta', 'Palazzo della Ragione']",Casa Giulietta,strategy_nearest,True,0.00257110595703125,success
048E164A9C4C80,3,"['Arena', 'San Fermo', 'Casa Giulietta']",Torre Lamberti,"['Sighseeing', 'Centro Fotografia', 'Museo Conte', 'Palazzo della Ragione', 'AMO']",Santa Anastasia,strategy_nearest,False,0.003155231475830078,success
048E15429C4C80,1,"['Palazzo della Ragione', 'Casa Giulietta']",Casa Giulietta,"['Centro Fotografia', 'Sighseeing', 'Torre Lamberti', 'Museo Conte', 'Museo Radio']",Arena,strategy_nearest,False,0.0033800601959228516,success
048E1D429C4C80,3,"['Arena', 'Casa Giulietta']",Santa Anastasia,"['AMO', 'Museo Conte', 'Palazzo della Ragione', 'Teatro Romano', 'Centro Fotografia']",Duomo,strategy_nearest,False,0.0023679733276367188,success
048E1C3A9C4C80,0,['Casa Giulietta'],Torre Lamberti,"['Sighseeing', 'Centro Fotografia', 'Museo Conte', 'Palazzo della Ragione', 'AMO']",Arena,strategy_nearest,False,0.003978252410888672,success
048E213A9C4C84,0,"['Tomba Giulietta', 'Arena']",Castelvecchio,"['Museo Lapidario', 'Verona Tour', 'Museo Radio', 'San Zeno', 'Sighseeing']",Teatro Romano,strategy_nearest,False,0.002586841583251953,success
048E1F3A9C4C80,0,"['Casa Giulietta', 'Arena', 'Museo Lapidario']",Castelvecchio,"['Verona Tour', 'Museo Radio', 'San Zeno', 'Sighseeing', 'Museo Miniscalchi']",Tomba Giulietta,strategy_nearest,False,0.0037779808044433594,success
048E2F3A9C4C80,2,['Castelvecchio'],Duomo,"['AMO', 'Museo Miniscalchi', 'Santa Anastasia', 'Teatro Romano', 'Palazzo della Ragione']",Teatro Romano,strategy_nearest,True,0.0023040771484375,success
048E263A9C4C80,3,"['Torre Lamberti', 'Castelvecchio']",Arena,"['Verona Tour', 'Museo Lapidario', 'Museo Radio', 'San Fermo', 'Casa Giulietta']",Tomba Giulietta,strategy_nearest,False,0.0031528472900390625,success
048E344A9C4C80,0,['San Zeno'],Casa Giulietta,"['Centro Fotografia', 'Sighseeing', 'Torre Lamberti', 'Museo Conte', 'Museo Radio']",Torre Lamberti,strategy_nearest,True,0.0027031898498535156,success
048E40429C4C80,1,"['Arena', 'Castelvecchio', 'Torre Lamberti']",Palazzo della Ragione,"['AMO', 'Museo Conte', 'Centro Fotografia', 'Sighseeing', 'Santa Anastasia']",Santa Anastasia,strategy_nearest,True,0.002537965774536133,success
048E364A9C4C80,3,"['Arena', 'Castelvecchio', 'Tomba Giulietta']",Casa Giulietta,"['Centro Fotografia', 'Sighseeing', 'Torre Lamberti', 'Museo Conte', 'Museo Radio']",Torre Lamberti,strategy_nearest,True,0.003339052200317383,success
048E31429C4C80,3,"['Arena', 'Santa Anastasia']",Duomo,"['AMO', 'Museo Miniscalchi', 'Teatro Romano', 'Palazzo della Ragione', 'Museo Conte']",San Fermo,strategy_nearest,False,0.0019199848175048828,success
048E49429C4C80,3,"['Casa Giulietta', 'Arena', 'Castelvecchio']",San Zeno,"['Verona Tour', 'Museo Lapidario', 'Museo Miniscalchi', 'Sighseeing', 'Museo Radio']",Tomba Giulietta,strategy_nearest,False,0.00273895263671875,success
048E50429C4C80,2,['Casa Giulietta'],Tomba Giulietta,"['San Fermo', 'Museo Storia', 'Arena', 'Museo Lapidario', 'Museo Radio']",San Fermo,strategy_nearest,True,0.00273895263671875,success
048E51429C4C80,0,['Arena'],Casa Giulietta,"['Centro Fotografia', 'Sighseeing', 'Torre Lamberti', 'Museo Conte', 'Museo Radio']",Castelvecchio,strategy_nearest,False,0.0026040077209472656,success
048E613A9C4C80,1,"['Casa Giulietta', 'San Fermo', 'Tomba Giulietta', 'Palazzo della Ragione']",Torre Lamberti,"['Sighseeing', 'Centro Fotografia', 'Museo Conte', 'AMO', 'Museo Miniscalchi']",Santa Anastasia,strategy_nearest,False,0.0031528472900390625,success
048E834A9C4C80,0,['Arena'],Casa Giulietta,"['Centro Fotografia', 'Sighseeing', 'Torre Lamberti', 'Museo Conte', 'Museo Radio']",Castelvecchio,strategy_nearest,False,0.0014078617095947266,success
048E763A9C4C80,0,"['Castelvecchio', 'Casa Giulietta']",Teatro Romano,"['Santa Anastasia', 'Duomo', 'AMO', 'Palazzo della Ragione', 'Museo Conte']",Arena,strategy_nearest,False,0.0021200180053710938,success
048E8E3A9C4C80,0,['Arena'],Casa Giulietta,"['Centro Fotografia', 'Sighseeing', 'Torre Lamberti', 'Museo Conte', 'Museo Radio']",Torre Lamberti,strategy_nearest,True,0.002619028091430664,success
048E924A9C4C80,3,"['Torre Lamberti', 'Casa Giulietta', 'Arena']",Castelvecchio,"['Museo Lapidario', 'Verona Tour', 'Museo Radio', 'San Zeno', 'Sighseeing']",Tomba Giulietta,strategy_nearest,False,0.002274036407470703,success
048E9A429C4C80,1,"['Tomba Giulietta', 'Arena']",Casa Giulietta,"['Centro Fotografia', 'Sighseeing', 'Torre Lamberti', 'Museo Conte', 'Museo Radio']",Torre Lamberti,strategy_nearest,True,0.003934383392333984,success
048EA0429C4C80,2,['Teatro Romano'],Duomo,"['AMO', 'Museo Miniscalchi', 'Santa Anastasia', 'Palazzo della Ragione', 'Museo Conte']",Castelvecchio,strategy_nearest,False,0.0024008750915527344,success
048E9F429C4C80,3,['Arena'],Torre Lamberti,"['Sighseeing', 'Centro Fotografia', 'Museo Conte', 'Casa Giulietta', 'Palazzo della Ragione']",Santa Anastasia,strategy_nearest,False,0.0019431114196777344,success
048EB13A9C4C80,0,['Castelvecchio'],Arena,"['Verona Tour', 'Museo Lapidario', 'Museo Radio', 'San Fermo', 'Casa Giulietta']",Casa Giulietta,strategy_nearest,True,0.0022249221801757812,success
048EB2429C4C80,3,"['Castelvecchio', 'Arena']",Casa Giulietta,"['Centro Fotografia', 'Sighseeing', 'Torre Lamberti', 'Museo Conte', 'Museo Radio']",Torre Lamberti,strategy_nearest,True,0.0027360916137695312,success
048EA63A9C4C80,2,"['Casa Giulietta', 'Torre Lamberti']",Santa Anastasia,"['AMO', 'Museo Conte', 'Palazzo della Ragione', 'Teatro Romano', 'Centro Fotografia']",Duomo,strategy_nearest,False,0.001628875732421875,success
048EA4429C4C80,0,"['Arena', 'Castelvecchio']",San Zeno,"['Verona Tour', 'Museo Lapidario', 'Museo Miniscalchi', 'Sighseeing', 'Museo Radio']",Teatro Romano,strategy_nearest,False,0.00546717643737793,success
048EC03A9C4C80,0,['Casa Giulietta'],Tomba Giulietta,"['San Fermo', 'Museo Storia', 'Arena', 'Museo Lapidario', 'Museo Radio']",Arena,strategy_nearest,True,0.0021257400512695312,success
048EBF3A9C4C80,0,"['Torre Lamberti', 'San Fermo']",Arena,"['Verona Tour', 'Museo Lapidario', 'Museo Radio', 'Casa Giulietta', 'Sighseeing']",Castelvecchio,strategy_nearest,False,0.003432035446166992,success
048EB5429C4C80,3,['Arena'],Casa Giulietta,"['Centro Fotografia', 'Sighseeing', 'Torre Lamberti', 'Museo Conte', 'Museo Radio']",San Fermo,strategy_nearest,False,0.002295970916748047,success
048EC73A9C4C80,1,['Arena'],Torre Lamberti,"['Sighseeing', 'Centro Fotografia', 'Museo Conte', 'Casa Giulietta', 'Palazzo della Ragione']",Palazzo della Ragione,strategy_nearest,True,0.0033059120178222656,success
048ECF3A9C4C80,3,['Arena'],Casa Giulietta,"['Centro Fotografia', 'Sighseeing', 'Torre Lamberti', 'Museo Conte', 'Museo Radio']",Torre Lamberti,strategy_nearest,True,0.001291036605834961,success
048EDD429C4C80,3,"['Casa Giulietta', 'Santa Anastasia', 'Teatro Romano', 'Duomo']",Torre Lamberti,"['Sighseeing', 'Centro Fotografia', 'Museo Conte', 'Palazzo della Ragione', 'AMO']",Castelvecchio,strategy_nearest,False,0.0022912025451660156,success
048EE33A9C4C80,0,['Torre Lamberti'],Casa Giulietta,"['Centro Fotografia', 'Sighseeing', 'Museo Conte', 'Museo Radio', 'Palazzo della Ragione']",Arena,strategy_nearest,False,0.0028069019317626953,success
048EDB3A9C4C80,3,['Duomo'],Arena,"['Verona Tour', 'Museo Lapidario', 'Museo Radio', 'San Fermo', 'Casa Giulietta']",San Zeno,strategy_nearest,False,0.0036611557006835938,success
048EFD3A9C4C80,0,['Arena'],Casa Giulietta,"['Centro Fotografia', 'Sighseeing', 'Torre Lamberti', 'Museo Conte', 'Museo Radio']",Tomba Giulietta,strategy_nearest,False,0.002721071243286133,success
048EED3A9C4C80,2,"['Casa Giulietta', 'Museo Lapidario']",Santa Anastasia,"['AMO', 'Museo Conte', 'Palazzo della Ragione', 'Teatro Romano', 'Centro Fotografia']",Teatro Romano,strategy_nearest,True,0.003358125686645508,success
048EE93A9C4C80,3,"['Arena', 'Torre Lamberti']",Casa Giulietta,"['Centro Fotografia', 'Sighseeing', 'Museo Conte', 'Museo Radio', 'Palazzo della Ragione']",Santa Anastasia,strategy_nearest,False,0.0020508766174316406,success
048EFD429C4C80,3,"['Casa Giulietta', 'Torre Lamberti', 'Santa Anastasia']",Castelvecchio,"['Museo Lapidario', 'Verona Tour', 'Arena', 'Museo Radio', 'San Zeno']",Arena,strategy_nearest,True,0.0018763542175292969,success
048F03429C4C84,1,"['Arena', 'Castelvecchio', 'San Zeno', 'Palazzo della Ragione']",Casa Giulietta,"['Centro Fotografia', 'Sighseeing', 'Torre Lamberti', 'Museo Conte', 'Museo Radio']",Santa Anastasia,strategy_nearest,False,0.0014500617980957031,success
048F0C3A9C4C84,3,"['San Fermo', 'Torre Lamberti']",Santa Anastasia,"['AMO', 'Museo Conte', 'Palazzo della Ragione', 'Teatro Romano', 'Centro Fotografia']",Teatro Romano,strategy_nearest,True,0.003268003463745117,success
048F0B3A9C4C84,0,['Arena'],Castelvecchio,"['Museo Lapidario', 'Verona Tour', 'Museo Radio', 'San Zeno', 'Sighseeing']",Casa Giulietta,strategy_nearest,False,0.002172231674194336,success
048F0B429C4C80,1,['Arena'],Torre Lamberti,"['Sighseeing', 'Centro Fotografia', 'Museo Conte', 'Casa Giulietta', 'Palazzo della Ragione']",Palazzo della Ragione,strategy_nearest,True,0.002707242965698242,success
048F19429C4C84,3,"['Casa Giulietta', 'Santa Anastasia']",Duomo,"['AMO', 'Museo Miniscalchi', 'Teatro Romano', 'Palazzo della Ragione', 'Museo Conte']",Arena,strategy_nearest,False,0.0026407241821289062,success
048F12429C4C80,3,"['Arena', 'Castelvecchio']",Casa Giulietta,"['Centro Fotografia', 'Sighseeing', 'Torre Lamberti', 'Museo Conte', 'Museo Radio']",Santa Anastasia,strategy_nearest,False,0.0014731884002685547,success
048F153A9C4C80,3,"['Arena', 'Torre Lamberti', 'San Fermo']",Casa Giulietta,"['Centro Fotografia', 'Sighseeing', 'Museo Conte', 'Museo Radio', 'Palazzo della Ragione']",Santa Anastasia,strategy_nearest,False,0.0033457279205322266,success
048F123A9C4C84,0,['Teatro Romano'],Duomo,"['AMO', 'Museo Miniscalchi', 'Santa Anastasia', 'Palazzo della Ragione', 'Museo Conte']",Casa Giulietta,strategy_nearest,False,0.003962993621826172,success
048F1E3A9C4C80,2,"['Casa Giulietta', 'Torre Lamberti', 'Palazzo della Ragione']",Santa Anastasia,"['AMO', 'Museo Conte', 'Teatro Romano', 'Centro Fotografia', 'Duomo']",Teatro Romano,strategy_nearest,True,0.0026519298553466797,success
048F20429C4C84,0,"['Arena', 'Casa Giulietta']",Torre Lamberti,"['Sighseeing', 'Centro Fotografia', 'Museo Conte', 'Palazzo della Ragione', 'AMO']",Teatro Romano,strategy_nearest,False,0.001355886459350586,success
048F1BC27B3F80,3,"['Arena', 'Torre Lamberti']",Teatro Romano,"['Santa Anastasia', 'Duomo', 'AMO', 'Palazzo della Ragione', 'Museo Conte']",Duomo,strategy_nearest,True,0.0032439231872558594,success
048F204A9C4C80,1,"['Torre Lamberti', 'Santa Anastasia', 'Duomo', 'Castelvecchio']",Arena,"['Verona Tour', 'Museo Lapidario', 'Museo Radio', 'San Fermo', 'Casa Giulietta']",Museo Lapidario,strategy_nearest,True,0.00339508056640625,success
048F2A429C4C84,1,"['Palazzo della Ragione', 'Torre Lamberti', 'Santa Anastasia', 'San Fermo']",San Zeno,"['Castelvecchio', 'Verona Tour', 'Museo Lapidario', 'Arena', 'Museo Miniscalchi']",Castelvecchio,strategy_nearest,True,0.0021779537200927734,success
048F28C27B3F80,1,"['Casa Giulietta', 'Santa Anastasia', 'Palazzo della Ragione', 'Torre Lamberti']",Arena,"['Verona Tour', 'Museo Lapidario', 'Museo Radio', 'San Fermo', 'Sighseeing']",Castelvecchio,strategy_nearest,False,0.003477811813354492,success
048F2B429C4C80,1,['Arena'],Casa Giulietta,"['Centro Fotografia', 'Sighseeing', 'Torre Lamberti', 'Museo Conte', 'Museo Radio']",Duomo,strategy_nearest,False,0.0027229785919189453,success
048F2C3A9C4C80,3,"['Arena', 'Castelvecchio', 'Duomo']",Santa Anastasia,"['AMO', 'Museo Conte', 'Palazzo della Ragione', 'Teatro Romano', 'Centro Fotografia']",Casa Giulietta,strategy_nearest,False,0.003429889678955078,success
048F2DC27B3F80,2,['Casa Giulietta'],Duomo,"['AMO', 'Museo Miniscalchi', 'Santa Anastasia', 'Teatro Romano', 'Palazzo della Ragione']",Santa Anastasia,strategy_nearest,True,0.002991199493408203,success
048F2F429C4C80,1,"['Arena', 'Casa Giulietta']",Torre Lamberti,"['Sighseeing', 'Centro Fotografia', 'Museo Conte', 'Palazzo della Ragione', 'AMO']",Palazzo della Ragione,strategy_nearest,True,0.002522706985473633,success
048F334A9C4C80,3,"['Arena', 'Casa Giulietta', 'Torre Lamberti']",Tomba Giulietta,"['San Fermo', 'Museo Storia', 'Museo Lapidario', 'Museo Radio', 'Verona Tour']",Castelvecchio,strategy_nearest,False,0.0033559799194335938,success
048F40C27B3F80,1,"['Casa Giulietta', 'Santa Anastasia', 'Palazzo della Ragione', 'Torre Lamberti', 'Arena']",Castelvecchio,"['Museo Lapidario', 'Verona Tour', 'Museo Radio', 'San Zeno', 'Sighseeing']",Duomo,strategy_nearest,False,0.003240823745727539,success
048F45C27B3F80,2,['Casa Giulietta'],Duomo,"['AMO', 'Museo Miniscalchi', 'Santa Anastasia', 'Teatro Romano', 'Palazzo della Ragione']",Santa Anastasia,strategy_nearest,True,0.002964019775390625,success
048F483A9C4C80,0,"['Arena', 'Casa Giulietta']",Castelvecchio,"['Museo Lapidario', 'Verona Tour', 'Museo Radio', 'San Zeno', 'Sighseeing']",Torre Lamberti,strategy_nearest,False,0.0017848014831542969,success
048F4F429C4C80,1,"['Tomba Giulietta', 'Arena']",Casa Giulietta,"['Centro Fotografia', 'Sighseeing', 'Torre Lamberti', 'Museo Conte', 'Museo Radio']",Torre Lamberti,strategy_nearest,True,0.0031359195709228516,success
048F4A3A9C4C80,2,"['San Zeno', 'Duomo']",Castelvecchio,"['Museo Lapidario', 'Verona Tour', 'Arena', 'Museo Radio', 'Sighseeing']",Santa Anastasia,strategy_nearest,False,0.002583026885986328,success
048F51C27B3F80,3,"['Arena', 'Torre Lamberti', 'Teatro Romano']",Duomo,"['AMO', 'Museo Miniscalchi', 'Santa Anastasia', 'Palazzo della Ragione', 'Museo Conte']",Tomba Giulietta,strategy_nearest,False,0.003000020980834961,success
048F573A9C4C80,3,"['Arena', 'Museo Lapidario', 'Castelvecchio']",Casa Giulietta,"['Centro Fotografia', 'Sighseeing', 'Torre Lamberti', 'Museo Conte', 'Museo Radio']",Duomo,strategy_nearest,False,0.001811981201171875,success
048F533A9C4C80,0,['Arena'],Castelvecchio,"['Museo Lapidario', 'Verona Tour', 'Museo Radio', 'San Zeno', 'Sighseeing']",Teatro Romano,strategy_nearest,False,0.0024421215057373047,success
048F613A9C4C80,0,"['Arena', 'Casa Giulietta']",Duomo,"['AMO', 'Museo Miniscalchi', 'Santa Anastasia', 'Teatro Romano', 'Palazzo della Ragione']",Teatro Romano,strategy_nearest,True,0.0030639171600341797,success
048F5EC27B3F80,3,"['Arena', 'Torre Lamberti', 'Teatro Romano']",Duomo,"['AMO', 'Museo Miniscalchi', 'Santa Anastasia', 'Palazzo della Ragione', 'Museo Conte']",Tomba Giulietta,strategy_nearest,False,0.00339508056640625,success
048F643A9C4C80,2,"['Torre Lamberti', 'Palazzo della Ragione', 'Casa Giulietta']",San Fermo,"['Museo Storia', 'Museo Radio', 'Centro Fotografia', 'Arena', 'Sighseeing']",Museo Storia,strategy_nearest,True,0.0026140213012695312,success
048F69429C4C80,0,['Arena'],Casa Giulietta,"['Centro Fotografia', 'Sighseeing', 'Torre Lamberti', 'Museo Conte', 'Museo Radio']",Teatro Romano,strategy_nearest,False,0.0033941268920898438,success
048F6AC27B3F80,3,"['Arena', 'Torre Lamberti', 'Teatro Romano']",Duomo,"['AMO', 'Museo Miniscalchi', 'Santa Anastasia', 'Palazzo della Ragione', 'Museo Conte']",Tomba Giulietta,strategy_nearest,False,0.002477884292602539,success
048F6E429C4C80,2,"['Casa Giulietta', 'Palazzo della Ragione']",Torre Lamberti,"['Sighseeing', 'Centro Fotografia', 'Museo Conte', 'AMO', 'Museo Miniscalchi']",Tomba Giulietta,strategy_nearest,False,0.002942800521850586,success
048F71429C4C80,0,['Arena'],Torre Lamberti,"['Sighseeing', 'Centro Fotografia', 'Museo Conte', 'Casa Giulietta', 'Palazzo della Ragione']",Duomo,strategy_nearest,False,0.004158973693847656,success
048F793A9C4C80,3,"['San Zeno', 'San Fermo']",Arena,"['Verona Tour', 'Museo Lapidario', 'Museo Radio', 'Casa Giulietta', 'Sighseeing']",Torre Lamberti,strategy_nearest,False,0.00191497802734375,success
048F72429C4C80,3,['Arena'],Casa Giulietta,"['Centro Fotografia', 'Sighseeing', 'Torre Lamberti', 'Museo Conte', 'Museo Radio']",Santa Anastasia,strategy_nearest,False,0.0033898353576660156,success
048F794A9C4C80,2,['Casa Giulietta'],Castelvecchio,"['Museo Lapidario', 'Verona Tour', 'Arena', 'Museo Radio', 'San Zeno']",Torre Lamberti,strategy_nearest,False,0.003170013427734375,success
048F844A9C4C80,1,"['Casa Giulietta', 'Arena', 'Castelvecchio']",Tomba Giulietta,"['San Fermo', 'Museo Storia', 'Museo Lapidario', 'Museo Radio', 'Verona Tour']",San Fermo,strategy_nearest,True,0.0020940303802490234,success
048F8A4A9C4C80,3,"['Casa Giulietta', 'Arena', 'Duomo']",Santa Anastasia,"['AMO', 'Museo Conte', 'Palazzo della Ragione', 'Teatro Romano', 'Centro Fotografia']",Torre Lamberti,strategy_nearest,False,0.0030889511108398438,success
048F883A9C4C80,2,['San Fermo'],Santa Anastasia,"['AMO', 'Museo Conte', 'Palazzo della Ragione', 'Teatro Romano', 'Centro Fotografia']",Teatro Romano,strategy_nearest,True,0.002834796905517578,success
048F7A4A9C4C80,3,"['Arena', 'San Zeno']",Casa Giulietta,"['Centro Fotografia', 'Sighseeing', 'Torre Lamberti', 'Museo Conte', 'Museo Radio']",Santa Anastasia,strategy_nearest,False,0.0035440921783447266,success
048F8C429C4C80,0,['Castelvecchio'],Arena,"['Verona Tour', 'Museo Lapidario', 'Museo Radio', 'San Fermo', 'Casa Giulietta']",Casa Giulietta,strategy_nearest,True,0.0033211708068847656,success
048F99C27B3F80,3,"['Casa Giulietta', 'Santa Anastasia']",Torre Lamberti,"['Sighseeing', 'Centro Fotografia', 'Museo Conte', 'Palazzo della Ragione', 'AMO']",Teatro Romano,strategy_nearest,False,0.0021140575408935547,success
048F8DC27B3F80,3,"['Casa Giulietta', 'Santa Anastasia']",Torre Lamberti,"['Sighseeing', 'Centro Fotografia', 'Museo Conte', 'Palazzo della Ragione', 'AMO']",Teatro Romano,strategy_nearest,False,0.0034580230712890625,success
048FA0429C4C80,0,['Arena'],Casa Giulietta,"['Centro Fotografia', 'Sighseeing', 'Torre Lamberti', 'Museo Conte', 'Museo Radio']",Teatro Romano,strategy_nearest,False,0.0027010440826416016,success
048FA7C27B3F80,0,['Casa Giulietta'],Arena,"['Verona Tour', 'Museo Lapidario', 'Museo Radio', 'San Fermo', 'Sighseeing']",Castelvecchio,strategy_nearest,False,0.0023169517517089844,success
048FB3C27B3F80,0,['Casa Giulietta'],Arena,"['Verona Tour', 'Museo Lapidario', 'Museo Radio', 'San Fermo', 'Sighseeing']",Castelvecchio,strategy_nearest,False,0.0026330947875976562,success
048FA83A9C4C80,0,['Arena'],Torre Lamberti,"['Sighseeing', 'Centro Fotografia', 'Museo Conte', 'Casa Giulietta', 'Palazzo della Ragione']",Teatro Romano,strategy_nearest,False,0.0035800933837890625,success
048FB43A9C4C80,0,['San Zeno'],Duomo,"['AMO', 'Museo Miniscalchi', 'Santa Anastasia', 'Teatro Romano', 'Palazzo della Ragione']",Casa Giulietta,strategy_nearest,False,0.0030939579010009766,success
048FAE3A9C4C80,3,"['Duomo', 'Santa Anastasia', 'Casa Giulietta']",Torre Lamberti,"['Sighseeing', 'Centro Fotografia', 'Museo Conte', 'Palazzo della Ragione', 'AMO']",Arena,strategy_nearest,False,0.0021970272064208984,success
048FB83A9C4C80,1,"['San Zeno', 'Castelvecchio', 'Arena', 'Torre Lamberti']",Palazzo della Ragione,"['AMO', 'Museo Conte', 'Centro Fotografia', 'Sighseeing', 'Santa Anastasia']",Santa Anastasia,strategy_nearest,True,0.002215147018432617,success
048FC5429C4C80,0,['Arena'],Casa Giulietta,"['Centro Fotografia', 'Sighseeing', 'Torre Lamberti', 'Museo Conte', 'Museo Radio']",Torre Lamberti,strategy_nearest,True,0.00335693359375,success
048FC53A9C4C80,3,"['Duomo', 'Santa Anastasia']",San Zeno,"['Castelvecchio', 'Verona Tour', 'Museo Lapidario', 'Arena', 'Museo Miniscalchi']",Arena,strategy_nearest,True,0.002805948257446289,success
048FC7429C4C80,1,"['Arena', 'Casa Giulietta', 'Torre Lamberti']",Palazzo della Ragione,"['AMO', 'Museo Conte', 'Centro Fotografia', 'Sighseeing', 'Santa Anastasia']",Santa Anastasia,strategy_nearest,True,0.002580881118774414,success
048FCF3A9C4C80,3,"['Casa Giulietta', 'Arena', 'Tomba Giulietta']",Castelvecchio,"['Museo Lapidario', 'Verona Tour', 'Museo Radio', 'San Zeno', 'Sighseeing']",Torre Lamberti,strategy_nearest,False,0.002750873565673828,success
048FF03A9C4C80,3,"['Arena', 'Casa Giulietta']",Torre Lamberti,"['Sighseeing', 'Centro Fotografia', 'Museo Conte', 'Palazzo della Ragione', 'AMO']",Santa Anastasia,strategy_nearest,False,0.0027740001678466797,success
049001429C4C84,0,['Arena'],Casa Giulietta,"['Centro Fotografia', 'Sighseeing', 'Torre Lamberti', 'Museo Conte', 'Museo Radio']",Tomba Giulietta,strategy_nearest,False,0.0020477771759033203,success
048FFF429C4C80,1,"['Arena', 'Tomba Giulietta', 'Casa Giulietta']",Palazzo della Ragione,"['AMO', 'Museo Conte', 'Torre Lamberti', 'Centro Fotografia', 'Sighseeing']",Torre Lamberti,strategy_nearest,True,0.003376007080078125,success
049008429C4C80,0,"['Arena', 'San Zeno']",Casa Giulietta,"['Centro Fotografia', 'Sighseeing', 'Torre Lamberti', 'Museo Conte', 'Museo Radio']",Torre Lamberti,strategy_nearest,True,0.0033779144287109375,success
04900E429C4C80,3,"['Arena', 'Torre Lamberti']",Castelvecchio,"['Museo Lapidario', 'Verona Tour', 'Museo Radio', 'San Zeno', 'Sighseeing']",San Zeno,strategy_nearest,True,0.0033388137817382812,success
0490163A9C4C84,0,['Castelvecchio'],Arena,"['Verona Tour', 'Museo Lapidario', 'Museo Radio', 'San Fermo', 'Casa Giulietta']",Torre Lamberti,strategy_nearest,False,0.003226041793823242,success
049015429C4C84,3,"['San Fermo', 'Duomo']",Torre Lamberti,"['Sighseeing', 'Centro Fotografia', 'Museo Conte', 'Casa Giulietta', 'Palazzo della Ragione']",Casa Giulietta,strategy_nearest,True,0.0014352798461914062,success
049017429C4C84,1,"['Arena', 'Museo Lapidario', 'Castelvecchio', 'San Zeno']",Casa Giulietta,"['Centro Fotografia', 'Sighseeing', 'Torre Lamberti', 'Museo Conte', 'Museo Radio']",Palazzo della Ragione,strategy_nearest,False,0.003370046615600586,success
04901F3A9C4C84,2,['Torre Lamberti'],Teatro Romano,"['Santa Anastasia', 'Duomo', 'AMO', 'Palazzo della Ragione', 'Museo Conte']",Casa Giulietta,strategy_nearest,False,0.0013871192932128906,success
04901B3A9C4C84,3,['Arena'],Santa Anastasia,"['AMO', 'Museo Conte', 'Palazzo della Ragione', 'Teatro Romano', 'Centro Fotografia']",Duomo,strategy_nearest,False,0.0027430057525634766,success
049021429C4C84,0,"['Arena', 'Castelvecchio']",San Zeno,"['Verona Tour', 'Museo Lapidario', 'Museo Miniscalchi', 'Sighseeing', 'Museo Radio']",Casa Giulietta,strategy_nearest,False,0.0033118724822998047,success
0490223A9C4C80,0,"['Castelvecchio', 'Casa Giulietta']",Torre Lamberti,"['Sighseeing', 'Centro Fotografia', 'Museo Conte', 'Palazzo della Ragione', 'AMO']",Teatro Romano,strategy_nearest,False,0.0024182796478271484,success
049027429C4C84,1,"['Torre Lamberti', 'Palazzo della Ragione']",Castelvecchio,"['Museo Lapidario', 'Verona Tour', 'Arena', 'Museo Radio', 'San Zeno']",Casa Giulietta,strategy_nearest,False,0.0017490386962890625,success
04902B429C4C80,1,['Torre Lamberti'],Palazzo della Ragione,"['AMO', 'Museo Conte', 'Centro Fotografia', 'Sighseeing', 'Santa Anastasia']",Santa Anastasia,strategy_nearest,True,0.0035581588745117188,success
0490363A9C4C80,0,"['Torre Lamberti', 'Casa Giulietta']",Teatro Romano,"['Santa Anastasia', 'Duomo', 'AMO', 'Palazzo della Ragione', 'Museo Conte']",Arena,strategy_nearest,False,0.0022530555725097656,success
049033429C4C80,3,['Arena'],Torre Lamberti,"['Sighseeing', 'Centro Fotografia', 'Museo Conte', 'Casa Giulietta', 'Palazzo della Ragione']",Santa Anastasia,strategy_nearest,False,0.0031690597534179688,success
0490354A9C4C80,1,"['Arena', 'Castelvecchio', 'Casa Giulietta', 'Tomba Giulietta']",Duomo,"['AMO', 'Museo Miniscalchi', 'Santa Anastasia', 'Teatro Romano', 'Palazzo della Ragione']",Santa Anastasia,strategy_nearest,True,0.0033109188079833984,success
049054429C4C80,3,"['Arena', 'Castelvecchio', 'San Zeno']",San Fermo,"['Museo Storia', 'Museo Radio', 'Casa Giulietta', 'Centro Fotografia', 'Sighseeing']",Torre Lamberti,strategy_nearest,False,0.0020012855529785156,success
049053429C4C80,1,['Arena'],Torre Lamberti,"['Sighseeing', 'Centro Fotografia', 'Museo Conte', 'Casa Giulietta', 'Palazzo della Ragione']",Palazzo della Ragione,strategy_nearest,True,0.002737283706665039,success
049052429C4C80,3,"['Arena', 'Castelvecchio']",Casa Giulietta,"['Centro Fotografia', 'Sighseeing', 'Torre Lamberti', 'Museo Conte', 'Museo Radio']",Santa Anastasia,strategy_nearest,False,0.0021440982818603516,success
04903A429C4C80,3,"['Arena', 'Casa Giulietta']",Santa Anastasia,"['AMO', 'Museo Conte', 'Palazzo della Ragione', 'Teatro Romano', 'Centro Fotografia']",Teatro Romano,strategy_nearest,True,0.004670143127441406,success
049071429C4C80,2,"['Museo Storia', 'San Fermo']",Santa Anastasia,"['AMO', 'Museo Conte', 'Palazzo della Ragione', 'Teatro Romano', 'Centro Fotografia']",San Zeno,strategy_nearest,False,0.0014998912811279297,success
04905A3A9C4C80,2,"['Giardino Giusti', 'Castelvecchio']",Casa Giulietta,"['Centro Fotografia', 'Sighseeing', 'Torre Lamberti', 'Museo Conte', 'Museo Radio']",Duomo,strategy_nearest,False,0.002841949462890625,success
0490663A9C4C80,1,"['Torre Lamberti', 'Palazzo della Ragione', 'Casa Giulietta', 'Santa Anastasia']",Arena,"['Verona Tour', 'Museo Lapidario', 'Museo Radio', 'San Fermo', 'Sighseeing']",San Fermo,strategy_nearest,True,0.003403902053833008,success
049088429C4C80,1,"['Arena', 'Castelvecchio', 'Duomo']",Santa Anastasia,"['AMO', 'Museo Conte', 'Palazzo della Ragione', 'Teatro Romano', 'Centro Fotografia']",Casa Giulietta,strategy_nearest,False,0.003359079360961914,success
0490944A9C4C80,0,['Arena'],Casa Giulietta,"['Centro Fotografia', 'Sighseeing', 'Torre Lamberti', 'Museo Conte', 'Museo Radio']",Tomba Giulietta,strategy_nearest,False,0.002730131149291992,success
04908D429C4C80,3,"['Arena', 'Casa Giulietta']",Torre Lamberti,"['Sighseeing', 'Centro Fotografia', 'Museo Conte', 'Palazzo della Ragione', 'AMO']",Santa Anastasia,strategy_nearest,False,0.0019440650939941406,success
04909A429C4C80,3,['Torre Lamberti'],Casa Giulietta,"['Centro Fotografia', 'Sighseeing', 'Museo Conte', 'Museo Radio', 'Palazzo della Ragione']",Arena,strategy_nearest,False,0.002727985382080078,success
0490A24A9C4C80,0,['Museo Lapidario'],Arena,"['Verona Tour', 'Museo Radio', 'San Fermo', 'Casa Giulietta', 'Sighseeing']",Castelvecchio,strategy_nearest,False,0.003242969512939453,success
0490A8429C4C80,0,['Arena'],Casa Giulietta,"['Centro Fotografia', 'Sighseeing', 'Torre Lamberti', 'Museo Conte', 'Museo Radio']",Teatro Romano,strategy_nearest,False,0.0032987594604492188,success
0490AD3A9C4C80,0,['Arena'],Museo Lapidario,"['Verona Tour', 'Castelvecchio', 'Museo Radio', 'San Fermo', 'Casa Giulietta']",Castelvecchio,strategy_nearest,True,0.002557992935180664,success
0490A73A9C4C80,0,['Arena'],Torre Lamberti,"['Sighseeing', 'Centro Fotografia', 'Museo Conte', 'Casa Giulietta', 'Palazzo della Ragione']",Duomo,strategy_nearest,False,0.004663228988647461,success
0490A93A9C4C80,0,['Castelvecchio'],Casa Giulietta,"['Centro Fotografia', 'Sighseeing', 'Torre Lamberti', 'Museo Conte', 'Museo Radio']",Arena,strategy_nearest,False,0.0014448165893554688,success
0490AE3A9C4C80,3,"['Casa Giulietta', 'Tomba Giulietta', 'Arena']",Castelvecchio,"['Museo Lapidario', 'Verona Tour', 'Museo Radio', 'San Zeno', 'Sighseeing']",Torre Lamberti,strategy_nearest,False,0.002457141876220703,success
0490B73A9C4C80,0,"['Arena', 'Casa Giulietta']",Teatro Romano,"['Santa Anastasia', 'Duomo', 'AMO', 'Palazzo della Ragione', 'Museo Conte']",Duomo,strategy_nearest,True,0.002791166305541992,success
0490C0429C4C80,0,['Arena'],Casa Giulietta,"['Centro Fotografia', 'Sighseeing', 'Torre Lamberti', 'Museo Conte', 'Museo Radio']",Castelvecchio,strategy_nearest,False,0.00341796875,success
0490CB3A9C4C80,3,"['Arena', 'Casa Giulietta']",Santa Anastasia,"['AMO', 'Museo Conte', 'Palazzo della Ragione', 'Teatro Romano', 'Centro Fotografia']",Duomo,strategy_nearest,False,0.0026171207427978516,success
0490E53A9C4C80,3,"['Arena', 'Castelvecchio']",San Zeno,"['Verona Tour', 'Museo Lapidario', 'Museo Miniscalchi', 'Sighseeing', 'Museo Radio']",Tomba Giulietta,strategy_nearest,False,0.0032711029052734375,success
0490E43A9C4C80,0,"['Arena', 'Casa Giulietta']",Museo Lapidario,"['Verona Tour', 'Castelvecchio', 'Museo Radio', 'San Fermo', 'Tomba Giulietta']",Torre Lamberti,strategy_nearest,False,0.003143310546875,success
0490E6BA7B3F80,1,"['Tomba Giulietta', 'Casa Giulietta']",Arena,"['Verona Tour', 'Museo Lapidario', 'Museo Radio', 'San Fermo', 'Sighseeing']",Torre Lamberti,strategy_nearest,False,0.002894878387451172,success
0491003A9C4C84,0,['Arena'],Castelvecchio,"['Museo Lapidario', 'Verona Tour', 'Museo Radio', 'San Zeno', 'Sighseeing']",Casa Giulietta,strategy_nearest,False,0.0032501220703125,success
049104429C4C84,2,"['Teatro Romano', 'Casa Giulietta', 'Giardino Giusti']",Torre Lamberti,"['Sighseeing', 'Centro Fotografia', 'Museo Conte', 'Palazzo della Ragione', 'AMO']",Palazzo della Ragione,strategy_nearest,True,0.002457857131958008,success
049107429C4C84,1,"['Teatro Romano', 'Casa Giulietta']",Tomba Giulietta,"['San Fermo', 'Museo Storia', 'Arena', 'Museo Lapidario', 'Museo Radio']",Arena,strategy_nearest,True,0.0025098323822021484,success
0491143A9C4C84,1,"['Arena', 'Casa Giulietta', 'Torre Lamberti']",Palazzo della Ragione,"['AMO', 'Museo Conte', 'Centro Fotografia', 'Sighseeing', 'Santa Anastasia']",Santa Anastasia,strategy_nearest,True,0.0027561187744140625,success
0491163A9C4C80,0,['Arena'],Casa Giulietta,"['Centro Fotografia', 'Sighseeing', 'Torre Lamberti', 'Museo Conte', 'Museo Radio']",Teatro Romano,strategy_nearest,False,0.0031418800354003906,success
049116429C4C84,0,['Castelvecchio'],Arena,"['Verona Tour', 'Museo Lapidario', 'Museo Radio', 'San Fermo', 'Casa Giulietta']",Teatro Romano,strategy_nearest,False,0.002665996551513672,success
0491173A9C4C84,3,"['Arena', 'Santa Anastasia']",Duomo,"['AMO', 'Museo Miniscalchi', 'Teatro Romano', 'Palazzo della Ragione', 'Museo Conte']",Casa Giulietta,strategy_nearest,False,0.0028448104858398438,success
049117429C4C84,1,"['Castelvecchio', 'Arena', 'Torre Lamberti']",Palazzo della Ragione,"['AMO', 'Museo Conte', 'Centro Fotografia', 'Sighseeing', 'Santa Anastasia']",Casa Giulietta,strategy_nearest,False,0.0022361278533935547,success
04911A3A9C4C80,0,['Castelvecchio'],Casa Giulietta,"['Centro Fotografia', 'Sighseeing', 'Torre Lamberti', 'Museo Conte', 'Museo Radio']",Arena,strategy_nearest,False,0.0028259754180908203,success
0491224A9C4C80,1,"['Arena', 'Casa Giulietta', 'Torre Lamberti', 'Palazzo della Ragione']",Castelvecchio,"['Museo Lapidario', 'Verona Tour', 'Museo Radio', 'San Zeno', 'Sighseeing']",Tomba Giulietta,strategy_nearest,False,0.0021088123321533203,success
0491273A9C4C80,3,"['Castelvecchio', 'Torre Lamberti']",Duomo,"['AMO', 'Museo Miniscalchi', 'Santa Anastasia', 'Teatro Romano', 'Palazzo della Ragione']",Arena,strategy_nearest,False,0.002457141876220703,success
0491274A9C4C80,0,"['Castelvecchio', 'Teatro Romano']",Arena,"['Verona Tour', 'Museo Lapidario', 'Museo Radio', 'San Fermo', 'Casa Giulietta']",Torre Lamberti,strategy_nearest,False,0.0025620460510253906,success
0491283A9C4C80,3,"['Castelvecchio', 'San Zeno', 'Arena']",Torre Lamberti,"['Sighseeing', 'Centro Fotografia', 'Museo Conte', 'Casa Giulietta', 'Palazzo della Ragione']",San Fermo,strategy_nearest,False,0.0030469894409179688,success
04912C429C4C80,2,"['Tomba Giulietta', 'Casa Giulietta']",Museo Lapidario,"['Verona Tour', 'Arena', 'Castelvecchio', 'Museo Radio', 'San Fermo']",Palazzo della Ragione,strategy_nearest,False,0.0026519298553466797,success
0491353A9C4C80,0,"['Castelvecchio', 'Arena']",Casa Giulietta,"['Centro Fotografia', 'Sighseeing', 'Torre Lamberti', 'Museo Conte', 'Museo Radio']",Teatro Romano,strategy_nearest,False,0.0022280216217041016,success
049143C27B3F80,3,"['San Fermo', 'San Zeno']",Teatro Romano,"['Santa Anastasia', 'Duomo', 'AMO', 'Palazzo della Ragione', 'Museo Conte']",Arena,strategy_nearest,False,0.0042858123779296875,success
0491314A9C4C80,2,"['Duomo', 'San Fermo']",Santa Anastasia,"['AMO', 'Museo Conte', 'Palazzo della Ragione', 'Teatro Romano', 'Centro Fotografia']",Teatro Romano,strategy_nearest,True,0.0034987926483154297,success
0491453A9C4C80,3,"['Santa Anastasia', 'Duomo', 'San Zeno']",Castelvecchio,"['Museo Lapidario', 'Verona Tour', 'Arena', 'Museo Radio', 'Sighseeing']",Arena,strategy_nearest,True,0.003530263900756836,success
04914F429C4C80,3,"['Arena', 'San Fermo', 'Castelvecchio', 'San Zeno']",Museo Lapidario,"['Verona Tour', 'Museo Radio', 'Casa Giulietta', 'Tomba Giulietta', 'Sighseeing']",Casa Giulietta,strategy_nearest,True,0.0034630298614501953,success
0491553A9C4C80,3,"['Castelvecchio', 'Santa Anastasia', 'Duomo', 'Teatro Romano']",Giardino Giusti,"['Museo Conte', 'Centro Fotografia', 'Museo Storia', 'AMO', 'Casa Giulietta']",San Zeno,strategy_nearest,False,0.002199888229370117,success
04914FC27B3F80,0,"['San Fermo', 'Torre Lamberti']",Casa Giulietta,"['Centro Fotografia', 'Sighseeing', 'Museo Conte', 'Museo Radio', 'Palazzo della Ragione']",Arena,strategy_nearest,False,0.0015788078308105469,success
04915BC27B3F80,0,"['San Fermo', 'Torre Lamberti']",Casa Giulietta,"['Centro Fotografia', 'Sighseeing', 'Museo Conte', 'Museo Radio', 'Palazzo della Ragione']",Arena,strategy_nearest,False,0.0026450157165527344,success
049167C27B3F80,0,"['Museo Storia', 'Giardino Giusti']",Arena,"['Verona Tour', 'Museo Lapidario', 'Museo Radio', 'San Fermo', 'Casa Giulietta']",Castelvecchio,strategy_nearest,False,0.0015320777893066406,success
049163429C4C80,3,['Arena'],Santa Anastasia,"['AMO', 'Museo Conte', 'Palazzo della Ragione', 'Teatro Romano', 'Centro Fotografia']",Duomo,strategy_nearest,False,0.0021822452545166016,success
0491603A9C4C80,6,['Verona Tour'],San Fermo,"['Museo Storia', 'Museo Radio', 'Casa Giulietta', 'Centro Fotografia', 'Arena']",Santa Anastasia,strategy_nearest,False,0.002897024154663086,success
049170429C4C80,3,"['Casa Giulietta', 'Santa Anastasia']",Duomo,"['AMO', 'Museo Miniscalchi', 'Teatro Romano', 'Palazzo della Ragione', 'Museo Conte']",Castelvecchio,strategy_nearest,False,0.0034329891204833984,success
0491713A9C4C80,3,"['Torre Lamberti', 'Santa Anastasia']",Duomo,"['AMO', 'Museo Miniscalchi', 'Teatro Romano', 'Palazzo della Ragione', 'Museo Conte']",Casa Giulietta,strategy_nearest,False,0.0024919509887695312,success
0491733A9C4C80,2,['Castelvecchio'],Torre Lamberti,"['Sighseeing', 'Centro Fotografia', 'Museo Conte', 'Casa Giulietta', 'Palazzo della Ragione']",Santa Anastasia,strategy_nearest,False,0.0025038719177246094,success
04917A4A9C4C80,0,['Arena'],Casa Giulietta,"['Centro Fotografia', 'Sighseeing', 'Torre Lamberti', 'Museo Conte', 'Museo Radio']",Torre Lamberti,strategy_nearest,True,0.0018110275268554688,success
049173C27B3F80,0,"['Museo Storia', 'Giardino Giusti']",Casa Giulietta,"['Centro Fotografia', 'Sighseeing', 'Torre Lamberti', 'Museo Conte', 'Museo Radio']",Arena,strategy_nearest,False,0.003301858901977539,success
04917FC27B3F80,3,"['Casa Giulietta', 'Duomo', 'Castelvecchio']",Tomba Giulietta,"['San Fermo', 'Museo Storia', 'Arena', 'Museo Lapidario', 'Museo Radio']",Arena,strategy_nearest,True,0.003217935562133789,success
04917D4A9C4C80,1,"['Arena', 'Museo Lapidario', 'Castelvecchio']",San Zeno,"['Verona Tour', 'Museo Miniscalchi', 'Sighseeing', 'Museo Radio', 'Torre Lamberti']",Torre Lamberti,strategy_nearest,True,0.003414154052734375,success
04918B429C4C80,1,['San Fermo'],Santa Anastasia,"['AMO', 'Museo Conte', 'Palazzo della Ragione', 'Teatro Romano', 'Centro Fotografia']",Arena,strategy_nearest,False,0.0026586055755615234,success
04918BC27B3F80,3,"['San Fermo', 'Casa Giulietta', 'San Zeno']",Teatro Romano,"['Santa Anastasia', 'Duomo', 'AMO', 'Palazzo della Ragione', 'Museo Conte']",Arena,strategy_nearest,False,0.002870798110961914,success
04918C3A9C4C80,3,['Arena'],Santa Anastasia,"['AMO', 'Museo Conte', 'Palazzo della Ragione', 'Teatro Romano', 'Centro Fotografia']",Duomo,strategy_nearest,False,0.0026209354400634766,success
04918E4A9C4C80,1,"['Casa Giulietta', 'Palazzo della Ragione']",Torre Lamberti,"['Sighseeing', 'Centro Fotografia', 'Museo Conte', 'AMO', 'Museo Miniscalchi']",Duomo,strategy_nearest,False,0.003152132034301758,success
04918F3A9C4C80,3,['Arena'],Torre Lamberti,"['Sighseeing', 'Centro Fotografia', 'Museo Conte', 'Casa Giulietta', 'Palazzo della Ragione']",Duomo,strategy_nearest,False,0.003248929977416992,success
0491944A9C4C80,3,['Arena'],Torre Lamberti,"['Sighseeing', 'Centro Fotografia', 'Museo Conte', 'Casa Giulietta', 'Palazzo della Ragione']",Santa Anastasia,strategy_nearest,False,0.0029180049896240234,success
049199429C4C80,0,['Arena'],Castelvecchio,"['Museo Lapidario', 'Verona Tour', 'Museo Radio', 'San Zeno', 'Sighseeing']",Torre Lamberti,strategy_nearest,False,0.002180814743041992,success
0491A44A9C4C80,1,"['Arena', 'Torre Lamberti', 'Palazzo della Ragione']",Santa Anastasia,"['AMO', 'Museo Conte', 'Teatro Romano', 'Centro Fotografia', 'Duomo']",Duomo,strategy_nearest,True,0.0031349658966064453,success
0491A84A9C4C80,0,['Arena'],Torre Lamberti,"['Sighseeing', 'Centro Fotografia', 'Museo Conte', 'Casa Giulietta', 'Palazzo della Ragione']",Casa Giulietta,strategy_nearest,True,0.0027561187744140625,success
0491A74A9C4C80,3,"['Arena', 'Castelvecchio', 'San Zeno']",Casa Giulietta,"['Centro Fotografia', 'Sighseeing', 'Torre Lamberti', 'Museo Conte', 'Museo Radio']",Santa Anastasia,strategy_nearest,False,0.0020868778228759766,success
0491AE429C4C80,1,"['Arena', 'Casa Giulietta', 'Torre Lamberti']",Palazzo della Ragione,"['AMO', 'Museo Conte', 'Centro Fotografia', 'Sighseeing', 'Santa Anastasia']",Santa Anastasia,strategy_nearest,True,0.003283977508544922,success
0491B53A9C4C80,0,"['Arena', 'Casa Giulietta']",Torre Lamberti,"['Sighseeing', 'Centro Fotografia', 'Museo Conte', 'Palazzo della Ragione', 'AMO']",Teatro Romano,strategy_nearest,False,0.0031349658966064453,success
0491B43A9C4C80,1,"['Arena', 'Casa Giulietta']",Castelvecchio,"['Museo Lapidario', 'Verona Tour', 'Museo Radio', 'San Zeno', 'Sighseeing']",Torre Lamberti,strategy_nearest,False,0.002537965774536133,success
0491AF429C4C80,3,['Arena'],Santa Anastasia,"['AMO', 'Museo Conte', 'Palazzo della Ragione', 'Teatro Romano', 'Centro Fotografia']",Duomo,strategy_nearest,False,0.003445148468017578,success
0491B6429C4C80,3,"['Santa Anastasia', 'Arena']",Teatro Romano,"['Duomo', 'AMO', 'Palazzo della Ragione', 'Museo Conte', 'Centro Fotografia']",Casa Giulietta,strategy_nearest,False,0.0028998851776123047,success
0491BB3A9C4C80,0,"['Arena', 'Castelvecchio']",Duomo,"['AMO', 'Museo Miniscalchi', 'Santa Anastasia', 'Teatro Romano', 'Palazzo della Ragione']",Torre Lamberti,strategy_nearest,False,0.002646923065185547,success
0491BD429C4C80,2,"['Museo Lapidario', 'Castelvecchio']",Casa Giulietta,"['Centro Fotografia', 'Sighseeing', 'Torre Lamberti', 'Museo Conte', 'Museo Radio']",Duomo,strategy_nearest,False,0.0018329620361328125,success
0491BF429C4C80,0,['Arena'],Torre Lamberti,"['Sighseeing', 'Centro Fotografia', 'Museo Conte', 'Casa Giulietta', 'Palazzo della Ragione']",Casa Giulietta,strategy_nearest,True,0.0028290748596191406,success
0491C33A9C4C80,3,"['Arena', 'Museo Lapidario', 'Castelvecchio']",Casa Giulietta,"['Centro Fotografia', 'Sighseeing', 'Torre Lamberti', 'Museo Conte', 'Museo Radio']",Torre Lamberti,strategy_nearest,True,0.002115964889526367,success
0491C03A9C4C80,3,"['Torre Lamberti', 'Casa Giulietta']",Santa Anastasia,"['AMO', 'Museo Conte', 'Palazzo della Ragione', 'Teatro Romano', 'Centro Fotografia']",Duomo,strategy_nearest,False,0.00400996208190918,success
0491C5BA7B3F80,1,"['Tomba Giulietta', 'Casa Giulietta', 'Arena']",Torre Lamberti,"['Sighseeing', 'Centro Fotografia', 'Museo Conte', 'Palazzo della Ragione', 'AMO']",Palazzo della Ragione,strategy_nearest,True,0.0033838748931884766,success
0491CD3A9C4C80,0,['San Fermo'],Arena,"['Verona Tour', 'Museo Lapidario', 'Museo Radio', 'Casa Giulietta', 'Sighseeing']",Casa Giulietta,strategy_nearest,True,0.0038619041442871094,success
0491D13A9C4C80,3,['Arena'],Duomo,"['AMO', 'Museo Miniscalchi', 'Santa Anastasia', 'Teatro Romano', 'Palazzo della Ragione']",Santa Anastasia,strategy_nearest,True,0.0025370121002197266,success
0491CD429C4C80,0,"['Torre Lamberti', 'Casa Giulietta']",Teatro Romano,"['Santa Anastasia', 'Duomo', 'AMO', 'Palazzo della Ragione', 'Museo Conte']",Arena,strategy_nearest,False,0.00197601318359375,success
049200429C4C84,0,"['Teatro Romano', 'Giardino Giusti']",Arena,"['Verona Tour', 'Museo Lapidario', 'Museo Radio', 'San Fermo', 'Casa Giulietta']",Tomba Giulietta,strategy_nearest,False,0.002132892608642578,success
049207429C4C84,1,"['Arena', 'Tomba Giulietta', 'Casa Giulietta']",Palazzo della Ragione,"['AMO', 'Museo Conte', 'Torre Lamberti', 'Centro Fotografia', 'Sighseeing']",Torre Lamberti,strategy_nearest,True,0.002758026123046875,success
0491DC3A9C4C80,3,"['Arena', 'San Fermo', 'Casa Giulietta', 'Torre Lamberti']",Duomo,"['AMO', 'Museo Miniscalchi', 'Santa Anastasia', 'Teatro Romano', 'Palazzo della Ragione']",Teatro Romano,strategy_nearest,True,0.0030138492584228516,success
0492103A9C4C80,1,['Torre Lamberti'],Arena,"['Verona Tour', 'Museo Lapidario', 'Museo Radio', 'San Fermo', 'Casa Giulietta']",Santa Anastasia,strategy_nearest,False,0.003070831298828125,success
0492163A9C4C80,0,['Casa Giulietta'],Duomo,"['AMO', 'Museo Miniscalchi', 'Santa Anastasia', 'Teatro Romano', 'Palazzo della Ragione']",Arena,strategy_nearest,False,0.0027441978454589844,success
049220429C4C80,0,"['Arena', 'Torre Lamberti']",Duomo,"['AMO', 'Museo Miniscalchi', 'Santa Anastasia', 'Teatro Romano', 'Palazzo della Ragione']",Tomba Giulietta,strategy_nearest,False,0.003185272216796875,success
04921A3A9C4C84,1,"['Museo Lapidario', 'Arena', 'San Fermo', 'Palazzo della Ragione', 'Santa Anastasia']",Teatro Romano,"['Duomo', 'AMO', 'Museo Conte', 'Centro Fotografia', 'Museo Miniscalchi']",Duomo,strategy_nearest,True,0.0026350021362304688,success
049211429C4C84,3,"['Castelvecchio', 'Arena', 'Museo Lapidario']",Torre Lamberti,"['Sighseeing', 'Centro Fotografia', 'Museo Conte', 'Casa Giulietta', 'Palazzo della Ragione']",Casa Giulietta,strategy_nearest,True,0.002176046371459961,success
04922A429C4C84,3,"['Arena', 'Casa Giulietta']",Torre Lamberti,"['Sighseeing', 'Centro Fotografia', 'Museo Conte', 'Palazzo della Ragione', 'AMO']",Santa Anastasia,strategy_nearest,False,0.001373291015625,success
0492224A9C4C80,3,"['Castelvecchio', 'Santa Anastasia']",Teatro Romano,"['Duomo', 'AMO', 'Palazzo della Ragione', 'Museo Conte', 'Centro Fotografia']",Arena,strategy_nearest,False,0.002246856689453125,success
04922E429C4C80,3,"['Torre Lamberti', 'San Fermo', 'Arena']",Santa Anastasia,"['AMO', 'Museo Conte', 'Palazzo della Ragione', 'Teatro Romano', 'Centro Fotografia']",Giardino Giusti,strategy_nearest,False,0.0023889541625976562,success
04922B3A9C4C80,3,"['Casa Giulietta', 'Arena', 'Tomba Giulietta']",Santa Anastasia,"['AMO', 'Museo Conte', 'Palazzo della Ragione', 'Teatro Romano', 'Centro Fotografia']",Duomo,strategy_nearest,False,0.0034339427947998047,success
049235429C4C80,2,"['Casa Giulietta', 'Torre Lamberti']",Palazzo della Ragione,"['AMO', 'Museo Conte', 'Centro Fotografia', 'Sighseeing', 'Santa Anastasia']",San Zeno,strategy_nearest,False,0.0024230480194091797,success
0492354A9C4C80,1,"['San Zeno', 'Castelvecchio']",Arena,"['Verona Tour', 'Museo Lapidario', 'Museo Radio', 'San Fermo', 'Casa Giulietta']",Palazzo della Ragione,strategy_nearest,False,0.002986907958984375,success
04923F429C4C80,2,['Santa Anastasia'],Torre Lamberti,"['Sighseeing', 'Centro Fotografia', 'Museo Conte', 'Casa Giulietta', 'Palazzo della Ragione']",Casa Giulietta,strategy_nearest,True,0.0033118724822998047,success
04923C3A9C4C80,0,"['Casa Giulietta', 'Torre Lamberti']",San Zeno,"['Castelvecchio', 'Verona Tour', 'Museo Lapidario', 'Arena', 'Museo Miniscalchi']",Castelvecchio,strategy_nearest,True,0.0027611255645751953,success
0492413A9C4C80,0,"['Arena', 'Casa Giulietta']",Castelvecchio,"['Museo Lapidario', 'Verona Tour', 'Museo Radio', 'San Zeno', 'Sighseeing']",Teatro Romano,strategy_nearest,False,0.0026061534881591797,success
04924D3A9C4C80,3,"['Arena', 'Teatro Romano']",Duomo,"['AMO', 'Museo Miniscalchi', 'Santa Anastasia', 'Palazzo della Ragione', 'Museo Conte']",Castelvecchio,strategy_nearest,False,0.0030107498168945312,success
04924F3A9C4C80,0,['Arena'],Casa Giulietta,"['Centro Fotografia', 'Sighseeing', 'Torre Lamberti', 'Museo Conte', 'Museo Radio']",Casa Giulietta,strategy_nearest,False,0.0027480125427246094,success
049255429C4C80,3,"['Casa Giulietta', 'Santa Anastasia']",Duomo,"['AMO', 'Museo Miniscalchi', 'Teatro Romano', 'Palazzo della Ragione', 'Museo Conte']",Torre Lamberti,strategy_nearest,False,0.003297090530395508,success
049257429C4C80,3,"['Arena', 'Casa Giulietta']",Torre Lamberti,"['Sighseeing', 'Centro Fotografia', 'Museo Conte', 'Palazzo della Ragione', 'AMO']",Santa Anastasia,strategy_nearest,False,0.003936052322387695,success
049265429C4C80,2,"['Casa Giulietta', 'Torre Lamberti']",Santa Anastasia,"['AMO', 'Museo Conte', 'Palazzo della Ragione', 'Teatro Romano', 'Centro Fotografia']",San Fermo,strategy_nearest,False,0.0023529529571533203,success
049268429C4C80,3,"['Tomba Giulietta', 'Arena', 'Casa Giulietta']",Santa Anastasia,"['AMO', 'Museo Conte', 'Palazzo della Ragione', 'Teatro Romano', 'Centro Fotografia']",Torre Lamberti,strategy_nearest,False,0.002647876739501953,success
04926C429C4C80,3,"['Arena', 'Castelvecchio', 'San Zeno']",Teatro Romano,"['Santa Anastasia', 'Duomo', 'AMO', 'Palazzo della Ragione', 'Museo Conte']",Duomo,strategy_nearest,True,0.003354787826538086,success
049269429C4C80,3,"['Arena', 'Casa Giulietta']",Torre Lamberti,"['Sighseeing', 'Centro Fotografia', 'Museo Conte', 'Palazzo della Ragione', 'AMO']",Santa Anastasia,strategy_nearest,False,0.0033648014068603516,success
0492773A9C4C80,0,"['Castelvecchio', 'Casa Giulietta']",Teatro Romano,"['Santa Anastasia', 'Duomo', 'AMO', 'Palazzo della Ragione', 'Museo Conte']",Arena,strategy_nearest,False,0.002470254898071289,success
04927B4A9C4C80,0,"['Arena', 'Casa Giulietta']",Teatro Romano,"['Santa Anastasia', 'Duomo', 'AMO', 'Palazzo della Ragione', 'Museo Conte']",Museo Storia,strategy_nearest,False,0.0026807785034179688,success
049279C27B3F80,3,"['San Fermo', 'Casa Giulietta', 'San Zeno']",Teatro Romano,"['Santa Anastasia', 'Duomo', 'AMO', 'Palazzo della Ragione', 'Museo Conte']",Arena,strategy_nearest,False,0.0021178722381591797,success
04927C3A9C4C80,3,"['Arena', 'Museo Lapidario', 'Castelvecchio']",San Zeno,"['Verona Tour', 'Museo Miniscalchi', 'Sighseeing', 'Museo Radio', 'Torre Lamberti']",Casa Giulietta,strategy_nearest,False,0.0014240741729736328,success
0492783A9C4C80,3,"['Arena', 'Torre Lamberti']",Santa Anastasia,"['AMO', 'Museo Conte', 'Palazzo della Ragione', 'Teatro Romano', 'Centro Fotografia']",Duomo,strategy_nearest,False,0.004555940628051758,success
0492843A9C4C80,0,['Arena'],Casa Giulietta,"['Centro Fotografia', 'Sighseeing', 'Torre Lamberti', 'Museo Conte', 'Museo Radio']",Santa Anastasia,strategy_nearest,False,0.0022039413452148438,success
049287429C4C80,0,['Arena'],Casa Giulietta,"['Centro Fotografia', 'Sighseeing', 'Torre Lamberti', 'Museo Conte', 'Museo Radio']",Torre Lamberti,strategy_nearest,True,0.0014116764068603516,success
04928A3A9C4C80,0,['Arena'],Casa Giulietta,"['Centro Fotografia', 'Sighseeing', 'Torre Lamberti', 'Museo Conte', 'Museo Radio']",Torre Lamberti,strategy_nearest,True,0.0026788711547851562,success
04928B3A9C4C80,3,"['Arena', 'Castelvecchio']",Casa Giulietta,"['Centro Fotografia', 'Sighseeing', 'Torre Lamberti', 'Museo Conte', 'Museo Radio']",Santa Anastasia,strategy_nearest,False,0.0033979415893554688,success
049291429C4C80,0,['Arena'],Castelvecchio,"['Museo Lapidario', 'Verona Tour', 'Museo Radio', 'San Zeno', 'Sighseeing']",San Zeno,strategy_nearest,True,0.0018851757049560547,success
0492914A9C4C80,0,['Arena'],Castelvecchio,"['Museo Lapidario', 'Verona Tour', 'Museo Radio', 'San Zeno', 'Sighseeing']",Casa Giulietta,strategy_nearest,False,0.003330707550048828,success
0492904A9C4C80,3,"['Casa Giulietta', 'Torre Lamberti']",Duomo,"['AMO', 'Museo Miniscalchi', 'Santa Anastasia', 'Teatro Romano', 'Palazzo della Ragione']",Tomba Giulietta,strategy_nearest,False,0.002624034881591797,success
04929F4A9C4C80,1,['Arena'],Torre Lamberti,"['Sighseeing', 'Centro Fotografia', 'Museo Conte', 'Casa Giulietta', 'Palazzo della Ragione']",Palazzo della Ragione,strategy_nearest,True,0.0037190914154052734,success
04929E4A9C4C80,1,"['Arena', 'Casa Giulietta', 'Torre Lamberti']",Palazzo della Ragione,"['AMO', 'Museo Conte', 'Centro Fotografia', 'Sighseeing', 'Santa Anastasia']",Santa Anastasia,strategy_nearest,True,0.002914905548095703,success
0492AC3A9C4C80,3,['Arena'],Santa Anastasia,"['AMO', 'Museo Conte', 'Palazzo della Ragione', 'Teatro Romano', 'Centro Fotografia']",Duomo,strategy_nearest,False,0.0024280548095703125,success
0492AB3A9C4C80,0,['Casa Giulietta'],Torre Lamberti,"['Sighseeing', 'Centro Fotografia', 'Museo Conte', 'Palazzo della Ragione', 'AMO']",Arena,strategy_nearest,False,0.0018928050994873047,success
0492B83A9C4C80,0,['Arena'],Casa Giulietta,"['Centro Fotografia', 'Sighseeing', 'Torre Lamberti', 'Museo Conte', 'Museo Radio']",Tomba Giulietta,strategy_nearest,False,0.0015320777893066406,success
0492BF3A9C4C80,3,"['Arena', 'Casa Giulietta']",Torre Lamberti,"['Sighseeing', 'Centro Fotografia', 'Museo Conte', 'Palazzo della Ragione', 'AMO']",Santa Anastasia,strategy_nearest,False,0.003203153610229492,success
0492BA3A9C4C80,1,"['Arena', 'Casa Giulietta', 'Torre Lamberti']",Palazzo della Ragione,"['AMO', 'Museo Conte', 'Centro Fotografia', 'Sighseeing', 'Santa Anastasia']",Duomo,strategy_nearest,False,0.002686023712158203,success
0492B53A9C4C80,1,"['Arena', 'Casa Giulietta']",Torre Lamberti,"['Sighseeing', 'Centro Fotografia', 'Museo Conte', 'Palazzo della Ragione', 'AMO']",Palazzo della Ragione,strategy_nearest,True,0.002151012420654297,success
0492C13A9C4C80,2,"['Teatro Romano', 'Torre Lamberti']",Casa Giulietta,"['Centro Fotografia', 'Sighseeing', 'Museo Conte', 'Museo Radio', 'Palazzo della Ragione']",Duomo,strategy_nearest,False,0.0022017955780029297,success
0492C1429C4C80,3,"['Tomba Giulietta', 'Arena', 'Castelvecchio']",San Zeno,"['Verona Tour', 'Museo Lapidario', 'Museo Miniscalchi', 'Sighseeing', 'Museo Radio']",Duomo,strategy_nearest,False,0.0015590190887451172,success
0492C4429C4C80,3,"['Arena', 'Museo Lapidario', 'Casa Giulietta']",Torre Lamberti,"['Sighseeing', 'Centro Fotografia', 'Museo Conte', 'Palazzo della Ragione', 'AMO']",Duomo,strategy_nearest,False,0.0027649402618408203,success
0492C73A9C4C80,3,['Duomo'],San Zeno,"['Castelvecchio', 'Verona Tour', 'Museo Lapidario', 'Arena', 'Museo Miniscalchi']",Arena,strategy_nearest,True,0.003287076950073242,success
0492C8429C4C80,0,['Arena'],Castelvecchio,"['Museo Lapidario', 'Verona Tour', 'Museo Radio', 'San Zeno', 'Sighseeing']",Torre Lamberti,strategy_nearest,False,0.0027070045471191406,success
0492D13A9C4C80,0,"['Arena', 'Casa Giulietta']",Tomba Giulietta,"['San Fermo', 'Museo Storia', 'Museo Lapidario', 'Museo Radio', 'Verona Tour']",Castelvecchio,strategy_nearest,False,0.0025320053100585938,success
0492E43A9C4C80,1,"['Casa Giulietta', 'Palazzo della Ragione']",Torre Lamberti,"['Sighseeing', 'Centro Fotografia', 'Museo Conte', 'AMO', 'Museo Miniscalchi']",Museo Lapidario,strategy_nearest,False,0.0032172203063964844,success
0492C93A9C4C80,3,"['Arena', 'San Fermo']",Santa Anastasia,"['AMO', 'Museo Conte', 'Palazzo della Ragione', 'Teatro Romano', 'Centro Fotografia']",Duomo,strategy_nearest,False,0.0025980472564697266,success
0492F33A9C4C80,0,['Arena'],San Zeno,"['Castelvecchio', 'Verona Tour', 'Museo Lapidario', 'Museo Miniscalchi', 'Sighseeing']",Torre Lamberti,strategy_nearest,False,0.0019991397857666016,success
04930C429C4C80,1,"['San Zeno', 'Castelvecchio', 'Palazzo della Ragione']",Santa Anastasia,"['AMO', 'Museo Conte', 'Teatro Romano', 'Centro Fotografia', 'Duomo']",Arena,strategy_nearest,False,0.0025420188903808594,success
0493103A9C4C80,0,['Castelvecchio'],Torre Lamberti,"['Sighseeing', 'Centro Fotografia', 'Museo Conte', 'Casa Giulietta', 'Palazzo della Ragione']",Casa Giulietta,strategy_nearest,True,0.0019259452819824219,success
0493143A9C4C80,0,"['Casa Giulietta', 'Castelvecchio']",Arena,"['Verona Tour', 'Museo Lapidario', 'Museo Radio', 'San Fermo', 'Sighseeing']",Tomba Giulietta,strategy_nearest,False,0.0032989978790283203,success
0493153A9C4C84,0,['Arena'],Casa Giulietta,"['Centro Fotografia', 'Sighseeing', 'Torre Lamberti', 'Museo Conte', 'Museo Radio']",Santa Anastasia,strategy_nearest,False,0.0026559829711914062,success
049316429C4C80,1,"['Castelvecchio', 'Arena']",Tomba Giulietta,"['San Fermo', 'Museo Storia', 'Museo Lapidario', 'Museo Radio', 'Verona Tour']",Duomo,strategy_nearest,False,0.0018849372863769531,success
049323C27B3F84,2,"['Casa Giulietta', 'Torre Lamberti']",Palazzo della Ragione,"['AMO', 'Museo Conte', 'Centro Fotografia', 'Sighseeing', 'Santa Anastasia']",Castelvecchio,strategy_nearest,False,0.0033371448516845703,success
0493283A9C4C80,1,"['Arena', 'Casa Giulietta', 'Santa Anastasia', 'Torre Lamberti']",Palazzo della Ragione,"['AMO', 'Museo Conte', 'Centro Fotografia', 'Sighseeing', 'Museo Miniscalchi']",Castelvecchio,strategy_nearest,False,0.002707958221435547,success
04932B3A9C4C80,0,['Torre Lamberti'],Arena,"['Verona Tour', 'Museo Lapidario', 'Museo Radio', 'San Fermo', 'Casa Giulietta']",Tomba Giulietta,strategy_nearest,False,0.0032939910888671875,success
049332429C4C80,3,"['Arena', 'Castelvecchio', 'San Fermo']",Casa Giulietta,"['Centro Fotografia', 'Sighseeing', 'Torre Lamberti', 'Museo Conte', 'Museo Radio']",Santa Anastasia,strategy_nearest,False,0.0024461746215820312,success
0493284A9C4C80,0,"['Castelvecchio', 'Arena']",Casa Giulietta,"['Centro Fotografia', 'Sighseeing', 'Torre Lamberti', 'Museo Conte', 'Museo Radio']",Teatro Romano,strategy_nearest,False,0.0024819374084472656,success
0493303A9C4C80,3,"['Arena', 'Museo Lapidario']",Teatro Romano,"['Santa Anastasia', 'Duomo', 'AMO', 'Palazzo della Ragione', 'Museo Conte']",Santa Anastasia,strategy_nearest,True,0.0032880306243896484,success
0493403A9C4C80,1,"['Arena', 'Palazzo della Ragione']",Duomo,"['AMO', 'Museo Miniscalchi', 'Santa Anastasia', 'Teatro Romano', 'Museo Conte']",Castelvecchio,strategy_nearest,False,0.0026466846466064453,success
049337429C4C80,0,['Arena'],Castelvecchio,"['Museo Lapidario', 'Verona Tour', 'Museo Radio', 'San Zeno', 'Sighseeing']",Santa Anastasia,strategy_nearest,False,0.0019741058349609375,success
049335429C4C80,0,"['Casa Giulietta', 'Torre Lamberti']",Arena,"['Verona Tour', 'Museo Lapidario', 'Museo Radio', 'San Fermo', 'Sighseeing']",Castelvecchio,strategy_nearest,False,0.003364086151123047,success
049349429C4C80,3,"['Arena', 'Museo Lapidario']",Castelvecchio,"['Verona Tour', 'Museo Radio', 'San Zeno', 'Sighseeing', 'Museo Miniscalchi']",San Fermo,strategy_nearest,False,0.003751993179321289,success
049350429C4C80,1,"['Casa Giulietta', 'San Fermo', 'Giardino Giusti', 'Museo Lapidario', 'Castelvecchio', 'San Zeno']",Santa Anastasia,"['AMO', 'Museo Conte', 'Palazzo della Ragione', 'Teatro Romano', 'Centro Fotografia']",Duomo,strategy_nearest,False,0.0025908946990966797,success
04935B429C4C80,3,"['Arena', 'San Fermo', 'Casa Giulietta']",Santa Anastasia,"['AMO', 'Museo Conte', 'Palazzo della Ragione', 'Teatro Romano', 'Centro Fotografia']",Duomo,strategy_nearest,False,0.003219127655029297,success
04934F3A9C4C80,3,"['Arena', 'Santa Anastasia']",Duomo,"['AMO', 'Museo Miniscalchi', 'Teatro Romano', 'Palazzo della Ragione', 'Museo Conte']",Torre Lamberti,strategy_nearest,False,0.002026081085205078,success
0493643A9C4C80,4,"['Arena', 'Casa Giulietta', 'Torre Lamberti', 'Palazzo della Ragione', 'Santa Anastasia']",Duomo,"['AMO', 'Museo Miniscalchi', 'Teatro Romano', 'Museo Conte', 'Centro Fotografia']",San Fermo,strategy_nearest,False,0.0020799636840820312,success
04935E3A9C4C80,1,"['Arena', 'Torre Lamberti', 'Palazzo della Ragione', 'Teatro Romano']",Santa Anastasia,"['AMO', 'Museo Conte', 'Centro Fotografia', 'Duomo', 'Sighseeing']",Castelvecchio,strategy_nearest,False,0.0032961368560791016,success
04936F429C4C80,1,"['Casa Giulietta', 'Torre Lamberti']",Palazzo della Ragione,"['AMO', 'Museo Conte', 'Centro Fotografia', 'Sighseeing', 'Santa Anastasia']",Castelvecchio,strategy_nearest,False,0.002566099166870117,success
049370429C4C80,1,['Arena'],Palazzo della Ragione,"['AMO', 'Museo Conte', 'Torre Lamberti', 'Centro Fotografia', 'Sighseeing']",Teatro Romano,strategy_nearest,False,0.0030319690704345703,success
04937F4A9C4C80,0,['Arena'],Casa Giulietta,"['Centro Fotografia', 'Sighseeing', 'Torre Lamberti', 'Museo Conte', 'Museo Radio']",Duomo,strategy_nearest,False,0.0014579296112060547,success
049373429C4C80,3,"['Casa Giulietta', 'Giardino Giusti']",Santa Anastasia,"['AMO', 'Museo Conte', 'Palazzo della Ragione', 'Teatro Romano', 'Centro Fotografia']",Duomo,strategy_nearest,False,0.0030379295349121094,success
04937C429C4C80,3,"['Arena', 'Casa Giulietta']",Torre Lamberti,"['Sighseeing', 'Centro Fotografia', 'Museo Conte', 'Palazzo della Ragione', 'AMO']",Santa Anastasia,strategy_nearest,False,0.003354310989379883,success
049382429C4C80,0,['Arena'],Casa Giulietta,"['Centro Fotografia', 'Sighseeing', 'Torre Lamberti', 'Museo Conte', 'Museo Radio']",Torre Lamberti,strategy_nearest,True,0.003428936004638672,success
0493904A9C4C80,0,['Arena'],Torre Lamberti,"['Sighseeing', 'Centro Fotografia', 'Museo Conte', 'Casa Giulietta', 'Palazzo della Ragione']",Teatro Romano,strategy_nearest,False,0.001936197280883789,success
049385429C4C80,3,['Arena'],Casa Giulietta,"['Centro Fotografia', 'Sighseeing', 'Torre Lamberti', 'Museo Conte', 'Museo Radio']",Torre Lamberti,strategy_nearest,True,0.0032508373260498047,success
0493863A9C4C80,1,"['Castelvecchio', 'Arena', 'Casa Giulietta']",Casa Giulietta,"['Centro Fotografia', 'Sighseeing', 'Torre Lamberti', 'Museo Conte', 'Museo Radio']",Santa Anastasia,strategy_nearest,False,0.0034058094024658203,success
04939F429C4C80,3,"['Arena', 'San Fermo']",Casa Giulietta,"['Centro Fotografia', 'Sighseeing', 'Torre Lamberti', 'Museo Conte', 'Museo Radio']",Torre Lamberti,strategy_nearest,True,0.003604888916015625,success
0493AA4A9C4C80,0,"['Torre Lamberti', 'Arena']",Casa Giulietta,"['Centro Fotografia', 'Sighseeing', 'Museo Conte', 'Museo Radio', 'Palazzo della Ragione']",Castelvecchio,strategy_nearest,False,0.0025610923767089844,success
0493AB429C4C80,1,"['Castelvecchio', 'Arena', 'Casa Giulietta']",San Fermo,"['Museo Storia', 'Museo Radio', 'Centro Fotografia', 'Sighseeing', 'Torre Lamberti']",Santa Anastasia,strategy_nearest,False,0.002669095993041992,success
0493B83A9C4C80,2,['Teatro Romano'],Torre Lamberti,"['Sighseeing', 'Centro Fotografia', 'Museo Conte', 'Casa Giulietta', 'Palazzo della Ragione']",Palazzo della Ragione,strategy_nearest,True,0.0033540725708007812,success
0493BC429C4C80,0,"['Duomo', 'Torre Lamberti']",Arena,"['Verona Tour', 'Museo Lapidario', 'Museo Radio', 'San Fermo', 'Casa Giulietta']",Castelvecchio,strategy_nearest,False,0.002408742904663086,success
0493CCC27B3F80,3,"['Casa Giulietta', 'Teatro Romano', 'Arena', 'Castelvecchio']",Duomo,"['AMO', 'Museo Miniscalchi', 'Santa Anastasia', 'Palazzo della Ragione', 'Museo Conte']",Santa Anastasia,strategy_nearest,True,0.002190113067626953,success
0493C7429C4C80,1,"['Arena', 'San Zeno', 'Castelvecchio']",Teatro Romano,"['Santa Anastasia', 'Duomo', 'AMO', 'Palazzo della Ragione', 'Museo Conte']",Duomo,strategy_nearest,True,0.0032498836517333984,success
0493D3C27B3F80,4,"['Casa Giulietta', 'Santa Anastasia', 'Duomo']",Teatro Romano,"['AMO', 'Palazzo della Ragione', 'Museo Conte', 'Centro Fotografia', 'Museo Miniscalchi']",Castelvecchio,strategy_nearest,False,0.002990245819091797,success
0493D2C27B3F80,4,"['Casa Giulietta', 'Santa Anastasia', 'Duomo']",Teatro Romano,"['AMO', 'Palazzo della Ragione', 'Museo Conte', 'Centro Fotografia', 'Museo Miniscalchi']",Castelvecchio,strategy_nearest,False,0.0032079219818115234,success
0493D8C27B3F80,1,"['Casa Giulietta', 'Palazzo della Ragione']",Torre Lamberti,"['Sighseeing', 'Centro Fotografia', 'Museo Conte', 'AMO', 'Museo Miniscalchi']",Arena,strategy_nearest,False,0.0024809837341308594,success
0493D9C27B3F80,1,"['Casa Giulietta', 'Palazzo della Ragione']",Torre Lamberti,"['Sighseeing', 'Centro Fotografia', 'Museo Conte', 'AMO', 'Museo Miniscalchi']",Arena,strategy_nearest,False,0.002753734588623047,success
0493DE429C4C80,2,"['Castelvecchio', 'San Zeno']",Casa Giulietta,"['Centro Fotografia', 'Sighseeing', 'Torre Lamberti', 'Museo Conte', 'Museo Radio']",Santa Anastasia,strategy_nearest,False,0.0027761459350585938,success
0493E4C27B3F80,1,"['San Zeno', 'Castelvecchio', 'Duomo']",Casa Giulietta,"['Centro Fotografia', 'Sighseeing', 'Torre Lamberti', 'Museo Conte', 'Museo Radio']",Arena,strategy_nearest,False,0.0033609867095947266,success
0493EAC27B3F80,1,"['Casa Giulietta', 'Torre Lamberti', 'Palazzo della Ragione']",San Fermo,"['Museo Storia', 'Museo Radio', 'Centro Fotografia', 'Arena', 'Sighseeing']",Museo Storia,strategy_nearest,True,0.0029172897338867188,success
0493EC3A9C4C80,1,"['Arena', 'Casa Giulietta']",Torre Lamberti,"['Sighseeing', 'Centro Fotografia', 'Museo Conte', 'Palazzo della Ragione', 'AMO']",Palazzo della Ragione,strategy_nearest,True,0.0018732547760009766,success
0493EBC27B3F80,1,"['San Zeno', 'Castelvecchio', 'Duomo']",Casa Giulietta,"['Centro Fotografia', 'Sighseeing', 'Torre Lamberti', 'Museo Conte', 'Museo Radio']",Arena,strategy_nearest,False,0.003348827362060547,success
0493EE3A9C4C80,2,"['Casa Giulietta', 'Torre Lamberti']",Santa Anastasia,"['AMO', 'Museo Conte', 'Palazzo della Ragione', 'Teatro Romano', 'Centro Fotografia']",Teatro Romano,strategy_nearest,True,0.002888917922973633,success
0493F43A9C4C80,3,"['Arena', 'Torre Lamberti']",Santa Anastasia,"['AMO', 'Museo Conte', 'Palazzo della Ragione', 'Teatro Romano', 'Centro Fotografia']",Duomo,strategy_nearest,False,0.002089977264404297,success
0493F0C27B3F80,0,"['Casa Giulietta', 'Tomba Giulietta']",Giardino Giusti,"['Santa Anastasia', 'Teatro Romano', 'Museo Conte', 'Centro Fotografia', 'Museo Storia']",Teatro Romano,strategy_nearest,True,0.0025882720947265625,success
0493F6C27B3F80,0,"['Casa Giulietta', 'Tomba Giulietta']",Torre Lamberti,"['Sighseeing', 'Centro Fotografia', 'Museo Conte', 'Palazzo della Ragione', 'AMO']",Arena,strategy_nearest,False,0.003247976303100586,success
0493F1C27B3F80,1,"['Casa Giulietta', 'Torre Lamberti', 'Palazzo della Ragione']",San Fermo,"['Museo Storia', 'Museo Radio', 'Centro Fotografia', 'Arena', 'Sighseeing']",Museo Storia,strategy_nearest,True,0.0027627944946289062,success
0493FDC27B3F80,0,"['Casa Giulietta', 'Tomba Giulietta']",Torre Lamberti,"['Sighseeing', 'Centro Fotografia', 'Museo Conte', 'Palazzo della Ragione', 'AMO']",Arena,strategy_nearest,False,0.0017390251159667969,success
0493F7C27B3F80,0,"['Casa Giulietta', 'Tomba Giulietta']",Giardino Giusti,"['Santa Anastasia', 'Teatro Romano', 'Museo Conte', 'Centro Fotografia', 'Museo Storia']",Teatro Romano,strategy_nearest,True,0.0034689903259277344,success
0493FF3A9C4C80,3,['Arena'],Casa Giulietta,"['Centro Fotografia', 'Sighseeing', 'Torre Lamberti', 'Museo Conte', 'Museo Radio']",Torre Lamberti,strategy_nearest,True,0.002157926559448242,success
049401C27B3F84,3,"['San Fermo', 'Casa Giulietta', 'San Zeno']",Teatro Romano,"['Santa Anastasia', 'Duomo', 'AMO', 'Palazzo della Ragione', 'Museo Conte']",Arena,strategy_nearest,False,0.003264904022216797,success
049402C27B3F84,1,"['Casa Giulietta', 'Torre Lamberti', 'Palazzo della Ragione', 'Duomo']",Arena,"['Verona Tour', 'Museo Lapidario', 'Museo Radio', 'San Fermo', 'Sighseeing']",Tomba Giulietta,strategy_nearest,False,0.003137826919555664,success
049403C27B3F84,1,"['Casa Giulietta', 'Torre Lamberti', 'Palazzo della Ragione', 'Duomo']",Arena,"['Verona Tour', 'Museo Lapidario', 'Museo Radio', 'San Fermo', 'Sighseeing']",Tomba Giulietta,strategy_nearest,False,0.0031442642211914062,success
049408C27B3F84,1,"['Casa Giulietta', 'Palazzo della Ragione', 'Torre Lamberti']",Arena,"['Verona Tour', 'Museo Lapidario', 'Museo Radio', 'San Fermo', 'Sighseeing']",Castelvecchio,strategy_nearest,False,0.002374887466430664,success
049409C27B3F84,3,"['Casa Giulietta', 'Giardino Giusti']",Teatro Romano,"['Santa Anastasia', 'Duomo', 'AMO', 'Palazzo della Ragione', 'Museo Conte']",Arena,strategy_nearest,False,0.0032520294189453125,success
04940D3A9C4C84,1,"['San Zeno', 'Castelvecchio', 'Arena']",San Fermo,"['Museo Storia', 'Museo Radio', 'Casa Giulietta', 'Centro Fotografia', 'Sighseeing']",Teatro Romano,strategy_nearest,False,0.003010988235473633,success
04940EC27B3F84,1,"['Casa Giulietta', 'Torre Lamberti']",Palazzo della Ragione,"['AMO', 'Museo Conte', 'Centro Fotografia', 'Sighseeing', 'Santa Anastasia']",Arena,strategy_nearest,False,0.0025882720947265625,success
04940FC27B3F84,0,"['Casa Giulietta', 'Torre Lamberti']",Arena,"['Verona Tour', 'Museo Lapidario', 'Museo Radio', 'San Fermo', 'Sighseeing']",Castelvecchio,strategy_nearest,False,0.003314971923828125,success
0494133A9C4C80,0,['Arena'],Castelvecchio,"['Museo Lapidario', 'Verona Tour', 'Museo Radio', 'San Zeno', 'Sighseeing']",San Zeno,strategy_nearest,True,0.0023369789123535156,success
0494123A9C4C80,3,"['Arena', 'Casa Giulietta']",Torre Lamberti,"['Sighseeing', 'Centro Fotografia', 'Museo Conte', 'Palazzo della Ragione', 'AMO']",Santa Anastasia,strategy_nearest,False,0.0039060115814208984,success
049415C27B3F84,1,"['Casa Giulietta', 'Torre Lamberti']",Palazzo della Ragione,"['AMO', 'Museo Conte', 'Centro Fotografia', 'Sighseeing', 'Santa Anastasia']",Arena,strategy_nearest,False,0.003214120864868164,success
0494163A9C4C84,0,['Castelvecchio'],Arena,"['Verona Tour', 'Museo Lapidario', 'Museo Radio', 'San Fermo', 'Casa Giulietta']",Torre Lamberti,strategy_nearest,False,0.002401113510131836,success
04941A429C4C84,4,"['Arena', 'Torre Lamberti', 'Museo Radio', 'San Fermo']",Museo Storia,"['Casa Giulietta', 'Centro Fotografia', 'Tomba Giulietta', 'Sighseeing', 'Museo Conte']",Santa Anastasia,strategy_nearest,False,0.0027408599853515625,success
04941BC27B3F84,2,"['Casa Giulietta', 'Torre Lamberti']",Palazzo della Ragione,"['AMO', 'Museo Conte', 'Centro Fotografia', 'Sighseeing', 'Santa Anastasia']",Castelvecchio,strategy_nearest,False,0.0030679702758789062,success
04941CBA7B3F84,1,"['Duomo', 'Torre Lamberti', 'Palazzo della Ragione', 'Arena']",Castelvecchio,"['Museo Lapidario', 'Verona Tour', 'Museo Radio', 'San Zeno', 'Sighseeing']",Santa Anastasia,strategy_nearest,False,0.0033512115478515625,success
0494203A9C4C80,1,['Arena'],Casa Giulietta,"['Centro Fotografia', 'Sighseeing', 'Torre Lamberti', 'Museo Conte', 'Museo Radio']",Palazzo della Ragione,strategy_nearest,False,0.003374814987182617,success
04941F3A9C4C80,2,['Casa Giulietta'],Torre Lamberti,"['Sighseeing', 'Centro Fotografia', 'Museo Conte', 'Palazzo della Ragione', 'AMO']",Castelvecchio,strategy_nearest,False,0.002505064010620117,success
04942C3A9C4C80,0,['Arena'],Castelvecchio,"['Museo Lapidario', 'Verona Tour', 'Museo Radio', 'San Zeno', 'Sighseeing']",San Zeno,strategy_nearest,True,0.0023870468139648438,success
049421C27B3F84,1,"['Casa Giulietta', 'Palazzo della Ragione', 'Torre Lamberti']",Arena,"['Verona Tour', 'Museo Lapidario', 'Museo Radio', 'San Fermo', 'Sighseeing']",Castelvecchio,strategy_nearest,False,0.003197908401489258,success
049437429C4C80,1,"['Torre Lamberti', 'Palazzo della Ragione', 'Casa Giulietta']",Santa Anastasia,"['AMO', 'Museo Conte', 'Teatro Romano', 'Centro Fotografia', 'Duomo']",Arena,strategy_nearest,False,0.0019099712371826172,success
0494343A9C4C80,0,"['Arena', 'Castelvecchio', 'Casa Giulietta']",Teatro Romano,"['Santa Anastasia', 'Duomo', 'AMO', 'Palazzo della Ragione', 'Museo Conte']",San Fermo,strategy_nearest,False,0.003139019012451172,success
04942E429C4C80,3,"['Torre Lamberti', 'Santa Anastasia']",Teatro Romano,"['Duomo', 'AMO', 'Palazzo della Ragione', 'Museo Conte', 'Centro Fotografia']",Duomo,strategy_nearest,True,0.0026502609252929688,success
04944C3A9C4C80,3,['Arena'],Torre Lamberti,"['Sighseeing', 'Centro Fotografia', 'Museo Conte', 'Casa Giulietta', 'Palazzo della Ragione']",Santa Anastasia,strategy_nearest,False,0.003184080123901367,success
04944D3A9C4C80,0,['Arena'],San Fermo,"['Museo Storia', 'Museo Radio', 'Casa Giulietta', 'Centro Fotografia', 'Sighseeing']",Casa Giulietta,strategy_nearest,True,0.0017359256744384766,success
04944CC27B3F80,3,"['San Fermo', 'Santa Anastasia']",Duomo,"['AMO', 'Museo Miniscalchi', 'Teatro Romano', 'Palazzo della Ragione', 'Museo Conte']",Castelvecchio,strategy_nearest,False,0.0026488304138183594,success
049453429C4C80,1,"['Arena', 'Castelvecchio', 'Santa Anastasia']",Torre Lamberti,"['Sighseeing', 'Centro Fotografia', 'Museo Conte', 'Casa Giulietta', 'Palazzo della Ragione']",Giardino Giusti,strategy_nearest,False,0.0026311874389648438,success
049458C27B3F80,3,"['San Fermo', 'Santa Anastasia']",Duomo,"['AMO', 'Museo Miniscalchi', 'Teatro Romano', 'Palazzo della Ragione', 'Museo Conte']",Castelvecchio,strategy_nearest,False,0.0030438899993896484,success
049456429C4C80,0,['Arena'],Casa Giulietta,"['Centro Fotografia', 'Sighseeing', 'Torre Lamberti', 'Museo Conte', 'Museo Radio']",Castelvecchio,strategy_nearest,False,0.003200054168701172,success
04945EC27B3F80,3,"['San Fermo', 'Santa Anastasia']",Duomo,"['AMO', 'Museo Miniscalchi', 'Teatro Romano', 'Palazzo della Ragione', 'Museo Conte']",Castelvecchio,strategy_nearest,False,0.0031480789184570312,success
049459C27B3F80,1,"['San Fermo', 'Arena', 'Castelvecchio', 'San Zeno', 'Duomo']",Tomba Giulietta,"['Museo Storia', 'Museo Lapidario', 'Museo Radio', 'Verona Tour', 'Casa Giulietta']",Museo Lapidario,strategy_nearest,True,0.002508878707885742,success
049464C27B3F80,3,"['Casa Giulietta', 'Duomo', 'Castelvecchio']",Tomba Giulietta,"['San Fermo', 'Museo Storia', 'Arena', 'Museo Lapidario', 'Museo Radio']",Arena,strategy_nearest,True,0.002496957778930664,success
049465429C4C80,3,"['Arena', 'Casa Giulietta']",Torre Lamberti,"['Sighseeing', 'Centro Fotografia', 'Museo Conte', 'Palazzo della Ragione', 'AMO']",Santa Anastasia,strategy_nearest,False,0.0023300647735595703,success
049469429C4C80,3,"['Arena', 'Santa Anastasia', 'Duomo']",Casa Giulietta,"['Centro Fotografia', 'Sighseeing', 'Torre Lamberti', 'Museo Conte', 'Museo Radio']",Teatro Romano,strategy_nearest,False,0.003143310546875,success
04946AC27B3F80,2,"['Santa Anastasia', 'Castelvecchio']",Giardino Giusti,"['Teatro Romano', 'Museo Conte', 'Centro Fotografia', 'Museo Storia', 'AMO']",Tomba Giulietta,strategy_nearest,False,0.002490997314453125,success
049465C27B3F80,3,"['San Fermo', 'Torre Lamberti', 'Santa Anastasia']",Casa Giulietta,"['Centro Fotografia', 'Sighseeing', 'Museo Conte', 'Museo Radio', 'Palazzo della Ragione']",Arena,strategy_nearest,False,0.002763032913208008,success
049476C27B3F80,2,['Castelvecchio'],Giardino Giusti,"['Santa Anastasia', 'Teatro Romano', 'Museo Conte', 'Centro Fotografia', 'Museo Storia']",Tomba Giulietta,strategy_nearest,False,0.0020499229431152344,success
0494763A9C4C80,0,['Arena'],Casa Giulietta,"['Centro Fotografia', 'Sighseeing', 'Torre Lamberti', 'Museo Conte', 'Museo Radio']",Santa Anastasia,strategy_nearest,False,0.0027251243591308594,success
049472C27B3F80,3,"['Casa Giulietta', 'San Fermo', 'Arena']",Castelvecchio,"['Museo Lapidario', 'Verona Tour', 'Museo Radio', 'San Zeno', 'Sighseeing']",Teatro Romano,strategy_nearest,False,0.002949237823486328,success
049477C27B3F80,3,"['San Fermo', 'Santa Anastasia']",Castelvecchio,"['Museo Lapidario', 'Verona Tour', 'Arena', 'Museo Radio', 'San Zeno']",San Zeno,strategy_nearest,True,0.0031707286834716797,success
04947C4A9C4C80,0,['Arena'],Teatro Romano,"['Santa Anastasia', 'Duomo', 'AMO', 'Palazzo della Ragione', 'Museo Conte']",Giardino Giusti,strategy_nearest,False,0.0023920536041259766,success
04947DC27B3F80,2,['Santa Anastasia'],Palazzo della Ragione,"['AMO', 'Museo Conte', 'Torre Lamberti', 'Centro Fotografia', 'Sighseeing']",San Zeno,strategy_nearest,False,0.0025849342346191406,success
04947EC27B3F80,1,"['Casa Giulietta', 'Santa Anastasia', 'Teatro Romano']",Arena,"['Verona Tour', 'Museo Lapidario', 'Museo Radio', 'San Fermo', 'Sighseeing']",Castelvecchio,strategy_nearest,False,0.003351926803588867,success
04947F3A9C4C80,1,"['Torre Lamberti', 'Palazzo della Ragione', 'Casa Giulietta']",Santa Anastasia,"['AMO', 'Museo Conte', 'Teatro Romano', 'Centro Fotografia', 'Duomo']",Duomo,strategy_nearest,True,0.0032958984375,success
04947FC27B3F80,1,"['Casa Giulietta', 'Santa Anastasia']",Teatro Romano,"['Duomo', 'AMO', 'Palazzo della Ragione', 'Museo Conte', 'Centro Fotografia']",Arena,strategy_nearest,False,0.0029592514038085938,success
0494804A9C4C80,2,['Casa Giulietta'],Teatro Romano,"['Santa Anastasia', 'Duomo', 'AMO', 'Palazzo della Ragione', 'Museo Conte']",Castelvecchio,strategy_nearest,False,0.0022449493408203125,success
049482429C4C80,1,['Arena'],Torre Lamberti,"['Sighseeing', 'Centro Fotografia', 'Museo Conte', 'Casa Giulietta', 'Palazzo della Ragione']",Palazzo della Ragione,strategy_nearest,True,0.002749204635620117,success
049482C27B3F80,2,"['Castelvecchio', 'Giardino Giusti']",Tomba Giulietta,"['San Fermo', 'Museo Storia', 'Arena', 'Museo Lapidario', 'Museo Radio']",San Zeno,strategy_nearest,False,0.003371000289916992,success
0494834A9C4C80,1,"['Tomba Giulietta', 'Arena', 'Casa Giulietta']",Santa Anastasia,"['AMO', 'Museo Conte', 'Palazzo della Ragione', 'Teatro Romano', 'Centro Fotografia']",Duomo,strategy_nearest,False,0.0032758712768554688,success
049483C27B3F80,3,"['San Fermo', 'Torre Lamberti', 'Santa Anastasia']",Casa Giulietta,"['Centro Fotografia', 'Sighseeing', 'Museo Conte', 'Museo Radio', 'Palazzo della Ragione']",Arena,strategy_nearest,False,0.002716064453125,success
0494843A9C4C80,2,"['San Fermo', 'Casa Giulietta']",Santa Anastasia,"['AMO', 'Museo Conte', 'Palazzo della Ragione', 'Teatro Romano', 'Centro Fotografia']",Teatro Romano,strategy_nearest,True,0.002254009246826172,success
049484C27B3F80,3,"['Casa Giulietta', 'San Fermo', 'Arena']",Castelvecchio,"['Museo Lapidario', 'Verona Tour', 'Museo Radio', 'San Zeno', 'Sighseeing']",Teatro Romano,strategy_nearest,False,0.0025720596313476562,success
049485C27B3F80,1,"['Casa Giulietta', 'Santa Anastasia', 'Teatro Romano']",Arena,"['Verona Tour', 'Museo Lapidario', 'Museo Radio', 'San Fermo', 'Sighseeing']",Castelvecchio,strategy_nearest,False,0.003325939178466797,success
0494864A9C4C80,2,['Santa Anastasia'],Torre Lamberti,"['Sighseeing', 'Centro Fotografia', 'Museo Conte', 'Casa Giulietta', 'Palazzo della Ragione']",Tomba Giulietta,strategy_nearest,False,0.002624034881591797,success
049489C27B3F80,2,"['Santa Anastasia', 'Castelvecchio']",Giardino Giusti,"['Teatro Romano', 'Museo Conte', 'Centro Fotografia', 'Museo Storia', 'AMO']",San Zeno,strategy_nearest,False,0.003107786178588867,success
04948B3A9C4C80,3,"['Casa Giulietta', 'Torre Lamberti']",Santa Anastasia,"['AMO', 'Museo Conte', 'Palazzo della Ragione', 'Teatro Romano', 'Centro Fotografia']",Duomo,strategy_nearest,False,0.002288818359375,success
049490C27B3F80,1,"['Casa Giulietta', 'Santa Anastasia']",Teatro Romano,"['Duomo', 'AMO', 'Palazzo della Ragione', 'Museo Conte', 'Centro Fotografia']",Arena,strategy_nearest,False,0.0033788681030273438,success
049491C27B3F80,1,"['Casa Giulietta', 'Palazzo della Ragione', 'Santa Anastasia', 'Teatro Romano', 'Arena']",Castelvecchio,"['Museo Lapidario', 'Verona Tour', 'Museo Radio', 'San Zeno', 'Sighseeing']",Museo Lapidario,strategy_nearest,True,0.0032329559326171875,success
049491429C4C80,3,"['Arena', 'Museo Lapidario', 'Castelvecchio']",Teatro Romano,"['Santa Anastasia', 'Duomo', 'AMO', 'Palazzo della Ragione', 'Museo Conte']",Duomo,strategy_nearest,True,0.002635955810546875,success
04949DC27B3F80,1,"['Casa Giulietta', 'Palazzo della Ragione']",Torre Lamberti,"['Sighseeing', 'Centro Fotografia', 'Museo Conte', 'AMO', 'Museo Miniscalchi']",Teatro Romano,strategy_nearest,False,0.004127979278564453,success
049496C27B3F80,1,"['Casa Giulietta', 'Palazzo della Ragione']",Torre Lamberti,"['Sighseeing', 'Centro Fotografia', 'Museo Conte', 'AMO', 'Museo Miniscalchi']",Teatro Romano,strategy_nearest,False,0.002937793731689453,success
0494A3C27B3F80,1,"['Casa Giulietta', 'Palazzo della Ragione']",Torre Lamberti,"['Sighseeing', 'Centro Fotografia', 'Museo Conte', 'AMO', 'Museo Miniscalchi']",Teatro Romano,strategy_nearest,False,0.02058100700378418,success
0494A2C27B3F80,1,['Palazzo della Ragione'],Torre Lamberti,"['Sighseeing', 'Centro Fotografia', 'Museo Conte', 'Casa Giulietta', 'AMO']",Teatro Romano,strategy_nearest,False,0.0213470458984375,success
0494A73A9C4C80,3,"['Arena', 'Torre Lamberti', 'Santa Anastasia']",Duomo,"['AMO', 'Museo Miniscalchi', 'Teatro Romano', 'Palazzo della Ragione', 'Museo Conte']",San Fermo,strategy_nearest,False,0.012260913848876953,success
0494AEC27B3F80,1,"['Casa Giulietta', 'Palazzo della Ragione', 'Santa Anastasia', 'Teatro Romano', 'Arena']",Castelvecchio,"['Museo Lapidario', 'Verona Tour', 'Museo Radio', 'San Zeno', 'Sighseeing']",Museo Lapidario,strategy_nearest,True,0.0056798458099365234,success
0494B13A9C4C80,1,['Arena'],Casa Giulietta,"['Centro Fotografia', 'Sighseeing', 'Torre Lamberti', 'Museo Conte', 'Museo Radio']",Santa Anastasia,strategy_nearest,False,0.006342887878417969,success
0494B5C27B3F80,2,['Casa Giulietta'],Palazzo della Ragione,"['AMO', 'Museo Conte', 'Torre Lamberti', 'Centro Fotografia', 'Sighseeing']",Torre Lamberti,strategy_nearest,True,0.0033032894134521484,success
0494B4C27B3F80,1,"['Casa Giulietta', 'Teatro Romano', 'Castelvecchio', 'Duomo']",Palazzo della Ragione,"['AMO', 'Museo Conte', 'Torre Lamberti', 'Centro Fotografia', 'Sighseeing']",San Zeno,strategy_nearest,False,0.0020318031311035156,success
0494B33A9C4C80,3,"['Tomba Giulietta', 'Arena', 'San Fermo']",Casa Giulietta,"['Centro Fotografia', 'Sighseeing', 'Torre Lamberti', 'Museo Conte', 'Museo Radio']",Santa Anastasia,strategy_nearest,False,0.003526926040649414,success
0494BAC27B3F80,1,"['Casa Giulietta', 'Teatro Romano', 'Castelvecchio']",Duomo,"['AMO', 'Museo Miniscalchi', 'Santa Anastasia', 'Palazzo della Ragione', 'Museo Conte']",Palazzo della Ragione,strategy_nearest,True,0.0036029815673828125,success
0494BA429C4C80,3,['Arena'],Duomo,"['AMO', 'Museo Miniscalchi', 'Santa Anastasia', 'Teatro Romano', 'Palazzo della Ragione']",Teatro Romano,strategy_nearest,True,0.003931760787963867,success
0494BD429C4C80,0,['Tomba Giulietta'],Casa Giulietta,"['Centro Fotografia', 'Sighseeing', 'Torre Lamberti', 'Museo Conte', 'Museo Radio']",Torre Lamberti,strategy_nearest,True,0.0025730133056640625,success
0494BBC27B3F80,1,"['Casa Giulietta', 'Palazzo della Ragione']",Torre Lamberti,"['Sighseeing', 'Centro Fotografia', 'Museo Conte', 'AMO', 'Museo Miniscalchi']",Teatro Romano,strategy_nearest,False,0.002123117446899414,success
0494C43A9C4C80,1,"['Arena', 'Torre Lamberti']",Palazzo della Ragione,"['AMO', 'Museo Conte', 'Centro Fotografia', 'Sighseeing', 'Santa Anastasia']",Santa Anastasia,strategy_nearest,True,0.0019829273223876953,success
0494C1C27B3F80,1,"['Casa Giulietta', 'Torre Lamberti', 'Palazzo della Ragione']",Duomo,"['AMO', 'Museo Miniscalchi', 'Santa Anastasia', 'Teatro Romano', 'Museo Conte']",San Zeno,strategy_nearest,False,0.0013968944549560547,success
0494C7C27B3F80,1,"['Casa Giulietta', 'Torre Lamberti', 'Palazzo della Ragione', 'Duomo']",San Zeno,"['Castelvecchio', 'Verona Tour', 'Museo Lapidario', 'Arena', 'Museo Miniscalchi']",Arena,strategy_nearest,True,0.002515077590942383,success
0494C5429C4C80,1,"['Arena', 'Museo Lapidario', 'Castelvecchio']",Duomo,"['AMO', 'Museo Miniscalchi', 'Santa Anastasia', 'Teatro Romano', 'Palazzo della Ragione']",Torre Lamberti,strategy_nearest,False,0.003947019577026367,success
0494D2429C4C80,1,"['Arena', 'Torre Lamberti', 'Palazzo della Ragione']",Casa Giulietta,"['Centro Fotografia', 'Sighseeing', 'Museo Conte', 'Museo Radio', 'San Fermo']",Teatro Romano,strategy_nearest,False,0.0024039745330810547,success
0494CF429C4C80,1,"['Castelvecchio', 'Arena', 'Casa Giulietta']",Santa Anastasia,"['AMO', 'Museo Conte', 'Palazzo della Ragione', 'Teatro Romano', 'Centro Fotografia']",Duomo,strategy_nearest,False,0.003390789031982422,success
0494E4C27B3F80,0,['Casa Giulietta'],Torre Lamberti,"['Sighseeing', 'Centro Fotografia', 'Museo Conte', 'Palazzo della Ragione', 'AMO']",Arena,strategy_nearest,False,0.0023469924926757812,success
0494D9C27B3F80,0,"['Casa Giulietta', 'Arena']",Museo Lapidario,"['Verona Tour', 'Castelvecchio', 'Museo Radio', 'San Fermo', 'Tomba Giulietta']",Torre Lamberti,strategy_nearest,False,0.003844022750854492,success
0494E5C27B3F80,0,['Casa Giulietta'],Torre Lamberti,"['Sighseeing', 'Centro Fotografia', 'Museo Conte', 'Palazzo della Ragione', 'AMO']",Arena,strategy_nearest,False,0.0022399425506591797,success
0494F1C27B3F80,0,"['Casa Giulietta', 'Arena']",Museo Lapidario,"['Verona Tour', 'Castelvecchio', 'Museo Radio', 'San Fermo', 'Tomba Giulietta']",Torre Lamberti,strategy_nearest,False,0.0038299560546875,success
0494EBC27B3F80,3,"['Casa Giulietta', 'Giardino Giusti']",Teatro Romano,"['Santa Anastasia', 'Duomo', 'AMO', 'Palazzo della Ragione', 'Museo Conte']",Arena,strategy_nearest,False,0.003580808639526367,success
0494EAC27B3F80,0,"['Casa Giulietta', 'Torre Lamberti']",Arena,"['Verona Tour', 'Museo Lapidario', 'Museo Radio', 'San Fermo', 'Sighseeing']",Castelvecchio,strategy_nearest,False,0.003348112106323242,success
0494FAC27B3F80,1,"['San Fermo', 'Arena', 'Castelvecchio', 'San Zeno', 'Duomo']",Tomba Giulietta,"['Museo Storia', 'Museo Lapidario', 'Museo Radio', 'Verona Tour', 'Casa Giulietta']",Museo Lapidario,strategy_nearest,True,0.002418994903564453,success
0495003A9C4C84,3,"['Arena', 'San Fermo']",Torre Lamberti,"['Sighseeing', 'Centro Fotografia', 'Museo Conte', 'Casa Giulietta', 'Palazzo della Ragione']",Santa Anastasia,strategy_nearest,False,0.0015549659729003906,success
0495053A9C4C84,2,"['Casa Giulietta', 'Torre Lamberti']",Castelvecchio,"['Museo Lapidario', 'Verona Tour', 'Arena', 'Museo Radio', 'San Zeno']",San Zeno,strategy_nearest,True,0.0021140575408935547,success
04950D3A9C4C84,0,['Arena'],Casa Giulietta,"['Centro Fotografia', 'Sighseeing', 'Torre Lamberti', 'Museo Conte', 'Museo Radio']",Torre Lamberti,strategy_nearest,True,0.003281831741333008,success
0495094A9C4C80,1,"['Arena', 'Casa Giulietta', 'Castelvecchio', 'Santa Anastasia']",Duomo,"['AMO', 'Museo Miniscalchi', 'Teatro Romano', 'Palazzo della Ragione', 'Museo Conte']",Teatro Romano,strategy_nearest,True,0.002763032913208008,success
0495143A9C4C84,0,['Santa Anastasia'],Arena,"['Verona Tour', 'Museo Lapidario', 'Museo Radio', 'San Fermo', 'Casa Giulietta']",Castelvecchio,strategy_nearest,False,0.0024890899658203125,success
049515429C4C80,2,"['Torre Lamberti', 'Casa Giulietta']",Duomo,"['AMO', 'Museo Miniscalchi', 'Santa Anastasia', 'Teatro Romano', 'Palazzo della Ragione']",Teatro Romano,strategy_nearest,True,0.0032782554626464844,success
04951E3A9C4C80,0,['Castelvecchio'],Arena,"['Verona Tour', 'Museo Lapidario', 'Museo Radio', 'San Fermo', 'Casa Giulietta']",Casa Giulietta,strategy_nearest,True,0.002658843994140625,success
049517429C4C84,1,"['Casa Giulietta', 'Santa Anastasia']",Arena,"['Verona Tour', 'Museo Lapidario', 'Museo Radio', 'San Fermo', 'Sighseeing']",Castelvecchio,strategy_nearest,False,0.0037109851837158203,success
0495214A9C4C80,1,"['Casa Giulietta', 'Palazzo della Ragione']",Torre Lamberti,"['Sighseeing', 'Centro Fotografia', 'Museo Conte', 'AMO', 'Museo Miniscalchi']",Arena,strategy_nearest,False,0.0020308494567871094,success
049520429C4C84,1,"['Torre Lamberti', 'Palazzo della Ragione', 'Casa Giulietta']",Arena,"['Verona Tour', 'Museo Lapidario', 'Museo Radio', 'San Fermo', 'Sighseeing']",Castelvecchio,strategy_nearest,False,0.0036020278930664062,success
0495233A9C4C80,0,['Castelvecchio'],Arena,"['Verona Tour', 'Museo Lapidario', 'Museo Radio', 'San Fermo', 'Casa Giulietta']",Casa Giulietta,strategy_nearest,True,0.003173828125,success
049538429C4C80,0,['Arena'],Casa Giulietta,"['Centro Fotografia', 'Sighseeing', 'Torre Lamberti', 'Museo Conte', 'Museo Radio']",Castelvecchio,strategy_nearest,False,0.002093076705932617,success
049539429C4C80,3,"['Arena', 'Castelvecchio']",Teatro Romano,"['Santa Anastasia', 'Duomo', 'AMO', 'Palazzo della Ragione', 'Museo Conte']",Duomo,strategy_nearest,True,0.0030057430267333984,success
04952C4A9C4C80,1,"['Arena', 'Casa Giulietta', 'Torre Lamberti']",Palazzo della Ragione,"['AMO', 'Museo Conte', 'Centro Fotografia', 'Sighseeing', 'Santa Anastasia']",Santa Anastasia,strategy_nearest,True,0.0048923492431640625,success
04952D3A9C4C80,1,"['Teatro Romano', 'Santa Anastasia', 'Giardino Giusti', 'San Zeno', 'Duomo']",Torre Lamberti,"['Sighseeing', 'Centro Fotografia', 'Museo Conte', 'Casa Giulietta', 'Palazzo della Ragione']",Palazzo della Ragione,strategy_nearest,True,0.0015358924865722656,success
04954B429C4C80,3,"['Arena', 'Castelvecchio']",Torre Lamberti,"['Sighseeing', 'Centro Fotografia', 'Museo Conte', 'Casa Giulietta', 'Palazzo della Ragione']",Santa Anastasia,strategy_nearest,False,0.0015149116516113281,success
049565429C4C80,0,['Arena'],Casa Giulietta,"['Centro Fotografia', 'Sighseeing', 'Torre Lamberti', 'Museo Conte', 'Museo Radio']",Tomba Giulietta,strategy_nearest,False,0.0032377243041992188,success
04953D429C4C80,1,"['Casa Giulietta', 'Torre Lamberti', 'Palazzo della Ragione']",Santa Anastasia,"['AMO', 'Museo Conte', 'Teatro Romano', 'Centro Fotografia', 'Duomo']",Tomba Giulietta,strategy_nearest,False,0.0021491050720214844,success
0495533A9C4C80,3,"['Torre Lamberti', 'Duomo', 'Santa Anastasia']",San Fermo,"['Museo Storia', 'Museo Radio', 'Casa Giulietta', 'Centro Fotografia', 'Arena']",Casa Giulietta,strategy_nearest,True,0.0027048587799072266,success
04956F429C4C80,2,"['Castelvecchio', 'Casa Giulietta']",Museo Lapidario,"['Verona Tour', 'Arena', 'Museo Radio', 'San Fermo', 'Tomba Giulietta']",Torre Lamberti,strategy_nearest,False,0.0021440982818603516,success
04956B429C4C80,3,"['Arena', 'Casa Giulietta']",Teatro Romano,"['Santa Anastasia', 'Duomo', 'AMO', 'Palazzo della Ragione', 'Museo Conte']",Duomo,strategy_nearest,True,0.0015769004821777344,success
049572429C4C80,3,"['Torre Lamberti', 'Santa Anastasia']",Duomo,"['AMO', 'Museo Miniscalchi', 'Teatro Romano', 'Palazzo della Ragione', 'Museo Conte']",San Fermo,strategy_nearest,False,0.002696990966796875,success
04957EC27B3F80,1,"['San Fermo', 'Tomba Giulietta', 'Castelvecchio', 'San Zeno']",Casa Giulietta,"['Centro Fotografia', 'Sighseeing', 'Torre Lamberti', 'Museo Conte', 'Museo Radio']",Arena,strategy_nearest,False,0.0034050941467285156,success
0495824A9C4C80,3,"['Arena', 'Casa Giulietta']",Torre Lamberti,"['Sighseeing', 'Centro Fotografia', 'Museo Conte', 'Palazzo della Ragione', 'AMO']",Santa Anastasia,strategy_nearest,False,0.0023050308227539062,success
049584C27B3F80,1,"['Santa Anastasia', 'Duomo', 'San Zeno', 'Giardino Giusti']",Teatro Romano,"['AMO', 'Palazzo della Ragione', 'Museo Conte', 'Centro Fotografia', 'Museo Miniscalchi']",Torre Lamberti,strategy_nearest,False,0.0025069713592529297,success
0495834A9C4C80,0,['Arena'],Casa Giulietta,"['Centro Fotografia', 'Sighseeing', 'Torre Lamberti', 'Museo Conte', 'Museo Radio']",Torre Lamberti,strategy_nearest,True,0.003213167190551758,success
049589C27B3F80,2,"['Casa Giulietta', 'Palazzo della Ragione']",Torre Lamberti,"['Sighseeing', 'Centro Fotografia', 'Museo Conte', 'AMO', 'Museo Miniscalchi']",Santa Anastasia,strategy_nearest,False,0.0024559497833251953,success
04958D3A9C4C80,3,"['Arena', 'Castelvecchio']",Casa Giulietta,"['Centro Fotografia', 'Sighseeing', 'Torre Lamberti', 'Museo Conte', 'Museo Radio']",Santa Anastasia,strategy_nearest,False,0.0030889511108398438,success
049590429C4C80,0,['Arena'],Castelvecchio,"['Museo Lapidario', 'Verona Tour', 'Museo Radio', 'San Zeno', 'Sighseeing']",Santa Anastasia,strategy_nearest,False,0.002444028854370117,success
049592429C4C80,0,['Arena'],San Fermo,"['Museo Storia', 'Museo Radio', 'Casa Giulietta', 'Centro Fotografia', 'Sighseeing']",Torre Lamberti,strategy_nearest,False,0.0029959678649902344,success
049590C27B3F80,2,"['Santa Anastasia', 'Duomo', 'San Zeno']",Giardino Giusti,"['Teatro Romano', 'Museo Conte', 'Centro Fotografia', 'Museo Storia', 'AMO']",Teatro Romano,strategy_nearest,True,0.003244638442993164,success
04959F429C4C80,0,"['Arena', 'Casa Giulietta']",Torre Lamberti,"['Sighseeing', 'Centro Fotografia', 'Museo Conte', 'Palazzo della Ragione', 'AMO']",Teatro Romano,strategy_nearest,False,0.0032150745391845703,success
0495A73A9C4C80,3,['Arena'],Casa Giulietta,"['Centro Fotografia', 'Sighseeing', 'Torre Lamberti', 'Museo Conte', 'Museo Radio']",Torre Lamberti,strategy_nearest,True,0.002816915512084961,success
0495A14A9C4C80,0,"['Arena', 'Castelvecchio']",Casa Giulietta,"['Centro Fotografia', 'Sighseeing', 'Torre Lamberti', 'Museo Conte', 'Museo Radio']",Museo Lapidario,strategy_nearest,False,0.003259897232055664,success
0495AA4A9C4C80,2,['Torre Lamberti'],Duomo,"['AMO', 'Museo Miniscalchi', 'Santa Anastasia', 'Teatro Romano', 'Palazzo della Ragione']",Teatro Romano,strategy_nearest,True,0.00335693359375,success
0495AB429C4C80,0,['Casa Giulietta'],Arena,"['Verona Tour', 'Museo Lapidario', 'Museo Radio', 'San Fermo', 'Sighseeing']",Castelvecchio,strategy_nearest,False,0.0030329227447509766,success
0495AF429C4C80,0,['Arena'],Torre Lamberti,"['Sighseeing', 'Centro Fotografia', 'Museo Conte', 'Casa Giulietta', 'Palazzo della Ragione']",Museo Storia,strategy_nearest,False,0.002630949020385742,success
0495B23A9C4C80,0,['Casa Giulietta'],Arena,"['Verona Tour', 'Museo Lapidario', 'Museo Radio', 'San Fermo', 'Sighseeing']",Tomba Giulietta,strategy_nearest,False,0.003454923629760742,success
0495B63A9C4C80,1,"['Arena', 'Casa Giulietta']",Torre Lamberti,"['Sighseeing', 'Centro Fotografia', 'Museo Conte', 'Palazzo della Ragione', 'AMO']",Palazzo della Ragione,strategy_nearest,True,0.0026769638061523438,success
0495BA3A9C4C80,0,['Arena'],Museo Lapidario,"['Verona Tour', 'Castelvecchio', 'Museo Radio', 'San Fermo', 'Casa Giulietta']",Castelvecchio,strategy_nearest,True,0.0031948089599609375,success
0495BA429C4C80,0,['Arena'],Casa Giulietta,"['Centro Fotografia', 'Sighseeing', 'Torre Lamberti', 'Museo Conte', 'Museo Radio']",Torre Lamberti,strategy_nearest,True,0.0020232200622558594,success
0495CB3A9C4C80,0,['Arena'],San Fermo,"['Museo Storia', 'Museo Radio', 'Casa Giulietta', 'Centro Fotografia', 'Sighseeing']",San Zeno,strategy_nearest,False,0.002628803253173828,success
0495CA3A9C4C80,0,['San Fermo'],Casa Giulietta,"['Centro Fotografia', 'Sighseeing', 'Torre Lamberti', 'Museo Conte', 'Museo Radio']",Teatro Romano,strategy_nearest,False,0.0027132034301757812,success
0495CD3A9C4C80,2,['San Fermo'],Torre Lamberti,"['Sighseeing', 'Centro Fotografia', 'Museo Conte', 'Casa Giulietta', 'Palazzo della Ragione']",Santa Anastasia,strategy_nearest,False,0.003245115280151367,success
0495EB429C4C80,3,"['Torre Lamberti', 'Santa Anastasia']",Casa Giulietta,"['Centro Fotografia', 'Sighseeing', 'Museo Conte', 'Museo Radio', 'Palazzo della Ragione']",Tomba Giulietta,strategy_nearest,False,0.0025491714477539062,success
0495D53A9C4C80,1,"['Arena', 'Torre Lamberti']",Palazzo della Ragione,"['AMO', 'Museo Conte', 'Centro Fotografia', 'Sighseeing', 'Santa Anastasia']",Casa Giulietta,strategy_nearest,False,0.0027227401733398438,success
0495E53A9C4C80,3,"['Arena', 'Castelvecchio', 'San Zeno']",Casa Giulietta,"['Centro Fotografia', 'Sighseeing', 'Torre Lamberti', 'Museo Conte', 'Museo Radio']",Santa Anastasia,strategy_nearest,False,0.0014190673828125,success
0495D4429C4C80,3,"['Arena', 'Torre Lamberti', 'Santa Anastasia']",Duomo,"['AMO', 'Museo Miniscalchi', 'Teatro Romano', 'Palazzo della Ragione', 'Museo Conte']",Castelvecchio,strategy_nearest,False,0.004116058349609375,success
0495EC429C4C80,0,['Arena'],Museo Lapidario,"['Verona Tour', 'Castelvecchio', 'Museo Radio', 'San Fermo', 'Casa Giulietta']",Casa Giulietta,strategy_nearest,True,0.0019593238830566406,success
0495ED3A9C4C80,1,"['Casa Giulietta', 'Torre Lamberti', 'Palazzo della Ragione']",Arena,"['Verona Tour', 'Museo Lapidario', 'Museo Radio', 'San Fermo', 'Sighseeing']",Santa Anastasia,strategy_nearest,False,0.0026988983154296875,success
0495EF3A9C4C80,3,"['Arena', 'Teatro Romano']",Duomo,"['AMO', 'Museo Miniscalchi', 'Santa Anastasia', 'Palazzo della Ragione', 'Museo Conte']",Santa Anastasia,strategy_nearest,True,0.0028028488159179688,success
0495F03A9C4C80,1,"['San Zeno', 'Castelvecchio', 'Arena', 'Torre Lamberti']",Palazzo della Ragione,"['AMO', 'Museo Conte', 'Centro Fotografia', 'Sighseeing', 'Santa Anastasia']",Santa Anastasia,strategy_nearest,True,0.003532886505126953,success
0495FE429C4C80,0,['Arena'],Casa Giulietta,"['Centro Fotografia', 'Sighseeing', 'Torre Lamberti', 'Museo Conte', 'Museo Radio']",Castelvecchio,strategy_nearest,False,0.0031740665435791016,success
0495FA3A9C4C80,3,['Arena'],Torre Lamberti,"['Sighseeing', 'Centro Fotografia', 'Museo Conte', 'Casa Giulietta', 'Palazzo della Ragione']",Santa Anastasia,strategy_nearest,False,0.0030298233032226562,success
049602429C4C84,2,"['Castelvecchio', 'San Zeno']",Torre Lamberti,"['Sighseeing', 'Centro Fotografia', 'Museo Conte', 'Casa Giulietta', 'Palazzo della Ragione']",Casa Giulietta,strategy_nearest,True,0.0023550987243652344,success
049604429C4C84,1,['Arena'],Torre Lamberti,"['Sighseeing', 'Centro Fotografia', 'Museo Conte', 'Casa Giulietta', 'Palazzo della Ragione']",Palazzo della Ragione,strategy_nearest,True,0.0032379627227783203,success
049607429C4C80,2,['Castelvecchio'],Casa Giulietta,"['Centro Fotografia', 'Sighseeing', 'Torre Lamberti', 'Museo Conte', 'Museo Radio']",Palazzo della Ragione,strategy_nearest,False,0.0020499229431152344,success
0496143A9C4C84,0,['Arena'],Castelvecchio,"['Museo Lapidario', 'Verona Tour', 'Museo Radio', 'San Zeno', 'Sighseeing']",Duomo,strategy_nearest,False,0.0026412010192871094,success
0496073A9C4C84,3,"['Teatro Romano', 'Arena', 'Castelvecchio']",Museo Lapidario,"['Verona Tour', 'Museo Radio', 'San Fermo', 'Casa Giulietta', 'Tomba Giulietta']",San Fermo,strategy_nearest,True,0.004086017608642578,success
049615429C4C80,3,"['Torre Lamberti', 'Santa Anastasia', 'Teatro Romano', 'Giardino Giusti']",Casa Giulietta,"['Centro Fotografia', 'Sighseeing', 'Museo Conte', 'Museo Radio', 'Palazzo della Ragione']",Arena,strategy_nearest,False,0.002371072769165039,success
049616429C4C84,1,"['Arena', 'Casa Giulietta']",Torre Lamberti,"['Sighseeing', 'Centro Fotografia', 'Museo Conte', 'Palazzo della Ragione', 'AMO']",Palazzo della Ragione,strategy_nearest,True,0.00397491455078125,success
049626429C4C80,0,['Torre Lamberti'],Arena,"['Verona Tour', 'Museo Lapidario', 'Museo Radio', 'San Fermo', 'Casa Giulietta']",San Fermo,strategy_nearest,True,0.003114938735961914,success
0496213A9C4C84,2,"['Tomba Giulietta', 'Museo Storia']",Teatro Romano,"['Santa Anastasia', 'Duomo', 'AMO', 'Palazzo della Ragione', 'Museo Conte']",Santa Anastasia,strategy_nearest,True,0.0026891231536865234,success
04962F3A9C4C80,3,"['Duomo', 'Torre Lamberti']",San Fermo,"['Museo Storia', 'Museo Radio', 'Casa Giulietta', 'Centro Fotografia', 'Arena']",Teatro Romano,strategy_nearest,False,0.003143787384033203,success
0496373A9C4C80,0,['Casa Giulietta'],Arena,"['Verona Tour', 'Museo Lapidario', 'Museo Radio', 'San Fermo', 'Sighseeing']",San Zeno,strategy_nearest,False,0.0025300979614257812,success
0496383A9C4C80,1,"['Arena', 'Casa Giulietta']",Torre Lamberti,"['Sighseeing', 'Centro Fotografia', 'Museo Conte', 'Palazzo della Ragione', 'AMO']",Palazzo della Ragione,strategy_nearest,True,0.0025200843811035156,success
0496374A9C4C80,3,"['Castelvecchio', 'Torre Lamberti', 'Casa Giulietta']",Arena,"['Verona Tour', 'Museo Lapidario', 'Museo Radio', 'San Fermo', 'Sighseeing']",Santa Anastasia,strategy_nearest,False,0.0032100677490234375,success
04963B4A9C4C80,3,"['Arena', 'Casa Giulietta', 'San Fermo']",Santa Anastasia,"['AMO', 'Museo Conte', 'Palazzo della Ragione', 'Teatro Romano', 'Centro Fotografia']",Duomo,strategy_nearest,False,0.0033180713653564453,success
0496403A9C4C80,0,['Arena'],Duomo,"['AMO', 'Museo Miniscalchi', 'Santa Anastasia', 'Teatro Romano', 'Palazzo della Ragione']",Teatro Romano,strategy_nearest,True,0.002462148666381836,success
04963C429C4C80,3,['Arena'],Santa Anastasia,"['AMO', 'Museo Conte', 'Palazzo della Ragione', 'Teatro Romano', 'Centro Fotografia']",Duomo,strategy_nearest,False,0.0031909942626953125,success
0496433A9C4C80,0,['Teatro Romano'],Arena,"['Verona Tour', 'Museo Lapidario', 'Museo Radio', 'San Fermo', 'Casa Giulietta']",Castelvecchio,strategy_nearest,False,0.0029900074005126953,success
0496503A9C4C80,0,"['Tomba Giulietta', 'Arena']",Castelvecchio,"['Museo Lapidario', 'Verona Tour', 'Museo Radio', 'San Zeno', 'Sighseeing']",San Zeno,strategy_nearest,True,0.002969026565551758,success
0496523A9C4C80,1,"['Arena', 'Castelvecchio']",San Zeno,"['Verona Tour', 'Museo Lapidario', 'Museo Miniscalchi', 'Sighseeing', 'Museo Radio']",Casa Giulietta,strategy_nearest,False,0.002621889114379883,success
049652429C4C80,1,"['Arena', 'Casa Giulietta']",Palazzo della Ragione,"['AMO', 'Museo Conte', 'Torre Lamberti', 'Centro Fotografia', 'Sighseeing']",Torre Lamberti,strategy_nearest,True,0.00341796875,success
04966B429C4C80,1,"['Teatro Romano', 'Duomo', 'Torre Lamberti']",Palazzo della Ragione,"['AMO', 'Museo Conte', 'Centro Fotografia', 'Sighseeing', 'Santa Anastasia']",Casa Giulietta,strategy_nearest,False,0.0030782222747802734,success
04965D3A9C4C80,1,"['Arena', 'Casa Giulietta']",Palazzo della Ragione,"['AMO', 'Museo Conte', 'Torre Lamberti', 'Centro Fotografia', 'Sighseeing']",Torre Lamberti,strategy_nearest,True,0.003103017807006836,success
0496763A9C4C80,3,"['Arena', 'Casa Giulietta']",Torre Lamberti,"['Sighseeing', 'Centro Fotografia', 'Museo Conte', 'Palazzo della Ragione', 'AMO']",Santa Anastasia,strategy_nearest,False,0.0029058456420898438,success
049678429C4C80,0,"['Tomba Giulietta', 'Castelvecchio']",Casa Giulietta,"['Centro Fotografia', 'Sighseeing', 'Torre Lamberti', 'Museo Conte', 'Museo Radio']",Duomo,strategy_nearest,False,0.0019958019256591797,success
04967C3A9C4C80,2,"['Casa Giulietta', 'San Fermo']",Torre Lamberti,"['Sighseeing', 'Centro Fotografia', 'Museo Conte', 'Palazzo della Ragione', 'AMO']",Palazzo della Ragione,strategy_nearest,True,0.002495288848876953,success
0496783A9C4C80,0,"['Arena', 'Casa Giulietta']",Torre Lamberti,"['Sighseeing', 'Centro Fotografia', 'Museo Conte', 'Palazzo della Ragione', 'AMO']",Castelvecchio,strategy_nearest,False,0.003381967544555664,success
049676429C4C80,3,"['Teatro Romano', 'San Fermo']",Tomba Giulietta,"['Museo Storia', 'Arena', 'Museo Lapidario', 'Museo Radio', 'Verona Tour']",Castelvecchio,strategy_nearest,False,0.0027527809143066406,success
049684429C4C80,0,['Arena'],Teatro Romano,"['Santa Anastasia', 'Duomo', 'AMO', 'Palazzo della Ragione', 'Museo Conte']",San Zeno,strategy_nearest,False,0.0024192333221435547,success
0496853A9C4C80,0,['Arena'],Museo Lapidario,"['Verona Tour', 'Castelvecchio', 'Museo Radio', 'San Fermo', 'Casa Giulietta']",Castelvecchio,strategy_nearest,True,0.0025200843811035156,success
0496893A9C4C80,0,['Arena'],Casa Giulietta,"['Centro Fotografia', 'Sighseeing', 'Torre Lamberti', 'Museo Conte', 'Museo Radio']",Tomba Giulietta,strategy_nearest,False,0.0033740997314453125,success
04968A4A9C4C80,1,"['Arena', 'Museo Lapidario']",Casa Giulietta,"['Centro Fotografia', 'Sighseeing', 'Torre Lamberti', 'Museo Conte', 'Museo Radio']",Torre Lamberti,strategy_nearest,True,0.002529144287109375,success
049690429C4C80,0,['Arena'],Casa Giulietta,"['Centro Fotografia', 'Sighseeing', 'Torre Lamberti', 'Museo Conte', 'Museo Radio']",Duomo,strategy_nearest,False,0.0023970603942871094,success
04968F4A9C4C80,2,"['Casa Giulietta', 'Torre Lamberti', 'Palazzo della Ragione']",Duomo,"['AMO', 'Museo Miniscalchi', 'Santa Anastasia', 'Teatro Romano', 'Museo Conte']",Santa Anastasia,strategy_nearest,True,0.003998994827270508,success
0496AD3A9C4C80,3,"['Arena', 'Santa Anastasia']",Duomo,"['AMO', 'Museo Miniscalchi', 'Teatro Romano', 'Palazzo della Ragione', 'Museo Conte']",Teatro Romano,strategy_nearest,True,0.0027430057525634766,success
0496B4429C4C80,1,['Arena'],Castelvecchio,"['Museo Lapidario', 'Verona Tour', 'Museo Radio', 'San Zeno', 'Sighseeing']",Palazzo della Ragione,strategy_nearest,False,0.0032961368560791016,success
049697429C4C80,0,"['Arena', 'Castelvecchio', 'Torre Lamberti']",Casa Giulietta,"['Centro Fotografia', 'Sighseeing', 'Museo Conte', 'Museo Radio', 'Palazzo della Ragione']",San Fermo,strategy_nearest,False,0.00453495979309082,success
0496B03A9C4C80,0,['Castelvecchio'],Casa Giulietta,"['Centro Fotografia', 'Sighseeing', 'Torre Lamberti', 'Museo Conte', 'Museo Radio']",Arena,strategy_nearest,False,0.0022242069244384766,success
0496BA429C4C80,2,['Casa Giulietta'],Torre Lamberti,"['Sighseeing', 'Centro Fotografia', 'Museo Conte', 'Palazzo della Ragione', 'AMO']",Tomba Giulietta,strategy_nearest,False,0.0031881332397460938,success
0496BB3A9C4C80,0,['Casa Giulietta'],Torre Lamberti,"['Sighseeing', 'Centro Fotografia', 'Museo Conte', 'Palazzo della Ragione', 'AMO']",Duomo,strategy_nearest,False,0.0019690990447998047,success
0496BB429C4C80,2,['Duomo'],Torre Lamberti,"['Sighseeing', 'Centro Fotografia', 'Museo Conte', 'Casa Giulietta', 'Palazzo della Ragione']",Castelvecchio,strategy_nearest,False,0.002707242965698242,success
0496C4429C4C80,3,"['San Zeno', 'San Fermo']",Arena,"['Verona Tour', 'Museo Lapidario', 'Museo Radio', 'Casa Giulietta', 'Sighseeing']",Torre Lamberti,strategy_nearest,False,0.0027229785919189453,success
0496BC3A9C4C80,2,"['Casa Giulietta', 'Torre Lamberti']",Palazzo della Ragione,"['AMO', 'Museo Conte', 'Centro Fotografia', 'Sighseeing', 'Santa Anastasia']",Santa Anastasia,strategy_nearest,True,0.0038809776306152344,success
0496C8429C4C80,1,['San Zeno'],Palazzo della Ragione,"['AMO', 'Museo Conte', 'Torre Lamberti', 'Centro Fotografia', 'Sighseeing']",Arena,strategy_nearest,False,0.003297090530395508,success
0496BE429C4C80,0,['Arena'],Casa Giulietta,"['Centro Fotografia', 'Sighseeing', 'Torre Lamberti', 'Museo Conte', 'Museo Radio']",Teatro Romano,strategy_nearest,False,0.0035431385040283203,success
0496CB3A9C4C80,0,"['Arena', 'Casa Giulietta']",Torre Lamberti,"['Sighseeing', 'Centro Fotografia', 'Museo Conte', 'Palazzo della Ragione', 'AMO']",Duomo,strategy_nearest,False,0.0027332305908203125,success
0496CE3A9C4C80,2,"['Torre Lamberti', 'Duomo']",Santa Anastasia,"['AMO', 'Museo Conte', 'Palazzo della Ragione', 'Teatro Romano', 'Centro Fotografia']",Casa Giulietta,strategy_nearest,False,0.002088785171508789,success
0496D93A9C4C80,3,"['Duomo', 'Santa Anastasia']",Torre Lamberti,"['Sighseeing', 'Centro Fotografia', 'Museo Conte', 'Casa Giulietta', 'Palazzo della Ragione']",Torre Lamberti,strategy_nearest,False,0.002881765365600586,success
0496D23A9C4C80,2,['Casa Giulietta'],Torre Lamberti,"['Sighseeing', 'Centro Fotografia', 'Museo Conte', 'Palazzo della Ragione', 'AMO']",Tomba Giulietta,strategy_nearest,False,0.0026750564575195312,success
0496E93A9C4C80,0,['Arena'],San Zeno,"['Castelvecchio', 'Verona Tour', 'Museo Lapidario', 'Museo Miniscalchi', 'Sighseeing']",Teatro Romano,strategy_nearest,False,0.00335693359375,success
0496F13A9C4C80,1,['Arena'],Palazzo della Ragione,"['AMO', 'Museo Conte', 'Torre Lamberti', 'Centro Fotografia', 'Sighseeing']",Torre Lamberti,strategy_nearest,True,0.0015139579772949219,success
0496F4429C4C80,1,"['Casa Giulietta', 'Palazzo della Ragione', 'Torre Lamberti']",Arena,"['Verona Tour', 'Museo Lapidario', 'Museo Radio', 'San Fermo', 'Sighseeing']",Tomba Giulietta,strategy_nearest,False,0.0026259422302246094,success
0496F03A9C4C80,0,['Casa Giulietta'],Palazzo della Ragione,"['AMO', 'Museo Conte', 'Torre Lamberti', 'Centro Fotografia', 'Sighseeing']",Arena,strategy_nearest,False,0.002148866653442383,success
0496FD3A9C4C80,1,"['Arena', 'Torre Lamberti']",Palazzo della Ragione,"['AMO', 'Museo Conte', 'Centro Fotografia', 'Sighseeing', 'Santa Anastasia']",Duomo,strategy_nearest,False,0.0019779205322265625,success
0496FD429C4C80,3,"['Tomba Giulietta', 'Santa Anastasia']",Torre Lamberti,"['Sighseeing', 'Centro Fotografia', 'Museo Conte', 'Casa Giulietta', 'Palazzo della Ragione']",Castelvecchio,strategy_nearest,False,0.0013632774353027344,success
04970A3A9C4C84,0,['Arena'],Casa Giulietta,"['Centro Fotografia', 'Sighseeing', 'Torre Lamberti', 'Museo Conte', 'Museo Radio']",Torre Lamberti,strategy_nearest,True,0.002566099166870117,success
049705429C4C84,3,"['Arena', 'Casa Giulietta', 'Santa Anastasia']",Duomo,"['AMO', 'Museo Miniscalchi', 'Teatro Romano', 'Palazzo della Ragione', 'Museo Conte']",San Fermo,strategy_nearest,False,0.003451108932495117,success
04970B429C4C80,1,"['Tomba Giulietta', 'Torre Lamberti']",Palazzo della Ragione,"['AMO', 'Museo Conte', 'Centro Fotografia', 'Sighseeing', 'Santa Anastasia']",Castelvecchio,strategy_nearest,False,0.002893209457397461,success
049716429C4C80,2,"['San Zeno', 'Castelvecchio', 'Santa Anastasia']",Duomo,"['AMO', 'Museo Miniscalchi', 'Teatro Romano', 'Palazzo della Ragione', 'Museo Conte']",Torre Lamberti,strategy_nearest,False,0.002565145492553711,success
0497133A9C4C84,0,['Arena'],Casa Giulietta,"['Centro Fotografia', 'Sighseeing', 'Torre Lamberti', 'Museo Conte', 'Museo Radio']",Torre Lamberti,strategy_nearest,True,0.004044055938720703,success
049712429C4C84,2,['San Fermo'],San Zeno,"['Castelvecchio', 'Verona Tour', 'Museo Lapidario', 'Arena', 'Museo Miniscalchi']",Duomo,strategy_nearest,False,0.0027818679809570312,success
0497203A9C4C80,2,"['Casa Giulietta', 'Torre Lamberti', 'Palazzo della Ragione']",Teatro Romano,"['Santa Anastasia', 'Duomo', 'AMO', 'Museo Conte', 'Centro Fotografia']",Duomo,strategy_nearest,True,0.001992940902709961,success
0497263A9C4C80,3,"['Castelvecchio', 'Arena', 'Casa Giulietta']",Torre Lamberti,"['Sighseeing', 'Centro Fotografia', 'Museo Conte', 'Palazzo della Ragione', 'AMO']",Santa Anastasia,strategy_nearest,False,0.002608060836791992,success
0497283A9C4C80,2,['Castelvecchio'],Casa Giulietta,"['Centro Fotografia', 'Sighseeing', 'Torre Lamberti', 'Museo Conte', 'Museo Radio']",Torre Lamberti,strategy_nearest,True,0.0026340484619140625,success
04972B4A9C4C80,1,"['Arena', 'Castelvecchio', 'San Zeno', 'Torre Lamberti']",Santa Anastasia,"['AMO', 'Museo Conte', 'Palazzo della Ragione', 'Teatro Romano', 'Centro Fotografia']",Palazzo della Ragione,strategy_nearest,True,0.0026559829711914062,success
049735429C4C80,2,"['Santa Anastasia', 'Duomo']",Torre Lamberti,"['Sighseeing', 'Centro Fotografia', 'Museo Conte', 'Casa Giulietta', 'Palazzo della Ragione']",Castelvecchio,strategy_nearest,False,0.0026078224182128906,success
0497373A9C4C80,0,['Arena'],Teatro Romano,"['Santa Anastasia', 'Duomo', 'AMO', 'Palazzo della Ragione', 'Museo Conte']",Castelvecchio,strategy_nearest,False,0.002610921859741211,success
049740429C4C80,2,"['Castelvecchio', 'Casa Giulietta']",Teatro Romano,"['Santa Anastasia', 'Duomo', 'AMO', 'Palazzo della Ragione', 'Museo Conte']",Palazzo della Ragione,strategy_nearest,True,0.0033562183380126953,success
0497413A9C4C80,0,"['Arena', 'Casa Giulietta']",Torre Lamberti,"['Sighseeing', 'Centro Fotografia', 'Museo Conte', 'Palazzo della Ragione', 'AMO']",Tomba Giulietta,strategy_nearest,False,0.003281116485595703,success
04974D3A9C4C80,0,['Casa Giulietta'],Castelvecchio,"['Museo Lapidario', 'Verona Tour', 'Arena', 'Museo Radio', 'San Zeno']",San Zeno,strategy_nearest,True,0.0019159317016601562,success
049743429C4C80,2,"['Castelvecchio', 'Casa Giulietta']",Teatro Romano,"['Santa Anastasia', 'Duomo', 'AMO', 'Palazzo della Ragione', 'Museo Conte']",Palazzo della Ragione,strategy_nearest,True,0.0032148361206054688,success
0497443A9C4C80,0,['Arena'],Casa Giulietta,"['Centro Fotografia', 'Sighseeing', 'Torre Lamberti', 'Museo Conte', 'Museo Radio']",Santa Anastasia,strategy_nearest,False,0.0031938552856445312,success
049754429C4C80,3,"['Castelvecchio', 'Casa Giulietta', 'Torre Lamberti']",Duomo,"['AMO', 'Museo Miniscalchi', 'Santa Anastasia', 'Teatro Romano', 'Palazzo della Ragione']",Arena,strategy_nearest,False,0.0030851364135742188,success
049758429C4C80,1,"['Arena', 'Casa Giulietta', 'Museo Storia']",Castelvecchio,"['Museo Lapidario', 'Verona Tour', 'Museo Radio', 'San Zeno', 'Sighseeing']",Palazzo della Ragione,strategy_nearest,False,0.0020470619201660156,success
0497613A9C4C80,3,"['Arena', 'Casa Giulietta', 'Castelvecchio']",Teatro Romano,"['Santa Anastasia', 'Duomo', 'AMO', 'Palazzo della Ragione', 'Museo Conte']",San Zeno,strategy_nearest,False,0.0026559829711914062,success
0497643A9C4C80,0,['Arena'],Teatro Romano,"['Santa Anastasia', 'Duomo', 'AMO', 'Palazzo della Ragione', 'Museo Conte']",Duomo,strategy_nearest,True,0.0032470226287841797,success
04976B429C4C80,1,"['Santa Anastasia', 'Duomo', 'Teatro Romano', 'Casa Giulietta', 'Museo Lapidario']",Arena,"['Verona Tour', 'Museo Radio', 'San Fermo', 'Sighseeing', 'Castelvecchio']",Tomba Giulietta,strategy_nearest,False,0.0020608901977539062,success
0497663A9C4C80,3,"['Torre Lamberti', 'Duomo', 'Teatro Romano']",Casa Giulietta,"['Centro Fotografia', 'Sighseeing', 'Museo Conte', 'Museo Radio', 'Palazzo della Ragione']",Museo Lapidario,strategy_nearest,False,0.003348112106323242,success
04976A429C4C80,3,"['Teatro Romano', 'Santa Anastasia']",Casa Giulietta,"['Centro Fotografia', 'Sighseeing', 'Torre Lamberti', 'Museo Conte', 'Museo Radio']",Arena,strategy_nearest,False,0.0020418167114257812,success
04976F3A9C4C80,3,"['Giardino Giusti', 'Tomba Giulietta', 'Museo Storia', 'San Fermo']",Torre Lamberti,"['Sighseeing', 'Centro Fotografia', 'Museo Conte', 'Casa Giulietta', 'Palazzo della Ragione']",Casa Giulietta,strategy_nearest,True,0.003184795379638672,success
049778429C4C80,2,"['Casa Giulietta', 'Palazzo della Ragione', 'Torre Lamberti']",Santa Anastasia,"['AMO', 'Museo Conte', 'Teatro Romano', 'Centro Fotografia', 'Duomo']",Teatro Romano,strategy_nearest,True,0.002843141555786133,success
049786429C4C80,1,"['Arena', 'Palazzo della Ragione']",Casa Giulietta,"['Centro Fotografia', 'Sighseeing', 'Torre Lamberti', 'Museo Conte', 'Museo Radio']",San Fermo,strategy_nearest,False,0.002092123031616211,success
049772429C4C80,0,"['Arena', 'Museo Lapidario']",Casa Giulietta,"['Centro Fotografia', 'Sighseeing', 'Torre Lamberti', 'Museo Conte', 'Museo Radio']",Torre Lamberti,strategy_nearest,True,0.00418400764465332,success
0497713A9C4C80,0,['Arena'],Giardino Giusti,"['Santa Anastasia', 'Teatro Romano', 'Museo Conte', 'Centro Fotografia', 'Museo Storia']",Duomo,strategy_nearest,False,0.0023071765899658203,success
049791429C4C80,2,['Casa Giulietta'],Torre Lamberti,"['Sighseeing', 'Centro Fotografia', 'Museo Conte', 'Palazzo della Ragione', 'AMO']",Castelvecchio,strategy_nearest,False,0.001992940902709961,success
0497924A9C4C80,1,"['Arena', 'Casa Giulietta']",Palazzo della Ragione,"['AMO', 'Museo Conte', 'Torre Lamberti', 'Centro Fotografia', 'Sighseeing']",Torre Lamberti,strategy_nearest,True,0.0019259452819824219,success
049792429C4C80,0,['Arena'],Castelvecchio,"['Museo Lapidario', 'Verona Tour', 'Museo Radio', 'San Zeno', 'Sighseeing']",Teatro Romano,strategy_nearest,False,0.0032210350036621094,success
04979A429C4C80,3,"['Arena', 'Casa Giulietta', 'Torre Lamberti']",Santa Anastasia,"['AMO', 'Museo Conte', 'Palazzo della Ragione', 'Teatro Romano', 'Centro Fotografia']",Tomba Giulietta,strategy_nearest,False,0.003036975860595703,success
0497A04A9C4C80,3,"['Arena', 'Casa Giulietta']",Torre Lamberti,"['Sighseeing', 'Centro Fotografia', 'Museo Conte', 'Palazzo della Ragione', 'AMO']",Santa Anastasia,strategy_nearest,False,0.0019690990447998047,success
0497A64A9C4C80,1,"['Arena', 'Casa Giulietta']",Palazzo della Ragione,"['AMO', 'Museo Conte', 'Torre Lamberti', 'Centro Fotografia', 'Sighseeing']",Torre Lamberti,strategy_nearest,True,0.0023398399353027344,success
0497A83A9C4C80,2,['Casa Giulietta'],Castelvecchio,"['Museo Lapidario', 'Verona Tour', 'Arena', 'Museo Radio', 'San Zeno']",Torre Lamberti,strategy_nearest,False,0.003155946731567383,success
0497AC429C4C80,0,['Arena'],Duomo,"['AMO', 'Museo Miniscalchi', 'Santa Anastasia', 'Teatro Romano', 'Palazzo della Ragione']",Teatro Romano,strategy_nearest,True,0.002534151077270508,success
0497AD3A9C4C80,1,"['Casa Giulietta', 'Arena', 'Castelvecchio']",Santa Anastasia,"['AMO', 'Museo Conte', 'Palazzo della Ragione', 'Teatro Romano', 'Centro Fotografia']",Duomo,strategy_nearest,False,0.00234222412109375,success
0497BF3A9C4C80,3,"['Arena', 'Casa Giulietta']",Torre Lamberti,"['Sighseeing', 'Centro Fotografia', 'Museo Conte', 'Palazzo della Ragione', 'AMO']",Santa Anastasia,strategy_nearest,False,0.001967906951904297,success
0497BC429C4C80,0,"['Tomba Giulietta', 'Arena']",Castelvecchio,"['Museo Lapidario', 'Verona Tour', 'Museo Radio', 'San Zeno', 'Sighseeing']",San Zeno,strategy_nearest,True,0.0027070045471191406,success
0497B93A9C4C80,2,['Duomo'],Santa Anastasia,"['AMO', 'Museo Conte', 'Palazzo della Ragione', 'Teatro Romano', 'Centro Fotografia']",Torre Lamberti,strategy_nearest,False,0.0037190914154052734,success
0497BC3A9C4C80,0,['Torre Lamberti'],Arena,"['Verona Tour', 'Museo Lapidario', 'Museo Radio', 'San Fermo', 'Casa Giulietta']",Castelvecchio,strategy_nearest,False,0.004556179046630859,success
0497C1429C4C80,3,"['Arena', 'Casa Giulietta']",Torre Lamberti,"['Sighseeing', 'Centro Fotografia', 'Museo Conte', 'Palazzo della Ragione', 'AMO']",Santa Anastasia,strategy_nearest,False,0.0026679039001464844,success
0497C5429C4C80,1,['Torre Lamberti'],Palazzo della Ragione,"['AMO', 'Museo Conte', 'Centro Fotografia', 'Sighseeing', 'Santa Anastasia']",Castelvecchio,strategy_nearest,False,0.002664327621459961,success
0497DA3A9C4C80,2,['Castelvecchio'],San Fermo,"['Museo Storia', 'Museo Radio', 'Casa Giulietta', 'Centro Fotografia', 'Arena']",Tomba Giulietta,strategy_nearest,False,0.003258943557739258,success
0497C23A9C4C80,3,['Arena'],San Fermo,"['Museo Storia', 'Museo Radio', 'Casa Giulietta', 'Centro Fotografia', 'Sighseeing']",Torre Lamberti,strategy_nearest,False,0.002115964889526367,success
0497DD3A9C4C80,2,['Casa Giulietta'],Torre Lamberti,"['Sighseeing', 'Centro Fotografia', 'Museo Conte', 'Palazzo della Ragione', 'AMO']",Palazzo della Ragione,strategy_nearest,True,0.0020329952239990234,success
0497E33A9C4C80,0,['Casa Giulietta'],Duomo,"['AMO', 'Museo Miniscalchi', 'Santa Anastasia', 'Teatro Romano', 'Palazzo della Ragione']",Arena,strategy_nearest,False,0.0021538734436035156,success
0497E4429C4C80,1,"['Teatro Romano', 'Castelvecchio', 'Torre Lamberti']",Palazzo della Ragione,"['AMO', 'Museo Conte', 'Centro Fotografia', 'Sighseeing', 'Santa Anastasia']",Duomo,strategy_nearest,False,0.0026502609252929688,success
0497E83A9C4C80,4,"['Museo Lapidario', 'Arena', 'Tomba Giulietta', 'Museo Radio', 'San Fermo']",Torre Lamberti,"['Sighseeing', 'Centro Fotografia', 'Museo Conte', 'Casa Giulietta', 'Palazzo della Ragione']",Palazzo della Ragione,strategy_nearest,True,0.0024871826171875,success
0497E5429C4C80,3,"['Casa Giulietta', 'Castelvecchio', 'San Fermo', 'Arena']",Torre Lamberti,"['Sighseeing', 'Centro Fotografia', 'Museo Conte', 'Palazzo della Ragione', 'AMO']",Duomo,strategy_nearest,False,0.0030531883239746094,success
049802429C4C84,3,"['Arena', 'Tomba Giulietta', 'San Fermo', 'Casa Giulietta']",Torre Lamberti,"['Sighseeing', 'Centro Fotografia', 'Museo Conte', 'Palazzo della Ragione', 'AMO']",Santa Anastasia,strategy_nearest,False,0.002629995346069336,success
049806429C4C80,3,"['Arena', 'Santa Anastasia', 'Teatro Romano']",Duomo,"['AMO', 'Museo Miniscalchi', 'Palazzo della Ragione', 'Museo Conte', 'Torre Lamberti']",Castelvecchio,strategy_nearest,False,0.003340005874633789,success
049812429C4C80,3,"['Teatro Romano', 'Santa Anastasia']",Casa Giulietta,"['Centro Fotografia', 'Sighseeing', 'Torre Lamberti', 'Museo Conte', 'Museo Radio']",Arena,strategy_nearest,False,0.0023908615112304688,success
0498133A9C4C84,3,"['Arena', 'Torre Lamberti']",Casa Giulietta,"['Centro Fotografia', 'Sighseeing', 'Museo Conte', 'Museo Radio', 'Palazzo della Ragione']",Duomo,strategy_nearest,False,0.0031800270080566406,success
0498143A9C4C84,0,['Arena'],Casa Giulietta,"['Centro Fotografia', 'Sighseeing', 'Torre Lamberti', 'Museo Conte', 'Museo Radio']",Torre Lamberti,strategy_nearest,True,0.0025441646575927734,success
04981B3A9C4C84,0,['Arena'],Casa Giulietta,"['Centro Fotografia', 'Sighseeing', 'Torre Lamberti', 'Museo Conte', 'Museo Radio']",Duomo,strategy_nearest,False,0.003267049789428711,success
04981F3A9C4C80,2,"['Castelvecchio', 'Teatro Romano']",Santa Anastasia,"['AMO', 'Museo Conte', 'Palazzo della Ragione', 'Centro Fotografia', 'Duomo']",San Zeno,strategy_nearest,False,0.0029571056365966797,success
049825429C4C84,3,"['Arena', 'San Fermo', 'Santa Anastasia', 'Duomo']",Torre Lamberti,"['Sighseeing', 'Centro Fotografia', 'Museo Conte', 'Casa Giulietta', 'Palazzo della Ragione']",Castelvecchio,strategy_nearest,False,0.003020048141479492,success
0498263A9C4C80,1,"['Arena', 'Santa Anastasia', 'Torre Lamberti']",Palazzo della Ragione,"['AMO', 'Museo Conte', 'Centro Fotografia', 'Sighseeing', 'Museo Miniscalchi']",Castelvecchio,strategy_nearest,False,0.0017881393432617188,success
04982A3A9C4C80,0,['Arena'],Torre Lamberti,"['Sighseeing', 'Centro Fotografia', 'Museo Conte', 'Casa Giulietta', 'Palazzo della Ragione']",Giardino Giusti,strategy_nearest,False,0.0027670860290527344,success
04982F3A9C4C80,3,"['Arena', 'Casa Giulietta']",Torre Lamberti,"['Sighseeing', 'Centro Fotografia', 'Museo Conte', 'Palazzo della Ragione', 'AMO']",Santa Anastasia,strategy_nearest,False,0.0033462047576904297,success
049832429C4C80,3,"['Arena', 'Castelvecchio', 'Casa Giulietta', 'Torre Lamberti']",Santa Anastasia,"['AMO', 'Museo Conte', 'Palazzo della Ragione', 'Teatro Romano', 'Centro Fotografia']",Duomo,strategy_nearest,False,0.002444028854370117,success
049835429C4C80,2,"['Torre Lamberti', 'Casa Giulietta', 'San Fermo']",Castelvecchio,"['Museo Lapidario', 'Verona Tour', 'Arena', 'Museo Radio', 'San Zeno']",San Zeno,strategy_nearest,True,0.002953052520751953,success
049836429C4C80,3,"['Arena', 'Casa Giulietta']",Santa Anastasia,"['AMO', 'Museo Conte', 'Palazzo della Ragione', 'Teatro Romano', 'Centro Fotografia']",Duomo,strategy_nearest,False,0.003283262252807617,success
04983C429C4C80,3,"['Arena', 'Casa Giulietta']",Museo Lapidario,"['Verona Tour', 'Castelvecchio', 'Museo Radio', 'San Fermo', 'Tomba Giulietta']",Torre Lamberti,strategy_nearest,False,0.0024559497833251953,success
049846429C4C80,0,['Arena'],Casa Giulietta,"['Centro Fotografia', 'Sighseeing', 'Torre Lamberti', 'Museo Conte', 'Museo Radio']",Duomo,strategy_nearest,False,0.002809286117553711,success
04984A429C4C80,0,['Casa Giulietta'],Santa Anastasia,"['AMO', 'Museo Conte', 'Palazzo della Ragione', 'Teatro Romano', 'Centro Fotografia']",Arena,strategy_nearest,False,0.0031900405883789062,success
04984E429C4C80,0,"['Duomo', 'Casa Giulietta']",Arena,"['Verona Tour', 'Museo Lapidario', 'Museo Radio', 'San Fermo', 'Sighseeing']",Tomba Giulietta,strategy_nearest,False,0.00279998779296875,success
049851429C4C80,3,"['Arena', 'Casa Giulietta', 'Santa Anastasia']",Duomo,"['AMO', 'Museo Miniscalchi', 'Teatro Romano', 'Palazzo della Ragione', 'Museo Conte']",Teatro Romano,strategy_nearest,True,0.002538919448852539,success
049850429C4C80,1,"['Tomba Giulietta', 'Arena']",Palazzo della Ragione,"['AMO', 'Museo Conte', 'Torre Lamberti', 'Centro Fotografia', 'Sighseeing']",Torre Lamberti,strategy_nearest,True,0.0033500194549560547,success
0498543A9C4C80,2,['Museo Lapidario'],Castelvecchio,"['Verona Tour', 'Arena', 'Museo Radio', 'San Zeno', 'Sighseeing']",Torre Lamberti,strategy_nearest,False,0.0030248165130615234,success
0498603A9C4C80,4,"['Arena', 'Casa Giulietta', 'Torre Lamberti', 'Santa Anastasia']",Teatro Romano,"['Duomo', 'AMO', 'Palazzo della Ragione', 'Museo Conte', 'Centro Fotografia']",Museo Radio,strategy_nearest,False,0.003298044204711914,success
04985E3A9C4C80,1,"['Arena', 'Palazzo della Ragione', 'Torre Lamberti', 'Santa Anastasia']",Castelvecchio,"['Museo Lapidario', 'Verona Tour', 'Museo Radio', 'San Zeno', 'Sighseeing']",Duomo,strategy_nearest,False,0.002660989761352539,success
049864429C4C80,1,"['Castelvecchio', 'San Fermo', 'Casa Giulietta']",Palazzo della Ragione,"['AMO', 'Museo Conte', 'Torre Lamberti', 'Centro Fotografia', 'Sighseeing']",Torre Lamberti,strategy_nearest,True,0.002644062042236328,success
0498653A9C4C80,1,"['Arena', 'Castelvecchio', 'Palazzo della Ragione']",Torre Lamberti,"['Sighseeing', 'Centro Fotografia', 'Museo Conte', 'Casa Giulietta', 'AMO']",Teatro Romano,strategy_nearest,False,0.002910137176513672,success
0498713A9C4C80,2,"['Casa Giulietta', 'Torre Lamberti']",Palazzo della Ragione,"['AMO', 'Museo Conte', 'Centro Fotografia', 'Sighseeing', 'Santa Anastasia']",Santa Anastasia,strategy_nearest,True,0.0026569366455078125,success
0498663A9C4C80,3,"['Torre Lamberti', 'Santa Anastasia']",Arena,"['Verona Tour', 'Museo Lapidario', 'Museo Radio', 'San Fermo', 'Casa Giulietta']",Duomo,strategy_nearest,False,0.0017998218536376953,success
049871429C4C80,1,['Arena'],Torre Lamberti,"['Sighseeing', 'Centro Fotografia', 'Museo Conte', 'Casa Giulietta', 'Palazzo della Ragione']",Palazzo della Ragione,strategy_nearest,True,0.002744913101196289,success
049872429C4C80,3,['Arena'],Casa Giulietta,"['Centro Fotografia', 'Sighseeing', 'Torre Lamberti', 'Museo Conte', 'Museo Radio']",Santa Anastasia,strategy_nearest,False,0.003354310989379883,success
049876C27B3F80,0,"['Arena', 'Casa Giulietta']",Giardino Giusti,"['Santa Anastasia', 'Teatro Romano', 'Museo Conte', 'Centro Fotografia', 'Museo Storia']",Teatro Romano,strategy_nearest,True,0.0025420188903808594,success
049875429C4C80,2,"['Castelvecchio', 'San Fermo']",Casa Giulietta,"['Centro Fotografia', 'Sighseeing', 'Torre Lamberti', 'Museo Conte', 'Museo Radio']",Palazzo della Ragione,strategy_nearest,False,0.003258228302001953,success
04987D4A9C4C80,0,"['Arena', 'Castelvecchio']",San Zeno,"['Verona Tour', 'Museo Lapidario', 'Museo Miniscalchi', 'Sighseeing', 'Museo Radio']",Torre Lamberti,strategy_nearest,False,0.002804994583129883,success
04987DC27B3F80,1,"['Torre Lamberti', 'Palazzo della Ragione', 'Casa Giulietta']",Arena,"['Verona Tour', 'Museo Lapidario', 'Museo Radio', 'San Fermo', 'Sighseeing']",Castelvecchio,strategy_nearest,False,0.0034041404724121094,success
0498854A9C4C80,1,"['Casa Giulietta', 'Torre Lamberti']",Palazzo della Ragione,"['AMO', 'Museo Conte', 'Centro Fotografia', 'Sighseeing', 'Santa Anastasia']",Arena,strategy_nearest,False,0.0025751590728759766,success
049886429C4C80,3,['Arena'],Casa Giulietta,"['Centro Fotografia', 'Sighseeing', 'Torre Lamberti', 'Museo Conte', 'Museo Radio']",Santa Anastasia,strategy_nearest,False,0.0032150745391845703,success
0498883A9C4C80,1,"['Arena', 'Museo Lapidario']",Torre Lamberti,"['Sighseeing', 'Centro Fotografia', 'Museo Conte', 'Casa Giulietta', 'Palazzo della Ragione']",Palazzo della Ragione,strategy_nearest,True,0.0033416748046875,success
04988F3A9C4C80,3,"['Arena', 'Museo Lapidario', 'Castelvecchio']",Torre Lamberti,"['Sighseeing', 'Centro Fotografia', 'Museo Conte', 'Casa Giulietta', 'Palazzo della Ragione']",Casa Giulietta,strategy_nearest,True,0.0032160282135009766,success
0498A04A9C4C80,0,['Arena'],Casa Giulietta,"['Centro Fotografia', 'Sighseeing', 'Torre Lamberti', 'Museo Conte', 'Museo Radio']",Castelvecchio,strategy_nearest,False,0.0024259090423583984,success
049895C27B3F80,1,"['Torre Lamberti', 'Palazzo della Ragione', 'Casa Giulietta']",Arena,"['Verona Tour', 'Museo Lapidario', 'Museo Radio', 'San Fermo', 'Sighseeing']",Castelvecchio,strategy_nearest,False,0.002752065658569336,success
04989F4A9C4C80,1,"['Torre Lamberti', 'Palazzo della Ragione']",Casa Giulietta,"['Centro Fotografia', 'Sighseeing', 'Museo Conte', 'Museo Radio', 'San Fermo']",Arena,strategy_nearest,False,0.003378152847290039,success
0498AC429C4C80,2,['Castelvecchio'],Casa Giulietta,"['Centro Fotografia', 'Sighseeing', 'Torre Lamberti', 'Museo Conte', 'Museo Radio']",Torre Lamberti,strategy_nearest,True,0.003072023391723633,success
0498E23A9C4C80,0,['Casa Giulietta'],Duomo,"['AMO', 'Museo Miniscalchi', 'Santa Anastasia', 'Teatro Romano', 'Palazzo della Ragione']",Arena,strategy_nearest,False,0.0019383430480957031,success
0498B4429C4C80,0,['Arena'],Casa Giulietta,"['Centro Fotografia', 'Sighseeing', 'Torre Lamberti', 'Museo Conte', 'Museo Radio']",Santa Anastasia,strategy_nearest,False,0.0033600330352783203,success
0498BA3A9C4C80,2,"['Casa Giulietta', 'Tomba Giulietta']",San Zeno,"['Castelvecchio', 'Verona Tour', 'Museo Lapidario', 'Arena', 'Museo Miniscalchi']",Castelvecchio,strategy_nearest,True,0.001961231231689453,success
0498CA3A9C4C80,0,['Arena'],Casa Giulietta,"['Centro Fotografia', 'Sighseeing', 'Torre Lamberti', 'Museo Conte', 'Museo Radio']",Castelvecchio,strategy_nearest,False,0.0034978389739990234,success
049900429C4C84,1,"['Arena', 'Giardino Giusti']",Casa Giulietta,"['Centro Fotografia', 'Sighseeing', 'Torre Lamberti', 'Museo Conte', 'Museo Radio']",Torre Lamberti,strategy_nearest,True,0.0017991065979003906,success
0499033A9C4C84,0,"['Teatro Romano', 'Duomo']",Casa Giulietta,"['Centro Fotografia', 'Sighseeing', 'Torre Lamberti', 'Museo Conte', 'Museo Radio']",Arena,strategy_nearest,False,0.0032529830932617188,success
049903429C4C84,3,"['Arena', 'Castelvecchio']",Duomo,"['AMO', 'Museo Miniscalchi', 'Santa Anastasia', 'Teatro Romano', 'Palazzo della Ragione']",Santa Anastasia,strategy_nearest,True,0.002413034439086914,success
0498E4429C4C80,0,"['Teatro Romano', 'Castelvecchio']",Arena,"['Verona Tour', 'Museo Lapidario', 'Museo Radio', 'San Fermo', 'Casa Giulietta']",Giardino Giusti,strategy_nearest,False,0.0032830238342285156,success
04990B3A9C4C84,0,['Torre Lamberti'],Casa Giulietta,"['Centro Fotografia', 'Sighseeing', 'Museo Conte', 'Museo Radio', 'Palazzo della Ragione']",Arena,strategy_nearest,False,0.002359151840209961,success
04990B429C4C80,1,['Palazzo della Ragione'],Torre Lamberti,"['Sighseeing', 'Centro Fotografia', 'Museo Conte', 'Casa Giulietta', 'AMO']",Arena,strategy_nearest,False,0.002051830291748047,success
0499103A9C4C80,0,['Torre Lamberti'],Casa Giulietta,"['Centro Fotografia', 'Sighseeing', 'Museo Conte', 'Museo Radio', 'Palazzo della Ragione']",Arena,strategy_nearest,False,0.002712726593017578,success
04990C429C4C84,1,"['Arena', 'Santa Anastasia', 'Giardino Giusti']",Teatro Romano,"['Duomo', 'AMO', 'Palazzo della Ragione', 'Museo Conte', 'Centro Fotografia']",Castelvecchio,strategy_nearest,False,0.003495931625366211,success
0499133A9C4C84,1,"['Arena', 'Palazzo della Ragione']",Torre Lamberti,"['Sighseeing', 'Centro Fotografia', 'Museo Conte', 'Casa Giulietta', 'AMO']",Santa Anastasia,strategy_nearest,False,0.003074169158935547,success
0499163A9C4C84,0,['Castelvecchio'],Arena,"['Verona Tour', 'Museo Lapidario', 'Museo Radio', 'San Fermo', 'Casa Giulietta']",Torre Lamberti,strategy_nearest,False,0.0037000179290771484,success
0499173A9C4C84,0,['Arena'],Casa Giulietta,"['Centro Fotografia', 'Sighseeing', 'Torre Lamberti', 'Museo Conte', 'Museo Radio']",Santa Anastasia,strategy_nearest,False,0.003014087677001953,success
0499174A9C4C80,0,['Arena'],Casa Giulietta,"['Centro Fotografia', 'Sighseeing', 'Torre Lamberti', 'Museo Conte', 'Museo Radio']",Santa Anastasia,strategy_nearest,False,0.0033957958221435547,success
04991E3A9C4C84,3,"['Teatro Romano', 'Arena', 'Castelvecchio']",Museo Lapidario,"['Verona Tour', 'Museo Radio', 'San Fermo', 'Casa Giulietta', 'Tomba Giulietta']",San Fermo,strategy_nearest,True,0.002579212188720703,success
0499203A9C4C80,0,['Castelvecchio'],Arena,"['Verona Tour', 'Museo Lapidario', 'Museo Radio', 'San Fermo', 'Casa Giulietta']",Santa Anastasia,strategy_nearest,False,0.003337860107421875,success
049918429C4C84,3,"['Castelvecchio', 'Santa Anastasia', 'Teatro Romano']",Duomo,"['AMO', 'Museo Miniscalchi', 'Palazzo della Ragione', 'Museo Conte', 'Torre Lamberti']",Casa Giulietta,strategy_nearest,False,0.0034661293029785156,success
049925429C4C84,4,"['Arena', 'Castelvecchio', 'Palazzo della Ragione', 'Santa Anastasia']",Casa Giulietta,"['Centro Fotografia', 'Sighseeing', 'Torre Lamberti', 'Museo Conte', 'Museo Radio']",Teatro Romano,strategy_nearest,False,0.0025260448455810547,success
0499283A9C4C80,1,"['Castelvecchio', 'Palazzo della Ragione', 'Torre Lamberti']",Teatro Romano,"['Santa Anastasia', 'Duomo', 'AMO', 'Museo Conte', 'Centro Fotografia']",San Fermo,strategy_nearest,False,0.002524137496948242,success
049922429C4C80,1,['Arena'],Santa Anastasia,"['AMO', 'Museo Conte', 'Palazzo della Ragione', 'Teatro Romano', 'Centro Fotografia']",Palazzo della Ragione,strategy_nearest,True,0.0024199485778808594,success
049929429C4C80,3,"['Arena', 'Torre Lamberti', 'Casa Giulietta']",San Fermo,"['Museo Storia', 'Museo Radio', 'Centro Fotografia', 'Sighseeing', 'Museo Conte']",Santa Anastasia,strategy_nearest,False,0.0030450820922851562,success
04992A429C4C84,3,"['Arena', 'Casa Giulietta']",Torre Lamberti,"['Sighseeing', 'Centro Fotografia', 'Museo Conte', 'Palazzo della Ragione', 'AMO']",Santa Anastasia,strategy_nearest,False,0.0017709732055664062,success
04992A3A9C4C80,3,"['Arena', 'San Fermo']",Casa Giulietta,"['Centro Fotografia', 'Sighseeing', 'Torre Lamberti', 'Museo Conte', 'Museo Radio']",Santa Anastasia,strategy_nearest,False,0.0032110214233398438,success
0499353A9C4C80,0,['Castelvecchio'],Arena,"['Verona Tour', 'Museo Lapidario', 'Museo Radio', 'San Fermo', 'Casa Giulietta']",Teatro Romano,strategy_nearest,False,0.003567934036254883,success
04992D3A9C4C80,0,['Arena'],Castelvecchio,"['Museo Lapidario', 'Verona Tour', 'Museo Radio', 'San Zeno', 'Sighseeing']",San Zeno,strategy_nearest,True,0.003003835678100586,success
0499364A9C4C80,1,"['Torre Lamberti', 'Palazzo della Ragione', 'Teatro Romano']",Castelvecchio,"['Museo Lapidario', 'Verona Tour', 'Arena', 'Museo Radio', 'San Zeno']",San Zeno,strategy_nearest,True,0.00293731689453125,success
049941429C4C80,1,"['Arena', 'Castelvecchio']",Santa Anastasia,"['AMO', 'Museo Conte', 'Palazzo della Ragione', 'Teatro Romano', 'Centro Fotografia']",Duomo,strategy_nearest,False,0.003985166549682617,success
0499503A9C4C80,3,['Arena'],Casa Giulietta,"['Centro Fotografia', 'Sighseeing', 'Torre Lamberti', 'Museo Conte', 'Museo Radio']",Santa Anastasia,strategy_nearest,False,0.0020821094512939453,success
049953429C4C80,0,['Arena'],Casa Giulietta,"['Centro Fotografia', 'Sighseeing', 'Torre Lamberti', 'Museo Conte', 'Museo Radio']",Castelvecchio,strategy_nearest,False,0.003013134002685547,success
0499553A9C4C80,3,"['Castelvecchio', 'Arena', 'Santa Anastasia']",Duomo,"['AMO', 'Museo Miniscalchi', 'Teatro Romano', 'Palazzo della Ragione', 'Museo Conte']",Torre Lamberti,strategy_nearest,False,0.003404855728149414,success
04995B3A9C4C80,1,['Palazzo della Ragione'],Torre Lamberti,"['Sighseeing', 'Centro Fotografia', 'Museo Conte', 'Casa Giulietta', 'AMO']",Arena,strategy_nearest,False,0.002454996109008789,success
049964429C4C80,3,"['Arena', 'Casa Giulietta']",Santa Anastasia,"['AMO', 'Museo Conte', 'Palazzo della Ragione', 'Teatro Romano', 'Centro Fotografia']",Teatro Romano,strategy_nearest,True,0.0030159950256347656,success
0499603A9C4C80,2,['Duomo'],Casa Giulietta,"['Centro Fotografia', 'Sighseeing', 'Torre Lamberti', 'Museo Conte', 'Museo Radio']",Teatro Romano,strategy_nearest,False,0.002330303192138672,success
0499673A9C4C80,3,"['Arena', 'Casa Giulietta']",Castelvecchio,"['Museo Lapidario', 'Verona Tour', 'Museo Radio', 'San Zeno', 'Sighseeing']",Teatro Romano,strategy_nearest,False,0.002785921096801758,success
049971429C4C80,3,"['Arena', 'Casa Giulietta']",Torre Lamberti,"['Sighseeing', 'Centro Fotografia', 'Museo Conte', 'Palazzo della Ragione', 'AMO']",Castelvecchio,strategy_nearest,False,0.0025892257690429688,success
04997B429C4C80,2,['Casa Giulietta'],Santa Anastasia,"['AMO', 'Museo Conte', 'Palazzo della Ragione', 'Teatro Romano', 'Centro Fotografia']",Duomo,strategy_nearest,False,0.0027348995208740234,success
04997D3A9C4C80,1,['Arena'],Casa Giulietta,"['Centro Fotografia', 'Sighseeing', 'Torre Lamberti', 'Museo Conte', 'Museo Radio']",Palazzo della Ragione,strategy_nearest,False,0.0031518936157226562,success
0499833A9C4C80,1,"['Tomba Giulietta', 'San Fermo', 'Teatro Romano']",Santa Anastasia,"['AMO', 'Museo Conte', 'Palazzo della Ragione', 'Centro Fotografia', 'Duomo']",Palazzo della Ragione,strategy_nearest,True,0.003297090530395508,success
04997D429C4C80,0,['San Zeno'],Arena,"['Verona Tour', 'Museo Lapidario', 'Museo Radio', 'San Fermo', 'Casa Giulietta']",Torre Lamberti,strategy_nearest,False,0.002615213394165039,success
0499853A9C4C80,1,"['Arena', 'Palazzo della Ragione', 'Casa Giulietta']",Torre Lamberti,"['Sighseeing', 'Centro Fotografia', 'Museo Conte', 'AMO', 'Museo Miniscalchi']",Santa Anastasia,strategy_nearest,False,0.0032320022583007812,success
0499814A9C4C80,0,['Arena'],Castelvecchio,"['Museo Lapidario', 'Verona Tour', 'Museo Radio', 'San Zeno', 'Sighseeing']",Tomba Giulietta,strategy_nearest,False,0.00273895263671875,success
0499883A9C4C80,0,['Arena'],Casa Giulietta,"['Centro Fotografia', 'Sighseeing', 'Torre Lamberti', 'Museo Conte', 'Museo Radio']",Torre Lamberti,strategy_nearest,True,0.0019550323486328125,success
049986429C4C80,1,"['Arena', 'Palazzo della Ragione']",Torre Lamberti,"['Sighseeing', 'Centro Fotografia', 'Museo Conte', 'Casa Giulietta', 'AMO']",Castelvecchio,strategy_nearest,False,0.0026030540466308594,success
04999B429C4C80,1,"['Arena', 'Castelvecchio', 'Casa Giulietta']",Palazzo della Ragione,"['AMO', 'Museo Conte', 'Torre Lamberti', 'Centro Fotografia', 'Sighseeing']",Torre Lamberti,strategy_nearest,True,0.0027120113372802734,success
04998C3A9C4C80,0,"['Arena', 'Museo Lapidario']",Castelvecchio,"['Verona Tour', 'Museo Radio', 'San Zeno', 'Sighseeing', 'Museo Miniscalchi']",Casa Giulietta,strategy_nearest,False,0.003551006317138672,success
04999E4A9C4C80,3,"['Arena', 'Casa Giulietta']",Santa Anastasia,"['AMO', 'Museo Conte', 'Palazzo della Ragione', 'Teatro Romano', 'Centro Fotografia']",Duomo,strategy_nearest,False,0.0024781227111816406,success
04999E429C4C80,1,"['San Zeno', 'Arena', 'San Fermo']",Casa Giulietta,"['Centro Fotografia', 'Sighseeing', 'Torre Lamberti', 'Museo Conte', 'Museo Radio']",Torre Lamberti,strategy_nearest,True,0.003556966781616211,success
0499A73A9C4C80,1,"['Arena', 'San Fermo']",Teatro Romano,"['Santa Anastasia', 'Duomo', 'AMO', 'Palazzo della Ragione', 'Museo Conte']",Santa Anastasia,strategy_nearest,True,0.0026798248291015625,success
0499B63A9C4C80,2,['Torre Lamberti'],Casa Giulietta,"['Centro Fotografia', 'Sighseeing', 'Museo Conte', 'Museo Radio', 'Palazzo della Ragione']",Castelvecchio,strategy_nearest,False,0.0022978782653808594,success
0499AB3A9C4C80,1,"['Duomo', 'Casa Giulietta']",Palazzo della Ragione,"['AMO', 'Museo Conte', 'Torre Lamberti', 'Centro Fotografia', 'Sighseeing']",Torre Lamberti,strategy_nearest,True,0.0034880638122558594,success
0499B43A9C4C80,3,['Arena'],Casa Giulietta,"['Centro Fotografia', 'Sighseeing', 'Torre Lamberti', 'Museo Conte', 'Museo Radio']",San Fermo,strategy_nearest,False,0.0031197071075439453,success
0499BD3A9C4C80,3,['Torre Lamberti'],Santa Anastasia,"['AMO', 'Museo Conte', 'Palazzo della Ragione', 'Teatro Romano', 'Centro Fotografia']",Castelvecchio,strategy_nearest,False,0.002723217010498047,success
0499B7429C4C80,3,"['Castelvecchio', 'Arena']",Casa Giulietta,"['Centro Fotografia', 'Sighseeing', 'Torre Lamberti', 'Museo Conte', 'Museo Radio']",Santa Anastasia,strategy_nearest,False,0.002476930618286133,success
0499C3429C4C80,3,"['Duomo', 'Santa Anastasia']",San Zeno,"['Castelvecchio', 'Verona Tour', 'Museo Lapidario', 'Arena', 'Museo Miniscalchi']",Arena,strategy_nearest,True,0.0033600330352783203,success
0499CB3A9C4C80,3,['Arena'],Torre Lamberti,"['Sighseeing', 'Centro Fotografia', 'Museo Conte', 'Casa Giulietta', 'Palazzo della Ragione']",Santa Anastasia,strategy_nearest,False,0.0031850337982177734,success
0499CF3A9C4C80,1,['San Fermo'],Palazzo della Ragione,"['AMO', 'Museo Conte', 'Torre Lamberti', 'Centro Fotografia', 'Sighseeing']",Arena,strategy_nearest,False,0.0025568008422851562,success
0499D4429C4C80,3,"['Arena', 'Museo Lapidario']",Torre Lamberti,"['Sighseeing', 'Centro Fotografia', 'Museo Conte', 'Casa Giulietta', 'Palazzo della Ragione']",Duomo,strategy_nearest,False,0.002804994583129883,success
0499F9429C4C80,1,"['San Fermo', 'Casa Giulietta', 'Palazzo della Ragione']",Duomo,"['AMO', 'Museo Miniscalchi', 'Santa Anastasia', 'Teatro Romano', 'Museo Conte']",Teatro Romano,strategy_nearest,True,0.0031948089599609375,success
0499E63A9C4C80,3,"['Arena', 'Casa Giulietta', 'San Fermo']",Castelvecchio,"['Museo Lapidario', 'Verona Tour', 'Museo Radio', 'San Zeno', 'Sighseeing']",Santa Anastasia,strategy_nearest,False,0.0033559799194335938,success
0499FE429C4C80,1,"['Torre Lamberti', 'Castelvecchio', 'Museo Lapidario']",Arena,"['Verona Tour', 'Museo Radio', 'San Fermo', 'Casa Giulietta', 'Sighseeing']",San Zeno,strategy_nearest,False,0.0025463104248046875,success
0499FD429C4C80,2,['Castelvecchio'],Casa Giulietta,"['Centro Fotografia', 'Sighseeing', 'Torre Lamberti', 'Museo Conte', 'Museo Radio']",Teatro Romano,strategy_nearest,False,0.003119945526123047,success
049A05429C4C84,1,"['San Zeno', 'Castelvecchio', 'Casa Giulietta', 'Teatro Romano', 'Duomo', 'Santa Anastasia']",Torre Lamberti,"['Sighseeing', 'Centro Fotografia', 'Museo Conte', 'Palazzo della Ragione', 'AMO']",Palazzo della Ragione,strategy_nearest,True,0.0025391578674316406,success
049A00429C4C84,0,['Arena'],Castelvecchio,"['Museo Lapidario', 'Verona Tour', 'Museo Radio', 'San Zeno', 'Sighseeing']",Casa Giulietta,strategy_nearest,False,0.0036420822143554688,success
049A08429C4C80,2,['San Fermo'],Casa Giulietta,"['Centro Fotografia', 'Sighseeing', 'Torre Lamberti', 'Museo Conte', 'Museo Radio']",Teatro Romano,strategy_nearest,False,0.002413034439086914,success
049A10429C4C80,2,['Castelvecchio'],Tomba Giulietta,"['San Fermo', 'Museo Storia', 'Arena', 'Museo Lapidario', 'Museo Radio']",Duomo,strategy_nearest,False,0.0020308494567871094,success
049A0C3A9C4C84,0,['Arena'],Casa Giulietta,"['Centro Fotografia', 'Sighseeing', 'Torre Lamberti', 'Museo Conte', 'Museo Radio']",Torre Lamberti,strategy_nearest,True,0.0026857852935791016,success
049A0A429C4C84,0,['Casa Giulietta'],Torre Lamberti,"['Sighseeing', 'Centro Fotografia', 'Museo Conte', 'Palazzo della Ragione', 'AMO']",Arena,strategy_nearest,False,0.004251956939697266,success
049A143A9C4C80,1,"['Torre Lamberti', 'Palazzo della Ragione', 'San Fermo']",Arena,"['Verona Tour', 'Museo Lapidario', 'Museo Radio', 'Casa Giulietta', 'Sighseeing']",Casa Giulietta,strategy_nearest,True,0.003593921661376953,success
049A15429C4C84,0,"['Tomba Giulietta', 'Arena']",Casa Giulietta,"['Centro Fotografia', 'Sighseeing', 'Torre Lamberti', 'Museo Conte', 'Museo Radio']",Giardino Giusti,strategy_nearest,False,0.0025119781494140625,success
049A173A9C4C84,0,"['Arena', 'Museo Lapidario']",Castelvecchio,"['Verona Tour', 'Museo Radio', 'San Zeno', 'Sighseeing', 'Museo Miniscalchi']",Casa Giulietta,strategy_nearest,False,0.0024628639221191406,success
049A1E3A9C4C80,0,['Torre Lamberti'],Teatro Romano,"['Santa Anastasia', 'Duomo', 'AMO', 'Palazzo della Ragione', 'Museo Conte']",Arena,strategy_nearest,False,0.0022988319396972656,success
049A1B429C4C84,2,"['Tomba Giulietta', 'Teatro Romano']",Duomo,"['AMO', 'Museo Miniscalchi', 'Santa Anastasia', 'Palazzo della Ragione', 'Museo Conte']",San Fermo,strategy_nearest,False,0.003887176513671875,success
049A253A9C4C80,0,"['Arena', 'Castelvecchio']",Torre Lamberti,"['Sighseeing', 'Centro Fotografia', 'Museo Conte', 'Casa Giulietta', 'Palazzo della Ragione']",Casa Giulietta,strategy_nearest,True,0.0032668113708496094,success
049A26429C4C84,3,"['Arena', 'Casa Giulietta']",Santa Anastasia,"['AMO', 'Museo Conte', 'Palazzo della Ragione', 'Teatro Romano', 'Centro Fotografia']",Teatro Romano,strategy_nearest,True,0.0037970542907714844,success
049A294A9C4C80,0,"['Arena', 'Casa Giulietta']",Museo Lapidario,"['Verona Tour', 'Castelvecchio', 'Museo Radio', 'San Fermo', 'Tomba Giulietta']",Torre Lamberti,strategy_nearest,False,0.0019741058349609375,success
049A314A9C4C80,1,"['San Zeno', 'Castelvecchio']",Arena,"['Verona Tour', 'Museo Lapidario', 'Museo Radio', 'San Fermo', 'Casa Giulietta']",Palazzo della Ragione,strategy_nearest,False,0.0011360645294189453,success
049A2C4A9C4C80,1,"['Arena', 'Casa Giulietta', 'Torre Lamberti']",Palazzo della Ragione,"['AMO', 'Museo Conte', 'Centro Fotografia', 'Sighseeing', 'Santa Anastasia']",Santa Anastasia,strategy_nearest,True,0.004244089126586914,success
049A324A9C4C80,1,"['Casa Giulietta', 'Castelvecchio', 'Museo Lapidario', 'Museo Lapidario', 'Arena']",Tomba Giulietta,"['San Fermo', 'Museo Storia', 'Museo Radio', 'Verona Tour', 'Sighseeing']",Torre Lamberti,strategy_nearest,False,0.002774953842163086,success
049A364A9C4C80,3,"['Castelvecchio', 'San Zeno', 'Santa Anastasia']",Duomo,"['AMO', 'Museo Miniscalchi', 'Teatro Romano', 'Palazzo della Ragione', 'Museo Conte']",Casa Giulietta,strategy_nearest,False,0.0031371116638183594,success
049A39429C4C80,1,"['Casa Giulietta', 'Arena', 'Castelvecchio']",Torre Lamberti,"['Sighseeing', 'Centro Fotografia', 'Museo Conte', 'Palazzo della Ragione', 'AMO']",Palazzo della Ragione,strategy_nearest,True,0.0025000572204589844,success
049A3B429C4C80,0,['Arena'],Casa Giulietta,"['Centro Fotografia', 'Sighseeing', 'Torre Lamberti', 'Museo Conte', 'Museo Radio']",Torre Lamberti,strategy_nearest,True,0.003000974655151367,success
049A3F429C4C80,2,['Casa Giulietta'],Palazzo della Ragione,"['AMO', 'Museo Conte', 'Torre Lamberti', 'Centro Fotografia', 'Sighseeing']",Torre Lamberti,strategy_nearest,True,0.002501964569091797,success
049A40429C4C80,3,"['Arena', 'Castelvecchio']",Torre Lamberti,"['Sighseeing', 'Centro Fotografia', 'Museo Conte', 'Casa Giulietta', 'Palazzo della Ragione']",Duomo,strategy_nearest,False,0.002512216567993164,success
049A46429C4C80,0,"['Arena', 'Casa Giulietta']",Castelvecchio,"['Museo Lapidario', 'Verona Tour', 'Museo Radio', 'San Zeno', 'Sighseeing']",Teatro Romano,strategy_nearest,False,0.0032689571380615234,success
049A52429C4C80,3,"['San Fermo', 'Torre Lamberti', 'Santa Anastasia']",Arena,"['Verona Tour', 'Museo Lapidario', 'Museo Radio', 'Casa Giulietta', 'Sighseeing']",San Zeno,strategy_nearest,False,0.003200054168701172,success
049A56429C4C80,3,"['Teatro Romano', 'Duomo', 'Santa Anastasia']",Casa Giulietta,"['Centro Fotografia', 'Sighseeing', 'Torre Lamberti', 'Museo Conte', 'Museo Radio']",Arena,strategy_nearest,False,0.002331256866455078,success
049A53429C4C80,0,['Arena'],Teatro Romano,"['Santa Anastasia', 'Duomo', 'AMO', 'Palazzo della Ragione', 'Museo Conte']",Duomo,strategy_nearest,True,0.002460002899169922,success
049A5A429C4C80,2,"['Teatro Romano', 'Duomo', 'Torre Lamberti']",Castelvecchio,"['Museo Lapidario', 'Verona Tour', 'Arena', 'Museo Radio', 'San Zeno']",San Zeno,strategy_nearest,True,0.003381967544555664,success
049A5B3A9C4C80,2,"['Castelvecchio', 'San Fermo']",San Zeno,"['Verona Tour', 'Museo Lapidario', 'Arena', 'Museo Miniscalchi', 'Sighseeing']",Casa Giulietta,strategy_nearest,False,0.0031440258026123047,success
049A623A9C4C80,3,"['Arena', 'Castelvecchio']",Torre Lamberti,"['Sighseeing', 'Centro Fotografia', 'Museo Conte', 'Casa Giulietta', 'Palazzo della Ragione']",Santa Anastasia,strategy_nearest,False,0.0024635791778564453,success
049A62429C4C80,2,['Teatro Romano'],Torre Lamberti,"['Sighseeing', 'Centro Fotografia', 'Museo Conte', 'Casa Giulietta', 'Palazzo della Ragione']",Casa Giulietta,strategy_nearest,True,0.0031919479370117188,success
049A65429C4C80,1,"['Castelvecchio', 'San Fermo', 'Casa Giulietta']",Palazzo della Ragione,"['AMO', 'Museo Conte', 'Torre Lamberti', 'Centro Fotografia', 'Sighseeing']",Torre Lamberti,strategy_nearest,True,0.0030562877655029297,success
049A7D429C4C80,0,['San Zeno'],Arena,"['Verona Tour', 'Museo Lapidario', 'Museo Radio', 'San Fermo', 'Casa Giulietta']",Torre Lamberti,strategy_nearest,False,0.002544879913330078,success
049A773A9C4C80,3,"['Arena', 'Castelvecchio']",Casa Giulietta,"['Centro Fotografia', 'Sighseeing', 'Torre Lamberti', 'Museo Conte', 'Museo Radio']",Torre Lamberti,strategy_nearest,True,0.003298044204711914,success
049A7F429C4C80,0,"['Castelvecchio', 'Casa Giulietta']",Torre Lamberti,"['Sighseeing', 'Centro Fotografia', 'Museo Conte', 'Palazzo della Ragione', 'AMO']",Arena,strategy_nearest,False,0.0030951499938964844,success
049A814A9C4C80,1,"['Arena', 'Torre Lamberti']",Palazzo della Ragione,"['AMO', 'Museo Conte', 'Centro Fotografia', 'Sighseeing', 'Santa Anastasia']",Duomo,strategy_nearest,False,0.0031659603118896484,success
049A92429C4C80,0,['Arena'],Casa Giulietta,"['Centro Fotografia', 'Sighseeing', 'Torre Lamberti', 'Museo Conte', 'Museo Radio']",Torre Lamberti,strategy_nearest,True,0.0020470619201660156,success
049A9C4A9C4C80,0,['Arena'],Casa Giulietta,"['Centro Fotografia', 'Sighseeing', 'Torre Lamberti', 'Museo Conte', 'Museo Radio']",Castelvecchio,strategy_nearest,False,0.002513885498046875,success
049A864A9C4C80,3,"['Arena', 'Torre Lamberti']",Santa Anastasia,"['AMO', 'Museo Conte', 'Palazzo della Ragione', 'Teatro Romano', 'Centro Fotografia']",Castelvecchio,strategy_nearest,False,0.0046122074127197266,success
049A9F4A9C4C80,0,['Casa Giulietta'],Torre Lamberti,"['Sighseeing', 'Centro Fotografia', 'Museo Conte', 'Palazzo della Ragione', 'AMO']",Arena,strategy_nearest,False,0.002328157424926758,success
049AA04A9C4C80,0,['Arena'],Torre Lamberti,"['Sighseeing', 'Centro Fotografia', 'Museo Conte', 'Casa Giulietta', 'Palazzo della Ragione']",Casa Giulietta,strategy_nearest,True,0.003387928009033203,success
049AA84A9C4C80,1,"['Casa Giulietta', 'Torre Lamberti', 'Palazzo della Ragione']",Santa Anastasia,"['AMO', 'Museo Conte', 'Teatro Romano', 'Centro Fotografia', 'Duomo']",Duomo,strategy_nearest,True,0.002541780471801758,success
049AAF429C4C80,1,"['Arena', 'Casa Giulietta', 'Palazzo della Ragione']",Torre Lamberti,"['Sighseeing', 'Centro Fotografia', 'Museo Conte', 'AMO', 'Museo Miniscalchi']",Teatro Romano,strategy_nearest,False,0.002521038055419922,success
049AB83A9C4C80,3,"['Arena', 'Museo Lapidario', 'Casa Giulietta']",Torre Lamberti,"['Sighseeing', 'Centro Fotografia', 'Museo Conte', 'Palazzo della Ragione', 'AMO']",Santa Anastasia,strategy_nearest,False,0.003003835678100586,success
049AC0429C4C80,1,"['Arena', 'Torre Lamberti']",Palazzo della Ragione,"['AMO', 'Museo Conte', 'Centro Fotografia', 'Sighseeing', 'Santa Anastasia']",Duomo,strategy_nearest,False,0.002710580825805664,success
049AC53A9C4C80,0,['Arena'],San Fermo,"['Museo Storia', 'Museo Radio', 'Casa Giulietta', 'Centro Fotografia', 'Sighseeing']",Torre Lamberti,strategy_nearest,False,0.0033578872680664062,success
049AC9429C4C80,0,['Arena'],Casa Giulietta,"['Centro Fotografia', 'Sighseeing', 'Torre Lamberti', 'Museo Conte', 'Museo Radio']",Torre Lamberti,strategy_nearest,True,0.002054929733276367,success
049ACA3A9C4C80,3,['Arena'],Casa Giulietta,"['Centro Fotografia', 'Sighseeing', 'Torre Lamberti', 'Museo Conte', 'Museo Radio']",Santa Anastasia,strategy_nearest,False,0.0029540061950683594,success
049ACB429C4C80,4,"['Museo Radio', 'Tomba Giulietta', 'Santa Anastasia', 'Teatro Romano']",Giardino Giusti,"['Museo Conte', 'Centro Fotografia', 'Museo Storia', 'AMO', 'Casa Giulietta']",Museo Storia,strategy_nearest,True,0.002161741256713867,success
049AE13A9C4C80,3,"['Teatro Romano', 'Duomo', 'Santa Anastasia']",Torre Lamberti,"['Sighseeing', 'Centro Fotografia', 'Museo Conte', 'Casa Giulietta', 'Palazzo della Ragione']",Casa Giulietta,strategy_nearest,True,0.0027260780334472656,success
049AED3A9C4C80,1,"['Casa Giulietta', 'Santa Anastasia']",Torre Lamberti,"['Sighseeing', 'Centro Fotografia', 'Museo Conte', 'Palazzo della Ragione', 'AMO']",Palazzo della Ragione,strategy_nearest,True,0.003278970718383789,success
049AEF3A9C4C80,1,"['Casa Giulietta', 'Arena']",Torre Lamberti,"['Sighseeing', 'Centro Fotografia', 'Museo Conte', 'Palazzo della Ragione', 'AMO']",Palazzo della Ragione,strategy_nearest,True,0.003206968307495117,success
049B0D429C4C80,3,"['Arena', 'Torre Lamberti', 'Castelvecchio']",Teatro Romano,"['Santa Anastasia', 'Duomo', 'AMO', 'Palazzo della Ragione', 'Museo Conte']",Santa Anastasia,strategy_nearest,True,0.0021162033081054688,success
049B08429C4C80,0,['Casa Giulietta'],Arena,"['Verona Tour', 'Museo Lapidario', 'Museo Radio', 'San Fermo', 'Sighseeing']",Torre Lamberti,strategy_nearest,False,0.0028820037841796875,success
049B0A429C4C80,0,['Tomba Giulietta'],Casa Giulietta,"['Centro Fotografia', 'Sighseeing', 'Torre Lamberti', 'Museo Conte', 'Museo Radio']",Torre Lamberti,strategy_nearest,True,0.001425027847290039,success
049B11429C4C80,3,"['Tomba Giulietta', 'Casa Giulietta']",Torre Lamberti,"['Sighseeing', 'Centro Fotografia', 'Museo Conte', 'Palazzo della Ragione', 'AMO']",Arena,strategy_nearest,False,0.003220081329345703,success
049B263A9C4C80,3,['Arena'],Torre Lamberti,"['Sighseeing', 'Centro Fotografia', 'Museo Conte', 'Casa Giulietta', 'Palazzo della Ragione']",Teatro Romano,strategy_nearest,False,0.002178192138671875,success
049B2E3A9C4C80,2,['Torre Lamberti'],Santa Anastasia,"['AMO', 'Museo Conte', 'Palazzo della Ragione', 'Teatro Romano', 'Centro Fotografia']",Duomo,strategy_nearest,False,0.002685070037841797,success
049B223A9C4C84,0,['Arena'],Casa Giulietta,"['Centro Fotografia', 'Sighseeing', 'Torre Lamberti', 'Museo Conte', 'Museo Radio']",Torre Lamberti,strategy_nearest,True,0.002863168716430664,success
049B2D3A9C4C80,0,['Arena'],Castelvecchio,"['Museo Lapidario', 'Verona Tour', 'Museo Radio', 'San Zeno', 'Sighseeing']",Casa Giulietta,strategy_nearest,False,0.003496885299682617,success
049B31429C4C80,0,"['Torre Lamberti', 'Teatro Romano']",Arena,"['Verona Tour', 'Museo Lapidario', 'Museo Radio', 'San Fermo', 'Casa Giulietta']",Tomba Giulietta,strategy_nearest,False,0.002025127410888672,success
049B30429C4C80,0,"['Arena', 'Casa Giulietta']",Torre Lamberti,"['Sighseeing', 'Centro Fotografia', 'Museo Conte', 'Palazzo della Ragione', 'AMO']",Castelvecchio,strategy_nearest,False,0.003298044204711914,success
049B3A3A9C4C80,1,"['Arena', 'San Fermo', 'Museo Storia', 'Casa Giulietta']",Palazzo della Ragione,"['AMO', 'Museo Conte', 'Torre Lamberti', 'Centro Fotografia', 'Sighseeing']",Torre Lamberti,strategy_nearest,True,0.002599954605102539,success
049B3E3A9C4C80,0,"['San Zeno', 'Castelvecchio']",Arena,"['Verona Tour', 'Museo Lapidario', 'Museo Radio', 'San Fermo', 'Casa Giulietta']",Tomba Giulietta,strategy_nearest,False,0.0018792152404785156,success
049B34429C4C80,4,"['Arena', 'Museo Lapidario', 'Museo Radio', 'Tomba Giulietta']",San Fermo,"['Museo Storia', 'Casa Giulietta', 'Centro Fotografia', 'Sighseeing', 'Torre Lamberti']",Torre Lamberti,strategy_nearest,True,0.0033648014068603516,success
049B54429C4C80,1,"['Casa Giulietta', 'Santa Anastasia', 'Teatro Romano', 'Arena', 'Tomba Giulietta']",San Fermo,"['Museo Storia', 'Museo Radio', 'Centro Fotografia', 'Sighseeing', 'Torre Lamberti']",Torre Lamberti,strategy_nearest,True,0.002893209457397461,success
049B56429C4C80,0,"['Castelvecchio', 'San Zeno']",Arena,"['Verona Tour', 'Museo Lapidario', 'Museo Radio', 'San Fermo', 'Casa Giulietta']",Casa Giulietta,strategy_nearest,True,0.0029141902923583984,success
049B5E429C4C80,0,['Castelvecchio'],Arena,"['Verona Tour', 'Museo Lapidario', 'Museo Radio', 'San Fermo', 'Casa Giulietta']",Casa Giulietta,strategy_nearest,True,0.0018458366394042969,success
049B6F429C4C80,3,"['Torre Lamberti', 'Casa Giulietta']",Santa Anastasia,"['AMO', 'Museo Conte', 'Palazzo della Ragione', 'Teatro Romano', 'Centro Fotografia']",Duomo,strategy_nearest,False,0.0024161338806152344,success
049B5B3A9C4C80,1,"['Palazzo della Ragione', 'Torre Lamberti']",Arena,"['Verona Tour', 'Museo Lapidario', 'Museo Radio', 'San Fermo', 'Casa Giulietta']",Santa Anastasia,strategy_nearest,False,0.0026311874389648438,success
049B683A9C4C80,3,"['Torre Lamberti', 'Casa Giulietta']",Arena,"['Verona Tour', 'Museo Lapidario', 'Museo Radio', 'San Fermo', 'Sighseeing']",Castelvecchio,strategy_nearest,False,0.0032110214233398438,success
049B723A9C4C80,2,['Museo Lapidario'],Castelvecchio,"['Verona Tour', 'Arena', 'Museo Radio', 'San Zeno', 'Sighseeing']",Teatro Romano,strategy_nearest,False,0.0026841163635253906,success
049B71429C4C80,1,['Arena'],Santa Anastasia,"['AMO', 'Museo Conte', 'Palazzo della Ragione', 'Teatro Romano', 'Centro Fotografia']",Castelvecchio,strategy_nearest,False,0.002580881118774414,success
049B72429C4C80,3,"['Torre Lamberti', 'Santa Anastasia']",Duomo,"['AMO', 'Museo Miniscalchi', 'Teatro Romano', 'Palazzo della Ragione', 'Museo Conte']",San Fermo,strategy_nearest,False,0.0027441978454589844,success
049B753A9C4C80,3,"['Arena', 'San Fermo', 'Museo Storia', 'Casa Giulietta']",Torre Lamberti,"['Sighseeing', 'Centro Fotografia', 'Museo Conte', 'Palazzo della Ragione', 'AMO']",Santa Anastasia,strategy_nearest,False,0.003036975860595703,success
049B7F429C4C80,0,['Castelvecchio'],Santa Anastasia,"['AMO', 'Museo Conte', 'Palazzo della Ragione', 'Teatro Romano', 'Centro Fotografia']",Arena,strategy_nearest,False,0.0030519962310791016,success
049B75429C4C80,1,"['Castelvecchio', 'Santa Anastasia', 'Santa Anastasia']",Palazzo della Ragione,"['AMO', 'Museo Conte', 'Torre Lamberti', 'Centro Fotografia', 'Sighseeing']",Torre Lamberti,strategy_nearest,True,0.002794027328491211,success
049B82429C4C80,3,['Arena'],Casa Giulietta,"['Centro Fotografia', 'Sighseeing', 'Torre Lamberti', 'Museo Conte', 'Museo Radio']",Torre Lamberti,strategy_nearest,True,0.003081798553466797,success
049B7B429C4C80,0,['Torre Lamberti'],Arena,"['Verona Tour', 'Museo Lapidario', 'Museo Radio', 'San Fermo', 'Casa Giulietta']",San Zeno,strategy_nearest,False,0.003225088119506836,success
049B83429C4C80,1,['Castelvecchio'],Palazzo della Ragione,"['AMO', 'Museo Conte', 'Torre Lamberti', 'Centro Fotografia', 'Sighseeing']",Casa Giulietta,strategy_nearest,False,0.0027701854705810547,success
049B864A9C4C80,2,['Santa Anastasia'],Duomo,"['AMO', 'Museo Miniscalchi', 'Teatro Romano', 'Palazzo della Ragione', 'Museo Conte']",Teatro Romano,strategy_nearest,True,0.001482248306274414,success
049B883A9C4C80,0,['Arena'],Casa Giulietta,"['Centro Fotografia', 'Sighseeing', 'Torre Lamberti', 'Museo Conte', 'Museo Radio']",Santa Anastasia,strategy_nearest,False,0.0025742053985595703,success
049B833A9C4C80,3,"['Arena', 'Casa Giulietta']",Torre Lamberti,"['Sighseeing', 'Centro Fotografia', 'Museo Conte', 'Palazzo della Ragione', 'AMO']",Santa Anastasia,strategy_nearest,False,0.004058837890625,success
049B994A9C4C80,1,"['Arena', 'Casa Giulietta']",Palazzo della Ragione,"['AMO', 'Museo Conte', 'Torre Lamberti', 'Centro Fotografia', 'Sighseeing']",Torre Lamberti,strategy_nearest,True,0.0021500587463378906,success
049B8D429C4C80,1,"['Castelvecchio', 'Torre Lamberti']",Palazzo della Ragione,"['AMO', 'Museo Conte', 'Centro Fotografia', 'Sighseeing', 'Santa Anastasia']",Casa Giulietta,strategy_nearest,False,0.001672983169555664,success
049B8A3A9C4C80,0,['Arena'],Museo Lapidario,"['Verona Tour', 'Castelvecchio', 'Museo Radio', 'San Fermo', 'Casa Giulietta']",Casa Giulietta,strategy_nearest,True,0.0029668807983398438,success
049B9D4A9C4C80,0,['Arena'],Casa Giulietta,"['Centro Fotografia', 'Sighseeing', 'Torre Lamberti', 'Museo Conte', 'Museo Radio']",Santa Anastasia,strategy_nearest,False,0.0032749176025390625,success
049B9F4A9C4C80,2,['Tomba Giulietta'],San Fermo,"['Museo Storia', 'Museo Radio', 'Casa Giulietta', 'Centro Fotografia', 'Arena']",Casa Giulietta,strategy_nearest,True,0.0018880367279052734,success
049B9E4A9C4C80,1,"['Arena', 'Palazzo della Ragione']",Torre Lamberti,"['Sighseeing', 'Centro Fotografia', 'Museo Conte', 'Casa Giulietta', 'AMO']",Teatro Romano,strategy_nearest,False,0.002608776092529297,success
049BA74A9C4C80,2,['Palazzo della Ragione'],Torre Lamberti,"['Sighseeing', 'Centro Fotografia', 'Museo Conte', 'Casa Giulietta', 'AMO']",Santa Anastasia,strategy_nearest,False,0.0032949447631835938,success
049BA0429C4C80,3,"['Arena', 'San Fermo', 'Museo Storia']",Casa Giulietta,"['Centro Fotografia', 'Sighseeing', 'Torre Lamberti', 'Museo Conte', 'Museo Radio']",Torre Lamberti,strategy_nearest,True,0.0027441978454589844,success
049BBC3A9C4C80,1,"['Arena', 'Casa Giulietta', 'Torre Lamberti']",Palazzo della Ragione,"['AMO', 'Museo Conte', 'Centro Fotografia', 'Sighseeing', 'Santa Anastasia']",Santa Anastasia,strategy_nearest,True,0.0019309520721435547,success
049BBB3A9C4C80,3,['Torre Lamberti'],San Fermo,"['Museo Storia', 'Museo Radio', 'Casa Giulietta', 'Centro Fotografia', 'Arena']",Arena,strategy_nearest,True,0.0033092498779296875,success
049BB83A9C4C80,3,"['Arena', 'Museo Lapidario', 'Casa Giulietta']",Torre Lamberti,"['Sighseeing', 'Centro Fotografia', 'Museo Conte', 'Palazzo della Ragione', 'AMO']",Santa Anastasia,strategy_nearest,False,0.002505064010620117,success
049BBD429C4C80,3,"['Arena', 'San Fermo']",Santa Anastasia,"['AMO', 'Museo Conte', 'Palazzo della Ragione', 'Teatro Romano', 'Centro Fotografia']",Duomo,strategy_nearest,False,0.0032320022583007812,success
049BC9429C4C80,3,['Arena'],Casa Giulietta,"['Centro Fotografia', 'Sighseeing', 'Torre Lamberti', 'Museo Conte', 'Museo Radio']",Santa Anastasia,strategy_nearest,False,0.0026099681854248047,success
049BC23A9C4C80,0,"['Arena', 'Casa Giulietta']",Torre Lamberti,"['Sighseeing', 'Centro Fotografia', 'Museo Conte', 'Palazzo della Ragione', 'AMO']",Castelvecchio,strategy_nearest,False,0.0020537376403808594,success
049BC6429C4C80,0,"['Arena', 'Casa Giulietta']",Teatro Romano,"['Santa Anastasia', 'Duomo', 'AMO', 'Palazzo della Ragione', 'Museo Conte']",Torre Lamberti,strategy_nearest,False,0.0034596920013427734,success
049BD43A9C4C80,0,['Arena'],Torre Lamberti,"['Sighseeing', 'Centro Fotografia', 'Museo Conte', 'Casa Giulietta', 'Palazzo della Ragione']",Castelvecchio,strategy_nearest,False,0.0029268264770507812,success
049BDB3A9C4C80,2,"['Santa Anastasia', 'Palazzo della Ragione', 'San Fermo']",Castelvecchio,"['Museo Lapidario', 'Verona Tour', 'Arena', 'Museo Radio', 'San Zeno']",Giardino Giusti,strategy_nearest,False,0.0023429393768310547,success
049BE23A9C4C80,0,"['Arena', 'Castelvecchio']",Teatro Romano,"['Santa Anastasia', 'Duomo', 'AMO', 'Palazzo della Ragione', 'Museo Conte']",Torre Lamberti,strategy_nearest,False,0.002068042755126953,success
049BDC3A9C4C80,1,"['Palazzo della Ragione', 'Torre Lamberti']",Casa Giulietta,"['Centro Fotografia', 'Sighseeing', 'Museo Conte', 'Museo Radio', 'San Fermo']",Arena,strategy_nearest,False,0.004039764404296875,success
049BF5429C4C80,1,"['San Fermo', 'Casa Giulietta', 'Palazzo della Ragione', 'Santa Anastasia']",Duomo,"['AMO', 'Museo Miniscalchi', 'Teatro Romano', 'Museo Conte', 'Torre Lamberti']",Teatro Romano,strategy_nearest,True,0.00298309326171875,success
049C06429C4C80,0,"['Castelvecchio', 'Arena']",Casa Giulietta,"['Centro Fotografia', 'Sighseeing', 'Torre Lamberti', 'Museo Conte', 'Museo Radio']",Torre Lamberti,strategy_nearest,True,0.0026311874389648438,success
049C0E429C4C84,3,"['Casa Giulietta', 'Teatro Romano']",Santa Anastasia,"['AMO', 'Museo Conte', 'Palazzo della Ragione', 'Centro Fotografia', 'Duomo']",Duomo,strategy_nearest,True,0.0031652450561523438,success
049C133A9C4C84,3,['Arena'],Santa Anastasia,"['AMO', 'Museo Conte', 'Palazzo della Ragione', 'Teatro Romano', 'Centro Fotografia']",Duomo,strategy_nearest,False,0.0025479793548583984,success
049C15429C4C80,1,"['Tomba Giulietta', 'Arena', 'Torre Lamberti']",Palazzo della Ragione,"['AMO', 'Museo Conte', 'Centro Fotografia', 'Sighseeing', 'Santa Anastasia']",Casa Giulietta,strategy_nearest,False,0.0032269954681396484,success
049C163A9C4C84,0,['Torre Lamberti'],Casa Giulietta,"['Centro Fotografia', 'Sighseeing', 'Museo Conte', 'Museo Radio', 'Palazzo della Ragione']",Arena,strategy_nearest,False,0.0028333663940429688,success
049C1A429C4C80,3,"['Arena', 'Casa Giulietta']",Santa Anastasia,"['AMO', 'Museo Conte', 'Palazzo della Ragione', 'Teatro Romano', 'Centro Fotografia']",Teatro Romano,strategy_nearest,True,0.0019609928131103516,success
049C1B3A9C4C84,0,['Arena'],San Fermo,"['Museo Storia', 'Museo Radio', 'Casa Giulietta', 'Centro Fotografia', 'Sighseeing']",Casa Giulietta,strategy_nearest,True,0.0033130645751953125,success
049C20429C4C84,0,"['Arena', 'Casa Giulietta']",Torre Lamberti,"['Sighseeing', 'Centro Fotografia', 'Museo Conte', 'Palazzo della Ragione', 'AMO']",Teatro Romano,strategy_nearest,False,0.003233671188354492,success
049C2A3A9C4C80,2,"['Castelvecchio', 'Torre Lamberti']",Palazzo della Ragione,"['AMO', 'Museo Conte', 'Centro Fotografia', 'Sighseeing', 'Santa Anastasia']",Santa Anastasia,strategy_nearest,True,0.002499103546142578,success
049C22429C4C80,3,"['Torre Lamberti', 'Santa Anastasia']",Giardino Giusti,"['Teatro Romano', 'Museo Conte', 'Centro Fotografia', 'Museo Storia', 'AMO']",Teatro Romano,strategy_nearest,True,0.0039288997650146484,success
049C223A9C4C84,3,"['Tomba Giulietta', 'Arena']",Torre Lamberti,"['Sighseeing', 'Centro Fotografia', 'Museo Conte', 'Casa Giulietta', 'Palazzo della Ragione']",Santa Anastasia,strategy_nearest,False,0.0027968883514404297,success
049C2F4A9C4C80,0,['Tomba Giulietta'],Arena,"['Verona Tour', 'Museo Lapidario', 'Museo Radio', 'San Fermo', 'Casa Giulietta']",Casa Giulietta,strategy_nearest,True,0.0033233165740966797,success
049C3E3A9C4C80,0,['Arena'],San Fermo,"['Museo Storia', 'Museo Radio', 'Casa Giulietta', 'Centro Fotografia', 'Sighseeing']",Teatro Romano,strategy_nearest,False,0.0025930404663085938,success
049C43C27B3F80,1,"['Santa Anastasia', 'Casa Giulietta', 'Arena']",San Fermo,"['Museo Storia', 'Museo Radio', 'Centro Fotografia', 'Sighseeing', 'Torre Lamberti']",Torre Lamberti,strategy_nearest,True,0.0023908615112304688,success
049C50429C4C80,1,"['Arena', 'Casa Giulietta', 'San Fermo']",Palazzo della Ragione,"['AMO', 'Museo Conte', 'Torre Lamberti', 'Centro Fotografia', 'Sighseeing']",Torre Lamberti,strategy_nearest,True,0.003359079360961914,success
049C55429C4C80,2,['Casa Giulietta'],Torre Lamberti,"['Sighseeing', 'Centro Fotografia', 'Museo Conte', 'Palazzo della Ragione', 'AMO']",Castelvecchio,strategy_nearest,False,0.0019338130950927734,success
049C57429C4C80,3,"['Arena', 'Santa Anastasia']",Torre Lamberti,"['Sighseeing', 'Centro Fotografia', 'Museo Conte', 'Casa Giulietta', 'Palazzo della Ragione']",Castelvecchio,strategy_nearest,False,0.0034589767456054688,success
049C56429C4C80,3,"['Castelvecchio', 'Arena']",Casa Giulietta,"['Centro Fotografia', 'Sighseeing', 'Torre Lamberti', 'Museo Conte', 'Museo Radio']",Torre Lamberti,strategy_nearest,True,0.0028400421142578125,success
049C583A9C4C80,3,"['Torre Lamberti', 'Santa Anastasia']",Duomo,"['AMO', 'Museo Miniscalchi', 'Teatro Romano', 'Palazzo della Ragione', 'Museo Conte']",Castelvecchio,strategy_nearest,False,0.003009796142578125,success
049C643A9C4C80,0,['Arena'],Casa Giulietta,"['Centro Fotografia', 'Sighseeing', 'Torre Lamberti', 'Museo Conte', 'Museo Radio']",Torre Lamberti,strategy_nearest,True,0.0032618045806884766,success
049C6E429C4C80,0,"['Arena', 'Casa Giulietta']",Torre Lamberti,"['Sighseeing', 'Centro Fotografia', 'Museo Conte', 'Palazzo della Ragione', 'AMO']",Castelvecchio,strategy_nearest,False,0.0018301010131835938,success
049C68429C4C80,0,['Arena'],Castelvecchio,"['Museo Lapidario', 'Verona Tour', 'Museo Radio', 'San Zeno', 'Sighseeing']",Casa Giulietta,strategy_nearest,False,0.0034270286560058594,success
049C763A9C4C80,2,['Casa Giulietta'],Santa Anastasia,"['AMO', 'Museo Conte', 'Palazzo della Ragione', 'Teatro Romano', 'Centro Fotografia']",Teatro Romano,strategy_nearest,True,0.0026047229766845703,success
049C864A9C4C80,0,['Casa Giulietta'],Torre Lamberti,"['Sighseeing', 'Centro Fotografia', 'Museo Conte', 'Palazzo della Ragione', 'AMO']",Castelvecchio,strategy_nearest,False,0.0030126571655273438,success
049C8B4A9C4C80,3,"['Arena', 'Giardino Giusti']",Teatro Romano,"['Santa Anastasia', 'Duomo', 'AMO', 'Palazzo della Ragione', 'Museo Conte']",Torre Lamberti,strategy_nearest,False,0.0031919479370117188,success
049C89429C4C80,0,['Arena'],Casa Giulietta,"['Centro Fotografia', 'Sighseeing', 'Torre Lamberti', 'Museo Conte', 'Museo Radio']",Castelvecchio,strategy_nearest,False,0.0026259422302246094,success
049C974A9C4C80,3,"['Arena', 'Casa Giulietta']",Torre Lamberti,"['Sighseeing', 'Centro Fotografia', 'Museo Conte', 'Palazzo della Ragione', 'AMO']",Santa Anastasia,strategy_nearest,False,0.002663850784301758,success
049C9E4A9C4C80,1,"['Arena', 'Casa Giulietta', 'Torre Lamberti']",Palazzo della Ragione,"['AMO', 'Museo Conte', 'Centro Fotografia', 'Sighseeing', 'Santa Anastasia']",Santa Anastasia,strategy_nearest,True,0.0032958984375,success
049CA0429C4C80,0,['Duomo'],Arena,"['Verona Tour', 'Museo Lapidario', 'Museo Radio', 'San Fermo', 'Casa Giulietta']",Torre Lamberti,strategy_nearest,False,0.002521038055419922,success
049CA64A9C4C80,0,"['Arena', 'Castelvecchio']",San Zeno,"['Verona Tour', 'Museo Lapidario', 'Museo Miniscalchi', 'Sighseeing', 'Museo Radio']",Torre Lamberti,strategy_nearest,False,0.00255584716796875,success
049CA14A9C4C80,3,['Arena'],San Zeno,"['Castelvecchio', 'Verona Tour', 'Museo Lapidario', 'Museo Miniscalchi', 'Sighseeing']",Torre Lamberti,strategy_nearest,False,0.003281831741333008,success
049CA73A9C4C80,1,"['Arena', 'Casa Giulietta']",Torre Lamberti,"['Sighseeing', 'Centro Fotografia', 'Museo Conte', 'Palazzo della Ragione', 'AMO']",Palazzo della Ragione,strategy_nearest,True,0.0032570362091064453,success
049CAA4A9C4C80,1,"['Palazzo della Ragione', 'Arena']",Castelvecchio,"['Museo Lapidario', 'Verona Tour', 'Museo Radio', 'San Zeno', 'Sighseeing']",Teatro Romano,strategy_nearest,False,0.002649068832397461,success
049CB13A9C4C80,0,['Arena'],Castelvecchio,"['Museo Lapidario', 'Verona Tour', 'Museo Radio', 'San Zeno', 'Sighseeing']",Teatro Romano,strategy_nearest,False,0.0033118724822998047,success
049CAA3A9C4C80,2,"['Casa Giulietta', 'Torre Lamberti']",Palazzo della Ragione,"['AMO', 'Museo Conte', 'Centro Fotografia', 'Sighseeing', 'Santa Anastasia']",Santa Anastasia,strategy_nearest,True,0.0018010139465332031,success
049CB73A9C4C80,1,"['Arena', 'Casa Giulietta']",Torre Lamberti,"['Sighseeing', 'Centro Fotografia', 'Museo Conte', 'Palazzo della Ragione', 'AMO']",Palazzo della Ragione,strategy_nearest,True,0.0027310848236083984,success
049CB6429C4C80,1,"['Arena', 'Casa Giulietta']",Torre Lamberti,"['Sighseeing', 'Centro Fotografia', 'Museo Conte', 'Palazzo della Ragione', 'AMO']",Palazzo della Ragione,strategy_nearest,True,0.0018758773803710938,success
049CC33A9C4C80,1,['Arena'],Casa Giulietta,"['Centro Fotografia', 'Sighseeing', 'Torre Lamberti', 'Museo Conte', 'Museo Radio']",Palazzo della Ragione,strategy_nearest,False,0.003123760223388672,success
049CC1429C4C80,0,['Arena'],Casa Giulietta,"['Centro Fotografia', 'Sighseeing', 'Torre Lamberti', 'Museo Conte', 'Museo Radio']",Torre Lamberti,strategy_nearest,True,0.002771139144897461,success
049CDA3A9C4C80,2,"['Castelvecchio', 'Torre Lamberti']",Palazzo della Ragione,"['AMO', 'Museo Conte', 'Centro Fotografia', 'Sighseeing', 'Santa Anastasia']",Santa Anastasia,strategy_nearest,True,0.0013229846954345703,success
049CD53A9C4C80,0,['Arena'],Castelvecchio,"['Museo Lapidario', 'Verona Tour', 'Museo Radio', 'San Zeno', 'Sighseeing']",Teatro Romano,strategy_nearest,False,0.003180980682373047,success
049CDB3A9C4C80,1,"['Arena', 'Casa Giulietta', 'Palazzo della Ragione']",Torre Lamberti,"['Sighseeing', 'Centro Fotografia', 'Museo Conte', 'AMO', 'Museo Miniscalchi']",San Fermo,strategy_nearest,False,0.0024700164794921875,success
049CDE3A9C4C80,1,['Museo Lapidario'],Arena,"['Verona Tour', 'Museo Radio', 'San Fermo', 'Casa Giulietta', 'Sighseeing']",Palazzo della Ragione,strategy_nearest,False,0.0033516883850097656,success
049CEC3A9C4C80,0,['Casa Giulietta'],Palazzo della Ragione,"['AMO', 'Museo Conte', 'Torre Lamberti', 'Centro Fotografia', 'Sighseeing']",Arena,strategy_nearest,False,0.0019497871398925781,success
049CF5429C4C80,2,"['Casa Giulietta', 'Santa Anastasia', 'Duomo']",Palazzo della Ragione,"['AMO', 'Museo Conte', 'Torre Lamberti', 'Centro Fotografia', 'Sighseeing']",San Fermo,strategy_nearest,False,0.002584218978881836,success
049CF0429C4C80,3,"['Arena', 'Casa Giulietta']",Santa Anastasia,"['AMO', 'Museo Conte', 'Palazzo della Ragione', 'Teatro Romano', 'Centro Fotografia']",Duomo,strategy_nearest,False,0.0033202171325683594,success
049CFE429C4C80,0,"['Arena', 'Castelvecchio']",Casa Giulietta,"['Centro Fotografia', 'Sighseeing', 'Torre Lamberti', 'Museo Conte', 'Museo Radio']",Tomba Giulietta,strategy_nearest,False,0.00244903564453125,success
049D143A9C4C84,3,['Santa Anastasia'],Teatro Romano,"['Duomo', 'AMO', 'Palazzo della Ragione', 'Museo Conte', 'Centro Fotografia']",Arena,strategy_nearest,False,0.0018949508666992188,success
049D0B429C4C80,3,"['Castelvecchio', 'Tomba Giulietta', 'Santa Anastasia']",Duomo,"['AMO', 'Museo Miniscalchi', 'Teatro Romano', 'Palazzo della Ragione', 'Museo Conte']",Teatro Romano,strategy_nearest,True,0.00420689582824707,success
049D0E3A9C4C80,1,['Arena'],Casa Giulietta,"['Centro Fotografia', 'Sighseeing', 'Torre Lamberti', 'Museo Conte', 'Museo Radio']",Torre Lamberti,strategy_nearest,True,0.003381013870239258,success
049D173A9C4C84,0,['Arena'],Casa Giulietta,"['Centro Fotografia', 'Sighseeing', 'Torre Lamberti', 'Museo Conte', 'Museo Radio']",Torre Lamberti,strategy_nearest,True,0.002790212631225586,success
049D274A9C4C80,0,['Casa Giulietta'],Arena,"['Verona Tour', 'Museo Lapidario', 'Museo Radio', 'San Fermo', 'Sighseeing']",Torre Lamberti,strategy_nearest,False,0.002385854721069336,success
049D2C4A9C4C80,3,"['Casa Giulietta', 'Torre Lamberti', 'Santa Anastasia', 'Duomo', 'Teatro Romano']",Giardino Giusti,"['Museo Conte', 'Centro Fotografia', 'Museo Storia', 'AMO', 'Palazzo della Ragione']",San Zeno,strategy_nearest,False,0.0026082992553710938,success
049D2F3A9C4C80,1,"['Arena', 'Santa Anastasia']",Palazzo della Ragione,"['AMO', 'Museo Conte', 'Torre Lamberti', 'Centro Fotografia', 'Sighseeing']",Torre Lamberti,strategy_nearest,True,0.00273895263671875,success
049D4E429C4C80,3,"['Santa Anastasia', 'Duomo']",Torre Lamberti,"['Sighseeing', 'Centro Fotografia', 'Museo Conte', 'Casa Giulietta', 'Palazzo della Ragione']",Teatro Romano,strategy_nearest,False,0.0029931068420410156,success
049D3C429C4C80,0,['Casa Giulietta'],Arena,"['Verona Tour', 'Museo Lapidario', 'Museo Radio', 'San Fermo', 'Sighseeing']",Tomba Giulietta,strategy_nearest,False,0.00339508056640625,success
049D50429C4C80,0,['Arena'],Torre Lamberti,"['Sighseeing', 'Centro Fotografia', 'Museo Conte', 'Casa Giulietta', 'Palazzo della Ragione']",Castelvecchio,strategy_nearest,False,0.0032808780670166016,success
049D56429C4C80,0,['Arena'],Casa Giulietta,"['Centro Fotografia', 'Sighseeing', 'Torre Lamberti', 'Museo Conte', 'Museo Radio']",Castelvecchio,strategy_nearest,False,0.0025930404663085938,success
049D5B429C4C80,3,['Torre Lamberti'],Santa Anastasia,"['AMO', 'Museo Conte', 'Palazzo della Ragione', 'Teatro Romano', 'Centro Fotografia']",Arena,strategy_nearest,False,0.0033218860626220703,success
049D68429C4C80,0,['Casa Giulietta'],Santa Anastasia,"['AMO', 'Museo Conte', 'Palazzo della Ragione', 'Teatro Romano', 'Centro Fotografia']",Arena,strategy_nearest,False,0.0032851696014404297,success
049D643A9C4C80,3,['Arena'],Santa Anastasia,"['AMO', 'Museo Conte', 'Palazzo della Ragione', 'Teatro Romano', 'Centro Fotografia']",Duomo,strategy_nearest,False,0.0026831626892089844,success
049D57429C4C80,2,"['Torre Lamberti', 'Teatro Romano']",Duomo,"['AMO', 'Museo Miniscalchi', 'Santa Anastasia', 'Palazzo della Ragione', 'Museo Conte']",Castelvecchio,strategy_nearest,False,0.002769947052001953,success
049D6B429C4C80,3,"['Arena', 'Casa Giulietta', 'San Fermo']",Santa Anastasia,"['AMO', 'Museo Conte', 'Palazzo della Ragione', 'Teatro Romano', 'Centro Fotografia']",Duomo,strategy_nearest,False,0.002501964569091797,success
049D6E429C4C80,1,"['Palazzo della Ragione', 'Teatro Romano']",Castelvecchio,"['Museo Lapidario', 'Verona Tour', 'Arena', 'Museo Radio', 'San Zeno']",Torre Lamberti,strategy_nearest,False,0.0019061565399169922,success
049D6F429C4C80,2,"['Tomba Giulietta', 'San Fermo']",Casa Giulietta,"['Centro Fotografia', 'Sighseeing', 'Torre Lamberti', 'Museo Conte', 'Museo Radio']",Giardino Giusti,strategy_nearest,False,0.002644062042236328,success
049D733A9C4C80,3,"['Arena', 'Castelvecchio', 'Torre Lamberti']",Casa Giulietta,"['Centro Fotografia', 'Sighseeing', 'Museo Conte', 'Museo Radio', 'Palazzo della Ragione']",Santa Anastasia,strategy_nearest,False,0.0025849342346191406,success
049D71429C4C80,0,['Castelvecchio'],Arena,"['Verona Tour', 'Museo Lapidario', 'Museo Radio', 'San Fermo', 'Casa Giulietta']",Casa Giulietta,strategy_nearest,True,0.003490924835205078,success
049D75429C4C80,0,['Arena'],Casa Giulietta,"['Centro Fotografia', 'Sighseeing', 'Torre Lamberti', 'Museo Conte', 'Museo Radio']",Duomo,strategy_nearest,False,0.0031609535217285156,success
049D78429C4C80,3,"['Castelvecchio', 'Arena']",Casa Giulietta,"['Centro Fotografia', 'Sighseeing', 'Torre Lamberti', 'Museo Conte', 'Museo Radio']",Santa Anastasia,strategy_nearest,False,0.0032410621643066406,success
049D7D3A9C4C80,2,['San Fermo'],Casa Giulietta,"['Centro Fotografia', 'Sighseeing', 'Torre Lamberti', 'Museo Conte', 'Museo Radio']",Santa Anastasia,strategy_nearest,False,0.0023107528686523438,success
049D7A429C4C80,0,['Arena'],Casa Giulietta,"['Centro Fotografia', 'Sighseeing', 'Torre Lamberti', 'Museo Conte', 'Museo Radio']",Torre Lamberti,strategy_nearest,True,0.0029709339141845703,success
049D824A9C4C80,0,['Arena'],Torre Lamberti,"['Sighseeing', 'Centro Fotografia', 'Museo Conte', 'Casa Giulietta', 'Palazzo della Ragione']",San Zeno,strategy_nearest,False,0.003129243850708008,success
049D834A9C4C80,3,"['Arena', 'Santa Anastasia']",Duomo,"['AMO', 'Museo Miniscalchi', 'Teatro Romano', 'Palazzo della Ragione', 'Museo Conte']",Casa Giulietta,strategy_nearest,False,0.003092050552368164,success
049D86429C4C80,3,"['Arena', 'Torre Lamberti', 'Santa Anastasia']",Duomo,"['AMO', 'Museo Miniscalchi', 'Teatro Romano', 'Palazzo della Ragione', 'Museo Conte']",Teatro Romano,strategy_nearest,True,0.002087116241455078,success
049D8C429C4C80,3,"['Arena', 'Casa Giulietta']",Duomo,"['AMO', 'Museo Miniscalchi', 'Santa Anastasia', 'Teatro Romano', 'Palazzo della Ragione']",Teatro Romano,strategy_nearest,True,0.0027120113372802734,success
049D87429C4C80,0,['Arena'],Casa Giulietta,"['Centro Fotografia', 'Sighseeing', 'Torre Lamberti', 'Museo Conte', 'Museo Radio']",Torre Lamberti,strategy_nearest,True,0.003489971160888672,success
049D8F4A9C4C80,0,['Casa Giulietta'],Arena,"['Verona Tour', 'Museo Lapidario', 'Museo Radio', 'San Fermo', 'Sighseeing']",Torre Lamberti,strategy_nearest,False,0.003520965576171875,success
049D994A9C4C80,3,"['Arena', 'Casa Giulietta']",Torre Lamberti,"['Sighseeing', 'Centro Fotografia', 'Museo Conte', 'Palazzo della Ragione', 'AMO']",Teatro Romano,strategy_nearest,False,0.003314971923828125,success
049D9F429C4C80,3,"['Arena', 'Duomo']",Teatro Romano,"['Santa Anastasia', 'AMO', 'Palazzo della Ragione', 'Museo Conte', 'Centro Fotografia']",Torre Lamberti,strategy_nearest,False,0.002031087875366211,success
049D9EBA7B3F80,2,"['Duomo', 'Torre Lamberti']",Palazzo della Ragione,"['AMO', 'Museo Conte', 'Centro Fotografia', 'Sighseeing', 'Santa Anastasia']",Castelvecchio,strategy_nearest,False,0.0029020309448242188,success
049DAD3A9C4C80,0,['Arena'],Museo Lapidario,"['Verona Tour', 'Castelvecchio', 'Museo Radio', 'San Fermo', 'Casa Giulietta']",Museo Storia,strategy_nearest,False,0.0028150081634521484,success
049DB23A9C4C80,0,['Tomba Giulietta'],Arena,"['Verona Tour', 'Museo Lapidario', 'Museo Radio', 'San Fermo', 'Casa Giulietta']",Torre Lamberti,strategy_nearest,False,0.002978086471557617,success
049DBC3A9C4C80,1,"['Arena', 'Museo Lapidario']",Casa Giulietta,"['Centro Fotografia', 'Sighseeing', 'Torre Lamberti', 'Museo Conte', 'Museo Radio']",Palazzo della Ragione,strategy_nearest,False,0.002487659454345703,success
049DC23A9C4C80,3,"['Castelvecchio', 'Arena']",Casa Giulietta,"['Centro Fotografia', 'Sighseeing', 'Torre Lamberti', 'Museo Conte', 'Museo Radio']",Santa Anastasia,strategy_nearest,False,0.0018510818481445312,success
049DC6429C4C80,0,"['Arena', 'Casa Giulietta']",Teatro Romano,"['Santa Anastasia', 'Duomo', 'AMO', 'Palazzo della Ragione', 'Museo Conte']",Torre Lamberti,strategy_nearest,False,0.0032351016998291016,success
049DC33A9C4C80,1,['Arena'],Casa Giulietta,"['Centro Fotografia', 'Sighseeing', 'Torre Lamberti', 'Museo Conte', 'Museo Radio']",Palazzo della Ragione,strategy_nearest,False,0.0029439926147460938,success
049DC8429C4C80,2,['Santa Anastasia'],Casa Giulietta,"['Centro Fotografia', 'Sighseeing', 'Torre Lamberti', 'Museo Conte', 'Museo Radio']",Duomo,strategy_nearest,False,0.002566099166870117,success
049DCA3A9C4C80,0,"['Arena', 'Museo Lapidario']",Castelvecchio,"['Verona Tour', 'Museo Radio', 'San Zeno', 'Sighseeing', 'Museo Miniscalchi']",Casa Giulietta,strategy_nearest,False,0.0030410289764404297,success
049DDE3A9C4C80,3,"['Casa Giulietta', 'Santa Anastasia']",Teatro Romano,"['Duomo', 'AMO', 'Palazzo della Ragione', 'Museo Conte', 'Centro Fotografia']",Duomo,strategy_nearest,True,0.004099845886230469,success
049DD1429C4C80,3,"['Arena', 'Torre Lamberti', 'Santa Anastasia']",Castelvecchio,"['Museo Lapidario', 'Verona Tour', 'Museo Radio', 'San Zeno', 'Sighseeing']",San Fermo,strategy_nearest,False,0.002805948257446289,success
049DE7429C4C80,3,"['Castelvecchio', 'Arena', 'Casa Giulietta']",Torre Lamberti,"['Sighseeing', 'Centro Fotografia', 'Museo Conte', 'Palazzo della Ragione', 'AMO']",San Fermo,strategy_nearest,False,0.0026018619537353516,success
049DEE3A9C4C80,3,['Arena'],San Fermo,"['Museo Storia', 'Museo Radio', 'Casa Giulietta', 'Centro Fotografia', 'Sighseeing']",Torre Lamberti,strategy_nearest,False,0.0030820369720458984,success
049DFE429C4C80,0,['Arena'],Casa Giulietta,"['Centro Fotografia', 'Sighseeing', 'Torre Lamberti', 'Museo Conte', 'Museo Radio']",Teatro Romano,strategy_nearest,False,0.003384113311767578,success
049E09429C4C80,3,"['Casa Giulietta', 'Teatro Romano']",Torre Lamberti,"['Sighseeing', 'Centro Fotografia', 'Museo Conte', 'Palazzo della Ragione', 'AMO']",Arena,strategy_nearest,False,0.002760171890258789,success
049DFA3A9C4C80,3,['Arena'],Castelvecchio,"['Museo Lapidario', 'Verona Tour', 'Museo Radio', 'San Zeno', 'Sighseeing']",Santa Anastasia,strategy_nearest,False,0.0018928050994873047,success
049DF53A9C4C80,3,"['Torre Lamberti', 'Santa Anastasia']",Casa Giulietta,"['Centro Fotografia', 'Sighseeing', 'Museo Conte', 'Museo Radio', 'Palazzo della Ragione']",Arena,strategy_nearest,False,0.002893209457397461,success
049E173A9C4C80,3,"['Arena', 'Castelvecchio']",Torre Lamberti,"['Sighseeing', 'Centro Fotografia', 'Museo Conte', 'Casa Giulietta', 'Palazzo della Ragione']",Teatro Romano,strategy_nearest,False,0.002118825912475586,success
049E133A9C4C80,0,['Arena'],Castelvecchio,"['Museo Lapidario', 'Verona Tour', 'Museo Radio', 'San Zeno', 'Sighseeing']",Duomo,strategy_nearest,False,0.0015490055084228516,success
049E17429C4C80,0,['Arena'],Duomo,"['AMO', 'Museo Miniscalchi', 'Santa Anastasia', 'Teatro Romano', 'Palazzo della Ragione']",Castelvecchio,strategy_nearest,False,0.002855062484741211,success
049E1A3A9C4C84,0,"['Arena', 'San Fermo']",Casa Giulietta,"['Centro Fotografia', 'Sighseeing', 'Torre Lamberti', 'Museo Conte', 'Museo Radio']",Torre Lamberti,strategy_nearest,True,0.0032241344451904297,success
049E24429C4C84,1,"['Arena', 'Casa Giulietta']",Torre Lamberti,"['Sighseeing', 'Centro Fotografia', 'Museo Conte', 'Palazzo della Ragione', 'AMO']",Palazzo della Ragione,strategy_nearest,True,0.002289295196533203,success
049E2E4A9C4C80,3,"['Torre Lamberti', 'Santa Anastasia', 'Arena']",Castelvecchio,"['Museo Lapidario', 'Verona Tour', 'Museo Radio', 'San Zeno', 'Sighseeing']",Teatro Romano,strategy_nearest,False,0.0025730133056640625,success
049E2F3A9C4C80,3,"['Arena', 'San Fermo']",Casa Giulietta,"['Centro Fotografia', 'Sighseeing', 'Torre Lamberti', 'Museo Conte', 'Museo Radio']",Santa Anastasia,strategy_nearest,False,0.0026121139526367188,success
049E3C429C4C80,1,"['Casa Giulietta', 'Torre Lamberti', 'Palazzo della Ragione']",Santa Anastasia,"['AMO', 'Museo Conte', 'Teatro Romano', 'Centro Fotografia', 'Duomo']",Tomba Giulietta,strategy_nearest,False,0.002335786819458008,success
049E3A4A9C4C80,3,"['Castelvecchio', 'Giardino Giusti', 'Teatro Romano', 'Duomo']",Arena,"['Verona Tour', 'Museo Lapidario', 'Museo Radio', 'San Fermo', 'Casa Giulietta']",Casa Giulietta,strategy_nearest,True,0.004087686538696289,success
049E433A9C4C80,0,['Duomo'],Arena,"['Verona Tour', 'Museo Lapidario', 'Museo Radio', 'San Fermo', 'Casa Giulietta']",Castelvecchio,strategy_nearest,False,0.0031681060791015625,success
049E45429C4C80,3,"['Arena', 'Castelvecchio']",San Zeno,"['Verona Tour', 'Museo Lapidario', 'Museo Miniscalchi', 'Sighseeing', 'Museo Radio']",Duomo,strategy_nearest,False,0.004208087921142578,success
049E46429C4C80,1,"['Arena', 'Casa Giulietta']",Palazzo della Ragione,"['AMO', 'Museo Conte', 'Torre Lamberti', 'Centro Fotografia', 'Sighseeing']",Torre Lamberti,strategy_nearest,True,0.0017981529235839844,success
049E49429C4C80,3,"['Arena', 'San Fermo']",Casa Giulietta,"['Centro Fotografia', 'Sighseeing', 'Torre Lamberti', 'Museo Conte', 'Museo Radio']",Torre Lamberti,strategy_nearest,True,0.003911256790161133,success
049E4F3A9C4C80,1,"['Arena', 'Palazzo della Ragione']",Torre Lamberti,"['Sighseeing', 'Centro Fotografia', 'Museo Conte', 'Casa Giulietta', 'AMO']",Teatro Romano,strategy_nearest,False,0.002674102783203125,success
049E54429C4C80,0,['Castelvecchio'],Casa Giulietta,"['Centro Fotografia', 'Sighseeing', 'Torre Lamberti', 'Museo Conte', 'Museo Radio']",Arena,strategy_nearest,False,0.0018239021301269531,success
049E543A9C4C80,3,['Torre Lamberti'],Arena,"['Verona Tour', 'Museo Lapidario', 'Museo Radio', 'San Fermo', 'Casa Giulietta']",Santa Anastasia,strategy_nearest,False,0.0030670166015625,success
049E563A9C4C80,3,"['Arena', 'Casa Giulietta', 'Santa Anastasia']",Castelvecchio,"['Museo Lapidario', 'Verona Tour', 'Museo Radio', 'San Zeno', 'Sighseeing']",Museo Lapidario,strategy_nearest,True,0.003386259078979492,success
049E5A429C4C80,3,"['Teatro Romano', 'Santa Anastasia']",Casa Giulietta,"['Centro Fotografia', 'Sighseeing', 'Torre Lamberti', 'Museo Conte', 'Museo Radio']",Arena,strategy_nearest,False,0.0024170875549316406,success
049E653A9C4C80,3,"['Santa Anastasia', 'Casa Giulietta']",Arena,"['Verona Tour', 'Museo Lapidario', 'Museo Radio', 'San Fermo', 'Sighseeing']",Castelvecchio,strategy_nearest,False,0.002624034881591797,success
049E743A9C4C80,1,"['Arena', 'Palazzo della Ragione', 'Torre Lamberti']",Santa Anastasia,"['AMO', 'Museo Conte', 'Teatro Romano', 'Centro Fotografia', 'Duomo']",Teatro Romano,strategy_nearest,True,0.0031731128692626953,success
049E793A9C4C80,3,"['Arena', 'San Fermo', 'Torre Lamberti']",Santa Anastasia,"['AMO', 'Museo Conte', 'Palazzo della Ragione', 'Teatro Romano', 'Centro Fotografia']",Giardino Giusti,strategy_nearest,False,0.002920866012573242,success
049E79429C4C80,2,"['Castelvecchio', 'Torre Lamberti']",Palazzo della Ragione,"['AMO', 'Museo Conte', 'Centro Fotografia', 'Sighseeing', 'Santa Anastasia']",Casa Giulietta,strategy_nearest,False,0.0033981800079345703,success
049E7F4A9C4C80,0,['Arena'],Torre Lamberti,"['Sighseeing', 'Centro Fotografia', 'Museo Conte', 'Casa Giulietta', 'Palazzo della Ragione']",Teatro Romano,strategy_nearest,False,0.0031418800354003906,success
049E804A9C4C80,1,"['Arena', 'Duomo', 'Santa Anastasia', 'Casa Giulietta']",Castelvecchio,"['Museo Lapidario', 'Verona Tour', 'Museo Radio', 'San Zeno', 'Sighseeing']",Torre Lamberti,strategy_nearest,False,0.0031249523162841797,success
049E834A9C4C80,0,['Arena'],Casa Giulietta,"['Centro Fotografia', 'Sighseeing', 'Torre Lamberti', 'Museo Conte', 'Museo Radio']",Torre Lamberti,strategy_nearest,True,0.0033249855041503906,success
049E88429C4C80,1,['Arena'],Castelvecchio,"['Museo Lapidario', 'Verona Tour', 'Museo Radio', 'San Zeno', 'Sighseeing']",Palazzo della Ragione,strategy_nearest,False,0.002566814422607422,success
049E8B4A9C4C80,1,['Arena'],Casa Giulietta,"['Centro Fotografia', 'Sighseeing', 'Torre Lamberti', 'Museo Conte', 'Museo Radio']",Palazzo della Ragione,strategy_nearest,False,0.0030510425567626953,success
049E8C3A9C4C80,3,"['Arena', 'San Fermo']",Santa Anastasia,"['AMO', 'Museo Conte', 'Palazzo della Ragione', 'Teatro Romano', 'Centro Fotografia']",Duomo,strategy_nearest,False,0.002960205078125,success
049E8A3A9C4C80,0,['Arena'],San Fermo,"['Museo Storia', 'Museo Radio', 'Casa Giulietta', 'Centro Fotografia', 'Sighseeing']",Casa Giulietta,strategy_nearest,True,0.0036411285400390625,success
049E94429C4C80,0,['Arena'],Casa Giulietta,"['Centro Fotografia', 'Sighseeing', 'Torre Lamberti', 'Museo Conte', 'Museo Radio']",Tomba Giulietta,strategy_nearest,False,0.0033299922943115234,success
049E97429C4C80,0,['Arena'],Torre Lamberti,"['Sighseeing', 'Centro Fotografia', 'Museo Conte', 'Casa Giulietta', 'Palazzo della Ragione']",Casa Giulietta,strategy_nearest,True,0.0025322437286376953,success
049E9D429C4C80,0,['Duomo'],Arena,"['Verona Tour', 'Museo Lapidario', 'Museo Radio', 'San Fermo', 'Casa Giulietta']",Castelvecchio,strategy_nearest,False,0.002460956573486328,success
049E9F429C4C80,2,"['Castelvecchio', 'Duomo']",Santa Anastasia,"['AMO', 'Museo Conte', 'Palazzo della Ragione', 'Teatro Romano', 'Centro Fotografia']",Torre Lamberti,strategy_nearest,False,0.0023860931396484375,success
049EA34A9C4C80,1,['Castelvecchio'],Arena,"['Verona Tour', 'Museo Lapidario', 'Museo Radio', 'San Fermo', 'Casa Giulietta']",Palazzo della Ragione,strategy_nearest,False,0.0030040740966796875,success
049EA4429C4C80,0,['Torre Lamberti'],Arena,"['Verona Tour', 'Museo Lapidario', 'Museo Radio', 'San Fermo', 'Casa Giulietta']",Castelvecchio,strategy_nearest,False,0.0032880306243896484,success
049EA73A9C4C80,3,"['Arena', 'Casa Giulietta']",Santa Anastasia,"['AMO', 'Museo Conte', 'Palazzo della Ragione', 'Teatro Romano', 'Centro Fotografia']",Teatro Romano,strategy_nearest,True,0.0031859874725341797,success
049EA84A9C4C80,0,['Arena'],Casa Giulietta,"['Centro Fotografia', 'Sighseeing', 'Torre Lamberti', 'Museo Conte', 'Museo Radio']",Torre Lamberti,strategy_nearest,True,0.0027132034301757812,success
049EACC27B3F80,1,"['Santa Anastasia', 'Casa Giulietta', 'Arena']",San Fermo,"['Museo Storia', 'Museo Radio', 'Centro Fotografia', 'Sighseeing', 'Torre Lamberti']",Torre Lamberti,strategy_nearest,True,0.002465963363647461,success
049EAD429C4C80,0,['Castelvecchio'],Arena,"['Verona Tour', 'Museo Lapidario', 'Museo Radio', 'San Fermo', 'Casa Giulietta']",Casa Giulietta,strategy_nearest,True,0.003052949905395508,success
049EE43A9C4C80,3,"['Santa Anastasia', 'Duomo', 'Arena']",San Fermo,"['Museo Storia', 'Museo Radio', 'Casa Giulietta', 'Centro Fotografia', 'Sighseeing']",Torre Lamberti,strategy_nearest,False,0.0025987625122070312,success
049EE63A9C4C80,3,['Arena'],Santa Anastasia,"['AMO', 'Museo Conte', 'Palazzo della Ragione', 'Teatro Romano', 'Centro Fotografia']",Tomba Giulietta,strategy_nearest,False,0.002542734146118164,success
049ED0429C4C80,2,['Castelvecchio'],Torre Lamberti,"['Sighseeing', 'Centro Fotografia', 'Museo Conte', 'Casa Giulietta', 'Palazzo della Ragione']",Palazzo della Ragione,strategy_nearest,True,0.002415180206298828,success
049EED3A9C4C80,1,"['Castelvecchio', 'Arena']",Torre Lamberti,"['Sighseeing', 'Centro Fotografia', 'Museo Conte', 'Casa Giulietta', 'Palazzo della Ragione']",Palazzo della Ragione,strategy_nearest,True,0.003045320510864258,success
049EF53A9C4C80,3,"['Arena', 'Casa Giulietta']",Torre Lamberti,"['Sighseeing', 'Centro Fotografia', 'Museo Conte', 'Palazzo della Ragione', 'AMO']",Santa Anastasia,strategy_nearest,False,0.0027840137481689453,success
049F02429C4C84,1,"['Arena', 'Casa Giulietta', 'Teatro Romano', 'Duomo']",Santa Anastasia,"['AMO', 'Museo Conte', 'Palazzo della Ragione', 'Centro Fotografia', 'Torre Lamberti']",Torre Lamberti,strategy_nearest,True,0.0031392574310302734,success
049F0C3A9C4C84,1,"['Arena', 'Palazzo della Ragione']",Torre Lamberti,"['Sighseeing', 'Centro Fotografia', 'Museo Conte', 'Casa Giulietta', 'AMO']",Santa Anastasia,strategy_nearest,False,0.0024819374084472656,success
049F0E429C4C84,3,"['Arena', 'Torre Lamberti']",Casa Giulietta,"['Centro Fotografia', 'Sighseeing', 'Museo Conte', 'Museo Radio', 'Palazzo della Ragione']",Santa Anastasia,strategy_nearest,False,0.00360870361328125,success
049F123A9C4C80,0,['Torre Lamberti'],Casa Giulietta,"['Centro Fotografia', 'Sighseeing', 'Museo Conte', 'Museo Radio', 'Palazzo della Ragione']",Arena,strategy_nearest,False,0.0026962757110595703,success
049F12429C4C84,0,['Arena'],Torre Lamberti,"['Sighseeing', 'Centro Fotografia', 'Museo Conte', 'Casa Giulietta', 'Palazzo della Ragione']",Duomo,strategy_nearest,False,0.0027379989624023438,success
049F183A9C4C84,3,"['San Zeno', 'Castelvecchio', 'Arena']",Tomba Giulietta,"['San Fermo', 'Museo Storia', 'Museo Lapidario', 'Museo Radio', 'Verona Tour']",San Fermo,strategy_nearest,True,0.0034058094024658203,success
049F223A9C4C80,2,['Castelvecchio'],Tomba Giulietta,"['San Fermo', 'Museo Storia', 'Arena', 'Museo Lapidario', 'Museo Radio']",Casa Giulietta,strategy_nearest,False,0.0023589134216308594,success
049F22429C4C80,3,"['Arena', 'Casa Giulietta', 'Teatro Romano']",Torre Lamberti,"['Sighseeing', 'Centro Fotografia', 'Museo Conte', 'Palazzo della Ragione', 'AMO']",Duomo,strategy_nearest,False,0.002683877944946289,success
049F23429C4C84,1,"['Arena', 'Casa Giulietta']",Palazzo della Ragione,"['AMO', 'Museo Conte', 'Torre Lamberti', 'Centro Fotografia', 'Sighseeing']",Torre Lamberti,strategy_nearest,True,0.0032601356506347656,success
049F204A9C4C80,1,"['Casa Giulietta', 'Santa Anastasia', 'Duomo', 'Teatro Romano']",San Zeno,"['Castelvecchio', 'Verona Tour', 'Museo Lapidario', 'Arena', 'Museo Miniscalchi']",Castelvecchio,strategy_nearest,True,0.004662990570068359,success
049F26429C4C80,0,['Casa Giulietta'],Torre Lamberti,"['Sighseeing', 'Centro Fotografia', 'Museo Conte', 'Palazzo della Ragione', 'AMO']",Arena,strategy_nearest,False,0.002755880355834961,success
049F29429C4C84,2,['Castelvecchio'],Duomo,"['AMO', 'Museo Miniscalchi', 'Santa Anastasia', 'Teatro Romano', 'Palazzo della Ragione']",Teatro Romano,strategy_nearest,True,0.003389120101928711,success
049F334A9C4C80,2,"['Torre Lamberti', 'Santa Anastasia']",Duomo,"['AMO', 'Museo Miniscalchi', 'Teatro Romano', 'Palazzo della Ragione', 'Museo Conte']",Teatro Romano,strategy_nearest,True,0.0027420520782470703,success
049F31429C4C80,0,['Arena'],Casa Giulietta,"['Centro Fotografia', 'Sighseeing', 'Torre Lamberti', 'Museo Conte', 'Museo Radio']",Castelvecchio,strategy_nearest,False,0.0014598369598388672,success
049F2C4A9C4C80,0,['Castelvecchio'],Casa Giulietta,"['Centro Fotografia', 'Sighseeing', 'Torre Lamberti', 'Museo Conte', 'Museo Radio']",Arena,strategy_nearest,False,0.004420042037963867,success
049F354A9C4C80,3,"['Arena', 'Castelvecchio']",Teatro Romano,"['Santa Anastasia', 'Duomo', 'AMO', 'Palazzo della Ragione', 'Museo Conte']",Duomo,strategy_nearest,True,0.0025627613067626953,success
049F6C429C4C80,2,['Casa Giulietta'],Teatro Romano,"['Santa Anastasia', 'Duomo', 'AMO', 'Palazzo della Ragione', 'Museo Conte']",Santa Anastasia,strategy_nearest,True,0.002500772476196289,success
049F4F429C4C80,3,"['Arena', 'Torre Lamberti', 'Santa Anastasia']",Duomo,"['AMO', 'Museo Miniscalchi', 'Teatro Romano', 'Palazzo della Ragione', 'Museo Conte']",Teatro Romano,strategy_nearest,True,0.0032320022583007812,success
049F73429C4C80,3,"['Torre Lamberti', 'Duomo']",Casa Giulietta,"['Centro Fotografia', 'Sighseeing', 'Museo Conte', 'Museo Radio', 'Palazzo della Ragione']",Arena,strategy_nearest,False,0.003446817398071289,success
049F76429C4C80,0,['Arena'],Torre Lamberti,"['Sighseeing', 'Centro Fotografia', 'Museo Conte', 'Casa Giulietta', 'Palazzo della Ragione']",Castelvecchio,strategy_nearest,False,0.002685070037841797,success
049F7B429C4C80,3,['Arena'],Santa Anastasia,"['AMO', 'Museo Conte', 'Palazzo della Ragione', 'Teatro Romano', 'Centro Fotografia']",Teatro Romano,strategy_nearest,True,0.0029141902923583984,success
049F7C429C4C80,0,['Arena'],Santa Anastasia,"['AMO', 'Museo Conte', 'Palazzo della Ragione', 'Teatro Romano', 'Centro Fotografia']",Castelvecchio,strategy_nearest,False,0.003480195999145508,success
049F824A9C4C80,0,['Torre Lamberti'],Arena,"['Verona Tour', 'Museo Lapidario', 'Museo Radio', 'San Fermo', 'Casa Giulietta']",Castelvecchio,strategy_nearest,False,0.003187894821166992,success
049F853A9C4C80,0,['Arena'],Casa Giulietta,"['Centro Fotografia', 'Sighseeing', 'Torre Lamberti', 'Museo Conte', 'Museo Radio']",Castelvecchio,strategy_nearest,False,0.0025773048400878906,success
049F86429C4C80,1,"['Arena', 'Palazzo della Ragione']",Torre Lamberti,"['Sighseeing', 'Centro Fotografia', 'Museo Conte', 'Casa Giulietta', 'AMO']",Castelvecchio,strategy_nearest,False,0.0027039051055908203,success
049F873A9C4C80,1,"['Arena', 'Museo Lapidario', 'Castelvecchio']",Santa Anastasia,"['AMO', 'Museo Conte', 'Palazzo della Ragione', 'Teatro Romano', 'Centro Fotografia']",Palazzo della Ragione,strategy_nearest,True,0.003262042999267578,success
049F8B429C4C80,0,['Castelvecchio'],Arena,"['Verona Tour', 'Museo Lapidario', 'Museo Radio', 'San Fermo', 'Casa Giulietta']",Casa Giulietta,strategy_nearest,True,0.002669095993041992,success
049F89429C4C80,0,['Arena'],Tomba Giulietta,"['San Fermo', 'Museo Storia', 'Museo Lapidario', 'Museo Radio', 'Verona Tour']",Casa Giulietta,strategy_nearest,False,0.003429889678955078,success
049F9A429C4C80,1,['Arena'],Palazzo della Ragione,"['AMO', 'Museo Conte', 'Torre Lamberti', 'Centro Fotografia', 'Sighseeing']",Torre Lamberti,strategy_nearest,True,0.0026009082794189453,success
049FA54A9C4C80,1,['Arena'],Casa Giulietta,"['Centro Fotografia', 'Sighseeing', 'Torre Lamberti', 'Museo Conte', 'Museo Radio']",Duomo,strategy_nearest,False,0.0032651424407958984,success
049FA44A9C4C80,2,"['San Fermo', 'Casa Giulietta']",Torre Lamberti,"['Sighseeing', 'Centro Fotografia', 'Museo Conte', 'Palazzo della Ragione', 'AMO']",Palazzo della Ragione,strategy_nearest,True,0.0031790733337402344,success
049FAB3A9C4C80,0,['Torre Lamberti'],Giardino Giusti,"['Santa Anastasia', 'Teatro Romano', 'Museo Conte', 'Centro Fotografia', 'Museo Storia']",Arena,strategy_nearest,False,0.0030012130737304688,success
049FB03A9C4C80,1,"['Arena', 'Casa Giulietta']",Palazzo della Ragione,"['AMO', 'Museo Conte', 'Torre Lamberti', 'Centro Fotografia', 'Sighseeing']",Torre Lamberti,strategy_nearest,True,0.0025899410247802734,success
049FC33A9C4C80,3,"['Arena', 'Casa Giulietta']",Santa Anastasia,"['AMO', 'Museo Conte', 'Palazzo della Ragione', 'Teatro Romano', 'Centro Fotografia']",Duomo,strategy_nearest,False,0.0025548934936523438,success
049FC7429C4C80,0,['Tomba Giulietta'],Duomo,"['AMO', 'Museo Miniscalchi', 'Santa Anastasia', 'Teatro Romano', 'Palazzo della Ragione']",Arena,strategy_nearest,False,0.0032601356506347656,success
049FCD429C4C80,3,"['Tomba Giulietta', 'Casa Giulietta', 'Torre Lamberti']",Santa Anastasia,"['AMO', 'Museo Conte', 'Palazzo della Ragione', 'Teatro Romano', 'Centro Fotografia']",Teatro Romano,strategy_nearest,True,0.002463102340698242,success
049FD0429C4C80,3,"['San Zeno', 'Santa Anastasia']",Teatro Romano,"['Duomo', 'AMO', 'Palazzo della Ragione', 'Museo Conte', 'Centro Fotografia']",Arena,strategy_nearest,False,0.002357959747314453,success
049FD63A9C4C80,3,"['Arena', 'Casa Giulietta']",Santa Anastasia,"['AMO', 'Museo Conte', 'Palazzo della Ragione', 'Teatro Romano', 'Centro Fotografia']",Duomo,strategy_nearest,False,0.002685070037841797,success
049FD03A9C4C80,3,"['San Zeno', 'San Fermo']",Teatro Romano,"['Santa Anastasia', 'Duomo', 'AMO', 'Palazzo della Ragione', 'Museo Conte']",Arena,strategy_nearest,False,0.0024259090423583984,success
049FD9429C4C80,0,"['Arena', 'Torre Lamberti']",Casa Giulietta,"['Centro Fotografia', 'Sighseeing', 'Museo Conte', 'Museo Radio', 'Palazzo della Ragione']",Teatro Romano,strategy_nearest,False,0.0033638477325439453,success
049FDB3A9C4C80,2,"['Teatro Romano', 'Castelvecchio']",Santa Anastasia,"['AMO', 'Museo Conte', 'Palazzo della Ragione', 'Centro Fotografia', 'Duomo']",Torre Lamberti,strategy_nearest,False,0.002147197723388672,success
049FDD3A9C4C80,3,"['Arena', 'Casa Giulietta']",San Fermo,"['Museo Storia', 'Museo Radio', 'Centro Fotografia', 'Sighseeing', 'Torre Lamberti']",Torre Lamberti,strategy_nearest,True,0.0033490657806396484,success
049FEB3A9C4C80,0,"['Arena', 'Castelvecchio']",Casa Giulietta,"['Centro Fotografia', 'Sighseeing', 'Torre Lamberti', 'Museo Conte', 'Museo Radio']",Torre Lamberti,strategy_nearest,True,0.0026350021362304688,success
049FE53A9C4C80,0,['Arena'],Casa Giulietta,"['Centro Fotografia', 'Sighseeing', 'Torre Lamberti', 'Museo Conte', 'Museo Radio']",Santa Anastasia,strategy_nearest,False,0.0020990371704101562,success
049FF23A9C4C80,3,"['Castelvecchio', 'Arena', 'San Fermo']",Casa Giulietta,"['Centro Fotografia', 'Sighseeing', 'Torre Lamberti', 'Museo Conte', 'Museo Radio']",Santa Anastasia,strategy_nearest,False,0.0032570362091064453,success
049FFF429C4C80,1,"['Castelvecchio', 'San Zeno', 'Arena', 'Santa Anastasia']",Duomo,"['AMO', 'Museo Miniscalchi', 'Teatro Romano', 'Palazzo della Ragione', 'Museo Conte']",Teatro Romano,strategy_nearest,True,0.002064228057861328,success
04A0413A9C4C80,0,"['Torre Lamberti', 'Torre Lamberti']",Torre Lamberti,"['Sighseeing', 'Centro Fotografia', 'Museo Conte', 'Casa Giulietta', 'Palazzo della Ragione']",Casa Giulietta,strategy_nearest,True,0.0026388168334960938,success
049FFD429C4C80,1,"['Arena', 'Casa Giulietta', 'Torre Lamberti', 'Palazzo della Ragione']",Santa Anastasia,"['AMO', 'Museo Conte', 'Teatro Romano', 'Centro Fotografia', 'Duomo']",Teatro Romano,strategy_nearest,True,0.002876758575439453,success
04A01D3A9C4C80,0,['Arena'],Casa Giulietta,"['Centro Fotografia', 'Sighseeing', 'Torre Lamberti', 'Museo Conte', 'Museo Radio']",Santa Anastasia,strategy_nearest,False,0.0034487247467041016,success
04A0A74A9C4C80,1,"['Arena', 'Casa Giulietta', 'Palazzo della Ragione']",Torre Lamberti,"['Sighseeing', 'Centro Fotografia', 'Museo Conte', 'AMO', 'Museo Miniscalchi']",Santa Anastasia,strategy_nearest,False,0.0032491683959960938,success
04A1023A9C4C84,3,['Teatro Romano'],Arena,"['Verona Tour', 'Museo Lapidario', 'Museo Radio', 'San Fermo', 'Casa Giulietta']",Santa Anastasia,strategy_nearest,False,0.0019698143005371094,success
04A0E9429C4C80,2,"['Castelvecchio', 'Torre Lamberti', 'Palazzo della Ragione']",Casa Giulietta,"['Centro Fotografia', 'Sighseeing', 'Museo Conte', 'Museo Radio', 'San Fermo']",Santa Anastasia,strategy_nearest,False,0.003288745880126953,success
04A10E429C4C80,0,['Castelvecchio'],Arena,"['Verona Tour', 'Museo Lapidario', 'Museo Radio', 'San Fermo', 'Casa Giulietta']",Casa Giulietta,strategy_nearest,True,0.002560853958129883,success
04A109429C4C80,0,"['Torre Lamberti', 'Arena']",San Zeno,"['Castelvecchio', 'Verona Tour', 'Museo Lapidario', 'Museo Miniscalchi', 'Sighseeing']",Castelvecchio,strategy_nearest,True,0.003596782684326172,success
04A10A429C4C80,3,"['Arena', 'Castelvecchio', 'San Zeno']",Casa Giulietta,"['Centro Fotografia', 'Sighseeing', 'Torre Lamberti', 'Museo Conte', 'Museo Radio']",Torre Lamberti,strategy_nearest,True,0.003821134567260742,success
04A114429C4C80,3,"['Arena', 'Casa Giulietta']",Santa Anastasia,"['AMO', 'Museo Conte', 'Palazzo della Ragione', 'Teatro Romano', 'Centro Fotografia']",Teatro Romano,strategy_nearest,True,0.0032851696014404297,success
04A11F4A9C4C80,0,['Casa Giulietta'],Arena,"['Verona Tour', 'Museo Lapidario', 'Museo Radio', 'San Fermo', 'Sighseeing']",Tomba Giulietta,strategy_nearest,False,0.0018019676208496094,success
04A1163A9C4C80,3,['Arena'],Santa Anastasia,"['AMO', 'Museo Conte', 'Palazzo della Ragione', 'Teatro Romano', 'Centro Fotografia']",Duomo,strategy_nearest,False,0.0026471614837646484,success
04A1213A9C4C84,0,['Castelvecchio'],Arena,"['Verona Tour', 'Museo Lapidario', 'Museo Radio', 'San Fermo', 'Casa Giulietta']",Casa Giulietta,strategy_nearest,True,0.003384113311767578,success
04A1263A9C4C80,1,"['Arena', 'Casa Giulietta', 'Palazzo della Ragione']",Santa Anastasia,"['AMO', 'Museo Conte', 'Teatro Romano', 'Centro Fotografia', 'Duomo']",Torre Lamberti,strategy_nearest,False,0.003195047378540039,success
04A12B3A9C4C80,2,"['Castelvecchio', 'Duomo']",Casa Giulietta,"['Centro Fotografia', 'Sighseeing', 'Torre Lamberti', 'Museo Conte', 'Museo Radio']",Teatro Romano,strategy_nearest,False,0.0029671192169189453,success
04A12A4A9C4C80,1,"['San Zeno', 'Castelvecchio', 'Casa Giulietta', 'Teatro Romano']",Arena,"['Verona Tour', 'Museo Lapidario', 'Museo Radio', 'San Fermo', 'Sighseeing']",Torre Lamberti,strategy_nearest,False,0.002507925033569336,success
04A133429C4C80,0,['Arena'],Castelvecchio,"['Museo Lapidario', 'Verona Tour', 'Museo Radio', 'San Zeno', 'Sighseeing']",Torre Lamberti,strategy_nearest,False,0.003184080123901367,success
04A13B429C4C80,0,['Arena'],Casa Giulietta,"['Centro Fotografia', 'Sighseeing', 'Torre Lamberti', 'Museo Conte', 'Museo Radio']",Torre Lamberti,strategy_nearest,True,0.00255584716796875,success
04A1373A9C4C80,0,"['Arena', 'Torre Lamberti', 'Casa Giulietta']",Tomba Giulietta,"['San Fermo', 'Museo Storia', 'Museo Lapidario', 'Museo Radio', 'Verona Tour']",Castelvecchio,strategy_nearest,False,0.0025701522827148438,success
04A140429C4C80,3,"['Arena', 'Castelvecchio', 'Torre Lamberti']",Duomo,"['AMO', 'Museo Miniscalchi', 'Santa Anastasia', 'Teatro Romano', 'Palazzo della Ragione']",Santa Anastasia,strategy_nearest,True,0.003108978271484375,success
04A147429C4C80,0,['Arena'],Casa Giulietta,"['Centro Fotografia', 'Sighseeing', 'Torre Lamberti', 'Museo Conte', 'Museo Radio']",Torre Lamberti,strategy_nearest,True,0.0031669139862060547,success
04A1553A9C4C80,3,"['Arena', 'Casa Giulietta', 'Torre Lamberti', 'Santa Anastasia']",Teatro Romano,"['Duomo', 'AMO', 'Palazzo della Ragione', 'Museo Conte', 'Centro Fotografia']",Duomo,strategy_nearest,True,0.0031499862670898438,success
04A1533A9C4C80,1,"['Arena', 'Torre Lamberti']",Palazzo della Ragione,"['AMO', 'Museo Conte', 'Centro Fotografia', 'Sighseeing', 'Santa Anastasia']",Castelvecchio,strategy_nearest,False,0.0026481151580810547,success
04A1513A9C4C80,3,"['Arena', 'Casa Giulietta', 'Torre Lamberti']",Santa Anastasia,"['AMO', 'Museo Conte', 'Palazzo della Ragione', 'Teatro Romano', 'Centro Fotografia']",Castelvecchio,strategy_nearest,False,0.002048969268798828,success
04A16D429C4C80,0,['Arena'],San Zeno,"['Castelvecchio', 'Verona Tour', 'Museo Lapidario', 'Museo Miniscalchi', 'Sighseeing']",Castelvecchio,strategy_nearest,True,0.001964092254638672,success
04A156429C4C80,0,"['Arena', 'Casa Giulietta', 'Teatro Romano']",Museo Lapidario,"['Verona Tour', 'Castelvecchio', 'Museo Radio', 'San Fermo', 'Tomba Giulietta']",Castelvecchio,strategy_nearest,True,0.0035529136657714844,success
04A164429C4C80,1,"['Castelvecchio', 'San Fermo', 'Casa Giulietta']",Palazzo della Ragione,"['AMO', 'Museo Conte', 'Torre Lamberti', 'Centro Fotografia', 'Sighseeing']",Torre Lamberti,strategy_nearest,True,0.0028519630432128906,success
04A175429C4C80,3,"['Arena', 'Museo Lapidario', 'Torre Lamberti']",Casa Giulietta,"['Centro Fotografia', 'Sighseeing', 'Museo Conte', 'Museo Radio', 'Palazzo della Ragione']",Santa Anastasia,strategy_nearest,False,0.0031189918518066406,success
04A17F3A9C4C80,0,['Arena'],Castelvecchio,"['Museo Lapidario', 'Verona Tour', 'Museo Radio', 'San Zeno', 'Sighseeing']",Casa Giulietta,strategy_nearest,False,0.0033578872680664062,success
04A1854A9C4C80,0,"['Casa Giulietta', 'Arena']",Castelvecchio,"['Museo Lapidario', 'Verona Tour', 'Museo Radio', 'San Zeno', 'Sighseeing']",Tomba Giulietta,strategy_nearest,False,0.0031957626342773438,success
04A1833A9C4C80,0,['Torre Lamberti'],Duomo,"['AMO', 'Museo Miniscalchi', 'Santa Anastasia', 'Teatro Romano', 'Palazzo della Ragione']",Casa Giulietta,strategy_nearest,False,0.002092123031616211,success
04A1773A9C4C80,1,['Arena'],Torre Lamberti,"['Sighseeing', 'Centro Fotografia', 'Museo Conte', 'Casa Giulietta', 'Palazzo della Ragione']",Palazzo della Ragione,strategy_nearest,True,0.003329038619995117,success
04A18C429C4C80,3,"['Castelvecchio', 'Arena', 'Tomba Giulietta']",Casa Giulietta,"['Centro Fotografia', 'Sighseeing', 'Torre Lamberti', 'Museo Conte', 'Museo Radio']",Santa Anastasia,strategy_nearest,False,0.0014829635620117188,success
04A187429C4C80,3,"['Arena', 'Castelvecchio']",Santa Anastasia,"['AMO', 'Museo Conte', 'Palazzo della Ragione', 'Teatro Romano', 'Centro Fotografia']",Duomo,strategy_nearest,False,0.0027611255645751953,success
04A18D3A9C4C80,0,['Castelvecchio'],Arena,"['Verona Tour', 'Museo Lapidario', 'Museo Radio', 'San Fermo', 'Casa Giulietta']",Casa Giulietta,strategy_nearest,True,0.0027277469635009766,success
04A19C429C4C80,3,"['Arena', 'Casa Giulietta', 'Teatro Romano']",Duomo,"['AMO', 'Museo Miniscalchi', 'Santa Anastasia', 'Palazzo della Ragione', 'Museo Conte']",Santa Anastasia,strategy_nearest,True,0.0033359527587890625,success
04A1A0429C4C80,0,['Arena'],Casa Giulietta,"['Centro Fotografia', 'Sighseeing', 'Torre Lamberti', 'Museo Conte', 'Museo Radio']",Torre Lamberti,strategy_nearest,True,0.0025560855865478516,success
04A19E429C4C80,0,"['Castelvecchio', 'San Zeno']",Arena,"['Verona Tour', 'Museo Lapidario', 'Museo Radio', 'San Fermo', 'Casa Giulietta']",Casa Giulietta,strategy_nearest,True,0.0025987625122070312,success
04A1A1429C4C80,0,['Castelvecchio'],Arena,"['Verona Tour', 'Museo Lapidario', 'Museo Radio', 'San Fermo', 'Casa Giulietta']",Casa Giulietta,strategy_nearest,True,0.003350973129272461,success
04A1A54A9C4C80,1,"['Arena', 'Palazzo della Ragione']",Casa Giulietta,"['Centro Fotografia', 'Sighseeing', 'Torre Lamberti', 'Museo Conte', 'Museo Radio']",San Fermo,strategy_nearest,False,0.003351926803588867,success
04A1A73A9C4C80,3,"['Arena', 'Casa Giulietta', 'Torre Lamberti']",Santa Anastasia,"['AMO', 'Museo Conte', 'Palazzo della Ragione', 'Teatro Romano', 'Centro Fotografia']",Teatro Romano,strategy_nearest,True,0.0025110244750976562,success
04A1A63A9C4C80,0,['Arena'],Casa Giulietta,"['Centro Fotografia', 'Sighseeing', 'Torre Lamberti', 'Museo Conte', 'Museo Radio']",Santa Anastasia,strategy_nearest,False,0.003152132034301758,success
04A1A84A9C4C80,3,"['Torre Lamberti', 'Santa Anastasia', 'Duomo']",Casa Giulietta,"['Centro Fotografia', 'Sighseeing', 'Museo Conte', 'Museo Radio', 'Palazzo della Ragione']",Arena,strategy_nearest,False,0.0030090808868408203,success
04A1A93A9C4C80,3,['Arena'],Santa Anastasia,"['AMO', 'Museo Conte', 'Palazzo della Ragione', 'Teatro Romano', 'Centro Fotografia']",San Fermo,strategy_nearest,False,0.00275421142578125,success
04A1AE3A9C4C80,0,['Arena'],Castelvecchio,"['Museo Lapidario', 'Verona Tour', 'Museo Radio', 'San Zeno', 'Sighseeing']",Santa Anastasia,strategy_nearest,False,0.0018529891967773438,success
04A1B43A9C4C80,3,['Arena'],San Fermo,"['Museo Storia', 'Museo Radio', 'Casa Giulietta', 'Centro Fotografia', 'Sighseeing']",Duomo,strategy_nearest,False,0.002424955368041992,success
04A1BE3A9C4C80,3,"['Teatro Romano', 'Duomo']",Santa Anastasia,"['AMO', 'Museo Conte', 'Palazzo della Ragione', 'Centro Fotografia', 'Torre Lamberti']",Torre Lamberti,strategy_nearest,True,0.0027740001678466797,success
04A1CF3A9C4C80,3,"['Torre Lamberti', 'Santa Anastasia']",Teatro Romano,"['Duomo', 'AMO', 'Palazzo della Ragione', 'Museo Conte', 'Centro Fotografia']",Castelvecchio,strategy_nearest,False,0.0032227039337158203,success
04A1D63A9C4C80,0,['Arena'],Castelvecchio,"['Museo Lapidario', 'Verona Tour', 'Museo Radio', 'San Zeno', 'Sighseeing']",Casa Giulietta,strategy_nearest,False,0.0031299591064453125,success
04A1DE3A9C4C80,1,['Museo Lapidario'],Arena,"['Verona Tour', 'Museo Radio', 'San Fermo', 'Casa Giulietta', 'Sighseeing']",Palazzo della Ragione,strategy_nearest,False,0.004068851470947266,success
04A1E9429C4C80,3,"['Arena', 'San Fermo']",Santa Anastasia,"['AMO', 'Museo Conte', 'Palazzo della Ragione', 'Teatro Romano', 'Centro Fotografia']",Castelvecchio,strategy_nearest,False,0.0018398761749267578,success
04A1E23A9C4C80,3,"['Casa Giulietta', 'Santa Anastasia']",Duomo,"['AMO', 'Museo Miniscalchi', 'Teatro Romano', 'Palazzo della Ragione', 'Museo Conte']",Castelvecchio,strategy_nearest,False,0.0033419132232666016,success
04A1F23A9C4C80,3,"['Castelvecchio', 'Arena', 'San Fermo']",Casa Giulietta,"['Centro Fotografia', 'Sighseeing', 'Torre Lamberti', 'Museo Conte', 'Museo Radio']",Santa Anastasia,strategy_nearest,False,0.003239154815673828,success
04A1FE429C4C80,1,"['Arena', 'San Zeno']",Casa Giulietta,"['Centro Fotografia', 'Sighseeing', 'Torre Lamberti', 'Museo Conte', 'Museo Radio']",Torre Lamberti,strategy_nearest,True,0.002173185348510742,success
04A206429C4C80,3,"['Castelvecchio', 'San Zeno', 'Arena', 'Duomo']",Torre Lamberti,"['Sighseeing', 'Centro Fotografia', 'Museo Conte', 'Casa Giulietta', 'Palazzo della Ragione']",Santa Anastasia,strategy_nearest,False,0.003300905227661133,success
04A20A429C4C80,3,"['Arena', 'Castelvecchio', 'San Zeno']",Casa Giulietta,"['Centro Fotografia', 'Sighseeing', 'Torre Lamberti', 'Museo Conte', 'Museo Radio']",Torre Lamberti,strategy_nearest,True,0.0018477439880371094,success
04A20C429C4C80,0,['Arena'],Casa Giulietta,"['Centro Fotografia', 'Sighseeing', 'Torre Lamberti', 'Museo Conte', 'Museo Radio']",Duomo,strategy_nearest,False,0.0030891895294189453,success
04A20B429C4C84,1,['Arena'],Casa Giulietta,"['Centro Fotografia', 'Sighseeing', 'Torre Lamberti', 'Museo Conte', 'Museo Radio']",Torre Lamberti,strategy_nearest,True,0.0026760101318359375,success
04A20D4A9C4C80,0,"['Arena', 'Torre Lamberti']",Casa Giulietta,"['Centro Fotografia', 'Sighseeing', 'Museo Conte', 'Museo Radio', 'Palazzo della Ragione']",Castelvecchio,strategy_nearest,False,0.0024220943450927734,success
04A20E3A9C4C84,3,"['San Zeno', 'Arena', 'Casa Giulietta', 'San Fermo']",Tomba Giulietta,"['Museo Storia', 'Museo Lapidario', 'Museo Radio', 'Verona Tour', 'Castelvecchio']",Torre Lamberti,strategy_nearest,False,0.0024709701538085938,success
04A2133A9C4C84,0,"['Arena', 'Casa Giulietta']",Torre Lamberti,"['Sighseeing', 'Centro Fotografia', 'Museo Conte', 'Palazzo della Ragione', 'AMO']",Duomo,strategy_nearest,False,0.0025289058685302734,success
04A215429C4C80,3,['Torre Lamberti'],Santa Anastasia,"['AMO', 'Museo Conte', 'Palazzo della Ragione', 'Teatro Romano', 'Centro Fotografia']",Casa Giulietta,strategy_nearest,False,0.0025262832641601562,success
04A2143A9C4C80,1,"['Arena', 'Casa Giulietta']",Teatro Romano,"['Santa Anastasia', 'Duomo', 'AMO', 'Palazzo della Ragione', 'Museo Conte']",Palazzo della Ragione,strategy_nearest,True,0.003958940505981445,success
04A21C429C4C80,1,"['Arena', 'Casa Giulietta']",Palazzo della Ragione,"['AMO', 'Museo Conte', 'Torre Lamberti', 'Centro Fotografia', 'Sighseeing']",Teatro Romano,strategy_nearest,False,0.0024890899658203125,success
04A21D3A9C4C84,2,"['Torre Lamberti', 'Casa Giulietta']",Santa Anastasia,"['AMO', 'Museo Conte', 'Palazzo della Ragione', 'Teatro Romano', 'Centro Fotografia']",Teatro Romano,strategy_nearest,True,0.002607107162475586,success
04A2193A9C4C84,3,"['San Zeno', 'Castelvecchio', 'Arena']",Tomba Giulietta,"['San Fermo', 'Museo Storia', 'Museo Lapidario', 'Museo Radio', 'Verona Tour']",San Fermo,strategy_nearest,True,0.00402379035949707,success
04A2213A9C4C84,1,"['Arena', 'Casa Giulietta', 'Torre Lamberti']",Palazzo della Ragione,"['AMO', 'Museo Conte', 'Centro Fotografia', 'Sighseeing', 'Santa Anastasia']",Castelvecchio,strategy_nearest,False,0.002894163131713867,success
04A2283A9C4C80,0,"['Castelvecchio', 'Arena', 'Casa Giulietta']",Giardino Giusti,"['Santa Anastasia', 'Teatro Romano', 'Museo Conte', 'Centro Fotografia', 'Museo Storia']",Tomba Giulietta,strategy_nearest,False,0.0030367374420166016,success
04A22A3A9C4C80,1,"['Arena', 'Castelvecchio']",Casa Giulietta,"['Centro Fotografia', 'Sighseeing', 'Torre Lamberti', 'Museo Conte', 'Museo Radio']",Torre Lamberti,strategy_nearest,True,0.002752065658569336,success
04A22B3A9C4C80,1,"['Castelvecchio', 'Arena']",Torre Lamberti,"['Sighseeing', 'Centro Fotografia', 'Museo Conte', 'Casa Giulietta', 'Palazzo della Ragione']",Palazzo della Ragione,strategy_nearest,True,0.0019068717956542969,success
04A229429C4C84,0,"['Arena', 'Casa Giulietta']",Teatro Romano,"['Santa Anastasia', 'Duomo', 'AMO', 'Palazzo della Ragione', 'Museo Conte']",Castelvecchio,strategy_nearest,False,0.003552675247192383,success
04A22E4A9C4C80,3,"['Arena', 'Santa Anastasia', 'Duomo', 'San Zeno']",Tomba Giulietta,"['San Fermo', 'Museo Storia', 'Museo Lapidario', 'Museo Radio', 'Verona Tour']",Casa Giulietta,strategy_nearest,False,0.002696990966796875,success
04A230429C4C80,1,"['Arena', 'Casa Giulietta', 'Torre Lamberti', 'Palazzo della Ragione']",Castelvecchio,"['Museo Lapidario', 'Verona Tour', 'Museo Radio', 'San Zeno', 'Sighseeing']",Santa Anastasia,strategy_nearest,False,0.002093076705932617,success
04A234429C4C80,0,['Arena'],Museo Lapidario,"['Verona Tour', 'Castelvecchio', 'Museo Radio', 'San Fermo', 'Casa Giulietta']",Castelvecchio,strategy_nearest,True,0.0027167797088623047,success
04A2344A9C4C80,3,"['Castelvecchio', 'Duomo']",Teatro Romano,"['Santa Anastasia', 'AMO', 'Palazzo della Ragione', 'Museo Conte', 'Centro Fotografia']",Santa Anastasia,strategy_nearest,True,0.002087831497192383,success
04A24F3A9C4C80,1,['Arena'],Duomo,"['AMO', 'Museo Miniscalchi', 'Santa Anastasia', 'Teatro Romano', 'Palazzo della Ragione']",Palazzo della Ragione,strategy_nearest,True,0.0031540393829345703,success
04A25F429C4C80,3,"['Casa Giulietta', 'Arena', 'San Fermo']",Torre Lamberti,"['Sighseeing', 'Centro Fotografia', 'Museo Conte', 'Palazzo della Ragione', 'AMO']",Santa Anastasia,strategy_nearest,False,0.0020711421966552734,success
04A25B429C4C80,0,['Teatro Romano'],Duomo,"['AMO', 'Museo Miniscalchi', 'Santa Anastasia', 'Palazzo della Ragione', 'Museo Conte']",Arena,strategy_nearest,False,0.003300189971923828,success
04A2603A9C4C80,1,"['Arena', 'Casa Giulietta']",San Fermo,"['Museo Storia', 'Museo Radio', 'Centro Fotografia', 'Sighseeing', 'Torre Lamberti']",Teatro Romano,strategy_nearest,False,0.002602100372314453,success
04A252429C4C80,3,"['Santa Anastasia', 'Teatro Romano']",Duomo,"['AMO', 'Museo Miniscalchi', 'Palazzo della Ragione', 'Museo Conte', 'Torre Lamberti']",Torre Lamberti,strategy_nearest,True,0.002137899398803711,success
04A2794A9C4C80,3,['Santa Anastasia'],Casa Giulietta,"['Centro Fotografia', 'Sighseeing', 'Torre Lamberti', 'Museo Conte', 'Museo Radio']",Torre Lamberti,strategy_nearest,True,0.0018978118896484375,success
04A279429C4C80,1,"['Arena', 'Museo Lapidario']",Castelvecchio,"['Verona Tour', 'Museo Radio', 'San Zeno', 'Sighseeing', 'Museo Miniscalchi']",Santa Anastasia,strategy_nearest,False,0.00273895263671875,success
04A269429C4C80,1,"['Arena', 'Casa Giulietta']",Torre Lamberti,"['Sighseeing', 'Centro Fotografia', 'Museo Conte', 'Palazzo della Ragione', 'AMO']",Palazzo della Ragione,strategy_nearest,True,0.0014159679412841797,success
04A2804A9C4C80,3,['Arena'],Casa Giulietta,"['Centro Fotografia', 'Sighseeing', 'Torre Lamberti', 'Museo Conte', 'Museo Radio']",Torre Lamberti,strategy_nearest,True,0.0033559799194335938,success
04A2883A9C4C80,0,['Arena'],Casa Giulietta,"['Centro Fotografia', 'Sighseeing', 'Torre Lamberti', 'Museo Conte', 'Museo Radio']",Castelvecchio,strategy_nearest,False,0.0019631385803222656,success
04A2833A9C4C80,3,"['Arena', 'Castelvecchio']",Torre Lamberti,"['Sighseeing', 'Centro Fotografia', 'Museo Conte', 'Casa Giulietta', 'Palazzo della Ragione']",Santa Anastasia,strategy_nearest,False,0.0027780532836914062,success
04A28C3A9C4C80,0,"['Arena', 'Museo Lapidario']",Castelvecchio,"['Verona Tour', 'Museo Radio', 'San Zeno', 'Sighseeing', 'Museo Miniscalchi']",Torre Lamberti,strategy_nearest,False,0.0032677650451660156,success
04A2A73A9C4C80,0,"['Arena', 'Torre Lamberti']",Castelvecchio,"['Museo Lapidario', 'Verona Tour', 'Museo Radio', 'San Zeno', 'Sighseeing']",Arena,strategy_nearest,False,0.0031931400299072266,success
04A2A84A9C4C80,1,"['Arena', 'Casa Giulietta']",San Fermo,"['Museo Storia', 'Museo Radio', 'Centro Fotografia', 'Sighseeing', 'Torre Lamberti']",Palazzo della Ragione,strategy_nearest,False,0.0025720596313476562,success
04A2A9429C4C80,3,"['Teatro Romano', 'Giardino Giusti']",Casa Giulietta,"['Centro Fotografia', 'Sighseeing', 'Torre Lamberti', 'Museo Conte', 'Museo Radio']",Arena,strategy_nearest,False,0.002564668655395508,success
04A2AB3A9C4C80,2,['Santa Anastasia'],Duomo,"['AMO', 'Museo Miniscalchi', 'Teatro Romano', 'Palazzo della Ragione', 'Museo Conte']",Castelvecchio,strategy_nearest,False,0.002641916275024414,success
04A2B0429C4C80,3,['Duomo'],Santa Anastasia,"['AMO', 'Museo Conte', 'Palazzo della Ragione', 'Teatro Romano', 'Centro Fotografia']",Casa Giulietta,strategy_nearest,False,0.0031461715698242188,success
04A2CA3A9C4C80,3,"['Arena', 'Santa Anastasia']",San Zeno,"['Castelvecchio', 'Verona Tour', 'Museo Lapidario', 'Museo Miniscalchi', 'Sighseeing']",Teatro Romano,strategy_nearest,False,0.0024640560150146484,success
04A2C8429C4C80,0,['Arena'],Castelvecchio,"['Museo Lapidario', 'Verona Tour', 'Museo Radio', 'San Zeno', 'Sighseeing']",Torre Lamberti,strategy_nearest,False,0.0019540786743164062,success
04A2B4429C4C80,0,"['Arena', 'Castelvecchio']",Duomo,"['AMO', 'Museo Miniscalchi', 'Santa Anastasia', 'Teatro Romano', 'Palazzo della Ragione']",Torre Lamberti,strategy_nearest,False,0.003735065460205078,success
04A2D53A9C4C80,0,"['Arena', 'Museo Lapidario']",Castelvecchio,"['Verona Tour', 'Museo Radio', 'San Zeno', 'Sighseeing', 'Museo Miniscalchi']",Casa Giulietta,strategy_nearest,False,0.003340005874633789,success
04A2DF3A9C4C80,3,"['Teatro Romano', 'Santa Anastasia']",Casa Giulietta,"['Centro Fotografia', 'Sighseeing', 'Torre Lamberti', 'Museo Conte', 'Museo Radio']",Arena,strategy_nearest,False,0.0025930404663085938,success
04A2DC3A9C4C80,1,"['Torre Lamberti', 'Palazzo della Ragione']",Giardino Giusti,"['Santa Anastasia', 'Teatro Romano', 'Museo Conte', 'Centro Fotografia', 'Museo Storia']",Arena,strategy_nearest,False,0.0032320022583007812,success
04A2D73A9C4C80,0,['Arena'],Casa Giulietta,"['Centro Fotografia', 'Sighseeing', 'Torre Lamberti', 'Museo Conte', 'Museo Radio']",Torre Lamberti,strategy_nearest,True,0.002135753631591797,success
04A2F43A9C4C80,0,['Arena'],Museo Lapidario,"['Verona Tour', 'Castelvecchio', 'Museo Radio', 'San Fermo', 'Casa Giulietta']",Teatro Romano,strategy_nearest,False,0.00215911865234375,success
04A2FB429C4C80,0,['Castelvecchio'],Casa Giulietta,"['Centro Fotografia', 'Sighseeing', 'Torre Lamberti', 'Museo Conte', 'Museo Radio']",Arena,strategy_nearest,False,0.0015060901641845703,success
04A2F03A9C4C80,0,['San Zeno'],Castelvecchio,"['Museo Lapidario', 'Verona Tour', 'Arena', 'Museo Radio', 'Sighseeing']",Arena,strategy_nearest,True,0.003481149673461914,success
04A2FD3A9C4C80,1,"['Arena', 'Castelvecchio']",Casa Giulietta,"['Centro Fotografia', 'Sighseeing', 'Torre Lamberti', 'Museo Conte', 'Museo Radio']",Palazzo della Ragione,strategy_nearest,False,0.002608060836791992,success
04A2FE429C4C80,1,"['Arena', 'Casa Giulietta', 'Palazzo della Ragione', 'Torre Lamberti', 'Santa Anastasia']",Duomo,"['AMO', 'Museo Miniscalchi', 'Teatro Romano', 'Museo Conte', 'Centro Fotografia']",Teatro Romano,strategy_nearest,True,0.002499103546142578,success
04A309429C4C84,1,"['Arena', 'Casa Giulietta', 'Torre Lamberti', 'Palazzo della Ragione']",Santa Anastasia,"['AMO', 'Museo Conte', 'Teatro Romano', 'Centro Fotografia', 'Duomo']",Teatro Romano,strategy_nearest,True,0.002602815628051758,success
04A30A429C4C80,3,"['Casa Giulietta', 'Teatro Romano']",Torre Lamberti,"['Sighseeing', 'Centro Fotografia', 'Museo Conte', 'Palazzo della Ragione', 'AMO']",Arena,strategy_nearest,False,0.0025069713592529297,success
04A3184A9C4C80,3,"['Santa Anastasia', 'Castelvecchio']",Casa Giulietta,"['Centro Fotografia', 'Sighseeing', 'Torre Lamberti', 'Museo Conte', 'Museo Radio']",Arena,strategy_nearest,False,0.002513885498046875,success
04A31F3A9C4C84,3,"['Arena', 'Casa Giulietta']",Duomo,"['AMO', 'Museo Miniscalchi', 'Santa Anastasia', 'Teatro Romano', 'Palazzo della Ragione']",Santa Anastasia,strategy_nearest,True,0.002459287643432617,success
04A30F3A9C4C84,1,"['Casa Giulietta', 'Museo Lapidario', 'Tomba Giulietta']",Museo Storia,"['San Fermo', 'Museo Radio', 'Centro Fotografia', 'Arena', 'Torre Lamberti']",San Fermo,strategy_nearest,True,0.002435922622680664,success
04A3203A9C4C80,3,['Arena'],Casa Giulietta,"['Centro Fotografia', 'Sighseeing', 'Torre Lamberti', 'Museo Conte', 'Museo Radio']",Santa Anastasia,strategy_nearest,False,0.0031342506408691406,success
04A322429C4C80,0,['Arena'],Casa Giulietta,"['Centro Fotografia', 'Sighseeing', 'Torre Lamberti', 'Museo Conte', 'Museo Radio']",Torre Lamberti,strategy_nearest,True,0.0027692317962646484,success
04A3293A9C4C80,0,['San Zeno'],Arena,"['Verona Tour', 'Museo Lapidario', 'Museo Radio', 'San Fermo', 'Casa Giulietta']",San Fermo,strategy_nearest,True,0.0030689239501953125,success
04A3284A9C4C80,1,"['San Zeno', 'Castelvecchio', 'Arena', 'Casa Giulietta', 'Torre Lamberti']",Palazzo della Ragione,"['AMO', 'Museo Conte', 'Centro Fotografia', 'Sighseeing', 'Santa Anastasia']",Teatro Romano,strategy_nearest,False,0.0026078224182128906,success
04A32B4A9C4C80,0,"['Castelvecchio', 'Arena']",Museo Lapidario,"['Verona Tour', 'Museo Radio', 'San Fermo', 'Casa Giulietta', 'Tomba Giulietta']",Casa Giulietta,strategy_nearest,True,0.003220081329345703,success
04A32E3A9C4C80,1,['Torre Lamberti'],Palazzo della Ragione,"['AMO', 'Museo Conte', 'Centro Fotografia', 'Sighseeing', 'Santa Anastasia']",Casa Giulietta,strategy_nearest,False,0.0017518997192382812,success
04A32D3A9C4C80,3,['Arena'],Torre Lamberti,"['Sighseeing', 'Centro Fotografia', 'Museo Conte', 'Casa Giulietta', 'Palazzo della Ragione']",Santa Anastasia,strategy_nearest,False,0.0033321380615234375,success
04A32F4A9C4C80,2,"['Teatro Romano', 'Santa Anastasia', 'Palazzo della Ragione']",Torre Lamberti,"['Sighseeing', 'Centro Fotografia', 'Museo Conte', 'Casa Giulietta', 'AMO']",Casa Giulietta,strategy_nearest,True,0.0033791065216064453,success
04A33F3A9C4C80,0,['Arena'],Torre Lamberti,"['Sighseeing', 'Centro Fotografia', 'Museo Conte', 'Casa Giulietta', 'Palazzo della Ragione']",Teatro Romano,strategy_nearest,False,0.0021011829376220703,success
04A353429C4C80,1,"['Arena', 'Casa Giulietta']",Palazzo della Ragione,"['AMO', 'Museo Conte', 'Torre Lamberti', 'Centro Fotografia', 'Sighseeing']",Torre Lamberti,strategy_nearest,True,0.0033850669860839844,success
04A35F429C4C80,3,"['Arena', 'Casa Giulietta']",Torre Lamberti,"['Sighseeing', 'Centro Fotografia', 'Museo Conte', 'Palazzo della Ragione', 'AMO']",Santa Anastasia,strategy_nearest,False,0.002949237823486328,success
04A337429C4C80,3,"['Arena', 'Casa Giulietta', 'Casa Giulietta']",Santa Anastasia,"['AMO', 'Museo Conte', 'Palazzo della Ragione', 'Teatro Romano', 'Centro Fotografia']",Duomo,strategy_nearest,False,0.0036127567291259766,success
04A364429C4C80,0,['Arena'],Casa Giulietta,"['Centro Fotografia', 'Sighseeing', 'Torre Lamberti', 'Museo Conte', 'Museo Radio']",Santa Anastasia,strategy_nearest,False,0.0025780200958251953,success
04A3603A9C4C80,3,"['Arena', 'San Zeno', 'Teatro Romano']",Santa Anastasia,"['AMO', 'Museo Conte', 'Palazzo della Ragione', 'Centro Fotografia', 'Duomo']",Casa Giulietta,strategy_nearest,False,0.0026700496673583984,success
04A369429C4C80,1,"['Arena', 'Casa Giulietta']",Palazzo della Ragione,"['AMO', 'Museo Conte', 'Torre Lamberti', 'Centro Fotografia', 'Sighseeing']",Torre Lamberti,strategy_nearest,True,0.0026941299438476562,success
04A36B429C4C80,4,"['Casa Giulietta', 'Arena']",Giardino Giusti,"['Santa Anastasia', 'Teatro Romano', 'Museo Conte', 'Centro Fotografia', 'Museo Storia']",Castelvecchio,strategy_nearest,False,0.0035619735717773438,success
04A3773A9C4C80,3,"['Arena', 'Casa Giulietta']",Torre Lamberti,"['Sighseeing', 'Centro Fotografia', 'Museo Conte', 'Palazzo della Ragione', 'AMO']",Santa Anastasia,strategy_nearest,False,0.003002166748046875,success
04A36D3A9C4C80,1,"['Arena', 'Santa Anastasia']",Casa Giulietta,"['Centro Fotografia', 'Sighseeing', 'Torre Lamberti', 'Museo Conte', 'Museo Radio']",Castelvecchio,strategy_nearest,False,0.0030548572540283203,success
04A37C3A9C4C80,0,['Torre Lamberti'],Casa Giulietta,"['Centro Fotografia', 'Sighseeing', 'Museo Conte', 'Museo Radio', 'Palazzo della Ragione']",Arena,strategy_nearest,False,0.0024149417877197266,success
04A380429C4C80,2,"['Casa Giulietta', 'Torre Lamberti']",Duomo,"['AMO', 'Museo Miniscalchi', 'Santa Anastasia', 'Teatro Romano', 'Palazzo della Ragione']",Santa Anastasia,strategy_nearest,True,0.0025081634521484375,success
04A3864A9C4C80,0,['Arena'],Torre Lamberti,"['Sighseeing', 'Centro Fotografia', 'Museo Conte', 'Casa Giulietta', 'Palazzo della Ragione']",Castelvecchio,strategy_nearest,False,0.0032558441162109375,success
04A386429C4C80,0,['Castelvecchio'],Torre Lamberti,"['Sighseeing', 'Centro Fotografia', 'Museo Conte', 'Casa Giulietta', 'Palazzo della Ragione']",Torre Lamberti,strategy_nearest,False,0.0026051998138427734,success
04A3814A9C4C80,1,['Castelvecchio'],Arena,"['Verona Tour', 'Museo Lapidario', 'Museo Radio', 'San Fermo', 'Casa Giulietta']",Torre Lamberti,strategy_nearest,False,0.002828836441040039,success
04A3893A9C4C80,3,"['Arena', 'Casa Giulietta', 'Santa Anastasia']",Duomo,"['AMO', 'Museo Miniscalchi', 'Teatro Romano', 'Palazzo della Ragione', 'Museo Conte']",Torre Lamberti,strategy_nearest,False,0.003098011016845703,success
04A38C3A9C4C80,1,"['Arena', 'Casa Giulietta']",Palazzo della Ragione,"['AMO', 'Museo Conte', 'Torre Lamberti', 'Centro Fotografia', 'Sighseeing']",Torre Lamberti,strategy_nearest,True,0.0027608871459960938,success
04A38D3A9C4C80,1,"['Arena', 'Castelvecchio']",Torre Lamberti,"['Sighseeing', 'Centro Fotografia', 'Museo Conte', 'Casa Giulietta', 'Palazzo della Ragione']",Palazzo della Ragione,strategy_nearest,True,0.0021140575408935547,success
04A3924A9C4C80,0,['Casa Giulietta'],Arena,"['Verona Tour', 'Museo Lapidario', 'Museo Radio', 'San Fermo', 'Sighseeing']",Tomba Giulietta,strategy_nearest,False,0.003209829330444336,success
04A38A3A9C4C80,3,['Arena'],San Fermo,"['Museo Storia', 'Museo Radio', 'Casa Giulietta', 'Centro Fotografia', 'Sighseeing']",Casa Giulietta,strategy_nearest,True,0.003422975540161133,success
04A3994A9C4C80,3,['Arena'],Casa Giulietta,"['Centro Fotografia', 'Sighseeing', 'Torre Lamberti', 'Museo Conte', 'Museo Radio']",Santa Anastasia,strategy_nearest,False,0.0027589797973632812,success
04A3A6429C4C80,1,"['Arena', 'Casa Giulietta']",Palazzo della Ragione,"['AMO', 'Museo Conte', 'Torre Lamberti', 'Centro Fotografia', 'Sighseeing']",Torre Lamberti,strategy_nearest,True,0.002892732620239258,success
04A3A84A9C4C80,0,['Arena'],Casa Giulietta,"['Centro Fotografia', 'Sighseeing', 'Torre Lamberti', 'Museo Conte', 'Museo Radio']",Castelvecchio,strategy_nearest,False,0.0020720958709716797,success
04A3AF429C4C80,3,"['Arena', 'Castelvecchio', 'San Zeno']",Torre Lamberti,"['Sighseeing', 'Centro Fotografia', 'Museo Conte', 'Casa Giulietta', 'Palazzo della Ragione']",Torre Lamberti,strategy_nearest,False,0.003367185592651367,success
04A3B13A9C4C80,0,['Casa Giulietta'],Duomo,"['AMO', 'Museo Miniscalchi', 'Santa Anastasia', 'Teatro Romano', 'Palazzo della Ragione']",Arena,strategy_nearest,False,0.0027649402618408203,success
04A3B03A9C4C80,1,['Arena'],Tomba Giulietta,"['San Fermo', 'Museo Storia', 'Museo Lapidario', 'Museo Radio', 'Verona Tour']",Casa Giulietta,strategy_nearest,False,0.0021610260009765625,success
04A3B1429C4C80,2,"['Casa Giulietta', 'Teatro Romano']",Palazzo della Ragione,"['AMO', 'Museo Conte', 'Torre Lamberti', 'Centro Fotografia', 'Sighseeing']",Torre Lamberti,strategy_nearest,True,0.0027997493743896484,success
04A3B2429C4C80,0,['Arena'],Castelvecchio,"['Museo Lapidario', 'Verona Tour', 'Museo Radio', 'San Zeno', 'Sighseeing']",Casa Giulietta,strategy_nearest,False,0.003429889678955078,success
04A3B43A9C4C80,3,"['Teatro Romano', 'Duomo']",Santa Anastasia,"['AMO', 'Museo Conte', 'Palazzo della Ragione', 'Centro Fotografia', 'Torre Lamberti']",Torre Lamberti,strategy_nearest,True,0.002417325973510742,success
04A3B53A9C4C80,0,"['Arena', 'Museo Lapidario']",Casa Giulietta,"['Centro Fotografia', 'Sighseeing', 'Torre Lamberti', 'Museo Conte', 'Museo Radio']",Museo Storia,strategy_nearest,False,0.0032510757446289062,success
04A3C03A9C4C80,0,['Arena'],Duomo,"['AMO', 'Museo Miniscalchi', 'Santa Anastasia', 'Teatro Romano', 'Palazzo della Ragione']",Casa Giulietta,strategy_nearest,False,0.002804994583129883,success
04A3C13A9C4C80,1,"['Arena', 'Castelvecchio', 'Torre Lamberti']",Palazzo della Ragione,"['AMO', 'Museo Conte', 'Centro Fotografia', 'Sighseeing', 'Santa Anastasia']",Santa Anastasia,strategy_nearest,True,0.002579927444458008,success
04A3C33A9C4C80,3,"['Arena', 'Castelvecchio', 'Torre Lamberti']",Casa Giulietta,"['Centro Fotografia', 'Sighseeing', 'Museo Conte', 'Museo Radio', 'Palazzo della Ragione']",Teatro Romano,strategy_nearest,False,0.003139019012451172,success
04A3C3429C4C80,3,"['Arena', 'San Fermo']",Santa Anastasia,"['AMO', 'Museo Conte', 'Palazzo della Ragione', 'Teatro Romano', 'Centro Fotografia']",Duomo,strategy_nearest,False,0.0033829212188720703,success
04A3D53A9C4C80,6,['Torre Lamberti'],Verona Tour,"['Museo Lapidario', 'Arena', 'Castelvecchio', 'Museo Radio', 'Casa Giulietta']",Duomo,strategy_nearest,False,0.0025589466094970703,success
04A3E13A9C4C80,1,"['Arena', 'Castelvecchio']",Duomo,"['AMO', 'Museo Miniscalchi', 'Santa Anastasia', 'Teatro Romano', 'Palazzo della Ragione']",Palazzo della Ragione,strategy_nearest,True,0.0026209354400634766,success
04A3E6429C4C80,2,"['Casa Giulietta', 'Museo Lapidario']",Castelvecchio,"['Verona Tour', 'Arena', 'Museo Radio', 'San Zeno', 'Sighseeing']",Torre Lamberti,strategy_nearest,False,0.0031998157501220703,success
04A3EB3A9C4C80,3,"['San Zeno', 'Castelvecchio']",Arena,"['Verona Tour', 'Museo Lapidario', 'Museo Radio', 'San Fermo', 'Casa Giulietta']",Teatro Romano,strategy_nearest,False,0.0024466514587402344,success
04A3E93A9C4C80,0,['Casa Giulietta'],Arena,"['Verona Tour', 'Museo Lapidario', 'Museo Radio', 'San Fermo', 'Sighseeing']",Castelvecchio,strategy_nearest,False,0.00403594970703125,success
04A3F2429C4C80,3,"['Arena', 'Tomba Giulietta', 'San Fermo']",Casa Giulietta,"['Centro Fotografia', 'Sighseeing', 'Torre Lamberti', 'Museo Conte', 'Museo Radio']",Castelvecchio,strategy_nearest,False,0.0031900405883789062,success
04A3ED3A9C4C80,3,"['Arena', 'Casa Giulietta']",Torre Lamberti,"['Sighseeing', 'Centro Fotografia', 'Museo Conte', 'Palazzo della Ragione', 'AMO']",Santa Anastasia,strategy_nearest,False,0.0025620460510253906,success
04A406429C4C80,2,['Castelvecchio'],Tomba Giulietta,"['San Fermo', 'Museo Storia', 'Arena', 'Museo Lapidario', 'Museo Radio']",Casa Giulietta,strategy_nearest,False,0.0019941329956054688,success
04A40A429C4C80,0,"['Torre Lamberti', 'Castelvecchio']",San Zeno,"['Verona Tour', 'Museo Lapidario', 'Arena', 'Museo Miniscalchi', 'Sighseeing']",Arena,strategy_nearest,True,0.0025169849395751953,success
04A3FF429C4C80,3,['Arena'],Casa Giulietta,"['Centro Fotografia', 'Sighseeing', 'Torre Lamberti', 'Museo Conte', 'Museo Radio']",Duomo,strategy_nearest,False,0.003245115280151367,success
04A4133A9C4C80,0,['Arena'],Torre Lamberti,"['Sighseeing', 'Centro Fotografia', 'Museo Conte', 'Casa Giulietta', 'Palazzo della Ragione']",Casa Giulietta,strategy_nearest,True,0.002706289291381836,success
04A40B429C4C84,0,['Arena'],Tomba Giulietta,"['San Fermo', 'Museo Storia', 'Museo Lapidario', 'Museo Radio', 'Verona Tour']",Teatro Romano,strategy_nearest,False,0.0031201839447021484,success
04A416429C4C80,3,"['San Fermo', 'Torre Lamberti']",Santa Anastasia,"['AMO', 'Museo Conte', 'Palazzo della Ragione', 'Teatro Romano', 'Centro Fotografia']",Duomo,strategy_nearest,False,0.0020301342010498047,success
04A40D429C4C80,3,['Torre Lamberti'],Santa Anastasia,"['AMO', 'Museo Conte', 'Palazzo della Ragione', 'Teatro Romano', 'Centro Fotografia']",Duomo,strategy_nearest,False,0.00406193733215332,success
04A41A429C4C80,3,"['Arena', 'Santa Anastasia', 'Duomo']",Castelvecchio,"['Museo Lapidario', 'Verona Tour', 'Museo Radio', 'San Zeno', 'Sighseeing']",Teatro Romano,strategy_nearest,False,0.002588987350463867,success
04A4183A9C4C84,2,['Torre Lamberti'],Casa Giulietta,"['Centro Fotografia', 'Sighseeing', 'Museo Conte', 'Museo Radio', 'Palazzo della Ragione']",Santa Anastasia,strategy_nearest,False,0.0020270347595214844,success
04A41F3A9C4C84,0,['Teatro Romano'],Tomba Giulietta,"['San Fermo', 'Museo Storia', 'Arena', 'Museo Lapidario', 'Museo Radio']",Torre Lamberti,strategy_nearest,False,0.002496957778930664,success
04A41F429C4C84,0,"['Arena', 'Museo Lapidario']",Castelvecchio,"['Verona Tour', 'Museo Radio', 'San Zeno', 'Sighseeing', 'Museo Miniscalchi']",Casa Giulietta,strategy_nearest,False,0.0031478404998779297,success
04A4284A9C4C80,2,"['Castelvecchio', 'Torre Lamberti']",Duomo,"['AMO', 'Museo Miniscalchi', 'Santa Anastasia', 'Teatro Romano', 'Palazzo della Ragione']",Teatro Romano,strategy_nearest,True,0.002032756805419922,success
04A42B3A9C4C80,0,"['Castelvecchio', 'Casa Giulietta', 'Torre Lamberti']",Teatro Romano,"['Santa Anastasia', 'Duomo', 'AMO', 'Palazzo della Ragione', 'Museo Conte']",Arena,strategy_nearest,False,0.002670764923095703,success
04A435429C4C80,1,"['Casa Giulietta', 'Arena', 'Tomba Giulietta']",San Zeno,"['Castelvecchio', 'Verona Tour', 'Museo Lapidario', 'Museo Miniscalchi', 'Sighseeing']",Castelvecchio,strategy_nearest,True,0.003062725067138672,success
04A42C4A9C4C80,3,"['Casa Giulietta', 'Arena', 'Castelvecchio']",San Zeno,"['Verona Tour', 'Museo Lapidario', 'Museo Miniscalchi', 'Sighseeing', 'Museo Radio']",Santa Anastasia,strategy_nearest,False,0.0032591819763183594,success
04A44D429C4C80,0,['Arena'],Museo Lapidario,"['Verona Tour', 'Castelvecchio', 'Museo Radio', 'San Fermo', 'Casa Giulietta']",Castelvecchio,strategy_nearest,True,0.001997232437133789,success
04A43D3A9C4C80,2,['Torre Lamberti'],Duomo,"['AMO', 'Museo Miniscalchi', 'Santa Anastasia', 'Teatro Romano', 'Palazzo della Ragione']",Castelvecchio,strategy_nearest,False,0.0021491050720214844,success
04A44B429C4C80,3,"['Castelvecchio', 'San Zeno', 'Arena']",Santa Anastasia,"['AMO', 'Museo Conte', 'Palazzo della Ragione', 'Teatro Romano', 'Centro Fotografia']",Casa Giulietta,strategy_nearest,False,0.0033791065216064453,success
04A43A3A9C4C80,3,"['Arena', 'Casa Giulietta']",Torre Lamberti,"['Sighseeing', 'Centro Fotografia', 'Museo Conte', 'Palazzo della Ragione', 'AMO']",Teatro Romano,strategy_nearest,False,0.0040929317474365234,success
04A456429C4C80,3,"['Arena', 'Casa Giulietta']",Torre Lamberti,"['Sighseeing', 'Centro Fotografia', 'Museo Conte', 'Palazzo della Ragione', 'AMO']",Santa Anastasia,strategy_nearest,False,0.002511262893676758,success
04A454429C4C80,1,"['Arena', 'Castelvecchio', 'Torre Lamberti', 'Casa Giulietta', 'Torre Lamberti']",Palazzo della Ragione,"['AMO', 'Museo Conte', 'Centro Fotografia', 'Sighseeing', 'Santa Anastasia']",Santa Anastasia,strategy_nearest,True,0.002479076385498047,success
04A4623A9C4C80,1,"['Arena', 'Museo Lapidario', 'Torre Lamberti']",Palazzo della Ragione,"['AMO', 'Museo Conte', 'Centro Fotografia', 'Sighseeing', 'Santa Anastasia']",Casa Giulietta,strategy_nearest,False,0.002713918685913086,success
04A469429C4C80,0,['Arena'],Casa Giulietta,"['Centro Fotografia', 'Sighseeing', 'Torre Lamberti', 'Museo Conte', 'Museo Radio']",Teatro Romano,strategy_nearest,False,0.003328084945678711,success
04A471429C4C80,1,"['Arena', 'Casa Giulietta']",Palazzo della Ragione,"['AMO', 'Museo Conte', 'Torre Lamberti', 'Centro Fotografia', 'Sighseeing']",Torre Lamberti,strategy_nearest,True,0.00237274169921875,success
04A4794A9C4C80,2,['Casa Giulietta'],Torre Lamberti,"['Sighseeing', 'Centro Fotografia', 'Museo Conte', 'Palazzo della Ragione', 'AMO']",Teatro Romano,strategy_nearest,False,0.0027539730072021484,success
04A4763A9C4C80,0,['Arena'],Castelvecchio,"['Museo Lapidario', 'Verona Tour', 'Museo Radio', 'San Zeno', 'Sighseeing']",Casa Giulietta,strategy_nearest,False,0.004654884338378906,success
04A4773A9C4C80,0,"['Arena', 'Casa Giulietta']",Torre Lamberti,"['Sighseeing', 'Centro Fotografia', 'Museo Conte', 'Palazzo della Ragione', 'AMO']",Duomo,strategy_nearest,False,0.0021848678588867188,success
04A4803A9C4C80,3,"['Arena', 'Castelvecchio']",Casa Giulietta,"['Centro Fotografia', 'Sighseeing', 'Torre Lamberti', 'Museo Conte', 'Museo Radio']",Torre Lamberti,strategy_nearest,True,0.0014698505401611328,success
04A4823A9C4C80,1,['Arena'],Palazzo della Ragione,"['AMO', 'Museo Conte', 'Torre Lamberti', 'Centro Fotografia', 'Sighseeing']",Duomo,strategy_nearest,False,0.0021080970764160156,success
04A47C3A9C4C80,3,"['Arena', 'Duomo']",Santa Anastasia,"['AMO', 'Museo Conte', 'Palazzo della Ragione', 'Teatro Romano', 'Centro Fotografia']",Torre Lamberti,strategy_nearest,False,0.004664897918701172,success
04A484429C4C80,3,"['Arena', 'Casa Giulietta']",Santa Anastasia,"['AMO', 'Museo Conte', 'Palazzo della Ragione', 'Teatro Romano', 'Centro Fotografia']",Duomo,strategy_nearest,False,0.003332853317260742,success
04A4864A9C4C80,3,['Arena'],Torre Lamberti,"['Sighseeing', 'Centro Fotografia', 'Museo Conte', 'Casa Giulietta', 'Palazzo della Ragione']",Santa Anastasia,strategy_nearest,False,0.003747701644897461,success
04A48D3A9C4C80,0,['Arena'],Torre Lamberti,"['Sighseeing', 'Centro Fotografia', 'Museo Conte', 'Casa Giulietta', 'Palazzo della Ragione']",Casa Giulietta,strategy_nearest,True,0.0023958683013916016,success
04A4904A9C4C80,0,"['Arena', 'Castelvecchio']",Casa Giulietta,"['Centro Fotografia', 'Sighseeing', 'Torre Lamberti', 'Museo Conte', 'Museo Radio']",Torre Lamberti,strategy_nearest,True,0.002596139907836914,success
04A4934A9C4C80,0,"['Arena', 'Torre Lamberti']",Castelvecchio,"['Museo Lapidario', 'Verona Tour', 'Museo Radio', 'San Zeno', 'Sighseeing']",San Zeno,strategy_nearest,True,0.0029942989349365234,success
04A497429C4C80,1,"['Arena', 'Casa Giulietta']",Torre Lamberti,"['Sighseeing', 'Centro Fotografia', 'Museo Conte', 'Palazzo della Ragione', 'AMO']",Palazzo della Ragione,strategy_nearest,True,0.0026388168334960938,success
04A49F4A9C4C80,3,"['Arena', 'Casa Giulietta']",Torre Lamberti,"['Sighseeing', 'Centro Fotografia', 'Museo Conte', 'Palazzo della Ragione', 'AMO']",Santa Anastasia,strategy_nearest,False,0.0018990039825439453,success
04A4AF429C4C80,3,"['Torre Lamberti', 'Santa Anastasia']",Duomo,"['AMO', 'Museo Miniscalchi', 'Teatro Romano', 'Palazzo della Ragione', 'Museo Conte']",Castelvecchio,strategy_nearest,False,0.002454042434692383,success
04A49D429C4C80,3,"['Arena', 'Casa Giulietta']",Torre Lamberti,"['Sighseeing', 'Centro Fotografia', 'Museo Conte', 'Palazzo della Ragione', 'AMO']",Santa Anastasia,strategy_nearest,False,0.004689931869506836,success
04A4B03A9C4C80,0,['Arena'],Casa Giulietta,"['Centro Fotografia', 'Sighseeing', 'Torre Lamberti', 'Museo Conte', 'Museo Radio']",Castelvecchio,strategy_nearest,False,0.0024340152740478516,success
04A4B83A9C4C80,3,"['Arena', 'Casa Giulietta']",Torre Lamberti,"['Sighseeing', 'Centro Fotografia', 'Museo Conte', 'Palazzo della Ragione', 'AMO']",Santa Anastasia,strategy_nearest,False,0.0031609535217285156,success
04A4BA3A9C4C80,1,"['Arena', 'Casa Giulietta']",Torre Lamberti,"['Sighseeing', 'Centro Fotografia', 'Museo Conte', 'Palazzo della Ragione', 'AMO']",Palazzo della Ragione,strategy_nearest,True,0.0023970603942871094,success
04A4BD429C4C80,0,"['Tomba Giulietta', 'Arena']",San Fermo,"['Museo Storia', 'Museo Radio', 'Casa Giulietta', 'Centro Fotografia', 'Sighseeing']",Casa Giulietta,strategy_nearest,True,0.0034499168395996094,success
04A4C13A9C4C80,1,['Arena'],Torre Lamberti,"['Sighseeing', 'Centro Fotografia', 'Museo Conte', 'Casa Giulietta', 'Palazzo della Ragione']",Palazzo della Ragione,strategy_nearest,True,0.003299236297607422,success
04A4C33A9C4C80,0,"['Castelvecchio', 'Arena']",Casa Giulietta,"['Centro Fotografia', 'Sighseeing', 'Torre Lamberti', 'Museo Conte', 'Museo Radio']",Torre Lamberti,strategy_nearest,True,0.0037817955017089844,success
04A4E13A9C4C80,3,"['Castelvecchio', 'Arena']",Casa Giulietta,"['Centro Fotografia', 'Sighseeing', 'Torre Lamberti', 'Museo Conte', 'Museo Radio']",Torre Lamberti,strategy_nearest,True,0.002418994903564453,success
04A5133A9C4C84,3,"['Arena', 'Casa Giulietta']",Santa Anastasia,"['AMO', 'Museo Conte', 'Palazzo della Ragione', 'Teatro Romano', 'Centro Fotografia']",Torre Lamberti,strategy_nearest,False,0.0026421546936035156,success
04A5143A9C4C80,0,"['Casa Giulietta', 'Torre Lamberti']",Arena,"['Verona Tour', 'Museo Lapidario', 'Museo Radio', 'San Fermo', 'Sighseeing']",Castelvecchio,strategy_nearest,False,0.003189563751220703,success
04A4FE429C4C80,3,"['Arena', 'Casa Giulietta']",Santa Anastasia,"['AMO', 'Museo Conte', 'Palazzo della Ragione', 'Teatro Romano', 'Centro Fotografia']",Torre Lamberti,strategy_nearest,False,0.0014147758483886719,success
04A4E23A9C4C80,2,['Casa Giulietta'],Palazzo della Ragione,"['AMO', 'Museo Conte', 'Torre Lamberti', 'Centro Fotografia', 'Sighseeing']",Torre Lamberti,strategy_nearest,True,0.0026090145111083984,success
04A515429C4C80,3,"['San Zeno', 'Castelvecchio', 'Arena', 'Teatro Romano']",Torre Lamberti,"['Sighseeing', 'Centro Fotografia', 'Museo Conte', 'Casa Giulietta', 'Palazzo della Ragione']",Duomo,strategy_nearest,False,0.0031690597534179688,success
04A5283A9C4C80,0,"['Torre Lamberti', 'Casa Giulietta', 'Arena']",Castelvecchio,"['Museo Lapidario', 'Verona Tour', 'Museo Radio', 'San Zeno', 'Sighseeing']",Teatro Romano,strategy_nearest,False,0.001934051513671875,success
04A515429C4C84,3,"['Teatro Romano', 'Santa Anastasia']",Arena,"['Verona Tour', 'Museo Lapidario', 'Museo Radio', 'San Fermo', 'Casa Giulietta']",Tomba Giulietta,strategy_nearest,False,0.0013620853424072266,success
04A52C4A9C4C80,2,"['Casa Giulietta', 'Torre Lamberti', 'Palazzo della Ragione']",Santa Anastasia,"['AMO', 'Museo Conte', 'Teatro Romano', 'Centro Fotografia', 'Duomo']",Teatro Romano,strategy_nearest,True,0.0032689571380615234,success
04A530429C4C80,0,"['Arena', 'Castelvecchio', 'Torre Lamberti']",Casa Giulietta,"['Centro Fotografia', 'Sighseeing', 'Museo Conte', 'Museo Radio', 'Palazzo della Ragione']",Tomba Giulietta,strategy_nearest,False,0.0015959739685058594,success
04A5344A9C4C80,1,"['San Zeno', 'Castelvecchio', 'Arena']",Santa Anastasia,"['AMO', 'Museo Conte', 'Palazzo della Ragione', 'Teatro Romano', 'Centro Fotografia']",Torre Lamberti,strategy_nearest,False,0.002707242965698242,success
04A53E429C4C80,3,"['Arena', 'Castelvecchio']",San Zeno,"['Verona Tour', 'Museo Lapidario', 'Museo Miniscalchi', 'Sighseeing', 'Museo Radio']",Duomo,strategy_nearest,False,0.0030808448791503906,success
04A5513A9C4C80,0,['Arena'],Casa Giulietta,"['Centro Fotografia', 'Sighseeing', 'Torre Lamberti', 'Museo Conte', 'Museo Radio']",Tomba Giulietta,strategy_nearest,False,0.002908945083618164,success
04A5403A9C4C80,2,['Teatro Romano'],Duomo,"['AMO', 'Museo Miniscalchi', 'Santa Anastasia', 'Palazzo della Ragione', 'Museo Conte']",Casa Giulietta,strategy_nearest,False,0.003092050552368164,success
04A5373A9C4C80,0,['Arena'],Torre Lamberti,"['Sighseeing', 'Centro Fotografia', 'Museo Conte', 'Casa Giulietta', 'Palazzo della Ragione']",Teatro Romano,strategy_nearest,False,0.0034279823303222656,success
04A551429C4C80,3,"['Arena', 'Castelvecchio']",San Zeno,"['Verona Tour', 'Museo Lapidario', 'Museo Miniscalchi', 'Sighseeing', 'Museo Radio']",Torre Lamberti,strategy_nearest,False,0.0030710697174072266,success
04A552429C4C80,1,"['Torre Lamberti', 'Palazzo della Ragione', 'Santa Anastasia', 'Casa Giulietta']",Arena,"['Verona Tour', 'Museo Lapidario', 'Museo Radio', 'San Fermo', 'Sighseeing']",Castelvecchio,strategy_nearest,False,0.002000093460083008,success
04A565429C4C80,3,"['Arena', 'Castelvecchio', 'Torre Lamberti', 'Casa Giulietta']",Santa Anastasia,"['AMO', 'Museo Conte', 'Palazzo della Ragione', 'Teatro Romano', 'Centro Fotografia']",Duomo,strategy_nearest,False,0.0033769607543945312,success
04A56B429C4C80,3,"['Arena', 'Santa Anastasia', 'Duomo']",Casa Giulietta,"['Centro Fotografia', 'Sighseeing', 'Torre Lamberti', 'Museo Conte', 'Museo Radio']",Teatro Romano,strategy_nearest,False,0.002775907516479492,success
04A55E3A9C4C80,1,"['Arena', 'Museo Lapidario']",Castelvecchio,"['Verona Tour', 'Museo Radio', 'San Zeno', 'Sighseeing', 'Museo Miniscalchi']",Palazzo della Ragione,strategy_nearest,False,0.0012481212615966797,success
04A5733A9C4C80,0,['Castelvecchio'],Teatro Romano,"['Santa Anastasia', 'Duomo', 'AMO', 'Palazzo della Ragione', 'Museo Conte']",Casa Giulietta,strategy_nearest,False,0.0028259754180908203,success
04A57E429C4C80,3,"['Torre Lamberti', 'Santa Anastasia']",Duomo,"['AMO', 'Museo Miniscalchi', 'Teatro Romano', 'Palazzo della Ragione', 'Museo Conte']",Teatro Romano,strategy_nearest,True,0.0020329952239990234,success
04A57E3A9C4C80,3,['Arena'],Santa Anastasia,"['AMO', 'Museo Conte', 'Palazzo della Ragione', 'Teatro Romano', 'Centro Fotografia']",Duomo,strategy_nearest,False,0.003465890884399414,success
04A574429C4C80,3,"['Casa Giulietta', 'San Fermo', 'Arena']",Castelvecchio,"['Museo Lapidario', 'Verona Tour', 'Museo Radio', 'San Zeno', 'Sighseeing']",Santa Anastasia,strategy_nearest,False,0.002827882766723633,success
04A57F3A9C4C80,0,['Arena'],Casa Giulietta,"['Centro Fotografia', 'Sighseeing', 'Torre Lamberti', 'Museo Conte', 'Museo Radio']",Castelvecchio,strategy_nearest,False,0.003215312957763672,success
04A5864A9C4C80,0,['Arena'],Torre Lamberti,"['Sighseeing', 'Centro Fotografia', 'Museo Conte', 'Casa Giulietta', 'Palazzo della Ragione']",Castelvecchio,strategy_nearest,False,0.0026607513427734375,success
04A584429C4C80,0,['Arena'],Teatro Romano,"['Santa Anastasia', 'Duomo', 'AMO', 'Palazzo della Ragione', 'Museo Conte']",Torre Lamberti,strategy_nearest,False,0.0018148422241210938,success
04A58D3A9C4C80,1,"['Arena', 'Castelvecchio', 'Teatro Romano']",Duomo,"['AMO', 'Museo Miniscalchi', 'Santa Anastasia', 'Palazzo della Ragione', 'Museo Conte']",Santa Anastasia,strategy_nearest,True,0.00344085693359375,success
04A59E4A9C4C80,1,"['Arena', 'Castelvecchio', 'Santa Anastasia']",Duomo,"['AMO', 'Museo Miniscalchi', 'Teatro Romano', 'Palazzo della Ragione', 'Museo Conte']",Teatro Romano,strategy_nearest,True,0.0027980804443359375,success
04A59F4A9C4C80,3,"['Arena', 'Casa Giulietta']",Santa Anastasia,"['AMO', 'Museo Conte', 'Palazzo della Ragione', 'Teatro Romano', 'Centro Fotografia']",Torre Lamberti,strategy_nearest,False,0.002398967742919922,success
04A5904A9C4C80,0,['Tomba Giulietta'],Arena,"['Verona Tour', 'Museo Lapidario', 'Museo Radio', 'San Fermo', 'Casa Giulietta']",Casa Giulietta,strategy_nearest,True,0.002696990966796875,success
04A59F429C4C80,3,"['Teatro Romano', 'Santa Anastasia']",Casa Giulietta,"['Centro Fotografia', 'Sighseeing', 'Torre Lamberti', 'Museo Conte', 'Museo Radio']",Arena,strategy_nearest,False,0.0033218860626220703,success
04A5B3429C4C80,0,['Teatro Romano'],Torre Lamberti,"['Sighseeing', 'Centro Fotografia', 'Museo Conte', 'Casa Giulietta', 'Palazzo della Ragione']",Castelvecchio,strategy_nearest,False,0.0014426708221435547,success
04A5AC3A9C4C80,3,"['Teatro Romano', 'Santa Anastasia']",Torre Lamberti,"['Sighseeing', 'Centro Fotografia', 'Museo Conte', 'Casa Giulietta', 'Palazzo della Ragione']",Casa Giulietta,strategy_nearest,True,0.0021369457244873047,success
04A5AA429C4C80,0,['Arena'],Duomo,"['AMO', 'Museo Miniscalchi', 'Santa Anastasia', 'Teatro Romano', 'Palazzo della Ragione']",Casa Giulietta,strategy_nearest,False,0.0034279823303222656,success
04A5A83A9C4C80,1,"['Castelvecchio', 'Torre Lamberti']",Palazzo della Ragione,"['AMO', 'Museo Conte', 'Centro Fotografia', 'Sighseeing', 'Santa Anastasia']",Arena,strategy_nearest,False,0.004106044769287109,success
04A5B4429C4C80,2,"['San Zeno', 'Torre Lamberti']",Palazzo della Ragione,"['AMO', 'Museo Conte', 'Centro Fotografia', 'Sighseeing', 'Santa Anastasia']",Santa Anastasia,strategy_nearest,True,0.0035321712493896484,success
04A5C1429C4C80,0,['Arena'],Castelvecchio,"['Museo Lapidario', 'Verona Tour', 'Museo Radio', 'San Zeno', 'Sighseeing']",Teatro Romano,strategy_nearest,False,0.0026578903198242188,success
04A5BD429C4C80,0,['Arena'],Torre Lamberti,"['Sighseeing', 'Centro Fotografia', 'Museo Conte', 'Casa Giulietta', 'Palazzo della Ragione']",Duomo,strategy_nearest,False,0.002248048782348633,success
04A5BA3A9C4C80,3,"['Castelvecchio', 'Arena']",Casa Giulietta,"['Centro Fotografia', 'Sighseeing', 'Torre Lamberti', 'Museo Conte', 'Museo Radio']",Santa Anastasia,strategy_nearest,False,0.0016658306121826172,success
04A5C7429C4C80,1,"['Arena', 'Santa Anastasia']",Duomo,"['AMO', 'Museo Miniscalchi', 'Teatro Romano', 'Palazzo della Ragione', 'Museo Conte']",Palazzo della Ragione,strategy_nearest,True,0.002022981643676758,success
04A5CB3A9C4C80,3,"['Arena', 'Casa Giulietta']",Santa Anastasia,"['AMO', 'Museo Conte', 'Palazzo della Ragione', 'Teatro Romano', 'Centro Fotografia']",Duomo,strategy_nearest,False,0.002254009246826172,success
04A5C73A9C4C80,1,"['Arena', 'Casa Giulietta', 'Palazzo della Ragione']",Torre Lamberti,"['Sighseeing', 'Centro Fotografia', 'Museo Conte', 'AMO', 'Museo Miniscalchi']",Santa Anastasia,strategy_nearest,False,0.003400087356567383,success
04A5C53A9C4C80,0,['Arena'],Casa Giulietta,"['Centro Fotografia', 'Sighseeing', 'Torre Lamberti', 'Museo Conte', 'Museo Radio']",Torre Lamberti,strategy_nearest,True,0.001420736312866211,success
04A5FD429C4C80,1,"['Castelvecchio', 'San Zeno', 'Arena']",Tomba Giulietta,"['San Fermo', 'Museo Storia', 'Museo Lapidario', 'Museo Radio', 'Verona Tour']",San Fermo,strategy_nearest,True,0.0031599998474121094,success
04A5E23A9C4C80,3,"['Casa Giulietta', 'Santa Anastasia', 'Torre Lamberti']",Duomo,"['AMO', 'Museo Miniscalchi', 'Teatro Romano', 'Palazzo della Ragione', 'Museo Conte']",Teatro Romano,strategy_nearest,True,0.0021610260009765625,success
04A5FC429C4C80,1,"['Arena', 'Torre Lamberti', 'Casa Giulietta']",Castelvecchio,"['Museo Lapidario', 'Verona Tour', 'Museo Radio', 'San Zeno', 'Sighseeing']",Duomo,strategy_nearest,False,0.0028579235076904297,success
04A5FA429C4C80,3,"['Arena', 'San Fermo', 'Torre Lamberti']",Castelvecchio,"['Museo Lapidario', 'Verona Tour', 'Museo Radio', 'San Zeno', 'Sighseeing']",Duomo,strategy_nearest,False,0.002046823501586914,success
04A6043A9C4C84,3,['San Fermo'],Santa Anastasia,"['AMO', 'Museo Conte', 'Palazzo della Ragione', 'Teatro Romano', 'Centro Fotografia']",Arena,strategy_nearest,False,0.0015721321105957031,success
04A6013A9C4C84,3,"['Arena', 'Castelvecchio']",Duomo,"['AMO', 'Museo Miniscalchi', 'Santa Anastasia', 'Teatro Romano', 'Palazzo della Ragione']",Santa Anastasia,strategy_nearest,True,0.0022263526916503906,success
04A6033A9C4C84,0,['Teatro Romano'],Duomo,"['AMO', 'Museo Miniscalchi', 'Santa Anastasia', 'Palazzo della Ragione', 'Museo Conte']",Arena,strategy_nearest,False,0.0028531551361083984,success
04A604429C4C84,0,"['San Zeno', 'Giardino Giusti']",Duomo,"['AMO', 'Museo Miniscalchi', 'Santa Anastasia', 'Teatro Romano', 'Palazzo della Ragione']",Casa Giulietta,strategy_nearest,False,0.0033111572265625,success
04A607429C4C80,1,['Arena'],Torre Lamberti,"['Sighseeing', 'Centro Fotografia', 'Museo Conte', 'Casa Giulietta', 'Palazzo della Ragione']",Palazzo della Ragione,strategy_nearest,True,0.0027370452880859375,success
04A608429C4C80,3,"['Castelvecchio', 'Arena']",Casa Giulietta,"['Centro Fotografia', 'Sighseeing', 'Torre Lamberti', 'Museo Conte', 'Museo Radio']",Torre Lamberti,strategy_nearest,True,0.0026519298553466797,success
04A606429C4C84,1,"['Santa Anastasia', 'Teatro Romano', 'Arena']",Torre Lamberti,"['Sighseeing', 'Centro Fotografia', 'Museo Conte', 'Casa Giulietta', 'Palazzo della Ragione']",Palazzo della Ragione,strategy_nearest,True,0.0021250247955322266,success
04A6123A9C4C84,3,"['Arena', 'Santa Anastasia']",Duomo,"['AMO', 'Museo Miniscalchi', 'Teatro Romano', 'Palazzo della Ragione', 'Museo Conte']",Casa Giulietta,strategy_nearest,False,0.003158092498779297,success
04A6133A9C4C80,3,"['Arena', 'Casa Giulietta']",Torre Lamberti,"['Sighseeing', 'Centro Fotografia', 'Museo Conte', 'Palazzo della Ragione', 'AMO']",Santa Anastasia,strategy_nearest,False,0.0020198822021484375,success
04A6143A9C4C84,3,['Santa Anastasia'],Teatro Romano,"['Duomo', 'AMO', 'Palazzo della Ragione', 'Museo Conte', 'Centro Fotografia']",Arena,strategy_nearest,False,0.0028171539306640625,success
04A617429C4C80,3,"['Arena', 'Casa Giulietta']",Santa Anastasia,"['AMO', 'Museo Conte', 'Palazzo della Ragione', 'Teatro Romano', 'Centro Fotografia']",Duomo,strategy_nearest,False,0.0013670921325683594,success
04A6183A9C4C84,1,"['Arena', 'Casa Giulietta']",Palazzo della Ragione,"['AMO', 'Museo Conte', 'Torre Lamberti', 'Centro Fotografia', 'Sighseeing']",Torre Lamberti,strategy_nearest,True,0.0033521652221679688,success
04A621429C4C84,0,['San Fermo'],Torre Lamberti,"['Sighseeing', 'Centro Fotografia', 'Museo Conte', 'Casa Giulietta', 'Palazzo della Ragione']",Casa Giulietta,strategy_nearest,True,0.0018372535705566406,success
04A620429C4C80,2,['Casa Giulietta'],Palazzo della Ragione,"['AMO', 'Museo Conte', 'Torre Lamberti', 'Centro Fotografia', 'Sighseeing']",Torre Lamberti,strategy_nearest,True,0.0032749176025390625,success
04A62A429C4C84,1,"['Arena', 'San Fermo']",Casa Giulietta,"['Centro Fotografia', 'Sighseeing', 'Torre Lamberti', 'Museo Conte', 'Museo Radio']",Torre Lamberti,strategy_nearest,True,0.0032389163970947266,success
04A6273A9C4C80,3,"['Arena', 'Torre Lamberti']",Santa Anastasia,"['AMO', 'Museo Conte', 'Palazzo della Ragione', 'Teatro Romano', 'Centro Fotografia']",Casa Giulietta,strategy_nearest,False,0.002782106399536133,success
04A62C3A9C4C80,0,"['Arena', 'Casa Giulietta']",Torre Lamberti,"['Sighseeing', 'Centro Fotografia', 'Museo Conte', 'Palazzo della Ragione', 'AMO']",Teatro Romano,strategy_nearest,False,0.002496004104614258,success
04A62E4A9C4C80,3,"['Arena', 'Torre Lamberti']",Duomo,"['AMO', 'Museo Miniscalchi', 'Santa Anastasia', 'Teatro Romano', 'Palazzo della Ragione']",San Zeno,strategy_nearest,False,0.003039121627807617,success
04A634429C4C80,1,['Arena'],Castelvecchio,"['Museo Lapidario', 'Verona Tour', 'Museo Radio', 'San Zeno', 'Sighseeing']",Palazzo della Ragione,strategy_nearest,False,0.0017747879028320312,success
04A62F4A9C4C80,0,['San Zeno'],Casa Giulietta,"['Centro Fotografia', 'Sighseeing', 'Torre Lamberti', 'Museo Conte', 'Museo Radio']",Torre Lamberti,strategy_nearest,True,0.0026178359985351562,success
04A6383A9C4C80,1,"['San Zeno', 'Castelvecchio', 'San Fermo']",Arena,"['Verona Tour', 'Museo Lapidario', 'Museo Radio', 'Casa Giulietta', 'Sighseeing']",Duomo,strategy_nearest,False,0.0031862258911132812,success
04A649429C4C80,3,['Casa Giulietta'],Duomo,"['AMO', 'Museo Miniscalchi', 'Santa Anastasia', 'Teatro Romano', 'Palazzo della Ragione']",Santa Anastasia,strategy_nearest,True,0.0026798248291015625,success
04A644429C4C80,1,"['Museo Lapidario', 'Castelvecchio', 'Palazzo della Ragione', 'Torre Lamberti']",San Fermo,"['Museo Storia', 'Museo Radio', 'Casa Giulietta', 'Centro Fotografia', 'Arena']",Museo Storia,strategy_nearest,True,0.001981973648071289,success
04A638429C4C80,1,"['Arena', 'Torre Lamberti']",Palazzo della Ragione,"['AMO', 'Museo Conte', 'Centro Fotografia', 'Sighseeing', 'Santa Anastasia']",Casa Giulietta,strategy_nearest,False,0.004876136779785156,success
04A64E429C4C80,0,"['Tomba Giulietta', 'San Fermo']",Arena,"['Verona Tour', 'Museo Lapidario', 'Museo Radio', 'Casa Giulietta', 'Sighseeing']",Casa Giulietta,strategy_nearest,True,0.0030088424682617188,success
04A65A3A9C4C80,1,"['Arena', 'Palazzo della Ragione']",Casa Giulietta,"['Centro Fotografia', 'Sighseeing', 'Torre Lamberti', 'Museo Conte', 'Museo Radio']",Duomo,strategy_nearest,False,0.0032570362091064453,success
04A6523A9C4C80,0,"['Arena', 'Castelvecchio']",Casa Giulietta,"['Centro Fotografia', 'Sighseeing', 'Torre Lamberti', 'Museo Conte', 'Museo Radio']",Torre Lamberti,strategy_nearest,True,0.002841949462890625,success
04A6583A9C4C80,0,"['Torre Lamberti', 'Duomo']",Castelvecchio,"['Museo Lapidario', 'Verona Tour', 'Arena', 'Museo Radio', 'San Zeno']",Arena,strategy_nearest,True,0.0020580291748046875,success
04A657429C4C80,2,['Torre Lamberti'],Tomba Giulietta,"['San Fermo', 'Museo Storia', 'Arena', 'Museo Lapidario', 'Museo Radio']",Castelvecchio,strategy_nearest,False,0.0033462047576904297,success
04A6603A9C4C80,3,"['Arena', 'Castelvecchio']",Casa Giulietta,"['Centro Fotografia', 'Sighseeing', 'Torre Lamberti', 'Museo Conte', 'Museo Radio']",Torre Lamberti,strategy_nearest,True,0.0013320446014404297,success
04A665429C4C80,3,"['Arena', 'Casa Giulietta']",Torre Lamberti,"['Sighseeing', 'Centro Fotografia', 'Museo Conte', 'Palazzo della Ragione', 'AMO']",Santa Anastasia,strategy_nearest,False,0.0021560192108154297,success
04A668429C4C80,3,"['Tomba Giulietta', 'Arena', 'Casa Giulietta']",Santa Anastasia,"['AMO', 'Museo Conte', 'Palazzo della Ragione', 'Teatro Romano', 'Centro Fotografia']",Torre Lamberti,strategy_nearest,False,0.002717256546020508,success
04A66F429C4C80,3,"['Arena', 'Tomba Giulietta', 'Castelvecchio']",Santa Anastasia,"['AMO', 'Museo Conte', 'Palazzo della Ragione', 'Teatro Romano', 'Centro Fotografia']",Duomo,strategy_nearest,False,0.0032067298889160156,success
04A6733A9C4C80,0,['Arena'],Casa Giulietta,"['Centro Fotografia', 'Sighseeing', 'Torre Lamberti', 'Museo Conte', 'Museo Radio']",Santa Anastasia,strategy_nearest,False,0.0026857852935791016,success
04A678429C4C80,0,['Castelvecchio'],Casa Giulietta,"['Centro Fotografia', 'Sighseeing', 'Torre Lamberti', 'Museo Conte', 'Museo Radio']",Museo Lapidario,strategy_nearest,False,0.0032389163970947266,success
04A6753A9C4C80,0,['Arena'],Castelvecchio,"['Museo Lapidario', 'Verona Tour', 'Museo Radio', 'San Zeno', 'Sighseeing']",Casa Giulietta,strategy_nearest,False,0.002725839614868164,success
04A6783A9C4C80,1,"['Arena', 'Palazzo della Ragione']",Torre Lamberti,"['Sighseeing', 'Centro Fotografia', 'Museo Conte', 'Casa Giulietta', 'AMO']",Santa Anastasia,strategy_nearest,False,0.0020868778228759766,success
04A6893A9C4C80,1,"['Arena', 'Casa Giulietta']",Palazzo della Ragione,"['AMO', 'Museo Conte', 'Torre Lamberti', 'Centro Fotografia', 'Sighseeing']",Torre Lamberti,strategy_nearest,True,0.002535104751586914,success
04A68B3A9C4C80,0,['Arena'],Casa Giulietta,"['Centro Fotografia', 'Sighseeing', 'Torre Lamberti', 'Museo Conte', 'Museo Radio']",Torre Lamberti,strategy_nearest,True,0.0019080638885498047,success
04A67F429C4C80,1,"['Arena', 'Casa Giulietta']",Torre Lamberti,"['Sighseeing', 'Centro Fotografia', 'Museo Conte', 'Palazzo della Ragione', 'AMO']",Palazzo della Ragione,strategy_nearest,True,0.002653837203979492,success
04A6924A9C4C80,2,"['Casa Giulietta', 'Palazzo della Ragione']",Torre Lamberti,"['Sighseeing', 'Centro Fotografia', 'Museo Conte', 'AMO', 'Museo Miniscalchi']",Duomo,strategy_nearest,False,0.0020890235900878906,success
04A68D3A9C4C80,1,"['Arena', 'Casa Giulietta']",Torre Lamberti,"['Sighseeing', 'Centro Fotografia', 'Museo Conte', 'Palazzo della Ragione', 'AMO']",Palazzo della Ragione,strategy_nearest,True,0.0033779144287109375,success
04A6994A9C4C80,2,"['Tomba Giulietta', 'San Fermo']",Teatro Romano,"['Santa Anastasia', 'Duomo', 'AMO', 'Palazzo della Ragione', 'Museo Conte']",Castelvecchio,strategy_nearest,False,0.002567768096923828,success
04A69E4A9C4C80,1,"['San Zeno', 'Castelvecchio', 'Arena', 'Tomba Giulietta']",Teatro Romano,"['Santa Anastasia', 'Duomo', 'AMO', 'Palazzo della Ragione', 'Museo Conte']",Duomo,strategy_nearest,True,0.0031211376190185547,success
04A6AC3A9C4C80,3,"['Tomba Giulietta', 'San Fermo', 'Casa Giulietta']",Santa Anastasia,"['AMO', 'Museo Conte', 'Palazzo della Ragione', 'Teatro Romano', 'Centro Fotografia']",Duomo,strategy_nearest,False,0.002537965774536133,success
04A69F4A9C4C80,3,['Arena'],Casa Giulietta,"['Centro Fotografia', 'Sighseeing', 'Torre Lamberti', 'Museo Conte', 'Museo Radio']",Torre Lamberti,strategy_nearest,True,0.003381013870239258,success
04A6AA429C4C80,3,"['Casa Giulietta', 'Arena']",Santa Anastasia,"['AMO', 'Museo Conte', 'Palazzo della Ragione', 'Teatro Romano', 'Centro Fotografia']",Teatro Romano,strategy_nearest,True,0.0014889240264892578,success
04A6A83A9C4C80,0,['Arena'],Museo Lapidario,"['Verona Tour', 'Castelvecchio', 'Museo Radio', 'San Fermo', 'Casa Giulietta']",Castelvecchio,strategy_nearest,True,0.0033719539642333984,success
04A6B33A9C4C80,2,['Torre Lamberti'],Santa Anastasia,"['AMO', 'Museo Conte', 'Palazzo della Ragione', 'Teatro Romano', 'Centro Fotografia']",Duomo,strategy_nearest,False,0.002115011215209961,success
04A6C13A9C4C80,0,['Arena'],Casa Giulietta,"['Centro Fotografia', 'Sighseeing', 'Torre Lamberti', 'Museo Conte', 'Museo Radio']",Torre Lamberti,strategy_nearest,True,0.002753734588623047,success
04A6AE3A9C4C80,2,['Torre Lamberti'],Duomo,"['AMO', 'Museo Miniscalchi', 'Santa Anastasia', 'Teatro Romano', 'Palazzo della Ragione']",Castelvecchio,strategy_nearest,False,0.0028181076049804688,success
04A6C53A9C4C80,0,['Arena'],Museo Lapidario,"['Verona Tour', 'Castelvecchio', 'Museo Radio', 'San Fermo', 'Casa Giulietta']",Casa Giulietta,strategy_nearest,True,0.003210306167602539,success
04A6D0429C4C80,1,['Torre Lamberti'],Palazzo della Ragione,"['AMO', 'Museo Conte', 'Centro Fotografia', 'Sighseeing', 'Santa Anastasia']",Giardino Giusti,strategy_nearest,False,0.0027511119842529297,success
04A6E8429C4C80,0,"['Castelvecchio', 'Arena']",Torre Lamberti,"['Sighseeing', 'Centro Fotografia', 'Museo Conte', 'Casa Giulietta', 'Palazzo della Ragione']",Tomba Giulietta,strategy_nearest,False,0.0021347999572753906,success
04A6F8429C4C80,1,"['San Zeno', 'Casa Giulietta', 'Torre Lamberti', 'Palazzo della Ragione']",Santa Anastasia,"['AMO', 'Museo Conte', 'Teatro Romano', 'Centro Fotografia', 'Duomo']",Duomo,strategy_nearest,True,0.0027608871459960938,success
04A708429C4C84,4,"['Arena', 'Casa Giulietta']",Tomba Giulietta,"['San Fermo', 'Museo Storia', 'Museo Lapidario', 'Museo Radio', 'Verona Tour']",Museo Radio,strategy_nearest,True,0.003198862075805664,success
04A7113A9C4C80,0,['Arena'],Casa Giulietta,"['Centro Fotografia', 'Sighseeing', 'Torre Lamberti', 'Museo Conte', 'Museo Radio']",Torre Lamberti,strategy_nearest,True,0.002141714096069336,success
04A7153A9C4C84,0,"['Arena', 'Casa Giulietta']",Torre Lamberti,"['Sighseeing', 'Centro Fotografia', 'Museo Conte', 'Palazzo della Ragione', 'AMO']",Tomba Giulietta,strategy_nearest,False,0.0021321773529052734,success
04A7173A9C4C80,0,"['Arena', 'Castelvecchio']",Torre Lamberti,"['Sighseeing', 'Centro Fotografia', 'Museo Conte', 'Casa Giulietta', 'Palazzo della Ragione']",Casa Giulietta,strategy_nearest,True,0.002791881561279297,success
04A7223A9C4C80,3,"['Arena', 'Casa Giulietta']",Torre Lamberti,"['Sighseeing', 'Centro Fotografia', 'Museo Conte', 'Palazzo della Ragione', 'AMO']",Santa Anastasia,strategy_nearest,False,0.0032520294189453125,success
04A726429C4C84,1,"['Torre Lamberti', 'Palazzo della Ragione']",Castelvecchio,"['Museo Lapidario', 'Verona Tour', 'Arena', 'Museo Radio', 'San Zeno']",Casa Giulietta,strategy_nearest,False,0.003373861312866211,success
04A72C4A9C4C80,2,['Casa Giulietta'],San Zeno,"['Castelvecchio', 'Verona Tour', 'Museo Lapidario', 'Arena', 'Museo Miniscalchi']",Santa Anastasia,strategy_nearest,False,0.0019528865814208984,success
04A7344A9C4C80,3,['Torre Lamberti'],Santa Anastasia,"['AMO', 'Museo Conte', 'Palazzo della Ragione', 'Teatro Romano', 'Centro Fotografia']",Arena,strategy_nearest,False,0.0032591819763183594,success
04A7343A9C4C80,3,"['Arena', 'Casa Giulietta']",Torre Lamberti,"['Sighseeing', 'Centro Fotografia', 'Museo Conte', 'Palazzo della Ragione', 'AMO']",Duomo,strategy_nearest,False,0.002783060073852539,success
04A750429C4C80,1,"['Museo Lapidario', 'Arena', 'Torre Lamberti']",Palazzo della Ragione,"['AMO', 'Museo Conte', 'Centro Fotografia', 'Sighseeing', 'Santa Anastasia']",Teatro Romano,strategy_nearest,False,0.003280162811279297,success
04A7523A9C4C80,0,['Arena'],Teatro Romano,"['Santa Anastasia', 'Duomo', 'AMO', 'Palazzo della Ragione', 'Museo Conte']",Castelvecchio,strategy_nearest,False,0.0026597976684570312,success
04A7463A9C4C80,0,"['Arena', 'Casa Giulietta']",Torre Lamberti,"['Sighseeing', 'Centro Fotografia', 'Museo Conte', 'Palazzo della Ragione', 'AMO']",Tomba Giulietta,strategy_nearest,False,0.002670764923095703,success
04A751429C4C80,2,"['Castelvecchio', 'Tomba Giulietta']",San Fermo,"['Museo Storia', 'Museo Radio', 'Casa Giulietta', 'Centro Fotografia', 'Arena']",Palazzo della Ragione,strategy_nearest,False,0.003345012664794922,success
04A759429C4C80,1,"['Arena', 'Museo Lapidario', 'Tomba Giulietta', 'Casa Giulietta']",Palazzo della Ragione,"['AMO', 'Museo Conte', 'Torre Lamberti', 'Centro Fotografia', 'Sighseeing']",Torre Lamberti,strategy_nearest,True,0.0021920204162597656,success
04A75C3A9C4C80,3,['Duomo'],Santa Anastasia,"['AMO', 'Museo Conte', 'Palazzo della Ragione', 'Teatro Romano', 'Centro Fotografia']",Arena,strategy_nearest,False,0.002543926239013672,success
04A7673A9C4C80,3,"['Torre Lamberti', 'Casa Giulietta', 'Teatro Romano']",Duomo,"['AMO', 'Museo Miniscalchi', 'Santa Anastasia', 'Palazzo della Ragione', 'Museo Conte']",Arena,strategy_nearest,False,0.0024449825286865234,success
04A776429C4C80,0,['Castelvecchio'],Arena,"['Verona Tour', 'Museo Lapidario', 'Museo Radio', 'San Fermo', 'Casa Giulietta']",Torre Lamberti,strategy_nearest,False,0.002338886260986328,success
04A7794A9C4C80,1,"['San Fermo', 'Torre Lamberti', 'Palazzo della Ragione']",Santa Anastasia,"['AMO', 'Museo Conte', 'Teatro Romano', 'Centro Fotografia', 'Duomo']",Duomo,strategy_nearest,True,0.0031800270080566406,success
04A77A4A9C4C80,2,['Casa Giulietta'],Teatro Romano,"['Santa Anastasia', 'Duomo', 'AMO', 'Palazzo della Ragione', 'Museo Conte']",Duomo,strategy_nearest,True,0.002775907516479492,success
04A77D3A9C4C80,0,['Arena'],Casa Giulietta,"['Centro Fotografia', 'Sighseeing', 'Torre Lamberti', 'Museo Conte', 'Museo Radio']",Duomo,strategy_nearest,False,0.0024261474609375,success
04A7893A9C4C80,3,"['Arena', 'Museo Lapidario']",Casa Giulietta,"['Centro Fotografia', 'Sighseeing', 'Torre Lamberti', 'Museo Conte', 'Museo Radio']",Santa Anastasia,strategy_nearest,False,0.003122091293334961,success
04A7833A9C4C80,3,"['Arena', 'Casa Giulietta']",Torre Lamberti,"['Sighseeing', 'Centro Fotografia', 'Museo Conte', 'Palazzo della Ragione', 'AMO']",Santa Anastasia,strategy_nearest,False,0.0032389163970947266,success
04A78C3A9C4C80,0,['Teatro Romano'],Duomo,"['AMO', 'Museo Miniscalchi', 'Santa Anastasia', 'Palazzo della Ragione', 'Museo Conte']",Casa Giulietta,strategy_nearest,False,0.002560853958129883,success
04A78D4A9C4C80,0,['San Zeno'],Castelvecchio,"['Museo Lapidario', 'Verona Tour', 'Arena', 'Museo Radio', 'Sighseeing']",Arena,strategy_nearest,True,0.003184795379638672,success
04A79E429C4C80,1,"['Arena', 'Casa Giulietta', 'Santa Anastasia']",Duomo,"['AMO', 'Museo Miniscalchi', 'Teatro Romano', 'Palazzo della Ragione', 'Museo Conte']",Teatro Romano,strategy_nearest,True,0.0024039745330810547,success
04A79F429C4C80,0,['Arena'],Casa Giulietta,"['Centro Fotografia', 'Sighseeing', 'Torre Lamberti', 'Museo Conte', 'Museo Radio']",Torre Lamberti,strategy_nearest,True,0.002691984176635742,success
04A7A2429C4C80,1,"['Arena', 'Museo Lapidario']",Casa Giulietta,"['Centro Fotografia', 'Sighseeing', 'Torre Lamberti', 'Museo Conte', 'Museo Radio']",Palazzo della Ragione,strategy_nearest,False,0.002649068832397461,success
04A7A14A9C4C80,2,['San Fermo'],Teatro Romano,"['Santa Anastasia', 'Duomo', 'AMO', 'Palazzo della Ragione', 'Museo Conte']",Duomo,strategy_nearest,True,0.004108905792236328,success
04A7A44A9C4C80,2,"['San Fermo', 'Casa Giulietta']",Torre Lamberti,"['Sighseeing', 'Centro Fotografia', 'Museo Conte', 'Palazzo della Ragione', 'AMO']",Palazzo della Ragione,strategy_nearest,True,0.003061056137084961,success
04A7A93A9C4C80,1,['Arena'],Palazzo della Ragione,"['AMO', 'Museo Conte', 'Torre Lamberti', 'Centro Fotografia', 'Sighseeing']",Torre Lamberti,strategy_nearest,True,0.003220081329345703,success
04A7B23A9C4C80,2,['Casa Giulietta'],Castelvecchio,"['Museo Lapidario', 'Verona Tour', 'Arena', 'Museo Radio', 'San Zeno']",Santa Anastasia,strategy_nearest,False,0.0030541419982910156,success
04A7B1429C4C80,0,"['Arena', 'Casa Giulietta']",Torre Lamberti,"['Sighseeing', 'Centro Fotografia', 'Museo Conte', 'Palazzo della Ragione', 'AMO']",Duomo,strategy_nearest,False,0.0033011436462402344,success
04A7B53A9C4C80,3,"['Arena', 'Torre Lamberti']",Santa Anastasia,"['AMO', 'Museo Conte', 'Palazzo della Ragione', 'Teatro Romano', 'Centro Fotografia']",Duomo,strategy_nearest,False,0.003419160842895508,success
04A7B93A9C4C80,3,['Arena'],Casa Giulietta,"['Centro Fotografia', 'Sighseeing', 'Torre Lamberti', 'Museo Conte', 'Museo Radio']",Santa Anastasia,strategy_nearest,False,0.0032110214233398438,success
04A7BC3A9C4C80,0,"['Torre Lamberti', 'San Fermo']",Arena,"['Verona Tour', 'Museo Lapidario', 'Museo Radio', 'Casa Giulietta', 'Sighseeing']",Castelvecchio,strategy_nearest,False,0.0024590492248535156,success
04A7BF429C4C80,0,['Castelvecchio'],Torre Lamberti,"['Sighseeing', 'Centro Fotografia', 'Museo Conte', 'Casa Giulietta', 'Palazzo della Ragione']",Arena,strategy_nearest,False,0.0030889511108398438,success
04A7C13A9C4C80,3,['Arena'],Casa Giulietta,"['Centro Fotografia', 'Sighseeing', 'Torre Lamberti', 'Museo Conte', 'Museo Radio']",San Fermo,strategy_nearest,False,0.0025768280029296875,success
04A7C23A9C4C80,0,['Tomba Giulietta'],Casa Giulietta,"['Centro Fotografia', 'Sighseeing', 'Torre Lamberti', 'Museo Conte', 'Museo Radio']",Torre Lamberti,strategy_nearest,True,0.002438068389892578,success
04A7C1429C4C80,0,"['Arena', 'Casa Giulietta']",Torre Lamberti,"['Sighseeing', 'Centro Fotografia', 'Museo Conte', 'Palazzo della Ragione', 'AMO']",Duomo,strategy_nearest,False,0.0032341480255126953,success
04A7C83A9C4C80,0,"['Teatro Romano', 'Casa Giulietta']",Torre Lamberti,"['Sighseeing', 'Centro Fotografia', 'Museo Conte', 'Palazzo della Ragione', 'AMO']",Arena,strategy_nearest,False,0.0031342506408691406,success
04A7C93A9C4C80,1,['Arena'],Casa Giulietta,"['Centro Fotografia', 'Sighseeing', 'Torre Lamberti', 'Museo Conte', 'Museo Radio']",Torre Lamberti,strategy_nearest,True,0.002746105194091797,success
04A7F03A9C4C80,3,['Arena'],Casa Giulietta,"['Centro Fotografia', 'Sighseeing', 'Torre Lamberti', 'Museo Conte', 'Museo Radio']",Santa Anastasia,strategy_nearest,False,0.0026340484619140625,success
04A7E7429C4C80,3,"['Castelvecchio', 'Arena']",Casa Giulietta,"['Centro Fotografia', 'Sighseeing', 'Torre Lamberti', 'Museo Conte', 'Museo Radio']",Santa Anastasia,strategy_nearest,False,0.003920793533325195,success
04A809429C4C80,0,['Arena'],San Fermo,"['Museo Storia', 'Museo Radio', 'Casa Giulietta', 'Centro Fotografia', 'Sighseeing']",Teatro Romano,strategy_nearest,False,0.0015740394592285156,success
04A802429C4C84,1,"['Santa Anastasia', 'Duomo', 'Palazzo della Ragione']",Casa Giulietta,"['Centro Fotografia', 'Sighseeing', 'Torre Lamberti', 'Museo Conte', 'Museo Radio']",Arena,strategy_nearest,False,0.0035250186920166016,success
04A8123A9C4C80,0,['Casa Giulietta'],Arena,"['Verona Tour', 'Museo Lapidario', 'Museo Radio', 'San Fermo', 'Sighseeing']",Museo Storia,strategy_nearest,False,0.002586841583251953,success
04A80E429C4C84,0,['Arena'],Castelvecchio,"['Museo Lapidario', 'Verona Tour', 'Museo Radio', 'San Zeno', 'Sighseeing']",Torre Lamberti,strategy_nearest,False,0.003443002700805664,success
04A8173A9C4C80,1,['Arena'],Palazzo della Ragione,"['AMO', 'Museo Conte', 'Torre Lamberti', 'Centro Fotografia', 'Sighseeing']",Duomo,strategy_nearest,False,0.002131223678588867,success
04A81BC27B3F80,2,['Tomba Giulietta'],Castelvecchio,"['Museo Lapidario', 'Verona Tour', 'Arena', 'Museo Radio', 'San Zeno']",San Zeno,strategy_nearest,True,0.0033638477325439453,success
04A8153A9C4C84,6,['Casa Giulietta'],Santa Anastasia,"['AMO', 'Museo Conte', 'Palazzo della Ragione', 'Teatro Romano', 'Centro Fotografia']",Duomo,strategy_nearest,False,0.0039861202239990234,success
04A81AC27B3F80,0,"['Tomba Giulietta', 'Castelvecchio']",San Zeno,"['Verona Tour', 'Museo Lapidario', 'Arena', 'Museo Miniscalchi', 'Sighseeing']",Arena,strategy_nearest,True,0.002808094024658203,success
04A821C27B3F80,0,"['Tomba Giulietta', 'Castelvecchio']",San Zeno,"['Verona Tour', 'Museo Lapidario', 'Arena', 'Museo Miniscalchi', 'Sighseeing']",Arena,strategy_nearest,True,0.003092050552368164,success
04A827C27B3F80,0,"['Tomba Giulietta', 'Castelvecchio']",San Zeno,"['Verona Tour', 'Museo Lapidario', 'Arena', 'Museo Miniscalchi', 'Sighseeing']",Arena,strategy_nearest,True,0.003222942352294922,success
04A8203A9C4C80,1,"['Castelvecchio', 'San Zeno', 'Santa Anastasia']",Casa Giulietta,"['Centro Fotografia', 'Sighseeing', 'Torre Lamberti', 'Museo Conte', 'Museo Radio']",San Fermo,strategy_nearest,False,0.0024099349975585938,success
04A820429C4C84,0,['Arena'],Casa Giulietta,"['Centro Fotografia', 'Sighseeing', 'Torre Lamberti', 'Museo Conte', 'Museo Radio']",Duomo,strategy_nearest,False,0.0015988349914550781,success
04A829429C4C84,0,"['Arena', 'Casa Giulietta']",Torre Lamberti,"['Sighseeing', 'Centro Fotografia', 'Museo Conte', 'Palazzo della Ragione', 'AMO']",Castelvecchio,strategy_nearest,False,0.002290010452270508,success
04A82DC27B3F80,0,"['Tomba Giulietta', 'Castelvecchio']",San Zeno,"['Verona Tour', 'Museo Lapidario', 'Arena', 'Museo Miniscalchi', 'Sighseeing']",Arena,strategy_nearest,True,0.0032210350036621094,success
04A828C27B3F80,2,['Tomba Giulietta'],Castelvecchio,"['Museo Lapidario', 'Verona Tour', 'Arena', 'Museo Radio', 'San Zeno']",San Zeno,strategy_nearest,True,0.0021131038665771484,success
04A82A3A9C4C80,0,"['Castelvecchio', 'Casa Giulietta', 'Torre Lamberti']",Teatro Romano,"['Santa Anastasia', 'Duomo', 'AMO', 'Palazzo della Ragione', 'Museo Conte']",Arena,strategy_nearest,False,0.0028901100158691406,success
04A83F3A9C4C80,3,"['Arena', 'Santa Anastasia']",Teatro Romano,"['Duomo', 'AMO', 'Palazzo della Ragione', 'Museo Conte', 'Centro Fotografia']",Casa Giulietta,strategy_nearest,False,0.0020189285278320312,success
04A8334A9C4C80,0,['Castelvecchio'],Arena,"['Verona Tour', 'Museo Lapidario', 'Museo Radio', 'San Fermo', 'Casa Giulietta']",Torre Lamberti,strategy_nearest,False,0.0026988983154296875,success
04A8364A9C4C80,1,"['Arena', 'Torre Lamberti', 'Palazzo della Ragione']",Casa Giulietta,"['Centro Fotografia', 'Sighseeing', 'Museo Conte', 'Museo Radio', 'San Fermo']",Teatro Romano,strategy_nearest,False,0.0014469623565673828,success
04A84B429C4C80,3,"['Arena', 'Museo Lapidario', 'Torre Lamberti', 'Santa Anastasia']",Duomo,"['AMO', 'Museo Miniscalchi', 'Teatro Romano', 'Palazzo della Ragione', 'Museo Conte']",Teatro Romano,strategy_nearest,True,0.0034270286560058594,success
04A84C429C4C80,1,['Torre Lamberti'],Palazzo della Ragione,"['AMO', 'Museo Conte', 'Centro Fotografia', 'Sighseeing', 'Santa Anastasia']",Giardino Giusti,strategy_nearest,False,0.0026979446411132812,success
04A859429C4C80,3,"['Arena', 'Santa Anastasia']",Teatro Romano,"['Duomo', 'AMO', 'Palazzo della Ragione', 'Museo Conte', 'Centro Fotografia']",Duomo,strategy_nearest,True,0.002569913864135742,success
04A8713A9C4C80,0,['Casa Giulietta'],Torre Lamberti,"['Sighseeing', 'Centro Fotografia', 'Museo Conte', 'Palazzo della Ragione', 'AMO']",Arena,strategy_nearest,False,0.0031261444091796875,success
04A87D3A9C4C80,3,"['Arena', 'San Fermo']",Casa Giulietta,"['Centro Fotografia', 'Sighseeing', 'Torre Lamberti', 'Museo Conte', 'Museo Radio']",Santa Anastasia,strategy_nearest,False,0.001956939697265625,success
04A8753A9C4C80,1,"['Museo Lapidario', 'Arena', 'Santa Anastasia']",Duomo,"['AMO', 'Museo Miniscalchi', 'Teatro Romano', 'Palazzo della Ragione', 'Museo Conte']",Casa Giulietta,strategy_nearest,False,0.003197908401489258,success
04A8833A9C4C80,1,['Arena'],Palazzo della Ragione,"['AMO', 'Museo Conte', 'Torre Lamberti', 'Centro Fotografia', 'Sighseeing']",Torre Lamberti,strategy_nearest,True,0.0027370452880859375,success
04A8843A9C4C80,0,"['Arena', 'Museo Lapidario']",Castelvecchio,"['Verona Tour', 'Museo Radio', 'San Zeno', 'Sighseeing', 'Museo Miniscalchi']",Duomo,strategy_nearest,False,0.003095865249633789,success
04A8854A9C4C80,3,"['Casa Giulietta', 'Torre Lamberti']",Arena,"['Verona Tour', 'Museo Lapidario', 'Museo Radio', 'San Fermo', 'Sighseeing']",Santa Anastasia,strategy_nearest,False,0.002646923065185547,success
04A8873A9C4C80,0,['Arena'],Casa Giulietta,"['Centro Fotografia', 'Sighseeing', 'Torre Lamberti', 'Museo Conte', 'Museo Radio']",Torre Lamberti,strategy_nearest,True,0.0033550262451171875,success
04A89A429C4C80,3,"['Arena', 'Castelvecchio']",Duomo,"['AMO', 'Museo Miniscalchi', 'Santa Anastasia', 'Teatro Romano', 'Palazzo della Ragione']",Santa Anastasia,strategy_nearest,True,0.003276824951171875,success
04A89E429C4C80,0,['Arena'],Casa Giulietta,"['Centro Fotografia', 'Sighseeing', 'Torre Lamberti', 'Museo Conte', 'Museo Radio']",San Zeno,strategy_nearest,False,0.00315093994140625,success
04A8A04A9C4C80,3,"['Arena', 'Casa Giulietta']",Santa Anastasia,"['AMO', 'Museo Conte', 'Palazzo della Ragione', 'Teatro Romano', 'Centro Fotografia']",Teatro Romano,strategy_nearest,True,0.0021948814392089844,success
04A8A14A9C4C80,0,"['Arena', 'Castelvecchio']",Torre Lamberti,"['Sighseeing', 'Centro Fotografia', 'Museo Conte', 'Casa Giulietta', 'Palazzo della Ragione']",Casa Giulietta,strategy_nearest,True,0.0025930404663085938,success
04A8AC429C4C80,0,"['Duomo', 'Casa Giulietta']",Torre Lamberti,"['Sighseeing', 'Centro Fotografia', 'Museo Conte', 'Palazzo della Ragione', 'AMO']",Castelvecchio,strategy_nearest,False,0.0026788711547851562,success
04A8A93A9C4C80,2,['San Zeno'],Torre Lamberti,"['Sighseeing', 'Centro Fotografia', 'Museo Conte', 'Casa Giulietta', 'Palazzo della Ragione']",Casa Giulietta,strategy_nearest,True,0.0034170150756835938,success
04A8B83A9C4C80,6,['Casa Giulietta'],Torre Lamberti,"['Sighseeing', 'Centro Fotografia', 'Museo Conte', 'Palazzo della Ragione', 'AMO']",Duomo,strategy_nearest,False,0.003329038619995117,success
04A8BB429C4C80,3,"['Arena', 'Castelvecchio', 'Casa Giulietta']",Santa Anastasia,"['AMO', 'Museo Conte', 'Palazzo della Ragione', 'Teatro Romano', 'Centro Fotografia']",Duomo,strategy_nearest,False,0.0029990673065185547,success
04A8BC3A9C4C80,2,"['Casa Giulietta', 'Torre Lamberti']",Palazzo della Ragione,"['AMO', 'Museo Conte', 'Centro Fotografia', 'Sighseeing', 'Santa Anastasia']",Santa Anastasia,strategy_nearest,True,0.003229856491088867,success
04A8CC3A9C4C80,0,['Tomba Giulietta'],Casa Giulietta,"['Centro Fotografia', 'Sighseeing', 'Torre Lamberti', 'Museo Conte', 'Museo Radio']",Arena,strategy_nearest,False,0.0031349658966064453,success
04A8BE429C4C80,0,['Arena'],Casa Giulietta,"['Centro Fotografia', 'Sighseeing', 'Torre Lamberti', 'Museo Conte', 'Museo Radio']",Torre Lamberti,strategy_nearest,True,0.0030891895294189453,success
04A8D33A9C4C80,3,"['Casa Giulietta', 'Torre Lamberti', 'Arena', 'Castelvecchio']",San Zeno,"['Verona Tour', 'Museo Lapidario', 'Museo Miniscalchi', 'Sighseeing', 'Museo Radio']",San Fermo,strategy_nearest,False,0.0030088424682617188,success
04A8EA3A9C4C80,0,['Casa Giulietta'],Arena,"['Verona Tour', 'Museo Lapidario', 'Museo Radio', 'San Fermo', 'Sighseeing']",Castelvecchio,strategy_nearest,False,0.003407001495361328,success
04A8EC3A9C4C80,2,['Casa Giulietta'],Palazzo della Ragione,"['AMO', 'Museo Conte', 'Torre Lamberti', 'Centro Fotografia', 'Sighseeing']",Torre Lamberti,strategy_nearest,True,0.0017538070678710938,success
04A902429C4C84,1,"['Arena', 'Teatro Romano', 'Duomo', 'Santa Anastasia', 'Museo Lapidario', 'Casa Giulietta']",Palazzo della Ragione,"['AMO', 'Museo Conte', 'Torre Lamberti', 'Centro Fotografia', 'Sighseeing']",Torre Lamberti,strategy_nearest,True,0.0034368038177490234,success
04A909429C4C80,4,"['Arena', 'Torre Lamberti', 'Palazzo della Ragione']",San Fermo,"['Museo Storia', 'Museo Radio', 'Casa Giulietta', 'Centro Fotografia', 'Sighseeing']",Museo Radio,strategy_nearest,True,0.0033578872680664062,success
04A90C3A9C4C84,0,['Arena'],Castelvecchio,"['Museo Lapidario', 'Verona Tour', 'Museo Radio', 'San Zeno', 'Sighseeing']",Teatro Romano,strategy_nearest,False,0.0025360584259033203,success
04A9193A9C4C84,3,"['Santa Anastasia', 'Torre Lamberti']",Casa Giulietta,"['Centro Fotografia', 'Sighseeing', 'Museo Conte', 'Museo Radio', 'Palazzo della Ragione']",Arena,strategy_nearest,False,0.0031349658966064453,success
04A929429C4C84,0,['Arena'],Casa Giulietta,"['Centro Fotografia', 'Sighseeing', 'Torre Lamberti', 'Museo Conte', 'Museo Radio']",Santa Anastasia,strategy_nearest,False,0.0034439563751220703,success
04A92D4A9C4C80,1,"['Torre Lamberti', 'Palazzo della Ragione']",Arena,"['Verona Tour', 'Museo Lapidario', 'Museo Radio', 'San Fermo', 'Casa Giulietta']",Teatro Romano,strategy_nearest,False,0.0014410018920898438,success
04A92C4A9C4C80,3,"['Arena', 'Torre Lamberti', 'Castelvecchio']",Teatro Romano,"['Santa Anastasia', 'Duomo', 'AMO', 'Palazzo della Ragione', 'Museo Conte']",Santa Anastasia,strategy_nearest,True,0.003942251205444336,success
04A92F429C4C80,1,"['Arena', 'Casa Giulietta']",Torre Lamberti,"['Sighseeing', 'Centro Fotografia', 'Museo Conte', 'Palazzo della Ragione', 'AMO']",Palazzo della Ragione,strategy_nearest,True,0.002547740936279297,success
04A933429C4C80,3,['Arena'],Torre Lamberti,"['Sighseeing', 'Centro Fotografia', 'Museo Conte', 'Casa Giulietta', 'Palazzo della Ragione']",Santa Anastasia,strategy_nearest,False,0.0021560192108154297,success
04A9373A9C4C80,3,"['Arena', 'Castelvecchio']",Museo Lapidario,"['Verona Tour', 'Museo Radio', 'San Fermo', 'Casa Giulietta', 'Tomba Giulietta']",Santa Anastasia,strategy_nearest,False,0.0012290477752685547,success
04A938429C4C80,3,"['Arena', 'Tomba Giulietta', 'San Zeno', 'Castelvecchio']",Duomo,"['AMO', 'Museo Miniscalchi', 'Santa Anastasia', 'Teatro Romano', 'Palazzo della Ragione']",Santa Anastasia,strategy_nearest,True,0.002741098403930664,success
04A941429C4C80,1,['Arena'],Torre Lamberti,"['Sighseeing', 'Centro Fotografia', 'Museo Conte', 'Casa Giulietta', 'Palazzo della Ragione']",Palazzo della Ragione,strategy_nearest,True,0.0033483505249023438,success
04A94D429C4C80,0,['Arena'],Casa Giulietta,"['Centro Fotografia', 'Sighseeing', 'Torre Lamberti', 'Museo Conte', 'Museo Radio']",Santa Anastasia,strategy_nearest,False,0.0025632381439208984,success
04A94F3A9C4C80,0,['Arena'],Casa Giulietta,"['Centro Fotografia', 'Sighseeing', 'Torre Lamberti', 'Museo Conte', 'Museo Radio']",Teatro Romano,strategy_nearest,False,0.00257110595703125,success
04A95E429C4C80,0,['Casa Giulietta'],Torre Lamberti,"['Sighseeing', 'Centro Fotografia', 'Museo Conte', 'Palazzo della Ragione', 'AMO']",Arena,strategy_nearest,False,0.002393007278442383,success
04A9623A9C4C80,3,"['Arena', 'San Fermo']",Castelvecchio,"['Museo Lapidario', 'Verona Tour', 'Museo Radio', 'San Zeno', 'Sighseeing']",Giardino Giusti,strategy_nearest,False,0.0034089088439941406,success
04A963429C4C80,2,"['Teatro Romano', 'Duomo']",Santa Anastasia,"['AMO', 'Museo Conte', 'Palazzo della Ragione', 'Centro Fotografia', 'Torre Lamberti']",Casa Giulietta,strategy_nearest,False,0.002964019775390625,success
04A973429C4C80,0,['Arena'],Casa Giulietta,"['Centro Fotografia', 'Sighseeing', 'Torre Lamberti', 'Museo Conte', 'Museo Radio']",Castelvecchio,strategy_nearest,False,0.00257110595703125,success
04A972429C4C80,0,"['Casa Giulietta', 'Torre Lamberti']",San Zeno,"['Castelvecchio', 'Verona Tour', 'Museo Lapidario', 'Arena', 'Museo Miniscalchi']",Castelvecchio,strategy_nearest,True,0.0034987926483154297,success
04A9773A9C4C80,0,"['Arena', 'Torre Lamberti']",Casa Giulietta,"['Centro Fotografia', 'Sighseeing', 'Museo Conte', 'Museo Radio', 'Palazzo della Ragione']",San Fermo,strategy_nearest,False,0.002454042434692383,success
04A9753A9C4C80,3,"['Arena', 'Casa Giulietta']",Santa Anastasia,"['AMO', 'Museo Conte', 'Palazzo della Ragione', 'Teatro Romano', 'Centro Fotografia']",Duomo,strategy_nearest,False,0.0035047531127929688,success
04A977429C4C80,0,['Arena'],Casa Giulietta,"['Centro Fotografia', 'Sighseeing', 'Torre Lamberti', 'Museo Conte', 'Museo Radio']",Torre Lamberti,strategy_nearest,True,0.0022199153900146484,success
04A978429C4C80,0,['Arena'],Casa Giulietta,"['Centro Fotografia', 'Sighseeing', 'Torre Lamberti', 'Museo Conte', 'Museo Radio']",Torre Lamberti,strategy_nearest,True,0.002619028091430664,success
04A986429C4C80,3,"['Castelvecchio', 'San Zeno', 'Arena']",San Fermo,"['Museo Storia', 'Museo Radio', 'Casa Giulietta', 'Centro Fotografia', 'Sighseeing']",Torre Lamberti,strategy_nearest,False,0.003184795379638672,success
04A9873A9C4C80,3,"['Arena', 'Castelvecchio', 'Torre Lamberti']",Santa Anastasia,"['AMO', 'Museo Conte', 'Palazzo della Ragione', 'Teatro Romano', 'Centro Fotografia']",Duomo,strategy_nearest,False,0.002527952194213867,success
04A9A74A9C4C80,1,"['Arena', 'Torre Lamberti']",Palazzo della Ragione,"['AMO', 'Museo Conte', 'Centro Fotografia', 'Sighseeing', 'Santa Anastasia']",Santa Anastasia,strategy_nearest,True,0.0024871826171875,success
04A9A04A9C4C80,3,['Arena'],Santa Anastasia,"['AMO', 'Museo Conte', 'Palazzo della Ragione', 'Teatro Romano', 'Centro Fotografia']",Duomo,strategy_nearest,False,0.002087116241455078,success
04A9954A9C4C80,1,"['Arena', 'Torre Lamberti', 'Palazzo della Ragione']",Casa Giulietta,"['Centro Fotografia', 'Sighseeing', 'Museo Conte', 'Museo Radio', 'San Fermo']",Santa Anastasia,strategy_nearest,False,0.0046460628509521484,success
04A9AB429C4C80,2,"['Duomo', 'Castelvecchio']",San Fermo,"['Museo Storia', 'Museo Radio', 'Casa Giulietta', 'Centro Fotografia', 'Arena']",Casa Giulietta,strategy_nearest,True,0.004057168960571289,success
04A9AD429C4C80,0,['Arena'],Torre Lamberti,"['Sighseeing', 'Centro Fotografia', 'Museo Conte', 'Casa Giulietta', 'Palazzo della Ragione']",Casa Giulietta,strategy_nearest,True,0.002095937728881836,success
04A9B2429C4C80,3,"['Arena', 'Castelvecchio']",San Zeno,"['Verona Tour', 'Museo Lapidario', 'Museo Miniscalchi', 'Sighseeing', 'Museo Radio']",Torre Lamberti,strategy_nearest,False,0.002668142318725586,success
04A9B73A9C4C80,0,['Arena'],Casa Giulietta,"['Centro Fotografia', 'Sighseeing', 'Torre Lamberti', 'Museo Conte', 'Museo Radio']",Torre Lamberti,strategy_nearest,True,0.0033102035522460938,success
04A9C2429C4C80,2,['Casa Giulietta'],Castelvecchio,"['Museo Lapidario', 'Verona Tour', 'Arena', 'Museo Radio', 'San Zeno']",Tomba Giulietta,strategy_nearest,False,0.0020608901977539062,success
04A9C33A9C4C80,3,['Arena'],Torre Lamberti,"['Sighseeing', 'Centro Fotografia', 'Museo Conte', 'Casa Giulietta', 'Palazzo della Ragione']",Santa Anastasia,strategy_nearest,False,0.0020987987518310547,success
04A9BE429C4C80,0,['Arena'],Casa Giulietta,"['Centro Fotografia', 'Sighseeing', 'Torre Lamberti', 'Museo Conte', 'Museo Radio']",Teatro Romano,strategy_nearest,False,0.004694700241088867,success
04A9C53A9C4C80,0,"['Arena', 'Museo Lapidario']",Castelvecchio,"['Verona Tour', 'Museo Radio', 'San Zeno', 'Sighseeing', 'Museo Miniscalchi']",Casa Giulietta,strategy_nearest,False,0.0027151107788085938,success
04A9CB3A9C4C80,0,['Arena'],Casa Giulietta,"['Centro Fotografia', 'Sighseeing', 'Torre Lamberti', 'Museo Conte', 'Museo Radio']",Castelvecchio,strategy_nearest,False,0.002568960189819336,success
04A9CF3A9C4C80,0,['Arena'],Casa Giulietta,"['Centro Fotografia', 'Sighseeing', 'Torre Lamberti', 'Museo Conte', 'Museo Radio']",Torre Lamberti,strategy_nearest,True,0.0020580291748046875,success
04A9C73A9C4C80,0,['Arena'],Torre Lamberti,"['Sighseeing', 'Centro Fotografia', 'Museo Conte', 'Casa Giulietta', 'Palazzo della Ragione']",Casa Giulietta,strategy_nearest,True,0.004637002944946289,success
04A9D43A9C4C80,1,"['Arena', 'Torre Lamberti']",Palazzo della Ragione,"['AMO', 'Museo Conte', 'Centro Fotografia', 'Sighseeing', 'Santa Anastasia']",Casa Giulietta,strategy_nearest,False,0.002888917922973633,success
04AA083A9C4C84,1,['Castelvecchio'],Arena,"['Verona Tour', 'Museo Lapidario', 'Museo Radio', 'San Fermo', 'Casa Giulietta']",Casa Giulietta,strategy_nearest,True,0.0026619434356689453,success
04A9DC429C4C80,1,"['Torre Lamberti', 'Duomo', 'Arena']",Casa Giulietta,"['Centro Fotografia', 'Sighseeing', 'Museo Conte', 'Museo Radio', 'Palazzo della Ragione']",Palazzo della Ragione,strategy_nearest,True,0.002538919448852539,success
04A9D53A9C4C80,0,['Arena'],Torre Lamberti,"['Sighseeing', 'Centro Fotografia', 'Museo Conte', 'Casa Giulietta', 'Palazzo della Ragione']",Teatro Romano,strategy_nearest,False,0.0025811195373535156,success
04AA10429C4C80,3,"['Casa Giulietta', 'Torre Lamberti', 'Tomba Giulietta', 'Arena']",Castelvecchio,"['Museo Lapidario', 'Verona Tour', 'Museo Radio', 'San Zeno', 'Sighseeing']",San Zeno,strategy_nearest,True,0.0029289722442626953,success
04AA133A9C4C80,3,"['Castelvecchio', 'Giardino Giusti', 'Teatro Romano', 'Duomo']",Arena,"['Verona Tour', 'Museo Lapidario', 'Museo Radio', 'San Fermo', 'Casa Giulietta']",Casa Giulietta,strategy_nearest,True,0.0019099712371826172,success
04AA133A9C4C84,0,['Arena'],Duomo,"['AMO', 'Museo Miniscalchi', 'Santa Anastasia', 'Teatro Romano', 'Palazzo della Ragione']",Castelvecchio,strategy_nearest,False,0.003164052963256836,success
04AA14C27B3F84,3,"['Arena', 'Casa Giulietta']",Torre Lamberti,"['Sighseeing', 'Centro Fotografia', 'Museo Conte', 'Palazzo della Ragione', 'AMO']",Santa Anastasia,strategy_nearest,False,0.0024847984313964844,success
04AA163A9C4C80,3,"['Arena', 'Tomba Giulietta', 'Museo Storia', 'San Fermo']",Casa Giulietta,"['Centro Fotografia', 'Sighseeing', 'Torre Lamberti', 'Museo Conte', 'Museo Radio']",Santa Anastasia,strategy_nearest,False,0.0030379295349121094,success
04AA184A9C4C80,0,['Teatro Romano'],Castelvecchio,"['Museo Lapidario', 'Verona Tour', 'Arena', 'Museo Radio', 'San Zeno']",Arena,strategy_nearest,True,0.001905202865600586,success
04AA1F3A9C4C80,3,"['Castelvecchio', 'Arena', 'Casa Giulietta', 'Santa Anastasia']",Duomo,"['AMO', 'Museo Miniscalchi', 'Teatro Romano', 'Palazzo della Ragione', 'Museo Conte']",San Zeno,strategy_nearest,False,0.003068208694458008,success
04AA173A9C4C84,3,"['Arena', 'Santa Anastasia']",Duomo,"['AMO', 'Museo Miniscalchi', 'Teatro Romano', 'Palazzo della Ragione', 'Museo Conte']",Casa Giulietta,strategy_nearest,False,0.0025780200958251953,success
04AA304A9C4C80,1,"['Arena', 'Palazzo della Ragione']",Torre Lamberti,"['Sighseeing', 'Centro Fotografia', 'Museo Conte', 'Casa Giulietta', 'AMO']",Casa Giulietta,strategy_nearest,True,0.0026161670684814453,success
04AA263A9C4C80,0,['Arena'],Torre Lamberti,"['Sighseeing', 'Centro Fotografia', 'Museo Conte', 'Casa Giulietta', 'Palazzo della Ragione']",Giardino Giusti,strategy_nearest,False,0.0027468204498291016,success
04AA31429C4C80,0,['Arena'],Museo Lapidario,"['Verona Tour', 'Castelvecchio', 'Museo Radio', 'San Fermo', 'Casa Giulietta']",Tomba Giulietta,strategy_nearest,False,0.0030329227447509766,success
04AA2D4A9C4C80,3,"['Arena', 'Torre Lamberti', 'Casa Giulietta', 'Tomba Giulietta']",San Fermo,"['Museo Storia', 'Museo Radio', 'Centro Fotografia', 'Sighseeing', 'Museo Conte']",Duomo,strategy_nearest,False,0.0021440982818603516,success
04AA3E3A9C4C80,1,['Arena'],Torre Lamberti,"['Sighseeing', 'Centro Fotografia', 'Museo Conte', 'Casa Giulietta', 'Palazzo della Ragione']",Palazzo della Ragione,strategy_nearest,True,0.002683877944946289,success
04AA40429C4C80,3,"['Arena', 'Castelvecchio']",Teatro Romano,"['Santa Anastasia', 'Duomo', 'AMO', 'Palazzo della Ragione', 'Museo Conte']",Duomo,strategy_nearest,True,0.0032529830932617188,success
04AA373A9C4C80,1,"['Arena', 'Teatro Romano', 'Santa Anastasia']",Palazzo della Ragione,"['AMO', 'Museo Conte', 'Torre Lamberti', 'Centro Fotografia', 'Sighseeing']",Casa Giulietta,strategy_nearest,False,0.0017969608306884766,success
04AA403A9C4C80,0,['Arena'],Casa Giulietta,"['Centro Fotografia', 'Sighseeing', 'Torre Lamberti', 'Museo Conte', 'Museo Radio']",Giardino Giusti,strategy_nearest,False,0.0026001930236816406,success
04AA51429C4C80,3,"['Arena', 'San Fermo']",Casa Giulietta,"['Centro Fotografia', 'Sighseeing', 'Torre Lamberti', 'Museo Conte', 'Museo Radio']",Santa Anastasia,strategy_nearest,False,0.00238800048828125,success
04AA52429C4C80,2,['Casa Giulietta'],Duomo,"['AMO', 'Museo Miniscalchi', 'Santa Anastasia', 'Teatro Romano', 'Palazzo della Ragione']",Castelvecchio,strategy_nearest,False,0.002064943313598633,success
04AA543A9C4C80,1,"['Arena', 'Casa Giulietta']",Palazzo della Ragione,"['AMO', 'Museo Conte', 'Torre Lamberti', 'Centro Fotografia', 'Sighseeing']",Torre Lamberti,strategy_nearest,True,0.0035140514373779297,success
04AA59429C4C80,2,"['Castelvecchio', 'Duomo']",Casa Giulietta,"['Centro Fotografia', 'Sighseeing', 'Torre Lamberti', 'Museo Conte', 'Museo Radio']",Teatro Romano,strategy_nearest,False,0.002735137939453125,success
04AA593A9C4C80,3,"['Arena', 'Castelvecchio', 'Casa Giulietta']",Duomo,"['AMO', 'Museo Miniscalchi', 'Santa Anastasia', 'Teatro Romano', 'Palazzo della Ragione']",Torre Lamberti,strategy_nearest,False,0.002711772918701172,success
04AA5B429C4C80,0,['Arena'],Casa Giulietta,"['Centro Fotografia', 'Sighseeing', 'Torre Lamberti', 'Museo Conte', 'Museo Radio']",Torre Lamberti,strategy_nearest,True,0.003782033920288086,success
04AA5E3A9C4C80,1,"['Museo Lapidario', 'Castelvecchio', 'San Zeno']",Teatro Romano,"['Santa Anastasia', 'Duomo', 'AMO', 'Palazzo della Ragione', 'Museo Conte']",Arena,strategy_nearest,False,0.001753091812133789,success
04AA5F429C4C80,0,['Arena'],Giardino Giusti,"['Santa Anastasia', 'Teatro Romano', 'Museo Conte', 'Centro Fotografia', 'Museo Storia']",Duomo,strategy_nearest,False,0.002721071243286133,success
04AA623A9C4C80,3,"['Casa Giulietta', 'Torre Lamberti', 'Santa Anastasia', 'Arena', 'Tomba Giulietta']",San Fermo,"['Museo Storia', 'Museo Radio', 'Centro Fotografia', 'Sighseeing', 'Museo Conte']",Duomo,strategy_nearest,False,0.003997802734375,success
04AA733A9C4C80,0,['Castelvecchio'],Arena,"['Verona Tour', 'Museo Lapidario', 'Museo Radio', 'San Fermo', 'Casa Giulietta']",Casa Giulietta,strategy_nearest,True,0.0019288063049316406,success
04AA75429C4C80,3,"['Arena', 'Torre Lamberti']",Casa Giulietta,"['Centro Fotografia', 'Sighseeing', 'Museo Conte', 'Museo Radio', 'Palazzo della Ragione']",Duomo,strategy_nearest,False,0.003203153610229492,success
04AA794A9C4C80,2,['Casa Giulietta'],Torre Lamberti,"['Sighseeing', 'Centro Fotografia', 'Museo Conte', 'Palazzo della Ragione', 'AMO']",Teatro Romano,strategy_nearest,False,0.0033118724822998047,success
04AA843A9C4C80,1,"['Arena', 'Torre Lamberti']",Palazzo della Ragione,"['AMO', 'Museo Conte', 'Centro Fotografia', 'Sighseeing', 'Santa Anastasia']",Santa Anastasia,strategy_nearest,True,0.002496957778930664,success
04AA824A9C4C80,0,['Arena'],Casa Giulietta,"['Centro Fotografia', 'Sighseeing', 'Torre Lamberti', 'Museo Conte', 'Museo Radio']",Tomba Giulietta,strategy_nearest,False,0.0033528804779052734,success
04AA98C27B3F80,0,['Arena'],Santa Anastasia,"['AMO', 'Museo Conte', 'Palazzo della Ragione', 'Teatro Romano', 'Centro Fotografia']",Casa Giulietta,strategy_nearest,False,0.003206968307495117,success
04AA8F3A9C4C80,1,"['Arena', 'Torre Lamberti']",Palazzo della Ragione,"['AMO', 'Museo Conte', 'Centro Fotografia', 'Sighseeing', 'Santa Anastasia']",Duomo,strategy_nearest,False,0.0028731822967529297,success
04AA9C4A9C4C80,1,['Palazzo della Ragione'],Arena,"['Verona Tour', 'Museo Lapidario', 'Museo Radio', 'San Fermo', 'Casa Giulietta']",Duomo,strategy_nearest,False,0.003033161163330078,success
04AA8B429C4C80,3,"['San Zeno', 'Santa Anastasia', 'Duomo']",Teatro Romano,"['AMO', 'Palazzo della Ragione', 'Museo Conte', 'Centro Fotografia', 'Museo Miniscalchi']",Torre Lamberti,strategy_nearest,False,0.003512144088745117,success
04AA9D429C4C80,1,"['Arena', 'Torre Lamberti']",Palazzo della Ragione,"['AMO', 'Museo Conte', 'Centro Fotografia', 'Sighseeing', 'Santa Anastasia']",Santa Anastasia,strategy_nearest,True,0.002608060836791992,success
04AAA24A9C4C80,0,"['Arena', 'Castelvecchio']",Casa Giulietta,"['Centro Fotografia', 'Sighseeing', 'Torre Lamberti', 'Museo Conte', 'Museo Radio']",Torre Lamberti,strategy_nearest,True,0.0012981891632080078,success
04AAA772743380,1,"['Castelvecchio', 'Arena']",Torre Lamberti,"['Sighseeing', 'Centro Fotografia', 'Museo Conte', 'Casa Giulietta', 'Palazzo della Ragione']",Palazzo della Ragione,strategy_nearest,True,0.0025970935821533203,success
04AAA54A9C4C80,1,"['Arena', 'Casa Giulietta', 'Palazzo della Ragione']",Torre Lamberti,"['Sighseeing', 'Centro Fotografia', 'Museo Conte', 'AMO', 'Museo Miniscalchi']",Santa Anastasia,strategy_nearest,False,0.0039539337158203125,success
04AAB1429C4C80,4,"['Santa Anastasia', 'Torre Lamberti', 'Palazzo della Ragione']",Arena,"['Verona Tour', 'Museo Lapidario', 'Museo Radio', 'San Fermo', 'Casa Giulietta']",Castelvecchio,strategy_nearest,False,0.002924203872680664,success
04AAB43A9C4C80,0,['Arena'],Casa Giulietta,"['Centro Fotografia', 'Sighseeing', 'Torre Lamberti', 'Museo Conte', 'Museo Radio']",Torre Lamberti,strategy_nearest,True,0.0028710365295410156,success
04AAB53A9C4C80,1,"['Arena', 'Casa Giulietta', 'Torre Lamberti']",Palazzo della Ragione,"['AMO', 'Museo Conte', 'Centro Fotografia', 'Sighseeing', 'Santa Anastasia']",Santa Anastasia,strategy_nearest,True,0.0035247802734375,success
04AAB7429C4C80,0,"['San Zeno', 'Castelvecchio']",Arena,"['Verona Tour', 'Museo Lapidario', 'Museo Radio', 'San Fermo', 'Casa Giulietta']",Casa Giulietta,strategy_nearest,True,0.002650022506713867,success
04AAC23A9C4C80,4,"['Arena', 'Casa Giulietta']",Torre Lamberti,"['Sighseeing', 'Centro Fotografia', 'Museo Conte', 'Palazzo della Ragione', 'AMO']",Tomba Giulietta,strategy_nearest,False,0.0030736923217773438,success
04AAC6429C4C80,1,"['Palazzo della Ragione', 'Torre Lamberti']",Arena,"['Verona Tour', 'Museo Lapidario', 'Museo Radio', 'San Fermo', 'Casa Giulietta']",San Zeno,strategy_nearest,False,0.0033087730407714844,success
04AACFC27B3F80,3,"['Arena', 'Casa Giulietta']",Torre Lamberti,"['Sighseeing', 'Centro Fotografia', 'Museo Conte', 'Palazzo della Ragione', 'AMO']",Santa Anastasia,strategy_nearest,False,0.0029251575469970703,success
04AAC93A9C4C80,3,"['Arena', 'San Fermo']",Santa Anastasia,"['AMO', 'Museo Conte', 'Palazzo della Ragione', 'Teatro Romano', 'Centro Fotografia']",Duomo,strategy_nearest,False,0.0024650096893310547,success
04AADE3A9C4C80,3,['Santa Anastasia'],Teatro Romano,"['Duomo', 'AMO', 'Palazzo della Ragione', 'Museo Conte', 'Centro Fotografia']",Arena,strategy_nearest,False,0.003142118453979492,success
04AAD0BA7B3F80,2,"['Museo Lapidario', 'Duomo', 'Torre Lamberti']",Palazzo della Ragione,"['AMO', 'Museo Conte', 'Centro Fotografia', 'Sighseeing', 'Santa Anastasia']",Castelvecchio,strategy_nearest,False,0.002808094024658203,success
04AAE53A9C4C80,0,"['Arena', 'Arena']",Casa Giulietta,"['Centro Fotografia', 'Sighseeing', 'Torre Lamberti', 'Museo Conte', 'Museo Radio']",Santa Anastasia,strategy_nearest,False,0.003364086151123047,success
04AB0A429C4C80,0,"['Torre Lamberti', 'Casa Giulietta']",Arena,"['Verona Tour', 'Museo Lapidario', 'Museo Radio', 'San Fermo', 'Sighseeing']",Teatro Romano,strategy_nearest,False,0.0026569366455078125,success
04AAE9429C4C80,1,"['Museo Lapidario', 'Arena', 'Torre Lamberti', 'Palazzo della Ragione']",Casa Giulietta,"['Centro Fotografia', 'Sighseeing', 'Museo Conte', 'Museo Radio', 'San Fermo']",Castelvecchio,strategy_nearest,False,0.001911163330078125,success
04AB0ABA7B3F84,4,"['Museo Lapidario', 'Arena', 'Tomba Giulietta', 'Museo Radio', 'Casa Giulietta']",Castelvecchio,"['Verona Tour', 'San Zeno', 'Sighseeing', 'Museo Miniscalchi', 'Torre Lamberti']",San Fermo,strategy_nearest,False,0.00308990478515625,success
04AB0B429C4C84,3,"['Arena', 'Casa Giulietta']",Santa Anastasia,"['AMO', 'Museo Conte', 'Palazzo della Ragione', 'Teatro Romano', 'Centro Fotografia']",Duomo,strategy_nearest,False,0.0027701854705810547,success
04AB113A9C4C80,1,"['Arena', 'Casa Giulietta', 'Torre Lamberti', 'Palazzo della Ragione', 'Tomba Giulietta']",Santa Anastasia,"['AMO', 'Museo Conte', 'Teatro Romano', 'Centro Fotografia', 'Duomo']",Teatro Romano,strategy_nearest,True,0.002070188522338867,success
04AB143A9C4C84,0,"['Torre Lamberti', 'Casa Giulietta']",Duomo,"['AMO', 'Museo Miniscalchi', 'Santa Anastasia', 'Teatro Romano', 'Palazzo della Ragione']",Arena,strategy_nearest,False,0.0025110244750976562,success
04AB0C429C4C84,3,"['Torre Lamberti', 'Santa Anastasia']",Teatro Romano,"['Duomo', 'AMO', 'Palazzo della Ragione', 'Museo Conte', 'Centro Fotografia']",Duomo,strategy_nearest,True,0.004018068313598633,success
04AB1F3A9C4C80,1,"['Castelvecchio', 'San Zeno', 'Santa Anastasia']",Torre Lamberti,"['Sighseeing', 'Centro Fotografia', 'Museo Conte', 'Casa Giulietta', 'Palazzo della Ragione']",Tomba Giulietta,strategy_nearest,False,0.0025179386138916016,success
04AB283A9C4C80,3,"['Castelvecchio', 'Arena']",Torre Lamberti,"['Sighseeing', 'Centro Fotografia', 'Museo Conte', 'Casa Giulietta', 'Palazzo della Ragione']",Casa Giulietta,strategy_nearest,True,0.0026471614837646484,success
04AB1D3A9C4C80,0,['Castelvecchio'],Arena,"['Verona Tour', 'Museo Lapidario', 'Museo Radio', 'San Fermo', 'Casa Giulietta']",Casa Giulietta,strategy_nearest,True,0.003068208694458008,success
04AB1F3A9C4C84,3,"['Castelvecchio', 'Santa Anastasia']",Duomo,"['AMO', 'Museo Miniscalchi', 'Teatro Romano', 'Palazzo della Ragione', 'Museo Conte']",Casa Giulietta,strategy_nearest,False,0.003398895263671875,success
04AB33429C4C80,0,"['Arena', 'Castelvecchio']",Casa Giulietta,"['Centro Fotografia', 'Sighseeing', 'Torre Lamberti', 'Museo Conte', 'Museo Radio']",Teatro Romano,strategy_nearest,False,0.0024890899658203125,success
04AB3A429C4C80,0,['Arena'],Casa Giulietta,"['Centro Fotografia', 'Sighseeing', 'Torre Lamberti', 'Museo Conte', 'Museo Radio']",Torre Lamberti,strategy_nearest,True,0.0027620792388916016,success
04AB383A9C4C80,3,"['San Zeno', 'Castelvecchio', 'Arena']",Giardino Giusti,"['Santa Anastasia', 'Teatro Romano', 'Museo Conte', 'Centro Fotografia', 'Museo Storia']",Teatro Romano,strategy_nearest,True,0.002730131149291992,success
04AB3A3A9C4C80,0,"['Torre Lamberti', 'Arena']",Teatro Romano,"['Santa Anastasia', 'Duomo', 'AMO', 'Palazzo della Ragione', 'Museo Conte']",Giardino Giusti,strategy_nearest,False,0.003618955612182617,success
04AB3C3A9C4C80,0,['Arena'],Museo Lapidario,"['Verona Tour', 'Castelvecchio', 'Museo Radio', 'San Fermo', 'Casa Giulietta']",Castelvecchio,strategy_nearest,True,0.002196073532104492,success
04AB413A9C4C80,0,"['Arena', 'Castelvecchio', 'Casa Giulietta']",Teatro Romano,"['Santa Anastasia', 'Duomo', 'AMO', 'Palazzo della Ragione', 'Museo Conte']",San Fermo,strategy_nearest,False,0.0025949478149414062,success
04AB4B3A9C4C80,1,['San Zeno'],Arena,"['Verona Tour', 'Museo Lapidario', 'Museo Radio', 'San Fermo', 'Casa Giulietta']",Palazzo della Ragione,strategy_nearest,False,0.0032939910888671875,success
04AB4B429C4C80,0,['Casa Giulietta'],Arena,"['Verona Tour', 'Museo Lapidario', 'Museo Radio', 'San Fermo', 'Sighseeing']",Torre Lamberti,strategy_nearest,False,0.0026199817657470703,success
04AB5A429C4C80,3,"['Arena', 'Museo Lapidario']",Castelvecchio,"['Verona Tour', 'Museo Radio', 'San Zeno', 'Sighseeing', 'Museo Miniscalchi']",San Fermo,strategy_nearest,False,0.0019388198852539062,success
04AB4C3A9C4C80,0,"['Arena', 'Castelvecchio']",Teatro Romano,"['Santa Anastasia', 'Duomo', 'AMO', 'Palazzo della Ragione', 'Museo Conte']",Casa Giulietta,strategy_nearest,False,0.004080057144165039,success
04AB60429C4C80,1,"['Castelvecchio', 'Arena', 'Tomba Giulietta']",Teatro Romano,"['Santa Anastasia', 'Duomo', 'AMO', 'Palazzo della Ragione', 'Museo Conte']",Torre Lamberti,strategy_nearest,False,0.0032188892364501953,success
04AB6BC27B3F80,1,"['Torre Lamberti', 'Palazzo della Ragione']",Arena,"['Verona Tour', 'Museo Lapidario', 'Museo Radio', 'San Fermo', 'Casa Giulietta']",Castelvecchio,strategy_nearest,False,0.0029358863830566406,success
04AB6D429C4C80,0,['Arena'],San Zeno,"['Castelvecchio', 'Verona Tour', 'Museo Lapidario', 'Museo Miniscalchi', 'Sighseeing']",Castelvecchio,strategy_nearest,True,0.0034248828887939453,success
04AB75429C4C80,3,"['Castelvecchio', 'San Zeno', 'Torre Lamberti']",Arena,"['Verona Tour', 'Museo Lapidario', 'Museo Radio', 'San Fermo', 'Casa Giulietta']",Teatro Romano,strategy_nearest,False,0.0031821727752685547,success
04AB73429C4C80,1,"['Arena', 'Casa Giulietta']",Torre Lamberti,"['Sighseeing', 'Centro Fotografia', 'Museo Conte', 'Palazzo della Ragione', 'AMO']",Palazzo della Ragione,strategy_nearest,True,0.002115964889526367,success
04AB763A9C4C80,0,['Museo Lapidario'],Arena,"['Verona Tour', 'Museo Radio', 'San Fermo', 'Casa Giulietta', 'Sighseeing']",Torre Lamberti,strategy_nearest,False,0.0030641555786132812,success
04AB7F4A9C4C80,3,"['San Fermo', 'Santa Anastasia']",Duomo,"['AMO', 'Museo Miniscalchi', 'Teatro Romano', 'Palazzo della Ragione', 'Museo Conte']",Teatro Romano,strategy_nearest,True,0.0025119781494140625,success
04AB814A9C4C80,3,"['Duomo', 'Arena']",Casa Giulietta,"['Centro Fotografia', 'Sighseeing', 'Torre Lamberti', 'Museo Conte', 'Museo Radio']",Torre Lamberti,strategy_nearest,True,0.002544879913330078,success
04AB874A9C4C80,0,['Arena'],Torre Lamberti,"['Sighseeing', 'Centro Fotografia', 'Museo Conte', 'Casa Giulietta', 'Palazzo della Ragione']",Casa Giulietta,strategy_nearest,True,0.0026078224182128906,success
04AB864A9C4C80,3,"['Arena', 'Castelvecchio']",Casa Giulietta,"['Centro Fotografia', 'Sighseeing', 'Torre Lamberti', 'Museo Conte', 'Museo Radio']",Santa Anastasia,strategy_nearest,False,0.0036971569061279297,success
04AB87429C4C80,0,['Arena'],San Fermo,"['Museo Storia', 'Museo Radio', 'Casa Giulietta', 'Centro Fotografia', 'Sighseeing']",Torre Lamberti,strategy_nearest,False,0.004024028778076172,success
04AB883A9C4C80,0,['Arena'],San Fermo,"['Museo Storia', 'Museo Radio', 'Casa Giulietta', 'Centro Fotografia', 'Sighseeing']",Teatro Romano,strategy_nearest,False,0.002543210983276367,success
04AB914A9C4C80,1,"['Casa Giulietta', 'Palazzo della Ragione']",Torre Lamberti,"['Sighseeing', 'Centro Fotografia', 'Museo Conte', 'AMO', 'Museo Miniscalchi']",Duomo,strategy_nearest,False,0.0025610923767089844,success
04AB904A9C4C80,3,['Santa Anastasia'],Torre Lamberti,"['Sighseeing', 'Centro Fotografia', 'Museo Conte', 'Casa Giulietta', 'Palazzo della Ragione']",Arena,strategy_nearest,False,0.004055023193359375,success
04AB9A4A9C4C80,3,['Arena'],Santa Anastasia,"['AMO', 'Museo Conte', 'Palazzo della Ragione', 'Teatro Romano', 'Centro Fotografia']",Torre Lamberti,strategy_nearest,False,0.0019278526306152344,success
04AB9E4A9C4C80,2,"['Tomba Giulietta', 'San Fermo']",Teatro Romano,"['Santa Anastasia', 'Duomo', 'AMO', 'Palazzo della Ragione', 'Museo Conte']",Castelvecchio,strategy_nearest,False,0.0034418106079101562,success
04ABA44A9C4C80,0,['Arena'],Teatro Romano,"['Santa Anastasia', 'Duomo', 'AMO', 'Palazzo della Ragione', 'Museo Conte']",Castelvecchio,strategy_nearest,False,0.0023260116577148438,success
04ABA34A9C4C80,0,['Arena'],Torre Lamberti,"['Sighseeing', 'Centro Fotografia', 'Museo Conte', 'Casa Giulietta', 'Palazzo della Ragione']",Casa Giulietta,strategy_nearest,True,0.003114938735961914,success
04ABAA4A9C4C80,1,['Arena'],Casa Giulietta,"['Centro Fotografia', 'Sighseeing', 'Torre Lamberti', 'Museo Conte', 'Museo Radio']",Torre Lamberti,strategy_nearest,True,0.002696990966796875,success
04ABA73A9C4C80,0,['Arena'],Casa Giulietta,"['Centro Fotografia', 'Sighseeing', 'Torre Lamberti', 'Museo Conte', 'Museo Radio']",Duomo,strategy_nearest,False,0.0033500194549560547,success
04ABAE3A9C4C80,2,['Torre Lamberti'],Duomo,"['AMO', 'Museo Miniscalchi', 'Santa Anastasia', 'Teatro Romano', 'Palazzo della Ragione']",Castelvecchio,strategy_nearest,False,0.0024979114532470703,success
04ABAC3A9C4C80,1,"['Arena', 'Palazzo della Ragione']",Casa Giulietta,"['Centro Fotografia', 'Sighseeing', 'Torre Lamberti', 'Museo Conte', 'Museo Radio']",San Fermo,strategy_nearest,False,0.0031900405883789062,success
04ABB7429C4C80,3,"['Santa Anastasia', 'Duomo']",Teatro Romano,"['AMO', 'Palazzo della Ragione', 'Museo Conte', 'Centro Fotografia', 'Museo Miniscalchi']",Arena,strategy_nearest,False,0.002577066421508789,success
04ABB6429C4C80,0,"['San Zeno', 'Castelvecchio']",Arena,"['Verona Tour', 'Museo Lapidario', 'Museo Radio', 'San Fermo', 'Casa Giulietta']",Casa Giulietta,strategy_nearest,True,0.0025970935821533203,success
04ABB83A9C4C80,3,"['Arena', 'Museo Lapidario', 'Casa Giulietta']",Torre Lamberti,"['Sighseeing', 'Centro Fotografia', 'Museo Conte', 'Palazzo della Ragione', 'AMO']",Santa Anastasia,strategy_nearest,False,0.0026578903198242188,success
04ABBB3A9C4C80,1,['Arena'],Torre Lamberti,"['Sighseeing', 'Centro Fotografia', 'Museo Conte', 'Casa Giulietta', 'Palazzo della Ragione']",Palazzo della Ragione,strategy_nearest,True,0.003276824951171875,success
04ABBC3A9C4C80,2,"['Castelvecchio', 'Santa Anastasia']",Torre Lamberti,"['Sighseeing', 'Centro Fotografia', 'Museo Conte', 'Casa Giulietta', 'Palazzo della Ragione']",Casa Giulietta,strategy_nearest,True,0.0017199516296386719,success
04ABC3429C4C80,0,"['Arena', 'Museo Lapidario']",Casa Giulietta,"['Centro Fotografia', 'Sighseeing', 'Torre Lamberti', 'Museo Conte', 'Museo Radio']",Santa Anastasia,strategy_nearest,False,0.0025441646575927734,success
04ABC33A9C4C80,3,"['San Zeno', 'Arena', 'Torre Lamberti']",Santa Anastasia,"['AMO', 'Museo Conte', 'Palazzo della Ragione', 'Teatro Romano', 'Centro Fotografia']",Duomo,strategy_nearest,False,0.003303050994873047,success
04ABC8429C4C80,0,['Arena'],Casa Giulietta,"['Centro Fotografia', 'Sighseeing', 'Torre Lamberti', 'Museo Conte', 'Museo Radio']",Giardino Giusti,strategy_nearest,False,0.002557992935180664,success
04ABCA429C4C80,3,"['Arena', 'Museo Lapidario', 'Castelvecchio']",Duomo,"['AMO', 'Museo Miniscalchi', 'Santa Anastasia', 'Teatro Romano', 'Palazzo della Ragione']",Santa Anastasia,strategy_nearest,True,0.003348827362060547,success
04ABC5429C4C80,1,"['Arena', 'Museo Lapidario']",Castelvecchio,"['Verona Tour', 'Museo Radio', 'San Zeno', 'Sighseeing', 'Museo Miniscalchi']",Casa Giulietta,strategy_nearest,False,0.003464937210083008,success
04ABEB3A9C4C80,0,['Arena'],Casa Giulietta,"['Centro Fotografia', 'Sighseeing', 'Torre Lamberti', 'Museo Conte', 'Museo Radio']",Teatro Romano,strategy_nearest,False,0.002953052520751953,success
04ABFDBA7B3F80,2,"['Museo Lapidario', 'Duomo', 'Torre Lamberti']",Palazzo della Ragione,"['AMO', 'Museo Conte', 'Centro Fotografia', 'Sighseeing', 'Santa Anastasia']",Castelvecchio,strategy_nearest,False,0.003180980682373047,success
04AC09429C4C80,2,['Castelvecchio'],Casa Giulietta,"['Centro Fotografia', 'Sighseeing', 'Torre Lamberti', 'Museo Conte', 'Museo Radio']",Torre Lamberti,strategy_nearest,True,0.002047300338745117,success
04AC07429C4C80,0,['Arena'],Castelvecchio,"['Museo Lapidario', 'Verona Tour', 'Museo Radio', 'San Zeno', 'Sighseeing']",Torre Lamberti,strategy_nearest,False,0.0033707618713378906,success
04AC15C27B3F80,1,"['Casa Giulietta', 'Arena', 'Castelvecchio']",Santa Anastasia,"['AMO', 'Museo Conte', 'Palazzo della Ragione', 'Teatro Romano', 'Centro Fotografia']",Duomo,strategy_nearest,False,0.003364086151123047,success
04AC1A429C4C80,1,"['Castelvecchio', 'Arena', 'Torre Lamberti']",Palazzo della Ragione,"['AMO', 'Museo Conte', 'Centro Fotografia', 'Sighseeing', 'Santa Anastasia']",Casa Giulietta,strategy_nearest,False,0.002554178237915039,success
04AC163A9C4C80,0,['Arena'],Castelvecchio,"['Museo Lapidario', 'Verona Tour', 'Museo Radio', 'San Zeno', 'Sighseeing']",Casa Giulietta,strategy_nearest,False,0.0039010047912597656,success
04AC27429C4C84,2,['Duomo'],Santa Anastasia,"['AMO', 'Museo Conte', 'Palazzo della Ragione', 'Teatro Romano', 'Centro Fotografia']",Castelvecchio,strategy_nearest,False,0.0032389163970947266,success
04AC1E4A9C4C80,2,['Casa Giulietta'],San Zeno,"['Castelvecchio', 'Verona Tour', 'Museo Lapidario', 'Arena', 'Museo Miniscalchi']",Santa Anastasia,strategy_nearest,False,0.0025141239166259766,success
04AC29429C4C84,1,"['Arena', 'Casa Giulietta', 'Torre Lamberti']",Palazzo della Ragione,"['AMO', 'Museo Conte', 'Centro Fotografia', 'Sighseeing', 'Santa Anastasia']",San Fermo,strategy_nearest,False,0.003168821334838867,success
04AC35429C4C80,0,['Casa Giulietta'],Santa Anastasia,"['AMO', 'Museo Conte', 'Palazzo della Ragione', 'Teatro Romano', 'Centro Fotografia']",Arena,strategy_nearest,False,0.002657175064086914,success
04AC2D429C4C80,1,"['Arena', 'Casa Giulietta', 'San Fermo']",Palazzo della Ragione,"['AMO', 'Museo Conte', 'Torre Lamberti', 'Centro Fotografia', 'Sighseeing']",Torre Lamberti,strategy_nearest,True,0.002076864242553711,success
04AC2A429C4C84,3,"['Casa Giulietta', 'Arena']",Torre Lamberti,"['Sighseeing', 'Centro Fotografia', 'Museo Conte', 'Palazzo della Ragione', 'AMO']",Castelvecchio,strategy_nearest,False,0.003409147262573242,success
04AC3B4A9C4C80,3,"['Arena', 'Torre Lamberti']",Casa Giulietta,"['Centro Fotografia', 'Sighseeing', 'Museo Conte', 'Museo Radio', 'Palazzo della Ragione']",San Zeno,strategy_nearest,False,0.0032470226287841797,success
04AC56429C4C80,3,"['Castelvecchio', 'San Zeno', 'Arena']",Tomba Giulietta,"['San Fermo', 'Museo Storia', 'Museo Lapidario', 'Museo Radio', 'Verona Tour']",Casa Giulietta,strategy_nearest,False,0.002736330032348633,success
04AC65429C4C80,3,"['San Zeno', 'Castelvecchio', 'Arena']",Casa Giulietta,"['Centro Fotografia', 'Sighseeing', 'Torre Lamberti', 'Museo Conte', 'Museo Radio']",Torre Lamberti,strategy_nearest,True,0.0025708675384521484,success
04AC653A9C4C80,1,"['Arena', 'Santa Anastasia', 'Duomo']",Casa Giulietta,"['Centro Fotografia', 'Sighseeing', 'Torre Lamberti', 'Museo Conte', 'Museo Radio']",Torre Lamberti,strategy_nearest,True,0.0014672279357910156,success
04AC543A9C4C80,1,"['Arena', 'Casa Giulietta', 'Torre Lamberti', 'Palazzo della Ragione']",Santa Anastasia,"['AMO', 'Museo Conte', 'Teatro Romano', 'Centro Fotografia', 'Duomo']",Duomo,strategy_nearest,True,0.0039632320404052734,success
04AC713A9C4C80,0,['Casa Giulietta'],Torre Lamberti,"['Sighseeing', 'Centro Fotografia', 'Museo Conte', 'Palazzo della Ragione', 'AMO']",Arena,strategy_nearest,False,0.0021409988403320312,success
04AC68429C4C80,1,"['Arena', 'Museo Lapidario', 'Castelvecchio', 'Palazzo della Ragione']",Torre Lamberti,"['Sighseeing', 'Centro Fotografia', 'Museo Conte', 'Casa Giulietta', 'AMO']",Casa Giulietta,strategy_nearest,True,0.0013880729675292969,success
04AC71429C4C80,0,['Casa Giulietta'],Teatro Romano,"['Santa Anastasia', 'Duomo', 'AMO', 'Palazzo della Ragione', 'Museo Conte']",Arena,strategy_nearest,False,0.002719879150390625,success
04AC843A9C4C80,0,['Arena'],Casa Giulietta,"['Centro Fotografia', 'Sighseeing', 'Torre Lamberti', 'Museo Conte', 'Museo Radio']",Tomba Giulietta,strategy_nearest,False,0.003313302993774414,success
04AC914A9C4C80,0,['Casa Giulietta'],Arena,"['Verona Tour', 'Museo Lapidario', 'Museo Radio', 'San Fermo', 'Sighseeing']",Castelvecchio,strategy_nearest,False,0.0031511783599853516,success
04AC904A9C4C80,1,['Castelvecchio'],Arena,"['Verona Tour', 'Museo Lapidario', 'Museo Radio', 'San Fermo', 'Casa Giulietta']",Casa Giulietta,strategy_nearest,True,0.002418041229248047,success
04AC9B429C4C80,1,"['Casa Giulietta', 'Torre Lamberti', 'Palazzo della Ragione']",Arena,"['Verona Tour', 'Museo Lapidario', 'Museo Radio', 'San Fermo', 'Sighseeing']",Castelvecchio,strategy_nearest,False,0.0031387805938720703,success
04AC9D429C4C80,3,['Arena'],Casa Giulietta,"['Centro Fotografia', 'Sighseeing', 'Torre Lamberti', 'Museo Conte', 'Museo Radio']",Santa Anastasia,strategy_nearest,False,0.003227710723876953,success
04AC9F429C4C80,1,"['Teatro Romano', 'Santa Anastasia']",Palazzo della Ragione,"['AMO', 'Museo Conte', 'Torre Lamberti', 'Centro Fotografia', 'Sighseeing']",Torre Lamberti,strategy_nearest,True,0.001870870590209961,success
04AC9E4A9C4C80,2,['Tomba Giulietta'],San Fermo,"['Museo Storia', 'Museo Radio', 'Casa Giulietta', 'Centro Fotografia', 'Arena']",Casa Giulietta,strategy_nearest,True,0.0034148693084716797,success
04AC9F4A9C4C80,3,"['Arena', 'Casa Giulietta']",Torre Lamberti,"['Sighseeing', 'Centro Fotografia', 'Museo Conte', 'Palazzo della Ragione', 'AMO']",Santa Anastasia,strategy_nearest,False,0.003172159194946289,success
04ACA63A9C4C80,0,['Arena'],Casa Giulietta,"['Centro Fotografia', 'Sighseeing', 'Torre Lamberti', 'Museo Conte', 'Museo Radio']",Tomba Giulietta,strategy_nearest,False,0.0036649703979492188,success
04ACA64A9C4C80,0,['Arena'],Teatro Romano,"['Santa Anastasia', 'Duomo', 'AMO', 'Palazzo della Ragione', 'Museo Conte']",Duomo,strategy_nearest,True,0.002354145050048828,success
04ACB2429C4C80,3,"['Arena', 'Castelvecchio']",Duomo,"['AMO', 'Museo Miniscalchi', 'Santa Anastasia', 'Teatro Romano', 'Palazzo della Ragione']",Santa Anastasia,strategy_nearest,True,0.0024046897888183594,success
04ACAFC27B3F80,1,"['Torre Lamberti', 'Palazzo della Ragione']",Arena,"['Verona Tour', 'Museo Lapidario', 'Museo Radio', 'San Fermo', 'Casa Giulietta']",Castelvecchio,strategy_nearest,False,0.0035278797149658203,success
04ACB4429C4C80,0,['Castelvecchio'],Casa Giulietta,"['Centro Fotografia', 'Sighseeing', 'Torre Lamberti', 'Museo Conte', 'Museo Radio']",Arena,strategy_nearest,False,0.0031490325927734375,success
04ACB83A9C4C80,1,"['Teatro Romano', 'Duomo', 'Santa Anastasia', 'Torre Lamberti']",Palazzo della Ragione,"['AMO', 'Museo Conte', 'Centro Fotografia', 'Sighseeing', 'Museo Miniscalchi']",Casa Giulietta,strategy_nearest,False,0.0023927688598632812,success
04ACBC3A9C4C80,3,"['San Fermo', 'Casa Giulietta']",Torre Lamberti,"['Sighseeing', 'Centro Fotografia', 'Museo Conte', 'Palazzo della Ragione', 'AMO']",Duomo,strategy_nearest,False,0.0022759437561035156,success
04ACBA429C4C80,2,['Museo Lapidario'],Castelvecchio,"['Verona Tour', 'Arena', 'Museo Radio', 'San Zeno', 'Sighseeing']",Duomo,strategy_nearest,False,0.0031862258911132812,success
04ACBE3A9C4C80,3,"['Arena', 'Casa Giulietta']",Torre Lamberti,"['Sighseeing', 'Centro Fotografia', 'Museo Conte', 'Palazzo della Ragione', 'AMO']",Santa Anastasia,strategy_nearest,False,0.0023691654205322266,success
04ACC93A9C4C80,0,['Arena'],Casa Giulietta,"['Centro Fotografia', 'Sighseeing', 'Torre Lamberti', 'Museo Conte', 'Museo Radio']",Torre Lamberti,strategy_nearest,True,0.0025191307067871094,success
04ACC53A9C4C80,1,"['Castelvecchio', 'San Fermo', 'Arena']",Torre Lamberti,"['Sighseeing', 'Centro Fotografia', 'Museo Conte', 'Casa Giulietta', 'Palazzo della Ragione']",Palazzo della Ragione,strategy_nearest,True,0.004032135009765625,success
04ACE73A9C4C80,0,"['Arena', 'Torre Lamberti']",Casa Giulietta,"['Centro Fotografia', 'Sighseeing', 'Museo Conte', 'Museo Radio', 'Palazzo della Ragione']",Castelvecchio,strategy_nearest,False,0.003103971481323242,success
04ACDB3A9C4C80,0,"['Arena', 'Torre Lamberti']",Casa Giulietta,"['Centro Fotografia', 'Sighseeing', 'Museo Conte', 'Museo Radio', 'Palazzo della Ragione']",Teatro Romano,strategy_nearest,False,0.002432107925415039,success
04ACF63A9C4C80,2,['Duomo'],Santa Anastasia,"['AMO', 'Museo Conte', 'Palazzo della Ragione', 'Teatro Romano', 'Centro Fotografia']",Casa Giulietta,strategy_nearest,False,0.0034627914428710938,success
04ACFA3A9C4C80,2,"['Torre Lamberti', 'Palazzo della Ragione', 'Casa Giulietta']",Santa Anastasia,"['AMO', 'Museo Conte', 'Teatro Romano', 'Centro Fotografia', 'Duomo']",Duomo,strategy_nearest,True,0.0019998550415039062,success
04ACFC3A9C4C80,1,['Palazzo della Ragione'],Arena,"['Verona Tour', 'Museo Lapidario', 'Museo Radio', 'San Fermo', 'Casa Giulietta']",Casa Giulietta,strategy_nearest,True,0.002888202667236328,success
04AD00429C4C84,0,['Casa Giulietta'],Torre Lamberti,"['Sighseeing', 'Centro Fotografia', 'Museo Conte', 'Palazzo della Ragione', 'AMO']",Arena,strategy_nearest,False,0.0031948089599609375,success
04AD103A9C4C80,0,"['Casa Giulietta', 'Arena']",Castelvecchio,"['Museo Lapidario', 'Verona Tour', 'Museo Radio', 'San Zeno', 'Sighseeing']",Teatro Romano,strategy_nearest,False,0.0025250911712646484,success
04AD0C429C4C80,0,['Arena'],Casa Giulietta,"['Centro Fotografia', 'Sighseeing', 'Torre Lamberti', 'Museo Conte', 'Museo Radio']",Torre Lamberti,strategy_nearest,True,0.004006862640380859,success
04AD113A9C4C80,0,['Torre Lamberti'],Casa Giulietta,"['Centro Fotografia', 'Sighseeing', 'Museo Conte', 'Museo Radio', 'Palazzo della Ragione']",Arena,strategy_nearest,False,0.002672910690307617,success
04AD14429C4C84,0,['Arena'],Castelvecchio,"['Museo Lapidario', 'Verona Tour', 'Museo Radio', 'San Zeno', 'Sighseeing']",Teatro Romano,strategy_nearest,False,0.0037000179290771484,success
04AD133A9C4C80,0,['Arena'],Castelvecchio,"['Museo Lapidario', 'Verona Tour', 'Museo Radio', 'San Zeno', 'Sighseeing']",Duomo,strategy_nearest,False,0.003133058547973633,success
04AD1E3A9C4C84,1,['Arena'],Casa Giulietta,"['Centro Fotografia', 'Sighseeing', 'Torre Lamberti', 'Museo Conte', 'Museo Radio']",Palazzo della Ragione,strategy_nearest,False,0.0034749507904052734,success
04AD17429C4C80,0,['Arena'],San Fermo,"['Museo Storia', 'Museo Radio', 'Casa Giulietta', 'Centro Fotografia', 'Sighseeing']",Casa Giulietta,strategy_nearest,True,0.0026111602783203125,success
04AD20429C4C80,1,"['Arena', 'Casa Giulietta', 'Palazzo della Ragione']",Torre Lamberti,"['Sighseeing', 'Centro Fotografia', 'Museo Conte', 'AMO', 'Museo Miniscalchi']",Teatro Romano,strategy_nearest,False,0.0021860599517822266,success
04AD1F3A9C4C80,6,['Castelvecchio'],Torre Lamberti,"['Sighseeing', 'Centro Fotografia', 'Museo Conte', 'Casa Giulietta', 'Palazzo della Ragione']",Palazzo della Ragione,strategy_nearest,True,0.002809762954711914,success
04AD27C27B3F80,1,"['Casa Giulietta', 'Arena', 'Castelvecchio', 'Santa Anastasia']",Duomo,"['AMO', 'Museo Miniscalchi', 'Teatro Romano', 'Palazzo della Ragione', 'Museo Conte']",Palazzo della Ragione,strategy_nearest,True,0.002680063247680664,success
04AD403A9C4C80,1,"['Arena', 'Torre Lamberti']",Palazzo della Ragione,"['AMO', 'Museo Conte', 'Centro Fotografia', 'Sighseeing', 'Santa Anastasia']",Teatro Romano,strategy_nearest,False,0.0020990371704101562,success
04AD373A9C4C80,0,['Arena'],Casa Giulietta,"['Centro Fotografia', 'Sighseeing', 'Torre Lamberti', 'Museo Conte', 'Museo Radio']",Torre Lamberti,strategy_nearest,True,0.003392934799194336,success
04AD4C429C4C80,2,"['Santa Anastasia', 'Teatro Romano']",Duomo,"['AMO', 'Museo Miniscalchi', 'Palazzo della Ragione', 'Museo Conte', 'Torre Lamberti']",Torre Lamberti,strategy_nearest,True,0.0026433467864990234,success
04AD4F3A9C4C80,0,"['Arena', 'Casa Giulietta']",Castelvecchio,"['Museo Lapidario', 'Verona Tour', 'Museo Radio', 'San Zeno', 'Sighseeing']",Teatro Romano,strategy_nearest,False,0.003286123275756836,success
04AD51429C4C80,0,['Arena'],Castelvecchio,"['Museo Lapidario', 'Verona Tour', 'Museo Radio', 'San Zeno', 'Sighseeing']",Teatro Romano,strategy_nearest,False,0.002232074737548828,success
04AD613A9C4C80,3,"['Castelvecchio', 'San Zeno', 'Arena', 'Museo Lapidario']",Tomba Giulietta,"['San Fermo', 'Museo Storia', 'Museo Radio', 'Verona Tour', 'Casa Giulietta']",Teatro Romano,strategy_nearest,False,0.0022339820861816406,success
04AD56429C4C80,1,"['Arena', 'Casa Giulietta']",Torre Lamberti,"['Sighseeing', 'Centro Fotografia', 'Museo Conte', 'Palazzo della Ragione', 'AMO']",Palazzo della Ragione,strategy_nearest,True,0.0028607845306396484,success
04AD653A9C4C80,3,"['Arena', 'Castelvecchio', 'Duomo']",Teatro Romano,"['Santa Anastasia', 'AMO', 'Palazzo della Ragione', 'Museo Conte', 'Centro Fotografia']",Santa Anastasia,strategy_nearest,True,0.003396749496459961,success
04AD75429C4C80,0,['San Zeno'],Arena,"['Verona Tour', 'Museo Lapidario', 'Museo Radio', 'San Fermo', 'Casa Giulietta']",Torre Lamberti,strategy_nearest,False,0.003171205520629883,success
04AD833A9C4C80,0,"['Casa Giulietta', 'Tomba Giulietta']",Arena,"['Verona Tour', 'Museo Lapidario', 'Museo Radio', 'San Fermo', 'Sighseeing']",Torre Lamberti,strategy_nearest,False,0.003126859664916992,success
04AD76429C4C80,3,['Arena'],Teatro Romano,"['Santa Anastasia', 'Duomo', 'AMO', 'Palazzo della Ragione', 'Museo Conte']",Duomo,strategy_nearest,True,0.002592802047729492,success
04AD86429C4C80,1,"['Arena', 'Casa Giulietta', 'Palazzo della Ragione']",Torre Lamberti,"['Sighseeing', 'Centro Fotografia', 'Museo Conte', 'AMO', 'Museo Miniscalchi']",Santa Anastasia,strategy_nearest,False,0.0030431747436523438,success
04AD894A9C4C80,2,['Torre Lamberti'],Castelvecchio,"['Museo Lapidario', 'Verona Tour', 'Arena', 'Museo Radio', 'San Zeno']",San Zeno,strategy_nearest,True,0.001880645751953125,success
04AD89429C4C80,0,['Arena'],Casa Giulietta,"['Centro Fotografia', 'Sighseeing', 'Torre Lamberti', 'Museo Conte', 'Museo Radio']",Castelvecchio,strategy_nearest,False,0.0033452510833740234,success
04AD904A9C4C80,0,"['Casa Giulietta', 'Torre Lamberti']",Duomo,"['AMO', 'Museo Miniscalchi', 'Santa Anastasia', 'Teatro Romano', 'Palazzo della Ragione']",Arena,strategy_nearest,False,0.0026688575744628906,success
04AD954A9C4C80,0,['Arena'],Casa Giulietta,"['Centro Fotografia', 'Sighseeing', 'Torre Lamberti', 'Museo Conte', 'Museo Radio']",Palazzo della Ragione,strategy_nearest,False,0.003019094467163086,success
04AD9F429C4C80,2,['Torre Lamberti'],Casa Giulietta,"['Centro Fotografia', 'Sighseeing', 'Museo Conte', 'Museo Radio', 'Palazzo della Ragione']",Santa Anastasia,strategy_nearest,False,0.0026040077209472656,success
04ADAF429C4C80,3,['Arena'],Casa Giulietta,"['Centro Fotografia', 'Sighseeing', 'Torre Lamberti', 'Museo Conte', 'Museo Radio']",Santa Anastasia,strategy_nearest,False,0.0025370121002197266,success
04ADA8429C4C80,0,['Arena'],Casa Giulietta,"['Centro Fotografia', 'Sighseeing', 'Torre Lamberti', 'Museo Conte', 'Museo Radio']",Torre Lamberti,strategy_nearest,True,0.0032558441162109375,success
04ADB33A9C4C80,3,"['San Zeno', 'Duomo']",Santa Anastasia,"['AMO', 'Museo Conte', 'Palazzo della Ragione', 'Teatro Romano', 'Centro Fotografia']",Casa Giulietta,strategy_nearest,False,0.003337860107421875,success
04ADB5429C4C80,2,['Casa Giulietta'],Santa Anastasia,"['AMO', 'Museo Conte', 'Palazzo della Ragione', 'Teatro Romano', 'Centro Fotografia']",Duomo,strategy_nearest,False,0.002532958984375,success
04ADBC429C4C80,0,"['Arena', 'Torre Lamberti']",Casa Giulietta,"['Centro Fotografia', 'Sighseeing', 'Museo Conte', 'Museo Radio', 'Palazzo della Ragione']",San Fermo,strategy_nearest,False,0.0025877952575683594,success
04ADC3429C4C80,0,['Arena'],Casa Giulietta,"['Centro Fotografia', 'Sighseeing', 'Torre Lamberti', 'Museo Conte', 'Museo Radio']",Castelvecchio,strategy_nearest,False,0.0022401809692382812,success
04ADC43A9C4C80,0,['Arena'],Casa Giulietta,"['Centro Fotografia', 'Sighseeing', 'Torre Lamberti', 'Museo Conte', 'Museo Radio']",Castelvecchio,strategy_nearest,False,0.003246784210205078,success
04ADDF3A9C4C80,2,"['Casa Giulietta', 'Duomo', 'Teatro Romano']",Torre Lamberti,"['Sighseeing', 'Centro Fotografia', 'Museo Conte', 'Palazzo della Ragione', 'AMO']",Palazzo della Ragione,strategy_nearest,True,0.003175973892211914,success
04ADC93A9C4C80,0,['Castelvecchio'],Arena,"['Verona Tour', 'Museo Lapidario', 'Museo Radio', 'San Fermo', 'Casa Giulietta']",Casa Giulietta,strategy_nearest,True,0.003401041030883789,success
04ADF5429C4C80,1,"['Casa Giulietta', 'Casa Giulietta', 'Palazzo della Ragione']",Torre Lamberti,"['Sighseeing', 'Centro Fotografia', 'Museo Conte', 'AMO', 'Museo Miniscalchi']",Santa Anastasia,strategy_nearest,False,0.0023920536041259766,success
04ADEB429C4C80,0,"['Casa Giulietta', 'Torre Lamberti', 'Castelvecchio']",Arena,"['Verona Tour', 'Museo Lapidario', 'Museo Radio', 'San Fermo', 'Sighseeing']",Teatro Romano,strategy_nearest,False,0.0039119720458984375,success
04ADF63A9C4C80,3,['Arena'],Castelvecchio,"['Museo Lapidario', 'Verona Tour', 'Museo Radio', 'San Zeno', 'Sighseeing']",Teatro Romano,strategy_nearest,False,0.003406047821044922,success
04AE0A429C4C80,3,"['Arena', 'Casa Giulietta']",Santa Anastasia,"['AMO', 'Museo Conte', 'Palazzo della Ragione', 'Teatro Romano', 'Centro Fotografia']",Teatro Romano,strategy_nearest,True,0.002768278121948242,success
04AE0B429C4C80,0,"['Torre Lamberti', 'Casa Giulietta']",Arena,"['Verona Tour', 'Museo Lapidario', 'Museo Radio', 'San Fermo', 'Sighseeing']",Tomba Giulietta,strategy_nearest,False,0.0026187896728515625,success
04AE163A9C4C84,0,['Castelvecchio'],Arena,"['Verona Tour', 'Museo Lapidario', 'Museo Radio', 'San Fermo', 'Casa Giulietta']",Torre Lamberti,strategy_nearest,False,0.0031630992889404297,success
04AE16429C4C80,3,"['Torre Lamberti', 'Santa Anastasia', 'Duomo']",San Fermo,"['Museo Storia', 'Museo Radio', 'Casa Giulietta', 'Centro Fotografia', 'Arena']",Arena,strategy_nearest,True,0.002605915069580078,success
04AE173A9C4C84,3,"['Arena', 'Castelvecchio']",Casa Giulietta,"['Centro Fotografia', 'Sighseeing', 'Torre Lamberti', 'Museo Conte', 'Museo Radio']",Torre Lamberti,strategy_nearest,True,0.003049135208129883,success
04AE2A429C4C84,0,['Arena'],Castelvecchio,"['Museo Lapidario', 'Verona Tour', 'Museo Radio', 'San Zeno', 'Sighseeing']",Casa Giulietta,strategy_nearest,False,0.0025582313537597656,success
04AE20429C4C84,0,['Arena'],Castelvecchio,"['Museo Lapidario', 'Verona Tour', 'Museo Radio', 'San Zeno', 'Sighseeing']",Torre Lamberti,strategy_nearest,False,0.0020627975463867188,success
04AE183A9C4C80,0,['Castelvecchio'],Arena,"['Verona Tour', 'Museo Lapidario', 'Museo Radio', 'San Fermo', 'Casa Giulietta']",Casa Giulietta,strategy_nearest,True,0.004015207290649414,success
04AE1A3A9C4C80,2,['Torre Lamberti'],Palazzo della Ragione,"['AMO', 'Museo Conte', 'Centro Fotografia', 'Sighseeing', 'Santa Anastasia']",Casa Giulietta,strategy_nearest,False,0.0027282238006591797,success
04AE2C4A9C4C80,0,['Santa Anastasia'],Arena,"['Verona Tour', 'Museo Lapidario', 'Museo Radio', 'San Fermo', 'Casa Giulietta']",Castelvecchio,strategy_nearest,False,0.0028557777404785156,success
04AE35429C4C80,1,"['Arena', 'Castelvecchio']",Duomo,"['AMO', 'Museo Miniscalchi', 'Santa Anastasia', 'Teatro Romano', 'Palazzo della Ragione']",Palazzo della Ragione,strategy_nearest,True,0.0014469623565673828,success
04AE32429C4C80,3,['Arena'],Giardino Giusti,"['Santa Anastasia', 'Teatro Romano', 'Museo Conte', 'Centro Fotografia', 'Museo Storia']",Santa Anastasia,strategy_nearest,True,0.0035698413848876953,success
04AE3A4A9C4C80,2,['Teatro Romano'],Palazzo della Ragione,"['AMO', 'Museo Conte', 'Torre Lamberti', 'Centro Fotografia', 'Sighseeing']",Torre Lamberti,strategy_nearest,True,0.003545999526977539,success
04AE3E429C4C80,0,['Arena'],Casa Giulietta,"['Centro Fotografia', 'Sighseeing', 'Torre Lamberti', 'Museo Conte', 'Museo Radio']",Torre Lamberti,strategy_nearest,True,0.002244710922241211,success
04AE433A9C4C80,3,"['Teatro Romano', 'Duomo']",Casa Giulietta,"['Centro Fotografia', 'Sighseeing', 'Torre Lamberti', 'Museo Conte', 'Museo Radio']",Arena,strategy_nearest,False,0.003377199172973633,success
04AE4B3A9C4C80,0,['Arena'],Casa Giulietta,"['Centro Fotografia', 'Sighseeing', 'Torre Lamberti', 'Museo Conte', 'Museo Radio']",Castelvecchio,strategy_nearest,False,0.003977060317993164,success
04AE4B429C4C80,3,"['Castelvecchio', 'San Zeno', 'Arena']",Santa Anastasia,"['AMO', 'Museo Conte', 'Palazzo della Ragione', 'Teatro Romano', 'Centro Fotografia']",Casa Giulietta,strategy_nearest,False,0.002460956573486328,success
04AE54429C4C80,0,['Arena'],Torre Lamberti,"['Sighseeing', 'Centro Fotografia', 'Museo Conte', 'Casa Giulietta', 'Palazzo della Ragione']",Casa Giulietta,strategy_nearest,True,0.0032498836517333984,success
04AE57429C4C80,3,"['Torre Lamberti', 'Casa Giulietta', 'Arena', 'Castelvecchio']",San Zeno,"['Verona Tour', 'Museo Lapidario', 'Museo Miniscalchi', 'Sighseeing', 'Museo Radio']",Santa Anastasia,strategy_nearest,False,0.0025789737701416016,success
04AE4E429C4C80,3,"['Santa Anastasia', 'Duomo']",Torre Lamberti,"['Sighseeing', 'Centro Fotografia', 'Museo Conte', 'Casa Giulietta', 'Palazzo della Ragione']",Teatro Romano,strategy_nearest,False,0.003532886505126953,success
04AE513A9C4C80,0,['Arena'],Castelvecchio,"['Museo Lapidario', 'Verona Tour', 'Museo Radio', 'San Zeno', 'Sighseeing']",Torre Lamberti,strategy_nearest,False,0.0032989978790283203,success
04AE7E3A9C4C80,3,"['Arena', 'Casa Giulietta']",Torre Lamberti,"['Sighseeing', 'Centro Fotografia', 'Museo Conte', 'Palazzo della Ragione', 'AMO']",Santa Anastasia,strategy_nearest,False,0.0019750595092773438,success
04AE603A9C4C80,0,['Arena'],Tomba Giulietta,"['San Fermo', 'Museo Storia', 'Museo Lapidario', 'Museo Radio', 'Verona Tour']",Casa Giulietta,strategy_nearest,False,0.0012810230255126953,success
04AE7F429C4C80,2,"['Casa Giulietta', 'Torre Lamberti']",Santa Anastasia,"['AMO', 'Museo Conte', 'Palazzo della Ragione', 'Teatro Romano', 'Centro Fotografia']",Castelvecchio,strategy_nearest,False,0.002585172653198242,success
04AE833A9C4C80,1,"['Arena', 'Torre Lamberti']",Palazzo della Ragione,"['AMO', 'Museo Conte', 'Centro Fotografia', 'Sighseeing', 'Santa Anastasia']",Santa Anastasia,strategy_nearest,True,0.003184795379638672,success
04AE84429C4C80,3,"['Arena', 'Casa Giulietta']",Torre Lamberti,"['Sighseeing', 'Centro Fotografia', 'Museo Conte', 'Palazzo della Ragione', 'AMO']",Teatro Romano,strategy_nearest,False,0.002546072006225586,success
04AE883A9C4C80,0,['Arena'],Casa Giulietta,"['Centro Fotografia', 'Sighseeing', 'Torre Lamberti', 'Museo Conte', 'Museo Radio']",Santa Anastasia,strategy_nearest,False,0.003389120101928711,success
04AE8C429C4C80,0,['Arena'],Casa Giulietta,"['Centro Fotografia', 'Sighseeing', 'Torre Lamberti', 'Museo Conte', 'Museo Radio']",Torre Lamberti,strategy_nearest,True,0.0032279491424560547,success
04AE944A9C4C80,0,['Arena'],Museo Lapidario,"['Verona Tour', 'Castelvecchio', 'Museo Radio', 'San Fermo', 'Casa Giulietta']",Castelvecchio,strategy_nearest,True,0.0023221969604492188,success
04AEA24A9C4C80,3,"['Arena', 'Duomo']",Torre Lamberti,"['Sighseeing', 'Centro Fotografia', 'Museo Conte', 'Casa Giulietta', 'Palazzo della Ragione']",Casa Giulietta,strategy_nearest,True,0.0025229454040527344,success
04AEAC3A9C4C80,3,"['Tomba Giulietta', 'San Fermo', 'Casa Giulietta']",Santa Anastasia,"['AMO', 'Museo Conte', 'Palazzo della Ragione', 'Teatro Romano', 'Centro Fotografia']",Duomo,strategy_nearest,False,0.0024530887603759766,success
04AEA93A9C4C80,3,"['San Zeno', 'Castelvecchio']",Torre Lamberti,"['Sighseeing', 'Centro Fotografia', 'Museo Conte', 'Casa Giulietta', 'Palazzo della Ragione']",Santa Anastasia,strategy_nearest,False,0.0033338069915771484,success
04AEB13A9C4C80,1,['Arena'],Casa Giulietta,"['Centro Fotografia', 'Sighseeing', 'Torre Lamberti', 'Museo Conte', 'Museo Radio']",Torre Lamberti,strategy_nearest,True,0.0032219886779785156,success
04AEB33A9C4C80,3,"['Arena', 'Castelvecchio']",San Zeno,"['Verona Tour', 'Museo Lapidario', 'Museo Miniscalchi', 'Sighseeing', 'Museo Radio']",Teatro Romano,strategy_nearest,False,0.003326892852783203,success
04AEB63A9C4C80,3,['Torre Lamberti'],Santa Anastasia,"['AMO', 'Museo Conte', 'Palazzo della Ragione', 'Teatro Romano', 'Centro Fotografia']",Teatro Romano,strategy_nearest,True,0.0033020973205566406,success
04AEBC3A9C4C80,0,['Tomba Giulietta'],Arena,"['Verona Tour', 'Museo Lapidario', 'Museo Radio', 'San Fermo', 'Casa Giulietta']",Castelvecchio,strategy_nearest,False,0.0031080245971679688,success
04AEC93A9C4C80,0,['Torre Lamberti'],Casa Giulietta,"['Centro Fotografia', 'Sighseeing', 'Museo Conte', 'Museo Radio', 'Palazzo della Ragione']",Teatro Romano,strategy_nearest,False,0.001783132553100586,success
04AEC63A9C4C80,0,['Castelvecchio'],Santa Anastasia,"['AMO', 'Museo Conte', 'Palazzo della Ragione', 'Teatro Romano', 'Centro Fotografia']",Arena,strategy_nearest,False,0.003159046173095703,success
04AED13A9C4C80,1,['Arena'],Casa Giulietta,"['Centro Fotografia', 'Sighseeing', 'Torre Lamberti', 'Museo Conte', 'Museo Radio']",Torre Lamberti,strategy_nearest,True,0.0022840499877929688,success
04AECC3A9C4C80,2,['San Zeno'],Castelvecchio,"['Museo Lapidario', 'Verona Tour', 'Arena', 'Museo Radio', 'Sighseeing']",Duomo,strategy_nearest,False,0.0025870800018310547,success
04AECE429C4C80,3,"['Duomo', 'Santa Anastasia']",Torre Lamberti,"['Sighseeing', 'Centro Fotografia', 'Museo Conte', 'Casa Giulietta', 'Palazzo della Ragione']",Arena,strategy_nearest,False,0.0031392574310302734,success
04AECE3A9C4C80,0,['San Zeno'],Arena,"['Verona Tour', 'Museo Lapidario', 'Museo Radio', 'San Fermo', 'Casa Giulietta']",Duomo,strategy_nearest,False,0.0034160614013671875,success
04AEE2429C4C80,1,"['Teatro Romano', 'Duomo', 'Castelvecchio', 'Arena', 'Tomba Giulietta']",Giardino Giusti,"['Santa Anastasia', 'Museo Conte', 'Centro Fotografia', 'Museo Storia', 'AMO']",Santa Anastasia,strategy_nearest,True,0.0026590824127197266,success
04AEE43A9C4C80,0,['Arena'],Torre Lamberti,"['Sighseeing', 'Centro Fotografia', 'Museo Conte', 'Casa Giulietta', 'Palazzo della Ragione']",Casa Giulietta,strategy_nearest,True,0.0026810169219970703,success
04AED23A9C4C80,3,"['Arena', 'Casa Giulietta']",Santa Anastasia,"['AMO', 'Museo Conte', 'Palazzo della Ragione', 'Teatro Romano', 'Centro Fotografia']",Santa Anastasia,strategy_nearest,False,0.001961946487426758,success
04AEE93A9C4C80,0,['Arena'],Casa Giulietta,"['Centro Fotografia', 'Sighseeing', 'Torre Lamberti', 'Museo Conte', 'Museo Radio']",Santa Anastasia,strategy_nearest,False,0.0032389163970947266,success
04AEF63A9C4C80,2,['Torre Lamberti'],Casa Giulietta,"['Centro Fotografia', 'Sighseeing', 'Museo Conte', 'Museo Radio', 'Palazzo della Ragione']",Castelvecchio,strategy_nearest,False,0.0021800994873046875,success
04AEF73A9C4C80,3,"['Arena', 'Torre Lamberti', 'Casa Giulietta']",Santa Anastasia,"['AMO', 'Museo Conte', 'Palazzo della Ragione', 'Teatro Romano', 'Centro Fotografia']",Teatro Romano,strategy_nearest,True,0.003326892852783203,success
04AEFF429C4C80,1,"['Arena', 'Palazzo della Ragione', 'Torre Lamberti']",Giardino Giusti,"['Santa Anastasia', 'Teatro Romano', 'Museo Conte', 'Centro Fotografia', 'Museo Storia']",Teatro Romano,strategy_nearest,True,0.0026640892028808594,success
04AF01429C4C84,3,"['San Fermo', 'Arena']",Duomo,"['AMO', 'Museo Miniscalchi', 'Santa Anastasia', 'Teatro Romano', 'Palazzo della Ragione']",Torre Lamberti,strategy_nearest,False,0.0030069351196289062,success
04AEFF3A9C4C80,0,"['Arena', 'Castelvecchio']",Torre Lamberti,"['Sighseeing', 'Centro Fotografia', 'Museo Conte', 'Casa Giulietta', 'Palazzo della Ragione']",Duomo,strategy_nearest,False,0.002620220184326172,success
04AF09429C4C84,3,"['Teatro Romano', 'Santa Anastasia', 'San Zeno']",Castelvecchio,"['Museo Lapidario', 'Verona Tour', 'Arena', 'Museo Radio', 'Sighseeing']",Arena,strategy_nearest,True,0.002716064453125,success
04AF1B3A9C4C84,2,"['Torre Lamberti', 'Casa Giulietta']",Santa Anastasia,"['AMO', 'Museo Conte', 'Palazzo della Ragione', 'Teatro Romano', 'Centro Fotografia']",Duomo,strategy_nearest,False,0.0024101734161376953,success
04AF173A9C4C84,0,"['Arena', 'Museo Lapidario']",Castelvecchio,"['Verona Tour', 'Museo Radio', 'San Zeno', 'Sighseeing', 'Museo Miniscalchi']",Casa Giulietta,strategy_nearest,False,0.003306150436401367,success
04AF13429C4C80,3,['Arena'],Casa Giulietta,"['Centro Fotografia', 'Sighseeing', 'Torre Lamberti', 'Museo Conte', 'Museo Radio']",Duomo,strategy_nearest,False,0.0026650428771972656,success
04AF20429C4C84,0,['Arena'],Casa Giulietta,"['Centro Fotografia', 'Sighseeing', 'Torre Lamberti', 'Museo Conte', 'Museo Radio']",Teatro Romano,strategy_nearest,False,0.0017848014831542969,success
04AF204A9C4C80,2,"['Castelvecchio', 'Duomo']",Teatro Romano,"['Santa Anastasia', 'AMO', 'Palazzo della Ragione', 'Museo Conte', 'Centro Fotografia']",Torre Lamberti,strategy_nearest,False,0.0026731491088867188,success
04AF263A9C4C80,3,"['Arena', 'Torre Lamberti']",Casa Giulietta,"['Centro Fotografia', 'Sighseeing', 'Museo Conte', 'Museo Radio', 'Palazzo della Ragione']",Santa Anastasia,strategy_nearest,False,0.0026700496673583984,success
04AF283A9C4C80,0,['Torre Lamberti'],Casa Giulietta,"['Centro Fotografia', 'Sighseeing', 'Museo Conte', 'Museo Radio', 'Palazzo della Ragione']",Arena,strategy_nearest,False,0.003339052200317383,success
04AF33429C4C80,4,"['Arena', 'Museo Lapidario', 'Museo Radio', 'Tomba Giulietta', 'San Fermo']",Torre Lamberti,"['Sighseeing', 'Centro Fotografia', 'Museo Conte', 'Casa Giulietta', 'Palazzo della Ragione']",Torre Lamberti,strategy_nearest,False,0.0018970966339111328,success
04AF34429C4C80,2,"['Torre Lamberti', 'Casa Giulietta', 'San Fermo']",Castelvecchio,"['Museo Lapidario', 'Verona Tour', 'Arena', 'Museo Radio', 'San Zeno']",San Zeno,strategy_nearest,True,0.0030870437622070312,success
04AF2A429C4C84,3,"['Arena', 'Casa Giulietta']",Torre Lamberti,"['Sighseeing', 'Centro Fotografia', 'Museo Conte', 'Palazzo della Ragione', 'AMO']",Santa Anastasia,strategy_nearest,False,0.0032410621643066406,success
04AF37429C4C80,1,"['Arena', 'Casa Giulietta', 'Torre Lamberti']",Palazzo della Ragione,"['AMO', 'Museo Conte', 'Centro Fotografia', 'Sighseeing', 'Santa Anastasia']",Duomo,strategy_nearest,False,0.002852916717529297,success
04AF40429C4C80,1,"['Arena', 'Torre Lamberti']",Palazzo della Ragione,"['AMO', 'Museo Conte', 'Centro Fotografia', 'Sighseeing', 'Santa Anastasia']",Duomo,strategy_nearest,False,0.0019519329071044922,success
04AF38429C4C80,1,"['Arena', 'Torre Lamberti']",Palazzo della Ragione,"['AMO', 'Museo Conte', 'Centro Fotografia', 'Sighseeing', 'Santa Anastasia']",Casa Giulietta,strategy_nearest,False,0.003792285919189453,success
04AF543A9C4C80,3,"['Arena', 'Torre Lamberti']",Casa Giulietta,"['Centro Fotografia', 'Sighseeing', 'Museo Conte', 'Museo Radio', 'Palazzo della Ragione']",Santa Anastasia,strategy_nearest,False,0.002373218536376953,success
04AF52429C4C80,0,['Arena'],Castelvecchio,"['Museo Lapidario', 'Verona Tour', 'Museo Radio', 'San Zeno', 'Sighseeing']",Teatro Romano,strategy_nearest,False,0.0032536983489990234,success
04AF55429C4C80,1,"['Arena', 'Torre Lamberti']",Palazzo della Ragione,"['AMO', 'Museo Conte', 'Centro Fotografia', 'Sighseeing', 'Santa Anastasia']",Casa Giulietta,strategy_nearest,False,0.0032188892364501953,success
04AF57429C4C80,1,"['Arena', 'Casa Giulietta', 'Tomba Giulietta', 'Giardino Giusti', 'Teatro Romano']",Duomo,"['AMO', 'Museo Miniscalchi', 'Santa Anastasia', 'Palazzo della Ragione', 'Museo Conte']",Santa Anastasia,strategy_nearest,True,0.0025212764739990234,success
04AF6E429C4C80,3,"['Torre Lamberti', 'Casa Giulietta']",Santa Anastasia,"['AMO', 'Museo Conte', 'Palazzo della Ragione', 'Teatro Romano', 'Centro Fotografia']",Duomo,strategy_nearest,False,0.0032219886779785156,success
04AF72429C4C80,2,['Teatro Romano'],Santa Anastasia,"['AMO', 'Museo Conte', 'Palazzo della Ragione', 'Centro Fotografia', 'Duomo']",Casa Giulietta,strategy_nearest,False,0.0029239654541015625,success
04AF7A429C4C80,1,"['Arena', 'Museo Lapidario']",Casa Giulietta,"['Centro Fotografia', 'Sighseeing', 'Torre Lamberti', 'Museo Conte', 'Museo Radio']",Torre Lamberti,strategy_nearest,True,0.0025980472564697266,success
04AF783A9C4C80,0,"['Arena', 'Casa Giulietta']",Torre Lamberti,"['Sighseeing', 'Centro Fotografia', 'Museo Conte', 'Palazzo della Ragione', 'AMO']",Castelvecchio,strategy_nearest,False,0.0025391578674316406,success
04AF773A9C4C80,0,['Arena'],Casa Giulietta,"['Centro Fotografia', 'Sighseeing', 'Torre Lamberti', 'Museo Conte', 'Museo Radio']",Torre Lamberti,strategy_nearest,True,0.002767801284790039,success
04AF7E429C4C80,0,['Arena'],Castelvecchio,"['Museo Lapidario', 'Verona Tour', 'Museo Radio', 'San Zeno', 'Sighseeing']",Teatro Romano,strategy_nearest,False,0.0032367706298828125,success
04AF7F429C4C80,0,['Teatro Romano'],Duomo,"['AMO', 'Museo Miniscalchi', 'Santa Anastasia', 'Palazzo della Ragione', 'Museo Conte']",Castelvecchio,strategy_nearest,False,0.0025751590728759766,success
04AF85429C4C80,3,"['Arena', 'Torre Lamberti']",Casa Giulietta,"['Centro Fotografia', 'Sighseeing', 'Museo Conte', 'Museo Radio', 'Palazzo della Ragione']",Santa Anastasia,strategy_nearest,False,0.001953125,success
04AF89429C4C80,3,"['Arena', 'Casa Giulietta']",Torre Lamberti,"['Sighseeing', 'Centro Fotografia', 'Museo Conte', 'Palazzo della Ragione', 'AMO']",Santa Anastasia,strategy_nearest,False,0.002928018569946289,success
04AF8C3A9C4C80,0,"['Castelvecchio', 'Arena']",Tomba Giulietta,"['San Fermo', 'Museo Storia', 'Museo Lapidario', 'Museo Radio', 'Verona Tour']",Museo Storia,strategy_nearest,True,0.0036590099334716797,success
04AF964A9C4C80,0,['Arena'],Casa Giulietta,"['Centro Fotografia', 'Sighseeing', 'Torre Lamberti', 'Museo Conte', 'Museo Radio']",Torre Lamberti,strategy_nearest,True,0.002458810806274414,success
04AF99429C4C80,2,['Torre Lamberti'],Palazzo della Ragione,"['AMO', 'Museo Conte', 'Centro Fotografia', 'Sighseeing', 'Santa Anastasia']",Santa Anastasia,strategy_nearest,True,0.0024080276489257812,success
04AF9F429C4C80,3,['Arena'],Torre Lamberti,"['Sighseeing', 'Centro Fotografia', 'Museo Conte', 'Casa Giulietta', 'Palazzo della Ragione']",Santa Anastasia,strategy_nearest,False,0.0030651092529296875,success
04AFA9429C4C80,0,['Torre Lamberti'],Casa Giulietta,"['Centro Fotografia', 'Sighseeing', 'Museo Conte', 'Museo Radio', 'Palazzo della Ragione']",Arena,strategy_nearest,False,0.002917766571044922,success
04AFA0429C4C80,0,['Arena'],Casa Giulietta,"['Centro Fotografia', 'Sighseeing', 'Torre Lamberti', 'Museo Conte', 'Museo Radio']",Duomo,strategy_nearest,False,0.0036690235137939453,success
04AFA1429C4C80,1,"['Arena', 'Casa Giulietta']",Torre Lamberti,"['Sighseeing', 'Centro Fotografia', 'Museo Conte', 'Palazzo della Ragione', 'AMO']",Palazzo della Ragione,strategy_nearest,True,0.0036628246307373047,success
04AFAE429C4C80,1,"['Castelvecchio', 'Palazzo della Ragione']",Torre Lamberti,"['Sighseeing', 'Centro Fotografia', 'Museo Conte', 'Casa Giulietta', 'AMO']",Arena,strategy_nearest,False,0.003339052200317383,success
04AFB03A9C4C80,0,['Arena'],Casa Giulietta,"['Centro Fotografia', 'Sighseeing', 'Torre Lamberti', 'Museo Conte', 'Museo Radio']",Torre Lamberti,strategy_nearest,True,0.002048969268798828,success
04AFAC3A9C4C80,0,['Arena'],Casa Giulietta,"['Centro Fotografia', 'Sighseeing', 'Torre Lamberti', 'Museo Conte', 'Museo Radio']",Torre Lamberti,strategy_nearest,True,0.002710103988647461,success
04AFB83A9C4C80,3,"['Arena', 'Museo Lapidario', 'Casa Giulietta']",Torre Lamberti,"['Sighseeing', 'Centro Fotografia', 'Museo Conte', 'Palazzo della Ragione', 'AMO']",Santa Anastasia,strategy_nearest,False,0.003468036651611328,success
04AFBC3A9C4C80,0,['Arena'],Casa Giulietta,"['Centro Fotografia', 'Sighseeing', 'Torre Lamberti', 'Museo Conte', 'Museo Radio']",Torre Lamberti,strategy_nearest,True,0.0019192695617675781,success
04AFBF3A9C4C80,1,"['Museo Lapidario', 'Arena', 'San Fermo']",Casa Giulietta,"['Centro Fotografia', 'Sighseeing', 'Torre Lamberti', 'Museo Conte', 'Museo Radio']",Torre Lamberti,strategy_nearest,True,0.002553224563598633,success
04AFC33A9C4C80,3,"['Arena', 'Castelvecchio', 'Torre Lamberti']",Casa Giulietta,"['Centro Fotografia', 'Sighseeing', 'Museo Conte', 'Museo Radio', 'Palazzo della Ragione']",Teatro Romano,strategy_nearest,False,0.003339052200317383,success
04AFC13A9C4C80,0,['Castelvecchio'],Arena,"['Verona Tour', 'Museo Lapidario', 'Museo Radio', 'San Fermo', 'Casa Giulietta']",Casa Giulietta,strategy_nearest,True,0.0026297569274902344,success
04AFCA3A9C4C80,1,"['Arena', 'Casa Giulietta']",Palazzo della Ragione,"['AMO', 'Museo Conte', 'Torre Lamberti', 'Centro Fotografia', 'Sighseeing']",Torre Lamberti,strategy_nearest,True,0.002552032470703125,success
04AFD6429C4C80,1,['Torre Lamberti'],Palazzo della Ragione,"['AMO', 'Museo Conte', 'Centro Fotografia', 'Sighseeing', 'Santa Anastasia']",Casa Giulietta,strategy_nearest,False,0.0029630661010742188,success
04AFED3A9C4C80,1,"['Arena', 'Casa Giulietta', 'Palazzo della Ragione']",Torre Lamberti,"['Sighseeing', 'Centro Fotografia', 'Museo Conte', 'AMO', 'Museo Miniscalchi']",Santa Anastasia,strategy_nearest,False,0.0026323795318603516,success
04B0123A9C4C80,3,"['Teatro Romano', 'Arena', 'Castelvecchio']",Tomba Giulietta,"['San Fermo', 'Museo Storia', 'Museo Lapidario', 'Museo Radio', 'Verona Tour']",San Fermo,strategy_nearest,True,0.003933906555175781,success
04B0133A9C4C84,3,"['Teatro Romano', 'Duomo', 'Casa Giulietta']",San Fermo,"['Museo Storia', 'Museo Radio', 'Centro Fotografia', 'Arena', 'Sighseeing']",Giardino Giusti,strategy_nearest,False,0.0020318031311035156,success
04B016429C4C84,0,['Arena'],Casa Giulietta,"['Centro Fotografia', 'Sighseeing', 'Torre Lamberti', 'Museo Conte', 'Museo Radio']",Torre Lamberti,strategy_nearest,True,0.0031785964965820312,success
04B01D3A9C4C84,2,"['Torre Lamberti', 'Santa Anastasia']",Duomo,"['AMO', 'Museo Miniscalchi', 'Teatro Romano', 'Palazzo della Ragione', 'Museo Conte']",Teatro Romano,strategy_nearest,True,0.0026748180389404297,success
04B01C3A9C4C80,3,"['Castelvecchio', 'Arena']",Giardino Giusti,"['Santa Anastasia', 'Teatro Romano', 'Museo Conte', 'Centro Fotografia', 'Museo Storia']",Casa Giulietta,strategy_nearest,False,0.0032150745391845703,success
04B020429C4C80,3,"['Torre Lamberti', 'Santa Anastasia']",Duomo,"['AMO', 'Museo Miniscalchi', 'Teatro Romano', 'Palazzo della Ragione', 'Museo Conte']",Castelvecchio,strategy_nearest,False,0.0032520294189453125,success
04B01D429C4C84,0,['Arena'],Teatro Romano,"['Santa Anastasia', 'Duomo', 'AMO', 'Palazzo della Ragione', 'Museo Conte']",Duomo,strategy_nearest,True,0.003301858901977539,success
04B0233A9C4C84,0,"['Tomba Giulietta', 'Arena']",Castelvecchio,"['Museo Lapidario', 'Verona Tour', 'Museo Radio', 'San Zeno', 'Sighseeing']",Teatro Romano,strategy_nearest,False,0.0024602413177490234,success
04B0254A9C4C80,1,"['Casa Giulietta', 'Arena', 'Palazzo della Ragione', 'Torre Lamberti', 'Santa Anastasia']",Duomo,"['AMO', 'Museo Miniscalchi', 'Teatro Romano', 'Museo Conte', 'Centro Fotografia']",Teatro Romano,strategy_nearest,True,0.0026090145111083984,success
04B02A3A9C4C80,2,['Casa Giulietta'],Teatro Romano,"['Santa Anastasia', 'Duomo', 'AMO', 'Palazzo della Ragione', 'Museo Conte']",Giardino Giusti,strategy_nearest,False,0.002763032913208008,success
04B034429C4C80,3,"['Arena', 'Casa Giulietta']",Torre Lamberti,"['Sighseeing', 'Centro Fotografia', 'Museo Conte', 'Palazzo della Ragione', 'AMO']",Santa Anastasia,strategy_nearest,False,0.003208160400390625,success
04B0353A9C4C80,3,"['San Zeno', 'Castelvecchio', 'Arena']",San Fermo,"['Museo Storia', 'Museo Radio', 'Casa Giulietta', 'Centro Fotografia', 'Sighseeing']",Casa Giulietta,strategy_nearest,True,0.002567291259765625,success
04B0383A9C4C80,2,['Santa Anastasia'],Duomo,"['AMO', 'Museo Miniscalchi', 'Teatro Romano', 'Palazzo della Ragione', 'Museo Conte']",Castelvecchio,strategy_nearest,False,0.0029587745666503906,success
04B03F3A9C4C80,1,"['Arena', 'Palazzo della Ragione']",Torre Lamberti,"['Sighseeing', 'Centro Fotografia', 'Museo Conte', 'Casa Giulietta', 'AMO']",Giardino Giusti,strategy_nearest,False,0.0024466514587402344,success
04B03A3A9C4C80,3,"['Castelvecchio', 'Arena']",Teatro Romano,"['Santa Anastasia', 'Duomo', 'AMO', 'Palazzo della Ragione', 'Museo Conte']",Duomo,strategy_nearest,True,0.003998994827270508,success
04B0473A9C4C80,1,"['Arena', 'Casa Giulietta', 'Santa Anastasia']",Duomo,"['AMO', 'Museo Miniscalchi', 'Teatro Romano', 'Palazzo della Ragione', 'Museo Conte']",Teatro Romano,strategy_nearest,True,0.0031630992889404297,success
04B0493A9C4C80,3,"['Castelvecchio', 'Arena']",Torre Lamberti,"['Sighseeing', 'Centro Fotografia', 'Museo Conte', 'Casa Giulietta', 'Palazzo della Ragione']",Teatro Romano,strategy_nearest,False,0.003091096878051758,success
04B04B429C4C80,3,"['Torre Lamberti', 'Arena', 'Casa Giulietta', 'Castelvecchio']",Santa Anastasia,"['AMO', 'Museo Conte', 'Palazzo della Ragione', 'Teatro Romano', 'Centro Fotografia']",San Fermo,strategy_nearest,False,0.002706766128540039,success
04B052429C4C80,3,"['Arena', 'Casa Giulietta']",Torre Lamberti,"['Sighseeing', 'Centro Fotografia', 'Museo Conte', 'Palazzo della Ragione', 'AMO']",Santa Anastasia,strategy_nearest,False,0.0027871131896972656,success
04B059429C4C80,1,"['Arena', 'Casa Giulietta', 'Museo Storia']",Castelvecchio,"['Museo Lapidario', 'Verona Tour', 'Museo Radio', 'San Zeno', 'Sighseeing']",Palazzo della Ragione,strategy_nearest,False,0.0031201839447021484,success
04B060429C4C80,3,"['Arena', 'Casa Giulietta', 'Duomo']",Tomba Giulietta,"['San Fermo', 'Museo Storia', 'Museo Lapidario', 'Museo Radio', 'Verona Tour']",San Fermo,strategy_nearest,True,0.0032150745391845703,success
04B070429C4C80,3,"['Torre Lamberti', 'Duomo']",Casa Giulietta,"['Centro Fotografia', 'Sighseeing', 'Museo Conte', 'Museo Radio', 'Palazzo della Ragione']",Arena,strategy_nearest,False,0.0021147727966308594,success
04B0643A9C4C80,3,"['Arena', 'Torre Lamberti', 'Santa Anastasia']",San Fermo,"['Museo Storia', 'Museo Radio', 'Casa Giulietta', 'Centro Fotografia', 'Sighseeing']",Casa Giulietta,strategy_nearest,True,0.0034241676330566406,success
04B072429C4C80,0,"['Casa Giulietta', 'Arena']",Casa Giulietta,"['Centro Fotografia', 'Sighseeing', 'Torre Lamberti', 'Museo Conte', 'Museo Radio']",Santa Anastasia,strategy_nearest,False,0.003317117691040039,success
04B0763A9C4C80,2,"['Casa Giulietta', 'Teatro Romano', 'Duomo', 'Santa Anastasia']",Palazzo della Ragione,"['AMO', 'Museo Conte', 'Torre Lamberti', 'Centro Fotografia', 'Sighseeing']",Torre Lamberti,strategy_nearest,True,0.002865314483642578,success
04B079429C4C80,0,['Arena'],Casa Giulietta,"['Centro Fotografia', 'Sighseeing', 'Torre Lamberti', 'Museo Conte', 'Museo Radio']",Torre Lamberti,strategy_nearest,True,0.0019240379333496094,success
04B0794A9C4C80,1,"['San Fermo', 'Torre Lamberti', 'Palazzo della Ragione']",Santa Anastasia,"['AMO', 'Museo Conte', 'Teatro Romano', 'Centro Fotografia', 'Duomo']",Duomo,strategy_nearest,True,0.0031850337982177734,success
04B0793A9C4C80,3,"['Arena', 'San Fermo', 'Torre Lamberti']",Santa Anastasia,"['AMO', 'Museo Conte', 'Palazzo della Ragione', 'Teatro Romano', 'Centro Fotografia']",Giardino Giusti,strategy_nearest,False,0.0039789676666259766,success
04B0853A9C4C80,3,"['Teatro Romano', 'Arena', 'Castelvecchio']",Museo Lapidario,"['Verona Tour', 'Museo Radio', 'San Fermo', 'Casa Giulietta', 'Tomba Giulietta']",San Fermo,strategy_nearest,True,0.003354787826538086,success
04B09D429C4C80,1,"['Arena', 'Casa Giulietta', 'Santa Anastasia']",Torre Lamberti,"['Sighseeing', 'Centro Fotografia', 'Museo Conte', 'Palazzo della Ragione', 'AMO']",Duomo,strategy_nearest,False,0.0018930435180664062,success
04B09B429C4C80,1,"['Arena', 'Casa Giulietta']",Torre Lamberti,"['Sighseeing', 'Centro Fotografia', 'Museo Conte', 'Palazzo della Ragione', 'AMO']",Palazzo della Ragione,strategy_nearest,True,0.0033600330352783203,success
04B08E3A9C4C80,1,"['Arena', 'Casa Giulietta']",Palazzo della Ragione,"['AMO', 'Museo Conte', 'Torre Lamberti', 'Centro Fotografia', 'Sighseeing']",Torre Lamberti,strategy_nearest,True,0.0027740001678466797,success
04B0A54A9C4C80,4,"['Museo Lapidario', 'Arena', 'Tomba Giulietta', 'Museo Radio', 'San Fermo']",Torre Lamberti,"['Sighseeing', 'Centro Fotografia', 'Museo Conte', 'Casa Giulietta', 'Palazzo della Ragione']",Palazzo della Ragione,strategy_nearest,True,0.0025610923767089844,success
04B0A0429C4C80,3,"['Arena', 'Casa Giulietta']",Santa Anastasia,"['AMO', 'Museo Conte', 'Palazzo della Ragione', 'Teatro Romano', 'Centro Fotografia']",Duomo,strategy_nearest,False,0.003119945526123047,success
04B0A04A9C4C80,2,['Torre Lamberti'],Casa Giulietta,"['Centro Fotografia', 'Sighseeing', 'Museo Conte', 'Museo Radio', 'Palazzo della Ragione']",Tomba Giulietta,strategy_nearest,False,0.002532958984375,success
04B0A63A9C4C80,0,['Arena'],Casa Giulietta,"['Centro Fotografia', 'Sighseeing', 'Torre Lamberti', 'Museo Conte', 'Museo Radio']",Torre Lamberti,strategy_nearest,True,0.003336191177368164,success
04B0A73A9C4C80,0,['Arena'],San Fermo,"['Museo Storia', 'Museo Radio', 'Casa Giulietta', 'Centro Fotografia', 'Sighseeing']",Casa Giulietta,strategy_nearest,True,0.0019309520721435547,success
04B0A64A9C4C80,0,"['Tomba Giulietta', 'Teatro Romano']",Torre Lamberti,"['Sighseeing', 'Centro Fotografia', 'Museo Conte', 'Casa Giulietta', 'Palazzo della Ragione']",Arena,strategy_nearest,False,0.0025742053985595703,success
04B0A83A9C4C80,3,"['Arena', 'Casa Giulietta']",Torre Lamberti,"['Sighseeing', 'Centro Fotografia', 'Museo Conte', 'Palazzo della Ragione', 'AMO']",Teatro Romano,strategy_nearest,False,0.003376007080078125,success
04B0A93A9C4C80,1,['Arena'],Torre Lamberti,"['Sighseeing', 'Centro Fotografia', 'Museo Conte', 'Casa Giulietta', 'Palazzo della Ragione']",Palazzo della Ragione,strategy_nearest,True,0.002683877944946289,success
04B0AF429C4C80,1,"['Museo Lapidario', 'Arena']",Palazzo della Ragione,"['AMO', 'Museo Conte', 'Torre Lamberti', 'Centro Fotografia', 'Sighseeing']",Torre Lamberti,strategy_nearest,True,0.002321004867553711,success
04B0AC429C4C80,0,['Casa Giulietta'],Tomba Giulietta,"['San Fermo', 'Museo Storia', 'Arena', 'Museo Lapidario', 'Museo Radio']",Arena,strategy_nearest,True,0.0030469894409179688,success
04B0C93A9C4C80,0,"['Arena', 'Casa Giulietta']",Teatro Romano,"['Santa Anastasia', 'Duomo', 'AMO', 'Palazzo della Ragione', 'Museo Conte']",Castelvecchio,strategy_nearest,False,0.002438783645629883,success
04B0B0429C4C80,0,"['Arena', 'Tomba Giulietta']",Casa Giulietta,"['Centro Fotografia', 'Sighseeing', 'Torre Lamberti', 'Museo Conte', 'Museo Radio']",Teatro Romano,strategy_nearest,False,0.0029730796813964844,success
04B0BB429C4C80,3,['Duomo'],San Fermo,"['Museo Storia', 'Museo Radio', 'Casa Giulietta', 'Centro Fotografia', 'Arena']",Arena,strategy_nearest,True,0.003155231475830078,success
04B0CC3A9C4C80,1,['Arena'],Castelvecchio,"['Museo Lapidario', 'Verona Tour', 'Museo Radio', 'San Zeno', 'Sighseeing']",Santa Anastasia,strategy_nearest,False,0.003004312515258789,success
04B0CC429C4C80,1,"['Arena', 'Casa Giulietta', 'Palazzo della Ragione', 'Torre Lamberti']",San Fermo,"['Museo Storia', 'Museo Radio', 'Centro Fotografia', 'Sighseeing', 'Museo Conte']",Santa Anastasia,strategy_nearest,False,0.0017180442810058594,success
04B0D2429C4C80,3,"['Arena', 'Casa Giulietta']",Santa Anastasia,"['AMO', 'Museo Conte', 'Palazzo della Ragione', 'Teatro Romano', 'Centro Fotografia']",Duomo,strategy_nearest,False,0.002471923828125,success
04B0D1429C4C80,0,['Casa Giulietta'],Teatro Romano,"['Santa Anastasia', 'Duomo', 'AMO', 'Palazzo della Ragione', 'Museo Conte']",Giardino Giusti,strategy_nearest,False,0.0026140213012695312,success
04B0D6429C4C80,1,"['Torre Lamberti', 'Palazzo della Ragione', 'Santa Anastasia', 'Casa Giulietta']",Tomba Giulietta,"['San Fermo', 'Museo Storia', 'Arena', 'Museo Lapidario', 'Museo Radio']",Arena,strategy_nearest,True,0.002590179443359375,success
04B0E33A9C4C80,3,"['Arena', 'Casa Giulietta']",San Fermo,"['Museo Storia', 'Museo Radio', 'Centro Fotografia', 'Sighseeing', 'Torre Lamberti']",Torre Lamberti,strategy_nearest,True,0.0026607513427734375,success
04B0E03A9C4C80,1,"['Duomo', 'Castelvecchio', 'Palazzo della Ragione', 'Arena']",Santa Anastasia,"['AMO', 'Museo Conte', 'Teatro Romano', 'Centro Fotografia', 'Torre Lamberti']",Teatro Romano,strategy_nearest,True,0.003309965133666992,success
04B0E7429C4C80,0,"['Castelvecchio', 'Arena']",Torre Lamberti,"['Sighseeing', 'Centro Fotografia', 'Museo Conte', 'Casa Giulietta', 'Palazzo della Ragione']",San Fermo,strategy_nearest,False,0.003256082534790039,success
04B0F53A9C4C80,0,['Arena'],Castelvecchio,"['Museo Lapidario', 'Verona Tour', 'Museo Radio', 'San Zeno', 'Sighseeing']",Torre Lamberti,strategy_nearest,False,0.003268003463745117,success
04B0E9429C4C80,1,"['Arena', 'Casa Giulietta']",Torre Lamberti,"['Sighseeing', 'Centro Fotografia', 'Museo Conte', 'Palazzo della Ragione', 'AMO']",Palazzo della Ragione,strategy_nearest,True,0.0027480125427246094,success
04B0EF3A9C4C80,1,['Arena'],Casa Giulietta,"['Centro Fotografia', 'Sighseeing', 'Torre Lamberti', 'Museo Conte', 'Museo Radio']",Palazzo della Ragione,strategy_nearest,False,0.0021381378173828125,success
04B0FB429C4C80,3,"['Casa Giulietta', 'Arena', 'Santa Anastasia']",Duomo,"['AMO', 'Museo Miniscalchi', 'Teatro Romano', 'Palazzo della Ragione', 'Museo Conte']",Teatro Romano,strategy_nearest,True,0.0032460689544677734,success
04B101429C4C84,3,"['San Fermo', 'Casa Giulietta', 'Santa Anastasia', 'Teatro Romano']",San Zeno,"['Castelvecchio', 'Verona Tour', 'Museo Lapidario', 'Arena', 'Museo Miniscalchi']",Castelvecchio,strategy_nearest,True,0.0027756690979003906,success
04B10B3A9C4C84,0,"['Castelvecchio', 'Arena']",Duomo,"['AMO', 'Museo Miniscalchi', 'Santa Anastasia', 'Teatro Romano', 'Palazzo della Ragione']",Teatro Romano,strategy_nearest,True,0.0028760433197021484,success
04B10A3A9C4C84,1,"['San Fermo', 'Giardino Giusti']",Arena,"['Verona Tour', 'Museo Lapidario', 'Museo Radio', 'Casa Giulietta', 'Sighseeing']",Duomo,strategy_nearest,False,0.002665996551513672,success
04B102429C4C84,3,"['Torre Lamberti', 'San Zeno', 'Arena']",Casa Giulietta,"['Centro Fotografia', 'Sighseeing', 'Museo Conte', 'Museo Radio', 'Palazzo della Ragione']",Santa Anastasia,strategy_nearest,False,0.0021119117736816406,success
04B10D429C4C80,0,['Castelvecchio'],Castelvecchio,"['Museo Lapidario', 'Verona Tour', 'Arena', 'Museo Radio', 'San Zeno']",Casa Giulietta,strategy_nearest,False,0.002791881561279297,success
04B113429C4C80,0,['Torre Lamberti'],Arena,"['Verona Tour', 'Museo Lapidario', 'Museo Radio', 'San Fermo', 'Casa Giulietta']",Duomo,strategy_nearest,False,0.0020210742950439453,success
04B110429C4C80,0,['Torre Lamberti'],Arena,"['Verona Tour', 'Museo Lapidario', 'Museo Radio', 'San Fermo', 'Casa Giulietta']",Castelvecchio,strategy_nearest,False,0.0034008026123046875,success
04B1133A9C4C84,1,"['Arena', 'Casa Giulietta']",Torre Lamberti,"['Sighseeing', 'Centro Fotografia', 'Museo Conte', 'Palazzo della Ragione', 'AMO']",Palazzo della Ragione,strategy_nearest,True,0.0026559829711914062,success
04B125429C4C84,0,['Arena'],Torre Lamberti,"['Sighseeing', 'Centro Fotografia', 'Museo Conte', 'Casa Giulietta', 'Palazzo della Ragione']",Tomba Giulietta,strategy_nearest,False,0.0019199848175048828,success
04B11C3A9C4C80,0,['Arena'],Casa Giulietta,"['Centro Fotografia', 'Sighseeing', 'Torre Lamberti', 'Museo Conte', 'Museo Radio']",Torre Lamberti,strategy_nearest,True,0.0033011436462402344,success
04B126429C4C80,0,"['Arena', 'Casa Giulietta']",Duomo,"['AMO', 'Museo Miniscalchi', 'Santa Anastasia', 'Teatro Romano', 'Palazzo della Ragione']",Teatro Romano,strategy_nearest,True,0.0026781558990478516,success
04B1254A9C4C80,0,['Casa Giulietta'],Arena,"['Verona Tour', 'Museo Lapidario', 'Museo Radio', 'San Fermo', 'Sighseeing']",Torre Lamberti,strategy_nearest,False,0.0033507347106933594,success
04B12B3A9C4C80,2,['Casa Giulietta'],Teatro Romano,"['Santa Anastasia', 'Duomo', 'AMO', 'Palazzo della Ragione', 'Museo Conte']",Duomo,strategy_nearest,True,0.003061056137084961,success
04B1353A9C4C80,1,"['Arena', 'Torre Lamberti', 'Palazzo della Ragione']",Museo Lapidario,"['Verona Tour', 'Castelvecchio', 'Museo Radio', 'San Fermo', 'Casa Giulietta']",Castelvecchio,strategy_nearest,True,0.0032989978790283203,success
04B12B429C4C80,3,"['Tomba Giulietta', 'San Fermo', 'Teatro Romano']",Duomo,"['AMO', 'Museo Miniscalchi', 'Santa Anastasia', 'Palazzo della Ragione', 'Museo Conte']",Casa Giulietta,strategy_nearest,False,0.00273895263671875,success
04B1413A9C4C80,3,"['San Zeno', 'Castelvecchio', 'Casa Giulietta']",Santa Anastasia,"['AMO', 'Museo Conte', 'Palazzo della Ragione', 'Teatro Romano', 'Centro Fotografia']",Duomo,strategy_nearest,False,0.0031630992889404297,success
04B1563A9C4C80,0,"['Casa Giulietta', 'Torre Lamberti']",Tomba Giulietta,"['San Fermo', 'Museo Storia', 'Arena', 'Museo Lapidario', 'Museo Radio']",Castelvecchio,strategy_nearest,False,0.0026340484619140625,success
04B154429C4C80,3,['Arena'],Castelvecchio,"['Museo Lapidario', 'Verona Tour', 'Museo Radio', 'San Zeno', 'Sighseeing']",Santa Anastasia,strategy_nearest,False,0.003396272659301758,success
04B1553A9C4C80,3,"['Casa Giulietta', 'Torre Lamberti', 'Museo Lapidario', 'Castelvecchio', 'San Zeno']",San Fermo,"['Museo Storia', 'Museo Radio', 'Centro Fotografia', 'Arena', 'Sighseeing']",Santa Anastasia,strategy_nearest,False,0.003348112106323242,success
04B1573A9C4C80,3,"['Torre Lamberti', 'Santa Anastasia']",Duomo,"['AMO', 'Museo Miniscalchi', 'Teatro Romano', 'Palazzo della Ragione', 'Museo Conte']",Arena,strategy_nearest,False,0.0034627914428710938,success
04B1623A9C4C80,1,"['Arena', 'Castelvecchio', 'Museo Lapidario']",Palazzo della Ragione,"['AMO', 'Museo Conte', 'Torre Lamberti', 'Centro Fotografia', 'Sighseeing']",Teatro Romano,strategy_nearest,False,0.002306222915649414,success
04B1673A9C4C80,1,"['Arena', 'Casa Giulietta']",Palazzo della Ragione,"['AMO', 'Museo Conte', 'Torre Lamberti', 'Centro Fotografia', 'Sighseeing']",Duomo,strategy_nearest,False,0.002499818801879883,success
04B16C429C4C80,0,['Tomba Giulietta'],Arena,"['Verona Tour', 'Museo Lapidario', 'Museo Radio', 'San Fermo', 'Casa Giulietta']",Castelvecchio,strategy_nearest,False,0.0031418800354003906,success
04B170429C4C80,0,"['Arena', 'Casa Giulietta', 'Torre Lamberti']",Teatro Romano,"['Santa Anastasia', 'Duomo', 'AMO', 'Palazzo della Ragione', 'Museo Conte']",Museo Storia,strategy_nearest,False,0.0019731521606445312,success
04B16D429C4C80,6,"['Arena', 'Casa Giulietta']",Torre Lamberti,"['Sighseeing', 'Centro Fotografia', 'Museo Conte', 'Palazzo della Ragione', 'AMO']",Teatro Romano,strategy_nearest,False,0.0033431053161621094,success
04B17A4A9C4C80,0,['Casa Giulietta'],Tomba Giulietta,"['San Fermo', 'Museo Storia', 'Arena', 'Museo Lapidario', 'Museo Radio']",Torre Lamberti,strategy_nearest,False,0.0033330917358398438,success
04B1804A9C4C80,3,"['Arena', 'Casa Giulietta']",Torre Lamberti,"['Sighseeing', 'Centro Fotografia', 'Museo Conte', 'Palazzo della Ragione', 'AMO']",Santa Anastasia,strategy_nearest,False,0.0032646656036376953,success
04B19E429C4C80,0,['Arena'],Castelvecchio,"['Museo Lapidario', 'Verona Tour', 'Museo Radio', 'San Zeno', 'Sighseeing']",Casa Giulietta,strategy_nearest,False,0.0027647018432617188,success
04B186429C4C80,0,['Torre Lamberti'],Arena,"['Verona Tour', 'Museo Lapidario', 'Museo Radio', 'San Fermo', 'Casa Giulietta']",Castelvecchio,strategy_nearest,False,0.004698753356933594,success
04B18A429C4C80,0,['Arena'],Museo Lapidario,"['Verona Tour', 'Castelvecchio', 'Museo Radio', 'San Fermo', 'Casa Giulietta']",Teatro Romano,strategy_nearest,False,0.0021190643310546875,success
04B1A0429C4C80,1,"['Arena', 'Casa Giulietta']",Torre Lamberti,"['Sighseeing', 'Centro Fotografia', 'Museo Conte', 'Palazzo della Ragione', 'AMO']",Palazzo della Ragione,strategy_nearest,True,0.0026481151580810547,success
04B1A04A9C4C80,1,['Arena'],Palazzo della Ragione,"['AMO', 'Museo Conte', 'Torre Lamberti', 'Centro Fotografia', 'Sighseeing']",Torre Lamberti,strategy_nearest,True,0.002516031265258789,success
04B1A84A9C4C80,1,['Arena'],Torre Lamberti,"['Sighseeing', 'Centro Fotografia', 'Museo Conte', 'Casa Giulietta', 'Palazzo della Ragione']",Palazzo della Ragione,strategy_nearest,True,0.002681255340576172,success
04B1A54A9C4C80,3,"['Arena', 'Casa Giulietta', 'Torre Lamberti']",Santa Anastasia,"['AMO', 'Museo Conte', 'Palazzo della Ragione', 'Teatro Romano', 'Centro Fotografia']",Duomo,strategy_nearest,False,0.0021219253540039062,success
04B1AA3A9C4C80,2,['Museo Lapidario'],Castelvecchio,"['Verona Tour', 'Arena', 'Museo Radio', 'San Zeno', 'Sighseeing']",Palazzo della Ragione,strategy_nearest,False,0.0030379295349121094,success
04B1B3429C4C80,0,['Arena'],Casa Giulietta,"['Centro Fotografia', 'Sighseeing', 'Torre Lamberti', 'Museo Conte', 'Museo Radio']",Torre Lamberti,strategy_nearest,True,0.0030117034912109375,success
04B1B73A9C4C80,1,"['Arena', 'Torre Lamberti']",Palazzo della Ragione,"['AMO', 'Museo Conte', 'Centro Fotografia', 'Sighseeing', 'Santa Anastasia']",Casa Giulietta,strategy_nearest,False,0.002457141876220703,success
04B1B6429C4C80,0,['Castelvecchio'],Arena,"['Verona Tour', 'Museo Lapidario', 'Museo Radio', 'San Fermo', 'Casa Giulietta']",Casa Giulietta,strategy_nearest,True,0.0021047592163085938,success
04B1B4429C4C80,0,['Arena'],Casa Giulietta,"['Centro Fotografia', 'Sighseeing', 'Torre Lamberti', 'Museo Conte', 'Museo Radio']",Palazzo della Ragione,strategy_nearest,False,0.004373073577880859,success
04B1B8429C4C80,0,"['Arena', 'Tomba Giulietta']",Casa Giulietta,"['Centro Fotografia', 'Sighseeing', 'Torre Lamberti', 'Museo Conte', 'Museo Radio']",Teatro Romano,strategy_nearest,False,0.0029931068420410156,success
04B1BF429C4C80,0,['Arena'],Palazzo della Ragione,"['AMO', 'Museo Conte', 'Torre Lamberti', 'Centro Fotografia', 'Sighseeing']",Casa Giulietta,strategy_nearest,False,0.0031561851501464844,success
04B1BC3A9C4C80,0,['Arena'],Casa Giulietta,"['Centro Fotografia', 'Sighseeing', 'Torre Lamberti', 'Museo Conte', 'Museo Radio']",Tomba Giulietta,strategy_nearest,False,0.002611875534057617,success
04B1C23A9C4C80,1,"['Arena', 'Castelvecchio', 'Torre Lamberti', 'Palazzo della Ragione']",Santa Anastasia,"['AMO', 'Museo Conte', 'Teatro Romano', 'Centro Fotografia', 'Duomo']",Teatro Romano,strategy_nearest,True,0.002292156219482422,success
04B1C8429C4C80,1,"['Arena', 'Casa Giulietta']",Torre Lamberti,"['Sighseeing', 'Centro Fotografia', 'Museo Conte', 'Palazzo della Ragione', 'AMO']",Palazzo della Ragione,strategy_nearest,True,0.0019168853759765625,success
04B1C53A9C4C80,0,['Arena'],San Fermo,"['Museo Storia', 'Museo Radio', 'Casa Giulietta', 'Centro Fotografia', 'Sighseeing']",Castelvecchio,strategy_nearest,False,0.004040956497192383,success
04B1CA429C4C80,3,"['Santa Anastasia', 'Duomo', 'Torre Lamberti', 'Arena']",Tomba Giulietta,"['San Fermo', 'Museo Storia', 'Museo Lapidario', 'Museo Radio', 'Verona Tour']",Casa Giulietta,strategy_nearest,False,0.003426074981689453,success
04B1D13A9C4C80,0,['Arena'],Castelvecchio,"['Museo Lapidario', 'Verona Tour', 'Museo Radio', 'San Zeno', 'Sighseeing']",Casa Giulietta,strategy_nearest,False,0.0031681060791015625,success
04B1DF3A9C4C80,2,['Casa Giulietta'],Palazzo della Ragione,"['AMO', 'Museo Conte', 'Torre Lamberti', 'Centro Fotografia', 'Sighseeing']",Torre Lamberti,strategy_nearest,True,0.002797842025756836,success
04B207429C4C80,2,"['Santa Anastasia', 'San Zeno']",Torre Lamberti,"['Sighseeing', 'Centro Fotografia', 'Museo Conte', 'Casa Giulietta', 'Palazzo della Ragione']",Palazzo della Ragione,strategy_nearest,True,0.0028159618377685547,success
04B1F63A9C4C80,2,['Casa Giulietta'],Torre Lamberti,"['Sighseeing', 'Centro Fotografia', 'Museo Conte', 'Palazzo della Ragione', 'AMO']",Palazzo della Ragione,strategy_nearest,True,0.0019948482513427734,success
04B1E13A9C4C80,3,"['Arena', 'Castelvecchio']",Teatro Romano,"['Santa Anastasia', 'Duomo', 'AMO', 'Palazzo della Ragione', 'Museo Conte']",Duomo,strategy_nearest,True,0.002936840057373047,success
04B200429C4C84,1,"['Tomba Giulietta', 'Castelvecchio', 'Arena', 'Casa Giulietta']",Palazzo della Ragione,"['AMO', 'Museo Conte', 'Torre Lamberti', 'Centro Fotografia', 'Sighseeing']",Torre Lamberti,strategy_nearest,True,0.0035359859466552734,success
04B209429C4C80,0,"['Torre Lamberti', 'Casa Giulietta']",Arena,"['Verona Tour', 'Museo Lapidario', 'Museo Radio', 'San Fermo', 'Sighseeing']",Teatro Romano,strategy_nearest,False,0.0020067691802978516,success
04B211429C4C80,2,['Torre Lamberti'],Santa Anastasia,"['AMO', 'Museo Conte', 'Palazzo della Ragione', 'Teatro Romano', 'Centro Fotografia']",Duomo,strategy_nearest,False,0.0026421546936035156,success
04B209429C4C84,1,"['Duomo', 'Santa Anastasia', 'Giardino Giusti']",Teatro Romano,"['AMO', 'Palazzo della Ragione', 'Museo Conte', 'Centro Fotografia', 'Museo Miniscalchi']",Palazzo della Ragione,strategy_nearest,True,0.0028040409088134766,success
04B20A429C4C80,3,"['Casa Giulietta', 'Arena', 'Tomba Giulietta']",Santa Anastasia,"['AMO', 'Museo Conte', 'Palazzo della Ragione', 'Teatro Romano', 'Centro Fotografia']",Duomo,strategy_nearest,False,0.0034720897674560547,success
04B2163A9C4C80,0,['Arena'],Casa Giulietta,"['Centro Fotografia', 'Sighseeing', 'Torre Lamberti', 'Museo Conte', 'Museo Radio']",Teatro Romano,strategy_nearest,False,0.0020551681518554688,success
04B2184A9C4C80,1,"['Arena', 'Castelvecchio', 'San Zeno']",Torre Lamberti,"['Sighseeing', 'Centro Fotografia', 'Museo Conte', 'Casa Giulietta', 'Palazzo della Ragione']",Palazzo della Ragione,strategy_nearest,True,0.0019452571868896484,success
04B2173A9C4C84,1,"['Arena', 'Casa Giulietta', 'Torre Lamberti']",Palazzo della Ragione,"['AMO', 'Museo Conte', 'Centro Fotografia', 'Sighseeing', 'Santa Anastasia']",Teatro Romano,strategy_nearest,False,0.0034918785095214844,success
04B21A429C4C80,2,['Casa Giulietta'],Torre Lamberti,"['Sighseeing', 'Centro Fotografia', 'Museo Conte', 'Palazzo della Ragione', 'AMO']",Palazzo della Ragione,strategy_nearest,True,0.003175020217895508,success
04B222429C4C84,1,"['Arena', 'Casa Giulietta']",Torre Lamberti,"['Sighseeing', 'Centro Fotografia', 'Museo Conte', 'Palazzo della Ragione', 'AMO']",Palazzo della Ragione,strategy_nearest,True,0.0024077892303466797,success
04B2213A9C4C84,3,['Arena'],Santa Anastasia,"['AMO', 'Museo Conte', 'Palazzo della Ragione', 'Teatro Romano', 'Centro Fotografia']",Duomo,strategy_nearest,False,0.0032122135162353516,success
04B21D3A9C4C84,3,"['Arena', 'San Fermo', 'Casa Giulietta']",Castelvecchio,"['Museo Lapidario', 'Verona Tour', 'Museo Radio', 'San Zeno', 'Sighseeing']",Santa Anastasia,strategy_nearest,False,0.003139972686767578,success
04B2224A9C4C80,3,"['San Zeno', 'Torre Lamberti']",Santa Anastasia,"['AMO', 'Museo Conte', 'Palazzo della Ragione', 'Teatro Romano', 'Centro Fotografia']",San Fermo,strategy_nearest,False,0.0019490718841552734,success
04B22A429C4C84,4,"['Casa Giulietta', 'Arena']",Tomba Giulietta,"['San Fermo', 'Museo Storia', 'Museo Lapidario', 'Museo Radio', 'Verona Tour']",Museo Radio,strategy_nearest,True,0.002712726593017578,success
04B22D429C4C80,1,"['Arena', 'Torre Lamberti', 'Palazzo della Ragione']",Castelvecchio,"['Museo Lapidario', 'Verona Tour', 'Museo Radio', 'San Zeno', 'Sighseeing']",Duomo,strategy_nearest,False,0.003275156021118164,success
04B22B3A9C4C80,3,"['Casa Giulietta', 'Torre Lamberti', 'Tomba Giulietta', 'Casa Giulietta']",Arena,"['Verona Tour', 'Museo Lapidario', 'Museo Radio', 'San Fermo', 'Sighseeing']",Castelvecchio,strategy_nearest,False,0.0026869773864746094,success
04B2353A9C4C80,3,"['Castelvecchio', 'Santa Anastasia']",Teatro Romano,"['Duomo', 'AMO', 'Palazzo della Ragione', 'Museo Conte', 'Centro Fotografia']",Torre Lamberti,strategy_nearest,False,0.00401616096496582,success
04B230429C4C80,0,"['Arena', 'Torre Lamberti']",Duomo,"['AMO', 'Museo Miniscalchi', 'Santa Anastasia', 'Teatro Romano', 'Palazzo della Ragione']",Castelvecchio,strategy_nearest,False,0.002414703369140625,success
04B23D3A9C4C80,2,"['Castelvecchio', 'San Zeno', 'Tomba Giulietta']",Museo Lapidario,"['Verona Tour', 'Arena', 'Museo Radio', 'San Fermo', 'Casa Giulietta']",Palazzo della Ragione,strategy_nearest,False,0.0033490657806396484,success
04B237429C4C80,2,"['Casa Giulietta', 'Torre Lamberti']",Palazzo della Ragione,"['AMO', 'Museo Conte', 'Centro Fotografia', 'Sighseeing', 'Santa Anastasia']",Santa Anastasia,strategy_nearest,True,0.002107858657836914,success
04B2403A9C4C80,0,"['Duomo', 'Casa Giulietta']",Torre Lamberti,"['Sighseeing', 'Centro Fotografia', 'Museo Conte', 'Palazzo della Ragione', 'AMO']",Castelvecchio,strategy_nearest,False,0.0027649402618408203,success
04B247429C4C80,1,"['Arena', 'Tomba Giulietta']",San Fermo,"['Museo Storia', 'Museo Radio', 'Casa Giulietta', 'Centro Fotografia', 'Sighseeing']",Palazzo della Ragione,strategy_nearest,False,0.002095937728881836,success
04B248429C4C80,1,"['Arena', 'Museo Lapidario', 'Torre Lamberti']",Palazzo della Ragione,"['AMO', 'Museo Conte', 'Centro Fotografia', 'Sighseeing', 'Santa Anastasia']",Casa Giulietta,strategy_nearest,False,0.0027692317962646484,success
04B2523A9C4C80,1,"['Tomba Giulietta', 'Arena']",Casa Giulietta,"['Centro Fotografia', 'Sighseeing', 'Torre Lamberti', 'Museo Conte', 'Museo Radio']",Torre Lamberti,strategy_nearest,True,0.0033788681030273438,success
04B2563A9C4C80,1,"['Arena', 'Torre Lamberti', 'Palazzo della Ragione', 'Casa Giulietta', 'Teatro Romano']",Castelvecchio,"['Museo Lapidario', 'Verona Tour', 'Museo Radio', 'San Zeno', 'Sighseeing']",Santa Anastasia,strategy_nearest,False,0.003314971923828125,success
04B25E3A9C4C80,0,"['Torre Lamberti', 'Teatro Romano']",Arena,"['Verona Tour', 'Museo Lapidario', 'Museo Radio', 'San Fermo', 'Casa Giulietta']",Tomba Giulietta,strategy_nearest,False,0.0018162727355957031,success
04B2773A9C4C80,2,['Teatro Romano'],Santa Anastasia,"['AMO', 'Museo Conte', 'Palazzo della Ragione', 'Centro Fotografia', 'Duomo']",Casa Giulietta,strategy_nearest,False,0.003329038619995117,success
04B25F3A9C4C80,1,"['Torre Lamberti', 'Palazzo della Ragione', 'Duomo']",Castelvecchio,"['Museo Lapidario', 'Verona Tour', 'Arena', 'Museo Radio', 'San Zeno']",San Zeno,strategy_nearest,True,0.0026869773864746094,success
04B2804A9C4C80,1,"['Casa Giulietta', 'Torre Lamberti']",Palazzo della Ragione,"['AMO', 'Museo Conte', 'Centro Fotografia', 'Sighseeing', 'Santa Anastasia']",Arena,strategy_nearest,False,0.002507925033569336,success
04B27B429C4C80,2,"['Casa Giulietta', 'Torre Lamberti']",Duomo,"['AMO', 'Museo Miniscalchi', 'Santa Anastasia', 'Teatro Romano', 'Palazzo della Ragione']",Santa Anastasia,strategy_nearest,True,0.0032410621643066406,success
04B2894A9C4C80,0,['Casa Giulietta'],Duomo,"['AMO', 'Museo Miniscalchi', 'Santa Anastasia', 'Teatro Romano', 'Palazzo della Ragione']",Arena,strategy_nearest,False,0.0026862621307373047,success
04B28A429C4C80,3,"['Arena', 'Duomo', 'Santa Anastasia']",Torre Lamberti,"['Sighseeing', 'Centro Fotografia', 'Museo Conte', 'Casa Giulietta', 'Palazzo della Ragione']",Casa Giulietta,strategy_nearest,True,0.003377199172973633,success
04B28F429C4C80,3,['Arena'],Santa Anastasia,"['AMO', 'Museo Conte', 'Palazzo della Ragione', 'Teatro Romano', 'Centro Fotografia']",Duomo,strategy_nearest,False,0.0032570362091064453,success
04B2934A9C4C80,1,"['Arena', 'Palazzo della Ragione']",Torre Lamberti,"['Sighseeing', 'Centro Fotografia', 'Museo Conte', 'Casa Giulietta', 'AMO']",Santa Anastasia,strategy_nearest,False,0.0026960372924804688,success
04B2A3429C4C80,0,"['Arena', 'Castelvecchio']",Casa Giulietta,"['Centro Fotografia', 'Sighseeing', 'Torre Lamberti', 'Museo Conte', 'Museo Radio']",Teatro Romano,strategy_nearest,False,0.0025289058685302734,success
04B2944A9C4C80,1,"['Duomo', 'Casa Giulietta']",Palazzo della Ragione,"['AMO', 'Museo Conte', 'Torre Lamberti', 'Centro Fotografia', 'Sighseeing']",Torre Lamberti,strategy_nearest,True,0.0036857128143310547,success
04B2AB3A9C4C80,2,['Santa Anastasia'],Duomo,"['AMO', 'Museo Miniscalchi', 'Teatro Romano', 'Palazzo della Ragione', 'Museo Conte']",Castelvecchio,strategy_nearest,False,0.0031919479370117188,success
04B2AD3A9C4C80,3,"['Tomba Giulietta', 'San Fermo', 'Casa Giulietta']",Santa Anastasia,"['AMO', 'Museo Conte', 'Palazzo della Ragione', 'Teatro Romano', 'Centro Fotografia']",Duomo,strategy_nearest,False,0.003116130828857422,success
04B2A64A9C4C80,2,"['Casa Giulietta', 'Torre Lamberti']",Palazzo della Ragione,"['AMO', 'Museo Conte', 'Centro Fotografia', 'Sighseeing', 'Santa Anastasia']",Santa Anastasia,strategy_nearest,True,0.0023958683013916016,success
04B2B13A9C4C80,2,['Duomo'],Santa Anastasia,"['AMO', 'Museo Conte', 'Palazzo della Ragione', 'Teatro Romano', 'Centro Fotografia']",Casa Giulietta,strategy_nearest,False,0.0023050308227539062,success
04B2BB429C4C80,3,"['Arena', 'Casa Giulietta']",Santa Anastasia,"['AMO', 'Museo Conte', 'Palazzo della Ragione', 'Teatro Romano', 'Centro Fotografia']",Duomo,strategy_nearest,False,0.002777099609375,success
04B2C03A9C4C80,0,['Arena'],Casa Giulietta,"['Centro Fotografia', 'Sighseeing', 'Torre Lamberti', 'Museo Conte', 'Museo Radio']",San Fermo,strategy_nearest,False,0.002672910690307617,success
04B2CA429C4C80,1,['Arena'],Palazzo della Ragione,"['AMO', 'Museo Conte', 'Torre Lamberti', 'Centro Fotografia', 'Sighseeing']",Torre Lamberti,strategy_nearest,True,0.0036008358001708984,success
04B2CB429C4C80,1,"['Arena', 'Casa Giulietta', 'Torre Lamberti']",Palazzo della Ragione,"['AMO', 'Museo Conte', 'Centro Fotografia', 'Sighseeing', 'Santa Anastasia']",Santa Anastasia,strategy_nearest,True,0.003859281539916992,success
04B2DE3A9C4C80,0,['Casa Giulietta'],Arena,"['Verona Tour', 'Museo Lapidario', 'Museo Radio', 'San Fermo', 'Sighseeing']",Castelvecchio,strategy_nearest,False,0.0025339126586914062,success
04B2DB3A9C4C80,0,"['Arena', 'Casa Giulietta']",Torre Lamberti,"['Sighseeing', 'Centro Fotografia', 'Museo Conte', 'Palazzo della Ragione', 'AMO']",Teatro Romano,strategy_nearest,False,0.001953125,success
04B2F3429C4C80,2,['Castelvecchio'],San Fermo,"['Museo Storia', 'Museo Radio', 'Casa Giulietta', 'Centro Fotografia', 'Arena']",Tomba Giulietta,strategy_nearest,False,0.0012891292572021484,success
04B2F63A9C4C80,0,['Arena'],Casa Giulietta,"['Centro Fotografia', 'Sighseeing', 'Torre Lamberti', 'Museo Conte', 'Museo Radio']",Duomo,strategy_nearest,False,0.001943826675415039,success
04B2ED3A9C4C80,0,['Arena'],Tomba Giulietta,"['San Fermo', 'Museo Storia', 'Museo Lapidario', 'Museo Radio', 'Verona Tour']",Casa Giulietta,strategy_nearest,False,0.0041048526763916016,success
04B2FB429C4C80,1,"['Casa Giulietta', 'Palazzo della Ragione', 'Torre Lamberti', 'Santa Anastasia']",Teatro Romano,"['Duomo', 'AMO', 'Museo Conte', 'Centro Fotografia', 'Museo Miniscalchi']",Giardino Giusti,strategy_nearest,False,0.003297090530395508,success
04B3173A9C4C84,3,"['San Zeno', 'Castelvecchio', 'Arena', 'Casa Giulietta']",Tomba Giulietta,"['San Fermo', 'Museo Storia', 'Museo Lapidario', 'Museo Radio', 'Verona Tour']",Santa Anastasia,strategy_nearest,False,0.002340078353881836,success
04B30F429C4C84,0,['Castelvecchio'],Arena,"['Verona Tour', 'Museo Lapidario', 'Museo Radio', 'San Fermo', 'Casa Giulietta']",Teatro Romano,strategy_nearest,False,0.003963947296142578,success
04B3183A9C4C84,0,['Castelvecchio'],Arena,"['Verona Tour', 'Museo Lapidario', 'Museo Radio', 'San Fermo', 'Casa Giulietta']",Casa Giulietta,strategy_nearest,True,0.003190755844116211,success
04B321429C4C84,1,"['Palazzo della Ragione', 'Santa Anastasia', 'Castelvecchio', 'Arena']",Museo Lapidario,"['Verona Tour', 'Museo Radio', 'San Fermo', 'Casa Giulietta', 'Tomba Giulietta']",Torre Lamberti,strategy_nearest,False,0.0032668113708496094,success
04B3193A9C4C84,2,"['Torre Lamberti', 'Casa Giulietta']",Santa Anastasia,"['AMO', 'Museo Conte', 'Palazzo della Ragione', 'Teatro Romano', 'Centro Fotografia']",Duomo,strategy_nearest,False,0.0034999847412109375,success
04B322429C4C80,0,['Arena'],Teatro Romano,"['Santa Anastasia', 'Duomo', 'AMO', 'Palazzo della Ragione', 'Museo Conte']",Torre Lamberti,strategy_nearest,False,0.002602100372314453,success
04B3283A9C4C80,0,['Torre Lamberti'],Casa Giulietta,"['Centro Fotografia', 'Sighseeing', 'Museo Conte', 'Museo Radio', 'Palazzo della Ragione']",Arena,strategy_nearest,False,0.003103971481323242,success
04B3354A9C4C80,3,"['Arena', 'Casa Giulietta']",Torre Lamberti,"['Sighseeing', 'Centro Fotografia', 'Museo Conte', 'Palazzo della Ragione', 'AMO']",Duomo,strategy_nearest,False,0.0020248889923095703,success
04B32A3A9C4C80,1,"['Casa Giulietta', 'Torre Lamberti', 'Palazzo della Ragione']",Santa Anastasia,"['AMO', 'Museo Conte', 'Teatro Romano', 'Centro Fotografia', 'Duomo']",Arena,strategy_nearest,False,0.0026471614837646484,success
04B3364A9C4C80,1,"['Arena', 'Casa Giulietta']",Torre Lamberti,"['Sighseeing', 'Centro Fotografia', 'Museo Conte', 'Palazzo della Ragione', 'AMO']",Palazzo della Ragione,strategy_nearest,True,0.0030939579010009766,success
04B3373A9C4C80,2,['San Zeno'],Castelvecchio,"['Museo Lapidario', 'Verona Tour', 'Arena', 'Museo Radio', 'Sighseeing']",Santa Anastasia,strategy_nearest,False,0.003969907760620117,success
04B34D429C4C80,3,"['Casa Giulietta', 'Torre Lamberti']",Santa Anastasia,"['AMO', 'Museo Conte', 'Palazzo della Ragione', 'Teatro Romano', 'Centro Fotografia']",Teatro Romano,strategy_nearest,True,0.0026671886444091797,success
04B3403A9C4C80,0,['Arena'],Casa Giulietta,"['Centro Fotografia', 'Sighseeing', 'Torre Lamberti', 'Museo Conte', 'Museo Radio']",Torre Lamberti,strategy_nearest,True,0.0020868778228759766,success
04B34F3A9C4C80,0,['Arena'],Casa Giulietta,"['Centro Fotografia', 'Sighseeing', 'Torre Lamberti', 'Museo Conte', 'Museo Radio']",Castelvecchio,strategy_nearest,False,0.0033216476440429688,success
04B3513A9C4C80,2,"['Museo Lapidario', 'Castelvecchio', 'Palazzo della Ragione']",Casa Giulietta,"['Centro Fotografia', 'Sighseeing', 'Torre Lamberti', 'Museo Conte', 'Museo Radio']",Teatro Romano,strategy_nearest,False,0.0031442642211914062,success
04B356429C4C80,0,['Casa Giulietta'],Torre Lamberti,"['Sighseeing', 'Centro Fotografia', 'Museo Conte', 'Palazzo della Ragione', 'AMO']",Arena,strategy_nearest,False,0.0018010139465332031,success
04B35F3A9C4C80,0,['Arena'],Teatro Romano,"['Santa Anastasia', 'Duomo', 'AMO', 'Palazzo della Ragione', 'Museo Conte']",Casa Giulietta,strategy_nearest,False,0.002687215805053711,success
04B3623A9C4C80,3,['Arena'],Torre Lamberti,"['Sighseeing', 'Centro Fotografia', 'Museo Conte', 'Casa Giulietta', 'Palazzo della Ragione']",Santa Anastasia,strategy_nearest,False,0.0023686885833740234,success
04B359429C4C80,0,['Casa Giulietta'],Tomba Giulietta,"['San Fermo', 'Museo Storia', 'Arena', 'Museo Lapidario', 'Museo Radio']",Arena,strategy_nearest,True,0.0035500526428222656,success
04B3653A9C4C80,1,"['Torre Lamberti', 'Palazzo della Ragione', 'Casa Giulietta', 'Arena']",Tomba Giulietta,"['San Fermo', 'Museo Storia', 'Museo Lapidario', 'Museo Radio', 'Verona Tour']",Castelvecchio,strategy_nearest,False,0.002974987030029297,success
04B369429C4C80,0,['Castelvecchio'],Arena,"['Verona Tour', 'Museo Lapidario', 'Museo Radio', 'San Fermo', 'Casa Giulietta']",Giardino Giusti,strategy_nearest,False,0.0026230812072753906,success
04B36D3A9C4C80,0,['Torre Lamberti'],Arena,"['Verona Tour', 'Museo Lapidario', 'Museo Radio', 'San Fermo', 'Casa Giulietta']",Casa Giulietta,strategy_nearest,True,0.002686023712158203,success
04B3773A9C4C80,0,['Casa Giulietta'],Torre Lamberti,"['Sighseeing', 'Centro Fotografia', 'Museo Conte', 'Palazzo della Ragione', 'AMO']",Arena,strategy_nearest,False,0.0030677318572998047,success
04B368429C4C80,3,['San Fermo'],Santa Anastasia,"['AMO', 'Museo Conte', 'Palazzo della Ragione', 'Teatro Romano', 'Centro Fotografia']",Arena,strategy_nearest,False,0.00286102294921875,success
04B37C429C4C80,1,['Arena'],Palazzo della Ragione,"['AMO', 'Museo Conte', 'Torre Lamberti', 'Centro Fotografia', 'Sighseeing']",Torre Lamberti,strategy_nearest,True,0.002508878707885742,success
04B37D429C4C80,2,"['Casa Giulietta', 'Torre Lamberti']",Duomo,"['AMO', 'Museo Miniscalchi', 'Santa Anastasia', 'Teatro Romano', 'Palazzo della Ragione']",Santa Anastasia,strategy_nearest,True,0.003258943557739258,success
04B3783A9C4C80,3,"['Arena', 'Castelvecchio']",Torre Lamberti,"['Sighseeing', 'Centro Fotografia', 'Museo Conte', 'Casa Giulietta', 'Palazzo della Ragione']",Santa Anastasia,strategy_nearest,False,0.0020210742950439453,success
04B37B429C4C80,0,['Casa Giulietta'],Torre Lamberti,"['Sighseeing', 'Centro Fotografia', 'Museo Conte', 'Palazzo della Ragione', 'AMO']",Arena,strategy_nearest,False,0.002588033676147461,success
04B3823A9C4C80,2,['Castelvecchio'],Casa Giulietta,"['Centro Fotografia', 'Sighseeing', 'Torre Lamberti', 'Museo Conte', 'Museo Radio']",Santa Anastasia,strategy_nearest,False,0.001962900161743164,success
04B3883A9C4C80,3,"['Arena', 'Teatro Romano']",Santa Anastasia,"['AMO', 'Museo Conte', 'Palazzo della Ragione', 'Centro Fotografia', 'Duomo']",Torre Lamberti,strategy_nearest,False,0.003269195556640625,success
04B382429C4C80,0,['Arena'],Casa Giulietta,"['Centro Fotografia', 'Sighseeing', 'Torre Lamberti', 'Museo Conte', 'Museo Radio']",Duomo,strategy_nearest,False,0.002093076705932617,success
04B3874A9C4C80,1,['Arena'],Torre Lamberti,"['Sighseeing', 'Centro Fotografia', 'Museo Conte', 'Casa Giulietta', 'Palazzo della Ragione']",Palazzo della Ragione,strategy_nearest,True,0.002711057662963867,success
04B3893A9C4C80,0,['Castelvecchio'],Arena,"['Verona Tour', 'Museo Lapidario', 'Museo Radio', 'San Fermo', 'Casa Giulietta']",Casa Giulietta,strategy_nearest,True,0.0033500194549560547,success
04B38A3A9C4C80,1,"['Arena', 'Palazzo della Ragione']",Torre Lamberti,"['Sighseeing', 'Centro Fotografia', 'Museo Conte', 'Casa Giulietta', 'AMO']",Santa Anastasia,strategy_nearest,False,0.0013620853424072266,success
04B38B3A9C4C80,1,"['Casa Giulietta', 'Arena', 'Museo Lapidario', 'Castelvecchio']",San Fermo,"['Museo Storia', 'Museo Radio', 'Centro Fotografia', 'Sighseeing', 'Torre Lamberti']",Palazzo della Ragione,strategy_nearest,False,0.0026938915252685547,success
04B3934A9C4C80,1,"['Arena', 'Casa Giulietta', 'Palazzo della Ragione']",San Zeno,"['Castelvecchio', 'Verona Tour', 'Museo Lapidario', 'Museo Miniscalchi', 'Sighseeing']",San Fermo,strategy_nearest,False,0.0033440589904785156,success
04B3944A9C4C80,3,"['San Zeno', 'Castelvecchio', 'Arena']",San Fermo,"['Museo Storia', 'Museo Radio', 'Casa Giulietta', 'Centro Fotografia', 'Sighseeing']",Torre Lamberti,strategy_nearest,False,0.002630949020385742,success
04B3A9429C4C80,0,['Arena'],Casa Giulietta,"['Centro Fotografia', 'Sighseeing', 'Torre Lamberti', 'Museo Conte', 'Museo Radio']",Teatro Romano,strategy_nearest,False,0.0026679039001464844,success
04B39C429C4C80,1,"['Arena', 'Castelvecchio']",Torre Lamberti,"['Sighseeing', 'Centro Fotografia', 'Museo Conte', 'Casa Giulietta', 'Palazzo della Ragione']",Palazzo della Ragione,strategy_nearest,True,0.0026547908782958984,success
04B3A94A9C4C80,2,"['Museo Lapidario', 'San Fermo', 'Casa Giulietta']",Palazzo della Ragione,"['AMO', 'Museo Conte', 'Torre Lamberti', 'Centro Fotografia', 'Sighseeing']",Torre Lamberti,strategy_nearest,True,0.0032358169555664062,success
04B3AB3A9C4C80,3,['Arena'],Torre Lamberti,"['Sighseeing', 'Centro Fotografia', 'Museo Conte', 'Casa Giulietta', 'Palazzo della Ragione']",Santa Anastasia,strategy_nearest,False,0.00237274169921875,success
04B3B13A9C4C80,0,['San Zeno'],Arena,"['Verona Tour', 'Museo Lapidario', 'Museo Radio', 'San Fermo', 'Casa Giulietta']",San Fermo,strategy_nearest,True,0.0019860267639160156,success
04B3B2429C4C80,1,"['Arena', 'Torre Lamberti']",Palazzo della Ragione,"['AMO', 'Museo Conte', 'Centro Fotografia', 'Sighseeing', 'Santa Anastasia']",Casa Giulietta,strategy_nearest,False,0.002952098846435547,success
04B3B73A9C4C80,0,['Arena'],Casa Giulietta,"['Centro Fotografia', 'Sighseeing', 'Torre Lamberti', 'Museo Conte', 'Museo Radio']",San Fermo,strategy_nearest,False,0.002337932586669922,success
04B3B53A9C4C80,0,"['Arena', 'Museo Lapidario']",Castelvecchio,"['Verona Tour', 'Museo Radio', 'San Zeno', 'Sighseeing', 'Museo Miniscalchi']",Torre Lamberti,strategy_nearest,False,0.0041959285736083984,success
04B3B93A9C4C80,3,"['Torre Lamberti', 'Santa Anastasia']",Duomo,"['AMO', 'Museo Miniscalchi', 'Teatro Romano', 'Palazzo della Ragione', 'Museo Conte']",Teatro Romano,strategy_nearest,True,0.0029878616333007812,success
04B3BB3A9C4C80,3,"['Santa Anastasia', 'Arena']",Castelvecchio,"['Museo Lapidario', 'Verona Tour', 'Museo Radio', 'San Zeno', 'Sighseeing']",Casa Giulietta,strategy_nearest,False,0.004773139953613281,success
04B3BF3A9C4C80,0,['Castelvecchio'],Arena,"['Verona Tour', 'Museo Lapidario', 'Museo Radio', 'San Fermo', 'Casa Giulietta']",Casa Giulietta,strategy_nearest,True,0.0024819374084472656,success
04B3C13A9C4C80,1,"['Arena', 'Casa Giulietta']",Palazzo della Ragione,"['AMO', 'Museo Conte', 'Torre Lamberti', 'Centro Fotografia', 'Sighseeing']",Castelvecchio,strategy_nearest,False,0.003366708755493164,success
04B3C6429C4C80,0,"['Arena', 'Casa Giulietta']",Torre Lamberti,"['Sighseeing', 'Centro Fotografia', 'Museo Conte', 'Palazzo della Ragione', 'AMO']",Duomo,strategy_nearest,False,0.0019991397857666016,success
04B3D3429C4C80,3,"['Arena', 'Museo Lapidario', 'Castelvecchio', 'San Fermo', 'Tomba Giulietta']",Giardino Giusti,"['Santa Anastasia', 'Teatro Romano', 'Museo Conte', 'Centro Fotografia', 'Museo Storia']",Casa Giulietta,strategy_nearest,False,0.00203704833984375,success
04B3CC3A9C4C80,1,"['Castelvecchio', 'Arena']",Palazzo della Ragione,"['AMO', 'Museo Conte', 'Torre Lamberti', 'Centro Fotografia', 'Sighseeing']",Santa Anastasia,strategy_nearest,False,0.0027136802673339844,success
04B3EB3A9C4C80,1,"['Arena', 'Casa Giulietta']",Palazzo della Ragione,"['AMO', 'Museo Conte', 'Torre Lamberti', 'Centro Fotografia', 'Sighseeing']",Torre Lamberti,strategy_nearest,True,0.002607107162475586,success
04B3F83A9C4C80,3,"['Torre Lamberti', 'Casa Giulietta', 'Arena']",Castelvecchio,"['Museo Lapidario', 'Verona Tour', 'Museo Radio', 'San Zeno', 'Sighseeing']",Giardino Giusti,strategy_nearest,False,0.0034592151641845703,success
04B3FF3A9C4C80,0,['Arena'],Casa Giulietta,"['Centro Fotografia', 'Sighseeing', 'Torre Lamberti', 'Museo Conte', 'Museo Radio']",Torre Lamberti,strategy_nearest,True,0.0027120113372802734,success
04B404429C4C84,1,"['Museo Lapidario', 'Arena', 'San Fermo', 'Tomba Giulietta']",San Zeno,"['Castelvecchio', 'Verona Tour', 'Museo Miniscalchi', 'Sighseeing', 'Museo Radio']",Castelvecchio,strategy_nearest,True,0.0028150081634521484,success
04B408429C4C80,3,"['Castelvecchio', 'Santa Anastasia', 'Duomo']",Casa Giulietta,"['Centro Fotografia', 'Sighseeing', 'Torre Lamberti', 'Museo Conte', 'Museo Radio']",San Zeno,strategy_nearest,False,0.0033521652221679688,success
04B40B429C4C80,1,"['Torre Lamberti', 'Arena']",Santa Anastasia,"['AMO', 'Museo Conte', 'Palazzo della Ragione', 'Teatro Romano', 'Centro Fotografia']",Santa Anastasia,strategy_nearest,False,0.0031189918518066406,success
04B415429C4C84,2,"['Teatro Romano', 'Santa Anastasia', 'Palazzo della Ragione']",Torre Lamberti,"['Sighseeing', 'Centro Fotografia', 'Museo Conte', 'Casa Giulietta', 'AMO']",Castelvecchio,strategy_nearest,False,0.002251863479614258,success
04B4173A9C4C84,0,['Arena'],Teatro Romano,"['Santa Anastasia', 'Duomo', 'AMO', 'Palazzo della Ragione', 'Museo Conte']",Castelvecchio,strategy_nearest,False,0.003237009048461914,success
04B4223A9C4C80,3,['Santa Anastasia'],Giardino Giusti,"['Teatro Romano', 'Museo Conte', 'Centro Fotografia', 'Museo Storia', 'AMO']",Torre Lamberti,strategy_nearest,False,0.002766132354736328,success
04B4243A9C4C84,0,['Arena'],Casa Giulietta,"['Centro Fotografia', 'Sighseeing', 'Torre Lamberti', 'Museo Conte', 'Museo Radio']",Torre Lamberti,strategy_nearest,True,0.0035657882690429688,success
04B42C4A9C4C80,0,['San Zeno'],Casa Giulietta,"['Centro Fotografia', 'Sighseeing', 'Torre Lamberti', 'Museo Conte', 'Museo Radio']",Torre Lamberti,strategy_nearest,True,0.0031540393829345703,success
04B4303A9C4C80,1,"['Arena', 'Casa Giulietta']",Palazzo della Ragione,"['AMO', 'Museo Conte', 'Torre Lamberti', 'Centro Fotografia', 'Sighseeing']",Torre Lamberti,strategy_nearest,True,0.0028138160705566406,success
04B42A3A9C4C80,0,['Castelvecchio'],Arena,"['Verona Tour', 'Museo Lapidario', 'Museo Radio', 'San Fermo', 'Casa Giulietta']",Casa Giulietta,strategy_nearest,True,0.0038030147552490234,success
04B4353A9C4C80,1,"['Arena', 'Torre Lamberti', 'Palazzo della Ragione']",Museo Lapidario,"['Verona Tour', 'Castelvecchio', 'Museo Radio', 'San Fermo', 'Casa Giulietta']",Castelvecchio,strategy_nearest,True,0.0024688243865966797,success
04B454429C4C80,3,"['Arena', 'Casa Giulietta', 'Duomo']",San Zeno,"['Castelvecchio', 'Verona Tour', 'Museo Lapidario', 'Museo Miniscalchi', 'Sighseeing']",Tomba Giulietta,strategy_nearest,False,0.0027930736541748047,success
04B435429C4C80,1,['Arena'],Casa Giulietta,"['Centro Fotografia', 'Sighseeing', 'Torre Lamberti', 'Museo Conte', 'Museo Radio']",Torre Lamberti,strategy_nearest,True,0.002209901809692383,success
04B4553A9C4C80,1,"['Arena', 'Casa Giulietta']",Torre Lamberti,"['Sighseeing', 'Centro Fotografia', 'Museo Conte', 'Palazzo della Ragione', 'AMO']",Palazzo della Ragione,strategy_nearest,True,0.003454923629760742,success
04B458429C4C80,3,['Santa Anastasia'],Teatro Romano,"['Duomo', 'AMO', 'Palazzo della Ragione', 'Museo Conte', 'Centro Fotografia']",Torre Lamberti,strategy_nearest,False,0.002827167510986328,success
04B45A3A9C4C80,2,"['Castelvecchio', 'San Zeno']",Torre Lamberti,"['Sighseeing', 'Centro Fotografia', 'Museo Conte', 'Casa Giulietta', 'Palazzo della Ragione']",Casa Giulietta,strategy_nearest,True,0.002563953399658203,success
04B468429C4C80,1,['Tomba Giulietta'],Arena,"['Verona Tour', 'Museo Lapidario', 'Museo Radio', 'San Fermo', 'Casa Giulietta']",Casa Giulietta,strategy_nearest,True,0.002445697784423828,success
04B474429C4C80,3,['Castelvecchio'],Arena,"['Verona Tour', 'Museo Lapidario', 'Museo Radio', 'San Fermo', 'Casa Giulietta']",Torre Lamberti,strategy_nearest,False,0.0025548934936523438,success
04B473429C4C80,3,['Santa Anastasia'],Duomo,"['AMO', 'Museo Miniscalchi', 'Teatro Romano', 'Palazzo della Ragione', 'Museo Conte']",Arena,strategy_nearest,False,0.0035059452056884766,success
04B4773A9C4C80,3,"['Arena', 'Casa Giulietta']",Torre Lamberti,"['Sighseeing', 'Centro Fotografia', 'Museo Conte', 'Palazzo della Ragione', 'AMO']",Teatro Romano,strategy_nearest,False,0.0034530162811279297,success
04B47D429C4C80,2,['Casa Giulietta'],Torre Lamberti,"['Sighseeing', 'Centro Fotografia', 'Museo Conte', 'Palazzo della Ragione', 'AMO']",Duomo,strategy_nearest,False,0.002666950225830078,success
04B4843A9C4C80,0,['Castelvecchio'],Torre Lamberti,"['Sighseeing', 'Centro Fotografia', 'Museo Conte', 'Casa Giulietta', 'Palazzo della Ragione']",Casa Giulietta,strategy_nearest,True,0.003136873245239258,success
04B4833A9C4C80,0,['Arena'],Casa Giulietta,"['Centro Fotografia', 'Sighseeing', 'Torre Lamberti', 'Museo Conte', 'Museo Radio']",Torre Lamberti,strategy_nearest,True,0.002460956573486328,success
04B4853A9C4C80,0,['Arena'],Casa Giulietta,"['Centro Fotografia', 'Sighseeing', 'Torre Lamberti', 'Museo Conte', 'Museo Radio']",Torre Lamberti,strategy_nearest,True,0.003237009048461914,success
04B4864A9C4C80,1,"['Casa Giulietta', 'Arena']",Museo Lapidario,"['Verona Tour', 'Castelvecchio', 'Museo Radio', 'San Fermo', 'Tomba Giulietta']",Castelvecchio,strategy_nearest,True,0.0033228397369384766,success
04B4883A9C4C80,0,['Arena'],Castelvecchio,"['Museo Lapidario', 'Verona Tour', 'Museo Radio', 'San Zeno', 'Sighseeing']",Torre Lamberti,strategy_nearest,False,0.003200054168701172,success
04B48E3A9C4C80,0,['Arena'],Casa Giulietta,"['Centro Fotografia', 'Sighseeing', 'Torre Lamberti', 'Museo Conte', 'Museo Radio']",Tomba Giulietta,strategy_nearest,False,0.0025780200958251953,success
04B4914A9C4C80,3,"['Arena', 'Castelvecchio', 'Casa Giulietta']",Santa Anastasia,"['AMO', 'Museo Conte', 'Palazzo della Ragione', 'Teatro Romano', 'Centro Fotografia']",Duomo,strategy_nearest,False,0.0023810863494873047,success
04B4924A9C4C80,3,"['Arena', 'Casa Giulietta']",Torre Lamberti,"['Sighseeing', 'Centro Fotografia', 'Museo Conte', 'Palazzo della Ragione', 'AMO']",Teatro Romano,strategy_nearest,False,0.0030269622802734375,success
04B4AE429C4C80,0,['Arena'],Torre Lamberti,"['Sighseeing', 'Centro Fotografia', 'Museo Conte', 'Casa Giulietta', 'Palazzo della Ragione']",Castelvecchio,strategy_nearest,False,0.0027756690979003906,success
04B4B83A9C4C80,3,"['Teatro Romano', 'Duomo']",Arena,"['Verona Tour', 'Museo Lapidario', 'Museo Radio', 'San Fermo', 'Casa Giulietta']",Casa Giulietta,strategy_nearest,True,0.0034270286560058594,success
04B4B93A9C4C80,3,"['Arena', 'Castelvecchio']",Casa Giulietta,"['Centro Fotografia', 'Sighseeing', 'Torre Lamberti', 'Museo Conte', 'Museo Radio']",Torre Lamberti,strategy_nearest,True,0.00272369384765625,success
04B4BD429C4C80,0,"['Arena', 'Tomba Giulietta', 'Casa Giulietta']",Museo Lapidario,"['Verona Tour', 'Castelvecchio', 'Museo Radio', 'San Fermo', 'Sighseeing']",Castelvecchio,strategy_nearest,True,0.003323793411254883,success
04B4BE3A9C4C80,3,"['Museo Lapidario', 'Arena', 'San Fermo', 'Torre Lamberti']",Santa Anastasia,"['AMO', 'Museo Conte', 'Palazzo della Ragione', 'Teatro Romano', 'Centro Fotografia']",Teatro Romano,strategy_nearest,True,0.003058195114135742,success
04B4C33A9C4C80,0,"['Castelvecchio', 'Arena']",Casa Giulietta,"['Centro Fotografia', 'Sighseeing', 'Torre Lamberti', 'Museo Conte', 'Museo Radio']",Torre Lamberti,strategy_nearest,True,0.0025599002838134766,success
04B4C43A9C4C80,3,"['Arena', 'Torre Lamberti', 'Duomo']",Teatro Romano,"['Santa Anastasia', 'AMO', 'Palazzo della Ragione', 'Museo Conte', 'Centro Fotografia']",Santa Anastasia,strategy_nearest,True,0.0025331974029541016,success
04B4CA3A9C4C80,3,['Castelvecchio'],San Zeno,"['Verona Tour', 'Museo Lapidario', 'Arena', 'Museo Miniscalchi', 'Sighseeing']",Santa Anastasia,strategy_nearest,False,0.0032711029052734375,success
04B4E83A9C4C80,1,"['Casa Giulietta', 'Torre Lamberti', 'Palazzo della Ragione']",Santa Anastasia,"['AMO', 'Museo Conte', 'Teatro Romano', 'Centro Fotografia', 'Duomo']",Teatro Romano,strategy_nearest,True,0.003287076950073242,success
04B4EA3A9C4C80,0,['Arena'],Casa Giulietta,"['Centro Fotografia', 'Sighseeing', 'Torre Lamberti', 'Museo Conte', 'Museo Radio']",Teatro Romano,strategy_nearest,False,0.0025670528411865234,success
04B4FF429C4C80,1,"['Arena', 'Casa Giulietta', 'Duomo']",Torre Lamberti,"['Sighseeing', 'Centro Fotografia', 'Museo Conte', 'Palazzo della Ragione', 'AMO']",Palazzo della Ragione,strategy_nearest,True,0.0033299922943115234,success
04B505429C4C84,3,"['Casa Giulietta', 'Arena', 'Museo Lapidario']",Castelvecchio,"['Verona Tour', 'Museo Radio', 'San Zeno', 'Sighseeing', 'Museo Miniscalchi']",Santa Anastasia,strategy_nearest,False,0.002992868423461914,success
04B508429C4C80,3,"['Duomo', 'Casa Giulietta']",Arena,"['Verona Tour', 'Museo Lapidario', 'Museo Radio', 'San Fermo', 'Sighseeing']",Torre Lamberti,strategy_nearest,False,0.003278017044067383,success
04B5093A9C4C84,0,['Arena'],Torre Lamberti,"['Sighseeing', 'Centro Fotografia', 'Museo Conte', 'Casa Giulietta', 'Palazzo della Ragione']",Casa Giulietta,strategy_nearest,True,0.002564668655395508,success
04B5243A9C4C84,0,['Arena'],Torre Lamberti,"['Sighseeing', 'Centro Fotografia', 'Museo Conte', 'Casa Giulietta', 'Palazzo della Ragione']",Casa Giulietta,strategy_nearest,True,0.0026192665100097656,success
04B515429C4C80,2,['Torre Lamberti'],Duomo,"['AMO', 'Museo Miniscalchi', 'Santa Anastasia', 'Teatro Romano', 'Palazzo della Ragione']",Giardino Giusti,strategy_nearest,False,0.0035707950592041016,success
04B51A3A9C4C80,0,['Castelvecchio'],Torre Lamberti,"['Sighseeing', 'Centro Fotografia', 'Museo Conte', 'Casa Giulietta', 'Palazzo della Ragione']",Casa Giulietta,strategy_nearest,True,0.003200054168701172,success
04B5263A9C4C80,0,['Castelvecchio'],Casa Giulietta,"['Centro Fotografia', 'Sighseeing', 'Torre Lamberti', 'Museo Conte', 'Museo Radio']",Torre Lamberti,strategy_nearest,True,0.0030319690704345703,success
04B52E3A9C4C80,1,"['Arena', 'Casa Giulietta']",Palazzo della Ragione,"['AMO', 'Museo Conte', 'Torre Lamberti', 'Centro Fotografia', 'Sighseeing']",Torre Lamberti,strategy_nearest,True,0.0026671886444091797,success
04B52C4A9C4C80,0,['Casa Giulietta'],Arena,"['Verona Tour', 'Museo Lapidario', 'Museo Radio', 'San Fermo', 'Sighseeing']",Torre Lamberti,strategy_nearest,False,0.0021240711212158203,success
04B529429C4C80,3,"['Duomo', 'Giardino Giusti', 'Teatro Romano']",Torre Lamberti,"['Sighseeing', 'Centro Fotografia', 'Museo Conte', 'Casa Giulietta', 'Palazzo della Ragione']",Santa Anastasia,strategy_nearest,False,0.0028159618377685547,success
04B5354A9C4C80,0,['San Zeno'],Castelvecchio,"['Museo Lapidario', 'Verona Tour', 'Arena', 'Museo Radio', 'Sighseeing']",Duomo,strategy_nearest,False,0.003312826156616211,success
04B54E429C4C80,2,['Casa Giulietta'],Palazzo della Ragione,"['AMO', 'Museo Conte', 'Torre Lamberti', 'Centro Fotografia', 'Sighseeing']",Torre Lamberti,strategy_nearest,True,0.0020821094512939453,success
04B53C4A9C4C80,2,"['Torre Lamberti', 'Santa Anastasia']",Castelvecchio,"['Museo Lapidario', 'Verona Tour', 'Arena', 'Museo Radio', 'San Zeno']",San Zeno,strategy_nearest,True,0.0019822120666503906,success
04B53E3A9C4C80,1,"['Arena', 'Palazzo della Ragione']",Torre Lamberti,"['Sighseeing', 'Centro Fotografia', 'Museo Conte', 'Casa Giulietta', 'AMO']",Giardino Giusti,strategy_nearest,False,0.0034172534942626953,success
04B5533A9C4C80,0,"['Arena', 'Casa Giulietta']",San Zeno,"['Castelvecchio', 'Verona Tour', 'Museo Lapidario', 'Museo Miniscalchi', 'Sighseeing']",Torre Lamberti,strategy_nearest,False,0.0032770633697509766,success
04B559429C4C80,3,"['Tomba Giulietta', 'Arena', 'San Fermo']",Casa Giulietta,"['Centro Fotografia', 'Sighseeing', 'Torre Lamberti', 'Museo Conte', 'Museo Radio']",Santa Anastasia,strategy_nearest,False,0.002723217010498047,success
04B569429C4C80,1,"['Arena', 'Casa Giulietta']",Palazzo della Ragione,"['AMO', 'Museo Conte', 'Torre Lamberti', 'Centro Fotografia', 'Sighseeing']",Santa Anastasia,strategy_nearest,False,0.0021059513092041016,success
04B553429C4C80,1,"['Torre Lamberti', 'Palazzo della Ragione', 'Santa Anastasia', 'Casa Giulietta']",Arena,"['Verona Tour', 'Museo Lapidario', 'Museo Radio', 'San Fermo', 'Sighseeing']",Castelvecchio,strategy_nearest,False,0.00467991828918457,success
04B567429C4C80,3,"['Arena', 'Casa Giulietta']",Torre Lamberti,"['Sighseeing', 'Centro Fotografia', 'Museo Conte', 'Palazzo della Ragione', 'AMO']",Santa Anastasia,strategy_nearest,False,0.0013668537139892578,success
04B56B429C4C80,3,"['Arena', 'Casa Giulietta', 'San Fermo']",Santa Anastasia,"['AMO', 'Museo Conte', 'Palazzo della Ragione', 'Teatro Romano', 'Centro Fotografia']",Duomo,strategy_nearest,False,0.0017800331115722656,success
04B570429C4C80,3,"['Castelvecchio', 'Duomo']",Teatro Romano,"['Santa Anastasia', 'AMO', 'Palazzo della Ragione', 'Museo Conte', 'Centro Fotografia']",Torre Lamberti,strategy_nearest,False,0.00189208984375,success
04B576429C4C80,3,"['Arena', 'Torre Lamberti', 'Santa Anastasia', 'Duomo']",Teatro Romano,"['AMO', 'Palazzo della Ragione', 'Museo Conte', 'Centro Fotografia', 'Museo Miniscalchi']",Castelvecchio,strategy_nearest,False,0.0028228759765625,success
04B5824A9C4C80,3,"['Casa Giulietta', 'Torre Lamberti', 'Santa Anastasia', 'Teatro Romano']",Arena,"['Verona Tour', 'Museo Lapidario', 'Museo Radio', 'San Fermo', 'Sighseeing']",Castelvecchio,strategy_nearest,False,0.003612041473388672,success
04B5843A9C4C80,3,['Arena'],Castelvecchio,"['Museo Lapidario', 'Verona Tour', 'Museo Radio', 'San Zeno', 'Sighseeing']",Santa Anastasia,strategy_nearest,False,0.0025320053100585938,success
04B5844A9C4C80,0,['Arena'],Torre Lamberti,"['Sighseeing', 'Centro Fotografia', 'Museo Conte', 'Casa Giulietta', 'Palazzo della Ragione']",Teatro Romano,strategy_nearest,False,0.0032362937927246094,success
04B5874A9C4C80,0,['Casa Giulietta'],Torre Lamberti,"['Sighseeing', 'Centro Fotografia', 'Museo Conte', 'Palazzo della Ragione', 'AMO']",Castelvecchio,strategy_nearest,False,0.0024709701538085938,success
04B5884A9C4C80,0,['Tomba Giulietta'],Arena,"['Verona Tour', 'Museo Lapidario', 'Museo Radio', 'San Fermo', 'Casa Giulietta']",Casa Giulietta,strategy_nearest,True,0.0027251243591308594,success
04B58D3A9C4C80,0,['Arena'],Castelvecchio,"['Museo Lapidario', 'Verona Tour', 'Museo Radio', 'San Zeno', 'Sighseeing']",Casa Giulietta,strategy_nearest,False,0.0034117698669433594,success
04B58E429C4C80,2,['Castelvecchio'],Casa Giulietta,"['Centro Fotografia', 'Sighseeing', 'Torre Lamberti', 'Museo Conte', 'Museo Radio']",Santa Anastasia,strategy_nearest,False,0.003242015838623047,success
04B58F429C4C80,0,['Castelvecchio'],Arena,"['Verona Tour', 'Museo Lapidario', 'Museo Radio', 'San Fermo', 'Casa Giulietta']",Casa Giulietta,strategy_nearest,True,0.0031371116638183594,success
04B5A14A9C4C80,0,['Arena'],Castelvecchio,"['Museo Lapidario', 'Verona Tour', 'Museo Radio', 'San Zeno', 'Sighseeing']",Casa Giulietta,strategy_nearest,False,0.0024268627166748047,success
04B5904A9C4C80,3,"['Casa Giulietta', 'Torre Lamberti', 'Santa Anastasia']",Duomo,"['AMO', 'Museo Miniscalchi', 'Teatro Romano', 'Palazzo della Ragione', 'Museo Conte']",Arena,strategy_nearest,False,0.00315093994140625,success
04B5A83A9C4C80,0,['Arena'],Casa Giulietta,"['Centro Fotografia', 'Sighseeing', 'Torre Lamberti', 'Museo Conte', 'Museo Radio']",Torre Lamberti,strategy_nearest,True,0.0026209354400634766,success
04B5A24A9C4C80,3,"['Arena', 'Tomba Giulietta', 'San Fermo', 'Casa Giulietta']",Torre Lamberti,"['Sighseeing', 'Centro Fotografia', 'Museo Conte', 'Palazzo della Ragione', 'AMO']",Santa Anastasia,strategy_nearest,False,0.003297090530395508,success
04B5A84A9C4C80,0,"['Casa Giulietta', 'Duomo']",Tomba Giulietta,"['San Fermo', 'Museo Storia', 'Arena', 'Museo Lapidario', 'Museo Radio']",Castelvecchio,strategy_nearest,False,0.0030112266540527344,success
04B5A7429C4C80,0,['Duomo'],Arena,"['Verona Tour', 'Museo Lapidario', 'Museo Radio', 'San Fermo', 'Casa Giulietta']",Castelvecchio,strategy_nearest,False,0.00251007080078125,success
04B5AD429C4C80,1,"['Arena', 'Casa Giulietta', 'Teatro Romano']",Torre Lamberti,"['Sighseeing', 'Centro Fotografia', 'Museo Conte', 'Palazzo della Ragione', 'AMO']",Palazzo della Ragione,strategy_nearest,True,0.0020749568939208984,success
04B5AA4A9C4C80,0,"['Arena', 'Casa Giulietta']",Torre Lamberti,"['Sighseeing', 'Centro Fotografia', 'Museo Conte', 'Palazzo della Ragione', 'AMO']",Duomo,strategy_nearest,False,0.0021288394927978516,success
04B5AF3A9C4C80,2,['Teatro Romano'],Duomo,"['AMO', 'Museo Miniscalchi', 'Santa Anastasia', 'Palazzo della Ragione', 'Museo Conte']",Santa Anastasia,strategy_nearest,True,0.002663135528564453,success
04B5AE3A9C4C80,2,"['Duomo', 'Torre Lamberti', 'Palazzo della Ragione', 'Casa Giulietta']",Museo Lapidario,"['Verona Tour', 'Arena', 'Castelvecchio', 'Museo Radio', 'San Fermo']",Castelvecchio,strategy_nearest,True,0.00335693359375,success
04B5BE429C4C80,0,['Arena'],Casa Giulietta,"['Centro Fotografia', 'Sighseeing', 'Torre Lamberti', 'Museo Conte', 'Museo Radio']",Torre Lamberti,strategy_nearest,True,0.0032401084899902344,success
04B5C33A9C4C80,3,"['Arena', 'Castelvecchio', 'Torre Lamberti']",Casa Giulietta,"['Centro Fotografia', 'Sighseeing', 'Museo Conte', 'Museo Radio', 'Palazzo della Ragione']",Teatro Romano,strategy_nearest,False,0.0017197132110595703,success
04B5B83A9C4C80,2,['Castelvecchio'],Casa Giulietta,"['Centro Fotografia', 'Sighseeing', 'Torre Lamberti', 'Museo Conte', 'Museo Radio']",Santa Anastasia,strategy_nearest,False,0.002593994140625,success
04B5C73A9C4C80,0,['Arena'],San Fermo,"['Museo Storia', 'Museo Radio', 'Casa Giulietta', 'Centro Fotografia', 'Sighseeing']",Torre Lamberti,strategy_nearest,False,0.003086090087890625,success
04B5E03A9C4C80,3,['Arena'],Santa Anastasia,"['AMO', 'Museo Conte', 'Palazzo della Ragione', 'Teatro Romano', 'Centro Fotografia']",Tomba Giulietta,strategy_nearest,False,0.0019009113311767578,success
04B5DF3A9C4C80,1,"['Arena', 'Casa Giulietta']",Torre Lamberti,"['Sighseeing', 'Centro Fotografia', 'Museo Conte', 'Palazzo della Ragione', 'AMO']",Palazzo della Ragione,strategy_nearest,True,0.0032401084899902344,success
04B5CB3A9C4C80,2,"['Teatro Romano', 'Santa Anastasia']",Casa Giulietta,"['Centro Fotografia', 'Sighseeing', 'Torre Lamberti', 'Museo Conte', 'Museo Radio']",Torre Lamberti,strategy_nearest,True,0.0019989013671875,success
04B5E33A9C4C80,0,['Casa Giulietta'],Torre Lamberti,"['Sighseeing', 'Centro Fotografia', 'Museo Conte', 'Palazzo della Ragione', 'AMO']",Arena,strategy_nearest,False,0.003022909164428711,success
04B5EA3A9C4C80,1,"['Arena', 'Torre Lamberti']",Palazzo della Ragione,"['AMO', 'Museo Conte', 'Centro Fotografia', 'Sighseeing', 'Santa Anastasia']",Casa Giulietta,strategy_nearest,False,0.002344846725463867,success
04B5EC3A9C4C80,0,"['Torre Lamberti', 'Casa Giulietta']",Arena,"['Verona Tour', 'Museo Lapidario', 'Museo Radio', 'San Fermo', 'Sighseeing']",Castelvecchio,strategy_nearest,False,0.002604961395263672,success
04B5F3429C4C80,3,"['Castelvecchio', 'San Zeno', 'Arena']",Museo Lapidario,"['Verona Tour', 'Museo Radio', 'San Fermo', 'Casa Giulietta', 'Tomba Giulietta']",San Fermo,strategy_nearest,True,0.0030641555786132812,success
04B5F63A9C4C80,0,"['Arena', 'Casa Giulietta']",Tomba Giulietta,"['San Fermo', 'Museo Storia', 'Museo Lapidario', 'Museo Radio', 'Verona Tour']",Torre Lamberti,strategy_nearest,False,0.0023348331451416016,success
04B5F73A9C4C80,3,['Arena'],Casa Giulietta,"['Centro Fotografia', 'Sighseeing', 'Torre Lamberti', 'Museo Conte', 'Museo Radio']",Santa Anastasia,strategy_nearest,False,0.0031778812408447266,success
04B60D429C4C84,1,"['Arena', 'Casa Giulietta', 'Torre Lamberti']",Palazzo della Ragione,"['AMO', 'Museo Conte', 'Centro Fotografia', 'Sighseeing', 'Santa Anastasia']",Duomo,strategy_nearest,False,0.002530813217163086,success
04B60E429C4C84,3,"['Arena', 'Casa Giulietta']",Torre Lamberti,"['Sighseeing', 'Centro Fotografia', 'Museo Conte', 'Palazzo della Ragione', 'AMO']",Duomo,strategy_nearest,False,0.003170013427734375,success
04B615429C4C84,1,"['Palazzo della Ragione', 'Castelvecchio']",Casa Giulietta,"['Centro Fotografia', 'Sighseeing', 'Torre Lamberti', 'Museo Conte', 'Museo Radio']",Arena,strategy_nearest,False,0.002351045608520508,success
04B6103A9C4C80,3,"['Arena', 'San Fermo', 'Casa Giulietta']",Torre Lamberti,"['Sighseeing', 'Centro Fotografia', 'Museo Conte', 'Palazzo della Ragione', 'AMO']",Santa Anastasia,strategy_nearest,False,0.004026174545288086,success
04B6173A9C4C84,1,"['Arena', 'Castelvecchio', 'San Zeno']",Santa Anastasia,"['AMO', 'Museo Conte', 'Palazzo della Ragione', 'Teatro Romano', 'Centro Fotografia']",Casa Giulietta,strategy_nearest,False,0.003280162811279297,success
04B61C429C4C80,3,"['Castelvecchio', 'Arena', 'Casa Giulietta', 'Casa Giulietta']",Torre Lamberti,"['Sighseeing', 'Centro Fotografia', 'Museo Conte', 'Palazzo della Ragione', 'AMO']",San Zeno,strategy_nearest,False,0.0023670196533203125,success
04B61E3A9C4C84,1,"['Arena', 'Castelvecchio', 'San Fermo']",Santa Anastasia,"['AMO', 'Museo Conte', 'Palazzo della Ragione', 'Teatro Romano', 'Centro Fotografia']",Teatro Romano,strategy_nearest,True,0.002593994140625,success
04B6204A9C4C80,3,"['Casa Giulietta', 'Duomo']",Arena,"['Verona Tour', 'Museo Lapidario', 'Museo Radio', 'San Fermo', 'Sighseeing']",Torre Lamberti,strategy_nearest,False,0.0025539398193359375,success
04B6203A9C4C80,3,['Arena'],Casa Giulietta,"['Centro Fotografia', 'Sighseeing', 'Torre Lamberti', 'Museo Conte', 'Museo Radio']",Santa Anastasia,strategy_nearest,False,0.003325939178466797,success
04B625429C4C84,1,"['Castelvecchio', 'Arena']",Palazzo della Ragione,"['AMO', 'Museo Conte', 'Torre Lamberti', 'Centro Fotografia', 'Sighseeing']",Teatro Romano,strategy_nearest,False,0.003300189971923828,success
04B626429C4C84,0,['Castelvecchio'],Arena,"['Verona Tour', 'Museo Lapidario', 'Museo Radio', 'San Fermo', 'Casa Giulietta']",Casa Giulietta,strategy_nearest,True,0.0030329227447509766,success
04B629429C4C84,3,"['Arena', 'Torre Lamberti', 'Casa Giulietta']",Santa Anastasia,"['AMO', 'Museo Conte', 'Palazzo della Ragione', 'Teatro Romano', 'Centro Fotografia']",Duomo,strategy_nearest,False,0.002583026885986328,success
04B62A3A9C4C80,0,"['Torre Lamberti', 'Casa Giulietta', 'Arena']",Castelvecchio,"['Museo Lapidario', 'Verona Tour', 'Museo Radio', 'San Zeno', 'Sighseeing']",Teatro Romano,strategy_nearest,False,0.0032510757446289062,success
04B6293A9C4C80,0,['Arena'],Teatro Romano,"['Santa Anastasia', 'Duomo', 'AMO', 'Palazzo della Ragione', 'Museo Conte']",Duomo,strategy_nearest,True,0.0034461021423339844,success
04B6364A9C4C80,3,"['Castelvecchio', 'San Zeno', 'Santa Anastasia']",Casa Giulietta,"['Centro Fotografia', 'Sighseeing', 'Torre Lamberti', 'Museo Conte', 'Museo Radio']",Arena,strategy_nearest,False,0.0032019615173339844,success
04B647429C4C80,1,"['Duomo', 'Teatro Romano', 'Castelvecchio', 'Arena']",Museo Lapidario,"['Verona Tour', 'Museo Radio', 'San Fermo', 'Casa Giulietta', 'Tomba Giulietta']",Casa Giulietta,strategy_nearest,True,0.0023910999298095703,success
04B63C3A9C4C80,1,"['Arena', 'Castelvecchio']",Santa Anastasia,"['AMO', 'Museo Conte', 'Palazzo della Ragione', 'Teatro Romano', 'Centro Fotografia']",Torre Lamberti,strategy_nearest,False,0.002602815628051758,success
04B6553A9C4C80,1,"['Tomba Giulietta', 'Arena']",Casa Giulietta,"['Centro Fotografia', 'Sighseeing', 'Torre Lamberti', 'Museo Conte', 'Museo Radio']",Torre Lamberti,strategy_nearest,True,0.00333404541015625,success
04B66D429C4C80,1,"['Palazzo della Ragione', 'Teatro Romano']",Castelvecchio,"['Museo Lapidario', 'Verona Tour', 'Arena', 'Museo Radio', 'San Zeno']",Torre Lamberti,strategy_nearest,False,0.002624034881591797,success
04B6523A9C4C80,3,['Arena'],Santa Anastasia,"['AMO', 'Museo Conte', 'Palazzo della Ragione', 'Teatro Romano', 'Centro Fotografia']",Teatro Romano,strategy_nearest,True,0.003265857696533203,success
04B657429C4C80,4,"['Arena', 'San Fermo', 'Palazzo della Ragione']",Duomo,"['AMO', 'Museo Miniscalchi', 'Santa Anastasia', 'Teatro Romano', 'Museo Conte']",Santa Anastasia,strategy_nearest,True,0.0033600330352783203,success
04B66E429C4C80,0,['Torre Lamberti'],Arena,"['Verona Tour', 'Museo Lapidario', 'Museo Radio', 'San Fermo', 'Casa Giulietta']",Castelvecchio,strategy_nearest,False,0.0018312931060791016,success
04B66F429C4C80,3,"['Castelvecchio', 'Arena']",Casa Giulietta,"['Centro Fotografia', 'Sighseeing', 'Torre Lamberti', 'Museo Conte', 'Museo Radio']",Santa Anastasia,strategy_nearest,False,0.0026848316192626953,success
04B6733A9C4C80,3,"['Teatro Romano', 'Duomo']",Torre Lamberti,"['Sighseeing', 'Centro Fotografia', 'Museo Conte', 'Casa Giulietta', 'Palazzo della Ragione']",Casa Giulietta,strategy_nearest,True,0.0033249855041503906,success
04B674429C4C80,0,['Arena'],Casa Giulietta,"['Centro Fotografia', 'Sighseeing', 'Torre Lamberti', 'Museo Conte', 'Museo Radio']",Tomba Giulietta,strategy_nearest,False,0.0024557113647460938,success
04B67B4A9C4C80,3,"['Arena', 'Casa Giulietta']",Torre Lamberti,"['Sighseeing', 'Centro Fotografia', 'Museo Conte', 'Palazzo della Ragione', 'AMO']",Santa Anastasia,strategy_nearest,False,0.0024492740631103516,success
04B67A4A9C4C80,0,['Arena'],Torre Lamberti,"['Sighseeing', 'Centro Fotografia', 'Museo Conte', 'Casa Giulietta', 'Palazzo della Ragione']",Tomba Giulietta,strategy_nearest,False,0.003755807876586914,success
04B67F4A9C4C80,1,"['Arena', 'Museo Lapidario', 'Castelvecchio']",San Zeno,"['Verona Tour', 'Museo Miniscalchi', 'Sighseeing', 'Museo Radio', 'Torre Lamberti']",Torre Lamberti,strategy_nearest,True,0.003158092498779297,success
04B6813A9C4C80,3,['Arena'],Casa Giulietta,"['Centro Fotografia', 'Sighseeing', 'Torre Lamberti', 'Museo Conte', 'Museo Radio']",Santa Anastasia,strategy_nearest,False,0.0020189285278320312,success
04B69D429C4C80,3,['Arena'],Santa Anastasia,"['AMO', 'Museo Conte', 'Palazzo della Ragione', 'Teatro Romano', 'Centro Fotografia']",Castelvecchio,strategy_nearest,False,0.003885030746459961,success
04B6844A9C4C80,2,['Casa Giulietta'],San Fermo,"['Museo Storia', 'Museo Radio', 'Centro Fotografia', 'Arena', 'Sighseeing']",Castelvecchio,strategy_nearest,False,0.003371000289916992,success
04B69F429C4C80,0,['Arena'],Casa Giulietta,"['Centro Fotografia', 'Sighseeing', 'Torre Lamberti', 'Museo Conte', 'Museo Radio']",Tomba Giulietta,strategy_nearest,False,0.003857135772705078,success
04B6A63A9C4C80,0,"['Tomba Giulietta', 'Arena']",Torre Lamberti,"['Sighseeing', 'Centro Fotografia', 'Museo Conte', 'Casa Giulietta', 'Palazzo della Ragione']",Casa Giulietta,strategy_nearest,True,0.001977205276489258,success
04B6A0429C4C80,1,"['Arena', 'Casa Giulietta']",Torre Lamberti,"['Sighseeing', 'Centro Fotografia', 'Museo Conte', 'Palazzo della Ragione', 'AMO']",Palazzo della Ragione,strategy_nearest,True,0.0020971298217773438,success
04B6A64A9C4C80,2,['Torre Lamberti'],Casa Giulietta,"['Centro Fotografia', 'Sighseeing', 'Museo Conte', 'Museo Radio', 'Palazzo della Ragione']",Castelvecchio,strategy_nearest,False,0.0026047229766845703,success
04B6A74A9C4C80,3,['Teatro Romano'],Santa Anastasia,"['AMO', 'Museo Conte', 'Palazzo della Ragione', 'Centro Fotografia', 'Duomo']",Duomo,strategy_nearest,True,0.0032930374145507812,success
04B6AF429C4C80,0,"['Arena', 'Tomba Giulietta']",Casa Giulietta,"['Centro Fotografia', 'Sighseeing', 'Torre Lamberti', 'Museo Conte', 'Museo Radio']",Torre Lamberti,strategy_nearest,True,0.0019741058349609375,success
04B6A93A9C4C80,3,['Arena'],Casa Giulietta,"['Centro Fotografia', 'Sighseeing', 'Torre Lamberti', 'Museo Conte', 'Museo Radio']",Torre Lamberti,strategy_nearest,True,0.0029129981994628906,success
04B6B53A9C4C80,3,"['Teatro Romano', 'Duomo']",Santa Anastasia,"['AMO', 'Museo Conte', 'Palazzo della Ragione', 'Centro Fotografia', 'Torre Lamberti']",Torre Lamberti,strategy_nearest,True,0.0024650096893310547,success
04B6C13A9C4C80,2,"['Palazzo della Ragione', 'Torre Lamberti', 'Santa Anastasia']",Duomo,"['AMO', 'Museo Miniscalchi', 'Teatro Romano', 'Museo Conte', 'Centro Fotografia']",Castelvecchio,strategy_nearest,False,0.0026938915252685547,success
04B6C1429C4C80,3,"['Arena', 'Torre Lamberti']",Casa Giulietta,"['Centro Fotografia', 'Sighseeing', 'Museo Conte', 'Museo Radio', 'Palazzo della Ragione']",Santa Anastasia,strategy_nearest,False,0.003216981887817383,success
04B6CA3A9C4C80,1,"['Arena', 'Casa Giulietta']",Palazzo della Ragione,"['AMO', 'Museo Conte', 'Torre Lamberti', 'Centro Fotografia', 'Sighseeing']",Torre Lamberti,strategy_nearest,True,0.003034830093383789,success
04B6C5429C4C80,0,"['Arena', 'Casa Giulietta']",Torre Lamberti,"['Sighseeing', 'Centro Fotografia', 'Museo Conte', 'Palazzo della Ragione', 'AMO']",Duomo,strategy_nearest,False,0.002655029296875,success
04B6CE429C4C80,3,"['Castelvecchio', 'Casa Giulietta', 'Torre Lamberti', 'Museo Lapidario']",Arena,"['Verona Tour', 'Museo Radio', 'San Fermo', 'Sighseeing', 'Centro Fotografia']",Tomba Giulietta,strategy_nearest,False,0.002377033233642578,success
04B6CF429C4C80,3,"['Castelvecchio', 'Duomo']",Casa Giulietta,"['Centro Fotografia', 'Sighseeing', 'Torre Lamberti', 'Museo Conte', 'Museo Radio']",Arena,strategy_nearest,False,0.0030798912048339844,success
04B6E43A9C4C80,1,"['Teatro Romano', 'Duomo', 'Santa Anastasia', 'Torre Lamberti']",Palazzo della Ragione,"['AMO', 'Museo Conte', 'Centro Fotografia', 'Sighseeing', 'Museo Miniscalchi']",Casa Giulietta,strategy_nearest,False,0.0018680095672607422,success
04B6DE3A9C4C80,3,"['Tomba Giulietta', 'Arena']",Casa Giulietta,"['Centro Fotografia', 'Sighseeing', 'Torre Lamberti', 'Museo Conte', 'Museo Radio']",San Fermo,strategy_nearest,False,0.0038988590240478516,success
04B6E03A9C4C80,3,['Arena'],Casa Giulietta,"['Centro Fotografia', 'Sighseeing', 'Torre Lamberti', 'Museo Conte', 'Museo Radio']",Santa Anastasia,strategy_nearest,False,0.0027170181274414062,success
04B6F63A9C4C80,3,"['Casa Giulietta', 'Santa Anastasia']",Duomo,"['AMO', 'Museo Miniscalchi', 'Teatro Romano', 'Palazzo della Ragione', 'Museo Conte']",Tomba Giulietta,strategy_nearest,False,0.0014138221740722656,success
04B6FF429C4C80,3,"['San Fermo', 'Arena']",Duomo,"['AMO', 'Museo Miniscalchi', 'Santa Anastasia', 'Teatro Romano', 'Palazzo della Ragione']",Torre Lamberti,strategy_nearest,False,0.0018608570098876953,success
04B6F4429C4C80,0,['Casa Giulietta'],Arena,"['Verona Tour', 'Museo Lapidario', 'Museo Radio', 'San Fermo', 'Sighseeing']",Castelvecchio,strategy_nearest,False,0.0026700496673583984,success
04B70B429C4C80,3,"['Duomo', 'Santa Anastasia']",Teatro Romano,"['AMO', 'Palazzo della Ragione', 'Museo Conte', 'Centro Fotografia', 'Museo Miniscalchi']",San Zeno,strategy_nearest,False,0.002538919448852539,success
04B70E3A9C4C84,0,"['Castelvecchio', 'Arena']",Torre Lamberti,"['Sighseeing', 'Centro Fotografia', 'Museo Conte', 'Casa Giulietta', 'Palazzo della Ragione']",Teatro Romano,strategy_nearest,False,0.002777099609375,success
04B703429C4C84,3,"['Arena', 'Casa Giulietta', 'Santa Anastasia']",San Fermo,"['Museo Storia', 'Museo Radio', 'Centro Fotografia', 'Sighseeing', 'Torre Lamberti']",Duomo,strategy_nearest,False,0.003596782684326172,success
04B7123A9C4C80,0,['Torre Lamberti'],Casa Giulietta,"['Centro Fotografia', 'Sighseeing', 'Museo Conte', 'Museo Radio', 'Palazzo della Ragione']",Arena,strategy_nearest,False,0.003186941146850586,success
04B714BA7B3F80,3,"['Santa Anastasia', 'Casa Giulietta', 'Torre Lamberti']",Tomba Giulietta,"['San Fermo', 'Museo Storia', 'Arena', 'Museo Lapidario', 'Museo Radio']",Arena,strategy_nearest,True,0.002410411834716797,success
04B71BBA7B3F80,1,"['Arena', 'Castelvecchio']",Palazzo della Ragione,"['AMO', 'Museo Conte', 'Torre Lamberti', 'Centro Fotografia', 'Sighseeing']",Teatro Romano,strategy_nearest,False,0.001967191696166992,success
04B71ABA7B3F80,0,['Duomo'],Arena,"['Verona Tour', 'Museo Lapidario', 'Museo Radio', 'San Fermo', 'Casa Giulietta']",Tomba Giulietta,strategy_nearest,False,0.0033080577850341797,success
04B720429C4C84,1,"['Arena', 'Museo Lapidario']",Castelvecchio,"['Verona Tour', 'Museo Radio', 'San Zeno', 'Sighseeing', 'Museo Miniscalchi']",Palazzo della Ragione,strategy_nearest,False,0.003033876419067383,success
04B71C3A9C4C80,2,"['Casa Giulietta', 'Santa Anastasia']",Duomo,"['AMO', 'Museo Miniscalchi', 'Teatro Romano', 'Palazzo della Ragione', 'Museo Conte']",Teatro Romano,strategy_nearest,True,0.0034558773040771484,success
04B7214A9C4C80,1,"['Casa Giulietta', 'Arena', 'Torre Lamberti', 'Palazzo della Ragione']",Teatro Romano,"['Santa Anastasia', 'Duomo', 'AMO', 'Museo Conte', 'Centro Fotografia']",Giardino Giusti,strategy_nearest,False,0.0034890174865722656,success
04B72DBA7B3F80,3,"['Duomo', 'Torre Lamberti', 'Casa Giulietta']",Arena,"['Verona Tour', 'Museo Lapidario', 'Museo Radio', 'San Fermo', 'Sighseeing']",Teatro Romano,strategy_nearest,False,0.0018739700317382812,success
04B72C4A9C4C80,4,"['Arena', 'Santa Anastasia', 'Torre Lamberti', 'Casa Giulietta', 'Tomba Giulietta']",Museo Radio,"['San Fermo', 'Sighseeing', 'Centro Fotografia', 'Verona Tour', 'Museo Conte']",San Fermo,strategy_nearest,True,0.0027828216552734375,success
04B728BA7B3F80,3,"['Casa Giulietta', 'San Fermo', 'Tomba Giulietta']",Arena,"['Verona Tour', 'Museo Lapidario', 'Museo Radio', 'Sighseeing', 'Castelvecchio']",San Zeno,strategy_nearest,False,0.004662990570068359,success
04B733BA7B3F80,1,['Duomo'],Teatro Romano,"['Santa Anastasia', 'AMO', 'Palazzo della Ragione', 'Museo Conte', 'Centro Fotografia']",Arena,strategy_nearest,False,0.002669095993041992,success
04B730429C4C80,3,"['Arena', 'Casa Giulietta']",Santa Anastasia,"['AMO', 'Museo Conte', 'Palazzo della Ragione', 'Teatro Romano', 'Centro Fotografia']",Torre Lamberti,strategy_nearest,False,0.0030269622802734375,success
04B739BA7B3F80,0,"['Arena', 'Casa Giulietta']",Torre Lamberti,"['Sighseeing', 'Centro Fotografia', 'Museo Conte', 'Palazzo della Ragione', 'AMO']",Museo Lapidario,strategy_nearest,False,0.002566814422607422,success
04B734BA7B3F80,3,"['Arena', 'Casa Giulietta', 'Castelvecchio']",Teatro Romano,"['Santa Anastasia', 'Duomo', 'AMO', 'Palazzo della Ragione', 'Museo Conte']",Torre Lamberti,strategy_nearest,False,0.003268003463745117,success
04B73A4A9C4C80,3,"['Torre Lamberti', 'Casa Giulietta', 'Santa Anastasia']",Duomo,"['AMO', 'Museo Miniscalchi', 'Teatro Romano', 'Palazzo della Ragione', 'Museo Conte']",Arena,strategy_nearest,False,0.002393960952758789,success
04B740429C4C80,0,['Giardino Giusti'],Duomo,"['AMO', 'Museo Miniscalchi', 'Santa Anastasia', 'Teatro Romano', 'Palazzo della Ragione']",Arena,strategy_nearest,False,0.0032651424407958984,success
04B740BA7B3F80,1,"['Duomo', 'Casa Giulietta', 'Arena']",Castelvecchio,"['Museo Lapidario', 'Verona Tour', 'Museo Radio', 'San Zeno', 'Sighseeing']",San Zeno,strategy_nearest,True,0.002386808395385742,success
04B743429C4C80,0,['Arena'],Casa Giulietta,"['Centro Fotografia', 'Sighseeing', 'Torre Lamberti', 'Museo Conte', 'Museo Radio']",Duomo,strategy_nearest,False,0.0025260448455810547,success
04B746BA7B3F80,1,"['Arena', 'Casa Giulietta']",Teatro Romano,"['Santa Anastasia', 'Duomo', 'AMO', 'Palazzo della Ragione', 'Museo Conte']",Torre Lamberti,strategy_nearest,False,0.0031642913818359375,success
04B7413A9C4C80,2,"['San Fermo', 'Museo Lapidario', 'Castelvecchio']",Santa Anastasia,"['AMO', 'Museo Conte', 'Palazzo della Ragione', 'Teatro Romano', 'Centro Fotografia']",Duomo,strategy_nearest,False,0.002702951431274414,success
04B752429C4C80,0,['Arena'],Casa Giulietta,"['Centro Fotografia', 'Sighseeing', 'Torre Lamberti', 'Museo Conte', 'Museo Radio']",Santa Anastasia,strategy_nearest,False,0.002493143081665039,success
04B750429C4C80,0,['Tomba Giulietta'],Arena,"['Verona Tour', 'Museo Lapidario', 'Museo Radio', 'San Fermo', 'Casa Giulietta']",Casa Giulietta,strategy_nearest,True,0.0031991004943847656,success
04B752BA7B3F80,1,"['Casa Giulietta', 'Torre Lamberti']",Palazzo della Ragione,"['AMO', 'Museo Conte', 'Centro Fotografia', 'Sighseeing', 'Santa Anastasia']",Arena,strategy_nearest,False,0.002438783645629883,success
04B758BA7B3F80,1,"['Casa Giulietta', 'Torre Lamberti']",Palazzo della Ragione,"['AMO', 'Museo Conte', 'Centro Fotografia', 'Sighseeing', 'Santa Anastasia']",Castelvecchio,strategy_nearest,False,0.003170013427734375,success
04B75EBA7B3F80,3,['San Fermo'],Santa Anastasia,"['AMO', 'Museo Conte', 'Palazzo della Ragione', 'Teatro Romano', 'Centro Fotografia']",Duomo,strategy_nearest,False,0.0023119449615478516,success
04B75E429C4C80,3,"['Teatro Romano', 'Santa Anastasia']",Casa Giulietta,"['Centro Fotografia', 'Sighseeing', 'Torre Lamberti', 'Museo Conte', 'Museo Radio']",Arena,strategy_nearest,False,0.0040018558502197266,success
04B76B429C4C80,0,['Arena'],Casa Giulietta,"['Centro Fotografia', 'Sighseeing', 'Torre Lamberti', 'Museo Conte', 'Museo Radio']",Santa Anastasia,strategy_nearest,False,0.0024688243865966797,success
04B7743A9C4C80,0,['Arena'],Casa Giulietta,"['Centro Fotografia', 'Sighseeing', 'Torre Lamberti', 'Museo Conte', 'Museo Radio']",Santa Anastasia,strategy_nearest,False,0.0025157928466796875,success
04B76F429C4C80,1,['Palazzo della Ragione'],Torre Lamberti,"['Sighseeing', 'Centro Fotografia', 'Museo Conte', 'Casa Giulietta', 'AMO']",Arena,strategy_nearest,False,0.004646778106689453,success
04B770BA7B3F80,3,"['Castelvecchio', 'Arena']",Santa Anastasia,"['AMO', 'Museo Conte', 'Palazzo della Ragione', 'Teatro Romano', 'Centro Fotografia']",Torre Lamberti,strategy_nearest,False,0.0020437240600585938,success
04B76FBA7B3F80,3,"['Arena', 'Teatro Romano']",Castelvecchio,"['Museo Lapidario', 'Verona Tour', 'Museo Radio', 'San Zeno', 'Sighseeing']",San Zeno,strategy_nearest,True,0.0014789104461669922,success
04B776BA7B3F80,3,['San Fermo'],Santa Anastasia,"['AMO', 'Museo Conte', 'Palazzo della Ragione', 'Teatro Romano', 'Centro Fotografia']",Arena,strategy_nearest,False,0.002817869186401367,success
04B7783A9C4C80,2,"['Teatro Romano', 'Duomo']",Palazzo della Ragione,"['AMO', 'Museo Conte', 'Torre Lamberti', 'Centro Fotografia', 'Sighseeing']",Torre Lamberti,strategy_nearest,True,0.0033740997314453125,success
04B781BA7B3F80,3,"['Castelvecchio', 'Giardino Giusti', 'San Fermo']",Santa Anastasia,"['AMO', 'Museo Conte', 'Palazzo della Ragione', 'Teatro Romano', 'Centro Fotografia']",Duomo,strategy_nearest,False,0.0026979446411132812,success
04B77D3A9C4C80,3,"['Arena', 'Museo Lapidario', 'Tomba Giulietta']",Castelvecchio,"['Verona Tour', 'Museo Radio', 'San Zeno', 'Sighseeing', 'Museo Miniscalchi']",Torre Lamberti,strategy_nearest,False,0.0015330314636230469,success
04B788BA7B3F80,0,['Castelvecchio'],Arena,"['Verona Tour', 'Museo Lapidario', 'Museo Radio', 'San Fermo', 'Casa Giulietta']",Casa Giulietta,strategy_nearest,True,0.002736330032348633,success
04B78C3A9C4C80,0,['Casa Giulietta'],Torre Lamberti,"['Sighseeing', 'Centro Fotografia', 'Museo Conte', 'Palazzo della Ragione', 'AMO']",Arena,strategy_nearest,False,0.00151824951171875,success
04B787BA7B3F80,3,"['Castelvecchio', 'San Zeno', 'Arena']",Tomba Giulietta,"['San Fermo', 'Museo Storia', 'Museo Lapidario', 'Museo Radio', 'Verona Tour']",Casa Giulietta,strategy_nearest,False,0.0034170150756835938,success
04B78DBA7B3F80,2,['Duomo'],Teatro Romano,"['Santa Anastasia', 'AMO', 'Palazzo della Ragione', 'Museo Conte', 'Centro Fotografia']",San Fermo,strategy_nearest,False,0.001995086669921875,success
04B796429C4C80,0,['Arena'],Casa Giulietta,"['Centro Fotografia', 'Sighseeing', 'Torre Lamberti', 'Museo Conte', 'Museo Radio']",Teatro Romano,strategy_nearest,False,0.002694845199584961,success
04B799BA7B3F80,3,"['Castelvecchio', 'Arena']",Torre Lamberti,"['Sighseeing', 'Centro Fotografia', 'Museo Conte', 'Casa Giulietta', 'Palazzo della Ragione']",Duomo,strategy_nearest,False,0.002727985382080078,success
04B78EBA7B3F80,3,"['Castelvecchio', 'Giardino Giusti', 'San Fermo']",Santa Anastasia,"['AMO', 'Museo Conte', 'Palazzo della Ragione', 'Teatro Romano', 'Centro Fotografia']",Duomo,strategy_nearest,False,0.001990795135498047,success
04B79E429C4C80,1,"['Arena', 'Casa Giulietta', 'Palazzo della Ragione']",Torre Lamberti,"['Sighseeing', 'Centro Fotografia', 'Museo Conte', 'AMO', 'Museo Miniscalchi']",Santa Anastasia,strategy_nearest,False,0.0033042430877685547,success
04B7A44A9C4C80,1,['Arena'],Casa Giulietta,"['Centro Fotografia', 'Sighseeing', 'Torre Lamberti', 'Museo Conte', 'Museo Radio']",Duomo,strategy_nearest,False,0.002607107162475586,success
04B7A24A9C4C80,3,"['Arena', 'Santa Anastasia']",Teatro Romano,"['Duomo', 'AMO', 'Palazzo della Ragione', 'Museo Conte', 'Centro Fotografia']",Duomo,strategy_nearest,True,0.002619028091430664,success
04B7AB3A9C4C80,0,['Casa Giulietta'],Teatro Romano,"['Santa Anastasia', 'Duomo', 'AMO', 'Palazzo della Ragione', 'Museo Conte']",Arena,strategy_nearest,False,0.0033779144287109375,success
04B7B13A9C4C80,3,"['Arena', 'San Fermo']",Casa Giulietta,"['Centro Fotografia', 'Sighseeing', 'Torre Lamberti', 'Museo Conte', 'Museo Radio']",Santa Anastasia,strategy_nearest,False,0.003242015838623047,success
04B7B5429C4C80,2,['Castelvecchio'],Casa Giulietta,"['Centro Fotografia', 'Sighseeing', 'Torre Lamberti', 'Museo Conte', 'Museo Radio']",Santa Anastasia,strategy_nearest,False,0.0024979114532470703,success
04B7B2429C4C80,1,['Arena'],Casa Giulietta,"['Centro Fotografia', 'Sighseeing', 'Torre Lamberti', 'Museo Conte', 'Museo Radio']",Torre Lamberti,strategy_nearest,True,0.002599000930786133,success
04B7BB3A9C4C80,0,['Arena'],Casa Giulietta,"['Centro Fotografia', 'Sighseeing', 'Torre Lamberti', 'Museo Conte', 'Museo Radio']",Santa Anastasia,strategy_nearest,False,0.003159046173095703,success
04B7BC3A9C4C80,0,['Arena'],Castelvecchio,"['Museo Lapidario', 'Verona Tour', 'Museo Radio', 'San Zeno', 'Sighseeing']",Teatro Romano,strategy_nearest,False,0.004044055938720703,success
04B7C43A9C4C80,3,['Arena'],Torre Lamberti,"['Sighseeing', 'Centro Fotografia', 'Museo Conte', 'Casa Giulietta', 'Palazzo della Ragione']",Santa Anastasia,strategy_nearest,False,0.003111124038696289,success
04B7BD429C4C80,0,['Arena'],Casa Giulietta,"['Centro Fotografia', 'Sighseeing', 'Torre Lamberti', 'Museo Conte', 'Museo Radio']",San Zeno,strategy_nearest,False,0.0020580291748046875,success
04B7C63A9C4C80,0,['Arena'],San Fermo,"['Museo Storia', 'Museo Radio', 'Casa Giulietta', 'Centro Fotografia', 'Sighseeing']",Torre Lamberti,strategy_nearest,False,0.0037031173706054688,success
04B7DC3A9C4C80,5,"['Arena', 'San Fermo', 'Casa Giulietta', 'Torre Lamberti', 'Palazzo della Ragione']",Santa Anastasia,"['AMO', 'Museo Conte', 'Teatro Romano', 'Centro Fotografia', 'Duomo']",Duomo,strategy_nearest,True,0.0030870437622070312,success
04B7CD429C4C80,1,"['Arena', 'Casa Giulietta', 'Palazzo della Ragione', 'Torre Lamberti', 'Santa Anastasia']",Duomo,"['AMO', 'Museo Miniscalchi', 'Teatro Romano', 'Museo Conte', 'Centro Fotografia']",San Zeno,strategy_nearest,False,0.002699136734008789,success
04B7C73A9C4C80,3,"['Arena', 'Casa Giulietta']",Teatro Romano,"['Santa Anastasia', 'Duomo', 'AMO', 'Palazzo della Ragione', 'Museo Conte']",Torre Lamberti,strategy_nearest,False,0.0019690990447998047,success
04B7E23A9C4C80,1,"['Arena', 'Palazzo della Ragione']",Torre Lamberti,"['Sighseeing', 'Centro Fotografia', 'Museo Conte', 'Casa Giulietta', 'AMO']",Castelvecchio,strategy_nearest,False,0.0033478736877441406,success
04B7E33A9C4C80,3,"['Arena', 'Castelvecchio']",Duomo,"['AMO', 'Museo Miniscalchi', 'Santa Anastasia', 'Teatro Romano', 'Palazzo della Ragione']",Teatro Romano,strategy_nearest,True,0.001968860626220703,success
04B7ED3A9C4C80,2,"['Casa Giulietta', 'Museo Lapidario']",Santa Anastasia,"['AMO', 'Museo Conte', 'Palazzo della Ragione', 'Teatro Romano', 'Centro Fotografia']",Teatro Romano,strategy_nearest,True,0.0026819705963134766,success
04B7F4429C4C80,0,['Casa Giulietta'],Arena,"['Verona Tour', 'Museo Lapidario', 'Museo Radio', 'San Fermo', 'Sighseeing']",Castelvecchio,strategy_nearest,False,0.002592802047729492,success
04B806BA7B3F84,1,"['Casa Giulietta', 'Palazzo della Ragione', 'San Fermo']",Tomba Giulietta,"['Museo Storia', 'Arena', 'Museo Lapidario', 'Museo Radio', 'Verona Tour']",Arena,strategy_nearest,True,0.003317117691040039,success
04B813429C4C80,1,"['Arena', 'Casa Giulietta']",Torre Lamberti,"['Sighseeing', 'Centro Fotografia', 'Museo Conte', 'Palazzo della Ragione', 'AMO']",Palazzo della Ragione,strategy_nearest,True,0.002534151077270508,success
04B8163A9C4C80,0,['Arena'],Castelvecchio,"['Museo Lapidario', 'Verona Tour', 'Museo Radio', 'San Zeno', 'Sighseeing']",Casa Giulietta,strategy_nearest,False,0.003412008285522461,success
04B81BBA7B3F80,3,"['Castelvecchio', 'Santa Anastasia', 'Casa Giulietta', 'Tomba Giulietta']",Museo Lapidario,"['Verona Tour', 'Arena', 'Museo Radio', 'San Fermo', 'Sighseeing']",Arena,strategy_nearest,True,0.0019598007202148438,success
04B819BA7B3F84,1,"['Castelvecchio', 'Arena', 'Torre Lamberti', 'Palazzo della Ragione']",Tomba Giulietta,"['San Fermo', 'Museo Storia', 'Museo Lapidario', 'Museo Radio', 'Verona Tour']",Duomo,strategy_nearest,False,0.0034999847412109375,success
04B81C3A9C4C84,3,['Santa Anastasia'],Torre Lamberti,"['Sighseeing', 'Centro Fotografia', 'Museo Conte', 'Casa Giulietta', 'Palazzo della Ragione']",Arena,strategy_nearest,False,0.002565145492553711,success
04B81FBA7B3F84,3,['Santa Anastasia'],Arena,"['Verona Tour', 'Museo Lapidario', 'Museo Radio', 'San Fermo', 'Casa Giulietta']",Duomo,strategy_nearest,False,0.0027980804443359375,success
04B821BA7B3F80,1,"['Castelvecchio', 'Santa Anastasia', 'Teatro Romano', 'Giardino Giusti']",Arena,"['Verona Tour', 'Museo Lapidario', 'Museo Radio', 'San Fermo', 'Casa Giulietta']",Casa Giulietta,strategy_nearest,True,0.0033071041107177734,success
04B8253A9C4C84,0,['Torre Lamberti'],Casa Giulietta,"['Centro Fotografia', 'Sighseeing', 'Museo Conte', 'Museo Radio', 'Palazzo della Ragione']",Arena,strategy_nearest,False,0.0025162696838378906,success
04B822BA7B3F80,3,"['Santa Anastasia', 'Duomo']",Casa Giulietta,"['Centro Fotografia', 'Sighseeing', 'Torre Lamberti', 'Museo Conte', 'Museo Radio']",San Fermo,strategy_nearest,False,0.0032188892364501953,success
04B825429C4C80,0,"['Castelvecchio', 'Tomba Giulietta']",San Fermo,"['Museo Storia', 'Museo Radio', 'Casa Giulietta', 'Centro Fotografia', 'Arena']",Arena,strategy_nearest,True,0.0031659603118896484,success
04B834BA7B3F80,3,"['Duomo', 'Torre Lamberti', 'Casa Giulietta']",Arena,"['Verona Tour', 'Museo Lapidario', 'Museo Radio', 'San Fermo', 'Sighseeing']",Teatro Romano,strategy_nearest,False,0.003092050552368164,success
04B82A3A9C4C80,2,"['Castelvecchio', 'Torre Lamberti']",Palazzo della Ragione,"['AMO', 'Museo Conte', 'Centro Fotografia', 'Sighseeing', 'Santa Anastasia']",Santa Anastasia,strategy_nearest,True,0.0036149024963378906,success
04B8293A9C4C80,3,"['Arena', 'Casa Giulietta']",Santa Anastasia,"['AMO', 'Museo Conte', 'Palazzo della Ragione', 'Teatro Romano', 'Centro Fotografia']",Teatro Romano,strategy_nearest,True,0.0032320022583007812,success
04B833BA7B3F80,3,['Duomo'],Giardino Giusti,"['Santa Anastasia', 'Teatro Romano', 'Museo Conte', 'Centro Fotografia', 'Museo Storia']",Arena,strategy_nearest,False,0.0027000904083251953,success
04B836429C4C80,1,"['Arena', 'Casa Giulietta', 'Torre Lamberti']",Palazzo della Ragione,"['AMO', 'Museo Conte', 'Centro Fotografia', 'Sighseeing', 'Santa Anastasia']",Santa Anastasia,strategy_nearest,True,0.0018050670623779297,success
04B8364A9C4C80,3,"['Arena', 'Castelvecchio', 'San Zeno']",Santa Anastasia,"['AMO', 'Museo Conte', 'Palazzo della Ragione', 'Teatro Romano', 'Centro Fotografia']",Torre Lamberti,strategy_nearest,False,0.001195669174194336,success
04B83F3A9C4C80,1,"['Torre Lamberti', 'Arena', 'Castelvecchio']",Santa Anastasia,"['AMO', 'Museo Conte', 'Palazzo della Ragione', 'Teatro Romano', 'Centro Fotografia']",Teatro Romano,strategy_nearest,True,0.0027379989624023438,success
04B839429C4C80,0,['Casa Giulietta'],Santa Anastasia,"['AMO', 'Museo Conte', 'Palazzo della Ragione', 'Teatro Romano', 'Centro Fotografia']",Arena,strategy_nearest,False,0.0035011768341064453,success
04B840BA7B3F80,3,"['Arena', 'Teatro Romano']",Castelvecchio,"['Museo Lapidario', 'Verona Tour', 'Museo Radio', 'San Zeno', 'Sighseeing']",San Zeno,strategy_nearest,True,0.0026471614837646484,success
04B857BA7B3F80,3,"['Santa Anastasia', 'Duomo', 'Castelvecchio']",San Zeno,"['Verona Tour', 'Museo Lapidario', 'Arena', 'Museo Miniscalchi', 'Sighseeing']",Arena,strategy_nearest,True,0.0027260780334472656,success
04B858BA7B3F80,3,"['Santa Anastasia', 'Duomo', 'Teatro Romano']",Castelvecchio,"['Museo Lapidario', 'Verona Tour', 'Arena', 'Museo Radio', 'San Zeno']",Arena,strategy_nearest,True,0.0030701160430908203,success
04B851429C4C80,1,"['Museo Lapidario', 'Arena', 'Casa Giulietta']",Torre Lamberti,"['Sighseeing', 'Centro Fotografia', 'Museo Conte', 'Palazzo della Ragione', 'AMO']",Palazzo della Ragione,strategy_nearest,True,0.00409698486328125,success
04B869BA7B3F80,3,"['San Fermo', 'Torre Lamberti', 'Duomo']",Arena,"['Verona Tour', 'Museo Lapidario', 'Museo Radio', 'Casa Giulietta', 'Sighseeing']",Museo Lapidario,strategy_nearest,True,0.003468751907348633,success
04B8743A9C4C80,0,['Arena'],Santa Anastasia,"['AMO', 'Museo Conte', 'Palazzo della Ragione', 'Teatro Romano', 'Centro Fotografia']",Castelvecchio,strategy_nearest,False,0.0019428730010986328,success
04B86F429C4C80,1,['Arena'],Casa Giulietta,"['Centro Fotografia', 'Sighseeing', 'Torre Lamberti', 'Museo Conte', 'Museo Radio']",Palazzo della Ragione,strategy_nearest,False,0.0032770633697509766,success
04B879429C4C80,1,"['Castelvecchio', 'Arena']",Teatro Romano,"['Santa Anastasia', 'Duomo', 'AMO', 'Palazzo della Ragione', 'Museo Conte']",Casa Giulietta,strategy_nearest,False,0.0034122467041015625,success
04B87CBA7B3F80,3,"['Santa Anastasia', 'Duomo']",Casa Giulietta,"['Centro Fotografia', 'Sighseeing', 'Torre Lamberti', 'Museo Conte', 'Museo Radio']",San Fermo,strategy_nearest,False,0.0034029483795166016,success
04B87B429C4C80,2,['Torre Lamberti'],Santa Anastasia,"['AMO', 'Museo Conte', 'Palazzo della Ragione', 'Teatro Romano', 'Centro Fotografia']",Castelvecchio,strategy_nearest,False,0.003077268600463867,success
04B87C3A9C4C80,3,"['Torre Lamberti', 'Santa Anastasia']",Casa Giulietta,"['Centro Fotografia', 'Sighseeing', 'Museo Conte', 'Museo Radio', 'Palazzo della Ragione']",Arena,strategy_nearest,False,0.0037288665771484375,success
04B881BA7B3F80,1,"['Casa Giulietta', 'Torre Lamberti', 'Palazzo della Ragione']",Arena,"['Verona Tour', 'Museo Lapidario', 'Museo Radio', 'San Fermo', 'Sighseeing']",Teatro Romano,strategy_nearest,False,0.00131988525390625,success
04B887BA7B3F80,1,"['Castelvecchio', 'Arena', 'Santa Anastasia']",Torre Lamberti,"['Sighseeing', 'Centro Fotografia', 'Museo Conte', 'Casa Giulietta', 'Palazzo della Ragione']",Palazzo della Ragione,strategy_nearest,True,0.0018618106842041016,success
04B8824A9C4C80,0,['San Zeno'],Castelvecchio,"['Museo Lapidario', 'Verona Tour', 'Arena', 'Museo Radio', 'Sighseeing']",Arena,strategy_nearest,True,0.0028460025787353516,success
04B888BA7B3F80,4,"['Arena', 'Casa Giulietta', 'Torre Lamberti', 'Palazzo della Ragione', 'Santa Anastasia']",Teatro Romano,"['Duomo', 'AMO', 'Museo Conte', 'Centro Fotografia', 'Museo Miniscalchi']",Duomo,strategy_nearest,True,0.0032470226287841797,success
04B88B4A9C4C80,1,"['Arena', 'Castelvecchio']",Palazzo della Ragione,"['AMO', 'Museo Conte', 'Torre Lamberti', 'Centro Fotografia', 'Sighseeing']",Palazzo della Ragione,strategy_nearest,False,0.0024557113647460938,success
04B885429C4C80,3,"['San Zeno', 'Teatro Romano']",Santa Anastasia,"['AMO', 'Museo Conte', 'Palazzo della Ragione', 'Centro Fotografia', 'Duomo']",San Fermo,strategy_nearest,False,0.0036487579345703125,success
04B88C429C4C80,0,['Castelvecchio'],Torre Lamberti,"['Sighseeing', 'Centro Fotografia', 'Museo Conte', 'Casa Giulietta', 'Palazzo della Ragione']",Casa Giulietta,strategy_nearest,True,0.0032629966735839844,success
04B893BA7B3F80,5,"['San Fermo', 'Castelvecchio', 'Duomo']",Palazzo della Ragione,"['AMO', 'Museo Conte', 'Torre Lamberti', 'Centro Fotografia', 'Sighseeing']",Torre Lamberti,strategy_nearest,True,0.002007722854614258,success
04B88EBA7B3F80,0,['Arena'],Casa Giulietta,"['Centro Fotografia', 'Sighseeing', 'Torre Lamberti', 'Museo Conte', 'Museo Radio']",Teatro Romano,strategy_nearest,False,0.0028328895568847656,success
04B894BA7B3F80,1,"['Duomo', 'Santa Anastasia']",Torre Lamberti,"['Sighseeing', 'Centro Fotografia', 'Museo Conte', 'Casa Giulietta', 'Palazzo della Ragione']",Palazzo della Ragione,strategy_nearest,True,0.0026400089263916016,success
04B89C429C4C80,0,['Arena'],Casa Giulietta,"['Centro Fotografia', 'Sighseeing', 'Torre Lamberti', 'Museo Conte', 'Museo Radio']",Torre Lamberti,strategy_nearest,True,0.003056049346923828,success
04B8A54A9C4C80,3,"['Castelvecchio', 'Arena', 'San Fermo']",Casa Giulietta,"['Centro Fotografia', 'Sighseeing', 'Torre Lamberti', 'Museo Conte', 'Museo Radio']",Santa Anastasia,strategy_nearest,False,0.0019457340240478516,success
04B89FBA7B3F80,2,['Castelvecchio'],Duomo,"['AMO', 'Museo Miniscalchi', 'Santa Anastasia', 'Teatro Romano', 'Palazzo della Ragione']",Palazzo della Ragione,strategy_nearest,True,0.0032808780670166016,success
04B8A73A9C4C80,0,['Arena'],Torre Lamberti,"['Sighseeing', 'Centro Fotografia', 'Museo Conte', 'Casa Giulietta', 'Palazzo della Ragione']",Teatro Romano,strategy_nearest,False,0.003381967544555664,success
04B8AA3A9C4C80,1,"['Arena', 'Casa Giulietta']",Torre Lamberti,"['Sighseeing', 'Centro Fotografia', 'Museo Conte', 'Palazzo della Ragione', 'AMO']",Palazzo della Ragione,strategy_nearest,True,0.0032379627227783203,success
04B8AA4A9C4C80,0,['Arena'],Castelvecchio,"['Museo Lapidario', 'Verona Tour', 'Museo Radio', 'San Zeno', 'Sighseeing']",Santa Anastasia,strategy_nearest,False,0.002972841262817383,success
04B8B4429C4C80,1,['Palazzo della Ragione'],Santa Anastasia,"['AMO', 'Museo Conte', 'Teatro Romano', 'Centro Fotografia', 'Duomo']",Torre Lamberti,strategy_nearest,False,0.003222227096557617,success
04B8B83A9C4C80,0,['Arena'],Casa Giulietta,"['Centro Fotografia', 'Sighseeing', 'Torre Lamberti', 'Museo Conte', 'Museo Radio']",Castelvecchio,strategy_nearest,False,0.002439737319946289,success
04B8B2BA7B3F80,3,"['Castelvecchio', 'Duomo', 'Santa Anastasia', 'Torre Lamberti']",Casa Giulietta,"['Centro Fotografia', 'Sighseeing', 'Museo Conte', 'Museo Radio', 'Palazzo della Ragione']",San Zeno,strategy_nearest,False,0.0026781558990478516,success
04B8B8BA7B3F80,4,"['Arena', 'Torre Lamberti', 'Palazzo della Ragione', 'Santa Anastasia', 'Teatro Romano']",Duomo,"['AMO', 'Museo Miniscalchi', 'Museo Conte', 'Centro Fotografia', 'Sighseeing']",Castelvecchio,strategy_nearest,False,0.0030868053436279297,success
04B8B93A9C4C80,3,"['Torre Lamberti', 'Casa Giulietta']",Duomo,"['AMO', 'Museo Miniscalchi', 'Santa Anastasia', 'Teatro Romano', 'Palazzo della Ragione']",Teatro Romano,strategy_nearest,True,0.0033190250396728516,success
04B8BDBA7B3F80,1,"['Castelvecchio', 'Palazzo della Ragione', 'Casa Giulietta']",San Zeno,"['Verona Tour', 'Museo Lapidario', 'Arena', 'Museo Miniscalchi', 'Sighseeing']",San Fermo,strategy_nearest,False,0.0030879974365234375,success
04B8BB429C4C80,3,"['Arena', 'Casa Giulietta']",San Zeno,"['Castelvecchio', 'Verona Tour', 'Museo Lapidario', 'Museo Miniscalchi', 'Sighseeing']",Castelvecchio,strategy_nearest,True,0.0026590824127197266,success
04B8BA3A9C4C80,0,['Arena'],Casa Giulietta,"['Centro Fotografia', 'Sighseeing', 'Torre Lamberti', 'Museo Conte', 'Museo Radio']",Castelvecchio,strategy_nearest,False,0.0017900466918945312,success
04B8C3BA7B3F80,1,"['Arena', 'Castelvecchio', 'San Zeno', 'Teatro Romano']",Duomo,"['AMO', 'Museo Miniscalchi', 'Santa Anastasia', 'Palazzo della Ragione', 'Museo Conte']",Torre Lamberti,strategy_nearest,False,0.002050161361694336,success
04B8BF3A9C4C80,3,['Torre Lamberti'],Santa Anastasia,"['AMO', 'Museo Conte', 'Palazzo della Ragione', 'Teatro Romano', 'Centro Fotografia']",Duomo,strategy_nearest,False,0.002131938934326172,success
04B8C33A9C4C80,2,"['Torre Lamberti', 'Teatro Romano']",Duomo,"['AMO', 'Museo Miniscalchi', 'Santa Anastasia', 'Palazzo della Ragione', 'Museo Conte']",Santa Anastasia,strategy_nearest,True,0.0027399063110351562,success
04B8BF429C4C80,3,"['Arena', 'Museo Lapidario']",Castelvecchio,"['Verona Tour', 'Museo Radio', 'San Zeno', 'Sighseeing', 'Museo Miniscalchi']",Torre Lamberti,strategy_nearest,False,0.0035228729248046875,success
04B8CB3A9C4C80,0,"['Arena', 'Casa Giulietta']",Torre Lamberti,"['Sighseeing', 'Centro Fotografia', 'Museo Conte', 'Palazzo della Ragione', 'AMO']",Duomo,strategy_nearest,False,0.0026268959045410156,success
04B8C73A9C4C80,0,['Arena'],Casa Giulietta,"['Centro Fotografia', 'Sighseeing', 'Torre Lamberti', 'Museo Conte', 'Museo Radio']",Torre Lamberti,strategy_nearest,True,0.0019969940185546875,success
04B8D0BA7B3F80,1,"['Giardino Giusti', 'Teatro Romano', 'Duomo', 'Santa Anastasia']",Casa Giulietta,"['Centro Fotografia', 'Sighseeing', 'Torre Lamberti', 'Museo Conte', 'Museo Radio']",Torre Lamberti,strategy_nearest,True,0.003220796585083008,success
04B8C4BA7B3F80,2,['Torre Lamberti'],Giardino Giusti,"['Santa Anastasia', 'Teatro Romano', 'Museo Conte', 'Centro Fotografia', 'Museo Storia']",Castelvecchio,strategy_nearest,False,0.003983020782470703,success
04B8D5BA7B3F80,3,"['Castelvecchio', 'Duomo', 'Torre Lamberti']",Casa Giulietta,"['Centro Fotografia', 'Sighseeing', 'Museo Conte', 'Museo Radio', 'Palazzo della Ragione']",San Zeno,strategy_nearest,False,0.0017769336700439453,success
04B8D6BA7B3F80,1,"['Castelvecchio', 'Duomo', 'Santa Anastasia', 'Casa Giulietta', 'Teatro Romano', 'Arena']",Museo Lapidario,"['Verona Tour', 'Museo Radio', 'San Fermo', 'Tomba Giulietta', 'Sighseeing']",Tomba Giulietta,strategy_nearest,True,0.0024530887603759766,success
04B8DBBA7B3F80,1,"['Palazzo della Ragione', 'Duomo', 'Teatro Romano']",San Fermo,"['Museo Storia', 'Museo Radio', 'Casa Giulietta', 'Centro Fotografia', 'Arena']",Museo Storia,strategy_nearest,True,0.002780914306640625,success
04B8DC3A9C4C80,3,"['Teatro Romano', 'Castelvecchio']",Arena,"['Verona Tour', 'Museo Lapidario', 'Museo Radio', 'San Fermo', 'Casa Giulietta']",Torre Lamberti,strategy_nearest,False,0.0031638145446777344,success
04B8E0429C4C80,1,"['Teatro Romano', 'Duomo', 'Santa Anastasia', 'Torre Lamberti']",Palazzo della Ragione,"['AMO', 'Museo Conte', 'Centro Fotografia', 'Sighseeing', 'Museo Miniscalchi']",Tomba Giulietta,strategy_nearest,False,0.0030221939086914062,success
04B8DCBA7B3F80,1,"['Arena', 'Museo Lapidario', 'San Fermo', 'Casa Giulietta']",Palazzo della Ragione,"['AMO', 'Museo Conte', 'Torre Lamberti', 'Centro Fotografia', 'Sighseeing']",Torre Lamberti,strategy_nearest,True,0.003364086151123047,success
04B8E1BA7B3F80,3,"['Santa Anastasia', 'Torre Lamberti']",Casa Giulietta,"['Centro Fotografia', 'Sighseeing', 'Museo Conte', 'Museo Radio', 'Palazzo della Ragione']",Arena,strategy_nearest,False,0.0032439231872558594,success
04B8E33A9C4C80,2,"['Casa Giulietta', 'Torre Lamberti']",Palazzo della Ragione,"['AMO', 'Museo Conte', 'Centro Fotografia', 'Sighseeing', 'Santa Anastasia']",Teatro Romano,strategy_nearest,False,0.002514362335205078,success
04B8E2BA7B3F80,3,"['Arena', 'Santa Anastasia', 'Torre Lamberti']",Castelvecchio,"['Museo Lapidario', 'Verona Tour', 'Museo Radio', 'San Zeno', 'Sighseeing']",Casa Giulietta,strategy_nearest,False,0.0034508705139160156,success
04B8E7429C4C80,3,"['Castelvecchio', 'Arena', 'Casa Giulietta']",Torre Lamberti,"['Sighseeing', 'Centro Fotografia', 'Museo Conte', 'Palazzo della Ragione', 'AMO']",San Fermo,strategy_nearest,False,0.003147125244140625,success
04B8E7BA7B3F80,1,"['Duomo', 'Santa Anastasia', 'Arena', 'Casa Giulietta']",Castelvecchio,"['Museo Lapidario', 'Verona Tour', 'Museo Radio', 'San Zeno', 'Sighseeing']",Museo Lapidario,strategy_nearest,True,0.0030050277709960938,success
04B8EC3A9C4C80,3,"['Torre Lamberti', 'Santa Anastasia']",Duomo,"['AMO', 'Museo Miniscalchi', 'Teatro Romano', 'Palazzo della Ragione', 'Museo Conte']",Teatro Romano,strategy_nearest,True,0.0026776790618896484,success
04B8EDBA7B3F80,3,"['Casa Giulietta', 'San Fermo', 'Tomba Giulietta']",Arena,"['Verona Tour', 'Museo Lapidario', 'Museo Radio', 'Sighseeing', 'Castelvecchio']",San Zeno,strategy_nearest,False,0.0024039745330810547,success
04B8EEBA7B3F80,0,['Castelvecchio'],San Zeno,"['Verona Tour', 'Museo Lapidario', 'Arena', 'Museo Miniscalchi', 'Sighseeing']",Arena,strategy_nearest,True,0.0031752586364746094,success
04B8EF3A9C4C80,0,['Arena'],Casa Giulietta,"['Centro Fotografia', 'Sighseeing', 'Torre Lamberti', 'Museo Conte', 'Museo Radio']",Santa Anastasia,strategy_nearest,False,0.00298309326171875,success
04B8F3BA7B3F80,3,"['Santa Anastasia', 'Casa Giulietta']",Arena,"['Verona Tour', 'Museo Lapidario', 'Museo Radio', 'San Fermo', 'Sighseeing']",Giardino Giusti,strategy_nearest,False,0.0031702518463134766,success
04B8F4BA7B3F80,3,"['Santa Anastasia', 'Torre Lamberti', 'Arena']",Casa Giulietta,"['Centro Fotografia', 'Sighseeing', 'Museo Conte', 'Museo Radio', 'Palazzo della Ragione']",San Zeno,strategy_nearest,False,0.0033218860626220703,success
04B8F23A9C4C80,0,"['Arena', 'Casa Giulietta']",Torre Lamberti,"['Sighseeing', 'Centro Fotografia', 'Museo Conte', 'Palazzo della Ragione', 'AMO']",Duomo,strategy_nearest,False,0.004040241241455078,success
04B8FABA7B3F80,3,"['Santa Anastasia', 'Casa Giulietta']",Torre Lamberti,"['Sighseeing', 'Centro Fotografia', 'Museo Conte', 'Palazzo della Ragione', 'AMO']",Duomo,strategy_nearest,False,0.0021691322326660156,success
04B8FA3A9C4C80,0,['Arena'],Casa Giulietta,"['Centro Fotografia', 'Sighseeing', 'Torre Lamberti', 'Museo Conte', 'Museo Radio']",Torre Lamberti,strategy_nearest,True,0.0028388500213623047,success
04B8FFBA7B3F80,0,['Arena'],Casa Giulietta,"['Centro Fotografia', 'Sighseeing', 'Torre Lamberti', 'Museo Conte', 'Museo Radio']",Torre Lamberti,strategy_nearest,True,0.0033500194549560547,success
04B8F9BA7B3F80,3,"['Santa Anastasia', 'Duomo', 'Casa Giulietta']",San Fermo,"['Museo Storia', 'Museo Radio', 'Centro Fotografia', 'Arena', 'Sighseeing']",Giardino Giusti,strategy_nearest,False,0.0016551017761230469,success
04B90ABA7B3F84,3,"['Duomo', 'Santa Anastasia', 'Teatro Romano']",San Fermo,"['Museo Storia', 'Museo Radio', 'Casa Giulietta', 'Centro Fotografia', 'Arena']",Arena,strategy_nearest,True,0.002101898193359375,success
04B909BA7B3F80,1,"['Castelvecchio', 'Arena', 'Casa Giulietta']",Palazzo della Ragione,"['AMO', 'Museo Conte', 'Torre Lamberti', 'Centro Fotografia', 'Sighseeing']",Torre Lamberti,strategy_nearest,True,0.0015420913696289062,success
04B908429C4C84,1,"['Arena', 'Castelvecchio']",San Fermo,"['Museo Storia', 'Museo Radio', 'Casa Giulietta', 'Centro Fotografia', 'Sighseeing']",Santa Anastasia,strategy_nearest,False,0.0028710365295410156,success
04B90BC27B3F80,0,['Arena'],Santa Anastasia,"['AMO', 'Museo Conte', 'Palazzo della Ragione', 'Teatro Romano', 'Centro Fotografia']",Casa Giulietta,strategy_nearest,False,0.003219127655029297,success
04B90FBA7B3F80,1,"['Santa Anastasia', 'Duomo', 'Torre Lamberti']",Palazzo della Ragione,"['AMO', 'Museo Conte', 'Centro Fotografia', 'Sighseeing', 'Museo Miniscalchi']",Teatro Romano,strategy_nearest,False,0.0025491714477539062,success
04B9173A9C4C80,3,['Arena'],Santa Anastasia,"['AMO', 'Museo Conte', 'Palazzo della Ragione', 'Teatro Romano', 'Centro Fotografia']",Duomo,strategy_nearest,False,0.0020630359649658203,success
04B917BA7B3F84,3,"['Castelvecchio', 'Arena', 'Casa Giulietta']",Torre Lamberti,"['Sighseeing', 'Centro Fotografia', 'Museo Conte', 'Palazzo della Ragione', 'AMO']",Santa Anastasia,strategy_nearest,False,0.0033028125762939453,success
04B917429C4C84,0,['Arena'],Casa Giulietta,"['Centro Fotografia', 'Sighseeing', 'Torre Lamberti', 'Museo Conte', 'Museo Radio']",Torre Lamberti,strategy_nearest,True,0.002752065658569336,success
04B920429C4C84,1,"['Arena', 'Torre Lamberti', 'Palazzo della Ragione']",Casa Giulietta,"['Centro Fotografia', 'Sighseeing', 'Museo Conte', 'Museo Radio', 'San Fermo']",San Fermo,strategy_nearest,True,0.0018181800842285156,success
04B91F4A9C4C80,3,"['Casa Giulietta', 'Duomo']",Arena,"['Verona Tour', 'Museo Lapidario', 'Museo Radio', 'San Fermo', 'Sighseeing']",Torre Lamberti,strategy_nearest,False,0.003737211227416992,success
04B91A429C4C80,3,['Torre Lamberti'],Santa Anastasia,"['AMO', 'Museo Conte', 'Palazzo della Ragione', 'Teatro Romano', 'Centro Fotografia']",Duomo,strategy_nearest,False,0.0026099681854248047,success
04B922BA7B3F84,2,"['Casa Giulietta', 'Palazzo della Ragione']",Torre Lamberti,"['Sighseeing', 'Centro Fotografia', 'Museo Conte', 'AMO', 'Museo Miniscalchi']",Santa Anastasia,strategy_nearest,False,0.0031790733337402344,success
04B928BA7B3F84,1,"['Casa Giulietta', 'Palazzo della Ragione', 'San Fermo']",Tomba Giulietta,"['Museo Storia', 'Arena', 'Museo Lapidario', 'Museo Radio', 'Verona Tour']",Arena,strategy_nearest,True,0.00186920166015625,success
04B92A429C4C84,6,"['Castelvecchio', 'Arena']",Verona Tour,"['Museo Lapidario', 'Museo Radio', 'Casa Giulietta', 'Sighseeing', 'Torre Lamberti']",Torre Lamberti,strategy_nearest,True,0.0033338069915771484,success
04B929BA7B3F84,2,"['Duomo', 'Casa Giulietta']",Castelvecchio,"['Museo Lapidario', 'Verona Tour', 'Arena', 'Museo Radio', 'San Zeno']",Torre Lamberti,strategy_nearest,False,0.002805948257446289,success
04B92C4A9C4C80,4,"['Arena', 'Santa Anastasia', 'Torre Lamberti', 'Casa Giulietta', 'Tomba Giulietta']",Museo Radio,"['San Fermo', 'Sighseeing', 'Centro Fotografia', 'Verona Tour', 'Museo Conte']",San Fermo,strategy_nearest,True,0.0030851364135742188,success
04B92B429C4C80,3,"['San Zeno', 'Castelvecchio', 'Arena']",Casa Giulietta,"['Centro Fotografia', 'Sighseeing', 'Torre Lamberti', 'Museo Conte', 'Museo Radio']",Torre Lamberti,strategy_nearest,True,0.0031120777130126953,success
04B92FBA7B3F80,3,"['Santa Anastasia', 'Duomo', 'Teatro Romano']",Castelvecchio,"['Museo Lapidario', 'Verona Tour', 'Arena', 'Museo Radio', 'San Zeno']",Arena,strategy_nearest,True,0.002465963363647461,success
04B92D3A9C4C80,0,['Arena'],Casa Giulietta,"['Centro Fotografia', 'Sighseeing', 'Torre Lamberti', 'Museo Conte', 'Museo Radio']",Torre Lamberti,strategy_nearest,True,0.0027170181274414062,success
04B9344A9C4C80,3,['Arena'],Casa Giulietta,"['Centro Fotografia', 'Sighseeing', 'Torre Lamberti', 'Museo Conte', 'Museo Radio']",Torre Lamberti,strategy_nearest,True,0.0025920867919921875,success
04B930BA7B3F80,2,['Duomo'],Teatro Romano,"['Santa Anastasia', 'AMO', 'Palazzo della Ragione', 'Museo Conte', 'Centro Fotografia']",San Fermo,strategy_nearest,False,0.003228902816772461,success
04B93B4A9C4C80,4,"['Arena', 'Casa Giulietta', 'San Zeno', 'Castelvecchio']",Torre Lamberti,"['Sighseeing', 'Centro Fotografia', 'Museo Conte', 'Palazzo della Ragione', 'AMO']",Palazzo della Ragione,strategy_nearest,True,0.0026092529296875,success
04B9413A9C4C80,1,"['Arena', 'Torre Lamberti', 'Palazzo della Ragione', 'Castelvecchio']",Teatro Romano,"['Santa Anastasia', 'Duomo', 'AMO', 'Museo Conte', 'Centro Fotografia']",Santa Anastasia,strategy_nearest,True,0.0030448436737060547,success
04B94D429C4C80,3,"['Casa Giulietta', 'Santa Anastasia']",Castelvecchio,"['Museo Lapidario', 'Verona Tour', 'Arena', 'Museo Radio', 'San Zeno']",Teatro Romano,strategy_nearest,False,0.0025908946990966797,success
04B948BA7B3F80,1,"['Castelvecchio', 'Museo Lapidario', 'Arena']",San Fermo,"['Museo Storia', 'Museo Radio', 'Casa Giulietta', 'Centro Fotografia', 'Sighseeing']",Museo Storia,strategy_nearest,True,0.0035741329193115234,success
04B94DBA7B3F80,3,"['Castelvecchio', 'Arena']",Santa Anastasia,"['AMO', 'Museo Conte', 'Palazzo della Ragione', 'Teatro Romano', 'Centro Fotografia']",Torre Lamberti,strategy_nearest,False,0.0032062530517578125,success
04B94F429C4C80,0,['Arena'],Casa Giulietta,"['Centro Fotografia', 'Sighseeing', 'Torre Lamberti', 'Museo Conte', 'Museo Radio']",Santa Anastasia,strategy_nearest,False,0.002991914749145508,success
04B951429C4C80,3,"['Teatro Romano', 'Duomo', 'Santa Anastasia', 'Arena', 'San Zeno']",Castelvecchio,"['Museo Lapidario', 'Verona Tour', 'Museo Radio', 'Sighseeing', 'Museo Miniscalchi']",San Fermo,strategy_nearest,False,0.003536224365234375,success
04B955429C4C80,2,['Castelvecchio'],Casa Giulietta,"['Centro Fotografia', 'Sighseeing', 'Torre Lamberti', 'Museo Conte', 'Museo Radio']",Teatro Romano,strategy_nearest,False,0.0026826858520507812,success
04B954429C4C80,1,"['Arena', 'Casa Giulietta', 'Teatro Romano']",Duomo,"['AMO', 'Museo Miniscalchi', 'Santa Anastasia', 'Palazzo della Ragione', 'Museo Conte']",Torre Lamberti,strategy_nearest,False,0.0027780532836914062,success
04B9563A9C4C80,1,"['Casa Giulietta', 'Torre Lamberti', 'Palazzo della Ragione', 'Santa Anastasia']",Duomo,"['AMO', 'Museo Miniscalchi', 'Teatro Romano', 'Museo Conte', 'Centro Fotografia']",Teatro Romano,strategy_nearest,True,0.003210783004760742,success
04B9723A9C4C80,1,"['Arena', 'Torre Lamberti']",Palazzo della Ragione,"['AMO', 'Museo Conte', 'Centro Fotografia', 'Sighseeing', 'Santa Anastasia']",Casa Giulietta,strategy_nearest,False,0.0025458335876464844,success
04B958429C4C80,0,"['Torre Lamberti', 'Casa Giulietta']",Arena,"['Verona Tour', 'Museo Lapidario', 'Museo Radio', 'San Fermo', 'Sighseeing']",Teatro Romano,strategy_nearest,False,0.0020253658294677734,success
04B96CBA7B3F80,0,"['Castelvecchio', 'Teatro Romano']",Casa Giulietta,"['Centro Fotografia', 'Sighseeing', 'Torre Lamberti', 'Museo Conte', 'Museo Radio']",Torre Lamberti,strategy_nearest,True,0.0031719207763671875,success
04B977BA7B3F80,1,"['Santa Anastasia', 'Duomo', 'Teatro Romano', 'San Zeno', 'Castelvecchio']",Museo Lapidario,"['Verona Tour', 'Arena', 'Museo Radio', 'San Fermo', 'Casa Giulietta']",Arena,strategy_nearest,True,0.003300905227661133,success
04B9794A9C4C80,3,['Arena'],Casa Giulietta,"['Centro Fotografia', 'Sighseeing', 'Torre Lamberti', 'Museo Conte', 'Museo Radio']",Torre Lamberti,strategy_nearest,True,0.0019440650939941406,success
04B978BA7B3F80,3,"['Teatro Romano', 'Duomo', 'Casa Giulietta']",Arena,"['Verona Tour', 'Museo Lapidario', 'Museo Radio', 'San Fermo', 'Sighseeing']",Castelvecchio,strategy_nearest,False,0.0034089088439941406,success
04B97EBA7B3F80,3,"['San Fermo', 'Teatro Romano', 'Arena']",Castelvecchio,"['Museo Lapidario', 'Verona Tour', 'Museo Radio', 'San Zeno', 'Sighseeing']",San Zeno,strategy_nearest,True,0.002035856246948242,success
04B97F4A9C4C80,0,['Tomba Giulietta'],Arena,"['Verona Tour', 'Museo Lapidario', 'Museo Radio', 'San Fermo', 'Casa Giulietta']",Casa Giulietta,strategy_nearest,True,0.0033681392669677734,success
04B98ABA7B3F80,1,"['Museo Storia', 'San Fermo', 'Casa Giulietta']",Torre Lamberti,"['Sighseeing', 'Centro Fotografia', 'Museo Conte', 'Palazzo della Ragione', 'AMO']",Palazzo della Ragione,strategy_nearest,True,0.0032682418823242188,success
04B98D429C4C80,3,"['Torre Lamberti', 'Santa Anastasia']",Duomo,"['AMO', 'Museo Miniscalchi', 'Teatro Romano', 'Palazzo della Ragione', 'Museo Conte']",Arena,strategy_nearest,False,0.002596139907836914,success
04B98D4A9C4C80,2,['Santa Anastasia'],Duomo,"['AMO', 'Museo Miniscalchi', 'Teatro Romano', 'Palazzo della Ragione', 'Museo Conte']",Castelvecchio,strategy_nearest,False,0.0030748844146728516,success
04B989BA7B3F80,1,"['San Zeno', 'Arena', 'Casa Giulietta', 'Giardino Giusti']",Castelvecchio,"['Museo Lapidario', 'Verona Tour', 'Museo Radio', 'Sighseeing', 'Museo Miniscalchi']",Palazzo della Ragione,strategy_nearest,False,0.0033409595489501953,success
04B9934A9C4C80,0,"['Arena', 'Casa Giulietta']",Giardino Giusti,"['Santa Anastasia', 'Teatro Romano', 'Museo Conte', 'Centro Fotografia', 'Museo Storia']",Teatro Romano,strategy_nearest,True,0.0026559829711914062,success
04B9A04A9C4C80,3,['Arena'],Torre Lamberti,"['Sighseeing', 'Centro Fotografia', 'Museo Conte', 'Casa Giulietta', 'Palazzo della Ragione']",Santa Anastasia,strategy_nearest,False,0.0019741058349609375,success
04B9A54A9C4C80,3,['Arena'],Casa Giulietta,"['Centro Fotografia', 'Sighseeing', 'Torre Lamberti', 'Museo Conte', 'Museo Radio']",Santa Anastasia,strategy_nearest,False,0.0028002262115478516,success
04B9A73A9C4C80,0,['Arena'],Torre Lamberti,"['Sighseeing', 'Centro Fotografia', 'Museo Conte', 'Casa Giulietta', 'Palazzo della Ragione']",Casa Giulietta,strategy_nearest,True,0.0031228065490722656,success
04B9A84A9C4C80,0,['Arena'],Casa Giulietta,"['Centro Fotografia', 'Sighseeing', 'Torre Lamberti', 'Museo Conte', 'Museo Radio']",Torre Lamberti,strategy_nearest,True,0.003325939178466797,success
04B9AA429C4C80,1,"['Museo Lapidario', 'Arena', 'Palazzo della Ragione']",Santa Anastasia,"['AMO', 'Museo Conte', 'Teatro Romano', 'Centro Fotografia', 'Duomo']",Duomo,strategy_nearest,True,0.002712249755859375,success
04B9ADBA7B3F80,3,"['Castelvecchio', 'Arena', 'Casa Giulietta']",Torre Lamberti,"['Sighseeing', 'Centro Fotografia', 'Museo Conte', 'Palazzo della Ragione', 'AMO']",Santa Anastasia,strategy_nearest,False,0.003077983856201172,success
04B9B0429C4C80,0,['Arena'],Castelvecchio,"['Museo Lapidario', 'Verona Tour', 'Museo Radio', 'San Zeno', 'Sighseeing']",Casa Giulietta,strategy_nearest,False,0.0025451183319091797,success
04B9AEBA7B3F80,1,"['Santa Anastasia', 'Palazzo della Ragione']",Arena,"['Verona Tour', 'Museo Lapidario', 'Museo Radio', 'San Fermo', 'Casa Giulietta']",Castelvecchio,strategy_nearest,False,0.003242015838623047,success
04B9B3BA7B3F80,0,['Arena'],Casa Giulietta,"['Centro Fotografia', 'Sighseeing', 'Torre Lamberti', 'Museo Conte', 'Museo Radio']",Teatro Romano,strategy_nearest,False,0.0032601356506347656,success
04B9B2429C4C80,3,"['Arena', 'Museo Lapidario', 'Castelvecchio']",Torre Lamberti,"['Sighseeing', 'Centro Fotografia', 'Museo Conte', 'Casa Giulietta', 'Palazzo della Ragione']",Duomo,strategy_nearest,False,0.0026662349700927734,success
04B9BD3A9C4C80,0,['Arena'],Casa Giulietta,"['Centro Fotografia', 'Sighseeing', 'Torre Lamberti', 'Museo Conte', 'Museo Radio']",Castelvecchio,strategy_nearest,False,0.001967191696166992,success
04B9C53A9C4C80,0,['Arena'],Torre Lamberti,"['Sighseeing', 'Centro Fotografia', 'Museo Conte', 'Casa Giulietta', 'Palazzo della Ragione']",Castelvecchio,strategy_nearest,False,0.0031270980834960938,success
04B9C2429C4C80,1,"['Arena', 'Castelvecchio']",Palazzo della Ragione,"['AMO', 'Museo Conte', 'Torre Lamberti', 'Centro Fotografia', 'Sighseeing']",Torre Lamberti,strategy_nearest,True,0.0022039413452148438,success
04B9BF429C4C80,3,"['Arena', 'Casa Giulietta']",Torre Lamberti,"['Sighseeing', 'Centro Fotografia', 'Museo Conte', 'Palazzo della Ragione', 'AMO']",Santa Anastasia,strategy_nearest,False,0.0036039352416992188,success
04B9C93A9C4C80,3,"['Arena', 'San Fermo']",Santa Anastasia,"['AMO', 'Museo Conte', 'Palazzo della Ragione', 'Teatro Romano', 'Centro Fotografia']",Duomo,strategy_nearest,False,0.0031528472900390625,success
04B9CB3A9C4C80,0,['Arena'],San Fermo,"['Museo Storia', 'Museo Radio', 'Casa Giulietta', 'Centro Fotografia', 'Sighseeing']",San Zeno,strategy_nearest,False,0.0020508766174316406,success
04B9D2BA7B3F80,3,"['San Zeno', 'San Zeno', 'Duomo', 'Santa Anastasia']",Teatro Romano,"['AMO', 'Palazzo della Ragione', 'Museo Conte', 'Centro Fotografia', 'Museo Miniscalchi']",Castelvecchio,strategy_nearest,False,0.002723217010498047,success
04B9D73A9C4C80,0,"['Arena', 'Casa Giulietta']",Tomba Giulietta,"['San Fermo', 'Museo Storia', 'Museo Lapidario', 'Museo Radio', 'Verona Tour']",Castelvecchio,strategy_nearest,False,0.0031502246856689453,success
04B9DEBA7B3F80,1,"['San Fermo', 'Teatro Romano', 'Duomo']",Torre Lamberti,"['Sighseeing', 'Centro Fotografia', 'Museo Conte', 'Casa Giulietta', 'Palazzo della Ragione']",Palazzo della Ragione,strategy_nearest,True,0.0022089481353759766,success
04B9D9BA7B3F80,1,"['Casa Giulietta', 'Arena']",Torre Lamberti,"['Sighseeing', 'Centro Fotografia', 'Museo Conte', 'Palazzo della Ragione', 'AMO']",Palazzo della Ragione,strategy_nearest,True,0.0029039382934570312,success
04B9E4BA7B3F80,1,"['Castelvecchio', 'San Zeno', 'Casa Giulietta', 'Torre Lamberti', 'Palazzo della Ragione']",Arena,"['Verona Tour', 'Museo Lapidario', 'Museo Radio', 'San Fermo', 'Sighseeing']",San Fermo,strategy_nearest,True,0.0028269290924072266,success
04B9E5BA7B3F80,4,"['Santa Anastasia', 'Casa Giulietta', 'San Fermo', 'Arena']",Torre Lamberti,"['Sighseeing', 'Centro Fotografia', 'Museo Conte', 'Palazzo della Ragione', 'AMO']",Palazzo della Ragione,strategy_nearest,True,0.0017001628875732422,success
04B9F1429C4C80,0,"['Tomba Giulietta', 'Castelvecchio']",Arena,"['Verona Tour', 'Museo Lapidario', 'Museo Radio', 'San Fermo', 'Casa Giulietta']",Torre Lamberti,strategy_nearest,False,0.0034830570220947266,success
04B9F1BA7B3F80,3,"['San Zeno', 'Castelvecchio', 'Arena', 'Casa Giulietta']",Torre Lamberti,"['Sighseeing', 'Centro Fotografia', 'Museo Conte', 'Palazzo della Ragione', 'AMO']",Santa Anastasia,strategy_nearest,False,0.0026171207427978516,success
04B9FB429C4C80,1,"['Arena', 'Torre Lamberti', 'Palazzo della Ragione']",Castelvecchio,"['Museo Lapidario', 'Verona Tour', 'Museo Radio', 'San Zeno', 'Sighseeing']",Tomba Giulietta,strategy_nearest,False,0.003200054168701172,success
04B9F0BA7B3F80,1,"['San Zeno', 'Palazzo della Ragione', 'Torre Lamberti', 'Casa Giulietta', 'San Fermo']",Duomo,"['AMO', 'Museo Miniscalchi', 'Santa Anastasia', 'Teatro Romano', 'Museo Conte']",Teatro Romano,strategy_nearest,True,0.002908945083618164,success
04BA00429C4C84,1,"['Arena', 'Giardino Giusti']",Casa Giulietta,"['Centro Fotografia', 'Sighseeing', 'Torre Lamberti', 'Museo Conte', 'Museo Radio']",Torre Lamberti,strategy_nearest,True,0.0026988983154296875,success
04BA01429C4C84,3,"['Arena', 'Museo Lapidario', 'Castelvecchio', 'San Fermo', 'Tomba Giulietta']",Giardino Giusti,"['Santa Anastasia', 'Teatro Romano', 'Museo Conte', 'Centro Fotografia', 'Museo Storia']",Casa Giulietta,strategy_nearest,False,0.003307819366455078,success
04BA02429C4C84,1,"['Casa Giulietta', 'Arena', 'Tomba Giulietta', 'Torre Lamberti']",Palazzo della Ragione,"['AMO', 'Museo Conte', 'Centro Fotografia', 'Sighseeing', 'Santa Anastasia']",Castelvecchio,strategy_nearest,False,0.0026857852935791016,success
04B9FDBA7B3F80,0,['Teatro Romano'],Casa Giulietta,"['Centro Fotografia', 'Sighseeing', 'Torre Lamberti', 'Museo Conte', 'Museo Radio']",Torre Lamberti,strategy_nearest,True,0.001851797103881836,success
04BA03BA7B3F84,0,['Castelvecchio'],Arena,"['Verona Tour', 'Museo Lapidario', 'Museo Radio', 'San Fermo', 'Casa Giulietta']",Casa Giulietta,strategy_nearest,True,0.0015189647674560547,success
04BA09429C4C80,3,"['Castelvecchio', 'Arena']",Duomo,"['AMO', 'Museo Miniscalchi', 'Santa Anastasia', 'Teatro Romano', 'Palazzo della Ragione']",Teatro Romano,strategy_nearest,True,0.0027899742126464844,success
04BA04BA7B3F84,3,"['Santa Anastasia', 'Torre Lamberti', 'Arena']",Casa Giulietta,"['Centro Fotografia', 'Sighseeing', 'Museo Conte', 'Museo Radio', 'Palazzo della Ragione']",San Zeno,strategy_nearest,False,0.002115011215209961,success
04BA0B429C4C84,0,['Arena'],Torre Lamberti,"['Sighseeing', 'Centro Fotografia', 'Museo Conte', 'Casa Giulietta', 'Palazzo della Ragione']",Casa Giulietta,strategy_nearest,True,0.0030241012573242188,success
04BA0CBA7B3F80,1,"['San Zeno', 'Arena', 'Casa Giulietta', 'Giardino Giusti']",Castelvecchio,"['Museo Lapidario', 'Verona Tour', 'Museo Radio', 'Sighseeing', 'Museo Miniscalchi']",Palazzo della Ragione,strategy_nearest,False,0.0020940303802490234,success
04BA0BBA7B3F84,1,"['Museo Lapidario', 'Castelvecchio', 'San Zeno', 'Arena']",Casa Giulietta,"['Centro Fotografia', 'Sighseeing', 'Torre Lamberti', 'Museo Conte', 'Museo Radio']",Palazzo della Ragione,strategy_nearest,False,0.0030438899993896484,success
04BA0E3A9C4C84,0,['Castelvecchio'],Arena,"['Verona Tour', 'Museo Lapidario', 'Museo Radio', 'San Fermo', 'Casa Giulietta']",Casa Giulietta,strategy_nearest,True,0.0033140182495117188,success
04BA0C3A9C4C84,6,['Casa Giulietta'],Santa Anastasia,"['AMO', 'Museo Conte', 'Palazzo della Ragione', 'Teatro Romano', 'Centro Fotografia']",Duomo,strategy_nearest,False,0.0027337074279785156,success
04BA10BA7B3F84,1,"['Castelvecchio', 'Museo Lapidario', 'Arena']",San Fermo,"['Museo Storia', 'Museo Radio', 'Casa Giulietta', 'Centro Fotografia', 'Sighseeing']",Museo Storia,strategy_nearest,True,0.003409147262573242,success
04BA1C3A9C4C80,3,['Arena'],Duomo,"['AMO', 'Museo Miniscalchi', 'Santa Anastasia', 'Teatro Romano', 'Palazzo della Ragione']",Teatro Romano,strategy_nearest,True,0.0015370845794677734,success
04BA1CBA7B3F84,3,"['Casa Giulietta', 'Torre Lamberti']",San Fermo,"['Museo Storia', 'Museo Radio', 'Centro Fotografia', 'Arena', 'Sighseeing']",Arena,strategy_nearest,True,0.003342151641845703,success
04BA184A9C4C80,1,"['Castelvecchio', 'Casa Giulietta']",Arena,"['Verona Tour', 'Museo Lapidario', 'Museo Radio', 'San Fermo', 'Sighseeing']",Palazzo della Ragione,strategy_nearest,False,0.0027840137481689453,success
04BA1EBA7B3F80,3,"['Arena', 'Castelvecchio', 'Giardino Giusti']",Teatro Romano,"['Santa Anastasia', 'Duomo', 'AMO', 'Palazzo della Ragione', 'Museo Conte']",Duomo,strategy_nearest,True,0.0019257068634033203,success
04BA1D3A9C4C80,0,['Arena'],Casa Giulietta,"['Centro Fotografia', 'Sighseeing', 'Torre Lamberti', 'Museo Conte', 'Museo Radio']",Duomo,strategy_nearest,False,0.0027751922607421875,success
04BA25BA7B3F80,3,"['Teatro Romano', 'Duomo', 'Torre Lamberti']",Arena,"['Verona Tour', 'Museo Lapidario', 'Museo Radio', 'San Fermo', 'Casa Giulietta']",San Fermo,strategy_nearest,True,0.002653837203979492,success
04BA1F3A9C4C80,0,['Arena'],Tomba Giulietta,"['San Fermo', 'Museo Storia', 'Museo Lapidario', 'Museo Radio', 'Verona Tour']",Castelvecchio,strategy_nearest,False,0.003406047821044922,success
04BA29BA7B3F84,0,['Castelvecchio'],Arena,"['Verona Tour', 'Museo Lapidario', 'Museo Radio', 'San Fermo', 'Casa Giulietta']",Casa Giulietta,strategy_nearest,True,0.0026938915252685547,success
04BA2D3A9C4C80,0,"['Arena', 'Teatro Romano']",Casa Giulietta,"['Centro Fotografia', 'Sighseeing', 'Torre Lamberti', 'Museo Conte', 'Museo Radio']",San Fermo,strategy_nearest,False,0.0025110244750976562,success
04BA29429C4C84,4,"['Casa Giulietta', 'Arena']",Tomba Giulietta,"['San Fermo', 'Museo Storia', 'Museo Lapidario', 'Museo Radio', 'Verona Tour']",Museo Radio,strategy_nearest,True,0.0031120777130126953,success
04BA2BBA7B3F80,2,"['Santa Anastasia', 'Giardino Giusti']",Palazzo della Ragione,"['AMO', 'Museo Conte', 'Torre Lamberti', 'Centro Fotografia', 'Sighseeing']",Castelvecchio,strategy_nearest,False,0.0040302276611328125,success
04BA36429C4C80,1,"['Arena', 'Torre Lamberti']",Palazzo della Ragione,"['AMO', 'Museo Conte', 'Centro Fotografia', 'Sighseeing', 'Santa Anastasia']",Castelvecchio,strategy_nearest,False,0.002731800079345703,success
04BA344A9C4C80,0,['Castelvecchio'],Casa Giulietta,"['Centro Fotografia', 'Sighseeing', 'Torre Lamberti', 'Museo Conte', 'Museo Radio']",Arena,strategy_nearest,False,0.0034232139587402344,success
04BA3EBA7B3F80,1,"['San Zeno', 'Castelvecchio', 'Arena', 'Casa Giulietta']",San Fermo,"['Museo Storia', 'Museo Radio', 'Centro Fotografia', 'Sighseeing', 'Torre Lamberti']",Torre Lamberti,strategy_nearest,True,0.0032901763916015625,success
04BA3D429C4C80,3,"['Santa Anastasia', 'Duomo']",Arena,"['Verona Tour', 'Museo Lapidario', 'Museo Radio', 'San Fermo', 'Casa Giulietta']",Castelvecchio,strategy_nearest,False,0.0015139579772949219,success
04BA483A9C4C80,1,"['Arena', 'Tomba Giulietta', 'Torre Lamberti']",Palazzo della Ragione,"['AMO', 'Museo Conte', 'Centro Fotografia', 'Sighseeing', 'Santa Anastasia']",Casa Giulietta,strategy_nearest,False,0.002605915069580078,success
04BA49BA7B3F80,3,['Castelvecchio'],Arena,"['Verona Tour', 'Museo Lapidario', 'Museo Radio', 'San Fermo', 'Casa Giulietta']",San Fermo,strategy_nearest,True,0.0020380020141601562,success
04BA4ABA7B3F80,1,"['San Zeno', 'Castelvecchio', 'Arena', 'Casa Giulietta']",San Fermo,"['Museo Storia', 'Museo Radio', 'Centro Fotografia', 'Sighseeing', 'Torre Lamberti']",Torre Lamberti,strategy_nearest,True,0.003362894058227539,success
04BA4D429C4C80,3,"['Casa Giulietta', 'Torre Lamberti']",Santa Anastasia,"['AMO', 'Museo Conte', 'Palazzo della Ragione', 'Teatro Romano', 'Centro Fotografia']",Teatro Romano,strategy_nearest,True,0.0026900768280029297,success
04BA51429C4C80,3,"['Castelvecchio', 'Arena', 'Casa Giulietta']",Torre Lamberti,"['Sighseeing', 'Centro Fotografia', 'Museo Conte', 'Palazzo della Ragione', 'AMO']",Santa Anastasia,strategy_nearest,False,0.0025098323822021484,success
04BA4F3A9C4C80,0,"['Arena', 'Castelvecchio']",Museo Lapidario,"['Verona Tour', 'Museo Radio', 'San Fermo', 'Casa Giulietta', 'Tomba Giulietta']",Casa Giulietta,strategy_nearest,True,0.0031442642211914062,success
04BA55BA7B3F80,1,"['Casa Giulietta', 'Torre Lamberti', 'Palazzo della Ragione']",Arena,"['Verona Tour', 'Museo Lapidario', 'Museo Radio', 'San Fermo', 'Sighseeing']",Castelvecchio,strategy_nearest,False,0.003314971923828125,success
04BA57429C4C80,0,['Casa Giulietta'],Teatro Romano,"['Santa Anastasia', 'Duomo', 'AMO', 'Palazzo della Ragione', 'Museo Conte']",Arena,strategy_nearest,False,0.002591848373413086,success
04BA59429C4C80,2,"['Casa Giulietta', 'Torre Lamberti', 'Palazzo della Ragione']",Santa Anastasia,"['AMO', 'Museo Conte', 'Teatro Romano', 'Centro Fotografia', 'Duomo']",Teatro Romano,strategy_nearest,True,0.002193927764892578,success
04BA5A429C4C80,0,['Arena'],Castelvecchio,"['Museo Lapidario', 'Verona Tour', 'Museo Radio', 'San Zeno', 'Sighseeing']",Casa Giulietta,strategy_nearest,False,0.0026061534881591797,success
04BA5CBA7B3F80,1,"['Arena', 'Casa Giulietta']",Teatro Romano,"['Santa Anastasia', 'Duomo', 'AMO', 'Palazzo della Ragione', 'Museo Conte']",Torre Lamberti,strategy_nearest,False,0.0021598339080810547,success
04BA5BBA7B3F80,1,"['Duomo', 'Teatro Romano']",Arena,"['Verona Tour', 'Museo Lapidario', 'Museo Radio', 'San Fermo', 'Casa Giulietta']",Palazzo della Ragione,strategy_nearest,False,0.0018329620361328125,success
04BA773A9C4C80,3,"['Museo Lapidario', 'Arena', 'Castelvecchio']",Casa Giulietta,"['Centro Fotografia', 'Sighseeing', 'Torre Lamberti', 'Museo Conte', 'Museo Radio']",Santa Anastasia,strategy_nearest,False,0.0030639171600341797,success
04BA61BA7B3F80,1,['Castelvecchio'],Palazzo della Ragione,"['AMO', 'Museo Conte', 'Torre Lamberti', 'Centro Fotografia', 'Sighseeing']",Arena,strategy_nearest,False,0.003384828567504883,success
04BA6D3A9C4C80,3,"['Arena', 'Castelvecchio', 'San Zeno']",Teatro Romano,"['Santa Anastasia', 'Duomo', 'AMO', 'Palazzo della Ragione', 'Museo Conte']",Santa Anastasia,strategy_nearest,True,0.002068042755126953,success
04BA6C429C4C80,2,"['Castelvecchio', 'Casa Giulietta', 'Torre Lamberti']",Palazzo della Ragione,"['AMO', 'Museo Conte', 'Centro Fotografia', 'Sighseeing', 'Santa Anastasia']",San Zeno,strategy_nearest,False,0.0033512115478515625,success
04BA79429C4C80,3,"['Arena', 'Casa Giulietta']",San Fermo,"['Museo Storia', 'Museo Radio', 'Centro Fotografia', 'Sighseeing', 'Torre Lamberti']",Santa Anastasia,strategy_nearest,False,0.0033597946166992188,success
04BA7A4A9C4C80,3,"['Arena', 'Casa Giulietta', 'Torre Lamberti']",Santa Anastasia,"['AMO', 'Museo Conte', 'Palazzo della Ragione', 'Teatro Romano', 'Centro Fotografia']",Duomo,strategy_nearest,False,0.0020928382873535156,success
04BA79BA7B3F80,3,"['Castelvecchio', 'Arena', 'Casa Giulietta']",Torre Lamberti,"['Sighseeing', 'Centro Fotografia', 'Museo Conte', 'Palazzo della Ragione', 'AMO']",Santa Anastasia,strategy_nearest,False,0.0015420913696289062,success
04BA7ABA7B3F80,0,"['Arena', 'San Fermo']",Casa Giulietta,"['Centro Fotografia', 'Sighseeing', 'Torre Lamberti', 'Museo Conte', 'Museo Radio']",Teatro Romano,strategy_nearest,False,0.0025949478149414062,success
04BA7B429C4C80,0,['Casa Giulietta'],Torre Lamberti,"['Sighseeing', 'Centro Fotografia', 'Museo Conte', 'Palazzo della Ragione', 'AMO']",Arena,strategy_nearest,False,0.0015888214111328125,success
04BA80BA7B3F80,0,['Duomo'],Giardino Giusti,"['Santa Anastasia', 'Teatro Romano', 'Museo Conte', 'Centro Fotografia', 'Museo Storia']",Arena,strategy_nearest,False,0.0020661354064941406,success
04BA7C3A9C4C80,3,"['Arena', 'Museo Lapidario', 'Castelvecchio']",Santa Anastasia,"['AMO', 'Museo Conte', 'Palazzo della Ragione', 'Teatro Romano', 'Centro Fotografia']",Duomo,strategy_nearest,False,0.0027489662170410156,success
04BA85BA7B3F80,4,"['Arena', 'Casa Giulietta', 'Torre Lamberti', 'Palazzo della Ragione', 'Santa Anastasia']",Teatro Romano,"['Duomo', 'AMO', 'Museo Conte', 'Centro Fotografia', 'Museo Miniscalchi']",Duomo,strategy_nearest,True,0.0033681392669677734,success
04BA86429C4C80,3,"['San Fermo', 'Torre Lamberti', 'Arena']",Castelvecchio,"['Museo Lapidario', 'Verona Tour', 'Museo Radio', 'San Zeno', 'Sighseeing']",Casa Giulietta,strategy_nearest,False,0.0018460750579833984,success
04BA883A9C4C80,1,"['Arena', 'Casa Giulietta']",Castelvecchio,"['Museo Lapidario', 'Verona Tour', 'Museo Radio', 'San Zeno', 'Sighseeing']",Torre Lamberti,strategy_nearest,False,0.0023758411407470703,success
04BA894A9C4C80,1,"['Casa Giulietta', 'Arena']",Castelvecchio,"['Museo Lapidario', 'Verona Tour', 'Museo Radio', 'San Zeno', 'Sighseeing']",Torre Lamberti,strategy_nearest,False,0.0031638145446777344,success
04BA8E4A9C4C80,0,"['Torre Lamberti', 'Casa Giulietta']",Arena,"['Verona Tour', 'Museo Lapidario', 'Museo Radio', 'San Fermo', 'Sighseeing']",Castelvecchio,strategy_nearest,False,0.0024178028106689453,success
04BA97BA7B3F80,3,"['Duomo', 'Teatro Romano']",Arena,"['Verona Tour', 'Museo Lapidario', 'Museo Radio', 'San Fermo', 'Casa Giulietta']",Casa Giulietta,strategy_nearest,True,0.0023381710052490234,success
04BA98BA7B3F80,1,"['Arena', 'Castelvecchio', 'San Zeno', 'Teatro Romano']",Duomo,"['AMO', 'Museo Miniscalchi', 'Santa Anastasia', 'Palazzo della Ragione', 'Museo Conte']",Torre Lamberti,strategy_nearest,False,0.0033330917358398438,success
04BAA14A9C4C80,2,['Casa Giulietta'],Torre Lamberti,"['Sighseeing', 'Centro Fotografia', 'Museo Conte', 'Palazzo della Ragione', 'AMO']",Castelvecchio,strategy_nearest,False,0.0025119781494140625,success
04BAA3BA7B3F80,1,"['San Zeno', 'Castelvecchio', 'Arena', 'Casa Giulietta']",San Fermo,"['Museo Storia', 'Museo Radio', 'Centro Fotografia', 'Sighseeing', 'Torre Lamberti']",Torre Lamberti,strategy_nearest,True,0.003909111022949219,success
04BAA1429C4C80,0,['Arena'],Casa Giulietta,"['Centro Fotografia', 'Sighseeing', 'Torre Lamberti', 'Museo Conte', 'Museo Radio']",Duomo,strategy_nearest,False,0.0031871795654296875,success
04BAA5429C4C80,4,"['Arena', 'Castelvecchio', 'Palazzo della Ragione', 'Santa Anastasia']",Casa Giulietta,"['Centro Fotografia', 'Sighseeing', 'Torre Lamberti', 'Museo Conte', 'Museo Radio']",Teatro Romano,strategy_nearest,False,0.0022881031036376953,success
04BAA64A9C4C80,1,"['Arena', 'Casa Giulietta']",Torre Lamberti,"['Sighseeing', 'Centro Fotografia', 'Museo Conte', 'Palazzo della Ragione', 'AMO']",Palazzo della Ragione,strategy_nearest,True,0.0027170181274414062,success
04BAA74A9C4C80,0,['Arena'],Casa Giulietta,"['Centro Fotografia', 'Sighseeing', 'Torre Lamberti', 'Museo Conte', 'Museo Radio']",Castelvecchio,strategy_nearest,False,0.0021228790283203125,success
04BAA9BA7B3F80,0,['Casa Giulietta'],Arena,"['Verona Tour', 'Museo Lapidario', 'Museo Radio', 'San Fermo', 'Sighseeing']",Duomo,strategy_nearest,False,0.0025949478149414062,success
04BAA9429C4C80,1,"['Arena', 'Museo Lapidario']",Casa Giulietta,"['Centro Fotografia', 'Sighseeing', 'Torre Lamberti', 'Museo Conte', 'Museo Radio']",Torre Lamberti,strategy_nearest,True,0.004064083099365234,success
04BAB0429C4C80,2,"['Museo Lapidario', 'Torre Lamberti']",Casa Giulietta,"['Centro Fotografia', 'Sighseeing', 'Museo Conte', 'Museo Radio', 'Palazzo della Ragione']",San Fermo,strategy_nearest,False,0.002871990203857422,success
04BAA84A9C4C80,1,"['Arena', 'San Fermo']",Palazzo della Ragione,"['AMO', 'Museo Conte', 'Torre Lamberti', 'Centro Fotografia', 'Sighseeing']",Torre Lamberti,strategy_nearest,True,0.002713918685913086,success
04BAB93A9C4C80,1,['Arena'],Casa Giulietta,"['Centro Fotografia', 'Sighseeing', 'Torre Lamberti', 'Museo Conte', 'Museo Radio']",Santa Anastasia,strategy_nearest,False,0.0019788742065429688,success
04BAB53A9C4C80,3,"['Arena', 'San Zeno']",Torre Lamberti,"['Sighseeing', 'Centro Fotografia', 'Museo Conte', 'Casa Giulietta', 'Palazzo della Ragione']",Santa Anastasia,strategy_nearest,False,0.003200054168701172,success
04BABF429C4C80,0,['Arena'],Santa Anastasia,"['AMO', 'Museo Conte', 'Palazzo della Ragione', 'Teatro Romano', 'Centro Fotografia']",Casa Giulietta,strategy_nearest,False,0.0018808841705322266,success
04BAC73A9C4C80,3,"['Arena', 'Casa Giulietta']",Torre Lamberti,"['Sighseeing', 'Centro Fotografia', 'Museo Conte', 'Palazzo della Ragione', 'AMO']",Santa Anastasia,strategy_nearest,False,0.0037620067596435547,success
04BACF3A9C4C80,1,"['Arena', 'Castelvecchio', 'Teatro Romano']",Palazzo della Ragione,"['AMO', 'Museo Conte', 'Torre Lamberti', 'Centro Fotografia', 'Sighseeing']",Torre Lamberti,strategy_nearest,True,0.003269672393798828,success
04BAD13A9C4C80,3,"['Arena', 'Casa Giulietta']",Santa Anastasia,"['AMO', 'Museo Conte', 'Palazzo della Ragione', 'Teatro Romano', 'Centro Fotografia']",San Zeno,strategy_nearest,False,0.0026502609252929688,success
04BACC3A9C4C80,0,"['Torre Lamberti', 'Casa Giulietta']",Arena,"['Verona Tour', 'Museo Lapidario', 'Museo Radio', 'San Fermo', 'Sighseeing']",Castelvecchio,strategy_nearest,False,0.0020830631256103516,success
04BADABA7B3F80,3,"['Castelvecchio', 'Arena']",Teatro Romano,"['Santa Anastasia', 'Duomo', 'AMO', 'Palazzo della Ragione', 'Museo Conte']",San Fermo,strategy_nearest,False,0.0019159317016601562,success
04BADC3A9C4C80,2,['Casa Giulietta'],Torre Lamberti,"['Sighseeing', 'Centro Fotografia', 'Museo Conte', 'Palazzo della Ragione', 'AMO']",Palazzo della Ragione,strategy_nearest,True,0.0026161670684814453,success
04BAD4BA7B3F80,1,"['Duomo', 'Palazzo della Ragione']",Torre Lamberti,"['Sighseeing', 'Centro Fotografia', 'Museo Conte', 'Casa Giulietta', 'AMO']",Arena,strategy_nearest,False,0.0031599998474121094,success
04BADFBA7B3F80,0,['Castelvecchio'],Arena,"['Verona Tour', 'Museo Lapidario', 'Museo Radio', 'San Fermo', 'Casa Giulietta']",Teatro Romano,strategy_nearest,False,0.003147125244140625,success
04BAE0429C4C80,1,"['Teatro Romano', 'Palazzo della Ragione']",Arena,"['Verona Tour', 'Museo Lapidario', 'Museo Radio', 'San Fermo', 'Casa Giulietta']",Castelvecchio,strategy_nearest,False,0.0018486976623535156,success
04BAE0BA7B3F80,1,"['Museo Storia', 'San Fermo', 'Casa Giulietta']",Torre Lamberti,"['Sighseeing', 'Centro Fotografia', 'Museo Conte', 'Palazzo della Ragione', 'AMO']",Palazzo della Ragione,strategy_nearest,True,0.003342151641845703,success
04BB01BA7B3F84,1,"['Santa Anastasia', 'Duomo', 'Casa Giulietta']",Arena,"['Verona Tour', 'Museo Lapidario', 'Museo Radio', 'San Fermo', 'Sighseeing']",Castelvecchio,strategy_nearest,False,0.001989126205444336,success
04BB0CBA7B3F80,3,"['Santa Anastasia', 'Casa Giulietta']",Arena,"['Verona Tour', 'Museo Lapidario', 'Museo Radio', 'San Fermo', 'Sighseeing']",Giardino Giusti,strategy_nearest,False,0.003168821334838867,success
04BB0E429C4C80,3,"['Casa Giulietta', 'San Fermo']",Tomba Giulietta,"['Museo Storia', 'Arena', 'Museo Lapidario', 'Museo Radio', 'Verona Tour']",Arena,strategy_nearest,True,0.001714944839477539,success
04BB14429C4C84,0,['Castelvecchio'],Teatro Romano,"['Santa Anastasia', 'Duomo', 'AMO', 'Palazzo della Ragione', 'Museo Conte']",Arena,strategy_nearest,False,0.003241300582885742,success
04BB0EBA7B3F84,0,['Arena'],San Fermo,"['Museo Storia', 'Museo Radio', 'Casa Giulietta', 'Centro Fotografia', 'Sighseeing']",Tomba Giulietta,strategy_nearest,False,0.002583742141723633,success
04BB14BA7B3F84,1,['Palazzo della Ragione'],Duomo,"['AMO', 'Museo Miniscalchi', 'Santa Anastasia', 'Teatro Romano', 'Museo Conte']",Arena,strategy_nearest,False,0.0030851364135742188,success
04BB15BA7B3F84,6,"['Santa Anastasia', 'Duomo', 'Teatro Romano', 'Torre Lamberti']",San Zeno,"['Castelvecchio', 'Verona Tour', 'Museo Lapidario', 'Arena', 'Museo Miniscalchi']",San Fermo,strategy_nearest,False,0.0025959014892578125,success
04BB20BA7B3F84,1,"['Santa Anastasia', 'Arena', 'Torre Lamberti']",Casa Giulietta,"['Centro Fotografia', 'Sighseeing', 'Museo Conte', 'Museo Radio', 'Palazzo della Ragione']",Palazzo della Ragione,strategy_nearest,True,0.0025899410247802734,success
04BB21429C4C84,0,['Arena'],Casa Giulietta,"['Centro Fotografia', 'Sighseeing', 'Torre Lamberti', 'Museo Conte', 'Museo Radio']",Teatro Romano,strategy_nearest,False,0.003204822540283203,success
04BB21BA7B3F80,0,['Torre Lamberti'],Arena,"['Verona Tour', 'Museo Lapidario', 'Museo Radio', 'San Fermo', 'Casa Giulietta']",Castelvecchio,strategy_nearest,False,0.002966165542602539,success
04BB21BA7B3F84,3,"['Castelvecchio', 'Arena']",Torre Lamberti,"['Sighseeing', 'Centro Fotografia', 'Museo Conte', 'Casa Giulietta', 'Palazzo della Ragione']",Duomo,strategy_nearest,False,0.0023488998413085938,success
04BB2B3A9C4C80,0,['Castelvecchio'],Duomo,"['AMO', 'Museo Miniscalchi', 'Santa Anastasia', 'Teatro Romano', 'Palazzo della Ragione']",Arena,strategy_nearest,False,0.0025300979614257812,success
04BB2EBA7B3F80,3,"['Castelvecchio', 'Tomba Giulietta', 'Arena']",Museo Lapidario,"['Verona Tour', 'Museo Radio', 'San Fermo', 'Casa Giulietta', 'Sighseeing']",San Fermo,strategy_nearest,True,0.003345012664794922,success
04BB3ABA7B3F80,1,"['Giardino Giusti', 'Teatro Romano', 'Casa Giulietta']",San Zeno,"['Castelvecchio', 'Verona Tour', 'Museo Lapidario', 'Arena', 'Museo Miniscalchi']",Arena,strategy_nearest,True,0.0025620460510253906,success
04BB31429C4C80,3,"['Arena', 'San Zeno', 'Castelvecchio']",Duomo,"['AMO', 'Museo Miniscalchi', 'Santa Anastasia', 'Teatro Romano', 'Palazzo della Ragione']",Santa Anastasia,strategy_nearest,True,0.003200054168701172,success
04BB4F429C4C80,3,"['Arena', 'Castelvecchio']",Torre Lamberti,"['Sighseeing', 'Centro Fotografia', 'Museo Conte', 'Casa Giulietta', 'Palazzo della Ragione']",Teatro Romano,strategy_nearest,False,0.0025899410247802734,success
04BB553A9C4C80,0,['Torre Lamberti'],Casa Giulietta,"['Centro Fotografia', 'Sighseeing', 'Museo Conte', 'Museo Radio', 'Palazzo della Ragione']",Castelvecchio,strategy_nearest,False,0.0027129650115966797,success
04BB52BA7B3F80,1,"['Palazzo della Ragione', 'Torre Lamberti', 'Casa Giulietta', 'Arena']",Teatro Romano,"['Santa Anastasia', 'Duomo', 'AMO', 'Museo Conte', 'Centro Fotografia']",Duomo,strategy_nearest,True,0.003353118896484375,success
04BB57BA7B3F80,3,['Castelvecchio'],Arena,"['Verona Tour', 'Museo Lapidario', 'Museo Radio', 'San Fermo', 'Casa Giulietta']",Santa Anastasia,strategy_nearest,False,0.0031909942626953125,success
04BB5A429C4C80,1,"['Arena', 'Casa Giulietta', 'Palazzo della Ragione']",Torre Lamberti,"['Sighseeing', 'Centro Fotografia', 'Museo Conte', 'AMO', 'Museo Miniscalchi']",Santa Anastasia,strategy_nearest,False,0.003267049789428711,success
04BB5DBA7B3F80,3,"['Arena', 'Torre Lamberti', 'Castelvecchio']",Duomo,"['AMO', 'Museo Miniscalchi', 'Santa Anastasia', 'Teatro Romano', 'Palazzo della Ragione']",Teatro Romano,strategy_nearest,True,0.0033168792724609375,success
04BB5E429C4C80,1,"['Arena', 'Casa Giulietta', 'Museo Lapidario', 'Castelvecchio']",Torre Lamberti,"['Sighseeing', 'Centro Fotografia', 'Museo Conte', 'Palazzo della Ragione', 'AMO']",Palazzo della Ragione,strategy_nearest,True,0.0020301342010498047,success
04BB5F429C4C80,2,['Teatro Romano'],Duomo,"['AMO', 'Museo Miniscalchi', 'Santa Anastasia', 'Palazzo della Ragione', 'Museo Conte']",Santa Anastasia,strategy_nearest,True,0.0031647682189941406,success
04BB63BA7B3F80,1,"['Casa Giulietta', 'Torre Lamberti', 'Palazzo della Ragione']",Arena,"['Verona Tour', 'Museo Lapidario', 'Museo Radio', 'San Fermo', 'Sighseeing']",Castelvecchio,strategy_nearest,False,0.0024001598358154297,success
04BB68429C4C80,0,['Casa Giulietta'],Santa Anastasia,"['AMO', 'Museo Conte', 'Palazzo della Ragione', 'Teatro Romano', 'Centro Fotografia']",Arena,strategy_nearest,False,0.0028090476989746094,success
04BB69BA7B3F80,1,"['Castelvecchio', 'San Zeno', 'Casa Giulietta', 'Torre Lamberti', 'Palazzo della Ragione']",Arena,"['Verona Tour', 'Museo Lapidario', 'Museo Radio', 'San Fermo', 'Sighseeing']",San Fermo,strategy_nearest,True,0.003538846969604492,success
04BB6ABA7B3F80,3,"['Castelvecchio', 'Arena', 'Casa Giulietta']",Giardino Giusti,"['Santa Anastasia', 'Teatro Romano', 'Museo Conte', 'Centro Fotografia', 'Museo Storia']",Teatro Romano,strategy_nearest,True,0.0025930404663085938,success
04BB6C429C4C80,0,['Arena'],Castelvecchio,"['Museo Lapidario', 'Verona Tour', 'Museo Radio', 'San Zeno', 'Sighseeing']",Duomo,strategy_nearest,False,0.0031180381774902344,success
04BB76429C4C80,2,['Santa Anastasia'],Torre Lamberti,"['Sighseeing', 'Centro Fotografia', 'Museo Conte', 'Casa Giulietta', 'Palazzo della Ragione']",Casa Giulietta,strategy_nearest,True,0.0022437572479248047,success
04BB6FBA7B3F80,0,['Arena'],Casa Giulietta,"['Centro Fotografia', 'Sighseeing', 'Torre Lamberti', 'Museo Conte', 'Museo Radio']",Torre Lamberti,strategy_nearest,True,0.0035622119903564453,success
04BB76BA7B3F80,0,"['Torre Lamberti', 'Casa Giulietta']",Arena,"['Verona Tour', 'Museo Lapidario', 'Museo Radio', 'San Fermo', 'Sighseeing']",Castelvecchio,strategy_nearest,False,0.0030210018157958984,success
04BB773A9C4C80,3,"['Teatro Romano', 'Duomo', 'Casa Giulietta']",Santa Anastasia,"['AMO', 'Museo Conte', 'Palazzo della Ragione', 'Centro Fotografia', 'Torre Lamberti']",Museo Storia,strategy_nearest,False,0.0033202171325683594,success
04BB7BBA7B3F80,3,"['Castelvecchio', 'Duomo']",San Zeno,"['Verona Tour', 'Museo Lapidario', 'Arena', 'Museo Miniscalchi', 'Sighseeing']",San Fermo,strategy_nearest,False,0.0032711029052734375,success
04BB80429C4C80,0,['Castelvecchio'],Arena,"['Verona Tour', 'Museo Lapidario', 'Museo Radio', 'San Fermo', 'Casa Giulietta']",Torre Lamberti,strategy_nearest,False,0.0019621849060058594,success
04BB81BA7B3F80,1,"['Santa Anastasia', 'Arena', 'Torre Lamberti']",Casa Giulietta,"['Centro Fotografia', 'Sighseeing', 'Museo Conte', 'Museo Radio', 'Palazzo della Ragione']",Palazzo della Ragione,strategy_nearest,True,0.002638101577758789,success
04BB82BA7B3F80,3,"['Castelvecchio', 'Arena', 'Casa Giulietta']",Torre Lamberti,"['Sighseeing', 'Centro Fotografia', 'Museo Conte', 'Palazzo della Ragione', 'AMO']",Santa Anastasia,strategy_nearest,False,0.0034589767456054688,success
04BB87BA7B3F80,1,"['Arena', 'Torre Lamberti']",Castelvecchio,"['Museo Lapidario', 'Verona Tour', 'Museo Radio', 'San Zeno', 'Sighseeing']",Palazzo della Ragione,strategy_nearest,False,0.0018618106842041016,success
04BB88BA7B3F80,0,['Castelvecchio'],Arena,"['Verona Tour', 'Museo Lapidario', 'Museo Radio', 'San Fermo', 'Casa Giulietta']",Torre Lamberti,strategy_nearest,False,0.003167867660522461,success
04BB864A9C4C80,0,['Arena'],Torre Lamberti,"['Sighseeing', 'Centro Fotografia', 'Museo Conte', 'Casa Giulietta', 'Palazzo della Ragione']",Castelvecchio,strategy_nearest,False,0.0035147666931152344,success
04BB8C429C4C80,0,['Castelvecchio'],Casa Giulietta,"['Centro Fotografia', 'Sighseeing', 'Torre Lamberti', 'Museo Conte', 'Museo Radio']",Arena,strategy_nearest,False,0.0032019615173339844,success
04BB8DBA7B3F80,0,['Casa Giulietta'],Arena,"['Verona Tour', 'Museo Lapidario', 'Museo Radio', 'San Fermo', 'Sighseeing']",Giardino Giusti,strategy_nearest,False,0.0019779205322265625,success
04BB93BA7B3F80,3,"['San Zeno', 'Santa Anastasia', 'Duomo']",Casa Giulietta,"['Centro Fotografia', 'Sighseeing', 'Torre Lamberti', 'Museo Conte', 'Museo Radio']",Arena,strategy_nearest,False,0.0026559829711914062,success
04BB8E4A9C4C80,3,['Casa Giulietta'],Torre Lamberti,"['Sighseeing', 'Centro Fotografia', 'Museo Conte', 'Palazzo della Ragione', 'AMO']",Santa Anastasia,strategy_nearest,False,0.0021119117736816406,success
04BB8EBA7B3F80,1,['Arena'],Torre Lamberti,"['Sighseeing', 'Centro Fotografia', 'Museo Conte', 'Casa Giulietta', 'Palazzo della Ragione']",Castelvecchio,strategy_nearest,False,0.0035431385040283203,success
04BBA83A9C4C80,3,"['Arena', 'Casa Giulietta', 'Casa Giulietta']",Torre Lamberti,"['Sighseeing', 'Centro Fotografia', 'Museo Conte', 'Palazzo della Ragione', 'AMO']",Santa Anastasia,strategy_nearest,False,0.0026268959045410156,success
04BB97429C4C80,3,"['Castelvecchio', 'Santa Anastasia', 'Duomo']",Teatro Romano,"['AMO', 'Palazzo della Ragione', 'Museo Conte', 'Centro Fotografia', 'Museo Miniscalchi']",Torre Lamberti,strategy_nearest,False,0.0019969940185546875,success
04BBAB429C4C80,1,"['Castelvecchio', 'Arena']",Palazzo della Ragione,"['AMO', 'Museo Conte', 'Torre Lamberti', 'Centro Fotografia', 'Sighseeing']",Torre Lamberti,strategy_nearest,True,0.003392934799194336,success
04BBADBA7B3F80,3,"['Castelvecchio', 'Arena', 'Casa Giulietta']",Torre Lamberti,"['Sighseeing', 'Centro Fotografia', 'Museo Conte', 'Palazzo della Ragione', 'AMO']",Santa Anastasia,strategy_nearest,False,0.0033559799194335938,success
04BBB83A9C4C80,0,"['Arena', 'Castelvecchio']",Torre Lamberti,"['Sighseeing', 'Centro Fotografia', 'Museo Conte', 'Casa Giulietta', 'Palazzo della Ragione']",Casa Giulietta,strategy_nearest,True,0.0031859874725341797,success
04BBB4429C4C80,1,"['Arena', 'Torre Lamberti']",Palazzo della Ragione,"['AMO', 'Museo Conte', 'Centro Fotografia', 'Sighseeing', 'Santa Anastasia']",Teatro Romano,strategy_nearest,False,0.0026030540466308594,success
04BBBF3A9C4C80,2,['Castelvecchio'],Duomo,"['AMO', 'Museo Miniscalchi', 'Santa Anastasia', 'Teatro Romano', 'Palazzo della Ragione']",Teatro Romano,strategy_nearest,True,0.0032091140747070312,success
04BBBFBA7B3F80,1,"['Casa Giulietta', 'Torre Lamberti']",Palazzo della Ragione,"['AMO', 'Museo Conte', 'Centro Fotografia', 'Sighseeing', 'Santa Anastasia']",Castelvecchio,strategy_nearest,False,0.0031630992889404297,success
04BBC4429C4C80,1,"['Arena', 'Castelvecchio', 'Duomo']",Torre Lamberti,"['Sighseeing', 'Centro Fotografia', 'Museo Conte', 'Casa Giulietta', 'Palazzo della Ragione']",Casa Giulietta,strategy_nearest,True,0.002532958984375,success
04BBCB3A9C4C80,0,['Arena'],Casa Giulietta,"['Centro Fotografia', 'Sighseeing', 'Torre Lamberti', 'Museo Conte', 'Museo Radio']",Castelvecchio,strategy_nearest,False,0.0030319690704345703,success
04BBD23A9C4C80,3,"['Arena', 'Casa Giulietta']",Santa Anastasia,"['AMO', 'Museo Conte', 'Palazzo della Ragione', 'Teatro Romano', 'Centro Fotografia']",Duomo,strategy_nearest,False,0.002290010452270508,success
04BBDA3A9C4C80,0,"['Arena', 'Casa Giulietta']",Torre Lamberti,"['Sighseeing', 'Centro Fotografia', 'Museo Conte', 'Palazzo della Ragione', 'AMO']",Teatro Romano,strategy_nearest,False,0.0024831295013427734,success
04BBD6BA7B3F80,3,['San Fermo'],Santa Anastasia,"['AMO', 'Museo Conte', 'Palazzo della Ragione', 'Teatro Romano', 'Centro Fotografia']",Duomo,strategy_nearest,False,0.002836942672729492,success
04BBD7BA7B3F80,3,"['Duomo', 'Casa Giulietta']",Castelvecchio,"['Museo Lapidario', 'Verona Tour', 'Arena', 'Museo Radio', 'San Zeno']",Arena,strategy_nearest,True,0.0042018890380859375,success
04BBDC3A9C4C80,1,"['Arena', 'Torre Lamberti', 'Palazzo della Ragione']",Casa Giulietta,"['Centro Fotografia', 'Sighseeing', 'Museo Conte', 'Museo Radio', 'San Fermo']",Santa Anastasia,strategy_nearest,False,0.0033919811248779297,success
04BBDE429C4C80,3,"['Castelvecchio', 'Torre Lamberti', 'Casa Giulietta']",Santa Anastasia,"['AMO', 'Museo Conte', 'Palazzo della Ragione', 'Teatro Romano', 'Centro Fotografia']",Duomo,strategy_nearest,False,0.0025458335876464844,success
04BBE03A9C4C80,3,"['San Zeno', 'Torre Lamberti']",Santa Anastasia,"['AMO', 'Museo Conte', 'Palazzo della Ragione', 'Teatro Romano', 'Centro Fotografia']",San Fermo,strategy_nearest,False,0.002718210220336914,success
04BBF5BA7B3F80,1,"['Santa Anastasia', 'Duomo', 'Casa Giulietta']",Arena,"['Verona Tour', 'Museo Lapidario', 'Museo Radio', 'San Fermo', 'Sighseeing']",Castelvecchio,strategy_nearest,False,0.0030820369720458984,success
04BBED3A9C4C80,1,"['Casa Giulietta', 'Santa Anastasia']",Torre Lamberti,"['Sighseeing', 'Centro Fotografia', 'Museo Conte', 'Palazzo della Ragione', 'AMO']",Palazzo della Ragione,strategy_nearest,True,0.0034019947052001953,success
04BBFABA7B3F80,3,"['Santa Anastasia', 'Casa Giulietta']",Torre Lamberti,"['Sighseeing', 'Centro Fotografia', 'Museo Conte', 'Palazzo della Ragione', 'AMO']",Duomo,strategy_nearest,False,0.0031659603118896484,success
04BC08BA7B3F84,6,"['Santa Anastasia', 'Duomo', 'Teatro Romano', 'Torre Lamberti']",San Zeno,"['Castelvecchio', 'Verona Tour', 'Museo Lapidario', 'Arena', 'Museo Miniscalchi']",San Fermo,strategy_nearest,False,0.0021049976348876953,success
04BC09BA7B3F80,3,"['Teatro Romano', 'Duomo', 'Casa Giulietta']",Arena,"['Verona Tour', 'Museo Lapidario', 'Museo Radio', 'San Fermo', 'Sighseeing']",Castelvecchio,strategy_nearest,False,0.0027208328247070312,success
04BC09BA7B3F84,1,"['Teatro Romano', 'Arena', 'San Fermo']",Casa Giulietta,"['Centro Fotografia', 'Sighseeing', 'Torre Lamberti', 'Museo Conte', 'Museo Radio']",Torre Lamberti,strategy_nearest,True,0.0031096935272216797,success
04BC0FBA7B3F84,3,['Castelvecchio'],Arena,"['Verona Tour', 'Museo Lapidario', 'Museo Radio', 'San Fermo', 'Casa Giulietta']",Santa Anastasia,strategy_nearest,False,0.002722024917602539,success
04BC103A9C4C80,0,['Casa Giulietta'],Arena,"['Verona Tour', 'Museo Lapidario', 'Museo Radio', 'San Fermo', 'Sighseeing']",Museo Storia,strategy_nearest,False,0.0027489662170410156,success
04BC0B429C4C84,3,"['Arena', 'Santa Anastasia', 'Duomo']",Teatro Romano,"['AMO', 'Palazzo della Ragione', 'Museo Conte', 'Centro Fotografia', 'Museo Miniscalchi']",Torre Lamberti,strategy_nearest,False,0.0026390552520751953,success
04BC15BA7B3F80,3,"['Santa Anastasia', 'Torre Lamberti', 'Casa Giulietta', 'Arena']",San Fermo,"['Museo Storia', 'Museo Radio', 'Centro Fotografia', 'Sighseeing', 'Museo Conte']",Duomo,strategy_nearest,False,0.0032570362091064453,success
04BC16BA7B3F80,3,"['Santa Anastasia', 'Torre Lamberti', 'Casa Giulietta', 'Arena']",San Fermo,"['Museo Storia', 'Museo Radio', 'Centro Fotografia', 'Sighseeing', 'Museo Conte']",Duomo,strategy_nearest,False,0.0025196075439453125,success
04BC1A3A9C4C84,0,['Arena'],San Fermo,"['Museo Storia', 'Museo Radio', 'Casa Giulietta', 'Centro Fotografia', 'Sighseeing']",Casa Giulietta,strategy_nearest,True,0.0025680065155029297,success
04BC1BBA7B3F84,3,"['Santa Anastasia', 'Torre Lamberti', 'Casa Giulietta']",Arena,"['Verona Tour', 'Museo Lapidario', 'Museo Radio', 'San Fermo', 'Sighseeing']",Castelvecchio,strategy_nearest,False,0.002674102783203125,success
04BC1CBA7B3F84,0,['Santa Anastasia'],Casa Giulietta,"['Centro Fotografia', 'Sighseeing', 'Torre Lamberti', 'Museo Conte', 'Museo Radio']",Castelvecchio,strategy_nearest,False,0.003309965133666992,success
04BC1D3A9C4C84,3,"['Arena', 'Casa Giulietta']",Torre Lamberti,"['Sighseeing', 'Centro Fotografia', 'Museo Conte', 'Palazzo della Ragione', 'AMO']",Santa Anastasia,strategy_nearest,False,0.0030851364135742188,success
04BC1CBA7B3F80,3,"['Castelvecchio', 'Arena']",Arena,"['Verona Tour', 'Museo Lapidario', 'Museo Radio', 'San Fermo', 'Casa Giulietta']",Torre Lamberti,strategy_nearest,False,0.0034470558166503906,success
04BC1D3A9C4C80,0,"['Casa Giulietta', 'Torre Lamberti']",Teatro Romano,"['Santa Anastasia', 'Duomo', 'AMO', 'Palazzo della Ragione', 'Museo Conte']",Tomba Giulietta,strategy_nearest,False,0.0025451183319091797,success
04BC1E429C4C80,1,"['Arena', 'Casa Giulietta']",Palazzo della Ragione,"['AMO', 'Museo Conte', 'Torre Lamberti', 'Centro Fotografia', 'Sighseeing']",Teatro Romano,strategy_nearest,False,0.001795053482055664,success
04BC29BA7B3F80,1,"['Palazzo della Ragione', 'Duomo', 'Teatro Romano']",San Fermo,"['Museo Storia', 'Museo Radio', 'Casa Giulietta', 'Centro Fotografia', 'Arena']",Museo Storia,strategy_nearest,True,0.002737283706665039,success
04BC27BA7B3F84,3,"['Santa Anastasia', 'Torre Lamberti', 'Casa Giulietta']",Arena,"['Verona Tour', 'Museo Lapidario', 'Museo Radio', 'San Fermo', 'Sighseeing']",Castelvecchio,strategy_nearest,False,0.003529787063598633,success
04BC22BA7B3F80,3,"['Santa Anastasia', 'Duomo']",Teatro Romano,"['AMO', 'Palazzo della Ragione', 'Museo Conte', 'Centro Fotografia', 'Museo Miniscalchi']",Arena,strategy_nearest,False,0.002213001251220703,success
04BC2D4A9C4C80,1,"['Torre Lamberti', 'Palazzo della Ragione', 'Casa Giulietta', 'Tomba Giulietta', 'Museo Lapidario']",Castelvecchio,"['Verona Tour', 'Arena', 'Museo Radio', 'San Zeno', 'Sighseeing']",Arena,strategy_nearest,True,0.002969026565551758,success
04BC2FBA7B3F80,3,['Arena'],Torre Lamberti,"['Sighseeing', 'Centro Fotografia', 'Museo Conte', 'Casa Giulietta', 'Palazzo della Ragione']",Santa Anastasia,strategy_nearest,False,0.002403736114501953,success
04BC373A9C4C80,2,"['Castelvecchio', 'Torre Lamberti']",Palazzo della Ragione,"['AMO', 'Museo Conte', 'Centro Fotografia', 'Sighseeing', 'Santa Anastasia']",Giardino Giusti,strategy_nearest,False,0.003112316131591797,success
04BC30BA7B3F80,3,['Torre Lamberti'],Santa Anastasia,"['AMO', 'Museo Conte', 'Palazzo della Ragione', 'Teatro Romano', 'Centro Fotografia']",Casa Giulietta,strategy_nearest,False,0.0028028488159179688,success
04BC364A9C4C80,1,"['Arena', 'Casa Giulietta', 'Castelvecchio', 'San Zeno']",Torre Lamberti,"['Sighseeing', 'Centro Fotografia', 'Museo Conte', 'Palazzo della Ragione', 'AMO']",Palazzo della Ragione,strategy_nearest,True,0.0031528472900390625,success
04BC3B3A9C4C80,0,['Arena'],Santa Anastasia,"['AMO', 'Museo Conte', 'Palazzo della Ragione', 'Teatro Romano', 'Centro Fotografia']",Castelvecchio,strategy_nearest,False,0.0036590099334716797,success
04BC42BA7B3F80,1,"['Castelvecchio', 'San Zeno', 'Teatro Romano', 'Arena', 'San Fermo']",Casa Giulietta,"['Centro Fotografia', 'Sighseeing', 'Torre Lamberti', 'Museo Conte', 'Museo Radio']",Santa Anastasia,strategy_nearest,False,0.002069234848022461,success
04BC423A9C4C80,3,"['Santa Anastasia', 'Torre Lamberti']",Casa Giulietta,"['Centro Fotografia', 'Sighseeing', 'Museo Conte', 'Museo Radio', 'Palazzo della Ragione']",Arena,strategy_nearest,False,0.003341197967529297,success
04BC463A9C4C80,0,"['Arena', 'Casa Giulietta']",Torre Lamberti,"['Sighseeing', 'Centro Fotografia', 'Museo Conte', 'Palazzo della Ragione', 'AMO']",Tomba Giulietta,strategy_nearest,False,0.0025179386138916016,success
04BC48BA7B3F80,3,['Santa Anastasia'],Arena,"['Verona Tour', 'Museo Lapidario', 'Museo Radio', 'San Fermo', 'Casa Giulietta']",Duomo,strategy_nearest,False,0.0025768280029296875,success
04BC513A9C4C80,3,"['Arena', 'Castelvecchio', 'Casa Giulietta']",Santa Anastasia,"['AMO', 'Museo Conte', 'Palazzo della Ragione', 'Teatro Romano', 'Centro Fotografia']",Teatro Romano,strategy_nearest,True,0.0032989978790283203,success
04BC4E429C4C80,3,"['Arena', 'Casa Giulietta', 'Torre Lamberti']",Santa Anastasia,"['AMO', 'Museo Conte', 'Palazzo della Ragione', 'Teatro Romano', 'Centro Fotografia']",Duomo,strategy_nearest,False,0.002711772918701172,success
04BC4DBA7B3F80,0,['Duomo'],Arena,"['Verona Tour', 'Museo Lapidario', 'Museo Radio', 'San Fermo', 'Casa Giulietta']",Tomba Giulietta,strategy_nearest,False,0.0020761489868164062,success
04BC55429C4C80,3,"['Arena', 'Casa Giulietta']",Santa Anastasia,"['AMO', 'Museo Conte', 'Palazzo della Ragione', 'Teatro Romano', 'Centro Fotografia']",Castelvecchio,strategy_nearest,False,0.001405954360961914,success
04BC61429C4C80,1,"['Arena', 'Museo Lapidario', 'Palazzo della Ragione']",Torre Lamberti,"['Sighseeing', 'Centro Fotografia', 'Museo Conte', 'Casa Giulietta', 'AMO']",Santa Anastasia,strategy_nearest,False,0.002767801284790039,success
04BC543A9C4C80,3,"['Arena', 'Casa Giulietta', 'Torre Lamberti', 'Santa Anastasia', 'Duomo']",San Zeno,"['Castelvecchio', 'Verona Tour', 'Museo Lapidario', 'Museo Miniscalchi', 'Sighseeing']",Castelvecchio,strategy_nearest,True,0.0022499561309814453,success
04BC623A9C4C80,3,"['Arena', 'Castelvecchio']",San Zeno,"['Verona Tour', 'Museo Lapidario', 'Museo Miniscalchi', 'Sighseeing', 'Museo Radio']",Duomo,strategy_nearest,False,0.0035898685455322266,success
04BC66429C4C80,1,"['Arena', 'Casa Giulietta', 'Santa Anastasia']",Torre Lamberti,"['Sighseeing', 'Centro Fotografia', 'Museo Conte', 'Palazzo della Ragione', 'AMO']",Palazzo della Ragione,strategy_nearest,True,0.002496957778930664,success
04BC6B429C4C80,4,"['Casa Giulietta', 'Arena']",Giardino Giusti,"['Santa Anastasia', 'Teatro Romano', 'Museo Conte', 'Centro Fotografia', 'Museo Storia']",Castelvecchio,strategy_nearest,False,0.0024271011352539062,success
04BC68429C4C80,2,"['Tomba Giulietta', 'San Fermo']",Casa Giulietta,"['Centro Fotografia', 'Sighseeing', 'Torre Lamberti', 'Museo Conte', 'Museo Radio']",Teatro Romano,strategy_nearest,False,0.0033097267150878906,success
04BC73429C4C80,2,"['Museo Storia', 'San Fermo']",Santa Anastasia,"['AMO', 'Museo Conte', 'Palazzo della Ragione', 'Teatro Romano', 'Centro Fotografia']",San Zeno,strategy_nearest,False,0.0033462047576904297,success
04BC77429C4C80,0,['Casa Giulietta'],Torre Lamberti,"['Sighseeing', 'Centro Fotografia', 'Museo Conte', 'Palazzo della Ragione', 'AMO']",Arena,strategy_nearest,False,0.0024847984313964844,success
04BC6C3A9C4C80,0,"['Torre Lamberti', 'Casa Giulietta']",Castelvecchio,"['Museo Lapidario', 'Verona Tour', 'Arena', 'Museo Radio', 'San Zeno']",Arena,strategy_nearest,True,0.0036711692810058594,success
04BC75429C4C80,3,"['Duomo', 'Santa Anastasia']",Torre Lamberti,"['Sighseeing', 'Centro Fotografia', 'Museo Conte', 'Casa Giulietta', 'Palazzo della Ragione']",Casa Giulietta,strategy_nearest,True,0.003326892852783203,success
04BC79429C4C80,1,"['Arena', 'Castelvecchio']",Santa Anastasia,"['AMO', 'Museo Conte', 'Palazzo della Ragione', 'Teatro Romano', 'Centro Fotografia']",Casa Giulietta,strategy_nearest,False,0.0021529197692871094,success
04BC77BA7B3F80,1,"['Castelvecchio', 'San Fermo', 'Torre Lamberti']",Palazzo della Ragione,"['AMO', 'Museo Conte', 'Centro Fotografia', 'Sighseeing', 'Santa Anastasia']",Arena,strategy_nearest,False,0.003462076187133789,success
04BC7DBA7B3F80,3,"['San Fermo', 'San Fermo', 'Torre Lamberti']",Duomo,"['AMO', 'Museo Miniscalchi', 'Santa Anastasia', 'Teatro Romano', 'Palazzo della Ragione']",Arena,strategy_nearest,False,0.0027992725372314453,success
04BC7E429C4C80,3,"['Arena', 'Torre Lamberti']",Casa Giulietta,"['Centro Fotografia', 'Sighseeing', 'Museo Conte', 'Museo Radio', 'Palazzo della Ragione']",Duomo,strategy_nearest,False,0.00341796875,success
04BC814A9C4C80,3,"['Casa Giulietta', 'Castelvecchio', 'Museo Lapidario']",Arena,"['Verona Tour', 'Museo Radio', 'San Fermo', 'Sighseeing', 'Torre Lamberti']",San Fermo,strategy_nearest,True,0.002359151840209961,success
04BC824A9C4C80,3,"['Castelvecchio', 'Arena', 'Torre Lamberti']",Santa Anastasia,"['AMO', 'Museo Conte', 'Palazzo della Ragione', 'Teatro Romano', 'Centro Fotografia']",Duomo,strategy_nearest,False,0.0029311180114746094,success
04BC86429C4C80,2,"['San Fermo', 'Santa Anastasia']",Santa Anastasia,"['AMO', 'Museo Conte', 'Palazzo della Ragione', 'Teatro Romano', 'Centro Fotografia']",San Zeno,strategy_nearest,False,0.003721952438354492,success
04BC83BA7B3F80,3,"['Castelvecchio', 'Arena']",Teatro Romano,"['Santa Anastasia', 'Duomo', 'AMO', 'Palazzo della Ragione', 'Museo Conte']",San Fermo,strategy_nearest,False,0.003086090087890625,success
04BC8A429C4C80,1,"['Arena', 'Museo Lapidario', 'Castelvecchio']",Santa Anastasia,"['AMO', 'Museo Conte', 'Palazzo della Ragione', 'Teatro Romano', 'Centro Fotografia']",Palazzo della Ragione,strategy_nearest,True,0.002825021743774414,success
04BC87429C4C80,3,"['San Fermo', 'Santa Anastasia']",Teatro Romano,"['Duomo', 'AMO', 'Palazzo della Ragione', 'Museo Conte', 'Centro Fotografia']",Arena,strategy_nearest,False,0.002240896224975586,success
04BC864A9C4C80,1,"['Arena', 'Museo Lapidario', 'Torre Lamberti']",Palazzo della Ragione,"['AMO', 'Museo Conte', 'Centro Fotografia', 'Sighseeing', 'Santa Anastasia']",Santa Anastasia,strategy_nearest,True,0.0029611587524414062,success
04BC8B429C4C80,3,"['Arena', 'Casa Giulietta']",Torre Lamberti,"['Sighseeing', 'Centro Fotografia', 'Museo Conte', 'Palazzo della Ragione', 'AMO']",Duomo,strategy_nearest,False,0.003184795379638672,success
04BC8C3A9C4C80,0,['Casa Giulietta'],Tomba Giulietta,"['San Fermo', 'Museo Storia', 'Arena', 'Museo Lapidario', 'Museo Radio']",Castelvecchio,strategy_nearest,False,0.0028717517852783203,success
04BC8F429C4C80,0,['Arena'],Casa Giulietta,"['Centro Fotografia', 'Sighseeing', 'Torre Lamberti', 'Museo Conte', 'Museo Radio']",Torre Lamberti,strategy_nearest,True,0.002218008041381836,success
04BC8FBA7B3F80,1,"['Castelvecchio', 'San Fermo', 'Torre Lamberti']",Palazzo della Ragione,"['AMO', 'Museo Conte', 'Centro Fotografia', 'Sighseeing', 'Santa Anastasia']",Arena,strategy_nearest,False,0.0034580230712890625,success
04BC8F4A9C4C80,0,"['Museo Lapidario', 'Arena']",Casa Giulietta,"['Centro Fotografia', 'Sighseeing', 'Torre Lamberti', 'Museo Conte', 'Museo Radio']",Torre Lamberti,strategy_nearest,True,0.002704143524169922,success
04BC9CBA7B3F80,1,"['Casa Giulietta', 'Torre Lamberti', 'Palazzo della Ragione']",Arena,"['Verona Tour', 'Museo Lapidario', 'Museo Radio', 'San Fermo', 'Sighseeing']",Teatro Romano,strategy_nearest,False,0.003092050552368164,success
04BC914A9C4C80,0,['Casa Giulietta'],Torre Lamberti,"['Sighseeing', 'Centro Fotografia', 'Museo Conte', 'Palazzo della Ragione', 'AMO']",Arena,strategy_nearest,False,0.0029349327087402344,success
04BC96BA7B3F80,1,"['Duomo', 'Teatro Romano', 'Giardino Giusti', 'San Fermo']",Arena,"['Verona Tour', 'Museo Lapidario', 'Museo Radio', 'Casa Giulietta', 'Sighseeing']",Castelvecchio,strategy_nearest,False,0.002747774124145508,success
04BC954A9C4C80,3,['Arena'],Santa Anastasia,"['AMO', 'Museo Conte', 'Palazzo della Ragione', 'Teatro Romano', 'Centro Fotografia']",Torre Lamberti,strategy_nearest,False,0.0022819042205810547,success
04BC9F4A9C4C80,2,['Castelvecchio'],San Zeno,"['Verona Tour', 'Museo Lapidario', 'Arena', 'Museo Miniscalchi', 'Sighseeing']",Teatro Romano,strategy_nearest,False,0.0014569759368896484,success
04BCA1BA7B3F80,1,"['Santa Anastasia', 'Palazzo della Ragione', 'Torre Lamberti', 'Castelvecchio']",Duomo,"['AMO', 'Museo Miniscalchi', 'Teatro Romano', 'Museo Conte', 'Centro Fotografia']",Teatro Romano,strategy_nearest,True,0.0019850730895996094,success
04BCA14A9C4C80,3,['Arena'],Casa Giulietta,"['Centro Fotografia', 'Sighseeing', 'Torre Lamberti', 'Museo Conte', 'Museo Radio']",Torre Lamberti,strategy_nearest,True,0.0030670166015625,success
04BCA73A9C4C80,2,['Casa Giulietta'],Torre Lamberti,"['Sighseeing', 'Centro Fotografia', 'Museo Conte', 'Palazzo della Ragione', 'AMO']",Palazzo della Ragione,strategy_nearest,True,0.003300905227661133,success
04BCA8BA7B3F80,1,"['Duomo', 'Palazzo della Ragione', 'Torre Lamberti']",Casa Giulietta,"['Centro Fotografia', 'Sighseeing', 'Museo Conte', 'Museo Radio', 'San Fermo']",Arena,strategy_nearest,False,0.0029981136322021484,success
04BCA7BA7B3F80,3,"['Santa Anastasia', 'Duomo']",Casa Giulietta,"['Centro Fotografia', 'Sighseeing', 'Torre Lamberti', 'Museo Conte', 'Museo Radio']",San Fermo,strategy_nearest,False,0.003695964813232422,success
04BCB3BA7B3F80,3,"['Santa Anastasia', 'Duomo']",Casa Giulietta,"['Centro Fotografia', 'Sighseeing', 'Torre Lamberti', 'Museo Conte', 'Museo Radio']",San Fermo,strategy_nearest,False,0.0026891231536865234,success
04BCAEBA7B3F80,3,"['Santa Anastasia', 'San Fermo', 'Arena']",Torre Lamberti,"['Sighseeing', 'Centro Fotografia', 'Museo Conte', 'Casa Giulietta', 'Palazzo della Ragione']",San Zeno,strategy_nearest,False,0.00431513786315918,success
04BCB4BA7B3F80,1,"['Duomo', 'Palazzo della Ragione', 'Torre Lamberti']",Casa Giulietta,"['Centro Fotografia', 'Sighseeing', 'Museo Conte', 'Museo Radio', 'San Fermo']",Arena,strategy_nearest,False,0.0020720958709716797,success
04BCB9BA7B3F80,3,['Arena'],Santa Anastasia,"['AMO', 'Museo Conte', 'Palazzo della Ragione', 'Teatro Romano', 'Centro Fotografia']",Castelvecchio,strategy_nearest,False,0.001901865005493164,success
04BCB83A9C4C80,0,"['Arena', 'Casa Giulietta']",Teatro Romano,"['Santa Anastasia', 'Duomo', 'AMO', 'Palazzo della Ragione', 'Museo Conte']",Duomo,strategy_nearest,True,0.002877950668334961,success
04BCBE3A9C4C80,3,"['Museo Lapidario', 'Arena', 'San Fermo', 'Torre Lamberti']",Santa Anastasia,"['AMO', 'Museo Conte', 'Palazzo della Ragione', 'Teatro Romano', 'Centro Fotografia']",Teatro Romano,strategy_nearest,True,0.003428936004638672,success
04BCBF3A9C4C80,2,"['Palazzo della Ragione', 'Torre Lamberti', 'Santa Anastasia']",Teatro Romano,"['Duomo', 'AMO', 'Museo Conte', 'Centro Fotografia', 'Museo Miniscalchi']",Castelvecchio,strategy_nearest,False,0.0024847984313964844,success
04BCC0BA7B3F80,3,"['Tomba Giulietta', 'Museo Storia', 'Arena']",Casa Giulietta,"['Centro Fotografia', 'Sighseeing', 'Torre Lamberti', 'Museo Conte', 'Museo Radio']",Torre Lamberti,strategy_nearest,True,0.002971172332763672,success
04BCC3429C4C80,3,['Arena'],Casa Giulietta,"['Centro Fotografia', 'Sighseeing', 'Torre Lamberti', 'Museo Conte', 'Museo Radio']",Torre Lamberti,strategy_nearest,True,0.0037157535552978516,success
04BCC13A9C4C80,3,"['Arena', 'Tomba Giulietta']",Teatro Romano,"['Santa Anastasia', 'Duomo', 'AMO', 'Palazzo della Ragione', 'Museo Conte']",Duomo,strategy_nearest,True,0.0031478404998779297,success
04BCC5BA7B3F80,3,"['Castelvecchio', 'Arena']",Casa Giulietta,"['Centro Fotografia', 'Sighseeing', 'Torre Lamberti', 'Museo Conte', 'Museo Radio']",Torre Lamberti,strategy_nearest,True,0.0020551681518554688,success
04BCCA3A9C4C80,1,"['Arena', 'Torre Lamberti', 'Palazzo della Ragione', 'Castelvecchio']",Teatro Romano,"['Santa Anastasia', 'Duomo', 'AMO', 'Museo Conte', 'Centro Fotografia']",Giardino Giusti,strategy_nearest,False,0.002064943313598633,success
04BCCBBA7B3F80,3,"['Castelvecchio', 'Duomo']",San Zeno,"['Verona Tour', 'Museo Lapidario', 'Arena', 'Museo Miniscalchi', 'Sighseeing']",San Fermo,strategy_nearest,False,0.0034859180450439453,success
04BCCCBA7B3F80,3,"['Santa Anastasia', 'Duomo']",Castelvecchio,"['Museo Lapidario', 'Verona Tour', 'Arena', 'Museo Radio', 'San Zeno']",Arena,strategy_nearest,True,0.0019600391387939453,success
04BCCF3A9C4C80,0,['Arena'],Casa Giulietta,"['Centro Fotografia', 'Sighseeing', 'Torre Lamberti', 'Museo Conte', 'Museo Radio']",Torre Lamberti,strategy_nearest,True,0.003545045852661133,success
04BCD1BA7B3F80,3,"['Tomba Giulietta', 'Arena', 'Casa Giulietta']",Torre Lamberti,"['Sighseeing', 'Centro Fotografia', 'Museo Conte', 'Palazzo della Ragione', 'AMO']",Santa Anastasia,strategy_nearest,False,0.0019099712371826172,success
04BCD23A9C4C80,0,"['Teatro Romano', 'Castelvecchio']",Arena,"['Verona Tour', 'Museo Lapidario', 'Museo Radio', 'San Fermo', 'Casa Giulietta']",Torre Lamberti,strategy_nearest,False,0.002605915069580078,success
04BCE33A9C4C80,2,['Casa Giulietta'],Torre Lamberti,"['Sighseeing', 'Centro Fotografia', 'Museo Conte', 'Palazzo della Ragione', 'AMO']",Tomba Giulietta,strategy_nearest,False,0.0017888545989990234,success
04BCDEBA7B3F80,3,"['Castelvecchio', 'Arena', 'Casa Giulietta', 'Tomba Giulietta']",Torre Lamberti,"['Sighseeing', 'Centro Fotografia', 'Museo Conte', 'Palazzo della Ragione', 'AMO']",Santa Anastasia,strategy_nearest,False,0.003125905990600586,success
04BCD2BA7B3F80,3,['Santa Anastasia'],Teatro Romano,"['Duomo', 'AMO', 'Palazzo della Ragione', 'Museo Conte', 'Centro Fotografia']",Arena,strategy_nearest,False,0.003515005111694336,success
04BCE53A9C4C80,3,['Arena'],Torre Lamberti,"['Sighseeing', 'Centro Fotografia', 'Museo Conte', 'Casa Giulietta', 'Palazzo della Ragione']",Santa Anastasia,strategy_nearest,False,0.0027179718017578125,success
04BCF0BA7B3F80,1,"['Duomo', 'Santa Anastasia']",Torre Lamberti,"['Sighseeing', 'Centro Fotografia', 'Museo Conte', 'Casa Giulietta', 'Palazzo della Ragione']",Palazzo della Ragione,strategy_nearest,True,0.0032923221588134766,success
04BCE73A9C4C80,0,"['Castelvecchio', 'Arena']",Tomba Giulietta,"['San Fermo', 'Museo Storia', 'Museo Lapidario', 'Museo Radio', 'Verona Tour']",Torre Lamberti,strategy_nearest,False,0.002833843231201172,success
04BCEFBA7B3F80,3,"['Arena', 'Castelvecchio']",Giardino Giusti,"['Santa Anastasia', 'Teatro Romano', 'Museo Conte', 'Centro Fotografia', 'Museo Storia']",Teatro Romano,strategy_nearest,True,0.002193927764892578,success
04BCFBBA7B3F80,3,"['Duomo', 'Teatro Romano']",Arena,"['Verona Tour', 'Museo Lapidario', 'Museo Radio', 'San Fermo', 'Casa Giulietta']",Casa Giulietta,strategy_nearest,True,0.0021049976348876953,success
04BCF3429C4C80,1,"['Arena', 'Casa Giulietta', 'Duomo', 'Santa Anastasia']",San Fermo,"['Museo Storia', 'Museo Radio', 'Centro Fotografia', 'Sighseeing', 'Torre Lamberti']",Palazzo della Ragione,strategy_nearest,False,0.0021708011627197266,success
04BCFCBA7B3F80,0,"['Torre Lamberti', 'Arena']",Casa Giulietta,"['Centro Fotografia', 'Sighseeing', 'Museo Conte', 'Museo Radio', 'Palazzo della Ragione']",Castelvecchio,strategy_nearest,False,0.002705097198486328,success
04BCF5BA7B3F80,0,['Arena'],San Fermo,"['Museo Storia', 'Museo Radio', 'Casa Giulietta', 'Centro Fotografia', 'Sighseeing']",Tomba Giulietta,strategy_nearest,False,0.003622770309448242,success
04BCFE429C4C80,0,"['Casa Giulietta', 'San Zeno']",Castelvecchio,"['Museo Lapidario', 'Verona Tour', 'Arena', 'Museo Radio', 'Sighseeing']",Tomba Giulietta,strategy_nearest,False,0.002396106719970703,success
04BD04429C4C84,4,"['Torre Lamberti', 'Casa Giulietta', 'Santa Anastasia', 'Duomo', 'Teatro Romano']",Arena,"['Verona Tour', 'Museo Lapidario', 'Museo Radio', 'San Fermo', 'Sighseeing']",San Fermo,strategy_nearest,True,0.0025098323822021484,success
04BD01BA7B3F84,2,"['Santa Anastasia', 'Palazzo della Ragione']",Museo Lapidario,"['Verona Tour', 'Arena', 'Castelvecchio', 'Museo Radio', 'San Fermo']",Casa Giulietta,strategy_nearest,False,0.0032503604888916016,success
04BD08BA7B3F84,3,"['Arena', 'Santa Anastasia', 'Torre Lamberti']",Castelvecchio,"['Museo Lapidario', 'Verona Tour', 'Museo Radio', 'San Zeno', 'Sighseeing']",Casa Giulietta,strategy_nearest,False,0.0023093223571777344,success
04BD0EBA7B3F84,1,"['Casa Giulietta', 'Torre Lamberti']",Palazzo della Ragione,"['AMO', 'Museo Conte', 'Centro Fotografia', 'Sighseeing', 'Santa Anastasia']",Arena,strategy_nearest,False,0.0026397705078125,success
04BD0A429C4C80,2,"['Torre Lamberti', 'Palazzo della Ragione']",Santa Anastasia,"['AMO', 'Museo Conte', 'Teatro Romano', 'Centro Fotografia', 'Duomo']",Teatro Romano,strategy_nearest,True,0.0019767284393310547,success
04BD09BA7B3F80,1,"['Castelvecchio', 'San Zeno', 'Museo Lapidario', 'Arena']",San Fermo,"['Museo Storia', 'Museo Radio', 'Casa Giulietta', 'Centro Fotografia', 'Sighseeing']",Torre Lamberti,strategy_nearest,False,0.0035867691040039062,success
04BD143A9C4C80,0,['Casa Giulietta'],Torre Lamberti,"['Sighseeing', 'Centro Fotografia', 'Museo Conte', 'Palazzo della Ragione', 'AMO']",Arena,strategy_nearest,False,0.0029268264770507812,success
04BD1BBA7B3F84,0,['Castelvecchio'],San Zeno,"['Verona Tour', 'Museo Lapidario', 'Arena', 'Museo Miniscalchi', 'Sighseeing']",Arena,strategy_nearest,True,0.0032072067260742188,success
04BD1A3A9C4C80,0,['Arena'],Castelvecchio,"['Museo Lapidario', 'Verona Tour', 'Museo Radio', 'San Zeno', 'Sighseeing']",San Zeno,strategy_nearest,True,0.0019829273223876953,success
04BD15BA7B3F80,1,"['Santa Anastasia', 'Teatro Romano', 'Arena']",Castelvecchio,"['Museo Lapidario', 'Verona Tour', 'Museo Radio', 'San Zeno', 'Sighseeing']",Duomo,strategy_nearest,False,0.0026688575744628906,success
04BD1D4A9C4C80,0,"['Casa Giulietta', 'Torre Lamberti', 'Giardino Giusti']",Teatro Romano,"['Santa Anastasia', 'Duomo', 'AMO', 'Palazzo della Ragione', 'Museo Conte']",Arena,strategy_nearest,False,0.0030679702758789062,success
04BD203A9C4C80,0,"['Castelvecchio', 'Arena']",Casa Giulietta,"['Centro Fotografia', 'Sighseeing', 'Torre Lamberti', 'Museo Conte', 'Museo Radio']",Duomo,strategy_nearest,False,0.002711057662963867,success
04BD22BA7B3F80,1,"['San Zeno', 'Palazzo della Ragione', 'Casa Giulietta']",San Fermo,"['Museo Storia', 'Museo Radio', 'Centro Fotografia', 'Arena', 'Sighseeing']",Santa Anastasia,strategy_nearest,False,0.0017910003662109375,success
04BD24BA7B3F80,1,"['Arena', 'San Fermo', 'Santa Anastasia']",Duomo,"['AMO', 'Museo Miniscalchi', 'Teatro Romano', 'Palazzo della Ragione', 'Museo Conte']",Torre Lamberti,strategy_nearest,False,0.0038709640502929688,success
04BD253A9C4C84,0,"['Arena', 'Casa Giulietta']",Torre Lamberti,"['Sighseeing', 'Centro Fotografia', 'Museo Conte', 'Palazzo della Ragione', 'AMO']",Teatro Romano,strategy_nearest,False,0.002402067184448242,success
04BD26BA7B3F84,1,"['Castelvecchio', 'Santa Anastasia', 'Teatro Romano', 'Giardino Giusti']",Arena,"['Verona Tour', 'Museo Lapidario', 'Museo Radio', 'San Fermo', 'Casa Giulietta']",Casa Giulietta,strategy_nearest,True,0.0033860206604003906,success
04BD283A9C4C80,0,['Arena'],San Fermo,"['Museo Storia', 'Museo Radio', 'Casa Giulietta', 'Centro Fotografia', 'Sighseeing']",Teatro Romano,strategy_nearest,False,0.0025920867919921875,success
04BD2C4A9C4C80,2,"['Casa Giulietta', 'Torre Lamberti', 'Palazzo della Ragione']",Santa Anastasia,"['AMO', 'Museo Conte', 'Teatro Romano', 'Centro Fotografia', 'Duomo']",Teatro Romano,strategy_nearest,True,0.0022399425506591797,success
04BD2E3A9C4C80,3,"['Arena', 'Casa Giulietta']",Teatro Romano,"['Santa Anastasia', 'Duomo', 'AMO', 'Palazzo della Ragione', 'Museo Conte']",Santa Anastasia,strategy_nearest,True,0.0030319690704345703,success
04BD394A9C4C80,3,"['Duomo', 'Teatro Romano']",San Zeno,"['Castelvecchio', 'Verona Tour', 'Museo Lapidario', 'Arena', 'Museo Miniscalchi']",Arena,strategy_nearest,True,0.003352642059326172,success
04BD3BBA7B3F80,3,"['Santa Anastasia', 'Casa Giulietta', 'Torre Lamberti']",Tomba Giulietta,"['San Fermo', 'Museo Storia', 'Arena', 'Museo Lapidario', 'Museo Radio']",Arena,strategy_nearest,True,0.002707958221435547,success
04BD45429C4C80,3,"['Arena', 'Casa Giulietta']",San Fermo,"['Museo Storia', 'Museo Radio', 'Centro Fotografia', 'Sighseeing', 'Torre Lamberti']",Tomba Giulietta,strategy_nearest,False,0.0033659934997558594,success
04BD48BA7B3F80,1,"['Arena', 'Casa Giulietta']",Torre Lamberti,"['Sighseeing', 'Centro Fotografia', 'Museo Conte', 'Palazzo della Ragione', 'AMO']",Palazzo della Ragione,strategy_nearest,True,0.0034368038177490234,success
04BD50429C4C80,3,"['Torre Lamberti', 'Santa Anastasia', 'Duomo', 'Casa Giulietta']",Arena,"['Verona Tour', 'Museo Lapidario', 'Museo Radio', 'San Fermo', 'Sighseeing']",Castelvecchio,strategy_nearest,False,0.00244903564453125,success
04BD4FBA7B3F80,1,"['Arena', 'Casa Giulietta']",Torre Lamberti,"['Sighseeing', 'Centro Fotografia', 'Museo Conte', 'Palazzo della Ragione', 'AMO']",Palazzo della Ragione,strategy_nearest,True,0.0035009384155273438,success
04BD54BA7B3F80,1,"['Arena', 'San Fermo', 'Santa Anastasia']",Duomo,"['AMO', 'Museo Miniscalchi', 'Teatro Romano', 'Palazzo della Ragione', 'Museo Conte']",Torre Lamberti,strategy_nearest,False,0.002978801727294922,success
04BD51429C4C80,0,['Casa Giulietta'],Torre Lamberti,"['Sighseeing', 'Centro Fotografia', 'Museo Conte', 'Palazzo della Ragione', 'AMO']",Giardino Giusti,strategy_nearest,False,0.003445148468017578,success
04BD553A9C4C80,1,"['Tomba Giulietta', 'Arena']",Casa Giulietta,"['Centro Fotografia', 'Sighseeing', 'Torre Lamberti', 'Museo Conte', 'Museo Radio']",Torre Lamberti,strategy_nearest,True,0.0032401084899902344,success
04BD55BA7B3F80,0,"['Arena', 'San Fermo']",Casa Giulietta,"['Centro Fotografia', 'Sighseeing', 'Torre Lamberti', 'Museo Conte', 'Museo Radio']",Teatro Romano,strategy_nearest,False,0.003119230270385742,success
04BD5FBA7B3F80,1,"['Santa Anastasia', 'Teatro Romano', 'Arena']",Castelvecchio,"['Museo Lapidario', 'Verona Tour', 'Museo Radio', 'San Zeno', 'Sighseeing']",Duomo,strategy_nearest,False,0.0024809837341308594,success
04BD59429C4C80,3,"['Castelvecchio', 'Casa Giulietta', 'Torre Lamberti']",Duomo,"['AMO', 'Museo Miniscalchi', 'Santa Anastasia', 'Teatro Romano', 'Palazzo della Ragione']",Arena,strategy_nearest,False,0.003591775894165039,success
04BD61429C4C80,3,"['San Zeno', 'Castelvecchio']",Torre Lamberti,"['Sighseeing', 'Centro Fotografia', 'Museo Conte', 'Casa Giulietta', 'Palazzo della Ragione']",Santa Anastasia,strategy_nearest,False,0.0024518966674804688,success
04BD67BA7B3F80,1,"['Teatro Romano', 'Santa Anastasia', 'San Fermo', 'Casa Giulietta']",Palazzo della Ragione,"['AMO', 'Museo Conte', 'Torre Lamberti', 'Centro Fotografia', 'Sighseeing']",San Zeno,strategy_nearest,False,0.002363920211791992,success
04BD60BA7B3F80,2,"['Santa Anastasia', 'Palazzo della Ragione']",Museo Lapidario,"['Verona Tour', 'Arena', 'Castelvecchio', 'Museo Radio', 'San Fermo']",Casa Giulietta,strategy_nearest,False,0.004037141799926758,success
04BD6BBA7B3F80,1,"['San Zeno', 'Castelvecchio', 'Arena', 'Casa Giulietta']",San Fermo,"['Museo Storia', 'Museo Radio', 'Centro Fotografia', 'Sighseeing', 'Torre Lamberti']",Torre Lamberti,strategy_nearest,True,0.0024290084838867188,success
04BD6C429C4C80,0,"['Arena', 'Torre Lamberti']",Casa Giulietta,"['Centro Fotografia', 'Sighseeing', 'Museo Conte', 'Museo Radio', 'Palazzo della Ragione']",Castelvecchio,strategy_nearest,False,0.0025599002838134766,success
04BD74BA7B3F80,1,"['Teatro Romano', 'Santa Anastasia', 'San Fermo', 'Casa Giulietta']",Palazzo della Ragione,"['AMO', 'Museo Conte', 'Torre Lamberti', 'Centro Fotografia', 'Sighseeing']",San Zeno,strategy_nearest,False,0.0033500194549560547,success
04BD7B4A9C4C80,3,['Arena'],Santa Anastasia,"['AMO', 'Museo Conte', 'Palazzo della Ragione', 'Teatro Romano', 'Centro Fotografia']",Casa Giulietta,strategy_nearest,False,0.002328634262084961,success
04BD73BA7B3F80,0,"['Arena', 'Casa Giulietta']",San Fermo,"['Museo Storia', 'Museo Radio', 'Centro Fotografia', 'Sighseeing', 'Torre Lamberti']",Castelvecchio,strategy_nearest,False,0.00341796875,success
04BD753A9C4C80,3,['Arena'],Casa Giulietta,"['Centro Fotografia', 'Sighseeing', 'Torre Lamberti', 'Museo Conte', 'Museo Radio']",Santa Anastasia,strategy_nearest,False,0.0034322738647460938,success
04BD86429C4C80,0,['San Fermo'],Arena,"['Verona Tour', 'Museo Lapidario', 'Museo Radio', 'Casa Giulietta', 'Sighseeing']",Casa Giulietta,strategy_nearest,True,0.0018758773803710938,success
04BD83BA7B3F80,3,"['Santa Anastasia', 'Duomo']",Teatro Romano,"['AMO', 'Palazzo della Ragione', 'Museo Conte', 'Centro Fotografia', 'Museo Miniscalchi']",Castelvecchio,strategy_nearest,False,0.0026140213012695312,success
04BD7E3A9C4C80,0,['Arena'],Museo Lapidario,"['Verona Tour', 'Castelvecchio', 'Museo Radio', 'San Fermo', 'Casa Giulietta']",Duomo,strategy_nearest,False,0.003915071487426758,success
04BD864A9C4C80,3,"['Arena', 'Tomba Giulietta', 'San Fermo']",Torre Lamberti,"['Sighseeing', 'Centro Fotografia', 'Museo Conte', 'Casa Giulietta', 'Palazzo della Ragione']",Santa Anastasia,strategy_nearest,False,0.0028269290924072266,success
04BD8C3A9C4C80,0,['Torre Lamberti'],Casa Giulietta,"['Centro Fotografia', 'Sighseeing', 'Museo Conte', 'Museo Radio', 'Palazzo della Ragione']",Arena,strategy_nearest,False,0.00321197509765625,success
04BD8D3A9C4C80,3,['Arena'],Torre Lamberti,"['Sighseeing', 'Centro Fotografia', 'Museo Conte', 'Casa Giulietta', 'Palazzo della Ragione']",Duomo,strategy_nearest,False,0.0019540786743164062,success
04BD95BA7B3F80,1,"['Palazzo della Ragione', 'Castelvecchio']",Arena,"['Verona Tour', 'Museo Lapidario', 'Museo Radio', 'San Fermo', 'Casa Giulietta']",San Zeno,strategy_nearest,False,0.0026988983154296875,success
04BD9BBA7B3F80,3,"['Santa Anastasia', 'Torre Lamberti', 'Arena']",Casa Giulietta,"['Centro Fotografia', 'Sighseeing', 'Museo Conte', 'Museo Radio', 'Palazzo della Ragione']",San Zeno,strategy_nearest,False,0.0025322437286376953,success
04BD9ABA7B3F80,3,"['San Zeno', 'Santa Anastasia', 'Duomo']",Casa Giulietta,"['Centro Fotografia', 'Sighseeing', 'Torre Lamberti', 'Museo Conte', 'Museo Radio']",Arena,strategy_nearest,False,0.002027750015258789,success
04BD8F3A9C4C80,1,"['Arena', 'Torre Lamberti', 'Palazzo della Ragione']",Santa Anastasia,"['AMO', 'Museo Conte', 'Teatro Romano', 'Centro Fotografia', 'Duomo']",Duomo,strategy_nearest,True,0.004824638366699219,success
04BD9F429C4C80,1,"['Arena', 'Torre Lamberti']",Palazzo della Ragione,"['AMO', 'Museo Conte', 'Centro Fotografia', 'Sighseeing', 'Santa Anastasia']",Santa Anastasia,strategy_nearest,True,0.002145051956176758,success
04BD9C429C4C80,1,"['Arena', 'Castelvecchio']",Palazzo della Ragione,"['AMO', 'Museo Conte', 'Torre Lamberti', 'Centro Fotografia', 'Sighseeing']",Santa Anastasia,strategy_nearest,False,0.003415822982788086,success
04BDA1BA7B3F80,3,"['Arena', 'Casa Giulietta', 'Castelvecchio']",Teatro Romano,"['Santa Anastasia', 'Duomo', 'AMO', 'Palazzo della Ragione', 'Museo Conte']",Torre Lamberti,strategy_nearest,False,0.0015227794647216797,success
04BDA64A9C4C80,0,['Arena'],Torre Lamberti,"['Sighseeing', 'Centro Fotografia', 'Museo Conte', 'Casa Giulietta', 'Palazzo della Ragione']",Casa Giulietta,strategy_nearest,True,0.0032148361206054688,success
04BDAE3A9C4C80,3,['Arena'],Santa Anastasia,"['AMO', 'Museo Conte', 'Palazzo della Ragione', 'Teatro Romano', 'Centro Fotografia']",Duomo,strategy_nearest,False,0.0020580291748046875,success
04BDA9429C4C80,0,['Torre Lamberti'],Casa Giulietta,"['Centro Fotografia', 'Sighseeing', 'Museo Conte', 'Museo Radio', 'Palazzo della Ragione']",Arena,strategy_nearest,False,0.0015530586242675781,success
04BDADBA7B3F80,0,"['Arena', 'Tomba Giulietta']",Torre Lamberti,"['Sighseeing', 'Centro Fotografia', 'Museo Conte', 'Casa Giulietta', 'Palazzo della Ragione']",Casa Giulietta,strategy_nearest,True,0.003267049789428711,success
04BDA6BA7B3F80,3,"['Teatro Romano', 'Duomo', 'Torre Lamberti']",Arena,"['Verona Tour', 'Museo Lapidario', 'Museo Radio', 'San Fermo', 'Casa Giulietta']",San Fermo,strategy_nearest,True,0.003976106643676758,success
04BDB83A9C4C80,0,"['Castelvecchio', 'Arena']",Giardino Giusti,"['Santa Anastasia', 'Teatro Romano', 'Museo Conte', 'Centro Fotografia', 'Museo Storia']",Torre Lamberti,strategy_nearest,False,0.001981973648071289,success
04BDB7429C4C80,3,['Arena'],Santa Anastasia,"['AMO', 'Museo Conte', 'Palazzo della Ragione', 'Teatro Romano', 'Centro Fotografia']",Duomo,strategy_nearest,False,0.001508951187133789,success
04BDAF3A9C4C80,2,"['Castelvecchio', 'Tomba Giulietta']",Casa Giulietta,"['Centro Fotografia', 'Sighseeing', 'Torre Lamberti', 'Museo Conte', 'Museo Radio']",Torre Lamberti,strategy_nearest,True,0.002780914306640625,success
04BDB6429C4C80,2,"['San Fermo', 'Santa Anastasia']",Duomo,"['AMO', 'Museo Miniscalchi', 'Teatro Romano', 'Palazzo della Ragione', 'Museo Conte']",Castelvecchio,strategy_nearest,False,0.0033311843872070312,success
04BDBEBA7B3F80,1,"['Arena', 'Castelvecchio']",Palazzo della Ragione,"['AMO', 'Museo Conte', 'Torre Lamberti', 'Centro Fotografia', 'Sighseeing']",Torre Lamberti,strategy_nearest,True,0.0014739036560058594,success
04BDB9BA7B3F80,0,['Teatro Romano'],San Fermo,"['Museo Storia', 'Museo Radio', 'Casa Giulietta', 'Centro Fotografia', 'Arena']",Arena,strategy_nearest,True,0.0022149085998535156,success
04BDBA3A9C4C80,1,['Torre Lamberti'],Palazzo della Ragione,"['AMO', 'Museo Conte', 'Centro Fotografia', 'Sighseeing', 'Santa Anastasia']",Casa Giulietta,strategy_nearest,False,0.0028259754180908203,success
04BDBFBA7B3F80,0,['Duomo'],Arena,"['Verona Tour', 'Museo Lapidario', 'Museo Radio', 'San Fermo', 'Casa Giulietta']",Tomba Giulietta,strategy_nearest,False,0.003175020217895508,success
04BDC03A9C4C80,0,"['Arena', 'Torre Lamberti']",Casa Giulietta,"['Centro Fotografia', 'Sighseeing', 'Museo Conte', 'Museo Radio', 'Palazzo della Ragione']",Castelvecchio,strategy_nearest,False,0.0018389225006103516,success
04BDC4429C4C80,3,"['Arena', 'Casa Giulietta']",Torre Lamberti,"['Sighseeing', 'Centro Fotografia', 'Museo Conte', 'Palazzo della Ragione', 'AMO']",Santa Anastasia,strategy_nearest,False,0.0027048587799072266,success
04BDC4BA7B3F80,3,"['Teatro Romano', 'Arena', 'San Fermo']",Casa Giulietta,"['Centro Fotografia', 'Sighseeing', 'Torre Lamberti', 'Museo Conte', 'Museo Radio']",Torre Lamberti,strategy_nearest,True,0.0024733543395996094,success
04BDC23A9C4C80,3,['Castelvecchio'],Arena,"['Verona Tour', 'Museo Lapidario', 'Museo Radio', 'San Fermo', 'Casa Giulietta']",Torre Lamberti,strategy_nearest,False,0.004364728927612305,success
04BDC73A9C4C80,0,['Arena'],Casa Giulietta,"['Centro Fotografia', 'Sighseeing', 'Torre Lamberti', 'Museo Conte', 'Museo Radio']",Castelvecchio,strategy_nearest,False,0.0025200843811035156,success
04BDC5429C4C80,1,"['Arena', 'Casa Giulietta']",Torre Lamberti,"['Sighseeing', 'Centro Fotografia', 'Museo Conte', 'Palazzo della Ragione', 'AMO']",Palazzo della Ragione,strategy_nearest,True,0.003055095672607422,success
04BDC5BA7B3F80,1,"['Arena', 'Castelvecchio']",Casa Giulietta,"['Centro Fotografia', 'Sighseeing', 'Torre Lamberti', 'Museo Conte', 'Museo Radio']",Torre Lamberti,strategy_nearest,True,0.0038089752197265625,success
04BDCA3A9C4C80,2,"['Tomba Giulietta', 'Castelvecchio']",Duomo,"['AMO', 'Museo Miniscalchi', 'Santa Anastasia', 'Teatro Romano', 'Palazzo della Ragione']",Torre Lamberti,strategy_nearest,False,0.003330230712890625,success
04BDCABA7B3F80,1,['Castelvecchio'],Torre Lamberti,"['Sighseeing', 'Centro Fotografia', 'Museo Conte', 'Casa Giulietta', 'Palazzo della Ragione']",Palazzo della Ragione,strategy_nearest,True,0.0026917457580566406,success
04BDCC3A9C4C80,1,"['Arena', 'Casa Giulietta', 'Santa Anastasia']",Duomo,"['AMO', 'Museo Miniscalchi', 'Teatro Romano', 'Palazzo della Ragione', 'Museo Conte']",Torre Lamberti,strategy_nearest,False,0.003113985061645508,success
04BDCB3A9C4C80,0,['Casa Giulietta'],Arena,"['Verona Tour', 'Museo Lapidario', 'Museo Radio', 'San Fermo', 'Sighseeing']",Castelvecchio,strategy_nearest,False,0.0034182071685791016,success
04BDD0BA7B3F80,1,"['Duomo', 'Teatro Romano', 'San Zeno', 'Castelvecchio', 'Museo Lapidario']",Arena,"['Verona Tour', 'Museo Radio', 'San Fermo', 'Casa Giulietta', 'Sighseeing']",Casa Giulietta,strategy_nearest,True,0.002254962921142578,success
04BDD1429C4C80,3,"['San Fermo', 'Teatro Romano']",Duomo,"['AMO', 'Museo Miniscalchi', 'Santa Anastasia', 'Palazzo della Ragione', 'Museo Conte']",San Zeno,strategy_nearest,False,0.0020401477813720703,success
04BDD1BA7B3F80,1,['Castelvecchio'],Torre Lamberti,"['Sighseeing', 'Centro Fotografia', 'Museo Conte', 'Casa Giulietta', 'Palazzo della Ragione']",Palazzo della Ragione,strategy_nearest,True,0.0030329227447509766,success
04BDDA429C4C80,0,['Tomba Giulietta'],Casa Giulietta,"['Centro Fotografia', 'Sighseeing', 'Torre Lamberti', 'Museo Conte', 'Museo Radio']",Giardino Giusti,strategy_nearest,False,0.002508878707885742,success
04BDD6BA7B3F80,1,"['Castelvecchio', 'Arena', 'Casa Giulietta']",Palazzo della Ragione,"['AMO', 'Museo Conte', 'Torre Lamberti', 'Centro Fotografia', 'Sighseeing']",Torre Lamberti,strategy_nearest,True,0.0032019615173339844,success
04BDE03A9C4C80,2,['Casa Giulietta'],Torre Lamberti,"['Sighseeing', 'Centro Fotografia', 'Museo Conte', 'Palazzo della Ragione', 'AMO']",Castelvecchio,strategy_nearest,False,0.0028629302978515625,success
04BDE73A9C4C80,0,['Castelvecchio'],Casa Giulietta,"['Centro Fotografia', 'Sighseeing', 'Torre Lamberti', 'Museo Conte', 'Museo Radio']",Arena,strategy_nearest,False,0.002749919891357422,success
04BDE9BA7B3F80,3,"['Duomo', 'Castelvecchio']",Arena,"['Verona Tour', 'Museo Lapidario', 'Museo Radio', 'San Fermo', 'Casa Giulietta']",Torre Lamberti,strategy_nearest,False,0.002777099609375,success
04BDEFBA7B3F80,1,"['San Fermo', 'Teatro Romano', 'Duomo']",Torre Lamberti,"['Sighseeing', 'Centro Fotografia', 'Museo Conte', 'Casa Giulietta', 'Palazzo della Ragione']",Palazzo della Ragione,strategy_nearest,True,0.003162860870361328,success
04BDEEBA7B3F80,3,"['Arena', 'Torre Lamberti', 'Castelvecchio']",Duomo,"['AMO', 'Museo Miniscalchi', 'Santa Anastasia', 'Teatro Romano', 'Palazzo della Ragione']",Teatro Romano,strategy_nearest,True,0.0036716461181640625,success
04BDF4BA7B3F80,3,"['Tomba Giulietta', 'Museo Storia', 'Arena']",Casa Giulietta,"['Centro Fotografia', 'Sighseeing', 'Torre Lamberti', 'Museo Conte', 'Museo Radio']",Torre Lamberti,strategy_nearest,True,0.0026428699493408203,success
04BE0C3A9C4C84,3,"['San Fermo', 'Torre Lamberti']",Santa Anastasia,"['AMO', 'Museo Conte', 'Palazzo della Ragione', 'Teatro Romano', 'Centro Fotografia']",Teatro Romano,strategy_nearest,True,0.002543926239013672,success
04BDFE3A9C4C80,3,"['Arena', 'San Fermo']",Torre Lamberti,"['Sighseeing', 'Centro Fotografia', 'Museo Conte', 'Casa Giulietta', 'Palazzo della Ragione']",Santa Anastasia,strategy_nearest,False,0.003113269805908203,success
04BE0DBA7B3F80,3,['San Fermo'],Santa Anastasia,"['AMO', 'Museo Conte', 'Palazzo della Ragione', 'Teatro Romano', 'Centro Fotografia']",Duomo,strategy_nearest,False,0.003114938735961914,success
04BDFF429C4C80,0,"['Tomba Giulietta', 'Arena']",Casa Giulietta,"['Centro Fotografia', 'Sighseeing', 'Torre Lamberti', 'Museo Conte', 'Museo Radio']",Teatro Romano,strategy_nearest,False,0.002569913864135742,success
04BE14BA7B3F80,1,"['Arena', 'Palazzo della Ragione', 'Santa Anastasia']",Duomo,"['AMO', 'Museo Miniscalchi', 'Teatro Romano', 'Museo Conte', 'Torre Lamberti']",Torre Lamberti,strategy_nearest,True,0.0027472972869873047,success
04BE1E429C4C80,0,['Castelvecchio'],Arena,"['Verona Tour', 'Museo Lapidario', 'Museo Radio', 'San Fermo', 'Casa Giulietta']",Duomo,strategy_nearest,False,0.003509998321533203,success
04BE1B429C4C84,0,"['Museo Lapidario', 'Arena']",Torre Lamberti,"['Sighseeing', 'Centro Fotografia', 'Museo Conte', 'Casa Giulietta', 'Palazzo della Ragione']",Casa Giulietta,strategy_nearest,True,0.002063274383544922,success
04BE1C3A9C4C84,0,['Arena'],Museo Lapidario,"['Verona Tour', 'Castelvecchio', 'Museo Radio', 'San Fermo', 'Casa Giulietta']",Casa Giulietta,strategy_nearest,True,0.002980947494506836,success
04BE20429C4C84,3,"['Arena', 'Casa Giulietta', 'Torre Lamberti']",Santa Anastasia,"['AMO', 'Museo Conte', 'Palazzo della Ragione', 'Teatro Romano', 'Centro Fotografia']",Teatro Romano,strategy_nearest,True,0.002068042755126953,success
04BE1FBA7B3F84,0,['Arena'],Castelvecchio,"['Museo Lapidario', 'Verona Tour', 'Museo Radio', 'San Zeno', 'Sighseeing']",Torre Lamberti,strategy_nearest,False,0.0016248226165771484,success
04BE203A9C4C84,3,"['Arena', 'San Fermo', 'Casa Giulietta']",Castelvecchio,"['Museo Lapidario', 'Verona Tour', 'Museo Radio', 'San Zeno', 'Sighseeing']",Santa Anastasia,strategy_nearest,False,0.002833843231201172,success
04BE1F3A9C4C80,1,"['Castelvecchio', 'Arena']",Casa Giulietta,"['Centro Fotografia', 'Sighseeing', 'Torre Lamberti', 'Museo Conte', 'Museo Radio']",Palazzo della Ragione,strategy_nearest,False,0.003506898880004883,success
04BE28BA7B3F80,3,['Castelvecchio'],Teatro Romano,"['Santa Anastasia', 'Duomo', 'AMO', 'Palazzo della Ragione', 'Museo Conte']",Arena,strategy_nearest,False,0.002129077911376953,success
04BE21BA7B3F80,3,"['Castelvecchio', 'Arena']",Casa Giulietta,"['Centro Fotografia', 'Sighseeing', 'Torre Lamberti', 'Museo Conte', 'Museo Radio']",Santa Anastasia,strategy_nearest,False,0.0015778541564941406,success
04BE2DBA7B3F80,3,"['Arena', 'Castelvecchio']",Torre Lamberti,"['Sighseeing', 'Centro Fotografia', 'Museo Conte', 'Casa Giulietta', 'Palazzo della Ragione']",Santa Anastasia,strategy_nearest,False,0.003259897232055664,success
04BE2B3A9C4C80,1,"['Castelvecchio', 'Arena', 'Casa Giulietta']",Torre Lamberti,"['Sighseeing', 'Centro Fotografia', 'Museo Conte', 'Palazzo della Ragione', 'AMO']",Palazzo della Ragione,strategy_nearest,True,0.003086090087890625,success
04BE34429C4C80,0,['Arena'],Casa Giulietta,"['Centro Fotografia', 'Sighseeing', 'Torre Lamberti', 'Museo Conte', 'Museo Radio']",Castelvecchio,strategy_nearest,False,0.003026247024536133,success
04BE333A9C4C80,3,"['Arena', 'San Fermo', 'Casa Giulietta']",Santa Anastasia,"['AMO', 'Museo Conte', 'Palazzo della Ragione', 'Teatro Romano', 'Centro Fotografia']",Tomba Giulietta,strategy_nearest,False,0.002707958221435547,success
04BE39BA7B3F80,0,"['Torre Lamberti', 'Casa Giulietta']",Arena,"['Verona Tour', 'Museo Lapidario', 'Museo Radio', 'San Fermo', 'Sighseeing']",Castelvecchio,strategy_nearest,False,0.002527952194213867,success
04BE35429C4C80,1,['Arena'],Casa Giulietta,"['Centro Fotografia', 'Sighseeing', 'Torre Lamberti', 'Museo Conte', 'Museo Radio']",Palazzo della Ragione,strategy_nearest,False,0.0033829212188720703,success
04BE3D429C4C80,0,['Arena'],Castelvecchio,"['Museo Lapidario', 'Verona Tour', 'Museo Radio', 'San Zeno', 'Sighseeing']",Arena,strategy_nearest,False,0.00350189208984375,success
04BE433A9C4C80,1,"['Arena', 'Museo Lapidario', 'Castelvecchio']",Casa Giulietta,"['Centro Fotografia', 'Sighseeing', 'Torre Lamberti', 'Museo Conte', 'Museo Radio']",Torre Lamberti,strategy_nearest,True,0.0026531219482421875,success
04BE51429C4C80,1,['Castelvecchio'],Arena,"['Verona Tour', 'Museo Lapidario', 'Museo Radio', 'San Fermo', 'Casa Giulietta']",Palazzo della Ragione,strategy_nearest,False,0.0031490325927734375,success
04BE46BA7B3F80,3,"['Castelvecchio', 'Duomo', 'Santa Anastasia', 'Torre Lamberti']",Casa Giulietta,"['Centro Fotografia', 'Sighseeing', 'Museo Conte', 'Museo Radio', 'Palazzo della Ragione']",San Zeno,strategy_nearest,False,0.002485036849975586,success
04BE54429C4C80,2,"['Castelvecchio', 'Palazzo della Ragione', 'Torre Lamberti']",Casa Giulietta,"['Centro Fotografia', 'Sighseeing', 'Museo Conte', 'Museo Radio', 'San Fermo']",Giardino Giusti,strategy_nearest,False,0.0024871826171875,success
04BE563A9C4C80,1,"['Arena', 'Casa Giulietta', 'San Fermo']",Palazzo della Ragione,"['AMO', 'Museo Conte', 'Torre Lamberti', 'Centro Fotografia', 'Sighseeing']",Torre Lamberti,strategy_nearest,True,0.002583026885986328,success
04BE57BA7B3F80,1,"['San Zeno', 'Palazzo della Ragione', 'Torre Lamberti', 'Casa Giulietta', 'San Fermo']",Duomo,"['AMO', 'Museo Miniscalchi', 'Santa Anastasia', 'Teatro Romano', 'Museo Conte']",Teatro Romano,strategy_nearest,True,0.0030808448791503906,success
04BE55429C4C80,0,"['Torre Lamberti', 'Arena']",Castelvecchio,"['Museo Lapidario', 'Verona Tour', 'Museo Radio', 'San Zeno', 'Sighseeing']",Tomba Giulietta,strategy_nearest,False,0.003117084503173828,success
04BE5C429C4C80,3,"['Castelvecchio', 'San Zeno']",Arena,"['Verona Tour', 'Museo Lapidario', 'Museo Radio', 'San Fermo', 'Casa Giulietta']",Torre Lamberti,strategy_nearest,False,0.0024650096893310547,success
04BE72429C4C80,2,['Casa Giulietta'],Santa Anastasia,"['AMO', 'Museo Conte', 'Palazzo della Ragione', 'Teatro Romano', 'Centro Fotografia']",Palazzo della Ragione,strategy_nearest,True,0.0021851062774658203,success
04BE6F429C4C80,2,['Palazzo della Ragione'],Teatro Romano,"['Santa Anastasia', 'Duomo', 'AMO', 'Museo Conte', 'Centro Fotografia']",Torre Lamberti,strategy_nearest,False,0.0015797615051269531,success
04BE773A9C4C80,0,['Arena'],Casa Giulietta,"['Centro Fotografia', 'Sighseeing', 'Torre Lamberti', 'Museo Conte', 'Museo Radio']",Torre Lamberti,strategy_nearest,True,0.002788066864013672,success
04BE7F4A9C4C80,0,"['Tomba Giulietta', 'Arena']",Torre Lamberti,"['Sighseeing', 'Centro Fotografia', 'Museo Conte', 'Casa Giulietta', 'Palazzo della Ragione']",Casa Giulietta,strategy_nearest,True,0.003442049026489258,success
04BE87BA7B3F80,3,"['San Zeno', 'Santa Anastasia', 'Duomo']",Casa Giulietta,"['Centro Fotografia', 'Sighseeing', 'Torre Lamberti', 'Museo Conte', 'Museo Radio']",Arena,strategy_nearest,False,0.0026900768280029297,success
04BE864A9C4C80,3,['Arena'],Casa Giulietta,"['Centro Fotografia', 'Sighseeing', 'Torre Lamberti', 'Museo Conte', 'Museo Radio']",Torre Lamberti,strategy_nearest,True,0.002804994583129883,success
04BEA0429C4C80,0,['Arena'],Casa Giulietta,"['Centro Fotografia', 'Sighseeing', 'Torre Lamberti', 'Museo Conte', 'Museo Radio']",Teatro Romano,strategy_nearest,False,0.0033349990844726562,success
04BEA14A9C4C80,0,['Arena'],Casa Giulietta,"['Centro Fotografia', 'Sighseeing', 'Torre Lamberti', 'Museo Conte', 'Museo Radio']",Santa Anastasia,strategy_nearest,False,0.0031402111053466797,success
04BEA63A9C4C80,3,['Castelvecchio'],Santa Anastasia,"['AMO', 'Museo Conte', 'Palazzo della Ragione', 'Teatro Romano', 'Centro Fotografia']",Arena,strategy_nearest,False,0.0022649765014648438,success
04BEAC3A9C4C80,3,"['Tomba Giulietta', 'San Fermo', 'Casa Giulietta']",Santa Anastasia,"['AMO', 'Museo Conte', 'Palazzo della Ragione', 'Teatro Romano', 'Centro Fotografia']",Duomo,strategy_nearest,False,0.0024929046630859375,success
04BEAA3A9C4C80,0,['Arena'],Torre Lamberti,"['Sighseeing', 'Centro Fotografia', 'Museo Conte', 'Casa Giulietta', 'Palazzo della Ragione']",Duomo,strategy_nearest,False,0.0027320384979248047,success
04BEABBA7B3F80,2,"['Castelvecchio', 'Teatro Romano', 'Duomo']",Casa Giulietta,"['Centro Fotografia', 'Sighseeing', 'Torre Lamberti', 'Museo Conte', 'Museo Radio']",Torre Lamberti,strategy_nearest,True,0.003330707550048828,success
04BEB2429C4C80,0,['Arena'],Casa Giulietta,"['Centro Fotografia', 'Sighseeing', 'Torre Lamberti', 'Museo Conte', 'Museo Radio']",Santa Anastasia,strategy_nearest,False,0.0026171207427978516,success
04BEB7BA7B3F80,0,['Duomo'],Teatro Romano,"['Santa Anastasia', 'AMO', 'Palazzo della Ragione', 'Museo Conte', 'Centro Fotografia']",Arena,strategy_nearest,False,0.0031061172485351562,success
04BEB3429C4C80,0,['Arena'],Castelvecchio,"['Museo Lapidario', 'Verona Tour', 'Museo Radio', 'San Zeno', 'Sighseeing']",Giardino Giusti,strategy_nearest,False,0.0025510787963867188,success
04BEBC3A9C4C80,3,"['Arena', 'Torre Lamberti']",Santa Anastasia,"['AMO', 'Museo Conte', 'Palazzo della Ragione', 'Teatro Romano', 'Centro Fotografia']",Duomo,strategy_nearest,False,0.0031871795654296875,success
04BEBDBA7B3F80,0,"['Torre Lamberti', 'Arena']",Casa Giulietta,"['Centro Fotografia', 'Sighseeing', 'Museo Conte', 'Museo Radio', 'Palazzo della Ragione']",San Zeno,strategy_nearest,False,0.0018019676208496094,success
04BEC3BA7B3F80,4,"['Arena', 'Casa Giulietta', 'Torre Lamberti', 'Palazzo della Ragione', 'Santa Anastasia']",Teatro Romano,"['Duomo', 'AMO', 'Museo Conte', 'Centro Fotografia', 'Museo Miniscalchi']",Duomo,strategy_nearest,True,0.0025467872619628906,success
04BEC93A9C4C80,3,['Arena'],San Fermo,"['Museo Storia', 'Museo Radio', 'Casa Giulietta', 'Centro Fotografia', 'Sighseeing']",Santa Anastasia,strategy_nearest,False,0.003320932388305664,success
04BECABA7B3F80,3,"['San Fermo', 'Tomba Giulietta', 'Casa Giulietta', 'Duomo']",Teatro Romano,"['Santa Anastasia', 'AMO', 'Palazzo della Ragione', 'Museo Conte', 'Centro Fotografia']",Arena,strategy_nearest,False,0.0034148693084716797,success
04BEDC429C4C80,3,"['Tomba Giulietta', 'Casa Giulietta', 'Santa Anastasia']",Duomo,"['AMO', 'Museo Miniscalchi', 'Teatro Romano', 'Palazzo della Ragione', 'Museo Conte']",San Fermo,strategy_nearest,False,0.003251791000366211,success
04BEDCBA7B3F80,1,"['Duomo', 'Casa Giulietta', 'Arena']",Castelvecchio,"['Museo Lapidario', 'Verona Tour', 'Museo Radio', 'San Zeno', 'Sighseeing']",San Zeno,strategy_nearest,True,0.003262042999267578,success
04BEE33A9C4C80,3,"['Santa Anastasia', 'Teatro Romano']",Duomo,"['AMO', 'Museo Miniscalchi', 'Palazzo della Ragione', 'Museo Conte', 'Torre Lamberti']",Arena,strategy_nearest,False,0.0030078887939453125,success
04BEE7BA7B3F80,3,['Arena'],Santa Anastasia,"['AMO', 'Museo Conte', 'Palazzo della Ragione', 'Teatro Romano', 'Centro Fotografia']",Castelvecchio,strategy_nearest,False,0.0023109912872314453,success
04BEEB3A9C4C80,3,"['Arena', 'Casa Giulietta', 'Torre Lamberti']",Santa Anastasia,"['AMO', 'Museo Conte', 'Palazzo della Ragione', 'Teatro Romano', 'Centro Fotografia']",Duomo,strategy_nearest,False,0.0034339427947998047,success
04BF03429C4C84,3,"['Arena', 'Casa Giulietta']",Santa Anastasia,"['AMO', 'Museo Conte', 'Palazzo della Ragione', 'Teatro Romano', 'Centro Fotografia']",Castelvecchio,strategy_nearest,False,0.0021359920501708984,success
04BF08429C4C84,1,"['Santa Anastasia', 'Teatro Romano', 'Arena']",Torre Lamberti,"['Sighseeing', 'Centro Fotografia', 'Museo Conte', 'Casa Giulietta', 'Palazzo della Ragione']",Palazzo della Ragione,strategy_nearest,True,0.003195047378540039,success
04BF09BA7B3F80,3,"['Castelvecchio', 'Arena']",Casa Giulietta,"['Centro Fotografia', 'Sighseeing', 'Torre Lamberti', 'Museo Conte', 'Museo Radio']",Torre Lamberti,strategy_nearest,True,0.0028159618377685547,success
04BF0EBA7B3F80,3,"['Arena', 'Castelvecchio']",Torre Lamberti,"['Sighseeing', 'Centro Fotografia', 'Museo Conte', 'Casa Giulietta', 'Palazzo della Ragione']",Santa Anastasia,strategy_nearest,False,0.002609729766845703,success
04BF0FBA7B3F80,1,"['Castelvecchio', 'Arena', 'Casa Giulietta']",Torre Lamberti,"['Sighseeing', 'Centro Fotografia', 'Museo Conte', 'Palazzo della Ragione', 'AMO']",Palazzo della Ragione,strategy_nearest,True,0.0031747817993164062,success
04BF103A9C4C80,1,"['Casa Giulietta', 'Palazzo della Ragione', 'Torre Lamberti']",Duomo,"['AMO', 'Museo Miniscalchi', 'Santa Anastasia', 'Teatro Romano', 'Museo Conte']",Castelvecchio,strategy_nearest,False,0.0019450187683105469,success
04BF13BA7B3F84,0,"['Castelvecchio', 'Casa Giulietta']",Tomba Giulietta,"['San Fermo', 'Museo Storia', 'Arena', 'Museo Lapidario', 'Museo Radio']",Arena,strategy_nearest,True,0.0033338069915771484,success
04BF16429C4C80,0,"['Arena', 'Museo Lapidario']",Torre Lamberti,"['Sighseeing', 'Centro Fotografia', 'Museo Conte', 'Casa Giulietta', 'Palazzo della Ragione']",Casa Giulietta,strategy_nearest,True,0.0019178390502929688,success
04BF14BA7B3F84,1,"['Casa Giulietta', 'Torre Lamberti']",Palazzo della Ragione,"['AMO', 'Museo Conte', 'Centro Fotografia', 'Sighseeing', 'Santa Anastasia']",Castelvecchio,strategy_nearest,False,0.0026009082794189453,success
04BF15BA7B3F80,1,"['San Zeno', 'Castelvecchio', 'Arena']",Casa Giulietta,"['Centro Fotografia', 'Sighseeing', 'Torre Lamberti', 'Museo Conte', 'Museo Radio']",Duomo,strategy_nearest,False,0.0033659934997558594,success
04BF1BBA7B3F80,1,"['Arena', 'Duomo', 'Torre Lamberti']",Palazzo della Ragione,"['AMO', 'Museo Conte', 'Centro Fotografia', 'Sighseeing', 'Santa Anastasia']",Castelvecchio,strategy_nearest,False,0.0032241344451904297,success
04BF1E4A9C4C80,2,['Casa Giulietta'],Santa Anastasia,"['AMO', 'Museo Conte', 'Palazzo della Ragione', 'Teatro Romano', 'Centro Fotografia']",Teatro Romano,strategy_nearest,True,0.0018799304962158203,success
04BF253A9C4C80,3,"['Arena', 'Torre Lamberti']",Casa Giulietta,"['Centro Fotografia', 'Sighseeing', 'Museo Conte', 'Museo Radio', 'Palazzo della Ragione']",San Zeno,strategy_nearest,False,0.0026090145111083984,success
04BF1FBA7B3F84,2,['Duomo'],Castelvecchio,"['Museo Lapidario', 'Verona Tour', 'Arena', 'Museo Radio', 'San Zeno']",Santa Anastasia,strategy_nearest,False,0.0026099681854248047,success
04BF20429C4C80,1,"['Arena', 'Casa Giulietta']",Palazzo della Ragione,"['AMO', 'Museo Conte', 'Torre Lamberti', 'Centro Fotografia', 'Sighseeing']",Torre Lamberti,strategy_nearest,True,0.003448963165283203,success
04BF25BA7B3F84,0,"['Castelvecchio', 'Arena', 'Casa Giulietta']",Duomo,"['AMO', 'Museo Miniscalchi', 'Santa Anastasia', 'Teatro Romano', 'Palazzo della Ragione']",Giardino Giusti,strategy_nearest,False,0.003238201141357422,success
04BF283A9C4C80,3,"['Casa Giulietta', 'Santa Anastasia']",Teatro Romano,"['Duomo', 'AMO', 'Palazzo della Ragione', 'Museo Conte', 'Centro Fotografia']",Arena,strategy_nearest,False,0.001791238784790039,success
04BF29429C4C84,3,"['Arena', 'Casa Giulietta']",Castelvecchio,"['Museo Lapidario', 'Verona Tour', 'Museo Radio', 'San Zeno', 'Sighseeing']",Santa Anastasia,strategy_nearest,False,0.002647876739501953,success
04BF2F429C4C80,1,"['Arena', 'Santa Anastasia', 'Teatro Romano']",Duomo,"['AMO', 'Museo Miniscalchi', 'Palazzo della Ragione', 'Museo Conte', 'Torre Lamberti']",Casa Giulietta,strategy_nearest,False,0.001993894577026367,success
04BF2C429C4C80,0,['Arena'],Duomo,"['AMO', 'Museo Miniscalchi', 'Santa Anastasia', 'Teatro Romano', 'Palazzo della Ragione']",Teatro Romano,strategy_nearest,True,0.003983259201049805,success
04BF34BA7B3F80,1,"['Castelvecchio', 'San Fermo', 'Torre Lamberti']",Palazzo della Ragione,"['AMO', 'Museo Conte', 'Centro Fotografia', 'Sighseeing', 'Santa Anastasia']",Arena,strategy_nearest,False,0.0030858516693115234,success
04BF2FBA7B3F80,3,['San Fermo'],Santa Anastasia,"['AMO', 'Museo Conte', 'Palazzo della Ragione', 'Teatro Romano', 'Centro Fotografia']",Arena,strategy_nearest,False,0.003203153610229492,success
04BF35429C4C80,2,['Casa Giulietta'],Torre Lamberti,"['Sighseeing', 'Centro Fotografia', 'Museo Conte', 'Palazzo della Ragione', 'AMO']",Santa Anastasia,strategy_nearest,False,0.0015919208526611328,success
04BF35BA7B3F80,1,"['Palazzo della Ragione', 'Castelvecchio']",Arena,"['Verona Tour', 'Museo Lapidario', 'Museo Radio', 'San Fermo', 'Casa Giulietta']",San Zeno,strategy_nearest,False,0.0025959014892578125,success
04BF383A9C4C80,0,"['Arena', 'Torre Lamberti']",Giardino Giusti,"['Santa Anastasia', 'Teatro Romano', 'Museo Conte', 'Centro Fotografia', 'Museo Storia']",Teatro Romano,strategy_nearest,True,0.0027239322662353516,success
04BF41BA7B3F80,0,"['Arena', 'Tomba Giulietta']",Torre Lamberti,"['Sighseeing', 'Centro Fotografia', 'Museo Conte', 'Casa Giulietta', 'Palazzo della Ragione']",Casa Giulietta,strategy_nearest,True,0.002416849136352539,success
04BF3F3A9C4C80,3,"['San Zeno', 'Museo Storia', 'Tomba Giulietta']",Arena,"['Verona Tour', 'Museo Lapidario', 'Museo Radio', 'San Fermo', 'Casa Giulietta']",Castelvecchio,strategy_nearest,False,0.0035369396209716797,success
04BF46429C4C80,0,"['Arena', 'Casa Giulietta']",San Fermo,"['Museo Storia', 'Museo Radio', 'Centro Fotografia', 'Sighseeing', 'Torre Lamberti']",Tomba Giulietta,strategy_nearest,False,0.003506898880004883,success
04BF46BA7B3F80,3,"['San Zeno', 'Duomo']",Casa Giulietta,"['Centro Fotografia', 'Sighseeing', 'Torre Lamberti', 'Museo Conte', 'Museo Radio']",Arena,strategy_nearest,False,0.002889871597290039,success
04BF47BA7B3F80,1,"['San Zeno', 'Castelvecchio', 'Arena']",Casa Giulietta,"['Centro Fotografia', 'Sighseeing', 'Torre Lamberti', 'Museo Conte', 'Museo Radio']",Duomo,strategy_nearest,False,0.002782106399536133,success
04BF4B3A9C4C80,0,['Arena'],Casa Giulietta,"['Centro Fotografia', 'Sighseeing', 'Torre Lamberti', 'Museo Conte', 'Museo Radio']",Teatro Romano,strategy_nearest,False,0.0033168792724609375,success
04BF4C3A9C4C80,1,"['Arena', 'San Zeno', 'Teatro Romano', 'Castelvecchio']",Santa Anastasia,"['AMO', 'Museo Conte', 'Palazzo della Ragione', 'Centro Fotografia', 'Duomo']",Casa Giulietta,strategy_nearest,False,0.0031371116638183594,success
04BF4D3A9C4C80,0,['Arena'],Casa Giulietta,"['Centro Fotografia', 'Sighseeing', 'Torre Lamberti', 'Museo Conte', 'Museo Radio']",Torre Lamberti,strategy_nearest,True,0.002399921417236328,success
04BF71429C4C80,0,['Arena'],Casa Giulietta,"['Centro Fotografia', 'Sighseeing', 'Torre Lamberti', 'Museo Conte', 'Museo Radio']",Castelvecchio,strategy_nearest,False,0.0029649734497070312,success
04BF5C3A9C4C80,3,"['Arena', 'Casa Giulietta']",Torre Lamberti,"['Sighseeing', 'Centro Fotografia', 'Museo Conte', 'Palazzo della Ragione', 'AMO']",Santa Anastasia,strategy_nearest,False,0.002691030502319336,success
04BF59429C4C80,0,"['Torre Lamberti', 'Casa Giulietta']",Arena,"['Verona Tour', 'Museo Lapidario', 'Museo Radio', 'San Fermo', 'Sighseeing']",Teatro Romano,strategy_nearest,False,0.0026710033416748047,success
04BF6C429C4C80,3,"['Casa Giulietta', 'Torre Lamberti']",Arena,"['Verona Tour', 'Museo Lapidario', 'Museo Radio', 'San Fermo', 'Sighseeing']",Santa Anastasia,strategy_nearest,False,0.002561807632446289,success
04BF893A9C4C80,3,['Arena'],Duomo,"['AMO', 'Museo Miniscalchi', 'Santa Anastasia', 'Teatro Romano', 'Palazzo della Ragione']",Santa Anastasia,strategy_nearest,True,0.001968860626220703,success
04BF7F429C4C80,0,['Arena'],Torre Lamberti,"['Sighseeing', 'Centro Fotografia', 'Museo Conte', 'Casa Giulietta', 'Palazzo della Ragione']",Duomo,strategy_nearest,False,0.0026612281799316406,success
04BF833A9C4C80,0,['Arena'],Casa Giulietta,"['Centro Fotografia', 'Sighseeing', 'Torre Lamberti', 'Museo Conte', 'Museo Radio']",Torre Lamberti,strategy_nearest,True,0.0014219284057617188,success
04BF89BA7B3F80,3,"['Duomo', 'Arena']",Museo Lapidario,"['Verona Tour', 'Castelvecchio', 'Museo Radio', 'San Fermo', 'Casa Giulietta']",Castelvecchio,strategy_nearest,True,0.0035429000854492188,success
04BF8B429C4C80,3,"['San Zeno', 'Duomo']",Teatro Romano,"['Santa Anastasia', 'AMO', 'Palazzo della Ragione', 'Museo Conte', 'Centro Fotografia']",Torre Lamberti,strategy_nearest,False,0.0026040077209472656,success
04BF8A4A9C4C80,1,['Torre Lamberti'],Palazzo della Ragione,"['AMO', 'Museo Conte', 'Centro Fotografia', 'Sighseeing', 'Santa Anastasia']",Casa Giulietta,strategy_nearest,False,0.0018939971923828125,success
04BF95BA7B3F80,1,"['Casa Giulietta', 'Arena', 'Torre Lamberti']",Palazzo della Ragione,"['AMO', 'Museo Conte', 'Centro Fotografia', 'Sighseeing', 'Santa Anastasia']",San Fermo,strategy_nearest,False,0.002386808395385742,success
04BF8D3A9C4C80,0,"['Torre Lamberti', 'Casa Giulietta', 'Tomba Giulietta']",San Zeno,"['Castelvecchio', 'Verona Tour', 'Museo Lapidario', 'Arena', 'Museo Miniscalchi']",Castelvecchio,strategy_nearest,True,0.0034286975860595703,success
04BFA0429C4C80,3,"['Arena', 'Casa Giulietta', 'Torre Lamberti']",Santa Anastasia,"['AMO', 'Museo Conte', 'Palazzo della Ragione', 'Teatro Romano', 'Centro Fotografia']",Tomba Giulietta,strategy_nearest,False,0.0023386478424072266,success
04BF974A9C4C80,3,"['Torre Lamberti', 'San Fermo', 'Santa Anastasia']",Teatro Romano,"['Duomo', 'AMO', 'Palazzo della Ragione', 'Museo Conte', 'Centro Fotografia']",Arena,strategy_nearest,False,0.0033800601959228516,success
04BFA04A9C4C80,1,"['Arena', 'Torre Lamberti', 'Palazzo della Ragione']",Santa Anastasia,"['AMO', 'Museo Conte', 'Teatro Romano', 'Centro Fotografia', 'Duomo']",Duomo,strategy_nearest,True,0.003077983856201172,success
04BFA1429C4C80,0,['Arena'],Museo Lapidario,"['Verona Tour', 'Castelvecchio', 'Museo Radio', 'San Fermo', 'Casa Giulietta']",Castelvecchio,strategy_nearest,True,0.003423929214477539,success
04BFA7BA7B3F80,0,['Castelvecchio'],Arena,"['Verona Tour', 'Museo Lapidario', 'Museo Radio', 'San Fermo', 'Casa Giulietta']",Teatro Romano,strategy_nearest,False,0.0032918453216552734,success
04BFA14A9C4C80,2,"['San Fermo', 'Casa Giulietta']",Torre Lamberti,"['Sighseeing', 'Centro Fotografia', 'Museo Conte', 'Palazzo della Ragione', 'AMO']",Palazzo della Ragione,strategy_nearest,True,0.002708911895751953,success
04BFB2429C4C80,3,"['Arena', 'Tomba Giulietta', 'San Fermo']",Casa Giulietta,"['Centro Fotografia', 'Sighseeing', 'Torre Lamberti', 'Museo Conte', 'Museo Radio']",Torre Lamberti,strategy_nearest,True,0.003136873245239258,success
04BFB3BA7B3F80,0,"['Castelvecchio', 'Casa Giulietta']",Tomba Giulietta,"['San Fermo', 'Museo Storia', 'Arena', 'Museo Lapidario', 'Museo Radio']",Arena,strategy_nearest,True,0.002576112747192383,success
04BFB5429C4C80,2,['Castelvecchio'],Casa Giulietta,"['Centro Fotografia', 'Sighseeing', 'Torre Lamberti', 'Museo Conte', 'Museo Radio']",Santa Anastasia,strategy_nearest,False,0.002317190170288086,success
04BFB3429C4C80,0,['Arena'],Castelvecchio,"['Museo Lapidario', 'Verona Tour', 'Museo Radio', 'San Zeno', 'Sighseeing']",Giardino Giusti,strategy_nearest,False,0.0018320083618164062,success
04BFB8BA7B3F80,4,"['Santa Anastasia', 'Casa Giulietta', 'San Fermo', 'Arena']",Torre Lamberti,"['Sighseeing', 'Centro Fotografia', 'Museo Conte', 'Palazzo della Ragione', 'AMO']",Palazzo della Ragione,strategy_nearest,True,0.0030312538146972656,success
04BFBC3A9C4C80,3,"['Arena', 'Torre Lamberti']",Santa Anastasia,"['AMO', 'Museo Conte', 'Palazzo della Ragione', 'Teatro Romano', 'Centro Fotografia']",Duomo,strategy_nearest,False,0.002405881881713867,success
04BFB9BA7B3F80,2,"['Santa Anastasia', 'Torre Lamberti']",Giardino Giusti,"['Teatro Romano', 'Museo Conte', 'Centro Fotografia', 'Museo Storia', 'AMO']",Palazzo della Ragione,strategy_nearest,False,0.002588987350463867,success
04BFBC429C4C80,1,"['Arena', 'Casa Giulietta']",Torre Lamberti,"['Sighseeing', 'Centro Fotografia', 'Museo Conte', 'Palazzo della Ragione', 'AMO']",Palazzo della Ragione,strategy_nearest,True,0.0026988983154296875,success
04BFBEBA7B3F80,1,"['Castelvecchio', 'Palazzo della Ragione', 'Torre Lamberti', 'Casa Giulietta']",San Zeno,"['Verona Tour', 'Museo Lapidario', 'Arena', 'Museo Miniscalchi', 'Sighseeing']",San Fermo,strategy_nearest,False,0.003422975540161133,success
04BFBF429C4C80,3,"['Arena', 'San Fermo']",Torre Lamberti,"['Sighseeing', 'Centro Fotografia', 'Museo Conte', 'Casa Giulietta', 'Palazzo della Ragione']",Santa Anastasia,strategy_nearest,False,0.002780914306640625,success
04BFC0429C4C80,0,['San Zeno'],San Fermo,"['Museo Storia', 'Museo Radio', 'Casa Giulietta', 'Centro Fotografia', 'Arena']",Arena,strategy_nearest,True,0.0031669139862060547,success
04BFC7429C4C80,3,['Arena'],Torre Lamberti,"['Sighseeing', 'Centro Fotografia', 'Museo Conte', 'Casa Giulietta', 'Palazzo della Ragione']",Santa Anastasia,strategy_nearest,False,0.002039670944213867,success
04BFC3429C4C80,1,"['Arena', 'Palazzo della Ragione']",Torre Lamberti,"['Sighseeing', 'Centro Fotografia', 'Museo Conte', 'Casa Giulietta', 'AMO']",Castelvecchio,strategy_nearest,False,0.0021238327026367188,success
04BFC5429C4C80,0,"['Arena', 'Casa Giulietta']",Torre Lamberti,"['Sighseeing', 'Centro Fotografia', 'Museo Conte', 'Palazzo della Ragione', 'AMO']",Duomo,strategy_nearest,False,0.004073143005371094,success
04BFC93A9C4C80,1,"['Castelvecchio', 'San Zeno', 'Arena']",Casa Giulietta,"['Centro Fotografia', 'Sighseeing', 'Torre Lamberti', 'Museo Conte', 'Museo Radio']",San Fermo,strategy_nearest,False,0.0027370452880859375,success
04BFCABA7B3F80,3,"['Castelvecchio', 'Arena', 'Casa Giulietta']",Giardino Giusti,"['Santa Anastasia', 'Teatro Romano', 'Museo Conte', 'Centro Fotografia', 'Museo Storia']",Teatro Romano,strategy_nearest,True,0.003520965576171875,success
04BFCBBA7B3F80,0,['Arena'],Castelvecchio,"['Museo Lapidario', 'Verona Tour', 'Museo Radio', 'San Zeno', 'Sighseeing']",Torre Lamberti,strategy_nearest,False,0.002646923065185547,success
04BFCE3A9C4C80,2,['Torre Lamberti'],Palazzo della Ragione,"['AMO', 'Museo Conte', 'Centro Fotografia', 'Sighseeing', 'Santa Anastasia']",Torre Lamberti,strategy_nearest,False,0.0025370121002197266,success
04BFE53A9C4C80,1,"['Arena', 'Torre Lamberti']",Palazzo della Ragione,"['AMO', 'Museo Conte', 'Centro Fotografia', 'Sighseeing', 'Santa Anastasia']",Teatro Romano,strategy_nearest,False,0.0020380020141601562,success
04BFE33A9C4C80,0,"['Arena', 'Castelvecchio']",Torre Lamberti,"['Sighseeing', 'Centro Fotografia', 'Museo Conte', 'Casa Giulietta', 'Palazzo della Ragione']",Casa Giulietta,strategy_nearest,True,0.0033731460571289062,success
04BFDDBA7B3F80,1,"['Arena', 'Duomo', 'Torre Lamberti']",Palazzo della Ragione,"['AMO', 'Museo Conte', 'Centro Fotografia', 'Sighseeing', 'Santa Anastasia']",Castelvecchio,strategy_nearest,False,0.002722024917602539,success
04BFE83A9C4C80,0,['Arena'],Castelvecchio,"['Museo Lapidario', 'Verona Tour', 'Museo Radio', 'San Zeno', 'Sighseeing']",San Zeno,strategy_nearest,True,0.003171205520629883,success
04BFEA3A9C4C80,3,"['Arena', 'Torre Lamberti']",Casa Giulietta,"['Centro Fotografia', 'Sighseeing', 'Museo Conte', 'Museo Radio', 'Palazzo della Ragione']",Santa Anastasia,strategy_nearest,False,0.0018651485443115234,success
04C004BA7B3F84,3,"['Castelvecchio', 'Arena', 'Casa Giulietta', 'Tomba Giulietta']",Torre Lamberti,"['Sighseeing', 'Centro Fotografia', 'Museo Conte', 'Palazzo della Ragione', 'AMO']",Santa Anastasia,strategy_nearest,False,0.002408266067504883,success
04BFEA429C4C80,0,"['Casa Giulietta', 'Teatro Romano']",Arena,"['Verona Tour', 'Museo Lapidario', 'Museo Radio', 'San Fermo', 'Sighseeing']",Castelvecchio,strategy_nearest,False,0.002805948257446289,success
04BFF9BA7B3F80,3,"['San Zeno', 'Castelvecchio']",Santa Anastasia,"['AMO', 'Museo Conte', 'Palazzo della Ragione', 'Teatro Romano', 'Centro Fotografia']",Teatro Romano,strategy_nearest,True,0.002618074417114258,success
04C005BA7B3F84,2,['Casa Giulietta'],Giardino Giusti,"['Santa Anastasia', 'Teatro Romano', 'Museo Conte', 'Centro Fotografia', 'Museo Storia']",San Fermo,strategy_nearest,False,0.002577066421508789,success
04C009BA7B3F80,0,"['Teatro Romano', 'Arena']",San Zeno,"['Castelvecchio', 'Verona Tour', 'Museo Lapidario', 'Museo Miniscalchi', 'Sighseeing']",Torre Lamberti,strategy_nearest,False,0.0021390914916992188,success
04C00ABA7B3F84,0,['Torre Lamberti'],Arena,"['Verona Tour', 'Museo Lapidario', 'Museo Radio', 'San Fermo', 'Casa Giulietta']",Castelvecchio,strategy_nearest,False,0.002752065658569336,success
04C009429C4C84,3,"['Castelvecchio', 'Santa Anastasia', 'Duomo', 'San Fermo']",Arena,"['Verona Tour', 'Museo Lapidario', 'Museo Radio', 'Casa Giulietta', 'Sighseeing']",Tomba Giulietta,strategy_nearest,False,0.0035278797149658203,success
04C00E429C4C80,2,['Casa Giulietta'],Duomo,"['AMO', 'Museo Miniscalchi', 'Santa Anastasia', 'Teatro Romano', 'Palazzo della Ragione']",Santa Anastasia,strategy_nearest,True,0.0020380020141601562,success
04C00B429C4C80,3,"['Castelvecchio', 'San Zeno', 'Arena', 'Torre Lamberti']",Casa Giulietta,"['Centro Fotografia', 'Sighseeing', 'Museo Conte', 'Museo Radio', 'Palazzo della Ragione']",Santa Anastasia,strategy_nearest,False,0.0034041404724121094,success
04C00C429C4C80,3,['Arena'],Casa Giulietta,"['Centro Fotografia', 'Sighseeing', 'Torre Lamberti', 'Museo Conte', 'Museo Radio']",Duomo,strategy_nearest,False,0.0034182071685791016,success
04C00EBA7B3F80,3,"['Castelvecchio', 'Arena', 'Casa Giulietta', 'Torre Lamberti']",Santa Anastasia,"['AMO', 'Museo Conte', 'Palazzo della Ragione', 'Teatro Romano', 'Centro Fotografia']",Teatro Romano,strategy_nearest,True,0.0033299922943115234,success
04C010BA7B3F84,1,"['Arena', 'Castelvecchio']",Palazzo della Ragione,"['AMO', 'Museo Conte', 'Torre Lamberti', 'Centro Fotografia', 'Sighseeing']",Teatro Romano,strategy_nearest,False,0.0027849674224853516,success
04C014BA7B3F80,0,['San Fermo'],Duomo,"['AMO', 'Museo Miniscalchi', 'Santa Anastasia', 'Teatro Romano', 'Palazzo della Ragione']",Arena,strategy_nearest,False,0.002696990966796875,success
04C0113A9C4C80,0,['Arena'],Casa Giulietta,"['Centro Fotografia', 'Sighseeing', 'Torre Lamberti', 'Museo Conte', 'Museo Radio']",Castelvecchio,strategy_nearest,False,0.003370046615600586,success
04C017BA7B3F84,3,"['Castelvecchio', 'Arena', 'Casa Giulietta']",Torre Lamberti,"['Sighseeing', 'Centro Fotografia', 'Museo Conte', 'Palazzo della Ragione', 'AMO']",Santa Anastasia,strategy_nearest,False,0.0017418861389160156,success
04C017429C4C80,1,"['Arena', 'Casa Giulietta', 'Torre Lamberti']",Palazzo della Ragione,"['AMO', 'Museo Conte', 'Centro Fotografia', 'Sighseeing', 'Santa Anastasia']",Santa Anastasia,strategy_nearest,True,0.003306865692138672,success
04C0183A9C4C84,0,['Castelvecchio'],Arena,"['Verona Tour', 'Museo Lapidario', 'Museo Radio', 'San Fermo', 'Casa Giulietta']",Torre Lamberti,strategy_nearest,False,0.002424955368041992,success
04C018BA7B3F84,3,"['Casa Giulietta', 'Torre Lamberti']",San Fermo,"['Museo Storia', 'Museo Radio', 'Centro Fotografia', 'Arena', 'Sighseeing']",Arena,strategy_nearest,True,0.002680063247680664,success
04C01A429C4C80,0,['Arena'],Casa Giulietta,"['Centro Fotografia', 'Sighseeing', 'Torre Lamberti', 'Museo Conte', 'Museo Radio']",Castelvecchio,strategy_nearest,False,0.002035856246948242,success
04C019429C4C80,1,"['Palazzo della Ragione', 'Torre Lamberti', 'Casa Giulietta']",Teatro Romano,"['Santa Anastasia', 'Duomo', 'AMO', 'Museo Conte', 'Centro Fotografia']",Duomo,strategy_nearest,True,0.0034949779510498047,success
04C01ABA7B3F80,3,"['Castelvecchio', 'Arena']",Torre Lamberti,"['Sighseeing', 'Centro Fotografia', 'Museo Conte', 'Casa Giulietta', 'Palazzo della Ragione']",Duomo,strategy_nearest,False,0.00310516357421875,success
04C01E3A9C4C80,0,['Castelvecchio'],Arena,"['Verona Tour', 'Museo Lapidario', 'Museo Radio', 'San Fermo', 'Casa Giulietta']",Torre Lamberti,strategy_nearest,False,0.003216981887817383,success
04C0203A9C4C80,1,"['Arena', 'Castelvecchio', 'San Zeno']",Casa Giulietta,"['Centro Fotografia', 'Sighseeing', 'Torre Lamberti', 'Museo Conte', 'Museo Radio']",Palazzo della Ragione,strategy_nearest,False,0.0031440258026123047,success
04C020429C4C80,3,"['Torre Lamberti', 'Santa Anastasia']",Teatro Romano,"['Duomo', 'AMO', 'Palazzo della Ragione', 'Museo Conte', 'Centro Fotografia']",Arena,strategy_nearest,False,0.0025987625122070312,success
04C0254A9C4C80,2,['Casa Giulietta'],Giardino Giusti,"['Santa Anastasia', 'Teatro Romano', 'Museo Conte', 'Centro Fotografia', 'Museo Storia']",Teatro Romano,strategy_nearest,True,0.003118753433227539,success
04C025BA7B3F84,1,"['Arena', 'Castelvecchio', 'Casa Giulietta']",Arena,"['Verona Tour', 'Museo Lapidario', 'Museo Radio', 'San Fermo', 'Sighseeing']",Torre Lamberti,strategy_nearest,False,0.002357006072998047,success
04C027BA7B3F80,1,"['Castelvecchio', 'Arena']",Torre Lamberti,"['Sighseeing', 'Centro Fotografia', 'Museo Conte', 'Casa Giulietta', 'Palazzo della Ragione']",Palazzo della Ragione,strategy_nearest,True,0.0025489330291748047,success
04C0283A9C4C80,1,['Arena'],Palazzo della Ragione,"['AMO', 'Museo Conte', 'Torre Lamberti', 'Centro Fotografia', 'Sighseeing']",Torre Lamberti,strategy_nearest,True,0.0039157867431640625,success
04C02ABA7B3F84,3,"['Teatro Romano', 'Duomo', 'Torre Lamberti']",Arena,"['Verona Tour', 'Museo Lapidario', 'Museo Radio', 'San Fermo', 'Casa Giulietta']",San Fermo,strategy_nearest,True,0.002343893051147461,success
04C026429C4C84,3,"['Arena', 'Casa Giulietta', 'Teatro Romano']",Santa Anastasia,"['AMO', 'Museo Conte', 'Palazzo della Ragione', 'Centro Fotografia', 'Duomo']",Duomo,strategy_nearest,True,0.003512859344482422,success
04C02DBA7B3F80,0,['San Zeno'],Arena,"['Verona Tour', 'Museo Lapidario', 'Museo Radio', 'San Fermo', 'Casa Giulietta']",Castelvecchio,strategy_nearest,False,0.002399921417236328,success
04C0334A9C4C80,0,['Castelvecchio'],Arena,"['Verona Tour', 'Museo Lapidario', 'Museo Radio', 'San Fermo', 'Casa Giulietta']",Torre Lamberti,strategy_nearest,False,0.001847982406616211,success
04C02EBA7B3F80,3,"['Duomo', 'Arena']",San Fermo,"['Museo Storia', 'Museo Radio', 'Casa Giulietta', 'Centro Fotografia', 'Sighseeing']",Giardino Giusti,strategy_nearest,False,0.0034058094024658203,success
04C033BA7B3F80,1,"['Santa Anastasia', 'Palazzo della Ragione', 'Torre Lamberti', 'Castelvecchio']",Duomo,"['AMO', 'Museo Miniscalchi', 'Teatro Romano', 'Museo Conte', 'Centro Fotografia']",Teatro Romano,strategy_nearest,True,0.0025649070739746094,success
04C0413A9C4C80,3,"['San Zeno', 'Castelvecchio', 'Casa Giulietta']",Santa Anastasia,"['AMO', 'Museo Conte', 'Palazzo della Ragione', 'Teatro Romano', 'Centro Fotografia']",Duomo,strategy_nearest,False,0.0023822784423828125,success
04C03FBA7B3F80,1,"['Arena', 'Castelvecchio']",Palazzo della Ragione,"['AMO', 'Museo Conte', 'Torre Lamberti', 'Centro Fotografia', 'Sighseeing']",Torre Lamberti,strategy_nearest,True,0.003196239471435547,success
04C047429C4C80,3,"['Arena', 'Casa Giulietta', 'Santa Anastasia', 'Tomba Giulietta', 'Castelvecchio']",San Zeno,"['Verona Tour', 'Museo Lapidario', 'Museo Miniscalchi', 'Sighseeing', 'Museo Radio']",Duomo,strategy_nearest,False,0.002668142318725586,success
04C046BA7B3F80,0,['San Zeno'],Arena,"['Verona Tour', 'Museo Lapidario', 'Museo Radio', 'San Fermo', 'Casa Giulietta']",Castelvecchio,strategy_nearest,False,0.003320932388305664,success
04C04B3A9C4C80,3,"['Castelvecchio', 'Arena', 'Casa Giulietta']",Torre Lamberti,"['Sighseeing', 'Centro Fotografia', 'Museo Conte', 'Palazzo della Ragione', 'AMO']",Teatro Romano,strategy_nearest,False,0.0026543140411376953,success
04C04BBA7B3F80,3,"['Tomba Giulietta', 'Arena', 'Casa Giulietta']",Torre Lamberti,"['Sighseeing', 'Centro Fotografia', 'Museo Conte', 'Palazzo della Ragione', 'AMO']",Santa Anastasia,strategy_nearest,False,0.002048015594482422,success
04C04F429C4C80,2,['Casa Giulietta'],Santa Anastasia,"['AMO', 'Museo Conte', 'Palazzo della Ragione', 'Teatro Romano', 'Centro Fotografia']",Palazzo della Ragione,strategy_nearest,True,0.002485036849975586,success
04C04C3A9C4C80,0,['Arena'],Santa Anastasia,"['AMO', 'Museo Conte', 'Palazzo della Ragione', 'Teatro Romano', 'Centro Fotografia']",Castelvecchio,strategy_nearest,False,0.0033638477325439453,success
04C052BA7B3F80,2,['Santa Anastasia'],Teatro Romano,"['Duomo', 'AMO', 'Palazzo della Ragione', 'Museo Conte', 'Centro Fotografia']",Duomo,strategy_nearest,True,0.002742767333984375,success
04C05DBA7B3F80,3,"['Arena', 'Casa Giulietta']",Torre Lamberti,"['Sighseeing', 'Centro Fotografia', 'Museo Conte', 'Palazzo della Ragione', 'AMO']",Santa Anastasia,strategy_nearest,False,0.003422260284423828,success
04C05EBA7B3F80,3,"['Arena', 'Casa Giulietta']",Torre Lamberti,"['Sighseeing', 'Centro Fotografia', 'Museo Conte', 'Palazzo della Ragione', 'AMO']",Santa Anastasia,strategy_nearest,False,0.0027730464935302734,success
04C063BA7B3F80,3,"['Teatro Romano', 'Santa Anastasia', 'Duomo']",Torre Lamberti,"['Sighseeing', 'Centro Fotografia', 'Museo Conte', 'Casa Giulietta', 'Palazzo della Ragione']",Torre Lamberti,strategy_nearest,False,0.003267049789428711,success
04C06ABA7B3F80,3,"['Santa Anastasia', 'San Fermo', 'Arena']",Torre Lamberti,"['Sighseeing', 'Centro Fotografia', 'Museo Conte', 'Casa Giulietta', 'Palazzo della Ragione']",San Zeno,strategy_nearest,False,0.0029861927032470703,success
04C06F429C4C80,0,['Arena'],Casa Giulietta,"['Centro Fotografia', 'Sighseeing', 'Torre Lamberti', 'Museo Conte', 'Museo Radio']",Torre Lamberti,strategy_nearest,True,0.0026140213012695312,success
04C075BA7B3F80,1,"['Castelvecchio', 'Arena']",Torre Lamberti,"['Sighseeing', 'Centro Fotografia', 'Museo Conte', 'Casa Giulietta', 'Palazzo della Ragione']",Palazzo della Ragione,strategy_nearest,True,0.003420114517211914,success
04C076BA7B3F80,3,"['Castelvecchio', 'San Zeno', 'Duomo']",Santa Anastasia,"['AMO', 'Museo Conte', 'Palazzo della Ragione', 'Teatro Romano', 'Centro Fotografia']",Casa Giulietta,strategy_nearest,False,0.0032889842987060547,success
04C07ABA7B3F80,1,"['Arena', 'Castelvecchio']",Torre Lamberti,"['Sighseeing', 'Centro Fotografia', 'Museo Conte', 'Casa Giulietta', 'Palazzo della Ragione']",Palazzo della Ragione,strategy_nearest,True,0.0031490325927734375,success
04C080BA7B3F80,0,['Arena'],San Zeno,"['Castelvecchio', 'Verona Tour', 'Museo Lapidario', 'Museo Miniscalchi', 'Sighseeing']",Torre Lamberti,strategy_nearest,False,0.0029549598693847656,success
04C091BA7B3F80,3,['Santa Anastasia'],Duomo,"['AMO', 'Museo Miniscalchi', 'Teatro Romano', 'Palazzo della Ragione', 'Museo Conte']",Teatro Romano,strategy_nearest,True,0.0019021034240722656,success
04C086BA7B3F80,1,"['Giardino Giusti', 'Teatro Romano', 'Casa Giulietta']",San Zeno,"['Castelvecchio', 'Verona Tour', 'Museo Lapidario', 'Arena', 'Museo Miniscalchi']",Arena,strategy_nearest,True,0.0032961368560791016,success
04C0854A9C4C80,1,"['Arena', 'Torre Lamberti']",Palazzo della Ragione,"['AMO', 'Museo Conte', 'Centro Fotografia', 'Sighseeing', 'Santa Anastasia']",Duomo,strategy_nearest,False,0.0026628971099853516,success
04C0924A9C4C80,3,"['Arena', 'Castelvecchio']",Torre Lamberti,"['Sighseeing', 'Centro Fotografia', 'Museo Conte', 'Casa Giulietta', 'Palazzo della Ragione']",Casa Giulietta,strategy_nearest,True,0.0032939910888671875,success
04C099429C4C80,3,['Torre Lamberti'],Casa Giulietta,"['Centro Fotografia', 'Sighseeing', 'Museo Conte', 'Museo Radio', 'Palazzo della Ragione']",Arena,strategy_nearest,False,0.0019931793212890625,success
04C098BA7B3F80,1,"['Arena', 'Castelvecchio']",Casa Giulietta,"['Centro Fotografia', 'Sighseeing', 'Torre Lamberti', 'Museo Conte', 'Museo Radio']",Torre Lamberti,strategy_nearest,True,0.0021257400512695312,success
04C094429C4C80,3,['Arena'],Casa Giulietta,"['Centro Fotografia', 'Sighseeing', 'Torre Lamberti', 'Museo Conte', 'Museo Radio']",Torre Lamberti,strategy_nearest,True,0.0034360885620117188,success
04C0AABA7B3F80,0,"['Castelvecchio', 'Arena']",Casa Giulietta,"['Centro Fotografia', 'Sighseeing', 'Torre Lamberti', 'Museo Conte', 'Museo Radio']",Duomo,strategy_nearest,False,0.0032341480255126953,success
04C0AE3A9C4C80,0,"['Arena', 'Casa Giulietta']",San Fermo,"['Museo Storia', 'Museo Radio', 'Centro Fotografia', 'Sighseeing', 'Torre Lamberti']",Museo Storia,strategy_nearest,True,0.0027208328247070312,success
04C0B3429C4C80,3,"['Santa Anastasia', 'Teatro Romano', 'Torre Lamberti']",Casa Giulietta,"['Centro Fotografia', 'Sighseeing', 'Museo Conte', 'Museo Radio', 'Palazzo della Ragione']",Arena,strategy_nearest,False,0.0020122528076171875,success
04C0B4429C4C80,0,['Arena'],Torre Lamberti,"['Sighseeing', 'Centro Fotografia', 'Museo Conte', 'Casa Giulietta', 'Palazzo della Ragione']",Duomo,strategy_nearest,False,0.0026922225952148438,success
04C0AE429C4C80,2,"['Casa Giulietta', 'Santa Anastasia', 'Duomo', 'Torre Lamberti']",Palazzo della Ragione,"['AMO', 'Museo Conte', 'Centro Fotografia', 'Sighseeing', 'Museo Miniscalchi']",San Fermo,strategy_nearest,False,0.004122018814086914,success
04C0BA3A9C4C80,3,['Arena'],Casa Giulietta,"['Centro Fotografia', 'Sighseeing', 'Torre Lamberti', 'Museo Conte', 'Museo Radio']",Santa Anastasia,strategy_nearest,False,0.002439260482788086,success
04C0BB429C4C80,1,"['Castelvecchio', 'Arena']",Casa Giulietta,"['Centro Fotografia', 'Sighseeing', 'Torre Lamberti', 'Museo Conte', 'Museo Radio']",Torre Lamberti,strategy_nearest,True,0.0032472610473632812,success
04C0BCBA7B3F80,0,"['Arena', 'Casa Giulietta']",Torre Lamberti,"['Sighseeing', 'Centro Fotografia', 'Museo Conte', 'Palazzo della Ragione', 'AMO']",Museo Lapidario,strategy_nearest,False,0.0025069713592529297,success
04C0BF429C4C80,0,['Arena'],Palazzo della Ragione,"['AMO', 'Museo Conte', 'Torre Lamberti', 'Centro Fotografia', 'Sighseeing']",Casa Giulietta,strategy_nearest,False,0.003161907196044922,success
04C0C13A9C4C80,0,['Arena'],Torre Lamberti,"['Sighseeing', 'Centro Fotografia', 'Museo Conte', 'Casa Giulietta', 'Palazzo della Ragione']",Giardino Giusti,strategy_nearest,False,0.0022308826446533203,success
04C0C2BA7B3F80,2,"['Santa Anastasia', 'Palazzo della Ragione']",Museo Lapidario,"['Verona Tour', 'Arena', 'Castelvecchio', 'Museo Radio', 'San Fermo']",Casa Giulietta,strategy_nearest,False,0.0027647018432617188,success
04C0C8BA7B3F80,1,"['Arena', 'Museo Lapidario', 'San Fermo', 'Casa Giulietta']",Palazzo della Ragione,"['AMO', 'Museo Conte', 'Torre Lamberti', 'Centro Fotografia', 'Sighseeing']",Torre Lamberti,strategy_nearest,True,0.0034742355346679688,success
04C0D43A9C4C80,3,"['Arena', 'Casa Giulietta']",Torre Lamberti,"['Sighseeing', 'Centro Fotografia', 'Museo Conte', 'Palazzo della Ragione', 'AMO']",Duomo,strategy_nearest,False,0.003056049346923828,success
04C0CEBA7B3F80,1,"['Duomo', 'Santa Anastasia', 'Arena', 'Casa Giulietta']",Castelvecchio,"['Museo Lapidario', 'Verona Tour', 'Museo Radio', 'San Zeno', 'Sighseeing']",Museo Lapidario,strategy_nearest,True,0.003252267837524414,success
04C0DB3A9C4C80,0,"['Tomba Giulietta', 'Casa Giulietta']",Arena,"['Verona Tour', 'Museo Lapidario', 'Museo Radio', 'San Fermo', 'Sighseeing']",Teatro Romano,strategy_nearest,False,0.0031800270080566406,success
04C0D4BA7B3F80,3,"['Castelvecchio', 'San Zeno', 'Arena']",Tomba Giulietta,"['San Fermo', 'Museo Storia', 'Museo Lapidario', 'Museo Radio', 'Verona Tour']",Casa Giulietta,strategy_nearest,False,0.0024449825286865234,success
04C0E7429C4C80,0,"['Castelvecchio', 'Arena']",Casa Giulietta,"['Centro Fotografia', 'Sighseeing', 'Torre Lamberti', 'Museo Conte', 'Museo Radio']",Museo Storia,strategy_nearest,False,0.0026140213012695312,success
04C0E6BA7B3F80,3,['Duomo'],Teatro Romano,"['Santa Anastasia', 'AMO', 'Palazzo della Ragione', 'Museo Conte', 'Centro Fotografia']",San Fermo,strategy_nearest,False,0.0034818649291992188,success
04C0E8429C4C80,3,"['Castelvecchio', 'Arena']",Casa Giulietta,"['Centro Fotografia', 'Sighseeing', 'Torre Lamberti', 'Museo Conte', 'Museo Radio']",Torre Lamberti,strategy_nearest,True,0.0017769336700439453,success
04C0E83A9C4C80,1,['Santa Anastasia'],Torre Lamberti,"['Sighseeing', 'Centro Fotografia', 'Museo Conte', 'Casa Giulietta', 'Palazzo della Ragione']",Palazzo della Ragione,strategy_nearest,True,0.003148794174194336,success
04C0ECBA7B3F80,3,"['Castelvecchio', 'Arena']",Arena,"['Verona Tour', 'Museo Lapidario', 'Museo Radio', 'San Fermo', 'Casa Giulietta']",Torre Lamberti,strategy_nearest,False,0.0033991336822509766,success
04C0ED3A9C4C80,3,"['Arena', 'San Fermo']",Santa Anastasia,"['AMO', 'Museo Conte', 'Palazzo della Ragione', 'Teatro Romano', 'Centro Fotografia']",Duomo,strategy_nearest,False,0.0030858516693115234,success
04C0F2BA7B3F80,3,"['Duomo', 'Arena']",San Fermo,"['Museo Storia', 'Museo Radio', 'Casa Giulietta', 'Centro Fotografia', 'Sighseeing']",Giardino Giusti,strategy_nearest,False,0.0027551651000976562,success
04C0F3BA7B3F80,3,['Santa Anastasia'],Teatro Romano,"['Duomo', 'AMO', 'Palazzo della Ragione', 'Museo Conte', 'Centro Fotografia']",Arena,strategy_nearest,False,0.0033190250396728516,success
04C0F8BA7B3F80,0,['Duomo'],Arena,"['Verona Tour', 'Museo Lapidario', 'Museo Radio', 'San Fermo', 'Casa Giulietta']",Tomba Giulietta,strategy_nearest,False,0.002975940704345703,success
04C0FEBA7B3F80,3,"['San Zeno', 'Teatro Romano', 'Santa Anastasia', 'Duomo']",Torre Lamberti,"['Sighseeing', 'Centro Fotografia', 'Museo Conte', 'Casa Giulietta', 'Palazzo della Ragione']",San Fermo,strategy_nearest,False,0.003342151641845703,success
04C0FFBA7B3F80,1,"['Castelvecchio', 'Arena', 'Santa Anastasia']",Torre Lamberti,"['Sighseeing', 'Centro Fotografia', 'Museo Conte', 'Casa Giulietta', 'Palazzo della Ragione']",Palazzo della Ragione,strategy_nearest,True,0.0020558834075927734,success
04C103BA7B3F84,3,"['San Zeno', 'Castelvecchio']",Santa Anastasia,"['AMO', 'Museo Conte', 'Palazzo della Ragione', 'Teatro Romano', 'Centro Fotografia']",Teatro Romano,strategy_nearest,True,0.002552032470703125,success
04C1023A9C4C84,0,['Arena'],Casa Giulietta,"['Centro Fotografia', 'Sighseeing', 'Torre Lamberti', 'Museo Conte', 'Museo Radio']",Castelvecchio,strategy_nearest,False,0.003475189208984375,success
04C105429C4C84,1,"['Santa Anastasia', 'Casa Giulietta', 'Museo Lapidario', 'Tomba Giulietta']",Castelvecchio,"['Verona Tour', 'Arena', 'Museo Radio', 'San Zeno', 'Sighseeing']",Duomo,strategy_nearest,False,0.0031108856201171875,success
04C104BA7B3F84,3,['Arena'],Torre Lamberti,"['Sighseeing', 'Centro Fotografia', 'Museo Conte', 'Casa Giulietta', 'Palazzo della Ragione']",Santa Anastasia,strategy_nearest,False,0.002586841583251953,success
04C10A429C4C80,1,"['Arena', 'Giardino Giusti', 'San Fermo', 'Castelvecchio', 'Santa Anastasia']",Duomo,"['AMO', 'Museo Miniscalchi', 'Teatro Romano', 'Palazzo della Ragione', 'Museo Conte']",Torre Lamberti,strategy_nearest,False,0.0032510757446289062,success
04C111BA7B3F84,1,"['Arena', 'Casa Giulietta']",Torre Lamberti,"['Sighseeing', 'Centro Fotografia', 'Museo Conte', 'Palazzo della Ragione', 'AMO']",Palazzo della Ragione,strategy_nearest,True,0.00244903564453125,success
04C10BBA7B3F84,3,['Arena'],Torre Lamberti,"['Sighseeing', 'Centro Fotografia', 'Museo Conte', 'Casa Giulietta', 'Palazzo della Ragione']",Santa Anastasia,strategy_nearest,False,0.003219127655029297,success
04C1133A9C4C84,3,"['Castelvecchio', 'Casa Giulietta', 'Torre Lamberti', 'Santa Anastasia']",Duomo,"['AMO', 'Museo Miniscalchi', 'Teatro Romano', 'Palazzo della Ragione', 'Museo Conte']",Teatro Romano,strategy_nearest,True,0.003941059112548828,success
04C1163A9C4C80,0,['Museo Lapidario'],Arena,"['Verona Tour', 'Museo Radio', 'San Fermo', 'Casa Giulietta', 'Sighseeing']",Castelvecchio,strategy_nearest,False,0.0024499893188476562,success
04C117429C4C84,0,['Arena'],Casa Giulietta,"['Centro Fotografia', 'Sighseeing', 'Torre Lamberti', 'Museo Conte', 'Museo Radio']",Castelvecchio,strategy_nearest,False,0.0024461746215820312,success
04C11C429C4C80,3,"['Casa Giulietta', 'Santa Anastasia']",Duomo,"['AMO', 'Museo Miniscalchi', 'Teatro Romano', 'Palazzo della Ragione', 'Museo Conte']",Castelvecchio,strategy_nearest,False,0.002463817596435547,success
04C118429C4C84,1,"['Arena', 'Casa Giulietta']",Torre Lamberti,"['Sighseeing', 'Centro Fotografia', 'Museo Conte', 'Palazzo della Ragione', 'AMO']",Palazzo della Ragione,strategy_nearest,True,0.001934051513671875,success
04C11D3A9C4C84,3,['Arena'],Casa Giulietta,"['Centro Fotografia', 'Sighseeing', 'Torre Lamberti', 'Museo Conte', 'Museo Radio']",Santa Anastasia,strategy_nearest,False,0.0033409595489501953,success
04C11DBA7B3F84,3,"['San Zeno', 'Duomo', 'Santa Anastasia', 'Teatro Romano']",Castelvecchio,"['Museo Lapidario', 'Verona Tour', 'Arena', 'Museo Radio', 'Sighseeing']",Museo Lapidario,strategy_nearest,True,0.0018780231475830078,success
04C1243A9C4C80,0,"['Arena', 'Casa Giulietta']",Torre Lamberti,"['Sighseeing', 'Centro Fotografia', 'Museo Conte', 'Palazzo della Ragione', 'AMO']",Castelvecchio,strategy_nearest,False,0.0032608509063720703,success
04C1203A9C4C80,3,"['Museo Lapidario', 'Castelvecchio', 'Tomba Giulietta']",Arena,"['Verona Tour', 'Museo Radio', 'San Fermo', 'Casa Giulietta', 'Sighseeing']",Casa Giulietta,strategy_nearest,True,0.002814054489135742,success
04C124BA7B3F84,0,['Casa Giulietta'],Arena,"['Verona Tour', 'Museo Lapidario', 'Museo Radio', 'San Fermo', 'Sighseeing']",Duomo,strategy_nearest,False,0.0023789405822753906,success
04C124BA7B3F80,2,"['Teatro Romano', 'Duomo']",Torre Lamberti,"['Sighseeing', 'Centro Fotografia', 'Museo Conte', 'Casa Giulietta', 'Palazzo della Ragione']",San Fermo,strategy_nearest,False,0.002794027328491211,success
04C129BA7B3F80,3,"['Teatro Romano', 'Torre Lamberti', 'Castelvecchio']",Arena,"['Verona Tour', 'Museo Lapidario', 'Museo Radio', 'San Fermo', 'Casa Giulietta']",Museo Lapidario,strategy_nearest,True,0.0027468204498291016,success
04C12C429C4C80,1,"['Arena', 'Casa Giulietta']",Palazzo della Ragione,"['AMO', 'Museo Conte', 'Torre Lamberti', 'Centro Fotografia', 'Sighseeing']",Torre Lamberti,strategy_nearest,True,0.003351926803588867,success
04C12D4A9C4C80,1,['Torre Lamberti'],Palazzo della Ragione,"['AMO', 'Museo Conte', 'Centro Fotografia', 'Sighseeing', 'Santa Anastasia']",Arena,strategy_nearest,False,0.002349853515625,success
04C12D429C4C80,3,"['Castelvecchio', 'San Zeno', 'Torre Lamberti']",Santa Anastasia,"['AMO', 'Museo Conte', 'Palazzo della Ragione', 'Teatro Romano', 'Centro Fotografia']",Duomo,strategy_nearest,False,0.003255128860473633,success
04C130429C4C80,0,"['Arena', 'Casa Giulietta']",Torre Lamberti,"['Sighseeing', 'Centro Fotografia', 'Museo Conte', 'Palazzo della Ragione', 'AMO']",Castelvecchio,strategy_nearest,False,0.0031769275665283203,success
04C12E3A9C4C80,3,"['Arena', 'Castelvecchio', 'Santa Anastasia']",Duomo,"['AMO', 'Museo Miniscalchi', 'Teatro Romano', 'Palazzo della Ragione', 'Museo Conte']",Torre Lamberti,strategy_nearest,False,0.0034317970275878906,success
04C13D3A9C4C80,1,"['Arena', 'San Fermo']",Palazzo della Ragione,"['AMO', 'Museo Conte', 'Torre Lamberti', 'Centro Fotografia', 'Sighseeing']",Castelvecchio,strategy_nearest,False,0.002012968063354492,success
04C1353A9C4C80,3,"['Arena', 'Casa Giulietta']",Castelvecchio,"['Museo Lapidario', 'Verona Tour', 'Museo Radio', 'San Zeno', 'Sighseeing']",Torre Lamberti,strategy_nearest,False,0.0031092166900634766,success
04C13B3A9C4C80,3,"['San Zeno', 'Museo Storia', 'Tomba Giulietta']",Arena,"['Verona Tour', 'Museo Lapidario', 'Museo Radio', 'San Fermo', 'Casa Giulietta']",Castelvecchio,strategy_nearest,False,0.002655029296875,success
04C1483A9C4C80,0,['Casa Giulietta'],Arena,"['Verona Tour', 'Museo Lapidario', 'Museo Radio', 'San Fermo', 'Sighseeing']",Tomba Giulietta,strategy_nearest,False,0.003185272216796875,success
04C151BA7B3F80,3,"['Santa Anastasia', 'Duomo']",Teatro Romano,"['AMO', 'Palazzo della Ragione', 'Museo Conte', 'Centro Fotografia', 'Museo Miniscalchi']",Arena,strategy_nearest,False,0.003448009490966797,success
04C153429C4C80,3,"['Arena', 'Casa Giulietta']",Torre Lamberti,"['Sighseeing', 'Centro Fotografia', 'Museo Conte', 'Palazzo della Ragione', 'AMO']",Duomo,strategy_nearest,False,0.002813100814819336,success
04C14F3A9C4C80,1,"['Tomba Giulietta', 'Arena']",Casa Giulietta,"['Centro Fotografia', 'Sighseeing', 'Torre Lamberti', 'Museo Conte', 'Museo Radio']",Torre Lamberti,strategy_nearest,True,0.0023050308227539062,success
04C1553A9C4C80,1,"['Arena', 'Palazzo della Ragione', 'Torre Lamberti']",Casa Giulietta,"['Centro Fotografia', 'Sighseeing', 'Museo Conte', 'Museo Radio', 'San Fermo']",Teatro Romano,strategy_nearest,False,0.003523111343383789,success
04C16ABA7B3F80,2,"['Santa Anastasia', 'Palazzo della Ragione']",Museo Lapidario,"['Verona Tour', 'Arena', 'Castelvecchio', 'Museo Radio', 'San Fermo']",Casa Giulietta,strategy_nearest,False,0.0025720596313476562,success
04C165BA7B3F80,4,"['Castelvecchio', 'Arena', 'Casa Giulietta', 'San Zeno']",Museo Radio,"['San Fermo', 'Sighseeing', 'Torre Lamberti', 'Centro Fotografia', 'Verona Tour']",Tomba Giulietta,strategy_nearest,False,0.0018351078033447266,success
04C1713A9C4C80,0,['Arena'],Giardino Giusti,"['Santa Anastasia', 'Teatro Romano', 'Museo Conte', 'Centro Fotografia', 'Museo Storia']",Duomo,strategy_nearest,False,0.002537965774536133,success
04C171BA7B3F80,1,"['Castelvecchio', 'San Zeno', 'Museo Lapidario', 'Arena']",San Fermo,"['Museo Storia', 'Museo Radio', 'Casa Giulietta', 'Centro Fotografia', 'Sighseeing']",Torre Lamberti,strategy_nearest,False,0.003383159637451172,success
04C17B429C4C80,3,"['Arena', 'Casa Giulietta']",Torre Lamberti,"['Sighseeing', 'Centro Fotografia', 'Museo Conte', 'Palazzo della Ragione', 'AMO']",Santa Anastasia,strategy_nearest,False,0.0024271011352539062,success
04C172BA7B3F80,3,"['Santa Anastasia', 'Duomo']",Teatro Romano,"['AMO', 'Palazzo della Ragione', 'Museo Conte', 'Centro Fotografia', 'Museo Miniscalchi']",Castelvecchio,strategy_nearest,False,0.002505064010620117,success
04C176429C4C80,3,"['Arena', 'Casa Giulietta']",Santa Anastasia,"['AMO', 'Museo Conte', 'Palazzo della Ragione', 'Teatro Romano', 'Centro Fotografia']",Duomo,strategy_nearest,False,0.0033321380615234375,success
04C185BA7B3F80,3,"['Santa Anastasia', 'Torre Lamberti', 'Casa Giulietta']",Arena,"['Verona Tour', 'Museo Lapidario', 'Museo Radio', 'San Fermo', 'Sighseeing']",Castelvecchio,strategy_nearest,False,0.002010822296142578,success
04C18BBA7B3F80,4,"['Castelvecchio', 'Arena', 'Casa Giulietta', 'San Zeno']",Museo Radio,"['San Fermo', 'Sighseeing', 'Torre Lamberti', 'Centro Fotografia', 'Verona Tour']",Tomba Giulietta,strategy_nearest,False,0.002563953399658203,success
04C1843A9C4C80,1,"['Museo Lapidario', 'Castelvecchio', 'Arena', 'Casa Giulietta']",Palazzo della Ragione,"['AMO', 'Museo Conte', 'Torre Lamberti', 'Centro Fotografia', 'Sighseeing']",Torre Lamberti,strategy_nearest,True,0.0026471614837646484,success
04C18D429C4C80,3,"['Torre Lamberti', 'Santa Anastasia']",Duomo,"['AMO', 'Museo Miniscalchi', 'Teatro Romano', 'Palazzo della Ragione', 'Museo Conte']",Arena,strategy_nearest,False,0.003392934799194336,success
04C1984A9C4C80,0,['Tomba Giulietta'],Arena,"['Verona Tour', 'Museo Lapidario', 'Museo Radio', 'San Fermo', 'Casa Giulietta']",Casa Giulietta,strategy_nearest,True,0.0026748180389404297,success
04C19DBA7B3F80,1,['Palazzo della Ragione'],Duomo,"['AMO', 'Museo Miniscalchi', 'Santa Anastasia', 'Teatro Romano', 'Museo Conte']",Arena,strategy_nearest,False,0.0020270347595214844,success
04C1A04A9C4C80,0,"['Arena', 'Castelvecchio']",Casa Giulietta,"['Centro Fotografia', 'Sighseeing', 'Torre Lamberti', 'Museo Conte', 'Museo Radio']",Museo Lapidario,strategy_nearest,False,0.0032749176025390625,success
04C1A44A9C4C80,1,['Arena'],Casa Giulietta,"['Centro Fotografia', 'Sighseeing', 'Torre Lamberti', 'Museo Conte', 'Museo Radio']",Duomo,strategy_nearest,False,0.0033500194549560547,success
04C1A4BA7B3F80,0,"['Torre Lamberti', 'Arena']",Casa Giulietta,"['Centro Fotografia', 'Sighseeing', 'Museo Conte', 'Museo Radio', 'Palazzo della Ragione']",Castelvecchio,strategy_nearest,False,0.002390146255493164,success
04C1A5BA7B3F80,1,"['Castelvecchio', 'Arena', 'Casa Giulietta', 'Teatro Romano', 'Giardino Giusti']",Torre Lamberti,"['Sighseeing', 'Centro Fotografia', 'Museo Conte', 'Palazzo della Ragione', 'AMO']",Palazzo della Ragione,strategy_nearest,True,0.0017619132995605469,success
04C1A73A9C4C80,0,['Arena'],Torre Lamberti,"['Sighseeing', 'Centro Fotografia', 'Museo Conte', 'Casa Giulietta', 'Palazzo della Ragione']",Duomo,strategy_nearest,False,0.0027008056640625,success
04C1AB4A9C4C80,3,"['Arena', 'Duomo', 'Torre Lamberti']",Casa Giulietta,"['Centro Fotografia', 'Sighseeing', 'Museo Conte', 'Museo Radio', 'Palazzo della Ragione']",Castelvecchio,strategy_nearest,False,0.002035856246948242,success
04C1B1429C4C80,0,['Arena'],Castelvecchio,"['Museo Lapidario', 'Verona Tour', 'Museo Radio', 'San Zeno', 'Sighseeing']",Casa Giulietta,strategy_nearest,False,0.0029230117797851562,success
04C1ABBA7B3F80,3,"['San Zeno', 'Castelvecchio', 'Arena', 'Casa Giulietta']",Torre Lamberti,"['Sighseeing', 'Centro Fotografia', 'Museo Conte', 'Palazzo della Ragione', 'AMO']",Santa Anastasia,strategy_nearest,False,0.002752065658569336,success
04C1B7BA7B3F80,0,"['Teatro Romano', 'Arena']",San Zeno,"['Castelvecchio', 'Verona Tour', 'Museo Lapidario', 'Museo Miniscalchi', 'Sighseeing']",Torre Lamberti,strategy_nearest,False,0.0032608509063720703,success
04C1B1BA7B3F80,0,['Castelvecchio'],Arena,"['Verona Tour', 'Museo Lapidario', 'Museo Radio', 'San Fermo', 'Casa Giulietta']",Torre Lamberti,strategy_nearest,False,0.0025899410247802734,success
04C1BEBA7B3F80,2,"['Santa Anastasia', 'Palazzo della Ragione']",Museo Lapidario,"['Verona Tour', 'Arena', 'Castelvecchio', 'Museo Radio', 'San Fermo']",Casa Giulietta,strategy_nearest,False,0.0032439231872558594,success
04C1B8BA7B3F80,2,['Castelvecchio'],Casa Giulietta,"['Centro Fotografia', 'Sighseeing', 'Torre Lamberti', 'Museo Conte', 'Museo Radio']",Torre Lamberti,strategy_nearest,True,0.0026917457580566406,success
04C1D0BA7B3F80,1,"['Palazzo della Ragione', 'Torre Lamberti', 'Casa Giulietta', 'Arena']",Teatro Romano,"['Santa Anastasia', 'Duomo', 'AMO', 'Museo Conte', 'Centro Fotografia']",Duomo,strategy_nearest,True,0.0015108585357666016,success
04C1CBBA7B3F80,3,"['Teatro Romano', 'Duomo', 'Torre Lamberti']",Arena,"['Verona Tour', 'Museo Lapidario', 'Museo Radio', 'San Fermo', 'Casa Giulietta']",San Fermo,strategy_nearest,True,0.004019975662231445,success
04C1D33A9C4C80,3,['Duomo'],Arena,"['Verona Tour', 'Museo Lapidario', 'Museo Radio', 'San Fermo', 'Casa Giulietta']",San Zeno,strategy_nearest,False,0.0021390914916992188,success
04C1DF3A9C4C80,2,"['Casa Giulietta', 'Duomo']",Teatro Romano,"['Santa Anastasia', 'AMO', 'Palazzo della Ragione', 'Museo Conte', 'Centro Fotografia']",San Fermo,strategy_nearest,False,0.003312826156616211,success
04C1EC429C4C80,0,['Casa Giulietta'],Teatro Romano,"['Santa Anastasia', 'Duomo', 'AMO', 'Palazzo della Ragione', 'Museo Conte']",Castelvecchio,strategy_nearest,False,0.002679109573364258,success
04C2403A9C4C80,3,"['San Fermo', 'Arena']",Castelvecchio,"['Museo Lapidario', 'Verona Tour', 'Museo Radio', 'San Zeno', 'Sighseeing']",San Zeno,strategy_nearest,True,0.0032761096954345703,success
04C1F8BA7B3F80,2,"['San Zeno', 'San Zeno', 'Teatro Romano']",Torre Lamberti,"['Sighseeing', 'Centro Fotografia', 'Museo Conte', 'Casa Giulietta', 'Palazzo della Ragione']",Palazzo della Ragione,strategy_nearest,True,0.0020630359649658203,success
04C241BA7B3F80,3,"['Castelvecchio', 'Santa Anastasia', 'Casa Giulietta', 'Tomba Giulietta']",Museo Lapidario,"['Verona Tour', 'Arena', 'Museo Radio', 'San Fermo', 'Sighseeing']",Arena,strategy_nearest,True,0.0033037662506103516,success
04C282429C4C80,0,"['Arena', 'Museo Lapidario']",Casa Giulietta,"['Centro Fotografia', 'Sighseeing', 'Torre Lamberti', 'Museo Conte', 'Museo Radio']",Torre Lamberti,strategy_nearest,True,0.0018649101257324219,success
04C2EA429C4C80,1,"['Arena', 'Casa Giulietta', 'Casa Giulietta', 'Palazzo della Ragione', 'Castelvecchio']",San Zeno,"['Verona Tour', 'Museo Lapidario', 'Museo Miniscalchi', 'Sighseeing', 'Museo Radio']",Tomba Giulietta,strategy_nearest,False,0.0024261474609375,success
04C300429C4C84,3,"['Arena', 'Torre Lamberti', 'Duomo']",Castelvecchio,"['Museo Lapidario', 'Verona Tour', 'Museo Radio', 'San Zeno', 'Sighseeing']",San Zeno,strategy_nearest,True,0.003579854965209961,success
04C30B429C4C80,3,"['Arena', 'Casa Giulietta']",Santa Anastasia,"['AMO', 'Museo Conte', 'Palazzo della Ragione', 'Teatro Romano', 'Centro Fotografia']",Teatro Romano,strategy_nearest,True,0.0028159618377685547,success
04C30DBA7B3F80,1,"['Castelvecchio', 'Arena', 'Casa Giulietta']",Torre Lamberti,"['Sighseeing', 'Centro Fotografia', 'Museo Conte', 'Palazzo della Ragione', 'AMO']",Palazzo della Ragione,strategy_nearest,True,0.0032520294189453125,success
04C312BA7B3F80,1,"['Castelvecchio', 'San Fermo', 'Torre Lamberti']",Palazzo della Ragione,"['AMO', 'Museo Conte', 'Centro Fotografia', 'Sighseeing', 'Santa Anastasia']",Arena,strategy_nearest,False,0.0030820369720458984,success
04C313BA7B3F84,3,"['Castelvecchio', 'San Zeno']",Duomo,"['AMO', 'Museo Miniscalchi', 'Santa Anastasia', 'Teatro Romano', 'Palazzo della Ragione']",Casa Giulietta,strategy_nearest,False,0.002722024917602539,success
04C3133A9C4C84,0,['Torre Lamberti'],Casa Giulietta,"['Centro Fotografia', 'Sighseeing', 'Museo Conte', 'Museo Radio', 'Palazzo della Ragione']",Duomo,strategy_nearest,False,0.0026428699493408203,success
04C3153A9C4C84,0,['Arena'],Castelvecchio,"['Museo Lapidario', 'Verona Tour', 'Museo Radio', 'San Zeno', 'Sighseeing']",Duomo,strategy_nearest,False,0.0027282238006591797,success
04C318429C4C80,3,"['San Zeno', 'San Fermo']",Santa Anastasia,"['AMO', 'Museo Conte', 'Palazzo della Ragione', 'Teatro Romano', 'Centro Fotografia']",Duomo,strategy_nearest,False,0.0034062862396240234,success
04C319BA7B3F80,3,"['Castelvecchio', 'Tomba Giulietta', 'Arena']",Museo Lapidario,"['Verona Tour', 'Museo Radio', 'San Fermo', 'Casa Giulietta', 'Sighseeing']",San Fermo,strategy_nearest,True,0.002585172653198242,success
04C318BA7B3F80,1,"['San Fermo', 'Museo Storia', 'Giardino Giusti', 'Teatro Romano', 'Duomo']",Santa Anastasia,"['AMO', 'Museo Conte', 'Palazzo della Ragione', 'Centro Fotografia', 'Torre Lamberti']",Casa Giulietta,strategy_nearest,False,0.002646923065185547,success
04C319BA7B3F84,3,['Castelvecchio'],Teatro Romano,"['Santa Anastasia', 'Duomo', 'AMO', 'Palazzo della Ragione', 'Museo Conte']",Arena,strategy_nearest,False,0.003175973892211914,success
04C31ABA7B3F84,1,"['Santa Anastasia', 'Duomo', 'Torre Lamberti']",Palazzo della Ragione,"['AMO', 'Museo Conte', 'Centro Fotografia', 'Sighseeing', 'Museo Miniscalchi']",Teatro Romano,strategy_nearest,False,0.0034399032592773438,success
04C31F3A9C4C80,3,"['Castelvecchio', 'San Zeno', 'Duomo', 'Santa Anastasia']",Torre Lamberti,"['Sighseeing', 'Centro Fotografia', 'Museo Conte', 'Casa Giulietta', 'Palazzo della Ragione']",Arena,strategy_nearest,False,0.002048015594482422,success
04C31FBA7B3F84,1,"['Casa Giulietta', 'Torre Lamberti']",Palazzo della Ragione,"['AMO', 'Museo Conte', 'Centro Fotografia', 'Sighseeing', 'Santa Anastasia']",Castelvecchio,strategy_nearest,False,0.0031049251556396484,success
04C31E3A9C4C80,0,"['Arena', 'Casa Giulietta']",Torre Lamberti,"['Sighseeing', 'Centro Fotografia', 'Museo Conte', 'Palazzo della Ragione', 'AMO']",Castelvecchio,strategy_nearest,False,0.0033991336822509766,success
04C327BA7B3F80,1,"['Duomo', 'Teatro Romano', 'Giardino Giusti', 'San Fermo']",Arena,"['Verona Tour', 'Museo Lapidario', 'Museo Radio', 'Casa Giulietta', 'Sighseeing']",Castelvecchio,strategy_nearest,False,0.0013632774353027344,success
04C321BA7B3F80,2,"['San Zeno', 'Teatro Romano']",Giardino Giusti,"['Santa Anastasia', 'Museo Conte', 'Centro Fotografia', 'Museo Storia', 'AMO']",Museo Lapidario,strategy_nearest,False,0.004022121429443359,success
04C325429C4C80,1,"['Arena', 'Duomo', 'Castelvecchio']",Palazzo della Ragione,"['AMO', 'Museo Conte', 'Torre Lamberti', 'Centro Fotografia', 'Sighseeing']",Torre Lamberti,strategy_nearest,True,0.002176046371459961,success
04C32B3A9C4C80,2,['Casa Giulietta'],Torre Lamberti,"['Sighseeing', 'Centro Fotografia', 'Museo Conte', 'Palazzo della Ragione', 'AMO']",Palazzo della Ragione,strategy_nearest,True,0.0037250518798828125,success
04C32B429C4C80,3,"['Arena', 'Casa Giulietta']",Santa Anastasia,"['AMO', 'Museo Conte', 'Palazzo della Ragione', 'Teatro Romano', 'Centro Fotografia']",Duomo,strategy_nearest,False,0.004477977752685547,success
04C330429C4C80,3,"['Torre Lamberti', 'Santa Anastasia', 'Duomo', 'Casa Giulietta']",Arena,"['Verona Tour', 'Museo Lapidario', 'Museo Radio', 'San Fermo', 'Sighseeing']",Castelvecchio,strategy_nearest,False,0.0025620460510253906,success
04C332BA7B3F80,3,"['Santa Anastasia', 'Duomo', 'Castelvecchio']",San Zeno,"['Verona Tour', 'Museo Lapidario', 'Arena', 'Museo Miniscalchi', 'Sighseeing']",Arena,strategy_nearest,True,0.0018768310546875,success
04C339BA7B3F80,0,['Arena'],Casa Giulietta,"['Centro Fotografia', 'Sighseeing', 'Torre Lamberti', 'Museo Conte', 'Museo Radio']",Teatro Romano,strategy_nearest,False,0.002847909927368164,success
04C33A429C4C80,1,"['Casa Giulietta', 'Palazzo della Ragione', 'Torre Lamberti']",Arena,"['Verona Tour', 'Museo Lapidario', 'Museo Radio', 'San Fermo', 'Sighseeing']",Santa Anastasia,strategy_nearest,False,0.0021550655364990234,success
04C346BA7B3F80,1,"['Castelvecchio', 'Arena', 'Casa Giulietta', 'Teatro Romano', 'Giardino Giusti']",Torre Lamberti,"['Sighseeing', 'Centro Fotografia', 'Museo Conte', 'Palazzo della Ragione', 'AMO']",Palazzo della Ragione,strategy_nearest,True,0.0032699108123779297,success
04C3453A9C4C80,1,"['Castelvecchio', 'Arena']",Casa Giulietta,"['Centro Fotografia', 'Sighseeing', 'Torre Lamberti', 'Museo Conte', 'Museo Radio']",Torre Lamberti,strategy_nearest,True,0.0028460025787353516,success
04C347BA7B3F80,0,"['Torre Lamberti', 'Arena']",Casa Giulietta,"['Centro Fotografia', 'Sighseeing', 'Museo Conte', 'Museo Radio', 'Palazzo della Ragione']",Castelvecchio,strategy_nearest,False,0.0028810501098632812,success
04C34CBA7B3F80,1,"['Castelvecchio', 'San Zeno', 'Teatro Romano', 'Arena', 'San Fermo']",Casa Giulietta,"['Centro Fotografia', 'Sighseeing', 'Torre Lamberti', 'Museo Conte', 'Museo Radio']",Santa Anastasia,strategy_nearest,False,0.0023560523986816406,success
04C3493A9C4C80,3,"['Castelvecchio', 'Arena']",Torre Lamberti,"['Sighseeing', 'Centro Fotografia', 'Museo Conte', 'Casa Giulietta', 'Palazzo della Ragione']",Teatro Romano,strategy_nearest,False,0.003152132034301758,success
04C34DBA7B3F80,2,"['Castelvecchio', 'Teatro Romano', 'Duomo']",Casa Giulietta,"['Centro Fotografia', 'Sighseeing', 'Torre Lamberti', 'Museo Conte', 'Museo Radio']",Torre Lamberti,strategy_nearest,True,0.003342866897583008,success
04C34E3A9C4C80,2,"['Castelvecchio', 'Casa Giulietta']",Santa Anastasia,"['AMO', 'Museo Conte', 'Palazzo della Ragione', 'Teatro Romano', 'Centro Fotografia']",Duomo,strategy_nearest,False,0.0033538341522216797,success
04C3553A9C4C80,2,"['Santa Anastasia', 'Duomo']",Teatro Romano,"['AMO', 'Palazzo della Ragione', 'Museo Conte', 'Centro Fotografia', 'Museo Miniscalchi']",Torre Lamberti,strategy_nearest,False,0.0029032230377197266,success
04C354429C4C80,4,"['Santa Anastasia', 'Duomo', 'Teatro Romano', 'Casa Giulietta']",San Fermo,"['Museo Storia', 'Museo Radio', 'Centro Fotografia', 'Arena', 'Sighseeing']",Arena,strategy_nearest,True,0.0031828880310058594,success
04C34F3A9C4C80,3,"['Arena', 'Casa Giulietta']",Santa Anastasia,"['AMO', 'Museo Conte', 'Palazzo della Ragione', 'Teatro Romano', 'Centro Fotografia']",Teatro Romano,strategy_nearest,True,0.0026831626892089844,success
04C3563A9C4C80,6,"['Casa Giulietta', 'Teatro Romano', 'Santa Anastasia']",Castelvecchio,"['Museo Lapidario', 'Verona Tour', 'Arena', 'Museo Radio', 'San Zeno']",Verona Tour,strategy_nearest,True,0.001672983169555664,success
04C36D429C4C80,0,['Casa Giulietta'],Arena,"['Verona Tour', 'Museo Lapidario', 'Museo Radio', 'San Fermo', 'Sighseeing']",Castelvecchio,strategy_nearest,False,0.002016782760620117,success
04C361429C4C80,0,['Casa Giulietta'],Santa Anastasia,"['AMO', 'Museo Conte', 'Palazzo della Ragione', 'Teatro Romano', 'Centro Fotografia']",Arena,strategy_nearest,False,0.002840757369995117,success
04C36EBA7B3F80,2,"['Teatro Romano', 'Duomo']",Torre Lamberti,"['Sighseeing', 'Centro Fotografia', 'Museo Conte', 'Casa Giulietta', 'Palazzo della Ragione']",San Fermo,strategy_nearest,False,0.003181934356689453,success
04C375429C4C80,0,['Castelvecchio'],Casa Giulietta,"['Centro Fotografia', 'Sighseeing', 'Torre Lamberti', 'Museo Conte', 'Museo Radio']",Torre Lamberti,strategy_nearest,True,0.0030040740966796875,success
04C3783A9C4C80,1,"['Castelvecchio', 'Torre Lamberti', 'Palazzo della Ragione']",Casa Giulietta,"['Centro Fotografia', 'Sighseeing', 'Museo Conte', 'Museo Radio', 'San Fermo']",Museo Storia,strategy_nearest,False,0.0032117366790771484,success
04C37FBA7B3F80,2,['Casa Giulietta'],Giardino Giusti,"['Santa Anastasia', 'Teatro Romano', 'Museo Conte', 'Centro Fotografia', 'Museo Storia']",San Fermo,strategy_nearest,False,0.002547025680541992,success
04C3834A9C4C80,0,"['Arena', 'Castelvecchio']",San Zeno,"['Verona Tour', 'Museo Lapidario', 'Museo Miniscalchi', 'Sighseeing', 'Museo Radio']",Casa Giulietta,strategy_nearest,False,0.0030667781829833984,success
04C382BA7B3F80,2,['Santa Anastasia'],Teatro Romano,"['Duomo', 'AMO', 'Palazzo della Ragione', 'Museo Conte', 'Centro Fotografia']",Duomo,strategy_nearest,True,0.003359079360961914,success
04C385429C4C80,1,"['Arena', 'Palazzo della Ragione', 'Casa Giulietta']",Santa Anastasia,"['AMO', 'Museo Conte', 'Teatro Romano', 'Centro Fotografia', 'Duomo']",Teatro Romano,strategy_nearest,True,0.0026869773864746094,success
04C3894A9C4C80,3,"['Casa Giulietta', 'Arena']",Castelvecchio,"['Museo Lapidario', 'Verona Tour', 'Museo Radio', 'San Zeno', 'Sighseeing']",Teatro Romano,strategy_nearest,False,0.003117799758911133,success
04C38D3A9C4C80,1,"['Arena', 'Castelvecchio']",Torre Lamberti,"['Sighseeing', 'Centro Fotografia', 'Museo Conte', 'Casa Giulietta', 'Palazzo della Ragione']",Palazzo della Ragione,strategy_nearest,True,0.0020859241485595703,success
04C3964A9C4C80,1,"['Arena', 'Castelvecchio', 'Museo Lapidario', 'Torre Lamberti']",Palazzo della Ragione,"['AMO', 'Museo Conte', 'Centro Fotografia', 'Sighseeing', 'Santa Anastasia']",Casa Giulietta,strategy_nearest,False,0.0026602745056152344,success
04C3924A9C4C80,2,['Casa Giulietta'],Castelvecchio,"['Museo Lapidario', 'Verona Tour', 'Arena', 'Museo Radio', 'San Zeno']",Torre Lamberti,strategy_nearest,False,0.003397703170776367,success
04C39A4A9C4C80,0,['Museo Lapidario'],Arena,"['Verona Tour', 'Museo Radio', 'San Fermo', 'Casa Giulietta', 'Sighseeing']",Casa Giulietta,strategy_nearest,True,0.0027239322662353516,success
04C39A429C4C80,1,"['Teatro Romano', 'Arena']",Castelvecchio,"['Museo Lapidario', 'Verona Tour', 'Museo Radio', 'San Zeno', 'Sighseeing']",Torre Lamberti,strategy_nearest,False,0.0033669471740722656,success
04C39C4A9C4C80,0,['Arena'],Museo Lapidario,"['Verona Tour', 'Castelvecchio', 'Museo Radio', 'San Fermo', 'Casa Giulietta']",Casa Giulietta,strategy_nearest,True,0.0023849010467529297,success
04C3A9429C4C80,1,['Arena'],Casa Giulietta,"['Centro Fotografia', 'Sighseeing', 'Torre Lamberti', 'Museo Conte', 'Museo Radio']",Torre Lamberti,strategy_nearest,True,0.0032448768615722656,success
04C3B1429C4C80,3,"['Santa Anastasia', 'Teatro Romano', 'Torre Lamberti']",Casa Giulietta,"['Centro Fotografia', 'Sighseeing', 'Museo Conte', 'Museo Radio', 'Palazzo della Ragione']",Arena,strategy_nearest,False,0.002521038055419922,success
04C3BF429C4C80,0,['Arena'],Casa Giulietta,"['Centro Fotografia', 'Sighseeing', 'Torre Lamberti', 'Museo Conte', 'Museo Radio']",Teatro Romano,strategy_nearest,False,0.003142833709716797,success
04C3C13A9C4C80,0,['Arena'],Torre Lamberti,"['Sighseeing', 'Centro Fotografia', 'Museo Conte', 'Casa Giulietta', 'Palazzo della Ragione']",Casa Giulietta,strategy_nearest,True,0.0033087730407714844,success
04C3C7429C4C80,2,['Casa Giulietta'],Castelvecchio,"['Museo Lapidario', 'Verona Tour', 'Arena', 'Museo Radio', 'San Zeno']",Teatro Romano,strategy_nearest,False,0.003061056137084961,success
04C3CC3A9C4C80,1,['Torre Lamberti'],Casa Giulietta,"['Centro Fotografia', 'Sighseeing', 'Museo Conte', 'Museo Radio', 'Palazzo della Ragione']",Palazzo della Ragione,strategy_nearest,True,0.002418994903564453,success
04C3CD3A9C4C80,1,"['Castelvecchio', 'Casa Giulietta']",Palazzo della Ragione,"['AMO', 'Museo Conte', 'Torre Lamberti', 'Centro Fotografia', 'Sighseeing']",Torre Lamberti,strategy_nearest,True,0.0033779144287109375,success
04C3D9429C4C80,3,"['Arena', 'Santa Anastasia']",Duomo,"['AMO', 'Museo Miniscalchi', 'Teatro Romano', 'Palazzo della Ragione', 'Museo Conte']",San Zeno,strategy_nearest,False,0.002457141876220703,success
04C3CE3A9C4C80,3,"['Arena', 'Casa Giulietta']",Torre Lamberti,"['Sighseeing', 'Centro Fotografia', 'Museo Conte', 'Palazzo della Ragione', 'AMO']",Santa Anastasia,strategy_nearest,False,0.003406047821044922,success
04C3DB3A9C4C80,1,"['Arena', 'Casa Giulietta']",Torre Lamberti,"['Sighseeing', 'Centro Fotografia', 'Museo Conte', 'Palazzo della Ragione', 'AMO']",Palazzo della Ragione,strategy_nearest,True,0.003348112106323242,success
04C3E03A9C4C80,2,['Casa Giulietta'],Torre Lamberti,"['Sighseeing', 'Centro Fotografia', 'Museo Conte', 'Palazzo della Ragione', 'AMO']",Teatro Romano,strategy_nearest,False,0.0019249916076660156,success
04C3DF3A9C4C80,0,['Arena'],Teatro Romano,"['Santa Anastasia', 'Duomo', 'AMO', 'Palazzo della Ragione', 'Museo Conte']",Castelvecchio,strategy_nearest,False,0.0039179325103759766,success
04C3E5429C4C80,3,"['Casa Giulietta', 'Castelvecchio', 'San Fermo', 'Tomba Giulietta']",Arena,"['Verona Tour', 'Museo Lapidario', 'Museo Radio', 'Sighseeing', 'Torre Lamberti']",Torre Lamberti,strategy_nearest,True,0.003454923629760742,success
04C3E93A9C4C80,0,['San Zeno'],Castelvecchio,"['Museo Lapidario', 'Verona Tour', 'Arena', 'Museo Radio', 'Sighseeing']",Arena,strategy_nearest,True,0.003197908401489258,success
04C3EA3A9C4C80,0,['Arena'],Casa Giulietta,"['Centro Fotografia', 'Sighseeing', 'Torre Lamberti', 'Museo Conte', 'Museo Radio']",Torre Lamberti,strategy_nearest,True,0.0027468204498291016,success
04C3EF3A9C4C80,1,"['Arena', 'Casa Giulietta']",Palazzo della Ragione,"['AMO', 'Museo Conte', 'Torre Lamberti', 'Centro Fotografia', 'Sighseeing']",Torre Lamberti,strategy_nearest,True,0.0032758712768554688,success
04C4123A9C4C80,1,"['Arena', 'Torre Lamberti', 'Palazzo della Ragione']",Duomo,"['AMO', 'Museo Miniscalchi', 'Santa Anastasia', 'Teatro Romano', 'Museo Conte']",San Fermo,strategy_nearest,False,0.0025787353515625,success
04C412429C4C80,3,"['Tomba Giulietta', 'Arena']",Casa Giulietta,"['Centro Fotografia', 'Sighseeing', 'Torre Lamberti', 'Museo Conte', 'Museo Radio']",San Fermo,strategy_nearest,False,0.0031049251556396484,success
04C4143A9C4C84,3,"['Castelvecchio', 'Casa Giulietta', 'Torre Lamberti', 'Santa Anastasia']",Duomo,"['AMO', 'Museo Miniscalchi', 'Teatro Romano', 'Palazzo della Ragione', 'Museo Conte']",Teatro Romano,strategy_nearest,True,0.0022840499877929688,success
04C4143A9C4C80,3,"['Arena', 'Casa Giulietta']",Torre Lamberti,"['Sighseeing', 'Centro Fotografia', 'Museo Conte', 'Palazzo della Ragione', 'AMO']",Santa Anastasia,strategy_nearest,False,0.0031490325927734375,success
04C4153A9C4C84,3,"['Arena', 'Castelvecchio', 'Casa Giulietta']",Torre Lamberti,"['Sighseeing', 'Centro Fotografia', 'Museo Conte', 'Palazzo della Ragione', 'AMO']",Santa Anastasia,strategy_nearest,False,0.0034029483795166016,success
04C418429C4C80,1,"['Casa Giulietta', 'Castelvecchio']",Torre Lamberti,"['Sighseeing', 'Centro Fotografia', 'Museo Conte', 'Palazzo della Ragione', 'AMO']",Palazzo della Ragione,strategy_nearest,True,0.0019049644470214844,success
04C4193A9C4C80,0,"['Arena', 'San Fermo']",Casa Giulietta,"['Centro Fotografia', 'Sighseeing', 'Torre Lamberti', 'Museo Conte', 'Museo Radio']",Torre Lamberti,strategy_nearest,True,0.002886056900024414,success
04C41C429C4C80,2,['Casa Giulietta'],Torre Lamberti,"['Sighseeing', 'Centro Fotografia', 'Museo Conte', 'Palazzo della Ragione', 'AMO']",Palazzo della Ragione,strategy_nearest,True,0.0021200180053710938,success
04C4193A9C4C84,0,"['Teatro Romano', 'Casa Giulietta']",Duomo,"['AMO', 'Museo Miniscalchi', 'Santa Anastasia', 'Palazzo della Ragione', 'Museo Conte']",Tomba Giulietta,strategy_nearest,False,0.0029480457305908203,success
04C41D3A9C4C80,2,"['Castelvecchio', 'Teatro Romano']",Casa Giulietta,"['Centro Fotografia', 'Sighseeing', 'Torre Lamberti', 'Museo Conte', 'Museo Radio']",Santa Anastasia,strategy_nearest,False,0.0028760433197021484,success
04C41D429C4C84,0,['Arena'],Torre Lamberti,"['Sighseeing', 'Centro Fotografia', 'Museo Conte', 'Casa Giulietta', 'Palazzo della Ragione']",Casa Giulietta,strategy_nearest,True,0.003480195999145508,success
04C420429C4C84,0,"['Arena', 'Casa Giulietta']",Castelvecchio,"['Museo Lapidario', 'Verona Tour', 'Museo Radio', 'San Zeno', 'Sighseeing']",Teatro Romano,strategy_nearest,False,0.0019578933715820312,success
04C41F3A9C4C84,0,['Arena'],Casa Giulietta,"['Centro Fotografia', 'Sighseeing', 'Torre Lamberti', 'Museo Conte', 'Museo Radio']",Tomba Giulietta,strategy_nearest,False,0.002853870391845703,success
04C427429C4C84,2,"['Torre Lamberti', 'Palazzo della Ragione', 'Casa Giulietta']",Santa Anastasia,"['AMO', 'Museo Conte', 'Teatro Romano', 'Centro Fotografia', 'Duomo']",Duomo,strategy_nearest,True,0.0028481483459472656,success
04C428429C4C84,2,['Torre Lamberti'],Santa Anastasia,"['AMO', 'Museo Conte', 'Palazzo della Ragione', 'Teatro Romano', 'Centro Fotografia']",Castelvecchio,strategy_nearest,False,0.0033659934997558594,success
04C429429C4C84,3,"['Arena', 'Torre Lamberti', 'Casa Giulietta']",Santa Anastasia,"['AMO', 'Museo Conte', 'Palazzo della Ragione', 'Teatro Romano', 'Centro Fotografia']",Duomo,strategy_nearest,False,0.00315093994140625,success
04C42C3A9C4C80,3,"['Castelvecchio', 'Santa Anastasia']",Arena,"['Verona Tour', 'Museo Lapidario', 'Museo Radio', 'San Fermo', 'Casa Giulietta']",Museo Lapidario,strategy_nearest,True,0.0023322105407714844,success
04C42D3A9C4C80,1,"['Arena', 'Casa Giulietta', 'Palazzo della Ragione']",Torre Lamberti,"['Sighseeing', 'Centro Fotografia', 'Museo Conte', 'AMO', 'Museo Miniscalchi']",Duomo,strategy_nearest,False,0.002574920654296875,success
04C432429C4C80,0,"['Arena', 'Casa Giulietta']",Torre Lamberti,"['Sighseeing', 'Centro Fotografia', 'Museo Conte', 'Palazzo della Ragione', 'AMO']",Teatro Romano,strategy_nearest,False,0.002769947052001953,success
04C433429C4C80,1,"['Arena', 'Torre Lamberti']",Palazzo della Ragione,"['AMO', 'Museo Conte', 'Centro Fotografia', 'Sighseeing', 'Santa Anastasia']",Duomo,strategy_nearest,False,0.0025129318237304688,success
04C4364A9C4C80,0,"['Arena', 'Castelvecchio']",Torre Lamberti,"['Sighseeing', 'Centro Fotografia', 'Museo Conte', 'Casa Giulietta', 'Palazzo della Ragione']",Casa Giulietta,strategy_nearest,True,0.0031130313873291016,success
04C44A429C4C80,0,"['Casa Giulietta', 'Teatro Romano']",Arena,"['Verona Tour', 'Museo Lapidario', 'Museo Radio', 'San Fermo', 'Sighseeing']",Tomba Giulietta,strategy_nearest,False,0.002032041549682617,success
04C440429C4C80,0,['Arena'],Museo Lapidario,"['Verona Tour', 'Castelvecchio', 'Museo Radio', 'San Fermo', 'Casa Giulietta']",Castelvecchio,strategy_nearest,True,0.004107952117919922,success
04C4523A9C4C80,3,"['Tomba Giulietta', 'San Fermo', 'Casa Giulietta']",Torre Lamberti,"['Sighseeing', 'Centro Fotografia', 'Museo Conte', 'Palazzo della Ragione', 'AMO']",Santa Anastasia,strategy_nearest,False,0.002279996871948242,success
04C4503A9C4C80,1,"['Arena', 'Casa Giulietta']",Palazzo della Ragione,"['AMO', 'Museo Conte', 'Torre Lamberti', 'Centro Fotografia', 'Sighseeing']",Torre Lamberti,strategy_nearest,True,0.0031409263610839844,success
04C4603A9C4C80,3,"['Arena', 'Giardino Giusti']",San Fermo,"['Museo Storia', 'Museo Radio', 'Casa Giulietta', 'Centro Fotografia', 'Sighseeing']",Santa Anastasia,strategy_nearest,False,0.0015239715576171875,success
04C4883A9C4C80,1,"['Casa Giulietta', 'Torre Lamberti']",Palazzo della Ragione,"['AMO', 'Museo Conte', 'Centro Fotografia', 'Sighseeing', 'Santa Anastasia']",Tomba Giulietta,strategy_nearest,False,0.002626180648803711,success
04C460429C4C80,2,['Castelvecchio'],Casa Giulietta,"['Centro Fotografia', 'Sighseeing', 'Torre Lamberti', 'Museo Conte', 'Museo Radio']",Palazzo della Ragione,strategy_nearest,False,0.002122163772583008,success
04C48A429C4C80,3,"['Arena', 'Duomo', 'Santa Anastasia']",Torre Lamberti,"['Sighseeing', 'Centro Fotografia', 'Museo Conte', 'Casa Giulietta', 'Palazzo della Ragione']",Casa Giulietta,strategy_nearest,True,0.0031270980834960938,success
04C49F4A9C4C80,0,['Arena'],Teatro Romano,"['Santa Anastasia', 'Duomo', 'AMO', 'Palazzo della Ragione', 'Museo Conte']",Casa Giulietta,strategy_nearest,False,0.0019860267639160156,success
04C4A44A9C4C80,1,"['Arena', 'Castelvecchio', 'Palazzo della Ragione']",Torre Lamberti,"['Sighseeing', 'Centro Fotografia', 'Museo Conte', 'Casa Giulietta', 'AMO']",Casa Giulietta,strategy_nearest,True,0.002830028533935547,success
04C4A53A9C4C80,0,['Arena'],Duomo,"['AMO', 'Museo Miniscalchi', 'Santa Anastasia', 'Teatro Romano', 'Palazzo della Ragione']",San Fermo,strategy_nearest,False,0.0033190250396728516,success
04C4A54A9C4C80,0,['Torre Lamberti'],Arena,"['Verona Tour', 'Museo Lapidario', 'Museo Radio', 'San Fermo', 'Casa Giulietta']",Casa Giulietta,strategy_nearest,True,0.0027227401733398438,success
04C4AB3A9C4C80,3,"['Tomba Giulietta', 'Arena', 'Torre Lamberti', 'Casa Giulietta']",Santa Anastasia,"['AMO', 'Museo Conte', 'Palazzo della Ragione', 'Teatro Romano', 'Centro Fotografia']",San Zeno,strategy_nearest,False,0.0023157596588134766,success
04C4A64A9C4C80,1,"['Arena', 'Casa Giulietta']",Palazzo della Ragione,"['AMO', 'Museo Conte', 'Torre Lamberti', 'Centro Fotografia', 'Sighseeing']",Torre Lamberti,strategy_nearest,True,0.003464937210083008,success
04C4AA4A9C4C80,3,"['Museo Lapidario', 'Arena']",Castelvecchio,"['Verona Tour', 'Museo Radio', 'San Zeno', 'Sighseeing', 'Museo Miniscalchi']",Torre Lamberti,strategy_nearest,False,0.003920316696166992,success
04C4B33A9C4C80,2,['Palazzo della Ragione'],Torre Lamberti,"['Sighseeing', 'Centro Fotografia', 'Museo Conte', 'Casa Giulietta', 'AMO']",Duomo,strategy_nearest,False,0.0022928714752197266,success
04C4BA429C4C80,0,['Arena'],Casa Giulietta,"['Centro Fotografia', 'Sighseeing', 'Torre Lamberti', 'Museo Conte', 'Museo Radio']",Casa Giulietta,strategy_nearest,False,0.0033032894134521484,success
04C4BB3A9C4C80,1,"['Santa Anastasia', 'Torre Lamberti']",Palazzo della Ragione,"['AMO', 'Museo Conte', 'Centro Fotografia', 'Sighseeing', 'Museo Miniscalchi']",Casa Giulietta,strategy_nearest,False,0.0024819374084472656,success
04C4B3429C4C80,0,['Arena'],Torre Lamberti,"['Sighseeing', 'Centro Fotografia', 'Museo Conte', 'Casa Giulietta', 'Palazzo della Ragione']",Tomba Giulietta,strategy_nearest,False,0.002780914306640625,success
04C4BC3A9C4C80,1,"['Arena', 'Castelvecchio']",Casa Giulietta,"['Centro Fotografia', 'Sighseeing', 'Torre Lamberti', 'Museo Conte', 'Museo Radio']",Torre Lamberti,strategy_nearest,True,0.0033180713653564453,success
04C4C8429C4C80,2,['Tomba Giulietta'],Casa Giulietta,"['Centro Fotografia', 'Sighseeing', 'Torre Lamberti', 'Museo Conte', 'Museo Radio']",Torre Lamberti,strategy_nearest,True,0.0018181800842285156,success
04C4C1429C4C80,3,"['Arena', 'Torre Lamberti']",Casa Giulietta,"['Centro Fotografia', 'Sighseeing', 'Museo Conte', 'Museo Radio', 'Palazzo della Ragione']",Santa Anastasia,strategy_nearest,False,0.002588033676147461,success
04C4C9429C4C80,1,"['Arena', 'Casa Giulietta']",Torre Lamberti,"['Sighseeing', 'Centro Fotografia', 'Museo Conte', 'Palazzo della Ragione', 'AMO']",Palazzo della Ragione,strategy_nearest,True,0.0031981468200683594,success
04C4CA3A9C4C80,1,"['Arena', 'Palazzo della Ragione']",Torre Lamberti,"['Sighseeing', 'Centro Fotografia', 'Museo Conte', 'Casa Giulietta', 'AMO']",Santa Anastasia,strategy_nearest,False,0.0033698081970214844,success
04C4D33A9C4C80,0,['Arena'],Casa Giulietta,"['Centro Fotografia', 'Sighseeing', 'Torre Lamberti', 'Museo Conte', 'Museo Radio']",Santa Anastasia,strategy_nearest,False,0.0025610923767089844,success
04C4D5429C4C80,1,"['Castelvecchio', 'Arena']",Palazzo della Ragione,"['AMO', 'Museo Conte', 'Torre Lamberti', 'Centro Fotografia', 'Sighseeing']",Teatro Romano,strategy_nearest,False,0.003103017807006836,success
04C4D8429C4C80,1,"['Castelvecchio', 'Casa Giulietta']",Torre Lamberti,"['Sighseeing', 'Centro Fotografia', 'Museo Conte', 'Palazzo della Ragione', 'AMO']",Palazzo della Ragione,strategy_nearest,True,0.003283977508544922,success
04C4E13A9C4C80,0,['Castelvecchio'],Arena,"['Verona Tour', 'Museo Lapidario', 'Museo Radio', 'San Fermo', 'Casa Giulietta']",Casa Giulietta,strategy_nearest,True,0.0027780532836914062,success
04C4E43A9C4C80,3,"['Casa Giulietta', 'Torre Lamberti']",Santa Anastasia,"['AMO', 'Museo Conte', 'Palazzo della Ragione', 'Teatro Romano', 'Centro Fotografia']",Duomo,strategy_nearest,False,0.002091646194458008,success
04C507429C4C84,3,"['Arena', 'Casa Giulietta', 'San Fermo']",Torre Lamberti,"['Sighseeing', 'Centro Fotografia', 'Museo Conte', 'Palazzo della Ragione', 'AMO']",Castelvecchio,strategy_nearest,False,0.0026879310607910156,success
04C50E429C4C80,3,"['San Fermo', 'Arena']",Castelvecchio,"['Museo Lapidario', 'Verona Tour', 'Museo Radio', 'San Zeno', 'Sighseeing']",Santa Anastasia,strategy_nearest,False,0.00308990478515625,success
04C5163A9C4C80,0,['Casa Giulietta'],Duomo,"['AMO', 'Museo Miniscalchi', 'Santa Anastasia', 'Teatro Romano', 'Palazzo della Ragione']",Arena,strategy_nearest,False,0.0020651817321777344,success
04C5174A9C4C80,1,"['Arena', 'Castelvecchio', 'San Zeno']",Torre Lamberti,"['Sighseeing', 'Centro Fotografia', 'Museo Conte', 'Casa Giulietta', 'Palazzo della Ragione']",Palazzo della Ragione,strategy_nearest,True,0.0013942718505859375,success
04C510429C4C80,0,['Arena'],Casa Giulietta,"['Centro Fotografia', 'Sighseeing', 'Torre Lamberti', 'Museo Conte', 'Museo Radio']",Torre Lamberti,strategy_nearest,True,0.003954887390136719,success
04C515429C4C84,2,"['Teatro Romano', 'Palazzo della Ragione', 'Torre Lamberti']",Casa Giulietta,"['Centro Fotografia', 'Sighseeing', 'Museo Conte', 'Museo Radio', 'San Fermo']",Castelvecchio,strategy_nearest,False,0.004553079605102539,success
04C51D3A9C4C84,0,"['Arena', 'San Zeno']",Castelvecchio,"['Museo Lapidario', 'Verona Tour', 'Museo Radio', 'Sighseeing', 'Museo Miniscalchi']",Casa Giulietta,strategy_nearest,False,0.004129886627197266,success
04C5233A9C4C80,3,"['Casa Giulietta', 'Torre Lamberti']",Santa Anastasia,"['AMO', 'Museo Conte', 'Palazzo della Ragione', 'Teatro Romano', 'Centro Fotografia']",Duomo,strategy_nearest,False,0.0021440982818603516,success
04C5203A9C4C84,3,"['Arena', 'Casa Giulietta']",Santa Anastasia,"['AMO', 'Museo Conte', 'Palazzo della Ragione', 'Teatro Romano', 'Centro Fotografia']",Torre Lamberti,strategy_nearest,False,0.0015549659729003906,success
04C51E429C4C80,3,"['Arena', 'Casa Giulietta', 'Torre Lamberti']",Santa Anastasia,"['AMO', 'Museo Conte', 'Palazzo della Ragione', 'Teatro Romano', 'Centro Fotografia']",Duomo,strategy_nearest,False,0.003489971160888672,success
04C5253A9C4C80,3,"['Arena', 'Casa Giulietta']",Torre Lamberti,"['Sighseeing', 'Centro Fotografia', 'Museo Conte', 'Palazzo della Ragione', 'AMO']",Santa Anastasia,strategy_nearest,False,0.0016140937805175781,success
04C5263A9C4C84,0,['Arena'],Casa Giulietta,"['Centro Fotografia', 'Sighseeing', 'Torre Lamberti', 'Museo Conte', 'Museo Radio']",Torre Lamberti,strategy_nearest,True,0.0021660327911376953,success
04C52B3A9C4C80,0,['Giardino Giusti'],Arena,"['Verona Tour', 'Museo Lapidario', 'Museo Radio', 'San Fermo', 'Casa Giulietta']",San Zeno,strategy_nearest,False,0.0025060176849365234,success
04C52D3A9C4C80,1,"['Arena', 'Casa Giulietta']",Palazzo della Ragione,"['AMO', 'Museo Conte', 'Torre Lamberti', 'Centro Fotografia', 'Sighseeing']",Torre Lamberti,strategy_nearest,True,0.003242015838623047,success
04C52C4A9C4C80,2,"['Casa Giulietta', 'Torre Lamberti', 'Palazzo della Ragione']",Museo Lapidario,"['Verona Tour', 'Arena', 'Castelvecchio', 'Museo Radio', 'San Fermo']",Castelvecchio,strategy_nearest,True,0.002051115036010742,success
04C52B4A9C4C80,1,"['Torre Lamberti', 'Duomo']",Arena,"['Verona Tour', 'Museo Lapidario', 'Museo Radio', 'San Fermo', 'Casa Giulietta']",Casa Giulietta,strategy_nearest,True,0.002958059310913086,success
04C538429C4C80,3,"['Arena', 'San Zeno']",Castelvecchio,"['Museo Lapidario', 'Verona Tour', 'Museo Radio', 'Sighseeing', 'Museo Miniscalchi']",Duomo,strategy_nearest,False,0.0023407936096191406,success
04C5383A9C4C80,3,"['Arena', 'Santa Anastasia']",Teatro Romano,"['Duomo', 'AMO', 'Palazzo della Ragione', 'Museo Conte', 'Centro Fotografia']",Duomo,strategy_nearest,True,0.003021717071533203,success
04C534429C4C80,0,['Arena'],Casa Giulietta,"['Centro Fotografia', 'Sighseeing', 'Torre Lamberti', 'Museo Conte', 'Museo Radio']",San Zeno,strategy_nearest,False,0.002862691879272461,success
04C53A3A9C4C80,0,['Arena'],Torre Lamberti,"['Sighseeing', 'Centro Fotografia', 'Museo Conte', 'Casa Giulietta', 'Palazzo della Ragione']",Castelvecchio,strategy_nearest,False,0.0032978057861328125,success
04C55E3A9C4C80,0,['Arena'],Castelvecchio,"['Museo Lapidario', 'Verona Tour', 'Museo Radio', 'San Zeno', 'Sighseeing']",Casa Giulietta,strategy_nearest,False,0.002681255340576172,success
04C556429C4C80,3,"['Castelvecchio', 'Arena', 'Tomba Giulietta']",San Fermo,"['Museo Storia', 'Museo Radio', 'Casa Giulietta', 'Centro Fotografia', 'Sighseeing']",Torre Lamberti,strategy_nearest,False,0.0017628669738769531,success
04C558429C4C80,0,['Torre Lamberti'],Casa Giulietta,"['Centro Fotografia', 'Sighseeing', 'Museo Conte', 'Museo Radio', 'Palazzo della Ragione']",Arena,strategy_nearest,False,0.0041790008544921875,success
04C5533A9C4C80,1,"['Arena', 'Casa Giulietta']",Palazzo della Ragione,"['AMO', 'Museo Conte', 'Torre Lamberti', 'Centro Fotografia', 'Sighseeing']",Torre Lamberti,strategy_nearest,True,0.003568887710571289,success
04C565429C4C80,0,['Arena'],Duomo,"['AMO', 'Museo Miniscalchi', 'Santa Anastasia', 'Teatro Romano', 'Palazzo della Ragione']",Castelvecchio,strategy_nearest,False,0.0033957958221435547,success
04C55F3A9C4C80,3,"['Castelvecchio', 'Torre Lamberti', 'Casa Giulietta']",Santa Anastasia,"['AMO', 'Museo Conte', 'Palazzo della Ragione', 'Teatro Romano', 'Centro Fotografia']",Duomo,strategy_nearest,False,0.002877950668334961,success
04C5643A9C4C80,1,"['Torre Lamberti', 'Palazzo della Ragione', 'Casa Giulietta', 'Santa Anastasia']",Arena,"['Verona Tour', 'Museo Lapidario', 'Museo Radio', 'San Fermo', 'Sighseeing']",San Fermo,strategy_nearest,True,0.0021381378173828125,success
04C56C429C4C80,2,"['Castelvecchio', 'Casa Giulietta', 'Torre Lamberti']",Palazzo della Ragione,"['AMO', 'Museo Conte', 'Centro Fotografia', 'Sighseeing', 'Santa Anastasia']",San Zeno,strategy_nearest,False,0.0038199424743652344,success
04C5723A9C4C80,3,"['Teatro Romano', 'Duomo']",Torre Lamberti,"['Sighseeing', 'Centro Fotografia', 'Museo Conte', 'Casa Giulietta', 'Palazzo della Ragione']",Casa Giulietta,strategy_nearest,True,0.001293182373046875,success
04C58F3A9C4C80,0,['Torre Lamberti'],Duomo,"['AMO', 'Museo Miniscalchi', 'Santa Anastasia', 'Teatro Romano', 'Palazzo della Ragione']",Casa Giulietta,strategy_nearest,False,0.003331899642944336,success
04C573429C4C80,3,"['Arena', 'Casa Giulietta', 'Castelvecchio']",Torre Lamberti,"['Sighseeing', 'Centro Fotografia', 'Museo Conte', 'Palazzo della Ragione', 'AMO']",Duomo,strategy_nearest,False,0.002502918243408203,success
04C5833A9C4C80,0,['Arena'],Torre Lamberti,"['Sighseeing', 'Centro Fotografia', 'Museo Conte', 'Casa Giulietta', 'Palazzo della Ragione']",Castelvecchio,strategy_nearest,False,0.0036039352416992188,success
04C575429C4C80,0,['Castelvecchio'],Arena,"['Verona Tour', 'Museo Lapidario', 'Museo Radio', 'San Fermo', 'Casa Giulietta']",Teatro Romano,strategy_nearest,False,0.003287076950073242,success
04C5944A9C4C80,1,"['Arena', 'Palazzo della Ragione']",Torre Lamberti,"['Sighseeing', 'Centro Fotografia', 'Museo Conte', 'Casa Giulietta', 'AMO']",Santa Anastasia,strategy_nearest,False,0.0014972686767578125,success
04C5A54A9C4C80,1,"['Castelvecchio', 'Palazzo della Ragione']",Torre Lamberti,"['Sighseeing', 'Centro Fotografia', 'Museo Conte', 'Casa Giulietta', 'AMO']",Casa Giulietta,strategy_nearest,True,0.0021419525146484375,success
04C59B429C4C80,0,['Museo Lapidario'],Arena,"['Verona Tour', 'Museo Radio', 'San Fermo', 'Casa Giulietta', 'Sighseeing']",Casa Giulietta,strategy_nearest,True,0.0029358863830566406,success
04C5A93A9C4C80,0,"['Teatro Romano', 'Arena']",Casa Giulietta,"['Centro Fotografia', 'Sighseeing', 'Torre Lamberti', 'Museo Conte', 'Museo Radio']",Castelvecchio,strategy_nearest,False,0.003423929214477539,success
04C5B2429C4C80,0,['Arena'],Castelvecchio,"['Museo Lapidario', 'Verona Tour', 'Museo Radio', 'San Zeno', 'Sighseeing']",Casa Giulietta,strategy_nearest,False,0.0030982494354248047,success
04C5B5429C4C80,3,"['Casa Giulietta', 'Torre Lamberti']",Santa Anastasia,"['AMO', 'Museo Conte', 'Palazzo della Ragione', 'Teatro Romano', 'Centro Fotografia']",Castelvecchio,strategy_nearest,False,0.0034492015838623047,success
04C5A94A9C4C80,2,['Palazzo della Ragione'],Torre Lamberti,"['Sighseeing', 'Centro Fotografia', 'Museo Conte', 'Casa Giulietta', 'AMO']",Santa Anastasia,strategy_nearest,False,0.00220489501953125,success
04C5B4429C4C80,3,"['Arena', 'Casa Giulietta']",Torre Lamberti,"['Sighseeing', 'Centro Fotografia', 'Museo Conte', 'Palazzo della Ragione', 'AMO']",Santa Anastasia,strategy_nearest,False,0.002357959747314453,success
04C5B83A9C4C80,2,"['San Zeno', 'Castelvecchio']",Torre Lamberti,"['Sighseeing', 'Centro Fotografia', 'Museo Conte', 'Casa Giulietta', 'Palazzo della Ragione']",Duomo,strategy_nearest,False,0.0015141963958740234,success
04C5C0429C4C80,1,['Arena'],Casa Giulietta,"['Centro Fotografia', 'Sighseeing', 'Torre Lamberti', 'Museo Conte', 'Museo Radio']",Torre Lamberti,strategy_nearest,True,0.0020537376403808594,success
04C5BD429C4C80,0,['Arena'],Casa Giulietta,"['Centro Fotografia', 'Sighseeing', 'Torre Lamberti', 'Museo Conte', 'Museo Radio']",Museo Lapidario,strategy_nearest,False,0.003531932830810547,success
04C5BF3A9C4C80,3,"['Torre Lamberti', 'Santa Anastasia']",Duomo,"['AMO', 'Museo Miniscalchi', 'Teatro Romano', 'Palazzo della Ragione', 'Museo Conte']",Castelvecchio,strategy_nearest,False,0.0028259754180908203,success
04C5C33A9C4C80,3,['Torre Lamberti'],Santa Anastasia,"['AMO', 'Museo Conte', 'Palazzo della Ragione', 'Teatro Romano', 'Centro Fotografia']",Duomo,strategy_nearest,False,0.0030438899993896484,success
04C5D93A9C4C80,1,"['Arena', 'Museo Lapidario', 'Castelvecchio', 'Tomba Giulietta', 'Museo Storia']",San Fermo,"['Museo Radio', 'Casa Giulietta', 'Centro Fotografia', 'Sighseeing', 'Torre Lamberti']",Palazzo della Ragione,strategy_nearest,False,0.0025370121002197266,success
04C5D33A9C4C80,1,"['San Fermo', 'Arena', 'Casa Giulietta']",Palazzo della Ragione,"['AMO', 'Museo Conte', 'Torre Lamberti', 'Centro Fotografia', 'Sighseeing']",Torre Lamberti,strategy_nearest,True,0.003259897232055664,success
04C5DB3A9C4C80,1,"['Arena', 'Museo Lapidario', 'Castelvecchio', 'Tomba Giulietta']",San Fermo,"['Museo Storia', 'Museo Radio', 'Casa Giulietta', 'Centro Fotografia', 'Sighseeing']",Palazzo della Ragione,strategy_nearest,False,0.0033330917358398438,success
04C5E13A9C4C80,3,"['Arena', 'Tomba Giulietta', 'Casa Giulietta']",Teatro Romano,"['Santa Anastasia', 'Duomo', 'AMO', 'Palazzo della Ragione', 'Museo Conte']",Santa Anastasia,strategy_nearest,True,0.001971006393432617,success
04C5E2429C4C80,1,"['Torre Lamberti', 'Casa Giulietta', 'Palazzo della Ragione']",Arena,"['Verona Tour', 'Museo Lapidario', 'Museo Radio', 'San Fermo', 'Sighseeing']",Museo Lapidario,strategy_nearest,True,0.002566814422607422,success
04C5EC3A9C4C80,1,['Casa Giulietta'],Arena,"['Verona Tour', 'Museo Lapidario', 'Museo Radio', 'San Fermo', 'Sighseeing']",Palazzo della Ragione,strategy_nearest,False,0.0030701160430908203,success
04C60B429C4C80,2,['Torre Lamberti'],Palazzo della Ragione,"['AMO', 'Museo Conte', 'Centro Fotografia', 'Sighseeing', 'Santa Anastasia']",Casa Giulietta,strategy_nearest,False,0.002146005630493164,success
04C5F23A9C4C80,0,['Arena'],Casa Giulietta,"['Centro Fotografia', 'Sighseeing', 'Torre Lamberti', 'Museo Conte', 'Museo Radio']",Torre Lamberti,strategy_nearest,True,0.0014009475708007812,success
04C6213A9C4C84,0,['Arena'],Casa Giulietta,"['Centro Fotografia', 'Sighseeing', 'Torre Lamberti', 'Museo Conte', 'Museo Radio']",San Fermo,strategy_nearest,False,0.0032210350036621094,success
04C6103A9C4C80,0,['Arena'],Casa Giulietta,"['Centro Fotografia', 'Sighseeing', 'Torre Lamberti', 'Museo Conte', 'Museo Radio']",Torre Lamberti,strategy_nearest,True,0.0027468204498291016,success
04C6264A9C4C80,0,"['Arena', 'Castelvecchio']",Casa Giulietta,"['Centro Fotografia', 'Sighseeing', 'Torre Lamberti', 'Museo Conte', 'Museo Radio']",Torre Lamberti,strategy_nearest,True,0.0025148391723632812,success
04C6293A9C4C80,0,['Arena'],Teatro Romano,"['Santa Anastasia', 'Duomo', 'AMO', 'Palazzo della Ragione', 'Museo Conte']",Duomo,strategy_nearest,True,0.0032711029052734375,success
04C6303A9C4C80,2,['Duomo'],Casa Giulietta,"['Centro Fotografia', 'Sighseeing', 'Torre Lamberti', 'Museo Conte', 'Museo Radio']",San Fermo,strategy_nearest,False,0.0020012855529785156,success
04C628429C4C84,0,['Arena'],Casa Giulietta,"['Centro Fotografia', 'Sighseeing', 'Torre Lamberti', 'Museo Conte', 'Museo Radio']",Castelvecchio,strategy_nearest,False,0.0035598278045654297,success
04C634429C4C80,4,"['Casa Giulietta', 'Arena', 'Tomba Giulietta']",Museo Radio,"['San Fermo', 'Sighseeing', 'Torre Lamberti', 'Centro Fotografia', 'Verona Tour']",Castelvecchio,strategy_nearest,False,0.002145051956176758,success
04C636429C4C80,2,"['Santa Anastasia', 'Duomo']",Torre Lamberti,"['Sighseeing', 'Centro Fotografia', 'Museo Conte', 'Casa Giulietta', 'Palazzo della Ragione']",Castelvecchio,strategy_nearest,False,0.003368854522705078,success
04C635429C4C80,1,['Arena'],Casa Giulietta,"['Centro Fotografia', 'Sighseeing', 'Torre Lamberti', 'Museo Conte', 'Museo Radio']",Torre Lamberti,strategy_nearest,True,0.0029230117797851562,success
04C630429C4C80,0,['Casa Giulietta'],Casa Giulietta,"['Centro Fotografia', 'Sighseeing', 'Torre Lamberti', 'Museo Conte', 'Museo Radio']",Arena,strategy_nearest,False,0.003410816192626953,success
04C6433A9C4C80,2,['Castelvecchio'],San Zeno,"['Verona Tour', 'Museo Lapidario', 'Arena', 'Museo Miniscalchi', 'Sighseeing']",Tomba Giulietta,strategy_nearest,False,0.002187013626098633,success
04C644429C4C80,3,"['Castelvecchio', 'Teatro Romano', 'Casa Giulietta']",Arena,"['Verona Tour', 'Museo Lapidario', 'Museo Radio', 'San Fermo', 'Sighseeing']",Tomba Giulietta,strategy_nearest,False,0.0013518333435058594,success
04C64E429C4C80,3,"['Castelvecchio', 'Arena', 'Casa Giulietta']",Torre Lamberti,"['Sighseeing', 'Centro Fotografia', 'Museo Conte', 'Palazzo della Ragione', 'AMO']",Santa Anastasia,strategy_nearest,False,0.003359079360961914,success
04C646429C4C80,3,"['Arena', 'Castelvecchio']",Torre Lamberti,"['Sighseeing', 'Centro Fotografia', 'Museo Conte', 'Casa Giulietta', 'Palazzo della Ragione']",Duomo,strategy_nearest,False,0.0027909278869628906,success
04C6523A9C4C80,3,"['Arena', 'Santa Anastasia', 'Teatro Romano']",Giardino Giusti,"['Museo Conte', 'Centro Fotografia', 'Museo Storia', 'AMO', 'Casa Giulietta']",San Zeno,strategy_nearest,False,0.0015130043029785156,success
04C64F429C4C80,0,['Tomba Giulietta'],Arena,"['Verona Tour', 'Museo Lapidario', 'Museo Radio', 'San Fermo', 'Casa Giulietta']",Casa Giulietta,strategy_nearest,True,0.003968000411987305,success
04C6563A9C4C80,0,['Casa Giulietta'],Torre Lamberti,"['Sighseeing', 'Centro Fotografia', 'Museo Conte', 'Palazzo della Ragione', 'AMO']",Arena,strategy_nearest,False,0.0028591156005859375,success
04C6543A9C4C80,1,"['Casa Giulietta', 'Torre Lamberti', 'Palazzo della Ragione', 'Santa Anastasia']",Teatro Romano,"['Duomo', 'AMO', 'Museo Conte', 'Centro Fotografia', 'Museo Miniscalchi']",Duomo,strategy_nearest,True,0.0037751197814941406,success
04C667429C4C80,1,"['Torre Lamberti', 'Palazzo della Ragione', 'Casa Giulietta']",Arena,"['Verona Tour', 'Museo Lapidario', 'Museo Radio', 'San Fermo', 'Sighseeing']",Castelvecchio,strategy_nearest,False,0.0024530887603759766,success
04C66E429C4C80,2,['Palazzo della Ragione'],Casa Giulietta,"['Centro Fotografia', 'Sighseeing', 'Torre Lamberti', 'Museo Conte', 'Museo Radio']",Castelvecchio,strategy_nearest,False,0.0023980140686035156,success
04C6713A9C4C80,2,['Museo Lapidario'],Castelvecchio,"['Verona Tour', 'Arena', 'Museo Radio', 'San Zeno', 'Sighseeing']",Giardino Giusti,strategy_nearest,False,0.002649068832397461,success
04C6753A9C4C80,3,"['Teatro Romano', 'Torre Lamberti', 'Arena']",San Fermo,"['Museo Storia', 'Museo Radio', 'Casa Giulietta', 'Centro Fotografia', 'Sighseeing']",San Zeno,strategy_nearest,False,0.0019068717956542969,success
04C67E429C4C80,3,"['Arena', 'San Fermo', 'Torre Lamberti']",Santa Anastasia,"['AMO', 'Museo Conte', 'Palazzo della Ragione', 'Teatro Romano', 'Centro Fotografia']",Teatro Romano,strategy_nearest,True,0.002064943313598633,success
04C6844A9C4C80,0,['Arena'],Museo Lapidario,"['Verona Tour', 'Castelvecchio', 'Museo Radio', 'San Fermo', 'Casa Giulietta']",Castelvecchio,strategy_nearest,True,0.002679109573364258,success
04C6914A9C4C80,0,['Arena'],Casa Giulietta,"['Centro Fotografia', 'Sighseeing', 'Torre Lamberti', 'Museo Conte', 'Museo Radio']",Torre Lamberti,strategy_nearest,True,0.0025458335876464844,success
04C68E4A9C4C80,0,['Arena'],Castelvecchio,"['Museo Lapidario', 'Verona Tour', 'Museo Radio', 'San Zeno', 'Sighseeing']",Teatro Romano,strategy_nearest,False,0.0027239322662353516,success
04C6894A9C4C80,1,"['Arena', 'Casa Giulietta', 'Torre Lamberti']",Palazzo della Ragione,"['AMO', 'Museo Conte', 'Centro Fotografia', 'Sighseeing', 'Santa Anastasia']",Duomo,strategy_nearest,False,0.003081083297729492,success
04C6904A9C4C80,0,['Casa Giulietta'],Arena,"['Verona Tour', 'Museo Lapidario', 'Museo Radio', 'San Fermo', 'Sighseeing']",Torre Lamberti,strategy_nearest,False,0.003367185592651367,success
04C6994A9C4C80,1,"['Arena', 'Casa Giulietta']",Santa Anastasia,"['AMO', 'Museo Conte', 'Palazzo della Ragione', 'Teatro Romano', 'Centro Fotografia']",Torre Lamberti,strategy_nearest,False,0.0018057823181152344,success
04C69F429C4C80,3,['Arena'],Casa Giulietta,"['Centro Fotografia', 'Sighseeing', 'Torre Lamberti', 'Museo Conte', 'Museo Radio']",San Fermo,strategy_nearest,False,0.003523111343383789,success
04C6A83A9C4C80,3,"['Santa Anastasia', 'Torre Lamberti']",Casa Giulietta,"['Centro Fotografia', 'Sighseeing', 'Museo Conte', 'Museo Radio', 'Palazzo della Ragione']",Teatro Romano,strategy_nearest,False,0.003554105758666992,success
04C6A93A9C4C80,3,['Arena'],Teatro Romano,"['Santa Anastasia', 'Duomo', 'AMO', 'Palazzo della Ragione', 'Museo Conte']",Duomo,strategy_nearest,True,0.002119302749633789,success
04C6ADBA7B3F80,3,"['San Zeno', 'Castelvecchio']",Duomo,"['AMO', 'Museo Miniscalchi', 'Santa Anastasia', 'Teatro Romano', 'Palazzo della Ragione']",Teatro Romano,strategy_nearest,True,0.0017578601837158203,success
04C6BD3A9C4C80,0,['Torre Lamberti'],Arena,"['Verona Tour', 'Museo Lapidario', 'Museo Radio', 'San Fermo', 'Casa Giulietta']",Castelvecchio,strategy_nearest,False,0.0033121109008789062,success
04C6AE3A9C4C80,1,"['Arena', 'Casa Giulietta']",Palazzo della Ragione,"['AMO', 'Museo Conte', 'Torre Lamberti', 'Centro Fotografia', 'Sighseeing']",Torre Lamberti,strategy_nearest,True,0.0023050308227539062,success
04C6AA429C4C80,1,"['Arena', 'Casa Giulietta']",Palazzo della Ragione,"['AMO', 'Museo Conte', 'Torre Lamberti', 'Centro Fotografia', 'Sighseeing']",Torre Lamberti,strategy_nearest,True,0.0036530494689941406,success
04C6C5429C4C80,1,"['Castelvecchio', 'Arena']",Palazzo della Ragione,"['AMO', 'Museo Conte', 'Torre Lamberti', 'Centro Fotografia', 'Sighseeing']",Torre Lamberti,strategy_nearest,True,0.0018298625946044922,success
04C6E03A9C4C80,3,['Arena'],Casa Giulietta,"['Centro Fotografia', 'Sighseeing', 'Torre Lamberti', 'Museo Conte', 'Museo Radio']",Santa Anastasia,strategy_nearest,False,0.0031070709228515625,success
04C6D83A9C4C80,4,"['Museo Radio', 'Tomba Giulietta', 'San Fermo', 'Arena', 'Casa Giulietta', 'Torre Lamberti']",Palazzo della Ragione,"['AMO', 'Museo Conte', 'Centro Fotografia', 'Sighseeing', 'Santa Anastasia']",Museo Lapidario,strategy_nearest,False,0.0020711421966552734,success
04C6D33A9C4C80,0,['Arena'],Casa Giulietta,"['Centro Fotografia', 'Sighseeing', 'Torre Lamberti', 'Museo Conte', 'Museo Radio']",Teatro Romano,strategy_nearest,False,0.002885103225708008,success
04C6E73A9C4C80,0,"['Arena', 'Torre Lamberti']",Casa Giulietta,"['Centro Fotografia', 'Sighseeing', 'Museo Conte', 'Museo Radio', 'Palazzo della Ragione']",Castelvecchio,strategy_nearest,False,0.0012979507446289062,success
04C6FF429C4C80,0,['Arena'],Castelvecchio,"['Museo Lapidario', 'Verona Tour', 'Museo Radio', 'San Zeno', 'Sighseeing']",Casa Giulietta,strategy_nearest,False,0.0018849372863769531,success
04C6FB3A9C4C80,3,"['Arena', 'Casa Giulietta']",Santa Anastasia,"['AMO', 'Museo Conte', 'Palazzo della Ragione', 'Teatro Romano', 'Centro Fotografia']",Duomo,strategy_nearest,False,0.0026459693908691406,success
04C70C429C4C80,0,['Tomba Giulietta'],Arena,"['Verona Tour', 'Museo Lapidario', 'Museo Radio', 'San Fermo', 'Casa Giulietta']",Torre Lamberti,strategy_nearest,False,0.0026350021362304688,success
04C70B429C4C80,0,['Casa Giulietta'],Arena,"['Verona Tour', 'Museo Lapidario', 'Museo Radio', 'San Fermo', 'Sighseeing']",Tomba Giulietta,strategy_nearest,False,0.0035660266876220703,success
04C7123A9C4C84,3,"['Arena', 'San Fermo', 'Giardino Giusti']",Teatro Romano,"['Santa Anastasia', 'Duomo', 'AMO', 'Palazzo della Ragione', 'Museo Conte']",Duomo,strategy_nearest,True,0.002521038055419922,success
04C70E429C4C84,3,"['Duomo', 'Santa Anastasia']",Casa Giulietta,"['Centro Fotografia', 'Sighseeing', 'Torre Lamberti', 'Museo Conte', 'Museo Radio']",Castelvecchio,strategy_nearest,False,0.004069805145263672,success
04C713429C4C84,1,"['Castelvecchio', 'San Fermo', 'Palazzo della Ragione']",Santa Anastasia,"['AMO', 'Museo Conte', 'Teatro Romano', 'Centro Fotografia', 'Duomo']",Duomo,strategy_nearest,True,0.0027756690979003906,success
04C7173A9C4C84,0,"['Arena', 'Casa Giulietta']",Torre Lamberti,"['Sighseeing', 'Centro Fotografia', 'Museo Conte', 'Palazzo della Ragione', 'AMO']",Tomba Giulietta,strategy_nearest,False,0.003011941909790039,success
04C71F3A9C4C80,2,"['Casa Giulietta', 'Torre Lamberti']",Santa Anastasia,"['AMO', 'Museo Conte', 'Palazzo della Ragione', 'Teatro Romano', 'Centro Fotografia']",Teatro Romano,strategy_nearest,True,0.0030791759490966797,success
04C7214A9C4C80,3,"['Casa Giulietta', 'Torre Lamberti', 'Arena']",Teatro Romano,"['Santa Anastasia', 'Duomo', 'AMO', 'Palazzo della Ragione', 'Museo Conte']",Giardino Giusti,strategy_nearest,False,0.0020940303802490234,success
04C723BA7B3F80,3,['Arena'],Santa Anastasia,"['AMO', 'Museo Conte', 'Palazzo della Ragione', 'Teatro Romano', 'Centro Fotografia']",Castelvecchio,strategy_nearest,False,0.0027310848236083984,success
04C72C4A9C4C80,0,['Arena'],Giardino Giusti,"['Santa Anastasia', 'Teatro Romano', 'Museo Conte', 'Centro Fotografia', 'Museo Storia']",Tomba Giulietta,strategy_nearest,False,0.003895998001098633,success
04C72D4A9C4C80,1,"['Arena', 'San Fermo', 'Casa Giulietta']",Palazzo della Ragione,"['AMO', 'Museo Conte', 'Torre Lamberti', 'Centro Fotografia', 'Sighseeing']",Teatro Romano,strategy_nearest,False,0.0027132034301757812,success
04C72F429C4C80,0,"['Arena', 'Casa Giulietta']",Santa Anastasia,"['AMO', 'Museo Conte', 'Palazzo della Ragione', 'Teatro Romano', 'Centro Fotografia']",Castelvecchio,strategy_nearest,False,0.0025300979614257812,success
04C7304A9C4C80,3,"['Duomo', 'Giardino Giusti', 'Arena', 'Arena']",Casa Giulietta,"['Centro Fotografia', 'Sighseeing', 'Torre Lamberti', 'Museo Conte', 'Museo Radio']",Torre Lamberti,strategy_nearest,True,0.0033652782440185547,success
04C733429C4C80,3,"['Torre Lamberti', 'Santa Anastasia']",Duomo,"['AMO', 'Museo Miniscalchi', 'Teatro Romano', 'Palazzo della Ragione', 'Museo Conte']",Teatro Romano,strategy_nearest,True,0.0021038055419921875,success
04C73BBA7B3F80,3,"['Castelvecchio', 'Casa Giulietta']",Arena,"['Verona Tour', 'Museo Lapidario', 'Museo Radio', 'San Fermo', 'Sighseeing']",Torre Lamberti,strategy_nearest,False,0.0034482479095458984,success
04C73A4A9C4C80,3,"['San Zeno', 'Teatro Romano', 'Duomo']",Casa Giulietta,"['Centro Fotografia', 'Sighseeing', 'Torre Lamberti', 'Museo Conte', 'Museo Radio']",Torre Lamberti,strategy_nearest,True,0.0027260780334472656,success
04C7433A9C4C80,1,"['Palazzo della Ragione', 'Casa Giulietta', 'Arena']",Castelvecchio,"['Museo Lapidario', 'Verona Tour', 'Museo Radio', 'San Zeno', 'Sighseeing']",Tomba Giulietta,strategy_nearest,False,0.003061056137084961,success
04C74E3A9C4C80,0,"['Arena', 'Torre Lamberti']",Casa Giulietta,"['Centro Fotografia', 'Sighseeing', 'Museo Conte', 'Museo Radio', 'Palazzo della Ragione']",Duomo,strategy_nearest,False,0.0027561187744140625,success
04C747429C4C80,1,"['Arena', 'Casa Giulietta', 'San Fermo']",Palazzo della Ragione,"['AMO', 'Museo Conte', 'Torre Lamberti', 'Centro Fotografia', 'Sighseeing']",Torre Lamberti,strategy_nearest,True,0.004085063934326172,success
04C7543A9C4C80,3,"['Arena', 'Casa Giulietta']",Torre Lamberti,"['Sighseeing', 'Centro Fotografia', 'Museo Conte', 'Palazzo della Ragione', 'AMO']",Duomo,strategy_nearest,False,0.003155231475830078,success
04C7533A9C4C80,3,"['Tomba Giulietta', 'San Fermo', 'Teatro Romano']",Duomo,"['AMO', 'Museo Miniscalchi', 'Santa Anastasia', 'Palazzo della Ragione', 'Museo Conte']",Casa Giulietta,strategy_nearest,False,0.0019600391387939453,success
04C75E3A9C4C80,0,['Arena'],Torre Lamberti,"['Sighseeing', 'Centro Fotografia', 'Museo Conte', 'Casa Giulietta', 'Palazzo della Ragione']",Giardino Giusti,strategy_nearest,False,0.0011529922485351562,success
04C7583A9C4C80,1,['Torre Lamberti'],Palazzo della Ragione,"['AMO', 'Museo Conte', 'Centro Fotografia', 'Sighseeing', 'Santa Anastasia']",Santa Anastasia,strategy_nearest,True,0.003453969955444336,success
04C771429C4C80,1,"['Arena', 'Casa Giulietta']",Torre Lamberti,"['Sighseeing', 'Centro Fotografia', 'Museo Conte', 'Palazzo della Ragione', 'AMO']",Palazzo della Ragione,strategy_nearest,True,0.003486156463623047,success
04C773429C4C80,1,"['Arena', 'Museo Lapidario', 'Castelvecchio']",Teatro Romano,"['Santa Anastasia', 'Duomo', 'AMO', 'Palazzo della Ragione', 'Museo Conte']",Duomo,strategy_nearest,True,0.002109050750732422,success
04C778429C4C80,3,"['Castelvecchio', 'Arena', 'San Fermo']",Tomba Giulietta,"['Museo Storia', 'Museo Lapidario', 'Museo Radio', 'Verona Tour', 'Casa Giulietta']",Santa Anastasia,strategy_nearest,False,0.003906726837158203,success
04C77B4A9C4C80,0,['Arena'],Castelvecchio,"['Museo Lapidario', 'Verona Tour', 'Museo Radio', 'San Zeno', 'Sighseeing']",Teatro Romano,strategy_nearest,False,0.0018720626831054688,success
04C7844A9C4C80,0,['Casa Giulietta'],Santa Anastasia,"['AMO', 'Museo Conte', 'Palazzo della Ragione', 'Teatro Romano', 'Centro Fotografia']",Tomba Giulietta,strategy_nearest,False,0.0035240650177001953,success
04C7874A9C4C80,0,['Arena'],Teatro Romano,"['Santa Anastasia', 'Duomo', 'AMO', 'Palazzo della Ragione', 'Museo Conte']",Castelvecchio,strategy_nearest,False,0.0026493072509765625,success
04C78F4A9C4C80,1,"['Casa Giulietta', 'Palazzo della Ragione']",Torre Lamberti,"['Sighseeing', 'Centro Fotografia', 'Museo Conte', 'AMO', 'Museo Miniscalchi']",Arena,strategy_nearest,False,0.003406047821044922,success
04C78D3A9C4C80,1,"['Arena', 'Casa Giulietta']",Torre Lamberti,"['Sighseeing', 'Centro Fotografia', 'Museo Conte', 'Palazzo della Ragione', 'AMO']",Palazzo della Ragione,strategy_nearest,True,0.0026960372924804688,success
04C7904A9C4C80,3,"['Casa Giulietta', 'Arena']",Santa Anastasia,"['AMO', 'Museo Conte', 'Palazzo della Ragione', 'Teatro Romano', 'Centro Fotografia']",Teatro Romano,strategy_nearest,True,0.0028929710388183594,success
04C7944A9C4C80,1,"['Arena', 'Palazzo della Ragione']",Torre Lamberti,"['Sighseeing', 'Centro Fotografia', 'Museo Conte', 'Casa Giulietta', 'AMO']",Santa Anastasia,strategy_nearest,False,0.0031900405883789062,success
04C79F429C4C80,1,"['Arena', 'Torre Lamberti']",Palazzo della Ragione,"['AMO', 'Museo Conte', 'Centro Fotografia', 'Sighseeing', 'Santa Anastasia']",Santa Anastasia,strategy_nearest,True,0.003512144088745117,success
04C7A04A9C4C80,2,"['San Fermo', 'Santa Anastasia']",Duomo,"['AMO', 'Museo Miniscalchi', 'Teatro Romano', 'Palazzo della Ragione', 'Museo Conte']",Torre Lamberti,strategy_nearest,False,0.0021109580993652344,success
04C7A54A9C4C80,0,"['Duomo', 'Torre Lamberti']",Casa Giulietta,"['Centro Fotografia', 'Sighseeing', 'Museo Conte', 'Museo Radio', 'Palazzo della Ragione']",Arena,strategy_nearest,False,0.0033769607543945312,success
04C7A83A9C4C80,0,['Arena'],Casa Giulietta,"['Centro Fotografia', 'Sighseeing', 'Torre Lamberti', 'Museo Conte', 'Museo Radio']",Giardino Giusti,strategy_nearest,False,0.0033102035522460938,success
04C7AA3A9C4C80,0,['Arena'],Torre Lamberti,"['Sighseeing', 'Centro Fotografia', 'Museo Conte', 'Casa Giulietta', 'Palazzo della Ragione']",Casa Giulietta,strategy_nearest,True,0.0019268989562988281,success
04C7AF3A9C4C80,3,"['Arena', 'Casa Giulietta']",Torre Lamberti,"['Sighseeing', 'Centro Fotografia', 'Museo Conte', 'Palazzo della Ragione', 'AMO']",Santa Anastasia,strategy_nearest,False,0.002637147903442383,success
04C7B53A9C4C80,2,['Casa Giulietta'],Torre Lamberti,"['Sighseeing', 'Centro Fotografia', 'Museo Conte', 'Palazzo della Ragione', 'AMO']",Castelvecchio,strategy_nearest,False,0.003217935562133789,success
04C7A9429C4C80,0,['Arena'],Tomba Giulietta,"['San Fermo', 'Museo Storia', 'Museo Lapidario', 'Museo Radio', 'Verona Tour']",Casa Giulietta,strategy_nearest,False,0.002722024917602539,success
04C7CF3A9C4C80,3,"['Santa Anastasia', 'Duomo']",Torre Lamberti,"['Sighseeing', 'Centro Fotografia', 'Museo Conte', 'Casa Giulietta', 'Palazzo della Ragione']",Casa Giulietta,strategy_nearest,True,0.0014772415161132812,success
04C7EA3A9C4C80,0,['Casa Giulietta'],Arena,"['Verona Tour', 'Museo Lapidario', 'Museo Radio', 'San Fermo', 'Sighseeing']",Castelvecchio,strategy_nearest,False,0.0031850337982177734,success
04C7CD429C4C80,0,"['Arena', 'Casa Giulietta']",Torre Lamberti,"['Sighseeing', 'Centro Fotografia', 'Museo Conte', 'Palazzo della Ragione', 'AMO']",Castelvecchio,strategy_nearest,False,0.002785921096801758,success
04C7CB3A9C4C80,3,"['Arena', 'Casa Giulietta']",Torre Lamberti,"['Sighseeing', 'Centro Fotografia', 'Museo Conte', 'Palazzo della Ragione', 'AMO']",Santa Anastasia,strategy_nearest,False,0.0034160614013671875,success
04C803429C4C84,1,"['San Zeno', 'Castelvecchio', 'Arena', 'Giardino Giusti']",Teatro Romano,"['Santa Anastasia', 'Duomo', 'AMO', 'Palazzo della Ragione', 'Museo Conte']",Palazzo della Ragione,strategy_nearest,True,0.0011777877807617188,success
04C7EB3A9C4C80,3,"['San Zeno', 'Duomo', 'Santa Anastasia']",Torre Lamberti,"['Sighseeing', 'Centro Fotografia', 'Museo Conte', 'Casa Giulietta', 'Palazzo della Ragione']",Casa Giulietta,strategy_nearest,True,0.002061128616333008,success
04C815429C4C84,3,"['Arena', 'Casa Giulietta']",Torre Lamberti,"['Sighseeing', 'Centro Fotografia', 'Museo Conte', 'Palazzo della Ragione', 'AMO']",Santa Anastasia,strategy_nearest,False,0.002490997314453125,success
04C816429C4C80,3,"['Torre Lamberti', 'Casa Giulietta']",Santa Anastasia,"['AMO', 'Museo Conte', 'Palazzo della Ragione', 'Teatro Romano', 'Centro Fotografia']",Duomo,strategy_nearest,False,0.002994060516357422,success
04C81A429C4C84,1,"['Palazzo della Ragione', 'Arena']",San Fermo,"['Museo Storia', 'Museo Radio', 'Casa Giulietta', 'Centro Fotografia', 'Sighseeing']",San Zeno,strategy_nearest,False,0.0023300647735595703,success
04C8193A9C4C84,0,['San Zeno'],Arena,"['Verona Tour', 'Museo Lapidario', 'Museo Radio', 'San Fermo', 'Casa Giulietta']",Duomo,strategy_nearest,False,0.0017747879028320312,success
04C8213A9C4C84,0,"['Arena', 'Casa Giulietta']",Torre Lamberti,"['Sighseeing', 'Centro Fotografia', 'Museo Conte', 'Palazzo della Ragione', 'AMO']",Teatro Romano,strategy_nearest,False,0.002763986587524414,success
04C82A3A9C4C80,1,"['Castelvecchio', 'Arena']",San Fermo,"['Museo Storia', 'Museo Radio', 'Casa Giulietta', 'Centro Fotografia', 'Sighseeing']",Casa Giulietta,strategy_nearest,True,0.002682924270629883,success
04C83D3A9C4C80,0,"['Duomo', 'Torre Lamberti']",Casa Giulietta,"['Centro Fotografia', 'Sighseeing', 'Museo Conte', 'Museo Radio', 'Palazzo della Ragione']",Arena,strategy_nearest,False,0.003100156784057617,success
04C8233A9C4C80,0,['Castelvecchio'],Arena,"['Verona Tour', 'Museo Lapidario', 'Museo Radio', 'San Fermo', 'Casa Giulietta']",Casa Giulietta,strategy_nearest,True,0.0021119117736816406,success
04C83F3A9C4C80,1,"['Casa Giulietta', 'Santa Anastasia', 'Palazzo della Ragione']",San Zeno,"['Castelvecchio', 'Verona Tour', 'Museo Lapidario', 'Arena', 'Museo Miniscalchi']",Arena,strategy_nearest,True,0.00335693359375,success
04C851429C4C80,3,['Santa Anastasia'],Teatro Romano,"['Duomo', 'AMO', 'Palazzo della Ragione', 'Museo Conte', 'Centro Fotografia']",Torre Lamberti,strategy_nearest,False,0.002557039260864258,success
04C840429C4C80,3,"['Arena', 'Castelvecchio', 'Casa Giulietta']",Torre Lamberti,"['Sighseeing', 'Centro Fotografia', 'Museo Conte', 'Palazzo della Ragione', 'AMO']",Santa Anastasia,strategy_nearest,False,0.003325223922729492,success
04C843429C4C80,1,"['Castelvecchio', 'Torre Lamberti', 'Palazzo della Ragione']",Casa Giulietta,"['Centro Fotografia', 'Sighseeing', 'Museo Conte', 'Museo Radio', 'San Fermo']",Arena,strategy_nearest,False,0.0014679431915283203,success
04C852429C4C80,3,"['Arena', 'Casa Giulietta']",Torre Lamberti,"['Sighseeing', 'Centro Fotografia', 'Museo Conte', 'Palazzo della Ragione', 'AMO']",Duomo,strategy_nearest,False,0.003378152847290039,success
04C8773A9C4C80,3,"['Arena', 'Casa Giulietta']",Santa Anastasia,"['AMO', 'Museo Conte', 'Palazzo della Ragione', 'Teatro Romano', 'Centro Fotografia']",Duomo,strategy_nearest,False,0.0032951831817626953,success
04C8643A9C4C80,1,"['Torre Lamberti', 'Palazzo della Ragione', 'Casa Giulietta', 'Santa Anastasia']",Arena,"['Verona Tour', 'Museo Lapidario', 'Museo Radio', 'San Fermo', 'Sighseeing']",San Fermo,strategy_nearest,True,0.0013370513916015625,success
04C8733A9C4C80,0,['Arena'],Casa Giulietta,"['Centro Fotografia', 'Sighseeing', 'Torre Lamberti', 'Museo Conte', 'Museo Radio']",Santa Anastasia,strategy_nearest,False,0.0027799606323242188,success
04C8854A9C4C80,1,"['Arena', 'Casa Giulietta']",Torre Lamberti,"['Sighseeing', 'Centro Fotografia', 'Museo Conte', 'Palazzo della Ragione', 'AMO']",Palazzo della Ragione,strategy_nearest,True,0.0024209022521972656,success
04C8883A9C4C80,1,"['Arena', 'Castelvecchio']",San Zeno,"['Verona Tour', 'Museo Lapidario', 'Museo Miniscalchi', 'Sighseeing', 'Museo Radio']",Palazzo della Ragione,strategy_nearest,False,0.0019731521606445312,success
04C8884A9C4C80,1,"['Arena', 'Casa Giulietta', 'Torre Lamberti']",Palazzo della Ragione,"['AMO', 'Museo Conte', 'Centro Fotografia', 'Sighseeing', 'Santa Anastasia']",Santa Anastasia,strategy_nearest,True,0.0027840137481689453,success
04C88C4A9C4C80,3,['Arena'],Santa Anastasia,"['AMO', 'Museo Conte', 'Palazzo della Ragione', 'Teatro Romano', 'Centro Fotografia']",Duomo,strategy_nearest,False,0.0031197071075439453,success
04C88E3A9C4C80,3,"['San Fermo', 'Torre Lamberti']",Santa Anastasia,"['AMO', 'Museo Conte', 'Palazzo della Ragione', 'Teatro Romano', 'Centro Fotografia']",Duomo,strategy_nearest,False,0.0024878978729248047,success
04C89E429C4C80,0,['Arena'],Casa Giulietta,"['Centro Fotografia', 'Sighseeing', 'Torre Lamberti', 'Museo Conte', 'Museo Radio']",Torre Lamberti,strategy_nearest,True,0.0031938552856445312,success
04C89F429C4C80,0,['Museo Lapidario'],Arena,"['Verona Tour', 'Museo Radio', 'San Fermo', 'Casa Giulietta', 'Sighseeing']",Casa Giulietta,strategy_nearest,True,0.004005908966064453,success
04C8A0429C4C80,3,['Arena'],San Fermo,"['Museo Storia', 'Museo Radio', 'Casa Giulietta', 'Centro Fotografia', 'Sighseeing']",Santa Anastasia,strategy_nearest,False,0.002403736114501953,success
04C8A63A9C4C80,0,"['Arena', 'Casa Giulietta']",Duomo,"['AMO', 'Museo Miniscalchi', 'Santa Anastasia', 'Teatro Romano', 'Palazzo della Ragione']",Teatro Romano,strategy_nearest,True,0.002407073974609375,success
04C8AB4A9C4C80,3,"['Duomo', 'Casa Giulietta', 'San Zeno']",Castelvecchio,"['Museo Lapidario', 'Verona Tour', 'Arena', 'Museo Radio', 'Sighseeing']",Arena,strategy_nearest,True,0.003244161605834961,success
04C8B5429C4C80,0,['Arena'],Casa Giulietta,"['Centro Fotografia', 'Sighseeing', 'Torre Lamberti', 'Museo Conte', 'Museo Radio']",San Fermo,strategy_nearest,False,0.002482891082763672,success
04C8B13A9C4C80,0,['Castelvecchio'],Arena,"['Verona Tour', 'Museo Lapidario', 'Museo Radio', 'San Fermo', 'Casa Giulietta']",Casa Giulietta,strategy_nearest,True,0.0027780532836914062,success
04C8B3429C4C80,0,['Arena'],Casa Giulietta,"['Centro Fotografia', 'Sighseeing', 'Torre Lamberti', 'Museo Conte', 'Museo Radio']",Tomba Giulietta,strategy_nearest,False,0.003972053527832031,success
04C8BC429C4C80,1,"['Casa Giulietta', 'Arena']",Museo Lapidario,"['Verona Tour', 'Castelvecchio', 'Museo Radio', 'San Fermo', 'Tomba Giulietta']",Castelvecchio,strategy_nearest,True,0.0025069713592529297,success
04C8BB3A9C4C80,1,"['Arena', 'Casa Giulietta', 'Torre Lamberti']",Palazzo della Ragione,"['AMO', 'Museo Conte', 'Centro Fotografia', 'Sighseeing', 'Santa Anastasia']",Santa Anastasia,strategy_nearest,True,0.002343893051147461,success
04C8C13A9C4C80,3,"['Teatro Romano', 'Duomo']",Santa Anastasia,"['AMO', 'Museo Conte', 'Palazzo della Ragione', 'Centro Fotografia', 'Torre Lamberti']",Torre Lamberti,strategy_nearest,True,0.0018699169158935547,success
04C8E63A9C4C80,0,['Teatro Romano'],Arena,"['Verona Tour', 'Museo Lapidario', 'Museo Radio', 'San Fermo', 'Casa Giulietta']",Castelvecchio,strategy_nearest,False,0.0026612281799316406,success
04C8DB3A9C4C80,3,"['Arena', 'Santa Anastasia']",Torre Lamberti,"['Sighseeing', 'Centro Fotografia', 'Museo Conte', 'Casa Giulietta', 'Palazzo della Ragione']",Casa Giulietta,strategy_nearest,True,0.001477956771850586,success
04C8D4BA7B3F80,1,"['Duomo', 'Torre Lamberti', 'Palazzo della Ragione', 'Arena']",Castelvecchio,"['Museo Lapidario', 'Verona Tour', 'Museo Radio', 'San Zeno', 'Sighseeing']",Santa Anastasia,strategy_nearest,False,0.0033111572265625,success
04C9033A9C4C84,4,"['Museo Radio', 'Tomba Giulietta', 'Museo Lapidario']",Teatro Romano,"['Santa Anastasia', 'Duomo', 'AMO', 'Palazzo della Ragione', 'Museo Conte']",Santa Anastasia,strategy_nearest,True,0.0019252300262451172,success
04C8FF429C4C80,0,['Arena'],Castelvecchio,"['Museo Lapidario', 'Verona Tour', 'Museo Radio', 'San Zeno', 'Sighseeing']",Casa Giulietta,strategy_nearest,False,0.0031020641326904297,success
04C90F3A9C4C80,0,['Torre Lamberti'],Casa Giulietta,"['Centro Fotografia', 'Sighseeing', 'Museo Conte', 'Museo Radio', 'Palazzo della Ragione']",Arena,strategy_nearest,False,0.0024869441986083984,success
04C910429C4C84,3,"['Arena', 'San Zeno', 'Duomo']",Santa Anastasia,"['AMO', 'Museo Conte', 'Palazzo della Ragione', 'Teatro Romano', 'Centro Fotografia']",Torre Lamberti,strategy_nearest,False,0.0031728744506835938,success
04C9143A9C4C80,0,['Arena'],San Fermo,"['Museo Storia', 'Museo Radio', 'Casa Giulietta', 'Centro Fotografia', 'Sighseeing']",Tomba Giulietta,strategy_nearest,False,0.0019230842590332031,success
04C9193A9C4C84,0,['Arena'],Casa Giulietta,"['Centro Fotografia', 'Sighseeing', 'Torre Lamberti', 'Museo Conte', 'Museo Radio']",Duomo,strategy_nearest,False,0.003047943115234375,success
04C917429C4C84,3,"['Castelvecchio', 'Arena']",Museo Lapidario,"['Verona Tour', 'Museo Radio', 'San Fermo', 'Casa Giulietta', 'Tomba Giulietta']",Torre Lamberti,strategy_nearest,False,0.0032029151916503906,success
04C91A3A9C4C80,1,"['Casa Giulietta', 'Arena', 'Museo Lapidario', 'Castelvecchio']",San Fermo,"['Museo Storia', 'Museo Radio', 'Centro Fotografia', 'Sighseeing', 'Torre Lamberti']",Palazzo della Ragione,strategy_nearest,False,0.0032377243041992188,success
04C917429C4C80,3,"['Tomba Giulietta', 'Casa Giulietta', 'Santa Anastasia']",Duomo,"['AMO', 'Museo Miniscalchi', 'Teatro Romano', 'Palazzo della Ragione', 'Museo Conte']",Teatro Romano,strategy_nearest,True,0.0047168731689453125,success
04C920429C4C80,1,['Torre Lamberti'],Palazzo della Ragione,"['AMO', 'Museo Conte', 'Centro Fotografia', 'Sighseeing', 'Santa Anastasia']",Santa Anastasia,strategy_nearest,True,0.001960277557373047,success
04C9263A9C4C80,1,"['Castelvecchio', 'Palazzo della Ragione', 'Teatro Romano']",Santa Anastasia,"['AMO', 'Museo Conte', 'Centro Fotografia', 'Duomo', 'Torre Lamberti']",San Fermo,strategy_nearest,False,0.0020520687103271484,success
04C9204A9C4C80,3,"['Casa Giulietta', 'Arena', 'San Zeno']",Santa Anastasia,"['AMO', 'Museo Conte', 'Palazzo della Ragione', 'Teatro Romano', 'Centro Fotografia']",Duomo,strategy_nearest,False,0.0034499168395996094,success
04C925429C4C80,3,"['Castelvecchio', 'San Zeno', 'Arena', 'Santa Anastasia']",Torre Lamberti,"['Sighseeing', 'Centro Fotografia', 'Museo Conte', 'Casa Giulietta', 'Palazzo della Ragione']",Casa Giulietta,strategy_nearest,True,0.0035216808319091797,success
04C92A4A9C4C80,0,['San Zeno'],Casa Giulietta,"['Centro Fotografia', 'Sighseeing', 'Torre Lamberti', 'Museo Conte', 'Museo Radio']",Torre Lamberti,strategy_nearest,True,0.002023935317993164,success
04C92A429C4C84,2,['Casa Giulietta'],Torre Lamberti,"['Sighseeing', 'Centro Fotografia', 'Museo Conte', 'Palazzo della Ragione', 'AMO']",Palazzo della Ragione,strategy_nearest,True,0.0032749176025390625,success
04C92F3A9C4C80,6,"['Castelvecchio', 'Arena']",Verona Tour,"['Museo Lapidario', 'Museo Radio', 'Casa Giulietta', 'Sighseeing', 'Torre Lamberti']",Torre Lamberti,strategy_nearest,True,0.0026869773864746094,success
04C93D429C4C80,3,"['Arena', 'Tomba Giulietta', 'Casa Giulietta']",Castelvecchio,"['Museo Lapidario', 'Verona Tour', 'Museo Radio', 'San Zeno', 'Sighseeing']",San Zeno,strategy_nearest,True,0.0026798248291015625,success
04C936429C4C80,2,['Casa Giulietta'],Santa Anastasia,"['AMO', 'Museo Conte', 'Palazzo della Ragione', 'Teatro Romano', 'Centro Fotografia']",Duomo,strategy_nearest,False,0.004818916320800781,success
04C939429C4C80,1,"['Arena', 'Casa Giulietta']",Torre Lamberti,"['Sighseeing', 'Centro Fotografia', 'Museo Conte', 'Palazzo della Ragione', 'AMO']",Palazzo della Ragione,strategy_nearest,True,0.004210948944091797,success
04C9413A9C4C80,1,"['Arena', 'Casa Giulietta', 'Santa Anastasia']",Torre Lamberti,"['Sighseeing', 'Centro Fotografia', 'Museo Conte', 'Palazzo della Ragione', 'AMO']",Palazzo della Ragione,strategy_nearest,True,0.0023169517517089844,success
04C945429C4C80,0,['Arena'],Castelvecchio,"['Museo Lapidario', 'Verona Tour', 'Museo Radio', 'San Zeno', 'Sighseeing']",Santa Anastasia,strategy_nearest,False,0.003358125686645508,success
04C944429C4C80,1,"['Casa Giulietta', 'Torre Lamberti', 'Palazzo della Ragione', 'Santa Anastasia']",Duomo,"['AMO', 'Museo Miniscalchi', 'Teatro Romano', 'Museo Conte', 'Centro Fotografia']",Teatro Romano,strategy_nearest,True,0.0028831958770751953,success
04C942429C4C80,1,"['Arena', 'Castelvecchio']",Santa Anastasia,"['AMO', 'Museo Conte', 'Palazzo della Ragione', 'Teatro Romano', 'Centro Fotografia']",Duomo,strategy_nearest,False,0.0015180110931396484,success
04C946429C4C80,1,"['Arena', 'Casa Giulietta']",Torre Lamberti,"['Sighseeing', 'Centro Fotografia', 'Museo Conte', 'Palazzo della Ragione', 'AMO']",Palazzo della Ragione,strategy_nearest,True,0.003281116485595703,success
04C9483A9C4C80,1,"['Casa Giulietta', 'Castelvecchio']",Torre Lamberti,"['Sighseeing', 'Centro Fotografia', 'Museo Conte', 'Palazzo della Ragione', 'AMO']",Palazzo della Ragione,strategy_nearest,True,0.0019309520721435547,success
04C946BA7B3F80,3,"['Castelvecchio', 'Santa Anastasia', 'Torre Lamberti']",Casa Giulietta,"['Centro Fotografia', 'Sighseeing', 'Museo Conte', 'Museo Radio', 'Palazzo della Ragione']",Arena,strategy_nearest,False,0.0013849735260009766,success
04C94BBA7B3F80,3,"['Castelvecchio', 'Santa Anastasia', 'Torre Lamberti']",Casa Giulietta,"['Centro Fotografia', 'Sighseeing', 'Museo Conte', 'Museo Radio', 'Palazzo della Ragione']",Arena,strategy_nearest,False,0.003371000289916992,success
04C955429C4C80,1,"['Arena', 'Castelvecchio', 'Casa Giulietta']",Palazzo della Ragione,"['AMO', 'Museo Conte', 'Torre Lamberti', 'Centro Fotografia', 'Sighseeing']",Torre Lamberti,strategy_nearest,True,0.002641916275024414,success
04C9603A9C4C80,3,"['Arena', 'Santa Anastasia']",Duomo,"['AMO', 'Museo Miniscalchi', 'Teatro Romano', 'Palazzo della Ragione', 'Museo Conte']",Castelvecchio,strategy_nearest,False,0.001965045928955078,success
04C978429C4C80,1,"['San Fermo', 'Giardino Giusti']",Arena,"['Verona Tour', 'Museo Lapidario', 'Museo Radio', 'Casa Giulietta', 'Sighseeing']",Duomo,strategy_nearest,False,0.0025908946990966797,success
04C97A3A9C4C80,3,"['San Zeno', 'Santa Anastasia']",Arena,"['Verona Tour', 'Museo Lapidario', 'Museo Radio', 'San Fermo', 'Casa Giulietta']",Torre Lamberti,strategy_nearest,False,0.003390073776245117,success
04C97B429C4C80,0,['Arena'],Casa Giulietta,"['Centro Fotografia', 'Sighseeing', 'Torre Lamberti', 'Museo Conte', 'Museo Radio']",Torre Lamberti,strategy_nearest,True,0.0025920867919921875,success
04C97B4A9C4C80,3,"['Arena', 'Casa Giulietta']",Torre Lamberti,"['Sighseeing', 'Centro Fotografia', 'Museo Conte', 'Palazzo della Ragione', 'AMO']",Santa Anastasia,strategy_nearest,False,0.0033380985260009766,success
04C97F429C4C80,2,['Torre Lamberti'],Casa Giulietta,"['Centro Fotografia', 'Sighseeing', 'Museo Conte', 'Museo Radio', 'Palazzo della Ragione']",Duomo,strategy_nearest,False,0.003370046615600586,success
04C981429C4C80,1,"['Casa Giulietta', 'Palazzo della Ragione', 'Torre Lamberti', 'Santa Anastasia']",Duomo,"['AMO', 'Museo Miniscalchi', 'Teatro Romano', 'Museo Conte', 'Centro Fotografia']",Teatro Romano,strategy_nearest,True,0.002553701400756836,success
04C9823A9C4C80,0,['Casa Giulietta'],Arena,"['Verona Tour', 'Museo Lapidario', 'Museo Radio', 'San Fermo', 'Sighseeing']",Castelvecchio,strategy_nearest,False,0.0026597976684570312,success
04C97F4A9C4C80,3,"['Santa Anastasia', 'Duomo']",Casa Giulietta,"['Centro Fotografia', 'Sighseeing', 'Torre Lamberti', 'Museo Conte', 'Museo Radio']",Arena,strategy_nearest,False,0.0034132003784179688,success
04C986429C4C80,1,"['Castelvecchio', 'Tomba Giulietta', 'Arena']",Museo Lapidario,"['Verona Tour', 'Museo Radio', 'San Fermo', 'Casa Giulietta', 'Sighseeing']",San Zeno,strategy_nearest,False,0.0033440589904785156,success
04C987429C4C80,0,"['Castelvecchio', 'Arena']",Torre Lamberti,"['Sighseeing', 'Centro Fotografia', 'Museo Conte', 'Casa Giulietta', 'Palazzo della Ragione']",Teatro Romano,strategy_nearest,False,0.0026617050170898438,success
04C98D3A9C4C80,0,['Arena'],San Zeno,"['Castelvecchio', 'Verona Tour', 'Museo Lapidario', 'Museo Miniscalchi', 'Sighseeing']",Casa Giulietta,strategy_nearest,False,0.0024437904357910156,success
04C996429C4C80,6,"['Arena', 'Castelvecchio']",Torre Lamberti,"['Sighseeing', 'Centro Fotografia', 'Museo Conte', 'Casa Giulietta', 'Palazzo della Ragione']",Duomo,strategy_nearest,False,0.0028312206268310547,success
04C99D429C4C80,3,"['Santa Anastasia', 'Duomo']",Torre Lamberti,"['Sighseeing', 'Centro Fotografia', 'Museo Conte', 'Casa Giulietta', 'Palazzo della Ragione']",Tomba Giulietta,strategy_nearest,False,0.003467559814453125,success
04C9AA4A9C4C80,3,"['Museo Lapidario', 'Arena']",Torre Lamberti,"['Sighseeing', 'Centro Fotografia', 'Museo Conte', 'Casa Giulietta', 'Palazzo della Ragione']",Santa Anastasia,strategy_nearest,False,0.0031309127807617188,success
04C9A44A9C4C80,5,"['Santa Anastasia', 'Duomo']",Museo Miniscalchi,"['Palazzo della Ragione', 'AMO', 'Sighseeing', 'Torre Lamberti', 'Museo Conte']",San Fermo,strategy_nearest,False,0.0028028488159179688,success
04C9AB429C4C80,3,"['Arena', 'Torre Lamberti', 'Santa Anastasia']",Teatro Romano,"['Duomo', 'AMO', 'Palazzo della Ragione', 'Museo Conte', 'Centro Fotografia']",Tomba Giulietta,strategy_nearest,False,0.0027670860290527344,success
04C9D33A9C4C80,1,"['Torre Lamberti', 'Palazzo della Ragione']",Santa Anastasia,"['AMO', 'Museo Conte', 'Teatro Romano', 'Centro Fotografia', 'Duomo']",Duomo,strategy_nearest,True,0.002051115036010742,success
04C9D8429C4C80,3,"['Torre Lamberti', 'Santa Anastasia', 'Duomo']",Castelvecchio,"['Museo Lapidario', 'Verona Tour', 'Arena', 'Museo Radio', 'San Zeno']",Tomba Giulietta,strategy_nearest,False,0.003141164779663086,success
04C9B9429C4C80,0,['Casa Giulietta'],Arena,"['Verona Tour', 'Museo Lapidario', 'Museo Radio', 'San Fermo', 'Sighseeing']",Torre Lamberti,strategy_nearest,False,0.0032770633697509766,success
04C9CD3A9C4C80,3,"['Arena', 'San Fermo']",Torre Lamberti,"['Sighseeing', 'Centro Fotografia', 'Museo Conte', 'Casa Giulietta', 'Palazzo della Ragione']",Santa Anastasia,strategy_nearest,False,0.0033249855041503906,success
04C9E13A9C4C80,0,['Arena'],Torre Lamberti,"['Sighseeing', 'Centro Fotografia', 'Museo Conte', 'Casa Giulietta', 'Palazzo della Ragione']",Casa Giulietta,strategy_nearest,True,0.0021359920501708984,success
04C9E43A9C4C80,3,"['Arena', 'Castelvecchio']",Torre Lamberti,"['Sighseeing', 'Centro Fotografia', 'Museo Conte', 'Casa Giulietta', 'Palazzo della Ragione']",Santa Anastasia,strategy_nearest,False,0.0014929771423339844,success
04C9DC3A9C4C80,3,"['Arena', 'Casa Giulietta', 'Tomba Giulietta']",Castelvecchio,"['Museo Lapidario', 'Verona Tour', 'Museo Radio', 'San Zeno', 'Sighseeing']",Teatro Romano,strategy_nearest,False,0.0045680999755859375,success
04C9E53A9C4C80,3,"['Casa Giulietta', 'Arena']",Santa Anastasia,"['AMO', 'Museo Conte', 'Palazzo della Ragione', 'Teatro Romano', 'Centro Fotografia']",Giardino Giusti,strategy_nearest,False,0.002624988555908203,success
04C9EC3A9C4C80,0,['Arena'],Castelvecchio,"['Museo Lapidario', 'Verona Tour', 'Museo Radio', 'San Zeno', 'Sighseeing']",Casa Giulietta,strategy_nearest,False,0.0017910003662109375,success
04C9FE3A9C4C80,0,['Arena'],Casa Giulietta,"['Centro Fotografia', 'Sighseeing', 'Torre Lamberti', 'Museo Conte', 'Museo Radio']",Castelvecchio,strategy_nearest,False,0.0019559860229492188,success
04CA14429C4C80,3,"['Santa Anastasia', 'Duomo']",Arena,"['Verona Tour', 'Museo Lapidario', 'Museo Radio', 'San Fermo', 'Casa Giulietta']",Torre Lamberti,strategy_nearest,False,0.0031578540802001953,success
04CA133A9C4C84,6,['Casa Giulietta'],Santa Anastasia,"['AMO', 'Museo Conte', 'Palazzo della Ragione', 'Teatro Romano', 'Centro Fotografia']",Duomo,strategy_nearest,False,0.002531290054321289,success
04CA163A9C4C84,1,"['Castelvecchio', 'Casa Giulietta', 'Torre Lamberti']",Palazzo della Ragione,"['AMO', 'Museo Conte', 'Centro Fotografia', 'Sighseeing', 'Santa Anastasia']",Duomo,strategy_nearest,False,0.003214120864868164,success
04CA173A9C4C80,3,"['Arena', 'Tomba Giulietta', 'Casa Giulietta']",Torre Lamberti,"['Sighseeing', 'Centro Fotografia', 'Museo Conte', 'Palazzo della Ragione', 'AMO']",Santa Anastasia,strategy_nearest,False,0.002490997314453125,success
04CA19429C4C80,3,"['Casa Giulietta', 'Torre Lamberti']",Teatro Romano,"['Santa Anastasia', 'Duomo', 'AMO', 'Palazzo della Ragione', 'Museo Conte']",Arena,strategy_nearest,False,0.004052400588989258,success
04CA1A429C4C80,3,['Torre Lamberti'],Arena,"['Verona Tour', 'Museo Lapidario', 'Museo Radio', 'San Fermo', 'Casa Giulietta']",San Zeno,strategy_nearest,False,0.002429962158203125,success
04CA1A3A9C4C80,0,['Arena'],Torre Lamberti,"['Sighseeing', 'Centro Fotografia', 'Museo Conte', 'Casa Giulietta', 'Palazzo della Ragione']",Casa Giulietta,strategy_nearest,True,0.002643108367919922,success
04CA1B3A9C4C80,1,"['Torre Lamberti', 'Palazzo della Ragione', 'Teatro Romano']",Duomo,"['AMO', 'Museo Miniscalchi', 'Santa Anastasia', 'Museo Conte', 'Centro Fotografia']",Castelvecchio,strategy_nearest,False,0.0032079219818115234,success
04CA263A9C4C80,3,"['Torre Lamberti', 'Casa Giulietta', 'Castelvecchio']",Arena,"['Verona Tour', 'Museo Lapidario', 'Museo Radio', 'San Fermo', 'Sighseeing']",Tomba Giulietta,strategy_nearest,False,0.002020120620727539,success
04CA27429C4C84,1,"['Arena', 'Santa Anastasia']",Palazzo della Ragione,"['AMO', 'Museo Conte', 'Torre Lamberti', 'Centro Fotografia', 'Sighseeing']",Torre Lamberti,strategy_nearest,True,0.002721071243286133,success
04CA2C429C4C80,0,"['Arena', 'Museo Lapidario']",Castelvecchio,"['Verona Tour', 'Museo Radio', 'San Zeno', 'Sighseeing', 'Museo Miniscalchi']",Torre Lamberti,strategy_nearest,False,0.0039958953857421875,success
04CA29429C4C84,1,"['Arena', 'San Fermo']",Casa Giulietta,"['Centro Fotografia', 'Sighseeing', 'Torre Lamberti', 'Museo Conte', 'Museo Radio']",Torre Lamberti,strategy_nearest,True,0.0031709671020507812,success
04CA2D3A9C4C80,1,"['Arena', 'Casa Giulietta']",Palazzo della Ragione,"['AMO', 'Museo Conte', 'Torre Lamberti', 'Centro Fotografia', 'Sighseeing']",Torre Lamberti,strategy_nearest,True,0.0019600391387939453,success
04CA44429C4C80,0,['Arena'],Torre Lamberti,"['Sighseeing', 'Centro Fotografia', 'Museo Conte', 'Casa Giulietta', 'Palazzo della Ragione']",Casa Giulietta,strategy_nearest,True,0.0019729137420654297,success
04CA46429C4C80,3,"['Arena', 'Torre Lamberti', 'San Fermo', 'Santa Anastasia']",Casa Giulietta,"['Centro Fotografia', 'Sighseeing', 'Museo Conte', 'Museo Radio', 'Palazzo della Ragione']",Tomba Giulietta,strategy_nearest,False,0.0031011104583740234,success
04CA37429C4C80,1,"['Arena', 'Torre Lamberti', 'Palazzo della Ragione']",Santa Anastasia,"['AMO', 'Museo Conte', 'Teatro Romano', 'Centro Fotografia', 'Duomo']",Duomo,strategy_nearest,True,0.002766847610473633,success
04CA3C3A9C4C80,1,"['San Fermo', 'Casa Giulietta', 'Torre Lamberti']",Palazzo della Ragione,"['AMO', 'Museo Conte', 'Centro Fotografia', 'Sighseeing', 'Santa Anastasia']",Santa Anastasia,strategy_nearest,True,0.002666950225830078,success
04CA51429C4C80,1,"['Duomo', 'Arena']",Torre Lamberti,"['Sighseeing', 'Centro Fotografia', 'Museo Conte', 'Casa Giulietta', 'Palazzo della Ragione']",Palazzo della Ragione,strategy_nearest,True,0.0019068717956542969,success
04CA483A9C4C80,1,"['Arena', 'Tomba Giulietta', 'Torre Lamberti']",Palazzo della Ragione,"['AMO', 'Museo Conte', 'Centro Fotografia', 'Sighseeing', 'Santa Anastasia']",Casa Giulietta,strategy_nearest,False,0.002485036849975586,success
04CA5A429C4C80,4,"['Arena', 'Castelvecchio', 'Palazzo della Ragione']",Santa Anastasia,"['AMO', 'Museo Conte', 'Teatro Romano', 'Centro Fotografia', 'Duomo']",Tomba Giulietta,strategy_nearest,False,0.0033028125762939453,success
04CA4E3A9C4C80,0,['Castelvecchio'],Arena,"['Verona Tour', 'Museo Lapidario', 'Museo Radio', 'San Fermo', 'Casa Giulietta']",Casa Giulietta,strategy_nearest,True,0.0028791427612304688,success
04CA663A9C4C80,3,['Arena'],Tomba Giulietta,"['San Fermo', 'Museo Storia', 'Museo Lapidario', 'Museo Radio', 'Verona Tour']",Giardino Giusti,strategy_nearest,False,0.002637147903442383,success
04CA6F429C4C80,3,"['Arena', 'Casa Giulietta']",Torre Lamberti,"['Sighseeing', 'Centro Fotografia', 'Museo Conte', 'Palazzo della Ragione', 'AMO']",Teatro Romano,strategy_nearest,False,0.003159761428833008,success
04CA713A9C4C80,3,"['Arena', 'Casa Giulietta']",Torre Lamberti,"['Sighseeing', 'Centro Fotografia', 'Museo Conte', 'Palazzo della Ragione', 'AMO']",Santa Anastasia,strategy_nearest,False,0.0026280879974365234,success
04CA773A9C4C80,0,['Arena'],Casa Giulietta,"['Centro Fotografia', 'Sighseeing', 'Torre Lamberti', 'Museo Conte', 'Museo Radio']",Torre Lamberti,strategy_nearest,True,0.0025539398193359375,success
04CA7A3A9C4C80,3,"['Arena', 'Castelvecchio']",Torre Lamberti,"['Sighseeing', 'Centro Fotografia', 'Museo Conte', 'Casa Giulietta', 'Palazzo della Ragione']",Santa Anastasia,strategy_nearest,False,0.002978801727294922,success
04CA823A9C4C80,1,"['San Fermo', 'Santa Anastasia', 'Torre Lamberti']",Palazzo della Ragione,"['AMO', 'Museo Conte', 'Centro Fotografia', 'Sighseeing', 'Museo Miniscalchi']",Duomo,strategy_nearest,False,0.0024640560150146484,success
04CA7F4A9C4C80,0,"['Tomba Giulietta', 'San Fermo']",Casa Giulietta,"['Centro Fotografia', 'Sighseeing', 'Torre Lamberti', 'Museo Conte', 'Museo Radio']",Duomo,strategy_nearest,False,0.003513813018798828,success
04CA833A9C4C80,3,"['Arena', 'Castelvecchio']",Torre Lamberti,"['Sighseeing', 'Centro Fotografia', 'Museo Conte', 'Casa Giulietta', 'Palazzo della Ragione']",Santa Anastasia,strategy_nearest,False,0.0027370452880859375,success
04CA853A9C4C80,3,"['Arena', 'Casa Giulietta']",Torre Lamberti,"['Sighseeing', 'Centro Fotografia', 'Museo Conte', 'Palazzo della Ragione', 'AMO']",Santa Anastasia,strategy_nearest,False,0.003323078155517578,success
04CA854A9C4C80,1,"['Casa Giulietta', 'Arena']",Castelvecchio,"['Museo Lapidario', 'Verona Tour', 'Museo Radio', 'San Zeno', 'Sighseeing']",Torre Lamberti,strategy_nearest,False,0.0026471614837646484,success
04CA873A9C4C80,1,"['Arena', 'Museo Lapidario', 'Castelvecchio']",Teatro Romano,"['Santa Anastasia', 'Duomo', 'AMO', 'Palazzo della Ragione', 'Museo Conte']",Torre Lamberti,strategy_nearest,False,0.0040130615234375,success
04CA8A3A9C4C80,0,['Arena'],Casa Giulietta,"['Centro Fotografia', 'Sighseeing', 'Torre Lamberti', 'Museo Conte', 'Museo Radio']",San Fermo,strategy_nearest,False,0.0024509429931640625,success
04CA934A9C4C80,0,"['Arena', 'Casa Giulietta']",Giardino Giusti,"['Santa Anastasia', 'Teatro Romano', 'Museo Conte', 'Centro Fotografia', 'Museo Storia']",Teatro Romano,strategy_nearest,True,0.0023641586303710938,success
04CA924A9C4C80,0,['Arena'],Casa Giulietta,"['Centro Fotografia', 'Sighseeing', 'Torre Lamberti', 'Museo Conte', 'Museo Radio']",Torre Lamberti,strategy_nearest,True,0.004030942916870117,success
04CA9C429C4C80,1,"['Castelvecchio', 'Arena', 'San Fermo']",Casa Giulietta,"['Centro Fotografia', 'Sighseeing', 'Torre Lamberti', 'Museo Conte', 'Museo Radio']",Torre Lamberti,strategy_nearest,True,0.0023500919342041016,success
04CA9A429C4C80,0,['Museo Lapidario'],Arena,"['Verona Tour', 'Museo Radio', 'San Fermo', 'Casa Giulietta', 'Sighseeing']",Castelvecchio,strategy_nearest,False,0.0036821365356445312,success
04CAA74A9C4C80,0,['Arena'],Duomo,"['AMO', 'Museo Miniscalchi', 'Santa Anastasia', 'Teatro Romano', 'Palazzo della Ragione']",Torre Lamberti,strategy_nearest,False,0.0020542144775390625,success
04CAA0429C4C80,0,['Arena'],Teatro Romano,"['Santa Anastasia', 'Duomo', 'AMO', 'Palazzo della Ragione', 'Museo Conte']",Castelvecchio,strategy_nearest,False,0.0033490657806396484,success
04CAA83A9C4C80,3,['Arena'],Santa Anastasia,"['AMO', 'Museo Conte', 'Palazzo della Ragione', 'Teatro Romano', 'Centro Fotografia']",San Fermo,strategy_nearest,False,0.003203153610229492,success
04CAAF429C4C80,3,"['Arena', 'Casa Giulietta']",Torre Lamberti,"['Sighseeing', 'Centro Fotografia', 'Museo Conte', 'Palazzo della Ragione', 'AMO']",Santa Anastasia,strategy_nearest,False,0.0020339488983154297,success
04CABA3A9C4C80,3,"['Arena', 'Teatro Romano']",Duomo,"['AMO', 'Museo Miniscalchi', 'Santa Anastasia', 'Palazzo della Ragione', 'Museo Conte']",Casa Giulietta,strategy_nearest,False,0.003081798553466797,success
04CAAA4A9C4C80,0,['Arena'],Castelvecchio,"['Museo Lapidario', 'Verona Tour', 'Museo Radio', 'San Zeno', 'Sighseeing']",Santa Anastasia,strategy_nearest,False,0.004667997360229492,success
04CAAB4A9C4C80,3,"['Arena', 'Duomo', 'Torre Lamberti']",Casa Giulietta,"['Centro Fotografia', 'Sighseeing', 'Museo Conte', 'Museo Radio', 'Palazzo della Ragione']",Castelvecchio,strategy_nearest,False,0.0027360916137695312,success
04CAC33A9C4C80,1,"['Casa Giulietta', 'Torre Lamberti', 'Palazzo della Ragione']",Santa Anastasia,"['AMO', 'Museo Conte', 'Teatro Romano', 'Centro Fotografia', 'Duomo']",Duomo,strategy_nearest,True,0.002978086471557617,success
04CACC3A9C4C80,1,"['Tomba Giulietta', 'Arena', 'Castelvecchio']",Duomo,"['AMO', 'Museo Miniscalchi', 'Santa Anastasia', 'Teatro Romano', 'Palazzo della Ragione']",Torre Lamberti,strategy_nearest,False,0.002424001693725586,success
04CACA3A9C4C80,0,['Arena'],Torre Lamberti,"['Sighseeing', 'Centro Fotografia', 'Museo Conte', 'Casa Giulietta', 'Palazzo della Ragione']",Casa Giulietta,strategy_nearest,True,0.002064228057861328,success
04CAC63A9C4C80,0,['Arena'],Casa Giulietta,"['Centro Fotografia', 'Sighseeing', 'Torre Lamberti', 'Museo Conte', 'Museo Radio']",Santa Anastasia,strategy_nearest,False,0.003534078598022461,success
04CAD33A9C4C80,3,"['Arena', 'Casa Giulietta']",Santa Anastasia,"['AMO', 'Museo Conte', 'Palazzo della Ragione', 'Teatro Romano', 'Centro Fotografia']",Torre Lamberti,strategy_nearest,False,0.0018007755279541016,success
04CADA429C4C80,3,['Castelvecchio'],Arena,"['Verona Tour', 'Museo Lapidario', 'Museo Radio', 'San Fermo', 'Casa Giulietta']",Torre Lamberti,strategy_nearest,False,0.0025827884674072266,success
04CADC3A9C4C80,3,['Castelvecchio'],Arena,"['Verona Tour', 'Museo Lapidario', 'Museo Radio', 'San Fermo', 'Casa Giulietta']",Duomo,strategy_nearest,False,0.00321197509765625,success
04CADF3A9C4C80,0,"['Casa Giulietta', 'Arena']",Tomba Giulietta,"['San Fermo', 'Museo Storia', 'Museo Lapidario', 'Museo Radio', 'Verona Tour']",Torre Lamberti,strategy_nearest,False,0.0033550262451171875,success
04CAE73A9C4C80,0,"['Castelvecchio', 'Arena']",Tomba Giulietta,"['San Fermo', 'Museo Storia', 'Museo Lapidario', 'Museo Radio', 'Verona Tour']",Torre Lamberti,strategy_nearest,False,0.0024199485778808594,success
04CAE83A9C4C80,3,"['San Zeno', 'Arena']",Torre Lamberti,"['Sighseeing', 'Centro Fotografia', 'Museo Conte', 'Casa Giulietta', 'Palazzo della Ragione']",Duomo,strategy_nearest,False,0.0032579898834228516,success
04CB03429C4C84,3,"['San Fermo', 'Casa Giulietta', 'Torre Lamberti', 'Arena']",Santa Anastasia,"['AMO', 'Museo Conte', 'Palazzo della Ragione', 'Teatro Romano', 'Centro Fotografia']",Teatro Romano,strategy_nearest,True,0.0035016536712646484,success
04CB17429C4C84,2,"['Castelvecchio', 'San Zeno']",Duomo,"['AMO', 'Museo Miniscalchi', 'Santa Anastasia', 'Teatro Romano', 'Palazzo della Ragione']",Torre Lamberti,strategy_nearest,False,0.002714872360229492,success
04CB0F429C4C84,0,['Arena'],Casa Giulietta,"['Centro Fotografia', 'Sighseeing', 'Torre Lamberti', 'Museo Conte', 'Museo Radio']",Duomo,strategy_nearest,False,0.004163980484008789,success
04CB1B429C4C84,3,"['Castelvecchio', 'Museo Lapidario', 'Arena']",Casa Giulietta,"['Centro Fotografia', 'Sighseeing', 'Torre Lamberti', 'Museo Conte', 'Museo Radio']",Santa Anastasia,strategy_nearest,False,0.0026149749755859375,success
04CB233A9C4C84,2,['Teatro Romano'],Duomo,"['AMO', 'Museo Miniscalchi', 'Santa Anastasia', 'Palazzo della Ragione', 'Museo Conte']",Santa Anastasia,strategy_nearest,True,0.0015244483947753906,success
04CB28429C4C84,3,"['San Zeno', 'Castelvecchio', 'Arena']",San Fermo,"['Museo Storia', 'Museo Radio', 'Casa Giulietta', 'Centro Fotografia', 'Sighseeing']",Casa Giulietta,strategy_nearest,True,0.0020339488983154297,success
04CB1D3A9C4C84,1,"['Arena', 'Castelvecchio', 'San Zeno']",San Fermo,"['Museo Storia', 'Museo Radio', 'Casa Giulietta', 'Centro Fotografia', 'Sighseeing']",Santa Anastasia,strategy_nearest,False,0.0033752918243408203,success
04CB1D3A9C4C80,1,['Arena'],Castelvecchio,"['Museo Lapidario', 'Verona Tour', 'Museo Radio', 'San Zeno', 'Sighseeing']",Torre Lamberti,strategy_nearest,False,0.00463104248046875,success
04CB2B3A9C4C80,1,"['Torre Lamberti', 'Palazzo della Ragione']",Casa Giulietta,"['Centro Fotografia', 'Sighseeing', 'Museo Conte', 'Museo Radio', 'San Fermo']",Castelvecchio,strategy_nearest,False,0.0036287307739257812,success
04CB2D429C4C80,2,"['Castelvecchio', 'Torre Lamberti']",Duomo,"['AMO', 'Museo Miniscalchi', 'Santa Anastasia', 'Teatro Romano', 'Palazzo della Ragione']",Teatro Romano,strategy_nearest,True,0.0031342506408691406,success
04CB2C4A9C4C80,3,"['Arena', 'Casa Giulietta']",Teatro Romano,"['Santa Anastasia', 'Duomo', 'AMO', 'Palazzo della Ragione', 'Museo Conte']",Duomo,strategy_nearest,True,0.0015370845794677734,success
04CB303A9C4C80,0,['Arena'],Torre Lamberti,"['Sighseeing', 'Centro Fotografia', 'Museo Conte', 'Casa Giulietta', 'Palazzo della Ragione']",Tomba Giulietta,strategy_nearest,False,0.0038547515869140625,success
04CB33429C4C80,0,['Arena'],San Zeno,"['Castelvecchio', 'Verona Tour', 'Museo Lapidario', 'Museo Miniscalchi', 'Sighseeing']",Castelvecchio,strategy_nearest,True,0.0018897056579589844,success
04CB43429C4C80,0,"['Arena', 'Castelvecchio']",Torre Lamberti,"['Sighseeing', 'Centro Fotografia', 'Museo Conte', 'Casa Giulietta', 'Palazzo della Ragione']",Casa Giulietta,strategy_nearest,True,0.0024831295013427734,success
04CB523A9C4C80,1,"['Tomba Giulietta', 'Torre Lamberti']",Palazzo della Ragione,"['AMO', 'Museo Conte', 'Centro Fotografia', 'Sighseeing', 'Santa Anastasia']",Casa Giulietta,strategy_nearest,False,0.003231048583984375,success
04CB50429C4C80,1,"['Arena', 'Castelvecchio', 'Santa Anastasia', 'Duomo']",Torre Lamberti,"['Sighseeing', 'Centro Fotografia', 'Museo Conte', 'Casa Giulietta', 'Palazzo della Ragione']",Giardino Giusti,strategy_nearest,False,0.002391815185546875,success
04CB5A429C4C80,0,['Teatro Romano'],Arena,"['Verona Tour', 'Museo Lapidario', 'Museo Radio', 'San Fermo', 'Casa Giulietta']",Castelvecchio,strategy_nearest,False,0.002547025680541992,success
04CB563A9C4C80,6,"['Casa Giulietta', 'Teatro Romano', 'Santa Anastasia']",Castelvecchio,"['Museo Lapidario', 'Verona Tour', 'Arena', 'Museo Radio', 'San Zeno']",Verona Tour,strategy_nearest,True,0.0026760101318359375,success
04CB653A9C4C80,3,"['Torre Lamberti', 'Casa Giulietta', 'Teatro Romano']",Duomo,"['AMO', 'Museo Miniscalchi', 'Santa Anastasia', 'Palazzo della Ragione', 'Museo Conte']",Arena,strategy_nearest,False,0.0033168792724609375,success
04CB66429C4C80,1,"['Arena', 'Casa Giulietta']",Palazzo della Ragione,"['AMO', 'Museo Conte', 'Torre Lamberti', 'Centro Fotografia', 'Sighseeing']",Torre Lamberti,strategy_nearest,True,0.0026869773864746094,success
04CB5B3A9C4C80,2,"['Casa Giulietta', 'Santa Anastasia', 'Duomo']",Palazzo della Ragione,"['AMO', 'Museo Conte', 'Torre Lamberti', 'Centro Fotografia', 'Sighseeing']",San Fermo,strategy_nearest,False,0.0023958683013916016,success
04CB6D429C4C80,1,"['Arena', 'Santa Anastasia', 'Palazzo della Ragione']",Torre Lamberti,"['Sighseeing', 'Centro Fotografia', 'Museo Conte', 'Casa Giulietta', 'AMO']",Castelvecchio,strategy_nearest,False,0.002427816390991211,success
04CB73429C4C80,0,['Arena'],Casa Giulietta,"['Centro Fotografia', 'Sighseeing', 'Torre Lamberti', 'Museo Conte', 'Museo Radio']",Torre Lamberti,strategy_nearest,True,0.002043008804321289,success
04CB7B429C4C80,0,['Casa Giulietta'],Torre Lamberti,"['Sighseeing', 'Centro Fotografia', 'Museo Conte', 'Palazzo della Ragione', 'AMO']",Arena,strategy_nearest,False,0.0027608871459960938,success
04CB7D4A9C4C80,2,['Tomba Giulietta'],San Fermo,"['Museo Storia', 'Museo Radio', 'Casa Giulietta', 'Centro Fotografia', 'Arena']",Casa Giulietta,strategy_nearest,True,0.002732992172241211,success
04CB834A9C4C80,1,"['Casa Giulietta', 'Torre Lamberti']",Palazzo della Ragione,"['AMO', 'Museo Conte', 'Centro Fotografia', 'Sighseeing', 'Santa Anastasia']",Arena,strategy_nearest,False,0.003381013870239258,success
04CB873A9C4C80,1,"['Arena', 'Museo Lapidario', 'Castelvecchio']",Teatro Romano,"['Santa Anastasia', 'Duomo', 'AMO', 'Palazzo della Ragione', 'Museo Conte']",Torre Lamberti,strategy_nearest,False,0.002695798873901367,success
04CB87429C4C80,0,['Castelvecchio'],Arena,"['Verona Tour', 'Museo Lapidario', 'Museo Radio', 'San Fermo', 'Casa Giulietta']",Torre Lamberti,strategy_nearest,False,0.0031909942626953125,success
04CB98429C4C80,0,['Arena'],Torre Lamberti,"['Sighseeing', 'Centro Fotografia', 'Museo Conte', 'Casa Giulietta', 'Palazzo della Ragione']",Casa Giulietta,strategy_nearest,True,0.0019419193267822266,success
04CBA53A9C4C80,3,"['Torre Lamberti', 'Duomo']",Teatro Romano,"['Santa Anastasia', 'AMO', 'Palazzo della Ragione', 'Museo Conte', 'Centro Fotografia']",Giardino Giusti,strategy_nearest,False,0.003358125686645508,success
04CBAF3A9C4C80,3,"['Arena', 'Duomo']",Teatro Romano,"['Santa Anastasia', 'AMO', 'Palazzo della Ragione', 'Museo Conte', 'Centro Fotografia']",Santa Anastasia,strategy_nearest,True,0.0017919540405273438,success
04CBAA4A9C4C80,1,"['Arena', 'Palazzo della Ragione']",Torre Lamberti,"['Sighseeing', 'Centro Fotografia', 'Museo Conte', 'Casa Giulietta', 'AMO']",Casa Giulietta,strategy_nearest,True,0.002666950225830078,success
04CBB03A9C4C80,2,"['Castelvecchio', 'Santa Anastasia']",Torre Lamberti,"['Sighseeing', 'Centro Fotografia', 'Museo Conte', 'Casa Giulietta', 'Palazzo della Ragione']",Casa Giulietta,strategy_nearest,True,0.0023801326751708984,success
04CBAF429C4C80,3,['Duomo'],Santa Anastasia,"['AMO', 'Museo Conte', 'Palazzo della Ragione', 'Teatro Romano', 'Centro Fotografia']",Casa Giulietta,strategy_nearest,False,0.004066944122314453,success
04CBB63A9C4C80,0,['Arena'],Museo Lapidario,"['Verona Tour', 'Castelvecchio', 'Museo Radio', 'San Fermo', 'Casa Giulietta']",Museo Storia,strategy_nearest,False,0.003300189971923828,success
04CBB6429C4C80,0,"['Casa Giulietta', 'Torre Lamberti']",Castelvecchio,"['Museo Lapidario', 'Verona Tour', 'Arena', 'Museo Radio', 'San Zeno']",Tomba Giulietta,strategy_nearest,False,0.0025539398193359375,success
04CBB2429C4C80,3,['Arena'],Torre Lamberti,"['Sighseeing', 'Centro Fotografia', 'Museo Conte', 'Casa Giulietta', 'Palazzo della Ragione']",Santa Anastasia,strategy_nearest,False,0.0032677650451660156,success
04CBBC429C4C80,3,['Arena'],Duomo,"['AMO', 'Museo Miniscalchi', 'Santa Anastasia', 'Teatro Romano', 'Palazzo della Ragione']",Santa Anastasia,strategy_nearest,True,0.0031249523162841797,success
04CBC5429C4C80,0,"['Tomba Giulietta', 'Arena']",San Fermo,"['Museo Storia', 'Museo Radio', 'Casa Giulietta', 'Centro Fotografia', 'Sighseeing']",Casa Giulietta,strategy_nearest,True,0.002438068389892578,success
04CBC7429C4C80,0,['Castelvecchio'],Arena,"['Verona Tour', 'Museo Lapidario', 'Museo Radio', 'San Fermo', 'Casa Giulietta']",Teatro Romano,strategy_nearest,False,0.0024073123931884766,success
04CBCB3A9C4C80,1,"['Arena', 'Tomba Giulietta', 'San Fermo']",Casa Giulietta,"['Centro Fotografia', 'Sighseeing', 'Torre Lamberti', 'Museo Conte', 'Museo Radio']",Torre Lamberti,strategy_nearest,True,0.002534151077270508,success
04CBCC3A9C4C80,3,"['Castelvecchio', 'Arena']",Casa Giulietta,"['Centro Fotografia', 'Sighseeing', 'Torre Lamberti', 'Museo Conte', 'Museo Radio']",Torre Lamberti,strategy_nearest,True,0.0033740997314453125,success
04CBCD3A9C4C80,2,['San Zeno'],Castelvecchio,"['Museo Lapidario', 'Verona Tour', 'Arena', 'Museo Radio', 'Sighseeing']",Duomo,strategy_nearest,False,0.0028188228607177734,success
04CBDF3A9C4C80,3,['Torre Lamberti'],Santa Anastasia,"['AMO', 'Museo Conte', 'Palazzo della Ragione', 'Teatro Romano', 'Centro Fotografia']",Arena,strategy_nearest,False,0.002515077590942383,success
04CBE4429C4C80,1,"['Teatro Romano', 'Castelvecchio', 'Torre Lamberti']",Palazzo della Ragione,"['AMO', 'Museo Conte', 'Centro Fotografia', 'Sighseeing', 'Santa Anastasia']",Duomo,strategy_nearest,False,0.003119230270385742,success
04CBEB3A9C4C80,0,['Arena'],Casa Giulietta,"['Centro Fotografia', 'Sighseeing', 'Torre Lamberti', 'Museo Conte', 'Museo Radio']",Castelvecchio,strategy_nearest,False,0.0028221607208251953,success
04CBF9429C4C80,2,['Casa Giulietta'],Teatro Romano,"['Santa Anastasia', 'Duomo', 'AMO', 'Palazzo della Ragione', 'Museo Conte']",Giardino Giusti,strategy_nearest,False,0.003438234329223633,success
04CC0A429C4C84,3,"['Arena', 'Torre Lamberti']",Santa Anastasia,"['AMO', 'Museo Conte', 'Palazzo della Ragione', 'Teatro Romano', 'Centro Fotografia']",Duomo,strategy_nearest,False,0.002104043960571289,success
04CC0F3A9C4C84,0,['Castelvecchio'],Arena,"['Verona Tour', 'Museo Lapidario', 'Museo Radio', 'San Fermo', 'Casa Giulietta']",Torre Lamberti,strategy_nearest,False,0.003159046173095703,success
04CC0F429C4C84,1,"['Arena', 'Casa Giulietta']",Palazzo della Ragione,"['AMO', 'Museo Conte', 'Torre Lamberti', 'Centro Fotografia', 'Sighseeing']",Torre Lamberti,strategy_nearest,True,0.002994060516357422,success
04CC18429C4C80,2,['Castelvecchio'],Torre Lamberti,"['Sighseeing', 'Centro Fotografia', 'Museo Conte', 'Casa Giulietta', 'Palazzo della Ragione']",Palazzo della Ragione,strategy_nearest,True,0.0020210742950439453,success
04CC163A9C4C80,1,['Arena'],Palazzo della Ragione,"['AMO', 'Museo Conte', 'Torre Lamberti', 'Centro Fotografia', 'Sighseeing']",Duomo,strategy_nearest,False,0.0034079551696777344,success
04CC1C3A9C4C80,1,"['Arena', 'Castelvecchio']",Casa Giulietta,"['Centro Fotografia', 'Sighseeing', 'Torre Lamberti', 'Museo Conte', 'Museo Radio']",Torre Lamberti,strategy_nearest,True,0.003170013427734375,success
04CC20429C4C84,3,"['Arena', 'Teatro Romano']",Duomo,"['AMO', 'Museo Miniscalchi', 'Santa Anastasia', 'Palazzo della Ragione', 'Museo Conte']",Santa Anastasia,strategy_nearest,True,0.0024902820587158203,success
04CC184A9C4C80,1,"['Arena', 'Castelvecchio', 'San Zeno']",Torre Lamberti,"['Sighseeing', 'Centro Fotografia', 'Museo Conte', 'Casa Giulietta', 'Palazzo della Ragione']",Palazzo della Ragione,strategy_nearest,True,0.0024619102478027344,success
04CC213A9C4C80,2,"['Palazzo della Ragione', 'Torre Lamberti']",Santa Anastasia,"['AMO', 'Museo Conte', 'Teatro Romano', 'Centro Fotografia', 'Duomo']",Duomo,strategy_nearest,True,0.0022673606872558594,success
04CC21429C4C80,1,"['Arena', 'Casa Giulietta', 'Palazzo della Ragione', 'Torre Lamberti']",Santa Anastasia,"['AMO', 'Museo Conte', 'Teatro Romano', 'Centro Fotografia', 'Duomo']",Santa Anastasia,strategy_nearest,False,0.0020148754119873047,success
04CC243A9C4C80,2,['Torre Lamberti'],Palazzo della Ragione,"['AMO', 'Museo Conte', 'Centro Fotografia', 'Sighseeing', 'Santa Anastasia']",Casa Giulietta,strategy_nearest,False,0.0026960372924804688,success
04CC25429C4C84,0,['Arena'],Castelvecchio,"['Museo Lapidario', 'Verona Tour', 'Museo Radio', 'San Zeno', 'Sighseeing']",Teatro Romano,strategy_nearest,False,0.003473997116088867,success
04CC273A9C4C80,1,"['Arena', 'Casa Giulietta', 'Torre Lamberti']",Palazzo della Ragione,"['AMO', 'Museo Conte', 'Centro Fotografia', 'Sighseeing', 'Santa Anastasia']",Castelvecchio,strategy_nearest,False,0.003299713134765625,success
04CC29429C4C84,1,"['Castelvecchio', 'Casa Giulietta', 'Torre Lamberti']",Palazzo della Ragione,"['AMO', 'Museo Conte', 'Centro Fotografia', 'Sighseeing', 'Santa Anastasia']",Arena,strategy_nearest,False,0.003985166549682617,success
04CC2B3A9C4C80,1,"['Arena', 'Casa Giulietta', 'Palazzo della Ragione', 'Santa Anastasia']",Torre Lamberti,"['Sighseeing', 'Centro Fotografia', 'Museo Conte', 'AMO', 'Museo Miniscalchi']",Castelvecchio,strategy_nearest,False,0.00272369384765625,success
04CC2B429C4C80,0,['Arena'],Casa Giulietta,"['Centro Fotografia', 'Sighseeing', 'Torre Lamberti', 'Museo Conte', 'Museo Radio']",Torre Lamberti,strategy_nearest,True,0.0031349658966064453,success
04CC2B4A9C4C80,0,['Arena'],Giardino Giusti,"['Santa Anastasia', 'Teatro Romano', 'Museo Conte', 'Centro Fotografia', 'Museo Storia']",Tomba Giulietta,strategy_nearest,False,0.0031211376190185547,success
04CC4D3A9C4C80,0,['Casa Giulietta'],Tomba Giulietta,"['San Fermo', 'Museo Storia', 'Arena', 'Museo Lapidario', 'Museo Radio']",Arena,strategy_nearest,True,0.0025339126586914062,success
04CC4E3A9C4C80,1,"['Arena', 'Museo Lapidario', 'Castelvecchio', 'Santa Anastasia']",Duomo,"['AMO', 'Museo Miniscalchi', 'Teatro Romano', 'Palazzo della Ragione', 'Museo Conte']",Palazzo della Ragione,strategy_nearest,True,0.003159046173095703,success
04CC4C3A9C4C80,3,['Arena'],Santa Anastasia,"['AMO', 'Museo Conte', 'Palazzo della Ragione', 'Teatro Romano', 'Centro Fotografia']",Duomo,strategy_nearest,False,0.0033490657806396484,success
04CC4F3A9C4C80,3,"['Arena', 'San Fermo', 'Torre Lamberti']",Santa Anastasia,"['AMO', 'Museo Conte', 'Palazzo della Ragione', 'Teatro Romano', 'Centro Fotografia']",Duomo,strategy_nearest,False,0.0029878616333007812,success
04CC553A9C4C80,0,['Castelvecchio'],Arena,"['Verona Tour', 'Museo Lapidario', 'Museo Radio', 'San Fermo', 'Casa Giulietta']",Casa Giulietta,strategy_nearest,True,0.0026700496673583984,success
04CC5A429C4C80,1,"['Arena', 'Castelvecchio']",Palazzo della Ragione,"['AMO', 'Museo Conte', 'Torre Lamberti', 'Centro Fotografia', 'Sighseeing']",Torre Lamberti,strategy_nearest,True,0.0027320384979248047,success
04CC55429C4C80,1,"['Arena', 'Casa Giulietta']",Torre Lamberti,"['Sighseeing', 'Centro Fotografia', 'Museo Conte', 'Palazzo della Ragione', 'AMO']",Palazzo della Ragione,strategy_nearest,True,0.0026340484619140625,success
04CC5E3A9C4C80,1,"['Palazzo della Ragione', 'Torre Lamberti']",Casa Giulietta,"['Centro Fotografia', 'Sighseeing', 'Museo Conte', 'Museo Radio', 'San Fermo']",Arena,strategy_nearest,False,0.003196239471435547,success
04CC5E429C4C80,0,['Arena'],Casa Giulietta,"['Centro Fotografia', 'Sighseeing', 'Torre Lamberti', 'Museo Conte', 'Museo Radio']",Duomo,strategy_nearest,False,0.004685640335083008,success
04CC653A9C4C80,3,"['Arena', 'Casa Giulietta', 'Castelvecchio']",Teatro Romano,"['Santa Anastasia', 'Duomo', 'AMO', 'Palazzo della Ragione', 'Museo Conte']",Santa Anastasia,strategy_nearest,True,0.0025169849395751953,success
04CC66429C4C80,0,['Arena'],Castelvecchio,"['Museo Lapidario', 'Verona Tour', 'Museo Radio', 'San Zeno', 'Sighseeing']",Casa Giulietta,strategy_nearest,False,0.0018949508666992188,success
04CC6C429C4C80,0,['Arena'],Casa Giulietta,"['Centro Fotografia', 'Sighseeing', 'Torre Lamberti', 'Museo Conte', 'Museo Radio']",Santa Anastasia,strategy_nearest,False,0.003306150436401367,success
04CC773A9C4C80,0,['Arena'],Castelvecchio,"['Museo Lapidario', 'Verona Tour', 'Museo Radio', 'San Zeno', 'Sighseeing']",Casa Giulietta,strategy_nearest,False,0.0017800331115722656,success
04CC794A9C4C80,3,"['Arena', 'Castelvecchio']",Teatro Romano,"['Santa Anastasia', 'Duomo', 'AMO', 'Palazzo della Ragione', 'Museo Conte']",Duomo,strategy_nearest,True,0.0020689964294433594,success
04CC8A429C4C80,0,['Arena'],Tomba Giulietta,"['San Fermo', 'Museo Storia', 'Museo Lapidario', 'Museo Radio', 'Verona Tour']",Casa Giulietta,strategy_nearest,False,0.003045797348022461,success
04CC984A9C4C80,1,['Arena'],Casa Giulietta,"['Centro Fotografia', 'Sighseeing', 'Torre Lamberti', 'Museo Conte', 'Museo Radio']",Palazzo della Ragione,strategy_nearest,False,0.0027320384979248047,success
04CC733A9C4C80,1,"['Castelvecchio', 'Arena', 'Casa Giulietta']",Santa Anastasia,"['AMO', 'Museo Conte', 'Palazzo della Ragione', 'Teatro Romano', 'Centro Fotografia']",Torre Lamberti,strategy_nearest,False,0.003545999526977539,success
04CC9D429C4C80,0,['Arena'],Castelvecchio,"['Museo Lapidario', 'Verona Tour', 'Museo Radio', 'San Zeno', 'Sighseeing']",Santa Anastasia,strategy_nearest,False,0.0018832683563232422,success
04CC99429C4C80,3,"['Arena', 'Casa Giulietta']",Torre Lamberti,"['Sighseeing', 'Centro Fotografia', 'Museo Conte', 'Palazzo della Ragione', 'AMO']",Teatro Romano,strategy_nearest,False,0.0027489662170410156,success
04CCA9429C4C80,3,"['Castelvecchio', 'Arena', 'Tomba Giulietta']",San Fermo,"['Museo Storia', 'Museo Radio', 'Casa Giulietta', 'Centro Fotografia', 'Sighseeing']",Casa Giulietta,strategy_nearest,True,0.0033500194549560547,success
04CCAB429C4C80,3,['Duomo'],Santa Anastasia,"['AMO', 'Museo Conte', 'Palazzo della Ragione', 'Teatro Romano', 'Centro Fotografia']",Castelvecchio,strategy_nearest,False,0.0027239322662353516,success
04CCB03A9C4C80,2,"['Castelvecchio', 'Casa Giulietta']",Torre Lamberti,"['Sighseeing', 'Centro Fotografia', 'Museo Conte', 'Palazzo della Ragione', 'AMO']",Duomo,strategy_nearest,False,0.0025827884674072266,success
04CCB93A9C4C80,0,['Arena'],Torre Lamberti,"['Sighseeing', 'Centro Fotografia', 'Museo Conte', 'Casa Giulietta', 'Palazzo della Ragione']",Casa Giulietta,strategy_nearest,True,0.002627849578857422,success
04CCB772743380,1,"['Arena', 'Palazzo della Ragione', 'Torre Lamberti', 'Santa Anastasia']",Teatro Romano,"['Duomo', 'AMO', 'Museo Conte', 'Centro Fotografia', 'Museo Miniscalchi']",Duomo,strategy_nearest,True,0.0031011104583740234,success
04CCC03A9C4C80,0,['Arena'],Duomo,"['AMO', 'Museo Miniscalchi', 'Santa Anastasia', 'Teatro Romano', 'Palazzo della Ragione']",Castelvecchio,strategy_nearest,False,0.0033750534057617188,success
04CCC63A9C4C80,1,['Arena'],Santa Anastasia,"['AMO', 'Museo Conte', 'Palazzo della Ragione', 'Teatro Romano', 'Centro Fotografia']",Casa Giulietta,strategy_nearest,False,0.0025899410247802734,success
04CCD9429C4C80,3,"['Arena', 'Museo Lapidario', 'Casa Giulietta']",Torre Lamberti,"['Sighseeing', 'Centro Fotografia', 'Museo Conte', 'Palazzo della Ragione', 'AMO']",Teatro Romano,strategy_nearest,False,0.0027458667755126953,success
04CCC93A9C4C80,3,"['Arena', 'Museo Lapidario', 'Casa Giulietta']",Torre Lamberti,"['Sighseeing', 'Centro Fotografia', 'Museo Conte', 'Palazzo della Ragione', 'AMO']",Santa Anastasia,strategy_nearest,False,0.004043102264404297,success
04CCE4429C4C80,1,"['Teatro Romano', 'Duomo', 'Santa Anastasia', 'Palazzo della Ragione']",Torre Lamberti,"['Sighseeing', 'Centro Fotografia', 'Museo Conte', 'Casa Giulietta', 'AMO']",Arena,strategy_nearest,False,0.0031549930572509766,success
04CCE13A9C4C80,3,"['Arena', 'Tomba Giulietta', 'Casa Giulietta']",Teatro Romano,"['Santa Anastasia', 'Duomo', 'AMO', 'Palazzo della Ragione', 'Museo Conte']",Santa Anastasia,strategy_nearest,True,0.002535104751586914,success
04CCF2429C4C80,0,"['Arena', 'Casa Giulietta', 'Torre Lamberti']",Castelvecchio,"['Museo Lapidario', 'Verona Tour', 'Museo Radio', 'San Zeno', 'Sighseeing']",San Zeno,strategy_nearest,True,0.002892017364501953,success
04CCF83A9C4C80,3,['Arena'],Torre Lamberti,"['Sighseeing', 'Centro Fotografia', 'Museo Conte', 'Casa Giulietta', 'Palazzo della Ragione']",Santa Anastasia,strategy_nearest,False,0.0024068355560302734,success
04CD05429C4C84,1,"['Arena', 'Palazzo della Ragione', 'Torre Lamberti', 'Tomba Giulietta']",Casa Giulietta,"['Centro Fotografia', 'Sighseeing', 'Museo Conte', 'Museo Radio', 'San Fermo']",Santa Anastasia,strategy_nearest,False,0.0026988983154296875,success
04CD143A9C4C80,3,"['Arena', 'Casa Giulietta']",Torre Lamberti,"['Sighseeing', 'Centro Fotografia', 'Museo Conte', 'Palazzo della Ragione', 'AMO']",Santa Anastasia,strategy_nearest,False,0.002705097198486328,success
04CD0D3A9C4C84,1,['Arena'],Casa Giulietta,"['Centro Fotografia', 'Sighseeing', 'Torre Lamberti', 'Museo Conte', 'Museo Radio']",Torre Lamberti,strategy_nearest,True,0.003361225128173828,success
04CD184A9C4C80,1,"['Castelvecchio', 'Casa Giulietta', 'Santa Anastasia']",Arena,"['Verona Tour', 'Museo Lapidario', 'Museo Radio', 'San Fermo', 'Sighseeing']",Torre Lamberti,strategy_nearest,False,0.003304004669189453,success
04CD193A9C4C80,3,"['San Fermo', 'Tomba Giulietta']",Arena,"['Verona Tour', 'Museo Lapidario', 'Museo Radio', 'Casa Giulietta', 'Sighseeing']",Castelvecchio,strategy_nearest,False,0.0026590824127197266,success
04CD183A9C4C84,0,['Arena'],Torre Lamberti,"['Sighseeing', 'Centro Fotografia', 'Museo Conte', 'Casa Giulietta', 'Palazzo della Ragione']",Castelvecchio,strategy_nearest,False,0.0032618045806884766,success
04CD19429C4C80,0,"['Torre Lamberti', 'Arena']",Teatro Romano,"['Santa Anastasia', 'Duomo', 'AMO', 'Palazzo della Ragione', 'Museo Conte']",Castelvecchio,strategy_nearest,False,0.0030891895294189453,success
04CD20429C4C80,1,"['Casa Giulietta', 'Tomba Giulietta', 'Arena']",Torre Lamberti,"['Sighseeing', 'Centro Fotografia', 'Museo Conte', 'Palazzo della Ragione', 'AMO']",Palazzo della Ragione,strategy_nearest,True,0.0014510154724121094,success
04CD243A9C4C80,1,"['Museo Lapidario', 'Arena']",Torre Lamberti,"['Sighseeing', 'Centro Fotografia', 'Museo Conte', 'Casa Giulietta', 'Palazzo della Ragione']",Palazzo della Ragione,strategy_nearest,True,0.002670764923095703,success
04CD2B4A9C4C80,1,"['Arena', 'Castelvecchio', 'San Zeno', 'Torre Lamberti']",Santa Anastasia,"['AMO', 'Museo Conte', 'Palazzo della Ragione', 'Teatro Romano', 'Centro Fotografia']",Palazzo della Ragione,strategy_nearest,True,0.0032799243927001953,success
04CD203A9C4C80,0,['Casa Giulietta'],Arena,"['Verona Tour', 'Museo Lapidario', 'Museo Radio', 'San Fermo', 'Sighseeing']",Castelvecchio,strategy_nearest,False,0.0034208297729492188,success
04CD2E3A9C4C80,2,['Casa Giulietta'],Torre Lamberti,"['Sighseeing', 'Centro Fotografia', 'Museo Conte', 'Palazzo della Ragione', 'AMO']",Castelvecchio,strategy_nearest,False,0.002562999725341797,success
04CD38429C4C80,3,"['Arena', 'Casa Giulietta']",San Fermo,"['Museo Storia', 'Museo Radio', 'Centro Fotografia', 'Sighseeing', 'Torre Lamberti']",Tomba Giulietta,strategy_nearest,False,0.0026731491088867188,success
04CD30429C4C80,3,"['Arena', 'San Zeno', 'Castelvecchio']",Duomo,"['AMO', 'Museo Miniscalchi', 'Santa Anastasia', 'Teatro Romano', 'Palazzo della Ragione']",Santa Anastasia,strategy_nearest,True,0.0019462108612060547,success
04CD3A3A9C4C80,0,['Arena'],Torre Lamberti,"['Sighseeing', 'Centro Fotografia', 'Museo Conte', 'Casa Giulietta', 'Palazzo della Ragione']",Teatro Romano,strategy_nearest,False,0.0029969215393066406,success
04CD3B3A9C4C80,0,"['Torre Lamberti', 'Arena']",San Fermo,"['Museo Storia', 'Museo Radio', 'Casa Giulietta', 'Centro Fotografia', 'Sighseeing']",Castelvecchio,strategy_nearest,False,0.0026597976684570312,success
04CD473A9C4C80,0,['San Zeno'],Castelvecchio,"['Museo Lapidario', 'Verona Tour', 'Arena', 'Museo Radio', 'Sighseeing']",Arena,strategy_nearest,True,0.0026221275329589844,success
04CD4B3A9C4C80,0,['Arena'],Casa Giulietta,"['Centro Fotografia', 'Sighseeing', 'Torre Lamberti', 'Museo Conte', 'Museo Radio']",Torre Lamberti,strategy_nearest,True,0.003187894821166992,success
04CD57429C4C80,0,['Arena'],Casa Giulietta,"['Centro Fotografia', 'Sighseeing', 'Torre Lamberti', 'Museo Conte', 'Museo Radio']",Castelvecchio,strategy_nearest,False,0.0018520355224609375,success
04CD533A9C4C80,0,['Arena'],Castelvecchio,"['Museo Lapidario', 'Verona Tour', 'Museo Radio', 'San Zeno', 'Sighseeing']",San Zeno,strategy_nearest,True,0.0034661293029785156,success
04CD543A9C4C80,3,"['Teatro Romano', 'Duomo']",Santa Anastasia,"['AMO', 'Museo Conte', 'Palazzo della Ragione', 'Centro Fotografia', 'Torre Lamberti']",Arena,strategy_nearest,False,0.0033478736877441406,success
04CD563A9C4C80,1,"['Tomba Giulietta', 'Arena']",Casa Giulietta,"['Centro Fotografia', 'Sighseeing', 'Torre Lamberti', 'Museo Conte', 'Museo Radio']",Torre Lamberti,strategy_nearest,True,0.0027120113372802734,success
04CD5D3A9C4C80,3,"['Arena', 'Castelvecchio', 'San Zeno']",Teatro Romano,"['Santa Anastasia', 'Duomo', 'AMO', 'Palazzo della Ragione', 'Museo Conte']",Santa Anastasia,strategy_nearest,True,0.0023469924926757812,success
04CD643A9C4C80,2,"['Torre Lamberti', 'Palazzo della Ragione', 'Casa Giulietta']",San Fermo,"['Museo Storia', 'Museo Radio', 'Centro Fotografia', 'Arena', 'Sighseeing']",Museo Storia,strategy_nearest,True,0.003000974655151367,success
04CD653A9C4C80,0,['Arena'],Tomba Giulietta,"['San Fermo', 'Museo Storia', 'Museo Lapidario', 'Museo Radio', 'Verona Tour']",Casa Giulietta,strategy_nearest,False,0.002008199691772461,success
04CD66429C4C80,3,"['Arena', 'Casa Giulietta']",Santa Anastasia,"['AMO', 'Museo Conte', 'Palazzo della Ragione', 'Teatro Romano', 'Centro Fotografia']",Teatro Romano,strategy_nearest,True,0.0032930374145507812,success
04CD6B429C4C80,1,"['Casa Giulietta', 'Torre Lamberti']",Palazzo della Ragione,"['AMO', 'Museo Conte', 'Centro Fotografia', 'Sighseeing', 'Santa Anastasia']",Santa Anastasia,strategy_nearest,True,0.00315093994140625,success
04CD743A9C4C80,0,"['Arena', 'Castelvecchio']",San Zeno,"['Verona Tour', 'Museo Lapidario', 'Museo Miniscalchi', 'Sighseeing', 'Museo Radio']",Teatro Romano,strategy_nearest,False,0.002134084701538086,success
04CD783A9C4C80,0,['Arena'],Castelvecchio,"['Museo Lapidario', 'Verona Tour', 'Museo Radio', 'San Zeno', 'Sighseeing']",Casa Giulietta,strategy_nearest,False,0.003493070602416992,success
04CD76429C4C80,2,['Casa Giulietta'],Palazzo della Ragione,"['AMO', 'Museo Conte', 'Torre Lamberti', 'Centro Fotografia', 'Sighseeing']",Torre Lamberti,strategy_nearest,True,0.0028390884399414062,success
04CD6C429C4C80,0,['Torre Lamberti'],Arena,"['Verona Tour', 'Museo Lapidario', 'Museo Radio', 'San Fermo', 'Casa Giulietta']",Arena,strategy_nearest,False,0.003493070602416992,success
04CD7C4A9C4C80,2,['Tomba Giulietta'],San Fermo,"['Museo Storia', 'Museo Radio', 'Casa Giulietta', 'Centro Fotografia', 'Arena']",Casa Giulietta,strategy_nearest,True,0.002084016799926758,success
04CD833A9C4C80,0,['Arena'],Torre Lamberti,"['Sighseeing', 'Centro Fotografia', 'Museo Conte', 'Casa Giulietta', 'Palazzo della Ragione']",Castelvecchio,strategy_nearest,False,0.00197601318359375,success
04CD893A9C4C80,0,['Arena'],Casa Giulietta,"['Centro Fotografia', 'Sighseeing', 'Torre Lamberti', 'Museo Conte', 'Museo Radio']",Santa Anastasia,strategy_nearest,False,0.002313852310180664,success
04CD843A9C4C80,3,"['Arena', 'Castelvecchio']",Duomo,"['AMO', 'Museo Miniscalchi', 'Santa Anastasia', 'Teatro Romano', 'Palazzo della Ragione']",Casa Giulietta,strategy_nearest,False,0.003704071044921875,success
04CD85429C4C80,3,"['Torre Lamberti', 'Duomo', 'Teatro Romano']",Santa Anastasia,"['AMO', 'Museo Conte', 'Palazzo della Ragione', 'Centro Fotografia', 'Sighseeing']",San Fermo,strategy_nearest,False,0.0028438568115234375,success
04CD8E3A9C4C80,1,"['Teatro Romano', 'Duomo']",Santa Anastasia,"['AMO', 'Museo Conte', 'Palazzo della Ragione', 'Centro Fotografia', 'Torre Lamberti']",Torre Lamberti,strategy_nearest,True,0.0012428760528564453,success
04CD8F4A9C4C80,2,"['Casa Giulietta', 'Torre Lamberti', 'Palazzo della Ragione']",Duomo,"['AMO', 'Museo Miniscalchi', 'Santa Anastasia', 'Teatro Romano', 'Museo Conte']",Santa Anastasia,strategy_nearest,True,0.0034449100494384766,success
04CD8E4A9C4C80,0,['Arena'],Torre Lamberti,"['Sighseeing', 'Centro Fotografia', 'Museo Conte', 'Casa Giulietta', 'Palazzo della Ragione']",Castelvecchio,strategy_nearest,False,0.0029408931732177734,success
04CD8A429C4C80,1,['Arena'],Casa Giulietta,"['Centro Fotografia', 'Sighseeing', 'Torre Lamberti', 'Museo Conte', 'Museo Radio']",Torre Lamberti,strategy_nearest,True,0.004259824752807617,success
04CD9A429C4C80,3,"['Arena', 'Casa Giulietta']",Santa Anastasia,"['AMO', 'Museo Conte', 'Palazzo della Ragione', 'Teatro Romano', 'Centro Fotografia']",Santa Anastasia,strategy_nearest,False,0.002526998519897461,success
04CD9F429C4C80,2,['Casa Giulietta'],Palazzo della Ragione,"['AMO', 'Museo Conte', 'Torre Lamberti', 'Centro Fotografia', 'Sighseeing']",Torre Lamberti,strategy_nearest,True,0.002916097640991211,success
04CDA44A9C4C80,1,"['Castelvecchio', 'Arena', 'Casa Giulietta', 'Torre Lamberti']",Palazzo della Ragione,"['AMO', 'Museo Conte', 'Centro Fotografia', 'Sighseeing', 'Santa Anastasia']",Santa Anastasia,strategy_nearest,True,0.0021200180053710938,success
04CDA9429C4C80,0,"['Duomo', 'Casa Giulietta']",Torre Lamberti,"['Sighseeing', 'Centro Fotografia', 'Museo Conte', 'Palazzo della Ragione', 'AMO']",Castelvecchio,strategy_nearest,False,0.003458738327026367,success
04CDB0429C4C80,2,['Casa Giulietta'],Castelvecchio,"['Museo Lapidario', 'Verona Tour', 'Arena', 'Museo Radio', 'San Zeno']",Tomba Giulietta,strategy_nearest,False,0.0029981136322021484,success
04CDB53A9C4C80,3,['Santa Anastasia'],Teatro Romano,"['Duomo', 'AMO', 'Palazzo della Ragione', 'Museo Conte', 'Centro Fotografia']",Arena,strategy_nearest,False,0.0028710365295410156,success
04CDB83A9C4C80,1,"['Castelvecchio', 'Arena', 'Casa Giulietta']",Palazzo della Ragione,"['AMO', 'Museo Conte', 'Torre Lamberti', 'Centro Fotografia', 'Sighseeing']",Santa Anastasia,strategy_nearest,False,0.002522706985473633,success
04CDB63A9C4C80,3,"['Arena', 'Castelvecchio', 'Teatro Romano']",Santa Anastasia,"['AMO', 'Museo Conte', 'Palazzo della Ragione', 'Centro Fotografia', 'Duomo']",Duomo,strategy_nearest,True,0.003492116928100586,success
04CDB8429C4C80,2,"['Duomo', 'Casa Giulietta']",Castelvecchio,"['Museo Lapidario', 'Verona Tour', 'Arena', 'Museo Radio', 'San Zeno']",Torre Lamberti,strategy_nearest,False,0.003256082534790039,success
04CDC43A9C4C80,3,"['Arena', 'Tomba Giulietta', 'San Fermo']",Casa Giulietta,"['Centro Fotografia', 'Sighseeing', 'Torre Lamberti', 'Museo Conte', 'Museo Radio']",Santa Anastasia,strategy_nearest,False,0.0027909278869628906,success
04CDFE429C4C80,1,"['Casa Giulietta', 'Torre Lamberti']",Palazzo della Ragione,"['AMO', 'Museo Conte', 'Centro Fotografia', 'Sighseeing', 'Santa Anastasia']",Arena,strategy_nearest,False,0.0033478736877441406,success
04CDDC3A9C4C80,2,['Castelvecchio'],Torre Lamberti,"['Sighseeing', 'Centro Fotografia', 'Museo Conte', 'Casa Giulietta', 'Palazzo della Ragione']",Casa Giulietta,strategy_nearest,True,0.0027358531951904297,success
04CE04429C4C84,1,"['Casa Giulietta', 'Arena', 'Tomba Giulietta', 'Torre Lamberti']",Palazzo della Ragione,"['AMO', 'Museo Conte', 'Centro Fotografia', 'Sighseeing', 'Santa Anastasia']",Castelvecchio,strategy_nearest,False,0.0030367374420166016,success
04CE13429C4C80,3,"['Arena', 'Casa Giulietta', 'Duomo']",Museo Lapidario,"['Verona Tour', 'Castelvecchio', 'Museo Radio', 'San Fermo', 'Tomba Giulietta']",Castelvecchio,strategy_nearest,True,0.0027391910552978516,success
04CE183A9C4C84,0,['Arena'],Torre Lamberti,"['Sighseeing', 'Centro Fotografia', 'Museo Conte', 'Casa Giulietta', 'Palazzo della Ragione']",Casa Giulietta,strategy_nearest,True,0.002080202102661133,success
04CE20429C4C80,0,['Casa Giulietta'],Torre Lamberti,"['Sighseeing', 'Centro Fotografia', 'Museo Conte', 'Palazzo della Ragione', 'AMO']",Arena,strategy_nearest,False,0.002682924270629883,success
04CE143A9C4C80,3,"['Arena', 'Casa Giulietta']",Torre Lamberti,"['Sighseeing', 'Centro Fotografia', 'Museo Conte', 'Palazzo della Ragione', 'AMO']",Santa Anastasia,strategy_nearest,False,0.0033769607543945312,success
04CE26429C4C84,3,['Arena'],Castelvecchio,"['Museo Lapidario', 'Verona Tour', 'Museo Radio', 'San Zeno', 'Sighseeing']",Torre Lamberti,strategy_nearest,False,0.00238800048828125,success
04CE2B3A9C4C80,2,['Casa Giulietta'],Torre Lamberti,"['Sighseeing', 'Centro Fotografia', 'Museo Conte', 'Palazzo della Ragione', 'AMO']",Castelvecchio,strategy_nearest,False,0.0019669532775878906,success
04CE2A429C4C84,1,"['Arena', 'Casa Giulietta', 'Torre Lamberti']",Palazzo della Ragione,"['AMO', 'Museo Conte', 'Centro Fotografia', 'Sighseeing', 'Santa Anastasia']",Santa Anastasia,strategy_nearest,True,0.0025930404663085938,success
04CE2C4A9C4C80,0,"['Duomo', 'Casa Giulietta']",Tomba Giulietta,"['San Fermo', 'Museo Storia', 'Arena', 'Museo Lapidario', 'Museo Radio']",Castelvecchio,strategy_nearest,False,0.003208160400390625,success
04CE2F3A9C4C80,0,['Arena'],Casa Giulietta,"['Centro Fotografia', 'Sighseeing', 'Torre Lamberti', 'Museo Conte', 'Museo Radio']",Torre Lamberti,strategy_nearest,True,0.0047070980072021484,success
04CE31429C4C80,3,"['Arena', 'Santa Anastasia']",Duomo,"['AMO', 'Museo Miniscalchi', 'Teatro Romano', 'Palazzo della Ragione', 'Museo Conte']",San Fermo,strategy_nearest,False,0.0021491050720214844,success
04CE36429C4C80,1,"['Torre Lamberti', 'Palazzo della Ragione']",Santa Anastasia,"['AMO', 'Museo Conte', 'Teatro Romano', 'Centro Fotografia', 'Duomo']",San Zeno,strategy_nearest,False,0.0025908946990966797,success
04CE373A9C4C80,3,"['Arena', 'Tomba Giulietta', 'Casa Giulietta']",Torre Lamberti,"['Sighseeing', 'Centro Fotografia', 'Museo Conte', 'Palazzo della Ragione', 'AMO']",Castelvecchio,strategy_nearest,False,0.003123760223388672,success
04CE3D429C4C80,3,"['Casa Giulietta', 'Torre Lamberti']",Santa Anastasia,"['AMO', 'Museo Conte', 'Palazzo della Ragione', 'Teatro Romano', 'Centro Fotografia']",Duomo,strategy_nearest,False,0.0019910335540771484,success
04CE4D3A9C4C80,3,"['Arena', 'Teatro Romano']",Duomo,"['AMO', 'Museo Miniscalchi', 'Santa Anastasia', 'Palazzo della Ragione', 'Museo Conte']",Santa Anastasia,strategy_nearest,True,0.0020258426666259766,success
04CE42429C4C80,1,"['Arena', 'Casa Giulietta', 'San Zeno', 'Duomo']",Teatro Romano,"['Santa Anastasia', 'AMO', 'Palazzo della Ragione', 'Museo Conte', 'Centro Fotografia']",Santa Anastasia,strategy_nearest,True,0.003412008285522461,success
04CE4F3A9C4C80,1,"['Torre Lamberti', 'Palazzo della Ragione', 'Santa Anastasia']",Teatro Romano,"['Duomo', 'AMO', 'Museo Conte', 'Centro Fotografia', 'Museo Miniscalchi']",Duomo,strategy_nearest,True,0.0033750534057617188,success
04CE583A9C4C80,3,"['Arena', 'Teatro Romano']",Santa Anastasia,"['AMO', 'Museo Conte', 'Palazzo della Ragione', 'Centro Fotografia', 'Duomo']",Casa Giulietta,strategy_nearest,False,0.002429962158203125,success
04CE4F429C4C80,3,"['Arena', 'Casa Giulietta']",Torre Lamberti,"['Sighseeing', 'Centro Fotografia', 'Museo Conte', 'Palazzo della Ragione', 'AMO']",Santa Anastasia,strategy_nearest,False,0.003435850143432617,success
04CE553A9C4C80,1,['Arena'],Castelvecchio,"['Museo Lapidario', 'Verona Tour', 'Museo Radio', 'San Zeno', 'Sighseeing']",Torre Lamberti,strategy_nearest,False,0.002766847610473633,success
04CE56429C4C80,0,['Casa Giulietta'],Torre Lamberti,"['Sighseeing', 'Centro Fotografia', 'Museo Conte', 'Palazzo della Ragione', 'AMO']",Arena,strategy_nearest,False,0.003882884979248047,success
04CE713A9C4C80,0,"['Arena', 'Casa Giulietta']",Tomba Giulietta,"['San Fermo', 'Museo Storia', 'Museo Lapidario', 'Museo Radio', 'Verona Tour']",Torre Lamberti,strategy_nearest,False,0.0015511512756347656,success
04CE723A9C4C80,1,['Arena'],Palazzo della Ragione,"['AMO', 'Museo Conte', 'Torre Lamberti', 'Centro Fotografia', 'Sighseeing']",Torre Lamberti,strategy_nearest,True,0.003313779830932617,success
04CE68429C4C80,3,"['Arena', 'Casa Giulietta', 'Duomo']",Tomba Giulietta,"['San Fermo', 'Museo Storia', 'Museo Lapidario', 'Museo Radio', 'Verona Tour']",Torre Lamberti,strategy_nearest,False,0.002794981002807617,success
04CE71429C4C80,3,"['Arena', 'Castelvecchio', 'Museo Lapidario']",Teatro Romano,"['Santa Anastasia', 'Duomo', 'AMO', 'Palazzo della Ragione', 'Museo Conte']",Duomo,strategy_nearest,True,0.002129793167114258,success
04CE834A9C4C80,0,['Casa Giulietta'],Duomo,"['AMO', 'Museo Miniscalchi', 'Santa Anastasia', 'Teatro Romano', 'Palazzo della Ragione']",Castelvecchio,strategy_nearest,False,0.001984119415283203,success
04CE753A9C4C80,0,['Arena'],Casa Giulietta,"['Centro Fotografia', 'Sighseeing', 'Torre Lamberti', 'Museo Conte', 'Museo Radio']",Torre Lamberti,strategy_nearest,True,0.001399993896484375,success
04CE844A9C4C80,0,"['Arena', 'Casa Giulietta']",Torre Lamberti,"['Sighseeing', 'Centro Fotografia', 'Museo Conte', 'Palazzo della Ragione', 'AMO']",Duomo,strategy_nearest,False,0.0025458335876464844,success
04CE853A9C4C80,3,['Arena'],Duomo,"['AMO', 'Museo Miniscalchi', 'Santa Anastasia', 'Teatro Romano', 'Palazzo della Ragione']",Santa Anastasia,strategy_nearest,True,0.003214120864868164,success
04CE85429C4C80,2,['Casa Giulietta'],Santa Anastasia,"['AMO', 'Museo Conte', 'Palazzo della Ragione', 'Teatro Romano', 'Centro Fotografia']",Teatro Romano,strategy_nearest,True,0.0033359527587890625,success
04CE854A9C4C80,3,"['Duomo', 'Teatro Romano', 'Arena']",Casa Giulietta,"['Centro Fotografia', 'Sighseeing', 'Torre Lamberti', 'Museo Conte', 'Museo Radio']",Torre Lamberti,strategy_nearest,True,0.0013058185577392578,success
04CE87429C4C80,2,"['San Fermo', 'Tomba Giulietta', 'Museo Lapidario', 'Castelvecchio', 'San Zeno']",Duomo,"['AMO', 'Museo Miniscalchi', 'Santa Anastasia', 'Teatro Romano', 'Palazzo della Ragione']",Santa Anastasia,strategy_nearest,True,0.0033087730407714844,success
04CE874A9C4C80,0,['Casa Giulietta'],Arena,"['Verona Tour', 'Museo Lapidario', 'Museo Radio', 'San Fermo', 'Sighseeing']",Castelvecchio,strategy_nearest,False,0.0018639564514160156,success
04CE8A429C4C80,0,['Arena'],Castelvecchio,"['Museo Lapidario', 'Verona Tour', 'Museo Radio', 'San Zeno', 'Sighseeing']",Torre Lamberti,strategy_nearest,False,0.0026040077209472656,success
04CE8C429C4C80,3,"['Arena', 'Casa Giulietta']",Santa Anastasia,"['AMO', 'Museo Conte', 'Palazzo della Ragione', 'Teatro Romano', 'Centro Fotografia']",Duomo,strategy_nearest,False,0.0028829574584960938,success
04CE8C4A9C4C80,3,"['Arena', 'Casa Giulietta']",Duomo,"['AMO', 'Museo Miniscalchi', 'Santa Anastasia', 'Teatro Romano', 'Palazzo della Ragione']",Teatro Romano,strategy_nearest,True,0.003078937530517578,success
04CE8D3A9C4C80,0,['Arena'],Museo Lapidario,"['Verona Tour', 'Castelvecchio', 'Museo Radio', 'San Fermo', 'Casa Giulietta']",Castelvecchio,strategy_nearest,True,0.0026738643646240234,success
04CE8E3A9C4C80,2,['Teatro Romano'],Giardino Giusti,"['Santa Anastasia', 'Museo Conte', 'Centro Fotografia', 'Museo Storia', 'AMO']",Museo Storia,strategy_nearest,True,0.003443002700805664,success
04CE944A9C4C80,1,['Arena'],Torre Lamberti,"['Sighseeing', 'Centro Fotografia', 'Museo Conte', 'Casa Giulietta', 'Palazzo della Ragione']",Palazzo della Ragione,strategy_nearest,True,0.002480030059814453,success
04CE92BA7B3F80,3,"['San Zeno', 'Castelvecchio']",Duomo,"['AMO', 'Museo Miniscalchi', 'Santa Anastasia', 'Teatro Romano', 'Palazzo della Ragione']",Teatro Romano,strategy_nearest,True,0.0031969547271728516,success
04CE9B429C4C80,0,['Arena'],Castelvecchio,"['Museo Lapidario', 'Verona Tour', 'Museo Radio', 'San Zeno', 'Sighseeing']",San Zeno,strategy_nearest,True,0.0029299259185791016,success
04CE9F4A9C4C80,0,"['Arena', 'Arena']",Casa Giulietta,"['Centro Fotografia', 'Sighseeing', 'Torre Lamberti', 'Museo Conte', 'Museo Radio']",Santa Anastasia,strategy_nearest,False,0.0019519329071044922,success
04CE9D429C4C80,1,"['Arena', 'Casa Giulietta']",Torre Lamberti,"['Sighseeing', 'Centro Fotografia', 'Museo Conte', 'Palazzo della Ragione', 'AMO']",Palazzo della Ragione,strategy_nearest,True,0.003253936767578125,success
04CEA1429C4C80,1,"['Arena', 'Museo Lapidario']",Casa Giulietta,"['Centro Fotografia', 'Sighseeing', 'Torre Lamberti', 'Museo Conte', 'Museo Radio']",Torre Lamberti,strategy_nearest,True,0.0025420188903808594,success
04CEAA4A9C4C80,1,"['Casa Giulietta', 'Torre Lamberti']",Palazzo della Ragione,"['AMO', 'Museo Conte', 'Centro Fotografia', 'Sighseeing', 'Santa Anastasia']",Arena,strategy_nearest,False,0.0036339759826660156,success
04CEAD429C4C80,3,['Arena'],Santa Anastasia,"['AMO', 'Museo Conte', 'Palazzo della Ragione', 'Teatro Romano', 'Centro Fotografia']",Duomo,strategy_nearest,False,0.0017778873443603516,success
04CEB1429C4C80,3,"['Arena', 'Casa Giulietta']",Torre Lamberti,"['Sighseeing', 'Centro Fotografia', 'Museo Conte', 'Palazzo della Ragione', 'AMO']",Teatro Romano,strategy_nearest,False,0.003355741500854492,success
04CEB03A9C4C80,0,['Arena'],Casa Giulietta,"['Centro Fotografia', 'Sighseeing', 'Torre Lamberti', 'Museo Conte', 'Museo Radio']",Torre Lamberti,strategy_nearest,True,0.0028171539306640625,success
04CEBA3A9C4C80,1,"['Arena', 'Torre Lamberti', 'Palazzo della Ragione']",Santa Anastasia,"['AMO', 'Museo Conte', 'Teatro Romano', 'Centro Fotografia', 'Duomo']",Duomo,strategy_nearest,True,0.0030510425567626953,success
04CEB43A9C4C80,0,['Arena'],Casa Giulietta,"['Centro Fotografia', 'Sighseeing', 'Torre Lamberti', 'Museo Conte', 'Museo Radio']",Torre Lamberti,strategy_nearest,True,0.0024938583374023438,success
04CEBC3A9C4C80,1,['Casa Giulietta'],Palazzo della Ragione,"['AMO', 'Museo Conte', 'Torre Lamberti', 'Centro Fotografia', 'Sighseeing']",Arena,strategy_nearest,False,0.003347158432006836,success
04CEBE429C4C80,1,['Castelvecchio'],Arena,"['Verona Tour', 'Museo Lapidario', 'Museo Radio', 'San Fermo', 'Casa Giulietta']",Torre Lamberti,strategy_nearest,False,0.002474069595336914,success
04CECF429C4C80,3,"['Arena', 'Torre Lamberti']",Teatro Romano,"['Santa Anastasia', 'Duomo', 'AMO', 'Palazzo della Ragione', 'Museo Conte']",Giardino Giusti,strategy_nearest,False,0.002671957015991211,success
04CEDB3A9C4C80,0,['Arena'],Casa Giulietta,"['Centro Fotografia', 'Sighseeing', 'Torre Lamberti', 'Museo Conte', 'Museo Radio']",Torre Lamberti,strategy_nearest,True,0.001995086669921875,success
04CED3429C4C80,3,"['Arena', 'Casa Giulietta']",Castelvecchio,"['Museo Lapidario', 'Verona Tour', 'Museo Radio', 'San Zeno', 'Sighseeing']",Torre Lamberti,strategy_nearest,False,0.003367900848388672,success
04CEDF3A9C4C80,0,['Casa Giulietta'],Palazzo della Ragione,"['AMO', 'Museo Conte', 'Torre Lamberti', 'Centro Fotografia', 'Sighseeing']",Arena,strategy_nearest,False,0.003123044967651367,success
04CEE53A9C4C80,1,"['Arena', 'Casa Giulietta']",Palazzo della Ragione,"['AMO', 'Museo Conte', 'Torre Lamberti', 'Centro Fotografia', 'Sighseeing']",Teatro Romano,strategy_nearest,False,0.003336191177368164,success
04CEF53A9C4C80,3,"['Casa Giulietta', 'Santa Anastasia']",Duomo,"['AMO', 'Museo Miniscalchi', 'Teatro Romano', 'Palazzo della Ragione', 'Museo Conte']",Tomba Giulietta,strategy_nearest,False,0.0026879310607910156,success
04CEEC3A9C4C80,2,"['San Zeno', 'Castelvecchio']",Torre Lamberti,"['Sighseeing', 'Centro Fotografia', 'Museo Conte', 'Casa Giulietta', 'Palazzo della Ragione']",Duomo,strategy_nearest,False,0.0021140575408935547,success
04CEF83A9C4C80,0,['Torre Lamberti'],Duomo,"['AMO', 'Museo Miniscalchi', 'Santa Anastasia', 'Teatro Romano', 'Palazzo della Ragione']",Casa Giulietta,strategy_nearest,False,0.003303050994873047,success
04CF003A9C4C84,3,['Arena'],Castelvecchio,"['Museo Lapidario', 'Verona Tour', 'Museo Radio', 'San Zeno', 'Sighseeing']",Duomo,strategy_nearest,False,0.002505064010620117,success
04CF133A9C4C80,1,"['Arena', 'Torre Lamberti']",Santa Anastasia,"['AMO', 'Museo Conte', 'Palazzo della Ragione', 'Teatro Romano', 'Centro Fotografia']",Casa Giulietta,strategy_nearest,False,0.002694845199584961,success
04CF0E429C4C80,0,"['Arena', 'Torre Lamberti']",Teatro Romano,"['Santa Anastasia', 'Duomo', 'AMO', 'Palazzo della Ragione', 'Museo Conte']",Castelvecchio,strategy_nearest,False,0.002398967742919922,success
04CF0F429C4C80,0,['Arena'],Casa Giulietta,"['Centro Fotografia', 'Sighseeing', 'Torre Lamberti', 'Museo Conte', 'Museo Radio']",Torre Lamberti,strategy_nearest,True,0.003381967544555664,success
04CF143A9C4C80,4,"['Arena', 'San Fermo', 'Giardino Giusti']",Torre Lamberti,"['Sighseeing', 'Centro Fotografia', 'Museo Conte', 'Casa Giulietta', 'Palazzo della Ragione']",Museo Radio,strategy_nearest,False,0.0022051334381103516,success
04CF143A9C4C84,0,['Arena'],Casa Giulietta,"['Centro Fotografia', 'Sighseeing', 'Torre Lamberti', 'Museo Conte', 'Museo Radio']",Torre Lamberti,strategy_nearest,True,0.003343820571899414,success
04CF15429C4C80,1,"['Tomba Giulietta', 'Arena', 'Torre Lamberti']",Palazzo della Ragione,"['AMO', 'Museo Conte', 'Centro Fotografia', 'Sighseeing', 'Santa Anastasia']",Casa Giulietta,strategy_nearest,False,0.0019898414611816406,success
04CF19429C4C80,0,['Arena'],Casa Giulietta,"['Centro Fotografia', 'Sighseeing', 'Torre Lamberti', 'Museo Conte', 'Museo Radio']",Santa Anastasia,strategy_nearest,False,0.003017902374267578,success
04CF183A9C4C80,3,"['Arena', 'Casa Giulietta']",Santa Anastasia,"['AMO', 'Museo Conte', 'Palazzo della Ragione', 'Teatro Romano', 'Centro Fotografia']",Duomo,strategy_nearest,False,0.002474069595336914,success
04CF1D3A9C4C80,3,"['Arena', 'Torre Lamberti']",Casa Giulietta,"['Centro Fotografia', 'Sighseeing', 'Museo Conte', 'Museo Radio', 'Palazzo della Ragione']",Santa Anastasia,strategy_nearest,False,0.002452850341796875,success
04CF21429C4C80,1,"['Arena', 'Palazzo della Ragione', 'Torre Lamberti']",Casa Giulietta,"['Centro Fotografia', 'Sighseeing', 'Museo Conte', 'Museo Radio', 'San Fermo']",Santa Anastasia,strategy_nearest,False,0.003097057342529297,success
04CF233A9C4C84,2,"['Teatro Romano', 'Duomo']",Santa Anastasia,"['AMO', 'Museo Conte', 'Palazzo della Ragione', 'Centro Fotografia', 'Torre Lamberti']",Casa Giulietta,strategy_nearest,False,0.002891063690185547,success
04CF283A9C4C80,1,"['Castelvecchio', 'Torre Lamberti']",Palazzo della Ragione,"['AMO', 'Museo Conte', 'Centro Fotografia', 'Sighseeing', 'Santa Anastasia']",Santa Anastasia,strategy_nearest,True,0.0025103092193603516,success
04CF26429C4C84,1,"['Torre Lamberti', 'Palazzo della Ragione']",Castelvecchio,"['Museo Lapidario', 'Verona Tour', 'Arena', 'Museo Radio', 'San Zeno']",Casa Giulietta,strategy_nearest,False,0.003297090530395508,success
04CF2B4A9C4C80,1,"['Arena', 'Castelvecchio', 'San Zeno', 'Torre Lamberti']",Santa Anastasia,"['AMO', 'Museo Conte', 'Palazzo della Ragione', 'Teatro Romano', 'Centro Fotografia']",Palazzo della Ragione,strategy_nearest,True,0.003248929977416992,success
04CF2F429C4C80,1,"['Santa Anastasia', 'Casa Giulietta', 'Torre Lamberti']",Palazzo della Ragione,"['AMO', 'Museo Conte', 'Centro Fotografia', 'Sighseeing', 'Museo Miniscalchi']",Museo Storia,strategy_nearest,False,0.0033829212188720703,success
04CF3D3A9C4C80,0,['Castelvecchio'],Arena,"['Verona Tour', 'Museo Lapidario', 'Museo Radio', 'San Fermo', 'Casa Giulietta']",Casa Giulietta,strategy_nearest,True,0.002492189407348633,success
04CF3A3A9C4C80,3,"['Santa Anastasia', 'Casa Giulietta']",Arena,"['Verona Tour', 'Museo Lapidario', 'Museo Radio', 'San Fermo', 'Sighseeing']",Castelvecchio,strategy_nearest,False,0.003301858901977539,success
04CF3F429C4C80,3,['Arena'],Casa Giulietta,"['Centro Fotografia', 'Sighseeing', 'Torre Lamberti', 'Museo Conte', 'Museo Radio']",Santa Anastasia,strategy_nearest,False,0.0033979415893554688,success
04CF483A9C4C80,3,"['Arena', 'Santa Anastasia', 'Teatro Romano']",Giardino Giusti,"['Museo Conte', 'Centro Fotografia', 'Museo Storia', 'AMO', 'Casa Giulietta']",San Zeno,strategy_nearest,False,0.002568960189819336,success
04CF433A9C4C80,1,"['Arena', 'Casa Giulietta', 'Torre Lamberti']",Palazzo della Ragione,"['AMO', 'Museo Conte', 'Centro Fotografia', 'Sighseeing', 'Santa Anastasia']",Santa Anastasia,strategy_nearest,True,0.002821207046508789,success
04CF47429C4C80,0,['Arena'],Casa Giulietta,"['Centro Fotografia', 'Sighseeing', 'Torre Lamberti', 'Museo Conte', 'Museo Radio']",Palazzo della Ragione,strategy_nearest,False,0.0032770633697509766,success
04CF49429C4C80,0,['Casa Giulietta'],Arena,"['Verona Tour', 'Museo Lapidario', 'Museo Radio', 'San Fermo', 'Sighseeing']",Torre Lamberti,strategy_nearest,False,0.0029120445251464844,success
04CF4B3A9C4C80,0,['Arena'],Casa Giulietta,"['Centro Fotografia', 'Sighseeing', 'Torre Lamberti', 'Museo Conte', 'Museo Radio']",Castelvecchio,strategy_nearest,False,0.0027129650115966797,success
04CF4F3A9C4C80,1,"['Arena', 'Palazzo della Ragione']",Torre Lamberti,"['Sighseeing', 'Centro Fotografia', 'Museo Conte', 'Casa Giulietta', 'AMO']",Teatro Romano,strategy_nearest,False,0.002084016799926758,success
04CF543A9C4C80,0,['Castelvecchio'],Casa Giulietta,"['Centro Fotografia', 'Sighseeing', 'Torre Lamberti', 'Museo Conte', 'Museo Radio']",Arena,strategy_nearest,False,0.002772808074951172,success
04CF59429C4C80,2,"['Casa Giulietta', 'Torre Lamberti', 'Palazzo della Ragione']",Santa Anastasia,"['AMO', 'Museo Conte', 'Teatro Romano', 'Centro Fotografia', 'Duomo']",Teatro Romano,strategy_nearest,True,0.0034830570220947266,success
04CF5E3A9C4C80,3,['Arena'],San Fermo,"['Museo Storia', 'Museo Radio', 'Casa Giulietta', 'Centro Fotografia', 'Sighseeing']",Teatro Romano,strategy_nearest,False,0.002711057662963867,success
04CF69429C4C80,2,"['Tomba Giulietta', 'Palazzo della Ragione']",Torre Lamberti,"['Sighseeing', 'Centro Fotografia', 'Museo Conte', 'Casa Giulietta', 'AMO']",Casa Giulietta,strategy_nearest,True,0.0031731128692626953,success
04CF86429C4C80,0,['Castelvecchio'],Teatro Romano,"['Santa Anastasia', 'Duomo', 'AMO', 'Palazzo della Ragione', 'Museo Conte']",Arena,strategy_nearest,False,0.0027587413787841797,success
04CF85429C4C80,3,"['Duomo', 'Arena']",Torre Lamberti,"['Sighseeing', 'Centro Fotografia', 'Museo Conte', 'Casa Giulietta', 'Palazzo della Ragione']",Casa Giulietta,strategy_nearest,True,0.002682924270629883,success
04CF843A9C4C80,0,"['Casa Giulietta', 'Tomba Giulietta']",Arena,"['Verona Tour', 'Museo Lapidario', 'Museo Radio', 'San Fermo', 'Sighseeing']",Torre Lamberti,strategy_nearest,False,0.002737283706665039,success
04CF864A9C4C80,0,"['Casa Giulietta', 'Torre Lamberti', 'Castelvecchio']",Arena,"['Verona Tour', 'Museo Lapidario', 'Museo Radio', 'San Fermo', 'Sighseeing']",San Fermo,strategy_nearest,True,0.0046539306640625,success
04CF873A9C4C80,0,['Torre Lamberti'],Casa Giulietta,"['Centro Fotografia', 'Sighseeing', 'Museo Conte', 'Museo Radio', 'Palazzo della Ragione']",Arena,strategy_nearest,False,0.0028579235076904297,success
04CF8C429C4C80,0,['Castelvecchio'],Arena,"['Verona Tour', 'Museo Lapidario', 'Museo Radio', 'San Fermo', 'Casa Giulietta']",Casa Giulietta,strategy_nearest,True,0.001547098159790039,success
04CF904A9C4C80,0,['Arena'],Giardino Giusti,"['Santa Anastasia', 'Teatro Romano', 'Museo Conte', 'Centro Fotografia', 'Museo Storia']",Teatro Romano,strategy_nearest,True,0.0032608509063720703,success
04CFA64A9C4C80,0,['Arena'],Tomba Giulietta,"['San Fermo', 'Museo Storia', 'Museo Lapidario', 'Museo Radio', 'Verona Tour']",Giardino Giusti,strategy_nearest,False,0.0032987594604492188,success
04CF994A9C4C80,3,['Arena'],Castelvecchio,"['Museo Lapidario', 'Verona Tour', 'Museo Radio', 'San Zeno', 'Sighseeing']",Torre Lamberti,strategy_nearest,False,0.0034208297729492188,success
04CFAB429C4C80,3,"['Arena', 'Duomo']",Santa Anastasia,"['AMO', 'Museo Conte', 'Palazzo della Ragione', 'Teatro Romano', 'Centro Fotografia']",Torre Lamberti,strategy_nearest,False,0.002023935317993164,success
04CF934A9C4C80,0,"['Tomba Giulietta', 'Teatro Romano']",Torre Lamberti,"['Sighseeing', 'Centro Fotografia', 'Museo Conte', 'Casa Giulietta', 'Palazzo della Ragione']",Arena,strategy_nearest,False,0.0028989315032958984,success
04CFB03A9C4C80,2,['Casa Giulietta'],Santa Anastasia,"['AMO', 'Museo Conte', 'Palazzo della Ragione', 'Teatro Romano', 'Centro Fotografia']",Castelvecchio,strategy_nearest,False,0.0021660327911376953,success
04CFB2429C4C80,0,['Arena'],Casa Giulietta,"['Centro Fotografia', 'Sighseeing', 'Torre Lamberti', 'Museo Conte', 'Museo Radio']",Torre Lamberti,strategy_nearest,True,0.002688169479370117,success
04CFAE3A9C4C80,0,['Tomba Giulietta'],Arena,"['Verona Tour', 'Museo Lapidario', 'Museo Radio', 'San Fermo', 'Casa Giulietta']",Casa Giulietta,strategy_nearest,True,0.0015192031860351562,success
04CFB5429C4C80,0,['Arena'],Casa Giulietta,"['Centro Fotografia', 'Sighseeing', 'Torre Lamberti', 'Museo Conte', 'Museo Radio']",Tomba Giulietta,strategy_nearest,False,0.003827810287475586,success
04CFB63A9C4C80,1,"['Torre Lamberti', 'Palazzo della Ragione']",Casa Giulietta,"['Centro Fotografia', 'Sighseeing', 'Museo Conte', 'Museo Radio', 'San Fermo']",Castelvecchio,strategy_nearest,False,0.002980947494506836,success
04CFB93A9C4C80,0,['Arena'],Casa Giulietta,"['Centro Fotografia', 'Sighseeing', 'Torre Lamberti', 'Museo Conte', 'Museo Radio']",Torre Lamberti,strategy_nearest,True,0.0020837783813476562,success
04CFC43A9C4C80,3,"['Arena', 'Museo Lapidario', 'Castelvecchio']",Casa Giulietta,"['Centro Fotografia', 'Sighseeing', 'Torre Lamberti', 'Museo Conte', 'Museo Radio']",Torre Lamberti,strategy_nearest,True,0.0033600330352783203,success
04CFCE3A9C4C80,1,"['Castelvecchio', 'Casa Giulietta']",Palazzo della Ragione,"['AMO', 'Museo Conte', 'Torre Lamberti', 'Centro Fotografia', 'Sighseeing']",Torre Lamberti,strategy_nearest,True,0.003003835678100586,success
04CFD7429C4C80,0,['San Zeno'],Casa Giulietta,"['Centro Fotografia', 'Sighseeing', 'Torre Lamberti', 'Museo Conte', 'Museo Radio']",Arena,strategy_nearest,False,0.0024938583374023438,success
04CFE23A9C4C80,1,"['Arena', 'Casa Giulietta']",Torre Lamberti,"['Sighseeing', 'Centro Fotografia', 'Museo Conte', 'Palazzo della Ragione', 'AMO']",Palazzo della Ragione,strategy_nearest,True,0.002585172653198242,success
04CFEA429C4C80,3,"['Arena', 'Santa Anastasia', 'Torre Lamberti', 'Casa Giulietta']",Tomba Giulietta,"['San Fermo', 'Museo Storia', 'Museo Lapidario', 'Museo Radio', 'Verona Tour']",San Fermo,strategy_nearest,True,0.002412080764770508,success
04CFEC429C4C80,0,['Arena'],San Zeno,"['Castelvecchio', 'Verona Tour', 'Museo Lapidario', 'Museo Miniscalchi', 'Sighseeing']",Teatro Romano,strategy_nearest,False,0.0032529830932617188,success
04D000429C4C84,0,['Castelvecchio'],San Fermo,"['Museo Storia', 'Museo Radio', 'Casa Giulietta', 'Centro Fotografia', 'Arena']",Arena,strategy_nearest,True,0.003286123275756836,success
04D0103A9C4C84,3,"['Duomo', 'Casa Giulietta', 'San Zeno']",Castelvecchio,"['Museo Lapidario', 'Verona Tour', 'Arena', 'Museo Radio', 'Sighseeing']",Arena,strategy_nearest,True,0.0025899410247802734,success
04D0183A9C4C84,3,"['San Fermo', 'Torre Lamberti']",Santa Anastasia,"['AMO', 'Museo Conte', 'Palazzo della Ragione', 'Teatro Romano', 'Centro Fotografia']",Duomo,strategy_nearest,False,0.0031752586364746094,success
04D01F3A9C4C80,3,"['Casa Giulietta', 'Santa Anastasia']",Teatro Romano,"['Duomo', 'AMO', 'Palazzo della Ragione', 'Museo Conte', 'Centro Fotografia']",Duomo,strategy_nearest,True,0.0032389163970947266,success
04D026429C4C84,1,"['Arena', 'Torre Lamberti']",Palazzo della Ragione,"['AMO', 'Museo Conte', 'Centro Fotografia', 'Sighseeing', 'Santa Anastasia']",Teatro Romano,strategy_nearest,False,0.0034072399139404297,success
04D0253A9C4C80,0,['Castelvecchio'],Casa Giulietta,"['Centro Fotografia', 'Sighseeing', 'Torre Lamberti', 'Museo Conte', 'Museo Radio']",San Fermo,strategy_nearest,False,0.0026841163635253906,success
04D031429C4C80,3,"['Arena', 'San Fermo']",Casa Giulietta,"['Centro Fotografia', 'Sighseeing', 'Torre Lamberti', 'Museo Conte', 'Museo Radio']",Torre Lamberti,strategy_nearest,True,0.0031900405883789062,success
04D02A429C4C84,3,"['Arena', 'San Zeno', 'Torre Lamberti']",Casa Giulietta,"['Centro Fotografia', 'Sighseeing', 'Museo Conte', 'Museo Radio', 'Palazzo della Ragione']",Santa Anastasia,strategy_nearest,False,0.003170013427734375,success
04D036429C4C80,3,"['San Zeno', 'Torre Lamberti', 'Arena', 'Castelvecchio']",Santa Anastasia,"['AMO', 'Museo Conte', 'Palazzo della Ragione', 'Teatro Romano', 'Centro Fotografia']",Duomo,strategy_nearest,False,0.0023279190063476562,success
04D0383A9C4C80,1,"['Santa Anastasia', 'Palazzo della Ragione', 'Casa Giulietta', 'Arena']",Castelvecchio,"['Museo Lapidario', 'Verona Tour', 'Museo Radio', 'San Zeno', 'Sighseeing']",Tomba Giulietta,strategy_nearest,False,0.0032651424407958984,success
04D03D429C4C80,2,['Casa Giulietta'],Torre Lamberti,"['Sighseeing', 'Centro Fotografia', 'Museo Conte', 'Palazzo della Ragione', 'AMO']",Duomo,strategy_nearest,False,0.002585887908935547,success
04D045429C4C80,3,"['Arena', 'Casa Giulietta']",Santa Anastasia,"['AMO', 'Museo Conte', 'Palazzo della Ragione', 'Teatro Romano', 'Centro Fotografia']",Torre Lamberti,strategy_nearest,False,0.002626180648803711,success
04D047429C4C80,0,"['Arena', 'Casa Giulietta']",Castelvecchio,"['Museo Lapidario', 'Verona Tour', 'Museo Radio', 'San Zeno', 'Sighseeing']",San Zeno,strategy_nearest,True,0.003156900405883789,success
04D04DBA7B3F80,0,['Castelvecchio'],Casa Giulietta,"['Centro Fotografia', 'Sighseeing', 'Torre Lamberti', 'Museo Conte', 'Museo Radio']",Arena,strategy_nearest,False,0.002604246139526367,success
04D048BA7B3F80,3,"['Castelvecchio', 'Casa Giulietta']",Arena,"['Verona Tour', 'Museo Lapidario', 'Museo Radio', 'San Fermo', 'Sighseeing']",Torre Lamberti,strategy_nearest,False,0.0038411617279052734,success
04D0513A9C4C80,0,['Arena'],Casa Giulietta,"['Centro Fotografia', 'Sighseeing', 'Torre Lamberti', 'Museo Conte', 'Museo Radio']",Torre Lamberti,strategy_nearest,True,0.003070831298828125,success
04D04E429C4C80,3,"['Castelvecchio', 'Arena', 'Casa Giulietta']",San Zeno,"['Verona Tour', 'Museo Lapidario', 'Museo Miniscalchi', 'Sighseeing', 'Museo Radio']",San Fermo,strategy_nearest,False,0.00335693359375,success
04D052429C4C80,1,"['Teatro Romano', 'Duomo', 'Torre Lamberti']",Palazzo della Ragione,"['AMO', 'Museo Conte', 'Centro Fotografia', 'Sighseeing', 'Santa Anastasia']",Casa Giulietta,strategy_nearest,False,0.0021638870239257812,success
04D053429C4C80,1,"['Arena', 'Castelvecchio', 'Santa Anastasia']",Teatro Romano,"['Duomo', 'AMO', 'Palazzo della Ragione', 'Museo Conte', 'Centro Fotografia']",San Fermo,strategy_nearest,False,0.003007173538208008,success
04D054429C4C80,0,['Torre Lamberti'],Casa Giulietta,"['Centro Fotografia', 'Sighseeing', 'Museo Conte', 'Museo Radio', 'Palazzo della Ragione']",Arena,strategy_nearest,False,0.0026001930236816406,success
04D05D429C4C80,2,"['Tomba Giulietta', 'Museo Storia']",Teatro Romano,"['Santa Anastasia', 'Duomo', 'AMO', 'Palazzo della Ragione', 'Museo Conte']",Santa Anastasia,strategy_nearest,True,0.00327301025390625,success
04D060BA7B3F80,0,['Castelvecchio'],Casa Giulietta,"['Centro Fotografia', 'Sighseeing', 'Torre Lamberti', 'Museo Conte', 'Museo Radio']",Arena,strategy_nearest,False,0.0027420520782470703,success
04D063429C4C80,2,['Tomba Giulietta'],Casa Giulietta,"['Centro Fotografia', 'Sighseeing', 'Torre Lamberti', 'Museo Conte', 'Museo Radio']",Castelvecchio,strategy_nearest,False,0.0033919811248779297,success
04D06CBA7B3F80,3,"['Castelvecchio', 'Casa Giulietta']",Arena,"['Verona Tour', 'Museo Lapidario', 'Museo Radio', 'San Fermo', 'Sighseeing']",Torre Lamberti,strategy_nearest,False,0.0031690597534179688,success
04D0783A9C4C80,2,"['Teatro Romano', 'Duomo']",Palazzo della Ragione,"['AMO', 'Museo Conte', 'Torre Lamberti', 'Centro Fotografia', 'Sighseeing']",Torre Lamberti,strategy_nearest,True,0.001817941665649414,success
04D0763A9C4C80,3,['Santa Anastasia'],Duomo,"['AMO', 'Museo Miniscalchi', 'Teatro Romano', 'Palazzo della Ragione', 'Museo Conte']",Casa Giulietta,strategy_nearest,False,0.003160238265991211,success
04D071BA7B3F80,3,"['Castelvecchio', 'Casa Giulietta']",Arena,"['Verona Tour', 'Museo Lapidario', 'Museo Radio', 'San Fermo', 'Sighseeing']",Torre Lamberti,strategy_nearest,False,0.004001140594482422,success
04D0793A9C4C80,1,"['Arena', 'Castelvecchio']",Duomo,"['AMO', 'Museo Miniscalchi', 'Santa Anastasia', 'Teatro Romano', 'Palazzo della Ragione']",Teatro Romano,strategy_nearest,True,0.0028839111328125,success
04D07F429C4C80,3,"['Arena', 'Santa Anastasia']",Duomo,"['AMO', 'Museo Miniscalchi', 'Teatro Romano', 'Palazzo della Ragione', 'Museo Conte']",Castelvecchio,strategy_nearest,False,0.002668142318725586,success
04D08C3A9C4C80,3,"['San Zeno', 'Santa Anastasia']",Torre Lamberti,"['Sighseeing', 'Centro Fotografia', 'Museo Conte', 'Casa Giulietta', 'Palazzo della Ragione']",Castelvecchio,strategy_nearest,False,0.0024890899658203125,success
04D096429C4C80,0,['Arena'],Casa Giulietta,"['Centro Fotografia', 'Sighseeing', 'Torre Lamberti', 'Museo Conte', 'Museo Radio']",Torre Lamberti,strategy_nearest,True,0.002485036849975586,success
04D0A94A9C4C80,0,['Torre Lamberti'],Arena,"['Verona Tour', 'Museo Lapidario', 'Museo Radio', 'San Fermo', 'Casa Giulietta']",Giardino Giusti,strategy_nearest,False,0.002454042434692383,success
04D097429C4C80,1,['Arena'],Casa Giulietta,"['Centro Fotografia', 'Sighseeing', 'Torre Lamberti', 'Museo Conte', 'Museo Radio']",Torre Lamberti,strategy_nearest,True,0.0032601356506347656,success
04D0A54A9C4C80,0,['Arena'],Torre Lamberti,"['Sighseeing', 'Centro Fotografia', 'Museo Conte', 'Casa Giulietta', 'Palazzo della Ragione']",Casa Giulietta,strategy_nearest,True,0.003192901611328125,success
04D0B83A9C4C80,3,"['Arena', 'Castelvecchio']",Casa Giulietta,"['Centro Fotografia', 'Sighseeing', 'Torre Lamberti', 'Museo Conte', 'Museo Radio']",Torre Lamberti,strategy_nearest,True,0.002732992172241211,success
04D0B03A9C4C80,3,['Arena'],Torre Lamberti,"['Sighseeing', 'Centro Fotografia', 'Museo Conte', 'Casa Giulietta', 'Palazzo della Ragione']",Santa Anastasia,strategy_nearest,False,0.003421783447265625,success
04D0B5429C4C80,0,['Arena'],Casa Giulietta,"['Centro Fotografia', 'Sighseeing', 'Torre Lamberti', 'Museo Conte', 'Museo Radio']",Teatro Romano,strategy_nearest,False,0.0015659332275390625,success
04D0B9429C4C80,3,"['Arena', 'Santa Anastasia', 'Duomo']",Teatro Romano,"['AMO', 'Palazzo della Ragione', 'Museo Conte', 'Centro Fotografia', 'Museo Miniscalchi']",Torre Lamberti,strategy_nearest,False,0.0033559799194335938,success
04D0BE429C4C80,0,['Arena'],Casa Giulietta,"['Centro Fotografia', 'Sighseeing', 'Torre Lamberti', 'Museo Conte', 'Museo Radio']",Torre Lamberti,strategy_nearest,True,0.001837015151977539,success
04D0BB429C4C80,1,"['Arena', 'Casa Giulietta', 'Santa Anastasia']",Torre Lamberti,"['Sighseeing', 'Centro Fotografia', 'Museo Conte', 'Palazzo della Ragione', 'AMO']",Palazzo della Ragione,strategy_nearest,True,0.002460002899169922,success
04D0C03A9C4C80,0,['Torre Lamberti'],Arena,"['Verona Tour', 'Museo Lapidario', 'Museo Radio', 'San Fermo', 'Casa Giulietta']",Duomo,strategy_nearest,False,0.003284931182861328,success
04D0BF3A9C4C80,3,['Arena'],Santa Anastasia,"['AMO', 'Museo Conte', 'Palazzo della Ragione', 'Teatro Romano', 'Centro Fotografia']",Teatro Romano,strategy_nearest,True,0.0027391910552978516,success
04D0C53A9C4C80,3,"['Arena', 'San Fermo']",Casa Giulietta,"['Centro Fotografia', 'Sighseeing', 'Torre Lamberti', 'Museo Conte', 'Museo Radio']",Santa Anastasia,strategy_nearest,False,0.002549886703491211,success
04D0CB3A9C4C80,0,"['Tomba Giulietta', 'San Zeno']",Castelvecchio,"['Museo Lapidario', 'Verona Tour', 'Arena', 'Museo Radio', 'Sighseeing']",Arena,strategy_nearest,True,0.002655029296875,success
04D0C13A9C4C80,0,['Arena'],Casa Giulietta,"['Centro Fotografia', 'Sighseeing', 'Torre Lamberti', 'Museo Conte', 'Museo Radio']",Palazzo della Ragione,strategy_nearest,False,0.003386974334716797,success
04D0CC429C4C80,3,"['Castelvecchio', 'Teatro Romano', 'Giardino Giusti', 'Museo Storia']",Santa Anastasia,"['AMO', 'Museo Conte', 'Palazzo della Ragione', 'Centro Fotografia', 'Duomo']",Torre Lamberti,strategy_nearest,False,0.0033597946166992188,success
04D0D03A9C4C80,3,"['Santa Anastasia', 'Arena']",Museo Lapidario,"['Verona Tour', 'Castelvecchio', 'Museo Radio', 'San Fermo', 'Casa Giulietta']",Casa Giulietta,strategy_nearest,True,0.0030629634857177734,success
04D0DF3A9C4C80,1,"['San Fermo', 'Arena', 'Museo Lapidario']",Castelvecchio,"['Verona Tour', 'Museo Radio', 'San Zeno', 'Sighseeing', 'Museo Miniscalchi']",Palazzo della Ragione,strategy_nearest,False,0.0027840137481689453,success
04D0EA3A9C4C80,1,"['Arena', 'Torre Lamberti']",Palazzo della Ragione,"['AMO', 'Museo Conte', 'Centro Fotografia', 'Sighseeing', 'Santa Anastasia']",Santa Anastasia,strategy_nearest,True,0.0027730464935302734,success
04D0EC429C4C80,4,"['San Zeno', 'Castelvecchio', 'Museo Radio', 'Tomba Giulietta']",Teatro Romano,"['Santa Anastasia', 'Duomo', 'AMO', 'Palazzo della Ragione', 'Museo Conte']",Duomo,strategy_nearest,True,0.003328084945678711,success
04D0F83A9C4C80,1,"['Arena', 'Casa Giulietta']",Palazzo della Ragione,"['AMO', 'Museo Conte', 'Torre Lamberti', 'Centro Fotografia', 'Sighseeing']",Santa Anastasia,strategy_nearest,False,0.0030739307403564453,success
04D101429C4C84,0,['Arena'],Castelvecchio,"['Museo Lapidario', 'Verona Tour', 'Museo Radio', 'San Zeno', 'Sighseeing']",Casa Giulietta,strategy_nearest,False,0.003010988235473633,success
04D1153A9C4C84,3,"['San Fermo', 'Duomo', 'Santa Anastasia']",Torre Lamberti,"['Sighseeing', 'Centro Fotografia', 'Museo Conte', 'Casa Giulietta', 'Palazzo della Ragione']",Casa Giulietta,strategy_nearest,True,0.002451181411743164,success
04D1113A9C4C80,2,"['Tomba Giulietta', 'Casa Giulietta']",Torre Lamberti,"['Sighseeing', 'Centro Fotografia', 'Museo Conte', 'Palazzo della Ragione', 'AMO']",Palazzo della Ragione,strategy_nearest,True,0.002655029296875,success
04D117429C4C84,1,"['Arena', 'Torre Lamberti']",Palazzo della Ragione,"['AMO', 'Museo Conte', 'Centro Fotografia', 'Sighseeing', 'Santa Anastasia']",Casa Giulietta,strategy_nearest,False,0.0034029483795166016,success
04D1183A9C4C84,2,"['Teatro Romano', 'Duomo']",Casa Giulietta,"['Centro Fotografia', 'Sighseeing', 'Torre Lamberti', 'Museo Conte', 'Museo Radio']",Castelvecchio,strategy_nearest,False,0.0033211708068847656,success
04D11D3A9C4C84,1,"['Torre Lamberti', 'Palazzo della Ragione']",Teatro Romano,"['Santa Anastasia', 'Duomo', 'AMO', 'Museo Conte', 'Centro Fotografia']",Duomo,strategy_nearest,True,0.0026979446411132812,success
04D1243A9C4C80,1,"['Arena', 'Casa Giulietta']",Torre Lamberti,"['Sighseeing', 'Centro Fotografia', 'Museo Conte', 'Palazzo della Ragione', 'AMO']",Palazzo della Ragione,strategy_nearest,True,0.003860950469970703,success
04D1263A9C4C80,3,"['San Fermo', 'Torre Lamberti', 'Santa Anastasia']",Duomo,"['AMO', 'Museo Miniscalchi', 'Teatro Romano', 'Palazzo della Ragione', 'Museo Conte']",Teatro Romano,strategy_nearest,True,0.0027549266815185547,success
04D1273A9C4C80,2,['Casa Giulietta'],Teatro Romano,"['Santa Anastasia', 'Duomo', 'AMO', 'Palazzo della Ragione', 'Museo Conte']",Santa Anastasia,strategy_nearest,True,0.004152059555053711,success
04D1254A9C4C80,3,"['Casa Giulietta', 'Torre Lamberti', 'Arena']",Teatro Romano,"['Santa Anastasia', 'Duomo', 'AMO', 'Palazzo della Ragione', 'Museo Conte']",Giardino Giusti,strategy_nearest,False,0.005019187927246094,success
04D1333A9C4C80,3,['Arena'],Santa Anastasia,"['AMO', 'Museo Conte', 'Palazzo della Ragione', 'Teatro Romano', 'Centro Fotografia']",Teatro Romano,strategy_nearest,True,0.0013689994812011719,success
04D137429C4C80,1,"['Arena', 'Palazzo della Ragione']",Torre Lamberti,"['Sighseeing', 'Centro Fotografia', 'Museo Conte', 'Casa Giulietta', 'AMO']",Casa Giulietta,strategy_nearest,True,0.0033638477325439453,success
04D13F3A9C4C80,3,"['Santa Anastasia', 'Casa Giulietta']",Arena,"['Verona Tour', 'Museo Lapidario', 'Museo Radio', 'San Fermo', 'Sighseeing']",Castelvecchio,strategy_nearest,False,0.0022950172424316406,success
04D12B3A9C4C80,3,"['Casa Giulietta', 'Torre Lamberti']",Santa Anastasia,"['AMO', 'Museo Conte', 'Palazzo della Ragione', 'Teatro Romano', 'Centro Fotografia']",Duomo,strategy_nearest,False,0.0035119056701660156,success
04D14A3A9C4C80,0,"['Arena', 'Torre Lamberti']",Casa Giulietta,"['Centro Fotografia', 'Sighseeing', 'Museo Conte', 'Museo Radio', 'Palazzo della Ragione']",Tomba Giulietta,strategy_nearest,False,0.002637147903442383,success
04D16C429C4C80,0,['Arena'],Casa Giulietta,"['Centro Fotografia', 'Sighseeing', 'Torre Lamberti', 'Museo Conte', 'Museo Radio']",Teatro Romano,strategy_nearest,False,0.002583026885986328,success
04D167429C4C80,3,"['Arena', 'Casa Giulietta']",Torre Lamberti,"['Sighseeing', 'Centro Fotografia', 'Museo Conte', 'Palazzo della Ragione', 'AMO']",Santa Anastasia,strategy_nearest,False,0.002003192901611328,success
04D16F429C4C80,3,"['Torre Lamberti', 'Casa Giulietta', 'Santa Anastasia']",Teatro Romano,"['Duomo', 'AMO', 'Palazzo della Ragione', 'Museo Conte', 'Centro Fotografia']",Duomo,strategy_nearest,True,0.003412008285522461,success
04D171429C4C80,3,['Arena'],Santa Anastasia,"['AMO', 'Museo Conte', 'Palazzo della Ragione', 'Teatro Romano', 'Centro Fotografia']",Duomo,strategy_nearest,False,0.0034308433532714844,success
04D17A4A9C4C80,0,['Arena'],San Fermo,"['Museo Storia', 'Museo Radio', 'Casa Giulietta', 'Centro Fotografia', 'Sighseeing']",Casa Giulietta,strategy_nearest,True,0.0031261444091796875,success
04D176429C4C80,1,"['Castelvecchio', 'Santa Anastasia']",Palazzo della Ragione,"['AMO', 'Museo Conte', 'Torre Lamberti', 'Centro Fotografia', 'Sighseeing']",Torre Lamberti,strategy_nearest,True,0.002566099166870117,success
04D17B429C4C80,0,"['Arena', 'Casa Giulietta']",Tomba Giulietta,"['San Fermo', 'Museo Storia', 'Museo Lapidario', 'Museo Radio', 'Verona Tour']",Torre Lamberti,strategy_nearest,False,0.00304412841796875,success
04D18D3A9C4C80,1,"['Arena', 'Museo Lapidario', 'Castelvecchio']",Palazzo della Ragione,"['AMO', 'Museo Conte', 'Torre Lamberti', 'Centro Fotografia', 'Sighseeing']",Torre Lamberti,strategy_nearest,True,0.0018000602722167969,success
04D1854A9C4C80,3,"['Casa Giulietta', 'Torre Lamberti']",Santa Anastasia,"['AMO', 'Museo Conte', 'Palazzo della Ragione', 'Teatro Romano', 'Centro Fotografia']",Arena,strategy_nearest,False,0.002393960952758789,success
04D1944A9C4C80,2,['Tomba Giulietta'],Casa Giulietta,"['Centro Fotografia', 'Sighseeing', 'Torre Lamberti', 'Museo Conte', 'Museo Radio']",Santa Anastasia,strategy_nearest,False,0.002933979034423828,success
04D18F3A9C4C80,0,"['Castelvecchio', 'Torre Lamberti']",Casa Giulietta,"['Centro Fotografia', 'Sighseeing', 'Museo Conte', 'Museo Radio', 'Palazzo della Ragione']",Arena,strategy_nearest,False,0.003635883331298828,success
04D1A44A9C4C80,3,"['Arena', 'Casa Giulietta']",Torre Lamberti,"['Sighseeing', 'Centro Fotografia', 'Museo Conte', 'Palazzo della Ragione', 'AMO']",Santa Anastasia,strategy_nearest,False,0.0030629634857177734,success
04D1AD3A9C4C80,3,"['Arena', 'Casa Giulietta']",Santa Anastasia,"['AMO', 'Museo Conte', 'Palazzo della Ragione', 'Teatro Romano', 'Centro Fotografia']",Duomo,strategy_nearest,False,0.0031900405883789062,success
04D1AF429C4C80,0,['Castelvecchio'],Arena,"['Verona Tour', 'Museo Lapidario', 'Museo Radio', 'San Fermo', 'Casa Giulietta']",Casa Giulietta,strategy_nearest,True,0.002913236618041992,success
04D1954A9C4C80,1,['Arena'],Torre Lamberti,"['Sighseeing', 'Centro Fotografia', 'Museo Conte', 'Casa Giulietta', 'Palazzo della Ragione']",Palazzo della Ragione,strategy_nearest,True,0.002843141555786133,success
04D1B1429C4C80,0,['Arena'],Castelvecchio,"['Museo Lapidario', 'Verona Tour', 'Museo Radio', 'San Zeno', 'Sighseeing']",Museo Storia,strategy_nearest,False,0.0025179386138916016,success
04D1BB3A9C4C80,3,"['Santa Anastasia', 'Torre Lamberti']",Arena,"['Verona Tour', 'Museo Lapidario', 'Museo Radio', 'San Fermo', 'Casa Giulietta']",Castelvecchio,strategy_nearest,False,0.0028438568115234375,success
04D1BC429C4C80,1,['Arena'],Casa Giulietta,"['Centro Fotografia', 'Sighseeing', 'Torre Lamberti', 'Museo Conte', 'Museo Radio']",Torre Lamberti,strategy_nearest,True,0.0031921863555908203,success
04D1BC3A9C4C80,1,"['Castelvecchio', 'Arena']",Casa Giulietta,"['Centro Fotografia', 'Sighseeing', 'Torre Lamberti', 'Museo Conte', 'Museo Radio']",Palazzo della Ragione,strategy_nearest,False,0.0021407604217529297,success
04D1C0429C4C80,1,"['Arena', 'Palazzo della Ragione']",Torre Lamberti,"['Sighseeing', 'Centro Fotografia', 'Museo Conte', 'Casa Giulietta', 'AMO']",Duomo,strategy_nearest,False,0.0039937496185302734,success
04D1C13A9C4C80,0,['Castelvecchio'],Arena,"['Verona Tour', 'Museo Lapidario', 'Museo Radio', 'San Fermo', 'Casa Giulietta']",Torre Lamberti,strategy_nearest,False,0.0018799304962158203,success
04D1F0429C4C80,0,"['Tomba Giulietta', 'Castelvecchio']",Arena,"['Verona Tour', 'Museo Lapidario', 'Museo Radio', 'San Fermo', 'Casa Giulietta']",Torre Lamberti,strategy_nearest,False,0.0028998851776123047,success
04D2053A9C4C84,3,"['Teatro Romano', 'San Fermo']",Castelvecchio,"['Museo Lapidario', 'Verona Tour', 'Arena', 'Museo Radio', 'San Zeno']",San Zeno,strategy_nearest,True,0.0019440650939941406,success
04D1F4429C4C80,3,['Arena'],Torre Lamberti,"['Sighseeing', 'Centro Fotografia', 'Museo Conte', 'Casa Giulietta', 'Palazzo della Ragione']",San Fermo,strategy_nearest,False,0.004088640213012695,success
04D211429C4C80,1,['Torre Lamberti'],Arena,"['Verona Tour', 'Museo Lapidario', 'Museo Radio', 'San Fermo', 'Casa Giulietta']",Palazzo della Ragione,strategy_nearest,False,0.0030050277709960938,success
04D212429C4C80,3,"['Arena', 'Museo Lapidario', 'Castelvecchio']",Casa Giulietta,"['Centro Fotografia', 'Sighseeing', 'Torre Lamberti', 'Museo Conte', 'Museo Radio']",San Fermo,strategy_nearest,False,0.0032148361206054688,success
04D2223A9C4C84,2,['Torre Lamberti'],Teatro Romano,"['Santa Anastasia', 'Duomo', 'AMO', 'Palazzo della Ragione', 'Museo Conte']",Castelvecchio,strategy_nearest,False,0.003760814666748047,success
04D2133A9C4C84,2,['Castelvecchio'],San Zeno,"['Verona Tour', 'Museo Lapidario', 'Arena', 'Museo Miniscalchi', 'Sighseeing']",Tomba Giulietta,strategy_nearest,False,0.0030879974365234375,success
04D21A3A9C4C84,2,['Castelvecchio'],Santa Anastasia,"['AMO', 'Museo Conte', 'Palazzo della Ragione', 'Teatro Romano', 'Centro Fotografia']",Duomo,strategy_nearest,False,0.0031511783599853516,success
04D229429C4C84,0,['Arena'],Castelvecchio,"['Museo Lapidario', 'Verona Tour', 'Museo Radio', 'San Zeno', 'Sighseeing']",Casa Giulietta,strategy_nearest,False,0.001767873764038086,success
04D22C4A9C4C80,0,['Casa Giulietta'],Arena,"['Verona Tour', 'Museo Lapidario', 'Museo Radio', 'San Fermo', 'Sighseeing']",Torre Lamberti,strategy_nearest,False,0.00286102294921875,success
04D22E4A9C4C80,3,"['Arena', 'Torre Lamberti']",Santa Anastasia,"['AMO', 'Museo Conte', 'Palazzo della Ragione', 'Teatro Romano', 'Centro Fotografia']",Casa Giulietta,strategy_nearest,False,0.002569913864135742,success
04D22D429C4C80,1,"['Arena', 'San Fermo', 'Casa Giulietta']",Torre Lamberti,"['Sighseeing', 'Centro Fotografia', 'Museo Conte', 'Palazzo della Ragione', 'AMO']",Palazzo della Ragione,strategy_nearest,True,0.0034530162811279297,success
04D22A4A9C4C80,1,"['Castelvecchio', 'Arena', 'San Fermo', 'Torre Lamberti']",Palazzo della Ragione,"['AMO', 'Museo Conte', 'Centro Fotografia', 'Sighseeing', 'Santa Anastasia']",Casa Giulietta,strategy_nearest,False,0.0023832321166992188,success
04D2384A9C4C80,1,"['Casa Giulietta', 'Palazzo della Ragione', 'Torre Lamberti']",Santa Anastasia,"['AMO', 'Museo Conte', 'Teatro Romano', 'Centro Fotografia', 'Duomo']",Duomo,strategy_nearest,True,0.002864837646484375,success
04D2393A9C4C80,3,"['Duomo', 'Santa Anastasia']",Torre Lamberti,"['Sighseeing', 'Centro Fotografia', 'Museo Conte', 'Casa Giulietta', 'Palazzo della Ragione']",Casa Giulietta,strategy_nearest,True,0.002936124801635742,success
04D23E3A9C4C80,0,['Arena'],Casa Giulietta,"['Centro Fotografia', 'Sighseeing', 'Torre Lamberti', 'Museo Conte', 'Museo Radio']",Torre Lamberti,strategy_nearest,True,0.0034401416778564453,success
04D234429C4C80,3,"['Arena', 'Santa Anastasia', 'Duomo', 'San Fermo']",Museo Lapidario,"['Verona Tour', 'Castelvecchio', 'Museo Radio', 'Casa Giulietta', 'Tomba Giulietta']",Castelvecchio,strategy_nearest,True,0.0023131370544433594,success
04D2453A9C4C80,1,"['Arena', 'Casa Giulietta']",Torre Lamberti,"['Sighseeing', 'Centro Fotografia', 'Museo Conte', 'Palazzo della Ragione', 'AMO']",Palazzo della Ragione,strategy_nearest,True,0.002084016799926758,success
04D2423A9C4C80,0,['Duomo'],Casa Giulietta,"['Centro Fotografia', 'Sighseeing', 'Torre Lamberti', 'Museo Conte', 'Museo Radio']",Arena,strategy_nearest,False,0.002615213394165039,success
04D24A429C4C80,2,['Castelvecchio'],Casa Giulietta,"['Centro Fotografia', 'Sighseeing', 'Torre Lamberti', 'Museo Conte', 'Museo Radio']",Torre Lamberti,strategy_nearest,True,0.0027489662170410156,success
04D24E3A9C4C80,0,['Arena'],Castelvecchio,"['Museo Lapidario', 'Verona Tour', 'Museo Radio', 'San Zeno', 'Sighseeing']",San Zeno,strategy_nearest,True,0.003175973892211914,success
04D255429C4C80,3,"['Arena', 'Tomba Giulietta', 'Casa Giulietta']",Santa Anastasia,"['AMO', 'Museo Conte', 'Palazzo della Ragione', 'Teatro Romano', 'Centro Fotografia']",Torre Lamberti,strategy_nearest,False,0.0032830238342285156,success
04D24F3A9C4C80,2,"['Casa Giulietta', 'Palazzo della Ragione']",Torre Lamberti,"['Sighseeing', 'Centro Fotografia', 'Museo Conte', 'AMO', 'Museo Miniscalchi']",Santa Anastasia,strategy_nearest,False,0.0022139549255371094,success
04D253429C4C80,1,"['San Fermo', 'Duomo', 'Palazzo della Ragione']",Torre Lamberti,"['Sighseeing', 'Centro Fotografia', 'Museo Conte', 'Casa Giulietta', 'AMO']",Castelvecchio,strategy_nearest,False,0.0033872127532958984,success
04D264429C4C80,3,"['Arena', 'Casa Giulietta']",Santa Anastasia,"['AMO', 'Museo Conte', 'Palazzo della Ragione', 'Teatro Romano', 'Centro Fotografia']",Teatro Romano,strategy_nearest,True,0.0020248889923095703,success
04D271429C4C80,0,"['Arena', 'Casa Giulietta']",Torre Lamberti,"['Sighseeing', 'Centro Fotografia', 'Museo Conte', 'Palazzo della Ragione', 'AMO']",Duomo,strategy_nearest,False,0.00203704833984375,success
04D269429C4C80,0,['Arena'],Castelvecchio,"['Museo Lapidario', 'Verona Tour', 'Museo Radio', 'San Zeno', 'Sighseeing']",Teatro Romano,strategy_nearest,False,0.0027551651000976562,success
04D26A429C4C80,0,['Arena'],Casa Giulietta,"['Centro Fotografia', 'Sighseeing', 'Torre Lamberti', 'Museo Conte', 'Museo Radio']",Santa Anastasia,strategy_nearest,False,0.0015459060668945312,success
04D26C3A9C4C80,0,['Torre Lamberti'],Arena,"['Verona Tour', 'Museo Lapidario', 'Museo Radio', 'San Fermo', 'Casa Giulietta']",Casa Giulietta,strategy_nearest,True,0.0032958984375,success
04D276429C4C80,0,['Casa Giulietta'],Arena,"['Verona Tour', 'Museo Lapidario', 'Museo Radio', 'San Fermo', 'Sighseeing']",Tomba Giulietta,strategy_nearest,False,0.0013272762298583984,success
04D277429C4C80,1,['Casa Giulietta'],Palazzo della Ragione,"['AMO', 'Museo Conte', 'Torre Lamberti', 'Centro Fotografia', 'Sighseeing']",Torre Lamberti,strategy_nearest,True,0.002123117446899414,success
04D2793A9C4C80,0,['Teatro Romano'],Arena,"['Verona Tour', 'Museo Lapidario', 'Museo Radio', 'San Fermo', 'Casa Giulietta']",Tomba Giulietta,strategy_nearest,False,0.0027170181274414062,success
04D279429C4C80,0,"['Tomba Giulietta', 'Castelvecchio']",Casa Giulietta,"['Centro Fotografia', 'Sighseeing', 'Torre Lamberti', 'Museo Conte', 'Museo Radio']",Duomo,strategy_nearest,False,0.003309011459350586,success
04D28E4A9C4C80,1,"['Casa Giulietta', 'Palazzo della Ragione']",Torre Lamberti,"['Sighseeing', 'Centro Fotografia', 'Museo Conte', 'AMO', 'Museo Miniscalchi']",Arena,strategy_nearest,False,0.002357006072998047,success
04D27A4A9C4C80,1,"['Arena', 'Casa Giulietta', 'Torre Lamberti']",Palazzo della Ragione,"['AMO', 'Museo Conte', 'Centro Fotografia', 'Sighseeing', 'Santa Anastasia']",Santa Anastasia,strategy_nearest,True,0.003246784210205078,success
04D29C4A9C4C80,3,"['Arena', 'Museo Lapidario', 'Torre Lamberti']",Santa Anastasia,"['AMO', 'Museo Conte', 'Palazzo della Ragione', 'Teatro Romano', 'Centro Fotografia']",Duomo,strategy_nearest,False,0.0025610923767089844,success
04D29D429C4C80,2,['Casa Giulietta'],Duomo,"['AMO', 'Museo Miniscalchi', 'Santa Anastasia', 'Teatro Romano', 'Palazzo della Ragione']",Tomba Giulietta,strategy_nearest,False,0.0033180713653564453,success
04D29E429C4C80,0,['Arena'],Museo Lapidario,"['Verona Tour', 'Castelvecchio', 'Museo Radio', 'San Fermo', 'Casa Giulietta']",Casa Giulietta,strategy_nearest,True,0.002583742141723633,success
04D2A0429C4C80,0,['Arena'],Casa Giulietta,"['Centro Fotografia', 'Sighseeing', 'Torre Lamberti', 'Museo Conte', 'Museo Radio']",Tomba Giulietta,strategy_nearest,False,0.0026891231536865234,success
04D2AF3A9C4C80,0,['Castelvecchio'],Casa Giulietta,"['Centro Fotografia', 'Sighseeing', 'Torre Lamberti', 'Museo Conte', 'Museo Radio']",Arena,strategy_nearest,False,0.0032320022583007812,success
04D2BE429C4C80,0,['Arena'],San Zeno,"['Castelvecchio', 'Verona Tour', 'Museo Lapidario', 'Museo Miniscalchi', 'Sighseeing']",Castelvecchio,strategy_nearest,True,0.002608776092529297,success
04D2C03A9C4C80,0,"['Arena', 'Museo Lapidario']",Castelvecchio,"['Verona Tour', 'Museo Radio', 'San Zeno', 'Sighseeing', 'Museo Miniscalchi']",Duomo,strategy_nearest,False,0.002665996551513672,success
04D2CF429C4C80,3,"['Torre Lamberti', 'Santa Anastasia', 'Teatro Romano']",Giardino Giusti,"['Museo Conte', 'Centro Fotografia', 'Museo Storia', 'AMO', 'Casa Giulietta']",Arena,strategy_nearest,False,0.003237009048461914,success
04D2E73A9C4C80,6,"['Arena', 'Casa Giulietta', 'Teatro Romano']",Torre Lamberti,"['Sighseeing', 'Centro Fotografia', 'Museo Conte', 'Palazzo della Ragione', 'AMO']",San Fermo,strategy_nearest,False,0.002480030059814453,success
04D2DE3A9C4C80,3,"['Torre Lamberti', 'Casa Giulietta']",Santa Anastasia,"['AMO', 'Museo Conte', 'Palazzo della Ragione', 'Teatro Romano', 'Centro Fotografia']",Duomo,strategy_nearest,False,0.003866910934448242,success
04D2E9429C4C80,1,"['Casa Giulietta', 'Santa Anastasia', 'Palazzo della Ragione']",San Zeno,"['Castelvecchio', 'Verona Tour', 'Museo Lapidario', 'Arena', 'Museo Miniscalchi']",Arena,strategy_nearest,True,0.0031290054321289062,success
04D30E429C4C80,0,['Arena'],Casa Giulietta,"['Centro Fotografia', 'Sighseeing', 'Torre Lamberti', 'Museo Conte', 'Museo Radio']",Duomo,strategy_nearest,False,0.0024111270904541016,success
04D300429C4C84,1,"['Arena', 'Torre Lamberti']",Palazzo della Ragione,"['AMO', 'Museo Conte', 'Centro Fotografia', 'Sighseeing', 'Santa Anastasia']",Teatro Romano,strategy_nearest,False,0.0040318965911865234,success
04D30F3A9C4C84,0,['Arena'],San Fermo,"['Museo Storia', 'Museo Radio', 'Casa Giulietta', 'Centro Fotografia', 'Sighseeing']",Casa Giulietta,strategy_nearest,True,0.0027871131896972656,success
04D3123A9C4C84,1,"['Arena', 'Casa Giulietta', 'Torre Lamberti']",Palazzo della Ragione,"['AMO', 'Museo Conte', 'Centro Fotografia', 'Sighseeing', 'Santa Anastasia']",Santa Anastasia,strategy_nearest,True,0.003432035446166992,success
04D313429C4C80,0,"['Casa Giulietta', 'Arena', 'Museo Lapidario']",Castelvecchio,"['Verona Tour', 'Museo Radio', 'San Zeno', 'Sighseeing', 'Museo Miniscalchi']",Tomba Giulietta,strategy_nearest,False,0.002765655517578125,success
04D31C429C4C80,2,"['Casa Giulietta', 'Torre Lamberti']",Santa Anastasia,"['AMO', 'Museo Conte', 'Palazzo della Ragione', 'Teatro Romano', 'Centro Fotografia']",Teatro Romano,strategy_nearest,True,0.0019068717956542969,success
04D318429C4C80,3,"['Arena', 'Casa Giulietta']",Santa Anastasia,"['AMO', 'Museo Conte', 'Palazzo della Ragione', 'Teatro Romano', 'Centro Fotografia']",Teatro Romano,strategy_nearest,True,0.003426074981689453,success
04D3223A9C4C80,1,"['Castelvecchio', 'Arena', 'Museo Lapidario']",Torre Lamberti,"['Sighseeing', 'Centro Fotografia', 'Museo Conte', 'Casa Giulietta', 'Palazzo della Ragione']",Palazzo della Ragione,strategy_nearest,True,0.003119230270385742,success
04D3233A9C4C80,1,"['Casa Giulietta', 'Palazzo della Ragione']",Torre Lamberti,"['Sighseeing', 'Centro Fotografia', 'Museo Conte', 'AMO', 'Museo Miniscalchi']",Santa Anastasia,strategy_nearest,False,0.0031921863555908203,success
04D32A3A9C4C80,0,['Torre Lamberti'],Arena,"['Verona Tour', 'Museo Lapidario', 'Museo Radio', 'San Fermo', 'Casa Giulietta']",Tomba Giulietta,strategy_nearest,False,0.002588987350463867,success
04D32E429C4C80,3,"['Torre Lamberti', 'Arena']",Teatro Romano,"['Santa Anastasia', 'Duomo', 'AMO', 'Palazzo della Ragione', 'Museo Conte']",Castelvecchio,strategy_nearest,False,0.0035610198974609375,success
04D32A4A9C4C80,1,"['Arena', 'San Fermo', 'Casa Giulietta']",Torre Lamberti,"['Sighseeing', 'Centro Fotografia', 'Museo Conte', 'Palazzo della Ragione', 'AMO']",Palazzo della Ragione,strategy_nearest,True,0.002624988555908203,success
04D334429C4C80,1,"['Arena', 'Casa Giulietta']",Palazzo della Ragione,"['AMO', 'Museo Conte', 'Torre Lamberti', 'Centro Fotografia', 'Sighseeing']",Santa Anastasia,strategy_nearest,False,0.002454042434692383,success
04D32E4A9C4C80,2,"['Museo Lapidario', 'Castelvecchio', 'Duomo', 'Casa Giulietta']",Palazzo della Ragione,"['AMO', 'Museo Conte', 'Torre Lamberti', 'Centro Fotografia', 'Sighseeing']",Torre Lamberti,strategy_nearest,True,0.0037927627563476562,success
04D33D3A9C4C80,1,"['Torre Lamberti', 'Palazzo della Ragione', 'Arena']",Casa Giulietta,"['Centro Fotografia', 'Sighseeing', 'Museo Conte', 'Museo Radio', 'San Fermo']",Museo Lapidario,strategy_nearest,False,0.002167224884033203,success
04D33E3A9C4C80,1,"['Casa Giulietta', 'Palazzo della Ragione']",San Zeno,"['Castelvecchio', 'Verona Tour', 'Museo Lapidario', 'Arena', 'Museo Miniscalchi']",Arena,strategy_nearest,True,0.0025930404663085938,success
04D3423A9C4C80,3,"['Teatro Romano', 'Museo Storia', 'San Fermo']",Tomba Giulietta,"['Arena', 'Museo Lapidario', 'Museo Radio', 'Verona Tour', 'Casa Giulietta']",Arena,strategy_nearest,True,0.00269317626953125,success
04D363BA7B3F80,1,"['Teatro Romano', 'Santa Anastasia', 'San Fermo', 'Tomba Giulietta']",Arena,"['Verona Tour', 'Museo Lapidario', 'Museo Radio', 'Casa Giulietta', 'Sighseeing']",Castelvecchio,strategy_nearest,False,0.0024199485778808594,success
04D358429C4C80,1,['Arena'],Torre Lamberti,"['Sighseeing', 'Centro Fotografia', 'Museo Conte', 'Casa Giulietta', 'Palazzo della Ragione']",Palazzo della Ragione,strategy_nearest,True,0.0032439231872558594,success
04D354429C4C80,3,"['Arena', 'Casa Giulietta', 'Torre Lamberti', 'Santa Anastasia']",Teatro Romano,"['Duomo', 'AMO', 'Palazzo della Ragione', 'Museo Conte', 'Centro Fotografia']",Duomo,strategy_nearest,True,0.0023441314697265625,success
04D35B3A9C4C80,0,['Casa Giulietta'],Arena,"['Verona Tour', 'Museo Lapidario', 'Museo Radio', 'San Fermo', 'Sighseeing']",Teatro Romano,strategy_nearest,False,0.003104686737060547,success
04D3653A9C4C80,2,"['Torre Lamberti', 'Palazzo della Ragione']",Giardino Giusti,"['Santa Anastasia', 'Teatro Romano', 'Museo Conte', 'Centro Fotografia', 'Museo Storia']",Castelvecchio,strategy_nearest,False,0.0027823448181152344,success
04D3673A9C4C80,1,"['Arena', 'Casa Giulietta', 'Tomba Giulietta', 'Giardino Giusti', 'Teatro Romano']",Duomo,"['AMO', 'Museo Miniscalchi', 'Santa Anastasia', 'Palazzo della Ragione', 'Museo Conte']",Santa Anastasia,strategy_nearest,True,0.0020990371704101562,success
04D36F429C4C80,3,"['Arena', 'Casa Giulietta']",Torre Lamberti,"['Sighseeing', 'Centro Fotografia', 'Museo Conte', 'Palazzo della Ragione', 'AMO']",Santa Anastasia,strategy_nearest,False,0.0033202171325683594,success
04D368BA7B3F80,1,"['Duomo', 'Castelvecchio', 'Arena', 'Casa Giulietta', 'San Zeno']",Tomba Giulietta,"['San Fermo', 'Museo Storia', 'Museo Lapidario', 'Museo Radio', 'Verona Tour']",Museo Storia,strategy_nearest,True,0.0026712417602539062,success
04D374BA7B3F80,1,"['Duomo', 'Castelvecchio', 'Arena', 'Casa Giulietta', 'San Zeno']",Tomba Giulietta,"['San Fermo', 'Museo Storia', 'Museo Lapidario', 'Museo Radio', 'Verona Tour']",Museo Storia,strategy_nearest,True,0.002336740493774414,success
04D370429C4C80,2,['Casa Giulietta'],Santa Anastasia,"['AMO', 'Museo Conte', 'Palazzo della Ragione', 'Teatro Romano', 'Centro Fotografia']",Duomo,strategy_nearest,False,0.0019347667694091797,success
04D373429C4C80,0,['Arena'],Casa Giulietta,"['Centro Fotografia', 'Sighseeing', 'Torre Lamberti', 'Museo Conte', 'Museo Radio']",Torre Lamberti,strategy_nearest,True,0.0020771026611328125,success
04D36FBA7B3F80,1,"['Teatro Romano', 'Santa Anastasia', 'San Fermo', 'Tomba Giulietta']",Arena,"['Verona Tour', 'Museo Lapidario', 'Museo Radio', 'Casa Giulietta', 'Sighseeing']",Castelvecchio,strategy_nearest,False,0.004590034484863281,success
04D375429C4C80,0,['Castelvecchio'],Arena,"['Verona Tour', 'Museo Lapidario', 'Museo Radio', 'San Fermo', 'Casa Giulietta']",Torre Lamberti,strategy_nearest,False,0.002007007598876953,success
04D3753A9C4C80,0,['Arena'],Casa Giulietta,"['Centro Fotografia', 'Sighseeing', 'Torre Lamberti', 'Museo Conte', 'Museo Radio']",Santa Anastasia,strategy_nearest,False,0.0019626617431640625,success
04D380BA7B3F80,1,"['Duomo', 'Palazzo della Ragione']",Arena,"['Verona Tour', 'Museo Lapidario', 'Museo Radio', 'San Fermo', 'Casa Giulietta']",Casa Giulietta,strategy_nearest,True,0.0026862621307373047,success
04D37F429C4C80,0,['Castelvecchio'],Casa Giulietta,"['Centro Fotografia', 'Sighseeing', 'Torre Lamberti', 'Museo Conte', 'Museo Radio']",Arena,strategy_nearest,False,0.0034639835357666016,success
04D382429C4C80,3,"['Arena', 'Torre Lamberti', 'Casa Giulietta']",Santa Anastasia,"['AMO', 'Museo Conte', 'Palazzo della Ragione', 'Teatro Romano', 'Centro Fotografia']",Duomo,strategy_nearest,False,0.002525806427001953,success
04D3854A9C4C80,0,"['Arena', 'Casa Giulietta']",Giardino Giusti,"['Santa Anastasia', 'Teatro Romano', 'Museo Conte', 'Centro Fotografia', 'Museo Storia']",Giardino Giusti,strategy_nearest,False,0.0025649070739746094,success
04D387429C4C80,0,['Castelvecchio'],Arena,"['Verona Tour', 'Museo Lapidario', 'Museo Radio', 'San Fermo', 'Casa Giulietta']",Torre Lamberti,strategy_nearest,False,0.003228902816772461,success
04D3894A9C4C80,0,['Casa Giulietta'],Torre Lamberti,"['Sighseeing', 'Centro Fotografia', 'Museo Conte', 'Palazzo della Ragione', 'AMO']",Arena,strategy_nearest,False,0.003695964813232422,success
04D38C3A9C4C80,1,['Arena'],Palazzo della Ragione,"['AMO', 'Museo Conte', 'Torre Lamberti', 'Centro Fotografia', 'Sighseeing']",Torre Lamberti,strategy_nearest,True,0.0018279552459716797,success
04D38CBA7B3F80,1,"['Duomo', 'Santa Anastasia', 'Palazzo della Ragione']",Arena,"['Verona Tour', 'Museo Lapidario', 'Museo Radio', 'San Fermo', 'Casa Giulietta']",Casa Giulietta,strategy_nearest,True,0.003412008285522461,success
04D38E4A9C4C80,3,"['Casa Giulietta', 'Santa Anastasia', 'Duomo', 'Teatro Romano']",Arena,"['Verona Tour', 'Museo Lapidario', 'Museo Radio', 'San Fermo', 'Sighseeing']",Castelvecchio,strategy_nearest,False,0.0024352073669433594,success
04D38D3A9C4C80,3,"['San Zeno', 'Castelvecchio', 'Torre Lamberti']",Casa Giulietta,"['Centro Fotografia', 'Sighseeing', 'Museo Conte', 'Museo Radio', 'Palazzo della Ragione']",Santa Anastasia,strategy_nearest,False,0.0033037662506103516,success
04D38D4A9C4C80,0,"['Museo Lapidario', 'Arena']",Casa Giulietta,"['Centro Fotografia', 'Sighseeing', 'Torre Lamberti', 'Museo Conte', 'Museo Radio']",Torre Lamberti,strategy_nearest,True,0.003335237503051758,success
04D399429C4C80,0,['Arena'],Casa Giulietta,"['Centro Fotografia', 'Sighseeing', 'Torre Lamberti', 'Museo Conte', 'Museo Radio']",Santa Anastasia,strategy_nearest,False,0.0015289783477783203,success
04D39E429C4C80,1,"['Arena', 'Torre Lamberti']",Palazzo della Ragione,"['AMO', 'Museo Conte', 'Centro Fotografia', 'Sighseeing', 'Santa Anastasia']",Teatro Romano,strategy_nearest,False,0.002641916275024414,success
04D38F3A9C4C80,0,['Arena'],Casa Giulietta,"['Centro Fotografia', 'Sighseeing', 'Torre Lamberti', 'Museo Conte', 'Museo Radio']",Torre Lamberti,strategy_nearest,True,0.004559993743896484,success
04D392429C4C80,1,"['Castelvecchio', 'Arena', 'Casa Giulietta']",Palazzo della Ragione,"['AMO', 'Museo Conte', 'Torre Lamberti', 'Centro Fotografia', 'Sighseeing']",Santa Anastasia,strategy_nearest,False,0.0027570724487304688,success
04D39E4A9C4C80,1,"['Castelvecchio', 'Arena', 'Torre Lamberti']",Palazzo della Ragione,"['AMO', 'Museo Conte', 'Centro Fotografia', 'Sighseeing', 'Santa Anastasia']",Santa Anastasia,strategy_nearest,True,0.0011091232299804688,success
04D3A4BA7B3F80,3,['Arena'],Castelvecchio,"['Museo Lapidario', 'Verona Tour', 'Museo Radio', 'San Zeno', 'Sighseeing']",San Fermo,strategy_nearest,False,0.0019571781158447266,success
04D3A84A9C4C80,0,['Arena'],Casa Giulietta,"['Centro Fotografia', 'Sighseeing', 'Torre Lamberti', 'Museo Conte', 'Museo Radio']",Giardino Giusti,strategy_nearest,False,0.0025949478149414062,success
04D3AF3A9C4C80,2,['Casa Giulietta'],Santa Anastasia,"['AMO', 'Museo Conte', 'Palazzo della Ragione', 'Teatro Romano', 'Centro Fotografia']",Castelvecchio,strategy_nearest,False,0.0024819374084472656,success
04D3B03A9C4C80,1,"['Arena', 'Torre Lamberti', 'Palazzo della Ragione']",Santa Anastasia,"['AMO', 'Museo Conte', 'Teatro Romano', 'Centro Fotografia', 'Duomo']",Duomo,strategy_nearest,True,0.0032439231872558594,success
04D3AA3A9C4C80,3,['Arena'],Casa Giulietta,"['Centro Fotografia', 'Sighseeing', 'Torre Lamberti', 'Museo Conte', 'Museo Radio']",Torre Lamberti,strategy_nearest,True,0.004297018051147461,success
04D3B93A9C4C80,0,['Arena'],Casa Giulietta,"['Centro Fotografia', 'Sighseeing', 'Torre Lamberti', 'Museo Conte', 'Museo Radio']",Torre Lamberti,strategy_nearest,True,0.003182649612426758,success
04D3BC429C4C80,3,"['Santa Anastasia', 'Arena', 'Museo Lapidario']",Casa Giulietta,"['Centro Fotografia', 'Sighseeing', 'Torre Lamberti', 'Museo Conte', 'Museo Radio']",Museo Storia,strategy_nearest,False,0.0024611949920654297,success
04D3BFBA7B3F80,1,"['Santa Anastasia', 'San Zeno', 'Castelvecchio']",San Fermo,"['Museo Storia', 'Museo Radio', 'Casa Giulietta', 'Centro Fotografia', 'Arena']",Arena,strategy_nearest,True,0.0024237632751464844,success
04D3C3429C4C80,0,"['Arena', 'Castelvecchio']",Casa Giulietta,"['Centro Fotografia', 'Sighseeing', 'Torre Lamberti', 'Museo Conte', 'Museo Radio']",Duomo,strategy_nearest,False,0.0031349658966064453,success
04D3C33A9C4C80,0,"['Arena', 'Casa Giulietta']",Torre Lamberti,"['Sighseeing', 'Centro Fotografia', 'Museo Conte', 'Palazzo della Ragione', 'AMO']",Teatro Romano,strategy_nearest,False,0.003453969955444336,success
04D3CA3A9C4C80,0,['Castelvecchio'],Casa Giulietta,"['Centro Fotografia', 'Sighseeing', 'Torre Lamberti', 'Museo Conte', 'Museo Radio']",Torre Lamberti,strategy_nearest,True,0.003014087677001953,success
04D3C73A9C4C80,1,"['Arena', 'Castelvecchio']",Casa Giulietta,"['Centro Fotografia', 'Sighseeing', 'Torre Lamberti', 'Museo Conte', 'Museo Radio']",Giardino Giusti,strategy_nearest,False,0.003384113311767578,success
04D3DB3A9C4C80,3,['Santa Anastasia'],Torre Lamberti,"['Sighseeing', 'Centro Fotografia', 'Museo Conte', 'Casa Giulietta', 'Palazzo della Ragione']",Arena,strategy_nearest,False,0.002048015594482422,success
04D3CBBA7B3F80,1,"['Santa Anastasia', 'San Zeno', 'Castelvecchio']",San Fermo,"['Museo Storia', 'Museo Radio', 'Casa Giulietta', 'Centro Fotografia', 'Arena']",Arena,strategy_nearest,True,0.0025818347930908203,success
04D3E33A9C4C80,1,"['Arena', 'Casa Giulietta', 'Castelvecchio']",Tomba Giulietta,"['San Fermo', 'Museo Storia', 'Museo Lapidario', 'Museo Radio', 'Verona Tour']",Giardino Giusti,strategy_nearest,False,0.003032207489013672,success
04D3D03A9C4C80,2,"['Duomo', 'Torre Lamberti']",Casa Giulietta,"['Centro Fotografia', 'Sighseeing', 'Museo Conte', 'Museo Radio', 'Palazzo della Ragione']",San Fermo,strategy_nearest,False,0.0038750171661376953,success
04D3E3BA7B3F80,2,"['Duomo', 'Torre Lamberti']",Palazzo della Ragione,"['AMO', 'Museo Conte', 'Centro Fotografia', 'Sighseeing', 'Santa Anastasia']",Castelvecchio,strategy_nearest,False,0.0015931129455566406,success
04D407429C4C84,3,"['Arena', 'San Zeno', 'Torre Lamberti']",Santa Anastasia,"['AMO', 'Museo Conte', 'Palazzo della Ragione', 'Teatro Romano', 'Centro Fotografia']",Casa Giulietta,strategy_nearest,False,0.003336191177368164,success
04D3F7429C4C80,0,['Arena'],Torre Lamberti,"['Sighseeing', 'Centro Fotografia', 'Museo Conte', 'Casa Giulietta', 'Palazzo della Ragione']",Tomba Giulietta,strategy_nearest,False,0.0021588802337646484,success
04D411429C4C80,0,['Casa Giulietta'],Duomo,"['AMO', 'Museo Miniscalchi', 'Santa Anastasia', 'Teatro Romano', 'Palazzo della Ragione']",Arena,strategy_nearest,False,0.0027170181274414062,success
04D412429C4C80,0,"['Arena', 'Torre Lamberti']",Teatro Romano,"['Santa Anastasia', 'Duomo', 'AMO', 'Palazzo della Ragione', 'Museo Conte']",Castelvecchio,strategy_nearest,False,0.0022351741790771484,success
04D4143A9C4C84,0,['Castelvecchio'],Arena,"['Verona Tour', 'Museo Lapidario', 'Museo Radio', 'San Fermo', 'Casa Giulietta']",Torre Lamberti,strategy_nearest,False,0.0027060508728027344,success
04D4183A9C4C84,0,['Arena'],Torre Lamberti,"['Sighseeing', 'Centro Fotografia', 'Museo Conte', 'Casa Giulietta', 'Palazzo della Ragione']",Castelvecchio,strategy_nearest,False,0.0029599666595458984,success
04D4123A9C4C84,1,"['Arena', 'Torre Lamberti', 'Palazzo della Ragione']",Casa Giulietta,"['Centro Fotografia', 'Sighseeing', 'Museo Conte', 'Museo Radio', 'San Fermo']",Santa Anastasia,strategy_nearest,False,0.0015239715576171875,success
04D41A3A9C4C80,0,['Arena'],Santa Anastasia,"['AMO', 'Museo Conte', 'Palazzo della Ragione', 'Teatro Romano', 'Centro Fotografia']",Castelvecchio,strategy_nearest,False,0.002744913101196289,success
04D4203A9C4C80,2,['Casa Giulietta'],Torre Lamberti,"['Sighseeing', 'Centro Fotografia', 'Museo Conte', 'Palazzo della Ragione', 'AMO']",Castelvecchio,strategy_nearest,False,0.0026848316192626953,success
04D4193A9C4C80,1,"['Arena', 'Museo Lapidario', 'Castelvecchio', 'Castelvecchio']",Casa Giulietta,"['Centro Fotografia', 'Sighseeing', 'Torre Lamberti', 'Museo Conte', 'Museo Radio']",Torre Lamberti,strategy_nearest,True,0.0026509761810302734,success
04D427429C4C84,1,"['Castelvecchio', 'Tomba Giulietta']",Palazzo della Ragione,"['AMO', 'Museo Conte', 'Torre Lamberti', 'Centro Fotografia', 'Sighseeing']",Torre Lamberti,strategy_nearest,True,0.0028450489044189453,success
04D420429C4C84,3,"['Arena', 'Teatro Romano']",Duomo,"['AMO', 'Museo Miniscalchi', 'Santa Anastasia', 'Palazzo della Ragione', 'Museo Conte']",Castelvecchio,strategy_nearest,False,0.003464937210083008,success
04D4213A9C4C84,3,"['Arena', 'San Zeno']",Castelvecchio,"['Museo Lapidario', 'Verona Tour', 'Museo Radio', 'Sighseeing', 'Museo Miniscalchi']",Casa Giulietta,strategy_nearest,False,0.002089977264404297,success
04D428429C4C84,1,"['Arena', 'Casa Giulietta']",Torre Lamberti,"['Sighseeing', 'Centro Fotografia', 'Museo Conte', 'Palazzo della Ragione', 'AMO']",Palazzo della Ragione,strategy_nearest,True,0.0034799575805664062,success
04D430429C4C80,1,"['Arena', 'Casa Giulietta']",Torre Lamberti,"['Sighseeing', 'Centro Fotografia', 'Museo Conte', 'Palazzo della Ragione', 'AMO']",Palazzo della Ragione,strategy_nearest,True,0.0014929771423339844,success
04D4334A9C4C80,1,"['Torre Lamberti', 'Palazzo della Ragione', 'Casa Giulietta', 'Santa Anastasia']",Duomo,"['AMO', 'Museo Miniscalchi', 'Teatro Romano', 'Museo Conte', 'Centro Fotografia']",Castelvecchio,strategy_nearest,False,0.0033020973205566406,success
04D42A4A9C4C80,3,['Arena'],Casa Giulietta,"['Centro Fotografia', 'Sighseeing', 'Torre Lamberti', 'Museo Conte', 'Museo Radio']",Torre Lamberti,strategy_nearest,True,0.0028569698333740234,success
04D42C3A9C4C80,0,['Arena'],Torre Lamberti,"['Sighseeing', 'Centro Fotografia', 'Museo Conte', 'Casa Giulietta', 'Palazzo della Ragione']",Duomo,strategy_nearest,False,0.0034151077270507812,success
04D43D3A9C4C80,0,"['Arena', 'Casa Giulietta']",Teatro Romano,"['Santa Anastasia', 'Duomo', 'AMO', 'Palazzo della Ragione', 'Museo Conte']",Torre Lamberti,strategy_nearest,False,0.0015511512756347656,success
04D435429C4C80,2,"['Torre Lamberti', 'Casa Giulietta', 'San Fermo']",Castelvecchio,"['Museo Lapidario', 'Verona Tour', 'Arena', 'Museo Radio', 'San Zeno']",San Zeno,strategy_nearest,True,0.003592967987060547,success
04D43B3A9C4C80,0,['Arena'],Santa Anastasia,"['AMO', 'Museo Conte', 'Palazzo della Ragione', 'Teatro Romano', 'Centro Fotografia']",Castelvecchio,strategy_nearest,False,0.0022389888763427734,success
04D4433A9C4C80,0,"['Torre Lamberti', 'Casa Giulietta']",San Fermo,"['Museo Storia', 'Museo Radio', 'Centro Fotografia', 'Arena', 'Sighseeing']",Arena,strategy_nearest,True,0.003509998321533203,success
04D449429C4C80,3,"['Arena', 'Museo Lapidario', 'Castelvecchio', 'Santa Anastasia']",Duomo,"['AMO', 'Museo Miniscalchi', 'Teatro Romano', 'Palazzo della Ragione', 'Museo Conte']",Giardino Giusti,strategy_nearest,False,0.0027747154235839844,success
04D4473A9C4C80,2,['Castelvecchio'],Casa Giulietta,"['Centro Fotografia', 'Sighseeing', 'Torre Lamberti', 'Museo Conte', 'Museo Radio']",Torre Lamberti,strategy_nearest,True,0.001882791519165039,success
04D454429C4C80,3,"['Arena', 'San Fermo', 'Casa Giulietta']",Santa Anastasia,"['AMO', 'Museo Conte', 'Palazzo della Ragione', 'Teatro Romano', 'Centro Fotografia']",Duomo,strategy_nearest,False,0.002832174301147461,success
04D455429C4C80,3,"['Casa Giulietta', 'Santa Anastasia']",Duomo,"['AMO', 'Museo Miniscalchi', 'Teatro Romano', 'Palazzo della Ragione', 'Museo Conte']",Torre Lamberti,strategy_nearest,False,0.003239870071411133,success
04D4653A9C4C80,3,['Arena'],Santa Anastasia,"['AMO', 'Museo Conte', 'Palazzo della Ragione', 'Teatro Romano', 'Centro Fotografia']",Duomo,strategy_nearest,False,0.002601146697998047,success
04D464429C4C80,1,"['Arena', 'San Fermo', 'Casa Giulietta']",Palazzo della Ragione,"['AMO', 'Museo Conte', 'Torre Lamberti', 'Centro Fotografia', 'Sighseeing']",Santa Anastasia,strategy_nearest,False,0.0034308433532714844,success
04D4723A9C4C80,3,"['Arena', 'Torre Lamberti']",Casa Giulietta,"['Centro Fotografia', 'Sighseeing', 'Museo Conte', 'Museo Radio', 'Palazzo della Ragione']",Duomo,strategy_nearest,False,0.0023338794708251953,success
04D465429C4C80,0,['Castelvecchio'],Arena,"['Verona Tour', 'Museo Lapidario', 'Museo Radio', 'San Fermo', 'Casa Giulietta']",Torre Lamberti,strategy_nearest,False,0.003412008285522461,success
04D47A4A9C4C80,2,['San Fermo'],Teatro Romano,"['Santa Anastasia', 'Duomo', 'AMO', 'Palazzo della Ragione', 'Museo Conte']",Duomo,strategy_nearest,True,0.003328084945678711,success
04D4844A9C4C80,1,"['Arena', 'Castelvecchio', 'Casa Giulietta']",Santa Anastasia,"['AMO', 'Museo Conte', 'Palazzo della Ragione', 'Teatro Romano', 'Centro Fotografia']",Duomo,strategy_nearest,False,0.0026438236236572266,success
04D4824A9C4C80,0,"['Arena', 'Castelvecchio']",San Zeno,"['Verona Tour', 'Museo Lapidario', 'Museo Miniscalchi', 'Sighseeing', 'Museo Radio']",Casa Giulietta,strategy_nearest,False,0.003278970718383789,success
04D47B429C4C80,2,"['Castelvecchio', 'Casa Giulietta']",Museo Storia,"['San Fermo', 'Museo Radio', 'Centro Fotografia', 'Tomba Giulietta', 'Arena']",Torre Lamberti,strategy_nearest,False,0.0023932456970214844,success
04D4853A9C4C80,0,['Arena'],Casa Giulietta,"['Centro Fotografia', 'Sighseeing', 'Torre Lamberti', 'Museo Conte', 'Museo Radio']",Torre Lamberti,strategy_nearest,True,0.002274036407470703,success
04D4904A9C4C80,3,['Santa Anastasia'],Torre Lamberti,"['Sighseeing', 'Centro Fotografia', 'Museo Conte', 'Casa Giulietta', 'Palazzo della Ragione']",Arena,strategy_nearest,False,0.002162933349609375,success
04D4863A9C4C80,3,"['Arena', 'Castelvecchio']",Casa Giulietta,"['Centro Fotografia', 'Sighseeing', 'Torre Lamberti', 'Museo Conte', 'Museo Radio']",Torre Lamberti,strategy_nearest,True,0.0027930736541748047,success
04D49C4A9C4C80,1,"['Arena', 'Casa Giulietta']",Palazzo della Ragione,"['AMO', 'Museo Conte', 'Torre Lamberti', 'Centro Fotografia', 'Sighseeing']",Torre Lamberti,strategy_nearest,True,0.0033690929412841797,success
04D4A73A9C4C80,0,['Arena'],Casa Giulietta,"['Centro Fotografia', 'Sighseeing', 'Torre Lamberti', 'Museo Conte', 'Museo Radio']",Santa Anastasia,strategy_nearest,False,0.0038628578186035156,success
04D4AA4A9C4C80,1,['Arena'],Torre Lamberti,"['Sighseeing', 'Centro Fotografia', 'Museo Conte', 'Casa Giulietta', 'Palazzo della Ragione']",Palazzo della Ragione,strategy_nearest,True,0.0032281875610351562,success
04D4AC3A9C4C80,3,['Arena'],Santa Anastasia,"['AMO', 'Museo Conte', 'Palazzo della Ragione', 'Teatro Romano', 'Centro Fotografia']",Duomo,strategy_nearest,False,0.0012660026550292969,success
04D4BB3A9C4C80,2,['Castelvecchio'],Casa Giulietta,"['Centro Fotografia', 'Sighseeing', 'Torre Lamberti', 'Museo Conte', 'Museo Radio']",Torre Lamberti,strategy_nearest,True,0.003007173538208008,success
04D4BD429C4C80,1,"['Castelvecchio', 'Arena']",Casa Giulietta,"['Centro Fotografia', 'Sighseeing', 'Torre Lamberti', 'Museo Conte', 'Museo Radio']",Palazzo della Ragione,strategy_nearest,False,0.0028209686279296875,success
04D4C9429C4C80,3,"['Arena', 'Torre Lamberti']",Casa Giulietta,"['Centro Fotografia', 'Sighseeing', 'Museo Conte', 'Museo Radio', 'Palazzo della Ragione']",Santa Anastasia,strategy_nearest,False,0.002513885498046875,success
04D4D1429C4C80,0,['San Zeno'],Casa Giulietta,"['Centro Fotografia', 'Sighseeing', 'Torre Lamberti', 'Museo Conte', 'Museo Radio']",Torre Lamberti,strategy_nearest,True,0.0032999515533447266,success
04D4C73A9C4C80,1,"['Arena', 'Palazzo della Ragione']",Torre Lamberti,"['Sighseeing', 'Centro Fotografia', 'Museo Conte', 'Casa Giulietta', 'AMO']",Casa Giulietta,strategy_nearest,True,0.003170013427734375,success
04D4D8429C4C80,3,"['Torre Lamberti', 'Santa Anastasia', 'Duomo']",Castelvecchio,"['Museo Lapidario', 'Verona Tour', 'Arena', 'Museo Radio', 'San Zeno']",Tomba Giulietta,strategy_nearest,False,0.0024781227111816406,success
04D4D93A9C4C80,1,['Torre Lamberti'],Palazzo della Ragione,"['AMO', 'Museo Conte', 'Centro Fotografia', 'Sighseeing', 'Santa Anastasia']",Castelvecchio,strategy_nearest,False,0.0026061534881591797,success
04D4DF3A9C4C80,3,"['Arena', 'Museo Lapidario', 'Castelvecchio']",Casa Giulietta,"['Centro Fotografia', 'Sighseeing', 'Torre Lamberti', 'Museo Conte', 'Museo Radio']",Duomo,strategy_nearest,False,0.0033981800079345703,success
04D4E23A9C4C80,1,"['Arena', 'Casa Giulietta']",Torre Lamberti,"['Sighseeing', 'Centro Fotografia', 'Museo Conte', 'Palazzo della Ragione', 'AMO']",Palazzo della Ragione,strategy_nearest,True,0.0024487972259521484,success
04D4E43A9C4C80,3,"['Casa Giulietta', 'Santa Anastasia']",Arena,"['Verona Tour', 'Museo Lapidario', 'Museo Radio', 'San Fermo', 'Sighseeing']",Torre Lamberti,strategy_nearest,False,0.0033180713653564453,success
04D4E83A9C4C80,0,['Arena'],Casa Giulietta,"['Centro Fotografia', 'Sighseeing', 'Torre Lamberti', 'Museo Conte', 'Museo Radio']",Castelvecchio,strategy_nearest,False,0.0033516883850097656,success
04D4EF3A9C4C80,0,"['Casa Giulietta', 'Arena']",Torre Lamberti,"['Sighseeing', 'Centro Fotografia', 'Museo Conte', 'Palazzo della Ragione', 'AMO']",Tomba Giulietta,strategy_nearest,False,0.0025339126586914062,success
04D4F2429C4C80,0,"['Arena', 'Casa Giulietta', 'Torre Lamberti']",Castelvecchio,"['Museo Lapidario', 'Verona Tour', 'Museo Radio', 'San Zeno', 'Sighseeing']",San Zeno,strategy_nearest,True,0.002586841583251953,success
04D4F9429C4C80,3,"['Castelvecchio', 'Casa Giulietta', 'Duomo']",Arena,"['Verona Tour', 'Museo Lapidario', 'Museo Radio', 'San Fermo', 'Sighseeing']",Giardino Giusti,strategy_nearest,False,0.0025992393493652344,success
04D500429C4C84,0,"['Arena', 'Casa Giulietta']",Tomba Giulietta,"['San Fermo', 'Museo Storia', 'Museo Lapidario', 'Museo Radio', 'Verona Tour']",Torre Lamberti,strategy_nearest,False,0.003325223922729492,success
04D4FF429C4C80,1,"['San Zeno', 'Duomo', 'Teatro Romano']",Santa Anastasia,"['AMO', 'Museo Conte', 'Palazzo della Ragione', 'Centro Fotografia', 'Torre Lamberti']",Casa Giulietta,strategy_nearest,False,0.003919839859008789,success
04D50B3A9C4C84,0,['Arena'],Castelvecchio,"['Museo Lapidario', 'Verona Tour', 'Museo Radio', 'San Zeno', 'Sighseeing']",Casa Giulietta,strategy_nearest,False,0.0031158924102783203,success
04D505429C4C84,1,"['Teatro Romano', 'Duomo', 'Arena', 'Tomba Giulietta']",San Fermo,"['Museo Storia', 'Museo Radio', 'Casa Giulietta', 'Centro Fotografia', 'Sighseeing']",Casa Giulietta,strategy_nearest,True,0.0025091171264648438,success
04D518429C4C80,3,"['Torre Lamberti', 'Casa Giulietta']",Santa Anastasia,"['AMO', 'Museo Conte', 'Palazzo della Ragione', 'Teatro Romano', 'Centro Fotografia']",Duomo,strategy_nearest,False,0.002667665481567383,success
04D5143A9C4C80,3,"['Arena', 'Casa Giulietta']",Santa Anastasia,"['AMO', 'Museo Conte', 'Palazzo della Ragione', 'Teatro Romano', 'Centro Fotografia']",Duomo,strategy_nearest,False,0.0021598339080810547,success
04D51B3A9C4C80,0,['Casa Giulietta'],Torre Lamberti,"['Sighseeing', 'Centro Fotografia', 'Museo Conte', 'Palazzo della Ragione', 'AMO']",Arena,strategy_nearest,False,0.0031480789184570312,success
04D5123A9C4C84,1,"['Arena', 'Torre Lamberti']",Torre Lamberti,"['Sighseeing', 'Centro Fotografia', 'Museo Conte', 'Casa Giulietta', 'Palazzo della Ragione']",Palazzo della Ragione,strategy_nearest,True,0.0034160614013671875,success
04D520429C4C80,0,"['Arena', 'Castelvecchio', 'Casa Giulietta']",Torre Lamberti,"['Sighseeing', 'Centro Fotografia', 'Museo Conte', 'Palazzo della Ragione', 'AMO']",Teatro Romano,strategy_nearest,False,0.002637147903442383,success
04D51D429C4C84,0,['Arena'],Casa Giulietta,"['Centro Fotografia', 'Sighseeing', 'Torre Lamberti', 'Museo Conte', 'Museo Radio']",Arena,strategy_nearest,False,0.002750873565673828,success
04D520429C4C84,0,['Arena'],Casa Giulietta,"['Centro Fotografia', 'Sighseeing', 'Torre Lamberti', 'Museo Conte', 'Museo Radio']",Teatro Romano,strategy_nearest,False,0.0032320022583007812,success
04D51E429C4C84,1,"['Castelvecchio', 'Palazzo della Ragione', 'Santa Anastasia']",Teatro Romano,"['Duomo', 'AMO', 'Museo Conte', 'Centro Fotografia', 'Museo Miniscalchi']",Duomo,strategy_nearest,True,0.0019488334655761719,success
04D521429C4C80,5,"['Santa Anastasia', 'Duomo']",Museo Miniscalchi,"['Palazzo della Ragione', 'AMO', 'Sighseeing', 'Torre Lamberti', 'Museo Conte']",San Fermo,strategy_nearest,False,0.0027489662170410156,success
04D521BA7B3F80,3,"['Arena', 'Casa Giulietta']",Santa Anastasia,"['AMO', 'Museo Conte', 'Palazzo della Ragione', 'Teatro Romano', 'Centro Fotografia']",Castelvecchio,strategy_nearest,False,0.0021109580993652344,success
04D5254A9C4C80,1,"['Arena', 'Torre Lamberti', 'Palazzo della Ragione', 'Duomo']",Teatro Romano,"['Santa Anastasia', 'AMO', 'Museo Conte', 'Centro Fotografia', 'Museo Miniscalchi']",Tomba Giulietta,strategy_nearest,False,0.003245115280151367,success
04D5213A9C4C84,0,"['Arena', 'San Zeno']",Castelvecchio,"['Museo Lapidario', 'Verona Tour', 'Museo Radio', 'Sighseeing', 'Museo Miniscalchi']",Casa Giulietta,strategy_nearest,False,0.0020101070404052734,success
04D52DBA7B3F80,3,"['Arena', 'Casa Giulietta', 'San Fermo', 'Torre Lamberti']",Santa Anastasia,"['AMO', 'Museo Conte', 'Palazzo della Ragione', 'Teatro Romano', 'Centro Fotografia']",Duomo,strategy_nearest,False,0.002679109573364258,success
04D5293A9C4C80,1,"['Teatro Romano', 'Arena']",Casa Giulietta,"['Centro Fotografia', 'Sighseeing', 'Torre Lamberti', 'Museo Conte', 'Museo Radio']",Palazzo della Ragione,strategy_nearest,False,0.004059314727783203,success
04D52E3A9C4C80,1,"['Arena', 'Casa Giulietta']",Torre Lamberti,"['Sighseeing', 'Centro Fotografia', 'Museo Conte', 'Palazzo della Ragione', 'AMO']",Palazzo della Ragione,strategy_nearest,True,0.0012600421905517578,success
04D535429C4C80,0,['Castelvecchio'],Casa Giulietta,"['Centro Fotografia', 'Sighseeing', 'Torre Lamberti', 'Museo Conte', 'Museo Radio']",Arena,strategy_nearest,False,0.00273895263671875,success
04D53F3A9C4C80,1,"['Casa Giulietta', 'Santa Anastasia', 'Palazzo della Ragione']",San Zeno,"['Castelvecchio', 'Verona Tour', 'Museo Lapidario', 'Arena', 'Museo Miniscalchi']",Arena,strategy_nearest,True,0.0023431777954101562,success
04D541429C4C80,1,"['Arena', 'Casa Giulietta', 'Torre Lamberti']",Palazzo della Ragione,"['AMO', 'Museo Conte', 'Centro Fotografia', 'Sighseeing', 'Santa Anastasia']",Castelvecchio,strategy_nearest,False,0.0019969940185546875,success
04D5433A9C4C80,1,"['Santa Anastasia', 'Torre Lamberti']",Arena,"['Verona Tour', 'Museo Lapidario', 'Museo Radio', 'San Fermo', 'Casa Giulietta']",Castelvecchio,strategy_nearest,False,0.0027840137481689453,success
04D545429C4C80,2,"['Castelvecchio', 'Museo Lapidario', 'Casa Giulietta']",Torre Lamberti,"['Sighseeing', 'Centro Fotografia', 'Museo Conte', 'Palazzo della Ragione', 'AMO']",Palazzo della Ragione,strategy_nearest,True,0.003180980682373047,success
04D557429C4C80,3,"['Arena', 'Casa Giulietta']",Torre Lamberti,"['Sighseeing', 'Centro Fotografia', 'Museo Conte', 'Palazzo della Ragione', 'AMO']",Santa Anastasia,strategy_nearest,False,0.0025708675384521484,success
04D5473A9C4C80,1,"['Arena', 'Museo Lapidario', 'Castelvecchio']",Casa Giulietta,"['Centro Fotografia', 'Sighseeing', 'Torre Lamberti', 'Museo Conte', 'Museo Radio']",Torre Lamberti,strategy_nearest,True,0.0033659934997558594,success
04D555429C4C80,3,['Arena'],Santa Anastasia,"['AMO', 'Museo Conte', 'Palazzo della Ragione', 'Teatro Romano', 'Centro Fotografia']",Duomo,strategy_nearest,False,0.003857135772705078,success
04D55F429C4C80,3,"['Teatro Romano', 'Duomo']",Santa Anastasia,"['AMO', 'Museo Conte', 'Palazzo della Ragione', 'Centro Fotografia', 'Torre Lamberti']",Torre Lamberti,strategy_nearest,True,0.0015301704406738281,success
04D5643A9C4C80,3,"['Arena', 'Duomo', 'Castelvecchio']",Teatro Romano,"['Santa Anastasia', 'AMO', 'Palazzo della Ragione', 'Museo Conte', 'Centro Fotografia']",Torre Lamberti,strategy_nearest,False,0.0026111602783203125,success
04D55E429C4C80,2,['Teatro Romano'],Casa Giulietta,"['Centro Fotografia', 'Sighseeing', 'Torre Lamberti', 'Museo Conte', 'Museo Radio']",Torre Lamberti,strategy_nearest,True,0.0021920204162597656,success
04D55E3A9C4C80,3,"['Santa Anastasia', 'Duomo', 'Torre Lamberti']",Casa Giulietta,"['Centro Fotografia', 'Sighseeing', 'Museo Conte', 'Museo Radio', 'Palazzo della Ragione']",Castelvecchio,strategy_nearest,False,0.004177093505859375,success
04D5653A9C4C80,3,"['Arena', 'Casa Giulietta', 'San Fermo']",Teatro Romano,"['Santa Anastasia', 'Duomo', 'AMO', 'Palazzo della Ragione', 'Museo Conte']",San Zeno,strategy_nearest,False,0.002051115036010742,success
04D570429C4C80,1,['Arena'],Palazzo della Ragione,"['AMO', 'Museo Conte', 'Torre Lamberti', 'Centro Fotografia', 'Sighseeing']",Teatro Romano,strategy_nearest,False,0.0026807785034179688,success
04D5783A9C4C80,1,"['Arena', 'Casa Giulietta', 'Torre Lamberti', 'Palazzo della Ragione']",Santa Anastasia,"['AMO', 'Museo Conte', 'Teatro Romano', 'Centro Fotografia', 'Duomo']",Duomo,strategy_nearest,True,0.0033550262451171875,success
04D57A4A9C4C80,1,"['Arena', 'San Fermo', 'Casa Giulietta']",Palazzo della Ragione,"['AMO', 'Museo Conte', 'Torre Lamberti', 'Centro Fotografia', 'Sighseeing']",Torre Lamberti,strategy_nearest,True,0.002527952194213867,success
04D5803A9C4C80,1,['Arena'],Casa Giulietta,"['Centro Fotografia', 'Sighseeing', 'Torre Lamberti', 'Museo Conte', 'Museo Radio']",Torre Lamberti,strategy_nearest,True,0.002444744110107422,success
04D5804A9C4C80,0,['Torre Lamberti'],Arena,"['Verona Tour', 'Museo Lapidario', 'Museo Radio', 'San Fermo', 'Casa Giulietta']",Casa Giulietta,strategy_nearest,True,0.0033309459686279297,success
04D583429C4C80,0,['Arena'],Teatro Romano,"['Santa Anastasia', 'Duomo', 'AMO', 'Palazzo della Ragione', 'Museo Conte']",San Zeno,strategy_nearest,False,0.0027899742126464844,success
04D58A429C4C80,3,"['Arena', 'Casa Giulietta']",Torre Lamberti,"['Sighseeing', 'Centro Fotografia', 'Museo Conte', 'Palazzo della Ragione', 'AMO']",Duomo,strategy_nearest,False,0.0033347606658935547,success
04D58D3A9C4C80,1,"['Arena', 'Casa Giulietta']",Torre Lamberti,"['Sighseeing', 'Centro Fotografia', 'Museo Conte', 'Palazzo della Ragione', 'AMO']",Palazzo della Ragione,strategy_nearest,True,0.003278017044067383,success
04D58F4A9C4C80,0,['Casa Giulietta'],Torre Lamberti,"['Sighseeing', 'Centro Fotografia', 'Museo Conte', 'Palazzo della Ragione', 'AMO']",Arena,strategy_nearest,False,0.002975940704345703,success
04D58F3A9C4C80,3,['Castelvecchio'],Santa Anastasia,"['AMO', 'Museo Conte', 'Palazzo della Ragione', 'Teatro Romano', 'Centro Fotografia']",Duomo,strategy_nearest,False,0.002714872360229492,success
04D58C429C4C80,0,['Arena'],Casa Giulietta,"['Centro Fotografia', 'Sighseeing', 'Torre Lamberti', 'Museo Conte', 'Museo Radio']",Torre Lamberti,strategy_nearest,True,0.0026061534881591797,success
04D5A9429C4C80,0,['Arena'],Casa Giulietta,"['Centro Fotografia', 'Sighseeing', 'Torre Lamberti', 'Museo Conte', 'Museo Radio']",Tomba Giulietta,strategy_nearest,False,0.002643108367919922,success
04D5A73A9C4C80,2,['Casa Giulietta'],Torre Lamberti,"['Sighseeing', 'Centro Fotografia', 'Museo Conte', 'Palazzo della Ragione', 'AMO']",Palazzo della Ragione,strategy_nearest,True,0.0021021366119384766,success
04D59F429C4C80,1,"['Arena', 'Casa Giulietta', 'Santa Anastasia']",Duomo,"['AMO', 'Museo Miniscalchi', 'Teatro Romano', 'Palazzo della Ragione', 'Museo Conte']",Teatro Romano,strategy_nearest,True,0.002724885940551758,success
04D5A3429C4C80,6,['Arena'],Casa Giulietta,"['Centro Fotografia', 'Sighseeing', 'Torre Lamberti', 'Museo Conte', 'Museo Radio']",Palazzo della Ragione,strategy_nearest,False,0.0033278465270996094,success
04D5B63A9C4C80,3,['Torre Lamberti'],Arena,"['Verona Tour', 'Museo Lapidario', 'Museo Radio', 'San Fermo', 'Casa Giulietta']",San Zeno,strategy_nearest,False,0.0015270709991455078,success
04D5B4429C4C80,3,"['Arena', 'Casa Giulietta']",Torre Lamberti,"['Sighseeing', 'Centro Fotografia', 'Museo Conte', 'Palazzo della Ragione', 'AMO']",Santa Anastasia,strategy_nearest,False,0.0027871131896972656,success
04D5BF3A9C4C80,1,['Arena'],Casa Giulietta,"['Centro Fotografia', 'Sighseeing', 'Torre Lamberti', 'Museo Conte', 'Museo Radio']",Torre Lamberti,strategy_nearest,True,0.0032379627227783203,success
04D5BB3A9C4C80,1,"['San Zeno', 'Castelvecchio', 'Arena']",Torre Lamberti,"['Sighseeing', 'Centro Fotografia', 'Museo Conte', 'Casa Giulietta', 'Palazzo della Ragione']",Palazzo della Ragione,strategy_nearest,True,0.002722024917602539,success
04D5CF3A9C4C80,1,"['Casa Giulietta', 'Arena']",Castelvecchio,"['Museo Lapidario', 'Verona Tour', 'Museo Radio', 'San Zeno', 'Sighseeing']",Torre Lamberti,strategy_nearest,False,0.002112865447998047,success
04D5DE429C4C80,2,"['Castelvecchio', 'San Zeno']",Casa Giulietta,"['Centro Fotografia', 'Sighseeing', 'Torre Lamberti', 'Museo Conte', 'Museo Radio']",Santa Anastasia,strategy_nearest,False,0.002032041549682617,success
04D5C93A9C4C80,1,['Arena'],Casa Giulietta,"['Centro Fotografia', 'Sighseeing', 'Torre Lamberti', 'Museo Conte', 'Museo Radio']",Torre Lamberti,strategy_nearest,True,0.0033941268920898438,success
04D5DA3A9C4C80,3,"['San Zeno', 'Torre Lamberti']",Casa Giulietta,"['Centro Fotografia', 'Sighseeing', 'Museo Conte', 'Museo Radio', 'Palazzo della Ragione']",Arena,strategy_nearest,False,0.0032782554626464844,success
04D5EDBA7B3F80,3,"['Arena', 'Casa Giulietta', 'San Fermo', 'Torre Lamberti']",Santa Anastasia,"['AMO', 'Museo Conte', 'Palazzo della Ragione', 'Teatro Romano', 'Centro Fotografia']",Duomo,strategy_nearest,False,0.001917123794555664,success
04D6013A9C4C84,3,"['Arena', 'San Fermo']",Torre Lamberti,"['Sighseeing', 'Centro Fotografia', 'Museo Conte', 'Casa Giulietta', 'Palazzo della Ragione']",Santa Anastasia,strategy_nearest,False,0.0012302398681640625,success
04D5EF3A9C4C80,1,['Arena'],Palazzo della Ragione,"['AMO', 'Museo Conte', 'Torre Lamberti', 'Centro Fotografia', 'Sighseeing']",Torre Lamberti,strategy_nearest,True,0.002628803253173828,success
04D61A429C4C80,0,['Castelvecchio'],Arena,"['Verona Tour', 'Museo Lapidario', 'Museo Radio', 'San Fermo', 'Casa Giulietta']",Casa Giulietta,strategy_nearest,True,0.0035140514373779297,success
04D61B429C4C84,3,"['Arena', 'Duomo']",Santa Anastasia,"['AMO', 'Museo Conte', 'Palazzo della Ragione', 'Teatro Romano', 'Centro Fotografia']",Torre Lamberti,strategy_nearest,False,0.0022029876708984375,success
04D61D3A9C4C80,3,['Arena'],Torre Lamberti,"['Sighseeing', 'Centro Fotografia', 'Museo Conte', 'Casa Giulietta', 'Palazzo della Ragione']",Duomo,strategy_nearest,False,0.00308990478515625,success
04D61B3A9C4C80,3,"['Arena', 'Castelvecchio']",Torre Lamberti,"['Sighseeing', 'Centro Fotografia', 'Museo Conte', 'Casa Giulietta', 'Palazzo della Ragione']",Santa Anastasia,strategy_nearest,False,0.0035240650177001953,success
04D61E429C4C80,3,"['Arena', 'Torre Lamberti']",Santa Anastasia,"['AMO', 'Museo Conte', 'Palazzo della Ragione', 'Teatro Romano', 'Centro Fotografia']",Teatro Romano,strategy_nearest,True,0.002783060073852539,success
04D633429C4C80,1,"['Arena', 'Casa Giulietta']",Castelvecchio,"['Museo Lapidario', 'Verona Tour', 'Museo Radio', 'San Zeno', 'Sighseeing']",Palazzo della Ragione,strategy_nearest,False,0.0022509098052978516,success
04D62B4A9C4C80,3,"['Torre Lamberti', 'San Zeno', 'Arena']",San Fermo,"['Museo Storia', 'Museo Radio', 'Casa Giulietta', 'Centro Fotografia', 'Sighseeing']",Casa Giulietta,strategy_nearest,True,0.0034911632537841797,success
04D6383A9C4C80,1,"['San Zeno', 'Castelvecchio', 'San Fermo']",Arena,"['Verona Tour', 'Museo Lapidario', 'Museo Radio', 'Casa Giulietta', 'Sighseeing']",Duomo,strategy_nearest,False,0.0035088062286376953,success
04D6443A9C4C80,3,"['Teatro Romano', 'Duomo']",Casa Giulietta,"['Centro Fotografia', 'Sighseeing', 'Torre Lamberti', 'Museo Conte', 'Museo Radio']",Arena,strategy_nearest,False,0.001863241195678711,success
04D6393A9C4C80,3,"['Arena', 'Teatro Romano']",Duomo,"['AMO', 'Museo Miniscalchi', 'Santa Anastasia', 'Palazzo della Ragione', 'Museo Conte']",Santa Anastasia,strategy_nearest,True,0.00397491455078125,success
04D6433A9C4C80,0,['San Zeno'],Castelvecchio,"['Museo Lapidario', 'Verona Tour', 'Arena', 'Museo Radio', 'Sighseeing']",Arena,strategy_nearest,True,0.0033330917358398438,success
04D6513A9C4C80,1,"['Arena', 'San Fermo', 'Torre Lamberti']",Palazzo della Ragione,"['AMO', 'Museo Conte', 'Centro Fotografia', 'Sighseeing', 'Santa Anastasia']",Santa Anastasia,strategy_nearest,True,0.003287792205810547,success
04D64E429C4C80,1,"['Arena', 'San Fermo', 'Palazzo della Ragione', 'Torre Lamberti']",Santa Anastasia,"['AMO', 'Museo Conte', 'Teatro Romano', 'Centro Fotografia', 'Duomo']",Teatro Romano,strategy_nearest,True,0.003532886505126953,success
04D648429C4C80,0,"['Arena', 'Casa Giulietta']",Santa Anastasia,"['AMO', 'Museo Conte', 'Palazzo della Ragione', 'Teatro Romano', 'Centro Fotografia']",Giardino Giusti,strategy_nearest,False,0.002902984619140625,success
04D645429C4C80,0,['Arena'],Casa Giulietta,"['Centro Fotografia', 'Sighseeing', 'Torre Lamberti', 'Museo Conte', 'Museo Radio']",Torre Lamberti,strategy_nearest,True,0.0031380653381347656,success
04D6563A9C4C80,0,['Arena'],Casa Giulietta,"['Centro Fotografia', 'Sighseeing', 'Torre Lamberti', 'Museo Conte', 'Museo Radio']",Santa Anastasia,strategy_nearest,False,0.002892017364501953,success
04D6713A9C4C80,0,['Arena'],Casa Giulietta,"['Centro Fotografia', 'Sighseeing', 'Torre Lamberti', 'Museo Conte', 'Museo Radio']",Torre Lamberti,strategy_nearest,True,0.0022039413452148438,success
04D654429C4C80,3,['Arena'],Torre Lamberti,"['Sighseeing', 'Centro Fotografia', 'Museo Conte', 'Casa Giulietta', 'Palazzo della Ragione']",Santa Anastasia,strategy_nearest,False,0.001676797866821289,success
04D6794A9C4C80,0,['Arena'],Casa Giulietta,"['Centro Fotografia', 'Sighseeing', 'Torre Lamberti', 'Museo Conte', 'Museo Radio']",Teatro Romano,strategy_nearest,False,0.0032989978790283203,success
04D6814A9C4C80,3,"['Casa Giulietta', 'Arena']",Castelvecchio,"['Museo Lapidario', 'Verona Tour', 'Museo Radio', 'San Zeno', 'Sighseeing']",Teatro Romano,strategy_nearest,False,0.0015799999237060547,success
04D685429C4C80,3,['Arena'],Santa Anastasia,"['AMO', 'Museo Conte', 'Palazzo della Ragione', 'Teatro Romano', 'Centro Fotografia']",Duomo,strategy_nearest,False,0.0029947757720947266,success
04D67C3A9C4C80,1,"['Arena', 'Museo Lapidario']",Castelvecchio,"['Verona Tour', 'Museo Radio', 'San Zeno', 'Sighseeing', 'Museo Miniscalchi']",Torre Lamberti,strategy_nearest,False,0.0023648738861083984,success
04D68F4A9C4C80,0,"['Casa Giulietta', 'Torre Lamberti']",San Fermo,"['Museo Storia', 'Museo Radio', 'Centro Fotografia', 'Arena', 'Sighseeing']",Tomba Giulietta,strategy_nearest,False,0.00213623046875,success
04D69F429C4C80,3,['Arena'],Torre Lamberti,"['Sighseeing', 'Centro Fotografia', 'Museo Conte', 'Casa Giulietta', 'Palazzo della Ragione']",Santa Anastasia,strategy_nearest,False,0.0028390884399414062,success
04D69D429C4C80,1,['Arena'],Santa Anastasia,"['AMO', 'Museo Conte', 'Palazzo della Ragione', 'Teatro Romano', 'Centro Fotografia']",Casa Giulietta,strategy_nearest,False,0.0022780895233154297,success
04D6BA3A9C4C80,0,['Arena'],Casa Giulietta,"['Centro Fotografia', 'Sighseeing', 'Torre Lamberti', 'Museo Conte', 'Museo Radio']",Torre Lamberti,strategy_nearest,True,0.0033309459686279297,success
04D6BC3A9C4C80,0,"['Torre Lamberti', 'Arena']",Casa Giulietta,"['Centro Fotografia', 'Sighseeing', 'Museo Conte', 'Museo Radio', 'Palazzo della Ragione']",Castelvecchio,strategy_nearest,False,0.0031380653381347656,success
04D6C3429C4C80,1,"['Arena', 'Tomba Giulietta']",Casa Giulietta,"['Centro Fotografia', 'Sighseeing', 'Torre Lamberti', 'Museo Conte', 'Museo Radio']",Torre Lamberti,strategy_nearest,True,0.0034809112548828125,success
04D6C53A9C4C80,3,"['Arena', 'Castelvecchio']",Torre Lamberti,"['Sighseeing', 'Centro Fotografia', 'Museo Conte', 'Casa Giulietta', 'Palazzo della Ragione']",Casa Giulietta,strategy_nearest,True,0.003158092498779297,success
04D6C23A9C4C80,1,"['Arena', 'Casa Giulietta']",Palazzo della Ragione,"['AMO', 'Museo Conte', 'Torre Lamberti', 'Centro Fotografia', 'Sighseeing']",Castelvecchio,strategy_nearest,False,0.002846956253051758,success
04D6C93A9C4C80,3,['Arena'],San Fermo,"['Museo Storia', 'Museo Radio', 'Casa Giulietta', 'Centro Fotografia', 'Sighseeing']",Santa Anastasia,strategy_nearest,False,0.002936840057373047,success
04D6E03A9C4C80,3,"['Arena', 'Casa Giulietta', 'Torre Lamberti']",Santa Anastasia,"['AMO', 'Museo Conte', 'Palazzo della Ragione', 'Teatro Romano', 'Centro Fotografia']",Duomo,strategy_nearest,False,0.0025560855865478516,success
04D6E33A9C4C80,2,"['Casa Giulietta', 'Palazzo della Ragione']",Torre Lamberti,"['Sighseeing', 'Centro Fotografia', 'Museo Conte', 'AMO', 'Museo Miniscalchi']",Santa Anastasia,strategy_nearest,False,0.002363920211791992,success
04D6E53A9C4C80,1,"['Arena', 'Casa Giulietta']",San Fermo,"['Museo Storia', 'Museo Radio', 'Centro Fotografia', 'Sighseeing', 'Torre Lamberti']",Castelvecchio,strategy_nearest,False,0.0025548934936523438,success
04D6E73A9C4C80,3,"['Arena', 'Torre Lamberti']",Duomo,"['AMO', 'Museo Miniscalchi', 'Santa Anastasia', 'Teatro Romano', 'Palazzo della Ragione']",Teatro Romano,strategy_nearest,True,0.004291057586669922,success
04D6EF3A9C4C80,1,['Arena'],Castelvecchio,"['Museo Lapidario', 'Verona Tour', 'Museo Radio', 'San Zeno', 'Sighseeing']",Casa Giulietta,strategy_nearest,False,0.003191709518432617,success
04D6FF3A9C4C80,0,['Arena'],Casa Giulietta,"['Centro Fotografia', 'Sighseeing', 'Torre Lamberti', 'Museo Conte', 'Museo Radio']",Torre Lamberti,strategy_nearest,True,0.0030870437622070312,success
04D6E93A9C4C80,0,"['Arena', 'Casa Giulietta']",Torre Lamberti,"['Sighseeing', 'Centro Fotografia', 'Museo Conte', 'Palazzo della Ragione', 'AMO']",Castelvecchio,strategy_nearest,False,0.002679109573364258,success
04D719429C4C80,3,"['Castelvecchio', 'San Zeno']",Arena,"['Verona Tour', 'Museo Lapidario', 'Museo Radio', 'San Fermo', 'Casa Giulietta']",Santa Anastasia,strategy_nearest,False,0.0021131038665771484,success
04D7273A9C4C80,3,"['Torre Lamberti', 'Santa Anastasia', 'Teatro Romano', 'Giardino Giusti']",Casa Giulietta,"['Centro Fotografia', 'Sighseeing', 'Museo Conte', 'Museo Radio', 'Palazzo della Ragione']",Arena,strategy_nearest,False,0.0026319026947021484,success
04D7214A9C4C80,1,"['Casa Giulietta', 'Arena', 'Torre Lamberti', 'Palazzo della Ragione']",Teatro Romano,"['Santa Anastasia', 'Duomo', 'AMO', 'Museo Conte', 'Centro Fotografia']",Giardino Giusti,strategy_nearest,False,0.003306865692138672,success
04D6FF429C4C80,1,"['Arena', 'Casa Giulietta', 'Duomo']",Torre Lamberti,"['Sighseeing', 'Centro Fotografia', 'Museo Conte', 'Palazzo della Ragione', 'AMO']",Palazzo della Ragione,strategy_nearest,True,0.0034623146057128906,success
04D7294A9C4C80,1,"['Arena', 'Castelvecchio', 'San Zeno', 'Torre Lamberti']",Santa Anastasia,"['AMO', 'Museo Conte', 'Palazzo della Ragione', 'Teatro Romano', 'Centro Fotografia']",Palazzo della Ragione,strategy_nearest,True,0.0027801990509033203,success
04D73B3A9C4C80,0,['Arena'],Duomo,"['AMO', 'Museo Miniscalchi', 'Santa Anastasia', 'Teatro Romano', 'Palazzo della Ragione']",Teatro Romano,strategy_nearest,True,0.0014579296112060547,success
04D749429C4C80,0,['Arena'],Castelvecchio,"['Museo Lapidario', 'Verona Tour', 'Museo Radio', 'San Zeno', 'Sighseeing']",Torre Lamberti,strategy_nearest,False,0.0033109188079833984,success
04D72B3A9C4C80,3,"['Castelvecchio', 'Casa Giulietta', 'Santa Anastasia']",Teatro Romano,"['Duomo', 'AMO', 'Palazzo della Ragione', 'Museo Conte', 'Centro Fotografia']",San Zeno,strategy_nearest,False,0.0027887821197509766,success
04D74D429C4C80,3,"['Arena', 'Torre Lamberti']",Santa Anastasia,"['AMO', 'Museo Conte', 'Palazzo della Ragione', 'Teatro Romano', 'Centro Fotografia']",Teatro Romano,strategy_nearest,True,0.002396821975708008,success
04D74E3A9C4C80,0,['Castelvecchio'],Arena,"['Verona Tour', 'Museo Lapidario', 'Museo Radio', 'San Fermo', 'Casa Giulietta']",Duomo,strategy_nearest,False,0.0020651817321777344,success
04D7643A9C4C80,3,"['Arena', 'Santa Anastasia']",Duomo,"['AMO', 'Museo Miniscalchi', 'Teatro Romano', 'Palazzo della Ragione', 'Museo Conte']",Castelvecchio,strategy_nearest,False,0.003183126449584961,success
04D751429C4C80,0,['Castelvecchio'],Arena,"['Verona Tour', 'Museo Lapidario', 'Museo Radio', 'San Fermo', 'Casa Giulietta']",Casa Giulietta,strategy_nearest,True,0.0027320384979248047,success
04D76B3A9C4C80,1,"['Arena', 'Castelvecchio', 'Duomo']",Teatro Romano,"['Santa Anastasia', 'AMO', 'Palazzo della Ragione', 'Museo Conte', 'Centro Fotografia']",Torre Lamberti,strategy_nearest,False,0.002991199493408203,success
04D774429C4C80,0,['Arena'],Castelvecchio,"['Museo Lapidario', 'Verona Tour', 'Museo Radio', 'San Zeno', 'Sighseeing']",San Zeno,strategy_nearest,True,0.001961946487426758,success
04D770429C4C80,0,['Arena'],Teatro Romano,"['Santa Anastasia', 'Duomo', 'AMO', 'Palazzo della Ragione', 'Museo Conte']",San Zeno,strategy_nearest,False,0.00391387939453125,success
04D77A4A9C4C80,1,"['Arena', 'Teatro Romano']",Torre Lamberti,"['Sighseeing', 'Centro Fotografia', 'Museo Conte', 'Casa Giulietta', 'Palazzo della Ragione']",Palazzo della Ragione,strategy_nearest,True,0.002531766891479492,success
04D787429C4C80,0,['San Fermo'],Arena,"['Verona Tour', 'Museo Lapidario', 'Museo Radio', 'Casa Giulietta', 'Sighseeing']",Casa Giulietta,strategy_nearest,True,0.0028429031372070312,success
04D78D429C4C80,0,['Casa Giulietta'],Arena,"['Verona Tour', 'Museo Lapidario', 'Museo Radio', 'San Fermo', 'Sighseeing']",Castelvecchio,strategy_nearest,False,0.002562999725341797,success
04D78D3A9C4C80,2,['Castelvecchio'],Torre Lamberti,"['Sighseeing', 'Centro Fotografia', 'Museo Conte', 'Casa Giulietta', 'Palazzo della Ragione']",Casa Giulietta,strategy_nearest,True,0.0040738582611083984,success
04D792429C4C80,0,['Arena'],Casa Giulietta,"['Centro Fotografia', 'Sighseeing', 'Torre Lamberti', 'Museo Conte', 'Museo Radio']",Torre Lamberti,strategy_nearest,True,0.001850128173828125,success
04D794429C4C80,1,"['Arena', 'Torre Lamberti', 'Palazzo della Ragione', 'Santa Anastasia', 'Duomo']",Casa Giulietta,"['Centro Fotografia', 'Sighseeing', 'Museo Conte', 'Museo Radio', 'San Fermo']",Museo Storia,strategy_nearest,False,0.0019588470458984375,success
04D799BA7B3F80,3,"['Duomo', 'Santa Anastasia', 'Torre Lamberti']",Casa Giulietta,"['Centro Fotografia', 'Sighseeing', 'Museo Conte', 'Museo Radio', 'Palazzo della Ragione']",Arena,strategy_nearest,False,0.0026640892028808594,success
04D793429C4C80,3,"['Arena', 'Casa Giulietta']",Torre Lamberti,"['Sighseeing', 'Centro Fotografia', 'Museo Conte', 'Palazzo della Ragione', 'AMO']",Castelvecchio,strategy_nearest,False,0.0032758712768554688,success
04D79A429C4C80,3,['Arena'],Casa Giulietta,"['Centro Fotografia', 'Sighseeing', 'Torre Lamberti', 'Museo Conte', 'Museo Radio']",Torre Lamberti,strategy_nearest,True,0.0031201839447021484,success
04D7A14A9C4C80,0,['Arena'],Casa Giulietta,"['Centro Fotografia', 'Sighseeing', 'Torre Lamberti', 'Museo Conte', 'Museo Radio']",Santa Anastasia,strategy_nearest,False,0.0018258094787597656,success
04D7A5BA7B3F80,3,['Arena'],Castelvecchio,"['Museo Lapidario', 'Verona Tour', 'Museo Radio', 'San Zeno', 'Sighseeing']",San Fermo,strategy_nearest,False,0.0025262832641601562,success
04D7A64A9C4C80,1,"['Arena', 'Casa Giulietta', 'Palazzo della Ragione']",Torre Lamberti,"['Sighseeing', 'Centro Fotografia', 'Museo Conte', 'AMO', 'Museo Miniscalchi']",Santa Anastasia,strategy_nearest,False,0.0023453235626220703,success
04D7A73A9C4C80,0,['Arena'],Casa Giulietta,"['Centro Fotografia', 'Sighseeing', 'Torre Lamberti', 'Museo Conte', 'Museo Radio']",Giardino Giusti,strategy_nearest,False,0.0030748844146728516,success
04D7AF429C4C80,4,"['Santa Anastasia', 'Torre Lamberti', 'Palazzo della Ragione']",Arena,"['Verona Tour', 'Museo Lapidario', 'Museo Radio', 'San Fermo', 'Casa Giulietta']",Castelvecchio,strategy_nearest,False,0.002324819564819336,success
04D7AF3A9C4C80,2,"['Casa Giulietta', 'San Fermo']",Santa Anastasia,"['AMO', 'Museo Conte', 'Palazzo della Ragione', 'Teatro Romano', 'Centro Fotografia']",Palazzo della Ragione,strategy_nearest,True,0.002577066421508789,success
04D7B43A9C4C80,0,['Arena'],Casa Giulietta,"['Centro Fotografia', 'Sighseeing', 'Torre Lamberti', 'Museo Conte', 'Museo Radio']",Castelvecchio,strategy_nearest,False,0.003319978713989258,success
04D7BB429C4C80,3,['Arena'],Santa Anastasia,"['AMO', 'Museo Conte', 'Palazzo della Ragione', 'Teatro Romano', 'Centro Fotografia']",Torre Lamberti,strategy_nearest,False,0.0020127296447753906,success
04D7BA3A9C4C80,3,['Torre Lamberti'],Santa Anastasia,"['AMO', 'Museo Conte', 'Palazzo della Ragione', 'Teatro Romano', 'Centro Fotografia']",Duomo,strategy_nearest,False,0.00269317626953125,success
04D7B53A9C4C80,3,"['Arena', 'Castelvecchio']",Casa Giulietta,"['Centro Fotografia', 'Sighseeing', 'Torre Lamberti', 'Museo Conte', 'Museo Radio']",Torre Lamberti,strategy_nearest,True,0.004721879959106445,success
04D7C3429C4C80,0,"['Arena', 'Duomo']",Casa Giulietta,"['Centro Fotografia', 'Sighseeing', 'Torre Lamberti', 'Museo Conte', 'Museo Radio']",Torre Lamberti,strategy_nearest,True,0.0018928050994873047,success
04D7CA3A9C4C80,3,"['Arena', 'Torre Lamberti']",Casa Giulietta,"['Centro Fotografia', 'Sighseeing', 'Museo Conte', 'Museo Radio', 'Palazzo della Ragione']",Santa Anastasia,strategy_nearest,False,0.0025908946990966797,success
04D7C1429C4C80,3,['Santa Anastasia'],Arena,"['Verona Tour', 'Museo Lapidario', 'Museo Radio', 'San Fermo', 'Casa Giulietta']",Tomba Giulietta,strategy_nearest,False,0.0039827823638916016,success
04D7D5429C4C80,3,"['Castelvecchio', 'San Zeno', 'Arena']",Teatro Romano,"['Santa Anastasia', 'Duomo', 'AMO', 'Palazzo della Ragione', 'Museo Conte']",Giardino Giusti,strategy_nearest,False,0.002485990524291992,success
04D7D93A9C4C80,0,['Arena'],Museo Lapidario,"['Verona Tour', 'Castelvecchio', 'Museo Radio', 'San Fermo', 'Casa Giulietta']",Castelvecchio,strategy_nearest,True,0.0032308101654052734,success
04D7E63A9C4C80,0,['Arena'],San Fermo,"['Museo Storia', 'Museo Radio', 'Casa Giulietta', 'Centro Fotografia', 'Sighseeing']",Casa Giulietta,strategy_nearest,True,0.0033948421478271484,success
04D7DF3A9C4C80,1,"['Casa Giulietta', 'Palazzo della Ragione']",Torre Lamberti,"['Sighseeing', 'Centro Fotografia', 'Museo Conte', 'AMO', 'Museo Miniscalchi']",Museo Lapidario,strategy_nearest,False,0.002830028533935547,success
04D7F0429C4C80,1,"['Arena', 'Palazzo della Ragione']",Museo Storia,"['San Fermo', 'Museo Radio', 'Casa Giulietta', 'Centro Fotografia', 'Tomba Giulietta']",Torre Lamberti,strategy_nearest,False,0.0024051666259765625,success
04D7E7429C4C80,3,"['Arena', 'Casa Giulietta']",Torre Lamberti,"['Sighseeing', 'Centro Fotografia', 'Museo Conte', 'Palazzo della Ragione', 'AMO']",Castelvecchio,strategy_nearest,False,0.003883838653564453,success
04D8183A9C4C80,0,['Arena'],Casa Giulietta,"['Centro Fotografia', 'Sighseeing', 'Torre Lamberti', 'Museo Conte', 'Museo Radio']",Castelvecchio,strategy_nearest,False,0.0026230812072753906,success
04D81BBA7B3F80,3,"['Duomo', 'Santa Anastasia', 'Torre Lamberti']",Casa Giulietta,"['Centro Fotografia', 'Sighseeing', 'Museo Conte', 'Museo Radio', 'Palazzo della Ragione']",Arena,strategy_nearest,False,0.0023069381713867188,success
04D8203A9C4C84,0,['San Zeno'],Arena,"['Verona Tour', 'Museo Lapidario', 'Museo Radio', 'San Fermo', 'Casa Giulietta']",Duomo,strategy_nearest,False,0.0025758743286132812,success
04D819429C4C84,3,"['Torre Lamberti', 'Teatro Romano']",Duomo,"['AMO', 'Museo Miniscalchi', 'Santa Anastasia', 'Palazzo della Ragione', 'Museo Conte']",Arena,strategy_nearest,False,0.004187107086181641,success
04D8214A9C4C80,3,"['Casa Giulietta', 'Torre Lamberti']",Santa Anastasia,"['AMO', 'Museo Conte', 'Palazzo della Ragione', 'Teatro Romano', 'Centro Fotografia']",Duomo,strategy_nearest,False,0.0025370121002197266,success
04D8223A9C4C80,3,['Arena'],Casa Giulietta,"['Centro Fotografia', 'Sighseeing', 'Torre Lamberti', 'Museo Conte', 'Museo Radio']",Santa Anastasia,strategy_nearest,False,0.0029077529907226562,success
04D827BA7B3F80,1,"['Arena', 'Casa Giulietta', 'Santa Anastasia']",Palazzo della Ragione,"['AMO', 'Museo Conte', 'Torre Lamberti', 'Centro Fotografia', 'Sighseeing']",Torre Lamberti,strategy_nearest,True,0.002670764923095703,success
04D8224A9C4C80,3,"['Casa Giulietta', 'Torre Lamberti', 'Santa Anastasia']",Duomo,"['AMO', 'Museo Miniscalchi', 'Teatro Romano', 'Palazzo della Ragione', 'Museo Conte']",Arena,strategy_nearest,False,0.0026428699493408203,success
04D83D3A9C4C80,1,"['San Zeno', 'Arena']",Palazzo della Ragione,"['AMO', 'Museo Conte', 'Torre Lamberti', 'Centro Fotografia', 'Sighseeing']",Torre Lamberti,strategy_nearest,True,0.0024929046630859375,success
04D8293A9C4C80,3,"['Casa Giulietta', 'San Fermo']",Tomba Giulietta,"['Museo Storia', 'Arena', 'Museo Lapidario', 'Museo Radio', 'Verona Tour']",Arena,strategy_nearest,True,0.0039861202239990234,success
04D84E3A9C4C80,3,"['Arena', 'Castelvecchio']",Torre Lamberti,"['Sighseeing', 'Centro Fotografia', 'Museo Conte', 'Casa Giulietta', 'Palazzo della Ragione']",Casa Giulietta,strategy_nearest,True,0.002393960952758789,success
04D84F3A9C4C80,1,"['Tomba Giulietta', 'Casa Giulietta', 'Torre Lamberti']",Palazzo della Ragione,"['AMO', 'Museo Conte', 'Centro Fotografia', 'Sighseeing', 'Santa Anastasia']",Teatro Romano,strategy_nearest,False,0.0025987625122070312,success
04D852429C4C80,3,"['Arena', 'Casa Giulietta']",Torre Lamberti,"['Sighseeing', 'Centro Fotografia', 'Museo Conte', 'Palazzo della Ragione', 'AMO']",Santa Anastasia,strategy_nearest,False,0.0029990673065185547,success
04D8543A9C4C80,0,['Arena'],Casa Giulietta,"['Centro Fotografia', 'Sighseeing', 'Torre Lamberti', 'Museo Conte', 'Museo Radio']",Giardino Giusti,strategy_nearest,False,0.003354787826538086,success
04D85E3A9C4C80,0,"['Torre Lamberti', 'Teatro Romano']",Arena,"['Verona Tour', 'Museo Lapidario', 'Museo Radio', 'San Fermo', 'Casa Giulietta']",Tomba Giulietta,strategy_nearest,False,0.0032651424407958984,success
04D867429C4C80,0,"['Arena', 'Casa Giulietta']",Torre Lamberti,"['Sighseeing', 'Centro Fotografia', 'Museo Conte', 'Palazzo della Ragione', 'AMO']",Duomo,strategy_nearest,False,0.002680063247680664,success
04D8643A9C4C80,1,"['Arena', 'Palazzo della Ragione', 'Torre Lamberti']",Teatro Romano,"['Santa Anastasia', 'Duomo', 'AMO', 'Museo Conte', 'Centro Fotografia']",San Zeno,strategy_nearest,False,0.0031948089599609375,success
04D86D429C4C80,2,['San Fermo'],Casa Giulietta,"['Centro Fotografia', 'Sighseeing', 'Torre Lamberti', 'Museo Conte', 'Museo Radio']",Santa Anastasia,strategy_nearest,False,0.003131866455078125,success
04D869429C4C80,1,['Arena'],Casa Giulietta,"['Centro Fotografia', 'Sighseeing', 'Torre Lamberti', 'Museo Conte', 'Museo Radio']",Torre Lamberti,strategy_nearest,True,0.003376007080078125,success
04D880BA7B3F80,3,"['Castelvecchio', 'Casa Giulietta']",Arena,"['Verona Tour', 'Museo Lapidario', 'Museo Radio', 'San Fermo', 'Sighseeing']",Torre Lamberti,strategy_nearest,False,0.003119230270385742,success
04D87F4A9C4C80,0,"['Tomba Giulietta', 'Arena']",Casa Giulietta,"['Centro Fotografia', 'Sighseeing', 'Torre Lamberti', 'Museo Conte', 'Museo Radio']",Torre Lamberti,strategy_nearest,True,0.002466917037963867,success
04D886429C4C80,3,['Arena'],Castelvecchio,"['Museo Lapidario', 'Verona Tour', 'Museo Radio', 'San Zeno', 'Sighseeing']",Duomo,strategy_nearest,False,0.003309011459350586,success
04D88B3A9C4C80,1,['Arena'],Palazzo della Ragione,"['AMO', 'Museo Conte', 'Torre Lamberti', 'Centro Fotografia', 'Sighseeing']",Teatro Romano,strategy_nearest,False,0.002468109130859375,success
04D8924A9C4C80,1,"['Arena', 'Museo Lapidario']",Casa Giulietta,"['Centro Fotografia', 'Sighseeing', 'Torre Lamberti', 'Museo Conte', 'Museo Radio']",Torre Lamberti,strategy_nearest,True,0.0017421245574951172,success
04D899BA7B3F80,0,['Castelvecchio'],Teatro Romano,"['Santa Anastasia', 'Duomo', 'AMO', 'Palazzo della Ragione', 'Museo Conte']",Arena,strategy_nearest,False,0.0026688575744628906,success
04D8914A9C4C80,1,['Casa Giulietta'],Palazzo della Ragione,"['AMO', 'Museo Conte', 'Torre Lamberti', 'Centro Fotografia', 'Sighseeing']",Torre Lamberti,strategy_nearest,True,0.0033850669860839844,success
04D89E429C4C80,0,['Arena'],Castelvecchio,"['Museo Lapidario', 'Verona Tour', 'Museo Radio', 'San Zeno', 'Sighseeing']",Teatro Romano,strategy_nearest,False,0.0033211708068847656,success
04D8A0429C4C80,0,['Arena'],Casa Giulietta,"['Centro Fotografia', 'Sighseeing', 'Torre Lamberti', 'Museo Conte', 'Museo Radio']",Torre Lamberti,strategy_nearest,True,0.003926992416381836,success
04D8A4429C4C80,2,"['Palazzo della Ragione', 'Casa Giulietta']",Duomo,"['AMO', 'Museo Miniscalchi', 'Santa Anastasia', 'Teatro Romano', 'Museo Conte']",Teatro Romano,strategy_nearest,True,0.002033233642578125,success
04D8A9429C4C80,3,"['Arena', 'Casa Giulietta']",Santa Anastasia,"['AMO', 'Museo Conte', 'Palazzo della Ragione', 'Teatro Romano', 'Centro Fotografia']",Teatro Romano,strategy_nearest,True,0.003270864486694336,success
04D8A34A9C4C80,0,"['Arena', 'Casa Giulietta']",Torre Lamberti,"['Sighseeing', 'Centro Fotografia', 'Museo Conte', 'Palazzo della Ragione', 'AMO']",Duomo,strategy_nearest,False,0.002117156982421875,success
04D8AA4A9C4C80,3,['Arena'],Casa Giulietta,"['Centro Fotografia', 'Sighseeing', 'Torre Lamberti', 'Museo Conte', 'Museo Radio']",Santa Anastasia,strategy_nearest,False,0.002722024917602539,success
04D8AB3A9C4C80,0,['Duomo'],Torre Lamberti,"['Sighseeing', 'Centro Fotografia', 'Museo Conte', 'Casa Giulietta', 'Palazzo della Ragione']",Arena,strategy_nearest,False,0.00261688232421875,success
04D8AA3A9C4C80,0,['Arena'],Torre Lamberti,"['Sighseeing', 'Centro Fotografia', 'Museo Conte', 'Casa Giulietta', 'Palazzo della Ragione']",Duomo,strategy_nearest,False,0.00215911865234375,success
04D8B03A9C4C80,2,['Casa Giulietta'],Santa Anastasia,"['AMO', 'Museo Conte', 'Palazzo della Ragione', 'Teatro Romano', 'Centro Fotografia']",Castelvecchio,strategy_nearest,False,0.0033779144287109375,success
04D8B63A9C4C80,0,['Arena'],Casa Giulietta,"['Centro Fotografia', 'Sighseeing', 'Torre Lamberti', 'Museo Conte', 'Museo Radio']",Castelvecchio,strategy_nearest,False,0.0031740665435791016,success
04D8B53A9C4C80,3,['Torre Lamberti'],Duomo,"['AMO', 'Museo Miniscalchi', 'Santa Anastasia', 'Teatro Romano', 'Palazzo della Ragione']",Santa Anastasia,strategy_nearest,True,0.0020160675048828125,success
04D8B772743380,1,"['Tomba Giulietta', 'Arena', 'Castelvecchio', 'Duomo']",Torre Lamberti,"['Sighseeing', 'Centro Fotografia', 'Museo Conte', 'Casa Giulietta', 'Palazzo della Ragione']",Palazzo della Ragione,strategy_nearest,True,0.0018422603607177734,success
04D8C13A9C4C80,3,['Castelvecchio'],Arena,"['Verona Tour', 'Museo Lapidario', 'Museo Radio', 'San Fermo', 'Casa Giulietta']",Torre Lamberti,strategy_nearest,False,0.0030159950256347656,success
04D8C5BA7B3F80,0,['Castelvecchio'],Teatro Romano,"['Santa Anastasia', 'Duomo', 'AMO', 'Palazzo della Ragione', 'Museo Conte']",Arena,strategy_nearest,False,0.0026400089263916016,success
04D8C53A9C4C80,0,['Arena'],Casa Giulietta,"['Centro Fotografia', 'Sighseeing', 'Torre Lamberti', 'Museo Conte', 'Museo Radio']",Torre Lamberti,strategy_nearest,True,0.0019512176513671875,success
04D8DA3A9C4C80,1,"['Arena', 'Casa Giulietta', 'Palazzo della Ragione']",Torre Lamberti,"['Sighseeing', 'Centro Fotografia', 'Museo Conte', 'AMO', 'Museo Miniscalchi']",San Fermo,strategy_nearest,False,0.0034630298614501953,success
04D8DC3A9C4C80,4,"['Arena', 'Giardino Giusti', 'San Fermo']",Torre Lamberti,"['Sighseeing', 'Centro Fotografia', 'Museo Conte', 'Casa Giulietta', 'Palazzo della Ragione']",Santa Anastasia,strategy_nearest,False,0.0032601356506347656,success
04D8E43A9C4C80,3,"['Torre Lamberti', 'San Fermo']",Arena,"['Verona Tour', 'Museo Lapidario', 'Museo Radio', 'Casa Giulietta', 'Sighseeing']",Santa Anastasia,strategy_nearest,False,0.0023648738861083984,success
04D8F13A9C4C80,0,"['Arena', 'San Fermo']",Casa Giulietta,"['Centro Fotografia', 'Sighseeing', 'Torre Lamberti', 'Museo Conte', 'Museo Radio']",Torre Lamberti,strategy_nearest,True,0.001940011978149414,success
04D8F4429C4C80,3,"['Castelvecchio', 'Arena', 'Casa Giulietta']",Torre Lamberti,"['Sighseeing', 'Centro Fotografia', 'Museo Conte', 'Palazzo della Ragione', 'AMO']",Teatro Romano,strategy_nearest,False,0.0032711029052734375,success
04D8EA3A9C4C80,0,['Arena'],Casa Giulietta,"['Centro Fotografia', 'Sighseeing', 'Torre Lamberti', 'Museo Conte', 'Museo Radio']",Santa Anastasia,strategy_nearest,False,0.004168033599853516,success
04D9033A9C4C84,0,['Arena'],Santa Anastasia,"['AMO', 'Museo Conte', 'Palazzo della Ragione', 'Teatro Romano', 'Centro Fotografia']",Castelvecchio,strategy_nearest,False,0.00347900390625,success
04D9183A9C4C84,3,"['San Fermo', 'Torre Lamberti']",Santa Anastasia,"['AMO', 'Museo Conte', 'Palazzo della Ragione', 'Teatro Romano', 'Centro Fotografia']",Duomo,strategy_nearest,False,0.0029420852661132812,success
04D915BA7B3F80,1,"['Arena', 'Casa Giulietta', 'Santa Anastasia']",Palazzo della Ragione,"['AMO', 'Museo Conte', 'Torre Lamberti', 'Centro Fotografia', 'Sighseeing']",Torre Lamberti,strategy_nearest,True,0.0020711421966552734,success
04D9133A9C4C80,3,"['San Zeno', 'Teatro Romano', 'Duomo']",Casa Giulietta,"['Centro Fotografia', 'Sighseeing', 'Torre Lamberti', 'Museo Conte', 'Museo Radio']",Torre Lamberti,strategy_nearest,True,0.0032770633697509766,success
04D9193A9C4C84,0,['Arena'],Torre Lamberti,"['Sighseeing', 'Centro Fotografia', 'Museo Conte', 'Casa Giulietta', 'Palazzo della Ragione']",Castelvecchio,strategy_nearest,False,0.0029947757720947266,success
04D922429C4C84,0,['Arena'],Castelvecchio,"['Museo Lapidario', 'Verona Tour', 'Museo Radio', 'San Zeno', 'Sighseeing']",San Fermo,strategy_nearest,False,0.0020809173583984375,success
04D9223A9C4C80,3,"['Castelvecchio', 'Arena']",Torre Lamberti,"['Sighseeing', 'Centro Fotografia', 'Museo Conte', 'Casa Giulietta', 'Palazzo della Ragione']",Santa Anastasia,strategy_nearest,False,0.002747774124145508,success
04D9283A9C4C80,1,"['Castelvecchio', 'Teatro Romano']",Palazzo della Ragione,"['AMO', 'Museo Conte', 'Torre Lamberti', 'Centro Fotografia', 'Sighseeing']",Torre Lamberti,strategy_nearest,True,0.0030639171600341797,success
04D9253A9C4C80,0,['Torre Lamberti'],Arena,"['Verona Tour', 'Museo Lapidario', 'Museo Radio', 'San Fermo', 'Casa Giulietta']",Castelvecchio,strategy_nearest,False,0.003757953643798828,success
04D92F429C4C80,0,"['Arena', 'Casa Giulietta']",Santa Anastasia,"['AMO', 'Museo Conte', 'Palazzo della Ragione', 'Teatro Romano', 'Centro Fotografia']",Castelvecchio,strategy_nearest,False,0.002568960189819336,success
04D92B3A9C4C80,0,['Castelvecchio'],Casa Giulietta,"['Centro Fotografia', 'Sighseeing', 'Torre Lamberti', 'Museo Conte', 'Museo Radio']",Arena,strategy_nearest,False,0.0036339759826660156,success
04D936BA7B3F80,1,"['Arena', 'Casa Giulietta', 'Castelvecchio']",Tomba Giulietta,"['San Fermo', 'Museo Storia', 'Museo Lapidario', 'Museo Radio', 'Verona Tour']",Torre Lamberti,strategy_nearest,False,0.002460002899169922,success
04D93FBA7B3F80,3,"['Castelvecchio', 'Casa Giulietta']",Arena,"['Verona Tour', 'Museo Lapidario', 'Museo Radio', 'San Fermo', 'Sighseeing']",Torre Lamberti,strategy_nearest,False,0.003240346908569336,success
04D94BBA7B3F80,3,"['Arena', 'Castelvecchio', 'Duomo']",Santa Anastasia,"['AMO', 'Museo Conte', 'Palazzo della Ragione', 'Teatro Romano', 'Centro Fotografia']",Casa Giulietta,strategy_nearest,False,0.0030198097229003906,success
04D94D429C4C80,0,['Arena'],Casa Giulietta,"['Centro Fotografia', 'Sighseeing', 'Torre Lamberti', 'Museo Conte', 'Museo Radio']",Santa Anastasia,strategy_nearest,False,0.003264904022216797,success
04D96E429C4C80,0,['Arena'],Casa Giulietta,"['Centro Fotografia', 'Sighseeing', 'Torre Lamberti', 'Museo Conte', 'Museo Radio']",Torre Lamberti,strategy_nearest,True,0.003421306610107422,success
04D954429C4C80,0,['Arena'],Casa Giulietta,"['Centro Fotografia', 'Sighseeing', 'Torre Lamberti', 'Museo Conte', 'Museo Radio']",Torre Lamberti,strategy_nearest,True,0.0027670860290527344,success
04D96EBA7B3F80,1,"['Arena', 'Palazzo della Ragione']",Torre Lamberti,"['Sighseeing', 'Centro Fotografia', 'Museo Conte', 'Casa Giulietta', 'AMO']",Casa Giulietta,strategy_nearest,True,0.003231048583984375,success
04D9713A9C4C80,2,['Casa Giulietta'],Torre Lamberti,"['Sighseeing', 'Centro Fotografia', 'Museo Conte', 'Palazzo della Ragione', 'AMO']",Palazzo della Ragione,strategy_nearest,True,0.003130197525024414,success
04D96F429C4C80,2,"['Castelvecchio', 'Casa Giulietta']",Museo Lapidario,"['Verona Tour', 'Arena', 'Museo Radio', 'San Fermo', 'Tomba Giulietta']",Torre Lamberti,strategy_nearest,False,0.003376007080078125,success
04D973429C4C80,3,['Arena'],Casa Giulietta,"['Centro Fotografia', 'Sighseeing', 'Torre Lamberti', 'Museo Conte', 'Museo Radio']",Santa Anastasia,strategy_nearest,False,0.002516031265258789,success
04D9743A9C4C80,0,['Castelvecchio'],Arena,"['Verona Tour', 'Museo Lapidario', 'Museo Radio', 'San Fermo', 'Casa Giulietta']",Casa Giulietta,strategy_nearest,True,0.003679037094116211,success
04D97C3A9C4C80,3,"['Arena', 'Torre Lamberti']",Duomo,"['AMO', 'Museo Miniscalchi', 'Santa Anastasia', 'Teatro Romano', 'Palazzo della Ragione']",Giardino Giusti,strategy_nearest,False,0.0021791458129882812,success
04D9823A9C4C80,3,"['Torre Lamberti', 'Santa Anastasia']",Teatro Romano,"['Duomo', 'AMO', 'Palazzo della Ragione', 'Museo Conte', 'Centro Fotografia']",Duomo,strategy_nearest,True,0.002789735794067383,success
04D9873A9C4C80,3,['Arena'],Castelvecchio,"['Museo Lapidario', 'Verona Tour', 'Museo Radio', 'San Zeno', 'Sighseeing']",Santa Anastasia,strategy_nearest,False,0.002981901168823242,success
04D99E4A9C4C80,3,"['Arena', 'Casa Giulietta']",Torre Lamberti,"['Sighseeing', 'Centro Fotografia', 'Museo Conte', 'Palazzo della Ragione', 'AMO']",Santa Anastasia,strategy_nearest,False,0.003125905990600586,success
04D9843A9C4C80,0,['Castelvecchio'],Arena,"['Verona Tour', 'Museo Lapidario', 'Museo Radio', 'San Fermo', 'Casa Giulietta']",Torre Lamberti,strategy_nearest,False,0.003114938735961914,success
04D9A0429C4C80,3,"['Castelvecchio', 'Arena']",Torre Lamberti,"['Sighseeing', 'Centro Fotografia', 'Museo Conte', 'Casa Giulietta', 'Palazzo della Ragione']",Santa Anastasia,strategy_nearest,False,0.0026428699493408203,success
04D9AB429C4C80,0,['Teatro Romano'],Torre Lamberti,"['Sighseeing', 'Centro Fotografia', 'Museo Conte', 'Casa Giulietta', 'Palazzo della Ragione']",Castelvecchio,strategy_nearest,False,0.003384828567504883,success
04D9AC429C4C80,2,['Duomo'],San Fermo,"['Museo Storia', 'Museo Radio', 'Casa Giulietta', 'Centro Fotografia', 'Arena']",Castelvecchio,strategy_nearest,False,0.0019190311431884766,success
04D9AB4A9C4C80,3,"['Casa Giulietta', 'Arena']",Torre Lamberti,"['Sighseeing', 'Centro Fotografia', 'Museo Conte', 'Palazzo della Ragione', 'AMO']",Santa Anastasia,strategy_nearest,False,0.0031540393829345703,success
04D9B03A9C4C80,0,['Arena'],Casa Giulietta,"['Centro Fotografia', 'Sighseeing', 'Torre Lamberti', 'Museo Conte', 'Museo Radio']",San Fermo,strategy_nearest,False,0.002997875213623047,success
04D9B13A9C4C80,1,['Arena'],Casa Giulietta,"['Centro Fotografia', 'Sighseeing', 'Torre Lamberti', 'Museo Conte', 'Museo Radio']",Castelvecchio,strategy_nearest,False,0.002717256546020508,success
04D9B3429C4C80,0,['Arena'],Torre Lamberti,"['Sighseeing', 'Centro Fotografia', 'Museo Conte', 'Casa Giulietta', 'Palazzo della Ragione']",Casa Giulietta,strategy_nearest,True,0.0027608871459960938,success
04D9B73A9C4C80,1,"['Castelvecchio', 'Arena', 'Casa Giulietta']",Torre Lamberti,"['Sighseeing', 'Centro Fotografia', 'Museo Conte', 'Palazzo della Ragione', 'AMO']",Palazzo della Ragione,strategy_nearest,True,0.0031571388244628906,success
04D9BA3A9C4C80,2,"['Casa Giulietta', 'Tomba Giulietta']",San Zeno,"['Castelvecchio', 'Verona Tour', 'Museo Lapidario', 'Arena', 'Museo Miniscalchi']",Castelvecchio,strategy_nearest,True,0.003000974655151367,success
04D9BE429C4C80,0,['Arena'],Casa Giulietta,"['Centro Fotografia', 'Sighseeing', 'Torre Lamberti', 'Museo Conte', 'Museo Radio']",Torre Lamberti,strategy_nearest,True,0.003201007843017578,success
04D9C3429C4C80,0,['Duomo'],Castelvecchio,"['Museo Lapidario', 'Verona Tour', 'Arena', 'Museo Radio', 'San Zeno']",Arena,strategy_nearest,True,0.0025730133056640625,success
04D9C3BA7B3F80,1,"['Arena', 'Castelvecchio']",Tomba Giulietta,"['San Fermo', 'Museo Storia', 'Museo Lapidario', 'Museo Radio', 'Verona Tour']",Torre Lamberti,strategy_nearest,False,0.0032470226287841797,success
04D9CE3A9C4C80,3,"['Arena', 'San Zeno', 'Duomo']",Santa Anastasia,"['AMO', 'Museo Conte', 'Palazzo della Ragione', 'Teatro Romano', 'Centro Fotografia']",Torre Lamberti,strategy_nearest,False,0.0030889511108398438,success
04D9DD3A9C4C80,0,['Arena'],Casa Giulietta,"['Centro Fotografia', 'Sighseeing', 'Torre Lamberti', 'Museo Conte', 'Museo Radio']",Teatro Romano,strategy_nearest,False,0.0023560523986816406,success
04D9E13A9C4C80,0,"['Castelvecchio', 'Arena']",Casa Giulietta,"['Centro Fotografia', 'Sighseeing', 'Torre Lamberti', 'Museo Conte', 'Museo Radio']",Torre Lamberti,strategy_nearest,True,0.0030891895294189453,success
04D9E83A9C4C80,2,['Torre Lamberti'],Casa Giulietta,"['Centro Fotografia', 'Sighseeing', 'Museo Conte', 'Museo Radio', 'Palazzo della Ragione']",Castelvecchio,strategy_nearest,False,0.003126859664916992,success
04D9E9429C4C80,1,"['Arena', 'Castelvecchio', 'Torre Lamberti', 'Palazzo della Ragione']",Casa Giulietta,"['Centro Fotografia', 'Sighseeing', 'Museo Conte', 'Museo Radio', 'San Fermo']",Santa Anastasia,strategy_nearest,False,0.002507925033569336,success
04DA03429C4C84,1,"['Arena', 'Castelvecchio', 'San Zeno', 'Palazzo della Ragione']",Casa Giulietta,"['Centro Fotografia', 'Sighseeing', 'Torre Lamberti', 'Museo Conte', 'Museo Radio']",Santa Anastasia,strategy_nearest,False,0.0030670166015625,success
04D9EF3A9C4C80,3,"['Casa Giulietta', 'Arena']",Santa Anastasia,"['AMO', 'Museo Conte', 'Palazzo della Ragione', 'Teatro Romano', 'Centro Fotografia']",Torre Lamberti,strategy_nearest,False,0.003498077392578125,success
04DA04429C4C84,2,"['Teatro Romano', 'Casa Giulietta', 'Giardino Giusti']",Torre Lamberti,"['Sighseeing', 'Centro Fotografia', 'Museo Conte', 'Palazzo della Ragione', 'AMO']",Palazzo della Ragione,strategy_nearest,True,0.002658843994140625,success
04DA1F3A9C4C80,3,"['Castelvecchio', 'San Zeno', 'Duomo', 'Santa Anastasia']",Torre Lamberti,"['Sighseeing', 'Centro Fotografia', 'Museo Conte', 'Casa Giulietta', 'Palazzo della Ragione']",Arena,strategy_nearest,False,0.002547025680541992,success
04DA133A9C4C84,6,['Arena'],Verona Tour,"['Museo Lapidario', 'Castelvecchio', 'Museo Radio', 'Casa Giulietta', 'Sighseeing']",Castelvecchio,strategy_nearest,True,0.003476858139038086,success
04DA204A9C4C80,2,['Casa Giulietta'],Santa Anastasia,"['AMO', 'Museo Conte', 'Palazzo della Ragione', 'Teatro Romano', 'Centro Fotografia']",Teatro Romano,strategy_nearest,True,0.0031349658966064453,success
04DA16429C4C84,3,"['Arena', 'Casa Giulietta']",Torre Lamberti,"['Sighseeing', 'Centro Fotografia', 'Museo Conte', 'Palazzo della Ragione', 'AMO']",Santa Anastasia,strategy_nearest,False,0.003400087356567383,success
04DA253A9C4C80,0,"['Arena', 'Casa Giulietta']",Torre Lamberti,"['Sighseeing', 'Centro Fotografia', 'Museo Conte', 'Palazzo della Ragione', 'AMO']",Castelvecchio,strategy_nearest,False,0.0023872852325439453,success
04DA23429C4C84,1,"['Arena', 'Casa Giulietta', 'Torre Lamberti', 'Palazzo della Ragione', 'Santa Anastasia']",Duomo,"['AMO', 'Museo Miniscalchi', 'Teatro Romano', 'Museo Conte', 'Centro Fotografia']",Teatro Romano,strategy_nearest,True,0.0031430721282958984,success
04DA2B3A9C4C80,0,['Casa Giulietta'],Torre Lamberti,"['Sighseeing', 'Centro Fotografia', 'Museo Conte', 'Palazzo della Ragione', 'AMO']",Arena,strategy_nearest,False,0.0023789405822753906,success
04DA2A4A9C4C80,3,"['Arena', 'Castelvecchio']",San Fermo,"['Museo Storia', 'Museo Radio', 'Casa Giulietta', 'Centro Fotografia', 'Sighseeing']",Casa Giulietta,strategy_nearest,True,0.003381013870239258,success
04DA2F4A9C4C80,1,"['Castelvecchio', 'San Zeno', 'Santa Anastasia', 'Duomo']",Arena,"['Verona Tour', 'Museo Lapidario', 'Museo Radio', 'San Fermo', 'Casa Giulietta']",Torre Lamberti,strategy_nearest,False,0.0033559799194335938,success
04DA3C3A9C4C80,2,['Santa Anastasia'],Torre Lamberti,"['Sighseeing', 'Centro Fotografia', 'Museo Conte', 'Casa Giulietta', 'Palazzo della Ragione']",Casa Giulietta,strategy_nearest,True,0.0020210742950439453,success
04DA403A9C4C80,0,['San Fermo'],Casa Giulietta,"['Centro Fotografia', 'Sighseeing', 'Torre Lamberti', 'Museo Conte', 'Museo Radio']",Arena,strategy_nearest,False,0.003278017044067383,success
04DA413A9C4C80,3,"['Castelvecchio', 'Arena', 'Casa Giulietta']",Torre Lamberti,"['Sighseeing', 'Centro Fotografia', 'Museo Conte', 'Palazzo della Ragione', 'AMO']",Teatro Romano,strategy_nearest,False,0.0030438899993896484,success
04DA5A3A9C4C80,3,['Arena'],Duomo,"['AMO', 'Museo Miniscalchi', 'Santa Anastasia', 'Teatro Romano', 'Palazzo della Ragione']",Torre Lamberti,strategy_nearest,False,0.00189971923828125,success
04DA41429C4C80,1,"['Arena', 'Casa Giulietta']",Palazzo della Ragione,"['AMO', 'Museo Conte', 'Torre Lamberti', 'Centro Fotografia', 'Sighseeing']",Torre Lamberti,strategy_nearest,True,0.0026319026947021484,success
04DA563A9C4C80,1,"['Arena', 'Casa Giulietta', 'Torre Lamberti', 'Palazzo della Ragione']",Tomba Giulietta,"['San Fermo', 'Museo Storia', 'Museo Lapidario', 'Museo Radio', 'Verona Tour']",Teatro Romano,strategy_nearest,False,0.0026137828826904297,success
04DA74429C4C80,3,"['Teatro Romano', 'San Fermo', 'Duomo']",Santa Anastasia,"['AMO', 'Museo Conte', 'Palazzo della Ragione', 'Centro Fotografia', 'Torre Lamberti']",Torre Lamberti,strategy_nearest,True,0.0033233165740966797,success
04DA7D4A9C4C80,2,['Tomba Giulietta'],San Fermo,"['Museo Storia', 'Museo Radio', 'Casa Giulietta', 'Centro Fotografia', 'Arena']",Casa Giulietta,strategy_nearest,True,0.0031948089599609375,success
04DA713A9C4C80,0,['Teatro Romano'],Duomo,"['AMO', 'Museo Miniscalchi', 'Santa Anastasia', 'Palazzo della Ragione', 'Museo Conte']",Casa Giulietta,strategy_nearest,False,0.0027618408203125,success
04DA6F429C4C80,3,"['Arena', 'Duomo']",Giardino Giusti,"['Santa Anastasia', 'Teatro Romano', 'Museo Conte', 'Centro Fotografia', 'Museo Storia']",Santa Anastasia,strategy_nearest,True,0.002785921096801758,success
04DA914A9C4C80,1,"['Casa Giulietta', 'Torre Lamberti']",Palazzo della Ragione,"['AMO', 'Museo Conte', 'Centro Fotografia', 'Sighseeing', 'Santa Anastasia']",Arena,strategy_nearest,False,0.0026848316192626953,success
04DA84429C4C80,2,"['San Zeno', 'Duomo', 'Santa Anastasia']",San Fermo,"['Museo Storia', 'Museo Radio', 'Casa Giulietta', 'Centro Fotografia', 'Arena']",Torre Lamberti,strategy_nearest,False,0.0022058486938476562,success
04DA883A9C4C80,3,"['Arena', 'Casa Giulietta']",Torre Lamberti,"['Sighseeing', 'Centro Fotografia', 'Museo Conte', 'Palazzo della Ragione', 'AMO']",Duomo,strategy_nearest,False,0.0021550655364990234,success
04DA97429C4C80,0,['Arena'],Castelvecchio,"['Museo Lapidario', 'Verona Tour', 'Museo Radio', 'San Zeno', 'Sighseeing']",Torre Lamberti,strategy_nearest,False,0.0031991004943847656,success
04DAA14A9C4C80,3,['Arena'],Santa Anastasia,"['AMO', 'Museo Conte', 'Palazzo della Ragione', 'Teatro Romano', 'Centro Fotografia']",Torre Lamberti,strategy_nearest,False,0.002708911895751953,success
04DAAC3A9C4C80,0,"['Tomba Giulietta', 'Arena']",Casa Giulietta,"['Centro Fotografia', 'Sighseeing', 'Torre Lamberti', 'Museo Conte', 'Museo Radio']",Torre Lamberti,strategy_nearest,True,0.002071857452392578,success
04DAAB429C4C80,0,['Arena'],Castelvecchio,"['Museo Lapidario', 'Verona Tour', 'Museo Radio', 'San Zeno', 'Sighseeing']",Santa Anastasia,strategy_nearest,False,0.0015087127685546875,success
04DAB4429C4C80,1,"['Arena', 'Casa Giulietta', 'Torre Lamberti']",Palazzo della Ragione,"['AMO', 'Museo Conte', 'Centro Fotografia', 'Sighseeing', 'Santa Anastasia']",Santa Anastasia,strategy_nearest,True,0.0033872127532958984,success
04DABB429C4C80,3,"['Castelvecchio', 'Santa Anastasia']",Casa Giulietta,"['Centro Fotografia', 'Sighseeing', 'Torre Lamberti', 'Museo Conte', 'Museo Radio']",Arena,strategy_nearest,False,0.002740144729614258,success
04DACF3A9C4C80,2,"['Santa Anastasia', 'Teatro Romano']",Casa Giulietta,"['Centro Fotografia', 'Sighseeing', 'Torre Lamberti', 'Museo Conte', 'Museo Radio']",Castelvecchio,strategy_nearest,False,0.003223896026611328,success
04DAC63A9C4C80,2,"['Castelvecchio', 'Casa Giulietta']",Torre Lamberti,"['Sighseeing', 'Centro Fotografia', 'Museo Conte', 'Palazzo della Ragione', 'AMO']",Santa Anastasia,strategy_nearest,False,0.0020999908447265625,success
04DACA429C4C80,3,"['Arena', 'Casa Giulietta']",Castelvecchio,"['Museo Lapidario', 'Verona Tour', 'Museo Radio', 'San Zeno', 'Sighseeing']",Santa Anastasia,strategy_nearest,False,0.0026731491088867188,success
04DAD2429C4C80,0,['Giardino Giusti'],Casa Giulietta,"['Centro Fotografia', 'Sighseeing', 'Torre Lamberti', 'Museo Conte', 'Museo Radio']",Arena,strategy_nearest,False,0.0024089813232421875,success
04DADB3A9C4C80,1,"['Arena', 'Castelvecchio', 'Palazzo della Ragione']",Casa Giulietta,"['Centro Fotografia', 'Sighseeing', 'Torre Lamberti', 'Museo Conte', 'Museo Radio']",Tomba Giulietta,strategy_nearest,False,0.0020799636840820312,success
04DAE03A9C4C80,2,['Casa Giulietta'],Palazzo della Ragione,"['AMO', 'Museo Conte', 'Torre Lamberti', 'Centro Fotografia', 'Sighseeing']",Torre Lamberti,strategy_nearest,True,0.0026938915252685547,success
04DAE4429C4C80,1,"['Teatro Romano', 'Duomo', 'Santa Anastasia', 'Palazzo della Ragione']",Torre Lamberti,"['Sighseeing', 'Centro Fotografia', 'Museo Conte', 'Casa Giulietta', 'AMO']",Arena,strategy_nearest,False,0.0032019615173339844,success
04DAEC429C4C80,1,"['Arena', 'Castelvecchio', 'Torre Lamberti']",Palazzo della Ragione,"['AMO', 'Museo Conte', 'Centro Fotografia', 'Sighseeing', 'Santa Anastasia']",Casa Giulietta,strategy_nearest,False,0.0027070045471191406,success
04DAF0429C4C80,1,"['Arena', 'Casa Giulietta', 'Palazzo della Ragione']",Santa Anastasia,"['AMO', 'Museo Conte', 'Teatro Romano', 'Centro Fotografia', 'Duomo']",Duomo,strategy_nearest,True,0.0032510757446289062,success
04DAF63A9C4C80,0,['Arena'],Castelvecchio,"['Museo Lapidario', 'Verona Tour', 'Museo Radio', 'San Zeno', 'Sighseeing']",Casa Giulietta,strategy_nearest,False,0.002969980239868164,success
04DAF3429C4C80,1,"['Arena', 'Castelvecchio', 'Teatro Romano', 'Casa Giulietta']",Torre Lamberti,"['Sighseeing', 'Centro Fotografia', 'Museo Conte', 'Palazzo della Ragione', 'AMO']",Palazzo della Ragione,strategy_nearest,True,0.0025949478149414062,success
04DB07429C4C84,3,"['Arena', 'Castelvecchio', 'Torre Lamberti', 'Casa Giulietta']",Tomba Giulietta,"['San Fermo', 'Museo Storia', 'Museo Lapidario', 'Museo Radio', 'Verona Tour']",San Zeno,strategy_nearest,False,0.002090930938720703,success
04DB00429C4C84,3,"['Casa Giulietta', 'Santa Anastasia']",Arena,"['Verona Tour', 'Museo Lapidario', 'Museo Radio', 'San Fermo', 'Sighseeing']",Castelvecchio,strategy_nearest,False,0.003957033157348633,success
04DAFC429C4C80,1,"['Teatro Romano', 'Duomo', 'Castelvecchio']",Arena,"['Verona Tour', 'Museo Lapidario', 'Museo Radio', 'San Fermo', 'Casa Giulietta']",Casa Giulietta,strategy_nearest,True,0.002174854278564453,success
04DB0F3A9C4C84,0,['Arena'],San Fermo,"['Museo Storia', 'Museo Radio', 'Casa Giulietta', 'Centro Fotografia', 'Sighseeing']",Casa Giulietta,strategy_nearest,True,0.0025849342346191406,success
04DB0F429C4C84,1,"['Arena', 'Casa Giulietta']",Torre Lamberti,"['Sighseeing', 'Centro Fotografia', 'Museo Conte', 'Palazzo della Ragione', 'AMO']",Palazzo della Ragione,strategy_nearest,True,0.003370046615600586,success
04DB143A9C4C84,1,"['Arena', 'Casa Giulietta']",Torre Lamberti,"['Sighseeing', 'Centro Fotografia', 'Museo Conte', 'Palazzo della Ragione', 'AMO']",Palazzo della Ragione,strategy_nearest,True,0.0027170181274414062,success
04DB163A9C4C84,0,['Arena'],Castelvecchio,"['Museo Lapidario', 'Verona Tour', 'Museo Radio', 'San Zeno', 'Sighseeing']",Casa Giulietta,strategy_nearest,False,0.0014011859893798828,success
04DB173A9C4C84,2,['Torre Lamberti'],Casa Giulietta,"['Centro Fotografia', 'Sighseeing', 'Museo Conte', 'Museo Radio', 'Palazzo della Ragione']",Duomo,strategy_nearest,False,0.0032067298889160156,success
04DB17429C4C80,3,"['Casa Giulietta', 'Torre Lamberti']",Santa Anastasia,"['AMO', 'Museo Conte', 'Palazzo della Ragione', 'Teatro Romano', 'Centro Fotografia']",Duomo,strategy_nearest,False,0.0025777816772460938,success
04DB1E429C4C80,1,"['Arena', 'Torre Lamberti']",Palazzo della Ragione,"['AMO', 'Museo Conte', 'Centro Fotografia', 'Sighseeing', 'Santa Anastasia']",Teatro Romano,strategy_nearest,False,0.0019559860229492188,success
04DB1E429C4C84,0,['Arena'],Torre Lamberti,"['Sighseeing', 'Centro Fotografia', 'Museo Conte', 'Casa Giulietta', 'Palazzo della Ragione']",Tomba Giulietta,strategy_nearest,False,0.002656221389770508,success
04DB223A9C4C84,2,"['Teatro Romano', 'Duomo']",Santa Anastasia,"['AMO', 'Museo Conte', 'Palazzo della Ragione', 'Centro Fotografia', 'Torre Lamberti']",Casa Giulietta,strategy_nearest,False,0.0031020641326904297,success
04DB25429C4C84,1,"['Palazzo della Ragione', 'Casa Giulietta', 'San Fermo']",Duomo,"['AMO', 'Museo Miniscalchi', 'Santa Anastasia', 'Teatro Romano', 'Museo Conte']",Arena,strategy_nearest,False,0.0025129318237304688,success
04DB263A9C4C84,0,['Arena'],Casa Giulietta,"['Centro Fotografia', 'Sighseeing', 'Torre Lamberti', 'Museo Conte', 'Museo Radio']",Torre Lamberti,strategy_nearest,True,0.0031769275665283203,success
04DB274A9C4C80,3,"['Arena', 'Casa Giulietta']",Torre Lamberti,"['Sighseeing', 'Centro Fotografia', 'Museo Conte', 'Palazzo della Ragione', 'AMO']",Santa Anastasia,strategy_nearest,False,0.0025179386138916016,success
04DB293A9C4C80,2,['Castelvecchio'],Tomba Giulietta,"['San Fermo', 'Museo Storia', 'Arena', 'Museo Lapidario', 'Museo Radio']",Casa Giulietta,strategy_nearest,False,0.003009796142578125,success
04DB2C4A9C4C80,1,"['Arena', 'Casa Giulietta', 'Torre Lamberti']",Palazzo della Ragione,"['AMO', 'Museo Conte', 'Centro Fotografia', 'Sighseeing', 'Santa Anastasia']",Santa Anastasia,strategy_nearest,True,0.002074718475341797,success
04DB2D3A9C4C80,3,"['Arena', 'Museo Lapidario']",Teatro Romano,"['Santa Anastasia', 'Duomo', 'AMO', 'Palazzo della Ragione', 'Museo Conte']",Santa Anastasia,strategy_nearest,True,0.0027341842651367188,success
04DB2E4A9C4C80,2,['Museo Lapidario'],Castelvecchio,"['Verona Tour', 'Arena', 'Museo Radio', 'San Zeno', 'Sighseeing']",Duomo,strategy_nearest,False,0.003253936767578125,success
04DB303A9C4C80,3,"['Arena', 'Casa Giulietta']",Castelvecchio,"['Museo Lapidario', 'Verona Tour', 'Museo Radio', 'San Zeno', 'Sighseeing']",Santa Anastasia,strategy_nearest,False,0.0027778148651123047,success
04DB343A9C4C80,1,"['Arena', 'Casa Giulietta', 'Santa Anastasia']",Duomo,"['AMO', 'Museo Miniscalchi', 'Teatro Romano', 'Palazzo della Ragione', 'Museo Conte']",Teatro Romano,strategy_nearest,True,0.0022499561309814453,success
04DB453A9C4C80,3,['Arena'],Santa Anastasia,"['AMO', 'Museo Conte', 'Palazzo della Ragione', 'Teatro Romano', 'Centro Fotografia']",Castelvecchio,strategy_nearest,False,0.0025429725646972656,success
04DB34429C4C80,0,['Arena'],Tomba Giulietta,"['San Fermo', 'Museo Storia', 'Museo Lapidario', 'Museo Radio', 'Verona Tour']",Castelvecchio,strategy_nearest,False,0.0034110546112060547,success
04DB45429C4C80,3,"['Castelvecchio', 'Arena', 'Casa Giulietta']",Torre Lamberti,"['Sighseeing', 'Centro Fotografia', 'Museo Conte', 'Palazzo della Ragione', 'AMO']",Santa Anastasia,strategy_nearest,False,0.0032701492309570312,success
04DB51429C4C80,3,['Arena'],Castelvecchio,"['Museo Lapidario', 'Verona Tour', 'Museo Radio', 'San Zeno', 'Sighseeing']",Santa Anastasia,strategy_nearest,False,0.004144906997680664,success
04DB53429C4C80,2,"['Castelvecchio', 'Casa Giulietta']",Palazzo della Ragione,"['AMO', 'Museo Conte', 'Torre Lamberti', 'Centro Fotografia', 'Sighseeing']",Torre Lamberti,strategy_nearest,True,0.002878904342651367,success
04DB54429C4C80,3,"['Castelvecchio', 'Teatro Romano', 'Casa Giulietta']",Arena,"['Verona Tour', 'Museo Lapidario', 'Museo Radio', 'San Fermo', 'Sighseeing']",Tomba Giulietta,strategy_nearest,False,0.002572774887084961,success
04DB573A9C4C80,1,['Arena'],Casa Giulietta,"['Centro Fotografia', 'Sighseeing', 'Torre Lamberti', 'Museo Conte', 'Museo Radio']",Palazzo della Ragione,strategy_nearest,False,0.0033807754516601562,success
04DB5A429C4C80,3,"['Arena', 'Castelvecchio', 'Casa Giulietta']",Torre Lamberti,"['Sighseeing', 'Centro Fotografia', 'Museo Conte', 'Palazzo della Ragione', 'AMO']",Duomo,strategy_nearest,False,0.0025517940521240234,success
04DB5B429C4C80,0,"['Tomba Giulietta', 'Arena']",Castelvecchio,"['Museo Lapidario', 'Verona Tour', 'Museo Radio', 'San Zeno', 'Sighseeing']",Casa Giulietta,strategy_nearest,False,0.0030510425567626953,success
04DB71429C4C80,0,"['Arena', 'Casa Giulietta']",Museo Storia,"['San Fermo', 'Museo Radio', 'Centro Fotografia', 'Tomba Giulietta', 'Torre Lamberti']",Tomba Giulietta,strategy_nearest,True,0.0035409927368164062,success
04DB653A9C4C80,1,"['Torre Lamberti', 'Palazzo della Ragione', 'Casa Giulietta', 'Arena']",Castelvecchio,"['Museo Lapidario', 'Verona Tour', 'Museo Radio', 'San Zeno', 'Sighseeing']",Santa Anastasia,strategy_nearest,False,0.0029811859130859375,success
04DB64429C4C80,0,['Arena'],Casa Giulietta,"['Centro Fotografia', 'Sighseeing', 'Torre Lamberti', 'Museo Conte', 'Museo Radio']",Teatro Romano,strategy_nearest,False,0.002022981643676758,success
04DB603A9C4C80,2,['Teatro Romano'],Castelvecchio,"['Museo Lapidario', 'Verona Tour', 'Arena', 'Museo Radio', 'San Zeno']",San Zeno,strategy_nearest,True,0.0033888816833496094,success
04DB75429C4C80,3,"['Castelvecchio', 'Casa Giulietta']",Santa Anastasia,"['AMO', 'Museo Conte', 'Palazzo della Ragione', 'Teatro Romano', 'Centro Fotografia']",Torre Lamberti,strategy_nearest,False,0.0015628337860107422,success
04DB7D429C4C80,3,"['Torre Lamberti', 'Santa Anastasia']",Duomo,"['AMO', 'Museo Miniscalchi', 'Teatro Romano', 'Palazzo della Ragione', 'Museo Conte']",Teatro Romano,strategy_nearest,True,0.0035462379455566406,success
04DB854A9C4C80,1,"['Arena', 'Casa Giulietta']",Torre Lamberti,"['Sighseeing', 'Centro Fotografia', 'Museo Conte', 'Palazzo della Ragione', 'AMO']",Palazzo della Ragione,strategy_nearest,True,0.0029327869415283203,success
04DB87429C4C80,3,['Arena'],Castelvecchio,"['Museo Lapidario', 'Verona Tour', 'Museo Radio', 'San Zeno', 'Sighseeing']",Santa Anastasia,strategy_nearest,False,0.002115011215209961,success
04DB8B3A9C4C80,3,"['Teatro Romano', 'Santa Anastasia']",Arena,"['Verona Tour', 'Museo Lapidario', 'Museo Radio', 'San Fermo', 'Casa Giulietta']",Castelvecchio,strategy_nearest,False,0.002084016799926758,success
04DB8D3A9C4C80,0,['Casa Giulietta'],Tomba Giulietta,"['San Fermo', 'Museo Storia', 'Arena', 'Museo Lapidario', 'Museo Radio']",Castelvecchio,strategy_nearest,False,0.0012888908386230469,success
04DBA44A9C4C80,0,['Arena'],San Fermo,"['Museo Storia', 'Museo Radio', 'Casa Giulietta', 'Centro Fotografia', 'Sighseeing']",Casa Giulietta,strategy_nearest,True,0.0036199092864990234,success
04DB9C429C4C80,1,"['Arena', 'Torre Lamberti']",Palazzo della Ragione,"['AMO', 'Museo Conte', 'Centro Fotografia', 'Sighseeing', 'Santa Anastasia']",Teatro Romano,strategy_nearest,False,0.0028200149536132812,success
04DBA74A9C4C80,0,['Arena'],Duomo,"['AMO', 'Museo Miniscalchi', 'Santa Anastasia', 'Teatro Romano', 'Palazzo della Ragione']",Torre Lamberti,strategy_nearest,False,0.002640962600708008,success
04DBAB3A9C4C80,3,"['Teatro Romano', 'Santa Anastasia']",Torre Lamberti,"['Sighseeing', 'Centro Fotografia', 'Museo Conte', 'Casa Giulietta', 'Palazzo della Ragione']",Casa Giulietta,strategy_nearest,True,0.0030739307403564453,success
04DBAC429C4C80,0,"['Castelvecchio', 'Torre Lamberti']",Casa Giulietta,"['Centro Fotografia', 'Sighseeing', 'Museo Conte', 'Museo Radio', 'Palazzo della Ragione']",Arena,strategy_nearest,False,0.0027489662170410156,success
04DBAE429C4C80,1,"['Castelvecchio', 'Torre Lamberti']",Palazzo della Ragione,"['AMO', 'Museo Conte', 'Centro Fotografia', 'Sighseeing', 'Santa Anastasia']",Casa Giulietta,strategy_nearest,False,0.003376007080078125,success
04DBB8429C4C80,2,['Casa Giulietta'],Torre Lamberti,"['Sighseeing', 'Centro Fotografia', 'Museo Conte', 'Palazzo della Ragione', 'AMO']",Teatro Romano,strategy_nearest,False,0.0024580955505371094,success
04DBB63A9C4C80,3,"['Arena', 'Castelvecchio']",Casa Giulietta,"['Centro Fotografia', 'Sighseeing', 'Torre Lamberti', 'Museo Conte', 'Museo Radio']",Torre Lamberti,strategy_nearest,True,0.0033478736877441406,success
04DBC0429C4C80,3,"['Arena', 'San Fermo']",Casa Giulietta,"['Centro Fotografia', 'Sighseeing', 'Torre Lamberti', 'Museo Conte', 'Museo Radio']",Santa Anastasia,strategy_nearest,False,0.0027158260345458984,success
04DBC6429C4C80,3,"['Arena', 'Casa Giulietta']",Torre Lamberti,"['Sighseeing', 'Centro Fotografia', 'Museo Conte', 'Palazzo della Ragione', 'AMO']",Santa Anastasia,strategy_nearest,False,0.0027151107788085938,success
04DBCC3A9C4C80,0,['Arena'],Duomo,"['AMO', 'Museo Miniscalchi', 'Santa Anastasia', 'Teatro Romano', 'Palazzo della Ragione']",Casa Giulietta,strategy_nearest,False,0.0031728744506835938,success
04DBC63A9C4C80,1,"['Castelvecchio', 'San Fermo', 'Arena']",Torre Lamberti,"['Sighseeing', 'Centro Fotografia', 'Museo Conte', 'Casa Giulietta', 'Palazzo della Ragione']",Palazzo della Ragione,strategy_nearest,True,0.004152059555053711,success
04DBCD3A9C4C80,2,"['Casa Giulietta', 'Palazzo della Ragione']",Torre Lamberti,"['Sighseeing', 'Centro Fotografia', 'Museo Conte', 'AMO', 'Museo Miniscalchi']",Santa Anastasia,strategy_nearest,False,0.003092050552368164,success
04DBCE3A9C4C80,0,['Arena'],Castelvecchio,"['Museo Lapidario', 'Verona Tour', 'Museo Radio', 'San Zeno', 'Sighseeing']",Santa Anastasia,strategy_nearest,False,0.0030510425567626953,success
04DBE3BA7B3F80,1,"['Arena', 'San Fermo', 'Palazzo della Ragione', 'Torre Lamberti']",Santa Anastasia,"['AMO', 'Museo Conte', 'Teatro Romano', 'Centro Fotografia', 'Duomo']",Duomo,strategy_nearest,True,0.0018308162689208984,success
04DBCF3A9C4C80,3,['Teatro Romano'],Santa Anastasia,"['AMO', 'Museo Conte', 'Palazzo della Ragione', 'Centro Fotografia', 'Duomo']",Arena,strategy_nearest,False,0.003437042236328125,success
04DBD7BA7B3F80,1,"['Arena', 'San Fermo', 'Palazzo della Ragione', 'Torre Lamberti']",Santa Anastasia,"['AMO', 'Museo Conte', 'Teatro Romano', 'Centro Fotografia', 'Duomo']",Duomo,strategy_nearest,True,0.00400996208190918,success
04DBEF3A9C4C80,0,['Arena'],San Zeno,"['Castelvecchio', 'Verona Tour', 'Museo Lapidario', 'Museo Miniscalchi', 'Sighseeing']",Duomo,strategy_nearest,False,0.0020411014556884766,success
04DBFA3A9C4C80,2,['Casa Giulietta'],Palazzo della Ragione,"['AMO', 'Museo Conte', 'Torre Lamberti', 'Centro Fotografia', 'Sighseeing']",Torre Lamberti,strategy_nearest,True,0.0032570362091064453,success
04DBEA3A9C4C80,3,['Arena'],Santa Anastasia,"['AMO', 'Museo Conte', 'Palazzo della Ragione', 'Teatro Romano', 'Centro Fotografia']",Duomo,strategy_nearest,False,0.0028269290924072266,success
04DBE53A9C4C80,3,"['Casa Giulietta', 'Arena', 'San Zeno']",Torre Lamberti,"['Sighseeing', 'Centro Fotografia', 'Museo Conte', 'Palazzo della Ragione', 'AMO']",Teatro Romano,strategy_nearest,False,0.002778768539428711,success
04DC0D429C4C84,0,['Arena'],Casa Giulietta,"['Centro Fotografia', 'Sighseeing', 'Torre Lamberti', 'Museo Conte', 'Museo Radio']",Torre Lamberti,strategy_nearest,True,0.0019402503967285156,success
04DBFF429C4C80,0,['Castelvecchio'],San Fermo,"['Museo Storia', 'Museo Radio', 'Casa Giulietta', 'Centro Fotografia', 'Arena']",Arena,strategy_nearest,True,0.002626180648803711,success
04DC043A9C4C84,3,"['Teatro Romano', 'San Fermo']",Castelvecchio,"['Museo Lapidario', 'Verona Tour', 'Arena', 'Museo Radio', 'San Zeno']",San Zeno,strategy_nearest,True,0.0025599002838134766,success
04DC173A9C4C80,1,"['Arena', 'Torre Lamberti', 'Duomo', 'Teatro Romano']",San Fermo,"['Museo Storia', 'Museo Radio', 'Casa Giulietta', 'Centro Fotografia', 'Sighseeing']",San Zeno,strategy_nearest,False,0.0035429000854492188,success
04DC223A9C4C80,2,"['Palazzo della Ragione', 'Torre Lamberti']",Santa Anastasia,"['AMO', 'Museo Conte', 'Teatro Romano', 'Centro Fotografia', 'Duomo']",Duomo,strategy_nearest,True,0.0024030208587646484,success
04DC1C3A9C4C80,0,['Castelvecchio'],Casa Giulietta,"['Centro Fotografia', 'Sighseeing', 'Torre Lamberti', 'Museo Conte', 'Museo Radio']",Arena,strategy_nearest,False,0.0019359588623046875,success
04DC20429C4C80,2,"['Teatro Romano', 'Castelvecchio']",Santa Anastasia,"['AMO', 'Museo Conte', 'Palazzo della Ragione', 'Centro Fotografia', 'Duomo']",Torre Lamberti,strategy_nearest,False,0.0032258033752441406,success
04DC2C3A9C4C80,3,"['Arena', 'Museo Lapidario']",Teatro Romano,"['Santa Anastasia', 'Duomo', 'AMO', 'Palazzo della Ragione', 'Museo Conte']",Santa Anastasia,strategy_nearest,True,0.003290891647338867,success
04DC2A4A9C4C80,3,"['Santa Anastasia', 'Duomo']",Arena,"['Verona Tour', 'Museo Lapidario', 'Museo Radio', 'San Fermo', 'Casa Giulietta']",Torre Lamberti,strategy_nearest,False,0.0027379989624023438,success
04DC304A9C4C80,3,"['Arena', 'Santa Anastasia', 'Torre Lamberti', 'Casa Giulietta']",Tomba Giulietta,"['San Fermo', 'Museo Storia', 'Museo Lapidario', 'Museo Radio', 'Verona Tour']",San Fermo,strategy_nearest,True,0.0020720958709716797,success
04DC31429C4C80,1,"['Castelvecchio', 'Arena', 'Casa Giulietta', 'San Fermo', 'Tomba Giulietta']",San Zeno,"['Verona Tour', 'Museo Lapidario', 'Museo Miniscalchi', 'Sighseeing', 'Museo Radio']",Torre Lamberti,strategy_nearest,False,0.003309965133666992,success
04DC3B4A9C4C80,0,['Arena'],San Zeno,"['Castelvecchio', 'Verona Tour', 'Museo Lapidario', 'Museo Miniscalchi', 'Sighseeing']",Torre Lamberti,strategy_nearest,False,0.0027959346771240234,success
04DC413A9C4C80,3,"['San Zeno', 'Arena']",Torre Lamberti,"['Sighseeing', 'Centro Fotografia', 'Museo Conte', 'Casa Giulietta', 'Palazzo della Ragione']",Santa Anastasia,strategy_nearest,False,0.002593994140625,success
04DC373A9C4C80,1,"['Arena', 'Casa Giulietta']",Torre Lamberti,"['Sighseeing', 'Centro Fotografia', 'Museo Conte', 'Palazzo della Ragione', 'AMO']",Palazzo della Ragione,strategy_nearest,True,0.00220489501953125,success
04DC433A9C4C80,0,"['Giardino Giusti', 'Casa Giulietta']",Arena,"['Verona Tour', 'Museo Lapidario', 'Museo Radio', 'San Fermo', 'Sighseeing']",Castelvecchio,strategy_nearest,False,0.003719806671142578,success
04DC4C429C4C80,3,['Arena'],Casa Giulietta,"['Centro Fotografia', 'Sighseeing', 'Torre Lamberti', 'Museo Conte', 'Museo Radio']",Duomo,strategy_nearest,False,0.0027501583099365234,success
04DC4B3A9C4C80,3,"['Castelvecchio', 'Arena', 'Casa Giulietta']",Torre Lamberti,"['Sighseeing', 'Centro Fotografia', 'Museo Conte', 'Palazzo della Ragione', 'AMO']",Teatro Romano,strategy_nearest,False,0.002507925033569336,success
04DC4B429C4C80,3,"['Teatro Romano', 'Santa Anastasia']",Casa Giulietta,"['Centro Fotografia', 'Sighseeing', 'Torre Lamberti', 'Museo Conte', 'Museo Radio']",Arena,strategy_nearest,False,0.0037658214569091797,success
04DC603A9C4C80,0,['Casa Giulietta'],Tomba Giulietta,"['San Fermo', 'Museo Storia', 'Arena', 'Museo Lapidario', 'Museo Radio']",Arena,strategy_nearest,True,0.0021440982818603516,success
04DC643A9C4C80,1,['Arena'],Torre Lamberti,"['Sighseeing', 'Centro Fotografia', 'Museo Conte', 'Casa Giulietta', 'Palazzo della Ragione']",Palazzo della Ragione,strategy_nearest,True,0.003118276596069336,success
04DC52429C4C80,3,"['Arena', 'Castelvecchio', 'Duomo']",Casa Giulietta,"['Centro Fotografia', 'Sighseeing', 'Torre Lamberti', 'Museo Conte', 'Museo Radio']",San Fermo,strategy_nearest,False,0.002972126007080078,success
04DC683A9C4C80,1,"['Arena', 'Casa Giulietta', 'Tomba Giulietta']",Museo Lapidario,"['Verona Tour', 'Castelvecchio', 'Museo Radio', 'San Fermo', 'Sighseeing']",Palazzo della Ragione,strategy_nearest,False,0.003393888473510742,success
04DC72429C4C80,3,"['Arena', 'Torre Lamberti']",Teatro Romano,"['Santa Anastasia', 'Duomo', 'AMO', 'Palazzo della Ragione', 'Museo Conte']",Duomo,strategy_nearest,True,0.0036699771881103516,success
04DC75429C4C80,0,"['Arena', 'Casa Giulietta']",Torre Lamberti,"['Sighseeing', 'Centro Fotografia', 'Museo Conte', 'Palazzo della Ragione', 'AMO']",Duomo,strategy_nearest,False,0.002298116683959961,success
04DC6B429C4C80,3,"['Casa Giulietta', 'Torre Lamberti', 'Santa Anastasia', 'Duomo']",San Fermo,"['Museo Storia', 'Museo Radio', 'Centro Fotografia', 'Arena', 'Sighseeing']",Tomba Giulietta,strategy_nearest,False,0.0027129650115966797,success
04DC77429C4C80,3,"['Arena', 'Duomo']",Teatro Romano,"['Santa Anastasia', 'AMO', 'Palazzo della Ragione', 'Museo Conte', 'Centro Fotografia']",Giardino Giusti,strategy_nearest,False,0.0030028820037841797,success
04DC794A9C4C80,2,"['Castelvecchio', 'Torre Lamberti', 'Palazzo della Ragione']",Casa Giulietta,"['Centro Fotografia', 'Sighseeing', 'Museo Conte', 'Museo Radio', 'San Fermo']",San Fermo,strategy_nearest,True,0.002402067184448242,success
04DC7B429C4C80,0,['Torre Lamberti'],Duomo,"['AMO', 'Museo Miniscalchi', 'Santa Anastasia', 'Teatro Romano', 'Palazzo della Ragione']",Castelvecchio,strategy_nearest,False,0.004224061965942383,success
04DC7A4A9C4C80,1,"['Arena', 'San Fermo', 'Casa Giulietta']",Palazzo della Ragione,"['AMO', 'Museo Conte', 'Torre Lamberti', 'Centro Fotografia', 'Sighseeing']",Torre Lamberti,strategy_nearest,True,0.0037276744842529297,success
04DC804A9C4C80,2,['Torre Lamberti'],Casa Giulietta,"['Centro Fotografia', 'Sighseeing', 'Museo Conte', 'Museo Radio', 'Palazzo della Ragione']",Duomo,strategy_nearest,False,0.004437923431396484,success
04DC834A9C4C80,3,"['Casa Giulietta', 'Castelvecchio', 'Museo Lapidario']",Arena,"['Verona Tour', 'Museo Radio', 'San Fermo', 'Sighseeing', 'Torre Lamberti']",San Fermo,strategy_nearest,True,0.0024199485778808594,success
04DC904A9C4C80,1,"['Santa Anastasia', 'Torre Lamberti']",Arena,"['Verona Tour', 'Museo Lapidario', 'Museo Radio', 'San Fermo', 'Casa Giulietta']",Castelvecchio,strategy_nearest,False,0.004391908645629883,success
04DC874A9C4C80,1,"['Arena', 'Torre Lamberti']",Palazzo della Ragione,"['AMO', 'Museo Conte', 'Centro Fotografia', 'Sighseeing', 'Santa Anastasia']",Casa Giulietta,strategy_nearest,False,0.0034360885620117188,success
04DC924A9C4C80,0,['Arena'],Castelvecchio,"['Museo Lapidario', 'Verona Tour', 'Museo Radio', 'San Zeno', 'Sighseeing']",Teatro Romano,strategy_nearest,False,0.0027348995208740234,success
04DC9C4A9C4C80,3,"['Arena', 'San Fermo']",Torre Lamberti,"['Sighseeing', 'Centro Fotografia', 'Museo Conte', 'Casa Giulietta', 'Palazzo della Ragione']",Casa Giulietta,strategy_nearest,True,0.003450155258178711,success
04DCA73A9C4C80,1,"['Arena', 'Torre Lamberti']",Palazzo della Ragione,"['AMO', 'Museo Conte', 'Centro Fotografia', 'Sighseeing', 'Santa Anastasia']",Casa Giulietta,strategy_nearest,False,0.004121065139770508,success
04DCA14A9C4C80,3,"['Arena', 'Casa Giulietta']",Torre Lamberti,"['Sighseeing', 'Centro Fotografia', 'Museo Conte', 'Palazzo della Ragione', 'AMO']",Santa Anastasia,strategy_nearest,False,0.00384521484375,success
04DCA3429C4C80,3,"['Torre Lamberti', 'Santa Anastasia']",Duomo,"['AMO', 'Museo Miniscalchi', 'Teatro Romano', 'Palazzo della Ragione', 'Museo Conte']",Arena,strategy_nearest,False,0.001898050308227539,success
04DC9D4A9C4C80,0,['Torre Lamberti'],Arena,"['Verona Tour', 'Museo Lapidario', 'Museo Radio', 'San Fermo', 'Casa Giulietta']",Tomba Giulietta,strategy_nearest,False,0.0028760433197021484,success
04DCA84A9C4C80,3,"['Arena', 'Torre Lamberti']",Santa Anastasia,"['AMO', 'Museo Conte', 'Palazzo della Ragione', 'Teatro Romano', 'Centro Fotografia']",Duomo,strategy_nearest,False,0.0016219615936279297,success
04DCA74A9C4C80,0,['Arena'],Torre Lamberti,"['Sighseeing', 'Centro Fotografia', 'Museo Conte', 'Casa Giulietta', 'Palazzo della Ragione']",Casa Giulietta,strategy_nearest,True,0.002683877944946289,success
04DCAA3A9C4C80,0,['Arena'],Castelvecchio,"['Museo Lapidario', 'Verona Tour', 'Museo Radio', 'San Zeno', 'Sighseeing']",Casa Giulietta,strategy_nearest,False,0.0031349658966064453,success
04DCAB3A9C4C80,0,['Arena'],Santa Anastasia,"['AMO', 'Museo Conte', 'Palazzo della Ragione', 'Teatro Romano', 'Centro Fotografia']",Casa Giulietta,strategy_nearest,False,0.0035409927368164062,success
04DCB0429C4C80,0,['Arena'],Casa Giulietta,"['Centro Fotografia', 'Sighseeing', 'Torre Lamberti', 'Museo Conte', 'Museo Radio']",Teatro Romano,strategy_nearest,False,0.0031270980834960938,success
04DCAC3A9C4C80,3,['Arena'],Santa Anastasia,"['AMO', 'Museo Conte', 'Palazzo della Ragione', 'Teatro Romano', 'Centro Fotografia']",San Zeno,strategy_nearest,False,0.0018799304962158203,success
04DCB83A9C4C80,0,['Arena'],Casa Giulietta,"['Centro Fotografia', 'Sighseeing', 'Torre Lamberti', 'Museo Conte', 'Museo Radio']",Palazzo della Ragione,strategy_nearest,False,0.0035660266876220703,success
04DCAC429C4C80,0,['Arena'],Torre Lamberti,"['Sighseeing', 'Centro Fotografia', 'Museo Conte', 'Casa Giulietta', 'Palazzo della Ragione']",Casa Giulietta,strategy_nearest,True,0.0024700164794921875,success
04DCBF429C4C80,1,['Arena'],Casa Giulietta,"['Centro Fotografia', 'Sighseeing', 'Torre Lamberti', 'Museo Conte', 'Museo Radio']",Torre Lamberti,strategy_nearest,True,0.0015320777893066406,success
04DCBB3A9C4C80,0,['Arena'],Museo Lapidario,"['Verona Tour', 'Castelvecchio', 'Museo Radio', 'San Fermo', 'Casa Giulietta']",Casa Giulietta,strategy_nearest,True,0.003815174102783203,success
04DCC0429C4C80,0,['Arena'],Casa Giulietta,"['Centro Fotografia', 'Sighseeing', 'Torre Lamberti', 'Museo Conte', 'Museo Radio']",Castelvecchio,strategy_nearest,False,0.0037398338317871094,success
04DCCC3A9C4C80,1,"['Casa Giulietta', 'Torre Lamberti']",Palazzo della Ragione,"['AMO', 'Museo Conte', 'Centro Fotografia', 'Sighseeing', 'Santa Anastasia']",Teatro Romano,strategy_nearest,False,0.0033957958221435547,success
04DCC93A9C4C80,0,['Arena'],San Zeno,"['Castelvecchio', 'Verona Tour', 'Museo Lapidario', 'Museo Miniscalchi', 'Sighseeing']",Torre Lamberti,strategy_nearest,False,0.0032529830932617188,success
04DCDA3A9C4C80,3,"['Arena', 'Tomba Giulietta']",San Fermo,"['Museo Storia', 'Museo Radio', 'Casa Giulietta', 'Centro Fotografia', 'Sighseeing']",Santa Anastasia,strategy_nearest,False,0.0020961761474609375,success
04DCD03A9C4C80,3,"['Arena', 'Casa Giulietta']",Torre Lamberti,"['Sighseeing', 'Centro Fotografia', 'Museo Conte', 'Palazzo della Ragione', 'AMO']",Santa Anastasia,strategy_nearest,False,0.0032007694244384766,success
04DCE43A9C4C80,0,['Casa Giulietta'],Duomo,"['AMO', 'Museo Miniscalchi', 'Santa Anastasia', 'Teatro Romano', 'Palazzo della Ragione']",Arena,strategy_nearest,False,0.003239154815673828,success
04DCE4429C4C80,0,"['Teatro Romano', 'Castelvecchio']",Arena,"['Verona Tour', 'Museo Lapidario', 'Museo Radio', 'San Fermo', 'Casa Giulietta']",Giardino Giusti,strategy_nearest,False,0.002562999725341797,success
04DCE63A9C4C80,2,['Castelvecchio'],San Zeno,"['Verona Tour', 'Museo Lapidario', 'Arena', 'Museo Miniscalchi', 'Sighseeing']",Torre Lamberti,strategy_nearest,False,0.0033419132232666016,success
04DD083A9C4C84,3,['Santa Anastasia'],Duomo,"['AMO', 'Museo Miniscalchi', 'Teatro Romano', 'Palazzo della Ragione', 'Museo Conte']",Arena,strategy_nearest,False,0.003500699996948242,success
04DD01429C4C84,0,"['Casa Giulietta', 'Teatro Romano', 'Torre Lamberti']",Castelvecchio,"['Museo Lapidario', 'Verona Tour', 'Arena', 'Museo Radio', 'San Zeno']",Arena,strategy_nearest,True,0.002856016159057617,success
04DCFA429C4C80,1,"['Casa Giulietta', 'Torre Lamberti', 'San Zeno']",Arena,"['Verona Tour', 'Museo Lapidario', 'Museo Radio', 'San Fermo', 'Sighseeing']",Castelvecchio,strategy_nearest,False,0.0052640438079833984,success
04DD0D429C4C84,1,['Arena'],Torre Lamberti,"['Sighseeing', 'Centro Fotografia', 'Museo Conte', 'Casa Giulietta', 'Palazzo della Ragione']",Palazzo della Ragione,strategy_nearest,True,0.001402139663696289,success
04DD16429C4C80,0,['Arena'],Casa Giulietta,"['Centro Fotografia', 'Sighseeing', 'Torre Lamberti', 'Museo Conte', 'Museo Radio']",Teatro Romano,strategy_nearest,False,0.0039386749267578125,success
04DD193A9C4C84,1,"['Arena', 'Duomo']",Teatro Romano,"['Santa Anastasia', 'AMO', 'Palazzo della Ragione', 'Museo Conte', 'Centro Fotografia']",Casa Giulietta,strategy_nearest,False,0.0023508071899414062,success
04DD133A9C4C84,0,['Arena'],Casa Giulietta,"['Centro Fotografia', 'Sighseeing', 'Torre Lamberti', 'Museo Conte', 'Museo Radio']",Torre Lamberti,strategy_nearest,True,0.0034418106079101562,success
04DD1B3A9C4C80,2,"['Castelvecchio', 'Teatro Romano']",Casa Giulietta,"['Centro Fotografia', 'Sighseeing', 'Torre Lamberti', 'Museo Conte', 'Museo Radio']",Santa Anastasia,strategy_nearest,False,0.0033669471740722656,success
04DD1D3A9C4C80,2,"['Castelvecchio', 'Santa Anastasia']",Teatro Romano,"['Duomo', 'AMO', 'Palazzo della Ragione', 'Museo Conte', 'Centro Fotografia']",Duomo,strategy_nearest,True,0.001962900161743164,success
04DD213A9C4C84,2,"['Torre Lamberti', 'Palazzo della Ragione']",Santa Anastasia,"['AMO', 'Museo Conte', 'Teatro Romano', 'Centro Fotografia', 'Duomo']",Teatro Romano,strategy_nearest,True,0.0026171207427978516,success
04DD1F3A9C4C80,1,"['Arena', 'Casa Giulietta']",Torre Lamberti,"['Sighseeing', 'Centro Fotografia', 'Museo Conte', 'Palazzo della Ragione', 'AMO']",Palazzo della Ragione,strategy_nearest,True,0.006298065185546875,success
04DD203A9C4C84,2,"['Casa Giulietta', 'Palazzo della Ragione']",Torre Lamberti,"['Sighseeing', 'Centro Fotografia', 'Museo Conte', 'AMO', 'Museo Miniscalchi']",Castelvecchio,strategy_nearest,False,0.0045719146728515625,success
04DD264A9C4C80,3,"['Arena', 'Santa Anastasia', 'Duomo', 'San Zeno']",Tomba Giulietta,"['San Fermo', 'Museo Storia', 'Museo Lapidario', 'Museo Radio', 'Verona Tour']",Casa Giulietta,strategy_nearest,False,0.002356290817260742,success
04DD22429C4C84,2,"['Palazzo della Ragione', 'Torre Lamberti', 'Casa Giulietta']",Castelvecchio,"['Museo Lapidario', 'Verona Tour', 'Arena', 'Museo Radio', 'San Zeno']",San Zeno,strategy_nearest,True,0.0016040802001953125,success
04DD2D3A9C4C80,0,['Arena'],Casa Giulietta,"['Centro Fotografia', 'Sighseeing', 'Torre Lamberti', 'Museo Conte', 'Museo Radio']",Santa Anastasia,strategy_nearest,False,0.0030431747436523438,success
04DD363A9C4C80,1,"['Arena', 'Casa Giulietta']",Torre Lamberti,"['Sighseeing', 'Centro Fotografia', 'Museo Conte', 'Palazzo della Ragione', 'AMO']",Palazzo della Ragione,strategy_nearest,True,0.0020186901092529297,success
04DD2F429C4C80,1,"['Arena', 'Torre Lamberti', 'Palazzo della Ragione']",Casa Giulietta,"['Centro Fotografia', 'Sighseeing', 'Museo Conte', 'Museo Radio', 'San Fermo']",Duomo,strategy_nearest,False,0.002177000045776367,success
04DD3A3A9C4C80,0,"['San Zeno', 'Castelvecchio']",Arena,"['Verona Tour', 'Museo Lapidario', 'Museo Radio', 'San Fermo', 'Casa Giulietta']",Tomba Giulietta,strategy_nearest,False,0.0035161972045898438,success
04DD30429C4C80,0,['Arena'],Castelvecchio,"['Museo Lapidario', 'Verona Tour', 'Museo Radio', 'San Zeno', 'Sighseeing']",Torre Lamberti,strategy_nearest,False,0.0035181045532226562,success
04DD3D3A9C4C80,1,['Arena'],Torre Lamberti,"['Sighseeing', 'Centro Fotografia', 'Museo Conte', 'Casa Giulietta', 'Palazzo della Ragione']",Palazzo della Ragione,strategy_nearest,True,0.002666950225830078,success
04DD403A9C4C80,3,"['San Zeno', 'Castelvecchio']",Teatro Romano,"['Santa Anastasia', 'Duomo', 'AMO', 'Palazzo della Ragione', 'Museo Conte']",Arena,strategy_nearest,False,0.0026140213012695312,success
04DD533A9C4C80,0,['Arena'],Casa Giulietta,"['Centro Fotografia', 'Sighseeing', 'Torre Lamberti', 'Museo Conte', 'Museo Radio']",Torre Lamberti,strategy_nearest,True,0.0025217533111572266,success
04DD55429C4C80,0,['Arena'],Casa Giulietta,"['Centro Fotografia', 'Sighseeing', 'Torre Lamberti', 'Museo Conte', 'Museo Radio']",Torre Lamberti,strategy_nearest,True,0.003425121307373047,success
04DD773A9C4C80,0,['Arena'],Casa Giulietta,"['Centro Fotografia', 'Sighseeing', 'Torre Lamberti', 'Museo Conte', 'Museo Radio']",Santa Anastasia,strategy_nearest,False,0.0031800270080566406,success
04DD71429C4C80,1,['Palazzo della Ragione'],Casa Giulietta,"['Centro Fotografia', 'Sighseeing', 'Torre Lamberti', 'Museo Conte', 'Museo Radio']",Arena,strategy_nearest,False,0.002680063247680664,success
04DD8C429C4C80,0,['Arena'],Casa Giulietta,"['Centro Fotografia', 'Sighseeing', 'Torre Lamberti', 'Museo Conte', 'Museo Radio']",Palazzo della Ragione,strategy_nearest,False,0.005753993988037109,success
04DD794A9C4C80,3,['Arena'],Santa Anastasia,"['AMO', 'Museo Conte', 'Palazzo della Ragione', 'Teatro Romano', 'Centro Fotografia']",San Zeno,strategy_nearest,False,0.004873037338256836,success
04DD8E3A9C4C80,0,['Castelvecchio'],Arena,"['Verona Tour', 'Museo Lapidario', 'Museo Radio', 'San Fermo', 'Casa Giulietta']",Casa Giulietta,strategy_nearest,True,0.004415035247802734,success
04DD904A9C4C80,3,['Arena'],Santa Anastasia,"['AMO', 'Museo Conte', 'Palazzo della Ragione', 'Teatro Romano', 'Centro Fotografia']",Duomo,strategy_nearest,False,0.002344846725463867,success
04DD9E4A9C4C80,1,"['Torre Lamberti', 'Palazzo della Ragione']",Casa Giulietta,"['Centro Fotografia', 'Sighseeing', 'Museo Conte', 'Museo Radio', 'San Fermo']",Arena,strategy_nearest,False,0.0030791759490966797,success
04DD9F4A9C4C80,0,['Arena'],Casa Giulietta,"['Centro Fotografia', 'Sighseeing', 'Torre Lamberti', 'Museo Conte', 'Museo Radio']",Castelvecchio,strategy_nearest,False,0.002964019775390625,success
04DDA24A9C4C80,3,['Arena'],Casa Giulietta,"['Centro Fotografia', 'Sighseeing', 'Torre Lamberti', 'Museo Conte', 'Museo Radio']",Torre Lamberti,strategy_nearest,True,0.003256082534790039,success
04DDB03A9C4C80,0,['Arena'],Casa Giulietta,"['Centro Fotografia', 'Sighseeing', 'Torre Lamberti', 'Museo Conte', 'Museo Radio']",Duomo,strategy_nearest,False,0.0028400421142578125,success
04DDA9429C4C80,0,['Arena'],Casa Giulietta,"['Centro Fotografia', 'Sighseeing', 'Torre Lamberti', 'Museo Conte', 'Museo Radio']",Torre Lamberti,strategy_nearest,True,0.0029451847076416016,success
04DDB3429C4C80,0,['Castelvecchio'],Arena,"['Verona Tour', 'Museo Lapidario', 'Museo Radio', 'San Fermo', 'Casa Giulietta']",Casa Giulietta,strategy_nearest,True,0.0027780532836914062,success
04DDBB3A9C4C80,3,['Arena'],Casa Giulietta,"['Centro Fotografia', 'Sighseeing', 'Torre Lamberti', 'Museo Conte', 'Museo Radio']",Santa Anastasia,strategy_nearest,False,0.0037200450897216797,success
04DDC0429C4C80,1,"['Arena', 'Casa Giulietta', 'Torre Lamberti', 'Palazzo della Ragione']",Santa Anastasia,"['AMO', 'Museo Conte', 'Teatro Romano', 'Centro Fotografia', 'Duomo']",Duomo,strategy_nearest,True,0.002474069595336914,success
04DDBF429C4C80,1,"['Arena', 'Palazzo della Ragione']",Casa Giulietta,"['Centro Fotografia', 'Sighseeing', 'Torre Lamberti', 'Museo Conte', 'Museo Radio']",Torre Lamberti,strategy_nearest,True,0.003556966781616211,success
04DDBC429C4C80,2,['Duomo'],Casa Giulietta,"['Centro Fotografia', 'Sighseeing', 'Torre Lamberti', 'Museo Conte', 'Museo Radio']",Torre Lamberti,strategy_nearest,True,0.0023250579833984375,success
04DDC0C27B3F80,0,['Casa Giulietta'],Arena,"['Verona Tour', 'Museo Lapidario', 'Museo Radio', 'San Fermo', 'Sighseeing']",Castelvecchio,strategy_nearest,False,0.0023322105407714844,success
04DDC23A9C4C80,1,"['Arena', 'Teatro Romano']",Casa Giulietta,"['Centro Fotografia', 'Sighseeing', 'Torre Lamberti', 'Museo Conte', 'Museo Radio']",Palazzo della Ragione,strategy_nearest,False,0.0028200149536132812,success
04DDCF429C4C80,0,"['Arena', 'Torre Lamberti']",Casa Giulietta,"['Centro Fotografia', 'Sighseeing', 'Museo Conte', 'Museo Radio', 'Palazzo della Ragione']",Giardino Giusti,strategy_nearest,False,0.003553152084350586,success
04DDCF3A9C4C80,2,['Castelvecchio'],San Zeno,"['Verona Tour', 'Museo Lapidario', 'Arena', 'Museo Miniscalchi', 'Sighseeing']",Duomo,strategy_nearest,False,0.004497051239013672,success
04DDD93A9C4C80,1,"['Casa Giulietta', 'Torre Lamberti', 'Palazzo della Ragione']",Santa Anastasia,"['AMO', 'Museo Conte', 'Teatro Romano', 'Centro Fotografia', 'Duomo']",Arena,strategy_nearest,False,0.0022771358489990234,success
04DDD8429C4C80,2,['San Zeno'],Castelvecchio,"['Museo Lapidario', 'Verona Tour', 'Arena', 'Museo Radio', 'Sighseeing']",Teatro Romano,strategy_nearest,False,0.0031130313873291016,success
04DDD0429C4C80,0,"['Arena', 'Teatro Romano']",Torre Lamberti,"['Sighseeing', 'Centro Fotografia', 'Museo Conte', 'Casa Giulietta', 'Palazzo della Ragione']",Casa Giulietta,strategy_nearest,True,0.0024340152740478516,success
04DDDEC27B3F80,0,['Casa Giulietta'],Arena,"['Verona Tour', 'Museo Lapidario', 'Museo Radio', 'San Fermo', 'Sighseeing']",Castelvecchio,strategy_nearest,False,0.0034630298614501953,success
04DDEF3A9C4C80,0,['Casa Giulietta'],Arena,"['Verona Tour', 'Museo Lapidario', 'Museo Radio', 'San Fermo', 'Sighseeing']",Torre Lamberti,strategy_nearest,False,0.0033059120178222656,success
04DDE23A9C4C80,4,"['Arena', 'Museo Lapidario', 'Museo Radio']",Tomba Giulietta,"['San Fermo', 'Museo Storia', 'Verona Tour', 'Casa Giulietta', 'Castelvecchio']",San Fermo,strategy_nearest,True,0.0027861595153808594,success
04DDF2429C4C80,3,"['Arena', 'Tomba Giulietta', 'San Fermo']",Casa Giulietta,"['Centro Fotografia', 'Sighseeing', 'Torre Lamberti', 'Museo Conte', 'Museo Radio']",Castelvecchio,strategy_nearest,False,0.002001047134399414,success
04DDFB429C4C80,1,"['Santa Anastasia', 'Duomo', 'Palazzo della Ragione']",Casa Giulietta,"['Centro Fotografia', 'Sighseeing', 'Torre Lamberti', 'Museo Conte', 'Museo Radio']",Arena,strategy_nearest,False,0.0034470558166503906,success
04DE0F429C4C84,3,"['San Zeno', 'San Fermo']",Teatro Romano,"['Santa Anastasia', 'Duomo', 'AMO', 'Palazzo della Ragione', 'Museo Conte']",Arena,strategy_nearest,False,0.002052783966064453,success
04DE153A9C4C80,0,['Arena'],Casa Giulietta,"['Centro Fotografia', 'Sighseeing', 'Torre Lamberti', 'Museo Conte', 'Museo Radio']",Castelvecchio,strategy_nearest,False,0.002802133560180664,success
04DE07429C4C84,3,"['Arena', 'Casa Giulietta', 'San Fermo']",Torre Lamberti,"['Sighseeing', 'Centro Fotografia', 'Museo Conte', 'Palazzo della Ragione', 'AMO']",Castelvecchio,strategy_nearest,False,0.003634929656982422,success
04DE163A9C4C84,0,['Santa Anastasia'],Casa Giulietta,"['Centro Fotografia', 'Sighseeing', 'Torre Lamberti', 'Museo Conte', 'Museo Radio']",Arena,strategy_nearest,False,0.0037240982055664062,success
04DE17429C4C80,1,"['Arena', 'Casa Giulietta']",Palazzo della Ragione,"['AMO', 'Museo Conte', 'Torre Lamberti', 'Centro Fotografia', 'Sighseeing']",Torre Lamberti,strategy_nearest,True,0.0035119056701660156,success
04DE193A9C4C84,3,"['Arena', 'Castelvecchio', 'Casa Giulietta']",Teatro Romano,"['Santa Anastasia', 'Duomo', 'AMO', 'Palazzo della Ragione', 'Museo Conte']",Duomo,strategy_nearest,True,0.0035767555236816406,success
04DE1F3A9C4C80,1,"['Arena', 'Casa Giulietta', 'Palazzo della Ragione']",Torre Lamberti,"['Sighseeing', 'Centro Fotografia', 'Museo Conte', 'AMO', 'Museo Miniscalchi']",Duomo,strategy_nearest,False,0.003985166549682617,success
04DE2A3A9C4C80,3,"['Castelvecchio', 'Arena']",Santa Anastasia,"['AMO', 'Museo Conte', 'Palazzo della Ragione', 'Teatro Romano', 'Centro Fotografia']",Torre Lamberti,strategy_nearest,False,0.003206014633178711,success
04DE373A9C4C80,3,"['Arena', 'Tomba Giulietta', 'Casa Giulietta']",Torre Lamberti,"['Sighseeing', 'Centro Fotografia', 'Museo Conte', 'Palazzo della Ragione', 'AMO']",Castelvecchio,strategy_nearest,False,0.0033969879150390625,success
04DE45429C4C80,3,"['Arena', 'Museo Lapidario', 'Torre Lamberti']",Casa Giulietta,"['Centro Fotografia', 'Sighseeing', 'Museo Conte', 'Museo Radio', 'Palazzo della Ragione']",Santa Anastasia,strategy_nearest,False,0.00354766845703125,success
04DE533A9C4C80,3,"['Arena', 'Casa Giulietta', 'Torre Lamberti']",Santa Anastasia,"['AMO', 'Museo Conte', 'Palazzo della Ragione', 'Teatro Romano', 'Centro Fotografia']",Duomo,strategy_nearest,False,0.0031599998474121094,success
04DE523A9C4C80,1,"['Arena', 'Torre Lamberti']",Palazzo della Ragione,"['AMO', 'Museo Conte', 'Centro Fotografia', 'Sighseeing', 'Santa Anastasia']",Castelvecchio,strategy_nearest,False,0.0021140575408935547,success
04DE3B3A9C4C80,3,['Santa Anastasia'],Duomo,"['AMO', 'Museo Miniscalchi', 'Teatro Romano', 'Palazzo della Ragione', 'Museo Conte']",Arena,strategy_nearest,False,0.002300262451171875,success
04DE593A9C4C80,4,"['Arena', 'Casa Giulietta']",Tomba Giulietta,"['San Fermo', 'Museo Storia', 'Museo Lapidario', 'Museo Radio', 'Verona Tour']",Museo Radio,strategy_nearest,True,0.001207113265991211,success
04DE70429C4C80,2,"['Torre Lamberti', 'Casa Giulietta']",Santa Anastasia,"['AMO', 'Museo Conte', 'Palazzo della Ragione', 'Teatro Romano', 'Centro Fotografia']",Duomo,strategy_nearest,False,0.002231121063232422,success
04DE5E3A9C4C80,1,"['Casa Giulietta', 'San Fermo', 'Tomba Giulietta', 'Palazzo della Ragione']",Torre Lamberti,"['Sighseeing', 'Centro Fotografia', 'Museo Conte', 'AMO', 'Museo Miniscalchi']",Duomo,strategy_nearest,False,0.004166841506958008,success
04DE713A9C4C80,3,"['Casa Giulietta', 'Santa Anastasia']",Teatro Romano,"['Duomo', 'AMO', 'Palazzo della Ragione', 'Museo Conte', 'Centro Fotografia']",Arena,strategy_nearest,False,0.003389120101928711,success
04DE5F3A9C4C80,0,"['Arena', 'Castelvecchio']",San Zeno,"['Verona Tour', 'Museo Lapidario', 'Museo Miniscalchi', 'Sighseeing', 'Museo Radio']",Casa Giulietta,strategy_nearest,False,0.0032799243927001953,success
04DE793A9C4C80,0,['Arena'],Casa Giulietta,"['Centro Fotografia', 'Sighseeing', 'Torre Lamberti', 'Museo Conte', 'Museo Radio']",Duomo,strategy_nearest,False,0.0014820098876953125,success
04DE7C4A9C4C80,2,['Torre Lamberti'],Casa Giulietta,"['Centro Fotografia', 'Sighseeing', 'Museo Conte', 'Museo Radio', 'Palazzo della Ragione']",Tomba Giulietta,strategy_nearest,False,0.002499103546142578,success
04DE7E429C4C80,0,['Arena'],Castelvecchio,"['Museo Lapidario', 'Verona Tour', 'Museo Radio', 'San Zeno', 'Sighseeing']",Torre Lamberti,strategy_nearest,False,0.004921674728393555,success
04DE7C3A9C4C80,0,['Arena'],Castelvecchio,"['Museo Lapidario', 'Verona Tour', 'Museo Radio', 'San Zeno', 'Sighseeing']",Teatro Romano,strategy_nearest,False,0.0039539337158203125,success
04DE834A9C4C80,0,['Casa Giulietta'],Torre Lamberti,"['Sighseeing', 'Centro Fotografia', 'Museo Conte', 'Palazzo della Ragione', 'AMO']",Arena,strategy_nearest,False,0.0033278465270996094,success
04DE904A9C4C80,0,"['Arena', 'Castelvecchio']",Casa Giulietta,"['Centro Fotografia', 'Sighseeing', 'Torre Lamberti', 'Museo Conte', 'Museo Radio']",Torre Lamberti,strategy_nearest,True,0.0029859542846679688,success
04DE844A9C4C80,2,['Casa Giulietta'],Tomba Giulietta,"['San Fermo', 'Museo Storia', 'Arena', 'Museo Lapidario', 'Museo Radio']",Castelvecchio,strategy_nearest,False,0.0030908584594726562,success
04DE954A9C4C80,3,"['Arena', 'Tomba Giulietta', 'San Fermo']",Torre Lamberti,"['Sighseeing', 'Centro Fotografia', 'Museo Conte', 'Casa Giulietta', 'Palazzo della Ragione']",Santa Anastasia,strategy_nearest,False,0.0037491321563720703,success
04DE96429C4C80,0,"['Arena', 'Casa Giulietta']",Teatro Romano,"['Santa Anastasia', 'Duomo', 'AMO', 'Palazzo della Ragione', 'Museo Conte']",San Zeno,strategy_nearest,False,0.002311229705810547,success
04DE9D429C4C80,3,"['Santa Anastasia', 'Duomo', 'Arena']",Casa Giulietta,"['Centro Fotografia', 'Sighseeing', 'Torre Lamberti', 'Museo Conte', 'Museo Radio']",San Zeno,strategy_nearest,False,0.0030689239501953125,success
04DEA64A9C4C80,3,['Arena'],Torre Lamberti,"['Sighseeing', 'Centro Fotografia', 'Museo Conte', 'Casa Giulietta', 'Palazzo della Ragione']",Santa Anastasia,strategy_nearest,False,0.003534078598022461,success
04DEAA3A9C4C80,0,['Arena'],Teatro Romano,"['Santa Anastasia', 'Duomo', 'AMO', 'Palazzo della Ragione', 'Museo Conte']",Torre Lamberti,strategy_nearest,False,0.003155231475830078,success
04DEBA3A9C4C80,0,['Arena'],Casa Giulietta,"['Centro Fotografia', 'Sighseeing', 'Torre Lamberti', 'Museo Conte', 'Museo Radio']",Castelvecchio,strategy_nearest,False,0.0031409263610839844,success
04DEC43A9C4C80,0,['Casa Giulietta'],Arena,"['Verona Tour', 'Museo Lapidario', 'Museo Radio', 'San Fermo', 'Sighseeing']",Castelvecchio,strategy_nearest,False,0.0026259422302246094,success
04DEC4429C4C80,2,['Santa Anastasia'],Casa Giulietta,"['Centro Fotografia', 'Sighseeing', 'Torre Lamberti', 'Museo Conte', 'Museo Radio']",Duomo,strategy_nearest,False,0.001947164535522461,success
04DECB3A9C4C80,1,"['Arena', 'Casa Giulietta']",Torre Lamberti,"['Sighseeing', 'Centro Fotografia', 'Museo Conte', 'Palazzo della Ragione', 'AMO']",Palazzo della Ragione,strategy_nearest,True,0.0029909610748291016,success
04DED5429C4C80,3,"['Castelvecchio', 'San Zeno', 'Arena']",Teatro Romano,"['Santa Anastasia', 'Duomo', 'AMO', 'Palazzo della Ragione', 'Museo Conte']",Giardino Giusti,strategy_nearest,False,0.0018780231475830078,success
04DECD429C4C80,0,"['Casa Giulietta', 'Castelvecchio']",Arena,"['Verona Tour', 'Museo Lapidario', 'Museo Radio', 'San Fermo', 'Sighseeing']",Torre Lamberti,strategy_nearest,False,0.0044057369232177734,success
04DED13A9C4C80,0,['San Fermo'],Arena,"['Verona Tour', 'Museo Lapidario', 'Museo Radio', 'Casa Giulietta', 'Sighseeing']",Casa Giulietta,strategy_nearest,True,0.005276203155517578,success
04DEDC3A9C4C80,2,"['Casa Giulietta', 'Torre Lamberti', 'Torre Lamberti']",Palazzo della Ragione,"['AMO', 'Museo Conte', 'Centro Fotografia', 'Sighseeing', 'Santa Anastasia']",Castelvecchio,strategy_nearest,False,0.0037267208099365234,success
04DEEB3A9C4C80,2,"['Casa Giulietta', 'Torre Lamberti']",Palazzo della Ragione,"['AMO', 'Museo Conte', 'Centro Fotografia', 'Sighseeing', 'Santa Anastasia']",Santa Anastasia,strategy_nearest,True,0.002492189407348633,success
04DEF2429C4C80,4,"['Torre Lamberti', 'Palazzo della Ragione', 'Santa Anastasia', 'Teatro Romano']",Casa Giulietta,"['Centro Fotografia', 'Sighseeing', 'Museo Conte', 'Museo Radio', 'San Fermo']",Arena,strategy_nearest,False,0.002794981002807617,success
04DEF93A9C4C80,1,"['Arena', 'Torre Lamberti']",Palazzo della Ragione,"['AMO', 'Museo Conte', 'Centro Fotografia', 'Sighseeing', 'Santa Anastasia']",Duomo,strategy_nearest,False,0.004317045211791992,success
04DF173A9C4C84,0,['Castelvecchio'],Arena,"['Verona Tour', 'Museo Lapidario', 'Museo Radio', 'San Fermo', 'Casa Giulietta']",Torre Lamberti,strategy_nearest,False,0.0024831295013427734,success
04DF1B3A9C4C80,3,"['Castelvecchio', 'Arena']",Torre Lamberti,"['Sighseeing', 'Centro Fotografia', 'Museo Conte', 'Casa Giulietta', 'Palazzo della Ragione']",Casa Giulietta,strategy_nearest,True,0.0029077529907226562,success
04DF153A9C4C80,3,"['Arena', 'Tomba Giulietta', 'Museo Storia', 'San Fermo']",Casa Giulietta,"['Centro Fotografia', 'Sighseeing', 'Torre Lamberti', 'Museo Conte', 'Museo Radio']",Santa Anastasia,strategy_nearest,False,0.0039441585540771484,success
04DF1F3A9C4C84,2,"['Torre Lamberti', 'Palazzo della Ragione']",Casa Giulietta,"['Centro Fotografia', 'Sighseeing', 'Museo Conte', 'Museo Radio', 'San Fermo']",Duomo,strategy_nearest,False,0.0024001598358154297,success
04DF203A9C4C80,2,"['Casa Giulietta', 'Torre Lamberti']",Duomo,"['AMO', 'Museo Miniscalchi', 'Santa Anastasia', 'Teatro Romano', 'Palazzo della Ragione']",Teatro Romano,strategy_nearest,True,0.0023279190063476562,success
04DF2C3A9C4C80,3,"['Arena', 'Castelvecchio']",Duomo,"['AMO', 'Museo Miniscalchi', 'Santa Anastasia', 'Teatro Romano', 'Palazzo della Ragione']",Santa Anastasia,strategy_nearest,True,0.003734111785888672,success
04DF20429C4C80,1,"['Arena', 'Casa Giulietta']",Duomo,"['AMO', 'Museo Miniscalchi', 'Santa Anastasia', 'Teatro Romano', 'Palazzo della Ragione']",Torre Lamberti,strategy_nearest,False,0.003099203109741211,success
04DF2F429C4C80,1,"['Arena', 'Castelvecchio']",Casa Giulietta,"['Centro Fotografia', 'Sighseeing', 'Torre Lamberti', 'Museo Conte', 'Museo Radio']",Torre Lamberti,strategy_nearest,True,0.0015978813171386719,success
04DF3B3A9C4C80,0,['Duomo'],Casa Giulietta,"['Centro Fotografia', 'Sighseeing', 'Torre Lamberti', 'Museo Conte', 'Museo Radio']",Arena,strategy_nearest,False,0.0022797584533691406,success
04DF2F3A9C4C80,3,"['Torre Lamberti', 'Santa Anastasia']",Arena,"['Verona Tour', 'Museo Lapidario', 'Museo Radio', 'San Fermo', 'Casa Giulietta']",Castelvecchio,strategy_nearest,False,0.0031440258026123047,success
04DF413A9C4C80,1,"['Arena', 'Palazzo della Ragione']",Museo Lapidario,"['Verona Tour', 'Castelvecchio', 'Museo Radio', 'San Fermo', 'Casa Giulietta']",Casa Giulietta,strategy_nearest,True,0.003651142120361328,success
04DF58429C4C80,1,"['Castelvecchio', 'Arena', 'Palazzo della Ragione']",Torre Lamberti,"['Sighseeing', 'Centro Fotografia', 'Museo Conte', 'Casa Giulietta', 'AMO']",Casa Giulietta,strategy_nearest,True,0.0027878284454345703,success
04DF3D429C4C80,1,"['Arena', 'Casa Giulietta']",Palazzo della Ragione,"['AMO', 'Museo Conte', 'Torre Lamberti', 'Centro Fotografia', 'Sighseeing']",Palazzo della Ragione,strategy_nearest,False,0.004673004150390625,success
04DF5E3A9C4C80,0,"['Teatro Romano', 'Arena']",Tomba Giulietta,"['San Fermo', 'Museo Storia', 'Museo Lapidario', 'Museo Radio', 'Verona Tour']",Casa Giulietta,strategy_nearest,False,0.00410008430480957,success
04DF773A9C4C80,1,"['Museo Lapidario', 'Arena', 'Torre Lamberti']",Casa Giulietta,"['Centro Fotografia', 'Sighseeing', 'Museo Conte', 'Museo Radio', 'Palazzo della Ragione']",Palazzo della Ragione,strategy_nearest,True,0.0019519329071044922,success
04DF763A9C4C80,1,"['Arena', 'Palazzo della Ragione']",Torre Lamberti,"['Sighseeing', 'Centro Fotografia', 'Museo Conte', 'Casa Giulietta', 'AMO']",Duomo,strategy_nearest,False,0.0029299259185791016,success
04DF6C429C4C80,0,['Casa Giulietta'],Arena,"['Verona Tour', 'Museo Lapidario', 'Museo Radio', 'San Fermo', 'Sighseeing']",Santa Anastasia,strategy_nearest,False,0.005352020263671875,success
04DF793A9C4C80,0,['Arena'],Casa Giulietta,"['Centro Fotografia', 'Sighseeing', 'Torre Lamberti', 'Museo Conte', 'Museo Radio']",Torre Lamberti,strategy_nearest,True,0.0021419525146484375,success
04DF7C3A9C4C80,0,['Arena'],San Fermo,"['Museo Storia', 'Museo Radio', 'Casa Giulietta', 'Centro Fotografia', 'Sighseeing']",Casa Giulietta,strategy_nearest,True,0.0032689571380615234,success
04DF814A9C4C80,3,"['Casa Giulietta', 'Santa Anastasia', 'Torre Lamberti', 'San Fermo']",Duomo,"['AMO', 'Museo Miniscalchi', 'Teatro Romano', 'Palazzo della Ragione', 'Museo Conte']",Teatro Romano,strategy_nearest,True,0.0035581588745117188,success
04DF863A9C4C80,0,['Arena'],Casa Giulietta,"['Centro Fotografia', 'Sighseeing', 'Torre Lamberti', 'Museo Conte', 'Museo Radio']",Tomba Giulietta,strategy_nearest,False,0.0030591487884521484,success
04DF86429C4C80,0,['Torre Lamberti'],Casa Giulietta,"['Centro Fotografia', 'Sighseeing', 'Museo Conte', 'Museo Radio', 'Palazzo della Ragione']",Arena,strategy_nearest,False,0.002917766571044922,success
04DF873A9C4C80,2,"['Casa Giulietta', 'Palazzo della Ragione']",Torre Lamberti,"['Sighseeing', 'Centro Fotografia', 'Museo Conte', 'AMO', 'Museo Miniscalchi']",Santa Anastasia,strategy_nearest,False,0.003640890121459961,success
04DF924A9C4C80,0,['Arena'],Casa Giulietta,"['Centro Fotografia', 'Sighseeing', 'Torre Lamberti', 'Museo Conte', 'Museo Radio']",Santa Anastasia,strategy_nearest,False,0.0020380020141601562,success
04DF874A9C4C80,1,"['Casa Giulietta', 'Arena']",Museo Lapidario,"['Verona Tour', 'Castelvecchio', 'Museo Radio', 'San Fermo', 'Tomba Giulietta']",Castelvecchio,strategy_nearest,True,0.003873109817504883,success
04DF97429C4C80,0,"['Arena', 'Castelvecchio']",San Zeno,"['Verona Tour', 'Museo Lapidario', 'Museo Miniscalchi', 'Sighseeing', 'Museo Radio']",Casa Giulietta,strategy_nearest,False,0.0029609203338623047,success
04DFAA3A9C4C80,3,"['Torre Lamberti', 'Santa Anastasia']",Duomo,"['AMO', 'Museo Miniscalchi', 'Teatro Romano', 'Palazzo della Ragione', 'Museo Conte']",Arena,strategy_nearest,False,0.002276182174682617,success
04DFA44A9C4C80,0,['Arena'],Torre Lamberti,"['Sighseeing', 'Centro Fotografia', 'Museo Conte', 'Casa Giulietta', 'Palazzo della Ragione']",Casa Giulietta,strategy_nearest,True,0.0026061534881591797,success
04DFA7429C4C80,1,"['Arena', 'Casa Giulietta']",Torre Lamberti,"['Sighseeing', 'Centro Fotografia', 'Museo Conte', 'Palazzo della Ragione', 'AMO']",Palazzo della Ragione,strategy_nearest,True,0.003957986831665039,success
04DFAA4A9C4C80,0,['Castelvecchio'],Torre Lamberti,"['Sighseeing', 'Centro Fotografia', 'Museo Conte', 'Casa Giulietta', 'Palazzo della Ragione']",Arena,strategy_nearest,False,0.003398895263671875,success
04DFAD3A9C4C80,0,['Arena'],Casa Giulietta,"['Centro Fotografia', 'Sighseeing', 'Torre Lamberti', 'Museo Conte', 'Museo Radio']",Tomba Giulietta,strategy_nearest,False,0.0029549598693847656,success
04DFBA429C4C80,3,"['San Zeno', 'Santa Anastasia']",San Fermo,"['Museo Storia', 'Museo Radio', 'Casa Giulietta', 'Centro Fotografia', 'Arena']",Arena,strategy_nearest,True,0.0025360584259033203,success
04DFAE3A9C4C80,0,['Arena'],Casa Giulietta,"['Centro Fotografia', 'Sighseeing', 'Torre Lamberti', 'Museo Conte', 'Museo Radio']",Tomba Giulietta,strategy_nearest,False,0.002232074737548828,success
04DFB3429C4C80,0,['Arena'],Castelvecchio,"['Museo Lapidario', 'Verona Tour', 'Museo Radio', 'San Zeno', 'Sighseeing']",Giardino Giusti,strategy_nearest,False,0.0034360885620117188,success
04DFC0429C4C80,0,"['Arena', 'Duomo']",Casa Giulietta,"['Centro Fotografia', 'Sighseeing', 'Torre Lamberti', 'Museo Conte', 'Museo Radio']",Torre Lamberti,strategy_nearest,True,0.0013470649719238281,success
04DFBD3A9C4C80,3,"['Arena', 'Museo Lapidario', 'Casa Giulietta']",Torre Lamberti,"['Sighseeing', 'Centro Fotografia', 'Museo Conte', 'Palazzo della Ragione', 'AMO']",Santa Anastasia,strategy_nearest,False,0.0024650096893310547,success
04DFC1429C4C80,3,"['Arena', 'San Zeno']",Duomo,"['AMO', 'Museo Miniscalchi', 'Santa Anastasia', 'Teatro Romano', 'Palazzo della Ragione']",Santa Anastasia,strategy_nearest,True,0.00341796875,success
04DFC93A9C4C80,0,['San Fermo'],Arena,"['Verona Tour', 'Museo Lapidario', 'Museo Radio', 'Casa Giulietta', 'Sighseeing']",Casa Giulietta,strategy_nearest,True,0.0029859542846679688,success
04DFCB3A9C4C80,1,['Arena'],Casa Giulietta,"['Centro Fotografia', 'Sighseeing', 'Torre Lamberti', 'Museo Conte', 'Museo Radio']",Palazzo della Ragione,strategy_nearest,False,0.006069183349609375,success
04DFD13A9C4C80,3,"['San Fermo', 'Santa Anastasia']",Casa Giulietta,"['Centro Fotografia', 'Sighseeing', 'Torre Lamberti', 'Museo Conte', 'Museo Radio']",Casa Giulietta,strategy_nearest,False,0.003186941146850586,success
04DFE23A9C4C80,3,"['Arena', 'Castelvecchio', 'Casa Giulietta']",Torre Lamberti,"['Sighseeing', 'Centro Fotografia', 'Museo Conte', 'Palazzo della Ragione', 'AMO']",Santa Anastasia,strategy_nearest,False,0.0019829273223876953,success
04DFCC3A9C4C80,1,"['Casa Giulietta', 'Arena', 'Castelvecchio']",Duomo,"['AMO', 'Museo Miniscalchi', 'Santa Anastasia', 'Teatro Romano', 'Palazzo della Ragione']",Teatro Romano,strategy_nearest,True,0.005452156066894531,success
04DFD83A9C4C80,0,['Arena'],Casa Giulietta,"['Centro Fotografia', 'Sighseeing', 'Torre Lamberti', 'Museo Conte', 'Museo Radio']",Castelvecchio,strategy_nearest,False,0.003100156784057617,success
04E00E3A9C4C84,0,['Arena'],Casa Giulietta,"['Centro Fotografia', 'Sighseeing', 'Torre Lamberti', 'Museo Conte', 'Museo Radio']",Torre Lamberti,strategy_nearest,True,0.002077817916870117,success
04DFE73A9C4C80,3,"['Arena', 'Casa Giulietta']",Torre Lamberti,"['Sighseeing', 'Centro Fotografia', 'Museo Conte', 'Palazzo della Ragione', 'AMO']",Santa Anastasia,strategy_nearest,False,0.002824068069458008,success
04E016429C4C80,0,['Torre Lamberti'],Arena,"['Verona Tour', 'Museo Lapidario', 'Museo Radio', 'San Fermo', 'Casa Giulietta']",Duomo,strategy_nearest,False,0.0029909610748291016,success
04DFEA3A9C4C80,1,"['Castelvecchio', 'Museo Lapidario', 'Arena']",Duomo,"['AMO', 'Museo Miniscalchi', 'Santa Anastasia', 'Teatro Romano', 'Palazzo della Ragione']",Santa Anastasia,strategy_nearest,True,0.003751039505004883,success
04E01C429C4C80,3,"['Castelvecchio', 'Arena']",Santa Anastasia,"['AMO', 'Museo Conte', 'Palazzo della Ragione', 'Teatro Romano', 'Centro Fotografia']",Duomo,strategy_nearest,False,0.0013108253479003906,success
04E0183A9C4C84,3,['Torre Lamberti'],Santa Anastasia,"['AMO', 'Museo Conte', 'Palazzo della Ragione', 'Teatro Romano', 'Centro Fotografia']",Arena,strategy_nearest,False,0.003866910934448242,success
04E0203A9C4C80,1,"['Castelvecchio', 'Tomba Giulietta', 'Teatro Romano', 'Duomo']",Santa Anastasia,"['AMO', 'Museo Conte', 'Palazzo della Ragione', 'Centro Fotografia', 'Torre Lamberti']",Palazzo della Ragione,strategy_nearest,True,0.0038459300994873047,success
04E0263A9C4C80,3,"['Tomba Giulietta', 'Casa Giulietta', 'Torre Lamberti']",Arena,"['Verona Tour', 'Museo Lapidario', 'Museo Radio', 'San Fermo', 'Sighseeing']",Castelvecchio,strategy_nearest,False,0.005043983459472656,success
04E0374A9C4C80,0,['San Zeno'],Casa Giulietta,"['Centro Fotografia', 'Sighseeing', 'Torre Lamberti', 'Museo Conte', 'Museo Radio']",Torre Lamberti,strategy_nearest,True,0.006325960159301758,success
04E026429C4C80,3,"['Arena', 'Santa Anastasia']",Duomo,"['AMO', 'Museo Miniscalchi', 'Teatro Romano', 'Palazzo della Ragione', 'Museo Conte']",Torre Lamberti,strategy_nearest,False,0.0053479671478271484,success
04E03E429C4C80,1,['Arena'],Casa Giulietta,"['Centro Fotografia', 'Sighseeing', 'Torre Lamberti', 'Museo Conte', 'Museo Radio']",Torre Lamberti,strategy_nearest,True,0.0024950504302978516,success
04E045429C4C80,0,"['Arena', 'Casa Giulietta']",San Fermo,"['Museo Storia', 'Museo Radio', 'Centro Fotografia', 'Sighseeing', 'Torre Lamberti']",Tomba Giulietta,strategy_nearest,False,0.002482175827026367,success
04E0493A9C4C80,0,"['Torre Lamberti', 'Arena']",Teatro Romano,"['Santa Anastasia', 'Duomo', 'AMO', 'Palazzo della Ragione', 'Museo Conte']",Giardino Giusti,strategy_nearest,False,0.0034461021423339844,success
04E048429C4C80,2,['Teatro Romano'],Giardino Giusti,"['Santa Anastasia', 'Museo Conte', 'Centro Fotografia', 'Museo Storia', 'AMO']",San Fermo,strategy_nearest,False,0.0028717517852783203,success
04E04A3A9C4C80,0,"['Arena', 'Torre Lamberti', 'Casa Giulietta']",Tomba Giulietta,"['San Fermo', 'Museo Storia', 'Museo Lapidario', 'Museo Radio', 'Verona Tour']",Castelvecchio,strategy_nearest,False,0.0031120777130126953,success
04E051429C4C80,3,"['Castelvecchio', 'Arena']",Casa Giulietta,"['Centro Fotografia', 'Sighseeing', 'Torre Lamberti', 'Museo Conte', 'Museo Radio']",Santa Anastasia,strategy_nearest,False,0.002006053924560547,success
04E04E3A9C4C80,1,"['Castelvecchio', 'Arena']",Palazzo della Ragione,"['AMO', 'Museo Conte', 'Torre Lamberti', 'Centro Fotografia', 'Sighseeing']",Torre Lamberti,strategy_nearest,True,0.0027391910552978516,success
04E0573A9C4C80,3,"['Teatro Romano', 'Santa Anastasia']",Torre Lamberti,"['Sighseeing', 'Centro Fotografia', 'Museo Conte', 'Casa Giulietta', 'Palazzo della Ragione']",Arena,strategy_nearest,False,0.0030138492584228516,success
04E062429C4C80,2,['Teatro Romano'],Torre Lamberti,"['Sighseeing', 'Centro Fotografia', 'Museo Conte', 'Casa Giulietta', 'Palazzo della Ragione']",Casa Giulietta,strategy_nearest,True,0.0022878646850585938,success
04E069429C4C80,1,"['Arena', 'Museo Lapidario', 'Torre Lamberti']",Palazzo della Ragione,"['AMO', 'Museo Conte', 'Centro Fotografia', 'Sighseeing', 'Santa Anastasia']",Casa Giulietta,strategy_nearest,False,0.0027837753295898438,success
04E05C3A9C4C80,1,"['Arena', 'Museo Lapidario', 'Casa Giulietta']",Duomo,"['AMO', 'Museo Miniscalchi', 'Santa Anastasia', 'Teatro Romano', 'Palazzo della Ragione']",Santa Anastasia,strategy_nearest,True,0.005283832550048828,success
04E0854A9C4C80,0,['Arena'],Casa Giulietta,"['Centro Fotografia', 'Sighseeing', 'Torre Lamberti', 'Museo Conte', 'Museo Radio']",Torre Lamberti,strategy_nearest,True,0.0030710697174072266,success
04E0883A9C4C80,1,"['Arena', 'Castelvecchio', 'Casa Giulietta']",Palazzo della Ragione,"['AMO', 'Museo Conte', 'Torre Lamberti', 'Centro Fotografia', 'Sighseeing']",Torre Lamberti,strategy_nearest,True,0.0052700042724609375,success
04E08B3A9C4C80,3,"['Teatro Romano', 'Santa Anastasia']",Arena,"['Verona Tour', 'Museo Lapidario', 'Museo Radio', 'San Fermo', 'Casa Giulietta']",Castelvecchio,strategy_nearest,False,0.00454401969909668,success
04E0843A9C4C80,0,['Arena'],Casa Giulietta,"['Centro Fotografia', 'Sighseeing', 'Torre Lamberti', 'Museo Conte', 'Museo Radio']",Torre Lamberti,strategy_nearest,True,0.0030298233032226562,success
04E08C4A9C4C80,0,['Tomba Giulietta'],Arena,"['Verona Tour', 'Museo Lapidario', 'Museo Radio', 'San Fermo', 'Casa Giulietta']",Casa Giulietta,strategy_nearest,True,0.002691984176635742,success
04E098429C4C80,1,"['Torre Lamberti', 'Palazzo della Ragione', 'Casa Giulietta']",Arena,"['Verona Tour', 'Museo Lapidario', 'Museo Radio', 'San Fermo', 'Sighseeing']",Castelvecchio,strategy_nearest,False,0.0017037391662597656,success
04E08F4A9C4C80,2,"['Casa Giulietta', 'Castelvecchio']",San Zeno,"['Verona Tour', 'Museo Lapidario', 'Arena', 'Museo Miniscalchi', 'Sighseeing']",Torre Lamberti,strategy_nearest,False,0.0032749176025390625,success
04E0A53A9C4C80,1,"['Arena', 'Casa Giulietta']",Teatro Romano,"['Santa Anastasia', 'Duomo', 'AMO', 'Palazzo della Ragione', 'Museo Conte']",Palazzo della Ragione,strategy_nearest,True,0.0038568973541259766,success
04E0AC3A9C4C80,0,['Arena'],Casa Giulietta,"['Centro Fotografia', 'Sighseeing', 'Torre Lamberti', 'Museo Conte', 'Museo Radio']",Tomba Giulietta,strategy_nearest,False,0.001878976821899414,success
04E0AD429C4C80,0,['Arena'],Casa Giulietta,"['Centro Fotografia', 'Sighseeing', 'Torre Lamberti', 'Museo Conte', 'Museo Radio']",Duomo,strategy_nearest,False,0.0026710033416748047,success
04E0B5429C4C80,0,['Arena'],Casa Giulietta,"['Centro Fotografia', 'Sighseeing', 'Torre Lamberti', 'Museo Conte', 'Museo Radio']",Palazzo della Ragione,strategy_nearest,False,0.0034780502319335938,success
04E0B73A9C4C80,3,"['Arena', 'Torre Lamberti']",Santa Anastasia,"['AMO', 'Museo Conte', 'Palazzo della Ragione', 'Teatro Romano', 'Centro Fotografia']",Duomo,strategy_nearest,False,0.0032629966735839844,success
04E0B7429C4C80,6,['Torre Lamberti'],Verona Tour,"['Museo Lapidario', 'Arena', 'Castelvecchio', 'Museo Radio', 'Casa Giulietta']",Duomo,strategy_nearest,False,0.002460956573486328,success
04E0CC3A9C4C80,0,['Arena'],Tomba Giulietta,"['San Fermo', 'Museo Storia', 'Museo Lapidario', 'Museo Radio', 'Verona Tour']",Giardino Giusti,strategy_nearest,False,0.0026311874389648438,success
04E0BB3A9C4C80,2,"['Castelvecchio', 'Casa Giulietta']",Torre Lamberti,"['Sighseeing', 'Centro Fotografia', 'Museo Conte', 'Palazzo della Ragione', 'AMO']",Santa Anastasia,strategy_nearest,False,0.005119800567626953,success
04E0CD3A9C4C80,2,"['Castelvecchio', 'Torre Lamberti']",Palazzo della Ragione,"['AMO', 'Museo Conte', 'Centro Fotografia', 'Sighseeing', 'Santa Anastasia']",Santa Anastasia,strategy_nearest,True,0.002716064453125,success
04E0CE3A9C4C80,3,"['Torre Lamberti', 'Casa Giulietta', 'Santa Anastasia']",Teatro Romano,"['Duomo', 'AMO', 'Palazzo della Ragione', 'Museo Conte', 'Centro Fotografia']",Castelvecchio,strategy_nearest,False,0.003229856491088867,success
04E0E13A9C4C80,3,"['Casa Giulietta', 'Arena']",Torre Lamberti,"['Sighseeing', 'Centro Fotografia', 'Museo Conte', 'Palazzo della Ragione', 'AMO']",Santa Anastasia,strategy_nearest,False,0.0018513202667236328,success
04E0FA429C4C80,3,"['Arena', 'Torre Lamberti', 'Santa Anastasia']",Casa Giulietta,"['Centro Fotografia', 'Sighseeing', 'Museo Conte', 'Museo Radio', 'Palazzo della Ragione']",San Fermo,strategy_nearest,False,0.004622220993041992,success
04E0D33A9C4C80,2,['Castelvecchio'],Casa Giulietta,"['Centro Fotografia', 'Sighseeing', 'Torre Lamberti', 'Museo Conte', 'Museo Radio']",Santa Anastasia,strategy_nearest,False,0.0041048526763916016,success
04E117429C4C80,0,"['Castelvecchio', 'Arena']",Torre Lamberti,"['Sighseeing', 'Centro Fotografia', 'Museo Conte', 'Casa Giulietta', 'Palazzo della Ragione']",Teatro Romano,strategy_nearest,False,0.003201007843017578,success
04E119429C4C80,2,"['Casa Giulietta', 'Torre Lamberti']",Santa Anastasia,"['AMO', 'Museo Conte', 'Palazzo della Ragione', 'Teatro Romano', 'Centro Fotografia']",Palazzo della Ragione,strategy_nearest,True,0.003709077835083008,success
04E11F3A9C4C80,0,['Casa Giulietta'],Palazzo della Ragione,"['AMO', 'Museo Conte', 'Torre Lamberti', 'Centro Fotografia', 'Sighseeing']",Arena,strategy_nearest,False,0.002315044403076172,success
04E1193A9C4C84,0,['Arena'],Casa Giulietta,"['Centro Fotografia', 'Sighseeing', 'Torre Lamberti', 'Museo Conte', 'Museo Radio']",Duomo,strategy_nearest,False,0.0018661022186279297,success
04E1223A9C4C80,1,"['Castelvecchio', 'Arena']",Casa Giulietta,"['Centro Fotografia', 'Sighseeing', 'Torre Lamberti', 'Museo Conte', 'Museo Radio']",Palazzo della Ragione,strategy_nearest,False,0.0018880367279052734,success
04E1213A9C4C80,1,['Arena'],Casa Giulietta,"['Centro Fotografia', 'Sighseeing', 'Torre Lamberti', 'Museo Conte', 'Museo Radio']",Torre Lamberti,strategy_nearest,True,0.0011718273162841797,success
04E12F429C4C80,2,['Castelvecchio'],Tomba Giulietta,"['San Fermo', 'Museo Storia', 'Arena', 'Museo Lapidario', 'Museo Radio']",Torre Lamberti,strategy_nearest,False,0.002619028091430664,success
04E123BA7B3F80,1,"['Arena', 'Palazzo della Ragione', 'Torre Lamberti', 'Santa Anastasia']",Teatro Romano,"['Duomo', 'AMO', 'Museo Conte', 'Centro Fotografia', 'Museo Miniscalchi']",Duomo,strategy_nearest,True,0.002525806427001953,success
04E1273A9C4C80,0,"['Arena', 'Castelvecchio']",Torre Lamberti,"['Sighseeing', 'Centro Fotografia', 'Museo Conte', 'Casa Giulietta', 'Palazzo della Ragione']",Casa Giulietta,strategy_nearest,True,0.002936840057373047,success
04E130429C4C80,0,['Arena'],Casa Giulietta,"['Centro Fotografia', 'Sighseeing', 'Torre Lamberti', 'Museo Conte', 'Museo Radio']",Teatro Romano,strategy_nearest,False,0.0033020973205566406,success
04E1363A9C4C80,3,"['Arena', 'Santa Anastasia', 'Castelvecchio']",Casa Giulietta,"['Centro Fotografia', 'Sighseeing', 'Torre Lamberti', 'Museo Conte', 'Museo Radio']",Torre Lamberti,strategy_nearest,True,0.0034079551696777344,success
04E132429C4C80,0,['Arena'],Teatro Romano,"['Santa Anastasia', 'Duomo', 'AMO', 'Palazzo della Ragione', 'Museo Conte']",Castelvecchio,strategy_nearest,False,0.002413034439086914,success
04E145429C4C80,3,"['Arena', 'Casa Giulietta']",Santa Anastasia,"['AMO', 'Museo Conte', 'Palazzo della Ragione', 'Teatro Romano', 'Centro Fotografia']",Duomo,strategy_nearest,False,0.0029540061950683594,success
04E1453A9C4C80,3,['Arena'],Santa Anastasia,"['AMO', 'Museo Conte', 'Palazzo della Ragione', 'Teatro Romano', 'Centro Fotografia']",Castelvecchio,strategy_nearest,False,0.005042076110839844,success
04E14D429C4C80,0,['Arena'],Torre Lamberti,"['Sighseeing', 'Centro Fotografia', 'Museo Conte', 'Casa Giulietta', 'Palazzo della Ragione']",Giardino Giusti,strategy_nearest,False,0.003397226333618164,success
04E14F3A9C4C80,0,['Arena'],Casa Giulietta,"['Centro Fotografia', 'Sighseeing', 'Torre Lamberti', 'Museo Conte', 'Museo Radio']",Casa Giulietta,strategy_nearest,False,0.0030298233032226562,success
04E14E429C4C80,0,['Casa Giulietta'],Santa Anastasia,"['AMO', 'Museo Conte', 'Palazzo della Ragione', 'Teatro Romano', 'Centro Fotografia']",Arena,strategy_nearest,False,0.004478931427001953,success
04E1523A9C4C80,3,"['San Zeno', 'Tomba Giulietta', 'Santa Anastasia']",Arena,"['Verona Tour', 'Museo Lapidario', 'Museo Radio', 'San Fermo', 'Casa Giulietta']",Casa Giulietta,strategy_nearest,True,0.003494739532470703,success
04E1543A9C4C80,0,['Tomba Giulietta'],Castelvecchio,"['Museo Lapidario', 'Verona Tour', 'Arena', 'Museo Radio', 'San Zeno']",Arena,strategy_nearest,True,0.002598285675048828,success
04E1814A9C4C80,3,"['Santa Anastasia', 'Duomo']",Casa Giulietta,"['Centro Fotografia', 'Sighseeing', 'Torre Lamberti', 'Museo Conte', 'Museo Radio']",Arena,strategy_nearest,False,0.002633810043334961,success
04E1593A9C4C80,3,"['Torre Lamberti', 'Casa Giulietta', 'Santa Anastasia', 'Teatro Romano']",Tomba Giulietta,"['San Fermo', 'Museo Storia', 'Arena', 'Museo Lapidario', 'Museo Radio']",Castelvecchio,strategy_nearest,False,0.002017974853515625,success
04E18C4A9C4C80,3,"['Arena', 'Casa Giulietta', 'Museo Lapidario', 'Castelvecchio']",Santa Anastasia,"['AMO', 'Museo Conte', 'Palazzo della Ragione', 'Teatro Romano', 'Centro Fotografia']",Teatro Romano,strategy_nearest,True,0.002137899398803711,success
04E1873A9C4C80,0,['Castelvecchio'],Arena,"['Verona Tour', 'Museo Lapidario', 'Museo Radio', 'San Fermo', 'Casa Giulietta']",Torre Lamberti,strategy_nearest,False,0.0022611618041992188,success
04E19F4A9C4C80,2,['Torre Lamberti'],Santa Anastasia,"['AMO', 'Museo Conte', 'Palazzo della Ragione', 'Teatro Romano', 'Centro Fotografia']",Duomo,strategy_nearest,False,0.003471851348876953,success
04E1964A9C4C80,0,['Arena'],Museo Lapidario,"['Verona Tour', 'Castelvecchio', 'Museo Radio', 'San Fermo', 'Casa Giulietta']",Museo Storia,strategy_nearest,False,0.0027887821197509766,success
04E1A44A9C4C80,0,['Arena'],Casa Giulietta,"['Centro Fotografia', 'Sighseeing', 'Torre Lamberti', 'Museo Conte', 'Museo Radio']",Castelvecchio,strategy_nearest,False,0.0027768611907958984,success
04E1A4429C4C80,1,"['Arena', 'Casa Giulietta']",Palazzo della Ragione,"['AMO', 'Museo Conte', 'Torre Lamberti', 'Centro Fotografia', 'Sighseeing']",Torre Lamberti,strategy_nearest,True,0.002657175064086914,success
04E1B1429C4C80,3,"['Museo Storia', 'San Fermo', 'Teatro Romano']",Santa Anastasia,"['AMO', 'Museo Conte', 'Palazzo della Ragione', 'Centro Fotografia', 'Duomo']",Torre Lamberti,strategy_nearest,False,0.0034818649291992188,success
04E1B0429C4C80,0,['Torre Lamberti'],Arena,"['Verona Tour', 'Museo Lapidario', 'Museo Radio', 'San Fermo', 'Casa Giulietta']",Castelvecchio,strategy_nearest,False,0.00521540641784668,success
04E1BA3A9C4C80,0,['Torre Lamberti'],Casa Giulietta,"['Centro Fotografia', 'Sighseeing', 'Museo Conte', 'Museo Radio', 'Palazzo della Ragione']",Arena,strategy_nearest,False,0.0035398006439208984,success
04E1BB3A9C4C80,0,['Arena'],Castelvecchio,"['Museo Lapidario', 'Verona Tour', 'Museo Radio', 'San Zeno', 'Sighseeing']",Casa Giulietta,strategy_nearest,False,0.002920866012573242,success
04E1B9429C4C80,0,"['Arena', 'Museo Lapidario']",Castelvecchio,"['Verona Tour', 'Museo Radio', 'San Zeno', 'Sighseeing', 'Museo Miniscalchi']",Casa Giulietta,strategy_nearest,False,0.004322052001953125,success
04E1D43A9C4C80,0,['Arena'],Museo Lapidario,"['Verona Tour', 'Castelvecchio', 'Museo Radio', 'San Fermo', 'Casa Giulietta']",Castelvecchio,strategy_nearest,True,0.003031015396118164,success
04E1BB429C4C80,3,"['Arena', 'Casa Giulietta']",San Zeno,"['Castelvecchio', 'Verona Tour', 'Museo Lapidario', 'Museo Miniscalchi', 'Sighseeing']",Castelvecchio,strategy_nearest,True,0.003918170928955078,success
04E1E33A9C4C80,0,"['Arena', 'Castelvecchio']",Teatro Romano,"['Santa Anastasia', 'Duomo', 'AMO', 'Palazzo della Ragione', 'Museo Conte']",Torre Lamberti,strategy_nearest,False,0.002254962921142578,success
04E1E53A9C4C80,3,['Arena'],Casa Giulietta,"['Centro Fotografia', 'Sighseeing', 'Torre Lamberti', 'Museo Conte', 'Museo Radio']",Teatro Romano,strategy_nearest,False,0.003330230712890625,success
04E1F33A9C4C80,1,"['Castelvecchio', 'Museo Lapidario', 'Arena', 'Casa Giulietta']",Torre Lamberti,"['Sighseeing', 'Centro Fotografia', 'Museo Conte', 'Palazzo della Ragione', 'AMO']",Palazzo della Ragione,strategy_nearest,True,0.001438140869140625,success
04E1F73A9C4C80,3,"['Arena', 'Casa Giulietta']",Torre Lamberti,"['Sighseeing', 'Centro Fotografia', 'Museo Conte', 'Palazzo della Ragione', 'AMO']",Santa Anastasia,strategy_nearest,False,0.0029108524322509766,success
04E1FA429C4C80,1,"['Castelvecchio', 'San Zeno', 'Arena', 'Santa Anastasia']",Duomo,"['AMO', 'Museo Miniscalchi', 'Teatro Romano', 'Palazzo della Ragione', 'Museo Conte']",Teatro Romano,strategy_nearest,True,0.0021970272064208984,success
04E1FF429C4C80,0,['San Fermo'],Torre Lamberti,"['Sighseeing', 'Centro Fotografia', 'Museo Conte', 'Casa Giulietta', 'Palazzo della Ragione']",Casa Giulietta,strategy_nearest,True,0.0035288333892822266,success
04E21C4A9C4C80,1,"['Arena', 'Tomba Giulietta', 'San Fermo', 'Casa Giulietta', 'Palazzo della Ragione']",Torre Lamberti,"['Sighseeing', 'Centro Fotografia', 'Museo Conte', 'AMO', 'Museo Miniscalchi']",Santa Anastasia,strategy_nearest,False,0.0019068717956542969,success
04E2183A9C4C80,0,['Casa Giulietta'],Palazzo della Ragione,"['AMO', 'Museo Conte', 'Torre Lamberti', 'Centro Fotografia', 'Sighseeing']",Arena,strategy_nearest,False,0.0034618377685546875,success
04E22B429C4C80,0,['Arena'],Castelvecchio,"['Museo Lapidario', 'Verona Tour', 'Museo Radio', 'San Zeno', 'Sighseeing']",Torre Lamberti,strategy_nearest,False,0.003718852996826172,success
04E2263A9C4C80,1,"['Arena', 'San Fermo', 'Museo Lapidario', 'Castelvecchio']",Torre Lamberti,"['Sighseeing', 'Centro Fotografia', 'Museo Conte', 'Casa Giulietta', 'Palazzo della Ragione']",Palazzo della Ragione,strategy_nearest,True,0.003281831741333008,success
04E22D3A9C4C80,2,['Casa Giulietta'],Torre Lamberti,"['Sighseeing', 'Centro Fotografia', 'Museo Conte', 'Palazzo della Ragione', 'AMO']",Palazzo della Ragione,strategy_nearest,True,0.003512144088745117,success
04E2473A9C4C80,0,['Casa Giulietta'],Castelvecchio,"['Museo Lapidario', 'Verona Tour', 'Arena', 'Museo Radio', 'San Zeno']",San Zeno,strategy_nearest,True,0.0035619735717773438,success
04E2344A9C4C80,3,"['Torre Lamberti', 'Casa Giulietta']",Santa Anastasia,"['AMO', 'Museo Conte', 'Palazzo della Ragione', 'Teatro Romano', 'Centro Fotografia']",Duomo,strategy_nearest,False,0.002613067626953125,success
04E24B429C4C80,3,"['Casa Giulietta', 'Arena']",Torre Lamberti,"['Sighseeing', 'Centro Fotografia', 'Museo Conte', 'Palazzo della Ragione', 'AMO']",Duomo,strategy_nearest,False,0.0027801990509033203,success
04E22D4A9C4C80,1,"['Castelvecchio', 'San Zeno', 'Santa Anastasia', 'Casa Giulietta']",San Fermo,"['Museo Storia', 'Museo Radio', 'Centro Fotografia', 'Arena', 'Sighseeing']",Torre Lamberti,strategy_nearest,False,0.0018906593322753906,success
04E24E3A9C4C80,3,"['Arena', 'Castelvecchio']",Casa Giulietta,"['Centro Fotografia', 'Sighseeing', 'Torre Lamberti', 'Museo Conte', 'Museo Radio']",Torre Lamberti,strategy_nearest,True,0.0017840862274169922,success
04E252429C4C80,2,"['Casa Giulietta', 'Torre Lamberti']",Palazzo della Ragione,"['AMO', 'Museo Conte', 'Centro Fotografia', 'Sighseeing', 'Santa Anastasia']",Santa Anastasia,strategy_nearest,True,0.0035729408264160156,success
04E251429C4C80,0,['Arena'],Museo Lapidario,"['Verona Tour', 'Castelvecchio', 'Museo Radio', 'San Fermo', 'Casa Giulietta']",Castelvecchio,strategy_nearest,True,0.0023889541625976562,success
04E253429C4C80,0,['Arena'],Torre Lamberti,"['Sighseeing', 'Centro Fotografia', 'Museo Conte', 'Casa Giulietta', 'Palazzo della Ragione']",Casa Giulietta,strategy_nearest,True,0.002877950668334961,success
04E258429C4C80,1,"['Arena', 'Casa Giulietta']",Torre Lamberti,"['Sighseeing', 'Centro Fotografia', 'Museo Conte', 'Palazzo della Ragione', 'AMO']",Palazzo della Ragione,strategy_nearest,True,0.0023522377014160156,success
04E2663A9C4C80,3,"['Arena', 'Torre Lamberti', 'Casa Giulietta']",Tomba Giulietta,"['San Fermo', 'Museo Storia', 'Museo Lapidario', 'Museo Radio', 'Verona Tour']",Castelvecchio,strategy_nearest,False,0.0022149085998535156,success
04E25B3A9C4C80,2,"['Casa Giulietta', 'Santa Anastasia', 'Duomo']",Palazzo della Ragione,"['AMO', 'Museo Conte', 'Torre Lamberti', 'Centro Fotografia', 'Sighseeing']",San Fermo,strategy_nearest,False,0.002893209457397461,success
04E26A429C4C80,2,['Teatro Romano'],Castelvecchio,"['Museo Lapidario', 'Verona Tour', 'Arena', 'Museo Radio', 'San Zeno']",San Zeno,strategy_nearest,True,0.0033960342407226562,success
04E26D3A9C4C80,3,"['Torre Lamberti', 'Arena']",Castelvecchio,"['Museo Lapidario', 'Verona Tour', 'Museo Radio', 'San Zeno', 'Sighseeing']",Santa Anastasia,strategy_nearest,False,0.0030281543731689453,success
04E27B4A9C4C80,0,"['Arena', 'Casa Giulietta']",Teatro Romano,"['Santa Anastasia', 'Duomo', 'AMO', 'Palazzo della Ragione', 'Museo Conte']",Castelvecchio,strategy_nearest,False,0.002707958221435547,success
04E2713A9C4C80,3,"['Arena', 'San Zeno']",Casa Giulietta,"['Centro Fotografia', 'Sighseeing', 'Torre Lamberti', 'Museo Conte', 'Museo Radio']",Torre Lamberti,strategy_nearest,True,0.004306316375732422,success
04E27D4A9C4C80,0,['Tomba Giulietta'],Arena,"['Verona Tour', 'Museo Lapidario', 'Museo Radio', 'San Fermo', 'Casa Giulietta']",Casa Giulietta,strategy_nearest,True,0.003846883773803711,success
04E27F4A9C4C80,2,['Santa Anastasia'],San Fermo,"['Museo Storia', 'Museo Radio', 'Casa Giulietta', 'Centro Fotografia', 'Arena']",Casa Giulietta,strategy_nearest,True,0.004017829895019531,success
04E283429C4C80,1,"['Castelvecchio', 'San Zeno']",Santa Anastasia,"['AMO', 'Museo Conte', 'Palazzo della Ragione', 'Teatro Romano', 'Centro Fotografia']",Arena,strategy_nearest,False,0.003488779067993164,success
04E282429C4C80,3,"['Arena', 'Casa Giulietta']",Santa Anastasia,"['AMO', 'Museo Conte', 'Palazzo della Ragione', 'Teatro Romano', 'Centro Fotografia']",Duomo,strategy_nearest,False,0.0023870468139648438,success
04E27E4A9C4C80,1,['Arena'],Castelvecchio,"['Museo Lapidario', 'Verona Tour', 'Museo Radio', 'San Zeno', 'Sighseeing']",Palazzo della Ragione,strategy_nearest,False,0.0027320384979248047,success
04E2853A9C4C80,0,['Arena'],Casa Giulietta,"['Centro Fotografia', 'Sighseeing', 'Torre Lamberti', 'Museo Conte', 'Museo Radio']",Santa Anastasia,strategy_nearest,False,0.0017957687377929688,success
04E299429C4C80,3,"['Arena', 'Casa Giulietta']",Santa Anastasia,"['AMO', 'Museo Conte', 'Palazzo della Ragione', 'Teatro Romano', 'Centro Fotografia']",Torre Lamberti,strategy_nearest,False,0.002185821533203125,success
04E297429C4C80,1,['Arena'],Casa Giulietta,"['Centro Fotografia', 'Sighseeing', 'Torre Lamberti', 'Museo Conte', 'Museo Radio']",Torre Lamberti,strategy_nearest,True,0.0029859542846679688,success
04E28D3A9C4C80,1,"['Arena', 'Casa Giulietta']",Torre Lamberti,"['Sighseeing', 'Centro Fotografia', 'Museo Conte', 'Palazzo della Ragione', 'AMO']",Palazzo della Ragione,strategy_nearest,True,0.0036690235137939453,success
04E2A84A9C4C80,0,['Torre Lamberti'],Casa Giulietta,"['Centro Fotografia', 'Sighseeing', 'Museo Conte', 'Museo Radio', 'Palazzo della Ragione']",Arena,strategy_nearest,False,0.0021860599517822266,success
04E29E429C4C80,1,['Arena'],Casa Giulietta,"['Centro Fotografia', 'Sighseeing', 'Torre Lamberti', 'Museo Conte', 'Museo Radio']",Palazzo della Ragione,strategy_nearest,False,0.0020780563354492188,success
04E2A34A9C4C80,0,['Arena'],Casa Giulietta,"['Centro Fotografia', 'Sighseeing', 'Torre Lamberti', 'Museo Conte', 'Museo Radio']",Torre Lamberti,strategy_nearest,True,0.0030341148376464844,success
04E2A93A9C4C80,0,['Arena'],Torre Lamberti,"['Sighseeing', 'Centro Fotografia', 'Museo Conte', 'Casa Giulietta', 'Palazzo della Ragione']",Duomo,strategy_nearest,False,0.003393888473510742,success
04E2AA3A9C4C80,3,"['Castelvecchio', 'Arena']",Santa Anastasia,"['AMO', 'Museo Conte', 'Palazzo della Ragione', 'Teatro Romano', 'Centro Fotografia']",Casa Giulietta,strategy_nearest,False,0.002541065216064453,success
04E2AA4A9C4C80,0,['Arena'],Castelvecchio,"['Museo Lapidario', 'Verona Tour', 'Museo Radio', 'San Zeno', 'Sighseeing']",Santa Anastasia,strategy_nearest,False,0.0033600330352783203,success
04E2A9429C4C80,2,['Torre Lamberti'],Duomo,"['AMO', 'Museo Miniscalchi', 'Santa Anastasia', 'Teatro Romano', 'Palazzo della Ragione']",Castelvecchio,strategy_nearest,False,0.0060939788818359375,success
04E2AC429C4C80,0,['Arena'],Torre Lamberti,"['Sighseeing', 'Centro Fotografia', 'Museo Conte', 'Casa Giulietta', 'Palazzo della Ragione']",Casa Giulietta,strategy_nearest,True,0.002811908721923828,success
04E2AF3A9C4C80,1,"['Arena', 'Torre Lamberti']",Palazzo della Ragione,"['AMO', 'Museo Conte', 'Centro Fotografia', 'Sighseeing', 'Santa Anastasia']",Santa Anastasia,strategy_nearest,True,0.001583099365234375,success
04E2B0429C4C80,0,['Arena'],Duomo,"['AMO', 'Museo Miniscalchi', 'Santa Anastasia', 'Teatro Romano', 'Palazzo della Ragione']",Torre Lamberti,strategy_nearest,False,0.003268003463745117,success
04E2B2429C4C80,3,"['Castelvecchio', 'San Zeno']",Teatro Romano,"['Santa Anastasia', 'Duomo', 'AMO', 'Palazzo della Ragione', 'Museo Conte']",Duomo,strategy_nearest,True,0.0033609867095947266,success
04E2B63A9C4C80,0,['Arena'],Casa Giulietta,"['Centro Fotografia', 'Sighseeing', 'Torre Lamberti', 'Museo Conte', 'Museo Radio']",Torre Lamberti,strategy_nearest,True,0.0022017955780029297,success
04E2B5429C4C80,1,"['Castelvecchio', 'Arena']",Casa Giulietta,"['Centro Fotografia', 'Sighseeing', 'Torre Lamberti', 'Museo Conte', 'Museo Radio']",Palazzo della Ragione,strategy_nearest,False,0.0014600753784179688,success
04E2CF3A9C4C80,6,"['Arena', 'Casa Giulietta', 'Teatro Romano']",Torre Lamberti,"['Sighseeing', 'Centro Fotografia', 'Museo Conte', 'Palazzo della Ragione', 'AMO']",San Fermo,strategy_nearest,False,0.0027976036071777344,success
04E2CA3A9C4C80,0,['Tomba Giulietta'],Casa Giulietta,"['Centro Fotografia', 'Sighseeing', 'Torre Lamberti', 'Museo Conte', 'Museo Radio']",Arena,strategy_nearest,False,0.0036139488220214844,success
04E2D4429C4C80,3,"['Castelvecchio', 'Teatro Romano', 'Giardino Giusti', 'Museo Storia']",Santa Anastasia,"['AMO', 'Museo Conte', 'Palazzo della Ragione', 'Centro Fotografia', 'Duomo']",Torre Lamberti,strategy_nearest,False,0.00379180908203125,success
04E2D9429C4C80,0,"['Arena', 'Casa Giulietta']",Teatro Romano,"['Santa Anastasia', 'Duomo', 'AMO', 'Palazzo della Ragione', 'Museo Conte']",Torre Lamberti,strategy_nearest,False,0.0023381710052490234,success
04E2D13A9C4C80,0,['Castelvecchio'],Casa Giulietta,"['Centro Fotografia', 'Sighseeing', 'Torre Lamberti', 'Museo Conte', 'Museo Radio']",Arena,strategy_nearest,False,0.002299785614013672,success
04E2E33A9C4C80,2,['Casa Giulietta'],Torre Lamberti,"['Sighseeing', 'Centro Fotografia', 'Museo Conte', 'Palazzo della Ragione', 'AMO']",Santa Anastasia,strategy_nearest,False,0.00347900390625,success
04E2EC3A9C4C80,3,"['Arena', 'Casa Giulietta', 'Torre Lamberti']",Santa Anastasia,"['AMO', 'Museo Conte', 'Palazzo della Ragione', 'Teatro Romano', 'Centro Fotografia']",Duomo,strategy_nearest,False,0.0020329952239990234,success
04E2F53A9C4C80,0,"['Arena', 'Tomba Giulietta']",Casa Giulietta,"['Centro Fotografia', 'Sighseeing', 'Torre Lamberti', 'Museo Conte', 'Museo Radio']",Santa Anastasia,strategy_nearest,False,0.0038721561431884766,success
04E2E7429C4C80,0,"['Castelvecchio', 'Arena']",Torre Lamberti,"['Sighseeing', 'Centro Fotografia', 'Museo Conte', 'Casa Giulietta', 'Palazzo della Ragione']",Tomba Giulietta,strategy_nearest,False,0.004966020584106445,success
04E300429C4C84,1,"['Arena', 'Torre Lamberti', 'Palazzo della Ragione']",Casa Giulietta,"['Centro Fotografia', 'Sighseeing', 'Museo Conte', 'Museo Radio', 'San Fermo']",San Zeno,strategy_nearest,False,0.006455183029174805,success
04E307429C4C84,3,"['Arena', 'Torre Lamberti', 'Santa Anastasia']",Casa Giulietta,"['Centro Fotografia', 'Sighseeing', 'Museo Conte', 'Museo Radio', 'Palazzo della Ragione']",San Fermo,strategy_nearest,False,0.0025899410247802734,success
04E30C429C4C84,0,['Arena'],Palazzo della Ragione,"['AMO', 'Museo Conte', 'Torre Lamberti', 'Centro Fotografia', 'Sighseeing']",Casa Giulietta,strategy_nearest,False,0.002986907958984375,success
04E3123A9C4C84,3,['Arena'],Museo Lapidario,"['Verona Tour', 'Castelvecchio', 'Museo Radio', 'San Fermo', 'Casa Giulietta']",Santa Anastasia,strategy_nearest,False,0.0026187896728515625,success
04E3143A9C4C84,0,"['Castelvecchio', 'Arena']",Torre Lamberti,"['Sighseeing', 'Centro Fotografia', 'Museo Conte', 'Casa Giulietta', 'Palazzo della Ragione']",Torre Lamberti,strategy_nearest,False,0.002730131149291992,success
04E3163A9C4C84,1,"['Arena', 'Casa Giulietta', 'Palazzo della Ragione']",Teatro Romano,"['Santa Anastasia', 'Duomo', 'AMO', 'Museo Conte', 'Centro Fotografia']",Duomo,strategy_nearest,True,0.0034859180450439453,success
04E3223A9C4C80,1,"['Castelvecchio', 'Arena', 'Museo Lapidario']",Torre Lamberti,"['Sighseeing', 'Centro Fotografia', 'Museo Conte', 'Casa Giulietta', 'Palazzo della Ragione']",Palazzo della Ragione,strategy_nearest,True,0.0024750232696533203,success
04E3283A9C4C80,1,"['Arena', 'Torre Lamberti', 'Palazzo della Ragione', 'Casa Giulietta']",Tomba Giulietta,"['San Fermo', 'Museo Storia', 'Museo Lapidario', 'Museo Radio', 'Verona Tour']",Castelvecchio,strategy_nearest,False,0.003178119659423828,success
04E32C429C4C80,0,"['Arena', 'Castelvecchio']",Torre Lamberti,"['Sighseeing', 'Centro Fotografia', 'Museo Conte', 'Casa Giulietta', 'Palazzo della Ragione']",Casa Giulietta,strategy_nearest,True,0.0024127960205078125,success
04E32E429C4C80,1,"['Museo Lapidario', 'Palazzo della Ragione', 'Torre Lamberti', 'Casa Giulietta', 'Santa Anastasia']",Duomo,"['AMO', 'Museo Miniscalchi', 'Teatro Romano', 'Museo Conte', 'Centro Fotografia']",Teatro Romano,strategy_nearest,True,0.0031120777130126953,success
04E331429C4C80,2,"['Castelvecchio', 'San Zeno', 'Casa Giulietta']",Palazzo della Ragione,"['AMO', 'Museo Conte', 'Torre Lamberti', 'Centro Fotografia', 'Sighseeing']",Torre Lamberti,strategy_nearest,True,0.002051115036010742,success
04E3324A9C4C80,0,"['Casa Giulietta', 'Tomba Giulietta']",Arena,"['Verona Tour', 'Museo Lapidario', 'Museo Radio', 'San Fermo', 'Sighseeing']",Castelvecchio,strategy_nearest,False,0.003667116165161133,success
04E3443A9C4C80,0,"['Torre Lamberti', 'Casa Giulietta']",San Fermo,"['Museo Storia', 'Museo Radio', 'Centro Fotografia', 'Arena', 'Sighseeing']",Arena,strategy_nearest,True,0.0046689510345458984,success
04E33B4A9C4C80,0,['Arena'],San Zeno,"['Castelvecchio', 'Verona Tour', 'Museo Lapidario', 'Museo Miniscalchi', 'Sighseeing']",Torre Lamberti,strategy_nearest,False,0.005649089813232422,success
04E355429C4C80,3,"['Teatro Romano', 'Duomo', 'Santa Anastasia', 'Arena', 'San Zeno']",Castelvecchio,"['Museo Lapidario', 'Verona Tour', 'Museo Radio', 'Sighseeing', 'Museo Miniscalchi']",San Fermo,strategy_nearest,False,0.0033020973205566406,success
04E35A429C4C80,3,"['Arena', 'San Fermo']",Castelvecchio,"['Museo Lapidario', 'Verona Tour', 'Museo Radio', 'San Zeno', 'Sighseeing']",Giardino Giusti,strategy_nearest,False,0.0025970935821533203,success
04E353429C4C80,3,['Torre Lamberti'],Santa Anastasia,"['AMO', 'Museo Conte', 'Palazzo della Ragione', 'Teatro Romano', 'Centro Fotografia']",Arena,strategy_nearest,False,0.0026988983154296875,success
04E3683A9C4C80,1,"['Arena', 'Tomba Giulietta', 'San Fermo', 'Palazzo della Ragione']",Torre Lamberti,"['Sighseeing', 'Centro Fotografia', 'Museo Conte', 'Casa Giulietta', 'AMO']",Santa Anastasia,strategy_nearest,False,0.003314971923828125,success
04E370429C4C80,3,"['Arena', 'Casa Giulietta']",Torre Lamberti,"['Sighseeing', 'Centro Fotografia', 'Museo Conte', 'Palazzo della Ragione', 'AMO']",Teatro Romano,strategy_nearest,False,0.0030961036682128906,success
04E37A3A9C4C80,0,['Arena'],Casa Giulietta,"['Centro Fotografia', 'Sighseeing', 'Torre Lamberti', 'Museo Conte', 'Museo Radio']",Castelvecchio,strategy_nearest,False,0.0017249584197998047,success
04E372429C4C80,3,"['Arena', 'Casa Giulietta']",Torre Lamberti,"['Sighseeing', 'Centro Fotografia', 'Museo Conte', 'Palazzo della Ragione', 'AMO']",Santa Anastasia,strategy_nearest,False,0.003765106201171875,success
04E37A4A9C4C80,0,['Arena'],Casa Giulietta,"['Centro Fotografia', 'Sighseeing', 'Torre Lamberti', 'Museo Conte', 'Museo Radio']",Torre Lamberti,strategy_nearest,True,0.0023162364959716797,success
04E3833A9C4C80,0,['Arena'],San Fermo,"['Museo Storia', 'Museo Radio', 'Casa Giulietta', 'Centro Fotografia', 'Sighseeing']",Casa Giulietta,strategy_nearest,True,0.0029349327087402344,success
04E37B429C4C80,0,"['Arena', 'Casa Giulietta']",Torre Lamberti,"['Sighseeing', 'Centro Fotografia', 'Museo Conte', 'Palazzo della Ragione', 'AMO']",Tomba Giulietta,strategy_nearest,False,0.0018389225006103516,success
04E37D3A9C4C80,3,"['Torre Lamberti', 'Santa Anastasia']",Duomo,"['AMO', 'Museo Miniscalchi', 'Teatro Romano', 'Palazzo della Ragione', 'Museo Conte']",Casa Giulietta,strategy_nearest,False,0.0023941993713378906,success
04E3834A9C4C80,0,['Arena'],Casa Giulietta,"['Centro Fotografia', 'Sighseeing', 'Torre Lamberti', 'Museo Conte', 'Museo Radio']",Tomba Giulietta,strategy_nearest,False,0.003849029541015625,success
04E3864A9C4C80,1,"['Arena', 'Casa Giulietta']",Palazzo della Ragione,"['AMO', 'Museo Conte', 'Torre Lamberti', 'Centro Fotografia', 'Sighseeing']",Torre Lamberti,strategy_nearest,True,0.0023169517517089844,success
04E38A429C4C80,1,['Arena'],Torre Lamberti,"['Sighseeing', 'Centro Fotografia', 'Museo Conte', 'Casa Giulietta', 'Palazzo della Ragione']",Palazzo della Ragione,strategy_nearest,True,0.0030438899993896484,success
04E386429C4C80,3,['Arena'],Santa Anastasia,"['AMO', 'Museo Conte', 'Palazzo della Ragione', 'Teatro Romano', 'Centro Fotografia']",Duomo,strategy_nearest,False,0.003815889358520508,success
04E39A429C4C80,0,['Arena'],Casa Giulietta,"['Centro Fotografia', 'Sighseeing', 'Torre Lamberti', 'Museo Conte', 'Museo Radio']",Duomo,strategy_nearest,False,0.0018157958984375,success
04E3A84A9C4C80,0,['Arena'],Castelvecchio,"['Museo Lapidario', 'Verona Tour', 'Museo Radio', 'San Zeno', 'Sighseeing']",Torre Lamberti,strategy_nearest,False,0.003831148147583008,success
04E39F429C4C80,0,"['Museo Storia', 'Arena']",Castelvecchio,"['Museo Lapidario', 'Verona Tour', 'Museo Radio', 'San Zeno', 'Sighseeing']",Teatro Romano,strategy_nearest,False,0.0023369789123535156,success
04E3AB4A9C4C80,1,"['Castelvecchio', 'Arena']",Torre Lamberti,"['Sighseeing', 'Centro Fotografia', 'Museo Conte', 'Casa Giulietta', 'Palazzo della Ragione']",Palazzo della Ragione,strategy_nearest,True,0.0031499862670898438,success
04E3AC429C4C80,0,['Arena'],Casa Giulietta,"['Centro Fotografia', 'Sighseeing', 'Torre Lamberti', 'Museo Conte', 'Museo Radio']",Duomo,strategy_nearest,False,0.002605915069580078,success
04E3B4429C4C80,2,['Torre Lamberti'],Tomba Giulietta,"['San Fermo', 'Museo Storia', 'Arena', 'Museo Lapidario', 'Museo Radio']",Castelvecchio,strategy_nearest,False,0.002270936965942383,success
04E3B53A9C4C80,0,['Torre Lamberti'],Arena,"['Verona Tour', 'Museo Lapidario', 'Museo Radio', 'San Fermo', 'Casa Giulietta']",Castelvecchio,strategy_nearest,False,0.0031380653381347656,success
04E3BF429C4C80,0,['Arena'],Casa Giulietta,"['Centro Fotografia', 'Sighseeing', 'Torre Lamberti', 'Museo Conte', 'Museo Radio']",Tomba Giulietta,strategy_nearest,False,0.002004861831665039,success
04E3C13A9C4C80,1,"['Arena', 'Teatro Romano']",Casa Giulietta,"['Centro Fotografia', 'Sighseeing', 'Torre Lamberti', 'Museo Conte', 'Museo Radio']",Palazzo della Ragione,strategy_nearest,False,0.0029687881469726562,success
04E3CD3A9C4C80,2,['Torre Lamberti'],Duomo,"['AMO', 'Museo Miniscalchi', 'Santa Anastasia', 'Teatro Romano', 'Palazzo della Ragione']",Castelvecchio,strategy_nearest,False,0.0029921531677246094,success
04E3C83A9C4C80,1,"['Arena', 'Palazzo della Ragione']",Torre Lamberti,"['Sighseeing', 'Centro Fotografia', 'Museo Conte', 'Casa Giulietta', 'AMO']",Casa Giulietta,strategy_nearest,True,0.0033867359161376953,success
04E3CE3A9C4C80,0,['San Zeno'],Arena,"['Verona Tour', 'Museo Lapidario', 'Museo Radio', 'San Fermo', 'Casa Giulietta']",Duomo,strategy_nearest,False,0.002994060516357422,success
04E3D13A9C4C80,0,['Arena'],Casa Giulietta,"['Centro Fotografia', 'Sighseeing', 'Torre Lamberti', 'Museo Conte', 'Museo Radio']",Torre Lamberti,strategy_nearest,True,0.002398967742919922,success
04E3E0429C4C80,3,"['Arena', 'Santa Anastasia']",Teatro Romano,"['Duomo', 'AMO', 'Palazzo della Ragione', 'Museo Conte', 'Centro Fotografia']",Casa Giulietta,strategy_nearest,False,0.002930164337158203,success
04E3E73A9C4C80,0,['Arena'],Castelvecchio,"['Museo Lapidario', 'Verona Tour', 'Museo Radio', 'San Zeno', 'Sighseeing']",San Zeno,strategy_nearest,True,0.0027756690979003906,success
04E3FC429C4C80,0,"['Tomba Giulietta', 'Arena']",Casa Giulietta,"['Centro Fotografia', 'Sighseeing', 'Torre Lamberti', 'Museo Conte', 'Museo Radio']",Giardino Giusti,strategy_nearest,False,0.0023081302642822266,success
04E43F3A9C4C80,1,"['Arena', 'Palazzo della Ragione']",Casa Giulietta,"['Centro Fotografia', 'Sighseeing', 'Torre Lamberti', 'Museo Conte', 'Museo Radio']",Teatro Romano,strategy_nearest,False,0.002994060516357422,success
04E4403A9C4C80,1,"['San Fermo', 'Casa Giulietta', 'Torre Lamberti', 'Palazzo della Ragione']",Santa Anastasia,"['AMO', 'Museo Conte', 'Teatro Romano', 'Centro Fotografia', 'Duomo']",Duomo,strategy_nearest,True,0.002791166305541992,success
04E43F429C4C80,0,"['Arena', 'Casa Giulietta']",Torre Lamberti,"['Sighseeing', 'Centro Fotografia', 'Museo Conte', 'Palazzo della Ragione', 'AMO']",Castelvecchio,strategy_nearest,False,0.00350189208984375,success
04E482429C4C80,2,"['San Fermo', 'Casa Giulietta', 'Torre Lamberti']",Palazzo della Ragione,"['AMO', 'Museo Conte', 'Centro Fotografia', 'Sighseeing', 'Santa Anastasia']",Santa Anastasia,strategy_nearest,True,0.004548072814941406,success
04E483429C4C80,1,"['Castelvecchio', 'San Zeno', 'Tomba Giulietta', 'San Fermo']",Arena,"['Verona Tour', 'Museo Lapidario', 'Museo Radio', 'Casa Giulietta', 'Sighseeing']",Casa Giulietta,strategy_nearest,True,0.0030379295349121094,success
04E4834A9C4C80,2,['Casa Giulietta'],Torre Lamberti,"['Sighseeing', 'Centro Fotografia', 'Museo Conte', 'Palazzo della Ragione', 'AMO']",Santa Anastasia,strategy_nearest,False,0.0023581981658935547,success
04E4A54A9C4C80,0,['Torre Lamberti'],San Zeno,"['Castelvecchio', 'Verona Tour', 'Museo Lapidario', 'Arena', 'Museo Miniscalchi']",Arena,strategy_nearest,True,0.003556966781616211,success
04E4EA3A9C4C80,3,['Arena'],San Fermo,"['Museo Storia', 'Museo Radio', 'Casa Giulietta', 'Centro Fotografia', 'Sighseeing']",Casa Giulietta,strategy_nearest,True,0.0014710426330566406,success
04E503429C4C84,0,"['Tomba Giulietta', 'Castelvecchio', 'Arena']",Casa Giulietta,"['Centro Fotografia', 'Sighseeing', 'Torre Lamberti', 'Museo Conte', 'Museo Radio']",Torre Lamberti,strategy_nearest,True,0.0034630298614501953,success
04E4C9429C4C80,3,"['Arena', 'Casa Giulietta']",Torre Lamberti,"['Sighseeing', 'Centro Fotografia', 'Museo Conte', 'Palazzo della Ragione', 'AMO']",Santa Anastasia,strategy_nearest,False,0.002360820770263672,success
04E500429C4C84,1,"['Arena', 'Torre Lamberti']",Palazzo della Ragione,"['AMO', 'Museo Conte', 'Centro Fotografia', 'Sighseeing', 'Santa Anastasia']",Teatro Romano,strategy_nearest,False,0.0029420852661132812,success
04E51F429C4C84,0,['Arena'],Casa Giulietta,"['Centro Fotografia', 'Sighseeing', 'Torre Lamberti', 'Museo Conte', 'Museo Radio']",Torre Lamberti,strategy_nearest,True,0.0036749839782714844,success
04E5173A9C4C84,0,['Arena'],Casa Giulietta,"['Centro Fotografia', 'Sighseeing', 'Torre Lamberti', 'Museo Conte', 'Museo Radio']",Santa Anastasia,strategy_nearest,False,0.002567768096923828,success
04E517429C4C80,0,"['Casa Giulietta', 'Arena']",Castelvecchio,"['Museo Lapidario', 'Verona Tour', 'Museo Radio', 'San Zeno', 'Sighseeing']",Tomba Giulietta,strategy_nearest,False,0.005060911178588867,success
04E5213A9C4C84,3,"['Arena', 'Casa Giulietta']",Torre Lamberti,"['Sighseeing', 'Centro Fotografia', 'Museo Conte', 'Palazzo della Ragione', 'AMO']",Duomo,strategy_nearest,False,0.0028519630432128906,success
04E5283A9C4C80,1,"['Arena', 'Casa Giulietta', 'Torre Lamberti']",Palazzo della Ragione,"['AMO', 'Museo Conte', 'Centro Fotografia', 'Sighseeing', 'Santa Anastasia']",Castelvecchio,strategy_nearest,False,0.0028269290924072266,success
04E5233A9C4C80,1,"['Casa Giulietta', 'Palazzo della Ragione']",Torre Lamberti,"['Sighseeing', 'Centro Fotografia', 'Museo Conte', 'AMO', 'Museo Miniscalchi']",Santa Anastasia,strategy_nearest,False,0.0036013126373291016,success
04E5223A9C4C80,1,"['Arena', 'Torre Lamberti', 'Palazzo della Ragione']",Santa Anastasia,"['AMO', 'Museo Conte', 'Teatro Romano', 'Centro Fotografia', 'Duomo']",San Fermo,strategy_nearest,False,0.002287149429321289,success
04E52A4A9C4C80,1,"['Arena', 'Castelvecchio']",Casa Giulietta,"['Centro Fotografia', 'Sighseeing', 'Torre Lamberti', 'Museo Conte', 'Museo Radio']",Teatro Romano,strategy_nearest,False,0.0038661956787109375,success
04E5303A9C4C80,0,['Arena'],Casa Giulietta,"['Centro Fotografia', 'Sighseeing', 'Torre Lamberti', 'Museo Conte', 'Museo Radio']",Santa Anastasia,strategy_nearest,False,0.0031871795654296875,success
04E52C429C4C80,1,"['Arena', 'Casa Giulietta', 'Palazzo della Ragione']",Torre Lamberti,"['Sighseeing', 'Centro Fotografia', 'Museo Conte', 'AMO', 'Museo Miniscalchi']",Santa Anastasia,strategy_nearest,False,0.002336263656616211,success
04E52C4A9C4C80,2,['Casa Giulietta'],Giardino Giusti,"['Santa Anastasia', 'Teatro Romano', 'Museo Conte', 'Centro Fotografia', 'Museo Storia']",Teatro Romano,strategy_nearest,True,0.0029239654541015625,success
04E52E429C4C80,4,"['Castelvecchio', 'Arena', 'Tomba Giulietta']",Museo Radio,"['Casa Giulietta', 'San Fermo', 'Sighseeing', 'Torre Lamberti', 'Centro Fotografia']",San Fermo,strategy_nearest,True,0.0043718814849853516,success
04E532429C4C80,1,"['Arena', 'Castelvecchio', 'San Zeno']",Casa Giulietta,"['Centro Fotografia', 'Sighseeing', 'Torre Lamberti', 'Museo Conte', 'Museo Radio']",Palazzo della Ragione,strategy_nearest,False,0.0020020008087158203,success
04E5473A9C4C80,1,"['Arena', 'Museo Lapidario', 'Castelvecchio']",Casa Giulietta,"['Centro Fotografia', 'Sighseeing', 'Torre Lamberti', 'Museo Conte', 'Museo Radio']",Torre Lamberti,strategy_nearest,True,0.004157304763793945,success
04E543429C4C80,3,"['Teatro Romano', 'Duomo']",Santa Anastasia,"['AMO', 'Museo Conte', 'Palazzo della Ragione', 'Centro Fotografia', 'Torre Lamberti']",Castelvecchio,strategy_nearest,False,0.0027129650115966797,success
04E5533A9C4C80,1,"['Arena', 'Torre Lamberti']",Palazzo della Ragione,"['AMO', 'Museo Conte', 'Centro Fotografia', 'Sighseeing', 'Santa Anastasia']",Casa Giulietta,strategy_nearest,False,0.004153013229370117,success
04E553429C4C80,3,"['Arena', 'San Fermo']",Casa Giulietta,"['Centro Fotografia', 'Sighseeing', 'Torre Lamberti', 'Museo Conte', 'Museo Radio']",Torre Lamberti,strategy_nearest,True,0.0030922889709472656,success
04E555429C4C80,3,"['Castelvecchio', 'San Zeno']",Arena,"['Verona Tour', 'Museo Lapidario', 'Museo Radio', 'San Fermo', 'Casa Giulietta']",Tomba Giulietta,strategy_nearest,False,0.00393223762512207,success
04E559429C4C80,2,['Castelvecchio'],Casa Giulietta,"['Centro Fotografia', 'Sighseeing', 'Torre Lamberti', 'Museo Conte', 'Museo Radio']",Palazzo della Ragione,strategy_nearest,False,0.003916025161743164,success
04E5763A9C4C80,3,['Santa Anastasia'],Duomo,"['AMO', 'Museo Miniscalchi', 'Teatro Romano', 'Palazzo della Ragione', 'Museo Conte']",Casa Giulietta,strategy_nearest,False,0.002396106719970703,success
04E55D3A9C4C80,3,"['Arena', 'Museo Lapidario', 'Santa Anastasia']",Torre Lamberti,"['Sighseeing', 'Centro Fotografia', 'Museo Conte', 'Casa Giulietta', 'Palazzo della Ragione']",Casa Giulietta,strategy_nearest,True,0.0026009082794189453,success
04E569429C4C80,0,['Torre Lamberti'],Casa Giulietta,"['Centro Fotografia', 'Sighseeing', 'Museo Conte', 'Museo Radio', 'Palazzo della Ragione']",Arena,strategy_nearest,False,0.003626108169555664,success
04E566429C4C80,2,['Teatro Romano'],San Fermo,"['Museo Storia', 'Museo Radio', 'Casa Giulietta', 'Centro Fotografia', 'Arena']",Castelvecchio,strategy_nearest,False,0.002134084701538086,success
04E5844A9C4C80,0,['Casa Giulietta'],Santa Anastasia,"['AMO', 'Museo Conte', 'Palazzo della Ragione', 'Teatro Romano', 'Centro Fotografia']",Tomba Giulietta,strategy_nearest,False,0.0014979839324951172,success
04E58A429C4C80,2,['Castelvecchio'],Santa Anastasia,"['AMO', 'Museo Conte', 'Palazzo della Ragione', 'Teatro Romano', 'Centro Fotografia']",Casa Giulietta,strategy_nearest,False,0.0027599334716796875,success
04E5824A9C4C80,0,['Arena'],Casa Giulietta,"['Centro Fotografia', 'Sighseeing', 'Torre Lamberti', 'Museo Conte', 'Museo Radio']",Casa Giulietta,strategy_nearest,False,0.002335071563720703,success
04E58D4A9C4C80,0,['Arena'],Castelvecchio,"['Museo Lapidario', 'Verona Tour', 'Museo Radio', 'San Zeno', 'Sighseeing']",Teatro Romano,strategy_nearest,False,0.0034868717193603516,success
04E59A4A9C4C80,0,"['Torre Lamberti', 'Casa Giulietta']",Arena,"['Verona Tour', 'Museo Lapidario', 'Museo Radio', 'San Fermo', 'Sighseeing']",Castelvecchio,strategy_nearest,False,0.0020940303802490234,success
04E59D429C4C80,0,['Torre Lamberti'],Arena,"['Verona Tour', 'Museo Lapidario', 'Museo Radio', 'San Fermo', 'Casa Giulietta']",San Zeno,strategy_nearest,False,0.0018448829650878906,success
04E5904A9C4C80,1,"['Casa Giulietta', 'Torre Lamberti']",Palazzo della Ragione,"['AMO', 'Museo Conte', 'Centro Fotografia', 'Sighseeing', 'Santa Anastasia']",Arena,strategy_nearest,False,0.0036208629608154297,success
04E59E429C4C80,0,"['Torre Lamberti', 'Casa Giulietta']",Duomo,"['AMO', 'Museo Miniscalchi', 'Santa Anastasia', 'Teatro Romano', 'Palazzo della Ragione']",Arena,strategy_nearest,False,0.0032939910888671875,success
04E59E4A9C4C80,0,['Torre Lamberti'],Arena,"['Verona Tour', 'Museo Lapidario', 'Museo Radio', 'San Fermo', 'Casa Giulietta']",Duomo,strategy_nearest,False,0.002652883529663086,success
04E5A84A9C4C80,1,"['Arena', 'Torre Lamberti']",Palazzo della Ragione,"['AMO', 'Museo Conte', 'Centro Fotografia', 'Sighseeing', 'Santa Anastasia']",Duomo,strategy_nearest,False,0.003426074981689453,success
04E59F4A9C4C80,3,"['Arena', 'Casa Giulietta']",Santa Anastasia,"['AMO', 'Museo Conte', 'Palazzo della Ragione', 'Teatro Romano', 'Centro Fotografia']",Torre Lamberti,strategy_nearest,False,0.0029439926147460938,success
04E5A9429C4C80,3,['Arena'],Santa Anastasia,"['AMO', 'Museo Conte', 'Palazzo della Ragione', 'Teatro Romano', 'Centro Fotografia']",Duomo,strategy_nearest,False,0.0032279491424560547,success
04E5AA4A9C4C80,3,['Arena'],San Zeno,"['Castelvecchio', 'Verona Tour', 'Museo Lapidario', 'Museo Miniscalchi', 'Sighseeing']",Torre Lamberti,strategy_nearest,False,0.0030519962310791016,success
04E5AB4A9C4C80,1,"['Casa Giulietta', 'Palazzo della Ragione']",Torre Lamberti,"['Sighseeing', 'Centro Fotografia', 'Museo Conte', 'AMO', 'Museo Miniscalchi']",Giardino Giusti,strategy_nearest,False,0.0018949508666992188,success
04E5AC429C4C80,1,"['Duomo', 'Palazzo della Ragione']",Torre Lamberti,"['Sighseeing', 'Centro Fotografia', 'Museo Conte', 'Casa Giulietta', 'AMO']",Casa Giulietta,strategy_nearest,True,0.001931905746459961,success
04E5AD429C4C80,3,"['San Zeno', 'Santa Anastasia']",San Fermo,"['Museo Storia', 'Museo Radio', 'Casa Giulietta', 'Centro Fotografia', 'Arena']",Arena,strategy_nearest,True,0.0027458667755126953,success
04E5B43A9C4C80,3,"['Arena', 'Castelvecchio']",San Zeno,"['Verona Tour', 'Museo Lapidario', 'Museo Miniscalchi', 'Sighseeing', 'Museo Radio']",Teatro Romano,strategy_nearest,False,0.0027091503143310547,success
04E5BA429C4C80,3,"['Arena', 'Casa Giulietta']",Torre Lamberti,"['Sighseeing', 'Centro Fotografia', 'Museo Conte', 'Palazzo della Ragione', 'AMO']",Santa Anastasia,strategy_nearest,False,0.0028197765350341797,success
04E5BC429C4C80,1,"['Castelvecchio', 'Arena']",Casa Giulietta,"['Centro Fotografia', 'Sighseeing', 'Torre Lamberti', 'Museo Conte', 'Museo Radio']",Torre Lamberti,strategy_nearest,True,0.0026879310607910156,success
04E5BE3A9C4C80,1,"['Castelvecchio', 'Arena']",Casa Giulietta,"['Centro Fotografia', 'Sighseeing', 'Torre Lamberti', 'Museo Conte', 'Museo Radio']",Torre Lamberti,strategy_nearest,True,0.0028171539306640625,success
04E5C13A9C4C80,2,"['Casa Giulietta', 'Palazzo della Ragione']",Torre Lamberti,"['Sighseeing', 'Centro Fotografia', 'Museo Conte', 'AMO', 'Museo Miniscalchi']",Santa Anastasia,strategy_nearest,False,0.0033020973205566406,success
04E5CB3A9C4C80,1,"['Arena', 'Museo Lapidario', 'Tomba Giulietta', 'San Fermo']",Casa Giulietta,"['Centro Fotografia', 'Sighseeing', 'Torre Lamberti', 'Museo Conte', 'Museo Radio']",Palazzo della Ragione,strategy_nearest,False,0.0018596649169921875,success
04E5C3429C4C80,0,['Castelvecchio'],Casa Giulietta,"['Centro Fotografia', 'Sighseeing', 'Torre Lamberti', 'Museo Conte', 'Museo Radio']",Torre Lamberti,strategy_nearest,True,0.0032579898834228516,success
04E5C0429C4C80,3,['Arena'],San Fermo,"['Museo Storia', 'Museo Radio', 'Casa Giulietta', 'Centro Fotografia', 'Sighseeing']",Torre Lamberti,strategy_nearest,False,0.0038709640502929688,success
04E5CD3A9C4C80,1,"['Arena', 'Casa Giulietta', 'Torre Lamberti']",Palazzo della Ragione,"['AMO', 'Museo Conte', 'Centro Fotografia', 'Sighseeing', 'Santa Anastasia']",Santa Anastasia,strategy_nearest,True,0.0018477439880371094,success
04E5D23A9C4C80,1,"['Arena', 'Museo Lapidario', 'Casa Giulietta']",Palazzo della Ragione,"['AMO', 'Museo Conte', 'Torre Lamberti', 'Centro Fotografia', 'Sighseeing']",Torre Lamberti,strategy_nearest,True,0.0020055770874023438,success
04E5DB3A9C4C80,0,['Casa Giulietta'],Torre Lamberti,"['Sighseeing', 'Centro Fotografia', 'Museo Conte', 'Palazzo della Ragione', 'AMO']",Arena,strategy_nearest,False,0.0028378963470458984,success
04E5FC3A9C4C80,0,['Castelvecchio'],Arena,"['Verona Tour', 'Museo Lapidario', 'Museo Radio', 'San Fermo', 'Casa Giulietta']",Casa Giulietta,strategy_nearest,True,0.0025479793548583984,success
04E5F0429C4C80,3,['Arena'],Casa Giulietta,"['Centro Fotografia', 'Sighseeing', 'Torre Lamberti', 'Museo Conte', 'Museo Radio']",Duomo,strategy_nearest,False,0.004041910171508789,success
04E5E43A9C4C80,2,['Casa Giulietta'],Palazzo della Ragione,"['AMO', 'Museo Conte', 'Torre Lamberti', 'Centro Fotografia', 'Sighseeing']",Torre Lamberti,strategy_nearest,True,0.0032889842987060547,success
04E609429C4C84,0,"['Arena', 'Casa Giulietta']",Torre Lamberti,"['Sighseeing', 'Centro Fotografia', 'Museo Conte', 'Palazzo della Ragione', 'AMO']",Castelvecchio,strategy_nearest,False,0.003178834915161133,success
04E619429C4C80,1,"['Casa Giulietta', 'Torre Lamberti', 'Palazzo della Ragione', 'Arena']",Museo Lapidario,"['Verona Tour', 'Castelvecchio', 'Museo Radio', 'San Fermo', 'Tomba Giulietta']",Santa Anastasia,strategy_nearest,False,0.0022368431091308594,success
04E61C3A9C4C84,0,['Arena'],Casa Giulietta,"['Centro Fotografia', 'Sighseeing', 'Torre Lamberti', 'Museo Conte', 'Museo Radio']",Tomba Giulietta,strategy_nearest,False,0.0025720596313476562,success
04E60E429C4C84,2,"['Palazzo della Ragione', 'Torre Lamberti', 'Casa Giulietta']",Castelvecchio,"['Museo Lapidario', 'Verona Tour', 'Arena', 'Museo Radio', 'San Zeno']",San Zeno,strategy_nearest,True,0.0022258758544921875,success
04E610429C4C84,3,"['Teatro Romano', 'Torre Lamberti', 'Santa Anastasia']",San Fermo,"['Museo Storia', 'Museo Radio', 'Casa Giulietta', 'Centro Fotografia', 'Arena']",Arena,strategy_nearest,True,0.004209280014038086,success
04E61E429C4C84,3,"['Arena', 'Casa Giulietta']",Santa Anastasia,"['AMO', 'Museo Conte', 'Palazzo della Ragione', 'Teatro Romano', 'Centro Fotografia']",Duomo,strategy_nearest,False,0.0020551681518554688,success
04E6213A9C4C80,0,['Castelvecchio'],Arena,"['Verona Tour', 'Museo Lapidario', 'Museo Radio', 'San Fermo', 'Casa Giulietta']",Duomo,strategy_nearest,False,0.0035130977630615234,success
04E61F4A9C4C80,0,['Castelvecchio'],Arena,"['Verona Tour', 'Museo Lapidario', 'Museo Radio', 'San Fermo', 'Casa Giulietta']",Torre Lamberti,strategy_nearest,False,0.0028243064880371094,success
04E6224A9C4C80,3,"['Arena', 'Casa Giulietta', 'Tomba Giulietta']",Castelvecchio,"['Museo Lapidario', 'Verona Tour', 'Museo Radio', 'San Zeno', 'Sighseeing']",Teatro Romano,strategy_nearest,False,0.002395153045654297,success
04E62B3A9C4C80,0,"['Arena', 'Torre Lamberti']",Casa Giulietta,"['Centro Fotografia', 'Sighseeing', 'Museo Conte', 'Museo Radio', 'Palazzo della Ragione']",Teatro Romano,strategy_nearest,False,0.001500844955444336,success
04E62C3A9C4C80,0,['Arena'],Casa Giulietta,"['Centro Fotografia', 'Sighseeing', 'Torre Lamberti', 'Museo Conte', 'Museo Radio']",Santa Anastasia,strategy_nearest,False,0.0032820701599121094,success
04E62C429C4C80,0,['Arena'],Castelvecchio,"['Museo Lapidario', 'Verona Tour', 'Museo Radio', 'San Zeno', 'Sighseeing']",Casa Giulietta,strategy_nearest,False,0.0026481151580810547,success
04E6263A9C4C80,3,"['Duomo', 'Casa Giulietta']",Castelvecchio,"['Museo Lapidario', 'Verona Tour', 'Arena', 'Museo Radio', 'San Zeno']",Arena,strategy_nearest,True,0.0034172534942626953,success
04E6343A9C4C80,3,['Arena'],Santa Anastasia,"['AMO', 'Museo Conte', 'Palazzo della Ragione', 'Teatro Romano', 'Centro Fotografia']",Duomo,strategy_nearest,False,0.0015599727630615234,success
04E62E3A9C4C80,0,"['Casa Giulietta', 'Torre Lamberti']",Torre Lamberti,"['Sighseeing', 'Centro Fotografia', 'Museo Conte', 'Palazzo della Ragione', 'AMO']",Arena,strategy_nearest,False,0.0028312206268310547,success
04E638429C4C80,3,"['Arena', 'Casa Giulietta', 'Museo Lapidario', 'Castelvecchio']",Santa Anastasia,"['AMO', 'Museo Conte', 'Palazzo della Ragione', 'Teatro Romano', 'Centro Fotografia']",Teatro Romano,strategy_nearest,True,0.002107858657836914,success
04E6413A9C4C80,0,"['Tomba Giulietta', 'Arena']",Casa Giulietta,"['Centro Fotografia', 'Sighseeing', 'Torre Lamberti', 'Museo Conte', 'Museo Radio']",Santa Anastasia,strategy_nearest,False,0.003412961959838867,success
04E645429C4C80,3,"['Torre Lamberti', 'Arena', 'Casa Giulietta', 'Castelvecchio']",Santa Anastasia,"['AMO', 'Museo Conte', 'Palazzo della Ragione', 'Teatro Romano', 'Centro Fotografia']",San Fermo,strategy_nearest,False,0.0018298625946044922,success
04E64A429C4C80,0,['Arena'],Castelvecchio,"['Museo Lapidario', 'Verona Tour', 'Museo Radio', 'San Zeno', 'Sighseeing']",Torre Lamberti,strategy_nearest,False,0.0036220550537109375,success
04E652429C4C80,0,"['Arena', 'Casa Giulietta']",Duomo,"['AMO', 'Museo Miniscalchi', 'Santa Anastasia', 'Teatro Romano', 'Palazzo della Ragione']",Teatro Romano,strategy_nearest,True,0.0019068717956542969,success
04E6433A9C4C80,3,"['Duomo', 'Torre Lamberti']",Arena,"['Verona Tour', 'Museo Lapidario', 'Museo Radio', 'San Fermo', 'Casa Giulietta']",San Zeno,strategy_nearest,False,0.0036449432373046875,success
04E669429C4C80,3,"['Arena', 'Torre Lamberti', 'Santa Anastasia']",Teatro Romano,"['Duomo', 'AMO', 'Palazzo della Ragione', 'Museo Conte', 'Centro Fotografia']",Duomo,strategy_nearest,True,0.001809835433959961,success
04E657429C4C80,2,['Casa Giulietta'],Torre Lamberti,"['Sighseeing', 'Centro Fotografia', 'Museo Conte', 'Palazzo della Ragione', 'AMO']",Castelvecchio,strategy_nearest,False,0.0035238265991210938,success
04E668429C4C80,3,"['Torre Lamberti', 'Santa Anastasia', 'Duomo']",San Fermo,"['Museo Storia', 'Museo Radio', 'Casa Giulietta', 'Centro Fotografia', 'Arena']",Museo Storia,strategy_nearest,True,0.0026450157165527344,success
04E671429C4C80,2,"['Museo Storia', 'San Fermo']",Santa Anastasia,"['AMO', 'Museo Conte', 'Palazzo della Ragione', 'Teatro Romano', 'Centro Fotografia']",San Zeno,strategy_nearest,False,0.003264904022216797,success
04E67F429C4C80,1,['Castelvecchio'],Palazzo della Ragione,"['AMO', 'Museo Conte', 'Torre Lamberti', 'Centro Fotografia', 'Sighseeing']",Casa Giulietta,strategy_nearest,False,0.002385854721069336,success
04E683429C4C80,0,['Arena'],Casa Giulietta,"['Centro Fotografia', 'Sighseeing', 'Torre Lamberti', 'Museo Conte', 'Museo Radio']",Museo Lapidario,strategy_nearest,False,0.002579927444458008,success
04E6853A9C4C80,3,"['Arena', 'Casa Giulietta']",Torre Lamberti,"['Sighseeing', 'Centro Fotografia', 'Museo Conte', 'Palazzo della Ragione', 'AMO']",Santa Anastasia,strategy_nearest,False,0.0030410289764404297,success
04E6813A9C4C80,0,['Arena'],Casa Giulietta,"['Centro Fotografia', 'Sighseeing', 'Torre Lamberti', 'Museo Conte', 'Museo Radio']",Torre Lamberti,strategy_nearest,True,0.0035872459411621094,success
04E6844A9C4C80,0,['Arena'],Torre Lamberti,"['Sighseeing', 'Centro Fotografia', 'Museo Conte', 'Casa Giulietta', 'Palazzo della Ragione']",Casa Giulietta,strategy_nearest,True,0.0025827884674072266,success
04E6874A9C4C80,2,"['Casa Giulietta', 'Giardino Giusti']",Teatro Romano,"['Santa Anastasia', 'Duomo', 'AMO', 'Palazzo della Ragione', 'Museo Conte']",Torre Lamberti,strategy_nearest,False,0.002129793167114258,success
04E68F3A9C4C80,3,['Castelvecchio'],Santa Anastasia,"['AMO', 'Museo Conte', 'Palazzo della Ragione', 'Teatro Romano', 'Centro Fotografia']",Duomo,strategy_nearest,False,0.0033919811248779297,success
04E6864A9C4C80,1,"['Arena', 'Torre Lamberti']",Palazzo della Ragione,"['AMO', 'Museo Conte', 'Centro Fotografia', 'Sighseeing', 'Santa Anastasia']",Casa Giulietta,strategy_nearest,False,0.0025298595428466797,success
04E6954A9C4C80,1,['Torre Lamberti'],Palazzo della Ragione,"['AMO', 'Museo Conte', 'Centro Fotografia', 'Sighseeing', 'Santa Anastasia']",Casa Giulietta,strategy_nearest,False,0.0027539730072021484,success
04E6A94A9C4C80,1,"['Arena', 'Torre Lamberti']",Casa Giulietta,"['Centro Fotografia', 'Sighseeing', 'Museo Conte', 'Museo Radio', 'Palazzo della Ragione']",Palazzo della Ragione,strategy_nearest,True,0.002657175064086914,success
04E69F429C4C80,0,['Arena'],Casa Giulietta,"['Centro Fotografia', 'Sighseeing', 'Torre Lamberti', 'Museo Conte', 'Museo Radio']",Torre Lamberti,strategy_nearest,True,0.0021848678588867188,success
04E6B83A9C4C80,6,"['Arena', 'Museo Lapidario']",Duomo,"['AMO', 'Museo Miniscalchi', 'Santa Anastasia', 'Teatro Romano', 'Palazzo della Ragione']",Castelvecchio,strategy_nearest,False,0.00327301025390625,success
04E6A9429C4C80,3,"['Torre Lamberti', 'Santa Anastasia']",Duomo,"['AMO', 'Museo Miniscalchi', 'Teatro Romano', 'Palazzo della Ragione', 'Museo Conte']",Casa Giulietta,strategy_nearest,False,0.0015306472778320312,success
04E6B93A9C4C80,0,['Arena'],Casa Giulietta,"['Centro Fotografia', 'Sighseeing', 'Torre Lamberti', 'Museo Conte', 'Museo Radio']",Torre Lamberti,strategy_nearest,True,0.0027730464935302734,success
04E6BB3A9C4C80,0,['Arena'],Museo Lapidario,"['Verona Tour', 'Castelvecchio', 'Museo Radio', 'San Fermo', 'Casa Giulietta']",Casa Giulietta,strategy_nearest,True,0.0026769638061523438,success
04E6BA3A9C4C80,3,"['Arena', 'San Fermo', 'Casa Giulietta']",Torre Lamberti,"['Sighseeing', 'Centro Fotografia', 'Museo Conte', 'Palazzo della Ragione', 'AMO']",Santa Anastasia,strategy_nearest,False,0.002000093460083008,success
04E6BB429C4C80,0,['Arena'],Casa Giulietta,"['Centro Fotografia', 'Sighseeing', 'Torre Lamberti', 'Museo Conte', 'Museo Radio']",Torre Lamberti,strategy_nearest,True,0.003312826156616211,success
04E6BE3A9C4C80,2,"['San Fermo', 'Casa Giulietta']",Torre Lamberti,"['Sighseeing', 'Centro Fotografia', 'Museo Conte', 'Palazzo della Ragione', 'AMO']",Santa Anastasia,strategy_nearest,False,0.002644062042236328,success
04E6C0429C4C80,0,"['Arena', 'Museo Lapidario']",Casa Giulietta,"['Centro Fotografia', 'Sighseeing', 'Torre Lamberti', 'Museo Conte', 'Museo Radio']",Santa Anastasia,strategy_nearest,False,0.0020210742950439453,success
04E6C33A9C4C80,0,['Arena'],Torre Lamberti,"['Sighseeing', 'Centro Fotografia', 'Museo Conte', 'Casa Giulietta', 'Palazzo della Ragione']",Castelvecchio,strategy_nearest,False,0.002726316452026367,success
04E6C53A9C4C80,0,"['Arena', 'Casa Giulietta']",Torre Lamberti,"['Sighseeing', 'Centro Fotografia', 'Museo Conte', 'Palazzo della Ragione', 'AMO']",Teatro Romano,strategy_nearest,False,0.003339052200317383,success
04E6E33A9C4C80,3,['Arena'],Torre Lamberti,"['Sighseeing', 'Centro Fotografia', 'Museo Conte', 'Casa Giulietta', 'Palazzo della Ragione']",Santa Anastasia,strategy_nearest,False,0.0020301342010498047,success
04E6F33A9C4C80,1,"['San Zeno', 'Castelvecchio', 'Arena', 'Torre Lamberti']",Palazzo della Ragione,"['AMO', 'Museo Conte', 'Centro Fotografia', 'Sighseeing', 'Santa Anastasia']",Santa Anastasia,strategy_nearest,True,0.0032639503479003906,success
04E6C93A9C4C80,2,"['Casa Giulietta', 'Torre Lamberti']",Palazzo della Ragione,"['AMO', 'Museo Conte', 'Centro Fotografia', 'Sighseeing', 'Santa Anastasia']",Castelvecchio,strategy_nearest,False,0.003493070602416992,success
04E6CA3A9C4C80,1,"['Arena', 'Torre Lamberti', 'Palazzo della Ragione', 'Castelvecchio']",Teatro Romano,"['Santa Anastasia', 'Duomo', 'AMO', 'Museo Conte', 'Centro Fotografia']",Giardino Giusti,strategy_nearest,False,0.002135038375854492,success
04E719429C4C80,1,['Torre Lamberti'],Palazzo della Ragione,"['AMO', 'Museo Conte', 'Centro Fotografia', 'Sighseeing', 'Santa Anastasia']",Giardino Giusti,strategy_nearest,False,0.0018939971923828125,success
04E7163A9C4C84,1,"['Arena', 'Castelvecchio', 'San Zeno']",Santa Anastasia,"['AMO', 'Museo Conte', 'Palazzo della Ragione', 'Teatro Romano', 'Centro Fotografia']",Casa Giulietta,strategy_nearest,False,0.0024182796478271484,success
04E718429C4C80,3,"['Arena', 'Giardino Giusti']",San Fermo,"['Museo Storia', 'Museo Radio', 'Casa Giulietta', 'Centro Fotografia', 'Sighseeing']",Santa Anastasia,strategy_nearest,False,0.0027799606323242188,success
04E71B3A9C4C84,0,"['Casa Giulietta', 'Castelvecchio']",Arena,"['Verona Tour', 'Museo Lapidario', 'Museo Radio', 'San Fermo', 'Sighseeing']",Casa Giulietta,strategy_nearest,False,0.0034198760986328125,success
04E7203A9C4C84,3,"['Castelvecchio', 'Santa Anastasia']",Duomo,"['AMO', 'Museo Miniscalchi', 'Teatro Romano', 'Palazzo della Ragione', 'Museo Conte']",Casa Giulietta,strategy_nearest,False,0.003016233444213867,success
04E7203A9C4C80,3,['Arena'],Duomo,"['AMO', 'Museo Miniscalchi', 'Santa Anastasia', 'Teatro Romano', 'Palazzo della Ragione']",Teatro Romano,strategy_nearest,True,0.0026319026947021484,success
04E7303A9C4C80,3,"['Arena', 'Casa Giulietta']",Torre Lamberti,"['Sighseeing', 'Centro Fotografia', 'Museo Conte', 'Palazzo della Ragione', 'AMO']",Santa Anastasia,strategy_nearest,False,0.0024602413177490234,success
04E7364A9C4C80,0,['Arena'],Tomba Giulietta,"['San Fermo', 'Museo Storia', 'Museo Lapidario', 'Museo Radio', 'Verona Tour']",Castelvecchio,strategy_nearest,False,0.001859903335571289,success
04E739429C4C80,1,"['Casa Giulietta', 'Arena', 'Tomba Giulietta']",San Zeno,"['Castelvecchio', 'Verona Tour', 'Museo Lapidario', 'Museo Miniscalchi', 'Sighseeing']",Castelvecchio,strategy_nearest,True,0.002722024917602539,success
04E745429C4C80,1,"['Arena', 'Torre Lamberti']",Palazzo della Ragione,"['AMO', 'Museo Conte', 'Centro Fotografia', 'Sighseeing', 'Santa Anastasia']",Teatro Romano,strategy_nearest,False,0.0031402111053466797,success
04E747429C4C80,1,"['San Fermo', 'Museo Storia', 'Teatro Romano', 'Duomo']",Santa Anastasia,"['AMO', 'Museo Conte', 'Palazzo della Ragione', 'Centro Fotografia', 'Torre Lamberti']",Torre Lamberti,strategy_nearest,True,0.003184795379638672,success
04E755429C4C80,3,"['Arena', 'Casa Giulietta']",Torre Lamberti,"['Sighseeing', 'Centro Fotografia', 'Museo Conte', 'Palazzo della Ragione', 'AMO']",Santa Anastasia,strategy_nearest,False,0.0031709671020507812,success
04E75F429C4C80,0,['Casa Giulietta'],Santa Anastasia,"['AMO', 'Museo Conte', 'Palazzo della Ragione', 'Teatro Romano', 'Centro Fotografia']",Arena,strategy_nearest,False,0.0026199817657470703,success
04E768429C4C80,1,"['Arena', 'Casa Giulietta']",Palazzo della Ragione,"['AMO', 'Museo Conte', 'Torre Lamberti', 'Centro Fotografia', 'Sighseeing']",Santa Anastasia,strategy_nearest,False,0.0027790069580078125,success
04E76B3A9C4C80,3,"['Arena', 'Torre Lamberti']",Santa Anastasia,"['AMO', 'Museo Conte', 'Palazzo della Ragione', 'Teatro Romano', 'Centro Fotografia']",Casa Giulietta,strategy_nearest,False,0.003175020217895508,success
04E7713A9C4C80,3,"['Arena', 'Casa Giulietta']",Torre Lamberti,"['Sighseeing', 'Centro Fotografia', 'Museo Conte', 'Palazzo della Ragione', 'AMO']",Santa Anastasia,strategy_nearest,False,0.0039479732513427734,success
04E776429C4C80,0,['Duomo'],Torre Lamberti,"['Sighseeing', 'Centro Fotografia', 'Museo Conte', 'Casa Giulietta', 'Palazzo della Ragione']",Arena,strategy_nearest,False,0.0017642974853515625,success
04E77C429C4C80,3,"['Arena', 'Casa Giulietta']",Torre Lamberti,"['Sighseeing', 'Centro Fotografia', 'Museo Conte', 'Palazzo della Ragione', 'AMO']",Santa Anastasia,strategy_nearest,False,0.002830982208251953,success
04E77C4A9C4C80,1,"['Tomba Giulietta', 'Arena']",Casa Giulietta,"['Centro Fotografia', 'Sighseeing', 'Torre Lamberti', 'Museo Conte', 'Museo Radio']",Torre Lamberti,strategy_nearest,True,0.003486156463623047,success
04E7823A9C4C80,0,['Arena'],Museo Lapidario,"['Verona Tour', 'Castelvecchio', 'Museo Radio', 'San Fermo', 'Casa Giulietta']",Duomo,strategy_nearest,False,0.0044591426849365234,success
04E784429C4C80,1,['Castelvecchio'],Palazzo della Ragione,"['AMO', 'Museo Conte', 'Torre Lamberti', 'Centro Fotografia', 'Sighseeing']",Casa Giulietta,strategy_nearest,False,0.002665996551513672,success
04E7853A9C4C80,3,"['Arena', 'San Zeno']",Duomo,"['AMO', 'Museo Miniscalchi', 'Santa Anastasia', 'Teatro Romano', 'Palazzo della Ragione']",Torre Lamberti,strategy_nearest,False,0.0027189254760742188,success
04E7863A9C4C80,0,['Arena'],Casa Giulietta,"['Centro Fotografia', 'Sighseeing', 'Torre Lamberti', 'Museo Conte', 'Museo Radio']",Castelvecchio,strategy_nearest,False,0.003493070602416992,success
04E7864A9C4C80,0,['Arena'],Museo Lapidario,"['Verona Tour', 'Castelvecchio', 'Museo Radio', 'San Fermo', 'Casa Giulietta']",Castelvecchio,strategy_nearest,True,0.002969026565551758,success
04E793429C4C80,1,"['Arena', 'Palazzo della Ragione']",Torre Lamberti,"['Sighseeing', 'Centro Fotografia', 'Museo Conte', 'Casa Giulietta', 'AMO']",Casa Giulietta,strategy_nearest,True,0.0027818679809570312,success
04E7884A9C4C80,3,"['Arena', 'Torre Lamberti']",Santa Anastasia,"['AMO', 'Museo Conte', 'Palazzo della Ragione', 'Teatro Romano', 'Centro Fotografia']",Castelvecchio,strategy_nearest,False,0.0023069381713867188,success
04E79D429C4C80,3,"['Arena', 'Castelvecchio']",Santa Anastasia,"['AMO', 'Museo Conte', 'Palazzo della Ragione', 'Teatro Romano', 'Centro Fotografia']",Duomo,strategy_nearest,False,0.0028460025787353516,success
04E79A429C4C80,0,['Arena'],Duomo,"['AMO', 'Museo Miniscalchi', 'Santa Anastasia', 'Teatro Romano', 'Palazzo della Ragione']",Torre Lamberti,strategy_nearest,False,0.0046749114990234375,success
04E7A93A9C4C80,3,"['Arena', 'Castelvecchio', 'Casa Giulietta']",Giardino Giusti,"['Santa Anastasia', 'Teatro Romano', 'Museo Conte', 'Centro Fotografia', 'Museo Storia']",San Fermo,strategy_nearest,False,0.0031991004943847656,success
04E79C429C4C80,2,['Castelvecchio'],Casa Giulietta,"['Centro Fotografia', 'Sighseeing', 'Torre Lamberti', 'Museo Conte', 'Museo Radio']",Torre Lamberti,strategy_nearest,True,0.0016388893127441406,success
04E7A94A9C4C80,0,"['Museo Lapidario', 'Arena']",Castelvecchio,"['Verona Tour', 'Museo Radio', 'San Zeno', 'Sighseeing', 'Museo Miniscalchi']",Torre Lamberti,strategy_nearest,False,0.0018088817596435547,success
04E7AA4A9C4C80,0,['Arena'],Casa Giulietta,"['Centro Fotografia', 'Sighseeing', 'Torre Lamberti', 'Museo Conte', 'Museo Radio']",Torre Lamberti,strategy_nearest,True,0.0027642250061035156,success
04E7AC3A9C4C80,1,"['Arena', 'Casa Giulietta']",Torre Lamberti,"['Sighseeing', 'Centro Fotografia', 'Museo Conte', 'Palazzo della Ragione', 'AMO']",Palazzo della Ragione,strategy_nearest,True,0.002767801284790039,success
04E7B23A9C4C80,1,"['Arena', 'Casa Giulietta']",Torre Lamberti,"['Sighseeing', 'Centro Fotografia', 'Museo Conte', 'Palazzo della Ragione', 'AMO']",Palazzo della Ragione,strategy_nearest,True,0.0022919178009033203,success
04E7B1429C4C80,0,['Arena'],Casa Giulietta,"['Centro Fotografia', 'Sighseeing', 'Torre Lamberti', 'Museo Conte', 'Museo Radio']",Duomo,strategy_nearest,False,0.003239870071411133,success
04E7BD429C4C80,3,['Arena'],Casa Giulietta,"['Centro Fotografia', 'Sighseeing', 'Torre Lamberti', 'Museo Conte', 'Museo Radio']",Santa Anastasia,strategy_nearest,False,0.003403902053833008,success
04E7BC3A9C4C80,0,['Arena'],Casa Giulietta,"['Centro Fotografia', 'Sighseeing', 'Torre Lamberti', 'Museo Conte', 'Museo Radio']",Santa Anastasia,strategy_nearest,False,0.002620220184326172,success
04E7BE3A9C4C80,0,"['Arena', 'Casa Giulietta']",Castelvecchio,"['Museo Lapidario', 'Verona Tour', 'Museo Radio', 'San Zeno', 'Sighseeing']",Torre Lamberti,strategy_nearest,False,0.0021309852600097656,success
04E7C0429C4C80,0,"['Arena', 'Castelvecchio']",Casa Giulietta,"['Centro Fotografia', 'Sighseeing', 'Torre Lamberti', 'Museo Conte', 'Museo Radio']",Museo Storia,strategy_nearest,False,0.003203153610229492,success
04E7C13A9C4C80,0,['Tomba Giulietta'],Arena,"['Verona Tour', 'Museo Lapidario', 'Museo Radio', 'San Fermo', 'Casa Giulietta']",Casa Giulietta,strategy_nearest,True,0.0027129650115966797,success
04E7C43A9C4C80,3,"['Arena', 'Casa Giulietta']",Torre Lamberti,"['Sighseeing', 'Centro Fotografia', 'Museo Conte', 'Palazzo della Ragione', 'AMO']",Santa Anastasia,strategy_nearest,False,0.0019609928131103516,success
04E7D23A9C4C80,2,"['Castelvecchio', 'Santa Anastasia']",Duomo,"['AMO', 'Museo Miniscalchi', 'Teatro Romano', 'Palazzo della Ragione', 'Museo Conte']",Duomo,strategy_nearest,False,0.0033969879150390625,success
04E7D43A9C4C80,0,['Arena'],Casa Giulietta,"['Centro Fotografia', 'Sighseeing', 'Torre Lamberti', 'Museo Conte', 'Museo Radio']",Castelvecchio,strategy_nearest,False,0.0026857852935791016,success
04E7E33A9C4C80,3,"['Torre Lamberti', 'San Fermo', 'Arena']",Santa Anastasia,"['AMO', 'Museo Conte', 'Palazzo della Ragione', 'Teatro Romano', 'Centro Fotografia']",Castelvecchio,strategy_nearest,False,0.0025207996368408203,success
04E8123A9C4C84,1,"['Arena', 'Casa Giulietta']",Torre Lamberti,"['Sighseeing', 'Centro Fotografia', 'Museo Conte', 'Palazzo della Ragione', 'AMO']",Palazzo della Ragione,strategy_nearest,True,0.002688884735107422,success
04E7EC3A9C4C80,3,"['Torre Lamberti', 'Duomo']",Arena,"['Verona Tour', 'Museo Lapidario', 'Museo Radio', 'San Fermo', 'Casa Giulietta']",Castelvecchio,strategy_nearest,False,0.002621889114379883,success
04E81A429C4C80,1,['Palazzo della Ragione'],Casa Giulietta,"['Centro Fotografia', 'Sighseeing', 'Torre Lamberti', 'Museo Conte', 'Museo Radio']",Arena,strategy_nearest,False,0.0023827552795410156,success
04E81F3A9C4C80,3,"['Castelvecchio', 'Arena', 'Casa Giulietta']",Torre Lamberti,"['Sighseeing', 'Centro Fotografia', 'Museo Conte', 'Palazzo della Ragione', 'AMO']",Duomo,strategy_nearest,False,0.0022230148315429688,success
04E8163A9C4C84,0,['Torre Lamberti'],Casa Giulietta,"['Centro Fotografia', 'Sighseeing', 'Museo Conte', 'Museo Radio', 'Palazzo della Ragione']",Arena,strategy_nearest,False,0.0037817955017089844,success
04E821429C4C80,3,"['Arena', 'Casa Giulietta', 'Teatro Romano', 'Torre Lamberti']",Duomo,"['AMO', 'Museo Miniscalchi', 'Santa Anastasia', 'Palazzo della Ragione', 'Museo Conte']",Tomba Giulietta,strategy_nearest,False,0.0028061866760253906,success
04E82F429C4C80,0,['Arena'],Castelvecchio,"['Museo Lapidario', 'Verona Tour', 'Museo Radio', 'San Zeno', 'Sighseeing']",Casa Giulietta,strategy_nearest,False,0.0024940967559814453,success
04E82A3A9C4C80,0,['Giardino Giusti'],Arena,"['Verona Tour', 'Museo Lapidario', 'Museo Radio', 'San Fermo', 'Casa Giulietta']",San Zeno,strategy_nearest,False,0.002650022506713867,success
04E83D3A9C4C80,3,"['San Zeno', 'Castelvecchio', 'Arena']",Tomba Giulietta,"['San Fermo', 'Museo Storia', 'Museo Lapidario', 'Museo Radio', 'Verona Tour']",Duomo,strategy_nearest,False,0.0032820701599121094,success
04E83D429C4C80,2,"['Casa Giulietta', 'Tomba Giulietta']",Giardino Giusti,"['Santa Anastasia', 'Teatro Romano', 'Museo Conte', 'Centro Fotografia', 'Museo Storia']",Castelvecchio,strategy_nearest,False,0.0019099712371826172,success
04E8334A9C4C80,1,"['Arena', 'Casa Giulietta', 'Palazzo della Ragione']",Teatro Romano,"['Santa Anastasia', 'Duomo', 'AMO', 'Museo Conte', 'Centro Fotografia']",Torre Lamberti,strategy_nearest,False,0.00347900390625,success
04E83F429C4C80,0,['Arena'],Casa Giulietta,"['Centro Fotografia', 'Sighseeing', 'Torre Lamberti', 'Museo Conte', 'Museo Radio']",Castelvecchio,strategy_nearest,False,0.0032029151916503906,success
04E8433A9C4C80,0,['Arena'],Casa Giulietta,"['Centro Fotografia', 'Sighseeing', 'Torre Lamberti', 'Museo Conte', 'Museo Radio']",Santa Anastasia,strategy_nearest,False,0.001806020736694336,success
04E850429C4C80,0,['Arena'],Castelvecchio,"['Museo Lapidario', 'Verona Tour', 'Museo Radio', 'San Zeno', 'Sighseeing']",Duomo,strategy_nearest,False,0.0024728775024414062,success
04E84E429C4C80,3,"['Arena', 'Casa Giulietta', 'Torre Lamberti']",Santa Anastasia,"['AMO', 'Museo Conte', 'Palazzo della Ragione', 'Teatro Romano', 'Centro Fotografia']",Duomo,strategy_nearest,False,0.0032520294189453125,success
04E84E3A9C4C80,1,"['Arena', 'Casa Giulietta']",Palazzo della Ragione,"['AMO', 'Museo Conte', 'Torre Lamberti', 'Centro Fotografia', 'Sighseeing']",Santa Anastasia,strategy_nearest,False,0.0026979446411132812,success
04E854429C4C80,0,"['Arena', 'Casa Giulietta']",San Fermo,"['Museo Storia', 'Museo Radio', 'Centro Fotografia', 'Sighseeing', 'Torre Lamberti']",Museo Storia,strategy_nearest,True,0.001558065414428711,success
04E8513A9C4C80,1,['Arena'],Casa Giulietta,"['Centro Fotografia', 'Sighseeing', 'Torre Lamberti', 'Museo Conte', 'Museo Radio']",Palazzo della Ragione,strategy_nearest,False,0.0040547847747802734,success
04E859429C4C80,1,"['Arena', 'Casa Giulietta']",Palazzo della Ragione,"['AMO', 'Museo Conte', 'Torre Lamberti', 'Centro Fotografia', 'Sighseeing']",Torre Lamberti,strategy_nearest,True,0.0020918846130371094,success
04E856429C4C80,2,"['Castelvecchio', 'Palazzo della Ragione', 'Torre Lamberti']",Casa Giulietta,"['Centro Fotografia', 'Sighseeing', 'Museo Conte', 'Museo Radio', 'San Fermo']",Giardino Giusti,strategy_nearest,False,0.0034439563751220703,success
04E876429C4C80,3,"['Arena', 'Castelvecchio', 'Santa Anastasia']",Duomo,"['AMO', 'Museo Miniscalchi', 'Teatro Romano', 'Palazzo della Ragione', 'Museo Conte']",Torre Lamberti,strategy_nearest,False,0.0032758712768554688,success
04E871429C4C80,0,['Casa Giulietta'],Castelvecchio,"['Museo Lapidario', 'Verona Tour', 'Arena', 'Museo Radio', 'San Zeno']",Arena,strategy_nearest,True,0.0028128623962402344,success
04E86D3A9C4C80,1,"['Arena', 'Casa Giulietta', 'Torre Lamberti']",Palazzo della Ragione,"['AMO', 'Museo Conte', 'Centro Fotografia', 'Sighseeing', 'Santa Anastasia']",San Fermo,strategy_nearest,False,0.001987934112548828,success
04E87B4A9C4C80,0,"['Torre Lamberti', 'Castelvecchio']",San Zeno,"['Verona Tour', 'Museo Lapidario', 'Arena', 'Museo Miniscalchi', 'Sighseeing']",Giardino Giusti,strategy_nearest,False,0.0022819042205810547,success
04E87D3A9C4C80,1,"['Arena', 'Castelvecchio']",Palazzo della Ragione,"['AMO', 'Museo Conte', 'Torre Lamberti', 'Centro Fotografia', 'Sighseeing']",Torre Lamberti,strategy_nearest,True,0.0021409988403320312,success
04E87D4A9C4C80,3,"['Arena', 'Casa Giulietta']",Torre Lamberti,"['Sighseeing', 'Centro Fotografia', 'Museo Conte', 'Palazzo della Ragione', 'AMO']",Santa Anastasia,strategy_nearest,False,0.001524209976196289,success
04E8823A9C4C80,0,['Arena'],Torre Lamberti,"['Sighseeing', 'Centro Fotografia', 'Museo Conte', 'Casa Giulietta', 'Palazzo della Ragione']",Casa Giulietta,strategy_nearest,True,0.0027620792388916016,success
04E8864A9C4C80,3,"['Santa Anastasia', 'Torre Lamberti']",Casa Giulietta,"['Centro Fotografia', 'Sighseeing', 'Museo Conte', 'Museo Radio', 'Palazzo della Ragione']",Duomo,strategy_nearest,False,0.003306865692138672,success
04E88B3A9C4C80,2,['Castelvecchio'],Casa Giulietta,"['Centro Fotografia', 'Sighseeing', 'Torre Lamberti', 'Museo Conte', 'Museo Radio']",Torre Lamberti,strategy_nearest,True,0.0024521350860595703,success
04E88D3A9C4C80,3,"['Arena', 'Casa Giulietta']",Torre Lamberti,"['Sighseeing', 'Centro Fotografia', 'Museo Conte', 'Palazzo della Ragione', 'AMO']",Santa Anastasia,strategy_nearest,False,0.002538919448852539,success
04E899429C4C80,1,"['Arena', 'Casa Giulietta']",Torre Lamberti,"['Sighseeing', 'Centro Fotografia', 'Museo Conte', 'Palazzo della Ragione', 'AMO']",Palazzo della Ragione,strategy_nearest,True,0.002501964569091797,success
04E89F429C4C80,3,"['Teatro Romano', 'Duomo', 'Santa Anastasia']",Torre Lamberti,"['Sighseeing', 'Centro Fotografia', 'Museo Conte', 'Casa Giulietta', 'Palazzo della Ragione']",Arena,strategy_nearest,False,0.003200054168701172,success
04E8A94A9C4C80,3,"['Arena', 'Castelvecchio']",Santa Anastasia,"['AMO', 'Museo Conte', 'Palazzo della Ragione', 'Teatro Romano', 'Centro Fotografia']",Teatro Romano,strategy_nearest,True,0.0019550323486328125,success
04E8AF3A9C4C80,1,"['Arena', 'Torre Lamberti']",Palazzo della Ragione,"['AMO', 'Museo Conte', 'Centro Fotografia', 'Sighseeing', 'Santa Anastasia']",Santa Anastasia,strategy_nearest,True,0.002699136734008789,success
04E8AE3A9C4C80,3,"['Torre Lamberti', 'Santa Anastasia']",Duomo,"['AMO', 'Museo Miniscalchi', 'Teatro Romano', 'Palazzo della Ragione', 'Museo Conte']",Castelvecchio,strategy_nearest,False,0.0025911331176757812,success
04E8B3429C4C80,0,['Castelvecchio'],Arena,"['Verona Tour', 'Museo Lapidario', 'Museo Radio', 'San Fermo', 'Casa Giulietta']",Torre Lamberti,strategy_nearest,False,0.002404928207397461,success
04E8B0429C4C80,0,"['Castelvecchio', 'Arena']",Casa Giulietta,"['Centro Fotografia', 'Sighseeing', 'Torre Lamberti', 'Museo Conte', 'Museo Radio']",Torre Lamberti,strategy_nearest,True,0.0032279491424560547,success
04E8C13A9C4C80,1,['Torre Lamberti'],Palazzo della Ragione,"['AMO', 'Museo Conte', 'Centro Fotografia', 'Sighseeing', 'Santa Anastasia']",Casa Giulietta,strategy_nearest,False,0.002376079559326172,success
04E8B73A9C4C80,3,['Arena'],Torre Lamberti,"['Sighseeing', 'Centro Fotografia', 'Museo Conte', 'Casa Giulietta', 'Palazzo della Ragione']",Santa Anastasia,strategy_nearest,False,0.0017881393432617188,success
04E8DD429C4C80,3,['Casa Giulietta'],Santa Anastasia,"['AMO', 'Museo Conte', 'Palazzo della Ragione', 'Teatro Romano', 'Centro Fotografia']",Arena,strategy_nearest,False,0.003964900970458984,success
04E8CC3A9C4C80,0,['Casa Giulietta'],Arena,"['Verona Tour', 'Museo Lapidario', 'Museo Radio', 'San Fermo', 'Sighseeing']",Tomba Giulietta,strategy_nearest,False,0.0036780834197998047,success
04E8EA3A9C4C80,0,['Casa Giulietta'],Arena,"['Verona Tour', 'Museo Lapidario', 'Museo Radio', 'San Fermo', 'Sighseeing']",Castelvecchio,strategy_nearest,False,0.0033240318298339844,success
04E8E63A9C4C80,3,"['Arena', 'Museo Lapidario', 'Santa Anastasia']",Torre Lamberti,"['Sighseeing', 'Centro Fotografia', 'Museo Conte', 'Casa Giulietta', 'Palazzo della Ragione']",Casa Giulietta,strategy_nearest,True,0.0013451576232910156,success
04E906429C4C84,1,"['Teatro Romano', 'Duomo', 'Castelvecchio']",Arena,"['Verona Tour', 'Museo Lapidario', 'Museo Radio', 'San Fermo', 'Casa Giulietta']",Casa Giulietta,strategy_nearest,True,0.0019838809967041016,success
04E91C3A9C4C80,1,"['Arena', 'Casa Giulietta', 'Castelvecchio', 'San Zeno']",Torre Lamberti,"['Sighseeing', 'Centro Fotografia', 'Museo Conte', 'Palazzo della Ragione', 'AMO']",Palazzo della Ragione,strategy_nearest,True,0.002727985382080078,success
04E9214A9C4C80,1,"['Casa Giulietta', 'Palazzo della Ragione', 'Torre Lamberti']",Santa Anastasia,"['AMO', 'Museo Conte', 'Teatro Romano', 'Centro Fotografia', 'Duomo']",Arena,strategy_nearest,False,0.002074003219604492,success
04E92F429C4C80,3,"['Arena', 'Casa Giulietta', 'Torre Lamberti']",Santa Anastasia,"['AMO', 'Museo Conte', 'Palazzo della Ragione', 'Teatro Romano', 'Centro Fotografia']",San Zeno,strategy_nearest,False,0.003185272216796875,success
04E92F4A9C4C80,1,"['Arena', 'Casa Giulietta']",Torre Lamberti,"['Sighseeing', 'Centro Fotografia', 'Museo Conte', 'Palazzo della Ragione', 'AMO']",Palazzo della Ragione,strategy_nearest,True,0.002483844757080078,success
04E9364A9C4C80,0,"['Torre Lamberti', 'Arena']",Teatro Romano,"['Santa Anastasia', 'Duomo', 'AMO', 'Palazzo della Ragione', 'Museo Conte']",Casa Giulietta,strategy_nearest,False,0.0024118423461914062,success
04E9354A9C4C80,1,"['Arena', 'Giardino Giusti', 'San Fermo', 'Castelvecchio', 'Santa Anastasia']",Duomo,"['AMO', 'Museo Miniscalchi', 'Teatro Romano', 'Palazzo della Ragione', 'Museo Conte']",Torre Lamberti,strategy_nearest,False,0.0030999183654785156,success
04E933429C4C80,1,"['Arena', 'Torre Lamberti']",Palazzo della Ragione,"['AMO', 'Museo Conte', 'Centro Fotografia', 'Sighseeing', 'Santa Anastasia']",Santa Anastasia,strategy_nearest,True,0.0027511119842529297,success
04E9373A9C4C80,3,"['Arena', 'Casa Giulietta']",Santa Anastasia,"['AMO', 'Museo Conte', 'Palazzo della Ragione', 'Teatro Romano', 'Centro Fotografia']",Duomo,strategy_nearest,False,0.003329038619995117,success
04E93E3A9C4C80,3,"['Torre Lamberti', 'Arena', 'San Fermo']",Castelvecchio,"['Museo Lapidario', 'Verona Tour', 'Museo Radio', 'San Zeno', 'Sighseeing']",San Zeno,strategy_nearest,True,0.0020401477813720703,success
04E9383A9C4C80,3,"['Duomo', 'Santa Anastasia']",Casa Giulietta,"['Centro Fotografia', 'Sighseeing', 'Torre Lamberti', 'Museo Conte', 'Museo Radio']",Arena,strategy_nearest,False,0.0026519298553466797,success
04E9423A9C4C80,3,"['San Zeno', 'Castelvecchio', 'Tomba Giulietta']",San Fermo,"['Museo Storia', 'Museo Radio', 'Casa Giulietta', 'Centro Fotografia', 'Arena']",Duomo,strategy_nearest,False,0.0031638145446777344,success
04E94B3A9C4C80,0,['Arena'],Casa Giulietta,"['Centro Fotografia', 'Sighseeing', 'Torre Lamberti', 'Museo Conte', 'Museo Radio']",Teatro Romano,strategy_nearest,False,0.0013608932495117188,success
04E952429C4C80,0,['Arena'],Castelvecchio,"['Museo Lapidario', 'Verona Tour', 'Museo Radio', 'San Zeno', 'Sighseeing']",Torre Lamberti,strategy_nearest,False,0.0025589466094970703,success
04E942429C4C80,0,['Tomba Giulietta'],Casa Giulietta,"['Centro Fotografia', 'Sighseeing', 'Torre Lamberti', 'Museo Conte', 'Museo Radio']",Torre Lamberti,strategy_nearest,True,0.0020182132720947266,success
04E9543A9C4C80,3,"['Arena', 'Duomo']",Teatro Romano,"['Santa Anastasia', 'AMO', 'Palazzo della Ragione', 'Museo Conte', 'Centro Fotografia']",Giardino Giusti,strategy_nearest,False,0.0033512115478515625,success
04E971429C4C80,1,"['Torre Lamberti', 'Palazzo della Ragione', 'Casa Giulietta']",Santa Anastasia,"['AMO', 'Museo Conte', 'Teatro Romano', 'Centro Fotografia', 'Duomo']",Arena,strategy_nearest,False,0.002124786376953125,success
04E974429C4C80,1,"['Castelvecchio', 'Arena']",Teatro Romano,"['Santa Anastasia', 'Duomo', 'AMO', 'Palazzo della Ragione', 'Museo Conte']",Casa Giulietta,strategy_nearest,False,0.002482891082763672,success
04E965429C4C80,1,"['Arena', 'Casa Giulietta', 'Palazzo della Ragione']",Torre Lamberti,"['Sighseeing', 'Centro Fotografia', 'Museo Conte', 'AMO', 'Museo Miniscalchi']",Castelvecchio,strategy_nearest,False,0.0035178661346435547,success
04E97E429C4C80,2,['Casa Giulietta'],Torre Lamberti,"['Sighseeing', 'Centro Fotografia', 'Museo Conte', 'Palazzo della Ragione', 'AMO']",Santa Anastasia,strategy_nearest,False,0.003384113311767578,success
04E980429C4C80,1,"['Arena', 'Casa Giulietta']",Torre Lamberti,"['Sighseeing', 'Centro Fotografia', 'Museo Conte', 'Palazzo della Ragione', 'AMO']",Palazzo della Ragione,strategy_nearest,True,0.0019021034240722656,success
04E9824A9C4C80,0,['Arena'],Castelvecchio,"['Museo Lapidario', 'Verona Tour', 'Museo Radio', 'San Zeno', 'Sighseeing']",Tomba Giulietta,strategy_nearest,False,0.003398895263671875,success
04E9854A9C4C80,0,['Casa Giulietta'],Arena,"['Verona Tour', 'Museo Lapidario', 'Museo Radio', 'San Fermo', 'Sighseeing']",Torre Lamberti,strategy_nearest,False,0.0026388168334960938,success
04E9883A9C4C80,1,"['Arena', 'Castelvecchio', 'Casa Giulietta']",Palazzo della Ragione,"['AMO', 'Museo Conte', 'Torre Lamberti', 'Centro Fotografia', 'Sighseeing']",Torre Lamberti,strategy_nearest,True,0.0027070045471191406,success
04E9964A9C4C80,2,"['Torre Lamberti', 'Palazzo della Ragione']",Casa Giulietta,"['Centro Fotografia', 'Sighseeing', 'Museo Conte', 'Museo Radio', 'San Fermo']",San Fermo,strategy_nearest,True,0.0026769638061523438,success
04E9873A9C4C80,3,"['Arena', 'Casa Giulietta']",Torre Lamberti,"['Sighseeing', 'Centro Fotografia', 'Museo Conte', 'Palazzo della Ragione', 'AMO']",Duomo,strategy_nearest,False,0.0026230812072753906,success
04E99E429C4C80,1,"['Arena', 'Casa Giulietta', 'Torre Lamberti']",Palazzo della Ragione,"['AMO', 'Museo Conte', 'Centro Fotografia', 'Sighseeing', 'Santa Anastasia']",Santa Anastasia,strategy_nearest,True,0.0032188892364501953,success
04E9A84A9C4C80,0,['Castelvecchio'],Casa Giulietta,"['Centro Fotografia', 'Sighseeing', 'Torre Lamberti', 'Museo Conte', 'Museo Radio']",Torre Lamberti,strategy_nearest,True,0.0015420913696289062,success
04E99F429C4C80,2,['Museo Lapidario'],Castelvecchio,"['Verona Tour', 'Arena', 'Museo Radio', 'San Zeno', 'Sighseeing']",Teatro Romano,strategy_nearest,False,0.0034017562866210938,success
04E9A53A9C4C80,3,['Torre Lamberti'],Duomo,"['AMO', 'Museo Miniscalchi', 'Santa Anastasia', 'Teatro Romano', 'Palazzo della Ragione']",Teatro Romano,strategy_nearest,True,0.0021817684173583984,success
04E9A93A9C4C80,0,['Castelvecchio'],Arena,"['Verona Tour', 'Museo Lapidario', 'Museo Radio', 'San Fermo', 'Casa Giulietta']",Casa Giulietta,strategy_nearest,True,0.0035982131958007812,success
04E9AA429C4C80,0,['Arena'],Castelvecchio,"['Museo Lapidario', 'Verona Tour', 'Museo Radio', 'San Zeno', 'Sighseeing']",Torre Lamberti,strategy_nearest,False,0.002134084701538086,success
04E9AB3A9C4C80,0,['Arena'],Torre Lamberti,"['Sighseeing', 'Centro Fotografia', 'Museo Conte', 'Casa Giulietta', 'Palazzo della Ragione']",Casa Giulietta,strategy_nearest,True,0.0027468204498291016,success
04E9AB4A9C4C80,0,['Arena'],Casa Giulietta,"['Centro Fotografia', 'Sighseeing', 'Torre Lamberti', 'Museo Conte', 'Museo Radio']",Castelvecchio,strategy_nearest,False,0.003197908401489258,success
04E9AF3A9C4C80,0,['Arena'],Casa Giulietta,"['Centro Fotografia', 'Sighseeing', 'Torre Lamberti', 'Museo Conte', 'Museo Radio']",Duomo,strategy_nearest,False,0.0032567977905273438,success
04E9B73A9C4C80,1,"['Arena', 'Casa Giulietta']",Torre Lamberti,"['Sighseeing', 'Centro Fotografia', 'Museo Conte', 'Palazzo della Ragione', 'AMO']",Palazzo della Ragione,strategy_nearest,True,0.0026450157165527344,success
04E9B1429C4C80,0,"['Arena', 'Casa Giulietta']",Tomba Giulietta,"['San Fermo', 'Museo Storia', 'Museo Lapidario', 'Museo Radio', 'Verona Tour']",Castelvecchio,strategy_nearest,False,0.003306150436401367,success
04E9B93A9C4C80,1,"['Arena', 'Casa Giulietta']",Torre Lamberti,"['Sighseeing', 'Centro Fotografia', 'Museo Conte', 'Palazzo della Ragione', 'AMO']",Palazzo della Ragione,strategy_nearest,True,0.003184795379638672,success
04E9BF429C4C80,1,"['Arena', 'Casa Giulietta', 'Palazzo della Ragione']",Torre Lamberti,"['Sighseeing', 'Centro Fotografia', 'Museo Conte', 'AMO', 'Museo Miniscalchi']",Teatro Romano,strategy_nearest,False,0.0020208358764648438,success
04E9BD429C4C80,3,['Arena'],San Fermo,"['Museo Storia', 'Museo Radio', 'Casa Giulietta', 'Centro Fotografia', 'Sighseeing']",Santa Anastasia,strategy_nearest,False,0.002146005630493164,success
04E9C73A9C4C80,2,['Castelvecchio'],Casa Giulietta,"['Centro Fotografia', 'Sighseeing', 'Torre Lamberti', 'Museo Conte', 'Museo Radio']",Santa Anastasia,strategy_nearest,False,0.0025768280029296875,success
04E9BF3A9C4C80,1,['Arena'],Torre Lamberti,"['Sighseeing', 'Centro Fotografia', 'Museo Conte', 'Casa Giulietta', 'Palazzo della Ragione']",Palazzo della Ragione,strategy_nearest,True,0.003909111022949219,success
04E9CD3A9C4C80,0,"['Arena', 'San Zeno']",Torre Lamberti,"['Sighseeing', 'Centro Fotografia', 'Museo Conte', 'Casa Giulietta', 'Palazzo della Ragione']",Teatro Romano,strategy_nearest,False,0.0034942626953125,success
04E9CC3A9C4C80,1,"['Casa Giulietta', 'Torre Lamberti', 'Palazzo della Ragione']",Santa Anastasia,"['AMO', 'Museo Conte', 'Teatro Romano', 'Centro Fotografia', 'Duomo']",Duomo,strategy_nearest,True,0.00232696533203125,success
04E9DB3A9C4C80,0,['Casa Giulietta'],Torre Lamberti,"['Sighseeing', 'Centro Fotografia', 'Museo Conte', 'Palazzo della Ragione', 'AMO']",Arena,strategy_nearest,False,0.0024290084838867188,success
04E9CB3A9C4C80,0,['Tomba Giulietta'],Casa Giulietta,"['Centro Fotografia', 'Sighseeing', 'Torre Lamberti', 'Museo Conte', 'Museo Radio']",Arena,strategy_nearest,False,0.0015249252319335938,success
04E9E73A9C4C80,1,['Santa Anastasia'],Torre Lamberti,"['Sighseeing', 'Centro Fotografia', 'Museo Conte', 'Casa Giulietta', 'Palazzo della Ragione']",Palazzo della Ragione,strategy_nearest,True,0.0015959739685058594,success
04E9F53A9C4C80,3,"['Castelvecchio', 'Arena']",San Fermo,"['Museo Storia', 'Museo Radio', 'Casa Giulietta', 'Centro Fotografia', 'Sighseeing']",Giardino Giusti,strategy_nearest,False,0.0022089481353759766,success
04EA183A9C4C80,0,"['Arena', 'San Fermo']",Casa Giulietta,"['Centro Fotografia', 'Sighseeing', 'Torre Lamberti', 'Museo Conte', 'Museo Radio']",Torre Lamberti,strategy_nearest,True,0.002796173095703125,success
04EA18429C4C80,3,"['Arena', 'Tomba Giulietta', 'San Zeno', 'Castelvecchio']",Duomo,"['AMO', 'Museo Miniscalchi', 'Santa Anastasia', 'Teatro Romano', 'Palazzo della Ragione']",Santa Anastasia,strategy_nearest,True,0.00344085693359375,success
04EA223A9C4C80,0,['Castelvecchio'],Casa Giulietta,"['Centro Fotografia', 'Sighseeing', 'Torre Lamberti', 'Museo Conte', 'Museo Radio']",Arena,strategy_nearest,False,0.002408266067504883,success
04EA2D429C4C80,0,"['Arena', 'Castelvecchio']",Teatro Romano,"['Santa Anastasia', 'Duomo', 'AMO', 'Palazzo della Ragione', 'Museo Conte']",Casa Giulietta,strategy_nearest,False,0.002978801727294922,success
04EA1C3A9C4C80,1,['Arena'],Castelvecchio,"['Museo Lapidario', 'Verona Tour', 'Museo Radio', 'San Zeno', 'Sighseeing']",Torre Lamberti,strategy_nearest,False,0.0018420219421386719,success
04EA383A9C4C80,3,"['Santa Anastasia', 'Torre Lamberti']",Casa Giulietta,"['Centro Fotografia', 'Sighseeing', 'Museo Conte', 'Museo Radio', 'Palazzo della Ragione']",San Fermo,strategy_nearest,False,0.0034558773040771484,success
04EA45429C4C80,3,"['Arena', 'Torre Lamberti']",Casa Giulietta,"['Centro Fotografia', 'Sighseeing', 'Museo Conte', 'Museo Radio', 'Palazzo della Ragione']",Teatro Romano,strategy_nearest,False,0.0018701553344726562,success
04EA41429C4C80,0,['Arena'],San Fermo,"['Museo Storia', 'Museo Radio', 'Casa Giulietta', 'Centro Fotografia', 'Sighseeing']",Casa Giulietta,strategy_nearest,True,0.002792835235595703,success
04EA4A429C4C80,1,"['Torre Lamberti', 'Palazzo della Ragione', 'Santa Anastasia']",Teatro Romano,"['Duomo', 'AMO', 'Museo Conte', 'Centro Fotografia', 'Museo Miniscalchi']",Arena,strategy_nearest,False,0.0027141571044921875,success
04EA4E3A9C4C80,0,['Arena'],Castelvecchio,"['Museo Lapidario', 'Verona Tour', 'Museo Radio', 'San Zeno', 'Sighseeing']",San Zeno,strategy_nearest,True,0.0030782222747802734,success
04EA4F3A9C4C80,1,"['Arena', 'Torre Lamberti']",Palazzo della Ragione,"['AMO', 'Museo Conte', 'Centro Fotografia', 'Sighseeing', 'Santa Anastasia']",Santa Anastasia,strategy_nearest,True,0.003386974334716797,success
04EA59429C4C80,1,"['Arena', 'Torre Lamberti', 'Palazzo della Ragione', 'Casa Giulietta']",Teatro Romano,"['Santa Anastasia', 'Duomo', 'AMO', 'Museo Conte', 'Centro Fotografia']",Castelvecchio,strategy_nearest,False,0.00145721435546875,success
04EA54429C4C80,2,"['Torre Lamberti', 'Santa Anastasia']",Duomo,"['AMO', 'Museo Miniscalchi', 'Teatro Romano', 'Palazzo della Ragione', 'Museo Conte']",San Zeno,strategy_nearest,False,0.003996849060058594,success
04EA55429C4C80,2,"['Castelvecchio', 'Museo Lapidario', 'Casa Giulietta']",Torre Lamberti,"['Sighseeing', 'Centro Fotografia', 'Museo Conte', 'Palazzo della Ragione', 'AMO']",Palazzo della Ragione,strategy_nearest,True,0.0021278858184814453,success
04EA5E3A9C4C80,1,"['Palazzo della Ragione', 'Torre Lamberti']",Casa Giulietta,"['Centro Fotografia', 'Sighseeing', 'Museo Conte', 'Museo Radio', 'San Fermo']",Arena,strategy_nearest,False,0.002716064453125,success
04EA763A9C4C80,0,['Arena'],Casa Giulietta,"['Centro Fotografia', 'Sighseeing', 'Torre Lamberti', 'Museo Conte', 'Museo Radio']",Torre Lamberti,strategy_nearest,True,0.0032498836517333984,success
04EA70429C4C80,3,['Arena'],Santa Anastasia,"['AMO', 'Museo Conte', 'Palazzo della Ragione', 'Teatro Romano', 'Centro Fotografia']",Teatro Romano,strategy_nearest,True,0.001444101333618164,success
04EA723A9C4C80,0,['Arena'],Giardino Giusti,"['Santa Anastasia', 'Teatro Romano', 'Museo Conte', 'Centro Fotografia', 'Museo Storia']",Torre Lamberti,strategy_nearest,False,0.002666950225830078,success
04EA773A9C4C80,1,"['Castelvecchio', 'Arena']",Casa Giulietta,"['Centro Fotografia', 'Sighseeing', 'Torre Lamberti', 'Museo Conte', 'Museo Radio']",Torre Lamberti,strategy_nearest,True,0.0025937557220458984,success
04EA833A9C4C80,1,"['Castelvecchio', 'Arena', 'Casa Giulietta']",Casa Giulietta,"['Centro Fotografia', 'Sighseeing', 'Torre Lamberti', 'Museo Conte', 'Museo Radio']",Santa Anastasia,strategy_nearest,False,0.0026628971099853516,success
04EA82429C4C80,1,['Arena'],Torre Lamberti,"['Sighseeing', 'Centro Fotografia', 'Museo Conte', 'Casa Giulietta', 'Palazzo della Ragione']",Palazzo della Ragione,strategy_nearest,True,0.002090930938720703,success
04EA7F3A9C4C80,0,['Arena'],Castelvecchio,"['Museo Lapidario', 'Verona Tour', 'Museo Radio', 'San Zeno', 'Sighseeing']",Santa Anastasia,strategy_nearest,False,0.003484964370727539,success
04EA83429C4C80,0,['Torre Lamberti'],Arena,"['Verona Tour', 'Museo Lapidario', 'Museo Radio', 'San Fermo', 'Casa Giulietta']",San Zeno,strategy_nearest,False,0.0016977787017822266,success
04EA883A9C4C80,0,['Arena'],Casa Giulietta,"['Centro Fotografia', 'Sighseeing', 'Torre Lamberti', 'Museo Conte', 'Museo Radio']",San Fermo,strategy_nearest,False,0.004235982894897461,success
04EA8F429C4C80,0,['San Zeno'],Arena,"['Verona Tour', 'Museo Lapidario', 'Museo Radio', 'San Fermo', 'Casa Giulietta']",Castelvecchio,strategy_nearest,False,0.002488851547241211,success
04EAA54A9C4C80,0,"['Casa Giulietta', 'Arena']",San Zeno,"['Castelvecchio', 'Verona Tour', 'Museo Lapidario', 'Museo Miniscalchi', 'Sighseeing']",Castelvecchio,strategy_nearest,True,0.0029969215393066406,success
04EA8A3A9C4C80,3,"['Arena', 'Museo Lapidario', 'Tomba Giulietta']",Castelvecchio,"['Verona Tour', 'Museo Radio', 'San Zeno', 'Sighseeing', 'Museo Miniscalchi']",Torre Lamberti,strategy_nearest,False,0.0020742416381835938,success
04EAA73A9C4C80,3,"['Arena', 'Casa Giulietta']",San Fermo,"['Museo Storia', 'Museo Radio', 'Centro Fotografia', 'Sighseeing', 'Torre Lamberti']",Torre Lamberti,strategy_nearest,True,0.002108335494995117,success
04EAAB3A9C4C80,0,['Arena'],San Fermo,"['Museo Storia', 'Museo Radio', 'Casa Giulietta', 'Centro Fotografia', 'Sighseeing']",Casa Giulietta,strategy_nearest,True,0.0027289390563964844,success
04EAAC3A9C4C80,1,"['Arena', 'Casa Giulietta']",Torre Lamberti,"['Sighseeing', 'Centro Fotografia', 'Museo Conte', 'Palazzo della Ragione', 'AMO']",Palazzo della Ragione,strategy_nearest,True,0.002635955810546875,success
04EAAC429C4C80,3,['Castelvecchio'],Arena,"['Verona Tour', 'Museo Lapidario', 'Museo Radio', 'San Fermo', 'Casa Giulietta']",Torre Lamberti,strategy_nearest,False,0.0033600330352783203,success
04EAC1429C4C80,0,"['Arena', 'Casa Giulietta']",Torre Lamberti,"['Sighseeing', 'Centro Fotografia', 'Museo Conte', 'Palazzo della Ragione', 'AMO']",Teatro Romano,strategy_nearest,False,0.003172159194946289,success
04EABF429C4C80,0,['Arena'],Giardino Giusti,"['Santa Anastasia', 'Teatro Romano', 'Museo Conte', 'Centro Fotografia', 'Museo Storia']",Torre Lamberti,strategy_nearest,False,0.00327301025390625,success
04EAB93A9C4C80,2,['Casa Giulietta'],Torre Lamberti,"['Sighseeing', 'Centro Fotografia', 'Museo Conte', 'Palazzo della Ragione', 'AMO']",Castelvecchio,strategy_nearest,False,0.0027701854705810547,success
04EABA3A9C4C80,1,['Arena'],Casa Giulietta,"['Centro Fotografia', 'Sighseeing', 'Torre Lamberti', 'Museo Conte', 'Museo Radio']",Torre Lamberti,strategy_nearest,True,0.0027801990509033203,success
04EAC23A9C4C80,0,['Arena'],Casa Giulietta,"['Centro Fotografia', 'Sighseeing', 'Torre Lamberti', 'Museo Conte', 'Museo Radio']",Torre Lamberti,strategy_nearest,True,0.0018041133880615234,success
04EAC33A9C4C80,0,['Arena'],Casa Giulietta,"['Centro Fotografia', 'Sighseeing', 'Torre Lamberti', 'Museo Conte', 'Museo Radio']",Tomba Giulietta,strategy_nearest,False,0.0026731491088867188,success
04EAC9429C4C80,2,['Museo Lapidario'],Castelvecchio,"['Verona Tour', 'Arena', 'Museo Radio', 'San Zeno', 'Sighseeing']",Casa Giulietta,strategy_nearest,False,0.0032188892364501953,success
04EAC93A9C4C80,2,"['Santa Anastasia', 'Duomo', 'Teatro Romano']",Castelvecchio,"['Museo Lapidario', 'Verona Tour', 'Arena', 'Museo Radio', 'San Zeno']",Casa Giulietta,strategy_nearest,False,0.004183053970336914,success
04EAD43A9C4C80,1,"['Arena', 'Casa Giulietta']",Duomo,"['AMO', 'Museo Miniscalchi', 'Santa Anastasia', 'Teatro Romano', 'Palazzo della Ragione']",Torre Lamberti,strategy_nearest,False,0.004869222640991211,success
04EACA3A9C4C80,1,['Arena'],Casa Giulietta,"['Centro Fotografia', 'Sighseeing', 'Torre Lamberti', 'Museo Conte', 'Museo Radio']",Palazzo della Ragione,strategy_nearest,False,0.0030341148376464844,success
04EAE33A9C4C80,0,['Casa Giulietta'],Arena,"['Verona Tour', 'Museo Lapidario', 'Museo Radio', 'San Fermo', 'Sighseeing']",Castelvecchio,strategy_nearest,False,0.0030422210693359375,success
04EAD93A9C4C80,3,"['Arena', 'Castelvecchio', 'San Zeno']",San Fermo,"['Museo Storia', 'Museo Radio', 'Casa Giulietta', 'Centro Fotografia', 'Sighseeing']",Torre Lamberti,strategy_nearest,False,0.005510807037353516,success
04EAE93A9C4C80,3,"['Arena', 'Torre Lamberti']",Santa Anastasia,"['AMO', 'Museo Conte', 'Palazzo della Ragione', 'Teatro Romano', 'Centro Fotografia']",Teatro Romano,strategy_nearest,True,0.004130840301513672,success
04EAF4429C4C80,3,"['Casa Giulietta', 'Santa Anastasia', 'Duomo']",Teatro Romano,"['AMO', 'Palazzo della Ragione', 'Museo Conte', 'Centro Fotografia', 'Museo Miniscalchi']",Arena,strategy_nearest,False,0.005464076995849609,success
04EB01429C4C84,3,"['Arena', 'San Fermo', 'Casa Giulietta', 'Torre Lamberti']",Duomo,"['AMO', 'Museo Miniscalchi', 'Santa Anastasia', 'Teatro Romano', 'Palazzo della Ragione']",Teatro Romano,strategy_nearest,True,0.0027878284454345703,success
04EAF53A9C4C80,1,"['Arena', 'Torre Lamberti']",Palazzo della Ragione,"['AMO', 'Museo Conte', 'Centro Fotografia', 'Sighseeing', 'Santa Anastasia']",Casa Giulietta,strategy_nearest,False,0.003493070602416992,success
04EAF9429C4C80,0,"['Casa Giulietta', 'Teatro Romano']",Arena,"['Verona Tour', 'Museo Lapidario', 'Museo Radio', 'San Fermo', 'Sighseeing']",Castelvecchio,strategy_nearest,False,0.004992008209228516,success
04EB04429C4C84,1,"['Casa Giulietta', 'Santa Anastasia', 'Arena']",San Zeno,"['Castelvecchio', 'Verona Tour', 'Museo Lapidario', 'Museo Miniscalchi', 'Sighseeing']",Duomo,strategy_nearest,False,0.0027430057525634766,success
04EB193A9C4C84,0,"['Teatro Romano', 'Arena']",Museo Lapidario,"['Verona Tour', 'Castelvecchio', 'Museo Radio', 'San Fermo', 'Casa Giulietta']",Torre Lamberti,strategy_nearest,False,0.004567146301269531,success
04EB0B429C4C84,0,['Casa Giulietta'],Torre Lamberti,"['Sighseeing', 'Centro Fotografia', 'Museo Conte', 'Palazzo della Ragione', 'AMO']",Arena,strategy_nearest,False,0.003907918930053711,success
04EB21429C4C80,2,"['Torre Lamberti', 'Casa Giulietta']",Teatro Romano,"['Santa Anastasia', 'Duomo', 'AMO', 'Palazzo della Ragione', 'Museo Conte']",San Zeno,strategy_nearest,False,0.0040171146392822266,success
04EB223A9C4C80,1,"['Arena', 'Casa Giulietta', 'Palazzo della Ragione']",Torre Lamberti,"['Sighseeing', 'Centro Fotografia', 'Museo Conte', 'AMO', 'Museo Miniscalchi']",Duomo,strategy_nearest,False,0.003223896026611328,success
04EB19429C4C80,0,['Torre Lamberti'],Arena,"['Verona Tour', 'Museo Lapidario', 'Museo Radio', 'San Fermo', 'Casa Giulietta']",Duomo,strategy_nearest,False,0.007418155670166016,success
04EB2B3A9C4C80,3,"['Castelvecchio', 'Torre Lamberti']",Duomo,"['AMO', 'Museo Miniscalchi', 'Santa Anastasia', 'Teatro Romano', 'Palazzo della Ragione']",Arena,strategy_nearest,False,0.0038018226623535156,success
04EB343A9C4C80,0,"['Arena', 'Castelvecchio']",Casa Giulietta,"['Centro Fotografia', 'Sighseeing', 'Torre Lamberti', 'Museo Conte', 'Museo Radio']",Torre Lamberti,strategy_nearest,True,0.003503084182739258,success
04EB334A9C4C80,3,"['Arena', 'Castelvecchio']",Teatro Romano,"['Santa Anastasia', 'Duomo', 'AMO', 'Palazzo della Ragione', 'Museo Conte']",Duomo,strategy_nearest,True,0.002958059310913086,success
04EB3F3A9C4C80,1,"['Santa Anastasia', 'Torre Lamberti']",Palazzo della Ragione,"['AMO', 'Museo Conte', 'Centro Fotografia', 'Sighseeing', 'Museo Miniscalchi']",Casa Giulietta,strategy_nearest,False,0.0027997493743896484,success
04EB38429C4C80,0,"['Arena', 'Castelvecchio']",Casa Giulietta,"['Centro Fotografia', 'Sighseeing', 'Torre Lamberti', 'Museo Conte', 'Museo Radio']",Tomba Giulietta,strategy_nearest,False,0.0021991729736328125,success
04EB453A9C4C80,1,"['Arena', 'Castelvecchio', 'San Zeno']",Torre Lamberti,"['Sighseeing', 'Centro Fotografia', 'Museo Conte', 'Casa Giulietta', 'Palazzo della Ragione']",Palazzo della Ragione,strategy_nearest,True,0.0022530555725097656,success
04EB4F3A9C4C80,0,['Arena'],Casa Giulietta,"['Centro Fotografia', 'Sighseeing', 'Torre Lamberti', 'Museo Conte', 'Museo Radio']",Torre Lamberti,strategy_nearest,True,0.003432035446166992,success
04EB51429C4C80,1,"['Arena', 'Casa Giulietta', 'Torre Lamberti', 'Palazzo della Ragione']",Santa Anastasia,"['AMO', 'Museo Conte', 'Teatro Romano', 'Centro Fotografia', 'Duomo']",Teatro Romano,strategy_nearest,True,0.0025398731231689453,success
04EB423A9C4C80,3,['San Zeno'],Arena,"['Verona Tour', 'Museo Lapidario', 'Museo Radio', 'San Fermo', 'Casa Giulietta']",Santa Anastasia,strategy_nearest,False,0.0014748573303222656,success
04EB52429C4C80,3,"['Teatro Romano', 'San Zeno']",Castelvecchio,"['Museo Lapidario', 'Verona Tour', 'Arena', 'Museo Radio', 'Sighseeing']",Arena,strategy_nearest,True,0.0020990371704101562,success
04EB6C3A9C4C80,0,['Torre Lamberti'],Arena,"['Verona Tour', 'Museo Lapidario', 'Museo Radio', 'San Fermo', 'Casa Giulietta']",Casa Giulietta,strategy_nearest,True,0.0014309883117675781,success
04EB713A9C4C80,3,['Arena'],Casa Giulietta,"['Centro Fotografia', 'Sighseeing', 'Torre Lamberti', 'Museo Conte', 'Museo Radio']",Santa Anastasia,strategy_nearest,False,0.002935171127319336,success
04EB794A9C4C80,0,['Arena'],Torre Lamberti,"['Sighseeing', 'Centro Fotografia', 'Museo Conte', 'Casa Giulietta', 'Palazzo della Ragione']",Teatro Romano,strategy_nearest,False,0.0022830963134765625,success
04EB74429C4C80,3,"['Teatro Romano', 'San Fermo', 'Duomo']",Santa Anastasia,"['AMO', 'Museo Conte', 'Palazzo della Ragione', 'Centro Fotografia', 'Torre Lamberti']",Torre Lamberti,strategy_nearest,True,0.003737211227416992,success
04EB7B429C4C80,0,['Casa Giulietta'],Torre Lamberti,"['Sighseeing', 'Centro Fotografia', 'Museo Conte', 'Palazzo della Ragione', 'AMO']",Arena,strategy_nearest,False,0.0030908584594726562,success
04EB7E3A9C4C80,0,['Arena'],Castelvecchio,"['Museo Lapidario', 'Verona Tour', 'Museo Radio', 'San Zeno', 'Sighseeing']",Museo Storia,strategy_nearest,False,0.002695322036743164,success
04EB833A9C4C80,0,['Arena'],Casa Giulietta,"['Centro Fotografia', 'Sighseeing', 'Torre Lamberti', 'Museo Conte', 'Museo Radio']",Castelvecchio,strategy_nearest,False,0.0027451515197753906,success
04EB84429C4C80,2,['Casa Giulietta'],Santa Anastasia,"['AMO', 'Museo Conte', 'Palazzo della Ragione', 'Teatro Romano', 'Centro Fotografia']",Duomo,strategy_nearest,False,0.0025789737701416016,success
04EB83429C4C80,0,['Torre Lamberti'],Casa Giulietta,"['Centro Fotografia', 'Sighseeing', 'Museo Conte', 'Museo Radio', 'Palazzo della Ragione']",Arena,strategy_nearest,False,0.003298044204711914,success
04EB854A9C4C80,0,['Arena'],Casa Giulietta,"['Centro Fotografia', 'Sighseeing', 'Torre Lamberti', 'Museo Conte', 'Museo Radio']",Castelvecchio,strategy_nearest,False,0.003175973892211914,success
04EB8D429C4C80,3,"['Arena', 'Casa Giulietta']",Santa Anastasia,"['AMO', 'Museo Conte', 'Palazzo della Ragione', 'Teatro Romano', 'Centro Fotografia']",Duomo,strategy_nearest,False,0.001954793930053711,success
04EB873A9C4C80,0,['Arena'],Museo Lapidario,"['Verona Tour', 'Castelvecchio', 'Museo Radio', 'San Fermo', 'Casa Giulietta']",Torre Lamberti,strategy_nearest,False,0.002650022506713867,success
04EB8D3A9C4C80,0,['Arena'],Torre Lamberti,"['Sighseeing', 'Centro Fotografia', 'Museo Conte', 'Casa Giulietta', 'Palazzo della Ragione']",Casa Giulietta,strategy_nearest,True,0.0032122135162353516,success
04EB8D4A9C4C80,1,"['Casa Giulietta', 'Torre Lamberti']",Palazzo della Ragione,"['AMO', 'Museo Conte', 'Centro Fotografia', 'Sighseeing', 'Santa Anastasia']",Santa Anastasia,strategy_nearest,True,0.003567218780517578,success
04EB984A9C4C80,1,"['Arena', 'Casa Giulietta']",Santa Anastasia,"['AMO', 'Museo Conte', 'Palazzo della Ragione', 'Teatro Romano', 'Centro Fotografia']",Palazzo della Ragione,strategy_nearest,True,0.002834320068359375,success
04EB964A9C4C80,0,['Arena'],Casa Giulietta,"['Centro Fotografia', 'Sighseeing', 'Torre Lamberti', 'Museo Conte', 'Museo Radio']",Castelvecchio,strategy_nearest,False,0.001984119415283203,success
04EBA93A9C4C80,0,['Casa Giulietta'],Torre Lamberti,"['Sighseeing', 'Centro Fotografia', 'Museo Conte', 'Palazzo della Ragione', 'AMO']",Arena,strategy_nearest,False,0.0030641555786132812,success
04EBAC429C4C80,3,"['Casa Giulietta', 'Torre Lamberti']",Santa Anastasia,"['AMO', 'Museo Conte', 'Palazzo della Ragione', 'Teatro Romano', 'Centro Fotografia']",Duomo,strategy_nearest,False,0.0023500919342041016,success
04EBBB429C4C80,2,['Duomo'],Casa Giulietta,"['Centro Fotografia', 'Sighseeing', 'Torre Lamberti', 'Museo Conte', 'Museo Radio']",Torre Lamberti,strategy_nearest,True,0.0024559497833251953,success
04EBB93A9C4C80,1,['Palazzo della Ragione'],Torre Lamberti,"['Sighseeing', 'Centro Fotografia', 'Museo Conte', 'Casa Giulietta', 'AMO']",Casa Giulietta,strategy_nearest,True,0.001909017562866211,success
04EBB5429C4C80,0,['Torre Lamberti'],Duomo,"['AMO', 'Museo Miniscalchi', 'Santa Anastasia', 'Teatro Romano', 'Palazzo della Ragione']",Arena,strategy_nearest,False,0.00413203239440918,success
04EBBD429C4C80,3,['Arena'],Santa Anastasia,"['AMO', 'Museo Conte', 'Palazzo della Ragione', 'Teatro Romano', 'Centro Fotografia']",Duomo,strategy_nearest,False,0.0024309158325195312,success
04EBC33A9C4C80,0,['Arena'],Casa Giulietta,"['Centro Fotografia', 'Sighseeing', 'Torre Lamberti', 'Museo Conte', 'Museo Radio']",Torre Lamberti,strategy_nearest,True,0.001981019973754883,success
04EBBE3A9C4C80,0,['Arena'],Torre Lamberti,"['Sighseeing', 'Centro Fotografia', 'Museo Conte', 'Casa Giulietta', 'Palazzo della Ragione']",Casa Giulietta,strategy_nearest,True,0.0026280879974365234,success
04EBC9429C4C80,3,"['Teatro Romano', 'Duomo', 'Casa Giulietta']",Santa Anastasia,"['AMO', 'Museo Conte', 'Palazzo della Ragione', 'Centro Fotografia', 'Torre Lamberti']",Museo Storia,strategy_nearest,False,0.0033910274505615234,success
04EBCF429C4C80,3,"['Torre Lamberti', 'Santa Anastasia', 'Teatro Romano']",Arena,"['Verona Tour', 'Museo Lapidario', 'Museo Radio', 'San Fermo', 'Casa Giulietta']",Castelvecchio,strategy_nearest,False,0.002532958984375,success
04EBD23A9C4C80,1,"['Casa Giulietta', 'Arena']",Torre Lamberti,"['Sighseeing', 'Centro Fotografia', 'Museo Conte', 'Palazzo della Ragione', 'AMO']",Palazzo della Ragione,strategy_nearest,True,0.003141164779663086,success
04EBCA3A9C4C80,1,"['Arena', 'Casa Giulietta']",Palazzo della Ragione,"['AMO', 'Museo Conte', 'Torre Lamberti', 'Centro Fotografia', 'Sighseeing']",Torre Lamberti,strategy_nearest,True,0.003271818161010742,success
04EBD93A9C4C80,3,"['Arena', 'Castelvecchio', 'San Zeno']",San Fermo,"['Museo Storia', 'Museo Radio', 'Casa Giulietta', 'Centro Fotografia', 'Sighseeing']",Torre Lamberti,strategy_nearest,False,0.0030889511108398438,success
04EBD9429C4C80,0,['Tomba Giulietta'],Casa Giulietta,"['Centro Fotografia', 'Sighseeing', 'Torre Lamberti', 'Museo Conte', 'Museo Radio']",Giardino Giusti,strategy_nearest,False,0.0027761459350585938,success
04EBE4429C4C80,1,"['Teatro Romano', 'Duomo', 'Santa Anastasia', 'Arena', 'Museo Storia']",Castelvecchio,"['Museo Lapidario', 'Verona Tour', 'Museo Radio', 'San Zeno', 'Sighseeing']",Museo Lapidario,strategy_nearest,True,0.0025360584259033203,success
04EBEB3A9C4C80,2,['San Fermo'],Tomba Giulietta,"['Museo Storia', 'Arena', 'Museo Lapidario', 'Museo Radio', 'Verona Tour']",Torre Lamberti,strategy_nearest,False,0.0031280517578125,success
04EBFC3A9C4C80,1,"['Teatro Romano', 'Duomo', 'Santa Anastasia']",Arena,"['Verona Tour', 'Museo Lapidario', 'Museo Radio', 'San Fermo', 'Casa Giulietta']",Torre Lamberti,strategy_nearest,False,0.0028259754180908203,success
04EBEC429C4C80,3,"['Arena', 'Casa Giulietta', 'Torre Lamberti']",Tomba Giulietta,"['San Fermo', 'Museo Storia', 'Museo Lapidario', 'Museo Radio', 'Verona Tour']",Castelvecchio,strategy_nearest,False,0.003401041030883789,success
04EC04429C4C84,4,"['Museo Lapidario', 'Castelvecchio', 'Arena', 'San Fermo', 'Museo Storia', 'Torre Lamberti']",Santa Anastasia,"['AMO', 'Museo Conte', 'Palazzo della Ragione', 'Teatro Romano', 'Centro Fotografia']",Duomo,strategy_nearest,False,0.003444194793701172,success
04EC13429C4C84,3,"['Castelvecchio', 'Torre Lamberti', 'Duomo']",Teatro Romano,"['Santa Anastasia', 'AMO', 'Palazzo della Ragione', 'Museo Conte', 'Centro Fotografia']",Casa Giulietta,strategy_nearest,False,0.003139019012451172,success
04EC193A9C4C80,0,"['Arena', 'Torre Lamberti']",Casa Giulietta,"['Centro Fotografia', 'Sighseeing', 'Museo Conte', 'Museo Radio', 'Palazzo della Ragione']",Giardino Giusti,strategy_nearest,False,0.0015261173248291016,success
04EC18C27B3F84,3,"['San Zeno', 'Arena']",Duomo,"['AMO', 'Museo Miniscalchi', 'Santa Anastasia', 'Teatro Romano', 'Palazzo della Ragione']",Torre Lamberti,strategy_nearest,False,0.002768993377685547,success
04EC193A9C4C84,2,"['Teatro Romano', 'Duomo']",Casa Giulietta,"['Centro Fotografia', 'Sighseeing', 'Torre Lamberti', 'Museo Conte', 'Museo Radio']",Castelvecchio,strategy_nearest,False,0.0027420520782470703,success
04EC19429C4C80,1,"['Casa Giulietta', 'Torre Lamberti']",Palazzo della Ragione,"['AMO', 'Museo Conte', 'Centro Fotografia', 'Sighseeing', 'Santa Anastasia']",Santa Anastasia,strategy_nearest,True,0.003555774688720703,success
04EC223A9C4C80,3,"['Castelvecchio', 'Arena', 'Casa Giulietta']",Torre Lamberti,"['Sighseeing', 'Centro Fotografia', 'Museo Conte', 'Palazzo della Ragione', 'AMO']",Duomo,strategy_nearest,False,0.0024967193603515625,success
04EC293A9C4C80,3,"['Arena', 'Casa Giulietta']",Torre Lamberti,"['Sighseeing', 'Centro Fotografia', 'Museo Conte', 'Palazzo della Ragione', 'AMO']",Teatro Romano,strategy_nearest,False,0.0025086402893066406,success
04EC31429C4C80,3,['San Zeno'],Arena,"['Verona Tour', 'Museo Lapidario', 'Museo Radio', 'San Fermo', 'Casa Giulietta']",Torre Lamberti,strategy_nearest,False,0.0030469894409179688,success
04EC403A9C4C80,3,"['San Zeno', 'Castelvecchio', 'Tomba Giulietta']",San Fermo,"['Museo Storia', 'Museo Radio', 'Casa Giulietta', 'Centro Fotografia', 'Arena']",Duomo,strategy_nearest,False,0.0015711784362792969,success
04EC384A9C4C80,1,"['Casa Giulietta', 'Torre Lamberti', 'Palazzo della Ragione']",Arena,"['Verona Tour', 'Museo Lapidario', 'Museo Radio', 'San Fermo', 'Sighseeing']",Castelvecchio,strategy_nearest,False,0.004728078842163086,success
04EC40429C4C80,0,"['Arena', 'Casa Giulietta']",Torre Lamberti,"['Sighseeing', 'Centro Fotografia', 'Museo Conte', 'Palazzo della Ragione', 'AMO']",Castelvecchio,strategy_nearest,False,0.002952098846435547,success
04EC39429C4C80,0,['Arena'],Casa Giulietta,"['Centro Fotografia', 'Sighseeing', 'Torre Lamberti', 'Museo Conte', 'Museo Radio']",Torre Lamberti,strategy_nearest,True,0.002274036407470703,success
04EC45429C4C80,1,"['Arena', 'Torre Lamberti']",Palazzo della Ragione,"['AMO', 'Museo Conte', 'Centro Fotografia', 'Sighseeing', 'Santa Anastasia']",Teatro Romano,strategy_nearest,False,0.0015361309051513672,success
04EC4A429C4C80,2,['Castelvecchio'],Casa Giulietta,"['Centro Fotografia', 'Sighseeing', 'Torre Lamberti', 'Museo Conte', 'Museo Radio']",Torre Lamberti,strategy_nearest,True,0.0026721954345703125,success
04EC483A9C4C80,2,['Duomo'],Torre Lamberti,"['Sighseeing', 'Centro Fotografia', 'Museo Conte', 'Casa Giulietta', 'Palazzo della Ragione']",Tomba Giulietta,strategy_nearest,False,0.002103090286254883,success
04EC443A9C4C80,2,['Castelvecchio'],San Zeno,"['Verona Tour', 'Museo Lapidario', 'Arena', 'Museo Miniscalchi', 'Sighseeing']",Santa Anastasia,strategy_nearest,False,0.004737138748168945,success
04EC53429C4C80,3,['Casa Giulietta'],Arena,"['Verona Tour', 'Museo Lapidario', 'Museo Radio', 'San Fermo', 'Sighseeing']",Torre Lamberti,strategy_nearest,False,0.0021970272064208984,success
04EC56429C4C80,3,['Arena'],Santa Anastasia,"['AMO', 'Museo Conte', 'Palazzo della Ragione', 'Teatro Romano', 'Centro Fotografia']",Torre Lamberti,strategy_nearest,False,0.002245187759399414,success
04EC6D3A9C4C80,3,"['Torre Lamberti', 'Casa Giulietta', 'Duomo', 'Teatro Romano']",Arena,"['Verona Tour', 'Museo Lapidario', 'Museo Radio', 'San Fermo', 'Sighseeing']",San Fermo,strategy_nearest,True,0.0026960372924804688,success
04EC58429C4C80,1,"['Arena', 'Torre Lamberti']",Palazzo della Ragione,"['AMO', 'Museo Conte', 'Centro Fotografia', 'Sighseeing', 'Santa Anastasia']",Casa Giulietta,strategy_nearest,False,0.0030150413513183594,success
04EC793A9C4C80,2,"['Teatro Romano', 'San Fermo']",San Zeno,"['Castelvecchio', 'Verona Tour', 'Museo Lapidario', 'Arena', 'Museo Miniscalchi']",Castelvecchio,strategy_nearest,True,0.003172159194946289,success
04EC7C3A9C4C80,1,['Arena'],Casa Giulietta,"['Centro Fotografia', 'Sighseeing', 'Torre Lamberti', 'Museo Conte', 'Museo Radio']",Torre Lamberti,strategy_nearest,True,0.0026831626892089844,success
04EC824A9C4C80,0,['Arena'],Casa Giulietta,"['Centro Fotografia', 'Sighseeing', 'Torre Lamberti', 'Museo Conte', 'Museo Radio']",Torre Lamberti,strategy_nearest,True,0.0025129318237304688,success
04EC7D4A9C4C80,0,['Tomba Giulietta'],Arena,"['Verona Tour', 'Museo Lapidario', 'Museo Radio', 'San Fermo', 'Casa Giulietta']",Casa Giulietta,strategy_nearest,True,0.0040929317474365234,success
04EC82429C4C80,3,"['Arena', 'Casa Giulietta', 'Torre Lamberti']",Santa Anastasia,"['AMO', 'Museo Conte', 'Palazzo della Ragione', 'Teatro Romano', 'Centro Fotografia']",Teatro Romano,strategy_nearest,True,0.002665996551513672,success
04EC84429C4C80,2,"['Casa Giulietta', 'Tomba Giulietta']",Castelvecchio,"['Museo Lapidario', 'Verona Tour', 'Arena', 'Museo Radio', 'San Zeno']",Torre Lamberti,strategy_nearest,False,0.002584218978881836,success
04EC894A9C4C80,0,"['Casa Giulietta', 'Arena']",Tomba Giulietta,"['San Fermo', 'Museo Storia', 'Museo Lapidario', 'Museo Radio', 'Verona Tour']",Torre Lamberti,strategy_nearest,False,0.002590179443359375,success
04EC8B3A9C4C80,0,['Arena'],Casa Giulietta,"['Centro Fotografia', 'Sighseeing', 'Torre Lamberti', 'Museo Conte', 'Museo Radio']",Torre Lamberti,strategy_nearest,True,0.0025899410247802734,success
04EC974A9C4C80,0,['Arena'],Castelvecchio,"['Museo Lapidario', 'Verona Tour', 'Museo Radio', 'San Zeno', 'Sighseeing']",Casa Giulietta,strategy_nearest,False,0.0031549930572509766,success
04EC91429C4C80,6,"['Arena', 'Castelvecchio']",Torre Lamberti,"['Sighseeing', 'Centro Fotografia', 'Museo Conte', 'Casa Giulietta', 'Palazzo della Ragione']",Duomo,strategy_nearest,False,0.0026979446411132812,success
04ECA0429C4C80,1,"['Museo Lapidario', 'Arena', 'Torre Lamberti']",Casa Giulietta,"['Centro Fotografia', 'Sighseeing', 'Museo Conte', 'Museo Radio', 'Palazzo della Ragione']",Palazzo della Ragione,strategy_nearest,True,0.0019388198852539062,success
04ECA44A9C4C80,3,"['Arena', 'Santa Anastasia']",Casa Giulietta,"['Centro Fotografia', 'Sighseeing', 'Torre Lamberti', 'Museo Conte', 'Museo Radio']",Museo Storia,strategy_nearest,False,0.0031430721282958984,success
04ECAF3A9C4C80,3,"['Casa Giulietta', 'Santa Anastasia']",Duomo,"['AMO', 'Museo Miniscalchi', 'Teatro Romano', 'Palazzo della Ragione', 'Museo Conte']",Torre Lamberti,strategy_nearest,False,0.002804994583129883,success
04ECBB429C4C80,1,"['Arena', 'Casa Giulietta', 'Santa Anastasia', 'Duomo']",Teatro Romano,"['AMO', 'Palazzo della Ragione', 'Museo Conte', 'Centro Fotografia', 'Museo Miniscalchi']",Torre Lamberti,strategy_nearest,False,0.002660036087036133,success
04ECBA3A9C4C80,1,"['Arena', 'Museo Lapidario']",Casa Giulietta,"['Centro Fotografia', 'Sighseeing', 'Torre Lamberti', 'Museo Conte', 'Museo Radio']",Palazzo della Ragione,strategy_nearest,False,0.0015177726745605469,success
04ECB0429C4C80,0,['Casa Giulietta'],Arena,"['Verona Tour', 'Museo Lapidario', 'Museo Radio', 'San Fermo', 'Sighseeing']",Tomba Giulietta,strategy_nearest,False,0.0033779144287109375,success
04ECC43A9C4C80,0,['Arena'],Castelvecchio,"['Museo Lapidario', 'Verona Tour', 'Museo Radio', 'San Zeno', 'Sighseeing']",Casa Giulietta,strategy_nearest,False,0.0017800331115722656,success
04ECC0429C4C80,0,['Arena'],Casa Giulietta,"['Centro Fotografia', 'Sighseeing', 'Torre Lamberti', 'Museo Conte', 'Museo Radio']",Castelvecchio,strategy_nearest,False,0.002456188201904297,success
04ECC9429C4C80,1,"['Arena', 'Casa Giulietta']",Torre Lamberti,"['Sighseeing', 'Centro Fotografia', 'Museo Conte', 'Palazzo della Ragione', 'AMO']",Palazzo della Ragione,strategy_nearest,True,0.0027828216552734375,success
04ECCB429C4C80,1,"['Arena', 'Museo Lapidario', 'San Fermo', 'Palazzo della Ragione']",Duomo,"['AMO', 'Museo Miniscalchi', 'Santa Anastasia', 'Teatro Romano', 'Museo Conte']",Castelvecchio,strategy_nearest,False,0.0033957958221435547,success
04ECCC3A9C4C80,0,['Arena'],San Fermo,"['Museo Storia', 'Museo Radio', 'Casa Giulietta', 'Centro Fotografia', 'Sighseeing']",San Zeno,strategy_nearest,False,0.002296924591064453,success
04ECDB3A9C4C80,3,['Santa Anastasia'],Torre Lamberti,"['Sighseeing', 'Centro Fotografia', 'Museo Conte', 'Casa Giulietta', 'Palazzo della Ragione']",Arena,strategy_nearest,False,0.0031211376190185547,success
04ECE13A9C4C80,1,"['Arena', 'Castelvecchio', 'Casa Giulietta']",Torre Lamberti,"['Sighseeing', 'Centro Fotografia', 'Museo Conte', 'Palazzo della Ragione', 'AMO']",Palazzo della Ragione,strategy_nearest,True,0.0026438236236572266,success
04ECE7429C4C80,0,"['Castelvecchio', 'Arena']",Casa Giulietta,"['Centro Fotografia', 'Sighseeing', 'Torre Lamberti', 'Museo Conte', 'Museo Radio']",Torre Lamberti,strategy_nearest,True,0.003385782241821289,success
04ECE83A9C4C80,0,['Arena'],Casa Giulietta,"['Centro Fotografia', 'Sighseeing', 'Torre Lamberti', 'Museo Conte', 'Museo Radio']",Casa Giulietta,strategy_nearest,False,0.0032460689544677734,success
04ECF2BA7B3F80,1,"['Casa Giulietta', 'Torre Lamberti']",Palazzo della Ragione,"['AMO', 'Museo Conte', 'Centro Fotografia', 'Sighseeing', 'Santa Anastasia']",Castelvecchio,strategy_nearest,False,0.002628803253173828,success
04ECF7429C4C80,3,"['San Zeno', 'Arena', 'Tomba Giulietta', 'San Fermo']",Torre Lamberti,"['Sighseeing', 'Centro Fotografia', 'Museo Conte', 'Casa Giulietta', 'Palazzo della Ragione']",Duomo,strategy_nearest,False,0.0029630661010742188,success
04ECF73A9C4C80,0,['Arena'],Casa Giulietta,"['Centro Fotografia', 'Sighseeing', 'Torre Lamberti', 'Museo Conte', 'Museo Radio']",Duomo,strategy_nearest,False,0.002672910690307617,success
04ED0A429C4C84,3,['Arena'],Duomo,"['AMO', 'Museo Miniscalchi', 'Santa Anastasia', 'Teatro Romano', 'Palazzo della Ragione']",Santa Anastasia,strategy_nearest,True,0.002537250518798828,success
04ED143A9C4C84,0,['Torre Lamberti'],Casa Giulietta,"['Centro Fotografia', 'Sighseeing', 'Museo Conte', 'Museo Radio', 'Palazzo della Ragione']",Arena,strategy_nearest,False,0.002869844436645508,success
04ED2C4A9C4C80,1,"['Arena', 'San Fermo', 'Casa Giulietta', 'Torre Lamberti']",Palazzo della Ragione,"['AMO', 'Museo Conte', 'Centro Fotografia', 'Sighseeing', 'Santa Anastasia']",Santa Anastasia,strategy_nearest,True,0.0019099712371826172,success
04ED294A9C4C80,0,"['Arena', 'Casa Giulietta']",Tomba Giulietta,"['San Fermo', 'Museo Storia', 'Museo Lapidario', 'Museo Radio', 'Verona Tour']",Duomo,strategy_nearest,False,0.002635955810546875,success
04ED2C3A9C4C80,0,['Arena'],Casa Giulietta,"['Centro Fotografia', 'Sighseeing', 'Torre Lamberti', 'Museo Conte', 'Museo Radio']",Teatro Romano,strategy_nearest,False,0.003201007843017578,success
04ED2D4A9C4C80,3,['Torre Lamberti'],Santa Anastasia,"['AMO', 'Museo Conte', 'Palazzo della Ragione', 'Teatro Romano', 'Centro Fotografia']",Duomo,strategy_nearest,False,0.0037801265716552734,success
04ED334A9C4C80,2,['Torre Lamberti'],Castelvecchio,"['Museo Lapidario', 'Verona Tour', 'Arena', 'Museo Radio', 'San Zeno']",Teatro Romano,strategy_nearest,False,0.002638101577758789,success
04ED32429C4C80,1,"['Arena', 'Casa Giulietta', 'Torre Lamberti', 'Palazzo della Ragione']",Castelvecchio,"['Museo Lapidario', 'Verona Tour', 'Museo Radio', 'San Zeno', 'Sighseeing']",Santa Anastasia,strategy_nearest,False,0.0020599365234375,success
04ED2F429C4C80,0,"['Casa Giulietta', 'Duomo']",Teatro Romano,"['Santa Anastasia', 'AMO', 'Palazzo della Ragione', 'Museo Conte', 'Centro Fotografia']",Arena,strategy_nearest,False,0.003907203674316406,success
04ED44429C4C80,2,['San Zeno'],Giardino Giusti,"['Santa Anastasia', 'Teatro Romano', 'Museo Conte', 'Centro Fotografia', 'Museo Storia']",Castelvecchio,strategy_nearest,False,0.0026912689208984375,success
04ED41429C4C80,2,"['Teatro Romano', 'San Zeno']",Castelvecchio,"['Museo Lapidario', 'Verona Tour', 'Arena', 'Museo Radio', 'Sighseeing']",Torre Lamberti,strategy_nearest,False,0.0013811588287353516,success
04ED343A9C4C80,3,"['Santa Anastasia', 'Duomo', 'Giardino Giusti']",Arena,"['Verona Tour', 'Museo Lapidario', 'Museo Radio', 'San Fermo', 'Casa Giulietta']",San Zeno,strategy_nearest,False,0.003223896026611328,success
04ED473A9C4C80,1,['Torre Lamberti'],Palazzo della Ragione,"['AMO', 'Museo Conte', 'Centro Fotografia', 'Sighseeing', 'Santa Anastasia']",Casa Giulietta,strategy_nearest,False,0.003284931182861328,success
04ED503A9C4C80,1,"['Arena', 'Casa Giulietta']",Palazzo della Ragione,"['AMO', 'Museo Conte', 'Torre Lamberti', 'Centro Fotografia', 'Sighseeing']",Torre Lamberti,strategy_nearest,True,0.002604961395263672,success
04ED4C3A9C4C80,0,['Torre Lamberti'],Arena,"['Verona Tour', 'Museo Lapidario', 'Museo Radio', 'San Fermo', 'Casa Giulietta']",Castelvecchio,strategy_nearest,False,0.002093791961669922,success
04ED53429C4C80,0,"['Arena', 'Casa Giulietta']",San Fermo,"['Museo Storia', 'Museo Radio', 'Centro Fotografia', 'Sighseeing', 'Torre Lamberti']",Museo Storia,strategy_nearest,True,0.002763986587524414,success
04ED553A9C4C80,0,['Tomba Giulietta'],Arena,"['Verona Tour', 'Museo Lapidario', 'Museo Radio', 'San Fermo', 'Casa Giulietta']",Teatro Romano,strategy_nearest,False,0.0031709671020507812,success
04ED58429C4C80,3,"['San Fermo', 'Santa Anastasia', 'Castelvecchio']",Giardino Giusti,"['Teatro Romano', 'Museo Conte', 'Centro Fotografia', 'Museo Storia', 'AMO']",Duomo,strategy_nearest,False,0.0028181076049804688,success
04ED64429C4C80,1,"['Duomo', 'Torre Lamberti', 'Palazzo della Ragione']",Casa Giulietta,"['Centro Fotografia', 'Sighseeing', 'Museo Conte', 'Museo Radio', 'San Fermo']",Castelvecchio,strategy_nearest,False,0.0032601356506347656,success
04ED5F429C4C80,3,"['San Zeno', 'Castelvecchio', 'Museo Storia', 'San Fermo']",Arena,"['Verona Tour', 'Museo Lapidario', 'Museo Radio', 'Casa Giulietta', 'Sighseeing']",Museo Lapidario,strategy_nearest,True,0.003348112106323242,success
04ED6B429C4C80,1,['Arena'],Palazzo della Ragione,"['AMO', 'Museo Conte', 'Torre Lamberti', 'Centro Fotografia', 'Sighseeing']",Torre Lamberti,strategy_nearest,True,0.0032248497009277344,success
04ED7E3A9C4C80,1,['Arena'],Casa Giulietta,"['Centro Fotografia', 'Sighseeing', 'Torre Lamberti', 'Museo Conte', 'Museo Radio']",Palazzo della Ragione,strategy_nearest,False,0.002187967300415039,success
04ED763A9C4C80,0,['Arena'],Casa Giulietta,"['Centro Fotografia', 'Sighseeing', 'Torre Lamberti', 'Museo Conte', 'Museo Radio']",Santa Anastasia,strategy_nearest,False,0.0028297901153564453,success
04ED85429C4C80,2,"['Casa Giulietta', 'Tomba Giulietta']",Castelvecchio,"['Museo Lapidario', 'Verona Tour', 'Arena', 'Museo Radio', 'San Zeno']",Torre Lamberti,strategy_nearest,False,0.0033190250396728516,success
04ED834A9C4C80,3,"['Arena', 'Museo Lapidario', 'Castelvecchio']",Duomo,"['AMO', 'Museo Miniscalchi', 'Santa Anastasia', 'Teatro Romano', 'Palazzo della Ragione']",Santa Anastasia,strategy_nearest,True,0.0034809112548828125,success
04ED874A9C4C80,3,"['Torre Lamberti', 'Arena']",Santa Anastasia,"['AMO', 'Museo Conte', 'Palazzo della Ragione', 'Teatro Romano', 'Centro Fotografia']",Teatro Romano,strategy_nearest,True,0.0013599395751953125,success
04ED893A9C4C80,3,"['Arena', 'San Fermo']",Casa Giulietta,"['Centro Fotografia', 'Sighseeing', 'Torre Lamberti', 'Museo Conte', 'Museo Radio']",Torre Lamberti,strategy_nearest,True,0.0026197433471679688,success
04ED8E4A9C4C80,3,"['Casa Giulietta', 'Santa Anastasia']",Arena,"['Verona Tour', 'Museo Lapidario', 'Museo Radio', 'San Fermo', 'Sighseeing']",Castelvecchio,strategy_nearest,False,0.002727985382080078,success
04ED894A9C4C80,0,"['Casa Giulietta', 'Arena']",Tomba Giulietta,"['San Fermo', 'Museo Storia', 'Museo Lapidario', 'Museo Radio', 'Verona Tour']",Torre Lamberti,strategy_nearest,False,0.0035300254821777344,success
04ED914A9C4C80,2,"['Castelvecchio', 'Santa Anastasia']",Duomo,"['AMO', 'Museo Miniscalchi', 'Teatro Romano', 'Palazzo della Ragione', 'Museo Conte']",Palazzo della Ragione,strategy_nearest,True,0.00281524658203125,success
04ED944A9C4C80,3,"['Castelvecchio', 'Arena', 'Torre Lamberti']",Santa Anastasia,"['AMO', 'Museo Conte', 'Palazzo della Ragione', 'Teatro Romano', 'Centro Fotografia']",Duomo,strategy_nearest,False,0.0035910606384277344,success
04ED904A9C4C80,3,"['Arena', 'Castelvecchio', 'Casa Giulietta']",Santa Anastasia,"['AMO', 'Museo Conte', 'Palazzo della Ragione', 'Teatro Romano', 'Centro Fotografia']",Duomo,strategy_nearest,False,0.0023360252380371094,success
04ED8F429C4C80,0,['Castelvecchio'],Arena,"['Verona Tour', 'Museo Lapidario', 'Museo Radio', 'San Fermo', 'Casa Giulietta']",San Fermo,strategy_nearest,True,0.0068929195404052734,success
04ED984A9C4C80,3,"['Arena', 'Casa Giulietta', 'Duomo']",Teatro Romano,"['Santa Anastasia', 'AMO', 'Palazzo della Ragione', 'Museo Conte', 'Centro Fotografia']",Santa Anastasia,strategy_nearest,True,0.004064083099365234,success
04EDA74A9C4C80,3,"['Arena', 'Casa Giulietta', 'Torre Lamberti']",Santa Anastasia,"['AMO', 'Museo Conte', 'Palazzo della Ragione', 'Teatro Romano', 'Centro Fotografia']",Teatro Romano,strategy_nearest,True,0.004477739334106445,success
04EDAA4A9C4C80,0,['Arena'],Casa Giulietta,"['Centro Fotografia', 'Sighseeing', 'Torre Lamberti', 'Museo Conte', 'Museo Radio']",Castelvecchio,strategy_nearest,False,0.003895998001098633,success
04EDAC429C4C80,0,"['Arena', 'Museo Lapidario']",Castelvecchio,"['Verona Tour', 'Museo Radio', 'San Zeno', 'Sighseeing', 'Museo Miniscalchi']",Casa Giulietta,strategy_nearest,False,0.0041730403900146484,success
04EDB1429C4C80,0,['Torre Lamberti'],Casa Giulietta,"['Centro Fotografia', 'Sighseeing', 'Museo Conte', 'Museo Radio', 'Palazzo della Ragione']",Arena,strategy_nearest,False,0.0035059452056884766,success
04EDC0429C4C80,0,"['Arena', 'Castelvecchio']",Casa Giulietta,"['Centro Fotografia', 'Sighseeing', 'Torre Lamberti', 'Museo Conte', 'Museo Radio']",Teatro Romano,strategy_nearest,False,0.005037784576416016,success
04EDB73A9C4C80,0,['Torre Lamberti'],Arena,"['Verona Tour', 'Museo Lapidario', 'Museo Radio', 'San Fermo', 'Casa Giulietta']",Castelvecchio,strategy_nearest,False,0.0034759044647216797,success
04EDBB429C4C80,2,"['Duomo', 'Torre Lamberti']",Palazzo della Ragione,"['AMO', 'Museo Conte', 'Centro Fotografia', 'Sighseeing', 'Santa Anastasia']",Casa Giulietta,strategy_nearest,False,0.005071163177490234,success
04EDCB429C4C80,3,"['Castelvecchio', 'Arena']",Torre Lamberti,"['Sighseeing', 'Centro Fotografia', 'Museo Conte', 'Casa Giulietta', 'Palazzo della Ragione']",Santa Anastasia,strategy_nearest,False,0.0028939247131347656,success
04EDD6429C4C80,0,['Tomba Giulietta'],Castelvecchio,"['Museo Lapidario', 'Verona Tour', 'Arena', 'Museo Radio', 'San Zeno']",Giardino Giusti,strategy_nearest,False,0.0020041465759277344,success
04EDE13A9C4C80,3,"['Arena', 'Casa Giulietta']",Santa Anastasia,"['AMO', 'Museo Conte', 'Palazzo della Ragione', 'Teatro Romano', 'Centro Fotografia']",Duomo,strategy_nearest,False,0.00391387939453125,success
04EDCD3A9C4C80,3,"['Arena', 'Casa Giulietta']",Torre Lamberti,"['Sighseeing', 'Centro Fotografia', 'Museo Conte', 'Palazzo della Ragione', 'AMO']",Santa Anastasia,strategy_nearest,False,0.003443002700805664,success
04EDE43A9C4C80,2,"['Casa Giulietta', 'Torre Lamberti']",Santa Anastasia,"['AMO', 'Museo Conte', 'Palazzo della Ragione', 'Teatro Romano', 'Centro Fotografia']",Palazzo della Ragione,strategy_nearest,True,0.0021140575408935547,success
04EDED3A9C4C80,0,['Arena'],Castelvecchio,"['Museo Lapidario', 'Verona Tour', 'Museo Radio', 'San Zeno', 'Sighseeing']",Torre Lamberti,strategy_nearest,False,0.002051115036010742,success
04EDF53A9C4C80,2,['Duomo'],Santa Anastasia,"['AMO', 'Museo Conte', 'Palazzo della Ragione', 'Teatro Romano', 'Centro Fotografia']",Casa Giulietta,strategy_nearest,False,0.002910137176513672,success
04EDF7429C4C80,3,"['San Zeno', 'Arena', 'Tomba Giulietta', 'San Fermo']",Torre Lamberti,"['Sighseeing', 'Centro Fotografia', 'Museo Conte', 'Casa Giulietta', 'Palazzo della Ragione']",Duomo,strategy_nearest,False,0.0032379627227783203,success
04EE224A9C4C80,2,"['Castelvecchio', 'Casa Giulietta', 'Tomba Giulietta']",Duomo,"['AMO', 'Museo Miniscalchi', 'Santa Anastasia', 'Teatro Romano', 'Palazzo della Ragione']",Torre Lamberti,strategy_nearest,False,0.0031058788299560547,success
04EE20429C4C80,1,"['Casa Giulietta', 'Tomba Giulietta', 'Arena']",Torre Lamberti,"['Sighseeing', 'Centro Fotografia', 'Museo Conte', 'Palazzo della Ragione', 'AMO']",Palazzo della Ragione,strategy_nearest,True,0.0025110244750976562,success
04EE2C429C4C80,2,['San Fermo'],Casa Giulietta,"['Centro Fotografia', 'Sighseeing', 'Torre Lamberti', 'Museo Conte', 'Museo Radio']",Castelvecchio,strategy_nearest,False,0.002094745635986328,success
04EE35429C4C80,0,['Castelvecchio'],Arena,"['Verona Tour', 'Museo Lapidario', 'Museo Radio', 'San Fermo', 'Casa Giulietta']",Tomba Giulietta,strategy_nearest,False,0.002521038055419922,success
04EE263A9C4C80,2,['Castelvecchio'],Teatro Romano,"['Santa Anastasia', 'Duomo', 'AMO', 'Palazzo della Ragione', 'Museo Conte']",Palazzo della Ragione,strategy_nearest,True,0.0028600692749023438,success
04EE36429C4C80,3,"['Arena', 'Torre Lamberti']",Santa Anastasia,"['AMO', 'Museo Conte', 'Palazzo della Ragione', 'Teatro Romano', 'Centro Fotografia']",Teatro Romano,strategy_nearest,True,0.003100872039794922,success
04EE473A9C4C80,1,"['Santa Anastasia', 'Torre Lamberti']",Palazzo della Ragione,"['AMO', 'Museo Conte', 'Centro Fotografia', 'Sighseeing', 'Museo Miniscalchi']",Casa Giulietta,strategy_nearest,False,0.002434253692626953,success
04EE4B3A9C4C80,0,['Arena'],Casa Giulietta,"['Centro Fotografia', 'Sighseeing', 'Torre Lamberti', 'Museo Conte', 'Museo Radio']",Castelvecchio,strategy_nearest,False,0.0036449432373046875,success
04EE533A9C4C80,0,['Arena'],Castelvecchio,"['Museo Lapidario', 'Verona Tour', 'Museo Radio', 'San Zeno', 'Sighseeing']",Duomo,strategy_nearest,False,0.003161191940307617,success
04EE4A429C4C80,0,['Castelvecchio'],Arena,"['Verona Tour', 'Museo Lapidario', 'Museo Radio', 'San Fermo', 'Casa Giulietta']",Teatro Romano,strategy_nearest,False,0.0034470558166503906,success
04EE4F429C4C80,0,['Arena'],Teatro Romano,"['Santa Anastasia', 'Duomo', 'AMO', 'Palazzo della Ragione', 'Museo Conte']",Duomo,strategy_nearest,True,0.0026390552520751953,success
04EE56429C4C80,2,"['Castelvecchio', 'Palazzo della Ragione', 'Torre Lamberti']",Casa Giulietta,"['Centro Fotografia', 'Sighseeing', 'Museo Conte', 'Museo Radio', 'San Fermo']",Giardino Giusti,strategy_nearest,False,0.002557992935180664,success
04EE6D429C4C80,3,"['Arena', 'Casa Giulietta']",Santa Anastasia,"['AMO', 'Museo Conte', 'Palazzo della Ragione', 'Teatro Romano', 'Centro Fotografia']",Duomo,strategy_nearest,False,0.002277851104736328,success
04EE75429C4C80,2,"['Casa Giulietta', 'San Fermo', 'Torre Lamberti']",Tomba Giulietta,"['Museo Storia', 'Arena', 'Museo Lapidario', 'Museo Radio', 'Verona Tour']",Castelvecchio,strategy_nearest,False,0.0022430419921875,success
04EE72429C4C80,2,"['Casa Giulietta', 'Torre Lamberti']",Santa Anastasia,"['AMO', 'Museo Conte', 'Palazzo della Ragione', 'Teatro Romano', 'Centro Fotografia']",Duomo,strategy_nearest,False,0.004063844680786133,success
04EE853A9C4C80,1,"['Arena', 'Duomo', 'Santa Anastasia']",Torre Lamberti,"['Sighseeing', 'Centro Fotografia', 'Museo Conte', 'Casa Giulietta', 'Palazzo della Ragione']",Palazzo della Ragione,strategy_nearest,True,0.001964092254638672,success
04EE813A9C4C80,0,['Arena'],Casa Giulietta,"['Centro Fotografia', 'Sighseeing', 'Torre Lamberti', 'Museo Conte', 'Museo Radio']",Teatro Romano,strategy_nearest,False,0.0025968551635742188,success
04EE8A3A9C4C80,2,['Teatro Romano'],Casa Giulietta,"['Centro Fotografia', 'Sighseeing', 'Torre Lamberti', 'Museo Conte', 'Museo Radio']",Torre Lamberti,strategy_nearest,True,0.0026199817657470703,success
04EE8E429C4C80,0,['Arena'],Casa Giulietta,"['Centro Fotografia', 'Sighseeing', 'Torre Lamberti', 'Museo Conte', 'Museo Radio']",Torre Lamberti,strategy_nearest,True,0.0036869049072265625,success
04EE944A9C4C80,1,"['Arena', 'Museo Lapidario']",Casa Giulietta,"['Centro Fotografia', 'Sighseeing', 'Torre Lamberti', 'Museo Conte', 'Museo Radio']",Torre Lamberti,strategy_nearest,True,0.0020618438720703125,success
04EEB0429C4C80,1,"['Arena', 'Casa Giulietta', 'Teatro Romano']",Torre Lamberti,"['Sighseeing', 'Centro Fotografia', 'Museo Conte', 'Palazzo della Ragione', 'AMO']",Palazzo della Ragione,strategy_nearest,True,0.0032961368560791016,success
04EE954A9C4C80,1,['Arena'],Palazzo della Ragione,"['AMO', 'Museo Conte', 'Torre Lamberti', 'Centro Fotografia', 'Sighseeing']",Teatro Romano,strategy_nearest,False,0.002766132354736328,success
04EEC0429C4C80,0,['Arena'],Casa Giulietta,"['Centro Fotografia', 'Sighseeing', 'Torre Lamberti', 'Museo Conte', 'Museo Radio']",Santa Anastasia,strategy_nearest,False,0.0026111602783203125,success
04EEB93A9C4C80,3,"['Castelvecchio', 'San Zeno', 'Arena']",Casa Giulietta,"['Centro Fotografia', 'Sighseeing', 'Torre Lamberti', 'Museo Conte', 'Museo Radio']",Santa Anastasia,strategy_nearest,False,0.0028219223022460938,success
04EEC33A9C4C80,0,"['Arena', 'Museo Lapidario']",Castelvecchio,"['Verona Tour', 'Museo Radio', 'San Zeno', 'Sighseeing', 'Museo Miniscalchi']",Torre Lamberti,strategy_nearest,False,0.0025501251220703125,success
04EEC5429C4C80,2,['Casa Giulietta'],Santa Anastasia,"['AMO', 'Museo Conte', 'Palazzo della Ragione', 'Teatro Romano', 'Centro Fotografia']",Duomo,strategy_nearest,False,0.0037157535552978516,success
04EECA429C4C80,2,['Casa Giulietta'],Santa Anastasia,"['AMO', 'Museo Conte', 'Palazzo della Ragione', 'Teatro Romano', 'Centro Fotografia']",Teatro Romano,strategy_nearest,True,0.0025730133056640625,success
04EECD3A9C4C80,3,['Arena'],Casa Giulietta,"['Centro Fotografia', 'Sighseeing', 'Torre Lamberti', 'Museo Conte', 'Museo Radio']",Santa Anastasia,strategy_nearest,False,0.002707242965698242,success
04EEDB3A9C4C80,4,"['Tomba Giulietta', 'Arena', 'Casa Giulietta']",Teatro Romano,"['Santa Anastasia', 'Duomo', 'AMO', 'Palazzo della Ragione', 'Museo Conte']",Museo Radio,strategy_nearest,False,0.003201007843017578,success
04EEF03A9C4C80,0,['Arena'],Casa Giulietta,"['Centro Fotografia', 'Sighseeing', 'Torre Lamberti', 'Museo Conte', 'Museo Radio']",Teatro Romano,strategy_nearest,False,0.002629995346069336,success
04EEDF3A9C4C80,3,"['Arena', 'Museo Lapidario', 'Castelvecchio', 'Torre Lamberti']",Casa Giulietta,"['Centro Fotografia', 'Sighseeing', 'Museo Conte', 'Museo Radio', 'Palazzo della Ragione']",Santa Anastasia,strategy_nearest,False,0.002763986587524414,success
04EEE13A9C4C80,0,['Arena'],Casa Giulietta,"['Centro Fotografia', 'Sighseeing', 'Torre Lamberti', 'Museo Conte', 'Museo Radio']",Torre Lamberti,strategy_nearest,True,0.0036318302154541016,success
04EEE63A9C4C80,0,['Castelvecchio'],Arena,"['Verona Tour', 'Museo Lapidario', 'Museo Radio', 'San Fermo', 'Casa Giulietta']",Casa Giulietta,strategy_nearest,True,0.0035610198974609375,success
04EF0D3A9C4C84,6,['Casa Giulietta'],Santa Anastasia,"['AMO', 'Museo Conte', 'Palazzo della Ragione', 'Teatro Romano', 'Centro Fotografia']",Duomo,strategy_nearest,False,0.0028312206268310547,success
04EEFE429C4C80,3,"['Casa Giulietta', 'Santa Anastasia', 'Duomo', 'Teatro Romano', 'Arena']",San Fermo,"['Museo Storia', 'Museo Radio', 'Centro Fotografia', 'Sighseeing', 'Torre Lamberti']",Tomba Giulietta,strategy_nearest,False,0.0022122859954833984,success
04EF133A9C4C84,0,['Arena'],Casa Giulietta,"['Centro Fotografia', 'Sighseeing', 'Torre Lamberti', 'Museo Conte', 'Museo Radio']",Torre Lamberti,strategy_nearest,True,0.003428936004638672,success
04EF1F3A9C4C80,2,['Casa Giulietta'],Torre Lamberti,"['Sighseeing', 'Centro Fotografia', 'Museo Conte', 'Palazzo della Ragione', 'AMO']",Duomo,strategy_nearest,False,0.0027420520782470703,success
04EF203A9C4C80,2,['Castelvecchio'],Tomba Giulietta,"['San Fermo', 'Museo Storia', 'Arena', 'Museo Lapidario', 'Museo Radio']",Casa Giulietta,strategy_nearest,False,0.0035190582275390625,success
04EF2A3A9C4C80,0,['Giardino Giusti'],Arena,"['Verona Tour', 'Museo Lapidario', 'Museo Radio', 'San Fermo', 'Casa Giulietta']",San Zeno,strategy_nearest,False,0.0027778148651123047,success
04EF254A9C4C80,2,['Torre Lamberti'],Castelvecchio,"['Museo Lapidario', 'Verona Tour', 'Arena', 'Museo Radio', 'San Zeno']",Teatro Romano,strategy_nearest,False,0.0021779537200927734,success
04EF2C429C4C80,1,"['Arena', 'Castelvecchio', 'Casa Giulietta']",Torre Lamberti,"['Sighseeing', 'Centro Fotografia', 'Museo Conte', 'Palazzo della Ragione', 'AMO']",Torre Lamberti,strategy_nearest,False,0.0033152103424072266,success
04EF34429C4C80,1,"['Arena', 'Casa Giulietta']",Castelvecchio,"['Museo Lapidario', 'Verona Tour', 'Museo Radio', 'San Zeno', 'Sighseeing']",Palazzo della Ragione,strategy_nearest,False,0.0020520687103271484,success
04EF2C4A9C4C80,2,"['Casa Giulietta', 'Torre Lamberti']",Santa Anastasia,"['AMO', 'Museo Conte', 'Palazzo della Ragione', 'Teatro Romano', 'Centro Fotografia']",Duomo,strategy_nearest,False,0.002635955810546875,success
04EF32429C4C80,3,['Arena'],Torre Lamberti,"['Sighseeing', 'Centro Fotografia', 'Museo Conte', 'Casa Giulietta', 'Palazzo della Ragione']",Santa Anastasia,strategy_nearest,False,0.0035021305084228516,success
04EF393A9C4C80,0,['Arena'],Castelvecchio,"['Museo Lapidario', 'Verona Tour', 'Museo Radio', 'San Zeno', 'Sighseeing']",Torre Lamberti,strategy_nearest,False,0.00333404541015625,success
04EF56429C4C80,0,['Arena'],Casa Giulietta,"['Centro Fotografia', 'Sighseeing', 'Torre Lamberti', 'Museo Conte', 'Museo Radio']",Torre Lamberti,strategy_nearest,True,0.003258943557739258,success
04EF3D429C4C80,2,['Casa Giulietta'],Palazzo della Ragione,"['AMO', 'Museo Conte', 'Torre Lamberti', 'Centro Fotografia', 'Sighseeing']",Torre Lamberti,strategy_nearest,True,0.001390695571899414,success
04EF3A429C4C80,0,['Torre Lamberti'],Arena,"['Verona Tour', 'Museo Lapidario', 'Museo Radio', 'San Fermo', 'Casa Giulietta']",Castelvecchio,strategy_nearest,False,0.0037369728088378906,success
04EF483A9C4C80,3,"['San Zeno', 'Tomba Giulietta', 'Santa Anastasia']",Arena,"['Verona Tour', 'Museo Lapidario', 'Museo Radio', 'San Fermo', 'Casa Giulietta']",Casa Giulietta,strategy_nearest,True,0.002875089645385742,success
04EF593A9C4C80,3,"['Duomo', 'Santa Anastasia']",Arena,"['Verona Tour', 'Museo Lapidario', 'Museo Radio', 'San Fermo', 'Casa Giulietta']",Castelvecchio,strategy_nearest,False,0.001981973648071289,success
04EF5F429C4C80,0,['Teatro Romano'],Arena,"['Verona Tour', 'Museo Lapidario', 'Museo Radio', 'San Fermo', 'Casa Giulietta']",Castelvecchio,strategy_nearest,False,0.0031409263610839844,success
04EF5A3A9C4C80,2,"['Torre Lamberti', 'Santa Anastasia']",Duomo,"['AMO', 'Museo Miniscalchi', 'Teatro Romano', 'Palazzo della Ragione', 'Museo Conte']",Teatro Romano,strategy_nearest,True,0.00251007080078125,success
04EF58429C4C80,2,"['Castelvecchio', 'Torre Lamberti']",Palazzo della Ragione,"['AMO', 'Museo Conte', 'Centro Fotografia', 'Sighseeing', 'Santa Anastasia']",Casa Giulietta,strategy_nearest,False,0.0040400028228759766,success
04EF65429C4C80,3,"['Casa Giulietta', 'Arena', 'Castelvecchio']",Tomba Giulietta,"['San Fermo', 'Museo Storia', 'Museo Lapidario', 'Museo Radio', 'Verona Tour']",Teatro Romano,strategy_nearest,False,0.0026111602783203125,success
04EF66429C4C80,3,['Santa Anastasia'],Torre Lamberti,"['Sighseeing', 'Centro Fotografia', 'Museo Conte', 'Casa Giulietta', 'Palazzo della Ragione']",Castelvecchio,strategy_nearest,False,0.002730131149291992,success
04EF69429C4C80,1,"['Arena', 'Museo Lapidario', 'Castelvecchio', 'Palazzo della Ragione']",Torre Lamberti,"['Sighseeing', 'Centro Fotografia', 'Museo Conte', 'Casa Giulietta', 'AMO']",Casa Giulietta,strategy_nearest,True,0.0031011104583740234,success
04EF864A9C4C80,0,['Arena'],Castelvecchio,"['Museo Lapidario', 'Verona Tour', 'Museo Radio', 'San Zeno', 'Sighseeing']",Santa Anastasia,strategy_nearest,False,0.002537250518798828,success
04EF87429C4C80,0,['Torre Lamberti'],Arena,"['Verona Tour', 'Museo Lapidario', 'Museo Radio', 'San Fermo', 'Casa Giulietta']",San Fermo,strategy_nearest,True,0.00148773193359375,success
04EF893A9C4C80,0,['Arena'],Casa Giulietta,"['Centro Fotografia', 'Sighseeing', 'Torre Lamberti', 'Museo Conte', 'Museo Radio']",Santa Anastasia,strategy_nearest,False,0.002958059310913086,success
04EF894A9C4C80,3,"['Arena', 'Arena', 'San Fermo']",Casa Giulietta,"['Centro Fotografia', 'Sighseeing', 'Torre Lamberti', 'Museo Conte', 'Museo Radio']",Torre Lamberti,strategy_nearest,True,0.0017731189727783203,success
04EF9F429C4C80,3,['Arena'],Torre Lamberti,"['Sighseeing', 'Centro Fotografia', 'Museo Conte', 'Casa Giulietta', 'Palazzo della Ragione']",Santa Anastasia,strategy_nearest,False,0.003240823745727539,success
04EF904A9C4C80,3,"['Arena', 'San Fermo']",Santa Anastasia,"['AMO', 'Museo Conte', 'Palazzo della Ragione', 'Teatro Romano', 'Centro Fotografia']",Duomo,strategy_nearest,False,0.002665996551513672,success
04EFA44A9C4C80,0,['Arena'],Casa Giulietta,"['Centro Fotografia', 'Sighseeing', 'Torre Lamberti', 'Museo Conte', 'Museo Radio']",Teatro Romano,strategy_nearest,False,0.004023075103759766,success
04EFA83A9C4C80,0,['Castelvecchio'],Arena,"['Verona Tour', 'Museo Lapidario', 'Museo Radio', 'San Fermo', 'Casa Giulietta']",Casa Giulietta,strategy_nearest,True,0.0021147727966308594,success
04EFA93A9C4C80,3,"['Arena', 'Santa Anastasia']",Torre Lamberti,"['Sighseeing', 'Centro Fotografia', 'Museo Conte', 'Casa Giulietta', 'Palazzo della Ragione']",Casa Giulietta,strategy_nearest,True,0.002408266067504883,success
04EFAE3A9C4C80,3,['Arena'],Teatro Romano,"['Santa Anastasia', 'Duomo', 'AMO', 'Palazzo della Ragione', 'Museo Conte']",Santa Anastasia,strategy_nearest,True,0.003180980682373047,success
04EFBA3A9C4C80,1,"['Arena', 'Castelvecchio', 'Torre Lamberti']",Palazzo della Ragione,"['AMO', 'Museo Conte', 'Centro Fotografia', 'Sighseeing', 'Santa Anastasia']",Casa Giulietta,strategy_nearest,False,0.002847909927368164,success
04EFC03A9C4C80,0,"['Arena', 'Castelvecchio']",Casa Giulietta,"['Centro Fotografia', 'Sighseeing', 'Torre Lamberti', 'Museo Conte', 'Museo Radio']",Duomo,strategy_nearest,False,0.002235889434814453,success
04EFC13A9C4C80,2,"['Palazzo della Ragione', 'Torre Lamberti', 'Santa Anastasia']",Duomo,"['AMO', 'Museo Miniscalchi', 'Teatro Romano', 'Museo Conte', 'Centro Fotografia']",Castelvecchio,strategy_nearest,False,0.0029790401458740234,success
04EFC63A9C4C80,2,"['Castelvecchio', 'Torre Lamberti']",Santa Anastasia,"['AMO', 'Museo Conte', 'Palazzo della Ragione', 'Teatro Romano', 'Centro Fotografia']",Duomo,strategy_nearest,False,0.0030999183654785156,success
04EFCA3A9C4C80,4,"['Tomba Giulietta', 'Museo Radio', 'Arena', 'Museo Lapidario']",Casa Giulietta,"['Centro Fotografia', 'Sighseeing', 'Torre Lamberti', 'Museo Conte', 'Palazzo della Ragione']",Torre Lamberti,strategy_nearest,True,0.0026750564575195312,success
04EFCB3A9C4C80,0,['Arena'],Casa Giulietta,"['Centro Fotografia', 'Sighseeing', 'Torre Lamberti', 'Museo Conte', 'Museo Radio']",Torre Lamberti,strategy_nearest,True,0.0032851696014404297,success
04EFCD3A9C4C80,3,"['Arena', 'Teatro Romano']",Duomo,"['AMO', 'Museo Miniscalchi', 'Santa Anastasia', 'Palazzo della Ragione', 'Museo Conte']",Santa Anastasia,strategy_nearest,True,0.0033020973205566406,success
04EFD13A9C4C80,0,"['Arena', 'Museo Lapidario']",Teatro Romano,"['Santa Anastasia', 'Duomo', 'AMO', 'Palazzo della Ragione', 'Museo Conte']",Castelvecchio,strategy_nearest,False,0.0028519630432128906,success
04EFD1429C4C80,0,"['Arena', 'Casa Giulietta']",Torre Lamberti,"['Sighseeing', 'Centro Fotografia', 'Museo Conte', 'Palazzo della Ragione', 'AMO']",Teatro Romano,strategy_nearest,False,0.0032460689544677734,success
04EFDF3A9C4C80,1,['Museo Lapidario'],Arena,"['Verona Tour', 'Museo Radio', 'San Fermo', 'Casa Giulietta', 'Sighseeing']",Palazzo della Ragione,strategy_nearest,False,0.002582073211669922,success
04EFF4429C4C80,3,"['Arena', 'Teatro Romano']",Duomo,"['AMO', 'Museo Miniscalchi', 'Santa Anastasia', 'Palazzo della Ragione', 'Museo Conte']",Santa Anastasia,strategy_nearest,True,0.001827239990234375,success
04EFE03A9C4C80,3,"['Castelvecchio', 'Arena']",Torre Lamberti,"['Sighseeing', 'Centro Fotografia', 'Museo Conte', 'Casa Giulietta', 'Palazzo della Ragione']",Santa Anastasia,strategy_nearest,False,0.0025348663330078125,success
04EFEC3A9C4C80,0,['Castelvecchio'],Arena,"['Verona Tour', 'Museo Lapidario', 'Museo Radio', 'San Fermo', 'Casa Giulietta']",Torre Lamberti,strategy_nearest,False,0.0030088424682617188,success
04F026BA7B3F80,4,"['Arena', 'Casa Giulietta', 'Torre Lamberti', 'Santa Anastasia']",Duomo,"['AMO', 'Museo Miniscalchi', 'Teatro Romano', 'Palazzo della Ragione', 'Museo Conte']",San Fermo,strategy_nearest,False,0.0025179386138916016,success
04F0163A9C4C84,0,['Arena'],Casa Giulietta,"['Centro Fotografia', 'Sighseeing', 'Torre Lamberti', 'Museo Conte', 'Museo Radio']",Duomo,strategy_nearest,False,0.0035839080810546875,success
04F01F3A9C4C80,0,"['Castelvecchio', 'Torre Lamberti']",Casa Giulietta,"['Centro Fotografia', 'Sighseeing', 'Museo Conte', 'Museo Radio', 'Palazzo della Ragione']",Arena,strategy_nearest,False,0.0033330917358398438,success
04F02CBA7B3F80,4,"['Arena', 'Casa Giulietta', 'Torre Lamberti', 'Santa Anastasia']",Duomo,"['AMO', 'Museo Miniscalchi', 'Teatro Romano', 'Palazzo della Ragione', 'Museo Conte']",San Fermo,strategy_nearest,False,0.0033910274505615234,success
04F0304A9C4C80,0,"['Arena', 'Torre Lamberti']",Casa Giulietta,"['Centro Fotografia', 'Sighseeing', 'Museo Conte', 'Museo Radio', 'Palazzo della Ragione']",Giardino Giusti,strategy_nearest,False,0.0031769275665283203,success
04F02E429C4C80,0,['Arena'],Torre Lamberti,"['Sighseeing', 'Centro Fotografia', 'Museo Conte', 'Casa Giulietta', 'Palazzo della Ragione']",Casa Giulietta,strategy_nearest,True,0.0025892257690429688,success
04F032429C4C80,0,"['Arena', 'Casa Giulietta']",Torre Lamberti,"['Sighseeing', 'Centro Fotografia', 'Museo Conte', 'Palazzo della Ragione', 'AMO']",Teatro Romano,strategy_nearest,False,0.0025169849395751953,success
04F0343A9C4C80,1,"['Arena', 'Museo Lapidario', 'Casa Giulietta']",Torre Lamberti,"['Sighseeing', 'Centro Fotografia', 'Museo Conte', 'Palazzo della Ragione', 'AMO']",Palazzo della Ragione,strategy_nearest,True,0.0026569366455078125,success
04F0374A9C4C80,0,"['Casa Giulietta', 'Castelvecchio']",Arena,"['Verona Tour', 'Museo Lapidario', 'Museo Radio', 'San Fermo', 'Sighseeing']",Torre Lamberti,strategy_nearest,False,0.0024840831756591797,success
04F0483A9C4C80,3,"['Santa Anastasia', 'Duomo']",Torre Lamberti,"['Sighseeing', 'Centro Fotografia', 'Museo Conte', 'Casa Giulietta', 'Palazzo della Ragione']",Arena,strategy_nearest,False,0.002613067626953125,success
04F03D3A9C4C80,0,['Casa Giulietta'],Arena,"['Verona Tour', 'Museo Lapidario', 'Museo Radio', 'San Fermo', 'Sighseeing']",Castelvecchio,strategy_nearest,False,0.003614187240600586,success
04F054429C4C80,0,['Arena'],Torre Lamberti,"['Sighseeing', 'Centro Fotografia', 'Museo Conte', 'Casa Giulietta', 'Palazzo della Ragione']",Castelvecchio,strategy_nearest,False,0.0025141239166259766,success
04F0523A9C4C80,3,"['San Zeno', 'Castelvecchio', 'Casa Giulietta']",Santa Anastasia,"['AMO', 'Museo Conte', 'Palazzo della Ragione', 'Teatro Romano', 'Centro Fotografia']",Duomo,strategy_nearest,False,0.0033080577850341797,success
04F0563A9C4C80,1,"['Arena', 'Casa Giulietta', 'Palazzo della Ragione']",Torre Lamberti,"['Sighseeing', 'Centro Fotografia', 'Museo Conte', 'AMO', 'Museo Miniscalchi']",Teatro Romano,strategy_nearest,False,0.0022869110107421875,success
04F0583A9C4C80,3,"['Arena', 'Torre Lamberti', 'Casa Giulietta']",Tomba Giulietta,"['San Fermo', 'Museo Storia', 'Museo Lapidario', 'Museo Radio', 'Verona Tour']",Castelvecchio,strategy_nearest,False,0.002076864242553711,success
04F056429C4C80,1,"['Teatro Romano', 'Duomo', 'Torre Lamberti']",Palazzo della Ragione,"['AMO', 'Museo Conte', 'Centro Fotografia', 'Sighseeing', 'Santa Anastasia']",Casa Giulietta,strategy_nearest,False,0.0029387474060058594,success
04F068429C4C80,2,"['Casa Giulietta', 'Torre Lamberti']",Palazzo della Ragione,"['AMO', 'Museo Conte', 'Centro Fotografia', 'Sighseeing', 'Santa Anastasia']",Santa Anastasia,strategy_nearest,True,0.0026252269744873047,success
04F0733A9C4C80,0,"['Arena', 'Castelvecchio']",San Zeno,"['Verona Tour', 'Museo Lapidario', 'Museo Miniscalchi', 'Sighseeing', 'Museo Radio']",Teatro Romano,strategy_nearest,False,0.003114938735961914,success
04F0753A9C4C80,1,"['Arena', 'Castelvecchio']",Palazzo della Ragione,"['AMO', 'Museo Conte', 'Torre Lamberti', 'Centro Fotografia', 'Sighseeing']",Torre Lamberti,strategy_nearest,True,0.002977132797241211,success
04F0814A9C4C80,2,"['Casa Giulietta', 'Santa Anastasia']",Torre Lamberti,"['Sighseeing', 'Centro Fotografia', 'Museo Conte', 'Palazzo della Ragione', 'AMO']",Duomo,strategy_nearest,False,0.0025911331176757812,success
04F079429C4C80,0,['Arena'],Casa Giulietta,"['Centro Fotografia', 'Sighseeing', 'Torre Lamberti', 'Museo Conte', 'Museo Radio']",Torre Lamberti,strategy_nearest,True,0.002465963363647461,success
04F08ABA7B3F80,3,"['San Fermo', 'Arena', 'Castelvecchio']",San Zeno,"['Verona Tour', 'Museo Lapidario', 'Museo Miniscalchi', 'Sighseeing', 'Museo Radio']",Torre Lamberti,strategy_nearest,False,0.0033898353576660156,success
04F0904A9C4C80,3,"['Casa Giulietta', 'Torre Lamberti', 'Santa Anastasia']",Duomo,"['AMO', 'Museo Miniscalchi', 'Teatro Romano', 'Palazzo della Ragione', 'Museo Conte']",Arena,strategy_nearest,False,0.0031287670135498047,success
04F09C429C4C80,3,"['Arena', 'Casa Giulietta']",Torre Lamberti,"['Sighseeing', 'Centro Fotografia', 'Museo Conte', 'Palazzo della Ragione', 'AMO']",Santa Anastasia,strategy_nearest,False,0.003306865692138672,success
04F0954A9C4C80,0,['Arena'],Torre Lamberti,"['Sighseeing', 'Centro Fotografia', 'Museo Conte', 'Casa Giulietta', 'Palazzo della Ragione']",Teatro Romano,strategy_nearest,False,0.0027840137481689453,success
04F09E4A9C4C80,0,['Arena'],Museo Lapidario,"['Verona Tour', 'Castelvecchio', 'Museo Radio', 'San Fermo', 'Casa Giulietta']",Casa Giulietta,strategy_nearest,True,0.0032329559326171875,success
04F0B6429C4C80,0,['Teatro Romano'],Arena,"['Verona Tour', 'Museo Lapidario', 'Museo Radio', 'San Fermo', 'Casa Giulietta']",Casa Giulietta,strategy_nearest,True,0.003063201904296875,success
04F0B93A9C4C80,1,['Palazzo della Ragione'],Torre Lamberti,"['Sighseeing', 'Centro Fotografia', 'Museo Conte', 'Casa Giulietta', 'AMO']",Casa Giulietta,strategy_nearest,True,0.0027551651000976562,success
04F0BB429C4C80,1,['Arena'],Casa Giulietta,"['Centro Fotografia', 'Sighseeing', 'Torre Lamberti', 'Museo Conte', 'Museo Radio']",Torre Lamberti,strategy_nearest,True,0.00327301025390625,success
04F0BD429C4C80,1,"['Arena', 'Casa Giulietta']",Museo Lapidario,"['Verona Tour', 'Castelvecchio', 'Museo Radio', 'San Fermo', 'Tomba Giulietta']",Torre Lamberti,strategy_nearest,False,0.0033419132232666016,success
04F0BF429C4C80,3,['Arena'],Torre Lamberti,"['Sighseeing', 'Centro Fotografia', 'Museo Conte', 'Casa Giulietta', 'Palazzo della Ragione']",Santa Anastasia,strategy_nearest,False,0.0031807422637939453,success
04F0BF3A9C4C80,0,"['Arena', 'Museo Lapidario']",Castelvecchio,"['Verona Tour', 'Museo Radio', 'San Zeno', 'Sighseeing', 'Museo Miniscalchi']",Casa Giulietta,strategy_nearest,False,0.0032320022583007812,success
04F0D63A9C4C80,0,['Arena'],Teatro Romano,"['Santa Anastasia', 'Duomo', 'AMO', 'Palazzo della Ragione', 'Museo Conte']",Casa Giulietta,strategy_nearest,False,0.0033431053161621094,success
04F0CC3A9C4C80,2,"['Torre Lamberti', 'Casa Giulietta']",Santa Anastasia,"['AMO', 'Museo Conte', 'Palazzo della Ragione', 'Teatro Romano', 'Centro Fotografia']",Duomo,strategy_nearest,False,0.003409862518310547,success
04F0D7429C4C80,3,"['Arena', 'Museo Lapidario', 'Tomba Giulietta']",San Fermo,"['Museo Storia', 'Museo Radio', 'Casa Giulietta', 'Centro Fotografia', 'Sighseeing']",Torre Lamberti,strategy_nearest,False,0.0027191638946533203,success
04F0E03A9C4C80,3,"['Arena', 'Casa Giulietta']",San Fermo,"['Museo Storia', 'Museo Radio', 'Centro Fotografia', 'Sighseeing', 'Torre Lamberti']",Torre Lamberti,strategy_nearest,True,0.0033757686614990234,success
04F0E83A9C4C80,3,"['Arena', 'Casa Giulietta']",Torre Lamberti,"['Sighseeing', 'Centro Fotografia', 'Museo Conte', 'Palazzo della Ragione', 'AMO']",Santa Anastasia,strategy_nearest,False,0.002444028854370117,success
04F0E33A9C4C80,3,"['Teatro Romano', 'Santa Anastasia']",Torre Lamberti,"['Sighseeing', 'Centro Fotografia', 'Museo Conte', 'Casa Giulietta', 'Palazzo della Ragione']",Arena,strategy_nearest,False,0.0038290023803710938,success
04F0E73A9C4C80,0,['Arena'],Santa Anastasia,"['AMO', 'Museo Conte', 'Palazzo della Ragione', 'Teatro Romano', 'Centro Fotografia']",Tomba Giulietta,strategy_nearest,False,0.0025849342346191406,success
04F0FB3A9C4C80,3,['Torre Lamberti'],Arena,"['Verona Tour', 'Museo Lapidario', 'Museo Radio', 'San Fermo', 'Casa Giulietta']",Casa Giulietta,strategy_nearest,True,0.002936124801635742,success
04F0FF3A9C4C80,1,['Arena'],Casa Giulietta,"['Centro Fotografia', 'Sighseeing', 'Torre Lamberti', 'Museo Conte', 'Museo Radio']",Santa Anastasia,strategy_nearest,False,0.0030579566955566406,success
04F1173A9C4C84,3,"['Torre Lamberti', 'Santa Anastasia']",Arena,"['Verona Tour', 'Museo Lapidario', 'Museo Radio', 'San Fermo', 'Casa Giulietta']",Castelvecchio,strategy_nearest,False,0.0028412342071533203,success
04F0FF429C4C80,3,"['Tomba Giulietta', 'Santa Anastasia']",Duomo,"['AMO', 'Museo Miniscalchi', 'Teatro Romano', 'Palazzo della Ragione', 'Museo Conte']",Torre Lamberti,strategy_nearest,False,0.0023260116577148438,success
04F109429C4C84,3,['Duomo'],Santa Anastasia,"['AMO', 'Museo Conte', 'Palazzo della Ragione', 'Teatro Romano', 'Centro Fotografia']",Arena,strategy_nearest,False,0.003551959991455078,success
04F1354A9C4C80,3,"['Arena', 'Torre Lamberti', 'Santa Anastasia']",San Fermo,"['Museo Storia', 'Museo Radio', 'Casa Giulietta', 'Centro Fotografia', 'Sighseeing']",Casa Giulietta,strategy_nearest,True,0.0014328956604003906,success
04F12B3A9C4C80,2,['Castelvecchio'],Casa Giulietta,"['Centro Fotografia', 'Sighseeing', 'Torre Lamberti', 'Museo Conte', 'Museo Radio']",Teatro Romano,strategy_nearest,False,0.0022437572479248047,success
04F13D4A9C4C80,1,"['Casa Giulietta', 'Tomba Giulietta', 'San Fermo']",Castelvecchio,"['Museo Lapidario', 'Verona Tour', 'Arena', 'Museo Radio', 'San Zeno']",Torre Lamberti,strategy_nearest,False,0.0036089420318603516,success
04F1423A9C4C80,0,['Arena'],Museo Lapidario,"['Verona Tour', 'Castelvecchio', 'Museo Radio', 'San Fermo', 'Casa Giulietta']",Castelvecchio,strategy_nearest,True,0.002841949462890625,success
04F14E3A9C4C80,1,"['Arena', 'Casa Giulietta']",Palazzo della Ragione,"['AMO', 'Museo Conte', 'Torre Lamberti', 'Centro Fotografia', 'Sighseeing']",Santa Anastasia,strategy_nearest,False,0.0024347305297851562,success
04F1503A9C4C80,0,"['Tomba Giulietta', 'Arena']",Castelvecchio,"['Museo Lapidario', 'Verona Tour', 'Museo Radio', 'San Zeno', 'Sighseeing']",San Zeno,strategy_nearest,True,0.002523183822631836,success
04F154429C4C80,2,"['Torre Lamberti', 'Santa Anastasia']",Duomo,"['AMO', 'Museo Miniscalchi', 'Teatro Romano', 'Palazzo della Ragione', 'Museo Conte']",San Zeno,strategy_nearest,False,0.003326892852783203,success
04F159429C4C80,3,"['Museo Lapidario', 'Arena']",Castelvecchio,"['Verona Tour', 'Museo Radio', 'San Zeno', 'Sighseeing', 'Museo Miniscalchi']",Casa Giulietta,strategy_nearest,False,0.002157926559448242,success
04F151429C4C80,0,['Arena'],Casa Giulietta,"['Centro Fotografia', 'Sighseeing', 'Torre Lamberti', 'Museo Conte', 'Museo Radio']",Castelvecchio,strategy_nearest,False,0.002820730209350586,success
04F167429C4C80,0,['Arena'],Casa Giulietta,"['Centro Fotografia', 'Sighseeing', 'Torre Lamberti', 'Museo Conte', 'Museo Radio']",Santa Anastasia,strategy_nearest,False,0.0030498504638671875,success
04F1733A9C4C80,0,['Castelvecchio'],Arena,"['Verona Tour', 'Museo Lapidario', 'Museo Radio', 'San Fermo', 'Casa Giulietta']",Casa Giulietta,strategy_nearest,True,0.0026738643646240234,success
04F169429C4C80,0,['Arena'],Castelvecchio,"['Museo Lapidario', 'Verona Tour', 'Museo Radio', 'San Zeno', 'Sighseeing']",Teatro Romano,strategy_nearest,False,0.0020751953125,success
04F1773A9C4C80,1,"['Arena', 'Castelvecchio']",Casa Giulietta,"['Centro Fotografia', 'Sighseeing', 'Torre Lamberti', 'Museo Conte', 'Museo Radio']",Torre Lamberti,strategy_nearest,True,0.0033049583435058594,success
04F1814A9C4C80,1,"['Arena', 'Casa Giulietta', 'Santa Anastasia']",Teatro Romano,"['Duomo', 'AMO', 'Palazzo della Ragione', 'Museo Conte', 'Centro Fotografia']",Duomo,strategy_nearest,True,0.0028388500213623047,success
04F1854A9C4C80,0,['Arena'],Casa Giulietta,"['Centro Fotografia', 'Sighseeing', 'Torre Lamberti', 'Museo Conte', 'Museo Radio']",Torre Lamberti,strategy_nearest,True,0.003749847412109375,success
04F1873A9C4C80,3,"['Castelvecchio', 'Arena']",Casa Giulietta,"['Centro Fotografia', 'Sighseeing', 'Torre Lamberti', 'Museo Conte', 'Museo Radio']",Santa Anastasia,strategy_nearest,False,0.0024871826171875,success
04F1893A9C4C80,3,['Arena'],Castelvecchio,"['Museo Lapidario', 'Verona Tour', 'Museo Radio', 'San Zeno', 'Sighseeing']",Torre Lamberti,strategy_nearest,False,0.0018131732940673828,success
04F18D429C4C80,3,"['Castelvecchio', 'Arena', 'Tomba Giulietta']",Casa Giulietta,"['Centro Fotografia', 'Sighseeing', 'Torre Lamberti', 'Museo Conte', 'Museo Radio']",Santa Anastasia,strategy_nearest,False,0.002830982208251953,success
04F198429C4C80,3,['Arena'],Torre Lamberti,"['Sighseeing', 'Centro Fotografia', 'Museo Conte', 'Casa Giulietta', 'Palazzo della Ragione']",Teatro Romano,strategy_nearest,False,0.001600027084350586,success
04F1A53A9C4C80,3,"['Arena', 'Casa Giulietta']",Santa Anastasia,"['AMO', 'Museo Conte', 'Palazzo della Ragione', 'Teatro Romano', 'Centro Fotografia']",Duomo,strategy_nearest,False,0.0033528804779052734,success
04F1A5429C4C80,2,"['Palazzo della Ragione', 'Casa Giulietta']",Duomo,"['AMO', 'Museo Miniscalchi', 'Santa Anastasia', 'Teatro Romano', 'Museo Conte']",Teatro Romano,strategy_nearest,True,0.0019969940185546875,success
04F19A429C4C80,3,"['Torre Lamberti', 'Teatro Romano']",Duomo,"['AMO', 'Museo Miniscalchi', 'Santa Anastasia', 'Palazzo della Ragione', 'Museo Conte']",Arena,strategy_nearest,False,0.002789020538330078,success
04F1A7429C4C80,0,['Teatro Romano'],Duomo,"['AMO', 'Museo Miniscalchi', 'Santa Anastasia', 'Palazzo della Ragione', 'Museo Conte']",Arena,strategy_nearest,False,0.0021619796752929688,success
04F1BB3A9C4C80,2,['Duomo'],Casa Giulietta,"['Centro Fotografia', 'Sighseeing', 'Torre Lamberti', 'Museo Conte', 'Museo Radio']",Torre Lamberti,strategy_nearest,True,0.0015475749969482422,success
04F1C53A9C4C80,0,['Arena'],Castelvecchio,"['Museo Lapidario', 'Verona Tour', 'Museo Radio', 'San Zeno', 'Sighseeing']",Casa Giulietta,strategy_nearest,False,0.002590179443359375,success
04F1BF429C4C80,0,['Arena'],Casa Giulietta,"['Centro Fotografia', 'Sighseeing', 'Torre Lamberti', 'Museo Conte', 'Museo Radio']",Tomba Giulietta,strategy_nearest,False,0.0032660961151123047,success
04F1C83A9C4C80,3,['Arena'],Casa Giulietta,"['Centro Fotografia', 'Sighseeing', 'Torre Lamberti', 'Museo Conte', 'Museo Radio']",Torre Lamberti,strategy_nearest,True,0.0034189224243164062,success
04F1D73A9C4C80,1,['Arena'],Casa Giulietta,"['Centro Fotografia', 'Sighseeing', 'Torre Lamberti', 'Museo Conte', 'Museo Radio']",Torre Lamberti,strategy_nearest,True,0.0032079219818115234,success
04F1CE3A9C4C80,0,['Arena'],Casa Giulietta,"['Centro Fotografia', 'Sighseeing', 'Torre Lamberti', 'Museo Conte', 'Museo Radio']",San Fermo,strategy_nearest,False,0.002171039581298828,success
04F1D23A9C4C80,1,"['Museo Lapidario', 'Arena', 'San Fermo', 'Santa Anastasia']",Duomo,"['AMO', 'Museo Miniscalchi', 'Teatro Romano', 'Palazzo della Ragione', 'Museo Conte']",Palazzo della Ragione,strategy_nearest,True,0.002714872360229492,success
04F1DD3A9C4C80,0,['Arena'],Casa Giulietta,"['Centro Fotografia', 'Sighseeing', 'Torre Lamberti', 'Museo Conte', 'Museo Radio']",Teatro Romano,strategy_nearest,False,0.0015981197357177734,success
04F1E73A9C4C80,1,"['Arena', 'Casa Giulietta']",Torre Lamberti,"['Sighseeing', 'Centro Fotografia', 'Museo Conte', 'Palazzo della Ragione', 'AMO']",Palazzo della Ragione,strategy_nearest,True,0.002095937728881836,success
04F1E33A9C4C80,3,"['Arena', 'Tomba Giulietta', 'San Fermo']",Casa Giulietta,"['Centro Fotografia', 'Sighseeing', 'Torre Lamberti', 'Museo Conte', 'Museo Radio']",San Zeno,strategy_nearest,False,0.002844095230102539,success
04F1E53A9C4C80,3,"['Arena', 'Tomba Giulietta', 'Casa Giulietta']",Santa Anastasia,"['AMO', 'Museo Conte', 'Palazzo della Ragione', 'Teatro Romano', 'Centro Fotografia']",Torre Lamberti,strategy_nearest,False,0.0036580562591552734,success
04F1FF429C4C80,0,['San Fermo'],Torre Lamberti,"['Sighseeing', 'Centro Fotografia', 'Museo Conte', 'Casa Giulietta', 'Palazzo della Ragione']",Casa Giulietta,strategy_nearest,True,0.00203704833984375,success
04F2214A9C4C80,1,"['Teatro Romano', 'Torre Lamberti']",Palazzo della Ragione,"['AMO', 'Museo Conte', 'Centro Fotografia', 'Sighseeing', 'Santa Anastasia']",Arena,strategy_nearest,False,0.002550840377807617,success
04F202429C4C84,0,"['Tomba Giulietta', 'Castelvecchio', 'Arena']",Casa Giulietta,"['Centro Fotografia', 'Sighseeing', 'Torre Lamberti', 'Museo Conte', 'Museo Radio']",Torre Lamberti,strategy_nearest,True,0.0027031898498535156,success
04F2203A9C4C80,3,"['Arena', 'Torre Lamberti']",Teatro Romano,"['Santa Anastasia', 'Duomo', 'AMO', 'Palazzo della Ragione', 'Museo Conte']",Santa Anastasia,strategy_nearest,True,0.0035910606384277344,success
04F22B4A9C4C80,1,"['Castelvecchio', 'San Zeno', 'Santa Anastasia', 'Duomo']",Arena,"['Verona Tour', 'Museo Lapidario', 'Museo Radio', 'San Fermo', 'Casa Giulietta']",Torre Lamberti,strategy_nearest,False,0.002229928970336914,success
04F2243A9C4C80,1,"['Arena', 'Palazzo della Ragione']",Torre Lamberti,"['Sighseeing', 'Centro Fotografia', 'Museo Conte', 'Casa Giulietta', 'AMO']",Casa Giulietta,strategy_nearest,True,0.004553079605102539,success
04F233429C4C80,3,"['Arena', 'Casa Giulietta', 'Museo Lapidario']",Castelvecchio,"['Verona Tour', 'Museo Radio', 'San Zeno', 'Sighseeing', 'Museo Miniscalchi']",Santa Anastasia,strategy_nearest,False,0.0021820068359375,success
04F2334A9C4C80,3,"['Arena', 'Casa Giulietta', 'Torre Lamberti']",Teatro Romano,"['Santa Anastasia', 'Duomo', 'AMO', 'Palazzo della Ragione', 'Museo Conte']",Castelvecchio,strategy_nearest,False,0.003361940383911133,success
04F240429C4C80,3,"['Arena', 'Casa Giulietta']",Castelvecchio,"['Museo Lapidario', 'Verona Tour', 'Museo Radio', 'San Zeno', 'Sighseeing']",Torre Lamberti,strategy_nearest,False,0.002033233642578125,success
04F236429C4C80,1,['Casa Giulietta'],Arena,"['Verona Tour', 'Museo Lapidario', 'Museo Radio', 'San Fermo', 'Sighseeing']",Torre Lamberti,strategy_nearest,False,0.002073049545288086,success
04F2423A9C4C80,0,['Duomo'],Casa Giulietta,"['Centro Fotografia', 'Sighseeing', 'Torre Lamberti', 'Museo Conte', 'Museo Radio']",Arena,strategy_nearest,False,0.0028798580169677734,success
04F243429C4C80,3,"['Torre Lamberti', 'Santa Anastasia']",Giardino Giusti,"['Teatro Romano', 'Museo Conte', 'Centro Fotografia', 'Museo Storia', 'AMO']",Castelvecchio,strategy_nearest,False,0.003358125686645508,success
04F24F3A9C4C80,0,['Arena'],Casa Giulietta,"['Centro Fotografia', 'Sighseeing', 'Torre Lamberti', 'Museo Conte', 'Museo Radio']",Torre Lamberti,strategy_nearest,True,0.00244903564453125,success
04F254429C4C80,0,['Castelvecchio'],Arena,"['Verona Tour', 'Museo Lapidario', 'Museo Radio', 'San Fermo', 'Casa Giulietta']",Casa Giulietta,strategy_nearest,True,0.0029680728912353516,success
04F258429C4C80,1,"['Arena', 'Casa Giulietta', 'Teatro Romano']",Santa Anastasia,"['AMO', 'Museo Conte', 'Palazzo della Ragione', 'Centro Fotografia', 'Duomo']",Tomba Giulietta,strategy_nearest,False,0.003567934036254883,success
04F25B429C4C80,0,['Castelvecchio'],Arena,"['Verona Tour', 'Museo Lapidario', 'Museo Radio', 'San Fermo', 'Casa Giulietta']",Casa Giulietta,strategy_nearest,True,0.004051923751831055,success
04F25C3A9C4C80,0,['Casa Giulietta'],Tomba Giulietta,"['San Fermo', 'Museo Storia', 'Arena', 'Museo Lapidario', 'Museo Radio']",Arena,strategy_nearest,True,0.005184173583984375,success
04F25F3A9C4C80,0,['Arena'],San Fermo,"['Museo Storia', 'Museo Radio', 'Casa Giulietta', 'Centro Fotografia', 'Sighseeing']",Castelvecchio,strategy_nearest,False,0.0030040740966796875,success
04F26E3A9C4C80,1,"['Castelvecchio', 'San Zeno']",Arena,"['Verona Tour', 'Museo Lapidario', 'Museo Radio', 'San Fermo', 'Casa Giulietta']",Teatro Romano,strategy_nearest,False,0.002205371856689453,success
04F275429C4C80,0,['Arena'],Duomo,"['AMO', 'Museo Miniscalchi', 'Santa Anastasia', 'Teatro Romano', 'Palazzo della Ragione']",San Fermo,strategy_nearest,False,0.002674102783203125,success
04F27B4A9C4C80,3,"['Arena', 'Casa Giulietta', 'Torre Lamberti']",Santa Anastasia,"['AMO', 'Museo Conte', 'Palazzo della Ragione', 'Teatro Romano', 'Centro Fotografia']",Duomo,strategy_nearest,False,0.0021162033081054688,success
04F283429C4C80,2,"['San Zeno', 'Duomo', 'Santa Anastasia']",San Fermo,"['Museo Storia', 'Museo Radio', 'Casa Giulietta', 'Centro Fotografia', 'Arena']",Casa Giulietta,strategy_nearest,True,0.0019409656524658203,success
04F27F4A9C4C80,3,"['Santa Anastasia', 'Duomo']",Casa Giulietta,"['Centro Fotografia', 'Sighseeing', 'Torre Lamberti', 'Museo Conte', 'Museo Radio']",Arena,strategy_nearest,False,0.003763914108276367,success
04F2AB3A9C4C80,3,"['Arena', 'Casa Giulietta']",Santa Anastasia,"['AMO', 'Museo Conte', 'Palazzo della Ragione', 'Teatro Romano', 'Centro Fotografia']",Duomo,strategy_nearest,False,0.002228975296020508,success
04F28D4A9C4C80,1,"['Casa Giulietta', 'Torre Lamberti']",Palazzo della Ragione,"['AMO', 'Museo Conte', 'Centro Fotografia', 'Sighseeing', 'Santa Anastasia']",Santa Anastasia,strategy_nearest,True,0.003059864044189453,success
04F2AA3A9C4C80,1,"['Museo Lapidario', 'Museo Lapidario', 'Arena', 'Casa Giulietta']",Torre Lamberti,"['Sighseeing', 'Centro Fotografia', 'Museo Conte', 'Palazzo della Ragione', 'AMO']",Palazzo della Ragione,strategy_nearest,True,0.0013020038604736328,success
04F2AE429C4C80,3,"['Duomo', 'Santa Anastasia', 'Teatro Romano']",Arena,"['Verona Tour', 'Museo Lapidario', 'Museo Radio', 'San Fermo', 'Casa Giulietta']",Casa Giulietta,strategy_nearest,True,0.0032279491424560547,success
04F2B1429C4C80,3,['Duomo'],Santa Anastasia,"['AMO', 'Museo Conte', 'Palazzo della Ragione', 'Teatro Romano', 'Centro Fotografia']",Casa Giulietta,strategy_nearest,False,0.0015492439270019531,success
04F2AB429C4C80,2,"['San Fermo', 'Santa Anastasia']",Duomo,"['AMO', 'Museo Miniscalchi', 'Teatro Romano', 'Palazzo della Ragione', 'Museo Conte']",Castelvecchio,strategy_nearest,False,0.004003047943115234,success
04F2B5429C4C80,0,['Arena'],Casa Giulietta,"['Centro Fotografia', 'Sighseeing', 'Torre Lamberti', 'Museo Conte', 'Museo Radio']",Castelvecchio,strategy_nearest,False,0.0035858154296875,success
04F2BD429C4C80,0,"['Castelvecchio', 'Arena']",Casa Giulietta,"['Centro Fotografia', 'Sighseeing', 'Torre Lamberti', 'Museo Conte', 'Museo Radio']",Torre Lamberti,strategy_nearest,True,0.002232074737548828,success
04F2C63A9C4C80,1,"['Castelvecchio', 'San Fermo', 'Arena']",Torre Lamberti,"['Sighseeing', 'Centro Fotografia', 'Museo Conte', 'Casa Giulietta', 'Palazzo della Ragione']",Palazzo della Ragione,strategy_nearest,True,0.002744913101196289,success
04F2B93A9C4C80,1,"['Arena', 'Casa Giulietta']",Torre Lamberti,"['Sighseeing', 'Centro Fotografia', 'Museo Conte', 'Palazzo della Ragione', 'AMO']",Palazzo della Ragione,strategy_nearest,True,0.0016520023345947266,success
04F2CE429C4C80,4,"['Museo Radio', 'Tomba Giulietta', 'Santa Anastasia', 'Teatro Romano']",Giardino Giusti,"['Museo Conte', 'Centro Fotografia', 'Museo Storia', 'AMO', 'Casa Giulietta']",Museo Storia,strategy_nearest,True,0.003567218780517578,success
04F2D4429C4C80,0,"['Torre Lamberti', 'Casa Giulietta']",Arena,"['Verona Tour', 'Museo Lapidario', 'Museo Radio', 'San Fermo', 'Sighseeing']",Castelvecchio,strategy_nearest,False,0.0020101070404052734,success
04F2D5429C4C80,0,['Castelvecchio'],Arena,"['Verona Tour', 'Museo Lapidario', 'Museo Radio', 'San Fermo', 'Casa Giulietta']",Santa Anastasia,strategy_nearest,False,0.0026922225952148438,success
04F2E23A9C4C80,2,['Casa Giulietta'],Torre Lamberti,"['Sighseeing', 'Centro Fotografia', 'Museo Conte', 'Palazzo della Ragione', 'AMO']",Tomba Giulietta,strategy_nearest,False,0.003244161605834961,success
04F2E33A9C4C80,3,"['Arena', 'Castelvecchio']",Torre Lamberti,"['Sighseeing', 'Centro Fotografia', 'Museo Conte', 'Casa Giulietta', 'Palazzo della Ragione']",Casa Giulietta,strategy_nearest,True,0.002777099609375,success
04F2E63A9C4C80,3,"['Casa Giulietta', 'Arena']",Santa Anastasia,"['AMO', 'Museo Conte', 'Palazzo della Ragione', 'Teatro Romano', 'Centro Fotografia']",Giardino Giusti,strategy_nearest,False,0.0027267932891845703,success
04F2F9429C4C80,3,['Arena'],Castelvecchio,"['Museo Lapidario', 'Verona Tour', 'Museo Radio', 'San Zeno', 'Sighseeing']",San Zeno,strategy_nearest,True,0.0032079219818115234,success
04F2F53A9C4C80,2,['Teatro Romano'],Torre Lamberti,"['Sighseeing', 'Centro Fotografia', 'Museo Conte', 'Casa Giulietta', 'Palazzo della Ragione']",Casa Giulietta,strategy_nearest,True,0.002849102020263672,success
04F3023A9C4C84,3,"['Arena', 'Casa Giulietta', 'Duomo']",Castelvecchio,"['Museo Lapidario', 'Verona Tour', 'Museo Radio', 'San Zeno', 'Sighseeing']",San Zeno,strategy_nearest,True,0.004093170166015625,success
04F311429C4C84,1,"['Arena', 'Casa Giulietta']",Torre Lamberti,"['Sighseeing', 'Centro Fotografia', 'Museo Conte', 'Palazzo della Ragione', 'AMO']",Palazzo della Ragione,strategy_nearest,True,0.0026710033416748047,success
04F302429C4C84,2,"['San Fermo', 'Casa Giulietta', 'Torre Lamberti', 'Palazzo della Ragione']",Santa Anastasia,"['AMO', 'Museo Conte', 'Teatro Romano', 'Centro Fotografia', 'Duomo']",Duomo,strategy_nearest,True,0.001940011978149414,success
04F315429C4C84,1,"['Casa Giulietta', 'Tomba Giulietta', 'Castelvecchio']",Arena,"['Verona Tour', 'Museo Lapidario', 'Museo Radio', 'San Fermo', 'Sighseeing']",Palazzo della Ragione,strategy_nearest,False,0.0030159950256347656,success
04F32D3A9C4C80,0,['Arena'],Castelvecchio,"['Museo Lapidario', 'Verona Tour', 'Museo Radio', 'San Zeno', 'Sighseeing']",Casa Giulietta,strategy_nearest,False,0.002025127410888672,success
04F3383A9C4C80,1,"['Arena', 'Casa Giulietta', 'Torre Lamberti', 'Palazzo della Ragione']",Castelvecchio,"['Museo Lapidario', 'Verona Tour', 'Museo Radio', 'San Zeno', 'Sighseeing']",San Zeno,strategy_nearest,True,0.0026187896728515625,success
04F32F4A9C4C80,3,"['Arena', 'Museo Lapidario', 'Tomba Giulietta', 'San Fermo']",Casa Giulietta,"['Centro Fotografia', 'Sighseeing', 'Torre Lamberti', 'Museo Conte', 'Museo Radio']",Torre Lamberti,strategy_nearest,True,0.002628803253173828,success
04F338429C4C80,3,['Torre Lamberti'],Santa Anastasia,"['AMO', 'Museo Conte', 'Palazzo della Ragione', 'Teatro Romano', 'Centro Fotografia']",Castelvecchio,strategy_nearest,False,0.0029850006103515625,success
04F3403A9C4C80,0,['San Fermo'],Casa Giulietta,"['Centro Fotografia', 'Sighseeing', 'Torre Lamberti', 'Museo Conte', 'Museo Radio']",Arena,strategy_nearest,False,0.00273895263671875,success
04F347429C4C80,3,"['Arena', 'Casa Giulietta', 'Castelvecchio', 'San Fermo']",Torre Lamberti,"['Sighseeing', 'Centro Fotografia', 'Museo Conte', 'Palazzo della Ragione', 'AMO']",Teatro Romano,strategy_nearest,False,0.0025169849395751953,success
04F34D3A9C4C80,3,"['Castelvecchio', 'Arena']",Santa Anastasia,"['AMO', 'Museo Conte', 'Palazzo della Ragione', 'Teatro Romano', 'Centro Fotografia']",Museo Storia,strategy_nearest,False,0.002646923065185547,success
04F34F429C4C80,2,['Casa Giulietta'],Tomba Giulietta,"['San Fermo', 'Museo Storia', 'Arena', 'Museo Lapidario', 'Museo Radio']",San Fermo,strategy_nearest,True,0.002579927444458008,success
04F359429C4C80,1,"['Arena', 'Casa Giulietta', 'Torre Lamberti', 'Palazzo della Ragione']",Santa Anastasia,"['AMO', 'Museo Conte', 'Teatro Romano', 'Centro Fotografia', 'Duomo']",Duomo,strategy_nearest,True,0.0032198429107666016,success
04F352429C4C80,1,['Arena'],Torre Lamberti,"['Sighseeing', 'Centro Fotografia', 'Museo Conte', 'Casa Giulietta', 'Palazzo della Ragione']",Palazzo della Ragione,strategy_nearest,True,0.0027170181274414062,success
04F370429C4C80,0,['Arena'],Casa Giulietta,"['Centro Fotografia', 'Sighseeing', 'Torre Lamberti', 'Museo Conte', 'Museo Radio']",Teatro Romano,strategy_nearest,False,0.0034189224243164062,success
04F36C3A9C4C80,1,"['Arena', 'Duomo', 'Torre Lamberti']",Palazzo della Ragione,"['AMO', 'Museo Conte', 'Centro Fotografia', 'Sighseeing', 'Santa Anastasia']",Castelvecchio,strategy_nearest,False,0.003226041793823242,success
04F3723A9C4C80,3,"['Arena', 'Torre Lamberti', 'Casa Giulietta']",Santa Anastasia,"['AMO', 'Museo Conte', 'Palazzo della Ragione', 'Teatro Romano', 'Centro Fotografia']",Teatro Romano,strategy_nearest,True,0.0026960372924804688,success
04F3753A9C4C80,0,['Arena'],Torre Lamberti,"['Sighseeing', 'Centro Fotografia', 'Museo Conte', 'Casa Giulietta', 'Palazzo della Ragione']",Castelvecchio,strategy_nearest,False,0.003378152847290039,success
04F381429C4C80,1,['Arena'],Torre Lamberti,"['Sighseeing', 'Centro Fotografia', 'Museo Conte', 'Casa Giulietta', 'Palazzo della Ragione']",Palazzo della Ragione,strategy_nearest,True,0.0026459693908691406,success
04F378429C4C80,0,['Castelvecchio'],Arena,"['Verona Tour', 'Museo Lapidario', 'Museo Radio', 'San Fermo', 'Casa Giulietta']",Torre Lamberti,strategy_nearest,False,0.0021576881408691406,success
04F37D429C4C80,3,"['Arena', 'Torre Lamberti']",Casa Giulietta,"['Centro Fotografia', 'Sighseeing', 'Museo Conte', 'Museo Radio', 'Palazzo della Ragione']",Santa Anastasia,strategy_nearest,False,0.0020780563354492188,success
04F376429C4C80,0,['Castelvecchio'],Casa Giulietta,"['Centro Fotografia', 'Sighseeing', 'Torre Lamberti', 'Museo Conte', 'Museo Radio']",Museo Lapidario,strategy_nearest,False,0.004877805709838867,success
04F389429C4C80,3,['Arena'],Casa Giulietta,"['Centro Fotografia', 'Sighseeing', 'Torre Lamberti', 'Museo Conte', 'Museo Radio']",Santa Anastasia,strategy_nearest,False,0.0021491050720214844,success
04F3834A9C4C80,2,['Tomba Giulietta'],Casa Giulietta,"['Centro Fotografia', 'Sighseeing', 'Torre Lamberti', 'Museo Conte', 'Museo Radio']",Santa Anastasia,strategy_nearest,False,0.0028238296508789062,success
04F38C3A9C4C80,3,['San Zeno'],Castelvecchio,"['Museo Lapidario', 'Verona Tour', 'Arena', 'Museo Radio', 'Sighseeing']",Arena,strategy_nearest,True,0.0026209354400634766,success
04F38D3A9C4C80,2,['Casa Giulietta'],Torre Lamberti,"['Sighseeing', 'Centro Fotografia', 'Museo Conte', 'Palazzo della Ragione', 'AMO']",Palazzo della Ragione,strategy_nearest,True,0.0030448436737060547,success
04F3944A9C4C80,0,['Arena'],Santa Anastasia,"['AMO', 'Museo Conte', 'Palazzo della Ragione', 'Teatro Romano', 'Centro Fotografia']",Casa Giulietta,strategy_nearest,False,0.0026962757110595703,success
04F3A54A9C4C80,3,['Arena'],Casa Giulietta,"['Centro Fotografia', 'Sighseeing', 'Torre Lamberti', 'Museo Conte', 'Museo Radio']",Santa Anastasia,strategy_nearest,False,0.0019299983978271484,success
04F3A24A9C4C80,3,['Arena'],Santa Anastasia,"['AMO', 'Museo Conte', 'Palazzo della Ragione', 'Teatro Romano', 'Centro Fotografia']",Teatro Romano,strategy_nearest,True,0.003281831741333008,success
04F39C429C4C80,0,['Arena'],Duomo,"['AMO', 'Museo Miniscalchi', 'Santa Anastasia', 'Teatro Romano', 'Palazzo della Ragione']",Casa Giulietta,strategy_nearest,False,0.0026361942291259766,success
04F3A672743380,3,"['Casa Giulietta', 'Santa Anastasia']",Torre Lamberti,"['Sighseeing', 'Centro Fotografia', 'Museo Conte', 'Palazzo della Ragione', 'AMO']",Teatro Romano,strategy_nearest,False,0.002927064895629883,success
04F3AA4A9C4C80,2,"['Torre Lamberti', 'Duomo']",Teatro Romano,"['Santa Anastasia', 'AMO', 'Palazzo della Ragione', 'Museo Conte', 'Centro Fotografia']",Casa Giulietta,strategy_nearest,False,0.0020880699157714844,success
04F3A73A9C4C80,0,['Arena'],Casa Giulietta,"['Centro Fotografia', 'Sighseeing', 'Torre Lamberti', 'Museo Conte', 'Museo Radio']",Duomo,strategy_nearest,False,0.0029191970825195312,success
04F3A9429C4C80,3,"['Arena', 'Casa Giulietta']",Torre Lamberti,"['Sighseeing', 'Centro Fotografia', 'Museo Conte', 'Palazzo della Ragione', 'AMO']",Santa Anastasia,strategy_nearest,False,0.0035860538482666016,success
04F3B33A9C4C80,3,"['Arena', 'Museo Lapidario', 'Casa Giulietta']",Santa Anastasia,"['AMO', 'Museo Conte', 'Palazzo della Ragione', 'Teatro Romano', 'Centro Fotografia']",Duomo,strategy_nearest,False,0.003100872039794922,success
04F3BD3A9C4C80,0,"['Arena', 'San Fermo']",Casa Giulietta,"['Centro Fotografia', 'Sighseeing', 'Torre Lamberti', 'Museo Conte', 'Museo Radio']",Torre Lamberti,strategy_nearest,True,0.0026459693908691406,success
04F3C23A9C4C80,0,['Arena'],Castelvecchio,"['Museo Lapidario', 'Verona Tour', 'Museo Radio', 'San Zeno', 'Sighseeing']",Torre Lamberti,strategy_nearest,False,0.0018680095672607422,success
04F3B53A9C4C80,0,['Arena'],Castelvecchio,"['Museo Lapidario', 'Verona Tour', 'Museo Radio', 'San Zeno', 'Sighseeing']",Casa Giulietta,strategy_nearest,False,0.004293203353881836,success
04F3C63A9C4C80,3,"['Arena', 'Torre Lamberti']",Santa Anastasia,"['AMO', 'Museo Conte', 'Palazzo della Ragione', 'Teatro Romano', 'Centro Fotografia']",Duomo,strategy_nearest,False,0.0027010440826416016,success
04F3C93A9C4C80,2,"['Castelvecchio', 'Santa Anastasia']",Teatro Romano,"['Duomo', 'AMO', 'Palazzo della Ragione', 'Museo Conte', 'Centro Fotografia']",Duomo,strategy_nearest,True,0.0023491382598876953,success
04F3CA3A9C4C80,0,['Arena'],Torre Lamberti,"['Sighseeing', 'Centro Fotografia', 'Museo Conte', 'Casa Giulietta', 'Palazzo della Ragione']",Casa Giulietta,strategy_nearest,True,0.003439188003540039,success
04F3C9429C4C80,0,['Arena'],San Zeno,"['Castelvecchio', 'Verona Tour', 'Museo Lapidario', 'Museo Miniscalchi', 'Sighseeing']",Casa Giulietta,strategy_nearest,False,0.0029251575469970703,success
04F3D6429C4C80,3,"['San Fermo', 'Casa Giulietta', 'Torre Lamberti', 'Santa Anastasia']",Duomo,"['AMO', 'Museo Miniscalchi', 'Teatro Romano', 'Palazzo della Ragione', 'Museo Conte']",San Zeno,strategy_nearest,False,0.002357006072998047,success
04F3F53A9C4C80,0,['Museo Lapidario'],Arena,"['Verona Tour', 'Museo Radio', 'San Fermo', 'Casa Giulietta', 'Sighseeing']",Torre Lamberti,strategy_nearest,False,0.002348184585571289,success
04F400429C4C84,3,"['Arena', 'Castelvecchio', 'Santa Anastasia']",Duomo,"['AMO', 'Museo Miniscalchi', 'Teatro Romano', 'Palazzo della Ragione', 'Museo Conte']",Torre Lamberti,strategy_nearest,False,0.0029020309448242188,success
04F4133A9C4C84,0,['Torre Lamberti'],Casa Giulietta,"['Centro Fotografia', 'Sighseeing', 'Museo Conte', 'Museo Radio', 'Palazzo della Ragione']",Arena,strategy_nearest,False,0.003509998321533203,success
04F4173A9C4C84,0,['Torre Lamberti'],Casa Giulietta,"['Centro Fotografia', 'Sighseeing', 'Museo Conte', 'Museo Radio', 'Palazzo della Ragione']",Arena,strategy_nearest,False,0.0019838809967041016,success
04F421429C4C80,3,"['Torre Lamberti', 'Santa Anastasia']",Teatro Romano,"['Duomo', 'AMO', 'Palazzo della Ragione', 'Museo Conte', 'Centro Fotografia']",Arena,strategy_nearest,False,0.0028841495513916016,success
04F420429C4C80,3,"['Arena', 'Casa Giulietta', 'Santa Anastasia']",Tomba Giulietta,"['San Fermo', 'Museo Storia', 'Museo Lapidario', 'Museo Radio', 'Verona Tour']",Castelvecchio,strategy_nearest,False,0.002454042434692383,success
04F4224A9C4C80,3,"['Casa Giulietta', 'Torre Lamberti', 'Duomo']",Arena,"['Verona Tour', 'Museo Lapidario', 'Museo Radio', 'San Fermo', 'Sighseeing']",Teatro Romano,strategy_nearest,False,0.0029859542846679688,success
04F42C4A9C4C80,2,['Casa Giulietta'],Torre Lamberti,"['Sighseeing', 'Centro Fotografia', 'Museo Conte', 'Palazzo della Ragione', 'AMO']",Museo Lapidario,strategy_nearest,False,0.0037529468536376953,success
04F4264A9C4C80,1,"['Casa Giulietta', 'Torre Lamberti']",Palazzo della Ragione,"['AMO', 'Museo Conte', 'Centro Fotografia', 'Sighseeing', 'Santa Anastasia']",Arena,strategy_nearest,False,0.0036978721618652344,success
04F42C3A9C4C80,0,['Arena'],Castelvecchio,"['Museo Lapidario', 'Verona Tour', 'Museo Radio', 'San Zeno', 'Sighseeing']",San Zeno,strategy_nearest,True,0.0040929317474365234,success
04F431429C4C80,0,['Arena'],San Zeno,"['Castelvecchio', 'Verona Tour', 'Museo Lapidario', 'Museo Miniscalchi', 'Sighseeing']",Castelvecchio,strategy_nearest,True,0.001962900161743164,success
04F44C3A9C4C80,0,['Arena'],Casa Giulietta,"['Centro Fotografia', 'Sighseeing', 'Torre Lamberti', 'Museo Conte', 'Museo Radio']",Castelvecchio,strategy_nearest,False,0.0033588409423828125,success
04F433429C4C80,0,"['Arena', 'Torre Lamberti']",Duomo,"['AMO', 'Museo Miniscalchi', 'Santa Anastasia', 'Teatro Romano', 'Palazzo della Ragione']",Castelvecchio,strategy_nearest,False,0.0028641223907470703,success
04F441429C4C80,2,"['Casa Giulietta', 'Santa Anastasia']",Tomba Giulietta,"['San Fermo', 'Museo Storia', 'Arena', 'Museo Lapidario', 'Museo Radio']",San Fermo,strategy_nearest,True,0.004171133041381836,success
04F4533A9C4C80,4,"['San Zeno', 'Tomba Giulietta', 'San Fermo', 'Arena', 'Museo Lapidario', 'Casa Giulietta']",Palazzo della Ragione,"['AMO', 'Museo Conte', 'Torre Lamberti', 'Centro Fotografia', 'Sighseeing']",Torre Lamberti,strategy_nearest,True,0.0016367435455322266,success
04F45F3A9C4C80,3,"['Castelvecchio', 'San Zeno', 'Arena', 'Museo Lapidario']",Tomba Giulietta,"['San Fermo', 'Museo Storia', 'Museo Radio', 'Verona Tour', 'Casa Giulietta']",Teatro Romano,strategy_nearest,False,0.0021986961364746094,success
04F454429C4C80,3,"['Arena', 'Museo Lapidario', 'Tomba Giulietta', 'Castelvecchio']",Teatro Romano,"['Santa Anastasia', 'Duomo', 'AMO', 'Palazzo della Ragione', 'Museo Conte']",Duomo,strategy_nearest,True,0.0029058456420898438,success
04F475429C4C80,3,"['Arena', 'Torre Lamberti', 'Santa Anastasia']",Teatro Romano,"['Duomo', 'AMO', 'Palazzo della Ragione', 'Museo Conte', 'Centro Fotografia']",Duomo,strategy_nearest,True,0.0013010501861572266,success
04F47A4A9C4C80,3,['Arena'],Santa Anastasia,"['AMO', 'Museo Conte', 'Palazzo della Ragione', 'Teatro Romano', 'Centro Fotografia']",Duomo,strategy_nearest,False,0.002980947494506836,success
04F4834A9C4C80,0,['Arena'],Teatro Romano,"['Santa Anastasia', 'Duomo', 'AMO', 'Palazzo della Ragione', 'Museo Conte']",Giardino Giusti,strategy_nearest,False,0.0022668838500976562,success
04F4873A9C4C80,3,"['Arena', 'Museo Lapidario']",Casa Giulietta,"['Centro Fotografia', 'Sighseeing', 'Torre Lamberti', 'Museo Conte', 'Museo Radio']",Santa Anastasia,strategy_nearest,False,0.002749204635620117,success
04F4883A9C4C80,3,"['Arena', 'Casa Giulietta']",Torre Lamberti,"['Sighseeing', 'Centro Fotografia', 'Museo Conte', 'Palazzo della Ragione', 'AMO']",Santa Anastasia,strategy_nearest,False,0.002813100814819336,success
04F48E4A9C4C80,1,"['Casa Giulietta', 'Torre Lamberti', 'Palazzo della Ragione', 'Duomo']",Teatro Romano,"['Santa Anastasia', 'AMO', 'Museo Conte', 'Centro Fotografia', 'Museo Miniscalchi']",Castelvecchio,strategy_nearest,False,0.0020279884338378906,success
04F48F429C4C80,0,['Duomo'],Arena,"['Verona Tour', 'Museo Lapidario', 'Museo Radio', 'San Fermo', 'Casa Giulietta']",Castelvecchio,strategy_nearest,False,0.0024700164794921875,success
04F48A4A9C4C80,3,"['Casa Giulietta', 'Torre Lamberti', 'Santa Anastasia']",Teatro Romano,"['Duomo', 'AMO', 'Palazzo della Ragione', 'Museo Conte', 'Centro Fotografia']",Duomo,strategy_nearest,True,0.0035772323608398438,success
04F4A0429C4C80,0,['Arena'],Casa Giulietta,"['Centro Fotografia', 'Sighseeing', 'Torre Lamberti', 'Museo Conte', 'Museo Radio']",Torre Lamberti,strategy_nearest,True,0.0028650760650634766,success
04F49D429C4C80,3,"['Arena', 'Torre Lamberti', 'Santa Anastasia']",Santa Anastasia,"['AMO', 'Museo Conte', 'Palazzo della Ragione', 'Teatro Romano', 'Centro Fotografia']",Teatro Romano,strategy_nearest,True,0.002789020538330078,success
04F4A1429C4C80,1,"['Arena', 'Casa Giulietta']",Torre Lamberti,"['Sighseeing', 'Centro Fotografia', 'Museo Conte', 'Palazzo della Ragione', 'AMO']",Palazzo della Ragione,strategy_nearest,True,0.0027267932891845703,success
04F4AA4A9C4C80,0,['Arena'],Torre Lamberti,"['Sighseeing', 'Centro Fotografia', 'Museo Conte', 'Casa Giulietta', 'Palazzo della Ragione']",Duomo,strategy_nearest,False,0.0022430419921875,success
04F4A54A9C4C80,3,"['Arena', 'Casa Giulietta']",Teatro Romano,"['Santa Anastasia', 'Duomo', 'AMO', 'Palazzo della Ragione', 'Museo Conte']",Duomo,strategy_nearest,True,0.0033159255981445312,success
04F4B2429C4C80,0,['Arena'],Castelvecchio,"['Museo Lapidario', 'Verona Tour', 'Museo Radio', 'San Zeno', 'Sighseeing']",Casa Giulietta,strategy_nearest,False,0.002679109573364258,success
04F4B1429C4C80,3,"['Arena', 'Castelvecchio']",Duomo,"['AMO', 'Museo Miniscalchi', 'Santa Anastasia', 'Teatro Romano', 'Palazzo della Ragione']",Santa Anastasia,strategy_nearest,True,0.0026748180389404297,success
04F4B8429C4C80,0,['San Zeno'],Castelvecchio,"['Museo Lapidario', 'Verona Tour', 'Arena', 'Museo Radio', 'Sighseeing']",Arena,strategy_nearest,True,0.0026030540466308594,success
04F4BF429C4C80,0,['Arena'],Casa Giulietta,"['Centro Fotografia', 'Sighseeing', 'Torre Lamberti', 'Museo Conte', 'Museo Radio']",Tomba Giulietta,strategy_nearest,False,0.0032529830932617188,success
04F4C5429C4C80,1,"['Arena', 'Museo Lapidario']",Castelvecchio,"['Verona Tour', 'Museo Radio', 'San Zeno', 'Sighseeing', 'Museo Miniscalchi']",Casa Giulietta,strategy_nearest,False,0.003062009811401367,success
04F4C63A9C4C80,0,['Arena'],Castelvecchio,"['Museo Lapidario', 'Verona Tour', 'Museo Radio', 'San Zeno', 'Sighseeing']",Tomba Giulietta,strategy_nearest,False,0.002938985824584961,success
04F4CC3A9C4C80,2,['San Zeno'],Castelvecchio,"['Museo Lapidario', 'Verona Tour', 'Arena', 'Museo Radio', 'Sighseeing']",Duomo,strategy_nearest,False,0.0015931129455566406,success
04F4CF3A9C4C80,3,"['Santa Anastasia', 'Duomo']",Casa Giulietta,"['Centro Fotografia', 'Sighseeing', 'Torre Lamberti', 'Museo Conte', 'Museo Radio']",Tomba Giulietta,strategy_nearest,False,0.003326892852783203,success
04F4E83A9C4C80,3,['Arena'],Santa Anastasia,"['AMO', 'Museo Conte', 'Palazzo della Ragione', 'Teatro Romano', 'Centro Fotografia']",Duomo,strategy_nearest,False,0.0027229785919189453,success
04F4E43A9C4C80,1,"['Casa Giulietta', 'Torre Lamberti']",Palazzo della Ragione,"['AMO', 'Museo Conte', 'Centro Fotografia', 'Sighseeing', 'Santa Anastasia']",Santa Anastasia,strategy_nearest,True,0.0027790069580078125,success
04F4F9429C4C80,3,"['Casa Giulietta', 'Tomba Giulietta', 'San Fermo']",Giardino Giusti,"['Santa Anastasia', 'Teatro Romano', 'Museo Conte', 'Centro Fotografia', 'Museo Storia']",Teatro Romano,strategy_nearest,True,0.0031099319458007812,success
04F4DF3A9C4C80,0,['Arena'],Casa Giulietta,"['Centro Fotografia', 'Sighseeing', 'Torre Lamberti', 'Museo Conte', 'Museo Radio']",Duomo,strategy_nearest,False,0.002053976058959961,success
04F5183A9C4C84,3,"['Arena', 'Torre Lamberti']",Teatro Romano,"['Santa Anastasia', 'Duomo', 'AMO', 'Palazzo della Ragione', 'Museo Conte']",Santa Anastasia,strategy_nearest,True,0.0025911331176757812,success
04F5123A9C4C84,0,['Torre Lamberti'],Casa Giulietta,"['Centro Fotografia', 'Sighseeing', 'Museo Conte', 'Museo Radio', 'Palazzo della Ragione']",Duomo,strategy_nearest,False,0.00214385986328125,success
04F500429C4C84,1,"['Arena', 'Torre Lamberti', 'Palazzo della Ragione']",Casa Giulietta,"['Centro Fotografia', 'Sighseeing', 'Museo Conte', 'Museo Radio', 'San Fermo']",San Zeno,strategy_nearest,False,0.002262115478515625,success
04F50F3A9C4C84,3,"['San Zeno', 'Arena', 'Casa Giulietta', 'San Fermo']",Tomba Giulietta,"['Museo Storia', 'Museo Lapidario', 'Museo Radio', 'Verona Tour', 'Castelvecchio']",Torre Lamberti,strategy_nearest,False,0.0040531158447265625,success
04F51F3A9C4C80,3,"['Arena', 'Castelvecchio']",Santa Anastasia,"['AMO', 'Museo Conte', 'Palazzo della Ragione', 'Teatro Romano', 'Centro Fotografia']",Duomo,strategy_nearest,False,0.0022430419921875,success
04F5294A9C4C80,3,"['Duomo', 'Santa Anastasia', 'Castelvecchio']",Arena,"['Verona Tour', 'Museo Lapidario', 'Museo Radio', 'San Fermo', 'Casa Giulietta']",Tomba Giulietta,strategy_nearest,False,0.0027608871459960938,success
04F537429C4C80,3,"['Arena', 'Museo Lapidario', 'Castelvecchio', 'Teatro Romano']",Duomo,"['AMO', 'Museo Miniscalchi', 'Santa Anastasia', 'Palazzo della Ragione', 'Museo Conte']",Santa Anastasia,strategy_nearest,True,0.0031719207763671875,success
04F5283A9C4C80,1,"['Giardino Giusti', 'Teatro Romano', 'Duomo']",Castelvecchio,"['Museo Lapidario', 'Verona Tour', 'Arena', 'Museo Radio', 'San Zeno']",Arena,strategy_nearest,True,0.0015978813171386719,success
04F553429C4C80,1,"['Arena', 'Casa Giulietta']",Torre Lamberti,"['Sighseeing', 'Centro Fotografia', 'Museo Conte', 'Palazzo della Ragione', 'AMO']",Palazzo della Ragione,strategy_nearest,True,0.002691984176635742,success
04F5433A9C4C80,0,['Arena'],Casa Giulietta,"['Centro Fotografia', 'Sighseeing', 'Torre Lamberti', 'Museo Conte', 'Museo Radio']",Torre Lamberti,strategy_nearest,True,0.0013740062713623047,success
04F5473A9C4C80,3,['Santa Anastasia'],Teatro Romano,"['Duomo', 'AMO', 'Palazzo della Ragione', 'Museo Conte', 'Centro Fotografia']",Arena,strategy_nearest,False,0.0020949840545654297,success
04F55A429C4C80,1,"['Arena', 'Torre Lamberti', 'Palazzo della Ragione']",Teatro Romano,"['Santa Anastasia', 'Duomo', 'AMO', 'Museo Conte', 'Centro Fotografia']",San Zeno,strategy_nearest,False,0.0032701492309570312,success
04F5613A9C4C80,1,"['Arena', 'Casa Giulietta', 'Santa Anastasia', 'Torre Lamberti']",Palazzo della Ragione,"['AMO', 'Museo Conte', 'Centro Fotografia', 'Sighseeing', 'Museo Miniscalchi']",Giardino Giusti,strategy_nearest,False,0.002777099609375,success
04F56E429C4C80,1,"['Arena', 'Torre Lamberti', 'Palazzo della Ragione']",Castelvecchio,"['Museo Lapidario', 'Verona Tour', 'Museo Radio', 'San Zeno', 'Sighseeing']",Tomba Giulietta,strategy_nearest,False,0.003216981887817383,success
04F560429C4C80,1,"['Museo Storia', 'San Fermo', 'Casa Giulietta']",Torre Lamberti,"['Sighseeing', 'Centro Fotografia', 'Museo Conte', 'Palazzo della Ragione', 'AMO']",Palazzo della Ragione,strategy_nearest,True,0.0034379959106445312,success
04F566429C4C80,1,"['Arena', 'Casa Giulietta']",Palazzo della Ragione,"['AMO', 'Museo Conte', 'Torre Lamberti', 'Centro Fotografia', 'Sighseeing']",Torre Lamberti,strategy_nearest,True,0.0019998550415039062,success
04F574429C4C80,0,['Arena'],Casa Giulietta,"['Centro Fotografia', 'Sighseeing', 'Torre Lamberti', 'Museo Conte', 'Museo Radio']",Giardino Giusti,strategy_nearest,False,0.0033500194549560547,success
04F570429C4C80,2,"['Torre Lamberti', 'Casa Giulietta']",Santa Anastasia,"['AMO', 'Museo Conte', 'Palazzo della Ragione', 'Teatro Romano', 'Centro Fotografia']",Duomo,strategy_nearest,False,0.0028238296508789062,success
04F5713A9C4C80,3,"['San Fermo', 'Torre Lamberti']",Santa Anastasia,"['AMO', 'Museo Conte', 'Palazzo della Ragione', 'Teatro Romano', 'Centro Fotografia']",Duomo,strategy_nearest,False,0.0015799999237060547,success
04F573429C4C80,0,['Arena'],Casa Giulietta,"['Centro Fotografia', 'Sighseeing', 'Torre Lamberti', 'Museo Conte', 'Museo Radio']",Castelvecchio,strategy_nearest,False,0.0021729469299316406,success
04F5763A9C4C80,0,"['Castelvecchio', 'Arena']",Casa Giulietta,"['Centro Fotografia', 'Sighseeing', 'Torre Lamberti', 'Museo Conte', 'Museo Radio']",Torre Lamberti,strategy_nearest,True,0.0028238296508789062,success
04F5823A9C4C80,0,['Arena'],Castelvecchio,"['Museo Lapidario', 'Verona Tour', 'Museo Radio', 'San Zeno', 'Sighseeing']",Casa Giulietta,strategy_nearest,False,0.002028226852416992,success
04F577429C4C80,3,"['San Zeno', 'Castelvecchio', 'Arena']",San Fermo,"['Museo Storia', 'Museo Radio', 'Casa Giulietta', 'Centro Fotografia', 'Sighseeing']",Torre Lamberti,strategy_nearest,False,0.0015401840209960938,success
04F585429C4C80,3,['Arena'],Casa Giulietta,"['Centro Fotografia', 'Sighseeing', 'Torre Lamberti', 'Museo Conte', 'Museo Radio']",Torre Lamberti,strategy_nearest,True,0.0031249523162841797,success
04F58A3A9C4C80,0,['Arena'],Casa Giulietta,"['Centro Fotografia', 'Sighseeing', 'Torre Lamberti', 'Museo Conte', 'Museo Radio']",Castelvecchio,strategy_nearest,False,0.0018038749694824219,success
04F58A429C4C80,3,"['Torre Lamberti', 'Santa Anastasia']",Duomo,"['AMO', 'Museo Miniscalchi', 'Teatro Romano', 'Palazzo della Ragione', 'Museo Conte']",Arena,strategy_nearest,False,0.0018177032470703125,success
04F5904A9C4C80,3,"['Casa Giulietta', 'Torre Lamberti', 'Santa Anastasia']",Duomo,"['AMO', 'Museo Miniscalchi', 'Teatro Romano', 'Palazzo della Ragione', 'Museo Conte']",Arena,strategy_nearest,False,0.002803802490234375,success
04F58C3A9C4C80,2,['Teatro Romano'],Giardino Giusti,"['Santa Anastasia', 'Museo Conte', 'Centro Fotografia', 'Museo Storia', 'AMO']",Museo Storia,strategy_nearest,True,0.003473043441772461,success
04F58B3A9C4C80,3,['Arena'],Santa Anastasia,"['AMO', 'Museo Conte', 'Palazzo della Ragione', 'Teatro Romano', 'Centro Fotografia']",San Fermo,strategy_nearest,False,0.0029320716857910156,success
04F59D429C4C80,0,['Arena'],Museo Lapidario,"['Verona Tour', 'Castelvecchio', 'Museo Radio', 'San Fermo', 'Casa Giulietta']",Casa Giulietta,strategy_nearest,True,0.003409862518310547,success
04F5A34A9C4C80,0,['Arena'],Torre Lamberti,"['Sighseeing', 'Centro Fotografia', 'Museo Conte', 'Casa Giulietta', 'Palazzo della Ragione']",Casa Giulietta,strategy_nearest,True,0.002156972885131836,success
04F59E429C4C80,1,"['Arena', 'Casa Giulietta']",Torre Lamberti,"['Sighseeing', 'Centro Fotografia', 'Museo Conte', 'Palazzo della Ragione', 'AMO']",Palazzo della Ragione,strategy_nearest,True,0.0029518604278564453,success
04F5A44A9C4C80,1,['Arena'],Duomo,"['AMO', 'Museo Miniscalchi', 'Santa Anastasia', 'Teatro Romano', 'Palazzo della Ragione']",Palazzo della Ragione,strategy_nearest,True,0.003083944320678711,success
04F5A94A9C4C80,0,['Arena'],Torre Lamberti,"['Sighseeing', 'Centro Fotografia', 'Museo Conte', 'Casa Giulietta', 'Palazzo della Ragione']",Casa Giulietta,strategy_nearest,True,0.0030829906463623047,success
04F5A84A9C4C80,3,"['Arena', 'Castelvecchio', 'Torre Lamberti']",Santa Anastasia,"['AMO', 'Museo Conte', 'Palazzo della Ragione', 'Teatro Romano', 'Centro Fotografia']",Teatro Romano,strategy_nearest,True,0.003305196762084961,success
04F5A73A9C4C80,1,"['Arena', 'Casa Giulietta']",Torre Lamberti,"['Sighseeing', 'Centro Fotografia', 'Museo Conte', 'Palazzo della Ragione', 'AMO']",Palazzo della Ragione,strategy_nearest,True,0.004686832427978516,success
04F5AB3A9C4C80,1,"['Museo Lapidario', 'Arena', 'San Fermo', 'Palazzo della Ragione', 'Santa Anastasia']",Teatro Romano,"['Duomo', 'AMO', 'Museo Conte', 'Centro Fotografia', 'Museo Miniscalchi']",Duomo,strategy_nearest,True,0.004881858825683594,success
04F5AB429C4C80,1,"['Casa Giulietta', 'Torre Lamberti', 'Palazzo della Ragione', 'Santa Anastasia']",Teatro Romano,"['Duomo', 'AMO', 'Museo Conte', 'Centro Fotografia', 'Museo Miniscalchi']",Duomo,strategy_nearest,True,0.003958702087402344,success
04F5AE429C4C80,0,['San Zeno'],Castelvecchio,"['Museo Lapidario', 'Verona Tour', 'Arena', 'Museo Radio', 'Sighseeing']",Duomo,strategy_nearest,False,0.004686117172241211,success
04F5B6429C4C80,3,"['Santa Anastasia', 'Arena']",Teatro Romano,"['Duomo', 'AMO', 'Palazzo della Ragione', 'Museo Conte', 'Centro Fotografia']",Casa Giulietta,strategy_nearest,False,0.002269744873046875,success
04F5C53A9C4C80,0,['Arena'],Tomba Giulietta,"['San Fermo', 'Museo Storia', 'Museo Lapidario', 'Museo Radio', 'Verona Tour']",San Fermo,strategy_nearest,True,0.002470731735229492,success
04F5C3429C4C80,3,"['Arena', 'Casa Giulietta']",Torre Lamberti,"['Sighseeing', 'Centro Fotografia', 'Museo Conte', 'Palazzo della Ragione', 'AMO']",San Fermo,strategy_nearest,False,0.001834869384765625,success
04F5BE429C4C80,1,['Arena'],Casa Giulietta,"['Centro Fotografia', 'Sighseeing', 'Torre Lamberti', 'Museo Conte', 'Museo Radio']",Torre Lamberti,strategy_nearest,True,0.0037949085235595703,success
04F5C93A9C4C80,2,['Tomba Giulietta'],Casa Giulietta,"['Centro Fotografia', 'Sighseeing', 'Torre Lamberti', 'Museo Conte', 'Museo Radio']",Torre Lamberti,strategy_nearest,True,0.004482746124267578,success
04F5DB3A9C4C80,1,"['Arena', 'Casa Giulietta', 'Palazzo della Ragione', 'Torre Lamberti', 'Santa Anastasia']",Teatro Romano,"['Duomo', 'AMO', 'Museo Conte', 'Centro Fotografia', 'Museo Miniscalchi']",Castelvecchio,strategy_nearest,False,0.0029697418212890625,success
04F5DD3A9C4C80,1,"['Arena', 'Casa Giulietta']",Torre Lamberti,"['Sighseeing', 'Centro Fotografia', 'Museo Conte', 'Palazzo della Ragione', 'AMO']",Palazzo della Ragione,strategy_nearest,True,0.003173828125,success
04F5E4429C4C80,1,"['Teatro Romano', 'Duomo', 'Santa Anastasia', 'Arena', 'Museo Storia']",Castelvecchio,"['Museo Lapidario', 'Verona Tour', 'Museo Radio', 'San Zeno', 'Sighseeing']",Museo Lapidario,strategy_nearest,True,0.0039937496185302734,success
04F5F3429C4C80,3,"['San Fermo', 'Casa Giulietta', 'Torre Lamberti']",Arena,"['Verona Tour', 'Museo Lapidario', 'Museo Radio', 'Sighseeing', 'Castelvecchio']",Castelvecchio,strategy_nearest,True,0.004086017608642578,success
04F5F7429C4C80,1,"['San Fermo', 'Casa Giulietta', 'Palazzo della Ragione', 'Santa Anastasia']",Duomo,"['AMO', 'Museo Miniscalchi', 'Teatro Romano', 'Museo Conte', 'Torre Lamberti']",Teatro Romano,strategy_nearest,True,0.0041921138763427734,success
04F600429C4C84,1,"['Arena', 'Torre Lamberti', 'Palazzo della Ragione']",Teatro Romano,"['Santa Anastasia', 'Duomo', 'AMO', 'Museo Conte', 'Centro Fotografia']",Castelvecchio,strategy_nearest,False,0.002804994583129883,success
04F6013A9C4C84,0,['Torre Lamberti'],Arena,"['Verona Tour', 'Museo Lapidario', 'Museo Radio', 'San Fermo', 'Casa Giulietta']",Castelvecchio,strategy_nearest,False,0.0037996768951416016,success
04F61F3A9C4C80,0,"['Castelvecchio', 'Arena']",Casa Giulietta,"['Centro Fotografia', 'Sighseeing', 'Torre Lamberti', 'Museo Conte', 'Museo Radio']",Torre Lamberti,strategy_nearest,True,0.0021538734436035156,success
04F620429C4C80,3,"['Arena', 'San Fermo', 'Castelvecchio', 'San Zeno']",Museo Lapidario,"['Verona Tour', 'Museo Radio', 'Casa Giulietta', 'Tomba Giulietta', 'Sighseeing']",Casa Giulietta,strategy_nearest,True,0.0035469532012939453,success
04F62B3A9C4C80,1,"['Castelvecchio', 'Museo Lapidario', 'Arena']",Torre Lamberti,"['Sighseeing', 'Centro Fotografia', 'Museo Conte', 'Casa Giulietta', 'Palazzo della Ragione']",Palazzo della Ragione,strategy_nearest,True,0.002785921096801758,success
04F6273A9C4C80,1,"['Tomba Giulietta', 'Torre Lamberti']",Palazzo della Ragione,"['AMO', 'Museo Conte', 'Centro Fotografia', 'Sighseeing', 'Santa Anastasia']",Castelvecchio,strategy_nearest,False,0.0027098655700683594,success
04F62C3A9C4C80,3,"['Castelvecchio', 'Santa Anastasia']",Arena,"['Verona Tour', 'Museo Lapidario', 'Museo Radio', 'San Fermo', 'Casa Giulietta']",Museo Lapidario,strategy_nearest,True,0.0028810501098632812,success
04F62D3A9C4C80,3,"['Castelvecchio', 'Arena', 'Tomba Giulietta']",San Fermo,"['Museo Storia', 'Museo Radio', 'Casa Giulietta', 'Centro Fotografia', 'Sighseeing']",Santa Anastasia,strategy_nearest,False,0.003286123275756836,success
04F62E3A9C4C80,1,"['Arena', 'Castelvecchio', 'Casa Giulietta']",Palazzo della Ragione,"['AMO', 'Museo Conte', 'Torre Lamberti', 'Centro Fotografia', 'Sighseeing']",Torre Lamberti,strategy_nearest,True,0.0025229454040527344,success
04F62F429C4C80,0,['Arena'],Casa Giulietta,"['Centro Fotografia', 'Sighseeing', 'Torre Lamberti', 'Museo Conte', 'Museo Radio']",Torre Lamberti,strategy_nearest,True,0.0026929378509521484,success
04F633429C4C80,2,"['Casa Giulietta', 'Torre Lamberti']",Palazzo della Ragione,"['AMO', 'Museo Conte', 'Centro Fotografia', 'Sighseeing', 'Santa Anastasia']",Santa Anastasia,strategy_nearest,True,0.0037140846252441406,success
04F63E3A9C4C80,1,"['Arena', 'Torre Lamberti']",Palazzo della Ragione,"['AMO', 'Museo Conte', 'Centro Fotografia', 'Sighseeing', 'Santa Anastasia']",Santa Anastasia,strategy_nearest,True,0.002841949462890625,success
04F6423A9C4C80,1,"['Arena', 'Torre Lamberti', 'Palazzo della Ragione', 'Castelvecchio']",Teatro Romano,"['Santa Anastasia', 'Duomo', 'AMO', 'Museo Conte', 'Centro Fotografia']",Santa Anastasia,strategy_nearest,True,0.0031991004943847656,success
04F6533A9C4C80,0,"['Museo Lapidario', 'Castelvecchio']",Arena,"['Verona Tour', 'Museo Radio', 'San Fermo', 'Casa Giulietta', 'Sighseeing']",Casa Giulietta,strategy_nearest,True,0.0021250247955322266,success
04F64C429C4C80,0,"['Tomba Giulietta', 'Arena']",Castelvecchio,"['Museo Lapidario', 'Verona Tour', 'Museo Radio', 'San Zeno', 'Sighseeing']",Casa Giulietta,strategy_nearest,False,0.004091978073120117,success
04F6563A9C4C80,3,"['San Zeno', 'Castelvecchio', 'Arena']",Casa Giulietta,"['Centro Fotografia', 'Sighseeing', 'Torre Lamberti', 'Museo Conte', 'Museo Radio']",Torre Lamberti,strategy_nearest,True,0.002704143524169922,success
04F6673A9C4C80,1,"['Arena', 'Castelvecchio', 'Duomo']",Teatro Romano,"['Santa Anastasia', 'AMO', 'Palazzo della Ragione', 'Museo Conte', 'Centro Fotografia']",Torre Lamberti,strategy_nearest,False,0.0033609867095947266,success
04F66F429C4C80,1,"['Museo Lapidario', 'Arena', 'Torre Lamberti']",Palazzo della Ragione,"['AMO', 'Museo Conte', 'Centro Fotografia', 'Sighseeing', 'Santa Anastasia']",Santa Anastasia,strategy_nearest,True,0.002862215042114258,success
04F66B429C4C80,3,"['Castelvecchio', 'Arena']",Tomba Giulietta,"['San Fermo', 'Museo Storia', 'Museo Lapidario', 'Museo Radio', 'Verona Tour']",Santa Anastasia,strategy_nearest,False,0.002287149429321289,success
04F67D3A9C4C80,0,['Arena'],Torre Lamberti,"['Sighseeing', 'Centro Fotografia', 'Museo Conte', 'Casa Giulietta', 'Palazzo della Ragione']",Duomo,strategy_nearest,False,0.002747058868408203,success
04F675429C4C80,0,"['Arena', 'Casa Giulietta']",San Fermo,"['Museo Storia', 'Museo Radio', 'Centro Fotografia', 'Sighseeing', 'Torre Lamberti']",Torre Lamberti,strategy_nearest,True,0.0035469532012939453,success
04F6834A9C4C80,0,"['Arena', 'Casa Giulietta']",Torre Lamberti,"['Sighseeing', 'Centro Fotografia', 'Museo Conte', 'Palazzo della Ragione', 'AMO']",Duomo,strategy_nearest,False,0.0018432140350341797,success
04F687429C4C80,0,['Castelvecchio'],Arena,"['Verona Tour', 'Museo Lapidario', 'Museo Radio', 'San Fermo', 'Casa Giulietta']",Teatro Romano,strategy_nearest,False,0.003242015838623047,success
04F6853A9C4C80,1,"['Arena', 'Torre Lamberti', 'Palazzo della Ragione']",Santa Anastasia,"['AMO', 'Museo Conte', 'Teatro Romano', 'Centro Fotografia', 'Duomo']",Duomo,strategy_nearest,True,0.0028107166290283203,success
04F685429C4C80,1,"['Museo Lapidario', 'Castelvecchio', 'Arena']",Casa Giulietta,"['Centro Fotografia', 'Sighseeing', 'Torre Lamberti', 'Museo Conte', 'Museo Radio']",Torre Lamberti,strategy_nearest,True,0.002798795700073242,success
04F68A3A9C4C80,0,['Arena'],Casa Giulietta,"['Centro Fotografia', 'Sighseeing', 'Torre Lamberti', 'Museo Conte', 'Museo Radio']",Torre Lamberti,strategy_nearest,True,0.002489805221557617,success
04F68F3A9C4C80,0,['Arena'],Castelvecchio,"['Museo Lapidario', 'Verona Tour', 'Museo Radio', 'San Zeno', 'Sighseeing']",Casa Giulietta,strategy_nearest,False,0.002766132354736328,success
04F68D3A9C4C80,2,['Casa Giulietta'],Torre Lamberti,"['Sighseeing', 'Centro Fotografia', 'Museo Conte', 'Palazzo della Ragione', 'AMO']",Palazzo della Ragione,strategy_nearest,True,0.002190113067626953,success
04F693429C4C80,0,['Arena'],Casa Giulietta,"['Centro Fotografia', 'Sighseeing', 'Torre Lamberti', 'Museo Conte', 'Museo Radio']",Tomba Giulietta,strategy_nearest,False,0.0032300949096679688,success
04F69C429C4C80,3,"['Arena', 'Casa Giulietta']",Torre Lamberti,"['Sighseeing', 'Centro Fotografia', 'Museo Conte', 'Palazzo della Ragione', 'AMO']",Castelvecchio,strategy_nearest,False,0.002582073211669922,success
04F6A54A9C4C80,3,"['Arena', 'Casa Giulietta']",Torre Lamberti,"['Sighseeing', 'Centro Fotografia', 'Museo Conte', 'Palazzo della Ragione', 'AMO']",Teatro Romano,strategy_nearest,False,0.0025153160095214844,success
04F6984A9C4C80,1,['Arena'],Torre Lamberti,"['Sighseeing', 'Centro Fotografia', 'Museo Conte', 'Casa Giulietta', 'Palazzo della Ragione']",Palazzo della Ragione,strategy_nearest,True,0.003264904022216797,success
04F6AA3A9C4C80,0,['Arena'],Casa Giulietta,"['Centro Fotografia', 'Sighseeing', 'Torre Lamberti', 'Museo Conte', 'Museo Radio']",Giardino Giusti,strategy_nearest,False,0.0013179779052734375,success
04F6A64A9C4C80,3,['Arena'],Santa Anastasia,"['AMO', 'Museo Conte', 'Palazzo della Ragione', 'Teatro Romano', 'Centro Fotografia']",Duomo,strategy_nearest,False,0.0053539276123046875,success
04F6BA3A9C4C80,0,['Arena'],Casa Giulietta,"['Centro Fotografia', 'Sighseeing', 'Torre Lamberti', 'Museo Conte', 'Museo Radio']",Torre Lamberti,strategy_nearest,True,0.0031511783599853516,success
04F6B83A9C4C80,6,"['Arena', 'Museo Lapidario']",Santa Anastasia,"['AMO', 'Museo Conte', 'Palazzo della Ragione', 'Teatro Romano', 'Centro Fotografia']",Duomo,strategy_nearest,False,0.0021059513092041016,success
04F6D1429C4C80,0,['San Zeno'],Casa Giulietta,"['Centro Fotografia', 'Sighseeing', 'Torre Lamberti', 'Museo Conte', 'Museo Radio']",Torre Lamberti,strategy_nearest,True,0.0013513565063476562,success
04F6D2429C4C80,1,"['Arena', 'Casa Giulietta', 'San Fermo']",Castelvecchio,"['Museo Lapidario', 'Verona Tour', 'Museo Radio', 'San Zeno', 'Sighseeing']",Tomba Giulietta,strategy_nearest,False,0.0021657943725585938,success
04F6BD429C4C80,0,['Arena'],Castelvecchio,"['Museo Lapidario', 'Verona Tour', 'Museo Radio', 'San Zeno', 'Sighseeing']",Duomo,strategy_nearest,False,0.004339933395385742,success
04F6DC3A9C4C80,0,['Arena'],Castelvecchio,"['Museo Lapidario', 'Verona Tour', 'Museo Radio', 'San Zeno', 'Sighseeing']",Santa Anastasia,strategy_nearest,False,0.0031921863555908203,success
04F6EC3A9C4C80,2,"['San Zeno', 'Castelvecchio']",Torre Lamberti,"['Sighseeing', 'Centro Fotografia', 'Museo Conte', 'Casa Giulietta', 'Palazzo della Ragione']",Duomo,strategy_nearest,False,0.0024657249450683594,success
04F706429C4C84,3,"['Arena', 'San Zeno', 'Torre Lamberti']",Santa Anastasia,"['AMO', 'Museo Conte', 'Palazzo della Ragione', 'Teatro Romano', 'Centro Fotografia']",Casa Giulietta,strategy_nearest,False,0.0032019615173339844,success
04F6F23A9C4C80,1,"['Arena', 'Torre Lamberti']",Palazzo della Ragione,"['AMO', 'Museo Conte', 'Centro Fotografia', 'Sighseeing', 'Santa Anastasia']",Santa Anastasia,strategy_nearest,True,0.002836942672729492,success
04F700429C4C84,2,"['Museo Lapidario', 'Torre Lamberti']",Santa Anastasia,"['AMO', 'Museo Conte', 'Palazzo della Ragione', 'Teatro Romano', 'Centro Fotografia']",Duomo,strategy_nearest,False,0.002830028533935547,success
04F72C3A9C4C80,0,['Arena'],Castelvecchio,"['Museo Lapidario', 'Verona Tour', 'Museo Radio', 'San Zeno', 'Sighseeing']",San Zeno,strategy_nearest,True,0.002471923828125,success
04F72D3A9C4C80,3,"['Castelvecchio', 'Santa Anastasia']",Teatro Romano,"['Duomo', 'AMO', 'Palazzo della Ragione', 'Museo Conte', 'Centro Fotografia']",Torre Lamberti,strategy_nearest,False,0.0019102096557617188,success
04F72D4A9C4C80,3,"['Santa Anastasia', 'Casa Giulietta']",Castelvecchio,"['Museo Lapidario', 'Verona Tour', 'Arena', 'Museo Radio', 'San Zeno']",Arena,strategy_nearest,True,0.0031909942626953125,success
04F72C4A9C4C80,3,"['Arena', 'Casa Giulietta']",San Fermo,"['Museo Storia', 'Museo Radio', 'Centro Fotografia', 'Sighseeing', 'Torre Lamberti']",Duomo,strategy_nearest,False,0.002846956253051758,success
04F7303A9C4C80,0,['Torre Lamberti'],Arena,"['Verona Tour', 'Museo Lapidario', 'Museo Radio', 'San Fermo', 'Casa Giulietta']",Castelvecchio,strategy_nearest,False,0.003149271011352539,success
04F72E4A9C4C80,0,"['Casa Giulietta', 'Castelvecchio']",Arena,"['Verona Tour', 'Museo Lapidario', 'Museo Radio', 'San Fermo', 'Sighseeing']",Torre Lamberti,strategy_nearest,False,0.0025010108947753906,success
04F7353A9C4C80,3,"['San Zeno', 'Castelvecchio', 'Arena']",San Fermo,"['Museo Storia', 'Museo Radio', 'Casa Giulietta', 'Centro Fotografia', 'Sighseeing']",Casa Giulietta,strategy_nearest,True,0.0026056766510009766,success
04F733429C4C80,1,"['Arena', 'Torre Lamberti']",Palazzo della Ragione,"['AMO', 'Museo Conte', 'Centro Fotografia', 'Sighseeing', 'Santa Anastasia']",Santa Anastasia,strategy_nearest,True,0.0034427642822265625,success
04F74D3A9C4C80,0,"['Torre Lamberti', 'San Zeno', 'Casa Giulietta']",Arena,"['Verona Tour', 'Museo Lapidario', 'Museo Radio', 'San Fermo', 'Sighseeing']",Castelvecchio,strategy_nearest,False,0.00347900390625,success
04F73E3A9C4C80,0,['Arena'],Torre Lamberti,"['Sighseeing', 'Centro Fotografia', 'Museo Conte', 'Casa Giulietta', 'Palazzo della Ragione']",Teatro Romano,strategy_nearest,False,0.0024840831756591797,success
04F73A3A9C4C80,0,['San Fermo'],Casa Giulietta,"['Centro Fotografia', 'Sighseeing', 'Torre Lamberti', 'Museo Conte', 'Museo Radio']",Arena,strategy_nearest,False,0.003638029098510742,success
04F73E429C4C80,0,"['Arena', 'Castelvecchio']",Casa Giulietta,"['Centro Fotografia', 'Sighseeing', 'Torre Lamberti', 'Museo Conte', 'Museo Radio']",Tomba Giulietta,strategy_nearest,False,0.0029180049896240234,success
04F756429C4C80,0,"['Torre Lamberti', 'Duomo']",Arena,"['Verona Tour', 'Museo Lapidario', 'Museo Radio', 'San Fermo', 'Casa Giulietta']",Tomba Giulietta,strategy_nearest,False,0.002187967300415039,success
04F752429C4C80,3,"['Torre Lamberti', 'Arena']",Teatro Romano,"['Santa Anastasia', 'Duomo', 'AMO', 'Palazzo della Ragione', 'Museo Conte']",Duomo,strategy_nearest,True,0.0012390613555908203,success
04F7603A9C4C80,0,['Arena'],Casa Giulietta,"['Centro Fotografia', 'Sighseeing', 'Torre Lamberti', 'Museo Conte', 'Museo Radio']",Castelvecchio,strategy_nearest,False,0.0025148391723632812,success
04F7613A9C4C80,1,"['Arena', 'Casa Giulietta']",San Fermo,"['Museo Storia', 'Museo Radio', 'Centro Fotografia', 'Sighseeing', 'Torre Lamberti']",Teatro Romano,strategy_nearest,False,0.004767894744873047,success
04F755429C4C80,0,['Arena'],Museo Lapidario,"['Verona Tour', 'Castelvecchio', 'Museo Radio', 'San Fermo', 'Casa Giulietta']",Casa Giulietta,strategy_nearest,True,0.004814863204956055,success
04F760429C4C80,1,"['Castelvecchio', 'Casa Giulietta']",Arena,"['Verona Tour', 'Museo Lapidario', 'Museo Radio', 'San Fermo', 'Sighseeing']",Teatro Romano,strategy_nearest,False,0.004358053207397461,success
04F7773A9C4C80,1,"['Arena', 'Castelvecchio']",Duomo,"['AMO', 'Museo Miniscalchi', 'Santa Anastasia', 'Teatro Romano', 'Palazzo della Ragione']",Teatro Romano,strategy_nearest,True,0.004565000534057617,success
04F7914A9C4C80,0,"['Museo Lapidario', 'Arena']",Castelvecchio,"['Verona Tour', 'Museo Radio', 'San Zeno', 'Sighseeing', 'Museo Miniscalchi']",Santa Anastasia,strategy_nearest,False,0.003506183624267578,success
04F765429C4C80,0,['Arena'],Casa Giulietta,"['Centro Fotografia', 'Sighseeing', 'Torre Lamberti', 'Museo Conte', 'Museo Radio']",Santa Anastasia,strategy_nearest,False,0.003168821334838867,success
04F78B429C4C80,0,['Arena'],Torre Lamberti,"['Sighseeing', 'Centro Fotografia', 'Museo Conte', 'Casa Giulietta', 'Palazzo della Ragione']",Tomba Giulietta,strategy_nearest,False,0.002218961715698242,success
04F79F429C4C80,2,['Castelvecchio'],Duomo,"['AMO', 'Museo Miniscalchi', 'Santa Anastasia', 'Teatro Romano', 'Palazzo della Ragione']",Santa Anastasia,strategy_nearest,True,0.001712799072265625,success
04F79F4A9C4C80,1,"['Arena', 'Casa Giulietta']",Palazzo della Ragione,"['AMO', 'Museo Conte', 'Torre Lamberti', 'Centro Fotografia', 'Sighseeing']",Torre Lamberti,strategy_nearest,True,0.003917694091796875,success
04F7984A9C4C80,1,['Arena'],Torre Lamberti,"['Sighseeing', 'Centro Fotografia', 'Museo Conte', 'Casa Giulietta', 'Palazzo della Ragione']",Palazzo della Ragione,strategy_nearest,True,0.0027811527252197266,success
04F7AE3A9C4C80,0,['Arena'],Castelvecchio,"['Museo Lapidario', 'Verona Tour', 'Museo Radio', 'San Zeno', 'Sighseeing']",Casa Giulietta,strategy_nearest,False,0.003342151641845703,success
04F7AD3A9C4C80,3,"['San Zeno', 'Castelvecchio', 'Arena']",Duomo,"['AMO', 'Museo Miniscalchi', 'Santa Anastasia', 'Teatro Romano', 'Palazzo della Ragione']",Teatro Romano,strategy_nearest,True,0.00537872314453125,success
04F7BA429C4C80,0,['Santa Anastasia'],Arena,"['Verona Tour', 'Museo Lapidario', 'Museo Radio', 'San Fermo', 'Casa Giulietta']",Tomba Giulietta,strategy_nearest,False,0.00468134880065918,success
04F7B63A9C4C80,3,"['Arena', 'Castelvecchio', 'Teatro Romano']",Santa Anastasia,"['AMO', 'Museo Conte', 'Palazzo della Ragione', 'Centro Fotografia', 'Duomo']",Duomo,strategy_nearest,True,0.0040721893310546875,success
04F7BAC27B3F80,2,['Castelvecchio'],Torre Lamberti,"['Sighseeing', 'Centro Fotografia', 'Museo Conte', 'Casa Giulietta', 'Palazzo della Ragione']",Santa Anastasia,strategy_nearest,False,0.0014801025390625,success
04F7BC429C4C80,0,"['Castelvecchio', 'Arena']",Casa Giulietta,"['Centro Fotografia', 'Sighseeing', 'Torre Lamberti', 'Museo Conte', 'Museo Radio']",Torre Lamberti,strategy_nearest,True,0.002160310745239258,success
04F7C03A9C4C80,0,['Arena'],Museo Lapidario,"['Verona Tour', 'Castelvecchio', 'Museo Radio', 'San Fermo', 'Casa Giulietta']",Casa Giulietta,strategy_nearest,True,0.0032088756561279297,success
04F7C13A9C4C80,0,['Arena'],Castelvecchio,"['Museo Lapidario', 'Verona Tour', 'Museo Radio', 'San Zeno', 'Sighseeing']",Casa Giulietta,strategy_nearest,False,0.003774881362915039,success
04F7C43A9C4C80,0,"['Arena', 'Museo Lapidario']",Castelvecchio,"['Verona Tour', 'Museo Radio', 'San Zeno', 'Sighseeing', 'Museo Miniscalchi']",Torre Lamberti,strategy_nearest,False,0.0021181106567382812,success
04F7C1429C4C80,3,['Arena'],San Zeno,"['Castelvecchio', 'Verona Tour', 'Museo Lapidario', 'Museo Miniscalchi', 'Sighseeing']",Duomo,strategy_nearest,False,0.003564119338989258,success
04F7C7429C4C80,0,['Arena'],Castelvecchio,"['Museo Lapidario', 'Verona Tour', 'Museo Radio', 'San Zeno', 'Sighseeing']",Torre Lamberti,strategy_nearest,False,0.002749204635620117,success
04F7CA3A9C4C80,0,['Castelvecchio'],Arena,"['Verona Tour', 'Museo Lapidario', 'Museo Radio', 'San Fermo', 'Casa Giulietta']",Casa Giulietta,strategy_nearest,True,0.002714872360229492,success
04F7C93A9C4C80,2,"['Castelvecchio', 'Santa Anastasia']",Teatro Romano,"['Duomo', 'AMO', 'Palazzo della Ragione', 'Museo Conte', 'Centro Fotografia']",Duomo,strategy_nearest,True,0.002650022506713867,success
04F7DA3A9C4C80,2,"['San Zeno', 'Castelvecchio', 'Torre Lamberti']",Palazzo della Ragione,"['AMO', 'Museo Conte', 'Centro Fotografia', 'Sighseeing', 'Santa Anastasia']",Santa Anastasia,strategy_nearest,True,0.002646923065185547,success
04F7CB3A9C4C80,0,"['Castelvecchio', 'San Zeno']",Casa Giulietta,"['Centro Fotografia', 'Sighseeing', 'Torre Lamberti', 'Museo Conte', 'Museo Radio']",Giardino Giusti,strategy_nearest,False,0.0035729408264160156,success
04F7CF3A9C4C80,0,['Arena'],Casa Giulietta,"['Centro Fotografia', 'Sighseeing', 'Torre Lamberti', 'Museo Conte', 'Museo Radio']",Torre Lamberti,strategy_nearest,True,0.0021660327911376953,success
04F7E23A9C4C80,2,"['Casa Giulietta', 'Torre Lamberti']",Castelvecchio,"['Museo Lapidario', 'Verona Tour', 'Arena', 'Museo Radio', 'San Zeno']",San Zeno,strategy_nearest,True,0.0034627914428710938,success
04F7E43A9C4C80,1,"['Santa Anastasia', 'Duomo', 'Teatro Romano', 'Arena']",Castelvecchio,"['Museo Lapidario', 'Verona Tour', 'Museo Radio', 'San Zeno', 'Sighseeing']",San Fermo,strategy_nearest,False,0.0019080638885498047,success
04F7E33A9C4C80,0,['Arena'],Torre Lamberti,"['Sighseeing', 'Centro Fotografia', 'Museo Conte', 'Casa Giulietta', 'Palazzo della Ragione']",Casa Giulietta,strategy_nearest,True,0.002689838409423828,success
04F7EFC27B3F80,0,['Castelvecchio'],Teatro Romano,"['Santa Anastasia', 'Duomo', 'AMO', 'Palazzo della Ragione', 'Museo Conte']",Arena,strategy_nearest,False,0.0025069713592529297,success
04F7EA3A9C4C80,2,"['Casa Giulietta', 'Tomba Giulietta']",San Zeno,"['Castelvecchio', 'Verona Tour', 'Museo Lapidario', 'Arena', 'Museo Miniscalchi']",Castelvecchio,strategy_nearest,True,0.0027277469635009766,success
04F7F73A9C4C80,1,"['Arena', 'Castelvecchio', 'Torre Lamberti']",Palazzo della Ragione,"['AMO', 'Museo Conte', 'Centro Fotografia', 'Sighseeing', 'Santa Anastasia']",Casa Giulietta,strategy_nearest,False,0.0027000904083251953,success
04F7FA3A9C4C80,3,"['Arena', 'Casa Giulietta', 'Teatro Romano']",Duomo,"['AMO', 'Museo Miniscalchi', 'Santa Anastasia', 'Palazzo della Ragione', 'Museo Conte']",Santa Anastasia,strategy_nearest,True,0.0030260086059570312,success
04F7FBC27B3F80,0,['Castelvecchio'],Duomo,"['AMO', 'Museo Miniscalchi', 'Santa Anastasia', 'Teatro Romano', 'Palazzo della Ragione']",Teatro Romano,strategy_nearest,True,0.0026628971099853516,success
04F8253A9C4C80,1,"['Castelvecchio', 'Torre Lamberti']",Palazzo della Ragione,"['AMO', 'Museo Conte', 'Centro Fotografia', 'Sighseeing', 'Santa Anastasia']",Santa Anastasia,strategy_nearest,True,0.003551959991455078,success
04F8223A9C4C80,2,['Torre Lamberti'],Castelvecchio,"['Museo Lapidario', 'Verona Tour', 'Arena', 'Museo Radio', 'San Zeno']",Teatro Romano,strategy_nearest,False,0.0028269290924072266,success
04F8283A9C4C80,0,"['Torre Lamberti', 'Arena']",San Zeno,"['Castelvecchio', 'Verona Tour', 'Museo Lapidario', 'Museo Miniscalchi', 'Sighseeing']",Castelvecchio,strategy_nearest,True,0.0028078556060791016,success
04F82E4A9C4C80,3,"['Casa Giulietta', 'Torre Lamberti']",Santa Anastasia,"['AMO', 'Museo Conte', 'Palazzo della Ragione', 'Teatro Romano', 'Centro Fotografia']",Duomo,strategy_nearest,False,0.002360820770263672,success
04F82C4A9C4C80,0,['Arena'],Giardino Giusti,"['Santa Anastasia', 'Teatro Romano', 'Museo Conte', 'Centro Fotografia', 'Museo Storia']",Tomba Giulietta,strategy_nearest,False,0.0030841827392578125,success
04F82F3A9C4C80,0,['Arena'],Casa Giulietta,"['Centro Fotografia', 'Sighseeing', 'Torre Lamberti', 'Museo Conte', 'Museo Radio']",Castelvecchio,strategy_nearest,False,0.003039836883544922,success
04F831429C4C80,2,['Casa Giulietta'],Teatro Romano,"['Santa Anastasia', 'Duomo', 'AMO', 'Palazzo della Ragione', 'Museo Conte']",Castelvecchio,strategy_nearest,False,0.003287792205810547,success
04F8423A9C4C80,0,['Arena'],Casa Giulietta,"['Centro Fotografia', 'Sighseeing', 'Torre Lamberti', 'Museo Conte', 'Museo Radio']",Torre Lamberti,strategy_nearest,True,0.0019059181213378906,success
04F83F3A9C4C80,2,"['Castelvecchio', 'Torre Lamberti']",Palazzo della Ragione,"['AMO', 'Museo Conte', 'Centro Fotografia', 'Sighseeing', 'Santa Anastasia']",Giardino Giusti,strategy_nearest,False,0.00323486328125,success
04F833429C4C80,3,"['Arena', 'San Zeno']",Castelvecchio,"['Museo Lapidario', 'Verona Tour', 'Museo Radio', 'Sighseeing', 'Museo Miniscalchi']",Casa Giulietta,strategy_nearest,False,0.0026967525482177734,success
04F845429C4C80,0,['Arena'],Casa Giulietta,"['Centro Fotografia', 'Sighseeing', 'Torre Lamberti', 'Museo Conte', 'Museo Radio']",Tomba Giulietta,strategy_nearest,False,0.0035457611083984375,success
04F847429C4C80,0,['Arena'],Teatro Romano,"['Santa Anastasia', 'Duomo', 'AMO', 'Palazzo della Ragione', 'Museo Conte']",Castelvecchio,strategy_nearest,False,0.0018281936645507812,success
04F84E3A9C4C80,1,"['Arena', 'Museo Lapidario', 'Castelvecchio', 'Santa Anastasia']",Duomo,"['AMO', 'Museo Miniscalchi', 'Teatro Romano', 'Palazzo della Ragione', 'Museo Conte']",Palazzo della Ragione,strategy_nearest,True,0.0028371810913085938,success
04F846429C4C80,3,"['Arena', 'Torre Lamberti']",Casa Giulietta,"['Centro Fotografia', 'Sighseeing', 'Museo Conte', 'Museo Radio', 'Palazzo della Ragione']",Teatro Romano,strategy_nearest,False,0.0035779476165771484,success
04F84E429C4C80,0,['Torre Lamberti'],Tomba Giulietta,"['San Fermo', 'Museo Storia', 'Arena', 'Museo Lapidario', 'Museo Radio']",Arena,strategy_nearest,True,0.0015077590942382812,success
04F8583A9C4C80,3,"['Arena', 'Santa Anastasia']",Castelvecchio,"['Museo Lapidario', 'Verona Tour', 'Museo Radio', 'San Zeno', 'Sighseeing']",Duomo,strategy_nearest,False,0.0024261474609375,success
04F8603A9C4C80,0,"['Arena', 'Torre Lamberti']",Casa Giulietta,"['Centro Fotografia', 'Sighseeing', 'Museo Conte', 'Museo Radio', 'Palazzo della Ragione']",San Fermo,strategy_nearest,False,0.002580881118774414,success
04F859429C4C80,0,['Arena'],Giardino Giusti,"['Santa Anastasia', 'Teatro Romano', 'Museo Conte', 'Centro Fotografia', 'Museo Storia']",Casa Giulietta,strategy_nearest,False,0.0037491321563720703,success
04F868429C4C80,3,"['Tomba Giulietta', 'Arena', 'Casa Giulietta']",Santa Anastasia,"['AMO', 'Museo Conte', 'Palazzo della Ragione', 'Teatro Romano', 'Centro Fotografia']",Duomo,strategy_nearest,False,0.002891063690185547,success
04F86E429C4C80,3,"['Arena', 'Torre Lamberti']",Duomo,"['AMO', 'Museo Miniscalchi', 'Santa Anastasia', 'Teatro Romano', 'Palazzo della Ragione']",Teatro Romano,strategy_nearest,True,0.003462076187133789,success
04F87A3A9C4C80,3,"['Arena', 'Casa Giulietta', 'Torre Lamberti']",Tomba Giulietta,"['San Fermo', 'Museo Storia', 'Museo Lapidario', 'Museo Radio', 'Verona Tour']",San Fermo,strategy_nearest,True,0.0026960372924804688,success
04F8753A9C4C80,3,['Castelvecchio'],Arena,"['Verona Tour', 'Museo Lapidario', 'Museo Radio', 'San Fermo', 'Casa Giulietta']",Torre Lamberti,strategy_nearest,False,0.001512765884399414,success
04F887429C4C80,2,['Casa Giulietta'],Torre Lamberti,"['Sighseeing', 'Centro Fotografia', 'Museo Conte', 'Palazzo della Ragione', 'AMO']",Castelvecchio,strategy_nearest,False,0.0013608932495117188,success
04F8854A9C4C80,3,['Arena'],Santa Anastasia,"['AMO', 'Museo Conte', 'Palazzo della Ragione', 'Teatro Romano', 'Centro Fotografia']",Duomo,strategy_nearest,False,0.0027959346771240234,success
04F88B429C4C80,3,"['Arena', 'Teatro Romano']",Duomo,"['AMO', 'Museo Miniscalchi', 'Santa Anastasia', 'Palazzo della Ragione', 'Museo Conte']",Santa Anastasia,strategy_nearest,True,0.001950979232788086,success
04F88D429C4C80,0,"['Torre Lamberti', 'Casa Giulietta', 'Tomba Giulietta']",San Zeno,"['Castelvecchio', 'Verona Tour', 'Museo Lapidario', 'Arena', 'Museo Miniscalchi']",Castelvecchio,strategy_nearest,True,0.0028362274169921875,success
04F8914A9C4C80,1,"['Arena', 'Torre Lamberti', 'Palazzo della Ragione']",Casa Giulietta,"['Centro Fotografia', 'Sighseeing', 'Museo Conte', 'Museo Radio', 'San Fermo']",Santa Anastasia,strategy_nearest,False,0.003074169158935547,success
04F8AF3A9C4C80,0,"['Casa Giulietta', 'Duomo']",Torre Lamberti,"['Sighseeing', 'Centro Fotografia', 'Museo Conte', 'Palazzo della Ragione', 'AMO']",Arena,strategy_nearest,False,0.003023862838745117,success
04F8AA429C4C80,3,"['Castelvecchio', 'Arena', 'Casa Giulietta']",Torre Lamberti,"['Sighseeing', 'Centro Fotografia', 'Museo Conte', 'Palazzo della Ragione', 'AMO']",Santa Anastasia,strategy_nearest,False,0.002755880355834961,success
04F8A7429C4C80,3,"['Arena', 'Torre Lamberti']",Casa Giulietta,"['Centro Fotografia', 'Sighseeing', 'Museo Conte', 'Museo Radio', 'Palazzo della Ragione']",Santa Anastasia,strategy_nearest,False,0.002190113067626953,success
04F8BE3A9C4C80,3,['Arena'],Torre Lamberti,"['Sighseeing', 'Centro Fotografia', 'Museo Conte', 'Casa Giulietta', 'Palazzo della Ragione']",Casa Giulietta,strategy_nearest,True,0.0015599727630615234,success
04F8B43A9C4C80,3,['Arena'],San Fermo,"['Museo Storia', 'Museo Radio', 'Casa Giulietta', 'Centro Fotografia', 'Sighseeing']",Duomo,strategy_nearest,False,0.0034101009368896484,success
04F8CC3A9C4C80,0,['San Zeno'],Arena,"['Verona Tour', 'Museo Lapidario', 'Museo Radio', 'San Fermo', 'Casa Giulietta']",Duomo,strategy_nearest,False,0.002599954605102539,success
04F8C13A9C4C80,0,['Arena'],Castelvecchio,"['Museo Lapidario', 'Verona Tour', 'Museo Radio', 'San Zeno', 'Sighseeing']",Duomo,strategy_nearest,False,0.0021331310272216797,success
04F8D83A9C4C80,0,['Arena'],Torre Lamberti,"['Sighseeing', 'Centro Fotografia', 'Museo Conte', 'Casa Giulietta', 'Palazzo della Ragione']",Duomo,strategy_nearest,False,0.0021009445190429688,success
04F8CF3A9C4C80,3,"['Arena', 'Duomo']",Santa Anastasia,"['AMO', 'Museo Conte', 'Palazzo della Ragione', 'Teatro Romano', 'Centro Fotografia']",Casa Giulietta,strategy_nearest,False,0.0014867782592773438,success
04F8E23A9C4C80,2,['Torre Lamberti'],Duomo,"['AMO', 'Museo Miniscalchi', 'Santa Anastasia', 'Teatro Romano', 'Palazzo della Ragione']",Casa Giulietta,strategy_nearest,False,0.0029211044311523438,success
04F8F4429C4C80,1,"['Casa Giulietta', 'Palazzo della Ragione', 'Torre Lamberti']",Arena,"['Verona Tour', 'Museo Lapidario', 'Museo Radio', 'San Fermo', 'Sighseeing']",Tomba Giulietta,strategy_nearest,False,0.003690958023071289,success
04F92E4A9C4C80,0,"['Torre Lamberti', 'Arena']",San Zeno,"['Castelvecchio', 'Verona Tour', 'Museo Lapidario', 'Museo Miniscalchi', 'Sighseeing']",Castelvecchio,strategy_nearest,True,0.002569913864135742,success
04F9133A9C4C84,2,"['Palazzo della Ragione', 'Casa Giulietta', 'Castelvecchio']",San Zeno,"['Verona Tour', 'Museo Lapidario', 'Arena', 'Museo Miniscalchi', 'Sighseeing']",San Fermo,strategy_nearest,False,0.0026879310607910156,success
04F9383A9C4C80,2,['Casa Giulietta'],Torre Lamberti,"['Sighseeing', 'Centro Fotografia', 'Museo Conte', 'Palazzo della Ragione', 'AMO']",Castelvecchio,strategy_nearest,False,0.0032401084899902344,success
04F93F429C4C80,0,['Arena'],Casa Giulietta,"['Centro Fotografia', 'Sighseeing', 'Torre Lamberti', 'Museo Conte', 'Museo Radio']",Torre Lamberti,strategy_nearest,True,0.0031108856201171875,success
04F950429C4C80,0,['Arena'],Casa Giulietta,"['Centro Fotografia', 'Sighseeing', 'Torre Lamberti', 'Museo Conte', 'Museo Radio']",Santa Anastasia,strategy_nearest,False,0.0025589466094970703,success
04F954429C4C80,0,['Arena'],Casa Giulietta,"['Centro Fotografia', 'Sighseeing', 'Torre Lamberti', 'Museo Conte', 'Museo Radio']",Castelvecchio,strategy_nearest,False,0.0031549930572509766,success
04F9603A9C4C80,4,"['Arena', 'Castelvecchio', 'Palazzo della Ragione']",Santa Anastasia,"['AMO', 'Museo Conte', 'Teatro Romano', 'Centro Fotografia', 'Duomo']",Tomba Giulietta,strategy_nearest,False,0.0026590824127197266,success
04F95B429C4C80,0,"['Arena', 'Casa Giulietta']",Torre Lamberti,"['Sighseeing', 'Centro Fotografia', 'Museo Conte', 'Palazzo della Ragione', 'AMO']",Teatro Romano,strategy_nearest,False,0.003496885299682617,success
04F96C3A9C4C80,3,"['Castelvecchio', 'San Zeno', 'Arena', 'Torre Lamberti']",Casa Giulietta,"['Centro Fotografia', 'Sighseeing', 'Museo Conte', 'Museo Radio', 'Palazzo della Ragione']",Santa Anastasia,strategy_nearest,False,0.0029768943786621094,success
04F95E3A9C4C80,3,"['Museo Lapidario', 'Castelvecchio', 'San Zeno']",Teatro Romano,"['Santa Anastasia', 'Duomo', 'AMO', 'Palazzo della Ragione', 'Museo Conte']",Arena,strategy_nearest,False,0.0025849342346191406,success
04F9783A9C4C80,0,"['Museo Lapidario', 'Arena']",Castelvecchio,"['Verona Tour', 'Museo Radio', 'San Zeno', 'Sighseeing', 'Museo Miniscalchi']",San Zeno,strategy_nearest,True,0.0020411014556884766,success
04F975429C4C80,1,"['Arena', 'Casa Giulietta', 'Torre Lamberti']",Palazzo della Ragione,"['AMO', 'Museo Conte', 'Centro Fotografia', 'Sighseeing', 'Santa Anastasia']",Santa Anastasia,strategy_nearest,True,0.0019788742065429688,success
04F9794A9C4C80,3,"['Arena', 'Casa Giulietta']",Torre Lamberti,"['Sighseeing', 'Centro Fotografia', 'Museo Conte', 'Palazzo della Ragione', 'AMO']",Castelvecchio,strategy_nearest,False,0.003258228302001953,success
04F973429C4C80,3,"['Torre Lamberti', 'Santa Anastasia']",Duomo,"['AMO', 'Museo Miniscalchi', 'Teatro Romano', 'Palazzo della Ragione', 'Museo Conte']",San Fermo,strategy_nearest,False,0.0033888816833496094,success
04F9873A9C4C80,3,"['Arena', 'Castelvecchio']",Casa Giulietta,"['Centro Fotografia', 'Sighseeing', 'Torre Lamberti', 'Museo Conte', 'Museo Radio']",San Zeno,strategy_nearest,False,0.0028100013732910156,success
04F98A4A9C4C80,0,"['Casa Giulietta', 'Arena']",Tomba Giulietta,"['San Fermo', 'Museo Storia', 'Museo Lapidario', 'Museo Radio', 'Verona Tour']",San Zeno,strategy_nearest,False,0.0019631385803222656,success
04F98F4A9C4C80,0,['Arena'],Casa Giulietta,"['Centro Fotografia', 'Sighseeing', 'Torre Lamberti', 'Museo Conte', 'Museo Radio']",Teatro Romano,strategy_nearest,False,0.002646923065185547,success
04F99E429C4C80,0,['Arena'],Santa Anastasia,"['AMO', 'Museo Conte', 'Palazzo della Ragione', 'Teatro Romano', 'Centro Fotografia']",Casa Giulietta,strategy_nearest,False,0.003247976303100586,success
04F99E4A9C4C80,3,"['Arena', 'Casa Giulietta']",Santa Anastasia,"['AMO', 'Museo Conte', 'Palazzo della Ragione', 'Teatro Romano', 'Centro Fotografia']",Duomo,strategy_nearest,False,0.0034182071685791016,success
04F9A4429C4C80,0,['Arena'],Casa Giulietta,"['Centro Fotografia', 'Sighseeing', 'Torre Lamberti', 'Museo Conte', 'Museo Radio']",Tomba Giulietta,strategy_nearest,False,0.0033249855041503906,success
04F9A0429C4C80,3,['Arena'],Santa Anastasia,"['AMO', 'Museo Conte', 'Palazzo della Ragione', 'Teatro Romano', 'Centro Fotografia']",Teatro Romano,strategy_nearest,True,0.002187013626098633,success
04F9AB4A9C4C80,1,['Arena'],Casa Giulietta,"['Centro Fotografia', 'Sighseeing', 'Torre Lamberti', 'Museo Conte', 'Museo Radio']",Torre Lamberti,strategy_nearest,True,0.0026988983154296875,success
04F9B772743380,1,"['Tomba Giulietta', 'Arena', 'Castelvecchio', 'San Zeno']",Duomo,"['AMO', 'Museo Miniscalchi', 'Santa Anastasia', 'Teatro Romano', 'Palazzo della Ragione']",Torre Lamberti,strategy_nearest,False,0.001827239990234375,success
04F9AE3A9C4C80,3,"['Torre Lamberti', 'Santa Anastasia']",Duomo,"['AMO', 'Museo Miniscalchi', 'Teatro Romano', 'Palazzo della Ragione', 'Museo Conte']",Castelvecchio,strategy_nearest,False,0.0028040409088134766,success
04F9B5429C4C80,6,['Torre Lamberti'],Verona Tour,"['Museo Lapidario', 'Arena', 'Castelvecchio', 'Museo Radio', 'Casa Giulietta']",Duomo,strategy_nearest,False,0.0033462047576904297,success
04F9AC3A9C4C80,0,['Tomba Giulietta'],Arena,"['Verona Tour', 'Museo Lapidario', 'Museo Radio', 'San Fermo', 'Casa Giulietta']",Casa Giulietta,strategy_nearest,True,0.0013790130615234375,success
04F9BD3A9C4C80,1,"['Arena', 'Casa Giulietta', 'Palazzo della Ragione']",Torre Lamberti,"['Sighseeing', 'Centro Fotografia', 'Museo Conte', 'AMO', 'Museo Miniscalchi']",Duomo,strategy_nearest,False,0.0019919872283935547,success
04F9BD429C4C80,0,['Arena'],Casa Giulietta,"['Centro Fotografia', 'Sighseeing', 'Torre Lamberti', 'Museo Conte', 'Museo Radio']",Torre Lamberti,strategy_nearest,True,0.0013270378112792969,success
04F9BB429C4C80,0,['Arena'],Casa Giulietta,"['Centro Fotografia', 'Sighseeing', 'Torre Lamberti', 'Museo Conte', 'Museo Radio']",Torre Lamberti,strategy_nearest,True,0.004149913787841797,success
04F9BF3A9C4C80,1,"['Casa Giulietta', 'San Fermo']",Arena,"['Verona Tour', 'Museo Lapidario', 'Museo Radio', 'Sighseeing', 'Castelvecchio']",Torre Lamberti,strategy_nearest,False,0.0028810501098632812,success
04F9BF429C4C80,0,"['Arena', 'Casa Giulietta']",Castelvecchio,"['Museo Lapidario', 'Verona Tour', 'Museo Radio', 'San Zeno', 'Sighseeing']",San Zeno,strategy_nearest,True,0.002468109130859375,success
04F9C7429C4C80,1,"['Museo Lapidario', 'Arena', 'Santa Anastasia']",Duomo,"['AMO', 'Museo Miniscalchi', 'Teatro Romano', 'Palazzo della Ragione', 'Museo Conte']",Casa Giulietta,strategy_nearest,False,0.0031681060791015625,success
04F9C2429C4C80,3,"['Arena', 'Castelvecchio', 'Torre Lamberti']",Casa Giulietta,"['Centro Fotografia', 'Sighseeing', 'Museo Conte', 'Museo Radio', 'Palazzo della Ragione']",Santa Anastasia,strategy_nearest,False,0.0033788681030273438,success
04F9C5429C4C80,3,"['Castelvecchio', 'San Zeno', 'Arena']",Arena,"['Verona Tour', 'Museo Lapidario', 'Museo Radio', 'San Fermo', 'Casa Giulietta']",Torre Lamberti,strategy_nearest,False,0.002832174301147461,success
04F9D0429C4C80,3,"['San Zeno', 'Santa Anastasia']",Teatro Romano,"['Duomo', 'AMO', 'Palazzo della Ragione', 'Museo Conte', 'Centro Fotografia']",Arena,strategy_nearest,False,0.0028963088989257812,success
04F9DB3A9C4C80,3,"['Arena', 'Santa Anastasia']",Torre Lamberti,"['Sighseeing', 'Centro Fotografia', 'Museo Conte', 'Casa Giulietta', 'Palazzo della Ragione']",Casa Giulietta,strategy_nearest,True,0.0027379989624023438,success
04FA0C429C4C84,1,['Arena'],Casa Giulietta,"['Centro Fotografia', 'Sighseeing', 'Torre Lamberti', 'Museo Conte', 'Museo Radio']",Torre Lamberti,strategy_nearest,True,0.0033769607543945312,success
04F9F03A9C4C80,1,['Arena'],Palazzo della Ragione,"['AMO', 'Museo Conte', 'Torre Lamberti', 'Centro Fotografia', 'Sighseeing']",San Fermo,strategy_nearest,False,0.0020987987518310547,success
04FA123A9C4C84,3,"['Arena', 'Castelvecchio']",Santa Anastasia,"['AMO', 'Museo Conte', 'Palazzo della Ragione', 'Teatro Romano', 'Centro Fotografia']",Duomo,strategy_nearest,False,0.001973867416381836,success
04FA293A9C4C80,1,"['Castelvecchio', 'Arena']",San Fermo,"['Museo Storia', 'Museo Radio', 'Casa Giulietta', 'Centro Fotografia', 'Sighseeing']",Casa Giulietta,strategy_nearest,True,0.0019321441650390625,success
04FA283A9C4C80,3,"['Arena', 'Museo Lapidario', 'San Fermo']",Torre Lamberti,"['Sighseeing', 'Centro Fotografia', 'Museo Conte', 'Casa Giulietta', 'Palazzo della Ragione']",Teatro Romano,strategy_nearest,False,0.003412961959838867,success
04FA2B429C4C80,0,['Casa Giulietta'],Torre Lamberti,"['Sighseeing', 'Centro Fotografia', 'Museo Conte', 'Palazzo della Ragione', 'AMO']",Arena,strategy_nearest,False,0.003365039825439453,success
04FA2B4A9C4C80,2,"['Museo Lapidario', 'Castelvecchio', 'Duomo', 'Casa Giulietta']",Palazzo della Ragione,"['AMO', 'Museo Conte', 'Torre Lamberti', 'Centro Fotografia', 'Sighseeing']",Torre Lamberti,strategy_nearest,True,0.0033566951751708984,success
04FA39429C4C80,3,['Arena'],Giardino Giusti,"['Santa Anastasia', 'Teatro Romano', 'Museo Conte', 'Centro Fotografia', 'Museo Storia']",Santa Anastasia,strategy_nearest,True,0.0024940967559814453,success
04FA40429C4C80,3,"['Arena', 'Castelvecchio']",Teatro Romano,"['Santa Anastasia', 'Duomo', 'AMO', 'Palazzo della Ragione', 'Museo Conte']",Duomo,strategy_nearest,True,0.0031499862670898438,success
04FA4E3A9C4C80,0,['Arena'],Casa Giulietta,"['Centro Fotografia', 'Sighseeing', 'Torre Lamberti', 'Museo Conte', 'Museo Radio']",Santa Anastasia,strategy_nearest,False,0.0024819374084472656,success
04FA4D3A9C4C80,0,['Arena'],Castelvecchio,"['Museo Lapidario', 'Verona Tour', 'Museo Radio', 'San Zeno', 'Sighseeing']",San Zeno,strategy_nearest,True,0.0032939910888671875,success
04FA54429C4C80,0,"['Tomba Giulietta', 'San Fermo']",Arena,"['Verona Tour', 'Museo Lapidario', 'Museo Radio', 'Casa Giulietta', 'Sighseeing']",Casa Giulietta,strategy_nearest,True,0.003049135208129883,success
04FA45429C4C80,0,['Arena'],Casa Giulietta,"['Centro Fotografia', 'Sighseeing', 'Torre Lamberti', 'Museo Conte', 'Museo Radio']",Tomba Giulietta,strategy_nearest,False,0.0025811195373535156,success
04FA58429C4C80,6,"['Arena', 'Castelvecchio', 'San Zeno', 'Casa Giulietta']",Teatro Romano,"['Santa Anastasia', 'Duomo', 'AMO', 'Palazzo della Ragione', 'Museo Conte']",Duomo,strategy_nearest,True,0.0022940635681152344,success
04FA5B3A9C4C80,0,['Casa Giulietta'],Arena,"['Verona Tour', 'Museo Lapidario', 'Museo Radio', 'San Fermo', 'Sighseeing']",Teatro Romano,strategy_nearest,False,0.0023360252380371094,success
04FA713A9C4C80,1,"['Arena', 'Torre Lamberti']",Palazzo della Ragione,"['AMO', 'Museo Conte', 'Centro Fotografia', 'Sighseeing', 'Santa Anastasia']",Casa Giulietta,strategy_nearest,False,0.0033080577850341797,success
04FA72429C4C80,1,['Arena'],Casa Giulietta,"['Centro Fotografia', 'Sighseeing', 'Torre Lamberti', 'Museo Conte', 'Museo Radio']",Torre Lamberti,strategy_nearest,True,0.002592802047729492,success
04FA763A9C4C80,3,['Santa Anastasia'],Duomo,"['AMO', 'Museo Miniscalchi', 'Teatro Romano', 'Palazzo della Ragione', 'Museo Conte']",Casa Giulietta,strategy_nearest,False,0.003047943115234375,success
04FA853A9C4C80,3,"['Arena', 'Casa Giulietta']",Torre Lamberti,"['Sighseeing', 'Centro Fotografia', 'Museo Conte', 'Palazzo della Ragione', 'AMO']",Santa Anastasia,strategy_nearest,False,0.0025370121002197266,success
04FA7A429C4C80,1,"['Torre Lamberti', 'Palazzo della Ragione']",Casa Giulietta,"['Centro Fotografia', 'Sighseeing', 'Museo Conte', 'Museo Radio', 'San Fermo']",Arena,strategy_nearest,False,0.002094268798828125,success
04FA7B4A9C4C80,0,['Arena'],Castelvecchio,"['Museo Lapidario', 'Verona Tour', 'Museo Radio', 'San Zeno', 'Sighseeing']",Teatro Romano,strategy_nearest,False,0.0026607513427734375,success
04FA883A9C4C80,3,"['Arena', 'Castelvecchio']",Torre Lamberti,"['Sighseeing', 'Centro Fotografia', 'Museo Conte', 'Casa Giulietta', 'Palazzo della Ragione']",Duomo,strategy_nearest,False,0.0020821094512939453,success
04FA873A9C4C80,1,"['Torre Lamberti', 'Palazzo della Ragione', 'Teatro Romano']",Castelvecchio,"['Museo Lapidario', 'Verona Tour', 'Arena', 'Museo Radio', 'San Zeno']",Arena,strategy_nearest,True,0.003756999969482422,success
04FA8D3A9C4C80,0,['Arena'],Casa Giulietta,"['Centro Fotografia', 'Sighseeing', 'Torre Lamberti', 'Museo Conte', 'Museo Radio']",Castelvecchio,strategy_nearest,False,0.0025920867919921875,success
04FA8E429C4C80,0,"['San Zeno', 'Castelvecchio']",Arena,"['Verona Tour', 'Museo Lapidario', 'Museo Radio', 'San Fermo', 'Casa Giulietta']",Casa Giulietta,strategy_nearest,True,0.0032091140747070312,success
04FA964A9C4C80,0,['Arena'],Castelvecchio,"['Museo Lapidario', 'Verona Tour', 'Museo Radio', 'San Zeno', 'Sighseeing']",Casa Giulietta,strategy_nearest,False,0.003442049026489258,success
04FAA0429C4C80,2,"['Casa Giulietta', 'Torre Lamberti']",Palazzo della Ragione,"['AMO', 'Museo Conte', 'Centro Fotografia', 'Sighseeing', 'Santa Anastasia']",Teatro Romano,strategy_nearest,False,0.0019648075103759766,success
04FAA44A9C4C80,1,"['Arena', 'Torre Lamberti']",Palazzo della Ragione,"['AMO', 'Museo Conte', 'Centro Fotografia', 'Sighseeing', 'Santa Anastasia']",Casa Giulietta,strategy_nearest,False,0.0033719539642333984,success
04FAA53A9C4C80,0,['Arena'],Teatro Romano,"['Santa Anastasia', 'Duomo', 'AMO', 'Palazzo della Ragione', 'Museo Conte']",Giardino Giusti,strategy_nearest,False,0.003576040267944336,success
04FAA6429C4C80,0,['Arena'],Castelvecchio,"['Museo Lapidario', 'Verona Tour', 'Museo Radio', 'San Zeno', 'Sighseeing']",Torre Lamberti,strategy_nearest,False,0.003469705581665039,success
04FAA83A9C4C80,1,"['Castelvecchio', 'Teatro Romano']",Palazzo della Ragione,"['AMO', 'Museo Conte', 'Torre Lamberti', 'Centro Fotografia', 'Sighseeing']",Torre Lamberti,strategy_nearest,True,0.0023050308227539062,success
04FAAA3A9C4C80,1,"['Arena', 'Teatro Romano']",Duomo,"['AMO', 'Museo Miniscalchi', 'Santa Anastasia', 'Palazzo della Ragione', 'Museo Conte']",Torre Lamberti,strategy_nearest,False,0.0027370452880859375,success
04FAC63A9C4C80,0,"['Arena', 'Museo Lapidario']",Casa Giulietta,"['Centro Fotografia', 'Sighseeing', 'Torre Lamberti', 'Museo Conte', 'Museo Radio']",Torre Lamberti,strategy_nearest,True,0.002719879150390625,success
04FABA3A9C4C80,1,"['Casa Giulietta', 'Duomo', 'Santa Anastasia']",Torre Lamberti,"['Sighseeing', 'Centro Fotografia', 'Museo Conte', 'Palazzo della Ragione', 'AMO']",Palazzo della Ragione,strategy_nearest,True,0.0023238658905029297,success
04FAAE3A9C4C80,3,['Arena'],Teatro Romano,"['Santa Anastasia', 'Duomo', 'AMO', 'Palazzo della Ragione', 'Museo Conte']",Santa Anastasia,strategy_nearest,True,0.0021021366119384766,success
04FABC3A9C4C80,0,['Casa Giulietta'],Arena,"['Verona Tour', 'Museo Lapidario', 'Museo Radio', 'San Fermo', 'Sighseeing']",Castelvecchio,strategy_nearest,False,0.003652811050415039,success
04FAEB3A9C4C80,0,['San Zeno'],Torre Lamberti,"['Sighseeing', 'Centro Fotografia', 'Museo Conte', 'Casa Giulietta', 'Palazzo della Ragione']",Arena,strategy_nearest,False,0.0016510486602783203,success
04FACA3A9C4C80,0,['San Zeno'],Torre Lamberti,"['Sighseeing', 'Centro Fotografia', 'Museo Conte', 'Casa Giulietta', 'Palazzo della Ragione']",Arena,strategy_nearest,False,0.0025091171264648438,success
04FB003A9C4C84,0,['Arena'],Torre Lamberti,"['Sighseeing', 'Centro Fotografia', 'Museo Conte', 'Casa Giulietta', 'Palazzo della Ragione']",Casa Giulietta,strategy_nearest,True,0.0031158924102783203,success
04FACC429C4C80,3,['Arena'],Santa Anastasia,"['AMO', 'Museo Conte', 'Palazzo della Ragione', 'Teatro Romano', 'Centro Fotografia']",Duomo,strategy_nearest,False,0.004155874252319336,success
04FB2F3A9C4C80,1,"['Arena', 'Castelvecchio']",San Zeno,"['Verona Tour', 'Museo Lapidario', 'Museo Miniscalchi', 'Sighseeing', 'Museo Radio']",Casa Giulietta,strategy_nearest,False,0.0015239715576171875,success
04FB2C429C4C80,1,"['Museo Lapidario', 'Arena']",Torre Lamberti,"['Sighseeing', 'Centro Fotografia', 'Museo Conte', 'Casa Giulietta', 'Palazzo della Ragione']",Palazzo della Ragione,strategy_nearest,True,0.0029420852661132812,success
04FB00429C4C84,0,"['Casa Giulietta', 'Torre Lamberti']",Arena,"['Verona Tour', 'Museo Lapidario', 'Museo Radio', 'San Fermo', 'Sighseeing']",Castelvecchio,strategy_nearest,False,0.003131866455078125,success
04FB2F429C4C80,1,"['Arena', 'Casa Giulietta', 'Torre Lamberti']",Palazzo della Ragione,"['AMO', 'Museo Conte', 'Centro Fotografia', 'Sighseeing', 'Santa Anastasia']",Santa Anastasia,strategy_nearest,True,0.0036699771881103516,success
04FB373A9C4C80,1,"['Torre Lamberti', 'Arena', 'Castelvecchio']",Santa Anastasia,"['AMO', 'Museo Conte', 'Palazzo della Ragione', 'Teatro Romano', 'Centro Fotografia']",Teatro Romano,strategy_nearest,True,0.0024111270904541016,success
04FB42429C4C80,3,"['Arena', 'Castelvecchio']",Torre Lamberti,"['Sighseeing', 'Centro Fotografia', 'Museo Conte', 'Casa Giulietta', 'Palazzo della Ragione']",Duomo,strategy_nearest,False,0.0028150081634521484,success
04FB4E3A9C4C80,1,"['Castelvecchio', 'Museo Lapidario', 'Arena']",Torre Lamberti,"['Sighseeing', 'Centro Fotografia', 'Museo Conte', 'Casa Giulietta', 'Palazzo della Ragione']",Palazzo della Ragione,strategy_nearest,True,0.0028769969940185547,success
04FB51429C4C80,3,"['Arena', 'Casa Giulietta', 'San Fermo']",Santa Anastasia,"['AMO', 'Museo Conte', 'Palazzo della Ragione', 'Teatro Romano', 'Centro Fotografia']",Teatro Romano,strategy_nearest,True,0.0029921531677246094,success
04FB503A9C4C80,1,['Arena'],Casa Giulietta,"['Centro Fotografia', 'Sighseeing', 'Torre Lamberti', 'Museo Conte', 'Museo Radio']",Torre Lamberti,strategy_nearest,True,0.0020678043365478516,success
04FB563A9C4C80,2,['Santa Anastasia'],Torre Lamberti,"['Sighseeing', 'Centro Fotografia', 'Museo Conte', 'Casa Giulietta', 'Palazzo della Ragione']",Teatro Romano,strategy_nearest,False,0.004435062408447266,success
04FB6C3A9C4C80,3,"['Torre Lamberti', 'Palazzo della Ragione', 'Santa Anastasia', 'Santa Anastasia', 'Duomo']",Duomo,"['AMO', 'Museo Miniscalchi', 'Teatro Romano', 'Museo Conte', 'Centro Fotografia']",Teatro Romano,strategy_nearest,True,0.0034608840942382812,success
04FB58429C4C80,0,['Arena'],Castelvecchio,"['Museo Lapidario', 'Verona Tour', 'Museo Radio', 'San Zeno', 'Sighseeing']",Torre Lamberti,strategy_nearest,False,0.0020380020141601562,success
04FB573A9C4C80,0,['Arena'],Torre Lamberti,"['Sighseeing', 'Centro Fotografia', 'Museo Conte', 'Casa Giulietta', 'Palazzo della Ragione']",Casa Giulietta,strategy_nearest,True,0.003886699676513672,success
04FB5F3A9C4C80,2,['Teatro Romano'],Castelvecchio,"['Museo Lapidario', 'Verona Tour', 'Arena', 'Museo Radio', 'San Zeno']",Casa Giulietta,strategy_nearest,False,0.0027971267700195312,success
04FB8C3A9C4C80,3,['San Zeno'],Arena,"['Verona Tour', 'Museo Lapidario', 'Museo Radio', 'San Fermo', 'Casa Giulietta']",Torre Lamberti,strategy_nearest,False,0.0024580955505371094,success
04FB853A9C4C80,3,"['Arena', 'Casa Giulietta']",Santa Anastasia,"['AMO', 'Museo Conte', 'Palazzo della Ragione', 'Teatro Romano', 'Centro Fotografia']",Duomo,strategy_nearest,False,0.003281831741333008,success
04FB713A9C4C80,0,['Arena'],Casa Giulietta,"['Centro Fotografia', 'Sighseeing', 'Torre Lamberti', 'Museo Conte', 'Museo Radio']",Castelvecchio,strategy_nearest,False,0.0020329952239990234,success
04FB753A9C4C80,3,"['Arena', 'Torre Lamberti']",Santa Anastasia,"['AMO', 'Museo Conte', 'Palazzo della Ragione', 'Teatro Romano', 'Centro Fotografia']",Duomo,strategy_nearest,False,0.0043141841888427734,success
04FB8E4A9C4C80,2,['Casa Giulietta'],Castelvecchio,"['Museo Lapidario', 'Verona Tour', 'Arena', 'Museo Radio', 'San Zeno']",Torre Lamberti,strategy_nearest,False,0.002986907958984375,success
04FB924A9C4C80,0,['Arena'],Casa Giulietta,"['Centro Fotografia', 'Sighseeing', 'Torre Lamberti', 'Museo Conte', 'Museo Radio']",Torre Lamberti,strategy_nearest,True,0.002846956253051758,success
04FB91429C4C80,0,"['Arena', 'Casa Giulietta']",Castelvecchio,"['Museo Lapidario', 'Verona Tour', 'Museo Radio', 'San Zeno', 'Sighseeing']",Torre Lamberti,strategy_nearest,False,0.0023317337036132812,success
04FB934A9C4C80,3,"['Arena', 'Torre Lamberti']",Casa Giulietta,"['Centro Fotografia', 'Sighseeing', 'Museo Conte', 'Museo Radio', 'Palazzo della Ragione']",Teatro Romano,strategy_nearest,False,0.003638029098510742,success
04FB9A429C4C80,0,"['Torre Lamberti', 'Casa Giulietta']",Arena,"['Verona Tour', 'Museo Lapidario', 'Museo Radio', 'San Fermo', 'Sighseeing']",Castelvecchio,strategy_nearest,False,0.002363920211791992,success
04FBA0429C4C80,2,"['Casa Giulietta', 'Torre Lamberti']",Palazzo della Ragione,"['AMO', 'Museo Conte', 'Centro Fotografia', 'Sighseeing', 'Santa Anastasia']",Teatro Romano,strategy_nearest,False,0.003717184066772461,success
04FB9E4A9C4C80,0,['Arena'],Casa Giulietta,"['Centro Fotografia', 'Sighseeing', 'Torre Lamberti', 'Museo Conte', 'Museo Radio']",Santa Anastasia,strategy_nearest,False,0.0030059814453125,success
04FBAB429C4C80,0,['Arena'],Casa Giulietta,"['Centro Fotografia', 'Sighseeing', 'Torre Lamberti', 'Museo Conte', 'Museo Radio']",Torre Lamberti,strategy_nearest,True,0.002462148666381836,success
04FBA93A9C4C80,0,['Tomba Giulietta'],Arena,"['Verona Tour', 'Museo Lapidario', 'Museo Radio', 'San Fermo', 'Casa Giulietta']",Casa Giulietta,strategy_nearest,True,0.004100799560546875,success
04FBAE429C4C80,1,"['Castelvecchio', 'Casa Giulietta', 'Arena']",Torre Lamberti,"['Sighseeing', 'Centro Fotografia', 'Museo Conte', 'Palazzo della Ragione', 'AMO']",Palazzo della Ragione,strategy_nearest,True,0.0025568008422851562,success
04FBB83A9C4C80,0,"['Castelvecchio', 'Arena']",Giardino Giusti,"['Santa Anastasia', 'Teatro Romano', 'Museo Conte', 'Centro Fotografia', 'Museo Storia']",Torre Lamberti,strategy_nearest,False,0.003370046615600586,success
04FBBC3A9C4C80,3,"['Arena', 'Casa Giulietta']",Duomo,"['AMO', 'Museo Miniscalchi', 'Santa Anastasia', 'Teatro Romano', 'Palazzo della Ragione']",Teatro Romano,strategy_nearest,True,0.0033669471740722656,success
04FBBE429C4C80,0,['Arena'],Casa Giulietta,"['Centro Fotografia', 'Sighseeing', 'Torre Lamberti', 'Museo Conte', 'Museo Radio']",Teatro Romano,strategy_nearest,False,0.003077983856201172,success
04FBC13A9C4C80,2,"['Torre Lamberti', 'Castelvecchio']",Duomo,"['AMO', 'Museo Miniscalchi', 'Santa Anastasia', 'Teatro Romano', 'Palazzo della Ragione']",Santa Anastasia,strategy_nearest,True,0.002368927001953125,success
04FBBB429C4C80,0,"['Castelvecchio', 'Santa Anastasia']",Casa Giulietta,"['Centro Fotografia', 'Sighseeing', 'Torre Lamberti', 'Museo Conte', 'Museo Radio']",Arena,strategy_nearest,False,0.0029497146606445312,success
04FBC5429C4C80,3,['Arena'],Casa Giulietta,"['Centro Fotografia', 'Sighseeing', 'Torre Lamberti', 'Museo Conte', 'Museo Radio']",Santa Anastasia,strategy_nearest,False,0.0015308856964111328,success
04FBC2429C4C80,3,['Santa Anastasia'],Arena,"['Verona Tour', 'Museo Lapidario', 'Museo Radio', 'San Fermo', 'Casa Giulietta']",Tomba Giulietta,strategy_nearest,False,0.0028510093688964844,success
04FBC93A9C4C80,0,['Arena'],Casa Giulietta,"['Centro Fotografia', 'Sighseeing', 'Torre Lamberti', 'Museo Conte', 'Museo Radio']",Torre Lamberti,strategy_nearest,True,0.0027618408203125,success
04FBE83A9C4C80,1,"['Arena', 'Casa Giulietta']",Torre Lamberti,"['Sighseeing', 'Centro Fotografia', 'Museo Conte', 'Palazzo della Ragione', 'AMO']",Palazzo della Ragione,strategy_nearest,True,0.0031518936157226562,success
04FBF6429C4C80,3,"['Casa Giulietta', 'Torre Lamberti']",Santa Anastasia,"['AMO', 'Museo Conte', 'Palazzo della Ragione', 'Teatro Romano', 'Centro Fotografia']",Duomo,strategy_nearest,False,0.002190828323364258,success
04FBEC3A9C4C80,2,['Palazzo della Ragione'],Torre Lamberti,"['Sighseeing', 'Centro Fotografia', 'Museo Conte', 'Casa Giulietta', 'AMO']",Santa Anastasia,strategy_nearest,False,0.0020532608032226562,success
04FC073A9C4C84,1,"['Castelvecchio', 'Arena']",Casa Giulietta,"['Centro Fotografia', 'Sighseeing', 'Torre Lamberti', 'Museo Conte', 'Museo Radio']",Santa Anastasia,strategy_nearest,False,0.003481149673461914,success
04FC00429C4C84,1,"['Arena', 'Torre Lamberti', 'Palazzo della Ragione']",Teatro Romano,"['Santa Anastasia', 'Duomo', 'AMO', 'Museo Conte', 'Centro Fotografia']",Castelvecchio,strategy_nearest,False,0.0030503273010253906,success
04FC143A9C4C84,2,"['San Zeno', 'Castelvecchio', 'Casa Giulietta', 'Tomba Giulietta']",Santa Anastasia,"['AMO', 'Museo Conte', 'Palazzo della Ragione', 'Teatro Romano', 'Centro Fotografia']",Teatro Romano,strategy_nearest,True,0.0013370513916015625,success
04FC0D3A9C4C84,3,"['Arena', 'San Fermo']",Torre Lamberti,"['Sighseeing', 'Centro Fotografia', 'Museo Conte', 'Casa Giulietta', 'Palazzo della Ragione']",Duomo,strategy_nearest,False,0.0033164024353027344,success
04FC2B3A9C4C80,3,['Arena'],Torre Lamberti,"['Sighseeing', 'Centro Fotografia', 'Museo Conte', 'Casa Giulietta', 'Palazzo della Ragione']",Casa Giulietta,strategy_nearest,True,0.002505064010620117,success
04FC2D3A9C4C80,1,"['Arena', 'Museo Lapidario', 'Castelvecchio']",Casa Giulietta,"['Centro Fotografia', 'Sighseeing', 'Torre Lamberti', 'Museo Conte', 'Museo Radio']",Torre Lamberti,strategy_nearest,True,0.0034499168395996094,success
04FC343A9C4C80,3,"['Arena', 'Casa Giulietta']",Torre Lamberti,"['Sighseeing', 'Centro Fotografia', 'Museo Conte', 'Palazzo della Ragione', 'AMO']",Santa Anastasia,strategy_nearest,False,0.002972841262817383,success
04FC2E3A9C4C80,0,"['Arena', 'Castelvecchio']",Museo Lapidario,"['Verona Tour', 'Museo Radio', 'San Fermo', 'Casa Giulietta', 'Tomba Giulietta']",Tomba Giulietta,strategy_nearest,True,0.0022652149200439453,success
04FC2E4A9C4C80,3,['Torre Lamberti'],Santa Anastasia,"['AMO', 'Museo Conte', 'Palazzo della Ragione', 'Teatro Romano', 'Centro Fotografia']",Teatro Romano,strategy_nearest,True,0.003348112106323242,success
04FC32429C4C80,3,"['Arena', 'Casa Giulietta', 'Castelvecchio']",Teatro Romano,"['Santa Anastasia', 'Duomo', 'AMO', 'Palazzo della Ragione', 'Museo Conte']",San Zeno,strategy_nearest,False,0.0027251243591308594,success
04FC4D3A9C4C80,2,['Castelvecchio'],Casa Giulietta,"['Centro Fotografia', 'Sighseeing', 'Torre Lamberti', 'Museo Conte', 'Museo Radio']",Duomo,strategy_nearest,False,0.0021200180053710938,success
04FC4A429C4C80,3,"['Arena', 'San Fermo']",Casa Giulietta,"['Centro Fotografia', 'Sighseeing', 'Torre Lamberti', 'Museo Conte', 'Museo Radio']",Torre Lamberti,strategy_nearest,True,0.0015468597412109375,success
04FC43429C4C80,3,"['Arena', 'Casa Giulietta']",Torre Lamberti,"['Sighseeing', 'Centro Fotografia', 'Museo Conte', 'Palazzo della Ragione', 'AMO']",Santa Anastasia,strategy_nearest,False,0.002830028533935547,success
04FC4E429C4C80,0,['Arena'],Casa Giulietta,"['Centro Fotografia', 'Sighseeing', 'Torre Lamberti', 'Museo Conte', 'Museo Radio']",Teatro Romano,strategy_nearest,False,0.0031991004943847656,success
04FC58429C4C80,1,"['Arena', 'Santa Anastasia', 'Duomo', 'Torre Lamberti']",Palazzo della Ragione,"['AMO', 'Museo Conte', 'Centro Fotografia', 'Sighseeing', 'Museo Miniscalchi']",Casa Giulietta,strategy_nearest,False,0.0013611316680908203,success
04FC57429C4C80,0,['Torre Lamberti'],Tomba Giulietta,"['San Fermo', 'Museo Storia', 'Arena', 'Museo Lapidario', 'Museo Radio']",Arena,strategy_nearest,True,0.0034492015838623047,success
04FC603A9C4C80,2,['Teatro Romano'],Castelvecchio,"['Museo Lapidario', 'Verona Tour', 'Arena', 'Museo Radio', 'San Zeno']",San Zeno,strategy_nearest,True,0.003331899642944336,success
04FC5A429C4C80,0,['Arena'],Castelvecchio,"['Museo Lapidario', 'Verona Tour', 'Museo Radio', 'San Zeno', 'Sighseeing']",Casa Giulietta,strategy_nearest,False,0.0027840137481689453,success
04FC683A9C4C80,1,"['Arena', 'Casa Giulietta', 'Tomba Giulietta']",Museo Lapidario,"['Verona Tour', 'Castelvecchio', 'Museo Radio', 'San Fermo', 'Sighseeing']",Palazzo della Ragione,strategy_nearest,False,0.001979827880859375,success
04FC663A9C4C80,1,"['Arena', 'Castelvecchio', 'Torre Lamberti']",Palazzo della Ragione,"['AMO', 'Museo Conte', 'Centro Fotografia', 'Sighseeing', 'Santa Anastasia']",Duomo,strategy_nearest,False,0.002689838409423828,success
04FC823A9C4C80,0,['Arena'],Torre Lamberti,"['Sighseeing', 'Centro Fotografia', 'Museo Conte', 'Casa Giulietta', 'Palazzo della Ragione']",Casa Giulietta,strategy_nearest,True,0.0027379989624023438,success
04FC844A9C4C80,0,['Arena'],Torre Lamberti,"['Sighseeing', 'Centro Fotografia', 'Museo Conte', 'Casa Giulietta', 'Palazzo della Ragione']",Casa Giulietta,strategy_nearest,True,0.003409862518310547,success
04FC863A9C4C80,0,['Arena'],Museo Lapidario,"['Verona Tour', 'Castelvecchio', 'Museo Radio', 'San Fermo', 'Casa Giulietta']",Castelvecchio,strategy_nearest,True,0.0028638839721679688,success
04FC8A3A9C4C80,0,['Arena'],Castelvecchio,"['Museo Lapidario', 'Verona Tour', 'Museo Radio', 'San Zeno', 'Sighseeing']",Casa Giulietta,strategy_nearest,False,0.003340005874633789,success
04FC914A9C4C80,1,"['Casa Giulietta', 'Arena']",Torre Lamberti,"['Sighseeing', 'Centro Fotografia', 'Museo Conte', 'Palazzo della Ragione', 'AMO']",Palazzo della Ragione,strategy_nearest,True,0.002628803253173828,success
04FCA0429C4C80,2,['Museo Lapidario'],Castelvecchio,"['Verona Tour', 'Arena', 'Museo Radio', 'San Zeno', 'Sighseeing']",Giardino Giusti,strategy_nearest,False,0.0035190582275390625,success
04FCA73A9C4C80,0,['Castelvecchio'],Arena,"['Verona Tour', 'Museo Lapidario', 'Museo Radio', 'San Fermo', 'Casa Giulietta']",Casa Giulietta,strategy_nearest,True,0.001992940902709961,success
04FCA84A9C4C80,3,"['Arena', 'San Fermo']",Casa Giulietta,"['Centro Fotografia', 'Sighseeing', 'Torre Lamberti', 'Museo Conte', 'Museo Radio']",Santa Anastasia,strategy_nearest,False,0.002502918243408203,success
04FCA74A9C4C80,3,"['Arena', 'Torre Lamberti']",Santa Anastasia,"['AMO', 'Museo Conte', 'Palazzo della Ragione', 'Teatro Romano', 'Centro Fotografia']",Casa Giulietta,strategy_nearest,False,0.003241300582885742,success
04FCB33A9C4C80,3,"['Museo Lapidario', 'Castelvecchio', 'Arena']",Torre Lamberti,"['Sighseeing', 'Centro Fotografia', 'Museo Conte', 'Casa Giulietta', 'Palazzo della Ragione']",Casa Giulietta,strategy_nearest,True,0.0026760101318359375,success
04FCB13A9C4C80,0,['Arena'],Casa Giulietta,"['Centro Fotografia', 'Sighseeing', 'Torre Lamberti', 'Museo Conte', 'Museo Radio']",Torre Lamberti,strategy_nearest,True,0.0033559799194335938,success
04FCAC429C4C80,3,"['Castelvecchio', 'Arena', 'Casa Giulietta']",Torre Lamberti,"['Sighseeing', 'Centro Fotografia', 'Museo Conte', 'Palazzo della Ragione', 'AMO']",Santa Anastasia,strategy_nearest,False,0.003591299057006836,success
04FCB73A9C4C80,1,"['Arena', 'Casa Giulietta']",Torre Lamberti,"['Sighseeing', 'Centro Fotografia', 'Museo Conte', 'Palazzo della Ragione', 'AMO']",Palazzo della Ragione,strategy_nearest,True,0.0033071041107177734,success
04FCC03A9C4C80,3,['Arena'],Santa Anastasia,"['AMO', 'Museo Conte', 'Palazzo della Ragione', 'Teatro Romano', 'Centro Fotografia']",Duomo,strategy_nearest,False,0.0021517276763916016,success
04FCCA429C4C80,1,"['Arena', 'Casa Giulietta']",Museo Storia,"['San Fermo', 'Museo Radio', 'Centro Fotografia', 'Tomba Giulietta', 'Torre Lamberti']",Palazzo della Ragione,strategy_nearest,False,0.0026187896728515625,success
04FCCA3A9C4C80,0,['Arena'],Teatro Romano,"['Santa Anastasia', 'Duomo', 'AMO', 'Palazzo della Ragione', 'Museo Conte']",Casa Giulietta,strategy_nearest,False,0.003366708755493164,success
04FCC5429C4C80,0,['Torre Lamberti'],Arena,"['Verona Tour', 'Museo Lapidario', 'Museo Radio', 'San Fermo', 'Casa Giulietta']",Duomo,strategy_nearest,False,0.0021789073944091797,success
04FCCE3A9C4C80,1,"['Castelvecchio', 'Museo Lapidario', 'Arena', 'Santa Anastasia']",Teatro Romano,"['Duomo', 'AMO', 'Palazzo della Ragione', 'Museo Conte', 'Centro Fotografia']",Duomo,strategy_nearest,True,0.0028009414672851562,success
04FCD23A9C4C80,0,['Arena'],Casa Giulietta,"['Centro Fotografia', 'Sighseeing', 'Torre Lamberti', 'Museo Conte', 'Museo Radio']",Torre Lamberti,strategy_nearest,True,0.001439809799194336,success
04FCDB3A9C4C80,1,"['Arena', 'Museo Lapidario', 'Castelvecchio']",San Zeno,"['Verona Tour', 'Museo Miniscalchi', 'Sighseeing', 'Museo Radio', 'Torre Lamberti']",Torre Lamberti,strategy_nearest,True,0.0024421215057373047,success
04FCCF429C4C80,3,"['Arena', 'Casa Giulietta', 'Torre Lamberti']",Santa Anastasia,"['AMO', 'Museo Conte', 'Palazzo della Ragione', 'Teatro Romano', 'Centro Fotografia']",Teatro Romano,strategy_nearest,True,0.004010915756225586,success
04FCF03A9C4C80,3,"['Arena', 'Casa Giulietta']",Torre Lamberti,"['Sighseeing', 'Centro Fotografia', 'Museo Conte', 'Palazzo della Ragione', 'AMO']",Santa Anastasia,strategy_nearest,False,0.002012968063354492,success
04FCE73A9C4C80,3,['Santa Anastasia'],Arena,"['Verona Tour', 'Museo Lapidario', 'Museo Radio', 'San Fermo', 'Casa Giulietta']",Teatro Romano,strategy_nearest,False,0.002603769302368164,success
04FCF63A9C4C80,0,"['Casa Giulietta', 'Santa Anastasia']",Tomba Giulietta,"['San Fermo', 'Museo Storia', 'Arena', 'Museo Lapidario', 'Museo Radio']",Arena,strategy_nearest,True,0.002707958221435547,success
04FCFD429C4C80,1,"['Arena', 'Museo Lapidario']",Castelvecchio,"['Verona Tour', 'Museo Radio', 'San Zeno', 'Sighseeing', 'Museo Miniscalchi']",Torre Lamberti,strategy_nearest,False,0.0030710697174072266,success
04FD01429C4C84,2,['Castelvecchio'],Teatro Romano,"['Santa Anastasia', 'Duomo', 'AMO', 'Palazzo della Ragione', 'Museo Conte']",San Zeno,strategy_nearest,False,0.003422975540161133,success
04FD02429C4C84,1,"['San Fermo', 'Arena', 'Casa Giulietta']",Palazzo della Ragione,"['AMO', 'Museo Conte', 'Torre Lamberti', 'Centro Fotografia', 'Sighseeing']",Torre Lamberti,strategy_nearest,True,0.002164125442504883,success
04FD254A9C4C80,1,"['Arena', 'Casa Giulietta', 'Torre Lamberti', 'Palazzo della Ragione']",Castelvecchio,"['Museo Lapidario', 'Verona Tour', 'Museo Radio', 'San Zeno', 'Sighseeing']",Tomba Giulietta,strategy_nearest,False,0.00270843505859375,success
04FD2A4A9C4C80,3,"['Arena', 'Casa Giulietta', 'Tomba Giulietta']",Castelvecchio,"['Museo Lapidario', 'Verona Tour', 'Museo Radio', 'San Zeno', 'Sighseeing']",Teatro Romano,strategy_nearest,False,0.0031921863555908203,success
04FD2E429C4C80,0,"['Arena', 'Torre Lamberti']",Duomo,"['AMO', 'Museo Miniscalchi', 'Santa Anastasia', 'Teatro Romano', 'Palazzo della Ragione']",Tomba Giulietta,strategy_nearest,False,0.0021419525146484375,success
04FD2F429C4C80,0,['Arena'],Casa Giulietta,"['Centro Fotografia', 'Sighseeing', 'Torre Lamberti', 'Museo Conte', 'Museo Radio']",Torre Lamberti,strategy_nearest,True,0.0014958381652832031,success
04FD2C3A9C4C80,0,['Arena'],Tomba Giulietta,"['San Fermo', 'Museo Storia', 'Museo Lapidario', 'Museo Radio', 'Verona Tour']",San Fermo,strategy_nearest,True,0.002853870391845703,success
04FD30429C4C80,0,['Arena'],Casa Giulietta,"['Centro Fotografia', 'Sighseeing', 'Torre Lamberti', 'Museo Conte', 'Museo Radio']",Castelvecchio,strategy_nearest,False,0.00333404541015625,success
04FD383A9C4C80,0,"['Arena', 'Casa Giulietta']",Castelvecchio,"['Museo Lapidario', 'Verona Tour', 'Museo Radio', 'San Zeno', 'Sighseeing']",Torre Lamberti,strategy_nearest,False,0.0018150806427001953,success
04FD32429C4C80,1,"['Arena', 'Castelvecchio', 'San Zeno']",Casa Giulietta,"['Centro Fotografia', 'Sighseeing', 'Torre Lamberti', 'Museo Conte', 'Museo Radio']",Palazzo della Ragione,strategy_nearest,False,0.003072023391723633,success
04FD4C429C4C80,0,['Arena'],Castelvecchio,"['Museo Lapidario', 'Verona Tour', 'Museo Radio', 'San Zeno', 'Sighseeing']",Casa Giulietta,strategy_nearest,False,0.003332853317260742,success
04FD43429C4C80,0,['Castelvecchio'],Casa Giulietta,"['Centro Fotografia', 'Sighseeing', 'Torre Lamberti', 'Museo Conte', 'Museo Radio']",Arena,strategy_nearest,False,0.0026960372924804688,success
04FD56429C4C80,2,"['Casa Giulietta', 'Torre Lamberti']",Santa Anastasia,"['AMO', 'Museo Conte', 'Palazzo della Ragione', 'Teatro Romano', 'Centro Fotografia']",Duomo,strategy_nearest,False,0.0020020008087158203,success
04FD613A9C4C80,1,"['Arena', 'Casa Giulietta', 'Torre Lamberti']",Palazzo della Ragione,"['AMO', 'Museo Conte', 'Centro Fotografia', 'Sighseeing', 'Santa Anastasia']",Giardino Giusti,strategy_nearest,False,0.0026111602783203125,success
04FD5F3A9C4C80,1,"['Arena', 'Museo Lapidario', 'Torre Lamberti']",Palazzo della Ragione,"['AMO', 'Museo Conte', 'Centro Fotografia', 'Sighseeing', 'Santa Anastasia']",Casa Giulietta,strategy_nearest,False,0.0033740997314453125,success
04FD563A9C4C80,0,"['Arena', 'Torre Lamberti']",Giardino Giusti,"['Santa Anastasia', 'Teatro Romano', 'Museo Conte', 'Centro Fotografia', 'Museo Storia']",Castelvecchio,strategy_nearest,False,0.0034520626068115234,success
04FD66429C4C80,1,"['Teatro Romano', 'Duomo', 'Santa Anastasia', 'Casa Giulietta']",Castelvecchio,"['Museo Lapidario', 'Verona Tour', 'Arena', 'Museo Radio', 'San Zeno']",Torre Lamberti,strategy_nearest,False,0.0040340423583984375,success
04FD6B429C4C80,0,"['Arena', 'Casa Giulietta', 'Torre Lamberti']",Teatro Romano,"['Santa Anastasia', 'Duomo', 'AMO', 'Palazzo della Ragione', 'Museo Conte']",Museo Storia,strategy_nearest,False,0.002168893814086914,success
04FD6C429C4C80,3,"['Arena', 'Torre Lamberti', 'Casa Giulietta']",Santa Anastasia,"['AMO', 'Museo Conte', 'Palazzo della Ragione', 'Teatro Romano', 'Centro Fotografia']",Duomo,strategy_nearest,False,0.002180814743041992,success
04FD6E429C4C80,3,"['Arena', 'Castelvecchio', 'San Zeno']",Torre Lamberti,"['Sighseeing', 'Centro Fotografia', 'Museo Conte', 'Casa Giulietta', 'Palazzo della Ragione']",Santa Anastasia,strategy_nearest,False,0.0032529830932617188,success
04FD7B4A9C4C80,0,['Arena'],Casa Giulietta,"['Centro Fotografia', 'Sighseeing', 'Torre Lamberti', 'Museo Conte', 'Museo Radio']",Duomo,strategy_nearest,False,0.0021181106567382812,success
04FD72429C4C80,1,"['Arena', 'Casa Giulietta']",Santa Anastasia,"['AMO', 'Museo Conte', 'Palazzo della Ragione', 'Teatro Romano', 'Centro Fotografia']",Torre Lamberti,strategy_nearest,False,0.0027518272399902344,success
04FD834A9C4C80,0,['Casa Giulietta'],Duomo,"['AMO', 'Museo Miniscalchi', 'Santa Anastasia', 'Teatro Romano', 'Palazzo della Ragione']",Castelvecchio,strategy_nearest,False,0.002638101577758789,success
04FD8C3A9C4C80,1,"['Arena', 'Castelvecchio']",Palazzo della Ragione,"['AMO', 'Museo Conte', 'Torre Lamberti', 'Centro Fotografia', 'Sighseeing']",Giardino Giusti,strategy_nearest,False,0.003553152084350586,success
04FD8E4A9C4C80,2,['Casa Giulietta'],Torre Lamberti,"['Sighseeing', 'Centro Fotografia', 'Museo Conte', 'Palazzo della Ragione', 'AMO']",Palazzo della Ragione,strategy_nearest,True,0.002331972122192383,success
04FD904A9C4C80,0,"['Arena', 'Casa Giulietta']",Giardino Giusti,"['Santa Anastasia', 'Teatro Romano', 'Museo Conte', 'Centro Fotografia', 'Museo Storia']",Giardino Giusti,strategy_nearest,False,0.0022940635681152344,success
04FDA6429C4C80,0,['Arena'],Torre Lamberti,"['Sighseeing', 'Centro Fotografia', 'Museo Conte', 'Casa Giulietta', 'Palazzo della Ragione']",Casa Giulietta,strategy_nearest,True,0.001405954360961914,success
04FDA73A9C4C80,1,"['Castelvecchio', 'Arena', 'Casa Giulietta', 'Teatro Romano']",Tomba Giulietta,"['San Fermo', 'Museo Storia', 'Museo Lapidario', 'Museo Radio', 'Verona Tour']",Museo Lapidario,strategy_nearest,True,0.0030059814453125,success
04FDA54A9C4C80,1,"['Arena', 'Torre Lamberti']",Palazzo della Ragione,"['AMO', 'Museo Conte', 'Centro Fotografia', 'Sighseeing', 'Santa Anastasia']",Casa Giulietta,strategy_nearest,False,0.002877950668334961,success
04FDA3429C4C80,1,"['Arena', 'Casa Giulietta']",Torre Lamberti,"['Sighseeing', 'Centro Fotografia', 'Museo Conte', 'Palazzo della Ragione', 'AMO']",Palazzo della Ragione,strategy_nearest,True,0.004140138626098633,success
04FDAA4A9C4C80,3,"['Arena', 'Santa Anastasia']",Teatro Romano,"['Duomo', 'AMO', 'Palazzo della Ragione', 'Museo Conte', 'Centro Fotografia']",Torre Lamberti,strategy_nearest,False,0.0026531219482421875,success
04FDA84A9C4C80,0,"['Arena', 'Casa Giulietta']",Torre Lamberti,"['Sighseeing', 'Centro Fotografia', 'Museo Conte', 'Palazzo della Ragione', 'AMO']",Castelvecchio,strategy_nearest,False,0.001377105712890625,success
04FDAE3A9C4C80,1,['Arena'],Palazzo della Ragione,"['AMO', 'Museo Conte', 'Torre Lamberti', 'Centro Fotografia', 'Sighseeing']",Teatro Romano,strategy_nearest,False,0.00201416015625,success
04FDB23A9C4C80,2,['Castelvecchio'],Torre Lamberti,"['Sighseeing', 'Centro Fotografia', 'Museo Conte', 'Casa Giulietta', 'Palazzo della Ragione']",Palazzo della Ragione,strategy_nearest,True,0.003397226333618164,success
04FDBF3A9C4C80,3,['Arena'],Santa Anastasia,"['AMO', 'Museo Conte', 'Palazzo della Ragione', 'Teatro Romano', 'Centro Fotografia']",Duomo,strategy_nearest,False,0.0028798580169677734,success
04FDB33A9C4C80,3,"['Arena', 'Duomo']",Teatro Romano,"['Santa Anastasia', 'AMO', 'Palazzo della Ragione', 'Museo Conte', 'Centro Fotografia']",Santa Anastasia,strategy_nearest,True,0.0020799636840820312,success
04FDBC429C4C80,0,['Torre Lamberti'],Casa Giulietta,"['Centro Fotografia', 'Sighseeing', 'Museo Conte', 'Museo Radio', 'Palazzo della Ragione']",Arena,strategy_nearest,False,0.0030889511108398438,success
04FDC03A9C4C80,2,['Castelvecchio'],Teatro Romano,"['Santa Anastasia', 'Duomo', 'AMO', 'Palazzo della Ragione', 'Museo Conte']",Palazzo della Ragione,strategy_nearest,True,0.002805948257446289,success
04FDC23A9C4C80,0,"['Arena', 'Torre Lamberti']",Casa Giulietta,"['Centro Fotografia', 'Sighseeing', 'Museo Conte', 'Museo Radio', 'Palazzo della Ragione']",Castelvecchio,strategy_nearest,False,0.0017321109771728516,success
04FDCD3A9C4C80,3,"['Arena', 'San Fermo']",Santa Anastasia,"['AMO', 'Museo Conte', 'Palazzo della Ragione', 'Teatro Romano', 'Centro Fotografia']",Duomo,strategy_nearest,False,0.0032761096954345703,success
04FDCA3A9C4C80,3,"['Arena', 'Casa Giulietta']",Santa Anastasia,"['AMO', 'Museo Conte', 'Palazzo della Ragione', 'Teatro Romano', 'Centro Fotografia']",Castelvecchio,strategy_nearest,False,0.0036118030548095703,success
04FDE1429C4C80,3,"['Teatro Romano', 'Duomo', 'Santa Anastasia', 'Casa Giulietta']",Arena,"['Verona Tour', 'Museo Lapidario', 'Museo Radio', 'San Fermo', 'Sighseeing']",Torre Lamberti,strategy_nearest,False,0.0019431114196777344,success
04FE2A3A9C4C80,0,"['Arena', 'Torre Lamberti']",Casa Giulietta,"['Centro Fotografia', 'Sighseeing', 'Museo Conte', 'Museo Radio', 'Palazzo della Ragione']",Teatro Romano,strategy_nearest,False,0.0028839111328125,success
04FE2D3A9C4C80,3,"['Arena', 'Castelvecchio']",Casa Giulietta,"['Centro Fotografia', 'Sighseeing', 'Torre Lamberti', 'Museo Conte', 'Museo Radio']",Santa Anastasia,strategy_nearest,False,0.0022161006927490234,success
04FE394A9C4C80,3,"['Arena', 'Casa Giulietta']",Castelvecchio,"['Museo Lapidario', 'Verona Tour', 'Museo Radio', 'San Zeno', 'Sighseeing']",San Zeno,strategy_nearest,True,0.002479076385498047,success
04FE3D3A9C4C80,0,['Arena'],Duomo,"['AMO', 'Museo Miniscalchi', 'Santa Anastasia', 'Teatro Romano', 'Palazzo della Ragione']",Teatro Romano,strategy_nearest,True,0.0026009082794189453,success
04FE36429C4C80,3,"['Arena', 'Torre Lamberti', 'Casa Giulietta']",Santa Anastasia,"['AMO', 'Museo Conte', 'Palazzo della Ragione', 'Teatro Romano', 'Centro Fotografia']",Duomo,strategy_nearest,False,0.004048824310302734,success
04FE55429C4C80,0,"['Torre Lamberti', 'Duomo']",Arena,"['Verona Tour', 'Museo Lapidario', 'Museo Radio', 'San Fermo', 'Casa Giulietta']",Tomba Giulietta,strategy_nearest,False,0.0024051666259765625,success
04FE603A9C4C80,1,"['Arena', 'Museo Lapidario', 'San Zeno', 'Castelvecchio', 'Teatro Romano']",Santa Anastasia,"['AMO', 'Museo Conte', 'Palazzo della Ragione', 'Centro Fotografia', 'Duomo']",Casa Giulietta,strategy_nearest,False,0.0031049251556396484,success
04FE65429C4C80,1,"['Arena', 'Castelvecchio']",Casa Giulietta,"['Centro Fotografia', 'Sighseeing', 'Torre Lamberti', 'Museo Conte', 'Museo Radio']",Torre Lamberti,strategy_nearest,True,0.004283905029296875,success
04FE6B429C4C80,3,"['Santa Anastasia', 'Casa Giulietta']",Castelvecchio,"['Museo Lapidario', 'Verona Tour', 'Arena', 'Museo Radio', 'San Zeno']",Arena,strategy_nearest,True,0.0026710033416748047,success
04FE713A9C4C80,0,['Arena'],Duomo,"['AMO', 'Museo Miniscalchi', 'Santa Anastasia', 'Teatro Romano', 'Palazzo della Ragione']",Teatro Romano,strategy_nearest,True,0.0029959678649902344,success
04FE66429C4C80,3,['Castelvecchio'],Arena,"['Verona Tour', 'Museo Lapidario', 'Museo Radio', 'San Fermo', 'Casa Giulietta']",Torre Lamberti,strategy_nearest,False,0.0020160675048828125,success
04FE824A9C4C80,0,['Torre Lamberti'],San Fermo,"['Museo Storia', 'Museo Radio', 'Casa Giulietta', 'Centro Fotografia', 'Arena']",Arena,strategy_nearest,True,0.002019166946411133,success
04FE7F4A9C4C80,1,"['Arena', 'Casa Giulietta', 'Santa Anastasia']",Teatro Romano,"['Duomo', 'AMO', 'Palazzo della Ragione', 'Museo Conte', 'Centro Fotografia']",Duomo,strategy_nearest,True,0.0032520294189453125,success
04FE87429C4C80,3,"['San Zeno', 'Teatro Romano']",Santa Anastasia,"['AMO', 'Museo Conte', 'Palazzo della Ragione', 'Centro Fotografia', 'Duomo']",San Fermo,strategy_nearest,False,0.0019359588623046875,success
04FE8B429C4C80,3,"['Arena', 'Casa Giulietta']",Santa Anastasia,"['AMO', 'Museo Conte', 'Palazzo della Ragione', 'Teatro Romano', 'Centro Fotografia']",Teatro Romano,strategy_nearest,True,0.003398895263671875,success
04FE8D3A9C4C80,3,"['Arena', 'Casa Giulietta']",Torre Lamberti,"['Sighseeing', 'Centro Fotografia', 'Museo Conte', 'Palazzo della Ragione', 'AMO']",Duomo,strategy_nearest,False,0.0024869441986083984,success
04FE8C3A9C4C80,3,['San Zeno'],Arena,"['Verona Tour', 'Museo Lapidario', 'Museo Radio', 'San Fermo', 'Casa Giulietta']",Santa Anastasia,strategy_nearest,False,0.0019249916076660156,success
04FEA54A9C4C80,2,['Torre Lamberti'],Palazzo della Ragione,"['AMO', 'Museo Conte', 'Centro Fotografia', 'Sighseeing', 'Santa Anastasia']",Castelvecchio,strategy_nearest,False,0.003108978271484375,success
04FEBA429C4C80,0,['Arena'],Torre Lamberti,"['Sighseeing', 'Centro Fotografia', 'Museo Conte', 'Casa Giulietta', 'Palazzo della Ragione']",Casa Giulietta,strategy_nearest,True,0.0019621849060058594,success
04FEB43A9C4C80,0,"['Arena', 'Museo Lapidario']",Castelvecchio,"['Verona Tour', 'Museo Radio', 'San Zeno', 'Sighseeing', 'Museo Miniscalchi']",Torre Lamberti,strategy_nearest,False,0.002656221389770508,success
04FEB5429C4C80,0,['Castelvecchio'],Arena,"['Verona Tour', 'Museo Lapidario', 'Museo Radio', 'San Fermo', 'Casa Giulietta']",Casa Giulietta,strategy_nearest,True,0.0032989978790283203,success
04FEBD429C4C80,0,['Arena'],Casa Giulietta,"['Centro Fotografia', 'Sighseeing', 'Torre Lamberti', 'Museo Conte', 'Museo Radio']",Torre Lamberti,strategy_nearest,True,0.004061222076416016,success
04FEC93A9C4C80,3,['Arena'],Torre Lamberti,"['Sighseeing', 'Centro Fotografia', 'Museo Conte', 'Casa Giulietta', 'Palazzo della Ragione']",Duomo,strategy_nearest,False,0.0014972686767578125,success
04FECD3A9C4C80,3,"['San Zeno', 'Castelvecchio']",Arena,"['Verona Tour', 'Museo Lapidario', 'Museo Radio', 'San Fermo', 'Casa Giulietta']",Museo Lapidario,strategy_nearest,True,0.0025780200958251953,success
04FEC83A9C4C80,0,"['Arena', 'Casa Giulietta']",Teatro Romano,"['Santa Anastasia', 'Duomo', 'AMO', 'Palazzo della Ragione', 'Museo Conte']",Torre Lamberti,strategy_nearest,False,0.004010915756225586,success
04FED73A9C4C80,0,['Arena'],Castelvecchio,"['Museo Lapidario', 'Verona Tour', 'Museo Radio', 'San Zeno', 'Sighseeing']",Torre Lamberti,strategy_nearest,False,0.00327301025390625,success
04FEE13A9C4C80,0,['Arena'],Torre Lamberti,"['Sighseeing', 'Centro Fotografia', 'Museo Conte', 'Casa Giulietta', 'Palazzo della Ragione']",Casa Giulietta,strategy_nearest,True,0.0020189285278320312,success
04FED43A9C4C80,3,"['Arena', 'San Zeno']",Duomo,"['AMO', 'Museo Miniscalchi', 'Santa Anastasia', 'Teatro Romano', 'Palazzo della Ragione']",Santa Anastasia,strategy_nearest,True,0.0021309852600097656,success
04FEE33A9C4C80,0,['Arena'],Casa Giulietta,"['Centro Fotografia', 'Sighseeing', 'Torre Lamberti', 'Museo Conte', 'Museo Radio']",Teatro Romano,strategy_nearest,False,0.0031762123107910156,success
04FEE93A9C4C80,0,['Arena'],Casa Giulietta,"['Centro Fotografia', 'Sighseeing', 'Torre Lamberti', 'Museo Conte', 'Museo Radio']",Torre Lamberti,strategy_nearest,True,0.0018019676208496094,success
04FF2B3A9C4C80,0,['Arena'],Casa Giulietta,"['Centro Fotografia', 'Sighseeing', 'Torre Lamberti', 'Museo Conte', 'Museo Radio']",Santa Anastasia,strategy_nearest,False,0.0020618438720703125,success
04FF273A9C4C80,0,"['Arena', 'San Zeno']",Casa Giulietta,"['Centro Fotografia', 'Sighseeing', 'Torre Lamberti', 'Museo Conte', 'Museo Radio']",Torre Lamberti,strategy_nearest,True,0.004024982452392578,success
04FEEB3A9C4C80,0,['Arena'],Castelvecchio,"['Museo Lapidario', 'Verona Tour', 'Museo Radio', 'San Zeno', 'Sighseeing']",Santa Anastasia,strategy_nearest,False,0.0035011768341064453,success
04FF41429C4C80,1,"['Arena', 'Teatro Romano', 'Duomo']",Casa Giulietta,"['Centro Fotografia', 'Sighseeing', 'Torre Lamberti', 'Museo Conte', 'Museo Radio']",Palazzo della Ragione,strategy_nearest,False,0.002933025360107422,success
04FF35429C4C80,0,['Arena'],Casa Giulietta,"['Centro Fotografia', 'Sighseeing', 'Torre Lamberti', 'Museo Conte', 'Museo Radio']",Castelvecchio,strategy_nearest,False,0.003582000732421875,success
04FF37429C4C80,2,['Santa Anastasia'],Torre Lamberti,"['Sighseeing', 'Centro Fotografia', 'Museo Conte', 'Casa Giulietta', 'Palazzo della Ragione']",Casa Giulietta,strategy_nearest,True,0.0029268264770507812,success
04FF42429C4C80,3,"['Arena', 'Torre Lamberti', 'Santa Anastasia']",Castelvecchio,"['Museo Lapidario', 'Verona Tour', 'Museo Radio', 'San Zeno', 'Sighseeing']",San Zeno,strategy_nearest,True,0.003493785858154297,success
04FF52429C4C80,1,"['Arena', 'Torre Lamberti']",Palazzo della Ragione,"['AMO', 'Museo Conte', 'Centro Fotografia', 'Sighseeing', 'Santa Anastasia']",Teatro Romano,strategy_nearest,False,0.0018830299377441406,success
04FF49429C4C80,3,"['Arena', 'Casa Giulietta']",Santa Anastasia,"['AMO', 'Museo Conte', 'Palazzo della Ragione', 'Teatro Romano', 'Centro Fotografia']",Duomo,strategy_nearest,False,0.002694845199584961,success
04FF533A9C4C80,3,['Torre Lamberti'],Santa Anastasia,"['AMO', 'Museo Conte', 'Palazzo della Ragione', 'Teatro Romano', 'Centro Fotografia']",Castelvecchio,strategy_nearest,False,0.002866983413696289,success
04FF55429C4C80,2,"['Torre Lamberti', 'Duomo']",Teatro Romano,"['Santa Anastasia', 'AMO', 'Palazzo della Ragione', 'Museo Conte', 'Centro Fotografia']",San Zeno,strategy_nearest,False,0.003637075424194336,success
04FF583A9C4C80,3,"['Arena', 'San Fermo', 'Museo Storia', 'San Zeno']",Torre Lamberti,"['Sighseeing', 'Centro Fotografia', 'Museo Conte', 'Casa Giulietta', 'Palazzo della Ragione']",Casa Giulietta,strategy_nearest,True,0.0023849010467529297,success
04FF5E3A9C4C80,3,['Arena'],Santa Anastasia,"['AMO', 'Museo Conte', 'Palazzo della Ragione', 'Teatro Romano', 'Centro Fotografia']",San Fermo,strategy_nearest,False,0.0018422603607177734,success
04FF5A3A9C4C80,2,"['San Zeno', 'Duomo']",Teatro Romano,"['Santa Anastasia', 'AMO', 'Palazzo della Ragione', 'Museo Conte', 'Centro Fotografia']",San Fermo,strategy_nearest,False,0.003159046173095703,success
04FF6B429C4C80,0,['Castelvecchio'],Arena,"['Verona Tour', 'Museo Lapidario', 'Museo Radio', 'San Fermo', 'Casa Giulietta']",Casa Giulietta,strategy_nearest,True,0.002641916275024414,success
04FF6F429C4C80,1,"['Casa Giulietta', 'Torre Lamberti']",Palazzo della Ragione,"['AMO', 'Museo Conte', 'Centro Fotografia', 'Sighseeing', 'Santa Anastasia']",Santa Anastasia,strategy_nearest,True,0.0030858516693115234,success
04FF7C3A9C4C80,1,"['Arena', 'Museo Lapidario']",Castelvecchio,"['Verona Tour', 'Museo Radio', 'San Zeno', 'Sighseeing', 'Museo Miniscalchi']",Torre Lamberti,strategy_nearest,False,0.002624988555908203,success
04FF7A429C4C80,1,"['Arena', 'Museo Lapidario', 'Palazzo della Ragione']",Torre Lamberti,"['Sighseeing', 'Centro Fotografia', 'Museo Conte', 'Casa Giulietta', 'AMO']",Santa Anastasia,strategy_nearest,False,0.0027010440826416016,success
04FF864A9C4C80,3,"['Arena', 'Castelvecchio']",Casa Giulietta,"['Centro Fotografia', 'Sighseeing', 'Torre Lamberti', 'Museo Conte', 'Museo Radio']",Santa Anastasia,strategy_nearest,False,0.002686023712158203,success
04FFA6429C4C80,0,['Arena'],Santa Anastasia,"['AMO', 'Museo Conte', 'Palazzo della Ragione', 'Teatro Romano', 'Centro Fotografia']",Casa Giulietta,strategy_nearest,False,0.0030181407928466797,success
04FFA4429C4C80,0,['Arena'],Casa Giulietta,"['Centro Fotografia', 'Sighseeing', 'Torre Lamberti', 'Museo Conte', 'Museo Radio']",Torre Lamberti,strategy_nearest,True,0.003401041030883789,success
04FFA5429C4C80,1,"['Castelvecchio', 'Arena', 'Casa Giulietta']",Torre Lamberti,"['Sighseeing', 'Centro Fotografia', 'Museo Conte', 'Palazzo della Ragione', 'AMO']",Palazzo della Ragione,strategy_nearest,True,0.002680063247680664,success
04FFC3429C4C80,0,['Arena'],Casa Giulietta,"['Centro Fotografia', 'Sighseeing', 'Torre Lamberti', 'Museo Conte', 'Museo Radio']",Torre Lamberti,strategy_nearest,True,0.002457141876220703,success
04FFBC3A9C4C80,2,['Torre Lamberti'],Santa Anastasia,"['AMO', 'Museo Conte', 'Palazzo della Ragione', 'Teatro Romano', 'Centro Fotografia']",Teatro Romano,strategy_nearest,True,0.0021209716796875,success
04FFA83A9C4C80,3,"['Castelvecchio', 'Torre Lamberti', 'Casa Giulietta']",Santa Anastasia,"['AMO', 'Museo Conte', 'Palazzo della Ragione', 'Teatro Romano', 'Centro Fotografia']",Teatro Romano,strategy_nearest,True,0.0034198760986328125,success
04FFB2429C4C80,1,"['Arena', 'Torre Lamberti']",Palazzo della Ragione,"['AMO', 'Museo Conte', 'Centro Fotografia', 'Sighseeing', 'Santa Anastasia']",Duomo,strategy_nearest,False,0.0033648014068603516,success
04FFC43A9C4C80,3,"['Torre Lamberti', 'Duomo']",Arena,"['Verona Tour', 'Museo Lapidario', 'Museo Radio', 'San Fermo', 'Casa Giulietta']",Castelvecchio,strategy_nearest,False,0.0027768611907958984,success
04FFC5429C4C80,0,['Arena'],Casa Giulietta,"['Centro Fotografia', 'Sighseeing', 'Torre Lamberti', 'Museo Conte', 'Museo Radio']",Palazzo della Ragione,strategy_nearest,False,0.0015621185302734375,success
04FFF63A9C4C80,0,"['Arena', 'Tomba Giulietta']",Casa Giulietta,"['Centro Fotografia', 'Sighseeing', 'Torre Lamberti', 'Museo Conte', 'Museo Radio']",Santa Anastasia,strategy_nearest,False,0.0021071434020996094,success
04FFD03A9C4C80,0,"['Teatro Romano', 'Castelvecchio']",Arena,"['Verona Tour', 'Museo Lapidario', 'Museo Radio', 'San Fermo', 'Casa Giulietta']",Torre Lamberti,strategy_nearest,False,0.003328084945678711,success
040033429C4C81,1,"['Casa Giulietta', 'San Fermo', 'Santa Anastasia']",Duomo,"['AMO', 'Museo Miniscalchi', 'Teatro Romano', 'Palazzo della Ragione', 'Museo Conte']",Torre Lamberti,strategy_nearest,False,0.0015249252319335938,success
04003A3A9C4C81,4,"['Arena', 'Casa Giulietta', 'Duomo']",Santa Anastasia,"['AMO', 'Museo Conte', 'Palazzo della Ragione', 'Teatro Romano', 'Centro Fotografia']",Torre Lamberti,strategy_nearest,False,0.002821207046508789,success
040009429C4C85,3,['Arena'],Santa Anastasia,"['AMO', 'Museo Conte', 'Palazzo della Ragione', 'Teatro Romano', 'Centro Fotografia']",Teatro Romano,strategy_nearest,True,0.0022242069244384766,success
04003D3A9C4C81,0,['Arena'],Castelvecchio,"['Museo Lapidario', 'Verona Tour', 'Museo Radio', 'San Zeno', 'Sighseeing']",Casa Giulietta,strategy_nearest,False,0.0034449100494384766,success
0400413A9C4C81,3,"['Arena', 'Teatro Romano', 'Museo Storia']",San Fermo,"['Museo Radio', 'Casa Giulietta', 'Centro Fotografia', 'Sighseeing', 'Torre Lamberti']",Casa Giulietta,strategy_nearest,True,0.0027937889099121094,success
040051429C4C81,0,['Arena'],Casa Giulietta,"['Centro Fotografia', 'Sighseeing', 'Torre Lamberti', 'Museo Conte', 'Museo Radio']",Castelvecchio,strategy_nearest,False,0.0019969940185546875,success
04004C3A9C4C81,3,"['Arena', 'Museo Lapidario', 'Castelvecchio', 'Casa Giulietta']",Torre Lamberti,"['Sighseeing', 'Centro Fotografia', 'Museo Conte', 'Palazzo della Ragione', 'AMO']",Teatro Romano,strategy_nearest,False,0.003370046615600586,success
04004F429C4C81,1,['Arena'],Santa Anastasia,"['AMO', 'Museo Conte', 'Palazzo della Ragione', 'Teatro Romano', 'Centro Fotografia']",Palazzo della Ragione,strategy_nearest,True,0.002125978469848633,success
04004A3A9C4C81,1,"['Castelvecchio', 'Arena', 'Torre Lamberti']",Palazzo della Ragione,"['AMO', 'Museo Conte', 'Centro Fotografia', 'Sighseeing', 'Santa Anastasia']",Santa Anastasia,strategy_nearest,True,0.004704952239990234,success
0400783A9C4C81,0,['Casa Giulietta'],Torre Lamberti,"['Sighseeing', 'Centro Fotografia', 'Museo Conte', 'Palazzo della Ragione', 'AMO']",Arena,strategy_nearest,False,0.0014300346374511719,success
04007B3A9C4C81,0,['Arena'],Torre Lamberti,"['Sighseeing', 'Centro Fotografia', 'Museo Conte', 'Casa Giulietta', 'Palazzo della Ragione']",Casa Giulietta,strategy_nearest,True,0.0022020339965820312,success
0400823A9C4C81,1,"['Casa Giulietta', 'Arena']",Torre Lamberti,"['Sighseeing', 'Centro Fotografia', 'Museo Conte', 'Palazzo della Ragione', 'AMO']",Palazzo della Ragione,strategy_nearest,True,0.003381013870239258,success
04007D3A9C4C81,0,['Arena'],Castelvecchio,"['Museo Lapidario', 'Verona Tour', 'Museo Radio', 'San Zeno', 'Sighseeing']",Casa Giulietta,strategy_nearest,False,0.002871990203857422,success
0400894A9C4C81,1,"['Castelvecchio', 'Arena']",Casa Giulietta,"['Centro Fotografia', 'Sighseeing', 'Torre Lamberti', 'Museo Conte', 'Museo Radio']",Palazzo della Ragione,strategy_nearest,False,0.0033788681030273438,success
040085429C4C81,1,['Torre Lamberti'],Palazzo della Ragione,"['AMO', 'Museo Conte', 'Centro Fotografia', 'Sighseeing', 'Santa Anastasia']",San Fermo,strategy_nearest,False,0.003309965133666992,success
04008D4A9C4C81,1,"['Arena', 'Torre Lamberti']",Palazzo della Ragione,"['AMO', 'Museo Conte', 'Centro Fotografia', 'Sighseeing', 'Santa Anastasia']",Santa Anastasia,strategy_nearest,True,0.002763032913208008,success
04008E3A9C4C81,3,"['Arena', 'Casa Giulietta']",Torre Lamberti,"['Sighseeing', 'Centro Fotografia', 'Museo Conte', 'Palazzo della Ragione', 'AMO']",Teatro Romano,strategy_nearest,False,0.003381967544555664,success
0400A53A9C4C81,1,"['Arena', 'Casa Giulietta']",Torre Lamberti,"['Sighseeing', 'Centro Fotografia', 'Museo Conte', 'Palazzo della Ragione', 'AMO']",Palazzo della Ragione,strategy_nearest,True,0.003377199172973633,success
0400A84A9C4C81,3,['Arena'],Torre Lamberti,"['Sighseeing', 'Centro Fotografia', 'Museo Conte', 'Casa Giulietta', 'Palazzo della Ragione']",Santa Anastasia,strategy_nearest,False,0.0033311843872070312,success
04009B429C4C81,3,"['Arena', 'Santa Anastasia']",Duomo,"['AMO', 'Museo Miniscalchi', 'Teatro Romano', 'Palazzo della Ragione', 'Museo Conte']",Teatro Romano,strategy_nearest,True,0.002683877944946289,success
0400AA4A9C4C81,1,"['San Zeno', 'Duomo', 'Santa Anastasia', 'Torre Lamberti']",Arena,"['Verona Tour', 'Museo Lapidario', 'Museo Radio', 'San Fermo', 'Casa Giulietta']",Castelvecchio,strategy_nearest,False,0.0032219886779785156,success
0400B43A9C4C81,3,"['Arena', 'Castelvecchio']",Casa Giulietta,"['Centro Fotografia', 'Sighseeing', 'Torre Lamberti', 'Museo Conte', 'Museo Radio']",Torre Lamberti,strategy_nearest,True,0.0025949478149414062,success
0400B63A9C4C81,3,"['Arena', 'Santa Anastasia']",Giardino Giusti,"['Teatro Romano', 'Museo Conte', 'Centro Fotografia', 'Museo Storia', 'AMO']",Casa Giulietta,strategy_nearest,False,0.003153085708618164,success
0400B3429C4C81,0,['Arena'],Casa Giulietta,"['Centro Fotografia', 'Sighseeing', 'Torre Lamberti', 'Museo Conte', 'Museo Radio']",Castelvecchio,strategy_nearest,False,0.0014960765838623047,success
0400AF429C4C81,3,['Arena'],Duomo,"['AMO', 'Museo Miniscalchi', 'Santa Anastasia', 'Teatro Romano', 'Palazzo della Ragione']",Santa Anastasia,strategy_nearest,True,0.0021178722381591797,success
0400C3429C4C81,0,"['Arena', 'Museo Lapidario']",Castelvecchio,"['Verona Tour', 'Museo Radio', 'San Zeno', 'Sighseeing', 'Museo Miniscalchi']",Tomba Giulietta,strategy_nearest,False,0.0021371841430664062,success
0400CA429C4C81,1,"['Castelvecchio', 'Arena']",Casa Giulietta,"['Centro Fotografia', 'Sighseeing', 'Torre Lamberti', 'Museo Conte', 'Museo Radio']",Palazzo della Ragione,strategy_nearest,False,0.0031938552856445312,success
0400C8429C4C81,3,"['Arena', 'Teatro Romano']",Castelvecchio,"['Museo Lapidario', 'Verona Tour', 'Museo Radio', 'San Zeno', 'Sighseeing']",Torre Lamberti,strategy_nearest,False,0.0014719963073730469,success
0400C4429C4C81,3,"['Arena', 'Casa Giulietta', 'Torre Lamberti']",Santa Anastasia,"['AMO', 'Museo Conte', 'Palazzo della Ragione', 'Teatro Romano', 'Centro Fotografia']",Teatro Romano,strategy_nearest,True,0.002774953842163086,success
0400D6429C4C81,0,"['Castelvecchio', 'Arena']",Casa Giulietta,"['Centro Fotografia', 'Sighseeing', 'Torre Lamberti', 'Museo Conte', 'Museo Radio']",Giardino Giusti,strategy_nearest,False,0.0022809505462646484,success
0400DC3A9C4C81,0,['Casa Giulietta'],Santa Anastasia,"['AMO', 'Museo Conte', 'Palazzo della Ragione', 'Teatro Romano', 'Centro Fotografia']",Arena,strategy_nearest,False,0.0028390884399414062,success
0400DE3A9C4C81,1,['Torre Lamberti'],Palazzo della Ragione,"['AMO', 'Museo Conte', 'Centro Fotografia', 'Sighseeing', 'Santa Anastasia']",Casa Giulietta,strategy_nearest,False,0.0029900074005126953,success
0400D0429C4C81,1,"['Arena', 'Giardino Giusti', 'San Fermo', 'Museo Storia']",Tomba Giulietta,"['Museo Lapidario', 'Museo Radio', 'Verona Tour', 'Casa Giulietta', 'Castelvecchio']",Castelvecchio,strategy_nearest,True,0.0027267932891845703,success
0400DF3A9C4C81,0,['Torre Lamberti'],Casa Giulietta,"['Centro Fotografia', 'Sighseeing', 'Museo Conte', 'Museo Radio', 'Palazzo della Ragione']",Arena,strategy_nearest,False,0.0024871826171875,success
0400E43A9C4C81,0,['Arena'],Castelvecchio,"['Museo Lapidario', 'Verona Tour', 'Museo Radio', 'San Zeno', 'Sighseeing']",San Zeno,strategy_nearest,True,0.0018551349639892578,success
0400E03A9C4C81,3,"['Arena', 'Casa Giulietta']",Santa Anastasia,"['AMO', 'Museo Conte', 'Palazzo della Ragione', 'Teatro Romano', 'Centro Fotografia']",Duomo,strategy_nearest,False,0.0026061534881591797,success
0400FD429C4C81,3,"['Arena', 'Torre Lamberti']",Santa Anastasia,"['AMO', 'Museo Conte', 'Palazzo della Ragione', 'Teatro Romano', 'Centro Fotografia']",Duomo,strategy_nearest,False,0.0018427371978759766,success
0400EA3A9C4C81,2,"['Giardino Giusti', 'Teatro Romano', 'Duomo', 'San Zeno']",Tomba Giulietta,"['San Fermo', 'Museo Storia', 'Arena', 'Museo Lapidario', 'Museo Radio']",San Fermo,strategy_nearest,True,0.0024328231811523438,success
0400F73A9C4C81,3,"['Castelvecchio', 'Arena']",Torre Lamberti,"['Sighseeing', 'Centro Fotografia', 'Museo Conte', 'Casa Giulietta', 'Palazzo della Ragione']",Santa Anastasia,strategy_nearest,False,0.0037169456481933594,success
0401323A9C4C81,3,"['Arena', 'Museo Lapidario', 'Castelvecchio']",San Zeno,"['Verona Tour', 'Museo Miniscalchi', 'Sighseeing', 'Museo Radio', 'Torre Lamberti']",Torre Lamberti,strategy_nearest,True,0.0025489330291748047,success
040106429C4C85,3,"['Arena', 'Torre Lamberti', 'Casa Giulietta']",Duomo,"['AMO', 'Museo Miniscalchi', 'Santa Anastasia', 'Teatro Romano', 'Palazzo della Ragione']",Santa Anastasia,strategy_nearest,True,0.003535032272338867,success
0401373A9C4C81,0,['Duomo'],Arena,"['Verona Tour', 'Museo Lapidario', 'Museo Radio', 'San Fermo', 'Casa Giulietta']",Castelvecchio,strategy_nearest,False,0.0031249523162841797,success
04014C429C4C81,2,['Casa Giulietta'],Torre Lamberti,"['Sighseeing', 'Centro Fotografia', 'Museo Conte', 'Palazzo della Ragione', 'AMO']",Santa Anastasia,strategy_nearest,False,0.002705812454223633,success
0401423A9C4C81,3,"['Arena', 'Casa Giulietta']",Santa Anastasia,"['AMO', 'Museo Conte', 'Palazzo della Ragione', 'Teatro Romano', 'Centro Fotografia']",Duomo,strategy_nearest,False,0.002019643783569336,success
0401503A9C4C81,3,"['Arena', 'Casa Giulietta', 'Torre Lamberti']",Santa Anastasia,"['AMO', 'Museo Conte', 'Palazzo della Ragione', 'Teatro Romano', 'Centro Fotografia']",Duomo,strategy_nearest,False,0.0033407211303710938,success
040150429C4C81,0,['Arena'],Casa Giulietta,"['Centro Fotografia', 'Sighseeing', 'Torre Lamberti', 'Museo Conte', 'Museo Radio']",Castelvecchio,strategy_nearest,False,0.002955198287963867,success
040151429C4C81,0,"['Arena', 'Casa Giulietta']",Duomo,"['AMO', 'Museo Miniscalchi', 'Santa Anastasia', 'Teatro Romano', 'Palazzo della Ragione']",Tomba Giulietta,strategy_nearest,False,0.00386810302734375,success
04015C3A9C4C81,0,"['Arena', 'Casa Giulietta', 'San Zeno']",Torre Lamberti,"['Sighseeing', 'Centro Fotografia', 'Museo Conte', 'Palazzo della Ragione', 'AMO']",Castelvecchio,strategy_nearest,False,0.003854036331176758,success
04015C429C4C81,3,"['Arena', 'Casa Giulietta']",Teatro Romano,"['Santa Anastasia', 'Duomo', 'AMO', 'Palazzo della Ragione', 'Museo Conte']",Santa Anastasia,strategy_nearest,True,0.0019021034240722656,success
040160429C4C81,3,['Arena'],Santa Anastasia,"['AMO', 'Museo Conte', 'Palazzo della Ragione', 'Teatro Romano', 'Centro Fotografia']",Duomo,strategy_nearest,False,0.004110813140869141,success
04016A429C4C81,1,"['Arena', 'Casa Giulietta']",Torre Lamberti,"['Sighseeing', 'Centro Fotografia', 'Museo Conte', 'Palazzo della Ragione', 'AMO']",Palazzo della Ragione,strategy_nearest,True,0.002015829086303711,success
04016F3A9C4C81,1,['Arena'],Palazzo della Ragione,"['AMO', 'Museo Conte', 'Torre Lamberti', 'Centro Fotografia', 'Sighseeing']",Torre Lamberti,strategy_nearest,True,0.0027909278869628906,success
04017E3A9C4C81,3,['Arena'],Casa Giulietta,"['Centro Fotografia', 'Sighseeing', 'Torre Lamberti', 'Museo Conte', 'Museo Radio']",Torre Lamberti,strategy_nearest,True,0.0018701553344726562,success
04017A3A9C4C81,0,"['Arena', 'Teatro Romano']",Duomo,"['AMO', 'Museo Miniscalchi', 'Santa Anastasia', 'Palazzo della Ragione', 'Museo Conte']",Casa Giulietta,strategy_nearest,False,0.0031669139862060547,success
0401833A9C4C81,3,"['Arena', 'Casa Giulietta']",Torre Lamberti,"['Sighseeing', 'Centro Fotografia', 'Museo Conte', 'Palazzo della Ragione', 'AMO']",Santa Anastasia,strategy_nearest,False,0.0035448074340820312,success
0401834A9C4C81,3,"['Arena', 'Casa Giulietta', 'Santa Anastasia']",Duomo,"['AMO', 'Museo Miniscalchi', 'Teatro Romano', 'Palazzo della Ragione', 'Museo Conte']",Teatro Romano,strategy_nearest,True,0.0025200843811035156,success
040189429C4C81,3,"['Casa Giulietta', 'Torre Lamberti', 'Santa Anastasia']",Teatro Romano,"['Duomo', 'AMO', 'Palazzo della Ragione', 'Museo Conte', 'Centro Fotografia']",Castelvecchio,strategy_nearest,False,0.0031440258026123047,success
0401874A9C4C81,3,"['Arena', 'Tomba Giulietta']",Casa Giulietta,"['Centro Fotografia', 'Sighseeing', 'Torre Lamberti', 'Museo Conte', 'Museo Radio']",Torre Lamberti,strategy_nearest,True,0.002638101577758789,success
04018B429C4C81,0,['Arena'],Casa Giulietta,"['Centro Fotografia', 'Sighseeing', 'Torre Lamberti', 'Museo Conte', 'Museo Radio']",Torre Lamberti,strategy_nearest,True,0.0027167797088623047,success
0401AD3A9C4C81,3,"['Arena', 'Casa Giulietta']",Santa Anastasia,"['AMO', 'Museo Conte', 'Palazzo della Ragione', 'Teatro Romano', 'Centro Fotografia']",Duomo,strategy_nearest,False,0.0019681453704833984,success
0401AB3A9C4C81,1,"['Arena', 'Torre Lamberti', 'Palazzo della Ragione', 'Casa Giulietta']",San Zeno,"['Castelvecchio', 'Verona Tour', 'Museo Lapidario', 'Museo Miniscalchi', 'Sighseeing']",Castelvecchio,strategy_nearest,True,0.003253936767578125,success
0401B03A9C4C81,0,['Castelvecchio'],Arena,"['Verona Tour', 'Museo Lapidario', 'Museo Radio', 'San Fermo', 'Casa Giulietta']",San Fermo,strategy_nearest,True,0.003303050994873047,success
0401BF3A9C4C81,3,"['Arena', 'Casa Giulietta', 'Torre Lamberti']",Santa Anastasia,"['AMO', 'Museo Conte', 'Palazzo della Ragione', 'Teatro Romano', 'Centro Fotografia']",Duomo,strategy_nearest,False,0.0019741058349609375,success
0401C0429C4C81,2,"['Museo Lapidario', 'Castelvecchio', 'San Zeno']",Casa Giulietta,"['Centro Fotografia', 'Sighseeing', 'Torre Lamberti', 'Museo Conte', 'Museo Radio']",Torre Lamberti,strategy_nearest,True,0.0025463104248046875,success
0401B33A9C4C81,0,['Arena'],Santa Anastasia,"['AMO', 'Museo Conte', 'Palazzo della Ragione', 'Teatro Romano', 'Centro Fotografia']",Casa Giulietta,strategy_nearest,False,0.0042209625244140625,success
0401C33A9C4C81,2,['Santa Anastasia'],Torre Lamberti,"['Sighseeing', 'Centro Fotografia', 'Museo Conte', 'Casa Giulietta', 'Palazzo della Ragione']",Palazzo della Ragione,strategy_nearest,True,0.003493070602416992,success
0401C7429C4C81,1,"['Castelvecchio', 'Casa Giulietta']",Palazzo della Ragione,"['AMO', 'Museo Conte', 'Torre Lamberti', 'Centro Fotografia', 'Sighseeing']",Torre Lamberti,strategy_nearest,True,0.0025930404663085938,success
0401DD3A9C4C81,0,['Castelvecchio'],Arena,"['Verona Tour', 'Museo Lapidario', 'Museo Radio', 'San Fermo', 'Casa Giulietta']",Torre Lamberti,strategy_nearest,False,0.002663135528564453,success
0401DE429C4C81,1,"['Arena', 'Santa Anastasia', 'Torre Lamberti']",Palazzo della Ragione,"['AMO', 'Museo Conte', 'Centro Fotografia', 'Sighseeing', 'Museo Miniscalchi']",Tomba Giulietta,strategy_nearest,False,0.002604961395263672,success
0401E73A9C4C81,1,['Palazzo della Ragione'],Torre Lamberti,"['Sighseeing', 'Centro Fotografia', 'Museo Conte', 'Casa Giulietta', 'AMO']",Arena,strategy_nearest,False,0.003370046615600586,success
0402563A9C4C81,1,"['Arena', 'Casa Giulietta', 'Castelvecchio']",San Zeno,"['Verona Tour', 'Museo Lapidario', 'Museo Miniscalchi', 'Sighseeing', 'Museo Radio']",Tomba Giulietta,strategy_nearest,False,0.002602100372314453,success
040261429C4C81,3,"['Arena', 'Casa Giulietta', 'San Fermo', 'Teatro Romano']",Duomo,"['AMO', 'Museo Miniscalchi', 'Santa Anastasia', 'Palazzo della Ragione', 'Museo Conte']",Santa Anastasia,strategy_nearest,True,0.0025107860565185547,success
0401F93A9C4C81,0,['Torre Lamberti'],Casa Giulietta,"['Centro Fotografia', 'Sighseeing', 'Museo Conte', 'Museo Radio', 'Palazzo della Ragione']",Arena,strategy_nearest,False,0.004136800765991211,success
04026A429C4C81,3,"['Arena', 'Casa Giulietta']",Santa Anastasia,"['AMO', 'Museo Conte', 'Palazzo della Ragione', 'Teatro Romano', 'Centro Fotografia']",Duomo,strategy_nearest,False,0.002975940704345703,success
04027D4A9C4C81,1,"['Palazzo della Ragione', 'Torre Lamberti']",Giardino Giusti,"['Santa Anastasia', 'Teatro Romano', 'Museo Conte', 'Centro Fotografia', 'Museo Storia']",Arena,strategy_nearest,False,0.0026397705078125,success
0402773A9C4C81,3,"['Teatro Romano', 'Santa Anastasia', 'Arena']",Casa Giulietta,"['Centro Fotografia', 'Sighseeing', 'Torre Lamberti', 'Museo Conte', 'Museo Radio']",San Fermo,strategy_nearest,False,0.0027320384979248047,success
04026C429C4C81,1,"['Arena', 'Santa Anastasia', 'Teatro Romano', 'Duomo']",Torre Lamberti,"['Sighseeing', 'Centro Fotografia', 'Museo Conte', 'Casa Giulietta', 'Palazzo della Ragione']",Palazzo della Ragione,strategy_nearest,True,0.0034890174865722656,success
04027F3A9C4C81,0,['Arena'],Casa Giulietta,"['Centro Fotografia', 'Sighseeing', 'Torre Lamberti', 'Museo Conte', 'Museo Radio']",Palazzo della Ragione,strategy_nearest,False,0.0030159950256347656,success
040289429C4C81,1,"['Casa Giulietta', 'Arena', 'Museo Lapidario', 'Castelvecchio']",Torre Lamberti,"['Sighseeing', 'Centro Fotografia', 'Museo Conte', 'Palazzo della Ragione', 'AMO']",Palazzo della Ragione,strategy_nearest,True,0.00331878662109375,success
0402844A9C4C81,3,"['Arena', 'Casa Giulietta']",Torre Lamberti,"['Sighseeing', 'Centro Fotografia', 'Museo Conte', 'Palazzo della Ragione', 'AMO']",Santa Anastasia,strategy_nearest,False,0.002711057662963867,success
0402803A9C4C81,1,"['Casa Giulietta', 'Palazzo della Ragione']",Santa Anastasia,"['AMO', 'Museo Conte', 'Teatro Romano', 'Centro Fotografia', 'Duomo']",Arena,strategy_nearest,False,0.0021851062774658203,success
0402894A9C4C81,1,"['Castelvecchio', 'Arena']",Torre Lamberti,"['Sighseeing', 'Centro Fotografia', 'Museo Conte', 'Casa Giulietta', 'Palazzo della Ragione']",Palazzo della Ragione,strategy_nearest,True,0.003309011459350586,success
040291429C4C81,0,['Arena'],Torre Lamberti,"['Sighseeing', 'Centro Fotografia', 'Museo Conte', 'Casa Giulietta', 'Palazzo della Ragione']",Castelvecchio,strategy_nearest,False,0.0025482177734375,success
04028A429C4C81,3,"['Duomo', 'Teatro Romano']",Castelvecchio,"['Museo Lapidario', 'Verona Tour', 'Arena', 'Museo Radio', 'San Zeno']",Arena,strategy_nearest,True,0.0018720626831054688,success
04028B429C4C81,3,"['San Zeno', 'Castelvecchio']",Arena,"['Verona Tour', 'Museo Lapidario', 'Museo Radio', 'San Fermo', 'Casa Giulietta']",Santa Anastasia,strategy_nearest,False,0.003245115280151367,success
040292429C4C81,1,"['Casa Giulietta', 'Palazzo della Ragione']",Torre Lamberti,"['Sighseeing', 'Centro Fotografia', 'Museo Conte', 'AMO', 'Museo Miniscalchi']",Santa Anastasia,strategy_nearest,False,0.002644062042236328,success
0402A2429C4C81,3,"['Casa Giulietta', 'Santa Anastasia', 'Torre Lamberti']",Duomo,"['AMO', 'Museo Miniscalchi', 'Teatro Romano', 'Palazzo della Ragione', 'Museo Conte']",Arena,strategy_nearest,False,0.0026788711547851562,success
0402B3429C4C81,3,"['Arena', 'Torre Lamberti']",Casa Giulietta,"['Centro Fotografia', 'Sighseeing', 'Museo Conte', 'Museo Radio', 'Palazzo della Ragione']",San Zeno,strategy_nearest,False,0.0025768280029296875,success
0402A6429C4C81,3,"['Casa Giulietta', 'Torre Lamberti']",Santa Anastasia,"['AMO', 'Museo Conte', 'Palazzo della Ragione', 'Teatro Romano', 'Centro Fotografia']",Duomo,strategy_nearest,False,0.0035161972045898438,success
0402BC429C4C81,1,['Palazzo della Ragione'],Arena,"['Verona Tour', 'Museo Lapidario', 'Museo Radio', 'San Fermo', 'Casa Giulietta']",Duomo,strategy_nearest,False,0.0018832683563232422,success
0402B6429C4C81,3,['Arena'],Santa Anastasia,"['AMO', 'Museo Conte', 'Palazzo della Ragione', 'Teatro Romano', 'Centro Fotografia']",Duomo,strategy_nearest,False,0.00400996208190918,success
0402BD429C4C81,1,"['Tomba Giulietta', 'Casa Giulietta', 'Torre Lamberti']",Palazzo della Ragione,"['AMO', 'Museo Conte', 'Centro Fotografia', 'Sighseeing', 'Santa Anastasia']",Santa Anastasia,strategy_nearest,True,0.0030679702758789062,success
0402B972743381,0,"['Arena', 'Casa Giulietta']",Torre Lamberti,"['Sighseeing', 'Centro Fotografia', 'Museo Conte', 'Palazzo della Ragione', 'AMO']",Teatro Romano,strategy_nearest,False,0.0027761459350585938,success
0402D83A9C4C81,1,"['San Zeno', 'Arena']",Palazzo della Ragione,"['AMO', 'Museo Conte', 'Torre Lamberti', 'Centro Fotografia', 'Sighseeing']",Torre Lamberti,strategy_nearest,True,0.002639293670654297,success
0402C43A9C4C81,3,['Casa Giulietta'],Torre Lamberti,"['Sighseeing', 'Centro Fotografia', 'Museo Conte', 'Palazzo della Ragione', 'AMO']",Arena,strategy_nearest,False,0.002758026123046875,success
0402C5429C4C81,1,"['Casa Giulietta', 'Palazzo della Ragione', 'Duomo']",Teatro Romano,"['Santa Anastasia', 'AMO', 'Museo Conte', 'Centro Fotografia', 'Museo Miniscalchi']",Torre Lamberti,strategy_nearest,False,0.002128124237060547,success
0402CF3A9C4C81,0,['Torre Lamberti'],Tomba Giulietta,"['San Fermo', 'Museo Storia', 'Arena', 'Museo Lapidario', 'Museo Radio']",Arena,strategy_nearest,True,0.0033159255981445312,success
0402F5429C4C81,0,"['Arena', 'Casa Giulietta']",Duomo,"['AMO', 'Museo Miniscalchi', 'Santa Anastasia', 'Teatro Romano', 'Palazzo della Ragione']",Castelvecchio,strategy_nearest,False,0.002034902572631836,success
0402E13A9C4C81,0,['Arena'],Casa Giulietta,"['Centro Fotografia', 'Sighseeing', 'Torre Lamberti', 'Museo Conte', 'Museo Radio']",Tomba Giulietta,strategy_nearest,False,0.0021791458129882812,success
040304429C4C85,3,"['Arena', 'Torre Lamberti', 'San Fermo']",Giardino Giusti,"['Santa Anastasia', 'Teatro Romano', 'Museo Conte', 'Centro Fotografia', 'Museo Storia']",Teatro Romano,strategy_nearest,True,0.003242969512939453,success
0402E23A9C4C81,1,"['Arena', 'Casa Giulietta']",Torre Lamberti,"['Sighseeing', 'Centro Fotografia', 'Museo Conte', 'Palazzo della Ragione', 'AMO']",Duomo,strategy_nearest,False,0.0027577877044677734,success
040350429C4C81,0,['Casa Giulietta'],Arena,"['Verona Tour', 'Museo Lapidario', 'Museo Radio', 'San Fermo', 'Sighseeing']",Torre Lamberti,strategy_nearest,False,0.0024030208587646484,success
0403513A9C4C81,3,"['Arena', 'Casa Giulietta', 'Santa Anastasia']",Duomo,"['AMO', 'Museo Miniscalchi', 'Teatro Romano', 'Palazzo della Ragione', 'Museo Conte']",Giardino Giusti,strategy_nearest,False,0.0027680397033691406,success
0403543A9C4C81,0,"['Arena', 'Casa Giulietta']",Castelvecchio,"['Museo Lapidario', 'Verona Tour', 'Museo Radio', 'San Zeno', 'Sighseeing']",San Zeno,strategy_nearest,True,0.002093076705932617,success
0403553A9C4C81,1,['Arena'],Casa Giulietta,"['Centro Fotografia', 'Sighseeing', 'Torre Lamberti', 'Museo Conte', 'Museo Radio']",Palazzo della Ragione,strategy_nearest,False,0.0035810470581054688,success
04035B3A9C4C81,1,"['Arena', 'Casa Giulietta', 'Palazzo della Ragione', 'Torre Lamberti']",Santa Anastasia,"['AMO', 'Museo Conte', 'Teatro Romano', 'Centro Fotografia', 'Duomo']",Duomo,strategy_nearest,True,0.0028641223907470703,success
040361429C4C81,2,"['San Fermo', 'Teatro Romano']",Duomo,"['AMO', 'Museo Miniscalchi', 'Santa Anastasia', 'Palazzo della Ragione', 'Museo Conte']",San Zeno,strategy_nearest,False,0.00273895263671875,success
04036A429C4C81,0,['Arena'],Museo Lapidario,"['Verona Tour', 'Castelvecchio', 'Museo Radio', 'San Fermo', 'Casa Giulietta']",Santa Anastasia,strategy_nearest,False,0.0031757354736328125,success
040375429C4C81,3,"['Arena', 'Teatro Romano']",Duomo,"['AMO', 'Museo Miniscalchi', 'Santa Anastasia', 'Palazzo della Ragione', 'Museo Conte']",Santa Anastasia,strategy_nearest,True,0.0031249523162841797,success
0403773A9C4C81,3,"['Santa Anastasia', 'Torre Lamberti']",Casa Giulietta,"['Centro Fotografia', 'Sighseeing', 'Museo Conte', 'Museo Radio', 'Palazzo della Ragione']",Teatro Romano,strategy_nearest,False,0.00412297248840332,success
04037B429C4C81,1,['Castelvecchio'],Arena,"['Verona Tour', 'Museo Lapidario', 'Museo Radio', 'San Fermo', 'Casa Giulietta']",Palazzo della Ragione,strategy_nearest,False,0.0021009445190429688,success
0403864A9C4C81,3,"['Torre Lamberti', 'Casa Giulietta']",Arena,"['Verona Tour', 'Museo Lapidario', 'Museo Radio', 'San Fermo', 'Sighseeing']",Teatro Romano,strategy_nearest,False,0.003255128860473633,success
04037D3A9C4C81,1,"['Arena', 'Museo Lapidario', 'Castelvecchio', 'Tomba Giulietta', 'San Fermo']",Palazzo della Ragione,"['AMO', 'Museo Conte', 'Torre Lamberti', 'Centro Fotografia', 'Sighseeing']",Torre Lamberti,strategy_nearest,True,0.002699136734008789,success
04038B429C4C81,3,"['Arena', 'Casa Giulietta']",Torre Lamberti,"['Sighseeing', 'Centro Fotografia', 'Museo Conte', 'Palazzo della Ragione', 'AMO']",Santa Anastasia,strategy_nearest,False,0.0026738643646240234,success
0403894A9C4C81,0,['Arena'],Museo Lapidario,"['Verona Tour', 'Castelvecchio', 'Museo Radio', 'San Fermo', 'Casa Giulietta']",Casa Giulietta,strategy_nearest,True,0.0020952224731445312,success
0403874A9C4C81,0,"['Arena', 'Casa Giulietta']",Torre Lamberti,"['Sighseeing', 'Centro Fotografia', 'Museo Conte', 'Palazzo della Ragione', 'AMO']",San Zeno,strategy_nearest,False,0.0025680065155029297,success
04038C3A9C4C81,3,"['Castelvecchio', 'Arena']",Casa Giulietta,"['Centro Fotografia', 'Sighseeing', 'Torre Lamberti', 'Museo Conte', 'Museo Radio']",Torre Lamberti,strategy_nearest,True,0.003297090530395508,success
04039A429C4C81,3,"['Torre Lamberti', 'Santa Anastasia']",Duomo,"['AMO', 'Museo Miniscalchi', 'Teatro Romano', 'Palazzo della Ragione', 'Museo Conte']",Castelvecchio,strategy_nearest,False,0.0020971298217773438,success
04038C429C4C81,3,"['Arena', 'Casa Giulietta']",Torre Lamberti,"['Sighseeing', 'Centro Fotografia', 'Museo Conte', 'Palazzo della Ragione', 'AMO']",Santa Anastasia,strategy_nearest,False,0.003362894058227539,success
04039D4A9C4C81,0,"['Arena', 'Casa Giulietta']",Torre Lamberti,"['Sighseeing', 'Centro Fotografia', 'Museo Conte', 'Palazzo della Ragione', 'AMO']",Castelvecchio,strategy_nearest,False,0.0033867359161376953,success
04038D3A9C4C81,0,['Castelvecchio'],Arena,"['Verona Tour', 'Museo Lapidario', 'Museo Radio', 'San Fermo', 'Casa Giulietta']",Casa Giulietta,strategy_nearest,True,0.0015308856964111328,success
0403C13A9C4C81,0,"['Duomo', 'Casa Giulietta']",Arena,"['Verona Tour', 'Museo Lapidario', 'Museo Radio', 'San Fermo', 'Sighseeing']",Castelvecchio,strategy_nearest,False,0.002337932586669922,success
0403B3429C4C81,0,['Castelvecchio'],Arena,"['Verona Tour', 'Museo Lapidario', 'Museo Radio', 'San Fermo', 'Casa Giulietta']",Casa Giulietta,strategy_nearest,True,0.001962900161743164,success
0403B83A9C4C81,1,"['Casa Giulietta', 'Palazzo della Ragione']",Arena,"['Verona Tour', 'Museo Lapidario', 'Museo Radio', 'San Fermo', 'Sighseeing']",Tomba Giulietta,strategy_nearest,False,0.0025398731231689453,success
0403BD429C4C81,0,['Arena'],Casa Giulietta,"['Centro Fotografia', 'Sighseeing', 'Torre Lamberti', 'Museo Conte', 'Museo Radio']",Tomba Giulietta,strategy_nearest,False,0.003665924072265625,success
0403CF429C4C81,0,['Arena'],Museo Lapidario,"['Verona Tour', 'Castelvecchio', 'Museo Radio', 'San Fermo', 'Casa Giulietta']",Tomba Giulietta,strategy_nearest,False,0.0018863677978515625,success
0403C7429C4C81,3,"['Arena', 'Casa Giulietta']",Torre Lamberti,"['Sighseeing', 'Centro Fotografia', 'Museo Conte', 'Palazzo della Ragione', 'AMO']",Duomo,strategy_nearest,False,0.002628803253173828,success
0403E03A9C4C81,3,"['Arena', 'Casa Giulietta']",Santa Anastasia,"['AMO', 'Museo Conte', 'Palazzo della Ragione', 'Teatro Romano', 'Centro Fotografia']",Duomo,strategy_nearest,False,0.0017457008361816406,success
0403DC429C4C81,3,"['Arena', 'Duomo']",Castelvecchio,"['Museo Lapidario', 'Verona Tour', 'Museo Radio', 'San Zeno', 'Sighseeing']",Teatro Romano,strategy_nearest,False,0.003328084945678711,success
0403E0429C4C81,0,"['Arena', 'Casa Giulietta', 'Tomba Giulietta']",Museo Lapidario,"['Verona Tour', 'Castelvecchio', 'Museo Radio', 'San Fermo', 'Sighseeing']",Castelvecchio,strategy_nearest,True,0.002688884735107422,success
0403E63A9C4C81,0,"['Tomba Giulietta', 'Arena']",Casa Giulietta,"['Centro Fotografia', 'Sighseeing', 'Torre Lamberti', 'Museo Conte', 'Museo Radio']",Torre Lamberti,strategy_nearest,True,0.003306865692138672,success
0403F83A9C4C81,0,"['Castelvecchio', 'Torre Lamberti']",Museo Storia,"['San Fermo', 'Museo Radio', 'Casa Giulietta', 'Centro Fotografia', 'Tomba Giulietta']",San Fermo,strategy_nearest,True,0.002746105194091797,success
0404293A9C4C81,0,"['Arena', 'Casa Giulietta']",Torre Lamberti,"['Sighseeing', 'Centro Fotografia', 'Museo Conte', 'Palazzo della Ragione', 'AMO']",Duomo,strategy_nearest,False,0.002699136734008789,success
04043E3A9C4C81,1,"['Castelvecchio', 'Arena', 'Torre Lamberti']",Palazzo della Ragione,"['AMO', 'Museo Conte', 'Centro Fotografia', 'Sighseeing', 'Santa Anastasia']",Santa Anastasia,strategy_nearest,True,0.003889799118041992,success
040440429C4C81,0,['Arena'],Casa Giulietta,"['Centro Fotografia', 'Sighseeing', 'Torre Lamberti', 'Museo Conte', 'Museo Radio']",Torre Lamberti,strategy_nearest,True,0.0024611949920654297,success
040447429C4C81,0,"['Arena', 'Museo Lapidario']",Tomba Giulietta,"['San Fermo', 'Museo Storia', 'Museo Radio', 'Verona Tour', 'Casa Giulietta']",Casa Giulietta,strategy_nearest,True,0.0032777786254882812,success
0404463A9C4C81,3,"['Arena', 'Casa Giulietta', 'Torre Lamberti']",Santa Anastasia,"['AMO', 'Museo Conte', 'Palazzo della Ragione', 'Teatro Romano', 'Centro Fotografia']",Duomo,strategy_nearest,False,0.0031380653381347656,success
0404483A9C4C81,3,"['Santa Anastasia', 'Duomo']",Arena,"['Verona Tour', 'Museo Lapidario', 'Museo Radio', 'San Fermo', 'Casa Giulietta']",Castelvecchio,strategy_nearest,False,0.002651214599609375,success
04044B429C4C81,0,['Museo Lapidario'],Arena,"['Verona Tour', 'Museo Radio', 'San Fermo', 'Casa Giulietta', 'Sighseeing']",Casa Giulietta,strategy_nearest,True,0.0033681392669677734,success
040459429C4C81,0,['Arena'],Casa Giulietta,"['Centro Fotografia', 'Sighseeing', 'Torre Lamberti', 'Museo Conte', 'Museo Radio']",Tomba Giulietta,strategy_nearest,False,0.0032219886779785156,success
040460429C4C81,0,['Torre Lamberti'],Casa Giulietta,"['Centro Fotografia', 'Sighseeing', 'Museo Conte', 'Museo Radio', 'Palazzo della Ragione']",Tomba Giulietta,strategy_nearest,False,0.002579212188720703,success
04046F429C4C81,1,"['Casa Giulietta', 'Arena', 'Museo Lapidario', 'Castelvecchio', 'San Zeno']",Teatro Romano,"['Santa Anastasia', 'Duomo', 'AMO', 'Palazzo della Ragione', 'Museo Conte']",Duomo,strategy_nearest,True,0.003092050552368164,success
040475429C4C81,0,['Arena'],Torre Lamberti,"['Sighseeing', 'Centro Fotografia', 'Museo Conte', 'Casa Giulietta', 'Palazzo della Ragione']",Teatro Romano,strategy_nearest,False,0.0033998489379882812,success
0404763A9C4C81,1,"['Arena', 'Casa Giulietta', 'Torre Lamberti']",Palazzo della Ragione,"['AMO', 'Museo Conte', 'Centro Fotografia', 'Sighseeing', 'Santa Anastasia']",Santa Anastasia,strategy_nearest,True,0.002619028091430664,success
04047B3A9C4C81,3,"['Arena', 'Torre Lamberti', 'Casa Giulietta']",Giardino Giusti,"['Santa Anastasia', 'Teatro Romano', 'Museo Conte', 'Centro Fotografia', 'Museo Storia']",Santa Anastasia,strategy_nearest,True,0.003025054931640625,success
040490429C4C81,0,['Arena'],Casa Giulietta,"['Centro Fotografia', 'Sighseeing', 'Torre Lamberti', 'Museo Conte', 'Museo Radio']",Torre Lamberti,strategy_nearest,True,0.0032219886779785156,success
0404853A9C4C81,0,['Arena'],Casa Giulietta,"['Centro Fotografia', 'Sighseeing', 'Torre Lamberti', 'Museo Conte', 'Museo Radio']",Castelvecchio,strategy_nearest,False,0.00437617301940918,success
0404A93A9C4C81,2,['Casa Giulietta'],Giardino Giusti,"['Santa Anastasia', 'Teatro Romano', 'Museo Conte', 'Centro Fotografia', 'Museo Storia']",Teatro Romano,strategy_nearest,True,0.0027472972869873047,success
0404B6429C4C81,3,['Arena'],Santa Anastasia,"['AMO', 'Museo Conte', 'Palazzo della Ragione', 'Teatro Romano', 'Centro Fotografia']",Teatro Romano,strategy_nearest,True,0.003431081771850586,success
0404C1429C4C81,1,['Arena'],Casa Giulietta,"['Centro Fotografia', 'Sighseeing', 'Torre Lamberti', 'Museo Conte', 'Museo Radio']",Torre Lamberti,strategy_nearest,True,0.003504037857055664,success
0404B9429C4C81,0,['Arena'],Castelvecchio,"['Museo Lapidario', 'Verona Tour', 'Museo Radio', 'San Zeno', 'Sighseeing']",Torre Lamberti,strategy_nearest,False,0.002866983413696289,success
0404C5429C4C81,1,['Arena'],Casa Giulietta,"['Centro Fotografia', 'Sighseeing', 'Torre Lamberti', 'Museo Conte', 'Museo Radio']",Castelvecchio,strategy_nearest,False,0.001995086669921875,success
0404CD3A9C4C81,0,['Casa Giulietta'],Torre Lamberti,"['Sighseeing', 'Centro Fotografia', 'Museo Conte', 'Palazzo della Ragione', 'AMO']",Teatro Romano,strategy_nearest,False,0.001764059066772461,success
0404D73A9C4C81,1,"['Arena', 'Palazzo della Ragione']",Torre Lamberti,"['Sighseeing', 'Centro Fotografia', 'Museo Conte', 'Casa Giulietta', 'AMO']",Castelvecchio,strategy_nearest,False,0.003019094467163086,success
0404D8429C4C81,3,"['Arena', 'Casa Giulietta', 'Santa Anastasia']",Giardino Giusti,"['Teatro Romano', 'Museo Conte', 'Centro Fotografia', 'Museo Storia', 'AMO']",Teatro Romano,strategy_nearest,True,0.0023491382598876953,success
0404DB3A9C4C81,0,['Torre Lamberti'],Duomo,"['AMO', 'Museo Miniscalchi', 'Santa Anastasia', 'Teatro Romano', 'Palazzo della Ragione']",Casa Giulietta,strategy_nearest,False,0.0034608840942382812,success
0404E13A9C4C81,3,"['Arena', 'Casa Giulietta', 'Castelvecchio']",Torre Lamberti,"['Sighseeing', 'Centro Fotografia', 'Museo Conte', 'Palazzo della Ragione', 'AMO']",Santa Anastasia,strategy_nearest,False,0.0014777183532714844,success
0404E83A9C4C81,3,['Santa Anastasia'],Torre Lamberti,"['Sighseeing', 'Centro Fotografia', 'Museo Conte', 'Casa Giulietta', 'Palazzo della Ragione']",Arena,strategy_nearest,False,0.0032448768615722656,success
0404F83A9C4C81,0,"['Arena', 'Casa Giulietta']",Torre Lamberti,"['Sighseeing', 'Centro Fotografia', 'Museo Conte', 'Palazzo della Ragione', 'AMO']",Tomba Giulietta,strategy_nearest,False,0.004923820495605469,success
0404FE429C4C81,3,"['Teatro Romano', 'Casa Giulietta', 'Arena']",San Zeno,"['Castelvecchio', 'Verona Tour', 'Museo Lapidario', 'Museo Miniscalchi', 'Sighseeing']",Santa Anastasia,strategy_nearest,False,0.0033693313598632812,success
0405053A9C4C85,3,"['Casa Giulietta', 'Santa Anastasia', 'Torre Lamberti']",Duomo,"['AMO', 'Museo Miniscalchi', 'Teatro Romano', 'Palazzo della Ragione', 'Museo Conte']",Arena,strategy_nearest,False,0.002649068832397461,success
040500429C4C85,4,"['Arena', 'Castelvecchio', 'Duomo', 'Santa Anastasia', 'Palazzo della Ragione']",Casa Giulietta,"['Centro Fotografia', 'Sighseeing', 'Torre Lamberti', 'Museo Conte', 'Museo Radio']",Museo Lapidario,strategy_nearest,False,0.004253864288330078,success
04052C3A9C4C81,3,"['Santa Anastasia', 'Duomo']",Arena,"['Verona Tour', 'Museo Lapidario', 'Museo Radio', 'San Fermo', 'Casa Giulietta']",Castelvecchio,strategy_nearest,False,0.0033152103424072266,success
04053B3A9C4C81,0,['Arena'],Casa Giulietta,"['Centro Fotografia', 'Sighseeing', 'Torre Lamberti', 'Museo Conte', 'Museo Radio']",Castelvecchio,strategy_nearest,False,0.002950906753540039,success
0405373A9C4C81,1,['Palazzo della Ragione'],Torre Lamberti,"['Sighseeing', 'Centro Fotografia', 'Museo Conte', 'Casa Giulietta', 'AMO']",Arena,strategy_nearest,False,0.002401590347290039,success
040542429C4C81,1,"['Arena', 'Duomo']",Palazzo della Ragione,"['AMO', 'Museo Conte', 'Torre Lamberti', 'Centro Fotografia', 'Sighseeing']",Torre Lamberti,strategy_nearest,True,0.002576112747192383,success
0405433A9C4C81,0,['Tomba Giulietta'],Teatro Romano,"['Santa Anastasia', 'Duomo', 'AMO', 'Palazzo della Ragione', 'Museo Conte']",Casa Giulietta,strategy_nearest,False,0.0021479129791259766,success
0405443A9C4C81,0,['Torre Lamberti'],Arena,"['Verona Tour', 'Museo Lapidario', 'Museo Radio', 'San Fermo', 'Casa Giulietta']",San Fermo,strategy_nearest,True,0.002850055694580078,success
040543429C4C81,0,"['Museo Lapidario', 'Arena']",Castelvecchio,"['Verona Tour', 'Museo Radio', 'San Zeno', 'Sighseeing', 'Museo Miniscalchi']",Torre Lamberti,strategy_nearest,False,0.0030210018157958984,success
0405713A9C4C81,3,['Arena'],Torre Lamberti,"['Sighseeing', 'Centro Fotografia', 'Museo Conte', 'Casa Giulietta', 'Palazzo della Ragione']",Santa Anastasia,strategy_nearest,False,0.001954793930053711,success
040561429C4C81,0,['Arena'],Torre Lamberti,"['Sighseeing', 'Centro Fotografia', 'Museo Conte', 'Casa Giulietta', 'Palazzo della Ragione']",Castelvecchio,strategy_nearest,False,0.0025358200073242188,success
0405793A9C4C81,0,['Arena'],Castelvecchio,"['Museo Lapidario', 'Verona Tour', 'Museo Radio', 'San Zeno', 'Sighseeing']",Casa Giulietta,strategy_nearest,False,0.00273895263671875,success
0405753A9C4C81,1,"['Arena', 'San Fermo']",Casa Giulietta,"['Centro Fotografia', 'Sighseeing', 'Torre Lamberti', 'Museo Conte', 'Museo Radio']",Palazzo della Ragione,strategy_nearest,False,0.0026960372924804688,success
04057A3A9C4C81,1,"['Arena', 'Torre Lamberti']",Palazzo della Ragione,"['AMO', 'Museo Conte', 'Centro Fotografia', 'Sighseeing', 'Santa Anastasia']",Casa Giulietta,strategy_nearest,False,0.002731800079345703,success
04057A429C4C81,0,"['Arena', 'Casa Giulietta']",Torre Lamberti,"['Sighseeing', 'Centro Fotografia', 'Museo Conte', 'Palazzo della Ragione', 'AMO']",Duomo,strategy_nearest,False,0.0033059120178222656,success
0405873A9C4C81,3,"['Arena', 'Torre Lamberti', 'Casa Giulietta']",Santa Anastasia,"['AMO', 'Museo Conte', 'Palazzo della Ragione', 'Teatro Romano', 'Centro Fotografia']",Castelvecchio,strategy_nearest,False,0.0046427249908447266,success
04057D3A9C4C81,3,"['Casa Giulietta', 'Arena']",Duomo,"['AMO', 'Museo Miniscalchi', 'Santa Anastasia', 'Teatro Romano', 'Palazzo della Ragione']",Teatro Romano,strategy_nearest,True,0.003220796585083008,success
04058E3A9C4C81,0,['Arena'],Casa Giulietta,"['Centro Fotografia', 'Sighseeing', 'Torre Lamberti', 'Museo Conte', 'Museo Radio']",Torre Lamberti,strategy_nearest,True,0.00618290901184082,success
0405903A9C4C81,0,"['Arena', 'Tomba Giulietta']",San Fermo,"['Museo Storia', 'Museo Radio', 'Casa Giulietta', 'Centro Fotografia', 'Sighseeing']",Teatro Romano,strategy_nearest,False,0.004143238067626953,success
040592429C4C81,0,['Torre Lamberti'],Casa Giulietta,"['Centro Fotografia', 'Sighseeing', 'Museo Conte', 'Museo Radio', 'Palazzo della Ragione']",Arena,strategy_nearest,False,0.0030090808868408203,success
04058E429C4C81,3,"['Casa Giulietta', 'Arena']",San Zeno,"['Castelvecchio', 'Verona Tour', 'Museo Lapidario', 'Museo Miniscalchi', 'Sighseeing']",Duomo,strategy_nearest,False,0.008129119873046875,success
04059C4A9C4C81,3,"['Arena', 'Santa Anastasia']",Duomo,"['AMO', 'Museo Miniscalchi', 'Teatro Romano', 'Palazzo della Ragione', 'Museo Conte']",Teatro Romano,strategy_nearest,True,0.002498149871826172,success
0405A8429C4C81,3,['Arena'],Torre Lamberti,"['Sighseeing', 'Centro Fotografia', 'Museo Conte', 'Casa Giulietta', 'Palazzo della Ragione']",Santa Anastasia,strategy_nearest,False,0.003389120101928711,success
0405A14A9C4C81,1,"['Arena', 'Casa Giulietta']",Torre Lamberti,"['Sighseeing', 'Centro Fotografia', 'Museo Conte', 'Palazzo della Ragione', 'AMO']",Palazzo della Ragione,strategy_nearest,True,0.0032699108123779297,success
0405AA429C4C81,3,['Arena'],Santa Anastasia,"['AMO', 'Museo Conte', 'Palazzo della Ragione', 'Teatro Romano', 'Centro Fotografia']",Teatro Romano,strategy_nearest,True,0.00341796875,success
0405AB429C4C81,0,['Torre Lamberti'],Casa Giulietta,"['Centro Fotografia', 'Sighseeing', 'Museo Conte', 'Museo Radio', 'Palazzo della Ragione']",Arena,strategy_nearest,False,0.003756999969482422,success
0405B9429C4C81,3,['Arena'],Casa Giulietta,"['Centro Fotografia', 'Sighseeing', 'Torre Lamberti', 'Museo Conte', 'Museo Radio']",Santa Anastasia,strategy_nearest,False,0.0024950504302978516,success
0405B2429C4C81,3,['Arena'],Casa Giulietta,"['Centro Fotografia', 'Sighseeing', 'Torre Lamberti', 'Museo Conte', 'Museo Radio']",San Fermo,strategy_nearest,False,0.004193782806396484,success
0405C9429C4C81,0,['Giardino Giusti'],Torre Lamberti,"['Sighseeing', 'Centro Fotografia', 'Museo Conte', 'Casa Giulietta', 'Palazzo della Ragione']",Arena,strategy_nearest,False,0.0023789405822753906,success
0405CC3A9C4C81,3,"['Casa Giulietta', 'Casa Giulietta', 'Torre Lamberti']",Santa Anastasia,"['AMO', 'Museo Conte', 'Palazzo della Ragione', 'Teatro Romano', 'Centro Fotografia']",Duomo,strategy_nearest,False,0.002516031265258789,success
0405CE429C4C81,1,"['Arena', 'Casa Giulietta', 'Santa Anastasia']",Teatro Romano,"['Duomo', 'AMO', 'Palazzo della Ragione', 'Museo Conte', 'Centro Fotografia']",Duomo,strategy_nearest,True,0.0025169849395751953,success
0405CD3A9C4C81,1,"['Casa Giulietta', 'Torre Lamberti', 'Palazzo della Ragione']",Santa Anastasia,"['AMO', 'Museo Conte', 'Teatro Romano', 'Centro Fotografia', 'Duomo']",Duomo,strategy_nearest,True,0.0018639564514160156,success
04063E429C4C81,0,['Arena'],Castelvecchio,"['Museo Lapidario', 'Verona Tour', 'Museo Radio', 'San Zeno', 'Sighseeing']",San Zeno,strategy_nearest,True,0.0020759105682373047,success
0405E8429C4C81,3,"['Teatro Romano', 'Santa Anastasia']",Torre Lamberti,"['Sighseeing', 'Centro Fotografia', 'Museo Conte', 'Casa Giulietta', 'Palazzo della Ragione']",Casa Giulietta,strategy_nearest,True,0.0041501522064208984,success
0406C83A9C4C81,0,['Castelvecchio'],Casa Giulietta,"['Centro Fotografia', 'Sighseeing', 'Torre Lamberti', 'Museo Conte', 'Museo Radio']",Arena,strategy_nearest,False,0.0025441646575927734,success
0405E23A9C4C81,0,['Arena'],Casa Giulietta,"['Centro Fotografia', 'Sighseeing', 'Torre Lamberti', 'Museo Conte', 'Museo Radio']",Teatro Romano,strategy_nearest,False,0.002557992935180664,success
0406C9429C4C81,0,"['Arena', 'Castelvecchio']",San Fermo,"['Museo Storia', 'Museo Radio', 'Casa Giulietta', 'Centro Fotografia', 'Sighseeing']",Casa Giulietta,strategy_nearest,True,0.0023119449615478516,success
04073A3A9C4C81,3,"['Arena', 'Duomo']",Santa Anastasia,"['AMO', 'Museo Conte', 'Palazzo della Ragione', 'Teatro Romano', 'Centro Fotografia']",Santa Anastasia,strategy_nearest,False,0.0019698143005371094,success
040737429C4C81,0,['Arena'],Castelvecchio,"['Museo Lapidario', 'Verona Tour', 'Museo Radio', 'San Zeno', 'Sighseeing']",San Zeno,strategy_nearest,True,0.0035240650177001953,success
040735429C4C81,3,"['Santa Anastasia', 'Duomo']",San Fermo,"['Museo Storia', 'Museo Radio', 'Casa Giulietta', 'Centro Fotografia', 'Arena']",Torre Lamberti,strategy_nearest,False,0.003061056137084961,success
04073F429C4C81,3,"['Arena', 'Casa Giulietta', 'Teatro Romano']",Castelvecchio,"['Museo Lapidario', 'Verona Tour', 'Museo Radio', 'San Zeno', 'Sighseeing']",Santa Anastasia,strategy_nearest,False,0.0028829574584960938,success
0407473A9C4C81,0,['San Fermo'],Casa Giulietta,"['Centro Fotografia', 'Sighseeing', 'Torre Lamberti', 'Museo Conte', 'Museo Radio']",Arena,strategy_nearest,False,0.0034041404724121094,success
04074B429C4C81,3,['Arena'],Santa Anastasia,"['AMO', 'Museo Conte', 'Palazzo della Ragione', 'Teatro Romano', 'Centro Fotografia']",Duomo,strategy_nearest,False,0.002088785171508789,success
0407433A9C4C81,1,['Arena'],Palazzo della Ragione,"['AMO', 'Museo Conte', 'Torre Lamberti', 'Centro Fotografia', 'Sighseeing']",Torre Lamberti,strategy_nearest,True,0.002069234848022461,success
04074C429C4C81,0,"['Arena', 'Museo Lapidario']",Castelvecchio,"['Verona Tour', 'Museo Radio', 'San Zeno', 'Sighseeing', 'Museo Miniscalchi']",Torre Lamberti,strategy_nearest,False,0.003271818161010742,success
0407503A9C4C81,1,"['Castelvecchio', 'Arena', 'San Fermo', 'Casa Giulietta']",Palazzo della Ragione,"['AMO', 'Museo Conte', 'Torre Lamberti', 'Centro Fotografia', 'Sighseeing']",Museo Lapidario,strategy_nearest,False,0.003340005874633789,success
040764429C4C81,1,['Arena'],Casa Giulietta,"['Centro Fotografia', 'Sighseeing', 'Torre Lamberti', 'Museo Conte', 'Museo Radio']",Torre Lamberti,strategy_nearest,True,0.0025777816772460938,success
0407553A9C4C81,0,['Arena'],Santa Anastasia,"['AMO', 'Museo Conte', 'Palazzo della Ragione', 'Teatro Romano', 'Centro Fotografia']",Casa Giulietta,strategy_nearest,False,0.0020780563354492188,success
04076D429C4C81,1,"['Arena', 'Torre Lamberti', 'Palazzo della Ragione']",Casa Giulietta,"['Centro Fotografia', 'Sighseeing', 'Museo Conte', 'Museo Radio', 'San Fermo']",Santa Anastasia,strategy_nearest,False,0.0030930042266845703,success
0407733A9C4C81,0,['Arena'],Torre Lamberti,"['Sighseeing', 'Centro Fotografia', 'Museo Conte', 'Casa Giulietta', 'Palazzo della Ragione']",Casa Giulietta,strategy_nearest,True,0.001958131790161133,success
04077C429C4C81,3,['Arena'],Santa Anastasia,"['AMO', 'Museo Conte', 'Palazzo della Ragione', 'Teatro Romano', 'Centro Fotografia']",Duomo,strategy_nearest,False,0.003412008285522461,success
04077A429C4C81,0,['Castelvecchio'],Arena,"['Verona Tour', 'Museo Lapidario', 'Museo Radio', 'San Fermo', 'Casa Giulietta']",Casa Giulietta,strategy_nearest,True,0.00273895263671875,success
04077F3A9C4C81,3,"['Arena', 'Torre Lamberti']",Santa Anastasia,"['AMO', 'Museo Conte', 'Palazzo della Ragione', 'Teatro Romano', 'Centro Fotografia']",Duomo,strategy_nearest,False,0.004101991653442383,success
04078C3A9C4C81,0,['Arena'],Casa Giulietta,"['Centro Fotografia', 'Sighseeing', 'Torre Lamberti', 'Museo Conte', 'Museo Radio']",Teatro Romano,strategy_nearest,False,0.002542257308959961,success
04078A4A9C4C81,3,"['Arena', 'Casa Giulietta']",Santa Anastasia,"['AMO', 'Museo Conte', 'Palazzo della Ragione', 'Teatro Romano', 'Centro Fotografia']",Teatro Romano,strategy_nearest,True,0.0017709732055664062,success
04078D429C4C80,0,['Torre Lamberti'],Arena,"['Verona Tour', 'Museo Lapidario', 'Museo Radio', 'San Fermo', 'Casa Giulietta']",Tomba Giulietta,strategy_nearest,False,0.0035142898559570312,success
040790429C4C81,0,['Arena'],Castelvecchio,"['Museo Lapidario', 'Verona Tour', 'Museo Radio', 'San Zeno', 'Sighseeing']",Teatro Romano,strategy_nearest,False,0.002334117889404297,success
0407924A9C4C81,0,['Arena'],Castelvecchio,"['Museo Lapidario', 'Verona Tour', 'Museo Radio', 'San Zeno', 'Sighseeing']",Tomba Giulietta,strategy_nearest,False,0.0032601356506347656,success
0407A83A9C4C81,0,['Castelvecchio'],Arena,"['Verona Tour', 'Museo Lapidario', 'Museo Radio', 'San Fermo', 'Casa Giulietta']",Casa Giulietta,strategy_nearest,True,0.003754854202270508,success
0407AB3A9C4C81,3,"['Torre Lamberti', 'Torre Lamberti']",Duomo,"['AMO', 'Museo Miniscalchi', 'Santa Anastasia', 'Teatro Romano', 'Palazzo della Ragione']",Arena,strategy_nearest,False,0.0028972625732421875,success
0407AB429C4C80,1,"['Casa Giulietta', 'Palazzo della Ragione']",Torre Lamberti,"['Sighseeing', 'Centro Fotografia', 'Museo Conte', 'AMO', 'Museo Miniscalchi']",Arena,strategy_nearest,False,0.002254009246826172,success
0407AE3A9C4C81,0,['Arena'],Casa Giulietta,"['Centro Fotografia', 'Sighseeing', 'Torre Lamberti', 'Museo Conte', 'Museo Radio']",Torre Lamberti,strategy_nearest,True,0.003220081329345703,success
0407B2429C4C81,0,"['Arena', 'Casa Giulietta']",Torre Lamberti,"['Sighseeing', 'Centro Fotografia', 'Museo Conte', 'Palazzo della Ragione', 'AMO']",Giardino Giusti,strategy_nearest,False,0.002044200897216797,success
0407B1429C4C81,0,['Castelvecchio'],San Zeno,"['Verona Tour', 'Museo Lapidario', 'Arena', 'Museo Miniscalchi', 'Sighseeing']",Arena,strategy_nearest,True,0.003226041793823242,success
0407B9429C4C81,0,['Tomba Giulietta'],Arena,"['Verona Tour', 'Museo Lapidario', 'Museo Radio', 'San Fermo', 'Casa Giulietta']",Casa Giulietta,strategy_nearest,True,0.001767873764038086,success
0407B5429C4C81,0,['Arena'],Casa Giulietta,"['Centro Fotografia', 'Sighseeing', 'Torre Lamberti', 'Museo Conte', 'Museo Radio']",Santa Anastasia,strategy_nearest,False,0.0035920143127441406,success
0407C8429C4C81,3,"['Arena', 'Casa Giulietta', 'Torre Lamberti']",Santa Anastasia,"['AMO', 'Museo Conte', 'Palazzo della Ragione', 'Teatro Romano', 'Centro Fotografia']",Duomo,strategy_nearest,False,0.0026540756225585938,success
0407D03A9C4C81,3,"['Arena', 'Casa Giulietta', 'Torre Lamberti']",Santa Anastasia,"['AMO', 'Museo Conte', 'Palazzo della Ragione', 'Teatro Romano', 'Centro Fotografia']",Teatro Romano,strategy_nearest,True,0.0024509429931640625,success
0407E33A9C4C81,3,"['Arena', 'Castelvecchio']",Casa Giulietta,"['Centro Fotografia', 'Sighseeing', 'Torre Lamberti', 'Museo Conte', 'Museo Radio']",Santa Anastasia,strategy_nearest,False,0.002578258514404297,success
0407E13A9C4C81,0,['Castelvecchio'],Arena,"['Verona Tour', 'Museo Lapidario', 'Museo Radio', 'San Fermo', 'Casa Giulietta']",Teatro Romano,strategy_nearest,False,0.0020170211791992188,success
0407DD3A9C4C81,0,"['Arena', 'Torre Lamberti']",Casa Giulietta,"['Centro Fotografia', 'Sighseeing', 'Museo Conte', 'Museo Radio', 'Palazzo della Ragione']",Duomo,strategy_nearest,False,0.004250764846801758,success
0407E83A9C4C81,1,"['Torre Lamberti', 'Palazzo della Ragione']",Santa Anastasia,"['AMO', 'Museo Conte', 'Teatro Romano', 'Centro Fotografia', 'Duomo']",Duomo,strategy_nearest,True,0.0026786327362060547,success
0407E53A9C4C81,1,"['Arena', 'Torre Lamberti', 'Palazzo della Ragione']",Casa Giulietta,"['Centro Fotografia', 'Sighseeing', 'Museo Conte', 'Museo Radio', 'San Fermo']",Santa Anastasia,strategy_nearest,False,0.003215789794921875,success
0407F43A9C4C81,0,"['Arena', 'Museo Lapidario']",Castelvecchio,"['Verona Tour', 'Museo Radio', 'San Zeno', 'Sighseeing', 'Museo Miniscalchi']",San Zeno,strategy_nearest,True,0.002817869186401367,success
0407F7429C4C81,3,"['Arena', 'Casa Giulietta']",Santa Anastasia,"['AMO', 'Museo Conte', 'Palazzo della Ragione', 'Teatro Romano', 'Centro Fotografia']",Duomo,strategy_nearest,False,0.003287792205810547,success
04084C429C4C81,3,"['Arena', 'Santa Anastasia']",Duomo,"['AMO', 'Museo Miniscalchi', 'Teatro Romano', 'Palazzo della Ragione', 'Museo Conte']",Torre Lamberti,strategy_nearest,False,0.002574920654296875,success
0408503A9C4C81,3,"['Torre Lamberti', 'Casa Giulietta', 'Teatro Romano']",Giardino Giusti,"['Santa Anastasia', 'Museo Conte', 'Centro Fotografia', 'Museo Storia', 'AMO']",Castelvecchio,strategy_nearest,False,0.003129243850708008,success
0408383A9C4C81,0,['Arena'],Torre Lamberti,"['Sighseeing', 'Centro Fotografia', 'Museo Conte', 'Casa Giulietta', 'Palazzo della Ragione']",Casa Giulietta,strategy_nearest,True,0.0020067691802978516,success
040851429C4C81,3,['Arena'],Santa Anastasia,"['AMO', 'Museo Conte', 'Palazzo della Ragione', 'Teatro Romano', 'Centro Fotografia']",Teatro Romano,strategy_nearest,True,0.003400087356567383,success
04086B429C4C81,3,"['Tomba Giulietta', 'Arena', 'Casa Giulietta']",Torre Lamberti,"['Sighseeing', 'Centro Fotografia', 'Museo Conte', 'Palazzo della Ragione', 'AMO']",Teatro Romano,strategy_nearest,False,0.0025289058685302734,success
040856429C4C81,1,"['Arena', 'San Fermo', 'Casa Giulietta', 'Santa Anastasia']",Duomo,"['AMO', 'Museo Miniscalchi', 'Teatro Romano', 'Palazzo della Ragione', 'Museo Conte']",Torre Lamberti,strategy_nearest,False,0.0015730857849121094,success
0408573A9C4C81,0,['Arena'],Duomo,"['AMO', 'Museo Miniscalchi', 'Santa Anastasia', 'Teatro Romano', 'Palazzo della Ragione']",Teatro Romano,strategy_nearest,True,0.00335693359375,success
0408773A9C4C81,0,['Arena'],Torre Lamberti,"['Sighseeing', 'Centro Fotografia', 'Museo Conte', 'Casa Giulietta', 'Palazzo della Ragione']",Teatro Romano,strategy_nearest,False,0.0024309158325195312,success
0408794A9C4C81,3,"['Arena', 'Castelvecchio']",Torre Lamberti,"['Sighseeing', 'Centro Fotografia', 'Museo Conte', 'Casa Giulietta', 'Palazzo della Ragione']",Duomo,strategy_nearest,False,0.0028111934661865234,success
0408783A9C4C81,3,"['Castelvecchio', 'San Zeno', 'Arena']",Duomo,"['AMO', 'Museo Miniscalchi', 'Santa Anastasia', 'Teatro Romano', 'Palazzo della Ragione']",Casa Giulietta,strategy_nearest,False,0.0020837783813476562,success
04087B3A9C4C81,0,['Arena'],Casa Giulietta,"['Centro Fotografia', 'Sighseeing', 'Torre Lamberti', 'Museo Conte', 'Museo Radio']",Torre Lamberti,strategy_nearest,True,0.0033190250396728516,success
04087D3A9C4C81,0,['Arena'],Casa Giulietta,"['Centro Fotografia', 'Sighseeing', 'Torre Lamberti', 'Museo Conte', 'Museo Radio']",Torre Lamberti,strategy_nearest,True,0.0030782222747802734,success
040888429C4C81,4,"['Museo Radio', 'Tomba Giulietta']",Arena,"['Verona Tour', 'Museo Lapidario', 'San Fermo', 'Casa Giulietta', 'Sighseeing']",Castelvecchio,strategy_nearest,False,0.003194093704223633,success
040885429C4C81,1,['Arena'],Torre Lamberti,"['Sighseeing', 'Centro Fotografia', 'Museo Conte', 'Casa Giulietta', 'Palazzo della Ragione']",Palazzo della Ragione,strategy_nearest,True,0.0026259422302246094,success
04088C429C4C80,0,['Arena'],Tomba Giulietta,"['San Fermo', 'Museo Storia', 'Museo Lapidario', 'Museo Radio', 'Verona Tour']",Castelvecchio,strategy_nearest,False,0.0026388168334960938,success
04088D429C4C80,0,['Arena'],Castelvecchio,"['Museo Lapidario', 'Verona Tour', 'Museo Radio', 'San Zeno', 'Sighseeing']",Casa Giulietta,strategy_nearest,False,0.0025930404663085938,success
04089B429C4C81,3,"['Arena', 'Casa Giulietta']",Torre Lamberti,"['Sighseeing', 'Centro Fotografia', 'Museo Conte', 'Palazzo della Ragione', 'AMO']",Santa Anastasia,strategy_nearest,False,0.0027539730072021484,success
0408A54A9C4C80,3,['Arena'],Casa Giulietta,"['Centro Fotografia', 'Sighseeing', 'Torre Lamberti', 'Museo Conte', 'Museo Radio']",Santa Anastasia,strategy_nearest,False,0.003392934799194336,success
0408A9429C4C81,2,['Torre Lamberti'],Santa Anastasia,"['AMO', 'Museo Conte', 'Palazzo della Ragione', 'Teatro Romano', 'Centro Fotografia']",Castelvecchio,strategy_nearest,False,0.0031948089599609375,success
0408AF429C4C80,0,['Arena'],Casa Giulietta,"['Centro Fotografia', 'Sighseeing', 'Torre Lamberti', 'Museo Conte', 'Museo Radio']",Castelvecchio,strategy_nearest,False,0.0023949146270751953,success
0408BC3A9C4C81,0,"['Arena', 'San Fermo']",Casa Giulietta,"['Centro Fotografia', 'Sighseeing', 'Torre Lamberti', 'Museo Conte', 'Museo Radio']",Torre Lamberti,strategy_nearest,True,0.002619028091430664,success
0408B33A9C4C81,3,"['Torre Lamberti', 'Casa Giulietta']",Arena,"['Verona Tour', 'Museo Lapidario', 'Museo Radio', 'San Fermo', 'Sighseeing']",Castelvecchio,strategy_nearest,False,0.003427743911743164,success
0408BC429C4C81,1,"['San Zeno', 'Arena', 'Casa Giulietta']",Torre Lamberti,"['Sighseeing', 'Centro Fotografia', 'Museo Conte', 'Palazzo della Ragione', 'AMO']",Palazzo della Ragione,strategy_nearest,True,0.002560138702392578,success
0408CC429C4C81,1,"['Arena', 'Torre Lamberti', 'Casa Giulietta', 'Palazzo della Ragione']",Santa Anastasia,"['AMO', 'Museo Conte', 'Teatro Romano', 'Centro Fotografia', 'Duomo']",Castelvecchio,strategy_nearest,False,0.0033648014068603516,success
0408D33A9C4C81,0,['Arena'],Casa Giulietta,"['Centro Fotografia', 'Sighseeing', 'Torre Lamberti', 'Museo Conte', 'Museo Radio']",San Zeno,strategy_nearest,False,0.0038111209869384766,success
0408DA429C4C81,3,"['Arena', 'Casa Giulietta']",Teatro Romano,"['Santa Anastasia', 'Duomo', 'AMO', 'Palazzo della Ragione', 'Museo Conte']",Castelvecchio,strategy_nearest,False,0.002569913864135742,success
0408F13A9C4C81,1,"['Torre Lamberti', 'Casa Giulietta', 'Arena']",Museo Lapidario,"['Verona Tour', 'Castelvecchio', 'Museo Radio', 'San Fermo', 'Tomba Giulietta']",Tomba Giulietta,strategy_nearest,True,0.003735065460205078,success
0409303A9C4C81,0,['Castelvecchio'],Arena,"['Verona Tour', 'Museo Lapidario', 'Museo Radio', 'San Fermo', 'Casa Giulietta']",Casa Giulietta,strategy_nearest,True,0.0022268295288085938,success
0408F43A9C4C81,3,"['Casa Giulietta', 'Arena']",Castelvecchio,"['Museo Lapidario', 'Verona Tour', 'Museo Radio', 'San Zeno', 'Sighseeing']",Torre Lamberti,strategy_nearest,False,0.0029549598693847656,success
040935429C4C81,0,['Arena'],Castelvecchio,"['Museo Lapidario', 'Verona Tour', 'Museo Radio', 'San Zeno', 'Sighseeing']",Duomo,strategy_nearest,False,0.0029287338256835938,success
040931429C4C81,1,"['Arena', 'Museo Lapidario', 'Castelvecchio', 'Torre Lamberti']",Palazzo della Ragione,"['AMO', 'Museo Conte', 'Centro Fotografia', 'Sighseeing', 'Santa Anastasia']",Casa Giulietta,strategy_nearest,False,0.0031859874725341797,success
04093A4A9C4C81,3,"['Castelvecchio', 'Santa Anastasia', 'Torre Lamberti']",Casa Giulietta,"['Centro Fotografia', 'Sighseeing', 'Museo Conte', 'Museo Radio', 'Palazzo della Ragione']",Arena,strategy_nearest,False,0.0025177001953125,success
0409393A9C4C81,1,"['Arena', 'Casa Giulietta']",Torre Lamberti,"['Sighseeing', 'Centro Fotografia', 'Museo Conte', 'Palazzo della Ragione', 'AMO']",Palazzo della Ragione,strategy_nearest,True,0.0027189254760742188,success
040944429C4C81,1,"['Arena', 'Palazzo della Ragione']",Torre Lamberti,"['Sighseeing', 'Centro Fotografia', 'Museo Conte', 'Casa Giulietta', 'AMO']",Casa Giulietta,strategy_nearest,True,0.0035409927368164062,success
04094A3A9C4C81,1,"['Arena', 'Museo Lapidario', 'Tomba Giulietta', 'San Fermo', 'Casa Giulietta']",Torre Lamberti,"['Sighseeing', 'Centro Fotografia', 'Museo Conte', 'Palazzo della Ragione', 'AMO']",Palazzo della Ragione,strategy_nearest,True,0.0024619102478027344,success
040954429C4C81,0,"['Arena', 'Casa Giulietta']",Torre Lamberti,"['Sighseeing', 'Centro Fotografia', 'Museo Conte', 'Palazzo della Ragione', 'AMO']",Castelvecchio,strategy_nearest,False,0.0032129287719726562,success
040956429C4C81,0,['Arena'],Casa Giulietta,"['Centro Fotografia', 'Sighseeing', 'Torre Lamberti', 'Museo Conte', 'Museo Radio']",Torre Lamberti,strategy_nearest,True,0.002173185348510742,success
0409573A9C4C81,1,"['Casa Giulietta', 'Santa Anastasia', 'Duomo', 'Teatro Romano']",Arena,"['Verona Tour', 'Museo Lapidario', 'Museo Radio', 'San Fermo', 'Sighseeing']",Tomba Giulietta,strategy_nearest,False,0.0028600692749023438,success
040958429C4C81,1,"['Arena', 'San Fermo', 'Casa Giulietta', 'Santa Anastasia']",Duomo,"['AMO', 'Museo Miniscalchi', 'Teatro Romano', 'Palazzo della Ragione', 'Museo Conte']",Torre Lamberti,strategy_nearest,False,0.002624034881591797,success
04095F429C4C81,0,['Arena'],Casa Giulietta,"['Centro Fotografia', 'Sighseeing', 'Torre Lamberti', 'Museo Conte', 'Museo Radio']",Santa Anastasia,strategy_nearest,False,0.003518819808959961,success
040960429C4C81,3,"['Torre Lamberti', 'Arena', 'Tomba Giulietta']",Casa Giulietta,"['Centro Fotografia', 'Sighseeing', 'Museo Conte', 'Museo Radio', 'Palazzo della Ragione']",Santa Anastasia,strategy_nearest,False,0.002950906753540039,success
040962429C4C81,3,"['Arena', 'Torre Lamberti']",Casa Giulietta,"['Centro Fotografia', 'Sighseeing', 'Museo Conte', 'Museo Radio', 'Palazzo della Ragione']",Santa Anastasia,strategy_nearest,False,0.0025839805603027344,success
040967429C4C81,3,"['Teatro Romano', 'Duomo', 'Santa Anastasia']",Torre Lamberti,"['Sighseeing', 'Centro Fotografia', 'Museo Conte', 'Casa Giulietta', 'Palazzo della Ragione']",Casa Giulietta,strategy_nearest,True,0.0019919872283935547,success
040968429C4C81,3,"['Arena', 'Castelvecchio']",Casa Giulietta,"['Centro Fotografia', 'Sighseeing', 'Torre Lamberti', 'Museo Conte', 'Museo Radio']",Santa Anastasia,strategy_nearest,False,0.0025606155395507812,success
0409723A9C4C81,0,['Arena'],Casa Giulietta,"['Centro Fotografia', 'Sighseeing', 'Torre Lamberti', 'Museo Conte', 'Museo Radio']",Castelvecchio,strategy_nearest,False,0.003200054168701172,success
040976429C4C81,0,['Arena'],Casa Giulietta,"['Centro Fotografia', 'Sighseeing', 'Torre Lamberti', 'Museo Conte', 'Museo Radio']",Torre Lamberti,strategy_nearest,True,0.0019359588623046875,success
0409743A9C4C81,3,"['Casa Giulietta', 'Torre Lamberti']",Santa Anastasia,"['AMO', 'Museo Conte', 'Palazzo della Ragione', 'Teatro Romano', 'Centro Fotografia']",Duomo,strategy_nearest,False,0.002621889114379883,success
0409783A9C4C81,3,"['San Zeno', 'Castelvecchio', 'Arena', 'San Fermo']",Casa Giulietta,"['Centro Fotografia', 'Sighseeing', 'Torre Lamberti', 'Museo Conte', 'Museo Radio']",Torre Lamberti,strategy_nearest,True,0.0031349658966064453,success
0409794A9C4C81,3,['Arena'],Torre Lamberti,"['Sighseeing', 'Centro Fotografia', 'Museo Conte', 'Casa Giulietta', 'Palazzo della Ragione']",Santa Anastasia,strategy_nearest,False,0.0025238990783691406,success
04097C429C4C81,2,"['Castelvecchio', 'Casa Giulietta']",Palazzo della Ragione,"['AMO', 'Museo Conte', 'Torre Lamberti', 'Centro Fotografia', 'Sighseeing']",Torre Lamberti,strategy_nearest,True,0.0019237995147705078,success
04097B4A9C4C81,0,"['Santa Anastasia', 'Casa Giulietta']",Tomba Giulietta,"['San Fermo', 'Museo Storia', 'Arena', 'Museo Lapidario', 'Museo Radio']",Arena,strategy_nearest,True,0.003196239471435547,success
04097D429C4C81,0,['Arena'],Santa Anastasia,"['AMO', 'Museo Conte', 'Palazzo della Ragione', 'Teatro Romano', 'Centro Fotografia']",Casa Giulietta,strategy_nearest,False,0.002622842788696289,success
0409803A9C4C81,1,['Arena'],Casa Giulietta,"['Centro Fotografia', 'Sighseeing', 'Torre Lamberti', 'Museo Conte', 'Museo Radio']",Palazzo della Ragione,strategy_nearest,False,0.0025568008422851562,success
04097E3A9C4C81,2,"['Casa Giulietta', 'Castelvecchio']",Santa Anastasia,"['AMO', 'Museo Conte', 'Palazzo della Ragione', 'Teatro Romano', 'Centro Fotografia']",Duomo,strategy_nearest,False,0.0019698143005371094,success
0409833A9C4C81,1,"['Arena', 'Santa Anastasia', 'Torre Lamberti']",Palazzo della Ragione,"['AMO', 'Museo Conte', 'Centro Fotografia', 'Sighseeing', 'Museo Miniscalchi']",Casa Giulietta,strategy_nearest,False,0.0019779205322265625,success
040981429C4C80,3,"['Arena', 'Museo Lapidario']",Castelvecchio,"['Verona Tour', 'Museo Radio', 'San Zeno', 'Sighseeing', 'Museo Miniscalchi']",Casa Giulietta,strategy_nearest,False,0.002244234085083008,success
0409823A9C4C81,3,['Arena'],Casa Giulietta,"['Centro Fotografia', 'Sighseeing', 'Torre Lamberti', 'Museo Conte', 'Museo Radio']",Santa Anastasia,strategy_nearest,False,0.004027128219604492,success
0409844A9C4C80,0,['Teatro Romano'],Duomo,"['AMO', 'Museo Miniscalchi', 'Santa Anastasia', 'Palazzo della Ragione', 'Museo Conte']",Arena,strategy_nearest,False,0.002841949462890625,success
0409853A9C4C81,0,['Arena'],Castelvecchio,"['Museo Lapidario', 'Verona Tour', 'Museo Radio', 'San Zeno', 'Sighseeing']",Casa Giulietta,strategy_nearest,False,0.002816915512084961,success
04098A4A9C4C81,3,['Santa Anastasia'],Torre Lamberti,"['Sighseeing', 'Centro Fotografia', 'Museo Conte', 'Casa Giulietta', 'Palazzo della Ragione']",Arena,strategy_nearest,False,0.0030241012573242188,success
04098E429C4C80,0,['Torre Lamberti'],Arena,"['Verona Tour', 'Museo Lapidario', 'Museo Radio', 'San Fermo', 'Casa Giulietta']",Tomba Giulietta,strategy_nearest,False,0.0027179718017578125,success
04098D4A9C4C81,0,['Arena'],Castelvecchio,"['Museo Lapidario', 'Verona Tour', 'Museo Radio', 'San Zeno', 'Sighseeing']",Casa Giulietta,strategy_nearest,False,0.0028879642486572266,success
0409903A9C4C81,0,"['Arena', 'Torre Lamberti']",San Zeno,"['Castelvecchio', 'Verona Tour', 'Museo Lapidario', 'Museo Miniscalchi', 'Sighseeing']",Castelvecchio,strategy_nearest,True,0.002112150192260742,success
0409A93A9C4C81,3,"['Duomo', 'Teatro Romano']",Arena,"['Verona Tour', 'Museo Lapidario', 'Museo Radio', 'San Fermo', 'Casa Giulietta']",Torre Lamberti,strategy_nearest,False,0.002091646194458008,success
04099F429C4C80,1,"['Casa Giulietta', 'Torre Lamberti']",Palazzo della Ragione,"['AMO', 'Museo Conte', 'Centro Fotografia', 'Sighseeing', 'Santa Anastasia']",Santa Anastasia,strategy_nearest,True,0.0027899742126464844,success
0409AB4A9C4C81,0,['Torre Lamberti'],Arena,"['Verona Tour', 'Museo Lapidario', 'Museo Radio', 'San Fermo', 'Casa Giulietta']",Duomo,strategy_nearest,False,0.002805948257446289,success
0409AB429C4C81,3,['Arena'],Torre Lamberti,"['Sighseeing', 'Centro Fotografia', 'Museo Conte', 'Casa Giulietta', 'Palazzo della Ragione']",Santa Anastasia,strategy_nearest,False,0.0026390552520751953,success
0409B03A9C4C81,2,['Casa Giulietta'],Santa Anastasia,"['AMO', 'Museo Conte', 'Palazzo della Ragione', 'Teatro Romano', 'Centro Fotografia']",Duomo,strategy_nearest,False,0.0026400089263916016,success
0409AF3A9C4C81,2,['Castelvecchio'],Teatro Romano,"['Santa Anastasia', 'Duomo', 'AMO', 'Palazzo della Ragione', 'Museo Conte']",Casa Giulietta,strategy_nearest,False,0.003464221954345703,success
0409C93A9C4C81,3,"['Arena', 'Casa Giulietta']",Torre Lamberti,"['Sighseeing', 'Centro Fotografia', 'Museo Conte', 'Palazzo della Ragione', 'AMO']",Duomo,strategy_nearest,False,0.003139972686767578,success
0409C33A9C4C81,0,['Teatro Romano'],Torre Lamberti,"['Sighseeing', 'Centro Fotografia', 'Museo Conte', 'Casa Giulietta', 'Palazzo della Ragione']",Casa Giulietta,strategy_nearest,True,0.0014629364013671875,success
0409D0429C4C81,3,"['Teatro Romano', 'Castelvecchio', 'San Zeno']",Arena,"['Verona Tour', 'Museo Lapidario', 'Museo Radio', 'San Fermo', 'Casa Giulietta']",Torre Lamberti,strategy_nearest,False,0.003815889358520508,success
0409B5429C4C81,3,"['Castelvecchio', 'Arena']",Torre Lamberti,"['Sighseeing', 'Centro Fotografia', 'Museo Conte', 'Casa Giulietta', 'Palazzo della Ragione']",Casa Giulietta,strategy_nearest,True,0.0029261112213134766,success
0409DB429C4C81,3,"['Arena', 'Museo Lapidario', 'Castelvecchio']",Casa Giulietta,"['Centro Fotografia', 'Sighseeing', 'Torre Lamberti', 'Museo Conte', 'Museo Radio']",Duomo,strategy_nearest,False,0.0034189224243164062,success
0409D73A9C4C81,3,"['Tomba Giulietta', 'San Fermo']",Castelvecchio,"['Museo Lapidario', 'Verona Tour', 'Arena', 'Museo Radio', 'San Zeno']",Arena,strategy_nearest,True,0.0028221607208251953,success
0409E03A9C4C81,0,['Arena'],Casa Giulietta,"['Centro Fotografia', 'Sighseeing', 'Torre Lamberti', 'Museo Conte', 'Museo Radio']",Torre Lamberti,strategy_nearest,True,0.0019121170043945312,success
040A003A9C4C85,0,['Arena'],Torre Lamberti,"['Sighseeing', 'Centro Fotografia', 'Museo Conte', 'Casa Giulietta', 'Palazzo della Ragione']",Casa Giulietta,strategy_nearest,True,0.003939151763916016,success
040A063A9C4C85,1,"['Casa Giulietta', 'Casa Giulietta', 'Santa Anastasia']",Torre Lamberti,"['Sighseeing', 'Centro Fotografia', 'Museo Conte', 'Palazzo della Ragione', 'AMO']",Palazzo della Ragione,strategy_nearest,True,0.0014548301696777344,success
040A374A9C4C81,0,['Arena'],Teatro Romano,"['Santa Anastasia', 'Duomo', 'AMO', 'Palazzo della Ragione', 'Museo Conte']",Casa Giulietta,strategy_nearest,False,0.0022268295288085938,success
040A3D3A9C4C81,3,"['Arena', 'Castelvecchio']",Casa Giulietta,"['Centro Fotografia', 'Sighseeing', 'Torre Lamberti', 'Museo Conte', 'Museo Radio']",Torre Lamberti,strategy_nearest,True,0.001766204833984375,success
040A3A3A9C4C81,0,"['Arena', 'Museo Lapidario']",Castelvecchio,"['Verona Tour', 'Museo Radio', 'San Zeno', 'Sighseeing', 'Museo Miniscalchi']",Duomo,strategy_nearest,False,0.0033888816833496094,success
040A373A9C4C81,3,"['Arena', 'Museo Lapidario', 'Castelvecchio', 'Tomba Giulietta', 'Torre Lamberti']",Santa Anastasia,"['AMO', 'Museo Conte', 'Palazzo della Ragione', 'Teatro Romano', 'Centro Fotografia']",Casa Giulietta,strategy_nearest,False,0.0030400753021240234,success
040A443A9C4C81,2,['Torre Lamberti'],Duomo,"['AMO', 'Museo Miniscalchi', 'Santa Anastasia', 'Teatro Romano', 'Palazzo della Ragione']",Casa Giulietta,strategy_nearest,False,0.0017631053924560547,success
040A463A9C4C81,3,"['Arena', 'Teatro Romano']",Castelvecchio,"['Museo Lapidario', 'Verona Tour', 'Museo Radio', 'San Zeno', 'Sighseeing']",Torre Lamberti,strategy_nearest,False,0.0037407875061035156,success
040A493A9C4C81,1,"['Castelvecchio', 'Teatro Romano', 'Arena', 'Casa Giulietta']",Torre Lamberti,"['Sighseeing', 'Centro Fotografia', 'Museo Conte', 'Palazzo della Ragione', 'AMO']",Santa Anastasia,strategy_nearest,False,0.0022499561309814453,success
040A4D3A9C4C81,3,"['Torre Lamberti', 'Santa Anastasia', 'Duomo', 'Teatro Romano', 'Giardino Giusti']",Arena,"['Verona Tour', 'Museo Lapidario', 'Museo Radio', 'San Fermo', 'Casa Giulietta']",Castelvecchio,strategy_nearest,False,0.0028388500213623047,success
040A52429C4C81,2,['Casa Giulietta'],Torre Lamberti,"['Sighseeing', 'Centro Fotografia', 'Museo Conte', 'Palazzo della Ragione', 'AMO']",Santa Anastasia,strategy_nearest,False,0.0015521049499511719,success
040A51429C4C81,3,"['Arena', 'Castelvecchio']",San Zeno,"['Verona Tour', 'Museo Lapidario', 'Museo Miniscalchi', 'Sighseeing', 'Museo Radio']",Duomo,strategy_nearest,False,0.0030989646911621094,success
040A5C429C4C81,1,"['Arena', 'Museo Lapidario', 'Casa Giulietta']",Santa Anastasia,"['AMO', 'Museo Conte', 'Palazzo della Ragione', 'Teatro Romano', 'Centro Fotografia']",Teatro Romano,strategy_nearest,True,0.003674745559692383,success
040A503A9C4C81,1,"['Arena', 'Museo Lapidario', 'Torre Lamberti', 'Palazzo della Ragione']",Casa Giulietta,"['Centro Fotografia', 'Sighseeing', 'Museo Conte', 'Museo Radio', 'San Fermo']",Teatro Romano,strategy_nearest,False,0.0022699832916259766,success
040A61429C4C81,1,['Arena'],Torre Lamberti,"['Sighseeing', 'Centro Fotografia', 'Museo Conte', 'Casa Giulietta', 'Palazzo della Ragione']",Duomo,strategy_nearest,False,0.0025169849395751953,success
040A62429C4C81,1,"['Arena', 'Palazzo della Ragione', 'Torre Lamberti']",Santa Anastasia,"['AMO', 'Museo Conte', 'Teatro Romano', 'Centro Fotografia', 'Duomo']",Duomo,strategy_nearest,True,0.002732992172241211,success
040A6C429C4C81,0,['Arena'],Castelvecchio,"['Museo Lapidario', 'Verona Tour', 'Museo Radio', 'San Zeno', 'Sighseeing']",Museo Storia,strategy_nearest,False,0.0032868385314941406,success
040A6B429C4C81,3,"['Arena', 'San Zeno', 'Castelvecchio']",Duomo,"['AMO', 'Museo Miniscalchi', 'Santa Anastasia', 'Teatro Romano', 'Palazzo della Ragione']",Santa Anastasia,strategy_nearest,True,0.0027441978454589844,success
040A6A429C4C81,3,"['Arena', 'Castelvecchio', 'Tomba Giulietta']",Casa Giulietta,"['Centro Fotografia', 'Sighseeing', 'Torre Lamberti', 'Museo Conte', 'Museo Radio']",Torre Lamberti,strategy_nearest,True,0.002768993377685547,success
040A6F3A9C4C81,1,['Arena'],Palazzo della Ragione,"['AMO', 'Museo Conte', 'Torre Lamberti', 'Centro Fotografia', 'Sighseeing']",Torre Lamberti,strategy_nearest,True,0.003351926803588867,success
040A723A9C4C81,1,"['Arena', 'Museo Lapidario', 'Casa Giulietta']",Torre Lamberti,"['Sighseeing', 'Centro Fotografia', 'Museo Conte', 'Palazzo della Ragione', 'AMO']",Palazzo della Ragione,strategy_nearest,True,0.0018489360809326172,success
040A7A3A9C4C80,2,['Castelvecchio'],Casa Giulietta,"['Centro Fotografia', 'Sighseeing', 'Torre Lamberti', 'Museo Conte', 'Museo Radio']",Teatro Romano,strategy_nearest,False,0.0024368762969970703,success
040A7B4A9C4C80,3,"['Casa Giulietta', 'Torre Lamberti']",Teatro Romano,"['Santa Anastasia', 'Duomo', 'AMO', 'Palazzo della Ragione', 'Museo Conte']",Duomo,strategy_nearest,True,0.0034186840057373047,success
040A7E3A9C4C80,1,['Arena'],Casa Giulietta,"['Centro Fotografia', 'Sighseeing', 'Torre Lamberti', 'Museo Conte', 'Museo Radio']",Palazzo della Ragione,strategy_nearest,False,0.0026748180389404297,success
040A7F3A9C4C81,3,"['Arena', 'San Fermo']",Torre Lamberti,"['Sighseeing', 'Centro Fotografia', 'Museo Conte', 'Casa Giulietta', 'Palazzo della Ragione']",Santa Anastasia,strategy_nearest,False,0.0032958984375,success
040A7B3A9C4C81,0,['Arena'],Museo Lapidario,"['Verona Tour', 'Castelvecchio', 'Museo Radio', 'San Fermo', 'Casa Giulietta']",Castelvecchio,strategy_nearest,True,0.003688812255859375,success
040A844A9C4C80,3,"['Teatro Romano', 'Casa Giulietta']",Arena,"['Verona Tour', 'Museo Lapidario', 'Museo Radio', 'San Fermo', 'Sighseeing']",Torre Lamberti,strategy_nearest,False,0.0020596981048583984,success
040A894A9C4C80,3,"['Torre Lamberti', 'Santa Anastasia', 'Duomo']",Casa Giulietta,"['Centro Fotografia', 'Sighseeing', 'Museo Conte', 'Museo Radio', 'Palazzo della Ragione']",San Fermo,strategy_nearest,False,0.003342151641845703,success
040A894A9C4C81,1,"['Tomba Giulietta', 'Arena', 'Casa Giulietta']",Torre Lamberti,"['Sighseeing', 'Centro Fotografia', 'Museo Conte', 'Palazzo della Ragione', 'AMO']",Palazzo della Ragione,strategy_nearest,True,0.002463817596435547,success
040A874A9C4C81,1,"['Arena', 'Casa Giulietta', 'Torre Lamberti', 'Palazzo della Ragione']",Santa Anastasia,"['AMO', 'Museo Conte', 'Teatro Romano', 'Centro Fotografia', 'Duomo']",Teatro Romano,strategy_nearest,True,0.0022389888763427734,success
040A8D429C4C81,0,['Arena'],Casa Giulietta,"['Centro Fotografia', 'Sighseeing', 'Torre Lamberti', 'Museo Conte', 'Museo Radio']",Tomba Giulietta,strategy_nearest,False,0.002201080322265625,success
040A91429C4C80,3,"['Arena', 'Torre Lamberti']",Casa Giulietta,"['Centro Fotografia', 'Sighseeing', 'Museo Conte', 'Museo Radio', 'Palazzo della Ragione']",Santa Anastasia,strategy_nearest,False,0.003047943115234375,success
040A8E429C4C81,3,"['Arena', 'Tomba Giulietta', 'Castelvecchio']",Duomo,"['AMO', 'Museo Miniscalchi', 'Santa Anastasia', 'Teatro Romano', 'Palazzo della Ragione']",Teatro Romano,strategy_nearest,True,0.0014109611511230469,success
040A90429C4C80,0,['Arena'],Torre Lamberti,"['Sighseeing', 'Centro Fotografia', 'Museo Conte', 'Casa Giulietta', 'Palazzo della Ragione']",Casa Giulietta,strategy_nearest,True,0.002735137939453125,success
040AAE429C4C80,6,['Castelvecchio'],Casa Giulietta,"['Centro Fotografia', 'Sighseeing', 'Torre Lamberti', 'Museo Conte', 'Museo Radio']",Arena,strategy_nearest,False,0.0027358531951904297,success
040A914A9C4C80,0,['Arena'],Santa Anastasia,"['AMO', 'Museo Conte', 'Palazzo della Ragione', 'Teatro Romano', 'Centro Fotografia']",Casa Giulietta,strategy_nearest,False,0.0015599727630615234,success
040AAF3A9C4C80,3,['Arena'],Torre Lamberti,"['Sighseeing', 'Centro Fotografia', 'Museo Conte', 'Casa Giulietta', 'Palazzo della Ragione']",Santa Anastasia,strategy_nearest,False,0.003365039825439453,success
040AAA3A9C4C81,1,"['Arena', 'Casa Giulietta']",Palazzo della Ragione,"['AMO', 'Museo Conte', 'Torre Lamberti', 'Centro Fotografia', 'Sighseeing']",Torre Lamberti,strategy_nearest,True,0.0022420883178710938,success
040AB13A9C4C80,3,['Arena'],Santa Anastasia,"['AMO', 'Museo Conte', 'Palazzo della Ragione', 'Teatro Romano', 'Centro Fotografia']",Teatro Romano,strategy_nearest,True,0.002002239227294922,success
040ABA429C4C80,3,"['Castelvecchio', 'San Zeno', 'Arena']",Duomo,"['AMO', 'Museo Miniscalchi', 'Santa Anastasia', 'Teatro Romano', 'Palazzo della Ragione']",Casa Giulietta,strategy_nearest,False,0.002744913101196289,success
040AB3429C4C80,0,['Arena'],Casa Giulietta,"['Centro Fotografia', 'Sighseeing', 'Torre Lamberti', 'Museo Conte', 'Museo Radio']",Castelvecchio,strategy_nearest,False,0.0026400089263916016,success
040ABA429C4C81,1,"['Castelvecchio', 'Arena']",Palazzo della Ragione,"['AMO', 'Museo Conte', 'Torre Lamberti', 'Centro Fotografia', 'Sighseeing']",Torre Lamberti,strategy_nearest,True,0.0035321712493896484,success
040ABB429C4C80,1,"['Castelvecchio', 'Arena', 'Palazzo della Ragione']",Torre Lamberti,"['Sighseeing', 'Centro Fotografia', 'Museo Conte', 'Casa Giulietta', 'AMO']",Tomba Giulietta,strategy_nearest,False,0.0024042129516601562,success
040AC23A9C4C81,3,"['Arena', 'Torre Lamberti']",Casa Giulietta,"['Centro Fotografia', 'Sighseeing', 'Museo Conte', 'Museo Radio', 'Palazzo della Ragione']",Santa Anastasia,strategy_nearest,False,0.002578258514404297,success
040ADF429C4C81,4,"['Arena', 'Torre Lamberti', 'Casa Giulietta']",Duomo,"['AMO', 'Museo Miniscalchi', 'Santa Anastasia', 'Teatro Romano', 'Palazzo della Ragione']",Teatro Romano,strategy_nearest,True,0.0030019283294677734,success
040B013A9C4C85,0,"['Castelvecchio', 'Arena']",Casa Giulietta,"['Centro Fotografia', 'Sighseeing', 'Torre Lamberti', 'Museo Conte', 'Museo Radio']",Torre Lamberti,strategy_nearest,True,0.0026369094848632812,success
040AF4429C4C81,0,['Duomo'],Arena,"['Verona Tour', 'Museo Lapidario', 'Museo Radio', 'San Fermo', 'Casa Giulietta']",Torre Lamberti,strategy_nearest,False,0.0031409263610839844,success
040B32429C4C81,3,"['Arena', 'Teatro Romano']",Duomo,"['AMO', 'Museo Miniscalchi', 'Santa Anastasia', 'Palazzo della Ragione', 'Museo Conte']",Castelvecchio,strategy_nearest,False,0.003240823745727539,success
040AE13A9C4C81,3,"['San Fermo', 'Teatro Romano']",Duomo,"['AMO', 'Museo Miniscalchi', 'Santa Anastasia', 'Palazzo della Ragione', 'Museo Conte']",Santa Anastasia,strategy_nearest,True,0.0035393238067626953,success
040B533A9C4C81,1,"['Castelvecchio', 'Arena']",Torre Lamberti,"['Sighseeing', 'Centro Fotografia', 'Museo Conte', 'Casa Giulietta', 'Palazzo della Ragione']",Palazzo della Ragione,strategy_nearest,True,0.002733945846557617,success
040B3D3A9C4C81,3,"['Arena', 'Casa Giulietta']",Torre Lamberti,"['Sighseeing', 'Centro Fotografia', 'Museo Conte', 'Palazzo della Ragione', 'AMO']",Teatro Romano,strategy_nearest,False,0.0019998550415039062,success
040B433A9C4C81,3,"['Arena', 'Santa Anastasia', 'Duomo']",Torre Lamberti,"['Sighseeing', 'Centro Fotografia', 'Museo Conte', 'Casa Giulietta', 'Palazzo della Ragione']",San Fermo,strategy_nearest,False,0.0021810531616210938,success
040B733A9C4C81,3,"['Casa Giulietta', 'Torre Lamberti']",Santa Anastasia,"['AMO', 'Museo Conte', 'Palazzo della Ragione', 'Teatro Romano', 'Centro Fotografia']",Duomo,strategy_nearest,False,0.0032639503479003906,success
040B73429C4C81,3,"['Arena', 'Casa Giulietta', 'Tomba Giulietta']",San Fermo,"['Museo Storia', 'Museo Radio', 'Centro Fotografia', 'Sighseeing', 'Torre Lamberti']",Torre Lamberti,strategy_nearest,True,0.0019876956939697266,success
040B753A9C4C81,0,['Casa Giulietta'],Arena,"['Verona Tour', 'Museo Lapidario', 'Museo Radio', 'San Fermo', 'Sighseeing']",Castelvecchio,strategy_nearest,False,0.0025899410247802734,success
040B773A9C4C81,2,['Santa Anastasia'],Castelvecchio,"['Museo Lapidario', 'Verona Tour', 'Arena', 'Museo Radio', 'San Zeno']",Giardino Giusti,strategy_nearest,False,0.0026290416717529297,success
040B783A9C4C80,1,"['Castelvecchio', 'Museo Lapidario', 'Arena']",Casa Giulietta,"['Centro Fotografia', 'Sighseeing', 'Torre Lamberti', 'Museo Conte', 'Museo Radio']",Torre Lamberti,strategy_nearest,True,0.0034432411193847656,success
040B7A3A9C4C81,3,"['Arena', 'Tomba Giulietta']",Torre Lamberti,"['Sighseeing', 'Centro Fotografia', 'Museo Conte', 'Casa Giulietta', 'Palazzo della Ragione']",Casa Giulietta,strategy_nearest,True,0.003871917724609375,success
040B7D3A9C4C81,3,"['Casa Giulietta', 'Arena']",Duomo,"['AMO', 'Museo Miniscalchi', 'Santa Anastasia', 'Teatro Romano', 'Palazzo della Ragione']",Teatro Romano,strategy_nearest,True,0.002416849136352539,success
040B7A429C4C80,3,"['Arena', 'Casa Giulietta']",Santa Anastasia,"['AMO', 'Museo Conte', 'Palazzo della Ragione', 'Teatro Romano', 'Centro Fotografia']",Duomo,strategy_nearest,False,0.002250194549560547,success
040B894A9C4C80,3,"['Castelvecchio', 'Arena']",Casa Giulietta,"['Centro Fotografia', 'Sighseeing', 'Torre Lamberti', 'Museo Conte', 'Museo Radio']",Torre Lamberti,strategy_nearest,True,0.0032548904418945312,success
040B8F429C4C80,3,"['Arena', 'Museo Lapidario']",Casa Giulietta,"['Centro Fotografia', 'Sighseeing', 'Torre Lamberti', 'Museo Conte', 'Museo Radio']",Torre Lamberti,strategy_nearest,True,0.0029938220977783203,success
040B894A9C4C81,1,"['Tomba Giulietta', 'Arena', 'Casa Giulietta']",Torre Lamberti,"['Sighseeing', 'Centro Fotografia', 'Museo Conte', 'Palazzo della Ragione', 'AMO']",Palazzo della Ragione,strategy_nearest,True,0.0015571117401123047,success
040B90429C4C80,2,['Castelvecchio'],Santa Anastasia,"['AMO', 'Museo Conte', 'Palazzo della Ragione', 'Teatro Romano', 'Centro Fotografia']",Duomo,strategy_nearest,False,0.0028429031372070312,success
040B92429C4C80,0,"['Torre Lamberti', 'Casa Giulietta']",Arena,"['Verona Tour', 'Museo Lapidario', 'Museo Radio', 'San Fermo', 'Sighseeing']",Castelvecchio,strategy_nearest,False,0.0017390251159667969,success
040B8FBA7B3F80,0,"['Casa Giulietta', 'Torre Lamberti']",Arena,"['Verona Tour', 'Museo Lapidario', 'Museo Radio', 'San Fermo', 'Sighseeing']",Tomba Giulietta,strategy_nearest,False,0.006345987319946289,success
040B9C4A9C4C81,0,['Arena'],Casa Giulietta,"['Centro Fotografia', 'Sighseeing', 'Torre Lamberti', 'Museo Conte', 'Museo Radio']",Museo Storia,strategy_nearest,False,0.00415802001953125,success
040BA74A9C4C80,0,['Arena'],Casa Giulietta,"['Centro Fotografia', 'Sighseeing', 'Torre Lamberti', 'Museo Conte', 'Museo Radio']",Torre Lamberti,strategy_nearest,True,0.0023839473724365234,success
040BA74A9C4C81,2,"['Torre Lamberti', 'Palazzo della Ragione']",Santa Anastasia,"['AMO', 'Museo Conte', 'Teatro Romano', 'Centro Fotografia', 'Duomo']",Duomo,strategy_nearest,True,0.004183053970336914,success
040BAB3A9C4C81,2,['Casa Giulietta'],Torre Lamberti,"['Sighseeing', 'Centro Fotografia', 'Museo Conte', 'Palazzo della Ragione', 'AMO']",Duomo,strategy_nearest,False,0.003981828689575195,success
040BB1429C4C80,3,"['Arena', 'Casa Giulietta']",Torre Lamberti,"['Sighseeing', 'Centro Fotografia', 'Museo Conte', 'Palazzo della Ragione', 'AMO']",Santa Anastasia,strategy_nearest,False,0.0038089752197265625,success
040BB2429C4C81,0,"['San Zeno', 'Arena']",Casa Giulietta,"['Centro Fotografia', 'Sighseeing', 'Torre Lamberti', 'Museo Conte', 'Museo Radio']",Museo Lapidario,strategy_nearest,False,0.002936124801635742,success
040BB43A9C4C80,0,['Castelvecchio'],Arena,"['Verona Tour', 'Museo Lapidario', 'Museo Radio', 'San Fermo', 'Casa Giulietta']",Casa Giulietta,strategy_nearest,True,0.0019769668579101562,success
040BB8429C4C80,0,['San Zeno'],Castelvecchio,"['Museo Lapidario', 'Verona Tour', 'Arena', 'Museo Radio', 'Sighseeing']",Casa Giulietta,strategy_nearest,False,0.0022690296173095703,success
040BB6429C4C80,3,['Arena'],Santa Anastasia,"['AMO', 'Museo Conte', 'Palazzo della Ragione', 'Teatro Romano', 'Centro Fotografia']",Teatro Romano,strategy_nearest,True,0.0036058425903320312,success
040BBD429C4C80,0,['Arena'],Museo Lapidario,"['Verona Tour', 'Castelvecchio', 'Museo Radio', 'San Fermo', 'Casa Giulietta']",Castelvecchio,strategy_nearest,True,0.0027358531951904297,success
040BBB429C4C81,0,['Arena'],Giardino Giusti,"['Santa Anastasia', 'Teatro Romano', 'Museo Conte', 'Centro Fotografia', 'Museo Storia']",San Fermo,strategy_nearest,False,0.003849029541015625,success
040BBD429C4C81,0,['Arena'],Casa Giulietta,"['Centro Fotografia', 'Sighseeing', 'Torre Lamberti', 'Museo Conte', 'Museo Radio']",Tomba Giulietta,strategy_nearest,False,0.0025479793548583984,success
040BBE3A9C4C80,3,"['Arena', 'Casa Giulietta']",Santa Anastasia,"['AMO', 'Museo Conte', 'Palazzo della Ragione', 'Teatro Romano', 'Centro Fotografia']",Teatro Romano,strategy_nearest,True,0.0019168853759765625,success
040BBF3A9C4C81,1,"['Arena', 'Casa Giulietta']",Palazzo della Ragione,"['AMO', 'Museo Conte', 'Torre Lamberti', 'Centro Fotografia', 'Sighseeing']",Torre Lamberti,strategy_nearest,True,0.002382040023803711,success
040BC33A9C4C81,0,['Casa Giulietta'],Santa Anastasia,"['AMO', 'Museo Conte', 'Palazzo della Ragione', 'Teatro Romano', 'Centro Fotografia']",Arena,strategy_nearest,False,0.0029671192169189453,success
040BD03A9C4C81,3,"['Arena', 'Casa Giulietta', 'Torre Lamberti']",Santa Anastasia,"['AMO', 'Museo Conte', 'Palazzo della Ragione', 'Teatro Romano', 'Centro Fotografia']",Teatro Romano,strategy_nearest,True,0.002368927001953125,success
040BCB3A9C4C81,0,['Castelvecchio'],Santa Anastasia,"['AMO', 'Museo Conte', 'Palazzo della Ragione', 'Teatro Romano', 'Centro Fotografia']",Arena,strategy_nearest,False,0.0030651092529296875,success
040BD0429C4C81,1,"['Torre Lamberti', 'Palazzo della Ragione']",Casa Giulietta,"['Centro Fotografia', 'Sighseeing', 'Museo Conte', 'Museo Radio', 'San Fermo']",Museo Storia,strategy_nearest,False,0.0032699108123779297,success
040BD7429C4C81,3,"['Arena', 'Castelvecchio', 'San Zeno', 'Tomba Giulietta']",San Fermo,"['Museo Storia', 'Museo Radio', 'Casa Giulietta', 'Centro Fotografia', 'Sighseeing']",Casa Giulietta,strategy_nearest,True,0.0030808448791503906,success
040BE23A9C4C81,3,"['Arena', 'Casa Giulietta']",Torre Lamberti,"['Sighseeing', 'Centro Fotografia', 'Museo Conte', 'Palazzo della Ragione', 'AMO']",Santa Anastasia,strategy_nearest,False,0.0013399124145507812,success
040BD53A9C4C81,4,"['Arena', 'Palazzo della Ragione', 'Torre Lamberti', 'Santa Anastasia', 'Casa Giulietta']",Museo Lapidario,"['Verona Tour', 'Castelvecchio', 'Museo Radio', 'San Fermo', 'Tomba Giulietta']",Tomba Giulietta,strategy_nearest,True,0.004773139953613281,success
040BE2429C4C81,3,"['Arena', 'Castelvecchio', 'San Fermo', 'Casa Giulietta']",Santa Anastasia,"['AMO', 'Museo Conte', 'Palazzo della Ragione', 'Teatro Romano', 'Centro Fotografia']",Duomo,strategy_nearest,False,0.0017101764678955078,success
040BE33A9C4C81,3,"['Arena', 'Casa Giulietta']",Torre Lamberti,"['Sighseeing', 'Centro Fotografia', 'Museo Conte', 'Palazzo della Ragione', 'AMO']",Santa Anastasia,strategy_nearest,False,0.0017268657684326172,success
040BEB3A9C4C81,1,"['Arena', 'Casa Giulietta']",Palazzo della Ragione,"['AMO', 'Museo Conte', 'Torre Lamberti', 'Centro Fotografia', 'Sighseeing']",Torre Lamberti,strategy_nearest,True,0.002933025360107422,success
040BFF3A9C4C81,1,"['Arena', 'Torre Lamberti']",Palazzo della Ragione,"['AMO', 'Museo Conte', 'Centro Fotografia', 'Sighseeing', 'Santa Anastasia']",Casa Giulietta,strategy_nearest,False,0.0035881996154785156,success
040BE7429C4C81,2,"['Teatro Romano', 'Duomo']",San Zeno,"['Castelvecchio', 'Verona Tour', 'Museo Lapidario', 'Arena', 'Museo Miniscalchi']",Museo Lapidario,strategy_nearest,True,0.002354860305786133,success
040C344A9C4C81,1,"['Arena', 'Casa Giulietta', 'Torre Lamberti']",Palazzo della Ragione,"['AMO', 'Museo Conte', 'Centro Fotografia', 'Sighseeing', 'Santa Anastasia']",Santa Anastasia,strategy_nearest,True,0.0021910667419433594,success
040C393A9C4C81,3,"['Arena', 'Castelvecchio']",San Zeno,"['Verona Tour', 'Museo Lapidario', 'Museo Miniscalchi', 'Sighseeing', 'Museo Radio']",Duomo,strategy_nearest,False,0.0038230419158935547,success
040C513A9C4C81,0,['Arena'],Casa Giulietta,"['Centro Fotografia', 'Sighseeing', 'Torre Lamberti', 'Museo Conte', 'Museo Radio']",Castelvecchio,strategy_nearest,False,0.002704143524169922,success
040C57429C4C81,3,['Arena'],Santa Anastasia,"['AMO', 'Museo Conte', 'Palazzo della Ragione', 'Teatro Romano', 'Centro Fotografia']",Torre Lamberti,strategy_nearest,False,0.00487208366394043,success
040C73429C4C81,3,"['Arena', 'Casa Giulietta']",Santa Anastasia,"['AMO', 'Museo Conte', 'Palazzo della Ragione', 'Teatro Romano', 'Centro Fotografia']",Teatro Romano,strategy_nearest,True,0.0024309158325195312,success
040C763A9C4C80,0,['Arena'],Casa Giulietta,"['Centro Fotografia', 'Sighseeing', 'Torre Lamberti', 'Museo Conte', 'Museo Radio']",Torre Lamberti,strategy_nearest,True,0.003289937973022461,success
040C743A9C4C80,0,['Casa Giulietta'],Torre Lamberti,"['Sighseeing', 'Centro Fotografia', 'Museo Conte', 'Palazzo della Ragione', 'AMO']",Arena,strategy_nearest,False,0.0027971267700195312,success
040C79429C4C81,0,['Arena'],Castelvecchio,"['Museo Lapidario', 'Verona Tour', 'Museo Radio', 'San Zeno', 'Sighseeing']",Torre Lamberti,strategy_nearest,False,0.001741647720336914,success
040C773A9C4C81,3,"['Castelvecchio', 'Arena']",Casa Giulietta,"['Centro Fotografia', 'Sighseeing', 'Torre Lamberti', 'Museo Conte', 'Museo Radio']",Teatro Romano,strategy_nearest,False,0.002521991729736328,success
040C7A3A9C4C80,0,['Casa Giulietta'],Teatro Romano,"['Santa Anastasia', 'Duomo', 'AMO', 'Palazzo della Ragione', 'Museo Conte']",Torre Lamberti,strategy_nearest,False,0.0034589767456054688,success
040C7D429C4C80,3,['Arena'],Casa Giulietta,"['Centro Fotografia', 'Sighseeing', 'Torre Lamberti', 'Museo Conte', 'Museo Radio']",Santa Anastasia,strategy_nearest,False,0.0026900768280029297,success
040C823A9C4C81,1,['Arena'],Torre Lamberti,"['Sighseeing', 'Centro Fotografia', 'Museo Conte', 'Casa Giulietta', 'Palazzo della Ragione']",Palazzo della Ragione,strategy_nearest,True,0.002385854721069336,success
040C813A9C4C80,1,"['Arena', 'Museo Lapidario', 'Castelvecchio']",Casa Giulietta,"['Centro Fotografia', 'Sighseeing', 'Torre Lamberti', 'Museo Conte', 'Museo Radio']",Palazzo della Ragione,strategy_nearest,False,0.0029959678649902344,success
040C853A9C4C81,3,"['Arena', 'Casa Giulietta']",Teatro Romano,"['Santa Anastasia', 'Duomo', 'AMO', 'Palazzo della Ragione', 'Museo Conte']",Duomo,strategy_nearest,True,0.0027341842651367188,success
040C82429C4C81,1,['Arena'],Castelvecchio,"['Museo Lapidario', 'Verona Tour', 'Museo Radio', 'San Zeno', 'Sighseeing']",Torre Lamberti,strategy_nearest,False,0.0036852359771728516,success
040C873A9C4C80,1,"['Casa Giulietta', 'Arena', 'Castelvecchio']",Torre Lamberti,"['Sighseeing', 'Centro Fotografia', 'Museo Conte', 'Palazzo della Ragione', 'AMO']",Palazzo della Ragione,strategy_nearest,True,0.0037260055541992188,success
040C864A9C4C81,3,"['Arena', 'Museo Lapidario']",Casa Giulietta,"['Centro Fotografia', 'Sighseeing', 'Torre Lamberti', 'Museo Conte', 'Museo Radio']",Santa Anastasia,strategy_nearest,False,0.0025107860565185547,success
040C874A9C4C81,0,"['Casa Giulietta', 'Arena']",Castelvecchio,"['Museo Lapidario', 'Verona Tour', 'Museo Radio', 'San Zeno', 'Sighseeing']",San Zeno,strategy_nearest,True,0.0021719932556152344,success
040C8C429C4C81,3,"['San Fermo', 'Duomo']",Santa Anastasia,"['AMO', 'Museo Conte', 'Palazzo della Ragione', 'Teatro Romano', 'Centro Fotografia']",Arena,strategy_nearest,False,0.0030989646911621094,success
040C884A9C4C80,3,"['Arena', 'Casa Giulietta', 'Torre Lamberti']",Santa Anastasia,"['AMO', 'Museo Conte', 'Palazzo della Ragione', 'Teatro Romano', 'Centro Fotografia']",Teatro Romano,strategy_nearest,True,0.0016660690307617188,success
040C8C3A9C4C81,0,"['Castelvecchio', 'Torre Lamberti']",Casa Giulietta,"['Centro Fotografia', 'Sighseeing', 'Museo Conte', 'Museo Radio', 'Palazzo della Ragione']",Museo Storia,strategy_nearest,False,0.0027370452880859375,success
040C8B3A9C4C81,3,"['Castelvecchio', 'Arena']",Casa Giulietta,"['Centro Fotografia', 'Sighseeing', 'Torre Lamberti', 'Museo Conte', 'Museo Radio']",Torre Lamberti,strategy_nearest,True,0.0021080970764160156,success
040C91429C4C81,1,"['Arena', 'Museo Lapidario', 'Castelvecchio', 'Torre Lamberti']",Palazzo della Ragione,"['AMO', 'Museo Conte', 'Centro Fotografia', 'Sighseeing', 'Santa Anastasia']",Casa Giulietta,strategy_nearest,False,0.0017802715301513672,success
040C92429C4C81,1,"['Santa Anastasia', 'Duomo']",Torre Lamberti,"['Sighseeing', 'Centro Fotografia', 'Museo Conte', 'Casa Giulietta', 'Palazzo della Ragione']",Palazzo della Ragione,strategy_nearest,True,0.003016233444213867,success
040C91429C4C80,3,"['Casa Giulietta', 'Torre Lamberti']",Santa Anastasia,"['AMO', 'Museo Conte', 'Palazzo della Ragione', 'Teatro Romano', 'Centro Fotografia']",Duomo,strategy_nearest,False,0.002579212188720703,success
040CA14A9C4C80,0,"['Arena', 'Casa Giulietta']",San Fermo,"['Museo Storia', 'Museo Radio', 'Centro Fotografia', 'Sighseeing', 'Torre Lamberti']",Torre Lamberti,strategy_nearest,True,0.0036041736602783203,success
040CA83A9C4C80,3,"['Duomo', 'Castelvecchio']",Arena,"['Verona Tour', 'Museo Lapidario', 'Museo Radio', 'San Fermo', 'Casa Giulietta']",Casa Giulietta,strategy_nearest,True,0.0019278526306152344,success
040CA9429C4C80,3,"['Castelvecchio', 'Casa Giulietta']",Arena,"['Verona Tour', 'Museo Lapidario', 'Museo Radio', 'San Fermo', 'Sighseeing']",Torre Lamberti,strategy_nearest,False,0.0037360191345214844,success
040CA8429C4C81,0,['Casa Giulietta'],Arena,"['Verona Tour', 'Museo Lapidario', 'Museo Radio', 'San Fermo', 'Sighseeing']",Tomba Giulietta,strategy_nearest,False,0.002542257308959961,success
040CA64A9C4C80,2,"['Casa Giulietta', 'Duomo']",Santa Anastasia,"['AMO', 'Museo Conte', 'Palazzo della Ragione', 'Teatro Romano', 'Centro Fotografia']",Torre Lamberti,strategy_nearest,False,0.0036139488220214844,success
040CAC429C4C80,0,['Torre Lamberti'],Arena,"['Verona Tour', 'Museo Lapidario', 'Museo Radio', 'San Fermo', 'Casa Giulietta']",Tomba Giulietta,strategy_nearest,False,0.002496004104614258,success
040CB53A9C4C80,3,"['Arena', 'Casa Giulietta', 'Torre Lamberti']",Santa Anastasia,"['AMO', 'Museo Conte', 'Palazzo della Ragione', 'Teatro Romano', 'Centro Fotografia']",Duomo,strategy_nearest,False,0.0029091835021972656,success
040CAD429C4C81,3,"['Arena', 'Castelvecchio']",San Zeno,"['Verona Tour', 'Museo Lapidario', 'Museo Miniscalchi', 'Sighseeing', 'Museo Radio']",Torre Lamberti,strategy_nearest,False,0.003827810287475586,success
040CAD3A9C4C81,2,['Torre Lamberti'],Casa Giulietta,"['Centro Fotografia', 'Sighseeing', 'Museo Conte', 'Museo Radio', 'Palazzo della Ragione']",Santa Anastasia,strategy_nearest,False,0.0017240047454833984,success
040CB7429C4C81,3,"['Arena', 'Castelvecchio']",Casa Giulietta,"['Centro Fotografia', 'Sighseeing', 'Torre Lamberti', 'Museo Conte', 'Museo Radio']",Torre Lamberti,strategy_nearest,True,0.0019488334655761719,success
040CC03A9C4C81,3,"['Arena', 'San Fermo', 'Casa Giulietta']",Torre Lamberti,"['Sighseeing', 'Centro Fotografia', 'Museo Conte', 'Palazzo della Ragione', 'AMO']",Teatro Romano,strategy_nearest,False,0.002624034881591797,success
040CBD429C4C81,0,['Castelvecchio'],Arena,"['Verona Tour', 'Museo Lapidario', 'Museo Radio', 'San Fermo', 'Casa Giulietta']",Teatro Romano,strategy_nearest,False,0.003840208053588867,success
040CC53A9C4C81,3,"['Castelvecchio', 'Arena']",Casa Giulietta,"['Centro Fotografia', 'Sighseeing', 'Torre Lamberti', 'Museo Conte', 'Museo Radio']",Torre Lamberti,strategy_nearest,True,0.0021190643310546875,success
040CD8429C4C81,1,"['Arena', 'Torre Lamberti', 'Palazzo della Ragione']",Casa Giulietta,"['Centro Fotografia', 'Sighseeing', 'Museo Conte', 'Museo Radio', 'San Fermo']",San Zeno,strategy_nearest,False,0.0018770694732666016,success
040CD4429C4C81,2,"['Duomo', 'Santa Anastasia', 'Casa Giulietta']",San Fermo,"['Museo Storia', 'Museo Radio', 'Centro Fotografia', 'Arena', 'Sighseeing']",Castelvecchio,strategy_nearest,False,0.0029897689819335938,success
040CC33A9C4C81,2,['Castelvecchio'],Santa Anastasia,"['AMO', 'Museo Conte', 'Palazzo della Ragione', 'Teatro Romano', 'Centro Fotografia']",Torre Lamberti,strategy_nearest,False,0.004660129547119141,success
040CE43A9C4C81,0,"['Arena', 'Casa Giulietta']",Castelvecchio,"['Museo Lapidario', 'Verona Tour', 'Museo Radio', 'San Zeno', 'Sighseeing']",Museo Storia,strategy_nearest,False,0.0021698474884033203,success
040CEA3A9C4C81,1,"['San Zeno', 'Duomo', 'Santa Anastasia', 'Torre Lamberti']",Arena,"['Verona Tour', 'Museo Lapidario', 'Museo Radio', 'San Fermo', 'Casa Giulietta']",Castelvecchio,strategy_nearest,False,0.0022308826446533203,success
040CEC3A9C4C81,1,['Casa Giulietta'],Torre Lamberti,"['Sighseeing', 'Centro Fotografia', 'Museo Conte', 'Palazzo della Ragione', 'AMO']",Palazzo della Ragione,strategy_nearest,True,0.002583026885986328,success
040CE73A9C4C81,1,['Arena'],Teatro Romano,"['Santa Anastasia', 'Duomo', 'AMO', 'Palazzo della Ragione', 'Museo Conte']",Torre Lamberti,strategy_nearest,False,0.0043909549713134766,success
040CF73A9C4C81,0,"['Arena', 'Casa Giulietta']",Teatro Romano,"['Santa Anastasia', 'Duomo', 'AMO', 'Palazzo della Ragione', 'Museo Conte']",Castelvecchio,strategy_nearest,False,0.002716064453125,success
040CEF3A9C4C81,0,"['Arena', 'Castelvecchio']",Casa Giulietta,"['Centro Fotografia', 'Sighseeing', 'Torre Lamberti', 'Museo Conte', 'Museo Radio']",Tomba Giulietta,strategy_nearest,False,0.004091024398803711,success
040CF93A9C4C81,3,['Santa Anastasia'],Duomo,"['AMO', 'Museo Miniscalchi', 'Teatro Romano', 'Palazzo della Ragione', 'Museo Conte']",Casa Giulietta,strategy_nearest,False,0.0025949478149414062,success
040CFC3A9C4C81,0,['Museo Lapidario'],Arena,"['Verona Tour', 'Museo Radio', 'San Fermo', 'Casa Giulietta', 'Sighseeing']",Casa Giulietta,strategy_nearest,True,0.0031249523162841797,success
040D3E3A9C4C81,1,"['Arena', 'Casa Giulietta', 'Torre Lamberti', 'Palazzo della Ragione']",Teatro Romano,"['Santa Anastasia', 'Duomo', 'AMO', 'Museo Conte', 'Centro Fotografia']",Santa Anastasia,strategy_nearest,True,0.0024261474609375,success
040D373A9C4C81,1,"['Arena', 'Castelvecchio', 'Santa Anastasia']",Teatro Romano,"['Duomo', 'AMO', 'Palazzo della Ragione', 'Museo Conte', 'Centro Fotografia']",Casa Giulietta,strategy_nearest,False,0.0019741058349609375,success
040D443A9C4C81,1,['Palazzo della Ragione'],Torre Lamberti,"['Sighseeing', 'Centro Fotografia', 'Museo Conte', 'Casa Giulietta', 'AMO']",Arena,strategy_nearest,False,0.002560138702392578,success
040D3E429C4C81,1,['Arena'],Casa Giulietta,"['Centro Fotografia', 'Sighseeing', 'Torre Lamberti', 'Museo Conte', 'Museo Radio']",Palazzo della Ragione,strategy_nearest,False,0.0034139156341552734,success
040D52429C4C81,3,['Arena'],Casa Giulietta,"['Centro Fotografia', 'Sighseeing', 'Torre Lamberti', 'Museo Conte', 'Museo Radio']",Santa Anastasia,strategy_nearest,False,0.0024521350860595703,success
040D5A3A9C4C81,3,"['Arena', 'Casa Giulietta']",Torre Lamberti,"['Sighseeing', 'Centro Fotografia', 'Museo Conte', 'Palazzo della Ragione', 'AMO']",Santa Anastasia,strategy_nearest,False,0.0034570693969726562,success
040D5D3A9C4C81,0,['Arena'],Castelvecchio,"['Museo Lapidario', 'Verona Tour', 'Museo Radio', 'San Zeno', 'Sighseeing']",Duomo,strategy_nearest,False,0.003261089324951172,success
040D703A9C4C80,1,"['Casa Giulietta', 'Casa Giulietta']",Torre Lamberti,"['Sighseeing', 'Centro Fotografia', 'Museo Conte', 'Palazzo della Ragione', 'AMO']",Palazzo della Ragione,strategy_nearest,True,0.0025429725646972656,success
040D733A9C4C80,1,"['Arena', 'Casa Giulietta']",Palazzo della Ragione,"['AMO', 'Museo Conte', 'Torre Lamberti', 'Centro Fotografia', 'Sighseeing']",Torre Lamberti,strategy_nearest,True,0.0020589828491210938,success
040D713A9C4C80,0,['Arena'],Teatro Romano,"['Santa Anastasia', 'Duomo', 'AMO', 'Palazzo della Ragione', 'Museo Conte']",Casa Giulietta,strategy_nearest,False,0.0033850669860839844,success
040D74BA7B3F80,1,"['Arena', 'Torre Lamberti', 'Palazzo della Ragione', 'Casa Giulietta']",Castelvecchio,"['Museo Lapidario', 'Verona Tour', 'Museo Radio', 'San Zeno', 'Sighseeing']",San Zeno,strategy_nearest,True,0.0026679039001464844,success
040D75429C4C80,1,"['Arena', 'Torre Lamberti']",Palazzo della Ragione,"['AMO', 'Museo Conte', 'Centro Fotografia', 'Sighseeing', 'Santa Anastasia']",Santa Anastasia,strategy_nearest,True,0.003009796142578125,success
040D75429C4C81,3,"['Arena', 'Casa Giulietta']",Santa Anastasia,"['AMO', 'Museo Conte', 'Palazzo della Ragione', 'Teatro Romano', 'Centro Fotografia']",Duomo,strategy_nearest,False,0.0026099681854248047,success
040D7A3A9C4C80,3,"['San Fermo', 'Arena']",Castelvecchio,"['Museo Lapidario', 'Verona Tour', 'Museo Radio', 'San Zeno', 'Sighseeing']",Casa Giulietta,strategy_nearest,False,0.00244903564453125,success
040D783A9C4C81,1,"['Castelvecchio', 'Casa Giulietta']",Palazzo della Ragione,"['AMO', 'Museo Conte', 'Torre Lamberti', 'Centro Fotografia', 'Sighseeing']",Torre Lamberti,strategy_nearest,True,0.0020029544830322266,success
040D7CBA7B3F80,0,"['Arena', 'Teatro Romano']",Castelvecchio,"['Museo Lapidario', 'Verona Tour', 'Museo Radio', 'San Zeno', 'Sighseeing']",Museo Lapidario,strategy_nearest,True,0.0030379295349121094,success
040D7E429C4C81,1,"['Casa Giulietta', 'Torre Lamberti', 'Palazzo della Ragione']",Santa Anastasia,"['AMO', 'Museo Conte', 'Teatro Romano', 'Centro Fotografia', 'Duomo']",Duomo,strategy_nearest,True,0.0019021034240722656,success
040D854A9C4C80,0,['Arena'],Museo Lapidario,"['Verona Tour', 'Castelvecchio', 'Museo Radio', 'San Fermo', 'Casa Giulietta']",Tomba Giulietta,strategy_nearest,False,0.003242015838623047,success
040D854A9C4C81,0,['Arena'],Castelvecchio,"['Museo Lapidario', 'Verona Tour', 'Museo Radio', 'San Zeno', 'Sighseeing']",Casa Giulietta,strategy_nearest,False,0.002563953399658203,success
040D87429C4C80,0,['Castelvecchio'],Arena,"['Verona Tour', 'Museo Lapidario', 'Museo Radio', 'San Fermo', 'Casa Giulietta']",Torre Lamberti,strategy_nearest,False,0.0023801326751708984,success
040D864A9C4C81,3,"['Arena', 'Duomo']",Santa Anastasia,"['AMO', 'Museo Conte', 'Palazzo della Ragione', 'Teatro Romano', 'Centro Fotografia']",Casa Giulietta,strategy_nearest,False,0.003217935562133789,success
040D86BA7B3F80,3,"['Duomo', 'Santa Anastasia', 'Torre Lamberti']",Casa Giulietta,"['Centro Fotografia', 'Sighseeing', 'Museo Conte', 'Museo Radio', 'Palazzo della Ragione']",Teatro Romano,strategy_nearest,False,0.0019631385803222656,success
040D8B429C4C80,3,"['Castelvecchio', 'Arena']",Torre Lamberti,"['Sighseeing', 'Centro Fotografia', 'Museo Conte', 'Casa Giulietta', 'Palazzo della Ragione']",Santa Anastasia,strategy_nearest,False,0.0026280879974365234,success
040D874A9C4C80,3,"['Arena', 'Casa Giulietta', 'Torre Lamberti']",Santa Anastasia,"['AMO', 'Museo Conte', 'Palazzo della Ragione', 'Teatro Romano', 'Centro Fotografia']",Teatro Romano,strategy_nearest,True,0.0033180713653564453,success
040D884A9C4C81,0,['Arena'],Casa Giulietta,"['Centro Fotografia', 'Sighseeing', 'Torre Lamberti', 'Museo Conte', 'Museo Radio']",Tomba Giulietta,strategy_nearest,False,0.002101898193359375,success
040D8C429C4C80,2,['Torre Lamberti'],Palazzo della Ragione,"['AMO', 'Museo Conte', 'Centro Fotografia', 'Sighseeing', 'Santa Anastasia']",Teatro Romano,strategy_nearest,False,0.0032911300659179688,success
040D90429C4C81,0,['Arena'],Casa Giulietta,"['Centro Fotografia', 'Sighseeing', 'Torre Lamberti', 'Museo Conte', 'Museo Radio']",Torre Lamberti,strategy_nearest,True,0.0018787384033203125,success
040D9A4A9C4C80,3,['Arena'],Casa Giulietta,"['Centro Fotografia', 'Sighseeing', 'Torre Lamberti', 'Museo Conte', 'Museo Radio']",Torre Lamberti,strategy_nearest,True,0.0027878284454345703,success
040D8F3A9C4C81,3,"['Arena', 'Casa Giulietta']",Torre Lamberti,"['Sighseeing', 'Centro Fotografia', 'Museo Conte', 'Palazzo della Ragione', 'AMO']",Santa Anastasia,strategy_nearest,False,0.003141164779663086,success
040D9C4A9C4C81,3,"['Arena', 'Santa Anastasia']",Duomo,"['AMO', 'Museo Miniscalchi', 'Teatro Romano', 'Palazzo della Ragione', 'Museo Conte']",Teatro Romano,strategy_nearest,True,0.0032510757446289062,success
040DA34A9C4C81,0,['Casa Giulietta'],Castelvecchio,"['Museo Lapidario', 'Verona Tour', 'Arena', 'Museo Radio', 'San Zeno']",Arena,strategy_nearest,True,0.0033159255981445312,success
040DA44A9C4C80,3,"['Torre Lamberti', 'Casa Giulietta', 'Arena']",Museo Lapidario,"['Verona Tour', 'Castelvecchio', 'Museo Radio', 'San Fermo', 'Tomba Giulietta']",Castelvecchio,strategy_nearest,True,0.004770994186401367,success
040DA64A9C4C81,3,"['Arena', 'Santa Anastasia']",Duomo,"['AMO', 'Museo Miniscalchi', 'Teatro Romano', 'Palazzo della Ragione', 'Museo Conte']",Casa Giulietta,strategy_nearest,False,0.0031490325927734375,success
040DAD429C4C81,1,['Arena'],Casa Giulietta,"['Centro Fotografia', 'Sighseeing', 'Torre Lamberti', 'Museo Conte', 'Museo Radio']",Palazzo della Ragione,strategy_nearest,False,0.002237081527709961,success
040DA94A9C4C80,0,"['Arena', 'Casa Giulietta']",Torre Lamberti,"['Sighseeing', 'Centro Fotografia', 'Museo Conte', 'Palazzo della Ragione', 'AMO']",Teatro Romano,strategy_nearest,False,0.0030379295349121094,success
040DB23A9C4C80,3,"['Arena', 'Casa Giulietta']",San Fermo,"['Museo Storia', 'Museo Radio', 'Centro Fotografia', 'Sighseeing', 'Torre Lamberti']",Santa Anastasia,strategy_nearest,False,0.0026183128356933594,success
040DB8429C4C80,0,['San Zeno'],Castelvecchio,"['Museo Lapidario', 'Verona Tour', 'Arena', 'Museo Radio', 'Sighseeing']",Casa Giulietta,strategy_nearest,False,0.003220081329345703,success
040DAF3A9C4C81,3,"['Castelvecchio', 'San Zeno', 'Museo Lapidario']",Casa Giulietta,"['Centro Fotografia', 'Sighseeing', 'Torre Lamberti', 'Museo Conte', 'Museo Radio']",Torre Lamberti,strategy_nearest,True,0.0020678043365478516,success
040DB73A9C4C81,3,['Arena'],Casa Giulietta,"['Centro Fotografia', 'Sighseeing', 'Torre Lamberti', 'Museo Conte', 'Museo Radio']",Torre Lamberti,strategy_nearest,True,0.0026350021362304688,success
040DB8429C4C81,0,"['Torre Lamberti', 'Castelvecchio']",Casa Giulietta,"['Centro Fotografia', 'Sighseeing', 'Museo Conte', 'Museo Radio', 'Palazzo della Ragione']",Arena,strategy_nearest,False,0.0026030540466308594,success
040DB9429C4C81,2,['Castelvecchio'],Casa Giulietta,"['Centro Fotografia', 'Sighseeing', 'Torre Lamberti', 'Museo Conte', 'Museo Radio']",Torre Lamberti,strategy_nearest,True,0.0019180774688720703,success
040DBC429C4C81,3,['Torre Lamberti'],Santa Anastasia,"['AMO', 'Museo Conte', 'Palazzo della Ragione', 'Teatro Romano', 'Centro Fotografia']",Arena,strategy_nearest,False,0.0027618408203125,success
040DBD429C4C81,3,"['Arena', 'Casa Giulietta']",Torre Lamberti,"['Sighseeing', 'Centro Fotografia', 'Museo Conte', 'Palazzo della Ragione', 'AMO']",San Fermo,strategy_nearest,False,0.0033380985260009766,success
040DBF429C4C80,2,['Castelvecchio'],Torre Lamberti,"['Sighseeing', 'Centro Fotografia', 'Museo Conte', 'Casa Giulietta', 'Palazzo della Ragione']",Santa Anastasia,strategy_nearest,False,0.0025730133056640625,success
040DC43A9C4C80,3,"['Castelvecchio', 'Arena', 'San Fermo']",Casa Giulietta,"['Centro Fotografia', 'Sighseeing', 'Torre Lamberti', 'Museo Conte', 'Museo Radio']",Torre Lamberti,strategy_nearest,True,0.00333404541015625,success
040DC7429C4C80,3,"['Arena', 'Castelvecchio']",Casa Giulietta,"['Centro Fotografia', 'Sighseeing', 'Torre Lamberti', 'Museo Conte', 'Museo Radio']",Santa Anastasia,strategy_nearest,False,0.0028350353240966797,success
040DC8429C4C80,1,"['Arena', 'Palazzo della Ragione']",Casa Giulietta,"['Centro Fotografia', 'Sighseeing', 'Torre Lamberti', 'Museo Conte', 'Museo Radio']",Castelvecchio,strategy_nearest,False,0.0034170150756835938,success
040DC6429C4C80,2,['Castelvecchio'],Casa Giulietta,"['Centro Fotografia', 'Sighseeing', 'Torre Lamberti', 'Museo Conte', 'Museo Radio']",Torre Lamberti,strategy_nearest,True,0.002869844436645508,success
040DD2429C4C81,3,"['Arena', 'Casa Giulietta']",Santa Anastasia,"['AMO', 'Museo Conte', 'Palazzo della Ragione', 'Teatro Romano', 'Centro Fotografia']",Teatro Romano,strategy_nearest,True,0.002131938934326172,success
040DD13A9C4C81,3,"['Castelvecchio', 'Arena', 'Tomba Giulietta']",Torre Lamberti,"['Sighseeing', 'Centro Fotografia', 'Museo Conte', 'Casa Giulietta', 'Palazzo della Ragione']",Teatro Romano,strategy_nearest,False,0.0037031173706054688,success
040DD4429C4C81,2,"['Duomo', 'Santa Anastasia', 'Casa Giulietta']",San Fermo,"['Museo Storia', 'Museo Radio', 'Centro Fotografia', 'Arena', 'Sighseeing']",Castelvecchio,strategy_nearest,False,0.0028390884399414062,success
040DD6429C4C81,3,"['Arena', 'Torre Lamberti', 'Casa Giulietta']",San Fermo,"['Museo Storia', 'Museo Radio', 'Centro Fotografia', 'Sighseeing', 'Museo Conte']",Santa Anastasia,strategy_nearest,False,0.003229856491088867,success
040DD9429C4C81,0,['Torre Lamberti'],Arena,"['Verona Tour', 'Museo Lapidario', 'Museo Radio', 'San Fermo', 'Casa Giulietta']",Teatro Romano,strategy_nearest,False,0.002537965774536133,success
040DE43A9C4C81,3,"['Arena', 'Museo Lapidario', 'Tomba Giulietta', 'San Fermo']",Casa Giulietta,"['Centro Fotografia', 'Sighseeing', 'Torre Lamberti', 'Museo Conte', 'Museo Radio']",Torre Lamberti,strategy_nearest,True,0.0032896995544433594,success
040DF23A9C4C81,0,"['Arena', 'Casa Giulietta']",Torre Lamberti,"['Sighseeing', 'Centro Fotografia', 'Museo Conte', 'Palazzo della Ragione', 'AMO']",Castelvecchio,strategy_nearest,False,0.0026428699493408203,success
040DF3429C4C81,0,['Duomo'],Arena,"['Verona Tour', 'Museo Lapidario', 'Museo Radio', 'San Fermo', 'Casa Giulietta']",Torre Lamberti,strategy_nearest,False,0.0035598278045654297,success
040DF43A9C4C81,3,"['Arena', 'Casa Giulietta', 'Santa Anastasia']",Torre Lamberti,"['Sighseeing', 'Centro Fotografia', 'Museo Conte', 'Palazzo della Ragione', 'AMO']",Giardino Giusti,strategy_nearest,False,0.003256082534790039,success
040DF73A9C4C81,0,"['Castelvecchio', 'Torre Lamberti']",Museo Storia,"['San Fermo', 'Museo Radio', 'Casa Giulietta', 'Centro Fotografia', 'Tomba Giulietta']",San Fermo,strategy_nearest,True,0.0034949779510498047,success
040DF83A9C4C81,1,"['Palazzo della Ragione', 'Torre Lamberti']",Casa Giulietta,"['Centro Fotografia', 'Sighseeing', 'Museo Conte', 'Museo Radio', 'San Fermo']",Arena,strategy_nearest,False,0.0032308101654052734,success
040E34429C4C81,3,"['Arena', 'Casa Giulietta']",Santa Anastasia,"['AMO', 'Museo Conte', 'Palazzo della Ragione', 'Teatro Romano', 'Centro Fotografia']",Duomo,strategy_nearest,False,0.002609729766845703,success
040E3A3A9C4C81,0,['Casa Giulietta'],San Fermo,"['Museo Storia', 'Museo Radio', 'Centro Fotografia', 'Arena', 'Sighseeing']",Arena,strategy_nearest,True,0.0026700496673583984,success
040E353A9C4C81,1,"['Casa Giulietta', 'Arena']",Duomo,"['AMO', 'Museo Miniscalchi', 'Santa Anastasia', 'Teatro Romano', 'Palazzo della Ragione']",Teatro Romano,strategy_nearest,True,0.0032279491424560547,success
040E64429C4C81,3,"['Arena', 'San Fermo', 'Casa Giulietta']",Duomo,"['AMO', 'Museo Miniscalchi', 'Santa Anastasia', 'Teatro Romano', 'Palazzo della Ragione']",Teatro Romano,strategy_nearest,True,0.002460956573486328,success
040E3E3A9C4C81,3,['Santa Anastasia'],Duomo,"['AMO', 'Museo Miniscalchi', 'Teatro Romano', 'Palazzo della Ragione', 'Museo Conte']",Arena,strategy_nearest,False,0.003175973892211914,success
040E70429C4C81,3,"['Arena', 'San Fermo', 'Casa Giulietta']",Torre Lamberti,"['Sighseeing', 'Centro Fotografia', 'Museo Conte', 'Palazzo della Ragione', 'AMO']",Teatro Romano,strategy_nearest,False,0.001867055892944336,success
040E47429C4C81,0,"['Arena', 'Museo Lapidario']",Tomba Giulietta,"['San Fermo', 'Museo Storia', 'Museo Radio', 'Verona Tour', 'Casa Giulietta']",Casa Giulietta,strategy_nearest,True,0.003962039947509766,success
040E713A9C4C81,0,['Casa Giulietta'],Torre Lamberti,"['Sighseeing', 'Centro Fotografia', 'Museo Conte', 'Palazzo della Ragione', 'AMO']",Teatro Romano,strategy_nearest,False,0.0018181800842285156,success
040E74429C4C81,2,['Casa Giulietta'],Palazzo della Ragione,"['AMO', 'Museo Conte', 'Torre Lamberti', 'Centro Fotografia', 'Sighseeing']",Torre Lamberti,strategy_nearest,True,0.0024559497833251953,success
040E753A9C4C80,3,"['Castelvecchio', 'Arena']",Casa Giulietta,"['Centro Fotografia', 'Sighseeing', 'Torre Lamberti', 'Museo Conte', 'Museo Radio']",Teatro Romano,strategy_nearest,False,0.0032329559326171875,success
040E793A9C4C80,0,['Arena'],Castelvecchio,"['Museo Lapidario', 'Verona Tour', 'Museo Radio', 'San Zeno', 'Sighseeing']",San Zeno,strategy_nearest,True,0.0025358200073242188,success
040E793A9C4C81,3,['Arena'],Torre Lamberti,"['Sighseeing', 'Centro Fotografia', 'Museo Conte', 'Casa Giulietta', 'Palazzo della Ragione']",Santa Anastasia,strategy_nearest,False,0.003167867660522461,success
040E7C429C4C81,1,['Palazzo della Ragione'],Torre Lamberti,"['Sighseeing', 'Centro Fotografia', 'Museo Conte', 'Casa Giulietta', 'AMO']",Casa Giulietta,strategy_nearest,True,0.003290891647338867,success
040E7B3A9C4C80,3,"['Arena', 'Torre Lamberti']",Santa Anastasia,"['AMO', 'Museo Conte', 'Palazzo della Ragione', 'Teatro Romano', 'Centro Fotografia']",Duomo,strategy_nearest,False,0.004139900207519531,success
040E7E429C4C81,1,"['Arena', 'Casa Giulietta']",Torre Lamberti,"['Sighseeing', 'Centro Fotografia', 'Museo Conte', 'Palazzo della Ragione', 'AMO']",Palazzo della Ragione,strategy_nearest,True,0.00409388542175293,success
040E80429C4C81,3,"['Arena', 'Casa Giulietta']",Santa Anastasia,"['AMO', 'Museo Conte', 'Palazzo della Ragione', 'Teatro Romano', 'Centro Fotografia']",Teatro Romano,strategy_nearest,True,0.00162506103515625,success
040E824A9C4C80,1,"['Castelvecchio', 'Arena', 'Duomo']",Teatro Romano,"['Santa Anastasia', 'AMO', 'Palazzo della Ragione', 'Museo Conte', 'Centro Fotografia']",Casa Giulietta,strategy_nearest,False,0.002164125442504883,success
040E823A9C4C81,0,['Arena'],Torre Lamberti,"['Sighseeing', 'Centro Fotografia', 'Museo Conte', 'Casa Giulietta', 'Palazzo della Ragione']",Casa Giulietta,strategy_nearest,True,0.0028040409088134766,success
040E83429C4C81,1,"['Casa Giulietta', 'Palazzo della Ragione']",Torre Lamberti,"['Sighseeing', 'Centro Fotografia', 'Museo Conte', 'AMO', 'Museo Miniscalchi']",Castelvecchio,strategy_nearest,False,0.0034270286560058594,success
040E8A4A9C4C81,3,"['Casa Giulietta', 'Torre Lamberti']",Duomo,"['AMO', 'Museo Miniscalchi', 'Santa Anastasia', 'Teatro Romano', 'Palazzo della Ragione']",Santa Anastasia,strategy_nearest,True,0.002796173095703125,success
040E8B3A9C4C81,3,"['Arena', 'Santa Anastasia']",Duomo,"['AMO', 'Museo Miniscalchi', 'Teatro Romano', 'Palazzo della Ragione', 'Museo Conte']",Teatro Romano,strategy_nearest,True,0.0032808780670166016,success
040E8C4A9C4C81,1,['Teatro Romano'],Casa Giulietta,"['Centro Fotografia', 'Sighseeing', 'Torre Lamberti', 'Museo Conte', 'Museo Radio']",Arena,strategy_nearest,False,0.00257110595703125,success
040E86429C4C81,1,"['Arena', 'Museo Lapidario', 'Castelvecchio']",Torre Lamberti,"['Sighseeing', 'Centro Fotografia', 'Museo Conte', 'Casa Giulietta', 'Palazzo della Ragione']",Palazzo della Ragione,strategy_nearest,True,0.002218008041381836,success
040EA9429C4C80,0,"['Arena', 'Casa Giulietta']",Torre Lamberti,"['Sighseeing', 'Centro Fotografia', 'Museo Conte', 'Palazzo della Ragione', 'AMO']",Teatro Romano,strategy_nearest,False,0.0019538402557373047,success
040E90429C4C81,0,['Arena'],Casa Giulietta,"['Centro Fotografia', 'Sighseeing', 'Torre Lamberti', 'Museo Conte', 'Museo Radio']",Torre Lamberti,strategy_nearest,True,0.001438140869140625,success
040EA04A9C4C80,1,"['Arena', 'Casa Giulietta']",Torre Lamberti,"['Sighseeing', 'Centro Fotografia', 'Museo Conte', 'Palazzo della Ragione', 'AMO']",Palazzo della Ragione,strategy_nearest,True,0.002846956253051758,success
040EAA3A9C4C80,0,"['Arena', 'Castelvecchio']",Casa Giulietta,"['Centro Fotografia', 'Sighseeing', 'Torre Lamberti', 'Museo Conte', 'Museo Radio']",San Fermo,strategy_nearest,False,0.0032842159271240234,success
040EB13A9C4C80,3,"['Arena', 'Casa Giulietta']",Santa Anastasia,"['AMO', 'Museo Conte', 'Palazzo della Ragione', 'Teatro Romano', 'Centro Fotografia']",Duomo,strategy_nearest,False,0.0033648014068603516,success
040EB13A9C4C81,0,['Arena'],Casa Giulietta,"['Centro Fotografia', 'Sighseeing', 'Torre Lamberti', 'Museo Conte', 'Museo Radio']",Castelvecchio,strategy_nearest,False,0.0021429061889648438,success
040EB1429C4C81,2,['Casa Giulietta'],Torre Lamberti,"['Sighseeing', 'Centro Fotografia', 'Museo Conte', 'Palazzo della Ragione', 'AMO']",Castelvecchio,strategy_nearest,False,0.0032498836517333984,success
040EAB3A9C4C80,0,['Arena'],Casa Giulietta,"['Centro Fotografia', 'Sighseeing', 'Torre Lamberti', 'Museo Conte', 'Museo Radio']",Santa Anastasia,strategy_nearest,False,0.002785921096801758,success
040EB2429C4C80,0,['Arena'],Castelvecchio,"['Museo Lapidario', 'Verona Tour', 'Museo Radio', 'San Zeno', 'Sighseeing']",Casa Giulietta,strategy_nearest,False,0.0013289451599121094,success
040EB2429C4C81,3,"['Arena', 'San Fermo', 'Santa Anastasia']",Duomo,"['AMO', 'Museo Miniscalchi', 'Teatro Romano', 'Palazzo della Ragione', 'Museo Conte']",Teatro Romano,strategy_nearest,True,0.001965045928955078,success
040EB43A9C4C80,1,"['Arena', 'Casa Giulietta', 'Torre Lamberti']",Palazzo della Ragione,"['AMO', 'Museo Conte', 'Centro Fotografia', 'Sighseeing', 'Santa Anastasia']",Santa Anastasia,strategy_nearest,True,0.002566814422607422,success
040EB63A9C4C80,0,['Casa Giulietta'],Arena,"['Verona Tour', 'Museo Lapidario', 'Museo Radio', 'San Fermo', 'Sighseeing']",Tomba Giulietta,strategy_nearest,False,0.0033550262451171875,success
040EB6429C4C80,0,"['Castelvecchio', 'San Zeno']",Tomba Giulietta,"['San Fermo', 'Museo Storia', 'Arena', 'Museo Lapidario', 'Museo Radio']",Arena,strategy_nearest,True,0.0027952194213867188,success
040EB93A9C4C81,0,['Arena'],Casa Giulietta,"['Centro Fotografia', 'Sighseeing', 'Torre Lamberti', 'Museo Conte', 'Museo Radio']",Torre Lamberti,strategy_nearest,True,0.003198862075805664,success
040EB7429C4C81,3,"['Arena', 'Casa Giulietta']",Torre Lamberti,"['Sighseeing', 'Centro Fotografia', 'Museo Conte', 'Palazzo della Ragione', 'AMO']",Santa Anastasia,strategy_nearest,False,0.002835988998413086,success
040EBA3A9C4C81,0,['Castelvecchio'],Arena,"['Verona Tour', 'Museo Lapidario', 'Museo Radio', 'San Fermo', 'Casa Giulietta']",Santa Anastasia,strategy_nearest,False,0.0031919479370117188,success
040EBD429C4C80,3,"['Torre Lamberti', 'Casa Giulietta']",Giardino Giusti,"['Santa Anastasia', 'Teatro Romano', 'Museo Conte', 'Centro Fotografia', 'Museo Storia']",Arena,strategy_nearest,False,0.003314971923828125,success
040EBE429C4C80,0,"['Castelvecchio', 'Arena']",Torre Lamberti,"['Sighseeing', 'Centro Fotografia', 'Museo Conte', 'Casa Giulietta', 'Palazzo della Ragione']",Casa Giulietta,strategy_nearest,True,0.003481149673461914,success
040EBE429C4C81,0,['Castelvecchio'],Arena,"['Verona Tour', 'Museo Lapidario', 'Museo Radio', 'San Fermo', 'Casa Giulietta']",Casa Giulietta,strategy_nearest,True,0.002457141876220703,success
040EBF3A9C4C80,1,"['Arena', 'Casa Giulietta']",Palazzo della Ragione,"['AMO', 'Museo Conte', 'Torre Lamberti', 'Centro Fotografia', 'Sighseeing']",Torre Lamberti,strategy_nearest,True,0.0028581619262695312,success
040EC23A9C4C80,0,['Castelvecchio'],Arena,"['Verona Tour', 'Museo Lapidario', 'Museo Radio', 'San Fermo', 'Casa Giulietta']",Casa Giulietta,strategy_nearest,True,0.0017671585083007812,success
040EBF429C4C81,3,"['Castelvecchio', 'Torre Lamberti']",Casa Giulietta,"['Centro Fotografia', 'Sighseeing', 'Museo Conte', 'Museo Radio', 'Palazzo della Ragione']",Santa Anastasia,strategy_nearest,False,0.003253936767578125,success
040EC43A9C4C80,5,"['Tomba Giulietta', 'Arena', 'Casa Giulietta', 'Santa Anastasia']",Teatro Romano,"['Duomo', 'AMO', 'Palazzo della Ragione', 'Museo Conte', 'Centro Fotografia']",Museo Miniscalchi,strategy_nearest,False,0.0031440258026123047,success
040EC63A9C4C80,1,['Arena'],Casa Giulietta,"['Centro Fotografia', 'Sighseeing', 'Torre Lamberti', 'Museo Conte', 'Museo Radio']",Palazzo della Ragione,strategy_nearest,False,0.003253936767578125,success
040EC7429C4C80,2,['Casa Giulietta'],Castelvecchio,"['Museo Lapidario', 'Verona Tour', 'Arena', 'Museo Radio', 'San Zeno']",Torre Lamberti,strategy_nearest,False,0.0034019947052001953,success
040EC9429C4C81,1,"['Casa Giulietta', 'Palazzo della Ragione', 'Torre Lamberti']",Castelvecchio,"['Museo Lapidario', 'Verona Tour', 'Arena', 'Museo Radio', 'San Zeno']",Arena,strategy_nearest,True,0.002370119094848633,success
040EC8429C4C81,3,['Arena'],Teatro Romano,"['Santa Anastasia', 'Duomo', 'AMO', 'Palazzo della Ragione', 'Museo Conte']",Castelvecchio,strategy_nearest,False,0.0034050941467285156,success
040ED53A9C4C81,3,"['Arena', 'Castelvecchio', 'San Zeno']",Teatro Romano,"['Santa Anastasia', 'Duomo', 'AMO', 'Palazzo della Ragione', 'Museo Conte']",Duomo,strategy_nearest,True,0.002515077590942383,success
040ECF429C4C81,3,"['Torre Lamberti', 'Santa Anastasia', 'Duomo']",Teatro Romano,"['AMO', 'Palazzo della Ragione', 'Museo Conte', 'Centro Fotografia', 'Museo Miniscalchi']",Arena,strategy_nearest,False,0.003042936325073242,success
040ED8429C4C81,3,"['Museo Lapidario', 'Santa Anastasia']",Duomo,"['AMO', 'Museo Miniscalchi', 'Teatro Romano', 'Palazzo della Ragione', 'Museo Conte']",Torre Lamberti,strategy_nearest,False,0.0027489662170410156,success
040EF43A9C4C81,3,['Arena'],San Zeno,"['Castelvecchio', 'Verona Tour', 'Museo Lapidario', 'Museo Miniscalchi', 'Sighseeing']",San Fermo,strategy_nearest,False,0.003083944320678711,success
040EFC429C4C81,3,"['Teatro Romano', 'Torre Lamberti', 'Arena', 'Tomba Giulietta']",San Fermo,"['Museo Storia', 'Museo Radio', 'Casa Giulietta', 'Centro Fotografia', 'Sighseeing']",Santa Anastasia,strategy_nearest,False,0.0028100013732910156,success
040F3C3A9C4C81,3,"['Arena', 'San Fermo']",Santa Anastasia,"['AMO', 'Museo Conte', 'Palazzo della Ragione', 'Teatro Romano', 'Centro Fotografia']",Teatro Romano,strategy_nearest,True,0.0032567977905273438,success
040F02429C4C85,1,"['Arena', 'Museo Lapidario', 'Castelvecchio', 'Palazzo della Ragione']",Santa Anastasia,"['AMO', 'Museo Conte', 'Teatro Romano', 'Centro Fotografia', 'Duomo']",Teatro Romano,strategy_nearest,True,0.003329038619995117,success
040F3E3A9C4C81,0,"['Casa Giulietta', 'Torre Lamberti']",Teatro Romano,"['Santa Anastasia', 'Duomo', 'AMO', 'Palazzo della Ragione', 'Museo Conte']",Arena,strategy_nearest,False,0.0031969547271728516,success
040F56429C4C81,0,"['Arena', 'Castelvecchio']",San Zeno,"['Verona Tour', 'Museo Lapidario', 'Museo Miniscalchi', 'Sighseeing', 'Museo Radio']",Casa Giulietta,strategy_nearest,False,0.002379179000854492,success
040F6A3A9C4C80,3,['Arena'],Casa Giulietta,"['Centro Fotografia', 'Sighseeing', 'Torre Lamberti', 'Museo Conte', 'Museo Radio']",Torre Lamberti,strategy_nearest,True,0.002626657485961914,success
040F68429C4C81,3,['Arena'],Santa Anastasia,"['AMO', 'Museo Conte', 'Palazzo della Ragione', 'Teatro Romano', 'Centro Fotografia']",Teatro Romano,strategy_nearest,True,0.003442049026489258,success
040F6E3A9C4C81,1,"['Arena', 'San Zeno', 'Castelvecchio', 'Duomo', 'Santa Anastasia']",Torre Lamberti,"['Sighseeing', 'Centro Fotografia', 'Museo Conte', 'Casa Giulietta', 'Palazzo della Ragione']",Casa Giulietta,strategy_nearest,True,0.0031960010528564453,success
040F6A429C4C80,0,"['Arena', 'Casa Giulietta']",Torre Lamberti,"['Sighseeing', 'Centro Fotografia', 'Museo Conte', 'Palazzo della Ragione', 'AMO']",Duomo,strategy_nearest,False,0.0028848648071289062,success
040F6F429C4C81,1,"['Arena', 'Casa Giulietta']",Torre Lamberti,"['Sighseeing', 'Centro Fotografia', 'Museo Conte', 'Palazzo della Ragione', 'AMO']",Palazzo della Ragione,strategy_nearest,True,0.0023581981658935547,success
040F753A9C4C80,3,"['San Fermo', 'Casa Giulietta', 'Santa Anastasia']",Teatro Romano,"['Duomo', 'AMO', 'Palazzo della Ragione', 'Museo Conte', 'Centro Fotografia']",Castelvecchio,strategy_nearest,False,0.0031502246856689453,success
040F783A9C4C80,0,['Arena'],Museo Lapidario,"['Verona Tour', 'Castelvecchio', 'Museo Radio', 'San Fermo', 'Casa Giulietta']",Castelvecchio,strategy_nearest,True,0.0025861263275146484,success
040F7B3A9C4C80,3,"['Torre Lamberti', 'Santa Anastasia', 'Duomo']",Teatro Romano,"['AMO', 'Palazzo della Ragione', 'Museo Conte', 'Centro Fotografia', 'Museo Miniscalchi']",Giardino Giusti,strategy_nearest,False,0.0031859874725341797,success
040F773A9C4C81,2,"['Santa Anastasia', 'Castelvecchio']",Giardino Giusti,"['Teatro Romano', 'Museo Conte', 'Centro Fotografia', 'Museo Storia', 'AMO']",San Zeno,strategy_nearest,False,0.002798795700073242,success
040F7D429C4C80,1,"['Arena', 'San Fermo']",Casa Giulietta,"['Centro Fotografia', 'Sighseeing', 'Torre Lamberti', 'Museo Conte', 'Museo Radio']",Torre Lamberti,strategy_nearest,True,0.0029556751251220703,success
040F824A9C4C80,1,"['San Zeno', 'Arena', 'Tomba Giulietta', 'San Fermo']",Casa Giulietta,"['Centro Fotografia', 'Sighseeing', 'Torre Lamberti', 'Museo Conte', 'Museo Radio']",Palazzo della Ragione,strategy_nearest,False,0.003303050994873047,success
040F874A9C4C81,0,['Teatro Romano'],Casa Giulietta,"['Centro Fotografia', 'Sighseeing', 'Torre Lamberti', 'Museo Conte', 'Museo Radio']",Arena,strategy_nearest,False,0.0019042491912841797,success
040F884A9C4C81,3,"['Arena', 'Casa Giulietta']",Torre Lamberti,"['Sighseeing', 'Centro Fotografia', 'Museo Conte', 'Palazzo della Ragione', 'AMO']",Santa Anastasia,strategy_nearest,False,0.0035920143127441406,success
040F924A9C4C81,0,['Arena'],Castelvecchio,"['Museo Lapidario', 'Verona Tour', 'Museo Radio', 'San Zeno', 'Sighseeing']",Tomba Giulietta,strategy_nearest,False,0.0025017261505126953,success
040FA83A9C4C80,3,['Arena'],Torre Lamberti,"['Sighseeing', 'Centro Fotografia', 'Museo Conte', 'Casa Giulietta', 'Palazzo della Ragione']",Santa Anastasia,strategy_nearest,False,0.002895832061767578,success
040FA9429C4C81,0,"['Arena', 'Castelvecchio']",San Zeno,"['Verona Tour', 'Museo Lapidario', 'Museo Miniscalchi', 'Sighseeing', 'Museo Radio']",Casa Giulietta,strategy_nearest,False,0.002766132354736328,success
040FAE3A9C4C81,0,['Arena'],Casa Giulietta,"['Centro Fotografia', 'Sighseeing', 'Torre Lamberti', 'Museo Conte', 'Museo Radio']",Torre Lamberti,strategy_nearest,True,0.0030410289764404297,success
040FB2429C4C81,3,"['Arena', 'Casa Giulietta']",Torre Lamberti,"['Sighseeing', 'Centro Fotografia', 'Museo Conte', 'Palazzo della Ragione', 'AMO']",Santa Anastasia,strategy_nearest,False,0.00403594970703125,success
040FBD3A9C4C81,0,['Arena'],Casa Giulietta,"['Centro Fotografia', 'Sighseeing', 'Torre Lamberti', 'Museo Conte', 'Museo Radio']",Torre Lamberti,strategy_nearest,True,0.0037419795989990234,success
040FB9429C4C80,1,"['Torre Lamberti', 'Palazzo della Ragione']",Arena,"['Verona Tour', 'Museo Lapidario', 'Museo Radio', 'San Fermo', 'Casa Giulietta']",Santa Anastasia,strategy_nearest,False,0.0058062076568603516,success
040FBF429C4C80,3,"['Arena', 'Casa Giulietta']",Santa Anastasia,"['AMO', 'Museo Conte', 'Palazzo della Ragione', 'Teatro Romano', 'Centro Fotografia']",San Fermo,strategy_nearest,False,0.0056760311126708984,success
040FE53A9C4C81,3,['Santa Anastasia'],Casa Giulietta,"['Centro Fotografia', 'Sighseeing', 'Torre Lamberti', 'Museo Conte', 'Museo Radio']",Torre Lamberti,strategy_nearest,True,0.001909017562866211,success
040FD83A9C4C81,1,"['Arena', 'Torre Lamberti', 'Teatro Romano']",Santa Anastasia,"['AMO', 'Museo Conte', 'Palazzo della Ragione', 'Centro Fotografia', 'Duomo']",Casa Giulietta,strategy_nearest,False,0.004472970962524414,success
040FC8429C4C80,0,['Arena'],Tomba Giulietta,"['San Fermo', 'Museo Storia', 'Museo Lapidario', 'Museo Radio', 'Verona Tour']",Casa Giulietta,strategy_nearest,False,0.006560087203979492,success
040FDB3A9C4C81,1,"['Teatro Romano', 'Arena']",Duomo,"['AMO', 'Museo Miniscalchi', 'Santa Anastasia', 'Palazzo della Ragione', 'Museo Conte']",Torre Lamberti,strategy_nearest,False,0.003654003143310547,success
040FF73A9C4C81,1,"['Arena', 'Casa Giulietta', 'Torre Lamberti']",Palazzo della Ragione,"['AMO', 'Museo Conte', 'Centro Fotografia', 'Sighseeing', 'Santa Anastasia']",Castelvecchio,strategy_nearest,False,0.001661062240600586,success
040FF93A9C4C81,3,"['Santa Anastasia', 'San Fermo', 'Tomba Giulietta', 'Giardino Giusti']",Museo Storia,"['Museo Radio', 'Casa Giulietta', 'Centro Fotografia', 'Arena', 'Torre Lamberti']",Torre Lamberti,strategy_nearest,True,0.002626180648803711,success
041003429C4C85,0,['Arena'],Casa Giulietta,"['Centro Fotografia', 'Sighseeing', 'Torre Lamberti', 'Museo Conte', 'Museo Radio']",Castelvecchio,strategy_nearest,False,0.004315853118896484,success
0410383A9C4C81,3,"['San Zeno', 'Castelvecchio', 'Arena', 'San Fermo']",Casa Giulietta,"['Centro Fotografia', 'Sighseeing', 'Torre Lamberti', 'Museo Conte', 'Museo Radio']",Torre Lamberti,strategy_nearest,True,0.0052030086517333984,success
0410453A9C4C81,3,"['Arena', 'Torre Lamberti', 'Tomba Giulietta']",Casa Giulietta,"['Centro Fotografia', 'Sighseeing', 'Museo Conte', 'Museo Radio', 'Palazzo della Ragione']",San Fermo,strategy_nearest,False,0.003574848175048828,success
04103A3A9C4C81,2,['Casa Giulietta'],Torre Lamberti,"['Sighseeing', 'Centro Fotografia', 'Museo Conte', 'Palazzo della Ragione', 'AMO']",Castelvecchio,strategy_nearest,False,0.0017001628875732422,success
041054429C4C81,0,['Arena'],Castelvecchio,"['Museo Lapidario', 'Verona Tour', 'Museo Radio', 'San Zeno', 'Sighseeing']",Torre Lamberti,strategy_nearest,False,0.003888845443725586,success
04105C3A9C4C81,1,"['Arena', 'Museo Lapidario', 'Casa Giulietta']",Duomo,"['AMO', 'Museo Miniscalchi', 'Santa Anastasia', 'Teatro Romano', 'Palazzo della Ragione']",Teatro Romano,strategy_nearest,True,0.0020110607147216797,success
041068429C4C80,0,['Torre Lamberti'],Casa Giulietta,"['Centro Fotografia', 'Sighseeing', 'Museo Conte', 'Museo Radio', 'Palazzo della Ragione']",Arena,strategy_nearest,False,0.002755880355834961,success
041067429C4C80,1,"['Torre Lamberti', 'Palazzo della Ragione']",Teatro Romano,"['Santa Anastasia', 'Duomo', 'AMO', 'Museo Conte', 'Centro Fotografia']",Casa Giulietta,strategy_nearest,False,0.0024051666259765625,success
04106B429C4C81,3,['Arena'],Torre Lamberti,"['Sighseeing', 'Centro Fotografia', 'Museo Conte', 'Casa Giulietta', 'Palazzo della Ragione']",Santa Anastasia,strategy_nearest,False,0.003381967544555664,success
0410713A9C4C80,0,['Arena'],Torre Lamberti,"['Sighseeing', 'Centro Fotografia', 'Museo Conte', 'Casa Giulietta', 'Palazzo della Ragione']",Casa Giulietta,strategy_nearest,True,0.002541780471801758,success
0410743A9C4C80,0,['Torre Lamberti'],Casa Giulietta,"['Centro Fotografia', 'Sighseeing', 'Museo Conte', 'Museo Radio', 'Palazzo della Ragione']",Arena,strategy_nearest,False,0.001856088638305664,success
0410793A9C4C80,0,['Arena'],Casa Giulietta,"['Centro Fotografia', 'Sighseeing', 'Torre Lamberti', 'Museo Conte', 'Museo Radio']",Torre Lamberti,strategy_nearest,True,0.0034759044647216797,success
04107D429C4C81,2,"['Casa Giulietta', 'Torre Lamberti']",Santa Anastasia,"['AMO', 'Museo Conte', 'Palazzo della Ragione', 'Teatro Romano', 'Centro Fotografia']",Castelvecchio,strategy_nearest,False,0.003180980682373047,success
04107E429C4C80,2,"['San Fermo', 'Casa Giulietta']",Duomo,"['AMO', 'Museo Miniscalchi', 'Santa Anastasia', 'Teatro Romano', 'Palazzo della Ragione']",Santa Anastasia,strategy_nearest,True,0.003110170364379883,success
04107F3A9C4C81,1,"['Arena', 'Casa Giulietta']",Torre Lamberti,"['Sighseeing', 'Centro Fotografia', 'Museo Conte', 'Palazzo della Ragione', 'AMO']",Palazzo della Ragione,strategy_nearest,True,0.0028820037841796875,success
04107F429C4C80,3,"['Arena', 'Casa Giulietta', 'Santa Anastasia']",Teatro Romano,"['Duomo', 'AMO', 'Palazzo della Ragione', 'Museo Conte', 'Centro Fotografia']",Duomo,strategy_nearest,True,0.0027189254760742188,success
04107F4A9C4C81,1,"['Teatro Romano', 'Torre Lamberti']",Palazzo della Ragione,"['AMO', 'Museo Conte', 'Centro Fotografia', 'Sighseeing', 'Santa Anastasia']",Arena,strategy_nearest,False,0.0033180713653564453,success
0410824A9C4C81,3,"['Arena', 'Santa Anastasia']",Torre Lamberti,"['Sighseeing', 'Centro Fotografia', 'Museo Conte', 'Casa Giulietta', 'Palazzo della Ragione']",Casa Giulietta,strategy_nearest,True,0.0027358531951904297,success
0410813A9C4C80,0,"['Teatro Romano', 'Teatro Romano']",Casa Giulietta,"['Centro Fotografia', 'Sighseeing', 'Torre Lamberti', 'Museo Conte', 'Museo Radio']",Torre Lamberti,strategy_nearest,True,0.0022339820861816406,success
0410823A9C4C81,1,"['Arena', 'Casa Giulietta']",Palazzo della Ragione,"['AMO', 'Museo Conte', 'Torre Lamberti', 'Centro Fotografia', 'Sighseeing']",Torre Lamberti,strategy_nearest,True,0.0014138221740722656,success
04108A4A9C4C81,0,['Arena'],Casa Giulietta,"['Centro Fotografia', 'Sighseeing', 'Torre Lamberti', 'Museo Conte', 'Museo Radio']",Casa Giulietta,strategy_nearest,False,0.0017888545989990234,success
0410874A9C4C80,3,"['Teatro Romano', 'Duomo', 'Santa Anastasia', 'Casa Giulietta']",Arena,"['Verona Tour', 'Museo Lapidario', 'Museo Radio', 'San Fermo', 'Sighseeing']",Torre Lamberti,strategy_nearest,False,0.003379344940185547,success
041088429C4C80,1,"['Arena', 'Casa Giulietta', 'Torre Lamberti']",Palazzo della Ragione,"['AMO', 'Museo Conte', 'Centro Fotografia', 'Sighseeing', 'Santa Anastasia']",Santa Anastasia,strategy_nearest,True,0.0028378963470458984,success
04108B429C4C81,3,"['Casa Giulietta', 'Arena']",San Zeno,"['Castelvecchio', 'Verona Tour', 'Museo Lapidario', 'Museo Miniscalchi', 'Sighseeing']",Castelvecchio,strategy_nearest,True,0.0032138824462890625,success
0410A0429C4C80,3,"['Arena', 'Casa Giulietta', 'Torre Lamberti']",Santa Anastasia,"['AMO', 'Museo Conte', 'Palazzo della Ragione', 'Teatro Romano', 'Centro Fotografia']",Duomo,strategy_nearest,False,0.002775907516479492,success
0410A63A9C4C81,0,['Torre Lamberti'],Castelvecchio,"['Museo Lapidario', 'Verona Tour', 'Arena', 'Museo Radio', 'San Zeno']",Arena,strategy_nearest,True,0.003165006637573242,success
0410A7429C4C80,0,['San Fermo'],Arena,"['Verona Tour', 'Museo Lapidario', 'Museo Radio', 'Casa Giulietta', 'Sighseeing']",Castelvecchio,strategy_nearest,False,0.0030517578125,success
0410AB429C4C81,3,"['Arena', 'Santa Anastasia']",San Zeno,"['Castelvecchio', 'Verona Tour', 'Museo Lapidario', 'Museo Miniscalchi', 'Sighseeing']",Duomo,strategy_nearest,False,0.0024230480194091797,success
0410AC3A9C4C81,3,['Arena'],Santa Anastasia,"['AMO', 'Museo Conte', 'Palazzo della Ragione', 'Teatro Romano', 'Centro Fotografia']",Duomo,strategy_nearest,False,0.0023932456970214844,success
0410B1429C4C81,3,"['Torre Lamberti', 'Santa Anastasia']",Duomo,"['AMO', 'Museo Miniscalchi', 'Teatro Romano', 'Palazzo della Ragione', 'Museo Conte']",Castelvecchio,strategy_nearest,False,0.002262115478515625,success
0410BA429C4C81,0,['Tomba Giulietta'],Arena,"['Verona Tour', 'Museo Lapidario', 'Museo Radio', 'San Fermo', 'Casa Giulietta']",Teatro Romano,strategy_nearest,False,0.0022230148315429688,success
0410B83A9C4C81,1,"['Casa Giulietta', 'Arena', 'Museo Lapidario', 'Castelvecchio']",Torre Lamberti,"['Sighseeing', 'Centro Fotografia', 'Museo Conte', 'Palazzo della Ragione', 'AMO']",Palazzo della Ragione,strategy_nearest,True,0.0028858184814453125,success
0410BE3A9C4C80,1,['Arena'],Casa Giulietta,"['Centro Fotografia', 'Sighseeing', 'Torre Lamberti', 'Museo Conte', 'Museo Radio']",Palazzo della Ragione,strategy_nearest,False,0.00302886962890625,success
0410C43A9C4C80,1,"['Casa Giulietta', 'Arena']",Torre Lamberti,"['Sighseeing', 'Centro Fotografia', 'Museo Conte', 'Palazzo della Ragione', 'AMO']",Palazzo della Ragione,strategy_nearest,True,0.0018417835235595703,success
0410C2429C4C81,3,"['Arena', 'Duomo']",Santa Anastasia,"['AMO', 'Museo Conte', 'Palazzo della Ragione', 'Teatro Romano', 'Centro Fotografia']",Torre Lamberti,strategy_nearest,False,0.0024619102478027344,success
0410CA429C4C80,1,"['Castelvecchio', 'Teatro Romano']",Palazzo della Ragione,"['AMO', 'Museo Conte', 'Torre Lamberti', 'Centro Fotografia', 'Sighseeing']",Casa Giulietta,strategy_nearest,False,0.002505064010620117,success
0410D63A9C4C81,3,"['Santa Anastasia', 'Torre Lamberti', 'Casa Giulietta']",Museo Lapidario,"['Verona Tour', 'Arena', 'Castelvecchio', 'Museo Radio', 'San Fermo']",Arena,strategy_nearest,True,0.0021660327911376953,success
0410CB429C4C80,1,"['Palazzo della Ragione', 'Torre Lamberti', 'Casa Giulietta']",Santa Anastasia,"['AMO', 'Museo Conte', 'Teatro Romano', 'Centro Fotografia', 'Duomo']",Duomo,strategy_nearest,True,0.004065036773681641,success
0410DF3A9C4C81,0,['Arena'],San Zeno,"['Castelvecchio', 'Verona Tour', 'Museo Lapidario', 'Museo Miniscalchi', 'Sighseeing']",Torre Lamberti,strategy_nearest,False,0.0027801990509033203,success
0410D73A9C4C81,3,"['Arena', 'San Zeno', 'Castelvecchio']",Duomo,"['AMO', 'Museo Miniscalchi', 'Santa Anastasia', 'Teatro Romano', 'Palazzo della Ragione']",Teatro Romano,strategy_nearest,True,0.003408193588256836,success
0410E03A9C4C81,3,"['Arena', 'Casa Giulietta']",Castelvecchio,"['Museo Lapidario', 'Verona Tour', 'Museo Radio', 'San Zeno', 'Sighseeing']",Duomo,strategy_nearest,False,0.002579212188720703,success
0410E3429C4C81,0,"['Arena', 'Torre Lamberti', 'Teatro Romano']",Castelvecchio,"['Museo Lapidario', 'Verona Tour', 'Museo Radio', 'San Zeno', 'Sighseeing']",Casa Giulietta,strategy_nearest,False,0.003134012222290039,success
0410EA3A9C4C81,0,['Arena'],Tomba Giulietta,"['San Fermo', 'Museo Storia', 'Museo Lapidario', 'Museo Radio', 'Verona Tour']",Casa Giulietta,strategy_nearest,False,0.0026912689208984375,success
041135429C4C81,3,"['Arena', 'Casa Giulietta']",Torre Lamberti,"['Sighseeing', 'Centro Fotografia', 'Museo Conte', 'Palazzo della Ragione', 'AMO']",Santa Anastasia,strategy_nearest,False,0.0029358863830566406,success
0411493A9C4C81,3,"['Santa Anastasia', 'Duomo']",Arena,"['Verona Tour', 'Museo Lapidario', 'Museo Radio', 'San Fermo', 'Casa Giulietta']",Castelvecchio,strategy_nearest,False,0.0020232200622558594,success
04113D3A9C4C81,0,"['Arena', 'Museo Lapidario']",Castelvecchio,"['Verona Tour', 'Museo Radio', 'San Zeno', 'Sighseeing', 'Museo Miniscalchi']",Casa Giulietta,strategy_nearest,False,0.0026988983154296875,success
04114C3A9C4C81,1,"['Arena', 'Teatro Romano', 'Santa Anastasia']",Castelvecchio,"['Museo Lapidario', 'Verona Tour', 'Museo Radio', 'San Zeno', 'Sighseeing']",Torre Lamberti,strategy_nearest,False,0.0026941299438476562,success
041155429C4C81,0,['Arena'],Casa Giulietta,"['Centro Fotografia', 'Sighseeing', 'Torre Lamberti', 'Museo Conte', 'Museo Radio']",Torre Lamberti,strategy_nearest,True,0.003214120864868164,success
0411573A9C4C81,4,"['Torre Lamberti', 'Museo Lapidario', 'Arena']",Casa Giulietta,"['Centro Fotografia', 'Sighseeing', 'Museo Conte', 'Museo Radio', 'Palazzo della Ragione']",Palazzo della Ragione,strategy_nearest,True,0.002293109893798828,success
041160429C4C81,3,"['Arena', 'Torre Lamberti', 'Teatro Romano']",Duomo,"['AMO', 'Museo Miniscalchi', 'Santa Anastasia', 'Palazzo della Ragione', 'Museo Conte']",Casa Giulietta,strategy_nearest,False,0.0025949478149414062,success
04116A3A9C4C80,1,"['Arena', 'Casa Giulietta', 'Torre Lamberti', 'Palazzo della Ragione', 'Santa Anastasia']",Duomo,"['AMO', 'Museo Miniscalchi', 'Teatro Romano', 'Museo Conte', 'Centro Fotografia']",Castelvecchio,strategy_nearest,False,0.003240346908569336,success
04116B429C4C81,1,"['Teatro Romano', 'Torre Lamberti']",Palazzo della Ragione,"['AMO', 'Museo Conte', 'Centro Fotografia', 'Sighseeing', 'Santa Anastasia']",Arena,strategy_nearest,False,0.0031859874725341797,success
0411713A9C4C80,0,['Arena'],Casa Giulietta,"['Centro Fotografia', 'Sighseeing', 'Torre Lamberti', 'Museo Conte', 'Museo Radio']",Torre Lamberti,strategy_nearest,True,0.003301858901977539,success
0411723A9C4C81,3,"['Arena', 'Castelvecchio']",Duomo,"['AMO', 'Museo Miniscalchi', 'Santa Anastasia', 'Teatro Romano', 'Palazzo della Ragione']",Teatro Romano,strategy_nearest,True,0.003071308135986328,success
0411713A9C4C81,0,['Casa Giulietta'],Torre Lamberti,"['Sighseeing', 'Centro Fotografia', 'Museo Conte', 'Palazzo della Ragione', 'AMO']",Arena,strategy_nearest,False,0.0025169849395751953,success
0411763A9C4C81,1,"['Arena', 'Casa Giulietta', 'Torre Lamberti']",Palazzo della Ragione,"['AMO', 'Museo Conte', 'Centro Fotografia', 'Sighseeing', 'Santa Anastasia']",Santa Anastasia,strategy_nearest,True,0.0020961761474609375,success
0411763A9C4C80,1,['Arena'],Casa Giulietta,"['Centro Fotografia', 'Sighseeing', 'Torre Lamberti', 'Museo Conte', 'Museo Radio']",Palazzo della Ragione,strategy_nearest,False,0.002355813980102539,success
041178429C4C80,0,"['Arena', 'Torre Lamberti']",Casa Giulietta,"['Centro Fotografia', 'Sighseeing', 'Museo Conte', 'Museo Radio', 'Palazzo della Ragione']",Tomba Giulietta,strategy_nearest,False,0.002505064010620117,success
04117A4A9C4C81,3,"['Casa Giulietta', 'Torre Lamberti', 'Santa Anastasia']",Duomo,"['AMO', 'Museo Miniscalchi', 'Teatro Romano', 'Palazzo della Ragione', 'Museo Conte']",Teatro Romano,strategy_nearest,True,0.00321197509765625,success
04117B3A9C4C80,1,['Arena'],Casa Giulietta,"['Centro Fotografia', 'Sighseeing', 'Torre Lamberti', 'Museo Conte', 'Museo Radio']",Palazzo della Ragione,strategy_nearest,False,0.0025899410247802734,success
04118A3A9C4C81,3,"['Castelvecchio', 'Torre Lamberti']",Teatro Romano,"['Santa Anastasia', 'Duomo', 'AMO', 'Palazzo della Ragione', 'Museo Conte']",Duomo,strategy_nearest,True,0.0026319026947021484,success
041181429C4C80,1,"['Santa Anastasia', 'Palazzo della Ragione']",San Zeno,"['Castelvecchio', 'Verona Tour', 'Museo Lapidario', 'Arena', 'Museo Miniscalchi']",Castelvecchio,strategy_nearest,True,0.002566814422607422,success
04118E3A9C4C81,0,['Arena'],Torre Lamberti,"['Sighseeing', 'Centro Fotografia', 'Museo Conte', 'Casa Giulietta', 'Palazzo della Ragione']",Casa Giulietta,strategy_nearest,True,0.0030100345611572266,success
0411A14A9C4C81,0,['Arena'],Casa Giulietta,"['Centro Fotografia', 'Sighseeing', 'Torre Lamberti', 'Museo Conte', 'Museo Radio']",Torre Lamberti,strategy_nearest,True,0.0018301010131835938,success
0411903A9C4C81,3,"['Duomo', 'Teatro Romano']",Castelvecchio,"['Museo Lapidario', 'Verona Tour', 'Arena', 'Museo Radio', 'San Zeno']",Arena,strategy_nearest,True,0.0028519630432128906,success
0411A54A9C4C81,1,"['Castelvecchio', 'Arena']",Palazzo della Ragione,"['AMO', 'Museo Conte', 'Torre Lamberti', 'Centro Fotografia', 'Sighseeing']",Torre Lamberti,strategy_nearest,True,0.003983020782470703,success
0411AF3A9C4C80,1,"['Arena', 'Casa Giulietta']",Torre Lamberti,"['Sighseeing', 'Centro Fotografia', 'Museo Conte', 'Palazzo della Ragione', 'AMO']",Palazzo della Ragione,strategy_nearest,True,0.003340005874633789,success
0411B13A9C4C80,3,"['San Zeno', 'Castelvecchio']",Arena,"['Verona Tour', 'Museo Lapidario', 'Museo Radio', 'San Fermo', 'Casa Giulietta']",Duomo,strategy_nearest,False,0.003081083297729492,success
0411A9429C4C81,0,['San Zeno'],Castelvecchio,"['Museo Lapidario', 'Verona Tour', 'Arena', 'Museo Radio', 'Sighseeing']",Arena,strategy_nearest,True,0.0023641586303710938,success
0411B23A9C4C80,3,"['Arena', 'Castelvecchio', 'Casa Giulietta', 'Torre Lamberti']",Santa Anastasia,"['AMO', 'Museo Conte', 'Palazzo della Ragione', 'Teatro Romano', 'Centro Fotografia']",Duomo,strategy_nearest,False,0.002657175064086914,success
0411B4429C4C80,3,"['Arena', 'Casa Giulietta']",Torre Lamberti,"['Sighseeing', 'Centro Fotografia', 'Museo Conte', 'Palazzo della Ragione', 'AMO']",Santa Anastasia,strategy_nearest,False,0.0025310516357421875,success
0411B73A9C4C81,0,"['Arena', 'Torre Lamberti']",Teatro Romano,"['Santa Anastasia', 'Duomo', 'AMO', 'Palazzo della Ragione', 'Museo Conte']",Tomba Giulietta,strategy_nearest,False,0.0025179386138916016,success
0411BF429C4C81,3,"['Castelvecchio', 'Torre Lamberti']",Casa Giulietta,"['Centro Fotografia', 'Sighseeing', 'Museo Conte', 'Museo Radio', 'Palazzo della Ragione']",Santa Anastasia,strategy_nearest,False,0.003117084503173828,success
0411C3429C4C80,0,['Arena'],Casa Giulietta,"['Centro Fotografia', 'Sighseeing', 'Torre Lamberti', 'Museo Conte', 'Museo Radio']",Giardino Giusti,strategy_nearest,False,0.003047943115234375,success
0411B5429C4C80,3,['Arena'],Santa Anastasia,"['AMO', 'Museo Conte', 'Palazzo della Ragione', 'Teatro Romano', 'Centro Fotografia']",Teatro Romano,strategy_nearest,True,0.003288745880126953,success
0411CA429C4C80,3,"['Teatro Romano', 'Santa Anastasia']",Arena,"['Verona Tour', 'Museo Lapidario', 'Museo Radio', 'San Fermo', 'Casa Giulietta']",Casa Giulietta,strategy_nearest,True,0.0026438236236572266,success
0411CB429C4C80,3,"['Castelvecchio', 'Arena', 'Tomba Giulietta', 'San Fermo']",Casa Giulietta,"['Centro Fotografia', 'Sighseeing', 'Torre Lamberti', 'Museo Conte', 'Museo Radio']",Torre Lamberti,strategy_nearest,True,0.003389120101928711,success
0411D0429C4C80,1,"['Teatro Romano', 'Casa Giulietta', 'Arena', 'Palazzo della Ragione']",Torre Lamberti,"['Sighseeing', 'Centro Fotografia', 'Museo Conte', 'AMO', 'Museo Miniscalchi']",Santa Anastasia,strategy_nearest,False,0.0020148754119873047,success
0411DA429C4C81,3,"['Arena', 'Casa Giulietta', 'Torre Lamberti']",Duomo,"['AMO', 'Museo Miniscalchi', 'Santa Anastasia', 'Teatro Romano', 'Palazzo della Ragione']",Teatro Romano,strategy_nearest,True,0.003397703170776367,success
0411E23A9C4C81,3,"['Castelvecchio', 'Arena', 'Casa Giulietta']",Santa Anastasia,"['AMO', 'Museo Conte', 'Palazzo della Ragione', 'Teatro Romano', 'Centro Fotografia']",San Fermo,strategy_nearest,False,0.003228902816772461,success
0411DF3A9C4C81,3,"['Arena', 'Casa Giulietta']",Santa Anastasia,"['AMO', 'Museo Conte', 'Palazzo della Ragione', 'Teatro Romano', 'Centro Fotografia']",Duomo,strategy_nearest,False,0.003182649612426758,success
0411E03A9C4C81,1,['Arena'],Duomo,"['AMO', 'Museo Miniscalchi', 'Santa Anastasia', 'Teatro Romano', 'Palazzo della Ragione']",Palazzo della Ragione,strategy_nearest,True,0.001961946487426758,success
0411EB3A9C4C81,0,"['Arena', 'Museo Lapidario']",Castelvecchio,"['Verona Tour', 'Museo Radio', 'San Zeno', 'Sighseeing', 'Museo Miniscalchi']",Casa Giulietta,strategy_nearest,False,0.003368854522705078,success
0412393A9C4C81,3,['Casa Giulietta'],Arena,"['Verona Tour', 'Museo Lapidario', 'Museo Radio', 'San Fermo', 'Sighseeing']",Torre Lamberti,strategy_nearest,False,0.0024318695068359375,success
0411FC3A9C4C81,3,"['Museo Lapidario', 'Arena', 'Castelvecchio']",Santa Anastasia,"['AMO', 'Museo Conte', 'Palazzo della Ragione', 'Teatro Romano', 'Centro Fotografia']",Teatro Romano,strategy_nearest,True,0.0020117759704589844,success
0412383A9C4C81,0,['Torre Lamberti'],Casa Giulietta,"['Centro Fotografia', 'Sighseeing', 'Museo Conte', 'Museo Radio', 'Palazzo della Ragione']",Arena,strategy_nearest,False,0.003159046173095703,success
0412433A9C4C81,2,['Casa Giulietta'],Torre Lamberti,"['Sighseeing', 'Centro Fotografia', 'Museo Conte', 'Palazzo della Ragione', 'AMO']",Castelvecchio,strategy_nearest,False,0.002010822296142578,success
04123E3A9C4C81,3,"['Torre Lamberti', 'Arena', 'Teatro Romano', 'Duomo']",Santa Anastasia,"['AMO', 'Museo Conte', 'Palazzo della Ragione', 'Centro Fotografia', 'Sighseeing']",San Fermo,strategy_nearest,False,0.0014851093292236328,success
04123C3A9C4C81,3,"['Arena', 'Santa Anastasia', 'Casa Giulietta']",Teatro Romano,"['Duomo', 'AMO', 'Palazzo della Ragione', 'Museo Conte', 'Centro Fotografia']",Museo Storia,strategy_nearest,False,0.0027480125427246094,success
04124A429C4C81,3,"['Arena', 'Casa Giulietta', 'Torre Lamberti']",Santa Anastasia,"['AMO', 'Museo Conte', 'Palazzo della Ragione', 'Teatro Romano', 'Centro Fotografia']",Duomo,strategy_nearest,False,0.0032761096954345703,success
0412593A9C4C81,3,"['Torre Lamberti', 'Santa Anastasia', 'Tomba Giulietta', 'San Fermo']",Teatro Romano,"['Duomo', 'AMO', 'Palazzo della Ragione', 'Museo Conte', 'Centro Fotografia']",Duomo,strategy_nearest,True,0.0026428699493408203,success
041258429C4C81,0,['Arena'],Castelvecchio,"['Museo Lapidario', 'Verona Tour', 'Museo Radio', 'San Zeno', 'Sighseeing']",Teatro Romano,strategy_nearest,False,0.0019140243530273438,success
04125C3A9C4C81,0,"['Arena', 'Casa Giulietta']",Torre Lamberti,"['Sighseeing', 'Centro Fotografia', 'Museo Conte', 'Palazzo della Ragione', 'AMO']",Teatro Romano,strategy_nearest,False,0.0036470890045166016,success
04125F429C4C81,3,"['Torre Lamberti', 'Santa Anastasia']",Casa Giulietta,"['Centro Fotografia', 'Sighseeing', 'Museo Conte', 'Museo Radio', 'Palazzo della Ragione']",Arena,strategy_nearest,False,0.003481149673461914,success
041260429C4C81,3,"['Arena', 'San Zeno']",Duomo,"['AMO', 'Museo Miniscalchi', 'Santa Anastasia', 'Teatro Romano', 'Palazzo della Ragione']",Torre Lamberti,strategy_nearest,False,0.0025017261505126953,success
041262429C4C81,3,"['Arena', 'Castelvecchio']",San Fermo,"['Museo Storia', 'Museo Radio', 'Casa Giulietta', 'Centro Fotografia', 'Sighseeing']",Duomo,strategy_nearest,False,0.002584218978881836,success
041262429C4C80,3,['Arena'],Santa Anastasia,"['AMO', 'Museo Conte', 'Palazzo della Ragione', 'Teatro Romano', 'Centro Fotografia']",Duomo,strategy_nearest,False,0.002518177032470703,success
041267429C4C80,2,['San Zeno'],Duomo,"['AMO', 'Museo Miniscalchi', 'Santa Anastasia', 'Teatro Romano', 'Palazzo della Ragione']",Santa Anastasia,strategy_nearest,True,0.0034198760986328125,success
04126B429C4C80,0,['Arena'],Casa Giulietta,"['Centro Fotografia', 'Sighseeing', 'Torre Lamberti', 'Museo Conte', 'Museo Radio']",Palazzo della Ragione,strategy_nearest,False,0.0033600330352783203,success
04126C429C4C80,0,['Arena'],Casa Giulietta,"['Centro Fotografia', 'Sighseeing', 'Torre Lamberti', 'Museo Conte', 'Museo Radio']",Santa Anastasia,strategy_nearest,False,0.0027141571044921875,success
0412773A9C4C80,0,['Tomba Giulietta'],Arena,"['Verona Tour', 'Museo Lapidario', 'Museo Radio', 'San Fermo', 'Casa Giulietta']",Casa Giulietta,strategy_nearest,True,0.002729177474975586,success
04126D429C4C81,3,"['Duomo', 'Santa Anastasia']",Torre Lamberti,"['Sighseeing', 'Centro Fotografia', 'Museo Conte', 'Casa Giulietta', 'Palazzo della Ragione']",Arena,strategy_nearest,False,0.0033330917358398438,success
0412793A9C4C80,3,['Arena'],Casa Giulietta,"['Centro Fotografia', 'Sighseeing', 'Torre Lamberti', 'Museo Conte', 'Museo Radio']",Torre Lamberti,strategy_nearest,True,0.0027430057525634766,success
041279429C4C80,3,['Arena'],Torre Lamberti,"['Sighseeing', 'Centro Fotografia', 'Museo Conte', 'Casa Giulietta', 'Palazzo della Ragione']",Santa Anastasia,strategy_nearest,False,0.0030269622802734375,success
04127B3A9C4C80,0,"['Arena', 'Castelvecchio']",Casa Giulietta,"['Centro Fotografia', 'Sighseeing', 'Torre Lamberti', 'Museo Conte', 'Museo Radio']",Teatro Romano,strategy_nearest,False,0.0028769969940185547,success
0412874A9C4C80,0,"['Arena', 'Castelvecchio']",Teatro Romano,"['Santa Anastasia', 'Duomo', 'AMO', 'Palazzo della Ragione', 'Museo Conte']",Torre Lamberti,strategy_nearest,False,0.002549886703491211,success
04127D429C4C81,0,['Arena'],Castelvecchio,"['Museo Lapidario', 'Verona Tour', 'Museo Radio', 'San Zeno', 'Sighseeing']",Casa Giulietta,strategy_nearest,False,0.0032367706298828125,success
04128D3A9C4C81,3,"['Arena', 'Santa Anastasia']",Duomo,"['AMO', 'Museo Miniscalchi', 'Teatro Romano', 'Palazzo della Ragione', 'Museo Conte']",Casa Giulietta,strategy_nearest,False,0.0032570362091064453,success
04128D4A9C4C80,3,"['Arena', 'Casa Giulietta']",Santa Anastasia,"['AMO', 'Museo Conte', 'Palazzo della Ragione', 'Teatro Romano', 'Centro Fotografia']",Duomo,strategy_nearest,False,0.0019297599792480469,success
04128D429C4C81,0,['Casa Giulietta'],Torre Lamberti,"['Sighseeing', 'Centro Fotografia', 'Museo Conte', 'Palazzo della Ragione', 'AMO']",Arena,strategy_nearest,False,0.002604961395263672,success
04128D4A9C4C81,4,"['Arena', 'Duomo', 'Casa Giulietta']",Santa Anastasia,"['AMO', 'Museo Conte', 'Palazzo della Ragione', 'Teatro Romano', 'Centro Fotografia']",Castelvecchio,strategy_nearest,False,0.002588033676147461,success
0412914A9C4C80,4,"['Arena', 'Duomo', 'Casa Giulietta']",Santa Anastasia,"['AMO', 'Museo Conte', 'Palazzo della Ragione', 'Teatro Romano', 'Centro Fotografia']",Castelvecchio,strategy_nearest,False,0.0027403831481933594,success
041291429C4C80,1,"['Santa Anastasia', 'Duomo', 'Teatro Romano', 'Casa Giulietta', 'Casa Giulietta']",Torre Lamberti,"['Sighseeing', 'Centro Fotografia', 'Museo Conte', 'Palazzo della Ragione', 'AMO']",Palazzo della Ragione,strategy_nearest,True,0.003384828567504883,success
04128E4A9C4C81,1,['Teatro Romano'],Duomo,"['AMO', 'Museo Miniscalchi', 'Santa Anastasia', 'Palazzo della Ragione', 'Museo Conte']",Palazzo della Ragione,strategy_nearest,True,0.0020301342010498047,success
04129D429C4C81,1,"['Arena', 'Casa Giulietta']",Torre Lamberti,"['Sighseeing', 'Centro Fotografia', 'Museo Conte', 'Palazzo della Ragione', 'AMO']",Palazzo della Ragione,strategy_nearest,True,0.0025658607482910156,success
04129F4A9C4C80,1,"['Arena', 'Casa Giulietta']",Torre Lamberti,"['Sighseeing', 'Centro Fotografia', 'Museo Conte', 'Palazzo della Ragione', 'AMO']",Palazzo della Ragione,strategy_nearest,True,0.001981973648071289,success
0412A672743380,1,"['Tomba Giulietta', 'San Fermo', 'Casa Giulietta', 'Torre Lamberti']",Castelvecchio,"['Museo Lapidario', 'Verona Tour', 'Arena', 'Museo Radio', 'San Zeno']",Palazzo della Ragione,strategy_nearest,False,0.0027039051055908203,success
0412A8429C4C80,0,"['Arena', 'Casa Giulietta']",Santa Anastasia,"['AMO', 'Museo Conte', 'Palazzo della Ragione', 'Teatro Romano', 'Centro Fotografia']",Tomba Giulietta,strategy_nearest,False,0.0031239986419677734,success
0412AC429C4C81,3,"['Arena', 'San Zeno']",Duomo,"['AMO', 'Museo Miniscalchi', 'Santa Anastasia', 'Teatro Romano', 'Palazzo della Ragione']",Teatro Romano,strategy_nearest,True,0.002651214599609375,success
0412A9429C4C80,1,"['Castelvecchio', 'Tomba Giulietta', 'Arena']",Casa Giulietta,"['Centro Fotografia', 'Sighseeing', 'Torre Lamberti', 'Museo Conte', 'Museo Radio']",Teatro Romano,strategy_nearest,False,0.0034601688385009766,success
0412AD3A9C4C80,3,"['Arena', 'Casa Giulietta', 'Tomba Giulietta']",San Fermo,"['Museo Storia', 'Museo Radio', 'Centro Fotografia', 'Sighseeing', 'Torre Lamberti']",Torre Lamberti,strategy_nearest,True,0.003604888916015625,success
0412AF3A9C4C81,3,['Arena'],Casa Giulietta,"['Centro Fotografia', 'Sighseeing', 'Torre Lamberti', 'Museo Conte', 'Museo Radio']",Torre Lamberti,strategy_nearest,True,0.003020048141479492,success
0412B0429C4C80,2,['Santa Anastasia'],Duomo,"['AMO', 'Museo Miniscalchi', 'Teatro Romano', 'Palazzo della Ragione', 'Museo Conte']",Casa Giulietta,strategy_nearest,False,0.0025506019592285156,success
0412B33A9C4C80,0,['Arena'],Castelvecchio,"['Museo Lapidario', 'Verona Tour', 'Museo Radio', 'San Zeno', 'Sighseeing']",San Zeno,strategy_nearest,True,0.0027039051055908203,success
0412B3429C4C80,3,"['Arena', 'Casa Giulietta']",Santa Anastasia,"['AMO', 'Museo Conte', 'Palazzo della Ragione', 'Teatro Romano', 'Centro Fotografia']",Duomo,strategy_nearest,False,0.003091096878051758,success
0412B33A9C4C81,0,['Arena'],Casa Giulietta,"['Centro Fotografia', 'Sighseeing', 'Torre Lamberti', 'Museo Conte', 'Museo Radio']",Santa Anastasia,strategy_nearest,False,0.0031549930572509766,success
0412B2429C4C80,0,['Arena'],Tomba Giulietta,"['San Fermo', 'Museo Storia', 'Museo Lapidario', 'Museo Radio', 'Verona Tour']",Teatro Romano,strategy_nearest,False,0.003393888473510742,success
0412C2429C4C81,3,"['Torre Lamberti', 'Santa Anastasia']",Teatro Romano,"['Duomo', 'AMO', 'Palazzo della Ragione', 'Museo Conte', 'Centro Fotografia']",Duomo,strategy_nearest,True,0.002574920654296875,success
0412C5429C4C81,3,['Arena'],Casa Giulietta,"['Centro Fotografia', 'Sighseeing', 'Torre Lamberti', 'Museo Conte', 'Museo Radio']",Santa Anastasia,strategy_nearest,False,0.0019299983978271484,success
0412C7429C4C81,0,['Arena'],Casa Giulietta,"['Centro Fotografia', 'Sighseeing', 'Torre Lamberti', 'Museo Conte', 'Museo Radio']",Tomba Giulietta,strategy_nearest,False,0.002585172653198242,success
0412CE3A9C4C81,3,"['Arena', 'Castelvecchio']",Duomo,"['AMO', 'Museo Miniscalchi', 'Santa Anastasia', 'Teatro Romano', 'Palazzo della Ragione']",Santa Anastasia,strategy_nearest,True,0.0025069713592529297,success
0412DA3A9C4C81,3,"['Arena', 'Casa Giulietta']",Torre Lamberti,"['Sighseeing', 'Centro Fotografia', 'Museo Conte', 'Palazzo della Ragione', 'AMO']",Santa Anastasia,strategy_nearest,False,0.0018727779388427734,success
0412CB3A9C4C81,2,['Torre Lamberti'],Santa Anastasia,"['AMO', 'Museo Conte', 'Palazzo della Ragione', 'Teatro Romano', 'Centro Fotografia']",Teatro Romano,strategy_nearest,True,0.00482487678527832,success
0412E83A9C4C81,3,"['Castelvecchio', 'Arena']",Casa Giulietta,"['Centro Fotografia', 'Sighseeing', 'Torre Lamberti', 'Museo Conte', 'Museo Radio']",Santa Anastasia,strategy_nearest,False,0.002753734588623047,success
0412E23A9C4C81,3,"['Castelvecchio', 'Arena', 'Casa Giulietta']",Torre Lamberti,"['Sighseeing', 'Centro Fotografia', 'Museo Conte', 'Palazzo della Ragione', 'AMO']",Santa Anastasia,strategy_nearest,False,0.0031507015228271484,success
0412FA3A9C4C81,1,"['Arena', 'Casa Giulietta']",Torre Lamberti,"['Sighseeing', 'Centro Fotografia', 'Museo Conte', 'Palazzo della Ragione', 'AMO']",Palazzo della Ragione,strategy_nearest,True,0.0026040077209472656,success
0412F93A9C4C81,1,"['Casa Giulietta', 'Torre Lamberti', 'Palazzo della Ragione']",Santa Anastasia,"['AMO', 'Museo Conte', 'Teatro Romano', 'Centro Fotografia', 'Duomo']",Teatro Romano,strategy_nearest,True,0.003428936004638672,success
04133D429C4C81,3,"['Teatro Romano', 'Santa Anastasia']",Torre Lamberti,"['Sighseeing', 'Centro Fotografia', 'Museo Conte', 'Casa Giulietta', 'Palazzo della Ragione']",Casa Giulietta,strategy_nearest,True,0.001905202865600586,success
0412FB3A9C4C81,1,['Arena'],Torre Lamberti,"['Sighseeing', 'Centro Fotografia', 'Museo Conte', 'Casa Giulietta', 'Palazzo della Ragione']",Palazzo della Ragione,strategy_nearest,True,0.0026581287384033203,success
041337429C4C81,6,"['Casa Giulietta', 'Torre Lamberti', 'Palazzo della Ragione']",Santa Anastasia,"['AMO', 'Museo Conte', 'Teatro Romano', 'Centro Fotografia', 'Duomo']",Castelvecchio,strategy_nearest,False,0.003393888473510742,success
0413403A9C4C81,0,"['Casa Giulietta', 'Torre Lamberti']",Teatro Romano,"['Santa Anastasia', 'Duomo', 'AMO', 'Palazzo della Ragione', 'Museo Conte']",Arena,strategy_nearest,False,0.0029058456420898438,success
04135C3A9C4C81,1,"['Arena', 'Palazzo della Ragione', 'Teatro Romano', 'Castelvecchio']",San Zeno,"['Verona Tour', 'Museo Lapidario', 'Museo Miniscalchi', 'Sighseeing', 'Museo Radio']",Duomo,strategy_nearest,False,0.0021338462829589844,success
041363429C4C80,3,"['Arena', 'San Fermo', 'Casa Giulietta']",Torre Lamberti,"['Sighseeing', 'Centro Fotografia', 'Museo Conte', 'Palazzo della Ragione', 'AMO']",Santa Anastasia,strategy_nearest,False,0.0026350021362304688,success
0413433A9C4C81,0,"['Arena', 'Torre Lamberti']",Casa Giulietta,"['Centro Fotografia', 'Sighseeing', 'Museo Conte', 'Museo Radio', 'Palazzo della Ragione']",Castelvecchio,strategy_nearest,False,0.0041790008544921875,success
041362429C4C81,0,['Arena'],Torre Lamberti,"['Sighseeing', 'Centro Fotografia', 'Museo Conte', 'Casa Giulietta', 'Palazzo della Ragione']",Casa Giulietta,strategy_nearest,True,0.00397181510925293,success
04136A429C4C81,0,['Arena'],Teatro Romano,"['Santa Anastasia', 'Duomo', 'AMO', 'Palazzo della Ragione', 'Museo Conte']",San Zeno,strategy_nearest,False,0.002552032470703125,success
041367429C4C81,3,"['Torre Lamberti', 'Santa Anastasia']",Casa Giulietta,"['Centro Fotografia', 'Sighseeing', 'Museo Conte', 'Museo Radio', 'Palazzo della Ragione']",Arena,strategy_nearest,False,0.0019979476928710938,success
041367429C4C80,0,['Arena'],Casa Giulietta,"['Centro Fotografia', 'Sighseeing', 'Torre Lamberti', 'Museo Conte', 'Museo Radio']",Torre Lamberti,strategy_nearest,True,0.004014253616333008,success
04136B429C4C81,0,"['Arena', 'Casa Giulietta']",Teatro Romano,"['Santa Anastasia', 'Duomo', 'AMO', 'Palazzo della Ragione', 'Museo Conte']",Duomo,strategy_nearest,True,0.003682851791381836,success
04136C429C4C81,0,['Arena'],Casa Giulietta,"['Centro Fotografia', 'Sighseeing', 'Torre Lamberti', 'Museo Conte', 'Museo Radio']",Castelvecchio,strategy_nearest,False,0.00292205810546875,success
04136E429C4C81,3,"['Arena', 'Duomo', 'Santa Anastasia']",Torre Lamberti,"['Sighseeing', 'Centro Fotografia', 'Museo Conte', 'Casa Giulietta', 'Palazzo della Ragione']",Casa Giulietta,strategy_nearest,True,0.0034601688385009766,success
04136D429C4C80,2,"['Casa Giulietta', 'Castelvecchio']",San Zeno,"['Verona Tour', 'Museo Lapidario', 'Arena', 'Museo Miniscalchi', 'Sighseeing']",Torre Lamberti,strategy_nearest,False,0.0027778148651123047,success
041378429C4C81,2,['San Fermo'],Palazzo della Ragione,"['AMO', 'Museo Conte', 'Torre Lamberti', 'Centro Fotografia', 'Sighseeing']",Duomo,strategy_nearest,False,0.0021681785583496094,success
04137B429C4C80,1,"['Arena', 'Castelvecchio']",Torre Lamberti,"['Sighseeing', 'Centro Fotografia', 'Museo Conte', 'Casa Giulietta', 'Palazzo della Ragione']",Palazzo della Ragione,strategy_nearest,True,0.002916097640991211,success
0413783A9C4C80,1,"['Arena', 'Duomo']",Santa Anastasia,"['AMO', 'Museo Conte', 'Palazzo della Ragione', 'Teatro Romano', 'Centro Fotografia']",Palazzo della Ragione,strategy_nearest,True,0.002214193344116211,success
04137B429C4C81,1,"['Arena', 'San Fermo']",Casa Giulietta,"['Centro Fotografia', 'Sighseeing', 'Torre Lamberti', 'Museo Conte', 'Museo Radio']",Torre Lamberti,strategy_nearest,True,0.0027680397033691406,success
04137C3A9C4C80,0,['Teatro Romano'],Castelvecchio,"['Museo Lapidario', 'Verona Tour', 'Arena', 'Museo Radio', 'San Zeno']",Arena,strategy_nearest,True,0.003434896469116211,success
04137D3A9C4C81,3,['Arena'],Santa Anastasia,"['AMO', 'Museo Conte', 'Palazzo della Ragione', 'Teatro Romano', 'Centro Fotografia']",Duomo,strategy_nearest,False,0.003826141357421875,success
041381429C4C81,3,"['Arena', 'Torre Lamberti']",Santa Anastasia,"['AMO', 'Museo Conte', 'Palazzo della Ragione', 'Teatro Romano', 'Centro Fotografia']",Teatro Romano,strategy_nearest,True,0.005193948745727539,success
0413884A9C4C80,1,"['Arena', 'Casa Giulietta', 'Torre Lamberti', 'Palazzo della Ragione']",Santa Anastasia,"['AMO', 'Museo Conte', 'Teatro Romano', 'Centro Fotografia', 'Duomo']",Teatro Romano,strategy_nearest,True,0.0029358863830566406,success
0413893A9C4C81,1,"['Castelvecchio', 'Torre Lamberti', 'Palazzo della Ragione']",Casa Giulietta,"['Centro Fotografia', 'Sighseeing', 'Museo Conte', 'Museo Radio', 'San Fermo']",Arena,strategy_nearest,False,0.0024042129516601562,success
0413894A9C4C80,3,"['Torre Lamberti', 'Santa Anastasia', 'Duomo']",Casa Giulietta,"['Centro Fotografia', 'Sighseeing', 'Museo Conte', 'Museo Radio', 'Palazzo della Ragione']",San Fermo,strategy_nearest,False,0.002334117889404297,success
04138F429C4C80,0,['Arena'],Casa Giulietta,"['Centro Fotografia', 'Sighseeing', 'Torre Lamberti', 'Museo Conte', 'Museo Radio']",Torre Lamberti,strategy_nearest,True,0.0022649765014648438,success
04138E429C4C80,3,"['Arena', 'Casa Giulietta']",Torre Lamberti,"['Sighseeing', 'Centro Fotografia', 'Museo Conte', 'Palazzo della Ragione', 'AMO']",Santa Anastasia,strategy_nearest,False,0.0033080577850341797,success
041397429C4C81,0,['Torre Lamberti'],Duomo,"['AMO', 'Museo Miniscalchi', 'Santa Anastasia', 'Teatro Romano', 'Palazzo della Ragione']",Arena,strategy_nearest,False,0.0015559196472167969,success
041390429C4C80,1,['Santa Anastasia'],Torre Lamberti,"['Sighseeing', 'Centro Fotografia', 'Museo Conte', 'Casa Giulietta', 'Palazzo della Ragione']",Palazzo della Ragione,strategy_nearest,True,0.0044400691986083984,success
041392429C4C80,2,['Castelvecchio'],Casa Giulietta,"['Centro Fotografia', 'Sighseeing', 'Torre Lamberti', 'Museo Conte', 'Museo Radio']",Torre Lamberti,strategy_nearest,True,0.0042819976806640625,success
04139F429C4C81,3,"['Arena', 'Casa Giulietta']",Santa Anastasia,"['AMO', 'Museo Conte', 'Palazzo della Ragione', 'Teatro Romano', 'Centro Fotografia']",Castelvecchio,strategy_nearest,False,0.0033850669860839844,success
0413A83A9C4C80,2,['Casa Giulietta'],Torre Lamberti,"['Sighseeing', 'Centro Fotografia', 'Museo Conte', 'Palazzo della Ragione', 'AMO']",Palazzo della Ragione,strategy_nearest,True,0.003553152084350586,success
0413A472743381,0,['Casa Giulietta'],Santa Anastasia,"['AMO', 'Museo Conte', 'Palazzo della Ragione', 'Teatro Romano', 'Centro Fotografia']",Arena,strategy_nearest,False,0.0026149749755859375,success
0413B0429C4C81,0,['Arena'],Duomo,"['AMO', 'Museo Miniscalchi', 'Santa Anastasia', 'Teatro Romano', 'Palazzo della Ragione']",Castelvecchio,strategy_nearest,False,0.002972126007080078,success
0413B33A9C4C80,2,"['Museo Lapidario', 'Castelvecchio', 'Casa Giulietta']",Torre Lamberti,"['Sighseeing', 'Centro Fotografia', 'Museo Conte', 'Palazzo della Ragione', 'AMO']",Santa Anastasia,strategy_nearest,False,0.002622842788696289,success
0413B3429C4C81,3,"['San Zeno', 'Castelvecchio', 'Arena', 'Santa Anastasia']",Casa Giulietta,"['Centro Fotografia', 'Sighseeing', 'Torre Lamberti', 'Museo Conte', 'Museo Radio']",Teatro Romano,strategy_nearest,False,0.00463104248046875,success
0413B53A9C4C80,1,"['Casa Giulietta', 'Palazzo della Ragione']",Torre Lamberti,"['Sighseeing', 'Centro Fotografia', 'Museo Conte', 'AMO', 'Museo Miniscalchi']",Teatro Romano,strategy_nearest,False,0.002264261245727539,success
0413B6429C4C80,2,"['Casa Giulietta', 'Palazzo della Ragione']",Torre Lamberti,"['Sighseeing', 'Centro Fotografia', 'Museo Conte', 'AMO', 'Museo Miniscalchi']",Santa Anastasia,strategy_nearest,False,0.0023927688598632812,success
0413B6429C4C81,3,"['Arena', 'Castelvecchio']",San Zeno,"['Verona Tour', 'Museo Lapidario', 'Museo Miniscalchi', 'Sighseeing', 'Museo Radio']",Santa Anastasia,strategy_nearest,False,0.0026960372924804688,success
0413BD429C4C80,0,['Arena'],Casa Giulietta,"['Centro Fotografia', 'Sighseeing', 'Torre Lamberti', 'Museo Conte', 'Museo Radio']",Teatro Romano,strategy_nearest,False,0.0022711753845214844,success
0413B8429C4C80,3,['Arena'],Santa Anastasia,"['AMO', 'Museo Conte', 'Palazzo della Ragione', 'Teatro Romano', 'Centro Fotografia']",Duomo,strategy_nearest,False,0.0038459300994873047,success
0413C1429C4C81,0,['Castelvecchio'],Arena,"['Verona Tour', 'Museo Lapidario', 'Museo Radio', 'San Fermo', 'Casa Giulietta']",Santa Anastasia,strategy_nearest,False,0.002758026123046875,success
0413C3429C4C81,0,['Arena'],Casa Giulietta,"['Centro Fotografia', 'Sighseeing', 'Torre Lamberti', 'Museo Conte', 'Museo Radio']",Torre Lamberti,strategy_nearest,True,0.0028798580169677734,success
0413CA3A9C4C80,1,"['Torre Lamberti', 'Palazzo della Ragione']",Casa Giulietta,"['Centro Fotografia', 'Sighseeing', 'Museo Conte', 'Museo Radio', 'San Fermo']",Arena,strategy_nearest,False,0.0034601688385009766,success
0413C5429C4C81,1,"['Castelvecchio', 'Casa Giulietta']",Palazzo della Ragione,"['AMO', 'Museo Conte', 'Torre Lamberti', 'Centro Fotografia', 'Sighseeing']",Torre Lamberti,strategy_nearest,True,0.002273082733154297,success
0413C6429C4C80,1,"['Arena', 'Castelvecchio', 'Tomba Giulietta', 'San Fermo']",Santa Anastasia,"['AMO', 'Museo Conte', 'Palazzo della Ragione', 'Teatro Romano', 'Centro Fotografia']",Teatro Romano,strategy_nearest,True,0.002955913543701172,success
0413CA429C4C80,3,"['Arena', 'Casa Giulietta', 'Torre Lamberti']",Santa Anastasia,"['AMO', 'Museo Conte', 'Palazzo della Ragione', 'Teatro Romano', 'Centro Fotografia']",Duomo,strategy_nearest,False,0.0020952224731445312,success
0413CA429C4C81,1,"['Palazzo della Ragione', 'Torre Lamberti']",Casa Giulietta,"['Centro Fotografia', 'Sighseeing', 'Museo Conte', 'Museo Radio', 'San Fermo']",Arena,strategy_nearest,False,0.002527952194213867,success
0413CF3A9C4C80,3,['Arena'],Santa Anastasia,"['AMO', 'Museo Conte', 'Palazzo della Ragione', 'Teatro Romano', 'Centro Fotografia']",Torre Lamberti,strategy_nearest,False,0.0023369789123535156,success
0413CE3A9C4C80,2,['Casa Giulietta'],Torre Lamberti,"['Sighseeing', 'Centro Fotografia', 'Museo Conte', 'Palazzo della Ragione', 'AMO']",Tomba Giulietta,strategy_nearest,False,0.003893136978149414,success
0413D13A9C4C80,3,"['Arena', 'Torre Lamberti', 'Casa Giulietta']",San Fermo,"['Museo Storia', 'Museo Radio', 'Centro Fotografia', 'Sighseeing', 'Museo Conte']",Tomba Giulietta,strategy_nearest,False,0.003462076187133789,success
0413DD3A9C4C81,1,"['Torre Lamberti', 'Palazzo della Ragione']",Arena,"['Verona Tour', 'Museo Lapidario', 'Museo Radio', 'San Fermo', 'Casa Giulietta']",Casa Giulietta,strategy_nearest,True,0.002499103546142578,success
0413E13A9C4C81,0,"['Castelvecchio', 'San Zeno']",Arena,"['Verona Tour', 'Museo Lapidario', 'Museo Radio', 'San Fermo', 'Casa Giulietta']",Casa Giulietta,strategy_nearest,True,0.004077911376953125,success
04143D429C4C81,0,['Arena'],Castelvecchio,"['Museo Lapidario', 'Verona Tour', 'Museo Radio', 'San Zeno', 'Sighseeing']",Casa Giulietta,strategy_nearest,False,0.004256010055541992,success
04144E3A9C4C81,3,"['Torre Lamberti', 'Santa Anastasia', 'Duomo', 'Teatro Romano', 'Giardino Giusti']",Arena,"['Verona Tour', 'Museo Lapidario', 'Museo Radio', 'San Fermo', 'Casa Giulietta']",Castelvecchio,strategy_nearest,False,0.002568960189819336,success
04145B429C4C81,3,"['San Fermo', 'Torre Lamberti']",Arena,"['Verona Tour', 'Museo Lapidario', 'Museo Radio', 'Casa Giulietta', 'Sighseeing']",Teatro Romano,strategy_nearest,False,0.0024340152740478516,success
0414473A9C4C81,1,"['Castelvecchio', 'Arena', 'San Fermo', 'Torre Lamberti', 'Palazzo della Ragione']",Santa Anastasia,"['AMO', 'Museo Conte', 'Teatro Romano', 'Centro Fotografia', 'Duomo']",Duomo,strategy_nearest,True,0.003482818603515625,success
04146A429C4C80,2,"['Castelvecchio', 'Casa Giulietta']",Palazzo della Ragione,"['AMO', 'Museo Conte', 'Torre Lamberti', 'Centro Fotografia', 'Sighseeing']",Torre Lamberti,strategy_nearest,True,0.0020427703857421875,success
04146C429C4C81,0,['Arena'],Torre Lamberti,"['Sighseeing', 'Centro Fotografia', 'Museo Conte', 'Casa Giulietta', 'Palazzo della Ragione']",Castelvecchio,strategy_nearest,False,0.0027451515197753906,success
0414743A9C4C80,3,"['Torre Lamberti', 'Casa Giulietta', 'Arena']",San Zeno,"['Castelvecchio', 'Verona Tour', 'Museo Lapidario', 'Museo Miniscalchi', 'Sighseeing']",Duomo,strategy_nearest,False,0.0031490325927734375,success
04146A429C4C81,3,"['Torre Lamberti', 'Casa Giulietta']",Santa Anastasia,"['AMO', 'Museo Conte', 'Palazzo della Ragione', 'Teatro Romano', 'Centro Fotografia']",Teatro Romano,strategy_nearest,True,0.0028128623962402344,success
041478429C4C80,3,"['Arena', 'Torre Lamberti']",Santa Anastasia,"['AMO', 'Museo Conte', 'Palazzo della Ragione', 'Teatro Romano', 'Centro Fotografia']",Duomo,strategy_nearest,False,0.0018219947814941406,success
0414813A9C4C81,1,"['Arena', 'Torre Lamberti']",Palazzo della Ragione,"['AMO', 'Museo Conte', 'Centro Fotografia', 'Sighseeing', 'Santa Anastasia']",Casa Giulietta,strategy_nearest,False,0.0028252601623535156,success
0414823A9C4C81,0,['Casa Giulietta'],Torre Lamberti,"['Sighseeing', 'Centro Fotografia', 'Museo Conte', 'Palazzo della Ragione', 'AMO']",Arena,strategy_nearest,False,0.002706289291381836,success
04147C3A9C4C81,0,"['Arena', 'Castelvecchio']",Casa Giulietta,"['Centro Fotografia', 'Sighseeing', 'Torre Lamberti', 'Museo Conte', 'Museo Radio']",Museo Lapidario,strategy_nearest,False,0.0027167797088623047,success
0414863A9C4C81,0,['Arena'],Torre Lamberti,"['Sighseeing', 'Centro Fotografia', 'Museo Conte', 'Casa Giulietta', 'Palazzo della Ragione']",Casa Giulietta,strategy_nearest,True,0.0032858848571777344,success
04148B429C4C81,3,"['Teatro Romano', 'Santa Anastasia']",Arena,"['Verona Tour', 'Museo Lapidario', 'Museo Radio', 'San Fermo', 'Casa Giulietta']",San Zeno,strategy_nearest,False,0.0015549659729003906,success
0414874A9C4C80,0,['Arena'],Casa Giulietta,"['Centro Fotografia', 'Sighseeing', 'Torre Lamberti', 'Museo Conte', 'Museo Radio']",Duomo,strategy_nearest,False,0.002332925796508789,success
0414864A9C4C80,3,['Arena'],Museo Lapidario,"['Verona Tour', 'Castelvecchio', 'Museo Radio', 'San Fermo', 'Casa Giulietta']",Santa Anastasia,strategy_nearest,False,0.0038499832153320312,success
0414A83A9C4C80,2,"['Museo Lapidario', 'Castelvecchio', 'Torre Lamberti']",Palazzo della Ragione,"['AMO', 'Museo Conte', 'Centro Fotografia', 'Sighseeing', 'Santa Anastasia']",Santa Anastasia,strategy_nearest,True,0.0026471614837646484,success
0414AD429C4C81,2,"['Casa Giulietta', 'Torre Lamberti', 'Palazzo della Ragione']",Santa Anastasia,"['AMO', 'Museo Conte', 'Teatro Romano', 'Centro Fotografia', 'Duomo']",Duomo,strategy_nearest,True,0.0034110546112060547,success
04148C429C4C80,0,"['Casa Giulietta', 'Torre Lamberti']",Arena,"['Verona Tour', 'Museo Lapidario', 'Museo Radio', 'San Fermo', 'Sighseeing']",Tomba Giulietta,strategy_nearest,False,0.0027909278869628906,success
0414B0429C4C81,0,['Arena'],Casa Giulietta,"['Centro Fotografia', 'Sighseeing', 'Torre Lamberti', 'Museo Conte', 'Museo Radio']",Torre Lamberti,strategy_nearest,True,0.0033981800079345703,success
0414B1429C4C81,0,['Arena'],Casa Giulietta,"['Centro Fotografia', 'Sighseeing', 'Torre Lamberti', 'Museo Conte', 'Museo Radio']",Torre Lamberti,strategy_nearest,True,0.0026950836181640625,success
0414B23A9C4C80,3,"['Arena', 'Museo Storia', 'San Fermo', 'Museo Lapidario']",Castelvecchio,"['Verona Tour', 'Museo Radio', 'San Zeno', 'Sighseeing', 'Museo Miniscalchi']",Torre Lamberti,strategy_nearest,False,0.0025773048400878906,success
0414B23A9C4C81,3,"['Torre Lamberti', 'Casa Giulietta']",Arena,"['Verona Tour', 'Museo Lapidario', 'Museo Radio', 'San Fermo', 'Sighseeing']",Castelvecchio,strategy_nearest,False,0.003481149673461914,success
0414B2429C4C80,0,['Arena'],Castelvecchio,"['Museo Lapidario', 'Verona Tour', 'Museo Radio', 'San Zeno', 'Sighseeing']",Casa Giulietta,strategy_nearest,False,0.0026280879974365234,success
0414B6429C4C81,0,['Arena'],Torre Lamberti,"['Sighseeing', 'Centro Fotografia', 'Museo Conte', 'Casa Giulietta', 'Palazzo della Ragione']",Casa Giulietta,strategy_nearest,True,0.0019609928131103516,success
0414B3429C4C80,3,"['Arena', 'Casa Giulietta']",Santa Anastasia,"['AMO', 'Museo Conte', 'Palazzo della Ragione', 'Teatro Romano', 'Centro Fotografia']",Torre Lamberti,strategy_nearest,False,0.002290964126586914,success
0414C33A9C4C80,1,"['Torre Lamberti', 'Palazzo della Ragione']",Casa Giulietta,"['Centro Fotografia', 'Sighseeing', 'Museo Conte', 'Museo Radio', 'San Fermo']",Arena,strategy_nearest,False,0.002444028854370117,success
0414B3429C4C81,3,['Arena'],Santa Anastasia,"['AMO', 'Museo Conte', 'Palazzo della Ragione', 'Teatro Romano', 'Centro Fotografia']",San Fermo,strategy_nearest,False,0.004800081253051758,success
0414C4429C4C81,0,['Casa Giulietta'],Arena,"['Verona Tour', 'Museo Lapidario', 'Museo Radio', 'San Fermo', 'Sighseeing']",San Zeno,strategy_nearest,False,0.0027129650115966797,success
0414C6429C4C80,3,"['Arena', 'Casa Giulietta', 'Santa Anastasia']",Duomo,"['AMO', 'Museo Miniscalchi', 'Teatro Romano', 'Palazzo della Ragione', 'Museo Conte']",Tomba Giulietta,strategy_nearest,False,0.0033011436462402344,success
0414C4429C4C80,1,"['Palazzo della Ragione', 'Torre Lamberti']",Casa Giulietta,"['Centro Fotografia', 'Sighseeing', 'Museo Conte', 'Museo Radio', 'San Fermo']",Arena,strategy_nearest,False,0.0021522045135498047,success
0414CA429C4C81,0,['Casa Giulietta'],Teatro Romano,"['Santa Anastasia', 'Duomo', 'AMO', 'Palazzo della Ragione', 'Museo Conte']",Torre Lamberti,strategy_nearest,False,0.002671957015991211,success
0414CE3A9C4C80,3,"['Arena', 'Casa Giulietta']",Torre Lamberti,"['Sighseeing', 'Centro Fotografia', 'Museo Conte', 'Palazzo della Ragione', 'AMO']",Santa Anastasia,strategy_nearest,False,0.002674102783203125,success
0414D23A9C4C81,3,"['Arena', 'San Fermo', 'Casa Giulietta', 'Torre Lamberti']",Santa Anastasia,"['AMO', 'Museo Conte', 'Palazzo della Ragione', 'Teatro Romano', 'Centro Fotografia']",Duomo,strategy_nearest,False,0.0019519329071044922,success
0414D73A9C4C81,3,"['Arena', 'Torre Lamberti', 'Museo Lapidario']",Castelvecchio,"['Verona Tour', 'Museo Radio', 'San Zeno', 'Sighseeing', 'Museo Miniscalchi']",Casa Giulietta,strategy_nearest,False,0.0031349658966064453,success
0414D53A9C4C80,0,['Torre Lamberti'],Casa Giulietta,"['Centro Fotografia', 'Sighseeing', 'Museo Conte', 'Museo Radio', 'Palazzo della Ragione']",Arena,strategy_nearest,False,0.00275421142578125,success
0414D8429C4C80,3,"['Arena', 'Casa Giulietta', 'San Zeno']",Duomo,"['AMO', 'Museo Miniscalchi', 'Santa Anastasia', 'Teatro Romano', 'Palazzo della Ragione']",Santa Anastasia,strategy_nearest,True,0.00209808349609375,success
0414D93A9C4C81,1,"['Arena', 'Casa Giulietta']",Torre Lamberti,"['Sighseeing', 'Centro Fotografia', 'Museo Conte', 'Palazzo della Ragione', 'AMO']",Palazzo della Ragione,strategy_nearest,True,0.003239870071411133,success
0414D9429C4C81,1,"['Torre Lamberti', 'Palazzo della Ragione', 'San Fermo', 'Arena']",San Zeno,"['Castelvecchio', 'Verona Tour', 'Museo Lapidario', 'Museo Miniscalchi', 'Sighseeing']",Castelvecchio,strategy_nearest,True,0.0025577545166015625,success
0414D83A9C4C81,3,"['Arena', 'Santa Anastasia']",Casa Giulietta,"['Centro Fotografia', 'Sighseeing', 'Torre Lamberti', 'Museo Conte', 'Museo Radio']",Tomba Giulietta,strategy_nearest,False,0.003448963165283203,success
0414E73A9C4C81,0,['Arena'],Casa Giulietta,"['Centro Fotografia', 'Sighseeing', 'Torre Lamberti', 'Museo Conte', 'Museo Radio']",Santa Anastasia,strategy_nearest,False,0.002151012420654297,success
041553429C4C81,3,"['Arena', 'Casa Giulietta']",Torre Lamberti,"['Sighseeing', 'Centro Fotografia', 'Museo Conte', 'Palazzo della Ragione', 'AMO']",Santa Anastasia,strategy_nearest,False,0.003286123275756836,success
0414E03A9C4C81,0,['Arena'],Casa Giulietta,"['Centro Fotografia', 'Sighseeing', 'Torre Lamberti', 'Museo Conte', 'Museo Radio']",Torre Lamberti,strategy_nearest,True,0.002778768539428711,success
04153A429C4C81,3,"['Teatro Romano', 'Santa Anastasia', 'Duomo', 'Casa Giulietta']",Arena,"['Verona Tour', 'Museo Lapidario', 'Museo Radio', 'San Fermo', 'Sighseeing']",Torre Lamberti,strategy_nearest,False,0.0015232563018798828,success
0415733A9C4C80,3,"['Arena', 'Castelvecchio']",Casa Giulietta,"['Centro Fotografia', 'Sighseeing', 'Torre Lamberti', 'Museo Conte', 'Museo Radio']",Teatro Romano,strategy_nearest,False,0.001971006393432617,success
0415723A9C4C80,0,['Arena'],Casa Giulietta,"['Centro Fotografia', 'Sighseeing', 'Torre Lamberti', 'Museo Conte', 'Museo Radio']",Torre Lamberti,strategy_nearest,True,0.0027370452880859375,success
041569429C4C80,3,['Torre Lamberti'],Santa Anastasia,"['AMO', 'Museo Conte', 'Palazzo della Ragione', 'Teatro Romano', 'Centro Fotografia']",Casa Giulietta,strategy_nearest,False,0.0014278888702392578,success
0415743A9C4C80,0,"['Casa Giulietta', 'Museo Storia']",Teatro Romano,"['Santa Anastasia', 'Duomo', 'AMO', 'Palazzo della Ragione', 'Museo Conte']",Duomo,strategy_nearest,True,0.003383159637451172,success
04157A4A9C4C80,3,"['Arena', 'Casa Giulietta']",Torre Lamberti,"['Sighseeing', 'Centro Fotografia', 'Museo Conte', 'Palazzo della Ragione', 'AMO']",Duomo,strategy_nearest,False,0.0026252269744873047,success
04157A3A9C4C80,3,['Arena'],Casa Giulietta,"['Centro Fotografia', 'Sighseeing', 'Torre Lamberti', 'Museo Conte', 'Museo Radio']",Santa Anastasia,strategy_nearest,False,0.0018451213836669922,success
0415823A9C4C80,1,"['Arena', 'Torre Lamberti']",Palazzo della Ragione,"['AMO', 'Museo Conte', 'Centro Fotografia', 'Sighseeing', 'Santa Anastasia']",Casa Giulietta,strategy_nearest,False,0.003297090530395508,success
041582429C4C80,1,['Castelvecchio'],Torre Lamberti,"['Sighseeing', 'Centro Fotografia', 'Museo Conte', 'Casa Giulietta', 'Palazzo della Ragione']",Palazzo della Ragione,strategy_nearest,True,0.003016948699951172,success
0415854A9C4C81,3,"['Arena', 'Castelvecchio']",Torre Lamberti,"['Sighseeing', 'Centro Fotografia', 'Museo Conte', 'Casa Giulietta', 'Palazzo della Ragione']",Santa Anastasia,strategy_nearest,False,0.002482891082763672,success
0415884A9C4C80,1,"['Arena', 'Palazzo della Ragione', 'Torre Lamberti']",Casa Giulietta,"['Centro Fotografia', 'Sighseeing', 'Museo Conte', 'Museo Radio', 'San Fermo']",Castelvecchio,strategy_nearest,False,0.0025053024291992188,success
0415884A9C4C81,1,"['Arena', 'Museo Lapidario', 'Castelvecchio', 'San Zeno']",Torre Lamberti,"['Sighseeing', 'Centro Fotografia', 'Museo Conte', 'Casa Giulietta', 'Palazzo della Ragione']",Palazzo della Ragione,strategy_nearest,True,0.003170013427734375,success
0415864A9C4C81,1,"['Arena', 'Casa Giulietta']",Torre Lamberti,"['Sighseeing', 'Centro Fotografia', 'Museo Conte', 'Palazzo della Ragione', 'AMO']",Palazzo della Ragione,strategy_nearest,True,0.0034918785095214844,success
0415894A9C4C81,0,['Teatro Romano'],Casa Giulietta,"['Centro Fotografia', 'Sighseeing', 'Torre Lamberti', 'Museo Conte', 'Museo Radio']",Arena,strategy_nearest,False,0.0029478073120117188,success
04158C429C4C81,0,"['Arena', 'Torre Lamberti']",Casa Giulietta,"['Centro Fotografia', 'Sighseeing', 'Museo Conte', 'Museo Radio', 'Palazzo della Ragione']",Tomba Giulietta,strategy_nearest,False,0.003880023956298828,success
04159F4A9C4C80,1,"['Torre Lamberti', 'Palazzo della Ragione']",Casa Giulietta,"['Centro Fotografia', 'Sighseeing', 'Museo Conte', 'Museo Radio', 'San Fermo']",Arena,strategy_nearest,False,0.003236055374145508,success
0415AD429C4C81,3,"['Teatro Romano', 'Santa Anastasia']",Arena,"['Verona Tour', 'Museo Lapidario', 'Museo Radio', 'San Fermo', 'Casa Giulietta']",Casa Giulietta,strategy_nearest,True,0.0019898414611816406,success
0415AF3A9C4C81,0,['Castelvecchio'],Santa Anastasia,"['AMO', 'Museo Conte', 'Palazzo della Ragione', 'Teatro Romano', 'Centro Fotografia']",Casa Giulietta,strategy_nearest,False,0.0013580322265625,success
0415B03A9C4C81,1,"['Arena', 'Castelvecchio', 'Torre Lamberti', 'Palazzo della Ragione']",Duomo,"['AMO', 'Museo Miniscalchi', 'Santa Anastasia', 'Teatro Romano', 'Museo Conte']",Santa Anastasia,strategy_nearest,True,0.001981019973754883,success
0415B3429C4C81,1,"['Museo Lapidario', 'Arena']",Casa Giulietta,"['Centro Fotografia', 'Sighseeing', 'Torre Lamberti', 'Museo Conte', 'Museo Radio']",Palazzo della Ragione,strategy_nearest,False,0.0027191638946533203,success
0415B63A9C4C81,0,['Arena'],Casa Giulietta,"['Centro Fotografia', 'Sighseeing', 'Torre Lamberti', 'Museo Conte', 'Museo Radio']",Castelvecchio,strategy_nearest,False,0.0037021636962890625,success
0415B6429C4C80,1,"['Arena', 'Casa Giulietta']",Torre Lamberti,"['Sighseeing', 'Centro Fotografia', 'Museo Conte', 'Palazzo della Ragione', 'AMO']",Palazzo della Ragione,strategy_nearest,True,0.002549886703491211,success
0415B7429C4C80,0,['Arena'],Casa Giulietta,"['Centro Fotografia', 'Sighseeing', 'Torre Lamberti', 'Museo Conte', 'Museo Radio']",Castelvecchio,strategy_nearest,False,0.0024809837341308594,success
0415B9429C4C80,0,['Arena'],Castelvecchio,"['Museo Lapidario', 'Verona Tour', 'Museo Radio', 'San Zeno', 'Sighseeing']",Torre Lamberti,strategy_nearest,False,0.0033071041107177734,success
0415B9429C4C81,0,['Castelvecchio'],Arena,"['Verona Tour', 'Museo Lapidario', 'Museo Radio', 'San Fermo', 'Casa Giulietta']",Casa Giulietta,strategy_nearest,True,0.003297090530395508,success
0415BD429C4C80,1,"['Arena', 'Casa Giulietta']",Torre Lamberti,"['Sighseeing', 'Centro Fotografia', 'Museo Conte', 'Palazzo della Ragione', 'AMO']",Palazzo della Ragione,strategy_nearest,True,0.0026040077209472656,success
0415BE429C4C80,2,['Torre Lamberti'],Duomo,"['AMO', 'Museo Miniscalchi', 'Santa Anastasia', 'Teatro Romano', 'Palazzo della Ragione']",Teatro Romano,strategy_nearest,True,0.002328157424926758,success
0415C6429C4C80,0,['Arena'],Santa Anastasia,"['AMO', 'Museo Conte', 'Palazzo della Ragione', 'Teatro Romano', 'Centro Fotografia']",Casa Giulietta,strategy_nearest,False,0.0030379295349121094,success
0415D2429C4C81,1,"['Teatro Romano', 'Casa Giulietta', 'Arena', 'Palazzo della Ragione']",Torre Lamberti,"['Sighseeing', 'Centro Fotografia', 'Museo Conte', 'AMO', 'Museo Miniscalchi']",Santa Anastasia,strategy_nearest,False,0.0032439231872558594,success
0415CD3A9C4C81,3,"['Arena', 'Casa Giulietta']",Torre Lamberti,"['Sighseeing', 'Centro Fotografia', 'Museo Conte', 'Palazzo della Ragione', 'AMO']",Duomo,strategy_nearest,False,0.0028390884399414062,success
0415DB3A9C4C80,3,"['Arena', 'Casa Giulietta', 'Torre Lamberti']",Santa Anastasia,"['AMO', 'Museo Conte', 'Palazzo della Ragione', 'Teatro Romano', 'Centro Fotografia']",Duomo,strategy_nearest,False,0.0019621849060058594,success
0415E83A9C4C81,0,['Castelvecchio'],Arena,"['Verona Tour', 'Museo Lapidario', 'Museo Radio', 'San Fermo', 'Casa Giulietta']",Tomba Giulietta,strategy_nearest,False,0.002092599868774414,success
0415E73A9C4C81,1,"['Torre Lamberti', 'Palazzo della Ragione']",Casa Giulietta,"['Centro Fotografia', 'Sighseeing', 'Museo Conte', 'Museo Radio', 'San Fermo']",Arena,strategy_nearest,False,0.0030241012573242188,success
0415E93A9C4C81,3,"['Torre Lamberti', 'Casa Giulietta']",Arena,"['Verona Tour', 'Museo Lapidario', 'Museo Radio', 'San Fermo', 'Sighseeing']",Castelvecchio,strategy_nearest,False,0.0026559829711914062,success
0416433A9C4C81,0,['Casa Giulietta'],Arena,"['Verona Tour', 'Museo Lapidario', 'Museo Radio', 'San Fermo', 'Sighseeing']",Castelvecchio,strategy_nearest,False,0.003225088119506836,success
041644429C4C81,1,"['Arena', 'San Zeno', 'Castelvecchio']",Palazzo della Ragione,"['AMO', 'Museo Conte', 'Torre Lamberti', 'Centro Fotografia', 'Sighseeing']",Santa Anastasia,strategy_nearest,False,0.0019161701202392578,success
0416473A9C4C81,3,['Arena'],Torre Lamberti,"['Sighseeing', 'Centro Fotografia', 'Museo Conte', 'Casa Giulietta', 'Palazzo della Ragione']",Teatro Romano,strategy_nearest,False,0.002588987350463867,success
04164C3A9C4C81,3,"['Tomba Giulietta', 'Arena', 'Casa Giulietta']",Castelvecchio,"['Museo Lapidario', 'Verona Tour', 'Museo Radio', 'San Zeno', 'Sighseeing']",San Zeno,strategy_nearest,True,0.0030930042266845703,success
041655429C4C81,1,"['Arena', 'Casa Giulietta']",Torre Lamberti,"['Sighseeing', 'Centro Fotografia', 'Museo Conte', 'Palazzo della Ragione', 'AMO']",Palazzo della Ragione,strategy_nearest,True,0.0026099681854248047,success
041668429C4C81,3,"['Castelvecchio', 'Santa Anastasia']",Torre Lamberti,"['Sighseeing', 'Centro Fotografia', 'Museo Conte', 'Casa Giulietta', 'Palazzo della Ragione']",Casa Giulietta,strategy_nearest,True,0.0024847984313964844,success
041666429C4C80,3,"['Teatro Romano', 'Torre Lamberti']",Casa Giulietta,"['Centro Fotografia', 'Sighseeing', 'Museo Conte', 'Museo Radio', 'Palazzo della Ragione']",Arena,strategy_nearest,False,0.0031499862670898438,success
0416794A9C4C80,3,['Arena'],Casa Giulietta,"['Centro Fotografia', 'Sighseeing', 'Torre Lamberti', 'Museo Conte', 'Museo Radio']",Torre Lamberti,strategy_nearest,True,0.0017879009246826172,success
04166F429C4C80,3,"['Arena', 'Castelvecchio']",Tomba Giulietta,"['San Fermo', 'Museo Storia', 'Museo Lapidario', 'Museo Radio', 'Verona Tour']",Casa Giulietta,strategy_nearest,False,0.003537893295288086,success
041677429C4C81,0,['Arena'],Casa Giulietta,"['Centro Fotografia', 'Sighseeing', 'Torre Lamberti', 'Museo Conte', 'Museo Radio']",Teatro Romano,strategy_nearest,False,0.003261089324951172,success
04167B3A9C4C80,1,"['Arena', 'San Fermo', 'Casa Giulietta', 'Teatro Romano']",Castelvecchio,"['Museo Lapidario', 'Verona Tour', 'Museo Radio', 'San Zeno', 'Sighseeing']",San Zeno,strategy_nearest,True,0.003139019012451172,success
04167F429C4C80,0,"['Casa Giulietta', 'Torre Lamberti']",Arena,"['Verona Tour', 'Museo Lapidario', 'Museo Radio', 'San Fermo', 'Sighseeing']",Tomba Giulietta,strategy_nearest,False,0.0027413368225097656,success
04167F3A9C4C80,0,['Arena'],Casa Giulietta,"['Centro Fotografia', 'Sighseeing', 'Torre Lamberti', 'Museo Conte', 'Museo Radio']",Palazzo della Ragione,strategy_nearest,False,0.003476858139038086,success
041681429C4C81,2,"['Casa Giulietta', 'Torre Lamberti', 'Palazzo della Ragione']",Santa Anastasia,"['AMO', 'Museo Conte', 'Teatro Romano', 'Centro Fotografia', 'Duomo']",San Fermo,strategy_nearest,False,0.0031778812408447266,success
0416884A9C4C80,3,"['Torre Lamberti', 'Arena']",Casa Giulietta,"['Centro Fotografia', 'Sighseeing', 'Museo Conte', 'Museo Radio', 'Palazzo della Ragione']",Duomo,strategy_nearest,False,0.0025069713592529297,success
041684429C4C81,3,['Arena'],Casa Giulietta,"['Centro Fotografia', 'Sighseeing', 'Torre Lamberti', 'Museo Conte', 'Museo Radio']",Torre Lamberti,strategy_nearest,True,0.0019230842590332031,success
0416833A9C4C81,3,"['Arena', 'Casa Giulietta']",Santa Anastasia,"['AMO', 'Museo Conte', 'Palazzo della Ragione', 'Teatro Romano', 'Centro Fotografia']",Duomo,strategy_nearest,False,0.004143953323364258,success
0416814A9C4C81,3,['Arena'],Casa Giulietta,"['Centro Fotografia', 'Sighseeing', 'Torre Lamberti', 'Museo Conte', 'Museo Radio']",Santa Anastasia,strategy_nearest,False,0.003187894821166992,success
04168C4A9C4C80,1,"['Palazzo della Ragione', 'Torre Lamberti', 'Duomo']",Arena,"['Verona Tour', 'Museo Lapidario', 'Museo Radio', 'San Fermo', 'Casa Giulietta']",Casa Giulietta,strategy_nearest,True,0.0027718544006347656,success
0416A04A9C4C80,0,['Arena'],Torre Lamberti,"['Sighseeing', 'Centro Fotografia', 'Museo Conte', 'Casa Giulietta', 'Palazzo della Ragione']",Castelvecchio,strategy_nearest,False,0.00215911865234375,success
0416A8429C4C81,1,"['Castelvecchio', 'Tomba Giulietta', 'Arena']",Casa Giulietta,"['Centro Fotografia', 'Sighseeing', 'Torre Lamberti', 'Museo Conte', 'Museo Radio']",Teatro Romano,strategy_nearest,False,0.00328826904296875,success
04168C429C4C80,3,['Arena'],Casa Giulietta,"['Centro Fotografia', 'Sighseeing', 'Torre Lamberti', 'Museo Conte', 'Museo Radio']",Santa Anastasia,strategy_nearest,False,0.002012968063354492,success
0416A84A9C4C80,3,['Arena'],Torre Lamberti,"['Sighseeing', 'Centro Fotografia', 'Museo Conte', 'Casa Giulietta', 'Palazzo della Ragione']",Santa Anastasia,strategy_nearest,False,0.002130270004272461,success
0416B03A9C4C80,3,['Arena'],Torre Lamberti,"['Sighseeing', 'Centro Fotografia', 'Museo Conte', 'Casa Giulietta', 'Palazzo della Ragione']",Santa Anastasia,strategy_nearest,False,0.0033910274505615234,success
0416AA3A9C4C80,2,"['Casa Giulietta', 'Torre Lamberti']",Santa Anastasia,"['AMO', 'Museo Conte', 'Palazzo della Ragione', 'Teatro Romano', 'Centro Fotografia']",Duomo,strategy_nearest,False,0.0021271705627441406,success
0416B13A9C4C80,0,['Arena'],Torre Lamberti,"['Sighseeing', 'Centro Fotografia', 'Museo Conte', 'Casa Giulietta', 'Palazzo della Ragione']",Castelvecchio,strategy_nearest,False,0.0025992393493652344,success
0416B8429C4C80,1,"['Arena', 'Casa Giulietta']",Palazzo della Ragione,"['AMO', 'Museo Conte', 'Torre Lamberti', 'Centro Fotografia', 'Sighseeing']",Torre Lamberti,strategy_nearest,True,0.0024230480194091797,success
0416BC429C4C80,1,"['Castelvecchio', 'Arena', 'Museo Lapidario']",Torre Lamberti,"['Sighseeing', 'Centro Fotografia', 'Museo Conte', 'Casa Giulietta', 'Palazzo della Ragione']",Palazzo della Ragione,strategy_nearest,True,0.0025212764739990234,success
0416BA3A9C4C80,3,['Arena'],Castelvecchio,"['Museo Lapidario', 'Verona Tour', 'Museo Radio', 'San Zeno', 'Sighseeing']",Duomo,strategy_nearest,False,0.002079010009765625,success
0416B9429C4C81,3,"['Santa Anastasia', 'Torre Lamberti']",Casa Giulietta,"['Centro Fotografia', 'Sighseeing', 'Museo Conte', 'Museo Radio', 'Palazzo della Ragione']",Arena,strategy_nearest,False,0.003412961959838867,success
0416BD3A9C4C81,2,['Santa Anastasia'],Duomo,"['AMO', 'Museo Miniscalchi', 'Teatro Romano', 'Palazzo della Ragione', 'Museo Conte']",San Zeno,strategy_nearest,False,0.0022821426391601562,success
0416BE429C4C81,1,"['Arena', 'Palazzo della Ragione', 'Torre Lamberti']",Casa Giulietta,"['Centro Fotografia', 'Sighseeing', 'Museo Conte', 'Museo Radio', 'San Fermo']",Castelvecchio,strategy_nearest,False,0.002794027328491211,success
0416BD429C4C80,3,"['Arena', 'Casa Giulietta']",Santa Anastasia,"['AMO', 'Museo Conte', 'Palazzo della Ragione', 'Teatro Romano', 'Centro Fotografia']",Torre Lamberti,strategy_nearest,False,0.0021779537200927734,success
0416BF429C4C80,3,['Arena'],Casa Giulietta,"['Centro Fotografia', 'Sighseeing', 'Torre Lamberti', 'Museo Conte', 'Museo Radio']",Duomo,strategy_nearest,False,0.003197908401489258,success
0416C6429C4C80,0,['Arena'],Castelvecchio,"['Museo Lapidario', 'Verona Tour', 'Museo Radio', 'San Zeno', 'Sighseeing']",San Fermo,strategy_nearest,False,0.0023627281188964844,success
0416BF429C4C81,0,"['Castelvecchio', 'San Zeno']",Tomba Giulietta,"['San Fermo', 'Museo Storia', 'Arena', 'Museo Lapidario', 'Museo Radio']",Arena,strategy_nearest,True,0.0030908584594726562,success
0416C9429C4C81,4,"['Palazzo della Ragione', 'Torre Lamberti', 'Santa Anastasia', 'San Zeno']",Castelvecchio,"['Museo Lapidario', 'Verona Tour', 'Arena', 'Museo Radio', 'Sighseeing']",Duomo,strategy_nearest,False,0.0029249191284179688,success
0416C9429C4C80,0,"['Arena', 'Casa Giulietta']",Torre Lamberti,"['Sighseeing', 'Centro Fotografia', 'Museo Conte', 'Palazzo della Ragione', 'AMO']",Duomo,strategy_nearest,False,0.0027010440826416016,success
0416D1429C4C80,0,['Arena'],Castelvecchio,"['Museo Lapidario', 'Verona Tour', 'Museo Radio', 'San Zeno', 'Sighseeing']",San Zeno,strategy_nearest,True,0.002665281295776367,success
0416D63A9C4C80,1,"['Arena', 'Santa Anastasia', 'Casa Giulietta']",Palazzo della Ragione,"['AMO', 'Museo Conte', 'Torre Lamberti', 'Centro Fotografia', 'Sighseeing']",Torre Lamberti,strategy_nearest,True,0.0014300346374511719,success
0416CF429C4C81,1,"['Arena', 'Torre Lamberti', 'Palazzo della Ragione']",Duomo,"['AMO', 'Museo Miniscalchi', 'Santa Anastasia', 'Teatro Romano', 'Museo Conte']",Castelvecchio,strategy_nearest,False,0.003344297409057617,success
0416D7429C4C80,0,"['Castelvecchio', 'Arena']",Casa Giulietta,"['Centro Fotografia', 'Sighseeing', 'Torre Lamberti', 'Museo Conte', 'Museo Radio']",Giardino Giusti,strategy_nearest,False,0.003175973892211914,success
0416E13A9C4C81,3,"['San Fermo', 'Teatro Romano']",Duomo,"['AMO', 'Museo Miniscalchi', 'Santa Anastasia', 'Palazzo della Ragione', 'Museo Conte']",Santa Anastasia,strategy_nearest,True,0.0022819042205810547,success
0416DD3A9C4C80,1,['Arena'],Duomo,"['AMO', 'Museo Miniscalchi', 'Santa Anastasia', 'Teatro Romano', 'Palazzo della Ragione']",Palazzo della Ragione,strategy_nearest,True,0.001528024673461914,success
04173C4A9C4C81,0,"['Castelvecchio', 'Arena']",Casa Giulietta,"['Centro Fotografia', 'Sighseeing', 'Torre Lamberti', 'Museo Conte', 'Museo Radio']",Tomba Giulietta,strategy_nearest,False,0.0032379627227783203,success
0416D83A9C4C80,3,"['San Fermo', 'Casa Giulietta']",Santa Anastasia,"['AMO', 'Museo Conte', 'Palazzo della Ragione', 'Teatro Romano', 'Centro Fotografia']",Teatro Romano,strategy_nearest,True,0.0035750865936279297,success
0417543A9C4C81,3,"['Teatro Romano', 'Santa Anastasia']",Arena,"['Verona Tour', 'Museo Lapidario', 'Museo Radio', 'San Fermo', 'Casa Giulietta']",Castelvecchio,strategy_nearest,False,0.0013132095336914062,success
041756429C4C81,3,"['Casa Giulietta', 'Torre Lamberti']",Arena,"['Verona Tour', 'Museo Lapidario', 'Museo Radio', 'San Fermo', 'Sighseeing']",Santa Anastasia,strategy_nearest,False,0.0026769638061523438,success
0417503A9C4C81,1,"['Arena', 'Casa Giulietta', 'Palazzo della Ragione', 'Torre Lamberti']",San Zeno,"['Castelvecchio', 'Verona Tour', 'Museo Lapidario', 'Museo Miniscalchi', 'Sighseeing']",Castelvecchio,strategy_nearest,True,0.0031900405883789062,success
041764429C4C81,3,"['Castelvecchio', 'Arena']",San Fermo,"['Museo Storia', 'Museo Radio', 'Casa Giulietta', 'Centro Fotografia', 'Sighseeing']",Casa Giulietta,strategy_nearest,True,0.0032901763916015625,success
041766429C4C80,1,"['Teatro Romano', 'Casa Giulietta']",Tomba Giulietta,"['San Fermo', 'Museo Storia', 'Arena', 'Museo Lapidario', 'Museo Radio']",Arena,strategy_nearest,True,0.003061056137084961,success
041768429C4C80,0,['Arena'],Casa Giulietta,"['Centro Fotografia', 'Sighseeing', 'Torre Lamberti', 'Museo Conte', 'Museo Radio']",Torre Lamberti,strategy_nearest,True,0.002174854278564453,success
041768429C4C81,2,['San Zeno'],Duomo,"['AMO', 'Museo Miniscalchi', 'Santa Anastasia', 'Teatro Romano', 'Palazzo della Ragione']",Santa Anastasia,strategy_nearest,True,0.0038781166076660156,success
041769429C4C80,1,"['Arena', 'Casa Giulietta']",Torre Lamberti,"['Sighseeing', 'Centro Fotografia', 'Museo Conte', 'Palazzo della Ragione', 'AMO']",Palazzo della Ragione,strategy_nearest,True,0.0028409957885742188,success
04176D429C4C80,2,['Casa Giulietta'],Torre Lamberti,"['Sighseeing', 'Centro Fotografia', 'Museo Conte', 'Palazzo della Ragione', 'AMO']",Teatro Romano,strategy_nearest,False,0.0015339851379394531,success
0417753A9C4C80,3,"['Santa Anastasia', 'Duomo']",Teatro Romano,"['AMO', 'Palazzo della Ragione', 'Museo Conte', 'Centro Fotografia', 'Museo Miniscalchi']",Arena,strategy_nearest,False,0.0028378963470458984,success
04176C429C4C81,0,['Arena'],Castelvecchio,"['Museo Lapidario', 'Verona Tour', 'Museo Radio', 'San Zeno', 'Sighseeing']",Casa Giulietta,strategy_nearest,False,0.0028510093688964844,success
0417783A9C4C80,0,['Arena'],Casa Giulietta,"['Centro Fotografia', 'Sighseeing', 'Torre Lamberti', 'Museo Conte', 'Museo Radio']",San Fermo,strategy_nearest,False,0.0036149024963378906,success
041779429C4C80,3,"['Arena', 'Casa Giulietta']",Torre Lamberti,"['Sighseeing', 'Centro Fotografia', 'Museo Conte', 'Palazzo della Ragione', 'AMO']",Teatro Romano,strategy_nearest,False,0.0023429393768310547,success
04177C4A9C4C81,3,['Arena'],Castelvecchio,"['Museo Lapidario', 'Verona Tour', 'Museo Radio', 'San Zeno', 'Sighseeing']",Duomo,strategy_nearest,False,0.0021800994873046875,success
04177C429C4C81,1,"['Arena', 'Casa Giulietta']",Palazzo della Ragione,"['AMO', 'Museo Conte', 'Torre Lamberti', 'Centro Fotografia', 'Sighseeing']",Santa Anastasia,strategy_nearest,False,0.0038869380950927734,success
04177D3A9C4C81,3,['Casa Giulietta'],Santa Anastasia,"['AMO', 'Museo Conte', 'Palazzo della Ragione', 'Teatro Romano', 'Centro Fotografia']",Duomo,strategy_nearest,False,0.0028891563415527344,success
0417813A9C4C81,0,"['Arena', 'Castelvecchio']",Duomo,"['AMO', 'Museo Miniscalchi', 'Santa Anastasia', 'Teatro Romano', 'Palazzo della Ragione']",Torre Lamberti,strategy_nearest,False,0.002920866012573242,success
041786429C4C80,2,['Casa Giulietta'],Torre Lamberti,"['Sighseeing', 'Centro Fotografia', 'Museo Conte', 'Palazzo della Ragione', 'AMO']",Palazzo della Ragione,strategy_nearest,True,0.002613067626953125,success
0417884A9C4C81,0,['Arena'],Casa Giulietta,"['Centro Fotografia', 'Sighseeing', 'Torre Lamberti', 'Museo Conte', 'Museo Radio']",Teatro Romano,strategy_nearest,False,0.0034906864166259766,success
0417994A9C4C81,2,['Torre Lamberti'],Casa Giulietta,"['Centro Fotografia', 'Sighseeing', 'Museo Conte', 'Museo Radio', 'Palazzo della Ragione']",Santa Anastasia,strategy_nearest,False,0.003192901611328125,success
04178E3A9C4C80,3,['Arena'],Torre Lamberti,"['Sighseeing', 'Centro Fotografia', 'Museo Conte', 'Casa Giulietta', 'Palazzo della Ragione']",Santa Anastasia,strategy_nearest,False,0.0021631717681884766,success
0417AB429C4C81,3,"['Castelvecchio', 'Arena']",Torre Lamberti,"['Sighseeing', 'Centro Fotografia', 'Museo Conte', 'Casa Giulietta', 'Palazzo della Ragione']",Casa Giulietta,strategy_nearest,True,0.0031020641326904297,success
0417AC429C4C80,0,"['Arena', 'Castelvecchio']",Torre Lamberti,"['Sighseeing', 'Centro Fotografia', 'Museo Conte', 'Casa Giulietta', 'Palazzo della Ragione']",Casa Giulietta,strategy_nearest,True,0.0023870468139648438,success
0417AE3A9C4C80,3,['Arena'],Casa Giulietta,"['Centro Fotografia', 'Sighseeing', 'Torre Lamberti', 'Museo Conte', 'Museo Radio']",Santa Anastasia,strategy_nearest,False,0.002599954605102539,success
0417AD3A9C4C80,0,['Arena'],Casa Giulietta,"['Centro Fotografia', 'Sighseeing', 'Torre Lamberti', 'Museo Conte', 'Museo Radio']",Santa Anastasia,strategy_nearest,False,0.0032417774200439453,success
0417B23A9C4C81,0,['Torre Lamberti'],Arena,"['Verona Tour', 'Museo Lapidario', 'Museo Radio', 'San Fermo', 'Casa Giulietta']",Castelvecchio,strategy_nearest,False,0.0025179386138916016,success
0417AE429C4C80,0,['Arena'],Casa Giulietta,"['Centro Fotografia', 'Sighseeing', 'Torre Lamberti', 'Museo Conte', 'Museo Radio']",Castelvecchio,strategy_nearest,False,0.003448009490966797,success
0417B9429C4C80,3,['Arena'],Casa Giulietta,"['Centro Fotografia', 'Sighseeing', 'Torre Lamberti', 'Museo Conte', 'Museo Radio']",Torre Lamberti,strategy_nearest,True,0.002569913864135742,success
0417B43A9C4C80,0,['Arena'],Casa Giulietta,"['Centro Fotografia', 'Sighseeing', 'Torre Lamberti', 'Museo Conte', 'Museo Radio']",Torre Lamberti,strategy_nearest,True,0.0035321712493896484,success
0417BB3A9C4C80,3,"['Arena', 'Casa Giulietta']",Santa Anastasia,"['AMO', 'Museo Conte', 'Palazzo della Ragione', 'Teatro Romano', 'Centro Fotografia']",Teatro Romano,strategy_nearest,True,0.003236055374145508,success
0417BE3A9C4C80,0,['Arena'],Casa Giulietta,"['Centro Fotografia', 'Sighseeing', 'Torre Lamberti', 'Museo Conte', 'Museo Radio']",Castelvecchio,strategy_nearest,False,0.003222227096557617,success
0417C8429C4C81,3,"['Arena', 'Teatro Romano']",Castelvecchio,"['Museo Lapidario', 'Verona Tour', 'Museo Radio', 'San Zeno', 'Sighseeing']",Torre Lamberti,strategy_nearest,False,0.0025789737701416016,success
0417CF429C4C81,1,"['Arena', 'Castelvecchio', 'San Zeno']",Museo Lapidario,"['Verona Tour', 'Museo Radio', 'San Fermo', 'Casa Giulietta', 'Tomba Giulietta']",Duomo,strategy_nearest,False,0.00321197509765625,success
0417D1429C4C80,3,"['Arena', 'Torre Lamberti']",Santa Anastasia,"['AMO', 'Museo Conte', 'Palazzo della Ragione', 'Teatro Romano', 'Centro Fotografia']",San Fermo,strategy_nearest,False,0.003716707229614258,success
0417D6429C4C81,3,"['Arena', 'San Fermo']",Torre Lamberti,"['Sighseeing', 'Centro Fotografia', 'Museo Conte', 'Casa Giulietta', 'Palazzo della Ragione']",Santa Anastasia,strategy_nearest,False,0.003381013870239258,success
0417D53A9C4C81,4,"['Arena', 'Palazzo della Ragione', 'Torre Lamberti', 'Santa Anastasia', 'Casa Giulietta']",Museo Lapidario,"['Verona Tour', 'Castelvecchio', 'Museo Radio', 'San Fermo', 'Tomba Giulietta']",Tomba Giulietta,strategy_nearest,True,0.0033431053161621094,success
0417DA3A9C4C81,0,"['Arena', 'Castelvecchio']",Duomo,"['AMO', 'Museo Miniscalchi', 'Santa Anastasia', 'Teatro Romano', 'Palazzo della Ragione']",Torre Lamberti,strategy_nearest,False,0.0031201839447021484,success
0417DC3A9C4C80,1,"['Palazzo della Ragione', 'Torre Lamberti']",Arena,"['Verona Tour', 'Museo Lapidario', 'Museo Radio', 'San Fermo', 'Casa Giulietta']",Casa Giulietta,strategy_nearest,True,0.003011941909790039,success
0417DC3A9C4C81,2,"['Teatro Romano', 'Duomo']",Santa Anastasia,"['AMO', 'Museo Conte', 'Palazzo della Ragione', 'Centro Fotografia', 'Torre Lamberti']",Torre Lamberti,strategy_nearest,True,0.0027136802673339844,success
0417E63A9C4C81,1,"['Arena', 'Palazzo della Ragione', 'Torre Lamberti', 'Casa Giulietta']",Santa Anastasia,"['AMO', 'Museo Conte', 'Teatro Romano', 'Centro Fotografia', 'Duomo']",Castelvecchio,strategy_nearest,False,0.002543926239013672,success
041844429C4C81,0,['Castelvecchio'],Santa Anastasia,"['AMO', 'Museo Conte', 'Palazzo della Ragione', 'Teatro Romano', 'Centro Fotografia']",Casa Giulietta,strategy_nearest,False,0.003242969512939453,success
0418453A9C4C81,0,['Torre Lamberti'],Casa Giulietta,"['Centro Fotografia', 'Sighseeing', 'Museo Conte', 'Museo Radio', 'Palazzo della Ragione']",Arena,strategy_nearest,False,0.002662181854248047,success
041856429C4C81,3,['Arena'],Casa Giulietta,"['Centro Fotografia', 'Sighseeing', 'Torre Lamberti', 'Museo Conte', 'Museo Radio']",Santa Anastasia,strategy_nearest,False,0.0025348663330078125,success
041855429C4C81,3,"['Arena', 'Casa Giulietta', 'Torre Lamberti']",Santa Anastasia,"['AMO', 'Museo Conte', 'Palazzo della Ragione', 'Teatro Romano', 'Centro Fotografia']",Duomo,strategy_nearest,False,0.003260374069213867,success
041868429C4C81,3,['Arena'],Santa Anastasia,"['AMO', 'Museo Conte', 'Palazzo della Ragione', 'Teatro Romano', 'Centro Fotografia']",Teatro Romano,strategy_nearest,True,0.003537893295288086,success
04186B429C4C81,2,"['Palazzo della Ragione', 'Torre Lamberti']",Santa Anastasia,"['AMO', 'Museo Conte', 'Teatro Romano', 'Centro Fotografia', 'Duomo']",Teatro Romano,strategy_nearest,True,0.0030989646911621094,success
041875429C4C81,1,"['Arena', 'Casa Giulietta', 'Tomba Giulietta', 'Castelvecchio']",San Zeno,"['Verona Tour', 'Museo Lapidario', 'Museo Miniscalchi', 'Sighseeing', 'Museo Radio']",Santa Anastasia,strategy_nearest,False,0.002588987350463867,success
041881429C4C81,1,"['Arena', 'Castelvecchio', 'San Fermo']",Casa Giulietta,"['Centro Fotografia', 'Sighseeing', 'Torre Lamberti', 'Museo Conte', 'Museo Radio']",Palazzo della Ragione,strategy_nearest,False,0.00263214111328125,success
04187A429C4C81,3,"['Arena', 'Casa Giulietta', 'Torre Lamberti']",Santa Anastasia,"['AMO', 'Museo Conte', 'Palazzo della Ragione', 'Teatro Romano', 'Centro Fotografia']",Duomo,strategy_nearest,False,0.0023949146270751953,success
0418853A9C4C80,0,"['Casa Giulietta', 'Arena']",Museo Lapidario,"['Verona Tour', 'Castelvecchio', 'Museo Radio', 'San Fermo', 'Tomba Giulietta']",Castelvecchio,strategy_nearest,True,0.002722024917602539,success
04187E3A9C4C81,3,"['Arena', 'Casa Giulietta']",Torre Lamberti,"['Sighseeing', 'Centro Fotografia', 'Museo Conte', 'Palazzo della Ragione', 'AMO']",Santa Anastasia,strategy_nearest,False,0.004112958908081055,success
04188D429C4C81,0,['Torre Lamberti'],Arena,"['Verona Tour', 'Museo Lapidario', 'Museo Radio', 'San Fermo', 'Casa Giulietta']",Tomba Giulietta,strategy_nearest,False,0.002663135528564453,success
04188E3A9C4C81,0,['Castelvecchio'],Arena,"['Verona Tour', 'Museo Lapidario', 'Museo Radio', 'San Fermo', 'Casa Giulietta']",Casa Giulietta,strategy_nearest,True,0.002583026885986328,success
04188B3A9C4C81,1,"['Tomba Giulietta', 'Arena', 'Casa Giulietta']",Palazzo della Ragione,"['AMO', 'Museo Conte', 'Torre Lamberti', 'Centro Fotografia', 'Sighseeing']",Torre Lamberti,strategy_nearest,True,0.004640102386474609,success
04188C429C4C81,2,"['San Zeno', 'Castelvecchio']",Santa Anastasia,"['AMO', 'Museo Conte', 'Palazzo della Ragione', 'Teatro Romano', 'Centro Fotografia']",Duomo,strategy_nearest,False,0.0026710033416748047,success
0418C13A9C4C81,3,"['Castelvecchio', 'Arena', 'Casa Giulietta']",Santa Anastasia,"['AMO', 'Museo Conte', 'Palazzo della Ragione', 'Teatro Romano', 'Centro Fotografia']",Duomo,strategy_nearest,False,0.0013418197631835938,success
0418A54A9C4C80,1,['Arena'],Palazzo della Ragione,"['AMO', 'Museo Conte', 'Torre Lamberti', 'Centro Fotografia', 'Sighseeing']",Torre Lamberti,strategy_nearest,True,0.004021883010864258,success
0418C1429C4C81,3,"['Casa Giulietta', 'Arena']",Castelvecchio,"['Museo Lapidario', 'Verona Tour', 'Museo Radio', 'San Zeno', 'Sighseeing']",Santa Anastasia,strategy_nearest,False,0.003228902816772461,success
0418AC429C4C81,3,"['Santa Anastasia', 'Duomo', 'Casa Giulietta']",Arena,"['Verona Tour', 'Museo Lapidario', 'Museo Radio', 'San Fermo', 'Sighseeing']",Tomba Giulietta,strategy_nearest,False,0.001964092254638672,success
0418C4429C4C81,1,"['Casa Giulietta', 'Santa Anastasia', 'Torre Lamberti', 'Palazzo della Ragione']",Palazzo della Ragione,"['AMO', 'Museo Conte', 'Centro Fotografia', 'Sighseeing', 'Museo Miniscalchi']",Arena,strategy_nearest,False,0.002560853958129883,success
0418CA3A9C4C81,0,['Arena'],Castelvecchio,"['Museo Lapidario', 'Verona Tour', 'Museo Radio', 'San Zeno', 'Sighseeing']",Casa Giulietta,strategy_nearest,False,0.002395153045654297,success
0418C8429C4C81,3,"['Duomo', 'Torre Lamberti']",Arena,"['Verona Tour', 'Museo Lapidario', 'Museo Radio', 'San Fermo', 'Casa Giulietta']",Castelvecchio,strategy_nearest,False,0.0020728111267089844,success
0418C73A9C4C81,1,"['Castelvecchio', 'Arena']",Casa Giulietta,"['Centro Fotografia', 'Sighseeing', 'Torre Lamberti', 'Museo Conte', 'Museo Radio']",Torre Lamberti,strategy_nearest,True,0.003423929214477539,success
0418D7429C4C81,0,['Arena'],Casa Giulietta,"['Centro Fotografia', 'Sighseeing', 'Torre Lamberti', 'Museo Conte', 'Museo Radio']",San Zeno,strategy_nearest,False,0.0017669200897216797,success
0418DA429C4C81,1,"['Arena', 'Casa Giulietta', 'Torre Lamberti', 'Palazzo della Ragione', 'Tomba Giulietta']",Teatro Romano,"['Santa Anastasia', 'Duomo', 'AMO', 'Museo Conte', 'Centro Fotografia']",Duomo,strategy_nearest,True,0.0025262832641601562,success
0418DD429C4C81,0,['Arena'],Teatro Romano,"['Santa Anastasia', 'Duomo', 'AMO', 'Palazzo della Ragione', 'Museo Conte']",Duomo,strategy_nearest,True,0.002626180648803711,success
0418DE429C4C81,1,"['Arena', 'San Zeno', 'Torre Lamberti']",Santa Anastasia,"['AMO', 'Museo Conte', 'Palazzo della Ragione', 'Teatro Romano', 'Centro Fotografia']",Teatro Romano,strategy_nearest,True,0.002599954605102539,success
0418E03A9C4C81,3,"['Arena', 'Casa Giulietta', 'Torre Lamberti']",Duomo,"['AMO', 'Museo Miniscalchi', 'Santa Anastasia', 'Teatro Romano', 'Palazzo della Ragione']",Teatro Romano,strategy_nearest,True,0.0026090145111083984,success
0418E43A9C4C81,0,['Arena'],Casa Giulietta,"['Centro Fotografia', 'Sighseeing', 'Torre Lamberti', 'Museo Conte', 'Museo Radio']",Castelvecchio,strategy_nearest,False,0.003070831298828125,success
04193E3A9C4C81,3,"['Torre Lamberti', 'Duomo']",San Fermo,"['Museo Storia', 'Museo Radio', 'Casa Giulietta', 'Centro Fotografia', 'Arena']",Arena,strategy_nearest,True,0.0030641555786132812,success
04193F429C4C81,0,['Arena'],Tomba Giulietta,"['San Fermo', 'Museo Storia', 'Museo Lapidario', 'Museo Radio', 'Verona Tour']",Castelvecchio,strategy_nearest,False,0.002010822296142578,success
04194C3A9C4C81,3,"['Arena', 'Casa Giulietta']",Torre Lamberti,"['Sighseeing', 'Centro Fotografia', 'Museo Conte', 'Palazzo della Ragione', 'AMO']",Duomo,strategy_nearest,False,0.0020720958709716797,success
041949429C4C81,0,"['Arena', 'Casa Giulietta']",Duomo,"['AMO', 'Museo Miniscalchi', 'Santa Anastasia', 'Teatro Romano', 'Palazzo della Ragione']",Tomba Giulietta,strategy_nearest,False,0.0026938915252685547,success
041954429C4C81,0,"['Arena', 'Castelvecchio']",San Zeno,"['Verona Tour', 'Museo Lapidario', 'Museo Miniscalchi', 'Sighseeing', 'Museo Radio']",Casa Giulietta,strategy_nearest,False,0.0032281875610351562,success
041959429C4C80,2,"['Torre Lamberti', 'Casa Giulietta']",Casa Giulietta,"['Centro Fotografia', 'Sighseeing', 'Museo Conte', 'Museo Radio', 'Palazzo della Ragione']",Duomo,strategy_nearest,False,0.0033190250396728516,success
04195C429C4C80,0,['Arena'],Castelvecchio,"['Museo Lapidario', 'Verona Tour', 'Museo Radio', 'San Zeno', 'Sighseeing']",San Fermo,strategy_nearest,False,0.0019309520721435547,success
041956429C4C81,3,"['Arena', 'San Zeno']",Santa Anastasia,"['AMO', 'Museo Conte', 'Palazzo della Ragione', 'Teatro Romano', 'Centro Fotografia']",Duomo,strategy_nearest,False,0.0032949447631835938,success
04195D429C4C81,0,['Arena'],Casa Giulietta,"['Centro Fotografia', 'Sighseeing', 'Torre Lamberti', 'Museo Conte', 'Museo Radio']",Santa Anastasia,strategy_nearest,False,0.0033769607543945312,success
041967429C4C80,3,"['Torre Lamberti', 'Santa Anastasia']",Duomo,"['AMO', 'Museo Miniscalchi', 'Teatro Romano', 'Palazzo della Ragione', 'Museo Conte']",Casa Giulietta,strategy_nearest,False,0.001814126968383789,success
04196A3A9C4C80,0,['Arena'],Torre Lamberti,"['Sighseeing', 'Centro Fotografia', 'Museo Conte', 'Casa Giulietta', 'Palazzo della Ragione']",Duomo,strategy_nearest,False,0.002399921417236328,success
04196B429C4C81,3,"['Giardino Giusti', 'Santa Anastasia']",Duomo,"['AMO', 'Museo Miniscalchi', 'Teatro Romano', 'Palazzo della Ragione', 'Museo Conte']",Casa Giulietta,strategy_nearest,False,0.0033440589904785156,success
041971429C4C81,0,['Castelvecchio'],Arena,"['Verona Tour', 'Museo Lapidario', 'Museo Radio', 'San Fermo', 'Casa Giulietta']",Casa Giulietta,strategy_nearest,True,0.0032830238342285156,success
041974429C4C80,3,"['Arena', 'Castelvecchio']",Torre Lamberti,"['Sighseeing', 'Centro Fotografia', 'Museo Conte', 'Casa Giulietta', 'Palazzo della Ragione']",Casa Giulietta,strategy_nearest,True,0.0026361942291259766,success
04197A429C4C81,1,"['Arena', 'Museo Lapidario', 'Castelvecchio', 'Palazzo della Ragione']",Casa Giulietta,"['Centro Fotografia', 'Sighseeing', 'Torre Lamberti', 'Museo Conte', 'Museo Radio']",Duomo,strategy_nearest,False,0.003077983856201172,success
04197F3A9C4C81,1,['Teatro Romano'],Arena,"['Verona Tour', 'Museo Lapidario', 'Museo Radio', 'San Fermo', 'Casa Giulietta']",Torre Lamberti,strategy_nearest,False,0.0019409656524658203,success
04197F429C4C80,1,"['Arena', 'Casa Giulietta']",Torre Lamberti,"['Sighseeing', 'Centro Fotografia', 'Museo Conte', 'Palazzo della Ragione', 'AMO']",Palazzo della Ragione,strategy_nearest,True,0.002537965774536133,success
04197B3A9C4C80,1,"['Casa Giulietta', 'Teatro Romano']",Duomo,"['AMO', 'Museo Miniscalchi', 'Santa Anastasia', 'Palazzo della Ragione', 'Museo Conte']",Palazzo della Ragione,strategy_nearest,True,0.0037937164306640625,success
0419843A9C4C81,0,['Arena'],Casa Giulietta,"['Centro Fotografia', 'Sighseeing', 'Torre Lamberti', 'Museo Conte', 'Museo Radio']",Tomba Giulietta,strategy_nearest,False,0.002081632614135742,success
0419813A9C4C81,1,"['Arena', 'Casa Giulietta', 'Torre Lamberti']",Palazzo della Ragione,"['AMO', 'Museo Conte', 'Centro Fotografia', 'Sighseeing', 'Santa Anastasia']",Santa Anastasia,strategy_nearest,True,0.0032639503479003906,success
0419833A9C4C80,4,"['Arena', 'Torre Lamberti']",Santa Anastasia,"['AMO', 'Museo Conte', 'Palazzo della Ragione', 'Teatro Romano', 'Centro Fotografia']",Teatro Romano,strategy_nearest,True,0.0027379989624023438,success
0419853A9C4C81,0,['Arena'],Casa Giulietta,"['Centro Fotografia', 'Sighseeing', 'Torre Lamberti', 'Museo Conte', 'Museo Radio']",Teatro Romano,strategy_nearest,False,0.0030798912048339844,success
041989429C4C80,0,['Teatro Romano'],Duomo,"['AMO', 'Museo Miniscalchi', 'Santa Anastasia', 'Palazzo della Ragione', 'Museo Conte']",Castelvecchio,strategy_nearest,False,0.003387928009033203,success
04198E4A9C4C81,3,"['Arena', 'Torre Lamberti']",Casa Giulietta,"['Centro Fotografia', 'Sighseeing', 'Museo Conte', 'Museo Radio', 'Palazzo della Ragione']",Santa Anastasia,strategy_nearest,False,0.002577066421508789,success
04198A3A9C4C81,0,['Castelvecchio'],Torre Lamberti,"['Sighseeing', 'Centro Fotografia', 'Museo Conte', 'Casa Giulietta', 'Palazzo della Ragione']",Casa Giulietta,strategy_nearest,True,0.003938913345336914,success
04198E3A9C4C81,3,"['San Zeno', 'Castelvecchio']",Arena,"['Verona Tour', 'Museo Lapidario', 'Museo Radio', 'San Fermo', 'Casa Giulietta']",Santa Anastasia,strategy_nearest,False,0.0015139579772949219,success
0419AB429C4C81,3,"['Arena', 'Casa Giulietta']",Santa Anastasia,"['AMO', 'Museo Conte', 'Palazzo della Ragione', 'Teatro Romano', 'Centro Fotografia']",Torre Lamberti,strategy_nearest,False,0.0013430118560791016,success
0419AF429C4C80,1,['Arena'],Palazzo della Ragione,"['AMO', 'Museo Conte', 'Torre Lamberti', 'Centro Fotografia', 'Sighseeing']",Torre Lamberti,strategy_nearest,True,0.002605915069580078,success
0419AD3A9C4C80,2,['Torre Lamberti'],Casa Giulietta,"['Centro Fotografia', 'Sighseeing', 'Museo Conte', 'Museo Radio', 'Palazzo della Ragione']",Santa Anastasia,strategy_nearest,False,0.002056121826171875,success
0419AE429C4C80,2,['Torre Lamberti'],Casa Giulietta,"['Centro Fotografia', 'Sighseeing', 'Museo Conte', 'Museo Radio', 'Palazzo della Ragione']",Castelvecchio,strategy_nearest,False,0.0033347606658935547,success
0419B13A9C4C81,3,"['Arena', 'Casa Giulietta']",Torre Lamberti,"['Sighseeing', 'Centro Fotografia', 'Museo Conte', 'Palazzo della Ragione', 'AMO']",Santa Anastasia,strategy_nearest,False,0.0015158653259277344,success
0419B5429C4C81,0,"['Arena', 'Castelvecchio']",San Zeno,"['Verona Tour', 'Museo Lapidario', 'Museo Miniscalchi', 'Sighseeing', 'Museo Radio']",Duomo,strategy_nearest,False,0.0027267932891845703,success
0419AF429C4C81,0,"['Arena', 'San Zeno']",Castelvecchio,"['Museo Lapidario', 'Verona Tour', 'Museo Radio', 'Sighseeing', 'Museo Miniscalchi']",Torre Lamberti,strategy_nearest,False,0.0021572113037109375,success
0419BA429C4C81,1,"['Tomba Giulietta', 'Arena', 'Museo Lapidario']",Castelvecchio,"['Verona Tour', 'Museo Radio', 'San Zeno', 'Sighseeing', 'Museo Miniscalchi']",Casa Giulietta,strategy_nearest,False,0.003239154815673828,success
0419BE3A9C4C80,0,['Arena'],Casa Giulietta,"['Centro Fotografia', 'Sighseeing', 'Torre Lamberti', 'Museo Conte', 'Museo Radio']",Teatro Romano,strategy_nearest,False,0.002707958221435547,success
0419C53A9C4C81,0,['Arena'],Casa Giulietta,"['Centro Fotografia', 'Sighseeing', 'Torre Lamberti', 'Museo Conte', 'Museo Radio']",Castelvecchio,strategy_nearest,False,0.0019381046295166016,success
0419BB429C4C81,3,"['Santa Anastasia', 'Duomo']",Casa Giulietta,"['Centro Fotografia', 'Sighseeing', 'Torre Lamberti', 'Museo Conte', 'Museo Radio']",Arena,strategy_nearest,False,0.0034008026123046875,success
0419CA3A9C4C81,0,"['Arena', 'Museo Lapidario']",Castelvecchio,"['Verona Tour', 'Museo Radio', 'San Zeno', 'Sighseeing', 'Museo Miniscalchi']",Casa Giulietta,strategy_nearest,False,0.003258228302001953,success
0419CA429C4C80,3,['Arena'],Torre Lamberti,"['Sighseeing', 'Centro Fotografia', 'Museo Conte', 'Casa Giulietta', 'Palazzo della Ragione']",Santa Anastasia,strategy_nearest,False,0.002462148666381836,success
0419CB429C4C80,0,['Arena'],Casa Giulietta,"['Centro Fotografia', 'Sighseeing', 'Torre Lamberti', 'Museo Conte', 'Museo Radio']",Tomba Giulietta,strategy_nearest,False,0.002727031707763672,success
0419D93A9C4C80,3,"['Arena', 'San Fermo', 'Casa Giulietta']",Museo Lapidario,"['Verona Tour', 'Castelvecchio', 'Museo Radio', 'Tomba Giulietta', 'Sighseeing']",Castelvecchio,strategy_nearest,True,0.002435922622680664,success
0419D1429C4C80,3,"['Teatro Romano', 'Castelvecchio', 'San Zeno']",Arena,"['Verona Tour', 'Museo Lapidario', 'Museo Radio', 'San Fermo', 'Casa Giulietta']",Torre Lamberti,strategy_nearest,False,0.004372835159301758,success
0419DF3A9C4C81,0,['Torre Lamberti'],Casa Giulietta,"['Centro Fotografia', 'Sighseeing', 'Museo Conte', 'Museo Radio', 'Palazzo della Ragione']",Arena,strategy_nearest,False,0.003100872039794922,success
0419DC3A9C4C80,1,"['Castelvecchio', 'Arena', 'Teatro Romano']",Casa Giulietta,"['Centro Fotografia', 'Sighseeing', 'Torre Lamberti', 'Museo Conte', 'Museo Radio']",Santa Anastasia,strategy_nearest,False,0.003481149673461914,success
041A44429C4C81,1,"['Arena', 'Casa Giulietta', 'Torre Lamberti']",Palazzo della Ragione,"['AMO', 'Museo Conte', 'Centro Fotografia', 'Sighseeing', 'Santa Anastasia']",Duomo,strategy_nearest,False,0.003326892852783203,success
041A4C429C4C81,3,"['San Zeno', 'Arena']",Torre Lamberti,"['Sighseeing', 'Centro Fotografia', 'Museo Conte', 'Casa Giulietta', 'Palazzo della Ragione']",Santa Anastasia,strategy_nearest,False,0.0029909610748291016,success
041A55429C4C80,1,"['Arena', 'Casa Giulietta']",Palazzo della Ragione,"['AMO', 'Museo Conte', 'Torre Lamberti', 'Centro Fotografia', 'Sighseeing']",Torre Lamberti,strategy_nearest,True,0.0030698776245117188,success
041A53429C4C80,3,"['Arena', 'Casa Giulietta', 'Torre Lamberti']",Santa Anastasia,"['AMO', 'Museo Conte', 'Palazzo della Ragione', 'Teatro Romano', 'Centro Fotografia']",Duomo,strategy_nearest,False,0.002705097198486328,success
041A5C429C4C81,0,['Arena'],Casa Giulietta,"['Centro Fotografia', 'Sighseeing', 'Torre Lamberti', 'Museo Conte', 'Museo Radio']",Torre Lamberti,strategy_nearest,True,0.0026731491088867188,success
041A61429C4C80,1,"['Arena', 'Casa Giulietta', 'Torre Lamberti']",Palazzo della Ragione,"['AMO', 'Museo Conte', 'Centro Fotografia', 'Sighseeing', 'Santa Anastasia']",Santa Anastasia,strategy_nearest,True,0.0035190582275390625,success
041A63429C4C80,3,"['Arena', 'San Fermo', 'Casa Giulietta']",Duomo,"['AMO', 'Museo Miniscalchi', 'Santa Anastasia', 'Teatro Romano', 'Palazzo della Ragione']",Teatro Romano,strategy_nearest,True,0.0030431747436523438,success
041A68429C4C80,3,['Casa Giulietta'],Torre Lamberti,"['Sighseeing', 'Centro Fotografia', 'Museo Conte', 'Palazzo della Ragione', 'AMO']",Santa Anastasia,strategy_nearest,False,0.004957914352416992,success
041A6D429C4C81,2,"['Giardino Giusti', 'Palazzo della Ragione']",Duomo,"['AMO', 'Museo Miniscalchi', 'Santa Anastasia', 'Teatro Romano', 'Museo Conte']",Santa Anastasia,strategy_nearest,True,0.0061550140380859375,success
041A67429C4C80,0,['Arena'],Teatro Romano,"['Santa Anastasia', 'Duomo', 'AMO', 'Palazzo della Ragione', 'Museo Conte']",Torre Lamberti,strategy_nearest,False,0.005316019058227539,success
041A6F429C4C80,0,['Arena'],Casa Giulietta,"['Centro Fotografia', 'Sighseeing', 'Torre Lamberti', 'Museo Conte', 'Museo Radio']",Torre Lamberti,strategy_nearest,True,0.006731986999511719,success
041A713A9C4C81,0,['Arena'],Casa Giulietta,"['Centro Fotografia', 'Sighseeing', 'Torre Lamberti', 'Museo Conte', 'Museo Radio']",Castelvecchio,strategy_nearest,False,0.0040149688720703125,success
041A74429C4C80,1,"['Casa Giulietta', 'Palazzo della Ragione']",Santa Anastasia,"['AMO', 'Museo Conte', 'Teatro Romano', 'Centro Fotografia', 'Duomo']",Teatro Romano,strategy_nearest,True,0.00179290771484375,success
041A723A9C4C80,0,['Arena'],Casa Giulietta,"['Centro Fotografia', 'Sighseeing', 'Torre Lamberti', 'Museo Conte', 'Museo Radio']",Torre Lamberti,strategy_nearest,True,0.004683017730712891,success
041A75429C4C80,0,['Arena'],Casa Giulietta,"['Centro Fotografia', 'Sighseeing', 'Torre Lamberti', 'Museo Conte', 'Museo Radio']",Torre Lamberti,strategy_nearest,True,0.003159761428833008,success
041A76429C4C80,3,"['Castelvecchio', 'Arena']",Casa Giulietta,"['Centro Fotografia', 'Sighseeing', 'Torre Lamberti', 'Museo Conte', 'Museo Radio']",Santa Anastasia,strategy_nearest,False,0.0036280155181884766,success
041A7A3A9C4C80,3,"['Arena', 'Casa Giulietta']",Santa Anastasia,"['AMO', 'Museo Conte', 'Palazzo della Ragione', 'Teatro Romano', 'Centro Fotografia']",Duomo,strategy_nearest,False,0.001317739486694336,success
041A753A9C4C81,0,['Arena'],Torre Lamberti,"['Sighseeing', 'Centro Fotografia', 'Museo Conte', 'Casa Giulietta', 'Palazzo della Ragione']",Teatro Romano,strategy_nearest,False,0.0026018619537353516,success
041A7B3A9C4C80,1,"['Arena', 'San Fermo', 'Casa Giulietta', 'Teatro Romano']",Castelvecchio,"['Museo Lapidario', 'Verona Tour', 'Museo Radio', 'San Zeno', 'Sighseeing']",San Zeno,strategy_nearest,True,0.0027828216552734375,success
041A7A429C4C81,1,"['Arena', 'Museo Lapidario', 'Palazzo della Ragione']",Casa Giulietta,"['Centro Fotografia', 'Sighseeing', 'Torre Lamberti', 'Museo Conte', 'Museo Radio']",Santa Anastasia,strategy_nearest,False,0.0023217201232910156,success
041A7B4A9C4C80,3,"['Casa Giulietta', 'Torre Lamberti', 'Santa Anastasia']",Duomo,"['AMO', 'Museo Miniscalchi', 'Teatro Romano', 'Palazzo della Ragione', 'Museo Conte']",Teatro Romano,strategy_nearest,True,0.004797935485839844,success
041A7E429C4C81,0,['Casa Giulietta'],Arena,"['Verona Tour', 'Museo Lapidario', 'Museo Radio', 'San Fermo', 'Sighseeing']",Tomba Giulietta,strategy_nearest,False,0.0022552013397216797,success
041A833A9C4C80,3,"['Arena', 'Torre Lamberti']",Santa Anastasia,"['AMO', 'Museo Conte', 'Palazzo della Ragione', 'Teatro Romano', 'Centro Fotografia']",Casa Giulietta,strategy_nearest,False,0.0037250518798828125,success
041A834A9C4C80,3,['Arena'],Torre Lamberti,"['Sighseeing', 'Centro Fotografia', 'Museo Conte', 'Casa Giulietta', 'Palazzo della Ragione']",Santa Anastasia,strategy_nearest,False,0.0026700496673583984,success
041A87429C4C80,0,['Casa Giulietta'],Arena,"['Verona Tour', 'Museo Lapidario', 'Museo Radio', 'San Fermo', 'Sighseeing']",Castelvecchio,strategy_nearest,False,0.0022020339965820312,success
041A873A9C4C81,1,"['Arena', 'Torre Lamberti']",Palazzo della Ragione,"['AMO', 'Museo Conte', 'Centro Fotografia', 'Sighseeing', 'Santa Anastasia']",Casa Giulietta,strategy_nearest,False,0.0039937496185302734,success
041A894A9C4C81,1,"['Arena', 'Casa Giulietta']",Santa Anastasia,"['AMO', 'Museo Conte', 'Palazzo della Ragione', 'Teatro Romano', 'Centro Fotografia']",Torre Lamberti,strategy_nearest,False,0.002554178237915039,success
041A91429C4C81,0,"['Casa Giulietta', 'Torre Lamberti']",Castelvecchio,"['Museo Lapidario', 'Verona Tour', 'Arena', 'Museo Radio', 'San Zeno']",Arena,strategy_nearest,True,0.0024538040161132812,success
041A8B429C4C81,3,['Duomo'],Teatro Romano,"['Santa Anastasia', 'AMO', 'Palazzo della Ragione', 'Museo Conte', 'Centro Fotografia']",Santa Anastasia,strategy_nearest,True,0.0031478404998779297,success
041A97429C4C81,0,['Torre Lamberti'],Arena,"['Verona Tour', 'Museo Lapidario', 'Museo Radio', 'San Fermo', 'Casa Giulietta']",Duomo,strategy_nearest,False,0.0030291080474853516,success
041AA34A9C4C81,1,"['Arena', 'Casa Giulietta', 'Palazzo della Ragione']",Castelvecchio,"['Museo Lapidario', 'Verona Tour', 'Museo Radio', 'San Zeno', 'Sighseeing']",Duomo,strategy_nearest,False,0.003214120864868164,success
041AAB3A9C4C81,3,"['Torre Lamberti', 'Santa Anastasia']",Duomo,"['AMO', 'Museo Miniscalchi', 'Teatro Romano', 'Palazzo della Ragione', 'Museo Conte']",Casa Giulietta,strategy_nearest,False,0.0028638839721679688,success
041AA7429C4C80,6,"['Castelvecchio', 'Casa Giulietta']",Casa Giulietta,"['Centro Fotografia', 'Sighseeing', 'Torre Lamberti', 'Museo Conte', 'Museo Radio']",Arena,strategy_nearest,False,0.0022389888763427734,success
041AAB4A9C4C81,3,"['Arena', 'Casa Giulietta']",Torre Lamberti,"['Sighseeing', 'Centro Fotografia', 'Museo Conte', 'Palazzo della Ragione', 'AMO']",Santa Anastasia,strategy_nearest,False,0.0028238296508789062,success
041AAC429C4C80,0,['Arena'],Casa Giulietta,"['Centro Fotografia', 'Sighseeing', 'Torre Lamberti', 'Museo Conte', 'Museo Radio']",Arena,strategy_nearest,False,0.002766847610473633,success
041AAF429C4C81,1,"['Arena', 'Castelvecchio']",Torre Lamberti,"['Sighseeing', 'Centro Fotografia', 'Museo Conte', 'Casa Giulietta', 'Palazzo della Ragione']",Palazzo della Ragione,strategy_nearest,True,0.003155946731567383,success
041AAE429C4C80,1,"['Tomba Giulietta', 'San Fermo', 'Casa Giulietta', 'Torre Lamberti']",Palazzo della Ragione,"['AMO', 'Museo Conte', 'Centro Fotografia', 'Sighseeing', 'Santa Anastasia']",Santa Anastasia,strategy_nearest,True,0.002048969268798828,success
041AB43A9C4C81,3,"['Arena', 'Tomba Giulietta']",Casa Giulietta,"['Centro Fotografia', 'Sighseeing', 'Torre Lamberti', 'Museo Conte', 'Museo Radio']",Santa Anastasia,strategy_nearest,False,0.0015659332275390625,success
041AB5429C4C80,3,"['Torre Lamberti', 'Casa Giulietta']",Santa Anastasia,"['AMO', 'Museo Conte', 'Palazzo della Ragione', 'Teatro Romano', 'Centro Fotografia']",Arena,strategy_nearest,False,0.0022940635681152344,success
041AB03A9C4C80,3,"['San Zeno', 'Castelvecchio']",Arena,"['Verona Tour', 'Museo Lapidario', 'Museo Radio', 'San Fermo', 'Casa Giulietta']",Duomo,strategy_nearest,False,0.004395961761474609,success
041AB23A9C4C80,0,['Arena'],Casa Giulietta,"['Centro Fotografia', 'Sighseeing', 'Torre Lamberti', 'Museo Conte', 'Museo Radio']",Teatro Romano,strategy_nearest,False,0.0031189918518066406,success
041ACA429C4C80,3,"['Arena', 'Torre Lamberti']",Duomo,"['AMO', 'Museo Miniscalchi', 'Santa Anastasia', 'Teatro Romano', 'Palazzo della Ragione']",Teatro Romano,strategy_nearest,True,0.003309011459350586,success
041AC0429C4C81,1,"['Torre Lamberti', 'Palazzo della Ragione', 'Casa Giulietta', 'Giardino Giusti']",Teatro Romano,"['Santa Anastasia', 'Duomo', 'AMO', 'Museo Conte', 'Centro Fotografia']",Santa Anastasia,strategy_nearest,True,0.002233743667602539,success
041ABB429C4C80,3,"['Tomba Giulietta', 'Arena', 'Casa Giulietta']",Torre Lamberti,"['Sighseeing', 'Centro Fotografia', 'Museo Conte', 'Palazzo della Ragione', 'AMO']",Santa Anastasia,strategy_nearest,False,0.0029561519622802734,success
041AC3429C4C80,0,"['Arena', 'Castelvecchio']",Torre Lamberti,"['Sighseeing', 'Centro Fotografia', 'Museo Conte', 'Casa Giulietta', 'Palazzo della Ragione']",Casa Giulietta,strategy_nearest,True,0.0028340816497802734,success
041ADC3A9C4C80,0,['Arena'],Casa Giulietta,"['Centro Fotografia', 'Sighseeing', 'Torre Lamberti', 'Museo Conte', 'Museo Radio']",Castelvecchio,strategy_nearest,False,0.0022859573364257812,success
041AE03A9C4C81,1,"['San Zeno', 'Castelvecchio', 'Arena', 'San Fermo', 'Casa Giulietta']",Museo Storia,"['Museo Radio', 'Centro Fotografia', 'Tomba Giulietta', 'Torre Lamberti', 'Sighseeing']",Teatro Romano,strategy_nearest,False,0.0033049583435058594,success
041ADD3A9C4C81,1,"['Arena', 'Casa Giulietta', 'Santa Anastasia']",Duomo,"['AMO', 'Museo Miniscalchi', 'Teatro Romano', 'Palazzo della Ragione', 'Museo Conte']",Palazzo della Ragione,strategy_nearest,True,0.0014510154724121094,success
041AE03A9C4C80,3,['San Zeno'],Arena,"['Verona Tour', 'Museo Lapidario', 'Museo Radio', 'San Fermo', 'Casa Giulietta']",Casa Giulietta,strategy_nearest,True,0.002767324447631836,success
041AE43A9C4C80,1,['Torre Lamberti'],Palazzo della Ragione,"['AMO', 'Museo Conte', 'Centro Fotografia', 'Sighseeing', 'Santa Anastasia']",Arena,strategy_nearest,False,0.0022420883178710938,success
041AE2429C4C80,1,"['San Zeno', 'Arena', 'Casa Giulietta', 'San Fermo']",Torre Lamberti,"['Sighseeing', 'Centro Fotografia', 'Museo Conte', 'Palazzo della Ragione', 'AMO']",Santa Anastasia,strategy_nearest,False,0.0021448135375976562,success
041B493A9C4C81,2,['Casa Giulietta'],Torre Lamberti,"['Sighseeing', 'Centro Fotografia', 'Museo Conte', 'Palazzo della Ragione', 'AMO']",Castelvecchio,strategy_nearest,False,0.0025739669799804688,success
041B47429C4C81,3,['Santa Anastasia'],Duomo,"['AMO', 'Museo Miniscalchi', 'Teatro Romano', 'Palazzo della Ragione', 'Museo Conte']",Castelvecchio,strategy_nearest,False,0.0028221607208251953,success
041B4C3A9C4C81,1,"['Castelvecchio', 'Casa Giulietta']",Arena,"['Verona Tour', 'Museo Lapidario', 'Museo Radio', 'San Fermo', 'Sighseeing']",Palazzo della Ragione,strategy_nearest,False,0.0018019676208496094,success
041B51429C4C81,0,['Arena'],Teatro Romano,"['Santa Anastasia', 'Duomo', 'AMO', 'Palazzo della Ragione', 'Museo Conte']",San Fermo,strategy_nearest,False,0.0028591156005859375,success
041B523A9C4C81,3,"['Arena', 'Casa Giulietta', 'Torre Lamberti', 'Santa Anastasia']",Duomo,"['AMO', 'Museo Miniscalchi', 'Teatro Romano', 'Palazzo della Ragione', 'Museo Conte']",Castelvecchio,strategy_nearest,False,0.002135038375854492,success
041B54429C4C81,3,['Arena'],Santa Anastasia,"['AMO', 'Museo Conte', 'Palazzo della Ragione', 'Teatro Romano', 'Centro Fotografia']",Teatro Romano,strategy_nearest,True,0.0028221607208251953,success
041B5C429C4C80,1,"['Arena', 'Casa Giulietta']",Torre Lamberti,"['Sighseeing', 'Centro Fotografia', 'Museo Conte', 'Palazzo della Ragione', 'AMO']",Palazzo della Ragione,strategy_nearest,True,0.0038869380950927734,success
041B5C429C4C81,1,"['Arena', 'Casa Giulietta']",Tomba Giulietta,"['San Fermo', 'Museo Storia', 'Museo Lapidario', 'Museo Radio', 'Verona Tour']",Torre Lamberti,strategy_nearest,False,0.0038487911224365234,success
041B61429C4C81,0,['Arena'],Giardino Giusti,"['Santa Anastasia', 'Teatro Romano', 'Museo Conte', 'Centro Fotografia', 'Museo Storia']",Torre Lamberti,strategy_nearest,False,0.0033190250396728516,success
041B5F429C4C80,0,['Arena'],Casa Giulietta,"['Centro Fotografia', 'Sighseeing', 'Torre Lamberti', 'Museo Conte', 'Museo Radio']",Torre Lamberti,strategy_nearest,True,0.0024518966674804688,success
041B62429C4C81,0,['Torre Lamberti'],Casa Giulietta,"['Centro Fotografia', 'Sighseeing', 'Museo Conte', 'Museo Radio', 'Palazzo della Ragione']",Arena,strategy_nearest,False,0.0017800331115722656,success
041B63429C4C80,3,"['Santa Anastasia', 'Teatro Romano', 'Duomo']",Arena,"['Verona Tour', 'Museo Lapidario', 'Museo Radio', 'San Fermo', 'Casa Giulietta']",Casa Giulietta,strategy_nearest,True,0.0024368762969970703,success
041B6D429C4C81,0,['Teatro Romano'],Casa Giulietta,"['Centro Fotografia', 'Sighseeing', 'Torre Lamberti', 'Museo Conte', 'Museo Radio']",Arena,strategy_nearest,False,0.0034339427947998047,success
041B6C429C4C80,3,['Santa Anastasia'],Duomo,"['AMO', 'Museo Miniscalchi', 'Teatro Romano', 'Palazzo della Ragione', 'Museo Conte']",Casa Giulietta,strategy_nearest,False,0.002830982208251953,success
041B733A9C4C80,3,"['Arena', 'Castelvecchio']",Casa Giulietta,"['Centro Fotografia', 'Sighseeing', 'Torre Lamberti', 'Museo Conte', 'Museo Radio']",Teatro Romano,strategy_nearest,False,0.0020558834075927734,success
041B723A9C4C80,1,"['Arena', 'Casa Giulietta']",Torre Lamberti,"['Sighseeing', 'Centro Fotografia', 'Museo Conte', 'Palazzo della Ragione', 'AMO']",Palazzo della Ragione,strategy_nearest,True,0.003974199295043945,success
041B73429C4C80,0,['Arena'],Teatro Romano,"['Santa Anastasia', 'Duomo', 'AMO', 'Palazzo della Ragione', 'Museo Conte']",Casa Giulietta,strategy_nearest,False,0.0019221305847167969,success
041B75429C4C81,2,"['Casa Giulietta', 'Torre Lamberti']",Santa Anastasia,"['AMO', 'Museo Conte', 'Palazzo della Ragione', 'Teatro Romano', 'Centro Fotografia']",Duomo,strategy_nearest,False,0.0027000904083251953,success
041B773A9C4C80,0,['Casa Giulietta'],Arena,"['Verona Tour', 'Museo Lapidario', 'Museo Radio', 'San Fermo', 'Sighseeing']",Castelvecchio,strategy_nearest,False,0.003020048141479492,success
041B73429C4C81,0,['Arena'],Casa Giulietta,"['Centro Fotografia', 'Sighseeing', 'Torre Lamberti', 'Museo Conte', 'Museo Radio']",Torre Lamberti,strategy_nearest,True,0.0021381378173828125,success
041B7B3A9C4C80,0,['Arena'],Casa Giulietta,"['Centro Fotografia', 'Sighseeing', 'Torre Lamberti', 'Museo Conte', 'Museo Radio']",Torre Lamberti,strategy_nearest,True,0.001363992691040039,success
041B7D429C4C81,2,"['Casa Giulietta', 'Torre Lamberti']",Palazzo della Ragione,"['AMO', 'Museo Conte', 'Centro Fotografia', 'Sighseeing', 'Santa Anastasia']",Giardino Giusti,strategy_nearest,False,0.002140045166015625,success
041B793A9C4C81,1,"['Arena', 'Santa Anastasia', 'Torre Lamberti']",Palazzo della Ragione,"['AMO', 'Museo Conte', 'Centro Fotografia', 'Sighseeing', 'Museo Miniscalchi']",Giardino Giusti,strategy_nearest,False,0.0028548240661621094,success
041B7E3A9C4C80,3,"['Arena', 'San Fermo']",Torre Lamberti,"['Sighseeing', 'Centro Fotografia', 'Museo Conte', 'Casa Giulietta', 'Palazzo della Ragione']",Santa Anastasia,strategy_nearest,False,0.003341197967529297,success
041B823A9C4C81,1,"['Arena', 'Castelvecchio', 'Torre Lamberti']",Palazzo della Ragione,"['AMO', 'Museo Conte', 'Centro Fotografia', 'Sighseeing', 'Santa Anastasia']",Casa Giulietta,strategy_nearest,False,0.003192901611328125,success
041B864A9C4C80,0,"['Arena', 'Museo Lapidario']",Casa Giulietta,"['Centro Fotografia', 'Sighseeing', 'Torre Lamberti', 'Museo Conte', 'Museo Radio']",Tomba Giulietta,strategy_nearest,False,0.002560853958129883,success
041B82429C4C81,0,"['Arena', 'Castelvecchio']",San Zeno,"['Verona Tour', 'Museo Lapidario', 'Museo Miniscalchi', 'Sighseeing', 'Museo Radio']",Torre Lamberti,strategy_nearest,False,0.0032339096069335938,success
041B864A9C4C81,1,"['Arena', 'Casa Giulietta']",Torre Lamberti,"['Sighseeing', 'Centro Fotografia', 'Museo Conte', 'Palazzo della Ragione', 'AMO']",Palazzo della Ragione,strategy_nearest,True,0.003535032272338867,success
041B87429C4C80,0,['Arena'],Casa Giulietta,"['Centro Fotografia', 'Sighseeing', 'Torre Lamberti', 'Museo Conte', 'Museo Radio']",Castelvecchio,strategy_nearest,False,0.0036039352416992188,success
041B8F429C4C81,1,"['Teatro Romano', 'Santa Anastasia', 'Arena']",Duomo,"['AMO', 'Museo Miniscalchi', 'Palazzo della Ragione', 'Museo Conte', 'Torre Lamberti']",Torre Lamberti,strategy_nearest,True,0.0019521713256835938,success
041B894A9C4C81,1,"['Arena', 'Casa Giulietta']",Palazzo della Ragione,"['AMO', 'Museo Conte', 'Torre Lamberti', 'Centro Fotografia', 'Sighseeing']",Santa Anastasia,strategy_nearest,False,0.0034079551696777344,success
041BAB3A9C4C80,0,"['Casa Giulietta', 'Arena']",Museo Lapidario,"['Verona Tour', 'Castelvecchio', 'Museo Radio', 'San Fermo', 'Tomba Giulietta']",Tomba Giulietta,strategy_nearest,True,0.0025408267974853516,success
041B9B429C4C81,0,['Arena'],Torre Lamberti,"['Sighseeing', 'Centro Fotografia', 'Museo Conte', 'Casa Giulietta', 'Palazzo della Ragione']",Casa Giulietta,strategy_nearest,True,0.0032379627227783203,success
041BAD3A9C4C81,1,"['Arena', 'Casa Giulietta', 'Torre Lamberti', 'Palazzo della Ragione']",Santa Anastasia,"['AMO', 'Museo Conte', 'Teatro Romano', 'Centro Fotografia', 'Duomo']",Duomo,strategy_nearest,True,0.0032629966735839844,success
041BB3429C4C80,3,['Arena'],Castelvecchio,"['Museo Lapidario', 'Verona Tour', 'Museo Radio', 'San Zeno', 'Sighseeing']",San Zeno,strategy_nearest,True,0.0024650096893310547,success
041BAE429C4C80,1,"['Tomba Giulietta', 'Casa Giulietta', 'Arena']",Torre Lamberti,"['Sighseeing', 'Centro Fotografia', 'Museo Conte', 'Palazzo della Ragione', 'AMO']",Palazzo della Ragione,strategy_nearest,True,0.0031387805938720703,success
041BA04A9C4C80,0,"['Arena', 'Castelvecchio', 'Torre Lamberti']",Casa Giulietta,"['Centro Fotografia', 'Sighseeing', 'Museo Conte', 'Museo Radio', 'Palazzo della Ragione']",San Fermo,strategy_nearest,False,0.003568887710571289,success
041BBA3A9C4C80,0,['Casa Giulietta'],Torre Lamberti,"['Sighseeing', 'Centro Fotografia', 'Museo Conte', 'Palazzo della Ragione', 'AMO']",Arena,strategy_nearest,False,0.0027310848236083984,success
041BBCBA7B3F80,1,"['San Zeno', 'Castelvecchio', 'Santa Anastasia', 'Torre Lamberti']",Palazzo della Ragione,"['AMO', 'Museo Conte', 'Centro Fotografia', 'Sighseeing', 'Museo Miniscalchi']",Casa Giulietta,strategy_nearest,False,0.0020842552185058594,success
041BB6429C4C81,2,"['Casa Giulietta', 'Santa Anastasia']",San Zeno,"['Castelvecchio', 'Verona Tour', 'Museo Lapidario', 'Arena', 'Museo Miniscalchi']",Castelvecchio,strategy_nearest,True,0.002167224884033203,success
041BBF3A9C4C80,1,"['Casa Giulietta', 'Torre Lamberti', 'Palazzo della Ragione']",Santa Anastasia,"['AMO', 'Museo Conte', 'Teatro Romano', 'Centro Fotografia', 'Duomo']",Teatro Romano,strategy_nearest,True,0.0033669471740722656,success
041BC1429C4C80,0,['Castelvecchio'],Arena,"['Verona Tour', 'Museo Lapidario', 'Museo Radio', 'San Fermo', 'Casa Giulietta']",Torre Lamberti,strategy_nearest,False,0.002559185028076172,success
041BC0429C4C80,2,['Casa Giulietta'],Santa Anastasia,"['AMO', 'Museo Conte', 'Palazzo della Ragione', 'Teatro Romano', 'Centro Fotografia']",Duomo,strategy_nearest,False,0.001772165298461914,success
041BC3429C4C80,3,"['Arena', 'San Fermo', 'Casa Giulietta']",Torre Lamberti,"['Sighseeing', 'Centro Fotografia', 'Museo Conte', 'Palazzo della Ragione', 'AMO']",Santa Anastasia,strategy_nearest,False,0.002515077590942383,success
041BC7429C4C80,3,['Arena'],Torre Lamberti,"['Sighseeing', 'Centro Fotografia', 'Museo Conte', 'Casa Giulietta', 'Palazzo della Ragione']",Santa Anastasia,strategy_nearest,False,0.003171205520629883,success
041BC43A9C4C80,0,['Arena'],Castelvecchio,"['Museo Lapidario', 'Verona Tour', 'Museo Radio', 'San Zeno', 'Sighseeing']",Torre Lamberti,strategy_nearest,False,0.004144906997680664,success
041BC53A9C4C81,3,"['Santa Anastasia', 'Duomo']",Casa Giulietta,"['Centro Fotografia', 'Sighseeing', 'Torre Lamberti', 'Museo Conte', 'Museo Radio']",Arena,strategy_nearest,False,0.002104043960571289,success
041BC5429C4C81,3,['Arena'],San Fermo,"['Museo Storia', 'Museo Radio', 'Casa Giulietta', 'Centro Fotografia', 'Sighseeing']",Santa Anastasia,strategy_nearest,False,0.002650022506713867,success
041BCCBA7B3F80,0,['Casa Giulietta'],Arena,"['Verona Tour', 'Museo Lapidario', 'Museo Radio', 'San Fermo', 'Sighseeing']",Castelvecchio,strategy_nearest,False,0.0023741722106933594,success
041BD0429C4C81,3,"['Teatro Romano', 'Torre Lamberti']",Arena,"['Verona Tour', 'Museo Lapidario', 'Museo Radio', 'San Fermo', 'Casa Giulietta']",Castelvecchio,strategy_nearest,False,0.0034439563751220703,success
041BC8BA7B3F80,1,"['Palazzo della Ragione', 'Torre Lamberti']",Arena,"['Verona Tour', 'Museo Lapidario', 'Museo Radio', 'San Fermo', 'Casa Giulietta']",Castelvecchio,strategy_nearest,False,0.003103971481323242,success
041BCE3A9C4C81,0,['Arena'],Casa Giulietta,"['Centro Fotografia', 'Sighseeing', 'Torre Lamberti', 'Museo Conte', 'Museo Radio']",Torre Lamberti,strategy_nearest,True,0.001645803451538086,success
041BD83A9C4C80,0,['Arena'],Museo Lapidario,"['Verona Tour', 'Castelvecchio', 'Museo Radio', 'San Fermo', 'Casa Giulietta']",Castelvecchio,strategy_nearest,True,0.0016758441925048828,success
041BDD429C4C81,1,['Arena'],Palazzo della Ragione,"['AMO', 'Museo Conte', 'Torre Lamberti', 'Centro Fotografia', 'Sighseeing']",Torre Lamberti,strategy_nearest,True,0.0030062198638916016,success
041BD63A9C4C80,3,"['Arena', 'Santa Anastasia']",San Zeno,"['Castelvecchio', 'Verona Tour', 'Museo Lapidario', 'Museo Miniscalchi', 'Sighseeing']",Torre Lamberti,strategy_nearest,False,0.0025620460510253906,success
041BD8429C4C81,1,"['Arena', 'Casa Giulietta', 'Torre Lamberti']",Palazzo della Ragione,"['AMO', 'Museo Conte', 'Centro Fotografia', 'Sighseeing', 'Santa Anastasia']",Teatro Romano,strategy_nearest,False,0.0038347244262695312,success
041C4B3A9C4C81,3,"['Arena', 'Castelvecchio', 'Duomo']",Santa Anastasia,"['AMO', 'Museo Conte', 'Palazzo della Ragione', 'Teatro Romano', 'Centro Fotografia']",Torre Lamberti,strategy_nearest,False,0.0028989315032958984,success
041C5E429C4C81,1,"['Arena', 'Casa Giulietta']",Torre Lamberti,"['Sighseeing', 'Centro Fotografia', 'Museo Conte', 'Palazzo della Ragione', 'AMO']",Palazzo della Ragione,strategy_nearest,True,0.003422975540161133,success
041C60429C4C81,1,"['Torre Lamberti', 'Palazzo della Ragione']",Arena,"['Verona Tour', 'Museo Lapidario', 'Museo Radio', 'San Fermo', 'Casa Giulietta']",Castelvecchio,strategy_nearest,False,0.0022377967834472656,success
041C67429C4C80,0,['Arena'],Casa Giulietta,"['Centro Fotografia', 'Sighseeing', 'Torre Lamberti', 'Museo Conte', 'Museo Radio']",Torre Lamberti,strategy_nearest,True,0.0017008781433105469,success
041C64429C4C80,3,"['Arena', 'Museo Lapidario', 'Casa Giulietta']",Torre Lamberti,"['Sighseeing', 'Centro Fotografia', 'Museo Conte', 'Palazzo della Ragione', 'AMO']",Santa Anastasia,strategy_nearest,False,0.005575895309448242,success
041C69429C4C81,1,"['Arena', 'San Fermo', 'Museo Storia', 'Casa Giulietta']",Torre Lamberti,"['Sighseeing', 'Centro Fotografia', 'Museo Conte', 'Palazzo della Ragione', 'AMO']",Palazzo della Ragione,strategy_nearest,True,0.003221273422241211,success
041C753A9C4C80,3,"['Santa Anastasia', 'Torre Lamberti']",Casa Giulietta,"['Centro Fotografia', 'Sighseeing', 'Museo Conte', 'Museo Radio', 'Palazzo della Ragione']",Teatro Romano,strategy_nearest,False,0.002359151840209961,success
041C6D429C4C81,1,"['Arena', 'Casa Giulietta']",Torre Lamberti,"['Sighseeing', 'Centro Fotografia', 'Museo Conte', 'Palazzo della Ragione', 'AMO']",Palazzo della Ragione,strategy_nearest,True,0.0031366348266601562,success
041C763A9C4C81,0,['Arena'],Torre Lamberti,"['Sighseeing', 'Centro Fotografia', 'Museo Conte', 'Casa Giulietta', 'Palazzo della Ragione']",Teatro Romano,strategy_nearest,False,0.003983974456787109,success
041C75429C4C80,0,['Torre Lamberti'],Casa Giulietta,"['Centro Fotografia', 'Sighseeing', 'Museo Conte', 'Museo Radio', 'Palazzo della Ragione']",Arena,strategy_nearest,False,0.004050254821777344,success
041C773A9C4C81,3,"['Torre Lamberti', 'Santa Anastasia']",Teatro Romano,"['Duomo', 'AMO', 'Palazzo della Ragione', 'Museo Conte', 'Centro Fotografia']",Arena,strategy_nearest,False,0.0026290416717529297,success
041C7B3A9C4C81,0,['Casa Giulietta'],Castelvecchio,"['Museo Lapidario', 'Verona Tour', 'Arena', 'Museo Radio', 'San Zeno']",Arena,strategy_nearest,True,0.0033478736877441406,success
041C79429C4C81,3,"['Castelvecchio', 'Arena']",Casa Giulietta,"['Centro Fotografia', 'Sighseeing', 'Torre Lamberti', 'Museo Conte', 'Museo Radio']",Santa Anastasia,strategy_nearest,False,0.0032062530517578125,success
041C783A9C4C80,3,"['Arena', 'Casa Giulietta']",Santa Anastasia,"['AMO', 'Museo Conte', 'Palazzo della Ragione', 'Teatro Romano', 'Centro Fotografia']",San Fermo,strategy_nearest,False,0.001734018325805664,success
041C7C3A9C4C80,1,['Arena'],Santa Anastasia,"['AMO', 'Museo Conte', 'Palazzo della Ragione', 'Teatro Romano', 'Centro Fotografia']",Palazzo della Ragione,strategy_nearest,True,0.0014331340789794922,success
041C7D3A9C4C81,0,"['Arena', 'Casa Giulietta', 'San Fermo']",Torre Lamberti,"['Sighseeing', 'Centro Fotografia', 'Museo Conte', 'Palazzo della Ragione', 'AMO']",Tomba Giulietta,strategy_nearest,False,0.0035393238067626953,success
041C7D3A9C4C80,1,"['Arena', 'Duomo']",Santa Anastasia,"['AMO', 'Museo Conte', 'Palazzo della Ragione', 'Teatro Romano', 'Centro Fotografia']",Palazzo della Ragione,strategy_nearest,True,0.0030469894409179688,success
041C82429C4C81,0,"['Arena', 'Castelvecchio']",San Zeno,"['Verona Tour', 'Museo Lapidario', 'Museo Miniscalchi', 'Sighseeing', 'Museo Radio']",Torre Lamberti,strategy_nearest,False,0.003172159194946289,success
041C86429C4C81,0,['Torre Lamberti'],Casa Giulietta,"['Centro Fotografia', 'Sighseeing', 'Museo Conte', 'Museo Radio', 'Palazzo della Ragione']",Arena,strategy_nearest,False,0.0016040802001953125,success
041C853A9C4C81,3,"['Arena', 'San Fermo', 'Torre Lamberti']",Casa Giulietta,"['Centro Fotografia', 'Sighseeing', 'Museo Conte', 'Museo Radio', 'Palazzo della Ragione']",Duomo,strategy_nearest,False,0.002997159957885742,success
041C833A9C4C80,1,"['Duomo', 'Torre Lamberti']",Palazzo della Ragione,"['AMO', 'Museo Conte', 'Centro Fotografia', 'Sighseeing', 'Santa Anastasia']",Casa Giulietta,strategy_nearest,False,0.0033140182495117188,success
041C874A9C4C80,0,['Arena'],Castelvecchio,"['Museo Lapidario', 'Verona Tour', 'Museo Radio', 'San Zeno', 'Sighseeing']",Casa Giulietta,strategy_nearest,False,0.0030231475830078125,success
041C884A9C4C80,1,"['Arena', 'Tomba Giulietta', 'San Fermo', 'Casa Giulietta']",Torre Lamberti,"['Sighseeing', 'Centro Fotografia', 'Museo Conte', 'Palazzo della Ragione', 'AMO']",Palazzo della Ragione,strategy_nearest,True,0.0033919811248779297,success
041C894A9C4C80,0,['Museo Storia'],Teatro Romano,"['Santa Anastasia', 'Duomo', 'AMO', 'Palazzo della Ragione', 'Museo Conte']",Arena,strategy_nearest,False,0.002012014389038086,success
041C883A9C4C81,3,"['Arena', 'Casa Giulietta']",Torre Lamberti,"['Sighseeing', 'Centro Fotografia', 'Museo Conte', 'Palazzo della Ragione', 'AMO']",Duomo,strategy_nearest,False,0.002079010009765625,success
041C894A9C4C81,1,"['Tomba Giulietta', 'Arena']",Casa Giulietta,"['Centro Fotografia', 'Sighseeing', 'Torre Lamberti', 'Museo Conte', 'Museo Radio']",Torre Lamberti,strategy_nearest,True,0.003120899200439453,success
041C8B429C4C81,3,['Arena'],Torre Lamberti,"['Sighseeing', 'Centro Fotografia', 'Museo Conte', 'Casa Giulietta', 'Palazzo della Ragione']",Santa Anastasia,strategy_nearest,False,0.002022981643676758,success
041C8A3A9C4C81,0,['Castelvecchio'],Arena,"['Verona Tour', 'Museo Lapidario', 'Museo Radio', 'San Fermo', 'Casa Giulietta']",Casa Giulietta,strategy_nearest,True,0.0027229785919189453,success
041C8C3A9C4C81,1,['Torre Lamberti'],Palazzo della Ragione,"['AMO', 'Museo Conte', 'Centro Fotografia', 'Sighseeing', 'Santa Anastasia']",Arena,strategy_nearest,False,0.0028688907623291016,success
041C8E429C4C80,1,"['Torre Lamberti', 'Palazzo della Ragione', 'Santa Anastasia']",Teatro Romano,"['Duomo', 'AMO', 'Museo Conte', 'Centro Fotografia', 'Museo Miniscalchi']",Arena,strategy_nearest,False,0.0032129287719726562,success
041C8E429C4C81,3,"['Torre Lamberti', 'Santa Anastasia']",Teatro Romano,"['Duomo', 'AMO', 'Palazzo della Ragione', 'Museo Conte', 'Centro Fotografia']",Arena,strategy_nearest,False,0.0030698776245117188,success
041C8F429C4C80,3,"['Arena', 'Castelvecchio']",San Zeno,"['Verona Tour', 'Museo Lapidario', 'Museo Miniscalchi', 'Sighseeing', 'Museo Radio']",Santa Anastasia,strategy_nearest,False,0.0027511119842529297,success
041CA572743381,3,"['Santa Anastasia', 'Duomo', 'Teatro Romano']",Arena,"['Verona Tour', 'Museo Lapidario', 'Museo Radio', 'San Fermo', 'Casa Giulietta']",Castelvecchio,strategy_nearest,False,0.0026040077209472656,success
041C91429C4C81,3,"['Arena', 'Torre Lamberti']",Casa Giulietta,"['Centro Fotografia', 'Sighseeing', 'Museo Conte', 'Museo Radio', 'Palazzo della Ragione']",Castelvecchio,strategy_nearest,False,0.0026679039001464844,success
041CA8429C4C80,1,"['Casa Giulietta', 'Palazzo della Ragione', 'Torre Lamberti']",Santa Anastasia,"['AMO', 'Museo Conte', 'Teatro Romano', 'Centro Fotografia', 'Duomo']",Castelvecchio,strategy_nearest,False,0.002393960952758789,success
041CA83A9C4C81,3,"['Teatro Romano', 'Santa Anastasia', 'Torre Lamberti']",Casa Giulietta,"['Centro Fotografia', 'Sighseeing', 'Museo Conte', 'Museo Radio', 'Palazzo della Ragione']",San Fermo,strategy_nearest,False,0.003292083740234375,success
041CB33A9C4C80,0,['Arena'],Casa Giulietta,"['Centro Fotografia', 'Sighseeing', 'Torre Lamberti', 'Museo Conte', 'Museo Radio']",Teatro Romano,strategy_nearest,False,0.0027742385864257812,success
041CB63A9C4C80,3,['Arena'],Torre Lamberti,"['Sighseeing', 'Centro Fotografia', 'Museo Conte', 'Casa Giulietta', 'Palazzo della Ragione']",Santa Anastasia,strategy_nearest,False,0.003194093704223633,success
041CBA3A9C4C81,1,"['Castelvecchio', 'Arena']",Torre Lamberti,"['Sighseeing', 'Centro Fotografia', 'Museo Conte', 'Casa Giulietta', 'Palazzo della Ragione']",Palazzo della Ragione,strategy_nearest,True,0.0025281906127929688,success
041CBB429C4C80,1,"['Arena', 'Museo Lapidario']",Casa Giulietta,"['Centro Fotografia', 'Sighseeing', 'Torre Lamberti', 'Museo Conte', 'Museo Radio']",Torre Lamberti,strategy_nearest,True,0.0031130313873291016,success
041CB8429C4C80,3,['Santa Anastasia'],Teatro Romano,"['Duomo', 'AMO', 'Palazzo della Ragione', 'Museo Conte', 'Centro Fotografia']",Arena,strategy_nearest,False,0.003389120101928711,success
041CBB429C4C81,1,"['Casa Giulietta', 'Torre Lamberti']",Arena,"['Verona Tour', 'Museo Lapidario', 'Museo Radio', 'San Fermo', 'Sighseeing']",Palazzo della Ragione,strategy_nearest,False,0.0030150413513183594,success
041CBF3A9C4C80,0,['Arena'],Casa Giulietta,"['Centro Fotografia', 'Sighseeing', 'Torre Lamberti', 'Museo Conte', 'Museo Radio']",Teatro Romano,strategy_nearest,False,0.0024292469024658203,success
041CC0429C4C80,1,"['Castelvecchio', 'Arena']",Casa Giulietta,"['Centro Fotografia', 'Sighseeing', 'Torre Lamberti', 'Museo Conte', 'Museo Radio']",Palazzo della Ragione,strategy_nearest,False,0.002808094024658203,success
041CC0429C4C81,0,"['Castelvecchio', 'Arena']",Casa Giulietta,"['Centro Fotografia', 'Sighseeing', 'Torre Lamberti', 'Museo Conte', 'Museo Radio']",Duomo,strategy_nearest,False,0.002664804458618164,success
041CC1429C4C81,1,"['Tomba Giulietta', 'Casa Giulietta']",Palazzo della Ragione,"['AMO', 'Museo Conte', 'Torre Lamberti', 'Centro Fotografia', 'Sighseeing']",Santa Anastasia,strategy_nearest,False,0.0025238990783691406,success
041CC3429C4C80,3,"['Casa Giulietta', 'Torre Lamberti', 'Santa Anastasia']",Duomo,"['AMO', 'Museo Miniscalchi', 'Teatro Romano', 'Palazzo della Ragione', 'Museo Conte']",San Fermo,strategy_nearest,False,0.003098011016845703,success
041CC7429C4C80,0,['Arena'],Torre Lamberti,"['Sighseeing', 'Centro Fotografia', 'Museo Conte', 'Casa Giulietta', 'Palazzo della Ragione']",Casa Giulietta,strategy_nearest,True,0.003216981887817383,success
041CCA3A9C4C81,1,"['Arena', 'Casa Giulietta', 'Torre Lamberti']",Palazzo della Ragione,"['AMO', 'Museo Conte', 'Centro Fotografia', 'Sighseeing', 'Santa Anastasia']",Santa Anastasia,strategy_nearest,True,0.00189208984375,success
041CC5429C4C81,0,['Tomba Giulietta'],Arena,"['Verona Tour', 'Museo Lapidario', 'Museo Radio', 'San Fermo', 'Casa Giulietta']",Casa Giulietta,strategy_nearest,True,0.004736900329589844,success
041CCD3A9C4C80,1,"['Arena', 'Casa Giulietta']",Torre Lamberti,"['Sighseeing', 'Centro Fotografia', 'Museo Conte', 'Palazzo della Ragione', 'AMO']",Palazzo della Ragione,strategy_nearest,True,0.0026710033416748047,success
041CD3429C4C80,1,"['Teatro Romano', 'Duomo', 'Palazzo della Ragione', 'Torre Lamberti']",Casa Giulietta,"['Centro Fotografia', 'Sighseeing', 'Museo Conte', 'Museo Radio', 'San Fermo']",Castelvecchio,strategy_nearest,False,0.002685070037841797,success
041CD3429C4C81,3,"['Arena', 'Castelvecchio', 'San Zeno', 'Tomba Giulietta']",San Fermo,"['Museo Storia', 'Museo Radio', 'Casa Giulietta', 'Centro Fotografia', 'Sighseeing']",Casa Giulietta,strategy_nearest,True,0.0031349658966064453,success
041CD23A9C4C80,0,['Arena'],Casa Giulietta,"['Centro Fotografia', 'Sighseeing', 'Torre Lamberti', 'Museo Conte', 'Museo Radio']",Castelvecchio,strategy_nearest,False,0.0021271705627441406,success
041CD13A9C4C81,1,"['Casa Giulietta', 'Torre Lamberti']",Palazzo della Ragione,"['AMO', 'Museo Conte', 'Centro Fotografia', 'Sighseeing', 'Santa Anastasia']",Arena,strategy_nearest,False,0.0027878284454345703,success
041CD63A9C4C81,2,"['Casa Giulietta', 'Palazzo della Ragione', 'Torre Lamberti', 'Santa Anastasia']",Castelvecchio,"['Museo Lapidario', 'Verona Tour', 'Arena', 'Museo Radio', 'San Zeno']",Tomba Giulietta,strategy_nearest,False,0.0026471614837646484,success
041CE03A9C4C81,1,"['Arena', 'Casa Giulietta']",Casa Giulietta,"['Centro Fotografia', 'Sighseeing', 'Torre Lamberti', 'Museo Conte', 'Museo Radio']",Santa Anastasia,strategy_nearest,False,0.002000093460083008,success
041CDC3A9C4C80,0,"['Arena', 'Torre Lamberti']",Teatro Romano,"['Santa Anastasia', 'Duomo', 'AMO', 'Palazzo della Ragione', 'Museo Conte']",Giardino Giusti,strategy_nearest,False,0.0014312267303466797,success
041CE23A9C4C80,0,['Tomba Giulietta'],Arena,"['Verona Tour', 'Museo Lapidario', 'Museo Radio', 'San Fermo', 'Casa Giulietta']",Castelvecchio,strategy_nearest,False,0.003385782241821289,success
041D54429C4C80,0,"['Arena', 'Castelvecchio']",Giardino Giusti,"['Santa Anastasia', 'Teatro Romano', 'Museo Conte', 'Centro Fotografia', 'Museo Storia']",Teatro Romano,strategy_nearest,True,0.002580881118774414,success
041D57429C4C81,3,"['Arena', 'Castelvecchio', 'Casa Giulietta']",Santa Anastasia,"['AMO', 'Museo Conte', 'Palazzo della Ragione', 'Teatro Romano', 'Centro Fotografia']",Teatro Romano,strategy_nearest,True,0.0031290054321289062,success
041CE33A9C4C80,1,"['Tomba Giulietta', 'Castelvecchio', 'Teatro Romano']",Arena,"['Verona Tour', 'Museo Lapidario', 'Museo Radio', 'San Fermo', 'Casa Giulietta']",Torre Lamberti,strategy_nearest,False,0.0021538734436035156,success
041D5E429C4C80,0,['Arena'],Santa Anastasia,"['AMO', 'Museo Conte', 'Palazzo della Ragione', 'Teatro Romano', 'Centro Fotografia']",Casa Giulietta,strategy_nearest,False,0.002330303192138672,success
041D5B3A9C4C80,3,"['Arena', 'Castelvecchio', 'Tomba Giulietta']",San Fermo,"['Museo Storia', 'Museo Radio', 'Casa Giulietta', 'Centro Fotografia', 'Sighseeing']",Casa Giulietta,strategy_nearest,True,0.003098011016845703,success
041D703A9C4C80,1,"['Arena', 'San Fermo', 'Tomba Giulietta']",Castelvecchio,"['Museo Lapidario', 'Verona Tour', 'Museo Radio', 'San Zeno', 'Sighseeing']",Teatro Romano,strategy_nearest,False,0.0019249916076660156,success
041D6B429C4C80,3,['San Zeno'],Arena,"['Verona Tour', 'Museo Lapidario', 'Museo Radio', 'San Fermo', 'Casa Giulietta']",Casa Giulietta,strategy_nearest,True,0.0023758411407470703,success
041D713A9C4C81,3,"['Casa Giulietta', 'Teatro Romano', 'Giardino Giusti']",Duomo,"['AMO', 'Museo Miniscalchi', 'Santa Anastasia', 'Palazzo della Ragione', 'Museo Conte']",Santa Anastasia,strategy_nearest,True,0.0032279491424560547,success
041D6C429C4C80,0,['Arena'],Casa Giulietta,"['Centro Fotografia', 'Sighseeing', 'Torre Lamberti', 'Museo Conte', 'Museo Radio']",Santa Anastasia,strategy_nearest,False,0.0033740997314453125,success
041D75429C4C80,0,['Arena'],Casa Giulietta,"['Centro Fotografia', 'Sighseeing', 'Torre Lamberti', 'Museo Conte', 'Museo Radio']",Teatro Romano,strategy_nearest,False,0.0022766590118408203,success
041D7B429C4C80,3,"['Arena', 'Torre Lamberti']",San Fermo,"['Museo Storia', 'Museo Radio', 'Casa Giulietta', 'Centro Fotografia', 'Sighseeing']",Duomo,strategy_nearest,False,0.002315998077392578,success
041D79429C4C81,0,['Castelvecchio'],Arena,"['Verona Tour', 'Museo Lapidario', 'Museo Radio', 'San Fermo', 'Casa Giulietta']",Santa Anastasia,strategy_nearest,False,0.0018002986907958984,success
041D783A9C4C81,0,['Casa Giulietta'],Torre Lamberti,"['Sighseeing', 'Centro Fotografia', 'Museo Conte', 'Palazzo della Ragione', 'AMO']",Arena,strategy_nearest,False,0.0042841434478759766,success
041D7D429C4C81,3,"['Arena', 'Casa Giulietta']",Torre Lamberti,"['Sighseeing', 'Centro Fotografia', 'Museo Conte', 'Palazzo della Ragione', 'AMO']",Santa Anastasia,strategy_nearest,False,0.0018651485443115234,success
041D803A9C4C80,0,"['Arena', 'Casa Giulietta']",Torre Lamberti,"['Sighseeing', 'Centro Fotografia', 'Museo Conte', 'Palazzo della Ragione', 'AMO']",Teatro Romano,strategy_nearest,False,0.003507852554321289,success
041D803A9C4C81,2,"['Torre Lamberti', 'Palazzo della Ragione']",Casa Giulietta,"['Centro Fotografia', 'Sighseeing', 'Museo Conte', 'Museo Radio', 'San Fermo']",Santa Anastasia,strategy_nearest,False,0.002540111541748047,success
041D84429C4C81,3,"['Castelvecchio', 'San Zeno']",Santa Anastasia,"['AMO', 'Museo Conte', 'Palazzo della Ragione', 'Teatro Romano', 'Centro Fotografia']",Duomo,strategy_nearest,False,0.0023717880249023438,success
041D854A9C4C81,3,"['Arena', 'Castelvecchio']",Torre Lamberti,"['Sighseeing', 'Centro Fotografia', 'Museo Conte', 'Casa Giulietta', 'Palazzo della Ragione']",Santa Anastasia,strategy_nearest,False,0.002978086471557617,success
041D864A9C4C80,0,['Arena'],Casa Giulietta,"['Centro Fotografia', 'Sighseeing', 'Torre Lamberti', 'Museo Conte', 'Museo Radio']",Santa Anastasia,strategy_nearest,False,0.0025527477264404297,success
041D884A9C4C80,3,"['Arena', 'Castelvecchio']",Torre Lamberti,"['Sighseeing', 'Centro Fotografia', 'Museo Conte', 'Casa Giulietta', 'Palazzo della Ragione']",Casa Giulietta,strategy_nearest,True,0.0026290416717529297,success
041D8A3A9C4C81,0,['Arena'],Casa Giulietta,"['Centro Fotografia', 'Sighseeing', 'Torre Lamberti', 'Museo Conte', 'Museo Radio']",Torre Lamberti,strategy_nearest,True,0.003591299057006836,success
041DA6429C4C80,3,"['Casa Giulietta', 'Tomba Giulietta', 'Santa Anastasia']",Torre Lamberti,"['Sighseeing', 'Centro Fotografia', 'Museo Conte', 'Palazzo della Ragione', 'AMO']",Arena,strategy_nearest,False,0.002383708953857422,success
041D90429C4C81,1,['Palazzo della Ragione'],Torre Lamberti,"['Sighseeing', 'Centro Fotografia', 'Museo Conte', 'Casa Giulietta', 'AMO']",Casa Giulietta,strategy_nearest,True,0.003984928131103516,success
041DAD429C4C81,0,['Arena'],Casa Giulietta,"['Centro Fotografia', 'Sighseeing', 'Torre Lamberti', 'Museo Conte', 'Museo Radio']",Torre Lamberti,strategy_nearest,True,0.001920938491821289,success
041DA8429C4C81,3,"['Arena', 'Casa Giulietta']",Santa Anastasia,"['AMO', 'Museo Conte', 'Palazzo della Ragione', 'Teatro Romano', 'Centro Fotografia']",Duomo,strategy_nearest,False,0.003185749053955078,success
041DB1429C4C80,1,"['Arena', 'Castelvecchio']",Casa Giulietta,"['Centro Fotografia', 'Sighseeing', 'Torre Lamberti', 'Museo Conte', 'Museo Radio']",Torre Lamberti,strategy_nearest,True,0.0025987625122070312,success
041DAB4A9C4C81,3,"['Arena', 'Castelvecchio']",Casa Giulietta,"['Centro Fotografia', 'Sighseeing', 'Torre Lamberti', 'Museo Conte', 'Museo Radio']",Santa Anastasia,strategy_nearest,False,0.004608631134033203,success
041DB23A9C4C80,3,"['Arena', 'Museo Storia', 'San Fermo', 'Museo Lapidario']",Castelvecchio,"['Verona Tour', 'Museo Radio', 'San Zeno', 'Sighseeing', 'Museo Miniscalchi']",Torre Lamberti,strategy_nearest,False,0.002332925796508789,success
041DB43A9C4C80,0,"['Arena', 'Casa Giulietta']",Torre Lamberti,"['Sighseeing', 'Centro Fotografia', 'Museo Conte', 'Palazzo della Ragione', 'AMO']",Teatro Romano,strategy_nearest,False,0.0026252269744873047,success
041DB33A9C4C81,3,"['Santa Anastasia', 'Duomo']",Casa Giulietta,"['Centro Fotografia', 'Sighseeing', 'Torre Lamberti', 'Museo Conte', 'Museo Radio']",Arena,strategy_nearest,False,0.003184080123901367,success
041DBD429C4C80,0,['Arena'],Casa Giulietta,"['Centro Fotografia', 'Sighseeing', 'Torre Lamberti', 'Museo Conte', 'Museo Radio']",Torre Lamberti,strategy_nearest,True,0.0017647743225097656,success
041DB63A9C4C81,1,"['Casa Giulietta', 'Santa Anastasia']",Palazzo della Ragione,"['AMO', 'Museo Conte', 'Torre Lamberti', 'Centro Fotografia', 'Sighseeing']",Torre Lamberti,strategy_nearest,True,0.004011869430541992,success
041DC0429C4C81,2,['Casa Giulietta'],Santa Anastasia,"['AMO', 'Museo Conte', 'Palazzo della Ragione', 'Teatro Romano', 'Centro Fotografia']",Duomo,strategy_nearest,False,0.0014252662658691406,success
041DC13A9C4C81,0,['Arena'],Torre Lamberti,"['Sighseeing', 'Centro Fotografia', 'Museo Conte', 'Casa Giulietta', 'Palazzo della Ragione']",Casa Giulietta,strategy_nearest,True,0.0027618408203125,success
041DC7429C4C80,3,"['Arena', 'Casa Giulietta']",Torre Lamberti,"['Sighseeing', 'Centro Fotografia', 'Museo Conte', 'Palazzo della Ragione', 'AMO']",Santa Anastasia,strategy_nearest,False,0.003125905990600586,success
041DBF429C4C80,3,"['Arena', 'San Fermo']",Torre Lamberti,"['Sighseeing', 'Centro Fotografia', 'Museo Conte', 'Casa Giulietta', 'Palazzo della Ragione']",Duomo,strategy_nearest,False,0.003475189208984375,success
041DC83A9C4C80,3,"['Arena', 'Arena']",Casa Giulietta,"['Centro Fotografia', 'Sighseeing', 'Torre Lamberti', 'Museo Conte', 'Museo Radio']",Santa Anastasia,strategy_nearest,False,0.0024330615997314453,success
041DC8429C4C80,1,"['Arena', 'Torre Lamberti']",Palazzo della Ragione,"['AMO', 'Museo Conte', 'Centro Fotografia', 'Sighseeing', 'Santa Anastasia']",Casa Giulietta,strategy_nearest,False,0.0021398067474365234,success
041DC93A9C4C80,3,"['Castelvecchio', 'Arena']",Torre Lamberti,"['Sighseeing', 'Centro Fotografia', 'Museo Conte', 'Casa Giulietta', 'Palazzo della Ragione']",Santa Anastasia,strategy_nearest,False,0.0027599334716796875,success
041DCE3A9C4C80,3,"['Torre Lamberti', 'Castelvecchio']",Casa Giulietta,"['Centro Fotografia', 'Sighseeing', 'Museo Conte', 'Museo Radio', 'Palazzo della Ragione']",Arena,strategy_nearest,False,0.003144979476928711,success
041DCF3A9C4C81,1,"['Castelvecchio', 'Santa Anastasia', 'Casa Giulietta']",Tomba Giulietta,"['San Fermo', 'Museo Storia', 'Arena', 'Museo Lapidario', 'Museo Radio']",Arena,strategy_nearest,True,0.0023877620697021484,success
041DD53A9C4C80,0,['Arena'],Casa Giulietta,"['Centro Fotografia', 'Sighseeing', 'Torre Lamberti', 'Museo Conte', 'Museo Radio']",Castelvecchio,strategy_nearest,False,0.002500772476196289,success
041DD93A9C4C80,0,"['Arena', 'Castelvecchio']",Museo Lapidario,"['Verona Tour', 'Museo Radio', 'San Fermo', 'Casa Giulietta', 'Tomba Giulietta']",Casa Giulietta,strategy_nearest,True,0.002763032913208008,success
041DDB3A9C4C80,1,"['Arena', 'Torre Lamberti', 'Palazzo della Ragione']",Santa Anastasia,"['AMO', 'Museo Conte', 'Teatro Romano', 'Centro Fotografia', 'Duomo']",Duomo,strategy_nearest,True,0.0035369396209716797,success
041DDD3A9C4C80,0,['Arena'],Teatro Romano,"['Santa Anastasia', 'Duomo', 'AMO', 'Palazzo della Ragione', 'Museo Conte']",Casa Giulietta,strategy_nearest,False,0.002583026885986328,success
041DDE3A9C4C81,1,"['Torre Lamberti', 'Palazzo della Ragione']",Duomo,"['AMO', 'Museo Miniscalchi', 'Santa Anastasia', 'Teatro Romano', 'Museo Conte']",Teatro Romano,strategy_nearest,True,0.003010988235473633,success
041DDF3A9C4C80,3,"['Santa Anastasia', 'Duomo']",Museo Storia,"['San Fermo', 'Museo Radio', 'Casa Giulietta', 'Centro Fotografia', 'Tomba Giulietta']",Teatro Romano,strategy_nearest,False,0.0033440589904785156,success
041DE03A9C4C80,0,['Arena'],Santa Anastasia,"['AMO', 'Museo Conte', 'Palazzo della Ragione', 'Teatro Romano', 'Centro Fotografia']",Castelvecchio,strategy_nearest,False,0.002535104751586914,success
041DE03A9C4C81,3,"['Arena', 'Castelvecchio']",Casa Giulietta,"['Centro Fotografia', 'Sighseeing', 'Torre Lamberti', 'Museo Conte', 'Museo Radio']",Torre Lamberti,strategy_nearest,True,0.0025489330291748047,success
041E50429C4C81,1,"['Teatro Romano', 'Santa Anastasia', 'Arena']",Torre Lamberti,"['Sighseeing', 'Centro Fotografia', 'Museo Conte', 'Casa Giulietta', 'Palazzo della Ragione']",Palazzo della Ragione,strategy_nearest,True,0.0029680728912353516,success
041E533A9C4C81,0,"['Arena', 'Torre Lamberti']",Casa Giulietta,"['Centro Fotografia', 'Sighseeing', 'Museo Conte', 'Museo Radio', 'Palazzo della Ragione']",Castelvecchio,strategy_nearest,False,0.002561807632446289,success
041E53429C4C81,3,['Arena'],Casa Giulietta,"['Centro Fotografia', 'Sighseeing', 'Torre Lamberti', 'Museo Conte', 'Museo Radio']",Santa Anastasia,strategy_nearest,False,0.002775907516479492,success
041E68429C4C81,2,"['Castelvecchio', 'Torre Lamberti']",Casa Giulietta,"['Centro Fotografia', 'Sighseeing', 'Museo Conte', 'Museo Radio', 'Palazzo della Ragione']",San Fermo,strategy_nearest,False,0.0034089088439941406,success
041E69429C4C80,0,['Arena'],Casa Giulietta,"['Centro Fotografia', 'Sighseeing', 'Torre Lamberti', 'Museo Conte', 'Museo Radio']",Castelvecchio,strategy_nearest,False,0.0030930042266845703,success
041E733A9C4C80,2,"['Duomo', 'Teatro Romano', 'Santa Anastasia']",Torre Lamberti,"['Sighseeing', 'Centro Fotografia', 'Museo Conte', 'Casa Giulietta', 'Palazzo della Ragione']",Palazzo della Ragione,strategy_nearest,True,0.0017819404602050781,success
041E723A9C4C81,0,['Casa Giulietta'],Torre Lamberti,"['Sighseeing', 'Centro Fotografia', 'Museo Conte', 'Palazzo della Ragione', 'AMO']",Arena,strategy_nearest,False,0.0030231475830078125,success
041E75429C4C81,3,"['Arena', 'Torre Lamberti', 'Teatro Romano']",Duomo,"['AMO', 'Museo Miniscalchi', 'Santa Anastasia', 'Palazzo della Ragione', 'Museo Conte']",San Fermo,strategy_nearest,False,0.0025031566619873047,success
041E76429C4C81,3,"['Santa Anastasia', 'Duomo', 'Torre Lamberti']",Casa Giulietta,"['Centro Fotografia', 'Sighseeing', 'Museo Conte', 'Museo Radio', 'Palazzo della Ragione']",San Fermo,strategy_nearest,False,0.004012584686279297,success
041E7B3A9C4C80,1,"['Arena', 'Casa Giulietta', 'Teatro Romano', 'Duomo']",Santa Anastasia,"['AMO', 'Museo Conte', 'Palazzo della Ragione', 'Centro Fotografia', 'Torre Lamberti']",Torre Lamberti,strategy_nearest,True,0.0029349327087402344,success
041E793A9C4C81,2,"['Museo Lapidario', 'Casa Giulietta']",Torre Lamberti,"['Sighseeing', 'Centro Fotografia', 'Museo Conte', 'Palazzo della Ragione', 'AMO']",Santa Anastasia,strategy_nearest,False,0.0034906864166259766,success
041E7F429C4C80,3,"['Casa Giulietta', 'Torre Lamberti', 'Arena']",Tomba Giulietta,"['San Fermo', 'Museo Storia', 'Museo Lapidario', 'Museo Radio', 'Verona Tour']",Teatro Romano,strategy_nearest,False,0.0036759376525878906,success
041E81429C4C80,3,['Arena'],Casa Giulietta,"['Centro Fotografia', 'Sighseeing', 'Torre Lamberti', 'Museo Conte', 'Museo Radio']",Torre Lamberti,strategy_nearest,True,0.002076864242553711,success
041E823A9C4C81,0,['Torre Lamberti'],Casa Giulietta,"['Centro Fotografia', 'Sighseeing', 'Museo Conte', 'Museo Radio', 'Palazzo della Ragione']",Arena,strategy_nearest,False,0.002783060073852539,success
041E813A9C4C80,3,"['Arena', 'Torre Lamberti']",Casa Giulietta,"['Centro Fotografia', 'Sighseeing', 'Museo Conte', 'Museo Radio', 'Palazzo della Ragione']",Santa Anastasia,strategy_nearest,False,0.002996206283569336,success
041E884A9C4C81,1,"['Arena', 'Casa Giulietta']",Palazzo della Ragione,"['AMO', 'Museo Conte', 'Torre Lamberti', 'Centro Fotografia', 'Sighseeing']",Santa Anastasia,strategy_nearest,False,0.0031201839447021484,success
041E8F429C4C80,3,['Arena'],Torre Lamberti,"['Sighseeing', 'Centro Fotografia', 'Museo Conte', 'Casa Giulietta', 'Palazzo della Ragione']",Casa Giulietta,strategy_nearest,True,0.0015463829040527344,success
041E8F429C4C81,3,['Santa Anastasia'],Duomo,"['AMO', 'Museo Miniscalchi', 'Teatro Romano', 'Palazzo della Ragione', 'Museo Conte']",Arena,strategy_nearest,False,0.0027310848236083984,success
041E903A9C4C81,0,"['Casa Giulietta', 'Arena']",Museo Storia,"['San Fermo', 'Museo Radio', 'Centro Fotografia', 'Tomba Giulietta', 'Torre Lamberti']",Tomba Giulietta,strategy_nearest,True,0.0020601749420166016,success
041E8A4A9C4C81,3,"['Torre Lamberti', 'Santa Anastasia']",Duomo,"['AMO', 'Museo Miniscalchi', 'Teatro Romano', 'Palazzo della Ragione', 'Museo Conte']",Teatro Romano,strategy_nearest,True,0.0041010379791259766,success
041E92429C4C81,0,['Castelvecchio'],Duomo,"['AMO', 'Museo Miniscalchi', 'Santa Anastasia', 'Teatro Romano', 'Palazzo della Ragione']",Arena,strategy_nearest,False,0.003058910369873047,success
041EA04A9C4C80,1,"['Arena', 'Teatro Romano']",Palazzo della Ragione,"['AMO', 'Museo Conte', 'Torre Lamberti', 'Centro Fotografia', 'Sighseeing']",Torre Lamberti,strategy_nearest,True,0.002125978469848633,success
041EA54A9C4C81,3,['Torre Lamberti'],Santa Anastasia,"['AMO', 'Museo Conte', 'Palazzo della Ragione', 'Teatro Romano', 'Centro Fotografia']",Castelvecchio,strategy_nearest,False,0.0036401748657226562,success
041EAB4A9C4C81,1,"['Arena', 'Castelvecchio']",Casa Giulietta,"['Centro Fotografia', 'Sighseeing', 'Torre Lamberti', 'Museo Conte', 'Museo Radio']",Palazzo della Ragione,strategy_nearest,False,0.0026488304138183594,success
041EAC3A9C4C80,2,"['Casa Giulietta', 'Torre Lamberti']",Santa Anastasia,"['AMO', 'Museo Conte', 'Palazzo della Ragione', 'Teatro Romano', 'Centro Fotografia']",Duomo,strategy_nearest,False,0.002374887466430664,success
041EB13A9C4C80,2,['Castelvecchio'],Teatro Romano,"['Santa Anastasia', 'Duomo', 'AMO', 'Palazzo della Ragione', 'Museo Conte']",Casa Giulietta,strategy_nearest,False,0.002716064453125,success
041EAD429C4C80,3,['Arena'],Casa Giulietta,"['Centro Fotografia', 'Sighseeing', 'Torre Lamberti', 'Museo Conte', 'Museo Radio']",Santa Anastasia,strategy_nearest,False,0.0026862621307373047,success
041EAD429C4C81,3,['Arena'],Casa Giulietta,"['Centro Fotografia', 'Sighseeing', 'Torre Lamberti', 'Museo Conte', 'Museo Radio']",Santa Anastasia,strategy_nearest,False,0.002106189727783203,success
041EB1429C4C80,2,"['Casa Giulietta', 'Torre Lamberti', 'Palazzo della Ragione']",Santa Anastasia,"['AMO', 'Museo Conte', 'Teatro Romano', 'Centro Fotografia', 'Duomo']",Duomo,strategy_nearest,True,0.002763986587524414,success
041EB93A9C4C81,3,"['Arena', 'Casa Giulietta']",Santa Anastasia,"['AMO', 'Museo Conte', 'Palazzo della Ragione', 'Teatro Romano', 'Centro Fotografia']",Teatro Romano,strategy_nearest,True,0.0021560192108154297,success
041EB53A9C4C81,3,['Arena'],Castelvecchio,"['Museo Lapidario', 'Verona Tour', 'Museo Radio', 'San Zeno', 'Sighseeing']",Santa Anastasia,strategy_nearest,False,0.002939939498901367,success
041EB9429C4C80,0,"['Arena', 'Museo Lapidario']",Castelvecchio,"['Verona Tour', 'Museo Radio', 'San Zeno', 'Sighseeing', 'Museo Miniscalchi']",Casa Giulietta,strategy_nearest,False,0.0032660961151123047,success
041EBE429C4C81,0,['Casa Giulietta'],Torre Lamberti,"['Sighseeing', 'Centro Fotografia', 'Museo Conte', 'Palazzo della Ragione', 'AMO']",Arena,strategy_nearest,False,0.002567291259765625,success
041EC2429C4C80,3,"['Casa Giulietta', 'Torre Lamberti']",Santa Anastasia,"['AMO', 'Museo Conte', 'Palazzo della Ragione', 'Teatro Romano', 'Centro Fotografia']",Duomo,strategy_nearest,False,0.0025420188903808594,success
041EC9429C4C81,1,"['Santa Anastasia', 'Palazzo della Ragione']",Teatro Romano,"['Duomo', 'AMO', 'Museo Conte', 'Centro Fotografia', 'Museo Miniscalchi']",Torre Lamberti,strategy_nearest,False,0.002964019775390625,success
041EC7429C4C80,3,['Torre Lamberti'],Teatro Romano,"['Santa Anastasia', 'Duomo', 'AMO', 'Palazzo della Ragione', 'Museo Conte']",Arena,strategy_nearest,False,0.002043008804321289,success
041ED1429C4C80,3,"['Torre Lamberti', 'Castelvecchio', 'San Zeno']",Tomba Giulietta,"['San Fermo', 'Museo Storia', 'Arena', 'Museo Lapidario', 'Museo Radio']",Arena,strategy_nearest,True,0.002969026565551758,success
041ED2C27B3F81,0,['Arena'],Casa Giulietta,"['Centro Fotografia', 'Sighseeing', 'Torre Lamberti', 'Museo Conte', 'Museo Radio']",Tomba Giulietta,strategy_nearest,False,0.0034830570220947266,success
041ED73A9C4C81,0,['Casa Giulietta'],Santa Anastasia,"['AMO', 'Museo Conte', 'Palazzo della Ragione', 'Teatro Romano', 'Centro Fotografia']",Arena,strategy_nearest,False,0.002270936965942383,success
041ED8429C4C81,3,"['Arena', 'Casa Giulietta', 'Santa Anastasia']",Giardino Giusti,"['Teatro Romano', 'Museo Conte', 'Centro Fotografia', 'Museo Storia', 'AMO']",Teatro Romano,strategy_nearest,True,0.003407001495361328,success
041ED9429C4C81,3,"['Arena', 'Casa Giulietta']",Santa Anastasia,"['AMO', 'Museo Conte', 'Palazzo della Ragione', 'Teatro Romano', 'Centro Fotografia']",Giardino Giusti,strategy_nearest,False,0.0050280094146728516,success
041EDD3A9C4C80,0,['Arena'],Casa Giulietta,"['Centro Fotografia', 'Sighseeing', 'Torre Lamberti', 'Museo Conte', 'Museo Radio']",Castelvecchio,strategy_nearest,False,0.0037331581115722656,success
041EDE3A9C4C80,3,"['Castelvecchio', 'Casa Giulietta']",Santa Anastasia,"['AMO', 'Museo Conte', 'Palazzo della Ragione', 'Teatro Romano', 'Centro Fotografia']",Duomo,strategy_nearest,False,0.0020399093627929688,success
041F49429C4C81,3,"['Arena', 'Torre Lamberti']",Casa Giulietta,"['Centro Fotografia', 'Sighseeing', 'Museo Conte', 'Museo Radio', 'Palazzo della Ragione']",Santa Anastasia,strategy_nearest,False,0.002090930938720703,success
041EE33A9C4C80,1,"['Arena', 'Torre Lamberti', 'San Zeno']",Palazzo della Ragione,"['AMO', 'Museo Conte', 'Centro Fotografia', 'Sighseeing', 'Santa Anastasia']",Santa Anastasia,strategy_nearest,True,0.0028028488159179688,success
041EE13A9C4C81,0,['Castelvecchio'],Arena,"['Verona Tour', 'Museo Lapidario', 'Museo Radio', 'San Fermo', 'Casa Giulietta']",Teatro Romano,strategy_nearest,False,0.0038051605224609375,success
041F583A9C4C81,3,"['Torre Lamberti', 'Santa Anastasia', 'Tomba Giulietta', 'San Fermo']",Teatro Romano,"['Duomo', 'AMO', 'Palazzo della Ragione', 'Museo Conte', 'Centro Fotografia']",Duomo,strategy_nearest,True,0.0015721321105957031,success
041F69429C4C80,3,"['Arena', 'Torre Lamberti']",Teatro Romano,"['Santa Anastasia', 'Duomo', 'AMO', 'Palazzo della Ragione', 'Museo Conte']",Castelvecchio,strategy_nearest,False,0.0025191307067871094,success
041F4C429C4C81,3,['Arena'],Casa Giulietta,"['Centro Fotografia', 'Sighseeing', 'Torre Lamberti', 'Museo Conte', 'Museo Radio']",Torre Lamberti,strategy_nearest,True,0.0035800933837890625,success
041F68429C4C81,0,['Arena'],Torre Lamberti,"['Sighseeing', 'Centro Fotografia', 'Museo Conte', 'Casa Giulietta', 'Palazzo della Ragione']",Casa Giulietta,strategy_nearest,True,0.003774881362915039,success
041F70429C4C81,1,"['Arena', 'Castelvecchio', 'Palazzo della Ragione']",Torre Lamberti,"['Sighseeing', 'Centro Fotografia', 'Museo Conte', 'Casa Giulietta', 'AMO']",Casa Giulietta,strategy_nearest,True,0.0017237663269042969,success
041F723A9C4C80,3,"['Santa Anastasia', 'Casa Giulietta']",Arena,"['Verona Tour', 'Museo Lapidario', 'Museo Radio', 'San Fermo', 'Sighseeing']",Castelvecchio,strategy_nearest,False,0.0027959346771240234,success
041F784A9C4C80,3,"['Arena', 'Castelvecchio']",Torre Lamberti,"['Sighseeing', 'Centro Fotografia', 'Museo Conte', 'Casa Giulietta', 'Palazzo della Ragione']",Duomo,strategy_nearest,False,0.0026459693908691406,success
041F733A9C4C80,1,"['Torre Lamberti', 'Palazzo della Ragione']",Casa Giulietta,"['Centro Fotografia', 'Sighseeing', 'Museo Conte', 'Museo Radio', 'San Fermo']",Arena,strategy_nearest,False,0.0051441192626953125,success
041F793A9C4C80,1,"['Arena', 'Casa Giulietta']",Palazzo della Ragione,"['AMO', 'Museo Conte', 'Torre Lamberti', 'Centro Fotografia', 'Sighseeing']",Torre Lamberti,strategy_nearest,True,0.002271890640258789,success
041F7E3A9C4C80,3,"['Arena', 'Casa Giulietta', 'Castelvecchio']",Santa Anastasia,"['AMO', 'Museo Conte', 'Palazzo della Ragione', 'Teatro Romano', 'Centro Fotografia']",Duomo,strategy_nearest,False,0.0037431716918945312,success
041F793A9C4C81,1,"['Arena', 'Castelvecchio']",San Zeno,"['Verona Tour', 'Museo Lapidario', 'Museo Miniscalchi', 'Sighseeing', 'Museo Radio']",Torre Lamberti,strategy_nearest,False,0.002820730209350586,success
041F81429C4C80,3,"['Arena', 'Teatro Romano']",Duomo,"['AMO', 'Museo Miniscalchi', 'Santa Anastasia', 'Palazzo della Ragione', 'Museo Conte']",Santa Anastasia,strategy_nearest,True,0.0031011104583740234,success
041F7C429C4C80,3,['Arena'],Torre Lamberti,"['Sighseeing', 'Centro Fotografia', 'Museo Conte', 'Casa Giulietta', 'Palazzo della Ragione']",Santa Anastasia,strategy_nearest,False,0.001986980438232422,success
041F82429C4C81,3,['Santa Anastasia'],Giardino Giusti,"['Teatro Romano', 'Museo Conte', 'Centro Fotografia', 'Museo Storia', 'AMO']",San Zeno,strategy_nearest,False,0.001352071762084961,success
041F833A9C4C81,0,"['Arena', 'Casa Giulietta']",Torre Lamberti,"['Sighseeing', 'Centro Fotografia', 'Museo Conte', 'Palazzo della Ragione', 'AMO']",Castelvecchio,strategy_nearest,False,0.0029838085174560547,success
041F8A429C4C80,3,"['Casa Giulietta', 'Casa Giulietta']",Torre Lamberti,"['Sighseeing', 'Centro Fotografia', 'Museo Conte', 'Palazzo della Ragione', 'AMO']",Santa Anastasia,strategy_nearest,False,0.0020508766174316406,success
041F8F3A9C4C80,3,['Arena'],Teatro Romano,"['Santa Anastasia', 'Duomo', 'AMO', 'Palazzo della Ragione', 'Museo Conte']",Duomo,strategy_nearest,True,0.003257274627685547,success
041F9B4A9C4C80,1,"['Palazzo della Ragione', 'Casa Giulietta']",Castelvecchio,"['Museo Lapidario', 'Verona Tour', 'Arena', 'Museo Radio', 'San Zeno']",Arena,strategy_nearest,True,0.002722024917602539,success
041F91429C4C80,1,['Arena'],Torre Lamberti,"['Sighseeing', 'Centro Fotografia', 'Museo Conte', 'Casa Giulietta', 'Palazzo della Ragione']",Palazzo della Ragione,strategy_nearest,True,0.001909017562866211,success
041FB1429C4C80,0,['Arena'],Castelvecchio,"['Museo Lapidario', 'Verona Tour', 'Museo Radio', 'San Zeno', 'Sighseeing']",San Fermo,strategy_nearest,False,0.003072023391723633,success
041FAC3A9C4C80,0,['Arena'],Casa Giulietta,"['Centro Fotografia', 'Sighseeing', 'Torre Lamberti', 'Museo Conte', 'Museo Radio']",San Fermo,strategy_nearest,False,0.002869129180908203,success
041FB5429C4C80,1,"['Arena', 'Castelvecchio']",Duomo,"['AMO', 'Museo Miniscalchi', 'Santa Anastasia', 'Teatro Romano', 'Palazzo della Ragione']",Torre Lamberti,strategy_nearest,False,0.0024619102478027344,success
041FB1429C4C81,2,"['Museo Lapidario', 'Casa Giulietta']",Torre Lamberti,"['Sighseeing', 'Centro Fotografia', 'Museo Conte', 'Palazzo della Ragione', 'AMO']",Santa Anastasia,strategy_nearest,False,0.003439664840698242,success
041FBC429C4C80,3,"['Arena', 'Casa Giulietta']",Torre Lamberti,"['Sighseeing', 'Centro Fotografia', 'Museo Conte', 'Palazzo della Ragione', 'AMO']",Santa Anastasia,strategy_nearest,False,0.0026590824127197266,success
041FBC429C4C81,0,['Castelvecchio'],Arena,"['Verona Tour', 'Museo Lapidario', 'Museo Radio', 'San Fermo', 'Casa Giulietta']",Torre Lamberti,strategy_nearest,False,0.0026140213012695312,success
041FB5429C4C81,3,['Arena'],Santa Anastasia,"['AMO', 'Museo Conte', 'Palazzo della Ragione', 'Teatro Romano', 'Centro Fotografia']",Teatro Romano,strategy_nearest,True,0.002722024917602539,success
041FBE429C4C80,0,"['Arena', 'Castelvecchio']",Torre Lamberti,"['Sighseeing', 'Centro Fotografia', 'Museo Conte', 'Casa Giulietta', 'Palazzo della Ragione']",Casa Giulietta,strategy_nearest,True,0.002292156219482422,success
041FBD429C4C80,0,"['Arena', 'Castelvecchio']",Torre Lamberti,"['Sighseeing', 'Centro Fotografia', 'Museo Conte', 'Casa Giulietta', 'Palazzo della Ragione']",Casa Giulietta,strategy_nearest,True,0.0024178028106689453,success
041FDA3A9C4C80,2,"['Duomo', 'Casa Giulietta']",Giardino Giusti,"['Santa Anastasia', 'Teatro Romano', 'Museo Conte', 'Centro Fotografia', 'Museo Storia']",Teatro Romano,strategy_nearest,True,0.0017881393432617188,success
041FD83A9C4C81,1,"['Teatro Romano', 'Duomo', 'Casa Giulietta', 'Torre Lamberti']",Palazzo della Ragione,"['AMO', 'Museo Conte', 'Centro Fotografia', 'Sighseeing', 'Santa Anastasia']",San Zeno,strategy_nearest,False,0.0028481483459472656,success
041FE83A9C4C80,3,"['Arena', 'Torre Lamberti', 'Casa Giulietta']",Santa Anastasia,"['AMO', 'Museo Conte', 'Palazzo della Ragione', 'Teatro Romano', 'Centro Fotografia']",Duomo,strategy_nearest,False,0.0026361942291259766,success
041FDD3A9C4C80,2,['Castelvecchio'],Casa Giulietta,"['Centro Fotografia', 'Sighseeing', 'Torre Lamberti', 'Museo Conte', 'Museo Radio']",Tomba Giulietta,strategy_nearest,False,0.003107786178588867,success
041FE13A9C4C81,2,"['Castelvecchio', 'Casa Giulietta']",Santa Anastasia,"['AMO', 'Museo Conte', 'Palazzo della Ragione', 'Teatro Romano', 'Centro Fotografia']",Torre Lamberti,strategy_nearest,False,0.0035271644592285156,success
041FEA429C4C80,2,['Teatro Romano'],Castelvecchio,"['Museo Lapidario', 'Verona Tour', 'Arena', 'Museo Radio', 'San Zeno']",Casa Giulietta,strategy_nearest,False,0.002933025360107422,success
04204A3A9C4C81,1,"['Castelvecchio', 'Teatro Romano', 'Arena', 'Casa Giulietta']",Torre Lamberti,"['Sighseeing', 'Centro Fotografia', 'Museo Conte', 'Palazzo della Ragione', 'AMO']",Santa Anastasia,strategy_nearest,False,0.0027539730072021484,success
04205F429C4C80,0,['Arena'],Casa Giulietta,"['Centro Fotografia', 'Sighseeing', 'Torre Lamberti', 'Museo Conte', 'Museo Radio']",Torre Lamberti,strategy_nearest,True,0.0031800270080566406,success
042054429C4C81,4,"['Arena', 'Museo Lapidario', 'Torre Lamberti', 'Palazzo della Ragione']",Casa Giulietta,"['Centro Fotografia', 'Sighseeing', 'Museo Conte', 'Museo Radio', 'San Fermo']",Tomba Giulietta,strategy_nearest,False,0.0032911300659179688,success
04206B429C4C80,3,['Arena'],Torre Lamberti,"['Sighseeing', 'Centro Fotografia', 'Museo Conte', 'Casa Giulietta', 'Palazzo della Ragione']",Santa Anastasia,strategy_nearest,False,0.0025930404663085938,success
04206B429C4C81,1,"['Arena', 'Castelvecchio', 'Torre Lamberti']",Duomo,"['AMO', 'Museo Miniscalchi', 'Santa Anastasia', 'Teatro Romano', 'Palazzo della Ragione']",San Zeno,strategy_nearest,False,0.0025300979614257812,success
04206A429C4C80,0,['Arena'],Torre Lamberti,"['Sighseeing', 'Centro Fotografia', 'Museo Conte', 'Casa Giulietta', 'Palazzo della Ragione']",Giardino Giusti,strategy_nearest,False,0.0032320022583007812,success
0420743A9C4C81,0,['Casa Giulietta'],Duomo,"['AMO', 'Museo Miniscalchi', 'Santa Anastasia', 'Teatro Romano', 'Palazzo della Ragione']",Arena,strategy_nearest,False,0.003016948699951172,success
042075429C4C81,2,"['Casa Giulietta', 'Torre Lamberti']",Duomo,"['AMO', 'Museo Miniscalchi', 'Santa Anastasia', 'Teatro Romano', 'Palazzo della Ragione']",Teatro Romano,strategy_nearest,True,0.0014760494232177734,success
042074429C4C80,0,"['Arena', 'Casa Giulietta']",Tomba Giulietta,"['San Fermo', 'Museo Storia', 'Museo Lapidario', 'Museo Radio', 'Verona Tour']",San Fermo,strategy_nearest,True,0.0027840137481689453,success
0420773A9C4C81,0,"['Torre Lamberti', 'San Zeno']",Castelvecchio,"['Museo Lapidario', 'Verona Tour', 'Arena', 'Museo Radio', 'Sighseeing']",Arena,strategy_nearest,True,0.003153085708618164,success
0420753A9C4C80,3,"['Torre Lamberti', 'Casa Giulietta', 'Arena']",San Zeno,"['Castelvecchio', 'Verona Tour', 'Museo Lapidario', 'Museo Miniscalchi', 'Sighseeing']",Duomo,strategy_nearest,False,0.003344297409057617,success
04207C3A9C4C80,1,"['Arena', 'Museo Lapidario', 'Castelvecchio', 'Tomba Giulietta', 'San Fermo']",Museo Storia,"['Museo Radio', 'Casa Giulietta', 'Centro Fotografia', 'Torre Lamberti', 'Sighseeing']",Palazzo della Ragione,strategy_nearest,False,0.001987934112548828,success
04207D429C4C80,0,['Castelvecchio'],Arena,"['Verona Tour', 'Museo Lapidario', 'Museo Radio', 'San Fermo', 'Casa Giulietta']",Casa Giulietta,strategy_nearest,True,0.002730846405029297,success
04207A429C4C80,0,['Casa Giulietta'],Torre Lamberti,"['Sighseeing', 'Centro Fotografia', 'Museo Conte', 'Palazzo della Ragione', 'AMO']",Arena,strategy_nearest,False,0.0014240741729736328,success
04207E3A9C4C81,3,['Arena'],Santa Anastasia,"['AMO', 'Museo Conte', 'Palazzo della Ragione', 'Teatro Romano', 'Centro Fotografia']",Duomo,strategy_nearest,False,0.00341033935546875,success
04207F3A9C4C80,3,"['Arena', 'Museo Lapidario']",Casa Giulietta,"['Centro Fotografia', 'Sighseeing', 'Torre Lamberti', 'Museo Conte', 'Museo Radio']",Torre Lamberti,strategy_nearest,True,0.002026081085205078,success
04207F429C4C80,1,"['Arena', 'Casa Giulietta', 'Palazzo della Ragione']",Torre Lamberti,"['Sighseeing', 'Centro Fotografia', 'Museo Conte', 'AMO', 'Museo Miniscalchi']",Teatro Romano,strategy_nearest,False,0.003152132034301758,success
04207E429C4C80,1,['Arena'],Palazzo della Ragione,"['AMO', 'Museo Conte', 'Torre Lamberti', 'Centro Fotografia', 'Sighseeing']",Casa Giulietta,strategy_nearest,False,0.0035419464111328125,success
0420823A9C4C80,3,"['Santa Anastasia', 'Torre Lamberti']",Arena,"['Verona Tour', 'Museo Lapidario', 'Museo Radio', 'San Fermo', 'Casa Giulietta']",Castelvecchio,strategy_nearest,False,0.003061056137084961,success
0420863A9C4C81,0,['Arena'],Castelvecchio,"['Museo Lapidario', 'Verona Tour', 'Museo Radio', 'San Zeno', 'Sighseeing']",Casa Giulietta,strategy_nearest,False,0.002717256546020508,success
0420873A9C4C81,3,"['Arena', 'Casa Giulietta']",Torre Lamberti,"['Sighseeing', 'Centro Fotografia', 'Museo Conte', 'Palazzo della Ragione', 'AMO']",Santa Anastasia,strategy_nearest,False,0.0029478073120117188,success
0420833A9C4C81,3,"['Duomo', 'Torre Lamberti', 'San Fermo']",Arena,"['Verona Tour', 'Museo Lapidario', 'Museo Radio', 'Casa Giulietta', 'Sighseeing']",Castelvecchio,strategy_nearest,False,0.0020258426666259766,success
04208A429C4C81,3,['Castelvecchio'],Arena,"['Verona Tour', 'Museo Lapidario', 'Museo Radio', 'San Fermo', 'Casa Giulietta']",Torre Lamberti,strategy_nearest,False,0.0033881664276123047,success
04208A4A9C4C81,0,['Arena'],Santa Anastasia,"['AMO', 'Museo Conte', 'Palazzo della Ragione', 'Teatro Romano', 'Centro Fotografia']",Casa Giulietta,strategy_nearest,False,0.0033850669860839844,success
04208D429C4C81,3,['Santa Anastasia'],Teatro Romano,"['Duomo', 'AMO', 'Palazzo della Ragione', 'Museo Conte', 'Centro Fotografia']",Arena,strategy_nearest,False,0.002070188522338867,success
04208D4A9C4C81,3,"['Arena', 'Duomo', 'Santa Anastasia']",Torre Lamberti,"['Sighseeing', 'Centro Fotografia', 'Museo Conte', 'Casa Giulietta', 'Palazzo della Ragione']",Casa Giulietta,strategy_nearest,True,0.0031311511993408203,success
0420AB429C4C80,3,['Arena'],Santa Anastasia,"['AMO', 'Museo Conte', 'Palazzo della Ragione', 'Teatro Romano', 'Centro Fotografia']",Castelvecchio,strategy_nearest,False,0.002234220504760742,success
0420AE3A9C4C81,1,['Arena'],Torre Lamberti,"['Sighseeing', 'Centro Fotografia', 'Museo Conte', 'Casa Giulietta', 'Palazzo della Ragione']",Palazzo della Ragione,strategy_nearest,True,0.0026769638061523438,success
0420B4429C4C80,3,['Arena'],Santa Anastasia,"['AMO', 'Museo Conte', 'Palazzo della Ragione', 'Teatro Romano', 'Centro Fotografia']",Duomo,strategy_nearest,False,0.0032579898834228516,success
0420B53A9C4C80,3,"['Arena', 'Torre Lamberti']",Santa Anastasia,"['AMO', 'Museo Conte', 'Palazzo della Ragione', 'Teatro Romano', 'Centro Fotografia']",Duomo,strategy_nearest,False,0.0025420188903808594,success
0420B9429C4C80,3,['Arena'],Torre Lamberti,"['Sighseeing', 'Centro Fotografia', 'Museo Conte', 'Casa Giulietta', 'Palazzo della Ragione']",Santa Anastasia,strategy_nearest,False,0.0024750232696533203,success
0420B63A9C4C80,1,"['Arena', 'Casa Giulietta']",Palazzo della Ragione,"['AMO', 'Museo Conte', 'Torre Lamberti', 'Centro Fotografia', 'Sighseeing']",Santa Anastasia,strategy_nearest,False,0.0035581588745117188,success
0420BE429C4C80,0,['Castelvecchio'],Arena,"['Verona Tour', 'Museo Lapidario', 'Museo Radio', 'San Fermo', 'Casa Giulietta']",Casa Giulietta,strategy_nearest,True,0.003439188003540039,success
0420C2429C4C80,3,['Torre Lamberti'],Santa Anastasia,"['AMO', 'Museo Conte', 'Palazzo della Ragione', 'Teatro Romano', 'Centro Fotografia']",Duomo,strategy_nearest,False,0.0031690597534179688,success
0420C8429C4C80,0,['Arena'],Castelvecchio,"['Museo Lapidario', 'Verona Tour', 'Museo Radio', 'San Zeno', 'Sighseeing']",San Zeno,strategy_nearest,True,0.0037298202514648438,success
0420C93A9C4C81,3,['Arena'],Torre Lamberti,"['Sighseeing', 'Centro Fotografia', 'Museo Conte', 'Casa Giulietta', 'Palazzo della Ragione']",Santa Anastasia,strategy_nearest,False,0.0026628971099853516,success
0420C8429C4C81,1,"['Arena', 'Museo Lapidario', 'Castelvecchio']",Casa Giulietta,"['Centro Fotografia', 'Sighseeing', 'Torre Lamberti', 'Museo Conte', 'Museo Radio']",Torre Lamberti,strategy_nearest,True,0.002790212631225586,success
0420D1429C4C81,1,"['Torre Lamberti', 'Palazzo della Ragione', 'Santa Anastasia']",Casa Giulietta,"['Centro Fotografia', 'Sighseeing', 'Museo Conte', 'Museo Radio', 'San Fermo']",Giardino Giusti,strategy_nearest,False,0.0019409656524658203,success
0420CA429C4C81,0,['Casa Giulietta'],Arena,"['Verona Tour', 'Museo Lapidario', 'Museo Radio', 'San Fermo', 'Sighseeing']",Tomba Giulietta,strategy_nearest,False,0.002866983413696289,success
0420D2429C4C81,1,"['Teatro Romano', 'Duomo', 'Palazzo della Ragione', 'Torre Lamberti']",Casa Giulietta,"['Centro Fotografia', 'Sighseeing', 'Museo Conte', 'Museo Radio', 'San Fermo']",Castelvecchio,strategy_nearest,False,0.002742767333984375,success
0420DA429C4C81,1,"['Torre Lamberti', 'Palazzo della Ragione', 'San Fermo', 'Arena']",San Zeno,"['Castelvecchio', 'Verona Tour', 'Museo Lapidario', 'Museo Miniscalchi', 'Sighseeing']",Castelvecchio,strategy_nearest,True,0.003144979476928711,success
0420E13A9C4C80,0,"['Arena', 'Museo Lapidario']",Castelvecchio,"['Verona Tour', 'Museo Radio', 'San Zeno', 'Sighseeing', 'Museo Miniscalchi']",Torre Lamberti,strategy_nearest,False,0.002679109573364258,success
0420DB3A9C4C81,0,['Casa Giulietta'],Torre Lamberti,"['Sighseeing', 'Centro Fotografia', 'Museo Conte', 'Palazzo della Ragione', 'AMO']",Arena,strategy_nearest,False,0.002646923065185547,success
0420E23A9C4C80,3,"['Arena', 'Torre Lamberti']",Casa Giulietta,"['Centro Fotografia', 'Sighseeing', 'Museo Conte', 'Museo Radio', 'Palazzo della Ragione']",Duomo,strategy_nearest,False,0.0030717849731445312,success
0420DE3A9C4C81,3,"['Castelvecchio', 'Arena', 'Casa Giulietta']",Torre Lamberti,"['Sighseeing', 'Centro Fotografia', 'Museo Conte', 'Palazzo della Ragione', 'AMO']",Santa Anastasia,strategy_nearest,False,0.002148151397705078,success
0420E53A9C4C80,3,"['San Fermo', 'Torre Lamberti', 'Santa Anastasia']",Duomo,"['AMO', 'Museo Miniscalchi', 'Teatro Romano', 'Palazzo della Ragione', 'Museo Conte']",Teatro Romano,strategy_nearest,True,0.002858877182006836,success
0420E23A9C4C81,0,['Teatro Romano'],Duomo,"['AMO', 'Museo Miniscalchi', 'Santa Anastasia', 'Palazzo della Ragione', 'Museo Conte']",Arena,strategy_nearest,False,0.0018970966339111328,success
0420E73A9C4C80,3,"['Arena', 'Casa Giulietta']",Teatro Romano,"['Santa Anastasia', 'Duomo', 'AMO', 'Palazzo della Ragione', 'Museo Conte']",Santa Anastasia,strategy_nearest,True,0.00279998779296875,success
0420E93A9C4C80,1,"['Palazzo della Ragione', 'Torre Lamberti']",Arena,"['Verona Tour', 'Museo Lapidario', 'Museo Radio', 'San Fermo', 'Casa Giulietta']",Santa Anastasia,strategy_nearest,False,0.0041959285736083984,success
0420EA429C4C80,2,"['Teatro Romano', 'Duomo']",San Zeno,"['Castelvecchio', 'Verona Tour', 'Museo Lapidario', 'Arena', 'Museo Miniscalchi']",Museo Lapidario,strategy_nearest,True,0.0030879974365234375,success
042150429C4C81,0,['Arena'],Torre Lamberti,"['Sighseeing', 'Centro Fotografia', 'Museo Conte', 'Casa Giulietta', 'Palazzo della Ragione']",Duomo,strategy_nearest,False,0.0022652149200439453,success
0421513A9C4C81,0,['Castelvecchio'],Arena,"['Verona Tour', 'Museo Lapidario', 'Museo Radio', 'San Fermo', 'Casa Giulietta']",Casa Giulietta,strategy_nearest,True,0.002936124801635742,success
042155429C4C81,3,"['Arena', 'Casa Giulietta']",Santa Anastasia,"['AMO', 'Museo Conte', 'Palazzo della Ragione', 'Teatro Romano', 'Centro Fotografia']",Duomo,strategy_nearest,False,0.0022449493408203125,success
0421543A9C4C80,0,['Teatro Romano'],Torre Lamberti,"['Sighseeing', 'Centro Fotografia', 'Museo Conte', 'Casa Giulietta', 'Palazzo della Ragione']",Arena,strategy_nearest,False,0.0050048828125,success
0421563A9C4C81,1,"['Arena', 'Casa Giulietta', 'Castelvecchio']",San Zeno,"['Verona Tour', 'Museo Lapidario', 'Museo Miniscalchi', 'Sighseeing', 'Museo Radio']",Tomba Giulietta,strategy_nearest,False,0.0033578872680664062,success
042156429C4C81,1,['Arena'],Castelvecchio,"['Museo Lapidario', 'Verona Tour', 'Museo Radio', 'San Zeno', 'Sighseeing']",Palazzo della Ragione,strategy_nearest,False,0.004725933074951172,success
0421593A9C4C81,1,"['Arena', 'Casa Giulietta', 'Palazzo della Ragione', 'Torre Lamberti']",Santa Anastasia,"['AMO', 'Museo Conte', 'Teatro Romano', 'Centro Fotografia', 'Duomo']",Duomo,strategy_nearest,True,0.003451108932495117,success
04215D429C4C80,0,['Arena'],Santa Anastasia,"['AMO', 'Museo Conte', 'Palazzo della Ragione', 'Teatro Romano', 'Centro Fotografia']",Casa Giulietta,strategy_nearest,False,0.002233266830444336,success
04215D429C4C81,3,['Arena'],Castelvecchio,"['Museo Lapidario', 'Verona Tour', 'Museo Radio', 'San Zeno', 'Sighseeing']",Santa Anastasia,strategy_nearest,False,0.0030069351196289062,success
04215C429C4C80,2,['Casa Giulietta'],Santa Anastasia,"['AMO', 'Museo Conte', 'Palazzo della Ragione', 'Teatro Romano', 'Centro Fotografia']",Teatro Romano,strategy_nearest,True,0.004208087921142578,success
04215F429C4C81,0,['Torre Lamberti'],Casa Giulietta,"['Centro Fotografia', 'Sighseeing', 'Museo Conte', 'Museo Radio', 'Palazzo della Ragione']",Arena,strategy_nearest,False,0.0026922225952148438,success
042168429C4C80,1,"['Arena', 'Castelvecchio', 'Palazzo della Ragione']",Torre Lamberti,"['Sighseeing', 'Centro Fotografia', 'Museo Conte', 'Casa Giulietta', 'AMO']",Casa Giulietta,strategy_nearest,True,0.0022830963134765625,success
04216A429C4C80,1,"['Arena', 'Torre Lamberti']",Palazzo della Ragione,"['AMO', 'Museo Conte', 'Centro Fotografia', 'Sighseeing', 'Santa Anastasia']",Teatro Romano,strategy_nearest,False,0.003132343292236328,success
042165429C4C81,3,"['Arena', 'Torre Lamberti']",Duomo,"['AMO', 'Museo Miniscalchi', 'Santa Anastasia', 'Teatro Romano', 'Palazzo della Ragione']",Teatro Romano,strategy_nearest,True,0.0024590492248535156,success
042167429C4C80,0,"['Arena', 'Casa Giulietta']",Castelvecchio,"['Museo Lapidario', 'Verona Tour', 'Museo Radio', 'San Zeno', 'Sighseeing']",Tomba Giulietta,strategy_nearest,False,0.003136157989501953,success
04216B429C4C80,0,['Arena'],Casa Giulietta,"['Centro Fotografia', 'Sighseeing', 'Torre Lamberti', 'Museo Conte', 'Museo Radio']",Castelvecchio,strategy_nearest,False,0.0013687610626220703,success
0421743A9C4C80,0,"['Casa Giulietta', 'Arena']",Castelvecchio,"['Museo Lapidario', 'Verona Tour', 'Museo Radio', 'San Zeno', 'Sighseeing']",Tomba Giulietta,strategy_nearest,False,0.0026302337646484375,success
042173429C4C81,2,['Casa Giulietta'],Santa Anastasia,"['AMO', 'Museo Conte', 'Palazzo della Ragione', 'Teatro Romano', 'Centro Fotografia']",Teatro Romano,strategy_nearest,True,0.003378152847290039,success
0421713A9C4C81,0,['Arena'],Museo Lapidario,"['Verona Tour', 'Castelvecchio', 'Museo Radio', 'San Fermo', 'Casa Giulietta']",Castelvecchio,strategy_nearest,True,0.004564046859741211,success
042176429C4C81,2,"['Casa Giulietta', 'Torre Lamberti']",Palazzo della Ragione,"['AMO', 'Museo Conte', 'Centro Fotografia', 'Sighseeing', 'Santa Anastasia']",Santa Anastasia,strategy_nearest,True,0.002522706985473633,success
042177429C4C80,3,"['Arena', 'San Fermo']",Casa Giulietta,"['Centro Fotografia', 'Sighseeing', 'Torre Lamberti', 'Museo Conte', 'Museo Radio']",Torre Lamberti,strategy_nearest,True,0.003414154052734375,success
04217B3A9C4C81,3,['Arena'],Castelvecchio,"['Museo Lapidario', 'Verona Tour', 'Museo Radio', 'San Zeno', 'Sighseeing']",Santa Anastasia,strategy_nearest,False,0.0032291412353515625,success
04217D3A9C4C81,0,['Arena'],Casa Giulietta,"['Centro Fotografia', 'Sighseeing', 'Torre Lamberti', 'Museo Conte', 'Museo Radio']",Teatro Romano,strategy_nearest,False,0.0023648738861083984,success
0421813A9C4C80,3,"['Arena', 'San Fermo', 'Casa Giulietta']",Castelvecchio,"['Museo Lapidario', 'Verona Tour', 'Museo Radio', 'San Zeno', 'Sighseeing']",San Zeno,strategy_nearest,True,0.0033397674560546875,success
0421803A9C4C81,1,"['Torre Lamberti', 'Palazzo della Ragione']",Santa Anastasia,"['AMO', 'Museo Conte', 'Teatro Romano', 'Centro Fotografia', 'Duomo']",Castelvecchio,strategy_nearest,False,0.0021467208862304688,success
04217E3A9C4C81,0,['Casa Giulietta'],Torre Lamberti,"['Sighseeing', 'Centro Fotografia', 'Museo Conte', 'Palazzo della Ragione', 'AMO']",Arena,strategy_nearest,False,0.0028400421142578125,success
0421853A9C4C80,3,"['Arena', 'Torre Lamberti']",Castelvecchio,"['Museo Lapidario', 'Verona Tour', 'Museo Radio', 'San Zeno', 'Sighseeing']",Teatro Romano,strategy_nearest,False,0.002579927444458008,success
0421823A9C4C81,0,['Arena'],Casa Giulietta,"['Centro Fotografia', 'Sighseeing', 'Torre Lamberti', 'Museo Conte', 'Museo Radio']",Duomo,strategy_nearest,False,0.003699779510498047,success
0421843A9C4C80,0,"['Museo Lapidario', 'Castelvecchio']",Arena,"['Verona Tour', 'Museo Radio', 'San Fermo', 'Casa Giulietta', 'Sighseeing']",San Fermo,strategy_nearest,True,0.0021848678588867188,success
0421843A9C4C81,1,"['Arena', 'Casa Giulietta']",Palazzo della Ragione,"['AMO', 'Museo Conte', 'Torre Lamberti', 'Centro Fotografia', 'Sighseeing']",Torre Lamberti,strategy_nearest,True,0.0034589767456054688,success
04218C3A9C4C81,1,"['Arena', 'Casa Giulietta']",Torre Lamberti,"['Sighseeing', 'Centro Fotografia', 'Museo Conte', 'Palazzo della Ragione', 'AMO']",Palazzo della Ragione,strategy_nearest,True,0.0028350353240966797,success
04218A4A9C4C80,1,"['Arena', 'Casa Giulietta']",Torre Lamberti,"['Sighseeing', 'Centro Fotografia', 'Museo Conte', 'Palazzo della Ragione', 'AMO']",Palazzo della Ragione,strategy_nearest,True,0.002134084701538086,success
04218A4A9C4C81,3,"['Casa Giulietta', 'Torre Lamberti']",Duomo,"['AMO', 'Museo Miniscalchi', 'Santa Anastasia', 'Teatro Romano', 'Palazzo della Ragione']",Santa Anastasia,strategy_nearest,True,0.0029039382934570312,success
04218D429C4C81,1,"['Casa Giulietta', 'Torre Lamberti']",Palazzo della Ragione,"['AMO', 'Museo Conte', 'Centro Fotografia', 'Sighseeing', 'Santa Anastasia']",Arena,strategy_nearest,False,0.003244161605834961,success
04218E4A9C4C81,3,"['Teatro Romano', 'Giardino Giusti', 'Santa Anastasia']",Duomo,"['AMO', 'Museo Miniscalchi', 'Palazzo della Ragione', 'Museo Conte', 'Torre Lamberti']",Torre Lamberti,strategy_nearest,True,0.002803325653076172,success
04218E3A9C4C81,0,['Casa Giulietta'],Torre Lamberti,"['Sighseeing', 'Centro Fotografia', 'Museo Conte', 'Palazzo della Ragione', 'AMO']",Arena,strategy_nearest,False,0.0022649765014648438,success
04218F429C4C81,3,"['Teatro Romano', 'Giardino Giusti', 'Casa Giulietta']",Arena,"['Verona Tour', 'Museo Lapidario', 'Museo Radio', 'San Fermo', 'Sighseeing']",Duomo,strategy_nearest,False,0.003431081771850586,success
04218D4A9C4C80,3,"['Arena', 'Casa Giulietta']",Santa Anastasia,"['AMO', 'Museo Conte', 'Palazzo della Ragione', 'Teatro Romano', 'Centro Fotografia']",Duomo,strategy_nearest,False,0.0016570091247558594,success
04219A429C4C81,1,"['Arena', 'Castelvecchio']",Casa Giulietta,"['Centro Fotografia', 'Sighseeing', 'Torre Lamberti', 'Museo Conte', 'Museo Radio']",Torre Lamberti,strategy_nearest,True,0.0018129348754882812,success
0421AA4A9C4C81,3,"['Arena', 'San Zeno']",Castelvecchio,"['Museo Lapidario', 'Verona Tour', 'Museo Radio', 'Sighseeing', 'Museo Miniscalchi']",Duomo,strategy_nearest,False,0.0026650428771972656,success
0421AB429C4C80,3,"['Arena', 'Casa Giulietta']",Santa Anastasia,"['AMO', 'Museo Conte', 'Palazzo della Ragione', 'Teatro Romano', 'Centro Fotografia']",Duomo,strategy_nearest,False,0.0026051998138427734,success
0421B1429C4C81,3,"['Torre Lamberti', 'Santa Anastasia']",Duomo,"['AMO', 'Museo Miniscalchi', 'Teatro Romano', 'Palazzo della Ragione', 'Museo Conte']",Castelvecchio,strategy_nearest,False,0.0030400753021240234,success
0421AE3A9C4C81,0,['Arena'],Casa Giulietta,"['Centro Fotografia', 'Sighseeing', 'Torre Lamberti', 'Museo Conte', 'Museo Radio']",Teatro Romano,strategy_nearest,False,0.002608776092529297,success
0421B23A9C4C81,0,['San Zeno'],Castelvecchio,"['Museo Lapidario', 'Verona Tour', 'Arena', 'Museo Radio', 'Sighseeing']",Arena,strategy_nearest,True,0.002532958984375,success
0421B2429C4C80,0,['Casa Giulietta'],Torre Lamberti,"['Sighseeing', 'Centro Fotografia', 'Museo Conte', 'Palazzo della Ragione', 'AMO']",Arena,strategy_nearest,False,0.003045320510864258,success
0421BE429C4C80,3,"['Arena', 'Casa Giulietta']",Torre Lamberti,"['Sighseeing', 'Centro Fotografia', 'Museo Conte', 'Palazzo della Ragione', 'AMO']",Teatro Romano,strategy_nearest,False,0.0019559860229492188,success
0421B5429C4C81,0,"['Arena', 'Castelvecchio']",San Zeno,"['Verona Tour', 'Museo Lapidario', 'Museo Miniscalchi', 'Sighseeing', 'Museo Radio']",Duomo,strategy_nearest,False,0.003287076950073242,success
0421BF429C4C80,3,['Castelvecchio'],Arena,"['Verona Tour', 'Museo Lapidario', 'Museo Radio', 'San Fermo', 'Casa Giulietta']",Santa Anastasia,strategy_nearest,False,0.0035016536712646484,success
0421C03A9C4C81,3,"['Arena', 'Duomo']",Teatro Romano,"['Santa Anastasia', 'AMO', 'Palazzo della Ragione', 'Museo Conte', 'Centro Fotografia']",Torre Lamberti,strategy_nearest,False,0.0030651092529296875,success
0421CA429C4C80,3,"['Arena', 'Casa Giulietta']",Santa Anastasia,"['AMO', 'Museo Conte', 'Palazzo della Ragione', 'Teatro Romano', 'Centro Fotografia']",Duomo,strategy_nearest,False,0.00257110595703125,success
0421D0429C4C80,4,"['Teatro Romano', 'Duomo', 'Santa Anastasia', 'Castelvecchio', 'Torre Lamberti']",Palazzo della Ragione,"['AMO', 'Museo Conte', 'Centro Fotografia', 'Sighseeing', 'Museo Miniscalchi']",Arena,strategy_nearest,False,0.0034041404724121094,success
0421C13A9C4C81,3,"['Castelvecchio', 'Arena', 'San Fermo']",Casa Giulietta,"['Centro Fotografia', 'Sighseeing', 'Torre Lamberti', 'Museo Conte', 'Museo Radio']",Torre Lamberti,strategy_nearest,True,0.0035979747772216797,success
0421D43A9C4C80,3,"['Arena', 'Casa Giulietta']",Torre Lamberti,"['Sighseeing', 'Centro Fotografia', 'Museo Conte', 'Palazzo della Ragione', 'AMO']",Museo Lapidario,strategy_nearest,False,0.002565145492553711,success
0421D93A9C4C81,2,"['San Zeno', 'Castelvecchio', 'San Fermo']",Santa Anastasia,"['AMO', 'Museo Conte', 'Palazzo della Ragione', 'Teatro Romano', 'Centro Fotografia']",Duomo,strategy_nearest,False,0.0019638538360595703,success
0421D63A9C4C80,0,['Torre Lamberti'],Casa Giulietta,"['Centro Fotografia', 'Sighseeing', 'Museo Conte', 'Museo Radio', 'Palazzo della Ragione']",Arena,strategy_nearest,False,0.0017731189727783203,success
0421DC3A9C4C80,4,"['Arena', 'Casa Giulietta', 'San Fermo', 'Museo Storia', 'Giardino Giusti', 'Teatro Romano']",Museo Radio,"['Sighseeing', 'Torre Lamberti', 'Centro Fotografia', 'Verona Tour', 'Museo Conte']",Tomba Giulietta,strategy_nearest,False,0.0025489330291748047,success
0421D6429C4C80,1,"['Arena', 'Casa Giulietta', 'Santa Anastasia', 'Teatro Romano', 'Giardino Giusti']",Duomo,"['AMO', 'Museo Miniscalchi', 'Palazzo della Ragione', 'Museo Conte', 'Torre Lamberti']",Torre Lamberti,strategy_nearest,True,0.003576040267944336,success
0421E23A9C4C81,0,['Arena'],Casa Giulietta,"['Centro Fotografia', 'Sighseeing', 'Torre Lamberti', 'Museo Conte', 'Museo Radio']",Castelvecchio,strategy_nearest,False,0.0022079944610595703,success
0421E73A9C4C80,0,['Arena'],Casa Giulietta,"['Centro Fotografia', 'Sighseeing', 'Torre Lamberti', 'Museo Conte', 'Museo Radio']",Torre Lamberti,strategy_nearest,True,0.0035741329193115234,success
0421EA429C4C80,1,"['Palazzo della Ragione', 'Torre Lamberti']",Santa Anastasia,"['AMO', 'Museo Conte', 'Teatro Romano', 'Centro Fotografia', 'Duomo']",Arena,strategy_nearest,False,0.0034761428833007812,success
0421F0429C4C80,1,"['Arena', 'Torre Lamberti', 'Palazzo della Ragione']",Santa Anastasia,"['AMO', 'Museo Conte', 'Teatro Romano', 'Centro Fotografia', 'Duomo']",San Zeno,strategy_nearest,False,0.003281116485595703,success
04224B3A9C4C81,0,['Arena'],Casa Giulietta,"['Centro Fotografia', 'Sighseeing', 'Torre Lamberti', 'Museo Conte', 'Museo Radio']",Torre Lamberti,strategy_nearest,True,0.0026581287384033203,success
04225D429C4C81,1,['Arena'],San Fermo,"['Museo Storia', 'Museo Radio', 'Casa Giulietta', 'Centro Fotografia', 'Sighseeing']",Palazzo della Ragione,strategy_nearest,False,0.0019631385803222656,success
042267429C4C80,1,"['Torre Lamberti', 'Palazzo della Ragione']",Castelvecchio,"['Museo Lapidario', 'Verona Tour', 'Arena', 'Museo Radio', 'San Zeno']",Arena,strategy_nearest,True,0.0031538009643554688,success
0422583A9C4C80,3,"['Arena', 'Casa Giulietta']",Castelvecchio,"['Museo Lapidario', 'Verona Tour', 'Museo Radio', 'San Zeno', 'Sighseeing']",Torre Lamberti,strategy_nearest,False,0.0015208721160888672,success
04224B429C4C81,3,"['Santa Anastasia', 'Duomo']",Arena,"['Verona Tour', 'Museo Lapidario', 'Museo Radio', 'San Fermo', 'Casa Giulietta']",San Fermo,strategy_nearest,True,0.003977298736572266,success
04226B429C4C81,2,['Casa Giulietta'],Santa Anastasia,"['AMO', 'Museo Conte', 'Palazzo della Ragione', 'Teatro Romano', 'Centro Fotografia']",Duomo,strategy_nearest,False,0.0027801990509033203,success
04226A429C4C80,3,['Arena'],Torre Lamberti,"['Sighseeing', 'Centro Fotografia', 'Museo Conte', 'Casa Giulietta', 'Palazzo della Ragione']",Santa Anastasia,strategy_nearest,False,0.002302885055541992,success
04226B429C4C80,0,['Castelvecchio'],Arena,"['Verona Tour', 'Museo Lapidario', 'Museo Radio', 'San Fermo', 'Casa Giulietta']",Teatro Romano,strategy_nearest,False,0.0021970272064208984,success
0422743A9C4C80,3,['Arena'],Torre Lamberti,"['Sighseeing', 'Centro Fotografia', 'Museo Conte', 'Casa Giulietta', 'Palazzo della Ragione']",Casa Giulietta,strategy_nearest,True,0.0031371116638183594,success
042274429C4C80,1,"['Casa Giulietta', 'Torre Lamberti', 'Palazzo della Ragione']",Santa Anastasia,"['AMO', 'Museo Conte', 'Teatro Romano', 'Centro Fotografia', 'Duomo']",Duomo,strategy_nearest,True,0.0017609596252441406,success
0422753A9C4C81,1,"['Torre Lamberti', 'Palazzo della Ragione', 'Casa Giulietta', 'Giardino Giusti']",Teatro Romano,"['Santa Anastasia', 'Duomo', 'AMO', 'Museo Conte', 'Centro Fotografia']",Santa Anastasia,strategy_nearest,True,0.002626180648803711,success
042275429C4C80,2,['Torre Lamberti'],Palazzo della Ragione,"['AMO', 'Museo Conte', 'Centro Fotografia', 'Sighseeing', 'Santa Anastasia']",Casa Giulietta,strategy_nearest,False,0.0026209354400634766,success
042278429C4C80,1,"['Arena', 'Palazzo della Ragione']",Torre Lamberti,"['Sighseeing', 'Centro Fotografia', 'Museo Conte', 'Casa Giulietta', 'AMO']",Santa Anastasia,strategy_nearest,False,0.0026922225952148438,success
0422793A9C4C81,0,['Casa Giulietta'],Arena,"['Verona Tour', 'Museo Lapidario', 'Museo Radio', 'San Fermo', 'Sighseeing']",San Zeno,strategy_nearest,False,0.002401113510131836,success
0422794A9C4C80,1,"['Arena', 'Casa Giulietta']",Santa Anastasia,"['AMO', 'Museo Conte', 'Palazzo della Ragione', 'Teatro Romano', 'Centro Fotografia']",Teatro Romano,strategy_nearest,True,0.0034258365631103516,success
04227A429C4C81,0,['Arena'],Torre Lamberti,"['Sighseeing', 'Centro Fotografia', 'Museo Conte', 'Casa Giulietta', 'Palazzo della Ragione']",Casa Giulietta,strategy_nearest,True,0.002707958221435547,success
04227B3A9C4C80,0,"['Arena', 'Museo Lapidario']",Castelvecchio,"['Verona Tour', 'Museo Radio', 'San Zeno', 'Sighseeing', 'Museo Miniscalchi']",Museo Storia,strategy_nearest,False,0.002488851547241211,success
04227C429C4C81,0,['Arena'],Teatro Romano,"['Santa Anastasia', 'Duomo', 'AMO', 'Palazzo della Ragione', 'Museo Conte']",Castelvecchio,strategy_nearest,False,0.0019412040710449219,success
04227B3A9C4C81,0,"['Arena', 'Casa Giulietta']",Torre Lamberti,"['Sighseeing', 'Centro Fotografia', 'Museo Conte', 'Palazzo della Ragione', 'AMO']",Teatro Romano,strategy_nearest,False,0.003961086273193359,success
04227D4A9C4C81,1,"['Palazzo della Ragione', 'Torre Lamberti']",Giardino Giusti,"['Santa Anastasia', 'Teatro Romano', 'Museo Conte', 'Centro Fotografia', 'Museo Storia']",Arena,strategy_nearest,False,0.0026869773864746094,success
04227F3A9C4C81,1,"['Arena', 'Casa Giulietta']",Palazzo della Ragione,"['AMO', 'Museo Conte', 'Torre Lamberti', 'Centro Fotografia', 'Sighseeing']",Torre Lamberti,strategy_nearest,True,0.002791881561279297,success
0422833A9C4C81,0,['Casa Giulietta'],Duomo,"['AMO', 'Museo Miniscalchi', 'Santa Anastasia', 'Teatro Romano', 'Palazzo della Ragione']",Arena,strategy_nearest,False,0.0019550323486328125,success
04227F429C4C80,3,"['Arena', 'Casa Giulietta']",Santa Anastasia,"['AMO', 'Museo Conte', 'Palazzo della Ragione', 'Teatro Romano', 'Centro Fotografia']",Teatro Romano,strategy_nearest,True,0.002626180648803711,success
042289429C4C80,3,"['Casa Giulietta', 'Arena']",Castelvecchio,"['Museo Lapidario', 'Verona Tour', 'Museo Radio', 'San Zeno', 'Sighseeing']",Museo Storia,strategy_nearest,False,0.0026781558990478516,success
04228E429C4C80,1,"['Arena', 'Casa Giulietta', 'Torre Lamberti']",Palazzo della Ragione,"['AMO', 'Museo Conte', 'Centro Fotografia', 'Sighseeing', 'Santa Anastasia']",Teatro Romano,strategy_nearest,False,0.0034928321838378906,success
0422903A9C4C81,2,['Teatro Romano'],Duomo,"['AMO', 'Museo Miniscalchi', 'Santa Anastasia', 'Palazzo della Ragione', 'Museo Conte']",Casa Giulietta,strategy_nearest,False,0.002852201461791992,success
0422AB3A9C4C80,1,"['Arena', 'Casa Giulietta']",Torre Lamberti,"['Sighseeing', 'Centro Fotografia', 'Museo Conte', 'Palazzo della Ragione', 'AMO']",Castelvecchio,strategy_nearest,False,0.0028128623962402344,success
0422AB429C4C80,1,['Arena'],Palazzo della Ragione,"['AMO', 'Museo Conte', 'Torre Lamberti', 'Centro Fotografia', 'Sighseeing']",Castelvecchio,strategy_nearest,False,0.0029420852661132812,success
0422AD3A9C4C80,2,['Torre Lamberti'],Duomo,"['AMO', 'Museo Miniscalchi', 'Santa Anastasia', 'Teatro Romano', 'Palazzo della Ragione']",Santa Anastasia,strategy_nearest,True,0.002847909927368164,success
0422A9429C4C81,3,"['Tomba Giulietta', 'Arena']",Casa Giulietta,"['Centro Fotografia', 'Sighseeing', 'Torre Lamberti', 'Museo Conte', 'Museo Radio']",Santa Anastasia,strategy_nearest,False,0.004289150238037109,success
0422AE429C4C80,3,"['Arena', 'Museo Lapidario', 'Castelvecchio']",Duomo,"['AMO', 'Museo Miniscalchi', 'Santa Anastasia', 'Teatro Romano', 'Palazzo della Ragione']",Santa Anastasia,strategy_nearest,True,0.0020668506622314453,success
0422AF3A9C4C80,3,"['Arena', 'Casa Giulietta', 'Torre Lamberti']",Santa Anastasia,"['AMO', 'Museo Conte', 'Palazzo della Ragione', 'Teatro Romano', 'Centro Fotografia']",Duomo,strategy_nearest,False,0.0027010440826416016,success
0422B43A9C4C81,0,['Arena'],Casa Giulietta,"['Centro Fotografia', 'Sighseeing', 'Torre Lamberti', 'Museo Conte', 'Museo Radio']",Torre Lamberti,strategy_nearest,True,0.0032820701599121094,success
0422B23A9C4C81,0,['Arena'],Casa Giulietta,"['Centro Fotografia', 'Sighseeing', 'Torre Lamberti', 'Museo Conte', 'Museo Radio']",Torre Lamberti,strategy_nearest,True,0.002711057662963867,success
0422B4429C4C80,0,['Arena'],Casa Giulietta,"['Centro Fotografia', 'Sighseeing', 'Torre Lamberti', 'Museo Conte', 'Museo Radio']",Torre Lamberti,strategy_nearest,True,0.0029120445251464844,success
0422BA429C4C80,0,"['Arena', 'Torre Lamberti']",Casa Giulietta,"['Centro Fotografia', 'Sighseeing', 'Museo Conte', 'Museo Radio', 'Palazzo della Ragione']",Duomo,strategy_nearest,False,0.0021491050720214844,success
0422B83A9C4C80,1,['Arena'],Casa Giulietta,"['Centro Fotografia', 'Sighseeing', 'Torre Lamberti', 'Museo Conte', 'Museo Radio']",Palazzo della Ragione,strategy_nearest,False,0.0029420852661132812,success
0422BE429C4C80,0,['Arena'],Casa Giulietta,"['Centro Fotografia', 'Sighseeing', 'Torre Lamberti', 'Museo Conte', 'Museo Radio']",Teatro Romano,strategy_nearest,False,0.003256082534790039,success
0422C5429C4C81,3,"['Casa Giulietta', 'Torre Lamberti']",Santa Anastasia,"['AMO', 'Museo Conte', 'Palazzo della Ragione', 'Teatro Romano', 'Centro Fotografia']",Castelvecchio,strategy_nearest,False,0.002524852752685547,success
0422C63A9C4C80,3,['Arena'],Torre Lamberti,"['Sighseeing', 'Centro Fotografia', 'Museo Conte', 'Casa Giulietta', 'Palazzo della Ragione']",Santa Anastasia,strategy_nearest,False,0.003136873245239258,success
0422C7429C4C81,2,['Casa Giulietta'],Santa Anastasia,"['AMO', 'Museo Conte', 'Palazzo della Ragione', 'Teatro Romano', 'Centro Fotografia']",Tomba Giulietta,strategy_nearest,False,0.0028579235076904297,success
0422C83A9C4C81,0,['Arena'],Casa Giulietta,"['Centro Fotografia', 'Sighseeing', 'Torre Lamberti', 'Museo Conte', 'Museo Radio']",Torre Lamberti,strategy_nearest,True,0.003236055374145508,success
0422CA429C4C80,1,"['Arena', 'Torre Lamberti']",Palazzo della Ragione,"['AMO', 'Museo Conte', 'Centro Fotografia', 'Sighseeing', 'Santa Anastasia']",Casa Giulietta,strategy_nearest,False,0.0026311874389648438,success
0422DA429C4C80,1,"['Torre Lamberti', 'Palazzo della Ragione', 'Casa Giulietta']",Santa Anastasia,"['AMO', 'Museo Conte', 'Teatro Romano', 'Centro Fotografia', 'Duomo']",Giardino Giusti,strategy_nearest,False,0.003348112106323242,success
0422D5429C4C81,3,"['Arena', 'Torre Lamberti', 'Casa Giulietta', 'San Fermo']",Tomba Giulietta,"['Museo Storia', 'Museo Lapidario', 'Museo Radio', 'Verona Tour', 'Castelvecchio']",San Zeno,strategy_nearest,False,0.003675699234008789,success
0422E23A9C4C80,3,['Arena'],Museo Lapidario,"['Verona Tour', 'Castelvecchio', 'Museo Radio', 'San Fermo', 'Casa Giulietta']",Santa Anastasia,strategy_nearest,False,0.003014087677001953,success
0422E33A9C4C81,0,['Arena'],Castelvecchio,"['Museo Lapidario', 'Verona Tour', 'Museo Radio', 'San Zeno', 'Sighseeing']",San Zeno,strategy_nearest,True,0.002341032028198242,success
0422E83A9C4C80,3,"['Arena', 'Casa Giulietta']",Torre Lamberti,"['Sighseeing', 'Centro Fotografia', 'Museo Conte', 'Palazzo della Ragione', 'AMO']",Santa Anastasia,strategy_nearest,False,0.003319978713989258,success
0422E9429C4C80,3,"['Teatro Romano', 'Arena', 'Casa Giulietta']",Santa Anastasia,"['AMO', 'Museo Conte', 'Palazzo della Ragione', 'Centro Fotografia', 'Duomo']",Duomo,strategy_nearest,True,0.0018801689147949219,success
0422E3429C4C81,4,"['Arena', 'Tomba Giulietta', 'Museo Radio', 'Museo Storia']",San Fermo,"['Casa Giulietta', 'Centro Fotografia', 'Sighseeing', 'Torre Lamberti', 'Museo Conte']",Torre Lamberti,strategy_nearest,True,0.002658843994140625,success
04235C429C4C81,0,['Arena'],Casa Giulietta,"['Centro Fotografia', 'Sighseeing', 'Torre Lamberti', 'Museo Conte', 'Museo Radio']",Castelvecchio,strategy_nearest,False,0.003142833709716797,success
042361429C4C81,0,['Arena'],Castelvecchio,"['Museo Lapidario', 'Verona Tour', 'Museo Radio', 'San Zeno', 'Sighseeing']",Casa Giulietta,strategy_nearest,False,0.001967906951904297,success
042364429C4C80,3,['Arena'],Torre Lamberti,"['Sighseeing', 'Centro Fotografia', 'Museo Conte', 'Casa Giulietta', 'Palazzo della Ragione']",Santa Anastasia,strategy_nearest,False,0.0026230812072753906,success
04236B3A9C4C81,0,"['Arena', 'Torre Lamberti']",Duomo,"['AMO', 'Museo Miniscalchi', 'Santa Anastasia', 'Teatro Romano', 'Palazzo della Ragione']",Casa Giulietta,strategy_nearest,False,0.0031270980834960938,success
04236C429C4C81,1,"['Arena', 'Castelvecchio']",Palazzo della Ragione,"['AMO', 'Museo Conte', 'Torre Lamberti', 'Centro Fotografia', 'Sighseeing']",Santa Anastasia,strategy_nearest,False,0.0034008026123046875,success
04236F3A9C4C81,3,"['Arena', 'San Zeno']",San Fermo,"['Museo Storia', 'Museo Radio', 'Casa Giulietta', 'Centro Fotografia', 'Sighseeing']",Santa Anastasia,strategy_nearest,False,0.0032019615173339844,success
04236D429C4C81,0,['Teatro Romano'],Casa Giulietta,"['Centro Fotografia', 'Sighseeing', 'Torre Lamberti', 'Museo Conte', 'Museo Radio']",Arena,strategy_nearest,False,0.0025980472564697266,success
04236F429C4C81,0,['Castelvecchio'],Arena,"['Verona Tour', 'Museo Lapidario', 'Museo Radio', 'San Fermo', 'Casa Giulietta']",Casa Giulietta,strategy_nearest,True,0.003351926803588867,success
042370429C4C81,3,"['Arena', 'San Fermo']",Casa Giulietta,"['Centro Fotografia', 'Sighseeing', 'Torre Lamberti', 'Museo Conte', 'Museo Radio']",Santa Anastasia,strategy_nearest,False,0.0030782222747802734,success
0423733A9C4C80,1,"['Arena', 'Casa Giulietta']",Torre Lamberti,"['Sighseeing', 'Centro Fotografia', 'Museo Conte', 'Palazzo della Ragione', 'AMO']",Palazzo della Ragione,strategy_nearest,True,0.0025720596313476562,success
042373429C4C81,3,"['Arena', 'Torre Lamberti', 'Santa Anastasia']",Teatro Romano,"['Duomo', 'AMO', 'Palazzo della Ragione', 'Museo Conte', 'Centro Fotografia']",Duomo,strategy_nearest,True,0.0025839805603027344,success
042374429C4C81,3,"['Arena', 'Casa Giulietta']",Santa Anastasia,"['AMO', 'Museo Conte', 'Palazzo della Ragione', 'Teatro Romano', 'Centro Fotografia']",Museo Lapidario,strategy_nearest,False,0.0025780200958251953,success
0423753A9C4C80,1,"['Arena', 'Casa Giulietta']",Torre Lamberti,"['Sighseeing', 'Centro Fotografia', 'Museo Conte', 'Palazzo della Ragione', 'AMO']",Palazzo della Ragione,strategy_nearest,True,0.0032091140747070312,success
04237A3A9C4C80,0,['Arena'],Santa Anastasia,"['AMO', 'Museo Conte', 'Palazzo della Ragione', 'Teatro Romano', 'Centro Fotografia']",Casa Giulietta,strategy_nearest,False,0.0029211044311523438,success
0423844A9C4C81,3,"['Arena', 'Castelvecchio']",Museo Lapidario,"['Verona Tour', 'Museo Radio', 'San Fermo', 'Casa Giulietta', 'Tomba Giulietta']",Santa Anastasia,strategy_nearest,False,0.002708911895751953,success
04237B3A9C4C80,0,['Arena'],Tomba Giulietta,"['San Fermo', 'Museo Storia', 'Museo Lapidario', 'Museo Radio', 'Verona Tour']",Arena,strategy_nearest,False,0.003431081771850586,success
04237A3A9C4C81,1,"['Casa Giulietta', 'Torre Lamberti']",Palazzo della Ragione,"['AMO', 'Museo Conte', 'Centro Fotografia', 'Sighseeing', 'Santa Anastasia']",Arena,strategy_nearest,False,0.0028040409088134766,success
0423874A9C4C81,3,"['Arena', 'Santa Anastasia']",Torre Lamberti,"['Sighseeing', 'Centro Fotografia', 'Museo Conte', 'Casa Giulietta', 'Palazzo della Ragione']",Casa Giulietta,strategy_nearest,True,0.003340005874633789,success
0423893A9C4C80,1,"['Arena', 'Casa Giulietta']",Torre Lamberti,"['Sighseeing', 'Centro Fotografia', 'Museo Conte', 'Palazzo della Ragione', 'AMO']",Palazzo della Ragione,strategy_nearest,True,0.002146005630493164,success
04238E3A9C4C80,0,['Castelvecchio'],Duomo,"['AMO', 'Museo Miniscalchi', 'Santa Anastasia', 'Teatro Romano', 'Palazzo della Ragione']",Teatro Romano,strategy_nearest,True,0.00333404541015625,success
0423894A9C4C81,3,"['Casa Giulietta', 'Torre Lamberti']",Duomo,"['AMO', 'Museo Miniscalchi', 'Santa Anastasia', 'Teatro Romano', 'Palazzo della Ragione']",Santa Anastasia,strategy_nearest,True,0.0027930736541748047,success
042393C27B3F81,0,['Castelvecchio'],Arena,"['Verona Tour', 'Museo Lapidario', 'Museo Radio', 'San Fermo', 'Casa Giulietta']",Casa Giulietta,strategy_nearest,True,0.002063751220703125,success
04238F429C4C80,3,['Santa Anastasia'],Teatro Romano,"['Duomo', 'AMO', 'Palazzo della Ragione', 'Museo Conte', 'Centro Fotografia']",Arena,strategy_nearest,False,0.0024292469024658203,success
0423A83A9C4C81,2,"['Casa Giulietta', 'Torre Lamberti', 'Santa Anastasia']",Teatro Romano,"['Duomo', 'AMO', 'Palazzo della Ragione', 'Museo Conte', 'Centro Fotografia']",Duomo,strategy_nearest,True,0.0026941299438476562,success
0423A63A9C4C80,3,"['Arena', 'Casa Giulietta']",Torre Lamberti,"['Sighseeing', 'Centro Fotografia', 'Museo Conte', 'Palazzo della Ragione', 'AMO']",Santa Anastasia,strategy_nearest,False,0.003392934799194336,success
0423A84A9C4C80,3,['Arena'],Casa Giulietta,"['Centro Fotografia', 'Sighseeing', 'Torre Lamberti', 'Museo Conte', 'Museo Radio']",Torre Lamberti,strategy_nearest,True,0.002613067626953125,success
0423A9429C4C80,3,"['Tomba Giulietta', 'Museo Lapidario', 'Arena']",Casa Giulietta,"['Centro Fotografia', 'Sighseeing', 'Torre Lamberti', 'Museo Conte', 'Museo Radio']",Torre Lamberti,strategy_nearest,True,0.0025849342346191406,success
0423AC429C4C80,0,['Arena'],Tomba Giulietta,"['San Fermo', 'Museo Storia', 'Museo Lapidario', 'Museo Radio', 'Verona Tour']",Casa Giulietta,strategy_nearest,False,0.002609729766845703,success
0423AD3A9C4C81,1,['Arena'],Palazzo della Ragione,"['AMO', 'Museo Conte', 'Torre Lamberti', 'Centro Fotografia', 'Sighseeing']",Casa Giulietta,strategy_nearest,False,0.003377199172973633,success
0423B13A9C4C80,0,['Arena'],Torre Lamberti,"['Sighseeing', 'Centro Fotografia', 'Museo Conte', 'Casa Giulietta', 'Palazzo della Ragione']",Duomo,strategy_nearest,False,0.003042936325073242,success
0423AD429C4C81,0,['Torre Lamberti'],Arena,"['Verona Tour', 'Museo Lapidario', 'Museo Radio', 'San Fermo', 'Casa Giulietta']",Tomba Giulietta,strategy_nearest,False,0.002640962600708008,success
0423B0429C4C81,2,"['Museo Lapidario', 'Casa Giulietta']",Palazzo della Ragione,"['AMO', 'Museo Conte', 'Torre Lamberti', 'Centro Fotografia', 'Sighseeing']",Torre Lamberti,strategy_nearest,True,0.0025768280029296875,success
0423B8429C4C80,3,['Arena'],Torre Lamberti,"['Sighseeing', 'Centro Fotografia', 'Museo Conte', 'Casa Giulietta', 'Palazzo della Ragione']",Santa Anastasia,strategy_nearest,False,0.0035419464111328125,success
0423BC3A9C4C81,3,"['Arena', 'San Fermo']",Torre Lamberti,"['Sighseeing', 'Centro Fotografia', 'Museo Conte', 'Casa Giulietta', 'Palazzo della Ragione']",Duomo,strategy_nearest,False,0.0019788742065429688,success
0423BB429C4C80,0,['Arena'],Casa Giulietta,"['Centro Fotografia', 'Sighseeing', 'Torre Lamberti', 'Museo Conte', 'Museo Radio']",Duomo,strategy_nearest,False,0.002649068832397461,success
0423C03A9C4C81,1,['Arena'],Casa Giulietta,"['Centro Fotografia', 'Sighseeing', 'Torre Lamberti', 'Museo Conte', 'Museo Radio']",Palazzo della Ragione,strategy_nearest,False,0.0032961368560791016,success
0423C0429C4C81,0,['Castelvecchio'],Casa Giulietta,"['Centro Fotografia', 'Sighseeing', 'Torre Lamberti', 'Museo Conte', 'Museo Radio']",Teatro Romano,strategy_nearest,False,0.0031969547271728516,success
0423C63A9C4C81,2,['Casa Giulietta'],Tomba Giulietta,"['San Fermo', 'Museo Storia', 'Arena', 'Museo Lapidario', 'Museo Radio']",Torre Lamberti,strategy_nearest,False,0.00237274169921875,success
0423C4429C4C81,1,"['Castelvecchio', 'Arena', 'Museo Lapidario', 'Casa Giulietta']",Torre Lamberti,"['Sighseeing', 'Centro Fotografia', 'Museo Conte', 'Palazzo della Ragione', 'AMO']",Palazzo della Ragione,strategy_nearest,True,0.003348112106323242,success
0423C6429C4C81,0,"['Castelvecchio', 'Arena']",Casa Giulietta,"['Centro Fotografia', 'Sighseeing', 'Torre Lamberti', 'Museo Conte', 'Museo Radio']",Duomo,strategy_nearest,False,0.002382040023803711,success
0423CA429C4C80,1,"['Duomo', 'Teatro Romano']",Torre Lamberti,"['Sighseeing', 'Centro Fotografia', 'Museo Conte', 'Casa Giulietta', 'Palazzo della Ragione']",Palazzo della Ragione,strategy_nearest,True,0.0025649070739746094,success
0423D3429C4C80,0,['Arena'],Museo Lapidario,"['Verona Tour', 'Castelvecchio', 'Museo Radio', 'San Fermo', 'Casa Giulietta']",Tomba Giulietta,strategy_nearest,False,0.0028128623962402344,success
0423DA3A9C4C80,3,"['Tomba Giulietta', 'San Fermo', 'Casa Giulietta', 'Torre Lamberti', 'Arena']",Santa Anastasia,"['AMO', 'Museo Conte', 'Palazzo della Ragione', 'Teatro Romano', 'Centro Fotografia']",Duomo,strategy_nearest,False,0.0031092166900634766,success
0423DD3A9C4C80,2,['Casa Giulietta'],Torre Lamberti,"['Sighseeing', 'Centro Fotografia', 'Museo Conte', 'Palazzo della Ragione', 'AMO']",Castelvecchio,strategy_nearest,False,0.00321197509765625,success
0423E13A9C4C80,3,['Arena'],Casa Giulietta,"['Centro Fotografia', 'Sighseeing', 'Torre Lamberti', 'Museo Conte', 'Museo Radio']",Santa Anastasia,strategy_nearest,False,0.003595113754272461,success
0423DF3A9C4C80,3,"['Arena', 'Casa Giulietta', 'Castelvecchio']",Santa Anastasia,"['AMO', 'Museo Conte', 'Palazzo della Ragione', 'Teatro Romano', 'Centro Fotografia']",Teatro Romano,strategy_nearest,True,0.0033621788024902344,success
0423E63A9C4C81,3,"['Arena', 'Tomba Giulietta', 'Castelvecchio']",Duomo,"['AMO', 'Museo Miniscalchi', 'Santa Anastasia', 'Teatro Romano', 'Palazzo della Ragione']",Santa Anastasia,strategy_nearest,True,0.004168987274169922,success
0424523A9C4C81,0,['Teatro Romano'],Arena,"['Verona Tour', 'Museo Lapidario', 'Museo Radio', 'San Fermo', 'Casa Giulietta']",Casa Giulietta,strategy_nearest,True,0.0012242794036865234,success
0424573A9C4C81,1,"['Arena', 'Casa Giulietta', 'San Zeno']",Castelvecchio,"['Museo Lapidario', 'Verona Tour', 'Museo Radio', 'Sighseeing', 'Museo Miniscalchi']",San Fermo,strategy_nearest,False,0.0027883052825927734,success
042455BA7B3F80,1,"['Arena', 'Casa Giulietta', 'Palazzo della Ragione']",Torre Lamberti,"['Sighseeing', 'Centro Fotografia', 'Museo Conte', 'AMO', 'Museo Miniscalchi']",Castelvecchio,strategy_nearest,False,0.0022280216217041016,success
04245BBA7B3F80,1,"['Arena', 'Casa Giulietta', 'Palazzo della Ragione']",Torre Lamberti,"['Sighseeing', 'Centro Fotografia', 'Museo Conte', 'AMO', 'Museo Miniscalchi']",Castelvecchio,strategy_nearest,False,0.003416776657104492,success
04245C3A9C4C80,3,"['Arena', 'San Zeno', 'Castelvecchio']",Santa Anastasia,"['AMO', 'Museo Conte', 'Palazzo della Ragione', 'Teatro Romano', 'Centro Fotografia']",Torre Lamberti,strategy_nearest,False,0.0019412040710449219,success
04245E429C4C80,0,['Arena'],Castelvecchio,"['Museo Lapidario', 'Verona Tour', 'Museo Radio', 'San Zeno', 'Sighseeing']",Duomo,strategy_nearest,False,0.003361940383911133,success
042461BA7B3F80,3,"['Casa Giulietta', 'San Fermo', 'Torre Lamberti', 'Santa Anastasia']",Duomo,"['AMO', 'Museo Miniscalchi', 'Teatro Romano', 'Palazzo della Ragione', 'Museo Conte']",Teatro Romano,strategy_nearest,True,0.0020761489868164062,success
042467429C4C80,1,"['Arena', 'Museo Lapidario', 'Casa Giulietta', 'Santa Anastasia']",Teatro Romano,"['Duomo', 'AMO', 'Palazzo della Ragione', 'Museo Conte', 'Centro Fotografia']",Duomo,strategy_nearest,True,0.0030350685119628906,success
042468BA7B3F80,3,"['Casa Giulietta', 'San Fermo', 'Torre Lamberti', 'Santa Anastasia']",Duomo,"['AMO', 'Museo Miniscalchi', 'Teatro Romano', 'Palazzo della Ragione', 'Museo Conte']",Teatro Romano,strategy_nearest,True,0.0008928775787353516,success
0424743A9C4C81,1,"['Casa Giulietta', 'Tomba Giulietta']",Arena,"['Verona Tour', 'Museo Lapidario', 'Museo Radio', 'San Fermo', 'Sighseeing']",Palazzo della Ragione,strategy_nearest,False,0.0023539066314697266,success
04246A429C4C81,3,['Museo Lapidario'],Arena,"['Verona Tour', 'Museo Radio', 'San Fermo', 'Casa Giulietta', 'Sighseeing']",Santa Anastasia,strategy_nearest,False,0.0013959407806396484,success
04246B429C4C80,0,['Arena'],Castelvecchio,"['Museo Lapidario', 'Verona Tour', 'Museo Radio', 'San Zeno', 'Sighseeing']",Casa Giulietta,strategy_nearest,False,0.0019702911376953125,success
042476429C4C80,3,"['Arena', 'Casa Giulietta']",Santa Anastasia,"['AMO', 'Museo Conte', 'Palazzo della Ragione', 'Teatro Romano', 'Centro Fotografia']",Duomo,strategy_nearest,False,0.0012080669403076172,success
042475429C4C80,3,['Arena'],Santa Anastasia,"['AMO', 'Museo Conte', 'Palazzo della Ragione', 'Teatro Romano', 'Centro Fotografia']",Duomo,strategy_nearest,False,0.0021038055419921875,success
0424783A9C4C81,3,['Torre Lamberti'],Teatro Romano,"['Santa Anastasia', 'Duomo', 'AMO', 'Palazzo della Ragione', 'Museo Conte']",Duomo,strategy_nearest,True,0.003016233444213867,success
042476429C4C81,2,"['Castelvecchio', 'Duomo']",Santa Anastasia,"['AMO', 'Museo Conte', 'Palazzo della Ragione', 'Teatro Romano', 'Centro Fotografia']",Palazzo della Ragione,strategy_nearest,True,0.0025382041931152344,success
04247A429C4C81,2,['Casa Giulietta'],Teatro Romano,"['Santa Anastasia', 'Duomo', 'AMO', 'Palazzo della Ragione', 'Museo Conte']",Castelvecchio,strategy_nearest,False,0.0022382736206054688,success
0424793A9C4C80,0,['Santa Anastasia'],Casa Giulietta,"['Centro Fotografia', 'Sighseeing', 'Torre Lamberti', 'Museo Conte', 'Museo Radio']",Arena,strategy_nearest,False,0.0016758441925048828,success
04247E429C4C81,1,"['Casa Giulietta', 'Torre Lamberti', 'Palazzo della Ragione']",Santa Anastasia,"['AMO', 'Museo Conte', 'Teatro Romano', 'Centro Fotografia', 'Duomo']",Duomo,strategy_nearest,True,0.001979827880859375,success
04247F3A9C4C81,0,['Arena'],Casa Giulietta,"['Centro Fotografia', 'Sighseeing', 'Torre Lamberti', 'Museo Conte', 'Museo Radio']",Palazzo della Ragione,strategy_nearest,False,0.0024650096893310547,success
0424803A9C4C81,3,"['Arena', 'Torre Lamberti']",Santa Anastasia,"['AMO', 'Museo Conte', 'Palazzo della Ragione', 'Teatro Romano', 'Centro Fotografia']",Duomo,strategy_nearest,False,0.0027968883514404297,success
04247C429C4C80,0,['Duomo'],Arena,"['Verona Tour', 'Museo Lapidario', 'Museo Radio', 'San Fermo', 'Casa Giulietta']",Casa Giulietta,strategy_nearest,True,0.0013031959533691406,success
0424833A9C4C80,1,"['Casa Giulietta', 'Torre Lamberti', 'Palazzo della Ragione']",Arena,"['Verona Tour', 'Museo Lapidario', 'Museo Radio', 'San Fermo', 'Sighseeing']",Castelvecchio,strategy_nearest,False,0.0012600421905517578,success
0424833A9C4C81,3,"['Arena', 'Castelvecchio']",Santa Anastasia,"['AMO', 'Museo Conte', 'Palazzo della Ragione', 'Teatro Romano', 'Centro Fotografia']",Casa Giulietta,strategy_nearest,False,0.001958131790161133,success
0424854A9C4C81,1,"['Arena', 'Tomba Giulietta', 'San Fermo', 'Casa Giulietta']",Torre Lamberti,"['Sighseeing', 'Centro Fotografia', 'Museo Conte', 'Palazzo della Ragione', 'AMO']",Palazzo della Ragione,strategy_nearest,True,0.0030460357666015625,success
0424854A9C4C80,3,"['Arena', 'Casa Giulietta', 'Torre Lamberti']",Santa Anastasia,"['AMO', 'Museo Conte', 'Palazzo della Ragione', 'Teatro Romano', 'Centro Fotografia']",Teatro Romano,strategy_nearest,True,0.0024950504302978516,success
04248B429C4C81,3,"['Arena', 'Casa Giulietta']",Santa Anastasia,"['AMO', 'Museo Conte', 'Palazzo della Ragione', 'Teatro Romano', 'Centro Fotografia']",Teatro Romano,strategy_nearest,True,0.0027952194213867188,success
0424884A9C4C81,1,"['Arena', 'Castelvecchio', 'Museo Lapidario']",Tomba Giulietta,"['San Fermo', 'Museo Storia', 'Museo Radio', 'Verona Tour', 'Casa Giulietta']",Casa Giulietta,strategy_nearest,True,0.0028400421142578125,success
04248E429C4C81,3,"['Arena', 'Castelvecchio']",San Zeno,"['Verona Tour', 'Museo Lapidario', 'Museo Miniscalchi', 'Sighseeing', 'Museo Radio']",Santa Anastasia,strategy_nearest,False,0.002566099166870117,success
04248F429C4C81,0,['Castelvecchio'],Arena,"['Verona Tour', 'Museo Lapidario', 'Museo Radio', 'San Fermo', 'Casa Giulietta']",Santa Anastasia,strategy_nearest,False,0.0032701492309570312,success
042493429C4C80,3,"['Casa Giulietta', 'Teatro Romano']",Duomo,"['AMO', 'Museo Miniscalchi', 'Santa Anastasia', 'Palazzo della Ragione', 'Museo Conte']",Santa Anastasia,strategy_nearest,True,0.0023801326751708984,success
0424A83A9C4C81,2,"['Torre Lamberti', 'Santa Anastasia', 'Teatro Romano']",Duomo,"['AMO', 'Museo Miniscalchi', 'Palazzo della Ragione', 'Museo Conte', 'Centro Fotografia']",San Zeno,strategy_nearest,False,0.0023872852325439453,success
04249C429C4C81,0,"['Arena', 'Castelvecchio']",Torre Lamberti,"['Sighseeing', 'Centro Fotografia', 'Museo Conte', 'Casa Giulietta', 'Palazzo della Ragione']",Casa Giulietta,strategy_nearest,True,0.0025238990783691406,success
0424A64A9C4C81,0,['Arena'],Torre Lamberti,"['Sighseeing', 'Centro Fotografia', 'Museo Conte', 'Casa Giulietta', 'Palazzo della Ragione']",Casa Giulietta,strategy_nearest,True,0.002480030059814453,success
0424AA429C4C80,3,['Arena'],Castelvecchio,"['Museo Lapidario', 'Verona Tour', 'Museo Radio', 'San Zeno', 'Sighseeing']",Teatro Romano,strategy_nearest,False,0.0019881725311279297,success
0424AC3A9C4C81,0,['Arena'],Casa Giulietta,"['Centro Fotografia', 'Sighseeing', 'Torre Lamberti', 'Museo Conte', 'Museo Radio']",Castelvecchio,strategy_nearest,False,0.00263214111328125,success
0424AB429C4C81,0,['Arena'],Tomba Giulietta,"['San Fermo', 'Museo Storia', 'Museo Lapidario', 'Museo Radio', 'Verona Tour']",Teatro Romano,strategy_nearest,False,0.002214193344116211,success
0424AD429C4C80,3,"['Arena', 'Casa Giulietta']",Santa Anastasia,"['AMO', 'Museo Conte', 'Palazzo della Ragione', 'Teatro Romano', 'Centro Fotografia']",Torre Lamberti,strategy_nearest,False,0.003108978271484375,success
0424AE3A9C4C81,3,"['Arena', 'Torre Lamberti']",Casa Giulietta,"['Centro Fotografia', 'Sighseeing', 'Museo Conte', 'Museo Radio', 'Palazzo della Ragione']",Duomo,strategy_nearest,False,0.001947164535522461,success
0424AE3A9C4C80,2,['Casa Giulietta'],Teatro Romano,"['Santa Anastasia', 'Duomo', 'AMO', 'Palazzo della Ragione', 'Museo Conte']",Duomo,strategy_nearest,True,0.0027811527252197266,success
0424B3429C4C81,3,['Arena'],Santa Anastasia,"['AMO', 'Museo Conte', 'Palazzo della Ragione', 'Teatro Romano', 'Centro Fotografia']",Teatro Romano,strategy_nearest,True,0.0030641555786132812,success
0424AF3A9C4C81,3,"['Arena', 'Casa Giulietta', 'Santa Anastasia']",Duomo,"['AMO', 'Museo Miniscalchi', 'Teatro Romano', 'Palazzo della Ragione', 'Museo Conte']",Teatro Romano,strategy_nearest,True,0.0026040077209472656,success
0424B43A9C4C81,3,"['Santa Anastasia', 'Duomo']",Casa Giulietta,"['Centro Fotografia', 'Sighseeing', 'Torre Lamberti', 'Museo Conte', 'Museo Radio']",Arena,strategy_nearest,False,0.0024378299713134766,success
0424B5429C4C80,0,"['Tomba Giulietta', 'Museo Lapidario']",Arena,"['Verona Tour', 'Museo Radio', 'San Fermo', 'Casa Giulietta', 'Sighseeing']",Casa Giulietta,strategy_nearest,True,0.0034189224243164062,success
0424B6429C4C81,1,"['Arena', 'Torre Lamberti']",Palazzo della Ragione,"['AMO', 'Museo Conte', 'Centro Fotografia', 'Sighseeing', 'Santa Anastasia']",Santa Anastasia,strategy_nearest,True,0.003799915313720703,success
0424B7429C4C81,2,['Torre Lamberti'],Casa Giulietta,"['Centro Fotografia', 'Sighseeing', 'Museo Conte', 'Museo Radio', 'Palazzo della Ragione']",Castelvecchio,strategy_nearest,False,0.004424095153808594,success
0424BA3A9C4C80,0,['Arena'],Casa Giulietta,"['Centro Fotografia', 'Sighseeing', 'Torre Lamberti', 'Museo Conte', 'Museo Radio']",Torre Lamberti,strategy_nearest,True,0.0023970603942871094,success
0424BB429C4C81,3,"['Arena', 'Casa Giulietta']",Torre Lamberti,"['Sighseeing', 'Centro Fotografia', 'Museo Conte', 'Palazzo della Ragione', 'AMO']",Santa Anastasia,strategy_nearest,False,0.0015878677368164062,success
0424C13A9C4C80,1,"['Arena', 'Museo Lapidario', 'Castelvecchio']",Casa Giulietta,"['Centro Fotografia', 'Sighseeing', 'Torre Lamberti', 'Museo Conte', 'Museo Radio']",Torre Lamberti,strategy_nearest,True,0.0022869110107421875,success
0424BD429C4C81,3,"['Arena', 'Casa Giulietta']",Santa Anastasia,"['AMO', 'Museo Conte', 'Palazzo della Ragione', 'Teatro Romano', 'Centro Fotografia']",Torre Lamberti,strategy_nearest,False,0.003887176513671875,success
0424C1429C4C80,1,"['Arena', 'Casa Giulietta', 'Teatro Romano']",Castelvecchio,"['Museo Lapidario', 'Verona Tour', 'Museo Radio', 'San Zeno', 'Sighseeing']",Tomba Giulietta,strategy_nearest,False,0.002948760986328125,success
0424C43A9C4C81,1,"['Casa Giulietta', 'Torre Lamberti']",Palazzo della Ragione,"['AMO', 'Museo Conte', 'Centro Fotografia', 'Sighseeing', 'Santa Anastasia']",Duomo,strategy_nearest,False,0.0031757354736328125,success
0424C6429C4C80,1,"['Arena', 'Castelvecchio', 'Tomba Giulietta', 'San Fermo']",Santa Anastasia,"['AMO', 'Museo Conte', 'Palazzo della Ragione', 'Teatro Romano', 'Centro Fotografia']",Teatro Romano,strategy_nearest,True,0.002807140350341797,success
0424C3429C4C80,1,"['Casa Giulietta', 'Palazzo della Ragione']",Torre Lamberti,"['Sighseeing', 'Centro Fotografia', 'Museo Conte', 'AMO', 'Museo Miniscalchi']",Arena,strategy_nearest,False,0.002635955810546875,success
0424C7429C4C80,3,['Arena'],Casa Giulietta,"['Centro Fotografia', 'Sighseeing', 'Torre Lamberti', 'Museo Conte', 'Museo Radio']",Santa Anastasia,strategy_nearest,False,0.003286123275756836,success
0424C7429C4C81,1,['Arena'],Torre Lamberti,"['Sighseeing', 'Centro Fotografia', 'Museo Conte', 'Casa Giulietta', 'Palazzo della Ragione']",Palazzo della Ragione,strategy_nearest,True,0.0024352073669433594,success
0424C83A9C4C81,3,"['Arena', 'Castelvecchio']",Santa Anastasia,"['AMO', 'Museo Conte', 'Palazzo della Ragione', 'Teatro Romano', 'Centro Fotografia']",Duomo,strategy_nearest,False,0.0024061203002929688,success
0424D4429C4C81,0,['Arena'],Castelvecchio,"['Museo Lapidario', 'Verona Tour', 'Museo Radio', 'San Zeno', 'Sighseeing']",Casa Giulietta,strategy_nearest,False,0.0023620128631591797,success
0424CE3A9C4C81,0,"['Torre Lamberti', 'Casa Giulietta']",Teatro Romano,"['Santa Anastasia', 'Duomo', 'AMO', 'Palazzo della Ragione', 'Museo Conte']",Giardino Giusti,strategy_nearest,False,0.0034551620483398438,success
0424CB429C4C80,3,"['Arena', 'Casa Giulietta', 'Torre Lamberti']",Santa Anastasia,"['AMO', 'Museo Conte', 'Palazzo della Ragione', 'Teatro Romano', 'Centro Fotografia']",Teatro Romano,strategy_nearest,True,0.002249002456665039,success
0424D83A9C4C80,1,"['San Zeno', 'Arena']",Palazzo della Ragione,"['AMO', 'Museo Conte', 'Torre Lamberti', 'Centro Fotografia', 'Sighseeing']",Torre Lamberti,strategy_nearest,True,0.002962350845336914,success
0425533A9C4C81,1,"['Castelvecchio', 'Arena']",Torre Lamberti,"['Sighseeing', 'Centro Fotografia', 'Museo Conte', 'Casa Giulietta', 'Palazzo della Ragione']",Palazzo della Ragione,strategy_nearest,True,0.0025959014892578125,success
0424E93A9C4C80,3,['Arena'],Torre Lamberti,"['Sighseeing', 'Centro Fotografia', 'Museo Conte', 'Casa Giulietta', 'Palazzo della Ragione']",Santa Anastasia,strategy_nearest,False,0.0035321712493896484,success
0424DF3A9C4C81,3,"['Arena', 'Casa Giulietta']",Santa Anastasia,"['AMO', 'Museo Conte', 'Palazzo della Ragione', 'Teatro Romano', 'Centro Fotografia']",Torre Lamberti,strategy_nearest,False,0.001986980438232422,success
042557429C4C80,0,['Arena'],Casa Giulietta,"['Centro Fotografia', 'Sighseeing', 'Torre Lamberti', 'Museo Conte', 'Museo Radio']",Castelvecchio,strategy_nearest,False,0.002961874008178711,success
04255B429C4C81,0,['Arena'],Casa Giulietta,"['Centro Fotografia', 'Sighseeing', 'Torre Lamberti', 'Museo Conte', 'Museo Radio']",Torre Lamberti,strategy_nearest,True,0.0024881362915039062,success
042564429C4C81,0,['Arena'],Casa Giulietta,"['Centro Fotografia', 'Sighseeing', 'Torre Lamberti', 'Museo Conte', 'Museo Radio']",Teatro Romano,strategy_nearest,False,0.0028281211853027344,success
042561429C4C80,1,"['Arena', 'Casa Giulietta', 'Torre Lamberti']",Palazzo della Ragione,"['AMO', 'Museo Conte', 'Centro Fotografia', 'Sighseeing', 'Santa Anastasia']",Santa Anastasia,strategy_nearest,True,0.0021190643310546875,success
04256A429C4C81,3,"['Arena', 'Museo Lapidario']",Casa Giulietta,"['Centro Fotografia', 'Sighseeing', 'Torre Lamberti', 'Museo Conte', 'Museo Radio']",Santa Anastasia,strategy_nearest,False,0.0032548904418945312,success
0425743A9C4C80,0,['Castelvecchio'],Arena,"['Verona Tour', 'Museo Lapidario', 'Museo Radio', 'San Fermo', 'Casa Giulietta']",Duomo,strategy_nearest,False,0.002264738082885742,success
04257D3A9C4C81,3,"['Arena', 'Tomba Giulietta', 'Castelvecchio']",Torre Lamberti,"['Sighseeing', 'Centro Fotografia', 'Museo Conte', 'Casa Giulietta', 'Palazzo della Ragione']",Duomo,strategy_nearest,False,0.0026252269744873047,success
04257D3A9C4C80,0,['Arena'],Casa Giulietta,"['Centro Fotografia', 'Sighseeing', 'Torre Lamberti', 'Museo Conte', 'Museo Radio']",Torre Lamberti,strategy_nearest,True,0.0032639503479003906,success
0425763A9C4C81,3,"['Casa Giulietta', 'Santa Anastasia']",Duomo,"['AMO', 'Museo Miniscalchi', 'Teatro Romano', 'Palazzo della Ragione', 'Museo Conte']",Arena,strategy_nearest,False,0.0035676956176757812,success
0425743A9C4C81,0,['Arena'],Casa Giulietta,"['Centro Fotografia', 'Sighseeing', 'Torre Lamberti', 'Museo Conte', 'Museo Radio']",Torre Lamberti,strategy_nearest,True,0.002958059310913086,success
04257F429C4C80,2,"['Casa Giulietta', 'Torre Lamberti']",Palazzo della Ragione,"['AMO', 'Museo Conte', 'Centro Fotografia', 'Sighseeing', 'Santa Anastasia']",Giardino Giusti,strategy_nearest,False,0.0015270709991455078,success
04257E4A9C4C81,0,['Arena'],Casa Giulietta,"['Centro Fotografia', 'Sighseeing', 'Torre Lamberti', 'Museo Conte', 'Museo Radio']",Duomo,strategy_nearest,False,0.0021359920501708984,success
042582429C4C81,3,['Duomo'],Santa Anastasia,"['AMO', 'Museo Conte', 'Palazzo della Ragione', 'Teatro Romano', 'Centro Fotografia']",Casa Giulietta,strategy_nearest,False,0.0032820701599121094,success
0425803A9C4C80,0,['Arena'],Casa Giulietta,"['Centro Fotografia', 'Sighseeing', 'Torre Lamberti', 'Museo Conte', 'Museo Radio']",San Fermo,strategy_nearest,False,0.002698183059692383,success
0425843A9C4C81,0,['Arena'],Castelvecchio,"['Museo Lapidario', 'Verona Tour', 'Museo Radio', 'San Zeno', 'Sighseeing']",Casa Giulietta,strategy_nearest,False,0.0025129318237304688,success
042585429C4C80,0,['Torre Lamberti'],Casa Giulietta,"['Centro Fotografia', 'Sighseeing', 'Museo Conte', 'Museo Radio', 'Palazzo della Ragione']",Arena,strategy_nearest,False,0.0032639503479003906,success
0425874A9C4C81,1,"['Arena', 'Casa Giulietta']",Torre Lamberti,"['Sighseeing', 'Centro Fotografia', 'Museo Conte', 'Palazzo della Ragione', 'AMO']",Palazzo della Ragione,strategy_nearest,True,0.0028269290924072266,success
04258B429C4C81,3,"['Arena', 'Casa Giulietta']",Torre Lamberti,"['Sighseeing', 'Centro Fotografia', 'Museo Conte', 'Palazzo della Ragione', 'AMO']",Santa Anastasia,strategy_nearest,False,0.003307819366455078,success
0425A24A9C4C81,1,"['Arena', 'Casa Giulietta', 'Torre Lamberti']",Palazzo della Ragione,"['AMO', 'Museo Conte', 'Centro Fotografia', 'Sighseeing', 'Santa Anastasia']",Santa Anastasia,strategy_nearest,True,0.003016948699951172,success
04258F429C4C81,3,"['Arena', 'Museo Lapidario']",Casa Giulietta,"['Centro Fotografia', 'Sighseeing', 'Torre Lamberti', 'Museo Conte', 'Museo Radio']",Torre Lamberti,strategy_nearest,True,0.0031020641326904297,success
0425894A9C4C80,1,"['Tomba Giulietta', 'Arena']",Casa Giulietta,"['Centro Fotografia', 'Sighseeing', 'Torre Lamberti', 'Museo Conte', 'Museo Radio']",Torre Lamberti,strategy_nearest,True,0.003453969955444336,success
0425A73A9C4C80,0,['Arena'],Casa Giulietta,"['Centro Fotografia', 'Sighseeing', 'Torre Lamberti', 'Museo Conte', 'Museo Radio']",Giardino Giusti,strategy_nearest,False,0.0015690326690673828,success
0425AA3A9C4C81,1,['Arena'],Palazzo della Ragione,"['AMO', 'Museo Conte', 'Torre Lamberti', 'Centro Fotografia', 'Sighseeing']",Casa Giulietta,strategy_nearest,False,0.0021419525146484375,success
0425AC3A9C4C81,1,"['Arena', 'San Fermo', 'Casa Giulietta']",Palazzo della Ragione,"['AMO', 'Museo Conte', 'Torre Lamberti', 'Centro Fotografia', 'Sighseeing']",Torre Lamberti,strategy_nearest,True,0.003257274627685547,success
0425A63A9C4C81,3,"['Teatro Romano', 'Duomo']",Santa Anastasia,"['AMO', 'Museo Conte', 'Palazzo della Ragione', 'Centro Fotografia', 'Torre Lamberti']",Torre Lamberti,strategy_nearest,True,0.002794027328491211,success
0425B23A9C4C81,3,['Arena'],Casa Giulietta,"['Centro Fotografia', 'Sighseeing', 'Torre Lamberti', 'Museo Conte', 'Museo Radio']",Teatro Romano,strategy_nearest,False,0.002710103988647461,success
0425B2429C4C81,1,"['Arena', 'Casa Giulietta']",Palazzo della Ragione,"['AMO', 'Museo Conte', 'Torre Lamberti', 'Centro Fotografia', 'Sighseeing']",Santa Anastasia,strategy_nearest,False,0.0020360946655273438,success
0425B13A9C4C81,1,"['Arena', 'Torre Lamberti', 'Palazzo della Ragione']",Casa Giulietta,"['Centro Fotografia', 'Sighseeing', 'Museo Conte', 'Museo Radio', 'San Fermo']",Giardino Giusti,strategy_nearest,False,0.001935720443725586,success
0425B43A9C4C80,1,"['Arena', 'Torre Lamberti']",Palazzo della Ragione,"['AMO', 'Museo Conte', 'Centro Fotografia', 'Sighseeing', 'Santa Anastasia']",Santa Anastasia,strategy_nearest,True,0.0030438899993896484,success
0425B73A9C4C80,0,['Castelvecchio'],Santa Anastasia,"['AMO', 'Museo Conte', 'Palazzo della Ragione', 'Teatro Romano', 'Centro Fotografia']",Arena,strategy_nearest,False,0.0020110607147216797,success
0425B7429C4C80,3,"['Castelvecchio', 'Torre Lamberti', 'Casa Giulietta']",San Fermo,"['Museo Storia', 'Museo Radio', 'Centro Fotografia', 'Arena', 'Sighseeing']",Santa Anastasia,strategy_nearest,False,0.0032491683959960938,success
0425B63A9C4C80,0,"['Arena', 'Torre Lamberti']",Teatro Romano,"['Santa Anastasia', 'Duomo', 'AMO', 'Palazzo della Ragione', 'Museo Conte']",Tomba Giulietta,strategy_nearest,False,0.001931905746459961,success
0425B6429C4C81,1,"['Castelvecchio', 'Arena', 'Museo Lapidario']",Torre Lamberti,"['Sighseeing', 'Centro Fotografia', 'Museo Conte', 'Casa Giulietta', 'Palazzo della Ragione']",Palazzo della Ragione,strategy_nearest,True,0.002733945846557617,success
0425B972743381,5,['Museo Miniscalchi'],Casa Giulietta,"['Centro Fotografia', 'Sighseeing', 'Torre Lamberti', 'Museo Conte', 'Museo Radio']",Casa Giulietta,strategy_nearest,False,0.0020411014556884766,success
0425B9429C4C80,1,"['Arena', 'Casa Giulietta']",Torre Lamberti,"['Sighseeing', 'Centro Fotografia', 'Museo Conte', 'Palazzo della Ragione', 'AMO']",Palazzo della Ragione,strategy_nearest,True,0.0027430057525634766,success
0425C13A9C4C81,3,"['Torre Lamberti', 'Casa Giulietta']",Santa Anastasia,"['AMO', 'Museo Conte', 'Palazzo della Ragione', 'Teatro Romano', 'Centro Fotografia']",Castelvecchio,strategy_nearest,False,0.0032858848571777344,success
0425BC3A9C4C81,1,"['Arena', 'Palazzo della Ragione', 'Torre Lamberti']",Santa Anastasia,"['AMO', 'Museo Conte', 'Teatro Romano', 'Centro Fotografia', 'Duomo']",Duomo,strategy_nearest,True,0.002710103988647461,success
0425C1429C4C81,1,"['San Zeno', 'San Zeno', 'Santa Anastasia']",Duomo,"['AMO', 'Museo Miniscalchi', 'Teatro Romano', 'Palazzo della Ragione', 'Museo Conte']",Palazzo della Ragione,strategy_nearest,True,0.0022890567779541016,success
0425CB3A9C4C80,1,"['Arena', 'Torre Lamberti']",Palazzo della Ragione,"['AMO', 'Museo Conte', 'Centro Fotografia', 'Sighseeing', 'Santa Anastasia']",Santa Anastasia,strategy_nearest,True,0.00273895263671875,success
0425C6429C4C80,0,['Casa Giulietta'],Tomba Giulietta,"['San Fermo', 'Museo Storia', 'Arena', 'Museo Lapidario', 'Museo Radio']",Arena,strategy_nearest,True,0.0036211013793945312,success
0425CD3A9C4C80,0,['Castelvecchio'],Arena,"['Verona Tour', 'Museo Lapidario', 'Museo Radio', 'San Fermo', 'Casa Giulietta']",Tomba Giulietta,strategy_nearest,False,0.0020220279693603516,success
0425CE3A9C4C80,0,['Arena'],Castelvecchio,"['Museo Lapidario', 'Verona Tour', 'Museo Radio', 'San Zeno', 'Sighseeing']",Casa Giulietta,strategy_nearest,False,0.002925872802734375,success
0425CF3A9C4C80,0,['Arena'],Casa Giulietta,"['Centro Fotografia', 'Sighseeing', 'Torre Lamberti', 'Museo Conte', 'Museo Radio']",Torre Lamberti,strategy_nearest,True,0.002626180648803711,success
0425D53A9C4C80,3,"['Duomo', 'Santa Anastasia', 'San Fermo']",Museo Lapidario,"['Verona Tour', 'Arena', 'Castelvecchio', 'Museo Radio', 'Casa Giulietta']",San Zeno,strategy_nearest,False,0.003003835678100586,success
0425D9429C4C81,0,"['Arena', 'Casa Giulietta']",San Zeno,"['Castelvecchio', 'Verona Tour', 'Museo Lapidario', 'Museo Miniscalchi', 'Sighseeing']",Duomo,strategy_nearest,False,0.0035152435302734375,success
0425EE3A9C4C80,1,"['Arena', 'Casa Giulietta']",Torre Lamberti,"['Sighseeing', 'Centro Fotografia', 'Museo Conte', 'Palazzo della Ragione', 'AMO']",Palazzo della Ragione,strategy_nearest,True,0.002285003662109375,success
0425E03A9C4C81,0,"['Castelvecchio', 'Arena']",Casa Giulietta,"['Centro Fotografia', 'Sighseeing', 'Torre Lamberti', 'Museo Conte', 'Museo Radio']",Teatro Romano,strategy_nearest,False,0.0031800270080566406,success
0425F23A9C4C80,1,"['Casa Giulietta', 'Duomo', 'Teatro Romano']",Palazzo della Ragione,"['AMO', 'Museo Conte', 'Torre Lamberti', 'Centro Fotografia', 'Sighseeing']",Torre Lamberti,strategy_nearest,True,0.0023610591888427734,success
04265E429C4C81,0,['Arena'],Casa Giulietta,"['Centro Fotografia', 'Sighseeing', 'Torre Lamberti', 'Museo Conte', 'Museo Radio']",Torre Lamberti,strategy_nearest,True,0.0032248497009277344,success
04265B429C4C81,0,"['Arena', 'Casa Giulietta']",Teatro Romano,"['Santa Anastasia', 'Duomo', 'AMO', 'Palazzo della Ragione', 'Museo Conte']",Torre Lamberti,strategy_nearest,False,0.0021860599517822266,success
042655429C4C81,2,"['Casa Giulietta', 'Torre Lamberti']",Torre Lamberti,"['Sighseeing', 'Centro Fotografia', 'Museo Conte', 'Palazzo della Ragione', 'AMO']",Palazzo della Ragione,strategy_nearest,True,0.003462076187133789,success
042664429C4C81,3,['Arena'],San Fermo,"['Museo Storia', 'Museo Radio', 'Casa Giulietta', 'Centro Fotografia', 'Sighseeing']",Santa Anastasia,strategy_nearest,False,0.003423929214477539,success
0426663A9C4C80,3,"['Arena', 'Casa Giulietta', 'Torre Lamberti']",Castelvecchio,"['Museo Lapidario', 'Verona Tour', 'Museo Radio', 'San Zeno', 'Sighseeing']",Santa Anastasia,strategy_nearest,False,0.003035306930541992,success
04266A429C4C80,1,['Arena'],Torre Lamberti,"['Sighseeing', 'Centro Fotografia', 'Museo Conte', 'Casa Giulietta', 'Palazzo della Ragione']",Palazzo della Ragione,strategy_nearest,True,0.001950979232788086,success
042672429C4C81,0,['Arena'],Torre Lamberti,"['Sighseeing', 'Centro Fotografia', 'Museo Conte', 'Casa Giulietta', 'Palazzo della Ragione']",Giardino Giusti,strategy_nearest,False,0.0032341480255126953,success
042675429C4C80,0,['Santa Anastasia'],Casa Giulietta,"['Centro Fotografia', 'Sighseeing', 'Torre Lamberti', 'Museo Conte', 'Museo Radio']",Arena,strategy_nearest,False,0.0019979476928710938,success
042677429C4C80,0,['Arena'],Casa Giulietta,"['Centro Fotografia', 'Sighseeing', 'Torre Lamberti', 'Museo Conte', 'Museo Radio']",Santa Anastasia,strategy_nearest,False,0.0027709007263183594,success
042675429C4C81,1,['Arena'],Castelvecchio,"['Museo Lapidario', 'Verona Tour', 'Museo Radio', 'San Zeno', 'Sighseeing']",Torre Lamberti,strategy_nearest,False,0.0024259090423583984,success
04267A4A9C4C80,0,['Arena'],Casa Giulietta,"['Centro Fotografia', 'Sighseeing', 'Torre Lamberti', 'Museo Conte', 'Museo Radio']",Duomo,strategy_nearest,False,0.002788066864013672,success
04267F4A9C4C81,0,['Teatro Romano'],Casa Giulietta,"['Centro Fotografia', 'Sighseeing', 'Torre Lamberti', 'Museo Conte', 'Museo Radio']",Arena,strategy_nearest,False,0.003367185592651367,success
04267E3A9C4C81,3,['Torre Lamberti'],Casa Giulietta,"['Centro Fotografia', 'Sighseeing', 'Museo Conte', 'Museo Radio', 'Palazzo della Ragione']",Santa Anastasia,strategy_nearest,False,0.002252817153930664,success
04267B3A9C4C81,0,['Arena'],Casa Giulietta,"['Centro Fotografia', 'Sighseeing', 'Torre Lamberti', 'Museo Conte', 'Museo Radio']",Torre Lamberti,strategy_nearest,True,0.0032181739807128906,success
042680429C4C81,0,['Arena'],Casa Giulietta,"['Centro Fotografia', 'Sighseeing', 'Torre Lamberti', 'Museo Conte', 'Museo Radio']",Torre Lamberti,strategy_nearest,True,0.0030088424682617188,success
0426813A9C4C80,1,"['Arena', 'Castelvecchio']",Casa Giulietta,"['Centro Fotografia', 'Sighseeing', 'Torre Lamberti', 'Museo Conte', 'Museo Radio']",Palazzo della Ragione,strategy_nearest,False,0.0015611648559570312,success
0426823A9C4C81,3,"['Santa Anastasia', 'Torre Lamberti', 'Arena']",Castelvecchio,"['Museo Lapidario', 'Verona Tour', 'Museo Radio', 'San Zeno', 'Sighseeing']",San Zeno,strategy_nearest,True,0.0022859573364257812,success
042682429C4C80,3,['Arena'],Casa Giulietta,"['Centro Fotografia', 'Sighseeing', 'Torre Lamberti', 'Museo Conte', 'Museo Radio']",Santa Anastasia,strategy_nearest,False,0.0035469532012939453,success
042684429C4C80,1,['Arena'],Palazzo della Ragione,"['AMO', 'Museo Conte', 'Torre Lamberti', 'Centro Fotografia', 'Sighseeing']",Torre Lamberti,strategy_nearest,True,0.00201416015625,success
04268A4A9C4C81,1,"['Castelvecchio', 'Arena']",Casa Giulietta,"['Centro Fotografia', 'Sighseeing', 'Torre Lamberti', 'Museo Conte', 'Museo Radio']",Palazzo della Ragione,strategy_nearest,False,0.003761768341064453,success
04268B3A9C4C81,0,['Arena'],Torre Lamberti,"['Sighseeing', 'Centro Fotografia', 'Museo Conte', 'Casa Giulietta', 'Palazzo della Ragione']",Casa Giulietta,strategy_nearest,True,0.0029458999633789062,success
0426843A9C4C81,3,"['Arena', 'Torre Lamberti', 'Santa Anastasia']",Teatro Romano,"['Duomo', 'AMO', 'Palazzo della Ragione', 'Museo Conte', 'Centro Fotografia']",Duomo,strategy_nearest,True,0.004819154739379883,success
04268C429C4C81,3,"['Tomba Giulietta', 'Santa Anastasia']",Duomo,"['AMO', 'Museo Miniscalchi', 'Teatro Romano', 'Palazzo della Ragione', 'Museo Conte']",Torre Lamberti,strategy_nearest,False,0.003061056137084961,success
0426A44A9C4C80,0,['Arena'],Casa Giulietta,"['Centro Fotografia', 'Sighseeing', 'Torre Lamberti', 'Museo Conte', 'Museo Radio']",Torre Lamberti,strategy_nearest,True,0.0032660961151123047,success
04268F429C4C81,3,"['Arena', 'Castelvecchio']",San Zeno,"['Verona Tour', 'Museo Lapidario', 'Museo Miniscalchi', 'Sighseeing', 'Museo Radio']",Santa Anastasia,strategy_nearest,False,0.0025238990783691406,success
042691429C4C80,3,"['Santa Anastasia', 'Duomo']",Teatro Romano,"['AMO', 'Palazzo della Ragione', 'Museo Conte', 'Centro Fotografia', 'Museo Miniscalchi']",Arena,strategy_nearest,False,0.0030622482299804688,success
0426A04A9C4C80,3,"['Arena', 'Castelvecchio']",Santa Anastasia,"['AMO', 'Museo Conte', 'Palazzo della Ragione', 'Teatro Romano', 'Centro Fotografia']",Teatro Romano,strategy_nearest,True,0.0024170875549316406,success
0426AD3A9C4C81,2,['Torre Lamberti'],Casa Giulietta,"['Centro Fotografia', 'Sighseeing', 'Museo Conte', 'Museo Radio', 'Palazzo della Ragione']",Santa Anastasia,strategy_nearest,False,0.0017452239990234375,success
0426B13A9C4C81,0,"['Arena', 'Castelvecchio']",Torre Lamberti,"['Sighseeing', 'Centro Fotografia', 'Museo Conte', 'Casa Giulietta', 'Palazzo della Ragione']",Casa Giulietta,strategy_nearest,True,0.002296924591064453,success
0426A64A9C4C81,1,"['Castelvecchio', 'Arena']",Casa Giulietta,"['Centro Fotografia', 'Sighseeing', 'Torre Lamberti', 'Museo Conte', 'Museo Radio']",Torre Lamberti,strategy_nearest,True,0.0030112266540527344,success
0426B63A9C4C81,3,"['Torre Lamberti', 'Casa Giulietta', 'Arena']",Museo Lapidario,"['Verona Tour', 'Castelvecchio', 'Museo Radio', 'San Fermo', 'Tomba Giulietta']",Castelvecchio,strategy_nearest,True,0.0034439563751220703,success
0426C1429C4C80,1,"['Arena', 'Teatro Romano', 'Santa Anastasia', 'Torre Lamberti']",Torre Lamberti,"['Sighseeing', 'Centro Fotografia', 'Museo Conte', 'Casa Giulietta', 'Palazzo della Ragione']",Palazzo della Ragione,strategy_nearest,True,0.0024459362030029297,success
0426B7429C4C80,0,['Castelvecchio'],Torre Lamberti,"['Sighseeing', 'Centro Fotografia', 'Museo Conte', 'Casa Giulietta', 'Palazzo della Ragione']",Casa Giulietta,strategy_nearest,True,0.0019028186798095703,success
0426BE429C4C80,1,['Casa Giulietta'],Torre Lamberti,"['Sighseeing', 'Centro Fotografia', 'Museo Conte', 'Palazzo della Ragione', 'AMO']",Palazzo della Ragione,strategy_nearest,True,0.003269195556640625,success
0426C2429C4C81,3,"['Arena', 'Torre Lamberti']",Casa Giulietta,"['Centro Fotografia', 'Sighseeing', 'Museo Conte', 'Museo Radio', 'Palazzo della Ragione']",Santa Anastasia,strategy_nearest,False,0.0035419464111328125,success
0426C73A9C4C80,0,['Tomba Giulietta'],Castelvecchio,"['Museo Lapidario', 'Verona Tour', 'Arena', 'Museo Radio', 'San Zeno']",Arena,strategy_nearest,True,0.002638101577758789,success
0426CD3A9C4C81,1,"['Arena', 'Santa Anastasia', 'Torre Lamberti']",Palazzo della Ragione,"['AMO', 'Museo Conte', 'Centro Fotografia', 'Sighseeing', 'Museo Miniscalchi']",Casa Giulietta,strategy_nearest,False,0.001947164535522461,success
0426CE3A9C4C81,0,['Giardino Giusti'],Duomo,"['AMO', 'Museo Miniscalchi', 'Santa Anastasia', 'Teatro Romano', 'Palazzo della Ragione']",Arena,strategy_nearest,False,0.002783060073852539,success
0426D7429C4C80,1,"['Casa Giulietta', 'Torre Lamberti', 'Palazzo della Ragione', 'Santa Anastasia']",Tomba Giulietta,"['San Fermo', 'Museo Storia', 'Arena', 'Museo Lapidario', 'Museo Radio']",Arena,strategy_nearest,True,0.003751993179321289,success
0426DF429C4C80,1,"['Arena', 'San Fermo', 'Castelvecchio', 'San Zeno']",Palazzo della Ragione,"['AMO', 'Museo Conte', 'Torre Lamberti', 'Centro Fotografia', 'Sighseeing']",Torre Lamberti,strategy_nearest,True,0.0032227039337158203,success
0426E43A9C4C80,1,"['Arena', 'Santa Anastasia']",Casa Giulietta,"['Centro Fotografia', 'Sighseeing', 'Torre Lamberti', 'Museo Conte', 'Museo Radio']",Torre Lamberti,strategy_nearest,True,0.0037300586700439453,success
0426E73A9C4C80,1,"['Arena', 'Torre Lamberti', 'Palazzo della Ragione']",Casa Giulietta,"['Centro Fotografia', 'Sighseeing', 'Museo Conte', 'Museo Radio', 'San Fermo']",San Fermo,strategy_nearest,True,0.0024678707122802734,success
0426ED429C4C80,1,"['Arena', 'Castelvecchio', 'Santa Anastasia']",Duomo,"['AMO', 'Museo Miniscalchi', 'Teatro Romano', 'Palazzo della Ragione', 'Museo Conte']",Teatro Romano,strategy_nearest,True,0.0022399425506591797,success
0426F03A9C4C80,1,"['Casa Giulietta', 'Torre Lamberti', 'Palazzo della Ragione', 'Santa Anastasia']",Giardino Giusti,"['Teatro Romano', 'Museo Conte', 'Centro Fotografia', 'Museo Storia', 'AMO']",Teatro Romano,strategy_nearest,True,0.0028581619262695312,success
042753429C4C81,3,"['Arena', 'Casa Giulietta']",Santa Anastasia,"['AMO', 'Museo Conte', 'Palazzo della Ragione', 'Teatro Romano', 'Centro Fotografia']",Duomo,strategy_nearest,False,0.0035119056701660156,success
042757429C4C81,0,['Arena'],Casa Giulietta,"['Centro Fotografia', 'Sighseeing', 'Torre Lamberti', 'Museo Conte', 'Museo Radio']",Tomba Giulietta,strategy_nearest,False,0.002089977264404297,success
042765429C4C81,3,"['Castelvecchio', 'San Zeno']",Duomo,"['AMO', 'Museo Miniscalchi', 'Santa Anastasia', 'Teatro Romano', 'Palazzo della Ragione']",Teatro Romano,strategy_nearest,True,0.0018079280853271484,success
04276A429C4C80,1,"['Arena', 'Casa Giulietta']",Torre Lamberti,"['Sighseeing', 'Centro Fotografia', 'Museo Conte', 'Palazzo della Ragione', 'AMO']",Palazzo della Ragione,strategy_nearest,True,0.0027620792388916016,success
042776429C4C80,0,['Arena'],Casa Giulietta,"['Centro Fotografia', 'Sighseeing', 'Torre Lamberti', 'Museo Conte', 'Museo Radio']",Santa Anastasia,strategy_nearest,False,0.002610921859741211,success
0427753A9C4C81,0,['Castelvecchio'],Arena,"['Verona Tour', 'Museo Lapidario', 'Museo Radio', 'San Fermo', 'Casa Giulietta']",Casa Giulietta,strategy_nearest,True,0.002841949462890625,success
0427793A9C4C81,0,['Arena'],Torre Lamberti,"['Sighseeing', 'Centro Fotografia', 'Museo Conte', 'Casa Giulietta', 'Palazzo della Ragione']",Casa Giulietta,strategy_nearest,True,0.003246784210205078,success
04277E429C4C81,0,"['Arena', 'Castelvecchio']",San Zeno,"['Verona Tour', 'Museo Lapidario', 'Museo Miniscalchi', 'Sighseeing', 'Museo Radio']",Torre Lamberti,strategy_nearest,False,0.0026471614837646484,success
0427893A9C4C80,3,"['Arena', 'Casa Giulietta']",Santa Anastasia,"['AMO', 'Museo Conte', 'Palazzo della Ragione', 'Teatro Romano', 'Centro Fotografia']",Teatro Romano,strategy_nearest,True,0.0025262832641601562,success
042782429C4C80,3,"['San Fermo', 'Duomo']",Torre Lamberti,"['Sighseeing', 'Centro Fotografia', 'Museo Conte', 'Casa Giulietta', 'Palazzo della Ragione']",Casa Giulietta,strategy_nearest,True,0.0035550594329833984,success
04278B4A9C4C80,3,['Arena'],Casa Giulietta,"['Centro Fotografia', 'Sighseeing', 'Torre Lamberti', 'Museo Conte', 'Museo Radio']",Duomo,strategy_nearest,False,0.0034401416778564453,success
04278F3A9C4C81,3,['Arena'],Duomo,"['AMO', 'Museo Miniscalchi', 'Santa Anastasia', 'Teatro Romano', 'Palazzo della Ragione']",Teatro Romano,strategy_nearest,True,0.0025010108947753906,success
04278D4A9C4C81,1,"['Teatro Romano', 'Teatro Romano']",Duomo,"['AMO', 'Museo Miniscalchi', 'Santa Anastasia', 'Palazzo della Ragione', 'Museo Conte']",Palazzo della Ragione,strategy_nearest,True,0.003287792205810547,success
04278E3A9C4C80,3,"['Arena', 'Torre Lamberti']",Casa Giulietta,"['Centro Fotografia', 'Sighseeing', 'Museo Conte', 'Museo Radio', 'Palazzo della Ragione']",Teatro Romano,strategy_nearest,False,0.0035500526428222656,success
04278F429C4C81,1,"['Arena', 'Casa Giulietta']",Torre Lamberti,"['Sighseeing', 'Centro Fotografia', 'Museo Conte', 'Palazzo della Ragione', 'AMO']",Palazzo della Ragione,strategy_nearest,True,0.0034499168395996094,success
042791429C4C80,3,"['Arena', 'Casa Giulietta']",Torre Lamberti,"['Sighseeing', 'Centro Fotografia', 'Museo Conte', 'Palazzo della Ragione', 'AMO']",Santa Anastasia,strategy_nearest,False,0.0032930374145507812,success
0427B1429C4C80,3,['Arena'],Casa Giulietta,"['Centro Fotografia', 'Sighseeing', 'Torre Lamberti', 'Museo Conte', 'Museo Radio']",San Fermo,strategy_nearest,False,0.001966238021850586,success
0427AB429C4C81,3,"['San Zeno', 'San Fermo', 'Santa Anastasia']",Casa Giulietta,"['Centro Fotografia', 'Sighseeing', 'Torre Lamberti', 'Museo Conte', 'Museo Radio']",Arena,strategy_nearest,False,0.002649068832397461,success
0427B1429C4C81,2,['Casa Giulietta'],Torre Lamberti,"['Sighseeing', 'Centro Fotografia', 'Museo Conte', 'Palazzo della Ragione', 'AMO']",Castelvecchio,strategy_nearest,False,0.0022268295288085938,success
0427B43A9C4C81,3,"['Arena', 'Torre Lamberti']",San Fermo,"['Museo Storia', 'Museo Radio', 'Casa Giulietta', 'Centro Fotografia', 'Sighseeing']",Duomo,strategy_nearest,False,0.002619028091430664,success
0427B6429C4C80,3,['Casa Giulietta'],Santa Anastasia,"['AMO', 'Museo Conte', 'Palazzo della Ragione', 'Teatro Romano', 'Centro Fotografia']",Torre Lamberti,strategy_nearest,False,0.0024170875549316406,success
0427B7429C4C80,1,"['Arena', 'Casa Giulietta', 'Palazzo della Ragione']",Castelvecchio,"['Museo Lapidario', 'Verona Tour', 'Museo Radio', 'San Zeno', 'Sighseeing']",Teatro Romano,strategy_nearest,False,0.0032358169555664062,success
0427B23A9C4C80,1,"['Arena', 'Palazzo della Ragione']",Torre Lamberti,"['Sighseeing', 'Centro Fotografia', 'Museo Conte', 'Casa Giulietta', 'AMO']",Casa Giulietta,strategy_nearest,True,0.002051830291748047,success
0427BC3A9C4C80,3,['Arena'],Casa Giulietta,"['Centro Fotografia', 'Sighseeing', 'Torre Lamberti', 'Museo Conte', 'Museo Radio']",Torre Lamberti,strategy_nearest,True,0.0022149085998535156,success
0427BC429C4C80,1,"['Palazzo della Ragione', 'Torre Lamberti']",Casa Giulietta,"['Centro Fotografia', 'Sighseeing', 'Museo Conte', 'Museo Radio', 'San Fermo']",San Fermo,strategy_nearest,True,0.002949237823486328,success
0427BE3A9C4C81,0,['Arena'],Castelvecchio,"['Museo Lapidario', 'Verona Tour', 'Museo Radio', 'San Zeno', 'Sighseeing']",Casa Giulietta,strategy_nearest,False,0.0029599666595458984,success
0427C63A9C4C81,0,['Arena'],Torre Lamberti,"['Sighseeing', 'Centro Fotografia', 'Museo Conte', 'Casa Giulietta', 'Palazzo della Ragione']",Teatro Romano,strategy_nearest,False,0.0032782554626464844,success
0427C2429C4C81,3,"['Torre Lamberti', 'Duomo']",Santa Anastasia,"['AMO', 'Museo Conte', 'Palazzo della Ragione', 'Teatro Romano', 'Centro Fotografia']",Arena,strategy_nearest,False,0.0028657913208007812,success
0427C8429C4C80,0,['Arena'],Casa Giulietta,"['Centro Fotografia', 'Sighseeing', 'Torre Lamberti', 'Museo Conte', 'Museo Radio']",Santa Anastasia,strategy_nearest,False,0.002351045608520508,success
0427C8429C4C81,1,"['Arena', 'Casa Giulietta']",Torre Lamberti,"['Sighseeing', 'Centro Fotografia', 'Museo Conte', 'Palazzo della Ragione', 'AMO']",Palazzo della Ragione,strategy_nearest,True,0.00298309326171875,success
0427C9429C4C80,1,"['Tomba Giulietta', 'Santa Anastasia']",Torre Lamberti,"['Sighseeing', 'Centro Fotografia', 'Museo Conte', 'Casa Giulietta', 'Palazzo della Ragione']",Palazzo della Ragione,strategy_nearest,True,0.002025127410888672,success
0427D1429C4C81,0,['Arena'],Torre Lamberti,"['Sighseeing', 'Centro Fotografia', 'Museo Conte', 'Casa Giulietta', 'Palazzo della Ragione']",Casa Giulietta,strategy_nearest,True,0.002536296844482422,success
0427CF429C4C80,1,"['Arena', 'Casa Giulietta', 'Palazzo della Ragione']",Torre Lamberti,"['Sighseeing', 'Centro Fotografia', 'Museo Conte', 'AMO', 'Museo Miniscalchi']",Santa Anastasia,strategy_nearest,False,0.003773927688598633,success
0427D43A9C4C80,0,['San Fermo'],Casa Giulietta,"['Centro Fotografia', 'Sighseeing', 'Torre Lamberti', 'Museo Conte', 'Museo Radio']",San Zeno,strategy_nearest,False,0.0021512508392333984,success
0427D6429C4C80,2,"['Santa Anastasia', 'Torre Lamberti']",Duomo,"['AMO', 'Museo Miniscalchi', 'Teatro Romano', 'Palazzo della Ragione', 'Museo Conte']",San Zeno,strategy_nearest,False,0.002758026123046875,success
0427DF429C4C80,3,"['Torre Lamberti', 'San Fermo']",San Zeno,"['Castelvecchio', 'Verona Tour', 'Museo Lapidario', 'Arena', 'Museo Miniscalchi']",Castelvecchio,strategy_nearest,True,0.002682924270629883,success
0427D73A9C4C80,0,"['Castelvecchio', 'Arena']",Casa Giulietta,"['Centro Fotografia', 'Sighseeing', 'Torre Lamberti', 'Museo Conte', 'Museo Radio']",Santa Anastasia,strategy_nearest,False,0.003693103790283203,success
0427E23A9C4C80,1,"['Castelvecchio', 'Duomo', 'Arena', 'San Fermo']",Casa Giulietta,"['Centro Fotografia', 'Sighseeing', 'Torre Lamberti', 'Museo Conte', 'Museo Radio']",Santa Anastasia,strategy_nearest,False,0.0023250579833984375,success
0427E0429C4C80,1,"['Arena', 'Casa Giulietta', 'Santa Anastasia']",Teatro Romano,"['Duomo', 'AMO', 'Palazzo della Ragione', 'Museo Conte', 'Centro Fotografia']",Duomo,strategy_nearest,True,0.0034308433532714844,success
0427E43A9C4C80,0,"['Arena', 'Casa Giulietta']",Torre Lamberti,"['Sighseeing', 'Centro Fotografia', 'Museo Conte', 'Palazzo della Ragione', 'AMO']",Castelvecchio,strategy_nearest,False,0.0033168792724609375,success
0427F4429C4C80,0,"['Arena', 'Casa Giulietta']",Duomo,"['AMO', 'Museo Miniscalchi', 'Santa Anastasia', 'Teatro Romano', 'Palazzo della Ragione']",Castelvecchio,strategy_nearest,False,0.0014679431915283203,success
04285CBA7B3F80,0,['Duomo'],Casa Giulietta,"['Centro Fotografia', 'Sighseeing', 'Torre Lamberti', 'Museo Conte', 'Museo Radio']",Arena,strategy_nearest,False,0.003116130828857422,success
04285A429C4C80,1,"['Arena', 'Palazzo della Ragione']",Torre Lamberti,"['Sighseeing', 'Centro Fotografia', 'Museo Conte', 'Casa Giulietta', 'AMO']",Duomo,strategy_nearest,False,0.002160787582397461,success
042862429C4C81,3,['Arena'],Casa Giulietta,"['Centro Fotografia', 'Sighseeing', 'Torre Lamberti', 'Museo Conte', 'Museo Radio']",Santa Anastasia,strategy_nearest,False,0.003673076629638672,success
042863429C4C81,3,"['Torre Lamberti', 'Santa Anastasia', 'Duomo']",Teatro Romano,"['AMO', 'Palazzo della Ragione', 'Museo Conte', 'Centro Fotografia', 'Museo Miniscalchi']",Casa Giulietta,strategy_nearest,False,0.0031120777130126953,success
042866429C4C80,1,"['Arena', 'Giardino Giusti', 'Teatro Romano']",Duomo,"['AMO', 'Museo Miniscalchi', 'Santa Anastasia', 'Palazzo della Ragione', 'Museo Conte']",Torre Lamberti,strategy_nearest,False,0.0023207664489746094,success
042868429C4C80,3,"['Teatro Romano', 'Duomo']",Santa Anastasia,"['AMO', 'Museo Conte', 'Palazzo della Ragione', 'Centro Fotografia', 'Torre Lamberti']",Torre Lamberti,strategy_nearest,True,0.0033669471740722656,success
0428753A9C4C80,0,['Castelvecchio'],Arena,"['Verona Tour', 'Museo Lapidario', 'Museo Radio', 'San Fermo', 'Casa Giulietta']",Duomo,strategy_nearest,False,0.0028400421142578125,success
0428773A9C4C80,3,['Arena'],Torre Lamberti,"['Sighseeing', 'Centro Fotografia', 'Museo Conte', 'Casa Giulietta', 'Palazzo della Ragione']",Santa Anastasia,strategy_nearest,False,0.003342151641845703,success
04287C429C4C80,3,['Castelvecchio'],Santa Anastasia,"['AMO', 'Museo Conte', 'Palazzo della Ragione', 'Teatro Romano', 'Centro Fotografia']",Duomo,strategy_nearest,False,0.003529071807861328,success
0428713A9C4C80,0,['Arena'],Torre Lamberti,"['Sighseeing', 'Centro Fotografia', 'Museo Conte', 'Casa Giulietta', 'Palazzo della Ragione']",Casa Giulietta,strategy_nearest,True,0.005586862564086914,success
04287C4A9C4C80,0,"['Castelvecchio', 'Arena']",Casa Giulietta,"['Centro Fotografia', 'Sighseeing', 'Torre Lamberti', 'Museo Conte', 'Museo Radio']",Giardino Giusti,strategy_nearest,False,0.002148151397705078,success
042886429C4C80,0,['Arena'],Casa Giulietta,"['Centro Fotografia', 'Sighseeing', 'Torre Lamberti', 'Museo Conte', 'Museo Radio']",Castelvecchio,strategy_nearest,False,0.0024518966674804688,success
04288F3A9C4C80,1,['Arena'],Casa Giulietta,"['Centro Fotografia', 'Sighseeing', 'Torre Lamberti', 'Museo Conte', 'Museo Radio']",Palazzo della Ragione,strategy_nearest,False,0.0034911632537841797,success
04288B4A9C4C80,3,"['Arena', 'Torre Lamberti']",Casa Giulietta,"['Centro Fotografia', 'Sighseeing', 'Museo Conte', 'Museo Radio', 'Palazzo della Ragione']",Santa Anastasia,strategy_nearest,False,0.0028100013732910156,success
0428A73A9C4C80,0,['Arena'],Casa Giulietta,"['Centro Fotografia', 'Sighseeing', 'Torre Lamberti', 'Museo Conte', 'Museo Radio']",Torre Lamberti,strategy_nearest,True,0.0020291805267333984,success
0428934A9C4C80,3,"['Arena', 'Torre Lamberti']",Santa Anastasia,"['AMO', 'Museo Conte', 'Palazzo della Ragione', 'Teatro Romano', 'Centro Fotografia']",Casa Giulietta,strategy_nearest,False,0.0027251243591308594,success
0428A772743380,1,"['Museo Storia', 'Torre Lamberti', 'Palazzo della Ragione', 'Teatro Romano', 'Santa Anastasia']",Castelvecchio,"['Museo Lapidario', 'Verona Tour', 'Arena', 'Museo Radio', 'San Zeno']",San Zeno,strategy_nearest,True,0.0028028488159179688,success
0428AE3A9C4C80,2,['Casa Giulietta'],Teatro Romano,"['Santa Anastasia', 'Duomo', 'AMO', 'Palazzo della Ragione', 'Museo Conte']",Duomo,strategy_nearest,True,0.0030939579010009766,success
0428BA429C4C80,0,['Arena'],Casa Giulietta,"['Centro Fotografia', 'Sighseeing', 'Torre Lamberti', 'Museo Conte', 'Museo Radio']",Tomba Giulietta,strategy_nearest,False,0.0023920536041259766,success
0428B0429C4C80,3,"['Torre Lamberti', 'Casa Giulietta', 'Santa Anastasia']",Teatro Romano,"['Duomo', 'AMO', 'Palazzo della Ragione', 'Museo Conte', 'Centro Fotografia']",Arena,strategy_nearest,False,0.0026869773864746094,success
0428AE429C4C80,1,"['Arena', 'Castelvecchio']",San Zeno,"['Verona Tour', 'Museo Lapidario', 'Museo Miniscalchi', 'Sighseeing', 'Museo Radio']",Palazzo della Ragione,strategy_nearest,False,0.0027828216552734375,success
0428BC429C4C80,0,['Arena'],Casa Giulietta,"['Centro Fotografia', 'Sighseeing', 'Torre Lamberti', 'Museo Conte', 'Museo Radio']",Torre Lamberti,strategy_nearest,True,0.00286102294921875,success
0428CC3A9C4C80,1,"['Castelvecchio', 'Arena']",Palazzo della Ragione,"['AMO', 'Museo Conte', 'Torre Lamberti', 'Centro Fotografia', 'Sighseeing']",Torre Lamberti,strategy_nearest,True,0.002640247344970703,success
0428D6429C4C80,1,"['Arena', 'Casa Giulietta', 'Torre Lamberti', 'Palazzo della Ragione']",Tomba Giulietta,"['San Fermo', 'Museo Storia', 'Museo Lapidario', 'Museo Radio', 'Verona Tour']",Castelvecchio,strategy_nearest,False,0.0032138824462890625,success
0428C63A9C4C81,2,['Santa Anastasia'],Torre Lamberti,"['Sighseeing', 'Centro Fotografia', 'Museo Conte', 'Casa Giulietta', 'Palazzo della Ragione']",Palazzo della Ragione,strategy_nearest,True,0.0020551681518554688,success
0428CF429C4C80,1,['Arena'],Castelvecchio,"['Museo Lapidario', 'Verona Tour', 'Museo Radio', 'San Zeno', 'Sighseeing']",Palazzo della Ragione,strategy_nearest,False,0.0028858184814453125,success
0428D93A9C4C80,1,"['Castelvecchio', 'Santa Anastasia', 'Palazzo della Ragione']",Torre Lamberti,"['Sighseeing', 'Centro Fotografia', 'Museo Conte', 'Casa Giulietta', 'AMO']",Arena,strategy_nearest,False,0.0019261837005615234,success
0428D83A9C4C80,0,"['Arena', 'Torre Lamberti']",Casa Giulietta,"['Centro Fotografia', 'Sighseeing', 'Museo Conte', 'Museo Radio', 'Palazzo della Ragione']",Tomba Giulietta,strategy_nearest,False,0.0024209022521972656,success
0428DD3A9C4C80,0,"['Arena', 'Torre Lamberti']",Teatro Romano,"['Santa Anastasia', 'Duomo', 'AMO', 'Palazzo della Ragione', 'Museo Conte']",Giardino Giusti,strategy_nearest,False,0.002538919448852539,success
0428DF429C4C80,3,"['Arena', 'Museo Lapidario', 'San Fermo', 'Torre Lamberti']",Santa Anastasia,"['AMO', 'Museo Conte', 'Palazzo della Ragione', 'Teatro Romano', 'Centro Fotografia']",Duomo,strategy_nearest,False,0.0032367706298828125,success
0429533A9C4C80,0,['Arena'],Torre Lamberti,"['Sighseeing', 'Centro Fotografia', 'Museo Conte', 'Casa Giulietta', 'Palazzo della Ragione']",Castelvecchio,strategy_nearest,False,0.0033059120178222656,success
0428E23A9C4C80,3,"['Arena', 'Castelvecchio']",Casa Giulietta,"['Centro Fotografia', 'Sighseeing', 'Torre Lamberti', 'Museo Conte', 'Museo Radio']",San Fermo,strategy_nearest,False,0.0027217864990234375,success
0428EC3A9C4C80,0,['Arena'],Casa Giulietta,"['Centro Fotografia', 'Sighseeing', 'Torre Lamberti', 'Museo Conte', 'Museo Radio']",Torre Lamberti,strategy_nearest,True,0.002597808837890625,success
04295C429C4C80,0,['Arena'],Castelvecchio,"['Museo Lapidario', 'Verona Tour', 'Museo Radio', 'San Zeno', 'Sighseeing']",San Fermo,strategy_nearest,False,0.0030891895294189453,success
042963429C4C81,1,['Arena'],Casa Giulietta,"['Centro Fotografia', 'Sighseeing', 'Torre Lamberti', 'Museo Conte', 'Museo Radio']",Torre Lamberti,strategy_nearest,True,0.0020029544830322266,success
042965429C4C81,0,['Arena'],Casa Giulietta,"['Centro Fotografia', 'Sighseeing', 'Torre Lamberti', 'Museo Conte', 'Museo Radio']",Torre Lamberti,strategy_nearest,True,0.0032379627227783203,success
042963429C4C80,2,"['Torre Lamberti', 'Casa Giulietta']",Casa Giulietta,"['Centro Fotografia', 'Sighseeing', 'Museo Conte', 'Museo Radio', 'Palazzo della Ragione']",Duomo,strategy_nearest,False,0.00267791748046875,success
042967429C4C80,3,['Arena'],Torre Lamberti,"['Sighseeing', 'Centro Fotografia', 'Museo Conte', 'Casa Giulietta', 'Palazzo della Ragione']",Santa Anastasia,strategy_nearest,False,0.0033860206604003906,success
042968429C4C81,3,"['Arena', 'Casa Giulietta']",Torre Lamberti,"['Sighseeing', 'Centro Fotografia', 'Museo Conte', 'Palazzo della Ragione', 'AMO']",Duomo,strategy_nearest,False,0.0024900436401367188,success
042968429C4C80,3,"['Santa Anastasia', 'San Fermo', 'Casa Giulietta']",Torre Lamberti,"['Sighseeing', 'Centro Fotografia', 'Museo Conte', 'Palazzo della Ragione', 'AMO']",Duomo,strategy_nearest,False,0.0032320022583007812,success
042975429C4C80,0,['Arena'],Castelvecchio,"['Museo Lapidario', 'Verona Tour', 'Museo Radio', 'San Zeno', 'Sighseeing']",Duomo,strategy_nearest,False,0.0020759105682373047,success
0429743A9C4C80,3,"['Santa Anastasia', 'Duomo']",Teatro Romano,"['AMO', 'Palazzo della Ragione', 'Museo Conte', 'Centro Fotografia', 'Museo Miniscalchi']",Arena,strategy_nearest,False,0.003590106964111328,success
042974429C4C80,1,"['Arena', 'Museo Lapidario', 'Castelvecchio', 'San Zeno']",Casa Giulietta,"['Centro Fotografia', 'Sighseeing', 'Torre Lamberti', 'Museo Conte', 'Museo Radio']",Palazzo della Ragione,strategy_nearest,False,0.004044055938720703,success
0429763A9C4C81,1,"['Casa Giulietta', 'Torre Lamberti']",Palazzo della Ragione,"['AMO', 'Museo Conte', 'Centro Fotografia', 'Sighseeing', 'Santa Anastasia']",Arena,strategy_nearest,False,0.0027289390563964844,success
0429793A9C4C81,2,"['Casa Giulietta', 'Duomo']",Santa Anastasia,"['AMO', 'Museo Conte', 'Palazzo della Ragione', 'Teatro Romano', 'Centro Fotografia']",Torre Lamberti,strategy_nearest,False,0.003165006637573242,success
0429794A9C4C80,2,['Casa Giulietta'],Torre Lamberti,"['Sighseeing', 'Centro Fotografia', 'Museo Conte', 'Palazzo della Ragione', 'AMO']",Santa Anastasia,strategy_nearest,False,0.002702951431274414,success
0429773A9C4C81,3,['Torre Lamberti'],Teatro Romano,"['Santa Anastasia', 'Duomo', 'AMO', 'Palazzo della Ragione', 'Museo Conte']",Duomo,strategy_nearest,True,0.0024411678314208984,success
04297A429C4C80,0,['Arena'],Casa Giulietta,"['Centro Fotografia', 'Sighseeing', 'Torre Lamberti', 'Museo Conte', 'Museo Radio']",Castelvecchio,strategy_nearest,False,0.003350973129272461,success
04297C3A9C4C80,3,['Arena'],Teatro Romano,"['Santa Anastasia', 'Duomo', 'AMO', 'Palazzo della Ragione', 'Museo Conte']",Duomo,strategy_nearest,True,0.0024487972259521484,success
04297C4A9C4C81,0,['Arena'],Castelvecchio,"['Museo Lapidario', 'Verona Tour', 'Museo Radio', 'San Zeno', 'Sighseeing']",Duomo,strategy_nearest,False,0.002490997314453125,success
0429853A9C4C81,0,['Duomo'],Torre Lamberti,"['Sighseeing', 'Centro Fotografia', 'Museo Conte', 'Casa Giulietta', 'Palazzo della Ragione']",Arena,strategy_nearest,False,0.0023949146270751953,success
042982429C4C80,3,"['Arena', 'Duomo']",Santa Anastasia,"['AMO', 'Museo Conte', 'Palazzo della Ragione', 'Teatro Romano', 'Centro Fotografia']",Torre Lamberti,strategy_nearest,False,0.00327301025390625,success
042986429C4C80,3,['Arena'],San Fermo,"['Museo Storia', 'Museo Radio', 'Casa Giulietta', 'Centro Fotografia', 'Sighseeing']",Duomo,strategy_nearest,False,0.003123044967651367,success
042987429C4C81,0,['Arena'],Casa Giulietta,"['Centro Fotografia', 'Sighseeing', 'Torre Lamberti', 'Museo Conte', 'Museo Radio']",Torre Lamberti,strategy_nearest,True,0.003406047821044922,success
042992429C4C81,1,"['Arena', 'Torre Lamberti']",Palazzo della Ragione,"['AMO', 'Museo Conte', 'Centro Fotografia', 'Sighseeing', 'Santa Anastasia']",Santa Anastasia,strategy_nearest,True,0.002853870391845703,success
04298D4A9C4C81,3,"['Teatro Romano', 'Santa Anastasia', 'Duomo']",Torre Lamberti,"['Sighseeing', 'Centro Fotografia', 'Museo Conte', 'Casa Giulietta', 'Palazzo della Ragione']",Casa Giulietta,strategy_nearest,True,0.002843141555786133,success
042992BA7B3F80,1,"['Arena', 'Museo Lapidario', 'Casa Giulietta', 'Palazzo della Ragione', 'Torre Lamberti']",San Fermo,"['Museo Storia', 'Museo Radio', 'Centro Fotografia', 'Sighseeing', 'Museo Conte']",Tomba Giulietta,strategy_nearest,False,0.0032529830932617188,success
0429A64A9C4C80,0,['Arena'],Casa Giulietta,"['Centro Fotografia', 'Sighseeing', 'Torre Lamberti', 'Museo Conte', 'Museo Radio']",San Fermo,strategy_nearest,False,0.0019121170043945312,success
0429A54A9C4C80,0,['Arena'],Casa Giulietta,"['Centro Fotografia', 'Sighseeing', 'Torre Lamberti', 'Museo Conte', 'Museo Radio']",Castelvecchio,strategy_nearest,False,0.0033719539642333984,success
04299EBA7B3F80,1,"['Arena', 'Museo Lapidario', 'Casa Giulietta', 'Palazzo della Ragione', 'Torre Lamberti']",San Fermo,"['Museo Storia', 'Museo Radio', 'Centro Fotografia', 'Sighseeing', 'Museo Conte']",Tomba Giulietta,strategy_nearest,False,0.0028181076049804688,success
0429A73A9C4C81,3,"['Castelvecchio', 'Arena']",Casa Giulietta,"['Centro Fotografia', 'Sighseeing', 'Torre Lamberti', 'Museo Conte', 'Museo Radio']",Duomo,strategy_nearest,False,0.0031690597534179688,success
0429A83A9C4C81,1,"['Arena', 'San Fermo', 'Casa Giulietta']",Palazzo della Ragione,"['AMO', 'Museo Conte', 'Torre Lamberti', 'Centro Fotografia', 'Sighseeing']",Torre Lamberti,strategy_nearest,True,0.0027251243591308594,success
0429AF3A9C4C81,1,['Arena'],Torre Lamberti,"['Sighseeing', 'Centro Fotografia', 'Museo Conte', 'Casa Giulietta', 'Palazzo della Ragione']",Palazzo della Ragione,strategy_nearest,True,0.0037598609924316406,success
0429B23A9C4C80,0,"['Arena', 'Casa Giulietta']",Torre Lamberti,"['Sighseeing', 'Centro Fotografia', 'Museo Conte', 'Palazzo della Ragione', 'AMO']",Tomba Giulietta,strategy_nearest,False,0.0024051666259765625,success
0429B43A9C4C80,0,['Arena'],Torre Lamberti,"['Sighseeing', 'Centro Fotografia', 'Museo Conte', 'Casa Giulietta', 'Palazzo della Ragione']",Castelvecchio,strategy_nearest,False,0.002353191375732422,success
0429B4429C4C80,0,['Arena'],Castelvecchio,"['Museo Lapidario', 'Verona Tour', 'Museo Radio', 'San Zeno', 'Sighseeing']",Tomba Giulietta,strategy_nearest,False,0.0022346973419189453,success
0429B83A9C4C81,0,['Arena'],Casa Giulietta,"['Centro Fotografia', 'Sighseeing', 'Torre Lamberti', 'Museo Conte', 'Museo Radio']",Torre Lamberti,strategy_nearest,True,0.0020051002502441406,success
0429BC429C4C80,0,['Castelvecchio'],Arena,"['Verona Tour', 'Museo Lapidario', 'Museo Radio', 'San Fermo', 'Casa Giulietta']",Duomo,strategy_nearest,False,0.0031201839447021484,success
0429CF3A9C4C80,3,"['Arena', 'Casa Giulietta']",San Fermo,"['Museo Storia', 'Museo Radio', 'Centro Fotografia', 'Sighseeing', 'Torre Lamberti']",Santa Anastasia,strategy_nearest,False,0.002008199691772461,success
0429CB429C4C80,0,['Arena'],Casa Giulietta,"['Centro Fotografia', 'Sighseeing', 'Torre Lamberti', 'Museo Conte', 'Museo Radio']",Santa Anastasia,strategy_nearest,False,0.003633737564086914,success
0429C83A9C4C80,3,"['Arena', 'Torre Lamberti', 'Casa Giulietta']",San Fermo,"['Museo Storia', 'Museo Radio', 'Centro Fotografia', 'Sighseeing', 'Museo Conte']",Teatro Romano,strategy_nearest,False,0.002619028091430664,success
0429CF429C4C81,1,"['Arena', 'Torre Lamberti', 'Palazzo della Ragione', 'Santa Anastasia']",Duomo,"['AMO', 'Museo Miniscalchi', 'Teatro Romano', 'Museo Conte', 'Centro Fotografia']",Castelvecchio,strategy_nearest,False,0.0028650760650634766,success
0429D1429C4C81,3,"['Teatro Romano', 'Duomo', 'Castelvecchio']",Arena,"['Verona Tour', 'Museo Lapidario', 'Museo Radio', 'San Fermo', 'Casa Giulietta']",San Fermo,strategy_nearest,True,0.002238035202026367,success
0429D73A9C4C81,1,"['Arena', 'San Fermo', 'Casa Giulietta']",Duomo,"['AMO', 'Museo Miniscalchi', 'Santa Anastasia', 'Teatro Romano', 'Palazzo della Ragione']",Teatro Romano,strategy_nearest,True,0.002835988998413086,success
0429DA429C4C81,0,"['Arena', 'Castelvecchio']",Casa Giulietta,"['Centro Fotografia', 'Sighseeing', 'Torre Lamberti', 'Museo Conte', 'Museo Radio']",Torre Lamberti,strategy_nearest,True,0.0032892227172851562,success
0429DB3A9C4C81,3,"['Museo Lapidario', 'Arena', 'Santa Anastasia']",Duomo,"['AMO', 'Museo Miniscalchi', 'Teatro Romano', 'Palazzo della Ragione', 'Museo Conte']",Torre Lamberti,strategy_nearest,False,0.002990245819091797,success
0429E23A9C4C80,3,"['Arena', 'Casa Giulietta']",Torre Lamberti,"['Sighseeing', 'Centro Fotografia', 'Museo Conte', 'Palazzo della Ragione', 'AMO']",Santa Anastasia,strategy_nearest,False,0.003511190414428711,success
0429DE3A9C4C80,3,"['Arena', 'Casa Giulietta']",Santa Anastasia,"['AMO', 'Museo Conte', 'Palazzo della Ragione', 'Teatro Romano', 'Centro Fotografia']",Torre Lamberti,strategy_nearest,False,0.0029850006103515625,success
0429E33A9C4C80,0,"['Arena', 'Castelvecchio']",Casa Giulietta,"['Centro Fotografia', 'Sighseeing', 'Torre Lamberti', 'Museo Conte', 'Museo Radio']",Torre Lamberti,strategy_nearest,True,0.0027480125427246094,success
0429F8429C4C80,0,['Casa Giulietta'],Santa Anastasia,"['AMO', 'Museo Conte', 'Palazzo della Ragione', 'Teatro Romano', 'Centro Fotografia']",Arena,strategy_nearest,False,0.0033538341522216797,success
0429E63A9C4C80,1,"['Arena', 'Tomba Giulietta']",Casa Giulietta,"['Centro Fotografia', 'Sighseeing', 'Torre Lamberti', 'Museo Conte', 'Museo Radio']",Torre Lamberti,strategy_nearest,True,0.001917123794555664,success
042A63429C4C81,3,"['Arena', 'Casa Giulietta', 'Torre Lamberti']",Santa Anastasia,"['AMO', 'Museo Conte', 'Palazzo della Ragione', 'Teatro Romano', 'Centro Fotografia']",Duomo,strategy_nearest,False,0.003610849380493164,success
042A62429C4C81,2,['Casa Giulietta'],Torre Lamberti,"['Sighseeing', 'Centro Fotografia', 'Museo Conte', 'Palazzo della Ragione', 'AMO']",Duomo,strategy_nearest,False,0.004622936248779297,success
042A6E429C4C81,3,['Torre Lamberti'],Santa Anastasia,"['AMO', 'Museo Conte', 'Palazzo della Ragione', 'Teatro Romano', 'Centro Fotografia']",Casa Giulietta,strategy_nearest,False,0.002195119857788086,success
042A68429C4C80,1,"['Santa Anastasia', 'Teatro Romano', 'Castelvecchio']",Arena,"['Verona Tour', 'Museo Lapidario', 'Museo Radio', 'San Fermo', 'Casa Giulietta']",Museo Lapidario,strategy_nearest,True,0.0029370784759521484,success
042A6D429C4C80,2,['Casa Giulietta'],Torre Lamberti,"['Sighseeing', 'Centro Fotografia', 'Museo Conte', 'Palazzo della Ragione', 'AMO']",Teatro Romano,strategy_nearest,False,0.004542827606201172,success
042A71429C4C80,0,['Arena'],Teatro Romano,"['Santa Anastasia', 'Duomo', 'AMO', 'Palazzo della Ragione', 'Museo Conte']",Casa Giulietta,strategy_nearest,False,0.002569913864135742,success
042A723A9C4C81,1,['Casa Giulietta'],Palazzo della Ragione,"['AMO', 'Museo Conte', 'Torre Lamberti', 'Centro Fotografia', 'Sighseeing']",Tomba Giulietta,strategy_nearest,False,0.0026247501373291016,success
042A743A9C4C81,1,"['Arena', 'Castelvecchio']",Palazzo della Ragione,"['AMO', 'Museo Conte', 'Torre Lamberti', 'Centro Fotografia', 'Sighseeing']",Casa Giulietta,strategy_nearest,False,0.0019719600677490234,success
042A78429C4C80,3,"['Arena', 'Teatro Romano']",Duomo,"['AMO', 'Museo Miniscalchi', 'Santa Anastasia', 'Palazzo della Ragione', 'Museo Conte']",Santa Anastasia,strategy_nearest,True,0.002653837203979492,success
042A7E429C4C80,3,"['Arena', 'Santa Anastasia']",Torre Lamberti,"['Sighseeing', 'Centro Fotografia', 'Museo Conte', 'Casa Giulietta', 'Palazzo della Ragione']",Castelvecchio,strategy_nearest,False,0.0037529468536376953,success
042A803A9C4C81,1,"['Arena', 'Casa Giulietta']",Torre Lamberti,"['Sighseeing', 'Centro Fotografia', 'Museo Conte', 'Palazzo della Ragione', 'AMO']",Palazzo della Ragione,strategy_nearest,True,0.0025789737701416016,success
042A7F429C4C81,1,['Castelvecchio'],Arena,"['Verona Tour', 'Museo Lapidario', 'Museo Radio', 'San Fermo', 'Casa Giulietta']",Palazzo della Ragione,strategy_nearest,False,0.0022368431091308594,success
042A833A9C4C80,3,['Arena'],Casa Giulietta,"['Centro Fotografia', 'Sighseeing', 'Torre Lamberti', 'Museo Conte', 'Museo Radio']",Santa Anastasia,strategy_nearest,False,0.0051043033599853516,success
042A8A4A9C4C80,1,"['San Zeno', 'Castelvecchio', 'Arena', 'Casa Giulietta']",Torre Lamberti,"['Sighseeing', 'Centro Fotografia', 'Museo Conte', 'Palazzo della Ragione', 'AMO']",Palazzo della Ragione,strategy_nearest,True,0.0026717185974121094,success
042A833A9C4C81,1,['Arena'],Casa Giulietta,"['Centro Fotografia', 'Sighseeing', 'Torre Lamberti', 'Museo Conte', 'Museo Radio']",Palazzo della Ragione,strategy_nearest,False,0.0016319751739501953,success
042A894A9C4C80,1,"['Arena', 'Museo Lapidario', 'Castelvecchio']",San Zeno,"['Verona Tour', 'Museo Miniscalchi', 'Sighseeing', 'Museo Radio', 'Torre Lamberti']",Torre Lamberti,strategy_nearest,True,0.003911018371582031,success
042A8A4A9C4C81,0,['Arena'],Casa Giulietta,"['Centro Fotografia', 'Sighseeing', 'Torre Lamberti', 'Museo Conte', 'Museo Radio']",Santa Anastasia,strategy_nearest,False,0.0016586780548095703,success
042A8D3A9C4C81,0,['Arena'],San Zeno,"['Castelvecchio', 'Verona Tour', 'Museo Lapidario', 'Museo Miniscalchi', 'Sighseeing']",Casa Giulietta,strategy_nearest,False,0.0029702186584472656,success
042A8E429C4C80,3,"['Arena', 'Torre Lamberti', 'Casa Giulietta']",Santa Anastasia,"['AMO', 'Museo Conte', 'Palazzo della Ragione', 'Teatro Romano', 'Centro Fotografia']",Duomo,strategy_nearest,False,0.002203226089477539,success
042A9B429C4C81,3,"['Santa Anastasia', 'Santa Anastasia']",Casa Giulietta,"['Centro Fotografia', 'Sighseeing', 'Torre Lamberti', 'Museo Conte', 'Museo Radio']",Arena,strategy_nearest,False,0.0034110546112060547,success
042AA14A9C4C81,0,"['Arena', 'Museo Lapidario']",Castelvecchio,"['Verona Tour', 'Museo Radio', 'San Zeno', 'Sighseeing', 'Museo Miniscalchi']",Casa Giulietta,strategy_nearest,False,0.0026280879974365234,success
042AAC3A9C4C81,2,"['Tomba Giulietta', 'San Fermo']",Casa Giulietta,"['Centro Fotografia', 'Sighseeing', 'Torre Lamberti', 'Museo Conte', 'Museo Radio']",Torre Lamberti,strategy_nearest,True,0.0027718544006347656,success
042AAB429C4C81,0,['Castelvecchio'],Arena,"['Verona Tour', 'Museo Lapidario', 'Museo Radio', 'San Fermo', 'Casa Giulietta']",Tomba Giulietta,strategy_nearest,False,0.002193927764892578,success
042AAE429C4C80,0,"['Arena', 'Casa Giulietta']",Museo Lapidario,"['Verona Tour', 'Castelvecchio', 'Museo Radio', 'San Fermo', 'Tomba Giulietta']",Castelvecchio,strategy_nearest,True,0.003535032272338867,success
042AB03A9C4C81,3,"['San Zeno', 'Castelvecchio']",Arena,"['Verona Tour', 'Museo Lapidario', 'Museo Radio', 'San Fermo', 'Casa Giulietta']",Duomo,strategy_nearest,False,0.0033769607543945312,success
042AB3429C4C81,0,"['Duomo', 'Teatro Romano']",Castelvecchio,"['Museo Lapidario', 'Verona Tour', 'Arena', 'Museo Radio', 'San Zeno']",Arena,strategy_nearest,True,0.0034079551696777344,success
042AB33A9C4C80,0,['Arena'],Casa Giulietta,"['Centro Fotografia', 'Sighseeing', 'Torre Lamberti', 'Museo Conte', 'Museo Radio']",Castelvecchio,strategy_nearest,False,0.0026688575744628906,success
042AB4429C4C81,3,"['Arena', 'Casa Giulietta', 'Santa Anastasia']",Teatro Romano,"['Duomo', 'AMO', 'Palazzo della Ragione', 'Museo Conte', 'Centro Fotografia']",Duomo,strategy_nearest,True,0.0032720565795898438,success
042AB83A9C4C81,1,"['Casa Giulietta', 'Palazzo della Ragione']",Arena,"['Verona Tour', 'Museo Lapidario', 'Museo Radio', 'San Fermo', 'Sighseeing']",Tomba Giulietta,strategy_nearest,False,0.002719879150390625,success
042AB83A9C4C80,0,['Arena'],Casa Giulietta,"['Centro Fotografia', 'Sighseeing', 'Torre Lamberti', 'Museo Conte', 'Museo Radio']",Torre Lamberti,strategy_nearest,True,0.002479076385498047,success
042ABC3A9C4C81,0,['Arena'],Casa Giulietta,"['Centro Fotografia', 'Sighseeing', 'Torre Lamberti', 'Museo Conte', 'Museo Radio']",Santa Anastasia,strategy_nearest,False,0.0027701854705810547,success
042ABF429C4C81,2,"['Castelvecchio', 'Torre Lamberti', 'Palazzo della Ragione']",Santa Anastasia,"['AMO', 'Museo Conte', 'Teatro Romano', 'Centro Fotografia', 'Duomo']",Duomo,strategy_nearest,True,0.0024330615997314453,success
042ABE3A9C4C81,0,['Arena'],Casa Giulietta,"['Centro Fotografia', 'Sighseeing', 'Torre Lamberti', 'Museo Conte', 'Museo Radio']",Castelvecchio,strategy_nearest,False,0.0038449764251708984,success
042AC7429C4C81,0,['Casa Giulietta'],Torre Lamberti,"['Sighseeing', 'Centro Fotografia', 'Museo Conte', 'Palazzo della Ragione', 'AMO']",Arena,strategy_nearest,False,0.0027701854705810547,success
042AC3429C4C81,1,"['Casa Giulietta', 'Arena']",Castelvecchio,"['Museo Lapidario', 'Verona Tour', 'Museo Radio', 'San Zeno', 'Sighseeing']",Palazzo della Ragione,strategy_nearest,False,0.0037267208099365234,success
042ACA3A9C4C80,1,"['Arena', 'Casa Giulietta', 'Palazzo della Ragione']",Torre Lamberti,"['Sighseeing', 'Centro Fotografia', 'Museo Conte', 'AMO', 'Museo Miniscalchi']",Duomo,strategy_nearest,False,0.002560853958129883,success
042ACA429C4C81,0,['Arena'],Casa Giulietta,"['Centro Fotografia', 'Sighseeing', 'Torre Lamberti', 'Museo Conte', 'Museo Radio']",Tomba Giulietta,strategy_nearest,False,0.002820253372192383,success
042ACE3A9C4C81,1,"['Arena', 'Tomba Giulietta']",Casa Giulietta,"['Centro Fotografia', 'Sighseeing', 'Torre Lamberti', 'Museo Conte', 'Museo Radio']",Torre Lamberti,strategy_nearest,True,0.0034089088439941406,success
042AD0429C4C81,1,"['Arena', 'Museo Lapidario', 'Castelvecchio']",Santa Anastasia,"['AMO', 'Museo Conte', 'Palazzo della Ragione', 'Teatro Romano', 'Centro Fotografia']",San Zeno,strategy_nearest,False,0.0030269622802734375,success
042ACA429C4C80,3,['Arena'],Castelvecchio,"['Museo Lapidario', 'Verona Tour', 'Museo Radio', 'San Zeno', 'Sighseeing']",San Zeno,strategy_nearest,True,0.0037238597869873047,success
042ADB3A9C4C81,3,"['Arena', 'Casa Giulietta']",Santa Anastasia,"['AMO', 'Museo Conte', 'Palazzo della Ragione', 'Teatro Romano', 'Centro Fotografia']",Duomo,strategy_nearest,False,0.0031020641326904297,success
042AF8BA7B3F80,1,"['Palazzo della Ragione', 'Torre Lamberti']",Arena,"['Verona Tour', 'Museo Lapidario', 'Museo Radio', 'San Fermo', 'Casa Giulietta']",Castelvecchio,strategy_nearest,False,0.002379894256591797,success
042ADE3A9C4C80,0,['Museo Lapidario'],Arena,"['Verona Tour', 'Museo Radio', 'San Fermo', 'Casa Giulietta', 'Sighseeing']",Casa Giulietta,strategy_nearest,True,0.0025856494903564453,success
042B62429C4C80,3,['Arena'],Santa Anastasia,"['AMO', 'Museo Conte', 'Palazzo della Ragione', 'Teatro Romano', 'Centro Fotografia']",Duomo,strategy_nearest,False,0.003251314163208008,success
042B6C429C4C80,0,['Arena'],Casa Giulietta,"['Centro Fotografia', 'Sighseeing', 'Torre Lamberti', 'Museo Conte', 'Museo Radio']",Torre Lamberti,strategy_nearest,True,0.003177165985107422,success
042B6C429C4C81,2,"['Castelvecchio', 'Casa Giulietta']",Palazzo della Ragione,"['AMO', 'Museo Conte', 'Torre Lamberti', 'Centro Fotografia', 'Sighseeing']",Torre Lamberti,strategy_nearest,True,0.002439737319946289,success
042B6E429C4C81,0,['Torre Lamberti'],Casa Giulietta,"['Centro Fotografia', 'Sighseeing', 'Museo Conte', 'Museo Radio', 'Palazzo della Ragione']",Arena,strategy_nearest,False,0.0030422210693359375,success
042B74429C4C80,3,"['Arena', 'Museo Lapidario']",Castelvecchio,"['Verona Tour', 'Museo Radio', 'San Zeno', 'Sighseeing', 'Museo Miniscalchi']",Duomo,strategy_nearest,False,0.002593994140625,success
042B73429C4C81,0,['Arena'],Casa Giulietta,"['Centro Fotografia', 'Sighseeing', 'Torre Lamberti', 'Museo Conte', 'Museo Radio']",Teatro Romano,strategy_nearest,False,0.0028481483459472656,success
042B753A9C4C80,3,"['Arena', 'Casa Giulietta', 'Santa Anastasia']",Duomo,"['AMO', 'Museo Miniscalchi', 'Teatro Romano', 'Palazzo della Ragione', 'Museo Conte']",Teatro Romano,strategy_nearest,True,0.003113985061645508,success
042B75429C4C80,0,['Arena'],Casa Giulietta,"['Centro Fotografia', 'Sighseeing', 'Torre Lamberti', 'Museo Conte', 'Museo Radio']",Torre Lamberti,strategy_nearest,True,0.0028581619262695312,success
042B7C3A9C4C81,0,['Tomba Giulietta'],Arena,"['Verona Tour', 'Museo Lapidario', 'Museo Radio', 'San Fermo', 'Casa Giulietta']",Casa Giulietta,strategy_nearest,True,0.0018029212951660156,success
042B7D3A9C4C80,0,"['Arena', 'Torre Lamberti']",Casa Giulietta,"['Centro Fotografia', 'Sighseeing', 'Museo Conte', 'Museo Radio', 'Palazzo della Ragione']",Duomo,strategy_nearest,False,0.0026772022247314453,success
042B80429C4C80,0,['Castelvecchio'],Arena,"['Verona Tour', 'Museo Lapidario', 'Museo Radio', 'San Fermo', 'Casa Giulietta']",Casa Giulietta,strategy_nearest,True,0.0025632381439208984,success
042B7E429C4C80,0,['Arena'],Torre Lamberti,"['Sighseeing', 'Centro Fotografia', 'Museo Conte', 'Casa Giulietta', 'Palazzo della Ragione']",Casa Giulietta,strategy_nearest,True,0.003487110137939453,success
042B833A9C4C81,0,"['Arena', 'Castelvecchio']",Casa Giulietta,"['Centro Fotografia', 'Sighseeing', 'Torre Lamberti', 'Museo Conte', 'Museo Radio']",Torre Lamberti,strategy_nearest,True,0.002527952194213867,success
042B86429C4C80,0,['Arena'],Casa Giulietta,"['Centro Fotografia', 'Sighseeing', 'Torre Lamberti', 'Museo Conte', 'Museo Radio']",Arena,strategy_nearest,False,0.0034410953521728516,success
042B873A9C4C80,0,"['Arena', 'Museo Lapidario']",Castelvecchio,"['Verona Tour', 'Museo Radio', 'San Zeno', 'Sighseeing', 'Museo Miniscalchi']",Casa Giulietta,strategy_nearest,False,0.002541780471801758,success
042B874A9C4C80,3,"['Arena', 'Tomba Giulietta', 'San Fermo']",Castelvecchio,"['Museo Lapidario', 'Verona Tour', 'Museo Radio', 'San Zeno', 'Sighseeing']",Casa Giulietta,strategy_nearest,False,0.002550840377807617,success
042B88429C4C80,0,['Tomba Giulietta'],Arena,"['Verona Tour', 'Museo Lapidario', 'Museo Radio', 'San Fermo', 'Casa Giulietta']",Casa Giulietta,strategy_nearest,True,0.003020048141479492,success
042B88429C4C81,1,"['Arena', 'Castelvecchio']",San Zeno,"['Verona Tour', 'Museo Lapidario', 'Museo Miniscalchi', 'Sighseeing', 'Museo Radio']",Teatro Romano,strategy_nearest,False,0.0031681060791015625,success
042B8C3A9C4C80,6,['Arena'],Verona Tour,"['Museo Lapidario', 'Castelvecchio', 'Museo Radio', 'Casa Giulietta', 'Sighseeing']",Castelvecchio,strategy_nearest,True,0.001817941665649414,success
042B89429C4C80,1,"['Casa Giulietta', 'Palazzo della Ragione']",Torre Lamberti,"['Sighseeing', 'Centro Fotografia', 'Museo Conte', 'AMO', 'Museo Miniscalchi']",Arena,strategy_nearest,False,0.003846883773803711,success
042B92429C4C80,0,['Arena'],Torre Lamberti,"['Sighseeing', 'Centro Fotografia', 'Museo Conte', 'Casa Giulietta', 'Palazzo della Ragione']",Castelvecchio,strategy_nearest,False,0.0023810863494873047,success
042B9BBA7B3F80,1,"['Arena', 'Casa Giulietta', 'Torre Lamberti', 'Palazzo della Ragione']",Santa Anastasia,"['AMO', 'Museo Conte', 'Teatro Romano', 'Centro Fotografia', 'Duomo']",Duomo,strategy_nearest,True,0.0027980804443359375,success
042BA772743380,1,"['Museo Storia', 'Torre Lamberti', 'Palazzo della Ragione', 'Teatro Romano', 'Santa Anastasia']",Castelvecchio,"['Museo Lapidario', 'Verona Tour', 'Arena', 'Museo Radio', 'San Zeno']",San Zeno,strategy_nearest,True,0.0027620792388916016,success
042BA84A9C4C80,1,"['Arena', 'Casa Giulietta']",Palazzo della Ragione,"['AMO', 'Museo Conte', 'Torre Lamberti', 'Centro Fotografia', 'Sighseeing']",Torre Lamberti,strategy_nearest,True,0.0025968551635742188,success
042BACBA7B3F80,1,"['Casa Giulietta', 'Torre Lamberti', 'Palazzo della Ragione', 'Castelvecchio']",San Zeno,"['Verona Tour', 'Museo Lapidario', 'Arena', 'Museo Miniscalchi', 'Sighseeing']",Santa Anastasia,strategy_nearest,False,0.0029599666595458984,success
042BAE3A9C4C80,3,"['Arena', 'Casa Giulietta']",Torre Lamberti,"['Sighseeing', 'Centro Fotografia', 'Museo Conte', 'Palazzo della Ragione', 'AMO']",Santa Anastasia,strategy_nearest,False,0.0029649734497070312,success
042BB0429C4C81,2,"['Casa Giulietta', 'Santa Anastasia']",Teatro Romano,"['Duomo', 'AMO', 'Palazzo della Ragione', 'Museo Conte', 'Centro Fotografia']",Duomo,strategy_nearest,True,0.002583026885986328,success
042BB43A9C4C81,2,['Torre Lamberti'],Santa Anastasia,"['AMO', 'Museo Conte', 'Palazzo della Ragione', 'Teatro Romano', 'Centro Fotografia']",Duomo,strategy_nearest,False,0.002722024917602539,success
042BB6429C4C81,1,"['Arena', 'Palazzo della Ragione']",Torre Lamberti,"['Sighseeing', 'Centro Fotografia', 'Museo Conte', 'Casa Giulietta', 'AMO']",Santa Anastasia,strategy_nearest,False,0.0026929378509521484,success
042BB8429C4C80,3,['Arena'],Duomo,"['AMO', 'Museo Miniscalchi', 'Santa Anastasia', 'Teatro Romano', 'Palazzo della Ragione']",Santa Anastasia,strategy_nearest,True,0.0032198429107666016,success
042BB8BA7B3F80,3,"['Torre Lamberti', 'Santa Anastasia', 'Teatro Romano']",Duomo,"['AMO', 'Museo Miniscalchi', 'Palazzo della Ragione', 'Museo Conte', 'Centro Fotografia']",Castelvecchio,strategy_nearest,False,0.0031299591064453125,success
042BB9BA7B3F80,3,"['Casa Giulietta', 'Torre Lamberti', 'Santa Anastasia']",Arena,"['Verona Tour', 'Museo Lapidario', 'Museo Radio', 'San Fermo', 'Sighseeing']",Castelvecchio,strategy_nearest,False,0.0033447742462158203,success
042BBC3A9C4C80,1,"['Museo Lapidario', 'Arena', 'Casa Giulietta']",Torre Lamberti,"['Sighseeing', 'Centro Fotografia', 'Museo Conte', 'Palazzo della Ragione', 'AMO']",Palazzo della Ragione,strategy_nearest,True,0.003259897232055664,success
042BBA429C4C81,2,"['Castelvecchio', 'San Zeno']",Teatro Romano,"['Santa Anastasia', 'Duomo', 'AMO', 'Palazzo della Ragione', 'Museo Conte']",Santa Anastasia,strategy_nearest,True,0.002719879150390625,success
042BBB429C4C80,3,"['Castelvecchio', 'Arena']",Casa Giulietta,"['Centro Fotografia', 'Sighseeing', 'Torre Lamberti', 'Museo Conte', 'Museo Radio']",Torre Lamberti,strategy_nearest,True,0.0027730464935302734,success
042BC1429C4C81,1,"['Arena', 'Palazzo della Ragione']",Torre Lamberti,"['Sighseeing', 'Centro Fotografia', 'Museo Conte', 'Casa Giulietta', 'AMO']",Santa Anastasia,strategy_nearest,False,0.0021979808807373047,success
042BC7429C4C80,0,"['Arena', 'Museo Lapidario']",Tomba Giulietta,"['San Fermo', 'Museo Storia', 'Museo Radio', 'Verona Tour', 'Casa Giulietta']",Casa Giulietta,strategy_nearest,True,0.0025191307067871094,success
042BC6429C4C80,0,['Arena'],Casa Giulietta,"['Centro Fotografia', 'Sighseeing', 'Torre Lamberti', 'Museo Conte', 'Museo Radio']",Torre Lamberti,strategy_nearest,True,0.0019550323486328125,success
042BC7429C4C81,3,"['Arena', 'Casa Giulietta', 'Torre Lamberti']",Santa Anastasia,"['AMO', 'Museo Conte', 'Palazzo della Ragione', 'Teatro Romano', 'Centro Fotografia']",Teatro Romano,strategy_nearest,True,0.0028121471405029297,success
042BD0429C4C80,1,"['Arena', 'Giardino Giusti', 'San Fermo', 'Museo Storia']",Tomba Giulietta,"['Museo Lapidario', 'Museo Radio', 'Verona Tour', 'Casa Giulietta', 'Castelvecchio']",Castelvecchio,strategy_nearest,True,0.0026221275329589844,success
042BCBBA7B3F80,3,"['Torre Lamberti', 'Santa Anastasia', 'Teatro Romano']",Duomo,"['AMO', 'Museo Miniscalchi', 'Palazzo della Ragione', 'Museo Conte', 'Centro Fotografia']",Castelvecchio,strategy_nearest,False,0.003180980682373047,success
042BD83A9C4C80,3,"['Santa Anastasia', 'Duomo', 'Teatro Romano', 'Arena']",Tomba Giulietta,"['San Fermo', 'Museo Storia', 'Museo Lapidario', 'Museo Radio', 'Verona Tour']",Casa Giulietta,strategy_nearest,False,0.0025000572204589844,success
042BD73A9C4C80,1,"['Arena', 'San Fermo', 'Casa Giulietta', 'Torre Lamberti', 'Palazzo della Ragione']",San Zeno,"['Castelvecchio', 'Verona Tour', 'Museo Lapidario', 'Museo Miniscalchi', 'Sighseeing']",Castelvecchio,strategy_nearest,True,0.003231048583984375,success
042BDB429C4C81,2,"['Casa Giulietta', 'Santa Anastasia']",Castelvecchio,"['Museo Lapidario', 'Verona Tour', 'Arena', 'Museo Radio', 'San Zeno']",San Zeno,strategy_nearest,True,0.003215789794921875,success
042BD93A9C4C80,2,['Casa Giulietta'],Santa Anastasia,"['AMO', 'Museo Conte', 'Palazzo della Ragione', 'Teatro Romano', 'Centro Fotografia']",Duomo,strategy_nearest,False,0.0027267932891845703,success
042BDD429C4C80,3,"['Arena', 'Museo Lapidario', 'Castelvecchio']",Casa Giulietta,"['Centro Fotografia', 'Sighseeing', 'Torre Lamberti', 'Museo Conte', 'Museo Radio']",Duomo,strategy_nearest,False,0.003116607666015625,success
042C3C3A9C4C80,3,"['San Zeno', 'San Fermo', 'Arena']",Torre Lamberti,"['Sighseeing', 'Centro Fotografia', 'Museo Conte', 'Casa Giulietta', 'Palazzo della Ragione']",Santa Anastasia,strategy_nearest,False,0.0032188892364501953,success
042C3E3A9C4C80,1,"['Torre Lamberti', 'Palazzo della Ragione', 'Giardino Giusti', 'Santa Anastasia']",Casa Giulietta,"['Centro Fotografia', 'Sighseeing', 'Museo Conte', 'Museo Radio', 'San Fermo']",Tomba Giulietta,strategy_nearest,False,0.003046751022338867,success
042C3F3A9C4C80,3,"['San Fermo', 'Arena']",Santa Anastasia,"['AMO', 'Museo Conte', 'Palazzo della Ragione', 'Teatro Romano', 'Centro Fotografia']",Torre Lamberti,strategy_nearest,False,0.0030541419982910156,success
042C503A9C4C80,0,['Arena'],Casa Giulietta,"['Centro Fotografia', 'Sighseeing', 'Torre Lamberti', 'Museo Conte', 'Museo Radio']",Castelvecchio,strategy_nearest,False,0.003612995147705078,success
042C51429C4C80,1,"['Arena', 'Casa Giulietta', 'Palazzo della Ragione']",Castelvecchio,"['Museo Lapidario', 'Verona Tour', 'Museo Radio', 'San Zeno', 'Sighseeing']",Duomo,strategy_nearest,False,0.002640247344970703,success
042C69429C4C81,2,['Teatro Romano'],Torre Lamberti,"['Sighseeing', 'Centro Fotografia', 'Museo Conte', 'Casa Giulietta', 'Palazzo della Ragione']",Palazzo della Ragione,strategy_nearest,True,0.0019142627716064453,success
042C64429C4C81,0,['San Zeno'],Casa Giulietta,"['Centro Fotografia', 'Sighseeing', 'Torre Lamberti', 'Museo Conte', 'Museo Radio']",Torre Lamberti,strategy_nearest,True,0.0032880306243896484,success
042C6C429C4C81,0,['Arena'],Torre Lamberti,"['Sighseeing', 'Centro Fotografia', 'Museo Conte', 'Casa Giulietta', 'Palazzo della Ragione']",Castelvecchio,strategy_nearest,False,0.0024499893188476562,success
042C73429C4C81,0,['Arena'],Casa Giulietta,"['Centro Fotografia', 'Sighseeing', 'Torre Lamberti', 'Museo Conte', 'Museo Radio']",Torre Lamberti,strategy_nearest,True,0.0019750595092773438,success
042C74429C4C81,0,['Santa Anastasia'],Arena,"['Verona Tour', 'Museo Lapidario', 'Museo Radio', 'San Fermo', 'Casa Giulietta']",Castelvecchio,strategy_nearest,False,0.002801179885864258,success
042C78429C4C80,3,['Arena'],Teatro Romano,"['Santa Anastasia', 'Duomo', 'AMO', 'Palazzo della Ragione', 'Museo Conte']",Santa Anastasia,strategy_nearest,True,0.0032150745391845703,success
042C7B4A9C4C81,2,['Torre Lamberti'],Santa Anastasia,"['AMO', 'Museo Conte', 'Palazzo della Ragione', 'Teatro Romano', 'Centro Fotografia']",Duomo,strategy_nearest,False,0.0026140213012695312,success
042C7C3A9C4C80,3,['Arena'],Torre Lamberti,"['Sighseeing', 'Centro Fotografia', 'Museo Conte', 'Casa Giulietta', 'Palazzo della Ragione']",Santa Anastasia,strategy_nearest,False,0.0033767223358154297,success
042C833A9C4C80,1,['Arena'],Casa Giulietta,"['Centro Fotografia', 'Sighseeing', 'Torre Lamberti', 'Museo Conte', 'Museo Radio']",Torre Lamberti,strategy_nearest,True,0.0031211376190185547,success
042C7F3A9C4C80,3,"['Arena', 'San Zeno', 'Torre Lamberti']",Santa Anastasia,"['AMO', 'Museo Conte', 'Palazzo della Ragione', 'Teatro Romano', 'Centro Fotografia']",Duomo,strategy_nearest,False,0.0032508373260498047,success
042C874A9C4C80,3,['Torre Lamberti'],Casa Giulietta,"['Centro Fotografia', 'Sighseeing', 'Museo Conte', 'Museo Radio', 'Palazzo della Ragione']",Santa Anastasia,strategy_nearest,False,0.003036022186279297,success
042CA0BA7B3F80,3,"['Arena', 'Castelvecchio']",San Zeno,"['Verona Tour', 'Museo Lapidario', 'Museo Miniscalchi', 'Sighseeing', 'Museo Radio']",Casa Giulietta,strategy_nearest,False,0.001909017562866211,success
042C90429C4C80,0,"['Arena', 'Casa Giulietta']",Torre Lamberti,"['Sighseeing', 'Centro Fotografia', 'Museo Conte', 'Palazzo della Ragione', 'AMO']",Teatro Romano,strategy_nearest,False,0.002680063247680664,success
042C8F3A9C4C80,0,"['Arena', 'Casa Giulietta']",Tomba Giulietta,"['San Fermo', 'Museo Storia', 'Museo Lapidario', 'Museo Radio', 'Verona Tour']",San Zeno,strategy_nearest,False,0.003344297409057617,success
042CA5BA7B3F80,1,"['Castelvecchio', 'Casa Giulietta']",Torre Lamberti,"['Sighseeing', 'Centro Fotografia', 'Museo Conte', 'Palazzo della Ragione', 'AMO']",Palazzo della Ragione,strategy_nearest,True,0.0033998489379882812,success
042CAA429C4C81,0,['Arena'],Torre Lamberti,"['Sighseeing', 'Centro Fotografia', 'Museo Conte', 'Casa Giulietta', 'Palazzo della Ragione']",Casa Giulietta,strategy_nearest,True,0.0029549598693847656,success
042CB8429C4C80,1,"['Arena', 'Duomo']",Santa Anastasia,"['AMO', 'Museo Conte', 'Palazzo della Ragione', 'Teatro Romano', 'Centro Fotografia']",Palazzo della Ragione,strategy_nearest,True,0.0015227794647216797,success
042CB7BA7B3F80,3,"['Duomo', 'Santa Anastasia', 'Torre Lamberti']",Casa Giulietta,"['Centro Fotografia', 'Sighseeing', 'Museo Conte', 'Museo Radio', 'Palazzo della Ragione']",Teatro Romano,strategy_nearest,False,0.0027780532836914062,success
042CBB3A9C4C80,0,['Arena'],Casa Giulietta,"['Centro Fotografia', 'Sighseeing', 'Torre Lamberti', 'Museo Conte', 'Museo Radio']",Torre Lamberti,strategy_nearest,True,0.003335714340209961,success
042CC1429C4C80,1,"['Castelvecchio', 'Arena', 'Museo Lapidario', 'Casa Giulietta']",Torre Lamberti,"['Sighseeing', 'Centro Fotografia', 'Museo Conte', 'Palazzo della Ragione', 'AMO']",Palazzo della Ragione,strategy_nearest,True,0.002650022506713867,success
042CBD429C4C80,1,"['Castelvecchio', 'Arena', 'Palazzo della Ragione']",Torre Lamberti,"['Sighseeing', 'Centro Fotografia', 'Museo Conte', 'Casa Giulietta', 'AMO']",Casa Giulietta,strategy_nearest,True,0.0018341541290283203,success
042CBEBA7B3F80,3,"['Arena', 'Torre Lamberti']",Santa Anastasia,"['AMO', 'Museo Conte', 'Palazzo della Ragione', 'Teatro Romano', 'Centro Fotografia']",Teatro Romano,strategy_nearest,True,0.0034067630767822266,success
042CC4429C4C81,3,"['Duomo', 'Santa Anastasia', 'Casa Giulietta']",San Fermo,"['Museo Storia', 'Museo Radio', 'Centro Fotografia', 'Arena', 'Sighseeing']",Arena,strategy_nearest,True,0.0024530887603759766,success
042CC6429C4C80,0,['Arena'],Casa Giulietta,"['Centro Fotografia', 'Sighseeing', 'Torre Lamberti', 'Museo Conte', 'Museo Radio']",Castelvecchio,strategy_nearest,False,0.0024118423461914062,success
042CC83A9C4C81,0,['Torre Lamberti'],Casa Giulietta,"['Centro Fotografia', 'Sighseeing', 'Museo Conte', 'Museo Radio', 'Palazzo della Ragione']",Arena,strategy_nearest,False,0.002947092056274414,success
042CD0BA7B3F80,1,"['Castelvecchio', 'San Zeno', 'Arena']",Casa Giulietta,"['Centro Fotografia', 'Sighseeing', 'Torre Lamberti', 'Museo Conte', 'Museo Radio']",Torre Lamberti,strategy_nearest,True,0.0025839805603027344,success
042CD3429C4C80,1,"['Teatro Romano', 'Duomo', 'Santa Anastasia', 'San Fermo']",Arena,"['Verona Tour', 'Museo Lapidario', 'Museo Radio', 'Casa Giulietta', 'Sighseeing']",Castelvecchio,strategy_nearest,False,0.0025780200958251953,success
042CE7BA7B3F80,3,"['Arena', 'Torre Lamberti']",Santa Anastasia,"['AMO', 'Museo Conte', 'Palazzo della Ragione', 'Teatro Romano', 'Centro Fotografia']",Teatro Romano,strategy_nearest,True,0.0025179386138916016,success
042CE8BA7B3F80,1,"['Castelvecchio', 'San Zeno', 'Arena']",Casa Giulietta,"['Centro Fotografia', 'Sighseeing', 'Torre Lamberti', 'Museo Conte', 'Museo Radio']",Torre Lamberti,strategy_nearest,True,0.0033059120178222656,success
042CE53A9C4C80,0,['Arena'],Casa Giulietta,"['Centro Fotografia', 'Sighseeing', 'Torre Lamberti', 'Museo Conte', 'Museo Radio']",Torre Lamberti,strategy_nearest,True,0.0034160614013671875,success
042CEA429C4C80,3,"['Arena', 'Torre Lamberti']",Teatro Romano,"['Santa Anastasia', 'Duomo', 'AMO', 'Palazzo della Ragione', 'Museo Conte']",Casa Giulietta,strategy_nearest,False,0.0033578872680664062,success
042CEDBA7B3F80,1,"['Castelvecchio', 'San Zeno', 'Arena']",Casa Giulietta,"['Centro Fotografia', 'Sighseeing', 'Torre Lamberti', 'Museo Conte', 'Museo Radio']",Torre Lamberti,strategy_nearest,True,0.002803325653076172,success
042D3B3A9C4C80,3,"['San Zeno', 'San Fermo', 'Torre Lamberti']",Casa Giulietta,"['Centro Fotografia', 'Sighseeing', 'Museo Conte', 'Museo Radio', 'Palazzo della Ragione']",Santa Anastasia,strategy_nearest,False,0.0025069713592529297,success
042CF43A9C4C80,3,"['Arena', 'San Fermo']",Torre Lamberti,"['Sighseeing', 'Centro Fotografia', 'Museo Conte', 'Casa Giulietta', 'Palazzo della Ragione']",Santa Anastasia,strategy_nearest,False,0.0025882720947265625,success
042D3F3A9C4C80,1,"['Arena', 'Casa Giulietta']",Palazzo della Ragione,"['AMO', 'Museo Conte', 'Torre Lamberti', 'Centro Fotografia', 'Sighseeing']",Torre Lamberti,strategy_nearest,True,0.002666950225830078,success
042D3D3A9C4C80,3,"['Torre Lamberti', 'Duomo']",San Fermo,"['Museo Storia', 'Museo Radio', 'Casa Giulietta', 'Centro Fotografia', 'Arena']",Arena,strategy_nearest,True,0.003354787826538086,success
042D52429C4C80,0,['Arena'],Tomba Giulietta,"['San Fermo', 'Museo Storia', 'Museo Lapidario', 'Museo Radio', 'Verona Tour']",Casa Giulietta,strategy_nearest,False,0.0024750232696533203,success
042D52BA7B3F80,1,"['Torre Lamberti', 'Palazzo della Ragione']",Castelvecchio,"['Museo Lapidario', 'Verona Tour', 'Arena', 'Museo Radio', 'San Zeno']",Casa Giulietta,strategy_nearest,False,0.0031070709228515625,success
042D6C429C4C80,0,['Arena'],Torre Lamberti,"['Sighseeing', 'Centro Fotografia', 'Museo Conte', 'Casa Giulietta', 'Palazzo della Ragione']",Castelvecchio,strategy_nearest,False,0.0026140213012695312,success
042D61429C4C80,0,['Arena'],Castelvecchio,"['Museo Lapidario', 'Verona Tour', 'Museo Radio', 'San Zeno', 'Sighseeing']",Duomo,strategy_nearest,False,0.0021240711212158203,success
042D57429C4C80,3,['Arena'],Casa Giulietta,"['Centro Fotografia', 'Sighseeing', 'Torre Lamberti', 'Museo Conte', 'Museo Radio']",Santa Anastasia,strategy_nearest,False,0.004703044891357422,success
042D6A429C4C81,0,['Arena'],Casa Giulietta,"['Centro Fotografia', 'Sighseeing', 'Torre Lamberti', 'Museo Conte', 'Museo Radio']",Teatro Romano,strategy_nearest,False,0.0021560192108154297,success
042D7A4A9C4C80,0,['Arena'],Casa Giulietta,"['Centro Fotografia', 'Sighseeing', 'Torre Lamberti', 'Museo Conte', 'Museo Radio']",Duomo,strategy_nearest,False,0.0031921863555908203,success
042D78429C4C80,3,['Arena'],Teatro Romano,"['Santa Anastasia', 'Duomo', 'AMO', 'Palazzo della Ragione', 'Museo Conte']",Santa Anastasia,strategy_nearest,True,0.0026712417602539062,success
042D713A9C4C80,3,"['Arena', 'Torre Lamberti']",Santa Anastasia,"['AMO', 'Museo Conte', 'Palazzo della Ragione', 'Teatro Romano', 'Centro Fotografia']",Casa Giulietta,strategy_nearest,False,0.0021691322326660156,success
042D783A9C4C81,1,['Torre Lamberti'],Arena,"['Verona Tour', 'Museo Lapidario', 'Museo Radio', 'San Fermo', 'Casa Giulietta']",Castelvecchio,strategy_nearest,False,0.0027828216552734375,success
042D7C429C4C80,3,"['Arena', 'Casa Giulietta']",Teatro Romano,"['Santa Anastasia', 'Duomo', 'AMO', 'Palazzo della Ragione', 'Museo Conte']",Santa Anastasia,strategy_nearest,True,0.0015010833740234375,success
042D823A9C4C80,3,"['Arena', 'Casa Giulietta']",Duomo,"['AMO', 'Museo Miniscalchi', 'Santa Anastasia', 'Teatro Romano', 'Palazzo della Ragione']",Teatro Romano,strategy_nearest,True,0.0020439624786376953,success
042D823A9C4C81,1,"['Arena', 'Casa Giulietta', 'Torre Lamberti']",Palazzo della Ragione,"['AMO', 'Museo Conte', 'Centro Fotografia', 'Sighseeing', 'Santa Anastasia']",Teatro Romano,strategy_nearest,False,0.003242969512939453,success
042D7B3A9C4C81,3,"['Arena', 'Torre Lamberti']",Santa Anastasia,"['AMO', 'Museo Conte', 'Palazzo della Ragione', 'Teatro Romano', 'Centro Fotografia']",Duomo,strategy_nearest,False,0.0027778148651123047,success
042D884A9C4C81,0,['Arena'],Casa Giulietta,"['Centro Fotografia', 'Sighseeing', 'Torre Lamberti', 'Museo Conte', 'Museo Radio']",Santa Anastasia,strategy_nearest,False,0.0026597976684570312,success
042D833A9C4C80,0,"['Arena', 'Castelvecchio']",Casa Giulietta,"['Centro Fotografia', 'Sighseeing', 'Torre Lamberti', 'Museo Conte', 'Museo Radio']",Teatro Romano,strategy_nearest,False,0.0020148754119873047,success
042D864A9C4C80,0,['Arena'],Casa Giulietta,"['Centro Fotografia', 'Sighseeing', 'Torre Lamberti', 'Museo Conte', 'Museo Radio']",Castelvecchio,strategy_nearest,False,0.0025970935821533203,success
042D894A9C4C80,3,"['Torre Lamberti', 'Santa Anastasia']",Arena,"['Verona Tour', 'Museo Lapidario', 'Museo Radio', 'San Fermo', 'Casa Giulietta']",Casa Giulietta,strategy_nearest,True,0.0031919479370117188,success
042D8A429C4C81,3,"['Casa Giulietta', 'Torre Lamberti']",San Zeno,"['Castelvecchio', 'Verona Tour', 'Museo Lapidario', 'Arena', 'Museo Miniscalchi']",Arena,strategy_nearest,True,0.0021331310272216797,success
042D8E429C4C80,0,['Torre Lamberti'],Arena,"['Verona Tour', 'Museo Lapidario', 'Museo Radio', 'San Fermo', 'Casa Giulietta']",Tomba Giulietta,strategy_nearest,False,0.0020830631256103516,success
042D903A9C4C81,3,"['Arena', 'Torre Lamberti']",Casa Giulietta,"['Centro Fotografia', 'Sighseeing', 'Museo Conte', 'Museo Radio', 'Palazzo della Ragione']",Teatro Romano,strategy_nearest,False,0.0027201175689697266,success
042D8C429C4C80,0,"['Arena', 'Torre Lamberti']",Casa Giulietta,"['Centro Fotografia', 'Sighseeing', 'Museo Conte', 'Museo Radio', 'Palazzo della Ragione']",Tomba Giulietta,strategy_nearest,False,0.004256010055541992,success
042D91429C4C80,3,"['San Fermo', 'Duomo']",Santa Anastasia,"['AMO', 'Museo Conte', 'Palazzo della Ragione', 'Teatro Romano', 'Centro Fotografia']",Arena,strategy_nearest,False,0.003022909164428711,success
042D91429C4C81,0,['Arena'],Casa Giulietta,"['Centro Fotografia', 'Sighseeing', 'Torre Lamberti', 'Museo Conte', 'Museo Radio']",Duomo,strategy_nearest,False,0.0024940967559814453,success
042DA472743380,3,"['Castelvecchio', 'Arena', 'Museo Lapidario', 'San Fermo']",Torre Lamberti,"['Sighseeing', 'Centro Fotografia', 'Museo Conte', 'Casa Giulietta', 'Palazzo della Ragione']",Santa Anastasia,strategy_nearest,False,0.003131866455078125,success
042D9F4A9C4C80,1,"['Torre Lamberti', 'Palazzo della Ragione']",Duomo,"['AMO', 'Museo Miniscalchi', 'Santa Anastasia', 'Teatro Romano', 'Museo Conte']",Arena,strategy_nearest,False,0.0026428699493408203,success
042DAE3A9C4C81,0,['Arena'],Casa Giulietta,"['Centro Fotografia', 'Sighseeing', 'Torre Lamberti', 'Museo Conte', 'Museo Radio']",Torre Lamberti,strategy_nearest,True,0.003597259521484375,success
042DB3429C4C81,1,"['Arena', 'Santa Anastasia']",Teatro Romano,"['Duomo', 'AMO', 'Palazzo della Ragione', 'Museo Conte', 'Centro Fotografia']",Torre Lamberti,strategy_nearest,False,0.0026619434356689453,success
042DB1429C4C80,0,['Castelvecchio'],Torre Lamberti,"['Sighseeing', 'Centro Fotografia', 'Museo Conte', 'Casa Giulietta', 'Palazzo della Ragione']",Casa Giulietta,strategy_nearest,True,0.0025968551635742188,success
042DB43A9C4C81,3,"['Arena', 'Casa Giulietta']",Torre Lamberti,"['Sighseeing', 'Centro Fotografia', 'Museo Conte', 'Palazzo della Ragione', 'AMO']",Santa Anastasia,strategy_nearest,False,0.0032188892364501953,success
042DB53A9C4C80,3,['Arena'],Duomo,"['AMO', 'Museo Miniscalchi', 'Santa Anastasia', 'Teatro Romano', 'Palazzo della Ragione']",Santa Anastasia,strategy_nearest,True,0.00263214111328125,success
042DB7429C4C81,2,['San Zeno'],Castelvecchio,"['Museo Lapidario', 'Verona Tour', 'Arena', 'Museo Radio', 'Sighseeing']",Santa Anastasia,strategy_nearest,False,0.0021009445190429688,success
042DB63A9C4C80,0,['Arena'],Palazzo della Ragione,"['AMO', 'Museo Conte', 'Torre Lamberti', 'Centro Fotografia', 'Sighseeing']",Casa Giulietta,strategy_nearest,False,0.0033102035522460938,success
042DBD429C4C81,3,"['Tomba Giulietta', 'Museo Lapidario', 'Arena']",Casa Giulietta,"['Centro Fotografia', 'Sighseeing', 'Torre Lamberti', 'Museo Conte', 'Museo Radio']",Torre Lamberti,strategy_nearest,True,0.0031900405883789062,success
042DC2429C4C80,2,['Casa Giulietta'],Torre Lamberti,"['Sighseeing', 'Centro Fotografia', 'Museo Conte', 'Palazzo della Ragione', 'AMO']",Teatro Romano,strategy_nearest,False,0.0025930404663085938,success
042DC0429C4C80,0,['Casa Giulietta'],Torre Lamberti,"['Sighseeing', 'Centro Fotografia', 'Museo Conte', 'Palazzo della Ragione', 'AMO']",Teatro Romano,strategy_nearest,False,0.0033218860626220703,success
042DC6429C4C80,3,"['Arena', 'Casa Giulietta']",Santa Anastasia,"['AMO', 'Museo Conte', 'Palazzo della Ragione', 'Teatro Romano', 'Centro Fotografia']",Duomo,strategy_nearest,False,0.003287792205810547,success
042DCD3A9C4C81,2,['Casa Giulietta'],Torre Lamberti,"['Sighseeing', 'Centro Fotografia', 'Museo Conte', 'Palazzo della Ragione', 'AMO']",Santa Anastasia,strategy_nearest,False,0.0026111602783203125,success
042DCE3A9C4C80,2,['Casa Giulietta'],Torre Lamberti,"['Sighseeing', 'Centro Fotografia', 'Museo Conte', 'Palazzo della Ragione', 'AMO']",Santa Anastasia,strategy_nearest,False,0.001934051513671875,success
042DC9429C4C81,2,['Tomba Giulietta'],Teatro Romano,"['Santa Anastasia', 'Duomo', 'AMO', 'Palazzo della Ragione', 'Museo Conte']",Duomo,strategy_nearest,True,0.003924131393432617,success
042DDC3A9C4C80,0,['Arena'],Duomo,"['AMO', 'Museo Miniscalchi', 'Santa Anastasia', 'Teatro Romano', 'Palazzo della Ragione']",Casa Giulietta,strategy_nearest,False,0.002553224563598633,success
042DDD3A9C4C80,1,"['Arena', 'Santa Anastasia', 'Casa Giulietta']",San Fermo,"['Museo Storia', 'Museo Radio', 'Centro Fotografia', 'Sighseeing', 'Torre Lamberti']",Duomo,strategy_nearest,False,0.0027549266815185547,success
042DD7429C4C80,3,['Arena'],Casa Giulietta,"['Centro Fotografia', 'Sighseeing', 'Torre Lamberti', 'Museo Conte', 'Museo Radio']",Santa Anastasia,strategy_nearest,False,0.00323486328125,success
042DDEBA7B3F80,1,"['Torre Lamberti', 'Palazzo della Ragione']",Castelvecchio,"['Museo Lapidario', 'Verona Tour', 'Arena', 'Museo Radio', 'San Zeno']",Casa Giulietta,strategy_nearest,False,0.0031478404998779297,success
042DE4BA7B3F80,1,"['Arena', 'San Fermo', 'Tomba Giulietta', 'Palazzo della Ragione', 'Santa Anastasia']",San Zeno,"['Castelvecchio', 'Verona Tour', 'Museo Lapidario', 'Museo Miniscalchi', 'Sighseeing']",Castelvecchio,strategy_nearest,True,0.0020418167114257812,success
042DEB429C4C80,3,"['Arena', 'Santa Anastasia', 'Duomo']",San Zeno,"['Castelvecchio', 'Verona Tour', 'Museo Lapidario', 'Museo Miniscalchi', 'Sighseeing']",Torre Lamberti,strategy_nearest,False,0.0026900768280029297,success
042DE03A9C4C80,4,"['Arena', 'Museo Radio']",Tomba Giulietta,"['San Fermo', 'Museo Storia', 'Museo Lapidario', 'Verona Tour', 'Casa Giulietta']",Casa Giulietta,strategy_nearest,True,0.0025599002838134766,success
042E003A9C4C84,0,"['Arena', 'Casa Giulietta']",Torre Lamberti,"['Sighseeing', 'Centro Fotografia', 'Museo Conte', 'Palazzo della Ragione', 'AMO']",Castelvecchio,strategy_nearest,False,0.0033731460571289062,success
042E3A3A9C4C80,0,"['Arena', 'Museo Lapidario']",Castelvecchio,"['Verona Tour', 'Museo Radio', 'San Zeno', 'Sighseeing', 'Museo Miniscalchi']",Duomo,strategy_nearest,False,0.002577066421508789,success
042E3C3A9C4C80,0,"['Duomo', 'Teatro Romano']",Castelvecchio,"['Museo Lapidario', 'Verona Tour', 'Arena', 'Museo Radio', 'San Zeno']",Arena,strategy_nearest,True,0.0024480819702148438,success
042E3B3A9C4C80,0,['Arena'],Torre Lamberti,"['Sighseeing', 'Centro Fotografia', 'Museo Conte', 'Casa Giulietta', 'Palazzo della Ragione']",Casa Giulietta,strategy_nearest,True,0.0030791759490966797,success
042E403A9C4C80,0,['Casa Giulietta'],Torre Lamberti,"['Sighseeing', 'Centro Fotografia', 'Museo Conte', 'Palazzo della Ragione', 'AMO']",Arena,strategy_nearest,False,0.002413034439086914,success
042E56429C4C80,0,['Arena'],Casa Giulietta,"['Centro Fotografia', 'Sighseeing', 'Torre Lamberti', 'Museo Conte', 'Museo Radio']",Torre Lamberti,strategy_nearest,True,0.0027451515197753906,success
042E52429C4C80,1,"['Arena', 'Palazzo della Ragione']",Torre Lamberti,"['Sighseeing', 'Centro Fotografia', 'Museo Conte', 'Casa Giulietta', 'AMO']",Santa Anastasia,strategy_nearest,False,0.003409147262573242,success
042E513A9C4C80,2,['Tomba Giulietta'],Casa Giulietta,"['Centro Fotografia', 'Sighseeing', 'Torre Lamberti', 'Museo Conte', 'Museo Radio']",Palazzo della Ragione,strategy_nearest,False,0.002173900604248047,success
042E66429C4C80,3,"['Arena', 'Casa Giulietta']",San Fermo,"['Museo Storia', 'Museo Radio', 'Centro Fotografia', 'Sighseeing', 'Torre Lamberti']",Torre Lamberti,strategy_nearest,True,0.001886129379272461,success
042E57429C4C80,0,['Casa Giulietta'],Arena,"['Verona Tour', 'Museo Lapidario', 'Museo Radio', 'San Fermo', 'Sighseeing']",Castelvecchio,strategy_nearest,False,0.0032148361206054688,success
042E5A429C4C80,1,"['Torre Lamberti', 'Palazzo della Ragione']",Santa Anastasia,"['AMO', 'Museo Conte', 'Teatro Romano', 'Centro Fotografia', 'Duomo']",Casa Giulietta,strategy_nearest,False,0.003428936004638672,success
042E6A429C4C80,3,"['Tomba Giulietta', 'Arena', 'Casa Giulietta']",Torre Lamberti,"['Sighseeing', 'Centro Fotografia', 'Museo Conte', 'Palazzo della Ragione', 'AMO']",Teatro Romano,strategy_nearest,False,0.0031838417053222656,success
042E743A9C4C81,2,['Casa Giulietta'],Museo Lapidario,"['Verona Tour', 'Arena', 'Castelvecchio', 'Museo Radio', 'San Fermo']",Castelvecchio,strategy_nearest,True,0.0019261837005615234,success
042E763A9C4C80,0,"['Casa Giulietta', 'Torre Lamberti']",Arena,"['Verona Tour', 'Museo Lapidario', 'Museo Radio', 'San Fermo', 'Sighseeing']",Castelvecchio,strategy_nearest,False,0.002538919448852539,success
042E71429C4C80,3,['Arena'],San Fermo,"['Museo Storia', 'Museo Radio', 'Casa Giulietta', 'Centro Fotografia', 'Sighseeing']",San Zeno,strategy_nearest,False,0.0038962364196777344,success
042E7A429C4C80,0,['Castelvecchio'],Arena,"['Verona Tour', 'Museo Lapidario', 'Museo Radio', 'San Fermo', 'Casa Giulietta']",Casa Giulietta,strategy_nearest,True,0.0025072097778320312,success
042E77BA7B3F80,2,"['Torre Lamberti', 'Palazzo della Ragione']",Museo Storia,"['San Fermo', 'Museo Radio', 'Casa Giulietta', 'Centro Fotografia', 'Tomba Giulietta']",Giardino Giusti,strategy_nearest,False,0.003055095672607422,success
042E7B3A9C4C80,1,"['Castelvecchio', 'Teatro Romano']",Palazzo della Ragione,"['AMO', 'Museo Conte', 'Torre Lamberti', 'Centro Fotografia', 'Sighseeing']",Casa Giulietta,strategy_nearest,False,0.0025568008422851562,success
042E7B429C4C80,3,['Arena'],Casa Giulietta,"['Centro Fotografia', 'Sighseeing', 'Torre Lamberti', 'Museo Conte', 'Museo Radio']",Torre Lamberti,strategy_nearest,True,0.0032320022583007812,success
042E7D3A9C4C80,1,"['Arena', 'Torre Lamberti']",Palazzo della Ragione,"['AMO', 'Museo Conte', 'Centro Fotografia', 'Sighseeing', 'Santa Anastasia']",Casa Giulietta,strategy_nearest,False,0.002741098403930664,success
042E7E4A9C4C81,1,"['Arena', 'Casa Giulietta']",Torre Lamberti,"['Sighseeing', 'Centro Fotografia', 'Museo Conte', 'Palazzo della Ragione', 'AMO']",Palazzo della Ragione,strategy_nearest,True,0.003396749496459961,success
042E7F429C4C80,1,"['Casa Giulietta', 'Santa Anastasia', 'Arena']",Castelvecchio,"['Museo Lapidario', 'Verona Tour', 'Museo Radio', 'San Zeno', 'Sighseeing']",Torre Lamberti,strategy_nearest,False,0.003331899642944336,success
042E884A9C4C80,0,"['Tomba Giulietta', 'Arena']",Casa Giulietta,"['Centro Fotografia', 'Sighseeing', 'Torre Lamberti', 'Museo Conte', 'Museo Radio']",Teatro Romano,strategy_nearest,False,0.001905202865600586,success
042E8B3A9C4C81,0,['Castelvecchio'],Arena,"['Verona Tour', 'Museo Lapidario', 'Museo Radio', 'San Fermo', 'Casa Giulietta']",Casa Giulietta,strategy_nearest,True,0.0026290416717529297,success
042E85BA7B3F80,2,"['Torre Lamberti', 'Palazzo della Ragione']",Museo Storia,"['San Fermo', 'Museo Radio', 'Casa Giulietta', 'Centro Fotografia', 'Tomba Giulietta']",San Fermo,strategy_nearest,True,0.004213094711303711,success
042E8F3A9C4C81,3,"['Arena', 'Casa Giulietta']",Torre Lamberti,"['Sighseeing', 'Centro Fotografia', 'Museo Conte', 'Palazzo della Ragione', 'AMO']",Santa Anastasia,strategy_nearest,False,0.0018579959869384766,success
042E8C429C4C80,0,['Castelvecchio'],Casa Giulietta,"['Centro Fotografia', 'Sighseeing', 'Torre Lamberti', 'Museo Conte', 'Museo Radio']",Arena,strategy_nearest,False,0.0035178661346435547,success
042E90BA7B3F80,3,"['Arena', 'Casa Giulietta']",Castelvecchio,"['Museo Lapidario', 'Verona Tour', 'Museo Radio', 'San Zeno', 'Sighseeing']",Torre Lamberti,strategy_nearest,False,0.0035457611083984375,success
042E90429C4C81,3,"['Arena', 'San Zeno']",Castelvecchio,"['Museo Lapidario', 'Verona Tour', 'Museo Radio', 'Sighseeing', 'Museo Miniscalchi']",Casa Giulietta,strategy_nearest,False,0.0028810501098632812,success
042E91BA7B3F80,3,"['Arena', 'Casa Giulietta']",Castelvecchio,"['Museo Lapidario', 'Verona Tour', 'Museo Radio', 'San Zeno', 'Sighseeing']",Torre Lamberti,strategy_nearest,False,0.0019969940185546875,success
042E97BA7B3F80,2,"['Casa Giulietta', 'Torre Lamberti']",Santa Anastasia,"['AMO', 'Museo Conte', 'Palazzo della Ragione', 'Teatro Romano', 'Centro Fotografia']",Castelvecchio,strategy_nearest,False,0.0027589797973632812,success
042E9DBA7B3F80,2,"['Casa Giulietta', 'Torre Lamberti']",Santa Anastasia,"['AMO', 'Museo Conte', 'Palazzo della Ragione', 'Teatro Romano', 'Centro Fotografia']",Castelvecchio,strategy_nearest,False,0.0032999515533447266,success
042E98429C4C80,1,"['Arena', 'Casa Giulietta']",Torre Lamberti,"['Sighseeing', 'Centro Fotografia', 'Museo Conte', 'Palazzo della Ragione', 'AMO']",Palazzo della Ragione,strategy_nearest,True,0.0026998519897460938,success
042EAA3A9C4C80,3,['Arena'],Santa Anastasia,"['AMO', 'Museo Conte', 'Palazzo della Ragione', 'Teatro Romano', 'Centro Fotografia']",Torre Lamberti,strategy_nearest,False,0.0023508071899414062,success
042EAE3A9C4C81,0,['Arena'],Casa Giulietta,"['Centro Fotografia', 'Sighseeing', 'Torre Lamberti', 'Museo Conte', 'Museo Radio']",Tomba Giulietta,strategy_nearest,False,0.0024492740631103516,success
042EB13A9C4C81,1,"['Arena', 'Casa Giulietta']",Torre Lamberti,"['Sighseeing', 'Centro Fotografia', 'Museo Conte', 'Palazzo della Ragione', 'AMO']",Palazzo della Ragione,strategy_nearest,True,0.0023620128631591797,success
042EB0429C4C81,3,"['Arena', 'Torre Lamberti']",Casa Giulietta,"['Centro Fotografia', 'Sighseeing', 'Museo Conte', 'Museo Radio', 'Palazzo della Ragione']",Castelvecchio,strategy_nearest,False,0.003616809844970703,success
042EB23A9C4C81,0,['Arena'],Casa Giulietta,"['Centro Fotografia', 'Sighseeing', 'Torre Lamberti', 'Museo Conte', 'Museo Radio']",Torre Lamberti,strategy_nearest,True,0.002568960189819336,success
042EB2429C4C80,3,"['Arena', 'Casa Giulietta']",Torre Lamberti,"['Sighseeing', 'Centro Fotografia', 'Museo Conte', 'Palazzo della Ragione', 'AMO']",Santa Anastasia,strategy_nearest,False,0.003137826919555664,success
042EB3429C4C81,0,['Arena'],Castelvecchio,"['Museo Lapidario', 'Verona Tour', 'Museo Radio', 'San Zeno', 'Sighseeing']",Tomba Giulietta,strategy_nearest,False,0.002028942108154297,success
042EB2429C4C81,3,"['Arena', 'Casa Giulietta']",Santa Anastasia,"['AMO', 'Museo Conte', 'Palazzo della Ragione', 'Teatro Romano', 'Centro Fotografia']",Torre Lamberti,strategy_nearest,False,0.003553152084350586,success
042EB63A9C4C81,0,['Castelvecchio'],Arena,"['Verona Tour', 'Museo Lapidario', 'Museo Radio', 'San Fermo', 'Casa Giulietta']",Casa Giulietta,strategy_nearest,True,0.0026471614837646484,success
042EB33A9C4C80,3,['Arena'],Santa Anastasia,"['AMO', 'Museo Conte', 'Palazzo della Ragione', 'Teatro Romano', 'Centro Fotografia']",San Zeno,strategy_nearest,False,0.004073143005371094,success
042EBD429C4C80,0,['Arena'],Casa Giulietta,"['Centro Fotografia', 'Sighseeing', 'Torre Lamberti', 'Museo Conte', 'Museo Radio']",Tomba Giulietta,strategy_nearest,False,0.003180980682373047,success
042EB7429C4C81,0,['Arena'],Museo Lapidario,"['Verona Tour', 'Castelvecchio', 'Museo Radio', 'San Fermo', 'Casa Giulietta']",Castelvecchio,strategy_nearest,True,0.0028519630432128906,success
042EB6429C4C80,3,"['Tomba Giulietta', 'Arena', 'Casa Giulietta']",Torre Lamberti,"['Sighseeing', 'Centro Fotografia', 'Museo Conte', 'Palazzo della Ragione', 'AMO']",Santa Anastasia,strategy_nearest,False,0.002688169479370117,success
042EB8429C4C81,2,['Casa Giulietta'],Palazzo della Ragione,"['AMO', 'Museo Conte', 'Torre Lamberti', 'Centro Fotografia', 'Sighseeing']",Castelvecchio,strategy_nearest,False,0.0034759044647216797,success
042EBF429C4C80,2,['Casa Giulietta'],Torre Lamberti,"['Sighseeing', 'Centro Fotografia', 'Museo Conte', 'Palazzo della Ragione', 'AMO']",Santa Anastasia,strategy_nearest,False,0.0015828609466552734,success
042EC13A9C4C81,0,"['Castelvecchio', 'Arena']",Tomba Giulietta,"['San Fermo', 'Museo Storia', 'Museo Lapidario', 'Museo Radio', 'Verona Tour']",Casa Giulietta,strategy_nearest,False,0.0021729469299316406,success
042EC33A9C4C81,0,['Castelvecchio'],Arena,"['Verona Tour', 'Museo Lapidario', 'Museo Radio', 'San Fermo', 'Casa Giulietta']",Casa Giulietta,strategy_nearest,True,0.0032548904418945312,success
042EBE429C4C80,0,"['Castelvecchio', 'Arena']",Torre Lamberti,"['Sighseeing', 'Centro Fotografia', 'Museo Conte', 'Casa Giulietta', 'Palazzo della Ragione']",Casa Giulietta,strategy_nearest,True,0.0028388500213623047,success
042EC7429C4C80,3,['Casa Giulietta'],Arena,"['Verona Tour', 'Museo Lapidario', 'Museo Radio', 'San Fermo', 'Sighseeing']",Torre Lamberti,strategy_nearest,False,0.0020279884338378906,success
042ED53A9C4C80,3,"['Arena', 'Santa Anastasia', 'Duomo']",Casa Giulietta,"['Centro Fotografia', 'Sighseeing', 'Torre Lamberti', 'Museo Conte', 'Museo Radio']",San Zeno,strategy_nearest,False,0.0026929378509521484,success
042ECF429C4C81,1,"['Arena', 'Castelvecchio', 'San Zeno']",Museo Lapidario,"['Verona Tour', 'Museo Radio', 'San Fermo', 'Casa Giulietta', 'Tomba Giulietta']",Duomo,strategy_nearest,False,0.002805948257446289,success
042ED7429C4C80,1,"['Arena', 'Santa Anastasia', 'Teatro Romano', 'Duomo', 'Torre Lamberti']",Palazzo della Ragione,"['AMO', 'Museo Conte', 'Centro Fotografia', 'Sighseeing', 'Museo Miniscalchi']",Giardino Giusti,strategy_nearest,False,0.003364086151123047,success
042EDC3A9C4C80,0,"['Casa Giulietta', 'Casa Giulietta']",Torre Lamberti,"['Sighseeing', 'Centro Fotografia', 'Museo Conte', 'Palazzo della Ragione', 'AMO']",Arena,strategy_nearest,False,0.0018970966339111328,success
042ED9BA7B3F80,0,"['Arena', 'Casa Giulietta']",Castelvecchio,"['Museo Lapidario', 'Verona Tour', 'Museo Radio', 'San Zeno', 'Sighseeing']",Duomo,strategy_nearest,False,0.002541065216064453,success
042EDE3A9C4C80,0,['Arena'],Torre Lamberti,"['Sighseeing', 'Centro Fotografia', 'Museo Conte', 'Casa Giulietta', 'Palazzo della Ragione']",Casa Giulietta,strategy_nearest,True,0.003690004348754883,success
042EE83A9C4C80,3,"['Torre Lamberti', 'Santa Anastasia']",Teatro Romano,"['Duomo', 'AMO', 'Palazzo della Ragione', 'Museo Conte', 'Centro Fotografia']",Duomo,strategy_nearest,True,0.0031981468200683594,success
042EECBA7B3F80,3,['Arena'],Casa Giulietta,"['Centro Fotografia', 'Sighseeing', 'Torre Lamberti', 'Museo Conte', 'Museo Radio']",Santa Anastasia,strategy_nearest,False,0.003072977066040039,success
042EEA429C4C80,0,"['Teatro Romano', 'Arena']",Castelvecchio,"['Museo Lapidario', 'Verona Tour', 'Museo Radio', 'San Zeno', 'Sighseeing']",Casa Giulietta,strategy_nearest,False,0.0025038719177246094,success
042F5F3A9C4C80,1,"['Arena', 'San Zeno', 'Castelvecchio', 'Teatro Romano']",Duomo,"['AMO', 'Museo Miniscalchi', 'Santa Anastasia', 'Palazzo della Ragione', 'Museo Conte']",Santa Anastasia,strategy_nearest,True,0.002637147903442383,success
042F573A9C4C80,0,['Arena'],Casa Giulietta,"['Centro Fotografia', 'Sighseeing', 'Torre Lamberti', 'Museo Conte', 'Museo Radio']",Castelvecchio,strategy_nearest,False,0.0021839141845703125,success
042F383A9C4C80,0,['Casa Giulietta'],Arena,"['Verona Tour', 'Museo Lapidario', 'Museo Radio', 'San Fermo', 'Sighseeing']",Castelvecchio,strategy_nearest,False,0.0021750926971435547,success
042F64429C4C81,1,"['Castelvecchio', 'Arena']",Palazzo della Ragione,"['AMO', 'Museo Conte', 'Torre Lamberti', 'Centro Fotografia', 'Sighseeing']",Casa Giulietta,strategy_nearest,False,0.003242969512939453,success
042F65429C4C80,1,"['Castelvecchio', 'Arena', 'Casa Giulietta']",Torre Lamberti,"['Sighseeing', 'Centro Fotografia', 'Museo Conte', 'Palazzo della Ragione', 'AMO']",Palazzo della Ragione,strategy_nearest,True,0.002719879150390625,success
042F69429C4C80,3,"['Arena', 'Torre Lamberti', 'Teatro Romano']",Duomo,"['AMO', 'Museo Miniscalchi', 'Santa Anastasia', 'Palazzo della Ragione', 'Museo Conte']",Casa Giulietta,strategy_nearest,False,0.0014274120330810547,success
042F68429C4C80,0,['Arena'],Casa Giulietta,"['Centro Fotografia', 'Sighseeing', 'Torre Lamberti', 'Museo Conte', 'Museo Radio']",Santa Anastasia,strategy_nearest,False,0.0027320384979248047,success
042F69429C4C81,2,"['Palazzo della Ragione', 'Torre Lamberti']",Santa Anastasia,"['AMO', 'Museo Conte', 'Teatro Romano', 'Centro Fotografia', 'Duomo']",Teatro Romano,strategy_nearest,True,0.003428936004638672,success
042F70429C4C80,1,"['Arena', 'Casa Giulietta']",Palazzo della Ragione,"['AMO', 'Museo Conte', 'Torre Lamberti', 'Centro Fotografia', 'Sighseeing']",Torre Lamberti,strategy_nearest,True,0.003407001495361328,success
042F6A429C4C81,3,['Torre Lamberti'],Casa Giulietta,"['Centro Fotografia', 'Sighseeing', 'Museo Conte', 'Museo Radio', 'Palazzo della Ragione']",Arena,strategy_nearest,False,0.002619028091430664,success
042F6F429C4C80,3,"['Teatro Romano', 'Duomo', 'Santa Anastasia']",Torre Lamberti,"['Sighseeing', 'Centro Fotografia', 'Museo Conte', 'Casa Giulietta', 'Palazzo della Ragione']",Casa Giulietta,strategy_nearest,True,0.0028159618377685547,success
042F713A9C4C81,0,['Teatro Romano'],Teatro Romano,"['Santa Anastasia', 'Duomo', 'AMO', 'Palazzo della Ragione', 'Museo Conte']",Arena,strategy_nearest,False,0.0031518936157226562,success
042F7F3A9C4C81,0,"['Casa Giulietta', 'Castelvecchio']",Arena,"['Verona Tour', 'Museo Lapidario', 'Museo Radio', 'San Fermo', 'Sighseeing']",San Fermo,strategy_nearest,True,0.0016582012176513672,success
042F813A9C4C80,3,"['Arena', 'Casa Giulietta', 'Torre Lamberti']",Santa Anastasia,"['AMO', 'Museo Conte', 'Palazzo della Ragione', 'Teatro Romano', 'Centro Fotografia']",Duomo,strategy_nearest,False,0.002346038818359375,success
042F803A9C4C80,2,['Casa Giulietta'],Torre Lamberti,"['Sighseeing', 'Centro Fotografia', 'Museo Conte', 'Palazzo della Ragione', 'AMO']",Palazzo della Ragione,strategy_nearest,True,0.0032138824462890625,success
042F81429C4C80,1,"['Casa Giulietta', 'Torre Lamberti']",Palazzo della Ragione,"['AMO', 'Museo Conte', 'Centro Fotografia', 'Sighseeing', 'Santa Anastasia']",Arena,strategy_nearest,False,0.0033600330352783203,success
042F91429C4C81,1,"['Arena', 'Casa Giulietta']",Torre Lamberti,"['Sighseeing', 'Centro Fotografia', 'Museo Conte', 'Palazzo della Ragione', 'AMO']",Palazzo della Ragione,strategy_nearest,True,0.0017991065979003906,success
042F833A9C4C80,1,"['Casa Giulietta', 'Torre Lamberti', 'Palazzo della Ragione']",Arena,"['Verona Tour', 'Museo Lapidario', 'Museo Radio', 'San Fermo', 'Sighseeing']",Castelvecchio,strategy_nearest,False,0.003889799118041992,success
042F99429C4C81,0,['Castelvecchio'],Arena,"['Verona Tour', 'Museo Lapidario', 'Museo Radio', 'San Fermo', 'Casa Giulietta']",Casa Giulietta,strategy_nearest,True,0.003404855728149414,success
042F9C4A9C4C81,0,"['Torre Lamberti', 'Arena']",San Zeno,"['Castelvecchio', 'Verona Tour', 'Museo Lapidario', 'Museo Miniscalchi', 'Sighseeing']",Castelvecchio,strategy_nearest,True,0.002628803253173828,success
042FA14A9C4C80,0,['Arena'],Casa Giulietta,"['Centro Fotografia', 'Sighseeing', 'Torre Lamberti', 'Museo Conte', 'Museo Radio']",Duomo,strategy_nearest,False,0.004149913787841797,success
042FAB3A9C4C81,2,"['Casa Giulietta', 'Torre Lamberti']",Santa Anastasia,"['AMO', 'Museo Conte', 'Palazzo della Ragione', 'Teatro Romano', 'Centro Fotografia']",Duomo,strategy_nearest,False,0.0025157928466796875,success
042FB13A9C4C80,3,"['Arena', 'Casa Giulietta']",Torre Lamberti,"['Sighseeing', 'Centro Fotografia', 'Museo Conte', 'Palazzo della Ragione', 'AMO']",Castelvecchio,strategy_nearest,False,0.0017409324645996094,success
042FB23A9C4C81,3,"['Casa Giulietta', 'Santa Anastasia', 'Teatro Romano']",Torre Lamberti,"['Sighseeing', 'Centro Fotografia', 'Museo Conte', 'Palazzo della Ragione', 'AMO']",San Fermo,strategy_nearest,False,0.0035300254821777344,success
042FB5429C4C81,1,"['Torre Lamberti', 'Palazzo della Ragione']",Arena,"['Verona Tour', 'Museo Lapidario', 'Museo Radio', 'San Fermo', 'Casa Giulietta']",Santa Anastasia,strategy_nearest,False,0.0028307437896728516,success
042FB5429C4C80,1,"['Arena', 'Santa Anastasia']",Teatro Romano,"['Duomo', 'AMO', 'Palazzo della Ragione', 'Museo Conte', 'Centro Fotografia']",Torre Lamberti,strategy_nearest,False,0.0022161006927490234,success
042FB8429C4C81,0,['Arena'],Museo Lapidario,"['Verona Tour', 'Castelvecchio', 'Museo Radio', 'San Fermo', 'Casa Giulietta']",Castelvecchio,strategy_nearest,True,0.002780914306640625,success
042FBB3A9C4C80,0,"['Torre Lamberti', 'Duomo']",Casa Giulietta,"['Centro Fotografia', 'Sighseeing', 'Museo Conte', 'Museo Radio', 'Palazzo della Ragione']",Arena,strategy_nearest,False,0.0012509822845458984,success
042FBB3A9C4C81,1,['Arena'],Torre Lamberti,"['Sighseeing', 'Centro Fotografia', 'Museo Conte', 'Casa Giulietta', 'Palazzo della Ragione']",Palazzo della Ragione,strategy_nearest,True,0.0033180713653564453,success
042FB7429C4C81,0,['Arena'],Casa Giulietta,"['Centro Fotografia', 'Sighseeing', 'Torre Lamberti', 'Museo Conte', 'Museo Radio']",Torre Lamberti,strategy_nearest,True,0.005433082580566406,success
042FBB429C4C81,0,['Arena'],Casa Giulietta,"['Centro Fotografia', 'Sighseeing', 'Torre Lamberti', 'Museo Conte', 'Museo Radio']",Teatro Romano,strategy_nearest,False,0.004027843475341797,success
042FBE429C4C80,3,"['Casa Giulietta', 'Santa Anastasia']",Arena,"['Verona Tour', 'Museo Lapidario', 'Museo Radio', 'San Fermo', 'Sighseeing']",Castelvecchio,strategy_nearest,False,0.0015568733215332031,success
042FBC429C4C80,3,"['Museo Storia', 'Santa Anastasia']",Duomo,"['AMO', 'Museo Miniscalchi', 'Teatro Romano', 'Palazzo della Ragione', 'Museo Conte']",Casa Giulietta,strategy_nearest,False,0.004183053970336914,success
042FBD429C4C80,3,"['Casa Giulietta', 'Torre Lamberti', 'Santa Anastasia']",Duomo,"['AMO', 'Museo Miniscalchi', 'Teatro Romano', 'Palazzo della Ragione', 'Museo Conte']",Teatro Romano,strategy_nearest,True,0.003342151641845703,success
042FBE429C4C81,0,"['Castelvecchio', 'Arena']",Casa Giulietta,"['Centro Fotografia', 'Sighseeing', 'Torre Lamberti', 'Museo Conte', 'Museo Radio']",Torre Lamberti,strategy_nearest,True,0.0035851001739501953,success
042FC4429C4C81,0,['Casa Giulietta'],Arena,"['Verona Tour', 'Museo Lapidario', 'Museo Radio', 'San Fermo', 'Sighseeing']",Castelvecchio,strategy_nearest,False,0.002984762191772461,success
042FC73A9C4C81,0,['Arena'],Casa Giulietta,"['Centro Fotografia', 'Sighseeing', 'Torre Lamberti', 'Museo Conte', 'Museo Radio']",Torre Lamberti,strategy_nearest,True,0.0021550655364990234,success
042FC8429C4C80,1,"['Arena', 'Casa Giulietta']",Torre Lamberti,"['Sighseeing', 'Centro Fotografia', 'Museo Conte', 'Palazzo della Ragione', 'AMO']",Palazzo della Ragione,strategy_nearest,True,0.0031218528747558594,success
042FCE3A9C4C80,3,"['Arena', 'Castelvecchio']",Santa Anastasia,"['AMO', 'Museo Conte', 'Palazzo della Ragione', 'Teatro Romano', 'Centro Fotografia']",Duomo,strategy_nearest,False,0.0016231536865234375,success
042FD7429C4C80,1,"['Arena', 'Casa Giulietta', 'Teatro Romano']",Giardino Giusti,"['Santa Anastasia', 'Museo Conte', 'Centro Fotografia', 'Museo Storia', 'AMO']",Torre Lamberti,strategy_nearest,False,0.0039179325103759766,success
042FD1429C4C81,3,"['Arena', 'Casa Giulietta']",Santa Anastasia,"['AMO', 'Museo Conte', 'Palazzo della Ragione', 'Teatro Romano', 'Centro Fotografia']",Teatro Romano,strategy_nearest,True,0.0033767223358154297,success
042FC8429C4C81,0,['Arena'],Casa Giulietta,"['Centro Fotografia', 'Sighseeing', 'Torre Lamberti', 'Museo Conte', 'Museo Radio']",Torre Lamberti,strategy_nearest,True,0.0027930736541748047,success
042FD83A9C4C80,1,"['Teatro Romano', 'Duomo', 'Casa Giulietta']",Torre Lamberti,"['Sighseeing', 'Centro Fotografia', 'Museo Conte', 'Palazzo della Ragione', 'AMO']",Palazzo della Ragione,strategy_nearest,True,0.0015883445739746094,success
042FDA3A9C4C80,1,"['Arena', 'Casa Giulietta', 'San Fermo']",Santa Anastasia,"['AMO', 'Museo Conte', 'Palazzo della Ragione', 'Teatro Romano', 'Centro Fotografia']",Duomo,strategy_nearest,False,0.0028018951416015625,success
042FE13A9C4C80,3,"['Arena', 'San Fermo', 'Torre Lamberti']",Giardino Giusti,"['Santa Anastasia', 'Teatro Romano', 'Museo Conte', 'Centro Fotografia', 'Museo Storia']",Teatro Romano,strategy_nearest,True,0.0021288394927978516,success
042FF03A9C4C80,3,"['Castelvecchio', 'Arena']",Casa Giulietta,"['Centro Fotografia', 'Sighseeing', 'Torre Lamberti', 'Museo Conte', 'Museo Radio']",Santa Anastasia,strategy_nearest,False,0.003414630889892578,success
042FF23A9C4C80,0,['Arena'],Castelvecchio,"['Museo Lapidario', 'Verona Tour', 'Museo Radio', 'San Zeno', 'Sighseeing']",Casa Giulietta,strategy_nearest,False,0.003676891326904297,success
042FF5429C4C80,0,['Torre Lamberti'],Arena,"['Verona Tour', 'Museo Lapidario', 'Museo Radio', 'San Fermo', 'Casa Giulietta']",Teatro Romano,strategy_nearest,False,0.002112150192260742,success
042FFD429C4C80,3,"['Arena', 'Torre Lamberti', 'Santa Anastasia']",Duomo,"['AMO', 'Museo Miniscalchi', 'Teatro Romano', 'Palazzo della Ragione', 'Museo Conte']",Giardino Giusti,strategy_nearest,False,0.0029108524322509766,success
0430363A9C4C80,3,"['Santa Anastasia', 'Duomo', 'Castelvecchio']",Casa Giulietta,"['Centro Fotografia', 'Sighseeing', 'Torre Lamberti', 'Museo Conte', 'Museo Radio']",Teatro Romano,strategy_nearest,False,0.0029039382934570312,success
043037429C4C80,0,['Casa Giulietta'],Arena,"['Verona Tour', 'Museo Lapidario', 'Museo Radio', 'San Fermo', 'Sighseeing']",Museo Lapidario,strategy_nearest,True,0.00272369384765625,success
04304B3A9C4C80,2,"['Teatro Romano', 'Torre Lamberti', 'Santa Anastasia']",Castelvecchio,"['Museo Lapidario', 'Verona Tour', 'Arena', 'Museo Radio', 'San Zeno']",Giardino Giusti,strategy_nearest,False,0.003390073776245117,success
043050429C4C80,3,['Arena'],Santa Anastasia,"['AMO', 'Museo Conte', 'Palazzo della Ragione', 'Teatro Romano', 'Centro Fotografia']",Duomo,strategy_nearest,False,0.002132892608642578,success
043065429C4C80,2,['Castelvecchio'],Casa Giulietta,"['Centro Fotografia', 'Sighseeing', 'Torre Lamberti', 'Museo Conte', 'Museo Radio']",Santa Anastasia,strategy_nearest,False,0.003165006637573242,success
0430663A9C4C81,1,"['Arena', 'Casa Giulietta', 'Palazzo della Ragione']",Torre Lamberti,"['Sighseeing', 'Centro Fotografia', 'Museo Conte', 'AMO', 'Museo Miniscalchi']",Tomba Giulietta,strategy_nearest,False,0.003267049789428711,success
043068429C4C81,0,"['Arena', 'Casa Giulietta']",Torre Lamberti,"['Sighseeing', 'Centro Fotografia', 'Museo Conte', 'Palazzo della Ragione', 'AMO']",Castelvecchio,strategy_nearest,False,0.0017879009246826172,success
043066429C4C81,3,"['Arena', 'San Fermo', 'Casa Giulietta']",Duomo,"['AMO', 'Museo Miniscalchi', 'Santa Anastasia', 'Teatro Romano', 'Palazzo della Ragione']",Teatro Romano,strategy_nearest,True,0.002835988998413086,success
04306A429C4C80,1,"['Arena', 'Casa Giulietta']",Torre Lamberti,"['Sighseeing', 'Centro Fotografia', 'Museo Conte', 'Palazzo della Ragione', 'AMO']",Palazzo della Ragione,strategy_nearest,True,0.003206968307495117,success
043075429C4C80,1,"['Arena', 'Torre Lamberti']",Palazzo della Ragione,"['AMO', 'Museo Conte', 'Centro Fotografia', 'Sighseeing', 'Santa Anastasia']",Casa Giulietta,strategy_nearest,False,0.004238128662109375,success
0430793A9C4C80,1,"['Santa Anastasia', 'Torre Lamberti', 'Arena']",Tomba Giulietta,"['San Fermo', 'Museo Storia', 'Museo Lapidario', 'Museo Radio', 'Verona Tour']",Casa Giulietta,strategy_nearest,False,0.0020678043365478516,success
0430773A9C4C81,1,['Arena'],Palazzo della Ragione,"['AMO', 'Museo Conte', 'Torre Lamberti', 'Centro Fotografia', 'Sighseeing']",Torre Lamberti,strategy_nearest,True,0.0020487308502197266,success
043079429C4C81,1,"['Arena', 'Museo Lapidario', 'Palazzo della Ragione']",Casa Giulietta,"['Centro Fotografia', 'Sighseeing', 'Torre Lamberti', 'Museo Conte', 'Museo Radio']",Santa Anastasia,strategy_nearest,False,0.0033469200134277344,success
04307C3A9C4C80,3,"['Arena', 'Casa Giulietta', 'Torre Lamberti']",Santa Anastasia,"['AMO', 'Museo Conte', 'Palazzo della Ragione', 'Teatro Romano', 'Centro Fotografia']",Duomo,strategy_nearest,False,0.002724170684814453,success
04307C429C4C80,1,"['Arena', 'Casa Giulietta', 'Torre Lamberti']",Palazzo della Ragione,"['AMO', 'Museo Conte', 'Centro Fotografia', 'Sighseeing', 'Santa Anastasia']",Santa Anastasia,strategy_nearest,True,0.003219127655029297,success
04307C429C4C81,3,"['Arena', 'Teatro Romano']",Duomo,"['AMO', 'Museo Miniscalchi', 'Santa Anastasia', 'Palazzo della Ragione', 'Museo Conte']",Santa Anastasia,strategy_nearest,True,0.0029871463775634766,success
04307B429C4C81,1,"['Arena', 'Casa Giulietta', 'Palazzo della Ragione']",Torre Lamberti,"['Sighseeing', 'Centro Fotografia', 'Museo Conte', 'AMO', 'Museo Miniscalchi']",Santa Anastasia,strategy_nearest,False,0.002105712890625,success
04307D3A9C4C81,0,['Casa Giulietta'],Tomba Giulietta,"['San Fermo', 'Museo Storia', 'Arena', 'Museo Lapidario', 'Museo Radio']",Torre Lamberti,strategy_nearest,False,0.0019037723541259766,success
04307D429C4C80,3,['Arena'],San Zeno,"['Castelvecchio', 'Verona Tour', 'Museo Lapidario', 'Museo Miniscalchi', 'Sighseeing']",Santa Anastasia,strategy_nearest,False,0.0025560855865478516,success
04307F3A9C4C80,0,"['Arena', 'Casa Giulietta']",Torre Lamberti,"['Sighseeing', 'Centro Fotografia', 'Museo Conte', 'Palazzo della Ragione', 'AMO']",San Zeno,strategy_nearest,False,0.0027570724487304688,success
04307E3A9C4C81,3,"['Arena', 'Torre Lamberti', 'Casa Giulietta']",Giardino Giusti,"['Santa Anastasia', 'Teatro Romano', 'Museo Conte', 'Centro Fotografia', 'Museo Storia']",Santa Anastasia,strategy_nearest,True,0.0035810470581054688,success
0430803A9C4C80,3,"['Castelvecchio', 'Casa Giulietta']",Torre Lamberti,"['Sighseeing', 'Centro Fotografia', 'Museo Conte', 'Palazzo della Ragione', 'AMO']",Santa Anastasia,strategy_nearest,False,0.002836942672729492,success
04308A4A9C4C80,3,"['Arena', 'Casa Giulietta']",Torre Lamberti,"['Sighseeing', 'Centro Fotografia', 'Museo Conte', 'Palazzo della Ragione', 'AMO']",Santa Anastasia,strategy_nearest,False,0.002501964569091797,success
04308B3A9C4C80,3,"['Arena', 'Casa Giulietta']",Torre Lamberti,"['Sighseeing', 'Centro Fotografia', 'Museo Conte', 'Palazzo della Ragione', 'AMO']",Santa Anastasia,strategy_nearest,False,0.0034592151641845703,success
0430843A9C4C81,0,['Arena'],Casa Giulietta,"['Centro Fotografia', 'Sighseeing', 'Torre Lamberti', 'Museo Conte', 'Museo Radio']",Torre Lamberti,strategy_nearest,True,0.0035521984100341797,success
04308C3A9C4C80,1,['Arena'],Casa Giulietta,"['Centro Fotografia', 'Sighseeing', 'Torre Lamberti', 'Museo Conte', 'Museo Radio']",Palazzo della Ragione,strategy_nearest,False,0.002106189727783203,success
04308B429C4C80,3,"['Teatro Romano', 'Casa Giulietta']",Arena,"['Verona Tour', 'Museo Lapidario', 'Museo Radio', 'San Fermo', 'Sighseeing']",Museo Storia,strategy_nearest,False,0.0029320716857910156,success
043098429C4C80,0,['Arena'],Casa Giulietta,"['Centro Fotografia', 'Sighseeing', 'Torre Lamberti', 'Museo Conte', 'Museo Radio']",Torre Lamberti,strategy_nearest,True,0.0022211074829101562,success
0430A04A9C4C80,1,"['Arena', 'Torre Lamberti']",Palazzo della Ragione,"['AMO', 'Museo Conte', 'Centro Fotografia', 'Sighseeing', 'Santa Anastasia']",Santa Anastasia,strategy_nearest,True,0.0033054351806640625,success
04309E4A9C4C80,0,['Arena'],Torre Lamberti,"['Sighseeing', 'Centro Fotografia', 'Museo Conte', 'Casa Giulietta', 'Palazzo della Ragione']",Castelvecchio,strategy_nearest,False,0.0028498172760009766,success
04308E3A9C4C80,1,"['Arena', 'Castelvecchio']",Torre Lamberti,"['Sighseeing', 'Centro Fotografia', 'Museo Conte', 'Casa Giulietta', 'Palazzo della Ragione']",Palazzo della Ragione,strategy_nearest,True,0.0022699832916259766,success
0430AE429C4C80,3,"['Tomba Giulietta', 'Arena']",Casa Giulietta,"['Centro Fotografia', 'Sighseeing', 'Torre Lamberti', 'Museo Conte', 'Museo Radio']",Santa Anastasia,strategy_nearest,False,0.0031991004943847656,success
0430AA4A9C4C80,0,['Arena'],Casa Giulietta,"['Centro Fotografia', 'Sighseeing', 'Torre Lamberti', 'Museo Conte', 'Museo Radio']",Santa Anastasia,strategy_nearest,False,0.001714944839477539,success
0430A672743380,3,"['Tomba Giulietta', 'San Fermo', 'Castelvecchio']",San Zeno,"['Verona Tour', 'Museo Lapidario', 'Arena', 'Museo Miniscalchi', 'Sighseeing']",Arena,strategy_nearest,True,0.0026710033416748047,success
0430B1429C4C80,3,"['Arena', 'San Fermo', 'Santa Anastasia']",Duomo,"['AMO', 'Museo Miniscalchi', 'Teatro Romano', 'Palazzo della Ragione', 'Museo Conte']",Teatro Romano,strategy_nearest,True,0.003864765167236328,success
0430B4429C4C80,3,"['Arena', 'San Zeno']",Duomo,"['AMO', 'Museo Miniscalchi', 'Santa Anastasia', 'Teatro Romano', 'Palazzo della Ragione']",Teatro Romano,strategy_nearest,True,0.0022940635681152344,success
0430B3429C4C81,0,['Arena'],Casa Giulietta,"['Centro Fotografia', 'Sighseeing', 'Torre Lamberti', 'Museo Conte', 'Museo Radio']",Torre Lamberti,strategy_nearest,True,0.003248929977416992,success
0430B53A9C4C80,3,"['Arena', 'Casa Giulietta']",Torre Lamberti,"['Sighseeing', 'Centro Fotografia', 'Museo Conte', 'Palazzo della Ragione', 'AMO']",Santa Anastasia,strategy_nearest,False,0.0030813217163085938,success
0430B5429C4C81,2,['Torre Lamberti'],Casa Giulietta,"['Centro Fotografia', 'Sighseeing', 'Museo Conte', 'Museo Radio', 'Palazzo della Ragione']",Teatro Romano,strategy_nearest,False,0.003465890884399414,success
0430C3429C4C81,0,['Castelvecchio'],Arena,"['Verona Tour', 'Museo Lapidario', 'Museo Radio', 'San Fermo', 'Casa Giulietta']",Casa Giulietta,strategy_nearest,True,0.0034329891204833984,success
0430BA429C4C81,1,['Castelvecchio'],Arena,"['Verona Tour', 'Museo Lapidario', 'Museo Radio', 'San Fermo', 'Casa Giulietta']",Palazzo della Ragione,strategy_nearest,False,0.0021848678588867188,success
0430BF3A9C4C81,1,['Arena'],Casa Giulietta,"['Centro Fotografia', 'Sighseeing', 'Torre Lamberti', 'Museo Conte', 'Museo Radio']",Palazzo della Ragione,strategy_nearest,False,0.0028879642486572266,success
0430C43A9C4C80,2,['Castelvecchio'],Duomo,"['AMO', 'Museo Miniscalchi', 'Santa Anastasia', 'Teatro Romano', 'Palazzo della Ragione']",Santa Anastasia,strategy_nearest,True,0.0036318302154541016,success
0430CF3A9C4C80,3,['Arena'],Casa Giulietta,"['Centro Fotografia', 'Sighseeing', 'Torre Lamberti', 'Museo Conte', 'Museo Radio']",Santa Anastasia,strategy_nearest,False,0.0028839111328125,success
0430CA429C4C81,0,['Arena'],Giardino Giusti,"['Santa Anastasia', 'Teatro Romano', 'Museo Conte', 'Centro Fotografia', 'Museo Storia']",Casa Giulietta,strategy_nearest,False,0.002321958541870117,success
0430CE3A9C4C81,1,"['Arena', 'Casa Giulietta']",Santa Anastasia,"['AMO', 'Museo Conte', 'Palazzo della Ragione', 'Teatro Romano', 'Centro Fotografia']",Duomo,strategy_nearest,False,0.0015101432800292969,success
0430D23A9C4C81,0,"['Casa Giulietta', 'Arena']",Castelvecchio,"['Museo Lapidario', 'Verona Tour', 'Museo Radio', 'San Zeno', 'Sighseeing']",Tomba Giulietta,strategy_nearest,False,0.003358125686645508,success
0430E63A9C4C80,3,"['Arena', 'Torre Lamberti', 'Santa Anastasia']",Teatro Romano,"['Duomo', 'AMO', 'Palazzo della Ragione', 'Museo Conte', 'Centro Fotografia']",Duomo,strategy_nearest,True,0.002833127975463867,success
0430D73A9C4C80,3,"['San Fermo', 'Arena', 'Torre Lamberti']",Santa Anastasia,"['AMO', 'Museo Conte', 'Palazzo della Ragione', 'Teatro Romano', 'Centro Fotografia']",Tomba Giulietta,strategy_nearest,False,0.003543853759765625,success
0430D63A9C4C80,3,"['Torre Lamberti', 'Casa Giulietta', 'Arena', 'San Fermo', 'Giardino Giusti']",Santa Anastasia,"['AMO', 'Museo Conte', 'Palazzo della Ragione', 'Teatro Romano', 'Centro Fotografia']",Castelvecchio,strategy_nearest,False,0.0021109580993652344,success
043138429C4C80,2,"['San Zeno', 'Castelvecchio']",Tomba Giulietta,"['San Fermo', 'Museo Storia', 'Arena', 'Museo Lapidario', 'Museo Radio']",Palazzo della Ragione,strategy_nearest,False,0.0033462047576904297,success
04313B4A9C4C80,2,['Santa Anastasia'],Teatro Romano,"['Duomo', 'AMO', 'Palazzo della Ragione', 'Museo Conte', 'Centro Fotografia']",Castelvecchio,strategy_nearest,False,0.0020148754119873047,success
04314A429C4C80,3,"['Arena', 'Santa Anastasia']",Torre Lamberti,"['Sighseeing', 'Centro Fotografia', 'Museo Conte', 'Casa Giulietta', 'Palazzo della Ragione']",Casa Giulietta,strategy_nearest,True,0.00328826904296875,success
04313F3A9C4C80,0,['Arena'],Giardino Giusti,"['Santa Anastasia', 'Teatro Romano', 'Museo Conte', 'Centro Fotografia', 'Museo Storia']",Casa Giulietta,strategy_nearest,False,0.0026199817657470703,success
04314B3A9C4C80,1,"['Arena', 'Torre Lamberti']",Santa Anastasia,"['AMO', 'Museo Conte', 'Palazzo della Ragione', 'Teatro Romano', 'Centro Fotografia']",Casa Giulietta,strategy_nearest,False,0.0026040077209472656,success
043150429C4C80,3,"['Torre Lamberti', 'Arena']",Casa Giulietta,"['Centro Fotografia', 'Sighseeing', 'Museo Conte', 'Museo Radio', 'Palazzo della Ragione']",Teatro Romano,strategy_nearest,False,0.0014579296112060547,success
043156429C4C80,0,['Arena'],Palazzo della Ragione,"['AMO', 'Museo Conte', 'Torre Lamberti', 'Centro Fotografia', 'Sighseeing']",Casa Giulietta,strategy_nearest,False,0.0023429393768310547,success
04315D429C4C80,0,['Arena'],Castelvecchio,"['Museo Lapidario', 'Verona Tour', 'Museo Radio', 'San Zeno', 'Sighseeing']",Torre Lamberti,strategy_nearest,False,0.0026769638061523438,success
043163429C4C80,2,['Santa Anastasia'],Castelvecchio,"['Museo Lapidario', 'Verona Tour', 'Arena', 'Museo Radio', 'San Zeno']",Giardino Giusti,strategy_nearest,False,0.003144979476928711,success
043165429C4C80,2,['Casa Giulietta'],Santa Anastasia,"['AMO', 'Museo Conte', 'Palazzo della Ragione', 'Teatro Romano', 'Centro Fotografia']",Castelvecchio,strategy_nearest,False,0.0028429031372070312,success
043168429C4C80,3,"['Arena', 'Casa Giulietta']",Torre Lamberti,"['Sighseeing', 'Centro Fotografia', 'Museo Conte', 'Palazzo della Ragione', 'AMO']",Santa Anastasia,strategy_nearest,False,0.003010988235473633,success
043172429C4C81,0,['Arena'],Casa Giulietta,"['Centro Fotografia', 'Sighseeing', 'Torre Lamberti', 'Museo Conte', 'Museo Radio']",Torre Lamberti,strategy_nearest,True,0.0032320022583007812,success
04316A429C4C80,1,"['Arena', 'Torre Lamberti']",Palazzo della Ragione,"['AMO', 'Museo Conte', 'Centro Fotografia', 'Sighseeing', 'Santa Anastasia']",Teatro Romano,strategy_nearest,False,0.0020830631256103516,success
043174429C4C80,2,['San Zeno'],Torre Lamberti,"['Sighseeing', 'Centro Fotografia', 'Museo Conte', 'Casa Giulietta', 'Palazzo della Ragione']",Santa Anastasia,strategy_nearest,False,0.004220724105834961,success
0431783A9C4C80,1,['Arena'],Casa Giulietta,"['Centro Fotografia', 'Sighseeing', 'Torre Lamberti', 'Museo Conte', 'Museo Radio']",Palazzo della Ragione,strategy_nearest,False,0.0022208690643310547,success
043176429C4C81,3,"['Arena', 'San Fermo']",Casa Giulietta,"['Centro Fotografia', 'Sighseeing', 'Torre Lamberti', 'Museo Conte', 'Museo Radio']",Torre Lamberti,strategy_nearest,True,0.0015559196472167969,success
0431783A9C4C81,1,['Torre Lamberti'],Arena,"['Verona Tour', 'Museo Lapidario', 'Museo Radio', 'San Fermo', 'Casa Giulietta']",Castelvecchio,strategy_nearest,False,0.003682851791381836,success
04318E4A9C4C81,0,['Arena'],Castelvecchio,"['Museo Lapidario', 'Verona Tour', 'Museo Radio', 'San Zeno', 'Sighseeing']",Casa Giulietta,strategy_nearest,False,0.0032587051391601562,success
0431814A9C4C80,0,['Arena'],Castelvecchio,"['Museo Lapidario', 'Verona Tour', 'Museo Radio', 'San Zeno', 'Sighseeing']",Torre Lamberti,strategy_nearest,False,0.0026712417602539062,success
0431833A9C4C80,3,"['Santa Anastasia', 'Duomo']",Teatro Romano,"['AMO', 'Palazzo della Ragione', 'Museo Conte', 'Centro Fotografia', 'Museo Miniscalchi']",Arena,strategy_nearest,False,0.0028443336486816406,success
04317C3A9C4C80,0,['Torre Lamberti'],Casa Giulietta,"['Centro Fotografia', 'Sighseeing', 'Museo Conte', 'Museo Radio', 'Palazzo della Ragione']",Arena,strategy_nearest,False,0.002096891403198242,success
0431A93A9C4C80,0,"['Duomo', 'Teatro Romano']",Arena,"['Verona Tour', 'Museo Lapidario', 'Museo Radio', 'San Fermo', 'Casa Giulietta']",Casa Giulietta,strategy_nearest,True,0.0018091201782226562,success
0431A772743380,1,"['San Zeno', 'Castelvecchio', 'Teatro Romano']",Arena,"['Verona Tour', 'Museo Lapidario', 'Museo Radio', 'San Fermo', 'Casa Giulietta']",San Fermo,strategy_nearest,True,0.0031180381774902344,success
043190429C4C81,0,['Arena'],Casa Giulietta,"['Centro Fotografia', 'Sighseeing', 'Torre Lamberti', 'Museo Conte', 'Museo Radio']",San Fermo,strategy_nearest,False,0.002540111541748047,success
0431AD429C4C81,3,"['Tomba Giulietta', 'San Fermo']",Casa Giulietta,"['Centro Fotografia', 'Sighseeing', 'Torre Lamberti', 'Museo Conte', 'Museo Radio']",Torre Lamberti,strategy_nearest,True,0.0037529468536376953,success
0431B33A9C4C80,3,"['Casa Giulietta', 'Santa Anastasia', 'Duomo', 'Teatro Romano']",Torre Lamberti,"['Sighseeing', 'Centro Fotografia', 'Museo Conte', 'Palazzo della Ragione', 'AMO']",San Fermo,strategy_nearest,False,0.0028731822967529297,success
0431AE3A9C4C81,1,"['Arena', 'Casa Giulietta']",Torre Lamberti,"['Sighseeing', 'Centro Fotografia', 'Museo Conte', 'Palazzo della Ragione', 'AMO']",Palazzo della Ragione,strategy_nearest,True,0.0023000240325927734,success
0431B4429C4C80,3,['Arena'],Santa Anastasia,"['AMO', 'Museo Conte', 'Palazzo della Ragione', 'Teatro Romano', 'Centro Fotografia']",Duomo,strategy_nearest,False,0.002838611602783203,success
0431B63A9C4C81,3,"['Arena', 'Casa Giulietta']",Santa Anastasia,"['AMO', 'Museo Conte', 'Palazzo della Ragione', 'Teatro Romano', 'Centro Fotografia']",Duomo,strategy_nearest,False,0.003531217575073242,success
0431BE429C4C81,3,['Arena'],San Fermo,"['Museo Storia', 'Museo Radio', 'Casa Giulietta', 'Centro Fotografia', 'Sighseeing']",Santa Anastasia,strategy_nearest,False,0.0018737316131591797,success
0431BE429C4C80,3,"['Museo Storia', 'Santa Anastasia']",Duomo,"['AMO', 'Museo Miniscalchi', 'Teatro Romano', 'Palazzo della Ragione', 'Museo Conte']",Casa Giulietta,strategy_nearest,False,0.002785921096801758,success
0431BF3A9C4C81,0,['Arena'],Casa Giulietta,"['Centro Fotografia', 'Sighseeing', 'Torre Lamberti', 'Museo Conte', 'Museo Radio']",Duomo,strategy_nearest,False,0.0028238296508789062,success
0431C3429C4C80,2,['Casa Giulietta'],Torre Lamberti,"['Sighseeing', 'Centro Fotografia', 'Museo Conte', 'Palazzo della Ragione', 'AMO']",Teatro Romano,strategy_nearest,False,0.004081010818481445,success
0431CB429C4C80,3,"['Santa Anastasia', 'Torre Lamberti', 'Casa Giulietta']",San Fermo,"['Museo Storia', 'Museo Radio', 'Centro Fotografia', 'Arena', 'Sighseeing']",Arena,strategy_nearest,True,0.0031311511993408203,success
0431C7429C4C81,3,['Arena'],Torre Lamberti,"['Sighseeing', 'Centro Fotografia', 'Museo Conte', 'Casa Giulietta', 'Palazzo della Ragione']",Santa Anastasia,strategy_nearest,False,0.002637147903442383,success
0431C93A9C4C80,0,['Tomba Giulietta'],Arena,"['Verona Tour', 'Museo Lapidario', 'Museo Radio', 'San Fermo', 'Casa Giulietta']",Casa Giulietta,strategy_nearest,True,0.0024421215057373047,success
0431CF429C4C80,3,"['Arena', 'Casa Giulietta', 'Torre Lamberti']",Castelvecchio,"['Museo Lapidario', 'Verona Tour', 'Museo Radio', 'San Zeno', 'Sighseeing']",Teatro Romano,strategy_nearest,False,0.002031087875366211,success
0431E33A9C4C80,0,['Arena'],Museo Lapidario,"['Verona Tour', 'Castelvecchio', 'Museo Radio', 'San Fermo', 'Casa Giulietta']",Castelvecchio,strategy_nearest,True,0.0018990039825439453,success
0431DC3A9C4C80,3,"['San Fermo', 'Arena', 'Casa Giulietta']",Torre Lamberti,"['Sighseeing', 'Centro Fotografia', 'Museo Conte', 'Palazzo della Ragione', 'AMO']",Santa Anastasia,strategy_nearest,False,0.0027599334716796875,success
0431E53A9C4C80,0,"['Arena', 'San Fermo']",Casa Giulietta,"['Centro Fotografia', 'Sighseeing', 'Torre Lamberti', 'Museo Conte', 'Museo Radio']",Torre Lamberti,strategy_nearest,True,0.003245115280151367,success
043242A28C3680,0,['Arena'],Casa Giulietta,"['Centro Fotografia', 'Sighseeing', 'Torre Lamberti', 'Museo Conte', 'Museo Radio']",Duomo,strategy_nearest,False,0.002569913864135742,success
043240429C4C80,1,"['Arena', 'Casa Giulietta']",Santa Anastasia,"['AMO', 'Museo Conte', 'Palazzo della Ragione', 'Teatro Romano', 'Centro Fotografia']",Duomo,strategy_nearest,False,0.003025054931640625,success
04324A429C4C80,1,"['Arena', 'Casa Giulietta']",Palazzo della Ragione,"['AMO', 'Museo Conte', 'Torre Lamberti', 'Centro Fotografia', 'Sighseeing']",Torre Lamberti,strategy_nearest,True,0.0032379627227783203,success
043248429C4C80,1,"['Arena', 'Museo Lapidario', 'Castelvecchio']",Torre Lamberti,"['Sighseeing', 'Centro Fotografia', 'Museo Conte', 'Casa Giulietta', 'Palazzo della Ragione']",Palazzo della Ragione,strategy_nearest,True,0.0028460025787353516,success
04324E429C4C80,1,['Arena'],Casa Giulietta,"['Centro Fotografia', 'Sighseeing', 'Torre Lamberti', 'Museo Conte', 'Museo Radio']",Palazzo della Ragione,strategy_nearest,False,0.00272369384765625,success
043251429C4C80,1,"['Arena', 'Casa Giulietta']",Palazzo della Ragione,"['AMO', 'Museo Conte', 'Torre Lamberti', 'Centro Fotografia', 'Sighseeing']",Torre Lamberti,strategy_nearest,True,0.0024802684783935547,success
0432503A9C4C80,3,"['Arena', 'San Fermo', 'Casa Giulietta']",Torre Lamberti,"['Sighseeing', 'Centro Fotografia', 'Museo Conte', 'Palazzo della Ragione', 'AMO']",Duomo,strategy_nearest,False,0.0032923221588134766,success
04326C429C4C81,4,"['Arena', 'Casa Giulietta', 'Torre Lamberti']",Tomba Giulietta,"['San Fermo', 'Museo Storia', 'Museo Lapidario', 'Museo Radio', 'Verona Tour']",Museo Radio,strategy_nearest,True,0.0031571388244628906,success
04326D429C4C80,0,['Santa Anastasia'],Casa Giulietta,"['Centro Fotografia', 'Sighseeing', 'Torre Lamberti', 'Museo Conte', 'Museo Radio']",Arena,strategy_nearest,False,0.0017621517181396484,success
04326F429C4C81,3,"['Arena', 'Casa Giulietta']",Teatro Romano,"['Santa Anastasia', 'Duomo', 'AMO', 'Palazzo della Ragione', 'Museo Conte']",Santa Anastasia,strategy_nearest,True,0.0018100738525390625,success
043276429C4C81,2,['Casa Giulietta'],Santa Anastasia,"['AMO', 'Museo Conte', 'Palazzo della Ragione', 'Teatro Romano', 'Centro Fotografia']",Duomo,strategy_nearest,False,0.0026972293853759766,success
0432733A9C4C81,1,"['Arena', 'Castelvecchio']",Palazzo della Ragione,"['AMO', 'Museo Conte', 'Torre Lamberti', 'Centro Fotografia', 'Sighseeing']",Casa Giulietta,strategy_nearest,False,0.002869129180908203,success
04327B4A9C4C80,2,"['Torre Lamberti', 'Casa Giulietta']",Tomba Giulietta,"['San Fermo', 'Museo Storia', 'Arena', 'Museo Lapidario', 'Museo Radio']",Duomo,strategy_nearest,False,0.0023849010467529297,success
04327A3A9C4C80,3,"['Casa Giulietta', 'Castelvecchio', 'Arena', 'Museo Lapidario']",Tomba Giulietta,"['San Fermo', 'Museo Storia', 'Museo Radio', 'Verona Tour', 'Sighseeing']",San Fermo,strategy_nearest,True,0.004067897796630859,success
04327E429C4C80,1,['Arena'],Torre Lamberti,"['Sighseeing', 'Centro Fotografia', 'Museo Conte', 'Casa Giulietta', 'Palazzo della Ragione']",Palazzo della Ragione,strategy_nearest,True,0.002425670623779297,success
04327D429C4C80,0,['Casa Giulietta'],Torre Lamberti,"['Sighseeing', 'Centro Fotografia', 'Museo Conte', 'Palazzo della Ragione', 'AMO']",Arena,strategy_nearest,False,0.0018527507781982422,success
04327F3A9C4C81,0,"['Castelvecchio', 'Torre Lamberti']",Casa Giulietta,"['Centro Fotografia', 'Sighseeing', 'Museo Conte', 'Museo Radio', 'Palazzo della Ragione']",Teatro Romano,strategy_nearest,False,0.0024802684783935547,success
04327E429C4C81,3,"['Arena', 'Casa Giulietta']",Torre Lamberti,"['Sighseeing', 'Centro Fotografia', 'Museo Conte', 'Palazzo della Ragione', 'AMO']",Santa Anastasia,strategy_nearest,False,0.0041811466217041016,success
043287429C4C80,0,"['Casa Giulietta', 'Torre Lamberti']",Arena,"['Verona Tour', 'Museo Lapidario', 'Museo Radio', 'San Fermo', 'Sighseeing']",Castelvecchio,strategy_nearest,False,0.0024929046630859375,success
0432A84A9C4C80,1,"['Arena', 'Torre Lamberti']",Palazzo della Ragione,"['AMO', 'Museo Conte', 'Centro Fotografia', 'Sighseeing', 'Santa Anastasia']",Casa Giulietta,strategy_nearest,False,0.0032799243927001953,success
0432903A9C4C81,1,"['Arena', 'Casa Giulietta']",Torre Lamberti,"['Sighseeing', 'Centro Fotografia', 'Museo Conte', 'Palazzo della Ragione', 'AMO']",Palazzo della Ragione,strategy_nearest,True,0.0026760101318359375,success
043288429C4C80,0,"['Arena', 'Casa Giulietta']",San Fermo,"['Museo Storia', 'Museo Radio', 'Centro Fotografia', 'Sighseeing', 'Torre Lamberti']",Teatro Romano,strategy_nearest,False,0.0033740997314453125,success
0432A93A9C4C81,1,"['Arena', 'Casa Giulietta']",Palazzo della Ragione,"['AMO', 'Museo Conte', 'Torre Lamberti', 'Centro Fotografia', 'Sighseeing']",Torre Lamberti,strategy_nearest,True,0.003135204315185547,success
0432AD3A9C4C80,0,"['Torre Lamberti', 'Arena']",San Zeno,"['Castelvecchio', 'Verona Tour', 'Museo Lapidario', 'Museo Miniscalchi', 'Sighseeing']",Castelvecchio,strategy_nearest,True,0.002373933792114258,success
0432AB429C4C80,1,"['Arena', 'Castelvecchio', 'Casa Giulietta']",Torre Lamberti,"['Sighseeing', 'Centro Fotografia', 'Museo Conte', 'Palazzo della Ragione', 'AMO']",Palazzo della Ragione,strategy_nearest,True,0.0018167495727539062,success
0432B1429C4C80,0,"['Torre Lamberti', 'Duomo']",Arena,"['Verona Tour', 'Museo Lapidario', 'Museo Radio', 'San Fermo', 'Casa Giulietta']",Casa Giulietta,strategy_nearest,True,0.002646923065185547,success
0432AD3A9C4C81,3,['Arena'],Casa Giulietta,"['Centro Fotografia', 'Sighseeing', 'Torre Lamberti', 'Museo Conte', 'Museo Radio']",Torre Lamberti,strategy_nearest,True,0.0034377574920654297,success
0432B23A9C4C81,3,['Arena'],Casa Giulietta,"['Centro Fotografia', 'Sighseeing', 'Torre Lamberti', 'Museo Conte', 'Museo Radio']",Torre Lamberti,strategy_nearest,True,0.002727031707763672,success
0432BA429C4C80,2,['Tomba Giulietta'],Castelvecchio,"['Museo Lapidario', 'Verona Tour', 'Arena', 'Museo Radio', 'San Zeno']",Casa Giulietta,strategy_nearest,False,0.0026149749755859375,success
0432B23A9C4C80,1,"['Arena', 'Castelvecchio']",Santa Anastasia,"['AMO', 'Museo Conte', 'Palazzo della Ragione', 'Teatro Romano', 'Centro Fotografia']",Torre Lamberti,strategy_nearest,False,0.004224061965942383,success
0432BA429C4C81,1,"['Arena', 'Casa Giulietta']",Palazzo della Ragione,"['AMO', 'Museo Conte', 'Torre Lamberti', 'Centro Fotografia', 'Sighseeing']",Torre Lamberti,strategy_nearest,True,0.0033299922943115234,success
0432BC429C4C81,0,['Arena'],Casa Giulietta,"['Centro Fotografia', 'Sighseeing', 'Torre Lamberti', 'Museo Conte', 'Museo Radio']",Torre Lamberti,strategy_nearest,True,0.0025229454040527344,success
0432C43A9C4C81,1,"['Casa Giulietta', 'Palazzo della Ragione']",Torre Lamberti,"['Sighseeing', 'Centro Fotografia', 'Museo Conte', 'AMO', 'Museo Miniscalchi']",Teatro Romano,strategy_nearest,False,0.004582881927490234,success
0432C53A9C4C80,0,"['Arena', 'Torre Lamberti']",Teatro Romano,"['Santa Anastasia', 'Duomo', 'AMO', 'Palazzo della Ragione', 'Museo Conte']",Tomba Giulietta,strategy_nearest,False,0.002711057662963867,success
0432C7429C4C81,1,"['Castelvecchio', 'Arena']",Casa Giulietta,"['Centro Fotografia', 'Sighseeing', 'Torre Lamberti', 'Museo Conte', 'Museo Radio']",Palazzo della Ragione,strategy_nearest,False,0.0026230812072753906,success
0432CA3A9C4C81,0,['Torre Lamberti'],Casa Giulietta,"['Centro Fotografia', 'Sighseeing', 'Museo Conte', 'Museo Radio', 'Palazzo della Ragione']",Arena,strategy_nearest,False,0.0033087730407714844,success
0432CA429C4C80,2,"['Santa Anastasia', 'Teatro Romano']",Duomo,"['AMO', 'Museo Miniscalchi', 'Palazzo della Ragione', 'Museo Conte', 'Torre Lamberti']",Palazzo della Ragione,strategy_nearest,True,0.0014307498931884766,success
0432CA429C4C81,0,['Arena'],Casa Giulietta,"['Centro Fotografia', 'Sighseeing', 'Torre Lamberti', 'Museo Conte', 'Museo Radio']",Castelvecchio,strategy_nearest,False,0.0027747154235839844,success
0432CB429C4C80,2,['Castelvecchio'],Torre Lamberti,"['Sighseeing', 'Centro Fotografia', 'Museo Conte', 'Casa Giulietta', 'Palazzo della Ragione']",Palazzo della Ragione,strategy_nearest,True,0.0033729076385498047,success
0432D0429C4C80,2,"['Duomo', 'Santa Anastasia']",Casa Giulietta,"['Centro Fotografia', 'Sighseeing', 'Torre Lamberti', 'Museo Conte', 'Museo Radio']",San Zeno,strategy_nearest,False,0.0023949146270751953,success
0432F73A9C4C80,0,['Casa Giulietta'],Torre Lamberti,"['Sighseeing', 'Centro Fotografia', 'Museo Conte', 'Palazzo della Ragione', 'AMO']",Arena,strategy_nearest,False,0.0025022029876708984,success
0432DD3A9C4C80,3,"['Arena', 'Casa Giulietta']",Santa Anastasia,"['AMO', 'Museo Conte', 'Palazzo della Ragione', 'Teatro Romano', 'Centro Fotografia']",Tomba Giulietta,strategy_nearest,False,0.004114866256713867,success
043340429C4C80,3,"['Arena', 'Casa Giulietta']",Torre Lamberti,"['Sighseeing', 'Centro Fotografia', 'Museo Conte', 'Palazzo della Ragione', 'AMO']",Santa Anastasia,strategy_nearest,False,0.0029408931732177734,success
0432FF3A9C4C80,3,"['Torre Lamberti', 'Santa Anastasia']",Teatro Romano,"['Duomo', 'AMO', 'Palazzo della Ragione', 'Museo Conte', 'Centro Fotografia']",Duomo,strategy_nearest,True,0.0025360584259033203,success
0433443A9C4C80,3,"['Castelvecchio', 'Casa Giulietta']",Torre Lamberti,"['Sighseeing', 'Centro Fotografia', 'Museo Conte', 'Palazzo della Ragione', 'AMO']",Santa Anastasia,strategy_nearest,False,0.003339052200317383,success
0433453A9C4C80,1,"['Arena', 'Casa Giulietta']",Torre Lamberti,"['Sighseeing', 'Centro Fotografia', 'Museo Conte', 'Palazzo della Ragione', 'AMO']",Palazzo della Ragione,strategy_nearest,True,0.003414154052734375,success
043348429C4C80,0,['Arena'],Casa Giulietta,"['Centro Fotografia', 'Sighseeing', 'Torre Lamberti', 'Museo Conte', 'Museo Radio']",Santa Anastasia,strategy_nearest,False,0.0030846595764160156,success
04334A3A9C4C80,3,"['Arena', 'Torre Lamberti', 'Santa Anastasia']",Duomo,"['AMO', 'Museo Miniscalchi', 'Teatro Romano', 'Palazzo della Ragione', 'Museo Conte']",Teatro Romano,strategy_nearest,True,0.0040624141693115234,success
043351429C4C80,3,"['Arena', 'Casa Giulietta']",Torre Lamberti,"['Sighseeing', 'Centro Fotografia', 'Museo Conte', 'Palazzo della Ragione', 'AMO']",Santa Anastasia,strategy_nearest,False,0.0027892589569091797,success
043367429C4C80,0,"['Arena', 'Castelvecchio']",San Zeno,"['Verona Tour', 'Museo Lapidario', 'Museo Miniscalchi', 'Sighseeing', 'Museo Radio']",Casa Giulietta,strategy_nearest,False,0.0034360885620117188,success
04335A429C4C80,0,['Castelvecchio'],Arena,"['Verona Tour', 'Museo Lapidario', 'Museo Radio', 'San Fermo', 'Casa Giulietta']",Casa Giulietta,strategy_nearest,True,0.002897977828979492,success
0433713A9C4C81,3,"['Duomo', 'Casa Giulietta']",Arena,"['Verona Tour', 'Museo Lapidario', 'Museo Radio', 'San Fermo', 'Sighseeing']",Tomba Giulietta,strategy_nearest,False,0.0024840831756591797,success
04336E429C4C81,3,['Torre Lamberti'],Santa Anastasia,"['AMO', 'Museo Conte', 'Palazzo della Ragione', 'Teatro Romano', 'Centro Fotografia']",Casa Giulietta,strategy_nearest,False,0.0034661293029785156,success
043373429C4C81,3,"['Castelvecchio', 'Casa Giulietta']",Torre Lamberti,"['Sighseeing', 'Centro Fotografia', 'Museo Conte', 'Palazzo della Ragione', 'AMO']",Santa Anastasia,strategy_nearest,False,0.002767801284790039,success
04337A3A9C4C80,4,"['Museo Lapidario', 'Castelvecchio', 'Casa Giulietta', 'Palazzo della Ragione']",Torre Lamberti,"['Sighseeing', 'Centro Fotografia', 'Museo Conte', 'AMO', 'Museo Miniscalchi']",San Fermo,strategy_nearest,False,0.0025429725646972656,success
0433723A9C4C80,0,['Arena'],Duomo,"['AMO', 'Museo Miniscalchi', 'Santa Anastasia', 'Teatro Romano', 'Palazzo della Ragione']",Casa Giulietta,strategy_nearest,False,0.003484964370727539,success
0433803A9C4C80,3,['Arena'],Casa Giulietta,"['Centro Fotografia', 'Sighseeing', 'Torre Lamberti', 'Museo Conte', 'Museo Radio']",Santa Anastasia,strategy_nearest,False,0.0031309127807617188,success
0433803A9C4C81,3,['Arena'],Teatro Romano,"['Santa Anastasia', 'Duomo', 'AMO', 'Palazzo della Ragione', 'Museo Conte']",Duomo,strategy_nearest,True,0.003228902816772461,success
0433823A9C4C80,3,"['Castelvecchio', 'Casa Giulietta']",Torre Lamberti,"['Sighseeing', 'Centro Fotografia', 'Museo Conte', 'Palazzo della Ragione', 'AMO']",Santa Anastasia,strategy_nearest,False,0.0019767284393310547,success
0433864A9C4C81,0,['Arena'],Casa Giulietta,"['Centro Fotografia', 'Sighseeing', 'Torre Lamberti', 'Museo Conte', 'Museo Radio']",Santa Anastasia,strategy_nearest,False,0.002535104751586914,success
0433874A9C4C81,0,['Tomba Giulietta'],Arena,"['Verona Tour', 'Museo Lapidario', 'Museo Radio', 'San Fermo', 'Casa Giulietta']",Casa Giulietta,strategy_nearest,True,0.0019042491912841797,success
0433874A9C4C80,1,"['Arena', 'Casa Giulietta']",Palazzo della Ragione,"['AMO', 'Museo Conte', 'Torre Lamberti', 'Centro Fotografia', 'Sighseeing']",Torre Lamberti,strategy_nearest,True,0.0034241676330566406,success
0433883A9C4C80,0,"['Arena', 'Casa Giulietta']",Duomo,"['AMO', 'Museo Miniscalchi', 'Santa Anastasia', 'Teatro Romano', 'Palazzo della Ragione']",Teatro Romano,strategy_nearest,True,0.002516031265258789,success
043388429C4C80,0,['Tomba Giulietta'],Arena,"['Verona Tour', 'Museo Lapidario', 'Museo Radio', 'San Fermo', 'Casa Giulietta']",Casa Giulietta,strategy_nearest,True,0.0028541088104248047,success
0433893A9C4C80,3,"['Arena', 'Casa Giulietta']",Santa Anastasia,"['AMO', 'Museo Conte', 'Palazzo della Ragione', 'Teatro Romano', 'Centro Fotografia']",Duomo,strategy_nearest,False,0.0034170150756835938,success
0433894A9C4C80,3,"['Torre Lamberti', 'Santa Anastasia']",Duomo,"['AMO', 'Museo Miniscalchi', 'Teatro Romano', 'Palazzo della Ragione', 'Museo Conte']",Teatro Romano,strategy_nearest,True,0.0019919872283935547,success
04338A3A9C4C80,6,['Arena'],Verona Tour,"['Museo Lapidario', 'Castelvecchio', 'Museo Radio', 'Casa Giulietta', 'Sighseeing']",Castelvecchio,strategy_nearest,True,0.0033349990844726562,success
04338D429C4C81,1,"['Arena', 'Casa Giulietta', 'Torre Lamberti']",Palazzo della Ragione,"['AMO', 'Museo Conte', 'Centro Fotografia', 'Sighseeing', 'Santa Anastasia']",Santa Anastasia,strategy_nearest,True,0.003974199295043945,success
04338E4A9C4C81,3,"['Arena', 'Casa Giulietta']",Santa Anastasia,"['AMO', 'Museo Conte', 'Palazzo della Ragione', 'Teatro Romano', 'Centro Fotografia']",Duomo,strategy_nearest,False,0.0019283294677734375,success
04338F429C4C80,1,"['Teatro Romano', 'Santa Anastasia', 'Arena']",Duomo,"['AMO', 'Museo Miniscalchi', 'Palazzo della Ragione', 'Museo Conte', 'Torre Lamberti']",Torre Lamberti,strategy_nearest,True,0.003283977508544922,success
0433903A9C4C81,3,"['Arena', 'Casa Giulietta', 'Torre Lamberti']",Santa Anastasia,"['AMO', 'Museo Conte', 'Palazzo della Ragione', 'Teatro Romano', 'Centro Fotografia']",Teatro Romano,strategy_nearest,True,0.003200054168701172,success
043392429C4C80,0,['Arena'],Torre Lamberti,"['Sighseeing', 'Centro Fotografia', 'Museo Conte', 'Casa Giulietta', 'Palazzo della Ragione']",Casa Giulietta,strategy_nearest,True,0.0027649402618408203,success
04339B429C4C81,3,"['Santa Anastasia', 'Duomo', 'Teatro Romano']",Castelvecchio,"['Museo Lapidario', 'Verona Tour', 'Arena', 'Museo Radio', 'San Zeno']",Casa Giulietta,strategy_nearest,False,0.0027031898498535156,success
0433A44A9C4C80,3,"['Arena', 'Casa Giulietta']",Torre Lamberti,"['Sighseeing', 'Centro Fotografia', 'Museo Conte', 'Palazzo della Ragione', 'AMO']",Santa Anastasia,strategy_nearest,False,0.0033142566680908203,success
0433A6429C4C81,2,['Duomo'],Teatro Romano,"['Santa Anastasia', 'AMO', 'Palazzo della Ragione', 'Museo Conte', 'Centro Fotografia']",Casa Giulietta,strategy_nearest,False,0.003202199935913086,success
0433AA3A9C4C81,0,"['Arena', 'Castelvecchio']",Casa Giulietta,"['Centro Fotografia', 'Sighseeing', 'Torre Lamberti', 'Museo Conte', 'Museo Radio']",Torre Lamberti,strategy_nearest,True,0.0027756690979003906,success
0433AB429C4C80,3,"['Arena', 'Santa Anastasia']",Giardino Giusti,"['Teatro Romano', 'Museo Conte', 'Centro Fotografia', 'Museo Storia', 'AMO']",Casa Giulietta,strategy_nearest,False,0.0029058456420898438,success
0433A74A9C4C81,0,['Arena'],Casa Giulietta,"['Centro Fotografia', 'Sighseeing', 'Torre Lamberti', 'Museo Conte', 'Museo Radio']",Teatro Romano,strategy_nearest,False,0.002583026885986328,success
0433AA3A9C4C80,3,"['Arena', 'Castelvecchio']",Teatro Romano,"['Santa Anastasia', 'Duomo', 'AMO', 'Palazzo della Ragione', 'Museo Conte']",Duomo,strategy_nearest,True,0.002187967300415039,success
0433AF429C4C80,3,"['Arena', 'Casa Giulietta']",Torre Lamberti,"['Sighseeing', 'Centro Fotografia', 'Museo Conte', 'Palazzo della Ragione', 'AMO']",Santa Anastasia,strategy_nearest,False,0.0014750957489013672,success
0433AD3A9C4C80,0,['Arena'],Torre Lamberti,"['Sighseeing', 'Centro Fotografia', 'Museo Conte', 'Casa Giulietta', 'Palazzo della Ragione']",Casa Giulietta,strategy_nearest,True,0.002157926559448242,success
0433B13A9C4C81,0,['Arena'],Casa Giulietta,"['Centro Fotografia', 'Sighseeing', 'Torre Lamberti', 'Museo Conte', 'Museo Radio']",Torre Lamberti,strategy_nearest,True,0.0032629966735839844,success
0433B03A9C4C81,0,['Arena'],Casa Giulietta,"['Centro Fotografia', 'Sighseeing', 'Torre Lamberti', 'Museo Conte', 'Museo Radio']",Duomo,strategy_nearest,False,0.0027420520782470703,success
0433B93A9C4C81,1,"['Castelvecchio', 'Arena']",Casa Giulietta,"['Centro Fotografia', 'Sighseeing', 'Torre Lamberti', 'Museo Conte', 'Museo Radio']",Torre Lamberti,strategy_nearest,True,0.0026040077209472656,success
0433C1429C4C80,3,"['Castelvecchio', 'Arena']",Casa Giulietta,"['Centro Fotografia', 'Sighseeing', 'Torre Lamberti', 'Museo Conte', 'Museo Radio']",Santa Anastasia,strategy_nearest,False,0.0021071434020996094,success
0433BB429C4C80,1,"['Arena', 'Museo Lapidario']",Castelvecchio,"['Verona Tour', 'Museo Radio', 'San Zeno', 'Sighseeing', 'Museo Miniscalchi']",Torre Lamberti,strategy_nearest,False,0.003988027572631836,success
0433C1429C4C81,1,"['Arena', 'Palazzo della Ragione']",Torre Lamberti,"['Sighseeing', 'Centro Fotografia', 'Museo Conte', 'Casa Giulietta', 'AMO']",Santa Anastasia,strategy_nearest,False,0.0026590824127197266,success
0433C6429C4C81,0,['Castelvecchio'],Casa Giulietta,"['Centro Fotografia', 'Sighseeing', 'Torre Lamberti', 'Museo Conte', 'Museo Radio']",Torre Lamberti,strategy_nearest,True,0.0019898414611816406,success
0433C5429C4C81,1,"['Casa Giulietta', 'Palazzo della Ragione', 'Duomo']",Teatro Romano,"['Santa Anastasia', 'AMO', 'Museo Conte', 'Centro Fotografia', 'Museo Miniscalchi']",Torre Lamberti,strategy_nearest,False,0.0026323795318603516,success
0433C7429C4C80,1,"['Casa Giulietta', 'Palazzo della Ragione']",Torre Lamberti,"['Sighseeing', 'Centro Fotografia', 'Museo Conte', 'AMO', 'Museo Miniscalchi']",Arena,strategy_nearest,False,0.0028219223022460938,success
0433C7429C4C81,1,"['Casa Giulietta', 'Torre Lamberti']",Palazzo della Ragione,"['AMO', 'Museo Conte', 'Centro Fotografia', 'Sighseeing', 'Santa Anastasia']",Arena,strategy_nearest,False,0.0035791397094726562,success
0433CB429C4C80,3,"['Santa Anastasia', 'Torre Lamberti', 'Casa Giulietta']",San Fermo,"['Museo Storia', 'Museo Radio', 'Centro Fotografia', 'Arena', 'Sighseeing']",Arena,strategy_nearest,True,0.0025720596313476562,success
0433D43A9C4C80,3,"['Museo Lapidario', 'Arena', 'Castelvecchio', 'Tomba Giulietta']",Casa Giulietta,"['Centro Fotografia', 'Sighseeing', 'Torre Lamberti', 'Museo Conte', 'Museo Radio']",Santa Anastasia,strategy_nearest,False,0.003309965133666992,success
0433DC3A9C4C80,2,['Palazzo della Ragione'],Duomo,"['AMO', 'Museo Miniscalchi', 'Santa Anastasia', 'Teatro Romano', 'Museo Conte']",Teatro Romano,strategy_nearest,True,0.0031359195709228516,success
0433E33A9C4C80,3,"['Castelvecchio', 'Arena', 'Casa Giulietta']",Santa Anastasia,"['AMO', 'Museo Conte', 'Palazzo della Ragione', 'Teatro Romano', 'Centro Fotografia']",San Fermo,strategy_nearest,False,0.002998828887939453,success
0433E43A9C4C80,0,['Arena'],Torre Lamberti,"['Sighseeing', 'Centro Fotografia', 'Museo Conte', 'Casa Giulietta', 'Palazzo della Ragione']",Casa Giulietta,strategy_nearest,True,0.002386808395385742,success
0433E83A9C4C80,0,['Arena'],Casa Giulietta,"['Centro Fotografia', 'Sighseeing', 'Torre Lamberti', 'Museo Conte', 'Museo Radio']",Castelvecchio,strategy_nearest,False,0.002599954605102539,success
0433E9429C4C80,3,"['Teatro Romano', 'Santa Anastasia']",Torre Lamberti,"['Sighseeing', 'Centro Fotografia', 'Museo Conte', 'Casa Giulietta', 'Palazzo della Ragione']",Casa Giulietta,strategy_nearest,True,0.0024781227111816406,success
0434043A9C4C84,0,"['Casa Giulietta', 'Teatro Romano', 'Tomba Giulietta']",Arena,"['Verona Tour', 'Museo Lapidario', 'Museo Radio', 'San Fermo', 'Sighseeing']",Torre Lamberti,strategy_nearest,False,0.002689838409423828,success
0434313A9C4C80,1,"['Arena', 'Torre Lamberti', 'Palazzo della Ragione']",Santa Anastasia,"['AMO', 'Museo Conte', 'Teatro Romano', 'Centro Fotografia', 'Duomo']",San Zeno,strategy_nearest,False,0.003168821334838867,success
04343C3A9C4C80,3,"['Arena', 'Torre Lamberti', 'Santa Anastasia']",Casa Giulietta,"['Centro Fotografia', 'Sighseeing', 'Museo Conte', 'Museo Radio', 'Palazzo della Ragione']",Castelvecchio,strategy_nearest,False,0.003202199935913086,success
0434333A9C4C80,1,"['Torre Lamberti', 'Palazzo della Ragione']",Casa Giulietta,"['Centro Fotografia', 'Sighseeing', 'Museo Conte', 'Museo Radio', 'San Fermo']",Giardino Giusti,strategy_nearest,False,0.0026328563690185547,success
043448429C4C80,2,['Casa Giulietta'],Torre Lamberti,"['Sighseeing', 'Centro Fotografia', 'Museo Conte', 'Palazzo della Ragione', 'AMO']",Castelvecchio,strategy_nearest,False,0.0040667057037353516,success
04344F3A9C4C80,1,"['Arena', 'Casa Giulietta', 'Torre Lamberti']",Palazzo della Ragione,"['AMO', 'Museo Conte', 'Centro Fotografia', 'Sighseeing', 'Santa Anastasia']",San Zeno,strategy_nearest,False,0.0022308826446533203,success
04344A3A9C4C80,1,"['Arena', 'Torre Lamberti']",Santa Anastasia,"['AMO', 'Museo Conte', 'Palazzo della Ragione', 'Teatro Romano', 'Centro Fotografia']",Casa Giulietta,strategy_nearest,False,0.002310037612915039,success
04345F429C4C80,3,"['Arena', 'Santa Anastasia']",Duomo,"['AMO', 'Museo Miniscalchi', 'Teatro Romano', 'Palazzo della Ragione', 'Museo Conte']",Casa Giulietta,strategy_nearest,False,0.0026400089263916016,success
043451429C4C80,3,"['Arena', 'Santa Anastasia']",Duomo,"['AMO', 'Museo Miniscalchi', 'Teatro Romano', 'Palazzo della Ragione', 'Museo Conte']",Casa Giulietta,strategy_nearest,False,0.002701997756958008,success
04346A429C4C80,2,"['Casa Giulietta', 'Santa Anastasia']",Duomo,"['AMO', 'Museo Miniscalchi', 'Teatro Romano', 'Palazzo della Ragione', 'Museo Conte']",San Zeno,strategy_nearest,False,0.0034439563751220703,success
04346B429C4C80,3,"['Arena', 'Museo Lapidario', 'Castelvecchio']",Duomo,"['AMO', 'Museo Miniscalchi', 'Santa Anastasia', 'Teatro Romano', 'Palazzo della Ragione']",Santa Anastasia,strategy_nearest,True,0.0025610923767089844,success
0434773A9C4C80,1,['Castelvecchio'],Arena,"['Verona Tour', 'Museo Lapidario', 'Museo Radio', 'San Fermo', 'Casa Giulietta']",Palazzo della Ragione,strategy_nearest,False,0.0034220218658447266,success
0434783A9C4C80,1,"['Palazzo della Ragione', 'Torre Lamberti']",Casa Giulietta,"['Centro Fotografia', 'Sighseeing', 'Museo Conte', 'Museo Radio', 'San Fermo']",Arena,strategy_nearest,False,0.0025551319122314453,success
04346C429C4C80,2,"['Castelvecchio', 'Casa Giulietta']",Palazzo della Ragione,"['AMO', 'Museo Conte', 'Torre Lamberti', 'Centro Fotografia', 'Sighseeing']",Torre Lamberti,strategy_nearest,True,0.002531766891479492,success
04347A3A9C4C81,1,['Arena'],Torre Lamberti,"['Sighseeing', 'Centro Fotografia', 'Museo Conte', 'Casa Giulietta', 'Palazzo della Ragione']",Palazzo della Ragione,strategy_nearest,True,0.003330707550048828,success
04347A4A9C4C81,3,['Arena'],Casa Giulietta,"['Centro Fotografia', 'Sighseeing', 'Torre Lamberti', 'Museo Conte', 'Museo Radio']",Torre Lamberti,strategy_nearest,True,0.00244903564453125,success
04347C3A9C4C81,1,['Arena'],Casa Giulietta,"['Centro Fotografia', 'Sighseeing', 'Torre Lamberti', 'Museo Conte', 'Museo Radio']",Palazzo della Ragione,strategy_nearest,False,0.0024383068084716797,success
04347D3A9C4C81,0,"['Arena', 'Castelvecchio']",Casa Giulietta,"['Centro Fotografia', 'Sighseeing', 'Torre Lamberti', 'Museo Conte', 'Museo Radio']",Museo Lapidario,strategy_nearest,False,0.0032501220703125,success
0434823A9C4C81,1,['Arena'],Casa Giulietta,"['Centro Fotografia', 'Sighseeing', 'Torre Lamberti', 'Museo Conte', 'Museo Radio']",Palazzo della Ragione,strategy_nearest,False,0.002629995346069336,success
04347D3A9C4C80,3,"['Arena', 'Torre Lamberti', 'Santa Anastasia']",Duomo,"['AMO', 'Museo Miniscalchi', 'Teatro Romano', 'Palazzo della Ragione', 'Museo Conte']",Castelvecchio,strategy_nearest,False,0.004274845123291016,success
0434843A9C4C81,3,"['Santa Anastasia', 'Duomo', 'Torre Lamberti']",Casa Giulietta,"['Centro Fotografia', 'Sighseeing', 'Museo Conte', 'Museo Radio', 'Palazzo della Ragione']",Arena,strategy_nearest,False,0.002271890640258789,success
043486429C4C81,1,"['Torre Lamberti', 'Palazzo della Ragione']",Arena,"['Verona Tour', 'Museo Lapidario', 'Museo Radio', 'San Fermo', 'Casa Giulietta']",Castelvecchio,strategy_nearest,False,0.002756834030151367,success
0434874A9C4C80,0,['Arena'],Torre Lamberti,"['Sighseeing', 'Centro Fotografia', 'Museo Conte', 'Casa Giulietta', 'Palazzo della Ragione']",Casa Giulietta,strategy_nearest,True,0.002438783645629883,success
0434874A9C4C81,1,"['Arena', 'Tomba Giulietta', 'Casa Giulietta']",Palazzo della Ragione,"['AMO', 'Museo Conte', 'Torre Lamberti', 'Centro Fotografia', 'Sighseeing']",Torre Lamberti,strategy_nearest,True,0.0032072067260742188,success
04348C3A9C4C81,3,"['Castelvecchio', 'Arena']",Museo Storia,"['San Fermo', 'Museo Radio', 'Casa Giulietta', 'Centro Fotografia', 'Tomba Giulietta']",Casa Giulietta,strategy_nearest,True,0.0021958351135253906,success
04348E4A9C4C81,3,"['Arena', 'San Fermo']",Torre Lamberti,"['Sighseeing', 'Centro Fotografia', 'Museo Conte', 'Casa Giulietta', 'Palazzo della Ragione']",Santa Anastasia,strategy_nearest,False,0.002825021743774414,success
0434894A9C4C81,0,['Arena'],Casa Giulietta,"['Centro Fotografia', 'Sighseeing', 'Torre Lamberti', 'Museo Conte', 'Museo Radio']",Santa Anastasia,strategy_nearest,False,0.003618001937866211,success
04348C429C4C81,3,"['Arena', 'Casa Giulietta']",Santa Anastasia,"['AMO', 'Museo Conte', 'Palazzo della Ragione', 'Teatro Romano', 'Centro Fotografia']",Duomo,strategy_nearest,False,0.005158185958862305,success
04348F429C4C80,0,"['Torre Lamberti', 'Arena']",Castelvecchio,"['Museo Lapidario', 'Verona Tour', 'Museo Radio', 'San Zeno', 'Sighseeing']",Museo Lapidario,strategy_nearest,True,0.0017189979553222656,success
043490429C4C80,0,['Arena'],Casa Giulietta,"['Centro Fotografia', 'Sighseeing', 'Torre Lamberti', 'Museo Conte', 'Museo Radio']",Torre Lamberti,strategy_nearest,True,0.0037622451782226562,success
04348F429C4C81,3,"['Teatro Romano', 'Torre Lamberti']",Casa Giulietta,"['Centro Fotografia', 'Sighseeing', 'Museo Conte', 'Museo Radio', 'Palazzo della Ragione']",Arena,strategy_nearest,False,0.0024678707122802734,success
043499C27B3F81,0,['Casa Giulietta'],Torre Lamberti,"['Sighseeing', 'Centro Fotografia', 'Museo Conte', 'Palazzo della Ragione', 'AMO']",Arena,strategy_nearest,False,0.0027780532836914062,success
04349D429C4C80,2,['Teatro Romano'],Duomo,"['AMO', 'Museo Miniscalchi', 'Santa Anastasia', 'Palazzo della Ragione', 'Museo Conte']",Casa Giulietta,strategy_nearest,False,0.0016570091247558594,success
0434A0C27B3F81,2,['San Zeno'],Torre Lamberti,"['Sighseeing', 'Centro Fotografia', 'Museo Conte', 'Casa Giulietta', 'Palazzo della Ragione']",Casa Giulietta,strategy_nearest,True,0.0023260116577148438,success
0434A14A9C4C81,3,"['Arena', 'Teatro Romano']",Duomo,"['AMO', 'Museo Miniscalchi', 'Santa Anastasia', 'Palazzo della Ragione', 'Museo Conte']",Casa Giulietta,strategy_nearest,False,0.0031151771545410156,success
0434A872743380,2,['Castelvecchio'],Torre Lamberti,"['Sighseeing', 'Centro Fotografia', 'Museo Conte', 'Casa Giulietta', 'Palazzo della Ragione']",Palazzo della Ragione,strategy_nearest,True,0.004103899002075195,success
0434B1429C4C81,1,['Palazzo della Ragione'],Castelvecchio,"['Museo Lapidario', 'Verona Tour', 'Arena', 'Museo Radio', 'San Zeno']",Giardino Giusti,strategy_nearest,False,0.0026099681854248047,success
0434B072743380,3,"['Castelvecchio', 'Arena', 'San Fermo']",Casa Giulietta,"['Centro Fotografia', 'Sighseeing', 'Torre Lamberti', 'Museo Conte', 'Museo Radio']",Torre Lamberti,strategy_nearest,True,0.003776073455810547,success
0434B73A9C4C81,3,"['Castelvecchio', 'Arena']",Torre Lamberti,"['Sighseeing', 'Centro Fotografia', 'Museo Conte', 'Casa Giulietta', 'Palazzo della Ragione']",Santa Anastasia,strategy_nearest,False,0.0029146671295166016,success
0434B8429C4C80,1,"['Arena', 'Museo Lapidario']",Castelvecchio,"['Verona Tour', 'Museo Radio', 'San Zeno', 'Sighseeing', 'Museo Miniscalchi']",Casa Giulietta,strategy_nearest,False,0.0020368099212646484,success
0434C1429C4C81,0,['Arena'],Casa Giulietta,"['Centro Fotografia', 'Sighseeing', 'Torre Lamberti', 'Museo Conte', 'Museo Radio']",Castelvecchio,strategy_nearest,False,0.0028231143951416016,success
0434BC3A9C4C80,3,"['San Zeno', 'Torre Lamberti']",Santa Anastasia,"['AMO', 'Museo Conte', 'Palazzo della Ragione', 'Teatro Romano', 'Centro Fotografia']",Duomo,strategy_nearest,False,0.0021698474884033203,success
0434C5429C4C80,2,"['Torre Lamberti', 'Santa Anastasia']",Duomo,"['AMO', 'Museo Miniscalchi', 'Teatro Romano', 'Palazzo della Ragione', 'Museo Conte']",Teatro Romano,strategy_nearest,True,0.0027048587799072266,success
0434C0429C4C81,1,"['Castelvecchio', 'Museo Lapidario', 'Arena', 'Tomba Giulietta', 'San Fermo']",Casa Giulietta,"['Centro Fotografia', 'Sighseeing', 'Torre Lamberti', 'Museo Conte', 'Museo Radio']",Santa Anastasia,strategy_nearest,False,0.004765748977661133,success
0434C6429C4C81,0,"['Torre Lamberti', 'Casa Giulietta']",Arena,"['Verona Tour', 'Museo Lapidario', 'Museo Radio', 'San Fermo', 'Sighseeing']",Castelvecchio,strategy_nearest,False,0.0029790401458740234,success
0434CA429C4C80,0,['Arena'],Casa Giulietta,"['Centro Fotografia', 'Sighseeing', 'Torre Lamberti', 'Museo Conte', 'Museo Radio']",Torre Lamberti,strategy_nearest,True,0.0025429725646972656,success
0434C6429C4C80,3,"['Torre Lamberti', 'Casa Giulietta', 'Santa Anastasia']",Teatro Romano,"['Duomo', 'AMO', 'Palazzo della Ragione', 'Museo Conte', 'Centro Fotografia']",Arena,strategy_nearest,False,0.003145933151245117,success
0434DC3A9C4C80,3,"['Arena', 'Casa Giulietta']",Santa Anastasia,"['AMO', 'Museo Conte', 'Palazzo della Ragione', 'Teatro Romano', 'Centro Fotografia']",Duomo,strategy_nearest,False,0.0023648738861083984,success
0434D0429C4C80,5,"['Arena', 'Santa Anastasia', 'Duomo', 'Castelvecchio']",Tomba Giulietta,"['San Fermo', 'Museo Storia', 'Museo Lapidario', 'Museo Radio', 'Verona Tour']",San Zeno,strategy_nearest,False,0.00374603271484375,success
0434D93A9C4C80,1,"['San Zeno', 'San Fermo', 'Arena']",Palazzo della Ragione,"['AMO', 'Museo Conte', 'Torre Lamberti', 'Centro Fotografia', 'Sighseeing']",Torre Lamberti,strategy_nearest,True,0.0030930042266845703,success
0434DF3A9C4C80,1,"['Castelvecchio', 'Arena', 'Teatro Romano']",Santa Anastasia,"['AMO', 'Museo Conte', 'Palazzo della Ragione', 'Centro Fotografia', 'Duomo']",Casa Giulietta,strategy_nearest,False,0.0035719871520996094,success
0434E63A9C4C80,3,['Arena'],Casa Giulietta,"['Centro Fotografia', 'Sighseeing', 'Torre Lamberti', 'Museo Conte', 'Museo Radio']",Santa Anastasia,strategy_nearest,False,0.0022420883178710938,success
0434F93A9C4C80,0,"['Arena', 'Casa Giulietta']",Torre Lamberti,"['Sighseeing', 'Centro Fotografia', 'Museo Conte', 'Palazzo della Ragione', 'AMO']",Teatro Romano,strategy_nearest,False,0.003120899200439453,success
0434F73A9C4C80,2,['Castelvecchio'],Giardino Giusti,"['Santa Anastasia', 'Teatro Romano', 'Museo Conte', 'Centro Fotografia', 'Museo Storia']",Santa Anastasia,strategy_nearest,True,0.0030999183654785156,success
043537429C4C80,1,"['Casa Giulietta', 'Palazzo della Ragione']",Torre Lamberti,"['Sighseeing', 'Centro Fotografia', 'Museo Conte', 'AMO', 'Museo Miniscalchi']",Teatro Romano,strategy_nearest,False,0.0022547245025634766,success
0435364A9C4C80,3,"['Torre Lamberti', 'Santa Anastasia', 'Duomo']",Teatro Romano,"['AMO', 'Palazzo della Ragione', 'Museo Conte', 'Centro Fotografia', 'Museo Miniscalchi']",Arena,strategy_nearest,False,0.0037641525268554688,success
04353A3A9C4C80,3,"['Arena', 'Casa Giulietta', 'Torre Lamberti', 'Teatro Romano']",Santa Anastasia,"['AMO', 'Museo Conte', 'Palazzo della Ragione', 'Centro Fotografia', 'Duomo']",Duomo,strategy_nearest,True,0.0020432472229003906,success
04353D3A9C4C80,3,"['Torre Lamberti', 'Duomo']",San Fermo,"['Museo Storia', 'Museo Radio', 'Casa Giulietta', 'Centro Fotografia', 'Arena']",Arena,strategy_nearest,True,0.002695798873901367,success
0435483A9C4C80,0,"['Castelvecchio', 'Casa Giulietta']",Torre Lamberti,"['Sighseeing', 'Centro Fotografia', 'Museo Conte', 'Palazzo della Ragione', 'AMO']",Arena,strategy_nearest,False,0.0021648406982421875,success
043544429C4C80,0,['Arena'],Casa Giulietta,"['Centro Fotografia', 'Sighseeing', 'Torre Lamberti', 'Museo Conte', 'Museo Radio']",Castelvecchio,strategy_nearest,False,0.002725839614868164,success
0435453A9C4C80,0,['Arena'],Santa Anastasia,"['AMO', 'Museo Conte', 'Palazzo della Ragione', 'Teatro Romano', 'Centro Fotografia']",Casa Giulietta,strategy_nearest,False,0.0034551620483398438,success
043548429C4C80,3,"['Arena', 'Castelvecchio']",Casa Giulietta,"['Centro Fotografia', 'Sighseeing', 'Torre Lamberti', 'Museo Conte', 'Museo Radio']",Torre Lamberti,strategy_nearest,True,0.0029456615447998047,success
043570429C4C80,1,"['Museo Storia', 'Casa Giulietta', 'Torre Lamberti']",Palazzo della Ragione,"['AMO', 'Museo Conte', 'Centro Fotografia', 'Sighseeing', 'Santa Anastasia']",Santa Anastasia,strategy_nearest,True,0.002563953399658203,success
04356D429C4C80,1,"['Casa Giulietta', 'Torre Lamberti']",Palazzo della Ragione,"['AMO', 'Museo Conte', 'Centro Fotografia', 'Sighseeing', 'Santa Anastasia']",Arena,strategy_nearest,False,0.0019412040710449219,success
043561429C4C80,0,['Arena'],Casa Giulietta,"['Centro Fotografia', 'Sighseeing', 'Torre Lamberti', 'Museo Conte', 'Museo Radio']",Tomba Giulietta,strategy_nearest,False,0.0013918876647949219,success
043571429C4C80,2,"['Casa Giulietta', 'Torre Lamberti']",Santa Anastasia,"['AMO', 'Museo Conte', 'Palazzo della Ragione', 'Teatro Romano', 'Centro Fotografia']",Duomo,strategy_nearest,False,0.0035400390625,success
0435773A9C4C80,3,"['Arena', 'Torre Lamberti']",Santa Anastasia,"['AMO', 'Museo Conte', 'Palazzo della Ragione', 'Teatro Romano', 'Centro Fotografia']",Duomo,strategy_nearest,False,0.002165079116821289,success
04357A429C4C81,0,"['Duomo', 'Casa Giulietta']",Arena,"['Verona Tour', 'Museo Lapidario', 'Museo Radio', 'San Fermo', 'Sighseeing']",Tomba Giulietta,strategy_nearest,False,0.0024230480194091797,success
0435783A9C4C80,0,['Arena'],Casa Giulietta,"['Centro Fotografia', 'Sighseeing', 'Torre Lamberti', 'Museo Conte', 'Museo Radio']",Torre Lamberti,strategy_nearest,True,0.0028748512268066406,success
043581429C4C80,1,"['Arena', 'Casa Giulietta']",Santa Anastasia,"['AMO', 'Museo Conte', 'Palazzo della Ragione', 'Teatro Romano', 'Centro Fotografia']",Palazzo della Ragione,strategy_nearest,True,0.0017018318176269531,success
0435823A9C4C81,3,"['Arena', 'Torre Lamberti']",Casa Giulietta,"['Centro Fotografia', 'Sighseeing', 'Museo Conte', 'Museo Radio', 'Palazzo della Ragione']",Santa Anastasia,strategy_nearest,False,0.0017800331115722656,success
0435853A9C4C81,3,"['Arena', 'Torre Lamberti', 'San Fermo']",Santa Anastasia,"['AMO', 'Museo Conte', 'Palazzo della Ragione', 'Teatro Romano', 'Centro Fotografia']",Duomo,strategy_nearest,False,0.002460956573486328,success
04358C3A9C4C81,0,['Castelvecchio'],Arena,"['Verona Tour', 'Museo Lapidario', 'Museo Radio', 'San Fermo', 'Casa Giulietta']",Casa Giulietta,strategy_nearest,True,0.001947164535522461,success
0435874A9C4C81,1,"['Arena', 'Tomba Giulietta', 'San Fermo', 'Casa Giulietta']",Torre Lamberti,"['Sighseeing', 'Centro Fotografia', 'Museo Conte', 'Palazzo della Ragione', 'AMO']",Palazzo della Ragione,strategy_nearest,True,0.002602100372314453,success
043589429C4C80,3,"['San Fermo', 'Duomo', 'Santa Anastasia']",Torre Lamberti,"['Sighseeing', 'Centro Fotografia', 'Museo Conte', 'Casa Giulietta', 'Palazzo della Ragione']",Casa Giulietta,strategy_nearest,True,0.0032961368560791016,success
04358C4A9C4C80,3,['Arena'],Santa Anastasia,"['AMO', 'Museo Conte', 'Palazzo della Ragione', 'Teatro Romano', 'Centro Fotografia']",Duomo,strategy_nearest,False,0.0033369064331054688,success
04359BC27B3F81,2,['San Zeno'],Torre Lamberti,"['Sighseeing', 'Centro Fotografia', 'Museo Conte', 'Casa Giulietta', 'Palazzo della Ragione']",Casa Giulietta,strategy_nearest,True,0.0024750232696533203,success
043592429C4C80,0,"['Casa Giulietta', 'Duomo']",Teatro Romano,"['Santa Anastasia', 'AMO', 'Palazzo della Ragione', 'Museo Conte', 'Centro Fotografia']",Giardino Giusti,strategy_nearest,False,0.0028238296508789062,success
04359AC27B3F81,0,"['San Zeno', 'Torre Lamberti']",Casa Giulietta,"['Centro Fotografia', 'Sighseeing', 'Museo Conte', 'Museo Radio', 'Palazzo della Ragione']",Giardino Giusti,strategy_nearest,False,0.0034062862396240234,success
0435A14A9C4C80,1,['Arena'],Castelvecchio,"['Museo Lapidario', 'Verona Tour', 'Museo Radio', 'San Zeno', 'Sighseeing']",Casa Giulietta,strategy_nearest,False,0.0025980472564697266,success
0435AC3A9C4C80,3,['Arena'],Castelvecchio,"['Museo Lapidario', 'Verona Tour', 'Museo Radio', 'San Zeno', 'Sighseeing']",Duomo,strategy_nearest,False,0.001965045928955078,success
0435AD3A9C4C81,0,['Arena'],Casa Giulietta,"['Centro Fotografia', 'Sighseeing', 'Torre Lamberti', 'Museo Conte', 'Museo Radio']",Torre Lamberti,strategy_nearest,True,0.003141164779663086,success
0435B43A9C4C80,3,"['Santa Anastasia', 'Duomo']",Casa Giulietta,"['Centro Fotografia', 'Sighseeing', 'Torre Lamberti', 'Museo Conte', 'Museo Radio']",Arena,strategy_nearest,False,0.0035791397094726562,success
0435AE3A9C4C80,1,"['Arena', 'Casa Giulietta', 'Torre Lamberti', 'Palazzo della Ragione']",Santa Anastasia,"['AMO', 'Museo Conte', 'Teatro Romano', 'Centro Fotografia', 'Duomo']",Duomo,strategy_nearest,True,0.0031769275665283203,success
0435AF429C4C80,1,"['Arena', 'Castelvecchio']",Torre Lamberti,"['Sighseeing', 'Centro Fotografia', 'Museo Conte', 'Casa Giulietta', 'Palazzo della Ragione']",Palazzo della Ragione,strategy_nearest,True,0.0030121803283691406,success
0435B73A9C4C80,3,"['Arena', 'Museo Lapidario']",Castelvecchio,"['Verona Tour', 'Museo Radio', 'San Zeno', 'Sighseeing', 'Museo Miniscalchi']",Santa Anastasia,strategy_nearest,False,0.0032460689544677734,success
0435C53A9C4C81,3,"['Castelvecchio', 'Arena']",Casa Giulietta,"['Centro Fotografia', 'Sighseeing', 'Torre Lamberti', 'Museo Conte', 'Museo Radio']",Torre Lamberti,strategy_nearest,True,0.003639698028564453,success
0435B7429C4C80,3,"['Arena', 'San Fermo', 'Casa Giulietta']",Santa Anastasia,"['AMO', 'Museo Conte', 'Palazzo della Ragione', 'Teatro Romano', 'Centro Fotografia']",Duomo,strategy_nearest,False,0.0028371810913085938,success
0435C6429C4C80,3,"['Arena', 'Castelvecchio']",Casa Giulietta,"['Centro Fotografia', 'Sighseeing', 'Torre Lamberti', 'Museo Conte', 'Museo Radio']",Santa Anastasia,strategy_nearest,False,0.001528024673461914,success
0435C8429C4C80,3,"['Arena', 'Casa Giulietta']",Torre Lamberti,"['Sighseeing', 'Centro Fotografia', 'Museo Conte', 'Palazzo della Ragione', 'AMO']",Santa Anastasia,strategy_nearest,False,0.0032770633697509766,success
0435DD3A9C4C80,3,"['San Fermo', 'Arena', 'Casa Giulietta']",Torre Lamberti,"['Sighseeing', 'Centro Fotografia', 'Museo Conte', 'Palazzo della Ragione', 'AMO']",Santa Anastasia,strategy_nearest,False,0.003420114517211914,success
0435E03A9C4C80,1,"['Arena', 'San Zeno', 'Torre Lamberti']",Palazzo della Ragione,"['AMO', 'Museo Conte', 'Centro Fotografia', 'Sighseeing', 'Santa Anastasia']",Casa Giulietta,strategy_nearest,False,0.002064943313598633,success
0435E33A9C4C80,0,['Arena'],Casa Giulietta,"['Centro Fotografia', 'Sighseeing', 'Torre Lamberti', 'Museo Conte', 'Museo Radio']",Torre Lamberti,strategy_nearest,True,0.0032281875610351562,success
0435D6429C4C80,0,"['Castelvecchio', 'Arena', 'Tomba Giulietta']",Casa Giulietta,"['Centro Fotografia', 'Sighseeing', 'Torre Lamberti', 'Museo Conte', 'Museo Radio']",Duomo,strategy_nearest,False,0.002065896987915039,success
0436303A9C4C80,3,"['Teatro Romano', 'Torre Lamberti', 'Casa Giulietta', 'Tomba Giulietta']",Castelvecchio,"['Museo Lapidario', 'Verona Tour', 'Arena', 'Museo Radio', 'San Zeno']",San Zeno,strategy_nearest,True,0.001985788345336914,success
043636429C4C80,0,['Casa Giulietta'],Torre Lamberti,"['Sighseeing', 'Centro Fotografia', 'Museo Conte', 'Palazzo della Ragione', 'AMO']",Arena,strategy_nearest,False,0.002145051956176758,success
0436364A9C4C80,3,"['Arena', 'Casa Giulietta']",Torre Lamberti,"['Sighseeing', 'Centro Fotografia', 'Museo Conte', 'Palazzo della Ragione', 'AMO']",Santa Anastasia,strategy_nearest,False,0.0026390552520751953,success
0435F13A9C4C80,0,['Arena'],Castelvecchio,"['Museo Lapidario', 'Verona Tour', 'Museo Radio', 'San Zeno', 'Sighseeing']",Casa Giulietta,strategy_nearest,False,0.004077911376953125,success
04363B3A9C4C80,0,['Arena'],Torre Lamberti,"['Sighseeing', 'Centro Fotografia', 'Museo Conte', 'Casa Giulietta', 'Palazzo della Ragione']",Casa Giulietta,strategy_nearest,True,0.0025031566619873047,success
0436743A9C4C80,0,['Casa Giulietta'],Arena,"['Verona Tour', 'Museo Lapidario', 'Museo Radio', 'San Fermo', 'Sighseeing']",Castelvecchio,strategy_nearest,False,0.002584218978881836,success
043642429C4C80,1,['Casa Giulietta'],Palazzo della Ragione,"['AMO', 'Museo Conte', 'Torre Lamberti', 'Centro Fotografia', 'Sighseeing']",Teatro Romano,strategy_nearest,False,0.0022330284118652344,success
04367D3A9C4C81,0,['Arena'],Casa Giulietta,"['Centro Fotografia', 'Sighseeing', 'Torre Lamberti', 'Museo Conte', 'Museo Radio']",Torre Lamberti,strategy_nearest,True,0.0029840469360351562,success
0436874A9C4C81,0,['Arena'],Casa Giulietta,"['Centro Fotografia', 'Sighseeing', 'Torre Lamberti', 'Museo Conte', 'Museo Radio']",Palazzo della Ragione,strategy_nearest,False,0.001981973648071289,success
043683429C4C81,0,['Arena'],Casa Giulietta,"['Centro Fotografia', 'Sighseeing', 'Torre Lamberti', 'Museo Conte', 'Museo Radio']",Castelvecchio,strategy_nearest,False,0.0035479068756103516,success
0436884A9C4C81,1,"['Arena', 'Casa Giulietta']",Torre Lamberti,"['Sighseeing', 'Centro Fotografia', 'Museo Conte', 'Palazzo della Ragione', 'AMO']",Palazzo della Ragione,strategy_nearest,True,0.0027730464935302734,success
043689429C4C80,2,['Palazzo della Ragione'],Torre Lamberti,"['Sighseeing', 'Centro Fotografia', 'Museo Conte', 'Casa Giulietta', 'AMO']",Santa Anastasia,strategy_nearest,False,0.0034101009368896484,success
04368F429C4C81,0,['Arena'],Casa Giulietta,"['Centro Fotografia', 'Sighseeing', 'Torre Lamberti', 'Museo Conte', 'Museo Radio']",Torre Lamberti,strategy_nearest,True,0.002541780471801758,success
04368E3A9C4C81,0,['Arena'],Castelvecchio,"['Museo Lapidario', 'Verona Tour', 'Museo Radio', 'San Zeno', 'Sighseeing']",Torre Lamberti,strategy_nearest,False,0.0025551319122314453,success
0436903A9C4C81,0,"['Arena', 'Castelvecchio']",Casa Giulietta,"['Centro Fotografia', 'Sighseeing', 'Torre Lamberti', 'Museo Conte', 'Museo Radio']",Tomba Giulietta,strategy_nearest,False,0.0039348602294921875,success
0436904A9C4C81,3,"['Arena', 'Torre Lamberti']",Santa Anastasia,"['AMO', 'Museo Conte', 'Palazzo della Ragione', 'Teatro Romano', 'Centro Fotografia']",Teatro Romano,strategy_nearest,True,0.0018680095672607422,success
04368F4A9C4C81,0,"['Arena', 'Casa Giulietta']",Torre Lamberti,"['Sighseeing', 'Centro Fotografia', 'Museo Conte', 'Palazzo della Ragione', 'AMO']",San Zeno,strategy_nearest,False,0.0029621124267578125,success
043692429C4C81,3,"['Casa Giulietta', 'Teatro Romano']",Duomo,"['AMO', 'Museo Miniscalchi', 'Santa Anastasia', 'Palazzo della Ragione', 'Museo Conte']",Santa Anastasia,strategy_nearest,True,0.0035588741302490234,success
0436A14A9C4C81,1,['Arena'],Casa Giulietta,"['Centro Fotografia', 'Sighseeing', 'Torre Lamberti', 'Museo Conte', 'Museo Radio']",Palazzo della Ragione,strategy_nearest,False,0.002015829086303711,success
0436AA3A9C4C81,2,"['Casa Giulietta', 'Torre Lamberti']",Santa Anastasia,"['AMO', 'Museo Conte', 'Palazzo della Ragione', 'Teatro Romano', 'Centro Fotografia']",Duomo,strategy_nearest,False,0.002588033676147461,success
0436AD3A9C4C81,1,"['Arena', 'Casa Giulietta']",Torre Lamberti,"['Sighseeing', 'Centro Fotografia', 'Museo Conte', 'Palazzo della Ragione', 'AMO']",Palazzo della Ragione,strategy_nearest,True,0.0033957958221435547,success
0436AF3A9C4C81,3,"['Arena', 'Casa Giulietta', 'Torre Lamberti']",Santa Anastasia,"['AMO', 'Museo Conte', 'Palazzo della Ragione', 'Teatro Romano', 'Centro Fotografia']",Teatro Romano,strategy_nearest,True,0.002516031265258789,success
0436B23A9C4C80,0,"['Arena', 'Castelvecchio']",Casa Giulietta,"['Centro Fotografia', 'Sighseeing', 'Torre Lamberti', 'Museo Conte', 'Museo Radio']",San Zeno,strategy_nearest,False,0.0027670860290527344,success
0436B3429C4C81,3,['Arena'],Castelvecchio,"['Museo Lapidario', 'Verona Tour', 'Museo Radio', 'San Zeno', 'Sighseeing']",San Zeno,strategy_nearest,True,0.0025048255920410156,success
0436B33A9C4C81,0,['Arena'],Casa Giulietta,"['Centro Fotografia', 'Sighseeing', 'Torre Lamberti', 'Museo Conte', 'Museo Radio']",Santa Anastasia,strategy_nearest,False,0.0034270286560058594,success
0436BA3A9C4C81,0,['Arena'],Casa Giulietta,"['Centro Fotografia', 'Sighseeing', 'Torre Lamberti', 'Museo Conte', 'Museo Radio']",Torre Lamberti,strategy_nearest,True,0.002404928207397461,success
0436BE429C4C81,3,"['Arena', 'Casa Giulietta']",Santa Anastasia,"['AMO', 'Museo Conte', 'Palazzo della Ragione', 'Teatro Romano', 'Centro Fotografia']",Duomo,strategy_nearest,False,0.003139972686767578,success
0436BC429C4C80,0,['Arena'],Casa Giulietta,"['Centro Fotografia', 'Sighseeing', 'Torre Lamberti', 'Museo Conte', 'Museo Radio']",Castelvecchio,strategy_nearest,False,0.002613067626953125,success
0436BF429C4C80,1,"['Castelvecchio', 'Arena', 'Casa Giulietta']",Santa Anastasia,"['AMO', 'Museo Conte', 'Palazzo della Ragione', 'Teatro Romano', 'Centro Fotografia']",Palazzo della Ragione,strategy_nearest,True,0.00347900390625,success
0436C4429C4C80,0,"['Arena', 'Museo Lapidario']",Teatro Romano,"['Santa Anastasia', 'Duomo', 'AMO', 'Palazzo della Ragione', 'Museo Conte']",Castelvecchio,strategy_nearest,False,0.0019030570983886719,success
0436C1429C4C81,1,"['Arena', 'Palazzo della Ragione']",Torre Lamberti,"['Sighseeing', 'Centro Fotografia', 'Museo Conte', 'Casa Giulietta', 'AMO']",Santa Anastasia,strategy_nearest,False,0.004068851470947266,success
0436C8429C4C80,1,['Arena'],Casa Giulietta,"['Centro Fotografia', 'Sighseeing', 'Torre Lamberti', 'Museo Conte', 'Museo Radio']",Palazzo della Ragione,strategy_nearest,False,0.0026738643646240234,success
0436C7429C4C80,1,"['Arena', 'Casa Giulietta', 'Torre Lamberti']",Palazzo della Ragione,"['AMO', 'Museo Conte', 'Centro Fotografia', 'Sighseeing', 'Santa Anastasia']",Santa Anastasia,strategy_nearest,True,0.0023088455200195312,success
0436D9429C4C80,6,"['Casa Giulietta', 'Verona Tour']",Teatro Romano,"['Santa Anastasia', 'Duomo', 'AMO', 'Palazzo della Ragione', 'Museo Conte']",Palazzo della Ragione,strategy_nearest,True,0.0031080245971679688,success
0436DB3A9C4C80,3,"['Tomba Giulietta', 'San Fermo', 'Arena', 'Casa Giulietta']",Torre Lamberti,"['Sighseeing', 'Centro Fotografia', 'Museo Conte', 'Palazzo della Ragione', 'AMO']",Santa Anastasia,strategy_nearest,False,0.003002166748046875,success
0436DF3A9C4C80,3,"['Arena', 'Casa Giulietta']",Torre Lamberti,"['Sighseeing', 'Centro Fotografia', 'Museo Conte', 'Palazzo della Ragione', 'AMO']",Santa Anastasia,strategy_nearest,False,0.0026922225952148438,success
0436EA429C4C80,0,"['Teatro Romano', 'Arena']",Castelvecchio,"['Museo Lapidario', 'Verona Tour', 'Museo Radio', 'San Zeno', 'Sighseeing']",Casa Giulietta,strategy_nearest,False,0.0018830299377441406,success
0436FA3A9C4C80,3,['Torre Lamberti'],Santa Anastasia,"['AMO', 'Museo Conte', 'Palazzo della Ragione', 'Teatro Romano', 'Centro Fotografia']",Arena,strategy_nearest,False,0.0017910003662109375,success
0436E63A9C4C80,0,['Arena'],Tomba Giulietta,"['San Fermo', 'Museo Storia', 'Museo Lapidario', 'Museo Radio', 'Verona Tour']",Castelvecchio,strategy_nearest,False,0.0036149024963378906,success
0437003A9C4C84,3,"['Torre Lamberti', 'Santa Anastasia', 'Duomo']",Teatro Romano,"['AMO', 'Palazzo della Ragione', 'Museo Conte', 'Centro Fotografia', 'Museo Miniscalchi']",Arena,strategy_nearest,False,0.0024919509887695312,success
0437304A9C4C80,1,"['Arena', 'Castelvecchio', 'Torre Lamberti', 'Palazzo della Ragione']",Casa Giulietta,"['Centro Fotografia', 'Sighseeing', 'Museo Conte', 'Museo Radio', 'San Fermo']",Duomo,strategy_nearest,False,0.003175020217895508,success
04373D3A9C4C80,3,['Torre Lamberti'],Arena,"['Verona Tour', 'Museo Lapidario', 'Museo Radio', 'San Fermo', 'Casa Giulietta']",Duomo,strategy_nearest,False,0.0018711090087890625,success
043737429C4C80,0,['Casa Giulietta'],Teatro Romano,"['Santa Anastasia', 'Duomo', 'AMO', 'Palazzo della Ragione', 'Museo Conte']",Arena,strategy_nearest,False,0.0032057762145996094,success
043731BA7B3F80,0,['Duomo'],Casa Giulietta,"['Centro Fotografia', 'Sighseeing', 'Torre Lamberti', 'Museo Conte', 'Museo Radio']",Arena,strategy_nearest,False,0.002660989761352539,success
043750BA7B3F80,1,"['Castelvecchio', 'Arena']",Casa Giulietta,"['Centro Fotografia', 'Sighseeing', 'Torre Lamberti', 'Museo Conte', 'Museo Radio']",Torre Lamberti,strategy_nearest,True,0.0026378631591796875,success
04373E429C4C80,3,"['Arena', 'San Fermo']",Torre Lamberti,"['Sighseeing', 'Centro Fotografia', 'Museo Conte', 'Casa Giulietta', 'Palazzo della Ragione']",Santa Anastasia,strategy_nearest,False,0.002640962600708008,success
04374B3A9C4C80,3,"['Arena', 'Teatro Romano']",Santa Anastasia,"['AMO', 'Museo Conte', 'Palazzo della Ragione', 'Centro Fotografia', 'Duomo']",Casa Giulietta,strategy_nearest,False,0.0033469200134277344,success
043757BA7B3F80,1,"['Castelvecchio', 'Arena']",Casa Giulietta,"['Centro Fotografia', 'Sighseeing', 'Torre Lamberti', 'Museo Conte', 'Museo Radio']",Torre Lamberti,strategy_nearest,True,0.0031740665435791016,success
043766429C4C80,1,['Arena'],Teatro Romano,"['Santa Anastasia', 'Duomo', 'AMO', 'Palazzo della Ragione', 'Museo Conte']",Palazzo della Ragione,strategy_nearest,True,0.0033397674560546875,success
043767BA7B3F80,0,['Casa Giulietta'],Arena,"['Verona Tour', 'Museo Lapidario', 'Museo Radio', 'San Fermo', 'Sighseeing']",Castelvecchio,strategy_nearest,False,0.0026979446411132812,success
04376A3A9C4C80,3,"['Arena', 'Casa Giulietta', 'Torre Lamberti', 'Santa Anastasia']",Teatro Romano,"['Duomo', 'AMO', 'Palazzo della Ragione', 'Museo Conte', 'Centro Fotografia']",Castelvecchio,strategy_nearest,False,0.002000093460083008,success
0437733A9C4C80,1,['Teatro Romano'],Arena,"['Verona Tour', 'Museo Lapidario', 'Museo Radio', 'San Fermo', 'Casa Giulietta']",Torre Lamberti,strategy_nearest,False,0.003542661666870117,success
043774429C4C80,0,['Arena'],Castelvecchio,"['Museo Lapidario', 'Verona Tour', 'Museo Radio', 'San Zeno', 'Sighseeing']",Duomo,strategy_nearest,False,0.0021600723266601562,success
043775429C4C80,1,"['Arena', 'Casa Giulietta', 'Torre Lamberti']",Palazzo della Ragione,"['AMO', 'Museo Conte', 'Centro Fotografia', 'Sighseeing', 'Santa Anastasia']",Santa Anastasia,strategy_nearest,True,0.0023069381713867188,success
04377D3A9C4C80,1,"['Casa Giulietta', 'Palazzo della Ragione']",Torre Lamberti,"['Sighseeing', 'Centro Fotografia', 'Museo Conte', 'AMO', 'Museo Miniscalchi']",Arena,strategy_nearest,False,0.0035719871520996094,success
04377B3A9C4C80,1,"['Arena', 'San Fermo']",Casa Giulietta,"['Centro Fotografia', 'Sighseeing', 'Torre Lamberti', 'Museo Conte', 'Museo Radio']",Torre Lamberti,strategy_nearest,True,0.0029451847076416016,success
04377D429C4C81,1,"['Arena', 'Castelvecchio', 'Palazzo della Ragione', 'Torre Lamberti']",Casa Giulietta,"['Centro Fotografia', 'Sighseeing', 'Museo Conte', 'Museo Radio', 'San Fermo']",Santa Anastasia,strategy_nearest,False,0.0035657882690429688,success
0437883A9C4C80,2,['Teatro Romano'],Duomo,"['AMO', 'Museo Miniscalchi', 'Santa Anastasia', 'Palazzo della Ragione', 'Museo Conte']",Casa Giulietta,strategy_nearest,False,0.0026738643646240234,success
0437854A9C4C81,3,['Arena'],Casa Giulietta,"['Centro Fotografia', 'Sighseeing', 'Torre Lamberti', 'Museo Conte', 'Museo Radio']",Santa Anastasia,strategy_nearest,False,0.0033349990844726562,success
0437813A9C4C80,3,"['Arena', 'Casa Giulietta', 'Torre Lamberti']",Santa Anastasia,"['AMO', 'Museo Conte', 'Palazzo della Ragione', 'Teatro Romano', 'Centro Fotografia']",Duomo,strategy_nearest,False,0.0022814273834228516,success
0437884A9C4C80,3,"['San Zeno', 'Duomo']",Santa Anastasia,"['AMO', 'Museo Conte', 'Palazzo della Ragione', 'Teatro Romano', 'Centro Fotografia']",Torre Lamberti,strategy_nearest,False,0.003464937210083008,success
0437904A9C4C81,4,"['Arena', 'Duomo', 'Casa Giulietta']",Santa Anastasia,"['AMO', 'Museo Conte', 'Palazzo della Ragione', 'Teatro Romano', 'Centro Fotografia']",Castelvecchio,strategy_nearest,False,0.0021109580993652344,success
0437AB4A9C4C80,0,['Torre Lamberti'],Arena,"['Verona Tour', 'Museo Lapidario', 'Museo Radio', 'San Fermo', 'Casa Giulietta']",Teatro Romano,strategy_nearest,False,0.003258943557739258,success
04378C429C4C80,0,['Duomo'],Arena,"['Verona Tour', 'Museo Lapidario', 'Museo Radio', 'San Fermo', 'Casa Giulietta']",Tomba Giulietta,strategy_nearest,False,0.001383066177368164,success
0437AD429C4C81,3,['Arena'],Santa Anastasia,"['AMO', 'Museo Conte', 'Palazzo della Ragione', 'Teatro Romano', 'Centro Fotografia']",Teatro Romano,strategy_nearest,True,0.002772092819213867,success
0437B43A9C4C80,3,"['Casa Giulietta', 'Torre Lamberti']",Arena,"['Verona Tour', 'Museo Lapidario', 'Museo Radio', 'San Fermo', 'Sighseeing']",Castelvecchio,strategy_nearest,False,0.0021398067474365234,success
0437B7429C4C80,0,['Arena'],Casa Giulietta,"['Centro Fotografia', 'Sighseeing', 'Torre Lamberti', 'Museo Conte', 'Museo Radio']",Torre Lamberti,strategy_nearest,True,0.0029058456420898438,success
0437BC429C4C80,0,"['Castelvecchio', 'Arena']",Casa Giulietta,"['Centro Fotografia', 'Sighseeing', 'Torre Lamberti', 'Museo Conte', 'Museo Radio']",Torre Lamberti,strategy_nearest,True,0.0025691986083984375,success
0437B9429C4C80,0,"['Arena', 'Castelvecchio']",Casa Giulietta,"['Centro Fotografia', 'Sighseeing', 'Torre Lamberti', 'Museo Conte', 'Museo Radio']",Torre Lamberti,strategy_nearest,True,0.003564119338989258,success
0437CF429C4C80,1,"['Arena', 'Palazzo della Ragione']",Casa Giulietta,"['Centro Fotografia', 'Sighseeing', 'Torre Lamberti', 'Museo Conte', 'Museo Radio']",Castelvecchio,strategy_nearest,False,0.003156900405883789,success
0437D2429C4C80,1,"['Torre Lamberti', 'Palazzo della Ragione', 'Castelvecchio']",San Zeno,"['Verona Tour', 'Museo Lapidario', 'Arena', 'Museo Miniscalchi', 'Sighseeing']",Arena,strategy_nearest,True,0.003134012222290039,success
0437D73A9C4C80,6,"['Museo Lapidario', 'Castelvecchio', 'Arena', 'Verona Tour']",Casa Giulietta,"['Centro Fotografia', 'Sighseeing', 'Torre Lamberti', 'Museo Conte', 'Museo Radio']",Torre Lamberti,strategy_nearest,True,0.0032720565795898438,success
0437D8429C4C80,3,"['Arena', 'Casa Giulietta', 'Santa Anastasia', 'Castelvecchio']",San Zeno,"['Verona Tour', 'Museo Lapidario', 'Museo Miniscalchi', 'Sighseeing', 'Museo Radio']",Tomba Giulietta,strategy_nearest,False,0.0018732547760009766,success
0437DD3A9C4C80,0,['Arena'],Casa Giulietta,"['Centro Fotografia', 'Sighseeing', 'Torre Lamberti', 'Museo Conte', 'Museo Radio']",Torre Lamberti,strategy_nearest,True,0.0027840137481689453,success
0437DF429C4C80,1,"['Arena', 'Santa Anastasia', 'Teatro Romano', 'San Fermo', 'San Zeno']",Museo Lapidario,"['Verona Tour', 'Castelvecchio', 'Museo Radio', 'Casa Giulietta', 'Tomba Giulietta']",Castelvecchio,strategy_nearest,True,0.003465890884399414,success
0437F63A9C4C80,3,['Arena'],Torre Lamberti,"['Sighseeing', 'Centro Fotografia', 'Museo Conte', 'Casa Giulietta', 'Palazzo della Ragione']",Santa Anastasia,strategy_nearest,False,0.002432107925415039,success
0437EA429C4C80,3,"['Teatro Romano', 'Arena']",Castelvecchio,"['Museo Lapidario', 'Verona Tour', 'Museo Radio', 'San Zeno', 'Sighseeing']",Duomo,strategy_nearest,False,0.0026161670684814453,success
0437E63A9C4C80,3,"['Arena', 'Santa Anastasia']",Duomo,"['AMO', 'Museo Miniscalchi', 'Teatro Romano', 'Palazzo della Ragione', 'Museo Conte']",Teatro Romano,strategy_nearest,True,0.0020558834075927734,success
0437FF3A9C4C80,0,['Museo Lapidario'],Arena,"['Verona Tour', 'Museo Radio', 'San Fermo', 'Casa Giulietta', 'Sighseeing']",Casa Giulietta,strategy_nearest,True,0.0029180049896240234,success
04383A3A9C4C80,0,['Arena'],Santa Anastasia,"['AMO', 'Museo Conte', 'Palazzo della Ragione', 'Teatro Romano', 'Centro Fotografia']",Castelvecchio,strategy_nearest,False,0.0020279884338378906,success
04383C3A9C4C80,3,"['Santa Anastasia', 'Casa Giulietta', 'Arena', 'Tomba Giulietta']",Castelvecchio,"['Museo Lapidario', 'Verona Tour', 'Museo Radio', 'San Zeno', 'Sighseeing']",San Zeno,strategy_nearest,True,0.0028553009033203125,success
04383D3A9C4C80,3,"['Castelvecchio', 'Santa Anastasia']",Arena,"['Verona Tour', 'Museo Lapidario', 'Museo Radio', 'San Fermo', 'Casa Giulietta']",Teatro Romano,strategy_nearest,False,0.002065896987915039,success
0438443A9C4C80,1,"['Arena', 'Duomo', 'Palazzo della Ragione']",Torre Lamberti,"['Sighseeing', 'Centro Fotografia', 'Museo Conte', 'Casa Giulietta', 'AMO']",Castelvecchio,strategy_nearest,False,0.0031862258911132812,success
043862429C4C80,0,"['Arena', 'Casa Giulietta', 'Torre Lamberti']",Teatro Romano,"['Santa Anastasia', 'Duomo', 'AMO', 'Palazzo della Ragione', 'Museo Conte']",Giardino Giusti,strategy_nearest,False,0.002950906753540039,success
04386D429C4C80,3,"['Duomo', 'Santa Anastasia']",Torre Lamberti,"['Sighseeing', 'Centro Fotografia', 'Museo Conte', 'Casa Giulietta', 'Palazzo della Ragione']",Casa Giulietta,strategy_nearest,True,0.0019190311431884766,success
04386D3A9C4C80,0,"['Teatro Romano', 'Torre Lamberti']",Arena,"['Verona Tour', 'Museo Lapidario', 'Museo Radio', 'San Fermo', 'Casa Giulietta']",Castelvecchio,strategy_nearest,False,0.0026559829711914062,success
0438713A9C4C80,1,"['Castelvecchio', 'Arena']",Casa Giulietta,"['Centro Fotografia', 'Sighseeing', 'Torre Lamberti', 'Museo Conte', 'Museo Radio']",Torre Lamberti,strategy_nearest,True,0.0034439563751220703,success
043872429C4C80,3,"['San Fermo', 'Casa Giulietta', 'Torre Lamberti']",Santa Anastasia,"['AMO', 'Museo Conte', 'Palazzo della Ragione', 'Teatro Romano', 'Centro Fotografia']",Arena,strategy_nearest,False,0.002070903778076172,success
0438783A9C4C80,1,"['Arena', 'Casa Giulietta', 'Palazzo della Ragione']",Torre Lamberti,"['Sighseeing', 'Centro Fotografia', 'Museo Conte', 'AMO', 'Museo Miniscalchi']",Santa Anastasia,strategy_nearest,False,0.0027587413787841797,success
0438793A9C4C80,1,"['Torre Lamberti', 'Palazzo della Ragione', 'Casa Giulietta']",Tomba Giulietta,"['San Fermo', 'Museo Storia', 'Arena', 'Museo Lapidario', 'Museo Radio']",Castelvecchio,strategy_nearest,False,0.0031838417053222656,success
0438834A9C4C80,2,"['Santa Anastasia', 'Torre Lamberti']",San Zeno,"['Castelvecchio', 'Verona Tour', 'Museo Lapidario', 'Arena', 'Museo Miniscalchi']",San Zeno,strategy_nearest,False,0.0015397071838378906,success
04387C3A9C4C80,0,"['Teatro Romano', 'Arena']",Tomba Giulietta,"['San Fermo', 'Museo Storia', 'Museo Lapidario', 'Museo Radio', 'Verona Tour']",Castelvecchio,strategy_nearest,False,0.0033452510833740234,success
0438844A9C4C80,0,"['Arena', 'Museo Lapidario']",Castelvecchio,"['Verona Tour', 'Museo Radio', 'San Zeno', 'Sighseeing', 'Museo Miniscalchi']",Torre Lamberti,strategy_nearest,False,0.0020580291748046875,success
04387B429C4C80,3,"['Santa Anastasia', 'Casa Giulietta']",Arena,"['Verona Tour', 'Museo Lapidario', 'Museo Radio', 'San Fermo', 'Sighseeing']",Castelvecchio,strategy_nearest,False,0.004690885543823242,success
0438853A9C4C80,0,['Casa Giulietta'],Torre Lamberti,"['Sighseeing', 'Centro Fotografia', 'Museo Conte', 'Palazzo della Ragione', 'AMO']",Arena,strategy_nearest,False,0.002023935317993164,success
0438883A9C4C80,0,['Castelvecchio'],Arena,"['Verona Tour', 'Museo Lapidario', 'Museo Radio', 'San Fermo', 'Casa Giulietta']",San Zeno,strategy_nearest,False,0.0026502609252929688,success
04388D4A9C4C81,1,"['Arena', 'Torre Lamberti', 'Palazzo della Ragione']",Santa Anastasia,"['AMO', 'Museo Conte', 'Teatro Romano', 'Centro Fotografia', 'Duomo']",Duomo,strategy_nearest,True,0.0026450157165527344,success
043890429C4C81,2,['Casa Giulietta'],Castelvecchio,"['Museo Lapidario', 'Verona Tour', 'Arena', 'Museo Radio', 'San Zeno']",Torre Lamberti,strategy_nearest,False,0.0030651092529296875,success
0438AE3A9C4C80,3,"['Arena', 'Casa Giulietta']",Torre Lamberti,"['Sighseeing', 'Centro Fotografia', 'Museo Conte', 'Palazzo della Ragione', 'AMO']",Santa Anastasia,strategy_nearest,False,0.0026721954345703125,success
0438A54A9C4C80,3,"['Arena', 'Santa Anastasia']",Torre Lamberti,"['Sighseeing', 'Centro Fotografia', 'Museo Conte', 'Casa Giulietta', 'Palazzo della Ragione']",Teatro Romano,strategy_nearest,False,0.0020220279693603516,success
0438A04A9C4C80,3,"['Torre Lamberti', 'Santa Anastasia']",Duomo,"['AMO', 'Museo Miniscalchi', 'Teatro Romano', 'Palazzo della Ragione', 'Museo Conte']",Casa Giulietta,strategy_nearest,False,0.004256010055541992,success
0438B1429C4C80,0,['Arena'],Casa Giulietta,"['Centro Fotografia', 'Sighseeing', 'Torre Lamberti', 'Museo Conte', 'Museo Radio']",Castelvecchio,strategy_nearest,False,0.0032770633697509766,success
0438BC429C4C80,3,"['Arena', 'Casa Giulietta']",Santa Anastasia,"['AMO', 'Museo Conte', 'Palazzo della Ragione', 'Teatro Romano', 'Centro Fotografia']",Duomo,strategy_nearest,False,0.0025200843811035156,success
0438B63A9C4C80,1,"['Casa Giulietta', 'Santa Anastasia']",Duomo,"['AMO', 'Museo Miniscalchi', 'Teatro Romano', 'Palazzo della Ragione', 'Museo Conte']",Torre Lamberti,strategy_nearest,False,0.0018911361694335938,success
0438C2429C4C80,3,['Torre Lamberti'],Santa Anastasia,"['AMO', 'Museo Conte', 'Palazzo della Ragione', 'Teatro Romano', 'Centro Fotografia']",Arena,strategy_nearest,False,0.0031061172485351562,success
0438CB3A9C4C80,1,"['Arena', 'Casa Giulietta', 'Palazzo della Ragione']",Torre Lamberti,"['Sighseeing', 'Centro Fotografia', 'Museo Conte', 'AMO', 'Museo Miniscalchi']",Duomo,strategy_nearest,False,0.0025300979614257812,success
0438E83A9C4C80,1,"['Arena', 'Castelvecchio']",Palazzo della Ragione,"['AMO', 'Museo Conte', 'Torre Lamberti', 'Centro Fotografia', 'Sighseeing']",Torre Lamberti,strategy_nearest,True,0.002664804458618164,success
0438D13A9C4C80,3,"['Torre Lamberti', 'Teatro Romano', 'Santa Anastasia', 'Duomo']",Casa Giulietta,"['Centro Fotografia', 'Sighseeing', 'Museo Conte', 'Museo Radio', 'Palazzo della Ragione']",San Fermo,strategy_nearest,False,0.002724170684814453,success
0438E8429C4C80,1,['Castelvecchio'],Arena,"['Verona Tour', 'Museo Lapidario', 'Museo Radio', 'San Fermo', 'Casa Giulietta']",Torre Lamberti,strategy_nearest,False,0.0031440258026123047,success
0438FF3A9C4C80,1,"['Museo Lapidario', 'Casa Giulietta']",Santa Anastasia,"['AMO', 'Museo Conte', 'Palazzo della Ragione', 'Teatro Romano', 'Centro Fotografia']",Palazzo della Ragione,strategy_nearest,True,0.0017850399017333984,success
0438F43A9C4C80,0,['Arena'],Castelvecchio,"['Museo Lapidario', 'Verona Tour', 'Museo Radio', 'San Zeno', 'Sighseeing']",Santa Anastasia,strategy_nearest,False,0.004004240036010742,success
0438FF429C4C80,3,"['Arena', 'Casa Giulietta', 'Castelvecchio']",Santa Anastasia,"['AMO', 'Museo Conte', 'Palazzo della Ragione', 'Teatro Romano', 'Centro Fotografia']",Teatro Romano,strategy_nearest,True,0.002785921096801758,success
043902429C4C84,3,"['Torre Lamberti', 'Teatro Romano', 'Santa Anastasia', 'Duomo']",Casa Giulietta,"['Centro Fotografia', 'Sighseeing', 'Museo Conte', 'Museo Radio', 'Palazzo della Ragione']",San Fermo,strategy_nearest,False,0.003187894821166992,success
0439313A9C4C80,1,"['Teatro Romano', 'Duomo', 'Santa Anastasia', 'Arena']",San Fermo,"['Museo Storia', 'Museo Radio', 'Casa Giulietta', 'Centro Fotografia', 'Sighseeing']",Castelvecchio,strategy_nearest,False,0.002457141876220703,success
0439324A9C4C80,0,"['Tomba Giulietta', 'Arena']",Torre Lamberti,"['Sighseeing', 'Centro Fotografia', 'Museo Conte', 'Casa Giulietta', 'Palazzo della Ragione']",Casa Giulietta,strategy_nearest,True,0.003283262252807617,success
04393D3A9C4C80,1,"['Castelvecchio', 'Arena', 'San Fermo']",Casa Giulietta,"['Centro Fotografia', 'Sighseeing', 'Torre Lamberti', 'Museo Conte', 'Museo Radio']",Palazzo della Ragione,strategy_nearest,False,0.0025482177734375,success
04393E3A9C4C80,2,['Torre Lamberti'],Palazzo della Ragione,"['AMO', 'Museo Conte', 'Centro Fotografia', 'Sighseeing', 'Santa Anastasia']",Giardino Giusti,strategy_nearest,False,0.003103971481323242,success
043943429C4C80,0,['Teatro Romano'],Casa Giulietta,"['Centro Fotografia', 'Sighseeing', 'Torre Lamberti', 'Museo Conte', 'Museo Radio']",Arena,strategy_nearest,False,0.002562999725341797,success
04394B3A9C4C80,3,"['Arena', 'Casa Giulietta', 'Torre Lamberti']",Santa Anastasia,"['AMO', 'Museo Conte', 'Palazzo della Ragione', 'Teatro Romano', 'Centro Fotografia']",Duomo,strategy_nearest,False,0.002048015594482422,success
0439443A9C4C80,1,"['Arena', 'Casa Giulietta']",Santa Anastasia,"['AMO', 'Museo Conte', 'Palazzo della Ragione', 'Teatro Romano', 'Centro Fotografia']",Duomo,strategy_nearest,False,0.0034711360931396484,success
04394E429C4C80,1,['Torre Lamberti'],Palazzo della Ragione,"['AMO', 'Museo Conte', 'Centro Fotografia', 'Sighseeing', 'Santa Anastasia']",Arena,strategy_nearest,False,0.00327301025390625,success
043950429C4C80,2,['Castelvecchio'],Teatro Romano,"['Santa Anastasia', 'Duomo', 'AMO', 'Palazzo della Ragione', 'Museo Conte']",Santa Anastasia,strategy_nearest,True,0.003236055374145508,success
043960429C4C80,0,['Arena'],Casa Giulietta,"['Centro Fotografia', 'Sighseeing', 'Torre Lamberti', 'Museo Conte', 'Museo Radio']",Castelvecchio,strategy_nearest,False,0.0025658607482910156,success
043965429C4C80,1,['Casa Giulietta'],Torre Lamberti,"['Sighseeing', 'Centro Fotografia', 'Museo Conte', 'Palazzo della Ragione', 'AMO']",Palazzo della Ragione,strategy_nearest,True,0.0031921863555908203,success
043968429C4C80,3,"['Arena', 'Casa Giulietta']",Torre Lamberti,"['Sighseeing', 'Centro Fotografia', 'Museo Conte', 'Palazzo della Ragione', 'AMO']",Santa Anastasia,strategy_nearest,False,0.003161191940307617,success
0439713A9C4C80,1,['Casa Giulietta'],Torre Lamberti,"['Sighseeing', 'Centro Fotografia', 'Museo Conte', 'Palazzo della Ragione', 'AMO']",Palazzo della Ragione,strategy_nearest,True,0.0028023719787597656,success
043971429C4C80,0,['Castelvecchio'],Arena,"['Verona Tour', 'Museo Lapidario', 'Museo Radio', 'San Fermo', 'Casa Giulietta']",Casa Giulietta,strategy_nearest,True,0.0033159255981445312,success
0439763A9C4C80,3,"['Santa Anastasia', 'Casa Giulietta']",Arena,"['Verona Tour', 'Museo Lapidario', 'Museo Radio', 'San Fermo', 'Sighseeing']",San Fermo,strategy_nearest,True,0.0031380653381347656,success
0439773A9C4C80,3,['Arena'],Casa Giulietta,"['Centro Fotografia', 'Sighseeing', 'Torre Lamberti', 'Museo Conte', 'Museo Radio']",Santa Anastasia,strategy_nearest,False,0.0023658275604248047,success
043986429C4C80,0,"['Teatro Romano', 'Arena']",Casa Giulietta,"['Centro Fotografia', 'Sighseeing', 'Torre Lamberti', 'Museo Conte', 'Museo Radio']",Torre Lamberti,strategy_nearest,True,0.003381013870239258,success
0439A24A9C4C81,3,"['Arena', 'Santa Anastasia']",Torre Lamberti,"['Sighseeing', 'Centro Fotografia', 'Museo Conte', 'Casa Giulietta', 'Palazzo della Ragione']",Teatro Romano,strategy_nearest,False,0.002112150192260742,success
0439A34A9C4C80,1,"['Castelvecchio', 'Arena']",Teatro Romano,"['Santa Anastasia', 'Duomo', 'AMO', 'Palazzo della Ragione', 'Museo Conte']",Santa Anastasia,strategy_nearest,True,0.002821207046508789,success
04398C3A9C4C80,0,['Arena'],Casa Giulietta,"['Centro Fotografia', 'Sighseeing', 'Torre Lamberti', 'Museo Conte', 'Museo Radio']",Torre Lamberti,strategy_nearest,True,0.002752065658569336,success
0439A64A9C4C80,3,"['Castelvecchio', 'Arena', 'Torre Lamberti']",Casa Giulietta,"['Centro Fotografia', 'Sighseeing', 'Museo Conte', 'Museo Radio', 'Palazzo della Ragione']",Tomba Giulietta,strategy_nearest,False,0.0019817352294921875,success
0439AE3A9C4C80,0,['Arena'],Duomo,"['AMO', 'Museo Miniscalchi', 'Santa Anastasia', 'Teatro Romano', 'Palazzo della Ragione']",Teatro Romano,strategy_nearest,True,0.003370046615600586,success
0439AD3A9C4C80,0,"['Torre Lamberti', 'Casa Giulietta']",Arena,"['Verona Tour', 'Museo Lapidario', 'Museo Radio', 'San Fermo', 'Sighseeing']",Castelvecchio,strategy_nearest,False,0.0027468204498291016,success
0439B23A9C4C80,0,['Arena'],Torre Lamberti,"['Sighseeing', 'Centro Fotografia', 'Museo Conte', 'Casa Giulietta', 'Palazzo della Ragione']",Casa Giulietta,strategy_nearest,True,0.002498149871826172,success
0439B5429C4C80,1,"['Arena', 'Castelvecchio']",Teatro Romano,"['Santa Anastasia', 'Duomo', 'AMO', 'Palazzo della Ragione', 'Museo Conte']",Palazzo della Ragione,strategy_nearest,True,0.002961874008178711,success
0439CE3A9C4C80,2,['Casa Giulietta'],Torre Lamberti,"['Sighseeing', 'Centro Fotografia', 'Museo Conte', 'Palazzo della Ragione', 'AMO']",Santa Anastasia,strategy_nearest,False,0.001947164535522461,success
0439C3429C4C80,0,['Arena'],Castelvecchio,"['Museo Lapidario', 'Verona Tour', 'Museo Radio', 'San Zeno', 'Sighseeing']",Casa Giulietta,strategy_nearest,False,0.0033767223358154297,success
0439BE429C4C80,3,['Arena'],Casa Giulietta,"['Centro Fotografia', 'Sighseeing', 'Torre Lamberti', 'Museo Conte', 'Museo Radio']",Duomo,strategy_nearest,False,0.0027990341186523438,success
0439CF3A9C4C80,1,['Arena'],Casa Giulietta,"['Centro Fotografia', 'Sighseeing', 'Torre Lamberti', 'Museo Conte', 'Museo Radio']",Torre Lamberti,strategy_nearest,True,0.003045797348022461,success
0439D33A9C4C80,3,"['Torre Lamberti', 'Teatro Romano', 'Santa Anastasia', 'Duomo']",Casa Giulietta,"['Centro Fotografia', 'Sighseeing', 'Museo Conte', 'Museo Radio', 'Palazzo della Ragione']",San Fermo,strategy_nearest,False,0.001961231231689453,success
043A8A4A9C4C81,0,['Arena'],Castelvecchio,"['Museo Lapidario', 'Verona Tour', 'Museo Radio', 'San Zeno', 'Sighseeing']",Casa Giulietta,strategy_nearest,False,0.003268003463745117,success
0439DC3A9C4C80,4,"['Arena', 'Casa Giulietta', 'Santa Anastasia']",Teatro Romano,"['Duomo', 'AMO', 'Palazzo della Ragione', 'Museo Conte', 'Centro Fotografia']",Castelvecchio,strategy_nearest,False,0.0033240318298339844,success
043A823A9C4C80,1,"['Casa Giulietta', 'Arena']",Torre Lamberti,"['Sighseeing', 'Centro Fotografia', 'Museo Conte', 'Palazzo della Ragione', 'AMO']",Palazzo della Ragione,strategy_nearest,True,0.002614736557006836,success
043AE83A9C4C80,3,"['Torre Lamberti', 'Santa Anastasia']",Duomo,"['AMO', 'Museo Miniscalchi', 'Teatro Romano', 'Palazzo della Ragione', 'Museo Conte']",Arena,strategy_nearest,False,0.0026857852935791016,success
043B473A9C4C80,2,['Torre Lamberti'],Palazzo della Ragione,"['AMO', 'Museo Conte', 'Centro Fotografia', 'Sighseeing', 'Santa Anastasia']",Duomo,strategy_nearest,False,0.00203704833984375,success
043AE93A9C4C80,3,"['Arena', 'Casa Giulietta']",Torre Lamberti,"['Sighseeing', 'Centro Fotografia', 'Museo Conte', 'Palazzo della Ragione', 'AMO']",Santa Anastasia,strategy_nearest,False,0.0027170181274414062,success
043B4E429C4C80,3,"['Arena', 'Casa Giulietta', 'Tomba Giulietta']",San Fermo,"['Museo Storia', 'Museo Radio', 'Centro Fotografia', 'Sighseeing', 'Torre Lamberti']",Santa Anastasia,strategy_nearest,False,0.003251314163208008,success
043B51429C4C80,2,['Palazzo della Ragione'],Torre Lamberti,"['Sighseeing', 'Centro Fotografia', 'Museo Conte', 'Casa Giulietta', 'AMO']",Casa Giulietta,strategy_nearest,True,0.004730224609375,success
043B54429C4C80,0,"['Arena', 'Casa Giulietta']",Giardino Giusti,"['Santa Anastasia', 'Teatro Romano', 'Museo Conte', 'Centro Fotografia', 'Museo Storia']",Teatro Romano,strategy_nearest,True,0.0028252601623535156,success
043B65429C4C80,3,['Arena'],Santa Anastasia,"['AMO', 'Museo Conte', 'Palazzo della Ragione', 'Teatro Romano', 'Centro Fotografia']",Teatro Romano,strategy_nearest,True,0.0034759044647216797,success
043B6B429C4C80,1,['Arena'],Palazzo della Ragione,"['AMO', 'Museo Conte', 'Torre Lamberti', 'Centro Fotografia', 'Sighseeing']",Santa Anastasia,strategy_nearest,False,0.0021431446075439453,success
043B68429C4C80,3,"['Arena', 'Santa Anastasia', 'Casa Giulietta']",Torre Lamberti,"['Sighseeing', 'Centro Fotografia', 'Museo Conte', 'Palazzo della Ragione', 'AMO']",Duomo,strategy_nearest,False,0.0028040409088134766,success
043B6D429C4C80,3,"['Arena', 'Casa Giulietta']",Torre Lamberti,"['Sighseeing', 'Centro Fotografia', 'Museo Conte', 'Palazzo della Ragione', 'AMO']",San Zeno,strategy_nearest,False,0.003325939178466797,success
043B67429C4C80,3,"['San Zeno', 'Arena', 'Casa Giulietta']",Santa Anastasia,"['AMO', 'Museo Conte', 'Palazzo della Ragione', 'Teatro Romano', 'Centro Fotografia']",Duomo,strategy_nearest,False,0.0015730857849121094,success
043B71429C4C80,0,['Castelvecchio'],Arena,"['Verona Tour', 'Museo Lapidario', 'Museo Radio', 'San Fermo', 'Casa Giulietta']",Casa Giulietta,strategy_nearest,True,0.0015690326690673828,success
043B7D4A9C4C80,3,"['Santa Anastasia', 'Duomo']",Torre Lamberti,"['Sighseeing', 'Centro Fotografia', 'Museo Conte', 'Casa Giulietta', 'Palazzo della Ragione']",San Fermo,strategy_nearest,False,0.002043008804321289,success
043B7B3A9C4C80,0,['Arena'],Casa Giulietta,"['Centro Fotografia', 'Sighseeing', 'Torre Lamberti', 'Museo Conte', 'Museo Radio']",Castelvecchio,strategy_nearest,False,0.0033109188079833984,success
043B713A9C4C80,0,['Casa Giulietta'],Torre Lamberti,"['Sighseeing', 'Centro Fotografia', 'Museo Conte', 'Palazzo della Ragione', 'AMO']",Arena,strategy_nearest,False,0.0034499168395996094,success
043B8A3A9C4C80,0,['Arena'],Torre Lamberti,"['Sighseeing', 'Centro Fotografia', 'Museo Conte', 'Casa Giulietta', 'Palazzo della Ragione']",Casa Giulietta,strategy_nearest,True,0.0028982162475585938,success
043BA472743380,3,['Castelvecchio'],Arena,"['Verona Tour', 'Museo Lapidario', 'Museo Radio', 'San Fermo', 'Casa Giulietta']",Torre Lamberti,strategy_nearest,False,0.0026750564575195312,success
043B8F429C4C80,3,"['Torre Lamberti', 'Casa Giulietta', 'Santa Anastasia', 'Teatro Romano']",Castelvecchio,"['Museo Lapidario', 'Verona Tour', 'Arena', 'Museo Radio', 'San Zeno']",San Fermo,strategy_nearest,False,0.002115964889526367,success
043BA64A9C4C80,0,"['Arena', 'Museo Lapidario']",Castelvecchio,"['Verona Tour', 'Museo Radio', 'San Zeno', 'Sighseeing', 'Museo Miniscalchi']",Torre Lamberti,strategy_nearest,False,0.0024018287658691406,success
043BB1429C4C80,2,"['Casa Giulietta', 'Castelvecchio']",Tomba Giulietta,"['San Fermo', 'Museo Storia', 'Arena', 'Museo Lapidario', 'Museo Radio']",Duomo,strategy_nearest,False,0.0027930736541748047,success
043BB0429C4C80,0,['Arena'],Casa Giulietta,"['Centro Fotografia', 'Sighseeing', 'Torre Lamberti', 'Museo Conte', 'Museo Radio']",Castelvecchio,strategy_nearest,False,0.0022401809692382812,success
043BB23A9C4C80,0,['Arena'],Casa Giulietta,"['Centro Fotografia', 'Sighseeing', 'Torre Lamberti', 'Museo Conte', 'Museo Radio']",Torre Lamberti,strategy_nearest,True,0.0027670860290527344,success
043BBA429C4C80,0,['Arena'],Casa Giulietta,"['Centro Fotografia', 'Sighseeing', 'Torre Lamberti', 'Museo Conte', 'Museo Radio']",Torre Lamberti,strategy_nearest,True,0.0030519962310791016,success
043BC0429C4C80,3,"['Tomba Giulietta', 'Casa Giulietta']",Santa Anastasia,"['AMO', 'Museo Conte', 'Palazzo della Ragione', 'Teatro Romano', 'Centro Fotografia']",Duomo,strategy_nearest,False,0.002599954605102539,success
043BC7429C4C80,3,"['Arena', 'Casa Giulietta']",Santa Anastasia,"['AMO', 'Museo Conte', 'Palazzo della Ragione', 'Teatro Romano', 'Centro Fotografia']",Castelvecchio,strategy_nearest,False,0.0031518936157226562,success
043BCA429C4C80,0,['Arena'],Casa Giulietta,"['Centro Fotografia', 'Sighseeing', 'Torre Lamberti', 'Museo Conte', 'Museo Radio']",Santa Anastasia,strategy_nearest,False,0.0029370784759521484,success
043BD0429C4C80,2,"['Santa Anastasia', 'Casa Giulietta', 'San Fermo']",Castelvecchio,"['Museo Lapidario', 'Verona Tour', 'Arena', 'Museo Radio', 'San Zeno']",San Zeno,strategy_nearest,True,0.002707958221435547,success
043BD13A9C4C80,0,['Santa Anastasia'],Casa Giulietta,"['Centro Fotografia', 'Sighseeing', 'Torre Lamberti', 'Museo Conte', 'Museo Radio']",Arena,strategy_nearest,False,0.0028557777404785156,success
043BD6429C4C80,1,"['Casa Giulietta', 'Palazzo della Ragione', 'Torre Lamberti', 'Giardino Giusti']",Santa Anastasia,"['AMO', 'Museo Conte', 'Teatro Romano', 'Centro Fotografia', 'Duomo']",Tomba Giulietta,strategy_nearest,False,0.0034542083740234375,success
043BDE3A9C4C80,1,"['Arena', 'Castelvecchio']",Santa Anastasia,"['AMO', 'Museo Conte', 'Palazzo della Ragione', 'Teatro Romano', 'Centro Fotografia']",Palazzo della Ragione,strategy_nearest,True,0.0032129287719726562,success
043BDE429C4C80,0,['Arena'],Casa Giulietta,"['Centro Fotografia', 'Sighseeing', 'Torre Lamberti', 'Museo Conte', 'Museo Radio']",Tomba Giulietta,strategy_nearest,False,0.003094196319580078,success
043BF6429C4C80,3,"['Arena', 'Castelvecchio', 'Museo Lapidario', 'Casa Giulietta']",Torre Lamberti,"['Sighseeing', 'Centro Fotografia', 'Museo Conte', 'Palazzo della Ragione', 'AMO']",Santa Anastasia,strategy_nearest,False,0.0018732547760009766,success
043C0A3A9C4C84,3,"['Torre Lamberti', 'Arena']",San Fermo,"['Museo Storia', 'Museo Radio', 'Casa Giulietta', 'Centro Fotografia', 'Sighseeing']",Santa Anastasia,strategy_nearest,False,0.002529621124267578,success
043C053A9C4C84,2,"['Torre Lamberti', 'Casa Giulietta', 'San Fermo']",San Zeno,"['Castelvecchio', 'Verona Tour', 'Museo Lapidario', 'Arena', 'Museo Miniscalchi']",Castelvecchio,strategy_nearest,True,0.004271030426025391,success
043C343A9C4C80,2,"['Casa Giulietta', 'Castelvecchio']",San Zeno,"['Verona Tour', 'Museo Lapidario', 'Arena', 'Museo Miniscalchi', 'Sighseeing']",Teatro Romano,strategy_nearest,False,0.0025169849395751953,success
043C433A9C4C80,1,"['Arena', 'Casa Giulietta']",Palazzo della Ragione,"['AMO', 'Museo Conte', 'Torre Lamberti', 'Centro Fotografia', 'Sighseeing']",Duomo,strategy_nearest,False,0.003471851348876953,success
043C453A9C4C80,0,['Torre Lamberti'],Casa Giulietta,"['Centro Fotografia', 'Sighseeing', 'Museo Conte', 'Museo Radio', 'Palazzo della Ragione']",Arena,strategy_nearest,False,0.003225088119506836,success
043C493A9C4C80,0,['Arena'],Casa Giulietta,"['Centro Fotografia', 'Sighseeing', 'Torre Lamberti', 'Museo Conte', 'Museo Radio']",Teatro Romano,strategy_nearest,False,0.0025069713592529297,success
043C52429C4C80,2,"['Castelvecchio', 'Santa Anastasia']",Duomo,"['AMO', 'Museo Miniscalchi', 'Teatro Romano', 'Palazzo della Ragione', 'Museo Conte']",Torre Lamberti,strategy_nearest,False,0.0017859935760498047,success
043C45429C4C80,3,"['Teatro Romano', 'Duomo', 'Santa Anastasia']",Torre Lamberti,"['Sighseeing', 'Centro Fotografia', 'Museo Conte', 'Casa Giulietta', 'Palazzo della Ragione']",Casa Giulietta,strategy_nearest,True,0.00427699089050293,success
043C67429C4C80,3,"['Santa Anastasia', 'Duomo']",Torre Lamberti,"['Sighseeing', 'Centro Fotografia', 'Museo Conte', 'Casa Giulietta', 'Palazzo della Ragione']",Casa Giulietta,strategy_nearest,True,0.0024378299713134766,success
043C5C429C4C80,0,['Arena'],Castelvecchio,"['Museo Lapidario', 'Verona Tour', 'Museo Radio', 'San Zeno', 'Sighseeing']",San Fermo,strategy_nearest,False,0.0031349658966064453,success
043C6D3A9C4C80,3,['Arena'],Casa Giulietta,"['Centro Fotografia', 'Sighseeing', 'Torre Lamberti', 'Museo Conte', 'Museo Radio']",Torre Lamberti,strategy_nearest,True,0.0028929710388183594,success
043C78429C4C80,3,"['Arena', 'Museo Lapidario']",Castelvecchio,"['Verona Tour', 'Museo Radio', 'San Zeno', 'Sighseeing', 'Museo Miniscalchi']",Duomo,strategy_nearest,False,0.003144979476928711,success
043C6F429C4C80,3,"['San Fermo', 'Torre Lamberti']",Santa Anastasia,"['AMO', 'Museo Conte', 'Palazzo della Ragione', 'Teatro Romano', 'Centro Fotografia']",Duomo,strategy_nearest,False,0.004024028778076172,success
043C723A9C4C80,0,['San Fermo'],Arena,"['Verona Tour', 'Museo Lapidario', 'Museo Radio', 'Casa Giulietta', 'Sighseeing']",Castelvecchio,strategy_nearest,False,0.001965045928955078,success
043C7E429C4C80,0,['Torre Lamberti'],Arena,"['Verona Tour', 'Museo Lapidario', 'Museo Radio', 'San Fermo', 'Casa Giulietta']",Tomba Giulietta,strategy_nearest,False,0.0018999576568603516,success
043C793A9C4C80,3,"['Torre Lamberti', 'Arena']",Casa Giulietta,"['Centro Fotografia', 'Sighseeing', 'Museo Conte', 'Museo Radio', 'Palazzo della Ragione']",Santa Anastasia,strategy_nearest,False,0.0017468929290771484,success
043C7B3A9C4C80,0,['Castelvecchio'],Casa Giulietta,"['Centro Fotografia', 'Sighseeing', 'Torre Lamberti', 'Museo Conte', 'Museo Radio']",Torre Lamberti,strategy_nearest,True,0.002532958984375,success
043C8F429C4C80,0,['Santa Anastasia'],Arena,"['Verona Tour', 'Museo Lapidario', 'Museo Radio', 'San Fermo', 'Casa Giulietta']",Casa Giulietta,strategy_nearest,True,0.002725839614868164,success
043C92429C4C80,0,"['Arena', 'Casa Giulietta']",Torre Lamberti,"['Sighseeing', 'Centro Fotografia', 'Museo Conte', 'Palazzo della Ragione', 'AMO']",Castelvecchio,strategy_nearest,False,0.0021009445190429688,success
043C7F429C4C80,3,"['Arena', 'Duomo']",Santa Anastasia,"['AMO', 'Museo Conte', 'Palazzo della Ragione', 'Teatro Romano', 'Centro Fotografia']",Torre Lamberti,strategy_nearest,False,0.0028378963470458984,success
043CA84A9C4C80,3,"['Arena', 'Tomba Giulietta', 'San Fermo', 'Casa Giulietta']",Torre Lamberti,"['Sighseeing', 'Centro Fotografia', 'Museo Conte', 'Palazzo della Ragione', 'AMO']",Teatro Romano,strategy_nearest,False,0.0032749176025390625,success
043CB0429C4C80,1,"['Arena', 'Casa Giulietta']",Palazzo della Ragione,"['AMO', 'Museo Conte', 'Torre Lamberti', 'Centro Fotografia', 'Sighseeing']",Torre Lamberti,strategy_nearest,True,0.002177000045776367,success
043CAB3A9C4C80,0,['Arena'],Casa Giulietta,"['Centro Fotografia', 'Sighseeing', 'Torre Lamberti', 'Museo Conte', 'Museo Radio']",Santa Anastasia,strategy_nearest,False,0.0028150081634521484,success
043CB33A9C4C80,1,['Arena'],Casa Giulietta,"['Centro Fotografia', 'Sighseeing', 'Torre Lamberti', 'Museo Conte', 'Museo Radio']",Palazzo della Ragione,strategy_nearest,False,0.002691984176635742,success
043CB43A9C4C80,1,"['Casa Giulietta', 'Santa Anastasia', 'Torre Lamberti']",Palazzo della Ragione,"['AMO', 'Museo Conte', 'Centro Fotografia', 'Sighseeing', 'Museo Miniscalchi']",Arena,strategy_nearest,False,0.0033202171325683594,success
043CBA429C4C80,2,['Casa Giulietta'],Tomba Giulietta,"['San Fermo', 'Museo Storia', 'Arena', 'Museo Lapidario', 'Museo Radio']",Teatro Romano,strategy_nearest,False,0.0020339488983154297,success
043CCA3A9C4C80,1,"['Arena', 'Santa Anastasia']",Teatro Romano,"['Duomo', 'AMO', 'Palazzo della Ragione', 'Museo Conte', 'Centro Fotografia']",Palazzo della Ragione,strategy_nearest,True,0.001961946487426758,success
043CBB429C4C80,2,['Giardino Giusti'],San Zeno,"['Castelvecchio', 'Verona Tour', 'Museo Lapidario', 'Arena', 'Museo Miniscalchi']",Santa Anastasia,strategy_nearest,False,0.0033750534057617188,success
043CD7429C4C80,3,"['Torre Lamberti', 'Castelvecchio']",San Zeno,"['Verona Tour', 'Museo Lapidario', 'Arena', 'Museo Miniscalchi', 'Sighseeing']",Duomo,strategy_nearest,False,0.0034918785095214844,success
043CD9429C4C80,2,['Giardino Giusti'],Palazzo della Ragione,"['AMO', 'Museo Conte', 'Torre Lamberti', 'Centro Fotografia', 'Sighseeing']",San Fermo,strategy_nearest,False,0.0020551681518554688,success
043CD43A9C4C80,3,['Arena'],Castelvecchio,"['Museo Lapidario', 'Verona Tour', 'Museo Radio', 'San Zeno', 'Sighseeing']",Santa Anastasia,strategy_nearest,False,0.0034418106079101562,success
043CDB3A9C4C80,1,"['Torre Lamberti', 'Arena', 'Casa Giulietta', 'Santa Anastasia']",Duomo,"['AMO', 'Museo Miniscalchi', 'Teatro Romano', 'Palazzo della Ragione', 'Museo Conte']",Castelvecchio,strategy_nearest,False,0.003325939178466797,success
043CE43A9C4C80,3,['Arena'],Casa Giulietta,"['Centro Fotografia', 'Sighseeing', 'Torre Lamberti', 'Museo Conte', 'Museo Radio']",Santa Anastasia,strategy_nearest,False,0.002554178237915039,success
043D03429C4C84,1,"['Arena', 'Palazzo della Ragione']",Casa Giulietta,"['Centro Fotografia', 'Sighseeing', 'Torre Lamberti', 'Museo Conte', 'Museo Radio']",Torre Lamberti,strategy_nearest,True,0.0023250579833984375,success
043CE63A9C4C80,3,"['Arena', 'Castelvecchio']",Casa Giulietta,"['Centro Fotografia', 'Sighseeing', 'Torre Lamberti', 'Museo Conte', 'Museo Radio']",Santa Anastasia,strategy_nearest,False,0.00183868408203125,success
043CFF3A9C4C80,3,"['Santa Anastasia', 'Duomo']",Casa Giulietta,"['Centro Fotografia', 'Sighseeing', 'Torre Lamberti', 'Museo Conte', 'Museo Radio']",Arena,strategy_nearest,False,0.003223896026611328,success
043D063A9C4C84,2,"['Casa Giulietta', 'Palazzo della Ragione', 'Torre Lamberti']",Santa Anastasia,"['AMO', 'Museo Conte', 'Teatro Romano', 'Centro Fotografia', 'Duomo']",Teatro Romano,strategy_nearest,True,0.0027227401733398438,success
043D04429C4C84,1,"['Arena', 'Museo Lapidario', 'Castelvecchio', 'Torre Lamberti', 'Casa Giulietta']",San Zeno,"['Verona Tour', 'Museo Miniscalchi', 'Sighseeing', 'Museo Radio', 'Palazzo della Ragione']",Palazzo della Ragione,strategy_nearest,True,0.0018596649169921875,success
043D043A9C4C84,0,['Arena'],Casa Giulietta,"['Centro Fotografia', 'Sighseeing', 'Torre Lamberti', 'Museo Conte', 'Museo Radio']",Torre Lamberti,strategy_nearest,True,0.003261089324951172,success
043D09429C4C84,0,['Arena'],Casa Giulietta,"['Centro Fotografia', 'Sighseeing', 'Torre Lamberti', 'Museo Conte', 'Museo Radio']",Castelvecchio,strategy_nearest,False,0.0033919811248779297,success
043D4A3A9C4C80,3,"['Torre Lamberti', 'Arena']",Teatro Romano,"['Santa Anastasia', 'Duomo', 'AMO', 'Palazzo della Ragione', 'Museo Conte']",San Zeno,strategy_nearest,False,0.0024368762969970703,success
043D403A9C4C80,0,['Arena'],Santa Anastasia,"['AMO', 'Museo Conte', 'Palazzo della Ragione', 'Teatro Romano', 'Centro Fotografia']",Giardino Giusti,strategy_nearest,False,0.003980159759521484,success
043D3E429C4C80,3,"['Arena', 'Casa Giulietta']",Torre Lamberti,"['Sighseeing', 'Centro Fotografia', 'Museo Conte', 'Palazzo della Ragione', 'AMO']",Santa Anastasia,strategy_nearest,False,0.0019240379333496094,success
043D49429C4C80,3,"['Arena', 'Santa Anastasia']",Torre Lamberti,"['Sighseeing', 'Centro Fotografia', 'Museo Conte', 'Casa Giulietta', 'Palazzo della Ragione']",Casa Giulietta,strategy_nearest,True,0.0021178722381591797,success
043D4F3A9C4C80,3,"['Arena', 'Casa Giulietta', 'Santa Anastasia']",Duomo,"['AMO', 'Museo Miniscalchi', 'Teatro Romano', 'Palazzo della Ragione', 'Museo Conte']",Teatro Romano,strategy_nearest,True,0.0012750625610351562,success
043D68BA7B3F80,0,"['Casa Giulietta', 'Torre Lamberti']",Arena,"['Verona Tour', 'Museo Lapidario', 'Museo Radio', 'San Fermo', 'Sighseeing']",Tomba Giulietta,strategy_nearest,False,0.0018618106842041016,success
043D51429C4C80,0,['Arena'],Casa Giulietta,"['Centro Fotografia', 'Sighseeing', 'Torre Lamberti', 'Museo Conte', 'Museo Radio']",Torre Lamberti,strategy_nearest,True,0.003322124481201172,success
043D50429C4C80,0,"['Arena', 'Casa Giulietta']",Torre Lamberti,"['Sighseeing', 'Centro Fotografia', 'Museo Conte', 'Palazzo della Ragione', 'AMO']",Museo Lapidario,strategy_nearest,False,0.002808094024658203,success
043D7C3A9C4C80,0,['Arena'],Torre Lamberti,"['Sighseeing', 'Centro Fotografia', 'Museo Conte', 'Casa Giulietta', 'Palazzo della Ragione']",Castelvecchio,strategy_nearest,False,0.0019440650939941406,success
043D6A429C4C80,3,['Museo Lapidario'],Arena,"['Verona Tour', 'Museo Radio', 'San Fermo', 'Casa Giulietta', 'Sighseeing']",Santa Anastasia,strategy_nearest,False,0.004642963409423828,success
043D773A9C4C80,0,['Arena'],Torre Lamberti,"['Sighseeing', 'Centro Fotografia', 'Museo Conte', 'Casa Giulietta', 'Palazzo della Ragione']",Casa Giulietta,strategy_nearest,True,0.0013759136199951172,success
043D874A9C4C80,0,['Arena'],Museo Lapidario,"['Verona Tour', 'Castelvecchio', 'Museo Radio', 'San Fermo', 'Casa Giulietta']",Torre Lamberti,strategy_nearest,False,0.0035440921783447266,success
043D884A9C4C80,1,"['Arena', 'Casa Giulietta']",Palazzo della Ragione,"['AMO', 'Museo Conte', 'Torre Lamberti', 'Centro Fotografia', 'Sighseeing']",Santa Anastasia,strategy_nearest,False,0.0015919208526611328,success
043D8F429C4C80,3,"['Arena', 'Castelvecchio']",Torre Lamberti,"['Sighseeing', 'Centro Fotografia', 'Museo Conte', 'Casa Giulietta', 'Palazzo della Ragione']",Santa Anastasia,strategy_nearest,False,0.0031909942626953125,success
043D8E429C4C80,0,"['Arena', 'Casa Giulietta']",San Zeno,"['Castelvecchio', 'Verona Tour', 'Museo Lapidario', 'Museo Miniscalchi', 'Sighseeing']",Castelvecchio,strategy_nearest,True,0.0027031898498535156,success
043D92429C4C80,0,['Torre Lamberti'],Arena,"['Verona Tour', 'Museo Lapidario', 'Museo Radio', 'San Fermo', 'Casa Giulietta']",Casa Giulietta,strategy_nearest,True,0.0026819705963134766,success
043D93429C4C80,2,"['Castelvecchio', 'Casa Giulietta']",Palazzo della Ragione,"['AMO', 'Museo Conte', 'Torre Lamberti', 'Centro Fotografia', 'Sighseeing']",Torre Lamberti,strategy_nearest,True,0.003136873245239258,success
043DA672743380,3,"['Tomba Giulietta', 'San Fermo', 'Castelvecchio']",San Zeno,"['Verona Tour', 'Museo Lapidario', 'Arena', 'Museo Miniscalchi', 'Sighseeing']",Arena,strategy_nearest,True,0.002434968948364258,success
043DAE429C4C80,0,['Arena'],Castelvecchio,"['Museo Lapidario', 'Verona Tour', 'Museo Radio', 'San Zeno', 'Sighseeing']",Teatro Romano,strategy_nearest,False,0.0032417774200439453,success
043DA6429C4C80,2,"['Casa Giulietta', 'Torre Lamberti', 'Palazzo della Ragione']",Santa Anastasia,"['AMO', 'Museo Conte', 'Teatro Romano', 'Centro Fotografia', 'Duomo']",Teatro Romano,strategy_nearest,True,0.0035839080810546875,success
043DB03A9C4C80,1,"['Teatro Romano', 'Santa Anastasia', 'Palazzo della Ragione']",Torre Lamberti,"['Sighseeing', 'Centro Fotografia', 'Museo Conte', 'Casa Giulietta', 'AMO']",Casa Giulietta,strategy_nearest,True,0.001950979232788086,success
043DBC3A9C4C80,3,['Arena'],Casa Giulietta,"['Centro Fotografia', 'Sighseeing', 'Torre Lamberti', 'Museo Conte', 'Museo Radio']",Torre Lamberti,strategy_nearest,True,0.0029370784759521484,success
043DB0429C4C80,1,"['Arena', 'Casa Giulietta']",Torre Lamberti,"['Sighseeing', 'Centro Fotografia', 'Museo Conte', 'Palazzo della Ragione', 'AMO']",Palazzo della Ragione,strategy_nearest,True,0.003926992416381836,success
043DB73A9C4C80,0,['Arena'],Teatro Romano,"['Santa Anastasia', 'Duomo', 'AMO', 'Palazzo della Ragione', 'Museo Conte']",Castelvecchio,strategy_nearest,False,0.0023207664489746094,success
043DBD429C4C80,3,"['Torre Lamberti', 'Santa Anastasia']",Duomo,"['AMO', 'Museo Miniscalchi', 'Teatro Romano', 'Palazzo della Ragione', 'Museo Conte']",Teatro Romano,strategy_nearest,True,0.004155874252319336,success
043DC1429C4C80,3,"['Torre Lamberti', 'Santa Anastasia']",Duomo,"['AMO', 'Museo Miniscalchi', 'Teatro Romano', 'Palazzo della Ragione', 'Museo Conte']",Arena,strategy_nearest,False,0.0020270347595214844,success
043DC9429C4C80,0,['Palazzo della Ragione'],Casa Giulietta,"['Centro Fotografia', 'Sighseeing', 'Torre Lamberti', 'Museo Conte', 'Museo Radio']",Arena,strategy_nearest,False,0.0030350685119628906,success
043DC53A9C4C80,6,['Castelvecchio'],Arena,"['Verona Tour', 'Museo Lapidario', 'Museo Radio', 'San Fermo', 'Casa Giulietta']",Verona Tour,strategy_nearest,True,0.0029189586639404297,success
043DE63A9C4C80,0,['Arena'],Castelvecchio,"['Museo Lapidario', 'Verona Tour', 'Museo Radio', 'San Zeno', 'Sighseeing']",Casa Giulietta,strategy_nearest,False,0.0029489994049072266,success
043DE33A9C4C80,3,['Arena'],Castelvecchio,"['Museo Lapidario', 'Verona Tour', 'Museo Radio', 'San Zeno', 'Sighseeing']",Santa Anastasia,strategy_nearest,False,0.001628875732421875,success
043DD03A9C4C80,3,"['Arena', 'Torre Lamberti']",Castelvecchio,"['Museo Lapidario', 'Verona Tour', 'Museo Radio', 'San Zeno', 'Sighseeing']",Duomo,strategy_nearest,False,0.0037708282470703125,success
043DE83A9C4C80,0,['Casa Giulietta'],San Fermo,"['Museo Storia', 'Museo Radio', 'Centro Fotografia', 'Arena', 'Sighseeing']",Tomba Giulietta,strategy_nearest,False,0.003592967987060547,success
043DF73A9C4C80,0,['Arena'],Casa Giulietta,"['Centro Fotografia', 'Sighseeing', 'Torre Lamberti', 'Museo Conte', 'Museo Radio']",Torre Lamberti,strategy_nearest,True,0.0019118785858154297,success
043DEB3A9C4C80,3,"['Arena', 'Torre Lamberti', 'Casa Giulietta']",San Fermo,"['Museo Storia', 'Museo Radio', 'Centro Fotografia', 'Sighseeing', 'Museo Conte']",Teatro Romano,strategy_nearest,False,0.0037221908569335938,success
043DFF3A9C4C80,2,"['Museo Lapidario', 'Castelvecchio']",Casa Giulietta,"['Centro Fotografia', 'Sighseeing', 'Torre Lamberti', 'Museo Conte', 'Museo Radio']",Torre Lamberti,strategy_nearest,True,0.002819061279296875,success
043E01429C4C84,1,"['Teatro Romano', 'Duomo', 'Santa Anastasia', 'Arena']",Castelvecchio,"['Museo Lapidario', 'Verona Tour', 'Museo Radio', 'San Zeno', 'Sighseeing']",Torre Lamberti,strategy_nearest,False,0.0025479793548583984,success
043E023A9C4C84,1,"['Arena', 'Torre Lamberti']",Casa Giulietta,"['Centro Fotografia', 'Sighseeing', 'Museo Conte', 'Museo Radio', 'Palazzo della Ragione']",Palazzo della Ragione,strategy_nearest,True,0.002897977828979492,success
043E0B3A9C4C84,3,['Arena'],Santa Anastasia,"['AMO', 'Museo Conte', 'Palazzo della Ragione', 'Teatro Romano', 'Centro Fotografia']",Duomo,strategy_nearest,False,0.0033957958221435547,success
043E413A9C4C80,3,"['Casa Giulietta', 'Santa Anastasia']",Duomo,"['AMO', 'Museo Miniscalchi', 'Teatro Romano', 'Palazzo della Ragione', 'Museo Conte']",Teatro Romano,strategy_nearest,True,0.002488851547241211,success
043E3E3A9C4C80,3,"['Santa Anastasia', 'Duomo', 'San Zeno']",Torre Lamberti,"['Sighseeing', 'Centro Fotografia', 'Museo Conte', 'Casa Giulietta', 'Palazzo della Ragione']",San Fermo,strategy_nearest,False,0.0022780895233154297,success
043E403A9C4C80,3,"['Casa Giulietta', 'Torre Lamberti']",Teatro Romano,"['Santa Anastasia', 'Duomo', 'AMO', 'Palazzo della Ragione', 'Museo Conte']",Duomo,strategy_nearest,True,0.0038979053497314453,success
043E42A28C3680,0,['Arena'],Casa Giulietta,"['Centro Fotografia', 'Sighseeing', 'Torre Lamberti', 'Museo Conte', 'Museo Radio']",Duomo,strategy_nearest,False,0.0023088455200195312,success
043E48429C4C80,0,['Arena'],Casa Giulietta,"['Centro Fotografia', 'Sighseeing', 'Torre Lamberti', 'Museo Conte', 'Museo Radio']",Torre Lamberti,strategy_nearest,True,0.003158092498779297,success
043E4E429C4C80,1,"['Museo Lapidario', 'Teatro Romano']",Torre Lamberti,"['Sighseeing', 'Centro Fotografia', 'Museo Conte', 'Casa Giulietta', 'Palazzo della Ragione']",Palazzo della Ragione,strategy_nearest,True,0.0034339427947998047,success
043E51429C4C80,0,['Torre Lamberti'],Arena,"['Verona Tour', 'Museo Lapidario', 'Museo Radio', 'San Fermo', 'Casa Giulietta']",Castelvecchio,strategy_nearest,False,0.004815101623535156,success
043E53429C4C80,3,['Arena'],Casa Giulietta,"['Centro Fotografia', 'Sighseeing', 'Torre Lamberti', 'Museo Conte', 'Museo Radio']",Santa Anastasia,strategy_nearest,False,0.0030939579010009766,success
043E57429C4C80,3,"['Casa Giulietta', 'Torre Lamberti']",Arena,"['Verona Tour', 'Museo Lapidario', 'Museo Radio', 'San Fermo', 'Sighseeing']",Santa Anastasia,strategy_nearest,False,0.0038590431213378906,success
043E59429C4C80,0,['Arena'],Castelvecchio,"['Museo Lapidario', 'Verona Tour', 'Museo Radio', 'San Zeno', 'Sighseeing']",Casa Giulietta,strategy_nearest,False,0.0021200180053710938,success
043E64429C4C80,2,['Casa Giulietta'],Santa Anastasia,"['AMO', 'Museo Conte', 'Palazzo della Ragione', 'Teatro Romano', 'Centro Fotografia']",Teatro Romano,strategy_nearest,True,0.0027840137481689453,success
043E7A4A9C4C80,3,"['Arena', 'Casa Giulietta', 'Tomba Giulietta']",San Fermo,"['Museo Storia', 'Museo Radio', 'Centro Fotografia', 'Sighseeing', 'Torre Lamberti']",Torre Lamberti,strategy_nearest,True,0.002062082290649414,success
043E92429C4C80,0,['Torre Lamberti'],Arena,"['Verona Tour', 'Museo Lapidario', 'Museo Radio', 'San Fermo', 'Casa Giulietta']",Casa Giulietta,strategy_nearest,True,0.002077817916870117,success
043E854A9C4C80,0,['Arena'],Casa Giulietta,"['Centro Fotografia', 'Sighseeing', 'Torre Lamberti', 'Museo Conte', 'Museo Radio']",Santa Anastasia,strategy_nearest,False,0.002975940704345703,success
043EC2429C4C80,3,['Arena'],Torre Lamberti,"['Sighseeing', 'Centro Fotografia', 'Museo Conte', 'Casa Giulietta', 'Palazzo della Ragione']",Duomo,strategy_nearest,False,0.0019237995147705078,success
043EA672743380,3,"['Santa Anastasia', 'Torre Lamberti', 'Duomo']",Arena,"['Verona Tour', 'Museo Lapidario', 'Museo Radio', 'San Fermo', 'Casa Giulietta']",Casa Giulietta,strategy_nearest,True,0.004400968551635742,success
043EB8429C4C80,0,['Arena'],Casa Giulietta,"['Centro Fotografia', 'Sighseeing', 'Torre Lamberti', 'Museo Conte', 'Museo Radio']",Castelvecchio,strategy_nearest,False,0.0039789676666259766,success
043EC9429C4C80,3,"['Arena', 'Casa Giulietta']",Teatro Romano,"['Santa Anastasia', 'Duomo', 'AMO', 'Palazzo della Ragione', 'Museo Conte']",Duomo,strategy_nearest,True,0.003535032272338867,success
043ED3429C4C80,1,"['Teatro Romano', 'Casa Giulietta']",Giardino Giusti,"['Santa Anastasia', 'Museo Conte', 'Centro Fotografia', 'Museo Storia', 'AMO']",Palazzo della Ragione,strategy_nearest,False,0.002346038818359375,success
043EE03A9C4C80,2,"['Torre Lamberti', 'Casa Giulietta', 'Santa Anastasia']",Duomo,"['AMO', 'Museo Miniscalchi', 'Teatro Romano', 'Palazzo della Ragione', 'Museo Conte']",Tomba Giulietta,strategy_nearest,False,0.0023818016052246094,success
043EDD429C4C80,1,"['Torre Lamberti', 'Palazzo della Ragione']",Castelvecchio,"['Museo Lapidario', 'Verona Tour', 'Arena', 'Museo Radio', 'San Zeno']",Arena,strategy_nearest,True,0.004043102264404297,success
043EE73A9C4C80,3,['Arena'],Casa Giulietta,"['Centro Fotografia', 'Sighseeing', 'Torre Lamberti', 'Museo Conte', 'Museo Radio']",Torre Lamberti,strategy_nearest,True,0.0021898746490478516,success
043EF93A9C4C80,3,"['Duomo', 'Castelvecchio']",San Zeno,"['Verona Tour', 'Museo Lapidario', 'Arena', 'Museo Miniscalchi', 'Sighseeing']",Arena,strategy_nearest,True,0.002753019332885742,success
043EF9429C4C80,2,['Tomba Giulietta'],Castelvecchio,"['Museo Lapidario', 'Verona Tour', 'Arena', 'Museo Radio', 'San Zeno']",Teatro Romano,strategy_nearest,False,0.0038442611694335938,success
043EF23A9C4C80,3,['Arena'],Casa Giulietta,"['Centro Fotografia', 'Sighseeing', 'Torre Lamberti', 'Museo Conte', 'Museo Radio']",Santa Anastasia,strategy_nearest,False,0.0034377574920654297,success
043EFB3A9C4C80,0,['Tomba Giulietta'],Arena,"['Verona Tour', 'Museo Lapidario', 'Museo Radio', 'San Fermo', 'Casa Giulietta']",Casa Giulietta,strategy_nearest,True,0.0019147396087646484,success
043F284A9C4C80,1,['Arena'],Teatro Romano,"['Santa Anastasia', 'Duomo', 'AMO', 'Palazzo della Ragione', 'Museo Conte']",Torre Lamberti,strategy_nearest,False,0.00420689582824707,success
043F0A429C4C84,0,['Arena'],Casa Giulietta,"['Centro Fotografia', 'Sighseeing', 'Torre Lamberti', 'Museo Conte', 'Museo Radio']",Castelvecchio,strategy_nearest,False,0.002621889114379883,success
043F08429C4C84,3,"['Arena', 'Torre Lamberti', 'Casa Giulietta', 'San Fermo', 'Giardino Giusti']",Teatro Romano,"['Santa Anastasia', 'Duomo', 'AMO', 'Palazzo della Ragione', 'Museo Conte']",Duomo,strategy_nearest,True,0.0033721923828125,success
043F334A9C4C80,0,"['Tomba Giulietta', 'Arena']",Torre Lamberti,"['Sighseeing', 'Centro Fotografia', 'Museo Conte', 'Casa Giulietta', 'Palazzo della Ragione']",Casa Giulietta,strategy_nearest,True,0.0017368793487548828,success
043F2A3A9C4C80,2,"['Castelvecchio', 'Duomo']",Teatro Romano,"['Santa Anastasia', 'AMO', 'Palazzo della Ragione', 'Museo Conte', 'Centro Fotografia']",Palazzo della Ragione,strategy_nearest,True,0.002919912338256836,success
043F4A3A9C4C80,1,"['Castelvecchio', 'Casa Giulietta']",Arena,"['Verona Tour', 'Museo Lapidario', 'Museo Radio', 'San Fermo', 'Sighseeing']",Palazzo della Ragione,strategy_nearest,False,0.004150867462158203,success
043F5F429C4C80,2,['Casa Giulietta'],Torre Lamberti,"['Sighseeing', 'Centro Fotografia', 'Museo Conte', 'Palazzo della Ragione', 'AMO']",Duomo,strategy_nearest,False,0.003592967987060547,success
043F56429C4C80,3,"['Arena', 'Casa Giulietta']",Torre Lamberti,"['Sighseeing', 'Centro Fotografia', 'Museo Conte', 'Palazzo della Ragione', 'AMO']",Santa Anastasia,strategy_nearest,False,0.0051419734954833984,success
043F70429C4C80,3,"['Arena', 'Torre Lamberti', 'Santa Anastasia']",Teatro Romano,"['Duomo', 'AMO', 'Palazzo della Ragione', 'Museo Conte', 'Centro Fotografia']",Museo Storia,strategy_nearest,False,0.00251007080078125,success
043F66429C4C80,0,"['San Zeno', 'Torre Lamberti']",Casa Giulietta,"['Centro Fotografia', 'Sighseeing', 'Museo Conte', 'Museo Radio', 'Palazzo della Ragione']",Teatro Romano,strategy_nearest,False,0.009148120880126953,success
043F743A9C4C80,0,"['Torre Lamberti', 'San Zeno']",Castelvecchio,"['Museo Lapidario', 'Verona Tour', 'Arena', 'Museo Radio', 'Sighseeing']",Arena,strategy_nearest,True,0.005011081695556641,success
043F723A9C4C80,0,"['Duomo', 'Casa Giulietta']",San Fermo,"['Museo Storia', 'Museo Radio', 'Centro Fotografia', 'Arena', 'Sighseeing']",Arena,strategy_nearest,True,0.004019021987915039,success
043F7A3A9C4C80,0,['Arena'],Castelvecchio,"['Museo Lapidario', 'Verona Tour', 'Museo Radio', 'San Zeno', 'Sighseeing']",Casa Giulietta,strategy_nearest,False,0.0035986900329589844,success
043F7E429C4C80,0,['Casa Giulietta'],Arena,"['Verona Tour', 'Museo Lapidario', 'Museo Radio', 'San Fermo', 'Sighseeing']",Tomba Giulietta,strategy_nearest,False,0.0029120445251464844,success
043F7B3A9C4C80,3,['Arena'],Duomo,"['AMO', 'Museo Miniscalchi', 'Santa Anastasia', 'Teatro Romano', 'Palazzo della Ragione']",Santa Anastasia,strategy_nearest,True,0.0022478103637695312,success
043F833A9C4C80,0,['Casa Giulietta'],Castelvecchio,"['Museo Lapidario', 'Verona Tour', 'Arena', 'Museo Radio', 'San Zeno']",Arena,strategy_nearest,True,0.003448963165283203,success
043F883A9C4C80,1,"['Arena', 'Casa Giulietta', 'Palazzo della Ragione']",Torre Lamberti,"['Sighseeing', 'Centro Fotografia', 'Museo Conte', 'AMO', 'Museo Miniscalchi']",Teatro Romano,strategy_nearest,False,0.004086971282958984,success
043F884A9C4C80,0,['Arena'],Casa Giulietta,"['Centro Fotografia', 'Sighseeing', 'Torre Lamberti', 'Museo Conte', 'Museo Radio']",Torre Lamberti,strategy_nearest,True,0.002902984619140625,success
043F8A3A9C4C80,0,['Arena'],Castelvecchio,"['Museo Lapidario', 'Verona Tour', 'Museo Radio', 'San Zeno', 'Sighseeing']",Casa Giulietta,strategy_nearest,False,0.0031690597534179688,success
043F91429C4C80,3,"['Arena', 'Torre Lamberti']",Casa Giulietta,"['Centro Fotografia', 'Sighseeing', 'Museo Conte', 'Museo Radio', 'Palazzo della Ragione']",Santa Anastasia,strategy_nearest,False,0.003019094467163086,success
043FAD429C4C80,3,['Arena'],San Zeno,"['Castelvecchio', 'Verona Tour', 'Museo Lapidario', 'Museo Miniscalchi', 'Sighseeing']",Torre Lamberti,strategy_nearest,False,0.003999233245849609,success
043FAA3A9C4C80,3,"['Casa Giulietta', 'Torre Lamberti', 'Santa Anastasia']",Duomo,"['AMO', 'Museo Miniscalchi', 'Teatro Romano', 'Palazzo della Ragione', 'Museo Conte']",Teatro Romano,strategy_nearest,True,0.0027909278869628906,success
043FB2429C4C80,0,['Arena'],Casa Giulietta,"['Centro Fotografia', 'Sighseeing', 'Torre Lamberti', 'Museo Conte', 'Museo Radio']",Torre Lamberti,strategy_nearest,True,0.0026617050170898438,success
043FB1429C4C80,1,"['Arena', 'Casa Giulietta', 'Torre Lamberti']",Palazzo della Ragione,"['AMO', 'Museo Conte', 'Centro Fotografia', 'Sighseeing', 'Santa Anastasia']",Santa Anastasia,strategy_nearest,True,0.003993988037109375,success
043FB7429C4C80,1,"['Casa Giulietta', 'Palazzo della Ragione', 'Torre Lamberti']",Santa Anastasia,"['AMO', 'Museo Conte', 'Teatro Romano', 'Centro Fotografia', 'Duomo']",Duomo,strategy_nearest,True,0.003244161605834961,success
043FB6429C4C80,0,['Castelvecchio'],Tomba Giulietta,"['San Fermo', 'Museo Storia', 'Arena', 'Museo Lapidario', 'Museo Radio']",Arena,strategy_nearest,True,0.006259918212890625,success
043FB63A9C4C80,1,"['Duomo', 'Santa Anastasia', 'Torre Lamberti']",Palazzo della Ragione,"['AMO', 'Museo Conte', 'Centro Fotografia', 'Sighseeing', 'Museo Miniscalchi']",Casa Giulietta,strategy_nearest,False,0.00558018684387207,success
043FBE429C4C80,1,"['Castelvecchio', 'Museo Lapidario', 'Arena']",Casa Giulietta,"['Centro Fotografia', 'Sighseeing', 'Torre Lamberti', 'Museo Conte', 'Museo Radio']",Torre Lamberti,strategy_nearest,True,0.0019562244415283203,success
043FC5429C4C80,3,"['Castelvecchio', 'Torre Lamberti']",Casa Giulietta,"['Centro Fotografia', 'Sighseeing', 'Museo Conte', 'Museo Radio', 'Palazzo della Ragione']",Santa Anastasia,strategy_nearest,False,0.002557992935180664,success
043FBF429C4C80,3,"['Castelvecchio', 'Arena', 'Torre Lamberti']",Casa Giulietta,"['Centro Fotografia', 'Sighseeing', 'Museo Conte', 'Museo Radio', 'Palazzo della Ragione']",Santa Anastasia,strategy_nearest,False,0.0017838478088378906,success
043FD1429C4C80,1,"['Torre Lamberti', 'Palazzo della Ragione']",Arena,"['Verona Tour', 'Museo Lapidario', 'Museo Radio', 'San Fermo', 'Casa Giulietta']",Castelvecchio,strategy_nearest,False,0.002688884735107422,success
043FC93A9C4C80,3,"['Arena', 'Casa Giulietta', 'Tomba Giulietta']",San Fermo,"['Museo Storia', 'Museo Radio', 'Centro Fotografia', 'Sighseeing', 'Torre Lamberti']",Santa Anastasia,strategy_nearest,False,0.0044078826904296875,success
043FDB3A9C4C80,2,"['Casa Giulietta', 'Palazzo della Ragione', 'Torre Lamberti']",Santa Anastasia,"['AMO', 'Museo Conte', 'Teatro Romano', 'Centro Fotografia', 'Duomo']",Castelvecchio,strategy_nearest,False,0.0037169456481933594,success
043FE43A9C4C80,1,"['Arena', 'Santa Anastasia']",Casa Giulietta,"['Centro Fotografia', 'Sighseeing', 'Torre Lamberti', 'Museo Conte', 'Museo Radio']",Torre Lamberti,strategy_nearest,True,0.0024750232696533203,success
043FDE3A9C4C80,1,"['Arena', 'Casa Giulietta', 'Santa Anastasia', 'Torre Lamberti']",Duomo,"['AMO', 'Museo Miniscalchi', 'Teatro Romano', 'Palazzo della Ragione', 'Museo Conte']",Palazzo della Ragione,strategy_nearest,True,0.0037539005279541016,success
044005429C4C84,2,['Castelvecchio'],Casa Giulietta,"['Centro Fotografia', 'Sighseeing', 'Torre Lamberti', 'Museo Conte', 'Museo Radio']",Santa Anastasia,strategy_nearest,False,0.0040171146392822266,success
043FFE3A9C4C80,0,['Torre Lamberti'],Casa Giulietta,"['Centro Fotografia', 'Sighseeing', 'Museo Conte', 'Museo Radio', 'Palazzo della Ragione']",Arena,strategy_nearest,False,0.005545377731323242,success
04400D429C4C84,1,"['Castelvecchio', 'Arena', 'Casa Giulietta', 'San Fermo']",Torre Lamberti,"['Sighseeing', 'Centro Fotografia', 'Museo Conte', 'Palazzo della Ragione', 'AMO']",Palazzo della Ragione,strategy_nearest,True,0.002819061279296875,success
0440093A9C4C84,3,"['Casa Giulietta', 'Arena', 'San Zeno']",Castelvecchio,"['Museo Lapidario', 'Verona Tour', 'Museo Radio', 'Sighseeing', 'Museo Miniscalchi']",Santa Anastasia,strategy_nearest,False,0.003982067108154297,success
0440293A9C4C80,0,['Arena'],Casa Giulietta,"['Centro Fotografia', 'Sighseeing', 'Torre Lamberti', 'Museo Conte', 'Museo Radio']",Castelvecchio,strategy_nearest,False,0.003330707550048828,success
0440273A9C4C80,0,['Arena'],Casa Giulietta,"['Centro Fotografia', 'Sighseeing', 'Torre Lamberti', 'Museo Conte', 'Museo Radio']",Torre Lamberti,strategy_nearest,True,0.0038132667541503906,success
0440303A9C4C80,4,"['Teatro Romano', 'Giardino Giusti', 'Casa Giulietta', 'Arena', 'Castelvecchio']",Torre Lamberti,"['Sighseeing', 'Centro Fotografia', 'Museo Conte', 'Palazzo della Ragione', 'AMO']",Santa Anastasia,strategy_nearest,False,0.0031528472900390625,success
0440393A9C4C80,3,['Arena'],Santa Anastasia,"['AMO', 'Museo Conte', 'Palazzo della Ragione', 'Teatro Romano', 'Centro Fotografia']",Torre Lamberti,strategy_nearest,False,0.001683950424194336,success
044035429C4C80,1,['Arena'],Casa Giulietta,"['Centro Fotografia', 'Sighseeing', 'Torre Lamberti', 'Museo Conte', 'Museo Radio']",Palazzo della Ragione,strategy_nearest,False,0.0033249855041503906,success
044034429C4C80,0,['Casa Giulietta'],Torre Lamberti,"['Sighseeing', 'Centro Fotografia', 'Museo Conte', 'Palazzo della Ragione', 'AMO']",Arena,strategy_nearest,False,0.003537893295288086,success
04403E429C4C80,0,['Arena'],Casa Giulietta,"['Centro Fotografia', 'Sighseeing', 'Torre Lamberti', 'Museo Conte', 'Museo Radio']",Torre Lamberti,strategy_nearest,True,0.003787994384765625,success
044053429C4C80,3,"['Arena', 'Casa Giulietta', 'Santa Anastasia']",Duomo,"['AMO', 'Museo Miniscalchi', 'Teatro Romano', 'Palazzo della Ragione', 'Museo Conte']",Teatro Romano,strategy_nearest,True,0.0020830631256103516,success
044060429C4C80,1,"['Torre Lamberti', 'Palazzo della Ragione', 'Casa Giulietta']",Arena,"['Verona Tour', 'Museo Lapidario', 'Museo Radio', 'San Fermo', 'Sighseeing']",Castelvecchio,strategy_nearest,False,0.004898786544799805,success
04404C429C4C80,1,"['Santa Anastasia', 'Teatro Romano', 'Castelvecchio']",Arena,"['Verona Tour', 'Museo Lapidario', 'Museo Radio', 'San Fermo', 'Casa Giulietta']",Museo Lapidario,strategy_nearest,True,0.0043141841888427734,success
044068429C4C80,3,"['Arena', 'Torre Lamberti']",Casa Giulietta,"['Centro Fotografia', 'Sighseeing', 'Museo Conte', 'Museo Radio', 'Palazzo della Ragione']",Santa Anastasia,strategy_nearest,False,0.00519108772277832,success
044069429C4C80,3,['Arena'],Torre Lamberti,"['Sighseeing', 'Centro Fotografia', 'Museo Conte', 'Casa Giulietta', 'Palazzo della Ragione']",Santa Anastasia,strategy_nearest,False,0.0058171749114990234,success
044080429C4C80,0,"['Arena', 'Museo Lapidario']",Castelvecchio,"['Verona Tour', 'Museo Radio', 'San Zeno', 'Sighseeing', 'Museo Miniscalchi']",Casa Giulietta,strategy_nearest,False,0.0016467571258544922,success
04407A429C4C80,0,['Arena'],Casa Giulietta,"['Centro Fotografia', 'Sighseeing', 'Torre Lamberti', 'Museo Conte', 'Museo Radio']",Castelvecchio,strategy_nearest,False,0.002523183822631836,success
0440813A9C4C80,1,['Arena'],Castelvecchio,"['Museo Lapidario', 'Verona Tour', 'Museo Radio', 'San Zeno', 'Sighseeing']",Torre Lamberti,strategy_nearest,False,0.0033140182495117188,success
0440884A9C4C80,1,['Arena'],Casa Giulietta,"['Centro Fotografia', 'Sighseeing', 'Torre Lamberti', 'Museo Conte', 'Museo Radio']",Palazzo della Ragione,strategy_nearest,False,0.0022139549255371094,success
04408A4A9C4C80,1,"['Arena', 'Museo Lapidario']",Castelvecchio,"['Verona Tour', 'Museo Radio', 'San Zeno', 'Sighseeing', 'Museo Miniscalchi']",Torre Lamberti,strategy_nearest,False,0.003144979476928711,success
0440824A9C4C80,3,['Arena'],Santa Anastasia,"['AMO', 'Museo Conte', 'Palazzo della Ragione', 'Teatro Romano', 'Centro Fotografia']",Torre Lamberti,strategy_nearest,False,0.003239154815673828,success
04408B429C4C80,0,['Casa Giulietta'],Torre Lamberti,"['Sighseeing', 'Centro Fotografia', 'Museo Conte', 'Palazzo della Ragione', 'AMO']",Teatro Romano,strategy_nearest,False,0.0034677982330322266,success
04408F3A9C4C80,3,['Santa Anastasia'],Giardino Giusti,"['Teatro Romano', 'Museo Conte', 'Centro Fotografia', 'Museo Storia', 'AMO']",San Zeno,strategy_nearest,False,0.0029070377349853516,success
0440AA3A9C4C80,3,"['Arena', 'Casa Giulietta']",Santa Anastasia,"['AMO', 'Museo Conte', 'Palazzo della Ragione', 'Teatro Romano', 'Centro Fotografia']",Duomo,strategy_nearest,False,0.0029687881469726562,success
044090429C4C80,0,['Arena'],San Fermo,"['Museo Storia', 'Museo Radio', 'Casa Giulietta', 'Centro Fotografia', 'Sighseeing']",Duomo,strategy_nearest,False,0.0051119327545166016,success
0440A14A9C4C80,3,"['Arena', 'Museo Lapidario']",Castelvecchio,"['Verona Tour', 'Museo Radio', 'San Zeno', 'Sighseeing', 'Museo Miniscalchi']",Duomo,strategy_nearest,False,0.001653909683227539,success
0440AC429C4C80,1,"['Arena', 'Castelvecchio']",Torre Lamberti,"['Sighseeing', 'Centro Fotografia', 'Museo Conte', 'Casa Giulietta', 'Palazzo della Ragione']",Palazzo della Ragione,strategy_nearest,True,0.001667022705078125,success
0440B6429C4C80,1,"['Casa Giulietta', 'Arena']",Torre Lamberti,"['Sighseeing', 'Centro Fotografia', 'Museo Conte', 'Palazzo della Ragione', 'AMO']",Palazzo della Ragione,strategy_nearest,True,0.0032689571380615234,success
0440C2429C4C80,1,"['Arena', 'Torre Lamberti', 'Palazzo della Ragione']",Casa Giulietta,"['Centro Fotografia', 'Sighseeing', 'Museo Conte', 'Museo Radio', 'San Fermo']",Teatro Romano,strategy_nearest,False,0.0035130977630615234,success
0440B5429C4C80,1,"['Palazzo della Ragione', 'Torre Lamberti']",Casa Giulietta,"['Centro Fotografia', 'Sighseeing', 'Museo Conte', 'Museo Radio', 'San Fermo']",Teatro Romano,strategy_nearest,False,0.0027031898498535156,success
0440D2429C4C80,1,"['Teatro Romano', 'Duomo', 'Palazzo della Ragione', 'Torre Lamberti']",Casa Giulietta,"['Centro Fotografia', 'Sighseeing', 'Museo Conte', 'Museo Radio', 'San Fermo']",Castelvecchio,strategy_nearest,False,0.0016880035400390625,success
0440D6BA7B3F80,1,['Arena'],Palazzo della Ragione,"['AMO', 'Museo Conte', 'Torre Lamberti', 'Centro Fotografia', 'Sighseeing']",Duomo,strategy_nearest,False,0.002251863479614258,success
0440D43A9C4C80,3,"['San Fermo', 'Torre Lamberti', 'Santa Anastasia']",Duomo,"['AMO', 'Museo Miniscalchi', 'Teatro Romano', 'Palazzo della Ragione', 'Museo Conte']",Arena,strategy_nearest,False,0.0029060840606689453,success
0440D73A9C4C80,0,"['Teatro Romano', 'Giardino Giusti']",Casa Giulietta,"['Centro Fotografia', 'Sighseeing', 'Torre Lamberti', 'Museo Conte', 'Museo Radio']",Arena,strategy_nearest,False,0.0034859180450439453,success
0440DD3A9C4C80,0,['Arena'],Casa Giulietta,"['Centro Fotografia', 'Sighseeing', 'Torre Lamberti', 'Museo Conte', 'Museo Radio']",Teatro Romano,strategy_nearest,False,0.002225160598754883,success
0440DF429C4C80,0,"['Arena', 'Casa Giulietta', 'Tomba Giulietta']",Museo Lapidario,"['Verona Tour', 'Castelvecchio', 'Museo Radio', 'San Fermo', 'Sighseeing']",Castelvecchio,strategy_nearest,True,0.002557039260864258,success
0440E43A9C4C80,0,['Arena'],Casa Giulietta,"['Centro Fotografia', 'Sighseeing', 'Torre Lamberti', 'Museo Conte', 'Museo Radio']",Torre Lamberti,strategy_nearest,True,0.0028939247131347656,success
0440E13A9C4C80,3,"['Arena', 'Tomba Giulietta']",Teatro Romano,"['Santa Anastasia', 'Duomo', 'AMO', 'Palazzo della Ragione', 'Museo Conte']",Duomo,strategy_nearest,True,0.0039038658142089844,success
04410E429C4C84,1,"['Arena', 'Tomba Giulietta']",Casa Giulietta,"['Centro Fotografia', 'Sighseeing', 'Torre Lamberti', 'Museo Conte', 'Museo Radio']",Palazzo della Ragione,strategy_nearest,False,0.0024700164794921875,success
04410C3A9C4C84,2,['Castelvecchio'],Teatro Romano,"['Santa Anastasia', 'Duomo', 'AMO', 'Palazzo della Ragione', 'Museo Conte']",Santa Anastasia,strategy_nearest,True,0.0015828609466552734,success
044111429C4C84,3,"['Casa Giulietta', 'Arena']",Teatro Romano,"['Santa Anastasia', 'Duomo', 'AMO', 'Palazzo della Ragione', 'Museo Conte']",Santa Anastasia,strategy_nearest,True,0.0044329166412353516,success
0440F5429C4C80,0,['Torre Lamberti'],Arena,"['Verona Tour', 'Museo Lapidario', 'Museo Radio', 'San Fermo', 'Casa Giulietta']",Teatro Romano,strategy_nearest,False,0.004111766815185547,success
044136429C4C80,3,"['Arena', 'Torre Lamberti']",Santa Anastasia,"['AMO', 'Museo Conte', 'Palazzo della Ragione', 'Teatro Romano', 'Centro Fotografia']",Duomo,strategy_nearest,False,0.0016551017761230469,success
04413B3A9C4C80,0,['Arena'],Santa Anastasia,"['AMO', 'Museo Conte', 'Palazzo della Ragione', 'Teatro Romano', 'Centro Fotografia']",Castelvecchio,strategy_nearest,False,0.002519845962524414,success
0441383A9C4C80,1,"['Arena', 'Casa Giulietta']",Palazzo della Ragione,"['AMO', 'Museo Conte', 'Torre Lamberti', 'Centro Fotografia', 'Sighseeing']",Castelvecchio,strategy_nearest,False,0.0033817291259765625,success
0441263A9C4C80,0,"['Casa Giulietta', 'Torre Lamberti']",Castelvecchio,"['Museo Lapidario', 'Verona Tour', 'Arena', 'Museo Radio', 'San Zeno']",Giardino Giusti,strategy_nearest,False,0.0031020641326904297,success
04415D429C4C80,0,['Arena'],Casa Giulietta,"['Centro Fotografia', 'Sighseeing', 'Torre Lamberti', 'Museo Conte', 'Museo Radio']",Torre Lamberti,strategy_nearest,True,0.002162933349609375,success
0441433A9C4C80,4,"['Arena', 'Casa Giulietta', 'Palazzo della Ragione']",Museo Lapidario,"['Verona Tour', 'Castelvecchio', 'Museo Radio', 'San Fermo', 'Tomba Giulietta']",Museo Radio,strategy_nearest,True,0.0029642581939697266,success
044153429C4C80,1,"['Arena', 'Casa Giulietta']",Torre Lamberti,"['Sighseeing', 'Centro Fotografia', 'Museo Conte', 'Palazzo della Ragione', 'AMO']",Palazzo della Ragione,strategy_nearest,True,0.0036008358001708984,success
04413E3A9C4C80,2,['Casa Giulietta'],Torre Lamberti,"['Sighseeing', 'Centro Fotografia', 'Museo Conte', 'Palazzo della Ragione', 'AMO']",Santa Anastasia,strategy_nearest,False,0.0023331642150878906,success
044174429C4C80,0,['Museo Lapidario'],Casa Giulietta,"['Centro Fotografia', 'Sighseeing', 'Torre Lamberti', 'Museo Conte', 'Museo Radio']",Tomba Giulietta,strategy_nearest,False,0.002613067626953125,success
044169429C4C80,2,['Casa Giulietta'],Santa Anastasia,"['AMO', 'Museo Conte', 'Palazzo della Ragione', 'Teatro Romano', 'Centro Fotografia']",Duomo,strategy_nearest,False,0.002007007598876953,success
044170429C4C80,1,"['Museo Storia', 'Casa Giulietta', 'Torre Lamberti']",Palazzo della Ragione,"['AMO', 'Museo Conte', 'Centro Fotografia', 'Sighseeing', 'Santa Anastasia']",Santa Anastasia,strategy_nearest,True,0.0034711360931396484,success
044175429C4C80,2,"['Castelvecchio', 'Casa Giulietta']",Giardino Giusti,"['Santa Anastasia', 'Teatro Romano', 'Museo Conte', 'Centro Fotografia', 'Museo Storia']",Teatro Romano,strategy_nearest,True,0.004113912582397461,success
04417C3A9C4C80,3,"['Teatro Romano', 'Arena']",Tomba Giulietta,"['San Fermo', 'Museo Storia', 'Museo Lapidario', 'Museo Radio', 'Verona Tour']",Castelvecchio,strategy_nearest,False,0.0025048255920410156,success
04417D3A9C4C80,3,"['Arena', 'Torre Lamberti', 'Santa Anastasia']",Duomo,"['AMO', 'Museo Miniscalchi', 'Teatro Romano', 'Palazzo della Ragione', 'Museo Conte']",Castelvecchio,strategy_nearest,False,0.004759073257446289,success
04417E3A9C4C80,1,['Arena'],Casa Giulietta,"['Centro Fotografia', 'Sighseeing', 'Torre Lamberti', 'Museo Conte', 'Museo Radio']",Palazzo della Ragione,strategy_nearest,False,0.002691030502319336,success
0441813A9C4C80,0,['Arena'],Santa Anastasia,"['AMO', 'Museo Conte', 'Palazzo della Ragione', 'Teatro Romano', 'Centro Fotografia']",Casa Giulietta,strategy_nearest,False,0.0046939849853515625,success
0441A34A9C4C80,1,"['Arena', 'Casa Giulietta']",Torre Lamberti,"['Sighseeing', 'Centro Fotografia', 'Museo Conte', 'Palazzo della Ragione', 'AMO']",Palazzo della Ragione,strategy_nearest,True,0.0015690326690673828,success
0441844A9C4C80,0,['Arena'],Torre Lamberti,"['Sighseeing', 'Centro Fotografia', 'Museo Conte', 'Casa Giulietta', 'Palazzo della Ragione']",Castelvecchio,strategy_nearest,False,0.003287076950073242,success
044190BA7B3F80,1,"['Arena', 'Torre Lamberti']",Palazzo della Ragione,"['AMO', 'Museo Conte', 'Centro Fotografia', 'Sighseeing', 'Santa Anastasia']",Duomo,strategy_nearest,False,0.0031130313873291016,success
0441A672743380,1,"['Santa Anastasia', 'Arena', 'Casa Giulietta', 'Torre Lamberti']",Palazzo della Ragione,"['AMO', 'Museo Conte', 'Centro Fotografia', 'Sighseeing', 'Museo Miniscalchi']",Teatro Romano,strategy_nearest,False,0.0030870437622070312,success
0441A93A9C4C80,2,"['Torre Lamberti', 'Casa Giulietta']",Casa Giulietta,"['Centro Fotografia', 'Sighseeing', 'Museo Conte', 'Museo Radio', 'Palazzo della Ragione']",Duomo,strategy_nearest,False,0.0029480457305908203,success
0441AF429C4C80,3,"['Arena', 'Museo Lapidario', 'Castelvecchio']",Duomo,"['AMO', 'Museo Miniscalchi', 'Santa Anastasia', 'Teatro Romano', 'Palazzo della Ragione']",Santa Anastasia,strategy_nearest,True,0.0022361278533935547,success
0441B03A9C4C80,1,"['Teatro Romano', 'Duomo']",Palazzo della Ragione,"['AMO', 'Museo Conte', 'Torre Lamberti', 'Centro Fotografia', 'Sighseeing']",Casa Giulietta,strategy_nearest,False,0.00286102294921875,success
0441B4429C4C80,1,"['Arena', 'Castelvecchio']",Teatro Romano,"['Santa Anastasia', 'Duomo', 'AMO', 'Palazzo della Ragione', 'Museo Conte']",Palazzo della Ragione,strategy_nearest,True,0.0034439563751220703,success
0441BF429C4C80,3,"['Casa Giulietta', 'Santa Anastasia']",Duomo,"['AMO', 'Museo Miniscalchi', 'Teatro Romano', 'Palazzo della Ragione', 'Museo Conte']",Castelvecchio,strategy_nearest,False,0.003192901611328125,success
0441D43A9C4C80,0,"['Arena', 'Tomba Giulietta']",Castelvecchio,"['Museo Lapidario', 'Verona Tour', 'Museo Radio', 'San Zeno', 'Sighseeing']",Casa Giulietta,strategy_nearest,False,0.0018939971923828125,success
0441BB3A9C4C80,1,['Arena'],Torre Lamberti,"['Sighseeing', 'Centro Fotografia', 'Museo Conte', 'Casa Giulietta', 'Palazzo della Ragione']",Palazzo della Ragione,strategy_nearest,True,0.002615213394165039,success
0441DE429C4C80,3,"['Arena', 'Museo Lapidario', 'Castelvecchio']",Santa Anastasia,"['AMO', 'Museo Conte', 'Palazzo della Ragione', 'Teatro Romano', 'Centro Fotografia']",Teatro Romano,strategy_nearest,True,0.0037827491760253906,success
0441EA3A9C4C80,2,"['Casa Giulietta', 'San Fermo']",Santa Anastasia,"['AMO', 'Museo Conte', 'Palazzo della Ragione', 'Teatro Romano', 'Centro Fotografia']",Duomo,strategy_nearest,False,0.0026230812072753906,success
04420B3A9C4C84,1,"['Arena', 'Torre Lamberti', 'Palazzo della Ragione']",Santa Anastasia,"['AMO', 'Museo Conte', 'Teatro Romano', 'Centro Fotografia', 'Duomo']",Duomo,strategy_nearest,True,0.004116058349609375,success
04420D429C4C84,1,"['Arena', 'Casa Giulietta', 'Torre Lamberti']",Palazzo della Ragione,"['AMO', 'Museo Conte', 'Centro Fotografia', 'Sighseeing', 'Santa Anastasia']",Santa Anastasia,strategy_nearest,True,0.003371000289916992,success
04420E429C4C84,4,"['Arena', 'Casa Giulietta', 'Museo Radio']",Torre Lamberti,"['Sighseeing', 'Centro Fotografia', 'Museo Conte', 'Palazzo della Ragione', 'AMO']",Castelvecchio,strategy_nearest,False,0.004235982894897461,success
0442283A9C4C80,3,"['Arena', 'Casa Giulietta']",Santa Anastasia,"['AMO', 'Museo Conte', 'Palazzo della Ragione', 'Teatro Romano', 'Centro Fotografia']",Teatro Romano,strategy_nearest,True,0.0014967918395996094,success
0442374A9C4C80,1,"['Arena', 'Museo Lapidario', 'Castelvecchio', 'San Zeno']",Palazzo della Ragione,"['AMO', 'Museo Conte', 'Torre Lamberti', 'Centro Fotografia', 'Sighseeing']",Torre Lamberti,strategy_nearest,True,0.001898050308227539,success
0442363A9C4C80,0,['Casa Giulietta'],Arena,"['Verona Tour', 'Museo Lapidario', 'Museo Radio', 'San Fermo', 'Sighseeing']",Castelvecchio,strategy_nearest,False,0.0035047531127929688,success
04423A429C4C80,0,['Arena'],Duomo,"['AMO', 'Museo Miniscalchi', 'Santa Anastasia', 'Teatro Romano', 'Palazzo della Ragione']",Torre Lamberti,strategy_nearest,False,0.002513885498046875,success
0442483A9C4C80,0,"['Castelvecchio', 'Casa Giulietta']",Torre Lamberti,"['Sighseeing', 'Centro Fotografia', 'Museo Conte', 'Palazzo della Ragione', 'AMO']",San Zeno,strategy_nearest,False,0.003059864044189453,success
044265429C4C80,3,"['Castelvecchio', 'Arena']",Torre Lamberti,"['Sighseeing', 'Centro Fotografia', 'Museo Conte', 'Casa Giulietta', 'Palazzo della Ragione']",Santa Anastasia,strategy_nearest,False,0.004509925842285156,success
044256429C4C80,1,"['Arena', 'Casa Giulietta']",Palazzo della Ragione,"['AMO', 'Museo Conte', 'Torre Lamberti', 'Centro Fotografia', 'Sighseeing']",Torre Lamberti,strategy_nearest,True,0.003120899200439453,success
044266429C4C80,3,"['Arena', 'Castelvecchio']",Duomo,"['AMO', 'Museo Miniscalchi', 'Santa Anastasia', 'Teatro Romano', 'Palazzo della Ragione']",Santa Anastasia,strategy_nearest,True,0.004044055938720703,success
044267429C4C80,1,"['Teatro Romano', 'Casa Giulietta']",Tomba Giulietta,"['San Fermo', 'Museo Storia', 'Arena', 'Museo Lapidario', 'Museo Radio']",Arena,strategy_nearest,True,0.0032830238342285156,success
044269429C4C80,3,"['Arena', 'Castelvecchio', 'Tomba Giulietta']",Casa Giulietta,"['Centro Fotografia', 'Sighseeing', 'Torre Lamberti', 'Museo Conte', 'Museo Radio']",Torre Lamberti,strategy_nearest,True,0.002286672592163086,success
04426B429C4C80,2,['Casa Giulietta'],Casa Giulietta,"['Centro Fotografia', 'Sighseeing', 'Torre Lamberti', 'Museo Conte', 'Museo Radio']",Teatro Romano,strategy_nearest,False,0.0032880306243896484,success
0442733A9C4C80,1,"['Arena', 'Casa Giulietta']",Torre Lamberti,"['Sighseeing', 'Centro Fotografia', 'Museo Conte', 'Palazzo della Ragione', 'AMO']",Palazzo della Ragione,strategy_nearest,True,0.005540132522583008,success
04428B429C4C80,2,['Casa Giulietta'],Torre Lamberti,"['Sighseeing', 'Centro Fotografia', 'Museo Conte', 'Palazzo della Ragione', 'AMO']",Santa Anastasia,strategy_nearest,False,0.0031311511993408203,success
0442833A9C4C80,3,"['Arena', 'Casa Giulietta']",Duomo,"['AMO', 'Museo Miniscalchi', 'Santa Anastasia', 'Teatro Romano', 'Palazzo della Ragione']",Teatro Romano,strategy_nearest,True,0.004873991012573242,success
0442783A9C4C80,0,"['Museo Storia', 'Casa Giulietta']",Torre Lamberti,"['Sighseeing', 'Centro Fotografia', 'Museo Conte', 'Palazzo della Ragione', 'AMO']",Teatro Romano,strategy_nearest,False,0.0064127445220947266,success
04429C429C4C80,1,"['Arena', 'Santa Anastasia']",Casa Giulietta,"['Centro Fotografia', 'Sighseeing', 'Torre Lamberti', 'Museo Conte', 'Museo Radio']",Palazzo della Ragione,strategy_nearest,False,0.0032231807708740234,success
0442AF429C4C80,0,['Arena'],Duomo,"['AMO', 'Museo Miniscalchi', 'Santa Anastasia', 'Teatro Romano', 'Palazzo della Ragione']",Casa Giulietta,strategy_nearest,False,0.0021729469299316406,success
0442B03A9C4C80,1,"['Teatro Romano', 'Duomo']",Palazzo della Ragione,"['AMO', 'Museo Conte', 'Torre Lamberti', 'Centro Fotografia', 'Sighseeing']",Casa Giulietta,strategy_nearest,False,0.002930164337158203,success
0442BA3A9C4C80,1,"['Teatro Romano', 'Santa Anastasia', 'Torre Lamberti']",Palazzo della Ragione,"['AMO', 'Museo Conte', 'Centro Fotografia', 'Sighseeing', 'Museo Miniscalchi']",Casa Giulietta,strategy_nearest,False,0.002972126007080078,success
0442BA429C4C80,3,"['Arena', 'San Zeno']",Castelvecchio,"['Museo Lapidario', 'Verona Tour', 'Museo Radio', 'Sighseeing', 'Museo Miniscalchi']",Santa Anastasia,strategy_nearest,False,0.0032129287719726562,success
0442BC429C4C80,2,['Torre Lamberti'],Teatro Romano,"['Santa Anastasia', 'Duomo', 'AMO', 'Palazzo della Ragione', 'Museo Conte']",Castelvecchio,strategy_nearest,False,0.004517078399658203,success
0442BF429C4C80,3,"['Castelvecchio', 'Arena']",Casa Giulietta,"['Centro Fotografia', 'Sighseeing', 'Torre Lamberti', 'Museo Conte', 'Museo Radio']",Torre Lamberti,strategy_nearest,True,0.0012569427490234375,success
0442DD3A9C4C80,0,['Arena'],Casa Giulietta,"['Centro Fotografia', 'Sighseeing', 'Torre Lamberti', 'Museo Conte', 'Museo Radio']",Duomo,strategy_nearest,False,0.0029020309448242188,success
0442D1429C4C80,1,"['Arena', 'Torre Lamberti', 'Palazzo della Ragione', 'Santa Anastasia']",Duomo,"['AMO', 'Museo Miniscalchi', 'Teatro Romano', 'Museo Conte', 'Centro Fotografia']",Castelvecchio,strategy_nearest,False,0.0038840770721435547,success
0442FD429C4C80,0,"['Castelvecchio', 'Arena']",Casa Giulietta,"['Centro Fotografia', 'Sighseeing', 'Torre Lamberti', 'Museo Conte', 'Museo Radio']",Torre Lamberti,strategy_nearest,True,0.0025408267974853516,success
0442E33A9C4C80,0,['Arena'],Torre Lamberti,"['Sighseeing', 'Centro Fotografia', 'Museo Conte', 'Casa Giulietta', 'Palazzo della Ragione']",Casa Giulietta,strategy_nearest,True,0.004086732864379883,success
04430C429C4C84,0,['Casa Giulietta'],Arena,"['Verona Tour', 'Museo Lapidario', 'Museo Radio', 'San Fermo', 'Sighseeing']",Castelvecchio,strategy_nearest,False,0.004585981369018555,success
0443123A9C4C84,0,['Santa Anastasia'],Casa Giulietta,"['Centro Fotografia', 'Sighseeing', 'Torre Lamberti', 'Museo Conte', 'Museo Radio']",Arena,strategy_nearest,False,0.002235889434814453,success
04430E429C4C84,3,"['Arena', 'Torre Lamberti', 'San Zeno']",Teatro Romano,"['Santa Anastasia', 'Duomo', 'AMO', 'Palazzo della Ragione', 'Museo Conte']",Duomo,strategy_nearest,True,0.004160165786743164,success
0443393A9C4C80,3,['Arena'],Santa Anastasia,"['AMO', 'Museo Conte', 'Palazzo della Ragione', 'Teatro Romano', 'Centro Fotografia']",Torre Lamberti,strategy_nearest,False,0.003451824188232422,success
04432E4A9C4C80,3,"['Teatro Romano', 'Duomo', 'Castelvecchio']",Arena,"['Verona Tour', 'Museo Lapidario', 'Museo Radio', 'San Fermo', 'Casa Giulietta']",San Fermo,strategy_nearest,True,0.002980947494506836,success
0443503A9C4C80,3,"['Arena', 'Castelvecchio', 'San Zeno']",San Fermo,"['Museo Storia', 'Museo Radio', 'Casa Giulietta', 'Centro Fotografia', 'Sighseeing']",Torre Lamberti,strategy_nearest,False,0.0029299259185791016,success
04434D429C4C80,3,"['Arena', 'Casa Giulietta', 'Torre Lamberti']",Santa Anastasia,"['AMO', 'Museo Conte', 'Palazzo della Ragione', 'Teatro Romano', 'Centro Fotografia']",Duomo,strategy_nearest,False,0.0015048980712890625,success
04433B3A9C4C80,0,['Arena'],Casa Giulietta,"['Centro Fotografia', 'Sighseeing', 'Torre Lamberti', 'Museo Conte', 'Museo Radio']",Torre Lamberti,strategy_nearest,True,0.003651142120361328,success
04435A429C4C80,1,"['Arena', 'Casa Giulietta']",Tomba Giulietta,"['San Fermo', 'Museo Storia', 'Museo Lapidario', 'Museo Radio', 'Verona Tour']",Torre Lamberti,strategy_nearest,False,0.003572225570678711,success
04435E429C4C80,3,"['San Fermo', 'Torre Lamberti', 'Santa Anastasia']",Duomo,"['AMO', 'Museo Miniscalchi', 'Teatro Romano', 'Palazzo della Ragione', 'Museo Conte']",Teatro Romano,strategy_nearest,True,0.0017540454864501953,success
044364429C4C80,1,"['Arena', 'Casa Giulietta']",Santa Anastasia,"['AMO', 'Museo Conte', 'Palazzo della Ragione', 'Teatro Romano', 'Centro Fotografia']",Torre Lamberti,strategy_nearest,False,0.0024008750915527344,success
04436A3A9C4C80,1,"['Arena', 'Casa Giulietta', 'Torre Lamberti', 'Palazzo della Ragione']",Santa Anastasia,"['AMO', 'Museo Conte', 'Teatro Romano', 'Centro Fotografia', 'Duomo']",Duomo,strategy_nearest,True,0.0026712417602539062,success
044375429C4C80,3,['Arena'],Casa Giulietta,"['Centro Fotografia', 'Sighseeing', 'Torre Lamberti', 'Museo Conte', 'Museo Radio']",Torre Lamberti,strategy_nearest,True,0.0024328231811523438,success
04436D429C4C80,2,['Casa Giulietta'],Torre Lamberti,"['Sighseeing', 'Centro Fotografia', 'Museo Conte', 'Palazzo della Ragione', 'AMO']",Teatro Romano,strategy_nearest,False,0.0036268234252929688,success
0443803A9C4C80,1,"['Arena', 'Casa Giulietta']",Torre Lamberti,"['Sighseeing', 'Centro Fotografia', 'Museo Conte', 'Palazzo della Ragione', 'AMO']",Palazzo della Ragione,strategy_nearest,True,0.003871917724609375,success
044388429C4C80,1,"['Santa Anastasia', 'Palazzo della Ragione']",Torre Lamberti,"['Sighseeing', 'Centro Fotografia', 'Museo Conte', 'Casa Giulietta', 'AMO']",Casa Giulietta,strategy_nearest,True,0.003309011459350586,success
04437D4A9C4C80,1,"['Santa Anastasia', 'Duomo']",Palazzo della Ragione,"['AMO', 'Museo Conte', 'Torre Lamberti', 'Centro Fotografia', 'Sighseeing']",Torre Lamberti,strategy_nearest,True,0.0060160160064697266,success
044389429C4C80,3,"['Casa Giulietta', 'Torre Lamberti']",Santa Anastasia,"['AMO', 'Museo Conte', 'Palazzo della Ragione', 'Teatro Romano', 'Centro Fotografia']",Teatro Romano,strategy_nearest,True,0.002891063690185547,success
0443B5429C4C80,0,['Arena'],Casa Giulietta,"['Centro Fotografia', 'Sighseeing', 'Torre Lamberti', 'Museo Conte', 'Museo Radio']",Duomo,strategy_nearest,False,0.002218961715698242,success
0443AB3A9C4C80,3,"['Arena', 'Castelvecchio']",Teatro Romano,"['Santa Anastasia', 'Duomo', 'AMO', 'Palazzo della Ragione', 'Museo Conte']",Duomo,strategy_nearest,True,0.002402782440185547,success
0443B4429C4C80,0,['Arena'],Tomba Giulietta,"['San Fermo', 'Museo Storia', 'Museo Lapidario', 'Museo Radio', 'Verona Tour']",Casa Giulietta,strategy_nearest,False,0.003607034683227539,success
0443CA429C4C80,1,"['Arena', 'Casa Giulietta']",Torre Lamberti,"['Sighseeing', 'Centro Fotografia', 'Museo Conte', 'Palazzo della Ragione', 'AMO']",Palazzo della Ragione,strategy_nearest,True,0.0030660629272460938,success
0443D23A9C4C80,1,"['Casa Giulietta', 'Torre Lamberti']",Palazzo della Ragione,"['AMO', 'Museo Conte', 'Centro Fotografia', 'Sighseeing', 'Santa Anastasia']",Arena,strategy_nearest,False,0.0022552013397216797,success
044437BA7B3F80,0,"['Arena', 'Casa Giulietta']",Torre Lamberti,"['Sighseeing', 'Centro Fotografia', 'Museo Conte', 'Palazzo della Ragione', 'AMO']",Giardino Giusti,strategy_nearest,False,0.0023300647735595703,success
044431BA7B3F80,1,"['Arena', 'Torre Lamberti', 'Palazzo della Ragione']",Santa Anastasia,"['AMO', 'Museo Conte', 'Teatro Romano', 'Centro Fotografia', 'Duomo']",Duomo,strategy_nearest,True,0.00328826904296875,success
04443A3A9C4C80,3,['Santa Anastasia'],Duomo,"['AMO', 'Museo Miniscalchi', 'Teatro Romano', 'Palazzo della Ragione', 'Museo Conte']",Teatro Romano,strategy_nearest,True,0.0029211044311523438,success
04443D3A9C4C80,3,"['Casa Giulietta', 'Torre Lamberti', 'Santa Anastasia', 'Duomo']",Arena,"['Verona Tour', 'Museo Lapidario', 'Museo Radio', 'San Fermo', 'Sighseeing']",Castelvecchio,strategy_nearest,False,0.0021669864654541016,success
0444423A9C4C80,1,"['Arena', 'Casa Giulietta', 'San Zeno']",Tomba Giulietta,"['San Fermo', 'Museo Storia', 'Museo Lapidario', 'Museo Radio', 'Verona Tour']",Santa Anastasia,strategy_nearest,False,0.001983165740966797,success
04443C3A9C4C80,3,"['Arena', 'Castelvecchio']",Casa Giulietta,"['Centro Fotografia', 'Sighseeing', 'Torre Lamberti', 'Museo Conte', 'Museo Radio']",Santa Anastasia,strategy_nearest,False,0.004357099533081055,success
0444473A9C4C80,1,"['Arena', 'Casa Giulietta']",Torre Lamberti,"['Sighseeing', 'Centro Fotografia', 'Museo Conte', 'Palazzo della Ragione', 'AMO']",Palazzo della Ragione,strategy_nearest,True,0.0037932395935058594,success
044449429C4C80,3,['Arena'],Santa Anastasia,"['AMO', 'Museo Conte', 'Palazzo della Ragione', 'Teatro Romano', 'Centro Fotografia']",Torre Lamberti,strategy_nearest,False,0.0027561187744140625,success
044448429C4C80,3,"['Arena', 'Castelvecchio', 'Casa Giulietta']",Tomba Giulietta,"['San Fermo', 'Museo Storia', 'Museo Lapidario', 'Museo Radio', 'Verona Tour']",Torre Lamberti,strategy_nearest,False,0.004297018051147461,success
0444493A9C4C80,0,['Arena'],Casa Giulietta,"['Centro Fotografia', 'Sighseeing', 'Torre Lamberti', 'Museo Conte', 'Museo Radio']",Torre Lamberti,strategy_nearest,True,0.0038788318634033203,success
0444503A9C4C80,2,['Castelvecchio'],Casa Giulietta,"['Centro Fotografia', 'Sighseeing', 'Torre Lamberti', 'Museo Conte', 'Museo Radio']",Santa Anastasia,strategy_nearest,False,0.0020589828491210938,success
044450429C4C80,0,['Arena'],Torre Lamberti,"['Sighseeing', 'Centro Fotografia', 'Museo Conte', 'Casa Giulietta', 'Palazzo della Ragione']",Duomo,strategy_nearest,False,0.002151012420654297,success
044452429C4C80,3,"['Arena', 'Torre Lamberti', 'Casa Giulietta']",Duomo,"['AMO', 'Museo Miniscalchi', 'Santa Anastasia', 'Teatro Romano', 'Palazzo della Ragione']",Teatro Romano,strategy_nearest,True,0.002950906753540039,success
04445ABA7B3F80,1,"['Arena', 'Torre Lamberti']",Palazzo della Ragione,"['AMO', 'Museo Conte', 'Centro Fotografia', 'Sighseeing', 'Santa Anastasia']",Santa Anastasia,strategy_nearest,True,0.00339508056640625,success
04446C429C4C80,3,"['Arena', 'Torre Lamberti']",Casa Giulietta,"['Centro Fotografia', 'Sighseeing', 'Museo Conte', 'Museo Radio', 'Palazzo della Ragione']",Santa Anastasia,strategy_nearest,False,0.0030241012573242188,success
04446D429C4C80,3,"['Arena', 'Castelvecchio']",San Zeno,"['Verona Tour', 'Museo Lapidario', 'Museo Miniscalchi', 'Sighseeing', 'Museo Radio']",Duomo,strategy_nearest,False,0.003425121307373047,success
04446B429C4C80,2,['Casa Giulietta'],Santa Anastasia,"['AMO', 'Museo Conte', 'Palazzo della Ragione', 'Teatro Romano', 'Centro Fotografia']",Duomo,strategy_nearest,False,0.0029120445251464844,success
04445F429C4C80,1,"['Arena', 'Torre Lamberti']",Palazzo della Ragione,"['AMO', 'Museo Conte', 'Centro Fotografia', 'Sighseeing', 'Santa Anastasia']",Duomo,strategy_nearest,False,0.0038061141967773438,success
044483429C4C80,0,['Arena'],Casa Giulietta,"['Centro Fotografia', 'Sighseeing', 'Torre Lamberti', 'Museo Conte', 'Museo Radio']",Duomo,strategy_nearest,False,0.0032341480255126953,success
04447B4A9C4C80,3,['Santa Anastasia'],Teatro Romano,"['Duomo', 'AMO', 'Palazzo della Ragione', 'Museo Conte', 'Centro Fotografia']",Arena,strategy_nearest,False,0.0026030540466308594,success
04447E429C4C80,2,['Casa Giulietta'],Castelvecchio,"['Museo Lapidario', 'Verona Tour', 'Arena', 'Museo Radio', 'San Zeno']",San Zeno,strategy_nearest,True,0.0014240741729736328,success
04447F3A9C4C80,2,"['Casa Giulietta', 'Torre Lamberti', 'Palazzo della Ragione']",Teatro Romano,"['Santa Anastasia', 'Duomo', 'AMO', 'Museo Conte', 'Centro Fotografia']",Duomo,strategy_nearest,True,0.0045261383056640625,success
04448D4A9C4C80,3,"['Arena', 'Torre Lamberti']",Santa Anastasia,"['AMO', 'Museo Conte', 'Palazzo della Ragione', 'Teatro Romano', 'Centro Fotografia']",Duomo,strategy_nearest,False,0.003799915313720703,success
0444864A9C4C80,3,"['Arena', 'Casa Giulietta']",Torre Lamberti,"['Sighseeing', 'Centro Fotografia', 'Museo Conte', 'Palazzo della Ragione', 'AMO']",Santa Anastasia,strategy_nearest,False,0.0018520355224609375,success
04448E429C4C80,3,"['Arena', 'Casa Giulietta']",Torre Lamberti,"['Sighseeing', 'Centro Fotografia', 'Museo Conte', 'Palazzo della Ragione', 'AMO']",Santa Anastasia,strategy_nearest,False,0.0030069351196289062,success
0444AB3A9C4C80,3,"['Casa Giulietta', 'Arena']",Torre Lamberti,"['Sighseeing', 'Centro Fotografia', 'Museo Conte', 'Palazzo della Ragione', 'AMO']",Santa Anastasia,strategy_nearest,False,0.003108978271484375,success
0444B13A9C4C80,0,['Arena'],Casa Giulietta,"['Centro Fotografia', 'Sighseeing', 'Torre Lamberti', 'Museo Conte', 'Museo Radio']",Castelvecchio,strategy_nearest,False,0.0029218196868896484,success
0444BA429C4C80,0,['Arena'],Casa Giulietta,"['Centro Fotografia', 'Sighseeing', 'Torre Lamberti', 'Museo Conte', 'Museo Radio']",Torre Lamberti,strategy_nearest,True,0.002995014190673828,success
0444AB429C4C80,1,"['Arena', 'Castelvecchio']",Torre Lamberti,"['Sighseeing', 'Centro Fotografia', 'Museo Conte', 'Casa Giulietta', 'Palazzo della Ragione']",Palazzo della Ragione,strategy_nearest,True,0.002237081527709961,success
0444C33A9C4C80,3,"['Casa Giulietta', 'Santa Anastasia']",Duomo,"['AMO', 'Museo Miniscalchi', 'Teatro Romano', 'Palazzo della Ragione', 'Museo Conte']",Arena,strategy_nearest,False,0.003467082977294922,success
0444C7429C4C80,1,"['Arena', 'Torre Lamberti']",Palazzo della Ragione,"['AMO', 'Museo Conte', 'Centro Fotografia', 'Sighseeing', 'Santa Anastasia']",Santa Anastasia,strategy_nearest,True,0.0025229454040527344,success
0444CF3A9C4C80,0,"['Arena', 'Casa Giulietta']",Duomo,"['AMO', 'Museo Miniscalchi', 'Santa Anastasia', 'Teatro Romano', 'Palazzo della Ragione']",Torre Lamberti,strategy_nearest,False,0.002554178237915039,success
0444C9429C4C80,0,['Arena'],Casa Giulietta,"['Centro Fotografia', 'Sighseeing', 'Torre Lamberti', 'Museo Conte', 'Museo Radio']",Santa Anastasia,strategy_nearest,False,0.0035419464111328125,success
0444E83A9C4C80,0,['Arena'],Casa Giulietta,"['Centro Fotografia', 'Sighseeing', 'Torre Lamberti', 'Museo Conte', 'Museo Radio']",Torre Lamberti,strategy_nearest,True,0.003718852996826172,success
044504429C4C84,0,"['San Zeno', 'Arena']",Torre Lamberti,"['Sighseeing', 'Centro Fotografia', 'Museo Conte', 'Casa Giulietta', 'Palazzo della Ragione']",Casa Giulietta,strategy_nearest,True,0.003103971481323242,success
0445093A9C4C84,3,"['Arena', 'Torre Lamberti']",Santa Anastasia,"['AMO', 'Museo Conte', 'Palazzo della Ragione', 'Teatro Romano', 'Centro Fotografia']",Duomo,strategy_nearest,False,0.0032820701599121094,success
04450B3A9C4C84,1,"['Arena', 'Casa Giulietta', 'Torre Lamberti']",Palazzo della Ragione,"['AMO', 'Museo Conte', 'Centro Fotografia', 'Sighseeing', 'Santa Anastasia']",Santa Anastasia,strategy_nearest,True,0.002949237823486328,success
0445143A9C4C84,3,"['Arena', 'Casa Giulietta']",Duomo,"['AMO', 'Museo Miniscalchi', 'Santa Anastasia', 'Teatro Romano', 'Palazzo della Ragione']",Santa Anastasia,strategy_nearest,True,0.0044820308685302734,success
0445063A9C4C84,2,"['Torre Lamberti', 'Palazzo della Ragione']",Castelvecchio,"['Museo Lapidario', 'Verona Tour', 'Arena', 'Museo Radio', 'San Zeno']",Museo Lapidario,strategy_nearest,True,0.006079196929931641,success
04452B3A9C4C80,3,"['Arena', 'Casa Giulietta']",Santa Anastasia,"['AMO', 'Museo Conte', 'Palazzo della Ragione', 'Teatro Romano', 'Centro Fotografia']",Torre Lamberti,strategy_nearest,False,0.0023369789123535156,success
0445233A9C4C80,3,"['Arena', 'Torre Lamberti']",Casa Giulietta,"['Centro Fotografia', 'Sighseeing', 'Museo Conte', 'Museo Radio', 'Palazzo della Ragione']",Santa Anastasia,strategy_nearest,False,0.001550912857055664,success
0445333A9C4C80,0,['Arena'],Casa Giulietta,"['Centro Fotografia', 'Sighseeing', 'Torre Lamberti', 'Museo Conte', 'Museo Radio']",Santa Anastasia,strategy_nearest,False,0.0030531883239746094,success
04453E429C4C80,3,"['Teatro Romano', 'Santa Anastasia']",Casa Giulietta,"['Centro Fotografia', 'Sighseeing', 'Torre Lamberti', 'Museo Conte', 'Museo Radio']",Castelvecchio,strategy_nearest,False,0.003576040267944336,success
0445463A9C4C80,0,"['Arena', 'Museo Lapidario']",Castelvecchio,"['Verona Tour', 'Museo Radio', 'San Zeno', 'Sighseeing', 'Museo Miniscalchi']",Duomo,strategy_nearest,False,0.003879070281982422,success
044551429C4C80,0,['Arena'],Torre Lamberti,"['Sighseeing', 'Centro Fotografia', 'Museo Conte', 'Casa Giulietta', 'Palazzo della Ragione']",Duomo,strategy_nearest,False,0.0017027854919433594,success
0445503A9C4C80,0,['Arena'],Casa Giulietta,"['Centro Fotografia', 'Sighseeing', 'Torre Lamberti', 'Museo Conte', 'Museo Radio']",Tomba Giulietta,strategy_nearest,False,0.0034990310668945312,success
044575429C4C80,0,['Arena'],Casa Giulietta,"['Centro Fotografia', 'Sighseeing', 'Torre Lamberti', 'Museo Conte', 'Museo Radio']",Castelvecchio,strategy_nearest,False,0.0037260055541992188,success
04457C3A9C4C80,3,"['Arena', 'Casa Giulietta', 'Torre Lamberti']",Santa Anastasia,"['AMO', 'Museo Conte', 'Palazzo della Ragione', 'Teatro Romano', 'Centro Fotografia']",Duomo,strategy_nearest,False,0.00226593017578125,success
044578429C4C80,2,"['Castelvecchio', 'Torre Lamberti']",Santa Anastasia,"['AMO', 'Museo Conte', 'Palazzo della Ragione', 'Teatro Romano', 'Centro Fotografia']",Casa Giulietta,strategy_nearest,False,0.003159046173095703,success
0445894A9C4C80,3,"['Torre Lamberti', 'Santa Anastasia', 'Duomo']",Casa Giulietta,"['Centro Fotografia', 'Sighseeing', 'Museo Conte', 'Museo Radio', 'Palazzo della Ragione']",San Fermo,strategy_nearest,False,0.0034329891204833984,success
044585429C4C80,1,['Casa Giulietta'],Duomo,"['AMO', 'Museo Miniscalchi', 'Santa Anastasia', 'Teatro Romano', 'Palazzo della Ragione']",Palazzo della Ragione,strategy_nearest,True,0.004046916961669922,success
04458A429C4C80,4,"['Museo Radio', 'Tomba Giulietta']",Arena,"['Verona Tour', 'Museo Lapidario', 'San Fermo', 'Casa Giulietta', 'Sighseeing']",Castelvecchio,strategy_nearest,False,0.0031757354736328125,success
04458C429C4C80,0,['Arena'],Castelvecchio,"['Museo Lapidario', 'Verona Tour', 'Museo Radio', 'San Zeno', 'Sighseeing']",Casa Giulietta,strategy_nearest,False,0.0032930374145507812,success
0445A8429C4C80,1,"['Arena', 'Torre Lamberti', 'Palazzo della Ragione']",Casa Giulietta,"['Centro Fotografia', 'Sighseeing', 'Museo Conte', 'Museo Radio', 'San Fermo']",San Fermo,strategy_nearest,True,0.003119945526123047,success
044590429C4C80,0,['Torre Lamberti'],Castelvecchio,"['Museo Lapidario', 'Verona Tour', 'Arena', 'Museo Radio', 'San Zeno']",Arena,strategy_nearest,True,0.0024428367614746094,success
0445AE3A9C4C80,3,"['Arena', 'Casa Giulietta', 'Torre Lamberti']",Santa Anastasia,"['AMO', 'Museo Conte', 'Palazzo della Ragione', 'Teatro Romano', 'Centro Fotografia']",Duomo,strategy_nearest,False,0.003688335418701172,success
0445B6429C4C80,1,"['Arena', 'Casa Giulietta', 'Teatro Romano']",Santa Anastasia,"['AMO', 'Museo Conte', 'Palazzo della Ragione', 'Centro Fotografia', 'Duomo']",Castelvecchio,strategy_nearest,False,0.0021278858184814453,success
0445B472743380,0,"['Castelvecchio', 'Casa Giulietta']",Arena,"['Verona Tour', 'Museo Lapidario', 'Museo Radio', 'San Fermo', 'Sighseeing']",Tomba Giulietta,strategy_nearest,False,0.002830028533935547,success
0445B83A9C4C80,3,"['Castelvecchio', 'San Zeno', 'Duomo']",Santa Anastasia,"['AMO', 'Museo Conte', 'Palazzo della Ragione', 'Teatro Romano', 'Centro Fotografia']",Casa Giulietta,strategy_nearest,False,0.004102945327758789,success
0445BE3A9C4C80,0,['Arena'],Casa Giulietta,"['Centro Fotografia', 'Sighseeing', 'Torre Lamberti', 'Museo Conte', 'Museo Radio']",Torre Lamberti,strategy_nearest,True,0.0033299922943115234,success
0445C7429C4C80,3,"['Arena', 'Santa Anastasia', 'Casa Giulietta']",Torre Lamberti,"['Sighseeing', 'Centro Fotografia', 'Museo Conte', 'Palazzo della Ragione', 'AMO']",Teatro Romano,strategy_nearest,False,0.003438234329223633,success
0445C23A9C4C80,4,"['Tomba Giulietta', 'Museo Radio', 'Museo Lapidario', 'Arena']",Castelvecchio,"['Verona Tour', 'San Zeno', 'Sighseeing', 'Museo Miniscalchi', 'Torre Lamberti']",Torre Lamberti,strategy_nearest,True,0.0020720958709716797,success
0445C1429C4C80,3,['Arena'],Santa Anastasia,"['AMO', 'Museo Conte', 'Palazzo della Ragione', 'Teatro Romano', 'Centro Fotografia']",San Fermo,strategy_nearest,False,0.0035448074340820312,success
0445C8429C4C80,1,"['Arena', 'Casa Giulietta']",Torre Lamberti,"['Sighseeing', 'Centro Fotografia', 'Museo Conte', 'Palazzo della Ragione', 'AMO']",Palazzo della Ragione,strategy_nearest,True,0.0039899349212646484,success
0445C93A9C4C80,3,"['Arena', 'Torre Lamberti']",Santa Anastasia,"['AMO', 'Museo Conte', 'Palazzo della Ragione', 'Teatro Romano', 'Centro Fotografia']",Castelvecchio,strategy_nearest,False,0.003016233444213867,success
0445CB3A9C4C80,1,"['Arena', 'Casa Giulietta']",Torre Lamberti,"['Sighseeing', 'Centro Fotografia', 'Museo Conte', 'Palazzo della Ragione', 'AMO']",Palazzo della Ragione,strategy_nearest,True,0.002048969268798828,success
0445D93A9C4C80,3,"['Casa Giulietta', 'Arena', 'Tomba Giulietta']",San Fermo,"['Museo Storia', 'Museo Radio', 'Centro Fotografia', 'Sighseeing', 'Torre Lamberti']",Castelvecchio,strategy_nearest,False,0.002638101577758789,success
0445D83A9C4C80,3,"['Arena', 'Casa Giulietta', 'Torre Lamberti']",San Fermo,"['Museo Storia', 'Museo Radio', 'Centro Fotografia', 'Sighseeing', 'Museo Conte']",Santa Anastasia,strategy_nearest,False,0.0035157203674316406,success
0445DC3A9C4C80,0,['Arena'],Torre Lamberti,"['Sighseeing', 'Centro Fotografia', 'Museo Conte', 'Casa Giulietta', 'Palazzo della Ragione']",Tomba Giulietta,strategy_nearest,False,0.0021021366119384766,success
0445DA3A9C4C80,3,"['Arena', 'Teatro Romano']",Torre Lamberti,"['Sighseeing', 'Centro Fotografia', 'Museo Conte', 'Casa Giulietta', 'Palazzo della Ragione']",Santa Anastasia,strategy_nearest,False,0.0028078556060791016,success
0445E83A9C4C80,2,"['Casa Giulietta', 'Torre Lamberti']",Palazzo della Ragione,"['AMO', 'Museo Conte', 'Centro Fotografia', 'Sighseeing', 'Santa Anastasia']",Santa Anastasia,strategy_nearest,True,0.0027899742126464844,success
0445E93A9C4C80,3,"['Torre Lamberti', 'Casa Giulietta', 'Teatro Romano']",Giardino Giusti,"['Santa Anastasia', 'Museo Conte', 'Centro Fotografia', 'Museo Storia', 'AMO']",Castelvecchio,strategy_nearest,False,0.0031020641326904297,success
0445F4429C4C80,3,['Torre Lamberti'],Santa Anastasia,"['AMO', 'Museo Conte', 'Palazzo della Ragione', 'Teatro Romano', 'Centro Fotografia']",Teatro Romano,strategy_nearest,True,0.002527952194213867,success
0446003A9C4C84,3,"['Museo Lapidario', 'Arena', 'Casa Giulietta']",Santa Anastasia,"['AMO', 'Museo Conte', 'Palazzo della Ragione', 'Teatro Romano', 'Centro Fotografia']",Torre Lamberti,strategy_nearest,False,0.0024099349975585938,success
0446053A9C4C84,2,"['Teatro Romano', 'Duomo']",Castelvecchio,"['Museo Lapidario', 'Verona Tour', 'Arena', 'Museo Radio', 'San Zeno']",San Fermo,strategy_nearest,False,0.0034601688385009766,success
04460C429C4C84,1,"['Tomba Giulietta', 'Arena', 'Torre Lamberti']",Casa Giulietta,"['Centro Fotografia', 'Sighseeing', 'Museo Conte', 'Museo Radio', 'Palazzo della Ragione']",Giardino Giusti,strategy_nearest,False,0.0030670166015625,success
0446113A9C4C84,0,['Casa Giulietta'],Arena,"['Verona Tour', 'Museo Lapidario', 'Museo Radio', 'San Fermo', 'Sighseeing']",Torre Lamberti,strategy_nearest,False,0.003081083297729492,success
0446293A9C4C80,0,['Teatro Romano'],Arena,"['Verona Tour', 'Museo Lapidario', 'Museo Radio', 'San Fermo', 'Casa Giulietta']",Casa Giulietta,strategy_nearest,True,0.0031020641326904297,success
044623429C4C80,3,"['Arena', 'Castelvecchio']",Tomba Giulietta,"['San Fermo', 'Museo Storia', 'Museo Lapidario', 'Museo Radio', 'Verona Tour']",Torre Lamberti,strategy_nearest,False,0.002341032028198242,success
0446303A9C4C80,1,"['Teatro Romano', 'Duomo', 'Santa Anastasia', 'Torre Lamberti', 'Casa Giulietta']",Castelvecchio,"['Museo Lapidario', 'Verona Tour', 'Arena', 'Museo Radio', 'San Zeno']",Tomba Giulietta,strategy_nearest,False,0.0020151138305664062,success
04462B3A9C4C80,0,['Teatro Romano'],Arena,"['Verona Tour', 'Museo Lapidario', 'Museo Radio', 'San Fermo', 'Casa Giulietta']",Casa Giulietta,strategy_nearest,True,0.002719879150390625,success
044633429C4C80,0,['Casa Giulietta'],Castelvecchio,"['Museo Lapidario', 'Verona Tour', 'Arena', 'Museo Radio', 'San Zeno']",Arena,strategy_nearest,True,0.0027310848236083984,success
0446383A9C4C80,3,"['Casa Giulietta', 'Santa Anastasia']",Duomo,"['AMO', 'Museo Miniscalchi', 'Teatro Romano', 'Palazzo della Ragione', 'Museo Conte']",Teatro Romano,strategy_nearest,True,0.0033121109008789062,success
044653429C4C80,1,"['Arena', 'Casa Giulietta']",Torre Lamberti,"['Sighseeing', 'Centro Fotografia', 'Museo Conte', 'Palazzo della Ragione', 'AMO']",Palazzo della Ragione,strategy_nearest,True,0.0014019012451171875,success
044652429C4C80,3,['Arena'],San Fermo,"['Museo Storia', 'Museo Radio', 'Casa Giulietta', 'Centro Fotografia', 'Sighseeing']",Torre Lamberti,strategy_nearest,False,0.0020749568939208984,success
0446403A9C4C80,3,"['Santa Anastasia', 'Duomo']",Torre Lamberti,"['Sighseeing', 'Centro Fotografia', 'Museo Conte', 'Casa Giulietta', 'Palazzo della Ragione']",San Fermo,strategy_nearest,False,0.004024028778076172,success
044660429C4C80,1,"['Casa Giulietta', 'Tomba Giulietta']",Arena,"['Verona Tour', 'Museo Lapidario', 'Museo Radio', 'San Fermo', 'Sighseeing']",Palazzo della Ragione,strategy_nearest,False,0.0029489994049072266,success
0446743A9C4C80,0,"['Arena', 'Casa Giulietta']",Torre Lamberti,"['Sighseeing', 'Centro Fotografia', 'Museo Conte', 'Palazzo della Ragione', 'AMO']",Castelvecchio,strategy_nearest,False,0.0020110607147216797,success
04466C429C4C80,1,"['Arena', 'San Fermo']",Palazzo della Ragione,"['AMO', 'Museo Conte', 'Torre Lamberti', 'Centro Fotografia', 'Sighseeing']",Santa Anastasia,strategy_nearest,False,0.0027120113372802734,success
044675429C4C80,3,"['Arena', 'Museo Lapidario']",Castelvecchio,"['Verona Tour', 'Museo Radio', 'San Zeno', 'Sighseeing', 'Museo Miniscalchi']",Duomo,strategy_nearest,False,0.0033750534057617188,success
04467C429C4C80,0,['Duomo'],Arena,"['Verona Tour', 'Museo Lapidario', 'Museo Radio', 'San Fermo', 'Casa Giulietta']",Casa Giulietta,strategy_nearest,True,0.0030879974365234375,success
04467D3A9C4C80,0,['Casa Giulietta'],Arena,"['Verona Tour', 'Museo Lapidario', 'Museo Radio', 'San Fermo', 'Sighseeing']",Tomba Giulietta,strategy_nearest,False,0.002653837203979492,success
04468E3A9C4C80,1,"['Arena', 'Castelvecchio']",Casa Giulietta,"['Centro Fotografia', 'Sighseeing', 'Torre Lamberti', 'Museo Conte', 'Museo Radio']",Torre Lamberti,strategy_nearest,True,0.0027413368225097656,success
04469F4A9C4C80,1,"['Torre Lamberti', 'Palazzo della Ragione']",Casa Giulietta,"['Centro Fotografia', 'Sighseeing', 'Museo Conte', 'Museo Radio', 'San Fermo']",Arena,strategy_nearest,False,0.0026540756225585938,success
0446A93A9C4C80,2,['Casa Giulietta'],Palazzo della Ragione,"['AMO', 'Museo Conte', 'Torre Lamberti', 'Centro Fotografia', 'Sighseeing']",Santa Anastasia,strategy_nearest,False,0.003173828125,success
0446B6429C4C80,1,"['Arena', 'Casa Giulietta', 'Palazzo della Ragione']",Castelvecchio,"['Museo Lapidario', 'Verona Tour', 'Museo Radio', 'San Zeno', 'Sighseeing']",Teatro Romano,strategy_nearest,False,0.0031969547271728516,success
0446B3429C4C80,0,['Arena'],Tomba Giulietta,"['San Fermo', 'Museo Storia', 'Museo Lapidario', 'Museo Radio', 'Verona Tour']",Torre Lamberti,strategy_nearest,False,0.0026769638061523438,success
0446BA3A9C4C80,3,"['Tomba Giulietta', 'Arena', 'Torre Lamberti']",Casa Giulietta,"['Centro Fotografia', 'Sighseeing', 'Museo Conte', 'Museo Radio', 'Palazzo della Ragione']",Santa Anastasia,strategy_nearest,False,0.0024399757385253906,success
0446B73A9C4C80,3,"['Arena', 'Casa Giulietta']",San Fermo,"['Museo Storia', 'Museo Radio', 'Centro Fotografia', 'Sighseeing', 'Torre Lamberti']",Santa Anastasia,strategy_nearest,False,0.004413127899169922,success
0446CF3A9C4C80,3,"['Arena', 'Castelvecchio']",Santa Anastasia,"['AMO', 'Museo Conte', 'Palazzo della Ragione', 'Teatro Romano', 'Centro Fotografia']",Casa Giulietta,strategy_nearest,False,0.002663135528564453,success
0446C53A9C4C80,3,"['Arena', 'Casa Giulietta']",San Fermo,"['Museo Storia', 'Museo Radio', 'Centro Fotografia', 'Sighseeing', 'Torre Lamberti']",Giardino Giusti,strategy_nearest,False,0.002122163772583008,success
0446D73A9C4C80,3,"['Arena', 'Santa Anastasia']",San Zeno,"['Castelvecchio', 'Verona Tour', 'Museo Lapidario', 'Museo Miniscalchi', 'Sighseeing']",Torre Lamberti,strategy_nearest,False,0.0029129981994628906,success
0446D23A9C4C80,3,"['Duomo', 'Santa Anastasia', 'San Fermo']",Museo Lapidario,"['Verona Tour', 'Arena', 'Castelvecchio', 'Museo Radio', 'Casa Giulietta']",San Zeno,strategy_nearest,False,0.003129243850708008,success
0446E23A9C4C80,3,"['Arena', 'Torre Lamberti']",San Fermo,"['Museo Storia', 'Museo Radio', 'Casa Giulietta', 'Centro Fotografia', 'Sighseeing']",Casa Giulietta,strategy_nearest,True,0.001878976821899414,success
0446DF3A9C4C80,3,"['Castelvecchio', 'Arena', 'Casa Giulietta']",Torre Lamberti,"['Sighseeing', 'Centro Fotografia', 'Museo Conte', 'Palazzo della Ragione', 'AMO']",Santa Anastasia,strategy_nearest,False,0.002513885498046875,success
0446F3429C4C80,1,"['Arena', 'Casa Giulietta', 'Castelvecchio']",San Zeno,"['Verona Tour', 'Museo Lapidario', 'Museo Miniscalchi', 'Sighseeing', 'Museo Radio']",Tomba Giulietta,strategy_nearest,False,0.0018579959869384766,success
044705429C4C84,1,"['Arena', 'Castelvecchio', 'Casa Giulietta']",Torre Lamberti,"['Sighseeing', 'Centro Fotografia', 'Museo Conte', 'Palazzo della Ragione', 'AMO']",Palazzo della Ragione,strategy_nearest,True,0.0019080638885498047,success
0447284A9C4C80,3,"['Arena', 'Casa Giulietta']",Santa Anastasia,"['AMO', 'Museo Conte', 'Palazzo della Ragione', 'Teatro Romano', 'Centro Fotografia']",Duomo,strategy_nearest,False,0.0024101734161376953,success
0447223A9C4C80,1,"['Arena', 'Torre Lamberti']",Palazzo della Ragione,"['AMO', 'Museo Conte', 'Centro Fotografia', 'Sighseeing', 'Santa Anastasia']",Santa Anastasia,strategy_nearest,True,0.003525257110595703,success
0447393A9C4C80,3,"['Casa Giulietta', 'Santa Anastasia']",Castelvecchio,"['Museo Lapidario', 'Verona Tour', 'Arena', 'Museo Radio', 'San Zeno']",Arena,strategy_nearest,True,0.002579212188720703,success
044732429C4C80,0,['Casa Giulietta'],Teatro Romano,"['Santa Anastasia', 'Duomo', 'AMO', 'Palazzo della Ragione', 'Museo Conte']",Arena,strategy_nearest,False,0.002641916275024414,success
04473C3A9C4C80,3,"['Arena', 'Torre Lamberti', 'Santa Anastasia']",Duomo,"['AMO', 'Museo Miniscalchi', 'Teatro Romano', 'Palazzo della Ragione', 'Museo Conte']",Teatro Romano,strategy_nearest,True,0.003289937973022461,success
04474E429C4C80,2,['Casa Giulietta'],Torre Lamberti,"['Sighseeing', 'Centro Fotografia', 'Museo Conte', 'Palazzo della Ragione', 'AMO']",Palazzo della Ragione,strategy_nearest,True,0.0017981529235839844,success
0447523A9C4C80,0,['Tomba Giulietta'],Arena,"['Verona Tour', 'Museo Lapidario', 'Museo Radio', 'San Fermo', 'Casa Giulietta']",Casa Giulietta,strategy_nearest,True,0.002536773681640625,success
04473E429C4C80,3,"['Arena', 'Casa Giulietta']",Torre Lamberti,"['Sighseeing', 'Centro Fotografia', 'Museo Conte', 'Palazzo della Ragione', 'AMO']",Santa Anastasia,strategy_nearest,False,0.003426074981689453,success
04474C3A9C4C80,3,"['Arena', 'San Zeno', 'Tomba Giulietta']",Casa Giulietta,"['Centro Fotografia', 'Sighseeing', 'Torre Lamberti', 'Museo Conte', 'Museo Radio']",Torre Lamberti,strategy_nearest,True,0.004209756851196289,success
044769429C4C80,0,"['Arena', 'Casa Giulietta']",Duomo,"['AMO', 'Museo Miniscalchi', 'Santa Anastasia', 'Teatro Romano', 'Palazzo della Ragione']",Castelvecchio,strategy_nearest,False,0.0025510787963867188,success
04476A429C4C80,0,['Museo Lapidario'],Arena,"['Verona Tour', 'Museo Radio', 'San Fermo', 'Casa Giulietta', 'Sighseeing']",Casa Giulietta,strategy_nearest,True,0.002695322036743164,success
044752429C4C80,1,['Arena'],Santa Anastasia,"['AMO', 'Museo Conte', 'Palazzo della Ragione', 'Teatro Romano', 'Centro Fotografia']",Palazzo della Ragione,strategy_nearest,True,0.0026040077209472656,success
044777429C4C80,1,"['Arena', 'Casa Giulietta', 'Torre Lamberti']",Palazzo della Ragione,"['AMO', 'Museo Conte', 'Centro Fotografia', 'Sighseeing', 'Santa Anastasia']",Santa Anastasia,strategy_nearest,True,0.003525972366333008,success
0447884A9C4C80,1,"['Arena', 'Casa Giulietta', 'Torre Lamberti', 'Palazzo della Ragione']",Santa Anastasia,"['AMO', 'Museo Conte', 'Teatro Romano', 'Centro Fotografia', 'Duomo']",Teatro Romano,strategy_nearest,True,0.0017971992492675781,success
04477F429C4C80,1,"['Arena', 'Casa Giulietta']",Torre Lamberti,"['Sighseeing', 'Centro Fotografia', 'Museo Conte', 'Palazzo della Ragione', 'AMO']",Palazzo della Ragione,strategy_nearest,True,0.0027189254760742188,success
044793429C4C80,0,['Casa Giulietta'],Torre Lamberti,"['Sighseeing', 'Centro Fotografia', 'Museo Conte', 'Palazzo della Ragione', 'AMO']",Duomo,strategy_nearest,False,0.003392934799194336,success
04479E4A9C4C80,0,['Arena'],Torre Lamberti,"['Sighseeing', 'Centro Fotografia', 'Museo Conte', 'Casa Giulietta', 'Palazzo della Ragione']",Castelvecchio,strategy_nearest,False,0.002947092056274414,success
04479F4A9C4C80,1,"['Torre Lamberti', 'Palazzo della Ragione']",Casa Giulietta,"['Centro Fotografia', 'Sighseeing', 'Museo Conte', 'Museo Radio', 'San Fermo']",Arena,strategy_nearest,False,0.0031697750091552734,success
0447A74A9C4C80,1,"['Arena', 'Casa Giulietta']",Torre Lamberti,"['Sighseeing', 'Centro Fotografia', 'Museo Conte', 'Palazzo della Ragione', 'AMO']",Palazzo della Ragione,strategy_nearest,True,0.002415180206298828,success
0447A14A9C4C80,0,"['Castelvecchio', 'Arena']",Casa Giulietta,"['Centro Fotografia', 'Sighseeing', 'Torre Lamberti', 'Museo Conte', 'Museo Radio']",Torre Lamberti,strategy_nearest,True,0.0027778148651123047,success
0447A54A9C4C80,0,['Arena'],Casa Giulietta,"['Centro Fotografia', 'Sighseeing', 'Torre Lamberti', 'Museo Conte', 'Museo Radio']",Torre Lamberti,strategy_nearest,True,0.0037751197814941406,success
0447B63A9C4C80,1,"['Castelvecchio', 'Palazzo della Ragione', 'Torre Lamberti']",Arena,"['Verona Tour', 'Museo Lapidario', 'Museo Radio', 'San Fermo', 'Casa Giulietta']",Duomo,strategy_nearest,False,0.0017910003662109375,success
0447B6429C4C80,0,['Casa Giulietta'],Arena,"['Verona Tour', 'Museo Lapidario', 'Museo Radio', 'San Fermo', 'Sighseeing']",Castelvecchio,strategy_nearest,False,0.002146005630493164,success
0447B33A9C4C80,0,['Arena'],Torre Lamberti,"['Sighseeing', 'Centro Fotografia', 'Museo Conte', 'Casa Giulietta', 'Palazzo della Ragione']",Casa Giulietta,strategy_nearest,True,0.0024271011352539062,success
0447BC429C4C80,0,['Casa Giulietta'],Arena,"['Verona Tour', 'Museo Lapidario', 'Museo Radio', 'San Fermo', 'Sighseeing']",Torre Lamberti,strategy_nearest,False,0.0025238990783691406,success
0447B9429C4C80,0,"['Torre Lamberti', 'Castelvecchio']",Casa Giulietta,"['Centro Fotografia', 'Sighseeing', 'Museo Conte', 'Museo Radio', 'Palazzo della Ragione']",Arena,strategy_nearest,False,0.0034608840942382812,success
0447DA3A9C4C80,1,"['Arena', 'Museo Lapidario', 'Castelvecchio', 'Casa Giulietta', 'San Fermo', 'Museo Storia']",Tomba Giulietta,"['Museo Radio', 'Verona Tour', 'Sighseeing', 'Torre Lamberti', 'Centro Fotografia']",Torre Lamberti,strategy_nearest,True,0.003053903579711914,success
0447D1429C4C80,3,"['Teatro Romano', 'Giardino Giusti', 'Duomo']",Torre Lamberti,"['Sighseeing', 'Centro Fotografia', 'Museo Conte', 'Casa Giulietta', 'Palazzo della Ragione']",Casa Giulietta,strategy_nearest,True,0.0027267932891845703,success
0447DD3A9C4C80,1,"['Tomba Giulietta', 'Castelvecchio', 'Teatro Romano']",Arena,"['Verona Tour', 'Museo Lapidario', 'Museo Radio', 'San Fermo', 'Casa Giulietta']",Torre Lamberti,strategy_nearest,False,0.002414226531982422,success
0447E0429C4C80,3,"['Arena', 'Torre Lamberti']",Tomba Giulietta,"['San Fermo', 'Museo Storia', 'Museo Lapidario', 'Museo Radio', 'Verona Tour']",Duomo,strategy_nearest,False,0.002438068389892578,success
0447E03A9C4C80,3,['Arena'],Casa Giulietta,"['Centro Fotografia', 'Sighseeing', 'Torre Lamberti', 'Museo Conte', 'Museo Radio']",Santa Anastasia,strategy_nearest,False,0.0020329952239990234,success
0447F93A9C4C80,3,"['Duomo', 'Teatro Romano', 'Santa Anastasia']",Torre Lamberti,"['Sighseeing', 'Centro Fotografia', 'Museo Conte', 'Casa Giulietta', 'Palazzo della Ragione']",Casa Giulietta,strategy_nearest,True,0.002065896987915039,success
0447F23A9C4C80,2,['Casa Giulietta'],Torre Lamberti,"['Sighseeing', 'Centro Fotografia', 'Museo Conte', 'Palazzo della Ragione', 'AMO']",Palazzo della Ragione,strategy_nearest,True,0.004979848861694336,success
0447FC3A9C4C80,2,['Castelvecchio'],Casa Giulietta,"['Centro Fotografia', 'Sighseeing', 'Torre Lamberti', 'Museo Conte', 'Museo Radio']",Torre Lamberti,strategy_nearest,True,0.002257108688354492,success
0447F63A9C4C80,3,"['Arena', 'Casa Giulietta']",Santa Anastasia,"['AMO', 'Museo Conte', 'Palazzo della Ragione', 'Teatro Romano', 'Centro Fotografia']",Teatro Romano,strategy_nearest,True,0.002794981002807617,success
04480E429C4C84,3,"['Arena', 'Castelvecchio']",Torre Lamberti,"['Sighseeing', 'Centro Fotografia', 'Museo Conte', 'Casa Giulietta', 'Palazzo della Ragione']",Teatro Romano,strategy_nearest,False,0.002234935760498047,success
0448284A9C4C80,3,"['Santa Anastasia', 'Duomo', 'Teatro Romano']",Arena,"['Verona Tour', 'Museo Lapidario', 'Museo Radio', 'San Fermo', 'Casa Giulietta']",Castelvecchio,strategy_nearest,False,0.0027239322662353516,success
04482B3A9C4C80,0,['Arena'],Casa Giulietta,"['Centro Fotografia', 'Sighseeing', 'Torre Lamberti', 'Museo Conte', 'Museo Radio']",Torre Lamberti,strategy_nearest,True,0.0032682418823242188,success
044821429C4C80,0,['Arena'],Casa Giulietta,"['Centro Fotografia', 'Sighseeing', 'Torre Lamberti', 'Museo Conte', 'Museo Radio']",Torre Lamberti,strategy_nearest,True,0.0013556480407714844,success
0448503A9C4C80,1,"['Arena', 'Casa Giulietta', 'Torre Lamberti']",Palazzo della Ragione,"['AMO', 'Museo Conte', 'Centro Fotografia', 'Sighseeing', 'Santa Anastasia']",Santa Anastasia,strategy_nearest,True,0.0032281875610351562,success
0448453A9C4C80,3,"['Arena', 'San Zeno', 'Castelvecchio', 'Santa Anastasia']",Duomo,"['AMO', 'Museo Miniscalchi', 'Teatro Romano', 'Palazzo della Ragione', 'Museo Conte']",Teatro Romano,strategy_nearest,True,0.0014498233795166016,success
044835429C4C80,0,"['Casa Giulietta', 'Arena']",Torre Lamberti,"['Sighseeing', 'Centro Fotografia', 'Museo Conte', 'Palazzo della Ragione', 'AMO']",Teatro Romano,strategy_nearest,False,0.0033690929412841797,success
04483E429C4C80,3,['Arena'],Casa Giulietta,"['Centro Fotografia', 'Sighseeing', 'Torre Lamberti', 'Museo Conte', 'Museo Radio']",Santa Anastasia,strategy_nearest,False,0.002721071243286133,success
044853429C4C80,0,['Santa Anastasia'],Casa Giulietta,"['Centro Fotografia', 'Sighseeing', 'Torre Lamberti', 'Museo Conte', 'Museo Radio']",Arena,strategy_nearest,False,0.0021479129791259766,success
0448753A9C4C80,0,['Tomba Giulietta'],Arena,"['Verona Tour', 'Museo Lapidario', 'Museo Radio', 'San Fermo', 'Casa Giulietta']",Casa Giulietta,strategy_nearest,True,0.0032172203063964844,success
044865429C4C80,3,"['Arena', 'Torre Lamberti']",Santa Anastasia,"['AMO', 'Museo Conte', 'Palazzo della Ragione', 'Teatro Romano', 'Centro Fotografia']",Duomo,strategy_nearest,False,0.0026929378509521484,success
044862429C4C80,0,['Arena'],Castelvecchio,"['Museo Lapidario', 'Verona Tour', 'Museo Radio', 'San Zeno', 'Sighseeing']",Casa Giulietta,strategy_nearest,False,0.0014946460723876953,success
0448813A9C4C80,3,['Arena'],Casa Giulietta,"['Centro Fotografia', 'Sighseeing', 'Torre Lamberti', 'Museo Conte', 'Museo Radio']",Santa Anastasia,strategy_nearest,False,0.002106904983520508,success
04487E3A9C4C80,1,['Arena'],Casa Giulietta,"['Centro Fotografia', 'Sighseeing', 'Torre Lamberti', 'Museo Conte', 'Museo Radio']",Palazzo della Ragione,strategy_nearest,False,0.0023849010467529297,success
04488C429C4C80,3,['Arena'],Santa Anastasia,"['AMO', 'Museo Conte', 'Palazzo della Ragione', 'Teatro Romano', 'Centro Fotografia']",San Zeno,strategy_nearest,False,0.0024480819702148438,success
0448824A9C4C80,1,"['San Zeno', 'Castelvecchio', 'Arena']",Torre Lamberti,"['Sighseeing', 'Centro Fotografia', 'Museo Conte', 'Casa Giulietta', 'Palazzo della Ragione']",Palazzo della Ragione,strategy_nearest,True,0.0034589767456054688,success
0448A04A9C4C80,0,"['Arena', 'Museo Lapidario']",Castelvecchio,"['Verona Tour', 'Museo Radio', 'San Zeno', 'Sighseeing', 'Museo Miniscalchi']",Torre Lamberti,strategy_nearest,False,0.002415895462036133,success
0448AD3A9C4C80,1,"['Castelvecchio', 'Casa Giulietta']",Palazzo della Ragione,"['AMO', 'Museo Conte', 'Torre Lamberti', 'Centro Fotografia', 'Sighseeing']",Santa Anastasia,strategy_nearest,False,0.002613067626953125,success
0448BD429C4C80,3,"['Casa Giulietta', 'Torre Lamberti', 'Santa Anastasia']",Duomo,"['AMO', 'Museo Miniscalchi', 'Teatro Romano', 'Palazzo della Ragione', 'Museo Conte']",Teatro Romano,strategy_nearest,True,0.002346038818359375,success
0448C23A9C4C80,0,['Arena'],Casa Giulietta,"['Centro Fotografia', 'Sighseeing', 'Torre Lamberti', 'Museo Conte', 'Museo Radio']",Torre Lamberti,strategy_nearest,True,0.0025789737701416016,success
0448D43A9C4C80,0,['Arena'],Casa Giulietta,"['Centro Fotografia', 'Sighseeing', 'Torre Lamberti', 'Museo Conte', 'Museo Radio']",Castelvecchio,strategy_nearest,False,0.0027239322662353516,success
0448C43A9C4C80,0,['Arena'],Tomba Giulietta,"['San Fermo', 'Museo Storia', 'Museo Lapidario', 'Museo Radio', 'Verona Tour']",Castelvecchio,strategy_nearest,False,0.002576112747192383,success
0448DB3A9C4C80,0,['Arena'],Casa Giulietta,"['Centro Fotografia', 'Sighseeing', 'Torre Lamberti', 'Museo Conte', 'Museo Radio']",Tomba Giulietta,strategy_nearest,False,0.003258228302001953,success
0448E43A9C4C80,1,"['Arena', 'San Fermo', 'Torre Lamberti']",Palazzo della Ragione,"['AMO', 'Museo Conte', 'Centro Fotografia', 'Sighseeing', 'Santa Anastasia']",Casa Giulietta,strategy_nearest,False,0.003161907196044922,success
0448EF3A9C4C80,1,"['Casa Giulietta', 'Arena']",Torre Lamberti,"['Sighseeing', 'Centro Fotografia', 'Museo Conte', 'Palazzo della Ragione', 'AMO']",Palazzo della Ragione,strategy_nearest,True,0.002557992935180664,success
0448FA3A9C4C80,0,['Teatro Romano'],Duomo,"['AMO', 'Museo Miniscalchi', 'Santa Anastasia', 'Palazzo della Ragione', 'Museo Conte']",Castelvecchio,strategy_nearest,False,0.0034422874450683594,success
0448F03A9C4C80,2,['Santa Anastasia'],Duomo,"['AMO', 'Museo Miniscalchi', 'Teatro Romano', 'Palazzo della Ragione', 'Museo Conte']",San Fermo,strategy_nearest,False,0.0034029483795166016,success
0449023A9C4C84,0,['Arena'],Castelvecchio,"['Museo Lapidario', 'Verona Tour', 'Museo Radio', 'San Zeno', 'Sighseeing']",Torre Lamberti,strategy_nearest,False,0.002543926239013672,success
0449153A9C4C84,0,['Museo Lapidario'],Arena,"['Verona Tour', 'Museo Radio', 'San Fermo', 'Casa Giulietta', 'Sighseeing']",Santa Anastasia,strategy_nearest,False,0.00373077392578125,success
0449263A9C4C80,0,"['Arena', 'Castelvecchio']",Casa Giulietta,"['Centro Fotografia', 'Sighseeing', 'Torre Lamberti', 'Museo Conte', 'Museo Radio']",Torre Lamberti,strategy_nearest,True,0.0019669532775878906,success
0449294A9C4C80,1,"['Arena', 'Museo Lapidario', 'Casa Giulietta', 'Torre Lamberti', 'Duomo']",San Zeno,"['Castelvecchio', 'Verona Tour', 'Museo Miniscalchi', 'Sighseeing', 'Museo Radio']",Castelvecchio,strategy_nearest,True,0.0028121471405029297,success
04492A3A9C4C80,2,['Castelvecchio'],Santa Anastasia,"['AMO', 'Museo Conte', 'Palazzo della Ragione', 'Teatro Romano', 'Centro Fotografia']",San Fermo,strategy_nearest,False,0.0032858848571777344,success
0449384A9C4C80,0,"['Arena', 'Casa Giulietta']",Castelvecchio,"['Museo Lapidario', 'Verona Tour', 'Museo Radio', 'San Zeno', 'Sighseeing']",Museo Storia,strategy_nearest,False,0.002627134323120117,success
0449383A9C4C80,3,"['San Fermo', 'Teatro Romano', 'Casa Giulietta']",Arena,"['Verona Tour', 'Museo Lapidario', 'Museo Radio', 'Sighseeing', 'Castelvecchio']",Torre Lamberti,strategy_nearest,False,0.002519845962524414,success
0449393A9C4C80,3,['Arena'],Santa Anastasia,"['AMO', 'Museo Conte', 'Palazzo della Ragione', 'Teatro Romano', 'Centro Fotografia']",Duomo,strategy_nearest,False,0.0027379989624023438,success
0449523A9C4C80,0,"['Arena', 'Torre Lamberti']",Casa Giulietta,"['Centro Fotografia', 'Sighseeing', 'Museo Conte', 'Museo Radio', 'Palazzo della Ragione']",Castelvecchio,strategy_nearest,False,0.002604961395263672,success
04493A3A9C4C80,0,"['Arena', 'Museo Lapidario']",Castelvecchio,"['Verona Tour', 'Museo Radio', 'San Zeno', 'Sighseeing', 'Museo Miniscalchi']",Duomo,strategy_nearest,False,0.0029201507568359375,success
044953429C4C80,3,"['Castelvecchio', 'Arena']",Casa Giulietta,"['Centro Fotografia', 'Sighseeing', 'Torre Lamberti', 'Museo Conte', 'Museo Radio']",Torre Lamberti,strategy_nearest,True,0.0031769275665283203,success
04494B3A9C4C80,1,"['Arena', 'Museo Lapidario', 'Casa Giulietta', 'Torre Lamberti']",Palazzo della Ragione,"['AMO', 'Museo Conte', 'Centro Fotografia', 'Sighseeing', 'Santa Anastasia']",Santa Anastasia,strategy_nearest,True,0.0026869773864746094,success
0449563A9C4C80,0,['Arena'],Castelvecchio,"['Museo Lapidario', 'Verona Tour', 'Museo Radio', 'San Zeno', 'Sighseeing']",Torre Lamberti,strategy_nearest,False,0.002900838851928711,success
044971429C4C80,3,['Arena'],Casa Giulietta,"['Centro Fotografia', 'Sighseeing', 'Torre Lamberti', 'Museo Conte', 'Museo Radio']",Torre Lamberti,strategy_nearest,True,0.002919912338256836,success
044962429C4C80,0,['Arena'],Casa Giulietta,"['Centro Fotografia', 'Sighseeing', 'Torre Lamberti', 'Museo Conte', 'Museo Radio']",Castelvecchio,strategy_nearest,False,0.0020818710327148438,success
04495A3A9C4C80,1,"['Arena', 'Santa Anastasia', 'Duomo', 'Tomba Giulietta']",San Fermo,"['Museo Storia', 'Museo Radio', 'Casa Giulietta', 'Centro Fotografia', 'Sighseeing']",Museo Storia,strategy_nearest,True,0.0015981197357177734,success
0449783A9C4C80,1,['Arena'],Casa Giulietta,"['Centro Fotografia', 'Sighseeing', 'Torre Lamberti', 'Museo Conte', 'Museo Radio']",Torre Lamberti,strategy_nearest,True,0.002084016799926758,success
0449773A9C4C80,0,"['Arena', 'Torre Lamberti']",Casa Giulietta,"['Centro Fotografia', 'Sighseeing', 'Museo Conte', 'Museo Radio', 'Palazzo della Ragione']",Duomo,strategy_nearest,False,0.001360177993774414,success
044979429C4C80,2,"['Casa Giulietta', 'Torre Lamberti', 'Palazzo della Ragione']",San Zeno,"['Castelvecchio', 'Verona Tour', 'Museo Lapidario', 'Arena', 'Museo Miniscalchi']",Santa Anastasia,strategy_nearest,False,0.002830982208251953,success
04497C429C4C80,0,['Casa Giulietta'],Arena,"['Verona Tour', 'Museo Lapidario', 'Museo Radio', 'San Fermo', 'Sighseeing']",Tomba Giulietta,strategy_nearest,False,0.002401113510131836,success
04497A429C4C80,0,['Arena'],San Fermo,"['Museo Storia', 'Museo Radio', 'Casa Giulietta', 'Centro Fotografia', 'Sighseeing']",Casa Giulietta,strategy_nearest,True,0.003374814987182617,success
04497D429C4C80,0,['Arena'],Torre Lamberti,"['Sighseeing', 'Centro Fotografia', 'Museo Conte', 'Casa Giulietta', 'Palazzo della Ragione']",Duomo,strategy_nearest,False,0.0031099319458007812,success
0449843A9C4C80,1,['Arena'],Casa Giulietta,"['Centro Fotografia', 'Sighseeing', 'Torre Lamberti', 'Museo Conte', 'Museo Radio']",Palazzo della Ragione,strategy_nearest,False,0.002399921417236328,success
04498F3A9C4C80,3,"['Arena', 'Casa Giulietta']",Torre Lamberti,"['Sighseeing', 'Centro Fotografia', 'Museo Conte', 'Palazzo della Ragione', 'AMO']",Duomo,strategy_nearest,False,0.002553701400756836,success
04499E429C4C80,3,"['Arena', 'Santa Anastasia']",Torre Lamberti,"['Sighseeing', 'Centro Fotografia', 'Museo Conte', 'Casa Giulietta', 'Palazzo della Ragione']",Casa Giulietta,strategy_nearest,True,0.00341796875,success
0449A672743380,1,"['Tomba Giulietta', 'San Fermo', 'Casa Giulietta', 'Torre Lamberti']",Castelvecchio,"['Museo Lapidario', 'Verona Tour', 'Arena', 'Museo Radio', 'San Zeno']",Palazzo della Ragione,strategy_nearest,False,0.003083944320678711,success
0449A14A9C4C80,1,"['Arena', 'Palazzo della Ragione']",Torre Lamberti,"['Sighseeing', 'Centro Fotografia', 'Museo Conte', 'Casa Giulietta', 'AMO']",Santa Anastasia,strategy_nearest,False,0.003509998321533203,success
0449A73A9C4C80,3,"['Castelvecchio', 'Arena']",Torre Lamberti,"['Sighseeing', 'Centro Fotografia', 'Museo Conte', 'Casa Giulietta', 'Palazzo della Ragione']",Santa Anastasia,strategy_nearest,False,0.0031290054321289062,success
0449B1429C4C80,3,"['San Zeno', 'Castelvecchio']",Arena,"['Verona Tour', 'Museo Lapidario', 'Museo Radio', 'San Fermo', 'Casa Giulietta']",Duomo,strategy_nearest,False,0.0024518966674804688,success
0449B5429C4C80,3,"['Torre Lamberti', 'Santa Anastasia']",Duomo,"['AMO', 'Museo Miniscalchi', 'Teatro Romano', 'Palazzo della Ragione', 'Museo Conte']",Casa Giulietta,strategy_nearest,False,0.0026979446411132812,success
0449BC429C4C80,3,['Arena'],Santa Anastasia,"['AMO', 'Museo Conte', 'Palazzo della Ragione', 'Teatro Romano', 'Centro Fotografia']",Duomo,strategy_nearest,False,0.002557992935180664,success
0449C5429C4C80,0,['Arena'],Castelvecchio,"['Museo Lapidario', 'Verona Tour', 'Museo Radio', 'San Zeno', 'Sighseeing']",San Zeno,strategy_nearest,True,0.0025489330291748047,success
0449D1429C4C80,3,"['Arena', 'Torre Lamberti']",Santa Anastasia,"['AMO', 'Museo Conte', 'Palazzo della Ragione', 'Teatro Romano', 'Centro Fotografia']",San Fermo,strategy_nearest,False,0.0032858848571777344,success
0449DD3A9C4C80,3,"['Santa Anastasia', 'Torre Lamberti']",Arena,"['Verona Tour', 'Museo Lapidario', 'Museo Radio', 'San Fermo', 'Casa Giulietta']",Duomo,strategy_nearest,False,0.0027887821197509766,success
0449D73A9C4C80,3,"['Arena', 'Torre Lamberti', 'Casa Giulietta']",Santa Anastasia,"['AMO', 'Museo Conte', 'Palazzo della Ragione', 'Teatro Romano', 'Centro Fotografia']",Duomo,strategy_nearest,False,0.0028650760650634766,success
0449E63A9C4C80,1,"['Arena', 'Museo Lapidario', 'Castelvecchio']",Palazzo della Ragione,"['AMO', 'Museo Conte', 'Torre Lamberti', 'Centro Fotografia', 'Sighseeing']",Torre Lamberti,strategy_nearest,True,0.003113985061645508,success
0449F2429C4C80,1,"['Castelvecchio', 'Arena', 'Tomba Giulietta', 'Duomo']",Santa Anastasia,"['AMO', 'Museo Conte', 'Palazzo della Ragione', 'Teatro Romano', 'Centro Fotografia']",Casa Giulietta,strategy_nearest,False,0.0032782554626464844,success
0449F73A9C4C80,0,['Arena'],Casa Giulietta,"['Centro Fotografia', 'Sighseeing', 'Torre Lamberti', 'Museo Conte', 'Museo Radio']",Castelvecchio,strategy_nearest,False,0.002006053924560547,success
044A0F429C4C84,3,"['Arena', 'Casa Giulietta']",Torre Lamberti,"['Sighseeing', 'Centro Fotografia', 'Museo Conte', 'Palazzo della Ragione', 'AMO']",Santa Anastasia,strategy_nearest,False,0.002103090286254883,success
044A163A9C4C84,3,"['Duomo', 'Santa Anastasia']",Casa Giulietta,"['Centro Fotografia', 'Sighseeing', 'Torre Lamberti', 'Museo Conte', 'Museo Radio']",Arena,strategy_nearest,False,0.003419160842895508,success
044A393A9C4C80,2,"['San Zeno', 'Castelvecchio', 'San Fermo']",Santa Anastasia,"['AMO', 'Museo Conte', 'Palazzo della Ragione', 'Teatro Romano', 'Centro Fotografia']",Duomo,strategy_nearest,False,0.002531766891479492,success
044A3B3A9C4C80,3,"['San Zeno', 'Arena', 'Casa Giulietta']",Torre Lamberti,"['Sighseeing', 'Centro Fotografia', 'Museo Conte', 'Palazzo della Ragione', 'AMO']",Santa Anastasia,strategy_nearest,False,0.0024039745330810547,success
044A50429C4C80,2,['Casa Giulietta'],Torre Lamberti,"['Sighseeing', 'Centro Fotografia', 'Museo Conte', 'Palazzo della Ragione', 'AMO']",Santa Anastasia,strategy_nearest,False,0.0030519962310791016,success
044A503A9C4C80,3,"['Arena', 'Torre Lamberti', 'Casa Giulietta']",Castelvecchio,"['Museo Lapidario', 'Verona Tour', 'Museo Radio', 'San Zeno', 'Sighseeing']",Santa Anastasia,strategy_nearest,False,0.00263214111328125,success
044A443A9C4C80,1,"['Arena', 'Duomo', 'Palazzo della Ragione']",Torre Lamberti,"['Sighseeing', 'Centro Fotografia', 'Museo Conte', 'Casa Giulietta', 'AMO']",Castelvecchio,strategy_nearest,False,0.0033631324768066406,success
044A60429C4C80,4,"['Arena', 'Torre Lamberti', 'Palazzo della Ragione']",Casa Giulietta,"['Centro Fotografia', 'Sighseeing', 'Museo Conte', 'Museo Radio', 'San Fermo']",Museo Radio,strategy_nearest,True,0.0013427734375,success
044A783A9C4C80,1,['Arena'],Palazzo della Ragione,"['AMO', 'Museo Conte', 'Torre Lamberti', 'Centro Fotografia', 'Sighseeing']",Santa Anastasia,strategy_nearest,False,0.002701997756958008,success
044A6E429C4C80,3,"['Arena', 'Casa Giulietta']",Santa Anastasia,"['AMO', 'Museo Conte', 'Palazzo della Ragione', 'Teatro Romano', 'Centro Fotografia']",Duomo,strategy_nearest,False,0.0020389556884765625,success
044A7C429C4C80,1,"['Arena', 'San Fermo']",Casa Giulietta,"['Centro Fotografia', 'Sighseeing', 'Torre Lamberti', 'Museo Conte', 'Museo Radio']",Torre Lamberti,strategy_nearest,True,0.003364086151123047,success
044A7E3A9C4C80,2,['Santa Anastasia'],Casa Giulietta,"['Centro Fotografia', 'Sighseeing', 'Torre Lamberti', 'Museo Conte', 'Museo Radio']",Palazzo della Ragione,strategy_nearest,False,0.003171682357788086,success
044A8A4A9C4C80,3,"['Arena', 'Casa Giulietta']",Torre Lamberti,"['Sighseeing', 'Centro Fotografia', 'Museo Conte', 'Palazzo della Ragione', 'AMO']",Santa Anastasia,strategy_nearest,False,0.0026171207427978516,success
044AA472743380,1,"['Teatro Romano', 'Duomo', 'Arena']",Castelvecchio,"['Museo Lapidario', 'Verona Tour', 'Museo Radio', 'San Zeno', 'Sighseeing']",San Fermo,strategy_nearest,False,0.0025467872619628906,success
044AA14A9C4C80,3,"['Arena', 'Teatro Romano']",Duomo,"['AMO', 'Museo Miniscalchi', 'Santa Anastasia', 'Palazzo della Ragione', 'Museo Conte']",Casa Giulietta,strategy_nearest,False,0.0026879310607910156,success
044AA74A9C4C80,1,['Torre Lamberti'],Palazzo della Ragione,"['AMO', 'Museo Conte', 'Centro Fotografia', 'Sighseeing', 'Santa Anastasia']",Casa Giulietta,strategy_nearest,False,0.0029680728912353516,success
044AA83A9C4C80,2,['Casa Giulietta'],Santa Anastasia,"['AMO', 'Museo Conte', 'Palazzo della Ragione', 'Teatro Romano', 'Centro Fotografia']",Duomo,strategy_nearest,False,0.0027208328247070312,success
044AB9429C4C80,1,"['Castelvecchio', 'Arena', 'Casa Giulietta']",Palazzo della Ragione,"['AMO', 'Museo Conte', 'Torre Lamberti', 'Centro Fotografia', 'Sighseeing']",Torre Lamberti,strategy_nearest,True,0.002076864242553711,success
044ABB3A9C4C80,3,"['Arena', 'Casa Giulietta']",Santa Anastasia,"['AMO', 'Museo Conte', 'Palazzo della Ragione', 'Teatro Romano', 'Centro Fotografia']",Duomo,strategy_nearest,False,0.002660989761352539,success
044AAF429C4C80,2,"['San Fermo', 'Casa Giulietta']",Teatro Romano,"['Santa Anastasia', 'Duomo', 'AMO', 'Palazzo della Ragione', 'Museo Conte']",Santa Anastasia,strategy_nearest,True,0.003968000411987305,success
044AD0429C4C80,1,"['Giardino Giusti', 'Teatro Romano', 'Santa Anastasia', 'Castelvecchio']",San Fermo,"['Museo Storia', 'Museo Radio', 'Casa Giulietta', 'Centro Fotografia', 'Arena']",Torre Lamberti,strategy_nearest,False,0.0028600692749023438,success
044AC93A9C4C80,4,"['Arena', 'Torre Lamberti']",Santa Anastasia,"['AMO', 'Museo Conte', 'Palazzo della Ragione', 'Teatro Romano', 'Centro Fotografia']",Duomo,strategy_nearest,False,0.0020818710327148438,success
044ADD3A9C4C80,0,"['Arena', 'Castelvecchio']",Casa Giulietta,"['Centro Fotografia', 'Sighseeing', 'Torre Lamberti', 'Museo Conte', 'Museo Radio']",Giardino Giusti,strategy_nearest,False,0.0013628005981445312,success
044AE53A9C4C80,0,"['Arena', 'San Fermo']",Casa Giulietta,"['Centro Fotografia', 'Sighseeing', 'Torre Lamberti', 'Museo Conte', 'Museo Radio']",Castelvecchio,strategy_nearest,False,0.002771139144897461,success
044AE73A9C4C80,1,"['Arena', 'Torre Lamberti']",Palazzo della Ragione,"['AMO', 'Museo Conte', 'Centro Fotografia', 'Sighseeing', 'Santa Anastasia']",Santa Anastasia,strategy_nearest,True,0.002456188201904297,success
044AEC3A9C4C80,1,"['Casa Giulietta', 'Duomo', 'Teatro Romano']",Palazzo della Ragione,"['AMO', 'Museo Conte', 'Torre Lamberti', 'Centro Fotografia', 'Sighseeing']",Torre Lamberti,strategy_nearest,True,0.0018389225006103516,success
044AEE3A9C4C80,3,"['Casa Giulietta', 'Torre Lamberti']",Santa Anastasia,"['AMO', 'Museo Conte', 'Palazzo della Ragione', 'Teatro Romano', 'Centro Fotografia']",Teatro Romano,strategy_nearest,True,0.003475189208984375,success
044AF93A9C4C80,1,"['Palazzo della Ragione', 'Torre Lamberti']",Arena,"['Verona Tour', 'Museo Lapidario', 'Museo Radio', 'San Fermo', 'Casa Giulietta']",San Zeno,strategy_nearest,False,0.002797842025756836,success
044B043A9C4C84,0,"['Casa Giulietta', 'Torre Lamberti']",Castelvecchio,"['Museo Lapidario', 'Verona Tour', 'Arena', 'Museo Radio', 'San Zeno']",Arena,strategy_nearest,True,0.0025322437286376953,success
044B0B3A9C4C84,2,['Tomba Giulietta'],Castelvecchio,"['Museo Lapidario', 'Verona Tour', 'Arena', 'Museo Radio', 'San Zeno']",Palazzo della Ragione,strategy_nearest,False,0.0032079219818115234,success
044B11429C4C84,1,"['Arena', 'Torre Lamberti', 'Palazzo della Ragione']",Casa Giulietta,"['Centro Fotografia', 'Sighseeing', 'Museo Conte', 'Museo Radio', 'San Fermo']",Duomo,strategy_nearest,False,0.0030257701873779297,success
044B15429C4C84,3,"['Arena', 'Castelvecchio']",Torre Lamberti,"['Sighseeing', 'Centro Fotografia', 'Museo Conte', 'Casa Giulietta', 'Palazzo della Ragione']",Santa Anastasia,strategy_nearest,False,0.0031549930572509766,success
044B0E3A9C4C84,1,"['Castelvecchio', 'San Zeno', 'Arena', 'Casa Giulietta']",San Fermo,"['Museo Storia', 'Museo Radio', 'Centro Fotografia', 'Sighseeing', 'Torre Lamberti']",Torre Lamberti,strategy_nearest,True,0.002933025360107422,success
044B173A9C4C84,3,"['Arena', 'Castelvecchio']",Teatro Romano,"['Santa Anastasia', 'Duomo', 'AMO', 'Palazzo della Ragione', 'Museo Conte']",Santa Anastasia,strategy_nearest,True,0.0025670528411865234,success
044B3C3A9C4C80,0,['Arena'],Casa Giulietta,"['Centro Fotografia', 'Sighseeing', 'Torre Lamberti', 'Museo Conte', 'Museo Radio']",Teatro Romano,strategy_nearest,False,0.0026099681854248047,success
044B35429C4C80,2,['Casa Giulietta'],Santa Anastasia,"['AMO', 'Museo Conte', 'Palazzo della Ragione', 'Teatro Romano', 'Centro Fotografia']",Duomo,strategy_nearest,False,0.0019490718841552734,success
044B47429C4C80,1,"['Casa Giulietta', 'Palazzo della Ragione']",Santa Anastasia,"['AMO', 'Museo Conte', 'Teatro Romano', 'Centro Fotografia', 'Duomo']",Castelvecchio,strategy_nearest,False,0.0030519962310791016,success
044B48429C4C80,3,"['Arena', 'Casa Giulietta']",Torre Lamberti,"['Sighseeing', 'Centro Fotografia', 'Museo Conte', 'Palazzo della Ragione', 'AMO']",Santa Anastasia,strategy_nearest,False,0.0021529197692871094,success
044B5A429C4C80,1,"['Arena', 'Casa Giulietta']",Torre Lamberti,"['Sighseeing', 'Centro Fotografia', 'Museo Conte', 'Palazzo della Ragione', 'AMO']",Palazzo della Ragione,strategy_nearest,True,0.0032689571380615234,success
044B483A9C4C80,0,"['Torre Lamberti', 'Arena', 'Castelvecchio']",Casa Giulietta,"['Centro Fotografia', 'Sighseeing', 'Museo Conte', 'Museo Radio', 'Palazzo della Ragione']",Teatro Romano,strategy_nearest,False,0.002850055694580078,success
044B60429C4C80,0,['Torre Lamberti'],Casa Giulietta,"['Centro Fotografia', 'Sighseeing', 'Museo Conte', 'Museo Radio', 'Palazzo della Ragione']",Arena,strategy_nearest,False,0.003245115280151367,success
044B62429C4C80,0,['Arena'],Casa Giulietta,"['Centro Fotografia', 'Sighseeing', 'Torre Lamberti', 'Museo Conte', 'Museo Radio']",Torre Lamberti,strategy_nearest,True,0.003190755844116211,success
044B67429C4C80,3,"['Arena', 'Santa Anastasia', 'Casa Giulietta']",Torre Lamberti,"['Sighseeing', 'Centro Fotografia', 'Museo Conte', 'Palazzo della Ragione', 'AMO']",Duomo,strategy_nearest,False,0.00205230712890625,success
044B6D429C4C80,0,['Arena'],Castelvecchio,"['Museo Lapidario', 'Verona Tour', 'Museo Radio', 'San Zeno', 'Sighseeing']",Casa Giulietta,strategy_nearest,False,0.0025000572204589844,success
044B6B429C4C80,1,"['Arena', 'Casa Giulietta']",Torre Lamberti,"['Sighseeing', 'Centro Fotografia', 'Museo Conte', 'Palazzo della Ragione', 'AMO']",Palazzo della Ragione,strategy_nearest,True,0.0033140182495117188,success
044B73429C4C80,0,['Arena'],Castelvecchio,"['Museo Lapidario', 'Verona Tour', 'Museo Radio', 'San Zeno', 'Sighseeing']",Duomo,strategy_nearest,False,0.0025529861450195312,success
044B75429C4C80,0,['Torre Lamberti'],Casa Giulietta,"['Centro Fotografia', 'Sighseeing', 'Museo Conte', 'Museo Radio', 'Palazzo della Ragione']",Arena,strategy_nearest,False,0.002565145492553711,success
044B7A3A9C4C80,1,"['Arena', 'Casa Giulietta']",Duomo,"['AMO', 'Museo Miniscalchi', 'Santa Anastasia', 'Teatro Romano', 'Palazzo della Ragione']",Torre Lamberti,strategy_nearest,False,0.00335693359375,success
044B814A9C4C80,0,['Arena'],San Fermo,"['Museo Storia', 'Museo Radio', 'Casa Giulietta', 'Centro Fotografia', 'Sighseeing']",Tomba Giulietta,strategy_nearest,False,0.0030798912048339844,success
044B88429C4C80,3,['Santa Anastasia'],Duomo,"['AMO', 'Museo Miniscalchi', 'Teatro Romano', 'Palazzo della Ragione', 'Museo Conte']",Arena,strategy_nearest,False,0.0029180049896240234,success
044BAA3A9C4C80,2,['Casa Giulietta'],Torre Lamberti,"['Sighseeing', 'Centro Fotografia', 'Museo Conte', 'Palazzo della Ragione', 'AMO']",Castelvecchio,strategy_nearest,False,0.0019278526306152344,success
044B89429C4C80,1,"['Casa Giulietta', 'Arena', 'Tomba Giulietta']",Torre Lamberti,"['Sighseeing', 'Centro Fotografia', 'Museo Conte', 'Palazzo della Ragione', 'AMO']",Palazzo della Ragione,strategy_nearest,True,0.0027282238006591797,success
044BBB429C4C80,0,['Castelvecchio'],Teatro Romano,"['Santa Anastasia', 'Duomo', 'AMO', 'Palazzo della Ragione', 'Museo Conte']",Arena,strategy_nearest,False,0.0026750564575195312,success
044BAB3A9C4C80,1,"['Santa Anastasia', 'Duomo']",Palazzo della Ragione,"['AMO', 'Museo Conte', 'Torre Lamberti', 'Centro Fotografia', 'Sighseeing']",Torre Lamberti,strategy_nearest,True,0.0040781497955322266,success
044BC33A9C4C80,2,['Palazzo della Ragione'],Torre Lamberti,"['Sighseeing', 'Centro Fotografia', 'Museo Conte', 'Casa Giulietta', 'AMO']",Casa Giulietta,strategy_nearest,True,0.001834869384765625,success
044BC13A9C4C80,3,['Torre Lamberti'],Santa Anastasia,"['AMO', 'Museo Conte', 'Palazzo della Ragione', 'Teatro Romano', 'Centro Fotografia']",Duomo,strategy_nearest,False,0.003070831298828125,success
044BD73A9C4C80,1,"['Casa Giulietta', 'Palazzo della Ragione']",Torre Lamberti,"['Sighseeing', 'Centro Fotografia', 'Museo Conte', 'AMO', 'Museo Miniscalchi']",Santa Anastasia,strategy_nearest,False,0.0033788681030273438,success
044BD0429C4C80,3,"['Torre Lamberti', 'Castelvecchio']",San Zeno,"['Verona Tour', 'Museo Lapidario', 'Arena', 'Museo Miniscalchi', 'Sighseeing']",Duomo,strategy_nearest,False,0.0027718544006347656,success
044BDF3A9C4C80,0,"['Castelvecchio', 'Arena']",Casa Giulietta,"['Centro Fotografia', 'Sighseeing', 'Torre Lamberti', 'Museo Conte', 'Museo Radio']",Teatro Romano,strategy_nearest,False,0.0025510787963867188,success
044BF93A9C4C80,1,"['Palazzo della Ragione', 'Torre Lamberti']",Arena,"['Verona Tour', 'Museo Lapidario', 'Museo Radio', 'San Fermo', 'Casa Giulietta']",San Zeno,strategy_nearest,False,0.0019898414611816406,success
044BF83A9C4C80,3,"['Santa Anastasia', 'Duomo']",Casa Giulietta,"['Centro Fotografia', 'Sighseeing', 'Torre Lamberti', 'Museo Conte', 'Museo Radio']",Arena,strategy_nearest,False,0.003256082534790039,success
044BFF3A9C4C80,0,['Arena'],Castelvecchio,"['Museo Lapidario', 'Verona Tour', 'Museo Radio', 'San Zeno', 'Sighseeing']",Casa Giulietta,strategy_nearest,False,0.003251791000366211,success
044C173A9C4C84,1,"['Arena', 'Casa Giulietta']",Palazzo della Ragione,"['AMO', 'Museo Conte', 'Torre Lamberti', 'Centro Fotografia', 'Sighseeing']",Santa Anastasia,strategy_nearest,False,0.0026781558990478516,success
044C12429C4C84,3,"['Teatro Romano', 'Duomo']",Santa Anastasia,"['AMO', 'Museo Conte', 'Palazzo della Ragione', 'Centro Fotografia', 'Torre Lamberti']",Castelvecchio,strategy_nearest,False,0.0026848316192626953,success
044C023A9C4C84,3,['Teatro Romano'],Santa Anastasia,"['AMO', 'Museo Conte', 'Palazzo della Ragione', 'Centro Fotografia', 'Duomo']",Arena,strategy_nearest,False,0.0019750595092773438,success
044C313A9C4C80,1,"['Torre Lamberti', 'Santa Anastasia', 'Duomo', 'Museo Lapidario']",Arena,"['Verona Tour', 'Museo Radio', 'San Fermo', 'Casa Giulietta', 'Sighseeing']",Castelvecchio,strategy_nearest,False,0.0033712387084960938,success
044C393A9C4C80,0,"['Arena', 'Casa Giulietta']",Torre Lamberti,"['Sighseeing', 'Centro Fotografia', 'Museo Conte', 'Palazzo della Ragione', 'AMO']",Teatro Romano,strategy_nearest,False,0.0018210411071777344,success
044C48429C4C80,0,['Arena'],Museo Lapidario,"['Verona Tour', 'Castelvecchio', 'Museo Radio', 'San Fermo', 'Casa Giulietta']",Casa Giulietta,strategy_nearest,True,0.0027472972869873047,success
044C6C429C4C80,3,"['Arena', 'Casa Giulietta']",Torre Lamberti,"['Sighseeing', 'Centro Fotografia', 'Museo Conte', 'Palazzo della Ragione', 'AMO']",Santa Anastasia,strategy_nearest,False,0.0034897327423095703,success
044C6E429C4C80,3,"['Arena', 'San Fermo']",Casa Giulietta,"['Centro Fotografia', 'Sighseeing', 'Torre Lamberti', 'Museo Conte', 'Museo Radio']",Santa Anastasia,strategy_nearest,False,0.0032927989959716797,success
044C77429C4C80,0,['Arena'],Casa Giulietta,"['Centro Fotografia', 'Sighseeing', 'Torre Lamberti', 'Museo Conte', 'Museo Radio']",Santa Anastasia,strategy_nearest,False,0.002338886260986328,success
044C7D3A9C4C80,3,"['Arena', 'Casa Giulietta']",Torre Lamberti,"['Sighseeing', 'Centro Fotografia', 'Museo Conte', 'Palazzo della Ragione', 'AMO']",Santa Anastasia,strategy_nearest,False,0.004322052001953125,success
044C853A9C4C80,3,"['Santa Anastasia', 'Torre Lamberti', 'Arena']",Castelvecchio,"['Museo Lapidario', 'Verona Tour', 'Museo Radio', 'San Zeno', 'Sighseeing']",San Zeno,strategy_nearest,True,0.0024881362915039062,success
044C7E3A9C4C80,0,['Arena'],Castelvecchio,"['Museo Lapidario', 'Verona Tour', 'Museo Radio', 'San Zeno', 'Sighseeing']",Casa Giulietta,strategy_nearest,False,0.002071857452392578,success
044C83429C4C80,0,['Arena'],Torre Lamberti,"['Sighseeing', 'Centro Fotografia', 'Museo Conte', 'Casa Giulietta', 'Palazzo della Ragione']",Duomo,strategy_nearest,False,0.0032699108123779297,success
044C863A9C4C80,0,['Castelvecchio'],Arena,"['Verona Tour', 'Museo Lapidario', 'Museo Radio', 'San Fermo', 'Casa Giulietta']",Casa Giulietta,strategy_nearest,True,0.002471923828125,success
044C864A9C4C80,1,"['Arena', 'Santa Anastasia', 'Teatro Romano']",Duomo,"['AMO', 'Museo Miniscalchi', 'Palazzo della Ragione', 'Museo Conte', 'Torre Lamberti']",Casa Giulietta,strategy_nearest,False,0.003757953643798828,success
044C894A9C4C80,1,['Arena'],Casa Giulietta,"['Centro Fotografia', 'Sighseeing', 'Torre Lamberti', 'Museo Conte', 'Museo Radio']",Palazzo della Ragione,strategy_nearest,False,0.002439260482788086,success
044C8F429C4C80,0,['Torre Lamberti'],Arena,"['Verona Tour', 'Museo Lapidario', 'Museo Radio', 'San Fermo', 'Casa Giulietta']",Tomba Giulietta,strategy_nearest,False,0.0028412342071533203,success
044CAA4A9C4C80,0,['Arena'],Casa Giulietta,"['Centro Fotografia', 'Sighseeing', 'Torre Lamberti', 'Museo Conte', 'Museo Radio']",Santa Anastasia,strategy_nearest,False,0.0020570755004882812,success
044CA3429C4C80,0,"['Arena', 'Torre Lamberti']",Casa Giulietta,"['Centro Fotografia', 'Sighseeing', 'Museo Conte', 'Museo Radio', 'Palazzo della Ragione']",Teatro Romano,strategy_nearest,False,0.0035371780395507812,success
044CAB429C4C80,3,"['Castelvecchio', 'Museo Lapidario', 'Arena', 'Casa Giulietta']",Torre Lamberti,"['Sighseeing', 'Centro Fotografia', 'Museo Conte', 'Palazzo della Ragione', 'AMO']",Duomo,strategy_nearest,False,0.0025060176849365234,success
044CAE429C4C80,2,"['Torre Lamberti', 'Palazzo della Ragione']",Casa Giulietta,"['Centro Fotografia', 'Sighseeing', 'Museo Conte', 'Museo Radio', 'San Fermo']",Santa Anastasia,strategy_nearest,False,0.0031702518463134766,success
044CAF3A9C4C80,0,['Arena'],Casa Giulietta,"['Centro Fotografia', 'Sighseeing', 'Torre Lamberti', 'Museo Conte', 'Museo Radio']",Torre Lamberti,strategy_nearest,True,0.002468109130859375,success
044CB43A9C4C80,3,"['Arena', 'Casa Giulietta']",San Fermo,"['Museo Storia', 'Museo Radio', 'Centro Fotografia', 'Sighseeing', 'Torre Lamberti']",Santa Anastasia,strategy_nearest,False,0.0033779144287109375,success
044CB03A9C4C80,1,"['Castelvecchio', 'Arena', 'San Fermo', 'Casa Giulietta']",Torre Lamberti,"['Sighseeing', 'Centro Fotografia', 'Museo Conte', 'Palazzo della Ragione', 'AMO']",Palazzo della Ragione,strategy_nearest,True,0.002042055130004883,success
044CB33A9C4C80,3,"['Arena', 'Casa Giulietta']",Torre Lamberti,"['Sighseeing', 'Centro Fotografia', 'Museo Conte', 'Palazzo della Ragione', 'AMO']",Santa Anastasia,strategy_nearest,False,0.003030061721801758,success
044CB93A9C4C80,1,"['Tomba Giulietta', 'Arena', 'Museo Lapidario', 'Torre Lamberti', 'Palazzo della Ragione']",Casa Giulietta,"['Centro Fotografia', 'Sighseeing', 'Museo Conte', 'Museo Radio', 'San Fermo']",San Fermo,strategy_nearest,True,0.0030651092529296875,success
044CBC3A9C4C80,1,"['Arena', 'Torre Lamberti']",Palazzo della Ragione,"['AMO', 'Museo Conte', 'Centro Fotografia', 'Sighseeing', 'Santa Anastasia']",Santa Anastasia,strategy_nearest,True,0.0022058486938476562,success
044CC4429C4C80,2,['Castelvecchio'],Casa Giulietta,"['Centro Fotografia', 'Sighseeing', 'Torre Lamberti', 'Museo Conte', 'Museo Radio']",Torre Lamberti,strategy_nearest,True,0.002832174301147461,success
044CC6429C4C80,3,"['Arena', 'San Fermo', 'Casa Giulietta']",Torre Lamberti,"['Sighseeing', 'Centro Fotografia', 'Museo Conte', 'Palazzo della Ragione', 'AMO']",Santa Anastasia,strategy_nearest,False,0.003442049026489258,success
044CCA429C4C80,4,"['Palazzo della Ragione', 'Torre Lamberti', 'Santa Anastasia', 'San Zeno']",Castelvecchio,"['Museo Lapidario', 'Verona Tour', 'Arena', 'Museo Radio', 'Sighseeing']",Duomo,strategy_nearest,False,0.002628803253173828,success
044CCD3A9C4C80,1,"['Arena', 'Casa Giulietta', 'Torre Lamberti']",Palazzo della Ragione,"['AMO', 'Museo Conte', 'Centro Fotografia', 'Sighseeing', 'Santa Anastasia']",Santa Anastasia,strategy_nearest,True,0.003320932388305664,success
044CD83A9C4C80,3,"['Casa Giulietta', 'Arena', 'Tomba Giulietta']",San Fermo,"['Museo Storia', 'Museo Radio', 'Centro Fotografia', 'Sighseeing', 'Torre Lamberti']",Castelvecchio,strategy_nearest,False,0.002105236053466797,success
044CE13A9C4C80,1,"['Arena', 'Tomba Giulietta']",Castelvecchio,"['Museo Lapidario', 'Verona Tour', 'Museo Radio', 'San Zeno', 'Sighseeing']",Casa Giulietta,strategy_nearest,False,0.002707242965698242,success
044CFA3A9C4C80,3,"['Duomo', 'Castelvecchio']",San Zeno,"['Verona Tour', 'Museo Lapidario', 'Arena', 'Museo Miniscalchi', 'Sighseeing']",Arena,strategy_nearest,True,0.003306150436401367,success
044D083A9C4C84,0,"['Castelvecchio', 'San Zeno']",Arena,"['Verona Tour', 'Museo Lapidario', 'Museo Radio', 'San Fermo', 'Casa Giulietta']",Casa Giulietta,strategy_nearest,True,0.0022351741790771484,success
044D09429C4C84,0,"['Arena', 'Castelvecchio']",Teatro Romano,"['Santa Anastasia', 'Duomo', 'AMO', 'Palazzo della Ragione', 'Museo Conte']",Casa Giulietta,strategy_nearest,False,0.0022079944610595703,success
044D0E3A9C4C84,0,['Arena'],Castelvecchio,"['Museo Lapidario', 'Verona Tour', 'Museo Radio', 'San Zeno', 'Sighseeing']",Santa Anastasia,strategy_nearest,False,0.0026428699493408203,success
044D10429C4C84,0,"['Arena', 'Casa Giulietta']",Teatro Romano,"['Santa Anastasia', 'Duomo', 'AMO', 'Palazzo della Ragione', 'Museo Conte']",San Zeno,strategy_nearest,False,0.0031309127807617188,success
044D203A9C4C80,3,"['Arena', 'Casa Giulietta', 'Torre Lamberti']",Santa Anastasia,"['AMO', 'Museo Conte', 'Palazzo della Ragione', 'Teatro Romano', 'Centro Fotografia']",Teatro Romano,strategy_nearest,True,0.0025708675384521484,success
044D1F3A9C4C80,2,['Casa Giulietta'],Casa Giulietta,"['Centro Fotografia', 'Sighseeing', 'Torre Lamberti', 'Museo Conte', 'Museo Radio']",Torre Lamberti,strategy_nearest,True,0.003324270248413086,success
044D2F3A9C4C80,0,"['Casa Giulietta', 'Torre Lamberti']",Arena,"['Verona Tour', 'Museo Lapidario', 'Museo Radio', 'San Fermo', 'Sighseeing']",Castelvecchio,strategy_nearest,False,0.002779245376586914,success
044D483A9C4C80,1,"['Arena', 'Giardino Giusti', 'Duomo']",Santa Anastasia,"['AMO', 'Museo Conte', 'Palazzo della Ragione', 'Teatro Romano', 'Centro Fotografia']",Palazzo della Ragione,strategy_nearest,True,0.003236055374145508,success
044D4F3A9C4C80,0,['Torre Lamberti'],Arena,"['Verona Tour', 'Museo Lapidario', 'Museo Radio', 'San Fermo', 'Casa Giulietta']",San Fermo,strategy_nearest,True,0.0027430057525634766,success
044D50429C4C80,2,"['Castelvecchio', 'San Zeno']",Torre Lamberti,"['Sighseeing', 'Centro Fotografia', 'Museo Conte', 'Casa Giulietta', 'Palazzo della Ragione']",Santa Anastasia,strategy_nearest,False,0.003403902053833008,success
044D51429C4C80,3,"['Arena', 'Casa Giulietta']",Torre Lamberti,"['Sighseeing', 'Centro Fotografia', 'Museo Conte', 'Palazzo della Ragione', 'AMO']",Duomo,strategy_nearest,False,0.003178119659423828,success
044D6E429C4C80,3,['Arena'],Santa Anastasia,"['AMO', 'Museo Conte', 'Palazzo della Ragione', 'Teatro Romano', 'Centro Fotografia']",Teatro Romano,strategy_nearest,True,0.0032830238342285156,success
044D5B429C4C80,1,"['Arena', 'Casa Giulietta']",Torre Lamberti,"['Sighseeing', 'Centro Fotografia', 'Museo Conte', 'Palazzo della Ragione', 'AMO']",Palazzo della Ragione,strategy_nearest,True,0.00321197509765625,success
044D73429C4C80,0,['Santa Anastasia'],Arena,"['Verona Tour', 'Museo Lapidario', 'Museo Radio', 'San Fermo', 'Casa Giulietta']",Castelvecchio,strategy_nearest,False,0.003136873245239258,success
044D61429C4C80,1,"['Arena', 'Casa Giulietta', 'Torre Lamberti']",Palazzo della Ragione,"['AMO', 'Museo Conte', 'Centro Fotografia', 'Sighseeing', 'Santa Anastasia']",Santa Anastasia,strategy_nearest,True,0.002686023712158203,success
044D7C3A9C4C80,3,"['Teatro Romano', 'Teatro Romano', 'Duomo']",Santa Anastasia,"['AMO', 'Museo Conte', 'Palazzo della Ragione', 'Centro Fotografia', 'Torre Lamberti']",Casa Giulietta,strategy_nearest,False,0.00197601318359375,success
044D773A9C4C80,0,['Torre Lamberti'],Casa Giulietta,"['Centro Fotografia', 'Sighseeing', 'Museo Conte', 'Museo Radio', 'Palazzo della Ragione']",Arena,strategy_nearest,False,0.0033559799194335938,success
044D77429C4C80,1,"['Castelvecchio', 'Casa Giulietta', 'Torre Lamberti']",Palazzo della Ragione,"['AMO', 'Museo Conte', 'Centro Fotografia', 'Sighseeing', 'Santa Anastasia']",Santa Anastasia,strategy_nearest,True,0.0021228790283203125,success
044D7D3A9C4C80,3,"['Arena', 'Casa Giulietta']",Torre Lamberti,"['Sighseeing', 'Centro Fotografia', 'Museo Conte', 'Palazzo della Ragione', 'AMO']",Santa Anastasia,strategy_nearest,False,0.003220081329345703,success
044D884A9C4C80,0,['Castelvecchio'],San Zeno,"['Verona Tour', 'Museo Lapidario', 'Arena', 'Museo Miniscalchi', 'Sighseeing']",Arena,strategy_nearest,True,0.0026721954345703125,success
044D7D4A9C4C80,3,"['Santa Anastasia', 'Duomo']",Torre Lamberti,"['Sighseeing', 'Centro Fotografia', 'Museo Conte', 'Casa Giulietta', 'Palazzo della Ragione']",San Fermo,strategy_nearest,False,0.0027358531951904297,success
044D854A9C4C80,1,"['Arena', 'Casa Giulietta', 'Palazzo della Ragione']",Torre Lamberti,"['Sighseeing', 'Centro Fotografia', 'Museo Conte', 'AMO', 'Museo Miniscalchi']",Santa Anastasia,strategy_nearest,False,0.002732992172241211,success
044D894A9C4C80,0,['Arena'],Santa Anastasia,"['AMO', 'Museo Conte', 'Palazzo della Ragione', 'Teatro Romano', 'Centro Fotografia']",Casa Giulietta,strategy_nearest,False,0.003215789794921875,success
044D94429C4C80,0,['Torre Lamberti'],Casa Giulietta,"['Centro Fotografia', 'Sighseeing', 'Museo Conte', 'Museo Radio', 'Palazzo della Ragione']",Arena,strategy_nearest,False,0.0025491714477539062,success
044DA672743380,1,"['Santa Anastasia', 'Arena', 'Casa Giulietta', 'Torre Lamberti']",Palazzo della Ragione,"['AMO', 'Museo Conte', 'Centro Fotografia', 'Sighseeing', 'Museo Miniscalchi']",Teatro Romano,strategy_nearest,False,0.0019371509552001953,success
044D8F429C4C80,0,['Arena'],Casa Giulietta,"['Centro Fotografia', 'Sighseeing', 'Torre Lamberti', 'Museo Conte', 'Museo Radio']",San Zeno,strategy_nearest,False,0.0032007694244384766,success
044DA93A9C4C80,2,['Casa Giulietta'],Teatro Romano,"['Santa Anastasia', 'Duomo', 'AMO', 'Palazzo della Ragione', 'Museo Conte']",Duomo,strategy_nearest,True,0.003606081008911133,success
044DAD429C4C80,0,['Arena'],Casa Giulietta,"['Centro Fotografia', 'Sighseeing', 'Torre Lamberti', 'Museo Conte', 'Museo Radio']",Castelvecchio,strategy_nearest,False,0.0020291805267333984,success
044DAE3A9C4C80,1,"['Arena', 'Castelvecchio', 'Torre Lamberti', 'Palazzo della Ragione']",Duomo,"['AMO', 'Museo Miniscalchi', 'Santa Anastasia', 'Teatro Romano', 'Museo Conte']",Santa Anastasia,strategy_nearest,True,0.002808809280395508,success
044DB73A9C4C80,3,['Arena'],Santa Anastasia,"['AMO', 'Museo Conte', 'Palazzo della Ragione', 'Teatro Romano', 'Centro Fotografia']",Torre Lamberti,strategy_nearest,False,0.0032210350036621094,success
044DC0429C4C80,1,"['Palazzo della Ragione', 'Torre Lamberti']",Casa Giulietta,"['Centro Fotografia', 'Sighseeing', 'Museo Conte', 'Museo Radio', 'San Fermo']",Arena,strategy_nearest,False,0.0024399757385253906,success
044DBB429C4C80,0,['Castelvecchio'],Arena,"['Verona Tour', 'Museo Lapidario', 'Museo Radio', 'San Fermo', 'Casa Giulietta']",Casa Giulietta,strategy_nearest,True,0.0031898021697998047,success
044DC13A9C4C80,3,"['Arena', 'Casa Giulietta']",San Fermo,"['Museo Storia', 'Museo Radio', 'Centro Fotografia', 'Sighseeing', 'Torre Lamberti']",Santa Anastasia,strategy_nearest,False,0.003606081008911133,success
044DC23A9C4C80,0,['Arena'],Museo Lapidario,"['Verona Tour', 'Castelvecchio', 'Museo Radio', 'San Fermo', 'Casa Giulietta']",Casa Giulietta,strategy_nearest,True,0.0031669139862060547,success
044DC53A9C4C80,0,"['Tomba Giulietta', 'Arena']",Casa Giulietta,"['Centro Fotografia', 'Sighseeing', 'Torre Lamberti', 'Museo Conte', 'Museo Radio']",Torre Lamberti,strategy_nearest,True,0.0026171207427978516,success
044DC6429C4C80,0,"['Arena', 'Torre Lamberti', 'Casa Giulietta']",Museo Storia,"['San Fermo', 'Museo Radio', 'Centro Fotografia', 'Tomba Giulietta', 'Sighseeing']",Giardino Giusti,strategy_nearest,False,0.0030210018157958984,success
044DCE3A9C4C80,1,"['Casa Giulietta', 'Arena']",Santa Anastasia,"['AMO', 'Museo Conte', 'Palazzo della Ragione', 'Teatro Romano', 'Centro Fotografia']",Casa Giulietta,strategy_nearest,False,0.002283811569213867,success
044DD73A9C4C80,1,"['Arena', 'Teatro Romano', 'Giardino Giusti', 'Torre Lamberti']",Casa Giulietta,"['Centro Fotografia', 'Sighseeing', 'Museo Conte', 'Museo Radio', 'Palazzo della Ragione']",Museo Lapidario,strategy_nearest,False,0.002179861068725586,success
044DD33A9C4C80,1,"['Torre Lamberti', 'Arena', 'Casa Giulietta', 'Santa Anastasia']",Duomo,"['AMO', 'Museo Miniscalchi', 'Teatro Romano', 'Palazzo della Ragione', 'Museo Conte']",Castelvecchio,strategy_nearest,False,0.004107952117919922,success
044DDA429C4C80,0,['Arena'],Casa Giulietta,"['Centro Fotografia', 'Sighseeing', 'Torre Lamberti', 'Museo Conte', 'Museo Radio']",Torre Lamberti,strategy_nearest,True,0.0035867691040039062,success
044DE23A9C4C80,0,['Arena'],Museo Lapidario,"['Verona Tour', 'Castelvecchio', 'Museo Radio', 'San Fermo', 'Casa Giulietta']",Torre Lamberti,strategy_nearest,False,0.0028798580169677734,success
044DE73A9C4C80,3,"['Arena', 'Casa Giulietta']",Torre Lamberti,"['Sighseeing', 'Centro Fotografia', 'Museo Conte', 'Palazzo della Ragione', 'AMO']",Duomo,strategy_nearest,False,0.0030651092529296875,success
044DE8429C4C80,1,"['Castelvecchio', 'San Zeno']",Torre Lamberti,"['Sighseeing', 'Centro Fotografia', 'Museo Conte', 'Casa Giulietta', 'Palazzo della Ragione']",Palazzo della Ragione,strategy_nearest,True,0.0022590160369873047,success
044DEB3A9C4C80,3,"['Duomo', 'Teatro Romano', 'San Fermo']",Arena,"['Verona Tour', 'Museo Lapidario', 'Museo Radio', 'Casa Giulietta', 'Sighseeing']",Castelvecchio,strategy_nearest,False,0.002908945083618164,success
044DF8429C4C80,2,['Tomba Giulietta'],Castelvecchio,"['Museo Lapidario', 'Verona Tour', 'Arena', 'Museo Radio', 'San Zeno']",Teatro Romano,strategy_nearest,False,0.003698110580444336,success
044E023A9C4C84,3,"['Giardino Giusti', 'Duomo', 'Castelvecchio', 'San Zeno']",Arena,"['Verona Tour', 'Museo Lapidario', 'Museo Radio', 'San Fermo', 'Casa Giulietta']",Tomba Giulietta,strategy_nearest,False,0.0029730796813964844,success
044DFF3A9C4C80,3,"['Museo Lapidario', 'Arena']",Casa Giulietta,"['Centro Fotografia', 'Sighseeing', 'Torre Lamberti', 'Museo Conte', 'Museo Radio']",San Fermo,strategy_nearest,False,0.0023560523986816406,success
044E16429C4C84,1,"['Arena', 'Torre Lamberti', 'Casa Giulietta']",San Fermo,"['Museo Storia', 'Museo Radio', 'Centro Fotografia', 'Sighseeing', 'Museo Conte']",Castelvecchio,strategy_nearest,False,0.0033059120178222656,success
044E203A9C4C80,1,"['Arena', 'Torre Lamberti']",Palazzo della Ragione,"['AMO', 'Museo Conte', 'Centro Fotografia', 'Sighseeing', 'Santa Anastasia']",Casa Giulietta,strategy_nearest,False,0.00606083869934082,success
044E08429C4C84,1,"['Arena', 'Torre Lamberti', 'Palazzo della Ragione']",Casa Giulietta,"['Centro Fotografia', 'Sighseeing', 'Museo Conte', 'Museo Radio', 'San Fermo']",Santa Anastasia,strategy_nearest,False,0.008888959884643555,success
044E223A9C4C80,0,['Casa Giulietta'],Arena,"['Verona Tour', 'Museo Lapidario', 'Museo Radio', 'San Fermo', 'Sighseeing']",Santa Anastasia,strategy_nearest,False,0.0036559104919433594,success
044E2A3A9C4C80,0,['San Zeno'],Casa Giulietta,"['Centro Fotografia', 'Sighseeing', 'Torre Lamberti', 'Museo Conte', 'Museo Radio']",Torre Lamberti,strategy_nearest,True,0.005060672760009766,success
044E2B3A9C4C80,3,"['Arena', 'Casa Giulietta']",Santa Anastasia,"['AMO', 'Museo Conte', 'Palazzo della Ragione', 'Teatro Romano', 'Centro Fotografia']",Torre Lamberti,strategy_nearest,False,0.004478931427001953,success
044E393A9C4C80,1,"['Palazzo della Ragione', 'Torre Lamberti']",Arena,"['Verona Tour', 'Museo Lapidario', 'Museo Radio', 'San Fermo', 'Casa Giulietta']",Santa Anastasia,strategy_nearest,False,0.003529071807861328,success
044E3A3A9C4C80,3,"['Arena', 'Casa Giulietta', 'Torre Lamberti', 'Teatro Romano']",Santa Anastasia,"['AMO', 'Museo Conte', 'Palazzo della Ragione', 'Centro Fotografia', 'Duomo']",Duomo,strategy_nearest,True,0.004853963851928711,success
044E44429C4C80,0,['Torre Lamberti'],Casa Giulietta,"['Centro Fotografia', 'Sighseeing', 'Museo Conte', 'Museo Radio', 'Palazzo della Ragione']",Arena,strategy_nearest,False,0.002209901809692383,success
044E593A9C4C80,3,"['Castelvecchio', 'Arena']",Tomba Giulietta,"['San Fermo', 'Museo Storia', 'Museo Lapidario', 'Museo Radio', 'Verona Tour']",Casa Giulietta,strategy_nearest,False,0.002084970474243164,success
044E4F3A9C4C80,1,"['Torre Lamberti', 'Palazzo della Ragione', 'Giardino Giusti', 'Santa Anastasia']",Casa Giulietta,"['Centro Fotografia', 'Sighseeing', 'Museo Conte', 'Museo Radio', 'San Fermo']",Tomba Giulietta,strategy_nearest,False,0.003704071044921875,success
044E6C429C4C80,1,"['Arena', 'Palazzo della Ragione']",Torre Lamberti,"['Sighseeing', 'Centro Fotografia', 'Museo Conte', 'Casa Giulietta', 'AMO']",Santa Anastasia,strategy_nearest,False,0.003553152084350586,success
044E783A9C4C80,0,['Duomo'],Torre Lamberti,"['Sighseeing', 'Centro Fotografia', 'Museo Conte', 'Casa Giulietta', 'Palazzo della Ragione']",Arena,strategy_nearest,False,0.002382993698120117,success
044E7E429C4C80,0,['Torre Lamberti'],Arena,"['Verona Tour', 'Museo Lapidario', 'Museo Radio', 'San Fermo', 'Casa Giulietta']",Tomba Giulietta,strategy_nearest,False,0.0029709339141845703,success
044E81429C4C80,1,"['Castelvecchio', 'Arena']",Casa Giulietta,"['Centro Fotografia', 'Sighseeing', 'Torre Lamberti', 'Museo Conte', 'Museo Radio']",Torre Lamberti,strategy_nearest,True,0.002788066864013672,success
044E854A9C4C80,1,"['Arena', 'Casa Giulietta', 'Torre Lamberti']",Palazzo della Ragione,"['AMO', 'Museo Conte', 'Centro Fotografia', 'Sighseeing', 'Santa Anastasia']",Santa Anastasia,strategy_nearest,True,0.002599954605102539,success
044E884A9C4C80,0,['Arena'],Casa Giulietta,"['Centro Fotografia', 'Sighseeing', 'Torre Lamberti', 'Museo Conte', 'Museo Radio']",Torre Lamberti,strategy_nearest,True,0.003164052963256836,success
044E8B429C4C80,0,"['Arena', 'Museo Lapidario']",Casa Giulietta,"['Centro Fotografia', 'Sighseeing', 'Torre Lamberti', 'Museo Conte', 'Museo Radio']",Santa Anastasia,strategy_nearest,False,0.002821207046508789,success
044E91429C4C80,0,['Castelvecchio'],Arena,"['Verona Tour', 'Museo Lapidario', 'Museo Radio', 'San Fermo', 'Casa Giulietta']",Casa Giulietta,strategy_nearest,True,0.0026807785034179688,success
044E8E429C4C80,0,['Arena'],Casa Giulietta,"['Centro Fotografia', 'Sighseeing', 'Torre Lamberti', 'Museo Conte', 'Museo Radio']",Torre Lamberti,strategy_nearest,True,0.003538846969604492,success
044E93429C4C80,3,"['San Zeno', 'Castelvecchio', 'Arena', 'Santa Anastasia']",Casa Giulietta,"['Centro Fotografia', 'Sighseeing', 'Torre Lamberti', 'Museo Conte', 'Museo Radio']",Teatro Romano,strategy_nearest,False,0.0032150745391845703,success
044E934A9C4C80,3,"['Teatro Romano', 'Casa Giulietta', 'Arena']",Torre Lamberti,"['Sighseeing', 'Centro Fotografia', 'Museo Conte', 'Palazzo della Ragione', 'AMO']",Duomo,strategy_nearest,False,0.0014832019805908203,success
044EA83A9C4C80,3,"['Arena', 'Casa Giulietta']",Torre Lamberti,"['Sighseeing', 'Centro Fotografia', 'Museo Conte', 'Palazzo della Ragione', 'AMO']",Santa Anastasia,strategy_nearest,False,0.002933025360107422,success
044EAA429C4C80,1,"['Arena', 'Casa Giulietta', 'Torre Lamberti']",Palazzo della Ragione,"['AMO', 'Museo Conte', 'Centro Fotografia', 'Sighseeing', 'Santa Anastasia']",Santa Anastasia,strategy_nearest,True,0.002811908721923828,success
044EA7429C4C80,1,"['Castelvecchio', 'Arena', 'Palazzo della Ragione']",Torre Lamberti,"['Sighseeing', 'Centro Fotografia', 'Museo Conte', 'Casa Giulietta', 'AMO']",Casa Giulietta,strategy_nearest,True,0.0021653175354003906,success
044EBD429C4C80,3,"['Torre Lamberti', 'Casa Giulietta']",Giardino Giusti,"['Santa Anastasia', 'Teatro Romano', 'Museo Conte', 'Centro Fotografia', 'Museo Storia']",Arena,strategy_nearest,False,0.0017240047454833984,success
044EC93A9C4C80,3,"['Arena', 'Torre Lamberti', 'Casa Giulietta']",Santa Anastasia,"['AMO', 'Museo Conte', 'Palazzo della Ragione', 'Teatro Romano', 'Centro Fotografia']",Castelvecchio,strategy_nearest,False,0.001967191696166992,success
044EC4429C4C80,3,"['Castelvecchio', 'Arena']",Casa Giulietta,"['Centro Fotografia', 'Sighseeing', 'Torre Lamberti', 'Museo Conte', 'Museo Radio']",Santa Anastasia,strategy_nearest,False,0.0030739307403564453,success
044ED4429C4C80,3,"['Arena', 'Santa Anastasia']",Torre Lamberti,"['Sighseeing', 'Centro Fotografia', 'Museo Conte', 'Casa Giulietta', 'Palazzo della Ragione']",Casa Giulietta,strategy_nearest,True,0.0030651092529296875,success
044ECE3A9C4C80,3,['Arena'],Santa Anastasia,"['AMO', 'Museo Conte', 'Palazzo della Ragione', 'Teatro Romano', 'Centro Fotografia']",Teatro Romano,strategy_nearest,True,0.002816915512084961,success
044EE63A9C4C80,0,['Arena'],Castelvecchio,"['Museo Lapidario', 'Verona Tour', 'Museo Radio', 'San Zeno', 'Sighseeing']",Casa Giulietta,strategy_nearest,False,0.002771139144897461,success
044EE03A9C4C80,0,['Arena'],Casa Giulietta,"['Centro Fotografia', 'Sighseeing', 'Torre Lamberti', 'Museo Conte', 'Museo Radio']",Castelvecchio,strategy_nearest,False,0.0038118362426757812,success
044EDF3A9C4C80,3,"['Teatro Romano', 'Arena', 'San Fermo']",Torre Lamberti,"['Sighseeing', 'Centro Fotografia', 'Museo Conte', 'Casa Giulietta', 'Palazzo della Ragione']",Giardino Giusti,strategy_nearest,False,0.003270864486694336,success
044F0E429C4C84,1,"['Arena', 'Tomba Giulietta']",Casa Giulietta,"['Centro Fotografia', 'Sighseeing', 'Torre Lamberti', 'Museo Conte', 'Museo Radio']",Palazzo della Ragione,strategy_nearest,False,0.005318164825439453,success
044F21BA7B3F80,2,['Tomba Giulietta'],Santa Anastasia,"['AMO', 'Museo Conte', 'Palazzo della Ragione', 'Teatro Romano', 'Centro Fotografia']",Torre Lamberti,strategy_nearest,False,0.0039577484130859375,success
044F08429C4C84,1,"['Arena', 'Casa Giulietta']",Torre Lamberti,"['Sighseeing', 'Centro Fotografia', 'Museo Conte', 'Palazzo della Ragione', 'AMO']",Palazzo della Ragione,strategy_nearest,True,0.0031969547271728516,success
044F0C429C4C84,2,"['Torre Lamberti', 'San Fermo']",Giardino Giusti,"['Santa Anastasia', 'Teatro Romano', 'Museo Conte', 'Centro Fotografia', 'Museo Storia']",Tomba Giulietta,strategy_nearest,False,0.006320953369140625,success
044F243A9C4C80,1,"['Arena', 'Santa Anastasia']",Torre Lamberti,"['Sighseeing', 'Centro Fotografia', 'Museo Conte', 'Casa Giulietta', 'Palazzo della Ragione']",Palazzo della Ragione,strategy_nearest,True,0.0020537376403808594,success
044F263A9C4C80,3,['Castelvecchio'],Arena,"['Verona Tour', 'Museo Lapidario', 'Museo Radio', 'San Fermo', 'Casa Giulietta']",Santa Anastasia,strategy_nearest,False,0.002630949020385742,success
044F423A9C4C80,3,"['Torre Lamberti', 'Santa Anastasia']",Teatro Romano,"['Duomo', 'AMO', 'Palazzo della Ragione', 'Museo Conte', 'Centro Fotografia']",Arena,strategy_nearest,False,0.004262208938598633,success
044F393A9C4C80,1,"['Arena', 'Casa Giulietta']",Torre Lamberti,"['Sighseeing', 'Centro Fotografia', 'Museo Conte', 'Palazzo della Ragione', 'AMO']",Palazzo della Ragione,strategy_nearest,True,0.003340005874633789,success
044F52429C4C80,3,"['Arena', 'Casa Giulietta']",Torre Lamberti,"['Sighseeing', 'Centro Fotografia', 'Museo Conte', 'Palazzo della Ragione', 'AMO']",Santa Anastasia,strategy_nearest,False,0.0021550655364990234,success
044F49429C4C80,3,['Arena'],Torre Lamberti,"['Sighseeing', 'Centro Fotografia', 'Museo Conte', 'Casa Giulietta', 'Palazzo della Ragione']",Duomo,strategy_nearest,False,0.0033888816833496094,success
044F533A9C4C80,0,['Arena'],Torre Lamberti,"['Sighseeing', 'Centro Fotografia', 'Museo Conte', 'Casa Giulietta', 'Palazzo della Ragione']",Castelvecchio,strategy_nearest,False,0.002814054489135742,success
044F553A9C4C80,3,"['Arena', 'Casa Giulietta']",Duomo,"['AMO', 'Museo Miniscalchi', 'Santa Anastasia', 'Teatro Romano', 'Palazzo della Ragione']",Santa Anastasia,strategy_nearest,True,0.0025730133056640625,success
044F5F429C4C80,1,"['Arena', 'Torre Lamberti', 'Palazzo della Ragione']",Santa Anastasia,"['AMO', 'Museo Conte', 'Teatro Romano', 'Centro Fotografia', 'Duomo']",Teatro Romano,strategy_nearest,True,0.002973794937133789,success
044F76429C4C80,0,['Arena'],Casa Giulietta,"['Centro Fotografia', 'Sighseeing', 'Torre Lamberti', 'Museo Conte', 'Museo Radio']",Santa Anastasia,strategy_nearest,False,0.0025680065155029297,success
044F74429C4C80,0,['Museo Lapidario'],Arena,"['Verona Tour', 'Museo Radio', 'San Fermo', 'Casa Giulietta', 'Sighseeing']",Casa Giulietta,strategy_nearest,True,0.0026848316192626953,success
044F86429C4C80,3,"['Arena', 'Casa Giulietta']",Santa Anastasia,"['AMO', 'Museo Conte', 'Palazzo della Ragione', 'Teatro Romano', 'Centro Fotografia']",Torre Lamberti,strategy_nearest,False,0.0018050670623779297,success
044F80429C4C80,3,"['Santa Anastasia', 'Duomo']",Arena,"['Verona Tour', 'Museo Lapidario', 'Museo Radio', 'San Fermo', 'Casa Giulietta']",Casa Giulietta,strategy_nearest,True,0.0038259029388427734,success
044F8F429C4C80,0,['Arena'],Castelvecchio,"['Museo Lapidario', 'Verona Tour', 'Museo Radio', 'San Zeno', 'Sighseeing']",Casa Giulietta,strategy_nearest,False,0.0028409957885742188,success
044FAC3A9C4C80,3,"['Torre Lamberti', 'Santa Anastasia', 'Duomo', 'Teatro Romano']",Casa Giulietta,"['Centro Fotografia', 'Sighseeing', 'Museo Conte', 'Museo Radio', 'Palazzo della Ragione']",Arena,strategy_nearest,False,0.0028638839721679688,success
044FA94A9C4C80,3,['Arena'],Casa Giulietta,"['Centro Fotografia', 'Sighseeing', 'Torre Lamberti', 'Museo Conte', 'Museo Radio']",Torre Lamberti,strategy_nearest,True,0.004984140396118164,success
044FB03A9C4C80,3,"['Castelvecchio', 'Casa Giulietta']",Santa Anastasia,"['AMO', 'Museo Conte', 'Palazzo della Ragione', 'Teatro Romano', 'Centro Fotografia']",Duomo,strategy_nearest,False,0.0019047260284423828,success
044FB13A9C4C80,0,['Arena'],Torre Lamberti,"['Sighseeing', 'Centro Fotografia', 'Museo Conte', 'Casa Giulietta', 'Palazzo della Ragione']",Duomo,strategy_nearest,False,0.003387928009033203,success
044FB1429C4C80,0,"['Castelvecchio', 'Arena']",Casa Giulietta,"['Centro Fotografia', 'Sighseeing', 'Torre Lamberti', 'Museo Conte', 'Museo Radio']",Duomo,strategy_nearest,False,0.0022330284118652344,success
044FB2429C4C80,1,"['Arena', 'Teatro Romano']",Castelvecchio,"['Museo Lapidario', 'Verona Tour', 'Museo Radio', 'San Zeno', 'Sighseeing']",Tomba Giulietta,strategy_nearest,False,0.0026950836181640625,success
044FB43A9C4C80,2,['Casa Giulietta'],Tomba Giulietta,"['San Fermo', 'Museo Storia', 'Arena', 'Museo Lapidario', 'Museo Radio']",Torre Lamberti,strategy_nearest,False,0.0034661293029785156,success
044FBD429C4C80,0,['Casa Giulietta'],Torre Lamberti,"['Sighseeing', 'Centro Fotografia', 'Museo Conte', 'Palazzo della Ragione', 'AMO']",Arena,strategy_nearest,False,0.0033528804779052734,success
044FC33A9C4C80,1,['Arena'],Casa Giulietta,"['Centro Fotografia', 'Sighseeing', 'Torre Lamberti', 'Museo Conte', 'Museo Radio']",Palazzo della Ragione,strategy_nearest,False,0.0030999183654785156,success
044FC63A9C4C80,3,['Arena'],Torre Lamberti,"['Sighseeing', 'Centro Fotografia', 'Museo Conte', 'Casa Giulietta', 'Palazzo della Ragione']",San Fermo,strategy_nearest,False,0.002875089645385742,success
044FC83A9C4C80,1,"['Arena', 'Casa Giulietta']",Duomo,"['AMO', 'Museo Miniscalchi', 'Santa Anastasia', 'Teatro Romano', 'Palazzo della Ragione']",Palazzo della Ragione,strategy_nearest,True,0.0024628639221191406,success
044FCE3A9C4C80,0,['Arena'],Casa Giulietta,"['Centro Fotografia', 'Sighseeing', 'Torre Lamberti', 'Museo Conte', 'Museo Radio']",Teatro Romano,strategy_nearest,False,0.0019469261169433594,success
044FCF3A9C4C80,0,['Arena'],Casa Giulietta,"['Centro Fotografia', 'Sighseeing', 'Torre Lamberti', 'Museo Conte', 'Museo Radio']",Torre Lamberti,strategy_nearest,True,0.002457857131958008,success
044FDF429C4C80,3,"['Arena', 'Santa Anastasia']",Teatro Romano,"['Duomo', 'AMO', 'Palazzo della Ragione', 'Museo Conte', 'Centro Fotografia']",Casa Giulietta,strategy_nearest,False,0.0023469924926757812,success
044FD93A9C4C80,3,"['Casa Giulietta', 'Teatro Romano']",Duomo,"['AMO', 'Museo Miniscalchi', 'Santa Anastasia', 'Palazzo della Ragione', 'Museo Conte']",Santa Anastasia,strategy_nearest,True,0.003386259078979492,success
044FE03A9C4C80,2,['Casa Giulietta'],Torre Lamberti,"['Sighseeing', 'Centro Fotografia', 'Museo Conte', 'Palazzo della Ragione', 'AMO']",Santa Anastasia,strategy_nearest,False,0.0012679100036621094,success
044FE1429C4C80,0,"['Torre Lamberti', 'Torre Lamberti']",San Zeno,"['Castelvecchio', 'Verona Tour', 'Museo Lapidario', 'Arena', 'Museo Miniscalchi']",Castelvecchio,strategy_nearest,True,0.0019969940185546875,success
044FE63A9C4C80,0,['Castelvecchio'],Arena,"['Verona Tour', 'Museo Lapidario', 'Museo Radio', 'San Fermo', 'Casa Giulietta']",Casa Giulietta,strategy_nearest,True,0.002465963363647461,success
044FE43A9C4C80,3,['Arena'],Torre Lamberti,"['Sighseeing', 'Centro Fotografia', 'Museo Conte', 'Casa Giulietta', 'Palazzo della Ragione']",Duomo,strategy_nearest,False,0.0035500526428222656,success
044FF63A9C4C80,3,"['Arena', 'Casa Giulietta']",Santa Anastasia,"['AMO', 'Museo Conte', 'Palazzo della Ragione', 'Teatro Romano', 'Centro Fotografia']",Teatro Romano,strategy_nearest,True,0.0017819404602050781,success
044FEE3A9C4C80,3,"['Castelvecchio', 'Arena']",Santa Anastasia,"['AMO', 'Museo Conte', 'Palazzo della Ragione', 'Teatro Romano', 'Centro Fotografia']",Torre Lamberti,strategy_nearest,False,0.003232240676879883,success
044FF93A9C4C80,2,"['Duomo', 'Torre Lamberti']",Casa Giulietta,"['Centro Fotografia', 'Sighseeing', 'Museo Conte', 'Museo Radio', 'Palazzo della Ragione']",Castelvecchio,strategy_nearest,False,0.0024597644805908203,success
04500E3A9C4C84,0,"['Arena', 'Teatro Romano']",Casa Giulietta,"['Centro Fotografia', 'Sighseeing', 'Torre Lamberti', 'Museo Conte', 'Museo Radio']",San Zeno,strategy_nearest,False,0.0016019344329833984,success
0450113A9C4C84,0,"['Tomba Giulietta', 'Arena']",Casa Giulietta,"['Centro Fotografia', 'Sighseeing', 'Torre Lamberti', 'Museo Conte', 'Museo Radio']",Torre Lamberti,strategy_nearest,True,0.002214193344116211,success
04501F3A9C4C80,1,['Arena'],Castelvecchio,"['Museo Lapidario', 'Verona Tour', 'Museo Radio', 'San Zeno', 'Sighseeing']",Casa Giulietta,strategy_nearest,False,0.0034241676330566406,success
0450023A9C4C84,0,['Arena'],Torre Lamberti,"['Sighseeing', 'Centro Fotografia', 'Museo Conte', 'Casa Giulietta', 'Palazzo della Ragione']",Casa Giulietta,strategy_nearest,True,0.0035991668701171875,success
0450293A9C4C80,0,['Arena'],Casa Giulietta,"['Centro Fotografia', 'Sighseeing', 'Torre Lamberti', 'Museo Conte', 'Museo Radio']",Santa Anastasia,strategy_nearest,False,0.0025708675384521484,success
0450273A9C4C80,0,['Castelvecchio'],Casa Giulietta,"['Centro Fotografia', 'Sighseeing', 'Torre Lamberti', 'Museo Conte', 'Museo Radio']",Arena,strategy_nearest,False,0.0019638538360595703,success
04502B3A9C4C80,1,"['Castelvecchio', 'Palazzo della Ragione']",Torre Lamberti,"['Sighseeing', 'Centro Fotografia', 'Museo Conte', 'Casa Giulietta', 'AMO']",Casa Giulietta,strategy_nearest,True,0.003039836883544922,success
045032429C4C80,2,['Casa Giulietta'],Duomo,"['AMO', 'Museo Miniscalchi', 'Santa Anastasia', 'Teatro Romano', 'Palazzo della Ragione']",Teatro Romano,strategy_nearest,True,0.003087759017944336,success
045037429C4C80,1,['Duomo'],Palazzo della Ragione,"['AMO', 'Museo Conte', 'Torre Lamberti', 'Centro Fotografia', 'Sighseeing']",Arena,strategy_nearest,False,0.0026769638061523438,success
0450473A9C4C80,3,"['Castelvecchio', 'San Zeno']",Arena,"['Verona Tour', 'Museo Lapidario', 'Museo Radio', 'San Fermo', 'Casa Giulietta']",Teatro Romano,strategy_nearest,False,0.002454996109008789,success
045060429C4C80,1,"['Torre Lamberti', 'Palazzo della Ragione']",Arena,"['Verona Tour', 'Museo Lapidario', 'Museo Radio', 'San Fermo', 'Casa Giulietta']",Castelvecchio,strategy_nearest,False,0.0024559497833251953,success
045044429C4C80,0,['Arena'],Castelvecchio,"['Museo Lapidario', 'Verona Tour', 'Museo Radio', 'San Zeno', 'Sighseeing']",Santa Anastasia,strategy_nearest,False,0.0020868778228759766,success
045065429C4C80,2,['Casa Giulietta'],Santa Anastasia,"['AMO', 'Museo Conte', 'Palazzo della Ragione', 'Teatro Romano', 'Centro Fotografia']",Castelvecchio,strategy_nearest,False,0.0024209022521972656,success
045068429C4C80,0,['Arena'],Casa Giulietta,"['Centro Fotografia', 'Sighseeing', 'Torre Lamberti', 'Museo Conte', 'Museo Radio']",Torre Lamberti,strategy_nearest,True,0.0026290416717529297,success
045069429C4C80,3,"['Arena', 'San Fermo']",Santa Anastasia,"['AMO', 'Museo Conte', 'Palazzo della Ragione', 'Teatro Romano', 'Centro Fotografia']",Teatro Romano,strategy_nearest,True,0.002732992172241211,success
0450693A9C4C80,3,"['Torre Lamberti', 'Santa Anastasia']",Arena,"['Verona Tour', 'Museo Lapidario', 'Museo Radio', 'San Fermo', 'Casa Giulietta']",Casa Giulietta,strategy_nearest,True,0.002785921096801758,success
045070429C4C80,3,"['Arena', 'Casa Giulietta', 'Torre Lamberti']",Santa Anastasia,"['AMO', 'Museo Conte', 'Palazzo della Ragione', 'Teatro Romano', 'Centro Fotografia']",Teatro Romano,strategy_nearest,True,0.002746105194091797,success
04507A3A9C4C80,3,['Arena'],Casa Giulietta,"['Centro Fotografia', 'Sighseeing', 'Torre Lamberti', 'Museo Conte', 'Museo Radio']",Torre Lamberti,strategy_nearest,True,0.003078937530517578,success
04507F3A9C4C80,3,['Arena'],Teatro Romano,"['Santa Anastasia', 'Duomo', 'AMO', 'Palazzo della Ragione', 'Museo Conte']",Duomo,strategy_nearest,True,0.0025911331176757812,success
0450843A9C4C80,2,['Casa Giulietta'],Tomba Giulietta,"['San Fermo', 'Museo Storia', 'Arena', 'Museo Lapidario', 'Museo Radio']",Duomo,strategy_nearest,False,0.0019428730010986328,success
04508E3A9C4C80,3,['Arena'],Torre Lamberti,"['Sighseeing', 'Centro Fotografia', 'Museo Conte', 'Casa Giulietta', 'Palazzo della Ragione']",Santa Anastasia,strategy_nearest,False,0.0031790733337402344,success
0450884A9C4C80,0,['Arena'],Castelvecchio,"['Museo Lapidario', 'Verona Tour', 'Museo Radio', 'San Zeno', 'Sighseeing']",Casa Giulietta,strategy_nearest,False,0.002927064895629883,success
0450B1429C4C80,3,"['Arena', 'Museo Lapidario']",Casa Giulietta,"['Centro Fotografia', 'Sighseeing', 'Torre Lamberti', 'Museo Conte', 'Museo Radio']",Torre Lamberti,strategy_nearest,True,0.00177001953125,success
0450B2429C4C80,0,['Arena'],Casa Giulietta,"['Centro Fotografia', 'Sighseeing', 'Torre Lamberti', 'Museo Conte', 'Museo Radio']",Duomo,strategy_nearest,False,0.0019371509552001953,success
0450B33A9C4C80,1,"['Arena', 'Casa Giulietta']",Torre Lamberti,"['Sighseeing', 'Centro Fotografia', 'Museo Conte', 'Palazzo della Ragione', 'AMO']",Palazzo della Ragione,strategy_nearest,True,0.0032761096954345703,success
045090429C4C80,3,"['Arena', 'Casa Giulietta', 'Torre Lamberti']",Santa Anastasia,"['AMO', 'Museo Conte', 'Palazzo della Ragione', 'Teatro Romano', 'Centro Fotografia']",Teatro Romano,strategy_nearest,True,0.004620075225830078,success
0450B5429C4C80,1,"['Torre Lamberti', 'Palazzo della Ragione']",Arena,"['Verona Tour', 'Museo Lapidario', 'Museo Radio', 'San Fermo', 'Casa Giulietta']",Santa Anastasia,strategy_nearest,False,0.0027420520782470703,success
0450D1429C4C80,3,"['Arena', 'Castelvecchio', 'San Zeno']",San Fermo,"['Museo Storia', 'Museo Radio', 'Casa Giulietta', 'Centro Fotografia', 'Sighseeing']",Teatro Romano,strategy_nearest,False,0.003381013870239258,success
0450D53A9C4C80,0,"['Tomba Giulietta', 'Arena']",Casa Giulietta,"['Centro Fotografia', 'Sighseeing', 'Torre Lamberti', 'Museo Conte', 'Museo Radio']",Torre Lamberti,strategy_nearest,True,0.0023717880249023438,success
0450DA3A9C4C80,3,"['Arena', 'Santa Anastasia']",Casa Giulietta,"['Centro Fotografia', 'Sighseeing', 'Torre Lamberti', 'Museo Conte', 'Museo Radio']",Tomba Giulietta,strategy_nearest,False,0.0032079219818115234,success
0450E93A9C4C80,1,"['Arena', 'Casa Giulietta']",Palazzo della Ragione,"['AMO', 'Museo Conte', 'Torre Lamberti', 'Centro Fotografia', 'Sighseeing']",Torre Lamberti,strategy_nearest,True,0.001859903335571289,success
0451033A9C4C84,1,['Arena'],Casa Giulietta,"['Centro Fotografia', 'Sighseeing', 'Torre Lamberti', 'Museo Conte', 'Museo Radio']",Torre Lamberti,strategy_nearest,True,0.002853870391845703,success
0450FE3A9C4C80,3,"['Arena', 'Torre Lamberti']",Casa Giulietta,"['Centro Fotografia', 'Sighseeing', 'Museo Conte', 'Museo Radio', 'Palazzo della Ragione']",Santa Anastasia,strategy_nearest,False,0.004292011260986328,success
045103429C4C84,0,['Arena'],Casa Giulietta,"['Centro Fotografia', 'Sighseeing', 'Torre Lamberti', 'Museo Conte', 'Museo Radio']",Giardino Giusti,strategy_nearest,False,0.0014269351959228516,success
04510F3A9C4C84,3,['Casa Giulietta'],Santa Anastasia,"['AMO', 'Museo Conte', 'Palazzo della Ragione', 'Teatro Romano', 'Centro Fotografia']",Duomo,strategy_nearest,False,0.0029969215393066406,success
0451183A9C4C84,1,"['Teatro Romano', 'Santa Anastasia', 'Casa Giulietta']",Arena,"['Verona Tour', 'Museo Lapidario', 'Museo Radio', 'San Fermo', 'Sighseeing']",Castelvecchio,strategy_nearest,False,0.002786874771118164,success
0451153A9C4C84,0,['Arena'],Santa Anastasia,"['AMO', 'Museo Conte', 'Palazzo della Ragione', 'Teatro Romano', 'Centro Fotografia']",Castelvecchio,strategy_nearest,False,0.0019328594207763672,success
04511B429C4C84,0,"['San Zeno', 'Arena']",Torre Lamberti,"['Sighseeing', 'Centro Fotografia', 'Museo Conte', 'Casa Giulietta', 'Palazzo della Ragione']",Casa Giulietta,strategy_nearest,True,0.0035059452056884766,success
04511C429C4C80,0,"['Torre Lamberti', 'Arena']",Tomba Giulietta,"['San Fermo', 'Museo Storia', 'Museo Lapidario', 'Museo Radio', 'Verona Tour']",Casa Giulietta,strategy_nearest,False,0.002593994140625,success
0451213A9C4C80,0,['Teatro Romano'],Tomba Giulietta,"['San Fermo', 'Museo Storia', 'Arena', 'Museo Lapidario', 'Museo Radio']",Arena,strategy_nearest,True,0.0021948814392089844,success
04511E4A9C4C80,0,"['Arena', 'Teatro Romano']",Torre Lamberti,"['Sighseeing', 'Centro Fotografia', 'Museo Conte', 'Casa Giulietta', 'Palazzo della Ragione']",Casa Giulietta,strategy_nearest,True,0.004182100296020508,success
0451333A9C4C80,1,"['Casa Giulietta', 'Torre Lamberti']",Palazzo della Ragione,"['AMO', 'Museo Conte', 'Centro Fotografia', 'Sighseeing', 'Santa Anastasia']",Arena,strategy_nearest,False,0.003237009048461914,success
0451273A9C4C80,3,"['Arena', 'Casa Giulietta', 'Torre Lamberti']",Santa Anastasia,"['AMO', 'Museo Conte', 'Palazzo della Ragione', 'Teatro Romano', 'Centro Fotografia']",Duomo,strategy_nearest,False,0.0015499591827392578,success
0451383A9C4C80,1,"['Arena', 'Casa Giulietta', 'San Fermo']",Santa Anastasia,"['AMO', 'Museo Conte', 'Palazzo della Ragione', 'Teatro Romano', 'Centro Fotografia']",Duomo,strategy_nearest,False,0.0035588741302490234,success
04515A3A9C4C80,3,"['Castelvecchio', 'Arena']",Tomba Giulietta,"['San Fermo', 'Museo Storia', 'Museo Lapidario', 'Museo Radio', 'Verona Tour']",Casa Giulietta,strategy_nearest,False,0.0033500194549560547,success
04514B3A9C4C80,3,"['Arena', 'Casa Giulietta', 'Museo Lapidario']",Tomba Giulietta,"['San Fermo', 'Museo Storia', 'Museo Radio', 'Verona Tour', 'Castelvecchio']",Castelvecchio,strategy_nearest,True,0.0029392242431640625,success
045153429C4C80,3,"['Arena', 'Casa Giulietta']",Torre Lamberti,"['Sighseeing', 'Centro Fotografia', 'Museo Conte', 'Palazzo della Ragione', 'AMO']",Santa Anastasia,strategy_nearest,False,0.0015990734100341797,success
04515D429C4C80,1,"['Arena', 'Torre Lamberti']",Palazzo della Ragione,"['AMO', 'Museo Conte', 'Centro Fotografia', 'Sighseeing', 'Santa Anastasia']",Santa Anastasia,strategy_nearest,True,0.0015909671783447266,success
04517C429C4C80,0,"['Arena', 'Torre Lamberti']",Casa Giulietta,"['Centro Fotografia', 'Sighseeing', 'Museo Conte', 'Museo Radio', 'Palazzo della Ragione']",Teatro Romano,strategy_nearest,False,0.0026938915252685547,success
0451773A9C4C80,0,['Casa Giulietta'],Arena,"['Verona Tour', 'Museo Lapidario', 'Museo Radio', 'San Fermo', 'Sighseeing']",Torre Lamberti,strategy_nearest,False,0.0033159255981445312,success
045169429C4C80,0,['Castelvecchio'],Arena,"['Verona Tour', 'Museo Lapidario', 'Museo Radio', 'San Fermo', 'Casa Giulietta']",Torre Lamberti,strategy_nearest,False,0.002254962921142578,success
04518A3A9C4C80,1,"['Arena', 'Casa Giulietta']",Santa Anastasia,"['AMO', 'Museo Conte', 'Palazzo della Ragione', 'Teatro Romano', 'Centro Fotografia']",Torre Lamberti,strategy_nearest,False,0.0027327537536621094,success
0451A64A9C4C80,3,"['Arena', 'Casa Giulietta']",Torre Lamberti,"['Sighseeing', 'Centro Fotografia', 'Museo Conte', 'Palazzo della Ragione', 'AMO']",Santa Anastasia,strategy_nearest,False,0.003261089324951172,success
0451874A9C4C80,3,"['Teatro Romano', 'Duomo', 'Santa Anastasia']",Torre Lamberti,"['Sighseeing', 'Centro Fotografia', 'Museo Conte', 'Casa Giulietta', 'Palazzo della Ragione']",Casa Giulietta,strategy_nearest,True,0.0015561580657958984,success
045187429C4C80,1,['Arena'],Palazzo della Ragione,"['AMO', 'Museo Conte', 'Torre Lamberti', 'Centro Fotografia', 'Sighseeing']",Torre Lamberti,strategy_nearest,True,0.0022339820861816406,success
0451A83A9C4C80,2,"['Museo Lapidario', 'Castelvecchio', 'Torre Lamberti']",Palazzo della Ragione,"['AMO', 'Museo Conte', 'Centro Fotografia', 'Sighseeing', 'Santa Anastasia']",Santa Anastasia,strategy_nearest,True,0.001405954360961914,success
0451AF429C4C80,0,['Arena'],Casa Giulietta,"['Centro Fotografia', 'Sighseeing', 'Torre Lamberti', 'Museo Conte', 'Museo Radio']",Torre Lamberti,strategy_nearest,True,0.0019788742065429688,success
0451A8429C4C80,2,"['Casa Giulietta', 'Castelvecchio']",Tomba Giulietta,"['San Fermo', 'Museo Storia', 'Arena', 'Museo Lapidario', 'Museo Radio']",Duomo,strategy_nearest,False,0.0027658939361572266,success
0451B2429C4C80,3,"['Arena', 'Santa Anastasia', 'Duomo']",Casa Giulietta,"['Centro Fotografia', 'Sighseeing', 'Torre Lamberti', 'Museo Conte', 'Museo Radio']",Torre Lamberti,strategy_nearest,True,0.003918170928955078,success
0451C23A9C4C80,3,['Torre Lamberti'],Santa Anastasia,"['AMO', 'Museo Conte', 'Palazzo della Ragione', 'Teatro Romano', 'Centro Fotografia']",Arena,strategy_nearest,False,0.002719879150390625,success
0451BF429C4C80,3,"['Arena', 'Casa Giulietta']",Santa Anastasia,"['AMO', 'Museo Conte', 'Palazzo della Ragione', 'Teatro Romano', 'Centro Fotografia']",San Fermo,strategy_nearest,False,0.0034627914428710938,success
0451B5429C4C80,1,"['Torre Lamberti', 'Palazzo della Ragione']",Arena,"['Verona Tour', 'Museo Lapidario', 'Museo Radio', 'San Fermo', 'Casa Giulietta']",Santa Anastasia,strategy_nearest,False,0.0025708675384521484,success
0451D73A9C4C80,1,"['Arena', 'Palazzo della Ragione']",Torre Lamberti,"['Sighseeing', 'Centro Fotografia', 'Museo Conte', 'Casa Giulietta', 'AMO']",Castelvecchio,strategy_nearest,False,0.003184080123901367,success
0451CE3A9C4C80,0,['Casa Giulietta'],Arena,"['Verona Tour', 'Museo Lapidario', 'Museo Radio', 'San Fermo', 'Sighseeing']",Tomba Giulietta,strategy_nearest,False,0.002335786819458008,success
0451C63A9C4C80,5,"['Tomba Giulietta', 'Arena', 'Casa Giulietta']",Teatro Romano,"['Santa Anastasia', 'Duomo', 'AMO', 'Palazzo della Ragione', 'Museo Conte']",Museo Miniscalchi,strategy_nearest,False,0.003194093704223633,success
0451C93A9C4C80,0,['Arena'],Teatro Romano,"['Santa Anastasia', 'Duomo', 'AMO', 'Palazzo della Ragione', 'Museo Conte']",Castelvecchio,strategy_nearest,False,0.002991199493408203,success
0451D7429C4C80,3,"['Arena', 'Casa Giulietta', 'Torre Lamberti']",Castelvecchio,"['Museo Lapidario', 'Verona Tour', 'Museo Radio', 'San Zeno', 'Sighseeing']",San Zeno,strategy_nearest,True,0.002824068069458008,success
0451FF3A9C4C80,2,"['Museo Lapidario', 'Castelvecchio']",Casa Giulietta,"['Centro Fotografia', 'Sighseeing', 'Torre Lamberti', 'Museo Conte', 'Museo Radio']",Torre Lamberti,strategy_nearest,True,0.0021669864654541016,success
0451EA3A9C4C80,0,"['Torre Lamberti', 'Casa Giulietta']",Arena,"['Verona Tour', 'Museo Lapidario', 'Museo Radio', 'San Fermo', 'Sighseeing']",Castelvecchio,strategy_nearest,False,0.0015861988067626953,success
0452023A9C4C84,3,"['Teatro Romano', 'Arena']",Torre Lamberti,"['Sighseeing', 'Centro Fotografia', 'Museo Conte', 'Casa Giulietta', 'Palazzo della Ragione']",Casa Giulietta,strategy_nearest,True,0.0035400390625,success
04520C3A9C4C84,3,['Arena'],Santa Anastasia,"['AMO', 'Museo Conte', 'Palazzo della Ragione', 'Teatro Romano', 'Centro Fotografia']",Duomo,strategy_nearest,False,0.004895925521850586,success
04520D3A9C4C84,1,"['Tomba Giulietta', 'Casa Giulietta', 'Torre Lamberti']",Palazzo della Ragione,"['AMO', 'Museo Conte', 'Centro Fotografia', 'Sighseeing', 'Santa Anastasia']",Teatro Romano,strategy_nearest,False,0.00347900390625,success
0452043A9C4C84,0,['Casa Giulietta'],Santa Anastasia,"['AMO', 'Museo Conte', 'Palazzo della Ragione', 'Teatro Romano', 'Centro Fotografia']",Arena,strategy_nearest,False,0.0036852359771728516,success
04520F429C4C84,1,"['Arena', 'Casa Giulietta', 'Casa Giulietta', 'Teatro Romano']",Duomo,"['AMO', 'Museo Miniscalchi', 'Santa Anastasia', 'Palazzo della Ragione', 'Museo Conte']",Tomba Giulietta,strategy_nearest,False,0.0021131038665771484,success
0452163A9C4C84,3,"['Arena', 'Casa Giulietta']",San Fermo,"['Museo Storia', 'Museo Radio', 'Centro Fotografia', 'Sighseeing', 'Torre Lamberti']",Santa Anastasia,strategy_nearest,False,0.003236055374145508,success
045215429C4C84,3,"['Arena', 'Duomo', 'Santa Anastasia']",San Fermo,"['Museo Storia', 'Museo Radio', 'Casa Giulietta', 'Centro Fotografia', 'Sighseeing']",Castelvecchio,strategy_nearest,False,0.0018100738525390625,success
04521E3A9C4C80,0,['Arena'],Casa Giulietta,"['Centro Fotografia', 'Sighseeing', 'Torre Lamberti', 'Museo Conte', 'Museo Radio']",Santa Anastasia,strategy_nearest,False,0.002502918243408203,success
0452264A9C4C80,3,"['Castelvecchio', 'Arena', 'Teatro Romano', 'Torre Lamberti']",Casa Giulietta,"['Centro Fotografia', 'Sighseeing', 'Museo Conte', 'Museo Radio', 'Palazzo della Ragione']",San Zeno,strategy_nearest,False,0.003704071044921875,success
045234429C4C80,0,['Arena'],Castelvecchio,"['Museo Lapidario', 'Verona Tour', 'Museo Radio', 'San Zeno', 'Sighseeing']",Duomo,strategy_nearest,False,0.0024492740631103516,success
04524A429C4C80,0,['Arena'],Casa Giulietta,"['Centro Fotografia', 'Sighseeing', 'Torre Lamberti', 'Museo Conte', 'Museo Radio']",Museo Storia,strategy_nearest,False,0.002984285354614258,success
04523B4A9C4C80,0,"['Arena', 'Casa Giulietta', 'Castelvecchio']",Arena,"['Verona Tour', 'Museo Lapidario', 'Museo Radio', 'San Fermo', 'Sighseeing']",Tomba Giulietta,strategy_nearest,False,0.003667116165161133,success
04523A3A9C4C80,0,['Arena'],Museo Lapidario,"['Verona Tour', 'Castelvecchio', 'Museo Radio', 'San Fermo', 'Casa Giulietta']",Castelvecchio,strategy_nearest,True,0.0017740726470947266,success
0452503A9C4C80,2,"['Casa Giulietta', 'Palazzo della Ragione', 'Torre Lamberti', 'Santa Anastasia']",Teatro Romano,"['Duomo', 'AMO', 'Museo Conte', 'Centro Fotografia', 'Museo Miniscalchi']",Castelvecchio,strategy_nearest,False,0.0017039775848388672,success
0452523A9C4C80,3,"['Arena', 'Santa Anastasia']",Teatro Romano,"['Duomo', 'AMO', 'Palazzo della Ragione', 'Museo Conte', 'Centro Fotografia']",Casa Giulietta,strategy_nearest,False,0.0022919178009033203,success
04524B3A9C4C80,3,"['Arena', 'Teatro Romano']",Santa Anastasia,"['AMO', 'Museo Conte', 'Palazzo della Ragione', 'Centro Fotografia', 'Duomo']",Casa Giulietta,strategy_nearest,False,0.003500699996948242,success
045269429C4C80,0,['Arena'],Castelvecchio,"['Museo Lapidario', 'Verona Tour', 'Museo Radio', 'San Zeno', 'Sighseeing']",Teatro Romano,strategy_nearest,False,0.003940105438232422,success
045272429C4C80,3,"['Castelvecchio', 'Casa Giulietta']",Torre Lamberti,"['Sighseeing', 'Centro Fotografia', 'Museo Conte', 'Palazzo della Ragione', 'AMO']",Santa Anastasia,strategy_nearest,False,0.0013990402221679688,success
04526E429C4C80,3,"['Arena', 'Castelvecchio']",San Zeno,"['Verona Tour', 'Museo Lapidario', 'Museo Miniscalchi', 'Sighseeing', 'Museo Radio']",Duomo,strategy_nearest,False,0.003445148468017578,success
045288429C4C80,3,['Arena'],Castelvecchio,"['Museo Lapidario', 'Verona Tour', 'Museo Radio', 'San Zeno', 'Sighseeing']",Santa Anastasia,strategy_nearest,False,0.003162860870361328,success
04528A3A9C4C80,0,['Castelvecchio'],Casa Giulietta,"['Centro Fotografia', 'Sighseeing', 'Torre Lamberti', 'Museo Conte', 'Museo Radio']",Arena,strategy_nearest,False,0.0035359859466552734,success
04528D429C4C80,1,"['Arena', 'Museo Lapidario', 'Castelvecchio']",Torre Lamberti,"['Sighseeing', 'Centro Fotografia', 'Museo Conte', 'Casa Giulietta', 'Palazzo della Ragione']",Palazzo della Ragione,strategy_nearest,True,0.0033462047576904297,success
0452A44A9C4C80,0,"['Torre Lamberti', 'Casa Giulietta']",Arena,"['Verona Tour', 'Museo Lapidario', 'Museo Radio', 'San Fermo', 'Sighseeing']",Castelvecchio,strategy_nearest,False,0.0029723644256591797,success
04528F429C4C80,3,"['Arena', 'Torre Lamberti']",Santa Anastasia,"['AMO', 'Museo Conte', 'Palazzo della Ragione', 'Teatro Romano', 'Centro Fotografia']",Castelvecchio,strategy_nearest,False,0.0038390159606933594,success
04528E4A9C4C80,3,"['Arena', 'Torre Lamberti']",Casa Giulietta,"['Centro Fotografia', 'Sighseeing', 'Museo Conte', 'Museo Radio', 'Palazzo della Ragione']",Santa Anastasia,strategy_nearest,False,0.0019578933715820312,success
0452AB429C4C80,1,"['Arena', 'Casa Giulietta']",Torre Lamberti,"['Sighseeing', 'Centro Fotografia', 'Museo Conte', 'Palazzo della Ragione', 'AMO']",Palazzo della Ragione,strategy_nearest,True,0.0018448829650878906,success
0452BE3A9C4C80,0,"['Casa Giulietta', 'Arena', 'Castelvecchio']",San Zeno,"['Verona Tour', 'Museo Lapidario', 'Museo Miniscalchi', 'Sighseeing', 'Museo Radio']",Torre Lamberti,strategy_nearest,False,0.0056951045989990234,success
0452C53A9C4C80,3,"['Arena', 'Torre Lamberti']",Casa Giulietta,"['Centro Fotografia', 'Sighseeing', 'Museo Conte', 'Museo Radio', 'Palazzo della Ragione']",Santa Anastasia,strategy_nearest,False,0.004462003707885742,success
0452C0429C4C80,2,['Casa Giulietta'],Torre Lamberti,"['Sighseeing', 'Centro Fotografia', 'Museo Conte', 'Palazzo della Ragione', 'AMO']",Santa Anastasia,strategy_nearest,False,0.0036699771881103516,success
0452C6429C4C80,0,['Casa Giulietta'],Arena,"['Verona Tour', 'Museo Lapidario', 'Museo Radio', 'San Fermo', 'Sighseeing']",Duomo,strategy_nearest,False,0.003651857376098633,success
0452CE429C4C80,3,"['Arena', 'Teatro Romano', 'Castelvecchio']",Torre Lamberti,"['Sighseeing', 'Centro Fotografia', 'Museo Conte', 'Casa Giulietta', 'Palazzo della Ragione']",Santa Anastasia,strategy_nearest,False,0.0018219947814941406,success
0452DD3A9C4C80,3,"['Arena', 'Santa Anastasia', 'Duomo']",Casa Giulietta,"['Centro Fotografia', 'Sighseeing', 'Torre Lamberti', 'Museo Conte', 'Museo Radio']",San Zeno,strategy_nearest,False,0.002471923828125,success
0452CA429C4C80,2,"['Santa Anastasia', 'Teatro Romano']",Duomo,"['AMO', 'Museo Miniscalchi', 'Palazzo della Ragione', 'Museo Conte', 'Torre Lamberti']",Palazzo della Ragione,strategy_nearest,True,0.003263235092163086,success
0452E33A9C4C80,3,"['Arena', 'Casa Giulietta']",Torre Lamberti,"['Sighseeing', 'Centro Fotografia', 'Museo Conte', 'Palazzo della Ragione', 'AMO']",Santa Anastasia,strategy_nearest,False,0.0019822120666503906,success
0452F73A9C4C80,0,['Torre Lamberti'],Casa Giulietta,"['Centro Fotografia', 'Sighseeing', 'Museo Conte', 'Museo Radio', 'Palazzo della Ragione']",Arena,strategy_nearest,False,0.0022919178009033203,success
045303429C4C84,3,"['Arena', 'Torre Lamberti', 'Teatro Romano', 'Castelvecchio']",San Zeno,"['Verona Tour', 'Museo Lapidario', 'Museo Miniscalchi', 'Sighseeing', 'Museo Radio']",Duomo,strategy_nearest,False,0.0023169517517089844,success
0453123A9C4C84,0,['Arena'],Santa Anastasia,"['AMO', 'Museo Conte', 'Palazzo della Ragione', 'Teatro Romano', 'Centro Fotografia']",Castelvecchio,strategy_nearest,False,0.003796100616455078,success
04531D429C4C80,4,"['Torre Lamberti', 'Museo Lapidario', 'Arena']",Casa Giulietta,"['Centro Fotografia', 'Sighseeing', 'Museo Conte', 'Museo Radio', 'Palazzo della Ragione']",Palazzo della Ragione,strategy_nearest,True,0.003980875015258789,success
04532F429C4C80,1,"['Arena', 'Casa Giulietta', 'San Fermo', 'Santa Anastasia']",Duomo,"['AMO', 'Museo Miniscalchi', 'Teatro Romano', 'Palazzo della Ragione', 'Museo Conte']",Teatro Romano,strategy_nearest,True,0.00362396240234375,success
045333429C4C80,3,"['Casa Giulietta', 'Torre Lamberti']",Santa Anastasia,"['AMO', 'Museo Conte', 'Palazzo della Ragione', 'Teatro Romano', 'Centro Fotografia']",Duomo,strategy_nearest,False,0.0030579566955566406,success
0453363A9C4C80,0,['Casa Giulietta'],Arena,"['Verona Tour', 'Museo Lapidario', 'Museo Radio', 'San Fermo', 'Sighseeing']",Tomba Giulietta,strategy_nearest,False,0.002257823944091797,success
04533D4A9C4C80,0,['Arena'],Museo Lapidario,"['Verona Tour', 'Castelvecchio', 'Museo Radio', 'San Fermo', 'Casa Giulietta']",Tomba Giulietta,strategy_nearest,False,0.002783060073852539,success
045341429C4C80,1,"['Arena', 'Casa Giulietta']",Palazzo della Ragione,"['AMO', 'Museo Conte', 'Torre Lamberti', 'Centro Fotografia', 'Sighseeing']",Teatro Romano,strategy_nearest,False,0.003509044647216797,success
04534B429C4C80,0,['Casa Giulietta'],Casa Giulietta,"['Centro Fotografia', 'Sighseeing', 'Torre Lamberti', 'Museo Conte', 'Museo Radio']",Arena,strategy_nearest,False,0.002682924270629883,success
0453453A9C4C80,1,"['Duomo', 'Santa Anastasia', 'Torre Lamberti', 'Casa Giulietta']",San Zeno,"['Castelvecchio', 'Verona Tour', 'Museo Lapidario', 'Arena', 'Museo Miniscalchi']",Palazzo della Ragione,strategy_nearest,False,0.0034711360931396484,success
045354429C4C80,0,['Casa Giulietta'],Castelvecchio,"['Museo Lapidario', 'Verona Tour', 'Arena', 'Museo Radio', 'San Zeno']",Arena,strategy_nearest,True,0.0026781558990478516,success
0453503A9C4C80,0,"['Teatro Romano', 'Arena']",Tomba Giulietta,"['San Fermo', 'Museo Storia', 'Museo Lapidario', 'Museo Radio', 'Verona Tour']",Castelvecchio,strategy_nearest,False,0.0043790340423583984,success
04536D429C4C80,0,['Arena'],Castelvecchio,"['Museo Lapidario', 'Verona Tour', 'Museo Radio', 'San Zeno', 'Sighseeing']",Torre Lamberti,strategy_nearest,False,0.0025191307067871094,success
0453573A9C4C80,1,"['Arena', 'Museo Lapidario', 'Castelvecchio', 'San Zeno']",Torre Lamberti,"['Sighseeing', 'Centro Fotografia', 'Museo Conte', 'Casa Giulietta', 'Palazzo della Ragione']",Palazzo della Ragione,strategy_nearest,True,0.0026607513427734375,success
04535E429C4C80,0,"['Casa Giulietta', 'Arena']",Torre Lamberti,"['Sighseeing', 'Centro Fotografia', 'Museo Conte', 'Palazzo della Ragione', 'AMO']",Tomba Giulietta,strategy_nearest,False,0.003557920455932617,success
04536E429C4C80,1,"['Arena', 'San Zeno']",Castelvecchio,"['Museo Lapidario', 'Verona Tour', 'Museo Radio', 'Sighseeing', 'Museo Miniscalchi']",Duomo,strategy_nearest,False,0.0026078224182128906,success
0453763A9C4C80,0,"['Museo Lapidario', 'Arena']",Casa Giulietta,"['Centro Fotografia', 'Sighseeing', 'Torre Lamberti', 'Museo Conte', 'Museo Radio']",Teatro Romano,strategy_nearest,False,0.0020427703857421875,success
0453894A9C4C80,1,"['Arena', 'Castelvecchio', 'Palazzo della Ragione']",Torre Lamberti,"['Sighseeing', 'Centro Fotografia', 'Museo Conte', 'Casa Giulietta', 'AMO']",Casa Giulietta,strategy_nearest,True,0.0026102066040039062,success
045385429C4C80,3,"['Arena', 'Castelvecchio']",Torre Lamberti,"['Sighseeing', 'Centro Fotografia', 'Museo Conte', 'Casa Giulietta', 'Palazzo della Ragione']",Casa Giulietta,strategy_nearest,True,0.003393888473510742,success
04538A3A9C4C80,0,['Castelvecchio'],Casa Giulietta,"['Centro Fotografia', 'Sighseeing', 'Torre Lamberti', 'Museo Conte', 'Museo Radio']",Arena,strategy_nearest,False,0.0036308765411376953,success
0453AB429C4C80,0,['Arena'],Castelvecchio,"['Museo Lapidario', 'Verona Tour', 'Museo Radio', 'San Zeno', 'Sighseeing']",Teatro Romano,strategy_nearest,False,0.002891063690185547,success
0453AF3A9C4C80,3,"['Arena', 'Santa Anastasia']",Duomo,"['AMO', 'Museo Miniscalchi', 'Teatro Romano', 'Palazzo della Ragione', 'Museo Conte']",Casa Giulietta,strategy_nearest,False,0.0032188892364501953,success
0453A34A9C4C80,1,['Arena'],Casa Giulietta,"['Centro Fotografia', 'Sighseeing', 'Torre Lamberti', 'Museo Conte', 'Museo Radio']",Palazzo della Ragione,strategy_nearest,False,0.0014848709106445312,success
0453B13A9C4C80,1,['Arena'],Duomo,"['AMO', 'Museo Miniscalchi', 'Santa Anastasia', 'Teatro Romano', 'Palazzo della Ragione']",Palazzo della Ragione,strategy_nearest,True,0.0018620491027832031,success
0453B43A9C4C80,1,"['Castelvecchio', 'San Zeno', 'Duomo', 'Santa Anastasia']",Casa Giulietta,"['Centro Fotografia', 'Sighseeing', 'Torre Lamberti', 'Museo Conte', 'Museo Radio']",Arena,strategy_nearest,False,0.0019097328186035156,success
0453DE429C4C80,3,"['Arena', 'Museo Lapidario', 'Castelvecchio']",Casa Giulietta,"['Centro Fotografia', 'Sighseeing', 'Torre Lamberti', 'Museo Conte', 'Museo Radio']",Duomo,strategy_nearest,False,0.0026938915252685547,success
0453BD3A9C4C80,0,['Torre Lamberti'],Casa Giulietta,"['Centro Fotografia', 'Sighseeing', 'Museo Conte', 'Museo Radio', 'Palazzo della Ragione']",Arena,strategy_nearest,False,0.0035142898559570312,success
0453DF3A9C4C80,0,['Arena'],Castelvecchio,"['Museo Lapidario', 'Verona Tour', 'Museo Radio', 'San Zeno', 'Sighseeing']",Casa Giulietta,strategy_nearest,False,0.003422975540161133,success
04540D3A9C4C84,3,"['Arena', 'Casa Giulietta', 'Torre Lamberti']",Museo Lapidario,"['Verona Tour', 'Castelvecchio', 'Museo Radio', 'San Fermo', 'Tomba Giulietta']",Castelvecchio,strategy_nearest,True,0.002930879592895508,success
0454153A9C4C84,1,"['Arena', 'Casa Giulietta', 'Torre Lamberti']",Palazzo della Ragione,"['AMO', 'Museo Conte', 'Centro Fotografia', 'Sighseeing', 'Santa Anastasia']",Duomo,strategy_nearest,False,0.0027790069580078125,success
0454183A9C4C84,1,"['Museo Lapidario', 'Castelvecchio']",Torre Lamberti,"['Sighseeing', 'Centro Fotografia', 'Museo Conte', 'Casa Giulietta', 'Palazzo della Ragione']",Palazzo della Ragione,strategy_nearest,True,0.002877950668334961,success
045419429C4C84,3,"['Arena', 'Santa Anastasia']",San Fermo,"['Museo Storia', 'Museo Radio', 'Casa Giulietta', 'Centro Fotografia', 'Sighseeing']",San Zeno,strategy_nearest,False,0.003114938735961914,success
04540F3A9C4C84,1,['Arena'],Torre Lamberti,"['Sighseeing', 'Centro Fotografia', 'Museo Conte', 'Casa Giulietta', 'Palazzo della Ragione']",Palazzo della Ragione,strategy_nearest,True,0.0030641555786132812,success
04541E3A9C4C80,1,"['Arena', 'Casa Giulietta', 'Palazzo della Ragione', 'Santa Anastasia']",Duomo,"['AMO', 'Museo Miniscalchi', 'Teatro Romano', 'Museo Conte', 'Torre Lamberti']",Museo Lapidario,strategy_nearest,False,0.002174854278564453,success
0454294A9C4C80,3,"['Castelvecchio', 'Arena', 'Tomba Giulietta', 'Torre Lamberti']",Santa Anastasia,"['AMO', 'Museo Conte', 'Palazzo della Ragione', 'Teatro Romano', 'Centro Fotografia']",Duomo,strategy_nearest,False,0.0020759105682373047,success
045421429C4C80,0,['Arena'],Castelvecchio,"['Museo Lapidario', 'Verona Tour', 'Museo Radio', 'San Zeno', 'Sighseeing']",Torre Lamberti,strategy_nearest,False,0.0035080909729003906,success
0454214A9C4C80,3,"['Teatro Romano', 'Santa Anastasia', 'San Fermo', 'Torre Lamberti']",San Zeno,"['Castelvecchio', 'Verona Tour', 'Museo Lapidario', 'Arena', 'Museo Miniscalchi']",Castelvecchio,strategy_nearest,True,0.0034661293029785156,success
04543A3A9C4C80,2,"['Palazzo della Ragione', 'Torre Lamberti']",Castelvecchio,"['Museo Lapidario', 'Verona Tour', 'Arena', 'Museo Radio', 'San Zeno']",Santa Anastasia,strategy_nearest,False,0.002763986587524414,success
04542F429C4C80,1,"['Arena', 'Casa Giulietta', 'San Fermo', 'Santa Anastasia']",Duomo,"['AMO', 'Museo Miniscalchi', 'Teatro Romano', 'Palazzo della Ragione', 'Museo Conte']",Teatro Romano,strategy_nearest,True,0.0028569698333740234,success
045435429C4C80,0,['Casa Giulietta'],Torre Lamberti,"['Sighseeing', 'Centro Fotografia', 'Museo Conte', 'Palazzo della Ragione', 'AMO']",Arena,strategy_nearest,False,0.002209901809692383,success
04543B3A9C4C80,0,"['Torre Lamberti', 'Casa Giulietta']",Arena,"['Verona Tour', 'Museo Lapidario', 'Museo Radio', 'San Fermo', 'Sighseeing']",Tomba Giulietta,strategy_nearest,False,0.0033566951751708984,success
0454463A9C4C80,3,['Arena'],Duomo,"['AMO', 'Museo Miniscalchi', 'Santa Anastasia', 'Teatro Romano', 'Palazzo della Ragione']",Santa Anastasia,strategy_nearest,True,0.0026900768280029297,success
04543E3A9C4C80,0,"['Arena', 'Torre Lamberti']",San Fermo,"['Museo Storia', 'Museo Radio', 'Casa Giulietta', 'Centro Fotografia', 'Sighseeing']",Giardino Giusti,strategy_nearest,False,0.0020911693572998047,success
045450429C4C80,0,['Arena'],Casa Giulietta,"['Centro Fotografia', 'Sighseeing', 'Torre Lamberti', 'Museo Conte', 'Museo Radio']",Santa Anastasia,strategy_nearest,False,0.0025720596313476562,success
045464429C4C80,1,"['Castelvecchio', 'Santa Anastasia', 'Duomo']",Casa Giulietta,"['Centro Fotografia', 'Sighseeing', 'Torre Lamberti', 'Museo Conte', 'Museo Radio']",Teatro Romano,strategy_nearest,False,0.0021431446075439453,success
0454523A9C4C80,3,"['Arena', 'Santa Anastasia', 'Duomo', 'Casa Giulietta']",Museo Lapidario,"['Verona Tour', 'Castelvecchio', 'Museo Radio', 'San Fermo', 'Tomba Giulietta']",Castelvecchio,strategy_nearest,True,0.003348827362060547,success
04546A429C4C80,1,"['Arena', 'Museo Lapidario', 'Casa Giulietta']",Torre Lamberti,"['Sighseeing', 'Centro Fotografia', 'Museo Conte', 'Palazzo della Ragione', 'AMO']",Palazzo della Ragione,strategy_nearest,True,0.0031278133392333984,success
045467429C4C80,3,['Arena'],Casa Giulietta,"['Centro Fotografia', 'Sighseeing', 'Torre Lamberti', 'Museo Conte', 'Museo Radio']",Torre Lamberti,strategy_nearest,True,0.0028150081634521484,success
0454894A9C4C80,2,"['Casa Giulietta', 'Torre Lamberti']",Santa Anastasia,"['AMO', 'Museo Conte', 'Palazzo della Ragione', 'Teatro Romano', 'Centro Fotografia']",Duomo,strategy_nearest,False,0.003152132034301758,success
04548B429C4C80,0,['Arena'],Castelvecchio,"['Museo Lapidario', 'Verona Tour', 'Museo Radio', 'San Zeno', 'Sighseeing']",Casa Giulietta,strategy_nearest,False,0.0012938976287841797,success
0454984A9C4C80,0,['Torre Lamberti'],Casa Giulietta,"['Centro Fotografia', 'Sighseeing', 'Museo Conte', 'Museo Radio', 'Palazzo della Ragione']",Arena,strategy_nearest,False,0.0035581588745117188,success
0454A7429C4C80,1,"['Casa Giulietta', 'Palazzo della Ragione', 'Torre Lamberti']",Santa Anastasia,"['AMO', 'Museo Conte', 'Teatro Romano', 'Centro Fotografia', 'Duomo']",Castelvecchio,strategy_nearest,False,0.0026617050170898438,success
04548F3A9C4C80,1,"['Arena', 'Castelvecchio']",Casa Giulietta,"['Centro Fotografia', 'Sighseeing', 'Torre Lamberti', 'Museo Conte', 'Museo Radio']",Torre Lamberti,strategy_nearest,True,0.0032091140747070312,success
0454AA3A9C4C80,0,"['Arena', 'Castelvecchio']",Casa Giulietta,"['Centro Fotografia', 'Sighseeing', 'Torre Lamberti', 'Museo Conte', 'Museo Radio']",San Fermo,strategy_nearest,False,0.003039836883544922,success
0454B73A9C4C80,0,['Castelvecchio'],Arena,"['Verona Tour', 'Museo Lapidario', 'Museo Radio', 'San Fermo', 'Casa Giulietta']",Santa Anastasia,strategy_nearest,False,0.0027968883514404297,success
0454BB429C4C80,6,['Casa Giulietta'],Verona Tour,"['Museo Lapidario', 'Arena', 'Castelvecchio', 'Museo Radio', 'Sighseeing']",Tomba Giulietta,strategy_nearest,False,0.002263784408569336,success
0454C6429C4C80,0,"['Arena', 'Casa Giulietta']",Torre Lamberti,"['Sighseeing', 'Centro Fotografia', 'Museo Conte', 'Palazzo della Ragione', 'AMO']",Duomo,strategy_nearest,False,0.003118276596069336,success
0454C1429C4C80,0,['Arena'],Castelvecchio,"['Museo Lapidario', 'Verona Tour', 'Museo Radio', 'San Zeno', 'Sighseeing']",San Zeno,strategy_nearest,True,0.002905130386352539,success
0454C93A9C4C80,1,"['Arena', 'Casa Giulietta']",Torre Lamberti,"['Sighseeing', 'Centro Fotografia', 'Museo Conte', 'Palazzo della Ragione', 'AMO']",Palazzo della Ragione,strategy_nearest,True,0.0030770301818847656,success
0454D83A9C4C80,1,"['Arena', 'Torre Lamberti', 'Teatro Romano']",Santa Anastasia,"['AMO', 'Museo Conte', 'Palazzo della Ragione', 'Centro Fotografia', 'Duomo']",Casa Giulietta,strategy_nearest,False,0.0033719539642333984,success
0454CF3A9C4C80,3,['Arena'],Casa Giulietta,"['Centro Fotografia', 'Sighseeing', 'Torre Lamberti', 'Museo Conte', 'Museo Radio']",Santa Anastasia,strategy_nearest,False,0.0028111934661865234,success
0454DC3A9C4C80,0,['Casa Giulietta'],Arena,"['Verona Tour', 'Museo Lapidario', 'Museo Radio', 'San Fermo', 'Sighseeing']",Torre Lamberti,strategy_nearest,False,0.002225160598754883,success
0454D7429C4C80,1,"['Arena', 'Museo Lapidario', 'Castelvecchio', 'San Zeno']",Palazzo della Ragione,"['AMO', 'Museo Conte', 'Torre Lamberti', 'Centro Fotografia', 'Sighseeing']",Torre Lamberti,strategy_nearest,True,0.0028638839721679688,success
0454F8429C4C80,1,"['Arena', 'Casa Giulietta']",Teatro Romano,"['Santa Anastasia', 'Duomo', 'AMO', 'Palazzo della Ragione', 'Museo Conte']",Torre Lamberti,strategy_nearest,False,0.0030219554901123047,success
0454FB3A9C4C80,3,"['Torre Lamberti', 'Santa Anastasia']",Teatro Romano,"['Duomo', 'AMO', 'Palazzo della Ragione', 'Museo Conte', 'Centro Fotografia']",Duomo,strategy_nearest,True,0.002804994583129883,success
0454FF3A9C4C80,1,"['Museo Lapidario', 'Casa Giulietta']",Santa Anastasia,"['AMO', 'Museo Conte', 'Palazzo della Ragione', 'Teatro Romano', 'Centro Fotografia']",Palazzo della Ragione,strategy_nearest,True,0.003428936004638672,success
0454EF3A9C4C80,1,"['Arena', 'Palazzo della Ragione']",Castelvecchio,"['Museo Lapidario', 'Verona Tour', 'Museo Radio', 'San Zeno', 'Sighseeing']",San Fermo,strategy_nearest,False,0.0022940635681152344,success
0455033A9C4C84,0,['Museo Lapidario'],Casa Giulietta,"['Centro Fotografia', 'Sighseeing', 'Torre Lamberti', 'Museo Conte', 'Museo Radio']",Arena,strategy_nearest,False,0.0019502639770507812,success
0455143A9C4C84,0,['Teatro Romano'],Casa Giulietta,"['Centro Fotografia', 'Sighseeing', 'Torre Lamberti', 'Museo Conte', 'Museo Radio']",Arena,strategy_nearest,False,0.002725839614868164,success
045510429C4C84,3,"['Arena', 'Castelvecchio']",Teatro Romano,"['Santa Anastasia', 'Duomo', 'AMO', 'Palazzo della Ragione', 'Museo Conte']",Casa Giulietta,strategy_nearest,False,0.0026001930236816406,success
0455193A9C4C84,1,"['Casa Giulietta', 'Torre Lamberti']",Palazzo della Ragione,"['AMO', 'Museo Conte', 'Centro Fotografia', 'Sighseeing', 'Santa Anastasia']",Teatro Romano,strategy_nearest,False,0.003567934036254883,success
045519429C4C80,3,['Arena'],Torre Lamberti,"['Sighseeing', 'Centro Fotografia', 'Museo Conte', 'Casa Giulietta', 'Palazzo della Ragione']",Duomo,strategy_nearest,False,0.0025861263275146484,success
0455244A9C4C80,1,"['Arena', 'Casa Giulietta', 'Museo Lapidario', 'Castelvecchio']",Torre Lamberti,"['Sighseeing', 'Centro Fotografia', 'Museo Conte', 'Palazzo della Ragione', 'AMO']",Palazzo della Ragione,strategy_nearest,True,0.0025758743286132812,success
04551B3A9C4C84,1,"['Casa Giulietta', 'Giardino Giusti', 'Teatro Romano', 'Duomo']",Museo Lapidario,"['Verona Tour', 'Arena', 'Castelvecchio', 'Museo Radio', 'San Fermo']",Arena,strategy_nearest,True,0.0038640499114990234,success
04552F3A9C4C80,1,"['Casa Giulietta', 'Palazzo della Ragione', 'Torre Lamberti']",Arena,"['Verona Tour', 'Museo Lapidario', 'Museo Radio', 'San Fermo', 'Sighseeing']",Museo Lapidario,strategy_nearest,True,0.0029087066650390625,success
045532429C4C80,2,"['Casa Giulietta', 'Torre Lamberti']",Duomo,"['AMO', 'Museo Miniscalchi', 'Santa Anastasia', 'Teatro Romano', 'Palazzo della Ragione']",Teatro Romano,strategy_nearest,True,0.003435850143432617,success
0455373A9C4C80,0,['Casa Giulietta'],Arena,"['Verona Tour', 'Museo Lapidario', 'Museo Radio', 'San Fermo', 'Sighseeing']",Duomo,strategy_nearest,False,0.0021529197692871094,success
04553B3A9C4C80,0,"['Torre Lamberti', 'Duomo']",Arena,"['Verona Tour', 'Museo Lapidario', 'Museo Radio', 'San Fermo', 'Casa Giulietta']",Casa Giulietta,strategy_nearest,True,0.002643108367919922,success
045538429C4C80,0,['Casa Giulietta'],Torre Lamberti,"['Sighseeing', 'Centro Fotografia', 'Museo Conte', 'Palazzo della Ragione', 'AMO']",Arena,strategy_nearest,False,0.0027539730072021484,success
04553D3A9C4C80,1,"['Torre Lamberti', 'Casa Giulietta']",Teatro Romano,"['Santa Anastasia', 'Duomo', 'AMO', 'Palazzo della Ragione', 'Museo Conte']",Arena,strategy_nearest,False,0.003057241439819336,success
045550429C4C80,3,['Arena'],Casa Giulietta,"['Centro Fotografia', 'Sighseeing', 'Torre Lamberti', 'Museo Conte', 'Museo Radio']",Torre Lamberti,strategy_nearest,True,0.002135038375854492,success
0455413A9C4C80,3,"['San Zeno', 'Arena', 'Casa Giulietta']",Torre Lamberti,"['Sighseeing', 'Centro Fotografia', 'Museo Conte', 'Palazzo della Ragione', 'AMO']",Santa Anastasia,strategy_nearest,False,0.003392934799194336,success
045551429C4C80,3,"['Arena', 'Casa Giulietta']",Torre Lamberti,"['Sighseeing', 'Centro Fotografia', 'Museo Conte', 'Palazzo della Ragione', 'AMO']",Santa Anastasia,strategy_nearest,False,0.0026090145111083984,success
0455523A9C4C80,0,['Arena'],Casa Giulietta,"['Centro Fotografia', 'Sighseeing', 'Torre Lamberti', 'Museo Conte', 'Museo Radio']",Tomba Giulietta,strategy_nearest,False,0.0033342838287353516,success
04555E429C4C80,1,['Arena'],San Fermo,"['Museo Storia', 'Museo Radio', 'Casa Giulietta', 'Centro Fotografia', 'Sighseeing']",Palazzo della Ragione,strategy_nearest,False,0.0020339488983154297,success
0455753A9C4C80,0,['Arena'],Casa Giulietta,"['Centro Fotografia', 'Sighseeing', 'Torre Lamberti', 'Museo Conte', 'Museo Radio']",Santa Anastasia,strategy_nearest,False,0.002819061279296875,success
0455783A9C4C80,1,"['Arena', 'Torre Lamberti']",Palazzo della Ragione,"['AMO', 'Museo Conte', 'Centro Fotografia', 'Sighseeing', 'Santa Anastasia']",Casa Giulietta,strategy_nearest,False,0.0035219192504882812,success
045578429C4C80,3,"['Arena', 'Casa Giulietta']",Santa Anastasia,"['AMO', 'Museo Conte', 'Palazzo della Ragione', 'Teatro Romano', 'Centro Fotografia']",Duomo,strategy_nearest,False,0.002788066864013672,success
0455794A9C4C80,0,"['Arena', 'Museo Lapidario']",Castelvecchio,"['Verona Tour', 'Museo Radio', 'San Zeno', 'Sighseeing', 'Museo Miniscalchi']",Torre Lamberti,strategy_nearest,False,0.0026831626892089844,success
04557C429C4C80,0,['Casa Giulietta'],Arena,"['Verona Tour', 'Museo Lapidario', 'Museo Radio', 'San Fermo', 'Sighseeing']",Tomba Giulietta,strategy_nearest,False,0.003248929977416992,success
04557D429C4C80,0,"['Castelvecchio', 'Arena']",Casa Giulietta,"['Centro Fotografia', 'Sighseeing', 'Torre Lamberti', 'Museo Conte', 'Museo Radio']",Torre Lamberti,strategy_nearest,True,0.0026068687438964844,success
0455853A9C4C80,3,"['Santa Anastasia', 'Torre Lamberti', 'Arena']",Castelvecchio,"['Museo Lapidario', 'Verona Tour', 'Museo Radio', 'San Zeno', 'Sighseeing']",San Zeno,strategy_nearest,True,0.0026628971099853516,success
045583429C4C80,3,['Arena'],Castelvecchio,"['Museo Lapidario', 'Verona Tour', 'Museo Radio', 'San Zeno', 'Sighseeing']",San Zeno,strategy_nearest,True,0.0029799938201904297,success
0455883A9C4C80,3,"['Casa Giulietta', 'Torre Lamberti', 'Arena']",San Zeno,"['Castelvecchio', 'Verona Tour', 'Museo Lapidario', 'Museo Miniscalchi', 'Sighseeing']",Castelvecchio,strategy_nearest,True,0.0032148361206054688,success
04558F429C4C80,1,"['Casa Giulietta', 'Torre Lamberti']",Palazzo della Ragione,"['AMO', 'Museo Conte', 'Centro Fotografia', 'Sighseeing', 'Santa Anastasia']",Arena,strategy_nearest,False,0.0021660327911376953,success
0455B6429C4C80,0,"['Arena', 'Castelvecchio']",Duomo,"['AMO', 'Museo Miniscalchi', 'Santa Anastasia', 'Teatro Romano', 'Palazzo della Ragione']",Casa Giulietta,strategy_nearest,False,0.0021660327911376953,success
0455BD429C4C80,3,"['Arena', 'Tomba Giulietta']",Santa Anastasia,"['AMO', 'Museo Conte', 'Palazzo della Ragione', 'Teatro Romano', 'Centro Fotografia']",Duomo,strategy_nearest,False,0.003393888473510742,success
0455A9429C4C80,3,['Arena'],Casa Giulietta,"['Centro Fotografia', 'Sighseeing', 'Torre Lamberti', 'Museo Conte', 'Museo Radio']",Santa Anastasia,strategy_nearest,False,0.0028717517852783203,success
0455C8429C4C80,1,"['Arena', 'Casa Giulietta']",Palazzo della Ragione,"['AMO', 'Museo Conte', 'Torre Lamberti', 'Centro Fotografia', 'Sighseeing']",Torre Lamberti,strategy_nearest,True,0.001973867416381836,success
0455C4429C4C80,1,"['Castelvecchio', 'Casa Giulietta', 'Arena', 'San Fermo']",Santa Anastasia,"['AMO', 'Museo Conte', 'Palazzo della Ragione', 'Teatro Romano', 'Centro Fotografia']",Duomo,strategy_nearest,False,0.003423929214477539,success
0455D2429C4C80,3,"['Casa Giulietta', 'Santa Anastasia']",Arena,"['Verona Tour', 'Museo Lapidario', 'Museo Radio', 'San Fermo', 'Sighseeing']",San Fermo,strategy_nearest,True,0.002730846405029297,success
0455C93A9C4C80,1,"['Palazzo della Ragione', 'Torre Lamberti']",Casa Giulietta,"['Centro Fotografia', 'Sighseeing', 'Museo Conte', 'Museo Radio', 'San Fermo']",Arena,strategy_nearest,False,0.00393986701965332,success
0455D3429C4C80,0,['Arena'],Museo Lapidario,"['Verona Tour', 'Castelvecchio', 'Museo Radio', 'San Fermo', 'Casa Giulietta']",Tomba Giulietta,strategy_nearest,False,0.003231048583984375,success
0455D8429C4C80,1,"['Castelvecchio', 'Arena']",Museo Lapidario,"['Verona Tour', 'Museo Radio', 'San Fermo', 'Casa Giulietta', 'Tomba Giulietta']",Casa Giulietta,strategy_nearest,True,0.003191709518432617,success
0455D63A9C4C80,1,"['Arena', 'San Fermo', 'Casa Giulietta', 'Torre Lamberti', 'Palazzo della Ragione']",San Zeno,"['Castelvecchio', 'Verona Tour', 'Museo Lapidario', 'Museo Miniscalchi', 'Sighseeing']",Castelvecchio,strategy_nearest,True,0.002607107162475586,success
0455DC3A9C4C80,3,"['Arena', 'Casa Giulietta']",Torre Lamberti,"['Sighseeing', 'Centro Fotografia', 'Museo Conte', 'Palazzo della Ragione', 'AMO']",Duomo,strategy_nearest,False,0.0020787715911865234,success
0455F0429C4C80,0,"['Teatro Romano', 'Torre Lamberti']",Arena,"['Verona Tour', 'Museo Lapidario', 'Museo Radio', 'San Fermo', 'Casa Giulietta']",Castelvecchio,strategy_nearest,False,0.0029287338256835938,success
0455DC429C4C80,0,"['Arena', 'Casa Giulietta']",Tomba Giulietta,"['San Fermo', 'Museo Storia', 'Museo Lapidario', 'Museo Radio', 'Verona Tour']",Castelvecchio,strategy_nearest,False,0.0026450157165527344,success
0455E4429C4C80,4,"['Arena', 'Tomba Giulietta', 'Museo Radio', 'Museo Storia']",San Fermo,"['Casa Giulietta', 'Centro Fotografia', 'Sighseeing', 'Torre Lamberti', 'Museo Conte']",Torre Lamberti,strategy_nearest,True,0.002662181854248047,success
04561A429C4C84,1,"['Casa Giulietta', 'Torre Lamberti', 'Palazzo della Ragione']",Santa Anastasia,"['AMO', 'Museo Conte', 'Teatro Romano', 'Centro Fotografia', 'Duomo']",San Zeno,strategy_nearest,False,0.0018720626831054688,success
04561B429C4C80,3,"['Museo Lapidario', 'Castelvecchio', 'Santa Anastasia']",Duomo,"['AMO', 'Museo Miniscalchi', 'Teatro Romano', 'Palazzo della Ragione', 'Museo Conte']",Arena,strategy_nearest,False,0.0018398761749267578,success
04561C3A9C4C80,3,"['Arena', 'Casa Giulietta']",Castelvecchio,"['Museo Lapidario', 'Verona Tour', 'Museo Radio', 'San Zeno', 'Sighseeing']",Santa Anastasia,strategy_nearest,False,0.002927064895629883,success
04561C3A9C4C84,3,"['Arena', 'Tomba Giulietta']",San Fermo,"['Museo Storia', 'Museo Radio', 'Casa Giulietta', 'Centro Fotografia', 'Sighseeing']",Casa Giulietta,strategy_nearest,True,0.0035848617553710938,success
04561C429C4C80,2,"['Torre Lamberti', 'Museo Storia', 'Tomba Giulietta']",Castelvecchio,"['Museo Lapidario', 'Verona Tour', 'Arena', 'Museo Radio', 'San Zeno']",Casa Giulietta,strategy_nearest,False,0.0032699108123779297,success
04561D429C4C80,1,"['Torre Lamberti', 'Palazzo della Ragione']",Casa Giulietta,"['Centro Fotografia', 'Sighseeing', 'Museo Conte', 'Museo Radio', 'San Fermo']",Arena,strategy_nearest,False,0.0030641555786132812,success
04561F4A9C4C80,1,"['Arena', 'Teatro Romano', 'Duomo', 'Santa Anastasia']",Torre Lamberti,"['Sighseeing', 'Centro Fotografia', 'Museo Conte', 'Casa Giulietta', 'Palazzo della Ragione']",Palazzo della Ragione,strategy_nearest,True,0.004075050354003906,success
0456233A9C4C80,1,"['Arena', 'Casa Giulietta']",Torre Lamberti,"['Sighseeing', 'Centro Fotografia', 'Museo Conte', 'Palazzo della Ragione', 'AMO']",Palazzo della Ragione,strategy_nearest,True,0.0031180381774902344,success
0456203A9C4C80,1,['Arena'],Museo Lapidario,"['Verona Tour', 'Castelvecchio', 'Museo Radio', 'San Fermo', 'Casa Giulietta']",Palazzo della Ragione,strategy_nearest,False,0.0025179386138916016,success
0456234A9C4C80,0,['Arena'],Torre Lamberti,"['Sighseeing', 'Centro Fotografia', 'Museo Conte', 'Casa Giulietta', 'Palazzo della Ragione']",San Fermo,strategy_nearest,False,0.0023031234741210938,success
04562B3A9C4C80,1,"['Museo Lapidario', 'Arena', 'San Fermo', 'Museo Storia', 'Casa Giulietta']",Torre Lamberti,"['Sighseeing', 'Centro Fotografia', 'Museo Conte', 'Palazzo della Ragione', 'AMO']",Palazzo della Ragione,strategy_nearest,True,0.0020182132720947266,success
0456274A9C4C80,3,"['Castelvecchio', 'Arena', 'Tomba Giulietta', 'Torre Lamberti']",Santa Anastasia,"['AMO', 'Museo Conte', 'Palazzo della Ragione', 'Teatro Romano', 'Centro Fotografia']",Duomo,strategy_nearest,False,0.002868175506591797,success
0456403A9C4C80,0,"['Casa Giulietta', 'Torre Lamberti']",Arena,"['Verona Tour', 'Museo Lapidario', 'Museo Radio', 'San Fermo', 'Sighseeing']",Castelvecchio,strategy_nearest,False,0.003412961959838867,success
0456453A9C4C80,3,"['Arena', 'Casa Giulietta']",Santa Anastasia,"['AMO', 'Museo Conte', 'Palazzo della Ragione', 'Teatro Romano', 'Centro Fotografia']",Duomo,strategy_nearest,False,0.0031278133392333984,success
0456513A9C4C80,3,"['Arena', 'Museo Lapidario', 'Castelvecchio', 'Tomba Giulietta']",San Fermo,"['Museo Storia', 'Museo Radio', 'Casa Giulietta', 'Centro Fotografia', 'Sighseeing']",Casa Giulietta,strategy_nearest,True,0.0020787715911865234,success
045650429C4C80,1,"['Arena', 'Palazzo della Ragione']",Torre Lamberti,"['Sighseeing', 'Centro Fotografia', 'Museo Conte', 'Casa Giulietta', 'AMO']",Santa Anastasia,strategy_nearest,False,0.003580808639526367,success
045648429C4C80,2,['Casa Giulietta'],San Fermo,"['Museo Storia', 'Museo Radio', 'Centro Fotografia', 'Arena', 'Sighseeing']",Torre Lamberti,strategy_nearest,False,0.0036301612854003906,success
04566C429C4C80,3,['Arena'],Casa Giulietta,"['Centro Fotografia', 'Sighseeing', 'Torre Lamberti', 'Museo Conte', 'Museo Radio']",Torre Lamberti,strategy_nearest,True,0.0014467239379882812,success
0456864A9C4C80,1,"['Arena', 'Tomba Giulietta', 'San Fermo', 'Casa Giulietta']",Torre Lamberti,"['Sighseeing', 'Centro Fotografia', 'Museo Conte', 'Palazzo della Ragione', 'AMO']",Palazzo della Ragione,strategy_nearest,True,0.0019397735595703125,success
045675429C4C80,3,"['Arena', 'San Zeno']",Castelvecchio,"['Museo Lapidario', 'Verona Tour', 'Museo Radio', 'Sighseeing', 'Museo Miniscalchi']",Torre Lamberti,strategy_nearest,False,0.0024280548095703125,success
045681429C4C80,1,['Castelvecchio'],Torre Lamberti,"['Sighseeing', 'Centro Fotografia', 'Museo Conte', 'Casa Giulietta', 'Palazzo della Ragione']",Palazzo della Ragione,strategy_nearest,True,0.002574920654296875,success
0456894A9C4C80,1,"['Arena', 'Museo Lapidario', 'Castelvecchio', 'San Zeno']",Teatro Romano,"['Santa Anastasia', 'Duomo', 'AMO', 'Palazzo della Ragione', 'Museo Conte']",Duomo,strategy_nearest,True,0.002301931381225586,success
0456964A9C4C80,0,"['Torre Lamberti', 'Arena']",San Zeno,"['Castelvecchio', 'Verona Tour', 'Museo Lapidario', 'Museo Miniscalchi', 'Sighseeing']",Castelvecchio,strategy_nearest,True,0.0026209354400634766,success
0456904A9C4C80,1,['Arena'],Torre Lamberti,"['Sighseeing', 'Centro Fotografia', 'Museo Conte', 'Casa Giulietta', 'Palazzo della Ragione']",Palazzo della Ragione,strategy_nearest,True,0.003620147705078125,success
04568E429C4C80,0,['Santa Anastasia'],Arena,"['Verona Tour', 'Museo Lapidario', 'Museo Radio', 'San Fermo', 'Casa Giulietta']",Casa Giulietta,strategy_nearest,True,0.0022232532501220703,success
04569B429C4C80,1,"['Arena', 'Casa Giulietta']",Torre Lamberti,"['Sighseeing', 'Centro Fotografia', 'Museo Conte', 'Palazzo della Ragione', 'AMO']",Palazzo della Ragione,strategy_nearest,True,0.0033440589904785156,success
0456A8429C4C80,0,['San Zeno'],Castelvecchio,"['Museo Lapidario', 'Verona Tour', 'Arena', 'Museo Radio', 'Sighseeing']",Arena,strategy_nearest,True,0.002665996551513672,success
0456A872743380,2,['Santa Anastasia'],Teatro Romano,"['Duomo', 'AMO', 'Palazzo della Ragione', 'Museo Conte', 'Centro Fotografia']",Casa Giulietta,strategy_nearest,False,0.0027179718017578125,success
0456B23A9C4C80,1,['Arena'],Giardino Giusti,"['Santa Anastasia', 'Teatro Romano', 'Museo Conte', 'Centro Fotografia', 'Museo Storia']",Duomo,strategy_nearest,False,0.003432750701904297,success
0456BD429C4C80,3,['Arena'],Santa Anastasia,"['AMO', 'Museo Conte', 'Palazzo della Ragione', 'Teatro Romano', 'Centro Fotografia']",Duomo,strategy_nearest,False,0.002624988555908203,success
0456C4429C4C80,2,"['Castelvecchio', 'San Zeno']",Santa Anastasia,"['AMO', 'Museo Conte', 'Palazzo della Ragione', 'Teatro Romano', 'Centro Fotografia']",Torre Lamberti,strategy_nearest,False,0.0024139881134033203,success
0456BB429C4C80,1,"['Arena', 'Museo Lapidario', 'Casa Giulietta', 'Palazzo della Ragione', 'Torre Lamberti']",Santa Anastasia,"['AMO', 'Museo Conte', 'Teatro Romano', 'Centro Fotografia', 'Duomo']",Duomo,strategy_nearest,True,0.0033757686614990234,success
0456C03A9C4C80,0,['Castelvecchio'],Arena,"['Verona Tour', 'Museo Lapidario', 'Museo Radio', 'San Fermo', 'Casa Giulietta']",Casa Giulietta,strategy_nearest,True,0.003348827362060547,success
0456C8429C4C80,3,['Arena'],Casa Giulietta,"['Centro Fotografia', 'Sighseeing', 'Torre Lamberti', 'Museo Conte', 'Museo Radio']",Santa Anastasia,strategy_nearest,False,0.0036242008209228516,success
0456CE3A9C4C80,1,"['Arena', 'Casa Giulietta']",Torre Lamberti,"['Sighseeing', 'Centro Fotografia', 'Museo Conte', 'Palazzo della Ragione', 'AMO']",Palazzo della Ragione,strategy_nearest,True,0.0025908946990966797,success
0456C93A9C4C80,3,['Arena'],Casa Giulietta,"['Centro Fotografia', 'Sighseeing', 'Torre Lamberti', 'Museo Conte', 'Museo Radio']",Santa Anastasia,strategy_nearest,False,0.0034399032592773438,success
0456D73A9C4C80,3,"['Santa Anastasia', 'Duomo', 'Teatro Romano', 'Arena']",Tomba Giulietta,"['San Fermo', 'Museo Storia', 'Museo Lapidario', 'Museo Radio', 'Verona Tour']",Casa Giulietta,strategy_nearest,False,0.0032548904418945312,success
0456D7429C4C80,3,"['Arena', 'Museo Lapidario', 'Castelvecchio', 'Tomba Giulietta']",Torre Lamberti,"['Sighseeing', 'Centro Fotografia', 'Museo Conte', 'Casa Giulietta', 'Palazzo della Ragione']",Santa Anastasia,strategy_nearest,False,0.003173828125,success
0456D93A9C4C80,4,"['Arena', 'Museo Lapidario', 'Casa Giulietta', 'Torre Lamberti', 'Palazzo della Ragione', 'Duomo']",Santa Anastasia,"['AMO', 'Museo Conte', 'Teatro Romano', 'Centro Fotografia', 'Sighseeing']",Teatro Romano,strategy_nearest,True,0.0018579959869384766,success
0456E2429C4C80,1,"['Arena', 'Casa Giulietta', 'Castelvecchio']",Museo Lapidario,"['Verona Tour', 'Museo Radio', 'San Fermo', 'Tomba Giulietta', 'Sighseeing']",Torre Lamberti,strategy_nearest,False,0.0023660659790039062,success
0456DE3A9C4C80,3,"['Arena', 'Casa Giulietta']",Santa Anastasia,"['AMO', 'Museo Conte', 'Palazzo della Ragione', 'Teatro Romano', 'Centro Fotografia']",Duomo,strategy_nearest,False,0.0035080909729003906,success
0457003A9C4C84,2,"['Museo Lapidario', 'Castelvecchio']",Duomo,"['AMO', 'Museo Miniscalchi', 'Santa Anastasia', 'Teatro Romano', 'Palazzo della Ragione']",Casa Giulietta,strategy_nearest,False,0.0025599002838134766,success
0457073A9C4C84,3,"['Arena', 'Casa Giulietta']",Torre Lamberti,"['Sighseeing', 'Centro Fotografia', 'Museo Conte', 'Palazzo della Ragione', 'AMO']",Duomo,strategy_nearest,False,0.003371000289916992,success
045708429C4C84,1,"['Arena', 'Torre Lamberti']",Palazzo della Ragione,"['AMO', 'Museo Conte', 'Centro Fotografia', 'Sighseeing', 'Santa Anastasia']",San Zeno,strategy_nearest,False,0.001920938491821289,success
045707429C4C84,3,"['Arena', 'Torre Lamberti', 'San Fermo', 'Giardino Giusti']",Teatro Romano,"['Santa Anastasia', 'Duomo', 'AMO', 'Palazzo della Ragione', 'Museo Conte']",Duomo,strategy_nearest,True,0.0034418106079101562,success
04570D429C4C84,1,"['Arena', 'Santa Anastasia', 'Casa Giulietta']",San Fermo,"['Museo Storia', 'Museo Radio', 'Centro Fotografia', 'Sighseeing', 'Torre Lamberti']",Duomo,strategy_nearest,False,0.0032110214233398438,success
045718429C4C80,3,['Santa Anastasia'],Torre Lamberti,"['Sighseeing', 'Centro Fotografia', 'Museo Conte', 'Casa Giulietta', 'Palazzo della Ragione']",Castelvecchio,strategy_nearest,False,0.002125263214111328,success
04570E429C4C84,3,"['Arena', 'Casa Giulietta']",Teatro Romano,"['Santa Anastasia', 'Duomo', 'AMO', 'Palazzo della Ragione', 'Museo Conte']",Santa Anastasia,strategy_nearest,True,0.002536296844482422,success
0457193A9C4C84,0,['Arena'],Casa Giulietta,"['Centro Fotografia', 'Sighseeing', 'Torre Lamberti', 'Museo Conte', 'Museo Radio']",Castelvecchio,strategy_nearest,False,0.0027730464935302734,success
04571C429C4C80,0,['Arena'],Casa Giulietta,"['Centro Fotografia', 'Sighseeing', 'Torre Lamberti', 'Museo Conte', 'Museo Radio']",Santa Anastasia,strategy_nearest,False,0.003248929977416992,success
04572A429C4C80,1,"['Arena', 'Torre Lamberti', 'Palazzo della Ragione', 'Santa Anastasia']",Teatro Romano,"['Duomo', 'AMO', 'Museo Conte', 'Centro Fotografia', 'Museo Miniscalchi']",Duomo,strategy_nearest,True,0.0027010440826416016,success
04571F3A9C4C80,3,"['Arena', 'Casa Giulietta', 'Santa Anastasia']",Duomo,"['AMO', 'Museo Miniscalchi', 'Teatro Romano', 'Palazzo della Ragione', 'Museo Conte']",Castelvecchio,strategy_nearest,False,0.002203226089477539,success
04571E3A9C4C84,1,"['Casa Giulietta', 'Torre Lamberti', 'Palazzo della Ragione']",Duomo,"['AMO', 'Museo Miniscalchi', 'Santa Anastasia', 'Teatro Romano', 'Museo Conte']",Teatro Romano,strategy_nearest,True,0.0022068023681640625,success
04572B3A9C4C80,3,"['Arena', 'Torre Lamberti']",Casa Giulietta,"['Centro Fotografia', 'Sighseeing', 'Museo Conte', 'Museo Radio', 'Palazzo della Ragione']",Santa Anastasia,strategy_nearest,False,0.003339052200317383,success
04572C4A9C4C80,1,"['Arena', 'Torre Lamberti', 'Santa Anastasia', 'San Fermo']",Teatro Romano,"['Duomo', 'AMO', 'Palazzo della Ragione', 'Museo Conte', 'Centro Fotografia']",Palazzo della Ragione,strategy_nearest,True,0.0027570724487304688,success
045734429C4C80,1,['Arena'],Casa Giulietta,"['Centro Fotografia', 'Sighseeing', 'Torre Lamberti', 'Museo Conte', 'Museo Radio']",Palazzo della Ragione,strategy_nearest,False,0.0020990371704101562,success
04573A3A9C4C80,1,"['Arena', 'Palazzo della Ragione']",Torre Lamberti,"['Sighseeing', 'Centro Fotografia', 'Museo Conte', 'Casa Giulietta', 'AMO']",Casa Giulietta,strategy_nearest,True,0.0025238990783691406,success
0457393A9C4C80,3,"['Casa Giulietta', 'Torre Lamberti']",Arena,"['Verona Tour', 'Museo Lapidario', 'Museo Radio', 'San Fermo', 'Sighseeing']",Teatro Romano,strategy_nearest,False,0.004743099212646484,success
045747429C4C80,0,['Arena'],Casa Giulietta,"['Centro Fotografia', 'Sighseeing', 'Torre Lamberti', 'Museo Conte', 'Museo Radio']",Santa Anastasia,strategy_nearest,False,0.002043008804321289,success
04574D429C4C80,1,"['Arena', 'San Fermo']",Casa Giulietta,"['Centro Fotografia', 'Sighseeing', 'Torre Lamberti', 'Museo Conte', 'Museo Radio']",Palazzo della Ragione,strategy_nearest,False,0.0031838417053222656,success
04574F3A9C4C80,1,['Arena'],Casa Giulietta,"['Centro Fotografia', 'Sighseeing', 'Torre Lamberti', 'Museo Conte', 'Museo Radio']",Torre Lamberti,strategy_nearest,True,0.0027990341186523438,success
0457513A9C4C80,3,"['Arena', 'San Fermo']",Teatro Romano,"['Santa Anastasia', 'Duomo', 'AMO', 'Palazzo della Ragione', 'Museo Conte']",Torre Lamberti,strategy_nearest,False,0.001840829849243164,success
0457523A9C4C80,3,"['Arena', 'Santa Anastasia', 'Casa Giulietta']",Teatro Romano,"['Duomo', 'AMO', 'Palazzo della Ragione', 'Museo Conte', 'Centro Fotografia']",Museo Storia,strategy_nearest,False,0.005172014236450195,success
04577B3A9C4C80,3,"['Santa Anastasia', 'Casa Giulietta', 'Arena', 'Tomba Giulietta']",Castelvecchio,"['Museo Lapidario', 'Verona Tour', 'Museo Radio', 'San Zeno', 'Sighseeing']",San Zeno,strategy_nearest,True,0.0019021034240722656,success
045781429C4C80,2,"['Castelvecchio', 'Casa Giulietta']",Palazzo della Ragione,"['AMO', 'Museo Conte', 'Torre Lamberti', 'Centro Fotografia', 'Sighseeing']",Torre Lamberti,strategy_nearest,True,0.0039081573486328125,success
045753429C4C80,3,['Arena'],Torre Lamberti,"['Sighseeing', 'Centro Fotografia', 'Museo Conte', 'Casa Giulietta', 'Palazzo della Ragione']",Santa Anastasia,strategy_nearest,False,0.0028200149536132812,success
0457884A9C4C80,1,"['Arena', 'Casa Giulietta', 'Torre Lamberti', 'Palazzo della Ragione']",Santa Anastasia,"['AMO', 'Museo Conte', 'Teatro Romano', 'Centro Fotografia', 'Duomo']",Teatro Romano,strategy_nearest,True,0.001260995864868164,success
04578B429C4C80,3,"['Arena', 'Casa Giulietta']",Torre Lamberti,"['Sighseeing', 'Centro Fotografia', 'Museo Conte', 'Palazzo della Ragione', 'AMO']",Santa Anastasia,strategy_nearest,False,0.0029189586639404297,success
0457833A9C4C80,3,"['Arena', 'Casa Giulietta']",Teatro Romano,"['Santa Anastasia', 'Duomo', 'AMO', 'Palazzo della Ragione', 'Museo Conte']",Santa Anastasia,strategy_nearest,True,0.003428936004638672,success
0457A04A9C4C80,3,['Torre Lamberti'],Casa Giulietta,"['Centro Fotografia', 'Sighseeing', 'Museo Conte', 'Museo Radio', 'Palazzo della Ragione']",Santa Anastasia,strategy_nearest,False,0.003206968307495117,success
04578B4A9C4C80,1,"['Castelvecchio', 'Arena']",Casa Giulietta,"['Centro Fotografia', 'Sighseeing', 'Torre Lamberti', 'Museo Conte', 'Museo Radio']",Palazzo della Ragione,strategy_nearest,False,0.0029838085174560547,success
0457AF3A9C4C80,3,"['Arena', 'Castelvecchio']",Santa Anastasia,"['AMO', 'Museo Conte', 'Palazzo della Ragione', 'Teatro Romano', 'Centro Fotografia']",Teatro Romano,strategy_nearest,True,0.006211280822753906,success
0457A64A9C4C80,1,"['Arena', 'Casa Giulietta']",Torre Lamberti,"['Sighseeing', 'Centro Fotografia', 'Museo Conte', 'Palazzo della Ragione', 'AMO']",Palazzo della Ragione,strategy_nearest,True,0.00127410888671875,success
0457BD3A9C4C80,0,['Arena'],Teatro Romano,"['Santa Anastasia', 'Duomo', 'AMO', 'Palazzo della Ragione', 'Museo Conte']",Castelvecchio,strategy_nearest,False,0.005087852478027344,success
0457BE429C4C80,1,"['Castelvecchio', 'Arena', 'Casa Giulietta']",Santa Anastasia,"['AMO', 'Museo Conte', 'Palazzo della Ragione', 'Teatro Romano', 'Centro Fotografia']",Palazzo della Ragione,strategy_nearest,True,0.010973930358886719,success
0457CF3A9C4C80,0,['Arena'],Casa Giulietta,"['Centro Fotografia', 'Sighseeing', 'Torre Lamberti', 'Museo Conte', 'Museo Radio']",Torre Lamberti,strategy_nearest,True,0.004606962203979492,success
0457DF3A9C4C80,1,"['Arena', 'Casa Giulietta', 'Torre Lamberti', 'Palazzo della Ragione']",Santa Anastasia,"['AMO', 'Museo Conte', 'Teatro Romano', 'Centro Fotografia', 'Duomo']",Duomo,strategy_nearest,True,0.004019975662231445,success
0457D63A9C4C80,3,"['Casa Giulietta', 'Torre Lamberti', 'Santa Anastasia']",Duomo,"['AMO', 'Museo Miniscalchi', 'Teatro Romano', 'Palazzo della Ragione', 'Museo Conte']",Teatro Romano,strategy_nearest,True,0.0031180381774902344,success
0457E03A9C4C80,3,"['Arena', 'Casa Giulietta']",Santa Anastasia,"['AMO', 'Museo Conte', 'Palazzo della Ragione', 'Teatro Romano', 'Centro Fotografia']",Duomo,strategy_nearest,False,0.0033342838287353516,success
0457D1429C4C80,3,"['Arena', 'Castelvecchio', 'San Fermo']",Teatro Romano,"['Santa Anastasia', 'Duomo', 'AMO', 'Palazzo della Ragione', 'Museo Conte']",Duomo,strategy_nearest,True,0.0025768280029296875,success
0457E83A9C4C80,3,"['Arena', 'Casa Giulietta']",Santa Anastasia,"['AMO', 'Museo Conte', 'Palazzo della Ragione', 'Teatro Romano', 'Centro Fotografia']",Duomo,strategy_nearest,False,0.0023860931396484375,success
0457EE3A9C4C80,2,"['Santa Anastasia', 'Museo Lapidario']",Casa Giulietta,"['Centro Fotografia', 'Sighseeing', 'Torre Lamberti', 'Museo Conte', 'Museo Radio']",Palazzo della Ragione,strategy_nearest,False,0.0016942024230957031,success
045818429C4C80,0,['Arena'],Casa Giulietta,"['Centro Fotografia', 'Sighseeing', 'Torre Lamberti', 'Museo Conte', 'Museo Radio']",Duomo,strategy_nearest,False,0.0028772354125976562,success
0457FD3A9C4C80,3,"['Torre Lamberti', 'Santa Anastasia']",Teatro Romano,"['Duomo', 'AMO', 'Palazzo della Ragione', 'Museo Conte', 'Centro Fotografia']",Duomo,strategy_nearest,True,0.0036971569061279297,success
04581C3A9C4C80,3,"['Arena', 'Casa Giulietta']",Torre Lamberti,"['Sighseeing', 'Centro Fotografia', 'Museo Conte', 'Palazzo della Ragione', 'AMO']",San Zeno,strategy_nearest,False,0.002608060836791992,success
0458203A9C4C80,1,['Arena'],Museo Lapidario,"['Verona Tour', 'Castelvecchio', 'Museo Radio', 'San Fermo', 'Casa Giulietta']",Palazzo della Ragione,strategy_nearest,False,0.0029828548431396484,success
04581E4A9C4C80,3,"['Arena', 'Tomba Giulietta', 'Santa Anastasia', 'Casa Giulietta']",Torre Lamberti,"['Sighseeing', 'Centro Fotografia', 'Museo Conte', 'Palazzo della Ragione', 'AMO']",Duomo,strategy_nearest,False,0.002129077911376953,success
0458233A9C4C80,3,"['Arena', 'Casa Giulietta', 'Torre Lamberti']",Santa Anastasia,"['AMO', 'Museo Conte', 'Palazzo della Ragione', 'Teatro Romano', 'Centro Fotografia']",Teatro Romano,strategy_nearest,True,0.0023479461669921875,success
0458323A9C4C80,3,"['Arena', 'Museo Lapidario', 'Castelvecchio']",San Zeno,"['Verona Tour', 'Museo Miniscalchi', 'Sighseeing', 'Museo Radio', 'Torre Lamberti']",Torre Lamberti,strategy_nearest,True,0.0014102458953857422,success
04582D4A9C4C80,1,['Arena'],Teatro Romano,"['Santa Anastasia', 'Duomo', 'AMO', 'Palazzo della Ragione', 'Museo Conte']",Torre Lamberti,strategy_nearest,False,0.002104043960571289,success
04582A3A9C4C80,3,"['Castelvecchio', 'Arena', 'Museo Storia']",Duomo,"['AMO', 'Museo Miniscalchi', 'Santa Anastasia', 'Teatro Romano', 'Palazzo della Ragione']",Teatro Romano,strategy_nearest,True,0.002964019775390625,success
0458393A9C4C80,1,"['San Fermo', 'Casa Giulietta', 'Palazzo della Ragione']",Torre Lamberti,"['Sighseeing', 'Centro Fotografia', 'Museo Conte', 'AMO', 'Museo Miniscalchi']",Santa Anastasia,strategy_nearest,False,0.0026051998138427734,success
0458383A9C4C80,1,"['Casa Giulietta', 'Torre Lamberti', 'Palazzo della Ragione']",Santa Anastasia,"['AMO', 'Museo Conte', 'Teatro Romano', 'Centro Fotografia', 'Duomo']",Teatro Romano,strategy_nearest,True,0.0032939910888671875,success
0458443A9C4C80,0,"['Arena', 'Castelvecchio']",Casa Giulietta,"['Centro Fotografia', 'Sighseeing', 'Torre Lamberti', 'Museo Conte', 'Museo Radio']",Torre Lamberti,strategy_nearest,True,0.003306865692138672,success
0458453A9C4C80,0,['Casa Giulietta'],Arena,"['Verona Tour', 'Museo Lapidario', 'Museo Radio', 'San Fermo', 'Sighseeing']",Castelvecchio,strategy_nearest,False,0.00203704833984375,success
045871429C4C80,0,['Arena'],Casa Giulietta,"['Centro Fotografia', 'Sighseeing', 'Torre Lamberti', 'Museo Conte', 'Museo Radio']",Torre Lamberti,strategy_nearest,True,0.002515077590942383,success
045874429C4C80,0,['Arena'],Casa Giulietta,"['Centro Fotografia', 'Sighseeing', 'Torre Lamberti', 'Museo Conte', 'Museo Radio']",Palazzo della Ragione,strategy_nearest,False,0.0030951499938964844,success
04587B3A9C4C80,0,['Arena'],Casa Giulietta,"['Centro Fotografia', 'Sighseeing', 'Torre Lamberti', 'Museo Conte', 'Museo Radio']",Torre Lamberti,strategy_nearest,True,0.0028972625732421875,success
0458843A9C4C80,2,['Teatro Romano'],Duomo,"['AMO', 'Museo Miniscalchi', 'Santa Anastasia', 'Palazzo della Ragione', 'Museo Conte']",Casa Giulietta,strategy_nearest,False,0.0027120113372802734,success
04587D429C4C80,0,['Arena'],Casa Giulietta,"['Centro Fotografia', 'Sighseeing', 'Torre Lamberti', 'Museo Conte', 'Museo Radio']",Castelvecchio,strategy_nearest,False,0.002135038375854492,success
0458793A9C4C80,3,"['Torre Lamberti', 'Santa Anastasia']",Duomo,"['AMO', 'Museo Miniscalchi', 'Teatro Romano', 'Palazzo della Ragione', 'Museo Conte']",Arena,strategy_nearest,False,0.005058765411376953,success
0458853A9C4C80,3,"['Arena', 'Casa Giulietta']",Santa Anastasia,"['AMO', 'Museo Conte', 'Palazzo della Ragione', 'Teatro Romano', 'Centro Fotografia']",Duomo,strategy_nearest,False,0.0020439624786376953,success
0458884A9C4C80,0,['Arena'],Casa Giulietta,"['Centro Fotografia', 'Sighseeing', 'Torre Lamberti', 'Museo Conte', 'Museo Radio']",Castelvecchio,strategy_nearest,False,0.002192974090576172,success
045889429C4C80,2,['Santa Anastasia'],Duomo,"['AMO', 'Museo Miniscalchi', 'Teatro Romano', 'Palazzo della Ragione', 'Museo Conte']",Castelvecchio,strategy_nearest,False,0.0034711360931396484,success
04588A429C4C80,3,['Arena'],Casa Giulietta,"['Centro Fotografia', 'Sighseeing', 'Torre Lamberti', 'Museo Conte', 'Museo Radio']",Torre Lamberti,strategy_nearest,True,0.0027561187744140625,success
04588C429C4C80,1,"['Arena', 'Casa Giulietta', 'Torre Lamberti']",Palazzo della Ragione,"['AMO', 'Museo Conte', 'Centro Fotografia', 'Sighseeing', 'Santa Anastasia']",Santa Anastasia,strategy_nearest,True,0.0027909278869628906,success
0458AB3A9C4C80,0,['Torre Lamberti'],Duomo,"['AMO', 'Museo Miniscalchi', 'Santa Anastasia', 'Teatro Romano', 'Palazzo della Ragione']",Casa Giulietta,strategy_nearest,False,0.002212047576904297,success
0458B13A9C4C80,0,"['Arena', 'Casa Giulietta']",Torre Lamberti,"['Sighseeing', 'Centro Fotografia', 'Museo Conte', 'Palazzo della Ragione', 'AMO']",Tomba Giulietta,strategy_nearest,False,0.002830028533935547,success
0458B1429C4C80,0,"['Arena', 'Casa Giulietta']",Torre Lamberti,"['Sighseeing', 'Centro Fotografia', 'Museo Conte', 'Palazzo della Ragione', 'AMO']",Teatro Romano,strategy_nearest,False,0.0032989978790283203,success
0458B33A9C4C80,0,['Arena'],Casa Giulietta,"['Centro Fotografia', 'Sighseeing', 'Torre Lamberti', 'Museo Conte', 'Museo Radio']",Teatro Romano,strategy_nearest,False,0.0028858184814453125,success
0458B7429C4C80,4,"['Arena', 'Casa Giulietta', 'Duomo']",Santa Anastasia,"['AMO', 'Museo Conte', 'Palazzo della Ragione', 'Teatro Romano', 'Centro Fotografia']",Torre Lamberti,strategy_nearest,False,0.002128124237060547,success
0458BC429C4C80,1,"['Arena', 'Torre Lamberti']",Palazzo della Ragione,"['AMO', 'Museo Conte', 'Centro Fotografia', 'Sighseeing', 'Santa Anastasia']",Casa Giulietta,strategy_nearest,False,0.0025298595428466797,success
0458B93A9C4C80,0,"['Arena', 'Castelvecchio']",Casa Giulietta,"['Centro Fotografia', 'Sighseeing', 'Torre Lamberti', 'Museo Conte', 'Museo Radio']",San Zeno,strategy_nearest,False,0.0034661293029785156,success
0458C83A9C4C80,0,"['Arena', 'Casa Giulietta']",Castelvecchio,"['Museo Lapidario', 'Verona Tour', 'Museo Radio', 'San Zeno', 'Sighseeing']",Tomba Giulietta,strategy_nearest,False,0.0035910606384277344,success
0458BE429C4C80,0,"['Casa Giulietta', 'Torre Lamberti']",Duomo,"['AMO', 'Museo Miniscalchi', 'Santa Anastasia', 'Teatro Romano', 'Palazzo della Ragione']",Arena,strategy_nearest,False,0.0036478042602539062,success
0458CF3A9C4C80,0,['Arena'],Santa Anastasia,"['AMO', 'Museo Conte', 'Palazzo della Ragione', 'Teatro Romano', 'Centro Fotografia']",Casa Giulietta,strategy_nearest,False,0.003492116928100586,success
0458C8429C4C80,0,['Arena'],Castelvecchio,"['Museo Lapidario', 'Verona Tour', 'Museo Radio', 'San Zeno', 'Sighseeing']",Torre Lamberti,strategy_nearest,False,0.0014262199401855469,success
0458D83A9C4C80,3,"['Arena', 'Casa Giulietta']",Torre Lamberti,"['Sighseeing', 'Centro Fotografia', 'Museo Conte', 'Palazzo della Ragione', 'AMO']",Santa Anastasia,strategy_nearest,False,0.002899169921875,success
0458D6429C4C80,3,"['Arena', 'Casa Giulietta', 'Torre Lamberti']",Santa Anastasia,"['AMO', 'Museo Conte', 'Palazzo della Ragione', 'Teatro Romano', 'Centro Fotografia']",Duomo,strategy_nearest,False,0.0035598278045654297,success
0458E2429C4C80,3,"['Arena', 'Castelvecchio', 'Teatro Romano', 'Torre Lamberti']",Casa Giulietta,"['Centro Fotografia', 'Sighseeing', 'Museo Conte', 'Museo Radio', 'Palazzo della Ragione']",Santa Anastasia,strategy_nearest,False,0.0014810562133789062,success
0458E43A9C4C80,3,"['Arena', 'Castelvecchio']",Casa Giulietta,"['Centro Fotografia', 'Sighseeing', 'Torre Lamberti', 'Museo Conte', 'Museo Radio']",Santa Anastasia,strategy_nearest,False,0.0033288002014160156,success
0458E93A9C4C80,3,"['Arena', 'Casa Giulietta']",Duomo,"['AMO', 'Museo Miniscalchi', 'Santa Anastasia', 'Teatro Romano', 'Palazzo della Ragione']",Torre Lamberti,strategy_nearest,False,0.0015680789947509766,success
0458E53A9C4C80,0,['Arena'],Torre Lamberti,"['Sighseeing', 'Centro Fotografia', 'Museo Conte', 'Casa Giulietta', 'Palazzo della Ragione']",Casa Giulietta,strategy_nearest,True,0.0028879642486572266,success
0458F43A9C4C80,0,['Arena'],Casa Giulietta,"['Centro Fotografia', 'Sighseeing', 'Torre Lamberti', 'Museo Conte', 'Museo Radio']",Torre Lamberti,strategy_nearest,True,0.0027840137481689453,success
0459003A9C4C84,0,['Arena'],Torre Lamberti,"['Sighseeing', 'Centro Fotografia', 'Museo Conte', 'Casa Giulietta', 'Palazzo della Ragione']",Casa Giulietta,strategy_nearest,True,0.0030531883239746094,success
0459153A9C4C84,3,"['Museo Lapidario', 'Arena', 'Tomba Giulietta', 'San Fermo']",Casa Giulietta,"['Centro Fotografia', 'Sighseeing', 'Torre Lamberti', 'Museo Conte', 'Museo Radio']",Torre Lamberti,strategy_nearest,True,0.0021059513092041016,success
045902429C4C84,0,['Arena'],Casa Giulietta,"['Centro Fotografia', 'Sighseeing', 'Torre Lamberti', 'Museo Conte', 'Museo Radio']",Giardino Giusti,strategy_nearest,False,0.002199888229370117,success
045919429C4C84,1,"['Arena', 'Castelvecchio']",Casa Giulietta,"['Centro Fotografia', 'Sighseeing', 'Torre Lamberti', 'Museo Conte', 'Museo Radio']",Torre Lamberti,strategy_nearest,True,0.002694845199584961,success
045903429C4C84,1,"['Arena', 'Santa Anastasia', 'Duomo']",Castelvecchio,"['Museo Lapidario', 'Verona Tour', 'Museo Radio', 'San Zeno', 'Sighseeing']",San Zeno,strategy_nearest,True,0.004127979278564453,success
0459203A9C4C84,3,"['Castelvecchio', 'Arena', 'Tomba Giulietta']",Casa Giulietta,"['Centro Fotografia', 'Sighseeing', 'Torre Lamberti', 'Museo Conte', 'Museo Radio']",Santa Anastasia,strategy_nearest,False,0.002615213394165039,success
04592B3A9C4C80,0,['Teatro Romano'],Arena,"['Verona Tour', 'Museo Lapidario', 'Museo Radio', 'San Fermo', 'Casa Giulietta']",Casa Giulietta,strategy_nearest,True,0.003276824951171875,success
04592A3A9C4C80,3,"['Arena', 'San Zeno']",Torre Lamberti,"['Sighseeing', 'Centro Fotografia', 'Museo Conte', 'Casa Giulietta', 'Palazzo della Ragione']",Santa Anastasia,strategy_nearest,False,0.002093791961669922,success
0459443A9C4C80,0,['Casa Giulietta'],San Fermo,"['Museo Storia', 'Museo Radio', 'Centro Fotografia', 'Arena', 'Sighseeing']",Arena,strategy_nearest,True,0.003396272659301758,success
045935429C4C80,1,['Arena'],Casa Giulietta,"['Centro Fotografia', 'Sighseeing', 'Torre Lamberti', 'Museo Conte', 'Museo Radio']",Palazzo della Ragione,strategy_nearest,False,0.003576040267944336,success
0459523A9C4C80,1,"['Arena', 'Castelvecchio', 'Torre Lamberti', 'Palazzo della Ragione', 'Casa Giulietta']",San Fermo,"['Museo Storia', 'Museo Radio', 'Centro Fotografia', 'Sighseeing', 'Museo Conte']",Santa Anastasia,strategy_nearest,False,0.0028579235076904297,success
0459473A9C4C80,0,"['Casa Giulietta', 'Arena']",Castelvecchio,"['Museo Lapidario', 'Verona Tour', 'Museo Radio', 'San Zeno', 'Sighseeing']",San Zeno,strategy_nearest,True,0.0015540122985839844,success
0459463A9C4C80,3,"['Tomba Giulietta', 'San Fermo']",Casa Giulietta,"['Centro Fotografia', 'Sighseeing', 'Torre Lamberti', 'Museo Conte', 'Museo Radio']",Torre Lamberti,strategy_nearest,True,0.0028569698333740234,success
045953429C4C80,3,['Arena'],Casa Giulietta,"['Centro Fotografia', 'Sighseeing', 'Torre Lamberti', 'Museo Conte', 'Museo Radio']",Torre Lamberti,strategy_nearest,True,0.0029609203338623047,success
045956429C4C80,3,"['Arena', 'Castelvecchio', 'Duomo']",Teatro Romano,"['Santa Anastasia', 'AMO', 'Palazzo della Ragione', 'Museo Conte', 'Centro Fotografia']",Santa Anastasia,strategy_nearest,True,0.0022208690643310547,success
0459563A9C4C80,3,"['Arena', 'Casa Giulietta']",Castelvecchio,"['Museo Lapidario', 'Verona Tour', 'Museo Radio', 'San Zeno', 'Sighseeing']",Santa Anastasia,strategy_nearest,False,0.002917766571044922,success
045958429C4C80,0,['Arena'],Castelvecchio,"['Museo Lapidario', 'Verona Tour', 'Museo Radio', 'San Zeno', 'Sighseeing']",Duomo,strategy_nearest,False,0.002852201461791992,success
04595A429C4C80,0,['Arena'],Castelvecchio,"['Museo Lapidario', 'Verona Tour', 'Museo Radio', 'San Zeno', 'Sighseeing']",Casa Giulietta,strategy_nearest,False,0.0034477710723876953,success
045970429C4C80,1,"['Arena', 'Casa Giulietta']",Palazzo della Ragione,"['AMO', 'Museo Conte', 'Torre Lamberti', 'Centro Fotografia', 'Sighseeing']",Torre Lamberti,strategy_nearest,True,0.002653360366821289,success
04595B3A9C4C80,3,"['Arena', 'Casa Giulietta', 'Arena']",Castelvecchio,"['Museo Lapidario', 'Verona Tour', 'Museo Radio', 'San Zeno', 'Sighseeing']",Duomo,strategy_nearest,False,0.002023935317993164,success
045971429C4C80,3,"['Torre Lamberti', 'Duomo']",Santa Anastasia,"['AMO', 'Museo Conte', 'Palazzo della Ragione', 'Teatro Romano', 'Centro Fotografia']",Casa Giulietta,strategy_nearest,False,0.002557039260864258,success
04598A4A9C4C80,3,['Arena'],Duomo,"['AMO', 'Museo Miniscalchi', 'Santa Anastasia', 'Teatro Romano', 'Palazzo della Ragione']",Santa Anastasia,strategy_nearest,True,0.0029048919677734375,success
0459813A9C4C80,0,['Arena'],Teatro Romano,"['Santa Anastasia', 'Duomo', 'AMO', 'Palazzo della Ragione', 'Museo Conte']",Casa Giulietta,strategy_nearest,False,0.004266977310180664,success
0459823A9C4C80,0,['Arena'],Casa Giulietta,"['Centro Fotografia', 'Sighseeing', 'Torre Lamberti', 'Museo Conte', 'Museo Radio']",Duomo,strategy_nearest,False,0.0023119449615478516,success
04599D4A9C4C80,3,['Arena'],Santa Anastasia,"['AMO', 'Museo Conte', 'Palazzo della Ragione', 'Teatro Romano', 'Centro Fotografia']",Casa Giulietta,strategy_nearest,False,0.0034177303314208984,success
0459AA4A9C4C80,1,['Arena'],Palazzo della Ragione,"['AMO', 'Museo Conte', 'Torre Lamberti', 'Centro Fotografia', 'Sighseeing']",Duomo,strategy_nearest,False,0.0021190643310546875,success
04599F429C4C80,3,['Santa Anastasia'],Duomo,"['AMO', 'Museo Miniscalchi', 'Teatro Romano', 'Palazzo della Ragione', 'Museo Conte']",Casa Giulietta,strategy_nearest,False,0.002009153366088867,success
0459AE429C4C80,1,"['Arena', 'Casa Giulietta']",Palazzo della Ragione,"['AMO', 'Museo Conte', 'Torre Lamberti', 'Centro Fotografia', 'Sighseeing']",Santa Anastasia,strategy_nearest,False,0.0034770965576171875,success
0459B3429C4C80,2,['Torre Lamberti'],Palazzo della Ragione,"['AMO', 'Museo Conte', 'Centro Fotografia', 'Sighseeing', 'Santa Anastasia']",Casa Giulietta,strategy_nearest,False,0.0023500919342041016,success
0459BA3A9C4C80,3,"['Arena', 'Casa Giulietta', 'Torre Lamberti']",Santa Anastasia,"['AMO', 'Museo Conte', 'Palazzo della Ragione', 'Teatro Romano', 'Centro Fotografia']",Duomo,strategy_nearest,False,0.002704143524169922,success
0459C8429C4C80,3,['Casa Giulietta'],Arena,"['Verona Tour', 'Museo Lapidario', 'Museo Radio', 'San Fermo', 'Sighseeing']",Torre Lamberti,strategy_nearest,False,0.0026192665100097656,success
0459C13A9C4C80,0,['Arena'],Duomo,"['AMO', 'Museo Miniscalchi', 'Santa Anastasia', 'Teatro Romano', 'Palazzo della Ragione']",Teatro Romano,strategy_nearest,True,0.0026962757110595703,success
0459C73A9C4C80,0,['Castelvecchio'],Arena,"['Verona Tour', 'Museo Lapidario', 'Museo Radio', 'San Fermo', 'Casa Giulietta']",Casa Giulietta,strategy_nearest,True,0.002821207046508789,success
0459C93A9C4C80,0,['Arena'],Casa Giulietta,"['Centro Fotografia', 'Sighseeing', 'Torre Lamberti', 'Museo Conte', 'Museo Radio']",Santa Anastasia,strategy_nearest,False,0.003242015838623047,success
0459E33A9C4C80,3,"['Arena', 'Casa Giulietta']",Santa Anastasia,"['AMO', 'Museo Conte', 'Palazzo della Ragione', 'Teatro Romano', 'Centro Fotografia']",Duomo,strategy_nearest,False,0.0026848316192626953,success
0459CE429C4C80,1,"['Arena', 'Torre Lamberti', 'Palazzo della Ragione']",Santa Anastasia,"['AMO', 'Museo Conte', 'Teatro Romano', 'Centro Fotografia', 'Duomo']",Tomba Giulietta,strategy_nearest,False,0.002162933349609375,success
0459D93A9C4C80,3,['Arena'],Santa Anastasia,"['AMO', 'Museo Conte', 'Palazzo della Ragione', 'Teatro Romano', 'Centro Fotografia']",Giardino Giusti,strategy_nearest,False,0.003398895263671875,success
0459F7429C4C80,3,"['Arena', 'Duomo']",Teatro Romano,"['Santa Anastasia', 'AMO', 'Palazzo della Ragione', 'Museo Conte', 'Centro Fotografia']",Castelvecchio,strategy_nearest,False,0.0018711090087890625,success
0459EA3A9C4C80,2,['Casa Giulietta'],Santa Anastasia,"['AMO', 'Museo Conte', 'Palazzo della Ragione', 'Teatro Romano', 'Centro Fotografia']",Castelvecchio,strategy_nearest,False,0.0034132003784179688,success
0459F93A9C4C80,0,['Arena'],Casa Giulietta,"['Centro Fotografia', 'Sighseeing', 'Torre Lamberti', 'Museo Conte', 'Museo Radio']",Castelvecchio,strategy_nearest,False,0.0023796558380126953,success
0459EF429C4C80,1,"['Castelvecchio', 'Arena', 'Casa Giulietta']",Torre Lamberti,"['Sighseeing', 'Centro Fotografia', 'Museo Conte', 'Palazzo della Ragione', 'AMO']",Palazzo della Ragione,strategy_nearest,True,0.002969026565551758,success
045A133A9C4C84,0,"['Arena', 'Casa Giulietta']",Torre Lamberti,"['Sighseeing', 'Centro Fotografia', 'Museo Conte', 'Palazzo della Ragione', 'AMO']",Castelvecchio,strategy_nearest,False,0.003269195556640625,success
0459FF3A9C4C80,3,"['Arena', 'San Zeno']",Castelvecchio,"['Museo Lapidario', 'Verona Tour', 'Museo Radio', 'Sighseeing', 'Museo Miniscalchi']",Casa Giulietta,strategy_nearest,False,0.0026443004608154297,success
045A0D3A9C4C84,3,['Arena'],Casa Giulietta,"['Centro Fotografia', 'Sighseeing', 'Torre Lamberti', 'Museo Conte', 'Museo Radio']",Santa Anastasia,strategy_nearest,False,0.002933979034423828,success
045A0E3A9C4C84,0,['Arena'],Casa Giulietta,"['Centro Fotografia', 'Sighseeing', 'Torre Lamberti', 'Museo Conte', 'Museo Radio']",Torre Lamberti,strategy_nearest,True,0.002713918685913086,success
045A1B3A9C4C84,0,['Arena'],Casa Giulietta,"['Centro Fotografia', 'Sighseeing', 'Torre Lamberti', 'Museo Conte', 'Museo Radio']",Tomba Giulietta,strategy_nearest,False,0.003025054931640625,success
045A183A9C4C84,1,['Arena'],Casa Giulietta,"['Centro Fotografia', 'Sighseeing', 'Torre Lamberti', 'Museo Conte', 'Museo Radio']",Torre Lamberti,strategy_nearest,True,0.002385854721069336,success
045A15429C4C84,3,"['Arena', 'Castelvecchio']",Torre Lamberti,"['Sighseeing', 'Centro Fotografia', 'Museo Conte', 'Casa Giulietta', 'Palazzo della Ragione']",Santa Anastasia,strategy_nearest,False,0.0016679763793945312,success
045A1B3A9C4C80,2,['Casa Giulietta'],Torre Lamberti,"['Sighseeing', 'Centro Fotografia', 'Museo Conte', 'Palazzo della Ragione', 'AMO']",Castelvecchio,strategy_nearest,False,0.002931356430053711,success
045A1E3A9C4C80,2,['Santa Anastasia'],Duomo,"['AMO', 'Museo Miniscalchi', 'Teatro Romano', 'Palazzo della Ragione', 'Museo Conte']",San Zeno,strategy_nearest,False,0.0015938282012939453,success
045A294A9C4C80,2,"['Castelvecchio', 'Torre Lamberti']",Casa Giulietta,"['Centro Fotografia', 'Sighseeing', 'Museo Conte', 'Museo Radio', 'Palazzo della Ragione']",Palazzo della Ragione,strategy_nearest,True,0.002254962921142578,success
045A3A3A9C4C80,1,"['San Fermo', 'Arena', 'Castelvecchio', 'Casa Giulietta']",Torre Lamberti,"['Sighseeing', 'Centro Fotografia', 'Museo Conte', 'Palazzo della Ragione', 'AMO']",Palazzo della Ragione,strategy_nearest,True,0.0029420852661132812,success
045A453A9C4C80,3,"['Castelvecchio', 'Torre Lamberti']",Casa Giulietta,"['Centro Fotografia', 'Sighseeing', 'Museo Conte', 'Museo Radio', 'Palazzo della Ragione']",San Fermo,strategy_nearest,False,0.0038080215454101562,success
045A5A429C4C80,3,"['Arena', 'San Zeno', 'Torre Lamberti']",Santa Anastasia,"['AMO', 'Museo Conte', 'Palazzo della Ragione', 'Teatro Romano', 'Centro Fotografia']",Duomo,strategy_nearest,False,0.0026476383209228516,success
045A473A9C4C80,0,['Arena'],Casa Giulietta,"['Centro Fotografia', 'Sighseeing', 'Torre Lamberti', 'Museo Conte', 'Museo Radio']",Torre Lamberti,strategy_nearest,True,0.0021986961364746094,success
045A4E429C4C80,0,['Arena'],Casa Giulietta,"['Centro Fotografia', 'Sighseeing', 'Torre Lamberti', 'Museo Conte', 'Museo Radio']",Torre Lamberti,strategy_nearest,True,0.00202178955078125,success
045A68429C4C80,2,['Casa Giulietta'],Torre Lamberti,"['Sighseeing', 'Centro Fotografia', 'Museo Conte', 'Palazzo della Ragione', 'AMO']",Teatro Romano,strategy_nearest,False,0.0026280879974365234,success
045A73429C4C80,3,['Arena'],Castelvecchio,"['Museo Lapidario', 'Verona Tour', 'Museo Radio', 'San Zeno', 'Sighseeing']",Santa Anastasia,strategy_nearest,False,0.0017189979553222656,success
045A70429C4C80,1,"['Arena', 'Casa Giulietta']",Palazzo della Ragione,"['AMO', 'Museo Conte', 'Torre Lamberti', 'Centro Fotografia', 'Sighseeing']",Torre Lamberti,strategy_nearest,True,0.003490924835205078,success
045A7F3A9C4C80,1,['Arena'],Casa Giulietta,"['Centro Fotografia', 'Sighseeing', 'Torre Lamberti', 'Museo Conte', 'Museo Radio']",Palazzo della Ragione,strategy_nearest,False,0.004049062728881836,success
045A773A9C4C80,0,['Casa Giulietta'],Tomba Giulietta,"['San Fermo', 'Museo Storia', 'Arena', 'Museo Lapidario', 'Museo Radio']",Arena,strategy_nearest,True,0.003515958786010742,success
045A863A9C4C80,0,"['Castelvecchio', 'Castelvecchio']",Arena,"['Verona Tour', 'Museo Lapidario', 'Museo Radio', 'San Fermo', 'Casa Giulietta']",Casa Giulietta,strategy_nearest,True,0.0025551319122314453,success
045A86429C4C80,0,['Casa Giulietta'],Arena,"['Verona Tour', 'Museo Lapidario', 'Museo Radio', 'San Fermo', 'Sighseeing']",Torre Lamberti,strategy_nearest,False,0.002649068832397461,success
045A8D3A9C4C80,3,['Arena'],San Fermo,"['Museo Storia', 'Museo Radio', 'Casa Giulietta', 'Centro Fotografia', 'Sighseeing']",Teatro Romano,strategy_nearest,False,0.0026869773864746094,success
045A91429C4C80,0,['Arena'],Castelvecchio,"['Museo Lapidario', 'Verona Tour', 'Museo Radio', 'San Zeno', 'Sighseeing']",Casa Giulietta,strategy_nearest,False,0.002428770065307617,success
045AA772743380,1,"['San Zeno', 'Castelvecchio', 'Teatro Romano']",Arena,"['Verona Tour', 'Museo Lapidario', 'Museo Radio', 'San Fermo', 'Casa Giulietta']",San Fermo,strategy_nearest,True,0.0024900436401367188,success
045AAF429C4C80,0,['Arena'],Casa Giulietta,"['Centro Fotografia', 'Sighseeing', 'Torre Lamberti', 'Museo Conte', 'Museo Radio']",Torre Lamberti,strategy_nearest,True,0.0029158592224121094,success
045ABD3A9C4C80,3,"['Arena', 'Casa Giulietta']",Torre Lamberti,"['Sighseeing', 'Centro Fotografia', 'Museo Conte', 'Palazzo della Ragione', 'AMO']",Santa Anastasia,strategy_nearest,False,0.0018219947814941406,success
045ABC429C4C80,0,['Arena'],Casa Giulietta,"['Centro Fotografia', 'Sighseeing', 'Torre Lamberti', 'Museo Conte', 'Museo Radio']",Torre Lamberti,strategy_nearest,True,0.0034859180450439453,success
045AC6429C4C80,3,"['Arena', 'Casa Giulietta', 'Santa Anastasia']",Duomo,"['AMO', 'Museo Miniscalchi', 'Teatro Romano', 'Palazzo della Ragione', 'Museo Conte']",Tomba Giulietta,strategy_nearest,False,0.0032699108123779297,success
045AD1429C4C80,1,"['Teatro Romano', 'Arena', 'Santa Anastasia']",San Zeno,"['Castelvecchio', 'Verona Tour', 'Museo Lapidario', 'Museo Miniscalchi', 'Sighseeing']",Duomo,strategy_nearest,False,0.0018131732940673828,success
045ACA429C4C80,0,['Arena'],Tomba Giulietta,"['San Fermo', 'Museo Storia', 'Museo Lapidario', 'Museo Radio', 'Verona Tour']",Casa Giulietta,strategy_nearest,False,0.003323793411254883,success
045AD63A9C4C80,1,"['San Zeno', 'Castelvecchio', 'Arena', 'Palazzo della Ragione', 'Torre Lamberti']",Casa Giulietta,"['Centro Fotografia', 'Sighseeing', 'Museo Conte', 'Museo Radio', 'San Fermo']",San Fermo,strategy_nearest,True,0.003902912139892578,success
045AD73A9C4C80,1,"['Arena', 'Palazzo della Ragione', 'Casa Giulietta']",San Fermo,"['Museo Storia', 'Museo Radio', 'Centro Fotografia', 'Sighseeing', 'Torre Lamberti']",San Zeno,strategy_nearest,False,0.002958059310913086,success
045ADA429C4C80,0,['San Zeno'],Arena,"['Verona Tour', 'Museo Lapidario', 'Museo Radio', 'San Fermo', 'Casa Giulietta']",Casa Giulietta,strategy_nearest,True,0.0025069713592529297,success
045AD93A9C4C80,1,"['Arena', 'Casa Giulietta']",Torre Lamberti,"['Sighseeing', 'Centro Fotografia', 'Museo Conte', 'Palazzo della Ragione', 'AMO']",Palazzo della Ragione,strategy_nearest,True,0.0036699771881103516,success
045ADF3A9C4C80,0,['Arena'],Museo Lapidario,"['Verona Tour', 'Castelvecchio', 'Museo Radio', 'San Fermo', 'Casa Giulietta']",Casa Giulietta,strategy_nearest,True,0.0018010139465332031,success
045AE03A9C4C80,2,"['Torre Lamberti', 'Casa Giulietta', 'Santa Anastasia']",Duomo,"['AMO', 'Museo Miniscalchi', 'Teatro Romano', 'Palazzo della Ragione', 'Museo Conte']",Tomba Giulietta,strategy_nearest,False,0.0029659271240234375,success
045AEC3A9C4C80,0,['Casa Giulietta'],Arena,"['Verona Tour', 'Museo Lapidario', 'Museo Radio', 'San Fermo', 'Sighseeing']",Castelvecchio,strategy_nearest,False,0.002116680145263672,success
045AF83A9C4C80,2,"['Casa Giulietta', 'Torre Lamberti', 'Palazzo della Ragione']",Santa Anastasia,"['AMO', 'Museo Conte', 'Teatro Romano', 'Centro Fotografia', 'Duomo']",Teatro Romano,strategy_nearest,True,0.002916097640991211,success
045AE43A9C4C80,3,"['Arena', 'Museo Lapidario', 'Castelvecchio', 'San Zeno']",Duomo,"['AMO', 'Museo Miniscalchi', 'Santa Anastasia', 'Teatro Romano', 'Palazzo della Ragione']",Teatro Romano,strategy_nearest,True,0.004659891128540039,success
045AF5429C4C80,3,"['Arena', 'Casa Giulietta', 'Torre Lamberti']",Santa Anastasia,"['AMO', 'Museo Conte', 'Palazzo della Ragione', 'Teatro Romano', 'Centro Fotografia']",Tomba Giulietta,strategy_nearest,False,0.0031881332397460938,success
045B164A9C4C80,3,"['Castelvecchio', 'Tomba Giulietta', 'San Fermo', 'Casa Giulietta']",Santa Anastasia,"['AMO', 'Museo Conte', 'Palazzo della Ragione', 'Teatro Romano', 'Centro Fotografia']",Arena,strategy_nearest,False,0.0027990341186523438,success
045B0F3A9C4C84,1,"['Castelvecchio', 'Torre Lamberti', 'Palazzo della Ragione']",Santa Anastasia,"['AMO', 'Museo Conte', 'Teatro Romano', 'Centro Fotografia', 'Duomo']",Duomo,strategy_nearest,True,0.003505229949951172,success
045B17429C4C84,1,"['Arena', 'Torre Lamberti', 'Palazzo della Ragione']",Casa Giulietta,"['Centro Fotografia', 'Sighseeing', 'Museo Conte', 'Museo Radio', 'San Fermo']",Duomo,strategy_nearest,False,0.0015401840209960938,success
045B143A9C4C84,1,"['Teatro Romano', 'Santa Anastasia', 'Casa Giulietta']",Arena,"['Verona Tour', 'Museo Lapidario', 'Museo Radio', 'San Fermo', 'Sighseeing']",Castelvecchio,strategy_nearest,False,0.0034859180450439453,success
045B313A9C4C80,4,"['Teatro Romano', 'Giardino Giusti', 'Casa Giulietta', 'Arena', 'Castelvecchio']",Torre Lamberti,"['Sighseeing', 'Centro Fotografia', 'Museo Conte', 'Palazzo della Ragione', 'AMO']",Santa Anastasia,strategy_nearest,False,0.002022981643676758,success
045B213A9C4C84,2,"['Casa Giulietta', 'Santa Anastasia']",Teatro Romano,"['Duomo', 'AMO', 'Palazzo della Ragione', 'Museo Conte', 'Centro Fotografia']",Castelvecchio,strategy_nearest,False,0.0014319419860839844,success
045B3A429C4C80,0,['Arena'],Casa Giulietta,"['Centro Fotografia', 'Sighseeing', 'Torre Lamberti', 'Museo Conte', 'Museo Radio']",Torre Lamberti,strategy_nearest,True,0.0029287338256835938,success
045B353A9C4C80,2,"['Castelvecchio', 'Torre Lamberti']",Casa Giulietta,"['Centro Fotografia', 'Sighseeing', 'Museo Conte', 'Museo Radio', 'Palazzo della Ragione']",Duomo,strategy_nearest,False,0.002695322036743164,success
045B403A9C4C80,3,"['Casa Giulietta', 'Torre Lamberti']",Teatro Romano,"['Santa Anastasia', 'Duomo', 'AMO', 'Palazzo della Ragione', 'Museo Conte']",Duomo,strategy_nearest,True,0.0019898414611816406,success
045B433A9C4C80,0,"['Tomba Giulietta', 'Arena']",Castelvecchio,"['Museo Lapidario', 'Verona Tour', 'Museo Radio', 'San Zeno', 'Sighseeing']",Casa Giulietta,strategy_nearest,False,0.0031549930572509766,success
045B3E3A9C4C80,3,['Torre Lamberti'],Arena,"['Verona Tour', 'Museo Lapidario', 'Museo Radio', 'San Fermo', 'Casa Giulietta']",Duomo,strategy_nearest,False,0.0029709339141845703,success
045B503A9C4C80,3,"['Arena', 'Torre Lamberti', 'Tomba Giulietta']",Casa Giulietta,"['Centro Fotografia', 'Sighseeing', 'Museo Conte', 'Museo Radio', 'Palazzo della Ragione']",San Fermo,strategy_nearest,False,0.0037298202514648438,success
045B50429C4C80,3,"['Arena', 'Torre Lamberti', 'Casa Giulietta']",Duomo,"['AMO', 'Museo Miniscalchi', 'Santa Anastasia', 'Teatro Romano', 'Palazzo della Ragione']",Teatro Romano,strategy_nearest,True,0.0021669864654541016,success
045B55429C4C80,0,['Arena'],Castelvecchio,"['Museo Lapidario', 'Verona Tour', 'Museo Radio', 'San Zeno', 'Sighseeing']",San Zeno,strategy_nearest,True,0.0020868778228759766,success
045B62429C4C80,0,['Arena'],Torre Lamberti,"['Sighseeing', 'Centro Fotografia', 'Museo Conte', 'Casa Giulietta', 'Palazzo della Ragione']",Castelvecchio,strategy_nearest,False,0.002711057662963867,success
045B6D429C4C80,0,['Arena'],Casa Giulietta,"['Centro Fotografia', 'Sighseeing', 'Torre Lamberti', 'Museo Conte', 'Museo Radio']",Santa Anastasia,strategy_nearest,False,0.0017979145050048828,success
045B71429C4C80,2,['San Zeno'],Torre Lamberti,"['Sighseeing', 'Centro Fotografia', 'Museo Conte', 'Casa Giulietta', 'Palazzo della Ragione']",Santa Anastasia,strategy_nearest,False,0.002125978469848633,success
045B723A9C4C80,1,['Arena'],Torre Lamberti,"['Sighseeing', 'Centro Fotografia', 'Museo Conte', 'Casa Giulietta', 'Palazzo della Ragione']",Palazzo della Ragione,strategy_nearest,True,0.0027179718017578125,success
045B74429C4C80,3,"['Arena', 'Casa Giulietta']",Santa Anastasia,"['AMO', 'Museo Conte', 'Palazzo della Ragione', 'Teatro Romano', 'Centro Fotografia']",Teatro Romano,strategy_nearest,True,0.0026111602783203125,success
045B7D3A9C4C80,0,['Casa Giulietta'],Tomba Giulietta,"['San Fermo', 'Museo Storia', 'Arena', 'Museo Lapidario', 'Museo Radio']",Torre Lamberti,strategy_nearest,False,0.0023119449615478516,success
045B794A9C4C80,0,['Arena'],Castelvecchio,"['Museo Lapidario', 'Verona Tour', 'Museo Radio', 'San Zeno', 'Sighseeing']",San Zeno,strategy_nearest,True,0.0035829544067382812,success
045B883A9C4C80,0,['Arena'],Casa Giulietta,"['Centro Fotografia', 'Sighseeing', 'Torre Lamberti', 'Museo Conte', 'Museo Radio']",Torre Lamberti,strategy_nearest,True,0.0031490325927734375,success
045B894A9C4C80,3,"['Arena', 'Museo Lapidario', 'Castelvecchio']",San Zeno,"['Verona Tour', 'Museo Miniscalchi', 'Sighseeing', 'Museo Radio', 'Torre Lamberti']",Teatro Romano,strategy_nearest,False,0.0028619766235351562,success
045B8A4A9C4C80,1,"['Arena', 'Casa Giulietta']",Palazzo della Ragione,"['AMO', 'Museo Conte', 'Torre Lamberti', 'Centro Fotografia', 'Sighseeing']",Torre Lamberti,strategy_nearest,True,0.0026311874389648438,success
045BAA4A9C4C80,3,"['Arena', 'Casa Giulietta', 'Torre Lamberti']",Santa Anastasia,"['AMO', 'Museo Conte', 'Palazzo della Ragione', 'Teatro Romano', 'Centro Fotografia']",Duomo,strategy_nearest,False,0.0031249523162841797,success
045BB03A9C4C80,3,['Castelvecchio'],Santa Anastasia,"['AMO', 'Museo Conte', 'Palazzo della Ragione', 'Teatro Romano', 'Centro Fotografia']",Arena,strategy_nearest,False,0.0020918846130371094,success
045BAB429C4C80,1,"['Arena', 'Castelvecchio']",Torre Lamberti,"['Sighseeing', 'Centro Fotografia', 'Museo Conte', 'Casa Giulietta', 'Palazzo della Ragione']",Palazzo della Ragione,strategy_nearest,True,0.005278110504150391,success
045BAF3A9C4C80,3,['Arena'],Duomo,"['AMO', 'Museo Miniscalchi', 'Santa Anastasia', 'Teatro Romano', 'Palazzo della Ragione']",Santa Anastasia,strategy_nearest,True,0.002163410186767578,success
045BB23A9C4C80,0,['Casa Giulietta'],Castelvecchio,"['Museo Lapidario', 'Verona Tour', 'Arena', 'Museo Radio', 'San Zeno']",Arena,strategy_nearest,True,0.0030357837677001953,success
045BB4429C4C80,0,['Arena'],Casa Giulietta,"['Centro Fotografia', 'Sighseeing', 'Torre Lamberti', 'Museo Conte', 'Museo Radio']",Castelvecchio,strategy_nearest,False,0.002644062042236328,success
045BBB429C4C80,2,['Torre Lamberti'],Duomo,"['AMO', 'Museo Miniscalchi', 'Santa Anastasia', 'Teatro Romano', 'Palazzo della Ragione']",Teatro Romano,strategy_nearest,True,0.002454042434692383,success
045BB53A9C4C80,1,"['Torre Lamberti', 'Palazzo della Ragione']",Casa Giulietta,"['Centro Fotografia', 'Sighseeing', 'Museo Conte', 'Museo Radio', 'San Fermo']",Arena,strategy_nearest,False,0.002007007598876953,success
045BCA429C4C80,0,['Arena'],Casa Giulietta,"['Centro Fotografia', 'Sighseeing', 'Torre Lamberti', 'Museo Conte', 'Museo Radio']",Torre Lamberti,strategy_nearest,True,0.0027840137481689453,success
045BDA429C4C80,2,['Tomba Giulietta'],Palazzo della Ragione,"['AMO', 'Museo Conte', 'Torre Lamberti', 'Centro Fotografia', 'Sighseeing']",Teatro Romano,strategy_nearest,False,0.0021309852600097656,success
045BDF3A9C4C80,1,['Arena'],Palazzo della Ragione,"['AMO', 'Museo Conte', 'Torre Lamberti', 'Centro Fotografia', 'Sighseeing']",Santa Anastasia,strategy_nearest,False,0.002783060073852539,success
045BCA3A9C4C80,3,"['Tomba Giulietta', 'Museo Lapidario', 'Arena']",Casa Giulietta,"['Centro Fotografia', 'Sighseeing', 'Torre Lamberti', 'Museo Conte', 'Museo Radio']",Torre Lamberti,strategy_nearest,True,0.005903005599975586,success
045BE53A9C4C80,3,"['Arena', 'Casa Giulietta']",Santa Anastasia,"['AMO', 'Museo Conte', 'Palazzo della Ragione', 'Teatro Romano', 'Centro Fotografia']",Duomo,strategy_nearest,False,0.002508878707885742,success
045BEC3A9C4C80,1,"['Arena', 'Casa Giulietta', 'Torre Lamberti']",Palazzo della Ragione,"['AMO', 'Museo Conte', 'Centro Fotografia', 'Sighseeing', 'Santa Anastasia']",Santa Anastasia,strategy_nearest,True,0.0032439231872558594,success
045BF33A9C4C80,3,"['Arena', 'Casa Giulietta']",Torre Lamberti,"['Sighseeing', 'Centro Fotografia', 'Museo Conte', 'Palazzo della Ragione', 'AMO']",Santa Anastasia,strategy_nearest,False,0.0028007030487060547,success
045CC7429C4C80,3,['Arena'],Casa Giulietta,"['Centro Fotografia', 'Sighseeing', 'Torre Lamberti', 'Museo Conte', 'Museo Radio']",Santa Anastasia,strategy_nearest,False,0.0024559497833251953,success
045CA7429C4C80,3,"['Casa Giulietta', 'Arena', 'Tomba Giulietta']",Castelvecchio,"['Museo Lapidario', 'Verona Tour', 'Museo Radio', 'San Zeno', 'Sighseeing']",Torre Lamberti,strategy_nearest,False,0.0031239986419677734,success
045C83429C4C80,0,['Arena'],Duomo,"['AMO', 'Museo Miniscalchi', 'Santa Anastasia', 'Teatro Romano', 'Palazzo della Ragione']",Casa Giulietta,strategy_nearest,False,0.0034580230712890625,success
045D06429C4C84,0,"['Arena', 'Castelvecchio']",Casa Giulietta,"['Centro Fotografia', 'Sighseeing', 'Torre Lamberti', 'Museo Conte', 'Museo Radio']",Teatro Romano,strategy_nearest,False,0.0015270709991455078,success
045CE83A9C4C80,3,['Arena'],Torre Lamberti,"['Sighseeing', 'Centro Fotografia', 'Museo Conte', 'Casa Giulietta', 'Palazzo della Ragione']",Santa Anastasia,strategy_nearest,False,0.004550933837890625,success
045D173A9C4C80,0,['Arena'],Teatro Romano,"['Santa Anastasia', 'Duomo', 'AMO', 'Palazzo della Ragione', 'Museo Conte']",Castelvecchio,strategy_nearest,False,0.0025720596313476562,success
045D16429C4C84,1,"['Duomo', 'Santa Anastasia', 'Palazzo della Ragione', 'Casa Giulietta', 'Torre Lamberti']",Museo Lapidario,"['Verona Tour', 'Arena', 'Castelvecchio', 'Museo Radio', 'San Fermo']",Arena,strategy_nearest,True,0.003420114517211914,success
045D19429C4C80,3,"['Arena', 'Santa Anastasia']",Duomo,"['AMO', 'Museo Miniscalchi', 'Teatro Romano', 'Palazzo della Ragione', 'Museo Conte']",Teatro Romano,strategy_nearest,True,0.002635955810546875,success
045D213A9C4C84,0,"['Arena', 'San Zeno']",Castelvecchio,"['Museo Lapidario', 'Verona Tour', 'Museo Radio', 'Sighseeing', 'Museo Miniscalchi']",Torre Lamberti,strategy_nearest,False,0.002832174301147461,success
045D1F3A9C4C80,0,"['Teatro Romano', 'Giardino Giusti']",Casa Giulietta,"['Centro Fotografia', 'Sighseeing', 'Torre Lamberti', 'Museo Conte', 'Museo Radio']",Arena,strategy_nearest,False,0.0020029544830322266,success
045D1F3A9C4C84,3,['Arena'],Casa Giulietta,"['Centro Fotografia', 'Sighseeing', 'Torre Lamberti', 'Museo Conte', 'Museo Radio']",Torre Lamberti,strategy_nearest,True,0.0028018951416015625,success
045D473A9C4C80,3,['Arena'],Torre Lamberti,"['Sighseeing', 'Centro Fotografia', 'Museo Conte', 'Casa Giulietta', 'Palazzo della Ragione']",Teatro Romano,strategy_nearest,False,0.002722024917602539,success
045D48429C4C80,0,['Arena'],Castelvecchio,"['Museo Lapidario', 'Verona Tour', 'Museo Radio', 'San Zeno', 'Sighseeing']",Casa Giulietta,strategy_nearest,False,0.002092123031616211,success
045D283A9C4C80,3,['Arena'],Torre Lamberti,"['Sighseeing', 'Centro Fotografia', 'Museo Conte', 'Casa Giulietta', 'Palazzo della Ragione']",Casa Giulietta,strategy_nearest,True,0.004824161529541016,success
045D453A9C4C80,1,"['San Zeno', 'Castelvecchio', 'Arena', 'San Fermo']",Casa Giulietta,"['Centro Fotografia', 'Sighseeing', 'Torre Lamberti', 'Museo Conte', 'Museo Radio']",Museo Storia,strategy_nearest,False,0.0015377998352050781,success
045D6C429C4C80,0,"['Arena', 'Castelvecchio']",San Zeno,"['Verona Tour', 'Museo Lapidario', 'Museo Miniscalchi', 'Sighseeing', 'Museo Radio']",Giardino Giusti,strategy_nearest,False,0.002758026123046875,success
045D513A9C4C80,0,['Arena'],Torre Lamberti,"['Sighseeing', 'Centro Fotografia', 'Museo Conte', 'Casa Giulietta', 'Palazzo della Ragione']",Castelvecchio,strategy_nearest,False,0.002897977828979492,success
045D50429C4C80,0,['Arena'],Teatro Romano,"['Santa Anastasia', 'Duomo', 'AMO', 'Palazzo della Ragione', 'Museo Conte']",Torre Lamberti,strategy_nearest,False,0.0022079944610595703,success
045D753A9C4C80,3,"['Arena', 'Casa Giulietta']",Santa Anastasia,"['AMO', 'Museo Conte', 'Palazzo della Ragione', 'Teatro Romano', 'Centro Fotografia']",Duomo,strategy_nearest,False,0.0033321380615234375,success
045D7A3A9C4C80,1,"['Arena', 'Casa Giulietta', 'Torre Lamberti']",Palazzo della Ragione,"['AMO', 'Museo Conte', 'Centro Fotografia', 'Sighseeing', 'Santa Anastasia']",Santa Anastasia,strategy_nearest,True,0.001378774642944336,success
045D793A9C4C80,0,"['Torre Lamberti', 'Casa Giulietta']",Arena,"['Verona Tour', 'Museo Lapidario', 'Museo Radio', 'San Fermo', 'Sighseeing']",Tomba Giulietta,strategy_nearest,False,0.0028591156005859375,success
045D77429C4C80,0,['Museo Lapidario'],Arena,"['Verona Tour', 'Museo Radio', 'San Fermo', 'Casa Giulietta', 'Sighseeing']",Casa Giulietta,strategy_nearest,True,0.002276897430419922,success
045D82429C4C80,0,['Arena'],Casa Giulietta,"['Centro Fotografia', 'Sighseeing', 'Torre Lamberti', 'Museo Conte', 'Museo Radio']",Torre Lamberti,strategy_nearest,True,0.003087759017944336,success
045D873A9C4C80,1,"['Arena', 'Casa Giulietta']",Palazzo della Ragione,"['AMO', 'Museo Conte', 'Torre Lamberti', 'Centro Fotografia', 'Sighseeing']",Torre Lamberti,strategy_nearest,True,0.0024900436401367188,success
045D854A9C4C80,1,"['Arena', 'Santa Anastasia', 'Teatro Romano']",Duomo,"['AMO', 'Museo Miniscalchi', 'Palazzo della Ragione', 'Museo Conte', 'Torre Lamberti']",Casa Giulietta,strategy_nearest,False,0.002025127410888672,success
045D864A9C4C80,0,"['Tomba Giulietta', 'Arena']",Casa Giulietta,"['Centro Fotografia', 'Sighseeing', 'Torre Lamberti', 'Museo Conte', 'Museo Radio']",Teatro Romano,strategy_nearest,False,0.002500772476196289,success
045D904A9C4C80,3,"['Arena', 'Casa Giulietta']",Santa Anastasia,"['AMO', 'Museo Conte', 'Palazzo della Ragione', 'Teatro Romano', 'Centro Fotografia']",Duomo,strategy_nearest,False,0.0019168853759765625,success
045D89429C4C80,3,"['Teatro Romano', 'Giardino Giusti', 'Casa Giulietta']",Arena,"['Verona Tour', 'Museo Lapidario', 'Museo Radio', 'San Fermo', 'Sighseeing']",Duomo,strategy_nearest,False,0.001277923583984375,success
045DAA3A9C4C80,1,['Arena'],Palazzo della Ragione,"['AMO', 'Museo Conte', 'Torre Lamberti', 'Centro Fotografia', 'Sighseeing']",Casa Giulietta,strategy_nearest,False,0.002722024917602539,success
045D894A9C4C80,3,"['San Zeno', 'Duomo']",Santa Anastasia,"['AMO', 'Museo Conte', 'Palazzo della Ragione', 'Teatro Romano', 'Centro Fotografia']",Torre Lamberti,strategy_nearest,False,0.003735780715942383,success
045DAC429C4C80,3,"['Arena', 'Castelvecchio']",San Zeno,"['Verona Tour', 'Museo Lapidario', 'Museo Miniscalchi', 'Sighseeing', 'Museo Radio']",Santa Anastasia,strategy_nearest,False,0.0031287670135498047,success
045DB03A9C4C80,0,['Arena'],Castelvecchio,"['Museo Lapidario', 'Verona Tour', 'Museo Radio', 'San Zeno', 'Sighseeing']",Casa Giulietta,strategy_nearest,False,0.0018680095672607422,success
045DAA4A9C4C80,1,['Arena'],Torre Lamberti,"['Sighseeing', 'Centro Fotografia', 'Museo Conte', 'Casa Giulietta', 'Palazzo della Ragione']",Palazzo della Ragione,strategy_nearest,True,0.0027923583984375,success
045DAB3A9C4C80,3,['Arena'],Torre Lamberti,"['Sighseeing', 'Centro Fotografia', 'Museo Conte', 'Casa Giulietta', 'Palazzo della Ragione']",Santa Anastasia,strategy_nearest,False,0.003261089324951172,success
045DB43A9C4C80,2,"['Torre Lamberti', 'Santa Anastasia']",Duomo,"['AMO', 'Museo Miniscalchi', 'Teatro Romano', 'Palazzo della Ragione', 'Museo Conte']",Casa Giulietta,strategy_nearest,False,0.0017442703247070312,success
045DB53A9C4C80,0,['Arena'],Castelvecchio,"['Museo Lapidario', 'Verona Tour', 'Museo Radio', 'San Zeno', 'Sighseeing']",San Zeno,strategy_nearest,True,0.002379179000854492,success
045DC0429C4C80,1,"['Arena', 'San Fermo']",Casa Giulietta,"['Centro Fotografia', 'Sighseeing', 'Torre Lamberti', 'Museo Conte', 'Museo Radio']",Palazzo della Ragione,strategy_nearest,False,0.0027480125427246094,success
045DC03A9C4C80,2,"['San Fermo', 'Teatro Romano']",Duomo,"['AMO', 'Museo Miniscalchi', 'Santa Anastasia', 'Palazzo della Ragione', 'Museo Conte']",San Zeno,strategy_nearest,False,0.003620147705078125,success
045DC7429C4C80,3,['Arena'],Santa Anastasia,"['AMO', 'Museo Conte', 'Palazzo della Ragione', 'Teatro Romano', 'Centro Fotografia']",Torre Lamberti,strategy_nearest,False,0.001661062240600586,success
045DC8429C4C80,2,"['San Zeno', 'Castelvecchio']",Santa Anastasia,"['AMO', 'Museo Conte', 'Palazzo della Ragione', 'Teatro Romano', 'Centro Fotografia']",Duomo,strategy_nearest,False,0.002871990203857422,success
045DC9429C4C80,1,"['Arena', 'Museo Lapidario', 'Castelvecchio']",Casa Giulietta,"['Centro Fotografia', 'Sighseeing', 'Torre Lamberti', 'Museo Conte', 'Museo Radio']",Torre Lamberti,strategy_nearest,True,0.003593921661376953,success
045DCA429C4C80,1,"['Arena', 'Casa Giulietta']",Torre Lamberti,"['Sighseeing', 'Centro Fotografia', 'Museo Conte', 'Palazzo della Ragione', 'AMO']",Palazzo della Ragione,strategy_nearest,True,0.002064228057861328,success
045DCE3A9C4C80,0,['Arena'],Casa Giulietta,"['Centro Fotografia', 'Sighseeing', 'Torre Lamberti', 'Museo Conte', 'Museo Radio']",Teatro Romano,strategy_nearest,False,0.0022199153900146484,success
045DEA3A9C4C80,0,"['Museo Lapidario', 'Arena']",Torre Lamberti,"['Sighseeing', 'Centro Fotografia', 'Museo Conte', 'Casa Giulietta', 'Palazzo della Ragione']",Teatro Romano,strategy_nearest,False,0.003347158432006836,success
045DD83A9C4C80,3,"['Arena', 'Torre Lamberti', 'Casa Giulietta']",Santa Anastasia,"['AMO', 'Museo Conte', 'Palazzo della Ragione', 'Teatro Romano', 'Centro Fotografia']",Duomo,strategy_nearest,False,0.0027310848236083984,success
045DEB429C4C80,3,"['Teatro Romano', 'Arena']",Castelvecchio,"['Museo Lapidario', 'Verona Tour', 'Museo Radio', 'San Zeno', 'Sighseeing']",Torre Lamberti,strategy_nearest,False,0.003957033157348633,success
045E013A9C4C84,2,"['Museo Lapidario', 'Casa Giulietta', 'Torre Lamberti']",Palazzo della Ragione,"['AMO', 'Museo Conte', 'Centro Fotografia', 'Sighseeing', 'Santa Anastasia']",Santa Anastasia,strategy_nearest,True,0.0024209022521972656,success
045E19429C4C80,3,"['Arena', 'Santa Anastasia']",Duomo,"['AMO', 'Museo Miniscalchi', 'Teatro Romano', 'Palazzo della Ragione', 'Museo Conte']",Teatro Romano,strategy_nearest,True,0.0024182796478271484,success
045E1A3A9C4C80,3,"['Arena', 'Teatro Romano']",Duomo,"['AMO', 'Museo Miniscalchi', 'Santa Anastasia', 'Palazzo della Ragione', 'Museo Conte']",Torre Lamberti,strategy_nearest,False,0.0025451183319091797,success
045E17429C4C84,1,"['Arena', 'Teatro Romano', 'Palazzo della Ragione', 'Santa Anastasia']",San Zeno,"['Castelvecchio', 'Verona Tour', 'Museo Lapidario', 'Museo Miniscalchi', 'Sighseeing']",Museo Lapidario,strategy_nearest,True,0.00430607795715332,success
045E1D3A9C4C80,2,['Castelvecchio'],Santa Anastasia,"['AMO', 'Museo Conte', 'Palazzo della Ragione', 'Teatro Romano', 'Centro Fotografia']",Duomo,strategy_nearest,False,0.002537965774536133,success
045E1D3A9C4C84,0,['Arena'],Castelvecchio,"['Museo Lapidario', 'Verona Tour', 'Museo Radio', 'San Zeno', 'Sighseeing']",Casa Giulietta,strategy_nearest,False,0.003242015838623047,success
045E1E3A9C4C84,0,['Arena'],Castelvecchio,"['Museo Lapidario', 'Verona Tour', 'Museo Radio', 'San Zeno', 'Sighseeing']",Casa Giulietta,strategy_nearest,False,0.002513885498046875,success
045E453A9C4C80,3,"['Tomba Giulietta', 'Casa Giulietta', 'Santa Anastasia']",Duomo,"['AMO', 'Museo Miniscalchi', 'Teatro Romano', 'Palazzo della Ragione', 'Museo Conte']",Torre Lamberti,strategy_nearest,False,0.0026340484619140625,success
045E3C3A9C4C80,1,"['Torre Lamberti', 'Palazzo della Ragione']",Casa Giulietta,"['Centro Fotografia', 'Sighseeing', 'Museo Conte', 'Museo Radio', 'San Fermo']",Museo Lapidario,strategy_nearest,False,0.0025179386138916016,success
045E4E429C4C80,3,"['Santa Anastasia', 'Duomo']",Torre Lamberti,"['Sighseeing', 'Centro Fotografia', 'Museo Conte', 'Casa Giulietta', 'Palazzo della Ragione']",Arena,strategy_nearest,False,0.0032770633697509766,success
045E4D429C4C80,3,"['Arena', 'Casa Giulietta']",Santa Anastasia,"['AMO', 'Museo Conte', 'Palazzo della Ragione', 'Teatro Romano', 'Centro Fotografia']",Duomo,strategy_nearest,False,0.0035860538482666016,success
045E51429C4C80,3,['Arena'],Santa Anastasia,"['AMO', 'Museo Conte', 'Palazzo della Ragione', 'Teatro Romano', 'Centro Fotografia']",Duomo,strategy_nearest,False,0.003267049789428711,success
045E503A9C4C80,2,"['Castelvecchio', 'Torre Lamberti']",Santa Anastasia,"['AMO', 'Museo Conte', 'Palazzo della Ragione', 'Teatro Romano', 'Centro Fotografia']",San Zeno,strategy_nearest,False,0.0024650096893310547,success
045E5A429C4C80,3,"['Arena', 'Castelvecchio', 'Tomba Giulietta', 'San Fermo']",Casa Giulietta,"['Centro Fotografia', 'Sighseeing', 'Torre Lamberti', 'Museo Conte', 'Museo Radio']",Torre Lamberti,strategy_nearest,True,0.002623319625854492,success
045E5F429C4C80,0,['Torre Lamberti'],Casa Giulietta,"['Centro Fotografia', 'Sighseeing', 'Museo Conte', 'Museo Radio', 'Palazzo della Ragione']",Arena,strategy_nearest,False,0.0033431053161621094,success
045E64429C4C80,0,['Castelvecchio'],Arena,"['Verona Tour', 'Museo Lapidario', 'Museo Radio', 'San Fermo', 'Casa Giulietta']",Tomba Giulietta,strategy_nearest,False,0.0025179386138916016,success
045E70429C4C80,1,"['Casa Giulietta', 'Torre Lamberti', 'Palazzo della Ragione']",Santa Anastasia,"['AMO', 'Museo Conte', 'Teatro Romano', 'Centro Fotografia', 'Duomo']",Duomo,strategy_nearest,True,0.0031218528747558594,success
045E8E429C4C80,3,"['Arena', 'Casa Giulietta', 'Torre Lamberti', 'Santa Anastasia']",Duomo,"['AMO', 'Museo Miniscalchi', 'Teatro Romano', 'Palazzo della Ragione', 'Museo Conte']",Teatro Romano,strategy_nearest,True,0.0021419525146484375,success
045E884A9C4C80,0,['Arena'],Casa Giulietta,"['Centro Fotografia', 'Sighseeing', 'Torre Lamberti', 'Museo Conte', 'Museo Radio']",Torre Lamberti,strategy_nearest,True,0.0036411285400390625,success
045E894A9C4C80,3,"['Arena', 'Castelvecchio']",San Zeno,"['Verona Tour', 'Museo Lapidario', 'Museo Miniscalchi', 'Sighseeing', 'Museo Radio']",San Fermo,strategy_nearest,False,0.0022602081298828125,success
045E8C429C4C80,2,['Duomo'],Santa Anastasia,"['AMO', 'Museo Conte', 'Palazzo della Ragione', 'Teatro Romano', 'Centro Fotografia']",Castelvecchio,strategy_nearest,False,0.0035829544067382812,success
045E8F4A9C4C80,1,"['Arena', 'Casa Giulietta', 'Torre Lamberti']",Palazzo della Ragione,"['AMO', 'Museo Conte', 'Centro Fotografia', 'Sighseeing', 'Santa Anastasia']",Museo Lapidario,strategy_nearest,False,0.0034558773040771484,success
045EAB3A9C4C80,0,['Torre Lamberti'],Duomo,"['AMO', 'Museo Miniscalchi', 'Santa Anastasia', 'Teatro Romano', 'Palazzo della Ragione']",Casa Giulietta,strategy_nearest,False,0.0020990371704101562,success
045EAD3A9C4C80,3,"['Torre Lamberti', 'Santa Anastasia']",Duomo,"['AMO', 'Museo Miniscalchi', 'Teatro Romano', 'Palazzo della Ragione', 'Museo Conte']",Casa Giulietta,strategy_nearest,False,0.001447916030883789,success
045ECA429C4C80,0,"['Arena', 'Castelvecchio']",Duomo,"['AMO', 'Museo Miniscalchi', 'Santa Anastasia', 'Teatro Romano', 'Palazzo della Ragione']",Casa Giulietta,strategy_nearest,False,0.0020029544830322266,success
045EAE3A9C4C80,3,"['Arena', 'Casa Giulietta']",Torre Lamberti,"['Sighseeing', 'Centro Fotografia', 'Museo Conte', 'Palazzo della Ragione', 'AMO']",Santa Anastasia,strategy_nearest,False,0.00321197509765625,success
045EC23A9C4C80,0,['Arena'],Casa Giulietta,"['Centro Fotografia', 'Sighseeing', 'Torre Lamberti', 'Museo Conte', 'Museo Radio']",Duomo,strategy_nearest,False,0.0034668445587158203,success
045ED8429C4C80,2,['San Zeno'],Duomo,"['AMO', 'Museo Miniscalchi', 'Santa Anastasia', 'Teatro Romano', 'Palazzo della Ragione']",Santa Anastasia,strategy_nearest,True,0.002482891082763672,success
045EDC3A9C4C80,1,['Arena'],Casa Giulietta,"['Centro Fotografia', 'Sighseeing', 'Torre Lamberti', 'Museo Conte', 'Museo Radio']",Palazzo della Ragione,strategy_nearest,False,0.001990079879760742,success
045EDD3A9C4C80,0,['Arena'],Teatro Romano,"['Santa Anastasia', 'Duomo', 'AMO', 'Palazzo della Ragione', 'Museo Conte']",Casa Giulietta,strategy_nearest,False,0.001964092254638672,success
045EE13A9C4C80,3,"['Arena', 'Casa Giulietta']",Torre Lamberti,"['Sighseeing', 'Centro Fotografia', 'Museo Conte', 'Palazzo della Ragione', 'AMO']",Duomo,strategy_nearest,False,0.0026171207427978516,success
045EE83A9C4C80,3,"['Santa Anastasia', 'Duomo']",San Fermo,"['Museo Storia', 'Museo Radio', 'Casa Giulietta', 'Centro Fotografia', 'Arena']",Arena,strategy_nearest,True,0.002972841262817383,success
045EF4429C4C80,3,['Torre Lamberti'],Santa Anastasia,"['AMO', 'Museo Conte', 'Palazzo della Ragione', 'Teatro Romano', 'Centro Fotografia']",Teatro Romano,strategy_nearest,True,0.002125978469848633,success
045EEF3A9C4C80,3,"['Arena', 'Casa Giulietta', 'Torre Lamberti']",Duomo,"['AMO', 'Museo Miniscalchi', 'Santa Anastasia', 'Teatro Romano', 'Palazzo della Ragione']",Teatro Romano,strategy_nearest,True,0.003548860549926758,success
045EF93A9C4C80,0,['Casa Giulietta'],Arena,"['Verona Tour', 'Museo Lapidario', 'Museo Radio', 'San Fermo', 'Sighseeing']",Tomba Giulietta,strategy_nearest,False,0.0033860206604003906,success
045EFD3A9C4C80,3,['Casa Giulietta'],Torre Lamberti,"['Sighseeing', 'Centro Fotografia', 'Museo Conte', 'Palazzo della Ragione', 'AMO']",Santa Anastasia,strategy_nearest,False,0.0029380321502685547,success
045F05429C4C84,3,"['Arena', 'Santa Anastasia']",Castelvecchio,"['Museo Lapidario', 'Verona Tour', 'Museo Radio', 'San Zeno', 'Sighseeing']",San Fermo,strategy_nearest,False,0.0024356842041015625,success
045F163A9C4C80,1,"['Arena', 'Palazzo della Ragione']",Torre Lamberti,"['Sighseeing', 'Centro Fotografia', 'Museo Conte', 'Casa Giulietta', 'AMO']",Santa Anastasia,strategy_nearest,False,0.0026743412017822266,success
045F163A9C4C84,3,"['Duomo', 'Santa Anastasia']",Casa Giulietta,"['Centro Fotografia', 'Sighseeing', 'Torre Lamberti', 'Museo Conte', 'Museo Radio']",Arena,strategy_nearest,False,0.003325223922729492,success
045F18429C4C80,3,['Torre Lamberti'],Arena,"['Verona Tour', 'Museo Lapidario', 'Museo Radio', 'San Fermo', 'Casa Giulietta']",Casa Giulietta,strategy_nearest,True,0.002662181854248047,success
045F1E3A9C4C80,3,"['Arena', 'Casa Giulietta']",Santa Anastasia,"['AMO', 'Museo Conte', 'Palazzo della Ragione', 'Teatro Romano', 'Centro Fotografia']",Duomo,strategy_nearest,False,0.0028221607208251953,success
045F2C4A9C4C80,1,"['Tomba Giulietta', 'Arena', 'San Fermo']",Casa Giulietta,"['Centro Fotografia', 'Sighseeing', 'Torre Lamberti', 'Museo Conte', 'Museo Radio']",Santa Anastasia,strategy_nearest,False,0.0024640560150146484,success
045F203A9C4C80,1,"['Arena', 'Casa Giulietta']",Torre Lamberti,"['Sighseeing', 'Centro Fotografia', 'Museo Conte', 'Palazzo della Ragione', 'AMO']",Palazzo della Ragione,strategy_nearest,True,0.002641916275024414,success
045F3A3A9C4C80,0,"['Arena', 'Museo Lapidario']",Castelvecchio,"['Verona Tour', 'Museo Radio', 'San Zeno', 'Sighseeing', 'Museo Miniscalchi']",Duomo,strategy_nearest,False,0.003488779067993164,success
045F3D3A9C4C80,1,"['Torre Lamberti', 'Casa Giulietta']",Teatro Romano,"['Santa Anastasia', 'Duomo', 'AMO', 'Palazzo della Ragione', 'Museo Conte']",Arena,strategy_nearest,False,0.002809286117553711,success
045F3E3A9C4C80,1,"['Casa Giulietta', 'Torre Lamberti', 'Palazzo della Ragione', 'Duomo']",Teatro Romano,"['Santa Anastasia', 'AMO', 'Museo Conte', 'Centro Fotografia', 'Museo Miniscalchi']",Museo Lapidario,strategy_nearest,False,0.0027551651000976562,success
045F3F3A9C4C80,0,"['Castelvecchio', 'Casa Giulietta']",Torre Lamberti,"['Sighseeing', 'Centro Fotografia', 'Museo Conte', 'Palazzo della Ragione', 'AMO']",Arena,strategy_nearest,False,0.003062009811401367,success
045F443A9C4C80,3,['Castelvecchio'],Arena,"['Verona Tour', 'Museo Lapidario', 'Museo Radio', 'San Fermo', 'Casa Giulietta']",Santa Anastasia,strategy_nearest,False,0.0028460025787353516,success
045F48429C4C80,3,"['Arena', 'Torre Lamberti']",Casa Giulietta,"['Centro Fotografia', 'Sighseeing', 'Museo Conte', 'Museo Radio', 'Palazzo della Ragione']",Santa Anastasia,strategy_nearest,False,0.0021812915802001953,success
045F63429C4C80,3,"['Santa Anastasia', 'Teatro Romano', 'Duomo']",Castelvecchio,"['Museo Lapidario', 'Verona Tour', 'Arena', 'Museo Radio', 'San Zeno']",Arena,strategy_nearest,True,0.0027468204498291016,success
045F5B429C4C80,1,['Arena'],Casa Giulietta,"['Centro Fotografia', 'Sighseeing', 'Torre Lamberti', 'Museo Conte', 'Museo Radio']",Torre Lamberti,strategy_nearest,True,0.0038018226623535156,success
045F6C429C4C80,3,['Casa Giulietta'],Torre Lamberti,"['Sighseeing', 'Centro Fotografia', 'Museo Conte', 'Palazzo della Ragione', 'AMO']",Santa Anastasia,strategy_nearest,False,0.002485036849975586,success
045F663A9C4C80,0,['Arena'],Casa Giulietta,"['Centro Fotografia', 'Sighseeing', 'Torre Lamberti', 'Museo Conte', 'Museo Radio']",Torre Lamberti,strategy_nearest,True,0.0035300254821777344,success
045F73429C4C80,3,"['Santa Anastasia', 'Arena']",Casa Giulietta,"['Centro Fotografia', 'Sighseeing', 'Torre Lamberti', 'Museo Conte', 'Museo Radio']",Torre Lamberti,strategy_nearest,True,0.003612041473388672,success
045F743A9C4C80,3,['Santa Anastasia'],Torre Lamberti,"['Sighseeing', 'Centro Fotografia', 'Museo Conte', 'Casa Giulietta', 'Palazzo della Ragione']",Casa Giulietta,strategy_nearest,True,0.002540111541748047,success
045F883A9C4C80,1,"['Casa Giulietta', 'Torre Lamberti']",Palazzo della Ragione,"['AMO', 'Museo Conte', 'Centro Fotografia', 'Sighseeing', 'Santa Anastasia']",Arena,strategy_nearest,False,0.003342151641845703,success
045F8B429C4C80,3,"['Arena', 'San Fermo', 'Torre Lamberti']",Casa Giulietta,"['Centro Fotografia', 'Sighseeing', 'Museo Conte', 'Museo Radio', 'Palazzo della Ragione']",Duomo,strategy_nearest,False,0.00273895263671875,success
045FA64A9C4C80,3,"['Castelvecchio', 'Tomba Giulietta']",Arena,"['Verona Tour', 'Museo Lapidario', 'Museo Radio', 'San Fermo', 'Casa Giulietta']",Santa Anastasia,strategy_nearest,False,0.003242969512939453,success
045F90429C4C80,1,"['Arena', 'Casa Giulietta']",Torre Lamberti,"['Sighseeing', 'Centro Fotografia', 'Museo Conte', 'Palazzo della Ragione', 'AMO']",Palazzo della Ragione,strategy_nearest,True,0.0026502609252929688,success
045FB0429C4C80,0,['Arena'],Tomba Giulietta,"['San Fermo', 'Museo Storia', 'Museo Lapidario', 'Museo Radio', 'Verona Tour']",Arena,strategy_nearest,False,0.002465963363647461,success
045FB7429C4C80,1,['Arena'],Torre Lamberti,"['Sighseeing', 'Centro Fotografia', 'Museo Conte', 'Casa Giulietta', 'Palazzo della Ragione']",Palazzo della Ragione,strategy_nearest,True,0.0022749900817871094,success
045FB1429C4C80,0,['Arena'],Castelvecchio,"['Museo Lapidario', 'Verona Tour', 'Museo Radio', 'San Zeno', 'Sighseeing']",San Zeno,strategy_nearest,True,0.002935171127319336,success
045FB8429C4C80,3,['Arena'],Torre Lamberti,"['Sighseeing', 'Centro Fotografia', 'Museo Conte', 'Casa Giulietta', 'Palazzo della Ragione']",Santa Anastasia,strategy_nearest,False,0.003446817398071289,success
045FBD3A9C4C80,3,"['San Fermo', 'Santa Anastasia', 'Duomo']",Casa Giulietta,"['Centro Fotografia', 'Sighseeing', 'Torre Lamberti', 'Museo Conte', 'Museo Radio']",Torre Lamberti,strategy_nearest,True,0.0032091140747070312,success
045FC9429C4C80,3,"['Museo Lapidario', 'Arena']",Torre Lamberti,"['Sighseeing', 'Centro Fotografia', 'Museo Conte', 'Casa Giulietta', 'Palazzo della Ragione']",Santa Anastasia,strategy_nearest,False,0.0018420219421386719,success
045FC73A9C4C80,3,"['Arena', 'Casa Giulietta']",Torre Lamberti,"['Sighseeing', 'Centro Fotografia', 'Museo Conte', 'Palazzo della Ragione', 'AMO']",Teatro Romano,strategy_nearest,False,0.003556966781616211,success
045FCF3A9C4C80,3,['Arena'],Torre Lamberti,"['Sighseeing', 'Centro Fotografia', 'Museo Conte', 'Casa Giulietta', 'Palazzo della Ragione']",Santa Anastasia,strategy_nearest,False,0.002624988555908203,success
045FD5429C4C80,0,['Arena'],Museo Lapidario,"['Verona Tour', 'Castelvecchio', 'Museo Radio', 'San Fermo', 'Casa Giulietta']",Giardino Giusti,strategy_nearest,False,0.002978086471557617,success
045FD93A9C4C80,4,"['Arena', 'Museo Lapidario', 'Casa Giulietta', 'Torre Lamberti', 'Palazzo della Ragione', 'Duomo']",Santa Anastasia,"['AMO', 'Museo Conte', 'Teatro Romano', 'Centro Fotografia', 'Sighseeing']",Teatro Romano,strategy_nearest,True,0.0030670166015625,success
045FDD3A9C4C80,3,"['Arena', 'Castelvecchio', 'Casa Giulietta']",Torre Lamberti,"['Sighseeing', 'Centro Fotografia', 'Museo Conte', 'Palazzo della Ragione', 'AMO']",Duomo,strategy_nearest,False,0.002006053924560547,success
045FE23A9C4C80,0,['Arena'],Casa Giulietta,"['Centro Fotografia', 'Sighseeing', 'Torre Lamberti', 'Museo Conte', 'Museo Radio']",Castelvecchio,strategy_nearest,False,0.002975940704345703,success
045FDF3A9C4C80,3,"['Arena', 'San Zeno']",Castelvecchio,"['Museo Lapidario', 'Verona Tour', 'Museo Radio', 'Sighseeing', 'Museo Miniscalchi']",San Fermo,strategy_nearest,False,0.0027332305908203125,success
045FE33A9C4C80,3,"['Arena', 'Casa Giulietta']",Torre Lamberti,"['Sighseeing', 'Centro Fotografia', 'Museo Conte', 'Palazzo della Ragione', 'AMO']",Santa Anastasia,strategy_nearest,False,0.0030527114868164062,success
0460003A9C4C84,3,"['Arena', 'Castelvecchio', 'Torre Lamberti']",Santa Anastasia,"['AMO', 'Museo Conte', 'Palazzo della Ragione', 'Teatro Romano', 'Centro Fotografia']",Duomo,strategy_nearest,False,0.002669095993041992,success
04601C429C4C80,1,"['Santa Anastasia', 'Torre Lamberti', 'Palazzo della Ragione']",Arena,"['Verona Tour', 'Museo Lapidario', 'Museo Radio', 'San Fermo', 'Casa Giulietta']",Castelvecchio,strategy_nearest,False,0.001978158950805664,success
04601A429C4C80,2,['Torre Lamberti'],Casa Giulietta,"['Centro Fotografia', 'Sighseeing', 'Museo Conte', 'Museo Radio', 'Palazzo della Ragione']",Duomo,strategy_nearest,False,0.0027489662170410156,success
046020429C4C84,3,"['Castelvecchio', 'Santa Anastasia']",Duomo,"['AMO', 'Museo Miniscalchi', 'Teatro Romano', 'Palazzo della Ragione', 'Museo Conte']",Teatro Romano,strategy_nearest,True,0.0031249523162841797,success
0460234A9C4C80,3,"['Tomba Giulietta', 'Arena', 'Torre Lamberti']",Castelvecchio,"['Museo Lapidario', 'Verona Tour', 'Museo Radio', 'San Zeno', 'Sighseeing']",Duomo,strategy_nearest,False,0.0015621185302734375,success
046021429C4C84,3,"['Arena', 'Castelvecchio', 'Casa Giulietta', 'San Fermo']",Santa Anastasia,"['AMO', 'Museo Conte', 'Palazzo della Ragione', 'Teatro Romano', 'Centro Fotografia']",San Zeno,strategy_nearest,False,0.0033431053161621094,success
04603B3A9C4C80,1,"['Arena', 'Santa Anastasia', 'Casa Giulietta', 'Torre Lamberti']",Palazzo della Ragione,"['AMO', 'Museo Conte', 'Centro Fotografia', 'Sighseeing', 'Museo Miniscalchi']",Tomba Giulietta,strategy_nearest,False,0.002390146255493164,success
04603B429C4C80,0,['Arena'],Castelvecchio,"['Museo Lapidario', 'Verona Tour', 'Museo Radio', 'San Zeno', 'Sighseeing']",San Zeno,strategy_nearest,True,0.0037441253662109375,success
0460473A9C4C80,1,"['Arena', 'Casa Giulietta', 'San Zeno']",Tomba Giulietta,"['San Fermo', 'Museo Storia', 'Museo Lapidario', 'Museo Radio', 'Verona Tour']",Santa Anastasia,strategy_nearest,False,0.0012857913970947266,success
04603C429C4C80,3,"['Arena', 'Casa Giulietta']",Torre Lamberti,"['Sighseeing', 'Centro Fotografia', 'Museo Conte', 'Palazzo della Ragione', 'AMO']",Santa Anastasia,strategy_nearest,False,0.005156040191650391,success
0460413A9C4C80,0,['Arena'],Casa Giulietta,"['Centro Fotografia', 'Sighseeing', 'Torre Lamberti', 'Museo Conte', 'Museo Radio']",Teatro Romano,strategy_nearest,False,0.0046269893646240234,success
04603D429C4C80,0,['Casa Giulietta'],Torre Lamberti,"['Sighseeing', 'Centro Fotografia', 'Museo Conte', 'Palazzo della Ragione', 'AMO']",Arena,strategy_nearest,False,0.0033659934997558594,success
04604A3A9C4C80,0,"['Arena', 'Casa Giulietta']",San Zeno,"['Castelvecchio', 'Verona Tour', 'Museo Lapidario', 'Museo Miniscalchi', 'Sighseeing']",Teatro Romano,strategy_nearest,False,0.0026988983154296875,success
046060429C4C80,3,"['Torre Lamberti', 'Arena', 'Tomba Giulietta']",Casa Giulietta,"['Centro Fotografia', 'Sighseeing', 'Museo Conte', 'Museo Radio', 'Palazzo della Ragione']",Santa Anastasia,strategy_nearest,False,0.0036118030548095703,success
0460513A9C4C80,1,"['Arena', 'Casa Giulietta', 'Torre Lamberti']",Palazzo della Ragione,"['AMO', 'Museo Conte', 'Centro Fotografia', 'Sighseeing', 'Santa Anastasia']",San Zeno,strategy_nearest,False,0.003056049346923828,success
046057429C4C80,3,"['Arena', 'San Fermo', 'Casa Giulietta']",Torre Lamberti,"['Sighseeing', 'Centro Fotografia', 'Museo Conte', 'Palazzo della Ragione', 'AMO']",Teatro Romano,strategy_nearest,False,0.004812002182006836,success
046062429C4C80,3,"['Casa Giulietta', 'Torre Lamberti', 'Santa Anastasia']",Duomo,"['AMO', 'Museo Miniscalchi', 'Teatro Romano', 'Palazzo della Ragione', 'Museo Conte']",Teatro Romano,strategy_nearest,True,0.0032761096954345703,success
0460663A9C4C80,1,"['Arena', 'San Zeno', 'Castelvecchio', 'Teatro Romano']",Duomo,"['AMO', 'Museo Miniscalchi', 'Santa Anastasia', 'Palazzo della Ragione', 'Museo Conte']",Santa Anastasia,strategy_nearest,True,0.0029151439666748047,success
04606F429C4C80,0,['Arena'],Casa Giulietta,"['Centro Fotografia', 'Sighseeing', 'Torre Lamberti', 'Museo Conte', 'Museo Radio']",Torre Lamberti,strategy_nearest,True,0.0045850276947021484,success
04607F4A9C4C80,1,"['Arena', 'Casa Giulietta']",Santa Anastasia,"['AMO', 'Museo Conte', 'Palazzo della Ragione', 'Teatro Romano', 'Centro Fotografia']",Teatro Romano,strategy_nearest,True,0.002415180206298828,success
04607C3A9C4C80,3,"['Teatro Romano', 'Duomo']",Castelvecchio,"['Museo Lapidario', 'Verona Tour', 'Arena', 'Museo Radio', 'San Zeno']",Arena,strategy_nearest,True,0.004236698150634766,success
0460884A9C4C80,1,"['Arena', 'Casa Giulietta', 'Torre Lamberti']",Palazzo della Ragione,"['AMO', 'Museo Conte', 'Centro Fotografia', 'Sighseeing', 'Santa Anastasia']",Teatro Romano,strategy_nearest,False,0.006510019302368164,success
046082429C4C80,3,"['San Zeno', 'Castelvecchio', 'Arena', 'Tomba Giulietta']",Casa Giulietta,"['Centro Fotografia', 'Sighseeing', 'Torre Lamberti', 'Museo Conte', 'Museo Radio']",San Fermo,strategy_nearest,False,0.0030679702758789062,success
04608B4A9C4C80,3,"['Arena', 'Casa Giulietta']",Santa Anastasia,"['AMO', 'Museo Conte', 'Palazzo della Ragione', 'Teatro Romano', 'Centro Fotografia']",Teatro Romano,strategy_nearest,True,0.006791114807128906,success
04608C429C4C80,0,['Duomo'],Casa Giulietta,"['Centro Fotografia', 'Sighseeing', 'Torre Lamberti', 'Museo Conte', 'Museo Radio']",Arena,strategy_nearest,False,0.004689216613769531,success
046093429C4C80,0,['Castelvecchio'],Arena,"['Verona Tour', 'Museo Lapidario', 'Museo Radio', 'San Fermo', 'Casa Giulietta']",Casa Giulietta,strategy_nearest,True,0.005420684814453125,success
04609C429C4C80,0,['Teatro Romano'],San Zeno,"['Castelvecchio', 'Verona Tour', 'Museo Lapidario', 'Arena', 'Museo Miniscalchi']",Torre Lamberti,strategy_nearest,False,0.0039370059967041016,success
0460AA3A9C4C80,0,"['Arena', 'Castelvecchio']",Casa Giulietta,"['Centro Fotografia', 'Sighseeing', 'Torre Lamberti', 'Museo Conte', 'Museo Radio']",Torre Lamberti,strategy_nearest,True,0.00454401969909668,success
0460AD3A9C4C80,0,['Arena'],Casa Giulietta,"['Centro Fotografia', 'Sighseeing', 'Torre Lamberti', 'Museo Conte', 'Museo Radio']",Museo Storia,strategy_nearest,False,0.0032203197479248047,success
0460B03A9C4C80,0,"['Arena', 'Duomo']",Torre Lamberti,"['Sighseeing', 'Centro Fotografia', 'Museo Conte', 'Casa Giulietta', 'Palazzo della Ragione']",Casa Giulietta,strategy_nearest,True,0.003899097442626953,success
0460B0429C4C80,0,['Arena'],Casa Giulietta,"['Centro Fotografia', 'Sighseeing', 'Torre Lamberti', 'Museo Conte', 'Museo Radio']",Torre Lamberti,strategy_nearest,True,0.004673004150390625,success
0460B23A9C4C80,0,['Arena'],Torre Lamberti,"['Sighseeing', 'Centro Fotografia', 'Museo Conte', 'Casa Giulietta', 'Palazzo della Ragione']",Casa Giulietta,strategy_nearest,True,0.004363059997558594,success
0460BC429C4C80,3,"['Santa Anastasia', 'Torre Lamberti']",Casa Giulietta,"['Centro Fotografia', 'Sighseeing', 'Museo Conte', 'Museo Radio', 'Palazzo della Ragione']",San Fermo,strategy_nearest,False,0.001786947250366211,success
0460BF3A9C4C80,0,"['Duomo', 'Casa Giulietta']",Arena,"['Verona Tour', 'Museo Lapidario', 'Museo Radio', 'San Fermo', 'Sighseeing']",Castelvecchio,strategy_nearest,False,0.002927064895629883,success
0460BD429C4C80,1,"['Giardino Giusti', 'Teatro Romano']",Castelvecchio,"['Museo Lapidario', 'Verona Tour', 'Arena', 'Museo Radio', 'San Zeno']",Arena,strategy_nearest,True,0.0024712085723876953,success
0460DE3A9C4C80,1,"['Arena', 'Casa Giulietta', 'Santa Anastasia']",Duomo,"['AMO', 'Museo Miniscalchi', 'Teatro Romano', 'Palazzo della Ragione', 'Museo Conte']",Palazzo della Ragione,strategy_nearest,True,0.002094268798828125,success
0460E13A9C4C80,1,"['Castelvecchio', 'Arena', 'Torre Lamberti']",Palazzo della Ragione,"['AMO', 'Museo Conte', 'Centro Fotografia', 'Sighseeing', 'Santa Anastasia']",Casa Giulietta,strategy_nearest,False,0.002658843994140625,success
0460DC3A9C4C80,0,['Arena'],Torre Lamberti,"['Sighseeing', 'Centro Fotografia', 'Museo Conte', 'Casa Giulietta', 'Palazzo della Ragione']",San Zeno,strategy_nearest,False,0.003969907760620117,success
0461013A9C4C84,0,['Arena'],Museo Lapidario,"['Verona Tour', 'Castelvecchio', 'Museo Radio', 'San Fermo', 'Casa Giulietta']",Castelvecchio,strategy_nearest,True,0.0020699501037597656,success
0460E43A9C4C80,1,"['Casa Giulietta', 'Arena']",Palazzo della Ragione,"['AMO', 'Museo Conte', 'Torre Lamberti', 'Centro Fotografia', 'Sighseeing']",Santa Anastasia,strategy_nearest,False,0.003280162811279297,success
0460F23A9C4C80,1,"['Arena', 'Casa Giulietta', 'Torre Lamberti', 'Palazzo della Ragione']",Santa Anastasia,"['AMO', 'Museo Conte', 'Teatro Romano', 'Centro Fotografia', 'Duomo']",Teatro Romano,strategy_nearest,True,0.003153085708618164,success
04610D429C4C84,4,"['San Fermo', 'Casa Giulietta', 'Torre Lamberti', 'Palazzo della Ragione']",Arena,"['Verona Tour', 'Museo Lapidario', 'Museo Radio', 'Sighseeing', 'Castelvecchio']",Tomba Giulietta,strategy_nearest,False,0.0031239986419677734,success
04611A429C4C80,1,"['Torre Lamberti', 'Palazzo della Ragione']",Casa Giulietta,"['Centro Fotografia', 'Sighseeing', 'Museo Conte', 'Museo Radio', 'San Fermo']",Arena,strategy_nearest,False,0.0019028186798095703,success
046117429C4C80,1,"['Arena', 'Castelvecchio']",Casa Giulietta,"['Centro Fotografia', 'Sighseeing', 'Torre Lamberti', 'Museo Conte', 'Museo Radio']",Palazzo della Ragione,strategy_nearest,False,0.0033669471740722656,success
0461203A9C4C80,3,"['Arena', 'Santa Anastasia']",Casa Giulietta,"['Centro Fotografia', 'Sighseeing', 'Torre Lamberti', 'Museo Conte', 'Museo Radio']",Teatro Romano,strategy_nearest,False,0.004113912582397461,success
0461253A9C4C80,0,['Arena'],Casa Giulietta,"['Centro Fotografia', 'Sighseeing', 'Torre Lamberti', 'Museo Conte', 'Museo Radio']",Teatro Romano,strategy_nearest,False,0.0027899742126464844,success
0461233A9C4C80,3,"['Arena', 'Casa Giulietta', 'San Fermo']",Tomba Giulietta,"['Museo Storia', 'Museo Lapidario', 'Museo Radio', 'Verona Tour', 'Castelvecchio']",Torre Lamberti,strategy_nearest,False,0.001603841781616211,success
046120429C4C84,2,['Castelvecchio'],San Fermo,"['Museo Storia', 'Museo Radio', 'Casa Giulietta', 'Centro Fotografia', 'Arena']",Casa Giulietta,strategy_nearest,True,0.004151105880737305,success
0461263A9C4C80,1,"['Museo Lapidario', 'Arena']",Casa Giulietta,"['Centro Fotografia', 'Sighseeing', 'Torre Lamberti', 'Museo Conte', 'Museo Radio']",Palazzo della Ragione,strategy_nearest,False,0.0025637149810791016,success
0461374A9C4C80,0,['Arena'],Casa Giulietta,"['Centro Fotografia', 'Sighseeing', 'Torre Lamberti', 'Museo Conte', 'Museo Radio']",Teatro Romano,strategy_nearest,False,0.0017857551574707031,success
0461393A9C4C80,3,"['San Fermo', 'Torre Lamberti']",Casa Giulietta,"['Centro Fotografia', 'Sighseeing', 'Museo Conte', 'Museo Radio', 'Palazzo della Ragione']",Santa Anastasia,strategy_nearest,False,0.002640962600708008,success
0461323A9C4C80,2,['San Fermo'],Casa Giulietta,"['Centro Fotografia', 'Sighseeing', 'Torre Lamberti', 'Museo Conte', 'Museo Radio']",Duomo,strategy_nearest,False,0.0037937164306640625,success
046147429C4C80,3,"['Arena', 'San Zeno']",Castelvecchio,"['Museo Lapidario', 'Verona Tour', 'Museo Radio', 'Sighseeing', 'Museo Miniscalchi']",Torre Lamberti,strategy_nearest,False,0.002048015594482422,success
04614F429C4C80,3,"['Arena', 'Torre Lamberti']",Casa Giulietta,"['Centro Fotografia', 'Sighseeing', 'Museo Conte', 'Museo Radio', 'Palazzo della Ragione']",San Fermo,strategy_nearest,False,0.0028901100158691406,success
04613B3A9C4C80,3,"['Arena', 'Giardino Giusti']",Teatro Romano,"['Santa Anastasia', 'Duomo', 'AMO', 'Palazzo della Ragione', 'Museo Conte']",Torre Lamberti,strategy_nearest,False,0.004633665084838867,success
04615E429C4C80,2,['Castelvecchio'],Teatro Romano,"['Santa Anastasia', 'Duomo', 'AMO', 'Palazzo della Ragione', 'Museo Conte']",Santa Anastasia,strategy_nearest,True,0.0034689903259277344,success
04615F429C4C80,0,['Casa Giulietta'],Arena,"['Verona Tour', 'Museo Lapidario', 'Museo Radio', 'San Fermo', 'Sighseeing']",Castelvecchio,strategy_nearest,False,0.0021719932556152344,success
046166429C4C80,0,['Arena'],Casa Giulietta,"['Centro Fotografia', 'Sighseeing', 'Torre Lamberti', 'Museo Conte', 'Museo Radio']",Torre Lamberti,strategy_nearest,True,0.0046138763427734375,success
046174429C4C80,1,"['Arena', 'San Fermo', 'Casa Giulietta']",Palazzo della Ragione,"['AMO', 'Museo Conte', 'Torre Lamberti', 'Centro Fotografia', 'Sighseeing']",Torre Lamberti,strategy_nearest,True,0.0030667781829833984,success
0461783A9C4C80,2,"['Casa Giulietta', 'Duomo']",Santa Anastasia,"['AMO', 'Museo Conte', 'Palazzo della Ragione', 'Teatro Romano', 'Centro Fotografia']",Torre Lamberti,strategy_nearest,False,0.003571033477783203,success
04617C429C4C80,1,['Arena'],Palazzo della Ragione,"['AMO', 'Museo Conte', 'Torre Lamberti', 'Centro Fotografia', 'Sighseeing']",Casa Giulietta,strategy_nearest,False,0.0020360946655273438,success
0461883A9C4C80,3,['Arena'],Casa Giulietta,"['Centro Fotografia', 'Sighseeing', 'Torre Lamberti', 'Museo Conte', 'Museo Radio']",Santa Anastasia,strategy_nearest,False,0.0015149116516113281,success
04617D429C4C80,0,['Arena'],Casa Giulietta,"['Centro Fotografia', 'Sighseeing', 'Torre Lamberti', 'Museo Conte', 'Museo Radio']",Tomba Giulietta,strategy_nearest,False,0.0035300254821777344,success
0461824A9C4C80,1,"['San Zeno', 'Arena', 'Tomba Giulietta', 'San Fermo']",Casa Giulietta,"['Centro Fotografia', 'Sighseeing', 'Torre Lamberti', 'Museo Conte', 'Museo Radio']",Palazzo della Ragione,strategy_nearest,False,0.0021691322326660156,success
0461884A9C4C80,3,"['Castelvecchio', 'Arena']",Casa Giulietta,"['Centro Fotografia', 'Sighseeing', 'Torre Lamberti', 'Museo Conte', 'Museo Radio']",Tomba Giulietta,strategy_nearest,False,0.0033731460571289062,success
04618B3A9C4C80,3,"['Arena', 'Castelvecchio', 'Torre Lamberti']",Santa Anastasia,"['AMO', 'Museo Conte', 'Palazzo della Ragione', 'Teatro Romano', 'Centro Fotografia']",Duomo,strategy_nearest,False,0.002187967300415039,success
04618B4A9C4C80,2,"['Castelvecchio', 'Casa Giulietta']",Teatro Romano,"['Santa Anastasia', 'Duomo', 'AMO', 'Palazzo della Ragione', 'Museo Conte']",Torre Lamberti,strategy_nearest,False,0.0027823448181152344,success
04618E3A9C4C80,0,"['Arena', 'Tomba Giulietta']",San Fermo,"['Museo Storia', 'Museo Radio', 'Casa Giulietta', 'Centro Fotografia', 'Sighseeing']",Teatro Romano,strategy_nearest,False,0.0034761428833007812,success
04618F429C4C80,0,['Teatro Romano'],Arena,"['Verona Tour', 'Museo Lapidario', 'Museo Radio', 'San Fermo', 'Casa Giulietta']",San Zeno,strategy_nearest,False,0.0021047592163085938,success
04618F3A9C4C80,3,"['Santa Anastasia', 'Torre Lamberti']",San Fermo,"['Museo Storia', 'Museo Radio', 'Casa Giulietta', 'Centro Fotografia', 'Arena']",Castelvecchio,strategy_nearest,False,0.0029230117797851562,success
046198429C4C80,0,['Arena'],Casa Giulietta,"['Centro Fotografia', 'Sighseeing', 'Torre Lamberti', 'Museo Conte', 'Museo Radio']",Santa Anastasia,strategy_nearest,False,0.0031740665435791016,success
04619B429C4C80,1,"['Arena', 'Casa Giulietta']",Palazzo della Ragione,"['AMO', 'Museo Conte', 'Torre Lamberti', 'Centro Fotografia', 'Sighseeing']",Teatro Romano,strategy_nearest,False,0.003509044647216797,success
0461B63A9C4C80,0,['Arena'],Palazzo della Ragione,"['AMO', 'Museo Conte', 'Torre Lamberti', 'Centro Fotografia', 'Sighseeing']",Casa Giulietta,strategy_nearest,False,0.0018360614776611328,success
0461AF429C4C80,0,['Arena'],Duomo,"['AMO', 'Museo Miniscalchi', 'Santa Anastasia', 'Teatro Romano', 'Palazzo della Ragione']",Castelvecchio,strategy_nearest,False,0.001965761184692383,success
0461B8429C4C80,0,['Castelvecchio'],Arena,"['Verona Tour', 'Museo Lapidario', 'Museo Radio', 'San Fermo', 'Casa Giulietta']",Teatro Romano,strategy_nearest,False,0.0026879310607910156,success
0461B73A9C4C80,3,"['Castelvecchio', 'Torre Lamberti']",Santa Anastasia,"['AMO', 'Museo Conte', 'Palazzo della Ragione', 'Teatro Romano', 'Centro Fotografia']",Duomo,strategy_nearest,False,0.0029282569885253906,success
0461B93A9C4C80,3,"['Arena', 'Torre Lamberti', 'Santa Anastasia']",Teatro Romano,"['Duomo', 'AMO', 'Palazzo della Ragione', 'Museo Conte', 'Centro Fotografia']",Duomo,strategy_nearest,True,0.002463817596435547,success
0461C23A9C4C80,2,['Palazzo della Ragione'],Torre Lamberti,"['Sighseeing', 'Centro Fotografia', 'Museo Conte', 'Casa Giulietta', 'AMO']",Casa Giulietta,strategy_nearest,True,0.0018877983093261719,success
0461CE3A9C4C80,0,"['Arena', 'Casa Giulietta']",Torre Lamberti,"['Sighseeing', 'Centro Fotografia', 'Museo Conte', 'Palazzo della Ragione', 'AMO']",Duomo,strategy_nearest,False,0.0031957626342773438,success
0461C63A9C4C80,3,"['Tomba Giulietta', 'Arena', 'Torre Lamberti']",Casa Giulietta,"['Centro Fotografia', 'Sighseeing', 'Museo Conte', 'Museo Radio', 'Palazzo della Ragione']",Santa Anastasia,strategy_nearest,False,0.002610921859741211,success
0461CF3A9C4C80,1,"['Arena', 'Casa Giulietta']",Palazzo della Ragione,"['AMO', 'Museo Conte', 'Torre Lamberti', 'Centro Fotografia', 'Sighseeing']",Torre Lamberti,strategy_nearest,True,0.0035867691040039062,success
0461D1429C4C80,2,"['Teatro Romano', 'Duomo']",Torre Lamberti,"['Sighseeing', 'Centro Fotografia', 'Museo Conte', 'Casa Giulietta', 'Palazzo della Ragione']",Palazzo della Ragione,strategy_nearest,True,0.001995086669921875,success
0461F1429C4C80,1,"['Arena', 'Santa Anastasia', 'Duomo', 'Tomba Giulietta']",San Fermo,"['Museo Storia', 'Museo Radio', 'Casa Giulietta', 'Centro Fotografia', 'Sighseeing']",Museo Storia,strategy_nearest,True,0.0019922256469726562,success
0461DE429C4C80,1,"['Arena', 'San Fermo', 'Castelvecchio', 'San Zeno']",Palazzo della Ragione,"['AMO', 'Museo Conte', 'Torre Lamberti', 'Centro Fotografia', 'Sighseeing']",Torre Lamberti,strategy_nearest,True,0.003216981887817383,success
0461F23A9C4C80,0,"['Museo Lapidario', 'Arena']",Torre Lamberti,"['Sighseeing', 'Centro Fotografia', 'Museo Conte', 'Casa Giulietta', 'Palazzo della Ragione']",Casa Giulietta,strategy_nearest,True,0.0029549598693847656,success
04620E429C4C84,4,"['Arena', 'Casa Giulietta', 'Santa Anastasia']",Torre Lamberti,"['Sighseeing', 'Centro Fotografia', 'Museo Conte', 'Palazzo della Ragione', 'AMO']",Teatro Romano,strategy_nearest,False,0.0033190250396728516,success
0461FBBA7B3F80,2,['Tomba Giulietta'],Santa Anastasia,"['AMO', 'Museo Conte', 'Palazzo della Ragione', 'Teatro Romano', 'Centro Fotografia']",Torre Lamberti,strategy_nearest,False,0.004436969757080078,success
0462073A9C4C84,2,"['Casa Giulietta', 'Duomo', 'Teatro Romano', 'Santa Anastasia']",Torre Lamberti,"['Sighseeing', 'Centro Fotografia', 'Museo Conte', 'Palazzo della Ragione', 'AMO']",Palazzo della Ragione,strategy_nearest,True,0.002557992935180664,success
04620F429C4C84,3,"['Arena', 'Casa Giulietta', 'Santa Anastasia']",Castelvecchio,"['Museo Lapidario', 'Verona Tour', 'Museo Radio', 'San Zeno', 'Sighseeing']",Torre Lamberti,strategy_nearest,False,0.0012607574462890625,success
0462183A9C4C84,0,"['Arena', 'Casa Giulietta']",Torre Lamberti,"['Sighseeing', 'Centro Fotografia', 'Museo Conte', 'Palazzo della Ragione', 'AMO']",Teatro Romano,strategy_nearest,False,0.002315044403076172,success
046215429C4C84,0,"['Arena', 'Casa Giulietta']",Torre Lamberti,"['Sighseeing', 'Centro Fotografia', 'Museo Conte', 'Palazzo della Ragione', 'AMO']",Teatro Romano,strategy_nearest,False,0.003097057342529297,success
046214429C4C80,1,"['Arena', 'Casa Giulietta', 'Teatro Romano']",Castelvecchio,"['Museo Lapidario', 'Verona Tour', 'Museo Radio', 'San Zeno', 'Sighseeing']",Santa Anastasia,strategy_nearest,False,0.002434968948364258,success
04621A3A9C4C84,1,['Arena'],Casa Giulietta,"['Centro Fotografia', 'Sighseeing', 'Torre Lamberti', 'Museo Conte', 'Museo Radio']",Palazzo della Ragione,strategy_nearest,False,0.0023920536041259766,success
0462203A9C4C84,0,"['Arena', 'Tomba Giulietta']",Casa Giulietta,"['Centro Fotografia', 'Sighseeing', 'Torre Lamberti', 'Museo Conte', 'Museo Radio']",Teatro Romano,strategy_nearest,False,0.002331972122192383,success
0462244A9C4C80,1,"['Palazzo della Ragione', 'Teatro Romano', 'Duomo']",Arena,"['Verona Tour', 'Museo Lapidario', 'Museo Radio', 'San Fermo', 'Casa Giulietta']",Casa Giulietta,strategy_nearest,True,0.0029768943786621094,success
0462274A9C4C80,3,"['Arena', 'Casa Giulietta']",Santa Anastasia,"['AMO', 'Museo Conte', 'Palazzo della Ragione', 'Teatro Romano', 'Centro Fotografia']",Duomo,strategy_nearest,False,0.002901315689086914,success
04622B3A9C4C80,3,"['Arena', 'Casa Giulietta']",Teatro Romano,"['Santa Anastasia', 'Duomo', 'AMO', 'Palazzo della Ragione', 'Museo Conte']",Santa Anastasia,strategy_nearest,True,0.003264904022216797,success
04624A3A9C4C80,1,"['Torre Lamberti', 'Palazzo della Ragione', 'Arena', 'Castelvecchio', 'Museo Lapidario']",Tomba Giulietta,"['San Fermo', 'Museo Storia', 'Museo Radio', 'Verona Tour', 'Casa Giulietta']",San Fermo,strategy_nearest,True,0.002969980239868164,success
04622F3A9C4C80,1,"['Teatro Romano', 'Santa Anastasia', 'Arena']",Castelvecchio,"['Museo Lapidario', 'Verona Tour', 'Museo Radio', 'San Zeno', 'Sighseeing']",Palazzo della Ragione,strategy_nearest,False,0.0015497207641601562,success
0462323A9C4C80,2,"['San Fermo', 'Casa Giulietta']",Duomo,"['AMO', 'Museo Miniscalchi', 'Santa Anastasia', 'Teatro Romano', 'Palazzo della Ragione']",Santa Anastasia,strategy_nearest,True,0.002343893051147461,success
04624F429C4C80,0,['Arena'],Castelvecchio,"['Museo Lapidario', 'Verona Tour', 'Museo Radio', 'San Zeno', 'Sighseeing']",Casa Giulietta,strategy_nearest,False,0.0034427642822265625,success
0462573A9C4C80,3,"['Arena', 'San Fermo', 'Casa Giulietta', 'Torre Lamberti']",Santa Anastasia,"['AMO', 'Museo Conte', 'Palazzo della Ragione', 'Teatro Romano', 'Centro Fotografia']",Duomo,strategy_nearest,False,0.002755880355834961,success
0462513A9C4C80,0,"['Arena', 'Torre Lamberti']",Giardino Giusti,"['Santa Anastasia', 'Teatro Romano', 'Museo Conte', 'Centro Fotografia', 'Museo Storia']",Castelvecchio,strategy_nearest,False,0.001825094223022461,success
046256429C4C80,0,['Arena'],Casa Giulietta,"['Centro Fotografia', 'Sighseeing', 'Torre Lamberti', 'Museo Conte', 'Museo Radio']",Tomba Giulietta,strategy_nearest,False,0.002393007278442383,success
0462563A9C4C80,0,['Arena'],Castelvecchio,"['Museo Lapidario', 'Verona Tour', 'Museo Radio', 'San Zeno', 'Sighseeing']",Duomo,strategy_nearest,False,0.004435062408447266,success
0462753A9C4C80,0,"['Arena', 'Castelvecchio']",Duomo,"['AMO', 'Museo Miniscalchi', 'Santa Anastasia', 'Teatro Romano', 'Palazzo della Ragione']",Teatro Romano,strategy_nearest,True,0.0015909671783447266,success
046262429C4C80,1,"['Museo Lapidario', 'Arena']",Casa Giulietta,"['Centro Fotografia', 'Sighseeing', 'Torre Lamberti', 'Museo Conte', 'Museo Radio']",Torre Lamberti,strategy_nearest,True,0.0023491382598876953,success
046266429C4C80,0,['San Zeno'],Torre Lamberti,"['Sighseeing', 'Centro Fotografia', 'Museo Conte', 'Casa Giulietta', 'Palazzo della Ragione']",Arena,strategy_nearest,False,0.002991914749145508,success
046276429C4C80,1,"['Arena', 'Torre Lamberti']",Palazzo della Ragione,"['AMO', 'Museo Conte', 'Centro Fotografia', 'Sighseeing', 'Santa Anastasia']",Duomo,strategy_nearest,False,0.003705739974975586,success
0462793A9C4C80,0,['Arena'],Casa Giulietta,"['Centro Fotografia', 'Sighseeing', 'Torre Lamberti', 'Museo Conte', 'Museo Radio']",Torre Lamberti,strategy_nearest,True,0.0034627914428710938,success
04627D3A9C4C80,0,['Torre Lamberti'],Arena,"['Verona Tour', 'Museo Lapidario', 'Museo Radio', 'San Fermo', 'Casa Giulietta']",Casa Giulietta,strategy_nearest,True,0.0036401748657226562,success
04627A429C4C80,0,"['Arena', 'Castelvecchio']",San Zeno,"['Verona Tour', 'Museo Lapidario', 'Museo Miniscalchi', 'Sighseeing', 'Museo Radio']",Torre Lamberti,strategy_nearest,False,0.0027582645416259766,success
04627F3A9C4C80,0,['Arena'],Casa Giulietta,"['Centro Fotografia', 'Sighseeing', 'Torre Lamberti', 'Museo Conte', 'Museo Radio']",Castelvecchio,strategy_nearest,False,0.003140687942504883,success
04629C429C4C80,3,"['Arena', 'Museo Lapidario', 'Castelvecchio', 'Torre Lamberti']",Casa Giulietta,"['Centro Fotografia', 'Sighseeing', 'Museo Conte', 'Museo Radio', 'Palazzo della Ragione']",Santa Anastasia,strategy_nearest,False,0.001995563507080078,success
04628D4A9C4C80,3,"['Arena', 'Casa Giulietta']",Torre Lamberti,"['Sighseeing', 'Centro Fotografia', 'Museo Conte', 'Palazzo della Ragione', 'AMO']",Santa Anastasia,strategy_nearest,False,0.0034990310668945312,success
04629E4A9C4C80,3,"['Arena', 'Santa Anastasia', 'Duomo']",Torre Lamberti,"['Sighseeing', 'Centro Fotografia', 'Museo Conte', 'Casa Giulietta', 'Palazzo della Ragione']",Casa Giulietta,strategy_nearest,True,0.0026772022247314453,success
0462A63A9C4C80,0,['Castelvecchio'],Arena,"['Verona Tour', 'Museo Lapidario', 'Museo Radio', 'San Fermo', 'Casa Giulietta']",Torre Lamberti,strategy_nearest,False,0.0035278797149658203,success
0462AB3A9C4C80,0,['Torre Lamberti'],Duomo,"['AMO', 'Museo Miniscalchi', 'Santa Anastasia', 'Teatro Romano', 'Palazzo della Ragione']",Arena,strategy_nearest,False,0.0032911300659179688,success
0462A7429C4C80,0,['Casa Giulietta'],Arena,"['Verona Tour', 'Museo Lapidario', 'Museo Radio', 'San Fermo', 'Sighseeing']",Tomba Giulietta,strategy_nearest,False,0.0027861595153808594,success
0462A14A9C4C80,1,['Arena'],Castelvecchio,"['Museo Lapidario', 'Verona Tour', 'Museo Radio', 'San Zeno', 'Sighseeing']",Casa Giulietta,strategy_nearest,False,0.002771139144897461,success
0462AC3A9C4C80,3,"['Castelvecchio', 'Torre Lamberti']",Santa Anastasia,"['AMO', 'Museo Conte', 'Palazzo della Ragione', 'Teatro Romano', 'Centro Fotografia']",Casa Giulietta,strategy_nearest,False,0.0018451213836669922,success
0462B33A9C4C80,3,"['Arena', 'San Fermo']",Santa Anastasia,"['AMO', 'Museo Conte', 'Palazzo della Ragione', 'Teatro Romano', 'Centro Fotografia']",Teatro Romano,strategy_nearest,True,0.0024340152740478516,success
0462B53A9C4C80,2,['Casa Giulietta'],Torre Lamberti,"['Sighseeing', 'Centro Fotografia', 'Museo Conte', 'Palazzo della Ragione', 'AMO']",Santa Anastasia,strategy_nearest,False,0.002902984619140625,success
0462B4429C4C80,3,"['Arena', 'Tomba Giulietta', 'Casa Giulietta']",Santa Anastasia,"['AMO', 'Museo Conte', 'Palazzo della Ragione', 'Teatro Romano', 'Centro Fotografia']",Duomo,strategy_nearest,False,0.0038030147552490234,success
0462B93A9C4C80,2,['Casa Giulietta'],Teatro Romano,"['Santa Anastasia', 'Duomo', 'AMO', 'Palazzo della Ragione', 'Museo Conte']",Duomo,strategy_nearest,True,0.001825094223022461,success
0462BC429C4C80,0,"['Castelvecchio', 'Arena']",Tomba Giulietta,"['San Fermo', 'Museo Storia', 'Museo Lapidario', 'Museo Radio', 'Verona Tour']",Casa Giulietta,strategy_nearest,False,0.0027887821197509766,success
0462BF429C4C80,1,"['Arena', 'Casa Giulietta']",Torre Lamberti,"['Sighseeing', 'Centro Fotografia', 'Museo Conte', 'Palazzo della Ragione', 'AMO']",Palazzo della Ragione,strategy_nearest,True,0.0034160614013671875,success
0462CF3A9C4C80,0,['Castelvecchio'],Arena,"['Verona Tour', 'Museo Lapidario', 'Museo Radio', 'San Fermo', 'Casa Giulietta']",Casa Giulietta,strategy_nearest,True,0.003275156021118164,success
0462CF429C4C80,1,"['Arena', 'Torre Lamberti', 'Palazzo della Ragione']",Santa Anastasia,"['AMO', 'Museo Conte', 'Teatro Romano', 'Centro Fotografia', 'Duomo']",Tomba Giulietta,strategy_nearest,False,0.003155946731567383,success
0462D6429C4C80,3,"['Museo Lapidario', 'Arena', 'Castelvecchio', 'Tomba Giulietta']",Casa Giulietta,"['Centro Fotografia', 'Sighseeing', 'Torre Lamberti', 'Museo Conte', 'Museo Radio']",Santa Anastasia,strategy_nearest,False,0.003812074661254883,success
0462E33A9C4C80,3,['Arena'],San Zeno,"['Castelvecchio', 'Verona Tour', 'Museo Lapidario', 'Museo Miniscalchi', 'Sighseeing']",Torre Lamberti,strategy_nearest,False,0.0028569698333740234,success
0462D7429C4C80,3,"['Arena', 'Castelvecchio', 'Santa Anastasia', 'Casa Giulietta']",Museo Lapidario,"['Verona Tour', 'Museo Radio', 'San Fermo', 'Tomba Giulietta', 'Sighseeing']",Torre Lamberti,strategy_nearest,False,0.002187013626098633,success
0462D93A9C4C80,1,"['Tomba Giulietta', 'San Fermo', 'Casa Giulietta', 'Torre Lamberti', 'Palazzo della Ragione']",Arena,"['Verona Tour', 'Museo Lapidario', 'Museo Radio', 'Sighseeing', 'Castelvecchio']",Santa Anastasia,strategy_nearest,False,0.002969026565551758,success
0462E73A9C4C80,3,['Castelvecchio'],Santa Anastasia,"['AMO', 'Museo Conte', 'Palazzo della Ragione', 'Teatro Romano', 'Centro Fotografia']",Duomo,strategy_nearest,False,0.0034449100494384766,success
0463043A9C4C84,1,"['Palazzo della Ragione', 'Casa Giulietta']",San Fermo,"['Museo Storia', 'Museo Radio', 'Centro Fotografia', 'Arena', 'Sighseeing']",Teatro Romano,strategy_nearest,False,0.001566171646118164,success
046311429C4C84,3,"['Arena', 'Casa Giulietta', 'Torre Lamberti']",Santa Anastasia,"['AMO', 'Museo Conte', 'Palazzo della Ragione', 'Teatro Romano', 'Centro Fotografia']",Teatro Romano,strategy_nearest,True,0.002810955047607422,success
0462F43A9C4C80,0,['Arena'],Castelvecchio,"['Museo Lapidario', 'Verona Tour', 'Museo Radio', 'San Zeno', 'Sighseeing']",Santa Anastasia,strategy_nearest,False,0.002279996871948242,success
0463163A9C4C84,3,"['Duomo', 'Santa Anastasia']",Casa Giulietta,"['Centro Fotografia', 'Sighseeing', 'Torre Lamberti', 'Museo Conte', 'Museo Radio']",Arena,strategy_nearest,False,0.0033750534057617188,success
04631E3A9C4C84,2,['Casa Giulietta'],Santa Anastasia,"['AMO', 'Museo Conte', 'Palazzo della Ragione', 'Teatro Romano', 'Centro Fotografia']",Duomo,strategy_nearest,False,0.0020551681518554688,success
046317429C4C84,3,"['Arena', 'Santa Anastasia']",Giardino Giusti,"['Teatro Romano', 'Museo Conte', 'Centro Fotografia', 'Museo Storia', 'AMO']",Teatro Romano,strategy_nearest,True,0.0021359920501708984,success
0463213A9C4C84,0,['Casa Giulietta'],Santa Anastasia,"['AMO', 'Museo Conte', 'Palazzo della Ragione', 'Teatro Romano', 'Centro Fotografia']",Arena,strategy_nearest,False,0.0029828548431396484,success
04631B3A9C4C84,3,"['Arena', 'Casa Giulietta']",Torre Lamberti,"['Sighseeing', 'Centro Fotografia', 'Museo Conte', 'Palazzo della Ragione', 'AMO']",Castelvecchio,strategy_nearest,False,0.003579854965209961,success
0463243A9C4C84,3,"['Santa Anastasia', 'Torre Lamberti']",San Fermo,"['Museo Storia', 'Museo Radio', 'Casa Giulietta', 'Centro Fotografia', 'Arena']",Arena,strategy_nearest,True,0.0034558773040771484,success
04632A4A9C4C80,3,"['Torre Lamberti', 'Santa Anastasia', 'Duomo']",Arena,"['Verona Tour', 'Museo Lapidario', 'Museo Radio', 'San Fermo', 'Casa Giulietta']",Castelvecchio,strategy_nearest,False,0.0027761459350585938,success
0463313A9C4C80,2,['Casa Giulietta'],Castelvecchio,"['Museo Lapidario', 'Verona Tour', 'Arena', 'Museo Radio', 'San Zeno']",San Zeno,strategy_nearest,True,0.003365039825439453,success
0463273A9C4C80,0,"['Castelvecchio', 'Arena']",Torre Lamberti,"['Sighseeing', 'Centro Fotografia', 'Museo Conte', 'Casa Giulietta', 'Palazzo della Ragione']",Casa Giulietta,strategy_nearest,True,0.001567840576171875,success
0463373A9C4C80,3,"['San Zeno', 'Castelvecchio', 'Arena', 'San Fermo']",Casa Giulietta,"['Centro Fotografia', 'Sighseeing', 'Torre Lamberti', 'Museo Conte', 'Museo Radio']",Torre Lamberti,strategy_nearest,True,0.001814126968383789,success
0463463A9C4C80,3,"['Arena', 'Santa Anastasia']",Duomo,"['AMO', 'Museo Miniscalchi', 'Teatro Romano', 'Palazzo della Ragione', 'Museo Conte']",Torre Lamberti,strategy_nearest,False,0.0033071041107177734,success
0463473A9C4C80,1,"['Santa Anastasia', 'Torre Lamberti']",Palazzo della Ragione,"['AMO', 'Museo Conte', 'Centro Fotografia', 'Sighseeing', 'Museo Miniscalchi']",Casa Giulietta,strategy_nearest,False,0.0017809867858886719,success
04635D429C4C80,3,"['Arena', 'Castelvecchio', 'Casa Giulietta']",Santa Anastasia,"['AMO', 'Museo Conte', 'Palazzo della Ragione', 'Teatro Romano', 'Centro Fotografia']",Teatro Romano,strategy_nearest,True,0.0023276805877685547,success
046360429C4C80,1,"['Arena', 'Casa Giulietta', 'Torre Lamberti']",Palazzo della Ragione,"['AMO', 'Museo Conte', 'Centro Fotografia', 'Sighseeing', 'Santa Anastasia']",Santa Anastasia,strategy_nearest,True,0.002349853515625,success
04636F3A9C4C80,3,"['Arena', 'Casa Giulietta', 'Castelvecchio', 'Tomba Giulietta']",Giardino Giusti,"['Santa Anastasia', 'Teatro Romano', 'Museo Conte', 'Centro Fotografia', 'Museo Storia']",Teatro Romano,strategy_nearest,True,0.0031690597534179688,success
046361429C4C80,0,['Arena'],Castelvecchio,"['Museo Lapidario', 'Verona Tour', 'Museo Radio', 'San Zeno', 'Sighseeing']",Duomo,strategy_nearest,False,0.0026750564575195312,success
046376429C4C80,0,"['Arena', 'Castelvecchio']",Casa Giulietta,"['Centro Fotografia', 'Sighseeing', 'Torre Lamberti', 'Museo Conte', 'Museo Radio']",Teatro Romano,strategy_nearest,False,0.0032858848571777344,success
04637C3A9C4C80,3,['Arena'],Casa Giulietta,"['Centro Fotografia', 'Sighseeing', 'Torre Lamberti', 'Museo Conte', 'Museo Radio']",Santa Anastasia,strategy_nearest,False,0.0021691322326660156,success
04637E3A9C4C80,1,"['Casa Giulietta', 'Arena']",Torre Lamberti,"['Sighseeing', 'Centro Fotografia', 'Museo Conte', 'Palazzo della Ragione', 'AMO']",Palazzo della Ragione,strategy_nearest,True,0.0027971267700195312,success
0463833A9C4C80,0,['Arena'],Torre Lamberti,"['Sighseeing', 'Centro Fotografia', 'Museo Conte', 'Casa Giulietta', 'Palazzo della Ragione']",Castelvecchio,strategy_nearest,False,0.0013759136199951172,success
0463813A9C4C80,3,"['Arena', 'Casa Giulietta', 'Tomba Giulietta']",San Fermo,"['Museo Storia', 'Museo Radio', 'Centro Fotografia', 'Sighseeing', 'Torre Lamberti']",Santa Anastasia,strategy_nearest,False,0.004582881927490234,success
04638A4A9C4C80,3,"['Arena', 'Casa Giulietta']",Duomo,"['AMO', 'Museo Miniscalchi', 'Santa Anastasia', 'Teatro Romano', 'Palazzo della Ragione']",Santa Anastasia,strategy_nearest,True,0.003253936767578125,success
046382429C4C80,0,['Arena'],Casa Giulietta,"['Centro Fotografia', 'Sighseeing', 'Torre Lamberti', 'Museo Conte', 'Museo Radio']",Tomba Giulietta,strategy_nearest,False,0.00333404541015625,success
04639E4A9C4C80,0,['Arena'],Casa Giulietta,"['Centro Fotografia', 'Sighseeing', 'Torre Lamberti', 'Museo Conte', 'Museo Radio']",Torre Lamberti,strategy_nearest,True,0.0019042491912841797,success
04638D4A9C4C80,0,['Arena'],Casa Giulietta,"['Centro Fotografia', 'Sighseeing', 'Torre Lamberti', 'Museo Conte', 'Museo Radio']",Teatro Romano,strategy_nearest,False,0.002750873565673828,success
0463C5429C4C80,3,"['Arena', 'Castelvecchio']",Casa Giulietta,"['Centro Fotografia', 'Sighseeing', 'Torre Lamberti', 'Museo Conte', 'Museo Radio']",Santa Anastasia,strategy_nearest,False,0.002566099166870117,success
0463A872743380,3,"['San Fermo', 'Arena', 'Castelvecchio', 'Casa Giulietta']",Duomo,"['AMO', 'Museo Miniscalchi', 'Santa Anastasia', 'Teatro Romano', 'Palazzo della Ragione']",Teatro Romano,strategy_nearest,True,0.0038127899169921875,success
0463C23A9C4C80,3,"['Casa Giulietta', 'Torre Lamberti']",Santa Anastasia,"['AMO', 'Museo Conte', 'Palazzo della Ragione', 'Teatro Romano', 'Centro Fotografia']",Teatro Romano,strategy_nearest,True,0.002691984176635742,success
0463D1429C4C80,1,"['Teatro Romano', 'Casa Giulietta', 'Arena', 'Palazzo della Ragione']",Torre Lamberti,"['Sighseeing', 'Centro Fotografia', 'Museo Conte', 'AMO', 'Museo Miniscalchi']",Santa Anastasia,strategy_nearest,False,0.0030448436737060547,success
0463DB429C4C80,3,"['Arena', 'Duomo']",Castelvecchio,"['Museo Lapidario', 'Verona Tour', 'Museo Radio', 'San Zeno', 'Sighseeing']",Teatro Romano,strategy_nearest,False,0.0027189254760742188,success
0463D73A9C4C80,0,"['Castelvecchio', 'Arena']",Casa Giulietta,"['Centro Fotografia', 'Sighseeing', 'Torre Lamberti', 'Museo Conte', 'Museo Radio']",Santa Anastasia,strategy_nearest,False,0.0020821094512939453,success
0463E23A9C4C80,0,['Arena'],Castelvecchio,"['Museo Lapidario', 'Verona Tour', 'Museo Radio', 'San Zeno', 'Sighseeing']",Casa Giulietta,strategy_nearest,False,0.003195047378540039,success
0463DF3A9C4C80,0,['Arena'],Torre Lamberti,"['Sighseeing', 'Centro Fotografia', 'Museo Conte', 'Casa Giulietta', 'Palazzo della Ragione']",Casa Giulietta,strategy_nearest,True,0.0035400390625,success
0463FA3A9C4C80,0,['Arena'],Casa Giulietta,"['Centro Fotografia', 'Sighseeing', 'Torre Lamberti', 'Museo Conte', 'Museo Radio']",Duomo,strategy_nearest,False,0.002658843994140625,success
0463E33A9C4C80,3,['Arena'],Castelvecchio,"['Museo Lapidario', 'Verona Tour', 'Museo Radio', 'San Zeno', 'Sighseeing']",Torre Lamberti,strategy_nearest,False,0.002541780471801758,success
0464053A9C4C84,3,"['Castelvecchio', 'Arena']",Casa Giulietta,"['Centro Fotografia', 'Sighseeing', 'Torre Lamberti', 'Museo Conte', 'Museo Radio']",San Fermo,strategy_nearest,False,0.0027251243591308594,success
046408429C4C84,2,"['Castelvecchio', 'Torre Lamberti']",Duomo,"['AMO', 'Museo Miniscalchi', 'Santa Anastasia', 'Teatro Romano', 'Palazzo della Ragione']",San Zeno,strategy_nearest,False,0.0031948089599609375,success
0464183A9C4C84,1,"['Casa Giulietta', 'Teatro Romano', 'Duomo']",Museo Lapidario,"['Verona Tour', 'Arena', 'Castelvecchio', 'Museo Radio', 'San Fermo']",Arena,strategy_nearest,True,0.0021581649780273438,success
0464173A9C4C84,0,['Arena'],Casa Giulietta,"['Centro Fotografia', 'Sighseeing', 'Torre Lamberti', 'Museo Conte', 'Museo Radio']",Museo Storia,strategy_nearest,False,0.00374603271484375,success
046412429C4C80,2,['Tomba Giulietta'],Casa Giulietta,"['Centro Fotografia', 'Sighseeing', 'Torre Lamberti', 'Museo Conte', 'Museo Radio']",Torre Lamberti,strategy_nearest,True,0.002244234085083008,success
04641B429C4C80,2,['Torre Lamberti'],Casa Giulietta,"['Centro Fotografia', 'Sighseeing', 'Museo Conte', 'Museo Radio', 'Palazzo della Ragione']",Santa Anastasia,strategy_nearest,False,0.0030090808868408203,success
04641D429C4C80,3,['Arena'],Casa Giulietta,"['Centro Fotografia', 'Sighseeing', 'Torre Lamberti', 'Museo Conte', 'Museo Radio']",Torre Lamberti,strategy_nearest,True,0.0025420188903808594,success
0464213A9C4C80,3,"['Arena', 'Santa Anastasia']",Casa Giulietta,"['Centro Fotografia', 'Sighseeing', 'Torre Lamberti', 'Museo Conte', 'Museo Radio']",Teatro Romano,strategy_nearest,False,0.002975940704345703,success
04641F3A9C4C84,0,['Museo Lapidario'],Arena,"['Verona Tour', 'Museo Radio', 'San Fermo', 'Casa Giulietta', 'Sighseeing']",Santa Anastasia,strategy_nearest,False,0.0018150806427001953,success
0464204A9C4C80,3,"['Arena', 'Casa Giulietta', 'Teatro Romano']",Santa Anastasia,"['AMO', 'Museo Conte', 'Palazzo della Ragione', 'Centro Fotografia', 'Duomo']",Castelvecchio,strategy_nearest,False,0.004052400588989258,success
04642E4A9C4C80,1,"['Teatro Romano', 'Arena', 'Santa Anastasia']",San Zeno,"['Castelvecchio', 'Verona Tour', 'Museo Lapidario', 'Museo Miniscalchi', 'Sighseeing']",Duomo,strategy_nearest,False,0.0022537708282470703,success
0464314A9C4C80,2,['Castelvecchio'],Palazzo della Ragione,"['AMO', 'Museo Conte', 'Torre Lamberti', 'Centro Fotografia', 'Sighseeing']",Teatro Romano,strategy_nearest,False,0.002238035202026367,success
0464413A9C4C80,3,"['Arena', 'Torre Lamberti']",Casa Giulietta,"['Centro Fotografia', 'Sighseeing', 'Museo Conte', 'Museo Radio', 'Palazzo della Ragione']",Castelvecchio,strategy_nearest,False,0.002904176712036133,success
046469429C4C80,0,['Arena'],Casa Giulietta,"['Centro Fotografia', 'Sighseeing', 'Torre Lamberti', 'Museo Conte', 'Museo Radio']",Santa Anastasia,strategy_nearest,False,0.002122163772583008,success
046465429C4C80,3,"['Castelvecchio', 'San Zeno']",Arena,"['Verona Tour', 'Museo Lapidario', 'Museo Radio', 'San Fermo', 'Casa Giulietta']",Torre Lamberti,strategy_nearest,False,0.002153158187866211,success
04646D429C4C80,3,"['Arena', 'Casa Giulietta']",Santa Anastasia,"['AMO', 'Museo Conte', 'Palazzo della Ragione', 'Teatro Romano', 'Centro Fotografia']",Duomo,strategy_nearest,False,0.0026378631591796875,success
046451429C4C80,0,['Arena'],Museo Lapidario,"['Verona Tour', 'Castelvecchio', 'Museo Radio', 'San Fermo', 'Casa Giulietta']",Castelvecchio,strategy_nearest,True,0.005352973937988281,success
046477429C4C80,3,"['Arena', 'Casa Giulietta']",Torre Lamberti,"['Sighseeing', 'Centro Fotografia', 'Museo Conte', 'Palazzo della Ragione', 'AMO']",Santa Anastasia,strategy_nearest,False,0.002292156219482422,success
0464743A9C4C80,0,['Casa Giulietta'],Torre Lamberti,"['Sighseeing', 'Centro Fotografia', 'Museo Conte', 'Palazzo della Ragione', 'AMO']",Arena,strategy_nearest,False,0.0024170875549316406,success
046475429C4C80,1,"['Torre Lamberti', 'Palazzo della Ragione']",Casa Giulietta,"['Centro Fotografia', 'Sighseeing', 'Museo Conte', 'Museo Radio', 'San Fermo']",Duomo,strategy_nearest,False,0.003348827362060547,success
04647A429C4C80,0,['Arena'],Casa Giulietta,"['Centro Fotografia', 'Sighseeing', 'Torre Lamberti', 'Museo Conte', 'Museo Radio']",Castelvecchio,strategy_nearest,False,0.002231121063232422,success
04647D3A9C4C80,3,"['Arena', 'Casa Giulietta']",Santa Anastasia,"['AMO', 'Museo Conte', 'Palazzo della Ragione', 'Teatro Romano', 'Centro Fotografia']",Torre Lamberti,strategy_nearest,False,0.0033071041107177734,success
0464854A9C4C80,3,"['Arena', 'Torre Lamberti']",Casa Giulietta,"['Centro Fotografia', 'Sighseeing', 'Museo Conte', 'Museo Radio', 'Palazzo della Ragione']",Santa Anastasia,strategy_nearest,False,0.002440929412841797,success
046485429C4C80,3,['Arena'],Casa Giulietta,"['Centro Fotografia', 'Sighseeing', 'Torre Lamberti', 'Museo Conte', 'Museo Radio']",Torre Lamberti,strategy_nearest,True,0.0030400753021240234,success
0464894A9C4C80,0,['Arena'],Museo Lapidario,"['Verona Tour', 'Castelvecchio', 'Museo Radio', 'San Fermo', 'Casa Giulietta']",Casa Giulietta,strategy_nearest,True,0.002270936965942383,success
0464883A9C4C80,3,"['Arena', 'Torre Lamberti']",Casa Giulietta,"['Centro Fotografia', 'Sighseeing', 'Museo Conte', 'Museo Radio', 'Palazzo della Ragione']",Santa Anastasia,strategy_nearest,False,0.002947092056274414,success
0464874A9C4C80,3,"['Teatro Romano', 'Duomo', 'Santa Anastasia']",Arena,"['Verona Tour', 'Museo Lapidario', 'Museo Radio', 'San Fermo', 'Casa Giulietta']",Castelvecchio,strategy_nearest,False,0.0024340152740478516,success
04648E429C4C80,0,['Arena'],Casa Giulietta,"['Centro Fotografia', 'Sighseeing', 'Torre Lamberti', 'Museo Conte', 'Museo Radio']",Torre Lamberti,strategy_nearest,True,0.0034961700439453125,success
0464A7429C4C80,3,['Arena'],Santa Anastasia,"['AMO', 'Museo Conte', 'Palazzo della Ragione', 'Teatro Romano', 'Centro Fotografia']",Torre Lamberti,strategy_nearest,False,0.0027129650115966797,success
0464A24A9C4C80,3,['Arena'],San Fermo,"['Museo Storia', 'Museo Radio', 'Casa Giulietta', 'Centro Fotografia', 'Sighseeing']",Santa Anastasia,strategy_nearest,False,0.002039194107055664,success
0464AA3A9C4C80,0,['Arena'],Casa Giulietta,"['Centro Fotografia', 'Sighseeing', 'Torre Lamberti', 'Museo Conte', 'Museo Radio']",Torre Lamberti,strategy_nearest,True,0.005567073822021484,success
0464B03A9C4C80,0,"['Arena', 'Casa Giulietta']",Torre Lamberti,"['Sighseeing', 'Centro Fotografia', 'Museo Conte', 'Palazzo della Ragione', 'AMO']",Castelvecchio,strategy_nearest,False,0.0029189586639404297,success
0464AE429C4C80,3,"['Torre Lamberti', 'Santa Anastasia']",Duomo,"['AMO', 'Museo Miniscalchi', 'Teatro Romano', 'Palazzo della Ragione', 'Museo Conte']",Casa Giulietta,strategy_nearest,False,0.0028960704803466797,success
0464B53A9C4C80,1,"['Arena', 'Casa Giulietta']",Torre Lamberti,"['Sighseeing', 'Centro Fotografia', 'Museo Conte', 'Palazzo della Ragione', 'AMO']",Palazzo della Ragione,strategy_nearest,True,0.0033409595489501953,success
0464C53A9C4C80,0,['Castelvecchio'],Arena,"['Verona Tour', 'Museo Lapidario', 'Museo Radio', 'San Fermo', 'Casa Giulietta']",Duomo,strategy_nearest,False,0.004350900650024414,success
0464B13A9C4C80,0,['Arena'],Castelvecchio,"['Museo Lapidario', 'Verona Tour', 'Museo Radio', 'San Zeno', 'Sighseeing']",Torre Lamberti,strategy_nearest,False,0.0025911331176757812,success
0464C6429C4C80,3,"['Arena', 'San Fermo', 'Casa Giulietta']",Torre Lamberti,"['Sighseeing', 'Centro Fotografia', 'Museo Conte', 'Palazzo della Ragione', 'AMO']",Santa Anastasia,strategy_nearest,False,0.0016939640045166016,success
0464DE429C4C80,0,['Tomba Giulietta'],Arena,"['Verona Tour', 'Museo Lapidario', 'Museo Radio', 'San Fermo', 'Casa Giulietta']",Castelvecchio,strategy_nearest,False,0.0021419525146484375,success
0464D0429C4C80,3,"['Teatro Romano', 'Duomo']",Santa Anastasia,"['AMO', 'Museo Conte', 'Palazzo della Ragione', 'Centro Fotografia', 'Torre Lamberti']",Castelvecchio,strategy_nearest,False,0.0027577877044677734,success
0464E13A9C4C80,3,"['Arena', 'San Fermo']",Casa Giulietta,"['Centro Fotografia', 'Sighseeing', 'Torre Lamberti', 'Museo Conte', 'Museo Radio']",Teatro Romano,strategy_nearest,False,0.0026149749755859375,success
0464DB3A9C4C80,3,"['Santa Anastasia', 'Torre Lamberti', 'Casa Giulietta']",Museo Lapidario,"['Verona Tour', 'Arena', 'Castelvecchio', 'Museo Radio', 'San Fermo']",Arena,strategy_nearest,True,0.00380706787109375,success
0464E43A9C4C80,0,['Castelvecchio'],Arena,"['Verona Tour', 'Museo Lapidario', 'Museo Radio', 'San Fermo', 'Casa Giulietta']",Casa Giulietta,strategy_nearest,True,0.0023450851440429688,success
04650C429C4C84,3,"['Torre Lamberti', 'Santa Anastasia', 'Duomo', 'Teatro Romano']",Arena,"['Verona Tour', 'Museo Lapidario', 'Museo Radio', 'San Fermo', 'Casa Giulietta']",San Fermo,strategy_nearest,True,0.0022649765014648438,success
0465133A9C4C84,3,['Arena'],Santa Anastasia,"['AMO', 'Museo Conte', 'Palazzo della Ragione', 'Teatro Romano', 'Centro Fotografia']",Teatro Romano,strategy_nearest,True,0.0030400753021240234,success
0465153A9C4C84,1,"['Museo Lapidario', 'Arena']",San Fermo,"['Museo Storia', 'Museo Radio', 'Casa Giulietta', 'Centro Fotografia', 'Sighseeing']",Casa Giulietta,strategy_nearest,True,0.004163980484008789,success
046516429C4C84,3,"['Arena', 'Santa Anastasia', 'Teatro Romano']",Duomo,"['AMO', 'Museo Miniscalchi', 'Palazzo della Ragione', 'Museo Conte', 'Torre Lamberti']",San Zeno,strategy_nearest,False,0.0034499168395996094,success
0465173A9C4C84,3,"['Duomo', 'Santa Anastasia']",Casa Giulietta,"['Centro Fotografia', 'Sighseeing', 'Torre Lamberti', 'Museo Conte', 'Museo Radio']",Arena,strategy_nearest,False,0.004236936569213867,success
046519429C4C80,1,['Arena'],Palazzo della Ragione,"['AMO', 'Museo Conte', 'Torre Lamberti', 'Centro Fotografia', 'Sighseeing']",Duomo,strategy_nearest,False,0.0030770301818847656,success
046516429C4C80,1,"['Arena', 'Casa Giulietta']",Torre Lamberti,"['Sighseeing', 'Centro Fotografia', 'Museo Conte', 'Palazzo della Ragione', 'AMO']",Palazzo della Ragione,strategy_nearest,True,0.003498077392578125,success
04651B3A9C4C80,3,"['Arena', 'Castelvecchio', 'Tomba Giulietta']",Torre Lamberti,"['Sighseeing', 'Centro Fotografia', 'Museo Conte', 'Casa Giulietta', 'Palazzo della Ragione']",Santa Anastasia,strategy_nearest,False,0.0045642852783203125,success
04651A3A9C4C80,3,"['Arena', 'San Zeno']",Torre Lamberti,"['Sighseeing', 'Centro Fotografia', 'Museo Conte', 'Casa Giulietta', 'Palazzo della Ragione']",Santa Anastasia,strategy_nearest,False,0.004068136215209961,success
046519429C4C84,1,"['Castelvecchio', 'Casa Giulietta', 'Tomba Giulietta']",Arena,"['Verona Tour', 'Museo Lapidario', 'Museo Radio', 'San Fermo', 'Sighseeing']",Torre Lamberti,strategy_nearest,False,0.0032608509063720703,success
0465203A9C4C84,0,"['Arena', 'Casa Giulietta']",Teatro Romano,"['Santa Anastasia', 'Duomo', 'AMO', 'Palazzo della Ragione', 'Museo Conte']",Torre Lamberti,strategy_nearest,False,0.0038299560546875,success
04651F429C4C84,2,"['Santa Anastasia', 'Torre Lamberti']",Duomo,"['AMO', 'Museo Miniscalchi', 'Teatro Romano', 'Palazzo della Ragione', 'Museo Conte']",San Zeno,strategy_nearest,False,0.011527061462402344,success
04651D429C4C80,2,"['Teatro Romano', 'Duomo']",Torre Lamberti,"['Sighseeing', 'Centro Fotografia', 'Museo Conte', 'Casa Giulietta', 'Palazzo della Ragione']",Palazzo della Ragione,strategy_nearest,True,0.005751848220825195,success
0465223A9C4C84,1,"['Arena', 'Torre Lamberti', 'Palazzo della Ragione']",Casa Giulietta,"['Centro Fotografia', 'Sighseeing', 'Museo Conte', 'Museo Radio', 'San Fermo']",Santa Anastasia,strategy_nearest,False,0.013398170471191406,success
0465233A9C4C84,0,['Arena'],Casa Giulietta,"['Centro Fotografia', 'Sighseeing', 'Torre Lamberti', 'Museo Conte', 'Museo Radio']",Giardino Giusti,strategy_nearest,False,0.007760047912597656,success
04651F4A9C4C80,3,"['Arena', 'Casa Giulietta', 'Torre Lamberti']",Teatro Romano,"['Santa Anastasia', 'Duomo', 'AMO', 'Palazzo della Ragione', 'Museo Conte']",Castelvecchio,strategy_nearest,False,0.015119791030883789,success
04653B3A9C4C80,3,"['Torre Lamberti', 'Duomo']",San Fermo,"['Museo Storia', 'Museo Radio', 'Casa Giulietta', 'Centro Fotografia', 'Arena']",Arena,strategy_nearest,True,0.0018439292907714844,success
0465313A9C4C80,6,"['Verona Tour', 'Arena', 'Casa Giulietta']",Castelvecchio,"['Museo Lapidario', 'Museo Radio', 'San Zeno', 'Sighseeing', 'Museo Miniscalchi']",Torre Lamberti,strategy_nearest,False,0.002701997756958008,success
0465413A9C4C80,0,"['Casa Giulietta', 'Torre Lamberti']",Arena,"['Verona Tour', 'Museo Lapidario', 'Museo Radio', 'San Fermo', 'Sighseeing']",Castelvecchio,strategy_nearest,False,0.0032629966735839844,success
046550429C4C80,3,"['Torre Lamberti', 'Santa Anastasia']",Duomo,"['AMO', 'Museo Miniscalchi', 'Teatro Romano', 'Palazzo della Ragione', 'Museo Conte']",Arena,strategy_nearest,False,0.0020151138305664062,success
046548429C4C80,1,"['Arena', 'Palazzo della Ragione', 'Torre Lamberti', 'Casa Giulietta']",Santa Anastasia,"['AMO', 'Museo Conte', 'Teatro Romano', 'Centro Fotografia', 'Duomo']",Duomo,strategy_nearest,True,0.0026671886444091797,success
0465433A9C4C80,0,['Torre Lamberti'],Tomba Giulietta,"['San Fermo', 'Museo Storia', 'Arena', 'Museo Lapidario', 'Museo Radio']",Casa Giulietta,strategy_nearest,False,0.003918886184692383,success
046551429C4C80,0,['Arena'],Castelvecchio,"['Museo Lapidario', 'Verona Tour', 'Museo Radio', 'San Zeno', 'Sighseeing']",San Zeno,strategy_nearest,True,0.003751993179321289,success
0465533A9C4C80,3,"['Arena', 'Castelvecchio']",Duomo,"['AMO', 'Museo Miniscalchi', 'Santa Anastasia', 'Teatro Romano', 'Palazzo della Ragione']",Santa Anastasia,strategy_nearest,True,0.0031168460845947266,success
046552429C4C80,2,"['Castelvecchio', 'Santa Anastasia']",Duomo,"['AMO', 'Museo Miniscalchi', 'Teatro Romano', 'Palazzo della Ragione', 'Museo Conte']",Torre Lamberti,strategy_nearest,False,0.0022878646850585938,success
04655C429C4C80,3,"['San Fermo', 'Torre Lamberti']",Arena,"['Verona Tour', 'Museo Lapidario', 'Museo Radio', 'Casa Giulietta', 'Sighseeing']",Teatro Romano,strategy_nearest,False,0.002613067626953125,success
046569429C4C80,0,['Arena'],Casa Giulietta,"['Centro Fotografia', 'Sighseeing', 'Torre Lamberti', 'Museo Conte', 'Museo Radio']",Santa Anastasia,strategy_nearest,False,0.0029137134552001953,success
046564429C4C80,3,"['Arena', 'Castelvecchio', 'Casa Giulietta']",Torre Lamberti,"['Sighseeing', 'Centro Fotografia', 'Museo Conte', 'Palazzo della Ragione', 'AMO']",Santa Anastasia,strategy_nearest,False,0.0029497146606445312,success
04656C429C4C80,3,"['Santa Anastasia', 'San Fermo', 'Casa Giulietta']",Torre Lamberti,"['Sighseeing', 'Centro Fotografia', 'Museo Conte', 'Palazzo della Ragione', 'AMO']",Duomo,strategy_nearest,False,0.0015652179718017578,success
04656F3A9C4C80,0,"['Arena', 'Casa Giulietta']",Torre Lamberti,"['Sighseeing', 'Centro Fotografia', 'Museo Conte', 'Palazzo della Ragione', 'AMO']",San Zeno,strategy_nearest,False,0.0031309127807617188,success
0465753A9C4C80,3,"['Arena', 'Castelvecchio', 'San Zeno']",Casa Giulietta,"['Centro Fotografia', 'Sighseeing', 'Torre Lamberti', 'Museo Conte', 'Museo Radio']",Santa Anastasia,strategy_nearest,False,0.002900838851928711,success
0465723A9C4C80,1,['Duomo'],Arena,"['Verona Tour', 'Museo Lapidario', 'Museo Radio', 'San Fermo', 'Casa Giulietta']",Palazzo della Ragione,strategy_nearest,False,0.002302885055541992,success
046577429C4C80,0,['Casa Giulietta'],Arena,"['Verona Tour', 'Museo Lapidario', 'Museo Radio', 'San Fermo', 'Sighseeing']",Castelvecchio,strategy_nearest,False,0.003412961959838867,success
046583429C4C80,0,['Arena'],Castelvecchio,"['Museo Lapidario', 'Verona Tour', 'Museo Radio', 'San Zeno', 'Sighseeing']",Giardino Giusti,strategy_nearest,False,0.0028460025787353516,success
04657A3A9C4C80,3,"['San Fermo', 'Arena']",Castelvecchio,"['Museo Lapidario', 'Verona Tour', 'Museo Radio', 'San Zeno', 'Sighseeing']",Casa Giulietta,strategy_nearest,False,0.002856016159057617,success
046578429C4C80,2,['Santa Anastasia'],Duomo,"['AMO', 'Museo Miniscalchi', 'Teatro Romano', 'Palazzo della Ragione', 'Museo Conte']",Castelvecchio,strategy_nearest,False,0.0023491382598876953,success
0465894A9C4C80,0,['Museo Storia'],Teatro Romano,"['Santa Anastasia', 'Duomo', 'AMO', 'Palazzo della Ragione', 'Museo Conte']",Arena,strategy_nearest,False,0.0030417442321777344,success
0465AA3A9C4C80,3,"['Duomo', 'Castelvecchio']",Arena,"['Verona Tour', 'Museo Lapidario', 'Museo Radio', 'San Fermo', 'Casa Giulietta']",Casa Giulietta,strategy_nearest,True,0.0019109249114990234,success
04658D429C4C80,3,"['Teatro Romano', 'Santa Anastasia']",Arena,"['Verona Tour', 'Museo Lapidario', 'Museo Radio', 'San Fermo', 'Casa Giulietta']",San Zeno,strategy_nearest,False,0.005007266998291016,success
0465A7429C4C80,1,"['Castelvecchio', 'Arena', 'Casa Giulietta', 'Palazzo della Ragione']",Torre Lamberti,"['Sighseeing', 'Centro Fotografia', 'Museo Conte', 'AMO', 'Museo Miniscalchi']",Santa Anastasia,strategy_nearest,False,0.00431370735168457,success
0465AD3A9C4C80,1,"['Arena', 'Casa Giulietta']",Santa Anastasia,"['AMO', 'Museo Conte', 'Palazzo della Ragione', 'Teatro Romano', 'Centro Fotografia']",Duomo,strategy_nearest,False,0.0037870407104492188,success
0465AE429C4C80,2,['Tomba Giulietta'],Torre Lamberti,"['Sighseeing', 'Centro Fotografia', 'Museo Conte', 'Casa Giulietta', 'Palazzo della Ragione']",Santa Anastasia,strategy_nearest,False,0.002298116683959961,success
0465C0429C4C80,2,['Teatro Romano'],Duomo,"['AMO', 'Museo Miniscalchi', 'Santa Anastasia', 'Palazzo della Ragione', 'Museo Conte']",Castelvecchio,strategy_nearest,False,0.001683950424194336,success
0465C3429C4C80,0,['Arena'],Duomo,"['AMO', 'Museo Miniscalchi', 'Santa Anastasia', 'Teatro Romano', 'Palazzo della Ragione']",Casa Giulietta,strategy_nearest,False,0.004537105560302734,success
0465BB429C4C80,0,['Castelvecchio'],Teatro Romano,"['Santa Anastasia', 'Duomo', 'AMO', 'Palazzo della Ragione', 'Museo Conte']",Arena,strategy_nearest,False,0.0032510757446289062,success
0465D0429C4C80,3,"['Teatro Romano', 'Duomo']",Santa Anastasia,"['AMO', 'Museo Conte', 'Palazzo della Ragione', 'Centro Fotografia', 'Torre Lamberti']",Castelvecchio,strategy_nearest,False,0.0029320716857910156,success
0465D83A9C4C80,3,"['Casa Giulietta', 'Arena', 'Tomba Giulietta']",San Fermo,"['Museo Storia', 'Museo Radio', 'Centro Fotografia', 'Sighseeing', 'Torre Lamberti']",Castelvecchio,strategy_nearest,False,0.0038149356842041016,success
0465DE3A9C4C80,1,"['Arena', 'Casa Giulietta', 'Torre Lamberti', 'Palazzo della Ragione', 'Tomba Giulietta']",Giardino Giusti,"['Santa Anastasia', 'Teatro Romano', 'Museo Conte', 'Centro Fotografia', 'Museo Storia']",Teatro Romano,strategy_nearest,True,0.0024650096893310547,success
0465C63A9C4C80,3,"['Arena', 'Casa Giulietta']",Santa Anastasia,"['AMO', 'Museo Conte', 'Palazzo della Ragione', 'Teatro Romano', 'Centro Fotografia']",Duomo,strategy_nearest,False,0.01027822494506836,success
0465D43A9C4C80,3,"['Arena', 'San Zeno', 'Santa Anastasia']",Castelvecchio,"['Museo Lapidario', 'Verona Tour', 'Museo Radio', 'Sighseeing', 'Museo Miniscalchi']",Museo Lapidario,strategy_nearest,True,0.006114959716796875,success
0465E73A9C4C80,3,"['Arena', 'Castelvecchio', 'Castelvecchio', 'San Zeno']",Duomo,"['AMO', 'Museo Miniscalchi', 'Santa Anastasia', 'Teatro Romano', 'Palazzo della Ragione']",Santa Anastasia,strategy_nearest,True,0.0036330223083496094,success
046614429C4C80,0,['Arena'],Casa Giulietta,"['Centro Fotografia', 'Sighseeing', 'Torre Lamberti', 'Museo Conte', 'Museo Radio']",Castelvecchio,strategy_nearest,False,0.0013289451599121094,success
0465FB3A9C4C80,0,['Arena'],Santa Anastasia,"['AMO', 'Museo Conte', 'Palazzo della Ragione', 'Teatro Romano', 'Centro Fotografia']",Casa Giulietta,strategy_nearest,False,0.003945112228393555,success
0466163A9C4C84,0,['Arena'],Santa Anastasia,"['AMO', 'Museo Conte', 'Palazzo della Ragione', 'Teatro Romano', 'Centro Fotografia']",Castelvecchio,strategy_nearest,False,0.0022928714752197266,success
046619429C4C80,1,"['Arena', 'Casa Giulietta']",Torre Lamberti,"['Sighseeing', 'Centro Fotografia', 'Museo Conte', 'Palazzo della Ragione', 'AMO']",Castelvecchio,strategy_nearest,False,0.0034723281860351562,success
04661A3A9C4C84,0,['Casa Giulietta'],Arena,"['Verona Tour', 'Museo Lapidario', 'Museo Radio', 'San Fermo', 'Sighseeing']",Castelvecchio,strategy_nearest,False,0.0018889904022216797,success
04661A4A9C4C80,1,"['Arena', 'Castelvecchio', 'San Zeno']",Giardino Giusti,"['Santa Anastasia', 'Teatro Romano', 'Museo Conte', 'Centro Fotografia', 'Museo Storia']",Torre Lamberti,strategy_nearest,False,0.0024139881134033203,success
04661B3A9C4C80,0,['Arena'],Castelvecchio,"['Museo Lapidario', 'Verona Tour', 'Museo Radio', 'San Zeno', 'Sighseeing']",Casa Giulietta,strategy_nearest,False,0.0031130313873291016,success
04661E3A9C4C84,0,"['Arena', 'Casa Giulietta']",Teatro Romano,"['Santa Anastasia', 'Duomo', 'AMO', 'Palazzo della Ragione', 'Museo Conte']",Torre Lamberti,strategy_nearest,False,0.0034799575805664062,success
04661F3A9C4C80,3,"['Arena', 'Torre Lamberti']",Casa Giulietta,"['Centro Fotografia', 'Sighseeing', 'Museo Conte', 'Museo Radio', 'Palazzo della Ragione']",Santa Anastasia,strategy_nearest,False,0.003159046173095703,success
0466223A9C4C84,1,"['Museo Lapidario', 'Arena']",Castelvecchio,"['Verona Tour', 'Museo Radio', 'San Zeno', 'Sighseeing', 'Museo Miniscalchi']",Palazzo della Ragione,strategy_nearest,False,0.002801179885864258,success
0466313A9C4C80,3,"['Torre Lamberti', 'Duomo', 'Santa Anastasia']",Arena,"['Verona Tour', 'Museo Lapidario', 'Museo Radio', 'San Fermo', 'Casa Giulietta']",San Fermo,strategy_nearest,True,0.0028259754180908203,success
0466383A9C4C80,0,['Arena'],Casa Giulietta,"['Centro Fotografia', 'Sighseeing', 'Torre Lamberti', 'Museo Conte', 'Museo Radio']",Teatro Romano,strategy_nearest,False,0.0038101673126220703,success
04663D3A9C4C80,3,"['Arena', 'Castelvecchio']",Teatro Romano,"['Santa Anastasia', 'Duomo', 'AMO', 'Palazzo della Ragione', 'Museo Conte']",Duomo,strategy_nearest,True,0.005738973617553711,success
046650429C4C80,3,['Arena'],Casa Giulietta,"['Centro Fotografia', 'Sighseeing', 'Torre Lamberti', 'Museo Conte', 'Museo Radio']",Torre Lamberti,strategy_nearest,True,0.00385284423828125,success
046651429C4C80,3,"['Arena', 'Casa Giulietta']",Torre Lamberti,"['Sighseeing', 'Centro Fotografia', 'Museo Conte', 'Palazzo della Ragione', 'AMO']",Santa Anastasia,strategy_nearest,False,0.004434823989868164,success
0466523A9C4C80,3,"['Tomba Giulietta', 'Arena', 'Casa Giulietta']",Castelvecchio,"['Museo Lapidario', 'Verona Tour', 'Museo Radio', 'San Zeno', 'Sighseeing']",San Zeno,strategy_nearest,True,0.0027129650115966797,success
0466713A9C4C80,0,['Arena'],Casa Giulietta,"['Centro Fotografia', 'Sighseeing', 'Torre Lamberti', 'Museo Conte', 'Museo Radio']",Santa Anastasia,strategy_nearest,False,0.0035262107849121094,success
04666F3A9C4C80,0,"['Arena', 'Casa Giulietta']",Torre Lamberti,"['Sighseeing', 'Centro Fotografia', 'Museo Conte', 'Palazzo della Ragione', 'AMO']",San Zeno,strategy_nearest,False,0.0021500587463378906,success
0466683A9C4C80,0,"['Arena', 'Torre Lamberti', 'Teatro Romano']",Castelvecchio,"['Museo Lapidario', 'Verona Tour', 'Museo Radio', 'San Zeno', 'Sighseeing']",Casa Giulietta,strategy_nearest,False,0.0029790401458740234,success
0466773A9C4C80,1,"['Arena', 'Torre Lamberti', 'Palazzo della Ragione', 'Santa Anastasia']",Duomo,"['AMO', 'Museo Miniscalchi', 'Teatro Romano', 'Museo Conte', 'Centro Fotografia']",Teatro Romano,strategy_nearest,True,0.005286216735839844,success
0466794A9C4C80,3,"['Casa Giulietta', 'Torre Lamberti']",Teatro Romano,"['Santa Anastasia', 'Duomo', 'AMO', 'Palazzo della Ragione', 'Museo Conte']",Duomo,strategy_nearest,True,0.0038690567016601562,success
04667E3A9C4C80,3,"['Arena', 'San Fermo', 'Casa Giulietta']",Torre Lamberti,"['Sighseeing', 'Centro Fotografia', 'Museo Conte', 'Palazzo della Ragione', 'AMO']",Santa Anastasia,strategy_nearest,False,0.004096031188964844,success
046683429C4C80,3,"['Arena', 'Castelvecchio']",Torre Lamberti,"['Sighseeing', 'Centro Fotografia', 'Museo Conte', 'Casa Giulietta', 'Palazzo della Ragione']",Casa Giulietta,strategy_nearest,True,0.003522157669067383,success
0466904A9C4C80,3,['Arena'],Santa Anastasia,"['AMO', 'Museo Conte', 'Palazzo della Ragione', 'Teatro Romano', 'Centro Fotografia']",Teatro Romano,strategy_nearest,True,0.0028448104858398438,success
0466AE3A9C4C80,3,['Arena'],Torre Lamberti,"['Sighseeing', 'Centro Fotografia', 'Museo Conte', 'Casa Giulietta', 'Palazzo della Ragione']",Santa Anastasia,strategy_nearest,False,0.0036230087280273438,success
0466C23A9C4C80,3,"['Tomba Giulietta', 'Museo Lapidario', 'Arena']",Casa Giulietta,"['Centro Fotografia', 'Sighseeing', 'Torre Lamberti', 'Museo Conte', 'Museo Radio']",Torre Lamberti,strategy_nearest,True,0.002093791961669922,success
0466B0429C4C80,0,['Arena'],Casa Giulietta,"['Centro Fotografia', 'Sighseeing', 'Torre Lamberti', 'Museo Conte', 'Museo Radio']",Castelvecchio,strategy_nearest,False,0.004305839538574219,success
0466D8429C4C80,3,"['Arena', 'Casa Giulietta']",Santa Anastasia,"['AMO', 'Museo Conte', 'Palazzo della Ragione', 'Teatro Romano', 'Centro Fotografia']",Giardino Giusti,strategy_nearest,False,0.0015850067138671875,success
0466C4429C4C80,3,"['Castelvecchio', 'Arena']",Casa Giulietta,"['Centro Fotografia', 'Sighseeing', 'Torre Lamberti', 'Museo Conte', 'Museo Radio']",Torre Lamberti,strategy_nearest,True,0.004736900329589844,success
0466DD3A9C4C80,0,['Arena'],Casa Giulietta,"['Centro Fotografia', 'Sighseeing', 'Torre Lamberti', 'Museo Conte', 'Museo Radio']",Duomo,strategy_nearest,False,0.0034859180450439453,success
0466DC3A9C4C80,3,"['Arena', 'Casa Giulietta']",Santa Anastasia,"['AMO', 'Museo Conte', 'Palazzo della Ragione', 'Teatro Romano', 'Centro Fotografia']",Torre Lamberti,strategy_nearest,False,0.004881143569946289,success
0466E63A9C4C80,1,"['Arena', 'Casa Giulietta']",Palazzo della Ragione,"['AMO', 'Museo Conte', 'Torre Lamberti', 'Centro Fotografia', 'Sighseeing']",Torre Lamberti,strategy_nearest,True,0.002794027328491211,success
0466DE3A9C4C80,1,"['Castelvecchio', 'Arena']",Torre Lamberti,"['Sighseeing', 'Centro Fotografia', 'Museo Conte', 'Casa Giulietta', 'Palazzo della Ragione']",Palazzo della Ragione,strategy_nearest,True,0.005199909210205078,success
0466F93A9C4C80,0,['Arena'],Casa Giulietta,"['Centro Fotografia', 'Sighseeing', 'Torre Lamberti', 'Museo Conte', 'Museo Radio']",Castelvecchio,strategy_nearest,False,0.0033960342407226562,success
0466FF3A9C4C80,1,"['Arena', 'Casa Giulietta']",Santa Anastasia,"['AMO', 'Museo Conte', 'Palazzo della Ragione', 'Teatro Romano', 'Centro Fotografia']",Duomo,strategy_nearest,False,0.0031239986419677734,success
046704429C4C84,0,"['Arena', 'Castelvecchio']",Torre Lamberti,"['Sighseeing', 'Centro Fotografia', 'Museo Conte', 'Casa Giulietta', 'Palazzo della Ragione']",San Zeno,strategy_nearest,False,0.0018050670623779297,success
04670A3A9C4C84,1,"['Castelvecchio', 'San Zeno', 'Arena', 'Casa Giulietta']",San Fermo,"['Museo Storia', 'Museo Radio', 'Centro Fotografia', 'Sighseeing', 'Torre Lamberti']",Palazzo della Ragione,strategy_nearest,False,0.003328084945678711,success
046718429C4C80,0,['Arena'],Casa Giulietta,"['Centro Fotografia', 'Sighseeing', 'Torre Lamberti', 'Museo Conte', 'Museo Radio']",Duomo,strategy_nearest,False,0.0023069381713867188,success
046719429C4C80,0,"['Arena', 'Casa Giulietta']",Duomo,"['AMO', 'Museo Miniscalchi', 'Santa Anastasia', 'Teatro Romano', 'Palazzo della Ragione']",Teatro Romano,strategy_nearest,True,0.003885030746459961,success
04671E4A9C4C80,0,"['Arena', 'Casa Giulietta']",Torre Lamberti,"['Sighseeing', 'Centro Fotografia', 'Museo Conte', 'Palazzo della Ragione', 'AMO']",Teatro Romano,strategy_nearest,False,0.0026078224182128906,success
04671CBA7B3F80,3,"['San Zeno', 'Arena', 'Casa Giulietta', 'Torre Lamberti']",Santa Anastasia,"['AMO', 'Museo Conte', 'Palazzo della Ragione', 'Teatro Romano', 'Centro Fotografia']",Duomo,strategy_nearest,False,0.002521038055419922,success
04671D429C4C80,3,"['Torre Lamberti', 'Casa Giulietta', 'Teatro Romano']",Duomo,"['AMO', 'Museo Miniscalchi', 'Santa Anastasia', 'Palazzo della Ragione', 'Museo Conte']",Santa Anastasia,strategy_nearest,True,0.003587961196899414,success
04671BBA7B3F80,1,"['Arena', 'Castelvecchio', 'Torre Lamberti']",Palazzo della Ragione,"['AMO', 'Museo Conte', 'Centro Fotografia', 'Sighseeing', 'Santa Anastasia']",Casa Giulietta,strategy_nearest,False,0.0016469955444335938,success
046721BA7B3F80,1,"['Arena', 'Palazzo della Ragione']",Torre Lamberti,"['Sighseeing', 'Centro Fotografia', 'Museo Conte', 'Casa Giulietta', 'AMO']",Casa Giulietta,strategy_nearest,True,0.0022509098052978516,success
046728BA7B3F80,0,['Arena'],Torre Lamberti,"['Sighseeing', 'Centro Fotografia', 'Museo Conte', 'Casa Giulietta', 'Palazzo della Ragione']",Casa Giulietta,strategy_nearest,True,0.002875804901123047,success
0467203A9C4C84,1,"['Arena', 'Casa Giulietta', 'Torre Lamberti']",Palazzo della Ragione,"['AMO', 'Museo Conte', 'Centro Fotografia', 'Sighseeing', 'Santa Anastasia']",Teatro Romano,strategy_nearest,False,0.004637241363525391,success
0467243A9C4C80,0,"['Arena', 'Torre Lamberti']",Casa Giulietta,"['Centro Fotografia', 'Sighseeing', 'Museo Conte', 'Museo Radio', 'Palazzo della Ragione']",Teatro Romano,strategy_nearest,False,0.0021708011627197266,success
0467353A9C4C80,3,"['Casa Giulietta', 'Santa Anastasia']",Teatro Romano,"['Duomo', 'AMO', 'Palazzo della Ragione', 'Museo Conte', 'Centro Fotografia']",Duomo,strategy_nearest,True,0.003100156784057617,success
04673C429C4C80,0,['Duomo'],Arena,"['Verona Tour', 'Museo Lapidario', 'Museo Radio', 'San Fermo', 'Casa Giulietta']",Casa Giulietta,strategy_nearest,True,0.0022537708282470703,success
046731429C4C80,1,['Castelvecchio'],Arena,"['Verona Tour', 'Museo Lapidario', 'Museo Radio', 'San Fermo', 'Casa Giulietta']",Palazzo della Ragione,strategy_nearest,False,0.0017659664154052734,success
04673D3A9C4C80,3,['Torre Lamberti'],Arena,"['Verona Tour', 'Museo Lapidario', 'Museo Radio', 'San Fermo', 'Casa Giulietta']",Castelvecchio,strategy_nearest,False,0.003505706787109375,success
046751429C4C80,1,"['Arena', 'Casa Giulietta', 'Torre Lamberti']",Palazzo della Ragione,"['AMO', 'Museo Conte', 'Centro Fotografia', 'Sighseeing', 'Santa Anastasia']",Santa Anastasia,strategy_nearest,True,0.0028133392333984375,success
0467443A9C4C80,3,"['San Fermo', 'Tomba Giulietta']",Arena,"['Verona Tour', 'Museo Lapidario', 'Museo Radio', 'Casa Giulietta', 'Sighseeing']",Santa Anastasia,strategy_nearest,False,0.005129098892211914,success
04677C3A9C4C80,0,['Arena'],Torre Lamberti,"['Sighseeing', 'Centro Fotografia', 'Museo Conte', 'Casa Giulietta', 'Palazzo della Ragione']",Casa Giulietta,strategy_nearest,True,0.002665996551513672,success
04676E3A9C4C80,1,"['Arena', 'San Zeno', 'Castelvecchio', 'Giardino Giusti', 'Duomo', 'Santa Anastasia']",Torre Lamberti,"['Sighseeing', 'Centro Fotografia', 'Museo Conte', 'Casa Giulietta', 'Palazzo della Ragione']",Casa Giulietta,strategy_nearest,True,0.0036051273345947266,success
0467884A9C4C80,3,"['Arena', 'Castelvecchio']",San Fermo,"['Museo Storia', 'Museo Radio', 'Casa Giulietta', 'Centro Fotografia', 'Sighseeing']",Torre Lamberti,strategy_nearest,False,0.0022373199462890625,success
0467864A9C4C80,3,"['Torre Lamberti', 'Casa Giulietta']",Arena,"['Verona Tour', 'Museo Lapidario', 'Museo Radio', 'San Fermo', 'Sighseeing']",Teatro Romano,strategy_nearest,False,0.0016639232635498047,success
0467834A9C4C80,1,"['Arena', 'Casa Giulietta']",Torre Lamberti,"['Sighseeing', 'Centro Fotografia', 'Museo Conte', 'Palazzo della Ragione', 'AMO']",Palazzo della Ragione,strategy_nearest,True,0.0038068294525146484,success
04678F429C4C80,1,"['Santa Anastasia', 'Torre Lamberti']",Palazzo della Ragione,"['AMO', 'Museo Conte', 'Centro Fotografia', 'Sighseeing', 'Museo Miniscalchi']",San Zeno,strategy_nearest,False,0.0036008358001708984,success
04678D3A9C4C80,3,['Arena'],Casa Giulietta,"['Centro Fotografia', 'Sighseeing', 'Torre Lamberti', 'Museo Conte', 'Museo Radio']",Torre Lamberti,strategy_nearest,True,0.004534006118774414,success
046790429C4C80,1,"['Arena', 'Casa Giulietta']",Torre Lamberti,"['Sighseeing', 'Centro Fotografia', 'Museo Conte', 'Palazzo della Ragione', 'AMO']",Palazzo della Ragione,strategy_nearest,True,0.0021448135375976562,success
046792429C4C80,2,['Santa Anastasia'],Castelvecchio,"['Museo Lapidario', 'Verona Tour', 'Arena', 'Museo Radio', 'San Zeno']",Casa Giulietta,strategy_nearest,False,0.0035839080810546875,success
0467B73A9C4C80,3,['Arena'],Casa Giulietta,"['Centro Fotografia', 'Sighseeing', 'Torre Lamberti', 'Museo Conte', 'Museo Radio']",Teatro Romano,strategy_nearest,False,0.0036978721618652344,success
0467B63A9C4C80,0,['Casa Giulietta'],Castelvecchio,"['Museo Lapidario', 'Verona Tour', 'Arena', 'Museo Radio', 'San Zeno']",Arena,strategy_nearest,True,0.004019975662231445,success
0467EF429C4C80,1,['Arena'],Castelvecchio,"['Museo Lapidario', 'Verona Tour', 'Museo Radio', 'San Zeno', 'Sighseeing']",Torre Lamberti,strategy_nearest,False,0.0022678375244140625,success
0467AE3A9C4C80,1,"['Arena', 'Casa Giulietta']",Torre Lamberti,"['Sighseeing', 'Centro Fotografia', 'Museo Conte', 'Palazzo della Ragione', 'AMO']",Palazzo della Ragione,strategy_nearest,True,0.005710124969482422,success
0467EA429C4C80,3,"['Teatro Romano', 'Torre Lamberti', 'Casa Giulietta', 'Tomba Giulietta']",Castelvecchio,"['Museo Lapidario', 'Verona Tour', 'Arena', 'Museo Radio', 'San Zeno']",San Zeno,strategy_nearest,True,0.004031181335449219,success
0467D4429C4C80,3,"['Torre Lamberti', 'Arena']",Santa Anastasia,"['AMO', 'Museo Conte', 'Palazzo della Ragione', 'Teatro Romano', 'Centro Fotografia']",Duomo,strategy_nearest,False,0.0069310665130615234,success
0468043A9C4C84,0,['Casa Giulietta'],Santa Anastasia,"['AMO', 'Museo Conte', 'Palazzo della Ragione', 'Teatro Romano', 'Centro Fotografia']",Arena,strategy_nearest,False,0.003638029098510742,success
0468063A9C4C84,3,"['Casa Giulietta', 'Torre Lamberti']",Santa Anastasia,"['AMO', 'Museo Conte', 'Palazzo della Ragione', 'Teatro Romano', 'Centro Fotografia']",Arena,strategy_nearest,False,0.002752065658569336,success
0467FC3A9C4C80,3,"['Teatro Romano', 'Duomo']",Santa Anastasia,"['AMO', 'Museo Conte', 'Palazzo della Ragione', 'Centro Fotografia', 'Torre Lamberti']",Casa Giulietta,strategy_nearest,False,0.002017974853515625,success
0467F03A9C4C80,0,"['Casa Giulietta', 'Torre Lamberti']",Arena,"['Verona Tour', 'Museo Lapidario', 'Museo Radio', 'San Fermo', 'Sighseeing']",Castelvecchio,strategy_nearest,False,0.0026717185974121094,success
04680E429C4C84,0,['Arena'],Castelvecchio,"['Museo Lapidario', 'Verona Tour', 'Museo Radio', 'San Zeno', 'Sighseeing']",Duomo,strategy_nearest,False,0.002827882766723633,success
04680C3A9C4C84,0,['Museo Lapidario'],Casa Giulietta,"['Centro Fotografia', 'Sighseeing', 'Torre Lamberti', 'Museo Conte', 'Museo Radio']",Arena,strategy_nearest,False,0.0023338794708251953,success
0468083A9C4C84,3,['Arena'],Torre Lamberti,"['Sighseeing', 'Centro Fotografia', 'Museo Conte', 'Casa Giulietta', 'Palazzo della Ragione']",Santa Anastasia,strategy_nearest,False,0.0017242431640625,success
0468133A9C4C80,3,"['Arena', 'Casa Giulietta', 'Santa Anastasia']",Duomo,"['AMO', 'Museo Miniscalchi', 'Teatro Romano', 'Palazzo della Ragione', 'Museo Conte']",Castelvecchio,strategy_nearest,False,0.0034728050231933594,success
046813429C4C80,0,['Arena'],Castelvecchio,"['Museo Lapidario', 'Verona Tour', 'Museo Radio', 'San Zeno', 'Sighseeing']",Torre Lamberti,strategy_nearest,False,0.0015947818756103516,success
0468173A9C4C84,0,['Arena'],Torre Lamberti,"['Sighseeing', 'Centro Fotografia', 'Museo Conte', 'Casa Giulietta', 'Palazzo della Ragione']",Castelvecchio,strategy_nearest,False,0.0027892589569091797,success
046818429C4C80,1,['Arena'],Torre Lamberti,"['Sighseeing', 'Centro Fotografia', 'Museo Conte', 'Casa Giulietta', 'Palazzo della Ragione']",Palazzo della Ragione,strategy_nearest,True,0.003052949905395508,success
046818BA7B3F80,3,"['San Zeno', 'Arena', 'Casa Giulietta', 'Torre Lamberti']",Santa Anastasia,"['AMO', 'Museo Conte', 'Palazzo della Ragione', 'Teatro Romano', 'Centro Fotografia']",Duomo,strategy_nearest,False,0.0029299259185791016,success
046819429C4C80,0,['Arena'],Casa Giulietta,"['Centro Fotografia', 'Sighseeing', 'Torre Lamberti', 'Museo Conte', 'Museo Radio']",Duomo,strategy_nearest,False,0.0025739669799804688,success
0468223A9C4C84,1,"['Arena', 'Torre Lamberti']",Palazzo della Ragione,"['AMO', 'Museo Conte', 'Centro Fotografia', 'Sighseeing', 'Santa Anastasia']",Santa Anastasia,strategy_nearest,True,0.0037288665771484375,success
0468253A9C4C80,1,['Arena'],Museo Lapidario,"['Verona Tour', 'Castelvecchio', 'Museo Radio', 'San Fermo', 'Casa Giulietta']",Palazzo della Ragione,strategy_nearest,False,0.004328012466430664,success
0468213A9C4C84,3,"['Arena', 'Casa Giulietta']",Santa Anastasia,"['AMO', 'Museo Conte', 'Palazzo della Ragione', 'Teatro Romano', 'Centro Fotografia']",Duomo,strategy_nearest,False,0.0037889480590820312,success
0468263A9C4C80,1,"['Casa Giulietta', 'Arena']",Torre Lamberti,"['Sighseeing', 'Centro Fotografia', 'Museo Conte', 'Palazzo della Ragione', 'AMO']",Palazzo della Ragione,strategy_nearest,True,0.002471923828125,success
0468263A9C4C84,1,['Casa Giulietta'],Arena,"['Verona Tour', 'Museo Lapidario', 'Museo Radio', 'San Fermo', 'Sighseeing']",Castelvecchio,strategy_nearest,False,0.0031261444091796875,success
0468293A9C4C80,2,"['Castelvecchio', 'Teatro Romano']",Santa Anastasia,"['AMO', 'Museo Conte', 'Palazzo della Ragione', 'Centro Fotografia', 'Duomo']",Torre Lamberti,strategy_nearest,False,0.002704143524169922,success
04682A3A9C4C80,2,"['Casa Giulietta', 'Torre Lamberti']",Palazzo della Ragione,"['AMO', 'Museo Conte', 'Centro Fotografia', 'Sighseeing', 'Santa Anastasia']",Santa Anastasia,strategy_nearest,True,0.003459930419921875,success
04682D429C4C80,3,"['Arena', 'Torre Lamberti']",Teatro Romano,"['Santa Anastasia', 'Duomo', 'AMO', 'Palazzo della Ragione', 'Museo Conte']",Duomo,strategy_nearest,True,0.0036628246307373047,success
0468383A9C4C80,1,"['Torre Lamberti', 'Palazzo della Ragione', 'Casa Giulietta']",Arena,"['Verona Tour', 'Museo Lapidario', 'Museo Radio', 'San Fermo', 'Sighseeing']",Castelvecchio,strategy_nearest,False,0.004628896713256836,success
0468393A9C4C80,1,"['San Fermo', 'Arena', 'Castelvecchio']",Casa Giulietta,"['Centro Fotografia', 'Sighseeing', 'Torre Lamberti', 'Museo Conte', 'Museo Radio']",Torre Lamberti,strategy_nearest,True,0.005372047424316406,success
046849429C4C80,3,"['Arena', 'Teatro Romano']",Duomo,"['AMO', 'Museo Miniscalchi', 'Santa Anastasia', 'Palazzo della Ragione', 'Museo Conte']",Torre Lamberti,strategy_nearest,False,0.002619028091430664,success
0468433A9C4C80,0,"['Arena', 'Casa Giulietta']",Teatro Romano,"['Santa Anastasia', 'Duomo', 'AMO', 'Palazzo della Ragione', 'Museo Conte']",Castelvecchio,strategy_nearest,False,0.003676891326904297,success
0468583A9C4C80,1,"['Arena', 'Casa Giulietta', 'San Zeno']",Castelvecchio,"['Museo Lapidario', 'Verona Tour', 'Museo Radio', 'Sighseeing', 'Museo Miniscalchi']",San Fermo,strategy_nearest,False,0.0025892257690429688,success
04686A429C4C80,1,"['Arena', 'Casa Giulietta', 'Torre Lamberti']",Palazzo della Ragione,"['AMO', 'Museo Conte', 'Centro Fotografia', 'Sighseeing', 'Santa Anastasia']",Teatro Romano,strategy_nearest,False,0.0028650760650634766,success
046863429C4C80,3,"['Arena', 'San Fermo', 'Casa Giulietta']",Duomo,"['AMO', 'Museo Miniscalchi', 'Santa Anastasia', 'Teatro Romano', 'Palazzo della Ragione']",Teatro Romano,strategy_nearest,True,0.0029408931732177734,success
04687A429C4C80,1,"['Casa Giulietta', 'Torre Lamberti']",Castelvecchio,"['Museo Lapidario', 'Verona Tour', 'Arena', 'Museo Radio', 'San Zeno']",Tomba Giulietta,strategy_nearest,False,0.003134012222290039,success
046874429C4C80,0,['Arena'],Castelvecchio,"['Museo Lapidario', 'Verona Tour', 'Museo Radio', 'San Zeno', 'Sighseeing']",San Zeno,strategy_nearest,True,0.0047588348388671875,success
04687D429C4C80,0,"['Arena', 'Torre Lamberti']",Casa Giulietta,"['Centro Fotografia', 'Sighseeing', 'Museo Conte', 'Museo Radio', 'Palazzo della Ragione']",Teatro Romano,strategy_nearest,False,0.0021820068359375,success
046880429C4C80,3,"['Arena', 'Torre Lamberti']",Santa Anastasia,"['AMO', 'Museo Conte', 'Palazzo della Ragione', 'Teatro Romano', 'Centro Fotografia']",Teatro Romano,strategy_nearest,True,0.003045797348022461,success
046881429C4C80,3,['Arena'],Casa Giulietta,"['Centro Fotografia', 'Sighseeing', 'Torre Lamberti', 'Museo Conte', 'Museo Radio']",Torre Lamberti,strategy_nearest,True,0.002858877182006836,success
0468834A9C4C80,3,['Arena'],Casa Giulietta,"['Centro Fotografia', 'Sighseeing', 'Torre Lamberti', 'Museo Conte', 'Museo Radio']",Santa Anastasia,strategy_nearest,False,0.0037522315979003906,success
046889429C4C80,1,"['Arena', 'Casa Giulietta', 'Torre Lamberti']",Palazzo della Ragione,"['AMO', 'Museo Conte', 'Centro Fotografia', 'Sighseeing', 'Santa Anastasia']",Santa Anastasia,strategy_nearest,True,0.002171039581298828,success
0468884A9C4C80,0,['Arena'],Castelvecchio,"['Museo Lapidario', 'Verona Tour', 'Museo Radio', 'San Zeno', 'Sighseeing']",Casa Giulietta,strategy_nearest,False,0.003641843795776367,success
04688C429C4C80,3,"['Santa Anastasia', 'Torre Lamberti']",Casa Giulietta,"['Centro Fotografia', 'Sighseeing', 'Museo Conte', 'Museo Radio', 'Palazzo della Ragione']",Arena,strategy_nearest,False,0.003690958023071289,success
0468AC3A9C4C80,0,"['Torre Lamberti', 'Arena']",San Zeno,"['Castelvecchio', 'Verona Tour', 'Museo Lapidario', 'Museo Miniscalchi', 'Sighseeing']",Castelvecchio,strategy_nearest,True,0.002939939498901367,success
04688F429C4C80,2,['Castelvecchio'],Santa Anastasia,"['AMO', 'Museo Conte', 'Palazzo della Ragione', 'Teatro Romano', 'Centro Fotografia']",Duomo,strategy_nearest,False,0.002537965774536133,success
0468B7429C4C80,3,"['Casa Giulietta', 'Arena']",Tomba Giulietta,"['San Fermo', 'Museo Storia', 'Museo Lapidario', 'Museo Radio', 'Verona Tour']",Torre Lamberti,strategy_nearest,False,0.0015900135040283203,success
0468BD429C4C80,3,"['Arena', 'Casa Giulietta']",Santa Anastasia,"['AMO', 'Museo Conte', 'Palazzo della Ragione', 'Teatro Romano', 'Centro Fotografia']",Torre Lamberti,strategy_nearest,False,0.002418041229248047,success
0468B53A9C4C80,1,"['Arena', 'Casa Giulietta', 'Torre Lamberti']",Palazzo della Ragione,"['AMO', 'Museo Conte', 'Centro Fotografia', 'Sighseeing', 'Santa Anastasia']",Santa Anastasia,strategy_nearest,True,0.003915071487426758,success
0468B03A9C4C80,3,"['Castelvecchio', 'Casa Giulietta']",Santa Anastasia,"['AMO', 'Museo Conte', 'Palazzo della Ragione', 'Teatro Romano', 'Centro Fotografia']",Teatro Romano,strategy_nearest,True,0.003567934036254883,success
0468BE429C4C80,1,"['Arena', 'Casa Giulietta', 'Palazzo della Ragione']",Torre Lamberti,"['Sighseeing', 'Centro Fotografia', 'Museo Conte', 'AMO', 'Museo Miniscalchi']",Santa Anastasia,strategy_nearest,False,0.0017621517181396484,success
0468E43A9C4C80,3,['Arena'],San Zeno,"['Castelvecchio', 'Verona Tour', 'Museo Lapidario', 'Museo Miniscalchi', 'Sighseeing']",Torre Lamberti,strategy_nearest,False,0.003370046615600586,success
0468CB3A9C4C80,1,"['Casa Giulietta', 'Arena']",Palazzo della Ragione,"['AMO', 'Museo Conte', 'Torre Lamberti', 'Centro Fotografia', 'Sighseeing']",Castelvecchio,strategy_nearest,False,0.004111051559448242,success
0468E73A9C4C80,3,['Arena'],Casa Giulietta,"['Centro Fotografia', 'Sighseeing', 'Torre Lamberti', 'Museo Conte', 'Museo Radio']",Santa Anastasia,strategy_nearest,False,0.002850055694580078,success
0469143A9C4C84,0,['Torre Lamberti'],Casa Giulietta,"['Centro Fotografia', 'Sighseeing', 'Museo Conte', 'Museo Radio', 'Palazzo della Ragione']",Arena,strategy_nearest,False,0.002225160598754883,success
0469153A9C4C80,0,"['Arena', 'Casa Giulietta']",Duomo,"['AMO', 'Museo Miniscalchi', 'Santa Anastasia', 'Teatro Romano', 'Palazzo della Ragione']",Castelvecchio,strategy_nearest,False,0.0022628307342529297,success
04691A3A9C4C84,3,"['Arena', 'Torre Lamberti']",Casa Giulietta,"['Centro Fotografia', 'Sighseeing', 'Museo Conte', 'Museo Radio', 'Palazzo della Ragione']",Santa Anastasia,strategy_nearest,False,0.0031409263610839844,success
046918429C4C80,1,"['Castelvecchio', 'Palazzo della Ragione']",Torre Lamberti,"['Sighseeing', 'Centro Fotografia', 'Museo Conte', 'Casa Giulietta', 'AMO']",Santa Anastasia,strategy_nearest,False,0.002810955047607422,success
04691A429C4C80,0,['Arena'],Castelvecchio,"['Museo Lapidario', 'Verona Tour', 'Museo Radio', 'San Zeno', 'Sighseeing']",San Zeno,strategy_nearest,True,0.002357006072998047,success
04691C429C4C80,3,"['Torre Lamberti', 'Santa Anastasia']",Teatro Romano,"['Duomo', 'AMO', 'Palazzo della Ragione', 'Museo Conte', 'Centro Fotografia']",Duomo,strategy_nearest,True,0.002918720245361328,success
04691D3A9C4C84,3,['Arena'],Casa Giulietta,"['Centro Fotografia', 'Sighseeing', 'Torre Lamberti', 'Museo Conte', 'Museo Radio']",Santa Anastasia,strategy_nearest,False,0.0027871131896972656,success
04691E4A9C4C80,3,"['Arena', 'Tomba Giulietta', 'Santa Anastasia', 'Casa Giulietta']",Torre Lamberti,"['Sighseeing', 'Centro Fotografia', 'Museo Conte', 'Palazzo della Ragione', 'AMO']",Duomo,strategy_nearest,False,0.0026760101318359375,success
04691F3A9C4C84,0,"['Arena', 'Museo Lapidario']",Castelvecchio,"['Verona Tour', 'Museo Radio', 'San Zeno', 'Sighseeing', 'Museo Miniscalchi']",Duomo,strategy_nearest,False,0.0030050277709960938,success
04691E3A9C4C84,3,"['Casa Giulietta', 'Torre Lamberti']",Santa Anastasia,"['AMO', 'Museo Conte', 'Palazzo della Ragione', 'Teatro Romano', 'Centro Fotografia']",Teatro Romano,strategy_nearest,True,0.0038080215454101562,success
0469213A9C4C84,1,"['Santa Anastasia', 'Torre Lamberti', 'Palazzo della Ragione']",San Fermo,"['Museo Storia', 'Museo Radio', 'Casa Giulietta', 'Centro Fotografia', 'Arena']",Arena,strategy_nearest,True,0.00302886962890625,success
0469243A9C4C80,0,['Arena'],Casa Giulietta,"['Centro Fotografia', 'Sighseeing', 'Torre Lamberti', 'Museo Conte', 'Museo Radio']",Palazzo della Ragione,strategy_nearest,False,0.002905130386352539,success
0469223A9C4C84,2,['Torre Lamberti'],Santa Anastasia,"['AMO', 'Museo Conte', 'Palazzo della Ragione', 'Teatro Romano', 'Centro Fotografia']",Duomo,strategy_nearest,False,0.0024597644805908203,success
0469233A9C4C84,3,"['Arena', 'Teatro Romano']",Santa Anastasia,"['AMO', 'Museo Conte', 'Palazzo della Ragione', 'Centro Fotografia', 'Duomo']",Castelvecchio,strategy_nearest,False,0.0031249523162841797,success
0469243A9C4C84,1,"['Arena', 'Casa Giulietta']",Palazzo della Ragione,"['AMO', 'Museo Conte', 'Torre Lamberti', 'Centro Fotografia', 'Sighseeing']",Torre Lamberti,strategy_nearest,True,0.003222942352294922,success
046924429C4C84,3,"['Arena', 'Casa Giulietta', 'Torre Lamberti']",Santa Anastasia,"['AMO', 'Museo Conte', 'Palazzo della Ragione', 'Teatro Romano', 'Centro Fotografia']",Tomba Giulietta,strategy_nearest,False,0.002325773239135742,success
0469263A9C4C84,0,['Arena'],Casa Giulietta,"['Centro Fotografia', 'Sighseeing', 'Torre Lamberti', 'Museo Conte', 'Museo Radio']",Teatro Romano,strategy_nearest,False,0.0032689571380615234,success
0469253A9C4C80,1,"['Arena', 'Casa Giulietta']",Torre Lamberti,"['Sighseeing', 'Centro Fotografia', 'Museo Conte', 'Palazzo della Ragione', 'AMO']",Palazzo della Ragione,strategy_nearest,True,0.0027718544006347656,success
0469303A9C4C80,2,"['Casa Giulietta', 'Palazzo della Ragione', 'Torre Lamberti']",Santa Anastasia,"['AMO', 'Museo Conte', 'Teatro Romano', 'Centro Fotografia', 'Duomo']",Teatro Romano,strategy_nearest,True,0.002858877182006836,success
0469383A9C4C80,1,"['Castelvecchio', 'Arena']",Museo Lapidario,"['Verona Tour', 'Museo Radio', 'San Fermo', 'Casa Giulietta', 'Tomba Giulietta']",Torre Lamberti,strategy_nearest,False,0.0027718544006347656,success
046937429C4C80,3,"['Arena', 'Casa Giulietta', 'Torre Lamberti']",Teatro Romano,"['Santa Anastasia', 'Duomo', 'AMO', 'Palazzo della Ragione', 'Museo Conte']",Duomo,strategy_nearest,True,0.0023097991943359375,success
0469453A9C4C80,3,"['Duomo', 'Santa Anastasia', 'Torre Lamberti']",Casa Giulietta,"['Centro Fotografia', 'Sighseeing', 'Museo Conte', 'Museo Radio', 'Palazzo della Ragione']",Arena,strategy_nearest,False,0.002897977828979492,success
0469513A9C4C80,3,"['Castelvecchio', 'Arena', 'Casa Giulietta']",Torre Lamberti,"['Sighseeing', 'Centro Fotografia', 'Museo Conte', 'Palazzo della Ragione', 'AMO']",Santa Anastasia,strategy_nearest,False,0.003265857696533203,success
04695F429C4C80,0,['Teatro Romano'],Duomo,"['AMO', 'Museo Miniscalchi', 'Santa Anastasia', 'Palazzo della Ragione', 'Museo Conte']",Arena,strategy_nearest,False,0.0012371540069580078,success
046956429C4C80,1,"['Arena', 'Casa Giulietta', 'Torre Lamberti']",Palazzo della Ragione,"['AMO', 'Museo Conte', 'Centro Fotografia', 'Sighseeing', 'Santa Anastasia']",Santa Anastasia,strategy_nearest,True,0.0024759769439697266,success
046966429C4C80,3,['San Zeno'],Torre Lamberti,"['Sighseeing', 'Centro Fotografia', 'Museo Conte', 'Casa Giulietta', 'Palazzo della Ragione']",Arena,strategy_nearest,False,0.003152132034301758,success
0469713A9C4C80,0,['Arena'],Casa Giulietta,"['Centro Fotografia', 'Sighseeing', 'Torre Lamberti', 'Museo Conte', 'Museo Radio']",Torre Lamberti,strategy_nearest,True,0.0028328895568847656,success
046977429C4C80,2,"['Castelvecchio', 'Torre Lamberti']",Santa Anastasia,"['AMO', 'Museo Conte', 'Palazzo della Ragione', 'Teatro Romano', 'Centro Fotografia']",Casa Giulietta,strategy_nearest,False,0.003610849380493164,success
04698A4A9C4C80,3,"['Arena', 'Castelvecchio']",Museo Lapidario,"['Verona Tour', 'Museo Radio', 'San Fermo', 'Casa Giulietta', 'Tomba Giulietta']",Santa Anastasia,strategy_nearest,False,0.0035490989685058594,success
0469B03A9C4C80,0,"['Arena', 'Duomo']",Torre Lamberti,"['Sighseeing', 'Centro Fotografia', 'Museo Conte', 'Casa Giulietta', 'Palazzo della Ragione']",Casa Giulietta,strategy_nearest,True,0.0028231143951416016,success
0469B5429C4C80,0,"['Arena', 'Teatro Romano']",Torre Lamberti,"['Sighseeing', 'Centro Fotografia', 'Museo Conte', 'Casa Giulietta', 'Palazzo della Ragione']",Castelvecchio,strategy_nearest,False,0.003821849822998047,success
0469C13A9C4C80,3,"['Arena', 'Castelvecchio']",Santa Anastasia,"['AMO', 'Museo Conte', 'Palazzo della Ragione', 'Teatro Romano', 'Centro Fotografia']",Casa Giulietta,strategy_nearest,False,0.0037610530853271484,success
0469BD429C4C80,3,"['Arena', 'Casa Giulietta']",Torre Lamberti,"['Sighseeing', 'Centro Fotografia', 'Museo Conte', 'Palazzo della Ragione', 'AMO']",Santa Anastasia,strategy_nearest,False,0.0033109188079833984,success
0469C83A9C4C80,0,['Arena'],Torre Lamberti,"['Sighseeing', 'Centro Fotografia', 'Museo Conte', 'Casa Giulietta', 'Palazzo della Ragione']",Casa Giulietta,strategy_nearest,True,0.0017740726470947266,success
0469C93A9C4C80,0,"['Arena', 'Casa Giulietta']",Torre Lamberti,"['Sighseeing', 'Centro Fotografia', 'Museo Conte', 'Palazzo della Ragione', 'AMO']",Teatro Romano,strategy_nearest,False,0.003638029098510742,success
0469DD3A9C4C80,3,"['Arena', 'Casa Giulietta']",Santa Anastasia,"['AMO', 'Museo Conte', 'Palazzo della Ragione', 'Teatro Romano', 'Centro Fotografia']",Duomo,strategy_nearest,False,0.0020759105682373047,success
0469E13A9C4C80,0,['Tomba Giulietta'],Arena,"['Verona Tour', 'Museo Lapidario', 'Museo Radio', 'San Fermo', 'Casa Giulietta']",Casa Giulietta,strategy_nearest,True,0.0030128955841064453,success
0469E73A9C4C80,0,"['Arena', 'Casa Giulietta']",Torre Lamberti,"['Sighseeing', 'Centro Fotografia', 'Museo Conte', 'Palazzo della Ragione', 'AMO']",Castelvecchio,strategy_nearest,False,0.0036220550537109375,success
0469D43A9C4C80,1,"['Arena', 'San Zeno', 'Torre Lamberti']",Santa Anastasia,"['AMO', 'Museo Conte', 'Palazzo della Ragione', 'Teatro Romano', 'Centro Fotografia']",Teatro Romano,strategy_nearest,True,0.0032269954681396484,success
0469F5429C4C80,2,"['Torre Lamberti', 'Castelvecchio']",San Zeno,"['Verona Tour', 'Museo Lapidario', 'Arena', 'Museo Miniscalchi', 'Sighseeing']",Teatro Romano,strategy_nearest,False,0.004673957824707031,success
0469EF429C4C80,1,"['Castelvecchio', 'Arena', 'Casa Giulietta']",Palazzo della Ragione,"['AMO', 'Museo Conte', 'Torre Lamberti', 'Centro Fotografia', 'Sighseeing']",Torre Lamberti,strategy_nearest,True,0.003026247024536133,success
046A10429C4C80,0,"['Museo Lapidario', 'Castelvecchio']",Arena,"['Verona Tour', 'Museo Radio', 'San Fermo', 'Casa Giulietta', 'Sighseeing']",Casa Giulietta,strategy_nearest,True,0.00493311882019043,success
046A02429C4C84,3,"['Arena', 'Castelvecchio', 'Duomo']",Santa Anastasia,"['AMO', 'Museo Conte', 'Palazzo della Ragione', 'Teatro Romano', 'Centro Fotografia']",Tomba Giulietta,strategy_nearest,False,0.0036399364471435547,success
046A163A9C4C84,0,"['Museo Lapidario', 'Castelvecchio']",Arena,"['Verona Tour', 'Museo Radio', 'San Fermo', 'Casa Giulietta', 'Sighseeing']",San Fermo,strategy_nearest,True,0.00177001953125,success
046A17429C4C80,3,"['Torre Lamberti', 'Santa Anastasia']",Duomo,"['AMO', 'Museo Miniscalchi', 'Teatro Romano', 'Palazzo della Ragione', 'Museo Conte']",Casa Giulietta,strategy_nearest,False,0.002444028854370117,success
046A193A9C4C80,3,"['Arena', 'Torre Lamberti']",Casa Giulietta,"['Centro Fotografia', 'Sighseeing', 'Museo Conte', 'Museo Radio', 'Palazzo della Ragione']",Santa Anastasia,strategy_nearest,False,0.0036818981170654297,success
046A1C429C4C80,2,['Torre Lamberti'],Casa Giulietta,"['Centro Fotografia', 'Sighseeing', 'Museo Conte', 'Museo Radio', 'Palazzo della Ragione']",Duomo,strategy_nearest,False,0.0029408931732177734,success
046A1E3A9C4C80,0,['Teatro Romano'],Casa Giulietta,"['Centro Fotografia', 'Sighseeing', 'Torre Lamberti', 'Museo Conte', 'Museo Radio']",Arena,strategy_nearest,False,0.002015829086303711,success
046A1D3A9C4C84,3,"['Arena', 'Casa Giulietta']",Santa Anastasia,"['AMO', 'Museo Conte', 'Palazzo della Ragione', 'Teatro Romano', 'Centro Fotografia']",Teatro Romano,strategy_nearest,True,0.002778768539428711,success
046A1F3A9C4C84,3,"['Arena', 'Casa Giulietta']",Torre Lamberti,"['Sighseeing', 'Centro Fotografia', 'Museo Conte', 'Palazzo della Ragione', 'AMO']",Santa Anastasia,strategy_nearest,False,0.0025899410247802734,success
046A204A9C4C80,1,"['Arena', 'Museo Lapidario', 'Tomba Giulietta', 'San Fermo', 'Casa Giulietta']",Santa Anastasia,"['AMO', 'Museo Conte', 'Palazzo della Ragione', 'Teatro Romano', 'Centro Fotografia']",Duomo,strategy_nearest,False,0.0034520626068115234,success
046A213A9C4C80,1,"['Arena', 'Santa Anastasia']",Torre Lamberti,"['Sighseeing', 'Centro Fotografia', 'Museo Conte', 'Casa Giulietta', 'Palazzo della Ragione']",Palazzo della Ragione,strategy_nearest,True,0.0028150081634521484,success
046A21429C4C84,3,"['Arena', 'Museo Lapidario', 'Castelvecchio']",San Zeno,"['Verona Tour', 'Museo Miniscalchi', 'Sighseeing', 'Museo Radio', 'Torre Lamberti']",Casa Giulietta,strategy_nearest,False,0.0015020370483398438,success
046A233A9C4C84,3,"['Arena', 'Casa Giulietta']",Torre Lamberti,"['Sighseeing', 'Centro Fotografia', 'Museo Conte', 'Palazzo della Ragione', 'AMO']",Santa Anastasia,strategy_nearest,False,0.003834962844848633,success
046A264A9C4C80,0,['Arena'],Torre Lamberti,"['Sighseeing', 'Centro Fotografia', 'Museo Conte', 'Casa Giulietta', 'Palazzo della Ragione']",Casa Giulietta,strategy_nearest,True,0.0028181076049804688,success
046A273A9C4C80,1,"['Arena', 'Torre Lamberti', 'Palazzo della Ragione', 'Santa Anastasia']",Teatro Romano,"['Duomo', 'AMO', 'Museo Conte', 'Centro Fotografia', 'Museo Miniscalchi']",Casa Giulietta,strategy_nearest,False,0.003267049789428711,success
046A293A9C4C80,0,"['Arena', 'Casa Giulietta']",Torre Lamberti,"['Sighseeing', 'Centro Fotografia', 'Museo Conte', 'Palazzo della Ragione', 'AMO']",Castelvecchio,strategy_nearest,False,0.00287628173828125,success
046A2A3A9C4C80,0,['Arena'],Casa Giulietta,"['Centro Fotografia', 'Sighseeing', 'Torre Lamberti', 'Museo Conte', 'Museo Radio']",Torre Lamberti,strategy_nearest,True,0.004127979278564453,success
046A2B3A9C4C80,0,['Castelvecchio'],Arena,"['Verona Tour', 'Museo Lapidario', 'Museo Radio', 'San Fermo', 'Casa Giulietta']",Casa Giulietta,strategy_nearest,True,0.0018999576568603516,success
046A2C4A9C4C80,1,"['Arena', 'San Fermo', 'Torre Lamberti', 'Palazzo della Ragione']",Casa Giulietta,"['Centro Fotografia', 'Sighseeing', 'Museo Conte', 'Museo Radio', 'AMO']",Santa Anastasia,strategy_nearest,False,0.003310680389404297,success
046A3D3A9C4C80,3,['Arena'],Casa Giulietta,"['Centro Fotografia', 'Sighseeing', 'Torre Lamberti', 'Museo Conte', 'Museo Radio']",Torre Lamberti,strategy_nearest,True,0.0020101070404052734,success
046A3F429C4C80,0,['Arena'],Casa Giulietta,"['Centro Fotografia', 'Sighseeing', 'Torre Lamberti', 'Museo Conte', 'Museo Radio']",Casa Giulietta,strategy_nearest,False,0.0027310848236083984,success
046A363A9C4C80,2,['Castelvecchio'],Santa Anastasia,"['AMO', 'Museo Conte', 'Palazzo della Ragione', 'Teatro Romano', 'Centro Fotografia']",Duomo,strategy_nearest,False,0.004416942596435547,success
046A453A9C4C80,3,"['Tomba Giulietta', 'Casa Giulietta']",Santa Anastasia,"['AMO', 'Museo Conte', 'Palazzo della Ragione', 'Teatro Romano', 'Centro Fotografia']",Duomo,strategy_nearest,False,0.002988100051879883,success
046A4A3A9C4C80,3,"['Torre Lamberti', 'Arena', 'Casa Giulietta']",Santa Anastasia,"['AMO', 'Museo Conte', 'Palazzo della Ragione', 'Teatro Romano', 'Centro Fotografia']",Duomo,strategy_nearest,False,0.0027217864990234375,success
046A783A9C4C80,1,['Arena'],Casa Giulietta,"['Centro Fotografia', 'Sighseeing', 'Torre Lamberti', 'Museo Conte', 'Museo Radio']",Palazzo della Ragione,strategy_nearest,False,0.0020427703857421875,success
046A66429C4C80,1,['Arena'],Palazzo della Ragione,"['AMO', 'Museo Conte', 'Torre Lamberti', 'Centro Fotografia', 'Sighseeing']",Casa Giulietta,strategy_nearest,False,0.003278970718383789,success
046A7E429C4C80,1,"['Castelvecchio', 'Arena']",Casa Giulietta,"['Centro Fotografia', 'Sighseeing', 'Torre Lamberti', 'Museo Conte', 'Museo Radio']",Torre Lamberti,strategy_nearest,True,0.0012106895446777344,success
046A85429C4C80,0,['Arena'],Casa Giulietta,"['Centro Fotografia', 'Sighseeing', 'Torre Lamberti', 'Museo Conte', 'Museo Radio']",Torre Lamberti,strategy_nearest,True,0.0033288002014160156,success
046A80429C4C80,0,['Castelvecchio'],Torre Lamberti,"['Sighseeing', 'Centro Fotografia', 'Museo Conte', 'Casa Giulietta', 'Palazzo della Ragione']",Casa Giulietta,strategy_nearest,True,0.0023882389068603516,success
046A984A9C4C80,0,"['Teatro Romano', 'Casa Giulietta']",Arena,"['Verona Tour', 'Museo Lapidario', 'Museo Radio', 'San Fermo', 'Sighseeing']",Castelvecchio,strategy_nearest,False,0.0031948089599609375,success
046AAA4A9C4C80,3,"['Arena', 'Santa Anastasia']",Duomo,"['AMO', 'Museo Miniscalchi', 'Teatro Romano', 'Palazzo della Ragione', 'Museo Conte']",Teatro Romano,strategy_nearest,True,0.0035059452056884766,success
046AA14A9C4C80,0,['Arena'],Casa Giulietta,"['Centro Fotografia', 'Sighseeing', 'Torre Lamberti', 'Museo Conte', 'Museo Radio']",Tomba Giulietta,strategy_nearest,False,0.002649068832397461,success
046AAC429C4C80,1,"['Tomba Giulietta', 'Casa Giulietta', 'Arena']",Torre Lamberti,"['Sighseeing', 'Centro Fotografia', 'Museo Conte', 'Palazzo della Ragione', 'AMO']",Palazzo della Ragione,strategy_nearest,True,0.0026192665100097656,success
046AB9429C4C80,0,"['Torre Lamberti', 'Casa Giulietta']",Duomo,"['AMO', 'Museo Miniscalchi', 'Santa Anastasia', 'Teatro Romano', 'Palazzo della Ragione']",Arena,strategy_nearest,False,0.0038552284240722656,success
046ABA429C4C80,0,['Arena'],Tomba Giulietta,"['San Fermo', 'Museo Storia', 'Museo Lapidario', 'Museo Radio', 'Verona Tour']",Museo Storia,strategy_nearest,True,0.002288818359375,success
046ABB3A9C4C80,1,"['Arena', 'Castelvecchio']",Torre Lamberti,"['Sighseeing', 'Centro Fotografia', 'Museo Conte', 'Casa Giulietta', 'Palazzo della Ragione']",Palazzo della Ragione,strategy_nearest,True,0.0015881061553955078,success
046ABF429C4C80,0,"['Arena', 'Castelvecchio']",Torre Lamberti,"['Sighseeing', 'Centro Fotografia', 'Museo Conte', 'Casa Giulietta', 'Palazzo della Ragione']",Casa Giulietta,strategy_nearest,True,0.002838134765625,success
046ACF3A9C4C80,3,"['Santa Anastasia', 'Casa Giulietta']",Torre Lamberti,"['Sighseeing', 'Centro Fotografia', 'Museo Conte', 'Palazzo della Ragione', 'AMO']",San Fermo,strategy_nearest,False,0.003341197967529297,success
046AD83A9C4C80,0,"['Arena', 'Castelvecchio', 'Museo Lapidario']",Torre Lamberti,"['Sighseeing', 'Centro Fotografia', 'Museo Conte', 'Casa Giulietta', 'Palazzo della Ragione']",Casa Giulietta,strategy_nearest,True,0.0021791458129882812,success
046AE73A9C4C80,1,"['Arena', 'Casa Giulietta']",Palazzo della Ragione,"['AMO', 'Museo Conte', 'Torre Lamberti', 'Centro Fotografia', 'Sighseeing']",Torre Lamberti,strategy_nearest,True,0.0029489994049072266,success
046AE9429C4C80,3,"['Arena', 'Torre Lamberti', 'Santa Anastasia']",Duomo,"['AMO', 'Museo Miniscalchi', 'Teatro Romano', 'Palazzo della Ragione', 'Museo Conte']",San Fermo,strategy_nearest,False,0.0014841556549072266,success
046AF93A9C4C80,0,"['Arena', 'Museo Lapidario']",Castelvecchio,"['Verona Tour', 'Museo Radio', 'San Zeno', 'Sighseeing', 'Museo Miniscalchi']",Casa Giulietta,strategy_nearest,False,0.003398895263671875,success
046B11429C4C80,3,"['Casa Giulietta', 'Tomba Giulietta']",Santa Anastasia,"['AMO', 'Museo Conte', 'Palazzo della Ragione', 'Teatro Romano', 'Centro Fotografia']",Duomo,strategy_nearest,False,0.003053903579711914,success
046AFD429C4C80,1,"['Arena', 'Torre Lamberti', 'Palazzo della Ragione']",Casa Giulietta,"['Centro Fotografia', 'Sighseeing', 'Museo Conte', 'Museo Radio', 'San Fermo']",Santa Anastasia,strategy_nearest,False,0.0024590492248535156,success
046B063A9C4C84,3,"['Casa Giulietta', 'Torre Lamberti', 'Santa Anastasia']",Duomo,"['AMO', 'Museo Miniscalchi', 'Teatro Romano', 'Palazzo della Ragione', 'Museo Conte']",Teatro Romano,strategy_nearest,True,0.0032241344451904297,success
046B17429C4C80,0,['Arena'],Casa Giulietta,"['Centro Fotografia', 'Sighseeing', 'Torre Lamberti', 'Museo Conte', 'Museo Radio']",Torre Lamberti,strategy_nearest,True,0.0035429000854492188,success
046B183A9C4C80,3,['Torre Lamberti'],Arena,"['Verona Tour', 'Museo Lapidario', 'Museo Radio', 'San Fermo', 'Casa Giulietta']",Casa Giulietta,strategy_nearest,True,0.001458883285522461,success
046B183A9C4C84,1,"['Arena', 'Palazzo della Ragione']",Casa Giulietta,"['Centro Fotografia', 'Sighseeing', 'Torre Lamberti', 'Museo Conte', 'Museo Radio']",Santa Anastasia,strategy_nearest,False,0.0034830570220947266,success
046B1B3A9C4C84,0,"['Arena', 'Casa Giulietta']",Castelvecchio,"['Museo Lapidario', 'Verona Tour', 'Museo Radio', 'San Zeno', 'Sighseeing']",Torre Lamberti,strategy_nearest,False,0.0022649765014648438,success
046B20429C4C84,0,"['Arena', 'Museo Lapidario', 'Castelvecchio']",San Zeno,"['Verona Tour', 'Museo Miniscalchi', 'Sighseeing', 'Museo Radio', 'Torre Lamberti']",Casa Giulietta,strategy_nearest,False,0.003484964370727539,success
046B213A9C4C84,1,"['Arena', 'Castelvecchio']",Giardino Giusti,"['Santa Anastasia', 'Teatro Romano', 'Museo Conte', 'Centro Fotografia', 'Museo Storia']",Duomo,strategy_nearest,False,0.001425027847290039,success
046B273A9C4C80,0,"['Arena', 'Castelvecchio']",Casa Giulietta,"['Centro Fotografia', 'Sighseeing', 'Torre Lamberti', 'Museo Conte', 'Museo Radio']",Torre Lamberti,strategy_nearest,True,0.0021550655364990234,success
046B293A9C4C80,3,['Arena'],Casa Giulietta,"['Centro Fotografia', 'Sighseeing', 'Torre Lamberti', 'Museo Conte', 'Museo Radio']",Torre Lamberti,strategy_nearest,True,0.002876758575439453,success
046B2B3A9C4C80,3,"['Arena', 'Casa Giulietta']",Torre Lamberti,"['Sighseeing', 'Centro Fotografia', 'Museo Conte', 'Palazzo della Ragione', 'AMO']",Santa Anastasia,strategy_nearest,False,0.003039836883544922,success
046B2C4A9C4C80,1,"['Arena', 'Torre Lamberti', 'Palazzo della Ragione']",Casa Giulietta,"['Centro Fotografia', 'Sighseeing', 'Museo Conte', 'Museo Radio', 'San Fermo']",Santa Anastasia,strategy_nearest,False,0.002221822738647461,success
046B453A9C4C80,3,"['Torre Lamberti', 'Casa Giulietta', 'San Fermo']",Arena,"['Verona Tour', 'Museo Lapidario', 'Museo Radio', 'Sighseeing', 'Castelvecchio']",San Zeno,strategy_nearest,False,0.0029129981994628906,success
046B4A429C4C80,3,['Arena'],Castelvecchio,"['Museo Lapidario', 'Verona Tour', 'Museo Radio', 'San Zeno', 'Sighseeing']",San Zeno,strategy_nearest,True,0.0019681453704833984,success
046B34429C4C80,0,['Casa Giulietta'],Castelvecchio,"['Museo Lapidario', 'Verona Tour', 'Arena', 'Museo Radio', 'San Zeno']",Arena,strategy_nearest,True,0.004229068756103516,success
046B4E429C4C80,3,"['Arena', 'Santa Anastasia']",Duomo,"['AMO', 'Museo Miniscalchi', 'Teatro Romano', 'Palazzo della Ragione', 'Museo Conte']",Torre Lamberti,strategy_nearest,False,0.0030536651611328125,success
046B56429C4C80,3,"['Arena', 'Torre Lamberti', 'Santa Anastasia', 'Teatro Romano']",Duomo,"['AMO', 'Museo Miniscalchi', 'Palazzo della Ragione', 'Museo Conte', 'Centro Fotografia']",Casa Giulietta,strategy_nearest,False,0.002666950225830078,success
046B61429C4C80,0,"['Arena', 'Casa Giulietta']",Teatro Romano,"['Santa Anastasia', 'Duomo', 'AMO', 'Palazzo della Ragione', 'Museo Conte']",Torre Lamberti,strategy_nearest,False,0.003262042999267578,success
046B58429C4C80,3,"['Arena', 'Casa Giulietta', 'San Fermo']",Torre Lamberti,"['Sighseeing', 'Centro Fotografia', 'Museo Conte', 'Palazzo della Ragione', 'AMO']",Santa Anastasia,strategy_nearest,False,0.0027909278869628906,success
046B5A429C4C80,3,"['Arena', 'San Zeno', 'Torre Lamberti']",Santa Anastasia,"['AMO', 'Museo Conte', 'Palazzo della Ragione', 'Teatro Romano', 'Centro Fotografia']",Duomo,strategy_nearest,False,0.0035126209259033203,success
046B62429C4C80,3,"['Casa Giulietta', 'Torre Lamberti', 'Santa Anastasia']",Duomo,"['AMO', 'Museo Miniscalchi', 'Teatro Romano', 'Palazzo della Ragione', 'Museo Conte']",Teatro Romano,strategy_nearest,True,0.002954244613647461,success
046B67429C4C80,3,"['Teatro Romano', 'Torre Lamberti']",Casa Giulietta,"['Centro Fotografia', 'Sighseeing', 'Museo Conte', 'Museo Radio', 'Palazzo della Ragione']",Arena,strategy_nearest,False,0.0036830902099609375,success
046B75429C4C80,3,"['Duomo', 'Santa Anastasia']",Casa Giulietta,"['Centro Fotografia', 'Sighseeing', 'Torre Lamberti', 'Museo Conte', 'Museo Radio']",Arena,strategy_nearest,False,0.003782033920288086,success
046B6B429C4C80,3,"['Arena', 'Torre Lamberti']",Santa Anastasia,"['AMO', 'Museo Conte', 'Palazzo della Ragione', 'Teatro Romano', 'Centro Fotografia']",Duomo,strategy_nearest,False,0.002919912338256836,success
046B76429C4C80,1,"['Teatro Romano', 'Duomo']",Palazzo della Ragione,"['AMO', 'Museo Conte', 'Torre Lamberti', 'Centro Fotografia', 'Sighseeing']",Casa Giulietta,strategy_nearest,False,0.003799915313720703,success
046B7F429C4C80,1,"['Arena', 'Casa Giulietta']",Torre Lamberti,"['Sighseeing', 'Centro Fotografia', 'Museo Conte', 'Palazzo della Ragione', 'AMO']",Palazzo della Ragione,strategy_nearest,True,0.0026869773864746094,success
046B88429C4C80,1,['Arena'],Castelvecchio,"['Museo Lapidario', 'Verona Tour', 'Museo Radio', 'San Zeno', 'Sighseeing']",Torre Lamberti,strategy_nearest,False,0.003268003463745117,success
046B7B429C4C80,3,"['Arena', 'Casa Giulietta']",Torre Lamberti,"['Sighseeing', 'Centro Fotografia', 'Museo Conte', 'Palazzo della Ragione', 'AMO']",Teatro Romano,strategy_nearest,False,0.002079010009765625,success
046B8A3A9C4C80,3,"['Arena', 'Casa Giulietta']",Santa Anastasia,"['AMO', 'Museo Conte', 'Palazzo della Ragione', 'Teatro Romano', 'Centro Fotografia']",Duomo,strategy_nearest,False,0.0025169849395751953,success
046BA8429C4C80,2,['Castelvecchio'],Santa Anastasia,"['AMO', 'Museo Conte', 'Palazzo della Ragione', 'Teatro Romano', 'Centro Fotografia']",Duomo,strategy_nearest,False,0.0019459724426269531,success
046BAA429C4C80,2,['Castelvecchio'],Duomo,"['AMO', 'Museo Miniscalchi', 'Santa Anastasia', 'Teatro Romano', 'Palazzo della Ragione']",Santa Anastasia,strategy_nearest,True,0.003209829330444336,success
046BA7429C4C80,2,['Casa Giulietta'],Castelvecchio,"['Museo Lapidario', 'Verona Tour', 'Arena', 'Museo Radio', 'San Zeno']",Santa Anastasia,strategy_nearest,False,0.002681255340576172,success
046BB33A9C4C80,0,['Arena'],Casa Giulietta,"['Centro Fotografia', 'Sighseeing', 'Torre Lamberti', 'Museo Conte', 'Museo Radio']",Torre Lamberti,strategy_nearest,True,0.0026340484619140625,success
046BAD3A9C4C80,2,['Torre Lamberti'],Duomo,"['AMO', 'Museo Miniscalchi', 'Santa Anastasia', 'Teatro Romano', 'Palazzo della Ragione']",Santa Anastasia,strategy_nearest,True,0.003133058547973633,success
046BB3429C4C80,0,"['Arena', 'Casa Giulietta']",Torre Lamberti,"['Sighseeing', 'Centro Fotografia', 'Museo Conte', 'Palazzo della Ragione', 'AMO']",Teatro Romano,strategy_nearest,False,0.0027892589569091797,success
046BC2429C4C80,3,"['Casa Giulietta', 'Torre Lamberti', 'Santa Anastasia']",Duomo,"['AMO', 'Museo Miniscalchi', 'Teatro Romano', 'Palazzo della Ragione', 'Museo Conte']",Arena,strategy_nearest,False,0.002640247344970703,success
046BB4429C4C80,0,['Arena'],Castelvecchio,"['Museo Lapidario', 'Verona Tour', 'Museo Radio', 'San Zeno', 'Sighseeing']",Duomo,strategy_nearest,False,0.003428220748901367,success
046BC33A9C4C80,3,"['Santa Anastasia', 'Duomo', 'Casa Giulietta']",San Fermo,"['Museo Storia', 'Museo Radio', 'Centro Fotografia', 'Arena', 'Sighseeing']",Arena,strategy_nearest,True,0.0027990341186523438,success
046BC3429C4C80,0,['Castelvecchio'],Arena,"['Verona Tour', 'Museo Lapidario', 'Museo Radio', 'San Fermo', 'Casa Giulietta']",Santa Anastasia,strategy_nearest,False,0.0029997825622558594,success
046BC93A9C4C80,1,"['Arena', 'Casa Giulietta']",Santa Anastasia,"['AMO', 'Museo Conte', 'Palazzo della Ragione', 'Teatro Romano', 'Centro Fotografia']",Duomo,strategy_nearest,False,0.0022509098052978516,success
046BCF429C4C80,1,"['Arena', 'Palazzo della Ragione', 'Casa Giulietta']",Castelvecchio,"['Museo Lapidario', 'Verona Tour', 'Museo Radio', 'San Zeno', 'Sighseeing']",Santa Anastasia,strategy_nearest,False,0.0029478073120117188,success
046BE03A9C4C80,3,['Arena'],Casa Giulietta,"['Centro Fotografia', 'Sighseeing', 'Torre Lamberti', 'Museo Conte', 'Museo Radio']",Torre Lamberti,strategy_nearest,True,0.0021009445190429688,success
046BD83A9C4C80,0,"['Arena', 'Museo Lapidario']",Castelvecchio,"['Verona Tour', 'Museo Radio', 'San Zeno', 'Sighseeing', 'Museo Miniscalchi']",Casa Giulietta,strategy_nearest,False,0.003814220428466797,success
046BE33A9C4C80,3,"['Arena', 'Museo Lapidario', 'Castelvecchio']",Torre Lamberti,"['Sighseeing', 'Centro Fotografia', 'Museo Conte', 'Casa Giulietta', 'Palazzo della Ragione']",Casa Giulietta,strategy_nearest,True,0.0025353431701660156,success
046BF73A9C4C80,1,"['Arena', 'Casa Giulietta']",Palazzo della Ragione,"['AMO', 'Museo Conte', 'Torre Lamberti', 'Centro Fotografia', 'Sighseeing']",Torre Lamberti,strategy_nearest,True,0.0023679733276367188,success
046BE23A9C4C80,3,"['Arena', 'Casa Giulietta', 'Torre Lamberti']",Santa Anastasia,"['AMO', 'Museo Conte', 'Palazzo della Ragione', 'Teatro Romano', 'Centro Fotografia']",Duomo,strategy_nearest,False,0.003039836883544922,success
046C03429C4C84,0,"['Arena', 'Casa Giulietta']",Teatro Romano,"['Santa Anastasia', 'Duomo', 'AMO', 'Palazzo della Ragione', 'Museo Conte']",Duomo,strategy_nearest,True,0.003111124038696289,success
046C05429C4C84,3,"['Arena', 'Museo Lapidario', 'San Fermo', 'Torre Lamberti']",Santa Anastasia,"['AMO', 'Museo Conte', 'Palazzo della Ragione', 'Teatro Romano', 'Centro Fotografia']",Duomo,strategy_nearest,False,0.001867055892944336,success
046C0A3A9C4C84,1,"['San Zeno', 'Arena']",Castelvecchio,"['Museo Lapidario', 'Verona Tour', 'Museo Radio', 'Sighseeing', 'Museo Miniscalchi']",Teatro Romano,strategy_nearest,False,0.0025200843811035156,success
046C123A9C4C84,0,"['Arena', 'Casa Giulietta']",Torre Lamberti,"['Sighseeing', 'Centro Fotografia', 'Museo Conte', 'Palazzo della Ragione', 'AMO']",Castelvecchio,strategy_nearest,False,0.002399921417236328,success
046C10429C4C80,0,['Arena'],Casa Giulietta,"['Centro Fotografia', 'Sighseeing', 'Torre Lamberti', 'Museo Conte', 'Museo Radio']",Giardino Giusti,strategy_nearest,False,0.0033969879150390625,success
046C143A9C4C84,2,"['Museo Lapidario', 'San Fermo', 'Casa Giulietta']",Torre Lamberti,"['Sighseeing', 'Centro Fotografia', 'Museo Conte', 'Palazzo della Ragione', 'AMO']",Palazzo della Ragione,strategy_nearest,True,0.0029871463775634766,success
046C1C3A9C4C84,1,"['Museo Lapidario', 'Castelvecchio', 'Duomo', 'Teatro Romano']",Santa Anastasia,"['AMO', 'Museo Conte', 'Palazzo della Ragione', 'Centro Fotografia', 'Torre Lamberti']",Torre Lamberti,strategy_nearest,True,0.0033540725708007812,success
046C153A9C4C84,3,"['Casa Giulietta', 'Torre Lamberti']",San Zeno,"['Castelvecchio', 'Verona Tour', 'Museo Lapidario', 'Arena', 'Museo Miniscalchi']",Arena,strategy_nearest,True,0.0035037994384765625,success
046C344A9C4C80,3,['Arena'],Santa Anastasia,"['AMO', 'Museo Conte', 'Palazzo della Ragione', 'Teatro Romano', 'Centro Fotografia']",Torre Lamberti,strategy_nearest,False,0.002228975296020508,success
046C253A9C4C80,1,"['Palazzo della Ragione', 'Casa Giulietta', 'Arena', 'Tomba Giulietta']",Castelvecchio,"['Museo Lapidario', 'Verona Tour', 'Museo Radio', 'San Zeno', 'Sighseeing']",Torre Lamberti,strategy_nearest,False,0.0026388168334960938,success
046C333A9C4C80,1,"['Casa Giulietta', 'Torre Lamberti']",Palazzo della Ragione,"['AMO', 'Museo Conte', 'Centro Fotografia', 'Sighseeing', 'Santa Anastasia']",Arena,strategy_nearest,False,0.0029592514038085938,success
046C473A9C4C80,2,['Casa Giulietta'],Santa Anastasia,"['AMO', 'Museo Conte', 'Palazzo della Ragione', 'Teatro Romano', 'Centro Fotografia']",Duomo,strategy_nearest,False,0.004285335540771484,success
046C50429C4C80,3,"['Arena', 'Casa Giulietta']",Torre Lamberti,"['Sighseeing', 'Centro Fotografia', 'Museo Conte', 'Palazzo della Ragione', 'AMO']",Duomo,strategy_nearest,False,0.003445863723754883,success
046C68429C4C80,1,"['Arena', 'Palazzo della Ragione']",Torre Lamberti,"['Sighseeing', 'Centro Fotografia', 'Museo Conte', 'Casa Giulietta', 'AMO']",Castelvecchio,strategy_nearest,False,0.002844095230102539,success
046C51429C4C80,0,['Arena'],Casa Giulietta,"['Centro Fotografia', 'Sighseeing', 'Torre Lamberti', 'Museo Conte', 'Museo Radio']",Castelvecchio,strategy_nearest,False,0.004119157791137695,success
046C6B429C4C80,1,"['Arena', 'Torre Lamberti']",Palazzo della Ragione,"['AMO', 'Museo Conte', 'Centro Fotografia', 'Sighseeing', 'Santa Anastasia']",Santa Anastasia,strategy_nearest,True,0.002989053726196289,success
046C77429C4C80,3,['Castelvecchio'],Arena,"['Verona Tour', 'Museo Lapidario', 'Museo Radio', 'San Fermo', 'Casa Giulietta']",Torre Lamberti,strategy_nearest,False,0.002768993377685547,success
046C713A9C4C80,0,['Casa Giulietta'],Arena,"['Verona Tour', 'Museo Lapidario', 'Museo Radio', 'San Fermo', 'Sighseeing']",Tomba Giulietta,strategy_nearest,False,0.002821207046508789,success
046C7F429C4C80,2,"['Casa Giulietta', 'Torre Lamberti']",Santa Anastasia,"['AMO', 'Museo Conte', 'Palazzo della Ragione', 'Teatro Romano', 'Centro Fotografia']",Teatro Romano,strategy_nearest,True,0.0031998157501220703,success
046C743A9C4C80,3,"['Castelvecchio', 'Torre Lamberti']",Casa Giulietta,"['Centro Fotografia', 'Sighseeing', 'Museo Conte', 'Museo Radio', 'Palazzo della Ragione']",Santa Anastasia,strategy_nearest,False,0.002076864242553711,success
046C9B4A9C4C80,1,"['Torre Lamberti', 'Palazzo della Ragione']",Giardino Giusti,"['Santa Anastasia', 'Teatro Romano', 'Museo Conte', 'Centro Fotografia', 'Museo Storia']",Teatro Romano,strategy_nearest,True,0.002094745635986328,success
046C8D4A9C4C80,3,"['Arena', 'Casa Giulietta']",Torre Lamberti,"['Sighseeing', 'Centro Fotografia', 'Museo Conte', 'Palazzo della Ragione', 'AMO']",Santa Anastasia,strategy_nearest,False,0.0035190582275390625,success
046CA472743380,2,['San Zeno'],Torre Lamberti,"['Sighseeing', 'Centro Fotografia', 'Museo Conte', 'Casa Giulietta', 'Palazzo della Ragione']",San Fermo,strategy_nearest,False,0.003431081771850586,success
046CA74A9C4C80,1,['Torre Lamberti'],Palazzo della Ragione,"['AMO', 'Museo Conte', 'Centro Fotografia', 'Sighseeing', 'Santa Anastasia']",Casa Giulietta,strategy_nearest,False,0.0020542144775390625,success
046CA84A9C4C80,0,['Arena'],Casa Giulietta,"['Centro Fotografia', 'Sighseeing', 'Torre Lamberti', 'Museo Conte', 'Museo Radio']",Tomba Giulietta,strategy_nearest,False,0.002580881118774414,success
046CA93A9C4C80,0,['Castelvecchio'],Arena,"['Verona Tour', 'Museo Lapidario', 'Museo Radio', 'San Fermo', 'Casa Giulietta']",Casa Giulietta,strategy_nearest,True,0.0024557113647460938,success
046CB4429C4C80,1,"['Arena', 'Castelvecchio']",San Zeno,"['Verona Tour', 'Museo Lapidario', 'Museo Miniscalchi', 'Sighseeing', 'Museo Radio']",Palazzo della Ragione,strategy_nearest,False,0.0028951168060302734,success
046CB0429C4C80,0,"['Arena', 'Casa Giulietta']",Torre Lamberti,"['Sighseeing', 'Centro Fotografia', 'Museo Conte', 'Palazzo della Ragione', 'AMO']",Teatro Romano,strategy_nearest,False,0.003941774368286133,success
046CC33A9C4C80,0,['Arena'],Santa Anastasia,"['AMO', 'Museo Conte', 'Palazzo della Ragione', 'Teatro Romano', 'Centro Fotografia']",Castelvecchio,strategy_nearest,False,0.0021681785583496094,success
046CC63A9C4C80,3,"['Tomba Giulietta', 'Museo Lapidario', 'Arena']",Casa Giulietta,"['Centro Fotografia', 'Sighseeing', 'Torre Lamberti', 'Museo Conte', 'Museo Radio']",Torre Lamberti,strategy_nearest,True,0.002853870391845703,success
046CBB429C4C80,0,['Castelvecchio'],Arena,"['Verona Tour', 'Museo Lapidario', 'Museo Radio', 'San Fermo', 'Casa Giulietta']",Casa Giulietta,strategy_nearest,True,0.0015339851379394531,success
046CC6429C4C80,0,"['Arena', 'Casa Giulietta']",Castelvecchio,"['Museo Lapidario', 'Verona Tour', 'Museo Radio', 'San Zeno', 'Sighseeing']",Tomba Giulietta,strategy_nearest,False,0.004237174987792969,success
046CC83A9C4C80,3,"['San Zeno', 'Torre Lamberti']",Duomo,"['AMO', 'Museo Miniscalchi', 'Santa Anastasia', 'Teatro Romano', 'Palazzo della Ragione']",Castelvecchio,strategy_nearest,False,0.0018019676208496094,success
046CD0429C4C80,2,"['Palazzo della Ragione', 'Torre Lamberti']",Teatro Romano,"['Santa Anastasia', 'Duomo', 'AMO', 'Museo Conte', 'Centro Fotografia']",Giardino Giusti,strategy_nearest,False,0.0028188228607177734,success
046CDC3A9C4C80,1,"['Arena', 'Casa Giulietta', 'Torre Lamberti', 'Palazzo della Ragione', 'Teatro Romano']",Giardino Giusti,"['Santa Anastasia', 'Museo Conte', 'Centro Fotografia', 'Museo Storia', 'AMO']",Castelvecchio,strategy_nearest,False,0.003228902816772461,success
046CE73A9C4C80,3,['Arena'],Casa Giulietta,"['Centro Fotografia', 'Sighseeing', 'Torre Lamberti', 'Museo Conte', 'Museo Radio']",Torre Lamberti,strategy_nearest,True,0.0019562244415283203,success
046CE23A9C4C80,1,['Castelvecchio'],Teatro Romano,"['Santa Anastasia', 'Duomo', 'AMO', 'Palazzo della Ragione', 'Museo Conte']",Arena,strategy_nearest,False,0.003971099853515625,success
046CF93A9C4C80,1,"['Arena', 'Casa Giulietta', 'Torre Lamberti']",Palazzo della Ragione,"['AMO', 'Museo Conte', 'Centro Fotografia', 'Sighseeing', 'Santa Anastasia']",Castelvecchio,strategy_nearest,False,0.0019960403442382812,success
046D143A9C4C84,0,['Arena'],Casa Giulietta,"['Centro Fotografia', 'Sighseeing', 'Torre Lamberti', 'Museo Conte', 'Museo Radio']",Santa Anastasia,strategy_nearest,False,0.003231048583984375,success
046D14429C4C80,0,['Arena'],Casa Giulietta,"['Centro Fotografia', 'Sighseeing', 'Torre Lamberti', 'Museo Conte', 'Museo Radio']",San Zeno,strategy_nearest,False,0.0030410289764404297,success
046D16429C4C84,1,"['Arena', 'Teatro Romano', 'Palazzo della Ragione', 'Santa Anastasia']",San Zeno,"['Castelvecchio', 'Verona Tour', 'Museo Lapidario', 'Museo Miniscalchi', 'Sighseeing']",Museo Lapidario,strategy_nearest,True,0.003654956817626953,success
046D183A9C4C84,2,"['Museo Lapidario', 'San Fermo', 'Casa Giulietta']",Torre Lamberti,"['Sighseeing', 'Centro Fotografia', 'Museo Conte', 'Palazzo della Ragione', 'AMO']",Palazzo della Ragione,strategy_nearest,True,0.002595186233520508,success
046D19429C4C80,0,['Torre Lamberti'],Casa Giulietta,"['Centro Fotografia', 'Sighseeing', 'Museo Conte', 'Museo Radio', 'Palazzo della Ragione']",Arena,strategy_nearest,False,0.0031909942626953125,success
046D253A9C4C84,0,['Arena'],Torre Lamberti,"['Sighseeing', 'Centro Fotografia', 'Museo Conte', 'Casa Giulietta', 'Palazzo della Ragione']",Arena,strategy_nearest,False,0.004019021987915039,success
046D234A9C4C80,0,['Arena'],Casa Giulietta,"['Centro Fotografia', 'Sighseeing', 'Torre Lamberti', 'Museo Conte', 'Museo Radio']",Tomba Giulietta,strategy_nearest,False,0.0017499923706054688,success
046D1F3A9C4C84,0,['Arena'],Castelvecchio,"['Museo Lapidario', 'Verona Tour', 'Museo Radio', 'San Zeno', 'Sighseeing']",Duomo,strategy_nearest,False,0.002633810043334961,success
046D233A9C4C84,1,"['Casa Giulietta', 'Torre Lamberti']",Palazzo della Ragione,"['AMO', 'Museo Conte', 'Centro Fotografia', 'Sighseeing', 'Santa Anastasia']",Tomba Giulietta,strategy_nearest,False,0.003269195556640625,success
046D3C3A9C4C80,3,['Santa Anastasia'],Duomo,"['AMO', 'Museo Miniscalchi', 'Teatro Romano', 'Palazzo della Ragione', 'Museo Conte']",Arena,strategy_nearest,False,0.0014531612396240234,success
046D403A9C4C80,0,['Arena'],Casa Giulietta,"['Centro Fotografia', 'Sighseeing', 'Torre Lamberti', 'Museo Conte', 'Museo Radio']",Torre Lamberti,strategy_nearest,True,0.002804994583129883,success
046D26429C4C84,3,"['Arena', 'Casa Giulietta', 'Santa Anastasia']",Castelvecchio,"['Museo Lapidario', 'Verona Tour', 'Museo Radio', 'San Zeno', 'Sighseeing']",San Zeno,strategy_nearest,True,0.002312183380126953,success
046D3E429C4C80,1,"['Arena', 'Casa Giulietta']",Torre Lamberti,"['Sighseeing', 'Centro Fotografia', 'Museo Conte', 'Palazzo della Ragione', 'AMO']",Palazzo della Ragione,strategy_nearest,True,0.0028848648071289062,success
046D503A9C4C80,3,"['Arena', 'Santa Anastasia', 'Duomo']",Torre Lamberti,"['Sighseeing', 'Centro Fotografia', 'Museo Conte', 'Casa Giulietta', 'Palazzo della Ragione']",San Fermo,strategy_nearest,False,0.002123117446899414,success
046D51429C4C80,3,['Arena'],Casa Giulietta,"['Centro Fotografia', 'Sighseeing', 'Torre Lamberti', 'Museo Conte', 'Museo Radio']",Torre Lamberti,strategy_nearest,True,0.0028162002563476562,success
046D52429C4C80,3,"['Castelvecchio', 'Arena']",Casa Giulietta,"['Centro Fotografia', 'Sighseeing', 'Torre Lamberti', 'Museo Conte', 'Museo Radio']",Torre Lamberti,strategy_nearest,True,0.0021550655364990234,success
046D5C429C4C80,1,"['Arena', 'Casa Giulietta']",Torre Lamberti,"['Sighseeing', 'Centro Fotografia', 'Museo Conte', 'Palazzo della Ragione', 'AMO']",Palazzo della Ragione,strategy_nearest,True,0.003434896469116211,success
046D6B429C4C80,2,['San Zeno'],Torre Lamberti,"['Sighseeing', 'Centro Fotografia', 'Museo Conte', 'Casa Giulietta', 'Palazzo della Ragione']",Casa Giulietta,strategy_nearest,True,0.00213623046875,success
046D6C429C4C80,1,"['Arena', 'Casa Giulietta']",Santa Anastasia,"['AMO', 'Museo Conte', 'Palazzo della Ragione', 'Teatro Romano', 'Centro Fotografia']",Duomo,strategy_nearest,False,0.0027818679809570312,success
046D75429C4C80,0,['Arena'],Castelvecchio,"['Museo Lapidario', 'Verona Tour', 'Museo Radio', 'San Zeno', 'Sighseeing']",Duomo,strategy_nearest,False,0.0032668113708496094,success
046D78429C4C80,3,"['Arena', 'Casa Giulietta']",Santa Anastasia,"['AMO', 'Museo Conte', 'Palazzo della Ragione', 'Teatro Romano', 'Centro Fotografia']",Duomo,strategy_nearest,False,0.00344085693359375,success
046D7B3A9C4C80,1,"['Arena', 'Casa Giulietta', 'Torre Lamberti']",Palazzo della Ragione,"['AMO', 'Museo Conte', 'Centro Fotografia', 'Sighseeing', 'Santa Anastasia']",Santa Anastasia,strategy_nearest,True,0.003537893295288086,success
046D803A9C4C80,0,['Arena'],Casa Giulietta,"['Centro Fotografia', 'Sighseeing', 'Torre Lamberti', 'Museo Conte', 'Museo Radio']",Torre Lamberti,strategy_nearest,True,0.002966165542602539,success
046D863A9C4C80,1,"['Arena', 'Torre Lamberti']",Palazzo della Ragione,"['AMO', 'Museo Conte', 'Centro Fotografia', 'Sighseeing', 'Santa Anastasia']",Casa Giulietta,strategy_nearest,False,0.0033903121948242188,success
046DA34A9C4C80,1,"['Castelvecchio', 'Arena']",Teatro Romano,"['Santa Anastasia', 'Duomo', 'AMO', 'Palazzo della Ragione', 'Museo Conte']",Santa Anastasia,strategy_nearest,True,0.005113840103149414,success
046DAA3A9C4C80,1,"['Arena', 'Casa Giulietta']",Palazzo della Ragione,"['AMO', 'Museo Conte', 'Torre Lamberti', 'Centro Fotografia', 'Sighseeing']",Torre Lamberti,strategy_nearest,True,0.0012869834899902344,success
046DAC3A9C4C80,0,"['San Fermo', 'Torre Lamberti']",Teatro Romano,"['Santa Anastasia', 'Duomo', 'AMO', 'Palazzo della Ragione', 'Museo Conte']",Arena,strategy_nearest,False,0.0009691715240478516,success
046DAE429C4C80,2,"['Tomba Giulietta', 'San Fermo']",Casa Giulietta,"['Centro Fotografia', 'Sighseeing', 'Torre Lamberti', 'Museo Conte', 'Museo Radio']",Teatro Romano,strategy_nearest,False,0.0029408931732177734,success
046D88429C4C80,3,"['Arena', 'Torre Lamberti']",Casa Giulietta,"['Centro Fotografia', 'Sighseeing', 'Museo Conte', 'Museo Radio', 'Palazzo della Ragione']",Santa Anastasia,strategy_nearest,False,0.0017042160034179688,success
046DBB429C4C80,0,['Arena'],Casa Giulietta,"['Centro Fotografia', 'Sighseeing', 'Torre Lamberti', 'Museo Conte', 'Museo Radio']",Castelvecchio,strategy_nearest,False,0.013384819030761719,success
046DA9429C4C80,0,"['Arena', 'Casa Giulietta']",Torre Lamberti,"['Sighseeing', 'Centro Fotografia', 'Museo Conte', 'Palazzo della Ragione', 'AMO']",Teatro Romano,strategy_nearest,False,0.02494525909423828,success
046D8B429C4C80,0,['Arena'],Duomo,"['AMO', 'Museo Miniscalchi', 'Santa Anastasia', 'Teatro Romano', 'Palazzo della Ragione']",Casa Giulietta,strategy_nearest,False,0.026198148727416992,success
046DCE3A9C4C80,3,"['Arena', 'Casa Giulietta']",San Fermo,"['Museo Storia', 'Museo Radio', 'Centro Fotografia', 'Sighseeing', 'Torre Lamberti']",Santa Anastasia,strategy_nearest,False,0.004214048385620117,success
046DC3429C4C80,1,['Arena'],Torre Lamberti,"['Sighseeing', 'Centro Fotografia', 'Museo Conte', 'Casa Giulietta', 'Palazzo della Ragione']",Palazzo della Ragione,strategy_nearest,True,0.007294893264770508,success
046DC6429C4C80,0,"['Arena', 'Casa Giulietta']",Torre Lamberti,"['Sighseeing', 'Centro Fotografia', 'Museo Conte', 'Palazzo della Ragione', 'AMO']",Duomo,strategy_nearest,False,0.003972053527832031,success
046DC43A9C4C80,0,['Castelvecchio'],Arena,"['Verona Tour', 'Museo Lapidario', 'Museo Radio', 'San Fermo', 'Casa Giulietta']",Teatro Romano,strategy_nearest,False,0.005299806594848633,success
046DDD3A9C4C80,1,"['Arena', 'Casa Giulietta']",Torre Lamberti,"['Sighseeing', 'Centro Fotografia', 'Museo Conte', 'Palazzo della Ragione', 'AMO']",Palazzo della Ragione,strategy_nearest,True,0.002965211868286133,success
046DDB3A9C4C80,3,['Arena'],Casa Giulietta,"['Centro Fotografia', 'Sighseeing', 'Torre Lamberti', 'Museo Conte', 'Museo Radio']",Santa Anastasia,strategy_nearest,False,0.0015437602996826172,success
046DD0429C4C80,4,"['Teatro Romano', 'Duomo', 'Santa Anastasia', 'Castelvecchio', 'Torre Lamberti']",Palazzo della Ragione,"['AMO', 'Museo Conte', 'Centro Fotografia', 'Sighseeing', 'Museo Miniscalchi']",Arena,strategy_nearest,False,0.0023779869079589844,success
046DE13A9C4C80,3,"['Arena', 'Castelvecchio']",Santa Anastasia,"['AMO', 'Museo Conte', 'Palazzo della Ragione', 'Teatro Romano', 'Centro Fotografia']",Duomo,strategy_nearest,False,0.003551959991455078,success
046DE73A9C4C80,0,['Arena'],Tomba Giulietta,"['San Fermo', 'Museo Storia', 'Museo Lapidario', 'Museo Radio', 'Verona Tour']",Casa Giulietta,strategy_nearest,False,0.0032041072845458984,success
046DE43A9C4C80,2,['Castelvecchio'],San Fermo,"['Museo Storia', 'Museo Radio', 'Casa Giulietta', 'Centro Fotografia', 'Arena']",Casa Giulietta,strategy_nearest,True,0.0036780834197998047,success
046DE53A9C4C80,1,"['Arena', 'Casa Giulietta']",Torre Lamberti,"['Sighseeing', 'Centro Fotografia', 'Museo Conte', 'Palazzo della Ragione', 'AMO']",Palazzo della Ragione,strategy_nearest,True,0.0021522045135498047,success
046DE63A9C4C80,3,"['Arena', 'Casa Giulietta']",Torre Lamberti,"['Sighseeing', 'Centro Fotografia', 'Museo Conte', 'Palazzo della Ragione', 'AMO']",Santa Anastasia,strategy_nearest,False,0.002209901809692383,success
046DFD429C4C80,3,"['Arena', 'Museo Lapidario']",San Fermo,"['Museo Storia', 'Museo Radio', 'Casa Giulietta', 'Centro Fotografia', 'Sighseeing']",Castelvecchio,strategy_nearest,False,0.0013492107391357422,success
046DF93A9C4C80,1,"['Arena', 'Torre Lamberti']",Palazzo della Ragione,"['AMO', 'Museo Conte', 'Centro Fotografia', 'Sighseeing', 'Santa Anastasia']",Santa Anastasia,strategy_nearest,True,0.0034379959106445312,success
046E033A9C4C84,2,"['Museo Lapidario', 'Castelvecchio', 'Duomo']",Santa Anastasia,"['AMO', 'Museo Conte', 'Palazzo della Ragione', 'Teatro Romano', 'Centro Fotografia']",Torre Lamberti,strategy_nearest,False,0.0020558834075927734,success
046DF5429C4C80,3,"['Arena', 'Giardino Giusti', 'Duomo']",Casa Giulietta,"['Centro Fotografia', 'Sighseeing', 'Torre Lamberti', 'Museo Conte', 'Museo Radio']",San Zeno,strategy_nearest,False,0.002866029739379883,success
046E12429C4C80,1,"['Arena', 'Casa Giulietta']",Palazzo della Ragione,"['AMO', 'Museo Conte', 'Torre Lamberti', 'Centro Fotografia', 'Sighseeing']",Torre Lamberti,strategy_nearest,True,0.0024590492248535156,success
046E1A3A9C4C80,0,['Castelvecchio'],Arena,"['Verona Tour', 'Museo Lapidario', 'Museo Radio', 'San Fermo', 'Casa Giulietta']",Casa Giulietta,strategy_nearest,True,0.002499103546142578,success
046E1D429C4C84,0,"['Castelvecchio', 'Arena']",Casa Giulietta,"['Centro Fotografia', 'Sighseeing', 'Torre Lamberti', 'Museo Conte', 'Museo Radio']",Giardino Giusti,strategy_nearest,False,0.001943826675415039,success
046E1B3A9C4C84,0,"['Arena', 'Teatro Romano']",Casa Giulietta,"['Centro Fotografia', 'Sighseeing', 'Torre Lamberti', 'Museo Conte', 'Museo Radio']",San Zeno,strategy_nearest,False,0.003729104995727539,success
046E1E3A9C4C84,2,['Casa Giulietta'],Santa Anastasia,"['AMO', 'Museo Conte', 'Palazzo della Ragione', 'Teatro Romano', 'Centro Fotografia']",Duomo,strategy_nearest,False,0.004040956497192383,success
046E1E429C4C84,3,"['Arena', 'Torre Lamberti']",Santa Anastasia,"['AMO', 'Museo Conte', 'Palazzo della Ragione', 'Teatro Romano', 'Centro Fotografia']",Teatro Romano,strategy_nearest,True,0.002195119857788086,success
046E1F3A9C4C80,0,['Arena'],Casa Giulietta,"['Centro Fotografia', 'Sighseeing', 'Torre Lamberti', 'Museo Conte', 'Museo Radio']",Torre Lamberti,strategy_nearest,True,0.002875804901123047,success
046E21429C4C80,0,['Castelvecchio'],Teatro Romano,"['Santa Anastasia', 'Duomo', 'AMO', 'Palazzo della Ragione', 'Museo Conte']",Arena,strategy_nearest,False,0.003504037857055664,success
046E313A9C4C80,3,"['Castelvecchio', 'Arena', 'San Fermo']",Casa Giulietta,"['Centro Fotografia', 'Sighseeing', 'Torre Lamberti', 'Museo Conte', 'Museo Radio']",Torre Lamberti,strategy_nearest,True,0.0026030540466308594,success
046E2C4A9C4C80,0,"['Arena', 'Casa Giulietta']",Castelvecchio,"['Museo Lapidario', 'Verona Tour', 'Museo Radio', 'San Zeno', 'Sighseeing']",Tomba Giulietta,strategy_nearest,False,0.0032918453216552734,success
046E243A9C4C84,0,['Arena'],Museo Lapidario,"['Verona Tour', 'Castelvecchio', 'Museo Radio', 'San Fermo', 'Casa Giulietta']",Castelvecchio,strategy_nearest,True,0.002118825912475586,success
046E374A9C4C80,1,"['Arena', 'Castelvecchio', 'Torre Lamberti']",Palazzo della Ragione,"['AMO', 'Museo Conte', 'Centro Fotografia', 'Sighseeing', 'Santa Anastasia']",Casa Giulietta,strategy_nearest,False,0.0035109519958496094,success
046E42429C4C80,3,"['Arena', 'Casa Giulietta']",Torre Lamberti,"['Sighseeing', 'Centro Fotografia', 'Museo Conte', 'Palazzo della Ragione', 'AMO']",Santa Anastasia,strategy_nearest,False,0.003549814224243164,success
046E453A9C4C80,1,"['Casa Giulietta', 'Torre Lamberti']",Arena,"['Verona Tour', 'Museo Lapidario', 'Museo Radio', 'San Fermo', 'Sighseeing']",Palazzo della Ragione,strategy_nearest,False,0.002618074417114258,success
046E443A9C4C80,3,"['Tomba Giulietta', 'Arena', 'Museo Lapidario', 'Castelvecchio']",Torre Lamberti,"['Sighseeing', 'Centro Fotografia', 'Museo Conte', 'Casa Giulietta', 'Palazzo della Ragione']",Casa Giulietta,strategy_nearest,True,0.002259969711303711,success
046E48429C4C80,0,['Arena'],Castelvecchio,"['Museo Lapidario', 'Verona Tour', 'Museo Radio', 'San Zeno', 'Sighseeing']",Casa Giulietta,strategy_nearest,False,0.0020859241485595703,success
046E473A9C4C80,3,"['Arena', 'Castelvecchio']",Teatro Romano,"['Santa Anastasia', 'Duomo', 'AMO', 'Palazzo della Ragione', 'Museo Conte']",Duomo,strategy_nearest,True,0.00144195556640625,success
046E4B429C4C80,3,"['Arena', 'Castelvecchio']",Casa Giulietta,"['Centro Fotografia', 'Sighseeing', 'Torre Lamberti', 'Museo Conte', 'Museo Radio']",Santa Anastasia,strategy_nearest,False,0.003412961959838867,success
046E49429C4C80,0,['Arena'],Santa Anastasia,"['AMO', 'Museo Conte', 'Palazzo della Ragione', 'Teatro Romano', 'Centro Fotografia']",Castelvecchio,strategy_nearest,False,0.0026061534881591797,success
046E54429C4C80,0,['Arena'],Torre Lamberti,"['Sighseeing', 'Centro Fotografia', 'Museo Conte', 'Casa Giulietta', 'Palazzo della Ragione']",Tomba Giulietta,strategy_nearest,False,0.0019588470458984375,success
046E6A429C4C80,0,"['Arena', 'Casa Giulietta']",Torre Lamberti,"['Sighseeing', 'Centro Fotografia', 'Museo Conte', 'Palazzo della Ragione', 'AMO']",Duomo,strategy_nearest,False,0.004258632659912109,success
046E69429C4C80,0,['Arena'],Castelvecchio,"['Museo Lapidario', 'Verona Tour', 'Museo Radio', 'San Zeno', 'Sighseeing']",Santa Anastasia,strategy_nearest,False,0.003612041473388672,success
046E64429C4C80,0,['Arena'],Teatro Romano,"['Santa Anastasia', 'Duomo', 'AMO', 'Palazzo della Ragione', 'Museo Conte']",Casa Giulietta,strategy_nearest,False,0.003760814666748047,success
046E75429C4C80,0,['Arena'],Duomo,"['AMO', 'Museo Miniscalchi', 'Santa Anastasia', 'Teatro Romano', 'Palazzo della Ragione']",Teatro Romano,strategy_nearest,True,0.0016689300537109375,success
046E6C429C4C80,1,"['Arena', 'Palazzo della Ragione']",Torre Lamberti,"['Sighseeing', 'Centro Fotografia', 'Museo Conte', 'Casa Giulietta', 'AMO']",Santa Anastasia,strategy_nearest,False,0.0031290054321289062,success
046E773A9C4C80,1,"['Arena', 'Torre Lamberti']",Palazzo della Ragione,"['AMO', 'Museo Conte', 'Centro Fotografia', 'Sighseeing', 'Santa Anastasia']",Tomba Giulietta,strategy_nearest,False,0.002902984619140625,success
046E803A9C4C80,1,"['Santa Anastasia', 'Torre Lamberti', 'Palazzo della Ragione']",Arena,"['Verona Tour', 'Museo Lapidario', 'Museo Radio', 'San Fermo', 'Casa Giulietta']",Castelvecchio,strategy_nearest,False,0.0034830570220947266,success
046E874A9C4C80,1,"['Castelvecchio', 'Arena', 'Casa Giulietta']",Torre Lamberti,"['Sighseeing', 'Centro Fotografia', 'Museo Conte', 'Palazzo della Ragione', 'AMO']",Palazzo della Ragione,strategy_nearest,True,0.0026929378509521484,success
046E8F429C4C80,0,['Arena'],Castelvecchio,"['Museo Lapidario', 'Verona Tour', 'Museo Radio', 'San Zeno', 'Sighseeing']",San Zeno,strategy_nearest,True,0.0020492076873779297,success
046EA9429C4C80,1,"['Palazzo della Ragione', 'Torre Lamberti']",Casa Giulietta,"['Centro Fotografia', 'Sighseeing', 'Museo Conte', 'Museo Radio', 'San Fermo']",Arena,strategy_nearest,False,0.003203153610229492,success
046EA1429C4C80,3,['Casa Giulietta'],Arena,"['Verona Tour', 'Museo Lapidario', 'Museo Radio', 'San Fermo', 'Sighseeing']",Torre Lamberti,strategy_nearest,False,0.0028641223907470703,success
046EB4429C4C80,1,"['Arena', 'Casa Giulietta']",Duomo,"['AMO', 'Museo Miniscalchi', 'Santa Anastasia', 'Teatro Romano', 'Palazzo della Ragione']",Torre Lamberti,strategy_nearest,False,0.0019528865814208984,success
046EA94A9C4C80,1,"['Arena', 'Casa Giulietta']",Palazzo della Ragione,"['AMO', 'Museo Conte', 'Torre Lamberti', 'Centro Fotografia', 'Sighseeing']",Torre Lamberti,strategy_nearest,True,0.003997087478637695,success
046EB83A9C4C80,2,"['Castelvecchio', 'San Zeno']",Torre Lamberti,"['Sighseeing', 'Centro Fotografia', 'Museo Conte', 'Casa Giulietta', 'Palazzo della Ragione']",Palazzo della Ragione,strategy_nearest,True,0.003325939178466797,success
046EB43A9C4C80,3,"['Arena', 'Torre Lamberti']",Santa Anastasia,"['AMO', 'Museo Conte', 'Palazzo della Ragione', 'Teatro Romano', 'Centro Fotografia']",Duomo,strategy_nearest,False,0.0013589859008789062,success
046EB8429C4C80,1,"['Arena', 'Casa Giulietta']",Torre Lamberti,"['Sighseeing', 'Centro Fotografia', 'Museo Conte', 'Palazzo della Ragione', 'AMO']",Palazzo della Ragione,strategy_nearest,True,0.0017600059509277344,success
046EC73A9C4C80,3,"['Arena', 'San Fermo', 'Santa Anastasia']",Teatro Romano,"['Duomo', 'AMO', 'Palazzo della Ragione', 'Museo Conte', 'Centro Fotografia']",Tomba Giulietta,strategy_nearest,False,0.002330780029296875,success
046EC53A9C4C80,2,['Castelvecchio'],San Zeno,"['Verona Tour', 'Museo Lapidario', 'Arena', 'Museo Miniscalchi', 'Sighseeing']",Santa Anastasia,strategy_nearest,False,0.003045797348022461,success
046EC93A9C4C80,0,['Arena'],Casa Giulietta,"['Centro Fotografia', 'Sighseeing', 'Torre Lamberti', 'Museo Conte', 'Museo Radio']",Torre Lamberti,strategy_nearest,True,0.0037779808044433594,success
046ECF3A9C4C80,1,"['Arena', 'Casa Giulietta', 'Torre Lamberti']",Palazzo della Ragione,"['AMO', 'Museo Conte', 'Centro Fotografia', 'Sighseeing', 'Santa Anastasia']",Santa Anastasia,strategy_nearest,True,0.002249002456665039,success
046EC9429C4C80,0,['Arena'],Castelvecchio,"['Museo Lapidario', 'Verona Tour', 'Museo Radio', 'San Zeno', 'Sighseeing']",San Zeno,strategy_nearest,True,0.0022149085998535156,success
046ED03A9C4C80,1,"['Giardino Giusti', 'Arena']",Casa Giulietta,"['Centro Fotografia', 'Sighseeing', 'Torre Lamberti', 'Museo Conte', 'Museo Radio']",Torre Lamberti,strategy_nearest,True,0.0028867721557617188,success
046ED83A9C4C80,1,"['Arena', 'Torre Lamberti', 'Palazzo della Ragione', 'Casa Giulietta']",San Fermo,"['Museo Storia', 'Museo Radio', 'Centro Fotografia', 'Sighseeing', 'Museo Conte']",Santa Anastasia,strategy_nearest,False,0.0018770694732666016,success
046EE63A9C4C80,3,"['Arena', 'Castelvecchio', 'San Zeno']",Duomo,"['AMO', 'Museo Miniscalchi', 'Santa Anastasia', 'Teatro Romano', 'Palazzo della Ragione']",Santa Anastasia,strategy_nearest,True,0.0027747154235839844,success
046EE8429C4C80,3,"['Teatro Romano', 'Torre Lamberti', 'Arena', 'Tomba Giulietta']",San Fermo,"['Museo Storia', 'Museo Radio', 'Casa Giulietta', 'Centro Fotografia', 'Sighseeing']",Santa Anastasia,strategy_nearest,False,0.0033838748931884766,success
046EFC429C4C80,1,"['Castelvecchio', 'Duomo']",Arena,"['Verona Tour', 'Museo Lapidario', 'Museo Radio', 'San Fermo', 'Casa Giulietta']",Torre Lamberti,strategy_nearest,False,0.002502918243408203,success
046F0E429C4C80,0,['Teatro Romano'],Tomba Giulietta,"['San Fermo', 'Museo Storia', 'Arena', 'Museo Lapidario', 'Museo Radio']",Arena,strategy_nearest,True,0.0031549930572509766,success
046F04429C4C84,1,"['Arena', 'Castelvecchio']",Castelvecchio,"['Museo Lapidario', 'Verona Tour', 'Museo Radio', 'San Zeno', 'Sighseeing']",Duomo,strategy_nearest,False,0.0034918785095214844,success
046F18429C4C80,1,['Arena'],Palazzo della Ragione,"['AMO', 'Museo Conte', 'Torre Lamberti', 'Centro Fotografia', 'Sighseeing']",Duomo,strategy_nearest,False,0.0025899410247802734,success
046F223A9C4C80,3,"['Arena', 'Torre Lamberti']",Santa Anastasia,"['AMO', 'Museo Conte', 'Palazzo della Ragione', 'Teatro Romano', 'Centro Fotografia']",Duomo,strategy_nearest,False,0.002714872360229492,success
046F203A9C4C84,0,['Arena'],Casa Giulietta,"['Centro Fotografia', 'Sighseeing', 'Torre Lamberti', 'Museo Conte', 'Museo Radio']",Castelvecchio,strategy_nearest,False,0.0027179718017578125,success
046F1D429C4C80,3,"['Arena', 'Casa Giulietta']",Torre Lamberti,"['Sighseeing', 'Centro Fotografia', 'Museo Conte', 'Palazzo della Ragione', 'AMO']",Santa Anastasia,strategy_nearest,False,0.0030670166015625,success
046F233A9C4C80,0,['Arena'],Museo Lapidario,"['Verona Tour', 'Castelvecchio', 'Museo Radio', 'San Fermo', 'Casa Giulietta']",Casa Giulietta,strategy_nearest,True,0.002482891082763672,success
046F2D4A9C4C80,1,"['Arena', 'Museo Lapidario', 'Casa Giulietta', 'Torre Lamberti', 'Duomo']",San Zeno,"['Castelvecchio', 'Verona Tour', 'Museo Miniscalchi', 'Sighseeing', 'Museo Radio']",Castelvecchio,strategy_nearest,True,0.003889799118041992,success
046F2A3A9C4C80,0,['Arena'],Castelvecchio,"['Museo Lapidario', 'Verona Tour', 'Museo Radio', 'San Zeno', 'Sighseeing']",Torre Lamberti,strategy_nearest,False,0.002440929412841797,success
046F243A9C4C80,0,['Arena'],Casa Giulietta,"['Centro Fotografia', 'Sighseeing', 'Torre Lamberti', 'Museo Conte', 'Museo Radio']",Santa Anastasia,strategy_nearest,False,0.003465890884399414,success
046F413A9C4C80,1,"['Arena', 'Casa Giulietta', 'Palazzo della Ragione']",Torre Lamberti,"['Sighseeing', 'Centro Fotografia', 'Museo Conte', 'AMO', 'Museo Miniscalchi']",Santa Anastasia,strategy_nearest,False,0.0025060176849365234,success
046F52429C4C80,3,"['Arena', 'Santa Anastasia']",Duomo,"['AMO', 'Museo Miniscalchi', 'Teatro Romano', 'Palazzo della Ragione', 'Museo Conte']",Casa Giulietta,strategy_nearest,False,0.0026302337646484375,success
046F51429C4C80,1,"['Torre Lamberti', 'Palazzo della Ragione']",Casa Giulietta,"['Centro Fotografia', 'Sighseeing', 'Museo Conte', 'Museo Radio', 'San Fermo']",Arena,strategy_nearest,False,0.0015020370483398438,success
046F48429C4C80,0,['Arena'],Torre Lamberti,"['Sighseeing', 'Centro Fotografia', 'Museo Conte', 'Casa Giulietta', 'Palazzo della Ragione']",Duomo,strategy_nearest,False,0.0021789073944091797,success
046F57429C4C80,1,"['Arena', 'Casa Giulietta']",Palazzo della Ragione,"['AMO', 'Museo Conte', 'Torre Lamberti', 'Centro Fotografia', 'Sighseeing']",Torre Lamberti,strategy_nearest,True,0.0031359195709228516,success
046F6C429C4C80,3,"['Arena', 'Casa Giulietta']",Santa Anastasia,"['AMO', 'Museo Conte', 'Palazzo della Ragione', 'Teatro Romano', 'Centro Fotografia']",Duomo,strategy_nearest,False,0.0027570724487304688,success
046F713A9C4C80,0,['Arena'],Casa Giulietta,"['Centro Fotografia', 'Sighseeing', 'Torre Lamberti', 'Museo Conte', 'Museo Radio']",Torre Lamberti,strategy_nearest,True,0.0021009445190429688,success
046F75429C4C80,0,['Arena'],Castelvecchio,"['Museo Lapidario', 'Verona Tour', 'Museo Radio', 'San Zeno', 'Sighseeing']",Torre Lamberti,strategy_nearest,False,0.0032739639282226562,success
046F7D3A9C4C80,3,"['Arena', 'San Zeno', 'Museo Lapidario']",San Fermo,"['Museo Storia', 'Museo Radio', 'Casa Giulietta', 'Centro Fotografia', 'Sighseeing']",Santa Anastasia,strategy_nearest,False,0.0031790733337402344,success
046F863A9C4C80,3,"['Santa Anastasia', 'Duomo', 'Torre Lamberti']",Casa Giulietta,"['Centro Fotografia', 'Sighseeing', 'Museo Conte', 'Museo Radio', 'Palazzo della Ragione']",Arena,strategy_nearest,False,0.002512216567993164,success
046F87429C4C80,3,['Arena'],Casa Giulietta,"['Centro Fotografia', 'Sighseeing', 'Torre Lamberti', 'Museo Conte', 'Museo Radio']",Torre Lamberti,strategy_nearest,True,0.002838134765625,success
046F89429C4C80,1,"['Arena', 'Torre Lamberti']",Palazzo della Ragione,"['AMO', 'Museo Conte', 'Centro Fotografia', 'Sighseeing', 'Santa Anastasia']",Santa Anastasia,strategy_nearest,True,0.002494335174560547,success
046F884A9C4C80,2,"['Santa Anastasia', 'Torre Lamberti']",San Zeno,"['Castelvecchio', 'Verona Tour', 'Museo Lapidario', 'Arena', 'Museo Miniscalchi']",Castelvecchio,strategy_nearest,True,0.0033600330352783203,success
046FA472743380,0,"['Castelvecchio', 'Arena']",Casa Giulietta,"['Centro Fotografia', 'Sighseeing', 'Torre Lamberti', 'Museo Conte', 'Museo Radio']",Teatro Romano,strategy_nearest,False,0.0021810531616210938,success
046F8F3A9C4C80,0,['Castelvecchio'],Torre Lamberti,"['Sighseeing', 'Centro Fotografia', 'Museo Conte', 'Casa Giulietta', 'Palazzo della Ragione']",Casa Giulietta,strategy_nearest,True,0.0034770965576171875,success
046FAE3A9C4C80,3,"['Arena', 'Casa Giulietta', 'Torre Lamberti']",Santa Anastasia,"['AMO', 'Museo Conte', 'Palazzo della Ragione', 'Teatro Romano', 'Centro Fotografia']",Teatro Romano,strategy_nearest,True,0.00275421142578125,success
046FA872743380,1,"['Santa Anastasia', 'Teatro Romano', 'Duomo', 'Arena', 'Museo Lapidario']",San Zeno,"['Castelvecchio', 'Verona Tour', 'Museo Miniscalchi', 'Sighseeing', 'Museo Radio']",Castelvecchio,strategy_nearest,True,0.0043070316314697266,success
046FBA3A9C4C80,1,"['Torre Lamberti', 'Palazzo della Ragione', 'Casa Giulietta']",Arena,"['Verona Tour', 'Museo Lapidario', 'Museo Radio', 'San Fermo', 'Sighseeing']",Castelvecchio,strategy_nearest,False,0.002321958541870117,success
046FB63A9C4C80,4,"['Teatro Romano', 'Duomo', 'Santa Anastasia', 'Palazzo della Ragione']",Torre Lamberti,"['Sighseeing', 'Centro Fotografia', 'Museo Conte', 'Casa Giulietta', 'AMO']",Tomba Giulietta,strategy_nearest,False,0.0022449493408203125,success
046FB8429C4C80,3,"['Castelvecchio', 'Arena']",Torre Lamberti,"['Sighseeing', 'Centro Fotografia', 'Museo Conte', 'Casa Giulietta', 'Palazzo della Ragione']",Casa Giulietta,strategy_nearest,True,0.00310516357421875,success
046FBB429C4C80,0,['Torre Lamberti'],Casa Giulietta,"['Centro Fotografia', 'Sighseeing', 'Museo Conte', 'Museo Radio', 'Palazzo della Ragione']",Arena,strategy_nearest,False,0.002852916717529297,success
046FD3429C4C80,1,"['Arena', 'Casa Giulietta']",Palazzo della Ragione,"['AMO', 'Museo Conte', 'Torre Lamberti', 'Centro Fotografia', 'Sighseeing']",San Fermo,strategy_nearest,False,0.0018630027770996094,success
046FC63A9C4C80,3,"['Arena', 'Casa Giulietta']",Torre Lamberti,"['Sighseeing', 'Centro Fotografia', 'Museo Conte', 'Palazzo della Ragione', 'AMO']",San Zeno,strategy_nearest,False,0.0025489330291748047,success
046FD93A9C4C80,3,"['Arena', 'Casa Giulietta']",Torre Lamberti,"['Sighseeing', 'Centro Fotografia', 'Museo Conte', 'Palazzo della Ragione', 'AMO']",Santa Anastasia,strategy_nearest,False,0.002354860305786133,success
0470013A9C4C84,0,"['Castelvecchio', 'Torre Lamberti']",Casa Giulietta,"['Centro Fotografia', 'Sighseeing', 'Museo Conte', 'Museo Radio', 'Palazzo della Ragione']",Teatro Romano,strategy_nearest,False,0.002825021743774414,success
046FE93A9C4C80,3,"['Casa Giulietta', 'Torre Lamberti']",Santa Anastasia,"['AMO', 'Museo Conte', 'Palazzo della Ragione', 'Teatro Romano', 'Centro Fotografia']",Duomo,strategy_nearest,False,0.002625703811645508,success
046FE03A9C4C80,2,"['Casa Giulietta', 'Torre Lamberti']",Santa Anastasia,"['AMO', 'Museo Conte', 'Palazzo della Ragione', 'Teatro Romano', 'Centro Fotografia']",Duomo,strategy_nearest,False,0.0033550262451171875,success
046FEF3A9C4C80,0,['Tomba Giulietta'],Arena,"['Verona Tour', 'Museo Lapidario', 'Museo Radio', 'San Fermo', 'Casa Giulietta']",Casa Giulietta,strategy_nearest,True,0.002549886703491211,success
047012429C4C80,3,"['Museo Lapidario', 'Castelvecchio']",Santa Anastasia,"['AMO', 'Museo Conte', 'Palazzo della Ragione', 'Teatro Romano', 'Centro Fotografia']",Teatro Romano,strategy_nearest,True,0.001332998275756836,success
0470083A9C4C84,3,"['Castelvecchio', 'Arena']",Casa Giulietta,"['Centro Fotografia', 'Sighseeing', 'Torre Lamberti', 'Museo Conte', 'Museo Radio']",San Fermo,strategy_nearest,False,0.002115011215209961,success
047013429C4C80,3,"['Arena', 'Casa Giulietta']",Santa Anastasia,"['AMO', 'Museo Conte', 'Palazzo della Ragione', 'Teatro Romano', 'Centro Fotografia']",Duomo,strategy_nearest,False,0.0029981136322021484,success
0470153A9C4C84,2,"['Torre Lamberti', 'San Zeno']",Santa Anastasia,"['AMO', 'Museo Conte', 'Palazzo della Ragione', 'Teatro Romano', 'Centro Fotografia']",Duomo,strategy_nearest,False,0.0030393600463867188,success
0470163A9C4C84,0,['Arena'],Casa Giulietta,"['Centro Fotografia', 'Sighseeing', 'Torre Lamberti', 'Museo Conte', 'Museo Radio']",Castelvecchio,strategy_nearest,False,0.0030820369720458984,success
047020429C4C84,1,"['Arena', 'Torre Lamberti', 'Santa Anastasia', 'Teatro Romano']",Casa Giulietta,"['Centro Fotografia', 'Sighseeing', 'Museo Conte', 'Museo Radio', 'Palazzo della Ragione']",Palazzo della Ragione,strategy_nearest,True,0.0031571388244628906,success
0470223A9C4C84,1,['Arena'],Torre Lamberti,"['Sighseeing', 'Centro Fotografia', 'Museo Conte', 'Casa Giulietta', 'Palazzo della Ragione']",Palazzo della Ragione,strategy_nearest,True,0.0034182071685791016,success
047019429C4C80,3,"['Casa Giulietta', 'Arena', 'Tomba Giulietta']",San Fermo,"['Museo Storia', 'Museo Radio', 'Centro Fotografia', 'Sighseeing', 'Torre Lamberti']",Torre Lamberti,strategy_nearest,True,0.003106832504272461,success
0470233A9C4C84,0,['Casa Giulietta'],Arena,"['Verona Tour', 'Museo Lapidario', 'Museo Radio', 'San Fermo', 'Sighseeing']",Museo Lapidario,strategy_nearest,True,0.002110004425048828,success
0470254A9C4C80,3,"['Castelvecchio', 'Arena']",Santa Anastasia,"['AMO', 'Museo Conte', 'Palazzo della Ragione', 'Teatro Romano', 'Centro Fotografia']",Duomo,strategy_nearest,False,0.0028810501098632812,success
0470263A9C4C80,0,['Arena'],Casa Giulietta,"['Centro Fotografia', 'Sighseeing', 'Torre Lamberti', 'Museo Conte', 'Museo Radio']",Santa Anastasia,strategy_nearest,False,0.002938985824584961,success
0470293A9C4C80,0,['Arena'],Casa Giulietta,"['Centro Fotografia', 'Sighseeing', 'Torre Lamberti', 'Museo Conte', 'Museo Radio']",Torre Lamberti,strategy_nearest,True,0.0033500194549560547,success
04702A429C4C80,3,"['Arena', 'Casa Giulietta', 'Giardino Giusti']",Torre Lamberti,"['Sighseeing', 'Centro Fotografia', 'Museo Conte', 'Palazzo della Ragione', 'AMO']",Castelvecchio,strategy_nearest,False,0.0024361610412597656,success
04703A3A9C4C80,3,"['Arena', 'Torre Lamberti']",Casa Giulietta,"['Centro Fotografia', 'Sighseeing', 'Museo Conte', 'Museo Radio', 'Palazzo della Ragione']",Santa Anastasia,strategy_nearest,False,0.0035390853881835938,success
04702D4A9C4C80,3,"['Torre Lamberti', 'Santa Anastasia', 'Tomba Giulietta']",Arena,"['Verona Tour', 'Museo Lapidario', 'Museo Radio', 'San Fermo', 'Casa Giulietta']",Castelvecchio,strategy_nearest,False,0.003476858139038086,success
04703F3A9C4C80,3,"['Arena', 'Castelvecchio']",San Fermo,"['Museo Storia', 'Museo Radio', 'Casa Giulietta', 'Centro Fotografia', 'Sighseeing']",Casa Giulietta,strategy_nearest,True,0.003097057342529297,success
0470443A9C4C80,3,['Arena'],Casa Giulietta,"['Centro Fotografia', 'Sighseeing', 'Torre Lamberti', 'Museo Conte', 'Museo Radio']",Torre Lamberti,strategy_nearest,True,0.0031800270080566406,success
04704C3A9C4C80,3,"['Arena', 'San Zeno', 'Tomba Giulietta']",Casa Giulietta,"['Centro Fotografia', 'Sighseeing', 'Torre Lamberti', 'Museo Conte', 'Museo Radio']",Torre Lamberti,strategy_nearest,True,0.002232074737548828,success
04707B3A9C4C80,0,['Arena'],Casa Giulietta,"['Centro Fotografia', 'Sighseeing', 'Torre Lamberti', 'Museo Conte', 'Museo Radio']",Museo Lapidario,strategy_nearest,False,0.002716064453125,success
047077429C4C80,3,"['Arena', 'Casa Giulietta', 'Torre Lamberti']",Santa Anastasia,"['AMO', 'Museo Conte', 'Palazzo della Ragione', 'Teatro Romano', 'Centro Fotografia']",Teatro Romano,strategy_nearest,True,0.002103090286254883,success
047062429C4C80,0,"['Arena', 'Casa Giulietta', 'Torre Lamberti']",Teatro Romano,"['Santa Anastasia', 'Duomo', 'AMO', 'Palazzo della Ragione', 'Museo Conte']",Giardino Giusti,strategy_nearest,False,0.004131793975830078,success
04707B429C4C80,3,['Castelvecchio'],Santa Anastasia,"['AMO', 'Museo Conte', 'Palazzo della Ragione', 'Teatro Romano', 'Centro Fotografia']",Duomo,strategy_nearest,False,0.003143787384033203,success
047084429C4C80,3,"['Arena', 'Casa Giulietta']",Santa Anastasia,"['AMO', 'Museo Conte', 'Palazzo della Ragione', 'Teatro Romano', 'Centro Fotografia']",Duomo,strategy_nearest,False,0.002483844757080078,success
04707D4A9C4C80,0,"['Arena', 'Castelvecchio', 'Torre Lamberti']",Casa Giulietta,"['Centro Fotografia', 'Sighseeing', 'Museo Conte', 'Museo Radio', 'Palazzo della Ragione']",San Fermo,strategy_nearest,False,0.0039370059967041016,success
0470864A9C4C80,1,"['Arena', 'Casa Giulietta']",Palazzo della Ragione,"['AMO', 'Museo Conte', 'Torre Lamberti', 'Centro Fotografia', 'Sighseeing']",Torre Lamberti,strategy_nearest,True,0.0028591156005859375,success
047089429C4C80,1,"['Arena', 'Casa Giulietta', 'Torre Lamberti']",Palazzo della Ragione,"['AMO', 'Museo Conte', 'Centro Fotografia', 'Sighseeing', 'Santa Anastasia']",Santa Anastasia,strategy_nearest,True,0.001699209213256836,success
0470B23A9C4C80,1,['Arena'],Giardino Giusti,"['Santa Anastasia', 'Teatro Romano', 'Museo Conte', 'Centro Fotografia', 'Museo Storia']",Duomo,strategy_nearest,False,0.0029387474060058594,success
0470884A9C4C80,3,"['Duomo', 'Santa Anastasia', 'San Fermo']",San Zeno,"['Castelvecchio', 'Verona Tour', 'Museo Lapidario', 'Arena', 'Museo Miniscalchi']",Arena,strategy_nearest,True,0.0026340484619140625,success
0470B13A9C4C80,3,"['Arena', 'Torre Lamberti']",Santa Anastasia,"['AMO', 'Museo Conte', 'Palazzo della Ragione', 'Teatro Romano', 'Centro Fotografia']",Duomo,strategy_nearest,False,0.003798246383666992,success
0470BF3A9C4C80,3,['Arena'],Santa Anastasia,"['AMO', 'Museo Conte', 'Palazzo della Ragione', 'Teatro Romano', 'Centro Fotografia']",Torre Lamberti,strategy_nearest,False,0.0030858516693115234,success
0470B6429C4C80,1,"['Arena', 'San Fermo', 'Casa Giulietta']",Torre Lamberti,"['Sighseeing', 'Centro Fotografia', 'Museo Conte', 'Palazzo della Ragione', 'AMO']",Palazzo della Ragione,strategy_nearest,True,0.0024590492248535156,success
0470C8429C4C80,0,"['Arena', 'San Zeno']",Duomo,"['AMO', 'Museo Miniscalchi', 'Santa Anastasia', 'Teatro Romano', 'Palazzo della Ragione']",Giardino Giusti,strategy_nearest,False,0.003690004348754883,success
0470E03A9C4C80,0,['Arena'],Casa Giulietta,"['Centro Fotografia', 'Sighseeing', 'Torre Lamberti', 'Museo Conte', 'Museo Radio']",Castelvecchio,strategy_nearest,False,0.002246856689453125,success
0470DB3A9C4C80,3,"['Torre Lamberti', 'Arena', 'Teatro Romano']",Duomo,"['AMO', 'Museo Miniscalchi', 'Santa Anastasia', 'Palazzo della Ragione', 'Museo Conte']",Santa Anastasia,strategy_nearest,True,0.003763914108276367,success
0470E73A9C4C80,0,"['Arena', 'Teatro Romano']",Duomo,"['AMO', 'Museo Miniscalchi', 'Santa Anastasia', 'Palazzo della Ragione', 'Museo Conte']",Casa Giulietta,strategy_nearest,False,0.004148006439208984,success
0470E83A9C4C80,1,"['San Fermo', 'Palazzo della Ragione', 'Torre Lamberti']",Santa Anastasia,"['AMO', 'Museo Conte', 'Teatro Romano', 'Centro Fotografia', 'Duomo']",Duomo,strategy_nearest,True,0.0026459693908691406,success
0470F83A9C4C80,3,"['Arena', 'Casa Giulietta']",Castelvecchio,"['Museo Lapidario', 'Verona Tour', 'Museo Radio', 'San Zeno', 'Sighseeing']",Torre Lamberti,strategy_nearest,False,0.0019571781158447266,success
0471053A9C4C84,2,"['Casa Giulietta', 'Palazzo della Ragione', 'Torre Lamberti']",Santa Anastasia,"['AMO', 'Museo Conte', 'Teatro Romano', 'Centro Fotografia', 'Duomo']",Teatro Romano,strategy_nearest,True,0.003253936767578125,success
0470F93A9C4C80,0,['Arena'],Teatro Romano,"['Santa Anastasia', 'Duomo', 'AMO', 'Palazzo della Ragione', 'Museo Conte']",Casa Giulietta,strategy_nearest,False,0.0024328231811523438,success
047110429C4C84,1,"['Arena', 'Casa Giulietta', 'Duomo']",Torre Lamberti,"['Sighseeing', 'Centro Fotografia', 'Museo Conte', 'Palazzo della Ragione', 'AMO']",Palazzo della Ragione,strategy_nearest,True,0.0034036636352539062,success
0471143A9C4C80,1,"['Arena', 'Teatro Romano', 'Duomo']",Santa Anastasia,"['AMO', 'Museo Conte', 'Palazzo della Ragione', 'Centro Fotografia', 'Torre Lamberti']",Palazzo della Ragione,strategy_nearest,True,0.002142190933227539,success
0471153A9C4C84,3,['Arena'],Torre Lamberti,"['Sighseeing', 'Centro Fotografia', 'Museo Conte', 'Casa Giulietta', 'Palazzo della Ragione']",Santa Anastasia,strategy_nearest,False,0.0020818710327148438,success
0471173A9C4C84,1,"['Santa Anastasia', 'Torre Lamberti']",Palazzo della Ragione,"['AMO', 'Museo Conte', 'Centro Fotografia', 'Sighseeing', 'Museo Miniscalchi']",Arena,strategy_nearest,False,0.0030012130737304688,success
04711B3A9C4C84,3,"['Torre Lamberti', 'Casa Giulietta', 'Santa Anastasia']",Duomo,"['AMO', 'Museo Miniscalchi', 'Teatro Romano', 'Palazzo della Ragione', 'Museo Conte']",Arena,strategy_nearest,False,0.0032110214233398438,success
047121429C4C84,3,"['Museo Lapidario', 'San Zeno', 'Santa Anastasia']",Duomo,"['AMO', 'Museo Miniscalchi', 'Teatro Romano', 'Palazzo della Ragione', 'Museo Conte']",Torre Lamberti,strategy_nearest,False,0.0024051666259765625,success
04711D3A9C4C84,1,"['Arena', 'Palazzo della Ragione']",Casa Giulietta,"['Centro Fotografia', 'Sighseeing', 'Torre Lamberti', 'Museo Conte', 'Museo Radio']",Santa Anastasia,strategy_nearest,False,0.002707958221435547,success
04712F3A9C4C80,0,"['Teatro Romano', 'Arena', 'San Zeno']",Castelvecchio,"['Museo Lapidario', 'Verona Tour', 'Museo Radio', 'Sighseeing', 'Museo Miniscalchi']",Casa Giulietta,strategy_nearest,False,0.0032091140747070312,success
0471233A9C4C80,1,"['Museo Lapidario', 'Arena', 'Casa Giulietta']",Palazzo della Ragione,"['AMO', 'Museo Conte', 'Torre Lamberti', 'Centro Fotografia', 'Sighseeing']",Duomo,strategy_nearest,False,0.003679990768432617,success
04714B3A9C4C80,3,"['Arena', 'Casa Giulietta']",Castelvecchio,"['Museo Lapidario', 'Verona Tour', 'Museo Radio', 'San Zeno', 'Sighseeing']",Torre Lamberti,strategy_nearest,False,0.00331878662109375,success
04713A3A9C4C80,1,"['Arena', 'Casa Giulietta', 'Torre Lamberti']",Palazzo della Ragione,"['AMO', 'Museo Conte', 'Centro Fotografia', 'Sighseeing', 'Santa Anastasia']",Santa Anastasia,strategy_nearest,True,0.0028510093688964844,success
047153429C4C80,3,"['Arena', 'Torre Lamberti']",Casa Giulietta,"['Centro Fotografia', 'Sighseeing', 'Museo Conte', 'Museo Radio', 'Palazzo della Ragione']",San Fermo,strategy_nearest,False,0.0023660659790039062,success
04715B3A9C4C80,1,"['Arena', 'Casa Giulietta']",Santa Anastasia,"['AMO', 'Museo Conte', 'Palazzo della Ragione', 'Teatro Romano', 'Centro Fotografia']",Castelvecchio,strategy_nearest,False,0.0023910999298095703,success
04716F429C4C80,0,['Duomo'],Casa Giulietta,"['Centro Fotografia', 'Sighseeing', 'Torre Lamberti', 'Museo Conte', 'Museo Radio']",Arena,strategy_nearest,False,0.0028307437896728516,success
04715A3A9C4C80,1,"['Arena', 'Casa Giulietta']",Torre Lamberti,"['Sighseeing', 'Centro Fotografia', 'Museo Conte', 'Palazzo della Ragione', 'AMO']",Palazzo della Ragione,strategy_nearest,True,0.003962278366088867,success
047181429C4C80,3,['Arena'],Torre Lamberti,"['Sighseeing', 'Centro Fotografia', 'Museo Conte', 'Casa Giulietta', 'Palazzo della Ragione']",Santa Anastasia,strategy_nearest,False,0.0023598670959472656,success
0471803A9C4C80,1,"['Santa Anastasia', 'Torre Lamberti', 'Palazzo della Ragione']",San Fermo,"['Museo Storia', 'Museo Radio', 'Casa Giulietta', 'Centro Fotografia', 'Arena']",Arena,strategy_nearest,True,0.003078937530517578,success
04717D429C4C80,0,['Arena'],Torre Lamberti,"['Sighseeing', 'Centro Fotografia', 'Museo Conte', 'Casa Giulietta', 'Palazzo della Ragione']",Duomo,strategy_nearest,False,0.001725912094116211,success
0471873A9C4C80,1,['Arena'],Torre Lamberti,"['Sighseeing', 'Centro Fotografia', 'Museo Conte', 'Casa Giulietta', 'Palazzo della Ragione']",Palazzo della Ragione,strategy_nearest,True,0.0034558773040771484,success
0471884A9C4C80,1,"['Arena', 'Casa Giulietta']",Torre Lamberti,"['Sighseeing', 'Centro Fotografia', 'Museo Conte', 'Palazzo della Ragione', 'AMO']",Palazzo della Ragione,strategy_nearest,True,0.002276182174682617,success
047193429C4C80,3,"['Teatro Romano', 'Duomo']",Castelvecchio,"['Museo Lapidario', 'Verona Tour', 'Arena', 'Museo Radio', 'San Zeno']",Arena,strategy_nearest,True,0.002688169479370117,success
04718A4A9C4C80,0,['Arena'],Casa Giulietta,"['Centro Fotografia', 'Sighseeing', 'Torre Lamberti', 'Museo Conte', 'Museo Radio']",Tomba Giulietta,strategy_nearest,False,0.0026459693908691406,success
0471AB3A9C4C80,1,"['Arena', 'Museo Lapidario', 'Torre Lamberti']",Palazzo della Ragione,"['AMO', 'Museo Conte', 'Centro Fotografia', 'Sighseeing', 'Santa Anastasia']",Santa Anastasia,strategy_nearest,True,0.003274202346801758,success
04719F429C4C80,3,"['Arena', 'Santa Anastasia']",Torre Lamberti,"['Sighseeing', 'Centro Fotografia', 'Museo Conte', 'Casa Giulietta', 'Palazzo della Ragione']",Casa Giulietta,strategy_nearest,True,0.003240823745727539,success
0471AF429C4C80,2,"['Museo Lapidario', 'Casa Giulietta']",Palazzo della Ragione,"['AMO', 'Museo Conte', 'Torre Lamberti', 'Centro Fotografia', 'Sighseeing']",Torre Lamberti,strategy_nearest,True,0.002557039260864258,success
0471AB4A9C4C80,2,['Torre Lamberti'],Duomo,"['AMO', 'Museo Miniscalchi', 'Santa Anastasia', 'Teatro Romano', 'Palazzo della Ragione']",Santa Anastasia,strategy_nearest,True,0.0027468204498291016,success
0471B13A9C4C80,0,"['Arena', 'Casa Giulietta']",Torre Lamberti,"['Sighseeing', 'Centro Fotografia', 'Museo Conte', 'Palazzo della Ragione', 'AMO']",Teatro Romano,strategy_nearest,False,0.0026922225952148438,success
0471B7429C4C80,0,['Castelvecchio'],Casa Giulietta,"['Centro Fotografia', 'Sighseeing', 'Torre Lamberti', 'Museo Conte', 'Museo Radio']",Arena,strategy_nearest,False,0.003259897232055664,success
0471B8429C4C80,0,['Arena'],Casa Giulietta,"['Centro Fotografia', 'Sighseeing', 'Torre Lamberti', 'Museo Conte', 'Museo Radio']",Torre Lamberti,strategy_nearest,True,0.0033321380615234375,success
0471B9429C4C80,1,['Casa Giulietta'],Arena,"['Verona Tour', 'Museo Lapidario', 'Museo Radio', 'San Fermo', 'Sighseeing']",Palazzo della Ragione,strategy_nearest,False,0.0026569366455078125,success
0471BE429C4C80,2,"['Museo Lapidario', 'Castelvecchio', 'Teatro Romano']",Santa Anastasia,"['AMO', 'Museo Conte', 'Palazzo della Ragione', 'Centro Fotografia', 'Duomo']",Palazzo della Ragione,strategy_nearest,True,0.002507925033569336,success
0471BD429C4C80,0,['Castelvecchio'],Casa Giulietta,"['Centro Fotografia', 'Sighseeing', 'Torre Lamberti', 'Museo Conte', 'Museo Radio']",Teatro Romano,strategy_nearest,False,0.00325775146484375,success
0471CB3A9C4C80,1,"['Arena', 'Casa Giulietta', 'Palazzo della Ragione']",Torre Lamberti,"['Sighseeing', 'Centro Fotografia', 'Museo Conte', 'AMO', 'Museo Miniscalchi']",Duomo,strategy_nearest,False,0.0027027130126953125,success
0471D1429C4C80,3,"['Arena', 'Casa Giulietta']",Duomo,"['AMO', 'Museo Miniscalchi', 'Santa Anastasia', 'Teatro Romano', 'Palazzo della Ragione']",Santa Anastasia,strategy_nearest,True,0.0035600662231445312,success
0471EA429C4C80,0,['Teatro Romano'],Tomba Giulietta,"['San Fermo', 'Museo Storia', 'Arena', 'Museo Lapidario', 'Museo Radio']",Arena,strategy_nearest,True,0.0026769638061523438,success
0471EF429C4C80,3,"['Casa Giulietta', 'Torre Lamberti']",Arena,"['Verona Tour', 'Museo Lapidario', 'Museo Radio', 'San Fermo', 'Sighseeing']",Castelvecchio,strategy_nearest,False,0.0024030208587646484,success
0471DD3A9C4C80,0,['Arena'],Casa Giulietta,"['Centro Fotografia', 'Sighseeing', 'Torre Lamberti', 'Museo Conte', 'Museo Radio']",Torre Lamberti,strategy_nearest,True,0.0019829273223876953,success
04721B429C4C84,1,"['Arena', 'Casa Giulietta', 'Santa Anastasia']",Duomo,"['AMO', 'Museo Miniscalchi', 'Teatro Romano', 'Palazzo della Ragione', 'Museo Conte']",Torre Lamberti,strategy_nearest,False,0.0026061534881591797,success
0472013A9C4C84,3,['Torre Lamberti'],Santa Anastasia,"['AMO', 'Museo Conte', 'Palazzo della Ragione', 'Teatro Romano', 'Centro Fotografia']",Arena,strategy_nearest,False,0.0020279884338378906,success
0471F9429C4C80,3,['Arena'],Santa Anastasia,"['AMO', 'Museo Conte', 'Palazzo della Ragione', 'Teatro Romano', 'Centro Fotografia']",Giardino Giusti,strategy_nearest,False,0.0036978721618652344,success
04721C429C4C80,0,['Arena'],Casa Giulietta,"['Centro Fotografia', 'Sighseeing', 'Torre Lamberti', 'Museo Conte', 'Museo Radio']",Torre Lamberti,strategy_nearest,True,0.003331899642944336,success
0472224A9C4C80,2,"['Duomo', 'Santa Anastasia', 'Casa Giulietta']",San Fermo,"['Museo Storia', 'Museo Radio', 'Centro Fotografia', 'Arena', 'Sighseeing']",Castelvecchio,strategy_nearest,False,0.0032939910888671875,success
04721E4A9C4C80,1,"['Arena', 'Casa Giulietta', 'Torre Lamberti', 'Palazzo della Ragione']",Castelvecchio,"['Museo Lapidario', 'Verona Tour', 'Museo Radio', 'San Zeno', 'Sighseeing']",Santa Anastasia,strategy_nearest,False,0.002054929733276367,success
04721E3A9C4C84,2,"['San Zeno', 'Casa Giulietta']",Torre Lamberti,"['Sighseeing', 'Centro Fotografia', 'Museo Conte', 'Palazzo della Ragione', 'AMO']",Santa Anastasia,strategy_nearest,False,0.0028738975524902344,success
0472243A9C4C84,1,"['Arena', 'Torre Lamberti', 'Palazzo della Ragione']",Santa Anastasia,"['AMO', 'Museo Conte', 'Teatro Romano', 'Centro Fotografia', 'Duomo']",Casa Giulietta,strategy_nearest,False,0.0031430721282958984,success
04722D4A9C4C80,3,"['Arena', 'Santa Anastasia', 'Santa Anastasia', 'Casa Giulietta']",Teatro Romano,"['Duomo', 'AMO', 'Palazzo della Ragione', 'Museo Conte', 'Centro Fotografia']",Giardino Giusti,strategy_nearest,False,0.003748178482055664,success
0472363A9C4C80,1,"['Arena', 'Casa Giulietta']",Santa Anastasia,"['AMO', 'Museo Conte', 'Palazzo della Ragione', 'Teatro Romano', 'Centro Fotografia']",Torre Lamberti,strategy_nearest,False,0.002359151840209961,success
04723B3A9C4C80,0,['Arena'],Casa Giulietta,"['Centro Fotografia', 'Sighseeing', 'Torre Lamberti', 'Museo Conte', 'Museo Radio']",Castelvecchio,strategy_nearest,False,0.003470897674560547,success
0472273A9C4C80,3,"['Arena', 'Torre Lamberti']",Casa Giulietta,"['Centro Fotografia', 'Sighseeing', 'Museo Conte', 'Museo Radio', 'Palazzo della Ragione']",Santa Anastasia,strategy_nearest,False,0.0022051334381103516,success
04724C429C4C80,3,"['Arena', 'Casa Giulietta']",Torre Lamberti,"['Sighseeing', 'Centro Fotografia', 'Museo Conte', 'Palazzo della Ragione', 'AMO']",San Zeno,strategy_nearest,False,0.0029540061950683594,success
047259429C4C80,1,"['Arena', 'Casa Giulietta', 'Torre Lamberti']",Palazzo della Ragione,"['AMO', 'Museo Conte', 'Centro Fotografia', 'Sighseeing', 'Santa Anastasia']",Santa Anastasia,strategy_nearest,True,0.0034308433532714844,success
0472523A9C4C80,1,"['Arena', 'Palazzo della Ragione']",Torre Lamberti,"['Sighseeing', 'Centro Fotografia', 'Museo Conte', 'Casa Giulietta', 'AMO']",Casa Giulietta,strategy_nearest,True,0.002321958541870117,success
04724B3A9C4C80,1,"['Arena', 'Museo Lapidario', 'Tomba Giulietta', 'San Fermo', 'Casa Giulietta']",Torre Lamberti,"['Sighseeing', 'Centro Fotografia', 'Museo Conte', 'Palazzo della Ragione', 'AMO']",Palazzo della Ragione,strategy_nearest,True,0.0018038749694824219,success
047262429C4C80,2,['Casa Giulietta'],Torre Lamberti,"['Sighseeing', 'Centro Fotografia', 'Museo Conte', 'Palazzo della Ragione', 'AMO']",Palazzo della Ragione,strategy_nearest,True,0.001447916030883789,success
04726A3A9C4C80,0,"['Arena', 'Torre Lamberti']",Teatro Romano,"['Santa Anastasia', 'Duomo', 'AMO', 'Palazzo della Ragione', 'Museo Conte']",Casa Giulietta,strategy_nearest,False,0.002608776092529297,success
04726C429C4C80,0,['Museo Lapidario'],Arena,"['Verona Tour', 'Museo Radio', 'San Fermo', 'Casa Giulietta', 'Sighseeing']",Casa Giulietta,strategy_nearest,True,0.002933979034423828,success
047260429C4C80,3,"['Torre Lamberti', 'Arena', 'Tomba Giulietta']",Casa Giulietta,"['Centro Fotografia', 'Sighseeing', 'Museo Conte', 'Museo Radio', 'Palazzo della Ragione']",Santa Anastasia,strategy_nearest,False,0.0027649402618408203,success
0472793A9C4C80,1,"['Casa Giulietta', 'Torre Lamberti']",Palazzo della Ragione,"['AMO', 'Museo Conte', 'Centro Fotografia', 'Sighseeing', 'Santa Anastasia']",Arena,strategy_nearest,False,0.0018229484558105469,success
04727B429C4C80,3,['Arena'],Casa Giulietta,"['Centro Fotografia', 'Sighseeing', 'Torre Lamberti', 'Museo Conte', 'Museo Radio']",Santa Anastasia,strategy_nearest,False,0.0024869441986083984,success
04727C3A9C4C80,1,"['Arena', 'Torre Lamberti']",Palazzo della Ragione,"['AMO', 'Museo Conte', 'Centro Fotografia', 'Sighseeing', 'Santa Anastasia']",Casa Giulietta,strategy_nearest,False,0.0029129981994628906,success
0472924A9C4C80,3,"['Arena', 'Casa Giulietta']",Santa Anastasia,"['AMO', 'Museo Conte', 'Palazzo della Ragione', 'Teatro Romano', 'Centro Fotografia']",Duomo,strategy_nearest,False,0.0030472278594970703,success
0472A04A9C4C80,1,"['Arena', 'Casa Giulietta', 'Torre Lamberti']",Palazzo della Ragione,"['AMO', 'Museo Conte', 'Centro Fotografia', 'Sighseeing', 'Santa Anastasia']",Santa Anastasia,strategy_nearest,True,0.0034720897674560547,success
0472AB429C4C80,1,"['Arena', 'Castelvecchio', 'Casa Giulietta']",Torre Lamberti,"['Sighseeing', 'Centro Fotografia', 'Museo Conte', 'Palazzo della Ragione', 'AMO']",Palazzo della Ragione,strategy_nearest,True,0.0033621788024902344,success
0472AC3A9C4C80,3,"['Santa Anastasia', 'Duomo']",Torre Lamberti,"['Sighseeing', 'Centro Fotografia', 'Museo Conte', 'Casa Giulietta', 'Palazzo della Ragione']",Casa Giulietta,strategy_nearest,True,0.0027010440826416016,success
0472BA3A9C4C80,2,"['Castelvecchio', 'Santa Anastasia']",Duomo,"['AMO', 'Museo Miniscalchi', 'Teatro Romano', 'Palazzo della Ragione', 'Museo Conte']",Teatro Romano,strategy_nearest,True,0.0030019283294677734,success
0472B1429C4C80,1,"['Arena', 'Casa Giulietta']",Torre Lamberti,"['Sighseeing', 'Centro Fotografia', 'Museo Conte', 'Palazzo della Ragione', 'AMO']",Palazzo della Ragione,strategy_nearest,True,0.0026497840881347656,success
0472BF429C4C80,2,"['Castelvecchio', 'Casa Giulietta']",Torre Lamberti,"['Sighseeing', 'Centro Fotografia', 'Museo Conte', 'Palazzo della Ragione', 'AMO']",Palazzo della Ragione,strategy_nearest,True,0.004037141799926758,success
0472C43A9C4C80,0,"['Tomba Giulietta', 'Teatro Romano']",Arena,"['Verona Tour', 'Museo Lapidario', 'Museo Radio', 'San Fermo', 'Casa Giulietta']",Casa Giulietta,strategy_nearest,True,0.003187894821166992,success
0472C6429C4C80,1,"['Arena', 'Torre Lamberti']",Palazzo della Ragione,"['AMO', 'Museo Conte', 'Centro Fotografia', 'Sighseeing', 'Santa Anastasia']",Casa Giulietta,strategy_nearest,False,0.0025861263275146484,success
0472C83A9C4C80,0,"['Tomba Giulietta', 'Museo Lapidario']",Arena,"['Verona Tour', 'Museo Radio', 'San Fermo', 'Casa Giulietta', 'Sighseeing']",Casa Giulietta,strategy_nearest,True,0.0034949779510498047,success
0472CE429C4C80,3,"['Arena', 'Teatro Romano', 'Castelvecchio']",Torre Lamberti,"['Sighseeing', 'Centro Fotografia', 'Museo Conte', 'Casa Giulietta', 'Palazzo della Ragione']",Santa Anastasia,strategy_nearest,False,0.002566099166870117,success
0472D8429C4C80,3,"['Teatro Romano', 'Giardino Giusti', 'San Fermo']",Arena,"['Verona Tour', 'Museo Lapidario', 'Museo Radio', 'Casa Giulietta', 'Sighseeing']",Castelvecchio,strategy_nearest,False,0.0024361610412597656,success
0472D93A9C4C80,3,"['Casa Giulietta', 'Arena', 'Tomba Giulietta']",San Fermo,"['Museo Storia', 'Museo Radio', 'Centro Fotografia', 'Sighseeing', 'Torre Lamberti']",Castelvecchio,strategy_nearest,False,0.0033631324768066406,success
0472E23A9C4C80,0,['Arena'],Casa Giulietta,"['Centro Fotografia', 'Sighseeing', 'Torre Lamberti', 'Museo Conte', 'Museo Radio']",Santa Anastasia,strategy_nearest,False,0.0027191638946533203,success
0472DC3A9C4C80,3,"['Museo Lapidario', 'Arena', 'Santa Anastasia']",Duomo,"['AMO', 'Museo Miniscalchi', 'Teatro Romano', 'Palazzo della Ragione', 'Museo Conte']",Torre Lamberti,strategy_nearest,False,0.002779245376586914,success
0472E53A9C4C80,1,['Torre Lamberti'],Palazzo della Ragione,"['AMO', 'Museo Conte', 'Centro Fotografia', 'Sighseeing', 'Santa Anastasia']",Arena,strategy_nearest,False,0.0032668113708496094,success
0472E93A9C4C80,0,"['Casa Giulietta', 'Torre Lamberti']",Arena,"['Verona Tour', 'Museo Lapidario', 'Museo Radio', 'San Fermo', 'Sighseeing']",Castelvecchio,strategy_nearest,False,0.003255128860473633,success
0472FE429C4C80,0,['Arena'],Teatro Romano,"['Santa Anastasia', 'Duomo', 'AMO', 'Palazzo della Ragione', 'Museo Conte']",Duomo,strategy_nearest,True,0.0034439563751220703,success
047311429C4C80,0,['Arena'],Casa Giulietta,"['Centro Fotografia', 'Sighseeing', 'Torre Lamberti', 'Museo Conte', 'Museo Radio']",Torre Lamberti,strategy_nearest,True,0.003298044204711914,success
04730F429C4C80,1,"['Arena', 'Casa Giulietta', 'Santa Anastasia']",Duomo,"['AMO', 'Museo Miniscalchi', 'Teatro Romano', 'Palazzo della Ragione', 'Museo Conte']",Torre Lamberti,strategy_nearest,False,0.0022096633911132812,success
0473164A9C4C80,1,"['Arena', 'Castelvecchio', 'Torre Lamberti']",Palazzo della Ragione,"['AMO', 'Museo Conte', 'Centro Fotografia', 'Sighseeing', 'Santa Anastasia']",Casa Giulietta,strategy_nearest,False,0.0036208629608154297,success
04731C429C4C80,3,"['Duomo', 'Arena']",Castelvecchio,"['Museo Lapidario', 'Verona Tour', 'Museo Radio', 'San Zeno', 'Sighseeing']",Casa Giulietta,strategy_nearest,False,0.0035250186920166016,success
04731C3A9C4C80,3,"['Castelvecchio', 'Teatro Romano']",Santa Anastasia,"['AMO', 'Museo Conte', 'Palazzo della Ragione', 'Centro Fotografia', 'Duomo']",Arena,strategy_nearest,False,0.0022859573364257812,success
04731C3A9C4C84,1,"['Torre Lamberti', 'Palazzo della Ragione']",Teatro Romano,"['Santa Anastasia', 'Duomo', 'AMO', 'Museo Conte', 'Centro Fotografia']",Casa Giulietta,strategy_nearest,False,0.003300905227661133,success
047337429C4C80,1,"['Arena', 'San Fermo', 'Museo Storia', 'Casa Giulietta']",Torre Lamberti,"['Sighseeing', 'Centro Fotografia', 'Museo Conte', 'Palazzo della Ragione', 'AMO']",Palazzo della Ragione,strategy_nearest,True,0.0029969215393066406,success
0473453A9C4C80,0,['Giardino Giusti'],Torre Lamberti,"['Sighseeing', 'Centro Fotografia', 'Museo Conte', 'Casa Giulietta', 'Palazzo della Ragione']",Arena,strategy_nearest,False,0.003325223922729492,success
0473433A9C4C80,2,['Torre Lamberti'],Duomo,"['AMO', 'Museo Miniscalchi', 'Santa Anastasia', 'Teatro Romano', 'Palazzo della Ragione']",Casa Giulietta,strategy_nearest,False,0.002295255661010742,success
0473473A9C4C80,2,"['Giardino Giusti', 'Teatro Romano']",Duomo,"['AMO', 'Museo Miniscalchi', 'Santa Anastasia', 'Palazzo della Ragione', 'Museo Conte']",Castelvecchio,strategy_nearest,False,0.001950979232788086,success
0473383A9C4C80,1,"['Arena', 'Casa Giulietta', 'Torre Lamberti', 'Santa Anastasia']",Duomo,"['AMO', 'Museo Miniscalchi', 'Teatro Romano', 'Palazzo della Ragione', 'Museo Conte']",Teatro Romano,strategy_nearest,True,0.0016880035400390625,success
0473463A9C4C80,0,"['Castelvecchio', 'San Fermo']",Arena,"['Verona Tour', 'Museo Lapidario', 'Museo Radio', 'Casa Giulietta', 'Sighseeing']",Torre Lamberti,strategy_nearest,False,0.0013780593872070312,success
04734C3A9C4C80,1,"['Casa Giulietta', 'San Fermo', 'Santa Anastasia']",Duomo,"['AMO', 'Museo Miniscalchi', 'Teatro Romano', 'Palazzo della Ragione', 'Museo Conte']",Torre Lamberti,strategy_nearest,False,0.002622842788696289,success
04736B429C4C80,1,"['Arena', 'Torre Lamberti']",Palazzo della Ragione,"['AMO', 'Museo Conte', 'Centro Fotografia', 'Sighseeing', 'Santa Anastasia']",Santa Anastasia,strategy_nearest,True,0.0018413066864013672,success
0473523A9C4C80,3,"['Arena', 'Museo Lapidario', 'Castelvecchio', 'Tomba Giulietta']",San Fermo,"['Museo Storia', 'Museo Radio', 'Casa Giulietta', 'Centro Fotografia', 'Sighseeing']",Casa Giulietta,strategy_nearest,True,0.0024912357330322266,success
04736D429C4C80,0,"['Arena', 'Museo Lapidario']",Castelvecchio,"['Verona Tour', 'Museo Radio', 'San Zeno', 'Sighseeing', 'Museo Miniscalchi']",Casa Giulietta,strategy_nearest,False,0.0028209686279296875,success
04737E3A9C4C80,1,"['Arena', 'Casa Giulietta']",Torre Lamberti,"['Sighseeing', 'Centro Fotografia', 'Museo Conte', 'Palazzo della Ragione', 'AMO']",Palazzo della Ragione,strategy_nearest,True,0.003309965133666992,success
04737E429C4C80,0,['Arena'],Castelvecchio,"['Museo Lapidario', 'Verona Tour', 'Museo Radio', 'San Zeno', 'Sighseeing']",Giardino Giusti,strategy_nearest,False,0.0025811195373535156,success
0473804A9C4C80,3,"['Teatro Romano', 'Duomo', 'Santa Anastasia']",Arena,"['Verona Tour', 'Museo Lapidario', 'Museo Radio', 'San Fermo', 'Casa Giulietta']",Castelvecchio,strategy_nearest,False,0.0031762123107910156,success
047385429C4C80,1,['Casa Giulietta'],Duomo,"['AMO', 'Museo Miniscalchi', 'Santa Anastasia', 'Teatro Romano', 'Palazzo della Ragione']",Palazzo della Ragione,strategy_nearest,True,0.002521038055419922,success
0473AB429C4C80,3,['Arena'],Castelvecchio,"['Museo Lapidario', 'Verona Tour', 'Museo Radio', 'San Zeno', 'Sighseeing']",Teatro Romano,strategy_nearest,False,0.003175020217895508,success
0473AF429C4C80,1,"['Arena', 'Castelvecchio']",Casa Giulietta,"['Centro Fotografia', 'Sighseeing', 'Torre Lamberti', 'Museo Conte', 'Museo Radio']",Torre Lamberti,strategy_nearest,True,0.0037817955017089844,success
0473A83A9C4C80,1,"['Arena', 'Torre Lamberti']",Palazzo della Ragione,"['AMO', 'Museo Conte', 'Centro Fotografia', 'Sighseeing', 'Santa Anastasia']",Casa Giulietta,strategy_nearest,False,0.002780914306640625,success
04738F429C4C80,0,['Castelvecchio'],Arena,"['Verona Tour', 'Museo Lapidario', 'Museo Radio', 'San Fermo', 'Casa Giulietta']",Torre Lamberti,strategy_nearest,False,0.00292205810546875,success
0473C13A9C4C80,0,['Castelvecchio'],Arena,"['Verona Tour', 'Museo Lapidario', 'Museo Radio', 'San Fermo', 'Casa Giulietta']",Casa Giulietta,strategy_nearest,True,0.002225160598754883,success
0473C0429C4C80,2,['Casa Giulietta'],Teatro Romano,"['Santa Anastasia', 'Duomo', 'AMO', 'Palazzo della Ragione', 'Museo Conte']",Castelvecchio,strategy_nearest,False,0.004380941390991211,success
0473C3429C4C80,0,['Torre Lamberti'],Casa Giulietta,"['Centro Fotografia', 'Sighseeing', 'Museo Conte', 'Museo Radio', 'Palazzo della Ragione']",Arena,strategy_nearest,False,0.005285739898681641,success
0473C6429C4C80,0,['Arena'],Castelvecchio,"['Museo Lapidario', 'Verona Tour', 'Museo Radio', 'San Zeno', 'Sighseeing']",Casa Giulietta,strategy_nearest,False,0.006134986877441406,success
0473CF429C4C80,1,['Arena'],Castelvecchio,"['Museo Lapidario', 'Verona Tour', 'Museo Radio', 'San Zeno', 'Sighseeing']",Palazzo della Ragione,strategy_nearest,False,0.0020139217376708984,success
0473DD3A9C4C80,0,['Arena'],Duomo,"['AMO', 'Museo Miniscalchi', 'Santa Anastasia', 'Teatro Romano', 'Palazzo della Ragione']",Torre Lamberti,strategy_nearest,False,0.003426074981689453,success
0473D93A9C4C80,2,['Castelvecchio'],Casa Giulietta,"['Centro Fotografia', 'Sighseeing', 'Torre Lamberti', 'Museo Conte', 'Museo Radio']",Torre Lamberti,strategy_nearest,True,0.002974987030029297,success
0473DE3A9C4C80,0,['Castelvecchio'],Arena,"['Verona Tour', 'Museo Lapidario', 'Museo Radio', 'San Fermo', 'Casa Giulietta']",Casa Giulietta,strategy_nearest,True,0.0027430057525634766,success
0473E23A9C4C80,0,['Arena'],Castelvecchio,"['Museo Lapidario', 'Verona Tour', 'Museo Radio', 'San Zeno', 'Sighseeing']",Duomo,strategy_nearest,False,0.003509998321533203,success
0473E33A9C4C80,3,['Arena'],Torre Lamberti,"['Sighseeing', 'Centro Fotografia', 'Museo Conte', 'Casa Giulietta', 'Palazzo della Ragione']",Casa Giulietta,strategy_nearest,True,0.0032210350036621094,success
0473DF3A9C4C80,0,['Arena'],Castelvecchio,"['Museo Lapidario', 'Verona Tour', 'Museo Radio', 'San Zeno', 'Sighseeing']",Teatro Romano,strategy_nearest,False,0.0031540393829345703,success
0473F5429C4C80,0,['Arena'],Duomo,"['AMO', 'Museo Miniscalchi', 'Santa Anastasia', 'Teatro Romano', 'Palazzo della Ragione']",Castelvecchio,strategy_nearest,False,0.0028908252716064453,success
0474133A9C4C80,3,['Arena'],San Zeno,"['Castelvecchio', 'Verona Tour', 'Museo Lapidario', 'Museo Miniscalchi', 'Sighseeing']",Santa Anastasia,strategy_nearest,False,0.0045928955078125,success
047411429C4C80,1,"['Arena', 'Torre Lamberti']",Palazzo della Ragione,"['AMO', 'Museo Conte', 'Centro Fotografia', 'Sighseeing', 'Santa Anastasia']",Casa Giulietta,strategy_nearest,False,0.0038521289825439453,success
0474023A9C4C84,3,"['Arena', 'Casa Giulietta']",Torre Lamberti,"['Sighseeing', 'Centro Fotografia', 'Museo Conte', 'Palazzo della Ragione', 'AMO']",Santa Anastasia,strategy_nearest,False,0.002645730972290039,success
0474133A9C4C84,0,"['Castelvecchio', 'Arena']",Torre Lamberti,"['Sighseeing', 'Centro Fotografia', 'Museo Conte', 'Casa Giulietta', 'Palazzo della Ragione']",Casa Giulietta,strategy_nearest,True,0.004992008209228516,success
047416429C4C80,1,"['Arena', 'Museo Lapidario', 'Castelvecchio']",Torre Lamberti,"['Sighseeing', 'Centro Fotografia', 'Museo Conte', 'Casa Giulietta', 'Palazzo della Ragione']",Palazzo della Ragione,strategy_nearest,True,0.0014760494232177734,success
0474163A9C4C84,1,"['Museo Lapidario', 'Arena']",San Fermo,"['Museo Storia', 'Museo Radio', 'Casa Giulietta', 'Centro Fotografia', 'Sighseeing']",Casa Giulietta,strategy_nearest,True,0.002340078353881836,success
0474173A9C4C84,0,['Arena'],Torre Lamberti,"['Sighseeing', 'Centro Fotografia', 'Museo Conte', 'Casa Giulietta', 'Palazzo della Ragione']",Casa Giulietta,strategy_nearest,True,0.0031168460845947266,success
0474203A9C4C84,1,['Arena'],Torre Lamberti,"['Sighseeing', 'Centro Fotografia', 'Museo Conte', 'Casa Giulietta', 'Palazzo della Ragione']",Palazzo della Ragione,strategy_nearest,True,0.0032279491424560547,success
047440429C4C80,0,"['Teatro Romano', 'Casa Giulietta']",Arena,"['Verona Tour', 'Museo Lapidario', 'Museo Radio', 'San Fermo', 'Sighseeing']",Castelvecchio,strategy_nearest,False,0.0027740001678466797,success
0474263A9C4C84,0,['Arena'],Casa Giulietta,"['Centro Fotografia', 'Sighseeing', 'Torre Lamberti', 'Museo Conte', 'Museo Radio']",Torre Lamberti,strategy_nearest,True,0.002786874771118164,success
04743D3A9C4C80,1,"['Arena', 'Casa Giulietta', 'San Fermo', 'Torre Lamberti']",Palazzo della Ragione,"['AMO', 'Museo Conte', 'Centro Fotografia', 'Sighseeing', 'Santa Anastasia']",Santa Anastasia,strategy_nearest,True,0.0027618408203125,success
0474433A9C4C80,0,['Torre Lamberti'],Arena,"['Verona Tour', 'Museo Lapidario', 'Museo Radio', 'San Fermo', 'Casa Giulietta']",San Fermo,strategy_nearest,True,0.003677845001220703,success
0474463A9C4C80,0,['Torre Lamberti'],Arena,"['Verona Tour', 'Museo Lapidario', 'Museo Radio', 'San Fermo', 'Casa Giulietta']",Tomba Giulietta,strategy_nearest,False,0.0027849674224853516,success
04744F3A9C4C80,0,"['Arena', 'Torre Lamberti']",San Fermo,"['Museo Storia', 'Museo Radio', 'Casa Giulietta', 'Centro Fotografia', 'Sighseeing']",Giardino Giusti,strategy_nearest,False,0.0035390853881835938,success
047450429C4C80,1,"['Torre Lamberti', 'Palazzo della Ragione']",Casa Giulietta,"['Centro Fotografia', 'Sighseeing', 'Museo Conte', 'Museo Radio', 'San Fermo']",Arena,strategy_nearest,False,0.0032770633697509766,success
04745A429C4C80,1,"['Arena', 'Casa Giulietta']",Torre Lamberti,"['Sighseeing', 'Centro Fotografia', 'Museo Conte', 'Palazzo della Ragione', 'AMO']",Palazzo della Ragione,strategy_nearest,True,0.002101898193359375,success
04746D429C4C80,0,"['Arena', 'Museo Lapidario']",Castelvecchio,"['Verona Tour', 'Museo Radio', 'San Zeno', 'Sighseeing', 'Museo Miniscalchi']",Casa Giulietta,strategy_nearest,False,0.002978086471557617,success
047464429C4C80,1,"['Arena', 'Casa Giulietta']",Santa Anastasia,"['AMO', 'Museo Conte', 'Palazzo della Ragione', 'Teatro Romano', 'Centro Fotografia']",Torre Lamberti,strategy_nearest,False,0.0025968551635742188,success
047477429C4C80,3,"['Arena', 'Museo Lapidario', 'Castelvecchio']",Casa Giulietta,"['Centro Fotografia', 'Sighseeing', 'Torre Lamberti', 'Museo Conte', 'Museo Radio']",San Fermo,strategy_nearest,False,0.0022699832916259766,success
04747B429C4C80,3,['Arena'],Torre Lamberti,"['Sighseeing', 'Centro Fotografia', 'Museo Conte', 'Casa Giulietta', 'Palazzo della Ragione']",Casa Giulietta,strategy_nearest,True,0.0020780563354492188,success
04747E429C4C80,0,['Arena'],Casa Giulietta,"['Centro Fotografia', 'Sighseeing', 'Torre Lamberti', 'Museo Conte', 'Museo Radio']",Torre Lamberti,strategy_nearest,True,0.0025849342346191406,success
04747C3A9C4C80,0,['Arena'],Casa Giulietta,"['Centro Fotografia', 'Sighseeing', 'Torre Lamberti', 'Museo Conte', 'Museo Radio']",Castelvecchio,strategy_nearest,False,0.0035898685455322266,success
04747F429C4C80,3,"['Arena', 'Casa Giulietta']",Santa Anastasia,"['AMO', 'Museo Conte', 'Palazzo della Ragione', 'Teatro Romano', 'Centro Fotografia']",Duomo,strategy_nearest,False,0.003480672836303711,success
0474883A9C4C80,1,"['Arena', 'Casa Giulietta']",Palazzo della Ragione,"['AMO', 'Museo Conte', 'Torre Lamberti', 'Centro Fotografia', 'Sighseeing']",Torre Lamberti,strategy_nearest,True,0.001990795135498047,success
0474894A9C4C80,3,"['Arena', 'Castelvecchio']",San Zeno,"['Verona Tour', 'Museo Lapidario', 'Museo Miniscalchi', 'Sighseeing', 'Museo Radio']",San Fermo,strategy_nearest,False,0.0025179386138916016,success
04748E4A9C4C80,3,"['Arena', 'Casa Giulietta']",Torre Lamberti,"['Sighseeing', 'Centro Fotografia', 'Museo Conte', 'Palazzo della Ragione', 'AMO']",Santa Anastasia,strategy_nearest,False,0.0038580894470214844,success
0474A34A9C4C80,3,['Arena'],Casa Giulietta,"['Centro Fotografia', 'Sighseeing', 'Torre Lamberti', 'Museo Conte', 'Museo Radio']",Torre Lamberti,strategy_nearest,True,0.002756834030151367,success
0474A7429C4C80,1,"['Arena', 'Museo Lapidario']",Casa Giulietta,"['Centro Fotografia', 'Sighseeing', 'Torre Lamberti', 'Museo Conte', 'Museo Radio']",Torre Lamberti,strategy_nearest,True,0.004256010055541992,success
0474A9429C4C80,0,"['Arena', 'Museo Lapidario']",Castelvecchio,"['Verona Tour', 'Museo Radio', 'San Zeno', 'Sighseeing', 'Museo Miniscalchi']",Torre Lamberti,strategy_nearest,False,0.003164052963256836,success
0474CC3A9C4C80,1,"['Arena', 'Palazzo della Ragione']",Castelvecchio,"['Museo Lapidario', 'Verona Tour', 'Museo Radio', 'San Zeno', 'Sighseeing']",San Fermo,strategy_nearest,False,0.002301931381225586,success
0474C63A9C4C80,0,['Arena'],Castelvecchio,"['Museo Lapidario', 'Verona Tour', 'Museo Radio', 'San Zeno', 'Sighseeing']",Teatro Romano,strategy_nearest,False,0.0036101341247558594,success
0474CF3A9C4C80,1,"['Arena', 'Casa Giulietta']",Santa Anastasia,"['AMO', 'Museo Conte', 'Palazzo della Ragione', 'Teatro Romano', 'Centro Fotografia']",Palazzo della Ragione,strategy_nearest,True,0.001641988754272461,success
0474D7429C4C80,3,"['Torre Lamberti', 'Santa Anastasia']",Duomo,"['AMO', 'Museo Miniscalchi', 'Teatro Romano', 'Palazzo della Ragione', 'Museo Conte']",Arena,strategy_nearest,False,0.0034089088439941406,success
0474F8429C4C80,0,['Arena'],Casa Giulietta,"['Centro Fotografia', 'Sighseeing', 'Torre Lamberti', 'Museo Conte', 'Museo Radio']",Santa Anastasia,strategy_nearest,False,0.0028219223022460938,success
0474EF3A9C4C80,3,"['Arena', 'Casa Giulietta', 'Torre Lamberti']",Castelvecchio,"['Museo Lapidario', 'Verona Tour', 'Museo Radio', 'San Zeno', 'Sighseeing']",Tomba Giulietta,strategy_nearest,False,0.002973318099975586,success
0474F5429C4C80,0,"['Arena', 'Casa Giulietta']",Duomo,"['AMO', 'Museo Miniscalchi', 'Santa Anastasia', 'Teatro Romano', 'Palazzo della Ragione']",Castelvecchio,strategy_nearest,False,0.0023338794708251953,success
047510429C4C80,1,"['Arena', 'Museo Lapidario', 'Castelvecchio']",Torre Lamberti,"['Sighseeing', 'Centro Fotografia', 'Museo Conte', 'Casa Giulietta', 'Palazzo della Ragione']",Palazzo della Ragione,strategy_nearest,True,0.0034019947052001953,success
0475113A9C4C84,0,['Arena'],Tomba Giulietta,"['San Fermo', 'Museo Storia', 'Museo Lapidario', 'Museo Radio', 'Verona Tour']",Casa Giulietta,strategy_nearest,False,0.0017578601837158203,success
0475173A9C4C80,0,['Arena'],Casa Giulietta,"['Centro Fotografia', 'Sighseeing', 'Torre Lamberti', 'Museo Conte', 'Museo Radio']",Torre Lamberti,strategy_nearest,True,0.0026628971099853516,success
047519429C4C80,1,"['Arena', 'Casa Giulietta']",Torre Lamberti,"['Sighseeing', 'Centro Fotografia', 'Museo Conte', 'Palazzo della Ragione', 'AMO']",Palazzo della Ragione,strategy_nearest,True,0.0035457611083984375,success
047514429C4C80,0,['Arena'],Casa Giulietta,"['Centro Fotografia', 'Sighseeing', 'Torre Lamberti', 'Museo Conte', 'Museo Radio']",San Zeno,strategy_nearest,False,0.002991199493408203,success
04751C4A9C4C80,1,"['Arena', 'Museo Lapidario', 'Castelvecchio', 'Tomba Giulietta']",San Fermo,"['Museo Storia', 'Museo Radio', 'Casa Giulietta', 'Centro Fotografia', 'Sighseeing']",Casa Giulietta,strategy_nearest,True,0.003215312957763672,success
04751D429C4C80,1,"['Casa Giulietta', 'Palazzo della Ragione', 'Torre Lamberti']",Castelvecchio,"['Museo Lapidario', 'Verona Tour', 'Arena', 'Museo Radio', 'San Zeno']",Arena,strategy_nearest,True,0.0027120113372802734,success
04751F3A9C4C84,2,['Casa Giulietta'],Torre Lamberti,"['Sighseeing', 'Centro Fotografia', 'Museo Conte', 'Palazzo della Ragione', 'AMO']",Castelvecchio,strategy_nearest,False,0.0021810531616210938,success
0475213A9C4C84,2,"['Museo Lapidario', 'Casa Giulietta']",Torre Lamberti,"['Sighseeing', 'Centro Fotografia', 'Museo Conte', 'Palazzo della Ragione', 'AMO']",Palazzo della Ragione,strategy_nearest,True,0.002758026123046875,success
0475203A9C4C84,1,"['Arena', 'Casa Giulietta', 'Casa Giulietta']",San Fermo,"['Museo Storia', 'Museo Radio', 'Centro Fotografia', 'Sighseeing', 'Torre Lamberti']",Santa Anastasia,strategy_nearest,False,0.0032281875610351562,success
0475243A9C4C84,1,"['Arena', 'Palazzo della Ragione']",Casa Giulietta,"['Centro Fotografia', 'Sighseeing', 'Torre Lamberti', 'Museo Conte', 'Museo Radio']",Santa Anastasia,strategy_nearest,False,0.0018410682678222656,success
0475223A9C4C84,3,"['Arena', 'Casa Giulietta']",Torre Lamberti,"['Sighseeing', 'Centro Fotografia', 'Museo Conte', 'Palazzo della Ragione', 'AMO']",Santa Anastasia,strategy_nearest,False,0.0034830570220947266,success
0475274A9C4C80,1,"['Torre Lamberti', 'Palazzo della Ragione', 'Teatro Romano']",Giardino Giusti,"['Santa Anastasia', 'Museo Conte', 'Centro Fotografia', 'Museo Storia', 'AMO']",Arena,strategy_nearest,False,0.0027709007263183594,success
04752B4A9C4C80,1,"['Castelvecchio', 'Arena', 'San Fermo']",Museo Storia,"['Museo Radio', 'Casa Giulietta', 'Centro Fotografia', 'Tomba Giulietta', 'Torre Lamberti']",Teatro Romano,strategy_nearest,False,0.0020592212677001953,success
04752D3A9C4C80,3,"['Arena', 'Torre Lamberti', 'Casa Giulietta']",Santa Anastasia,"['AMO', 'Museo Conte', 'Palazzo della Ragione', 'Teatro Romano', 'Centro Fotografia']",Teatro Romano,strategy_nearest,True,0.0027189254760742188,success
04753C3A9C4C80,3,"['Torre Lamberti', 'Duomo']",Duomo,"['AMO', 'Museo Miniscalchi', 'Santa Anastasia', 'Teatro Romano', 'Palazzo della Ragione']",San Fermo,strategy_nearest,False,0.002696990966796875,success
04753E429C4C80,1,"['Arena', 'Casa Giulietta']",Palazzo della Ragione,"['AMO', 'Museo Conte', 'Torre Lamberti', 'Centro Fotografia', 'Sighseeing']",Teatro Romano,strategy_nearest,False,0.0028579235076904297,success
04753E3A9C4C80,3,"['Castelvecchio', 'Arena']",Santa Anastasia,"['AMO', 'Museo Conte', 'Palazzo della Ragione', 'Teatro Romano', 'Centro Fotografia']",Casa Giulietta,strategy_nearest,False,0.0020530223846435547,success
0475403A9C4C80,0,['Arena'],Casa Giulietta,"['Centro Fotografia', 'Sighseeing', 'Torre Lamberti', 'Museo Conte', 'Museo Radio']",Torre Lamberti,strategy_nearest,True,0.003237009048461914,success
047547429C4C80,1,"['Arena', 'Castelvecchio', 'San Zeno', 'Santa Anastasia']",Casa Giulietta,"['Centro Fotografia', 'Sighseeing', 'Torre Lamberti', 'Museo Conte', 'Museo Radio']",Palazzo della Ragione,strategy_nearest,False,0.0033109188079833984,success
04755C3A9C4C80,1,['Palazzo della Ragione'],Arena,"['Verona Tour', 'Museo Lapidario', 'Museo Radio', 'San Fermo', 'Casa Giulietta']",Casa Giulietta,strategy_nearest,True,0.002529144287109375,success
047554429C4C80,0,['Arena'],Casa Giulietta,"['Centro Fotografia', 'Sighseeing', 'Torre Lamberti', 'Museo Conte', 'Museo Radio']",Duomo,strategy_nearest,False,0.0029299259185791016,success
04755A429C4C80,0,['Arena'],Casa Giulietta,"['Centro Fotografia', 'Sighseeing', 'Torre Lamberti', 'Museo Conte', 'Museo Radio']",Santa Anastasia,strategy_nearest,False,0.0035619735717773438,success
047561429C4C80,0,['Torre Lamberti'],Casa Giulietta,"['Centro Fotografia', 'Sighseeing', 'Museo Conte', 'Museo Radio', 'Palazzo della Ragione']",Arena,strategy_nearest,False,0.0034749507904052734,success
047561C27B3F80,1,"['Castelvecchio', 'San Zeno', 'Giardino Giusti']",Torre Lamberti,"['Sighseeing', 'Centro Fotografia', 'Museo Conte', 'Casa Giulietta', 'Palazzo della Ragione']",Palazzo della Ragione,strategy_nearest,True,0.0037250518798828125,success
047567C27B3F80,0,['Casa Giulietta'],Arena,"['Verona Tour', 'Museo Lapidario', 'Museo Radio', 'San Fermo', 'Sighseeing']",Torre Lamberti,strategy_nearest,False,0.002317190170288086,success
04756C429C4C80,0,['Arena'],Casa Giulietta,"['Centro Fotografia', 'Sighseeing', 'Torre Lamberti', 'Museo Conte', 'Museo Radio']",Duomo,strategy_nearest,False,0.0034568309783935547,success
04756A3A9C4C80,1,"['Arena', 'Casa Giulietta', 'Palazzo della Ragione']",Torre Lamberti,"['Sighseeing', 'Centro Fotografia', 'Museo Conte', 'AMO', 'Museo Miniscalchi']",Tomba Giulietta,strategy_nearest,False,0.0038309097290039062,success
047577429C4C80,3,"['Arena', 'Casa Giulietta']",Torre Lamberti,"['Sighseeing', 'Centro Fotografia', 'Museo Conte', 'Palazzo della Ragione', 'AMO']",Santa Anastasia,strategy_nearest,False,0.00337982177734375,success
04757E3A9C4C80,0,['Castelvecchio'],Arena,"['Verona Tour', 'Museo Lapidario', 'Museo Radio', 'San Fermo', 'Casa Giulietta']",Casa Giulietta,strategy_nearest,True,0.0018889904022216797,success
04757FC27B3F80,1,"['Duomo', 'Castelvecchio', 'San Zeno', 'Giardino Giusti']",Torre Lamberti,"['Sighseeing', 'Centro Fotografia', 'Museo Conte', 'Casa Giulietta', 'Palazzo della Ragione']",Palazzo della Ragione,strategy_nearest,True,0.002740144729614258,success
0475864A9C4C80,0,['Arena'],Casa Giulietta,"['Centro Fotografia', 'Sighseeing', 'Torre Lamberti', 'Museo Conte', 'Museo Radio']",Teatro Romano,strategy_nearest,False,0.002871990203857422,success
047580C27B3F80,3,"['Santa Anastasia', 'Casa Giulietta', 'Torre Lamberti']",Arena,"['Verona Tour', 'Museo Lapidario', 'Museo Radio', 'San Fermo', 'Sighseeing']",Teatro Romano,strategy_nearest,False,0.002216815948486328,success
04758E429C4C80,1,"['Torre Lamberti', 'Palazzo della Ragione', 'Casa Giulietta']",Castelvecchio,"['Museo Lapidario', 'Verona Tour', 'Arena', 'Museo Radio', 'San Zeno']",Arena,strategy_nearest,True,0.0029897689819335938,success
04758D4A9C4C80,0,['Arena'],Castelvecchio,"['Museo Lapidario', 'Verona Tour', 'Museo Radio', 'San Zeno', 'Sighseeing']",Torre Lamberti,strategy_nearest,False,0.0036611557006835938,success
0475AB429C4C80,0,"['Casa Giulietta', 'San Fermo']",Arena,"['Verona Tour', 'Museo Lapidario', 'Museo Radio', 'Sighseeing', 'Castelvecchio']",Castelvecchio,strategy_nearest,True,0.0025780200958251953,success
0475AB3A9C4C80,2,['Casa Giulietta'],Castelvecchio,"['Museo Lapidario', 'Verona Tour', 'Arena', 'Museo Radio', 'San Zeno']",Teatro Romano,strategy_nearest,False,0.0034160614013671875,success
0475A6C27B3F80,3,"['Duomo', 'Santa Anastasia', 'Arena']",Castelvecchio,"['Museo Lapidario', 'Verona Tour', 'Museo Radio', 'San Zeno', 'Sighseeing']",Casa Giulietta,strategy_nearest,False,0.003568887710571289,success
0475AA3A9C4C80,1,['Arena'],Palazzo della Ragione,"['AMO', 'Museo Conte', 'Torre Lamberti', 'Centro Fotografia', 'Sighseeing']",Casa Giulietta,strategy_nearest,False,0.0028700828552246094,success
0475B13A9C4C80,0,['Arena'],Casa Giulietta,"['Centro Fotografia', 'Sighseeing', 'Torre Lamberti', 'Museo Conte', 'Museo Radio']",Torre Lamberti,strategy_nearest,True,0.0015659332275390625,success
0475B43A9C4C80,0,['Arena'],Casa Giulietta,"['Centro Fotografia', 'Sighseeing', 'Torre Lamberti', 'Museo Conte', 'Museo Radio']",Castelvecchio,strategy_nearest,False,0.0032989978790283203,success
0475B3429C4C80,1,"['Arena', 'Torre Lamberti', 'Palazzo della Ragione']",Casa Giulietta,"['Centro Fotografia', 'Sighseeing', 'Museo Conte', 'Museo Radio', 'San Fermo']",Duomo,strategy_nearest,False,0.002701997756958008,success
0475B0429C4C80,2,['Casa Giulietta'],Santa Anastasia,"['AMO', 'Museo Conte', 'Palazzo della Ragione', 'Teatro Romano', 'Centro Fotografia']",Duomo,strategy_nearest,False,0.002248048782348633,success
0475C93A9C4C80,0,"['Arena', 'Museo Lapidario']",San Zeno,"['Castelvecchio', 'Verona Tour', 'Museo Miniscalchi', 'Sighseeing', 'Museo Radio']",Castelvecchio,strategy_nearest,True,0.002301931381225586,success
0475C9429C4C80,0,['Torre Lamberti'],Casa Giulietta,"['Centro Fotografia', 'Sighseeing', 'Museo Conte', 'Museo Radio', 'Palazzo della Ragione']",Arena,strategy_nearest,False,0.003154754638671875,success
0475CA429C4C80,3,"['Casa Giulietta', 'Santa Anastasia', 'Teatro Romano']",Tomba Giulietta,"['San Fermo', 'Museo Storia', 'Arena', 'Museo Lapidario', 'Museo Radio']",Arena,strategy_nearest,True,0.003607034683227539,success
0475CD429C4C80,0,['Arena'],Casa Giulietta,"['Centro Fotografia', 'Sighseeing', 'Torre Lamberti', 'Museo Conte', 'Museo Radio']",Tomba Giulietta,strategy_nearest,False,0.004201173782348633,success
0475DD3A9C4C80,3,"['Arena', 'Casa Giulietta']",Santa Anastasia,"['AMO', 'Museo Conte', 'Palazzo della Ragione', 'Teatro Romano', 'Centro Fotografia']",Duomo,strategy_nearest,False,0.0019490718841552734,success
0475E43A9C4C80,3,"['Arena', 'Casa Giulietta']",Torre Lamberti,"['Sighseeing', 'Centro Fotografia', 'Museo Conte', 'Palazzo della Ragione', 'AMO']",Santa Anastasia,strategy_nearest,False,0.002766847610473633,success
0475F43A9C4C80,0,"['Arena', 'Castelvecchio']",Casa Giulietta,"['Centro Fotografia', 'Sighseeing', 'Torre Lamberti', 'Museo Conte', 'Museo Radio']",Torre Lamberti,strategy_nearest,True,0.002595186233520508,success
0475EB3A9C4C80,1,['Arena'],Santa Anastasia,"['AMO', 'Museo Conte', 'Palazzo della Ragione', 'Teatro Romano', 'Centro Fotografia']",Palazzo della Ragione,strategy_nearest,True,0.003835916519165039,success
04760C429C4C84,3,"['Castelvecchio', 'San Zeno']",Duomo,"['AMO', 'Museo Miniscalchi', 'Santa Anastasia', 'Teatro Romano', 'Palazzo della Ragione']",Santa Anastasia,strategy_nearest,True,0.004238128662109375,success
047610429C4C84,1,"['Torre Lamberti', 'Duomo', 'Teatro Romano', 'Casa Giulietta']",Arena,"['Verona Tour', 'Museo Lapidario', 'Museo Radio', 'San Fermo', 'Sighseeing']",Castelvecchio,strategy_nearest,False,0.0024840831756591797,success
04760A3A9C4C84,1,"['Duomo', 'Palazzo della Ragione']",Torre Lamberti,"['Sighseeing', 'Centro Fotografia', 'Museo Conte', 'Casa Giulietta', 'AMO']",Torre Lamberti,strategy_nearest,False,0.0036711692810058594,success
0476113A9C4C80,0,['San Zeno'],Arena,"['Verona Tour', 'Museo Lapidario', 'Museo Radio', 'San Fermo', 'Casa Giulietta']",Torre Lamberti,strategy_nearest,False,0.002560138702392578,success
047613429C4C80,1,"['Arena', 'Casa Giulietta', 'Torre Lamberti']",Palazzo della Ragione,"['AMO', 'Museo Conte', 'Centro Fotografia', 'Sighseeing', 'Santa Anastasia']",Santa Anastasia,strategy_nearest,True,0.0020470619201660156,success
0476173A9C4C80,0,['Arena'],Casa Giulietta,"['Centro Fotografia', 'Sighseeing', 'Torre Lamberti', 'Museo Conte', 'Museo Radio']",Torre Lamberti,strategy_nearest,True,0.003690958023071289,success
047614429C4C80,1,"['Arena', 'Casa Giulietta']",Palazzo della Ragione,"['AMO', 'Museo Conte', 'Torre Lamberti', 'Centro Fotografia', 'Sighseeing']",Torre Lamberti,strategy_nearest,True,0.0028510093688964844,success
0476173A9C4C84,1,"['Torre Lamberti', 'Palazzo della Ragione', 'Duomo']",Teatro Romano,"['Santa Anastasia', 'AMO', 'Museo Conte', 'Centro Fotografia', 'Museo Miniscalchi']",Casa Giulietta,strategy_nearest,False,0.0032782554626464844,success
0476193A9C4C84,0,['Torre Lamberti'],Casa Giulietta,"['Centro Fotografia', 'Sighseeing', 'Museo Conte', 'Museo Radio', 'Palazzo della Ragione']",Arena,strategy_nearest,False,0.003259897232055664,success
047619429C4C80,1,['Torre Lamberti'],Palazzo della Ragione,"['AMO', 'Museo Conte', 'Centro Fotografia', 'Sighseeing', 'Santa Anastasia']",Arena,strategy_nearest,False,0.0039119720458984375,success
04761E3A9C4C84,0,['Arena'],Castelvecchio,"['Museo Lapidario', 'Verona Tour', 'Museo Radio', 'San Zeno', 'Sighseeing']",Casa Giulietta,strategy_nearest,False,0.0026209354400634766,success
04761E429C4C84,3,"['Arena', 'Casa Giulietta', 'Torre Lamberti']",Santa Anastasia,"['AMO', 'Museo Conte', 'Palazzo della Ragione', 'Teatro Romano', 'Centro Fotografia']",San Zeno,strategy_nearest,False,0.0019750595092773438,success
0476223A9C4C84,3,['Torre Lamberti'],Casa Giulietta,"['Centro Fotografia', 'Sighseeing', 'Museo Conte', 'Museo Radio', 'Palazzo della Ragione']",Santa Anastasia,strategy_nearest,False,0.0033249855041503906,success
047624429C4C84,1,"['Arena', 'Castelvecchio', 'Palazzo della Ragione']",Torre Lamberti,"['Sighseeing', 'Centro Fotografia', 'Museo Conte', 'Casa Giulietta', 'AMO']",Casa Giulietta,strategy_nearest,True,0.0023348331451416016,success
0476243A9C4C84,1,['Arena'],Torre Lamberti,"['Sighseeing', 'Centro Fotografia', 'Museo Conte', 'Casa Giulietta', 'Palazzo della Ragione']",Palazzo della Ragione,strategy_nearest,True,0.0030951499938964844,success
0476274A9C4C80,1,"['Teatro Romano', 'Arena', 'Castelvecchio', 'Torre Lamberti']",Casa Giulietta,"['Centro Fotografia', 'Sighseeing', 'Museo Conte', 'Museo Radio', 'Palazzo della Ragione']",San Fermo,strategy_nearest,False,0.002735137939453125,success
0476283A9C4C80,2,['Torre Lamberti'],Palazzo della Ragione,"['AMO', 'Museo Conte', 'Centro Fotografia', 'Sighseeing', 'Santa Anastasia']",Castelvecchio,strategy_nearest,False,0.0033311843872070312,success
047640C27B3F80,0,"['Teatro Romano', 'Arena']",Casa Giulietta,"['Centro Fotografia', 'Sighseeing', 'Torre Lamberti', 'Museo Conte', 'Museo Radio']",Tomba Giulietta,strategy_nearest,False,0.0026268959045410156,success
04763D3A9C4C80,2,['Castelvecchio'],Casa Giulietta,"['Centro Fotografia', 'Sighseeing', 'Torre Lamberti', 'Museo Conte', 'Museo Radio']",Santa Anastasia,strategy_nearest,False,0.0023059844970703125,success
04763E3A9C4C80,3,"['Torre Lamberti', 'Santa Anastasia', 'Casa Giulietta']",Castelvecchio,"['Museo Lapidario', 'Verona Tour', 'Arena', 'Museo Radio', 'San Zeno']",Arena,strategy_nearest,True,0.0034568309783935547,success
0476383A9C4C80,0,['Arena'],Castelvecchio,"['Museo Lapidario', 'Verona Tour', 'Museo Radio', 'San Zeno', 'Sighseeing']",Teatro Romano,strategy_nearest,False,0.0023469924926757812,success
0476443A9C4C80,1,['Arena'],Casa Giulietta,"['Centro Fotografia', 'Sighseeing', 'Torre Lamberti', 'Museo Conte', 'Museo Radio']",Palazzo della Ragione,strategy_nearest,False,0.001363992691040039,success
047649C27B3F80,3,"['Arena', 'Casa Giulietta', 'Torre Lamberti']",San Zeno,"['Castelvecchio', 'Verona Tour', 'Museo Lapidario', 'Museo Miniscalchi', 'Sighseeing']",Castelvecchio,strategy_nearest,True,0.002151012420654297,success
0476503A9C4C80,3,"['Arena', 'Torre Lamberti', 'Casa Giulietta']",Castelvecchio,"['Museo Lapidario', 'Verona Tour', 'Museo Radio', 'San Zeno', 'Sighseeing']",Santa Anastasia,strategy_nearest,False,0.003699064254760742,success
047648C27B3F80,1,"['Santa Anastasia', 'Duomo', 'Arena', 'Torre Lamberti']",Palazzo della Ragione,"['AMO', 'Museo Conte', 'Centro Fotografia', 'Sighseeing', 'Museo Miniscalchi']",Teatro Romano,strategy_nearest,False,0.002946138381958008,success
047651429C4C80,3,"['Arena', 'Castelvecchio']",Duomo,"['AMO', 'Museo Miniscalchi', 'Santa Anastasia', 'Teatro Romano', 'Palazzo della Ragione']",Santa Anastasia,strategy_nearest,True,0.00203704833984375,success
047652C27B3F80,3,"['Duomo', 'Santa Anastasia', 'Arena']",Castelvecchio,"['Museo Lapidario', 'Verona Tour', 'Museo Radio', 'San Zeno', 'Sighseeing']",Casa Giulietta,strategy_nearest,False,0.0026750564575195312,success
047650429C4C80,1,['Arena'],Casa Giulietta,"['Centro Fotografia', 'Sighseeing', 'Torre Lamberti', 'Museo Conte', 'Museo Radio']",Palazzo della Ragione,strategy_nearest,False,0.004352092742919922,success
047652429C4C80,0,['Arena'],Duomo,"['AMO', 'Museo Miniscalchi', 'Santa Anastasia', 'Teatro Romano', 'Palazzo della Ragione']",Casa Giulietta,strategy_nearest,False,0.004029989242553711,success
047655C27B3F80,2,['Santa Anastasia'],Casa Giulietta,"['Centro Fotografia', 'Sighseeing', 'Torre Lamberti', 'Museo Conte', 'Museo Radio']",Casa Giulietta,strategy_nearest,False,0.0026972293853759766,success
047659C27B3F80,0,"['Teatro Romano', 'Arena']",Casa Giulietta,"['Centro Fotografia', 'Sighseeing', 'Torre Lamberti', 'Museo Conte', 'Museo Radio']",Tomba Giulietta,strategy_nearest,False,0.0045909881591796875,success
04765BC27B3F80,0,"['Castelvecchio', 'Arena']",Casa Giulietta,"['Centro Fotografia', 'Sighseeing', 'Torre Lamberti', 'Museo Conte', 'Museo Radio']",Teatro Romano,strategy_nearest,False,0.002947092056274414,success
04766B429C4C80,2,['Casa Giulietta'],Casa Giulietta,"['Centro Fotografia', 'Sighseeing', 'Torre Lamberti', 'Museo Conte', 'Museo Radio']",Teatro Romano,strategy_nearest,False,0.0017809867858886719,success
04766C429C4C80,0,['Arena'],Casa Giulietta,"['Centro Fotografia', 'Sighseeing', 'Torre Lamberti', 'Museo Conte', 'Museo Radio']",Santa Anastasia,strategy_nearest,False,0.0027823448181152344,success
0476793A9C4C80,1,"['Casa Giulietta', 'Torre Lamberti']",Palazzo della Ragione,"['AMO', 'Museo Conte', 'Centro Fotografia', 'Sighseeing', 'Santa Anastasia']",Arena,strategy_nearest,False,0.0026350021362304688,success
047678C27B3F80,1,"['Santa Anastasia', 'Duomo', 'Arena', 'Torre Lamberti']",Palazzo della Ragione,"['AMO', 'Museo Conte', 'Centro Fotografia', 'Sighseeing', 'Museo Miniscalchi']",Teatro Romano,strategy_nearest,False,0.002216815948486328,success
047679C27B3F80,3,"['Arena', 'Casa Giulietta', 'Torre Lamberti']",San Zeno,"['Castelvecchio', 'Verona Tour', 'Museo Lapidario', 'Museo Miniscalchi', 'Sighseeing']",Castelvecchio,strategy_nearest,True,0.003220081329345703,success
0476864A9C4C80,3,"['Arena', 'Castelvecchio']",San Fermo,"['Museo Storia', 'Museo Radio', 'Casa Giulietta', 'Centro Fotografia', 'Sighseeing']",Torre Lamberti,strategy_nearest,False,0.0015978813171386719,success
04767D429C4C80,2,"['Casa Giulietta', 'Torre Lamberti', 'Palazzo della Ragione']",San Zeno,"['Castelvecchio', 'Verona Tour', 'Museo Lapidario', 'Arena', 'Museo Miniscalchi']",Santa Anastasia,strategy_nearest,False,0.0029811859130859375,success
0476863A9C4C80,3,"['Tomba Giulietta', 'Casa Giulietta', 'Torre Lamberti']",Santa Anastasia,"['AMO', 'Museo Conte', 'Palazzo della Ragione', 'Teatro Romano', 'Centro Fotografia']",Duomo,strategy_nearest,False,0.003587961196899414,success
0476874A9C4C80,1,"['Arena', 'Tomba Giulietta', 'Casa Giulietta']",Palazzo della Ragione,"['AMO', 'Museo Conte', 'Torre Lamberti', 'Centro Fotografia', 'Sighseeing']",Torre Lamberti,strategy_nearest,True,0.0034189224243164062,success
04768C3A9C4C80,0,"['Castelvecchio', 'Torre Lamberti']",Casa Giulietta,"['Centro Fotografia', 'Sighseeing', 'Museo Conte', 'Museo Radio', 'Palazzo della Ragione']",Museo Storia,strategy_nearest,False,0.0020599365234375,success
0476894A9C4C80,1,"['Arena', 'Casa Giulietta']",Palazzo della Ragione,"['AMO', 'Museo Conte', 'Torre Lamberti', 'Centro Fotografia', 'Sighseeing']",Santa Anastasia,strategy_nearest,False,0.0031020641326904297,success
04768D3A9C4C80,3,"['Arena', 'Santa Anastasia']",Duomo,"['AMO', 'Museo Miniscalchi', 'Teatro Romano', 'Palazzo della Ragione', 'Museo Conte']",Teatro Romano,strategy_nearest,True,0.0038177967071533203,success
04768F429C4C80,3,"['Arena', 'Casa Giulietta', 'Torre Lamberti']",Santa Anastasia,"['AMO', 'Museo Conte', 'Palazzo della Ragione', 'Teatro Romano', 'Centro Fotografia']",Duomo,strategy_nearest,False,0.0023810863494873047,success
0476A7429C4C80,3,['Arena'],San Zeno,"['Castelvecchio', 'Verona Tour', 'Museo Lapidario', 'Museo Miniscalchi', 'Sighseeing']",Torre Lamberti,strategy_nearest,False,0.0034401416778564453,success
047690C27B3F80,1,"['Teatro Romano', 'San Fermo', 'Castelvecchio', 'San Zeno']",Arena,"['Verona Tour', 'Museo Lapidario', 'Museo Radio', 'Casa Giulietta', 'Sighseeing']",Duomo,strategy_nearest,False,0.002727031707763672,success
0476A8C27B3F80,3,"['Santa Anastasia', 'Casa Giulietta', 'Torre Lamberti']",Arena,"['Verona Tour', 'Museo Lapidario', 'Museo Radio', 'San Fermo', 'Sighseeing']",Teatro Romano,strategy_nearest,False,0.003161907196044922,success
0476A9C27B3F80,3,"['Santa Anastasia', 'Teatro Romano']",Duomo,"['AMO', 'Museo Miniscalchi', 'Palazzo della Ragione', 'Museo Conte', 'Torre Lamberti']",Casa Giulietta,strategy_nearest,False,0.0024521350860595703,success
0476B93A9C4C80,3,"['Castelvecchio', 'Arena']",Casa Giulietta,"['Centro Fotografia', 'Sighseeing', 'Torre Lamberti', 'Museo Conte', 'Museo Radio']",Santa Anastasia,strategy_nearest,False,0.0025370121002197266,success
0476B83A9C4C80,0,['Arena'],Torre Lamberti,"['Sighseeing', 'Centro Fotografia', 'Museo Conte', 'Casa Giulietta', 'Palazzo della Ragione']",Casa Giulietta,strategy_nearest,True,0.002106904983520508,success
0476AB3A9C4C80,1,"['Palazzo della Ragione', 'Torre Lamberti']",Casa Giulietta,"['Centro Fotografia', 'Sighseeing', 'Museo Conte', 'Museo Radio', 'San Fermo']",Teatro Romano,strategy_nearest,False,0.002447843551635742,success
0476BC3A9C4C80,0,['Castelvecchio'],Arena,"['Verona Tour', 'Museo Lapidario', 'Museo Radio', 'San Fermo', 'Casa Giulietta']",Casa Giulietta,strategy_nearest,True,0.0031821727752685547,success
0476C1C27B3F80,3,"['Santa Anastasia', 'Duomo', 'Arena']",Castelvecchio,"['Museo Lapidario', 'Verona Tour', 'Museo Radio', 'San Zeno', 'Sighseeing']",San Zeno,strategy_nearest,True,0.002910137176513672,success
0476C8429C4C80,3,"['Casa Giulietta', 'Torre Lamberti']",Arena,"['Verona Tour', 'Museo Lapidario', 'Museo Radio', 'San Fermo', 'Sighseeing']",Santa Anastasia,strategy_nearest,False,0.0022687911987304688,success
0476C03A9C4C80,0,['Arena'],Castelvecchio,"['Museo Lapidario', 'Verona Tour', 'Museo Radio', 'San Zeno', 'Sighseeing']",Casa Giulietta,strategy_nearest,False,0.0036652088165283203,success
0476C93A9C4C80,0,['Arena'],Casa Giulietta,"['Centro Fotografia', 'Sighseeing', 'Torre Lamberti', 'Museo Conte', 'Museo Radio']",Santa Anastasia,strategy_nearest,False,0.0034596920013427734,success
0476CF3A9C4C80,3,"['Arena', 'Tomba Giulietta']",San Fermo,"['Museo Storia', 'Museo Radio', 'Casa Giulietta', 'Centro Fotografia', 'Sighseeing']",Casa Giulietta,strategy_nearest,True,0.0023910999298095703,success
0476D4429C4C80,0,['Arena'],Museo Lapidario,"['Verona Tour', 'Castelvecchio', 'Museo Radio', 'San Fermo', 'Casa Giulietta']",Tomba Giulietta,strategy_nearest,False,0.0031952857971191406,success
0476D9C27B3F80,1,"['Teatro Romano', 'San Fermo', 'Castelvecchio']",San Zeno,"['Verona Tour', 'Museo Lapidario', 'Arena', 'Museo Miniscalchi', 'Sighseeing']",Arena,strategy_nearest,True,0.0035479068756103516,success
0476D83A9C4C80,1,"['Arena', 'Casa Giulietta']",Torre Lamberti,"['Sighseeing', 'Centro Fotografia', 'Museo Conte', 'Palazzo della Ragione', 'AMO']",Palazzo della Ragione,strategy_nearest,True,0.003222227096557617,success
0476DA3A9C4C80,3,['Arena'],Casa Giulietta,"['Centro Fotografia', 'Sighseeing', 'Torre Lamberti', 'Museo Conte', 'Museo Radio']",Santa Anastasia,strategy_nearest,False,0.002996206283569336,success
0476DAC27B3F80,3,"['Santa Anastasia', 'Teatro Romano']",Duomo,"['AMO', 'Museo Miniscalchi', 'Palazzo della Ragione', 'Museo Conte', 'Torre Lamberti']",Casa Giulietta,strategy_nearest,False,0.003144979476928711,success
0476E0429C4C80,3,"['Torre Lamberti', 'San Fermo']",San Zeno,"['Castelvecchio', 'Verona Tour', 'Museo Lapidario', 'Arena', 'Museo Miniscalchi']",Castelvecchio,strategy_nearest,True,0.0024261474609375,success
0476E2429C4C80,1,"['Arena', 'Castelvecchio', 'Santa Anastasia']",Duomo,"['AMO', 'Museo Miniscalchi', 'Teatro Romano', 'Palazzo della Ragione', 'Museo Conte']",Teatro Romano,strategy_nearest,True,0.0035729408264160156,success
0476E53A9C4C80,1,"['Duomo', 'Santa Anastasia', 'Casa Giulietta']",Torre Lamberti,"['Sighseeing', 'Centro Fotografia', 'Museo Conte', 'Palazzo della Ragione', 'AMO']",Arena,strategy_nearest,False,0.001912832260131836,success
0476FC429C4C80,3,"['Arena', 'Castelvecchio']",Torre Lamberti,"['Sighseeing', 'Centro Fotografia', 'Museo Conte', 'Casa Giulietta', 'Palazzo della Ragione']",Santa Anastasia,strategy_nearest,False,0.0027511119842529297,success
0476EF429C4C80,0,['Santa Anastasia'],Arena,"['Verona Tour', 'Museo Lapidario', 'Museo Radio', 'San Fermo', 'Casa Giulietta']",Casa Giulietta,strategy_nearest,True,0.002441883087158203,success
04770C4A9C4C80,1,"['Tomba Giulietta', 'Arena', 'San Fermo']",Casa Giulietta,"['Centro Fotografia', 'Sighseeing', 'Torre Lamberti', 'Museo Conte', 'Museo Radio']",Santa Anastasia,strategy_nearest,False,0.0024750232696533203,success
0477043A9C4C84,0,['Castelvecchio'],Arena,"['Verona Tour', 'Museo Lapidario', 'Museo Radio', 'San Fermo', 'Casa Giulietta']",Torre Lamberti,strategy_nearest,False,0.0034418106079101562,success
0477103A9C4C80,1,"['Arena', 'Casa Giulietta']",Torre Lamberti,"['Sighseeing', 'Centro Fotografia', 'Museo Conte', 'Palazzo della Ragione', 'AMO']",Palazzo della Ragione,strategy_nearest,True,0.0018780231475830078,success
04770D429C4C80,3,"['Arena', 'Casa Giulietta']",Torre Lamberti,"['Sighseeing', 'Centro Fotografia', 'Museo Conte', 'Palazzo della Ragione', 'AMO']",Santa Anastasia,strategy_nearest,False,0.002537965774536133,success
047718429C4C80,1,"['Arena', 'Museo Lapidario', 'Casa Giulietta', 'Santa Anastasia']",Teatro Romano,"['Duomo', 'AMO', 'Palazzo della Ragione', 'Museo Conte', 'Centro Fotografia']",Duomo,strategy_nearest,True,0.0029430389404296875,success
04771F4A9C4C80,1,"['Arena', 'Museo Lapidario', 'Castelvecchio', 'Tomba Giulietta', 'San Fermo']",Casa Giulietta,"['Centro Fotografia', 'Sighseeing', 'Torre Lamberti', 'Museo Conte', 'Museo Radio']",Torre Lamberti,strategy_nearest,True,0.0027170181274414062,success
04771A3A9C4C84,0,['Arena'],Castelvecchio,"['Museo Lapidario', 'Verona Tour', 'Museo Radio', 'San Zeno', 'Sighseeing']",Duomo,strategy_nearest,False,0.0021288394927978516,success
04771B3A9C4C84,3,"['Duomo', 'Teatro Romano']",Casa Giulietta,"['Centro Fotografia', 'Sighseeing', 'Torre Lamberti', 'Museo Conte', 'Museo Radio']",Torre Lamberti,strategy_nearest,True,0.003368854522705078,success
0477374A9C4C80,1,"['Arena', 'Casa Giulietta', 'Torre Lamberti']",Palazzo della Ragione,"['AMO', 'Museo Conte', 'Centro Fotografia', 'Sighseeing', 'Santa Anastasia']",Santa Anastasia,strategy_nearest,True,0.0029129981994628906,success
04773B3A9C4C80,3,"['Arena', 'Giardino Giusti']",Teatro Romano,"['Santa Anastasia', 'Duomo', 'AMO', 'Palazzo della Ragione', 'Museo Conte']",Torre Lamberti,strategy_nearest,False,0.001802206039428711,success
04775B429C4C80,0,['Arena'],Duomo,"['AMO', 'Museo Miniscalchi', 'Santa Anastasia', 'Teatro Romano', 'Palazzo della Ragione']",Teatro Romano,strategy_nearest,True,0.002853870391845703,success
04773C429C4C80,3,"['Casa Giulietta', 'Torre Lamberti']",Teatro Romano,"['Santa Anastasia', 'Duomo', 'AMO', 'Palazzo della Ragione', 'Museo Conte']",Santa Anastasia,strategy_nearest,True,0.003242015838623047,success
04775C429C4C80,1,"['Arena', 'Casa Giulietta']",Torre Lamberti,"['Sighseeing', 'Centro Fotografia', 'Museo Conte', 'Palazzo della Ragione', 'AMO']",Palazzo della Ragione,strategy_nearest,True,0.0028429031372070312,success
04777F429C4C80,0,"['Casa Giulietta', 'Torre Lamberti']",Arena,"['Verona Tour', 'Museo Lapidario', 'Museo Radio', 'San Fermo', 'Sighseeing']",Tomba Giulietta,strategy_nearest,False,0.001922607421875,success
04777D3A9C4C80,1,"['Arena', 'Casa Giulietta', 'Castelvecchio']",Palazzo della Ragione,"['AMO', 'Museo Conte', 'Torre Lamberti', 'Centro Fotografia', 'Sighseeing']",Torre Lamberti,strategy_nearest,True,0.0020520687103271484,success
04776C429C4C80,0,"['Arena', 'Museo Lapidario']",Castelvecchio,"['Verona Tour', 'Museo Radio', 'San Zeno', 'Sighseeing', 'Museo Miniscalchi']",Casa Giulietta,strategy_nearest,False,0.0033941268920898438,success
047787429C4C80,3,['Arena'],Casa Giulietta,"['Centro Fotografia', 'Sighseeing', 'Torre Lamberti', 'Museo Conte', 'Museo Radio']",Torre Lamberti,strategy_nearest,True,0.0028450489044189453,success
0477864A9C4C80,3,"['Arena', 'Castelvecchio']",Torre Lamberti,"['Sighseeing', 'Centro Fotografia', 'Museo Conte', 'Casa Giulietta', 'Palazzo della Ragione']",Casa Giulietta,strategy_nearest,True,0.0016880035400390625,success
04778AC27B3F80,3,"['Arena', 'Torre Lamberti', 'Casa Giulietta']",Giardino Giusti,"['Santa Anastasia', 'Teatro Romano', 'Museo Conte', 'Centro Fotografia', 'Museo Storia']",Castelvecchio,strategy_nearest,False,0.003100156784057617,success
0477884A9C4C80,0,"['Arena', 'Casa Giulietta']",Torre Lamberti,"['Sighseeing', 'Centro Fotografia', 'Museo Conte', 'Palazzo della Ragione', 'AMO']",Duomo,strategy_nearest,False,0.0026030540466308594,success
04778E429C4C80,3,"['Arena', 'Casa Giulietta']",Santa Anastasia,"['AMO', 'Museo Conte', 'Palazzo della Ragione', 'Teatro Romano', 'Centro Fotografia']",Teatro Romano,strategy_nearest,True,0.00208282470703125,success
04778D3A9C4C80,0,"['Casa Giulietta', 'Arena']",Museo Lapidario,"['Verona Tour', 'Castelvecchio', 'Museo Radio', 'San Fermo', 'Tomba Giulietta']",Castelvecchio,strategy_nearest,True,0.0028219223022460938,success
04778BC27B3F80,1,"['Casa Giulietta', 'Torre Lamberti', 'Palazzo della Ragione', 'Castelvecchio']",San Zeno,"['Verona Tour', 'Museo Lapidario', 'Arena', 'Museo Miniscalchi', 'Sighseeing']",Santa Anastasia,strategy_nearest,False,0.0026459693908691406,success
04778F429C4C80,3,['Santa Anastasia'],Duomo,"['AMO', 'Museo Miniscalchi', 'Teatro Romano', 'Palazzo della Ragione', 'Museo Conte']",Castelvecchio,strategy_nearest,False,0.0031991004943847656,success
04779A4A9C4C80,0,['Torre Lamberti'],Casa Giulietta,"['Centro Fotografia', 'Sighseeing', 'Museo Conte', 'Museo Radio', 'Palazzo della Ragione']",Arena,strategy_nearest,False,0.002492189407348633,success
04779D429C4C80,3,"['Arena', 'Casa Giulietta']",Santa Anastasia,"['AMO', 'Museo Conte', 'Palazzo della Ragione', 'Teatro Romano', 'Centro Fotografia']",Duomo,strategy_nearest,False,0.0027098655700683594,success
0477A83A9C4C80,1,"['Arena', 'Torre Lamberti']",Palazzo della Ragione,"['AMO', 'Museo Conte', 'Centro Fotografia', 'Sighseeing', 'Santa Anastasia']",Casa Giulietta,strategy_nearest,False,0.003177165985107422,success
0477AA429C4C80,1,"['Arena', 'Castelvecchio']",Torre Lamberti,"['Sighseeing', 'Centro Fotografia', 'Museo Conte', 'Casa Giulietta', 'Palazzo della Ragione']",Palazzo della Ragione,strategy_nearest,True,0.003671884536743164,success
0477BD3A9C4C80,3,"['Arena', 'Casa Giulietta']",Torre Lamberti,"['Sighseeing', 'Centro Fotografia', 'Museo Conte', 'Palazzo della Ragione', 'AMO']",Santa Anastasia,strategy_nearest,False,0.0021021366119384766,success
0477B23A9C4C80,3,['Arena'],Santa Anastasia,"['AMO', 'Museo Conte', 'Palazzo della Ragione', 'Teatro Romano', 'Centro Fotografia']",Torre Lamberti,strategy_nearest,False,0.004252910614013672,success
0477B5429C4C80,1,"['Arena', 'Casa Giulietta', 'Torre Lamberti']",Palazzo della Ragione,"['AMO', 'Museo Conte', 'Centro Fotografia', 'Sighseeing', 'Santa Anastasia']",Santa Anastasia,strategy_nearest,True,0.002809286117553711,success
0477BD429C4C80,1,"['Castelvecchio', 'Arena', 'Palazzo della Ragione']",Torre Lamberti,"['Sighseeing', 'Centro Fotografia', 'Museo Conte', 'Casa Giulietta', 'AMO']",Casa Giulietta,strategy_nearest,True,0.003385782241821289,success
0477D9429C4C80,3,"['Arena', 'Tomba Giulietta', 'Torre Lamberti', 'Santa Anastasia']",Giardino Giusti,"['Teatro Romano', 'Museo Conte', 'Centro Fotografia', 'Museo Storia', 'AMO']",Teatro Romano,strategy_nearest,True,0.002869129180908203,success
0477C1429C4C80,3,"['Arena', 'San Fermo', 'Casa Giulietta', 'Torre Lamberti']",Torre Lamberti,"['Sighseeing', 'Centro Fotografia', 'Museo Conte', 'Palazzo della Ragione', 'AMO']",Santa Anastasia,strategy_nearest,False,0.0027189254760742188,success
0477DB3A9C4C80,0,['Arena'],Castelvecchio,"['Museo Lapidario', 'Verona Tour', 'Museo Radio', 'San Zeno', 'Sighseeing']",San Zeno,strategy_nearest,True,0.0033049583435058594,success
0477DC3A9C4C80,1,"['Arena', 'Casa Giulietta']",Torre Lamberti,"['Sighseeing', 'Centro Fotografia', 'Museo Conte', 'Palazzo della Ragione', 'AMO']",Palazzo della Ragione,strategy_nearest,True,0.0025768280029296875,success
0477E23A9C4C80,0,['Arena'],Casa Giulietta,"['Centro Fotografia', 'Sighseeing', 'Torre Lamberti', 'Museo Conte', 'Museo Radio']",Santa Anastasia,strategy_nearest,False,0.002202749252319336,success
0477DF3A9C4C80,0,"['Arena', 'Torre Lamberti']",Casa Giulietta,"['Centro Fotografia', 'Sighseeing', 'Museo Conte', 'Museo Radio', 'Palazzo della Ragione']",Duomo,strategy_nearest,False,0.0018372535705566406,success
0477DE3A9C4C80,3,"['Museo Lapidario', 'Castelvecchio', 'Santa Anastasia']",Duomo,"['AMO', 'Museo Miniscalchi', 'Teatro Romano', 'Palazzo della Ragione', 'Museo Conte']",Arena,strategy_nearest,False,0.0031828880310058594,success
0477E83A9C4C80,0,['Casa Giulietta'],Arena,"['Verona Tour', 'Museo Lapidario', 'Museo Radio', 'San Fermo', 'Sighseeing']",Teatro Romano,strategy_nearest,False,0.0032148361206054688,success
0477F43A9C4C80,2,"['San Zeno', 'Castelvecchio']",Santa Anastasia,"['AMO', 'Museo Conte', 'Palazzo della Ragione', 'Teatro Romano', 'Centro Fotografia']",Duomo,strategy_nearest,False,0.0022051334381103516,success
0477F5429C4C80,1,"['Castelvecchio', 'Arena', 'Casa Giulietta']",Torre Lamberti,"['Sighseeing', 'Centro Fotografia', 'Museo Conte', 'Palazzo della Ragione', 'AMO']",Palazzo della Ragione,strategy_nearest,True,0.002785921096801758,success
0477F93A9C4C80,3,"['Torre Lamberti', 'Santa Anastasia']",Duomo,"['AMO', 'Museo Miniscalchi', 'Teatro Romano', 'Palazzo della Ragione', 'Museo Conte']",Arena,strategy_nearest,False,0.0025179386138916016,success
0478003A9C4C84,0,"['Arena', 'Casa Giulietta']",Teatro Romano,"['Santa Anastasia', 'Duomo', 'AMO', 'Palazzo della Ragione', 'Museo Conte']",Castelvecchio,strategy_nearest,False,0.003316164016723633,success
04780C429C4C80,3,"['Santa Anastasia', 'Duomo']",Torre Lamberti,"['Sighseeing', 'Centro Fotografia', 'Museo Conte', 'Casa Giulietta', 'Palazzo della Ragione']",Casa Giulietta,strategy_nearest,True,0.0029821395874023438,success
0478143A9C4C84,3,"['Arena', 'Casa Giulietta']",Torre Lamberti,"['Sighseeing', 'Centro Fotografia', 'Museo Conte', 'Palazzo della Ragione', 'AMO']",Santa Anastasia,strategy_nearest,False,0.0032210350036621094,success
04780F3A9C4C84,3,['Arena'],Santa Anastasia,"['AMO', 'Museo Conte', 'Palazzo della Ragione', 'Teatro Romano', 'Centro Fotografia']",Duomo,strategy_nearest,False,0.003137826919555664,success
0478163A9C4C84,1,"['Museo Lapidario', 'Castelvecchio']",Torre Lamberti,"['Sighseeing', 'Centro Fotografia', 'Museo Conte', 'Casa Giulietta', 'Palazzo della Ragione']",Palazzo della Ragione,strategy_nearest,True,0.0035910606384277344,success
04781C3A9C4C84,0,['Arena'],Casa Giulietta,"['Centro Fotografia', 'Sighseeing', 'Torre Lamberti', 'Museo Conte', 'Museo Radio']",Duomo,strategy_nearest,False,0.002627134323120117,success
0478243A9C4C80,3,"['Arena', 'Torre Lamberti']",Santa Anastasia,"['AMO', 'Museo Conte', 'Palazzo della Ragione', 'Teatro Romano', 'Centro Fotografia']",Duomo,strategy_nearest,False,0.0018773078918457031,success
04781E4A9C4C80,3,"['Arena', 'Tomba Giulietta', 'Santa Anastasia']",Casa Giulietta,"['Centro Fotografia', 'Sighseeing', 'Torre Lamberti', 'Museo Conte', 'Museo Radio']",Torre Lamberti,strategy_nearest,True,0.004114866256713867,success
0478234A9C4C80,0,['Arena'],Torre Lamberti,"['Sighseeing', 'Centro Fotografia', 'Museo Conte', 'Casa Giulietta', 'Palazzo della Ragione']",San Fermo,strategy_nearest,False,0.0028350353240966797,success
047825C27B3F84,0,"['Arena', 'Teatro Romano']",Castelvecchio,"['Museo Lapidario', 'Verona Tour', 'Museo Radio', 'San Zeno', 'Sighseeing']",Torre Lamberti,strategy_nearest,False,0.0019998550415039062,success
047831429C4C80,2,"['San Zeno', 'Castelvecchio']",Tomba Giulietta,"['San Fermo', 'Museo Storia', 'Arena', 'Museo Lapidario', 'Museo Radio']",Palazzo della Ragione,strategy_nearest,False,0.0022001266479492188,success
047837429C4C80,0,['Casa Giulietta'],Arena,"['Verona Tour', 'Museo Lapidario', 'Museo Radio', 'San Fermo', 'Sighseeing']",Castelvecchio,strategy_nearest,False,0.003509998321533203,success
0478383A9C4C80,3,"['Casa Giulietta', 'Santa Anastasia']",Arena,"['Verona Tour', 'Museo Lapidario', 'Museo Radio', 'San Fermo', 'Sighseeing']",Duomo,strategy_nearest,False,0.0025272369384765625,success
0478393A9C4C80,3,"['Casa Giulietta', 'Santa Anastasia']",Duomo,"['AMO', 'Museo Miniscalchi', 'Teatro Romano', 'Palazzo della Ragione', 'Museo Conte']",Teatro Romano,strategy_nearest,True,0.002524137496948242,success
0478453A9C4C80,3,"['Arena', 'Museo Lapidario', 'Castelvecchio']",Casa Giulietta,"['Centro Fotografia', 'Sighseeing', 'Torre Lamberti', 'Museo Conte', 'Museo Radio']",Santa Anastasia,strategy_nearest,False,0.0028569698333740234,success
04784B3A9C4C80,3,"['Arena', 'Casa Giulietta', 'Castelvecchio']",Santa Anastasia,"['AMO', 'Museo Conte', 'Palazzo della Ragione', 'Teatro Romano', 'Centro Fotografia']",Duomo,strategy_nearest,False,0.0026831626892089844,success
047868C27B3F80,1,"['San Zeno', 'Castelvecchio', 'Arena', 'Casa Giulietta']",Santa Anastasia,"['AMO', 'Museo Conte', 'Palazzo della Ragione', 'Teatro Romano', 'Centro Fotografia']",Teatro Romano,strategy_nearest,True,0.0031890869140625,success
047874C27B3F80,1,"['San Zeno', 'Castelvecchio', 'Arena']",Casa Giulietta,"['Centro Fotografia', 'Sighseeing', 'Torre Lamberti', 'Museo Conte', 'Museo Radio']",Santa Anastasia,strategy_nearest,False,0.002416849136352539,success
047874429C4C80,3,"['Arena', 'Torre Lamberti']",Santa Anastasia,"['AMO', 'Museo Conte', 'Palazzo della Ragione', 'Teatro Romano', 'Centro Fotografia']",Duomo,strategy_nearest,False,0.004023075103759766,success
04787C3A9C4C80,3,"['Santa Anastasia', 'Casa Giulietta']",Torre Lamberti,"['Sighseeing', 'Centro Fotografia', 'Museo Conte', 'Palazzo della Ragione', 'AMO']",Arena,strategy_nearest,False,0.003818035125732422,success
04787E3A9C4C80,1,"['Casa Giulietta', 'Torre Lamberti', 'Palazzo della Ragione']",Duomo,"['AMO', 'Museo Miniscalchi', 'Santa Anastasia', 'Teatro Romano', 'Museo Conte']",Teatro Romano,strategy_nearest,True,0.002240896224975586,success
04787B429C4C80,3,"['Castelvecchio', 'Santa Anastasia']",Casa Giulietta,"['Centro Fotografia', 'Sighseeing', 'Torre Lamberti', 'Museo Conte', 'Museo Radio']",San Fermo,strategy_nearest,False,0.0024759769439697266,success
0478803A9C4C80,3,"['Arena', 'Casa Giulietta']",Torre Lamberti,"['Sighseeing', 'Centro Fotografia', 'Museo Conte', 'Palazzo della Ragione', 'AMO']",Santa Anastasia,strategy_nearest,False,0.0026407241821289062,success
047883429C4C80,3,"['Arena', 'Duomo']",Santa Anastasia,"['AMO', 'Museo Conte', 'Palazzo della Ragione', 'Teatro Romano', 'Centro Fotografia']",Torre Lamberti,strategy_nearest,False,0.002877950668334961,success
0478833A9C4C80,2,['Casa Giulietta'],Torre Lamberti,"['Sighseeing', 'Centro Fotografia', 'Museo Conte', 'Palazzo della Ragione', 'AMO']",Teatro Romano,strategy_nearest,False,0.002161264419555664,success
047887429C4C80,3,['Arena'],Casa Giulietta,"['Centro Fotografia', 'Sighseeing', 'Torre Lamberti', 'Museo Conte', 'Museo Radio']",Torre Lamberti,strategy_nearest,True,0.0029268264770507812,success
0478884A9C4C80,1,"['Arena', 'San Fermo', 'Casa Giulietta', 'Palazzo della Ragione']",Torre Lamberti,"['Sighseeing', 'Centro Fotografia', 'Museo Conte', 'AMO', 'Museo Miniscalchi']",Santa Anastasia,strategy_nearest,False,0.00327301025390625,success
04788D3A9C4C80,0,"['Castelvecchio', 'Torre Lamberti']",Casa Giulietta,"['Centro Fotografia', 'Sighseeing', 'Museo Conte', 'Museo Radio', 'Palazzo della Ragione']",Museo Storia,strategy_nearest,False,0.0030150413513183594,success
04788F3A9C4C80,3,"['Castelvecchio', 'Arena']",Santa Anastasia,"['AMO', 'Museo Conte', 'Palazzo della Ragione', 'Teatro Romano', 'Centro Fotografia']",Duomo,strategy_nearest,False,0.001995086669921875,success
047898C27B3F80,2,"['Santa Anastasia', 'Torre Lamberti']",Casa Giulietta,"['Centro Fotografia', 'Sighseeing', 'Museo Conte', 'Museo Radio', 'Palazzo della Ragione']",Duomo,strategy_nearest,False,0.0030939579010009766,success
0478A73A9C4C80,0,['Castelvecchio'],Arena,"['Verona Tour', 'Museo Lapidario', 'Museo Radio', 'San Fermo', 'Casa Giulietta']",Museo Lapidario,strategy_nearest,True,0.003534078598022461,success
0478B2429C4C80,0,['Arena'],Casa Giulietta,"['Centro Fotografia', 'Sighseeing', 'Torre Lamberti', 'Museo Conte', 'Museo Radio']",Duomo,strategy_nearest,False,0.0022211074829101562,success
0478BAC27B3F80,1,"['Santa Anastasia', 'Casa Giulietta', 'Castelvecchio']",Arena,"['Verona Tour', 'Museo Lapidario', 'Museo Radio', 'San Fermo', 'Sighseeing']",Torre Lamberti,strategy_nearest,False,0.0030062198638916016,success
0478AB429C4C80,0,['Torre Lamberti'],Arena,"['Verona Tour', 'Museo Lapidario', 'Museo Radio', 'San Fermo', 'Casa Giulietta']",San Zeno,strategy_nearest,False,0.0029299259185791016,success
0478BC429C4C80,2,"['Torre Lamberti', 'Museo Storia']",San Fermo,"['Museo Radio', 'Casa Giulietta', 'Centro Fotografia', 'Arena', 'Sighseeing']",Tomba Giulietta,strategy_nearest,False,0.0027320384979248047,success
0478C1C27B3F80,2,['Castelvecchio'],Tomba Giulietta,"['San Fermo', 'Museo Storia', 'Arena', 'Museo Lapidario', 'Museo Radio']",Teatro Romano,strategy_nearest,False,0.003429889678955078,success
0478B3C27B3F80,1,"['San Zeno', 'Castelvecchio', 'Santa Anastasia', 'Torre Lamberti']",Palazzo della Ragione,"['AMO', 'Museo Conte', 'Centro Fotografia', 'Sighseeing', 'Museo Miniscalchi']",Casa Giulietta,strategy_nearest,False,0.006012916564941406,success
0478C2C27B3F80,1,"['Santa Anastasia', 'Casa Giulietta', 'Palazzo della Ragione', 'Torre Lamberti']",Museo Lapidario,"['Verona Tour', 'Arena', 'Castelvecchio', 'Museo Radio', 'San Fermo']",Arena,strategy_nearest,True,0.0027670860290527344,success
0478C7C27B3F80,1,"['Santa Anastasia', 'Teatro Romano']",Palazzo della Ragione,"['AMO', 'Museo Conte', 'Torre Lamberti', 'Centro Fotografia', 'Sighseeing']",Casa Giulietta,strategy_nearest,False,0.0018527507781982422,success
0478C53A9C4C80,0,['Castelvecchio'],Arena,"['Verona Tour', 'Museo Lapidario', 'Museo Radio', 'San Fermo', 'Casa Giulietta']",Casa Giulietta,strategy_nearest,True,0.0024046897888183594,success
0478C8C27B3F80,1,"['Santa Anastasia', 'Casa Giulietta', 'Palazzo della Ragione', 'Torre Lamberti']",Museo Lapidario,"['Verona Tour', 'Arena', 'Castelvecchio', 'Museo Radio', 'San Fermo']",Arena,strategy_nearest,True,0.0028150081634521484,success
0478C8429C4C80,0,['Arena'],Castelvecchio,"['Museo Lapidario', 'Verona Tour', 'Museo Radio', 'San Zeno', 'Sighseeing']",Torre Lamberti,strategy_nearest,False,0.002713918685913086,success
0478D53A9C4C80,0,"['Arena', 'Castelvecchio']",Torre Lamberti,"['Sighseeing', 'Centro Fotografia', 'Museo Conte', 'Casa Giulietta', 'Palazzo della Ragione']",Teatro Romano,strategy_nearest,False,0.0025069713592529297,success
0478C9C27B3F80,3,"['Arena', 'Casa Giulietta', 'Santa Anastasia']",Castelvecchio,"['Museo Lapidario', 'Verona Tour', 'Museo Radio', 'San Zeno', 'Sighseeing']",San Zeno,strategy_nearest,True,0.0031957626342773438,success
0478DB3A9C4C80,0,['Torre Lamberti'],Duomo,"['AMO', 'Museo Miniscalchi', 'Santa Anastasia', 'Teatro Romano', 'Palazzo della Ragione']",Arena,strategy_nearest,False,0.0032110214233398438,success
0478DD3A9C4C80,1,"['Arena', 'Casa Giulietta', 'Santa Anastasia', 'Torre Lamberti']",Duomo,"['AMO', 'Museo Miniscalchi', 'Teatro Romano', 'Palazzo della Ragione', 'Museo Conte']",Palazzo della Ragione,strategy_nearest,True,0.002680063247680664,success
0478DBC27B3F80,1,"['Arena', 'Torre Lamberti', 'Palazzo della Ragione', 'Casa Giulietta']",Castelvecchio,"['Museo Lapidario', 'Verona Tour', 'Museo Radio', 'San Zeno', 'Sighseeing']",San Zeno,strategy_nearest,True,0.003268718719482422,success
0478E13A9C4C80,0,['Arena'],Torre Lamberti,"['Sighseeing', 'Centro Fotografia', 'Museo Conte', 'Casa Giulietta', 'Palazzo della Ragione']",Teatro Romano,strategy_nearest,False,0.0032758712768554688,success
0478EC3A9C4C80,0,['Casa Giulietta'],Torre Lamberti,"['Sighseeing', 'Centro Fotografia', 'Museo Conte', 'Palazzo della Ragione', 'AMO']",Duomo,strategy_nearest,False,0.0028901100158691406,success
0478EB3A9C4C80,3,"['Casa Giulietta', 'Santa Anastasia', 'Torre Lamberti']",Duomo,"['AMO', 'Museo Miniscalchi', 'Teatro Romano', 'Palazzo della Ragione', 'Museo Conte']",Arena,strategy_nearest,False,0.002338886260986328,success
0478F0C27B3F80,1,"['Castelvecchio', 'San Zeno', 'Arena', 'Casa Giulietta']",Torre Lamberti,"['Sighseeing', 'Centro Fotografia', 'Museo Conte', 'Palazzo della Ragione', 'AMO']",Palazzo della Ragione,strategy_nearest,True,0.0032501220703125,success
0478EFC27B3F80,0,"['Arena', 'Casa Giulietta']",Castelvecchio,"['Museo Lapidario', 'Verona Tour', 'Museo Radio', 'San Zeno', 'Sighseeing']",Duomo,strategy_nearest,False,0.004190921783447266,success
0478F3C27B3F80,3,"['Arena', 'Casa Giulietta', 'Santa Anastasia']",Castelvecchio,"['Museo Lapidario', 'Verona Tour', 'Museo Radio', 'San Zeno', 'Sighseeing']",San Zeno,strategy_nearest,True,0.0036721229553222656,success
0478FBC27B3F80,0,"['Arena', 'Teatro Romano']",Castelvecchio,"['Museo Lapidario', 'Verona Tour', 'Museo Radio', 'San Zeno', 'Sighseeing']",Torre Lamberti,strategy_nearest,False,0.0026717185974121094,success
0478F4C27B3F80,0,['Casa Giulietta'],Arena,"['Verona Tour', 'Museo Lapidario', 'Museo Radio', 'San Fermo', 'Sighseeing']",Castelvecchio,strategy_nearest,False,0.002210855484008789,success
047900429C4C84,1,"['Arena', 'Santa Anastasia', 'Teatro Romano', 'Duomo']",Torre Lamberti,"['Sighseeing', 'Centro Fotografia', 'Museo Conte', 'Casa Giulietta', 'Palazzo della Ragione']",Palazzo della Ragione,strategy_nearest,True,0.0031468868255615234,success
04790B429C4C80,1,"['Arena', 'Museo Lapidario', 'Castelvecchio']",Torre Lamberti,"['Sighseeing', 'Centro Fotografia', 'Museo Conte', 'Casa Giulietta', 'Palazzo della Ragione']",Palazzo della Ragione,strategy_nearest,True,0.001967191696166992,success
04790E429C4C80,3,"['Arena', 'Casa Giulietta', 'Torre Lamberti']",Santa Anastasia,"['AMO', 'Museo Conte', 'Palazzo della Ragione', 'Teatro Romano', 'Centro Fotografia']",Duomo,strategy_nearest,False,0.0018999576568603516,success
0479103A9C4C80,1,"['Arena', 'Casa Giulietta']",Palazzo della Ragione,"['AMO', 'Museo Conte', 'Torre Lamberti', 'Centro Fotografia', 'Sighseeing']",Santa Anastasia,strategy_nearest,False,0.003281116485595703,success
047904429C4C84,0,"['Arena', 'Castelvecchio']",Torre Lamberti,"['Sighseeing', 'Centro Fotografia', 'Museo Conte', 'Casa Giulietta', 'Palazzo della Ragione']",Teatro Romano,strategy_nearest,False,0.004194736480712891,success
0479203A9C4C84,0,['Arena'],Torre Lamberti,"['Sighseeing', 'Centro Fotografia', 'Museo Conte', 'Casa Giulietta', 'Palazzo della Ragione']",Casa Giulietta,strategy_nearest,True,0.00261688232421875,success
0479114A9C4C80,1,"['Arena', 'Torre Lamberti', 'Palazzo della Ragione', 'Casa Giulietta']",Santa Anastasia,"['AMO', 'Museo Conte', 'Teatro Romano', 'Centro Fotografia', 'Duomo']",Teatro Romano,strategy_nearest,True,0.0025539398193359375,success
047915BA7B3F84,1,['Torre Lamberti'],Palazzo della Ragione,"['AMO', 'Museo Conte', 'Centro Fotografia', 'Sighseeing', 'Santa Anastasia']",Arena,strategy_nearest,False,0.0021822452545166016,success
0479223A9C4C84,0,"['Arena', 'Casa Giulietta']",Torre Lamberti,"['Sighseeing', 'Centro Fotografia', 'Museo Conte', 'Palazzo della Ragione', 'AMO']",Tomba Giulietta,strategy_nearest,False,0.0032138824462890625,success
0479253A9C4C84,0,['Torre Lamberti'],Casa Giulietta,"['Centro Fotografia', 'Sighseeing', 'Museo Conte', 'Museo Radio', 'Palazzo della Ragione']",Arena,strategy_nearest,False,0.0016040802001953125,success
0479243A9C4C84,0,['Teatro Romano'],Torre Lamberti,"['Sighseeing', 'Centro Fotografia', 'Museo Conte', 'Casa Giulietta', 'Palazzo della Ragione']",San Fermo,strategy_nearest,False,0.0028867721557617188,success
0479233A9C4C80,0,['Arena'],Castelvecchio,"['Museo Lapidario', 'Verona Tour', 'Museo Radio', 'San Zeno', 'Sighseeing']",San Zeno,strategy_nearest,True,0.0042150020599365234,success
0479264A9C4C80,3,"['Castelvecchio', 'Arena', 'Duomo', 'Teatro Romano']",Torre Lamberti,"['Sighseeing', 'Centro Fotografia', 'Museo Conte', 'Casa Giulietta', 'Palazzo della Ragione']",Casa Giulietta,strategy_nearest,True,0.002803802490234375,success
0479273A9C4C80,0,['Teatro Romano'],Arena,"['Verona Tour', 'Museo Lapidario', 'Museo Radio', 'San Fermo', 'Casa Giulietta']",Casa Giulietta,strategy_nearest,True,0.002949953079223633,success
04792B3A9C4C80,0,['Arena'],Santa Anastasia,"['AMO', 'Museo Conte', 'Palazzo della Ragione', 'Teatro Romano', 'Centro Fotografia']",Castelvecchio,strategy_nearest,False,0.003464937210083008,success
047932429C4C80,0,['San Fermo'],Casa Giulietta,"['Centro Fotografia', 'Sighseeing', 'Torre Lamberti', 'Museo Conte', 'Museo Radio']",Arena,strategy_nearest,False,0.0020830631256103516,success
0479383A9C4C80,0,['Casa Giulietta'],Torre Lamberti,"['Sighseeing', 'Centro Fotografia', 'Museo Conte', 'Palazzo della Ragione', 'AMO']",Arena,strategy_nearest,False,0.003058195114135742,success
04793B3A9C4C80,3,"['Arena', 'Teatro Romano', 'Casa Giulietta']",Torre Lamberti,"['Sighseeing', 'Centro Fotografia', 'Museo Conte', 'Palazzo della Ragione', 'AMO']",Giardino Giusti,strategy_nearest,False,0.003185272216796875,success
0479493A9C4C80,2,"['Castelvecchio', 'Torre Lamberti', 'Museo Storia']",San Fermo,"['Museo Radio', 'Casa Giulietta', 'Centro Fotografia', 'Arena', 'Sighseeing']",Teatro Romano,strategy_nearest,False,0.002337932586669922,success
0479393A9C4C80,1,"['San Fermo', 'Casa Giulietta', 'Palazzo della Ragione']",Torre Lamberti,"['Sighseeing', 'Centro Fotografia', 'Museo Conte', 'AMO', 'Museo Miniscalchi']",Santa Anastasia,strategy_nearest,False,0.003498077392578125,success
047968429C4C80,3,"['Arena', 'Torre Lamberti']",Casa Giulietta,"['Centro Fotografia', 'Sighseeing', 'Museo Conte', 'Museo Radio', 'Palazzo della Ragione']",Santa Anastasia,strategy_nearest,False,0.002767801284790039,success
0479733A9C4C80,1,"['Arena', 'Castelvecchio']",Palazzo della Ragione,"['AMO', 'Museo Conte', 'Torre Lamberti', 'Centro Fotografia', 'Sighseeing']",Santa Anastasia,strategy_nearest,False,0.0020940303802490234,success
047960429C4C80,3,"['Arena', 'Casa Giulietta']",San Fermo,"['Museo Storia', 'Museo Radio', 'Centro Fotografia', 'Sighseeing', 'Torre Lamberti']",Torre Lamberti,strategy_nearest,True,0.0034890174865722656,success
047965429C4C80,0,['Arena'],Casa Giulietta,"['Centro Fotografia', 'Sighseeing', 'Torre Lamberti', 'Museo Conte', 'Museo Radio']",Palazzo della Ragione,strategy_nearest,False,0.0015971660614013672,success
047980429C4C80,1,"['Casa Giulietta', 'Torre Lamberti', 'Palazzo della Ragione']",Santa Anastasia,"['AMO', 'Museo Conte', 'Teatro Romano', 'Centro Fotografia', 'Duomo']",Duomo,strategy_nearest,True,0.0018329620361328125,success
04797D429C4C80,3,['Arena'],Santa Anastasia,"['AMO', 'Museo Conte', 'Palazzo della Ragione', 'Teatro Romano', 'Centro Fotografia']",Duomo,strategy_nearest,False,0.0028350353240966797,success
04797A3A9C4C80,2,"['Castelvecchio', 'Palazzo della Ragione']",Torre Lamberti,"['Sighseeing', 'Centro Fotografia', 'Museo Conte', 'Casa Giulietta', 'AMO']",Duomo,strategy_nearest,False,0.0013811588287353516,success
04797B429C4C80,1,['Arena'],Palazzo della Ragione,"['AMO', 'Museo Conte', 'Torre Lamberti', 'Centro Fotografia', 'Sighseeing']",Casa Giulietta,strategy_nearest,False,0.0034742355346679688,success
0479823A9C4C80,1,"['Arena', 'Castelvecchio', 'Duomo']",Museo Storia,"['San Fermo', 'Museo Radio', 'Casa Giulietta', 'Centro Fotografia', 'Tomba Giulietta']",San Fermo,strategy_nearest,True,0.002624988555908203,success
04798A4A9C4C80,3,"['Arena', 'Torre Lamberti', 'Casa Giulietta']",Duomo,"['AMO', 'Museo Miniscalchi', 'Santa Anastasia', 'Teatro Romano', 'Palazzo della Ragione']",Teatro Romano,strategy_nearest,True,0.0020530223846435547,success
0479884A9C4C80,3,"['Arena', 'Duomo', 'Teatro Romano']",Santa Anastasia,"['AMO', 'Museo Conte', 'Palazzo della Ragione', 'Centro Fotografia', 'Torre Lamberti']",Torre Lamberti,strategy_nearest,True,0.0027799606323242188,success
047986C27B3F80,1,"['Palazzo della Ragione', 'Torre Lamberti', 'Santa Anastasia', 'Duomo']",Casa Giulietta,"['Centro Fotografia', 'Sighseeing', 'Museo Conte', 'Museo Radio', 'San Fermo']",Castelvecchio,strategy_nearest,False,0.003419160842895508,success
04798F3A9C4C80,0,['Duomo'],Torre Lamberti,"['Sighseeing', 'Centro Fotografia', 'Museo Conte', 'Casa Giulietta', 'Palazzo della Ragione']",Arena,strategy_nearest,False,0.0029501914978027344,success
04799C429C4C80,0,['Teatro Romano'],San Zeno,"['Castelvecchio', 'Verona Tour', 'Museo Lapidario', 'Arena', 'Museo Miniscalchi']",Torre Lamberti,strategy_nearest,False,0.0022101402282714844,success
04799AC27B3F80,2,['San Fermo'],Palazzo della Ragione,"['AMO', 'Museo Conte', 'Torre Lamberti', 'Centro Fotografia', 'Sighseeing']",Torre Lamberti,strategy_nearest,True,0.0016999244689941406,success
0479A54A9C4C80,3,['Arena'],Casa Giulietta,"['Centro Fotografia', 'Sighseeing', 'Torre Lamberti', 'Museo Conte', 'Museo Radio']",Santa Anastasia,strategy_nearest,False,0.0032880306243896484,success
0479AB4A9C4C80,2,"['Castelvecchio', 'Museo Lapidario']",Casa Giulietta,"['Centro Fotografia', 'Sighseeing', 'Torre Lamberti', 'Museo Conte', 'Museo Radio']",Palazzo della Ragione,strategy_nearest,False,0.0019102096557617188,success
0479B1C27B3F80,0,"['Casa Giulietta', 'Arena']",Torre Lamberti,"['Sighseeing', 'Centro Fotografia', 'Museo Conte', 'Palazzo della Ragione', 'AMO']",Giardino Giusti,strategy_nearest,False,0.0020380020141601562,success
0479B5429C4C80,1,"['Arena', 'Casa Giulietta']",Duomo,"['AMO', 'Museo Miniscalchi', 'Santa Anastasia', 'Teatro Romano', 'Palazzo della Ragione']",Torre Lamberti,strategy_nearest,False,0.0031518936157226562,success
0479B03A9C4C80,1,['Arena'],Torre Lamberti,"['Sighseeing', 'Centro Fotografia', 'Museo Conte', 'Casa Giulietta', 'Palazzo della Ragione']",Palazzo della Ragione,strategy_nearest,True,0.002936124801635742,success
0479B93A9C4C80,2,['Torre Lamberti'],Santa Anastasia,"['AMO', 'Museo Conte', 'Palazzo della Ragione', 'Teatro Romano', 'Centro Fotografia']",Teatro Romano,strategy_nearest,True,0.001940011978149414,success
0479B63A9C4C80,3,['Arena'],Santa Anastasia,"['AMO', 'Museo Conte', 'Palazzo della Ragione', 'Teatro Romano', 'Centro Fotografia']",Duomo,strategy_nearest,False,0.0031969547271728516,success
0479CAC27B3F80,2,['San Fermo'],Palazzo della Ragione,"['AMO', 'Museo Conte', 'Torre Lamberti', 'Centro Fotografia', 'Sighseeing']",Torre Lamberti,strategy_nearest,True,0.003267049789428711,success
0479BC429C4C80,3,"['Casa Giulietta', 'Arena', 'Museo Lapidario', 'Castelvecchio']",San Zeno,"['Verona Tour', 'Museo Miniscalchi', 'Sighseeing', 'Museo Radio', 'Torre Lamberti']",Torre Lamberti,strategy_nearest,True,0.002743959426879883,success
0479DF3A9C4C80,0,['Arena'],Torre Lamberti,"['Sighseeing', 'Centro Fotografia', 'Museo Conte', 'Casa Giulietta', 'Palazzo della Ragione']",Teatro Romano,strategy_nearest,False,0.0023691654205322266,success
0479CDC27B3F80,1,"['Palazzo della Ragione', 'Torre Lamberti', 'Santa Anastasia', 'Duomo']",Casa Giulietta,"['Centro Fotografia', 'Sighseeing', 'Museo Conte', 'Museo Radio', 'San Fermo']",Castelvecchio,strategy_nearest,False,0.0026938915252685547,success
0479CF3A9C4C80,1,['Casa Giulietta'],Arena,"['Verona Tour', 'Museo Lapidario', 'Museo Radio', 'San Fermo', 'Sighseeing']",Santa Anastasia,strategy_nearest,False,0.0031058788299560547,success
0479E73A9C4C80,3,"['Castelvecchio', 'Arena']",San Fermo,"['Museo Storia', 'Museo Radio', 'Casa Giulietta', 'Centro Fotografia', 'Sighseeing']",Santa Anastasia,strategy_nearest,False,0.0035181045532226562,success
0479F1BA7B3F80,0,['Arena'],Casa Giulietta,"['Centro Fotografia', 'Sighseeing', 'Torre Lamberti', 'Museo Conte', 'Museo Radio']",Castelvecchio,strategy_nearest,False,0.0016100406646728516,success
0479EA3A9C4C80,2,['Santa Anastasia'],Palazzo della Ragione,"['AMO', 'Museo Conte', 'Torre Lamberti', 'Centro Fotografia', 'Sighseeing']",Casa Giulietta,strategy_nearest,False,0.0032782554626464844,success
0479F1C27B3F80,1,"['Palazzo della Ragione', 'Torre Lamberti', 'Santa Anastasia', 'Duomo']",Casa Giulietta,"['Centro Fotografia', 'Sighseeing', 'Museo Conte', 'Museo Radio', 'San Fermo']",Castelvecchio,strategy_nearest,False,0.0024678707122802734,success
0479E93A9C4C80,3,"['Arena', 'Casa Giulietta']",Santa Anastasia,"['AMO', 'Museo Conte', 'Palazzo della Ragione', 'Teatro Romano', 'Centro Fotografia']",Duomo,strategy_nearest,False,0.005326032638549805,success
0479F8C27B3F80,3,['Arena'],Casa Giulietta,"['Centro Fotografia', 'Sighseeing', 'Torre Lamberti', 'Museo Conte', 'Museo Radio']",Santa Anastasia,strategy_nearest,False,0.002048015594482422,success
047A00C27B3F84,3,"['Casa Giulietta', 'Torre Lamberti', 'Santa Anastasia']",Arena,"['Verona Tour', 'Museo Lapidario', 'Museo Radio', 'San Fermo', 'Sighseeing']",Castelvecchio,strategy_nearest,False,0.003214120864868164,success
0479F7C27B3F80,1,"['Santa Anastasia', 'Casa Giulietta', 'Castelvecchio']",Arena,"['Verona Tour', 'Museo Lapidario', 'Museo Radio', 'San Fermo', 'Sighseeing']",Torre Lamberti,strategy_nearest,False,0.003699064254760742,success
0479FF3A9C4C80,3,"['Museo Lapidario', 'Arena']",Casa Giulietta,"['Centro Fotografia', 'Sighseeing', 'Torre Lamberti', 'Museo Conte', 'Museo Radio']",Teatro Romano,strategy_nearest,False,0.002203226089477539,success
047A0B429C4C80,2,['Palazzo della Ragione'],Torre Lamberti,"['Sighseeing', 'Centro Fotografia', 'Museo Conte', 'Casa Giulietta', 'AMO']",Casa Giulietta,strategy_nearest,True,0.0021970272064208984,success
047A03C27B3F84,3,"['Santa Anastasia', 'Duomo', 'Torre Lamberti']",Arena,"['Verona Tour', 'Museo Lapidario', 'Museo Radio', 'San Fermo', 'Casa Giulietta']",Casa Giulietta,strategy_nearest,True,0.002608060836791992,success
047A0EC27B3F84,3,"['Santa Anastasia', 'Duomo', 'Torre Lamberti']",Arena,"['Verona Tour', 'Museo Lapidario', 'Museo Radio', 'San Fermo', 'Casa Giulietta']",Casa Giulietta,strategy_nearest,True,0.002988100051879883,success
047A0D429C4C84,4,"['Arena', 'Casa Giulietta', 'Museo Radio']",Torre Lamberti,"['Sighseeing', 'Centro Fotografia', 'Museo Conte', 'Palazzo della Ragione', 'AMO']",Castelvecchio,strategy_nearest,False,0.0028841495513916016,success
047A0F3A9C4C80,0,['Arena'],Casa Giulietta,"['Centro Fotografia', 'Sighseeing', 'Torre Lamberti', 'Museo Conte', 'Museo Radio']",Tomba Giulietta,strategy_nearest,False,0.002463102340698242,success
047A14C27B3F84,3,"['Arena', 'Casa Giulietta']",Torre Lamberti,"['Sighseeing', 'Centro Fotografia', 'Museo Conte', 'Palazzo della Ragione', 'AMO']",Santa Anastasia,strategy_nearest,False,0.0017337799072265625,success
047A123A9C4C84,1,"['Castelvecchio', 'Casa Giulietta', 'Arena']",Santa Anastasia,"['AMO', 'Museo Conte', 'Palazzo della Ragione', 'Teatro Romano', 'Centro Fotografia']",Teatro Romano,strategy_nearest,True,0.002810955047607422,success
047A0F429C4C80,1,"['Arena', 'Torre Lamberti', 'Palazzo della Ragione']",Casa Giulietta,"['Centro Fotografia', 'Sighseeing', 'Museo Conte', 'Museo Radio', 'San Fermo']",Santa Anastasia,strategy_nearest,False,0.003508329391479492,success
047A1AC27B3F84,3,"['Arena', 'Casa Giulietta', 'Torre Lamberti']",Santa Anastasia,"['AMO', 'Museo Conte', 'Palazzo della Ragione', 'Teatro Romano', 'Centro Fotografia']",San Zeno,strategy_nearest,False,0.002804994583129883,success
047A16429C4C80,3,"['Arena', 'Casa Giulietta']",Santa Anastasia,"['AMO', 'Museo Conte', 'Palazzo della Ragione', 'Teatro Romano', 'Centro Fotografia']",Teatro Romano,strategy_nearest,True,0.002892017364501953,success
047A1D3A9C4C84,3,"['Duomo', 'Santa Anastasia', 'Torre Lamberti']",Casa Giulietta,"['Centro Fotografia', 'Sighseeing', 'Museo Conte', 'Museo Radio', 'Palazzo della Ragione']",Arena,strategy_nearest,False,0.002804279327392578,success
047A203A9C4C80,3,"['Arena', 'Casa Giulietta']",Castelvecchio,"['Museo Lapidario', 'Verona Tour', 'Museo Radio', 'San Zeno', 'Sighseeing']",Santa Anastasia,strategy_nearest,False,0.0032041072845458984,success
047A21429C4C84,3,"['Museo Lapidario', 'Santa Anastasia']",Duomo,"['AMO', 'Museo Miniscalchi', 'Teatro Romano', 'Palazzo della Ragione', 'Museo Conte']",Torre Lamberti,strategy_nearest,False,0.002340078353881836,success
047A293A9C4C80,0,"['Arena', 'Casa Giulietta']",Torre Lamberti,"['Sighseeing', 'Centro Fotografia', 'Museo Conte', 'Palazzo della Ragione', 'AMO']",Castelvecchio,strategy_nearest,False,0.0031762123107910156,success
047A20C27B3F84,3,"['Arena', 'Casa Giulietta', 'Torre Lamberti']",Santa Anastasia,"['AMO', 'Museo Conte', 'Palazzo della Ragione', 'Teatro Romano', 'Centro Fotografia']",San Zeno,strategy_nearest,False,0.0016870498657226562,success
047A263A9C4C84,2,['Castelvecchio'],Teatro Romano,"['Santa Anastasia', 'Duomo', 'AMO', 'Palazzo della Ragione', 'Museo Conte']",Santa Anastasia,strategy_nearest,True,0.0028989315032958984,success
047A453A9C4C80,1,"['Arena', 'Casa Giulietta']",Santa Anastasia,"['AMO', 'Museo Conte', 'Palazzo della Ragione', 'Teatro Romano', 'Centro Fotografia']",Duomo,strategy_nearest,False,0.0020208358764648438,success
047A2F4A9C4C80,3,"['Arena', 'Castelvecchio', 'San Zeno', 'Tomba Giulietta']",San Fermo,"['Museo Storia', 'Museo Radio', 'Casa Giulietta', 'Centro Fotografia', 'Sighseeing']",Casa Giulietta,strategy_nearest,True,0.001470327377319336,success
047A393A9C4C80,1,['San Fermo'],Palazzo della Ragione,"['AMO', 'Museo Conte', 'Torre Lamberti', 'Centro Fotografia', 'Sighseeing']",Arena,strategy_nearest,False,0.002850055694580078,success
047A473A9C4C80,2,['San Fermo'],Santa Anastasia,"['AMO', 'Museo Conte', 'Palazzo della Ragione', 'Teatro Romano', 'Centro Fotografia']",Duomo,strategy_nearest,False,0.003159046173095703,success
047A4DC27B3F80,0,"['Casa Giulietta', 'Arena']",Torre Lamberti,"['Sighseeing', 'Centro Fotografia', 'Museo Conte', 'Palazzo della Ragione', 'AMO']",Giardino Giusti,strategy_nearest,False,0.00244140625,success
047A55C27B3F80,3,"['Arena', 'Castelvecchio']",San Zeno,"['Verona Tour', 'Museo Lapidario', 'Museo Miniscalchi', 'Sighseeing', 'Museo Radio']",Casa Giulietta,strategy_nearest,False,0.0025300979614257812,success
047A4FC27B3F80,1,"['Arena', 'Casa Giulietta', 'Torre Lamberti', 'Palazzo della Ragione']",Santa Anastasia,"['AMO', 'Museo Conte', 'Teatro Romano', 'Centro Fotografia', 'Duomo']",Duomo,strategy_nearest,True,0.0028061866760253906,success
047A5D429C4C80,0,['Arena'],Torre Lamberti,"['Sighseeing', 'Centro Fotografia', 'Museo Conte', 'Casa Giulietta', 'Palazzo della Ragione']",Casa Giulietta,strategy_nearest,True,0.003347158432006836,success
047A60429C4C80,4,"['Castelvecchio', 'Tomba Giulietta', 'Museo Radio']",Torre Lamberti,"['Sighseeing', 'Centro Fotografia', 'Museo Conte', 'Casa Giulietta', 'Palazzo della Ragione']",Casa Giulietta,strategy_nearest,True,0.0030498504638671875,success
047A66C27B3F80,3,"['Arena', 'Castelvecchio']",San Zeno,"['Verona Tour', 'Museo Lapidario', 'Museo Miniscalchi', 'Sighseeing', 'Museo Radio']",Casa Giulietta,strategy_nearest,False,0.0034999847412109375,success
047A70C27B3F80,0,['Arena'],Casa Giulietta,"['Centro Fotografia', 'Sighseeing', 'Torre Lamberti', 'Museo Conte', 'Museo Radio']",Giardino Giusti,strategy_nearest,False,0.002145051956176758,success
047A783A9C4C80,3,"['San Zeno', 'Arena']",Santa Anastasia,"['AMO', 'Museo Conte', 'Palazzo della Ragione', 'Teatro Romano', 'Centro Fotografia']",Duomo,strategy_nearest,False,0.0027189254760742188,success
047A71C27B3F80,3,"['Casa Giulietta', 'Santa Anastasia']",Duomo,"['AMO', 'Museo Miniscalchi', 'Teatro Romano', 'Palazzo della Ragione', 'Museo Conte']",Teatro Romano,strategy_nearest,True,0.0033762454986572266,success
047A7CC27B3F80,0,"['Teatro Romano', 'Torre Lamberti']",San Zeno,"['Castelvecchio', 'Verona Tour', 'Museo Lapidario', 'Arena', 'Museo Miniscalchi']",Arena,strategy_nearest,True,0.0018889904022216797,success
047A7C429C4C80,0,['Arena'],Castelvecchio,"['Museo Lapidario', 'Verona Tour', 'Museo Radio', 'San Zeno', 'Sighseeing']",Casa Giulietta,strategy_nearest,False,0.002519845962524414,success
047A7D3A9C4C80,0,['Casa Giulietta'],Giardino Giusti,"['Santa Anastasia', 'Teatro Romano', 'Museo Conte', 'Centro Fotografia', 'Museo Storia']",Arena,strategy_nearest,False,0.0030078887939453125,success
047A81429C4C80,0,['Arena'],Casa Giulietta,"['Centro Fotografia', 'Sighseeing', 'Torre Lamberti', 'Museo Conte', 'Museo Radio']",Santa Anastasia,strategy_nearest,False,0.0021610260009765625,success
047A80429C4C80,0,['Castelvecchio'],Torre Lamberti,"['Sighseeing', 'Centro Fotografia', 'Museo Conte', 'Casa Giulietta', 'Palazzo della Ragione']",Arena,strategy_nearest,False,0.0035610198974609375,success
047A834A9C4C80,3,['Arena'],Castelvecchio,"['Museo Lapidario', 'Verona Tour', 'Museo Radio', 'San Zeno', 'Sighseeing']",Santa Anastasia,strategy_nearest,False,0.002550840377807617,success
047A8A429C4C80,3,"['Santa Anastasia', 'Torre Lamberti']",Duomo,"['AMO', 'Museo Miniscalchi', 'Teatro Romano', 'Palazzo della Ragione', 'Museo Conte']",Arena,strategy_nearest,False,0.003092050552368164,success
047A863A9C4C80,3,"['Tomba Giulietta', 'Casa Giulietta', 'Torre Lamberti']",Santa Anastasia,"['AMO', 'Museo Conte', 'Palazzo della Ragione', 'Teatro Romano', 'Centro Fotografia']",Duomo,strategy_nearest,False,0.0025331974029541016,success
047A8B4A9C4C80,3,"['Arena', 'Casa Giulietta']",Torre Lamberti,"['Sighseeing', 'Centro Fotografia', 'Museo Conte', 'Palazzo della Ragione', 'AMO']",Santa Anastasia,strategy_nearest,False,0.0025539398193359375,success
047A8D429C4C80,1,"['Torre Lamberti', 'Palazzo della Ragione', 'Santa Anastasia']",Teatro Romano,"['Duomo', 'AMO', 'Museo Conte', 'Centro Fotografia', 'Museo Miniscalchi']",Arena,strategy_nearest,False,0.0019659996032714844,success
047A8D3A9C4C80,0,['Castelvecchio'],Arena,"['Verona Tour', 'Museo Lapidario', 'Museo Radio', 'San Fermo', 'Casa Giulietta']",Casa Giulietta,strategy_nearest,True,0.0034780502319335938,success
047AA2C27B3F80,3,"['Santa Anastasia', 'Duomo', 'Torre Lamberti']",Arena,"['Verona Tour', 'Museo Lapidario', 'Museo Radio', 'San Fermo', 'Casa Giulietta']",Casa Giulietta,strategy_nearest,True,0.002087831497192383,success
047AA9C27B3F80,3,"['Santa Anastasia', 'Duomo', 'Torre Lamberti']",Arena,"['Verona Tour', 'Museo Lapidario', 'Museo Radio', 'San Fermo', 'Casa Giulietta']",Casa Giulietta,strategy_nearest,True,0.0032279491424560547,success
047AAD3A9C4C80,3,['Torre Lamberti'],Casa Giulietta,"['Centro Fotografia', 'Sighseeing', 'Museo Conte', 'Museo Radio', 'Palazzo della Ragione']",Santa Anastasia,strategy_nearest,False,0.002586841583251953,success
047AB3429C4C80,1,"['Arena', 'Casa Giulietta']",Palazzo della Ragione,"['AMO', 'Museo Conte', 'Torre Lamberti', 'Centro Fotografia', 'Sighseeing']",Santa Anastasia,strategy_nearest,False,0.001905202865600586,success
047ABC429C4C80,1,['Arena'],Torre Lamberti,"['Sighseeing', 'Centro Fotografia', 'Museo Conte', 'Casa Giulietta', 'Palazzo della Ragione']",Palazzo della Ragione,strategy_nearest,True,0.0031020641326904297,success
047AB9429C4C80,2,"['Museo Lapidario', 'Castelvecchio', 'Teatro Romano']",Santa Anastasia,"['AMO', 'Museo Conte', 'Palazzo della Ragione', 'Centro Fotografia', 'Duomo']",Palazzo della Ragione,strategy_nearest,True,0.0035860538482666016,success
047ABEC27B3F80,1,['Arena'],Torre Lamberti,"['Sighseeing', 'Centro Fotografia', 'Museo Conte', 'Casa Giulietta', 'Palazzo della Ragione']",Casa Giulietta,strategy_nearest,True,0.0028200149536132812,success
047AC03A9C4C80,0,['Castelvecchio'],Arena,"['Verona Tour', 'Museo Lapidario', 'Museo Radio', 'San Fermo', 'Casa Giulietta']",Duomo,strategy_nearest,False,0.0029141902923583984,success
047AC5429C4C80,3,"['Casa Giulietta', 'Arena', 'Museo Lapidario', 'Castelvecchio']",San Zeno,"['Verona Tour', 'Museo Miniscalchi', 'Sighseeing', 'Museo Radio', 'Torre Lamberti']",Torre Lamberti,strategy_nearest,True,0.0031790733337402344,success
047ABFC27B3F80,1,"['Torre Lamberti', 'Palazzo della Ragione', 'Santa Anastasia']",Duomo,"['AMO', 'Museo Miniscalchi', 'Teatro Romano', 'Museo Conte', 'Centro Fotografia']",Teatro Romano,strategy_nearest,True,0.0033829212188720703,success
047AC7429C4C80,2,"['Castelvecchio', 'Palazzo della Ragione']",Torre Lamberti,"['Sighseeing', 'Centro Fotografia', 'Museo Conte', 'Casa Giulietta', 'AMO']",Duomo,strategy_nearest,False,0.0020570755004882812,success
047AD1429C4C80,2,"['Duomo', 'Santa Anastasia']",Casa Giulietta,"['Centro Fotografia', 'Sighseeing', 'Torre Lamberti', 'Museo Conte', 'Museo Radio']",San Fermo,strategy_nearest,False,0.0022017955780029297,success
047AD2429C4C80,1,"['Teatro Romano', 'Duomo', 'Santa Anastasia']",Palazzo della Ragione,"['AMO', 'Museo Conte', 'Torre Lamberti', 'Centro Fotografia', 'Sighseeing']",San Fermo,strategy_nearest,False,0.003306865692138672,success
047ACB3A9C4C80,1,"['Arena', 'Casa Giulietta']",Torre Lamberti,"['Sighseeing', 'Centro Fotografia', 'Museo Conte', 'Palazzo della Ragione', 'AMO']",Palazzo della Ragione,strategy_nearest,True,0.0029549598693847656,success
047AD33A9C4C80,3,"['Arena', 'Casa Giulietta', 'Museo Lapidario']",Torre Lamberti,"['Sighseeing', 'Centro Fotografia', 'Museo Conte', 'Palazzo della Ragione', 'AMO']",Santa Anastasia,strategy_nearest,False,0.0024750232696533203,success
047AD73A9C4C80,1,"['Arena', 'Torre Lamberti', 'Santa Anastasia', 'Teatro Romano']",Duomo,"['AMO', 'Museo Miniscalchi', 'Palazzo della Ragione', 'Museo Conte', 'Centro Fotografia']",Casa Giulietta,strategy_nearest,False,0.0033507347106933594,success
047ADE3A9C4C80,3,"['Arena', 'Torre Lamberti']",Santa Anastasia,"['AMO', 'Museo Conte', 'Palazzo della Ragione', 'Teatro Romano', 'Centro Fotografia']",Duomo,strategy_nearest,False,0.0026319026947021484,success
047AE2C27B3F80,0,"['Arena', 'Castelvecchio', 'San Zeno']",Casa Giulietta,"['Centro Fotografia', 'Sighseeing', 'Torre Lamberti', 'Museo Conte', 'Museo Radio']",Torre Lamberti,strategy_nearest,True,0.003309011459350586,success
047AE33A9C4C80,0,['Arena'],Torre Lamberti,"['Sighseeing', 'Centro Fotografia', 'Museo Conte', 'Casa Giulietta', 'Palazzo della Ragione']",Castelvecchio,strategy_nearest,False,0.002640962600708008,success
047AE23A9C4C80,0,['Tomba Giulietta'],Arena,"['Verona Tour', 'Museo Lapidario', 'Museo Radio', 'San Fermo', 'Casa Giulietta']",Casa Giulietta,strategy_nearest,True,0.0026509761810302734,success
047AE53A9C4C80,1,['Torre Lamberti'],Palazzo della Ragione,"['AMO', 'Museo Conte', 'Centro Fotografia', 'Sighseeing', 'Santa Anastasia']",Arena,strategy_nearest,False,0.0031948089599609375,success
047AEF429C4C80,3,"['Castelvecchio', 'Casa Giulietta']",Torre Lamberti,"['Sighseeing', 'Centro Fotografia', 'Museo Conte', 'Palazzo della Ragione', 'AMO']",Arena,strategy_nearest,False,0.0020411014556884766,success
047AF33A9C4C80,1,"['Casa Giulietta', 'Torre Lamberti', 'Palazzo della Ragione', 'Santa Anastasia']",Giardino Giusti,"['Teatro Romano', 'Museo Conte', 'Centro Fotografia', 'Museo Storia', 'AMO']",Teatro Romano,strategy_nearest,True,0.0026018619537353516,success
047AF0429C4C80,3,"['Teatro Romano', 'Arena', 'Castelvecchio']",San Zeno,"['Verona Tour', 'Museo Lapidario', 'Museo Miniscalchi', 'Sighseeing', 'Museo Radio']",Duomo,strategy_nearest,False,0.0020949840545654297,success
047AED3A9C4C80,6,['Castelvecchio'],Arena,"['Verona Tour', 'Museo Lapidario', 'Museo Radio', 'San Fermo', 'Casa Giulietta']",Verona Tour,strategy_nearest,True,0.00408482551574707,success
047B023A9C4C84,2,"['Museo Lapidario', 'Castelvecchio']",Duomo,"['AMO', 'Museo Miniscalchi', 'Santa Anastasia', 'Teatro Romano', 'Palazzo della Ragione']",Casa Giulietta,strategy_nearest,False,0.0014379024505615234,success
047AF5429C4C80,3,['Arena'],Duomo,"['AMO', 'Museo Miniscalchi', 'Santa Anastasia', 'Teatro Romano', 'Palazzo della Ragione']",Santa Anastasia,strategy_nearest,True,0.004058122634887695,success
047AFAC27B3F80,0,"['Teatro Romano', 'Torre Lamberti']",San Zeno,"['Castelvecchio', 'Verona Tour', 'Museo Lapidario', 'Arena', 'Museo Miniscalchi']",Arena,strategy_nearest,True,0.002222776412963867,success
047B0B429C4C80,1,"['Arena', 'Casa Giulietta']",Torre Lamberti,"['Sighseeing', 'Centro Fotografia', 'Museo Conte', 'Palazzo della Ragione', 'AMO']",Palazzo della Ragione,strategy_nearest,True,0.003496885299682617,success
047B0E429C4C80,0,['Teatro Romano'],Tomba Giulietta,"['San Fermo', 'Museo Storia', 'Arena', 'Museo Lapidario', 'Museo Radio']",Arena,strategy_nearest,True,0.0041120052337646484,success
047B0F429C4C80,0,['Arena'],Casa Giulietta,"['Centro Fotografia', 'Sighseeing', 'Torre Lamberti', 'Museo Conte', 'Museo Radio']",Teatro Romano,strategy_nearest,False,0.0026907920837402344,success
047B10429C4C80,0,['Arena'],Casa Giulietta,"['Centro Fotografia', 'Sighseeing', 'Torre Lamberti', 'Museo Conte', 'Museo Radio']",Castelvecchio,strategy_nearest,False,0.0029211044311523438,success
047B11429C4C80,1,"['Arena', 'Casa Giulietta', 'Torre Lamberti']",Palazzo della Ragione,"['AMO', 'Museo Conte', 'Centro Fotografia', 'Sighseeing', 'Santa Anastasia']",Duomo,strategy_nearest,False,0.002357006072998047,success
047B123A9C4C80,0,['Arena'],Casa Giulietta,"['Centro Fotografia', 'Sighseeing', 'Torre Lamberti', 'Museo Conte', 'Museo Radio']",Castelvecchio,strategy_nearest,False,0.0027611255645751953,success
047B143A9C4C84,1,"['Teatro Romano', 'Santa Anastasia', 'Casa Giulietta']",Arena,"['Verona Tour', 'Museo Lapidario', 'Museo Radio', 'San Fermo', 'Sighseeing']",Castelvecchio,strategy_nearest,False,0.002112150192260742,success
047B17429C4C80,0,['Arena'],Casa Giulietta,"['Centro Fotografia', 'Sighseeing', 'Torre Lamberti', 'Museo Conte', 'Museo Radio']",Torre Lamberti,strategy_nearest,True,0.003383159637451172,success
047B214A9C4C80,1,"['Arena', 'San Fermo', 'Casa Giulietta', 'Palazzo della Ragione']",Santa Anastasia,"['AMO', 'Museo Conte', 'Teatro Romano', 'Centro Fotografia', 'Duomo']",Duomo,strategy_nearest,True,0.0033028125762939453,success
047B30429C4C80,0,"['Torre Lamberti', 'Duomo']",Casa Giulietta,"['Centro Fotografia', 'Sighseeing', 'Museo Conte', 'Museo Radio', 'Palazzo della Ragione']",Arena,strategy_nearest,False,0.0017011165618896484,success
047B3B3A9C4C80,3,['Torre Lamberti'],Arena,"['Verona Tour', 'Museo Lapidario', 'Museo Radio', 'San Fermo', 'Casa Giulietta']",Castelvecchio,strategy_nearest,False,0.0028870105743408203,success
047B523A9C4C80,3,['Arena'],Torre Lamberti,"['Sighseeing', 'Centro Fotografia', 'Museo Conte', 'Casa Giulietta', 'Palazzo della Ragione']",Santa Anastasia,strategy_nearest,False,0.0034470558166503906,success
047B563A9C4C80,0,['Arena'],Museo Lapidario,"['Verona Tour', 'Castelvecchio', 'Museo Radio', 'San Fermo', 'Casa Giulietta']",Castelvecchio,strategy_nearest,True,0.0019998550415039062,success
047B5D429C4C80,3,"['Casa Giulietta', 'Arena']",Teatro Romano,"['Santa Anastasia', 'Duomo', 'AMO', 'Palazzo della Ragione', 'Museo Conte']",Santa Anastasia,strategy_nearest,True,0.0024971961975097656,success
047B65429C4C80,2,['Castelvecchio'],Torre Lamberti,"['Sighseeing', 'Centro Fotografia', 'Museo Conte', 'Casa Giulietta', 'Palazzo della Ragione']",Casa Giulietta,strategy_nearest,True,0.001990795135498047,success
047B69429C4C80,3,['Torre Lamberti'],Santa Anastasia,"['AMO', 'Museo Conte', 'Palazzo della Ragione', 'Teatro Romano', 'Centro Fotografia']",Casa Giulietta,strategy_nearest,False,0.003508329391479492,success
047B62429C4C80,3,"['Arena', 'Casa Giulietta']",Castelvecchio,"['Museo Lapidario', 'Verona Tour', 'Museo Radio', 'San Zeno', 'Sighseeing']",Torre Lamberti,strategy_nearest,False,0.0032460689544677734,success
047B6EC27B3F80,3,"['Arena', 'Santa Anastasia']",Teatro Romano,"['Duomo', 'AMO', 'Palazzo della Ragione', 'Museo Conte', 'Centro Fotografia']",Duomo,strategy_nearest,True,0.0035228729248046875,success
047B75429C4C80,3,"['Torre Lamberti', 'Casa Giulietta']",Santa Anastasia,"['AMO', 'Museo Conte', 'Palazzo della Ragione', 'Teatro Romano', 'Centro Fotografia']",Arena,strategy_nearest,False,0.004038095474243164,success
047B70429C4C80,0,['Arena'],Castelvecchio,"['Museo Lapidario', 'Verona Tour', 'Museo Radio', 'San Zeno', 'Sighseeing']",Duomo,strategy_nearest,False,0.0030710697174072266,success
047B7C3A9C4C80,1,"['Arena', 'Castelvecchio', 'Duomo']",Museo Storia,"['San Fermo', 'Museo Radio', 'Casa Giulietta', 'Centro Fotografia', 'Tomba Giulietta']",San Fermo,strategy_nearest,True,0.0034837722778320312,success
047B76429C4C80,1,"['Teatro Romano', 'Duomo']",Palazzo della Ragione,"['AMO', 'Museo Conte', 'Torre Lamberti', 'Centro Fotografia', 'Sighseeing']",Casa Giulietta,strategy_nearest,False,0.005251646041870117,success
047B7D3A9C4C80,3,"['Arena', 'Casa Giulietta']",Torre Lamberti,"['Sighseeing', 'Centro Fotografia', 'Museo Conte', 'Palazzo della Ragione', 'AMO']",Santa Anastasia,strategy_nearest,False,0.002572774887084961,success
047B7E3A9C4C80,0,['Arena'],Castelvecchio,"['Museo Lapidario', 'Verona Tour', 'Museo Radio', 'San Zeno', 'Sighseeing']",Casa Giulietta,strategy_nearest,False,0.004117012023925781,success
047B7C429C4C80,3,"['Arena', 'Castelvecchio']",Torre Lamberti,"['Sighseeing', 'Centro Fotografia', 'Museo Conte', 'Casa Giulietta', 'Palazzo della Ragione']",Casa Giulietta,strategy_nearest,True,0.0042879581451416016,success
047B7F4A9C4C80,0,['Arena'],Casa Giulietta,"['Centro Fotografia', 'Sighseeing', 'Torre Lamberti', 'Museo Conte', 'Museo Radio']",Castelvecchio,strategy_nearest,False,0.0023000240325927734,success
047B80429C4C80,3,"['Arena', 'San Fermo']",Torre Lamberti,"['Sighseeing', 'Centro Fotografia', 'Museo Conte', 'Casa Giulietta', 'Palazzo della Ragione']",Santa Anastasia,strategy_nearest,False,0.0021932125091552734,success
047B86C27B3F80,1,"['Torre Lamberti', 'Palazzo della Ragione', 'Santa Anastasia']",Duomo,"['AMO', 'Museo Miniscalchi', 'Teatro Romano', 'Museo Conte', 'Centro Fotografia']",Teatro Romano,strategy_nearest,True,0.0052013397216796875,success
047B8A429C4C80,3,"['Castelvecchio', 'Arena']",Torre Lamberti,"['Sighseeing', 'Centro Fotografia', 'Museo Conte', 'Casa Giulietta', 'Palazzo della Ragione']",Santa Anastasia,strategy_nearest,False,0.002991914749145508,success
047B8A4A9C4C80,3,"['Arena', 'Casa Giulietta']",Duomo,"['AMO', 'Museo Miniscalchi', 'Santa Anastasia', 'Teatro Romano', 'Palazzo della Ragione']",Santa Anastasia,strategy_nearest,True,0.0031156539916992188,success
047B8C4A9C4C80,0,['Teatro Romano'],Casa Giulietta,"['Centro Fotografia', 'Sighseeing', 'Torre Lamberti', 'Museo Conte', 'Museo Radio']",Arena,strategy_nearest,False,0.0037009716033935547,success
047B8D4A9C4C80,0,['Arena'],Castelvecchio,"['Museo Lapidario', 'Verona Tour', 'Museo Radio', 'San Zeno', 'Sighseeing']",Torre Lamberti,strategy_nearest,False,0.0033071041107177734,success
047BAF429C4C80,0,['Arena'],Torre Lamberti,"['Sighseeing', 'Centro Fotografia', 'Museo Conte', 'Casa Giulietta', 'Palazzo della Ragione']",San Zeno,strategy_nearest,False,0.0024640560150146484,success
047BA872743380,1,"['Santa Anastasia', 'Teatro Romano', 'Duomo', 'Arena', 'Museo Lapidario']",San Zeno,"['Castelvecchio', 'Verona Tour', 'Museo Miniscalchi', 'Sighseeing', 'Museo Radio']",Castelvecchio,strategy_nearest,True,0.00403904914855957,success
047BB5429C4C80,1,"['Arena', 'Castelvecchio']",Torre Lamberti,"['Sighseeing', 'Centro Fotografia', 'Museo Conte', 'Casa Giulietta', 'Palazzo della Ragione']",Palazzo della Ragione,strategy_nearest,True,0.0017957687377929688,success
047BBD3A9C4C80,0,['Arena'],Casa Giulietta,"['Centro Fotografia', 'Sighseeing', 'Torre Lamberti', 'Museo Conte', 'Museo Radio']",Duomo,strategy_nearest,False,0.0022988319396972656,success
047BB63A9C4C80,2,['Torre Lamberti'],Teatro Romano,"['Santa Anastasia', 'Duomo', 'AMO', 'Palazzo della Ragione', 'Museo Conte']",San Fermo,strategy_nearest,False,0.0036690235137939453,success
047BC6429C4C80,1,"['Arena', 'Casa Giulietta', 'Palazzo della Ragione']",Torre Lamberti,"['Sighseeing', 'Centro Fotografia', 'Museo Conte', 'AMO', 'Museo Miniscalchi']",Santa Anastasia,strategy_nearest,False,0.0020830631256103516,success
047BBE3A9C4C80,2,['Casa Giulietta'],Teatro Romano,"['Santa Anastasia', 'Duomo', 'AMO', 'Palazzo della Ragione', 'Museo Conte']",Duomo,strategy_nearest,True,0.003964900970458984,success
047BC63A9C4C80,0,['Casa Giulietta'],Torre Lamberti,"['Sighseeing', 'Centro Fotografia', 'Museo Conte', 'Palazzo della Ragione', 'AMO']",Castelvecchio,strategy_nearest,False,0.004004001617431641,success
047BD5C27B3F80,1,"['Casa Giulietta', 'Torre Lamberti', 'Palazzo della Ragione']",Arena,"['Verona Tour', 'Museo Lapidario', 'Museo Radio', 'San Fermo', 'Sighseeing']",Castelvecchio,strategy_nearest,False,0.002941131591796875,success
047BD2429C4C80,1,"['Teatro Romano', 'Casa Giulietta']",Giardino Giusti,"['Santa Anastasia', 'Museo Conte', 'Centro Fotografia', 'Museo Storia', 'AMO']",Palazzo della Ragione,strategy_nearest,False,0.0040280818939208984,success
047BD5429C4C80,1,"['Arena', 'Casa Giulietta']",Torre Lamberti,"['Sighseeing', 'Centro Fotografia', 'Museo Conte', 'Palazzo della Ragione', 'AMO']",Palazzo della Ragione,strategy_nearest,True,0.002153158187866211,success
047BD8429C4C80,1,"['Torre Lamberti', 'Palazzo della Ragione', 'Santa Anastasia', 'Giardino Giusti']",Teatro Romano,"['Duomo', 'AMO', 'Museo Conte', 'Centro Fotografia', 'Museo Miniscalchi']",Arena,strategy_nearest,False,0.0038318634033203125,success
047BDB3A9C4C80,2,"['Torre Lamberti', 'Santa Anastasia']",Teatro Romano,"['Duomo', 'AMO', 'Palazzo della Ragione', 'Museo Conte', 'Centro Fotografia']",Duomo,strategy_nearest,True,0.0033779144287109375,success
047BDDC27B3F80,1,"['Arena', 'Tomba Giulietta']",Torre Lamberti,"['Sighseeing', 'Centro Fotografia', 'Museo Conte', 'Casa Giulietta', 'Palazzo della Ragione']",Casa Giulietta,strategy_nearest,True,0.004754304885864258,success
047BE23A9C4C80,0,['Arena'],Casa Giulietta,"['Centro Fotografia', 'Sighseeing', 'Torre Lamberti', 'Museo Conte', 'Museo Radio']",Santa Anastasia,strategy_nearest,False,0.00222015380859375,success
047BDE3A9C4C80,1,"['Arena', 'San Fermo', 'Casa Giulietta', 'Palazzo della Ragione']",Torre Lamberti,"['Sighseeing', 'Centro Fotografia', 'Museo Conte', 'AMO', 'Museo Miniscalchi']",Santa Anastasia,strategy_nearest,False,0.006179094314575195,success
047BEE3A9C4C80,3,"['Castelvecchio', 'Arena']",Santa Anastasia,"['AMO', 'Museo Conte', 'Palazzo della Ragione', 'Teatro Romano', 'Centro Fotografia']",Torre Lamberti,strategy_nearest,False,0.0030100345611572266,success
047BE33A9C4C80,3,"['Arena', 'Museo Lapidario', 'Castelvecchio']",Torre Lamberti,"['Sighseeing', 'Centro Fotografia', 'Museo Conte', 'Casa Giulietta', 'Palazzo della Ragione']",Casa Giulietta,strategy_nearest,True,0.0025548934936523438,success
047BE83A9C4C80,0,['Arena'],Casa Giulietta,"['Centro Fotografia', 'Sighseeing', 'Torre Lamberti', 'Museo Conte', 'Museo Radio']",Torre Lamberti,strategy_nearest,True,0.0033659934997558594,success
047BF0429C4C80,1,"['Teatro Romano', 'Duomo', 'Arena', 'Castelvecchio']",Torre Lamberti,"['Sighseeing', 'Centro Fotografia', 'Museo Conte', 'Casa Giulietta', 'Palazzo della Ragione']",Casa Giulietta,strategy_nearest,True,0.0033850669860839844,success
047C013A9C4C84,3,"['Arena', 'Torre Lamberti']",Santa Anastasia,"['AMO', 'Museo Conte', 'Palazzo della Ragione', 'Teatro Romano', 'Centro Fotografia']",Duomo,strategy_nearest,False,0.002026081085205078,success
047BFC3A9C4C80,3,"['Santa Anastasia', 'Casa Giulietta']",Torre Lamberti,"['Sighseeing', 'Centro Fotografia', 'Museo Conte', 'Palazzo della Ragione', 'AMO']",Arena,strategy_nearest,False,0.0035009384155273438,success
047BF8429C4C80,1,"['Castelvecchio', 'Arena']",Palazzo della Ragione,"['AMO', 'Museo Conte', 'Torre Lamberti', 'Centro Fotografia', 'Sighseeing']",Santa Anastasia,strategy_nearest,False,0.0022399425506591797,success
047C02429C4C84,3,"['Arena', 'San Zeno', 'Castelvecchio']",Santa Anastasia,"['AMO', 'Museo Conte', 'Palazzo della Ragione', 'Teatro Romano', 'Centro Fotografia']",Torre Lamberti,strategy_nearest,False,0.003621816635131836,success
047C0B429C4C84,2,['Castelvecchio'],Casa Giulietta,"['Centro Fotografia', 'Sighseeing', 'Torre Lamberti', 'Museo Conte', 'Museo Radio']",Santa Anastasia,strategy_nearest,False,0.0031371116638183594,success
047C0C429C4C80,1,"['Arena', 'Casa Giulietta']",Palazzo della Ragione,"['AMO', 'Museo Conte', 'Torre Lamberti', 'Centro Fotografia', 'Sighseeing']",Santa Anastasia,strategy_nearest,False,0.0017268657684326172,success
047C0E429C4C80,3,"['Teatro Romano', 'Arena']",Castelvecchio,"['Museo Lapidario', 'Verona Tour', 'Museo Radio', 'San Zeno', 'Sighseeing']",Torre Lamberti,strategy_nearest,False,0.002887248992919922,success
047C0F429C4C84,1,"['Arena', 'Castelvecchio', 'San Fermo']",Casa Giulietta,"['Centro Fotografia', 'Sighseeing', 'Torre Lamberti', 'Museo Conte', 'Museo Radio']",Palazzo della Ragione,strategy_nearest,False,0.0021178722381591797,success
047C0F429C4C80,0,['Arena'],Casa Giulietta,"['Centro Fotografia', 'Sighseeing', 'Torre Lamberti', 'Museo Conte', 'Museo Radio']",Teatro Romano,strategy_nearest,False,0.006298065185546875,success
047C10429C4C80,1,['Arena'],Casa Giulietta,"['Centro Fotografia', 'Sighseeing', 'Torre Lamberti', 'Museo Conte', 'Museo Radio']",Palazzo della Ragione,strategy_nearest,False,0.0049021244049072266,success
047C14429C4C80,0,['Arena'],Casa Giulietta,"['Centro Fotografia', 'Sighseeing', 'Torre Lamberti', 'Museo Conte', 'Museo Radio']",Torre Lamberti,strategy_nearest,True,0.0037670135498046875,success
047C163A9C4C84,0,['Arena'],Castelvecchio,"['Museo Lapidario', 'Verona Tour', 'Museo Radio', 'San Zeno', 'Sighseeing']",Teatro Romano,strategy_nearest,False,0.003859996795654297,success
047C153A9C4C84,2,"['Torre Lamberti', 'San Zeno']",Santa Anastasia,"['AMO', 'Museo Conte', 'Palazzo della Ragione', 'Teatro Romano', 'Centro Fotografia']",Duomo,strategy_nearest,False,0.004295825958251953,success
047C16429C4C80,0,['Arena'],Casa Giulietta,"['Centro Fotografia', 'Sighseeing', 'Torre Lamberti', 'Museo Conte', 'Museo Radio']",Castelvecchio,strategy_nearest,False,0.0012431144714355469,success
047C1B3A9C4C80,0,['Arena'],Teatro Romano,"['Santa Anastasia', 'Duomo', 'AMO', 'Palazzo della Ragione', 'Museo Conte']",Casa Giulietta,strategy_nearest,False,0.003200054168701172,success
047C213A9C4C84,3,['Arena'],Casa Giulietta,"['Centro Fotografia', 'Sighseeing', 'Torre Lamberti', 'Museo Conte', 'Museo Radio']",Torre Lamberti,strategy_nearest,True,0.0019731521606445312,success
047C21429C4C84,1,"['Castelvecchio', 'Castelvecchio', 'Casa Giulietta']",Tomba Giulietta,"['San Fermo', 'Museo Storia', 'Arena', 'Museo Lapidario', 'Museo Radio']",Arena,strategy_nearest,True,0.002753019332885742,success
047C3E3A9C4C80,1,"['Arena', 'Casa Giulietta', 'San Fermo', 'Torre Lamberti']",Palazzo della Ragione,"['AMO', 'Museo Conte', 'Centro Fotografia', 'Sighseeing', 'Santa Anastasia']",Santa Anastasia,strategy_nearest,True,0.003240346908569336,success
047C3AC27B3F80,3,"['Duomo', 'Santa Anastasia', 'Torre Lamberti']",Casa Giulietta,"['Centro Fotografia', 'Sighseeing', 'Museo Conte', 'Museo Radio', 'Palazzo della Ragione']",Teatro Romano,strategy_nearest,False,0.0028831958770751953,success
047C55429C4C80,1,"['Arena', 'Casa Giulietta']",Palazzo della Ragione,"['AMO', 'Museo Conte', 'Torre Lamberti', 'Centro Fotografia', 'Sighseeing']",Torre Lamberti,strategy_nearest,True,0.0029020309448242188,success
047C4F3A9C4C80,3,"['Arena', 'San Fermo', 'Torre Lamberti']",Duomo,"['AMO', 'Museo Miniscalchi', 'Santa Anastasia', 'Teatro Romano', 'Palazzo della Ragione']",Teatro Romano,strategy_nearest,True,0.0021970272064208984,success
047C57C27B3F80,1,"['Arena', 'Casa Giulietta', 'Palazzo della Ragione', 'Museo Lapidario']",Castelvecchio,"['Verona Tour', 'Museo Radio', 'San Zeno', 'Sighseeing', 'Museo Miniscalchi']",Teatro Romano,strategy_nearest,False,0.003407001495361328,success
047C433A9C4C80,3,['Arena'],Santa Anastasia,"['AMO', 'Museo Conte', 'Palazzo della Ragione', 'Teatro Romano', 'Centro Fotografia']",Duomo,strategy_nearest,False,0.0054209232330322266,success
047C67429C4C80,1,"['Arena', 'Giardino Giusti', 'Teatro Romano']",Torre Lamberti,"['Sighseeing', 'Centro Fotografia', 'Museo Conte', 'Casa Giulietta', 'Palazzo della Ragione']",Palazzo della Ragione,strategy_nearest,True,0.0028939247131347656,success
047C68429C4C80,0,['Arena'],San Fermo,"['Museo Storia', 'Museo Radio', 'Casa Giulietta', 'Centro Fotografia', 'Sighseeing']",Teatro Romano,strategy_nearest,False,0.0026171207427978516,success
047C7F429C4C80,0,['Arena'],Casa Giulietta,"['Centro Fotografia', 'Sighseeing', 'Torre Lamberti', 'Museo Conte', 'Museo Radio']",Teatro Romano,strategy_nearest,False,0.0026259422302246094,success
047C77429C4C80,1,"['Arena', 'Casa Giulietta', 'Torre Lamberti']",Palazzo della Ragione,"['AMO', 'Museo Conte', 'Centro Fotografia', 'Sighseeing', 'Santa Anastasia']",Santa Anastasia,strategy_nearest,True,0.0036191940307617188,success
047C6D429C4C80,0,['Arena'],Casa Giulietta,"['Centro Fotografia', 'Sighseeing', 'Torre Lamberti', 'Museo Conte', 'Museo Radio']",Torre Lamberti,strategy_nearest,True,0.003571033477783203,success
047C814A9C4C80,0,['Arena'],San Fermo,"['Museo Storia', 'Museo Radio', 'Casa Giulietta', 'Centro Fotografia', 'Sighseeing']",Tomba Giulietta,strategy_nearest,False,0.001444101333618164,success
047C843A9C4C80,3,"['Castelvecchio', 'San Fermo']",Casa Giulietta,"['Centro Fotografia', 'Sighseeing', 'Torre Lamberti', 'Museo Conte', 'Museo Radio']",Santa Anastasia,strategy_nearest,False,0.0027320384979248047,success
047C84429C4C80,3,"['Castelvecchio', 'Torre Lamberti', 'Torre Lamberti']",Santa Anastasia,"['AMO', 'Museo Conte', 'Palazzo della Ragione', 'Teatro Romano', 'Centro Fotografia']",Casa Giulietta,strategy_nearest,False,0.002061128616333008,success
047C9B4A9C4C80,0,['Torre Lamberti'],Casa Giulietta,"['Centro Fotografia', 'Sighseeing', 'Museo Conte', 'Museo Radio', 'Palazzo della Ragione']",Arena,strategy_nearest,False,0.0023949146270751953,success
047CABC27B3F80,1,"['San Zeno', 'Casa Giulietta', 'Torre Lamberti']",Palazzo della Ragione,"['AMO', 'Museo Conte', 'Centro Fotografia', 'Sighseeing', 'Santa Anastasia']",Santa Anastasia,strategy_nearest,True,0.0027120113372802734,success
047C9FC27B3F80,0,"['Arena', 'Teatro Romano', 'Castelvecchio']",Museo Lapidario,"['Verona Tour', 'Museo Radio', 'San Fermo', 'Casa Giulietta', 'Tomba Giulietta']",San Zeno,strategy_nearest,False,0.002971172332763672,success
047CB4429C4C80,3,['Arena'],Casa Giulietta,"['Centro Fotografia', 'Sighseeing', 'Torre Lamberti', 'Museo Conte', 'Museo Radio']",Santa Anastasia,strategy_nearest,False,0.0026237964630126953,success
047CB53A9C4C80,3,"['Arena', 'Casa Giulietta', 'Santa Anastasia']",Duomo,"['AMO', 'Museo Miniscalchi', 'Teatro Romano', 'Palazzo della Ragione', 'Museo Conte']",Teatro Romano,strategy_nearest,True,0.0029120445251464844,success
047CB13A9C4C80,0,['Arena'],Casa Giulietta,"['Centro Fotografia', 'Sighseeing', 'Torre Lamberti', 'Museo Conte', 'Museo Radio']",Torre Lamberti,strategy_nearest,True,0.002886056900024414,success
047CB5429C4C80,1,"['Arena', 'Castelvecchio']",Duomo,"['AMO', 'Museo Miniscalchi', 'Santa Anastasia', 'Teatro Romano', 'Palazzo della Ragione']",Torre Lamberti,strategy_nearest,False,0.0031778812408447266,success
047CB73A9C4C80,3,['Arena'],Santa Anastasia,"['AMO', 'Museo Conte', 'Palazzo della Ragione', 'Teatro Romano', 'Centro Fotografia']",Duomo,strategy_nearest,False,0.0016508102416992188,success
047CC03A9C4C80,3,"['Casa Giulietta', 'Santa Anastasia']",Duomo,"['AMO', 'Museo Miniscalchi', 'Teatro Romano', 'Palazzo della Ragione', 'Museo Conte']",Arena,strategy_nearest,False,0.0029249191284179688,success
047CB63A9C4C80,3,['Arena'],Santa Anastasia,"['AMO', 'Museo Conte', 'Palazzo della Ragione', 'Teatro Romano', 'Centro Fotografia']",Duomo,strategy_nearest,False,0.004129886627197266,success
047CBB429C4C80,1,"['Arena', 'Museo Lapidario', 'Casa Giulietta', 'Palazzo della Ragione', 'Torre Lamberti']",Santa Anastasia,"['AMO', 'Museo Conte', 'Teatro Romano', 'Centro Fotografia', 'Duomo']",Duomo,strategy_nearest,True,0.002360820770263672,success
047CC6429C4C80,0,['Casa Giulietta'],Arena,"['Verona Tour', 'Museo Lapidario', 'Museo Radio', 'San Fermo', 'Sighseeing']",Tomba Giulietta,strategy_nearest,False,0.0019249916076660156,success
047CDE3A9C4C80,1,"['Arena', 'Torre Lamberti']",Torre Lamberti,"['Sighseeing', 'Centro Fotografia', 'Museo Conte', 'Casa Giulietta', 'Palazzo della Ragione']",Palazzo della Ragione,strategy_nearest,True,0.003777027130126953,success
047CCA429C4C80,3,"['Museo Lapidario', 'Arena']",Torre Lamberti,"['Sighseeing', 'Centro Fotografia', 'Museo Conte', 'Casa Giulietta', 'Palazzo della Ragione']",Santa Anastasia,strategy_nearest,False,0.0025589466094970703,success
047CCEC27B3F80,0,['Arena'],Torre Lamberti,"['Sighseeing', 'Centro Fotografia', 'Museo Conte', 'Casa Giulietta', 'Palazzo della Ragione']",Casa Giulietta,strategy_nearest,True,0.003178834915161133,success
047CE43A9C4C80,3,"['Arena', 'Casa Giulietta', 'Torre Lamberti']",Santa Anastasia,"['AMO', 'Museo Conte', 'Palazzo della Ragione', 'Teatro Romano', 'Centro Fotografia']",Duomo,strategy_nearest,False,0.002187967300415039,success
047CE4C27B3F80,1,"['Arena', 'Casa Giulietta', 'Palazzo della Ragione', 'Museo Lapidario']",Castelvecchio,"['Verona Tour', 'Museo Radio', 'San Zeno', 'Sighseeing', 'Museo Miniscalchi']",Teatro Romano,strategy_nearest,False,0.0026340484619140625,success
047CDF3A9C4C80,2,"['Torre Lamberti', 'Palazzo della Ragione']",Santa Anastasia,"['AMO', 'Museo Conte', 'Teatro Romano', 'Centro Fotografia', 'Duomo']",Duomo,strategy_nearest,True,0.0015690326690673828,success
047D0F3A9C4C80,3,"['Arena', 'San Fermo', 'Casa Giulietta']",Santa Anastasia,"['AMO', 'Museo Conte', 'Palazzo della Ragione', 'Teatro Romano', 'Centro Fotografia']",Duomo,strategy_nearest,False,0.0018310546875,success
047CF63A9C4C80,3,"['Torre Lamberti', 'Santa Anastasia']",Duomo,"['AMO', 'Museo Miniscalchi', 'Teatro Romano', 'Palazzo della Ragione', 'Museo Conte']",Arena,strategy_nearest,False,0.003145933151245117,success
047D143A9C4C80,0,['Arena'],Casa Giulietta,"['Centro Fotografia', 'Sighseeing', 'Torre Lamberti', 'Museo Conte', 'Museo Radio']",Tomba Giulietta,strategy_nearest,False,0.004667997360229492,success
047D15429C4C80,3,"['Arena', 'Casa Giulietta']",Santa Anastasia,"['AMO', 'Museo Conte', 'Palazzo della Ragione', 'Teatro Romano', 'Centro Fotografia']",Duomo,strategy_nearest,False,0.005235910415649414,success
047D0F429C4C84,3,"['Teatro Romano', 'Duomo']",Torre Lamberti,"['Sighseeing', 'Centro Fotografia', 'Museo Conte', 'Casa Giulietta', 'Palazzo della Ragione']",Arena,strategy_nearest,False,0.0064678192138671875,success
047D19429C4C80,3,"['Teatro Romano', 'Castelvecchio']",Arena,"['Verona Tour', 'Museo Lapidario', 'Museo Radio', 'San Fermo', 'Casa Giulietta']",Torre Lamberti,strategy_nearest,False,0.004934787750244141,success
047D1B3A9C4C84,3,"['Casa Giulietta', 'Arena', 'Teatro Romano']",Duomo,"['AMO', 'Museo Miniscalchi', 'Santa Anastasia', 'Palazzo della Ragione', 'Museo Conte']",Castelvecchio,strategy_nearest,False,0.003407001495361328,success
047D1D3A9C4C84,0,['Castelvecchio'],Arena,"['Verona Tour', 'Museo Lapidario', 'Museo Radio', 'San Fermo', 'Casa Giulietta']",Casa Giulietta,strategy_nearest,True,0.002542734146118164,success
047D1E3A9C4C84,0,['Arena'],Casa Giulietta,"['Centro Fotografia', 'Sighseeing', 'Torre Lamberti', 'Museo Conte', 'Museo Radio']",Castelvecchio,strategy_nearest,False,0.0038728713989257812,success
047D273A9C4C80,1,"['Castelvecchio', 'Arena', 'Museo Lapidario', 'Tomba Giulietta', 'San Fermo']",Casa Giulietta,"['Centro Fotografia', 'Sighseeing', 'Torre Lamberti', 'Museo Conte', 'Museo Radio']",Torre Lamberti,strategy_nearest,True,0.0020668506622314453,success
047D243A9C4C84,3,"['Arena', 'Casa Giulietta']",Santa Anastasia,"['AMO', 'Museo Conte', 'Palazzo della Ragione', 'Teatro Romano', 'Centro Fotografia']",Duomo,strategy_nearest,False,0.004364967346191406,success
047D27429C4C84,1,"['Palazzo della Ragione', 'Casa Giulietta', 'Santa Anastasia']",Arena,"['Verona Tour', 'Museo Lapidario', 'Museo Radio', 'San Fermo', 'Sighseeing']",Arena,strategy_nearest,False,0.0028939247131347656,success
047D224A9C4C80,1,"['Torre Lamberti', 'Palazzo della Ragione', 'Teatro Romano']",Giardino Giusti,"['Santa Anastasia', 'Museo Conte', 'Centro Fotografia', 'Museo Storia', 'AMO']",Arena,strategy_nearest,False,0.0020248889923095703,success
047D403A9C4C80,0,['Arena'],Casa Giulietta,"['Centro Fotografia', 'Sighseeing', 'Torre Lamberti', 'Museo Conte', 'Museo Radio']",Teatro Romano,strategy_nearest,False,0.001497030258178711,success
047D49429C4C80,3,"['Arena', 'Casa Giulietta', 'Torre Lamberti']",Duomo,"['AMO', 'Museo Miniscalchi', 'Santa Anastasia', 'Teatro Romano', 'Palazzo della Ragione']",Teatro Romano,strategy_nearest,True,0.003045797348022461,success
047D4F3A9C4C80,1,"['Torre Lamberti', 'Palazzo della Ragione', 'Casa Giulietta']",San Fermo,"['Museo Storia', 'Museo Radio', 'Centro Fotografia', 'Arena', 'Sighseeing']",Arena,strategy_nearest,True,0.0033299922943115234,success
047D283A9C4C80,3,"['Arena', 'San Zeno']",Castelvecchio,"['Museo Lapidario', 'Verona Tour', 'Museo Radio', 'Sighseeing', 'Museo Miniscalchi']",Duomo,strategy_nearest,False,0.0038111209869384766,success
047D5C429C4C80,3,"['Arena', 'Casa Giulietta']",Santa Anastasia,"['AMO', 'Museo Conte', 'Palazzo della Ragione', 'Teatro Romano', 'Centro Fotografia']",Teatro Romano,strategy_nearest,True,0.003123044967651367,success
047D5B429C4C80,0,['Arena'],Santa Anastasia,"['AMO', 'Museo Conte', 'Palazzo della Ragione', 'Teatro Romano', 'Centro Fotografia']",Castelvecchio,strategy_nearest,False,0.002552032470703125,success
047D523A9C4C80,0,"['Arena', 'San Fermo']",Teatro Romano,"['Santa Anastasia', 'Duomo', 'AMO', 'Palazzo della Ragione', 'Museo Conte']",Torre Lamberti,strategy_nearest,False,0.0019488334655761719,success
047D64429C4C80,1,"['Castelvecchio', 'Santa Anastasia', 'Duomo']",Casa Giulietta,"['Centro Fotografia', 'Sighseeing', 'Torre Lamberti', 'Museo Conte', 'Museo Radio']",Teatro Romano,strategy_nearest,False,0.003667116165161133,success
047D6B429C4C80,0,['Arena'],Teatro Romano,"['Santa Anastasia', 'Duomo', 'AMO', 'Palazzo della Ragione', 'Museo Conte']",Casa Giulietta,strategy_nearest,False,0.002349853515625,success
047D6C429C4C80,3,"['Arena', 'Casa Giulietta']",Torre Lamberti,"['Sighseeing', 'Centro Fotografia', 'Museo Conte', 'Palazzo della Ragione', 'AMO']",Santa Anastasia,strategy_nearest,False,0.0030138492584228516,success
047D723A9C4C80,1,['Duomo'],Arena,"['Verona Tour', 'Museo Lapidario', 'Museo Radio', 'San Fermo', 'Casa Giulietta']",Palazzo della Ragione,strategy_nearest,False,0.0031528472900390625,success
047D783A9C4C80,0,['Arena'],Casa Giulietta,"['Centro Fotografia', 'Sighseeing', 'Torre Lamberti', 'Museo Conte', 'Museo Radio']",Torre Lamberti,strategy_nearest,True,0.0025599002838134766,success
047D794A9C4C80,0,"['Arena', 'Tomba Giulietta']",San Fermo,"['Museo Storia', 'Museo Radio', 'Casa Giulietta', 'Centro Fotografia', 'Sighseeing']",Casa Giulietta,strategy_nearest,True,0.002521038055419922,success
047D7E3A9C4C80,0,"['Arena', 'Casa Giulietta']",Torre Lamberti,"['Sighseeing', 'Centro Fotografia', 'Museo Conte', 'Palazzo della Ragione', 'AMO']",Teatro Romano,strategy_nearest,False,0.0027730464935302734,success
047DAB429C4C80,1,"['Castelvecchio', 'San Zeno', 'Arena']",Casa Giulietta,"['Centro Fotografia', 'Sighseeing', 'Torre Lamberti', 'Museo Conte', 'Museo Radio']",Palazzo della Ragione,strategy_nearest,False,0.0032901763916015625,success
047D8B429C4C80,1,"['Casa Giulietta', 'Torre Lamberti']",Castelvecchio,"['Museo Lapidario', 'Verona Tour', 'Arena', 'Museo Radio', 'San Zeno']",Tomba Giulietta,strategy_nearest,False,0.0026407241821289062,success
047D9C429C4C80,2,"['Museo Lapidario', 'Castelvecchio', 'Casa Giulietta']",Torre Lamberti,"['Sighseeing', 'Centro Fotografia', 'Museo Conte', 'Palazzo della Ragione', 'AMO']",Santa Anastasia,strategy_nearest,False,0.003644227981567383,success
047DB43A9C4C80,3,"['Arena', 'Casa Giulietta']",Torre Lamberti,"['Sighseeing', 'Centro Fotografia', 'Museo Conte', 'Palazzo della Ragione', 'AMO']",Santa Anastasia,strategy_nearest,False,0.0029740333557128906,success
047DC1429C4C80,3,"['Arena', 'Duomo']",Santa Anastasia,"['AMO', 'Museo Conte', 'Palazzo della Ragione', 'Teatro Romano', 'Centro Fotografia']",Torre Lamberti,strategy_nearest,False,0.002621889114379883,success
047DBD3A9C4C80,0,['Arena'],Casa Giulietta,"['Centro Fotografia', 'Sighseeing', 'Torre Lamberti', 'Museo Conte', 'Museo Radio']",Duomo,strategy_nearest,False,0.002177000045776367,success
047DC23A9C4C80,1,"['Arena', 'Casa Giulietta']",Torre Lamberti,"['Sighseeing', 'Centro Fotografia', 'Museo Conte', 'Palazzo della Ragione', 'AMO']",Palazzo della Ragione,strategy_nearest,True,0.0024650096893310547,success
047DC7429C4C80,3,['Arena'],San Fermo,"['Museo Storia', 'Museo Radio', 'Casa Giulietta', 'Centro Fotografia', 'Sighseeing']",Santa Anastasia,strategy_nearest,False,0.0014879703521728516,success
047DC73A9C4C80,1,"['Arena', 'Torre Lamberti']",Palazzo della Ragione,"['AMO', 'Museo Conte', 'Centro Fotografia', 'Sighseeing', 'Santa Anastasia']",Santa Anastasia,strategy_nearest,True,0.004606008529663086,success
047DCA429C4C80,0,['Arena'],Castelvecchio,"['Museo Lapidario', 'Verona Tour', 'Museo Radio', 'San Zeno', 'Sighseeing']",San Zeno,strategy_nearest,True,0.0030159950256347656,success
047DD63A9C4C80,1,"['Arena', 'Museo Lapidario', 'Casa Giulietta']",Palazzo della Ragione,"['AMO', 'Museo Conte', 'Torre Lamberti', 'Centro Fotografia', 'Sighseeing']",Torre Lamberti,strategy_nearest,True,0.0029840469360351562,success
047DC93A9C4C80,0,['Arena'],San Fermo,"['Museo Storia', 'Museo Radio', 'Casa Giulietta', 'Centro Fotografia', 'Sighseeing']",Casa Giulietta,strategy_nearest,True,0.003320932388305664,success
047DDA3A9C4C80,3,"['Arena', 'Casa Giulietta', 'Santa Anastasia']",Duomo,"['AMO', 'Museo Miniscalchi', 'Teatro Romano', 'Palazzo della Ragione', 'Museo Conte']",Teatro Romano,strategy_nearest,True,0.0034618377685546875,success
047DDD3A9C4C80,1,"['Arena', 'Casa Giulietta']",Palazzo della Ragione,"['AMO', 'Museo Conte', 'Torre Lamberti', 'Centro Fotografia', 'Sighseeing']",Torre Lamberti,strategy_nearest,True,0.0016460418701171875,success
047DE33A9C4C80,1,"['Arena', 'Museo Lapidario', 'Palazzo della Ragione', 'San Zeno', 'Castelvecchio']",Duomo,"['AMO', 'Museo Miniscalchi', 'Santa Anastasia', 'Teatro Romano', 'Museo Conte']",Santa Anastasia,strategy_nearest,True,0.0029070377349853516,success
047DE43A9C4C80,3,['Arena'],San Zeno,"['Castelvecchio', 'Verona Tour', 'Museo Lapidario', 'Museo Miniscalchi', 'Sighseeing']",Santa Anastasia,strategy_nearest,False,0.002106904983520508,success
047DE93A9C4C80,4,"['Teatro Romano', 'Duomo', 'Santa Anastasia', 'Palazzo della Ragione']",Torre Lamberti,"['Sighseeing', 'Centro Fotografia', 'Museo Conte', 'Casa Giulietta', 'AMO']",Tomba Giulietta,strategy_nearest,False,0.002093076705932617,success
047DF33A9C4C80,3,"['Arena', 'Castelvecchio']",Santa Anastasia,"['AMO', 'Museo Conte', 'Palazzo della Ragione', 'Teatro Romano', 'Centro Fotografia']",Santa Anastasia,strategy_nearest,False,0.0027587413787841797,success
047DE8429C4C80,1,"['Duomo', 'Arena']",Torre Lamberti,"['Sighseeing', 'Centro Fotografia', 'Museo Conte', 'Casa Giulietta', 'Palazzo della Ragione']",Palazzo della Ragione,strategy_nearest,True,0.0022020339965820312,success
047DF43A9C4C80,3,"['Arena', 'Torre Lamberti']",Duomo,"['AMO', 'Museo Miniscalchi', 'Santa Anastasia', 'Teatro Romano', 'Palazzo della Ragione']",Teatro Romano,strategy_nearest,True,0.00325775146484375,success
047E1F4A9C4C80,0,"['Arena', 'Casa Giulietta', 'Castelvecchio']",Arena,"['Verona Tour', 'Museo Lapidario', 'Museo Radio', 'San Fermo', 'Sighseeing']",Tomba Giulietta,strategy_nearest,False,0.0026869773864746094,success
047F03C27B3F84,3,"['Castelvecchio', 'San Zeno', 'Arena']",Torre Lamberti,"['Sighseeing', 'Centro Fotografia', 'Museo Conte', 'Casa Giulietta', 'Palazzo della Ragione']",Duomo,strategy_nearest,False,0.002065896987915039,success
047E3E3A9C4C80,3,"['Arena', 'Castelvecchio']",San Fermo,"['Museo Storia', 'Museo Radio', 'Casa Giulietta', 'Centro Fotografia', 'Sighseeing']",Casa Giulietta,strategy_nearest,True,0.003743886947631836,success
047EC8429C4C80,1,"['Palazzo della Ragione', 'Torre Lamberti']",Casa Giulietta,"['Centro Fotografia', 'Sighseeing', 'Museo Conte', 'Museo Radio', 'San Fermo']",Arena,strategy_nearest,False,0.004415035247802734,success
047F05C27B3F84,3,"['Santa Anastasia', 'Duomo', 'Casa Giulietta']",San Fermo,"['Museo Storia', 'Museo Radio', 'Centro Fotografia', 'Arena', 'Sighseeing']",Tomba Giulietta,strategy_nearest,False,0.0037000179290771484,success
047F0CC27B3F84,3,"['Castelvecchio', 'San Zeno', 'Arena']",Torre Lamberti,"['Sighseeing', 'Centro Fotografia', 'Museo Conte', 'Casa Giulietta', 'Palazzo della Ragione']",Casa Giulietta,strategy_nearest,True,0.0036330223083496094,success
047F11C27B3F84,3,"['Castelvecchio', 'San Zeno', 'Arena']",Torre Lamberti,"['Sighseeing', 'Centro Fotografia', 'Museo Conte', 'Casa Giulietta', 'Palazzo della Ragione']",Casa Giulietta,strategy_nearest,True,0.003392934799194336,success
047F0D429C4C80,1,"['Castelvecchio', 'Museo Lapidario', 'Arena']",San Fermo,"['Museo Storia', 'Museo Radio', 'Casa Giulietta', 'Centro Fotografia', 'Sighseeing']",Torre Lamberti,strategy_nearest,False,0.0031113624572753906,success
047F12C27B3F84,6,"['Torre Lamberti', 'Casa Giulietta', 'Santa Anastasia']",Arena,"['Verona Tour', 'Museo Lapidario', 'Museo Radio', 'San Fermo', 'Sighseeing']",Verona Tour,strategy_nearest,True,0.0027332305908203125,success
047F18C27B3F84,3,"['Torre Lamberti', 'Casa Giulietta']",Giardino Giusti,"['Santa Anastasia', 'Teatro Romano', 'Museo Conte', 'Centro Fotografia', 'Museo Storia']",Teatro Romano,strategy_nearest,True,0.0020017623901367188,success
047F17C27B3F84,6,"['Torre Lamberti', 'Casa Giulietta', 'Santa Anastasia', 'Duomo']",Arena,"['Verona Tour', 'Museo Lapidario', 'Museo Radio', 'San Fermo', 'Sighseeing']",Verona Tour,strategy_nearest,True,0.002672910690307617,success
047F183A9C4C84,1,"['Arena', 'Castelvecchio', 'Duomo']",Teatro Romano,"['Santa Anastasia', 'AMO', 'Palazzo della Ragione', 'Museo Conte', 'Centro Fotografia']",Palazzo della Ragione,strategy_nearest,True,0.002974271774291992,success
047F19429C4C80,1,"['Arena', 'San Fermo', 'Torre Lamberti']",Palazzo della Ragione,"['AMO', 'Museo Conte', 'Centro Fotografia', 'Sighseeing', 'Santa Anastasia']",Casa Giulietta,strategy_nearest,False,0.0026280879974365234,success
047F1A3A9C4C84,1,['Museo Lapidario'],Arena,"['Verona Tour', 'Museo Radio', 'San Fermo', 'Casa Giulietta', 'Sighseeing']",Casa Giulietta,strategy_nearest,True,0.002904176712036133,success
047F1C3A9C4C84,1,"['Torre Lamberti', 'Palazzo della Ragione', 'Duomo']",Santa Anastasia,"['AMO', 'Museo Conte', 'Teatro Romano', 'Centro Fotografia', 'Sighseeing']",Teatro Romano,strategy_nearest,True,0.002588987350463867,success
047F1C4A9C4C80,1,"['Arena', 'Torre Lamberti', 'Palazzo della Ragione', 'Casa Giulietta', 'San Fermo']",Castelvecchio,"['Museo Lapidario', 'Verona Tour', 'Museo Radio', 'San Zeno', 'Sighseeing']",Santa Anastasia,strategy_nearest,False,0.002877950668334961,success
047F1DC27B3F84,1,"['Arena', 'Casa Giulietta', 'Torre Lamberti', 'Palazzo della Ragione']",Santa Anastasia,"['AMO', 'Museo Conte', 'Teatro Romano', 'Centro Fotografia', 'Duomo']",Duomo,strategy_nearest,True,0.0035181045532226562,success
047F1EC27B3F84,3,['Arena'],Torre Lamberti,"['Sighseeing', 'Centro Fotografia', 'Museo Conte', 'Casa Giulietta', 'Palazzo della Ragione']",Teatro Romano,strategy_nearest,False,0.002649068832397461,success
047F1F3A9C4C80,0,['Arena'],Casa Giulietta,"['Centro Fotografia', 'Sighseeing', 'Torre Lamberti', 'Museo Conte', 'Museo Radio']",Teatro Romano,strategy_nearest,False,0.0030939579010009766,success
047F24C27B3F84,0,"['Arena', 'Torre Lamberti', 'Casa Giulietta']",San Fermo,"['Museo Storia', 'Museo Radio', 'Centro Fotografia', 'Sighseeing', 'Museo Conte']",Castelvecchio,strategy_nearest,False,0.0031478404998779297,success
047F224A9C4C80,3,"['Arena', 'Casa Giulietta', 'Museo Storia']",Teatro Romano,"['Santa Anastasia', 'Duomo', 'AMO', 'Palazzo della Ragione', 'Museo Conte']",Santa Anastasia,strategy_nearest,True,0.005295753479003906,success
047F243A9C4C80,3,"['Arena', 'Casa Giulietta']",Santa Anastasia,"['AMO', 'Museo Conte', 'Palazzo della Ragione', 'Teatro Romano', 'Centro Fotografia']",Teatro Romano,strategy_nearest,True,0.0020227432250976562,success
047F23C27B3F84,3,"['Torre Lamberti', 'Casa Giulietta']",Giardino Giusti,"['Santa Anastasia', 'Teatro Romano', 'Museo Conte', 'Centro Fotografia', 'Museo Storia']",Teatro Romano,strategy_nearest,True,0.0029282569885253906,success
047F26C27B3F84,3,"['San Zeno', 'Castelvecchio', 'Arena', 'Torre Lamberti']",Santa Anastasia,"['AMO', 'Museo Conte', 'Palazzo della Ragione', 'Teatro Romano', 'Centro Fotografia']",Duomo,strategy_nearest,False,0.0015571117401123047,success
047F29C27B3F84,0,"['Arena', 'Torre Lamberti', 'Casa Giulietta']",San Fermo,"['Museo Storia', 'Museo Radio', 'Centro Fotografia', 'Sighseeing', 'Museo Conte']",Castelvecchio,strategy_nearest,False,0.002357006072998047,success
047F323A9C4C80,2,"['Casa Giulietta', 'Castelvecchio', 'San Zeno']",Teatro Romano,"['Santa Anastasia', 'Duomo', 'AMO', 'Palazzo della Ragione', 'Museo Conte']",Duomo,strategy_nearest,True,0.0028960704803466797,success
047F313A9C4C80,0,['Casa Giulietta'],Arena,"['Verona Tour', 'Museo Lapidario', 'Museo Radio', 'San Fermo', 'Sighseeing']",Castelvecchio,strategy_nearest,False,0.0036928653717041016,success
047F443A9C4C80,0,"['Arena', 'Museo Lapidario']",Castelvecchio,"['Verona Tour', 'Museo Radio', 'San Zeno', 'Sighseeing', 'Museo Miniscalchi']",Casa Giulietta,strategy_nearest,False,0.0026009082794189453,success
047F373A9C4C80,3,"['Museo Lapidario', 'Santa Anastasia']",Duomo,"['AMO', 'Museo Miniscalchi', 'Teatro Romano', 'Palazzo della Ragione', 'Museo Conte']",Torre Lamberti,strategy_nearest,False,0.0026311874389648438,success
047F4C3A9C4C80,2,['Torre Lamberti'],Casa Giulietta,"['Centro Fotografia', 'Sighseeing', 'Museo Conte', 'Museo Radio', 'Palazzo della Ragione']",Santa Anastasia,strategy_nearest,False,0.002832174301147461,success
047F50429C4C80,3,"['Torre Lamberti', 'Arena']",Casa Giulietta,"['Centro Fotografia', 'Sighseeing', 'Museo Conte', 'Museo Radio', 'Palazzo della Ragione']",Teatro Romano,strategy_nearest,False,0.003398895263671875,success
047F713A9C4C80,1,['Arena'],Casa Giulietta,"['Centro Fotografia', 'Sighseeing', 'Torre Lamberti', 'Museo Conte', 'Museo Radio']",Palazzo della Ragione,strategy_nearest,False,0.002874135971069336,success
047F753A9C4C80,3,"['Arena', 'Santa Anastasia']",Duomo,"['AMO', 'Museo Miniscalchi', 'Teatro Romano', 'Palazzo della Ragione', 'Museo Conte']",Casa Giulietta,strategy_nearest,False,0.0033981800079345703,success
047F6C429C4C80,1,"['Arena', 'Santa Anastasia', 'Teatro Romano', 'Duomo']",Torre Lamberti,"['Sighseeing', 'Centro Fotografia', 'Museo Conte', 'Casa Giulietta', 'Palazzo della Ragione']",Palazzo della Ragione,strategy_nearest,True,0.002618074417114258,success
047F78429C4C80,1,"['Arena', 'Casa Giulietta', 'Torre Lamberti']",Palazzo della Ragione,"['AMO', 'Museo Conte', 'Centro Fotografia', 'Sighseeing', 'Santa Anastasia']",Santa Anastasia,strategy_nearest,True,0.002537965774536133,success
047F853A9C4C80,1,"['Torre Lamberti', 'Palazzo della Ragione']",Arena,"['Verona Tour', 'Museo Lapidario', 'Museo Radio', 'San Fermo', 'Casa Giulietta']",Casa Giulietta,strategy_nearest,True,0.00380706787109375,success
047F7D3A9C4C80,3,['Arena'],Santa Anastasia,"['AMO', 'Museo Conte', 'Palazzo della Ragione', 'Teatro Romano', 'Centro Fotografia']",Duomo,strategy_nearest,False,0.0029108524322509766,success
047F864A9C4C80,0,['Arena'],Castelvecchio,"['Museo Lapidario', 'Verona Tour', 'Museo Radio', 'San Zeno', 'Sighseeing']",San Fermo,strategy_nearest,False,0.0030748844146728516,success
047F884A9C4C80,1,"['Arena', 'Casa Giulietta', 'Torre Lamberti']",Palazzo della Ragione,"['AMO', 'Museo Conte', 'Centro Fotografia', 'Sighseeing', 'Santa Anastasia']",Teatro Romano,strategy_nearest,False,0.003787994384765625,success
047F8F429C4C80,0,['Torre Lamberti'],Duomo,"['AMO', 'Museo Miniscalchi', 'Santa Anastasia', 'Teatro Romano', 'Palazzo della Ragione']",Arena,strategy_nearest,False,0.002216815948486328,success
047F93429C4C80,0,"['Castelvecchio', 'San Zeno']",Arena,"['Verona Tour', 'Museo Lapidario', 'Museo Radio', 'San Fermo', 'Casa Giulietta']",San Fermo,strategy_nearest,True,0.002026081085205078,success
047F91429C4C80,0,['Arena'],Torre Lamberti,"['Sighseeing', 'Centro Fotografia', 'Museo Conte', 'Casa Giulietta', 'Palazzo della Ragione']",Casa Giulietta,strategy_nearest,True,0.003551006317138672,success
047FAB3A9C4C80,3,['Santa Anastasia'],Torre Lamberti,"['Sighseeing', 'Centro Fotografia', 'Museo Conte', 'Casa Giulietta', 'Palazzo della Ragione']",Casa Giulietta,strategy_nearest,True,0.0038611888885498047,success
047FB3429C4C80,1,"['Arena', 'Torre Lamberti', 'Palazzo della Ragione']",Casa Giulietta,"['Centro Fotografia', 'Sighseeing', 'Museo Conte', 'Museo Radio', 'San Fermo']",Santa Anastasia,strategy_nearest,False,0.0018627643585205078,success
047FAD3A9C4C80,1,"['Arena', 'Casa Giulietta']",Palazzo della Ragione,"['AMO', 'Museo Conte', 'Torre Lamberti', 'Centro Fotografia', 'Sighseeing']",Santa Anastasia,strategy_nearest,False,0.0033931732177734375,success
047FB73A9C4C80,3,"['Castelvecchio', 'Arena']",Torre Lamberti,"['Sighseeing', 'Centro Fotografia', 'Museo Conte', 'Casa Giulietta', 'Palazzo della Ragione']",Santa Anastasia,strategy_nearest,False,0.0030100345611572266,success
047FCA3A9C4C80,3,"['Arena', 'Casa Giulietta']",Torre Lamberti,"['Sighseeing', 'Centro Fotografia', 'Museo Conte', 'Palazzo della Ragione', 'AMO']",Teatro Romano,strategy_nearest,False,0.0018863677978515625,success
047FCA429C4C80,3,"['Arena', 'Torre Lamberti']",Casa Giulietta,"['Centro Fotografia', 'Sighseeing', 'Museo Conte', 'Museo Radio', 'Palazzo della Ragione']",Teatro Romano,strategy_nearest,False,0.0026769638061523438,success
047FCF3A9C4C80,3,"['Torre Lamberti', 'Santa Anastasia']",Duomo,"['AMO', 'Museo Miniscalchi', 'Teatro Romano', 'Palazzo della Ragione', 'Museo Conte']",Giardino Giusti,strategy_nearest,False,0.003026247024536133,success
047FD4429C4C80,3,"['Arena', 'Santa Anastasia']",Torre Lamberti,"['Sighseeing', 'Centro Fotografia', 'Museo Conte', 'Casa Giulietta', 'Palazzo della Ragione']",Casa Giulietta,strategy_nearest,True,0.003381967544555664,success
047FD93A9C4C80,3,"['Arena', 'Casa Giulietta', 'Teatro Romano', 'Duomo']",Santa Anastasia,"['AMO', 'Museo Conte', 'Palazzo della Ragione', 'Centro Fotografia', 'Torre Lamberti']",Torre Lamberti,strategy_nearest,True,0.003152132034301758,success
047FE4C27B3F80,1,"['San Zeno', 'Santa Anastasia']",Arena,"['Verona Tour', 'Museo Lapidario', 'Museo Radio', 'San Fermo', 'Casa Giulietta']",Casa Giulietta,strategy_nearest,True,0.0029740333557128906,success
047FEBC27B3F80,0,"['Casa Giulietta', 'Arena']",Torre Lamberti,"['Sighseeing', 'Centro Fotografia', 'Museo Conte', 'Palazzo della Ragione', 'AMO']",Teatro Romano,strategy_nearest,False,0.0022788047790527344,success
047FF1C27B3F80,1,"['San Zeno', 'Santa Anastasia', 'Arena']",Casa Giulietta,"['Centro Fotografia', 'Sighseeing', 'Torre Lamberti', 'Museo Conte', 'Museo Radio']",Palazzo della Ragione,strategy_nearest,False,0.0026807785034179688,success
047FE83A9C4C80,1,['Arena'],Casa Giulietta,"['Centro Fotografia', 'Sighseeing', 'Torre Lamberti', 'Museo Conte', 'Museo Radio']",Torre Lamberti,strategy_nearest,True,0.0030450820922851562,success
047FECC27B3F80,1,"['Arena', 'Museo Lapidario', 'Torre Lamberti', 'Palazzo della Ragione']",Casa Giulietta,"['Centro Fotografia', 'Sighseeing', 'Museo Conte', 'Museo Radio', 'San Fermo']",Santa Anastasia,strategy_nearest,False,0.004190921783447266,success
047FF2C27B3F80,3,"['Castelvecchio', 'San Zeno', 'Casa Giulietta']",Torre Lamberti,"['Sighseeing', 'Centro Fotografia', 'Museo Conte', 'Palazzo della Ragione', 'AMO']",Santa Anastasia,strategy_nearest,False,0.0027341842651367188,success
047FF8C27B3F80,3,"['Arena', 'San Fermo', 'Casa Giulietta', 'Torre Lamberti']",Santa Anastasia,"['AMO', 'Museo Conte', 'Palazzo della Ragione', 'Teatro Romano', 'Centro Fotografia']",Teatro Romano,strategy_nearest,True,0.002763986587524414,success
047FF5429C4C80,1,"['Castelvecchio', 'San Zeno', 'Santa Anastasia', 'Teatro Romano']",Casa Giulietta,"['Centro Fotografia', 'Sighseeing', 'Torre Lamberti', 'Museo Conte', 'Museo Radio']",Torre Lamberti,strategy_nearest,True,0.0025038719177246094,success
047FF9429C4C80,3,"['Casa Giulietta', 'Torre Lamberti']",San Zeno,"['Castelvecchio', 'Verona Tour', 'Museo Lapidario', 'Arena', 'Museo Miniscalchi']",Arena,strategy_nearest,True,0.003387928009033203,success
047FF7C27B3F80,3,"['Castelvecchio', 'San Zeno', 'Arena']",Torre Lamberti,"['Sighseeing', 'Centro Fotografia', 'Museo Conte', 'Casa Giulietta', 'Palazzo della Ragione']",Casa Giulietta,strategy_nearest,True,0.0028557777404785156,success
047FFDC27B3F80,3,"['Castelvecchio', 'San Zeno', 'Casa Giulietta']",Torre Lamberti,"['Sighseeing', 'Centro Fotografia', 'Museo Conte', 'Palazzo della Ragione', 'AMO']",Santa Anastasia,strategy_nearest,False,0.0020627975463867188,success
048000C27B3F84,1,"['Arena', 'Museo Lapidario', 'Torre Lamberti', 'Palazzo della Ragione']",Casa Giulietta,"['Centro Fotografia', 'Sighseeing', 'Museo Conte', 'Museo Radio', 'San Fermo']",Santa Anastasia,strategy_nearest,False,0.0021979808807373047,success
048001C27B3F84,3,"['Giardino Giusti', 'Teatro Romano', 'Arena', 'Torre Lamberti']",Casa Giulietta,"['Centro Fotografia', 'Sighseeing', 'Museo Conte', 'Museo Radio', 'Palazzo della Ragione']",Santa Anastasia,strategy_nearest,False,0.003072977066040039,success
047FFEC27B3F80,3,"['Castelvecchio', 'San Zeno', 'Arena']",Casa Giulietta,"['Centro Fotografia', 'Sighseeing', 'Torre Lamberti', 'Museo Conte', 'Museo Radio']",Duomo,strategy_nearest,False,0.0034749507904052734,success
04800A429C4C80,3,"['Tomba Giulietta', 'Casa Giulietta', 'Torre Lamberti']",Duomo,"['AMO', 'Museo Miniscalchi', 'Santa Anastasia', 'Teatro Romano', 'Palazzo della Ragione']",Arena,strategy_nearest,False,0.001377105712890625,success
048007C27B3F84,1,"['San Zeno', 'Santa Anastasia', 'Duomo', 'Duomo', 'Teatro Romano']",Giardino Giusti,"['Museo Conte', 'Centro Fotografia', 'Museo Storia', 'AMO', 'Casa Giulietta']",Arena,strategy_nearest,False,0.0029649734497070312,success
04800AC27B3F84,3,"['San Zeno', 'Casa Giulietta']",Torre Lamberti,"['Sighseeing', 'Centro Fotografia', 'Museo Conte', 'Palazzo della Ragione', 'AMO']",Duomo,strategy_nearest,False,0.0030198097229003906,success
048006C27B3F84,3,"['Giardino Giusti', 'Teatro Romano', 'Arena', 'Torre Lamberti']",Casa Giulietta,"['Centro Fotografia', 'Sighseeing', 'Museo Conte', 'Museo Radio', 'Palazzo della Ragione']",Santa Anastasia,strategy_nearest,False,0.002853870391845703,success
04800D3A9C4C84,0,"['Arena', 'Tomba Giulietta']",Casa Giulietta,"['Centro Fotografia', 'Sighseeing', 'Torre Lamberti', 'Museo Conte', 'Museo Radio']",Teatro Romano,strategy_nearest,False,0.002130270004272461,success
04800D429C4C84,3,"['Casa Giulietta', 'Arena']",Teatro Romano,"['Santa Anastasia', 'Duomo', 'AMO', 'Palazzo della Ragione', 'Museo Conte']",Santa Anastasia,strategy_nearest,True,0.0033690929412841797,success
04800CC27B3F84,1,"['San Zeno', 'Santa Anastasia', 'Duomo', 'Teatro Romano', 'Giardino Giusti']",Arena,"['Verona Tour', 'Museo Lapidario', 'Museo Radio', 'San Fermo', 'Casa Giulietta']",Casa Giulietta,strategy_nearest,True,0.0022389888763427734,success
04800D429C4C80,1,"['Arena', 'Casa Giulietta']",Palazzo della Ragione,"['AMO', 'Museo Conte', 'Torre Lamberti', 'Centro Fotografia', 'Sighseeing']",Torre Lamberti,strategy_nearest,True,0.002851247787475586,success
04800DC27B3F84,1,"['Arena', 'Casa Giulietta']",Torre Lamberti,"['Sighseeing', 'Centro Fotografia', 'Museo Conte', 'Palazzo della Ragione', 'AMO']",Palazzo della Ragione,strategy_nearest,True,0.0014731884002685547,success
048011C27B3F80,3,"['Castelvecchio', 'San Zeno', 'Arena', 'Casa Giulietta']",Torre Lamberti,"['Sighseeing', 'Centro Fotografia', 'Museo Conte', 'Palazzo della Ragione', 'AMO']",Santa Anastasia,strategy_nearest,False,0.002017974853515625,success
048010C27B3F80,3,"['Arena', 'Castelvecchio', 'Casa Giulietta']",Torre Lamberti,"['Sighseeing', 'Centro Fotografia', 'Museo Conte', 'Palazzo della Ragione', 'AMO']",Santa Anastasia,strategy_nearest,False,0.002964019775390625,success
048013C27B3F84,3,"['Duomo', 'Santa Anastasia']",Torre Lamberti,"['Sighseeing', 'Centro Fotografia', 'Museo Conte', 'Casa Giulietta', 'Palazzo della Ragione']",Casa Giulietta,strategy_nearest,True,0.0022211074829101562,success
048012C27B3F84,1,['Arena'],Torre Lamberti,"['Sighseeing', 'Centro Fotografia', 'Museo Conte', 'Casa Giulietta', 'Palazzo della Ragione']",Palazzo della Ragione,strategy_nearest,True,0.0032939910888671875,success
048016C27B3F80,3,"['Castelvecchio', 'San Zeno', 'Arena', 'Casa Giulietta']",Torre Lamberti,"['Sighseeing', 'Centro Fotografia', 'Museo Conte', 'Palazzo della Ragione', 'AMO']",Santa Anastasia,strategy_nearest,False,0.002763986587524414,success
048016C27B3F84,3,"['San Zeno', 'Casa Giulietta']",Torre Lamberti,"['Sighseeing', 'Centro Fotografia', 'Museo Conte', 'Palazzo della Ragione', 'AMO']",Duomo,strategy_nearest,False,0.0033140182495117188,success
048014429C4C80,3,"['Arena', 'Castelvecchio']",Santa Anastasia,"['AMO', 'Museo Conte', 'Palazzo della Ragione', 'Teatro Romano', 'Centro Fotografia']",Duomo,strategy_nearest,False,0.0031478404998779297,success
048015429C4C80,3,"['Arena', 'Torre Lamberti']",Casa Giulietta,"['Centro Fotografia', 'Sighseeing', 'Museo Conte', 'Museo Radio', 'Palazzo della Ragione']",Santa Anastasia,strategy_nearest,False,0.0020270347595214844,success
048018429C4C80,3,['Arena'],Torre Lamberti,"['Sighseeing', 'Centro Fotografia', 'Museo Conte', 'Casa Giulietta', 'Palazzo della Ragione']",Santa Anastasia,strategy_nearest,False,0.0013501644134521484,success
04801C3A9C4C84,3,"['Arena', 'Casa Giulietta']",Torre Lamberti,"['Sighseeing', 'Centro Fotografia', 'Museo Conte', 'Palazzo della Ragione', 'AMO']",Santa Anastasia,strategy_nearest,False,0.0026397705078125,success
048018C27B3F84,3,"['Duomo', 'Santa Anastasia']",Torre Lamberti,"['Sighseeing', 'Centro Fotografia', 'Museo Conte', 'Casa Giulietta', 'Palazzo della Ragione']",Casa Giulietta,strategy_nearest,True,0.0021398067474365234,success
048017C27B3F80,3,"['Torre Lamberti', 'Santa Anastasia', 'Teatro Romano', 'Arena']",Casa Giulietta,"['Centro Fotografia', 'Sighseeing', 'Museo Conte', 'Museo Radio', 'Palazzo della Ragione']",Castelvecchio,strategy_nearest,False,0.004051923751831055,success
04801D3A9C4C80,3,"['Arena', 'Museo Lapidario', 'Castelvecchio']",Santa Anastasia,"['AMO', 'Museo Conte', 'Palazzo della Ragione', 'Teatro Romano', 'Centro Fotografia']",Duomo,strategy_nearest,False,0.003679037094116211,success
04801DC27B3F80,4,"['Castelvecchio', 'Arena', 'Santa Anastasia', 'Teatro Romano']",Casa Giulietta,"['Centro Fotografia', 'Sighseeing', 'Torre Lamberti', 'Museo Conte', 'Museo Radio']",Museo Lapidario,strategy_nearest,False,0.002773761749267578,success
04801CC27B3F80,3,"['Torre Lamberti', 'Santa Anastasia', 'Teatro Romano', 'Arena']",Casa Giulietta,"['Centro Fotografia', 'Sighseeing', 'Museo Conte', 'Museo Radio', 'Palazzo della Ragione']",Castelvecchio,strategy_nearest,False,0.003056049346923828,success
04801FC27B3F84,1,"['Arena', 'Casa Giulietta', 'Torre Lamberti']",Palazzo della Ragione,"['AMO', 'Museo Conte', 'Centro Fotografia', 'Sighseeing', 'Santa Anastasia']",Castelvecchio,strategy_nearest,False,0.0022270679473876953,success
04801E3A9C4C84,0,['Arena'],Castelvecchio,"['Museo Lapidario', 'Verona Tour', 'Museo Radio', 'San Zeno', 'Sighseeing']",Torre Lamberti,strategy_nearest,False,0.0033469200134277344,success
0480213A9C4C84,0,['Arena'],Casa Giulietta,"['Centro Fotografia', 'Sighseeing', 'Torre Lamberti', 'Museo Conte', 'Museo Radio']",Teatro Romano,strategy_nearest,False,0.003954887390136719,success
048022C27B3F80,4,"['Castelvecchio', 'Arena', 'Santa Anastasia', 'Teatro Romano']",Casa Giulietta,"['Centro Fotografia', 'Sighseeing', 'Torre Lamberti', 'Museo Conte', 'Museo Radio']",Museo Lapidario,strategy_nearest,False,0.003977775573730469,success
048022C27B3F84,3,"['San Zeno', 'Castelvecchio', 'Arena', 'Torre Lamberti']",Santa Anastasia,"['AMO', 'Museo Conte', 'Palazzo della Ragione', 'Teatro Romano', 'Centro Fotografia']",Duomo,strategy_nearest,False,0.002811908721923828,success
048023C27B3F80,1,"['Castelvecchio', 'Arena', 'Tomba Giulietta', 'Santa Anastasia']",Duomo,"['AMO', 'Museo Miniscalchi', 'Teatro Romano', 'Palazzo della Ragione', 'Museo Conte']",Teatro Romano,strategy_nearest,True,0.0027120113372802734,success
048028C27B3F80,1,"['Castelvecchio', 'Arena', 'Tomba Giulietta', 'Santa Anastasia']",Duomo,"['AMO', 'Museo Miniscalchi', 'Teatro Romano', 'Palazzo della Ragione', 'Museo Conte']",Teatro Romano,strategy_nearest,True,0.00286102294921875,success
048024C27B3F84,1,"['Arena', 'Casa Giulietta', 'Torre Lamberti']",Palazzo della Ragione,"['AMO', 'Museo Conte', 'Centro Fotografia', 'Sighseeing', 'Santa Anastasia']",Castelvecchio,strategy_nearest,False,0.0027909278869628906,success
048029C27B3F80,0,"['Arena', 'Casa Giulietta', 'Castelvecchio']",Torre Lamberti,"['Sighseeing', 'Centro Fotografia', 'Museo Conte', 'Palazzo della Ragione', 'AMO']",San Fermo,strategy_nearest,False,0.0026390552520751953,success
04802EC27B3F80,0,"['Arena', 'Casa Giulietta', 'Castelvecchio']",Torre Lamberti,"['Sighseeing', 'Centro Fotografia', 'Museo Conte', 'Palazzo della Ragione', 'AMO']",San Fermo,strategy_nearest,False,0.0033080577850341797,success
048031429C4C80,1,['Castelvecchio'],Arena,"['Verona Tour', 'Museo Lapidario', 'Museo Radio', 'San Fermo', 'Casa Giulietta']",Palazzo della Ragione,strategy_nearest,False,0.0026509761810302734,success
048035C27B3F80,0,"['Castelvecchio', 'Arena']",Casa Giulietta,"['Centro Fotografia', 'Sighseeing', 'Torre Lamberti', 'Museo Conte', 'Museo Radio']",Giardino Giusti,strategy_nearest,False,0.0031821727752685547,success
048034C27B3F80,0,"['Castelvecchio', 'Arena']",Casa Giulietta,"['Centro Fotografia', 'Sighseeing', 'Torre Lamberti', 'Museo Conte', 'Museo Radio']",Giardino Giusti,strategy_nearest,False,0.0027456283569335938,success
0480393A9C4C80,0,['Arena'],Casa Giulietta,"['Centro Fotografia', 'Sighseeing', 'Torre Lamberti', 'Museo Conte', 'Museo Radio']",Teatro Romano,strategy_nearest,False,0.002338886260986328,success
0480384A9C4C80,0,"['Torre Lamberti', 'Arena']",Casa Giulietta,"['Centro Fotografia', 'Sighseeing', 'Museo Conte', 'Museo Radio', 'Palazzo della Ragione']",Teatro Romano,strategy_nearest,False,0.003203868865966797,success
04803AC27B3F80,1,"['Arena', 'San Fermo']",Palazzo della Ragione,"['AMO', 'Museo Conte', 'Torre Lamberti', 'Centro Fotografia', 'Sighseeing']",Torre Lamberti,strategy_nearest,True,0.0029129981994628906,success
04803E429C4C80,1,"['Arena', 'Casa Giulietta']",Palazzo della Ragione,"['AMO', 'Museo Conte', 'Torre Lamberti', 'Centro Fotografia', 'Sighseeing']",Teatro Romano,strategy_nearest,False,0.0021071434020996094,success
04803BC27B3F80,4,"['Arena', 'Museo Lapidario', 'Casa Giulietta', 'Santa Anastasia']",Duomo,"['AMO', 'Museo Miniscalchi', 'Teatro Romano', 'Palazzo della Ragione', 'Museo Conte']",Teatro Romano,strategy_nearest,True,0.003674030303955078,success
04804B3A9C4C80,3,"['Torre Lamberti', 'Arena']",Teatro Romano,"['Santa Anastasia', 'Duomo', 'AMO', 'Palazzo della Ragione', 'Museo Conte']",San Zeno,strategy_nearest,False,0.002422809600830078,success
048040C27B3F80,1,"['Arena', 'San Fermo']",Palazzo della Ragione,"['AMO', 'Museo Conte', 'Torre Lamberti', 'Centro Fotografia', 'Sighseeing']",Torre Lamberti,strategy_nearest,True,0.0033512115478515625,success
048075429C4C80,1,"['Arena', 'Castelvecchio']",Torre Lamberti,"['Sighseeing', 'Centro Fotografia', 'Museo Conte', 'Casa Giulietta', 'Palazzo della Ragione']",Palazzo della Ragione,strategy_nearest,True,0.0034036636352539062,success
0480743A9C4C80,3,['Arena'],Torre Lamberti,"['Sighseeing', 'Centro Fotografia', 'Museo Conte', 'Casa Giulietta', 'Palazzo della Ragione']",Santa Anastasia,strategy_nearest,False,0.003702878952026367,success
04806A429C4C80,1,"['Arena', 'Casa Giulietta', 'Torre Lamberti']",Palazzo della Ragione,"['AMO', 'Museo Conte', 'Centro Fotografia', 'Sighseeing', 'Santa Anastasia']",Duomo,strategy_nearest,False,0.0029752254486083984,success
04807E3A9C4C80,0,['Arena'],Castelvecchio,"['Museo Lapidario', 'Verona Tour', 'Museo Radio', 'San Zeno', 'Sighseeing']",Casa Giulietta,strategy_nearest,False,0.0019040107727050781,success
04807D3A9C4C80,0,['Arena'],Castelvecchio,"['Museo Lapidario', 'Verona Tour', 'Museo Radio', 'San Zeno', 'Sighseeing']",Tomba Giulietta,strategy_nearest,False,0.0029180049896240234,success
04807D429C4C80,1,"['Arena', 'Casa Giulietta']",Torre Lamberti,"['Sighseeing', 'Centro Fotografia', 'Museo Conte', 'Palazzo della Ragione', 'AMO']",Palazzo della Ragione,strategy_nearest,True,0.0026459693908691406,success
0480864A9C4C80,0,['Arena'],Casa Giulietta,"['Centro Fotografia', 'Sighseeing', 'Torre Lamberti', 'Museo Conte', 'Museo Radio']",Torre Lamberti,strategy_nearest,True,0.0033478736877441406,success
04808E429C4C80,0,['Arena'],Casa Giulietta,"['Centro Fotografia', 'Sighseeing', 'Torre Lamberti', 'Museo Conte', 'Museo Radio']",Torre Lamberti,strategy_nearest,True,0.0025358200073242188,success
04808F4A9C4C80,0,"['Arena', 'Museo Lapidario']",Castelvecchio,"['Verona Tour', 'Museo Radio', 'San Zeno', 'Sighseeing', 'Museo Miniscalchi']",Torre Lamberti,strategy_nearest,False,0.0027740001678466797,success
0480A83A9C4C80,3,['Arena'],San Fermo,"['Museo Storia', 'Museo Radio', 'Casa Giulietta', 'Centro Fotografia', 'Sighseeing']",Torre Lamberti,strategy_nearest,False,0.003532886505126953,success
0480A44A9C4C80,0,['Arena'],Casa Giulietta,"['Centro Fotografia', 'Sighseeing', 'Torre Lamberti', 'Museo Conte', 'Museo Radio']",Torre Lamberti,strategy_nearest,True,0.002874135971069336,success
0480AE3A9C4C80,3,"['Arena', 'Torre Lamberti']",Casa Giulietta,"['Centro Fotografia', 'Sighseeing', 'Museo Conte', 'Museo Radio', 'Palazzo della Ragione']",Santa Anastasia,strategy_nearest,False,0.0032958984375,success
0480B0429C4C80,1,['Castelvecchio'],Casa Giulietta,"['Centro Fotografia', 'Sighseeing', 'Torre Lamberti', 'Museo Conte', 'Museo Radio']",Palazzo della Ragione,strategy_nearest,False,0.0016901493072509766,success
0480B9429C4C80,0,['Arena'],Torre Lamberti,"['Sighseeing', 'Centro Fotografia', 'Museo Conte', 'Casa Giulietta', 'Palazzo della Ragione']",Casa Giulietta,strategy_nearest,True,0.0024759769439697266,success
0480AF3A9C4C80,0,['Arena'],Santa Anastasia,"['AMO', 'Museo Conte', 'Palazzo della Ragione', 'Teatro Romano', 'Centro Fotografia']",Casa Giulietta,strategy_nearest,False,0.004148006439208984,success
0480C5C27B3F80,0,['Arena'],Torre Lamberti,"['Sighseeing', 'Centro Fotografia', 'Museo Conte', 'Casa Giulietta', 'Palazzo della Ragione']",Casa Giulietta,strategy_nearest,True,0.0034868717193603516,success
0480C73A9C4C80,0,['Arena'],Casa Giulietta,"['Centro Fotografia', 'Sighseeing', 'Torre Lamberti', 'Museo Conte', 'Museo Radio']",Duomo,strategy_nearest,False,0.0018527507781982422,success
0480CAC27B3F80,0,"['Arena', 'Casa Giulietta']",Torre Lamberti,"['Sighseeing', 'Centro Fotografia', 'Museo Conte', 'Palazzo della Ragione', 'AMO']",Teatro Romano,strategy_nearest,False,0.002790689468383789,success
0480D1C27B3F80,1,"['Arena', 'Torre Lamberti', 'Palazzo della Ragione']",Santa Anastasia,"['AMO', 'Museo Conte', 'Teatro Romano', 'Centro Fotografia', 'Duomo']",Teatro Romano,strategy_nearest,True,0.0030231475830078125,success
0480DE3A9C4C80,0,"['Arena', 'Castelvecchio']",San Zeno,"['Verona Tour', 'Museo Lapidario', 'Museo Miniscalchi', 'Sighseeing', 'Museo Radio']",Casa Giulietta,strategy_nearest,False,0.002529144287109375,success
0480E93A9C4C80,0,['Casa Giulietta'],Arena,"['Verona Tour', 'Museo Lapidario', 'Museo Radio', 'San Fermo', 'Sighseeing']",Tomba Giulietta,strategy_nearest,False,0.0019519329071044922,success
0480EFC27B3F80,3,"['Casa Giulietta', 'Torre Lamberti', 'Santa Anastasia']",Duomo,"['AMO', 'Museo Miniscalchi', 'Teatro Romano', 'Palazzo della Ragione', 'Museo Conte']",Teatro Romano,strategy_nearest,True,0.0027070045471191406,success
0480E23A9C4C80,3,"['Arena', 'Casa Giulietta']",Torre Lamberti,"['Sighseeing', 'Centro Fotografia', 'Museo Conte', 'Palazzo della Ragione', 'AMO']",Santa Anastasia,strategy_nearest,False,0.0022788047790527344,success
0480F5429C4C80,3,"['Castelvecchio', 'Arena', 'Casa Giulietta']",Torre Lamberti,"['Sighseeing', 'Centro Fotografia', 'Museo Conte', 'Palazzo della Ragione', 'AMO']",Santa Anastasia,strategy_nearest,False,0.002579212188720703,success
0480F4C27B3F80,3,"['Casa Giulietta', 'Torre Lamberti', 'Santa Anastasia']",Duomo,"['AMO', 'Museo Miniscalchi', 'Teatro Romano', 'Palazzo della Ragione', 'Museo Conte']",Teatro Romano,strategy_nearest,True,0.002727031707763672,success
0480F5C27B3F80,1,"['Castelvecchio', 'Giardino Giusti', 'Santa Anastasia', 'Torre Lamberti']",Palazzo della Ragione,"['AMO', 'Museo Conte', 'Centro Fotografia', 'Sighseeing', 'Museo Miniscalchi']",Arena,strategy_nearest,False,0.0025560855865478516,success
0480FBC27B3F80,1,"['Castelvecchio', 'Giardino Giusti', 'Santa Anastasia']",Torre Lamberti,"['Sighseeing', 'Centro Fotografia', 'Museo Conte', 'Casa Giulietta', 'Palazzo della Ragione']",Palazzo della Ragione,strategy_nearest,True,0.0027878284454345703,success
0480FAC27B3F80,1,"['Castelvecchio', 'Giardino Giusti', 'Torre Lamberti']",Palazzo della Ragione,"['AMO', 'Museo Conte', 'Centro Fotografia', 'Sighseeing', 'Santa Anastasia']",Arena,strategy_nearest,False,0.0026540756225585938,success
0480F73A9C4C80,0,['Torre Lamberti'],Casa Giulietta,"['Centro Fotografia', 'Sighseeing', 'Museo Conte', 'Museo Radio', 'Palazzo della Ragione']",Arena,strategy_nearest,False,0.0032210350036621094,success
0480F9C27B3F80,1,"['San Zeno', 'Castelvecchio', 'Arena', 'Torre Lamberti']",Casa Giulietta,"['Centro Fotografia', 'Sighseeing', 'Museo Conte', 'Museo Radio', 'Palazzo della Ragione']",Duomo,strategy_nearest,False,0.004246950149536133,success
0480FEC27B3F80,1,"['San Zeno', 'Castelvecchio', 'Arena', 'Torre Lamberti']",Casa Giulietta,"['Centro Fotografia', 'Sighseeing', 'Museo Conte', 'Museo Radio', 'Palazzo della Ragione']",Duomo,strategy_nearest,False,0.0025396347045898438,success
04810A429C4C80,1,"['Arena', 'Casa Giulietta']",Torre Lamberti,"['Sighseeing', 'Centro Fotografia', 'Museo Conte', 'Palazzo della Ragione', 'AMO']",Palazzo della Ragione,strategy_nearest,True,0.0018391609191894531,success
04810FC27B3F80,3,"['Arena', 'Santa Anastasia', 'San Zeno']",Giardino Giusti,"['Teatro Romano', 'Museo Conte', 'Centro Fotografia', 'Museo Storia', 'AMO']",Teatro Romano,strategy_nearest,True,0.0026607513427734375,success
04810E429C4C84,1,"['Teatro Romano', 'Duomo', 'Santa Anastasia', 'Arena']",San Fermo,"['Museo Storia', 'Museo Radio', 'Casa Giulietta', 'Centro Fotografia', 'Sighseeing']",Castelvecchio,strategy_nearest,False,0.0041577816009521484,success
0481143A9C4C84,1,"['Arena', 'Torre Lamberti']",Palazzo della Ragione,"['AMO', 'Museo Conte', 'Centro Fotografia', 'Sighseeing', 'Santa Anastasia']",Castelvecchio,strategy_nearest,False,0.003275156021118164,success
0481153A9C4C80,0,['Arena'],Castelvecchio,"['Museo Lapidario', 'Verona Tour', 'Museo Radio', 'San Zeno', 'Sighseeing']",Casa Giulietta,strategy_nearest,False,0.002543210983276367,success
048113429C4C80,0,['Arena'],Castelvecchio,"['Museo Lapidario', 'Verona Tour', 'Museo Radio', 'San Zeno', 'Sighseeing']",Torre Lamberti,strategy_nearest,False,0.0028679370880126953,success
048110C27B3F80,3,"['Arena', 'Castelvecchio', 'Casa Giulietta']",Torre Lamberti,"['Sighseeing', 'Centro Fotografia', 'Museo Conte', 'Palazzo della Ragione', 'AMO']",Santa Anastasia,strategy_nearest,False,0.002062082290649414,success
048115C27B3F80,3,"['Arena', 'Santa Anastasia', 'San Zeno']",Giardino Giusti,"['Teatro Romano', 'Museo Conte', 'Centro Fotografia', 'Museo Storia', 'AMO']",Teatro Romano,strategy_nearest,True,0.0021059513092041016,success
0481163A9C4C84,0,['Museo Lapidario'],Arena,"['Verona Tour', 'Museo Radio', 'San Fermo', 'Casa Giulietta', 'Sighseeing']",Santa Anastasia,strategy_nearest,False,0.0014677047729492188,success
048117429C4C80,3,['Santa Anastasia'],Torre Lamberti,"['Sighseeing', 'Centro Fotografia', 'Museo Conte', 'Casa Giulietta', 'Palazzo della Ragione']",Castelvecchio,strategy_nearest,False,0.002702951431274414,success
048116C27B3F80,0,['San Zeno'],Castelvecchio,"['Museo Lapidario', 'Verona Tour', 'Arena', 'Museo Radio', 'Sighseeing']",Arena,strategy_nearest,True,0.0035429000854492188,success
04811A3A9C4C80,0,['Arena'],Casa Giulietta,"['Centro Fotografia', 'Sighseeing', 'Torre Lamberti', 'Museo Conte', 'Museo Radio']",Torre Lamberti,strategy_nearest,True,0.0029120445251464844,success
04811BC27B3F80,0,['San Zeno'],Castelvecchio,"['Museo Lapidario', 'Verona Tour', 'Arena', 'Museo Radio', 'Sighseeing']",Arena,strategy_nearest,True,0.002479076385498047,success
04811C429C4C80,0,['Giardino Giusti'],Teatro Romano,"['Santa Anastasia', 'Duomo', 'AMO', 'Palazzo della Ragione', 'Museo Conte']",Casa Giulietta,strategy_nearest,False,0.0029981136322021484,success
04811CC27B3F80,3,"['Arena', 'Torre Lamberti', 'San Fermo', 'Casa Giulietta']",Giardino Giusti,"['Santa Anastasia', 'Teatro Romano', 'Museo Conte', 'Centro Fotografia', 'Museo Storia']",Castelvecchio,strategy_nearest,False,0.0036401748657226562,success
04811F3A9C4C84,1,['Torre Lamberti'],Palazzo della Ragione,"['AMO', 'Museo Conte', 'Centro Fotografia', 'Sighseeing', 'Santa Anastasia']",Teatro Romano,strategy_nearest,False,0.002992868423461914,success
048121C27B3F80,3,"['Arena', 'Torre Lamberti', 'San Fermo', 'Casa Giulietta']",Giardino Giusti,"['Santa Anastasia', 'Teatro Romano', 'Museo Conte', 'Centro Fotografia', 'Museo Storia']",Castelvecchio,strategy_nearest,False,0.0020751953125,success
04811D3A9C4C84,1,"['Arena', 'Casa Giulietta']",Tomba Giulietta,"['San Fermo', 'Museo Storia', 'Museo Lapidario', 'Museo Radio', 'Verona Tour']",Torre Lamberti,strategy_nearest,False,0.0023109912872314453,success
048122C27B3F80,3,"['Torre Lamberti', 'Santa Anastasia', 'Duomo', 'Teatro Romano']",Arena,"['Verona Tour', 'Museo Lapidario', 'Museo Radio', 'San Fermo', 'Casa Giulietta']",Castelvecchio,strategy_nearest,False,0.0034482479095458984,success
048127C27B3F80,3,"['Torre Lamberti', 'Casa Giulietta', 'Santa Anastasia', 'Duomo']",Teatro Romano,"['AMO', 'Palazzo della Ragione', 'Museo Conte', 'Centro Fotografia', 'Museo Miniscalchi']",Arena,strategy_nearest,False,0.002022266387939453,success
0481233A9C4C84,3,"['Casa Giulietta', 'Torre Lamberti']",Tomba Giulietta,"['San Fermo', 'Museo Storia', 'Arena', 'Museo Lapidario', 'Museo Radio']",Arena,strategy_nearest,True,0.0026917457580566406,success
0481284A9C4C80,1,"['Castelvecchio', 'Arena', 'San Fermo', 'Museo Storia']",Santa Anastasia,"['AMO', 'Museo Conte', 'Palazzo della Ragione', 'Teatro Romano', 'Centro Fotografia']",Teatro Romano,strategy_nearest,True,0.002586841583251953,success
04812DC27B3F80,1,"['Santa Anastasia', 'Torre Lamberti', 'Palazzo della Ragione']",Casa Giulietta,"['Centro Fotografia', 'Sighseeing', 'Museo Conte', 'Museo Radio', 'San Fermo']",Arena,strategy_nearest,False,0.002053976058959961,success
04812EC27B3F80,3,"['San Fermo', 'Arena']",Casa Giulietta,"['Centro Fotografia', 'Sighseeing', 'Torre Lamberti', 'Museo Conte', 'Museo Radio']",Torre Lamberti,strategy_nearest,True,0.0019330978393554688,success
048128C27B3F80,1,"['Santa Anastasia', 'Torre Lamberti', 'Palazzo della Ragione']",Casa Giulietta,"['Centro Fotografia', 'Sighseeing', 'Museo Conte', 'Museo Radio', 'San Fermo']",Arena,strategy_nearest,False,0.004110097885131836,success
048132429C4C80,0,['Casa Giulietta'],Arena,"['Verona Tour', 'Museo Lapidario', 'Museo Radio', 'San Fermo', 'Sighseeing']",Castelvecchio,strategy_nearest,False,0.0030930042266845703,success
048133C27B3F80,3,"['San Fermo', 'Arena']",Casa Giulietta,"['Centro Fotografia', 'Sighseeing', 'Torre Lamberti', 'Museo Conte', 'Museo Radio']",Torre Lamberti,strategy_nearest,True,0.001873016357421875,success
048134C27B3F80,1,"['Arena', 'Palazzo della Ragione', 'Torre Lamberti', 'Santa Anastasia']",San Zeno,"['Castelvecchio', 'Verona Tour', 'Museo Lapidario', 'Museo Miniscalchi', 'Sighseeing']",Castelvecchio,strategy_nearest,True,0.003437042236328125,success
048139C27B3F80,1,"['Arena', 'Casa Giulietta', 'Torre Lamberti']",Palazzo della Ragione,"['AMO', 'Museo Conte', 'Centro Fotografia', 'Sighseeing', 'Santa Anastasia']",Castelvecchio,strategy_nearest,False,0.002956867218017578,success
0481373A9C4C80,1,"['Casa Giulietta', 'Torre Lamberti', 'Palazzo della Ragione', 'Santa Anastasia']",Tomba Giulietta,"['San Fermo', 'Museo Storia', 'Arena', 'Museo Lapidario', 'Museo Radio']",Arena,strategy_nearest,True,0.0026171207427978516,success
04813AC27B3F80,1,"['Arena', 'Casa Giulietta', 'Palazzo della Ragione', 'Torre Lamberti']",Santa Anastasia,"['AMO', 'Museo Conte', 'Teatro Romano', 'Centro Fotografia', 'Duomo']",San Zeno,strategy_nearest,False,0.0024068355560302734,success
04813D3A9C4C80,3,"['Arena', 'Casa Giulietta']",Torre Lamberti,"['Sighseeing', 'Centro Fotografia', 'Museo Conte', 'Palazzo della Ragione', 'AMO']",Teatro Romano,strategy_nearest,False,0.002586841583251953,success
04813FC27B3F80,1,"['Arena', 'Casa Giulietta', 'Torre Lamberti']",Palazzo della Ragione,"['AMO', 'Museo Conte', 'Centro Fotografia', 'Sighseeing', 'Santa Anastasia']",Santa Anastasia,strategy_nearest,True,0.004252910614013672,success
0481513A9C4C80,1,"['Arena', 'Museo Lapidario', 'Torre Lamberti', 'Palazzo della Ragione']",Casa Giulietta,"['Centro Fotografia', 'Sighseeing', 'Museo Conte', 'Museo Radio', 'San Fermo']",Teatro Romano,strategy_nearest,False,0.003159046173095703,success
04816B429C4C80,0,['Arena'],Casa Giulietta,"['Centro Fotografia', 'Sighseeing', 'Torre Lamberti', 'Museo Conte', 'Museo Radio']",Duomo,strategy_nearest,False,0.002004861831665039,success
048155429C4C80,3,"['Arena', 'Torre Lamberti', 'Casa Giulietta', 'Santa Anastasia']",Castelvecchio,"['Museo Lapidario', 'Verona Tour', 'Museo Radio', 'San Zeno', 'Sighseeing']",Duomo,strategy_nearest,False,0.003021240234375,success
048175429C4C80,3,"['Arena', 'Torre Lamberti']",Teatro Romano,"['Santa Anastasia', 'Duomo', 'AMO', 'Palazzo della Ragione', 'Museo Conte']",Duomo,strategy_nearest,True,0.002666950225830078,success
04817C3A9C4C80,1,"['Arena', 'Casa Giulietta']",Tomba Giulietta,"['San Fermo', 'Museo Storia', 'Museo Lapidario', 'Museo Radio', 'Verona Tour']",Castelvecchio,strategy_nearest,False,0.003646373748779297,success
0481864A9C4C80,3,"['Arena', 'Castelvecchio']",San Fermo,"['Museo Storia', 'Museo Radio', 'Casa Giulietta', 'Centro Fotografia', 'Sighseeing']",Torre Lamberti,strategy_nearest,False,0.002820730209350586,success
04818F429C4C80,1,"['Arena', 'Castelvecchio']",Palazzo della Ragione,"['AMO', 'Museo Conte', 'Torre Lamberti', 'Centro Fotografia', 'Sighseeing']",Torre Lamberti,strategy_nearest,True,0.0030269622802734375,success
0481884A9C4C80,1,"['Castelvecchio', 'Arena']",Torre Lamberti,"['Sighseeing', 'Centro Fotografia', 'Museo Conte', 'Casa Giulietta', 'Palazzo della Ragione']",Palazzo della Ragione,strategy_nearest,True,0.0035750865936279297,success
04817E3A9C4C80,3,"['Arena', 'Castelvecchio']",Santa Anastasia,"['AMO', 'Museo Conte', 'Palazzo della Ragione', 'Teatro Romano', 'Centro Fotografia']",Duomo,strategy_nearest,False,0.003489971160888672,success
048193429C4C80,0,['Arena'],Castelvecchio,"['Museo Lapidario', 'Verona Tour', 'Museo Radio', 'San Zeno', 'Sighseeing']",Teatro Romano,strategy_nearest,False,0.0025870800018310547,success
04819DC27B3F80,1,"['Arena', 'Casa Giulietta', 'Torre Lamberti']",Palazzo della Ragione,"['AMO', 'Museo Conte', 'Centro Fotografia', 'Sighseeing', 'Santa Anastasia']",Santa Anastasia,strategy_nearest,True,0.0021712779998779297,success
0481AD3A9C4C80,1,"['Torre Lamberti', 'Palazzo della Ragione', 'Casa Giulietta']",Arena,"['Verona Tour', 'Museo Lapidario', 'Museo Radio', 'San Fermo', 'Sighseeing']",Castelvecchio,strategy_nearest,False,0.0027341842651367188,success
0481ACC27B3F80,1,"['Arena', 'Torre Lamberti', 'Palazzo della Ragione']",Santa Anastasia,"['AMO', 'Museo Conte', 'Teatro Romano', 'Centro Fotografia', 'Duomo']",Teatro Romano,strategy_nearest,True,0.0035021305084228516,success
0481B1429C4C80,2,['Santa Anastasia'],Duomo,"['AMO', 'Museo Miniscalchi', 'Teatro Romano', 'Palazzo della Ragione', 'Museo Conte']",Casa Giulietta,strategy_nearest,False,0.002315044403076172,success
0481B1C27B3F80,0,"['Arena', 'Casa Giulietta']",Torre Lamberti,"['Sighseeing', 'Centro Fotografia', 'Museo Conte', 'Palazzo della Ragione', 'AMO']",Teatro Romano,strategy_nearest,False,0.0024080276489257812,success
0481B93A9C4C80,0,['Arena'],Castelvecchio,"['Museo Lapidario', 'Verona Tour', 'Museo Radio', 'San Zeno', 'Sighseeing']",Casa Giulietta,strategy_nearest,False,0.002727031707763672,success
0481B8C27B3F80,3,"['Duomo', 'Santa Anastasia', 'Torre Lamberti']",Casa Giulietta,"['Centro Fotografia', 'Sighseeing', 'Museo Conte', 'Museo Radio', 'Palazzo della Ragione']",Teatro Romano,strategy_nearest,False,0.0037000179290771484,success
0481BC429C4C80,0,['Casa Giulietta'],Arena,"['Verona Tour', 'Museo Lapidario', 'Museo Radio', 'San Fermo', 'Sighseeing']",Tomba Giulietta,strategy_nearest,False,0.003103017807006836,success
0481BDC27B3F80,3,"['Arena', 'Casa Giulietta']",Santa Anastasia,"['AMO', 'Museo Conte', 'Palazzo della Ragione', 'Teatro Romano', 'Centro Fotografia']",Duomo,strategy_nearest,False,0.0017631053924560547,success
0481C2429C4C80,0,"['Arena', 'Castelvecchio']",Torre Lamberti,"['Sighseeing', 'Centro Fotografia', 'Museo Conte', 'Casa Giulietta', 'Palazzo della Ragione']",Casa Giulietta,strategy_nearest,True,0.0037229061126708984,success
0481D3429C4C80,0,['Arena'],Castelvecchio,"['Museo Lapidario', 'Verona Tour', 'Museo Radio', 'San Zeno', 'Sighseeing']",Duomo,strategy_nearest,False,0.0043146610260009766,success
0481DF3A9C4C80,1,"['Torre Lamberti', 'Palazzo della Ragione', 'Casa Giulietta']",Santa Anastasia,"['AMO', 'Museo Conte', 'Teatro Romano', 'Centro Fotografia', 'Duomo']",Teatro Romano,strategy_nearest,True,0.003097057342529297,success
0481DA3A9C4C80,1,"['Arena', 'Casa Giulietta', 'San Fermo']",Santa Anastasia,"['AMO', 'Museo Conte', 'Palazzo della Ragione', 'Teatro Romano', 'Centro Fotografia']",Duomo,strategy_nearest,False,0.002727031707763672,success
0481D7429C4C80,3,"['Arena', 'Casa Giulietta']",Santa Anastasia,"['AMO', 'Museo Conte', 'Palazzo della Ragione', 'Teatro Romano', 'Centro Fotografia']",Giardino Giusti,strategy_nearest,False,0.0019681453704833984,success
0481F0429C4C80,1,"['Arena', 'Castelvecchio', 'Santa Anastasia']",Duomo,"['AMO', 'Museo Miniscalchi', 'Teatro Romano', 'Palazzo della Ragione', 'Museo Conte']",Teatro Romano,strategy_nearest,True,0.0033922195434570312,success
0481F73A9C4C80,1,"['Arena', 'Casa Giulietta']",Palazzo della Ragione,"['AMO', 'Museo Conte', 'Torre Lamberti', 'Centro Fotografia', 'Sighseeing']",Torre Lamberti,strategy_nearest,True,0.0022819042205810547,success
04820B3A9C4C84,3,"['Teatro Romano', 'Duomo']",Torre Lamberti,"['Sighseeing', 'Centro Fotografia', 'Museo Conte', 'Casa Giulietta', 'Palazzo della Ragione']",Casa Giulietta,strategy_nearest,True,0.0022089481353759766,success
0482013A9C4C84,2,"['Museo Lapidario', 'Casa Giulietta', 'Torre Lamberti']",Palazzo della Ragione,"['AMO', 'Museo Conte', 'Centro Fotografia', 'Sighseeing', 'Santa Anastasia']",Santa Anastasia,strategy_nearest,True,0.003564119338989258,success
04820E3A9C4C84,0,['Arena'],Torre Lamberti,"['Sighseeing', 'Centro Fotografia', 'Museo Conte', 'Casa Giulietta', 'Palazzo della Ragione']",Casa Giulietta,strategy_nearest,True,0.00360107421875,success
04820E429C4C80,0,['Arena'],Torre Lamberti,"['Sighseeing', 'Centro Fotografia', 'Museo Conte', 'Casa Giulietta', 'Palazzo della Ragione']",Castelvecchio,strategy_nearest,False,0.002195119857788086,success
04820E429C4C84,1,"['Casa Giulietta', 'Torre Lamberti', 'Palazzo della Ragione']",Santa Anastasia,"['AMO', 'Museo Conte', 'Teatro Romano', 'Centro Fotografia', 'Duomo']",San Zeno,strategy_nearest,False,0.0021507740020751953,success
0482103A9C4C80,1,"['Arena', 'Santa Anastasia']",Duomo,"['AMO', 'Museo Miniscalchi', 'Teatro Romano', 'Palazzo della Ragione', 'Museo Conte']",Teatro Romano,strategy_nearest,True,0.002952098846435547,success
048212429C4C80,3,"['Arena', 'Santa Anastasia']",Duomo,"['AMO', 'Museo Miniscalchi', 'Teatro Romano', 'Palazzo della Ragione', 'Museo Conte']",San Zeno,strategy_nearest,False,0.0032091140747070312,success
0482153A9C4C84,3,"['Museo Lapidario', 'Arena', 'Tomba Giulietta', 'San Fermo']",Casa Giulietta,"['Centro Fotografia', 'Sighseeing', 'Torre Lamberti', 'Museo Conte', 'Museo Radio']",Torre Lamberti,strategy_nearest,True,0.0033228397369384766,success
0482153A9C4C80,3,"['Teatro Romano', 'Duomo']",Torre Lamberti,"['Sighseeing', 'Centro Fotografia', 'Museo Conte', 'Casa Giulietta', 'Palazzo della Ragione']",Arena,strategy_nearest,False,0.0033681392669677734,success
048217429C4C80,0,['Torre Lamberti'],Casa Giulietta,"['Centro Fotografia', 'Sighseeing', 'Museo Conte', 'Museo Radio', 'Palazzo della Ragione']",Arena,strategy_nearest,False,0.003016233444213867,success
04821A429C4C80,0,"['Arena', 'Castelvecchio']",Torre Lamberti,"['Sighseeing', 'Centro Fotografia', 'Museo Conte', 'Casa Giulietta', 'Palazzo della Ragione']",Casa Giulietta,strategy_nearest,True,0.0024933815002441406,success
048218C27B3F80,1,"['Castelvecchio', 'Arena']",Casa Giulietta,"['Centro Fotografia', 'Sighseeing', 'Torre Lamberti', 'Museo Conte', 'Museo Radio']",Palazzo della Ragione,strategy_nearest,False,0.00168609619140625,success
04821E3A9C4C84,1,"['Santa Anastasia', 'Torre Lamberti', 'Palazzo della Ragione']",Castelvecchio,"['Museo Lapidario', 'Verona Tour', 'Arena', 'Museo Radio', 'San Zeno']",Arena,strategy_nearest,True,0.003442049026489258,success
048219C27B3F80,0,"['Casa Giulietta', 'Arena']",Castelvecchio,"['Museo Lapidario', 'Verona Tour', 'Museo Radio', 'San Zeno', 'Sighseeing']",Torre Lamberti,strategy_nearest,False,0.0031588077545166016,success
04821E4A9C4C80,3,"['Arena', 'Torre Lamberti', 'Duomo']",Teatro Romano,"['Santa Anastasia', 'AMO', 'Palazzo della Ragione', 'Museo Conte', 'Centro Fotografia']",Santa Anastasia,strategy_nearest,True,0.002149820327758789,success
0482203A9C4C80,2,['Castelvecchio'],Teatro Romano,"['Santa Anastasia', 'Duomo', 'AMO', 'Palazzo della Ragione', 'Museo Conte']",Santa Anastasia,strategy_nearest,True,0.002593994140625,success
04821FC27B3F80,1,"['Teatro Romano', 'Santa Anastasia', 'Torre Lamberti', 'Palazzo della Ragione', 'Casa Giulietta']",Arena,"['Verona Tour', 'Museo Lapidario', 'Museo Radio', 'San Fermo', 'Sighseeing']",Castelvecchio,strategy_nearest,False,0.002769947052001953,success
0482203A9C4C84,0,['Arena'],Castelvecchio,"['Museo Lapidario', 'Verona Tour', 'Museo Radio', 'San Zeno', 'Sighseeing']",Teatro Romano,strategy_nearest,False,0.0032129287719726562,success
0482263A9C4C80,1,"['Arena', 'Casa Giulietta']",Torre Lamberti,"['Sighseeing', 'Centro Fotografia', 'Museo Conte', 'Palazzo della Ragione', 'AMO']",Palazzo della Ragione,strategy_nearest,True,0.0015180110931396484,success
048225C27B3F80,1,"['Castelvecchio', 'Arena']",Casa Giulietta,"['Centro Fotografia', 'Sighseeing', 'Torre Lamberti', 'Museo Conte', 'Museo Radio']",Palazzo della Ragione,strategy_nearest,False,0.002913951873779297,success
0482224A9C4C80,0,"['Arena', 'Casa Giulietta']",Tomba Giulietta,"['San Fermo', 'Museo Storia', 'Museo Lapidario', 'Museo Radio', 'Verona Tour']",Castelvecchio,strategy_nearest,False,0.003719806671142578,success
0482393A9C4C80,3,"['Casa Giulietta', 'Duomo']",Teatro Romano,"['Santa Anastasia', 'AMO', 'Palazzo della Ragione', 'Museo Conte', 'Centro Fotografia']",Arena,strategy_nearest,False,0.003287792205810547,success
048239429C4C80,2,['Casa Giulietta'],Santa Anastasia,"['AMO', 'Museo Conte', 'Palazzo della Ragione', 'Teatro Romano', 'Centro Fotografia']",Duomo,strategy_nearest,False,0.0023469924926757812,success
04823D3A9C4C80,0,"['Arena', 'Museo Lapidario']",Castelvecchio,"['Verona Tour', 'Museo Radio', 'San Zeno', 'Sighseeing', 'Museo Miniscalchi']",Casa Giulietta,strategy_nearest,False,0.0028820037841796875,success
0482473A9C4C80,3,"['Casa Giulietta', 'Torre Lamberti']",Arena,"['Verona Tour', 'Museo Lapidario', 'Museo Radio', 'San Fermo', 'Sighseeing']",Santa Anastasia,strategy_nearest,False,0.003339052200317383,success
04824A3A9C4C80,1,['Arena'],Casa Giulietta,"['Centro Fotografia', 'Sighseeing', 'Torre Lamberti', 'Museo Conte', 'Museo Radio']",Torre Lamberti,strategy_nearest,True,0.004487037658691406,success
04824B3A9C4C80,3,"['Arena', 'Torre Lamberti', 'Casa Giulietta']",Santa Anastasia,"['AMO', 'Museo Conte', 'Palazzo della Ragione', 'Teatro Romano', 'Centro Fotografia']",Teatro Romano,strategy_nearest,True,0.003754854202270508,success
048253429C4C80,1,"['Arena', 'Casa Giulietta']",Torre Lamberti,"['Sighseeing', 'Centro Fotografia', 'Museo Conte', 'Palazzo della Ragione', 'AMO']",Palazzo della Ragione,strategy_nearest,True,0.003200054168701172,success
048262429C4C80,3,['Arena'],Santa Anastasia,"['AMO', 'Museo Conte', 'Palazzo della Ragione', 'Teatro Romano', 'Centro Fotografia']",Duomo,strategy_nearest,False,0.002487659454345703,success
048261429C4C80,1,"['Arena', 'Casa Giulietta', 'Torre Lamberti']",Palazzo della Ragione,"['AMO', 'Museo Conte', 'Centro Fotografia', 'Sighseeing', 'Santa Anastasia']",Santa Anastasia,strategy_nearest,True,0.002471923828125,success
048268429C4C80,3,"['Arena', 'Casa Giulietta']",Torre Lamberti,"['Sighseeing', 'Centro Fotografia', 'Museo Conte', 'Palazzo della Ragione', 'AMO']",Santa Anastasia,strategy_nearest,False,0.003715991973876953,success
04827A3A9C4C80,0,['Arena'],Torre Lamberti,"['Sighseeing', 'Centro Fotografia', 'Museo Conte', 'Casa Giulietta', 'Palazzo della Ragione']",Casa Giulietta,strategy_nearest,True,0.0029892921447753906,success
04827D429C4C80,3,['Arena'],San Zeno,"['Castelvecchio', 'Verona Tour', 'Museo Lapidario', 'Museo Miniscalchi', 'Sighseeing']",Santa Anastasia,strategy_nearest,False,0.00238800048828125,success
04827FC27B3F80,3,['Arena'],Santa Anastasia,"['AMO', 'Museo Conte', 'Palazzo della Ragione', 'Teatro Romano', 'Centro Fotografia']",Torre Lamberti,strategy_nearest,False,0.0016357898712158203,success
048286429C4C80,3,['Santa Anastasia'],Arena,"['Verona Tour', 'Museo Lapidario', 'Museo Radio', 'San Fermo', 'Casa Giulietta']",Duomo,strategy_nearest,False,0.0028917789459228516,success
04828AC27B3F80,3,"['Arena', 'Torre Lamberti', 'Santa Anastasia']",Teatro Romano,"['Duomo', 'AMO', 'Palazzo della Ragione', 'Museo Conte', 'Centro Fotografia']",Casa Giulietta,strategy_nearest,False,0.002843141555786133,success
0482884A9C4C80,2,['Museo Lapidario'],Teatro Romano,"['Santa Anastasia', 'Duomo', 'AMO', 'Palazzo della Ragione', 'Museo Conte']",Duomo,strategy_nearest,True,0.0024809837341308594,success
04828A4A9C4C80,1,"['Arena', 'Museo Lapidario']",Castelvecchio,"['Verona Tour', 'Museo Radio', 'San Zeno', 'Sighseeing', 'Museo Miniscalchi']",Torre Lamberti,strategy_nearest,False,0.003833770751953125,success
04828CC27B3F80,1,"['Santa Anastasia', 'Palazzo della Ragione']",Torre Lamberti,"['Sighseeing', 'Centro Fotografia', 'Museo Conte', 'Casa Giulietta', 'AMO']",Duomo,strategy_nearest,False,0.004804134368896484,success
048296C27B3F80,3,"['Arena', 'Casa Giulietta']",Duomo,"['AMO', 'Museo Miniscalchi', 'Santa Anastasia', 'Teatro Romano', 'Palazzo della Ragione']",Teatro Romano,strategy_nearest,True,0.0021839141845703125,success
048291C27B3F80,3,"['Arena', 'Torre Lamberti', 'Santa Anastasia']",Teatro Romano,"['Duomo', 'AMO', 'Palazzo della Ragione', 'Museo Conte', 'Centro Fotografia']",Casa Giulietta,strategy_nearest,False,0.0028820037841796875,success
048297C27B3F80,3,"['Arena', 'Casa Giulietta', 'Teatro Romano']",Tomba Giulietta,"['San Fermo', 'Museo Storia', 'Museo Lapidario', 'Museo Radio', 'Verona Tour']",Museo Storia,strategy_nearest,True,0.0024900436401367188,success
0482A63A9C4C80,0,['Torre Lamberti'],Castelvecchio,"['Museo Lapidario', 'Verona Tour', 'Arena', 'Museo Radio', 'San Zeno']",Arena,strategy_nearest,True,0.0027611255645751953,success
04829CC27B3F80,3,"['Arena', 'Casa Giulietta']",Teatro Romano,"['Santa Anastasia', 'Duomo', 'AMO', 'Palazzo della Ragione', 'Museo Conte']",Tomba Giulietta,strategy_nearest,False,0.0036847591400146484,success
0482A8C27B3F80,0,"['Arena', 'Castelvecchio']",Torre Lamberti,"['Sighseeing', 'Centro Fotografia', 'Museo Conte', 'Casa Giulietta', 'Palazzo della Ragione']",Casa Giulietta,strategy_nearest,True,0.003255128860473633,success
04829DC27B3F80,0,"['Arena', 'Castelvecchio']",Torre Lamberti,"['Sighseeing', 'Centro Fotografia', 'Museo Conte', 'Casa Giulietta', 'Palazzo della Ragione']",Casa Giulietta,strategy_nearest,True,0.0022149085998535156,success
0482AB4A9C4C80,0,"['Castelvecchio', 'Arena']",Casa Giulietta,"['Centro Fotografia', 'Sighseeing', 'Torre Lamberti', 'Museo Conte', 'Museo Radio']",Teatro Romano,strategy_nearest,False,0.002048969268798828,success
0482ABBA7B3F80,0,['Torre Lamberti'],Duomo,"['AMO', 'Museo Miniscalchi', 'Santa Anastasia', 'Teatro Romano', 'Palazzo della Ragione']",Arena,strategy_nearest,False,0.001977205276489258,success
0482A9C27B3F80,3,"['Arena', 'Casa Giulietta']",Duomo,"['AMO', 'Museo Miniscalchi', 'Santa Anastasia', 'Teatro Romano', 'Palazzo della Ragione']",Teatro Romano,strategy_nearest,True,0.0036737918853759766,success
0482AF429C4C80,3,"['Santa Anastasia', 'Duomo']",San Fermo,"['Museo Storia', 'Museo Radio', 'Casa Giulietta', 'Centro Fotografia', 'Arena']",Arena,strategy_nearest,True,0.003679037094116211,success
0482B1429C4C80,3,"['Arena', 'Museo Lapidario', 'Casa Giulietta']",Torre Lamberti,"['Sighseeing', 'Centro Fotografia', 'Museo Conte', 'Palazzo della Ragione', 'AMO']",Duomo,strategy_nearest,False,0.0027201175689697266,success
0482B33A9C4C80,0,['Arena'],Casa Giulietta,"['Centro Fotografia', 'Sighseeing', 'Torre Lamberti', 'Museo Conte', 'Museo Radio']",Teatro Romano,strategy_nearest,False,0.0033121109008789062,success
0482B83A9C4C80,3,"['Arena', 'Torre Lamberti']",Santa Anastasia,"['AMO', 'Museo Conte', 'Palazzo della Ragione', 'Teatro Romano', 'Centro Fotografia']",Duomo,strategy_nearest,False,0.001995086669921875,success
0482BAC27B3F80,0,['Arena'],Casa Giulietta,"['Centro Fotografia', 'Sighseeing', 'Torre Lamberti', 'Museo Conte', 'Museo Radio']",Torre Lamberti,strategy_nearest,True,0.0025539398193359375,success
0482BC429C4C80,3,"['Casa Giulietta', 'Arena', 'Museo Lapidario']",Castelvecchio,"['Verona Tour', 'Museo Radio', 'San Zeno', 'Sighseeing', 'Museo Miniscalchi']",San Fermo,strategy_nearest,False,0.002835988998413086,success
0482BBC27B3F80,3,"['Arena', 'Torre Lamberti', 'Santa Anastasia']",Teatro Romano,"['Duomo', 'AMO', 'Palazzo della Ragione', 'Museo Conte', 'Centro Fotografia']",Giardino Giusti,strategy_nearest,False,0.0021719932556152344,success
0482BE429C4C80,3,['Arena'],San Fermo,"['Museo Storia', 'Museo Radio', 'Casa Giulietta', 'Centro Fotografia', 'Sighseeing']",Santa Anastasia,strategy_nearest,False,0.002532958984375,success
0482BF429C4C80,1,"['Arena', 'Casa Giulietta', 'Torre Lamberti']",Palazzo della Ragione,"['AMO', 'Museo Conte', 'Centro Fotografia', 'Sighseeing', 'Santa Anastasia']",Santa Anastasia,strategy_nearest,True,0.002103090286254883,success
0482C0C27B3F80,0,['Arena'],Casa Giulietta,"['Centro Fotografia', 'Sighseeing', 'Torre Lamberti', 'Museo Conte', 'Museo Radio']",Santa Anastasia,strategy_nearest,False,0.0026938915252685547,success
0482C23A9C4C80,1,"['Arena', 'Museo Lapidario', 'Castelvecchio']",Palazzo della Ragione,"['AMO', 'Museo Conte', 'Torre Lamberti', 'Centro Fotografia', 'Sighseeing']",Torre Lamberti,strategy_nearest,True,0.0034623146057128906,success
0482C1C27B3F80,0,['Castelvecchio'],Arena,"['Verona Tour', 'Museo Lapidario', 'Museo Radio', 'San Fermo', 'Casa Giulietta']",Torre Lamberti,strategy_nearest,False,0.003403186798095703,success
0482C33A9C4C80,3,['Casa Giulietta'],Torre Lamberti,"['Sighseeing', 'Centro Fotografia', 'Museo Conte', 'Palazzo della Ragione', 'AMO']",Arena,strategy_nearest,False,0.0025680065155029297,success
0482C6C27B3F80,0,['Arena'],Casa Giulietta,"['Centro Fotografia', 'Sighseeing', 'Torre Lamberti', 'Museo Conte', 'Museo Radio']",Torre Lamberti,strategy_nearest,True,0.0024750232696533203,success
0482CA3A9C4C80,3,['Arena'],Santa Anastasia,"['AMO', 'Museo Conte', 'Palazzo della Ragione', 'Teatro Romano', 'Centro Fotografia']",Duomo,strategy_nearest,False,0.002630949020385742,success
0482C7429C4C80,3,"['Arena', 'San Fermo']",Santa Anastasia,"['AMO', 'Museo Conte', 'Palazzo della Ragione', 'Teatro Romano', 'Centro Fotografia']",Duomo,strategy_nearest,False,0.0026569366455078125,success
0482C93A9C4C80,1,"['Arena', 'Santa Anastasia']",Torre Lamberti,"['Sighseeing', 'Centro Fotografia', 'Museo Conte', 'Casa Giulietta', 'Palazzo della Ragione']",Palazzo della Ragione,strategy_nearest,True,0.002050161361694336,success
0482CCC27B3F80,1,"['Castelvecchio', 'Palazzo della Ragione']",Torre Lamberti,"['Sighseeing', 'Centro Fotografia', 'Museo Conte', 'Casa Giulietta', 'AMO']",Santa Anastasia,strategy_nearest,False,0.003329038619995117,success
0482CDC27B3F80,1,"['Castelvecchio', 'Palazzo della Ragione']",Torre Lamberti,"['Sighseeing', 'Centro Fotografia', 'Museo Conte', 'Casa Giulietta', 'AMO']",Santa Anastasia,strategy_nearest,False,0.0020198822021484375,success
0482D2C27B3F80,0,['Casa Giulietta'],Torre Lamberti,"['Sighseeing', 'Centro Fotografia', 'Museo Conte', 'Palazzo della Ragione', 'AMO']",Arena,strategy_nearest,False,0.003062725067138672,success
0482D03A9C4C80,1,"['Arena', 'Casa Giulietta', 'Torre Lamberti', 'Palazzo della Ragione', 'Santa Anastasia']",Duomo,"['AMO', 'Museo Miniscalchi', 'Teatro Romano', 'Museo Conte', 'Centro Fotografia']",Teatro Romano,strategy_nearest,True,0.002694368362426758,success
0482D63A9C4C80,3,"['Arena', 'Castelvecchio']",Casa Giulietta,"['Centro Fotografia', 'Sighseeing', 'Torre Lamberti', 'Museo Conte', 'Museo Radio']",Torre Lamberti,strategy_nearest,True,0.002377033233642578,success
0482D3C27B3F80,4,"['Arena', 'Museo Lapidario', 'Casa Giulietta', 'Santa Anastasia']",Duomo,"['AMO', 'Museo Miniscalchi', 'Teatro Romano', 'Palazzo della Ragione', 'Museo Conte']",Teatro Romano,strategy_nearest,True,0.004083156585693359,success
0482D6429C4C80,3,"['Arena', 'Casa Giulietta', 'Torre Lamberti']",Santa Anastasia,"['AMO', 'Museo Conte', 'Palazzo della Ragione', 'Teatro Romano', 'Centro Fotografia']",Duomo,strategy_nearest,False,0.002830982208251953,success
0482DD3A9C4C80,3,['Arena'],Santa Anastasia,"['AMO', 'Museo Conte', 'Palazzo della Ragione', 'Teatro Romano', 'Centro Fotografia']",Torre Lamberti,strategy_nearest,False,0.0032858848571777344,success
0482E1429C4C80,3,"['Arena', 'Torre Lamberti']",Tomba Giulietta,"['San Fermo', 'Museo Storia', 'Museo Lapidario', 'Museo Radio', 'Verona Tour']",Duomo,strategy_nearest,False,0.0013070106506347656,success
0482DEC27B3F80,0,"['Castelvecchio', 'Arena']",Casa Giulietta,"['Centro Fotografia', 'Sighseeing', 'Torre Lamberti', 'Museo Conte', 'Museo Radio']",Teatro Romano,strategy_nearest,False,0.002777099609375,success
0482E4C27B3F80,0,['Casa Giulietta'],Torre Lamberti,"['Sighseeing', 'Centro Fotografia', 'Museo Conte', 'Palazzo della Ragione', 'AMO']",Arena,strategy_nearest,False,0.0036606788635253906,success
0482E93A9C4C80,1,"['Palazzo della Ragione', 'Torre Lamberti']",Arena,"['Verona Tour', 'Museo Lapidario', 'Museo Radio', 'San Fermo', 'Casa Giulietta']",Santa Anastasia,strategy_nearest,False,0.0026731491088867188,success
0482EBC27B3F80,0,"['Castelvecchio', 'Arena']",Casa Giulietta,"['Centro Fotografia', 'Sighseeing', 'Torre Lamberti', 'Museo Conte', 'Museo Radio']",Teatro Romano,strategy_nearest,False,0.0017850399017333984,success
0482F1429C4C80,3,"['Arena', 'Castelvecchio']",Casa Giulietta,"['Centro Fotografia', 'Sighseeing', 'Torre Lamberti', 'Museo Conte', 'Museo Radio']",Santa Anastasia,strategy_nearest,False,0.0029630661010742188,success
0482F73A9C4C80,1,"['Arena', 'Casa Giulietta']",Palazzo della Ragione,"['AMO', 'Museo Conte', 'Torre Lamberti', 'Centro Fotografia', 'Sighseeing']",Torre Lamberti,strategy_nearest,True,0.0022749900817871094,success
048300429C4C84,1,"['Arena', 'Santa Anastasia', 'Duomo', 'Tomba Giulietta']",San Fermo,"['Museo Storia', 'Museo Radio', 'Casa Giulietta', 'Centro Fotografia', 'Sighseeing']",Museo Storia,strategy_nearest,True,0.0037698745727539062,success
04830B429C4C80,0,['Arena'],Casa Giulietta,"['Centro Fotografia', 'Sighseeing', 'Torre Lamberti', 'Museo Conte', 'Museo Radio']",Teatro Romano,strategy_nearest,False,0.0025658607482910156,success
048306C27B3F84,1,"['Palazzo della Ragione', 'Casa Giulietta', 'Torre Lamberti', 'Arena', 'Museo Lapidario']",Castelvecchio,"['Verona Tour', 'Museo Radio', 'San Zeno', 'Sighseeing', 'Museo Miniscalchi']",Teatro Romano,strategy_nearest,False,0.0022211074829101562,success
04830A429C4C80,0,['Arena'],Casa Giulietta,"['Centro Fotografia', 'Sighseeing', 'Torre Lamberti', 'Museo Conte', 'Museo Radio']",Teatro Romano,strategy_nearest,False,0.003570079803466797,success
048312C27B3F84,1,"['Palazzo della Ragione', 'Casa Giulietta', 'Torre Lamberti', 'Arena', 'Museo Lapidario']",Castelvecchio,"['Verona Tour', 'Museo Radio', 'San Zeno', 'Sighseeing', 'Museo Miniscalchi']",Tomba Giulietta,strategy_nearest,False,0.0029077529907226562,success
048313429C4C84,3,"['Teatro Romano', 'Duomo']",San Zeno,"['Castelvecchio', 'Verona Tour', 'Museo Lapidario', 'Arena', 'Museo Miniscalchi']",Torre Lamberti,strategy_nearest,False,0.0021588802337646484,success
04830DC27B3F80,2,['Castelvecchio'],San Zeno,"['Verona Tour', 'Museo Lapidario', 'Arena', 'Museo Miniscalchi', 'Sighseeing']",Casa Giulietta,strategy_nearest,False,0.0035750865936279297,success
048317C27B3F84,1,"['Arena', 'Torre Lamberti', 'Palazzo della Ragione']",Casa Giulietta,"['Centro Fotografia', 'Sighseeing', 'Museo Conte', 'Museo Radio', 'San Fermo']",Santa Anastasia,strategy_nearest,False,0.003423929214477539,success
0483183A9C4C84,1,"['Arena', 'Casa Giulietta', 'San Fermo']",Santa Anastasia,"['AMO', 'Museo Conte', 'Palazzo della Ragione', 'Teatro Romano', 'Centro Fotografia']",Palazzo della Ragione,strategy_nearest,True,0.001291036605834961,success
048318C27B3F80,3,"['Arena', 'Torre Lamberti', 'Casa Giulietta', 'San Fermo']",Giardino Giusti,"['Santa Anastasia', 'Teatro Romano', 'Museo Conte', 'Centro Fotografia', 'Museo Storia']",Teatro Romano,strategy_nearest,True,0.0025060176849365234,success
04831E3A9C4C84,1,"['Museo Lapidario', 'Castelvecchio', 'Duomo', 'Teatro Romano']",Santa Anastasia,"['AMO', 'Museo Conte', 'Palazzo della Ragione', 'Centro Fotografia', 'Torre Lamberti']",Torre Lamberti,strategy_nearest,True,0.004286289215087891,success
04831F3A9C4C84,3,"['Arena', 'Tomba Giulietta']",Santa Anastasia,"['AMO', 'Museo Conte', 'Palazzo della Ragione', 'Teatro Romano', 'Centro Fotografia']",Duomo,strategy_nearest,False,0.003422975540161133,success
048320C27B3F80,2,['Santa Anastasia'],Duomo,"['AMO', 'Museo Miniscalchi', 'Teatro Romano', 'Palazzo della Ragione', 'Museo Conte']",Castelvecchio,strategy_nearest,False,0.0031588077545166016,success
048321C27B3F84,1,"['Tomba Giulietta', 'Arena', 'Santa Anastasia']",Duomo,"['AMO', 'Museo Miniscalchi', 'Teatro Romano', 'Palazzo della Ragione', 'Museo Conte']",Torre Lamberti,strategy_nearest,False,0.0033211708068847656,success
048322C27B3F84,1,"['Tomba Giulietta', 'Arena', 'Santa Anastasia']",Duomo,"['AMO', 'Museo Miniscalchi', 'Teatro Romano', 'Palazzo della Ragione', 'Museo Conte']",Torre Lamberti,strategy_nearest,False,0.0032091140747070312,success
0483243A9C4C84,0,['Arena'],Casa Giulietta,"['Centro Fotografia', 'Sighseeing', 'Torre Lamberti', 'Museo Conte', 'Museo Radio']",Santa Anastasia,strategy_nearest,False,0.0026297569274902344,success
0483253A9C4C84,1,"['Torre Lamberti', 'Palazzo della Ragione']",Casa Giulietta,"['Centro Fotografia', 'Sighseeing', 'Museo Conte', 'Museo Radio', 'San Fermo']",Duomo,strategy_nearest,False,0.002504110336303711,success
048327C27B3F84,4,"['Arena', 'Museo Lapidario', 'Castelvecchio', 'Casa Giulietta', 'San Fermo']",Duomo,"['AMO', 'Museo Miniscalchi', 'Santa Anastasia', 'Teatro Romano', 'Palazzo della Ragione']",Tomba Giulietta,strategy_nearest,False,0.0021440982818603516,success
0483314A9C4C80,0,['Arena'],Castelvecchio,"['Museo Lapidario', 'Verona Tour', 'Museo Radio', 'San Zeno', 'Sighseeing']",San Zeno,strategy_nearest,True,0.0026848316192626953,success
04832E3A9C4C80,1,"['Casa Giulietta', 'Palazzo della Ragione', 'Torre Lamberti']",Arena,"['Verona Tour', 'Museo Lapidario', 'Museo Radio', 'San Fermo', 'Sighseeing']",Museo Lapidario,strategy_nearest,True,0.0034339427947998047,success
048335429C4C80,3,"['Santa Anastasia', 'Duomo']",San Fermo,"['Museo Storia', 'Museo Radio', 'Casa Giulietta', 'Centro Fotografia', 'Arena']",Casa Giulietta,strategy_nearest,True,0.0031397342681884766,success
04833D3A9C4C80,1,"['Castelvecchio', 'Arena', 'Torre Lamberti']",Palazzo della Ragione,"['AMO', 'Museo Conte', 'Centro Fotografia', 'Sighseeing', 'Santa Anastasia']",Santa Anastasia,strategy_nearest,True,0.002048015594482422,success
0483433A9C4C80,2,['Torre Lamberti'],Casa Giulietta,"['Centro Fotografia', 'Sighseeing', 'Museo Conte', 'Museo Radio', 'Palazzo della Ragione']",Giardino Giusti,strategy_nearest,False,0.0027000904083251953,success
0483453A9C4C80,1,"['Duomo', 'Santa Anastasia', 'Torre Lamberti', 'Casa Giulietta']",San Zeno,"['Castelvecchio', 'Verona Tour', 'Museo Lapidario', 'Arena', 'Museo Miniscalchi']",Palazzo della Ragione,strategy_nearest,False,0.0029001235961914062,success
048361429C4C80,0,['Torre Lamberti'],Casa Giulietta,"['Centro Fotografia', 'Sighseeing', 'Museo Conte', 'Museo Radio', 'Palazzo della Ragione']",Arena,strategy_nearest,False,0.0026750564575195312,success
04834B3A9C4C80,3,"['Arena', 'Casa Giulietta', 'Museo Lapidario', 'Tomba Giulietta']",Castelvecchio,"['Verona Tour', 'Museo Radio', 'San Zeno', 'Sighseeing', 'Museo Miniscalchi']",San Zeno,strategy_nearest,True,0.004101753234863281,success
048365429C4C80,0,['Castelvecchio'],Arena,"['Verona Tour', 'Museo Lapidario', 'Museo Radio', 'San Fermo', 'Casa Giulietta']",Museo Lapidario,strategy_nearest,True,0.003245830535888672,success
048376429C4C80,0,['Arena'],Casa Giulietta,"['Centro Fotografia', 'Sighseeing', 'Torre Lamberti', 'Museo Conte', 'Museo Radio']",Torre Lamberti,strategy_nearest,True,0.003983974456787109,success
0483773A9C4C80,3,['Arena'],Santa Anastasia,"['AMO', 'Museo Conte', 'Palazzo della Ragione', 'Teatro Romano', 'Centro Fotografia']",Duomo,strategy_nearest,False,0.001522064208984375,success
0483833A9C4C80,3,"['Arena', 'Casa Giulietta']",Teatro Romano,"['Santa Anastasia', 'Duomo', 'AMO', 'Palazzo della Ragione', 'Museo Conte']",Santa Anastasia,strategy_nearest,True,0.003988981246948242,success
04837A3A9C4C80,3,['Arena'],Casa Giulietta,"['Centro Fotografia', 'Sighseeing', 'Torre Lamberti', 'Museo Conte', 'Museo Radio']",Torre Lamberti,strategy_nearest,True,0.0023620128631591797,success
048383C27B3F80,0,"['Castelvecchio', 'Casa Giulietta']",Giardino Giusti,"['Santa Anastasia', 'Teatro Romano', 'Museo Conte', 'Centro Fotografia', 'Museo Storia']",Arena,strategy_nearest,False,0.002374887466430664,success
04838EC27B3F80,2,"['Duomo', 'Teatro Romano', 'Torre Lamberti']",San Fermo,"['Museo Storia', 'Museo Radio', 'Casa Giulietta', 'Centro Fotografia', 'Arena']",Palazzo della Ragione,strategy_nearest,False,0.002740144729614258,success
04838A4A9C4C80,1,"['Arena', 'Casa Giulietta']",Torre Lamberti,"['Sighseeing', 'Centro Fotografia', 'Museo Conte', 'Palazzo della Ragione', 'AMO']",Palazzo della Ragione,strategy_nearest,True,0.002000093460083008,success
048388C27B3F80,0,"['Castelvecchio', 'Casa Giulietta']",Giardino Giusti,"['Santa Anastasia', 'Teatro Romano', 'Museo Conte', 'Centro Fotografia', 'Museo Storia']",Arena,strategy_nearest,False,0.004438877105712891,success
04839AC27B3F80,2,"['Duomo', 'Teatro Romano', 'Torre Lamberti']",San Fermo,"['Museo Storia', 'Museo Radio', 'Casa Giulietta', 'Centro Fotografia', 'Arena']",Palazzo della Ragione,strategy_nearest,False,0.002282381057739258,success
0483A54A9C4C80,0,['Arena'],Casa Giulietta,"['Centro Fotografia', 'Sighseeing', 'Torre Lamberti', 'Museo Conte', 'Museo Radio']",Torre Lamberti,strategy_nearest,True,0.0030231475830078125,success
0483A04A9C4C80,0,['Arena'],Casa Giulietta,"['Centro Fotografia', 'Sighseeing', 'Torre Lamberti', 'Museo Conte', 'Museo Radio']",Santa Anastasia,strategy_nearest,False,0.002630949020385742,success
0483A6C27B3F80,1,"['Castelvecchio', 'Casa Giulietta', 'Torre Lamberti']",Palazzo della Ragione,"['AMO', 'Museo Conte', 'Centro Fotografia', 'Sighseeing', 'Santa Anastasia']",Arena,strategy_nearest,False,0.0027141571044921875,success
0483AB429C4C80,2,"['Torre Lamberti', 'Palazzo della Ragione']",Casa Giulietta,"['Centro Fotografia', 'Sighseeing', 'Museo Conte', 'Museo Radio', 'San Fermo']",San Fermo,strategy_nearest,True,0.0026412010192871094,success
0483AB4A9C4C80,2,['Museo Lapidario'],Castelvecchio,"['Verona Tour', 'Arena', 'Museo Radio', 'San Zeno', 'Sighseeing']",Torre Lamberti,strategy_nearest,False,0.0025396347045898438,success
0483B7429C4C80,1,"['Arena', 'San Fermo', 'Casa Giulietta']",Torre Lamberti,"['Sighseeing', 'Centro Fotografia', 'Museo Conte', 'Palazzo della Ragione', 'AMO']",Palazzo della Ragione,strategy_nearest,True,0.002065896987915039,success
0483BC3A9C4C80,0,['Castelvecchio'],Arena,"['Verona Tour', 'Museo Lapidario', 'Museo Radio', 'San Fermo', 'Casa Giulietta']",Casa Giulietta,strategy_nearest,True,0.0032129287719726562,success
0483B2C27B3F80,1,"['Castelvecchio', 'Casa Giulietta', 'Santa Anastasia']",Teatro Romano,"['Duomo', 'AMO', 'Palazzo della Ragione', 'Museo Conte', 'Centro Fotografia']",Duomo,strategy_nearest,True,0.0046541690826416016,success
0483BEC27B3F80,1,"['Palazzo della Ragione', 'Teatro Romano', 'Arena', 'Tomba Giulietta']",Casa Giulietta,"['Centro Fotografia', 'Sighseeing', 'Torre Lamberti', 'Museo Conte', 'Museo Radio']",Santa Anastasia,strategy_nearest,False,0.001497030258178711,success
0483CF429C4C80,1,"['Arena', 'Casa Giulietta', 'Palazzo della Ragione', 'Torre Lamberti']",Santa Anastasia,"['AMO', 'Museo Conte', 'Teatro Romano', 'Centro Fotografia', 'Duomo']",Duomo,strategy_nearest,True,0.0020151138305664062,success
0483D9C27B3F80,0,['Casa Giulietta'],Torre Lamberti,"['Sighseeing', 'Centro Fotografia', 'Museo Conte', 'Palazzo della Ragione', 'AMO']",Arena,strategy_nearest,False,0.002624034881591797,success
0483DD3A9C4C80,2,"['Casa Giulietta', 'Torre Lamberti', 'Palazzo della Ragione']",Tomba Giulietta,"['San Fermo', 'Museo Storia', 'Arena', 'Museo Lapidario', 'Museo Radio']",Castelvecchio,strategy_nearest,False,0.002502918243408203,success
0483D93A9C4C80,3,"['Arena', 'Castelvecchio', 'San Fermo', 'Casa Giulietta']",Santa Anastasia,"['AMO', 'Museo Conte', 'Palazzo della Ragione', 'Teatro Romano', 'Centro Fotografia']",Duomo,strategy_nearest,False,0.0035657882690429688,success
0483E13A9C4C80,2,['Casa Giulietta'],Palazzo della Ragione,"['AMO', 'Museo Conte', 'Torre Lamberti', 'Centro Fotografia', 'Sighseeing']",Torre Lamberti,strategy_nearest,True,0.0018527507781982422,success
0483E33A9C4C80,3,"['Arena', 'Torre Lamberti']",Casa Giulietta,"['Centro Fotografia', 'Sighseeing', 'Museo Conte', 'Museo Radio', 'Palazzo della Ragione']",Duomo,strategy_nearest,False,0.0025179386138916016,success
0483E43A9C4C80,1,"['Arena', 'Castelvecchio', 'San Fermo', 'Casa Giulietta']",Torre Lamberti,"['Sighseeing', 'Centro Fotografia', 'Museo Conte', 'Palazzo della Ragione', 'AMO']",Palazzo della Ragione,strategy_nearest,True,0.0026748180389404297,success
0483E3C27B3F80,1,"['Arena', 'Castelvecchio', 'Casa Giulietta']",San Fermo,"['Museo Storia', 'Museo Radio', 'Centro Fotografia', 'Sighseeing', 'Torre Lamberti']",Teatro Romano,strategy_nearest,False,0.0020630359649658203,success
0483EFC27B3F80,1,"['Arena', 'Castelvecchio', 'Casa Giulietta']",San Fermo,"['Museo Storia', 'Museo Radio', 'Centro Fotografia', 'Sighseeing', 'Torre Lamberti']",Teatro Romano,strategy_nearest,False,0.003451824188232422,success
0483F1429C4C80,3,"['Arena', 'Castelvecchio']",Casa Giulietta,"['Centro Fotografia', 'Sighseeing', 'Torre Lamberti', 'Museo Conte', 'Museo Radio']",Santa Anastasia,strategy_nearest,False,0.003083944320678711,success
0483FB3A9C4C80,2,['Casa Giulietta'],Duomo,"['AMO', 'Museo Miniscalchi', 'Santa Anastasia', 'Teatro Romano', 'Palazzo della Ragione']",Santa Anastasia,strategy_nearest,True,0.0032541751861572266,success
0483F73A9C4C80,3,"['Torre Lamberti', 'Arena']",San Fermo,"['Museo Storia', 'Museo Radio', 'Casa Giulietta', 'Centro Fotografia', 'Sighseeing']",Santa Anastasia,strategy_nearest,False,0.0024771690368652344,success
0483FD3A9C4C80,3,"['Museo Lapidario', 'Arena', 'Castelvecchio']",Santa Anastasia,"['AMO', 'Museo Conte', 'Palazzo della Ragione', 'Teatro Romano', 'Centro Fotografia']",Teatro Romano,strategy_nearest,True,0.0031862258911132812,success
048402429C4C84,3,"['Arena', 'Torre Lamberti', 'San Fermo']",Teatro Romano,"['Santa Anastasia', 'Duomo', 'AMO', 'Palazzo della Ragione', 'Museo Conte']",Duomo,strategy_nearest,True,0.0030121803283691406,success
0484023A9C4C84,3,"['Arena', 'Torre Lamberti']",Santa Anastasia,"['AMO', 'Museo Conte', 'Palazzo della Ragione', 'Teatro Romano', 'Centro Fotografia']",Duomo,strategy_nearest,False,0.0034189224243164062,success
048405429C4C84,0,['Arena'],Castelvecchio,"['Museo Lapidario', 'Verona Tour', 'Museo Radio', 'San Zeno', 'Sighseeing']",San Zeno,strategy_nearest,True,0.0030670166015625,success
04840E429C4C80,3,['Arena'],Casa Giulietta,"['Centro Fotografia', 'Sighseeing', 'Torre Lamberti', 'Museo Conte', 'Museo Radio']",Santa Anastasia,strategy_nearest,False,0.002229928970336914,success
04841C429C4C80,3,"['San Fermo', 'Casa Giulietta', 'Santa Anastasia']",Duomo,"['AMO', 'Museo Miniscalchi', 'Teatro Romano', 'Palazzo della Ragione', 'Museo Conte']",Arena,strategy_nearest,False,0.0026121139526367188,success
04840A429C4C80,1,"['Arena', 'Casa Giulietta']",Palazzo della Ragione,"['AMO', 'Museo Conte', 'Torre Lamberti', 'Centro Fotografia', 'Sighseeing']",Santa Anastasia,strategy_nearest,False,0.0047740936279296875,success
0484163A9C4C80,1,"['Castelvecchio', 'San Zeno', 'Duomo', 'Santa Anastasia']",Torre Lamberti,"['Sighseeing', 'Centro Fotografia', 'Museo Conte', 'Casa Giulietta', 'Palazzo della Ragione']",San Fermo,strategy_nearest,False,0.001547098159790039,success
0484213A9C4C84,0,['Teatro Romano'],Casa Giulietta,"['Centro Fotografia', 'Sighseeing', 'Torre Lamberti', 'Museo Conte', 'Museo Radio']",Arena,strategy_nearest,False,0.0021162033081054688,success
0484273A9C4C84,3,"['Arena', 'Casa Giulietta']",Torre Lamberti,"['Sighseeing', 'Centro Fotografia', 'Museo Conte', 'Palazzo della Ragione', 'AMO']",Santa Anastasia,strategy_nearest,False,0.0031671524047851562,success
0484263A9C4C80,0,"['Arena', 'Castelvecchio']",Casa Giulietta,"['Centro Fotografia', 'Sighseeing', 'Torre Lamberti', 'Museo Conte', 'Museo Radio']",Torre Lamberti,strategy_nearest,True,0.002627134323120117,success
0484263A9C4C84,3,"['Arena', 'Casa Giulietta']",Torre Lamberti,"['Sighseeing', 'Centro Fotografia', 'Museo Conte', 'Palazzo della Ragione', 'AMO']",Santa Anastasia,strategy_nearest,False,0.0028557777404785156,success
0484453A9C4C80,1,"['Arena', 'Casa Giulietta', 'Santa Anastasia', 'Museo Lapidario']",Castelvecchio,"['Verona Tour', 'Museo Radio', 'San Zeno', 'Sighseeing', 'Museo Miniscalchi']",Tomba Giulietta,strategy_nearest,False,0.001990079879760742,success
0484443A9C4C80,0,['Arena'],Castelvecchio,"['Museo Lapidario', 'Verona Tour', 'Museo Radio', 'San Zeno', 'Sighseeing']",Teatro Romano,strategy_nearest,False,0.0014319419860839844,success
04843F3A9C4C80,0,['Torre Lamberti'],Duomo,"['AMO', 'Museo Miniscalchi', 'Santa Anastasia', 'Teatro Romano', 'Palazzo della Ragione']",Arena,strategy_nearest,False,0.0033228397369384766,success
0484473A9C4C80,0,['Arena'],San Zeno,"['Castelvecchio', 'Verona Tour', 'Museo Lapidario', 'Museo Miniscalchi', 'Sighseeing']",Castelvecchio,strategy_nearest,True,0.004987001419067383,success
048465429C4C80,2,['Castelvecchio'],Torre Lamberti,"['Sighseeing', 'Centro Fotografia', 'Museo Conte', 'Casa Giulietta', 'Palazzo della Ragione']",Palazzo della Ragione,strategy_nearest,True,0.003167867660522461,success
0484783A9C4C80,3,['Arena'],Casa Giulietta,"['Centro Fotografia', 'Sighseeing', 'Torre Lamberti', 'Museo Conte', 'Museo Radio']",Santa Anastasia,strategy_nearest,False,0.003373861312866211,success
04847D3A9C4C80,0,['Casa Giulietta'],Duomo,"['AMO', 'Museo Miniscalchi', 'Santa Anastasia', 'Teatro Romano', 'Palazzo della Ragione']",Teatro Romano,strategy_nearest,True,0.0025849342346191406,success
04846B429C4C80,3,"['Arena', 'Museo Lapidario']",Casa Giulietta,"['Centro Fotografia', 'Sighseeing', 'Torre Lamberti', 'Museo Conte', 'Museo Radio']",Santa Anastasia,strategy_nearest,False,0.002201080322265625,success
04846D429C4C80,0,['Arena'],Castelvecchio,"['Museo Lapidario', 'Verona Tour', 'Museo Radio', 'San Zeno', 'Sighseeing']",Torre Lamberti,strategy_nearest,False,0.004138946533203125,success
0484813A9C4C80,2,['Museo Lapidario'],Castelvecchio,"['Verona Tour', 'Arena', 'Museo Radio', 'San Zeno', 'Sighseeing']",Casa Giulietta,strategy_nearest,False,0.0015249252319335938,success
0484833A9C4C80,0,['Teatro Romano'],Arena,"['Verona Tour', 'Museo Lapidario', 'Museo Radio', 'San Fermo', 'Casa Giulietta']",Castelvecchio,strategy_nearest,False,0.002783060073852539,success
048480429C4C80,0,['Castelvecchio'],Arena,"['Verona Tour', 'Museo Lapidario', 'Museo Radio', 'San Fermo', 'Casa Giulietta']",Casa Giulietta,strategy_nearest,True,0.0023550987243652344,success
048483BA7B3F80,0,['Torre Lamberti'],Duomo,"['AMO', 'Museo Miniscalchi', 'Santa Anastasia', 'Teatro Romano', 'Palazzo della Ragione']",Arena,strategy_nearest,False,0.0033028125762939453,success
0484853A9C4C80,0,['Arena'],Casa Giulietta,"['Centro Fotografia', 'Sighseeing', 'Torre Lamberti', 'Museo Conte', 'Museo Radio']",Castelvecchio,strategy_nearest,False,0.0031087398529052734,success
0484893A9C4C80,3,"['Arena', 'Museo Lapidario', 'Casa Giulietta']",Torre Lamberti,"['Sighseeing', 'Centro Fotografia', 'Museo Conte', 'Palazzo della Ragione', 'AMO']",Torre Lamberti,strategy_nearest,False,0.0027570724487304688,success
048499C27B3F80,0,"['Tomba Giulietta', 'Arena']",Casa Giulietta,"['Centro Fotografia', 'Sighseeing', 'Torre Lamberti', 'Museo Conte', 'Museo Radio']",Torre Lamberti,strategy_nearest,True,0.0026428699493408203,success
04848D4A9C4C80,0,['Arena'],Duomo,"['AMO', 'Museo Miniscalchi', 'Santa Anastasia', 'Teatro Romano', 'Palazzo della Ragione']",Teatro Romano,strategy_nearest,True,0.0035600662231445312,success
04849CC27B3F80,4,"['Arena', 'Museo Lapidario', 'Castelvecchio', 'Casa Giulietta', 'San Fermo']",Duomo,"['AMO', 'Museo Miniscalchi', 'Santa Anastasia', 'Teatro Romano', 'Palazzo della Ragione']",Tomba Giulietta,strategy_nearest,False,0.003320932388305664,success
0484A84A9C4C80,1,"['Arena', 'Casa Giulietta']",Torre Lamberti,"['Sighseeing', 'Centro Fotografia', 'Museo Conte', 'Palazzo della Ragione', 'AMO']",Palazzo della Ragione,strategy_nearest,True,0.0022478103637695312,success
0484AF3A9C4C80,3,"['Torre Lamberti', 'Santa Anastasia']",Arena,"['Verona Tour', 'Museo Lapidario', 'Museo Radio', 'San Fermo', 'Casa Giulietta']",Casa Giulietta,strategy_nearest,True,0.0022428035736083984,success
0484A83A9C4C80,0,"['Tomba Giulietta', 'Arena', 'Museo Lapidario']",Casa Giulietta,"['Centro Fotografia', 'Sighseeing', 'Torre Lamberti', 'Museo Conte', 'Museo Radio']",San Fermo,strategy_nearest,False,0.004354953765869141,success
0484B4429C4C80,0,['Arena'],Casa Giulietta,"['Centro Fotografia', 'Sighseeing', 'Torre Lamberti', 'Museo Conte', 'Museo Radio']",Castelvecchio,strategy_nearest,False,0.0025391578674316406,success
0484B73A9C4C80,1,"['Casa Giulietta', 'Teatro Romano']",Torre Lamberti,"['Sighseeing', 'Centro Fotografia', 'Museo Conte', 'Palazzo della Ragione', 'AMO']",Palazzo della Ragione,strategy_nearest,True,0.0037441253662109375,success
0484B5429C4C80,2,['Casa Giulietta'],Santa Anastasia,"['AMO', 'Museo Conte', 'Palazzo della Ragione', 'Teatro Romano', 'Centro Fotografia']",San Zeno,strategy_nearest,False,0.0022373199462890625,success
0484BD3A9C4C80,0,['Arena'],Castelvecchio,"['Museo Lapidario', 'Verona Tour', 'Museo Radio', 'San Zeno', 'Sighseeing']",Casa Giulietta,strategy_nearest,False,0.0032820701599121094,success
0484B8429C4C80,2,"['Torre Lamberti', 'Museo Storia', 'San Fermo']",Tomba Giulietta,"['Arena', 'Museo Lapidario', 'Museo Radio', 'Verona Tour', 'Casa Giulietta']",San Zeno,strategy_nearest,False,0.0023517608642578125,success
0484D3429C4C80,1,['Arena'],Casa Giulietta,"['Centro Fotografia', 'Sighseeing', 'Torre Lamberti', 'Museo Conte', 'Museo Radio']",Torre Lamberti,strategy_nearest,True,0.0014009475708007812,success
0484C3429C4C80,1,"['Casa Giulietta', 'Arena']",Castelvecchio,"['Museo Lapidario', 'Verona Tour', 'Museo Radio', 'San Zeno', 'Sighseeing']",Palazzo della Ragione,strategy_nearest,False,0.002836942672729492,success
0484D1429C4C80,5,"['Arena', 'Santa Anastasia', 'Duomo', 'Castelvecchio']",Tomba Giulietta,"['San Fermo', 'Museo Storia', 'Museo Lapidario', 'Museo Radio', 'Verona Tour']",San Zeno,strategy_nearest,False,0.002104043960571289,success
0484D53A9C4C80,0,"['Teatro Romano', 'Giardino Giusti']",Casa Giulietta,"['Centro Fotografia', 'Sighseeing', 'Torre Lamberti', 'Museo Conte', 'Museo Radio']",Arena,strategy_nearest,False,0.0032241344451904297,success
0484E73A9C4C80,0,['Castelvecchio'],Arena,"['Verona Tour', 'Museo Lapidario', 'Museo Radio', 'San Fermo', 'Casa Giulietta']",Casa Giulietta,strategy_nearest,True,0.0025980472564697266,success
0484E33A9C4C80,3,"['Torre Lamberti', 'Santa Anastasia', 'Duomo']",Teatro Romano,"['AMO', 'Palazzo della Ragione', 'Museo Conte', 'Centro Fotografia', 'Museo Miniscalchi']",Casa Giulietta,strategy_nearest,False,0.002254009246826172,success
0484DA3A9C4C80,0,"['Arena', 'Castelvecchio']",Duomo,"['AMO', 'Museo Miniscalchi', 'Santa Anastasia', 'Teatro Romano', 'Palazzo della Ragione']",Torre Lamberti,strategy_nearest,False,0.004287004470825195,success
0484FA3A9C4C80,0,['Arena'],Torre Lamberti,"['Sighseeing', 'Centro Fotografia', 'Museo Conte', 'Casa Giulietta', 'Palazzo della Ragione']",Castelvecchio,strategy_nearest,False,0.0031888484954833984,success
0484FD3A9C4C80,1,"['Arena', 'Torre Lamberti', 'Palazzo della Ragione']",Casa Giulietta,"['Centro Fotografia', 'Sighseeing', 'Museo Conte', 'Museo Radio', 'San Fermo']",Museo Lapidario,strategy_nearest,False,0.0020742416381835938,success
0484FB3A9C4C80,3,['Casa Giulietta'],Torre Lamberti,"['Sighseeing', 'Centro Fotografia', 'Museo Conte', 'Palazzo della Ragione', 'AMO']",Santa Anastasia,strategy_nearest,False,0.002767801284790039,success
048507C27B3F84,1,"['Arena', 'Casa Giulietta', 'Torre Lamberti', 'Palazzo della Ragione']",Teatro Romano,"['Santa Anastasia', 'Duomo', 'AMO', 'Museo Conte', 'Centro Fotografia']",Duomo,strategy_nearest,True,0.0035619735717773438,success
04850D429C4C80,3,"['Santa Anastasia', 'Duomo']",Torre Lamberti,"['Sighseeing', 'Centro Fotografia', 'Museo Conte', 'Casa Giulietta', 'Palazzo della Ragione']",Casa Giulietta,strategy_nearest,True,0.004335165023803711,success
0485113A9C4C80,3,"['Arena', 'Castelvecchio']",Casa Giulietta,"['Centro Fotografia', 'Sighseeing', 'Torre Lamberti', 'Museo Conte', 'Museo Radio']",Santa Anastasia,strategy_nearest,False,0.0046808719635009766,success
048511429C4C80,3,['Arena'],Casa Giulietta,"['Centro Fotografia', 'Sighseeing', 'Torre Lamberti', 'Museo Conte', 'Museo Radio']",Santa Anastasia,strategy_nearest,False,0.0038809776306152344,success
048513C27B3F84,1,"['Arena', 'Casa Giulietta', 'Torre Lamberti', 'Palazzo della Ragione']",Teatro Romano,"['Santa Anastasia', 'Duomo', 'AMO', 'Museo Conte', 'Centro Fotografia']",Duomo,strategy_nearest,True,0.002318859100341797,success
0485113A9C4C84,3,"['Arena', 'Santa Anastasia']",Duomo,"['AMO', 'Museo Miniscalchi', 'Teatro Romano', 'Palazzo della Ragione', 'Museo Conte']",Castelvecchio,strategy_nearest,False,0.002531766891479492,success
0485143A9C4C84,3,"['Arena', 'Casa Giulietta']",San Fermo,"['Museo Storia', 'Museo Radio', 'Centro Fotografia', 'Sighseeing', 'Torre Lamberti']",Santa Anastasia,strategy_nearest,False,0.0033409595489501953,success
04851E429C4C84,2,"['Casa Giulietta', 'Torre Lamberti', 'Santa Anastasia']",Teatro Romano,"['Duomo', 'AMO', 'Palazzo della Ragione', 'Museo Conte', 'Centro Fotografia']",Castelvecchio,strategy_nearest,False,0.0026988983154296875,success
04851A3A9C4C84,1,"['Arena', 'Casa Giulietta', 'Torre Lamberti']",Palazzo della Ragione,"['AMO', 'Museo Conte', 'Centro Fotografia', 'Sighseeing', 'Santa Anastasia']",Santa Anastasia,strategy_nearest,True,0.0012750625610351562,success
04851C3A9C4C80,0,['Arena'],Torre Lamberti,"['Sighseeing', 'Centro Fotografia', 'Museo Conte', 'Casa Giulietta', 'Palazzo della Ragione']",Teatro Romano,strategy_nearest,False,0.003715038299560547,success
04851B4A9C4C80,3,"['Torre Lamberti', 'Santa Anastasia']",Duomo,"['AMO', 'Museo Miniscalchi', 'Teatro Romano', 'Palazzo della Ragione', 'Museo Conte']",Arena,strategy_nearest,False,0.0022568702697753906,success
04851FC27B3F84,1,"['Arena', 'Casa Giulietta', 'Torre Lamberti', 'Torre Lamberti']",Palazzo della Ragione,"['AMO', 'Museo Conte', 'Centro Fotografia', 'Sighseeing', 'Santa Anastasia']",Santa Anastasia,strategy_nearest,True,0.0021009445190429688,success
04851F3A9C4C84,3,['Arena'],Casa Giulietta,"['Centro Fotografia', 'Sighseeing', 'Torre Lamberti', 'Museo Conte', 'Museo Radio']",Torre Lamberti,strategy_nearest,True,0.003420114517211914,success
0485213A9C4C84,3,"['Arena', 'Casa Giulietta', 'Torre Lamberti', 'Tomba Giulietta']",Santa Anastasia,"['AMO', 'Museo Conte', 'Palazzo della Ragione', 'Teatro Romano', 'Centro Fotografia']",Duomo,strategy_nearest,False,0.0018100738525390625,success
04852A4A9C4C80,3,"['Torre Lamberti', 'Santa Anastasia']",Duomo,"['AMO', 'Museo Miniscalchi', 'Teatro Romano', 'Palazzo della Ragione', 'Museo Conte']",Arena,strategy_nearest,False,0.0019369125366210938,success
048522429C4C84,1,"['Arena', 'Casa Giulietta', 'Santa Anastasia', 'Torre Lamberti']",Palazzo della Ragione,"['AMO', 'Museo Conte', 'Centro Fotografia', 'Sighseeing', 'Museo Miniscalchi']",Tomba Giulietta,strategy_nearest,False,0.0035691261291503906,success
04853E3A9C4C80,3,"['Arena', 'Torre Lamberti', 'Santa Anastasia']",Duomo,"['AMO', 'Museo Miniscalchi', 'Teatro Romano', 'Palazzo della Ragione', 'Museo Conte']",Teatro Romano,strategy_nearest,True,0.002847909927368164,success
0485473A9C4C80,3,"['Casa Giulietta', 'Arena']",Teatro Romano,"['Santa Anastasia', 'Duomo', 'AMO', 'Palazzo della Ragione', 'Museo Conte']",Duomo,strategy_nearest,True,0.0025300979614257812,success
04853E429C4C80,1,"['Arena', 'Casa Giulietta']",Torre Lamberti,"['Sighseeing', 'Centro Fotografia', 'Museo Conte', 'Palazzo della Ragione', 'AMO']",Palazzo della Ragione,strategy_nearest,True,0.0032660961151123047,success
048554429C4C80,3,"['Arena', 'Torre Lamberti']",Santa Anastasia,"['AMO', 'Museo Conte', 'Palazzo della Ragione', 'Teatro Romano', 'Centro Fotografia']",Duomo,strategy_nearest,False,0.002553224563598633,success
048555429C4C80,1,"['Arena', 'Casa Giulietta', 'Torre Lamberti']",Palazzo della Ragione,"['AMO', 'Museo Conte', 'Centro Fotografia', 'Sighseeing', 'Santa Anastasia']",Santa Anastasia,strategy_nearest,True,0.002215862274169922,success
0485553A9C4C80,0,['Tomba Giulietta'],Arena,"['Verona Tour', 'Museo Lapidario', 'Museo Radio', 'San Fermo', 'Casa Giulietta']",Casa Giulietta,strategy_nearest,True,0.003038167953491211,success
04855E429C4C80,1,"['Arena', 'Casa Giulietta', 'Torre Lamberti']",Palazzo della Ragione,"['AMO', 'Museo Conte', 'Centro Fotografia', 'Sighseeing', 'Santa Anastasia']",Santa Anastasia,strategy_nearest,True,0.00351715087890625,success
048568429C4C80,3,"['Arena', 'Casa Giulietta']",Torre Lamberti,"['Sighseeing', 'Centro Fotografia', 'Museo Conte', 'Palazzo della Ragione', 'AMO']",Duomo,strategy_nearest,False,0.0024318695068359375,success
04856D429C4C80,2,['Torre Lamberti'],Teatro Romano,"['Santa Anastasia', 'Duomo', 'AMO', 'Palazzo della Ragione', 'Museo Conte']",Duomo,strategy_nearest,True,0.0027360916137695312,success
0485883A9C4C80,1,"['Arena', 'Torre Lamberti']",Palazzo della Ragione,"['AMO', 'Museo Conte', 'Centro Fotografia', 'Sighseeing', 'Santa Anastasia']",Casa Giulietta,strategy_nearest,False,0.0031778812408447266,success
04859B4A9C4C80,0,['Torre Lamberti'],Casa Giulietta,"['Centro Fotografia', 'Sighseeing', 'Museo Conte', 'Museo Radio', 'Palazzo della Ragione']",Arena,strategy_nearest,False,0.0021212100982666016,success
04858A4A9C4C80,3,"['Arena', 'Duomo', 'Teatro Romano']",Santa Anastasia,"['AMO', 'Museo Conte', 'Palazzo della Ragione', 'Centro Fotografia', 'Torre Lamberti']",Torre Lamberti,strategy_nearest,True,0.004151105880737305,success
0485894A9C4C80,1,"['Castelvecchio', 'Arena']",Torre Lamberti,"['Sighseeing', 'Centro Fotografia', 'Museo Conte', 'Casa Giulietta', 'Palazzo della Ragione']",Palazzo della Ragione,strategy_nearest,True,0.0026559829711914062,success
0485AE429C4C80,1,"['Torre Lamberti', 'Palazzo della Ragione']",Casa Giulietta,"['Centro Fotografia', 'Sighseeing', 'Museo Conte', 'Museo Radio', 'San Fermo']",Arena,strategy_nearest,False,0.0027391910552978516,success
0485B03A9C4C80,0,['Castelvecchio'],Arena,"['Verona Tour', 'Museo Lapidario', 'Museo Radio', 'San Fermo', 'Casa Giulietta']",Casa Giulietta,strategy_nearest,True,0.002421140670776367,success
0485B3429C4C80,1,"['Arena', 'Torre Lamberti', 'Palazzo della Ragione']",Casa Giulietta,"['Centro Fotografia', 'Sighseeing', 'Museo Conte', 'Museo Radio', 'San Fermo']",Santa Anastasia,strategy_nearest,False,0.001912832260131836,success
0485B73A9C4C80,1,"['Arena', 'Casa Giulietta']",Palazzo della Ragione,"['AMO', 'Museo Conte', 'Torre Lamberti', 'Centro Fotografia', 'Sighseeing']",Santa Anastasia,strategy_nearest,False,0.0028600692749023438,success
0485BA429C4C80,3,"['Tomba Giulietta', 'Arena']",Torre Lamberti,"['Sighseeing', 'Centro Fotografia', 'Museo Conte', 'Casa Giulietta', 'Palazzo della Ragione']",Casa Giulietta,strategy_nearest,True,0.002727031707763672,success
0485B93A9C4C80,1,"['Arena', 'Casa Giulietta']",Torre Lamberti,"['Sighseeing', 'Centro Fotografia', 'Museo Conte', 'Palazzo della Ragione', 'AMO']",Palazzo della Ragione,strategy_nearest,True,0.0036039352416992188,success
0485BC3A9C4C80,3,"['Santa Anastasia', 'Duomo']",Casa Giulietta,"['Centro Fotografia', 'Sighseeing', 'Torre Lamberti', 'Museo Conte', 'Museo Radio']",Arena,strategy_nearest,False,0.0039348602294921875,success
0485C43A9C4C80,1,"['Arena', 'Palazzo della Ragione']",Torre Lamberti,"['Sighseeing', 'Centro Fotografia', 'Museo Conte', 'Casa Giulietta', 'AMO']",Casa Giulietta,strategy_nearest,True,0.0017690658569335938,success
0485BD3A9C4C80,3,"['Castelvecchio', 'San Zeno']",Arena,"['Verona Tour', 'Museo Lapidario', 'Museo Radio', 'San Fermo', 'Casa Giulietta']",Santa Anastasia,strategy_nearest,False,0.0033359527587890625,success
0485C3429C4C80,3,"['Torre Lamberti', 'Duomo']",Santa Anastasia,"['AMO', 'Museo Conte', 'Palazzo della Ragione', 'Teatro Romano', 'Centro Fotografia']",Arena,strategy_nearest,False,0.0026350021362304688,success
0485C93A9C4C80,3,"['Arena', 'Casa Giulietta']",Torre Lamberti,"['Sighseeing', 'Centro Fotografia', 'Museo Conte', 'Palazzo della Ragione', 'AMO']",Duomo,strategy_nearest,False,0.0034639835357666016,success
0485E93A9C4C80,2,"['Torre Lamberti', 'Museo Storia', 'San Fermo']",Tomba Giulietta,"['Arena', 'Museo Lapidario', 'Museo Radio', 'Verona Tour', 'Casa Giulietta']",San Zeno,strategy_nearest,False,0.002368927001953125,success
0485D6429C4C80,3,"['Casa Giulietta', 'Torre Lamberti', 'Santa Anastasia', 'Duomo', 'Teatro Romano']",San Zeno,"['Castelvecchio', 'Verona Tour', 'Museo Lapidario', 'Arena', 'Museo Miniscalchi']",Castelvecchio,strategy_nearest,True,0.0024929046630859375,success
0485DD3A9C4C80,1,['Arena'],Duomo,"['AMO', 'Museo Miniscalchi', 'Santa Anastasia', 'Teatro Romano', 'Palazzo della Ragione']",Palazzo della Ragione,strategy_nearest,True,0.003317117691040039,success
0485EB429C4C80,2,['Castelvecchio'],Torre Lamberti,"['Sighseeing', 'Centro Fotografia', 'Museo Conte', 'Casa Giulietta', 'Palazzo della Ragione']",Giardino Giusti,strategy_nearest,False,0.003172159194946289,success
0485EFC27B3F80,1,"['Arena', 'Torre Lamberti', 'Palazzo della Ragione', 'Santa Anastasia']",Duomo,"['AMO', 'Museo Miniscalchi', 'Teatro Romano', 'Museo Conte', 'Centro Fotografia']",Teatro Romano,strategy_nearest,True,0.002346038818359375,success
0485F33A9C4C80,3,"['Arena', 'Castelvecchio']",Santa Anastasia,"['AMO', 'Museo Conte', 'Palazzo della Ragione', 'Teatro Romano', 'Centro Fotografia']",Casa Giulietta,strategy_nearest,False,0.0021209716796875,success
0485FBC27B3F80,1,"['Arena', 'Casa Giulietta', 'Torre Lamberti', 'Palazzo della Ragione']",Teatro Romano,"['Santa Anastasia', 'Duomo', 'AMO', 'Museo Conte', 'Centro Fotografia']",Duomo,strategy_nearest,True,0.0033540725708007812,success
0485F8C27B3F80,0,"['Tomba Giulietta', 'Arena']",Casa Giulietta,"['Centro Fotografia', 'Sighseeing', 'Torre Lamberti', 'Museo Conte', 'Museo Radio']",Torre Lamberti,strategy_nearest,True,0.002975940704345703,success
0485FDC27B3F80,2,['San Zeno'],Torre Lamberti,"['Sighseeing', 'Centro Fotografia', 'Museo Conte', 'Casa Giulietta', 'Palazzo della Ragione']",Casa Giulietta,strategy_nearest,True,0.0030219554901123047,success
048608429C4C80,0,"['Castelvecchio', 'Arena']",Casa Giulietta,"['Centro Fotografia', 'Sighseeing', 'Torre Lamberti', 'Museo Conte', 'Museo Radio']",Torre Lamberti,strategy_nearest,True,0.0020508766174316406,success
04860C429C4C80,1,"['Arena', 'Casa Giulietta']",Palazzo della Ragione,"['AMO', 'Museo Conte', 'Torre Lamberti', 'Centro Fotografia', 'Sighseeing']",Torre Lamberti,strategy_nearest,True,0.002836942672729492,success
04860E3A9C4C80,0,['Arena'],Teatro Romano,"['Santa Anastasia', 'Duomo', 'AMO', 'Palazzo della Ragione', 'Museo Conte']",Tomba Giulietta,strategy_nearest,False,0.003921031951904297,success
04860D3A9C4C84,3,"['Arena', 'Castelvecchio']",Teatro Romano,"['Santa Anastasia', 'Duomo', 'AMO', 'Palazzo della Ragione', 'Museo Conte']",Santa Anastasia,strategy_nearest,True,0.002741098403930664,success
04860F3A9C4C80,3,"['Arena', 'Castelvecchio']",Teatro Romano,"['Santa Anastasia', 'Duomo', 'AMO', 'Palazzo della Ragione', 'Museo Conte']",Duomo,strategy_nearest,True,0.0029518604278564453,success
048616429C4C84,1,"['Arena', 'Torre Lamberti', 'Palazzo della Ragione']",San Zeno,"['Castelvecchio', 'Verona Tour', 'Museo Lapidario', 'Museo Miniscalchi', 'Sighseeing']",Castelvecchio,strategy_nearest,True,0.003560781478881836,success
048614429C4C80,3,"['Castelvecchio', 'Arena']",Torre Lamberti,"['Sighseeing', 'Centro Fotografia', 'Museo Conte', 'Casa Giulietta', 'Palazzo della Ragione']",Casa Giulietta,strategy_nearest,True,0.004901885986328125,success
0486153A9C4C84,1,['Arena'],Palazzo della Ragione,"['AMO', 'Museo Conte', 'Torre Lamberti', 'Centro Fotografia', 'Sighseeing']",Castelvecchio,strategy_nearest,False,0.0027740001678466797,success
048617429C4C80,1,"['Arena', 'Torre Lamberti', 'Palazzo della Ragione', 'Santa Anastasia', 'Duomo']",Giardino Giusti,"['Teatro Romano', 'Museo Conte', 'Centro Fotografia', 'Museo Storia', 'AMO']",San Zeno,strategy_nearest,False,0.002213716506958008,success
0486183A9C4C84,1,"['Arena', 'San Zeno', 'Castelvecchio']",Casa Giulietta,"['Centro Fotografia', 'Sighseeing', 'Torre Lamberti', 'Museo Conte', 'Museo Radio']",Duomo,strategy_nearest,False,0.002162933349609375,success
048619429C4C80,2,['Torre Lamberti'],Casa Giulietta,"['Centro Fotografia', 'Sighseeing', 'Museo Conte', 'Museo Radio', 'Palazzo della Ragione']",Santa Anastasia,strategy_nearest,False,0.002821207046508789,success
04861C429C4C84,0,['Casa Giulietta'],Arena,"['Verona Tour', 'Museo Lapidario', 'Museo Radio', 'San Fermo', 'Sighseeing']",Museo Lapidario,strategy_nearest,True,0.003231048583984375,success
04861F3A9C4C80,0,['Arena'],Museo Lapidario,"['Verona Tour', 'Castelvecchio', 'Museo Radio', 'San Fermo', 'Casa Giulietta']",Casa Giulietta,strategy_nearest,True,0.0026607513427734375,success
0486213A9C4C80,0,['Teatro Romano'],Arena,"['Verona Tour', 'Museo Lapidario', 'Museo Radio', 'San Fermo', 'Casa Giulietta']",Castelvecchio,strategy_nearest,False,0.0026929378509521484,success
0486253A9C4C84,1,"['Arena', 'San Fermo', 'Casa Giulietta']",Torre Lamberti,"['Sighseeing', 'Centro Fotografia', 'Museo Conte', 'Palazzo della Ragione', 'AMO']",Palazzo della Ragione,strategy_nearest,True,0.0032677650451660156,success
04862AC27B3F84,1,"['Arena', 'Castelvecchio', 'Casa Giulietta', 'Palazzo della Ragione']",Torre Lamberti,"['Sighseeing', 'Centro Fotografia', 'Museo Conte', 'AMO', 'Museo Miniscalchi']",Santa Anastasia,strategy_nearest,False,0.002588987350463867,success
0486234A9C4C80,1,"['Arena', 'Casa Giulietta', 'Teatro Romano']",Torre Lamberti,"['Sighseeing', 'Centro Fotografia', 'Museo Conte', 'Palazzo della Ragione', 'AMO']",Museo Lapidario,strategy_nearest,False,0.0026900768280029297,success
0486324A9C4C80,1,"['Arena', 'San Fermo', 'Casa Giulietta', 'Palazzo della Ragione']",Santa Anastasia,"['AMO', 'Museo Conte', 'Teatro Romano', 'Centro Fotografia', 'Duomo']",Duomo,strategy_nearest,True,0.0031490325927734375,success
04864F3A9C4C80,1,"['Torre Lamberti', 'Palazzo della Ragione', 'Casa Giulietta']",San Fermo,"['Museo Storia', 'Museo Radio', 'Centro Fotografia', 'Arena', 'Sighseeing']",Arena,strategy_nearest,True,0.002123117446899414,success
0486443A9C4C80,1,"['Arena', 'Casa Giulietta']",Palazzo della Ragione,"['AMO', 'Museo Conte', 'Torre Lamberti', 'Centro Fotografia', 'Sighseeing']",Torre Lamberti,strategy_nearest,True,0.0021500587463378906,success
04863E3A9C4C80,1,"['Casa Giulietta', 'Torre Lamberti', 'Palazzo della Ragione', 'Duomo']",Teatro Romano,"['Santa Anastasia', 'AMO', 'Museo Conte', 'Centro Fotografia', 'Museo Miniscalchi']",Museo Lapidario,strategy_nearest,False,0.004203081130981445,success
0486503A9C4C80,0,['Torre Lamberti'],Arena,"['Verona Tour', 'Museo Lapidario', 'Museo Radio', 'San Fermo', 'Casa Giulietta']",San Fermo,strategy_nearest,True,0.002740144729614258,success
048651429C4C80,3,['Arena'],Casa Giulietta,"['Centro Fotografia', 'Sighseeing', 'Torre Lamberti', 'Museo Conte', 'Museo Radio']",Torre Lamberti,strategy_nearest,True,0.0020170211791992188,success
048650429C4C80,0,['Arena'],Casa Giulietta,"['Centro Fotografia', 'Sighseeing', 'Torre Lamberti', 'Museo Conte', 'Museo Radio']",Torre Lamberti,strategy_nearest,True,0.002981901168823242,success
04866A429C4C80,2,"['Santa Anastasia', 'Teatro Romano']",Duomo,"['AMO', 'Museo Miniscalchi', 'Palazzo della Ragione', 'Museo Conte', 'Torre Lamberti']",Casa Giulietta,strategy_nearest,False,0.0025000572204589844,success
048674429C4C80,3,"['Arena', 'Casa Giulietta']",Santa Anastasia,"['AMO', 'Museo Conte', 'Palazzo della Ragione', 'Teatro Romano', 'Centro Fotografia']",Museo Lapidario,strategy_nearest,False,0.002652883529663086,success
0486753A9C4C80,1,"['Arena', 'Torre Lamberti', 'Palazzo della Ragione', 'Santa Anastasia']",Duomo,"['AMO', 'Museo Miniscalchi', 'Teatro Romano', 'Museo Conte', 'Centro Fotografia']",Teatro Romano,strategy_nearest,True,0.0032248497009277344,success
048675429C4C80,0,['Arena'],Torre Lamberti,"['Sighseeing', 'Centro Fotografia', 'Museo Conte', 'Casa Giulietta', 'Palazzo della Ragione']",Casa Giulietta,strategy_nearest,True,0.0029032230377197266,success
048677429C4C80,0,['Arena'],Casa Giulietta,"['Centro Fotografia', 'Sighseeing', 'Torre Lamberti', 'Museo Conte', 'Museo Radio']",Santa Anastasia,strategy_nearest,False,0.0032548904418945312,success
04867D3A9C4C80,1,['Casa Giulietta'],Palazzo della Ragione,"['AMO', 'Museo Conte', 'Torre Lamberti', 'Centro Fotografia', 'Sighseeing']",Torre Lamberti,strategy_nearest,True,0.0030210018157958984,success
04867E3A9C4C80,3,"['Arena', 'Castelvecchio']",Duomo,"['AMO', 'Museo Miniscalchi', 'Santa Anastasia', 'Teatro Romano', 'Palazzo della Ragione']",Teatro Romano,strategy_nearest,True,0.003339052200317383,success
04868B429C4C80,0,['Arena'],Castelvecchio,"['Museo Lapidario', 'Verona Tour', 'Museo Radio', 'San Zeno', 'Sighseeing']",Teatro Romano,strategy_nearest,False,0.0023658275604248047,success
04867F429C4C80,3,"['Arena', 'Casa Giulietta', 'Torre Lamberti']",Santa Anastasia,"['AMO', 'Museo Conte', 'Palazzo della Ragione', 'Teatro Romano', 'Centro Fotografia']",Duomo,strategy_nearest,False,0.0041620731353759766,success
0486894A9C4C80,3,"['Arena', 'Casa Giulietta', 'San Fermo']",Santa Anastasia,"['AMO', 'Museo Conte', 'Palazzo della Ragione', 'Teatro Romano', 'Centro Fotografia']",Duomo,strategy_nearest,False,0.002025127410888672,success
04868CC27B3F80,1,"['Museo Lapidario', 'Arena', 'San Fermo', 'Casa Giulietta']",Giardino Giusti,"['Santa Anastasia', 'Teatro Romano', 'Museo Conte', 'Centro Fotografia', 'Museo Storia']",Teatro Romano,strategy_nearest,True,0.0020439624786376953,success
04868D429C4C80,3,"['Arena', 'Tomba Giulietta', 'Castelvecchio']",Duomo,"['AMO', 'Museo Miniscalchi', 'Santa Anastasia', 'Teatro Romano', 'Palazzo della Ragione']",Teatro Romano,strategy_nearest,True,0.0028290748596191406,success
04868F429C4C80,3,['Arena'],Santa Anastasia,"['AMO', 'Museo Conte', 'Palazzo della Ragione', 'Teatro Romano', 'Centro Fotografia']",Duomo,strategy_nearest,False,0.0029151439666748047,success
048692429C4C80,3,"['Teatro Romano', 'Duomo']",Torre Lamberti,"['Sighseeing', 'Centro Fotografia', 'Museo Conte', 'Casa Giulietta', 'Palazzo della Ragione']",Casa Giulietta,strategy_nearest,True,0.004469156265258789,success
04869B429C4C80,3,"['Arena', 'Casa Giulietta']",Santa Anastasia,"['AMO', 'Museo Conte', 'Palazzo della Ragione', 'Teatro Romano', 'Centro Fotografia']",Castelvecchio,strategy_nearest,False,0.0018796920776367188,success
04869F4A9C4C80,1,"['Arena', 'Casa Giulietta']",Torre Lamberti,"['Sighseeing', 'Centro Fotografia', 'Museo Conte', 'Palazzo della Ragione', 'AMO']",Palazzo della Ragione,strategy_nearest,True,0.0034198760986328125,success
0486AB3A9C4C80,0,"['Casa Giulietta', 'Arena']",Museo Lapidario,"['Verona Tour', 'Castelvecchio', 'Museo Radio', 'San Fermo', 'Tomba Giulietta']",Tomba Giulietta,strategy_nearest,True,0.0033371448516845703,success
0486B23A9C4C80,1,"['Arena', 'Castelvecchio', 'Torre Lamberti']",Palazzo della Ragione,"['AMO', 'Museo Conte', 'Centro Fotografia', 'Sighseeing', 'Santa Anastasia']",Santa Anastasia,strategy_nearest,True,0.002070903778076172,success
0486BB429C4C80,0,['Torre Lamberti'],Arena,"['Verona Tour', 'Museo Lapidario', 'Museo Radio', 'San Fermo', 'Casa Giulietta']",Casa Giulietta,strategy_nearest,True,0.003383159637451172,success
0486AC3A9C4C80,3,"['Duomo', 'Teatro Romano']",Arena,"['Verona Tour', 'Museo Lapidario', 'Museo Radio', 'San Fermo', 'Casa Giulietta']",Torre Lamberti,strategy_nearest,False,0.002701997756958008,success
0486C13A9C4C80,2,"['Casa Giulietta', 'Santa Anastasia']",Duomo,"['AMO', 'Museo Miniscalchi', 'Teatro Romano', 'Palazzo della Ragione', 'Museo Conte']",Santa Anastasia,strategy_nearest,False,0.0038340091705322266,success
0486C4429C4C80,3,"['Arena', 'Santa Anastasia']",Duomo,"['AMO', 'Museo Miniscalchi', 'Teatro Romano', 'Palazzo della Ragione', 'Museo Conte']",Torre Lamberti,strategy_nearest,False,0.001789093017578125,success
0486DC3A9C4C80,3,"['Casa Giulietta', 'Torre Lamberti']",Arena,"['Verona Tour', 'Museo Lapidario', 'Museo Radio', 'San Fermo', 'Sighseeing']",Castelvecchio,strategy_nearest,False,0.0032989978790283203,success
0486E13A9C4C80,3,"['Arena', 'Casa Giulietta', 'Santa Anastasia']",Duomo,"['AMO', 'Museo Miniscalchi', 'Teatro Romano', 'Palazzo della Ragione', 'Museo Conte']",Teatro Romano,strategy_nearest,True,0.0029430389404296875,success
0486CA429C4C80,1,"['Arena', 'Casa Giulietta']",Torre Lamberti,"['Sighseeing', 'Centro Fotografia', 'Museo Conte', 'Palazzo della Ragione', 'AMO']",Palazzo della Ragione,strategy_nearest,True,0.002552032470703125,success
0486E93A9C4C80,0,['Arena'],Torre Lamberti,"['Sighseeing', 'Centro Fotografia', 'Museo Conte', 'Casa Giulietta', 'Palazzo della Ragione']",Casa Giulietta,strategy_nearest,True,0.003310680389404297,success
0486EE429C4C80,1,"['Santa Anastasia', 'Teatro Romano']",Duomo,"['AMO', 'Museo Miniscalchi', 'Palazzo della Ragione', 'Museo Conte', 'Torre Lamberti']",Arena,strategy_nearest,False,0.0019378662109375,success
0486F93A9C4C80,1,"['Arena', 'Torre Lamberti']",Casa Giulietta,"['Centro Fotografia', 'Sighseeing', 'Museo Conte', 'Museo Radio', 'Palazzo della Ragione']",Palazzo della Ragione,strategy_nearest,True,0.002608776092529297,success
048701429C4C84,2,"['Museo Lapidario', 'Castelvecchio']",Palazzo della Ragione,"['AMO', 'Museo Conte', 'Torre Lamberti', 'Centro Fotografia', 'Sighseeing']",Giardino Giusti,strategy_nearest,False,0.0030469894409179688,success
048706429C4C84,3,"['Arena', 'Casa Giulietta', 'Santa Anastasia']",Duomo,"['AMO', 'Museo Miniscalchi', 'Teatro Romano', 'Palazzo della Ragione', 'Museo Conte']",San Fermo,strategy_nearest,False,0.003236055374145508,success
0487183A9C4C80,1,['Arena'],Casa Giulietta,"['Centro Fotografia', 'Sighseeing', 'Torre Lamberti', 'Museo Conte', 'Museo Radio']",Palazzo della Ragione,strategy_nearest,False,0.0022819042205810547,success
048713C27B3F80,1,"['Arena', 'Museo Lapidario', 'Castelvecchio', 'Torre Lamberti']",Palazzo della Ragione,"['AMO', 'Museo Conte', 'Centro Fotografia', 'Sighseeing', 'Santa Anastasia']",Casa Giulietta,strategy_nearest,False,0.0049021244049072266,success
0487183A9C4C84,3,"['Duomo', 'Torre Lamberti']",Casa Giulietta,"['Centro Fotografia', 'Sighseeing', 'Museo Conte', 'Museo Radio', 'Palazzo della Ragione']",San Fermo,strategy_nearest,False,0.004342079162597656,success
048714429C4C84,0,['Casa Giulietta'],Torre Lamberti,"['Sighseeing', 'Centro Fotografia', 'Museo Conte', 'Palazzo della Ragione', 'AMO']",Arena,strategy_nearest,False,0.006085872650146484,success
04871CC27B3F80,0,"['Casa Giulietta', 'Arena']",Torre Lamberti,"['Sighseeing', 'Centro Fotografia', 'Museo Conte', 'Palazzo della Ragione', 'AMO']",Duomo,strategy_nearest,False,0.0024912357330322266,success
04871A429C4C84,0,"['San Zeno', 'Arena']",Torre Lamberti,"['Sighseeing', 'Centro Fotografia', 'Museo Conte', 'Casa Giulietta', 'Palazzo della Ragione']",Casa Giulietta,strategy_nearest,True,0.003177165985107422,success
0487213A9C4C84,0,['Arena'],Castelvecchio,"['Museo Lapidario', 'Verona Tour', 'Museo Radio', 'San Zeno', 'Sighseeing']",Casa Giulietta,strategy_nearest,False,0.002988100051879883,success
0487243A9C4C80,0,['San Zeno'],Arena,"['Verona Tour', 'Museo Lapidario', 'Museo Radio', 'San Fermo', 'Casa Giulietta']",Torre Lamberti,strategy_nearest,False,0.0022919178009033203,success
0487233A9C4C84,0,"['Arena', 'Tomba Giulietta']",Casa Giulietta,"['Centro Fotografia', 'Sighseeing', 'Torre Lamberti', 'Museo Conte', 'Museo Radio']",Teatro Romano,strategy_nearest,False,0.003984928131103516,success
0487283A9C4C80,3,"['Arena', 'Duomo']",Santa Anastasia,"['AMO', 'Museo Conte', 'Palazzo della Ragione', 'Teatro Romano', 'Centro Fotografia']",Casa Giulietta,strategy_nearest,False,0.002679109573364258,success
0487264A9C4C80,3,"['Torre Lamberti', 'Santa Anastasia']",Duomo,"['AMO', 'Museo Miniscalchi', 'Teatro Romano', 'Palazzo della Ragione', 'Museo Conte']",Arena,strategy_nearest,False,0.0035619735717773438,success
0487383A9C4C80,3,['Arena'],Torre Lamberti,"['Sighseeing', 'Centro Fotografia', 'Museo Conte', 'Casa Giulietta', 'Palazzo della Ragione']",Duomo,strategy_nearest,False,0.0031359195709228516,success
04873E429C4C80,0,['Castelvecchio'],Santa Anastasia,"['AMO', 'Museo Conte', 'Palazzo della Ragione', 'Teatro Romano', 'Centro Fotografia']",Casa Giulietta,strategy_nearest,False,0.0017867088317871094,success
0487313A9C4C80,0,"['Arena', 'Castelvecchio']",San Zeno,"['Verona Tour', 'Museo Lapidario', 'Museo Miniscalchi', 'Sighseeing', 'Museo Radio']",Casa Giulietta,strategy_nearest,False,0.003840923309326172,success
048752429C4C80,1,"['Arena', 'Teatro Romano']",Duomo,"['AMO', 'Museo Miniscalchi', 'Santa Anastasia', 'Palazzo della Ragione', 'Museo Conte']",Palazzo della Ragione,strategy_nearest,True,0.0014510154724121094,success
048754C27B3F80,1,"['Arena', 'Museo Lapidario', 'Castelvecchio', 'Torre Lamberti']",Palazzo della Ragione,"['AMO', 'Museo Conte', 'Centro Fotografia', 'Sighseeing', 'Santa Anastasia']",Casa Giulietta,strategy_nearest,False,0.0028579235076904297,success
04874F3A9C4C80,3,"['Arena', 'Santa Anastasia', 'Duomo']",Teatro Romano,"['AMO', 'Palazzo della Ragione', 'Museo Conte', 'Centro Fotografia', 'Museo Miniscalchi']",Torre Lamberti,strategy_nearest,False,0.00504302978515625,success
048750429C4C80,3,"['Arena', 'Casa Giulietta']",Torre Lamberti,"['Sighseeing', 'Centro Fotografia', 'Museo Conte', 'Palazzo della Ragione', 'AMO']",Santa Anastasia,strategy_nearest,False,0.0047512054443359375,success
048763429C4C80,0,['Arena'],Torre Lamberti,"['Sighseeing', 'Centro Fotografia', 'Museo Conte', 'Casa Giulietta', 'Palazzo della Ragione']",Duomo,strategy_nearest,False,0.0033919811248779297,success
048767429C4C80,0,['Arena'],Torre Lamberti,"['Sighseeing', 'Centro Fotografia', 'Museo Conte', 'Casa Giulietta', 'Palazzo della Ragione']",Casa Giulietta,strategy_nearest,True,0.004029989242553711,success
04876A429C4C80,3,['Arena'],San Fermo,"['Museo Storia', 'Museo Radio', 'Casa Giulietta', 'Centro Fotografia', 'Sighseeing']",San Zeno,strategy_nearest,False,0.0016613006591796875,success
04876C429C4C80,1,['Arena'],San Fermo,"['Museo Storia', 'Museo Radio', 'Casa Giulietta', 'Centro Fotografia', 'Sighseeing']",Palazzo della Ragione,strategy_nearest,False,0.003292083740234375,success
04877A3A9C4C80,0,"['Torre Lamberti', 'Casa Giulietta']",Duomo,"['AMO', 'Museo Miniscalchi', 'Santa Anastasia', 'Teatro Romano', 'Palazzo della Ragione']",Arena,strategy_nearest,False,0.0019130706787109375,success
0487773A9C4C80,3,"['San Fermo', 'Arena']",Castelvecchio,"['Museo Lapidario', 'Verona Tour', 'Museo Radio', 'San Zeno', 'Sighseeing']",Casa Giulietta,strategy_nearest,False,0.0025899410247802734,success
04877D3A9C4C80,0,['Casa Giulietta'],Giardino Giusti,"['Santa Anastasia', 'Teatro Romano', 'Museo Conte', 'Centro Fotografia', 'Museo Storia']",Arena,strategy_nearest,False,0.0027399063110351562,success
048791429C4C80,3,"['Arena', 'Casa Giulietta']",Torre Lamberti,"['Sighseeing', 'Centro Fotografia', 'Museo Conte', 'Palazzo della Ragione', 'AMO']",Santa Anastasia,strategy_nearest,False,0.0029850006103515625,success
0487A83A9C4C80,0,"['Tomba Giulietta', 'Arena', 'Museo Lapidario']",Casa Giulietta,"['Centro Fotografia', 'Sighseeing', 'Torre Lamberti', 'Museo Conte', 'Museo Radio']",San Fermo,strategy_nearest,False,0.0020651817321777344,success
0487A9429C4C80,0,"['Arena', 'Casa Giulietta']",Torre Lamberti,"['Sighseeing', 'Centro Fotografia', 'Museo Conte', 'Palazzo della Ragione', 'AMO']",Teatro Romano,strategy_nearest,False,0.0023670196533203125,success
0487AB3A9C4C80,3,"['San Zeno', 'Castelvecchio', 'Duomo']",Teatro Romano,"['Santa Anastasia', 'AMO', 'Palazzo della Ragione', 'Museo Conte', 'Centro Fotografia']",Casa Giulietta,strategy_nearest,False,0.0041980743408203125,success
0487B0429C4C80,0,['Torre Lamberti'],Duomo,"['AMO', 'Museo Miniscalchi', 'Santa Anastasia', 'Teatro Romano', 'Palazzo della Ragione']",Casa Giulietta,strategy_nearest,False,0.002090930938720703,success
0487BB429C4C80,2,['Giardino Giusti'],Santa Anastasia,"['AMO', 'Museo Conte', 'Palazzo della Ragione', 'Teatro Romano', 'Centro Fotografia']",Duomo,strategy_nearest,False,0.004984855651855469,success
0487C1429C4C80,0,['Arena'],Castelvecchio,"['Museo Lapidario', 'Verona Tour', 'Museo Radio', 'San Zeno', 'Sighseeing']",Casa Giulietta,strategy_nearest,False,0.004013776779174805,success
0487B6429C4C80,1,"['Arena', 'Casa Giulietta']",Palazzo della Ragione,"['AMO', 'Museo Conte', 'Torre Lamberti', 'Centro Fotografia', 'Sighseeing']",Torre Lamberti,strategy_nearest,True,0.005960941314697266,success
0487D03A9C4C80,3,"['Arena', 'Torre Lamberti']",Santa Anastasia,"['AMO', 'Museo Conte', 'Palazzo della Ragione', 'Teatro Romano', 'Centro Fotografia']",Duomo,strategy_nearest,False,0.0018529891967773438,success
0487C8429C4C80,3,"['Arena', 'Casa Giulietta']",Torre Lamberti,"['Sighseeing', 'Centro Fotografia', 'Museo Conte', 'Palazzo della Ragione', 'AMO']",Teatro Romano,strategy_nearest,False,0.0033011436462402344,success
0487D73A9C4C80,0,"['Arena', 'Casa Giulietta']",Castelvecchio,"['Museo Lapidario', 'Verona Tour', 'Museo Radio', 'San Zeno', 'Sighseeing']",Duomo,strategy_nearest,False,0.0036401748657226562,success
0487D63A9C4C80,1,"['Arena', 'Santa Anastasia', 'Casa Giulietta']",Palazzo della Ragione,"['AMO', 'Museo Conte', 'Torre Lamberti', 'Centro Fotografia', 'Sighseeing']",Torre Lamberti,strategy_nearest,True,0.003092050552368164,success
0487E13A9C4C80,3,"['Arena', 'Castelvecchio']",Santa Anastasia,"['AMO', 'Museo Conte', 'Palazzo della Ragione', 'Teatro Romano', 'Centro Fotografia']",Duomo,strategy_nearest,False,0.002401113510131836,success
0487E43A9C4C80,1,['Castelvecchio'],Teatro Romano,"['Santa Anastasia', 'Duomo', 'AMO', 'Palazzo della Ragione', 'Museo Conte']",Arena,strategy_nearest,False,0.0022881031036376953,success
0488083A9C4C84,3,['Torre Lamberti'],Casa Giulietta,"['Centro Fotografia', 'Sighseeing', 'Museo Conte', 'Museo Radio', 'Palazzo della Ragione']",Santa Anastasia,strategy_nearest,False,0.0026731491088867188,success
048809429C4C80,1,"['Arena', 'Museo Lapidario', 'Casa Giulietta', 'Santa Anastasia']",Teatro Romano,"['Duomo', 'AMO', 'Palazzo della Ragione', 'Museo Conte', 'Centro Fotografia']",Duomo,strategy_nearest,True,0.002629995346069336,success
04880E3A9C4C84,0,['Teatro Romano'],Arena,"['Verona Tour', 'Museo Lapidario', 'Museo Radio', 'San Fermo', 'Casa Giulietta']",Castelvecchio,strategy_nearest,False,0.003116130828857422,success
04880D429C4C80,2,['Palazzo della Ragione'],Torre Lamberti,"['Sighseeing', 'Centro Fotografia', 'Museo Conte', 'Casa Giulietta', 'AMO']",Casa Giulietta,strategy_nearest,True,0.002482891082763672,success
048815429C4C80,0,"['Arena', 'Castelvecchio']",San Zeno,"['Verona Tour', 'Museo Lapidario', 'Museo Miniscalchi', 'Sighseeing', 'Museo Radio']",Torre Lamberti,strategy_nearest,False,0.002157926559448242,success
04881C429C4C80,1,"['Arena', 'San Fermo', 'Casa Giulietta']",Torre Lamberti,"['Sighseeing', 'Centro Fotografia', 'Museo Conte', 'Palazzo della Ragione', 'AMO']",Palazzo della Ragione,strategy_nearest,True,0.002696990966796875,success
0488204A9C4C80,1,['Teatro Romano'],Duomo,"['AMO', 'Museo Miniscalchi', 'Santa Anastasia', 'Palazzo della Ragione', 'Museo Conte']",Palazzo della Ragione,strategy_nearest,True,0.002939939498901367,success
04882C429C4C80,3,['Arena'],Santa Anastasia,"['AMO', 'Museo Conte', 'Palazzo della Ragione', 'Teatro Romano', 'Centro Fotografia']",Duomo,strategy_nearest,False,0.0030028820037841797,success
0488203A9C4C84,0,['Arena'],Casa Giulietta,"['Centro Fotografia', 'Sighseeing', 'Torre Lamberti', 'Museo Conte', 'Museo Radio']",Torre Lamberti,strategy_nearest,True,0.0023391246795654297,success
0488393A9C4C80,3,"['Casa Giulietta', 'Duomo']",Teatro Romano,"['Santa Anastasia', 'AMO', 'Palazzo della Ragione', 'Museo Conte', 'Centro Fotografia']",Arena,strategy_nearest,False,0.0034189224243164062,success
04884E429C4C80,0,['Torre Lamberti'],Casa Giulietta,"['Centro Fotografia', 'Sighseeing', 'Museo Conte', 'Museo Radio', 'Palazzo della Ragione']",Arena,strategy_nearest,False,0.0014731884002685547,success
04884B3A9C4C80,1,"['Arena', 'Museo Lapidario', 'Castelvecchio', 'Santa Anastasia']",Palazzo della Ragione,"['AMO', 'Museo Conte', 'Torre Lamberti', 'Centro Fotografia', 'Sighseeing']",Torre Lamberti,strategy_nearest,True,0.002257823944091797,success
048848429C4C80,1,"['Arena', 'Casa Giulietta', 'Torre Lamberti']",Palazzo della Ragione,"['AMO', 'Museo Conte', 'Centro Fotografia', 'Sighseeing', 'Santa Anastasia']",Santa Anastasia,strategy_nearest,True,0.00356292724609375,success
048852429C4C80,1,['Arena'],Teatro Romano,"['Santa Anastasia', 'Duomo', 'AMO', 'Palazzo della Ragione', 'Museo Conte']",Palazzo della Ragione,strategy_nearest,True,0.0032188892364501953,success
048860429C4C80,0,['Arena'],Casa Giulietta,"['Centro Fotografia', 'Sighseeing', 'Torre Lamberti', 'Museo Conte', 'Museo Radio']",Santa Anastasia,strategy_nearest,False,0.0033669471740722656,success
048863429C4C80,3,['Arena'],Santa Anastasia,"['AMO', 'Museo Conte', 'Palazzo della Ragione', 'Teatro Romano', 'Centro Fotografia']",Duomo,strategy_nearest,False,0.0035948753356933594,success
048864429C4C80,4,"['Castelvecchio', 'Tomba Giulietta', 'Museo Radio']",Torre Lamberti,"['Sighseeing', 'Centro Fotografia', 'Museo Conte', 'Casa Giulietta', 'Palazzo della Ragione']",Casa Giulietta,strategy_nearest,True,0.0026121139526367188,success
048862429C4C80,0,"['Arena', 'Casa Giulietta', 'Torre Lamberti']",Teatro Romano,"['Santa Anastasia', 'Duomo', 'AMO', 'Palazzo della Ragione', 'Museo Conte']",Giardino Giusti,strategy_nearest,False,0.002892732620239258,success
048872429C4C80,0,['Arena'],Casa Giulietta,"['Centro Fotografia', 'Sighseeing', 'Torre Lamberti', 'Museo Conte', 'Museo Radio']",Torre Lamberti,strategy_nearest,True,0.0021278858184814453,success
048869429C4C80,1,"['Casa Giulietta', 'Torre Lamberti', 'Palazzo della Ragione']",Santa Anastasia,"['AMO', 'Museo Conte', 'Teatro Romano', 'Centro Fotografia', 'Duomo']",Duomo,strategy_nearest,True,0.002823352813720703,success
0488864A9C4C80,0,['Arena'],Torre Lamberti,"['Sighseeing', 'Centro Fotografia', 'Museo Conte', 'Casa Giulietta', 'Palazzo della Ragione']",Casa Giulietta,strategy_nearest,True,0.0032100677490234375,success
04887E3A9C4C80,0,['Arena'],Museo Lapidario,"['Verona Tour', 'Castelvecchio', 'Museo Radio', 'San Fermo', 'Casa Giulietta']",Castelvecchio,strategy_nearest,True,0.0027899742126464844,success
0488893A9C4C80,0,['Castelvecchio'],Arena,"['Verona Tour', 'Museo Lapidario', 'Museo Radio', 'San Fermo', 'Casa Giulietta']",Casa Giulietta,strategy_nearest,True,0.0014641284942626953,success
04888B4A9C4C80,0,['Arena'],Santa Anastasia,"['AMO', 'Museo Conte', 'Palazzo della Ragione', 'Teatro Romano', 'Centro Fotografia']",Castelvecchio,strategy_nearest,False,0.0028731822967529297,success
04888B429C4C80,0,['Arena'],Casa Giulietta,"['Centro Fotografia', 'Sighseeing', 'Torre Lamberti', 'Museo Conte', 'Museo Radio']",Museo Lapidario,strategy_nearest,False,0.003648042678833008,success
0488884A9C4C80,3,"['Duomo', 'Santa Anastasia', 'San Fermo']",San Zeno,"['Castelvecchio', 'Verona Tour', 'Museo Lapidario', 'Arena', 'Museo Miniscalchi']",Arena,strategy_nearest,True,0.0021419525146484375,success
0488A24A9C4C80,3,['Arena'],San Fermo,"['Museo Storia', 'Museo Radio', 'Casa Giulietta', 'Centro Fotografia', 'Sighseeing']",Santa Anastasia,strategy_nearest,False,0.0019681453704833984,success
048891429C4C80,3,"['Arena', 'Torre Lamberti']",Casa Giulietta,"['Centro Fotografia', 'Sighseeing', 'Museo Conte', 'Museo Radio', 'Palazzo della Ragione']",Santa Anastasia,strategy_nearest,False,0.0014159679412841797,success
0488A83A9C4C80,2,"['Casa Giulietta', 'Torre Lamberti']",Teatro Romano,"['Santa Anastasia', 'Duomo', 'AMO', 'Palazzo della Ragione', 'Museo Conte']",Duomo,strategy_nearest,True,0.0026869773864746094,success
0488A54A9C4C80,3,"['Arena', 'Casa Giulietta', 'San Fermo']",Torre Lamberti,"['Sighseeing', 'Centro Fotografia', 'Museo Conte', 'Palazzo della Ragione', 'AMO']",Castelvecchio,strategy_nearest,False,0.0037240982055664062,success
0488C33A9C4C80,0,"['Duomo', 'Castelvecchio']",Arena,"['Verona Tour', 'Museo Lapidario', 'Museo Radio', 'San Fermo', 'Casa Giulietta']",Teatro Romano,strategy_nearest,False,0.002218008041381836,success
0488B7429C4C80,1,['Casa Giulietta'],Arena,"['Verona Tour', 'Museo Lapidario', 'Museo Radio', 'San Fermo', 'Sighseeing']",Palazzo della Ragione,strategy_nearest,False,0.0035429000854492188,success
0488A872743380,3,"['Arena', 'Casa Giulietta', 'Museo Lapidario', 'Castelvecchio']",Torre Lamberti,"['Sighseeing', 'Centro Fotografia', 'Museo Conte', 'Palazzo della Ragione', 'AMO']",Santa Anastasia,strategy_nearest,False,0.0029888153076171875,success
0488CE3A9C4C80,3,"['Castelvecchio', 'Arena', 'Casa Giulietta']",Torre Lamberti,"['Sighseeing', 'Centro Fotografia', 'Museo Conte', 'Palazzo della Ragione', 'AMO']",Santa Anastasia,strategy_nearest,False,0.003509044647216797,success
0488E23A9C4C80,3,"['Arena', 'Torre Lamberti']",San Fermo,"['Museo Storia', 'Museo Radio', 'Casa Giulietta', 'Centro Fotografia', 'Sighseeing']",Casa Giulietta,strategy_nearest,True,0.001547098159790039,success
0488E13A9C4C80,3,"['Torre Lamberti', 'Santa Anastasia', 'Teatro Romano']",Arena,"['Verona Tour', 'Museo Lapidario', 'Museo Radio', 'San Fermo', 'Casa Giulietta']",San Fermo,strategy_nearest,True,0.0022728443145751953,success
0488D73A9C4C80,0,"['Arena', 'Casa Giulietta']",Castelvecchio,"['Museo Lapidario', 'Verona Tour', 'Museo Radio', 'San Zeno', 'Sighseeing']",Duomo,strategy_nearest,False,0.0035750865936279297,success
0488E03A9C4C80,0,['Castelvecchio'],Arena,"['Verona Tour', 'Museo Lapidario', 'Museo Radio', 'San Fermo', 'Casa Giulietta']",Teatro Romano,strategy_nearest,False,0.0035431385040283203,success
0488FB3A9C4C80,3,"['Torre Lamberti', 'Santa Anastasia', 'Duomo']",Teatro Romano,"['AMO', 'Palazzo della Ragione', 'Museo Conte', 'Centro Fotografia', 'Museo Miniscalchi']",Arena,strategy_nearest,False,0.0025398731231689453,success
0488F83A9C4C80,1,"['Arena', 'Torre Lamberti']",Palazzo della Ragione,"['AMO', 'Museo Conte', 'Centro Fotografia', 'Sighseeing', 'Santa Anastasia']",Casa Giulietta,strategy_nearest,False,0.003297090530395508,success
0488E83A9C4C80,0,"['Arena', 'Museo Lapidario']",Casa Giulietta,"['Centro Fotografia', 'Sighseeing', 'Torre Lamberti', 'Museo Conte', 'Museo Radio']",Torre Lamberti,strategy_nearest,True,0.002396821975708008,success
0488FC429C4C80,3,"['Casa Giulietta', 'Torre Lamberti']",San Zeno,"['Castelvecchio', 'Verona Tour', 'Museo Lapidario', 'Arena', 'Museo Miniscalchi']",Arena,strategy_nearest,True,0.0037641525268554688,success
048900C27B3F84,3,"['Arena', 'Santa Anastasia']",Castelvecchio,"['Museo Lapidario', 'Verona Tour', 'Museo Radio', 'San Zeno', 'Sighseeing']",Casa Giulietta,strategy_nearest,False,0.0021581649780273438,success
048908429C4C80,3,"['Arena', 'Casa Giulietta', 'Torre Lamberti']",Santa Anastasia,"['AMO', 'Museo Conte', 'Palazzo della Ragione', 'Teatro Romano', 'Centro Fotografia']",Duomo,strategy_nearest,False,0.0028905868530273438,success
048904429C4C84,3,"['Arena', 'Casa Giulietta']",Torre Lamberti,"['Sighseeing', 'Centro Fotografia', 'Museo Conte', 'Palazzo della Ragione', 'AMO']",Museo Lapidario,strategy_nearest,False,0.002382040023803711,success
048909429C4C84,0,['Arena'],Casa Giulietta,"['Centro Fotografia', 'Sighseeing', 'Torre Lamberti', 'Museo Conte', 'Museo Radio']",San Zeno,strategy_nearest,False,0.003754854202270508,success
04890B429C4C80,3,"['Arena', 'Casa Giulietta']",Torre Lamberti,"['Sighseeing', 'Centro Fotografia', 'Museo Conte', 'Palazzo della Ragione', 'AMO']",Santa Anastasia,strategy_nearest,False,0.002669095993041992,success
04890E429C4C84,3,"['Arena', 'Casa Giulietta', 'Santa Anastasia']",Castelvecchio,"['Museo Lapidario', 'Verona Tour', 'Museo Radio', 'San Zeno', 'Sighseeing']",Torre Lamberti,strategy_nearest,False,0.0027060508728027344,success
048919429C4C80,0,['Arena'],Casa Giulietta,"['Centro Fotografia', 'Sighseeing', 'Torre Lamberti', 'Museo Conte', 'Museo Radio']",Castelvecchio,strategy_nearest,False,0.0020699501037597656,success
0489223A9C4C84,3,"['Santa Anastasia', 'Torre Lamberti']",San Fermo,"['Museo Storia', 'Museo Radio', 'Casa Giulietta', 'Centro Fotografia', 'Arena']",Arena,strategy_nearest,True,0.0026712417602539062,success
0489273A9C4C84,0,['Arena'],Torre Lamberti,"['Sighseeing', 'Centro Fotografia', 'Museo Conte', 'Casa Giulietta', 'Palazzo della Ragione']",Teatro Romano,strategy_nearest,False,0.0027437210083007812,success
04892F4A9C4C80,3,"['Arena', 'Tomba Giulietta']",Santa Anastasia,"['AMO', 'Museo Conte', 'Palazzo della Ragione', 'Teatro Romano', 'Centro Fotografia']",Duomo,strategy_nearest,False,0.0030837059020996094,success
0489243A9C4C80,3,['Arena'],Casa Giulietta,"['Centro Fotografia', 'Sighseeing', 'Torre Lamberti', 'Museo Conte', 'Museo Radio']",Torre Lamberti,strategy_nearest,True,0.003081083297729492,success
0489274A9C4C80,0,['Castelvecchio'],Arena,"['Verona Tour', 'Museo Lapidario', 'Museo Radio', 'San Fermo', 'Casa Giulietta']",Teatro Romano,strategy_nearest,False,0.002753734588623047,success
04894B3A9C4C80,1,"['Torre Lamberti', 'Palazzo della Ragione', 'Santa Anastasia']",Casa Giulietta,"['Centro Fotografia', 'Sighseeing', 'Museo Conte', 'Museo Radio', 'San Fermo']",Arena,strategy_nearest,False,0.002151966094970703,success
0489383A9C4C80,3,['Arena'],Casa Giulietta,"['Centro Fotografia', 'Sighseeing', 'Torre Lamberti', 'Museo Conte', 'Museo Radio']",Santa Anastasia,strategy_nearest,False,0.002969980239868164,success
048952429C4C80,0,['Arena'],Castelvecchio,"['Museo Lapidario', 'Verona Tour', 'Museo Radio', 'San Zeno', 'Sighseeing']",Torre Lamberti,strategy_nearest,False,0.003283977508544922,success
0489374A9C4C80,3,"['Arena', 'Torre Lamberti', 'Santa Anastasia']",Duomo,"['AMO', 'Museo Miniscalchi', 'Teatro Romano', 'Palazzo della Ragione', 'Museo Conte']",Tomba Giulietta,strategy_nearest,False,0.0027828216552734375,success
0489763A9C4C80,3,"['Santa Anastasia', 'Duomo', 'Castelvecchio']",Casa Giulietta,"['Centro Fotografia', 'Sighseeing', 'Torre Lamberti', 'Museo Conte', 'Museo Radio']",Teatro Romano,strategy_nearest,False,0.0013790130615234375,success
04897A4A9C4C80,0,['Arena'],Casa Giulietta,"['Centro Fotografia', 'Sighseeing', 'Torre Lamberti', 'Museo Conte', 'Museo Radio']",Torre Lamberti,strategy_nearest,True,0.002137899398803711,success
04896A429C4C80,0,['Teatro Romano'],Duomo,"['AMO', 'Museo Miniscalchi', 'Santa Anastasia', 'Palazzo della Ragione', 'Museo Conte']",Arena,strategy_nearest,False,0.0031790733337402344,success
0489864A9C4C80,0,"['Arena', 'Castelvecchio']",Teatro Romano,"['Santa Anastasia', 'Duomo', 'AMO', 'Palazzo della Ragione', 'Museo Conte']",Torre Lamberti,strategy_nearest,False,0.002402782440185547,success
04897E3A9C4C80,0,['Arena'],Torre Lamberti,"['Sighseeing', 'Centro Fotografia', 'Museo Conte', 'Casa Giulietta', 'Palazzo della Ragione']",Castelvecchio,strategy_nearest,False,0.006455659866333008,success
048983429C4C80,3,"['Casa Giulietta', 'Torre Lamberti']",Santa Anastasia,"['AMO', 'Museo Conte', 'Palazzo della Ragione', 'Teatro Romano', 'Centro Fotografia']",Arena,strategy_nearest,False,0.006360054016113281,success
0489874A9C4C80,3,"['Arena', 'Castelvecchio']",Torre Lamberti,"['Sighseeing', 'Centro Fotografia', 'Museo Conte', 'Casa Giulietta', 'Palazzo della Ragione']",Casa Giulietta,strategy_nearest,True,0.003804922103881836,success
0489884A9C4C80,0,['Arena'],Casa Giulietta,"['Centro Fotografia', 'Sighseeing', 'Torre Lamberti', 'Museo Conte', 'Museo Radio']",Castelvecchio,strategy_nearest,False,0.0030002593994140625,success
0489A24A9C4C80,0,"['Arena', 'Museo Lapidario']",Castelvecchio,"['Verona Tour', 'Museo Radio', 'San Zeno', 'Sighseeing', 'Museo Miniscalchi']",Torre Lamberti,strategy_nearest,False,0.002716064453125,success
048990429C4C80,2,['Duomo'],Santa Anastasia,"['AMO', 'Museo Conte', 'Palazzo della Ragione', 'Teatro Romano', 'Centro Fotografia']",Castelvecchio,strategy_nearest,False,0.0030698776245117188,success
0489A572743380,3,"['Torre Lamberti', 'Santa Anastasia']",Duomo,"['AMO', 'Museo Miniscalchi', 'Teatro Romano', 'Palazzo della Ragione', 'Museo Conte']",San Fermo,strategy_nearest,False,0.0032351016998291016,success
0489C4C27B3F80,0,"['Arena', 'Casa Giulietta']",Giardino Giusti,"['Santa Anastasia', 'Teatro Romano', 'Museo Conte', 'Centro Fotografia', 'Museo Storia']",Castelvecchio,strategy_nearest,False,0.003061056137084961,success
0489B63A9C4C80,3,"['Arena', 'Castelvecchio']",Santa Anastasia,"['AMO', 'Museo Conte', 'Palazzo della Ragione', 'Teatro Romano', 'Centro Fotografia']",Duomo,strategy_nearest,False,0.0037941932678222656,success
0489CA3A9C4C80,1,"['Arena', 'Casa Giulietta', 'Torre Lamberti']",Palazzo della Ragione,"['AMO', 'Museo Conte', 'Centro Fotografia', 'Sighseeing', 'Santa Anastasia']",Santa Anastasia,strategy_nearest,True,0.001683950424194336,success
0489D0C27B3F80,0,"['Arena', 'Casa Giulietta']",Giardino Giusti,"['Santa Anastasia', 'Teatro Romano', 'Museo Conte', 'Centro Fotografia', 'Museo Storia']",Castelvecchio,strategy_nearest,False,0.0038619041442871094,success
0489E13A9C4C80,3,"['Arena', 'San Fermo', 'Casa Giulietta']",Teatro Romano,"['Santa Anastasia', 'Duomo', 'AMO', 'Palazzo della Ragione', 'Museo Conte']",Duomo,strategy_nearest,True,0.0030379295349121094,success
0489DC3A9C4C80,0,['Arena'],Duomo,"['AMO', 'Museo Miniscalchi', 'Santa Anastasia', 'Teatro Romano', 'Palazzo della Ragione']",Casa Giulietta,strategy_nearest,False,0.004469156265258789,success
0489DCC27B3F80,1,"['Arena', 'Santa Anastasia', 'Duomo']",Casa Giulietta,"['Centro Fotografia', 'Sighseeing', 'Torre Lamberti', 'Museo Conte', 'Museo Radio']",Teatro Romano,strategy_nearest,False,0.005496978759765625,success
0489E2C27B3F80,1,"['Arena', 'Castelvecchio']",Duomo,"['AMO', 'Museo Miniscalchi', 'Santa Anastasia', 'Teatro Romano', 'Palazzo della Ragione']",Casa Giulietta,strategy_nearest,False,0.0029649734497070312,success
0489E63A9C4C80,3,"['Torre Lamberti', 'Casa Giulietta']",Teatro Romano,"['Santa Anastasia', 'Duomo', 'AMO', 'Palazzo della Ragione', 'Museo Conte']",Santa Anastasia,strategy_nearest,True,0.0037131309509277344,success
0489E73A9C4C80,3,"['Arena', 'San Fermo']",Duomo,"['AMO', 'Museo Miniscalchi', 'Santa Anastasia', 'Teatro Romano', 'Palazzo della Ragione']",Santa Anastasia,strategy_nearest,True,0.002129077911376953,success
0489E8C27B3F80,3,"['Arena', 'Santa Anastasia']",Castelvecchio,"['Museo Lapidario', 'Verona Tour', 'Museo Radio', 'San Zeno', 'Sighseeing']",Casa Giulietta,strategy_nearest,False,0.0023500919342041016,success
0489F0429C4C80,1,"['Arena', 'Tomba Giulietta', 'Museo Lapidario', 'Castelvecchio']",Palazzo della Ragione,"['AMO', 'Museo Conte', 'Torre Lamberti', 'Centro Fotografia', 'Sighseeing']",Torre Lamberti,strategy_nearest,True,0.002873659133911133,success
0489EEC27B3F80,1,"['Arena', 'Castelvecchio']",Duomo,"['AMO', 'Museo Miniscalchi', 'Santa Anastasia', 'Teatro Romano', 'Palazzo della Ragione']",Casa Giulietta,strategy_nearest,False,0.0024750232696533203,success
0489F4C27B3F80,3,['Santa Anastasia'],Arena,"['Verona Tour', 'Museo Lapidario', 'Museo Radio', 'San Fermo', 'Casa Giulietta']",Torre Lamberti,strategy_nearest,False,0.0036411285400390625,success
0489FAC27B3F80,1,"['Museo Lapidario', 'Arena', 'Casa Giulietta', 'Torre Lamberti', 'Palazzo della Ragione']",Santa Anastasia,"['AMO', 'Museo Conte', 'Teatro Romano', 'Centro Fotografia', 'Duomo']",Duomo,strategy_nearest,True,0.0022449493408203125,success
0489F5C27B3F80,1,"['Museo Lapidario', 'Arena', 'Casa Giulietta', 'Torre Lamberti', 'Palazzo della Ragione']",Santa Anastasia,"['AMO', 'Museo Conte', 'Teatro Romano', 'Centro Fotografia', 'Duomo']",Duomo,strategy_nearest,True,0.0023097991943359375,success
0489FBC27B3F80,3,"['Duomo', 'Santa Anastasia', 'Arena']",Casa Giulietta,"['Centro Fotografia', 'Sighseeing', 'Torre Lamberti', 'Museo Conte', 'Museo Radio']",Torre Lamberti,strategy_nearest,True,0.0028569698333740234,success
0489FD3A9C4C80,3,"['Santa Anastasia', 'Duomo']",Casa Giulietta,"['Centro Fotografia', 'Sighseeing', 'Torre Lamberti', 'Museo Conte', 'Museo Radio']",Arena,strategy_nearest,False,0.0024127960205078125,success
048A09429C4C80,0,"['Arena', 'Castelvecchio']",Casa Giulietta,"['Centro Fotografia', 'Sighseeing', 'Torre Lamberti', 'Museo Conte', 'Museo Radio']",Torre Lamberti,strategy_nearest,True,0.0031900405883789062,success
0489FE429C4C80,4,"['Arena', 'Torre Lamberti', 'Casa Giulietta']",Duomo,"['AMO', 'Museo Miniscalchi', 'Santa Anastasia', 'Teatro Romano', 'Palazzo della Ragione']",Teatro Romano,strategy_nearest,True,0.004247903823852539,success
048A103A9C4C80,3,"['Arena', 'Casa Giulietta']",Torre Lamberti,"['Sighseeing', 'Centro Fotografia', 'Museo Conte', 'Palazzo della Ragione', 'AMO']",Santa Anastasia,strategy_nearest,False,0.0013239383697509766,success
048A013A9C4C84,3,"['Arena', 'Torre Lamberti']",Santa Anastasia,"['AMO', 'Museo Conte', 'Palazzo della Ragione', 'Teatro Romano', 'Centro Fotografia']",Duomo,strategy_nearest,False,0.0029120445251464844,success
048A143A9C4C80,3,"['Arena', 'Casa Giulietta']",Santa Anastasia,"['AMO', 'Museo Conte', 'Palazzo della Ragione', 'Teatro Romano', 'Centro Fotografia']",Duomo,strategy_nearest,False,0.0017390251159667969,success
048A1EC27B3F80,3,"['Arena', 'Casa Giulietta', 'Torre Lamberti']",Castelvecchio,"['Museo Lapidario', 'Verona Tour', 'Museo Radio', 'San Zeno', 'Sighseeing']",Giardino Giusti,strategy_nearest,False,0.0022699832916259766,success
048A12C27B3F80,1,"['Arena', 'Casa Giulietta', 'Torre Lamberti']",Palazzo della Ragione,"['AMO', 'Museo Conte', 'Centro Fotografia', 'Sighseeing', 'Santa Anastasia']",Castelvecchio,strategy_nearest,False,0.0031511783599853516,success
048A15429C4C80,1,"['Arena', 'Casa Giulietta', 'Teatro Romano']",Castelvecchio,"['Museo Lapidario', 'Verona Tour', 'Museo Radio', 'San Zeno', 'Sighseeing']",Santa Anastasia,strategy_nearest,False,0.003679037094116211,success
048A243A9C4C84,3,"['Arena', 'San Fermo', 'Torre Lamberti']",Santa Anastasia,"['AMO', 'Museo Conte', 'Palazzo della Ragione', 'Teatro Romano', 'Centro Fotografia']",Duomo,strategy_nearest,False,0.0016241073608398438,success
048A284A9C4C80,1,"['Arena', 'Torre Lamberti', 'Palazzo della Ragione', 'Casa Giulietta', 'San Fermo']",Castelvecchio,"['Museo Lapidario', 'Verona Tour', 'Museo Radio', 'San Zeno', 'Sighseeing']",Santa Anastasia,strategy_nearest,False,0.0029888153076171875,success
048A25C27B3F84,1,"['Arena', 'Santa Anastasia', 'Duomo']",Casa Giulietta,"['Centro Fotografia', 'Sighseeing', 'Torre Lamberti', 'Museo Conte', 'Museo Radio']",Teatro Romano,strategy_nearest,False,0.002441883087158203,success
048A2A3A9C4C80,0,['Teatro Romano'],Arena,"['Verona Tour', 'Museo Lapidario', 'Museo Radio', 'San Fermo', 'Casa Giulietta']",Casa Giulietta,strategy_nearest,True,0.003400087356567383,success
048A2B3A9C4C80,0,['Castelvecchio'],Arena,"['Verona Tour', 'Museo Lapidario', 'Museo Radio', 'San Fermo', 'Casa Giulietta']",Casa Giulietta,strategy_nearest,True,0.0013589859008789062,success
048A41C27B3F80,1,['Palazzo della Ragione'],Arena,"['Verona Tour', 'Museo Lapidario', 'Museo Radio', 'San Fermo', 'Casa Giulietta']",Castelvecchio,strategy_nearest,False,0.002225160598754883,success
048A44429C4C80,0,['Arena'],Casa Giulietta,"['Centro Fotografia', 'Sighseeing', 'Torre Lamberti', 'Museo Conte', 'Museo Radio']",Teatro Romano,strategy_nearest,False,0.002691030502319336,success
048A35C27B3F80,1,"['Palazzo della Ragione', 'Teatro Romano', 'Arena', 'Tomba Giulietta']",Casa Giulietta,"['Centro Fotografia', 'Sighseeing', 'Torre Lamberti', 'Museo Conte', 'Museo Radio']",Duomo,strategy_nearest,False,0.0035409927368164062,success
048A53C27B3F80,3,"['Arena', 'Casa Giulietta', 'San Fermo', 'Santa Anastasia']",Duomo,"['AMO', 'Museo Miniscalchi', 'Teatro Romano', 'Palazzo della Ragione', 'Museo Conte']",Teatro Romano,strategy_nearest,True,0.0018780231475830078,success
048A55429C4C80,3,"['Arena', 'Casa Giulietta']",Santa Anastasia,"['AMO', 'Museo Conte', 'Palazzo della Ragione', 'Teatro Romano', 'Centro Fotografia']",Duomo,strategy_nearest,False,0.0022170543670654297,success
048A62429C4C80,3,['Arena'],Casa Giulietta,"['Centro Fotografia', 'Sighseeing', 'Torre Lamberti', 'Museo Conte', 'Museo Radio']",Santa Anastasia,strategy_nearest,False,0.0035238265991210938,success
048A60429C4C80,0,['Arena'],Torre Lamberti,"['Sighseeing', 'Centro Fotografia', 'Museo Conte', 'Casa Giulietta', 'Palazzo della Ragione']",Duomo,strategy_nearest,False,0.0030279159545898438,success
048A73429C4C80,3,"['Arena', 'Casa Giulietta', 'Tomba Giulietta']",San Fermo,"['Museo Storia', 'Museo Radio', 'Centro Fotografia', 'Sighseeing', 'Torre Lamberti']",Torre Lamberti,strategy_nearest,True,0.002108335494995117,success
048A64429C4C80,1,"['Castelvecchio', 'Arena', 'Casa Giulietta']",Torre Lamberti,"['Sighseeing', 'Centro Fotografia', 'Museo Conte', 'Palazzo della Ragione', 'AMO']",Palazzo della Ragione,strategy_nearest,True,0.0027501583099365234,success
048A7D3A9C4C80,0,['Casa Giulietta'],Tomba Giulietta,"['San Fermo', 'Museo Storia', 'Arena', 'Museo Lapidario', 'Museo Radio']",Torre Lamberti,strategy_nearest,False,0.0027370452880859375,success
048A83C27B3F80,3,"['Torre Lamberti', 'Giardino Giusti', 'Arena']",Casa Giulietta,"['Centro Fotografia', 'Sighseeing', 'Museo Conte', 'Museo Radio', 'Palazzo della Ragione']",Santa Anastasia,strategy_nearest,False,0.0033359527587890625,success
048A884A9C4C80,0,['Arena'],Casa Giulietta,"['Centro Fotografia', 'Sighseeing', 'Torre Lamberti', 'Museo Conte', 'Museo Radio']",Santa Anastasia,strategy_nearest,False,0.0027997493743896484,success
048A89C27B3F80,0,['Arena'],Castelvecchio,"['Museo Lapidario', 'Verona Tour', 'Museo Radio', 'San Zeno', 'Sighseeing']",Santa Anastasia,strategy_nearest,False,0.002834796905517578,success
048A84C27B3F80,1,"['Palazzo della Ragione', 'Arena']",Teatro Romano,"['Santa Anastasia', 'Duomo', 'AMO', 'Museo Conte', 'Centro Fotografia']",Duomo,strategy_nearest,True,0.0022211074829101562,success
048A8FC27B3F80,3,"['Torre Lamberti', 'Giardino Giusti', 'Arena']",Casa Giulietta,"['Centro Fotografia', 'Sighseeing', 'Museo Conte', 'Museo Radio', 'Palazzo della Ragione']",Santa Anastasia,strategy_nearest,False,0.003443002700805664,success
048A90C27B3F80,1,"['Palazzo della Ragione', 'Arena']",Teatro Romano,"['Santa Anastasia', 'Duomo', 'AMO', 'Museo Conte', 'Centro Fotografia']",Duomo,strategy_nearest,True,0.002332925796508789,success
048A95C27B3F80,0,['Arena'],Castelvecchio,"['Museo Lapidario', 'Verona Tour', 'Museo Radio', 'San Zeno', 'Sighseeing']",Santa Anastasia,strategy_nearest,False,0.003679990768432617,success
048AA9429C4C80,2,['San Zeno'],Torre Lamberti,"['Sighseeing', 'Centro Fotografia', 'Museo Conte', 'Casa Giulietta', 'Palazzo della Ragione']",Castelvecchio,strategy_nearest,False,0.00214385986328125,success
048AA2C27B3F80,1,"['Museo Lapidario', 'Arena', 'San Fermo', 'Casa Giulietta']",Giardino Giusti,"['Santa Anastasia', 'Teatro Romano', 'Museo Conte', 'Centro Fotografia', 'Museo Storia']",Teatro Romano,strategy_nearest,True,0.0035130977630615234,success
048AAEC27B3F80,1,"['Torre Lamberti', 'Palazzo della Ragione', 'Santa Anastasia', 'Duomo']",Casa Giulietta,"['Centro Fotografia', 'Sighseeing', 'Museo Conte', 'Museo Radio', 'San Fermo']",Arena,strategy_nearest,False,0.0031638145446777344,success
048AB1429C4C80,2,"['Torre Lamberti', 'Palazzo della Ragione']",Casa Giulietta,"['Centro Fotografia', 'Sighseeing', 'Museo Conte', 'Museo Radio', 'San Fermo']",Santa Anastasia,strategy_nearest,False,0.002485990524291992,success
048AB2429C4C80,0,"['Castelvecchio', 'Arena']",Casa Giulietta,"['Centro Fotografia', 'Sighseeing', 'Torre Lamberti', 'Museo Conte', 'Museo Radio']",Duomo,strategy_nearest,False,0.002499818801879883,success
048AB9429C4C80,3,"['Santa Anastasia', 'Duomo']",Arena,"['Verona Tour', 'Museo Lapidario', 'Museo Radio', 'San Fermo', 'Casa Giulietta']",Castelvecchio,strategy_nearest,False,0.002213001251220703,success
048ABAC27B3F80,1,"['Museo Lapidario', 'Arena', 'San Fermo', 'Casa Giulietta']",Giardino Giusti,"['Santa Anastasia', 'Teatro Romano', 'Museo Conte', 'Centro Fotografia', 'Museo Storia']",Teatro Romano,strategy_nearest,True,0.0029959678649902344,success
048AB4C27B3F80,3,['Santa Anastasia'],Arena,"['Verona Tour', 'Museo Lapidario', 'Museo Radio', 'San Fermo', 'Casa Giulietta']",Torre Lamberti,strategy_nearest,False,0.003492116928100586,success
048ABF429C4C80,2,['Castelvecchio'],Torre Lamberti,"['Sighseeing', 'Centro Fotografia', 'Museo Conte', 'Casa Giulietta', 'Palazzo della Ragione']",Palazzo della Ragione,strategy_nearest,True,0.003801107406616211,success
048AC23A9C4C80,0,['Arena'],San Fermo,"['Museo Storia', 'Museo Radio', 'Casa Giulietta', 'Centro Fotografia', 'Sighseeing']",Casa Giulietta,strategy_nearest,True,0.0023980140686035156,success
048AC5C27B3F80,1,"['Torre Lamberti', 'Palazzo della Ragione', 'Santa Anastasia', 'Duomo']",Casa Giulietta,"['Centro Fotografia', 'Sighseeing', 'Museo Conte', 'Museo Radio', 'San Fermo']",Arena,strategy_nearest,False,0.0027780532836914062,success
048AC5429C4C80,0,"['Casa Giulietta', 'Museo Storia']",Teatro Romano,"['Santa Anastasia', 'Duomo', 'AMO', 'Palazzo della Ragione', 'Museo Conte']",Duomo,strategy_nearest,True,0.002179861068725586,success
048ACBC27B3F80,3,"['Duomo', 'Santa Anastasia', 'Arena']",Casa Giulietta,"['Centro Fotografia', 'Sighseeing', 'Torre Lamberti', 'Museo Conte', 'Museo Radio']",Torre Lamberti,strategy_nearest,True,0.0020978450775146484,success
048AC6429C4C80,3,"['Arena', 'Casa Giulietta']",Torre Lamberti,"['Sighseeing', 'Centro Fotografia', 'Museo Conte', 'Palazzo della Ragione', 'AMO']",Santa Anastasia,strategy_nearest,False,0.003919124603271484,success
048AD1C27B3F80,1,"['Museo Lapidario', 'Arena', 'San Fermo', 'Casa Giulietta']",Giardino Giusti,"['Santa Anastasia', 'Teatro Romano', 'Museo Conte', 'Centro Fotografia', 'Museo Storia']",Teatro Romano,strategy_nearest,True,0.002704143524169922,success
048ADDC27B3F80,1,"['Arena', 'Museo Lapidario']",Torre Lamberti,"['Sighseeing', 'Centro Fotografia', 'Museo Conte', 'Casa Giulietta', 'Palazzo della Ragione']",Palazzo della Ragione,strategy_nearest,True,0.0013570785522460938,success
048AD6429C4C80,1,"['Arena', 'Torre Lamberti', 'Palazzo della Ragione', 'Casa Giulietta', 'Museo Storia']",Giardino Giusti,"['Santa Anastasia', 'Teatro Romano', 'Museo Conte', 'Centro Fotografia', 'AMO']",Santa Anastasia,strategy_nearest,True,0.002808809280395508,success
048AE13A9C4C80,1,"['Arena', 'Tomba Giulietta']",Castelvecchio,"['Museo Lapidario', 'Verona Tour', 'Museo Radio', 'San Zeno', 'Sighseeing']",Casa Giulietta,strategy_nearest,False,0.0030019283294677734,success
048AFE429C4C80,3,"['Arena', 'Museo Lapidario']",San Fermo,"['Museo Storia', 'Museo Radio', 'Casa Giulietta', 'Centro Fotografia', 'Sighseeing']",Castelvecchio,strategy_nearest,False,0.002640962600708008,success
048B093A9C4C84,0,['Casa Giulietta'],Arena,"['Verona Tour', 'Museo Lapidario', 'Museo Radio', 'San Fermo', 'Sighseeing']",Tomba Giulietta,strategy_nearest,False,0.0034182071685791016,success
048AF63A9C4C80,2,['Torre Lamberti'],Casa Giulietta,"['Centro Fotografia', 'Sighseeing', 'Museo Conte', 'Museo Radio', 'Palazzo della Ragione']",San Fermo,strategy_nearest,False,0.0020780563354492188,success
048B0B429C4C80,0,['Arena'],Casa Giulietta,"['Centro Fotografia', 'Sighseeing', 'Torre Lamberti', 'Museo Conte', 'Museo Radio']",Tomba Giulietta,strategy_nearest,False,0.0034627914428710938,success
048B0C3A9C4C84,0,['Arena'],Casa Giulietta,"['Centro Fotografia', 'Sighseeing', 'Torre Lamberti', 'Museo Conte', 'Museo Radio']",Castelvecchio,strategy_nearest,False,0.002526998519897461,success
048B0E429C4C84,0,"['San Zeno', 'Arena']",Torre Lamberti,"['Sighseeing', 'Centro Fotografia', 'Museo Conte', 'Casa Giulietta', 'Palazzo della Ragione']",Casa Giulietta,strategy_nearest,True,0.0029058456420898438,success
048B14C27B3F80,0,"['Arena', 'Teatro Romano']",Castelvecchio,"['Museo Lapidario', 'Verona Tour', 'Museo Radio', 'San Zeno', 'Sighseeing']",Giardino Giusti,strategy_nearest,False,0.0034797191619873047,success
048B173A9C4C84,0,"['Castelvecchio', 'Arena']",Torre Lamberti,"['Sighseeing', 'Centro Fotografia', 'Museo Conte', 'Casa Giulietta', 'Palazzo della Ragione']",Teatro Romano,strategy_nearest,False,0.0028429031372070312,success
048B16429C4C80,0,['Arena'],Casa Giulietta,"['Centro Fotografia', 'Sighseeing', 'Torre Lamberti', 'Museo Conte', 'Museo Radio']",Torre Lamberti,strategy_nearest,True,0.0021812915802001953,success
048B17429C4C80,0,['Arena'],Torre Lamberti,"['Sighseeing', 'Centro Fotografia', 'Museo Conte', 'Casa Giulietta', 'Palazzo della Ragione']",Casa Giulietta,strategy_nearest,True,0.0028221607208251953,success
048B163A9C4C80,3,"['Torre Lamberti', 'Santa Anastasia', 'Duomo']",Teatro Romano,"['AMO', 'Palazzo della Ragione', 'Museo Conte', 'Centro Fotografia', 'Museo Miniscalchi']",Casa Giulietta,strategy_nearest,False,0.0033500194549560547,success
048B1B3A9C4C84,0,['Museo Lapidario'],Castelvecchio,"['Verona Tour', 'Arena', 'Museo Radio', 'San Zeno', 'Sighseeing']",Arena,strategy_nearest,True,0.0016019344329833984,success
048B18429C4C80,3,['Arena'],Torre Lamberti,"['Sighseeing', 'Centro Fotografia', 'Museo Conte', 'Casa Giulietta', 'Palazzo della Ragione']",Santa Anastasia,strategy_nearest,False,0.00412297248840332,success
048B1C429C4C80,0,['Arena'],Castelvecchio,"['Museo Lapidario', 'Verona Tour', 'Museo Radio', 'San Zeno', 'Sighseeing']",Casa Giulietta,strategy_nearest,False,0.0021789073944091797,success
048B1CC27B3F84,1,"['Arena', 'Torre Lamberti', 'Palazzo della Ragione', 'Casa Giulietta']",Castelvecchio,"['Museo Lapidario', 'Verona Tour', 'Museo Radio', 'San Zeno', 'Sighseeing']",San Zeno,strategy_nearest,True,0.002733945846557617,success
048B203A9C4C84,3,"['Casa Giulietta', 'Torre Lamberti']",Santa Anastasia,"['AMO', 'Museo Conte', 'Palazzo della Ragione', 'Teatro Romano', 'Centro Fotografia']",Duomo,strategy_nearest,False,0.0023300647735595703,success
048B243A9C4C80,1,"['Palazzo della Ragione', 'Santa Anastasia']",Arena,"['Verona Tour', 'Museo Lapidario', 'Museo Radio', 'San Fermo', 'Casa Giulietta']",Castelvecchio,strategy_nearest,False,0.003283977508544922,success
048B21C27B3F84,3,"['Casa Giulietta', 'Santa Anastasia']",Duomo,"['AMO', 'Museo Miniscalchi', 'Teatro Romano', 'Palazzo della Ragione', 'Museo Conte']",Teatro Romano,strategy_nearest,True,0.002964019775390625,success
048B233A9C4C84,3,"['Arena', 'Casa Giulietta']",Torre Lamberti,"['Sighseeing', 'Centro Fotografia', 'Museo Conte', 'Palazzo della Ragione', 'AMO']",Santa Anastasia,strategy_nearest,False,0.0021262168884277344,success
048B253A9C4C84,3,"['Arena', 'Casa Giulietta']",Santa Anastasia,"['AMO', 'Museo Conte', 'Palazzo della Ragione', 'Teatro Romano', 'Centro Fotografia']",Duomo,strategy_nearest,False,0.0031461715698242188,success
048B27C27B3F84,3,"['Arena', 'Torre Lamberti', 'Casa Giulietta', 'Santa Anastasia', 'Duomo']",Teatro Romano,"['AMO', 'Palazzo della Ragione', 'Museo Conte', 'Centro Fotografia', 'Museo Miniscalchi']",Tomba Giulietta,strategy_nearest,False,0.0022170543670654297,success
048B25C27B3F80,3,"['Arena', 'Tomba Giulietta', 'Giardino Giusti', 'Teatro Romano']",Museo Storia,"['San Fermo', 'Museo Radio', 'Casa Giulietta', 'Centro Fotografia', 'Torre Lamberti']",San Fermo,strategy_nearest,True,0.0029239654541015625,success
048B2E429C4C80,0,['Teatro Romano'],Arena,"['Verona Tour', 'Museo Lapidario', 'Museo Radio', 'San Fermo', 'Casa Giulietta']",Casa Giulietta,strategy_nearest,True,0.0034890174865722656,success
048B393A9C4C80,3,"['Casa Giulietta', 'Santa Anastasia']",Duomo,"['AMO', 'Museo Miniscalchi', 'Teatro Romano', 'Palazzo della Ragione', 'Museo Conte']",Teatro Romano,strategy_nearest,True,0.002804994583129883,success
048B3E3A9C4C80,0,"['Arena', 'Casa Giulietta']",Teatro Romano,"['Santa Anastasia', 'Duomo', 'AMO', 'Palazzo della Ragione', 'Museo Conte']",Torre Lamberti,strategy_nearest,False,0.0016150474548339844,success
048B3B3A9C4C80,3,"['Arena', 'Teatro Romano', 'Casa Giulietta']",Torre Lamberti,"['Sighseeing', 'Centro Fotografia', 'Museo Conte', 'Palazzo della Ragione', 'AMO']",Giardino Giusti,strategy_nearest,False,0.00442194938659668,success
048B473A9C4C80,3,"['Casa Giulietta', 'Torre Lamberti']",Arena,"['Verona Tour', 'Museo Lapidario', 'Museo Radio', 'San Fermo', 'Sighseeing']",Santa Anastasia,strategy_nearest,False,0.0021419525146484375,success
048B56429C4C80,2,['Casa Giulietta'],Torre Lamberti,"['Sighseeing', 'Centro Fotografia', 'Museo Conte', 'Palazzo della Ragione', 'AMO']",Palazzo della Ragione,strategy_nearest,True,0.003039836883544922,success
048B523A9C4C80,0,['Torre Lamberti'],Casa Giulietta,"['Centro Fotografia', 'Sighseeing', 'Museo Conte', 'Museo Radio', 'Palazzo della Ragione']",Arena,strategy_nearest,False,0.003738880157470703,success
048B503A9C4C80,1,"['Arena', 'Tomba Giulietta', 'Casa Giulietta']",Torre Lamberti,"['Sighseeing', 'Centro Fotografia', 'Museo Conte', 'Palazzo della Ragione', 'AMO']",Teatro Romano,strategy_nearest,False,0.0031280517578125,success
048B4A429C4C80,3,"['Arena', 'Castelvecchio', 'Torre Lamberti']",Duomo,"['AMO', 'Museo Miniscalchi', 'Santa Anastasia', 'Teatro Romano', 'Palazzo della Ragione']",Teatro Romano,strategy_nearest,True,0.0041599273681640625,success
048B5F429C4C80,0,['Arena'],Torre Lamberti,"['Sighseeing', 'Centro Fotografia', 'Museo Conte', 'Casa Giulietta', 'Palazzo della Ragione']",Teatro Romano,strategy_nearest,False,0.0015118122100830078,success
048B6C3A9C4C80,3,"['Arena', 'Casa Giulietta']",Torre Lamberti,"['Sighseeing', 'Centro Fotografia', 'Museo Conte', 'Palazzo della Ragione', 'AMO']",Castelvecchio,strategy_nearest,False,0.0027968883514404297,success
048B68429C4C80,0,['Arena'],Casa Giulietta,"['Centro Fotografia', 'Sighseeing', 'Torre Lamberti', 'Museo Conte', 'Museo Radio']",Torre Lamberti,strategy_nearest,True,0.002331256866455078,success
048B6FC27B3F80,3,"['Arena', 'San Fermo']",Castelvecchio,"['Museo Lapidario', 'Verona Tour', 'Museo Radio', 'San Zeno', 'Sighseeing']",Museo Lapidario,strategy_nearest,True,0.0032241344451904297,success
048B753A9C4C80,1,['Arena'],Casa Giulietta,"['Centro Fotografia', 'Sighseeing', 'Torre Lamberti', 'Museo Conte', 'Museo Radio']",Palazzo della Ragione,strategy_nearest,False,0.002843141555786133,success
048B7C429C4C80,1,"['Arena', 'Casa Giulietta']",Palazzo della Ragione,"['AMO', 'Museo Conte', 'Torre Lamberti', 'Centro Fotografia', 'Sighseeing']",Santa Anastasia,strategy_nearest,False,0.0031392574310302734,success
048B793A9C4C80,3,"['Casa Giulietta', 'Santa Anastasia']",Duomo,"['AMO', 'Museo Miniscalchi', 'Teatro Romano', 'Palazzo della Ragione', 'Museo Conte']",Arena,strategy_nearest,False,0.0027718544006347656,success
048B773A9C4C80,0,"['Arena', 'Museo Lapidario']",Castelvecchio,"['Verona Tour', 'Museo Radio', 'San Zeno', 'Sighseeing', 'Museo Miniscalchi']",Casa Giulietta,strategy_nearest,False,0.0022020339965820312,success
048B8B3A9C4C80,0,['Arena'],Casa Giulietta,"['Centro Fotografia', 'Sighseeing', 'Torre Lamberti', 'Museo Conte', 'Museo Radio']",Torre Lamberti,strategy_nearest,True,0.0021860599517822266,success
048B8BC27B3F80,0,['Arena'],Torre Lamberti,"['Sighseeing', 'Centro Fotografia', 'Museo Conte', 'Casa Giulietta', 'Palazzo della Ragione']",Casa Giulietta,strategy_nearest,True,0.0027849674224853516,success
048B8A4A9C4C80,3,"['Arena', 'Torre Lamberti']",Casa Giulietta,"['Centro Fotografia', 'Sighseeing', 'Museo Conte', 'Museo Radio', 'Palazzo della Ragione']",Santa Anastasia,strategy_nearest,False,0.0029058456420898438,success
048B8D4A9C4C80,1,"['Arena', 'Teatro Romano', 'Santa Anastasia']",Castelvecchio,"['Museo Lapidario', 'Verona Tour', 'Museo Radio', 'San Zeno', 'Sighseeing']",Torre Lamberti,strategy_nearest,False,0.003503084182739258,success
048B91C27B3F80,0,"['Arena', 'Museo Lapidario']",Torre Lamberti,"['Sighseeing', 'Centro Fotografia', 'Museo Conte', 'Casa Giulietta', 'Palazzo della Ragione']",Teatro Romano,strategy_nearest,False,0.001371145248413086,success
048BA6429C4C80,0,['Casa Giulietta'],Arena,"['Verona Tour', 'Museo Lapidario', 'Museo Radio', 'San Fermo', 'Sighseeing']",Castelvecchio,strategy_nearest,False,0.0021080970764160156,success
048BA7429C4C80,0,['Arena'],Giardino Giusti,"['Santa Anastasia', 'Teatro Romano', 'Museo Conte', 'Centro Fotografia', 'Museo Storia']",Teatro Romano,strategy_nearest,True,0.0030927658081054688,success
048BAB429C4C80,0,['Arena'],Castelvecchio,"['Museo Lapidario', 'Verona Tour', 'Museo Radio', 'San Zeno', 'Sighseeing']",Casa Giulietta,strategy_nearest,False,0.003435850143432617,success
048BAE3A9C4C80,0,['Arena'],Casa Giulietta,"['Centro Fotografia', 'Sighseeing', 'Torre Lamberti', 'Museo Conte', 'Museo Radio']",Duomo,strategy_nearest,False,0.0026941299438476562,success
048BB1429C4C80,3,['Arena'],Duomo,"['AMO', 'Museo Miniscalchi', 'Santa Anastasia', 'Teatro Romano', 'Palazzo della Ragione']",Santa Anastasia,strategy_nearest,True,0.0036830902099609375,success
048BC23A9C4C80,3,"['Arena', 'Casa Giulietta']",Tomba Giulietta,"['San Fermo', 'Museo Storia', 'Museo Lapidario', 'Museo Radio', 'Verona Tour']",Teatro Romano,strategy_nearest,False,0.0026171207427978516,success
048BBB3A9C4C80,0,['Casa Giulietta'],Torre Lamberti,"['Sighseeing', 'Centro Fotografia', 'Museo Conte', 'Palazzo della Ragione', 'AMO']",Arena,strategy_nearest,False,0.002527952194213867,success
048BBC429C4C80,0,"['Casa Giulietta', 'Casa Giulietta', 'Torre Lamberti']",Duomo,"['AMO', 'Museo Miniscalchi', 'Santa Anastasia', 'Teatro Romano', 'Palazzo della Ragione']",Castelvecchio,strategy_nearest,False,0.003520965576171875,success
048BC6429C4C80,0,"['Arena', 'Museo Lapidario']",Tomba Giulietta,"['San Fermo', 'Museo Storia', 'Museo Radio', 'Verona Tour', 'Casa Giulietta']",Casa Giulietta,strategy_nearest,True,0.0015521049499511719,success
048BCD3A9C4C80,3,"['Castelvecchio', 'Arena', 'Casa Giulietta']",Torre Lamberti,"['Sighseeing', 'Centro Fotografia', 'Museo Conte', 'Palazzo della Ragione', 'AMO']",Santa Anastasia,strategy_nearest,False,0.003097057342529297,success
048BC2429C4C80,2,['Casa Giulietta'],Torre Lamberti,"['Sighseeing', 'Centro Fotografia', 'Museo Conte', 'Palazzo della Ragione', 'AMO']",Tomba Giulietta,strategy_nearest,False,0.003122091293334961,success
048BC7C27B3F80,0,"['Arena', 'Casa Giulietta']",Tomba Giulietta,"['San Fermo', 'Museo Storia', 'Museo Lapidario', 'Museo Radio', 'Verona Tour']",Torre Lamberti,strategy_nearest,False,0.0031919479370117188,success
048BE63A9C4C80,3,"['Arena', 'Tomba Giulietta', 'Castelvecchio']",Duomo,"['AMO', 'Museo Miniscalchi', 'Santa Anastasia', 'Teatro Romano', 'Palazzo della Ragione']",Santa Anastasia,strategy_nearest,True,0.0026810169219970703,success
048BE23A9C4C80,3,"['Arena', 'Casa Giulietta']",Santa Anastasia,"['AMO', 'Museo Conte', 'Palazzo della Ragione', 'Teatro Romano', 'Centro Fotografia']",Duomo,strategy_nearest,False,0.002299070358276367,success
048BD73A9C4C80,0,"['Tomba Giulietta', 'Arena']",Casa Giulietta,"['Centro Fotografia', 'Sighseeing', 'Torre Lamberti', 'Museo Conte', 'Museo Radio']",Torre Lamberti,strategy_nearest,True,0.001688241958618164,success
048BE53A9C4C80,0,['Arena'],Torre Lamberti,"['Sighseeing', 'Centro Fotografia', 'Museo Conte', 'Casa Giulietta', 'Palazzo della Ragione']",Casa Giulietta,strategy_nearest,True,0.003576040267944336,success
048BE83A9C4C80,0,"['Arena', 'Museo Lapidario']",Casa Giulietta,"['Centro Fotografia', 'Sighseeing', 'Torre Lamberti', 'Museo Conte', 'Museo Radio']",Torre Lamberti,strategy_nearest,True,0.002529144287109375,success
048BF23A9C4C80,0,"['Arena', 'Casa Giulietta']",Torre Lamberti,"['Sighseeing', 'Centro Fotografia', 'Museo Conte', 'Palazzo della Ragione', 'AMO']",Castelvecchio,strategy_nearest,False,0.0017070770263671875,success
048BEA429C4C80,1,"['Arena', 'Castelvecchio', 'Santa Anastasia']",Duomo,"['AMO', 'Museo Miniscalchi', 'Teatro Romano', 'Palazzo della Ragione', 'Museo Conte']",Teatro Romano,strategy_nearest,True,0.0036232471466064453,success
048BFB3A9C4C80,3,"['Arena', 'Castelvecchio']",Casa Giulietta,"['Centro Fotografia', 'Sighseeing', 'Torre Lamberti', 'Museo Conte', 'Museo Radio']",Santa Anastasia,strategy_nearest,False,0.0027658939361572266,success
048C0BC27B3F80,3,"['Santa Anastasia', 'Teatro Romano']",Castelvecchio,"['Museo Lapidario', 'Verona Tour', 'Arena', 'Museo Radio', 'San Zeno']",Arena,strategy_nearest,True,0.0038547515869140625,success
048C02429C4C84,2,"['Torre Lamberti', 'Palazzo della Ragione', 'Santa Anastasia']",Casa Giulietta,"['Centro Fotografia', 'Sighseeing', 'Museo Conte', 'Museo Radio', 'San Fermo']",Teatro Romano,strategy_nearest,False,0.0034322738647460938,success
048C0C429C4C80,1,"['Torre Lamberti', 'Palazzo della Ragione']",Casa Giulietta,"['Centro Fotografia', 'Sighseeing', 'Museo Conte', 'Museo Radio', 'San Fermo']",Arena,strategy_nearest,False,0.0028569698333740234,success
048C03429C4C84,1,"['Torre Lamberti', 'Palazzo della Ragione', 'Santa Anastasia']",Arena,"['Verona Tour', 'Museo Lapidario', 'Museo Radio', 'San Fermo', 'Casa Giulietta']",Casa Giulietta,strategy_nearest,True,0.0025091171264648438,success
048C123A9C4C80,3,"['Arena', 'San Fermo', 'Tomba Giulietta']",Teatro Romano,"['Santa Anastasia', 'Duomo', 'AMO', 'Palazzo della Ragione', 'Museo Conte']",Torre Lamberti,strategy_nearest,False,0.002719879150390625,success
048C0F3A9C4C80,3,"['Arena', 'Casa Giulietta']",Torre Lamberti,"['Sighseeing', 'Centro Fotografia', 'Museo Conte', 'Palazzo della Ragione', 'AMO']",Santa Anastasia,strategy_nearest,False,0.002665996551513672,success
048C11429C4C80,0,['Arena'],Casa Giulietta,"['Centro Fotografia', 'Sighseeing', 'Torre Lamberti', 'Museo Conte', 'Museo Radio']",Torre Lamberti,strategy_nearest,True,0.0027980804443359375,success
048C11C27B3F80,1,"['Palazzo della Ragione', 'Castelvecchio', 'San Zeno']",Teatro Romano,"['Santa Anastasia', 'Duomo', 'AMO', 'Museo Conte', 'Centro Fotografia']",Duomo,strategy_nearest,True,0.0035920143127441406,success
048C163A9C4C84,1,"['Teatro Romano', 'Santa Anastasia', 'Casa Giulietta']",Arena,"['Verona Tour', 'Museo Lapidario', 'Museo Radio', 'San Fermo', 'Sighseeing']",Castelvecchio,strategy_nearest,False,0.0035028457641601562,success
048C12C27B3F80,3,"['Duomo', 'Teatro Romano']",San Fermo,"['Museo Storia', 'Museo Radio', 'Casa Giulietta', 'Centro Fotografia', 'Arena']",San Zeno,strategy_nearest,False,0.0042879581451416016,success
048C18C27B3F80,1,"['Santa Anastasia', 'Torre Lamberti', 'Palazzo della Ragione']",Castelvecchio,"['Museo Lapidario', 'Verona Tour', 'Arena', 'Museo Radio', 'San Zeno']",San Zeno,strategy_nearest,True,0.003759145736694336,success
048C17C27B3F80,3,"['Santa Anastasia', 'San Zeno', 'Arena']",San Fermo,"['Museo Storia', 'Museo Radio', 'Casa Giulietta', 'Centro Fotografia', 'Sighseeing']",Casa Giulietta,strategy_nearest,True,0.0019867420196533203,success
048C1DC27B3F80,1,"['Palazzo della Ragione', 'Castelvecchio', 'San Zeno']",Teatro Romano,"['Santa Anastasia', 'Duomo', 'AMO', 'Museo Conte', 'Centro Fotografia']",Duomo,strategy_nearest,True,0.0029807090759277344,success
048C1D429C4C80,1,"['Arena', 'Teatro Romano', 'Duomo']",Santa Anastasia,"['AMO', 'Museo Conte', 'Palazzo della Ragione', 'Centro Fotografia', 'Torre Lamberti']",Casa Giulietta,strategy_nearest,False,0.0018420219421386719,success
048C1E3A9C4C84,3,"['Arena', 'Casa Giulietta']",Santa Anastasia,"['AMO', 'Museo Conte', 'Palazzo della Ragione', 'Teatro Romano', 'Centro Fotografia']",Teatro Romano,strategy_nearest,True,0.004251956939697266,success
048C213A9C4C84,0,['Arena'],Casa Giulietta,"['Centro Fotografia', 'Sighseeing', 'Torre Lamberti', 'Museo Conte', 'Museo Radio']",Torre Lamberti,strategy_nearest,True,0.0030519962310791016,success
048C2AC27B3F80,3,"['Duomo', 'Teatro Romano']",San Fermo,"['Museo Storia', 'Museo Radio', 'Casa Giulietta', 'Centro Fotografia', 'Arena']",San Zeno,strategy_nearest,False,0.001928091049194336,success
048C2B3A9C4C80,0,['Teatro Romano'],Tomba Giulietta,"['San Fermo', 'Museo Storia', 'Arena', 'Museo Lapidario', 'Museo Radio']",Arena,strategy_nearest,True,0.002489805221557617,success
048C2FC27B3F80,3,"['Santa Anastasia', 'San Zeno', 'Arena', 'San Fermo']",Torre Lamberti,"['Sighseeing', 'Centro Fotografia', 'Museo Conte', 'Casa Giulietta', 'Palazzo della Ragione']",Casa Giulietta,strategy_nearest,True,0.0036330223083496094,success
048C30C27B3F80,1,"['Santa Anastasia', 'Torre Lamberti', 'Palazzo della Ragione']",Castelvecchio,"['Museo Lapidario', 'Verona Tour', 'Arena', 'Museo Radio', 'San Zeno']",San Zeno,strategy_nearest,True,0.003893136978149414,success
048C35C27B3F80,1,"['Casa Giulietta', 'Arena', 'Teatro Romano']",Duomo,"['AMO', 'Museo Miniscalchi', 'Santa Anastasia', 'Palazzo della Ragione', 'Museo Conte']",Torre Lamberti,strategy_nearest,False,0.0026988983154296875,success
048C373A9C4C80,0,['Castelvecchio'],Arena,"['Verona Tour', 'Museo Lapidario', 'Museo Radio', 'San Fermo', 'Casa Giulietta']",Casa Giulietta,strategy_nearest,True,0.0028238296508789062,success
048C36C27B3F80,1,"['Duomo', 'Casa Giulietta', 'Torre Lamberti']",Palazzo della Ragione,"['AMO', 'Museo Conte', 'Centro Fotografia', 'Sighseeing', 'Santa Anastasia']",Arena,strategy_nearest,False,0.001983165740966797,success
048C37429C4C80,0,"['Arena', 'San Fermo']",Casa Giulietta,"['Centro Fotografia', 'Sighseeing', 'Torre Lamberti', 'Museo Conte', 'Museo Radio']",Duomo,strategy_nearest,False,0.001905202865600586,success
048C38C27B3F80,4,"['Museo Lapidario', 'Arena', 'Castelvecchio', 'San Zeno']",Torre Lamberti,"['Sighseeing', 'Centro Fotografia', 'Museo Conte', 'Casa Giulietta', 'Palazzo della Ragione']",Teatro Romano,strategy_nearest,False,0.002586841583251953,success
048C3BC27B3F80,3,"['Casa Giulietta', 'San Zeno']",Arena,"['Verona Tour', 'Museo Lapidario', 'Museo Radio', 'San Fermo', 'Sighseeing']",Torre Lamberti,strategy_nearest,False,0.0024459362030029297,success
048C3EC27B3F80,4,"['Museo Lapidario', 'Arena', 'Castelvecchio', 'San Zeno']",Torre Lamberti,"['Sighseeing', 'Centro Fotografia', 'Museo Conte', 'Casa Giulietta', 'Palazzo della Ragione']",Teatro Romano,strategy_nearest,False,0.0030059814453125,success
048C463A9C4C80,3,"['Arena', 'Santa Anastasia']",Duomo,"['AMO', 'Museo Miniscalchi', 'Teatro Romano', 'Palazzo della Ragione', 'Museo Conte']",Torre Lamberti,strategy_nearest,False,0.004240274429321289,success
048C41C27B3F80,1,"['Casa Giulietta', 'Arena', 'Teatro Romano']",Duomo,"['AMO', 'Museo Miniscalchi', 'Santa Anastasia', 'Palazzo della Ragione', 'Museo Conte']",Torre Lamberti,strategy_nearest,False,0.005738735198974609,success
048C3D3A9C4C80,1,"['Torre Lamberti', 'Palazzo della Ragione']",Arena,"['Verona Tour', 'Museo Lapidario', 'Museo Radio', 'San Fermo', 'Casa Giulietta']",Casa Giulietta,strategy_nearest,True,0.004065752029418945,success
048C42C27B3F80,1,"['Duomo', 'Casa Giulietta', 'Torre Lamberti']",Palazzo della Ragione,"['AMO', 'Museo Conte', 'Centro Fotografia', 'Sighseeing', 'Santa Anastasia']",Arena,strategy_nearest,False,0.003070831298828125,success
048C5E429C4C80,0,['Arena'],Casa Giulietta,"['Centro Fotografia', 'Sighseeing', 'Torre Lamberti', 'Museo Conte', 'Museo Radio']",Castelvecchio,strategy_nearest,False,0.002582073211669922,success
048C5CC27B3F80,0,"['Arena', 'Museo Lapidario']",Casa Giulietta,"['Centro Fotografia', 'Sighseeing', 'Torre Lamberti', 'Museo Conte', 'Museo Radio']",Torre Lamberti,strategy_nearest,True,0.0038008689880371094,success
048C543A9C4C80,1,"['Arena', 'Museo Lapidario', 'Castelvecchio', 'Casa Giulietta']",Santa Anastasia,"['AMO', 'Museo Conte', 'Palazzo della Ragione', 'Teatro Romano', 'Centro Fotografia']",Teatro Romano,strategy_nearest,True,0.0019750595092773438,success
048C4A429C4C80,1,"['Arena', 'Casa Giulietta']",Torre Lamberti,"['Sighseeing', 'Centro Fotografia', 'Museo Conte', 'Palazzo della Ragione', 'AMO']",Palazzo della Ragione,strategy_nearest,True,0.005151033401489258,success
048C61C27B3F80,0,['Arena'],Torre Lamberti,"['Sighseeing', 'Centro Fotografia', 'Museo Conte', 'Casa Giulietta', 'Palazzo della Ragione']",Casa Giulietta,strategy_nearest,True,0.0038259029388427734,success
048C67C27B3F80,3,"['Arena', 'Torre Lamberti', 'Casa Giulietta', 'Santa Anastasia', 'Duomo']",Teatro Romano,"['AMO', 'Palazzo della Ragione', 'Museo Conte', 'Centro Fotografia', 'Museo Miniscalchi']",Tomba Giulietta,strategy_nearest,False,0.002321958541870117,success
048C69429C4C80,0,['Arena'],Teatro Romano,"['Santa Anastasia', 'Duomo', 'AMO', 'Palazzo della Ragione', 'Museo Conte']",Casa Giulietta,strategy_nearest,False,0.004239082336425781,success
048C73429C4C80,3,['Arena'],Santa Anastasia,"['AMO', 'Museo Conte', 'Palazzo della Ragione', 'Teatro Romano', 'Centro Fotografia']",Teatro Romano,strategy_nearest,True,0.004667043685913086,success
048C773A9C4C80,1,"['Arena', 'Casa Giulietta', 'San Fermo']",Torre Lamberti,"['Sighseeing', 'Centro Fotografia', 'Museo Conte', 'Palazzo della Ragione', 'AMO']",Palazzo della Ragione,strategy_nearest,True,0.0016820430755615234,success
048C77429C4C80,2,"['Casa Giulietta', 'Torre Lamberti', 'Santa Anastasia']",Teatro Romano,"['Duomo', 'AMO', 'Palazzo della Ragione', 'Museo Conte', 'Centro Fotografia']",Duomo,strategy_nearest,True,0.0024149417877197266,success
048C7C429C4C80,0,['Arena'],Casa Giulietta,"['Centro Fotografia', 'Sighseeing', 'Torre Lamberti', 'Museo Conte', 'Museo Radio']",Castelvecchio,strategy_nearest,False,0.001683950424194336,success
048C8CC27B3F80,1,['Tomba Giulietta'],Arena,"['Verona Tour', 'Museo Lapidario', 'Museo Radio', 'San Fermo', 'Casa Giulietta']",San Fermo,strategy_nearest,True,0.0019559860229492188,success
048C853A9C4C80,3,"['Arena', 'Castelvecchio']",Santa Anastasia,"['AMO', 'Museo Conte', 'Palazzo della Ragione', 'Teatro Romano', 'Centro Fotografia']",Casa Giulietta,strategy_nearest,False,0.0028688907623291016,success
048C8D4A9C4C80,3,"['Arena', 'Torre Lamberti']",Santa Anastasia,"['AMO', 'Museo Conte', 'Palazzo della Ragione', 'Teatro Romano', 'Centro Fotografia']",Teatro Romano,strategy_nearest,True,0.003104686737060547,success
048C91C27B3F80,3,"['Arena', 'San Fermo', 'Casa Giulietta', 'Torre Lamberti']",Santa Anastasia,"['AMO', 'Museo Conte', 'Palazzo della Ragione', 'Teatro Romano', 'Centro Fotografia']",Teatro Romano,strategy_nearest,True,0.0030918121337890625,success
048C8E4A9C4C80,3,"['Arena', 'Casa Giulietta']",Torre Lamberti,"['Sighseeing', 'Centro Fotografia', 'Museo Conte', 'Palazzo della Ragione', 'AMO']",Santa Anastasia,strategy_nearest,False,0.0018239021301269531,success
048C98C27B3F80,1,"['Tomba Giulietta', 'Arena']",San Fermo,"['Museo Storia', 'Museo Radio', 'Casa Giulietta', 'Centro Fotografia', 'Sighseeing']",Casa Giulietta,strategy_nearest,True,0.003813028335571289,success
048C9EC27B3F80,2,"['Tomba Giulietta', 'San Fermo', 'Museo Storia']",Teatro Romano,"['Santa Anastasia', 'Duomo', 'AMO', 'Palazzo della Ragione', 'Museo Conte']",Casa Giulietta,strategy_nearest,False,0.002875089645385742,success
048C9B429C4C80,3,"['Arena', 'Santa Anastasia']",Duomo,"['AMO', 'Museo Miniscalchi', 'Teatro Romano', 'Palazzo della Ragione', 'Museo Conte']",Teatro Romano,strategy_nearest,True,0.0022339820861816406,success
048CAB429C4C80,1,['Arena'],Palazzo della Ragione,"['AMO', 'Museo Conte', 'Torre Lamberti', 'Centro Fotografia', 'Sighseeing']",Torre Lamberti,strategy_nearest,True,0.0028159618377685547,success
048CB5C27B3F80,3,"['Arena', 'Casa Giulietta']",Santa Anastasia,"['AMO', 'Museo Conte', 'Palazzo della Ragione', 'Teatro Romano', 'Centro Fotografia']",Duomo,strategy_nearest,False,0.0025453567504882812,success
048CB4429C4C80,0,['Arena'],Castelvecchio,"['Museo Lapidario', 'Verona Tour', 'Museo Radio', 'San Zeno', 'Sighseeing']",San Fermo,strategy_nearest,False,0.001966714859008789,success
048CAC429C4C80,0,['Arena'],Casa Giulietta,"['Centro Fotografia', 'Sighseeing', 'Torre Lamberti', 'Museo Conte', 'Museo Radio']",Torre Lamberti,strategy_nearest,True,0.002212047576904297,success
048CB6C27B3F80,0,['Casa Giulietta'],Arena,"['Verona Tour', 'Museo Lapidario', 'Museo Radio', 'San Fermo', 'Sighseeing']",Castelvecchio,strategy_nearest,False,0.0013039112091064453,success
048CBA429C4C80,1,"['Palazzo della Ragione', 'Torre Lamberti']",Casa Giulietta,"['Centro Fotografia', 'Sighseeing', 'Museo Conte', 'Museo Radio', 'San Fermo']",Teatro Romano,strategy_nearest,False,0.0020380020141601562,success
048CBE429C4C80,0,['Arena'],Museo Lapidario,"['Verona Tour', 'Castelvecchio', 'Museo Radio', 'San Fermo', 'Casa Giulietta']",Castelvecchio,strategy_nearest,True,0.003025054931640625,success
048CBC429C4C80,1,"['Arena', 'Palazzo della Ragione']",Santa Anastasia,"['AMO', 'Museo Conte', 'Teatro Romano', 'Centro Fotografia', 'Duomo']",Duomo,strategy_nearest,True,0.004244089126586914,success
048CCC429C4C80,0,['Arena'],Casa Giulietta,"['Centro Fotografia', 'Sighseeing', 'Torre Lamberti', 'Museo Conte', 'Museo Radio']",Teatro Romano,strategy_nearest,False,0.002523183822631836,success
048CBF429C4C80,0,['Castelvecchio'],Arena,"['Verona Tour', 'Museo Lapidario', 'Museo Radio', 'San Fermo', 'Casa Giulietta']",Torre Lamberti,strategy_nearest,False,0.003365039825439453,success
048CCD3A9C4C80,0,['Arena'],Castelvecchio,"['Museo Lapidario', 'Verona Tour', 'Museo Radio', 'San Zeno', 'Sighseeing']",Casa Giulietta,strategy_nearest,False,0.002424001693725586,success
048CD53A9C4C80,0,['Arena'],Torre Lamberti,"['Sighseeing', 'Centro Fotografia', 'Museo Conte', 'Casa Giulietta', 'Palazzo della Ragione']",Casa Giulietta,strategy_nearest,True,0.002192974090576172,success
048CDA3A9C4C80,1,"['Arena', 'Museo Lapidario', 'Torre Lamberti', 'Palazzo della Ragione']",Santa Anastasia,"['AMO', 'Museo Conte', 'Teatro Romano', 'Centro Fotografia', 'Duomo']",Casa Giulietta,strategy_nearest,False,0.0036339759826660156,success
048CD73A9C4C80,3,"['Arena', 'San Fermo', 'Santa Anastasia']",Casa Giulietta,"['Centro Fotografia', 'Sighseeing', 'Torre Lamberti', 'Museo Conte', 'Museo Radio']",Torre Lamberti,strategy_nearest,True,0.0032150745391845703,success
048CDC3A9C4C80,2,['Castelvecchio'],Casa Giulietta,"['Centro Fotografia', 'Sighseeing', 'Torre Lamberti', 'Museo Conte', 'Museo Radio']",Tomba Giulietta,strategy_nearest,False,0.002523183822631836,success
048CDE3A9C4C80,3,"['Castelvecchio', 'Casa Giulietta']",Santa Anastasia,"['AMO', 'Museo Conte', 'Palazzo della Ragione', 'Teatro Romano', 'Centro Fotografia']",Duomo,strategy_nearest,False,0.0027687549591064453,success
048CE7429C4C80,3,"['Tomba Giulietta', 'San Fermo', 'Arena', 'Casa Giulietta']",Torre Lamberti,"['Sighseeing', 'Centro Fotografia', 'Museo Conte', 'Palazzo della Ragione', 'AMO']",Santa Anastasia,strategy_nearest,False,0.004144906997680664,success
048D013A9C4C84,0,"['Arena', 'Casa Giulietta']",Torre Lamberti,"['Sighseeing', 'Centro Fotografia', 'Museo Conte', 'Palazzo della Ragione', 'AMO']",Castelvecchio,strategy_nearest,False,0.002779245376586914,success
048D0CC27B3F80,0,['Casa Giulietta'],Teatro Romano,"['Santa Anastasia', 'Duomo', 'AMO', 'Palazzo della Ragione', 'Museo Conte']",Arena,strategy_nearest,False,0.003584623336791992,success
048D0CC27B3F84,2,"['Torre Lamberti', 'Palazzo della Ragione', 'San Zeno']",Castelvecchio,"['Museo Lapidario', 'Verona Tour', 'Arena', 'Museo Radio', 'Sighseeing']",Duomo,strategy_nearest,False,0.00463104248046875,success
048D06C27B3F84,3,"['Duomo', 'Arena']",Tomba Giulietta,"['San Fermo', 'Museo Storia', 'Museo Lapidario', 'Museo Radio', 'Verona Tour']",Castelvecchio,strategy_nearest,False,0.009409189224243164,success
048D0D429C4C80,0,"['Tomba Giulietta', 'Arena']",Casa Giulietta,"['Centro Fotografia', 'Sighseeing', 'Torre Lamberti', 'Museo Conte', 'Museo Radio']",Castelvecchio,strategy_nearest,False,0.003935098648071289,success
048D0DC27B3F80,1,"['Santa Anastasia', 'Palazzo della Ragione', 'Torre Lamberti']",Duomo,"['AMO', 'Museo Miniscalchi', 'Teatro Romano', 'Museo Conte', 'Centro Fotografia']",Arena,strategy_nearest,False,0.0029611587524414062,success
048D0F429C4C80,0,['Castelvecchio'],Duomo,"['AMO', 'Museo Miniscalchi', 'Santa Anastasia', 'Teatro Romano', 'Palazzo della Ragione']",Arena,strategy_nearest,False,0.004920005798339844,success
048D13C27B3F80,1,"['Teatro Romano', 'Duomo', 'Arena']",Castelvecchio,"['Museo Lapidario', 'Verona Tour', 'Museo Radio', 'San Zeno', 'Sighseeing']",San Fermo,strategy_nearest,False,0.010239839553833008,success
048D11429C4C80,1,"['Arena', 'Torre Lamberti']",Palazzo della Ragione,"['AMO', 'Museo Conte', 'Centro Fotografia', 'Sighseeing', 'Santa Anastasia']",Casa Giulietta,strategy_nearest,False,0.006742000579833984,success
048D163A9C4C84,3,"['Museo Lapidario', 'Arena', 'Tomba Giulietta', 'San Fermo']",Casa Giulietta,"['Centro Fotografia', 'Sighseeing', 'Torre Lamberti', 'Museo Conte', 'Museo Radio']",Torre Lamberti,strategy_nearest,True,0.006223201751708984,success
048D16429C4C80,3,"['Arena', 'Castelvecchio']",Santa Anastasia,"['AMO', 'Museo Conte', 'Palazzo della Ragione', 'Teatro Romano', 'Centro Fotografia']",Torre Lamberti,strategy_nearest,False,0.008662939071655273,success
048D183A9C4C80,0,['Arena'],Casa Giulietta,"['Centro Fotografia', 'Sighseeing', 'Torre Lamberti', 'Museo Conte', 'Museo Radio']",Torre Lamberti,strategy_nearest,True,0.002297639846801758,success
048D1C3A9C4C84,3,['Arena'],Casa Giulietta,"['Centro Fotografia', 'Sighseeing', 'Torre Lamberti', 'Museo Conte', 'Museo Radio']",Santa Anastasia,strategy_nearest,False,0.0034329891204833984,success
048D18C27B3F84,2,"['Palazzo della Ragione', 'San Zeno', 'Castelvecchio']",Duomo,"['AMO', 'Museo Miniscalchi', 'Santa Anastasia', 'Teatro Romano', 'Museo Conte']",Teatro Romano,strategy_nearest,True,0.0036439895629882812,success
048D1FC27B3F80,2,"['Santa Anastasia', 'Torre Lamberti']",Casa Giulietta,"['Centro Fotografia', 'Sighseeing', 'Museo Conte', 'Museo Radio', 'Palazzo della Ragione']",Duomo,strategy_nearest,False,0.002286195755004883,success
048D1D429C4C80,0,['Teatro Romano'],Casa Giulietta,"['Centro Fotografia', 'Sighseeing', 'Torre Lamberti', 'Museo Conte', 'Museo Radio']",Arena,strategy_nearest,False,0.001737356185913086,success
048D1E3A9C4C84,1,"['Arena', 'Palazzo della Ragione']",Torre Lamberti,"['Sighseeing', 'Centro Fotografia', 'Museo Conte', 'Casa Giulietta', 'AMO']",Casa Giulietta,strategy_nearest,True,0.0032339096069335938,success
048D203A9C4C80,0,['Arena'],Museo Lapidario,"['Verona Tour', 'Castelvecchio', 'Museo Radio', 'San Fermo', 'Casa Giulietta']",Torre Lamberti,strategy_nearest,False,0.003979682922363281,success
048D203A9C4C84,1,['Arena'],Casa Giulietta,"['Centro Fotografia', 'Sighseeing', 'Torre Lamberti', 'Museo Conte', 'Museo Radio']",Palazzo della Ragione,strategy_nearest,False,0.0030379295349121094,success
048D20C27B3F80,1,"['Santa Anastasia', 'Teatro Romano']",Palazzo della Ragione,"['AMO', 'Museo Conte', 'Torre Lamberti', 'Centro Fotografia', 'Sighseeing']",Casa Giulietta,strategy_nearest,False,0.005967140197753906,success
048D24C27B3F84,2,"['Duomo', 'San Fermo']",Teatro Romano,"['Santa Anastasia', 'AMO', 'Palazzo della Ragione', 'Museo Conte', 'Centro Fotografia']",Tomba Giulietta,strategy_nearest,False,0.0039789676666259766,success
048D2CC27B3F80,3,['Santa Anastasia'],Casa Giulietta,"['Centro Fotografia', 'Sighseeing', 'Torre Lamberti', 'Museo Conte', 'Museo Radio']",Duomo,strategy_nearest,False,0.0031540393829345703,success
048D26C27B3F80,3,"['Duomo', 'Teatro Romano']",Castelvecchio,"['Museo Lapidario', 'Verona Tour', 'Arena', 'Museo Radio', 'San Zeno']",San Zeno,strategy_nearest,True,0.005241870880126953,success
048D32C27B3F80,0,['Torre Lamberti'],Casa Giulietta,"['Centro Fotografia', 'Sighseeing', 'Museo Conte', 'Museo Radio', 'Palazzo della Ragione']",Teatro Romano,strategy_nearest,False,0.00302886962890625,success
048D2DC27B3F80,1,"['Santa Anastasia', 'Casa Giulietta', 'Arena']",Museo Lapidario,"['Verona Tour', 'Castelvecchio', 'Museo Radio', 'San Fermo', 'Tomba Giulietta']",Castelvecchio,strategy_nearest,True,0.0037860870361328125,success
048D393A9C4C80,1,"['Arena', 'Casa Giulietta']",Palazzo della Ragione,"['AMO', 'Museo Conte', 'Torre Lamberti', 'Centro Fotografia', 'Sighseeing']",Castelvecchio,strategy_nearest,False,0.003141164779663086,success
048D33C27B3F80,2,['Castelvecchio'],Tomba Giulietta,"['San Fermo', 'Museo Storia', 'Arena', 'Museo Lapidario', 'Museo Radio']",San Zeno,strategy_nearest,False,0.004152059555053711,success
048D39C27B3F80,1,"['Santa Anastasia', 'Casa Giulietta', 'Arena']",Museo Lapidario,"['Verona Tour', 'Castelvecchio', 'Museo Radio', 'San Fermo', 'Tomba Giulietta']",Castelvecchio,strategy_nearest,True,0.0029518604278564453,success
048D3E429C4C80,3,"['Teatro Romano', 'Santa Anastasia']",Casa Giulietta,"['Centro Fotografia', 'Sighseeing', 'Torre Lamberti', 'Museo Conte', 'Museo Radio']",Castelvecchio,strategy_nearest,False,0.0019919872283935547,success
048D3EC27B3F80,3,"['Casa Giulietta', 'San Zeno']",Arena,"['Verona Tour', 'Museo Lapidario', 'Museo Radio', 'San Fermo', 'Sighseeing']",Torre Lamberti,strategy_nearest,False,0.0030088424682617188,success
048D55429C4C80,3,"['Arena', 'San Zeno']",Santa Anastasia,"['AMO', 'Museo Conte', 'Palazzo della Ragione', 'Teatro Romano', 'Centro Fotografia']",Duomo,strategy_nearest,False,0.0032989978790283203,success
048D463A9C4C80,3,"['Torre Lamberti', 'Santa Anastasia']",Castelvecchio,"['Museo Lapidario', 'Verona Tour', 'Arena', 'Museo Radio', 'San Zeno']",San Fermo,strategy_nearest,False,0.002377033233642578,success
048D51429C4C80,0,"['Arena', 'Casa Giulietta']",Torre Lamberti,"['Sighseeing', 'Centro Fotografia', 'Museo Conte', 'Palazzo della Ragione', 'AMO']",Arena,strategy_nearest,False,0.0032339096069335938,success
048D58429C4C80,0,['Arena'],Teatro Romano,"['Santa Anastasia', 'Duomo', 'AMO', 'Palazzo della Ragione', 'Museo Conte']",Casa Giulietta,strategy_nearest,False,0.0027551651000976562,success
048D5D429C4C80,3,"['Torre Lamberti', 'Santa Anastasia']",Duomo,"['AMO', 'Museo Miniscalchi', 'Teatro Romano', 'Palazzo della Ragione', 'Museo Conte']",Teatro Romano,strategy_nearest,True,0.004360198974609375,success
048D61429C4C80,3,['Arena'],Santa Anastasia,"['AMO', 'Museo Conte', 'Palazzo della Ragione', 'Teatro Romano', 'Centro Fotografia']",Duomo,strategy_nearest,False,0.0025908946990966797,success
048D64C27B3F80,0,"['Casa Giulietta', 'Arena']",Torre Lamberti,"['Sighseeing', 'Centro Fotografia', 'Museo Conte', 'Palazzo della Ragione', 'AMO']",Castelvecchio,strategy_nearest,False,0.004092216491699219,success
048D6D429C4C80,3,"['Arena', 'Casa Giulietta']",Torre Lamberti,"['Sighseeing', 'Centro Fotografia', 'Museo Conte', 'Palazzo della Ragione', 'AMO']",San Zeno,strategy_nearest,False,0.0040569305419921875,success
048D723A9C4C80,0,['Arena'],Torre Lamberti,"['Sighseeing', 'Centro Fotografia', 'Museo Conte', 'Casa Giulietta', 'Palazzo della Ragione']",Casa Giulietta,strategy_nearest,True,0.003759145736694336,success
048D70C27B3F80,0,"['Casa Giulietta', 'Arena']",Torre Lamberti,"['Sighseeing', 'Centro Fotografia', 'Museo Conte', 'Palazzo della Ragione', 'AMO']",Castelvecchio,strategy_nearest,False,0.0022411346435546875,success
048D75429C4C80,0,"['Arena', 'Museo Lapidario']",Castelvecchio,"['Verona Tour', 'Museo Radio', 'San Zeno', 'Sighseeing', 'Museo Miniscalchi']",Casa Giulietta,strategy_nearest,False,0.0036468505859375,success
048D7A429C4C80,3,"['Arena', 'Casa Giulietta']",Torre Lamberti,"['Sighseeing', 'Centro Fotografia', 'Museo Conte', 'Palazzo della Ragione', 'AMO']",Duomo,strategy_nearest,False,0.002457857131958008,success
048D7D3A9C4C80,3,"['Casa Giulietta', 'Torre Lamberti']",Santa Anastasia,"['AMO', 'Museo Conte', 'Palazzo della Ragione', 'Teatro Romano', 'Centro Fotografia']",Arena,strategy_nearest,False,0.0020029544830322266,success
048D7C429C4C80,0,['Arena'],Casa Giulietta,"['Centro Fotografia', 'Sighseeing', 'Torre Lamberti', 'Museo Conte', 'Museo Radio']",Torre Lamberti,strategy_nearest,True,0.0031349658966064453,success
048D7F3A9C4C80,1,"['Castelvecchio', 'Palazzo della Ragione']",Santa Anastasia,"['AMO', 'Museo Conte', 'Teatro Romano', 'Centro Fotografia', 'Duomo']",Duomo,strategy_nearest,True,0.0028848648071289062,success
048D81429C4C80,3,"['Arena', 'Casa Giulietta']",Santa Anastasia,"['AMO', 'Museo Conte', 'Palazzo della Ragione', 'Teatro Romano', 'Centro Fotografia']",Duomo,strategy_nearest,False,0.0034520626068115234,success
048D87C27B3F80,0,"['Arena', 'Casa Giulietta']",Tomba Giulietta,"['San Fermo', 'Museo Storia', 'Museo Lapidario', 'Museo Radio', 'Verona Tour']",Torre Lamberti,strategy_nearest,False,0.002952098846435547,success
048D8A3A9C4C80,0,"['Arena', 'Casa Giulietta']",Tomba Giulietta,"['San Fermo', 'Museo Storia', 'Museo Lapidario', 'Museo Radio', 'Verona Tour']",San Zeno,strategy_nearest,False,0.0037949085235595703,success
048D854A9C4C80,1,"['Arena', 'Castelvecchio', 'Torre Lamberti', 'Palazzo della Ragione']",Santa Anastasia,"['AMO', 'Museo Conte', 'Teatro Romano', 'Centro Fotografia', 'Duomo']",Duomo,strategy_nearest,True,0.0032341480255126953,success
048D8D3A9C4C80,3,"['San Fermo', 'Arena']",Casa Giulietta,"['Centro Fotografia', 'Sighseeing', 'Torre Lamberti', 'Museo Conte', 'Museo Radio']",Torre Lamberti,strategy_nearest,True,0.0027709007263183594,success
048DA74A9C4C80,4,"['Arena', 'Museo Radio']",Tomba Giulietta,"['San Fermo', 'Museo Storia', 'Museo Lapidario', 'Verona Tour', 'Casa Giulietta']",Casa Giulietta,strategy_nearest,True,0.002538919448852539,success
048DA1429C4C80,3,"['Tomba Giulietta', 'Arena', 'San Fermo']",Torre Lamberti,"['Sighseeing', 'Centro Fotografia', 'Museo Conte', 'Casa Giulietta', 'Palazzo della Ragione']",Santa Anastasia,strategy_nearest,False,0.0032732486724853516,success
048D91429C4C80,1,"['Arena', 'Palazzo della Ragione']",Torre Lamberti,"['Sighseeing', 'Centro Fotografia', 'Museo Conte', 'Casa Giulietta', 'AMO']",Teatro Romano,strategy_nearest,False,0.001873016357421875,success
048DA8429C4C80,3,"['Arena', 'Casa Giulietta']",Torre Lamberti,"['Sighseeing', 'Centro Fotografia', 'Museo Conte', 'Palazzo della Ragione', 'AMO']",Santa Anastasia,strategy_nearest,False,0.0038001537322998047,success
048DAF3A9C4C80,1,"['Arena', 'Castelvecchio']",Casa Giulietta,"['Centro Fotografia', 'Sighseeing', 'Torre Lamberti', 'Museo Conte', 'Museo Radio']",Torre Lamberti,strategy_nearest,True,0.0017039775848388672,success
048DB0429C4C80,0,"['Arena', 'Casa Giulietta']",Torre Lamberti,"['Sighseeing', 'Centro Fotografia', 'Museo Conte', 'Palazzo della Ragione', 'AMO']",Teatro Romano,strategy_nearest,False,0.002827882766723633,success
048DBA429C4C80,3,"['Casa Giulietta', 'Arena', 'Tomba Giulietta']",Castelvecchio,"['Museo Lapidario', 'Verona Tour', 'Museo Radio', 'San Zeno', 'Sighseeing']",Torre Lamberti,strategy_nearest,False,0.0022668838500976562,success
048DBF429C4C80,0,['Arena'],Casa Giulietta,"['Centro Fotografia', 'Sighseeing', 'Torre Lamberti', 'Museo Conte', 'Museo Radio']",Santa Anastasia,strategy_nearest,False,0.0034360885620117188,success
048DB53A9C4C80,1,"['Arena', 'Castelvecchio']",Torre Lamberti,"['Sighseeing', 'Centro Fotografia', 'Museo Conte', 'Casa Giulietta', 'Palazzo della Ragione']",Palazzo della Ragione,strategy_nearest,True,0.003568887710571289,success
048DC9429C4C80,3,['Arena'],San Zeno,"['Castelvecchio', 'Verona Tour', 'Museo Lapidario', 'Museo Miniscalchi', 'Sighseeing']",Duomo,strategy_nearest,False,0.003253936767578125,success
048DD6429C4C80,0,['Arena'],Casa Giulietta,"['Centro Fotografia', 'Sighseeing', 'Torre Lamberti', 'Museo Conte', 'Museo Radio']",Torre Lamberti,strategy_nearest,True,0.001901865005493164,success
048DD53A9C4C80,3,"['Arena', 'Castelvecchio', 'San Zeno']",Teatro Romano,"['Santa Anastasia', 'Duomo', 'AMO', 'Palazzo della Ragione', 'Museo Conte']",Duomo,strategy_nearest,True,0.003464937210083008,success
048DDF3A9C4C80,1,"['Arena', 'Casa Giulietta', 'Torre Lamberti', 'Palazzo della Ragione']",Santa Anastasia,"['AMO', 'Museo Conte', 'Teatro Romano', 'Centro Fotografia', 'Duomo']",Duomo,strategy_nearest,True,0.0024671554565429688,success
048DE03A9C4C80,1,"['Arena', 'Casa Giulietta']",Torre Lamberti,"['Sighseeing', 'Centro Fotografia', 'Museo Conte', 'Palazzo della Ragione', 'AMO']",Palazzo della Ragione,strategy_nearest,True,0.002920866012573242,success
048DE73A9C4C80,0,['Arena'],Torre Lamberti,"['Sighseeing', 'Centro Fotografia', 'Museo Conte', 'Casa Giulietta', 'Palazzo della Ragione']",Casa Giulietta,strategy_nearest,True,0.0030062198638916016,success
048DF03A9C4C80,3,"['Castelvecchio', 'Arena']",Casa Giulietta,"['Centro Fotografia', 'Sighseeing', 'Torre Lamberti', 'Museo Conte', 'Museo Radio']",Santa Anastasia,strategy_nearest,False,0.0015170574188232422,success
048DFB3A9C4C80,1,"['Torre Lamberti', 'Palazzo della Ragione']",Casa Giulietta,"['Centro Fotografia', 'Sighseeing', 'Museo Conte', 'Museo Radio', 'San Fermo']",Santa Anastasia,strategy_nearest,False,0.0015168190002441406,success
048DF73A9C4C80,3,['Arena'],San Zeno,"['Castelvecchio', 'Verona Tour', 'Museo Lapidario', 'Museo Miniscalchi', 'Sighseeing']",San Fermo,strategy_nearest,False,0.004251956939697266,success
048E0A429C4C84,3,"['Arena', 'Castelvecchio']",Casa Giulietta,"['Centro Fotografia', 'Sighseeing', 'Torre Lamberti', 'Museo Conte', 'Museo Radio']",Santa Anastasia,strategy_nearest,False,0.002682209014892578,success
048E0C429C4C80,3,['Arena'],Casa Giulietta,"['Centro Fotografia', 'Sighseeing', 'Torre Lamberti', 'Museo Conte', 'Museo Radio']",Santa Anastasia,strategy_nearest,False,0.002980947494506836,success
048E17429C4C80,0,"['Arena', 'San Fermo']",Tomba Giulietta,"['Museo Storia', 'Museo Lapidario', 'Museo Radio', 'Verona Tour', 'Casa Giulietta']",Casa Giulietta,strategy_nearest,True,0.0020971298217773438,success
048E183A9C4C84,4,"['Santa Anastasia', 'Casa Giulietta', 'Torre Lamberti', 'Palazzo della Ragione']",Arena,"['Verona Tour', 'Museo Lapidario', 'Museo Radio', 'San Fermo', 'Sighseeing']",San Fermo,strategy_nearest,True,0.0028159618377685547,success
048E1A3A9C4C84,3,"['Arena', 'Castelvecchio']",Duomo,"['AMO', 'Museo Miniscalchi', 'Santa Anastasia', 'Teatro Romano', 'Palazzo della Ragione']",Santa Anastasia,strategy_nearest,True,0.003141164779663086,success
048E0D429C4C80,3,"['Casa Giulietta', 'Tomba Giulietta', 'Santa Anastasia']",Duomo,"['AMO', 'Museo Miniscalchi', 'Teatro Romano', 'Palazzo della Ragione', 'Museo Conte']",Torre Lamberti,strategy_nearest,False,0.002763032913208008,success
048E203A9C4C84,3,['Arena'],Santa Anastasia,"['AMO', 'Museo Conte', 'Palazzo della Ragione', 'Teatro Romano', 'Centro Fotografia']",Duomo,strategy_nearest,False,0.002608060836791992,success
048E1E3A9C4C84,3,"['Arena', 'Casa Giulietta']",Torre Lamberti,"['Sighseeing', 'Centro Fotografia', 'Museo Conte', 'Palazzo della Ragione', 'AMO']",Duomo,strategy_nearest,False,0.0020418167114257812,success
048E1DC27B3F80,1,"['Arena', 'Santa Anastasia', 'Duomo', 'Teatro Romano']",San Zeno,"['Castelvecchio', 'Verona Tour', 'Museo Lapidario', 'Museo Miniscalchi', 'Sighseeing']",Casa Giulietta,strategy_nearest,False,0.0021660327911376953,success
048E23C27B3F84,0,['Duomo'],Arena,"['Verona Tour', 'Museo Lapidario', 'Museo Radio', 'San Fermo', 'Casa Giulietta']",Tomba Giulietta,strategy_nearest,False,0.003239870071411133,success
048E24C27B3F84,0,['Duomo'],Arena,"['Verona Tour', 'Museo Lapidario', 'Museo Radio', 'San Fermo', 'Casa Giulietta']",Torre Lamberti,strategy_nearest,False,0.001986980438232422,success
048E27429C4C84,1,"['Arena', 'Torre Lamberti']",Palazzo della Ragione,"['AMO', 'Museo Conte', 'Centro Fotografia', 'Sighseeing', 'Santa Anastasia']",Casa Giulietta,strategy_nearest,False,0.0029449462890625,success
048E253A9C4C84,0,['Casa Giulietta'],Arena,"['Verona Tour', 'Museo Lapidario', 'Museo Radio', 'San Fermo', 'Sighseeing']",Tomba Giulietta,strategy_nearest,False,0.0029273033142089844,success
048E283A9C4C80,3,"['Casa Giulietta', 'Tomba Giulietta']",Santa Anastasia,"['AMO', 'Museo Conte', 'Palazzo della Ragione', 'Teatro Romano', 'Centro Fotografia']",Duomo,strategy_nearest,False,0.0036618709564208984,success
048E323A9C4C80,0,['Casa Giulietta'],Santa Anastasia,"['AMO', 'Museo Conte', 'Palazzo della Ragione', 'Teatro Romano', 'Centro Fotografia']",Arena,strategy_nearest,False,0.002825021743774414,success
048E304A9C4C80,1,"['Arena', 'Castelvecchio', 'San Zeno']",Giardino Giusti,"['Santa Anastasia', 'Teatro Romano', 'Museo Conte', 'Centro Fotografia', 'Museo Storia']",Torre Lamberti,strategy_nearest,False,0.003625154495239258,success
048E36C27B3F80,1,"['Arena', 'Santa Anastasia', 'Duomo', 'Teatro Romano']",San Zeno,"['Castelvecchio', 'Verona Tour', 'Museo Lapidario', 'Museo Miniscalchi', 'Sighseeing']",Casa Giulietta,strategy_nearest,False,0.0032739639282226562,success
048E3F3A9C4C80,3,['Arena'],San Fermo,"['Museo Storia', 'Museo Radio', 'Casa Giulietta', 'Centro Fotografia', 'Sighseeing']",Santa Anastasia,strategy_nearest,False,0.00292205810546875,success
048E383A9C4C80,1,"['Casa Giulietta', 'Arena']",Torre Lamberti,"['Sighseeing', 'Centro Fotografia', 'Museo Conte', 'Palazzo della Ragione', 'AMO']",Palazzo della Ragione,strategy_nearest,True,0.002317667007446289,success
048E43C27B3F80,3,"['Arena', 'Casa Giulietta', 'Duomo']",Santa Anastasia,"['AMO', 'Museo Conte', 'Palazzo della Ragione', 'Teatro Romano', 'Centro Fotografia']",Castelvecchio,strategy_nearest,False,0.0035657882690429688,success
048E443A9C4C80,1,"['Museo Lapidario', 'Castelvecchio', 'San Zeno', 'Arena']",Casa Giulietta,"['Centro Fotografia', 'Sighseeing', 'Torre Lamberti', 'Museo Conte', 'Museo Radio']",Tomba Giulietta,strategy_nearest,False,0.003052949905395508,success
048E503A9C4C80,1,"['Arena', 'Casa Giulietta', 'Torre Lamberti', 'Palazzo della Ragione']",Teatro Romano,"['Santa Anastasia', 'Duomo', 'AMO', 'Museo Conte', 'Centro Fotografia']",Santa Anastasia,strategy_nearest,True,0.0028281211853027344,success
048E50C27B3F80,1,"['San Fermo', 'Casa Giulietta', 'Torre Lamberti', 'Palazzo della Ragione']",Santa Anastasia,"['AMO', 'Museo Conte', 'Teatro Romano', 'Centro Fotografia', 'Duomo']",Teatro Romano,strategy_nearest,True,0.0024750232696533203,success
048E5CC27B3F80,1,"['San Fermo', 'Casa Giulietta', 'Torre Lamberti', 'Palazzo della Ragione']",Santa Anastasia,"['AMO', 'Museo Conte', 'Teatro Romano', 'Centro Fotografia', 'Duomo']",Teatro Romano,strategy_nearest,True,0.002440929412841797,success
048E52429C4C80,3,"['Arena', 'Casa Giulietta', 'Santa Anastasia']",Teatro Romano,"['Duomo', 'AMO', 'Palazzo della Ragione', 'Museo Conte', 'Centro Fotografia']",Duomo,strategy_nearest,True,0.002797842025756836,success
048E5D429C4C80,0,['Arena'],Palazzo della Ragione,"['AMO', 'Museo Conte', 'Torre Lamberti', 'Centro Fotografia', 'Sighseeing']",Casa Giulietta,strategy_nearest,False,0.003413677215576172,success
048E6B429C4C80,0,['Arena'],Casa Giulietta,"['Centro Fotografia', 'Sighseeing', 'Torre Lamberti', 'Museo Conte', 'Museo Radio']",Torre Lamberti,strategy_nearest,True,0.0020580291748046875,success
048E62C27B3F80,3,"['Arena', 'Casa Giulietta']",Torre Lamberti,"['Sighseeing', 'Centro Fotografia', 'Museo Conte', 'Palazzo della Ragione', 'AMO']",Santa Anastasia,strategy_nearest,False,0.0038650035858154297,success
048E69429C4C80,3,['Torre Lamberti'],Casa Giulietta,"['Centro Fotografia', 'Sighseeing', 'Museo Conte', 'Museo Radio', 'Palazzo della Ragione']",Arena,strategy_nearest,False,0.0022830963134765625,success
048E6EC27B3F80,3,"['Arena', 'Casa Giulietta']",Torre Lamberti,"['Sighseeing', 'Centro Fotografia', 'Museo Conte', 'Palazzo della Ragione', 'AMO']",Santa Anastasia,strategy_nearest,False,0.003489971160888672,success
048E70429C4C80,1,"['Arena', 'San Fermo', 'Giardino Giusti']",Teatro Romano,"['Santa Anastasia', 'Duomo', 'AMO', 'Palazzo della Ragione', 'Museo Conte']",Duomo,strategy_nearest,True,0.002346038818359375,success
048E793A9C4C80,0,['Arena'],Castelvecchio,"['Museo Lapidario', 'Verona Tour', 'Museo Radio', 'San Zeno', 'Sighseeing']",Tomba Giulietta,strategy_nearest,False,0.0029480457305908203,success
048E7BC27B3F80,3,"['Arena', 'Casa Giulietta', 'Duomo']",Santa Anastasia,"['AMO', 'Museo Conte', 'Palazzo della Ragione', 'Teatro Romano', 'Centro Fotografia']",Arena,strategy_nearest,False,0.003835916519165039,success
048E7C3A9C4C80,3,"['Arena', 'Santa Anastasia']",Torre Lamberti,"['Sighseeing', 'Centro Fotografia', 'Museo Conte', 'Casa Giulietta', 'Palazzo della Ragione']",Casa Giulietta,strategy_nearest,True,0.0035161972045898438,success
048E7D3A9C4C80,1,['Arena'],Casa Giulietta,"['Centro Fotografia', 'Sighseeing', 'Torre Lamberti', 'Museo Conte', 'Museo Radio']",Palazzo della Ragione,strategy_nearest,False,0.0016579627990722656,success
048E8D4A9C4C80,3,['Arena'],Casa Giulietta,"['Centro Fotografia', 'Sighseeing', 'Torre Lamberti', 'Museo Conte', 'Museo Radio']",Santa Anastasia,strategy_nearest,False,0.003835916519165039,success
048E894A9C4C80,3,"['Castelvecchio', 'Arena', 'Santa Anastasia']",Duomo,"['AMO', 'Museo Miniscalchi', 'Teatro Romano', 'Palazzo della Ragione', 'Museo Conte']",Teatro Romano,strategy_nearest,True,0.0032677650451660156,success
048E8E429C4C80,0,['Arena'],Castelvecchio,"['Museo Lapidario', 'Verona Tour', 'Museo Radio', 'San Zeno', 'Sighseeing']",Casa Giulietta,strategy_nearest,False,0.002562999725341797,success
048EAE429C4C80,1,"['Arena', 'Casa Giulietta']",Torre Lamberti,"['Sighseeing', 'Centro Fotografia', 'Museo Conte', 'Palazzo della Ragione', 'AMO']",Palazzo della Ragione,strategy_nearest,True,0.0023071765899658203,success
048EBE429C4C80,1,"['Arena', 'Museo Lapidario', 'Torre Lamberti']",Palazzo della Ragione,"['AMO', 'Museo Conte', 'Centro Fotografia', 'Sighseeing', 'Santa Anastasia']",Casa Giulietta,strategy_nearest,False,0.0023140907287597656,success
048EB1429C4C80,3,"['Tomba Giulietta', 'Casa Giulietta']",Torre Lamberti,"['Sighseeing', 'Centro Fotografia', 'Museo Conte', 'Palazzo della Ragione', 'AMO']",Arena,strategy_nearest,False,0.003136157989501953,success
048EB73A9C4C80,3,"['Castelvecchio', 'Torre Lamberti']",Duomo,"['AMO', 'Museo Miniscalchi', 'Santa Anastasia', 'Teatro Romano', 'Palazzo della Ragione']",Teatro Romano,strategy_nearest,True,0.003103017807006836,success
048ED0429C4C80,1,"['Palazzo della Ragione', 'Arena']",Castelvecchio,"['Museo Lapidario', 'Verona Tour', 'Museo Radio', 'San Zeno', 'Sighseeing']",Santa Anastasia,strategy_nearest,False,0.0019059181213378906,success
048EC23A9C4C80,0,"['Arena', 'Museo Lapidario']",San Zeno,"['Castelvecchio', 'Verona Tour', 'Museo Miniscalchi', 'Sighseeing', 'Museo Radio']",Castelvecchio,strategy_nearest,True,0.0035657882690429688,success
048EC8429C4C80,1,['Arena'],Torre Lamberti,"['Sighseeing', 'Centro Fotografia', 'Museo Conte', 'Casa Giulietta', 'Palazzo della Ragione']",Palazzo della Ragione,strategy_nearest,True,0.0028717517852783203,success
048EDA3A9C4C80,3,"['Arena', 'Casa Giulietta', 'San Fermo']",Torre Lamberti,"['Sighseeing', 'Centro Fotografia', 'Museo Conte', 'Palazzo della Ragione', 'AMO']",Santa Anastasia,strategy_nearest,False,0.0033118724822998047,success
048EDD3A9C4C80,1,"['Museo Lapidario', 'Arena']",Torre Lamberti,"['Sighseeing', 'Centro Fotografia', 'Museo Conte', 'Casa Giulietta', 'Palazzo della Ragione']",Palazzo della Ragione,strategy_nearest,True,0.002630949020385742,success
048EF83A9C4C80,3,"['Santa Anastasia', 'Teatro Romano']",Duomo,"['AMO', 'Museo Miniscalchi', 'Palazzo della Ragione', 'Museo Conte', 'Torre Lamberti']",Casa Giulietta,strategy_nearest,False,0.004305362701416016,success
048EE53A9C4C80,0,['Arena'],Torre Lamberti,"['Sighseeing', 'Centro Fotografia', 'Museo Conte', 'Casa Giulietta', 'Palazzo della Ragione']",Casa Giulietta,strategy_nearest,True,0.00308990478515625,success
048F033A9C4C84,0,['Casa Giulietta'],Torre Lamberti,"['Sighseeing', 'Centro Fotografia', 'Museo Conte', 'Palazzo della Ragione', 'AMO']",Arena,strategy_nearest,False,0.004170894622802734,success
048F11429C4C80,3,"['Arena', 'Casa Giulietta']",Torre Lamberti,"['Sighseeing', 'Centro Fotografia', 'Museo Conte', 'Palazzo della Ragione', 'AMO']",Torre Lamberti,strategy_nearest,False,0.002410888671875,success
048F0A429C4C84,3,"['Arena', 'Torre Lamberti', 'Santa Anastasia', 'San Fermo']",Tomba Giulietta,"['Museo Storia', 'Museo Lapidario', 'Museo Radio', 'Verona Tour', 'Casa Giulietta']",Casa Giulietta,strategy_nearest,True,0.004312038421630859,success
048F183A9C4C84,3,"['Arena', 'Tomba Giulietta']",San Fermo,"['Museo Storia', 'Museo Radio', 'Casa Giulietta', 'Centro Fotografia', 'Sighseeing']",Casa Giulietta,strategy_nearest,True,0.0033240318298339844,success
048F17429C4C80,3,"['Castelvecchio', 'Arena', 'Casa Giulietta']",Torre Lamberti,"['Sighseeing', 'Centro Fotografia', 'Museo Conte', 'Palazzo della Ragione', 'AMO']",Santa Anastasia,strategy_nearest,False,0.0031821727752685547,success
048F1C3A9C4C84,3,"['San Fermo', 'Santa Anastasia']",Duomo,"['AMO', 'Museo Miniscalchi', 'Teatro Romano', 'Palazzo della Ragione', 'Museo Conte']",San Zeno,strategy_nearest,False,0.0020678043365478516,success
048F1EC27B3F84,0,"['Arena', 'Museo Lapidario']",Castelvecchio,"['Verona Tour', 'Museo Radio', 'San Zeno', 'Sighseeing', 'Museo Miniscalchi']",Torre Lamberti,strategy_nearest,False,0.002816915512084961,success
048F1E4A9C4C80,3,"['Castelvecchio', 'Arena', 'Tomba Giulietta', 'Torre Lamberti']",Santa Anastasia,"['AMO', 'Museo Conte', 'Palazzo della Ragione', 'Teatro Romano', 'Centro Fotografia']",Duomo,strategy_nearest,False,0.0025501251220703125,success
048F1F3A9C4C84,1,"['Arena', 'Torre Lamberti']",Palazzo della Ragione,"['AMO', 'Museo Conte', 'Centro Fotografia', 'Sighseeing', 'Santa Anastasia']",Casa Giulietta,strategy_nearest,False,0.0032918453216552734,success
048F25429C4C84,1,"['Arena', 'Castelvecchio', 'Teatro Romano']",Casa Giulietta,"['Centro Fotografia', 'Sighseeing', 'Torre Lamberti', 'Museo Conte', 'Museo Radio']",Torre Lamberti,strategy_nearest,True,0.002626180648803711,success
048F1F4A9C4C80,1,"['Arena', 'Castelvecchio', 'San Fermo', 'Casa Giulietta', 'Torre Lamberti']",Palazzo della Ragione,"['AMO', 'Museo Conte', 'Centro Fotografia', 'Sighseeing', 'Santa Anastasia']",Santa Anastasia,strategy_nearest,True,0.003972053527832031,success
048F283A9C4C80,3,"['Arena', 'San Fermo', 'Casa Giulietta']",Santa Anastasia,"['AMO', 'Museo Conte', 'Palazzo della Ragione', 'Teatro Romano', 'Centro Fotografia']",Teatro Romano,strategy_nearest,True,0.0038259029388427734,success
048F253A9C4C84,0,['Arena'],Casa Giulietta,"['Centro Fotografia', 'Sighseeing', 'Torre Lamberti', 'Museo Conte', 'Museo Radio']",Torre Lamberti,strategy_nearest,True,0.0026171207427978516,success
048F3E3A9C4C80,2,"['Castelvecchio', 'San Fermo']",Casa Giulietta,"['Centro Fotografia', 'Sighseeing', 'Torre Lamberti', 'Museo Conte', 'Museo Radio']",Palazzo della Ragione,strategy_nearest,False,0.0023288726806640625,success
048F304A9C4C80,3,"['Teatro Romano', 'Duomo', 'Torre Lamberti']",Arena,"['Verona Tour', 'Museo Lapidario', 'Museo Radio', 'San Fermo', 'Casa Giulietta']",Castelvecchio,strategy_nearest,False,0.0019352436065673828,success
048F3E429C4C80,0,['Arena'],Casa Giulietta,"['Centro Fotografia', 'Sighseeing', 'Torre Lamberti', 'Museo Conte', 'Museo Radio']",Castelvecchio,strategy_nearest,False,0.005918979644775391,success
048F433A9C4C80,3,"['Castelvecchio', 'Arena', 'San Zeno']",Casa Giulietta,"['Centro Fotografia', 'Sighseeing', 'Torre Lamberti', 'Museo Conte', 'Museo Radio']",Duomo,strategy_nearest,False,0.0042858123779296875,success
048F38429C4C80,3,"['Castelvecchio', 'Torre Lamberti']",Teatro Romano,"['Santa Anastasia', 'Duomo', 'AMO', 'Palazzo della Ragione', 'Museo Conte']",Duomo,strategy_nearest,True,0.005582094192504883,success
048F48429C4C80,2,"['Casa Giulietta', 'Torre Lamberti']",Santa Anastasia,"['AMO', 'Museo Conte', 'Palazzo della Ragione', 'Teatro Romano', 'Centro Fotografia']",Duomo,strategy_nearest,False,0.0030078887939453125,success
048F4E429C4C80,1,"['Arena', 'Casa Giulietta']",Palazzo della Ragione,"['AMO', 'Museo Conte', 'Torre Lamberti', 'Centro Fotografia', 'Sighseeing']",Torre Lamberti,strategy_nearest,True,0.002795696258544922,success
048F4CC27B3F80,1,"['Arena', 'Torre Lamberti']",Palazzo della Ragione,"['AMO', 'Museo Conte', 'Centro Fotografia', 'Sighseeing', 'Santa Anastasia']",Santa Anastasia,strategy_nearest,True,0.00220489501953125,success
048F50429C4C80,1,"['Arena', 'Casa Giulietta']",Palazzo della Ragione,"['AMO', 'Museo Conte', 'Torre Lamberti', 'Centro Fotografia', 'Sighseeing']",Torre Lamberti,strategy_nearest,True,0.0023670196533203125,success
048F58C27B3F80,1,"['Arena', 'Casa Giulietta']",Torre Lamberti,"['Sighseeing', 'Centro Fotografia', 'Museo Conte', 'Palazzo della Ragione', 'AMO']",Palazzo della Ragione,strategy_nearest,True,0.0028448104858398438,success
048F63429C4C80,0,['Casa Giulietta'],Arena,"['Verona Tour', 'Museo Lapidario', 'Museo Radio', 'San Fermo', 'Sighseeing']",Palazzo della Ragione,strategy_nearest,False,0.002480745315551758,success
048F54429C4C80,1,"['Arena', 'Casa Giulietta']",Santa Anastasia,"['AMO', 'Museo Conte', 'Palazzo della Ragione', 'Teatro Romano', 'Centro Fotografia']",Duomo,strategy_nearest,False,0.003717184066772461,success
048F5A3A9C4C80,0,"['Arena', 'Museo Lapidario']",Tomba Giulietta,"['San Fermo', 'Museo Storia', 'Museo Radio', 'Verona Tour', 'Casa Giulietta']",San Fermo,strategy_nearest,True,0.004057884216308594,success
048F75429C4C80,0,"['Arena', 'Castelvecchio']",Casa Giulietta,"['Centro Fotografia', 'Sighseeing', 'Torre Lamberti', 'Museo Conte', 'Museo Radio']",San Fermo,strategy_nearest,False,0.0015943050384521484,success
048F6B429C4C80,3,"['Arena', 'Casa Giulietta']",Torre Lamberti,"['Sighseeing', 'Centro Fotografia', 'Museo Conte', 'Palazzo della Ragione', 'AMO']",Santa Anastasia,strategy_nearest,False,0.003242015838623047,success
048F6A429C4C80,1,"['Arena', 'Torre Lamberti']",Palazzo della Ragione,"['AMO', 'Museo Conte', 'Centro Fotografia', 'Sighseeing', 'Santa Anastasia']",Santa Anastasia,strategy_nearest,True,0.005180835723876953,success
048F7A3A9C4C80,1,"['Torre Lamberti', 'Palazzo della Ragione', 'Casa Giulietta']",Teatro Romano,"['Santa Anastasia', 'Duomo', 'AMO', 'Museo Conte', 'Centro Fotografia']",Santa Anastasia,strategy_nearest,True,0.00360107421875,success
048F7E4A9C4C80,0,['Arena'],Casa Giulietta,"['Centro Fotografia', 'Sighseeing', 'Torre Lamberti', 'Museo Conte', 'Museo Radio']",Teatro Romano,strategy_nearest,False,0.0025191307067871094,success
048F77429C4C80,0,['Arena'],Casa Giulietta,"['Centro Fotografia', 'Sighseeing', 'Torre Lamberti', 'Museo Conte', 'Museo Radio']",Torre Lamberti,strategy_nearest,True,0.006612062454223633,success
048F834A9C4C80,1,"['Castelvecchio', 'Arena', 'Duomo']",Teatro Romano,"['Santa Anastasia', 'AMO', 'Palazzo della Ragione', 'Museo Conte', 'Centro Fotografia']",Casa Giulietta,strategy_nearest,False,0.004884958267211914,success
048F8B429C4C80,1,"['Arena', 'Casa Giulietta', 'Torre Lamberti']",Palazzo della Ragione,"['AMO', 'Museo Conte', 'Centro Fotografia', 'Sighseeing', 'Santa Anastasia']",Santa Anastasia,strategy_nearest,True,0.0024356842041015625,success
048FB3429C4C80,3,"['Arena', 'Casa Giulietta', 'Santa Anastasia']",Duomo,"['AMO', 'Museo Miniscalchi', 'Teatro Romano', 'Palazzo della Ragione', 'Museo Conte']",Teatro Romano,strategy_nearest,True,0.0025730133056640625,success
048F854A9C4C80,1,"['Arena', 'Casa Giulietta', 'Palazzo della Ragione']",Torre Lamberti,"['Sighseeing', 'Centro Fotografia', 'Museo Conte', 'AMO', 'Museo Miniscalchi']",Santa Anastasia,strategy_nearest,False,0.002518892288208008,success
048F8F3A9C4C80,2,['Torre Lamberti'],San Zeno,"['Castelvecchio', 'Verona Tour', 'Museo Lapidario', 'Arena', 'Museo Miniscalchi']",Santa Anastasia,strategy_nearest,False,0.0038089752197265625,success
048FBB429C4C80,2,['Torre Lamberti'],Castelvecchio,"['Museo Lapidario', 'Verona Tour', 'Arena', 'Museo Radio', 'San Zeno']",Santa Anastasia,strategy_nearest,False,0.002524852752685547,success
048FC23A9C4C80,1,"['Arena', 'Casa Giulietta']",Torre Lamberti,"['Sighseeing', 'Centro Fotografia', 'Museo Conte', 'Palazzo della Ragione', 'AMO']",Palazzo della Ragione,strategy_nearest,True,0.0020401477813720703,success
048FD0429C4C80,1,"['Teatro Romano', 'Duomo', 'Santa Anastasia', 'San Fermo']",Arena,"['Verona Tour', 'Museo Lapidario', 'Museo Radio', 'Casa Giulietta', 'Sighseeing']",Castelvecchio,strategy_nearest,False,0.002911090850830078,success
048FD1C27B3F80,1,"['Castelvecchio', 'San Zeno', 'Santa Anastasia', 'Teatro Romano']",Duomo,"['AMO', 'Museo Miniscalchi', 'Palazzo della Ragione', 'Museo Conte', 'Torre Lamberti']",Palazzo della Ragione,strategy_nearest,True,0.002496004104614258,success
048FD73A9C4C80,1,"['Arena', 'San Fermo', 'Casa Giulietta']",Duomo,"['AMO', 'Museo Miniscalchi', 'Santa Anastasia', 'Teatro Romano', 'Palazzo della Ragione']",Teatro Romano,strategy_nearest,True,0.0030260086059570312,success
048FDDC27B3F80,1,"['Castelvecchio', 'San Zeno', 'Santa Anastasia', 'Teatro Romano']",Duomo,"['AMO', 'Museo Miniscalchi', 'Palazzo della Ragione', 'Museo Conte', 'Torre Lamberti']",Palazzo della Ragione,strategy_nearest,True,0.0032379627227783203,success
048FDD3A9C4C80,3,['Arena'],Santa Anastasia,"['AMO', 'Museo Conte', 'Palazzo della Ragione', 'Teatro Romano', 'Centro Fotografia']",Duomo,strategy_nearest,False,0.0032079219818115234,success
048FE23A9C4C80,3,['Santa Anastasia'],Casa Giulietta,"['Centro Fotografia', 'Sighseeing', 'Torre Lamberti', 'Museo Conte', 'Museo Radio']",Arena,strategy_nearest,False,0.0038728713989257812,success
048FE93A9C4C80,0,['Giardino Giusti'],Duomo,"['AMO', 'Museo Miniscalchi', 'Santa Anastasia', 'Teatro Romano', 'Palazzo della Ragione']",Arena,strategy_nearest,False,0.0030770301818847656,success
048FE9C27B3F80,0,"['Arena', 'Museo Lapidario']",Castelvecchio,"['Verona Tour', 'Museo Radio', 'San Zeno', 'Sighseeing', 'Museo Miniscalchi']",Torre Lamberti,strategy_nearest,False,0.0017299652099609375,success
048FF33A9C4C80,0,"['Casa Giulietta', 'Arena']",San Fermo,"['Museo Storia', 'Museo Radio', 'Centro Fotografia', 'Sighseeing', 'Torre Lamberti']",Torre Lamberti,strategy_nearest,True,0.0030670166015625,success
048FF63A9C4C80,2,['Torre Lamberti'],Casa Giulietta,"['Centro Fotografia', 'Sighseeing', 'Museo Conte', 'Museo Radio', 'Palazzo della Ragione']",San Fermo,strategy_nearest,False,0.0033609867095947266,success
048FF5C27B3F80,0,"['Arena', 'Museo Lapidario']",Castelvecchio,"['Verona Tour', 'Museo Radio', 'San Zeno', 'Sighseeing', 'Museo Miniscalchi']",Torre Lamberti,strategy_nearest,False,0.002286195755004883,success
048FF83A9C4C80,0,['Torre Lamberti'],Casa Giulietta,"['Centro Fotografia', 'Sighseeing', 'Museo Conte', 'Museo Radio', 'Palazzo della Ragione']",Arena,strategy_nearest,False,0.0021581649780273438,success
0490013A9C4C84,3,['Casa Giulietta'],Torre Lamberti,"['Sighseeing', 'Centro Fotografia', 'Museo Conte', 'Palazzo della Ragione', 'AMO']",Santa Anastasia,strategy_nearest,False,0.0022478103637695312,success
049007429C4C80,3,['Santa Anastasia'],Duomo,"['AMO', 'Museo Miniscalchi', 'Teatro Romano', 'Palazzo della Ragione', 'Museo Conte']",Castelvecchio,strategy_nearest,False,0.002753019332885742,success
049004429C4C84,0,['Arena'],Casa Giulietta,"['Centro Fotografia', 'Sighseeing', 'Torre Lamberti', 'Museo Conte', 'Museo Radio']",San Zeno,strategy_nearest,False,0.003541231155395508,success
049007429C4C84,0,"['Arena', 'Castelvecchio']",Casa Giulietta,"['Centro Fotografia', 'Sighseeing', 'Torre Lamberti', 'Museo Conte', 'Museo Radio']",Teatro Romano,strategy_nearest,False,0.002171039581298828,success
0490093A9C4C84,3,"['Castelvecchio', 'Duomo', 'Teatro Romano']",Arena,"['Verona Tour', 'Museo Lapidario', 'Museo Radio', 'San Fermo', 'Casa Giulietta']",Casa Giulietta,strategy_nearest,True,0.002238035202026367,success
04900B3A9C4C84,1,"['Castelvecchio', 'Arena', 'Casa Giulietta']",Torre Lamberti,"['Sighseeing', 'Centro Fotografia', 'Museo Conte', 'Palazzo della Ragione', 'AMO']",Palazzo della Ragione,strategy_nearest,True,0.002997159957885742,success
049012C27B3F80,1,['Castelvecchio'],Torre Lamberti,"['Sighseeing', 'Centro Fotografia', 'Museo Conte', 'Casa Giulietta', 'Palazzo della Ragione']",Palazzo della Ragione,strategy_nearest,True,0.0014061927795410156,success
0490153A9C4C84,0,['Torre Lamberti'],Arena,"['Verona Tour', 'Museo Lapidario', 'Museo Radio', 'San Fermo', 'Casa Giulietta']",Teatro Romano,strategy_nearest,False,0.002218008041381836,success
049011C27B3F80,3,"['Arena', 'Duomo', 'Castelvecchio']",Casa Giulietta,"['Centro Fotografia', 'Sighseeing', 'Torre Lamberti', 'Museo Conte', 'Museo Radio']",San Fermo,strategy_nearest,False,0.004086971282958984,success
049017C27B3F80,3,"['Santa Anastasia', 'Torre Lamberti', 'Duomo']",Giardino Giusti,"['Teatro Romano', 'Museo Conte', 'Centro Fotografia', 'Museo Storia', 'AMO']",Arena,strategy_nearest,False,0.001783132553100586,success
049018429C4C80,0,"['Arena', 'Museo Lapidario']",Castelvecchio,"['Verona Tour', 'Museo Radio', 'San Zeno', 'Sighseeing', 'Museo Miniscalchi']",Casa Giulietta,strategy_nearest,False,0.002202272415161133,success
04901C3A9C4C84,3,"['Castelvecchio', 'Arena', 'Tomba Giulietta']",Casa Giulietta,"['Centro Fotografia', 'Sighseeing', 'Torre Lamberti', 'Museo Conte', 'Museo Radio']",Santa Anastasia,strategy_nearest,False,0.0027909278869628906,success
04901C429C4C80,3,"['Torre Lamberti', 'Santa Anastasia']",Teatro Romano,"['Duomo', 'AMO', 'Palazzo della Ragione', 'Museo Conte', 'Centro Fotografia']",Duomo,strategy_nearest,True,0.002749204635620117,success
04901DC27B3F80,3,"['Arena', 'Duomo', 'Castelvecchio']",Casa Giulietta,"['Centro Fotografia', 'Sighseeing', 'Torre Lamberti', 'Museo Conte', 'Museo Radio']",San Fermo,strategy_nearest,False,0.0036361217498779297,success
04901E3A9C4C84,3,"['Arena', 'San Zeno']",Santa Anastasia,"['AMO', 'Museo Conte', 'Palazzo della Ragione', 'Teatro Romano', 'Centro Fotografia']",Duomo,strategy_nearest,False,0.0018241405487060547,success
0490234A9C4C80,3,"['Tomba Giulietta', 'Arena', 'Torre Lamberti']",Castelvecchio,"['Museo Lapidario', 'Verona Tour', 'Museo Radio', 'San Zeno', 'Sighseeing']",Duomo,strategy_nearest,False,0.0027151107788085938,success
0490243A9C4C80,0,"['Arena', 'Tomba Giulietta']",San Fermo,"['Museo Storia', 'Museo Radio', 'Casa Giulietta', 'Centro Fotografia', 'Sighseeing']",San Zeno,strategy_nearest,False,0.0028848648071289062,success
0490264A9C4C80,0,['Teatro Romano'],Arena,"['Verona Tour', 'Museo Lapidario', 'Museo Radio', 'San Fermo', 'Casa Giulietta']",Torre Lamberti,strategy_nearest,False,0.0018801689147949219,success
0490283A9C4C80,3,"['Arena', 'Duomo']",Santa Anastasia,"['AMO', 'Museo Conte', 'Palazzo della Ragione', 'Teatro Romano', 'Centro Fotografia']",Casa Giulietta,strategy_nearest,False,0.0026481151580810547,success
04902E3A9C4C80,1,"['Arena', 'Casa Giulietta', 'Duomo']",Torre Lamberti,"['Sighseeing', 'Centro Fotografia', 'Museo Conte', 'Palazzo della Ragione', 'AMO']",Palazzo della Ragione,strategy_nearest,True,0.003237009048461914,success
0490373A9C4C80,1,"['Arena', 'Castelvecchio', 'Santa Anastasia']",Teatro Romano,"['Duomo', 'AMO', 'Palazzo della Ragione', 'Museo Conte', 'Centro Fotografia']",Casa Giulietta,strategy_nearest,False,0.002624988555908203,success
049031429C4C80,0,['Casa Giulietta'],Torre Lamberti,"['Sighseeing', 'Centro Fotografia', 'Museo Conte', 'Palazzo della Ragione', 'AMO']",Arena,strategy_nearest,False,0.005105257034301758,success
04903B3A9C4C80,1,"['Arena', 'Casa Giulietta', 'Torre Lamberti']",Palazzo della Ragione,"['AMO', 'Museo Conte', 'Centro Fotografia', 'Sighseeing', 'Santa Anastasia']",Castelvecchio,strategy_nearest,False,0.0033960342407226562,success
04903E3A9C4C80,1,"['Arena', 'Casa Giulietta']",Torre Lamberti,"['Sighseeing', 'Centro Fotografia', 'Museo Conte', 'Palazzo della Ragione', 'AMO']",Palazzo della Ragione,strategy_nearest,True,0.0034449100494384766,success
049048429C4C80,0,"['Casa Giulietta', 'Tomba Giulietta']",Torre Lamberti,"['Sighseeing', 'Centro Fotografia', 'Museo Conte', 'Palazzo della Ragione', 'AMO']",Arena,strategy_nearest,False,0.0022640228271484375,success
0490443A9C4C80,3,"['Santa Anastasia', 'Duomo']",San Fermo,"['Museo Storia', 'Museo Radio', 'Casa Giulietta', 'Centro Fotografia', 'Arena']",Arena,strategy_nearest,True,0.004034996032714844,success
049050429C4C80,3,['Arena'],San Fermo,"['Museo Storia', 'Museo Radio', 'Casa Giulietta', 'Centro Fotografia', 'Sighseeing']",Torre Lamberti,strategy_nearest,False,0.0028548240661621094,success
049063429C4C80,3,['Torre Lamberti'],Santa Anastasia,"['AMO', 'Museo Conte', 'Palazzo della Ragione', 'Teatro Romano', 'Centro Fotografia']",Casa Giulietta,strategy_nearest,False,0.0017979145050048828,success
04905F429C4C80,0,['Arena'],Casa Giulietta,"['Centro Fotografia', 'Sighseeing', 'Torre Lamberti', 'Museo Conte', 'Museo Radio']",Torre Lamberti,strategy_nearest,True,0.0025451183319091797,success
04906A429C4C80,3,['Casa Giulietta'],Santa Anastasia,"['AMO', 'Museo Conte', 'Palazzo della Ragione', 'Teatro Romano', 'Centro Fotografia']",Duomo,strategy_nearest,False,0.0030252933502197266,success
049074429C4C80,1,"['Arena', 'Santa Anastasia']",Torre Lamberti,"['Sighseeing', 'Centro Fotografia', 'Museo Conte', 'Casa Giulietta', 'Palazzo della Ragione']",Palazzo della Ragione,strategy_nearest,True,0.00308990478515625,success
049083429C4C80,0,['Castelvecchio'],Arena,"['Verona Tour', 'Museo Lapidario', 'Museo Radio', 'San Fermo', 'Casa Giulietta']",Santa Anastasia,strategy_nearest,False,0.0027589797973632812,success
049077429C4C80,1,['Arena'],Castelvecchio,"['Museo Lapidario', 'Verona Tour', 'Museo Radio', 'San Zeno', 'Sighseeing']",Torre Lamberti,strategy_nearest,False,0.0029249191284179688,success
04907A4A9C4C80,2,['Casa Giulietta'],Torre Lamberti,"['Sighseeing', 'Centro Fotografia', 'Museo Conte', 'Palazzo della Ragione', 'AMO']",Palazzo della Ragione,strategy_nearest,True,0.0020689964294433594,success
0490864A9C4C80,0,['Arena'],Castelvecchio,"['Museo Lapidario', 'Verona Tour', 'Museo Radio', 'San Zeno', 'Sighseeing']",Casa Giulietta,strategy_nearest,False,0.0031528472900390625,success
04909F429C4C80,1,"['Arena', 'Torre Lamberti']",Palazzo della Ragione,"['AMO', 'Museo Conte', 'Centro Fotografia', 'Sighseeing', 'Santa Anastasia']",Santa Anastasia,strategy_nearest,True,0.0026547908782958984,success
0490B0429C4C80,3,"['Arena', 'Casa Giulietta']",Santa Anastasia,"['AMO', 'Museo Conte', 'Palazzo della Ragione', 'Teatro Romano', 'Centro Fotografia']",Teatro Romano,strategy_nearest,True,0.003075838088989258,success
0490AC429C4C80,1,"['Torre Lamberti', 'Palazzo della Ragione', 'Casa Giulietta']",Arena,"['Verona Tour', 'Museo Lapidario', 'Museo Radio', 'San Fermo', 'Sighseeing']",Castelvecchio,strategy_nearest,False,0.003422975540161133,success
049090429C4C80,3,"['Arena', 'Museo Lapidario', 'Tomba Giulietta']",Castelvecchio,"['Verona Tour', 'Museo Radio', 'San Zeno', 'Sighseeing', 'Museo Miniscalchi']",San Zeno,strategy_nearest,True,0.001901865005493164,success
0490B1429C4C80,3,"['Arena', 'San Zeno']",San Fermo,"['Museo Storia', 'Museo Radio', 'Casa Giulietta', 'Centro Fotografia', 'Sighseeing']",Duomo,strategy_nearest,False,0.003172159194946289,success
0490BD429C4C80,0,"['Castelvecchio', 'Arena']",Casa Giulietta,"['Centro Fotografia', 'Sighseeing', 'Torre Lamberti', 'Museo Conte', 'Museo Radio']",Torre Lamberti,strategy_nearest,True,0.005035877227783203,success
0490D93A9C4C80,0,"['Castelvecchio', 'Museo Lapidario', 'Arena']",Torre Lamberti,"['Sighseeing', 'Centro Fotografia', 'Museo Conte', 'Casa Giulietta', 'Palazzo della Ragione']",Casa Giulietta,strategy_nearest,True,0.0031397342681884766,success
0490B7429C4C80,3,['Arena'],Santa Anastasia,"['AMO', 'Museo Conte', 'Palazzo della Ragione', 'Teatro Romano', 'Centro Fotografia']",Teatro Romano,strategy_nearest,True,0.0038559436798095703,success
0490E83A9C4C80,1,['Torre Lamberti'],Palazzo della Ragione,"['AMO', 'Museo Conte', 'Centro Fotografia', 'Sighseeing', 'Santa Anastasia']",Santa Anastasia,strategy_nearest,True,0.003876924514770508,success
0491013A9C4C84,0,['Arena'],Duomo,"['AMO', 'Museo Miniscalchi', 'Santa Anastasia', 'Teatro Romano', 'Palazzo della Ragione']",Torre Lamberti,strategy_nearest,False,0.0027799606323242188,success
0490FA429C4C80,1,"['Arena', 'Casa Giulietta', 'Torre Lamberti']",Palazzo della Ragione,"['AMO', 'Museo Conte', 'Centro Fotografia', 'Sighseeing', 'Santa Anastasia']",Duomo,strategy_nearest,False,0.0024869441986083984,success
04910AC27B3F80,1,['Castelvecchio'],Torre Lamberti,"['Sighseeing', 'Centro Fotografia', 'Museo Conte', 'Casa Giulietta', 'Palazzo della Ragione']",Palazzo della Ragione,strategy_nearest,True,0.0036208629608154297,success
04910D3A9C4C84,3,"['Arena', 'Torre Lamberti']",Santa Anastasia,"['AMO', 'Museo Conte', 'Palazzo della Ragione', 'Teatro Romano', 'Centro Fotografia']",Duomo,strategy_nearest,False,0.0018961429595947266,success
04910B429C4C80,0,"['Arena', 'Torre Lamberti']",Teatro Romano,"['Santa Anastasia', 'Duomo', 'AMO', 'Palazzo della Ragione', 'Museo Conte']",Castelvecchio,strategy_nearest,False,0.0027382373809814453,success
04910E429C4C84,3,"['Arena', 'Santa Anastasia', 'Duomo']",Castelvecchio,"['Museo Lapidario', 'Verona Tour', 'Museo Radio', 'San Zeno', 'Sighseeing']",San Zeno,strategy_nearest,True,0.0026366710662841797,success
04910DC27B3F80,1,"['Santa Anastasia', 'Casa Giulietta']",San Zeno,"['Castelvecchio', 'Verona Tour', 'Museo Lapidario', 'Arena', 'Museo Miniscalchi']",Palazzo della Ragione,strategy_nearest,False,0.0035741329193115234,success
049113C27B3F80,2,"['Torre Lamberti', 'Palazzo della Ragione', 'San Zeno']",Castelvecchio,"['Museo Lapidario', 'Verona Tour', 'Arena', 'Museo Radio', 'Sighseeing']",Duomo,strategy_nearest,False,0.0034999847412109375,success
049113429C4C80,0,"['Arena', 'Casa Giulietta']",Castelvecchio,"['Museo Lapidario', 'Verona Tour', 'Museo Radio', 'San Zeno', 'Sighseeing']",Santa Anastasia,strategy_nearest,False,0.0025420188903808594,success
049114C27B3F80,0,['San Zeno'],Castelvecchio,"['Museo Lapidario', 'Verona Tour', 'Arena', 'Museo Radio', 'Sighseeing']",Arena,strategy_nearest,True,0.004173994064331055,success
049115429C4C80,3,"['Arena', 'Tomba Giulietta', 'San Fermo']",Casa Giulietta,"['Centro Fotografia', 'Sighseeing', 'Torre Lamberti', 'Museo Conte', 'Museo Radio']",Santa Anastasia,strategy_nearest,False,0.002643108367919922,success
0491163A9C4C84,1,"['Duomo', 'Torre Lamberti']",Palazzo della Ragione,"['AMO', 'Museo Conte', 'Centro Fotografia', 'Sighseeing', 'Santa Anastasia']",Casa Giulietta,strategy_nearest,False,0.001990795135498047,success
049117429C4C80,0,"['Arena', 'Castelvecchio']",Torre Lamberti,"['Sighseeing', 'Centro Fotografia', 'Museo Conte', 'Casa Giulietta', 'Palazzo della Ragione']",Casa Giulietta,strategy_nearest,True,0.0027670860290527344,success
0491193A9C4C84,2,"['Casa Giulietta', 'Santa Anastasia']",Teatro Romano,"['Duomo', 'AMO', 'Palazzo della Ragione', 'Museo Conte', 'Centro Fotografia']",Castelvecchio,strategy_nearest,False,0.002835988998413086,success
049119C27B3F80,3,"['Duomo', 'San Zeno', 'Arena']",Santa Anastasia,"['AMO', 'Museo Conte', 'Palazzo della Ragione', 'Teatro Romano', 'Centro Fotografia']",Castelvecchio,strategy_nearest,False,0.002974987030029297,success
04911C3A9C4C84,0,['Arena'],Castelvecchio,"['Museo Lapidario', 'Verona Tour', 'Museo Radio', 'San Zeno', 'Sighseeing']",Casa Giulietta,strategy_nearest,False,0.004620075225830078,success
04911AC27B3F80,1,"['Santa Anastasia', 'Duomo', 'Casa Giulietta']",San Fermo,"['Museo Storia', 'Museo Radio', 'Centro Fotografia', 'Arena', 'Sighseeing']",San Zeno,strategy_nearest,False,0.004017829895019531,success
04911FC27B3F80,2,"['Torre Lamberti', 'Palazzo della Ragione', 'San Zeno']",Castelvecchio,"['Museo Lapidario', 'Verona Tour', 'Arena', 'Museo Radio', 'Sighseeing']",Duomo,strategy_nearest,False,0.0029392242431640625,success
049120C27B3F80,0,"['Giardino Giusti', 'San Zeno']",Castelvecchio,"['Museo Lapidario', 'Verona Tour', 'Arena', 'Museo Radio', 'Sighseeing']",Arena,strategy_nearest,True,0.003203868865966797,success
049125C27B3F80,0,['Duomo'],Arena,"['Verona Tour', 'Museo Lapidario', 'Museo Radio', 'San Fermo', 'Casa Giulietta']",Torre Lamberti,strategy_nearest,False,0.002214193344116211,success
0491203A9C4C84,0,['Arena'],Torre Lamberti,"['Sighseeing', 'Centro Fotografia', 'Museo Conte', 'Casa Giulietta', 'Palazzo della Ragione']",Casa Giulietta,strategy_nearest,True,0.0020761489868164062,success
049123429C4C84,4,"['San Fermo', 'Casa Giulietta', 'Torre Lamberti', 'Palazzo della Ragione']",Arena,"['Verona Tour', 'Museo Lapidario', 'Museo Radio', 'Sighseeing', 'Castelvecchio']",Tomba Giulietta,strategy_nearest,False,0.0038251876831054688,success
0491273A9C4C84,0,['Arena'],Casa Giulietta,"['Centro Fotografia', 'Sighseeing', 'Torre Lamberti', 'Museo Conte', 'Museo Radio']",Castelvecchio,strategy_nearest,False,0.0024809837341308594,success
049126C27B3F80,3,['Santa Anastasia'],Duomo,"['AMO', 'Museo Miniscalchi', 'Teatro Romano', 'Palazzo della Ragione', 'Museo Conte']",San Zeno,strategy_nearest,False,0.0015869140625,success
04912BC27B3F80,3,"['Casa Giulietta', 'Museo Lapidario', 'Arena', 'Castelvecchio']",San Zeno,"['Verona Tour', 'Museo Miniscalchi', 'Sighseeing', 'Museo Radio', 'Torre Lamberti']",Torre Lamberti,strategy_nearest,True,0.003976106643676758,success
04912F4A9C4C80,3,"['Arena', 'Castelvecchio', 'Duomo', 'Teatro Romano']",Torre Lamberti,"['Sighseeing', 'Centro Fotografia', 'Museo Conte', 'Casa Giulietta', 'Palazzo della Ragione']",Casa Giulietta,strategy_nearest,True,0.0028510093688964844,success
049131C27B3F80,3,"['Duomo', 'San Zeno']",Arena,"['Verona Tour', 'Museo Lapidario', 'Museo Radio', 'San Fermo', 'Casa Giulietta']",San Fermo,strategy_nearest,True,0.0014929771423339844,success
0491393A9C4C80,1,"['Torre Lamberti', 'Palazzo della Ragione']",Arena,"['Verona Tour', 'Museo Lapidario', 'Museo Radio', 'San Fermo', 'Casa Giulietta']",Casa Giulietta,strategy_nearest,True,0.0023818016052246094,success
049132C27B3F80,3,"['Santa Anastasia', 'Duomo']",San Fermo,"['Museo Storia', 'Museo Radio', 'Casa Giulietta', 'Centro Fotografia', 'Arena']",San Zeno,strategy_nearest,False,0.0022935867309570312,success
049137C27B3F80,3,"['Casa Giulietta', 'Museo Lapidario', 'Arena', 'Castelvecchio']",San Zeno,"['Verona Tour', 'Museo Miniscalchi', 'Sighseeing', 'Museo Radio', 'Torre Lamberti']",Torre Lamberti,strategy_nearest,True,0.0032930374145507812,success
04913F3A9C4C80,1,"['Torre Lamberti', 'Palazzo della Ragione', 'Casa Giulietta', 'Arena']",Teatro Romano,"['Santa Anastasia', 'Duomo', 'AMO', 'Museo Conte', 'Centro Fotografia']",Santa Anastasia,strategy_nearest,True,0.0026328563690185547,success
049150C27B3F80,1,['Arena'],Torre Lamberti,"['Sighseeing', 'Centro Fotografia', 'Museo Conte', 'Casa Giulietta', 'Palazzo della Ragione']",Palazzo della Ragione,strategy_nearest,True,0.002099275588989258,success
04914C3A9C4C80,2,['Casa Giulietta'],Palazzo della Ragione,"['AMO', 'Museo Conte', 'Torre Lamberti', 'Centro Fotografia', 'Sighseeing']",Torre Lamberti,strategy_nearest,True,0.0028128623962402344,success
049152429C4C80,0,"['Arena', 'Museo Lapidario']",Casa Giulietta,"['Centro Fotografia', 'Sighseeing', 'Torre Lamberti', 'Museo Conte', 'Museo Radio']",Castelvecchio,strategy_nearest,False,0.003362894058227539,success
04915F429C4C80,0,['Arena'],Casa Giulietta,"['Centro Fotografia', 'Sighseeing', 'Torre Lamberti', 'Museo Conte', 'Museo Radio']",Torre Lamberti,strategy_nearest,True,0.0026650428771972656,success
04915CC27B3F80,1,"['Castelvecchio', 'Santa Anastasia']",Torre Lamberti,"['Sighseeing', 'Centro Fotografia', 'Museo Conte', 'Casa Giulietta', 'Palazzo della Ragione']",Palazzo della Ragione,strategy_nearest,True,0.002708911895751953,success
049153429C4C80,0,['Casa Giulietta'],Arena,"['Verona Tour', 'Museo Lapidario', 'Museo Radio', 'San Fermo', 'Sighseeing']",Santa Anastasia,strategy_nearest,False,0.0027511119842529297,success
049164429C4C80,3,"['Castelvecchio', 'San Zeno']",Arena,"['Verona Tour', 'Museo Lapidario', 'Museo Radio', 'San Fermo', 'Casa Giulietta']",Torre Lamberti,strategy_nearest,False,0.0020720958709716797,success
049173429C4C80,3,"['Arena', 'Casa Giulietta', 'San Fermo']",Tomba Giulietta,"['Museo Storia', 'Museo Lapidario', 'Museo Radio', 'Verona Tour', 'Castelvecchio']",Torre Lamberti,strategy_nearest,False,0.0020651817321777344,success
049175429C4C80,1,"['Arena', 'Palazzo della Ragione']",Torre Lamberti,"['Sighseeing', 'Centro Fotografia', 'Museo Conte', 'Casa Giulietta', 'AMO']",Casa Giulietta,strategy_nearest,True,0.002736806869506836,success
0491763A9C4C80,0,"['Arena', 'Museo Lapidario']",Castelvecchio,"['Verona Tour', 'Museo Radio', 'San Zeno', 'Sighseeing', 'Museo Miniscalchi']",Casa Giulietta,strategy_nearest,False,0.003245115280151367,success
0491783A9C4C80,3,"['Arena', 'Torre Lamberti', 'Casa Giulietta']",San Zeno,"['Castelvecchio', 'Verona Tour', 'Museo Lapidario', 'Museo Miniscalchi', 'Sighseeing']",Castelvecchio,strategy_nearest,True,0.0023250579833984375,success
049177429C4C80,0,['Arena'],Casa Giulietta,"['Centro Fotografia', 'Sighseeing', 'Torre Lamberti', 'Museo Conte', 'Museo Radio']",Torre Lamberti,strategy_nearest,True,0.003062009811401367,success
049178429C4C80,3,"['Arena', 'Santa Anastasia']",Duomo,"['AMO', 'Museo Miniscalchi', 'Teatro Romano', 'Palazzo della Ragione', 'Museo Conte']",Teatro Romano,strategy_nearest,True,0.0037250518798828125,success
04917B3A9C4C80,0,['Arena'],Castelvecchio,"['Museo Lapidario', 'Verona Tour', 'Museo Radio', 'San Zeno', 'Sighseeing']",Torre Lamberti,strategy_nearest,False,0.0033419132232666016,success
04917D429C4C80,1,"['Arena', 'Casa Giulietta']",Palazzo della Ragione,"['AMO', 'Museo Conte', 'Torre Lamberti', 'Centro Fotografia', 'Sighseeing']",Duomo,strategy_nearest,False,0.0041081905364990234,success
049179429C4C80,2,['Santa Anastasia'],Duomo,"['AMO', 'Museo Miniscalchi', 'Teatro Romano', 'Palazzo della Ragione', 'Museo Conte']",Castelvecchio,strategy_nearest,False,0.0046710968017578125,success
04917E429C4C80,1,"['Casa Giulietta', 'Santa Anastasia', 'Arena']",Castelvecchio,"['Museo Lapidario', 'Verona Tour', 'Museo Radio', 'San Zeno', 'Sighseeing']",Torre Lamberti,strategy_nearest,False,0.0020589828491210938,success
0491884A9C4C80,1,"['Arena', 'Palazzo della Ragione']",Torre Lamberti,"['Sighseeing', 'Centro Fotografia', 'Museo Conte', 'Casa Giulietta', 'AMO']",Casa Giulietta,strategy_nearest,True,0.003255128860473633,success
049185C27B3F80,1,['Arena'],Torre Lamberti,"['Sighseeing', 'Centro Fotografia', 'Museo Conte', 'Casa Giulietta', 'Palazzo della Ragione']",Palazzo della Ragione,strategy_nearest,True,0.0029761791229248047,success
049180C27B3F80,1,['Arena'],Torre Lamberti,"['Sighseeing', 'Centro Fotografia', 'Museo Conte', 'Casa Giulietta', 'Palazzo della Ragione']",Palazzo della Ragione,strategy_nearest,True,0.0023360252380371094,success
0491AD429C4C80,1,"['Arena', 'Teatro Romano', 'Santa Anastasia', 'Torre Lamberti']",Torre Lamberti,"['Sighseeing', 'Centro Fotografia', 'Museo Conte', 'Casa Giulietta', 'Palazzo della Ragione']",Palazzo della Ragione,strategy_nearest,True,0.0030291080474853516,success
049192429C4C80,1,"['Casa Giulietta', 'Torre Lamberti', 'Santa Anastasia', 'Santa Anastasia']",Teatro Romano,"['Duomo', 'AMO', 'Palazzo della Ragione', 'Museo Conte', 'Centro Fotografia']",Duomo,strategy_nearest,True,0.0016050338745117188,success
0491B23A9C4C80,1,"['Arena', 'Palazzo della Ragione', 'Teatro Romano']",Santa Anastasia,"['AMO', 'Museo Conte', 'Centro Fotografia', 'Duomo', 'Torre Lamberti']",Duomo,strategy_nearest,True,0.0023779869079589844,success
0491B2429C4C80,1,"['Torre Lamberti', 'Palazzo della Ragione']",Casa Giulietta,"['Centro Fotografia', 'Sighseeing', 'Museo Conte', 'Museo Radio', 'San Fermo']",Arena,strategy_nearest,False,0.003310680389404297,success
0491BA72743380,1,"['Casa Giulietta', 'Arena', 'Tomba Giulietta', 'Castelvecchio']",Torre Lamberti,"['Sighseeing', 'Centro Fotografia', 'Museo Conte', 'Palazzo della Ragione', 'AMO']",Palazzo della Ragione,strategy_nearest,True,0.0014309883117675781,success
0491E53A9C4C80,1,"['Arena', 'Museo Lapidario', 'Palazzo della Ragione', 'San Zeno', 'Castelvecchio']",Duomo,"['AMO', 'Museo Miniscalchi', 'Santa Anastasia', 'Teatro Romano', 'Museo Conte']",Santa Anastasia,strategy_nearest,True,0.002099275588989258,success
0491BC429C4C80,3,"['Casa Giulietta', 'Torre Lamberti', 'Santa Anastasia']",Duomo,"['AMO', 'Museo Miniscalchi', 'Teatro Romano', 'Palazzo della Ragione', 'Museo Conte']",Teatro Romano,strategy_nearest,True,0.003047943115234375,success
0491E73A9C4C80,2,['Santa Anastasia'],Duomo,"['AMO', 'Museo Miniscalchi', 'Teatro Romano', 'Palazzo della Ragione', 'Museo Conte']",Teatro Romano,strategy_nearest,True,0.0036211013793945312,success
0491ED3A9C4C80,3,"['Arena', 'Casa Giulietta', 'Torre Lamberti']",Duomo,"['AMO', 'Museo Miniscalchi', 'Santa Anastasia', 'Teatro Romano', 'Palazzo della Ragione']",Teatro Romano,strategy_nearest,True,0.0045392513275146484,success
0491F0429C4C80,0,['Arena'],Torre Lamberti,"['Sighseeing', 'Centro Fotografia', 'Museo Conte', 'Casa Giulietta', 'Palazzo della Ragione']",Teatro Romano,strategy_nearest,False,0.00251007080078125,success
0491F5429C4C80,3,"['Casa Giulietta', 'Torre Lamberti', 'Santa Anastasia']",Duomo,"['AMO', 'Museo Miniscalchi', 'Teatro Romano', 'Palazzo della Ragione', 'Museo Conte']",Arena,strategy_nearest,False,0.0021920204162597656,success
0491F73A9C4C80,3,['Santa Anastasia'],Arena,"['Verona Tour', 'Museo Lapidario', 'Museo Radio', 'San Fermo', 'Casa Giulietta']",Teatro Romano,strategy_nearest,False,0.002796173095703125,success
0491F93A9C4C80,0,['Torre Lamberti'],Casa Giulietta,"['Centro Fotografia', 'Sighseeing', 'Museo Conte', 'Museo Radio', 'Palazzo della Ragione']",Arena,strategy_nearest,False,0.0035758018493652344,success
049203C27B3F84,2,"['Santa Anastasia', 'Duomo', 'Giardino Giusti', 'Teatro Romano']",San Zeno,"['Castelvecchio', 'Verona Tour', 'Museo Lapidario', 'Arena', 'Museo Miniscalchi']",Torre Lamberti,strategy_nearest,False,0.002574920654296875,success
0491FB3A9C4C80,3,"['Arena', 'San Zeno', 'Museo Lapidario']",San Fermo,"['Museo Storia', 'Museo Radio', 'Casa Giulietta', 'Centro Fotografia', 'Sighseeing']",Duomo,strategy_nearest,False,0.0020461082458496094,success
049204C27B3F84,3,"['Casa Giulietta', 'Torre Lamberti', 'Arena', 'San Fermo']",Giardino Giusti,"['Santa Anastasia', 'Teatro Romano', 'Museo Conte', 'Centro Fotografia', 'Museo Storia']",Teatro Romano,strategy_nearest,True,0.0014750957489013672,success
049209429C4C80,1,"['Castelvecchio', 'Duomo']",Teatro Romano,"['Santa Anastasia', 'AMO', 'Palazzo della Ragione', 'Museo Conte', 'Centro Fotografia']",Palazzo della Ragione,strategy_nearest,True,0.0020668506622314453,success
049209C27B3F84,2,['Teatro Romano'],Casa Giulietta,"['Centro Fotografia', 'Sighseeing', 'Torre Lamberti', 'Museo Conte', 'Museo Radio']",Giardino Giusti,strategy_nearest,False,0.002746105194091797,success
04920B429C4C80,0,['Arena'],Torre Lamberti,"['Sighseeing', 'Centro Fotografia', 'Museo Conte', 'Casa Giulietta', 'Palazzo della Ragione']",Castelvecchio,strategy_nearest,False,0.0032477378845214844,success
04920F3A9C4C84,0,['Arena'],Castelvecchio,"['Museo Lapidario', 'Verona Tour', 'Museo Radio', 'San Zeno', 'Sighseeing']",Torre Lamberti,strategy_nearest,False,0.0036089420318603516,success
04920FC27B3F84,3,"['Santa Anastasia', 'Torre Lamberti', 'Casa Giulietta']",Arena,"['Verona Tour', 'Museo Lapidario', 'Museo Radio', 'San Fermo', 'Sighseeing']",Tomba Giulietta,strategy_nearest,False,0.003245115280151367,success
04920F429C4C80,0,['Arena'],Casa Giulietta,"['Centro Fotografia', 'Sighseeing', 'Torre Lamberti', 'Museo Conte', 'Museo Radio']",Palazzo della Ragione,strategy_nearest,False,0.00215911865234375,success
049210C27B3F84,1,"['Santa Anastasia', 'Arena', 'Casa Giulietta', 'Teatro Romano']",Duomo,"['AMO', 'Museo Miniscalchi', 'Palazzo della Ragione', 'Museo Conte', 'Torre Lamberti']",Torre Lamberti,strategy_nearest,True,0.0013523101806640625,success
0492133A9C4C84,0,['Castelvecchio'],Arena,"['Verona Tour', 'Museo Lapidario', 'Museo Radio', 'San Fermo', 'Casa Giulietta']",Casa Giulietta,strategy_nearest,True,0.0034379959106445312,success
0492123A9C4C84,3,"['Arena', 'Casa Giulietta', 'Santa Anastasia']",Duomo,"['AMO', 'Museo Miniscalchi', 'Teatro Romano', 'Palazzo della Ragione', 'Museo Conte']",Castelvecchio,strategy_nearest,False,0.002646923065185547,success
049214429C4C84,3,"['Castelvecchio', 'Teatro Romano']",Duomo,"['AMO', 'Museo Miniscalchi', 'Santa Anastasia', 'Palazzo della Ragione', 'Museo Conte']",Santa Anastasia,strategy_nearest,True,0.003574848175048828,success
0492153A9C4C80,3,['Arena'],Casa Giulietta,"['Centro Fotografia', 'Sighseeing', 'Torre Lamberti', 'Museo Conte', 'Museo Radio']",Torre Lamberti,strategy_nearest,True,0.0020339488983154297,success
0492153A9C4C84,3,"['Arena', 'Castelvecchio']",Teatro Romano,"['Santa Anastasia', 'Duomo', 'AMO', 'Palazzo della Ragione', 'Museo Conte']",Santa Anastasia,strategy_nearest,True,0.0028128623962402344,success
04921B3A9C4C84,3,"['Arena', 'Santa Anastasia']",Duomo,"['AMO', 'Museo Miniscalchi', 'Teatro Romano', 'Palazzo della Ragione', 'Museo Conte']",Torre Lamberti,strategy_nearest,False,0.003038167953491211,success
04921BC27B3F84,3,"['Santa Anastasia', 'Casa Giulietta', 'Arena']",Tomba Giulietta,"['San Fermo', 'Museo Storia', 'Museo Lapidario', 'Museo Radio', 'Verona Tour']",Castelvecchio,strategy_nearest,False,0.0027709007263183594,success
04921C3A9C4C84,0,['Arena'],Casa Giulietta,"['Centro Fotografia', 'Sighseeing', 'Torre Lamberti', 'Museo Conte', 'Museo Radio']",Torre Lamberti,strategy_nearest,True,0.0025098323822021484,success
04921CC27B3F84,1,"['Duomo', 'Torre Lamberti', 'Palazzo della Ragione', 'Casa Giulietta']",San Fermo,"['Museo Storia', 'Museo Radio', 'Centro Fotografia', 'Arena', 'Sighseeing']",Tomba Giulietta,strategy_nearest,False,0.003094911575317383,success
0492203A9C4C84,1,"['Museo Lapidario', 'Arena']",Castelvecchio,"['Verona Tour', 'Museo Radio', 'San Zeno', 'Sighseeing', 'Museo Miniscalchi']",Palazzo della Ragione,strategy_nearest,False,0.0023059844970703125,success
0492233A9C4C80,0,['Casa Giulietta'],Arena,"['Verona Tour', 'Museo Lapidario', 'Museo Radio', 'San Fermo', 'Sighseeing']",Santa Anastasia,strategy_nearest,False,0.0014522075653076172,success
0492233A9C4C84,0,['Arena'],Casa Giulietta,"['Centro Fotografia', 'Sighseeing', 'Torre Lamberti', 'Museo Conte', 'Museo Radio']",Santa Anastasia,strategy_nearest,False,0.0033440589904785156,success
0492243A9C4C80,1,"['Palazzo della Ragione', 'Casa Giulietta', 'Arena']",Torre Lamberti,"['Sighseeing', 'Centro Fotografia', 'Museo Conte', 'AMO', 'Museo Miniscalchi']",Duomo,strategy_nearest,False,0.002476930618286133,success
04922A3A9C4C80,0,"['Tomba Giulietta', 'Arena']",Casa Giulietta,"['Centro Fotografia', 'Sighseeing', 'Torre Lamberti', 'Museo Conte', 'Museo Radio']",Santa Anastasia,strategy_nearest,False,0.002877950668334961,success
049231C27B3F80,1,"['San Zeno', 'Castelvecchio', 'Arena', 'Casa Giulietta']",San Fermo,"['Museo Storia', 'Museo Radio', 'Centro Fotografia', 'Sighseeing', 'Torre Lamberti']",Teatro Romano,strategy_nearest,False,0.002168893814086914,success
0492263A9C4C80,0,['Arena'],Casa Giulietta,"['Centro Fotografia', 'Sighseeing', 'Torre Lamberti', 'Museo Conte', 'Museo Radio']",Torre Lamberti,strategy_nearest,True,0.0017049312591552734,success
049232C27B3F80,1,"['Arena', 'Torre Lamberti', 'Palazzo della Ragione']",Casa Giulietta,"['Centro Fotografia', 'Sighseeing', 'Museo Conte', 'Museo Radio', 'San Fermo']",Santa Anastasia,strategy_nearest,False,0.0034019947052001953,success
0492393A9C4C80,0,['Arena'],Casa Giulietta,"['Centro Fotografia', 'Sighseeing', 'Torre Lamberti', 'Museo Conte', 'Museo Radio']",Teatro Romano,strategy_nearest,False,0.0026311874389648438,success
049237C27B3F80,3,['Arena'],Torre Lamberti,"['Sighseeing', 'Centro Fotografia', 'Museo Conte', 'Casa Giulietta', 'Palazzo della Ragione']",Santa Anastasia,strategy_nearest,False,0.0027539730072021484,success
049238C27B3F80,3,"['Arena', 'San Fermo', 'Casa Giulietta']",Torre Lamberti,"['Sighseeing', 'Centro Fotografia', 'Museo Conte', 'Palazzo della Ragione', 'AMO']",Santa Anastasia,strategy_nearest,False,0.0021169185638427734,success
04923D3A9C4C80,0,"['Arena', 'Casa Giulietta']",Teatro Romano,"['Santa Anastasia', 'Duomo', 'AMO', 'Palazzo della Ragione', 'Museo Conte']",Castelvecchio,strategy_nearest,False,0.003167867660522461,success
04923F3A9C4C80,1,"['Tomba Giulietta', 'Castelvecchio', 'Duomo']",Torre Lamberti,"['Sighseeing', 'Centro Fotografia', 'Museo Conte', 'Casa Giulietta', 'Palazzo della Ragione']",Palazzo della Ragione,strategy_nearest,True,0.0016758441925048828,success
04923DC27B3F80,3,['Arena'],Torre Lamberti,"['Sighseeing', 'Centro Fotografia', 'Museo Conte', 'Casa Giulietta', 'Palazzo della Ragione']",Santa Anastasia,strategy_nearest,False,0.0037610530853271484,success
04923EC27B3F80,3,"['San Zeno', 'Torre Lamberti', 'Santa Anastasia']",Arena,"['Verona Tour', 'Museo Lapidario', 'Museo Radio', 'San Fermo', 'Casa Giulietta']",Castelvecchio,strategy_nearest,False,0.0031080245971679688,success
049243C27B3F80,0,['Arena'],Castelvecchio,"['Museo Lapidario', 'Verona Tour', 'Museo Radio', 'San Zeno', 'Sighseeing']",Santa Anastasia,strategy_nearest,False,0.0013670921325683594,success
049241429C4C80,1,['Arena'],Torre Lamberti,"['Sighseeing', 'Centro Fotografia', 'Museo Conte', 'Casa Giulietta', 'Palazzo della Ragione']",Palazzo della Ragione,strategy_nearest,True,0.0044820308685302734,success
049249C27B3F80,3,['Arena'],Torre Lamberti,"['Sighseeing', 'Centro Fotografia', 'Museo Conte', 'Casa Giulietta', 'Palazzo della Ragione']",Santa Anastasia,strategy_nearest,False,0.0025568008422851562,success
049244C27B3F80,3,"['Arena', 'San Fermo', 'Casa Giulietta']",Torre Lamberti,"['Sighseeing', 'Centro Fotografia', 'Museo Conte', 'Palazzo della Ragione', 'AMO']",Santa Anastasia,strategy_nearest,False,0.003762960433959961,success
049250C27B3F80,0,['Arena'],Castelvecchio,"['Museo Lapidario', 'Verona Tour', 'Museo Radio', 'San Zeno', 'Sighseeing']",Santa Anastasia,strategy_nearest,False,0.0018551349639892578,success
04924AC27B3F80,3,"['San Zeno', 'Torre Lamberti', 'Santa Anastasia']",Arena,"['Verona Tour', 'Museo Lapidario', 'Museo Radio', 'San Fermo', 'Casa Giulietta']",Castelvecchio,strategy_nearest,False,0.0023407936096191406,success
049256C27B3F80,1,"['San Zeno', 'Castelvecchio', 'Torre Lamberti', 'Casa Giulietta']",Palazzo della Ragione,"['AMO', 'Museo Conte', 'Centro Fotografia', 'Sighseeing', 'Santa Anastasia']",Duomo,strategy_nearest,False,0.0020902156829833984,success
04924B3A9C4C80,3,"['Arena', 'Casa Giulietta']",Castelvecchio,"['Museo Lapidario', 'Verona Tour', 'Museo Radio', 'San Zeno', 'Sighseeing']",Torre Lamberti,strategy_nearest,False,0.0035011768341064453,success
04925CC27B3F80,3,"['San Zeno', 'Torre Lamberti', 'Santa Anastasia']",Arena,"['Verona Tour', 'Museo Lapidario', 'Museo Radio', 'San Fermo', 'Casa Giulietta']",Castelvecchio,strategy_nearest,False,0.003050088882446289,success
04925BC27B3F80,3,"['San Zeno', 'Castelvecchio', 'Arena']",Casa Giulietta,"['Centro Fotografia', 'Sighseeing', 'Torre Lamberti', 'Museo Conte', 'Museo Radio']",Torre Lamberti,strategy_nearest,True,0.0024890899658203125,success
049261C27B3F80,1,"['San Zeno', 'Castelvecchio', 'Torre Lamberti', 'Casa Giulietta']",Palazzo della Ragione,"['AMO', 'Museo Conte', 'Centro Fotografia', 'Sighseeing', 'Santa Anastasia']",Duomo,strategy_nearest,False,0.0024890899658203125,success
049266429C4C80,3,"['Arena', 'Casa Giulietta']",Torre Lamberti,"['Sighseeing', 'Centro Fotografia', 'Museo Conte', 'Palazzo della Ragione', 'AMO']",Duomo,strategy_nearest,False,0.002389192581176758,success
049264429C4C80,1,"['Arena', 'San Fermo']",Palazzo della Ragione,"['AMO', 'Museo Conte', 'Torre Lamberti', 'Centro Fotografia', 'Sighseeing']",Santa Anastasia,strategy_nearest,False,0.0031800270080566406,success
049262429C4C80,2,['Torre Lamberti'],Santa Anastasia,"['AMO', 'Museo Conte', 'Palazzo della Ragione', 'Teatro Romano', 'Centro Fotografia']",Duomo,strategy_nearest,False,0.0036818981170654297,success
04926EC27B3F80,3,"['Santa Anastasia', 'Casa Giulietta']",Arena,"['Verona Tour', 'Museo Lapidario', 'Museo Radio', 'San Fermo', 'Sighseeing']",Castelvecchio,strategy_nearest,False,0.002849102020263672,success
0492713A9C4C80,3,"['Casa Giulietta', 'Teatro Romano', 'Giardino Giusti']",Duomo,"['AMO', 'Museo Miniscalchi', 'Santa Anastasia', 'Palazzo della Ragione', 'Museo Conte']",Santa Anastasia,strategy_nearest,True,0.0021309852600097656,success
04927A3A9C4C80,3,"['Arena', 'Casa Giulietta']",Torre Lamberti,"['Sighseeing', 'Centro Fotografia', 'Museo Conte', 'Palazzo della Ragione', 'AMO']",Santa Anastasia,strategy_nearest,False,0.002630949020385742,success
0492723A9C4C80,0,['Arena'],Teatro Romano,"['Santa Anastasia', 'Duomo', 'AMO', 'Palazzo della Ragione', 'Museo Conte']",Duomo,strategy_nearest,True,0.003475189208984375,success
04927B3A9C4C80,0,['Arena'],Castelvecchio,"['Museo Lapidario', 'Verona Tour', 'Museo Radio', 'San Zeno', 'Sighseeing']",Casa Giulietta,strategy_nearest,False,0.002196073532104492,success
049299429C4C80,0,['Castelvecchio'],Arena,"['Verona Tour', 'Museo Lapidario', 'Museo Radio', 'San Fermo', 'Casa Giulietta']",Teatro Romano,strategy_nearest,False,0.002063751220703125,success
0492884A9C4C80,1,"['Arena', 'San Fermo', 'Casa Giulietta']",Palazzo della Ragione,"['AMO', 'Museo Conte', 'Torre Lamberti', 'Centro Fotografia', 'Sighseeing']",Torre Lamberti,strategy_nearest,True,0.0027551651000976562,success
0492A04A9C4C80,0,['Arena'],Castelvecchio,"['Museo Lapidario', 'Verona Tour', 'Museo Radio', 'San Zeno', 'Sighseeing']",San Zeno,strategy_nearest,True,0.003345012664794922,success
0492B63A9C4C80,1,"['Arena', 'Santa Anastasia']",Teatro Romano,"['Duomo', 'AMO', 'Palazzo della Ragione', 'Museo Conte', 'Centro Fotografia']",Palazzo della Ragione,strategy_nearest,True,0.0034618377685546875,success
0492B8429C4C80,1,"['Arena', 'Casa Giulietta']",Torre Lamberti,"['Sighseeing', 'Centro Fotografia', 'Museo Conte', 'Palazzo della Ragione', 'AMO']",Palazzo della Ragione,strategy_nearest,True,0.002747058868408203,success
0492B1429C4C80,1,"['Casa Giulietta', 'Torre Lamberti', 'Palazzo della Ragione', 'Santa Anastasia']",Teatro Romano,"['Duomo', 'AMO', 'Museo Conte', 'Centro Fotografia', 'Museo Miniscalchi']",Duomo,strategy_nearest,True,0.0028069019317626953,success
0492B6429C4C80,3,['Arena'],Torre Lamberti,"['Sighseeing', 'Centro Fotografia', 'Museo Conte', 'Casa Giulietta', 'Palazzo della Ragione']",Santa Anastasia,strategy_nearest,False,0.0013492107391357422,success
0492C63A9C4C80,1,"['Casa Giulietta', 'Palazzo della Ragione']",Torre Lamberti,"['Sighseeing', 'Centro Fotografia', 'Museo Conte', 'AMO', 'Museo Miniscalchi']",Castelvecchio,strategy_nearest,False,0.003526926040649414,success
0492C43A9C4C80,1,"['Casa Giulietta', 'Torre Lamberti']",Palazzo della Ragione,"['AMO', 'Museo Conte', 'Centro Fotografia', 'Sighseeing', 'Santa Anastasia']",Duomo,strategy_nearest,False,0.0015549659729003906,success
0492C23A9C4C80,0,['Arena'],Casa Giulietta,"['Centro Fotografia', 'Sighseeing', 'Torre Lamberti', 'Museo Conte', 'Museo Radio']",Torre Lamberti,strategy_nearest,True,0.0029349327087402344,success
0492C7429C4C80,0,"['Arena', 'Casa Giulietta']",Torre Lamberti,"['Sighseeing', 'Centro Fotografia', 'Museo Conte', 'Palazzo della Ragione', 'AMO']",Castelvecchio,strategy_nearest,False,0.0027818679809570312,success
0492C8C27B3F80,2,['Teatro Romano'],Casa Giulietta,"['Centro Fotografia', 'Sighseeing', 'Torre Lamberti', 'Museo Conte', 'Museo Radio']",Giardino Giusti,strategy_nearest,False,0.001828908920288086,success
0492C7C27B3F80,1,"['Santa Anastasia', 'Arena', 'Casa Giulietta', 'Teatro Romano']",Duomo,"['AMO', 'Museo Miniscalchi', 'Palazzo della Ragione', 'Museo Conte', 'Torre Lamberti']",Torre Lamberti,strategy_nearest,True,0.002502918243408203,success
0492C83A9C4C80,2,['Palazzo della Ragione'],Torre Lamberti,"['Sighseeing', 'Centro Fotografia', 'Museo Conte', 'Casa Giulietta', 'AMO']",Casa Giulietta,strategy_nearest,True,0.003426790237426758,success
0492CDC27B3F80,1,"['Duomo', 'Teatro Romano', 'Arena', 'Tomba Giulietta']",Museo Storia,"['San Fermo', 'Museo Radio', 'Casa Giulietta', 'Centro Fotografia', 'Torre Lamberti']",Casa Giulietta,strategy_nearest,True,0.003409147262573242,success
0492D03A9C4C80,3,"['Arena', 'Torre Lamberti']",Castelvecchio,"['Museo Lapidario', 'Verona Tour', 'Museo Radio', 'San Zeno', 'Sighseeing']",Duomo,strategy_nearest,False,0.0026009082794189453,success
0492D3C27B3F80,3,"['Duomo', 'Teatro Romano', 'Giardino Giusti']",Arena,"['Verona Tour', 'Museo Lapidario', 'Museo Radio', 'San Fermo', 'Casa Giulietta']",Castelvecchio,strategy_nearest,False,0.0029010772705078125,success
0492D9C27B3F80,0,['Casa Giulietta'],Arena,"['Verona Tour', 'Museo Lapidario', 'Museo Radio', 'San Fermo', 'Sighseeing']",Castelvecchio,strategy_nearest,False,0.0027000904083251953,success
0492D4C27B3F80,0,"['Duomo', 'Torre Lamberti']",Arena,"['Verona Tour', 'Museo Lapidario', 'Museo Radio', 'San Fermo', 'Casa Giulietta']",Tomba Giulietta,strategy_nearest,False,0.004392862319946289,success
0492DC3A9C4C80,3,"['Arena', 'Santa Anastasia']",San Fermo,"['Museo Storia', 'Museo Radio', 'Casa Giulietta', 'Centro Fotografia', 'Sighseeing']",Giardino Giusti,strategy_nearest,False,0.0016739368438720703,success
0492DD3A9C4C80,0,['Arena'],Casa Giulietta,"['Centro Fotografia', 'Sighseeing', 'Torre Lamberti', 'Museo Conte', 'Museo Radio']",Torre Lamberti,strategy_nearest,True,0.0027129650115966797,success
0492DFC27B3F80,1,"['Santa Anastasia', 'Teatro Romano', 'Casa Giulietta']",Castelvecchio,"['Museo Lapidario', 'Verona Tour', 'Arena', 'Museo Radio', 'San Zeno']",Arena,strategy_nearest,True,0.0031280517578125,success
0492E0C27B3F80,1,"['Teatro Romano', 'Castelvecchio', 'San Zeno']",Arena,"['Verona Tour', 'Museo Lapidario', 'Museo Radio', 'San Fermo', 'Casa Giulietta']",Torre Lamberti,strategy_nearest,False,0.0026369094848632812,success
0492E13A9C4C80,3,"['Arena', 'Castelvecchio']",Casa Giulietta,"['Centro Fotografia', 'Sighseeing', 'Torre Lamberti', 'Museo Conte', 'Museo Radio']",San Fermo,strategy_nearest,False,0.0027501583099365234,success
0492ECC27B3F80,1,"['Teatro Romano', 'Castelvecchio', 'San Zeno']",Arena,"['Verona Tour', 'Museo Lapidario', 'Museo Radio', 'San Fermo', 'Casa Giulietta']",Torre Lamberti,strategy_nearest,False,0.002750873565673828,success
0492EBC27B3F80,1,"['Santa Anastasia', 'Teatro Romano', 'Casa Giulietta']",Castelvecchio,"['Museo Lapidario', 'Verona Tour', 'Arena', 'Museo Radio', 'San Zeno']",Arena,strategy_nearest,True,0.003364086151123047,success
0492F0429C4C80,1,"['Arena', 'Castelvecchio', 'Santa Anastasia']",Duomo,"['AMO', 'Museo Miniscalchi', 'Teatro Romano', 'Palazzo della Ragione', 'Museo Conte']",Teatro Romano,strategy_nearest,True,0.0022971630096435547,success
0492F1C27B3F80,0,['Casa Giulietta'],Arena,"['Verona Tour', 'Museo Lapidario', 'Museo Radio', 'San Fermo', 'Sighseeing']",Castelvecchio,strategy_nearest,False,0.0020220279693603516,success
0492F8C27B3F80,3,"['Casa Giulietta', 'Torre Lamberti', 'Arena', 'San Fermo']",Giardino Giusti,"['Santa Anastasia', 'Teatro Romano', 'Museo Conte', 'Centro Fotografia', 'Museo Storia']",Teatro Romano,strategy_nearest,True,0.0029408931732177734,success
0492FDC27B3F80,2,['Teatro Romano'],Casa Giulietta,"['Centro Fotografia', 'Sighseeing', 'Torre Lamberti', 'Museo Conte', 'Museo Radio']",Giardino Giusti,strategy_nearest,False,0.0036101341247558594,success
0492F7C27B3F80,2,"['Santa Anastasia', 'Duomo', 'Giardino Giusti', 'Teatro Romano']",San Zeno,"['Castelvecchio', 'Verona Tour', 'Museo Lapidario', 'Arena', 'Museo Miniscalchi']",Palazzo della Ragione,strategy_nearest,False,0.002929210662841797,success
049309C27B3F84,3,"['Casa Giulietta', 'Teatro Romano']",Arena,"['Verona Tour', 'Museo Lapidario', 'Museo Radio', 'San Fermo', 'Sighseeing']",Santa Anastasia,strategy_nearest,False,0.0022797584533691406,success
049302C27B3F84,1,"['Casa Giulietta', 'Arena', 'San Fermo', 'Tomba Giulietta']",Castelvecchio,"['Museo Lapidario', 'Verona Tour', 'Museo Radio', 'San Zeno', 'Sighseeing']",Torre Lamberti,strategy_nearest,False,0.0033850669860839844,success
049304C27B3F84,1,"['Casa Giulietta', 'Arena', 'San Fermo', 'Tomba Giulietta']",Castelvecchio,"['Museo Lapidario', 'Verona Tour', 'Museo Radio', 'San Zeno', 'Sighseeing']",Torre Lamberti,strategy_nearest,False,0.0029141902923583984,success
04930AC27B3F84,3,"['Casa Giulietta', 'Torre Lamberti']",Santa Anastasia,"['AMO', 'Museo Conte', 'Palazzo della Ragione', 'Teatro Romano', 'Centro Fotografia']",Teatro Romano,strategy_nearest,True,0.003237009048461914,success
04930CC27B3F84,1,"['Castelvecchio', 'Arena', 'San Fermo']",Palazzo della Ragione,"['AMO', 'Museo Conte', 'Torre Lamberti', 'Centro Fotografia', 'Sighseeing']",Torre Lamberti,strategy_nearest,True,0.002257108688354492,success
04930F429C4C80,0,['Arena'],Casa Giulietta,"['Centro Fotografia', 'Sighseeing', 'Torre Lamberti', 'Museo Conte', 'Museo Radio']",Torre Lamberti,strategy_nearest,True,0.0015668869018554688,success
049310C27B3F84,3,"['Casa Giulietta', 'San Fermo']",Santa Anastasia,"['AMO', 'Museo Conte', 'Palazzo della Ragione', 'Teatro Romano', 'Centro Fotografia']",Torre Lamberti,strategy_nearest,False,0.0026831626892089844,success
04930FC27B3F84,3,"['Casa Giulietta', 'Casa Giulietta']",San Fermo,"['Museo Storia', 'Museo Radio', 'Centro Fotografia', 'Arena', 'Sighseeing']",Santa Anastasia,strategy_nearest,False,0.0037980079650878906,success
049311429C4C80,3,"['Castelvecchio', 'Teatro Romano', 'Duomo', 'Santa Anastasia']",Torre Lamberti,"['Sighseeing', 'Centro Fotografia', 'Museo Conte', 'Casa Giulietta', 'Palazzo della Ragione']",Casa Giulietta,strategy_nearest,True,0.0026857852935791016,success
049315C27B3F84,3,"['Casa Giulietta', 'Arena', 'Castelvecchio']",Torre Lamberti,"['Sighseeing', 'Centro Fotografia', 'Museo Conte', 'Palazzo della Ragione', 'AMO']",Museo Lapidario,strategy_nearest,False,0.0024950504302978516,success
0493133A9C4C84,0,['Casa Giulietta'],Torre Lamberti,"['Sighseeing', 'Centro Fotografia', 'Museo Conte', 'Palazzo della Ragione', 'AMO']",Arena,strategy_nearest,False,0.002752065658569336,success
049312429C4C80,0,['San Fermo'],Casa Giulietta,"['Centro Fotografia', 'Sighseeing', 'Torre Lamberti', 'Museo Conte', 'Museo Radio']",Arena,strategy_nearest,False,0.0022821426391601562,success
049316C27B3F84,3,"['Casa Giulietta', 'Arena', 'Castelvecchio']",Torre Lamberti,"['Sighseeing', 'Centro Fotografia', 'Museo Conte', 'Palazzo della Ragione', 'AMO']",Museo Lapidario,strategy_nearest,False,0.0014522075653076172,success
04931CC27B3F84,3,"['Casa Giulietta', 'Arena', 'Museo Lapidario']",Duomo,"['AMO', 'Museo Miniscalchi', 'Santa Anastasia', 'Teatro Romano', 'Palazzo della Ragione']",Teatro Romano,strategy_nearest,True,0.003598928451538086,success
04931BC27B3F84,1,"['Casa Giulietta', 'Torre Lamberti', 'Palazzo della Ragione']",Castelvecchio,"['Museo Lapidario', 'Verona Tour', 'Arena', 'Museo Radio', 'San Zeno']",Arena,strategy_nearest,True,0.0029850006103515625,success
0493183A9C4C84,3,"['Arena', 'Casa Giulietta', 'Santa Anastasia']",Duomo,"['AMO', 'Museo Miniscalchi', 'Teatro Romano', 'Palazzo della Ragione', 'Museo Conte']",Castelvecchio,strategy_nearest,False,0.002354145050048828,success
04931DC27B3F84,3,"['Duomo', 'Teatro Romano', 'Torre Lamberti']",Santa Anastasia,"['AMO', 'Museo Conte', 'Palazzo della Ragione', 'Centro Fotografia', 'Sighseeing']",Castelvecchio,strategy_nearest,False,0.003813028335571289,success
0493204A9C4C80,1,"['Arena', 'Teatro Romano', 'Duomo', 'Santa Anastasia']",Torre Lamberti,"['Sighseeing', 'Centro Fotografia', 'Museo Conte', 'Casa Giulietta', 'Palazzo della Ragione']",Palazzo della Ragione,strategy_nearest,True,0.0032901763916015625,success
0493203A9C4C84,3,"['Arena', 'Castelvecchio']",Duomo,"['AMO', 'Museo Miniscalchi', 'Santa Anastasia', 'Teatro Romano', 'Palazzo della Ragione']",Teatro Romano,strategy_nearest,True,0.002244234085083008,success
04931EC27B3F84,3,"['Teatro Romano', 'Santa Anastasia']",Duomo,"['AMO', 'Museo Miniscalchi', 'Palazzo della Ragione', 'Museo Conte', 'Torre Lamberti']",Arena,strategy_nearest,False,0.0015628337860107422,success
049322C27B3F84,3,"['Casa Giulietta', 'Torre Lamberti', 'Santa Anastasia']",Arena,"['Verona Tour', 'Museo Lapidario', 'Museo Radio', 'San Fermo', 'Sighseeing']",Castelvecchio,strategy_nearest,False,0.0013980865478515625,success
049321C27B3F80,3,"['Torre Lamberti', 'Arena']",Museo Lapidario,"['Verona Tour', 'Castelvecchio', 'Museo Radio', 'San Fermo', 'Casa Giulietta']",Santa Anastasia,strategy_nearest,False,0.0020401477813720703,success
0493213A9C4C84,1,"['Arena', 'Casa Giulietta']",Torre Lamberti,"['Sighseeing', 'Centro Fotografia', 'Museo Conte', 'Palazzo della Ragione', 'AMO']",Palazzo della Ragione,strategy_nearest,True,0.003512144088745117,success
049325C27B3F84,1,"['Castelvecchio', 'Arena']",Santa Anastasia,"['AMO', 'Museo Conte', 'Palazzo della Ragione', 'Teatro Romano', 'Centro Fotografia']",Palazzo della Ragione,strategy_nearest,True,0.0028531551361083984,success
049330C27B3F80,3,"['Casa Giulietta', 'Arena', 'Castelvecchio']",Torre Lamberti,"['Sighseeing', 'Centro Fotografia', 'Museo Conte', 'Palazzo della Ragione', 'AMO']",Teatro Romano,strategy_nearest,False,0.0027267932891845703,success
049329C27B3F84,3,"['Casa Giulietta', 'Torre Lamberti', 'Santa Anastasia']",Arena,"['Verona Tour', 'Museo Lapidario', 'Museo Radio', 'San Fermo', 'Sighseeing']",Castelvecchio,strategy_nearest,False,0.00335693359375,success
049328C27B3F84,0,"['Casa Giulietta', 'San Fermo']",Museo Storia,"['Museo Radio', 'Centro Fotografia', 'Tomba Giulietta', 'Arena', 'Torre Lamberti']",Tomba Giulietta,strategy_nearest,True,0.002232789993286133,success
0493293A9C4C80,0,"['Arena', 'San Zeno']",Tomba Giulietta,"['San Fermo', 'Museo Storia', 'Museo Lapidario', 'Museo Radio', 'Verona Tour']",San Fermo,strategy_nearest,True,0.002880096435546875,success
049336C27B3F80,1,"['Casa Giulietta', 'Torre Lamberti', 'Palazzo della Ragione']",Arena,"['Verona Tour', 'Museo Lapidario', 'Museo Radio', 'San Fermo', 'Sighseeing']",Castelvecchio,strategy_nearest,False,0.0026082992553710938,success
04933CC27B3F80,3,"['Casa Giulietta', 'San Fermo', 'Arena']",Giardino Giusti,"['Santa Anastasia', 'Teatro Romano', 'Museo Conte', 'Centro Fotografia', 'Museo Storia']",Santa Anastasia,strategy_nearest,True,0.0015187263488769531,success
04933DC27B3F80,3,"['Casa Giulietta', 'Arena', 'Torre Lamberti']",Teatro Romano,"['Santa Anastasia', 'Duomo', 'AMO', 'Palazzo della Ragione', 'Museo Conte']",Tomba Giulietta,strategy_nearest,False,0.0029706954956054688,success
049337C27B3F80,3,"['Casa Giulietta', 'Torre Lamberti', 'Duomo']",Arena,"['Verona Tour', 'Museo Lapidario', 'Museo Radio', 'San Fermo', 'Sighseeing']",Castelvecchio,strategy_nearest,False,0.003972053527832031,success
04933E3A9C4C80,3,"['Torre Lamberti', 'Arena', 'Teatro Romano', 'Duomo']",Santa Anastasia,"['AMO', 'Museo Conte', 'Palazzo della Ragione', 'Centro Fotografia', 'Sighseeing']",San Fermo,strategy_nearest,False,0.0029430389404296875,success
049343C27B3F80,3,"['Casa Giulietta', 'Torre Lamberti', 'Arena']",San Zeno,"['Castelvecchio', 'Verona Tour', 'Museo Lapidario', 'Museo Miniscalchi', 'Sighseeing']",Castelvecchio,strategy_nearest,True,0.002398967742919922,success
0493473A9C4C80,1,"['Palazzo della Ragione', 'Torre Lamberti']",Casa Giulietta,"['Centro Fotografia', 'Sighseeing', 'Museo Conte', 'Museo Radio', 'San Fermo']",Arena,strategy_nearest,False,0.0035941600799560547,success
049348C27B3F80,0,"['Casa Giulietta', 'Torre Lamberti', 'Castelvecchio']",San Zeno,"['Verona Tour', 'Museo Lapidario', 'Arena', 'Museo Miniscalchi', 'Sighseeing']",Arena,strategy_nearest,True,0.004469156265258789,success
04934D3A9C4C80,3,"['Arena', 'Casa Giulietta', 'Torre Lamberti']",Santa Anastasia,"['AMO', 'Museo Conte', 'Palazzo della Ragione', 'Teatro Romano', 'Centro Fotografia']",Duomo,strategy_nearest,False,0.003275156021118164,success
049350C27B3F80,3,"['San Zeno', 'Duomo']",Teatro Romano,"['Santa Anastasia', 'AMO', 'Palazzo della Ragione', 'Museo Conte', 'Centro Fotografia']",Castelvecchio,strategy_nearest,False,0.002418041229248047,success
04934E429C4C80,3,"['Arena', 'Tomba Giulietta', 'Casa Giulietta']",Museo Lapidario,"['Verona Tour', 'Castelvecchio', 'Museo Radio', 'San Fermo', 'Sighseeing']",Castelvecchio,strategy_nearest,True,0.003191232681274414,success
0493513A9C4C80,3,"['Arena', 'Santa Anastasia']",Teatro Romano,"['Duomo', 'AMO', 'Palazzo della Ragione', 'Museo Conte', 'Centro Fotografia']",Casa Giulietta,strategy_nearest,False,0.0029790401458740234,success
049351C27B3F80,3,"['Duomo', 'Teatro Romano', 'Torre Lamberti']",Santa Anastasia,"['AMO', 'Museo Conte', 'Palazzo della Ragione', 'Centro Fotografia', 'Sighseeing']",Castelvecchio,strategy_nearest,False,0.003924846649169922,success
049354C27B3F80,1,"['Arena', 'Tomba Giulietta']",Torre Lamberti,"['Sighseeing', 'Centro Fotografia', 'Museo Conte', 'Casa Giulietta', 'Palazzo della Ragione']",Casa Giulietta,strategy_nearest,True,0.0027091503143310547,success
049355C27B3F80,1,"['Casa Giulietta', 'San Fermo', 'Teatro Romano', 'Torre Lamberti', 'Palazzo della Ragione']",Arena,"['Verona Tour', 'Museo Lapidario', 'Museo Radio', 'Sighseeing', 'Castelvecchio']",Castelvecchio,strategy_nearest,True,0.003677845001220703,success
049357C27B3F80,3,"['Arena', 'Duomo']",Santa Anastasia,"['AMO', 'Museo Conte', 'Palazzo della Ragione', 'Teatro Romano', 'Centro Fotografia']",Casa Giulietta,strategy_nearest,False,0.0022602081298828125,success
04935AC27B3F80,3,"['Casa Giulietta', 'Torre Lamberti']",Santa Anastasia,"['AMO', 'Museo Conte', 'Palazzo della Ragione', 'Teatro Romano', 'Centro Fotografia']",Arena,strategy_nearest,False,0.002577066421508789,success
04935DC27B3F80,0,"['San Zeno', 'Castelvecchio']",Casa Giulietta,"['Centro Fotografia', 'Sighseeing', 'Torre Lamberti', 'Museo Conte', 'Museo Radio']",Duomo,strategy_nearest,False,0.0019402503967285156,success
04935BC27B3F80,1,"['Casa Giulietta', 'Santa Anastasia', 'Torre Lamberti', 'Palazzo della Ragione']",Castelvecchio,"['Museo Lapidario', 'Verona Tour', 'Arena', 'Museo Radio', 'San Zeno']",San Fermo,strategy_nearest,False,0.00267791748046875,success
049360C27B3F80,1,"['Casa Giulietta', 'Torre Lamberti', 'Palazzo della Ragione']",Arena,"['Verona Tour', 'Museo Lapidario', 'Museo Radio', 'San Fermo', 'Sighseeing']",Castelvecchio,strategy_nearest,False,0.003348827362060547,success
04935F429C4C80,0,['Torre Lamberti'],Casa Giulietta,"['Centro Fotografia', 'Sighseeing', 'Museo Conte', 'Museo Radio', 'Palazzo della Ragione']",Arena,strategy_nearest,False,0.003030061721801758,success
049361C27B3F80,0,"['Casa Giulietta', 'Torre Lamberti']",Arena,"['Verona Tour', 'Museo Lapidario', 'Museo Radio', 'San Fermo', 'Sighseeing']",Castelvecchio,strategy_nearest,False,0.003572225570678711,success
049365429C4C80,0,['Arena'],Casa Giulietta,"['Centro Fotografia', 'Sighseeing', 'Torre Lamberti', 'Museo Conte', 'Museo Radio']",Torre Lamberti,strategy_nearest,True,0.002249002456665039,success
049367C27B3F80,1,"['Casa Giulietta', 'Torre Lamberti', 'Palazzo della Ragione']",Castelvecchio,"['Museo Lapidario', 'Verona Tour', 'Arena', 'Museo Radio', 'San Zeno']",Arena,strategy_nearest,True,0.0026781558990478516,success
049366429C4C80,1,"['Arena', 'Casa Giulietta', 'San Fermo']",Torre Lamberti,"['Sighseeing', 'Centro Fotografia', 'Museo Conte', 'Palazzo della Ragione', 'AMO']",Palazzo della Ragione,strategy_nearest,True,0.003386259078979492,success
049368429C4C80,1,"['Arena', 'Torre Lamberti']",Palazzo della Ragione,"['AMO', 'Museo Conte', 'Centro Fotografia', 'Sighseeing', 'Santa Anastasia']",Santa Anastasia,strategy_nearest,True,0.002794981002807617,success
049369429C4C80,4,"['Arena', 'Torre Lamberti', 'Palazzo della Ragione']",Casa Giulietta,"['Centro Fotografia', 'Sighseeing', 'Museo Conte', 'Museo Radio', 'San Fermo']",Museo Radio,strategy_nearest,True,0.0035047531127929688,success
04936CC27B3F80,2,"['Casa Giulietta', 'Torre Lamberti', 'Santa Anastasia', 'Castelvecchio']",Teatro Romano,"['Duomo', 'AMO', 'Palazzo della Ragione', 'Museo Conte', 'Centro Fotografia']",Duomo,strategy_nearest,True,0.0015332698822021484,success
04936D429C4C80,2,"['Torre Lamberti', 'Casa Giulietta']",Teatro Romano,"['Santa Anastasia', 'Duomo', 'AMO', 'Palazzo della Ragione', 'Museo Conte']",Duomo,strategy_nearest,True,0.0019829273223876953,success
049373C27B3F80,0,"['Arena', 'Castelvecchio', 'San Zeno']",Casa Giulietta,"['Centro Fotografia', 'Sighseeing', 'Torre Lamberti', 'Museo Conte', 'Museo Radio']",Torre Lamberti,strategy_nearest,True,0.0028448104858398438,success
049372429C4C80,1,"['San Zeno', 'Castelvecchio', 'Museo Lapidario', 'Arena']",Torre Lamberti,"['Sighseeing', 'Centro Fotografia', 'Museo Conte', 'Casa Giulietta', 'Palazzo della Ragione']",Palazzo della Ragione,strategy_nearest,True,0.002311229705810547,success
04936DC27B3F80,3,"['Casa Giulietta', 'Torre Lamberti']",Santa Anastasia,"['AMO', 'Museo Conte', 'Palazzo della Ragione', 'Teatro Romano', 'Centro Fotografia']",Arena,strategy_nearest,False,0.00374603271484375,success
049375429C4C80,0,"['Arena', 'Castelvecchio']",San Zeno,"['Verona Tour', 'Museo Lapidario', 'Museo Miniscalchi', 'Sighseeing', 'Museo Radio']",Torre Lamberti,strategy_nearest,False,0.003055095672607422,success
0493783A9C4C80,0,['Arena'],Duomo,"['AMO', 'Museo Miniscalchi', 'Santa Anastasia', 'Teatro Romano', 'Palazzo della Ragione']",Torre Lamberti,strategy_nearest,False,0.002096891403198242,success
049379C27B3F80,0,"['Casa Giulietta', 'Arena']",Museo Lapidario,"['Verona Tour', 'Castelvecchio', 'Museo Radio', 'San Fermo', 'Tomba Giulietta']",Castelvecchio,strategy_nearest,True,0.0032629966735839844,success
049378C27B3F80,0,"['Casa Giulietta', 'Arena']",Museo Lapidario,"['Verona Tour', 'Castelvecchio', 'Museo Radio', 'San Fermo', 'Tomba Giulietta']",Castelvecchio,strategy_nearest,True,0.002785921096801758,success
04937FC27B3F80,3,"['Casa Giulietta', 'Teatro Romano']",Arena,"['Verona Tour', 'Museo Lapidario', 'Museo Radio', 'San Fermo', 'Sighseeing']",Santa Anastasia,strategy_nearest,False,0.003598928451538086,success
04937A3A9C4C80,1,"['Arena', 'Casa Giulietta', 'Palazzo della Ragione']",Torre Lamberti,"['Sighseeing', 'Centro Fotografia', 'Museo Conte', 'AMO', 'Museo Miniscalchi']",Santa Anastasia,strategy_nearest,False,0.002935171127319336,success
04937AC27B3F80,3,"['Teatro Romano', 'Santa Anastasia', 'Torre Lamberti']",Casa Giulietta,"['Centro Fotografia', 'Sighseeing', 'Museo Conte', 'Museo Radio', 'Palazzo della Ragione']",San Fermo,strategy_nearest,False,0.00203704833984375,success
04937F3A9C4C80,2,"['Casa Giulietta', 'Torre Lamberti', 'Palazzo della Ragione']",Teatro Romano,"['Santa Anastasia', 'Duomo', 'AMO', 'Museo Conte', 'Centro Fotografia']",Duomo,strategy_nearest,True,0.002880096435546875,success
049381C27B3F80,3,['Teatro Romano'],Santa Anastasia,"['AMO', 'Museo Conte', 'Palazzo della Ragione', 'Centro Fotografia', 'Duomo']",Arena,strategy_nearest,False,0.0035321712493896484,success
049380C27B3F80,3,"['San Zeno', 'Duomo']",Teatro Romano,"['Santa Anastasia', 'AMO', 'Palazzo della Ragione', 'Museo Conte', 'Centro Fotografia']",Castelvecchio,strategy_nearest,False,0.0022318363189697266,success
0493803A9C4C80,0,['Torre Lamberti'],Casa Giulietta,"['Centro Fotografia', 'Sighseeing', 'Museo Conte', 'Museo Radio', 'Palazzo della Ragione']",Arena,strategy_nearest,False,0.00432896614074707,success
049384C27B3F80,1,"['Casa Giulietta', 'San Fermo', 'Teatro Romano', 'Torre Lamberti', 'Palazzo della Ragione']",Arena,"['Verona Tour', 'Museo Lapidario', 'Museo Radio', 'Sighseeing', 'Castelvecchio']",Castelvecchio,strategy_nearest,True,0.0028929710388183594,success
0493883A9C4C80,3,"['Tomba Giulietta', 'Arena', 'San Fermo']",Torre Lamberti,"['Sighseeing', 'Centro Fotografia', 'Museo Conte', 'Casa Giulietta', 'Palazzo della Ragione']",Santa Anastasia,strategy_nearest,False,0.00214385986328125,success
049385C27B3F80,3,"['Casa Giulietta', 'Arena', 'Torre Lamberti']",Teatro Romano,"['Santa Anastasia', 'Duomo', 'AMO', 'Palazzo della Ragione', 'Museo Conte']",Tomba Giulietta,strategy_nearest,False,0.001405954360961914,success
049389429C4C80,1,['Palazzo della Ragione'],Arena,"['Verona Tour', 'Museo Lapidario', 'Museo Radio', 'San Fermo', 'Casa Giulietta']",Casa Giulietta,strategy_nearest,True,0.002939939498901367,success
04938AC27B3F80,2,['Casa Giulietta'],Tomba Giulietta,"['San Fermo', 'Museo Storia', 'Arena', 'Museo Lapidario', 'Museo Radio']",Castelvecchio,strategy_nearest,False,0.0035381317138671875,success
04938B4A9C4C80,1,"['Arena', 'Casa Giulietta', 'Torre Lamberti']",Palazzo della Ragione,"['AMO', 'Museo Conte', 'Centro Fotografia', 'Sighseeing', 'Santa Anastasia']",Santa Anastasia,strategy_nearest,True,0.002888202667236328,success
04938BC27B3F80,1,"['Casa Giulietta', 'Torre Lamberti', 'Palazzo della Ragione']",Arena,"['Verona Tour', 'Museo Lapidario', 'Museo Radio', 'San Fermo', 'Sighseeing']",Castelvecchio,strategy_nearest,False,0.003251791000366211,success
04938CC27B3F80,3,"['San Zeno', 'Arena']",Casa Giulietta,"['Centro Fotografia', 'Sighseeing', 'Torre Lamberti', 'Museo Conte', 'Museo Radio']",Teatro Romano,strategy_nearest,False,0.002789020538330078,success
04938DC27B3F80,3,"['San Zeno', 'Castelvecchio', 'Arena']",San Fermo,"['Museo Storia', 'Museo Radio', 'Casa Giulietta', 'Centro Fotografia', 'Sighseeing']",Casa Giulietta,strategy_nearest,True,0.002835988998413086,success
049390C27B3F80,0,"['Casa Giulietta', 'Arena']",Castelvecchio,"['Museo Lapidario', 'Verona Tour', 'Museo Radio', 'San Zeno', 'Sighseeing']",Teatro Romano,strategy_nearest,False,0.002897977828979492,success
049392C27B3F80,1,"['Palazzo della Ragione', 'Casa Giulietta', 'Castelvecchio', 'San Fermo', 'Museo Storia', 'Giardino Giusti']",Teatro Romano,"['Santa Anastasia', 'Duomo', 'AMO', 'Museo Conte', 'Centro Fotografia']",Santa Anastasia,strategy_nearest,True,0.0024771690368652344,success
049391C27B3F80,3,"['Casa Giulietta', 'Arena', 'Museo Lapidario']",Duomo,"['AMO', 'Museo Miniscalchi', 'Santa Anastasia', 'Teatro Romano', 'Palazzo della Ragione']",Teatro Romano,strategy_nearest,True,0.002866029739379883,success
049393C27B3F80,3,"['Castelvecchio', 'Arena', 'Torre Lamberti']",Casa Giulietta,"['Centro Fotografia', 'Sighseeing', 'Museo Conte', 'Museo Radio', 'Palazzo della Ragione']",San Fermo,strategy_nearest,False,0.0027289390563964844,success
049397C27B3F80,3,"['Casa Giulietta', 'Giardino Giusti', 'Teatro Romano']",Santa Anastasia,"['AMO', 'Museo Conte', 'Palazzo della Ragione', 'Centro Fotografia', 'Duomo']",Torre Lamberti,strategy_nearest,False,0.001989126205444336,success
049396C27B3F80,3,"['Casa Giulietta', 'Giardino Giusti', 'Teatro Romano', 'Santa Anastasia']",Torre Lamberti,"['Sighseeing', 'Centro Fotografia', 'Museo Conte', 'Palazzo della Ragione', 'AMO']",Arena,strategy_nearest,False,0.003123044967651367,success
049398C27B3F80,1,"['San Zeno', 'Castelvecchio', 'Tomba Giulietta', 'Teatro Romano']",Arena,"['Verona Tour', 'Museo Lapidario', 'Museo Radio', 'San Fermo', 'Casa Giulietta']",Casa Giulietta,strategy_nearest,True,0.003877878189086914,success
04939B4A9C4C80,0,['Arena'],Casa Giulietta,"['Centro Fotografia', 'Sighseeing', 'Torre Lamberti', 'Museo Conte', 'Museo Radio']",Tomba Giulietta,strategy_nearest,False,0.0030100345611572266,success
049399C27B3F80,3,"['Castelvecchio', 'Arena', 'Casa Giulietta']",Santa Anastasia,"['AMO', 'Museo Conte', 'Palazzo della Ragione', 'Teatro Romano', 'Centro Fotografia']",Duomo,strategy_nearest,False,0.002568960189819336,success
04939C429C4C80,0,['Teatro Romano'],San Zeno,"['Castelvecchio', 'Verona Tour', 'Museo Lapidario', 'Arena', 'Museo Miniscalchi']",Torre Lamberti,strategy_nearest,False,0.0030601024627685547,success
04939DC27B3F80,1,"['Casa Giulietta', 'Torre Lamberti', 'Palazzo della Ragione']",Arena,"['Verona Tour', 'Museo Lapidario', 'Museo Radio', 'San Fermo', 'Sighseeing']",Castelvecchio,strategy_nearest,False,0.002689838409423828,success
04939CC27B3F80,1,"['Casa Giulietta', 'Palazzo della Ragione', 'Torre Lamberti', 'Arena']",Santa Anastasia,"['AMO', 'Museo Conte', 'Teatro Romano', 'Centro Fotografia', 'Duomo']",Duomo,strategy_nearest,True,0.0035278797149658203,success
04939EC27B3F80,2,['Museo Lapidario'],Torre Lamberti,"['Sighseeing', 'Centro Fotografia', 'Museo Conte', 'Casa Giulietta', 'Palazzo della Ragione']",Palazzo della Ragione,strategy_nearest,True,0.002707958221435547,success
0493A2C27B3F80,2,['Casa Giulietta'],Tomba Giulietta,"['San Fermo', 'Museo Storia', 'Arena', 'Museo Lapidario', 'Museo Radio']",Castelvecchio,strategy_nearest,False,0.0026412010192871094,success
04939FC27B3F80,3,"['Castelvecchio', 'Arena', 'Torre Lamberti']",Casa Giulietta,"['Centro Fotografia', 'Sighseeing', 'Museo Conte', 'Museo Radio', 'Palazzo della Ragione']",San Fermo,strategy_nearest,False,0.0034117698669433594,success
0493A3C27B3F80,0,"['Casa Giulietta', 'Arena']",Castelvecchio,"['Museo Lapidario', 'Verona Tour', 'Museo Radio', 'San Zeno', 'Sighseeing']",Teatro Romano,strategy_nearest,False,0.0033559799194335938,success
0493A44A9C4C80,4,"['Castelvecchio', 'Tomba Giulietta', 'Museo Radio']",Torre Lamberti,"['Sighseeing', 'Centro Fotografia', 'Museo Conte', 'Casa Giulietta', 'Palazzo della Ragione']",Casa Giulietta,strategy_nearest,True,0.002920866012573242,success
0493A54A9C4C80,3,"['Arena', 'Torre Lamberti']",Santa Anastasia,"['AMO', 'Museo Conte', 'Palazzo della Ragione', 'Teatro Romano', 'Centro Fotografia']",Duomo,strategy_nearest,False,0.0026717185974121094,success
0493A4C27B3F80,1,"['San Zeno', 'Castelvecchio', 'Tomba Giulietta', 'Teatro Romano']",Arena,"['Verona Tour', 'Museo Lapidario', 'Museo Radio', 'San Fermo', 'Casa Giulietta']",Casa Giulietta,strategy_nearest,True,0.0029909610748291016,success
0493A5C27B3F80,3,"['Castelvecchio', 'Arena', 'Casa Giulietta']",Santa Anastasia,"['AMO', 'Museo Conte', 'Palazzo della Ragione', 'Teatro Romano', 'Centro Fotografia']",Duomo,strategy_nearest,False,0.003664255142211914,success
0493A8C27B3F80,2,['Casa Giulietta'],Tomba Giulietta,"['San Fermo', 'Museo Storia', 'Arena', 'Museo Lapidario', 'Museo Radio']",Castelvecchio,strategy_nearest,False,0.0027670860290527344,success
0493A9C27B3F80,3,"['Casa Giulietta', 'Santa Anastasia', 'Torre Lamberti']",Duomo,"['AMO', 'Museo Miniscalchi', 'Teatro Romano', 'Palazzo della Ragione', 'Museo Conte']",Giardino Giusti,strategy_nearest,False,0.003635883331298828,success
0493AB4A9C4C80,0,['Arena'],Teatro Romano,"['Santa Anastasia', 'Duomo', 'AMO', 'Palazzo della Ragione', 'Museo Conte']",Tomba Giulietta,strategy_nearest,False,0.0026178359985351562,success
0493ABC27B3F80,2,['Duomo'],Castelvecchio,"['Museo Lapidario', 'Verona Tour', 'Arena', 'Museo Radio', 'San Zeno']",San Fermo,strategy_nearest,False,0.0023941993713378906,success
0493AD429C4C80,0,['Arena'],San Zeno,"['Castelvecchio', 'Verona Tour', 'Museo Lapidario', 'Museo Miniscalchi', 'Sighseeing']",Castelvecchio,strategy_nearest,True,0.0026018619537353516,success
0493AEC27B3F80,3,"['Casa Giulietta', 'Torre Lamberti']",Santa Anastasia,"['AMO', 'Museo Conte', 'Palazzo della Ragione', 'Teatro Romano', 'Centro Fotografia']",Arena,strategy_nearest,False,0.0027239322662353516,success
0493AE3A9C4C80,1,"['Arena', 'Teatro Romano']",Palazzo della Ragione,"['AMO', 'Museo Conte', 'Torre Lamberti', 'Centro Fotografia', 'Sighseeing']",Torre Lamberti,strategy_nearest,True,0.002768278121948242,success
0493B2429C4C80,0,['Castelvecchio'],Arena,"['Verona Tour', 'Museo Lapidario', 'Museo Radio', 'San Fermo', 'Casa Giulietta']",San Zeno,strategy_nearest,False,0.002273082733154297,success
0493AFC27B3F80,1,"['Casa Giulietta', 'Torre Lamberti', 'Palazzo della Ragione', 'Santa Anastasia', 'Museo Storia']",San Fermo,"['Museo Radio', 'Centro Fotografia', 'Arena', 'Sighseeing', 'Museo Conte']",Museo Lapidario,strategy_nearest,False,0.0029380321502685547,success
0493B43A9C4C80,1,"['Arena', 'Torre Lamberti', 'Palazzo della Ragione', 'Santa Anastasia']",Teatro Romano,"['Duomo', 'AMO', 'Museo Conte', 'Centro Fotografia', 'Museo Miniscalchi']",Duomo,strategy_nearest,True,0.0026390552520751953,success
0493B4C27B3F80,0,"['Casa Giulietta', 'Giardino Giusti']",Museo Storia,"['San Fermo', 'Museo Radio', 'Centro Fotografia', 'Tomba Giulietta', 'Arena']",Tomba Giulietta,strategy_nearest,True,0.0026950836181640625,success
0493B5C27B3F80,3,"['Casa Giulietta', 'Torre Lamberti']",Santa Anastasia,"['AMO', 'Museo Conte', 'Palazzo della Ragione', 'Teatro Romano', 'Centro Fotografia']",Arena,strategy_nearest,False,0.0025458335876464844,success
0493B93A9C4C80,1,"['Castelvecchio', 'Palazzo della Ragione', 'Torre Lamberti']",Arena,"['Verona Tour', 'Museo Lapidario', 'Museo Radio', 'San Fermo', 'Casa Giulietta']",Duomo,strategy_nearest,False,0.0030221939086914062,success
0493B7C27B3F80,1,"['Santa Anastasia', 'Duomo']",Torre Lamberti,"['Sighseeing', 'Centro Fotografia', 'Museo Conte', 'Casa Giulietta', 'Palazzo della Ragione']",Palazzo della Ragione,strategy_nearest,True,0.00275421142578125,success
0493BAC27B3F80,0,"['Casa Giulietta', 'Arena']",Castelvecchio,"['Museo Lapidario', 'Verona Tour', 'Museo Radio', 'San Zeno', 'Sighseeing']",San Zeno,strategy_nearest,True,0.0024483203887939453,success
0493BBC27B3F80,0,['Arena'],Casa Giulietta,"['Centro Fotografia', 'Sighseeing', 'Torre Lamberti', 'Museo Conte', 'Museo Radio']",Santa Anastasia,strategy_nearest,False,0.003885030746459961,success
0493C0C27B3F80,0,['Casa Giulietta'],Arena,"['Verona Tour', 'Museo Lapidario', 'Museo Radio', 'San Fermo', 'Sighseeing']",Duomo,strategy_nearest,False,0.0022721290588378906,success
0493C13A9C4C80,0,"['Casa Giulietta', 'Arena', 'Castelvecchio']",San Zeno,"['Verona Tour', 'Museo Lapidario', 'Museo Miniscalchi', 'Sighseeing', 'Museo Radio']",Torre Lamberti,strategy_nearest,False,0.0028438568115234375,success
0493C1C27B3F80,1,"['Casa Giulietta', 'Torre Lamberti', 'Palazzo della Ragione', 'Santa Anastasia', 'Museo Storia']",San Fermo,"['Museo Radio', 'Centro Fotografia', 'Arena', 'Sighseeing', 'Museo Conte']",Museo Lapidario,strategy_nearest,False,0.0035467147827148438,success
0493C23A9C4C80,3,"['Arena', 'Casa Giulietta', 'Torre Lamberti']",Santa Anastasia,"['AMO', 'Museo Conte', 'Palazzo della Ragione', 'Teatro Romano', 'Centro Fotografia']",Duomo,strategy_nearest,False,0.002928018569946289,success
0493C6C27B3F80,3,"['Casa Giulietta', 'Arena', 'Castelvecchio']",Tomba Giulietta,"['San Fermo', 'Museo Storia', 'Museo Lapidario', 'Museo Radio', 'Verona Tour']",San Fermo,strategy_nearest,True,0.002088785171508789,success
0493CDC27B3F80,3,"['Casa Giulietta', 'Torre Lamberti', 'Santa Anastasia']",Arena,"['Verona Tour', 'Museo Lapidario', 'Museo Radio', 'San Fermo', 'Sighseeing']",Castelvecchio,strategy_nearest,False,0.0034780502319335938,success
0493C7C27B3F80,3,"['Casa Giulietta', 'Arena', 'Castelvecchio']",Tomba Giulietta,"['San Fermo', 'Museo Storia', 'Museo Lapidario', 'Museo Radio', 'Verona Tour']",San Fermo,strategy_nearest,True,0.0028159618377685547,success
0493CFC27B3F80,1,"['Santa Anastasia', 'Duomo']",Torre Lamberti,"['Sighseeing', 'Centro Fotografia', 'Museo Conte', 'Casa Giulietta', 'Palazzo della Ragione']",Palazzo della Ragione,strategy_nearest,True,0.0025522708892822266,success
0493DBC27B3F80,0,['Castelvecchio'],Teatro Romano,"['Santa Anastasia', 'Duomo', 'AMO', 'Palazzo della Ragione', 'Museo Conte']",Arena,strategy_nearest,False,0.002588987350463867,success
0493DFC27B3F80,0,['Arena'],Casa Giulietta,"['Centro Fotografia', 'Sighseeing', 'Torre Lamberti', 'Museo Conte', 'Museo Radio']",Giardino Giusti,strategy_nearest,False,0.002534151077270508,success
0493DEC27B3F80,2,"['Tomba Giulietta', 'San Fermo', 'Museo Storia']",Teatro Romano,"['Santa Anastasia', 'Duomo', 'AMO', 'Palazzo della Ragione', 'Museo Conte']",Casa Giulietta,strategy_nearest,False,0.003535032272338867,success
0493E5C27B3F80,1,"['Casa Giulietta', 'Torre Lamberti', 'Palazzo della Ragione']",Arena,"['Verona Tour', 'Museo Lapidario', 'Museo Radio', 'San Fermo', 'Sighseeing']",Castelvecchio,strategy_nearest,False,0.0020406246185302734,success
0493E13A9C4C80,3,['Arena'],Santa Anastasia,"['AMO', 'Museo Conte', 'Palazzo della Ragione', 'Teatro Romano', 'Centro Fotografia']",Duomo,strategy_nearest,False,0.002830982208251953,success
0493E73A9C4C80,1,"['Museo Lapidario', 'Arena', 'Casa Giulietta']",Torre Lamberti,"['Sighseeing', 'Centro Fotografia', 'Museo Conte', 'Palazzo della Ragione', 'AMO']",Palazzo della Ragione,strategy_nearest,True,0.0035309791564941406,success
0493E53A9C4C80,0,['Arena'],Museo Lapidario,"['Verona Tour', 'Castelvecchio', 'Museo Radio', 'San Fermo', 'Casa Giulietta']",Castelvecchio,strategy_nearest,True,0.002966165542602539,success
0493E7C27B3F80,0,['Castelvecchio'],Teatro Romano,"['Santa Anastasia', 'Duomo', 'AMO', 'Palazzo della Ragione', 'Museo Conte']",Arena,strategy_nearest,False,0.0026133060455322266,success
0493EA3A9C4C80,0,['Arena'],Casa Giulietta,"['Centro Fotografia', 'Sighseeing', 'Torre Lamberti', 'Museo Conte', 'Museo Radio']",Torre Lamberti,strategy_nearest,True,0.0024580955505371094,success
0493F3C27B3F80,1,"['Castelvecchio', 'Santa Anastasia']",Torre Lamberti,"['Sighseeing', 'Centro Fotografia', 'Museo Conte', 'Casa Giulietta', 'Palazzo della Ragione']",Palazzo della Ragione,strategy_nearest,True,0.0025720596313476562,success
0493FCC27B3F80,1,"['Casa Giulietta', 'Arena', 'San Fermo', 'Tomba Giulietta']",Castelvecchio,"['Museo Lapidario', 'Verona Tour', 'Museo Radio', 'San Zeno', 'Sighseeing']",Torre Lamberti,strategy_nearest,False,0.004327297210693359,success
0493FB3A9C4C80,3,"['Torre Lamberti', 'Castelvecchio', 'Casa Giulietta']",Arena,"['Verona Tour', 'Museo Lapidario', 'Museo Radio', 'San Fermo', 'Sighseeing']",Arena,strategy_nearest,False,0.0037229061126708984,success
049400C27B3F84,0,"['San Zeno', 'Castelvecchio', 'Arena']",Tomba Giulietta,"['San Fermo', 'Museo Storia', 'Museo Lapidario', 'Museo Radio', 'Verona Tour']",San Fermo,strategy_nearest,True,0.002727031707763672,success
049406C27B3F84,3,"['San Zeno', 'Castelvecchio', 'Arena']",San Fermo,"['Museo Storia', 'Museo Radio', 'Casa Giulietta', 'Centro Fotografia', 'Sighseeing']",Casa Giulietta,strategy_nearest,True,0.001470804214477539,success
049407C27B3F84,3,"['San Zeno', 'Arena']",Casa Giulietta,"['Centro Fotografia', 'Sighseeing', 'Torre Lamberti', 'Museo Conte', 'Museo Radio']",Teatro Romano,strategy_nearest,False,0.002549886703491211,success
04940B429C4C80,0,['Arena'],Castelvecchio,"['Museo Lapidario', 'Verona Tour', 'Museo Radio', 'San Zeno', 'Sighseeing']",Tomba Giulietta,strategy_nearest,False,0.004046916961669922,success
04940A429C4C80,1,"['Arena', 'Casa Giulietta']",Torre Lamberti,"['Sighseeing', 'Centro Fotografia', 'Museo Conte', 'Palazzo della Ragione', 'AMO']",Palazzo della Ragione,strategy_nearest,True,0.003717660903930664,success
049411429C4C80,0,['Arena'],Museo Lapidario,"['Verona Tour', 'Castelvecchio', 'Museo Radio', 'San Fermo', 'Casa Giulietta']",Castelvecchio,strategy_nearest,True,0.0026559829711914062,success
04940C3A9C4C84,1,"['Casa Giulietta', 'Torre Lamberti']",Palazzo della Ragione,"['AMO', 'Museo Conte', 'Centro Fotografia', 'Sighseeing', 'Santa Anastasia']",Arena,strategy_nearest,False,0.0036101341247558594,success
04940CC27B3F84,0,"['San Zeno', 'Castelvecchio', 'Arena']",Tomba Giulietta,"['San Fermo', 'Museo Storia', 'Museo Lapidario', 'Museo Radio', 'Verona Tour']",San Fermo,strategy_nearest,True,0.0023260116577148438,success
04940BC27B3F80,1,"['Casa Giulietta', 'Teatro Romano']",Santa Anastasia,"['AMO', 'Museo Conte', 'Palazzo della Ragione', 'Centro Fotografia', 'Duomo']",Palazzo della Ragione,strategy_nearest,True,0.0035109519958496094,success
049412C27B3F80,1,"['Casa Giulietta', 'Giardino Giusti']",Arena,"['Verona Tour', 'Museo Lapidario', 'Museo Radio', 'San Fermo', 'Sighseeing']",Torre Lamberti,strategy_nearest,False,0.0014030933380126953,success
049413C27B3F84,3,"['Arena', 'Duomo']",Santa Anastasia,"['AMO', 'Museo Conte', 'Palazzo della Ragione', 'Teatro Romano', 'Centro Fotografia']",Casa Giulietta,strategy_nearest,False,0.0020990371704101562,success
049412C27B3F84,3,"['Castelvecchio', 'Arena', 'San Fermo']",Casa Giulietta,"['Centro Fotografia', 'Sighseeing', 'Torre Lamberti', 'Museo Conte', 'Museo Radio']",Torre Lamberti,strategy_nearest,True,0.003506898880004883,success
049411C27B3F80,1,"['Arena', 'Castelvecchio', 'Torre Lamberti']",Palazzo della Ragione,"['AMO', 'Museo Conte', 'Centro Fotografia', 'Sighseeing', 'Santa Anastasia']",Santa Anastasia,strategy_nearest,True,0.0028696060180664062,success
0494143A9C4C80,3,['Arena'],Casa Giulietta,"['Centro Fotografia', 'Sighseeing', 'Torre Lamberti', 'Museo Conte', 'Museo Radio']",Torre Lamberti,strategy_nearest,True,0.0020799636840820312,success
0494153A9C4C80,2,['Torre Lamberti'],Duomo,"['AMO', 'Museo Miniscalchi', 'Santa Anastasia', 'Teatro Romano', 'Palazzo della Ragione']",Santa Anastasia,strategy_nearest,True,0.0028629302978515625,success
0494183A9C4C84,3,"['Arena', 'Torre Lamberti', 'Casa Giulietta', 'Santa Anastasia']",Duomo,"['AMO', 'Museo Miniscalchi', 'Teatro Romano', 'Palazzo della Ragione', 'Museo Conte']",Teatro Romano,strategy_nearest,True,0.0021021366119384766,success
049414C27B3F84,3,"['Casa Giulietta', 'Torre Lamberti']",Santa Anastasia,"['AMO', 'Museo Conte', 'Palazzo della Ragione', 'Teatro Romano', 'Centro Fotografia']",Arena,strategy_nearest,False,0.003509998321533203,success
049419C27B3F84,3,"['Teatro Romano', 'Santa Anastasia']",Torre Lamberti,"['Sighseeing', 'Centro Fotografia', 'Museo Conte', 'Casa Giulietta', 'Palazzo della Ragione']",San Fermo,strategy_nearest,False,0.0023081302642822266,success
049418C27B3F80,3,"['Casa Giulietta', 'Torre Lamberti', 'Arena']",Santa Anastasia,"['AMO', 'Museo Conte', 'Palazzo della Ragione', 'Teatro Romano', 'Centro Fotografia']",Duomo,strategy_nearest,False,0.0016698837280273438,success
04941EC27B3F80,3,"['Casa Giulietta', 'Duomo']",Teatro Romano,"['Santa Anastasia', 'AMO', 'Palazzo della Ragione', 'Museo Conte', 'Centro Fotografia']",Arena,strategy_nearest,False,0.0033059120178222656,success
04941AC27B3F84,0,"['Casa Giulietta', 'Torre Lamberti', 'Arena']",San Zeno,"['Castelvecchio', 'Verona Tour', 'Museo Lapidario', 'Museo Miniscalchi', 'Sighseeing']",Teatro Romano,strategy_nearest,False,0.002830982208251953,success
04941FC27B3F80,3,"['Casa Giulietta', 'Torre Lamberti']",Arena,"['Verona Tour', 'Museo Lapidario', 'Museo Radio', 'San Fermo', 'Sighseeing']",Santa Anastasia,strategy_nearest,False,0.002115964889526367,success
049424C27B3F80,1,"['Casa Giulietta', 'Duomo', 'Santa Anastasia', 'Torre Lamberti']",Palazzo della Ragione,"['AMO', 'Museo Conte', 'Centro Fotografia', 'Sighseeing', 'Museo Miniscalchi']",Arena,strategy_nearest,False,0.002886056900024414,success
04941F4A9C4C80,3,"['Castelvecchio', 'Santa Anastasia']",Casa Giulietta,"['Centro Fotografia', 'Sighseeing', 'Torre Lamberti', 'Museo Conte', 'Museo Radio']",San Zeno,strategy_nearest,False,0.0013439655303955078,success
049424C27B3F84,1,"['Castelvecchio', 'Arena']",Santa Anastasia,"['AMO', 'Museo Conte', 'Palazzo della Ragione', 'Teatro Romano', 'Centro Fotografia']",Palazzo della Ragione,strategy_nearest,True,0.003253936767578125,success
049426C27B3F84,3,"['Casa Giulietta', 'Torre Lamberti', 'Santa Anastasia']",Arena,"['Verona Tour', 'Museo Lapidario', 'Museo Radio', 'San Fermo', 'Sighseeing']",Castelvecchio,strategy_nearest,False,0.002022981643676758,success
049425C27B3F80,3,"['Casa Giulietta', 'Arena', 'Castelvecchio']",Museo Lapidario,"['Verona Tour', 'Museo Radio', 'San Fermo', 'Tomba Giulietta', 'Sighseeing']",Santa Anastasia,strategy_nearest,False,0.0032911300659179688,success
049427C27B3F84,3,"['Casa Giulietta', 'Torre Lamberti', 'Santa Anastasia']",Arena,"['Verona Tour', 'Museo Lapidario', 'Museo Radio', 'San Fermo', 'Sighseeing']",Castelvecchio,strategy_nearest,False,0.0019800662994384766,success
04942AC27B3F80,3,"['Casa Giulietta', 'Arena', 'Santa Anastasia']",Duomo,"['AMO', 'Museo Miniscalchi', 'Teatro Romano', 'Palazzo della Ragione', 'Museo Conte']",Teatro Romano,strategy_nearest,True,0.003568887710571289,success
04942B3A9C4C80,3,"['Castelvecchio', 'Arena', 'Torre Lamberti', 'Casa Giulietta']",San Fermo,"['Museo Storia', 'Museo Radio', 'Centro Fotografia', 'Sighseeing', 'Museo Conte']",Tomba Giulietta,strategy_nearest,False,0.002660036087036133,success
04942AC27B3F84,3,"['San Zeno', 'Castelvecchio', 'Arena']",San Fermo,"['Museo Storia', 'Museo Radio', 'Casa Giulietta', 'Centro Fotografia', 'Sighseeing']",Casa Giulietta,strategy_nearest,True,0.002064943313598633,success
04942BC27B3F80,0,"['Casa Giulietta', 'Torre Lamberti', 'Arena']",San Zeno,"['Castelvecchio', 'Verona Tour', 'Museo Lapidario', 'Museo Miniscalchi', 'Sighseeing']",Teatro Romano,strategy_nearest,False,0.0033829212188720703,success
049430C27B3F80,3,"['Casa Giulietta', 'Arena', 'Castelvecchio']",Torre Lamberti,"['Sighseeing', 'Centro Fotografia', 'Museo Conte', 'Palazzo della Ragione', 'AMO']",Teatro Romano,strategy_nearest,False,0.003412008285522461,success
049436C27B3F80,0,"['Casa Giulietta', 'Arena']",Castelvecchio,"['Museo Lapidario', 'Verona Tour', 'Museo Radio', 'San Zeno', 'Sighseeing']",Tomba Giulietta,strategy_nearest,False,0.0022301673889160156,success
049431C27B3F80,0,"['Casa Giulietta', 'Arena']",Torre Lamberti,"['Sighseeing', 'Centro Fotografia', 'Museo Conte', 'Palazzo della Ragione', 'AMO']",Teatro Romano,strategy_nearest,False,0.004051923751831055,success
049437C27B3F80,3,"['Arena', 'Torre Lamberti', 'Casa Giulietta']",Giardino Giusti,"['Santa Anastasia', 'Teatro Romano', 'Museo Conte', 'Centro Fotografia', 'Museo Storia']",Castelvecchio,strategy_nearest,False,0.0025451183319091797,success
0494383A9C4C80,0,"['Arena', 'Torre Lamberti']",Casa Giulietta,"['Centro Fotografia', 'Sighseeing', 'Museo Conte', 'Museo Radio', 'Palazzo della Ragione']",Teatro Romano,strategy_nearest,False,0.00298309326171875,success
04943C3A9C4C80,1,"['Casa Giulietta', 'Torre Lamberti']",Palazzo della Ragione,"['AMO', 'Museo Conte', 'Centro Fotografia', 'Sighseeing', 'Santa Anastasia']",Arena,strategy_nearest,False,0.0036449432373046875,success
04943CC27B3F80,0,"['Casa Giulietta', 'Arena']",Castelvecchio,"['Museo Lapidario', 'Verona Tour', 'Museo Radio', 'San Zeno', 'Sighseeing']",Tomba Giulietta,strategy_nearest,False,0.0020928382873535156,success
04943DC27B3F80,0,"['Casa Giulietta', 'Arena']",Torre Lamberti,"['Sighseeing', 'Centro Fotografia', 'Museo Conte', 'Palazzo della Ragione', 'AMO']",Teatro Romano,strategy_nearest,False,0.002791881561279297,success
049440C27B3F80,3,['Santa Anastasia'],Castelvecchio,"['Museo Lapidario', 'Verona Tour', 'Arena', 'Museo Radio', 'San Zeno']",San Zeno,strategy_nearest,True,0.0026879310607910156,success
04943F3A9C4C80,3,['Arena'],Torre Lamberti,"['Sighseeing', 'Centro Fotografia', 'Museo Conte', 'Casa Giulietta', 'Palazzo della Ragione']",Santa Anastasia,strategy_nearest,False,0.0014910697937011719,success
04943E3A9C4C80,3,"['Casa Giulietta', 'Torre Lamberti', 'Duomo']",Teatro Romano,"['Santa Anastasia', 'AMO', 'Palazzo della Ragione', 'Museo Conte', 'Centro Fotografia']",Museo Lapidario,strategy_nearest,False,0.0021169185638427734,success
049442C27B3F80,0,['Casa Giulietta'],Arena,"['Verona Tour', 'Museo Lapidario', 'Museo Radio', 'San Fermo', 'Sighseeing']",Castelvecchio,strategy_nearest,False,0.003256082534790039,success
049443C27B3F80,1,"['Casa Giulietta', 'Torre Lamberti', 'Palazzo della Ragione']",Giardino Giusti,"['Santa Anastasia', 'Teatro Romano', 'Museo Conte', 'Centro Fotografia', 'Museo Storia']",Arena,strategy_nearest,False,0.002128124237060547,success
049448C27B3F80,0,['Casa Giulietta'],Arena,"['Verona Tour', 'Museo Lapidario', 'Museo Radio', 'San Fermo', 'Sighseeing']",Tomba Giulietta,strategy_nearest,False,0.0027170181274414062,success
049449C27B3F80,0,['Casa Giulietta'],Arena,"['Verona Tour', 'Museo Lapidario', 'Museo Radio', 'San Fermo', 'Sighseeing']",Castelvecchio,strategy_nearest,False,0.003223896026611328,success
04944EC27B3F80,3,"['Casa Giulietta', 'Duomo']",Teatro Romano,"['Santa Anastasia', 'AMO', 'Palazzo della Ragione', 'Museo Conte', 'Centro Fotografia']",Arena,strategy_nearest,False,0.003374814987182617,success
04944FC27B3F80,3,"['Casa Giulietta', 'Duomo', 'Teatro Romano']",Arena,"['Verona Tour', 'Museo Lapidario', 'Museo Radio', 'San Fermo', 'Sighseeing']",San Zeno,strategy_nearest,False,0.0029611587524414062,success
049453C27B3F80,1,"['Tomba Giulietta', 'Arena', 'Palazzo della Ragione']",Torre Lamberti,"['Sighseeing', 'Centro Fotografia', 'Museo Conte', 'Casa Giulietta', 'AMO']",Santa Anastasia,strategy_nearest,False,0.003421306610107422,success
049452C27B3F80,1,"['San Fermo', 'Palazzo della Ragione', 'Torre Lamberti', 'Santa Anastasia']",Duomo,"['AMO', 'Museo Miniscalchi', 'Teatro Romano', 'Museo Conte', 'Centro Fotografia']",Teatro Romano,strategy_nearest,True,0.002192974090576172,success
049455C27B3F80,2,['Casa Giulietta'],Teatro Romano,"['Santa Anastasia', 'Duomo', 'AMO', 'Palazzo della Ragione', 'Museo Conte']",Castelvecchio,strategy_nearest,False,0.0027620792388916016,success
049461C27B3F80,0,"['Arena', 'Teatro Romano']",Castelvecchio,"['Museo Lapidario', 'Verona Tour', 'Museo Radio', 'San Zeno', 'Sighseeing']",Giardino Giusti,strategy_nearest,False,0.001481771469116211,success
04945FC27B3F80,3,"['Tomba Giulietta', 'Arena', 'Castelvecchio']",Santa Anastasia,"['AMO', 'Museo Conte', 'Palazzo della Ragione', 'Teatro Romano', 'Centro Fotografia']",Torre Lamberti,strategy_nearest,False,0.0036840438842773438,success
049467429C4C80,1,"['Arena', 'Palazzo della Ragione']",Casa Giulietta,"['Centro Fotografia', 'Sighseeing', 'Torre Lamberti', 'Museo Conte', 'Museo Radio']",Torre Lamberti,strategy_nearest,True,0.0021288394927978516,success
049467C27B3F80,3,"['Casa Giulietta', 'Torre Lamberti', 'Duomo']",Arena,"['Verona Tour', 'Museo Lapidario', 'Museo Radio', 'San Fermo', 'Sighseeing']",Castelvecchio,strategy_nearest,False,0.0024619102478027344,success
04946C3A9C4C80,3,"['Arena', 'Santa Anastasia']",Castelvecchio,"['Museo Lapidario', 'Verona Tour', 'Museo Radio', 'San Zeno', 'Sighseeing']",San Fermo,strategy_nearest,False,0.002079010009765625,success
04946B429C4C80,2,['Casa Giulietta'],Santa Anastasia,"['AMO', 'Museo Conte', 'Palazzo della Ragione', 'Teatro Romano', 'Centro Fotografia']",Duomo,strategy_nearest,False,0.0014040470123291016,success
04946CC27B3F80,0,['Arena'],Casa Giulietta,"['Centro Fotografia', 'Sighseeing', 'Torre Lamberti', 'Museo Conte', 'Museo Radio']",Santa Anastasia,strategy_nearest,False,0.002740144729614258,success
049470429C4C80,1,"['Arena', 'Casa Giulietta']",Palazzo della Ragione,"['AMO', 'Museo Conte', 'Torre Lamberti', 'Centro Fotografia', 'Sighseeing']",Torre Lamberti,strategy_nearest,True,0.0031609535217285156,success
049470C27B3F80,0,"['San Zeno', 'Castelvecchio']",Casa Giulietta,"['Centro Fotografia', 'Sighseeing', 'Torre Lamberti', 'Museo Conte', 'Museo Radio']",Duomo,strategy_nearest,False,0.002443075180053711,success
0494713A9C4C80,1,"['Castelvecchio', 'Arena']",Casa Giulietta,"['Centro Fotografia', 'Sighseeing', 'Torre Lamberti', 'Museo Conte', 'Museo Radio']",Torre Lamberti,strategy_nearest,True,0.0024340152740478516,success
049473C27B3F80,3,"['Arena', 'Castelvecchio']",San Zeno,"['Verona Tour', 'Museo Lapidario', 'Museo Miniscalchi', 'Sighseeing', 'Museo Radio']",Casa Giulietta,strategy_nearest,False,0.002516031265258789,success
049478C27B3F80,3,"['Casa Giulietta', 'Arena']",San Fermo,"['Museo Storia', 'Museo Radio', 'Centro Fotografia', 'Sighseeing', 'Torre Lamberti']",Torre Lamberti,strategy_nearest,True,0.0033071041107177734,success
049479C27B3F80,3,"['Casa Giulietta', 'Arena']",San Fermo,"['Museo Storia', 'Museo Radio', 'Centro Fotografia', 'Sighseeing', 'Torre Lamberti']",Torre Lamberti,strategy_nearest,True,0.003489971160888672,success
04947CC27B3F80,3,"['San Zeno', 'Castelvecchio', 'Arena']",Casa Giulietta,"['Centro Fotografia', 'Sighseeing', 'Torre Lamberti', 'Museo Conte', 'Museo Radio']",Torre Lamberti,strategy_nearest,True,0.0016777515411376953,success
04948AC27B3F80,3,"['Casa Giulietta', 'Arena', 'Castelvecchio']",Museo Lapidario,"['Verona Tour', 'Museo Radio', 'San Fermo', 'Tomba Giulietta', 'Sighseeing']",Santa Anastasia,strategy_nearest,False,0.0036039352416992188,success
0494813A9C4C80,3,"['Arena', 'Casa Giulietta']",Torre Lamberti,"['Sighseeing', 'Centro Fotografia', 'Museo Conte', 'Palazzo della Ragione', 'AMO']",Santa Anastasia,strategy_nearest,False,0.0025360584259033203,success
04948A429C4C80,0,"['Arena', 'Museo Lapidario']",Casa Giulietta,"['Centro Fotografia', 'Sighseeing', 'Torre Lamberti', 'Museo Conte', 'Museo Radio']",Santa Anastasia,strategy_nearest,False,0.003088712692260742,success
04949CC27B3F80,0,"['Casa Giulietta', 'Arena']",Castelvecchio,"['Museo Lapidario', 'Verona Tour', 'Museo Radio', 'San Zeno', 'Sighseeing']",Tomba Giulietta,strategy_nearest,False,0.0016248226165771484,success
04948D4A9C4C80,3,['Arena'],Castelvecchio,"['Museo Lapidario', 'Verona Tour', 'Museo Radio', 'San Zeno', 'Sighseeing']",Torre Lamberti,strategy_nearest,False,0.00292205810546875,success
0494A8C27B3F80,0,['Casa Giulietta'],Arena,"['Verona Tour', 'Museo Lapidario', 'Museo Radio', 'San Fermo', 'Sighseeing']",Tomba Giulietta,strategy_nearest,False,0.0027618408203125,success
0494A63A9C4C80,3,"['Arena', 'Museo Lapidario']",San Zeno,"['Castelvecchio', 'Verona Tour', 'Museo Miniscalchi', 'Sighseeing', 'Museo Radio']",Duomo,strategy_nearest,False,0.0036551952362060547,success
0494AE3A9C4C80,0,['Arena'],Santa Anastasia,"['AMO', 'Museo Conte', 'Palazzo della Ragione', 'Teatro Romano', 'Centro Fotografia']",Castelvecchio,strategy_nearest,False,0.0025589466094970703,success
0494AC3A9C4C80,0,['Arena'],Casa Giulietta,"['Centro Fotografia', 'Sighseeing', 'Torre Lamberti', 'Museo Conte', 'Museo Radio']",Torre Lamberti,strategy_nearest,True,0.003419160842895508,success
0494AE429C4C80,0,['Arena'],Giardino Giusti,"['Santa Anastasia', 'Teatro Romano', 'Museo Conte', 'Centro Fotografia', 'Museo Storia']",San Fermo,strategy_nearest,False,0.002719879150390625,success
0494AF3A9C4C80,3,"['Castelvecchio', 'San Zeno', 'Museo Lapidario']",Casa Giulietta,"['Centro Fotografia', 'Sighseeing', 'Torre Lamberti', 'Museo Conte', 'Museo Radio']",Torre Lamberti,strategy_nearest,True,0.0031290054321289062,success
0494AFC27B3F80,0,['Casa Giulietta'],Arena,"['Verona Tour', 'Museo Lapidario', 'Museo Radio', 'San Fermo', 'Sighseeing']",Tomba Giulietta,strategy_nearest,False,0.0028579235076904297,success
0494B4429C4C80,0,['Arena'],Torre Lamberti,"['Sighseeing', 'Centro Fotografia', 'Museo Conte', 'Casa Giulietta', 'Palazzo della Ragione']",San Zeno,strategy_nearest,False,0.0024178028106689453,success
0494B3429C4C80,0,['Torre Lamberti'],Casa Giulietta,"['Centro Fotografia', 'Sighseeing', 'Museo Conte', 'Museo Radio', 'Palazzo della Ragione']",Arena,strategy_nearest,False,0.002032041549682617,success
0494B73A9C4C80,3,"['Torre Lamberti', 'Santa Anastasia']",Duomo,"['AMO', 'Museo Miniscalchi', 'Teatro Romano', 'Palazzo della Ragione', 'Museo Conte']",Casa Giulietta,strategy_nearest,False,0.0029680728912353516,success
0494C13A9C4C80,3,"['Duomo', 'Arena']",Casa Giulietta,"['Centro Fotografia', 'Sighseeing', 'Torre Lamberti', 'Museo Conte', 'Museo Radio']",Castelvecchio,strategy_nearest,False,0.0024738311767578125,success
0494B83A9C4C80,1,"['Museo Lapidario', 'Arena']",Casa Giulietta,"['Centro Fotografia', 'Sighseeing', 'Torre Lamberti', 'Museo Conte', 'Museo Radio']",Palazzo della Ragione,strategy_nearest,False,0.002792835235595703,success
0494BC429C4C80,0,['Castelvecchio'],Arena,"['Verona Tour', 'Museo Lapidario', 'Museo Radio', 'San Fermo', 'Casa Giulietta']",Casa Giulietta,strategy_nearest,True,0.003228902816772461,success
0494C0C27B3F80,1,"['Casa Giulietta', 'Torre Lamberti', 'Palazzo della Ragione']",Giardino Giusti,"['Santa Anastasia', 'Teatro Romano', 'Museo Conte', 'Centro Fotografia', 'Museo Storia']",Arena,strategy_nearest,False,0.0040149688720703125,success
0494C93A9C4C80,3,"['Santa Anastasia', 'Duomo']",Torre Lamberti,"['Sighseeing', 'Centro Fotografia', 'Museo Conte', 'Casa Giulietta', 'Palazzo della Ragione']",San Fermo,strategy_nearest,False,0.002454996109008789,success
0494C6429C4C80,1,"['Arena', 'Casa Giulietta']",Duomo,"['AMO', 'Museo Miniscalchi', 'Santa Anastasia', 'Teatro Romano', 'Palazzo della Ragione']",Torre Lamberti,strategy_nearest,False,0.002599000930786133,success
0494C6C27B3F80,0,"['Casa Giulietta', 'Arena', 'Castelvecchio']",Tomba Giulietta,"['San Fermo', 'Museo Storia', 'Museo Lapidario', 'Museo Radio', 'Verona Tour']",Torre Lamberti,strategy_nearest,False,0.0019829273223876953,success
0494CA3A9C4C80,0,['Arena'],Castelvecchio,"['Museo Lapidario', 'Verona Tour', 'Museo Radio', 'San Zeno', 'Sighseeing']",Santa Anastasia,strategy_nearest,False,0.0019180774688720703,success
0494CD3A9C4C80,1,"['Casa Giulietta', 'Santa Anastasia', 'Palazzo della Ragione']",Torre Lamberti,"['Sighseeing', 'Centro Fotografia', 'Museo Conte', 'AMO', 'Museo Miniscalchi']",Teatro Romano,strategy_nearest,False,0.0026051998138427734,success
0494CCC27B3F80,2,"['Casa Giulietta', 'Castelvecchio', 'Duomo', 'Santa Anastasia']",Tomba Giulietta,"['San Fermo', 'Museo Storia', 'Arena', 'Museo Lapidario', 'Museo Radio']",Museo Storia,strategy_nearest,True,0.0022590160369873047,success
0494CDC27B3F80,0,"['Casa Giulietta', 'Arena']",Castelvecchio,"['Museo Lapidario', 'Verona Tour', 'Museo Radio', 'San Zeno', 'Sighseeing']",Tomba Giulietta,strategy_nearest,False,0.0032150745391845703,success
0494CE429C4C80,3,"['Teatro Romano', 'Giardino Giusti', 'Duomo']",Torre Lamberti,"['Sighseeing', 'Centro Fotografia', 'Museo Conte', 'Casa Giulietta', 'Palazzo della Ragione']",Casa Giulietta,strategy_nearest,True,0.0031571388244628906,success
0494D0429C4C80,0,"['Castelvecchio', 'Torre Lamberti']",San Fermo,"['Museo Storia', 'Museo Radio', 'Casa Giulietta', 'Centro Fotografia', 'Arena']",Casa Giulietta,strategy_nearest,True,0.0024988651275634766,success
0494D2C27B3F80,2,"['Casa Giulietta', 'Castelvecchio', 'Duomo', 'Santa Anastasia']",Tomba Giulietta,"['San Fermo', 'Museo Storia', 'Arena', 'Museo Lapidario', 'Museo Radio']",Museo Storia,strategy_nearest,True,0.003461122512817383,success
0494D8C27B3F80,2,"['Casa Giulietta', 'Torre Lamberti', 'Santa Anastasia', 'Castelvecchio']",Teatro Romano,"['Duomo', 'AMO', 'Palazzo della Ragione', 'Museo Conte', 'Centro Fotografia']",Duomo,strategy_nearest,True,0.0033462047576904297,success
0494D3C27B3F80,3,"['Casa Giulietta', 'Torre Lamberti']",Santa Anastasia,"['AMO', 'Museo Conte', 'Palazzo della Ragione', 'Teatro Romano', 'Centro Fotografia']",Arena,strategy_nearest,False,0.001972198486328125,success
0494D93A9C4C80,1,"['Arena', 'Torre Lamberti', 'Palazzo della Ragione']",Duomo,"['AMO', 'Museo Miniscalchi', 'Santa Anastasia', 'Teatro Romano', 'Museo Conte']",Teatro Romano,strategy_nearest,True,0.003052234649658203,success
0494DD3A9C4C80,1,"['Arena', 'Castelvecchio', 'Palazzo della Ragione']",Torre Lamberti,"['Sighseeing', 'Centro Fotografia', 'Museo Conte', 'Casa Giulietta', 'AMO']",Casa Giulietta,strategy_nearest,True,0.0027360916137695312,success
0494DEC27B3F80,3,"['Casa Giulietta', 'San Fermo', 'Arena', 'Giardino Giusti']",Santa Anastasia,"['AMO', 'Museo Conte', 'Palazzo della Ragione', 'Teatro Romano', 'Centro Fotografia']",Torre Lamberti,strategy_nearest,False,0.003215789794921875,success
0494E0429C4C80,1,"['Arena', 'Torre Lamberti', 'Casa Giulietta', 'Palazzo della Ragione', 'Santa Anastasia']",Castelvecchio,"['Museo Lapidario', 'Verona Tour', 'Museo Radio', 'San Zeno', 'Sighseeing']",San Zeno,strategy_nearest,True,0.002496004104614258,success
0494E13A9C4C80,3,"['Castelvecchio', 'Casa Giulietta', 'Arena']",Giardino Giusti,"['Santa Anastasia', 'Teatro Romano', 'Museo Conte', 'Centro Fotografia', 'Museo Storia']",Santa Anastasia,strategy_nearest,True,0.0019745826721191406,success
0494EB429C4C80,3,"['Teatro Romano', 'Arena']",Castelvecchio,"['Museo Lapidario', 'Verona Tour', 'Museo Radio', 'San Zeno', 'Sighseeing']",Torre Lamberti,strategy_nearest,False,0.0024788379669189453,success
0494E53A9C4C80,3,"['Arena', 'Torre Lamberti']",Casa Giulietta,"['Centro Fotografia', 'Sighseeing', 'Museo Conte', 'Museo Radio', 'Palazzo della Ragione']",Castelvecchio,strategy_nearest,False,0.0019979476928710938,success
0494F4C27B3F80,3,"['Santa Anastasia', 'Duomo', 'Casa Giulietta']",San Fermo,"['Museo Storia', 'Museo Radio', 'Centro Fotografia', 'Arena', 'Sighseeing']",Tomba Giulietta,strategy_nearest,False,0.0031647682189941406,success
0494F63A9C4C80,2,"['Torre Lamberti', 'Palazzo della Ragione']",Castelvecchio,"['Museo Lapidario', 'Verona Tour', 'Arena', 'Museo Radio', 'San Zeno']",Museo Lapidario,strategy_nearest,True,0.003142118453979492,success
0494F0C27B3F80,3,"['Casa Giulietta', 'Torre Lamberti', 'Arena']",Castelvecchio,"['Museo Lapidario', 'Verona Tour', 'Museo Radio', 'San Zeno', 'Sighseeing']",San Fermo,strategy_nearest,False,0.0033168792724609375,success
0494F73A9C4C80,3,"['Arena', 'Duomo']",Santa Anastasia,"['AMO', 'Museo Conte', 'Palazzo della Ragione', 'Teatro Romano', 'Centro Fotografia']",Torre Lamberti,strategy_nearest,False,0.0045549869537353516,success
0494FD3A9C4C80,0,['Castelvecchio'],Casa Giulietta,"['Centro Fotografia', 'Sighseeing', 'Torre Lamberti', 'Museo Conte', 'Museo Radio']",Arena,strategy_nearest,False,0.002707958221435547,success
0494FB3A9C4C80,3,"['Arena', 'Castelvecchio']",Casa Giulietta,"['Centro Fotografia', 'Sighseeing', 'Torre Lamberti', 'Museo Conte', 'Museo Radio']",Santa Anastasia,strategy_nearest,False,0.0022552013397216797,success
0494FBC27B3F80,1,"['Tomba Giulietta', 'Arena', 'Palazzo della Ragione']",Torre Lamberti,"['Sighseeing', 'Centro Fotografia', 'Museo Conte', 'Casa Giulietta', 'AMO']",Santa Anastasia,strategy_nearest,False,0.0034160614013671875,success
0495033A9C4C84,0,['Arena'],Castelvecchio,"['Museo Lapidario', 'Verona Tour', 'Museo Radio', 'San Zeno', 'Sighseeing']",Torre Lamberti,strategy_nearest,False,0.003233194351196289,success
0495083A9C4C84,0,['Castelvecchio'],Arena,"['Verona Tour', 'Museo Lapidario', 'Museo Radio', 'San Fermo', 'Casa Giulietta']",Casa Giulietta,strategy_nearest,True,0.002232074737548828,success
049508429C4C80,0,"['Arena', 'Casa Giulietta']",Torre Lamberti,"['Sighseeing', 'Centro Fotografia', 'Museo Conte', 'Palazzo della Ragione', 'AMO']",Tomba Giulietta,strategy_nearest,False,0.0025949478149414062,success
049509429C4C80,1,"['Arena', 'Casa Giulietta', 'San Fermo', 'Santa Anastasia']",Teatro Romano,"['Duomo', 'AMO', 'Palazzo della Ragione', 'Museo Conte', 'Centro Fotografia']",Castelvecchio,strategy_nearest,False,0.0033049583435058594,success
04950AC27B3F80,0,"['Casa Giulietta', 'Arena']",Museo Lapidario,"['Verona Tour', 'Castelvecchio', 'Museo Radio', 'San Fermo', 'Tomba Giulietta']",Castelvecchio,strategy_nearest,True,0.0020279884338378906,success
04950A429C4C80,1,"['Museo Lapidario', 'Arena', 'Casa Giulietta']",Palazzo della Ragione,"['AMO', 'Museo Conte', 'Torre Lamberti', 'Centro Fotografia', 'Sighseeing']",Torre Lamberti,strategy_nearest,True,0.003297090530395508,success
04950C429C4C84,2,"['Torre Lamberti', 'San Fermo']",Giardino Giusti,"['Santa Anastasia', 'Teatro Romano', 'Museo Conte', 'Centro Fotografia', 'Museo Storia']",Tomba Giulietta,strategy_nearest,False,0.00254058837890625,success
0495113A9C4C80,0,['Arena'],Casa Giulietta,"['Centro Fotografia', 'Sighseeing', 'Torre Lamberti', 'Museo Conte', 'Museo Radio']",Santa Anastasia,strategy_nearest,False,0.002053976058959961,success
04950FC27B3F80,3,"['Casa Giulietta', 'Arena']",Castelvecchio,"['Museo Lapidario', 'Verona Tour', 'Museo Radio', 'San Zeno', 'Sighseeing']",Santa Anastasia,strategy_nearest,False,0.0035829544067382812,success
0495123A9C4C80,0,['Santa Anastasia'],Casa Giulietta,"['Centro Fotografia', 'Sighseeing', 'Torre Lamberti', 'Museo Conte', 'Museo Radio']",Arena,strategy_nearest,False,0.003426074981689453,success
049510C27B3F80,0,"['Casa Giulietta', 'San Fermo']",Museo Storia,"['Museo Radio', 'Centro Fotografia', 'Tomba Giulietta', 'Arena', 'Torre Lamberti']",Tomba Giulietta,strategy_nearest,True,0.002835988998413086,success
049515C27B3F80,1,"['Arena', 'Castelvecchio', 'Torre Lamberti']",Palazzo della Ragione,"['AMO', 'Museo Conte', 'Centro Fotografia', 'Sighseeing', 'Santa Anastasia']",Santa Anastasia,strategy_nearest,True,0.002763986587524414,success
04951A429C4C80,0,"['Arena', 'Casa Giulietta']",Torre Lamberti,"['Sighseeing', 'Centro Fotografia', 'Museo Conte', 'Palazzo della Ragione', 'AMO']",Castelvecchio,strategy_nearest,False,0.0028150081634521484,success
049517429C4C80,1,"['Arena', 'Museo Lapidario', 'Castelvecchio', 'Casa Giulietta', 'Santa Anastasia']",Giardino Giusti,"['Teatro Romano', 'Museo Conte', 'Centro Fotografia', 'Museo Storia', 'AMO']",Teatro Romano,strategy_nearest,True,0.003500223159790039,success
04951BC27B3F80,1,"['Casa Giulietta', 'Palazzo della Ragione', 'Torre Lamberti', 'Arena']",Santa Anastasia,"['AMO', 'Museo Conte', 'Teatro Romano', 'Centro Fotografia', 'Duomo']",Duomo,strategy_nearest,True,0.0025212764739990234,success
04951F3A9C4C80,3,"['Arena', 'Torre Lamberti']",Casa Giulietta,"['Centro Fotografia', 'Sighseeing', 'Museo Conte', 'Museo Radio', 'Palazzo della Ragione']",Santa Anastasia,strategy_nearest,False,0.002644062042236328,success
0495203A9C4C84,1,"['Casa Giulietta', 'Torre Lamberti', 'Palazzo della Ragione', 'Santa Anastasia']",Duomo,"['AMO', 'Museo Miniscalchi', 'Teatro Romano', 'Museo Conte', 'Centro Fotografia']",Teatro Romano,strategy_nearest,True,0.0027441978454589844,success
049521429C4C84,1,"['Arena', 'Torre Lamberti', 'Palazzo della Ragione']",San Fermo,"['Museo Storia', 'Museo Radio', 'Casa Giulietta', 'Centro Fotografia', 'Sighseeing']",Castelvecchio,strategy_nearest,False,0.0030748844146728516,success
04951F3A9C4C84,3,"['Arena', 'Casa Giulietta']",Torre Lamberti,"['Sighseeing', 'Centro Fotografia', 'Museo Conte', 'Palazzo della Ragione', 'AMO']",Santa Anastasia,strategy_nearest,False,0.002134561538696289,success
049521C27B3F80,1,"['Casa Giulietta', 'Duomo', 'Santa Anastasia', 'Torre Lamberti']",Palazzo della Ragione,"['AMO', 'Museo Conte', 'Centro Fotografia', 'Sighseeing', 'Museo Miniscalchi']",Arena,strategy_nearest,False,0.0016129016876220703,success
049522C27B3F80,3,"['Casa Giulietta', 'Arena']",Castelvecchio,"['Museo Lapidario', 'Verona Tour', 'Museo Radio', 'San Zeno', 'Sighseeing']",Santa Anastasia,strategy_nearest,False,0.002277851104736328,success
049523C27B3F80,0,"['Arena', 'Casa Giulietta']",Torre Lamberti,"['Sighseeing', 'Centro Fotografia', 'Museo Conte', 'Palazzo della Ragione', 'AMO']",Castelvecchio,strategy_nearest,False,0.002830982208251953,success
0495253A9C4C80,3,"['Arena', 'Casa Giulietta']",Santa Anastasia,"['AMO', 'Museo Conte', 'Palazzo della Ragione', 'Teatro Romano', 'Centro Fotografia']",Castelvecchio,strategy_nearest,False,0.0034668445587158203,success
0495283A9C4C80,1,"['Museo Lapidario', 'Arena', 'San Fermo', 'Museo Storia', 'Casa Giulietta']",Torre Lamberti,"['Sighseeing', 'Centro Fotografia', 'Museo Conte', 'Palazzo della Ragione', 'AMO']",Palazzo della Ragione,strategy_nearest,True,0.004074573516845703,success
0495273A9C4C84,3,"['Arena', 'Museo Lapidario', 'Casa Giulietta']",Santa Anastasia,"['AMO', 'Museo Conte', 'Palazzo della Ragione', 'Teatro Romano', 'Centro Fotografia']",Teatro Romano,strategy_nearest,True,0.0028488636016845703,success
049529C27B3F80,3,"['Torre Lamberti', 'Arena', 'Teatro Romano']",Santa Anastasia,"['AMO', 'Museo Conte', 'Palazzo della Ragione', 'Centro Fotografia', 'Duomo']",Castelvecchio,strategy_nearest,False,0.0033850669860839844,success
04952FC27B3F80,1,"['Arena', 'Casa Giulietta', 'Torre Lamberti']",Palazzo della Ragione,"['AMO', 'Museo Conte', 'Centro Fotografia', 'Sighseeing', 'Santa Anastasia']",Castelvecchio,strategy_nearest,False,0.004242897033691406,success
049530C27B3F80,1,"['Palazzo della Ragione', 'Casa Giulietta', 'Santa Anastasia', 'Duomo']",San Zeno,"['Castelvecchio', 'Verona Tour', 'Museo Lapidario', 'Arena', 'Museo Miniscalchi']",Castelvecchio,strategy_nearest,True,0.0022361278533935547,success
0495323A9C4C80,0,['Casa Giulietta'],Arena,"['Verona Tour', 'Museo Lapidario', 'Museo Radio', 'San Fermo', 'Sighseeing']",Tomba Giulietta,strategy_nearest,False,0.002803802490234375,success
049532429C4C80,0,['Duomo'],Arena,"['Verona Tour', 'Museo Lapidario', 'Museo Radio', 'San Fermo', 'Casa Giulietta']",Casa Giulietta,strategy_nearest,True,0.003208160400390625,success
049535C27B3F80,3,"['Torre Lamberti', 'Arena', 'Teatro Romano']",Santa Anastasia,"['AMO', 'Museo Conte', 'Palazzo della Ragione', 'Centro Fotografia', 'Duomo']",Castelvecchio,strategy_nearest,False,0.0026721954345703125,success
04953BC27B3F80,3,"['Torre Lamberti', 'Arena', 'Giardino Giusti']",Duomo,"['AMO', 'Museo Miniscalchi', 'Santa Anastasia', 'Teatro Romano', 'Palazzo della Ragione']",Santa Anastasia,strategy_nearest,True,0.0027298927307128906,success
04953B3A9C4C80,3,"['Arena', 'Castelvecchio']",Casa Giulietta,"['Centro Fotografia', 'Sighseeing', 'Torre Lamberti', 'Museo Conte', 'Museo Radio']",Torre Lamberti,strategy_nearest,True,0.0021271705627441406,success
04953CC27B3F80,1,"['Palazzo della Ragione', 'Santa Anastasia', 'Duomo', 'San Zeno']",Castelvecchio,"['Museo Lapidario', 'Verona Tour', 'Arena', 'Museo Radio', 'Sighseeing']",Arena,strategy_nearest,True,0.002853870391845703,success
0495443A9C4C80,0,['Casa Giulietta'],Arena,"['Verona Tour', 'Museo Lapidario', 'Museo Radio', 'San Fermo', 'Sighseeing']",Castelvecchio,strategy_nearest,False,0.0018410682678222656,success
04953D3A9C4C80,0,['Arena'],Casa Giulietta,"['Centro Fotografia', 'Sighseeing', 'Torre Lamberti', 'Museo Conte', 'Museo Radio']",Castelvecchio,strategy_nearest,False,0.003412008285522461,success
049542C27B3F80,1,['Casa Giulietta'],Torre Lamberti,"['Sighseeing', 'Centro Fotografia', 'Museo Conte', 'Palazzo della Ragione', 'AMO']",Palazzo della Ragione,strategy_nearest,True,0.0037059783935546875,success
049548429C4C80,0,['Arena'],Torre Lamberti,"['Sighseeing', 'Centro Fotografia', 'Museo Conte', 'Casa Giulietta', 'Palazzo della Ragione']",Castelvecchio,strategy_nearest,False,0.002881765365600586,success
04954E429C4C80,3,['Arena'],Torre Lamberti,"['Sighseeing', 'Centro Fotografia', 'Museo Conte', 'Casa Giulietta', 'Palazzo della Ragione']",Santa Anastasia,strategy_nearest,False,0.002830028533935547,success
04954EC27B3F80,1,"['Torre Lamberti', 'Palazzo della Ragione']",Santa Anastasia,"['AMO', 'Museo Conte', 'Teatro Romano', 'Centro Fotografia', 'Duomo']",Casa Giulietta,strategy_nearest,False,0.0025527477264404297,success
049551429C4C80,3,"['Tomba Giulietta', 'San Fermo']",Duomo,"['AMO', 'Museo Miniscalchi', 'Santa Anastasia', 'Teatro Romano', 'Palazzo della Ragione']",Castelvecchio,strategy_nearest,False,0.003183126449584961,success
0495523A9C4C80,3,"['Castelvecchio', 'Arena', 'Casa Giulietta']",Torre Lamberti,"['Sighseeing', 'Centro Fotografia', 'Museo Conte', 'Palazzo della Ragione', 'AMO']",Santa Anastasia,strategy_nearest,False,0.003222942352294922,success
049561429C4C80,3,"['Arena', 'Castelvecchio']",Torre Lamberti,"['Sighseeing', 'Centro Fotografia', 'Museo Conte', 'Casa Giulietta', 'Palazzo della Ragione']",Santa Anastasia,strategy_nearest,False,0.0022459030151367188,success
04955D429C4C80,3,"['San Fermo', 'Torre Lamberti', 'Santa Anastasia', 'Duomo']",Teatro Romano,"['AMO', 'Palazzo della Ragione', 'Museo Conte', 'Centro Fotografia', 'Museo Miniscalchi']",Arena,strategy_nearest,False,0.00399017333984375,success
049555429C4C80,0,['Arena'],Casa Giulietta,"['Centro Fotografia', 'Sighseeing', 'Torre Lamberti', 'Museo Conte', 'Museo Radio']",Torre Lamberti,strategy_nearest,True,0.0036470890045166016,success
04955FC27B3F80,3,"['Torre Lamberti', 'Arena', 'Giardino Giusti']",Duomo,"['AMO', 'Museo Miniscalchi', 'Santa Anastasia', 'Teatro Romano', 'Palazzo della Ragione']",Santa Anastasia,strategy_nearest,True,0.004397153854370117,success
049568429C4C80,3,"['Arena', 'Torre Lamberti']",Casa Giulietta,"['Centro Fotografia', 'Sighseeing', 'Museo Conte', 'Museo Radio', 'Palazzo della Ragione']",San Fermo,strategy_nearest,False,0.0027828216552734375,success
049566C27B3F80,1,"['Torre Lamberti', 'Palazzo della Ragione']",Santa Anastasia,"['AMO', 'Museo Conte', 'Teatro Romano', 'Centro Fotografia', 'Duomo']",Casa Giulietta,strategy_nearest,False,0.0020668506622314453,success
04956BC27B3F80,1,"['Torre Lamberti', 'Palazzo della Ragione']",Santa Anastasia,"['AMO', 'Museo Conte', 'Teatro Romano', 'Centro Fotografia', 'Duomo']",Casa Giulietta,strategy_nearest,False,0.002802133560180664,success
049572C27B3F80,1,"['Torre Lamberti', 'Palazzo della Ragione']",Santa Anastasia,"['AMO', 'Museo Conte', 'Teatro Romano', 'Centro Fotografia', 'Duomo']",Casa Giulietta,strategy_nearest,False,0.0026900768280029297,success
04956D429C4C80,1,"['Arena', 'Museo Lapidario', 'Torre Lamberti']",Palazzo della Ragione,"['AMO', 'Museo Conte', 'Centro Fotografia', 'Sighseeing', 'Santa Anastasia']",Santa Anastasia,strategy_nearest,True,0.0033338069915771484,success
049580429C4C80,0,"['Arena', 'Casa Giulietta']",Castelvecchio,"['Museo Lapidario', 'Verona Tour', 'Museo Radio', 'San Zeno', 'Sighseeing']",Museo Lapidario,strategy_nearest,True,0.0020160675048828125,success
04957D3A9C4C80,3,"['Arena', 'San Fermo', 'Casa Giulietta']",Torre Lamberti,"['Sighseeing', 'Centro Fotografia', 'Museo Conte', 'Palazzo della Ragione', 'AMO']",Santa Anastasia,strategy_nearest,False,0.0033960342407226562,success
0495813A9C4C80,0,['Arena'],Teatro Romano,"['Santa Anastasia', 'Duomo', 'AMO', 'Palazzo della Ragione', 'Museo Conte']",Casa Giulietta,strategy_nearest,False,0.0024940967559814453,success
0495AC429C4C80,3,"['Arena', 'Santa Anastasia', 'Duomo']",Casa Giulietta,"['Centro Fotografia', 'Sighseeing', 'Torre Lamberti', 'Museo Conte', 'Museo Radio']",Torre Lamberti,strategy_nearest,True,0.002644062042236328,success
0495AE429C4C80,0,['Arena'],Casa Giulietta,"['Centro Fotografia', 'Sighseeing', 'Torre Lamberti', 'Museo Conte', 'Museo Radio']",Santa Anastasia,strategy_nearest,False,0.0024127960205078125,success
0495B73A9C4C80,3,['Arena'],Duomo,"['AMO', 'Museo Miniscalchi', 'Santa Anastasia', 'Teatro Romano', 'Palazzo della Ragione']",Santa Anastasia,strategy_nearest,True,0.0020952224731445312,success
0495B0429C4C80,3,"['Arena', 'Casa Giulietta']",Torre Lamberti,"['Sighseeing', 'Centro Fotografia', 'Museo Conte', 'Palazzo della Ragione', 'AMO']",Duomo,strategy_nearest,False,0.004190921783447266,success
0495C7429C4C80,3,"['Casa Giulietta', 'Torre Lamberti']",Arena,"['Verona Tour', 'Museo Lapidario', 'Museo Radio', 'San Fermo', 'Sighseeing']",Santa Anastasia,strategy_nearest,False,0.002897977828979492,success
0495C3429C4C80,3,"['Arena', 'Casa Giulietta', 'Torre Lamberti']",Santa Anastasia,"['AMO', 'Museo Conte', 'Palazzo della Ragione', 'Teatro Romano', 'Centro Fotografia']",Teatro Romano,strategy_nearest,True,0.003251314163208008,success
0495CA429C4C80,2,"['San Zeno', 'Castelvecchio']",Torre Lamberti,"['Sighseeing', 'Centro Fotografia', 'Museo Conte', 'Casa Giulietta', 'Palazzo della Ragione']",Palazzo della Ragione,strategy_nearest,True,0.0011930465698242188,success
0495F4429C4C80,2,"['Torre Lamberti', 'Castelvecchio']",San Zeno,"['Verona Tour', 'Museo Lapidario', 'Arena', 'Museo Miniscalchi', 'Sighseeing']",Teatro Romano,strategy_nearest,False,0.0020399093627929688,success
0495F63A9C4C80,2,"['Torre Lamberti', 'Palazzo della Ragione']",Casa Giulietta,"['Centro Fotografia', 'Sighseeing', 'Museo Conte', 'Museo Radio', 'San Fermo']",Santa Anastasia,strategy_nearest,False,0.002844095230102539,success
04960A429C4C80,2,['Casa Giulietta'],Teatro Romano,"['Santa Anastasia', 'Duomo', 'AMO', 'Palazzo della Ragione', 'Museo Conte']",Tomba Giulietta,strategy_nearest,False,0.0034401416778564453,success
04960A3A9C4C84,1,"['San Zeno', 'Arena']",Castelvecchio,"['Museo Lapidario', 'Verona Tour', 'Museo Radio', 'Sighseeing', 'Museo Miniscalchi']",Teatro Romano,strategy_nearest,False,0.002993345260620117,success
0495F8429C4C80,3,"['Torre Lamberti', 'Tomba Giulietta', 'San Fermo']",Teatro Romano,"['Santa Anastasia', 'Duomo', 'AMO', 'Palazzo della Ragione', 'Museo Conte']",Arena,strategy_nearest,False,0.0021750926971435547,success
04960BC27B3F84,1,"['Arena', 'Tomba Giulietta']",Torre Lamberti,"['Sighseeing', 'Centro Fotografia', 'Museo Conte', 'Casa Giulietta', 'Palazzo della Ragione']",Casa Giulietta,strategy_nearest,True,0.0032639503479003906,success
04960CC27B3F84,1,"['Arena', 'Casa Giulietta', 'Torre Lamberti', 'Palazzo della Ragione']",Santa Anastasia,"['AMO', 'Museo Conte', 'Teatro Romano', 'Centro Fotografia', 'Duomo']",Duomo,strategy_nearest,True,0.0014791488647460938,success
049610429C4C80,1,"['Arena', 'Torre Lamberti']",Palazzo della Ragione,"['AMO', 'Museo Conte', 'Centro Fotografia', 'Sighseeing', 'Santa Anastasia']",Casa Giulietta,strategy_nearest,False,0.0027561187744140625,success
04961C3A9C4C80,3,"['Arena', 'Castelvecchio', 'Tomba Giulietta']",Torre Lamberti,"['Sighseeing', 'Centro Fotografia', 'Museo Conte', 'Casa Giulietta', 'Palazzo della Ragione']",Santa Anastasia,strategy_nearest,False,0.0033690929412841797,success
04960F429C4C84,0,"['Arena', 'Castelvecchio']",Casa Giulietta,"['Centro Fotografia', 'Sighseeing', 'Torre Lamberti', 'Museo Conte', 'Museo Radio']",Santa Anastasia,strategy_nearest,False,0.0020339488983154297,success
04961F3A9C4C84,3,['Arena'],Casa Giulietta,"['Centro Fotografia', 'Sighseeing', 'Torre Lamberti', 'Museo Conte', 'Museo Radio']",Santa Anastasia,strategy_nearest,False,0.0019800662994384766,success
0496203A9C4C84,0,['Arena'],Torre Lamberti,"['Sighseeing', 'Centro Fotografia', 'Museo Conte', 'Casa Giulietta', 'Palazzo della Ragione']",Casa Giulietta,strategy_nearest,True,0.0028111934661865234,success
04961F3A9C4C80,0,['Arena'],Casa Giulietta,"['Centro Fotografia', 'Sighseeing', 'Torre Lamberti', 'Museo Conte', 'Museo Radio']",Castelvecchio,strategy_nearest,False,0.003671884536743164,success
0496223A9C4C80,3,"['Santa Anastasia', 'Torre Lamberti', 'San Fermo']",Castelvecchio,"['Museo Lapidario', 'Verona Tour', 'Arena', 'Museo Radio', 'San Zeno']",Arena,strategy_nearest,True,0.003144979476928711,success
0496223A9C4C84,0,['Arena'],Casa Giulietta,"['Centro Fotografia', 'Sighseeing', 'Torre Lamberti', 'Museo Conte', 'Museo Radio']",Teatro Romano,strategy_nearest,False,0.002885103225708008,success
0496283A9C4C80,0,['Arena'],Casa Giulietta,"['Centro Fotografia', 'Sighseeing', 'Torre Lamberti', 'Museo Conte', 'Museo Radio']",Torre Lamberti,strategy_nearest,True,0.002017974853515625,success
049635429C4C80,0,['Casa Giulietta'],Arena,"['Verona Tour', 'Museo Lapidario', 'Museo Radio', 'San Fermo', 'Sighseeing']",Torre Lamberti,strategy_nearest,False,0.0024662017822265625,success
04962CC27B3F80,0,"['Giardino Giusti', 'Teatro Romano', 'Arena']",Tomba Giulietta,"['San Fermo', 'Museo Storia', 'Museo Lapidario', 'Museo Radio', 'Verona Tour']",Casa Giulietta,strategy_nearest,False,0.002660989761352539,success
04963A3A9C4C80,3,['Santa Anastasia'],Duomo,"['AMO', 'Museo Miniscalchi', 'Teatro Romano', 'Palazzo della Ragione', 'Museo Conte']",Teatro Romano,strategy_nearest,True,0.0033271312713623047,success
0496443A9C4C80,3,['Arena'],Casa Giulietta,"['Centro Fotografia', 'Sighseeing', 'Torre Lamberti', 'Museo Conte', 'Museo Radio']",Torre Lamberti,strategy_nearest,True,0.0027887821197509766,success
049645429C4C80,1,"['Arena', 'Castelvecchio']",Torre Lamberti,"['Sighseeing', 'Centro Fotografia', 'Museo Conte', 'Casa Giulietta', 'Palazzo della Ragione']",Palazzo della Ragione,strategy_nearest,True,0.002608776092529297,success
0496593A9C4C80,0,"['Arena', 'Castelvecchio']",Teatro Romano,"['Santa Anastasia', 'Duomo', 'AMO', 'Palazzo della Ragione', 'Museo Conte']",Casa Giulietta,strategy_nearest,False,0.003367900848388672,success
049650429C4C80,1,"['Arena', 'Torre Lamberti']",Palazzo della Ragione,"['AMO', 'Museo Conte', 'Centro Fotografia', 'Sighseeing', 'Santa Anastasia']",Casa Giulietta,strategy_nearest,False,0.0034050941467285156,success
04965B429C4C80,3,"['Torre Lamberti', 'Santa Anastasia', 'Duomo']",Teatro Romano,"['AMO', 'Palazzo della Ragione', 'Museo Conte', 'Centro Fotografia', 'Museo Miniscalchi']",Casa Giulietta,strategy_nearest,False,0.003310680389404297,success
04966A429C4C80,1,"['Arena', 'Museo Lapidario', 'Casa Giulietta']",Torre Lamberti,"['Sighseeing', 'Centro Fotografia', 'Museo Conte', 'Palazzo della Ragione', 'AMO']",Palazzo della Ragione,strategy_nearest,True,0.0031337738037109375,success
0496723A9C4C80,2,"['Duomo', 'Teatro Romano', 'Santa Anastasia']",Torre Lamberti,"['Sighseeing', 'Centro Fotografia', 'Museo Conte', 'Casa Giulietta', 'Palazzo della Ragione']",Palazzo della Ragione,strategy_nearest,True,0.0027272701263427734,success
04967A3A9C4C80,3,['Torre Lamberti'],Teatro Romano,"['Santa Anastasia', 'Duomo', 'AMO', 'Palazzo della Ragione', 'Museo Conte']",Arena,strategy_nearest,False,0.002960205078125,success
0496753A9C4C80,0,['Arena'],Casa Giulietta,"['Centro Fotografia', 'Sighseeing', 'Torre Lamberti', 'Museo Conte', 'Museo Radio']",Santa Anastasia,strategy_nearest,False,0.003412008285522461,success
04967E429C4C80,2,"['Casa Giulietta', 'Torre Lamberti']",Santa Anastasia,"['AMO', 'Museo Conte', 'Palazzo della Ragione', 'Teatro Romano', 'Centro Fotografia']",Castelvecchio,strategy_nearest,False,0.0020978450775146484,success
04967D429C4C80,0,"['Castelvecchio', 'Arena']",Casa Giulietta,"['Centro Fotografia', 'Sighseeing', 'Torre Lamberti', 'Museo Conte', 'Museo Radio']",Torre Lamberti,strategy_nearest,True,0.0026488304138183594,success
049683429C4C80,1,"['Arena', 'San Fermo', 'Giardino Giusti']",Teatro Romano,"['Santa Anastasia', 'Duomo', 'AMO', 'Palazzo della Ragione', 'Museo Conte']",Duomo,strategy_nearest,True,0.00339508056640625,success
049683C27B3F80,3,"['Casa Giulietta', 'Santa Anastasia', 'Duomo']",San Fermo,"['Museo Storia', 'Museo Radio', 'Centro Fotografia', 'Arena', 'Sighseeing']",Castelvecchio,strategy_nearest,False,0.0027132034301757812,success
049685429C4C80,1,"['Torre Lamberti', 'Palazzo della Ragione']",Arena,"['Verona Tour', 'Museo Lapidario', 'Museo Radio', 'San Fermo', 'Casa Giulietta']",Casa Giulietta,strategy_nearest,True,0.0025229454040527344,success
0496894A9C4C80,0,['Arena'],Casa Giulietta,"['Centro Fotografia', 'Sighseeing', 'Torre Lamberti', 'Museo Conte', 'Museo Radio']",Torre Lamberti,strategy_nearest,True,0.0020749568939208984,success
0496864A9C4C80,3,['Arena'],Casa Giulietta,"['Centro Fotografia', 'Sighseeing', 'Torre Lamberti', 'Museo Conte', 'Museo Radio']",Torre Lamberti,strategy_nearest,True,0.004024982452392578,success
04968A429C4C80,3,['Arena'],San Fermo,"['Museo Storia', 'Museo Radio', 'Casa Giulietta', 'Centro Fotografia', 'Sighseeing']",Duomo,strategy_nearest,False,0.0033538341522216797,success
04968E429C4C80,2,"['San Zeno', 'Castelvecchio']",Torre Lamberti,"['Sighseeing', 'Centro Fotografia', 'Museo Conte', 'Casa Giulietta', 'Palazzo della Ragione']",Casa Giulietta,strategy_nearest,True,0.0026819705963134766,success
04968AC27B3F80,3,"['Arena', 'Museo Lapidario', 'Castelvecchio']",San Zeno,"['Verona Tour', 'Museo Miniscalchi', 'Sighseeing', 'Museo Radio', 'Torre Lamberti']",Casa Giulietta,strategy_nearest,False,0.004631996154785156,success
04968D3A9C4C80,3,"['Arena', 'San Fermo']",Teatro Romano,"['Santa Anastasia', 'Duomo', 'AMO', 'Palazzo della Ragione', 'Museo Conte']",Duomo,strategy_nearest,True,0.0027010440826416016,success
049692429C4C80,0,"['Castelvecchio', 'San Zeno']",Arena,"['Verona Tour', 'Museo Lapidario', 'Museo Radio', 'San Fermo', 'Casa Giulietta']",San Fermo,strategy_nearest,True,0.0025496482849121094,success
0496AB3A9C4C80,2,['Torre Lamberti'],Castelvecchio,"['Museo Lapidario', 'Verona Tour', 'Arena', 'Museo Radio', 'San Zeno']",Casa Giulietta,strategy_nearest,False,0.002119302749633789,success
0496AF429C4C80,2,"['Torre Lamberti', 'Casa Giulietta']",San Fermo,"['Museo Storia', 'Museo Radio', 'Centro Fotografia', 'Arena', 'Sighseeing']",Teatro Romano,strategy_nearest,False,0.003098011016845703,success
0496A94A9C4C80,3,['Arena'],Castelvecchio,"['Museo Lapidario', 'Verona Tour', 'Museo Radio', 'San Zeno', 'Sighseeing']",San Zeno,strategy_nearest,True,0.0028009414672851562,success
0496B23A9C4C80,1,"['Tomba Giulietta', 'Arena', 'Museo Lapidario', 'Torre Lamberti', 'Palazzo della Ragione']",Casa Giulietta,"['Centro Fotografia', 'Sighseeing', 'Museo Conte', 'Museo Radio', 'San Fermo']",San Fermo,strategy_nearest,True,0.0028998851776123047,success
0496C23A9C4C80,0,['Arena'],Casa Giulietta,"['Centro Fotografia', 'Sighseeing', 'Torre Lamberti', 'Museo Conte', 'Museo Radio']",Torre Lamberti,strategy_nearest,True,0.0018951892852783203,success
0496B3429C4C80,1,['Arena'],Palazzo della Ragione,"['AMO', 'Museo Conte', 'Torre Lamberti', 'Centro Fotografia', 'Sighseeing']",Torre Lamberti,strategy_nearest,True,0.003098011016845703,success
0496C0429C4C80,0,['Casa Giulietta'],Arena,"['Verona Tour', 'Museo Lapidario', 'Museo Radio', 'San Fermo', 'Sighseeing']",Torre Lamberti,strategy_nearest,False,0.0035910606384277344,success
0496CA3A9C4C80,1,['Arena'],Casa Giulietta,"['Centro Fotografia', 'Sighseeing', 'Torre Lamberti', 'Museo Conte', 'Museo Radio']",Palazzo della Ragione,strategy_nearest,False,0.0025501251220703125,success
0496DBC27B3F80,2,['Teatro Romano'],Giardino Giusti,"['Santa Anastasia', 'Museo Conte', 'Centro Fotografia', 'Museo Storia', 'AMO']",Casa Giulietta,strategy_nearest,False,0.0023910999298095703,success
0496CA429C4C80,1,"['Arena', 'Palazzo della Ragione']",Santa Anastasia,"['AMO', 'Museo Conte', 'Teatro Romano', 'Centro Fotografia', 'Duomo']",Teatro Romano,strategy_nearest,True,0.0024650096893310547,success
0496D0429C4C80,3,"['Teatro Romano', 'Torre Lamberti']",Arena,"['Verona Tour', 'Museo Lapidario', 'Museo Radio', 'San Fermo', 'Casa Giulietta']",Castelvecchio,strategy_nearest,False,0.003938913345336914,success
0496E2C27B3F80,2,['Teatro Romano'],Giardino Giusti,"['Santa Anastasia', 'Museo Conte', 'Centro Fotografia', 'Museo Storia', 'AMO']",Casa Giulietta,strategy_nearest,False,0.001967906951904297,success
0496E13A9C4C80,0,['Arena'],Castelvecchio,"['Museo Lapidario', 'Verona Tour', 'Museo Radio', 'San Zeno', 'Sighseeing']",Casa Giulietta,strategy_nearest,False,0.00350189208984375,success
0496E63A9C4C80,0,['Arena'],Castelvecchio,"['Museo Lapidario', 'Verona Tour', 'Museo Radio', 'San Zeno', 'Sighseeing']",Casa Giulietta,strategy_nearest,False,0.0032100677490234375,success
0496EE429C4C80,1,"['Castelvecchio', 'Arena', 'Casa Giulietta']",Palazzo della Ragione,"['AMO', 'Museo Conte', 'Torre Lamberti', 'Centro Fotografia', 'Sighseeing']",Torre Lamberti,strategy_nearest,True,0.002621889114379883,success
0496F33A9C4C80,0,['Arena'],Duomo,"['AMO', 'Museo Miniscalchi', 'Santa Anastasia', 'Teatro Romano', 'Palazzo della Ragione']",Castelvecchio,strategy_nearest,False,0.002702951431274414,success
0496F93A9C4C80,0,['Arena'],Casa Giulietta,"['Centro Fotografia', 'Sighseeing', 'Torre Lamberti', 'Museo Conte', 'Museo Radio']",Casa Giulietta,strategy_nearest,False,0.0033159255981445312,success
0497013A9C4C84,2,"['Museo Lapidario', 'Castelvecchio', 'Duomo']",Santa Anastasia,"['AMO', 'Museo Conte', 'Palazzo della Ragione', 'Teatro Romano', 'Centro Fotografia']",Torre Lamberti,strategy_nearest,False,0.003122091293334961,success
049701429C4C84,2,"['Museo Lapidario', 'Castelvecchio']",Palazzo della Ragione,"['AMO', 'Museo Conte', 'Torre Lamberti', 'Centro Fotografia', 'Sighseeing']",Giardino Giusti,strategy_nearest,False,0.0033507347106933594,success
0497053A9C4C84,3,"['Arena', 'San Fermo', 'Torre Lamberti']",Santa Anastasia,"['AMO', 'Museo Conte', 'Palazzo della Ragione', 'Teatro Romano', 'Centro Fotografia']",Duomo,strategy_nearest,False,0.002749919891357422,success
049708429C4C80,3,"['Arena', 'San Fermo', 'Casa Giulietta']",Santa Anastasia,"['AMO', 'Museo Conte', 'Palazzo della Ragione', 'Teatro Romano', 'Centro Fotografia']",Teatro Romano,strategy_nearest,True,0.0034568309783935547,success
0497093A9C4C84,0,"['Casa Giulietta', 'Torre Lamberti']",Arena,"['Verona Tour', 'Museo Lapidario', 'Museo Radio', 'San Fermo', 'Sighseeing']",Tomba Giulietta,strategy_nearest,False,0.003560781478881836,success
04970C3A9C4C84,2,"['Castelvecchio', 'Santa Anastasia']",Torre Lamberti,"['Sighseeing', 'Centro Fotografia', 'Museo Conte', 'Casa Giulietta', 'Palazzo della Ragione']",San Fermo,strategy_nearest,False,0.0029447078704833984,success
04970D3A9C4C84,0,['Arena'],Castelvecchio,"['Museo Lapidario', 'Verona Tour', 'Museo Radio', 'San Zeno', 'Sighseeing']",Santa Anastasia,strategy_nearest,False,0.004297018051147461,success
0497113A9C4C80,1,"['Arena', 'Torre Lamberti', 'Palazzo della Ragione', 'Santa Anastasia']",Teatro Romano,"['Duomo', 'AMO', 'Museo Conte', 'Centro Fotografia', 'Museo Miniscalchi']",Casa Giulietta,strategy_nearest,False,0.0026111602783203125,success
049711429C4C80,1,"['Arena', 'Castelvecchio']",Casa Giulietta,"['Centro Fotografia', 'Sighseeing', 'Torre Lamberti', 'Museo Conte', 'Museo Radio']",Palazzo della Ragione,strategy_nearest,False,0.002653837203979492,success
0497183A9C4C84,3,"['Arena', 'Santa Anastasia']",Duomo,"['AMO', 'Museo Miniscalchi', 'Teatro Romano', 'Palazzo della Ragione', 'Museo Conte']",Torre Lamberti,strategy_nearest,False,0.0025529861450195312,success
0497213A9C4C84,0,['Arena'],Duomo,"['AMO', 'Museo Miniscalchi', 'Santa Anastasia', 'Teatro Romano', 'Palazzo della Ragione']",Casa Giulietta,strategy_nearest,False,0.0037500858306884766,success
0497243A9C4C84,1,"['Arena', 'Torre Lamberti']",Palazzo della Ragione,"['AMO', 'Museo Conte', 'Centro Fotografia', 'Sighseeing', 'Santa Anastasia']",Santa Anastasia,strategy_nearest,True,0.0017049312591552734,success
0497253A9C4C84,1,"['Arena', 'Torre Lamberti', 'Palazzo della Ragione']",Santa Anastasia,"['AMO', 'Museo Conte', 'Teatro Romano', 'Centro Fotografia', 'Duomo']",Teatro Romano,strategy_nearest,True,0.0030851364135742188,success
049749429C4C80,0,"['Arena', 'Casa Giulietta']",Duomo,"['AMO', 'Museo Miniscalchi', 'Santa Anastasia', 'Teatro Romano', 'Palazzo della Ragione']",Teatro Romano,strategy_nearest,True,0.002610921859741211,success
0497383A9C4C80,3,['Arena'],Santa Anastasia,"['AMO', 'Museo Conte', 'Palazzo della Ragione', 'Teatro Romano', 'Centro Fotografia']",Duomo,strategy_nearest,False,0.003495931625366211,success
04973C429C4C80,1,"['Torre Lamberti', 'Palazzo della Ragione']",Santa Anastasia,"['AMO', 'Museo Conte', 'Teatro Romano', 'Centro Fotografia', 'Duomo']",Casa Giulietta,strategy_nearest,False,0.0021810531616210938,success
049748429C4C80,3,"['Arena', 'Casa Giulietta']",Torre Lamberti,"['Sighseeing', 'Centro Fotografia', 'Museo Conte', 'Palazzo della Ragione', 'AMO']",Duomo,strategy_nearest,False,0.003509998321533203,success
049750429C4C80,1,"['Arena', 'Casa Giulietta']",Palazzo della Ragione,"['AMO', 'Museo Conte', 'Torre Lamberti', 'Centro Fotografia', 'Sighseeing']",Torre Lamberti,strategy_nearest,True,0.0019979476928710938,success
04974A429C4C80,3,"['San Zeno', 'Arena']",Torre Lamberti,"['Sighseeing', 'Centro Fotografia', 'Museo Conte', 'Casa Giulietta', 'Palazzo della Ragione']",Duomo,strategy_nearest,False,0.00446009635925293,success
04974E429C4C80,2,"['Museo Lapidario', 'Castelvecchio']",Casa Giulietta,"['Centro Fotografia', 'Sighseeing', 'Torre Lamberti', 'Museo Conte', 'Museo Radio']",Palazzo della Ragione,strategy_nearest,False,0.0028760433197021484,success
0497553A9C4C80,3,"['Arena', 'Casa Giulietta']",Duomo,"['AMO', 'Museo Miniscalchi', 'Santa Anastasia', 'Teatro Romano', 'Palazzo della Ragione']",Santa Anastasia,strategy_nearest,True,0.0035500526428222656,success
049769C27B3F80,3,"['Arena', 'Torre Lamberti', 'Casa Giulietta']",Giardino Giusti,"['Santa Anastasia', 'Teatro Romano', 'Museo Conte', 'Centro Fotografia', 'Museo Storia']",Teatro Romano,strategy_nearest,True,0.002382993698120117,success
049770C27B3F80,1,"['Teatro Romano', 'Santa Anastasia', 'Torre Lamberti', 'Palazzo della Ragione', 'Casa Giulietta']",Arena,"['Verona Tour', 'Museo Lapidario', 'Museo Radio', 'San Fermo', 'Sighseeing']",Castelvecchio,strategy_nearest,False,0.0025708675384521484,success
04977A3A9C4C80,1,"['Arena', 'Casa Giulietta', 'Palazzo della Ragione']",Torre Lamberti,"['Sighseeing', 'Centro Fotografia', 'Museo Conte', 'AMO', 'Museo Miniscalchi']",Santa Anastasia,strategy_nearest,False,0.0029478073120117188,success
04976C429C4C80,0,['Arena'],Castelvecchio,"['Museo Lapidario', 'Verona Tour', 'Museo Radio', 'San Zeno', 'Sighseeing']",Museo Storia,strategy_nearest,False,0.0039789676666259766,success
049779429C4C80,0,['Arena'],Torre Lamberti,"['Sighseeing', 'Centro Fotografia', 'Museo Conte', 'Casa Giulietta', 'Palazzo della Ragione']",Teatro Romano,strategy_nearest,False,0.0018498897552490234,success
0497894A9C4C80,0,"['Arena', 'Torre Lamberti']",Casa Giulietta,"['Centro Fotografia', 'Sighseeing', 'Museo Conte', 'Museo Radio', 'Palazzo della Ragione']",Teatro Romano,strategy_nearest,False,0.002329111099243164,success
0497AF429C4C80,2,['Tomba Giulietta'],Teatro Romano,"['Santa Anastasia', 'Duomo', 'AMO', 'Palazzo della Ragione', 'Museo Conte']",Duomo,strategy_nearest,True,0.003398895263671875,success
0497803A9C4C80,3,['Arena'],Casa Giulietta,"['Centro Fotografia', 'Sighseeing', 'Torre Lamberti', 'Museo Conte', 'Museo Radio']",Santa Anastasia,strategy_nearest,False,0.002450227737426758,success
04979D429C4C80,0,"['Arena', 'Museo Lapidario']",Tomba Giulietta,"['San Fermo', 'Museo Storia', 'Museo Radio', 'Verona Tour', 'Casa Giulietta']",Casa Giulietta,strategy_nearest,True,0.0029408931732177734,success
0497C8429C4C80,0,['Arena'],Castelvecchio,"['Museo Lapidario', 'Verona Tour', 'Museo Radio', 'San Zeno', 'Sighseeing']",Teatro Romano,strategy_nearest,False,0.0024929046630859375,success
0497C3429C4C80,0,['Arena'],Santa Anastasia,"['AMO', 'Museo Conte', 'Palazzo della Ragione', 'Teatro Romano', 'Centro Fotografia']",Tomba Giulietta,strategy_nearest,False,0.003155946731567383,success
0497BB429C4C80,0,"['Arena', 'Torre Lamberti']",Casa Giulietta,"['Centro Fotografia', 'Sighseeing', 'Museo Conte', 'Museo Radio', 'Palazzo della Ragione']",Duomo,strategy_nearest,False,0.002560853958129883,success
0497CA429C4C80,0,"['Arena', 'Castelvecchio']",Casa Giulietta,"['Centro Fotografia', 'Sighseeing', 'Torre Lamberti', 'Museo Conte', 'Museo Radio']",Teatro Romano,strategy_nearest,False,0.0035479068756103516,success
0497DC3A9C4C80,2,['Castelvecchio'],Santa Anastasia,"['AMO', 'Museo Conte', 'Palazzo della Ragione', 'Teatro Romano', 'Centro Fotografia']",Torre Lamberti,strategy_nearest,False,0.0026302337646484375,success
0497D3429C4C80,3,"['Arena', 'Casa Giulietta', 'Santa Anastasia']",Torre Lamberti,"['Sighseeing', 'Centro Fotografia', 'Museo Conte', 'Palazzo della Ragione', 'AMO']",Castelvecchio,strategy_nearest,False,0.0020399093627929688,success
0497E13A9C4C80,3,"['Arena', 'Casa Giulietta']",Duomo,"['AMO', 'Museo Miniscalchi', 'Santa Anastasia', 'Teatro Romano', 'Palazzo della Ragione']",Torre Lamberti,strategy_nearest,False,0.003116130828857422,success
0497FE429C4C80,1,"['Arena', 'Torre Lamberti']",Palazzo della Ragione,"['AMO', 'Museo Conte', 'Centro Fotografia', 'Sighseeing', 'Santa Anastasia']",Santa Anastasia,strategy_nearest,True,0.0033211708068847656,success
0498053A9C4C84,3,['Teatro Romano'],Santa Anastasia,"['AMO', 'Museo Conte', 'Palazzo della Ragione', 'Centro Fotografia', 'Duomo']",Arena,strategy_nearest,False,0.002871990203857422,success
049808429C4C80,1,"['Arena', 'Santa Anastasia']",Torre Lamberti,"['Sighseeing', 'Centro Fotografia', 'Museo Conte', 'Casa Giulietta', 'Palazzo della Ragione']",Palazzo della Ragione,strategy_nearest,True,0.0031328201293945312,success
04980E3A9C4C84,1,"['Tomba Giulietta', 'Casa Giulietta', 'Torre Lamberti']",Palazzo della Ragione,"['AMO', 'Museo Conte', 'Centro Fotografia', 'Sighseeing', 'Santa Anastasia']",Teatro Romano,strategy_nearest,False,0.0024077892303466797,success
04980D429C4C80,1,['Arena'],Casa Giulietta,"['Centro Fotografia', 'Sighseeing', 'Torre Lamberti', 'Museo Conte', 'Museo Radio']",Torre Lamberti,strategy_nearest,True,0.002778768539428711,success
04980D4A9C4C80,1,"['Tomba Giulietta', 'Arena', 'Casa Giulietta', 'San Zeno', 'Castelvecchio']",Teatro Romano,"['Santa Anastasia', 'Duomo', 'AMO', 'Palazzo della Ragione', 'Museo Conte']",Torre Lamberti,strategy_nearest,False,0.0026397705078125,success
0498113A9C4C84,1,"['Arena', 'Tomba Giulietta', 'San Fermo']",Casa Giulietta,"['Centro Fotografia', 'Sighseeing', 'Torre Lamberti', 'Museo Conte', 'Museo Radio']",Santa Anastasia,strategy_nearest,False,0.0031769275665283203,success
0498163A9C4C84,0,['Arena'],Casa Giulietta,"['Centro Fotografia', 'Sighseeing', 'Torre Lamberti', 'Museo Conte', 'Museo Radio']",Castelvecchio,strategy_nearest,False,0.0022020339965820312,success
049815429C4C80,3,"['Arena', 'Torre Lamberti']",Casa Giulietta,"['Centro Fotografia', 'Sighseeing', 'Museo Conte', 'Museo Radio', 'Palazzo della Ragione']",Santa Anastasia,strategy_nearest,False,0.0035240650177001953,success
0498173A9C4C84,0,['Arena'],Casa Giulietta,"['Centro Fotografia', 'Sighseeing', 'Torre Lamberti', 'Museo Conte', 'Museo Radio']",Torre Lamberti,strategy_nearest,True,0.002498149871826172,success
049818429C4C84,0,['Castelvecchio'],Casa Giulietta,"['Centro Fotografia', 'Sighseeing', 'Torre Lamberti', 'Museo Conte', 'Museo Radio']",Arena,strategy_nearest,False,0.0019681453704833984,success
0498283A9C4C80,2,['San Fermo'],Santa Anastasia,"['AMO', 'Museo Conte', 'Palazzo della Ragione', 'Teatro Romano', 'Centro Fotografia']",Duomo,strategy_nearest,False,0.002050638198852539,success
049837429C4C80,1,"['Arena', 'Casa Giulietta', 'Santa Anastasia']",Duomo,"['AMO', 'Museo Miniscalchi', 'Teatro Romano', 'Palazzo della Ragione', 'Museo Conte']",Arena,strategy_nearest,False,0.0027348995208740234,success
0498393A9C4C80,3,"['Castelvecchio', 'Arena']",Casa Giulietta,"['Centro Fotografia', 'Sighseeing', 'Torre Lamberti', 'Museo Conte', 'Museo Radio']",Tomba Giulietta,strategy_nearest,False,0.003493070602416992,success
049847429C4C80,1,"['Arena', 'Casa Giulietta', 'Torre Lamberti', 'Palazzo della Ragione']",Santa Anastasia,"['AMO', 'Museo Conte', 'Teatro Romano', 'Centro Fotografia', 'Duomo']",Tomba Giulietta,strategy_nearest,False,0.002000093460083008,success
049840429C4C80,6,"['Casa Giulietta', 'Torre Lamberti', 'Palazzo della Ragione']",Santa Anastasia,"['AMO', 'Museo Conte', 'Teatro Romano', 'Centro Fotografia', 'Duomo']",Castelvecchio,strategy_nearest,False,0.0030922889709472656,success
0498503A9C4C80,0,['Arena'],Casa Giulietta,"['Centro Fotografia', 'Sighseeing', 'Torre Lamberti', 'Museo Conte', 'Museo Radio']",Teatro Romano,strategy_nearest,False,0.0030829906463623047,success
049852429C4C80,3,"['Arena', 'San Fermo']",Casa Giulietta,"['Centro Fotografia', 'Sighseeing', 'Torre Lamberti', 'Museo Conte', 'Museo Radio']",Torre Lamberti,strategy_nearest,True,0.0024230480194091797,success
04985F429C4C80,0,['Torre Lamberti'],Casa Giulietta,"['Centro Fotografia', 'Sighseeing', 'Museo Conte', 'Museo Radio', 'Palazzo della Ragione']",Arena,strategy_nearest,False,0.0029468536376953125,success
049862429C4C80,1,['Castelvecchio'],Arena,"['Verona Tour', 'Museo Lapidario', 'Museo Radio', 'San Fermo', 'Casa Giulietta']",Palazzo della Ragione,strategy_nearest,False,0.0018270015716552734,success
04986C429C4C80,3,"['Duomo', 'Santa Anastasia']",Torre Lamberti,"['Sighseeing', 'Centro Fotografia', 'Museo Conte', 'Casa Giulietta', 'Palazzo della Ragione']",Casa Giulietta,strategy_nearest,True,0.001806020736694336,success
049863429C4C80,3,"['Arena', 'San Fermo', 'Casa Giulietta']",Torre Lamberti,"['Sighseeing', 'Centro Fotografia', 'Museo Conte', 'Palazzo della Ragione', 'AMO']",Santa Anastasia,strategy_nearest,False,0.0037581920623779297,success
049879429C4C80,3,['Arena'],Casa Giulietta,"['Centro Fotografia', 'Sighseeing', 'Torre Lamberti', 'Museo Conte', 'Museo Radio']",Torre Lamberti,strategy_nearest,True,0.0030798912048339844,success
049870C27B3F80,0,"['Casa Giulietta', 'Torre Lamberti']",Arena,"['Verona Tour', 'Museo Lapidario', 'Museo Radio', 'San Fermo', 'Sighseeing']",Teatro Romano,strategy_nearest,False,0.002524852752685547,success
04987CC27B3F80,0,['Casa Giulietta'],Arena,"['Verona Tour', 'Museo Lapidario', 'Museo Radio', 'San Fermo', 'Sighseeing']",Castelvecchio,strategy_nearest,False,0.0026688575744628906,success
04987B3A9C4C80,1,"['Arena', 'Torre Lamberti', 'Palazzo della Ragione']",Santa Anastasia,"['AMO', 'Museo Conte', 'Teatro Romano', 'Centro Fotografia', 'Duomo']",Duomo,strategy_nearest,True,0.002747774124145508,success
04987D429C4C80,3,"['Arena', 'Casa Giulietta', 'Torre Lamberti']",Giardino Giusti,"['Santa Anastasia', 'Teatro Romano', 'Museo Conte', 'Centro Fotografia', 'Museo Storia']",Teatro Romano,strategy_nearest,True,0.002701997756958008,success
0498803A9C4C80,3,"['Arena', 'Torre Lamberti']",Casa Giulietta,"['Centro Fotografia', 'Sighseeing', 'Museo Conte', 'Museo Radio', 'Palazzo della Ragione']",Santa Anastasia,strategy_nearest,False,0.0026769638061523438,success
049880429C4C80,3,"['Casa Giulietta', 'Arena', 'Castelvecchio']",San Zeno,"['Verona Tour', 'Museo Lapidario', 'Museo Miniscalchi', 'Sighseeing', 'Museo Radio']",Duomo,strategy_nearest,False,0.0028030872344970703,success
0498874A9C4C80,0,['Arena'],Casa Giulietta,"['Centro Fotografia', 'Sighseeing', 'Torre Lamberti', 'Museo Conte', 'Museo Radio']",Castelvecchio,strategy_nearest,False,0.0030078887939453125,success
04988A3A9C4C80,1,"['Castelvecchio', 'Torre Lamberti', 'Palazzo della Ragione']",Casa Giulietta,"['Centro Fotografia', 'Sighseeing', 'Museo Conte', 'Museo Radio', 'San Fermo']",Arena,strategy_nearest,False,0.0024356842041015625,success
0498894A9C4C80,1,"['Castelvecchio', 'Arena']",Casa Giulietta,"['Centro Fotografia', 'Sighseeing', 'Torre Lamberti', 'Museo Conte', 'Museo Radio']",Palazzo della Ragione,strategy_nearest,False,0.003534078598022461,success
04988B429C4C80,1,"['Casa Giulietta', 'Palazzo della Ragione']",Torre Lamberti,"['Sighseeing', 'Centro Fotografia', 'Museo Conte', 'AMO', 'Museo Miniscalchi']",Santa Anastasia,strategy_nearest,False,0.0038089752197265625,success
04988C429C4C80,3,['Santa Anastasia'],Duomo,"['AMO', 'Museo Miniscalchi', 'Teatro Romano', 'Palazzo della Ragione', 'Museo Conte']",Castelvecchio,strategy_nearest,False,0.002523183822631836,success
04988FC27B3F80,0,['Casa Giulietta'],Arena,"['Verona Tour', 'Museo Lapidario', 'Museo Radio', 'San Fermo', 'Sighseeing']",Castelvecchio,strategy_nearest,False,0.003818035125732422,success
0498A7C27B3F80,0,"['Casa Giulietta', 'Torre Lamberti']",Arena,"['Verona Tour', 'Museo Lapidario', 'Museo Radio', 'San Fermo', 'Sighseeing']",Teatro Romano,strategy_nearest,False,0.0027780532836914062,success
04989C429C4C80,3,"['Arena', 'Casa Giulietta']",Tomba Giulietta,"['San Fermo', 'Museo Storia', 'Museo Lapidario', 'Museo Radio', 'Verona Tour']",Teatro Romano,strategy_nearest,False,0.0024352073669433594,success
0498A9429C4C80,3,"['Arena', 'Casa Giulietta']",Torre Lamberti,"['Sighseeing', 'Centro Fotografia', 'Museo Conte', 'Palazzo della Ragione', 'AMO']",Santa Anastasia,strategy_nearest,False,0.0020418167114257812,success
0498AD429C4C80,0,"['Arena', 'Museo Lapidario']",Castelvecchio,"['Verona Tour', 'Museo Radio', 'San Zeno', 'Sighseeing', 'Museo Miniscalchi']",Torre Lamberti,strategy_nearest,False,0.0022029876708984375,success
0498B43A9C4C80,1,"['Casa Giulietta', 'Palazzo della Ragione']",Torre Lamberti,"['Sighseeing', 'Centro Fotografia', 'Museo Conte', 'AMO', 'Museo Miniscalchi']",Teatro Romano,strategy_nearest,False,0.0028700828552246094,success
0498B0429C4C80,1,['Castelvecchio'],Casa Giulietta,"['Centro Fotografia', 'Sighseeing', 'Torre Lamberti', 'Museo Conte', 'Museo Radio']",Palazzo della Ragione,strategy_nearest,False,0.0038080215454101562,success
0498B6429C4C80,0,['Arena'],Torre Lamberti,"['Sighseeing', 'Centro Fotografia', 'Museo Conte', 'Casa Giulietta', 'Palazzo della Ragione']",Casa Giulietta,strategy_nearest,True,0.002398967742919922,success
0498B9429C4C80,1,"['Arena', 'Casa Giulietta']",Santa Anastasia,"['AMO', 'Museo Conte', 'Palazzo della Ragione', 'Teatro Romano', 'Centro Fotografia']",Palazzo della Ragione,strategy_nearest,True,0.0037567615509033203,success
0498B9C27B3F80,0,"['Casa Giulietta', 'Torre Lamberti']",Arena,"['Verona Tour', 'Museo Lapidario', 'Museo Radio', 'San Fermo', 'Sighseeing']",Teatro Romano,strategy_nearest,False,0.0020639896392822266,success
0498C1429C4C80,0,"['Casa Giulietta', 'Casa Giulietta', 'Torre Lamberti']",Duomo,"['AMO', 'Museo Miniscalchi', 'Santa Anastasia', 'Teatro Romano', 'Palazzo della Ragione']",Castelvecchio,strategy_nearest,False,0.0023970603942871094,success
0498BB429C4C80,0,['Arena'],Castelvecchio,"['Museo Lapidario', 'Verona Tour', 'Museo Radio', 'San Zeno', 'Sighseeing']",Casa Giulietta,strategy_nearest,False,0.0034897327423095703,success
0498C7429C4C80,1,"['Torre Lamberti', 'Palazzo della Ragione', 'Casa Giulietta']",Tomba Giulietta,"['San Fermo', 'Museo Storia', 'Arena', 'Museo Lapidario', 'Museo Radio']",Castelvecchio,strategy_nearest,False,0.0037331581115722656,success
0498C93A9C4C80,3,"['Arena', 'Casa Giulietta']",Torre Lamberti,"['Sighseeing', 'Centro Fotografia', 'Museo Conte', 'Palazzo della Ragione', 'AMO']",Santa Anastasia,strategy_nearest,False,0.0030241012573242188,success
0498CD3A9C4C80,3,"['Santa Anastasia', 'Duomo']",Teatro Romano,"['AMO', 'Palazzo della Ragione', 'Museo Conte', 'Centro Fotografia', 'Museo Miniscalchi']",Arena,strategy_nearest,False,0.0040209293365478516,success
0498E03A9C4C80,3,"['Arena', 'Casa Giulietta', 'Santa Anastasia']",Giardino Giusti,"['Teatro Romano', 'Museo Conte', 'Centro Fotografia', 'Museo Storia', 'AMO']",Teatro Romano,strategy_nearest,True,0.0026390552520751953,success
0498E13A9C4C80,1,"['Arena', 'Casa Giulietta', 'Torre Lamberti', 'Palazzo della Ragione']",San Zeno,"['Castelvecchio', 'Verona Tour', 'Museo Lapidario', 'Museo Miniscalchi', 'Sighseeing']",Castelvecchio,strategy_nearest,True,0.002914905548095703,success
0498E83A9C4C80,1,"['Arena', 'Casa Giulietta']",Palazzo della Ragione,"['AMO', 'Museo Conte', 'Torre Lamberti', 'Centro Fotografia', 'Sighseeing']",Torre Lamberti,strategy_nearest,True,0.002907276153564453,success
0498E53A9C4C80,0,['Tomba Giulietta'],Arena,"['Verona Tour', 'Museo Lapidario', 'Museo Radio', 'San Fermo', 'Casa Giulietta']",Casa Giulietta,strategy_nearest,True,0.002894878387451172,success
0498F63A9C4C80,2,['Castelvecchio'],Casa Giulietta,"['Centro Fotografia', 'Sighseeing', 'Torre Lamberti', 'Museo Conte', 'Museo Radio']",Torre Lamberti,strategy_nearest,True,0.0035932064056396484,success
0498FB429C4C80,1,"['Castelvecchio', 'San Zeno']",Torre Lamberti,"['Sighseeing', 'Centro Fotografia', 'Museo Conte', 'Casa Giulietta', 'Palazzo della Ragione']",Palazzo della Ragione,strategy_nearest,True,0.0021011829376220703,success
0499083A9C4C84,3,"['Torre Lamberti', 'Santa Anastasia']",Duomo,"['AMO', 'Museo Miniscalchi', 'Teatro Romano', 'Palazzo della Ragione', 'Museo Conte']",Arena,strategy_nearest,False,0.002691984176635742,success
0498FA3A9C4C80,0,['Arena'],Casa Giulietta,"['Centro Fotografia', 'Sighseeing', 'Torre Lamberti', 'Museo Conte', 'Museo Radio']",Teatro Romano,strategy_nearest,False,0.0022962093353271484,success
049912429C4C80,3,"['Arena', 'Castelvecchio', 'Casa Giulietta']",Torre Lamberti,"['Sighseeing', 'Centro Fotografia', 'Museo Conte', 'Palazzo della Ragione', 'AMO']",Santa Anastasia,strategy_nearest,False,0.0027790069580078125,success
04990D429C4C80,0,['Arena'],Casa Giulietta,"['Centro Fotografia', 'Sighseeing', 'Torre Lamberti', 'Museo Conte', 'Museo Radio']",Castelvecchio,strategy_nearest,False,0.0020742416381835938,success
04990D3A9C4C84,0,['Arena'],Santa Anastasia,"['AMO', 'Museo Conte', 'Palazzo della Ragione', 'Teatro Romano', 'Centro Fotografia']",Castelvecchio,strategy_nearest,False,0.002986907958984375,success
0499153A9C4C80,1,"['Teatro Romano', 'Santa Anastasia', 'Torre Lamberti', 'Palazzo della Ragione']",Casa Giulietta,"['Centro Fotografia', 'Sighseeing', 'Museo Conte', 'Museo Radio', 'San Fermo']",San Fermo,strategy_nearest,True,0.0032601356506347656,success
04991C3A9C4C80,0,"['Museo Lapidario', 'Castelvecchio']",Arena,"['Verona Tour', 'Museo Radio', 'San Fermo', 'Casa Giulietta', 'Sighseeing']",Torre Lamberti,strategy_nearest,False,0.002026081085205078,success
0499163A9C4C80,0,['Casa Giulietta'],Torre Lamberti,"['Sighseeing', 'Centro Fotografia', 'Museo Conte', 'Palazzo della Ragione', 'AMO']",Duomo,strategy_nearest,False,0.002711057662963867,success
0499223A9C4C84,0,['Arena'],Torre Lamberti,"['Sighseeing', 'Centro Fotografia', 'Museo Conte', 'Casa Giulietta', 'Palazzo della Ragione']",Casa Giulietta,strategy_nearest,True,0.0033559799194335938,success
04991F4A9C4C80,1,"['Arena', 'Casa Giulietta', 'San Fermo', 'San Zeno']",Castelvecchio,"['Museo Lapidario', 'Verona Tour', 'Museo Radio', 'Sighseeing', 'Museo Miniscalchi']",Torre Lamberti,strategy_nearest,False,0.0033349990844726562,success
0499233A9C4C84,1,"['Torre Lamberti', 'Palazzo della Ragione']",Casa Giulietta,"['Centro Fotografia', 'Sighseeing', 'Museo Conte', 'Museo Radio', 'San Fermo']",Duomo,strategy_nearest,False,0.002578258514404297,success
0499273A9C4C84,0,['Arena'],Casa Giulietta,"['Centro Fotografia', 'Sighseeing', 'Torre Lamberti', 'Museo Conte', 'Museo Radio']",Duomo,strategy_nearest,False,0.002552032470703125,success
0499383A9C4C80,0,['Santa Anastasia'],Arena,"['Verona Tour', 'Museo Lapidario', 'Museo Radio', 'San Fermo', 'Casa Giulietta']",Casa Giulietta,strategy_nearest,True,0.0032529830932617188,success
04993B3A9C4C80,3,"['Arena', 'Casa Giulietta', 'Torre Lamberti']",Santa Anastasia,"['AMO', 'Museo Conte', 'Palazzo della Ragione', 'Teatro Romano', 'Centro Fotografia']",Giardino Giusti,strategy_nearest,False,0.0036439895629882812,success
049962429C4C80,0,['Arena'],Casa Giulietta,"['Centro Fotografia', 'Sighseeing', 'Torre Lamberti', 'Museo Conte', 'Museo Radio']",Castelvecchio,strategy_nearest,False,0.003809213638305664,success
049963429C4C80,0,['Arena'],Torre Lamberti,"['Sighseeing', 'Centro Fotografia', 'Museo Conte', 'Casa Giulietta', 'Palazzo della Ragione']",Teatro Romano,strategy_nearest,False,0.002454996109008789,success
049969429C4C80,3,"['Arena', 'Casa Giulietta']",Torre Lamberti,"['Sighseeing', 'Centro Fotografia', 'Museo Conte', 'Palazzo della Ragione', 'AMO']",Santa Anastasia,strategy_nearest,False,0.0015861988067626953,success
04996B429C4C80,3,"['Castelvecchio', 'San Zeno']",Santa Anastasia,"['AMO', 'Museo Conte', 'Palazzo della Ragione', 'Teatro Romano', 'Centro Fotografia']",Duomo,strategy_nearest,False,0.0037708282470703125,success
04997B3A9C4C80,0,['Arena'],Casa Giulietta,"['Centro Fotografia', 'Sighseeing', 'Torre Lamberti', 'Museo Conte', 'Museo Radio']",Torre Lamberti,strategy_nearest,True,0.0018990039825439453,success
049972429C4C80,1,"['Arena', 'Casa Giulietta']",Palazzo della Ragione,"['AMO', 'Museo Conte', 'Torre Lamberti', 'Centro Fotografia', 'Sighseeing']",Torre Lamberti,strategy_nearest,True,0.0027458667755126953,success
0499904A9C4C80,3,['Arena'],Santa Anastasia,"['AMO', 'Museo Conte', 'Palazzo della Ragione', 'Teatro Romano', 'Centro Fotografia']",Giardino Giusti,strategy_nearest,False,0.0031502246856689453,success
04997E3A9C4C80,0,['Arena'],Castelvecchio,"['Museo Lapidario', 'Verona Tour', 'Museo Radio', 'San Zeno', 'Sighseeing']",Duomo,strategy_nearest,False,0.0026750564575195312,success
0499A63A9C4C80,1,"['Palazzo della Ragione', 'Torre Lamberti']",Casa Giulietta,"['Centro Fotografia', 'Sighseeing', 'Museo Conte', 'Museo Radio', 'San Fermo']",Teatro Romano,strategy_nearest,False,0.0024449825286865234,success
0499A772743380,3,"['San Fermo', 'Arena', 'Castelvecchio', 'Casa Giulietta']",Duomo,"['AMO', 'Museo Miniscalchi', 'Santa Anastasia', 'Teatro Romano', 'Palazzo della Ragione']",Teatro Romano,strategy_nearest,True,0.002480030059814453,success
0499B13A9C4C80,1,['Arena'],Palazzo della Ragione,"['AMO', 'Museo Conte', 'Torre Lamberti', 'Centro Fotografia', 'Sighseeing']",Torre Lamberti,strategy_nearest,True,0.002022266387939453,success
0499B8429C4C80,3,"['Arena', 'Casa Giulietta']",Teatro Romano,"['Santa Anastasia', 'Duomo', 'AMO', 'Palazzo della Ragione', 'Museo Conte']",Santa Anastasia,strategy_nearest,True,0.003287792205810547,success
0499AB429C4C80,0,['Arena'],Casa Giulietta,"['Centro Fotografia', 'Sighseeing', 'Torre Lamberti', 'Museo Conte', 'Museo Radio']",Teatro Romano,strategy_nearest,False,0.0034809112548828125,success
0499BE429C4C80,1,"['Arena', 'Palazzo della Ragione', 'Torre Lamberti']",Casa Giulietta,"['Centro Fotografia', 'Sighseeing', 'Museo Conte', 'Museo Radio', 'San Fermo']",Castelvecchio,strategy_nearest,False,0.0031511783599853516,success
0499C93A9C4C80,3,['Arena'],Casa Giulietta,"['Centro Fotografia', 'Sighseeing', 'Torre Lamberti', 'Museo Conte', 'Museo Radio']",Santa Anastasia,strategy_nearest,False,0.0026397705078125,success
0499C83A9C4C80,1,"['Casa Giulietta', 'Arena', 'Tomba Giulietta']",Torre Lamberti,"['Sighseeing', 'Centro Fotografia', 'Museo Conte', 'Palazzo della Ragione', 'AMO']",Palazzo della Ragione,strategy_nearest,True,0.0026509761810302734,success
0499D2429C4C80,3,"['Arena', 'Castelvecchio', 'San Zeno', 'Tomba Giulietta']",San Fermo,"['Museo Storia', 'Museo Radio', 'Casa Giulietta', 'Centro Fotografia', 'Sighseeing']",Casa Giulietta,strategy_nearest,True,0.0033111572265625,success
0499DB3A9C4C80,2,"['Torre Lamberti', 'Museo Storia', 'Tomba Giulietta']",Castelvecchio,"['Museo Lapidario', 'Verona Tour', 'Arena', 'Museo Radio', 'San Zeno']",Casa Giulietta,strategy_nearest,False,0.002657175064086914,success
0499DF429C4C80,1,"['Arena', 'Santa Anastasia', 'Teatro Romano', 'San Fermo', 'San Zeno']",Museo Lapidario,"['Verona Tour', 'Castelvecchio', 'Museo Radio', 'Casa Giulietta', 'Tomba Giulietta']",Castelvecchio,strategy_nearest,True,0.002835988998413086,success
0499DBC27B3F80,3,"['Castelvecchio', 'Arena', 'San Fermo']",Casa Giulietta,"['Centro Fotografia', 'Sighseeing', 'Torre Lamberti', 'Museo Conte', 'Museo Radio']",Torre Lamberti,strategy_nearest,True,0.0027751922607421875,success
0499E53A9C4C80,3,"['Arena', 'Torre Lamberti', 'Casa Giulietta']",Teatro Romano,"['Santa Anastasia', 'Duomo', 'AMO', 'Palazzo della Ragione', 'Museo Conte']",Duomo,strategy_nearest,True,0.003229856491088867,success
0499FB3A9C4C80,3,['Teatro Romano'],Santa Anastasia,"['AMO', 'Museo Conte', 'Palazzo della Ragione', 'Centro Fotografia', 'Duomo']",Arena,strategy_nearest,False,0.0026531219482421875,success
049A073A9C4C84,0,['Torre Lamberti'],Casa Giulietta,"['Centro Fotografia', 'Sighseeing', 'Museo Conte', 'Museo Radio', 'Palazzo della Ragione']",Arena,strategy_nearest,False,0.0018389225006103516,success
049A0B429C4C80,0,['Arena'],Casa Giulietta,"['Centro Fotografia', 'Sighseeing', 'Torre Lamberti', 'Museo Conte', 'Museo Radio']",Torre Lamberti,strategy_nearest,True,0.003721952438354492,success
049A0E429C4C80,3,"['Arena', 'Casa Giulietta']",Torre Lamberti,"['Sighseeing', 'Centro Fotografia', 'Museo Conte', 'Palazzo della Ragione', 'AMO']",Teatro Romano,strategy_nearest,False,0.0039730072021484375,success
049A153A9C4C84,0,"['Arena', 'Casa Giulietta']",Santa Anastasia,"['AMO', 'Museo Conte', 'Palazzo della Ragione', 'Teatro Romano', 'Centro Fotografia']",Tomba Giulietta,strategy_nearest,False,0.0031099319458007812,success
049A12429C4C80,1,"['Arena', 'Torre Lamberti']",Palazzo della Ragione,"['AMO', 'Museo Conte', 'Centro Fotografia', 'Sighseeing', 'Santa Anastasia']",Casa Giulietta,strategy_nearest,False,0.001950979232788086,success
049A163A9C4C80,0,"['Arena', 'Casa Giulietta']",Torre Lamberti,"['Sighseeing', 'Centro Fotografia', 'Museo Conte', 'Palazzo della Ragione', 'AMO']",Duomo,strategy_nearest,False,0.0026078224182128906,success
049A1DC27B3F80,3,"['Castelvecchio', 'Arena', 'San Fermo']",Casa Giulietta,"['Centro Fotografia', 'Sighseeing', 'Torre Lamberti', 'Museo Conte', 'Museo Radio']",Torre Lamberti,strategy_nearest,True,0.0026247501373291016,success
049A1C429C4C80,0,['Arena'],Museo Lapidario,"['Verona Tour', 'Castelvecchio', 'Museo Radio', 'San Fermo', 'Casa Giulietta']",Tomba Giulietta,strategy_nearest,False,0.001989126205444336,success
049A1E3A9C4C84,3,"['Arena', 'Casa Giulietta']",Torre Lamberti,"['Sighseeing', 'Centro Fotografia', 'Museo Conte', 'Palazzo della Ragione', 'AMO']",Duomo,strategy_nearest,False,0.003988027572631836,success
049A223A9C4C84,3,"['Arena', 'Santa Anastasia']",Duomo,"['AMO', 'Museo Miniscalchi', 'Teatro Romano', 'Palazzo della Ragione', 'Museo Conte']",Teatro Romano,strategy_nearest,True,0.00257110595703125,success
049A20429C4C84,3,"['Castelvecchio', 'Arena']",Santa Anastasia,"['AMO', 'Museo Conte', 'Palazzo della Ragione', 'Teatro Romano', 'Centro Fotografia']",Torre Lamberti,strategy_nearest,False,0.002371072769165039,success
049A24C27B3F80,3,"['San Zeno', 'Castelvecchio', 'Arena']",San Fermo,"['Museo Storia', 'Museo Radio', 'Casa Giulietta', 'Centro Fotografia', 'Sighseeing']",Casa Giulietta,strategy_nearest,True,0.002782106399536133,success
049A263A9C4C84,1,"['Arena', 'Casa Giulietta']",Palazzo della Ragione,"['AMO', 'Museo Conte', 'Torre Lamberti', 'Centro Fotografia', 'Sighseeing']",Torre Lamberti,strategy_nearest,True,0.002707958221435547,success
049A234A9C4C80,2,"['Tomba Giulietta', 'San Fermo']",Duomo,"['AMO', 'Museo Miniscalchi', 'Santa Anastasia', 'Teatro Romano', 'Palazzo della Ragione']",San Zeno,strategy_nearest,False,0.002012968063354492,success
049A2A3A9C4C80,1,"['Museo Lapidario', 'Arena', 'Castelvecchio']",Casa Giulietta,"['Centro Fotografia', 'Sighseeing', 'Torre Lamberti', 'Museo Conte', 'Museo Radio']",Palazzo della Ragione,strategy_nearest,False,0.0031991004943847656,success
049A4B3A9C4C80,3,"['Arena', 'Torre Lamberti', 'Santa Anastasia']",Castelvecchio,"['Museo Lapidario', 'Verona Tour', 'Museo Radio', 'San Zeno', 'Sighseeing']",Casa Giulietta,strategy_nearest,False,0.002732992172241211,success
049A393A9C4C80,3,"['Casa Giulietta', 'Torre Lamberti', 'Santa Anastasia']",Duomo,"['AMO', 'Museo Miniscalchi', 'Teatro Romano', 'Palazzo della Ragione', 'Museo Conte']",Castelvecchio,strategy_nearest,False,0.0028069019317626953,success
049A513A9C4C80,3,"['Arena', 'Casa Giulietta', 'Santa Anastasia', 'Duomo']",Giardino Giusti,"['Teatro Romano', 'Museo Conte', 'Centro Fotografia', 'Museo Storia', 'AMO']",Teatro Romano,strategy_nearest,True,0.00335693359375,success
049A3D3A9C4C80,1,"['Castelvecchio', 'Tomba Giulietta', 'San Fermo', 'Casa Giulietta']",Santa Anastasia,"['AMO', 'Museo Conte', 'Palazzo della Ragione', 'Teatro Romano', 'Centro Fotografia']",Duomo,strategy_nearest,False,0.0028009414672851562,success
049A61429C4C80,0,['Torre Lamberti'],Casa Giulietta,"['Centro Fotografia', 'Sighseeing', 'Museo Conte', 'Museo Radio', 'Palazzo della Ragione']",Arena,strategy_nearest,False,0.0020258426666259766,success
049A77429C4C80,0,"['Arena', 'Castelvecchio']",Casa Giulietta,"['Centro Fotografia', 'Sighseeing', 'Torre Lamberti', 'Museo Conte', 'Museo Radio']",Teatro Romano,strategy_nearest,False,0.002696990966796875,success
049A713A9C4C80,0,['Arena'],Casa Giulietta,"['Centro Fotografia', 'Sighseeing', 'Torre Lamberti', 'Museo Conte', 'Museo Radio']",San Fermo,strategy_nearest,False,0.002778768539428711,success
049A7A429C4C80,3,"['Arena', 'Casa Giulietta']",Torre Lamberti,"['Sighseeing', 'Centro Fotografia', 'Museo Conte', 'Palazzo della Ragione', 'AMO']",Santa Anastasia,strategy_nearest,False,0.003361940383911133,success
049A90429C4C80,0,"['Arena', 'Torre Lamberti']",Teatro Romano,"['Santa Anastasia', 'Duomo', 'AMO', 'Palazzo della Ragione', 'Museo Conte']",Casa Giulietta,strategy_nearest,False,0.0019240379333496094,success
049AA54A9C4C80,2,['Castelvecchio'],Duomo,"['AMO', 'Museo Miniscalchi', 'Santa Anastasia', 'Teatro Romano', 'Palazzo della Ragione']",Santa Anastasia,strategy_nearest,True,0.0033309459686279297,success
049A8F429C4C80,0,['Torre Lamberti'],Castelvecchio,"['Museo Lapidario', 'Verona Tour', 'Arena', 'Museo Radio', 'San Zeno']",Arena,strategy_nearest,True,0.004770994186401367,success
049A944A9C4C80,1,"['Arena', 'Duomo']",Palazzo della Ragione,"['AMO', 'Museo Conte', 'Torre Lamberti', 'Centro Fotografia', 'Sighseeing']",Torre Lamberti,strategy_nearest,True,0.003361940383911133,success
049AB13A9C4C80,1,"['Arena', 'Torre Lamberti']",Palazzo della Ragione,"['AMO', 'Museo Conte', 'Centro Fotografia', 'Sighseeing', 'Santa Anastasia']",Casa Giulietta,strategy_nearest,False,0.0022170543670654297,success
049AB5429C4C80,3,"['Arena', 'Casa Giulietta']",Torre Lamberti,"['Sighseeing', 'Centro Fotografia', 'Museo Conte', 'Palazzo della Ragione', 'AMO']",Santa Anastasia,strategy_nearest,False,0.0014069080352783203,success
049AB8429C4C80,3,"['Arena', 'Castelvecchio', 'Casa Giulietta']",Torre Lamberti,"['Sighseeing', 'Centro Fotografia', 'Museo Conte', 'Palazzo della Ragione', 'AMO']",Teatro Romano,strategy_nearest,False,0.002778768539428711,success
049AB9429C4C80,0,['Arena'],Casa Giulietta,"['Centro Fotografia', 'Sighseeing', 'Torre Lamberti', 'Museo Conte', 'Museo Radio']",Torre Lamberti,strategy_nearest,True,0.00138092041015625,success
049AC6429C4C80,0,['Arena'],Casa Giulietta,"['Centro Fotografia', 'Sighseeing', 'Torre Lamberti', 'Museo Conte', 'Museo Radio']",Santa Anastasia,strategy_nearest,False,0.0024640560150146484,success
049ABE429C4C80,3,"['Arena', 'Casa Giulietta']",Torre Lamberti,"['Sighseeing', 'Centro Fotografia', 'Museo Conte', 'Palazzo della Ragione', 'AMO']",Teatro Romano,strategy_nearest,False,0.0031871795654296875,success
049ABC429C4C80,0,"['Arena', 'Torre Lamberti']",Casa Giulietta,"['Centro Fotografia', 'Sighseeing', 'Museo Conte', 'Museo Radio', 'Palazzo della Ragione']",Castelvecchio,strategy_nearest,False,0.0026102066040039062,success
049AC23A9C4C80,0,['Santa Anastasia'],Arena,"['Verona Tour', 'Museo Lapidario', 'Museo Radio', 'San Fermo', 'Casa Giulietta']",Castelvecchio,strategy_nearest,False,0.003555774688720703,success
049AC93A9C4C80,3,['Arena'],Casa Giulietta,"['Centro Fotografia', 'Sighseeing', 'Torre Lamberti', 'Museo Conte', 'Museo Radio']",Santa Anastasia,strategy_nearest,False,0.0033888816833496094,success
049ACF429C4C80,1,"['Torre Lamberti', 'Palazzo della Ragione']",Casa Giulietta,"['Centro Fotografia', 'Sighseeing', 'Museo Conte', 'Museo Radio', 'San Fermo']",Museo Storia,strategy_nearest,False,0.002115964889526367,success
049ACC429C4C80,3,"['Teatro Romano', 'Casa Giulietta', 'Arena']",Torre Lamberti,"['Sighseeing', 'Centro Fotografia', 'Museo Conte', 'Palazzo della Ragione', 'AMO']",Castelvecchio,strategy_nearest,False,0.0021140575408935547,success
049AD53A9C4C80,0,"['Arena', 'Casa Giulietta']",Tomba Giulietta,"['San Fermo', 'Museo Storia', 'Museo Lapidario', 'Museo Radio', 'Verona Tour']",Torre Lamberti,strategy_nearest,False,0.0032570362091064453,success
049ADD3A9C4C80,3,"['Castelvecchio', 'Duomo']",Santa Anastasia,"['AMO', 'Museo Conte', 'Palazzo della Ragione', 'Teatro Romano', 'Centro Fotografia']",Casa Giulietta,strategy_nearest,False,0.0019021034240722656,success
049AE3429C4C80,1,"['Castelvecchio', 'San Zeno']",Torre Lamberti,"['Sighseeing', 'Centro Fotografia', 'Museo Conte', 'Casa Giulietta', 'Palazzo della Ragione']",Palazzo della Ragione,strategy_nearest,True,0.0024230480194091797,success
049AF1429C4C80,1,"['Castelvecchio', 'Duomo', 'Palazzo della Ragione', 'San Fermo']",Teatro Romano,"['Santa Anastasia', 'AMO', 'Museo Conte', 'Centro Fotografia', 'Museo Miniscalchi']",Torre Lamberti,strategy_nearest,False,0.0028731822967529297,success
049AF63A9C4C80,3,"['Arena', 'Casa Giulietta']",Torre Lamberti,"['Sighseeing', 'Centro Fotografia', 'Museo Conte', 'Palazzo della Ragione', 'AMO']",Santa Anastasia,strategy_nearest,False,0.00342559814453125,success
049AFA3A9C4C80,3,"['Torre Lamberti', 'Duomo']",Santa Anastasia,"['AMO', 'Museo Conte', 'Palazzo della Ragione', 'Teatro Romano', 'Centro Fotografia']",Casa Giulietta,strategy_nearest,False,0.0026040077209472656,success
049AFD3A9C4C80,3,"['Santa Anastasia', 'Duomo']",Casa Giulietta,"['Centro Fotografia', 'Sighseeing', 'Torre Lamberti', 'Museo Conte', 'Museo Radio']",Arena,strategy_nearest,False,0.002735137939453125,success
049AF93A9C4C80,1,"['Arena', 'Torre Lamberti']",Palazzo della Ragione,"['AMO', 'Museo Conte', 'Centro Fotografia', 'Sighseeing', 'Santa Anastasia']",Santa Anastasia,strategy_nearest,True,0.004134178161621094,success
049B023A9C4C84,0,['Arena'],Castelvecchio,"['Museo Lapidario', 'Verona Tour', 'Museo Radio', 'San Zeno', 'Sighseeing']",Teatro Romano,strategy_nearest,False,0.003283977508544922,success
049B07429C4C80,3,"['Santa Anastasia', 'Duomo']",Casa Giulietta,"['Centro Fotografia', 'Sighseeing', 'Torre Lamberti', 'Museo Conte', 'Museo Radio']",Arena,strategy_nearest,False,0.0030226707458496094,success
049B0F429C4C84,0,"['Arena', 'Giardino Giusti']",Teatro Romano,"['Santa Anastasia', 'Duomo', 'AMO', 'Palazzo della Ragione', 'Museo Conte']",Duomo,strategy_nearest,True,0.001962900161743164,success
049B0F429C4C80,0,['Arena'],Casa Giulietta,"['Centro Fotografia', 'Sighseeing', 'Torre Lamberti', 'Museo Conte', 'Museo Radio']",Teatro Romano,strategy_nearest,False,0.002674102783203125,success
049B10429C4C80,1,['Arena'],Casa Giulietta,"['Centro Fotografia', 'Sighseeing', 'Torre Lamberti', 'Museo Conte', 'Museo Radio']",Torre Lamberti,strategy_nearest,True,0.00279998779296875,success
049B163A9C4C80,3,"['Arena', 'Torre Lamberti']",Santa Anastasia,"['AMO', 'Museo Conte', 'Palazzo della Ragione', 'Teatro Romano', 'Centro Fotografia']",Duomo,strategy_nearest,False,0.0029768943786621094,success
049B113A9C4C84,3,"['Castelvecchio', 'Arena']",Casa Giulietta,"['Centro Fotografia', 'Sighseeing', 'Torre Lamberti', 'Museo Conte', 'Museo Radio']",Santa Anastasia,strategy_nearest,False,0.0034050941467285156,success
049B1F3A9C4C84,3,['Arena'],Santa Anastasia,"['AMO', 'Museo Conte', 'Palazzo della Ragione', 'Teatro Romano', 'Centro Fotografia']",Casa Giulietta,strategy_nearest,False,0.0018780231475830078,success
049B183A9C4C84,3,"['Arena', 'Torre Lamberti', 'Casa Giulietta']",San Zeno,"['Castelvecchio', 'Verona Tour', 'Museo Lapidario', 'Museo Miniscalchi', 'Sighseeing']",Castelvecchio,strategy_nearest,True,0.0031630992889404297,success
049B17429C4C80,1,"['Torre Lamberti', 'Palazzo della Ragione']",Santa Anastasia,"['AMO', 'Museo Conte', 'Teatro Romano', 'Centro Fotografia', 'Duomo']",Arena,strategy_nearest,False,0.0028460025787353516,success
049B213A9C4C84,0,['Arena'],Torre Lamberti,"['Sighseeing', 'Centro Fotografia', 'Museo Conte', 'Casa Giulietta', 'Palazzo della Ragione']",Casa Giulietta,strategy_nearest,True,0.0031599998474121094,success
049B24429C4C84,3,"['Arena', 'San Zeno', 'Castelvecchio']",Duomo,"['AMO', 'Museo Miniscalchi', 'Santa Anastasia', 'Teatro Romano', 'Palazzo della Ragione']",Teatro Romano,strategy_nearest,True,0.001950979232788086,success
049B203A9C4C80,2,['Castelvecchio'],Teatro Romano,"['Santa Anastasia', 'Duomo', 'AMO', 'Palazzo della Ragione', 'Museo Conte']",Santa Anastasia,strategy_nearest,True,0.003765106201171875,success
049B253A9C4C80,0,['Arena'],Torre Lamberti,"['Sighseeing', 'Centro Fotografia', 'Museo Conte', 'Casa Giulietta', 'Palazzo della Ragione']",Castelvecchio,strategy_nearest,False,0.002413034439086914,success
049B2A3A9C4C80,3,"['Arena', 'Santa Anastasia']",Duomo,"['AMO', 'Museo Miniscalchi', 'Teatro Romano', 'Palazzo della Ragione', 'Museo Conte']",San Zeno,strategy_nearest,False,0.0026476383209228516,success
049B294A9C4C80,0,['Arena'],Torre Lamberti,"['Sighseeing', 'Centro Fotografia', 'Museo Conte', 'Casa Giulietta', 'Palazzo della Ragione']",Casa Giulietta,strategy_nearest,True,0.0015017986297607422,success
049B293A9C4C80,3,"['Arena', 'Santa Anastasia']",Teatro Romano,"['Duomo', 'AMO', 'Palazzo della Ragione', 'Museo Conte', 'Centro Fotografia']",Casa Giulietta,strategy_nearest,False,0.0021209716796875,success
049B273A9C4C80,3,['Castelvecchio'],Arena,"['Verona Tour', 'Museo Lapidario', 'Museo Radio', 'San Fermo', 'Casa Giulietta']",Santa Anastasia,strategy_nearest,False,0.0034139156341552734,success
049B4A429C4C80,0,"['Arena', 'Casa Giulietta']",Duomo,"['AMO', 'Museo Miniscalchi', 'Santa Anastasia', 'Teatro Romano', 'Palazzo della Ragione']",Teatro Romano,strategy_nearest,True,0.0022499561309814453,success
049B2B3A9C4C80,0,"['Arena', 'Castelvecchio']",Casa Giulietta,"['Centro Fotografia', 'Sighseeing', 'Torre Lamberti', 'Museo Conte', 'Museo Radio']",Torre Lamberti,strategy_nearest,True,0.002087116241455078,success
049B4B3A9C4C80,3,"['Arena', 'Museo Lapidario', 'San Fermo', 'Casa Giulietta']",Torre Lamberti,"['Sighseeing', 'Centro Fotografia', 'Museo Conte', 'Palazzo della Ragione', 'AMO']",Santa Anastasia,strategy_nearest,False,0.002479076385498047,success
049B323A9C4C80,3,"['Torre Lamberti', 'Duomo', 'Santa Anastasia']",Arena,"['Verona Tour', 'Museo Lapidario', 'Museo Radio', 'San Fermo', 'Casa Giulietta']",San Fermo,strategy_nearest,True,0.004369258880615234,success
049B53429C4C80,3,['Arena'],Santa Anastasia,"['AMO', 'Museo Conte', 'Palazzo della Ragione', 'Teatro Romano', 'Centro Fotografia']",Teatro Romano,strategy_nearest,True,0.0026199817657470703,success
049B68429C4C80,1,"['Castelvecchio', 'Torre Lamberti', 'Palazzo della Ragione']",Museo Storia,"['San Fermo', 'Museo Radio', 'Casa Giulietta', 'Centro Fotografia', 'Tomba Giulietta']",Teatro Romano,strategy_nearest,False,0.0032341480255126953,success
049B59429C4C80,0,['Arena'],Castelvecchio,"['Museo Lapidario', 'Verona Tour', 'Museo Radio', 'San Zeno', 'Sighseeing']",Casa Giulietta,strategy_nearest,False,0.002613067626953125,success
049B793A9C4C80,0,"['Casa Giulietta', 'Arena']",Torre Lamberti,"['Sighseeing', 'Centro Fotografia', 'Museo Conte', 'Palazzo della Ragione', 'AMO']",Teatro Romano,strategy_nearest,False,0.0024161338806152344,success
049B7C429C4C80,0,"['Arena', 'Museo Lapidario']",Casa Giulietta,"['Centro Fotografia', 'Sighseeing', 'Torre Lamberti', 'Museo Conte', 'Museo Radio']",Torre Lamberti,strategy_nearest,True,0.002649068832397461,success
049B7A3A9C4C80,3,"['Arena', 'San Fermo', 'Casa Giulietta']",Torre Lamberti,"['Sighseeing', 'Centro Fotografia', 'Museo Conte', 'Palazzo della Ragione', 'AMO']",Santa Anastasia,strategy_nearest,False,0.0020270347595214844,success
049B76429C4C80,0,['Arena'],Casa Giulietta,"['Centro Fotografia', 'Sighseeing', 'Torre Lamberti', 'Museo Conte', 'Museo Radio']",Torre Lamberti,strategy_nearest,True,0.0035240650177001953,success
049B8A4A9C4C80,1,['Arena'],Casa Giulietta,"['Centro Fotografia', 'Sighseeing', 'Torre Lamberti', 'Museo Conte', 'Museo Radio']",Torre Lamberti,strategy_nearest,True,0.0025930404663085938,success
049B9BC27B3F80,3,"['Arena', 'Casa Giulietta', 'Torre Lamberti']",Santa Anastasia,"['AMO', 'Museo Conte', 'Palazzo della Ragione', 'Teatro Romano', 'Centro Fotografia']",San Zeno,strategy_nearest,False,0.002437114715576172,success
049B8B4A9C4C80,3,"['Arena', 'Tomba Giulietta']",Casa Giulietta,"['Centro Fotografia', 'Sighseeing', 'Torre Lamberti', 'Museo Conte', 'Museo Radio']",Torre Lamberti,strategy_nearest,True,0.001856088638305664,success
049BA8429C4C80,0,['Arena'],Casa Giulietta,"['Centro Fotografia', 'Sighseeing', 'Torre Lamberti', 'Museo Conte', 'Museo Radio']",Torre Lamberti,strategy_nearest,True,0.0025942325592041016,success
049BAB429C4C80,3,['Arena'],Castelvecchio,"['Museo Lapidario', 'Verona Tour', 'Museo Radio', 'San Zeno', 'Sighseeing']",Teatro Romano,strategy_nearest,False,0.002988100051879883,success
049BA54A9C4C80,1,"['Arena', 'Casa Giulietta']",Santa Anastasia,"['AMO', 'Museo Conte', 'Palazzo della Ragione', 'Teatro Romano', 'Centro Fotografia']",Teatro Romano,strategy_nearest,True,0.005051851272583008,success
049BB63A9C4C80,3,"['Arena', 'Castelvecchio']",Casa Giulietta,"['Centro Fotografia', 'Sighseeing', 'Torre Lamberti', 'Museo Conte', 'Museo Radio']",Torre Lamberti,strategy_nearest,True,0.002290964126586914,success
049BB7429C4C80,0,"['Casa Giulietta', 'Arena']",Castelvecchio,"['Museo Lapidario', 'Verona Tour', 'Museo Radio', 'San Zeno', 'Sighseeing']",Tomba Giulietta,strategy_nearest,False,0.0023310184478759766,success
049BBAC27B3F80,0,"['Arena', 'Castelvecchio']",Tomba Giulietta,"['San Fermo', 'Museo Storia', 'Museo Lapidario', 'Museo Radio', 'Verona Tour']",Casa Giulietta,strategy_nearest,False,0.003113269805908203,success
049BBA72743380,1,"['Casa Giulietta', 'Arena', 'Tomba Giulietta', 'Castelvecchio']",Torre Lamberti,"['Sighseeing', 'Centro Fotografia', 'Museo Conte', 'Palazzo della Ragione', 'AMO']",Palazzo della Ragione,strategy_nearest,True,0.0030961036682128906,success
049BC2429C4C80,3,"['Casa Giulietta', 'Torre Lamberti', 'Santa Anastasia']",Duomo,"['AMO', 'Museo Miniscalchi', 'Teatro Romano', 'Palazzo della Ragione', 'Museo Conte']",Teatro Romano,strategy_nearest,True,0.002380847930908203,success
049BC6C27B3F80,0,"['Arena', 'Castelvecchio']",Tomba Giulietta,"['San Fermo', 'Museo Storia', 'Museo Lapidario', 'Museo Radio', 'Verona Tour']",Casa Giulietta,strategy_nearest,False,0.0027670860290527344,success
049BC53A9C4C80,2,"['Santa Anastasia', 'Museo Lapidario']",Casa Giulietta,"['Centro Fotografia', 'Sighseeing', 'Torre Lamberti', 'Museo Conte', 'Museo Radio']",Palazzo della Ragione,strategy_nearest,False,0.0020139217376708984,success
049BC43A9C4C80,0,['Castelvecchio'],Arena,"['Verona Tour', 'Museo Lapidario', 'Museo Radio', 'San Fermo', 'Casa Giulietta']",Casa Giulietta,strategy_nearest,True,0.0027849674224853516,success
049BCC3A9C4C80,1,"['Arena', 'Casa Giulietta']",Torre Lamberti,"['Sighseeing', 'Centro Fotografia', 'Museo Conte', 'Palazzo della Ragione', 'AMO']",Palazzo della Ragione,strategy_nearest,True,0.0023097991943359375,success
049BCC429C4C80,1,"['Arena', 'Casa Giulietta', 'Santa Anastasia']",Teatro Romano,"['Duomo', 'AMO', 'Palazzo della Ragione', 'Museo Conte', 'Centro Fotografia']",Duomo,strategy_nearest,True,0.0028848648071289062,success
049BC83A9C4C80,0,['Santa Anastasia'],Casa Giulietta,"['Centro Fotografia', 'Sighseeing', 'Torre Lamberti', 'Museo Conte', 'Museo Radio']",Arena,strategy_nearest,False,0.002440929412841797,success
049BCCC27B3F80,3,"['Arena', 'Casa Giulietta', 'Torre Lamberti']",Santa Anastasia,"['AMO', 'Museo Conte', 'Palazzo della Ragione', 'Teatro Romano', 'Centro Fotografia']",San Zeno,strategy_nearest,False,0.00345611572265625,success
049BD7C27B3F80,3,"['Arena', 'Castelvecchio', 'Casa Giulietta']",Torre Lamberti,"['Sighseeing', 'Centro Fotografia', 'Museo Conte', 'Palazzo della Ragione', 'AMO']",Duomo,strategy_nearest,False,0.00275421142578125,success
049BCE3A9C4C80,0,['Torre Lamberti'],Duomo,"['AMO', 'Museo Miniscalchi', 'Santa Anastasia', 'Teatro Romano', 'Palazzo della Ragione']",Arena,strategy_nearest,False,0.0020859241485595703,success
049BD1C27B3F80,3,"['Arena', 'Casa Giulietta', 'Casa Giulietta', 'Torre Lamberti']",San Zeno,"['Castelvecchio', 'Verona Tour', 'Museo Lapidario', 'Museo Miniscalchi', 'Sighseeing']",Castelvecchio,strategy_nearest,True,0.0021789073944091797,success
049BD8C27B3F80,3,"['Arena', 'Castelvecchio', 'Casa Giulietta']",Torre Lamberti,"['Sighseeing', 'Centro Fotografia', 'Museo Conte', 'Palazzo della Ragione', 'AMO']",Duomo,strategy_nearest,False,0.0023088455200195312,success
049BD83A9C4C80,0,['Arena'],Casa Giulietta,"['Centro Fotografia', 'Sighseeing', 'Torre Lamberti', 'Museo Conte', 'Museo Radio']",Santa Anastasia,strategy_nearest,False,0.0028390884399414062,success
049BDDC27B3F80,2,"['Torre Lamberti', 'Palazzo della Ragione']",Santa Anastasia,"['AMO', 'Museo Conte', 'Teatro Romano', 'Centro Fotografia', 'Duomo']",Castelvecchio,strategy_nearest,False,0.004113912582397461,success
049BDEC27B3F80,2,"['San Fermo', 'Torre Lamberti', 'Santa Anastasia']",Casa Giulietta,"['Centro Fotografia', 'Sighseeing', 'Museo Conte', 'Museo Radio', 'Palazzo della Ragione']",Castelvecchio,strategy_nearest,False,0.0028009414672851562,success
049BE3C27B3F80,3,"['Torre Lamberti', 'Santa Anastasia']",Arena,"['Verona Tour', 'Museo Lapidario', 'Museo Radio', 'San Fermo', 'Casa Giulietta']",Castelvecchio,strategy_nearest,False,0.0030181407928466797,success
049BE13A9C4C80,3,"['Arena', 'Casa Giulietta']",Torre Lamberti,"['Sighseeing', 'Centro Fotografia', 'Museo Conte', 'Palazzo della Ragione', 'AMO']",Santa Anastasia,strategy_nearest,False,0.0040471553802490234,success
049BE93A9C4C80,2,"['Giardino Giusti', 'Teatro Romano', 'Duomo', 'San Zeno']",Tomba Giulietta,"['San Fermo', 'Museo Storia', 'Arena', 'Museo Lapidario', 'Museo Radio']",San Fermo,strategy_nearest,True,0.003495931625366211,success
049BE4C27B3F80,2,['Torre Lamberti'],Palazzo della Ragione,"['AMO', 'Museo Conte', 'Centro Fotografia', 'Sighseeing', 'Santa Anastasia']",Castelvecchio,strategy_nearest,False,0.0037310123443603516,success
049BE9C27B3F80,3,"['Teatro Romano', 'Santa Anastasia', 'Arena']",Casa Giulietta,"['Centro Fotografia', 'Sighseeing', 'Torre Lamberti', 'Museo Conte', 'Museo Radio']",Torre Lamberti,strategy_nearest,True,0.002206087112426758,success
049BEF429C4C80,0,"['Arena', 'Giardino Giusti']",Duomo,"['AMO', 'Museo Miniscalchi', 'Santa Anastasia', 'Teatro Romano', 'Palazzo della Ragione']",Castelvecchio,strategy_nearest,False,0.004369974136352539,success
049BEAC27B3F80,3,['Santa Anastasia'],Arena,"['Verona Tour', 'Museo Lapidario', 'Museo Radio', 'San Fermo', 'Casa Giulietta']",Castelvecchio,strategy_nearest,False,0.0030939579010009766,success
049BF0C27B3F80,3,"['Teatro Romano', 'Santa Anastasia', 'Arena']",Casa Giulietta,"['Centro Fotografia', 'Sighseeing', 'Torre Lamberti', 'Museo Conte', 'Museo Radio']",Torre Lamberti,strategy_nearest,True,0.0032308101654052734,success
049C0F3A9C4C80,1,['Arena'],Casa Giulietta,"['Centro Fotografia', 'Sighseeing', 'Torre Lamberti', 'Museo Conte', 'Museo Radio']",Torre Lamberti,strategy_nearest,True,0.003427267074584961,success
049C00429C4C84,0,"['Arena', 'Casa Giulietta']",Teatro Romano,"['Santa Anastasia', 'Duomo', 'AMO', 'Palazzo della Ragione', 'Museo Conte']",Duomo,strategy_nearest,True,0.0020079612731933594,success
049C0E429C4C80,3,"['Casa Giulietta', 'Tomba Giulietta', 'Santa Anastasia']",Duomo,"['AMO', 'Museo Miniscalchi', 'Teatro Romano', 'Palazzo della Ragione', 'Museo Conte']",Torre Lamberti,strategy_nearest,False,0.003091096878051758,success
049C0A429C4C80,0,['Arena'],Casa Giulietta,"['Centro Fotografia', 'Sighseeing', 'Torre Lamberti', 'Museo Conte', 'Museo Radio']",Tomba Giulietta,strategy_nearest,False,0.0024819374084472656,success
049C15C27B3F80,3,"['Santa Anastasia', 'Teatro Romano']",Casa Giulietta,"['Centro Fotografia', 'Sighseeing', 'Torre Lamberti', 'Museo Conte', 'Museo Radio']",Arena,strategy_nearest,False,0.0035469532012939453,success
049C153A9C4C80,3,['Arena'],Casa Giulietta,"['Centro Fotografia', 'Sighseeing', 'Torre Lamberti', 'Museo Conte', 'Museo Radio']",Torre Lamberti,strategy_nearest,True,0.002299785614013672,success
049C17429C4C80,0,['Torre Lamberti'],Arena,"['Verona Tour', 'Museo Lapidario', 'Museo Radio', 'San Fermo', 'Casa Giulietta']",Castelvecchio,strategy_nearest,False,0.0027608871459960938,success
049C1E429C4C80,1,['Arena'],Palazzo della Ragione,"['AMO', 'Museo Conte', 'Torre Lamberti', 'Centro Fotografia', 'Sighseeing']",Torre Lamberti,strategy_nearest,True,0.004040956497192383,success
049C1F4A9C4C80,1,"['Arena', 'Museo Lapidario', 'Tomba Giulietta', 'San Fermo', 'Casa Giulietta']",Santa Anastasia,"['AMO', 'Museo Conte', 'Palazzo della Ragione', 'Teatro Romano', 'Centro Fotografia']",Duomo,strategy_nearest,False,0.002886056900024414,success
049C1F3A9C4C80,0,['Teatro Romano'],Casa Giulietta,"['Centro Fotografia', 'Sighseeing', 'Torre Lamberti', 'Museo Conte', 'Museo Radio']",Arena,strategy_nearest,False,0.002319812774658203,success
049C243A9C4C84,0,['Arena'],Casa Giulietta,"['Centro Fotografia', 'Sighseeing', 'Torre Lamberti', 'Museo Conte', 'Museo Radio']",Teatro Romano,strategy_nearest,False,0.0034072399139404297,success
049C213A9C4C84,3,"['Arena', 'Castelvecchio']",Duomo,"['AMO', 'Museo Miniscalchi', 'Santa Anastasia', 'Teatro Romano', 'Palazzo della Ragione']",Teatro Romano,strategy_nearest,True,0.0028569698333740234,success
049C273A9C4C84,1,['Arena'],Torre Lamberti,"['Sighseeing', 'Centro Fotografia', 'Museo Conte', 'Casa Giulietta', 'Palazzo della Ragione']",Palazzo della Ragione,strategy_nearest,True,0.002334117889404297,success
049C2E4A9C4C80,2,"['Teatro Romano', 'Santa Anastasia', 'Torre Lamberti']",Palazzo della Ragione,"['AMO', 'Museo Conte', 'Centro Fotografia', 'Sighseeing', 'Museo Miniscalchi']",Casa Giulietta,strategy_nearest,False,0.002262115478515625,success
049C3F3A9C4C80,1,"['Castelvecchio', 'Tomba Giulietta', 'San Fermo', 'Casa Giulietta']",Santa Anastasia,"['AMO', 'Museo Conte', 'Palazzo della Ragione', 'Teatro Romano', 'Centro Fotografia']",Duomo,strategy_nearest,False,0.002888917922973633,success
049C473A9C4C80,0,['San Fermo'],Casa Giulietta,"['Centro Fotografia', 'Sighseeing', 'Torre Lamberti', 'Museo Conte', 'Museo Radio']",San Zeno,strategy_nearest,False,0.0031681060791015625,success
049C58429C4C80,1,['Arena'],Torre Lamberti,"['Sighseeing', 'Centro Fotografia', 'Museo Conte', 'Casa Giulietta', 'Palazzo della Ragione']",Palazzo della Ragione,strategy_nearest,True,0.0033719539642333984,success
049C59429C4C80,1,"['Castelvecchio', 'Arena']",Palazzo della Ragione,"['AMO', 'Museo Conte', 'Torre Lamberti', 'Centro Fotografia', 'Sighseeing']",Casa Giulietta,strategy_nearest,False,0.002576112747192383,success
049C66429C4C80,1,['Arena'],Teatro Romano,"['Santa Anastasia', 'Duomo', 'AMO', 'Palazzo della Ragione', 'Museo Conte']",Palazzo della Ragione,strategy_nearest,True,0.002727985382080078,success
049C67429C4C80,0,['Arena'],Torre Lamberti,"['Sighseeing', 'Centro Fotografia', 'Museo Conte', 'Casa Giulietta', 'Palazzo della Ragione']",Teatro Romano,strategy_nearest,False,0.0037689208984375,success
049C74C27B3F80,3,"['Santa Anastasia', 'Teatro Romano']",Casa Giulietta,"['Centro Fotografia', 'Sighseeing', 'Torre Lamberti', 'Museo Conte', 'Museo Radio']",Arena,strategy_nearest,False,0.003261089324951172,success
049C69429C4C80,1,"['Arena', 'Casa Giulietta', 'Torre Lamberti']",Palazzo della Ragione,"['AMO', 'Museo Conte', 'Centro Fotografia', 'Sighseeing', 'Santa Anastasia']",Duomo,strategy_nearest,False,0.00261688232421875,success
049C773A9C4C80,3,"['Arena', 'Casa Giulietta']",Torre Lamberti,"['Sighseeing', 'Centro Fotografia', 'Museo Conte', 'Palazzo della Ragione', 'AMO']",Duomo,strategy_nearest,False,0.003374814987182617,success
049C7A429C4C80,3,"['Arena', 'Casa Giulietta']",Torre Lamberti,"['Sighseeing', 'Centro Fotografia', 'Museo Conte', 'Palazzo della Ragione', 'AMO']",Santa Anastasia,strategy_nearest,False,0.003201007843017578,success
049C86429C4C80,3,"['Santa Anastasia', 'Arena']",Duomo,"['AMO', 'Museo Miniscalchi', 'Teatro Romano', 'Palazzo della Ragione', 'Museo Conte']",Santa Anastasia,strategy_nearest,False,0.0027818679809570312,success
049C874A9C4C80,3,"['Teatro Romano', 'Duomo']",Torre Lamberti,"['Sighseeing', 'Centro Fotografia', 'Museo Conte', 'Casa Giulietta', 'Palazzo della Ragione']",Casa Giulietta,strategy_nearest,True,0.002955198287963867,success
049C8A3A9C4C80,1,"['Arena', 'Casa Giulietta']",Tomba Giulietta,"['San Fermo', 'Museo Storia', 'Museo Lapidario', 'Museo Radio', 'Verona Tour']",Castelvecchio,strategy_nearest,False,0.0033721923828125,success
049C8A4A9C4C80,0,"['San Zeno', 'Castelvecchio']",Arena,"['Verona Tour', 'Museo Lapidario', 'Museo Radio', 'San Fermo', 'Casa Giulietta']",Casa Giulietta,strategy_nearest,True,0.0025949478149414062,success
049C8B429C4C80,0,"['Casa Giulietta', 'Castelvecchio']",Arena,"['Verona Tour', 'Museo Lapidario', 'Museo Radio', 'San Fermo', 'Sighseeing']",Tomba Giulietta,strategy_nearest,False,0.0033380985260009766,success
049C8E429C4C80,0,['Arena'],San Fermo,"['Museo Storia', 'Museo Radio', 'Casa Giulietta', 'Centro Fotografia', 'Sighseeing']",Casa Giulietta,strategy_nearest,True,0.002112865447998047,success
049C8E4A9C4C80,3,"['Torre Lamberti', 'Santa Anastasia']",Duomo,"['AMO', 'Museo Miniscalchi', 'Teatro Romano', 'Palazzo della Ragione', 'Museo Conte']",Teatro Romano,strategy_nearest,True,0.0027370452880859375,success
049C984A9C4C80,0,['Arena'],Casa Giulietta,"['Centro Fotografia', 'Sighseeing', 'Torre Lamberti', 'Museo Conte', 'Museo Radio']",Torre Lamberti,strategy_nearest,True,0.002767324447631836,success
049CA6429C4C80,2,"['Casa Giulietta', 'Torre Lamberti', 'Santa Anastasia']",Teatro Romano,"['Duomo', 'AMO', 'Palazzo della Ragione', 'Museo Conte', 'Centro Fotografia']",Duomo,strategy_nearest,True,0.0026078224182128906,success
049C9E429C4C80,0,"['Arena', 'Museo Lapidario']",Tomba Giulietta,"['San Fermo', 'Museo Storia', 'Museo Radio', 'Verona Tour', 'Casa Giulietta']",Casa Giulietta,strategy_nearest,True,0.002492189407348633,success
049CB33A9C4C80,3,['Arena'],Santa Anastasia,"['AMO', 'Museo Conte', 'Palazzo della Ragione', 'Teatro Romano', 'Centro Fotografia']",Duomo,strategy_nearest,False,0.002579927444458008,success
049CAE3A9C4C80,1,"['Arena', 'Castelvecchio', 'Torre Lamberti']",Palazzo della Ragione,"['AMO', 'Museo Conte', 'Centro Fotografia', 'Sighseeing', 'Santa Anastasia']",Casa Giulietta,strategy_nearest,False,0.0032567977905273438,success
049CA9429C4C80,3,"['Santa Anastasia', 'Duomo', 'Casa Giulietta']",Arena,"['Verona Tour', 'Museo Lapidario', 'Museo Radio', 'San Fermo', 'Sighseeing']",Tomba Giulietta,strategy_nearest,False,0.0034189224243164062,success
049CB43A9C4C80,3,"['Arena', 'Museo Lapidario', 'Castelvecchio']",Casa Giulietta,"['Centro Fotografia', 'Sighseeing', 'Torre Lamberti', 'Museo Conte', 'Museo Radio']",Torre Lamberti,strategy_nearest,True,0.003033876419067383,success
049CC3429C4C80,0,['Arena'],Palazzo della Ragione,"['AMO', 'Museo Conte', 'Torre Lamberti', 'Centro Fotografia', 'Sighseeing']",Casa Giulietta,strategy_nearest,False,0.0031690597534179688,success
049CB5429C4C80,1,"['Palazzo della Ragione', 'Torre Lamberti']",Teatro Romano,"['Santa Anastasia', 'Duomo', 'AMO', 'Museo Conte', 'Centro Fotografia']",Arena,strategy_nearest,False,0.002620220184326172,success
049CC0429C4C80,1,"['San Zeno', 'Arena', 'Casa Giulietta']",Torre Lamberti,"['Sighseeing', 'Centro Fotografia', 'Museo Conte', 'Palazzo della Ragione', 'AMO']",Palazzo della Ragione,strategy_nearest,True,0.001979827880859375,success
049CC7429C4C80,0,['Arena'],Castelvecchio,"['Museo Lapidario', 'Verona Tour', 'Museo Radio', 'San Zeno', 'Sighseeing']",Casa Giulietta,strategy_nearest,False,0.0033788681030273438,success
049CCA429C4C80,2,"['Casa Giulietta', 'Castelvecchio']",San Zeno,"['Verona Tour', 'Museo Lapidario', 'Arena', 'Museo Miniscalchi', 'Sighseeing']",Torre Lamberti,strategy_nearest,False,0.003448009490966797,success
049CCD429C4C80,0,['Arena'],Teatro Romano,"['Santa Anastasia', 'Duomo', 'AMO', 'Palazzo della Ragione', 'Museo Conte']",Giardino Giusti,strategy_nearest,False,0.004052877426147461,success
049CD13A9C4C80,0,['Torre Lamberti'],Casa Giulietta,"['Centro Fotografia', 'Sighseeing', 'Museo Conte', 'Museo Radio', 'Palazzo della Ragione']",Arena,strategy_nearest,False,0.0027060508728027344,success
049CD23A9C4C80,3,"['Arena', 'San Zeno', 'Santa Anastasia']",Castelvecchio,"['Museo Lapidario', 'Verona Tour', 'Museo Radio', 'Sighseeing', 'Museo Miniscalchi']",Museo Lapidario,strategy_nearest,True,0.004293918609619141,success
049CDA429C4C80,0,"['Arena', 'San Fermo']",Casa Giulietta,"['Centro Fotografia', 'Sighseeing', 'Torre Lamberti', 'Museo Conte', 'Museo Radio']",Torre Lamberti,strategy_nearest,True,0.002813100814819336,success
049CD93A9C4C80,3,"['Arena', 'Torre Lamberti']",Casa Giulietta,"['Centro Fotografia', 'Sighseeing', 'Museo Conte', 'Museo Radio', 'Palazzo della Ragione']",Santa Anastasia,strategy_nearest,False,0.002277851104736328,success
049CE83A9C4C80,3,"['Duomo', 'Santa Anastasia']",Arena,"['Verona Tour', 'Museo Lapidario', 'Museo Radio', 'San Fermo', 'Casa Giulietta']",Casa Giulietta,strategy_nearest,True,0.003269672393798828,success
049D074A9C4C80,3,"['Arena', 'Casa Giulietta']",Torre Lamberti,"['Sighseeing', 'Centro Fotografia', 'Museo Conte', 'Palazzo della Ragione', 'AMO']",Castelvecchio,strategy_nearest,False,0.0032269954681396484,success
049D033A9C4C84,0,['Museo Lapidario'],Casa Giulietta,"['Centro Fotografia', 'Sighseeing', 'Torre Lamberti', 'Museo Conte', 'Museo Radio']",Arena,strategy_nearest,False,0.002699136734008789,success
049CF63A9C4C80,0,['Arena'],Casa Giulietta,"['Centro Fotografia', 'Sighseeing', 'Torre Lamberti', 'Museo Conte', 'Museo Radio']",Torre Lamberti,strategy_nearest,True,0.0021419525146484375,success
049D09429C4C80,1,"['Arena', 'Casa Giulietta']",Castelvecchio,"['Museo Lapidario', 'Verona Tour', 'Museo Radio', 'San Zeno', 'Sighseeing']",Torre Lamberti,strategy_nearest,False,0.002084970474243164,success
049D0C429C4C80,0,['Arena'],Torre Lamberti,"['Sighseeing', 'Centro Fotografia', 'Museo Conte', 'Casa Giulietta', 'Palazzo della Ragione']",Duomo,strategy_nearest,False,0.003322124481201172,success
049D08429C4C80,0,"['Arena', 'Casa Giulietta']",Torre Lamberti,"['Sighseeing', 'Centro Fotografia', 'Museo Conte', 'Palazzo della Ragione', 'AMO']",Duomo,strategy_nearest,False,0.003217935562133789,success
049D0D3A9C4C84,3,"['Castelvecchio', 'Arena', 'Casa Giulietta']",San Fermo,"['Museo Storia', 'Museo Radio', 'Centro Fotografia', 'Sighseeing', 'Torre Lamberti']",Tomba Giulietta,strategy_nearest,False,0.002413034439086914,success
049D103A9C4C80,0,['Arena'],Casa Giulietta,"['Centro Fotografia', 'Sighseeing', 'Torre Lamberti', 'Museo Conte', 'Museo Radio']",Torre Lamberti,strategy_nearest,True,0.0013842582702636719,success
049D11429C4C80,0,['Arena'],Torre Lamberti,"['Sighseeing', 'Centro Fotografia', 'Museo Conte', 'Casa Giulietta', 'Palazzo della Ragione']",Castelvecchio,strategy_nearest,False,0.0019729137420654297,success
049D0E429C4C80,1,"['Casa Giulietta', 'Arena']",Torre Lamberti,"['Sighseeing', 'Centro Fotografia', 'Museo Conte', 'Palazzo della Ragione', 'AMO']",Palazzo della Ragione,strategy_nearest,True,0.0027201175689697266,success
049D133A9C4C80,1,"['Arena', 'Casa Giulietta', 'Torre Lamberti']",Palazzo della Ragione,"['AMO', 'Museo Conte', 'Centro Fotografia', 'Sighseeing', 'Santa Anastasia']",Museo Lapidario,strategy_nearest,False,0.002652883529663086,success
049D14429C4C80,3,['Arena'],Casa Giulietta,"['Centro Fotografia', 'Sighseeing', 'Torre Lamberti', 'Museo Conte', 'Museo Radio']",Teatro Romano,strategy_nearest,False,0.002582073211669922,success
049D123A9C4C80,3,"['Arena', 'Castelvecchio']",Teatro Romano,"['Santa Anastasia', 'Duomo', 'AMO', 'Palazzo della Ragione', 'Museo Conte']",Duomo,strategy_nearest,True,0.0038368701934814453,success
049D15429C4C80,1,['Arena'],Torre Lamberti,"['Sighseeing', 'Centro Fotografia', 'Museo Conte', 'Casa Giulietta', 'Palazzo della Ragione']",Palazzo della Ragione,strategy_nearest,True,0.003554105758666992,success
049D263A9C4C80,3,"['Arena', 'Santa Anastasia']",Teatro Romano,"['Duomo', 'AMO', 'Palazzo della Ragione', 'Museo Conte', 'Centro Fotografia']",Duomo,strategy_nearest,True,0.002438068389892578,success
049D173A9C4C80,3,"['Arena', 'Casa Giulietta']",Santa Anastasia,"['AMO', 'Museo Conte', 'Palazzo della Ragione', 'Teatro Romano', 'Centro Fotografia']",Tomba Giulietta,strategy_nearest,False,0.0022830963134765625,success
049D1C3A9C4C84,3,"['Arena', 'San Fermo', 'Casa Giulietta']",Santa Anastasia,"['AMO', 'Museo Conte', 'Palazzo della Ragione', 'Teatro Romano', 'Centro Fotografia']",Teatro Romano,strategy_nearest,True,0.003471851348876953,success
049D263A9C4C84,1,"['Casa Giulietta', 'Palazzo della Ragione', 'Santa Anastasia']",Duomo,"['AMO', 'Museo Miniscalchi', 'Teatro Romano', 'Museo Conte', 'Torre Lamberti']",Teatro Romano,strategy_nearest,True,0.0024309158325195312,success
049D2B3A9C4C80,0,['Arena'],Castelvecchio,"['Museo Lapidario', 'Verona Tour', 'Museo Radio', 'San Zeno', 'Sighseeing']",Casa Giulietta,strategy_nearest,False,0.0026869773864746094,success
049D32429C4C80,3,"['Casa Giulietta', 'Torre Lamberti']",Santa Anastasia,"['AMO', 'Museo Conte', 'Palazzo della Ragione', 'Teatro Romano', 'Centro Fotografia']",Duomo,strategy_nearest,False,0.0024950504302978516,success
049D3F3A9C4C80,3,"['Santa Anastasia', 'Duomo', 'Giardino Giusti']",Teatro Romano,"['AMO', 'Palazzo della Ragione', 'Museo Conte', 'Centro Fotografia', 'Museo Miniscalchi']",San Zeno,strategy_nearest,False,0.0031707286834716797,success
049D413A9C4C80,0,['Arena'],Casa Giulietta,"['Centro Fotografia', 'Sighseeing', 'Torre Lamberti', 'Museo Conte', 'Museo Radio']",Teatro Romano,strategy_nearest,False,0.002711057662963867,success
049D49429C4C80,0,['Arena'],Castelvecchio,"['Museo Lapidario', 'Verona Tour', 'Museo Radio', 'San Zeno', 'Sighseeing']",San Zeno,strategy_nearest,True,0.0036971569061279297,success
049D4F3A9C4C80,0,"['Teatro Romano', 'Arena']",Tomba Giulietta,"['San Fermo', 'Museo Storia', 'Museo Lapidario', 'Museo Radio', 'Verona Tour']",Castelvecchio,strategy_nearest,False,0.0021228790283203125,success
049D5D429C4C80,1,['Arena'],Palazzo della Ragione,"['AMO', 'Museo Conte', 'Torre Lamberti', 'Centro Fotografia', 'Sighseeing']",Teatro Romano,strategy_nearest,False,0.002605915069580078,success
049D5E429C4C80,0,['Arena'],Casa Giulietta,"['Centro Fotografia', 'Sighseeing', 'Torre Lamberti', 'Museo Conte', 'Museo Radio']",Castelvecchio,strategy_nearest,False,0.0020363330841064453,success
049D794A9C4C80,0,['Arena'],Torre Lamberti,"['Sighseeing', 'Centro Fotografia', 'Museo Conte', 'Casa Giulietta', 'Palazzo della Ragione']",Castelvecchio,strategy_nearest,False,0.0024759769439697266,success
049D7F429C4C80,3,"['Arena', 'Santa Anastasia']",Teatro Romano,"['Duomo', 'AMO', 'Palazzo della Ragione', 'Museo Conte', 'Centro Fotografia']",Duomo,strategy_nearest,True,0.0033998489379882812,success
049D874A9C4C80,0,['Teatro Romano'],Casa Giulietta,"['Centro Fotografia', 'Sighseeing', 'Torre Lamberti', 'Museo Conte', 'Museo Radio']",Tomba Giulietta,strategy_nearest,False,0.003139972686767578,success
049D8A3A9C4C80,2,['Castelvecchio'],Tomba Giulietta,"['San Fermo', 'Museo Storia', 'Arena', 'Museo Lapidario', 'Museo Radio']",Casa Giulietta,strategy_nearest,False,0.0024640560150146484,success
049DB4429C4C80,0,['Arena'],Casa Giulietta,"['Centro Fotografia', 'Sighseeing', 'Torre Lamberti', 'Museo Conte', 'Museo Radio']",Castelvecchio,strategy_nearest,False,0.002532958984375,success
049DA7429C4C80,0,['Arena'],Tomba Giulietta,"['San Fermo', 'Museo Storia', 'Museo Lapidario', 'Museo Radio', 'Verona Tour']",Torre Lamberti,strategy_nearest,False,0.002445220947265625,success
049DB53A9C4C80,1,"['Arena', 'Castelvecchio', 'Duomo']",Santa Anastasia,"['AMO', 'Museo Conte', 'Palazzo della Ragione', 'Teatro Romano', 'Centro Fotografia']",Palazzo della Ragione,strategy_nearest,True,0.0033609867095947266,success
049DBF429C4C80,1,"['Arena', 'Palazzo della Ragione']",Santa Anastasia,"['AMO', 'Museo Conte', 'Teatro Romano', 'Centro Fotografia', 'Duomo']",Duomo,strategy_nearest,True,0.0018970966339111328,success
049DCF3A9C4C80,0,"['Arena', 'Museo Lapidario']",Castelvecchio,"['Verona Tour', 'Museo Radio', 'San Zeno', 'Sighseeing', 'Museo Miniscalchi']",San Zeno,strategy_nearest,True,0.0024950504302978516,success
049DF93A9C4C80,3,"['Arena', 'Casa Giulietta']",Torre Lamberti,"['Sighseeing', 'Centro Fotografia', 'Museo Conte', 'Palazzo della Ragione', 'AMO']",Castelvecchio,strategy_nearest,False,0.002486705780029297,success
049DE43A9C4C80,3,['Arena'],Casa Giulietta,"['Centro Fotografia', 'Sighseeing', 'Torre Lamberti', 'Museo Conte', 'Museo Radio']",Santa Anastasia,strategy_nearest,False,0.003209829330444336,success
049DDB3A9C4C80,0,['Arena'],Casa Giulietta,"['Centro Fotografia', 'Sighseeing', 'Torre Lamberti', 'Museo Conte', 'Museo Radio']",Torre Lamberti,strategy_nearest,True,0.0048749446868896484,success
049E0A429C4C80,3,"['Castelvecchio', 'Arena']",San Fermo,"['Museo Storia', 'Museo Radio', 'Casa Giulietta', 'Centro Fotografia', 'Sighseeing']",Casa Giulietta,strategy_nearest,True,0.0021209716796875,success
049E083A9C4C84,3,['Arena'],Casa Giulietta,"['Centro Fotografia', 'Sighseeing', 'Torre Lamberti', 'Museo Conte', 'Museo Radio']",Santa Anastasia,strategy_nearest,False,0.0035631656646728516,success
049E0C429C4C84,0,"['Arena', 'Castelvecchio']",Casa Giulietta,"['Centro Fotografia', 'Sighseeing', 'Torre Lamberti', 'Museo Conte', 'Museo Radio']",Giardino Giusti,strategy_nearest,False,0.0027930736541748047,success
049E08429C4C80,3,"['Arena', 'San Zeno']",Castelvecchio,"['Museo Lapidario', 'Verona Tour', 'Museo Radio', 'Sighseeing', 'Museo Miniscalchi']",Duomo,strategy_nearest,False,0.003604888916015625,success
049E15429C4C80,1,"['Arena', 'Museo Lapidario', 'Castelvecchio']",Torre Lamberti,"['Sighseeing', 'Centro Fotografia', 'Museo Conte', 'Casa Giulietta', 'Palazzo della Ragione']",Palazzo della Ragione,strategy_nearest,True,0.0023651123046875,success
049E16429C4C80,3,['Arena'],Santa Anastasia,"['AMO', 'Museo Conte', 'Palazzo della Ragione', 'Teatro Romano', 'Centro Fotografia']",Torre Lamberti,strategy_nearest,False,0.002788066864013672,success
049E19429C4C80,1,"['Torre Lamberti', 'Palazzo della Ragione']",Casa Giulietta,"['Centro Fotografia', 'Sighseeing', 'Museo Conte', 'Museo Radio', 'San Fermo']",Arena,strategy_nearest,False,0.0035576820373535156,success
049E1B3A9C4C80,0,['Castelvecchio'],Arena,"['Verona Tour', 'Museo Lapidario', 'Museo Radio', 'San Fermo', 'Casa Giulietta']",Casa Giulietta,strategy_nearest,True,0.0027489662170410156,success
049E1F3A9C4C80,3,"['Arena', 'Casa Giulietta']",Santa Anastasia,"['AMO', 'Museo Conte', 'Palazzo della Ragione', 'Teatro Romano', 'Centro Fotografia']",Teatro Romano,strategy_nearest,True,0.0029611587524414062,success
049E203A9C4C84,0,"['Duomo', 'Casa Giulietta']",Tomba Giulietta,"['San Fermo', 'Museo Storia', 'Arena', 'Museo Lapidario', 'Museo Radio']",Arena,strategy_nearest,True,0.0034079551696777344,success
049E23429C4C84,3,"['Arena', 'Museo Lapidario', 'Castelvecchio']",Casa Giulietta,"['Centro Fotografia', 'Sighseeing', 'Torre Lamberti', 'Museo Conte', 'Museo Radio']",Torre Lamberti,strategy_nearest,True,0.003152132034301758,success
049E243A9C4C84,0,"['Arena', 'San Zeno']",Castelvecchio,"['Museo Lapidario', 'Verona Tour', 'Museo Radio', 'Sighseeing', 'Museo Miniscalchi']",Torre Lamberti,strategy_nearest,False,0.002525806427001953,success
049E253A9C4C84,0,['Arena'],Casa Giulietta,"['Centro Fotografia', 'Sighseeing', 'Torre Lamberti', 'Museo Conte', 'Museo Radio']",Torre Lamberti,strategy_nearest,True,0.0032300949096679688,success
049E2CC27B3F80,0,"['Arena', 'Torre Lamberti', 'Giardino Giusti']",Casa Giulietta,"['Centro Fotografia', 'Sighseeing', 'Museo Conte', 'Museo Radio', 'Palazzo della Ragione']",Tomba Giulietta,strategy_nearest,False,0.0019299983978271484,success
049E2B3A9C4C80,0,['Tomba Giulietta'],Casa Giulietta,"['Centro Fotografia', 'Sighseeing', 'Torre Lamberti', 'Museo Conte', 'Museo Radio']",Teatro Romano,strategy_nearest,False,0.003512144088745117,success
049E2C4A9C4C80,0,"['Arena', 'Casa Giulietta']",Castelvecchio,"['Museo Lapidario', 'Verona Tour', 'Museo Radio', 'San Zeno', 'Sighseeing']",Tomba Giulietta,strategy_nearest,False,0.0026798248291015625,success
049E31C27B3F80,1,"['Casa Giulietta', 'Torre Lamberti', 'Palazzo della Ragione']",Arena,"['Verona Tour', 'Museo Lapidario', 'Museo Radio', 'San Fermo', 'Sighseeing']",Tomba Giulietta,strategy_nearest,False,0.003047943115234375,success
049E383A9C4C80,0,['Casa Giulietta'],Arena,"['Verona Tour', 'Museo Lapidario', 'Museo Radio', 'San Fermo', 'Sighseeing']",Castelvecchio,strategy_nearest,False,0.0031549930572509766,success
049E39429C4C80,1,"['Arena', 'Palazzo della Ragione', 'Torre Lamberti']",Casa Giulietta,"['Centro Fotografia', 'Sighseeing', 'Museo Conte', 'Museo Radio', 'San Fermo']",Castelvecchio,strategy_nearest,False,0.0036039352416992188,success
049E3E429C4C80,0,['Castelvecchio'],Arena,"['Verona Tour', 'Museo Lapidario', 'Museo Radio', 'San Fermo', 'Casa Giulietta']",Tomba Giulietta,strategy_nearest,False,0.0026891231536865234,success
049E42429C4C80,3,"['Arena', 'Museo Lapidario', 'Casa Giulietta', 'Torre Lamberti']",Santa Anastasia,"['AMO', 'Museo Conte', 'Palazzo della Ragione', 'Teatro Romano', 'Centro Fotografia']",Duomo,strategy_nearest,False,0.0031821727752685547,success
049E3EC27B3F80,3,"['Arena', 'Torre Lamberti', 'Giardino Giusti']",Casa Giulietta,"['Centro Fotografia', 'Sighseeing', 'Museo Conte', 'Museo Radio', 'Palazzo della Ragione']",Tomba Giulietta,strategy_nearest,False,0.002605915069580078,success
049E5C429C4C80,0,['Arena'],Santa Anastasia,"['AMO', 'Museo Conte', 'Palazzo della Ragione', 'Teatro Romano', 'Centro Fotografia']",Castelvecchio,strategy_nearest,False,0.002463817596435547,success
049E723A9C4C80,0,"['Duomo', 'Casa Giulietta']",Arena,"['Verona Tour', 'Museo Lapidario', 'Museo Radio', 'San Fermo', 'Sighseeing']",Tomba Giulietta,strategy_nearest,False,0.0030341148376464844,success
049E7A3A9C4C80,3,['Torre Lamberti'],Teatro Romano,"['Santa Anastasia', 'Duomo', 'AMO', 'Palazzo della Ragione', 'Museo Conte']",Arena,strategy_nearest,False,0.0027680397033691406,success
049E7D429C4C80,0,['Arena'],Casa Giulietta,"['Centro Fotografia', 'Sighseeing', 'Torre Lamberti', 'Museo Conte', 'Museo Radio']",Duomo,strategy_nearest,False,0.0034360885620117188,success
049E7EC27B3F80,3,"['Arena', 'Casa Giulietta', 'Torre Lamberti', 'San Zeno']",Castelvecchio,"['Museo Lapidario', 'Verona Tour', 'Museo Radio', 'Sighseeing', 'Museo Miniscalchi']",Teatro Romano,strategy_nearest,False,0.0025229454040527344,success
049E87429C4C80,1,"['Torre Lamberti', 'Palazzo della Ragione']",Arena,"['Verona Tour', 'Museo Lapidario', 'Museo Radio', 'San Fermo', 'Casa Giulietta']",Duomo,strategy_nearest,False,0.003124237060546875,success
049E894A9C4C80,0,"['San Zeno', 'Castelvecchio']",Arena,"['Verona Tour', 'Museo Lapidario', 'Museo Radio', 'San Fermo', 'Casa Giulietta']",Casa Giulietta,strategy_nearest,True,0.003554105758666992,success
049EAB429C4C80,3,"['Arena', 'Casa Giulietta']",Santa Anastasia,"['AMO', 'Museo Conte', 'Palazzo della Ragione', 'Teatro Romano', 'Centro Fotografia']",San Fermo,strategy_nearest,False,0.002054929733276367,success
049EAB3A9C4C80,0,['Castelvecchio'],Teatro Romano,"['Santa Anastasia', 'Duomo', 'AMO', 'Palazzo della Ragione', 'Museo Conte']",Arena,strategy_nearest,False,0.003323793411254883,success
049EAD3A9C4C80,0,['Arena'],Casa Giulietta,"['Centro Fotografia', 'Sighseeing', 'Torre Lamberti', 'Museo Conte', 'Museo Radio']",Torre Lamberti,strategy_nearest,True,0.0033600330352783203,success
049EB13A9C4C80,0,['Arena'],Casa Giulietta,"['Centro Fotografia', 'Sighseeing', 'Torre Lamberti', 'Museo Conte', 'Museo Radio']",Torre Lamberti,strategy_nearest,True,0.003245830535888672,success
049EB23A9C4C80,0,['Arena'],Casa Giulietta,"['Centro Fotografia', 'Sighseeing', 'Torre Lamberti', 'Museo Conte', 'Museo Radio']",Santa Anastasia,strategy_nearest,False,0.002742767333984375,success
049EB4429C4C80,2,"['San Fermo', 'Casa Giulietta']",Teatro Romano,"['Santa Anastasia', 'Duomo', 'AMO', 'Palazzo della Ragione', 'Museo Conte']",Santa Anastasia,strategy_nearest,True,0.0025260448455810547,success
049EB2429C4C80,0,['Arena'],Casa Giulietta,"['Centro Fotografia', 'Sighseeing', 'Torre Lamberti', 'Museo Conte', 'Museo Radio']",Torre Lamberti,strategy_nearest,True,0.0034601688385009766,success
049EB63A9C4C80,0,['Arena'],Tomba Giulietta,"['San Fermo', 'Museo Storia', 'Museo Lapidario', 'Museo Radio', 'Verona Tour']",Casa Giulietta,strategy_nearest,False,0.0032269954681396484,success
049EB83A9C4C80,0,"['Arena', 'San Fermo']",Casa Giulietta,"['Centro Fotografia', 'Sighseeing', 'Torre Lamberti', 'Museo Conte', 'Museo Radio']",Torre Lamberti,strategy_nearest,True,0.0026769638061523438,success
049EBB429C4C80,0,['Arena'],Casa Giulietta,"['Centro Fotografia', 'Sighseeing', 'Torre Lamberti', 'Museo Conte', 'Museo Radio']",Teatro Romano,strategy_nearest,False,0.003614187240600586,success
049EC93A9C4C80,3,"['Arena', 'Casa Giulietta']",Torre Lamberti,"['Sighseeing', 'Centro Fotografia', 'Museo Conte', 'Palazzo della Ragione', 'AMO']",Santa Anastasia,strategy_nearest,False,0.0037910938262939453,success
049ECC3A9C4C80,3,"['Arena', 'Tomba Giulietta']",Casa Giulietta,"['Centro Fotografia', 'Sighseeing', 'Torre Lamberti', 'Museo Conte', 'Museo Radio']",Santa Anastasia,strategy_nearest,False,0.0023641586303710938,success
049ECA3A9C4C80,1,['Arena'],Casa Giulietta,"['Centro Fotografia', 'Sighseeing', 'Torre Lamberti', 'Museo Conte', 'Museo Radio']",Palazzo della Ragione,strategy_nearest,False,0.0022957324981689453,success
049EBE429C4C80,4,"['San Fermo', 'Tomba Giulietta', 'Santa Anastasia', 'Torre Lamberti', 'Casa Giulietta']",Arena,"['Verona Tour', 'Museo Lapidario', 'Museo Radio', 'Sighseeing', 'Castelvecchio']",San Zeno,strategy_nearest,False,0.002665996551513672,success
049F013A9C4C84,0,['Arena'],Torre Lamberti,"['Sighseeing', 'Centro Fotografia', 'Museo Conte', 'Casa Giulietta', 'Palazzo della Ragione']",Casa Giulietta,strategy_nearest,True,0.001898050308227539,success
049EE93A9C4C80,1,"['Castelvecchio', 'Arena']",Teatro Romano,"['Santa Anastasia', 'Duomo', 'AMO', 'Palazzo della Ragione', 'Museo Conte']",Santa Anastasia,strategy_nearest,True,0.0034182071685791016,success
049EE13A9C4C80,1,['Arena'],Casa Giulietta,"['Centro Fotografia', 'Sighseeing', 'Torre Lamberti', 'Museo Conte', 'Museo Radio']",Torre Lamberti,strategy_nearest,True,0.002048015594482422,success
049F0D429C4C80,3,"['Museo Lapidario', 'Castelvecchio']",Santa Anastasia,"['AMO', 'Museo Conte', 'Palazzo della Ragione', 'Teatro Romano', 'Centro Fotografia']",Teatro Romano,strategy_nearest,True,0.0024809837341308594,success
049F0D429C4C84,3,"['Teatro Romano', 'Santa Anastasia', 'Casa Giulietta']",San Fermo,"['Museo Storia', 'Museo Radio', 'Centro Fotografia', 'Arena', 'Sighseeing']",Arena,strategy_nearest,True,0.0018088817596435547,success
049F0E3A9C4C84,0,['Castelvecchio'],Arena,"['Verona Tour', 'Museo Lapidario', 'Museo Radio', 'San Fermo', 'Casa Giulietta']",Casa Giulietta,strategy_nearest,True,0.002141237258911133,success
049F12429C4C80,0,['Arena'],Casa Giulietta,"['Centro Fotografia', 'Sighseeing', 'Torre Lamberti', 'Museo Conte', 'Museo Radio']",Castelvecchio,strategy_nearest,False,0.0027048587799072266,success
049F183A9C4C80,2,['Casa Giulietta'],Palazzo della Ragione,"['AMO', 'Museo Conte', 'Torre Lamberti', 'Centro Fotografia', 'Sighseeing']",Teatro Romano,strategy_nearest,False,0.0017549991607666016,success
049F15429C4C80,0,['Arena'],Casa Giulietta,"['Centro Fotografia', 'Sighseeing', 'Torre Lamberti', 'Museo Conte', 'Museo Radio']",Torre Lamberti,strategy_nearest,True,0.003129720687866211,success
049F1B429C4C84,3,"['Castelvecchio', 'Casa Giulietta', 'Santa Anastasia']",Duomo,"['AMO', 'Museo Miniscalchi', 'Teatro Romano', 'Palazzo della Ragione', 'Museo Conte']",Arena,strategy_nearest,False,0.002540111541748047,success
049F1F3A9C4C84,0,['Arena'],Castelvecchio,"['Museo Lapidario', 'Verona Tour', 'Museo Radio', 'San Zeno', 'Sighseeing']",Casa Giulietta,strategy_nearest,False,0.003576040267944336,success
049F214A9C4C80,1,"['Arena', 'Museo Lapidario']",Torre Lamberti,"['Sighseeing', 'Centro Fotografia', 'Museo Conte', 'Casa Giulietta', 'Palazzo della Ragione']",Palazzo della Ragione,strategy_nearest,True,0.002530813217163086,success
049F213A9C4C84,3,"['Arena', 'Casa Giulietta']",Torre Lamberti,"['Sighseeing', 'Centro Fotografia', 'Museo Conte', 'Palazzo della Ragione', 'AMO']",Duomo,strategy_nearest,False,0.0032091140747070312,success
049F243A9C4C80,3,"['Arena', 'Casa Giulietta', 'Torre Lamberti']",Duomo,"['AMO', 'Museo Miniscalchi', 'Santa Anastasia', 'Teatro Romano', 'Palazzo della Ragione']",Tomba Giulietta,strategy_nearest,False,0.0034601688385009766,success
049F243A9C4C84,0,['Arena'],Torre Lamberti,"['Sighseeing', 'Centro Fotografia', 'Museo Conte', 'Casa Giulietta', 'Palazzo della Ragione']",Casa Giulietta,strategy_nearest,True,0.003322124481201172,success
049F36429C4C80,2,"['Castelvecchio', 'Casa Giulietta']",Giardino Giusti,"['Santa Anastasia', 'Teatro Romano', 'Museo Conte', 'Centro Fotografia', 'Museo Storia']",Teatro Romano,strategy_nearest,True,0.002749919891357422,success
049F443A9C4C80,1,"['Arena', 'Casa Giulietta']",Palazzo della Ragione,"['AMO', 'Museo Conte', 'Torre Lamberti', 'Centro Fotografia', 'Sighseeing']",Torre Lamberti,strategy_nearest,True,0.003167867660522461,success
049F4A3A9C4C80,0,['Torre Lamberti'],Casa Giulietta,"['Centro Fotografia', 'Sighseeing', 'Museo Conte', 'Museo Radio', 'Palazzo della Ragione']",Arena,strategy_nearest,False,0.0023851394653320312,success
049F543A9C4C80,3,['Arena'],Casa Giulietta,"['Centro Fotografia', 'Sighseeing', 'Torre Lamberti', 'Museo Conte', 'Museo Radio']",Torre Lamberti,strategy_nearest,True,0.002749204635620117,success
049F6E429C4C80,3,"['Arena', 'San Fermo', 'Casa Giulietta']",Torre Lamberti,"['Sighseeing', 'Centro Fotografia', 'Museo Conte', 'Palazzo della Ragione', 'AMO']",Santa Anastasia,strategy_nearest,False,0.0036118030548095703,success
049F72429C4C80,3,['Arena'],Casa Giulietta,"['Centro Fotografia', 'Sighseeing', 'Torre Lamberti', 'Museo Conte', 'Museo Radio']",Torre Lamberti,strategy_nearest,True,0.003196239471435547,success
049F884A9C4C80,3,"['Torre Lamberti', 'Santa Anastasia', 'Duomo']",Casa Giulietta,"['Centro Fotografia', 'Sighseeing', 'Museo Conte', 'Museo Radio', 'Palazzo della Ragione']",San Fermo,strategy_nearest,False,0.0032510757446289062,success
049F8D3A9C4C80,1,"['Casa Giulietta', 'Torre Lamberti']",Palazzo della Ragione,"['AMO', 'Museo Conte', 'Centro Fotografia', 'Sighseeing', 'Santa Anastasia']",Santa Anastasia,strategy_nearest,True,0.0029380321502685547,success
049FA64A9C4C80,1,"['Castelvecchio', 'Arena']",Casa Giulietta,"['Centro Fotografia', 'Sighseeing', 'Torre Lamberti', 'Museo Conte', 'Museo Radio']",Torre Lamberti,strategy_nearest,True,0.0013518333435058594,success
049F9F4A9C4C80,1,"['Torre Lamberti', 'Palazzo della Ragione']",Duomo,"['AMO', 'Museo Miniscalchi', 'Santa Anastasia', 'Teatro Romano', 'Museo Conte']",Arena,strategy_nearest,False,0.0027167797088623047,success
049F9E429C4C80,1,"['Arena', 'Casa Giulietta']",Palazzo della Ragione,"['AMO', 'Museo Conte', 'Torre Lamberti', 'Centro Fotografia', 'Sighseeing']",Teatro Romano,strategy_nearest,False,0.0033731460571289062,success
049FA8429C4C80,1,['Arena'],Arena,"['Verona Tour', 'Museo Lapidario', 'Museo Radio', 'San Fermo', 'Casa Giulietta']",Torre Lamberti,strategy_nearest,False,0.003470897674560547,success
049FA9429C4C80,2,['Castelvecchio'],Casa Giulietta,"['Centro Fotografia', 'Sighseeing', 'Torre Lamberti', 'Museo Conte', 'Museo Radio']",Torre Lamberti,strategy_nearest,True,0.0023849010467529297,success
049FAA429C4C80,3,['Arena'],Casa Giulietta,"['Centro Fotografia', 'Sighseeing', 'Torre Lamberti', 'Museo Conte', 'Museo Radio']",Santa Anastasia,strategy_nearest,False,0.002603769302368164,success
049FB0429C4C80,1,"['Castelvecchio', 'Arena', 'Casa Giulietta', 'Palazzo della Ragione']",Torre Lamberti,"['Sighseeing', 'Centro Fotografia', 'Museo Conte', 'AMO', 'Museo Miniscalchi']",Santa Anastasia,strategy_nearest,False,0.0032088756561279297,success
049FAC3A9C4C80,3,['Arena'],Santa Anastasia,"['AMO', 'Museo Conte', 'Palazzo della Ragione', 'Teatro Romano', 'Centro Fotografia']",Duomo,strategy_nearest,False,0.0025360584259033203,success
049FB43A9C4C80,0,['Arena'],Torre Lamberti,"['Sighseeing', 'Centro Fotografia', 'Museo Conte', 'Casa Giulietta', 'Palazzo della Ragione']",Giardino Giusti,strategy_nearest,False,0.003167867660522461,success
049FB93A9C4C80,3,['Arena'],Torre Lamberti,"['Sighseeing', 'Centro Fotografia', 'Museo Conte', 'Casa Giulietta', 'Palazzo della Ragione']",Santa Anastasia,strategy_nearest,False,0.0028069019317626953,success
049FC3429C4C80,3,"['Arena', 'Torre Lamberti']",Casa Giulietta,"['Centro Fotografia', 'Sighseeing', 'Museo Conte', 'Museo Radio', 'Palazzo della Ragione']",Santa Anastasia,strategy_nearest,False,0.0033190250396728516,success
049FCB3A9C4C80,1,"['Arena', 'Castelvecchio']",Santa Anastasia,"['AMO', 'Museo Conte', 'Palazzo della Ragione', 'Teatro Romano', 'Centro Fotografia']",Duomo,strategy_nearest,False,0.0025196075439453125,success
049FD3429C4C80,3,"['Arena', 'Casa Giulietta', 'Santa Anastasia']",Torre Lamberti,"['Sighseeing', 'Centro Fotografia', 'Museo Conte', 'Palazzo della Ragione', 'AMO']",Castelvecchio,strategy_nearest,False,0.003013134002685547,success
049FE13A9C4C80,3,"['Arena', 'Casa Giulietta']",Torre Lamberti,"['Sighseeing', 'Centro Fotografia', 'Museo Conte', 'Palazzo della Ragione', 'AMO']",Duomo,strategy_nearest,False,0.002553224563598633,success
049FE33A9C4C80,3,"['Arena', 'Casa Giulietta']",Torre Lamberti,"['Sighseeing', 'Centro Fotografia', 'Museo Conte', 'Palazzo della Ragione', 'AMO']",Santa Anastasia,strategy_nearest,False,0.0021932125091552734,success
049FE8429C4C80,3,"['Teatro Romano', 'Santa Anastasia']",Torre Lamberti,"['Sighseeing', 'Centro Fotografia', 'Museo Conte', 'Casa Giulietta', 'Palazzo della Ragione']",Casa Giulietta,strategy_nearest,True,0.003443002700805664,success
049FF1429C4C80,1,"['Arena', 'Torre Lamberti', 'Palazzo della Ragione']",San Zeno,"['Castelvecchio', 'Verona Tour', 'Museo Lapidario', 'Museo Miniscalchi', 'Sighseeing']",Tomba Giulietta,strategy_nearest,False,0.002641916275024414,success
04A00B429C4C84,3,"['Arena', 'Santa Anastasia']",Giardino Giusti,"['Teatro Romano', 'Museo Conte', 'Centro Fotografia', 'Museo Storia', 'AMO']",Teatro Romano,strategy_nearest,True,0.003099203109741211,success
04A01D429C4C80,0,"['Torre Lamberti', 'Arena']",Tomba Giulietta,"['San Fermo', 'Museo Storia', 'Museo Lapidario', 'Museo Radio', 'Verona Tour']",Casa Giulietta,strategy_nearest,False,0.002460002899169922,success
04A00D429C4C84,3,['Arena'],Casa Giulietta,"['Centro Fotografia', 'Sighseeing', 'Torre Lamberti', 'Museo Conte', 'Museo Radio']",Santa Anastasia,strategy_nearest,False,0.002527952194213867,success
04A0E83A9C4C80,0,['Arena'],Tomba Giulietta,"['San Fermo', 'Museo Storia', 'Museo Lapidario', 'Museo Radio', 'Verona Tour']",Casa Giulietta,strategy_nearest,False,0.0031418800354003906,success
04A1033A9C4C84,3,"['Casa Giulietta', 'Teatro Romano']",Duomo,"['AMO', 'Museo Miniscalchi', 'Santa Anastasia', 'Palazzo della Ragione', 'Museo Conte']",Santa Anastasia,strategy_nearest,True,0.0019500255584716797,success
04A10D429C4C80,3,"['Arena', 'Casa Giulietta']",Santa Anastasia,"['AMO', 'Museo Conte', 'Palazzo della Ragione', 'Teatro Romano', 'Centro Fotografia']",Duomo,strategy_nearest,False,0.0031058788299560547,success
04A0EB3A9C4C80,0,['Arena'],Castelvecchio,"['Museo Lapidario', 'Verona Tour', 'Museo Radio', 'San Zeno', 'Sighseeing']",Casa Giulietta,strategy_nearest,False,0.0035572052001953125,success
04A108429C4C80,0,"['Arena', 'Casa Giulietta']",Torre Lamberti,"['Sighseeing', 'Centro Fotografia', 'Museo Conte', 'Palazzo della Ragione', 'AMO']",Teatro Romano,strategy_nearest,False,0.002549886703491211,success
04A1243A9C4C80,0,['Arena'],Casa Giulietta,"['Centro Fotografia', 'Sighseeing', 'Torre Lamberti', 'Museo Conte', 'Museo Radio']",Tomba Giulietta,strategy_nearest,False,0.002942800521850586,success
04A1393A9C4C80,2,"['Palazzo della Ragione', 'Torre Lamberti']",Castelvecchio,"['Museo Lapidario', 'Verona Tour', 'Arena', 'Museo Radio', 'San Zeno']",Santa Anastasia,strategy_nearest,False,0.0020749568939208984,success
04A1243A9C4C84,0,['Teatro Romano'],Torre Lamberti,"['Sighseeing', 'Centro Fotografia', 'Museo Conte', 'Casa Giulietta', 'Palazzo della Ragione']",San Fermo,strategy_nearest,False,0.003911018371582031,success
04A1283A9C4C80,3,"['Arena', 'Casa Giulietta']",Torre Lamberti,"['Sighseeing', 'Centro Fotografia', 'Museo Conte', 'Palazzo della Ragione', 'AMO']",San Zeno,strategy_nearest,False,0.002950906753540039,success
04A149429C4C80,3,"['Arena', 'Casa Giulietta']",Santa Anastasia,"['AMO', 'Museo Conte', 'Palazzo della Ragione', 'Teatro Romano', 'Centro Fotografia']",Teatro Romano,strategy_nearest,True,0.0029180049896240234,success
04A14B3A9C4C80,3,"['Arena', 'Museo Lapidario', 'San Fermo', 'Casa Giulietta']",Santa Anastasia,"['AMO', 'Museo Conte', 'Palazzo della Ragione', 'Teatro Romano', 'Centro Fotografia']",Duomo,strategy_nearest,False,0.002267122268676758,success
04A1503A9C4C80,3,['Arena'],Santa Anastasia,"['AMO', 'Museo Conte', 'Palazzo della Ragione', 'Teatro Romano', 'Centro Fotografia']",Duomo,strategy_nearest,False,0.003665924072265625,success
04A14E3A9C4C80,1,"['Casa Giulietta', 'Santa Anastasia', 'Palazzo della Ragione']",Torre Lamberti,"['Sighseeing', 'Centro Fotografia', 'Museo Conte', 'AMO', 'Museo Miniscalchi']",Teatro Romano,strategy_nearest,False,0.003408193588256836,success
04A152429C4C80,1,"['Arena', 'Casa Giulietta']",Torre Lamberti,"['Sighseeing', 'Centro Fotografia', 'Museo Conte', 'Palazzo della Ragione', 'AMO']",Palazzo della Ragione,strategy_nearest,True,0.00345611572265625,success
04A179429C4C80,0,"['Arena', 'Torre Lamberti']",Casa Giulietta,"['Centro Fotografia', 'Sighseeing', 'Museo Conte', 'Museo Radio', 'Palazzo della Ragione']",Tomba Giulietta,strategy_nearest,False,0.0027348995208740234,success
04A16A429C4C80,0,['Arena'],Casa Giulietta,"['Centro Fotografia', 'Sighseeing', 'Torre Lamberti', 'Museo Conte', 'Museo Radio']",Castelvecchio,strategy_nearest,False,0.0030291080474853516,success
04A17B3A9C4C80,3,"['Arena', 'Torre Lamberti']",Casa Giulietta,"['Centro Fotografia', 'Sighseeing', 'Museo Conte', 'Museo Radio', 'Palazzo della Ragione']",Santa Anastasia,strategy_nearest,False,0.003464937210083008,success
04A17B4A9C4C80,0,['Arena'],Castelvecchio,"['Museo Lapidario', 'Verona Tour', 'Museo Radio', 'San Zeno', 'Sighseeing']",Duomo,strategy_nearest,False,0.00307464599609375,success
04A17C429C4C80,0,['Arena'],Torre Lamberti,"['Sighseeing', 'Centro Fotografia', 'Museo Conte', 'Casa Giulietta', 'Palazzo della Ragione']",Casa Giulietta,strategy_nearest,True,0.0033500194549560547,success
04A1864A9C4C80,0,['Arena'],Torre Lamberti,"['Sighseeing', 'Centro Fotografia', 'Museo Conte', 'Casa Giulietta', 'Palazzo della Ragione']",Casa Giulietta,strategy_nearest,True,0.0027141571044921875,success
04A18B429C4C80,1,"['Casa Giulietta', 'Palazzo della Ragione']",Torre Lamberti,"['Sighseeing', 'Centro Fotografia', 'Museo Conte', 'AMO', 'Museo Miniscalchi']",Santa Anastasia,strategy_nearest,False,0.002825021743774414,success
04A1B33A9C4C80,1,"['Arena', 'Museo Lapidario', 'Castelvecchio']",Casa Giulietta,"['Centro Fotografia', 'Sighseeing', 'Torre Lamberti', 'Museo Conte', 'Museo Radio']",Torre Lamberti,strategy_nearest,True,0.002004861831665039,success
04A191429C4C80,0,['Arena'],Casa Giulietta,"['Centro Fotografia', 'Sighseeing', 'Torre Lamberti', 'Museo Conte', 'Museo Radio']",Torre Lamberti,strategy_nearest,True,0.001416921615600586,success
04A1B3429C4C80,2,"['Castelvecchio', 'Casa Giulietta']",Torre Lamberti,"['Sighseeing', 'Centro Fotografia', 'Museo Conte', 'Palazzo della Ragione', 'AMO']",Santa Anastasia,strategy_nearest,False,0.004415273666381836,success
04A1B8429C4C80,1,"['Arena', 'Museo Lapidario']",Castelvecchio,"['Verona Tour', 'Museo Radio', 'San Zeno', 'Sighseeing', 'Museo Miniscalchi']",Casa Giulietta,strategy_nearest,False,0.002721071243286133,success
04A1B73A9C4C80,0,['Arena'],Tomba Giulietta,"['San Fermo', 'Museo Storia', 'Museo Lapidario', 'Museo Radio', 'Verona Tour']",Casa Giulietta,strategy_nearest,False,0.0015568733215332031,success
04A1BD429C4C80,1,['San Fermo'],Palazzo della Ragione,"['AMO', 'Museo Conte', 'Torre Lamberti', 'Centro Fotografia', 'Sighseeing']",Arena,strategy_nearest,False,0.003634214401245117,success
04A1C03A9C4C80,0,['Arena'],Casa Giulietta,"['Centro Fotografia', 'Sighseeing', 'Torre Lamberti', 'Museo Conte', 'Museo Radio']",Torre Lamberti,strategy_nearest,True,0.0033659934997558594,success
04A1C7429C4C80,3,"['Casa Giulietta', 'Santa Anastasia']",Arena,"['Verona Tour', 'Museo Lapidario', 'Museo Radio', 'San Fermo', 'Sighseeing']",Castelvecchio,strategy_nearest,False,0.0027277469635009766,success
04A1C93A9C4C80,3,['Arena'],Casa Giulietta,"['Centro Fotografia', 'Sighseeing', 'Torre Lamberti', 'Museo Conte', 'Museo Radio']",Santa Anastasia,strategy_nearest,False,0.0020551681518554688,success
04A1D93A9C4C80,0,"['Castelvecchio', 'Museo Lapidario', 'Arena']",Torre Lamberti,"['Sighseeing', 'Centro Fotografia', 'Museo Conte', 'Casa Giulietta', 'Palazzo della Ragione']",Casa Giulietta,strategy_nearest,True,0.0028069019317626953,success
04A1DD3A9C4C80,3,"['Castelvecchio', 'Teatro Romano']",Duomo,"['AMO', 'Museo Miniscalchi', 'Santa Anastasia', 'Palazzo della Ragione', 'Museo Conte']",Santa Anastasia,strategy_nearest,True,0.002151012420654297,success
04A1D73A9C4C80,0,"['Arena', 'Casa Giulietta']",Castelvecchio,"['Museo Lapidario', 'Verona Tour', 'Museo Radio', 'San Zeno', 'Sighseeing']",Duomo,strategy_nearest,False,0.0034890174865722656,success
04A1E33A9C4C80,3,['Arena'],Torre Lamberti,"['Sighseeing', 'Centro Fotografia', 'Museo Conte', 'Casa Giulietta', 'Palazzo della Ragione']",Duomo,strategy_nearest,False,0.003301858901977539,success
04A1E53A9C4C80,1,"['Casa Giulietta', 'Castelvecchio', 'Museo Lapidario']",Arena,"['Verona Tour', 'Museo Radio', 'San Fermo', 'Sighseeing', 'Torre Lamberti']",San Fermo,strategy_nearest,True,0.0021979808807373047,success
04A1F63A9C4C80,0,['Arena'],Torre Lamberti,"['Sighseeing', 'Centro Fotografia', 'Museo Conte', 'Casa Giulietta', 'Palazzo della Ragione']",Casa Giulietta,strategy_nearest,True,0.0027599334716796875,success
04A20A3A9C4C84,0,['Arena'],Casa Giulietta,"['Centro Fotografia', 'Sighseeing', 'Torre Lamberti', 'Museo Conte', 'Museo Radio']",Torre Lamberti,strategy_nearest,True,0.0034928321838378906,success
04A208429C4C84,3,"['Arena', 'Santa Anastasia', 'Casa Giulietta']",San Zeno,"['Castelvecchio', 'Verona Tour', 'Museo Lapidario', 'Museo Miniscalchi', 'Sighseeing']",Castelvecchio,strategy_nearest,True,0.002894878387451172,success
04A218429C4C80,1,"['Arena', 'Casa Giulietta']",Torre Lamberti,"['Sighseeing', 'Centro Fotografia', 'Museo Conte', 'Palazzo della Ragione', 'AMO']",Castelvecchio,strategy_nearest,False,0.0026340484619140625,success
04A211429C4C80,3,"['Arena', 'Santa Anastasia']",Duomo,"['AMO', 'Museo Miniscalchi', 'Teatro Romano', 'Palazzo della Ragione', 'Museo Conte']",Tomba Giulietta,strategy_nearest,False,0.0021250247955322266,success
04A21C3A9C4C80,0,['Arena'],Teatro Romano,"['Santa Anastasia', 'Duomo', 'AMO', 'Palazzo della Ragione', 'Museo Conte']",Casa Giulietta,strategy_nearest,False,0.00327301025390625,success
04A20B429C4C80,0,['Arena'],Casa Giulietta,"['Centro Fotografia', 'Sighseeing', 'Torre Lamberti', 'Museo Conte', 'Museo Radio']",Torre Lamberti,strategy_nearest,True,0.0029959678649902344,success
04A21E3A9C4C84,3,"['San Zeno', 'Arena']",Duomo,"['AMO', 'Museo Miniscalchi', 'Santa Anastasia', 'Teatro Romano', 'Palazzo della Ragione']",Torre Lamberti,strategy_nearest,False,0.002004861831665039,success
04A21D429C4C80,0,"['San Fermo', 'Teatro Romano']",Museo Lapidario,"['Verona Tour', 'Arena', 'Castelvecchio', 'Museo Radio', 'Casa Giulietta']",Giardino Giusti,strategy_nearest,False,0.0033941268920898438,success
04A21D4A9C4C80,3,"['Arena', 'Torre Lamberti']",Duomo,"['AMO', 'Museo Miniscalchi', 'Santa Anastasia', 'Teatro Romano', 'Palazzo della Ragione']",Teatro Romano,strategy_nearest,True,0.0014388561248779297,success
04A2203A9C4C84,1,"['Arena', 'Casa Giulietta']",Torre Lamberti,"['Sighseeing', 'Centro Fotografia', 'Museo Conte', 'Palazzo della Ragione', 'AMO']",Palazzo della Ragione,strategy_nearest,True,0.0031960010528564453,success
04A233429C4C80,3,"['Castelvecchio', 'Santa Anastasia', 'Torre Lamberti']",Arena,"['Verona Tour', 'Museo Lapidario', 'Museo Radio', 'San Fermo', 'Casa Giulietta']",San Zeno,strategy_nearest,False,0.002774953842163086,success
04A237429C4C80,0,"['Torre Lamberti', 'Duomo']",Arena,"['Verona Tour', 'Museo Lapidario', 'Museo Radio', 'San Fermo', 'Casa Giulietta']",Tomba Giulietta,strategy_nearest,False,0.002507925033569336,success
04A2383A9C4C80,1,"['Casa Giulietta', 'Torre Lamberti', 'Palazzo della Ragione']",Santa Anastasia,"['AMO', 'Museo Conte', 'Teatro Romano', 'Centro Fotografia', 'Duomo']",Teatro Romano,strategy_nearest,True,0.0031549930572509766,success
04A2243A9C4C84,6,['Arena'],Verona Tour,"['Museo Lapidario', 'Castelvecchio', 'Museo Radio', 'Casa Giulietta', 'Sighseeing']",Castelvecchio,strategy_nearest,True,0.0018169879913330078,success
04A23F3A9C4C80,1,['Castelvecchio'],Arena,"['Verona Tour', 'Museo Lapidario', 'Museo Radio', 'San Fermo', 'Casa Giulietta']",Palazzo della Ragione,strategy_nearest,False,0.002543926239013672,success
04A23C3A9C4C80,3,"['Castelvecchio', 'Santa Anastasia', 'Castelvecchio']",Arena,"['Verona Tour', 'Museo Lapidario', 'Museo Radio', 'San Fermo', 'Casa Giulietta']",Teatro Romano,strategy_nearest,False,0.0024869441986083984,success
04A2403A9C4C80,3,['Arena'],Teatro Romano,"['Santa Anastasia', 'Duomo', 'AMO', 'Palazzo della Ragione', 'Museo Conte']",Castelvecchio,strategy_nearest,False,0.0027437210083007812,success
04A2463A9C4C80,3,"['Torre Lamberti', 'Casa Giulietta', 'Santa Anastasia', 'Duomo']",Teatro Romano,"['AMO', 'Palazzo della Ragione', 'Museo Conte', 'Centro Fotografia', 'Museo Miniscalchi']",San Fermo,strategy_nearest,False,0.0032787322998046875,success
04A2493A9C4C80,3,"['Castelvecchio', 'Torre Lamberti', 'Arena', 'Tomba Giulietta', 'Museo Lapidario']",Casa Giulietta,"['Centro Fotografia', 'Sighseeing', 'Museo Conte', 'Museo Radio', 'Palazzo della Ragione']",Teatro Romano,strategy_nearest,False,0.0033249855041503906,success
04A24B3A9C4C80,1,['Casa Giulietta'],Torre Lamberti,"['Sighseeing', 'Centro Fotografia', 'Museo Conte', 'Palazzo della Ragione', 'AMO']",Palazzo della Ragione,strategy_nearest,True,0.0026750564575195312,success
04A260429C4C80,3,"['Arena', 'Santa Anastasia']",Duomo,"['AMO', 'Museo Miniscalchi', 'Teatro Romano', 'Palazzo della Ragione', 'Museo Conte']",Torre Lamberti,strategy_nearest,False,0.003498077392578125,success
04A26A429C4C80,3,['Museo Lapidario'],Arena,"['Verona Tour', 'Museo Radio', 'San Fermo', 'Casa Giulietta', 'Sighseeing']",Santa Anastasia,strategy_nearest,False,0.0017499923706054688,success
04A271429C4C80,0,['Arena'],Santa Anastasia,"['AMO', 'Museo Conte', 'Palazzo della Ragione', 'Teatro Romano', 'Centro Fotografia']",Castelvecchio,strategy_nearest,False,0.0027611255645751953,success
04A2723A9C4C80,1,"['Santa Anastasia', 'Torre Lamberti', 'Palazzo della Ragione']",Castelvecchio,"['Museo Lapidario', 'Verona Tour', 'Arena', 'Museo Radio', 'San Zeno']",Arena,strategy_nearest,True,0.0029633045196533203,success
04A270429C4C80,3,"['Arena', 'Casa Giulietta', 'Santa Anastasia']",Duomo,"['AMO', 'Museo Miniscalchi', 'Teatro Romano', 'Palazzo della Ragione', 'Museo Conte']",Teatro Romano,strategy_nearest,True,0.003022909164428711,success
04A273429C4C80,1,['Teatro Romano'],Casa Giulietta,"['Centro Fotografia', 'Sighseeing', 'Torre Lamberti', 'Museo Conte', 'Museo Radio']",Arena,strategy_nearest,False,0.0031359195709228516,success
04A27E429C4C80,2,['Casa Giulietta'],Teatro Romano,"['Santa Anastasia', 'Duomo', 'AMO', 'Palazzo della Ragione', 'Museo Conte']",Castelvecchio,strategy_nearest,False,0.002459287643432617,success
04A2884A9C4C80,0,"['Arena', 'Casa Giulietta']",Torre Lamberti,"['Sighseeing', 'Centro Fotografia', 'Museo Conte', 'Palazzo della Ragione', 'AMO']",Teatro Romano,strategy_nearest,False,0.002405881881713867,success
04A27F4A9C4C80,1,"['Arena', 'Casa Giulietta']",Torre Lamberti,"['Sighseeing', 'Centro Fotografia', 'Museo Conte', 'Palazzo della Ragione', 'AMO']",Palazzo della Ragione,strategy_nearest,True,0.002710103988647461,success
04A29F4A9C4C80,0,"['Torre Lamberti', 'Casa Giulietta']",Arena,"['Verona Tour', 'Museo Lapidario', 'Museo Radio', 'San Fermo', 'Sighseeing']",Castelvecchio,strategy_nearest,False,0.002759218215942383,success
04A2B33A9C4C80,0,['Arena'],Casa Giulietta,"['Centro Fotografia', 'Sighseeing', 'Torre Lamberti', 'Museo Conte', 'Museo Radio']",Teatro Romano,strategy_nearest,False,0.003996133804321289,success
04A2BE429C4C80,0,['Arena'],Casa Giulietta,"['Centro Fotografia', 'Sighseeing', 'Torre Lamberti', 'Museo Conte', 'Museo Radio']",Torre Lamberti,strategy_nearest,True,0.0021190643310546875,success
04A2C43A9C4C80,0,['Torre Lamberti'],Casa Giulietta,"['Centro Fotografia', 'Sighseeing', 'Museo Conte', 'Museo Radio', 'Palazzo della Ragione']",Giardino Giusti,strategy_nearest,False,0.003309965133666992,success
04A2CC429C4C80,2,"['Duomo', 'Santa Anastasia', 'Casa Giulietta']",San Fermo,"['Museo Storia', 'Museo Radio', 'Centro Fotografia', 'Arena', 'Sighseeing']",Castelvecchio,strategy_nearest,False,0.0020127296447753906,success
04A2E53A9C4C80,3,"['Arena', 'San Fermo', 'Castelvecchio']",Duomo,"['AMO', 'Museo Miniscalchi', 'Santa Anastasia', 'Teatro Romano', 'Palazzo della Ragione']",Teatro Romano,strategy_nearest,True,0.0021162033081054688,success
04A2E13A9C4C80,0,['Castelvecchio'],Teatro Romano,"['Santa Anastasia', 'Duomo', 'AMO', 'Palazzo della Ragione', 'Museo Conte']",Arena,strategy_nearest,False,0.0035009384155273438,success
04A2E73A9C4C80,0,['Castelvecchio'],Arena,"['Verona Tour', 'Museo Lapidario', 'Museo Radio', 'San Fermo', 'Casa Giulietta']",Casa Giulietta,strategy_nearest,True,0.0033478736877441406,success
04A2EB429C4C80,0,"['Arena', 'Castelvecchio']",Torre Lamberti,"['Sighseeing', 'Centro Fotografia', 'Museo Conte', 'Casa Giulietta', 'Palazzo della Ragione']",Giardino Giusti,strategy_nearest,False,0.0022039413452148438,success
04A2F63A9C4C80,1,"['Arena', 'Torre Lamberti']",Casa Giulietta,"['Centro Fotografia', 'Sighseeing', 'Museo Conte', 'Museo Radio', 'Palazzo della Ragione']",Palazzo della Ragione,strategy_nearest,True,0.003326892852783203,success
04A2E93A9C4C80,0,['Arena'],Casa Giulietta,"['Centro Fotografia', 'Sighseeing', 'Torre Lamberti', 'Museo Conte', 'Museo Radio']",Torre Lamberti,strategy_nearest,True,0.0033087730407714844,success
04A2EF429C4C80,1,"['Arena', 'Casa Giulietta', 'Torre Lamberti']",Palazzo della Ragione,"['AMO', 'Museo Conte', 'Centro Fotografia', 'Sighseeing', 'Santa Anastasia']",Duomo,strategy_nearest,False,0.002878904342651367,success
04A2F9429C4C80,1,"['Duomo', 'Arena', 'Castelvecchio']",Palazzo della Ragione,"['AMO', 'Museo Conte', 'Torre Lamberti', 'Centro Fotografia', 'Sighseeing']",Torre Lamberti,strategy_nearest,True,0.0020139217376708984,success
04A2F73A9C4C80,0,['Torre Lamberti'],Casa Giulietta,"['Centro Fotografia', 'Sighseeing', 'Museo Conte', 'Museo Radio', 'Palazzo della Ragione']",Arena,strategy_nearest,False,0.0027167797088623047,success
04A300429C4C84,1,"['Arena', 'Santa Anastasia', 'Teatro Romano', 'Duomo']",Torre Lamberti,"['Sighseeing', 'Centro Fotografia', 'Museo Conte', 'Casa Giulietta', 'Palazzo della Ragione']",Palazzo della Ragione,strategy_nearest,True,0.002803325653076172,success
04A303429C4C84,3,"['Teatro Romano', 'Giardino Giusti', 'Duomo']",Torre Lamberti,"['Sighseeing', 'Centro Fotografia', 'Museo Conte', 'Casa Giulietta', 'Palazzo della Ragione']",Casa Giulietta,strategy_nearest,True,0.003267049789428711,success
04A307429C4C80,0,['Castelvecchio'],Arena,"['Verona Tour', 'Museo Lapidario', 'Museo Radio', 'San Fermo', 'Casa Giulietta']",Casa Giulietta,strategy_nearest,True,0.002465963363647461,success
04A3093A9C4C84,0,"['Casa Giulietta', 'Torre Lamberti']",Arena,"['Verona Tour', 'Museo Lapidario', 'Museo Radio', 'San Fermo', 'Sighseeing']",Castelvecchio,strategy_nearest,False,0.002792835235595703,success
04A30A429C4C84,3,"['Castelvecchio', 'Arena', 'Tomba Giulietta']",Torre Lamberti,"['Sighseeing', 'Centro Fotografia', 'Museo Conte', 'Casa Giulietta', 'Palazzo della Ragione']",Teatro Romano,strategy_nearest,False,0.0027818679809570312,success
04A30B429C4C80,0,"['Casa Giulietta', 'Torre Lamberti']",Castelvecchio,"['Museo Lapidario', 'Verona Tour', 'Arena', 'Museo Radio', 'San Zeno']",Giardino Giusti,strategy_nearest,False,0.0032601356506347656,success
04A30E429C4C84,1,"['Arena', 'Santa Anastasia', 'Duomo']",Casa Giulietta,"['Centro Fotografia', 'Sighseeing', 'Torre Lamberti', 'Museo Conte', 'Museo Radio']",San Zeno,strategy_nearest,False,0.0019450187683105469,success
04A30E429C4C80,0,['Arena'],Casa Giulietta,"['Centro Fotografia', 'Sighseeing', 'Torre Lamberti', 'Museo Conte', 'Museo Radio']",Castelvecchio,strategy_nearest,False,0.003290891647338867,success
04A312429C4C80,0,['Arena'],Casa Giulietta,"['Centro Fotografia', 'Sighseeing', 'Torre Lamberti', 'Museo Conte', 'Museo Radio']",Torre Lamberti,strategy_nearest,True,0.0033159255981445312,success
04A3173A9C4C84,0,"['Castelvecchio', 'San Zeno']",Arena,"['Verona Tour', 'Museo Lapidario', 'Museo Radio', 'San Fermo', 'Casa Giulietta']",Casa Giulietta,strategy_nearest,True,0.0031239986419677734,success
04A318429C4C80,3,"['Arena', 'Santa Anastasia']",Teatro Romano,"['Duomo', 'AMO', 'Palazzo della Ragione', 'Museo Conte', 'Centro Fotografia']",Duomo,strategy_nearest,True,0.0017657279968261719,success
04A320429C4C84,1,"['Arena', 'Museo Lapidario', 'Castelvecchio', 'Torre Lamberti', 'Casa Giulietta']",San Zeno,"['Verona Tour', 'Museo Miniscalchi', 'Sighseeing', 'Museo Radio', 'Palazzo della Ragione']",Palazzo della Ragione,strategy_nearest,True,0.0025691986083984375,success
04A3244A9C4C80,2,"['Tomba Giulietta', 'Santa Anastasia']",Torre Lamberti,"['Sighseeing', 'Centro Fotografia', 'Museo Conte', 'Casa Giulietta', 'Palazzo della Ragione']",Casa Giulietta,strategy_nearest,True,0.0037429332733154297,success
04A3253A9C4C84,3,"['Arena', 'Museo Lapidario', 'Casa Giulietta']",Santa Anastasia,"['AMO', 'Museo Conte', 'Palazzo della Ragione', 'Teatro Romano', 'Centro Fotografia']",Teatro Romano,strategy_nearest,True,0.002546072006225586,success
04A3243A9C4C80,1,"['Arena', 'Torre Lamberti', 'Palazzo della Ragione']",Teatro Romano,"['Santa Anastasia', 'Duomo', 'AMO', 'Museo Conte', 'Centro Fotografia']",Duomo,strategy_nearest,True,0.0035986900329589844,success
04A341429C4C80,0,['Arena'],Casa Giulietta,"['Centro Fotografia', 'Sighseeing', 'Torre Lamberti', 'Museo Conte', 'Museo Radio']",Duomo,strategy_nearest,False,0.003016948699951172,success
04A346BA7B3F80,1,"['Duomo', 'Santa Anastasia', 'Palazzo della Ragione', 'Torre Lamberti']",Casa Giulietta,"['Centro Fotografia', 'Sighseeing', 'Museo Conte', 'Museo Radio', 'San Fermo']",Arena,strategy_nearest,False,0.002107858657836914,success
04A355429C4C80,3,"['Arena', 'Casa Giulietta']",Torre Lamberti,"['Sighseeing', 'Centro Fotografia', 'Museo Conte', 'Palazzo della Ragione', 'AMO']",Santa Anastasia,strategy_nearest,False,0.0027451515197753906,success
04A361429C4C80,3,"['Arena', 'Museo Lapidario', 'Torre Lamberti']",Duomo,"['AMO', 'Museo Miniscalchi', 'Santa Anastasia', 'Teatro Romano', 'Palazzo della Ragione']",Santa Anastasia,strategy_nearest,True,0.0032401084899902344,success
04A3723A9C4C80,2,['Castelvecchio'],Casa Giulietta,"['Centro Fotografia', 'Sighseeing', 'Torre Lamberti', 'Museo Conte', 'Museo Radio']",Torre Lamberti,strategy_nearest,True,0.002017974853515625,success
04A362429C4C80,3,"['Arena', 'Casa Giulietta']",Castelvecchio,"['Museo Lapidario', 'Verona Tour', 'Museo Radio', 'San Zeno', 'Sighseeing']",Santa Anastasia,strategy_nearest,False,0.0032639503479003906,success
04A3794A9C4C80,0,"['Castelvecchio', 'Arena']",Casa Giulietta,"['Centro Fotografia', 'Sighseeing', 'Torre Lamberti', 'Museo Conte', 'Museo Radio']",Giardino Giusti,strategy_nearest,False,0.0031397342681884766,success
04A37C429C4C80,2,['Torre Lamberti'],Palazzo della Ragione,"['AMO', 'Museo Conte', 'Centro Fotografia', 'Sighseeing', 'Santa Anastasia']",Duomo,strategy_nearest,False,0.0034008026123046875,success
04A38C429C4C80,0,['Arena'],Casa Giulietta,"['Centro Fotografia', 'Sighseeing', 'Torre Lamberti', 'Museo Conte', 'Museo Radio']",Torre Lamberti,strategy_nearest,True,0.002065896987915039,success
04A3803A9C4C80,0,['Torre Lamberti'],Casa Giulietta,"['Centro Fotografia', 'Sighseeing', 'Museo Conte', 'Museo Radio', 'Palazzo della Ragione']",Arena,strategy_nearest,False,0.002710103988647461,success
04A38F3A9C4C80,0,['Arena'],Casa Giulietta,"['Centro Fotografia', 'Sighseeing', 'Torre Lamberti', 'Museo Conte', 'Museo Radio']",Tomba Giulietta,strategy_nearest,False,0.0035810470581054688,success
04A3AA3A9C4C80,1,['Arena'],Palazzo della Ragione,"['AMO', 'Museo Conte', 'Torre Lamberti', 'Centro Fotografia', 'Sighseeing']",Casa Giulietta,strategy_nearest,False,0.0030450820922851562,success
04A3AD3A9C4C80,3,"['Arena', 'Casa Giulietta']",Santa Anastasia,"['AMO', 'Museo Conte', 'Palazzo della Ragione', 'Teatro Romano', 'Centro Fotografia']",Duomo,strategy_nearest,False,0.002521038055419922,success
04A3AC3A9C4C80,2,['Casa Giulietta'],Torre Lamberti,"['Sighseeing', 'Centro Fotografia', 'Museo Conte', 'Palazzo della Ragione', 'AMO']",Duomo,strategy_nearest,False,0.003397703170776367,success
04A3B23A9C4C80,0,['Arena'],Duomo,"['AMO', 'Museo Miniscalchi', 'Santa Anastasia', 'Teatro Romano', 'Palazzo della Ragione']",Teatro Romano,strategy_nearest,True,0.0031909942626953125,success
04A3BD429C4C80,1,"['Arena', 'Palazzo della Ragione']",Torre Lamberti,"['Sighseeing', 'Centro Fotografia', 'Museo Conte', 'Casa Giulietta', 'AMO']",Casa Giulietta,strategy_nearest,True,0.0031921863555908203,success
04A3C7429C4C80,0,['Arena'],Torre Lamberti,"['Sighseeing', 'Centro Fotografia', 'Museo Conte', 'Casa Giulietta', 'Palazzo della Ragione']",Castelvecchio,strategy_nearest,False,0.0032389163970947266,success
04A3C2429C4C80,6,"['Arena', 'Tomba Giulietta']",Verona Tour,"['Museo Lapidario', 'Castelvecchio', 'Museo Radio', 'Casa Giulietta', 'Sighseeing']",Casa Giulietta,strategy_nearest,True,0.002766132354736328,success
04A3CA3A9C4C80,3,['Arena'],Santa Anastasia,"['AMO', 'Museo Conte', 'Palazzo della Ragione', 'Teatro Romano', 'Centro Fotografia']",Duomo,strategy_nearest,False,0.0029861927032470703,success
04A3C53A9C4C80,0,"['Arena', 'Torre Lamberti']",Teatro Romano,"['Santa Anastasia', 'Duomo', 'AMO', 'Palazzo della Ragione', 'Museo Conte']",Tomba Giulietta,strategy_nearest,False,0.0034008026123046875,success
04A3DD3A9C4C80,0,['Arena'],Museo Lapidario,"['Verona Tour', 'Castelvecchio', 'Museo Radio', 'San Fermo', 'Casa Giulietta']",Casa Giulietta,strategy_nearest,True,0.002132892608642578,success
04A3DE3A9C4C80,3,"['Castelvecchio', 'Casa Giulietta']",Santa Anastasia,"['AMO', 'Museo Conte', 'Palazzo della Ragione', 'Teatro Romano', 'Centro Fotografia']",Duomo,strategy_nearest,False,0.0022971630096435547,success
04A3DE429C4C80,0,['Arena'],Casa Giulietta,"['Centro Fotografia', 'Sighseeing', 'Torre Lamberti', 'Museo Conte', 'Museo Radio']",Torre Lamberti,strategy_nearest,True,0.002936124801635742,success
04A3E73A9C4C80,3,"['Arena', 'Casa Giulietta', 'Torre Lamberti']",Santa Anastasia,"['AMO', 'Museo Conte', 'Palazzo della Ragione', 'Teatro Romano', 'Centro Fotografia']",Duomo,strategy_nearest,False,0.003425121307373047,success
04A3E83A9C4C80,1,"['Arena', 'Torre Lamberti', 'Santa Anastasia']",Teatro Romano,"['Duomo', 'AMO', 'Palazzo della Ragione', 'Museo Conte', 'Centro Fotografia']",Duomo,strategy_nearest,True,0.003344297409057617,success
04A3FE3A9C4C80,1,"['Torre Lamberti', 'Palazzo della Ragione']",Casa Giulietta,"['Centro Fotografia', 'Sighseeing', 'Museo Conte', 'Museo Radio', 'San Fermo']",Arena,strategy_nearest,False,0.0020568370819091797,success
04A4013A9C4C84,0,['Arena'],Torre Lamberti,"['Sighseeing', 'Centro Fotografia', 'Museo Conte', 'Casa Giulietta', 'Palazzo della Ragione']",Casa Giulietta,strategy_nearest,True,0.0026018619537353516,success
04A3F1429C4C80,1,"['Arena', 'Torre Lamberti', 'Palazzo della Ragione']",Santa Anastasia,"['AMO', 'Museo Conte', 'Teatro Romano', 'Centro Fotografia', 'Duomo']",San Zeno,strategy_nearest,False,0.004056215286254883,success
04A40E429C4C84,1,"['Arena', 'Santa Anastasia', 'Duomo']",Casa Giulietta,"['Centro Fotografia', 'Sighseeing', 'Torre Lamberti', 'Museo Conte', 'Museo Radio']",San Zeno,strategy_nearest,False,0.003365039825439453,success
04A402429C4C84,1,"['Arena', 'Casa Giulietta', 'Palazzo della Ragione', 'Torre Lamberti']",San Zeno,"['Castelvecchio', 'Verona Tour', 'Museo Lapidario', 'Museo Miniscalchi', 'Sighseeing']",Castelvecchio,strategy_nearest,True,0.002032041549682617,success
04A40C429C4C84,0,['Arena'],Casa Giulietta,"['Centro Fotografia', 'Sighseeing', 'Torre Lamberti', 'Museo Conte', 'Museo Radio']",Duomo,strategy_nearest,False,0.0034902095794677734,success
04A407429C4C80,3,"['Arena', 'San Fermo', 'Casa Giulietta']",Santa Anastasia,"['AMO', 'Museo Conte', 'Palazzo della Ragione', 'Teatro Romano', 'Centro Fotografia']",Teatro Romano,strategy_nearest,True,0.0028977394104003906,success
04A4133A9C4C84,3,"['Casa Giulietta', 'Santa Anastasia']",Arena,"['Verona Tour', 'Museo Lapidario', 'Museo Radio', 'San Fermo', 'Sighseeing']",Tomba Giulietta,strategy_nearest,False,0.0016472339630126953,success
04A4163A9C4C80,3,"['Arena', 'San Fermo']",Santa Anastasia,"['AMO', 'Museo Conte', 'Palazzo della Ragione', 'Teatro Romano', 'Centro Fotografia']",Duomo,strategy_nearest,False,0.0027577877044677734,success
04A4153A9C4C84,3,"['Arena', 'Casa Giulietta']",Torre Lamberti,"['Sighseeing', 'Centro Fotografia', 'Museo Conte', 'Palazzo della Ragione', 'AMO']",Santa Anastasia,strategy_nearest,False,0.002302885055541992,success
04A417429C4C80,1,"['Arena', 'Casa Giulietta']",Torre Lamberti,"['Sighseeing', 'Centro Fotografia', 'Museo Conte', 'Palazzo della Ragione', 'AMO']",Palazzo della Ragione,strategy_nearest,True,0.0034341812133789062,success
04A41C3A9C4C84,2,['Casa Giulietta'],Torre Lamberti,"['Sighseeing', 'Centro Fotografia', 'Museo Conte', 'Palazzo della Ragione', 'AMO']",Palazzo della Ragione,strategy_nearest,True,0.002527952194213867,success
04A418429C4C80,1,"['Torre Lamberti', 'Palazzo della Ragione']",Casa Giulietta,"['Centro Fotografia', 'Sighseeing', 'Museo Conte', 'Museo Radio', 'San Fermo']",Arena,strategy_nearest,False,0.0032520294189453125,success
04A41B3A9C4C84,1,"['Arena', 'San Fermo', 'Casa Giulietta']",Torre Lamberti,"['Sighseeing', 'Centro Fotografia', 'Museo Conte', 'Palazzo della Ragione', 'AMO']",Palazzo della Ragione,strategy_nearest,True,0.00267791748046875,success
04A4204A9C4C80,1,"['Arena', 'Casa Giulietta', 'Torre Lamberti']",Palazzo della Ragione,"['AMO', 'Museo Conte', 'Centro Fotografia', 'Sighseeing', 'Santa Anastasia']",Santa Anastasia,strategy_nearest,True,0.003355264663696289,success
04A41F3A9C4C80,2,['Casa Giulietta'],Torre Lamberti,"['Sighseeing', 'Centro Fotografia', 'Museo Conte', 'Palazzo della Ragione', 'AMO']",Palazzo della Ragione,strategy_nearest,True,0.002820730209350586,success
04A41C429C4C80,3,['Arena'],Casa Giulietta,"['Centro Fotografia', 'Sighseeing', 'Torre Lamberti', 'Museo Conte', 'Museo Radio']",Torre Lamberti,strategy_nearest,True,0.0035691261291503906,success
04A41E3A9C4C84,2,"['Casa Giulietta', 'Duomo', 'Teatro Romano', 'Santa Anastasia']",Torre Lamberti,"['Sighseeing', 'Centro Fotografia', 'Museo Conte', 'Palazzo della Ragione', 'AMO']",Palazzo della Ragione,strategy_nearest,True,0.0015599727630615234,success
04A4253A9C4C80,1,"['Arena', 'Casa Giulietta', 'San Fermo']",Torre Lamberti,"['Sighseeing', 'Centro Fotografia', 'Museo Conte', 'Palazzo della Ragione', 'AMO']",Torre Lamberti,strategy_nearest,False,0.0021262168884277344,success
04A421429C4C84,3,"['Arena', 'Teatro Romano', 'Casa Giulietta', 'Tomba Giulietta']",Castelvecchio,"['Museo Lapidario', 'Verona Tour', 'Museo Radio', 'San Zeno', 'Sighseeing']",San Zeno,strategy_nearest,True,0.001561880111694336,success
04A4263A9C4C80,3,['Arena'],Santa Anastasia,"['AMO', 'Museo Conte', 'Palazzo della Ragione', 'Teatro Romano', 'Centro Fotografia']",Duomo,strategy_nearest,False,0.0032830238342285156,success
04A4213A9C4C84,1,['Arena'],Casa Giulietta,"['Centro Fotografia', 'Sighseeing', 'Torre Lamberti', 'Museo Conte', 'Museo Radio']",Palazzo della Ragione,strategy_nearest,False,0.0028030872344970703,success
04A4433A9C4C80,3,"['Castelvecchio', 'Casa Giulietta']",Torre Lamberti,"['Sighseeing', 'Centro Fotografia', 'Museo Conte', 'Palazzo della Ragione', 'AMO']",Santa Anastasia,strategy_nearest,False,0.002578258514404297,success
04A43C3A9C4C80,3,['Casa Giulietta'],Arena,"['Verona Tour', 'Museo Lapidario', 'Museo Radio', 'San Fermo', 'Sighseeing']",Duomo,strategy_nearest,False,0.0019462108612060547,success
04A4473A9C4C80,3,"['Casa Giulietta', 'Torre Lamberti']",Arena,"['Verona Tour', 'Museo Lapidario', 'Museo Radio', 'San Fermo', 'Sighseeing']",Santa Anastasia,strategy_nearest,False,0.002604961395263672,success
04A44B3A9C4C80,1,"['Teatro Romano', 'Casa Giulietta']",Arena,"['Verona Tour', 'Museo Lapidario', 'Museo Radio', 'San Fermo', 'Sighseeing']",Torre Lamberti,strategy_nearest,False,0.0034151077270507812,success
04A451C27B3F80,4,"['Arena', 'Casa Giulietta', 'Palazzo della Ragione', 'Torre Lamberti', 'San Zeno']",Teatro Romano,"['Santa Anastasia', 'Duomo', 'AMO', 'Museo Conte', 'Centro Fotografia']",Museo Radio,strategy_nearest,False,0.003298044204711914,success
04A44BC27B3F80,1,"['Casa Giulietta', 'Arena']",Torre Lamberti,"['Sighseeing', 'Centro Fotografia', 'Museo Conte', 'Palazzo della Ragione', 'AMO']",Palazzo della Ragione,strategy_nearest,True,0.002825021743774414,success
04A4523A9C4C80,0,['Arena'],Casa Giulietta,"['Centro Fotografia', 'Sighseeing', 'Torre Lamberti', 'Museo Conte', 'Museo Radio']",Tomba Giulietta,strategy_nearest,False,0.003202676773071289,success
04A45B3A9C4C80,3,"['Arena', 'Castelvecchio']",Teatro Romano,"['Santa Anastasia', 'Duomo', 'AMO', 'Palazzo della Ragione', 'Museo Conte']",Casa Giulietta,strategy_nearest,False,0.0024919509887695312,success
04A457C27B3F80,0,['Arena'],Torre Lamberti,"['Sighseeing', 'Centro Fotografia', 'Museo Conte', 'Casa Giulietta', 'Palazzo della Ragione']",Teatro Romano,strategy_nearest,False,0.002582073211669922,success
04A452C27B3F80,1,"['Casa Giulietta', 'Arena']",Torre Lamberti,"['Sighseeing', 'Centro Fotografia', 'Museo Conte', 'Palazzo della Ragione', 'AMO']",Palazzo della Ragione,strategy_nearest,True,0.003244161605834961,success
04A45EC27B3F80,3,"['Arena', 'Santa Anastasia']",Teatro Romano,"['Duomo', 'AMO', 'Palazzo della Ragione', 'Museo Conte', 'Centro Fotografia']",Duomo,strategy_nearest,True,0.0034248828887939453,success
04A466429C4C80,0,['Arena'],San Fermo,"['Museo Storia', 'Museo Radio', 'Casa Giulietta', 'Centro Fotografia', 'Sighseeing']",Teatro Romano,strategy_nearest,False,0.003486156463623047,success
04A460429C4C80,0,['Arena'],Torre Lamberti,"['Sighseeing', 'Centro Fotografia', 'Museo Conte', 'Casa Giulietta', 'Palazzo della Ragione']",Casa Giulietta,strategy_nearest,True,0.0020508766174316406,success
04A468429C4C80,3,"['Arena', 'San Fermo', 'Casa Giulietta']",Torre Lamberti,"['Sighseeing', 'Centro Fotografia', 'Museo Conte', 'Palazzo della Ragione', 'AMO']",Santa Anastasia,strategy_nearest,False,0.0026068687438964844,success
04A46C3A9C4C80,3,['Arena'],Castelvecchio,"['Museo Lapidario', 'Verona Tour', 'Museo Radio', 'San Zeno', 'Sighseeing']",Santa Anastasia,strategy_nearest,False,0.003340005874633789,success
04A47B429C4C80,3,"['Santa Anastasia', 'Torre Lamberti']",Casa Giulietta,"['Centro Fotografia', 'Sighseeing', 'Museo Conte', 'Museo Radio', 'Palazzo della Ragione']",Arena,strategy_nearest,False,0.0020589828491210938,success
04A47B4A9C4C80,3,['Arena'],Casa Giulietta,"['Centro Fotografia', 'Sighseeing', 'Torre Lamberti', 'Museo Conte', 'Museo Radio']",Torre Lamberti,strategy_nearest,True,0.0028219223022460938,success
04A4783A9C4C80,3,['Arena'],Duomo,"['AMO', 'Museo Miniscalchi', 'Santa Anastasia', 'Teatro Romano', 'Palazzo della Ragione']",Santa Anastasia,strategy_nearest,True,0.0027658939361572266,success
04A47BC27B3F80,0,['Arena'],Torre Lamberti,"['Sighseeing', 'Centro Fotografia', 'Museo Conte', 'Casa Giulietta', 'Palazzo della Ragione']",Teatro Romano,strategy_nearest,False,0.0029811859130859375,success
04A481C27B3F80,0,['Arena'],Casa Giulietta,"['Centro Fotografia', 'Sighseeing', 'Torre Lamberti', 'Museo Conte', 'Museo Radio']",Tomba Giulietta,strategy_nearest,False,0.0018548965454101562,success
04A482C27B3F80,1,"['Arena', 'Museo Lapidario', 'Palazzo della Ragione', 'Torre Lamberti']",Santa Anastasia,"['AMO', 'Museo Conte', 'Teatro Romano', 'Centro Fotografia', 'Duomo']",Duomo,strategy_nearest,True,0.002440929412841797,success
04A487C27B3F80,1,"['Arena', 'Museo Lapidario', 'Palazzo della Ragione', 'Torre Lamberti']",Santa Anastasia,"['AMO', 'Museo Conte', 'Teatro Romano', 'Centro Fotografia', 'Duomo']",Duomo,strategy_nearest,True,0.0027878284454345703,success
04A488C27B3F80,0,"['Arena', 'Castelvecchio']",Casa Giulietta,"['Centro Fotografia', 'Sighseeing', 'Torre Lamberti', 'Museo Conte', 'Museo Radio']",San Fermo,strategy_nearest,False,0.003412961959838867,success
04A48DC27B3F80,1,"['Castelvecchio', 'Giardino Giusti', 'Santa Anastasia']",Torre Lamberti,"['Sighseeing', 'Centro Fotografia', 'Museo Conte', 'Casa Giulietta', 'Palazzo della Ragione']",Palazzo della Ragione,strategy_nearest,True,0.0025489330291748047,success
04A48EC27B3F80,3,['Arena'],Casa Giulietta,"['Centro Fotografia', 'Sighseeing', 'Torre Lamberti', 'Museo Conte', 'Museo Radio']",Torre Lamberti,strategy_nearest,True,0.0033218860626220703,success
04A48F3A9C4C80,1,"['Arena', 'San Fermo']",Casa Giulietta,"['Centro Fotografia', 'Sighseeing', 'Torre Lamberti', 'Museo Conte', 'Museo Radio']",Palazzo della Ragione,strategy_nearest,False,0.0031402111053466797,success
04A499C27B3F80,3,"['Giardino Giusti', 'Teatro Romano', 'Arena', 'Torre Lamberti']",San Zeno,"['Castelvecchio', 'Verona Tour', 'Museo Lapidario', 'Museo Miniscalchi', 'Sighseeing']",Casa Giulietta,strategy_nearest,False,0.0025708675384521484,success
04A494C27B3F80,0,"['Arena', 'Castelvecchio']",Casa Giulietta,"['Centro Fotografia', 'Sighseeing', 'Torre Lamberti', 'Museo Conte', 'Museo Radio']",San Fermo,strategy_nearest,False,0.002763986587524414,success
04A49AC27B3F80,3,['Arena'],Casa Giulietta,"['Centro Fotografia', 'Sighseeing', 'Torre Lamberti', 'Museo Conte', 'Museo Radio']",Torre Lamberti,strategy_nearest,True,0.0023949146270751953,success
04A4ABC27B3F80,1,"['Teatro Romano', 'Arena', 'San Fermo']",Casa Giulietta,"['Centro Fotografia', 'Sighseeing', 'Torre Lamberti', 'Museo Conte', 'Museo Radio']",Torre Lamberti,strategy_nearest,True,0.0018258094787597656,success
04A4AD3A9C4C80,3,"['Castelvecchio', 'Arena']",Casa Giulietta,"['Centro Fotografia', 'Sighseeing', 'Torre Lamberti', 'Museo Conte', 'Museo Radio']",Santa Anastasia,strategy_nearest,False,0.0025649070739746094,success
04A49FC27B3F80,1,"['Teatro Romano', 'Arena', 'San Fermo']",Casa Giulietta,"['Centro Fotografia', 'Sighseeing', 'Torre Lamberti', 'Museo Conte', 'Museo Radio']",Torre Lamberti,strategy_nearest,True,0.0027801990509033203,success
04A4BA429C4C80,0,['Arena'],Casa Giulietta,"['Centro Fotografia', 'Sighseeing', 'Torre Lamberti', 'Museo Conte', 'Museo Radio']",Torre Lamberti,strategy_nearest,True,0.002070903778076172,success
04A4B43A9C4C80,2,['Torre Lamberti'],Santa Anastasia,"['AMO', 'Museo Conte', 'Palazzo della Ragione', 'Teatro Romano', 'Centro Fotografia']",Castelvecchio,strategy_nearest,False,0.003484964370727539,success
04A4C4C27B3F80,3,"['Arena', 'Santa Anastasia', 'Casa Giulietta']",Torre Lamberti,"['Sighseeing', 'Centro Fotografia', 'Museo Conte', 'Palazzo della Ragione', 'AMO']",Casa Giulietta,strategy_nearest,False,0.003197908401489258,success
04A4B1429C4C80,0,"['Arena', 'Torre Lamberti']",Casa Giulietta,"['Centro Fotografia', 'Sighseeing', 'Museo Conte', 'Museo Radio', 'Palazzo della Ragione']",Duomo,strategy_nearest,False,0.002064943313598633,success
04A4C7429C4C80,0,['Arena'],Casa Giulietta,"['Centro Fotografia', 'Sighseeing', 'Torre Lamberti', 'Museo Conte', 'Museo Radio']",Torre Lamberti,strategy_nearest,True,0.0024979114532470703,success
04A4C9C27B3F80,3,"['Arena', 'Santa Anastasia', 'Casa Giulietta']",Torre Lamberti,"['Sighseeing', 'Centro Fotografia', 'Museo Conte', 'Palazzo della Ragione', 'AMO']",San Fermo,strategy_nearest,False,0.0024192333221435547,success
04A4D1429C4C80,1,"['Teatro Romano', 'Duomo', 'Santa Anastasia']",Palazzo della Ragione,"['AMO', 'Museo Conte', 'Torre Lamberti', 'Centro Fotografia', 'Sighseeing']",San Fermo,strategy_nearest,False,0.003238201141357422,success
04A4CAC27B3F80,3,"['Giardino Giusti', 'Teatro Romano', 'Arena', 'Torre Lamberti']",San Zeno,"['Castelvecchio', 'Verona Tour', 'Museo Lapidario', 'Museo Miniscalchi', 'Sighseeing']",Casa Giulietta,strategy_nearest,False,0.0026590824127197266,success
04A4D2429C4C80,3,"['Arena', 'Casa Giulietta']",Duomo,"['AMO', 'Museo Miniscalchi', 'Santa Anastasia', 'Teatro Romano', 'Palazzo della Ragione']",Santa Anastasia,strategy_nearest,True,0.0034470558166503906,success
04A4D53A9C4C80,1,"['Arena', 'Torre Lamberti']",Santa Anastasia,"['AMO', 'Museo Conte', 'Palazzo della Ragione', 'Teatro Romano', 'Centro Fotografia']",San Fermo,strategy_nearest,False,0.0030379295349121094,success
04A4E53A9C4C80,3,"['Arena', 'Casa Giulietta', 'Torre Lamberti']",Santa Anastasia,"['AMO', 'Museo Conte', 'Palazzo della Ragione', 'Teatro Romano', 'Centro Fotografia']",Duomo,strategy_nearest,False,0.0024261474609375,success
04A4D73A9C4C80,3,['Arena'],Casa Giulietta,"['Centro Fotografia', 'Sighseeing', 'Torre Lamberti', 'Museo Conte', 'Museo Radio']",Santa Anastasia,strategy_nearest,False,0.003366231918334961,success
04A4E33A9C4C80,3,"['Arena', 'Casa Giulietta']",Torre Lamberti,"['Sighseeing', 'Centro Fotografia', 'Museo Conte', 'Palazzo della Ragione', 'AMO']",Santa Anastasia,strategy_nearest,False,0.003108978271484375,success
04A4D63A9C4C80,3,"['Torre Lamberti', 'Casa Giulietta', 'Arena', 'San Fermo', 'Giardino Giusti']",Santa Anastasia,"['AMO', 'Museo Conte', 'Palazzo della Ragione', 'Teatro Romano', 'Centro Fotografia']",Castelvecchio,strategy_nearest,False,0.00255584716796875,success
04A4EB429C4C80,1,"['Arena', 'Torre Lamberti', 'Palazzo della Ragione']",San Zeno,"['Castelvecchio', 'Verona Tour', 'Museo Lapidario', 'Museo Miniscalchi', 'Sighseeing']",Castelvecchio,strategy_nearest,True,0.0014998912811279297,success
04A4E83A9C4C80,1,['Palazzo della Ragione'],Torre Lamberti,"['Sighseeing', 'Centro Fotografia', 'Museo Conte', 'Casa Giulietta', 'AMO']",Arena,strategy_nearest,False,0.0028448104858398438,success
04A4E93A9C4C80,0,['Castelvecchio'],Santa Anastasia,"['AMO', 'Museo Conte', 'Palazzo della Ragione', 'Teatro Romano', 'Centro Fotografia']",Arena,strategy_nearest,False,0.0021469593048095703,success
04A4FA3A9C4C80,3,"['Santa Anastasia', 'Duomo']",Casa Giulietta,"['Centro Fotografia', 'Sighseeing', 'Torre Lamberti', 'Museo Conte', 'Museo Radio']",Arena,strategy_nearest,False,0.00356292724609375,success
04A4FF429C4C80,0,"['Tomba Giulietta', 'Casa Giulietta']",Arena,"['Verona Tour', 'Museo Lapidario', 'Museo Radio', 'San Fermo', 'Sighseeing']",Museo Lapidario,strategy_nearest,True,0.0022170543670654297,success
04A50A429C4C80,1,"['Arena', 'Torre Lamberti', 'Palazzo della Ragione']",Casa Giulietta,"['Centro Fotografia', 'Sighseeing', 'Museo Conte', 'Museo Radio', 'San Fermo']",Santa Anastasia,strategy_nearest,False,0.002596139907836914,success
04A50E3A9C4C84,0,['Arena'],Casa Giulietta,"['Centro Fotografia', 'Sighseeing', 'Torre Lamberti', 'Museo Conte', 'Museo Radio']",Duomo,strategy_nearest,False,0.002360105514526367,success
04A507429C4C80,0,['Arena'],Castelvecchio,"['Museo Lapidario', 'Verona Tour', 'Museo Radio', 'San Zeno', 'Sighseeing']",Casa Giulietta,strategy_nearest,False,0.0032427310943603516,success
04A50D3A9C4C84,3,['Arena'],Santa Anastasia,"['AMO', 'Museo Conte', 'Palazzo della Ragione', 'Teatro Romano', 'Centro Fotografia']",Torre Lamberti,strategy_nearest,False,0.003164052963256836,success
04A5183A9C4C80,2,['Casa Giulietta'],Torre Lamberti,"['Sighseeing', 'Centro Fotografia', 'Museo Conte', 'Palazzo della Ragione', 'AMO']",Teatro Romano,strategy_nearest,False,0.0021131038665771484,success
04A517429C4C80,3,['Torre Lamberti'],Santa Anastasia,"['AMO', 'Museo Conte', 'Palazzo della Ragione', 'Teatro Romano', 'Centro Fotografia']",Teatro Romano,strategy_nearest,True,0.0015540122985839844,success
04A518429C4C80,1,"['Castelvecchio', 'Arena', 'Museo Lapidario', 'Tomba Giulietta', 'San Fermo']",Casa Giulietta,"['Centro Fotografia', 'Sighseeing', 'Torre Lamberti', 'Museo Conte', 'Museo Radio']",Torre Lamberti,strategy_nearest,True,0.0032241344451904297,success
04A50E429C4C80,0,"['Arena', 'Museo Lapidario']",Castelvecchio,"['Verona Tour', 'Museo Radio', 'San Zeno', 'Sighseeing', 'Museo Miniscalchi']",Casa Giulietta,strategy_nearest,False,0.003962278366088867,success
04A51E429C4C80,1,"['Arena', 'Torre Lamberti']",Palazzo della Ragione,"['AMO', 'Museo Conte', 'Centro Fotografia', 'Sighseeing', 'Santa Anastasia']",Santa Anastasia,strategy_nearest,True,0.0027899742126464844,success
04A51D3A9C4C84,2,"['Torre Lamberti', 'Palazzo della Ragione']",Casa Giulietta,"['Centro Fotografia', 'Sighseeing', 'Museo Conte', 'Museo Radio', 'San Fermo']",Santa Anastasia,strategy_nearest,False,0.0022389888763427734,success
04A51D429C4C80,1,['Arena'],Palazzo della Ragione,"['AMO', 'Museo Conte', 'Torre Lamberti', 'Centro Fotografia', 'Sighseeing']",Santa Anastasia,strategy_nearest,False,0.0016148090362548828,success
04A5203A9C4C84,3,"['Arena', 'Casa Giulietta']",San Fermo,"['Museo Storia', 'Museo Radio', 'Centro Fotografia', 'Sighseeing', 'Torre Lamberti']",Santa Anastasia,strategy_nearest,False,0.0034799575805664062,success
04A5213A9C4C84,1,['Arena'],Casa Giulietta,"['Centro Fotografia', 'Sighseeing', 'Torre Lamberti', 'Museo Conte', 'Museo Radio']",Palazzo della Ragione,strategy_nearest,False,0.0019979476928710938,success
04A5204A9C4C80,3,"['Arena', 'Casa Giulietta']",Torre Lamberti,"['Sighseeing', 'Centro Fotografia', 'Museo Conte', 'Palazzo della Ragione', 'AMO']",Teatro Romano,strategy_nearest,False,0.0027971267700195312,success
04A5243A9C4C80,1,"['Palazzo della Ragione', 'Casa Giulietta']",Arena,"['Verona Tour', 'Museo Lapidario', 'Museo Radio', 'San Fermo', 'Sighseeing']",Torre Lamberti,strategy_nearest,False,0.0026700496673583984,success
04A5243A9C4C84,1,"['Arena', 'Palazzo della Ragione']",Torre Lamberti,"['Sighseeing', 'Centro Fotografia', 'Museo Conte', 'Casa Giulietta', 'AMO']",Casa Giulietta,strategy_nearest,True,0.0034079551696777344,success
04A527C27B3F80,1,"['Santa Anastasia', 'Arena', 'Casa Giulietta']",Torre Lamberti,"['Sighseeing', 'Centro Fotografia', 'Museo Conte', 'Palazzo della Ragione', 'AMO']",Palazzo della Ragione,strategy_nearest,True,0.0018947124481201172,success
04A528C27B3F80,0,['Casa Giulietta'],Arena,"['Verona Tour', 'Museo Lapidario', 'Museo Radio', 'San Fermo', 'Sighseeing']",Castelvecchio,strategy_nearest,False,0.0031168460845947266,success
04A525429C4C84,3,"['Arena', 'Torre Lamberti']",Casa Giulietta,"['Centro Fotografia', 'Sighseeing', 'Museo Conte', 'Museo Radio', 'Palazzo della Ragione']",Santa Anastasia,strategy_nearest,False,0.002794027328491211,success
04A52B3A9C4C80,3,"['Arena', 'Casa Giulietta']",Torre Lamberti,"['Sighseeing', 'Centro Fotografia', 'Museo Conte', 'Palazzo della Ragione', 'AMO']",Santa Anastasia,strategy_nearest,False,0.0016880035400390625,success
04A5323A9C4C80,1,"['Arena', 'Castelvecchio']",Santa Anastasia,"['AMO', 'Museo Conte', 'Palazzo della Ragione', 'Teatro Romano', 'Centro Fotografia']",Duomo,strategy_nearest,False,0.0025339126586914062,success
04A52DC27B3F80,0,['Casa Giulietta'],Arena,"['Verona Tour', 'Museo Lapidario', 'Museo Radio', 'San Fermo', 'Sighseeing']",Castelvecchio,strategy_nearest,False,0.002712726593017578,success
04A52EC27B3F80,1,"['Santa Anastasia', 'Arena', 'Casa Giulietta']",Torre Lamberti,"['Sighseeing', 'Centro Fotografia', 'Museo Conte', 'Palazzo della Ragione', 'AMO']",Palazzo della Ragione,strategy_nearest,True,0.0032148361206054688,success
04A534C27B3F80,1,"['Casa Giulietta', 'Tomba Giulietta', 'San Fermo', 'Santa Anastasia', 'Duomo']",Teatro Romano,"['AMO', 'Palazzo della Ragione', 'Museo Conte', 'Centro Fotografia', 'Museo Miniscalchi']",Castelvecchio,strategy_nearest,False,0.0019788742065429688,success
04A533C27B3F80,1,"['Casa Giulietta', 'Tomba Giulietta', 'San Fermo', 'Santa Anastasia', 'Duomo']",Teatro Romano,"['AMO', 'Palazzo della Ragione', 'Museo Conte', 'Centro Fotografia', 'Museo Miniscalchi']",Castelvecchio,strategy_nearest,False,0.0029916763305664062,success
04A539C27B3F80,6,"['Casa Giulietta', 'Santa Anastasia', 'Teatro Romano', 'Duomo']",Castelvecchio,"['Museo Lapidario', 'Verona Tour', 'Arena', 'Museo Radio', 'San Zeno']",Museo Lapidario,strategy_nearest,True,0.003239870071411133,success
04A534429C4C80,0,"['Arena', 'San Fermo']",Casa Giulietta,"['Centro Fotografia', 'Sighseeing', 'Torre Lamberti', 'Museo Conte', 'Museo Radio']",Duomo,strategy_nearest,False,0.0027697086334228516,success
04A53AC27B3F80,3,"['Casa Giulietta', 'Torre Lamberti', 'Santa Anastasia', 'Teatro Romano', 'Museo Lapidario']",Arena,"['Verona Tour', 'Museo Radio', 'San Fermo', 'Sighseeing', 'Castelvecchio']",Castelvecchio,strategy_nearest,True,0.002019166946411133,success
04A53E3A9C4C80,3,"['Arena', 'Torre Lamberti', 'Santa Anastasia']",Duomo,"['AMO', 'Museo Miniscalchi', 'Teatro Romano', 'Palazzo della Ragione', 'Museo Conte']",Teatro Romano,strategy_nearest,True,0.0019121170043945312,success
04A53A3A9C4C80,0,['Castelvecchio'],Arena,"['Verona Tour', 'Museo Lapidario', 'Museo Radio', 'San Fermo', 'Casa Giulietta']",Casa Giulietta,strategy_nearest,True,0.0033571720123291016,success
04A53F3A9C4C80,3,['Torre Lamberti'],Arena,"['Verona Tour', 'Museo Lapidario', 'Museo Radio', 'San Fermo', 'Casa Giulietta']",Castelvecchio,strategy_nearest,False,0.0032911300659179688,success
04A540429C4C80,3,"['Arena', 'Castelvecchio', 'Tomba Giulietta', 'San Fermo']",Casa Giulietta,"['Centro Fotografia', 'Sighseeing', 'Torre Lamberti', 'Museo Conte', 'Museo Radio']",Torre Lamberti,strategy_nearest,True,0.0028090476989746094,success
04A5413A9C4C80,2,"['San Zeno', 'Duomo']",Santa Anastasia,"['AMO', 'Museo Conte', 'Palazzo della Ragione', 'Teatro Romano', 'Centro Fotografia']",San Fermo,strategy_nearest,False,0.002666950225830078,success
04A53FC27B3F80,3,"['Casa Giulietta', 'Torre Lamberti', 'Santa Anastasia', 'Teatro Romano']",Museo Lapidario,"['Verona Tour', 'Arena', 'Castelvecchio', 'Museo Radio', 'San Fermo']",Arena,strategy_nearest,True,0.0023648738861083984,success
04A556429C4C80,1,"['Arena', 'Casa Giulietta']",Palazzo della Ragione,"['AMO', 'Museo Conte', 'Torre Lamberti', 'Centro Fotografia', 'Sighseeing']",Torre Lamberti,strategy_nearest,True,0.001950979232788086,success
04A543429C4C80,1,['Arena'],Casa Giulietta,"['Centro Fotografia', 'Sighseeing', 'Torre Lamberti', 'Museo Conte', 'Museo Radio']",Torre Lamberti,strategy_nearest,True,0.002586841583251953,success
04A54E3A9C4C80,3,"['Arena', 'Casa Giulietta', 'Torre Lamberti']",Santa Anastasia,"['AMO', 'Museo Conte', 'Palazzo della Ragione', 'Teatro Romano', 'Centro Fotografia']",San Zeno,strategy_nearest,False,0.00273895263671875,success
04A558C27B3F80,3,"['Duomo', 'Arena']",Castelvecchio,"['Museo Lapidario', 'Verona Tour', 'Museo Radio', 'San Zeno', 'Sighseeing']",Torre Lamberti,strategy_nearest,False,0.0017788410186767578,success
04A557C27B3F80,0,"['Casa Giulietta', 'Arena']",Castelvecchio,"['Museo Lapidario', 'Verona Tour', 'Museo Radio', 'San Zeno', 'Sighseeing']",Torre Lamberti,strategy_nearest,False,0.003529071807861328,success
04A55E429C4C80,1,"['Torre Lamberti', 'Santa Anastasia', 'Duomo', 'Casa Giulietta']",San Fermo,"['Museo Storia', 'Museo Radio', 'Centro Fotografia', 'Arena', 'Sighseeing']",Tomba Giulietta,strategy_nearest,False,0.002683877944946289,success
04A567429C4C80,3,"['Arena', 'Castelvecchio']",Torre Lamberti,"['Sighseeing', 'Centro Fotografia', 'Museo Conte', 'Casa Giulietta', 'Palazzo della Ragione']",Santa Anastasia,strategy_nearest,False,0.002438068389892578,success
04A55F429C4C80,1,"['Arena', 'Torre Lamberti']",Palazzo della Ragione,"['AMO', 'Museo Conte', 'Centro Fotografia', 'Sighseeing', 'Santa Anastasia']",Santa Anastasia,strategy_nearest,True,0.0033206939697265625,success
04A569429C4C80,3,"['Arena', 'San Fermo']",Casa Giulietta,"['Centro Fotografia', 'Sighseeing', 'Torre Lamberti', 'Museo Conte', 'Museo Radio']",Santa Anastasia,strategy_nearest,False,0.0031785964965820312,success
04A56D429C4C80,0,['Castelvecchio'],Casa Giulietta,"['Centro Fotografia', 'Sighseeing', 'Torre Lamberti', 'Museo Conte', 'Museo Radio']",Arena,strategy_nearest,False,0.002428770065307617,success
04A56E3A9C4C80,3,"['Teatro Romano', 'Castelvecchio']",San Zeno,"['Verona Tour', 'Museo Lapidario', 'Arena', 'Museo Miniscalchi', 'Sighseeing']",Arena,strategy_nearest,True,0.003120899200439453,success
04A575429C4C80,0,"['Arena', 'Museo Lapidario']",Castelvecchio,"['Verona Tour', 'Museo Radio', 'San Zeno', 'Sighseeing', 'Museo Miniscalchi']",Casa Giulietta,strategy_nearest,False,0.0034248828887939453,success
04A579429C4C80,3,"['Arena', 'Arena', 'Museo Lapidario']",Castelvecchio,"['Verona Tour', 'Museo Radio', 'San Zeno', 'Sighseeing', 'Museo Miniscalchi']",Casa Giulietta,strategy_nearest,False,0.003963947296142578,success
04A57C429C4C80,0,['Arena'],Castelvecchio,"['Museo Lapidario', 'Verona Tour', 'Museo Radio', 'San Zeno', 'Sighseeing']",Giardino Giusti,strategy_nearest,False,0.0019578933715820312,success
04A5823A9C4C80,3,"['Casa Giulietta', 'Santa Anastasia']",Teatro Romano,"['Duomo', 'AMO', 'Palazzo della Ragione', 'Museo Conte', 'Centro Fotografia']",Duomo,strategy_nearest,True,0.0026972293853759766,success
04A5853A9C4C80,1,"['Casa Giulietta', 'Arena', 'Castelvecchio']",Torre Lamberti,"['Sighseeing', 'Centro Fotografia', 'Museo Conte', 'Palazzo della Ragione', 'AMO']",Palazzo della Ragione,strategy_nearest,True,0.0031349658966064453,success
04A588429C4C80,0,"['Arena', 'San Fermo']",Casa Giulietta,"['Centro Fotografia', 'Sighseeing', 'Torre Lamberti', 'Museo Conte', 'Museo Radio']",Teatro Romano,strategy_nearest,False,0.0020859241485595703,success
04A5893A9C4C80,2,['Teatro Romano'],Duomo,"['AMO', 'Museo Miniscalchi', 'Santa Anastasia', 'Palazzo della Ragione', 'Museo Conte']",Casa Giulietta,strategy_nearest,False,0.002824068069458008,success
04A5A772743380,2,['Santa Anastasia'],Teatro Romano,"['Duomo', 'AMO', 'Palazzo della Ragione', 'Museo Conte', 'Centro Fotografia']",Casa Giulietta,strategy_nearest,False,0.0023508071899414062,success
04A58F429C4C80,1,['Arena'],Casa Giulietta,"['Centro Fotografia', 'Sighseeing', 'Torre Lamberti', 'Museo Conte', 'Museo Radio']",Palazzo della Ragione,strategy_nearest,False,0.0020368099212646484,success
04A5B5429C4C80,1,"['Arena', 'Castelvecchio']",Torre Lamberti,"['Sighseeing', 'Centro Fotografia', 'Museo Conte', 'Casa Giulietta', 'Palazzo della Ragione']",Palazzo della Ragione,strategy_nearest,True,0.002599000930786133,success
04A5A93A9C4C80,1,"['Arena', 'Casa Giulietta']",Torre Lamberti,"['Sighseeing', 'Centro Fotografia', 'Museo Conte', 'Palazzo della Ragione', 'AMO']",Palazzo della Ragione,strategy_nearest,True,0.0020999908447265625,success
04A5C6429C4C80,0,['Arena'],Santa Anastasia,"['AMO', 'Museo Conte', 'Palazzo della Ragione', 'Teatro Romano', 'Centro Fotografia']",Casa Giulietta,strategy_nearest,False,0.003412961959838867,success
04A5BC429C4C80,2,['Castelvecchio'],Torre Lamberti,"['Sighseeing', 'Centro Fotografia', 'Museo Conte', 'Casa Giulietta', 'Palazzo della Ragione']",Santa Anastasia,strategy_nearest,False,0.0027980804443359375,success
04A5C93A9C4C80,0,['Arena'],Castelvecchio,"['Museo Lapidario', 'Verona Tour', 'Museo Radio', 'San Zeno', 'Sighseeing']",Casa Giulietta,strategy_nearest,False,0.0034520626068115234,success
04A5D0429C4C80,3,"['Torre Lamberti', 'Arena']",Santa Anastasia,"['AMO', 'Museo Conte', 'Palazzo della Ragione', 'Teatro Romano', 'Centro Fotografia']",Duomo,strategy_nearest,False,0.002335071563720703,success
04A5C9429C4C80,1,"['Arena', 'Casa Giulietta']",Torre Lamberti,"['Sighseeing', 'Centro Fotografia', 'Museo Conte', 'Palazzo della Ragione', 'AMO']",Palazzo della Ragione,strategy_nearest,True,0.0019152164459228516,success
04A5D1429C4C80,1,"['Arena', 'Casa Giulietta', 'San Fermo', 'Torre Lamberti']",Palazzo della Ragione,"['AMO', 'Museo Conte', 'Centro Fotografia', 'Sighseeing', 'Santa Anastasia']",Santa Anastasia,strategy_nearest,True,0.0034570693969726562,success
04A5DA3A9C4C80,0,"['Arena', 'Santa Anastasia']",Casa Giulietta,"['Centro Fotografia', 'Sighseeing', 'Torre Lamberti', 'Museo Conte', 'Museo Radio']",Tomba Giulietta,strategy_nearest,False,0.0026481151580810547,success
04A5DB3A9C4C80,3,"['Arena', 'Castelvecchio']",Casa Giulietta,"['Centro Fotografia', 'Sighseeing', 'Torre Lamberti', 'Museo Conte', 'Museo Radio']",Santa Anastasia,strategy_nearest,False,0.002619028091430664,success
04A5DF3A9C4C80,3,"['Teatro Romano', 'Arena']",Castelvecchio,"['Museo Lapidario', 'Verona Tour', 'Museo Radio', 'San Zeno', 'Sighseeing']",Torre Lamberti,strategy_nearest,False,0.0034961700439453125,success
04A5E03A9C4C80,1,"['Arena', 'Museo Lapidario', 'Castelvecchio']",Torre Lamberti,"['Sighseeing', 'Centro Fotografia', 'Museo Conte', 'Casa Giulietta', 'Palazzo della Ragione']",Palazzo della Ragione,strategy_nearest,True,0.0027701854705810547,success
04A5F13A9C4C80,0,"['Castelvecchio', 'Arena']",Casa Giulietta,"['Centro Fotografia', 'Sighseeing', 'Torre Lamberti', 'Museo Conte', 'Museo Radio']",Duomo,strategy_nearest,False,0.002656698226928711,success
04A5E63A9C4C80,2,"['Castelvecchio', 'Casa Giulietta']",Torre Lamberti,"['Sighseeing', 'Centro Fotografia', 'Museo Conte', 'Palazzo della Ragione', 'AMO']",Teatro Romano,strategy_nearest,False,0.003534078598022461,success
04A5F4429C4C80,3,"['Casa Giulietta', 'Santa Anastasia']",Arena,"['Verona Tour', 'Museo Lapidario', 'Museo Radio', 'San Fermo', 'Sighseeing']",San Fermo,strategy_nearest,True,0.003106832504272461,success
04A609429C4C80,0,['Arena'],Casa Giulietta,"['Centro Fotografia', 'Sighseeing', 'Torre Lamberti', 'Museo Conte', 'Museo Radio']",Teatro Romano,strategy_nearest,False,0.0028121471405029297,success
04A60B429C4C84,3,"['Arena', 'Casa Giulietta', 'Torre Lamberti']",Santa Anastasia,"['AMO', 'Museo Conte', 'Palazzo della Ragione', 'Teatro Romano', 'Centro Fotografia']",Tomba Giulietta,strategy_nearest,False,0.004232883453369141,success
04A60A429C4C80,1,"['Museo Lapidario', 'Arena', 'Casa Giulietta']",Palazzo della Ragione,"['AMO', 'Museo Conte', 'Torre Lamberti', 'Centro Fotografia', 'Sighseeing']",Torre Lamberti,strategy_nearest,True,0.002804994583129883,success
04A60C429C4C80,1,"['Castelvecchio', 'Arena', 'Casa Giulietta']",Torre Lamberti,"['Sighseeing', 'Centro Fotografia', 'Museo Conte', 'Palazzo della Ragione', 'AMO']",Palazzo della Ragione,strategy_nearest,True,0.002735137939453125,success
04A612429C4C84,3,"['Arena', 'Santa Anastasia']",Giardino Giusti,"['Teatro Romano', 'Museo Conte', 'Centro Fotografia', 'Museo Storia', 'AMO']",Teatro Romano,strategy_nearest,True,0.0020380020141601562,success
04A613429C4C84,3,"['Arena', 'Santa Anastasia', 'Duomo']",Casa Giulietta,"['Centro Fotografia', 'Sighseeing', 'Torre Lamberti', 'Museo Conte', 'Museo Radio']",San Zeno,strategy_nearest,False,0.0013937950134277344,success
04A614429C4C80,1,"['Arena', 'Casa Giulietta']",Palazzo della Ragione,"['AMO', 'Museo Conte', 'Torre Lamberti', 'Centro Fotografia', 'Sighseeing']",Torre Lamberti,strategy_nearest,True,0.0032439231872558594,success
04A618429C4C84,3,"['San Fermo', 'Torre Lamberti', 'Santa Anastasia']",Duomo,"['AMO', 'Museo Miniscalchi', 'Teatro Romano', 'Palazzo della Ragione', 'Museo Conte']",Castelvecchio,strategy_nearest,False,0.002476930618286133,success
04A60F429C4C80,0,['Castelvecchio'],Arena,"['Verona Tour', 'Museo Lapidario', 'Museo Radio', 'San Fermo', 'Casa Giulietta']",Casa Giulietta,strategy_nearest,True,0.004388093948364258,success
04A615429C4C80,1,['Torre Lamberti'],Palazzo della Ragione,"['AMO', 'Museo Conte', 'Centro Fotografia', 'Sighseeing', 'Santa Anastasia']",Arena,strategy_nearest,False,0.0018310546875,success
04A61A3A9C4C80,1,"['Teatro Romano', 'Giardino Giusti', 'Palazzo della Ragione', 'Santa Anastasia']",Duomo,"['AMO', 'Museo Miniscalchi', 'Museo Conte', 'Torre Lamberti', 'Centro Fotografia']",Casa Giulietta,strategy_nearest,False,0.0024101734161376953,success
04A61A429C4C84,1,"['Torre Lamberti', 'Duomo', 'Teatro Romano', 'Casa Giulietta']",Arena,"['Verona Tour', 'Museo Lapidario', 'Museo Radio', 'San Fermo', 'Sighseeing']",Castelvecchio,strategy_nearest,False,0.002172231674194336,success
04A61B3A9C4C84,1,"['Casa Giulietta', 'Arena']",Torre Lamberti,"['Sighseeing', 'Centro Fotografia', 'Museo Conte', 'Palazzo della Ragione', 'AMO']",Palazzo della Ragione,strategy_nearest,True,0.002610921859741211,success
04A61C3A9C4C84,0,['Arena'],Torre Lamberti,"['Sighseeing', 'Centro Fotografia', 'Museo Conte', 'Casa Giulietta', 'Palazzo della Ragione']",Castelvecchio,strategy_nearest,False,0.0036051273345947266,success
04A61F3A9C4C84,1,"['Arena', 'Palazzo della Ragione']",Santa Anastasia,"['AMO', 'Museo Conte', 'Teatro Romano', 'Centro Fotografia', 'Duomo']",Teatro Romano,strategy_nearest,True,0.0026700496673583984,success
04A6233A9C4C84,3,"['Arena', 'Torre Lamberti']",Santa Anastasia,"['AMO', 'Museo Conte', 'Palazzo della Ragione', 'Teatro Romano', 'Centro Fotografia']",Teatro Romano,strategy_nearest,True,0.0031800270080566406,success
04A61E3A9C4C84,3,"['Arena', 'Casa Giulietta', 'Torre Lamberti']",Santa Anastasia,"['AMO', 'Museo Conte', 'Palazzo della Ragione', 'Teatro Romano', 'Centro Fotografia']",Teatro Romano,strategy_nearest,True,0.0034537315368652344,success
04A63B3A9C4C80,0,"['Arena', 'Casa Giulietta']",Torre Lamberti,"['Sighseeing', 'Centro Fotografia', 'Museo Conte', 'Palazzo della Ragione', 'AMO']",San Fermo,strategy_nearest,False,0.003200054168701172,success
04A63E429C4C80,0,['Arena'],Tomba Giulietta,"['San Fermo', 'Museo Storia', 'Museo Lapidario', 'Museo Radio', 'Verona Tour']",Castelvecchio,strategy_nearest,False,0.0018398761749267578,success
04A63C3A9C4C80,1,"['Casa Giulietta', 'Castelvecchio']",Arena,"['Verona Tour', 'Museo Lapidario', 'Museo Radio', 'San Fermo', 'Sighseeing']",Torre Lamberti,strategy_nearest,False,0.0026569366455078125,success
04A6433A9C4C80,2,"['Casa Giulietta', 'Torre Lamberti']",Castelvecchio,"['Museo Lapidario', 'Verona Tour', 'Arena', 'Museo Radio', 'San Zeno']",Teatro Romano,strategy_nearest,False,0.0026879310607910156,success
04A655429C4C80,0,['Arena'],Casa Giulietta,"['Centro Fotografia', 'Sighseeing', 'Torre Lamberti', 'Museo Conte', 'Museo Radio']",Torre Lamberti,strategy_nearest,True,0.003178119659423828,success
04A66B429C4C80,0,['Arena'],Torre Lamberti,"['Sighseeing', 'Centro Fotografia', 'Museo Conte', 'Casa Giulietta', 'Palazzo della Ragione']",Duomo,strategy_nearest,False,0.0024793148040771484,success
04A651429C4C80,3,"['Arena', 'Museo Lapidario']",Duomo,"['AMO', 'Museo Miniscalchi', 'Santa Anastasia', 'Teatro Romano', 'Palazzo della Ragione']",Santa Anastasia,strategy_nearest,True,0.0033936500549316406,success
04A6713A9C4C80,3,"['Santa Anastasia', 'Duomo', 'Torre Lamberti']",San Fermo,"['Museo Storia', 'Museo Radio', 'Casa Giulietta', 'Centro Fotografia', 'Arena']",Castelvecchio,strategy_nearest,False,0.0027718544006347656,success
04A682429C4C80,3,"['San Zeno', 'Castelvecchio', 'Arena']",Casa Giulietta,"['Centro Fotografia', 'Sighseeing', 'Torre Lamberti', 'Museo Conte', 'Museo Radio']",Torre Lamberti,strategy_nearest,True,0.003223896026611328,success
04A67B4A9C4C80,1,"['Torre Lamberti', 'Palazzo della Ragione', 'Casa Giulietta']",Arena,"['Verona Tour', 'Museo Lapidario', 'Museo Radio', 'San Fermo', 'Sighseeing']",Castelvecchio,strategy_nearest,False,0.0021390914916992188,success
04A67D4A9C4C80,2,['Torre Lamberti'],Castelvecchio,"['Museo Lapidario', 'Verona Tour', 'Arena', 'Museo Radio', 'San Zeno']",Casa Giulietta,strategy_nearest,False,0.0015559196472167969,success
04A68A4A9C4C80,3,"['Arena', 'Casa Giulietta']",Torre Lamberti,"['Sighseeing', 'Centro Fotografia', 'Museo Conte', 'Palazzo della Ragione', 'AMO']",Santa Anastasia,strategy_nearest,False,0.002540111541748047,success
04A6883A9C4C80,0,"['Torre Lamberti', 'Tomba Giulietta']",Casa Giulietta,"['Centro Fotografia', 'Sighseeing', 'Museo Conte', 'Museo Radio', 'Palazzo della Ragione']",Arena,strategy_nearest,False,0.0019998550415039062,success
04A6894A9C4C80,0,"['Arena', 'Torre Lamberti']",Casa Giulietta,"['Centro Fotografia', 'Sighseeing', 'Museo Conte', 'Museo Radio', 'Palazzo della Ragione']",Teatro Romano,strategy_nearest,False,0.0013780593872070312,success
04A6AA4A9C4C80,0,['Arena'],Torre Lamberti,"['Sighseeing', 'Centro Fotografia', 'Museo Conte', 'Casa Giulietta', 'Palazzo della Ragione']",Casa Giulietta,strategy_nearest,True,0.003306865692138672,success
04A6BA3A9C4C80,0,"['Casa Giulietta', 'Castelvecchio']",Arena,"['Verona Tour', 'Museo Lapidario', 'Museo Radio', 'San Fermo', 'Sighseeing']",Tomba Giulietta,strategy_nearest,False,0.0013561248779296875,success
04A6AB429C4C80,0,['Arena'],Museo Lapidario,"['Verona Tour', 'Castelvecchio', 'Museo Radio', 'San Fermo', 'Casa Giulietta']",Castelvecchio,strategy_nearest,True,0.0034530162811279297,success
04A6B4429C4C80,0,"['Arena', 'Casa Giulietta']",Torre Lamberti,"['Sighseeing', 'Centro Fotografia', 'Museo Conte', 'Palazzo della Ragione', 'AMO']",Castelvecchio,strategy_nearest,False,0.002833843231201172,success
04A6C3429C4C80,1,"['Arena', 'Casa Giulietta']",Palazzo della Ragione,"['AMO', 'Museo Conte', 'Torre Lamberti', 'Centro Fotografia', 'Sighseeing']",Castelvecchio,strategy_nearest,False,0.0031769275665283203,success
04A6CB3A9C4C80,3,"['Arena', 'Torre Lamberti']",Teatro Romano,"['Santa Anastasia', 'Duomo', 'AMO', 'Palazzo della Ragione', 'Museo Conte']",Duomo,strategy_nearest,True,0.002048969268798828,success
04A6C5429C4C80,1,"['Casa Giulietta', 'Arena']",Castelvecchio,"['Museo Lapidario', 'Verona Tour', 'Museo Radio', 'San Zeno', 'Sighseeing']",Palazzo della Ragione,strategy_nearest,False,0.002779245376586914,success
04A6DE3A9C4C80,3,['Arena'],Casa Giulietta,"['Centro Fotografia', 'Sighseeing', 'Torre Lamberti', 'Museo Conte', 'Museo Radio']",Santa Anastasia,strategy_nearest,False,0.0025451183319091797,success
04A6DA3A9C4C80,1,['Arena'],Palazzo della Ragione,"['AMO', 'Museo Conte', 'Torre Lamberti', 'Centro Fotografia', 'Sighseeing']",Santa Anastasia,strategy_nearest,False,0.0035440921783447266,success
04A6DF3A9C4C80,1,"['Teatro Romano', 'Santa Anastasia', 'Torre Lamberti', 'Palazzo della Ragione']",Casa Giulietta,"['Centro Fotografia', 'Sighseeing', 'Museo Conte', 'Museo Radio', 'San Fermo']",San Fermo,strategy_nearest,True,0.003172159194946289,success
04A6EA3A9C4C80,3,"['Santa Anastasia', 'Torre Lamberti', 'Casa Giulietta']",Arena,"['Verona Tour', 'Museo Lapidario', 'Museo Radio', 'San Fermo', 'Sighseeing']",Museo Lapidario,strategy_nearest,True,0.003033876419067383,success
04A6FB3A9C4C80,3,"['Arena', 'San Fermo']",Casa Giulietta,"['Centro Fotografia', 'Sighseeing', 'Torre Lamberti', 'Museo Conte', 'Museo Radio']",Torre Lamberti,strategy_nearest,True,0.002557992935180664,success
04A704C27B3F84,0,"['Casa Giulietta', 'Arena']",Tomba Giulietta,"['San Fermo', 'Museo Storia', 'Museo Lapidario', 'Museo Radio', 'Verona Tour']",Castelvecchio,strategy_nearest,False,0.0029859542846679688,success
04A7073A9C4C84,1,"['Casa Giulietta', 'Arena']",Torre Lamberti,"['Sighseeing', 'Centro Fotografia', 'Museo Conte', 'Palazzo della Ragione', 'AMO']",Palazzo della Ragione,strategy_nearest,True,0.002131938934326172,success
04A708429C4C80,3,"['Arena', 'Casa Giulietta']",Santa Anastasia,"['AMO', 'Museo Conte', 'Palazzo della Ragione', 'Teatro Romano', 'Centro Fotografia']",Duomo,strategy_nearest,False,0.002695798873901367,success
04A705C27B3F84,0,"['Casa Giulietta', 'Torre Lamberti', 'Arena']",Castelvecchio,"['Museo Lapidario', 'Verona Tour', 'Museo Radio', 'San Zeno', 'Sighseeing']",Museo Storia,strategy_nearest,False,0.0034606456756591797,success
04A70B429C4C84,3,"['Arena', 'Casa Giulietta', 'Teatro Romano']",Duomo,"['AMO', 'Museo Miniscalchi', 'Santa Anastasia', 'Palazzo della Ragione', 'Museo Conte']",Santa Anastasia,strategy_nearest,True,0.0032978057861328125,success
04A70D3A9C4C84,3,['Arena'],Casa Giulietta,"['Centro Fotografia', 'Sighseeing', 'Torre Lamberti', 'Museo Conte', 'Museo Radio']",Torre Lamberti,strategy_nearest,True,0.003300189971923828,success
04A70F429C4C80,0,['Arena'],Santa Anastasia,"['AMO', 'Museo Conte', 'Palazzo della Ragione', 'Teatro Romano', 'Centro Fotografia']",Castelvecchio,strategy_nearest,False,0.002607107162475586,success
04A70CC27B3F84,1,"['Casa Giulietta', 'Palazzo della Ragione', 'Santa Anastasia']",Arena,"['Verona Tour', 'Museo Lapidario', 'Museo Radio', 'San Fermo', 'Sighseeing']",Castelvecchio,strategy_nearest,False,0.0027618408203125,success
04A70BC27B3F84,1,"['Casa Giulietta', 'Palazzo della Ragione', 'Santa Anastasia']",Arena,"['Verona Tour', 'Museo Lapidario', 'Museo Radio', 'San Fermo', 'Sighseeing']",Castelvecchio,strategy_nearest,False,0.0022020339965820312,success
04A712C27B3F84,1,"['Casa Giulietta', 'Palazzo della Ragione', 'Teatro Romano', 'Duomo']",Santa Anastasia,"['AMO', 'Museo Conte', 'Centro Fotografia', 'Torre Lamberti', 'Sighseeing']",Castelvecchio,strategy_nearest,False,0.0027709007263183594,success
04A713429C4C80,0,['Arena'],Casa Giulietta,"['Centro Fotografia', 'Sighseeing', 'Torre Lamberti', 'Museo Conte', 'Museo Radio']",Duomo,strategy_nearest,False,0.0015077590942382812,success
04A716429C4C84,0,['Arena'],Casa Giulietta,"['Centro Fotografia', 'Sighseeing', 'Torre Lamberti', 'Museo Conte', 'Museo Radio']",San Zeno,strategy_nearest,False,0.002022981643676758,success
04A7183A9C4C80,0,['Castelvecchio'],Arena,"['Verona Tour', 'Museo Lapidario', 'Museo Radio', 'San Fermo', 'Casa Giulietta']",Casa Giulietta,strategy_nearest,True,0.0032591819763183594,success
04A718C27B3F84,3,"['Casa Giulietta', 'Torre Lamberti', 'Santa Anastasia']",Arena,"['Verona Tour', 'Museo Lapidario', 'Museo Radio', 'San Fermo', 'Sighseeing']",Tomba Giulietta,strategy_nearest,False,0.0019528865814208984,success
04A71A3A9C4C80,0,['Castelvecchio'],Arena,"['Verona Tour', 'Museo Lapidario', 'Museo Radio', 'San Fermo', 'Casa Giulietta']",Casa Giulietta,strategy_nearest,True,0.0025169849395751953,success
04A719C27B3F84,3,"['Casa Giulietta', 'Torre Lamberti', 'Santa Anastasia']",Arena,"['Verona Tour', 'Museo Lapidario', 'Museo Radio', 'San Fermo', 'Sighseeing']",Tomba Giulietta,strategy_nearest,False,0.003145933151245117,success
04A71A3A9C4C84,3,"['Teatro Romano', 'Giardino Giusti', 'Casa Giulietta']",Arena,"['Verona Tour', 'Museo Lapidario', 'Museo Radio', 'San Fermo', 'Sighseeing']",Duomo,strategy_nearest,False,0.0034279823303222656,success
04A71C3A9C4C80,0,['Castelvecchio'],Arena,"['Verona Tour', 'Museo Lapidario', 'Museo Radio', 'San Fermo', 'Casa Giulietta']",Casa Giulietta,strategy_nearest,True,0.0021250247955322266,success
04A71E429C4C80,3,"['Torre Lamberti', 'San Fermo']",Arena,"['Verona Tour', 'Museo Lapidario', 'Museo Radio', 'Casa Giulietta', 'Sighseeing']",Teatro Romano,strategy_nearest,False,0.0034160614013671875,success
04A71EC27B3F84,1,"['Casa Giulietta', 'Palazzo della Ragione', 'Teatro Romano', 'Duomo', 'Santa Anastasia']",Castelvecchio,"['Museo Lapidario', 'Verona Tour', 'Arena', 'Museo Radio', 'San Zeno']",San Zeno,strategy_nearest,True,0.002557992935180664,success
04A724C27B3F84,0,"['Casa Giulietta', 'Torre Lamberti']",Arena,"['Verona Tour', 'Museo Lapidario', 'Museo Radio', 'San Fermo', 'Sighseeing']",Castelvecchio,strategy_nearest,False,0.002107858657836914,success
04A71FC27B3F84,0,['Casa Giulietta'],Torre Lamberti,"['Sighseeing', 'Centro Fotografia', 'Museo Conte', 'Palazzo della Ragione', 'AMO']",Arena,strategy_nearest,False,0.002608060836791992,success
04A725C27B3F84,3,['Casa Giulietta'],Arena,"['Verona Tour', 'Museo Lapidario', 'Museo Radio', 'San Fermo', 'Sighseeing']",Teatro Romano,strategy_nearest,False,0.0025022029876708984,success
04A722429C4C84,1,"['Arena', 'Museo Lapidario', 'Torre Lamberti']",Palazzo della Ragione,"['AMO', 'Museo Conte', 'Centro Fotografia', 'Sighseeing', 'Santa Anastasia']",Casa Giulietta,strategy_nearest,False,0.003960132598876953,success
04A7264A9C4C80,3,"['Torre Lamberti', 'Arena', 'San Zeno', 'Castelvecchio']",Duomo,"['AMO', 'Museo Miniscalchi', 'Santa Anastasia', 'Teatro Romano', 'Palazzo della Ragione']",Santa Anastasia,strategy_nearest,True,0.0025599002838134766,success
04A72AC27B3F84,3,['Casa Giulietta'],Arena,"['Verona Tour', 'Museo Lapidario', 'Museo Radio', 'San Fermo', 'Sighseeing']",Teatro Romano,strategy_nearest,False,0.0019719600677490234,success
04A72B3A9C4C80,0,['Arena'],Casa Giulietta,"['Centro Fotografia', 'Sighseeing', 'Torre Lamberti', 'Museo Conte', 'Museo Radio']",Santa Anastasia,strategy_nearest,False,0.002699613571166992,success
04A73A3A9C4C80,2,['Palazzo della Ragione'],Torre Lamberti,"['Sighseeing', 'Centro Fotografia', 'Museo Conte', 'Casa Giulietta', 'AMO']",Teatro Romano,strategy_nearest,False,0.0034308433532714844,success
04A752429C4C80,3,"['Arena', 'San Fermo']",Casa Giulietta,"['Centro Fotografia', 'Sighseeing', 'Torre Lamberti', 'Museo Conte', 'Museo Radio']",Torre Lamberti,strategy_nearest,True,0.0033779144287109375,success
04A7433A9C4C80,3,"['Arena', 'Museo Lapidario', 'Castelvecchio']",Casa Giulietta,"['Centro Fotografia', 'Sighseeing', 'Torre Lamberti', 'Museo Conte', 'Museo Radio']",Santa Anastasia,strategy_nearest,False,0.0020360946655273438,success
04A73E3A9C4C80,1,"['Palazzo della Ragione', 'Casa Giulietta']",Santa Anastasia,"['AMO', 'Museo Conte', 'Teatro Romano', 'Centro Fotografia', 'Duomo']",Duomo,strategy_nearest,True,0.002706766128540039,success
04A75C429C4C80,3,"['Torre Lamberti', 'Santa Anastasia', 'Duomo']",Teatro Romano,"['AMO', 'Palazzo della Ragione', 'Museo Conte', 'Centro Fotografia', 'Museo Miniscalchi']",Casa Giulietta,strategy_nearest,False,0.0028471946716308594,success
04A76B429C4C80,2,['San Zeno'],Torre Lamberti,"['Sighseeing', 'Centro Fotografia', 'Museo Conte', 'Casa Giulietta', 'Palazzo della Ragione']",Casa Giulietta,strategy_nearest,True,0.0020139217376708984,success
04A775429C4C80,0,['Museo Lapidario'],Casa Giulietta,"['Centro Fotografia', 'Sighseeing', 'Torre Lamberti', 'Museo Conte', 'Museo Radio']",Tomba Giulietta,strategy_nearest,False,0.0025310516357421875,success
04A76C429C4C80,3,['Arena'],Casa Giulietta,"['Centro Fotografia', 'Sighseeing', 'Torre Lamberti', 'Museo Conte', 'Museo Radio']",Torre Lamberti,strategy_nearest,True,0.003225088119506836,success
04A78D3A9C4C80,0,['Castelvecchio'],Torre Lamberti,"['Sighseeing', 'Centro Fotografia', 'Museo Conte', 'Casa Giulietta', 'Palazzo della Ragione']",Arena,strategy_nearest,False,0.0025670528411865234,success
04A77A3A9C4C80,3,['Torre Lamberti'],Teatro Romano,"['Santa Anastasia', 'Duomo', 'AMO', 'Palazzo della Ragione', 'Museo Conte']",Arena,strategy_nearest,False,0.002710103988647461,success
04A7B0429C4C80,3,['Arena'],Duomo,"['AMO', 'Museo Miniscalchi', 'Santa Anastasia', 'Teatro Romano', 'Palazzo della Ragione']",Santa Anastasia,strategy_nearest,True,0.0031402111053466797,success
04A7793A9C4C80,3,"['Santa Anastasia', 'Duomo']",Teatro Romano,"['AMO', 'Palazzo della Ragione', 'Museo Conte', 'Centro Fotografia', 'Museo Miniscalchi']",Casa Giulietta,strategy_nearest,False,0.0034377574920654297,success
04A7B3429C4C80,0,['Arena'],Tomba Giulietta,"['San Fermo', 'Museo Storia', 'Museo Lapidario', 'Museo Radio', 'Verona Tour']",Torre Lamberti,strategy_nearest,False,0.002908945083618164,success
04A7BB429C4C80,0,['Arena'],Casa Giulietta,"['Centro Fotografia', 'Sighseeing', 'Torre Lamberti', 'Museo Conte', 'Museo Radio']",Torre Lamberti,strategy_nearest,True,0.0015461444854736328,success
04A7CA429C4C80,3,"['Santa Anastasia', 'Castelvecchio', 'Casa Giulietta']",San Fermo,"['Museo Storia', 'Museo Radio', 'Centro Fotografia', 'Arena', 'Sighseeing']",Arena,strategy_nearest,True,0.002669095993041992,success
04A7D3429C4C80,3,"['Giardino Giusti', 'Teatro Romano', 'Santa Anastasia']",Torre Lamberti,"['Sighseeing', 'Centro Fotografia', 'Museo Conte', 'Casa Giulietta', 'Palazzo della Ragione']",Casa Giulietta,strategy_nearest,True,0.0032079219818115234,success
04A7E73A9C4C80,3,"['Castelvecchio', 'Arena']",San Fermo,"['Museo Storia', 'Museo Radio', 'Casa Giulietta', 'Centro Fotografia', 'Sighseeing']",Santa Anastasia,strategy_nearest,False,0.001300811767578125,success
04A7ECC27B3F80,3,"['Casa Giulietta', 'Torre Lamberti', 'Arena']",Castelvecchio,"['Museo Lapidario', 'Verona Tour', 'Museo Radio', 'San Zeno', 'Sighseeing']",Santa Anastasia,strategy_nearest,False,0.001981973648071289,success
04A7DC3A9C4C80,3,"['Arena', 'Casa Giulietta', 'Torre Lamberti']",Santa Anastasia,"['AMO', 'Museo Conte', 'Palazzo della Ragione', 'Teatro Romano', 'Centro Fotografia']",Duomo,strategy_nearest,False,0.0027070045471191406,success
04A7EDC27B3F80,3,"['Casa Giulietta', 'Torre Lamberti', 'Arena']",Castelvecchio,"['Museo Lapidario', 'Verona Tour', 'Museo Radio', 'San Zeno', 'Sighseeing']",Santa Anastasia,strategy_nearest,False,0.003876924514770508,success
04A7F0429C4C80,1,"['Teatro Romano', 'Duomo', 'Arena', 'Castelvecchio']",Torre Lamberti,"['Sighseeing', 'Centro Fotografia', 'Museo Conte', 'Casa Giulietta', 'Palazzo della Ragione']",Casa Giulietta,strategy_nearest,True,0.0030698776245117188,success
04A7F2C27B3F80,0,"['Casa Giulietta', 'Castelvecchio']",Arena,"['Verona Tour', 'Museo Lapidario', 'Museo Radio', 'San Fermo', 'Sighseeing']",San Zeno,strategy_nearest,False,0.0031402111053466797,success
04A7F3C27B3F80,0,"['Casa Giulietta', 'Castelvecchio']",Arena,"['Verona Tour', 'Museo Lapidario', 'Museo Radio', 'San Fermo', 'Sighseeing']",San Zeno,strategy_nearest,False,0.002541065216064453,success
04A7F8C27B3F80,0,['Casa Giulietta'],Arena,"['Verona Tour', 'Museo Lapidario', 'Museo Radio', 'San Fermo', 'Sighseeing']",Tomba Giulietta,strategy_nearest,False,0.00196075439453125,success
04A7F9C27B3F80,1,"['Castelvecchio', 'Giardino Giusti', 'Santa Anastasia']",Torre Lamberti,"['Sighseeing', 'Centro Fotografia', 'Museo Conte', 'Casa Giulietta', 'Palazzo della Ragione']",Palazzo della Ragione,strategy_nearest,True,0.0025599002838134766,success
04A7F73A9C4C80,0,['Torre Lamberti'],Arena,"['Verona Tour', 'Museo Lapidario', 'Museo Radio', 'San Fermo', 'Casa Giulietta']",Casa Giulietta,strategy_nearest,True,0.003331899642944336,success
04A7FE429C4C80,1,"['Arena', 'Torre Lamberti']",Palazzo della Ragione,"['AMO', 'Museo Conte', 'Centro Fotografia', 'Sighseeing', 'Santa Anastasia']",Duomo,strategy_nearest,False,0.0030531883239746094,success
04A80C429C4C80,0,"['Arena', 'Castelvecchio']",Torre Lamberti,"['Sighseeing', 'Centro Fotografia', 'Museo Conte', 'Casa Giulietta', 'Palazzo della Ragione']",Casa Giulietta,strategy_nearest,True,0.0030410289764404297,success
04A7FFC27B3F80,0,"['Casa Giulietta', 'Arena']",Tomba Giulietta,"['San Fermo', 'Museo Storia', 'Museo Lapidario', 'Museo Radio', 'Verona Tour']",Castelvecchio,strategy_nearest,False,0.004472017288208008,success
04A7FEC27B3F80,0,"['Museo Storia', 'Casa Giulietta']",Arena,"['Verona Tour', 'Museo Lapidario', 'Museo Radio', 'San Fermo', 'Sighseeing']",Torre Lamberti,strategy_nearest,False,0.003290891647338867,success
04A80A429C4C80,0,['Arena'],Casa Giulietta,"['Centro Fotografia', 'Sighseeing', 'Torre Lamberti', 'Museo Conte', 'Museo Radio']",Teatro Romano,strategy_nearest,False,0.0025222301483154297,success
04A80D429C4C80,3,"['Arena', 'Castelvecchio', 'Torre Lamberti']",Casa Giulietta,"['Centro Fotografia', 'Sighseeing', 'Museo Conte', 'Museo Radio', 'Palazzo della Ragione']",Santa Anastasia,strategy_nearest,False,0.00151824951171875,success
04A80D429C4C84,3,"['Castelvecchio', 'Duomo']",Santa Anastasia,"['AMO', 'Museo Conte', 'Palazzo della Ragione', 'Teatro Romano', 'Centro Fotografia']",Arena,strategy_nearest,False,0.0022430419921875,success
04A80E3A9C4C80,1,"['Arena', 'Santa Anastasia', 'Duomo']",Teatro Romano,"['AMO', 'Palazzo della Ragione', 'Museo Conte', 'Centro Fotografia', 'Museo Miniscalchi']",San Fermo,strategy_nearest,False,0.002852916717529297,success
04A812429C4C80,3,"['Arena', 'Torre Lamberti']",Casa Giulietta,"['Centro Fotografia', 'Sighseeing', 'Museo Conte', 'Museo Radio', 'Palazzo della Ragione']",Santa Anastasia,strategy_nearest,False,0.0030269622802734375,success
04A812C27B3F84,2,"['Casa Giulietta', 'Castelvecchio']",Tomba Giulietta,"['San Fermo', 'Museo Storia', 'Arena', 'Museo Lapidario', 'Museo Radio']",Duomo,strategy_nearest,False,0.0027451515197753906,success
04A813429C4C80,0,['Arena'],Casa Giulietta,"['Centro Fotografia', 'Sighseeing', 'Torre Lamberti', 'Museo Conte', 'Museo Radio']",Teatro Romano,strategy_nearest,False,0.0033369064331054688,success
04A8163A9C4C84,1,['Arena'],Casa Giulietta,"['Centro Fotografia', 'Sighseeing', 'Torre Lamberti', 'Museo Conte', 'Museo Radio']",Torre Lamberti,strategy_nearest,True,0.0033800601959228516,success
04A813C27B3F84,2,"['Casa Giulietta', 'Castelvecchio', 'Tomba Giulietta']",Giardino Giusti,"['Santa Anastasia', 'Teatro Romano', 'Museo Conte', 'Centro Fotografia', 'Museo Storia']",Duomo,strategy_nearest,False,0.0027420520782470703,success
04A8173A9C4C84,0,['Arena'],Casa Giulietta,"['Centro Fotografia', 'Sighseeing', 'Torre Lamberti', 'Museo Conte', 'Museo Radio']",Duomo,strategy_nearest,False,0.0025551319122314453,success
04A818C27B3F84,4,"['Casa Giulietta', 'Torre Lamberti', 'Palazzo della Ragione', 'Arena']",Castelvecchio,"['Museo Lapidario', 'Verona Tour', 'Museo Radio', 'San Zeno', 'Sighseeing']",Tomba Giulietta,strategy_nearest,False,0.003489971160888672,success
04A819C27B3F84,4,"['Casa Giulietta', 'Torre Lamberti', 'Palazzo della Ragione', 'Arena']",Castelvecchio,"['Museo Lapidario', 'Verona Tour', 'Museo Radio', 'San Zeno', 'Sighseeing']",Tomba Giulietta,strategy_nearest,False,0.003432035446166992,success
04A81D3A9C4C84,3,"['Arena', 'Casa Giulietta']",Torre Lamberti,"['Sighseeing', 'Centro Fotografia', 'Museo Conte', 'Palazzo della Ragione', 'AMO']",Santa Anastasia,strategy_nearest,False,0.0024361610412597656,success
04A81D429C4C84,3,"['San Fermo', 'Duomo', 'Casa Giulietta']",Torre Lamberti,"['Sighseeing', 'Centro Fotografia', 'Museo Conte', 'Palazzo della Ragione', 'AMO']",Arena,strategy_nearest,False,0.0034248828887939453,success
04A8223A9C4C84,1,"['Arena', 'Torre Lamberti']",Palazzo della Ragione,"['AMO', 'Museo Conte', 'Centro Fotografia', 'Sighseeing', 'Santa Anastasia']",Santa Anastasia,strategy_nearest,True,0.0020360946655273438,success
04A81FC27B3F84,0,['Casa Giulietta'],Tomba Giulietta,"['San Fermo', 'Museo Storia', 'Arena', 'Museo Lapidario', 'Museo Radio']",Arena,strategy_nearest,True,0.004904031753540039,success
04A824C27B3F84,0,['Casa Giulietta'],Tomba Giulietta,"['San Fermo', 'Museo Storia', 'Arena', 'Museo Lapidario', 'Museo Radio']",Arena,strategy_nearest,True,0.0029687881469726562,success
04A8243A9C4C80,1,"['Arena', 'Castelvecchio']",Casa Giulietta,"['Centro Fotografia', 'Sighseeing', 'Torre Lamberti', 'Museo Conte', 'Museo Radio']",Palazzo della Ragione,strategy_nearest,False,0.002716064453125,success
04A82AC27B3F84,3,"['Casa Giulietta', 'Arena', 'Santa Anastasia']",Duomo,"['AMO', 'Museo Miniscalchi', 'Teatro Romano', 'Palazzo della Ragione', 'Museo Conte']",Torre Lamberti,strategy_nearest,False,0.003223896026611328,success
04A825C27B3F84,3,"['Casa Giulietta', 'Arena', 'Santa Anastasia']",Duomo,"['AMO', 'Museo Miniscalchi', 'Teatro Romano', 'Palazzo della Ragione', 'Museo Conte']",Torre Lamberti,strategy_nearest,False,0.0027298927307128906,success
04A8253A9C4C84,0,['Arena'],Museo Lapidario,"['Verona Tour', 'Castelvecchio', 'Museo Radio', 'San Fermo', 'Casa Giulietta']",Casa Giulietta,strategy_nearest,True,0.002635955810546875,success
04A8393A9C4C80,3,"['San Zeno', 'Arena']",Santa Anastasia,"['AMO', 'Museo Conte', 'Palazzo della Ragione', 'Teatro Romano', 'Centro Fotografia']",Duomo,strategy_nearest,False,0.0025196075439453125,success
04A8553A9C4C80,0,"['Arena', 'Casa Giulietta']",Castelvecchio,"['Museo Lapidario', 'Verona Tour', 'Museo Radio', 'San Zeno', 'Sighseeing']",San Zeno,strategy_nearest,True,0.0032320022583007812,success
04A83D3A9C4C80,3,"['Arena', 'Casa Giulietta', 'Torre Lamberti']",Teatro Romano,"['Santa Anastasia', 'Duomo', 'AMO', 'Palazzo della Ragione', 'Museo Conte']",Duomo,strategy_nearest,True,0.002218961715698242,success
04A850429C4C80,1,['Arena'],Casa Giulietta,"['Centro Fotografia', 'Sighseeing', 'Torre Lamberti', 'Museo Conte', 'Museo Radio']",Palazzo della Ragione,strategy_nearest,False,0.002660036087036133,success
04A84A3A9C4C80,0,"['Castelvecchio', 'Arena']",Casa Giulietta,"['Centro Fotografia', 'Sighseeing', 'Torre Lamberti', 'Museo Conte', 'Museo Radio']",Tomba Giulietta,strategy_nearest,False,0.0015649795532226562,success
04A85E429C4C80,1,"['Arena', 'Casa Giulietta']",Palazzo della Ragione,"['AMO', 'Museo Conte', 'Torre Lamberti', 'Centro Fotografia', 'Sighseeing']",Torre Lamberti,strategy_nearest,True,0.0021822452545166016,success
04A876429C4C80,0,['Castelvecchio'],Arena,"['Verona Tour', 'Museo Lapidario', 'Museo Radio', 'San Fermo', 'Casa Giulietta']",Casa Giulietta,strategy_nearest,True,0.002660989761352539,success
04A867429C4C80,0,['Arena'],Castelvecchio,"['Museo Lapidario', 'Verona Tour', 'Museo Radio', 'San Zeno', 'Sighseeing']",Casa Giulietta,strategy_nearest,False,0.003345012664794922,success
04A864429C4C80,3,"['Castelvecchio', 'Santa Anastasia']",Duomo,"['AMO', 'Museo Miniscalchi', 'Teatro Romano', 'Palazzo della Ragione', 'Museo Conte']",San Zeno,strategy_nearest,False,0.0014660358428955078,success
04A87F3A9C4C80,3,['Arena'],Casa Giulietta,"['Centro Fotografia', 'Sighseeing', 'Torre Lamberti', 'Museo Conte', 'Museo Radio']",Santa Anastasia,strategy_nearest,False,0.002022266387939453,success
04A87C429C4C80,0,['Castelvecchio'],Arena,"['Verona Tour', 'Museo Lapidario', 'Museo Radio', 'San Fermo', 'Casa Giulietta']",Casa Giulietta,strategy_nearest,True,0.003226757049560547,success
04A8824A9C4C80,3,"['Arena', 'Casa Giulietta']",Torre Lamberti,"['Sighseeing', 'Centro Fotografia', 'Museo Conte', 'Palazzo della Ragione', 'AMO']",Santa Anastasia,strategy_nearest,False,0.0013880729675292969,success
04A8864A9C4C80,0,['Arena'],Casa Giulietta,"['Centro Fotografia', 'Sighseeing', 'Torre Lamberti', 'Museo Conte', 'Museo Radio']",Santa Anastasia,strategy_nearest,False,0.0039958953857421875,success
04A88C3A9C4C80,0,"['Duomo', 'Casa Giulietta']",Arena,"['Verona Tour', 'Museo Lapidario', 'Museo Radio', 'San Fermo', 'Sighseeing']",Tomba Giulietta,strategy_nearest,False,0.0013811588287353516,success
04A89F4A9C4C80,0,['Arena'],Casa Giulietta,"['Centro Fotografia', 'Sighseeing', 'Torre Lamberti', 'Museo Conte', 'Museo Radio']",Teatro Romano,strategy_nearest,False,0.0027930736541748047,success
04A8A44A9C4C80,3,['Arena'],Santa Anastasia,"['AMO', 'Museo Conte', 'Palazzo della Ragione', 'Teatro Romano', 'Centro Fotografia']",Duomo,strategy_nearest,False,0.0033791065216064453,success
04A8A84A9C4C80,1,['Arena'],Palazzo della Ragione,"['AMO', 'Museo Conte', 'Torre Lamberti', 'Centro Fotografia', 'Sighseeing']",Torre Lamberti,strategy_nearest,True,0.00240325927734375,success
04A8A9429C4C80,3,"['Castelvecchio', 'Arena']",Torre Lamberti,"['Sighseeing', 'Centro Fotografia', 'Museo Conte', 'Casa Giulietta', 'Palazzo della Ragione']",Casa Giulietta,strategy_nearest,True,0.002821207046508789,success
04A8ABC27B3F80,1,"['Casa Giulietta', 'Torre Lamberti', 'Palazzo della Ragione']",Arena,"['Verona Tour', 'Museo Lapidario', 'Museo Radio', 'San Fermo', 'Sighseeing']",Museo Lapidario,strategy_nearest,True,0.0024662017822265625,success
04A8AD3A9C4C80,0,['Arena'],Casa Giulietta,"['Centro Fotografia', 'Sighseeing', 'Torre Lamberti', 'Museo Conte', 'Museo Radio']",Torre Lamberti,strategy_nearest,True,0.0030918121337890625,success
04A8AAC27B3F80,1,"['Casa Giulietta', 'Casa Giulietta', 'Torre Lamberti']",Palazzo della Ragione,"['AMO', 'Museo Conte', 'Centro Fotografia', 'Sighseeing', 'Santa Anastasia']",Arena,strategy_nearest,False,0.004225015640258789,success
04A8B0C27B3F80,3,"['Casa Giulietta', 'Duomo']",Teatro Romano,"['Santa Anastasia', 'AMO', 'Palazzo della Ragione', 'Museo Conte', 'Centro Fotografia']",Torre Lamberti,strategy_nearest,False,0.0033059120178222656,success
04A8B1C27B3F80,3,"['Casa Giulietta', 'Duomo']",Teatro Romano,"['Santa Anastasia', 'AMO', 'Palazzo della Ragione', 'Museo Conte', 'Centro Fotografia']",Torre Lamberti,strategy_nearest,False,0.003264904022216797,success
04A8B8429C4C80,3,"['Arena', 'Casa Giulietta']",Torre Lamberti,"['Sighseeing', 'Centro Fotografia', 'Museo Conte', 'Palazzo della Ragione', 'AMO']",Santa Anastasia,strategy_nearest,False,0.003074169158935547,success
04A8B7C27B3F80,1,"['Casa Giulietta', 'Santa Anastasia', 'Arena', 'Torre Lamberti', 'Teatro Romano']",Duomo,"['AMO', 'Museo Miniscalchi', 'Palazzo della Ragione', 'Museo Conte', 'Centro Fotografia']",Castelvecchio,strategy_nearest,False,0.0034942626953125,success
04A8B6C27B3F80,1,"['Casa Giulietta', 'Santa Anastasia', 'Arena', 'Torre Lamberti', 'Teatro Romano']",Duomo,"['AMO', 'Museo Miniscalchi', 'Palazzo della Ragione', 'Museo Conte', 'Centro Fotografia']",Castelvecchio,strategy_nearest,False,0.002696990966796875,success
04A8BCC27B3F80,1,"['Casa Giulietta', 'Torre Lamberti', 'Palazzo della Ragione', 'Santa Anastasia']",Teatro Romano,"['Duomo', 'AMO', 'Museo Conte', 'Centro Fotografia', 'Museo Miniscalchi']",Duomo,strategy_nearest,True,0.0030379295349121094,success
04A8BD429C4C80,3,"['Arena', 'Casa Giulietta']",Torre Lamberti,"['Sighseeing', 'Centro Fotografia', 'Museo Conte', 'Palazzo della Ragione', 'AMO']",Santa Anastasia,strategy_nearest,False,0.0018310546875,success
04A8BDC27B3F80,1,"['Casa Giulietta', 'Torre Lamberti', 'Palazzo della Ragione', 'Santa Anastasia']",Teatro Romano,"['Duomo', 'AMO', 'Museo Conte', 'Centro Fotografia', 'Museo Miniscalchi']",Duomo,strategy_nearest,True,0.0028400421142578125,success
04A8C2C27B3F80,2,"['Casa Giulietta', 'Torre Lamberti']",Giardino Giusti,"['Santa Anastasia', 'Teatro Romano', 'Museo Conte', 'Centro Fotografia', 'Museo Storia']",Castelvecchio,strategy_nearest,False,0.002485036849975586,success
04A8C1429C4C80,3,"['Casa Giulietta', 'Santa Anastasia']",Duomo,"['AMO', 'Museo Miniscalchi', 'Teatro Romano', 'Palazzo della Ragione', 'Museo Conte']",Arena,strategy_nearest,False,0.003985881805419922,success
04A8C8C27B3F80,3,"['Casa Giulietta', 'Giardino Giusti', 'San Fermo', 'Arena']",Santa Anastasia,"['AMO', 'Museo Conte', 'Palazzo della Ragione', 'Teatro Romano', 'Centro Fotografia']",Duomo,strategy_nearest,False,0.0029282569885253906,success
04A8CFC27B3F80,3,"['Casa Giulietta', 'Teatro Romano', 'Santa Anastasia']",Torre Lamberti,"['Sighseeing', 'Centro Fotografia', 'Museo Conte', 'Palazzo della Ragione', 'AMO']",Tomba Giulietta,strategy_nearest,False,0.0026540756225585938,success
04A8C9C27B3F80,3,"['Casa Giulietta', 'Giardino Giusti', 'San Fermo', 'Arena']",Santa Anastasia,"['AMO', 'Museo Conte', 'Palazzo della Ragione', 'Teatro Romano', 'Centro Fotografia']",Duomo,strategy_nearest,False,0.00419926643371582,success
04A8D4C27B3F80,3,"['Casa Giulietta', 'Teatro Romano', 'Santa Anastasia']",Torre Lamberti,"['Sighseeing', 'Centro Fotografia', 'Museo Conte', 'Palazzo della Ragione', 'AMO']",Tomba Giulietta,strategy_nearest,False,0.0032219886779785156,success
04A8CEC27B3F80,3,"['Casa Giulietta', 'Teatro Romano', 'Santa Anastasia']",Torre Lamberti,"['Sighseeing', 'Centro Fotografia', 'Museo Conte', 'Palazzo della Ragione', 'AMO']",Tomba Giulietta,strategy_nearest,False,0.0021190643310546875,success
04A8D8429C4C80,1,"['Arena', 'Casa Giulietta', 'Torre Lamberti']",Palazzo della Ragione,"['AMO', 'Museo Conte', 'Centro Fotografia', 'Sighseeing', 'Santa Anastasia']",Teatro Romano,strategy_nearest,False,0.0033991336822509766,success
04A8DAC27B3F80,3,"['Casa Giulietta', 'Teatro Romano', 'Santa Anastasia']",Torre Lamberti,"['Sighseeing', 'Centro Fotografia', 'Museo Conte', 'Palazzo della Ragione', 'AMO']",Tomba Giulietta,strategy_nearest,False,0.002003908157348633,success
04A8DBC27B3F80,0,"['Casa Giulietta', 'Arena']",Castelvecchio,"['Museo Lapidario', 'Verona Tour', 'Museo Radio', 'San Zeno', 'Sighseeing']",Torre Lamberti,strategy_nearest,False,0.003326892852783203,success
04A8DC429C4C80,3,"['Arena', 'Casa Giulietta', 'San Zeno']",Duomo,"['AMO', 'Museo Miniscalchi', 'Santa Anastasia', 'Teatro Romano', 'Palazzo della Ragione']",Santa Anastasia,strategy_nearest,True,0.0025370121002197266,success
04A8E0C27B3F80,2,"['Casa Giulietta', 'Torre Lamberti']",Giardino Giusti,"['Santa Anastasia', 'Teatro Romano', 'Museo Conte', 'Centro Fotografia', 'Museo Storia']",Castelvecchio,strategy_nearest,False,0.0025451183319091797,success
04A8E23A9C4C80,2,['Palazzo della Ragione'],Torre Lamberti,"['Sighseeing', 'Centro Fotografia', 'Museo Conte', 'Casa Giulietta', 'AMO']",Casa Giulietta,strategy_nearest,True,0.0026886463165283203,success
04A8E1C27B3F80,3,"['Tomba Giulietta', 'Santa Anastasia', 'Museo Lapidario']",Arena,"['Verona Tour', 'Museo Radio', 'San Fermo', 'Casa Giulietta', 'Sighseeing']",Casa Giulietta,strategy_nearest,True,0.0031697750091552734,success
04A8E33A9C4C80,3,"['Arena', 'Castelvecchio']",Casa Giulietta,"['Centro Fotografia', 'Sighseeing', 'Torre Lamberti', 'Museo Conte', 'Museo Radio']",Santa Anastasia,strategy_nearest,False,0.00403904914855957,success
04A8E6C27B3F80,0,"['Casa Giulietta', 'Arena']",Castelvecchio,"['Museo Lapidario', 'Verona Tour', 'Museo Radio', 'San Zeno', 'Sighseeing']",Torre Lamberti,strategy_nearest,False,0.003046751022338867,success
04A8E7C27B3F80,3,"['Tomba Giulietta', 'Santa Anastasia', 'Museo Lapidario']",Arena,"['Verona Tour', 'Museo Radio', 'San Fermo', 'Casa Giulietta', 'Sighseeing']",Casa Giulietta,strategy_nearest,True,0.0021729469299316406,success
04A8E73A9C4C80,0,['Arena'],Casa Giulietta,"['Centro Fotografia', 'Sighseeing', 'Torre Lamberti', 'Museo Conte', 'Museo Radio']",Torre Lamberti,strategy_nearest,True,0.0015559196472167969,success
04A8ECC27B3F80,1,"['Casa Giulietta', 'Arena', 'Palazzo della Ragione', 'Torre Lamberti']",Castelvecchio,"['Museo Lapidario', 'Verona Tour', 'Museo Radio', 'San Zeno', 'Sighseeing']",Museo Lapidario,strategy_nearest,True,0.0027420520782470703,success
04A8E83A9C4C80,3,"['Arena', 'Casa Giulietta']",Torre Lamberti,"['Sighseeing', 'Centro Fotografia', 'Museo Conte', 'Palazzo della Ragione', 'AMO']",Santa Anastasia,strategy_nearest,False,0.0034990310668945312,success
04A8EDC27B3F80,1,"['Casa Giulietta', 'Arena', 'Palazzo della Ragione', 'Torre Lamberti']",Castelvecchio,"['Museo Lapidario', 'Verona Tour', 'Museo Radio', 'San Zeno', 'Sighseeing']",Museo Lapidario,strategy_nearest,True,0.0025861263275146484,success
04A8F2C27B3F80,3,"['Casa Giulietta', 'Arena', 'Santa Anastasia']",Duomo,"['AMO', 'Museo Miniscalchi', 'Teatro Romano', 'Palazzo della Ragione', 'Museo Conte']",Teatro Romano,strategy_nearest,True,0.002546072006225586,success
04A8F3C27B3F80,1,"['Casa Giulietta', 'Palazzo della Ragione', 'Arena', 'Tomba Giulietta', 'Castelvecchio']",San Zeno,"['Verona Tour', 'Museo Lapidario', 'Museo Miniscalchi', 'Sighseeing', 'Museo Radio']",Torre Lamberti,strategy_nearest,False,0.0027091503143310547,success
04A8F8429C4C80,0,['Casa Giulietta'],Santa Anastasia,"['AMO', 'Museo Conte', 'Palazzo della Ragione', 'Teatro Romano', 'Centro Fotografia']",Arena,strategy_nearest,False,0.0032808780670166016,success
04A8F8C27B3F80,1,"['Casa Giulietta', 'Palazzo della Ragione', 'Arena', 'Tomba Giulietta', 'Castelvecchio']",San Zeno,"['Verona Tour', 'Museo Lapidario', 'Museo Miniscalchi', 'Sighseeing', 'Museo Radio']",Torre Lamberti,strategy_nearest,False,0.002126932144165039,success
04A9123A9C4C80,3,"['Arena', 'Casa Giulietta', 'San Fermo']",Torre Lamberti,"['Sighseeing', 'Centro Fotografia', 'Museo Conte', 'Palazzo della Ragione', 'AMO']",Santa Anastasia,strategy_nearest,False,0.0026900768280029297,success
04A912C27B3F80,3,"['Casa Giulietta', 'Santa Anastasia', 'Duomo']",San Fermo,"['Museo Storia', 'Museo Radio', 'Centro Fotografia', 'Arena', 'Sighseeing']",Castelvecchio,strategy_nearest,False,0.0032927989959716797,success
04A908429C4C80,1,"['Arena', 'Tomba Giulietta', 'San Fermo', 'Casa Giulietta']",Torre Lamberti,"['Sighseeing', 'Centro Fotografia', 'Museo Conte', 'Palazzo della Ragione', 'AMO']",Palazzo della Ragione,strategy_nearest,True,0.002779245376586914,success
04A915429C4C80,0,['Arena'],Museo Lapidario,"['Verona Tour', 'Castelvecchio', 'Museo Radio', 'San Fermo', 'Casa Giulietta']",Casa Giulietta,strategy_nearest,True,0.003143787384033203,success
04A9163A9C4C84,1,"['Santa Anastasia', 'Torre Lamberti']",Palazzo della Ragione,"['AMO', 'Museo Conte', 'Centro Fotografia', 'Sighseeing', 'Museo Miniscalchi']",Arena,strategy_nearest,False,0.002583026885986328,success
04A9163A9C4C80,3,['Arena'],Duomo,"['AMO', 'Museo Miniscalchi', 'Santa Anastasia', 'Teatro Romano', 'Palazzo della Ragione']",Santa Anastasia,strategy_nearest,True,0.0017559528350830078,success
04A918429C4C80,3,['Arena'],Torre Lamberti,"['Sighseeing', 'Centro Fotografia', 'Museo Conte', 'Casa Giulietta', 'Palazzo della Ragione']",Duomo,strategy_nearest,False,0.00363922119140625,success
04A91AC27B3F80,3,"['San Zeno', 'Castelvecchio', 'Arena', 'Casa Giulietta']",San Fermo,"['Museo Storia', 'Museo Radio', 'Centro Fotografia', 'Sighseeing', 'Torre Lamberti']",Giardino Giusti,strategy_nearest,False,0.0038738250732421875,success
04A91D429C4C80,0,['Arena'],Casa Giulietta,"['Centro Fotografia', 'Sighseeing', 'Torre Lamberti', 'Museo Conte', 'Museo Radio']",Torre Lamberti,strategy_nearest,True,0.002521991729736328,success
04A91D3A9C4C84,1,['Arena'],Palazzo della Ragione,"['AMO', 'Museo Conte', 'Torre Lamberti', 'Centro Fotografia', 'Sighseeing']",Torre Lamberti,strategy_nearest,True,0.002000093460083008,success
04A91F3A9C4C84,0,['Arena'],Castelvecchio,"['Museo Lapidario', 'Verona Tour', 'Museo Radio', 'San Zeno', 'Sighseeing']",Casa Giulietta,strategy_nearest,False,0.001196146011352539,success
04A9203A9C4C84,1,"['Arena', 'Casa Giulietta']",Palazzo della Ragione,"['AMO', 'Museo Conte', 'Torre Lamberti', 'Centro Fotografia', 'Sighseeing']",Torre Lamberti,strategy_nearest,True,0.0017681121826171875,success
04A924429C4C84,3,['Arena'],Santa Anastasia,"['AMO', 'Museo Conte', 'Palazzo della Ragione', 'Teatro Romano', 'Centro Fotografia']",Teatro Romano,strategy_nearest,True,0.0026412010192871094,success
04A9223A9C4C80,3,"['Arena', 'Torre Lamberti']",Santa Anastasia,"['AMO', 'Museo Conte', 'Palazzo della Ragione', 'Teatro Romano', 'Centro Fotografia']",Duomo,strategy_nearest,False,0.003462076187133789,success
04A927C27B3F80,3,"['San Zeno', 'Castelvecchio', 'Arena', 'Casa Giulietta']",San Fermo,"['Museo Storia', 'Museo Radio', 'Centro Fotografia', 'Sighseeing', 'Torre Lamberti']",Giardino Giusti,strategy_nearest,False,0.002583026885986328,success
04A926C27B3F80,1,"['Castelvecchio', 'Arena', 'Tomba Giulietta']",San Fermo,"['Museo Storia', 'Museo Radio', 'Casa Giulietta', 'Centro Fotografia', 'Sighseeing']",Museo Storia,strategy_nearest,True,0.0034258365631103516,success
04A92C429C4C80,0,['Arena'],Casa Giulietta,"['Centro Fotografia', 'Sighseeing', 'Torre Lamberti', 'Museo Conte', 'Museo Radio']",Castelvecchio,strategy_nearest,False,0.0023779869079589844,success
04A934C27B3F80,1,"['Castelvecchio', 'Arena', 'Tomba Giulietta']",San Fermo,"['Museo Storia', 'Museo Radio', 'Casa Giulietta', 'Centro Fotografia', 'Sighseeing']",Museo Storia,strategy_nearest,True,0.003422975540161133,success
04A93F3A9C4C80,1,"['Castelvecchio', 'Arena']",Torre Lamberti,"['Sighseeing', 'Centro Fotografia', 'Museo Conte', 'Casa Giulietta', 'Palazzo della Ragione']",Palazzo della Ragione,strategy_nearest,True,0.0034902095794677734,success
04A932C27B3F80,1,"['San Zeno', 'Casa Giulietta']",Torre Lamberti,"['Sighseeing', 'Centro Fotografia', 'Museo Conte', 'Palazzo della Ragione', 'AMO']",Palazzo della Ragione,strategy_nearest,True,0.0029802322387695312,success
04A944BA7B3F80,1,"['San Fermo', 'Casa Giulietta', 'Palazzo della Ragione']",Santa Anastasia,"['AMO', 'Museo Conte', 'Teatro Romano', 'Centro Fotografia', 'Duomo']",Arena,strategy_nearest,False,0.003092050552368164,success
04A94B429C4C80,3,"['Arena', 'Castelvecchio', 'Torre Lamberti']",Duomo,"['AMO', 'Museo Miniscalchi', 'Santa Anastasia', 'Teatro Romano', 'Palazzo della Ragione']",Teatro Romano,strategy_nearest,True,0.0019860267639160156,success
04A94FC27B3F80,3,['Arena'],Santa Anastasia,"['AMO', 'Museo Conte', 'Palazzo della Ragione', 'Teatro Romano', 'Centro Fotografia']",Duomo,strategy_nearest,False,0.0026578903198242188,success
04A9513A9C4C80,3,"['Arena', 'Casa Giulietta', 'Torre Lamberti']",Santa Anastasia,"['AMO', 'Museo Conte', 'Palazzo della Ragione', 'Teatro Romano', 'Centro Fotografia']",Teatro Romano,strategy_nearest,True,0.002639293670654297,success
04A948429C4C80,0,['Arena'],Torre Lamberti,"['Sighseeing', 'Centro Fotografia', 'Museo Conte', 'Casa Giulietta', 'Palazzo della Ragione']",Castelvecchio,strategy_nearest,False,0.005029916763305664,success
04A956C27B3F80,3,['Arena'],Santa Anastasia,"['AMO', 'Museo Conte', 'Palazzo della Ragione', 'Teatro Romano', 'Centro Fotografia']",Teatro Romano,strategy_nearest,True,0.002274036407470703,success
04A96A429C4C80,0,"['Arena', 'Castelvecchio']",San Zeno,"['Verona Tour', 'Museo Lapidario', 'Museo Miniscalchi', 'Sighseeing', 'Museo Radio']",Giardino Giusti,strategy_nearest,False,0.0023758411407470703,success
04A96F3A9C4C80,3,"['Arena', 'Casa Giulietta', 'Torre Lamberti']",Teatro Romano,"['Santa Anastasia', 'Duomo', 'AMO', 'Palazzo della Ragione', 'Museo Conte']",Castelvecchio,strategy_nearest,False,0.0031087398529052734,success
04A974429C4C80,0,['Arena'],Casa Giulietta,"['Centro Fotografia', 'Sighseeing', 'Torre Lamberti', 'Museo Conte', 'Museo Radio']",Torre Lamberti,strategy_nearest,True,0.003328084945678711,success
04A975429C4C80,0,['Arena'],Torre Lamberti,"['Sighseeing', 'Centro Fotografia', 'Museo Conte', 'Casa Giulietta', 'Palazzo della Ragione']",Teatro Romano,strategy_nearest,False,0.0032787322998046875,success
04A9843A9C4C80,2,"['Casa Giulietta', 'Torre Lamberti', 'Palazzo della Ragione', 'Santa Anastasia']",Duomo,"['AMO', 'Museo Miniscalchi', 'Teatro Romano', 'Museo Conte', 'Centro Fotografia']",San Fermo,strategy_nearest,False,0.003421783447265625,success
04A97A429C4C80,6,"['Arena', 'Tomba Giulietta']",Verona Tour,"['Museo Lapidario', 'Castelvecchio', 'Museo Radio', 'Casa Giulietta', 'Sighseeing']",Casa Giulietta,strategy_nearest,True,0.0035042762756347656,success
04A97C4A9C4C80,0,['Arena'],Casa Giulietta,"['Centro Fotografia', 'Sighseeing', 'Torre Lamberti', 'Museo Conte', 'Museo Radio']",Torre Lamberti,strategy_nearest,True,0.0027399063110351562,success
04A9884A9C4C80,0,['Arena'],Casa Giulietta,"['Centro Fotografia', 'Sighseeing', 'Torre Lamberti', 'Museo Conte', 'Museo Radio']",Torre Lamberti,strategy_nearest,True,0.002232789993286133,success
04A9864A9C4C80,0,['Arena'],Castelvecchio,"['Museo Lapidario', 'Verona Tour', 'Museo Radio', 'San Zeno', 'Sighseeing']",Casa Giulietta,strategy_nearest,False,0.0015301704406738281,success
04A9883A9C4C80,0,"['Torre Lamberti', 'Tomba Giulietta']",Casa Giulietta,"['Centro Fotografia', 'Sighseeing', 'Museo Conte', 'Museo Radio', 'Palazzo della Ragione']",Arena,strategy_nearest,False,0.0029637813568115234,success
04A9894A9C4C80,3,"['Arena', 'Casa Giulietta']",Torre Lamberti,"['Sighseeing', 'Centro Fotografia', 'Museo Conte', 'Palazzo della Ragione', 'AMO']",Santa Anastasia,strategy_nearest,False,0.002694845199584961,success
04A98E429C4C80,0,['Arena'],Casa Giulietta,"['Centro Fotografia', 'Sighseeing', 'Torre Lamberti', 'Museo Conte', 'Museo Radio']",Torre Lamberti,strategy_nearest,True,0.002053976058959961,success
04A98B429C4C80,0,['Arena'],Casa Giulietta,"['Centro Fotografia', 'Sighseeing', 'Torre Lamberti', 'Museo Conte', 'Museo Radio']",Castelvecchio,strategy_nearest,False,0.003628969192504883,success
04A99C429C4C80,3,"['Castelvecchio', 'San Zeno']",Arena,"['Verona Tour', 'Museo Lapidario', 'Museo Radio', 'San Fermo', 'Casa Giulietta']",Santa Anastasia,strategy_nearest,False,0.0025730133056640625,success
04A9A73A9C4C80,1,"['Castelvecchio', 'Casa Giulietta']",Tomba Giulietta,"['San Fermo', 'Museo Storia', 'Arena', 'Museo Lapidario', 'Museo Radio']",Arena,strategy_nearest,True,0.003201007843017578,success
04A9AE3A9C4C80,0,['Arena'],Casa Giulietta,"['Centro Fotografia', 'Sighseeing', 'Torre Lamberti', 'Museo Conte', 'Museo Radio']",Teatro Romano,strategy_nearest,False,0.0031898021697998047,success
04A9B0429C4C80,3,"['San Zeno', 'San Fermo', 'Santa Anastasia']",Casa Giulietta,"['Centro Fotografia', 'Sighseeing', 'Torre Lamberti', 'Museo Conte', 'Museo Radio']",Arena,strategy_nearest,False,0.004025936126708984,success
04A9B6429C4C80,2,['Torre Lamberti'],Casa Giulietta,"['Centro Fotografia', 'Sighseeing', 'Museo Conte', 'Museo Radio', 'Palazzo della Ragione']",Teatro Romano,strategy_nearest,False,0.0033562183380126953,success
04A9B33A9C4C80,3,"['Arena', 'Castelvecchio', 'Casa Giulietta', 'Torre Lamberti']",Santa Anastasia,"['AMO', 'Museo Conte', 'Palazzo della Ragione', 'Teatro Romano', 'Centro Fotografia']",Duomo,strategy_nearest,False,0.0026149749755859375,success
04A9BB429C4C80,1,"['Arena', 'Museo Lapidario']",Castelvecchio,"['Verona Tour', 'Museo Radio', 'San Zeno', 'Sighseeing', 'Museo Miniscalchi']",Palazzo della Ragione,strategy_nearest,False,0.0030319690704345703,success
04A9BD429C4C80,1,"['Arena', 'Palazzo della Ragione', 'Torre Lamberti']",Casa Giulietta,"['Centro Fotografia', 'Sighseeing', 'Museo Conte', 'Museo Radio', 'San Fermo']",Castelvecchio,strategy_nearest,False,0.0034449100494384766,success
04A9C23A9C4C80,0,['Arena'],Torre Lamberti,"['Sighseeing', 'Centro Fotografia', 'Museo Conte', 'Casa Giulietta', 'Palazzo della Ragione']",Duomo,strategy_nearest,False,0.0027379989624023438,success
04A9C03A9C4C80,0,['Arena'],San Fermo,"['Museo Storia', 'Museo Radio', 'Casa Giulietta', 'Centro Fotografia', 'Sighseeing']",Casa Giulietta,strategy_nearest,True,0.0021500587463378906,success
04A9C6429C4C80,1,"['Santa Anastasia', 'Torre Lamberti', 'Arena']",Tomba Giulietta,"['San Fermo', 'Museo Storia', 'Museo Lapidario', 'Museo Radio', 'Verona Tour']",Casa Giulietta,strategy_nearest,False,0.0016376972198486328,success
04A9C4429C4C80,1,"['Arena', 'Museo Lapidario']",Castelvecchio,"['Verona Tour', 'Museo Radio', 'San Zeno', 'Sighseeing', 'Museo Miniscalchi']",Duomo,strategy_nearest,False,0.0032579898834228516,success
04A9E63A9C4C80,1,"['Arena', 'San Fermo']",Casa Giulietta,"['Centro Fotografia', 'Sighseeing', 'Torre Lamberti', 'Museo Conte', 'Museo Radio']",Palazzo della Ragione,strategy_nearest,False,0.002020120620727539,success
04A9D63A9C4C80,1,"['Arena', 'Santa Anastasia', 'Duomo']",Castelvecchio,"['Museo Lapidario', 'Verona Tour', 'Museo Radio', 'San Zeno', 'Sighseeing']",San Zeno,strategy_nearest,True,0.0033416748046875,success
04A9DC3A9C4C80,1,"['Tomba Giulietta', 'Arena', 'Palazzo della Ragione']",Teatro Romano,"['Santa Anastasia', 'Duomo', 'AMO', 'Museo Conte', 'Centro Fotografia']",Santa Anastasia,strategy_nearest,True,0.0033233165740966797,success
04A9D73A9C4C80,3,"['Arena', 'Casa Giulietta', 'Arena']",Castelvecchio,"['Museo Lapidario', 'Verona Tour', 'Museo Radio', 'San Zeno', 'Sighseeing']",Duomo,strategy_nearest,False,0.0021200180053710938,success
04A9F13A9C4C80,0,"['Teatro Romano', 'Castelvecchio']",San Zeno,"['Verona Tour', 'Museo Lapidario', 'Arena', 'Museo Miniscalchi', 'Sighseeing']",Arena,strategy_nearest,True,0.0019259452819824219,success
04AA023A9C4C84,2,"['Museo Lapidario', 'Castelvecchio']",Duomo,"['AMO', 'Museo Miniscalchi', 'Santa Anastasia', 'Teatro Romano', 'Palazzo della Ragione']",Casa Giulietta,strategy_nearest,False,0.0020568370819091797,success
04A9F6429C4C80,3,"['Arena', 'Casa Giulietta', 'Torre Lamberti']",Santa Anastasia,"['AMO', 'Museo Conte', 'Palazzo della Ragione', 'Teatro Romano', 'Centro Fotografia']",Tomba Giulietta,strategy_nearest,False,0.0033838748931884766,success
04AA0B429C4C80,0,['Arena'],Teatro Romano,"['Santa Anastasia', 'Duomo', 'AMO', 'Palazzo della Ragione', 'Museo Conte']",Castelvecchio,strategy_nearest,False,0.0032820701599121094,success
04AA183A9C4C84,3,"['Arena', 'San Fermo', 'Casa Giulietta']",Santa Anastasia,"['AMO', 'Museo Conte', 'Palazzo della Ragione', 'Teatro Romano', 'Centro Fotografia']",Duomo,strategy_nearest,False,0.0019278526306152344,success
04AA17429C4C80,3,['Arena'],Santa Anastasia,"['AMO', 'Museo Conte', 'Palazzo della Ragione', 'Teatro Romano', 'Centro Fotografia']",Torre Lamberti,strategy_nearest,False,0.0031774044036865234,success
04AA0D429C4C80,1,['Arena'],Casa Giulietta,"['Centro Fotografia', 'Sighseeing', 'Torre Lamberti', 'Museo Conte', 'Museo Radio']",Palazzo della Ragione,strategy_nearest,False,0.0026891231536865234,success
04AA0E3A9C4C84,1,"['Castelvecchio', 'Torre Lamberti', 'Palazzo della Ragione']",Santa Anastasia,"['AMO', 'Museo Conte', 'Teatro Romano', 'Centro Fotografia', 'Duomo']",Duomo,strategy_nearest,True,0.003901958465576172,success
04AA1C429C4C80,1,"['Arena', 'Casa Giulietta']",Torre Lamberti,"['Sighseeing', 'Centro Fotografia', 'Museo Conte', 'Palazzo della Ragione', 'AMO']",Palazzo della Ragione,strategy_nearest,True,0.0032939910888671875,success
04AA203A9C4C84,0,['Arena'],Casa Giulietta,"['Centro Fotografia', 'Sighseeing', 'Torre Lamberti', 'Museo Conte', 'Museo Radio']",Castelvecchio,strategy_nearest,False,0.0012879371643066406,success
04AA1D4A9C4C80,0,['Arena'],Castelvecchio,"['Museo Lapidario', 'Verona Tour', 'Museo Radio', 'San Zeno', 'Sighseeing']",Tomba Giulietta,strategy_nearest,False,0.0028221607208251953,success
04AA383A9C4C80,1,"['Arena', 'Casa Giulietta']",Palazzo della Ragione,"['AMO', 'Museo Conte', 'Torre Lamberti', 'Centro Fotografia', 'Sighseeing']",Torre Lamberti,strategy_nearest,True,0.003123044967651367,success
04AA3D3A9C4C80,0,"['Arena', 'Casa Giulietta']",Teatro Romano,"['Santa Anastasia', 'Duomo', 'AMO', 'Palazzo della Ragione', 'Museo Conte']",Torre Lamberti,strategy_nearest,False,0.0026502609252929688,success
04AA473A9C4C80,3,"['Torre Lamberti', 'San Fermo']",Arena,"['Verona Tour', 'Museo Lapidario', 'Museo Radio', 'Casa Giulietta', 'Sighseeing']",Duomo,strategy_nearest,False,0.0031490325927734375,success
04AA513A9C4C80,3,"['Arena', 'Casa Giulietta', 'Torre Lamberti']",Santa Anastasia,"['AMO', 'Museo Conte', 'Palazzo della Ragione', 'Teatro Romano', 'Centro Fotografia']",Teatro Romano,strategy_nearest,True,0.00240325927734375,success
04AA60429C4C80,1,['Arena'],Casa Giulietta,"['Centro Fotografia', 'Sighseeing', 'Torre Lamberti', 'Museo Conte', 'Museo Radio']",Torre Lamberti,strategy_nearest,True,0.0031499862670898438,success
04AA64429C4C80,0,['Castelvecchio'],Arena,"['Verona Tour', 'Museo Lapidario', 'Museo Radio', 'San Fermo', 'Casa Giulietta']",San Fermo,strategy_nearest,True,0.002662181854248047,success
04AA76429C4C80,3,"['Duomo', 'Teatro Romano']",Arena,"['Verona Tour', 'Museo Lapidario', 'Museo Radio', 'San Fermo', 'Casa Giulietta']",Torre Lamberti,strategy_nearest,False,0.002578258514404297,success
04AA7E3A9C4C80,3,"['Arena', 'Casa Giulietta']",Torre Lamberti,"['Sighseeing', 'Centro Fotografia', 'Museo Conte', 'Palazzo della Ragione', 'AMO']",Castelvecchio,strategy_nearest,False,0.003526926040649414,success
04AA864A9C4C80,1,"['Arena', 'Castelvecchio', 'Museo Lapidario']",Tomba Giulietta,"['San Fermo', 'Museo Storia', 'Museo Radio', 'Verona Tour', 'Casa Giulietta']",Casa Giulietta,strategy_nearest,True,0.0031239986419677734,success
04AA8F429C4C80,0,['Arena'],Casa Giulietta,"['Centro Fotografia', 'Sighseeing', 'Torre Lamberti', 'Museo Conte', 'Museo Radio']",San Zeno,strategy_nearest,False,0.0032110214233398438,success
04AA9F4A9C4C80,0,['Arena'],Teatro Romano,"['Santa Anastasia', 'Duomo', 'AMO', 'Palazzo della Ragione', 'Museo Conte']",Duomo,strategy_nearest,True,0.0023238658905029297,success
04AA884A9C4C80,6,['Arena'],Verona Tour,"['Museo Lapidario', 'Castelvecchio', 'Museo Radio', 'Casa Giulietta', 'Sighseeing']",Casa Giulietta,strategy_nearest,True,0.0027341842651367188,success
04AA9F429C4C80,3,"['Santa Anastasia', 'Duomo', 'Teatro Romano']",Castelvecchio,"['Museo Lapidario', 'Verona Tour', 'Arena', 'Museo Radio', 'San Zeno']",Casa Giulietta,strategy_nearest,False,0.0032579898834228516,success
04AAA6429C4C80,0,['Casa Giulietta'],Tomba Giulietta,"['San Fermo', 'Museo Storia', 'Arena', 'Museo Lapidario', 'Museo Radio']",Arena,strategy_nearest,True,0.002456188201904297,success
04AAB13A9C4C80,3,"['Arena', 'Museo Storia', 'Teatro Romano']",Museo Lapidario,"['Verona Tour', 'Castelvecchio', 'Museo Radio', 'San Fermo', 'Casa Giulietta']",Santa Anastasia,strategy_nearest,False,0.0021262168884277344,success
04AAAF3A9C4C80,1,['Arena'],Palazzo della Ragione,"['AMO', 'Museo Conte', 'Torre Lamberti', 'Centro Fotografia', 'Sighseeing']",Casa Giulietta,strategy_nearest,False,0.004164218902587891,success
04AAB63A9C4C80,0,['Arena'],Casa Giulietta,"['Centro Fotografia', 'Sighseeing', 'Torre Lamberti', 'Museo Conte', 'Museo Radio']",Torre Lamberti,strategy_nearest,True,0.003076791763305664,success
04AAB23A9C4C80,1,"['Arena', 'Torre Lamberti']",Palazzo della Ragione,"['AMO', 'Museo Conte', 'Centro Fotografia', 'Sighseeing', 'Santa Anastasia']",Casa Giulietta,strategy_nearest,False,0.0025811195373535156,success
04AAB33A9C4C80,3,"['Arena', 'Casa Giulietta']",Torre Lamberti,"['Sighseeing', 'Centro Fotografia', 'Museo Conte', 'Palazzo della Ragione', 'AMO']",Santa Anastasia,strategy_nearest,False,0.0033500194549560547,success
04AAB73A9C4C80,3,"['Casa Giulietta', 'Torre Lamberti', 'Santa Anastasia']",Duomo,"['AMO', 'Museo Miniscalchi', 'Teatro Romano', 'Palazzo della Ragione', 'Museo Conte']",San Zeno,strategy_nearest,False,0.0023832321166992188,success
04AAB8429C4C80,3,['Casa Giulietta'],Santa Anastasia,"['AMO', 'Museo Conte', 'Palazzo della Ragione', 'Teatro Romano', 'Centro Fotografia']",Torre Lamberti,strategy_nearest,False,0.0019330978393554688,success
04AACB3A9C4C80,0,['Arena'],Casa Giulietta,"['Centro Fotografia', 'Sighseeing', 'Torre Lamberti', 'Museo Conte', 'Museo Radio']",Torre Lamberti,strategy_nearest,True,0.003100156784057617,success
04AABD429C4C80,3,['Casa Giulietta'],Arena,"['Verona Tour', 'Museo Lapidario', 'Museo Radio', 'San Fermo', 'Sighseeing']",Torre Lamberti,strategy_nearest,False,0.0026149749755859375,success
04AACFBA7B3F80,2,"['Museo Lapidario', 'Casa Giulietta']",Santa Anastasia,"['AMO', 'Museo Conte', 'Palazzo della Ragione', 'Teatro Romano', 'Centro Fotografia']",Castelvecchio,strategy_nearest,False,0.0036742687225341797,success
04AAD5BA7B3F80,3,"['Museo Lapidario', 'San Zeno', 'Santa Anastasia']",Casa Giulietta,"['Centro Fotografia', 'Sighseeing', 'Torre Lamberti', 'Museo Conte', 'Museo Radio']",Castelvecchio,strategy_nearest,False,0.0038411617279052734,success
04AADF3A9C4C80,1,['Torre Lamberti'],Palazzo della Ragione,"['AMO', 'Museo Conte', 'Centro Fotografia', 'Sighseeing', 'Santa Anastasia']",Arena,strategy_nearest,False,0.0018198490142822266,success
04AAE43A9C4C80,1,"['Arena', 'Casa Giulietta']",Torre Lamberti,"['Sighseeing', 'Centro Fotografia', 'Museo Conte', 'Palazzo della Ragione', 'AMO']",Palazzo della Ragione,strategy_nearest,True,0.0027341842651367188,success
04AAE8BA7B3F80,2,"['Duomo', 'Teatro Romano', 'Torre Lamberti']",San Fermo,"['Museo Storia', 'Museo Radio', 'Casa Giulietta', 'Centro Fotografia', 'Arena']",Palazzo della Ragione,strategy_nearest,False,0.003626108169555664,success
04AAE93A9C4C80,0,['Arena'],Torre Lamberti,"['Sighseeing', 'Centro Fotografia', 'Museo Conte', 'Casa Giulietta', 'Palazzo della Ragione']",Casa Giulietta,strategy_nearest,True,0.0027930736541748047,success
04AAE03A9C4C80,0,['Arena'],Santa Anastasia,"['AMO', 'Museo Conte', 'Palazzo della Ragione', 'Teatro Romano', 'Centro Fotografia']",Castelvecchio,strategy_nearest,False,0.004487037658691406,success
04AB07429C4C80,3,['Arena'],Casa Giulietta,"['Centro Fotografia', 'Sighseeing', 'Torre Lamberti', 'Museo Conte', 'Museo Radio']",Santa Anastasia,strategy_nearest,False,0.002315998077392578,success
04AB0E429C4C80,3,"['Arena', 'Casa Giulietta']",Santa Anastasia,"['AMO', 'Museo Conte', 'Palazzo della Ragione', 'Teatro Romano', 'Centro Fotografia']",Teatro Romano,strategy_nearest,True,0.0029942989349365234,success
04AAEA429C4C80,3,"['Teatro Romano', 'Arena']",Castelvecchio,"['Museo Lapidario', 'Verona Tour', 'Museo Radio', 'San Zeno', 'Sighseeing']",Duomo,strategy_nearest,False,0.0015261173248291016,success
04AB0D3A9C4C84,1,"['Arena', 'Casa Giulietta', 'Torre Lamberti']",Palazzo della Ragione,"['AMO', 'Museo Conte', 'Centro Fotografia', 'Sighseeing', 'Santa Anastasia']",Santa Anastasia,strategy_nearest,True,0.0028450489044189453,success
04AB0E429C4C84,1,"['Arena', 'Casa Giulietta', 'Casa Giulietta', 'Teatro Romano']",Duomo,"['AMO', 'Museo Miniscalchi', 'Santa Anastasia', 'Palazzo della Ragione', 'Museo Conte']",Tomba Giulietta,strategy_nearest,False,0.003007173538208008,success
04AB17BA7B3F84,3,['Castelvecchio'],Arena,"['Verona Tour', 'Museo Lapidario', 'Museo Radio', 'San Fermo', 'Casa Giulietta']",Torre Lamberti,strategy_nearest,False,0.0022809505462646484,success
04AB17429C4C80,0,['Arena'],Casa Giulietta,"['Centro Fotografia', 'Sighseeing', 'Torre Lamberti', 'Museo Conte', 'Museo Radio']",Torre Lamberti,strategy_nearest,True,0.003538846969604492,success
04AB124A9C4C80,3,"['Tomba Giulietta', 'Santa Anastasia', 'Teatro Romano', 'Arena']",San Zeno,"['Castelvecchio', 'Verona Tour', 'Museo Lapidario', 'Museo Miniscalchi', 'Sighseeing']",Torre Lamberti,strategy_nearest,False,0.0017328262329101562,success
04AB1D429C4C80,0,"['Arena', 'Casa Giulietta']",Duomo,"['AMO', 'Museo Miniscalchi', 'Santa Anastasia', 'Teatro Romano', 'Palazzo della Ragione']",Castelvecchio,strategy_nearest,False,0.001428365707397461,success
04AB1DBA7B3F84,0,"['Museo Lapidario', 'Arena']",Casa Giulietta,"['Centro Fotografia', 'Sighseeing', 'Torre Lamberti', 'Museo Conte', 'Museo Radio']",Teatro Romano,strategy_nearest,False,0.002769947052001953,success
04AB233A9C4C84,3,"['Arena', 'Castelvecchio']",Teatro Romano,"['Santa Anastasia', 'Duomo', 'AMO', 'Palazzo della Ragione', 'Museo Conte']",Duomo,strategy_nearest,True,0.0032210350036621094,success
04AB1A3A9C4C84,1,"['Arena', 'Casa Giulietta', 'Torre Lamberti']",Palazzo della Ragione,"['AMO', 'Museo Conte', 'Centro Fotografia', 'Sighseeing', 'Santa Anastasia']",Santa Anastasia,strategy_nearest,True,0.002254962921142578,success
04AB263A9C4C84,1,"['Arena', 'Torre Lamberti', 'Palazzo della Ragione']",Santa Anastasia,"['AMO', 'Museo Conte', 'Teatro Romano', 'Centro Fotografia', 'Duomo']",Casa Giulietta,strategy_nearest,False,0.0018062591552734375,success
04AB2F4A9C4C80,1,['Teatro Romano'],Duomo,"['AMO', 'Museo Miniscalchi', 'Santa Anastasia', 'Palazzo della Ragione', 'Museo Conte']",Palazzo della Ragione,strategy_nearest,True,0.002210855484008789,success
04AB373A9C4C80,0,['Duomo'],Arena,"['Verona Tour', 'Museo Lapidario', 'Museo Radio', 'San Fermo', 'Casa Giulietta']",Castelvecchio,strategy_nearest,False,0.0025899410247802734,success
04AB39429C4C80,0,['Casa Giulietta'],Arena,"['Verona Tour', 'Museo Lapidario', 'Museo Radio', 'San Fermo', 'Sighseeing']",Duomo,strategy_nearest,False,0.0031442642211914062,success
04AB3F3A9C4C80,1,['Palazzo della Ragione'],Arena,"['Verona Tour', 'Museo Lapidario', 'Museo Radio', 'San Fermo', 'Casa Giulietta']",Castelvecchio,strategy_nearest,False,0.003557920455932617,success
04AB473A9C4C80,0,['Arena'],Casa Giulietta,"['Centro Fotografia', 'Sighseeing', 'Torre Lamberti', 'Museo Conte', 'Museo Radio']",Torre Lamberti,strategy_nearest,True,0.0028352737426757812,success
04AB4A429C4C80,3,"['Arena', 'Castelvecchio']",San Zeno,"['Verona Tour', 'Museo Lapidario', 'Museo Miniscalchi', 'Sighseeing', 'Museo Radio']",Duomo,strategy_nearest,False,0.0034050941467285156,success
04AB61429C4C80,0,"['Arena', 'Castelvecchio']",San Zeno,"['Verona Tour', 'Museo Lapidario', 'Museo Miniscalchi', 'Sighseeing', 'Museo Radio']",Giardino Giusti,strategy_nearest,False,0.0013241767883300781,success
04AB533A9C4C80,3,"['Arena', 'Torre Lamberti', 'Casa Giulietta']",Santa Anastasia,"['AMO', 'Museo Conte', 'Palazzo della Ragione', 'Teatro Romano', 'Centro Fotografia']",Teatro Romano,strategy_nearest,True,0.003293275833129883,success
04AB783A9C4C80,3,['Arena'],Torre Lamberti,"['Sighseeing', 'Centro Fotografia', 'Museo Conte', 'Casa Giulietta', 'Palazzo della Ragione']",Santa Anastasia,strategy_nearest,False,0.0019047260284423828,success
04AB59429C4C80,0,['Arena'],Casa Giulietta,"['Centro Fotografia', 'Sighseeing', 'Torre Lamberti', 'Museo Conte', 'Museo Radio']",Castelvecchio,strategy_nearest,False,0.0026979446411132812,success
04AB7C429C4C80,3,"['Arena', 'Casa Giulietta']",Santa Anastasia,"['AMO', 'Museo Conte', 'Palazzo della Ragione', 'Teatro Romano', 'Centro Fotografia']",Duomo,strategy_nearest,False,0.0019922256469726562,success
04AB853A9C4C80,1,"['Arena', 'Museo Lapidario']",Santa Anastasia,"['AMO', 'Museo Conte', 'Palazzo della Ragione', 'Teatro Romano', 'Centro Fotografia']",Casa Giulietta,strategy_nearest,False,0.002492189407348633,success
04AB78429C4C80,0,['Arena'],Casa Giulietta,"['Centro Fotografia', 'Sighseeing', 'Torre Lamberti', 'Museo Conte', 'Museo Radio']",Torre Lamberti,strategy_nearest,True,0.0031080245971679688,success
04AB82429C4C80,3,"['Arena', 'San Fermo']",Casa Giulietta,"['Centro Fotografia', 'Sighseeing', 'Torre Lamberti', 'Museo Conte', 'Museo Radio']",Santa Anastasia,strategy_nearest,False,0.003939151763916016,success
04AB884A9C4C80,1,['Arena'],Casa Giulietta,"['Centro Fotografia', 'Sighseeing', 'Torre Lamberti', 'Museo Conte', 'Museo Radio']",Torre Lamberti,strategy_nearest,True,0.0033140182495117188,success
04AB934A9C4C80,3,"['Teatro Romano', 'Giardino Giusti']",Duomo,"['AMO', 'Museo Miniscalchi', 'Santa Anastasia', 'Palazzo della Ragione', 'Museo Conte']",Arena,strategy_nearest,False,0.003705263137817383,success
04ABB23A9C4C80,1,"['Arena', 'Palazzo della Ragione', 'Teatro Romano']",Santa Anastasia,"['AMO', 'Museo Conte', 'Centro Fotografia', 'Duomo', 'Torre Lamberti']",Duomo,strategy_nearest,True,0.0024330615997314453,success
04AB91429C4C80,1,"['Arena', 'Casa Giulietta']",Palazzo della Ragione,"['AMO', 'Museo Conte', 'Torre Lamberti', 'Centro Fotografia', 'Sighseeing']",Torre Lamberti,strategy_nearest,True,0.0025217533111572266,success
04ABA04A9C4C80,0,['Arena'],Santa Anastasia,"['AMO', 'Museo Conte', 'Palazzo della Ragione', 'Teatro Romano', 'Centro Fotografia']",Castelvecchio,strategy_nearest,False,0.003793954849243164,success
04ABB53A9C4C80,1,"['Arena', 'Torre Lamberti']",Palazzo della Ragione,"['AMO', 'Museo Conte', 'Centro Fotografia', 'Sighseeing', 'Santa Anastasia']",Santa Anastasia,strategy_nearest,True,0.0013890266418457031,success
04ABBA72743380,0,"['Castelvecchio', 'Casa Giulietta']",Arena,"['Verona Tour', 'Museo Lapidario', 'Museo Radio', 'San Fermo', 'Sighseeing']",Tomba Giulietta,strategy_nearest,False,0.001992940902709961,success
04ABBD429C4C80,0,['Arena'],Casa Giulietta,"['Centro Fotografia', 'Sighseeing', 'Torre Lamberti', 'Museo Conte', 'Museo Radio']",Torre Lamberti,strategy_nearest,True,0.002550840377807617,success
04ABBC429C4C80,1,"['Palazzo della Ragione', 'Torre Lamberti', 'Casa Giulietta']",San Fermo,"['Museo Storia', 'Museo Radio', 'Centro Fotografia', 'Arena', 'Sighseeing']",Arena,strategy_nearest,True,0.0039038658142089844,success
04ABC13A9C4C80,3,"['Santa Anastasia', 'Duomo']",Museo Storia,"['San Fermo', 'Museo Radio', 'Casa Giulietta', 'Centro Fotografia', 'Tomba Giulietta']",Teatro Romano,strategy_nearest,False,0.002662181854248047,success
04ABD2429C4C80,2,"['Duomo', 'Santa Anastasia', 'Casa Giulietta']",San Fermo,"['Museo Storia', 'Museo Radio', 'Centro Fotografia', 'Arena', 'Sighseeing']",Castelvecchio,strategy_nearest,False,0.0029048919677734375,success
04ABD9429C4C80,2,['San Zeno'],Duomo,"['AMO', 'Museo Miniscalchi', 'Santa Anastasia', 'Teatro Romano', 'Palazzo della Ragione']",Torre Lamberti,strategy_nearest,False,0.003453969955444336,success
04ABDD3A9C4C80,0,['Casa Giulietta'],Santa Anastasia,"['AMO', 'Museo Conte', 'Palazzo della Ragione', 'Teatro Romano', 'Centro Fotografia']",Arena,strategy_nearest,False,0.0024819374084472656,success
04ABE53A9C4C80,1,['Arena'],Casa Giulietta,"['Centro Fotografia', 'Sighseeing', 'Torre Lamberti', 'Museo Conte', 'Museo Radio']",Palazzo della Ragione,strategy_nearest,False,0.003358125686645508,success
04ABE13A9C4C80,2,"['Castelvecchio', 'Casa Giulietta']",Santa Anastasia,"['AMO', 'Museo Conte', 'Palazzo della Ragione', 'Teatro Romano', 'Centro Fotografia']",Torre Lamberti,strategy_nearest,False,0.0026221275329589844,success
04ABE83A9C4C80,3,['Santa Anastasia'],Torre Lamberti,"['Sighseeing', 'Centro Fotografia', 'Museo Conte', 'Casa Giulietta', 'Palazzo della Ragione']",Arena,strategy_nearest,False,0.0034170150756835938,success
04AC05BA7B3F84,1,"['Palazzo della Ragione', 'San Fermo', 'Arena']",Castelvecchio,"['Museo Lapidario', 'Verona Tour', 'Museo Radio', 'San Zeno', 'Sighseeing']",Casa Giulietta,strategy_nearest,False,0.002886056900024414,success
04AC0B429C4C80,1,['Arena'],Casa Giulietta,"['Centro Fotografia', 'Sighseeing', 'Torre Lamberti', 'Museo Conte', 'Museo Radio']",Palazzo della Ragione,strategy_nearest,False,0.003538846969604492,success
04ABF8BA7B3F80,3,"['Museo Lapidario', 'San Zeno', 'Santa Anastasia']",Casa Giulietta,"['Centro Fotografia', 'Sighseeing', 'Torre Lamberti', 'Museo Conte', 'Museo Radio']",Castelvecchio,strategy_nearest,False,0.003760099411010742,success
04AC0D429C4C84,0,['Castelvecchio'],Arena,"['Verona Tour', 'Museo Lapidario', 'Museo Radio', 'San Fermo', 'Casa Giulietta']",Tomba Giulietta,strategy_nearest,False,0.0014710426330566406,success
04AC0C429C4C84,4,"['San Fermo', 'Casa Giulietta', 'Torre Lamberti', 'Palazzo della Ragione']",Arena,"['Verona Tour', 'Museo Lapidario', 'Museo Radio', 'Sighseeing', 'Castelvecchio']",Tomba Giulietta,strategy_nearest,False,0.004523038864135742,success
04AC13BA7B3F84,1,"['Palazzo della Ragione', 'San Fermo', 'Arena']",Castelvecchio,"['Museo Lapidario', 'Verona Tour', 'Museo Radio', 'San Zeno', 'Sighseeing']",Casa Giulietta,strategy_nearest,False,0.0033941268920898438,success
04AC0E429C4C80,3,['Arena'],Torre Lamberti,"['Sighseeing', 'Centro Fotografia', 'Museo Conte', 'Casa Giulietta', 'Palazzo della Ragione']",Casa Giulietta,strategy_nearest,True,0.003010988235473633,success
04AC1E3A9C4C84,1,['Torre Lamberti'],Palazzo della Ragione,"['AMO', 'Museo Conte', 'Centro Fotografia', 'Sighseeing', 'Santa Anastasia']",Casa Giulietta,strategy_nearest,False,0.0027463436126708984,success
04AC1A3A9C4C84,2,"['Museo Lapidario', 'San Fermo']",Casa Giulietta,"['Centro Fotografia', 'Sighseeing', 'Torre Lamberti', 'Museo Conte', 'Museo Radio']",Torre Lamberti,strategy_nearest,True,0.0028679370880126953,success
04AC14429C4C84,0,['Arena'],Casa Giulietta,"['Centro Fotografia', 'Sighseeing', 'Torre Lamberti', 'Museo Conte', 'Museo Radio']",Torre Lamberti,strategy_nearest,True,0.002089977264404297,success
04AC1F4A9C4C80,1,"['Arena', 'Museo Lapidario', 'Castelvecchio', 'Tomba Giulietta']",San Fermo,"['Museo Storia', 'Museo Radio', 'Casa Giulietta', 'Centro Fotografia', 'Sighseeing']",Casa Giulietta,strategy_nearest,True,0.0031249523162841797,success
04AC1FBA7B3F84,3,"['Santa Anastasia', 'Duomo', 'Teatro Romano']",Arena,"['Verona Tour', 'Museo Lapidario', 'Museo Radio', 'San Fermo', 'Casa Giulietta']",Castelvecchio,strategy_nearest,False,0.002161741256713867,success
04AC21429C4C84,3,"['Arena', 'Casa Giulietta', 'Torre Lamberti']",Teatro Romano,"['Santa Anastasia', 'Duomo', 'AMO', 'Palazzo della Ragione', 'Museo Conte']",Santa Anastasia,strategy_nearest,True,0.0021219253540039062,success
04AC223A9C4C84,1,"['Arena', 'Torre Lamberti']",Palazzo della Ragione,"['AMO', 'Museo Conte', 'Centro Fotografia', 'Sighseeing', 'Santa Anastasia']",Casa Giulietta,strategy_nearest,False,0.002641916275024414,success
04AC204A9C4C80,3,"['Teatro Romano', 'Arena']",Castelvecchio,"['Museo Lapidario', 'Verona Tour', 'Museo Radio', 'San Zeno', 'Sighseeing']",San Zeno,strategy_nearest,True,0.0040738582611083984,success
04AC233A9C4C84,3,"['Arena', 'San Fermo', 'Casa Giulietta']",Torre Lamberti,"['Sighseeing', 'Centro Fotografia', 'Museo Conte', 'Palazzo della Ragione', 'AMO']",Santa Anastasia,strategy_nearest,False,0.003439188003540039,success
04AC263A9C4C80,0,"['Arena', 'Casa Giulietta']",Casa Giulietta,"['Centro Fotografia', 'Sighseeing', 'Torre Lamberti', 'Museo Conte', 'Museo Radio']",Castelvecchio,strategy_nearest,False,0.0026569366455078125,success
04AC243A9C4C84,0,['Torre Lamberti'],Casa Giulietta,"['Centro Fotografia', 'Sighseeing', 'Museo Conte', 'Museo Radio', 'Palazzo della Ragione']",Arena,strategy_nearest,False,0.002207040786743164,success
04AC253A9C4C84,0,['Arena'],Casa Giulietta,"['Centro Fotografia', 'Sighseeing', 'Torre Lamberti', 'Museo Conte', 'Museo Radio']",Torre Lamberti,strategy_nearest,True,0.0034151077270507812,success
04AC273A9C4C80,0,['Teatro Romano'],Tomba Giulietta,"['San Fermo', 'Museo Storia', 'Arena', 'Museo Lapidario', 'Museo Radio']",Arena,strategy_nearest,True,0.0021729469299316406,success
04AC2F429C4C80,2,['Castelvecchio'],Duomo,"['AMO', 'Museo Miniscalchi', 'Santa Anastasia', 'Teatro Romano', 'Palazzo della Ragione']",Santa Anastasia,strategy_nearest,True,0.002665996551513672,success
04AC263A9C4C84,3,"['Arena', 'Casa Giulietta']",Torre Lamberti,"['Sighseeing', 'Centro Fotografia', 'Museo Conte', 'Palazzo della Ragione', 'AMO']",Santa Anastasia,strategy_nearest,False,0.0028028488159179688,success
04AC293A9C4C80,0,['Teatro Romano'],Arena,"['Verona Tour', 'Museo Lapidario', 'Museo Radio', 'San Fermo', 'Casa Giulietta']",Casa Giulietta,strategy_nearest,True,0.0034520626068115234,success
04AC373A9C4C80,1,"['Santa Anastasia', 'Arena']",Casa Giulietta,"['Centro Fotografia', 'Sighseeing', 'Torre Lamberti', 'Museo Conte', 'Museo Radio']",Torre Lamberti,strategy_nearest,True,0.0022139549255371094,success
04AC3D3A9C4C80,3,['Castelvecchio'],Arena,"['Verona Tour', 'Museo Lapidario', 'Museo Radio', 'San Fermo', 'Casa Giulietta']",Torre Lamberti,strategy_nearest,False,0.0028307437896728516,success
04AC47429C4C80,3,['Arena'],Casa Giulietta,"['Centro Fotografia', 'Sighseeing', 'Torre Lamberti', 'Museo Conte', 'Museo Radio']",Torre Lamberti,strategy_nearest,True,0.0034067630767822266,success
04AC4B429C4C80,2,['Torre Lamberti'],Casa Giulietta,"['Centro Fotografia', 'Sighseeing', 'Museo Conte', 'Museo Radio', 'Palazzo della Ragione']",Duomo,strategy_nearest,False,0.003381967544555664,success
04AC5A429C4C80,0,['Arena'],Casa Giulietta,"['Centro Fotografia', 'Sighseeing', 'Torre Lamberti', 'Museo Conte', 'Museo Radio']",Tomba Giulietta,strategy_nearest,False,0.0031023025512695312,success
04AC55429C4C80,0,['Arena'],Casa Giulietta,"['Centro Fotografia', 'Sighseeing', 'Torre Lamberti', 'Museo Conte', 'Museo Radio']",San Fermo,strategy_nearest,False,0.0025510787963867188,success
04AC4E429C4C80,3,['Arena'],Torre Lamberti,"['Sighseeing', 'Centro Fotografia', 'Museo Conte', 'Casa Giulietta', 'Palazzo della Ragione']",Santa Anastasia,strategy_nearest,False,0.0019419193267822266,success
04AC6F429C4C80,3,"['Arena', 'Torre Lamberti']",Casa Giulietta,"['Centro Fotografia', 'Sighseeing', 'Museo Conte', 'Museo Radio', 'Palazzo della Ragione']",Santa Anastasia,strategy_nearest,False,0.0033140182495117188,success
04AC753A9C4C80,3,"['Castelvecchio', 'Arena']",San Fermo,"['Museo Storia', 'Museo Radio', 'Casa Giulietta', 'Centro Fotografia', 'Sighseeing']",Casa Giulietta,strategy_nearest,True,0.002681732177734375,success
04AC773A9C4C80,3,['Santa Anastasia'],Duomo,"['AMO', 'Museo Miniscalchi', 'Teatro Romano', 'Palazzo della Ragione', 'Museo Conte']",Arena,strategy_nearest,False,0.0014197826385498047,success
04AC7A429C4C80,0,['Arena'],Torre Lamberti,"['Sighseeing', 'Centro Fotografia', 'Museo Conte', 'Casa Giulietta', 'Palazzo della Ragione']",Casa Giulietta,strategy_nearest,True,0.0030181407928466797,success
04AC8B4A9C4C80,0,['Teatro Romano'],Duomo,"['AMO', 'Museo Miniscalchi', 'Santa Anastasia', 'Palazzo della Ragione', 'Museo Conte']",Arena,strategy_nearest,False,0.0027310848236083984,success
04AC8D4A9C4C80,4,"['Arena', 'Duomo', 'Casa Giulietta']",Santa Anastasia,"['AMO', 'Museo Conte', 'Palazzo della Ragione', 'Teatro Romano', 'Centro Fotografia']",Castelvecchio,strategy_nearest,False,0.0030889511108398438,success
04AC8D429C4C80,1,"['Duomo', 'Santa Anastasia', 'Palazzo della Ragione']",San Fermo,"['Museo Storia', 'Museo Radio', 'Casa Giulietta', 'Centro Fotografia', 'Arena']",Arena,strategy_nearest,True,0.0028078556060791016,success
04AC8F3A9C4C80,1,"['Arena', 'Museo Lapidario', 'Casa Giulietta']",Torre Lamberti,"['Sighseeing', 'Centro Fotografia', 'Museo Conte', 'Palazzo della Ragione', 'AMO']",Palazzo della Ragione,strategy_nearest,True,0.0023920536041259766,success
04ACA04A9C4C80,3,['Torre Lamberti'],Casa Giulietta,"['Centro Fotografia', 'Sighseeing', 'Museo Conte', 'Museo Radio', 'Palazzo della Ragione']",Santa Anastasia,strategy_nearest,False,0.0032329559326171875,success
04ACA73A9C4C80,0,['Castelvecchio'],Arena,"['Verona Tour', 'Museo Lapidario', 'Museo Radio', 'San Fermo', 'Casa Giulietta']",Museo Lapidario,strategy_nearest,True,0.002900838851928711,success
04ACAB429C4C80,3,"['Arena', 'Torre Lamberti', 'Santa Anastasia']",Duomo,"['AMO', 'Museo Miniscalchi', 'Teatro Romano', 'Palazzo della Ragione', 'Museo Conte']",Casa Giulietta,strategy_nearest,False,0.004266023635864258,success
04ACB1429C4C80,0,['Castelvecchio'],Arena,"['Verona Tour', 'Museo Lapidario', 'Museo Radio', 'San Fermo', 'Casa Giulietta']",Teatro Romano,strategy_nearest,False,0.002374887466430664,success
04ACC13A9C4C80,3,"['Casa Giulietta', 'Santa Anastasia']",Duomo,"['AMO', 'Museo Miniscalchi', 'Teatro Romano', 'Palazzo della Ragione', 'Museo Conte']",Arena,strategy_nearest,False,0.003129243850708008,success
04ACC2429C4C80,3,"['Castelvecchio', 'Arena', 'Tomba Giulietta', 'San Fermo']",Casa Giulietta,"['Centro Fotografia', 'Sighseeing', 'Torre Lamberti', 'Museo Conte', 'Museo Radio']",Torre Lamberti,strategy_nearest,True,0.0032761096954345703,success
04ACD1429C4C80,1,"['Torre Lamberti', 'Palazzo della Ragione', 'Castelvecchio']",San Zeno,"['Verona Tour', 'Museo Lapidario', 'Arena', 'Museo Miniscalchi', 'Sighseeing']",Arena,strategy_nearest,True,0.0020551681518554688,success
04ACD63A9C4C80,0,"['Torre Lamberti', 'Arena']",Casa Giulietta,"['Centro Fotografia', 'Sighseeing', 'Museo Conte', 'Museo Radio', 'Palazzo della Ragione']",Teatro Romano,strategy_nearest,False,0.003159046173095703,success
04ACCE3A9C4C80,0,['Casa Giulietta'],Arena,"['Verona Tour', 'Museo Lapidario', 'Museo Radio', 'San Fermo', 'Sighseeing']",Torre Lamberti,strategy_nearest,False,0.0028302669525146484,success
04ACD93A9C4C80,3,"['Castelvecchio', 'Casa Giulietta']",Torre Lamberti,"['Sighseeing', 'Centro Fotografia', 'Museo Conte', 'Palazzo della Ragione', 'AMO']",Santa Anastasia,strategy_nearest,False,0.002485990524291992,success
04ACDC429C4C80,1,"['Torre Lamberti', 'Palazzo della Ragione']",Duomo,"['AMO', 'Museo Miniscalchi', 'Santa Anastasia', 'Teatro Romano', 'Museo Conte']",Arena,strategy_nearest,False,0.002725839614868164,success
04ACE13A9C4C80,0,['Casa Giulietta'],Torre Lamberti,"['Sighseeing', 'Centro Fotografia', 'Museo Conte', 'Palazzo della Ragione', 'AMO']",Arena,strategy_nearest,False,0.002711057662963867,success
04ACE23A9C4C80,0,['Arena'],Casa Giulietta,"['Centro Fotografia', 'Sighseeing', 'Torre Lamberti', 'Museo Conte', 'Museo Radio']",Santa Anastasia,strategy_nearest,False,0.0033431053161621094,success
04ACEA3A9C4C80,1,"['Palazzo della Ragione', 'Torre Lamberti']",Arena,"['Verona Tour', 'Museo Lapidario', 'Museo Radio', 'San Fermo', 'Casa Giulietta']",Santa Anastasia,strategy_nearest,False,0.0034072399139404297,success
04ACEB3A9C4C80,1,"['Museo Lapidario', 'Arena']",Casa Giulietta,"['Centro Fotografia', 'Sighseeing', 'Torre Lamberti', 'Museo Conte', 'Museo Radio']",Palazzo della Ragione,strategy_nearest,False,0.0031816959381103516,success
04ACEC3A9C4C80,2,"['Giardino Giusti', 'Teatro Romano', 'Duomo', 'San Zeno']",Tomba Giulietta,"['San Fermo', 'Museo Storia', 'Arena', 'Museo Lapidario', 'Museo Radio']",San Fermo,strategy_nearest,True,0.003345012664794922,success
04ACEF3A9C4C80,3,"['Arena', 'Casa Giulietta']",Torre Lamberti,"['Sighseeing', 'Centro Fotografia', 'Museo Conte', 'Palazzo della Ragione', 'AMO']",Duomo,strategy_nearest,False,0.0032389163970947266,success
04AD07429C4C80,0,['Teatro Romano'],Tomba Giulietta,"['San Fermo', 'Museo Storia', 'Arena', 'Museo Lapidario', 'Museo Radio']",Arena,strategy_nearest,True,0.002544879913330078,success
04ACF9BA7B3F80,1,"['Torre Lamberti', 'Palazzo della Ragione', 'Santa Anastasia']",Castelvecchio,"['Museo Lapidario', 'Verona Tour', 'Arena', 'Museo Radio', 'San Zeno']",Casa Giulietta,strategy_nearest,False,0.003573179244995117,success
04AD0B429C4C80,3,"['Arena', 'Casa Giulietta', 'Castelvecchio']",Santa Anastasia,"['AMO', 'Museo Conte', 'Palazzo della Ragione', 'Teatro Romano', 'Centro Fotografia']",San Fermo,strategy_nearest,False,0.0032269954681396484,success
04AD11429C4C80,0,['Arena'],Casa Giulietta,"['Centro Fotografia', 'Sighseeing', 'Torre Lamberti', 'Museo Conte', 'Museo Radio']",Castelvecchio,strategy_nearest,False,0.003367900848388672,success
04AD193A9C4C84,0,['Torre Lamberti'],Casa Giulietta,"['Centro Fotografia', 'Sighseeing', 'Museo Conte', 'Museo Radio', 'Palazzo della Ragione']",Arena,strategy_nearest,False,0.0017201900482177734,success
04AD133A9C4C84,3,"['Arena', 'Casa Giulietta']",Torre Lamberti,"['Sighseeing', 'Centro Fotografia', 'Museo Conte', 'Palazzo della Ragione', 'AMO']",San Fermo,strategy_nearest,False,0.0033049583435058594,success
04AD1E429C4C80,2,['Torre Lamberti'],Casa Giulietta,"['Centro Fotografia', 'Sighseeing', 'Museo Conte', 'Museo Radio', 'Palazzo della Ragione']",Duomo,strategy_nearest,False,0.002794027328491211,success
04AD263A9C4C80,0,['Tomba Giulietta'],Arena,"['Verona Tour', 'Museo Lapidario', 'Museo Radio', 'San Fermo', 'Casa Giulietta']",Santa Anastasia,strategy_nearest,False,0.0034089088439941406,success
04AD273A9C4C84,0,['Casa Giulietta'],Santa Anastasia,"['AMO', 'Museo Conte', 'Palazzo della Ragione', 'Teatro Romano', 'Centro Fotografia']",Arena,strategy_nearest,False,0.002719879150390625,success
04AD284A9C4C80,3,"['Teatro Romano', 'Arena']",Castelvecchio,"['Museo Lapidario', 'Verona Tour', 'Museo Radio', 'San Zeno', 'Sighseeing']",San Zeno,strategy_nearest,True,0.0031919479370117188,success
04AD2DBA7B3F80,6,"['Casa Giulietta', 'Tomba Giulietta', 'Arena', 'Torre Lamberti']",Verona Tour,"['Museo Lapidario', 'Castelvecchio', 'Museo Radio', 'Sighseeing', 'San Fermo']",Duomo,strategy_nearest,False,0.0026488304138183594,success
04AD2B3A9C4C80,3,['Arena'],Torre Lamberti,"['Sighseeing', 'Centro Fotografia', 'Museo Conte', 'Casa Giulietta', 'Palazzo della Ragione']",Santa Anastasia,strategy_nearest,False,0.0026788711547851562,success
04AD3B3A9C4C80,0,"['Arena', 'Casa Giulietta']",Teatro Romano,"['Santa Anastasia', 'Duomo', 'AMO', 'Palazzo della Ragione', 'Museo Conte']",Castelvecchio,strategy_nearest,False,0.0032911300659179688,success
04AD4D429C4C80,0,['Arena'],Torre Lamberti,"['Sighseeing', 'Centro Fotografia', 'Museo Conte', 'Casa Giulietta', 'Palazzo della Ragione']",Duomo,strategy_nearest,False,0.002086162567138672,success
04AD54429C4C80,3,"['Santa Anastasia', 'Duomo']",Torre Lamberti,"['Sighseeing', 'Centro Fotografia', 'Museo Conte', 'Casa Giulietta', 'Palazzo della Ragione']",Arena,strategy_nearest,False,0.002485990524291992,success
04AD473A9C4C80,1,"['Arena', 'Torre Lamberti']",Palazzo della Ragione,"['AMO', 'Museo Conte', 'Centro Fotografia', 'Sighseeing', 'Santa Anastasia']",Tomba Giulietta,strategy_nearest,False,0.002042055130004883,success
04AD413A9C4C80,0,['Arena'],Casa Giulietta,"['Centro Fotografia', 'Sighseeing', 'Torre Lamberti', 'Museo Conte', 'Museo Radio']",Tomba Giulietta,strategy_nearest,False,0.0053980350494384766,success
04AD67429C4C80,1,"['Arena', 'Palazzo della Ragione']",Casa Giulietta,"['Centro Fotografia', 'Sighseeing', 'Torre Lamberti', 'Museo Conte', 'Museo Radio']",Torre Lamberti,strategy_nearest,True,0.002691984176635742,success
04AD55429C4C80,0,['Arena'],Torre Lamberti,"['Sighseeing', 'Centro Fotografia', 'Museo Conte', 'Casa Giulietta', 'Palazzo della Ragione']",Casa Giulietta,strategy_nearest,True,0.003409862518310547,success
04AD6D429C4C80,3,"['Arena', 'Casa Giulietta']",Santa Anastasia,"['AMO', 'Museo Conte', 'Palazzo della Ragione', 'Teatro Romano', 'Centro Fotografia']",Duomo,strategy_nearest,False,0.003237009048461914,success
04AD61429C4C80,3,['Arena'],Torre Lamberti,"['Sighseeing', 'Centro Fotografia', 'Museo Conte', 'Casa Giulietta', 'Palazzo della Ragione']",Santa Anastasia,strategy_nearest,False,0.0015420913696289062,success
04AD70429C4C80,1,['Arena'],Casa Giulietta,"['Centro Fotografia', 'Sighseeing', 'Torre Lamberti', 'Museo Conte', 'Museo Radio']",Torre Lamberti,strategy_nearest,True,0.0018820762634277344,success
04AD783A9C4C80,0,['Arena'],Duomo,"['AMO', 'Museo Miniscalchi', 'Santa Anastasia', 'Teatro Romano', 'Palazzo della Ragione']",Torre Lamberti,strategy_nearest,False,0.0024530887603759766,success
04AD7D4A9C4C80,1,"['Torre Lamberti', 'Palazzo della Ragione', 'Casa Giulietta']",San Fermo,"['Museo Storia', 'Museo Radio', 'Centro Fotografia', 'Arena', 'Sighseeing']",Teatro Romano,strategy_nearest,False,0.002833843231201172,success
04AD813A9C4C80,1,['Arena'],Casa Giulietta,"['Centro Fotografia', 'Sighseeing', 'Torre Lamberti', 'Museo Conte', 'Museo Radio']",Torre Lamberti,strategy_nearest,True,0.0033881664276123047,success
04AD90429C4C80,3,"['Torre Lamberti', 'Casa Giulietta', 'Santa Anastasia', 'Teatro Romano']",Castelvecchio,"['Museo Lapidario', 'Verona Tour', 'Arena', 'Museo Radio', 'San Zeno']",San Fermo,strategy_nearest,False,0.0025930404663085938,success
04AD863A9C4C80,0,"['Arena', 'Castelvecchio']",Casa Giulietta,"['Centro Fotografia', 'Sighseeing', 'Torre Lamberti', 'Museo Conte', 'Museo Radio']",Teatro Romano,strategy_nearest,False,0.00368499755859375,success
04ADAD3A9C4C80,0,"['Arena', 'Casa Giulietta']",Torre Lamberti,"['Sighseeing', 'Centro Fotografia', 'Museo Conte', 'Palazzo della Ragione', 'AMO']",Castelvecchio,strategy_nearest,False,0.0030307769775390625,success
04ADA63A9C4C80,3,"['Teatro Romano', 'Santa Anastasia', 'Torre Lamberti']",Casa Giulietta,"['Centro Fotografia', 'Sighseeing', 'Museo Conte', 'Museo Radio', 'Palazzo della Ragione']",San Fermo,strategy_nearest,False,0.0025479793548583984,success
04ADAE3A9C4C80,3,"['Arena', 'Torre Lamberti']",Santa Anastasia,"['AMO', 'Museo Conte', 'Palazzo della Ragione', 'Teatro Romano', 'Centro Fotografia']",Castelvecchio,strategy_nearest,False,0.0033159255981445312,success
04ADAF3A9C4C80,1,"['Arena', 'Casa Giulietta']",Torre Lamberti,"['Sighseeing', 'Centro Fotografia', 'Museo Conte', 'Palazzo della Ragione', 'AMO']",Palazzo della Ragione,strategy_nearest,True,0.002959728240966797,success
04ADB13A9C4C80,0,['Museo Storia'],Teatro Romano,"['Santa Anastasia', 'Duomo', 'AMO', 'Palazzo della Ragione', 'Museo Conte']",Arena,strategy_nearest,False,0.0026412010192871094,success
04ADD0429C4C80,3,"['Arena', 'Torre Lamberti']",Duomo,"['AMO', 'Museo Miniscalchi', 'Santa Anastasia', 'Teatro Romano', 'Palazzo della Ragione']",Santa Anastasia,strategy_nearest,True,0.002518892288208008,success
04ADBF429C4C80,0,['Arena'],Casa Giulietta,"['Centro Fotografia', 'Sighseeing', 'Torre Lamberti', 'Museo Conte', 'Museo Radio']",Torre Lamberti,strategy_nearest,True,0.0034346580505371094,success
04ADD33A9C4C80,1,['Arena'],Torre Lamberti,"['Sighseeing', 'Centro Fotografia', 'Museo Conte', 'Casa Giulietta', 'Palazzo della Ragione']",Palazzo della Ragione,strategy_nearest,True,0.003551006317138672,success
04ADD53A9C4C80,1,"['Arena', 'Torre Lamberti', 'Casa Giulietta']",Santa Anastasia,"['AMO', 'Museo Conte', 'Palazzo della Ragione', 'Teatro Romano', 'Centro Fotografia']",San Fermo,strategy_nearest,False,0.002557992935180664,success
04ADD6429C4C80,1,"['Arena', 'Casa Giulietta', 'Torre Lamberti', 'Palazzo della Ragione']",Tomba Giulietta,"['San Fermo', 'Museo Storia', 'Museo Lapidario', 'Museo Radio', 'Verona Tour']",Castelvecchio,strategy_nearest,False,0.003038167953491211,success
04ADD83A9C4C80,1,"['Castelvecchio', 'Casa Giulietta', 'Santa Anastasia']",Arena,"['Verona Tour', 'Museo Lapidario', 'Museo Radio', 'San Fermo', 'Sighseeing']",Tomba Giulietta,strategy_nearest,False,0.0033919811248779297,success
04ADDB3A9C4C80,1,['Castelvecchio'],Palazzo della Ragione,"['AMO', 'Museo Conte', 'Torre Lamberti', 'Centro Fotografia', 'Sighseeing']",Torre Lamberti,strategy_nearest,True,0.0033111572265625,success
04ADD93A9C4C80,3,"['Arena', 'Torre Lamberti', 'Museo Lapidario']",Castelvecchio,"['Verona Tour', 'Museo Radio', 'San Zeno', 'Sighseeing', 'Museo Miniscalchi']",Casa Giulietta,strategy_nearest,False,0.002759218215942383,success
04ADE53A9C4C80,3,['Arena'],Torre Lamberti,"['Sighseeing', 'Centro Fotografia', 'Museo Conte', 'Casa Giulietta', 'Palazzo della Ragione']",Santa Anastasia,strategy_nearest,False,0.0030930042266845703,success
04ADE93A9C4C80,0,['Arena'],Castelvecchio,"['Museo Lapidario', 'Verona Tour', 'Museo Radio', 'San Zeno', 'Sighseeing']",Casa Giulietta,strategy_nearest,False,0.002146005630493164,success
04ADF8BA7B3F80,3,"['Castelvecchio', 'Arena']",Duomo,"['AMO', 'Museo Miniscalchi', 'Santa Anastasia', 'Teatro Romano', 'Palazzo della Ragione']",Teatro Romano,strategy_nearest,True,0.0026009082794189453,success
04ADE63A9C4C80,3,"['Arena', 'Casa Giulietta', 'Santa Anastasia']",Duomo,"['AMO', 'Museo Miniscalchi', 'Teatro Romano', 'Palazzo della Ragione', 'Museo Conte']",Teatro Romano,strategy_nearest,True,0.003949165344238281,success
04ADECBA7B3F80,1,"['Torre Lamberti', 'Palazzo della Ragione', 'Santa Anastasia']",Duomo,"['AMO', 'Museo Miniscalchi', 'Teatro Romano', 'Museo Conte', 'Centro Fotografia']",Castelvecchio,strategy_nearest,False,0.003322124481201172,success
04ADFE429C4C80,1,"['Teatro Romano', 'Duomo', 'Santa Anastasia', 'Arena']",Castelvecchio,"['Museo Lapidario', 'Verona Tour', 'Museo Radio', 'San Zeno', 'Sighseeing']",Torre Lamberti,strategy_nearest,False,0.001909017562866211,success
04AE07429C4C80,1,"['Arena', 'Casa Giulietta']",Torre Lamberti,"['Sighseeing', 'Centro Fotografia', 'Museo Conte', 'Palazzo della Ragione', 'AMO']",Palazzo della Ragione,strategy_nearest,True,0.0019059181213378906,success
04AE09429C4C80,1,"['Arena', 'Casa Giulietta', 'San Fermo', 'Santa Anastasia']",Teatro Romano,"['Duomo', 'AMO', 'Palazzo della Ragione', 'Museo Conte', 'Centro Fotografia']",Castelvecchio,strategy_nearest,False,0.0032498836517333984,success
04ADFB3A9C4C80,2,['Casa Giulietta'],Duomo,"['AMO', 'Museo Miniscalchi', 'Santa Anastasia', 'Teatro Romano', 'Palazzo della Ragione']",Santa Anastasia,strategy_nearest,True,0.003368854522705078,success
04AE0D3A9C4C84,0,"['Arena', 'Casa Giulietta']",Torre Lamberti,"['Sighseeing', 'Centro Fotografia', 'Museo Conte', 'Palazzo della Ragione', 'AMO']",Teatro Romano,strategy_nearest,False,0.003114938735961914,success
04AE0E429C4C80,0,"['Arena', 'Castelvecchio']",Duomo,"['AMO', 'Museo Miniscalchi', 'Santa Anastasia', 'Teatro Romano', 'Palazzo della Ragione']",Teatro Romano,strategy_nearest,True,0.002496004104614258,success
04AE0F429C4C84,3,"['Arena', 'Santa Anastasia']",Giardino Giusti,"['Teatro Romano', 'Museo Conte', 'Centro Fotografia', 'Museo Storia', 'AMO']",Teatro Romano,strategy_nearest,True,0.002820253372192383,success
04AE10429C4C80,1,"['Arena', 'Torre Lamberti']",Palazzo della Ragione,"['AMO', 'Museo Conte', 'Centro Fotografia', 'Sighseeing', 'Santa Anastasia']",Casa Giulietta,strategy_nearest,False,0.0032508373260498047,success
04AE11429C4C80,3,"['Museo Lapidario', 'Castelvecchio']",Santa Anastasia,"['AMO', 'Museo Conte', 'Palazzo della Ragione', 'Teatro Romano', 'Centro Fotografia']",Teatro Romano,strategy_nearest,True,0.00428009033203125,success
04AE123A9C4C84,0,['Castelvecchio'],Arena,"['Verona Tour', 'Museo Lapidario', 'Museo Radio', 'San Fermo', 'Casa Giulietta']",Tomba Giulietta,strategy_nearest,False,0.0025491714477539062,success
04AE16429C4C84,1,"['Duomo', 'Santa Anastasia', 'Palazzo della Ragione', 'Casa Giulietta', 'Torre Lamberti']",Museo Lapidario,"['Verona Tour', 'Arena', 'Castelvecchio', 'Museo Radio', 'San Fermo']",Arena,strategy_nearest,True,0.002698183059692383,success
04AE193A9C4C84,0,"['Tomba Giulietta', 'Arena']",Casa Giulietta,"['Centro Fotografia', 'Sighseeing', 'Torre Lamberti', 'Museo Conte', 'Museo Radio']",Torre Lamberti,strategy_nearest,True,0.0023348331451416016,success
04AE1B3A9C4C84,0,['Arena'],Teatro Romano,"['Santa Anastasia', 'Duomo', 'AMO', 'Palazzo della Ragione', 'Museo Conte']",Duomo,strategy_nearest,True,0.002328157424926758,success
04AE153A9C4C84,0,['Torre Lamberti'],Casa Giulietta,"['Centro Fotografia', 'Sighseeing', 'Museo Conte', 'Museo Radio', 'Palazzo della Ragione']",Arena,strategy_nearest,False,0.0036618709564208984,success
04AE213A9C4C80,0,['Arena'],Casa Giulietta,"['Centro Fotografia', 'Sighseeing', 'Torre Lamberti', 'Museo Conte', 'Museo Radio']",Giardino Giusti,strategy_nearest,False,0.0028328895568847656,success
04AE203A9C4C84,3,"['Arena', 'Torre Lamberti', 'Santa Anastasia']",Teatro Romano,"['Duomo', 'AMO', 'Palazzo della Ragione', 'Museo Conte', 'Centro Fotografia']",Duomo,strategy_nearest,True,0.0033407211303710938,success
04AE2E3A9C4C80,0,['Casa Giulietta'],Arena,"['Verona Tour', 'Museo Lapidario', 'Museo Radio', 'San Fermo', 'Sighseeing']",Santa Anastasia,strategy_nearest,False,0.002178668975830078,success
04AE233A9C4C84,2,['Teatro Romano'],Duomo,"['AMO', 'Museo Miniscalchi', 'Santa Anastasia', 'Palazzo della Ragione', 'Museo Conte']",Casa Giulietta,strategy_nearest,False,0.002936124801635742,success
04AE373A9C4C80,0,['Arena'],Casa Giulietta,"['Centro Fotografia', 'Sighseeing', 'Torre Lamberti', 'Museo Conte', 'Museo Radio']",Torre Lamberti,strategy_nearest,True,0.002844095230102539,success
04AE3C429C4C80,0,['Duomo'],Arena,"['Verona Tour', 'Museo Lapidario', 'Museo Radio', 'San Fermo', 'Casa Giulietta']",Casa Giulietta,strategy_nearest,True,0.0029828548431396484,success
04AE3A3A9C4C80,3,"['Castelvecchio', 'Arena']",Casa Giulietta,"['Centro Fotografia', 'Sighseeing', 'Torre Lamberti', 'Museo Conte', 'Museo Radio']",Tomba Giulietta,strategy_nearest,False,0.0028688907623291016,success
04AE3D3A9C4C80,0,['Arena'],Casa Giulietta,"['Centro Fotografia', 'Sighseeing', 'Torre Lamberti', 'Museo Conte', 'Museo Radio']",Teatro Romano,strategy_nearest,False,0.0031778812408447266,success
04AE40BA7B3F80,0,['Arena'],Casa Giulietta,"['Centro Fotografia', 'Sighseeing', 'Torre Lamberti', 'Museo Conte', 'Museo Radio']",Teatro Romano,strategy_nearest,False,0.0021708011627197266,success
04AE48429C4C80,0,['Arena'],Casa Giulietta,"['Centro Fotografia', 'Sighseeing', 'Torre Lamberti', 'Museo Conte', 'Museo Radio']",Santa Anastasia,strategy_nearest,False,0.0020368099212646484,success
04AE413A9C4C80,0,['Arena'],Casa Giulietta,"['Centro Fotografia', 'Sighseeing', 'Torre Lamberti', 'Museo Conte', 'Museo Radio']",Castelvecchio,strategy_nearest,False,0.003452301025390625,success
04AE443A9C4C80,0,['Arena'],Casa Giulietta,"['Centro Fotografia', 'Sighseeing', 'Torre Lamberti', 'Museo Conte', 'Museo Radio']",Torre Lamberti,strategy_nearest,True,0.00341796875,success
04AE55429C4C80,0,['Arena'],Casa Giulietta,"['Centro Fotografia', 'Sighseeing', 'Torre Lamberti', 'Museo Conte', 'Museo Radio']",San Fermo,strategy_nearest,False,0.0019609928131103516,success
04AE4CBA7B3F80,3,"['Arena', 'Casa Giulietta']",Santa Anastasia,"['AMO', 'Museo Conte', 'Palazzo della Ragione', 'Teatro Romano', 'Centro Fotografia']",Teatro Romano,strategy_nearest,True,0.002709627151489258,success
04AE4C3A9C4C80,0,"['Castelvecchio', 'Arena']",Casa Giulietta,"['Centro Fotografia', 'Sighseeing', 'Torre Lamberti', 'Museo Conte', 'Museo Radio']",Teatro Romano,strategy_nearest,False,0.002655029296875,success
04AE56429C4C80,0,['Arena'],Castelvecchio,"['Museo Lapidario', 'Verona Tour', 'Museo Radio', 'San Zeno', 'Sighseeing']",San Zeno,strategy_nearest,True,0.0033168792724609375,success
04AE5C429C4C80,1,"['Arena', 'Casa Giulietta', 'Torre Lamberti']",Palazzo della Ragione,"['AMO', 'Museo Conte', 'Centro Fotografia', 'Sighseeing', 'Santa Anastasia']",Teatro Romano,strategy_nearest,False,0.0025560855865478516,success
04AE58BA7B3F80,3,"['Arena', 'Casa Giulietta']",Santa Anastasia,"['AMO', 'Museo Conte', 'Palazzo della Ragione', 'Teatro Romano', 'Centro Fotografia']",Teatro Romano,strategy_nearest,True,0.0018229484558105469,success
04AE67429C4C80,3,"['Arena', 'Torre Lamberti']",Santa Anastasia,"['AMO', 'Museo Conte', 'Palazzo della Ragione', 'Teatro Romano', 'Centro Fotografia']",Duomo,strategy_nearest,False,0.0027289390563964844,success
04AE6B429C4C80,0,['Arena'],Torre Lamberti,"['Sighseeing', 'Centro Fotografia', 'Museo Conte', 'Casa Giulietta', 'Palazzo della Ragione']",Castelvecchio,strategy_nearest,False,0.0031690597534179688,success
04AE6D429C4C80,3,['Arena'],Casa Giulietta,"['Centro Fotografia', 'Sighseeing', 'Torre Lamberti', 'Museo Conte', 'Museo Radio']",Torre Lamberti,strategy_nearest,True,0.002309083938598633,success
04AE713A9C4C80,1,['Teatro Romano'],Arena,"['Verona Tour', 'Museo Lapidario', 'Museo Radio', 'San Fermo', 'Casa Giulietta']",Torre Lamberti,strategy_nearest,False,0.002891063690185547,success
04AE72429C4C80,1,['Arena'],Casa Giulietta,"['Centro Fotografia', 'Sighseeing', 'Torre Lamberti', 'Museo Conte', 'Museo Radio']",Torre Lamberti,strategy_nearest,True,0.002708911895751953,success
04AE7B3A9C4C80,3,"['Arena', 'Castelvecchio']",Santa Anastasia,"['AMO', 'Museo Conte', 'Palazzo della Ragione', 'Teatro Romano', 'Centro Fotografia']",Duomo,strategy_nearest,False,0.002662181854248047,success
04AE723A9C4C80,1,['Teatro Romano'],Arena,"['Verona Tour', 'Museo Lapidario', 'Museo Radio', 'San Fermo', 'Casa Giulietta']",Torre Lamberti,strategy_nearest,False,0.0020720958709716797,success
04AE7D3A9C4C80,0,['Arena'],Casa Giulietta,"['Centro Fotografia', 'Sighseeing', 'Torre Lamberti', 'Museo Conte', 'Museo Radio']",Teatro Romano,strategy_nearest,False,0.003412008285522461,success
04AE86429C4C80,3,"['Teatro Romano', 'Duomo']",Arena,"['Verona Tour', 'Museo Lapidario', 'Museo Radio', 'San Fermo', 'Casa Giulietta']",San Zeno,strategy_nearest,False,0.0025370121002197266,success
04AE82429C4C80,1,"['Arena', 'Castelvecchio', 'San Fermo']",Casa Giulietta,"['Centro Fotografia', 'Sighseeing', 'Torre Lamberti', 'Museo Conte', 'Museo Radio']",Palazzo della Ragione,strategy_nearest,False,0.001950979232788086,success
04AE823A9C4C80,2,['Castelvecchio'],Casa Giulietta,"['Centro Fotografia', 'Sighseeing', 'Torre Lamberti', 'Museo Conte', 'Museo Radio']",Torre Lamberti,strategy_nearest,True,0.003911256790161133,success
04AEA9429C4C80,1,"['Museo Lapidario', 'Arena']",Torre Lamberti,"['Sighseeing', 'Centro Fotografia', 'Museo Conte', 'Casa Giulietta', 'Palazzo della Ragione']",Palazzo della Ragione,strategy_nearest,True,0.003103017807006836,success
04AEAF429C4C80,0,['Arena'],Casa Giulietta,"['Centro Fotografia', 'Sighseeing', 'Torre Lamberti', 'Museo Conte', 'Museo Radio']",Torre Lamberti,strategy_nearest,True,0.0033621788024902344,success
04AEB0429C4C80,1,['Arena'],Palazzo della Ragione,"['AMO', 'Museo Conte', 'Torre Lamberti', 'Centro Fotografia', 'Sighseeing']",Torre Lamberti,strategy_nearest,True,0.0020461082458496094,success
04AEB4429C4C80,3,"['Santa Anastasia', 'Casa Giulietta']",Torre Lamberti,"['Sighseeing', 'Centro Fotografia', 'Museo Conte', 'Palazzo della Ragione', 'AMO']",Duomo,strategy_nearest,False,0.003136873245239258,success
04AEBE429C4C80,3,['Arena'],Casa Giulietta,"['Centro Fotografia', 'Sighseeing', 'Torre Lamberti', 'Museo Conte', 'Museo Radio']",Santa Anastasia,strategy_nearest,False,0.0029497146606445312,success
04AEC43A9C4C80,0,['Castelvecchio'],Casa Giulietta,"['Centro Fotografia', 'Sighseeing', 'Torre Lamberti', 'Museo Conte', 'Museo Radio']",Arena,strategy_nearest,False,0.0028307437896728516,success
04AEC8429C4C80,3,"['Arena', 'Casa Giulietta']",Torre Lamberti,"['Sighseeing', 'Centro Fotografia', 'Museo Conte', 'Palazzo della Ragione', 'AMO']",Teatro Romano,strategy_nearest,False,0.0027229785919189453,success
04AEC9429C4C80,0,"['Arena', 'Tomba Giulietta']",Casa Giulietta,"['Centro Fotografia', 'Sighseeing', 'Torre Lamberti', 'Museo Conte', 'Museo Radio']",Santa Anastasia,strategy_nearest,False,0.0032720565795898438,success
04AECB3A9C4C80,3,"['Arena', 'Castelvecchio']",Santa Anastasia,"['AMO', 'Museo Conte', 'Palazzo della Ragione', 'Teatro Romano', 'Centro Fotografia']",Casa Giulietta,strategy_nearest,False,0.0032927989959716797,success
04AEDB3A9C4C80,3,['Arena'],Santa Anastasia,"['AMO', 'Museo Conte', 'Palazzo della Ragione', 'Teatro Romano', 'Centro Fotografia']",Torre Lamberti,strategy_nearest,False,0.0032148361206054688,success
04AEE7429C4C80,3,"['Teatro Romano', 'Santa Anastasia']",Casa Giulietta,"['Centro Fotografia', 'Sighseeing', 'Torre Lamberti', 'Museo Conte', 'Museo Radio']",Arena,strategy_nearest,False,0.0032999515533447266,success
04AEE8429C4C80,1,"['Castelvecchio', 'San Zeno']",Torre Lamberti,"['Sighseeing', 'Centro Fotografia', 'Museo Conte', 'Casa Giulietta', 'Palazzo della Ragione']",Palazzo della Ragione,strategy_nearest,True,0.003354310989379883,success
04AEED3A9C4C80,3,"['Arena', 'Santa Anastasia']",Duomo,"['AMO', 'Museo Miniscalchi', 'Teatro Romano', 'Palazzo della Ragione', 'Museo Conte']",Torre Lamberti,strategy_nearest,False,0.0030786991119384766,success
04AF08429C4C80,0,['Arena'],Casa Giulietta,"['Centro Fotografia', 'Sighseeing', 'Torre Lamberti', 'Museo Conte', 'Museo Radio']",Castelvecchio,strategy_nearest,False,0.0038919448852539062,success
04AF094A9C4C80,3,"['Arena', 'Casa Giulietta', 'Torre Lamberti']",Castelvecchio,"['Museo Lapidario', 'Verona Tour', 'Museo Radio', 'San Zeno', 'Sighseeing']",Santa Anastasia,strategy_nearest,False,0.002627134323120117,success
04AF0D429C4C80,3,"['Arena', 'Castelvecchio', 'Torre Lamberti']",Casa Giulietta,"['Centro Fotografia', 'Sighseeing', 'Museo Conte', 'Museo Radio', 'Palazzo della Ragione']",Santa Anastasia,strategy_nearest,False,0.003122091293334961,success
04AEFC3A9C4C80,1,"['Santa Anastasia', 'Duomo', 'Palazzo della Ragione']",Torre Lamberti,"['Sighseeing', 'Centro Fotografia', 'Museo Conte', 'Casa Giulietta', 'AMO']",Casa Giulietta,strategy_nearest,True,0.002653837203979492,success
04AF0F3A9C4C80,3,"['Arena', 'Casa Giulietta']",Santa Anastasia,"['AMO', 'Museo Conte', 'Palazzo della Ragione', 'Teatro Romano', 'Centro Fotografia']",Duomo,strategy_nearest,False,0.0026617050170898438,success
04AF15429C4C80,3,"['Arena', 'Torre Lamberti', 'Casa Giulietta']",Santa Anastasia,"['AMO', 'Museo Conte', 'Palazzo della Ragione', 'Teatro Romano', 'Centro Fotografia']",Castelvecchio,strategy_nearest,False,0.002071857452392578,success
04AF16BA7B3F84,3,"['Museo Lapidario', 'Arena', 'Castelvecchio']",San Zeno,"['Verona Tour', 'Museo Miniscalchi', 'Sighseeing', 'Museo Radio', 'Torre Lamberti']",Torre Lamberti,strategy_nearest,True,0.003350973129272461,success
04AF17BA7B3F84,3,"['Museo Lapidario', 'Casa Giulietta', 'Torre Lamberti']",Santa Anastasia,"['AMO', 'Museo Conte', 'Palazzo della Ragione', 'Teatro Romano', 'Centro Fotografia']",Duomo,strategy_nearest,False,0.0026171207427978516,success
04AF1D3A9C4C84,2,['Santa Anastasia'],Duomo,"['AMO', 'Museo Miniscalchi', 'Teatro Romano', 'Palazzo della Ragione', 'Museo Conte']",Museo Lapidario,strategy_nearest,False,0.0024640560150146484,success
04AF1A3A9C4C80,1,"['Castelvecchio', 'Arena']",Casa Giulietta,"['Centro Fotografia', 'Sighseeing', 'Torre Lamberti', 'Museo Conte', 'Museo Radio']",Torre Lamberti,strategy_nearest,True,0.0024042129516601562,success
04AF1DBA7B3F84,2,"['Museo Lapidario', 'Casa Giulietta', 'Palazzo della Ragione']",Torre Lamberti,"['Sighseeing', 'Centro Fotografia', 'Museo Conte', 'AMO', 'Museo Miniscalchi']",Santa Anastasia,strategy_nearest,False,0.0026748180389404297,success
04AF1E429C4C80,3,"['Duomo', 'Arena']",Castelvecchio,"['Museo Lapidario', 'Verona Tour', 'Museo Radio', 'San Zeno', 'Sighseeing']",Casa Giulietta,strategy_nearest,False,0.0032987594604492188,success
04AF1F429C4C84,1,"['Arena', 'San Fermo', 'Teatro Romano', 'Duomo']",Santa Anastasia,"['AMO', 'Museo Conte', 'Palazzo della Ragione', 'Centro Fotografia', 'Torre Lamberti']",Casa Giulietta,strategy_nearest,False,0.0026590824127197266,success
04AF1F4A9C4C80,3,"['San Zeno', 'Arena']",Torre Lamberti,"['Sighseeing', 'Centro Fotografia', 'Museo Conte', 'Casa Giulietta', 'Palazzo della Ragione']",Casa Giulietta,strategy_nearest,True,0.0039691925048828125,success
04AF22429C4C84,0,"['Arena', 'San Fermo']",Casa Giulietta,"['Centro Fotografia', 'Sighseeing', 'Torre Lamberti', 'Museo Conte', 'Museo Radio']",Torre Lamberti,strategy_nearest,True,0.002646207809448242,success
04AF254A9C4C80,0,['Torre Lamberti'],Teatro Romano,"['Santa Anastasia', 'Duomo', 'AMO', 'Palazzo della Ragione', 'Museo Conte']",Arena,strategy_nearest,False,0.0031859874725341797,success
04AF37BA7B3F80,3,"['Museo Lapidario', 'Arena', 'Torre Lamberti']",San Zeno,"['Castelvecchio', 'Verona Tour', 'Museo Miniscalchi', 'Sighseeing', 'Museo Radio']",Castelvecchio,strategy_nearest,True,0.0031249523162841797,success
04AF3CBA7B3F80,3,"['Museo Lapidario', 'Arena', 'Casa Giulietta', 'Torre Lamberti']",San Fermo,"['Museo Storia', 'Museo Radio', 'Centro Fotografia', 'Sighseeing', 'Museo Conte']",Tomba Giulietta,strategy_nearest,False,0.002402067184448242,success
04AF43BA7B3F80,3,"['Museo Lapidario', 'Arena']",Castelvecchio,"['Verona Tour', 'Museo Radio', 'San Zeno', 'Sighseeing', 'Museo Miniscalchi']",San Zeno,strategy_nearest,True,0.0025801658630371094,success
04AF42BA7B3F80,4,"['Museo Lapidario', 'Arena', 'Castelvecchio']",Palazzo della Ragione,"['AMO', 'Museo Conte', 'Torre Lamberti', 'Centro Fotografia', 'Sighseeing']",Duomo,strategy_nearest,False,0.003217935562133789,success
04AF3DBA7B3F80,0,"['Museo Lapidario', 'Castelvecchio']",Arena,"['Verona Tour', 'Museo Radio', 'San Fermo', 'Casa Giulietta', 'Sighseeing']",Santa Anastasia,strategy_nearest,False,0.0034821033477783203,success
04AF463A9C4C80,1,"['Tomba Giulietta', 'Arena', 'Casa Giulietta']",Teatro Romano,"['Santa Anastasia', 'Duomo', 'AMO', 'Palazzo della Ragione', 'Museo Conte']",Duomo,strategy_nearest,True,0.0034182071685791016,success
04AF48429C4C80,0,"['Arena', 'Tomba Giulietta']",San Fermo,"['Museo Storia', 'Museo Radio', 'Casa Giulietta', 'Centro Fotografia', 'Sighseeing']",San Zeno,strategy_nearest,False,0.001965045928955078,success
04AF4ABA7B3F80,0,"['Museo Lapidario', 'Castelvecchio']",Arena,"['Verona Tour', 'Museo Radio', 'San Fermo', 'Casa Giulietta', 'Sighseeing']",Santa Anastasia,strategy_nearest,False,0.002496004104614258,success
04AF49BA7B3F80,3,"['Museo Lapidario', 'Casa Giulietta', 'Torre Lamberti']",Santa Anastasia,"['AMO', 'Museo Conte', 'Palazzo della Ragione', 'Teatro Romano', 'Centro Fotografia']",Duomo,strategy_nearest,False,0.003242015838623047,success
04AF4E429C4C80,2,"['Museo Lapidario', 'Castelvecchio']",Casa Giulietta,"['Centro Fotografia', 'Sighseeing', 'Torre Lamberti', 'Museo Conte', 'Museo Radio']",Palazzo della Ragione,strategy_nearest,False,0.0033049583435058594,success
04AF51429C4C80,1,['Arena'],Teatro Romano,"['Santa Anastasia', 'Duomo', 'AMO', 'Palazzo della Ragione', 'Museo Conte']",Palazzo della Ragione,strategy_nearest,True,0.0027053356170654297,success
04AF4FBA7B3F80,4,"['Museo Lapidario', 'Arena', 'Castelvecchio']",Palazzo della Ragione,"['AMO', 'Museo Conte', 'Torre Lamberti', 'Centro Fotografia', 'Sighseeing']",Santa Anastasia,strategy_nearest,False,0.0045278072357177734,success
04AF59429C4C80,3,"['Arena', 'Teatro Romano']",Duomo,"['AMO', 'Museo Miniscalchi', 'Santa Anastasia', 'Palazzo della Ragione', 'Museo Conte']",Casa Giulietta,strategy_nearest,False,0.002032041549682617,success
04AF5A429C4C80,3,['Arena'],Casa Giulietta,"['Centro Fotografia', 'Sighseeing', 'Torre Lamberti', 'Museo Conte', 'Museo Radio']",Torre Lamberti,strategy_nearest,True,0.0030782222747802734,success
04AF6B429C4C80,3,"['Arena', 'Casa Giulietta', 'Torre Lamberti']",Santa Anastasia,"['AMO', 'Museo Conte', 'Palazzo della Ragione', 'Teatro Romano', 'Centro Fotografia']",Teatro Romano,strategy_nearest,True,0.001859903335571289,success
04AF5BBA7B3F80,0,"['Museo Lapidario', 'Arena']",Casa Giulietta,"['Centro Fotografia', 'Sighseeing', 'Torre Lamberti', 'Museo Conte', 'Museo Radio']",Teatro Romano,strategy_nearest,False,0.003247976303100586,success
04AF794A9C4C80,1,"['Arena', 'Torre Lamberti']",Palazzo della Ragione,"['AMO', 'Museo Conte', 'Centro Fotografia', 'Sighseeing', 'Santa Anastasia']",Duomo,strategy_nearest,False,0.002337932586669922,success
04AF7D4A9C4C80,1,"['Torre Lamberti', 'Palazzo della Ragione', 'Casa Giulietta']",San Fermo,"['Museo Storia', 'Museo Radio', 'Centro Fotografia', 'Arena', 'Sighseeing']",Teatro Romano,strategy_nearest,False,0.0024170875549316406,success
04AF80429C4C80,2,['Tomba Giulietta'],Casa Giulietta,"['Centro Fotografia', 'Sighseeing', 'Torre Lamberti', 'Museo Conte', 'Museo Radio']",Torre Lamberti,strategy_nearest,True,0.002357959747314453,success
04AF823A9C4C80,1,"['Arena', 'Museo Lapidario', 'Casa Giulietta']",Torre Lamberti,"['Sighseeing', 'Centro Fotografia', 'Museo Conte', 'Palazzo della Ragione', 'AMO']",Palazzo della Ragione,strategy_nearest,True,0.0025620460510253906,success
04AF82429C4C80,3,"['Arena', 'Casa Giulietta']",Castelvecchio,"['Museo Lapidario', 'Verona Tour', 'Museo Radio', 'San Zeno', 'Sighseeing']",Santa Anastasia,strategy_nearest,False,0.002705812454223633,success
04AF833A9C4C80,3,"['Arena', 'Santa Anastasia']",Duomo,"['AMO', 'Museo Miniscalchi', 'Teatro Romano', 'Palazzo della Ragione', 'Museo Conte']",Teatro Romano,strategy_nearest,True,0.003325939178466797,success
04AF864A9C4C80,0,['Arena'],Casa Giulietta,"['Centro Fotografia', 'Sighseeing', 'Torre Lamberti', 'Museo Conte', 'Museo Radio']",Torre Lamberti,strategy_nearest,True,0.0030028820037841797,success
04AF8E429C4C80,0,['Arena'],Torre Lamberti,"['Sighseeing', 'Centro Fotografia', 'Museo Conte', 'Casa Giulietta', 'Palazzo della Ragione']",Casa Giulietta,strategy_nearest,True,0.002356290817260742,success
04AF894A9C4C80,1,"['Arena', 'Casa Giulietta', 'Torre Lamberti']",Palazzo della Ragione,"['AMO', 'Museo Conte', 'Centro Fotografia', 'Sighseeing', 'Santa Anastasia']",Santa Anastasia,strategy_nearest,True,0.003286600112915039,success
04AF8E4A9C4C80,1,"['Arena', 'Torre Lamberti', 'Palazzo della Ragione', 'Santa Anastasia']",Duomo,"['AMO', 'Museo Miniscalchi', 'Teatro Romano', 'Museo Conte', 'Centro Fotografia']",Teatro Romano,strategy_nearest,True,0.003299713134765625,success
04AFA64A9C4C80,4,"['Castelvecchio', 'Tomba Giulietta', 'Museo Radio']",Torre Lamberti,"['Sighseeing', 'Centro Fotografia', 'Museo Conte', 'Casa Giulietta', 'Palazzo della Ragione']",Casa Giulietta,strategy_nearest,True,0.003292083740234375,success
04AFB13A9C4C80,0,['Castelvecchio'],Arena,"['Verona Tour', 'Museo Lapidario', 'Museo Radio', 'San Fermo', 'Casa Giulietta']",Casa Giulietta,strategy_nearest,True,0.002668142318725586,success
04AFA8429C4C80,3,"['Arena', 'Casa Giulietta']",Torre Lamberti,"['Sighseeing', 'Centro Fotografia', 'Museo Conte', 'Palazzo della Ragione', 'AMO']",Santa Anastasia,strategy_nearest,False,0.0031757354736328125,success
04AFB4429C4C80,1,"['Tomba Giulietta', 'Arena']",Museo Lapidario,"['Verona Tour', 'Castelvecchio', 'Museo Radio', 'San Fermo', 'Casa Giulietta']",Casa Giulietta,strategy_nearest,True,0.0032188892364501953,success
04AFC23A9C4C80,0,['Arena'],Casa Giulietta,"['Centro Fotografia', 'Sighseeing', 'Torre Lamberti', 'Museo Conte', 'Museo Radio']",Torre Lamberti,strategy_nearest,True,0.0025441646575927734,success
04AFC1BA7B3F80,1,"['Museo Lapidario', 'Castelvecchio', 'Palazzo della Ragione', 'Santa Anastasia', 'Casa Giulietta']",Museo Storia,"['San Fermo', 'Museo Radio', 'Centro Fotografia', 'Tomba Giulietta', 'Arena']",San Fermo,strategy_nearest,True,0.0031728744506835938,success
04AFC73A9C4C80,3,"['Casa Giulietta', 'Arena']",Castelvecchio,"['Museo Lapidario', 'Verona Tour', 'Museo Radio', 'San Zeno', 'Sighseeing']",Santa Anastasia,strategy_nearest,False,0.0040051937103271484,success
04AFC2BA7B3F80,1,"['Museo Lapidario', 'Arena', 'Palazzo della Ragione', 'Torre Lamberti']",Castelvecchio,"['Verona Tour', 'Museo Radio', 'San Zeno', 'Sighseeing', 'Museo Miniscalchi']",Casa Giulietta,strategy_nearest,False,0.004006862640380859,success
04AFCDBA7B3F80,3,"['Museo Lapidario', 'Arena', 'Casa Giulietta', 'Torre Lamberti']",San Fermo,"['Museo Storia', 'Museo Radio', 'Centro Fotografia', 'Sighseeing', 'Museo Conte']",Tomba Giulietta,strategy_nearest,False,0.002315044403076172,success
04AFCD3A9C4C80,3,"['Arena', 'Casa Giulietta', 'Torre Lamberti']",Duomo,"['AMO', 'Museo Miniscalchi', 'Santa Anastasia', 'Teatro Romano', 'Palazzo della Ragione']",Teatro Romano,strategy_nearest,True,0.002833127975463867,success
04AFC7BA7B3F80,4,"['Museo Lapidario', 'Arena', 'Castelvecchio']",Palazzo della Ragione,"['AMO', 'Museo Conte', 'Torre Lamberti', 'Centro Fotografia', 'Sighseeing']",Santa Anastasia,strategy_nearest,False,0.00279998779296875,success
04AFCEBA7B3F80,0,['Museo Lapidario'],Castelvecchio,"['Verona Tour', 'Arena', 'Museo Radio', 'San Zeno', 'Sighseeing']",Arena,strategy_nearest,True,0.002429962158203125,success
04AFE43A9C4C80,3,"['Arena', 'Casa Giulietta']",Museo Lapidario,"['Verona Tour', 'Castelvecchio', 'Museo Radio', 'San Fermo', 'Tomba Giulietta']",Castelvecchio,strategy_nearest,True,0.0029909610748291016,success
04AFE5BA7B3F80,1,"['Museo Lapidario', 'Castelvecchio', 'Palazzo della Ragione', 'Santa Anastasia', 'Casa Giulietta']",Museo Storia,"['San Fermo', 'Museo Radio', 'Centro Fotografia', 'Tomba Giulietta', 'Arena']",San Fermo,strategy_nearest,True,0.002853870391845703,success
04AFE53A9C4C80,3,"['Arena', 'Casa Giulietta', 'Tomba Giulietta']",San Fermo,"['Museo Storia', 'Museo Radio', 'Centro Fotografia', 'Sighseeing', 'Torre Lamberti']",Santa Anastasia,strategy_nearest,False,0.003513813018798828,success
04AFD3BA7B3F80,4,"['Museo Lapidario', 'Arena', 'Castelvecchio']",Palazzo della Ragione,"['AMO', 'Museo Conte', 'Torre Lamberti', 'Centro Fotografia', 'Sighseeing']",Santa Anastasia,strategy_nearest,False,0.002424955368041992,success
04AFE6BA7B3F80,1,"['Museo Lapidario', 'Arena', 'Palazzo della Ragione', 'Torre Lamberti']",Castelvecchio,"['Verona Tour', 'Museo Radio', 'San Zeno', 'Sighseeing', 'Museo Miniscalchi']",Casa Giulietta,strategy_nearest,False,0.0021178722381591797,success
04AFEBBA7B3F80,2,"['Museo Lapidario', 'Casa Giulietta', 'Palazzo della Ragione']",Torre Lamberti,"['Sighseeing', 'Centro Fotografia', 'Museo Conte', 'AMO', 'Museo Miniscalchi']",Santa Anastasia,strategy_nearest,False,0.002191305160522461,success
04AFEF3A9C4C80,3,"['Duomo', 'Santa Anastasia']",Arena,"['Verona Tour', 'Museo Lapidario', 'Museo Radio', 'San Fermo', 'Casa Giulietta']",Casa Giulietta,strategy_nearest,True,0.002888917922973633,success
04AFF23A9C4C80,3,"['Arena', 'Casa Giulietta']",San Fermo,"['Museo Storia', 'Museo Radio', 'Centro Fotografia', 'Sighseeing', 'Torre Lamberti']",Giardino Giusti,strategy_nearest,False,0.0032927989959716797,success
04AFF8BA7B3F80,0,"['Giardino Giusti', 'Teatro Romano', 'Arena']",Tomba Giulietta,"['San Fermo', 'Museo Storia', 'Museo Lapidario', 'Museo Radio', 'Verona Tour']",Casa Giulietta,strategy_nearest,False,0.0026731491088867188,success
04B003429C4C84,0,"['Arena', 'Casa Giulietta']",Castelvecchio,"['Museo Lapidario', 'Verona Tour', 'Museo Radio', 'San Zeno', 'Sighseeing']",Giardino Giusti,strategy_nearest,False,0.0025610923767089844,success
04AFF73A9C4C80,3,"['Torre Lamberti', 'Casa Giulietta', 'Santa Anastasia']",Duomo,"['AMO', 'Museo Miniscalchi', 'Teatro Romano', 'Palazzo della Ragione', 'Museo Conte']",Arena,strategy_nearest,False,0.0027153491973876953,success
04B00D429C4C80,0,['Arena'],Castelvecchio,"['Museo Lapidario', 'Verona Tour', 'Museo Radio', 'San Zeno', 'Sighseeing']",Tomba Giulietta,strategy_nearest,False,0.003299236297607422,success
04B00F3A9C4C84,1,['Arena'],Castelvecchio,"['Museo Lapidario', 'Verona Tour', 'Museo Radio', 'San Zeno', 'Sighseeing']",Torre Lamberti,strategy_nearest,False,0.002145051956176758,success
04B0153A9C4C84,3,['Arena'],Torre Lamberti,"['Sighseeing', 'Centro Fotografia', 'Museo Conte', 'Casa Giulietta', 'Palazzo della Ragione']",Santa Anastasia,strategy_nearest,False,0.002972126007080078,success
04B01D429C4C80,0,"['Torre Lamberti', 'Casa Giulietta']",Arena,"['Verona Tour', 'Museo Lapidario', 'Museo Radio', 'San Fermo', 'Sighseeing']",San Zeno,strategy_nearest,False,0.0031881332397460938,success
04B01A3A9C4C84,1,"['Torre Lamberti', 'Palazzo della Ragione']",Casa Giulietta,"['Centro Fotografia', 'Sighseeing', 'Museo Conte', 'Museo Radio', 'San Fermo']",Arena,strategy_nearest,False,0.003397703170776367,success
04B01F3A9C4C84,3,"['San Zeno', 'Arena']",Duomo,"['AMO', 'Museo Miniscalchi', 'Santa Anastasia', 'Teatro Romano', 'Palazzo della Ragione']",Torre Lamberti,strategy_nearest,False,0.0021140575408935547,success
04B0243A9C4C80,0,"['Arena', 'Casa Giulietta']",Torre Lamberti,"['Sighseeing', 'Centro Fotografia', 'Museo Conte', 'Palazzo della Ragione', 'AMO']",Teatro Romano,strategy_nearest,False,0.0019199848175048828,success
04B0263A9C4C80,3,"['Tomba Giulietta', 'Arena']",Casa Giulietta,"['Centro Fotografia', 'Sighseeing', 'Torre Lamberti', 'Museo Conte', 'Museo Radio']",Castelvecchio,strategy_nearest,False,0.0027189254760742188,success
04B0263A9C4C84,3,"['Arena', 'Casa Giulietta']",San Fermo,"['Museo Storia', 'Museo Radio', 'Centro Fotografia', 'Sighseeing', 'Torre Lamberti']",Santa Anastasia,strategy_nearest,False,0.0030319690704345703,success
04B0433A9C4C80,0,"['Giardino Giusti', 'Castelvecchio']",San Zeno,"['Verona Tour', 'Museo Lapidario', 'Arena', 'Museo Miniscalchi', 'Sighseeing']",Arena,strategy_nearest,True,0.0031843185424804688,success
04B049429C4C80,3,"['Arena', 'Casa Giulietta']",Torre Lamberti,"['Sighseeing', 'Centro Fotografia', 'Museo Conte', 'Palazzo della Ragione', 'AMO']",Santa Anastasia,strategy_nearest,False,0.0035490989685058594,success
04B041429C4C80,1,"['Arena', 'Casa Giulietta']",Torre Lamberti,"['Sighseeing', 'Centro Fotografia', 'Museo Conte', 'Palazzo della Ragione', 'AMO']",Palazzo della Ragione,strategy_nearest,True,0.0025510787963867188,success
04B04B3A9C4C80,1,"['Teatro Romano', 'Casa Giulietta']",Arena,"['Verona Tour', 'Museo Lapidario', 'Museo Radio', 'San Fermo', 'Sighseeing']",Torre Lamberti,strategy_nearest,False,0.0032410621643066406,success
04B051429C4C80,3,"['Arena', 'Casa Giulietta', 'Santa Anastasia']",Teatro Romano,"['Duomo', 'AMO', 'Palazzo della Ragione', 'Museo Conte', 'Centro Fotografia']",Duomo,strategy_nearest,True,0.0029430389404296875,success
04B0563A9C4C80,3,"['Arena', 'Casa Giulietta', 'Castelvecchio']",Santa Anastasia,"['AMO', 'Museo Conte', 'Palazzo della Ragione', 'Teatro Romano', 'Centro Fotografia']",Teatro Romano,strategy_nearest,True,0.0019478797912597656,success
04B076429C4C80,0,"['Arena', 'Castelvecchio']",San Zeno,"['Verona Tour', 'Museo Lapidario', 'Museo Miniscalchi', 'Sighseeing', 'Museo Radio']",Torre Lamberti,strategy_nearest,False,0.002620220184326172,success
04B063429C4C80,3,"['Arena', 'Museo Lapidario', 'Casa Giulietta']",Torre Lamberti,"['Sighseeing', 'Centro Fotografia', 'Museo Conte', 'Palazzo della Ragione', 'AMO']",Santa Anastasia,strategy_nearest,False,0.004223823547363281,success
04B078429C4C80,0,['Casa Giulietta'],Arena,"['Verona Tour', 'Museo Lapidario', 'Museo Radio', 'San Fermo', 'Sighseeing']",Tomba Giulietta,strategy_nearest,False,0.002482891082763672,success
04B07B3A9C4C80,0,"['Arena', 'Castelvecchio']",Duomo,"['AMO', 'Museo Miniscalchi', 'Santa Anastasia', 'Teatro Romano', 'Palazzo della Ragione']",Torre Lamberti,strategy_nearest,False,0.0028510093688964844,success
04B07F429C4C80,0,['Arena'],Casa Giulietta,"['Centro Fotografia', 'Sighseeing', 'Torre Lamberti', 'Museo Conte', 'Museo Radio']",Teatro Romano,strategy_nearest,False,0.0026760101318359375,success
04B0824A9C4C80,1,"['Arena', 'Museo Lapidario', 'Torre Lamberti']",Palazzo della Ragione,"['AMO', 'Museo Conte', 'Centro Fotografia', 'Sighseeing', 'Santa Anastasia']",Casa Giulietta,strategy_nearest,False,0.0032007694244384766,success
04B082429C4C80,3,"['San Fermo', 'Duomo', 'Santa Anastasia']",Torre Lamberti,"['Sighseeing', 'Centro Fotografia', 'Museo Conte', 'Casa Giulietta', 'Palazzo della Ragione']",Casa Giulietta,strategy_nearest,True,0.003240346908569336,success
04B0863A9C4C80,1,"['Casa Giulietta', 'Torre Lamberti', 'Palazzo della Ragione']",Santa Anastasia,"['AMO', 'Museo Conte', 'Teatro Romano', 'Centro Fotografia', 'Duomo']",Castelvecchio,strategy_nearest,False,0.003458261489868164,success
04B0893A9C4C80,3,"['Castelvecchio', 'Arena']",Casa Giulietta,"['Centro Fotografia', 'Sighseeing', 'Torre Lamberti', 'Museo Conte', 'Museo Radio']",Torre Lamberti,strategy_nearest,True,0.0018842220306396484,success
04B0883A9C4C80,0,"['Arena', 'Torre Lamberti']",Casa Giulietta,"['Centro Fotografia', 'Sighseeing', 'Museo Conte', 'Museo Radio', 'Palazzo della Ragione']",Duomo,strategy_nearest,False,0.0042951107025146484,success
04B0884A9C4C80,2,"['Casa Giulietta', 'Torre Lamberti']",Santa Anastasia,"['AMO', 'Museo Conte', 'Palazzo della Ragione', 'Teatro Romano', 'Centro Fotografia']",Duomo,strategy_nearest,False,0.002808809280395508,success
04B089429C4C80,0,"['Arena', 'Casa Giulietta']",Torre Lamberti,"['Sighseeing', 'Centro Fotografia', 'Museo Conte', 'Palazzo della Ragione', 'AMO']",Tomba Giulietta,strategy_nearest,False,0.0013949871063232422,success
04B08E429C4C80,1,"['Arena', 'Palazzo della Ragione']",Torre Lamberti,"['Sighseeing', 'Centro Fotografia', 'Museo Conte', 'Casa Giulietta', 'AMO']",Casa Giulietta,strategy_nearest,True,0.0022301673889160156,success
04B0AD429C4C80,0,"['Casa Giulietta', 'Torre Lamberti']",Duomo,"['AMO', 'Museo Miniscalchi', 'Santa Anastasia', 'Teatro Romano', 'Palazzo della Ragione']",Arena,strategy_nearest,False,0.003328084945678711,success
04B0AD3A9C4C80,1,"['Arena', 'Casa Giulietta']",Torre Lamberti,"['Sighseeing', 'Centro Fotografia', 'Museo Conte', 'Palazzo della Ragione', 'AMO']",Palazzo della Ragione,strategy_nearest,True,0.002593994140625,success
04B0BA3A9C4C80,2,"['Casa Giulietta', 'Santa Anastasia']",Duomo,"['AMO', 'Museo Miniscalchi', 'Teatro Romano', 'Palazzo della Ragione', 'Museo Conte']",Santa Anastasia,strategy_nearest,False,0.0028221607208251953,success
04B0BF3A9C4C80,3,"['Casa Giulietta', 'Santa Anastasia']",Duomo,"['AMO', 'Museo Miniscalchi', 'Teatro Romano', 'Palazzo della Ragione', 'Museo Conte']",Arena,strategy_nearest,False,0.0021448135375976562,success
04B0C0429C4C80,1,"['Castelvecchio', 'Casa Giulietta', 'Arena', 'San Fermo']",Santa Anastasia,"['AMO', 'Museo Conte', 'Palazzo della Ragione', 'Teatro Romano', 'Centro Fotografia']",Duomo,strategy_nearest,False,0.002585887908935547,success
04B0D3429C4C80,3,"['Teatro Romano', 'Duomo', 'Santa Anastasia']",Arena,"['Verona Tour', 'Museo Lapidario', 'Museo Radio', 'San Fermo', 'Casa Giulietta']",Torre Lamberti,strategy_nearest,False,0.0031938552856445312,success
04B0E13A9C4C80,3,"['Arena', 'Casa Giulietta']",Torre Lamberti,"['Sighseeing', 'Centro Fotografia', 'Museo Conte', 'Palazzo della Ragione', 'AMO']",Santa Anastasia,strategy_nearest,False,0.002140045166015625,success
04B0DA3A9C4C80,1,"['Arena', 'Casa Giulietta']",Torre Lamberti,"['Sighseeing', 'Centro Fotografia', 'Museo Conte', 'Palazzo della Ragione', 'AMO']",Palazzo della Ragione,strategy_nearest,True,0.0034596920013427734,success
04B0E83A9C4C80,1,"['Arena', 'Casa Giulietta']",Palazzo della Ragione,"['AMO', 'Museo Conte', 'Torre Lamberti', 'Centro Fotografia', 'Sighseeing']",Torre Lamberti,strategy_nearest,True,0.0034050941467285156,success
04B0FD3A9C4C80,0,['Arena'],Casa Giulietta,"['Centro Fotografia', 'Sighseeing', 'Torre Lamberti', 'Museo Conte', 'Museo Radio']",Castelvecchio,strategy_nearest,False,0.003045797348022461,success
04B10E429C4C84,3,"['Teatro Romano', 'Arena']",Castelvecchio,"['Museo Lapidario', 'Verona Tour', 'Museo Radio', 'San Zeno', 'Sighseeing']",Duomo,strategy_nearest,False,0.002671957015991211,success
04B108429C4C80,3,"['Arena', 'Casa Giulietta']",Torre Lamberti,"['Sighseeing', 'Centro Fotografia', 'Museo Conte', 'Palazzo della Ragione', 'AMO']",Santa Anastasia,strategy_nearest,False,0.0033659934997558594,success
04B106BA7B3F84,0,"['Arena', 'Castelvecchio']",Casa Giulietta,"['Centro Fotografia', 'Sighseeing', 'Torre Lamberti', 'Museo Conte', 'Museo Radio']",Torre Lamberti,strategy_nearest,True,0.002910137176513672,success
04B112429C4C80,3,"['Arena', 'Casa Giulietta', 'Torre Lamberti']",Santa Anastasia,"['AMO', 'Museo Conte', 'Palazzo della Ragione', 'Teatro Romano', 'Centro Fotografia']",Duomo,strategy_nearest,False,0.0019910335540771484,success
04B115429C4C80,0,['Torre Lamberti'],Casa Giulietta,"['Centro Fotografia', 'Sighseeing', 'Museo Conte', 'Museo Radio', 'Palazzo della Ragione']",Arena,strategy_nearest,False,0.002115011215209961,success
04B118429C4C80,0,['Arena'],Casa Giulietta,"['Centro Fotografia', 'Sighseeing', 'Torre Lamberti', 'Museo Conte', 'Museo Radio']",Tomba Giulietta,strategy_nearest,False,0.0028879642486572266,success
04B11B3A9C4C84,0,"['Torre Lamberti', 'Casa Giulietta']",San Fermo,"['Museo Storia', 'Museo Radio', 'Centro Fotografia', 'Arena', 'Sighseeing']",Arena,strategy_nearest,True,0.003280162811279297,success
04B1243A9C4C80,3,"['Arena', 'Casa Giulietta', 'San Fermo']",Tomba Giulietta,"['Museo Storia', 'Museo Lapidario', 'Museo Radio', 'Verona Tour', 'Castelvecchio']",Torre Lamberti,strategy_nearest,False,0.0026421546936035156,success
04B1274A9C4C80,5,"['Castelvecchio', 'Torre Lamberti', 'Palazzo della Ragione']",Museo Miniscalchi,"['AMO', 'Duomo', 'Sighseeing', 'Museo Conte', 'Centro Fotografia']",Museo Lapidario,strategy_nearest,False,0.0034029483795166016,success
04B1283A9C4C80,0,['Arena'],Casa Giulietta,"['Centro Fotografia', 'Sighseeing', 'Torre Lamberti', 'Museo Conte', 'Museo Radio']",Torre Lamberti,strategy_nearest,True,0.0030689239501953125,success
04B11F3A9C4C84,3,"['Arena', 'Casa Giulietta']",Santa Anastasia,"['AMO', 'Museo Conte', 'Palazzo della Ragione', 'Teatro Romano', 'Centro Fotografia']",Teatro Romano,strategy_nearest,True,0.002699136734008789,success
04B13E3A9C4C80,0,['Arena'],Casa Giulietta,"['Centro Fotografia', 'Sighseeing', 'Torre Lamberti', 'Museo Conte', 'Museo Radio']",Tomba Giulietta,strategy_nearest,False,0.0028159618377685547,success
04B12F4A9C4C80,0,"['Arena', 'Casa Giulietta']",Tomba Giulietta,"['San Fermo', 'Museo Storia', 'Museo Lapidario', 'Museo Radio', 'Verona Tour']",Torre Lamberti,strategy_nearest,False,0.0020668506622314453,success
04B1383A9C4C80,0,['Arena'],Casa Giulietta,"['Centro Fotografia', 'Sighseeing', 'Torre Lamberti', 'Museo Conte', 'Museo Radio']",Teatro Romano,strategy_nearest,False,0.0028798580169677734,success
04B140429C4C80,1,"['Arena', 'Casa Giulietta']",Palazzo della Ragione,"['AMO', 'Museo Conte', 'Torre Lamberti', 'Centro Fotografia', 'Sighseeing']",Teatro Romano,strategy_nearest,False,0.0035216808319091797,success
04B144429C4C80,1,"['Arena', 'Castelvecchio', 'San Zeno']",Torre Lamberti,"['Sighseeing', 'Centro Fotografia', 'Museo Conte', 'Casa Giulietta', 'Palazzo della Ragione']",Palazzo della Ragione,strategy_nearest,True,0.0021140575408935547,success
04B14B429C4C80,3,"['Arena', 'Torre Lamberti']",Casa Giulietta,"['Centro Fotografia', 'Sighseeing', 'Museo Conte', 'Museo Radio', 'Palazzo della Ragione']",Santa Anastasia,strategy_nearest,False,0.003515958786010742,success
04B153429C4C80,0,['Casa Giulietta'],Arena,"['Verona Tour', 'Museo Lapidario', 'Museo Radio', 'San Fermo', 'Sighseeing']",Torre Lamberti,strategy_nearest,False,0.002582073211669922,success
04B1763A9C4C80,1,['Arena'],Casa Giulietta,"['Centro Fotografia', 'Sighseeing', 'Torre Lamberti', 'Museo Conte', 'Museo Radio']",Palazzo della Ragione,strategy_nearest,False,0.003014802932739258,success
04B17B429C4C80,3,['Arena'],Torre Lamberti,"['Sighseeing', 'Centro Fotografia', 'Museo Conte', 'Casa Giulietta', 'Palazzo della Ragione']",Santa Anastasia,strategy_nearest,False,0.002579927444458008,success
04B179429C4C80,1,"['Arena', 'Palazzo della Ragione']",Torre Lamberti,"['Sighseeing', 'Centro Fotografia', 'Museo Conte', 'Casa Giulietta', 'AMO']",Santa Anastasia,strategy_nearest,False,0.002546072006225586,success
04B17D429C4C80,0,['Arena'],Casa Giulietta,"['Centro Fotografia', 'Sighseeing', 'Torre Lamberti', 'Museo Conte', 'Museo Radio']",Duomo,strategy_nearest,False,0.0031709671020507812,success
04B17B3A9C4C80,0,['Arena'],Torre Lamberti,"['Sighseeing', 'Centro Fotografia', 'Museo Conte', 'Casa Giulietta', 'Palazzo della Ragione']",Casa Giulietta,strategy_nearest,True,0.0036978721618652344,success
04B1874A9C4C80,3,"['Arena', 'Casa Giulietta']",Santa Anastasia,"['AMO', 'Museo Conte', 'Palazzo della Ragione', 'Teatro Romano', 'Centro Fotografia']",Teatro Romano,strategy_nearest,True,0.0032258033752441406,success
04B1864A9C4C80,0,['Arena'],Museo Lapidario,"['Verona Tour', 'Castelvecchio', 'Museo Radio', 'San Fermo', 'Casa Giulietta']",Tomba Giulietta,strategy_nearest,False,0.0022699832916259766,success
04B1884A9C4C80,0,['Arena'],Duomo,"['AMO', 'Museo Miniscalchi', 'Santa Anastasia', 'Teatro Romano', 'Palazzo della Ragione']",Teatro Romano,strategy_nearest,True,0.0018639564514160156,success
04B1893A9C4C80,0,['Teatro Romano'],Arena,"['Verona Tour', 'Museo Lapidario', 'Museo Radio', 'San Fermo', 'Casa Giulietta']",Casa Giulietta,strategy_nearest,True,0.002644062042236328,success
04B18F429C4C80,0,['Arena'],Castelvecchio,"['Museo Lapidario', 'Verona Tour', 'Museo Radio', 'San Zeno', 'Sighseeing']",Casa Giulietta,strategy_nearest,False,0.0027718544006347656,success
04B1AD429C4C80,0,['Tomba Giulietta'],Arena,"['Verona Tour', 'Museo Lapidario', 'Museo Radio', 'San Fermo', 'Casa Giulietta']",Teatro Romano,strategy_nearest,False,0.0026388168334960938,success
04B1AF3A9C4C80,1,"['Arena', 'Castelvecchio', 'Torre Lamberti']",Palazzo della Ragione,"['AMO', 'Museo Conte', 'Centro Fotografia', 'Sighseeing', 'Santa Anastasia']",Casa Giulietta,strategy_nearest,False,0.003483295440673828,success
04B1B3BA7B3F80,0,"['Arena', 'Castelvecchio']",Casa Giulietta,"['Centro Fotografia', 'Sighseeing', 'Torre Lamberti', 'Museo Conte', 'Museo Radio']",Torre Lamberti,strategy_nearest,True,0.0025207996368408203,success
04B1B7429C4C80,1,"['Museo Lapidario', 'Arena']",Castelvecchio,"['Verona Tour', 'Museo Radio', 'San Zeno', 'Sighseeing', 'Museo Miniscalchi']",Torre Lamberti,strategy_nearest,False,0.002476930618286133,success
04B1B9429C4C80,3,"['Casa Giulietta', 'Torre Lamberti']",Santa Anastasia,"['AMO', 'Museo Conte', 'Palazzo della Ragione', 'Teatro Romano', 'Centro Fotografia']",Duomo,strategy_nearest,False,0.0030829906463623047,success
04B1C73A9C4C80,3,"['Tomba Giulietta', 'Arena', 'Castelvecchio']",Torre Lamberti,"['Sighseeing', 'Centro Fotografia', 'Museo Conte', 'Casa Giulietta', 'Palazzo della Ragione']",Casa Giulietta,strategy_nearest,True,0.002729177474975586,success
04B1BB429C4C80,1,"['Arena', 'Palazzo della Ragione']",Torre Lamberti,"['Sighseeing', 'Centro Fotografia', 'Museo Conte', 'Casa Giulietta', 'AMO']",Casa Giulietta,strategy_nearest,True,0.002841949462890625,success
04B1C4429C4C80,1,"['Arena', 'Castelvecchio']",Torre Lamberti,"['Sighseeing', 'Centro Fotografia', 'Museo Conte', 'Casa Giulietta', 'Palazzo della Ragione']",Palazzo della Ragione,strategy_nearest,True,0.0034759044647216797,success
04B1C93A9C4C80,3,"['Casa Giulietta', 'Teatro Romano', 'Duomo']",Santa Anastasia,"['AMO', 'Museo Conte', 'Palazzo della Ragione', 'Centro Fotografia', 'Torre Lamberti']",Torre Lamberti,strategy_nearest,True,0.0031843185424804688,success
04B1DB3A9C4C80,0,"['Arena', 'Tomba Giulietta']",San Fermo,"['Museo Storia', 'Museo Radio', 'Casa Giulietta', 'Centro Fotografia', 'Sighseeing']",San Zeno,strategy_nearest,False,0.0029370784759521484,success
04B1DCBA7B3F80,1,"['Arena', 'Casa Giulietta', 'Torre Lamberti']",Palazzo della Ragione,"['AMO', 'Museo Conte', 'Centro Fotografia', 'Sighseeing', 'Santa Anastasia']",Teatro Romano,strategy_nearest,False,0.0019409656524658203,success
04B1DE3A9C4C80,1,['Arena'],Casa Giulietta,"['Centro Fotografia', 'Sighseeing', 'Torre Lamberti', 'Museo Conte', 'Museo Radio']",Torre Lamberti,strategy_nearest,True,0.0038399696350097656,success
04B1DD3A9C4C80,2,"['Castelvecchio', 'Santa Anastasia']",San Zeno,"['Verona Tour', 'Museo Lapidario', 'Arena', 'Museo Miniscalchi', 'Sighseeing']",Teatro Romano,strategy_nearest,False,0.0035657882690429688,success
04B1F93A9C4C80,0,"['Arena', 'Casa Giulietta']",Torre Lamberti,"['Sighseeing', 'Centro Fotografia', 'Museo Conte', 'Palazzo della Ragione', 'AMO']",Duomo,strategy_nearest,False,0.0018990039825439453,success
04B1E2429C4C80,2,"['Palazzo della Ragione', 'Torre Lamberti']",Teatro Romano,"['Santa Anastasia', 'Duomo', 'AMO', 'Museo Conte', 'Centro Fotografia']",Giardino Giusti,strategy_nearest,False,0.0032057762145996094,success
04B2023A9C4C84,1,"['Torre Lamberti', 'Palazzo della Ragione']",Arena,"['Verona Tour', 'Museo Lapidario', 'Museo Radio', 'San Fermo', 'Casa Giulietta']",Duomo,strategy_nearest,False,0.0026192665100097656,success
04B20D4A9C4C80,1,"['Arena', 'Torre Lamberti', 'Palazzo della Ragione', 'Casa Giulietta']",Santa Anastasia,"['AMO', 'Museo Conte', 'Teatro Romano', 'Centro Fotografia', 'Duomo']",Teatro Romano,strategy_nearest,True,0.002675771713256836,success
04B1FB3A9C4C80,2,['Casa Giulietta'],Duomo,"['AMO', 'Museo Miniscalchi', 'Santa Anastasia', 'Teatro Romano', 'Palazzo della Ragione']",Santa Anastasia,strategy_nearest,True,0.0032601356506347656,success
04B212429C4C80,3,"['Santa Anastasia', 'Casa Giulietta']",Arena,"['Verona Tour', 'Museo Lapidario', 'Museo Radio', 'San Fermo', 'Sighseeing']",Duomo,strategy_nearest,False,0.0035598278045654297,success
04B215429C4C80,3,['Arena'],Casa Giulietta,"['Centro Fotografia', 'Sighseeing', 'Torre Lamberti', 'Museo Conte', 'Museo Radio']",Teatro Romano,strategy_nearest,False,0.0018088817596435547,success
04B220429C4C84,0,['Arena'],Castelvecchio,"['Museo Lapidario', 'Verona Tour', 'Museo Radio', 'San Zeno', 'Sighseeing']",Casa Giulietta,strategy_nearest,False,0.002579212188720703,success
04B2243A9C4C80,1,"['Arena', 'Casa Giulietta']",Palazzo della Ragione,"['AMO', 'Museo Conte', 'Torre Lamberti', 'Centro Fotografia', 'Sighseeing']",Santa Anastasia,strategy_nearest,False,0.0032351016998291016,success
04B23B3A9C4C80,1,"['Arena', 'Casa Giulietta', 'Torre Lamberti']",Palazzo della Ragione,"['AMO', 'Museo Conte', 'Centro Fotografia', 'Sighseeing', 'Santa Anastasia']",Santa Anastasia,strategy_nearest,True,0.00179290771484375,success
04B2393A9C4C80,3,"['Casa Giulietta', 'Torre Lamberti']",Arena,"['Verona Tour', 'Museo Lapidario', 'Museo Radio', 'San Fermo', 'Sighseeing']",Teatro Romano,strategy_nearest,False,0.003314971923828125,success
04B243429C4C80,1,"['Duomo', 'Casa Giulietta', 'Palazzo della Ragione', 'Torre Lamberti', 'San Fermo']",Tomba Giulietta,"['Museo Storia', 'Arena', 'Museo Lapidario', 'Museo Radio', 'Verona Tour']",Arena,strategy_nearest,True,0.003118276596069336,success
04B23F3A9C4C80,1,"['Torre Lamberti', 'Palazzo della Ragione']",Castelvecchio,"['Museo Lapidario', 'Verona Tour', 'Arena', 'Museo Radio', 'San Zeno']",Giardino Giusti,strategy_nearest,False,0.003560781478881836,success
04B24B429C4C80,3,"['Arena', 'Casa Giulietta']",Torre Lamberti,"['Sighseeing', 'Centro Fotografia', 'Museo Conte', 'Palazzo della Ragione', 'AMO']",San Zeno,strategy_nearest,False,0.003309011459350586,success
04B24F3A9C4C80,0,['Tomba Giulietta'],Arena,"['Verona Tour', 'Museo Lapidario', 'Museo Radio', 'San Fermo', 'Casa Giulietta']",Casa Giulietta,strategy_nearest,True,0.002888917922973633,success
04B2553A9C4C80,0,['Castelvecchio'],Arena,"['Verona Tour', 'Museo Lapidario', 'Museo Radio', 'San Fermo', 'Casa Giulietta']",Casa Giulietta,strategy_nearest,True,0.002602815628051758,success
04B270429C4C80,3,"['Torre Lamberti', 'Duomo']",Santa Anastasia,"['AMO', 'Museo Conte', 'Palazzo della Ragione', 'Teatro Romano', 'Centro Fotografia']",Casa Giulietta,strategy_nearest,False,0.0020532608032226562,success
04B25C3A9C4C80,0,['Arena'],Casa Giulietta,"['Centro Fotografia', 'Sighseeing', 'Torre Lamberti', 'Museo Conte', 'Museo Radio']",Torre Lamberti,strategy_nearest,True,0.00335693359375,success
04B264429C4C80,1,['Arena'],Torre Lamberti,"['Sighseeing', 'Centro Fotografia', 'Museo Conte', 'Casa Giulietta', 'Palazzo della Ragione']",Duomo,strategy_nearest,False,0.0035042762756347656,success
04B2713A9C4C80,0,['Arena'],Casa Giulietta,"['Centro Fotografia', 'Sighseeing', 'Torre Lamberti', 'Museo Conte', 'Museo Radio']",Torre Lamberti,strategy_nearest,True,0.002701997756958008,success
04B27A4A9C4C80,0,['Arena'],Torre Lamberti,"['Sighseeing', 'Centro Fotografia', 'Museo Conte', 'Casa Giulietta', 'Palazzo della Ragione']",Castelvecchio,strategy_nearest,False,0.002084970474243164,success
04B2723A9C4C80,0,['Arena'],Torre Lamberti,"['Sighseeing', 'Centro Fotografia', 'Museo Conte', 'Casa Giulietta', 'Palazzo della Ragione']",Casa Giulietta,strategy_nearest,True,0.003364086151123047,success
04B2813A9C4C80,3,"['Arena', 'Casa Giulietta']",Torre Lamberti,"['Sighseeing', 'Centro Fotografia', 'Museo Conte', 'Palazzo della Ragione', 'AMO']",Santa Anastasia,strategy_nearest,False,0.003158092498779297,success
04B2874A9C4C80,0,['Arena'],Casa Giulietta,"['Centro Fotografia', 'Sighseeing', 'Torre Lamberti', 'Museo Conte', 'Museo Radio']",Torre Lamberti,strategy_nearest,True,0.0026090145111083984,success
04B2864A9C4C80,3,"['Arena', 'Casa Giulietta']",Santa Anastasia,"['AMO', 'Museo Conte', 'Palazzo della Ragione', 'Teatro Romano', 'Centro Fotografia']",Teatro Romano,strategy_nearest,True,0.002068042755126953,success
04B2884A9C4C80,3,"['Arena', 'San Fermo']",Casa Giulietta,"['Centro Fotografia', 'Sighseeing', 'Torre Lamberti', 'Museo Conte', 'Museo Radio']",Torre Lamberti,strategy_nearest,True,0.0028297901153564453,success
04B2883A9C4C80,2,['Castelvecchio'],Santa Anastasia,"['AMO', 'Museo Conte', 'Palazzo della Ragione', 'Teatro Romano', 'Centro Fotografia']",Duomo,strategy_nearest,False,0.0034711360931396484,success
04B2AD429C4C80,1,"['Palazzo della Ragione', 'Torre Lamberti']",Teatro Romano,"['Santa Anastasia', 'Duomo', 'AMO', 'Museo Conte', 'Centro Fotografia']",Arena,strategy_nearest,False,0.0027370452880859375,success
04B2B03A9C4C80,1,"['Arena', 'Castelvecchio']",Casa Giulietta,"['Centro Fotografia', 'Sighseeing', 'Torre Lamberti', 'Museo Conte', 'Museo Radio']",Torre Lamberti,strategy_nearest,True,0.0032341480255126953,success
04B2A772743380,2,['Castelvecchio'],Torre Lamberti,"['Sighseeing', 'Centro Fotografia', 'Museo Conte', 'Casa Giulietta', 'Palazzo della Ragione']",Palazzo della Ragione,strategy_nearest,True,0.003432750701904297,success
04B2B1429C4C80,1,"['Casa Giulietta', 'Torre Lamberti', 'Palazzo della Ragione', 'Santa Anastasia']",Teatro Romano,"['Duomo', 'AMO', 'Museo Conte', 'Centro Fotografia', 'Museo Miniscalchi']",Duomo,strategy_nearest,True,0.002602100372314453,success
04B2BC429C4C80,3,"['Arena', 'Tomba Giulietta']",Santa Anastasia,"['AMO', 'Museo Conte', 'Palazzo della Ragione', 'Teatro Romano', 'Centro Fotografia']",Duomo,strategy_nearest,False,0.0013699531555175781,success
04B2BD429C4C80,0,['Arena'],Casa Giulietta,"['Centro Fotografia', 'Sighseeing', 'Torre Lamberti', 'Museo Conte', 'Museo Radio']",Torre Lamberti,strategy_nearest,True,0.0021390914916992188,success
04B2C1429C4C80,3,"['Casa Giulietta', 'Torre Lamberti', 'Santa Anastasia']",Duomo,"['AMO', 'Museo Miniscalchi', 'Teatro Romano', 'Palazzo della Ragione', 'Museo Conte']",Arena,strategy_nearest,False,0.0030946731567382812,success
04B2C33A9C4C80,3,"['Santa Anastasia', 'Duomo', 'Teatro Romano']",Casa Giulietta,"['Centro Fotografia', 'Sighseeing', 'Torre Lamberti', 'Museo Conte', 'Museo Radio']",Arena,strategy_nearest,False,0.0036249160766601562,success
04B2C6429C4C80,0,['Arena'],Santa Anastasia,"['AMO', 'Museo Conte', 'Palazzo della Ragione', 'Teatro Romano', 'Centro Fotografia']",Casa Giulietta,strategy_nearest,False,0.0031380653381347656,success
04B2DD3A9C4C80,3,"['Arena', 'Torre Lamberti']",San Zeno,"['Castelvecchio', 'Verona Tour', 'Museo Lapidario', 'Museo Miniscalchi', 'Sighseeing']",Teatro Romano,strategy_nearest,False,0.004030942916870117,success
04B2DF3A9C4C80,1,"['Arena', 'Casa Giulietta']",Santa Anastasia,"['AMO', 'Museo Conte', 'Palazzo della Ragione', 'Teatro Romano', 'Centro Fotografia']",Torre Lamberti,strategy_nearest,False,0.0019948482513427734,success
04B2F43A9C4C80,2,"['San Zeno', 'Castelvecchio']",Santa Anastasia,"['AMO', 'Museo Conte', 'Palazzo della Ragione', 'Teatro Romano', 'Centro Fotografia']",Duomo,strategy_nearest,False,0.003159761428833008,success
04B2F93A9C4C80,1,"['Arena', 'Casa Giulietta', 'Torre Lamberti']",Palazzo della Ragione,"['AMO', 'Museo Conte', 'Centro Fotografia', 'Sighseeing', 'Santa Anastasia']",Santa Anastasia,strategy_nearest,True,0.002820253372192383,success
04B3013A9C4C84,0,"['Arena', 'Museo Lapidario']",Casa Giulietta,"['Centro Fotografia', 'Sighseeing', 'Torre Lamberti', 'Museo Conte', 'Museo Radio']",Santa Anastasia,strategy_nearest,False,0.0027289390563964844,success
04B310429C4C80,1,"['Arena', 'Casa Giulietta', 'Santa Anastasia']",Duomo,"['AMO', 'Museo Miniscalchi', 'Teatro Romano', 'Palazzo della Ragione', 'Museo Conte']",Torre Lamberti,strategy_nearest,False,0.002972841262817383,success
04B30D3A9C4C84,1,"['Arena', 'Torre Lamberti']",Palazzo della Ragione,"['AMO', 'Museo Conte', 'Centro Fotografia', 'Sighseeing', 'Santa Anastasia']",Castelvecchio,strategy_nearest,False,0.002538919448852539,success
04B3023A9C4C84,2,['Teatro Romano'],Duomo,"['AMO', 'Museo Miniscalchi', 'Santa Anastasia', 'Palazzo della Ragione', 'Museo Conte']",Santa Anastasia,strategy_nearest,True,0.00467991828918457,success
04B3153A9C4C84,1,"['Museo Lapidario', 'Arena']",San Fermo,"['Museo Storia', 'Museo Radio', 'Casa Giulietta', 'Centro Fotografia', 'Sighseeing']",Casa Giulietta,strategy_nearest,True,0.0025370121002197266,success
04B312429C4C80,1,"['Arena', 'Casa Giulietta']",Torre Lamberti,"['Sighseeing', 'Centro Fotografia', 'Museo Conte', 'Palazzo della Ragione', 'AMO']",Palazzo della Ragione,strategy_nearest,True,0.0020821094512939453,success
04B3163A9C4C84,3,"['Arena', 'Casa Giulietta']",Torre Lamberti,"['Sighseeing', 'Centro Fotografia', 'Museo Conte', 'Palazzo della Ragione', 'AMO']",Castelvecchio,strategy_nearest,False,0.0029277801513671875,success
04B31B3A9C4C84,3,"['Casa Giulietta', 'Arena']",Santa Anastasia,"['AMO', 'Museo Conte', 'Palazzo della Ragione', 'Teatro Romano', 'Centro Fotografia']",Duomo,strategy_nearest,False,0.0033159255981445312,success
04B3263A9C4C80,0,['Teatro Romano'],Tomba Giulietta,"['San Fermo', 'Museo Storia', 'Arena', 'Museo Lapidario', 'Museo Radio']",Arena,strategy_nearest,True,0.0027430057525634766,success
04B32B4A9C4C80,3,"['Arena', 'Casa Giulietta']",Castelvecchio,"['Museo Lapidario', 'Verona Tour', 'Museo Radio', 'San Zeno', 'Sighseeing']",Santa Anastasia,strategy_nearest,False,0.003329038619995117,success
04B3263A9C4C84,0,"['Arena', 'Casa Giulietta']",Torre Lamberti,"['Sighseeing', 'Centro Fotografia', 'Museo Conte', 'Palazzo della Ragione', 'AMO']",Castelvecchio,strategy_nearest,False,0.003487825393676758,success
04B3293A9C4C80,0,['Teatro Romano'],Arena,"['Verona Tour', 'Museo Lapidario', 'Museo Radio', 'San Fermo', 'Casa Giulietta']",Casa Giulietta,strategy_nearest,True,0.0021719932556152344,success
04B337429C4C80,1,['Casa Giulietta'],Arena,"['Verona Tour', 'Museo Lapidario', 'Museo Radio', 'San Fermo', 'Sighseeing']",Castelvecchio,strategy_nearest,False,0.0014340877532958984,success
04B3443A9C4C80,1,"['Museo Lapidario', 'Castelvecchio', 'San Zeno', 'Arena', 'Casa Giulietta']",Tomba Giulietta,"['San Fermo', 'Museo Storia', 'Museo Radio', 'Verona Tour', 'Sighseeing']",San Fermo,strategy_nearest,True,0.002601146697998047,success
04B3393A9C4C80,0,['Casa Giulietta'],Arena,"['Verona Tour', 'Museo Lapidario', 'Museo Radio', 'San Fermo', 'Sighseeing']",Torre Lamberti,strategy_nearest,False,0.002207040786743164,success
04B347429C4C80,1,"['Arena', 'Torre Lamberti', 'Palazzo della Ragione']",Casa Giulietta,"['Centro Fotografia', 'Sighseeing', 'Museo Conte', 'Museo Radio', 'San Fermo']",Museo Storia,strategy_nearest,False,0.0017709732055664062,success
04B33E3A9C4C80,1,"['Torre Lamberti', 'Palazzo della Ragione', 'Casa Giulietta']",Duomo,"['AMO', 'Museo Miniscalchi', 'Santa Anastasia', 'Teatro Romano', 'Museo Conte']",Teatro Romano,strategy_nearest,True,0.0033521652221679688,success
04B357429C4C80,0,['Arena'],Giardino Giusti,"['Santa Anastasia', 'Teatro Romano', 'Museo Conte', 'Centro Fotografia', 'Museo Storia']",Torre Lamberti,strategy_nearest,False,0.003248929977416992,success
04B35F429C4C80,1,['Arena'],Castelvecchio,"['Museo Lapidario', 'Verona Tour', 'Museo Radio', 'San Zeno', 'Sighseeing']",Palazzo della Ragione,strategy_nearest,False,0.0024509429931640625,success
04B360429C4C80,3,"['Torre Lamberti', 'Casa Giulietta']",Santa Anastasia,"['AMO', 'Museo Conte', 'Palazzo della Ragione', 'Teatro Romano', 'Centro Fotografia']",Duomo,strategy_nearest,False,0.003938198089599609,success
04B3713A9C4C80,0,['Casa Giulietta'],Torre Lamberti,"['Sighseeing', 'Centro Fotografia', 'Museo Conte', 'Palazzo della Ragione', 'AMO']",Teatro Romano,strategy_nearest,False,0.0029768943786621094,success
04B361429C4C80,1,['Arena'],Torre Lamberti,"['Sighseeing', 'Centro Fotografia', 'Museo Conte', 'Casa Giulietta', 'Palazzo della Ragione']",Palazzo della Ragione,strategy_nearest,True,0.0018339157104492188,success
04B3723A9C4C80,3,"['Torre Lamberti', 'Santa Anastasia']",Duomo,"['AMO', 'Museo Miniscalchi', 'Teatro Romano', 'Palazzo della Ragione', 'Museo Conte']",Teatro Romano,strategy_nearest,True,0.002726316452026367,success
04B3733A9C4C80,2,"['Museo Lapidario', 'Palazzo della Ragione']",Duomo,"['AMO', 'Museo Miniscalchi', 'Santa Anastasia', 'Teatro Romano', 'Museo Conte']",Santa Anastasia,strategy_nearest,True,0.002452850341796875,success
04B36A3A9C4C80,1,"['Arena', 'Museo Lapidario', 'Castelvecchio', 'San Fermo']",Casa Giulietta,"['Centro Fotografia', 'Sighseeing', 'Torre Lamberti', 'Museo Conte', 'Museo Radio']",Palazzo della Ragione,strategy_nearest,False,0.0038602352142333984,success
04B373429C4C80,1,"['Arena', 'Torre Lamberti']",Palazzo della Ragione,"['AMO', 'Museo Conte', 'Centro Fotografia', 'Sighseeing', 'Santa Anastasia']",Teatro Romano,strategy_nearest,False,0.004570722579956055,success
04B38F3A9C4C80,1,"['Arena', 'Santa Anastasia']",Torre Lamberti,"['Sighseeing', 'Centro Fotografia', 'Museo Conte', 'Casa Giulietta', 'Palazzo della Ragione']",Palazzo della Ragione,strategy_nearest,True,0.0033271312713623047,success
04B38A4A9C4C80,3,"['Arena', 'Duomo']",Santa Anastasia,"['AMO', 'Museo Conte', 'Palazzo della Ragione', 'Teatro Romano', 'Centro Fotografia']",Torre Lamberti,strategy_nearest,False,0.0021622180938720703,success
04B3833A9C4C80,3,"['Arena', 'Casa Giulietta']",Tomba Giulietta,"['San Fermo', 'Museo Storia', 'Museo Lapidario', 'Museo Radio', 'Verona Tour']",San Fermo,strategy_nearest,True,0.001416921615600586,success
04B3A44A9C4C80,1,"['Arena', 'Torre Lamberti', 'Palazzo della Ragione']",Casa Giulietta,"['Centro Fotografia', 'Sighseeing', 'Museo Conte', 'Museo Radio', 'San Fermo']",Giardino Giusti,strategy_nearest,False,0.002445697784423828,success
04B3AD3A9C4C80,3,"['Arena', 'Torre Lamberti']",Casa Giulietta,"['Centro Fotografia', 'Sighseeing', 'Museo Conte', 'Museo Radio', 'Palazzo della Ragione']",Duomo,strategy_nearest,False,0.003252267837524414,success
04B3B1429C4C80,0,['Arena'],Duomo,"['AMO', 'Museo Miniscalchi', 'Santa Anastasia', 'Teatro Romano', 'Palazzo della Ragione']",Casa Giulietta,strategy_nearest,False,0.003679990768432617,success
04B390429C4C80,1,"['Arena', 'Castelvecchio']",Palazzo della Ragione,"['AMO', 'Museo Conte', 'Torre Lamberti', 'Centro Fotografia', 'Sighseeing']",Torre Lamberti,strategy_nearest,True,0.002416849136352539,success
04B3BF429C4C80,3,"['Castelvecchio', 'Arena']",Torre Lamberti,"['Sighseeing', 'Centro Fotografia', 'Museo Conte', 'Casa Giulietta', 'Palazzo della Ragione']",Teatro Romano,strategy_nearest,False,0.002529144287109375,success
04B3C53A9C4C80,0,['Arena'],Torre Lamberti,"['Sighseeing', 'Centro Fotografia', 'Museo Conte', 'Casa Giulietta', 'Palazzo della Ragione']",Teatro Romano,strategy_nearest,False,0.0031499862670898438,success
04B3B3429C4C80,3,"['Arena', 'Museo Lapidario', 'Casa Giulietta']",Torre Lamberti,"['Sighseeing', 'Centro Fotografia', 'Museo Conte', 'Palazzo della Ragione', 'AMO']",Duomo,strategy_nearest,False,0.004037141799926758,success
04B3BC429C4C80,2,['Torre Lamberti'],Teatro Romano,"['Santa Anastasia', 'Duomo', 'AMO', 'Palazzo della Ragione', 'Museo Conte']",Castelvecchio,strategy_nearest,False,0.001979827880859375,success
04B3D0429C4C80,1,"['Arena', 'Casa Giulietta', 'Torre Lamberti']",Palazzo della Ragione,"['AMO', 'Museo Conte', 'Centro Fotografia', 'Sighseeing', 'Santa Anastasia']",Tomba Giulietta,strategy_nearest,False,0.0012459754943847656,success
04B3D73A9C4C80,0,"['Arena', 'Museo Lapidario']",Castelvecchio,"['Verona Tour', 'Museo Radio', 'San Zeno', 'Sighseeing', 'Museo Miniscalchi']",Casa Giulietta,strategy_nearest,False,0.0028231143951416016,success
04B3E13A9C4C80,0,['Castelvecchio'],Arena,"['Verona Tour', 'Museo Lapidario', 'Museo Radio', 'San Fermo', 'Casa Giulietta']",Teatro Romano,strategy_nearest,False,0.0020742416381835938,success
04B3E73A9C4C80,3,['Teatro Romano'],Duomo,"['AMO', 'Museo Miniscalchi', 'Santa Anastasia', 'Palazzo della Ragione', 'Museo Conte']",Arena,strategy_nearest,False,0.003535032272338867,success
04B4124A9C4C80,3,"['Santa Anastasia', 'Tomba Giulietta']",Arena,"['Verona Tour', 'Museo Lapidario', 'Museo Radio', 'San Fermo', 'Casa Giulietta']",Castelvecchio,strategy_nearest,False,0.002780914306640625,success
04B4053A9C4C84,2,"['Casa Giulietta', 'Palazzo della Ragione', 'Torre Lamberti']",Santa Anastasia,"['AMO', 'Museo Conte', 'Teatro Romano', 'Centro Fotografia', 'Duomo']",Teatro Romano,strategy_nearest,True,0.0035588741302490234,success
04B3ED3A9C4C80,1,"['Arena', 'Teatro Romano']",Casa Giulietta,"['Centro Fotografia', 'Sighseeing', 'Torre Lamberti', 'Museo Conte', 'Museo Radio']",Palazzo della Ragione,strategy_nearest,False,0.0022437572479248047,success
04B416429C4C80,0,"['Arena', 'Torre Lamberti']",Casa Giulietta,"['Centro Fotografia', 'Sighseeing', 'Museo Conte', 'Museo Radio', 'Palazzo della Ragione']",Teatro Romano,strategy_nearest,False,0.002651691436767578,success
04B41D3A9C4C80,3,"['Arena', 'Torre Lamberti']",Casa Giulietta,"['Centro Fotografia', 'Sighseeing', 'Museo Conte', 'Museo Radio', 'Palazzo della Ragione']",Santa Anastasia,strategy_nearest,False,0.00215911865234375,success
04B41E3A9C4C84,0,['Museo Lapidario'],Arena,"['Verona Tour', 'Museo Radio', 'San Fermo', 'Casa Giulietta', 'Sighseeing']",Casa Giulietta,strategy_nearest,True,0.003428936004638672,success
04B4183A9C4C80,0,['Arena'],Casa Giulietta,"['Centro Fotografia', 'Sighseeing', 'Torre Lamberti', 'Museo Conte', 'Museo Radio']",Tomba Giulietta,strategy_nearest,False,0.003412008285522461,success
04B41F3A9C4C84,1,"['Teatro Romano', 'Duomo', 'Santa Anastasia']",Palazzo della Ragione,"['AMO', 'Museo Conte', 'Torre Lamberti', 'Centro Fotografia', 'Sighseeing']",Torre Lamberti,strategy_nearest,True,0.003198862075805664,success
04B4203A9C4C84,3,"['Duomo', 'Teatro Romano']",Casa Giulietta,"['Centro Fotografia', 'Sighseeing', 'Torre Lamberti', 'Museo Conte', 'Museo Radio']",Torre Lamberti,strategy_nearest,True,0.002527952194213867,success
04B4323A9C4C80,3,"['Arena', 'Casa Giulietta']",Torre Lamberti,"['Sighseeing', 'Centro Fotografia', 'Museo Conte', 'Palazzo della Ragione', 'AMO']",Santa Anastasia,strategy_nearest,False,0.003313302993774414,success
04B4253A9C4C80,2,"['Castelvecchio', 'San Zeno']",Torre Lamberti,"['Sighseeing', 'Centro Fotografia', 'Museo Conte', 'Casa Giulietta', 'Palazzo della Ragione']",Santa Anastasia,strategy_nearest,False,0.0027856826782226562,success
04B43B3A9C4C80,1,"['Castelvecchio', 'Arena', 'Tomba Giulietta', 'San Fermo']",Casa Giulietta,"['Centro Fotografia', 'Sighseeing', 'Torre Lamberti', 'Museo Conte', 'Museo Radio']",Santa Anastasia,strategy_nearest,False,0.0026760101318359375,success
04B4463A9C4C80,0,['Tomba Giulietta'],Arena,"['Verona Tour', 'Museo Lapidario', 'Museo Radio', 'San Fermo', 'Casa Giulietta']",Casa Giulietta,strategy_nearest,True,0.0025200843811035156,success
04B43E3A9C4C80,1,"['Torre Lamberti', 'Palazzo della Ragione', 'Casa Giulietta']",Duomo,"['AMO', 'Museo Miniscalchi', 'Santa Anastasia', 'Teatro Romano', 'Museo Conte']",Teatro Romano,strategy_nearest,True,0.0032918453216552734,success
04B4533A9C4C80,0,['Arena'],Casa Giulietta,"['Centro Fotografia', 'Sighseeing', 'Torre Lamberti', 'Museo Conte', 'Museo Radio']",Torre Lamberti,strategy_nearest,True,0.0020148754119873047,success
04B45D429C4C80,1,['Arena'],San Fermo,"['Museo Storia', 'Museo Radio', 'Casa Giulietta', 'Centro Fotografia', 'Sighseeing']",Palazzo della Ragione,strategy_nearest,False,0.0026748180389404297,success
04B4753A9C4C80,3,"['Arena', 'Castelvecchio', 'San Zeno']",Casa Giulietta,"['Centro Fotografia', 'Sighseeing', 'Torre Lamberti', 'Museo Conte', 'Museo Radio']",Santa Anastasia,strategy_nearest,False,0.0021712779998779297,success
04B461429C4C80,0,['Arena'],Casa Giulietta,"['Centro Fotografia', 'Sighseeing', 'Torre Lamberti', 'Museo Conte', 'Museo Radio']",Torre Lamberti,strategy_nearest,True,0.0034210681915283203,success
04B476429C4C80,3,"['Giardino Giusti', 'Santa Anastasia', 'Duomo']",Torre Lamberti,"['Sighseeing', 'Centro Fotografia', 'Museo Conte', 'Casa Giulietta', 'Palazzo della Ragione']",Casa Giulietta,strategy_nearest,True,0.0020918846130371094,success
04B47B3A9C4C80,1,"['Arena', 'Torre Lamberti']",Palazzo della Ragione,"['AMO', 'Museo Conte', 'Centro Fotografia', 'Sighseeing', 'Santa Anastasia']",Casa Giulietta,strategy_nearest,False,0.003326892852783203,success
04B4803A9C4C80,0,['Arena'],Casa Giulietta,"['Centro Fotografia', 'Sighseeing', 'Torre Lamberti', 'Museo Conte', 'Museo Radio']",Castelvecchio,strategy_nearest,False,0.002187967300415039,success
04B47D3A9C4C80,0,"['Arena', 'Torre Lamberti']",Casa Giulietta,"['Centro Fotografia', 'Sighseeing', 'Museo Conte', 'Museo Radio', 'Palazzo della Ragione']",Duomo,strategy_nearest,False,0.002892732620239258,success
04B4863A9C4C80,1,"['Casa Giulietta', 'Torre Lamberti', 'Palazzo della Ragione']",Santa Anastasia,"['AMO', 'Museo Conte', 'Teatro Romano', 'Centro Fotografia', 'Duomo']",Castelvecchio,strategy_nearest,False,0.002683877944946289,success
04B48C429C4C80,1,"['Teatro Romano', 'Duomo']",Palazzo della Ragione,"['AMO', 'Museo Conte', 'Torre Lamberti', 'Centro Fotografia', 'Sighseeing']",Casa Giulietta,strategy_nearest,False,0.003100872039794922,success
04B4A04A9C4C80,3,"['Arena', 'Castelvecchio']",Duomo,"['AMO', 'Museo Miniscalchi', 'Santa Anastasia', 'Teatro Romano', 'Palazzo della Ragione']",Santa Anastasia,strategy_nearest,True,0.0018908977508544922,success
04B48D4A9C4C80,3,"['Arena', 'Casa Giulietta']",Santa Anastasia,"['AMO', 'Museo Conte', 'Palazzo della Ragione', 'Teatro Romano', 'Centro Fotografia']",Giardino Giusti,strategy_nearest,False,0.002543926239013672,success
04B4A83A9C4C80,3,"['Arena', 'Casa Giulietta']",Santa Anastasia,"['AMO', 'Museo Conte', 'Palazzo della Ragione', 'Teatro Romano', 'Centro Fotografia']",Duomo,strategy_nearest,False,0.003100156784057617,success
04B4A872743380,2,['Museo Storia'],Santa Anastasia,"['AMO', 'Museo Conte', 'Palazzo della Ragione', 'Teatro Romano', 'Centro Fotografia']",Duomo,strategy_nearest,False,0.003667116165161133,success
04B4AD429C4C80,3,"['Arena', 'Casa Giulietta']",Torre Lamberti,"['Sighseeing', 'Centro Fotografia', 'Museo Conte', 'Palazzo della Ragione', 'AMO']",Santa Anastasia,strategy_nearest,False,0.001477956771850586,success
04B4BC429C4C80,1,"['Arena', 'Torre Lamberti']",Palazzo della Ragione,"['AMO', 'Museo Conte', 'Centro Fotografia', 'Sighseeing', 'Santa Anastasia']",Casa Giulietta,strategy_nearest,False,0.002007007598876953,success
04B4B63A9C4C80,0,['Arena'],Casa Giulietta,"['Centro Fotografia', 'Sighseeing', 'Torre Lamberti', 'Museo Conte', 'Museo Radio']",Duomo,strategy_nearest,False,0.0028862953186035156,success
04B4CF3A9C4C80,0,['Arena'],Santa Anastasia,"['AMO', 'Museo Conte', 'Palazzo della Ragione', 'Teatro Romano', 'Centro Fotografia']",Casa Giulietta,strategy_nearest,False,0.0024259090423583984,success
04B4BE429C4C80,0,['Arena'],Casa Giulietta,"['Centro Fotografia', 'Sighseeing', 'Torre Lamberti', 'Museo Conte', 'Museo Radio']",Tomba Giulietta,strategy_nearest,False,0.0034596920013427734,success
04B4D03A9C4C80,1,"['Castelvecchio', 'Casa Giulietta', 'Tomba Giulietta']",Arena,"['Verona Tour', 'Museo Lapidario', 'Museo Radio', 'San Fermo', 'Sighseeing']",Torre Lamberti,strategy_nearest,False,0.0027899742126464844,success
04B4D6429C4C80,1,"['Arena', 'Casa Giulietta', 'Santa Anastasia', 'Teatro Romano']",Giardino Giusti,"['Museo Conte', 'Centro Fotografia', 'Museo Storia', 'AMO', 'Palazzo della Ragione']",Torre Lamberti,strategy_nearest,False,0.0025072097778320312,success
04B4D73A9C4C80,3,"['Arena', 'San Zeno']",Teatro Romano,"['Santa Anastasia', 'Duomo', 'AMO', 'Palazzo della Ragione', 'Museo Conte']",Duomo,strategy_nearest,True,0.00339508056640625,success
04B4E13A9C4C80,0,"['Casa Giulietta', 'Tomba Giulietta']",Torre Lamberti,"['Sighseeing', 'Centro Fotografia', 'Museo Conte', 'Palazzo della Ragione', 'AMO']",Arena,strategy_nearest,False,0.0019659996032714844,success
04B4F73A9C4C80,3,['Torre Lamberti'],Santa Anastasia,"['AMO', 'Museo Conte', 'Palazzo della Ragione', 'Teatro Romano', 'Centro Fotografia']",Arena,strategy_nearest,False,0.0026459693908691406,success
04B4E53A9C4C80,1,"['Arena', 'Casa Giulietta']",Torre Lamberti,"['Sighseeing', 'Centro Fotografia', 'Museo Conte', 'Palazzo della Ragione', 'AMO']",Palazzo della Ragione,strategy_nearest,True,0.0036690235137939453,success
04B4FA429C4C80,1,"['Arena', 'Casa Giulietta']",Teatro Romano,"['Santa Anastasia', 'Duomo', 'AMO', 'Palazzo della Ragione', 'Museo Conte']",Torre Lamberti,strategy_nearest,False,0.003275156021118164,success
04B5003A9C4C84,3,"['Arena', 'San Zeno', 'Torre Lamberti']",Santa Anastasia,"['AMO', 'Museo Conte', 'Palazzo della Ragione', 'Teatro Romano', 'Centro Fotografia']",Duomo,strategy_nearest,False,0.0023369789123535156,success
04B5033A9C4C84,0,"['Castelvecchio', 'Teatro Romano']",Torre Lamberti,"['Sighseeing', 'Centro Fotografia', 'Museo Conte', 'Casa Giulietta', 'Palazzo della Ragione']",Arena,strategy_nearest,False,0.0025129318237304688,success
04B5053A9C4C84,0,['Torre Lamberti'],Arena,"['Verona Tour', 'Museo Lapidario', 'Museo Radio', 'San Fermo', 'Casa Giulietta']",Casa Giulietta,strategy_nearest,True,0.003200054168701172,success
04B50A429C4C80,1,"['Casa Giulietta', 'Arena']",Torre Lamberti,"['Sighseeing', 'Centro Fotografia', 'Museo Conte', 'Palazzo della Ragione', 'AMO']",Palazzo della Ragione,strategy_nearest,True,0.002569913864135742,success
04B509429C4C80,3,['Castelvecchio'],Santa Anastasia,"['AMO', 'Museo Conte', 'Palazzo della Ragione', 'Teatro Romano', 'Centro Fotografia']",Duomo,strategy_nearest,False,0.0036611557006835938,success
04B511429C4C80,1,['Arena'],Casa Giulietta,"['Centro Fotografia', 'Sighseeing', 'Torre Lamberti', 'Museo Conte', 'Museo Radio']",Palazzo della Ragione,strategy_nearest,False,0.0025451183319091797,success
04B5113A9C4C80,0,['Arena'],Casa Giulietta,"['Centro Fotografia', 'Sighseeing', 'Torre Lamberti', 'Museo Conte', 'Museo Radio']",Santa Anastasia,strategy_nearest,False,0.002501249313354492,success
04B5133A9C4C80,1,"['Arena', 'Palazzo della Ragione']",Teatro Romano,"['Santa Anastasia', 'Duomo', 'AMO', 'Museo Conte', 'Centro Fotografia']",Duomo,strategy_nearest,True,0.0032367706298828125,success
04B519429C4C84,3,"['Santa Anastasia', 'Tomba Giulietta', 'Arena']",Teatro Romano,"['Duomo', 'AMO', 'Palazzo della Ragione', 'Museo Conte', 'Centro Fotografia']",Duomo,strategy_nearest,True,0.002487659454345703,success
04B517429C4C80,0,['Arena'],Casa Giulietta,"['Centro Fotografia', 'Sighseeing', 'Torre Lamberti', 'Museo Conte', 'Museo Radio']",Duomo,strategy_nearest,False,0.0032219886779785156,success
04B5153A9C4C84,1,"['Arena', 'Tomba Giulietta', 'San Fermo']",Casa Giulietta,"['Centro Fotografia', 'Sighseeing', 'Torre Lamberti', 'Museo Conte', 'Museo Radio']",Santa Anastasia,strategy_nearest,False,0.002679109573364258,success
04B516429C4C80,3,"['Arena', 'Castelvecchio', 'Casa Giulietta']",Santa Anastasia,"['AMO', 'Museo Conte', 'Palazzo della Ragione', 'Teatro Romano', 'Centro Fotografia']",Teatro Romano,strategy_nearest,True,0.002763032913208008,success
04B51A3A9C4C84,3,"['Arena', 'Santa Anastasia']",Duomo,"['AMO', 'Museo Miniscalchi', 'Teatro Romano', 'Palazzo della Ragione', 'Museo Conte']",Torre Lamberti,strategy_nearest,False,0.002061128616333008,success
04B51D3A9C4C84,0,['Teatro Romano'],Casa Giulietta,"['Centro Fotografia', 'Sighseeing', 'Torre Lamberti', 'Museo Conte', 'Museo Radio']",Arena,strategy_nearest,False,0.0028150081634521484,success
04B5213A9C4C84,0,['Arena'],Casa Giulietta,"['Centro Fotografia', 'Sighseeing', 'Torre Lamberti', 'Museo Conte', 'Museo Radio']",Torre Lamberti,strategy_nearest,True,0.0021278858184814453,success
04B51F4A9C4C80,3,"['Castelvecchio', 'Santa Anastasia']",San Zeno,"['Verona Tour', 'Museo Lapidario', 'Arena', 'Museo Miniscalchi', 'Sighseeing']",Arena,strategy_nearest,True,0.0034630298614501953,success
04B5254A9C4C80,3,"['Castelvecchio', 'Santa Anastasia', 'Teatro Romano']",Duomo,"['AMO', 'Museo Miniscalchi', 'Palazzo della Ragione', 'Museo Conte', 'Torre Lamberti']",Torre Lamberti,strategy_nearest,True,0.003320932388305664,success
04B5233A9C4C84,3,"['Arena', 'Duomo', 'Teatro Romano']",Santa Anastasia,"['AMO', 'Museo Conte', 'Palazzo della Ragione', 'Centro Fotografia', 'Torre Lamberti']",Casa Giulietta,strategy_nearest,False,0.002104043960571289,success
04B5273A9C4C80,3,"['Arena', 'Museo Lapidario', 'Castelvecchio']",San Zeno,"['Verona Tour', 'Museo Miniscalchi', 'Sighseeing', 'Museo Radio', 'Torre Lamberti']",Torre Lamberti,strategy_nearest,True,0.0026221275329589844,success
04B5223A9C4C84,0,['Santa Anastasia'],Casa Giulietta,"['Centro Fotografia', 'Sighseeing', 'Torre Lamberti', 'Museo Conte', 'Museo Radio']",Arena,strategy_nearest,False,0.0028259754180908203,success
04B5374A9C4C80,1,"['Arena', 'Castelvecchio', 'Torre Lamberti']",Palazzo della Ragione,"['AMO', 'Museo Conte', 'Centro Fotografia', 'Sighseeing', 'Santa Anastasia']",Casa Giulietta,strategy_nearest,False,0.0019729137420654297,success
04B5323A9C4C80,3,"['Santa Anastasia', 'Duomo']",Casa Giulietta,"['Centro Fotografia', 'Sighseeing', 'Torre Lamberti', 'Museo Conte', 'Museo Radio']",Torre Lamberti,strategy_nearest,True,0.0014019012451171875,success
04B53B4A9C4C80,2,['Teatro Romano'],Castelvecchio,"['Museo Lapidario', 'Verona Tour', 'Arena', 'Museo Radio', 'San Zeno']",Duomo,strategy_nearest,False,0.0024940967559814453,success
04B5443A9C4C80,3,"['Arena', 'Casa Giulietta']",Santa Anastasia,"['AMO', 'Museo Conte', 'Palazzo della Ragione', 'Teatro Romano', 'Centro Fotografia']",Duomo,strategy_nearest,False,0.0026569366455078125,success
04B5413A9C4C80,3,"['Arena', 'Casa Giulietta']",Torre Lamberti,"['Sighseeing', 'Centro Fotografia', 'Museo Conte', 'Palazzo della Ragione', 'AMO']",Santa Anastasia,strategy_nearest,False,0.0035092830657958984,success
04B5473A9C4C80,3,['Arena'],Torre Lamberti,"['Sighseeing', 'Centro Fotografia', 'Museo Conte', 'Casa Giulietta', 'Palazzo della Ragione']",Teatro Romano,strategy_nearest,False,0.002641916275024414,success
04B549429C4C80,1,"['Castelvecchio', 'Arena', 'Tomba Giulietta', 'Duomo']",Santa Anastasia,"['AMO', 'Museo Conte', 'Palazzo della Ragione', 'Teatro Romano', 'Centro Fotografia']",Casa Giulietta,strategy_nearest,False,0.0037147998809814453,success
04B5543A9C4C80,3,"['Castelvecchio', 'Casa Giulietta']",Santa Anastasia,"['AMO', 'Museo Conte', 'Palazzo della Ragione', 'Teatro Romano', 'Centro Fotografia']",Duomo,strategy_nearest,False,0.0026450157165527344,success
04B55F429C4C80,3,['Arena'],Torre Lamberti,"['Sighseeing', 'Centro Fotografia', 'Museo Conte', 'Casa Giulietta', 'Palazzo della Ragione']",Casa Giulietta,strategy_nearest,True,0.002663135528564453,success
04B554429C4C80,3,"['Arena', 'Museo Lapidario']",Torre Lamberti,"['Sighseeing', 'Centro Fotografia', 'Museo Conte', 'Casa Giulietta', 'Palazzo della Ragione']",Teatro Romano,strategy_nearest,False,0.0037522315979003906,success
04B56E3A9C4C80,1,['Arena'],Palazzo della Ragione,"['AMO', 'Museo Conte', 'Torre Lamberti', 'Centro Fotografia', 'Sighseeing']",Torre Lamberti,strategy_nearest,True,0.003381013870239258,success
04B568429C4C80,1,"['Torre Lamberti', 'Palazzo della Ragione']",Castelvecchio,"['Museo Lapidario', 'Verona Tour', 'Arena', 'Museo Radio', 'San Zeno']",Arena,strategy_nearest,True,0.0026848316192626953,success
04B573429C4C80,1,"['Arena', 'Torre Lamberti', 'Palazzo della Ragione', 'Casa Giulietta']",Santa Anastasia,"['AMO', 'Museo Conte', 'Teatro Romano', 'Centro Fotografia', 'Duomo']",San Zeno,strategy_nearest,False,0.0033659934997558594,success
04B5763A9C4C80,1,['Palazzo della Ragione'],Torre Lamberti,"['Sighseeing', 'Centro Fotografia', 'Museo Conte', 'Casa Giulietta', 'AMO']",Casa Giulietta,strategy_nearest,True,0.0028078556060791016,success
04B580429C4C80,3,"['Casa Giulietta', 'Torre Lamberti']",Santa Anastasia,"['AMO', 'Museo Conte', 'Palazzo della Ragione', 'Teatro Romano', 'Centro Fotografia']",Duomo,strategy_nearest,False,0.0028078556060791016,success
04B585429C4C80,2,"['San Fermo', 'Casa Giulietta']",Duomo,"['AMO', 'Museo Miniscalchi', 'Santa Anastasia', 'Teatro Romano', 'Palazzo della Ragione']",Santa Anastasia,strategy_nearest,True,0.002579927444458008,success
04B57B3A9C4C80,0,"['Arena', 'Casa Giulietta']",Museo Storia,"['San Fermo', 'Museo Radio', 'Centro Fotografia', 'Tomba Giulietta', 'Torre Lamberti']",Teatro Romano,strategy_nearest,False,0.0018470287322998047,success
04B5823A9C4C80,1,"['Santa Anastasia', 'Palazzo della Ragione', 'San Fermo']",Arena,"['Verona Tour', 'Museo Lapidario', 'Museo Radio', 'Casa Giulietta', 'Sighseeing']",Duomo,strategy_nearest,False,0.004186868667602539,success
04B587429C4C80,0,['Casa Giulietta'],Arena,"['Verona Tour', 'Museo Lapidario', 'Museo Radio', 'San Fermo', 'Sighseeing']",Castelvecchio,strategy_nearest,False,0.0026323795318603516,success
04B589429C4C80,3,"['Arena', 'Santa Anastasia']",Duomo,"['AMO', 'Museo Miniscalchi', 'Teatro Romano', 'Palazzo della Ragione', 'Museo Conte']",Torre Lamberti,strategy_nearest,False,0.0019979476928710938,success
04B588429C4C80,1,['Arena'],Palazzo della Ragione,"['AMO', 'Museo Conte', 'Torre Lamberti', 'Centro Fotografia', 'Sighseeing']",Torre Lamberti,strategy_nearest,True,0.0026650428771972656,success
04B5AF429C4C80,3,"['Arena', 'Casa Giulietta', 'Santa Anastasia']",Duomo,"['AMO', 'Museo Miniscalchi', 'Teatro Romano', 'Palazzo della Ragione', 'Museo Conte']",Teatro Romano,strategy_nearest,True,0.0031991004943847656,success
04B5A73A9C4C80,3,"['Castelvecchio', 'Arena']",Torre Lamberti,"['Sighseeing', 'Centro Fotografia', 'Museo Conte', 'Casa Giulietta', 'Palazzo della Ragione']",Santa Anastasia,strategy_nearest,False,0.0034470558166503906,success
04B5B5429C4C80,0,"['Castelvecchio', 'San Zeno']",Arena,"['Verona Tour', 'Museo Lapidario', 'Museo Radio', 'San Fermo', 'Casa Giulietta']",Casa Giulietta,strategy_nearest,True,0.0031299591064453125,success
04B5B33A9C4C80,3,['Arena'],Santa Anastasia,"['AMO', 'Museo Conte', 'Palazzo della Ragione', 'Teatro Romano', 'Centro Fotografia']",Torre Lamberti,strategy_nearest,False,0.002547740936279297,success
04B5BC429C4C80,0,['Arena'],Casa Giulietta,"['Centro Fotografia', 'Sighseeing', 'Torre Lamberti', 'Museo Conte', 'Museo Radio']",Torre Lamberti,strategy_nearest,True,0.0024919509887695312,success
04B5C2429C4C80,3,"['Arena', 'Casa Giulietta', 'Santa Anastasia']",Teatro Romano,"['Duomo', 'AMO', 'Palazzo della Ragione', 'Museo Conte', 'Centro Fotografia']",Duomo,strategy_nearest,True,0.0037071704864501953,success
04B5DC3A9C4C80,3,"['Arena', 'Casa Giulietta', 'Torre Lamberti']",Santa Anastasia,"['AMO', 'Museo Conte', 'Palazzo della Ragione', 'Teatro Romano', 'Centro Fotografia']",Teatro Romano,strategy_nearest,True,0.0025620460510253906,success
04B5C6429C4C80,0,"['Arena', 'Casa Giulietta']",Torre Lamberti,"['Sighseeing', 'Centro Fotografia', 'Museo Conte', 'Palazzo della Ragione', 'AMO']",Duomo,strategy_nearest,False,0.00422215461730957,success
04B5CE3A9C4C80,3,['Santa Anastasia'],Duomo,"['AMO', 'Museo Miniscalchi', 'Teatro Romano', 'Palazzo della Ragione', 'Museo Conte']",Giardino Giusti,strategy_nearest,False,0.003256082534790039,success
04B5E53A9C4C80,0,['Castelvecchio'],Arena,"['Verona Tour', 'Museo Lapidario', 'Museo Radio', 'San Fermo', 'Casa Giulietta']",Casa Giulietta,strategy_nearest,True,0.0012888908386230469,success
04B5C93A9C4C80,0,['Arena'],Castelvecchio,"['Museo Lapidario', 'Verona Tour', 'Museo Radio', 'San Zeno', 'Sighseeing']",San Zeno,strategy_nearest,True,0.003381967544555664,success
04B5DD3A9C4C80,0,['Arena'],Casa Giulietta,"['Centro Fotografia', 'Sighseeing', 'Torre Lamberti', 'Museo Conte', 'Museo Radio']",Teatro Romano,strategy_nearest,False,0.0026853084564208984,success
04B5FD3A9C4C80,3,"['San Zeno', 'Castelvecchio', 'Torre Lamberti']",Santa Anastasia,"['AMO', 'Museo Conte', 'Palazzo della Ragione', 'Teatro Romano', 'Centro Fotografia']",Teatro Romano,strategy_nearest,True,0.0026178359985351562,success
04B5FD429C4C80,3,"['Arena', 'Casa Giulietta', 'Torre Lamberti']",Santa Anastasia,"['AMO', 'Museo Conte', 'Palazzo della Ragione', 'Teatro Romano', 'Centro Fotografia']",Teatro Romano,strategy_nearest,True,0.002276897430419922,success
04B5FF429C4C80,1,['Teatro Romano'],Palazzo della Ragione,"['AMO', 'Museo Conte', 'Torre Lamberti', 'Centro Fotografia', 'Sighseeing']",Arena,strategy_nearest,False,0.002331972122192383,success
04B605429C4C84,1,"['Arena', 'Castelvecchio']",Santa Anastasia,"['AMO', 'Museo Conte', 'Palazzo della Ragione', 'Teatro Romano', 'Centro Fotografia']",Duomo,strategy_nearest,False,0.0029129981994628906,success
04B609429C4C84,1,"['Arena', 'Museo Lapidario', 'Castelvecchio', 'Palazzo della Ragione']",Santa Anastasia,"['AMO', 'Museo Conte', 'Teatro Romano', 'Centro Fotografia', 'Duomo']",Teatro Romano,strategy_nearest,True,0.0028188228607177734,success
04B60E429C4C80,3,"['Arena', 'Casa Giulietta']",Santa Anastasia,"['AMO', 'Museo Conte', 'Palazzo della Ragione', 'Teatro Romano', 'Centro Fotografia']",Duomo,strategy_nearest,False,0.0020089149475097656,success
04B60A429C4C84,1,"['Arena', 'Casa Giulietta']",Torre Lamberti,"['Sighseeing', 'Centro Fotografia', 'Museo Conte', 'Palazzo della Ragione', 'AMO']",Palazzo della Ragione,strategy_nearest,True,0.0034329891204833984,success
04B610429C4C80,0,"['Castelvecchio', 'Arena']",Casa Giulietta,"['Centro Fotografia', 'Sighseeing', 'Torre Lamberti', 'Museo Conte', 'Museo Radio']",Torre Lamberti,strategy_nearest,True,0.0025548934936523438,success
04B6193A9C4C84,1,['Arena'],Torre Lamberti,"['Sighseeing', 'Centro Fotografia', 'Museo Conte', 'Casa Giulietta', 'Palazzo della Ragione']",Palazzo della Ragione,strategy_nearest,True,0.0030770301818847656,success
04B61B3A9C4C84,3,"['Casa Giulietta', 'Arena']",Santa Anastasia,"['AMO', 'Museo Conte', 'Palazzo della Ragione', 'Teatro Romano', 'Centro Fotografia']",Duomo,strategy_nearest,False,0.002599954605102539,success
04B61F3A9C4C80,3,"['Castelvecchio', 'Arena']",Casa Giulietta,"['Centro Fotografia', 'Sighseeing', 'Torre Lamberti', 'Museo Conte', 'Museo Radio']",Torre Lamberti,strategy_nearest,True,0.0018019676208496094,success
04B61F3A9C4C84,1,['Torre Lamberti'],Palazzo della Ragione,"['AMO', 'Museo Conte', 'Centro Fotografia', 'Sighseeing', 'Santa Anastasia']",Teatro Romano,strategy_nearest,False,0.0026450157165527344,success
04B6213A9C4C84,3,['Arena'],Casa Giulietta,"['Centro Fotografia', 'Sighseeing', 'Torre Lamberti', 'Museo Conte', 'Museo Radio']",Torre Lamberti,strategy_nearest,True,0.003094911575317383,success
04B61F429C4C84,1,"['San Zeno', 'Arena', 'Casa Giulietta']",Torre Lamberti,"['Sighseeing', 'Centro Fotografia', 'Museo Conte', 'Palazzo della Ragione', 'AMO']",Santa Anastasia,strategy_nearest,False,0.002792835235595703,success
04B6203A9C4C84,3,"['Castelvecchio', 'Arena']",Museo Storia,"['San Fermo', 'Museo Radio', 'Casa Giulietta', 'Centro Fotografia', 'Tomba Giulietta']",Casa Giulietta,strategy_nearest,True,0.0019800662994384766,success
04B6233A9C4C84,0,['Teatro Romano'],Casa Giulietta,"['Centro Fotografia', 'Sighseeing', 'Torre Lamberti', 'Museo Conte', 'Museo Radio']",Arena,strategy_nearest,False,0.0031280517578125,success
04B6284A9C4C80,3,"['Arena', 'Casa Giulietta', 'Castelvecchio', 'Tomba Giulietta']",Giardino Giusti,"['Santa Anastasia', 'Teatro Romano', 'Museo Conte', 'Centro Fotografia', 'Museo Storia']",Teatro Romano,strategy_nearest,True,0.0027446746826171875,success
04B6264A9C4C80,3,"['Castelvecchio', 'Tomba Giulietta', 'San Fermo', 'Casa Giulietta']",Santa Anastasia,"['AMO', 'Museo Conte', 'Palazzo della Ragione', 'Teatro Romano', 'Centro Fotografia']",Arena,strategy_nearest,False,0.0021719932556152344,success
04B63B3A9C4C80,3,"['Arena', 'Casa Giulietta']",Santa Anastasia,"['AMO', 'Museo Conte', 'Palazzo della Ragione', 'Teatro Romano', 'Centro Fotografia']",Duomo,strategy_nearest,False,0.0034151077270507812,success
04B6453A9C4C80,1,"['Museo Lapidario', 'Castelvecchio', 'San Zeno', 'Arena', 'Casa Giulietta']",Tomba Giulietta,"['San Fermo', 'Museo Storia', 'Museo Radio', 'Verona Tour', 'Sighseeing']",San Fermo,strategy_nearest,True,0.0025777816772460938,success
04B63E3A9C4C80,3,"['Santa Anastasia', 'Duomo', 'San Zeno']",Torre Lamberti,"['Sighseeing', 'Centro Fotografia', 'Museo Conte', 'Casa Giulietta', 'Palazzo della Ragione']",San Fermo,strategy_nearest,False,0.0031616687774658203,success
04B659429C4C80,3,"['Arena', 'San Fermo']",Casa Giulietta,"['Centro Fotografia', 'Sighseeing', 'Torre Lamberti', 'Museo Conte', 'Museo Radio']",Santa Anastasia,strategy_nearest,False,0.002830028533935547,success
04B65C429C4C80,0,['Arena'],Teatro Romano,"['Santa Anastasia', 'Duomo', 'AMO', 'Palazzo della Ragione', 'Museo Conte']",Casa Giulietta,strategy_nearest,False,0.0031909942626953125,success
04B667429C4C80,3,"['Arena', 'Torre Lamberti']",Santa Anastasia,"['AMO', 'Museo Conte', 'Palazzo della Ragione', 'Teatro Romano', 'Centro Fotografia']",Duomo,strategy_nearest,False,0.0025930404663085938,success
04B665429C4C80,3,['Arena'],Santa Anastasia,"['AMO', 'Museo Conte', 'Palazzo della Ragione', 'Teatro Romano', 'Centro Fotografia']",Teatro Romano,strategy_nearest,True,0.0034711360931396484,success
04B668429C4C80,0,['Arena'],Teatro Romano,"['Santa Anastasia', 'Duomo', 'AMO', 'Palazzo della Ragione', 'Museo Conte']",Casa Giulietta,strategy_nearest,False,0.0035521984100341797,success
04B671429C4C80,3,"['Arena', 'San Fermo']",Casa Giulietta,"['Centro Fotografia', 'Sighseeing', 'Torre Lamberti', 'Museo Conte', 'Museo Radio']",Torre Lamberti,strategy_nearest,True,0.002679109573364258,success
04B681429C4C80,3,"['Santa Anastasia', 'Duomo']",Arena,"['Verona Tour', 'Museo Lapidario', 'Museo Radio', 'San Fermo', 'Casa Giulietta']",Casa Giulietta,strategy_nearest,True,0.0026879310607910156,success
04B6894A9C4C80,0,['Arena'],Casa Giulietta,"['Centro Fotografia', 'Sighseeing', 'Torre Lamberti', 'Museo Conte', 'Museo Radio']",Torre Lamberti,strategy_nearest,True,0.003162860870361328,success
04B686429C4C80,1,"['Arena', 'Torre Lamberti']",Palazzo della Ragione,"['AMO', 'Museo Conte', 'Centro Fotografia', 'Sighseeing', 'Santa Anastasia']",Santa Anastasia,strategy_nearest,True,0.003342151641845703,success
04B6A9429C4C80,3,"['Torre Lamberti', 'Arena']",Casa Giulietta,"['Centro Fotografia', 'Sighseeing', 'Museo Conte', 'Museo Radio', 'Palazzo della Ragione']",Santa Anastasia,strategy_nearest,False,0.0030257701873779297,success
04B6B03A9C4C80,3,"['Arena', 'Casa Giulietta']",Torre Lamberti,"['Sighseeing', 'Centro Fotografia', 'Museo Conte', 'Palazzo della Ragione', 'AMO']",Santa Anastasia,strategy_nearest,False,0.0026540756225585938,success
04B6BF429C4C80,3,"['Castelvecchio', 'Arena', 'Torre Lamberti']",Casa Giulietta,"['Centro Fotografia', 'Sighseeing', 'Museo Conte', 'Museo Radio', 'Palazzo della Ragione']",Santa Anastasia,strategy_nearest,False,0.0027053356170654297,success
04B6BC3A9C4C80,3,"['Arena', 'Santa Anastasia']",Duomo,"['AMO', 'Museo Miniscalchi', 'Teatro Romano', 'Palazzo della Ragione', 'Museo Conte']",Torre Lamberti,strategy_nearest,False,0.002792835235595703,success
04B6C0429C4C80,1,"['Arena', 'Casa Giulietta']",Palazzo della Ragione,"['AMO', 'Museo Conte', 'Torre Lamberti', 'Centro Fotografia', 'Sighseeing']",Castelvecchio,strategy_nearest,False,0.0032150745391845703,success
04B6C53A9C4C80,0,"['Tomba Giulietta', 'Teatro Romano']",Arena,"['Verona Tour', 'Museo Lapidario', 'Museo Radio', 'San Fermo', 'Casa Giulietta']",Casa Giulietta,strategy_nearest,True,0.003426074981689453,success
04B6D8BA7B3F80,3,"['Santa Anastasia', 'Duomo', 'Teatro Romano']",Arena,"['Verona Tour', 'Museo Lapidario', 'Museo Radio', 'San Fermo', 'Casa Giulietta']",Castelvecchio,strategy_nearest,False,0.0026090145111083984,success
04B6C93A9C4C80,0,['Arena'],Casa Giulietta,"['Centro Fotografia', 'Sighseeing', 'Torre Lamberti', 'Museo Conte', 'Museo Radio']",Castelvecchio,strategy_nearest,False,0.0027709007263183594,success
04B6DC429C4C80,3,"['Arena', 'Museo Lapidario', 'Castelvecchio']",Casa Giulietta,"['Centro Fotografia', 'Sighseeing', 'Torre Lamberti', 'Museo Conte', 'Museo Radio']",Duomo,strategy_nearest,False,0.0037102699279785156,success
04B6E4BA7B3F80,1,"['Santa Anastasia', 'Duomo', 'Teatro Romano']",Arena,"['Verona Tour', 'Museo Lapidario', 'Museo Radio', 'San Fermo', 'Casa Giulietta']",Casa Giulietta,strategy_nearest,True,0.0017848014831542969,success
04B6DF3A9C4C80,0,"['Arena', 'Castelvecchio']",San Zeno,"['Verona Tour', 'Museo Lapidario', 'Museo Miniscalchi', 'Sighseeing', 'Museo Radio']",Casa Giulietta,strategy_nearest,False,0.0024950504302978516,success
04B6F0BA7B3F80,1,"['Santa Anastasia', 'Duomo', 'Teatro Romano']",Arena,"['Verona Tour', 'Museo Lapidario', 'Museo Radio', 'San Fermo', 'Casa Giulietta']",Casa Giulietta,strategy_nearest,True,0.0034630298614501953,success
04B6FA3A9C4C80,3,"['Arena', 'Casa Giulietta']",Santa Anastasia,"['AMO', 'Museo Conte', 'Palazzo della Ragione', 'Teatro Romano', 'Centro Fotografia']",Duomo,strategy_nearest,False,0.003119945526123047,success
04B6FBBA7B3F80,3,"['Torre Lamberti', 'Santa Anastasia']",Duomo,"['AMO', 'Museo Miniscalchi', 'Teatro Romano', 'Palazzo della Ragione', 'Museo Conte']",San Fermo,strategy_nearest,False,0.0031900405883789062,success
04B6FC3A9C4C80,0,['Museo Lapidario'],Casa Giulietta,"['Centro Fotografia', 'Sighseeing', 'Torre Lamberti', 'Museo Conte', 'Museo Radio']",Arena,strategy_nearest,False,0.0024230480194091797,success
04B7053A9C4C84,0,"['Casa Giulietta', 'Torre Lamberti']",Arena,"['Verona Tour', 'Museo Lapidario', 'Museo Radio', 'San Fermo', 'Sighseeing']",Tomba Giulietta,strategy_nearest,False,0.0026171207427978516,success
04B7083A9C4C84,1,['Arena'],Torre Lamberti,"['Sighseeing', 'Centro Fotografia', 'Museo Conte', 'Casa Giulietta', 'Palazzo della Ragione']",Palazzo della Ragione,strategy_nearest,True,0.0034329891204833984,success
04B70C429C4C80,3,"['Arena', 'Casa Giulietta']",Torre Lamberti,"['Sighseeing', 'Centro Fotografia', 'Museo Conte', 'Palazzo della Ragione', 'AMO']",Santa Anastasia,strategy_nearest,False,0.0031821727752685547,success
04B7093A9C4C84,0,"['Castelvecchio', 'Teatro Romano']",Torre Lamberti,"['Sighseeing', 'Centro Fotografia', 'Museo Conte', 'Casa Giulietta', 'Palazzo della Ragione']",Arena,strategy_nearest,False,0.003434419631958008,success
04B70C429C4C84,3,"['Arena', 'Castelvecchio', 'Casa Giulietta']",Torre Lamberti,"['Sighseeing', 'Centro Fotografia', 'Museo Conte', 'Palazzo della Ragione', 'AMO']",Duomo,strategy_nearest,False,0.002785921096801758,success
04B70E429C4C80,0,"['Museo Lapidario', 'Castelvecchio']",Arena,"['Verona Tour', 'Museo Radio', 'San Fermo', 'Casa Giulietta', 'Sighseeing']",Casa Giulietta,strategy_nearest,True,0.003312826156616211,success
04B70D429C4C84,1,"['Palazzo della Ragione', 'Torre Lamberti']",Arena,"['Verona Tour', 'Museo Lapidario', 'Museo Radio', 'San Fermo', 'Casa Giulietta']",Casa Giulietta,strategy_nearest,True,0.002885103225708008,success
04B70F429C4C80,3,"['Arena', 'Casa Giulietta', 'Castelvecchio']",Santa Anastasia,"['AMO', 'Museo Conte', 'Palazzo della Ragione', 'Teatro Romano', 'Centro Fotografia']",San Fermo,strategy_nearest,False,0.002407073974609375,success
04B711429C4C80,1,['Arena'],Palazzo della Ragione,"['AMO', 'Museo Conte', 'Torre Lamberti', 'Centro Fotografia', 'Sighseeing']",Castelvecchio,strategy_nearest,False,0.0029211044311523438,success
04B7143A9C4C84,1,"['Arena', 'Casa Giulietta']",Torre Lamberti,"['Sighseeing', 'Centro Fotografia', 'Museo Conte', 'Palazzo della Ragione', 'AMO']",Palazzo della Ragione,strategy_nearest,True,0.0019440650939941406,success
04B7153A9C4C84,1,"['Arena', 'Casa Giulietta', 'Torre Lamberti']",Palazzo della Ragione,"['AMO', 'Museo Conte', 'Centro Fotografia', 'Sighseeing', 'Santa Anastasia']",Duomo,strategy_nearest,False,0.0032570362091064453,success
04B713BA7B3F80,4,"['San Zeno', 'Arena', 'Castelvecchio', 'Teatro Romano']",Duomo,"['AMO', 'Museo Miniscalchi', 'Santa Anastasia', 'Palazzo della Ragione', 'Museo Conte']",Santa Anastasia,strategy_nearest,True,0.0027320384979248047,success
04B716429C4C80,0,['Arena'],Casa Giulietta,"['Centro Fotografia', 'Sighseeing', 'Torre Lamberti', 'Museo Conte', 'Museo Radio']",Castelvecchio,strategy_nearest,False,0.0032367706298828125,success
04B716429C4C84,3,"['Arena', 'Teatro Romano', 'Casa Giulietta', 'Tomba Giulietta']",Castelvecchio,"['Museo Lapidario', 'Verona Tour', 'Museo Radio', 'San Zeno', 'Sighseeing']",San Zeno,strategy_nearest,True,0.002521038055419922,success
04B7183A9C4C80,3,"['Arena', 'Casa Giulietta']",Santa Anastasia,"['AMO', 'Museo Conte', 'Palazzo della Ragione', 'Teatro Romano', 'Centro Fotografia']",Duomo,strategy_nearest,False,0.0027179718017578125,success
04B722429C4C84,1,"['Castelvecchio', 'Arena', 'Casa Giulietta']",Palazzo della Ragione,"['AMO', 'Museo Conte', 'Torre Lamberti', 'Centro Fotografia', 'Sighseeing']",Torre Lamberti,strategy_nearest,True,0.0033457279205322266,success
04B7263A9C4C84,0,"['Arena', 'Casa Giulietta']",Teatro Romano,"['Santa Anastasia', 'Duomo', 'AMO', 'Palazzo della Ragione', 'Museo Conte']",Torre Lamberti,strategy_nearest,False,0.002521038055419922,success
04B71E3A9C4C84,0,['Arena'],Casa Giulietta,"['Centro Fotografia', 'Sighseeing', 'Torre Lamberti', 'Museo Conte', 'Museo Radio']",Torre Lamberti,strategy_nearest,True,0.003384113311767578,success
04B72EBA7B3F80,0,['Arena'],San Zeno,"['Castelvecchio', 'Verona Tour', 'Museo Lapidario', 'Museo Miniscalchi', 'Sighseeing']",Torre Lamberti,strategy_nearest,False,0.0031490325927734375,success
04B7443A9C4C80,1,['Arena'],Casa Giulietta,"['Centro Fotografia', 'Sighseeing', 'Torre Lamberti', 'Museo Conte', 'Museo Radio']",Palazzo della Ragione,strategy_nearest,False,0.0020051002502441406,success
04B731429C4C80,0,['Arena'],Casa Giulietta,"['Centro Fotografia', 'Sighseeing', 'Torre Lamberti', 'Museo Conte', 'Museo Radio']",Giardino Giusti,strategy_nearest,False,0.0017421245574951172,success
04B7463A9C4C80,0,['Santa Anastasia'],Arena,"['Verona Tour', 'Museo Lapidario', 'Museo Radio', 'San Fermo', 'Casa Giulietta']",Tomba Giulietta,strategy_nearest,False,0.003216981887817383,success
04B7433A9C4C80,1,"['Castelvecchio', 'Arena']",Palazzo della Ragione,"['AMO', 'Museo Conte', 'Torre Lamberti', 'Centro Fotografia', 'Sighseeing']",Torre Lamberti,strategy_nearest,True,0.0036270618438720703,success
04B748429C4C80,1,"['Arena', 'Casa Giulietta', 'Torre Lamberti']",Palazzo della Ragione,"['AMO', 'Museo Conte', 'Centro Fotografia', 'Sighseeing', 'Santa Anastasia']",Santa Anastasia,strategy_nearest,True,0.002302885055541992,success
04B74D429C4C80,3,"['Tomba Giulietta', 'San Fermo']",Duomo,"['AMO', 'Museo Miniscalchi', 'Santa Anastasia', 'Teatro Romano', 'Palazzo della Ragione']",Castelvecchio,strategy_nearest,False,0.002213716506958008,success
04B75DBA7B3F80,1,"['Casa Giulietta', 'San Fermo', 'Torre Lamberti', 'Palazzo della Ragione']",Santa Anastasia,"['AMO', 'Museo Conte', 'Teatro Romano', 'Centro Fotografia', 'Duomo']",Duomo,strategy_nearest,True,0.0026171207427978516,success
04B74F3A9C4C80,1,"['Santa Anastasia', 'Torre Lamberti', 'Palazzo della Ragione']",Teatro Romano,"['Duomo', 'AMO', 'Museo Conte', 'Centro Fotografia', 'Museo Miniscalchi']",Giardino Giusti,strategy_nearest,False,0.0036101341247558594,success
04B767429C4C80,2,['Casa Giulietta'],Torre Lamberti,"['Sighseeing', 'Centro Fotografia', 'Museo Conte', 'Palazzo della Ragione', 'AMO']",Palazzo della Ragione,strategy_nearest,True,0.0031647682189941406,success
04B76C429C4C80,1,"['Arena', 'Museo Storia', 'Casa Giulietta']",Casa Giulietta,"['Centro Fotografia', 'Sighseeing', 'Torre Lamberti', 'Museo Conte', 'Museo Radio']",Santa Anastasia,strategy_nearest,False,0.0033059120178222656,success
04B775BA7B3F80,1,"['Castelvecchio', 'Arena', 'Casa Giulietta', 'Torre Lamberti']",Palazzo della Ragione,"['AMO', 'Museo Conte', 'Centro Fotografia', 'Sighseeing', 'Santa Anastasia']",Museo Lapidario,strategy_nearest,False,0.002065896987915039,success
04B7753A9C4C80,0,"['Arena', 'Castelvecchio']",San Zeno,"['Verona Tour', 'Museo Lapidario', 'Museo Miniscalchi', 'Sighseeing', 'Museo Radio']",Casa Giulietta,strategy_nearest,False,0.0033981800079345703,success
04B77A3A9C4C80,1,"['Casa Giulietta', 'Arena']",Palazzo della Ragione,"['AMO', 'Museo Conte', 'Torre Lamberti', 'Centro Fotografia', 'Sighseeing']",Torre Lamberti,strategy_nearest,True,0.0030930042266845703,success
04B7833A9C4C80,2,"['Castelvecchio', 'Casa Giulietta']",Torre Lamberti,"['Sighseeing', 'Centro Fotografia', 'Museo Conte', 'Palazzo della Ragione', 'AMO']",Teatro Romano,strategy_nearest,False,0.003245115280151367,success
04B783429C4C80,3,['Duomo'],Santa Anastasia,"['AMO', 'Museo Conte', 'Palazzo della Ragione', 'Teatro Romano', 'Centro Fotografia']",Casa Giulietta,strategy_nearest,False,0.0026581287384033203,success
04B78C429C4C80,2,['Tomba Giulietta'],Casa Giulietta,"['Centro Fotografia', 'Sighseeing', 'Torre Lamberti', 'Museo Conte', 'Museo Radio']",Torre Lamberti,strategy_nearest,True,0.0034360885620117188,success
04B78E4A9C4C80,0,['Arena'],Casa Giulietta,"['Centro Fotografia', 'Sighseeing', 'Torre Lamberti', 'Museo Conte', 'Museo Radio']",Santa Anastasia,strategy_nearest,False,0.0034198760986328125,success
04B79FBA7B3F80,1,"['Casa Giulietta', 'San Fermo', 'Torre Lamberti', 'Palazzo della Ragione']",Santa Anastasia,"['AMO', 'Museo Conte', 'Teatro Romano', 'Centro Fotografia', 'Duomo']",Duomo,strategy_nearest,True,0.002582073211669922,success
04B7A0BA7B3F80,0,['Castelvecchio'],Arena,"['Verona Tour', 'Museo Lapidario', 'Museo Radio', 'San Fermo', 'Casa Giulietta']",San Fermo,strategy_nearest,True,0.0028731822967529297,success
04B7A74A9C4C80,1,"['Arena', 'Casa Giulietta']",Torre Lamberti,"['Sighseeing', 'Centro Fotografia', 'Museo Conte', 'Palazzo della Ragione', 'AMO']",Palazzo della Ragione,strategy_nearest,True,0.0021109580993652344,success
04B7A14A9C4C80,3,"['Arena', 'Teatro Romano']",Duomo,"['AMO', 'Museo Miniscalchi', 'Santa Anastasia', 'Palazzo della Ragione', 'Museo Conte']",Casa Giulietta,strategy_nearest,False,0.0035419464111328125,success
04B7B0429C4C80,0,['San Zeno'],Castelvecchio,"['Museo Lapidario', 'Verona Tour', 'Arena', 'Museo Radio', 'Sighseeing']",Arena,strategy_nearest,True,0.001992940902709961,success
04B7AB429C4C80,3,['Arena'],Torre Lamberti,"['Sighseeing', 'Centro Fotografia', 'Museo Conte', 'Casa Giulietta', 'Palazzo della Ragione']",Santa Anastasia,strategy_nearest,False,0.0026361942291259766,success
04B7D3429C4C80,0,['Arena'],Castelvecchio,"['Museo Lapidario', 'Verona Tour', 'Museo Radio', 'San Zeno', 'Sighseeing']",Casa Giulietta,strategy_nearest,False,0.002847909927368164,success
04B7D6429C4C80,3,"['Arena', 'Torre Lamberti', 'Casa Giulietta']",San Fermo,"['Museo Storia', 'Museo Radio', 'Centro Fotografia', 'Sighseeing', 'Museo Conte']",Santa Anastasia,strategy_nearest,False,0.0033311843872070312,success
04B7B43A9C4C80,1,"['Arena', 'Casa Giulietta', 'Torre Lamberti']",Palazzo della Ragione,"['AMO', 'Museo Conte', 'Centro Fotografia', 'Sighseeing', 'Santa Anastasia']",Teatro Romano,strategy_nearest,False,0.00386810302734375,success
04B7F43A9C4C80,3,"['Arena', 'Casa Giulietta', 'Santa Anastasia']",Torre Lamberti,"['Sighseeing', 'Centro Fotografia', 'Museo Conte', 'Palazzo della Ragione', 'AMO']",Giardino Giusti,strategy_nearest,False,0.0025289058685302734,success
04B7F73A9C4C80,0,['Torre Lamberti'],Casa Giulietta,"['Centro Fotografia', 'Sighseeing', 'Museo Conte', 'Museo Radio', 'Palazzo della Ragione']",Arena,strategy_nearest,False,0.003141164779663086,success
04B7FB3A9C4C80,3,"['Arena', 'Museo Storia']",Casa Giulietta,"['Centro Fotografia', 'Sighseeing', 'Torre Lamberti', 'Museo Conte', 'Museo Radio']",Torre Lamberti,strategy_nearest,True,0.002666950225830078,success
04B7F8429C4C80,6,"['Verona Tour', 'Arena', 'Casa Giulietta']",Castelvecchio,"['Museo Lapidario', 'Museo Radio', 'San Zeno', 'Sighseeing', 'Museo Miniscalchi']",Torre Lamberti,strategy_nearest,False,0.0021619796752929688,success
04B8003A9C4C84,0,['Museo Lapidario'],Arena,"['Verona Tour', 'Museo Radio', 'San Fermo', 'Casa Giulietta', 'Sighseeing']",Castelvecchio,strategy_nearest,False,0.001132965087890625,success
04B7FF3A9C4C80,0,['Torre Lamberti'],Arena,"['Verona Tour', 'Museo Lapidario', 'Museo Radio', 'San Fermo', 'Casa Giulietta']",Casa Giulietta,strategy_nearest,True,0.0044062137603759766,success
04B800BA7B3F84,1,"['Castelvecchio', 'Palazzo della Ragione', 'Casa Giulietta']",Arena,"['Verona Tour', 'Museo Lapidario', 'Museo Radio', 'San Fermo', 'Sighseeing']",Tomba Giulietta,strategy_nearest,False,0.002841949462890625,success
04B805BA7B3F84,3,"['Arena', 'Castelvecchio']",Santa Anastasia,"['AMO', 'Museo Conte', 'Palazzo della Ragione', 'Teatro Romano', 'Centro Fotografia']",Duomo,strategy_nearest,False,0.0026051998138427734,success
04B803BA7B3F84,2,"['Santa Anastasia', 'Torre Lamberti']",Casa Giulietta,"['Centro Fotografia', 'Sighseeing', 'Museo Conte', 'Museo Radio', 'Palazzo della Ragione']",Duomo,strategy_nearest,False,0.004052400588989258,success
04B80A429C4C80,1,"['Arena', 'Museo Lapidario']",Castelvecchio,"['Verona Tour', 'Museo Radio', 'San Zeno', 'Sighseeing', 'Museo Miniscalchi']",Palazzo della Ragione,strategy_nearest,False,0.0032989978790283203,success
04B80CBA7B3F84,3,"['Castelvecchio', 'Torre Lamberti']",Arena,"['Verona Tour', 'Museo Lapidario', 'Museo Radio', 'San Fermo', 'Casa Giulietta']",Casa Giulietta,strategy_nearest,True,0.0022857189178466797,success
04B80C429C4C80,3,"['Arena', 'San Fermo', 'Casa Giulietta']",Santa Anastasia,"['AMO', 'Museo Conte', 'Palazzo della Ragione', 'Teatro Romano', 'Centro Fotografia']",Torre Lamberti,strategy_nearest,False,0.0028791427612304688,success
04B80DBA7B3F84,3,"['Castelvecchio', 'Torre Lamberti']",Casa Giulietta,"['Centro Fotografia', 'Sighseeing', 'Museo Conte', 'Museo Radio', 'Palazzo della Ragione']",Santa Anastasia,strategy_nearest,False,0.003442049026489258,success
04B810BA7B3F84,2,"['Santa Anastasia', 'Torre Lamberti']",Casa Giulietta,"['Centro Fotografia', 'Sighseeing', 'Museo Conte', 'Museo Radio', 'Palazzo della Ragione']",Castelvecchio,strategy_nearest,False,0.002605915069580078,success
04B811429C4C80,0,['Arena'],Museo Lapidario,"['Verona Tour', 'Castelvecchio', 'Museo Radio', 'San Fermo', 'Casa Giulietta']",Casa Giulietta,strategy_nearest,True,0.0025980472564697266,success
04B812429C4C80,3,"['Arena', 'San Fermo', 'Casa Giulietta']",Santa Anastasia,"['AMO', 'Museo Conte', 'Palazzo della Ragione', 'Teatro Romano', 'Centro Fotografia']",Duomo,strategy_nearest,False,0.002595186233520508,success
04B814BA7B3F84,3,"['Arena', 'Torre Lamberti', 'Santa Anastasia', 'Teatro Romano']",Duomo,"['AMO', 'Museo Miniscalchi', 'Palazzo della Ragione', 'Museo Conte', 'Centro Fotografia']",Castelvecchio,strategy_nearest,False,0.004038810729980469,success
04B815429C4C80,3,"['Arena', 'Castelvecchio', 'Casa Giulietta']",Santa Anastasia,"['AMO', 'Museo Conte', 'Palazzo della Ragione', 'Teatro Romano', 'Centro Fotografia']",San Fermo,strategy_nearest,False,0.002151012420654297,success
04B813BA7B3F84,1,"['Arena', 'Castelvecchio']",Casa Giulietta,"['Centro Fotografia', 'Sighseeing', 'Torre Lamberti', 'Museo Conte', 'Museo Radio']",Palazzo della Ragione,strategy_nearest,False,0.0020279884338378906,success
04B817429C4C80,0,['Casa Giulietta'],Arena,"['Verona Tour', 'Museo Lapidario', 'Museo Radio', 'San Fermo', 'Sighseeing']",Castelvecchio,strategy_nearest,False,0.002512216567993164,success
04B81CBA7B3F80,3,"['Casa Giulietta', 'Santa Anastasia', 'Duomo']",Torre Lamberti,"['Sighseeing', 'Centro Fotografia', 'Museo Conte', 'Palazzo della Ragione', 'AMO']",Giardino Giusti,strategy_nearest,False,0.0013797283172607422,success
04B81DBA7B3F84,2,['Santa Anastasia'],Duomo,"['AMO', 'Museo Miniscalchi', 'Teatro Romano', 'Palazzo della Ragione', 'Museo Conte']",Castelvecchio,strategy_nearest,False,0.0027801990509033203,success
04B81ABA7B3F84,3,"['Castelvecchio', 'Arena', 'Casa Giulietta', 'Torre Lamberti', 'Santa Anastasia']",Duomo,"['AMO', 'Museo Miniscalchi', 'Teatro Romano', 'Palazzo della Ragione', 'Museo Conte']",Teatro Romano,strategy_nearest,True,0.0020558834075927734,success
04B8223A9C4C84,0,"['Arena', 'Museo Lapidario']",Castelvecchio,"['Verona Tour', 'Museo Radio', 'San Zeno', 'Sighseeing', 'Museo Miniscalchi']",Duomo,strategy_nearest,False,0.002523183822631836,success
04B821BA7B3F84,3,"['Torre Lamberti', 'Casa Giulietta', 'Santa Anastasia']",Duomo,"['AMO', 'Museo Miniscalchi', 'Teatro Romano', 'Palazzo della Ragione', 'Museo Conte']",Arena,strategy_nearest,False,0.0035910606384277344,success
04B8243A9C4C84,1,"['Arena', 'Torre Lamberti']",Palazzo della Ragione,"['AMO', 'Museo Conte', 'Centro Fotografia', 'Sighseeing', 'Santa Anastasia']",Santa Anastasia,strategy_nearest,True,0.0025780200958251953,success
04B826BA7B3F84,3,"['Arena', 'Castelvecchio']",Santa Anastasia,"['AMO', 'Museo Conte', 'Palazzo della Ragione', 'Teatro Romano', 'Centro Fotografia']",Duomo,strategy_nearest,False,0.002348661422729492,success
04B827BA7B3F84,6,"['Castelvecchio', 'Santa Anastasia']",Torre Lamberti,"['Sighseeing', 'Centro Fotografia', 'Museo Conte', 'Casa Giulietta', 'Palazzo della Ragione']",Verona Tour,strategy_nearest,False,0.0032100677490234375,success
04B82E4A9C4C80,3,"['Arena', 'Casa Giulietta']",Santa Anastasia,"['AMO', 'Museo Conte', 'Palazzo della Ragione', 'Teatro Romano', 'Centro Fotografia']",Duomo,strategy_nearest,False,0.003813028335571289,success
04B8283A9C4C80,0,['Tomba Giulietta'],Casa Giulietta,"['Centro Fotografia', 'Sighseeing', 'Torre Lamberti', 'Museo Conte', 'Museo Radio']",Teatro Romano,strategy_nearest,False,0.0033130645751953125,success
04B8393A9C4C80,0,['Castelvecchio'],Arena,"['Verona Tour', 'Museo Lapidario', 'Museo Radio', 'San Fermo', 'Casa Giulietta']",Casa Giulietta,strategy_nearest,True,0.002566099166870117,success
04B831429C4C80,1,"['Arena', 'Museo Lapidario', 'Castelvecchio', 'Torre Lamberti']",Palazzo della Ragione,"['AMO', 'Museo Conte', 'Centro Fotografia', 'Sighseeing', 'Santa Anastasia']",Casa Giulietta,strategy_nearest,False,0.002683877944946289,success
04B83ABA7B3F80,4,"['San Zeno', 'Arena', 'Castelvecchio']",Teatro Romano,"['Santa Anastasia', 'Duomo', 'AMO', 'Palazzo della Ragione', 'Museo Conte']",Duomo,strategy_nearest,True,0.003238201141357422,success
04B845BA7B3F80,3,"['San Zeno', 'Castelvecchio']",Arena,"['Verona Tour', 'Museo Lapidario', 'Museo Radio', 'San Fermo', 'Casa Giulietta']",Duomo,strategy_nearest,False,0.0029561519622802734,success
04B845429C4C80,3,"['San Zeno', 'Arena']",Duomo,"['AMO', 'Museo Miniscalchi', 'Santa Anastasia', 'Teatro Romano', 'Palazzo della Ragione']",Santa Anastasia,strategy_nearest,True,0.002981901168823242,success
04B846BA7B3F80,0,"['Duomo', 'Teatro Romano']",Casa Giulietta,"['Centro Fotografia', 'Sighseeing', 'Torre Lamberti', 'Museo Conte', 'Museo Radio']",Arena,strategy_nearest,False,0.003554105758666992,success
04B86C429C4C80,3,"['Arena', 'San Fermo', 'Casa Giulietta']",Torre Lamberti,"['Sighseeing', 'Centro Fotografia', 'Museo Conte', 'Palazzo della Ragione', 'AMO']",Santa Anastasia,strategy_nearest,False,0.0028569698333740234,success
04B875429C4C80,0,"['Arena', 'Casa Giulietta']",Torre Lamberti,"['Sighseeing', 'Centro Fotografia', 'Museo Conte', 'Palazzo della Ragione', 'AMO']",Teatro Romano,strategy_nearest,False,0.003062009811401367,success
04B8493A9C4C80,3,"['Arena', 'Santa Anastasia', 'Duomo', 'Casa Giulietta']",Museo Lapidario,"['Verona Tour', 'Castelvecchio', 'Museo Radio', 'San Fermo', 'Tomba Giulietta']",Castelvecchio,strategy_nearest,True,0.0020720958709716797,success
04B870BA7B3F80,3,"['Museo Lapidario', 'Duomo', 'Arena', 'Museo Storia']",Giardino Giusti,"['Santa Anastasia', 'Teatro Romano', 'Museo Conte', 'Centro Fotografia', 'AMO']",Torre Lamberti,strategy_nearest,False,0.0029201507568359375,success
04B8814A9C4C80,3,['Arena'],Casa Giulietta,"['Centro Fotografia', 'Sighseeing', 'Torre Lamberti', 'Museo Conte', 'Museo Radio']",Santa Anastasia,strategy_nearest,False,0.002651214599609375,success
04B882BA7B3F80,3,"['Castelvecchio', 'Arena', 'Giardino Giusti', 'Teatro Romano']",Tomba Giulietta,"['San Fermo', 'Museo Storia', 'Museo Lapidario', 'Museo Radio', 'Verona Tour']",San Fermo,strategy_nearest,True,0.001955270767211914,success
04B87BBA7B3F80,3,"['Castelvecchio', 'San Zeno', 'Arena']",Museo Lapidario,"['Verona Tour', 'Museo Radio', 'San Fermo', 'Casa Giulietta', 'Tomba Giulietta']",Tomba Giulietta,strategy_nearest,True,0.0013599395751953125,success
04B88A429C4C80,1,"['Teatro Romano', 'Duomo']",Arena,"['Verona Tour', 'Museo Lapidario', 'Museo Radio', 'San Fermo', 'Casa Giulietta']",San Zeno,strategy_nearest,False,0.002105236053466797,success
04B88BBA7B3F80,1,"['San Fermo', 'Casa Giulietta', 'Palazzo della Ragione']",Santa Anastasia,"['AMO', 'Museo Conte', 'Teatro Romano', 'Centro Fotografia', 'Duomo']",Arena,strategy_nearest,False,0.0028901100158691406,success
04B8884A9C4C80,3,"['Arena', 'San Fermo', 'Casa Giulietta']",Torre Lamberti,"['Sighseeing', 'Centro Fotografia', 'Museo Conte', 'Palazzo della Ragione', 'AMO']",Santa Anastasia,strategy_nearest,False,0.0028939247131347656,success
04B88DBA7B3F80,3,"['Arena', 'Casa Giulietta', 'Santa Anastasia', 'Teatro Romano']",Duomo,"['AMO', 'Museo Miniscalchi', 'Palazzo della Ragione', 'Museo Conte', 'Torre Lamberti']",Tomba Giulietta,strategy_nearest,False,0.0033457279205322266,success
04B88F429C4C80,3,"['Arena', 'Casa Giulietta']",Torre Lamberti,"['Sighseeing', 'Centro Fotografia', 'Museo Conte', 'Palazzo della Ragione', 'AMO']",Santa Anastasia,strategy_nearest,False,0.0028247833251953125,success
04B897BA7B3F80,3,"['Arena', 'Casa Giulietta', 'Museo Lapidario']",Castelvecchio,"['Verona Tour', 'Museo Radio', 'San Zeno', 'Sighseeing', 'Museo Miniscalchi']",Torre Lamberti,strategy_nearest,False,0.002599000930786133,success
04B899BA7B3F80,1,"['Castelvecchio', 'Arena', 'Casa Giulietta']",Palazzo della Ragione,"['AMO', 'Museo Conte', 'Torre Lamberti', 'Centro Fotografia', 'Sighseeing']",Torre Lamberti,strategy_nearest,True,0.0034360885620117188,success
04B89ABA7B3F80,1,"['Arena', 'Museo Lapidario', 'Casa Giulietta', 'Palazzo della Ragione']",Torre Lamberti,"['Sighseeing', 'Centro Fotografia', 'Museo Conte', 'AMO', 'Museo Miniscalchi']",Santa Anastasia,strategy_nearest,False,0.003178834915161133,success
04B8A04A9C4C80,3,"['Arena', 'Santa Anastasia']",Torre Lamberti,"['Sighseeing', 'Centro Fotografia', 'Museo Conte', 'Casa Giulietta', 'Palazzo della Ragione']",San Zeno,strategy_nearest,False,0.002652883529663086,success
04B8A3BA7B3F80,3,"['Tomba Giulietta', 'Arena', 'Castelvecchio']",Santa Anastasia,"['AMO', 'Museo Conte', 'Palazzo della Ragione', 'Teatro Romano', 'Centro Fotografia']",Torre Lamberti,strategy_nearest,False,0.003139019012451172,success
04B8A0BA7B3F80,3,"['Casa Giulietta', 'Santa Anastasia']",Duomo,"['AMO', 'Museo Miniscalchi', 'Teatro Romano', 'Palazzo della Ragione', 'Museo Conte']",Arena,strategy_nearest,False,0.0027399063110351562,success
04B8A5BA7B3F80,2,"['San Zeno', 'Castelvecchio']",Santa Anastasia,"['AMO', 'Museo Conte', 'Palazzo della Ragione', 'Teatro Romano', 'Centro Fotografia']",Duomo,strategy_nearest,False,0.0033829212188720703,success
04B8A6BA7B3F80,2,"['Castelvecchio', 'Torre Lamberti']",Casa Giulietta,"['Centro Fotografia', 'Sighseeing', 'Museo Conte', 'Museo Radio', 'Palazzo della Ragione']",Santa Anastasia,strategy_nearest,False,0.003074169158935547,success
04B8ABBA7B3F80,1,"['Castelvecchio', 'Arena', 'San Zeno', 'Casa Giulietta']",Duomo,"['AMO', 'Museo Miniscalchi', 'Santa Anastasia', 'Teatro Romano', 'Palazzo della Ragione']",Teatro Romano,strategy_nearest,True,0.002593994140625,success
04B8AB3A9C4C80,0,['Duomo'],San Zeno,"['Castelvecchio', 'Verona Tour', 'Museo Lapidario', 'Arena', 'Museo Miniscalchi']",Arena,strategy_nearest,True,0.0027298927307128906,success
04B8AE3A9C4C80,0,['Arena'],Casa Giulietta,"['Centro Fotografia', 'Sighseeing', 'Torre Lamberti', 'Museo Conte', 'Museo Radio']",Torre Lamberti,strategy_nearest,True,0.002949237823486328,success
04B8AD429C4C80,0,['Arena'],Duomo,"['AMO', 'Museo Miniscalchi', 'Santa Anastasia', 'Teatro Romano', 'Palazzo della Ragione']",Castelvecchio,strategy_nearest,False,0.003927946090698242,success
04B8AFBA7B3F80,1,"['San Fermo', 'Casa Giulietta']",Palazzo della Ragione,"['AMO', 'Museo Conte', 'Torre Lamberti', 'Centro Fotografia', 'Sighseeing']",Santa Anastasia,strategy_nearest,False,0.0029969215393066406,success
04B8AF429C4C80,0,['Arena'],Casa Giulietta,"['Centro Fotografia', 'Sighseeing', 'Torre Lamberti', 'Museo Conte', 'Museo Radio']",Castelvecchio,strategy_nearest,False,0.0038709640502929688,success
04B8B1BA7B3F80,2,"['Castelvecchio', 'Torre Lamberti']",Casa Giulietta,"['Centro Fotografia', 'Sighseeing', 'Museo Conte', 'Museo Radio', 'Palazzo della Ragione']",Santa Anastasia,strategy_nearest,False,0.0026857852935791016,success
04B8C23A9C4C80,3,['Arena'],Casa Giulietta,"['Centro Fotografia', 'Sighseeing', 'Torre Lamberti', 'Museo Conte', 'Museo Radio']",Santa Anastasia,strategy_nearest,False,0.0031440258026123047,success
04B8BEBA7B3F80,1,"['Arena', 'Giardino Giusti', 'Teatro Romano', 'Castelvecchio', 'Torre Lamberti']",Palazzo della Ragione,"['AMO', 'Museo Conte', 'Centro Fotografia', 'Sighseeing', 'Santa Anastasia']",Casa Giulietta,strategy_nearest,False,0.002228975296020508,success
04B8BA429C4C80,1,"['Arena', 'Casa Giulietta']",Santa Anastasia,"['AMO', 'Museo Conte', 'Palazzo della Ragione', 'Teatro Romano', 'Centro Fotografia']",Torre Lamberti,strategy_nearest,False,0.0022270679473876953,success
04B8BBBA7B3F80,1,"['San Fermo', 'Casa Giulietta', 'Palazzo della Ragione']",Santa Anastasia,"['AMO', 'Museo Conte', 'Teatro Romano', 'Centro Fotografia', 'Duomo']",Arena,strategy_nearest,False,0.0028820037841796875,success
04B8D0429C4C80,1,"['Torre Lamberti', 'Palazzo della Ragione']",Arena,"['Verona Tour', 'Museo Lapidario', 'Museo Radio', 'San Fermo', 'Casa Giulietta']",Castelvecchio,strategy_nearest,False,0.0021429061889648438,success
04B8CABA7B3F80,1,"['Arena', 'Casa Giulietta', 'Torre Lamberti', 'Palazzo della Ragione']",Duomo,"['AMO', 'Museo Miniscalchi', 'Santa Anastasia', 'Teatro Romano', 'Museo Conte']",Teatro Romano,strategy_nearest,True,0.001373291015625,success
04B8E2429C4C80,1,"['Torre Lamberti', 'Palazzo della Ragione']",Duomo,"['AMO', 'Museo Miniscalchi', 'Santa Anastasia', 'Teatro Romano', 'Museo Conte']",Arena,strategy_nearest,False,0.003170013427734375,success
04B8DD3A9C4C80,0,['Arena'],Duomo,"['AMO', 'Museo Miniscalchi', 'Santa Anastasia', 'Teatro Romano', 'Palazzo della Ragione']",Teatro Romano,strategy_nearest,True,0.0028290748596191406,success
04B8E8BA7B3F80,1,"['Castelvecchio', 'Arena', 'Casa Giulietta']",Palazzo della Ragione,"['AMO', 'Museo Conte', 'Torre Lamberti', 'Centro Fotografia', 'Sighseeing']",Torre Lamberti,strategy_nearest,True,0.003186941146850586,success
04B8E53A9C4C80,1,"['Arena', 'Casa Giulietta']",Palazzo della Ragione,"['AMO', 'Museo Conte', 'Torre Lamberti', 'Centro Fotografia', 'Sighseeing']",Torre Lamberti,strategy_nearest,True,0.002615213394165039,success
04B8EB3A9C4C80,1,['Arena'],Casa Giulietta,"['Centro Fotografia', 'Sighseeing', 'Torre Lamberti', 'Museo Conte', 'Museo Radio']",Palazzo della Ragione,strategy_nearest,False,0.002633810043334961,success
04B8F63A9C4C80,0,['Casa Giulietta'],Torre Lamberti,"['Sighseeing', 'Centro Fotografia', 'Museo Conte', 'Palazzo della Ragione', 'AMO']",Arena,strategy_nearest,False,0.0025620460510253906,success
04B8F73A9C4C80,0,['Torre Lamberti'],Arena,"['Verona Tour', 'Museo Lapidario', 'Museo Radio', 'San Fermo', 'Casa Giulietta']",Casa Giulietta,strategy_nearest,True,0.0026149749755859375,success
04B8F3429C4C80,0,['Tomba Giulietta'],Arena,"['Verona Tour', 'Museo Lapidario', 'Museo Radio', 'San Fermo', 'Casa Giulietta']",Castelvecchio,strategy_nearest,False,0.003534078598022461,success
04B8FB3A9C4C80,3,"['Torre Lamberti', 'Santa Anastasia']",Duomo,"['AMO', 'Museo Miniscalchi', 'Teatro Romano', 'Palazzo della Ragione', 'Museo Conte']",Casa Giulietta,strategy_nearest,False,0.0031359195709228516,success
04B8FD3A9C4C80,3,"['Museo Lapidario', 'Arena']",Casa Giulietta,"['Centro Fotografia', 'Sighseeing', 'Torre Lamberti', 'Museo Conte', 'Museo Radio']",Teatro Romano,strategy_nearest,False,0.0025260448455810547,success
04B903BA7B3F84,3,"['Casa Giulietta', 'San Zeno', 'Arena']",Santa Anastasia,"['AMO', 'Museo Conte', 'Palazzo della Ragione', 'Teatro Romano', 'Centro Fotografia']",Duomo,strategy_nearest,False,0.00290679931640625,success
04B90A429C4C84,3,"['Arena', 'Casa Giulietta', 'Museo Lapidario']",Torre Lamberti,"['Sighseeing', 'Centro Fotografia', 'Museo Conte', 'Palazzo della Ragione', 'AMO']",Santa Anastasia,strategy_nearest,False,0.0027267932891845703,success
04B909BA7B3F84,1,"['Arena', 'Casa Giulietta', 'Museo Lapidario', 'Palazzo della Ragione']",Torre Lamberti,"['Sighseeing', 'Centro Fotografia', 'Museo Conte', 'AMO', 'Museo Miniscalchi']",Santa Anastasia,strategy_nearest,False,0.0034477710723876953,success
04B90C429C4C80,0,['Arena'],Castelvecchio,"['Museo Lapidario', 'Verona Tour', 'Museo Radio', 'San Zeno', 'Sighseeing']",Torre Lamberti,strategy_nearest,False,0.0013370513916015625,success
04B910BA7B3F80,3,"['Castelvecchio', 'Arena', 'Casa Giulietta', 'Torre Lamberti', 'Santa Anastasia']",Duomo,"['AMO', 'Museo Miniscalchi', 'Teatro Romano', 'Palazzo della Ragione', 'Museo Conte']",Teatro Romano,strategy_nearest,True,0.002473115921020508,success
04B90FBA7B3F84,3,"['Torre Lamberti', 'Casa Giulietta', 'Santa Anastasia']",Duomo,"['AMO', 'Museo Miniscalchi', 'Teatro Romano', 'Palazzo della Ragione', 'Museo Conte']",Arena,strategy_nearest,False,0.0035409927368164062,success
04B90ABA7B3F80,1,"['Arena', 'Casa Giulietta', 'Palazzo della Ragione', 'Castelvecchio']",Torre Lamberti,"['Sighseeing', 'Centro Fotografia', 'Museo Conte', 'AMO', 'Museo Miniscalchi']",Santa Anastasia,strategy_nearest,False,0.0025169849395751953,success
04B914429C4C84,1,"['San Zeno', 'Castelvecchio', 'Arena', 'Casa Giulietta']",Torre Lamberti,"['Sighseeing', 'Centro Fotografia', 'Museo Conte', 'Palazzo della Ragione', 'AMO']",Palazzo della Ragione,strategy_nearest,True,0.002758026123046875,success
04B910BA7B3F84,6,"['Arena', 'Verona Tour', 'Casa Giulietta', 'Santa Anastasia']",Tomba Giulietta,"['San Fermo', 'Museo Storia', 'Museo Lapidario', 'Museo Radio', 'Castelvecchio']",Giardino Giusti,strategy_nearest,False,0.003515958786010742,success
04B911429C4C80,3,"['Casa Giulietta', 'Arena']",Castelvecchio,"['Museo Lapidario', 'Verona Tour', 'Museo Radio', 'San Zeno', 'Sighseeing']",Santa Anastasia,strategy_nearest,False,0.0021390914916992188,success
04B915BA7B3F80,3,"['San Zeno', 'Arena', 'San Fermo', 'Castelvecchio']",Casa Giulietta,"['Centro Fotografia', 'Sighseeing', 'Torre Lamberti', 'Museo Conte', 'Museo Radio']",Duomo,strategy_nearest,False,0.0032660961151123047,success
04B9163A9C4C80,0,"['Tomba Giulietta', 'Arena']",Casa Giulietta,"['Centro Fotografia', 'Sighseeing', 'Torre Lamberti', 'Museo Conte', 'Museo Radio']",Santa Anastasia,strategy_nearest,False,0.002257823944091797,success
04B916BA7B3F80,1,"['Arena', 'Castelvecchio', 'Casa Giulietta']",Palazzo della Ragione,"['AMO', 'Museo Conte', 'Torre Lamberti', 'Centro Fotografia', 'Sighseeing']",Torre Lamberti,strategy_nearest,True,0.003462076187133789,success
04B916BA7B3F84,3,"['Arena', 'Casa Giulietta', 'Santa Anastasia', 'Teatro Romano']",Duomo,"['AMO', 'Museo Miniscalchi', 'Palazzo della Ragione', 'Museo Conte', 'Torre Lamberti']",Tomba Giulietta,strategy_nearest,False,0.002110004425048828,success
04B918429C4C80,1,"['Castelvecchio', 'Palazzo della Ragione']",Torre Lamberti,"['Sighseeing', 'Centro Fotografia', 'Museo Conte', 'Casa Giulietta', 'AMO']",Santa Anastasia,strategy_nearest,False,0.0033779144287109375,success
04B91D3A9C4C80,0,['Arena'],Casa Giulietta,"['Centro Fotografia', 'Sighseeing', 'Torre Lamberti', 'Museo Conte', 'Museo Radio']",San Fermo,strategy_nearest,False,0.002641916275024414,success
04B91CBA7B3F84,3,"['Arena', 'Torre Lamberti', 'Santa Anastasia', 'Teatro Romano']",Duomo,"['AMO', 'Museo Miniscalchi', 'Palazzo della Ragione', 'Museo Conte', 'Centro Fotografia']",Castelvecchio,strategy_nearest,False,0.002048969268798828,success
04B91D429C4C80,0,"['Arena', 'Casa Giulietta']",Torre Lamberti,"['Sighseeing', 'Centro Fotografia', 'Museo Conte', 'Palazzo della Ragione', 'AMO']",Duomo,strategy_nearest,False,0.0035250186920166016,success
04B91E3A9C4C84,2,"['Museo Lapidario', 'Casa Giulietta']",Torre Lamberti,"['Sighseeing', 'Centro Fotografia', 'Museo Conte', 'Palazzo della Ragione', 'AMO']",Palazzo della Ragione,strategy_nearest,True,0.002531290054321289,success
04B9224A9C4C80,3,"['Arena', 'Casa Giulietta', 'Santa Anastasia']",Castelvecchio,"['Museo Lapidario', 'Verona Tour', 'Museo Radio', 'San Zeno', 'Sighseeing']",Duomo,strategy_nearest,False,0.001725912094116211,success
04B9313A9C4C80,1,"['Castelvecchio', 'Casa Giulietta', 'Tomba Giulietta']",Arena,"['Verona Tour', 'Museo Lapidario', 'Museo Radio', 'San Fermo', 'Sighseeing']",Torre Lamberti,strategy_nearest,False,0.0026810169219970703,success
04B923BA7B3F84,1,"['Castelvecchio', 'Santa Anastasia', 'Duomo']",Teatro Romano,"['AMO', 'Palazzo della Ragione', 'Museo Conte', 'Centro Fotografia', 'Museo Miniscalchi']",Torre Lamberti,strategy_nearest,False,0.0037839412689208984,success
04B9283A9C4C80,0,"['Arena', 'Torre Lamberti']",Teatro Romano,"['Santa Anastasia', 'Duomo', 'AMO', 'Palazzo della Ragione', 'Museo Conte']",Castelvecchio,strategy_nearest,False,0.0019450187683105469,success
04B936BA7B3F80,2,"['Casa Giulietta', 'San Zeno', 'Castelvecchio']",Teatro Romano,"['Santa Anastasia', 'Duomo', 'AMO', 'Palazzo della Ragione', 'Museo Conte']",Duomo,strategy_nearest,True,0.0029439926147460938,success
04B93CBA7B3F80,2,"['Torre Lamberti', 'Santa Anastasia']",Duomo,"['AMO', 'Museo Miniscalchi', 'Teatro Romano', 'Palazzo della Ragione', 'Museo Conte']",Castelvecchio,strategy_nearest,False,0.0035932064056396484,success
04B941BA7B3F80,0,"['Arena', 'Castelvecchio']",Torre Lamberti,"['Sighseeing', 'Centro Fotografia', 'Museo Conte', 'Casa Giulietta', 'Palazzo della Ragione']",Casa Giulietta,strategy_nearest,True,0.0016970634460449219,success
04B9423A9C4C80,1,"['Tomba Giulietta', 'Arena', 'Palazzo della Ragione']",Torre Lamberti,"['Sighseeing', 'Centro Fotografia', 'Museo Conte', 'Casa Giulietta', 'AMO']",Casa Giulietta,strategy_nearest,True,0.002285003662109375,success
04B947BA7B3F80,3,"['Casa Giulietta', 'San Zeno', 'Arena']",Santa Anastasia,"['AMO', 'Museo Conte', 'Palazzo della Ragione', 'Teatro Romano', 'Centro Fotografia']",Duomo,strategy_nearest,False,0.003453969955444336,success
04B950429C4C80,2,['Casa Giulietta'],Torre Lamberti,"['Sighseeing', 'Centro Fotografia', 'Museo Conte', 'Palazzo della Ragione', 'AMO']",Teatro Romano,strategy_nearest,False,0.002682209014892578,success
04B94B3A9C4C80,0,"['Torre Lamberti', 'Castelvecchio']",San Zeno,"['Verona Tour', 'Museo Lapidario', 'Arena', 'Museo Miniscalchi', 'Sighseeing']",Arena,strategy_nearest,True,0.002056121826171875,success
04B94C3A9C4C80,3,"['Arena', 'Torre Lamberti', 'Casa Giulietta', 'San Fermo']",San Zeno,"['Castelvecchio', 'Verona Tour', 'Museo Lapidario', 'Museo Miniscalchi', 'Sighseeing']",Castelvecchio,strategy_nearest,True,0.0034399032592773438,success
04B95B3A9C4C80,0,['Arena'],Duomo,"['AMO', 'Museo Miniscalchi', 'Santa Anastasia', 'Teatro Romano', 'Palazzo della Ragione']",Casa Giulietta,strategy_nearest,False,0.0036420822143554688,success
04B96BBA7B3F80,1,"['Castelvecchio', 'Arena', 'Torre Lamberti', 'Palazzo della Ragione']",Casa Giulietta,"['Centro Fotografia', 'Sighseeing', 'Museo Conte', 'Museo Radio', 'San Fermo']",San Fermo,strategy_nearest,True,0.003641843795776367,success
04B96C429C4C80,0,"['Arena', 'Museo Lapidario']",Castelvecchio,"['Verona Tour', 'Museo Radio', 'San Zeno', 'Sighseeing', 'Museo Miniscalchi']",Casa Giulietta,strategy_nearest,False,0.002749204635620117,success
04B971BA7B3F80,3,"['Castelvecchio', 'Casa Giulietta']",Arena,"['Verona Tour', 'Museo Lapidario', 'Museo Radio', 'San Fermo', 'Sighseeing']",Santa Anastasia,strategy_nearest,False,0.0024101734161376953,success
04B973429C4C80,1,['Arena'],Castelvecchio,"['Museo Lapidario', 'Verona Tour', 'Museo Radio', 'San Zeno', 'Sighseeing']",Palazzo della Ragione,strategy_nearest,False,0.0020749568939208984,success
04B97B3A9C4C80,3,"['Museo Lapidario', 'Arena']",Casa Giulietta,"['Centro Fotografia', 'Sighseeing', 'Torre Lamberti', 'Museo Conte', 'Museo Radio']",Teatro Romano,strategy_nearest,False,0.0019960403442382812,success
04B976429C4C80,0,['Arena'],Torre Lamberti,"['Sighseeing', 'Centro Fotografia', 'Museo Conte', 'Casa Giulietta', 'Palazzo della Ragione']",Casa Giulietta,strategy_nearest,True,0.0035219192504882812,success
04B9833A9C4C80,2,['Casa Giulietta'],Torre Lamberti,"['Sighseeing', 'Centro Fotografia', 'Museo Conte', 'Palazzo della Ragione', 'AMO']",Santa Anastasia,strategy_nearest,False,0.0033240318298339844,success
04B9894A9C4C80,3,"['Arena', 'Torre Lamberti', 'Casa Giulietta']",Duomo,"['AMO', 'Museo Miniscalchi', 'Santa Anastasia', 'Teatro Romano', 'Palazzo della Ragione']",Teatro Romano,strategy_nearest,True,0.0018627643585205078,success
04B9843A9C4C80,0,['Castelvecchio'],Arena,"['Verona Tour', 'Museo Lapidario', 'Museo Radio', 'San Fermo', 'Casa Giulietta']",Casa Giulietta,strategy_nearest,True,0.0019829273223876953,success
04B98D3A9C4C80,1,['Castelvecchio'],Arena,"['Verona Tour', 'Museo Lapidario', 'Museo Radio', 'San Fermo', 'Casa Giulietta']",Torre Lamberti,strategy_nearest,False,0.0036020278930664062,success
04B98B3A9C4C80,3,"['Arena', 'Casa Giulietta']",Santa Anastasia,"['AMO', 'Museo Conte', 'Palazzo della Ragione', 'Teatro Romano', 'Centro Fotografia']",Duomo,strategy_nearest,False,0.0031328201293945312,success
04B999429C4C80,3,"['Torre Lamberti', 'Santa Anastasia']",Teatro Romano,"['Duomo', 'AMO', 'Palazzo della Ragione', 'Museo Conte', 'Centro Fotografia']",Duomo,strategy_nearest,True,0.002233743667602539,success
04B9AE3A9C4C80,3,['Arena'],Torre Lamberti,"['Sighseeing', 'Centro Fotografia', 'Museo Conte', 'Casa Giulietta', 'Palazzo della Ragione']",Santa Anastasia,strategy_nearest,False,0.003409862518310547,success
04B9B6429C4C80,3,"['Arena', 'Casa Giulietta']",Santa Anastasia,"['AMO', 'Museo Conte', 'Palazzo della Ragione', 'Teatro Romano', 'Centro Fotografia']",Duomo,strategy_nearest,False,0.0021622180938720703,success
04B9BD429C4C80,1,"['Arena', 'Torre Lamberti']",Palazzo della Ragione,"['AMO', 'Museo Conte', 'Centro Fotografia', 'Sighseeing', 'Santa Anastasia']",Santa Anastasia,strategy_nearest,True,0.001505136489868164,success
04B9C0429C4C80,3,['Arena'],Torre Lamberti,"['Sighseeing', 'Centro Fotografia', 'Museo Conte', 'Casa Giulietta', 'Palazzo della Ragione']",Santa Anastasia,strategy_nearest,False,0.0033180713653564453,success
04B9B4BA7B3F80,3,"['Arena', 'San Fermo', 'Casa Giulietta']",Torre Lamberti,"['Sighseeing', 'Centro Fotografia', 'Museo Conte', 'Palazzo della Ragione', 'AMO']",Santa Anastasia,strategy_nearest,False,0.0028901100158691406,success
04B9CCBA7B3F80,1,"['Casa Giulietta', 'Palazzo della Ragione', 'Torre Lamberti', 'Santa Anastasia']",San Fermo,"['Museo Storia', 'Museo Radio', 'Centro Fotografia', 'Arena', 'Sighseeing']",Arena,strategy_nearest,True,0.002763986587524414,success
04B9C7429C4C80,0,['Arena'],Castelvecchio,"['Museo Lapidario', 'Verona Tour', 'Museo Radio', 'San Zeno', 'Sighseeing']",San Fermo,strategy_nearest,False,0.0027761459350585938,success
04B9C43A9C4C80,3,"['Tomba Giulietta', 'Museo Lapidario', 'Arena']",Casa Giulietta,"['Centro Fotografia', 'Sighseeing', 'Torre Lamberti', 'Museo Conte', 'Museo Radio']",Torre Lamberti,strategy_nearest,True,0.0028128623962402344,success
04B9D3BA7B3F80,0,['Casa Giulietta'],Arena,"['Verona Tour', 'Museo Lapidario', 'Museo Radio', 'San Fermo', 'Sighseeing']",Tomba Giulietta,strategy_nearest,False,0.0032761096954345703,success
04B9D63A9C4C80,3,"['Casa Giulietta', 'Santa Anastasia', 'Duomo']",Teatro Romano,"['AMO', 'Palazzo della Ragione', 'Museo Conte', 'Centro Fotografia', 'Museo Miniscalchi']",Torre Lamberti,strategy_nearest,False,0.0026102066040039062,success
04B9D93A9C4C80,3,"['Arena', 'Torre Lamberti', 'Museo Lapidario']",Castelvecchio,"['Verona Tour', 'Museo Radio', 'San Zeno', 'Sighseeing', 'Museo Miniscalchi']",Casa Giulietta,strategy_nearest,False,0.0019469261169433594,success
04B9D9429C4C80,2,['Giardino Giusti'],Palazzo della Ragione,"['AMO', 'Museo Conte', 'Torre Lamberti', 'Centro Fotografia', 'Sighseeing']",San Fermo,strategy_nearest,False,0.002701997756958008,success
04B9DE3A9C4C80,0,['Castelvecchio'],Arena,"['Verona Tour', 'Museo Lapidario', 'Museo Radio', 'San Fermo', 'Casa Giulietta']",Torre Lamberti,strategy_nearest,False,0.003692626953125,success
04B9E33A9C4C80,0,['Teatro Romano'],Duomo,"['AMO', 'Museo Miniscalchi', 'Santa Anastasia', 'Palazzo della Ragione', 'Museo Conte']",Arena,strategy_nearest,False,0.003551006317138672,success
04B9DFBA7B3F80,1,"['San Zeno', 'Arena', 'Casa Giulietta', 'Palazzo della Ragione']",Tomba Giulietta,"['San Fermo', 'Museo Storia', 'Museo Lapidario', 'Museo Radio', 'Verona Tour']",Castelvecchio,strategy_nearest,False,0.0028009414672851562,success
04B9F13A9C4C80,0,"['Casa Giulietta', 'Teatro Romano']",Tomba Giulietta,"['San Fermo', 'Museo Storia', 'Arena', 'Museo Lapidario', 'Museo Radio']",Arena,strategy_nearest,True,0.003542661666870117,success
04B9F6BA7B3F80,0,"['Castelvecchio', 'Torre Lamberti', 'Casa Giulietta']",Arena,"['Verona Tour', 'Museo Lapidario', 'Museo Radio', 'San Fermo', 'Sighseeing']",Tomba Giulietta,strategy_nearest,False,0.002541780471801758,success
04B9F73A9C4C80,3,"['Castelvecchio', 'Casa Giulietta']",Santa Anastasia,"['AMO', 'Museo Conte', 'Palazzo della Ragione', 'Teatro Romano', 'Centro Fotografia']",Duomo,strategy_nearest,False,0.0035681724548339844,success
04B9FCBA7B3F80,0,"['Arena', 'Castelvecchio']",Torre Lamberti,"['Sighseeing', 'Centro Fotografia', 'Museo Conte', 'Casa Giulietta', 'Palazzo della Ragione']",Casa Giulietta,strategy_nearest,True,0.0021009445190429688,success
04B9F7BA7B3F80,3,"['Arena', 'Tomba Giulietta']",Teatro Romano,"['Santa Anastasia', 'Duomo', 'AMO', 'Palazzo della Ragione', 'Museo Conte']",Duomo,strategy_nearest,True,0.002192258834838867,success
04BA0E429C4C84,3,"['Arena', 'Casa Giulietta', 'Tomba Giulietta']",Torre Lamberti,"['Sighseeing', 'Centro Fotografia', 'Museo Conte', 'Palazzo della Ragione', 'AMO']",San Fermo,strategy_nearest,False,0.0032188892364501953,success
04BA12BA7B3F84,3,"['Castelvecchio', 'Arena']",Duomo,"['AMO', 'Museo Miniscalchi', 'Santa Anastasia', 'Teatro Romano', 'Palazzo della Ragione']",San Zeno,strategy_nearest,False,0.0021293163299560547,success
04BA11BA7B3F80,1,"['San Zeno', 'Arena', 'Torre Lamberti', 'Duomo']",Giardino Giusti,"['Santa Anastasia', 'Teatro Romano', 'Museo Conte', 'Centro Fotografia', 'Museo Storia']",Castelvecchio,strategy_nearest,False,0.002878904342651367,success
04BA12429C4C80,3,"['Arena', 'San Fermo', 'Casa Giulietta']",Santa Anastasia,"['AMO', 'Museo Conte', 'Palazzo della Ragione', 'Teatro Romano', 'Centro Fotografia']",Duomo,strategy_nearest,False,0.0013718605041503906,success
04BA143A9C4C84,3,['Arena'],Santa Anastasia,"['AMO', 'Museo Conte', 'Palazzo della Ragione', 'Teatro Romano', 'Centro Fotografia']",Duomo,strategy_nearest,False,0.0034427642822265625,success
04BA18BA7B3F84,1,"['Castelvecchio', 'Torre Lamberti', 'Casa Giulietta']",Arena,"['Verona Tour', 'Museo Lapidario', 'Museo Radio', 'San Fermo', 'Sighseeing']",Museo Lapidario,strategy_nearest,True,0.002727985382080078,success
04BA193A9C4C84,1,['Arena'],Torre Lamberti,"['Sighseeing', 'Centro Fotografia', 'Museo Conte', 'Casa Giulietta', 'Palazzo della Ragione']",Palazzo della Ragione,strategy_nearest,True,0.0032570362091064453,success
04BA17429C4C80,3,"['Casa Giulietta', 'Arena', 'Tomba Giulietta']",San Fermo,"['Museo Storia', 'Museo Radio', 'Centro Fotografia', 'Sighseeing', 'Torre Lamberti']",Torre Lamberti,strategy_nearest,True,0.002768993377685547,success
04BA15429C4C80,3,"['Museo Lapidario', 'Castelvecchio']",Santa Anastasia,"['AMO', 'Museo Conte', 'Palazzo della Ragione', 'Teatro Romano', 'Centro Fotografia']",Teatro Romano,strategy_nearest,True,0.002070903778076172,success
04BA1B3A9C4C80,3,"['Arena', 'Casa Giulietta']",Santa Anastasia,"['AMO', 'Museo Conte', 'Palazzo della Ragione', 'Teatro Romano', 'Centro Fotografia']",Teatro Romano,strategy_nearest,True,0.0013988018035888672,success
04BA1A429C4C80,1,"['Torre Lamberti', 'Palazzo della Ragione', 'Casa Giulietta']",Arena,"['Verona Tour', 'Museo Lapidario', 'Museo Radio', 'San Fermo', 'Sighseeing']",Castelvecchio,strategy_nearest,False,0.0022058486938476562,success
04BA1FBA7B3F80,2,['Santa Anastasia'],Casa Giulietta,"['Centro Fotografia', 'Sighseeing', 'Torre Lamberti', 'Museo Conte', 'Museo Radio']",Castelvecchio,strategy_nearest,False,0.0024290084838867188,success
04BA213A9C4C84,1,['Arena'],Casa Giulietta,"['Centro Fotografia', 'Sighseeing', 'Torre Lamberti', 'Museo Conte', 'Museo Radio']",Castelvecchio,strategy_nearest,False,0.003901958465576172,success
04BA1D429C4C80,3,"['Arena', 'San Fermo', 'Casa Giulietta']",Teatro Romano,"['Santa Anastasia', 'Duomo', 'AMO', 'Palazzo della Ragione', 'Museo Conte']",Duomo,strategy_nearest,True,0.0036249160766601562,success
04BA224A9C4C80,0,"['Arena', 'Casa Giulietta']",Tomba Giulietta,"['San Fermo', 'Museo Storia', 'Museo Lapidario', 'Museo Radio', 'Verona Tour']",Castelvecchio,strategy_nearest,False,0.002601146697998047,success
04BA22BA7B3F84,0,['Castelvecchio'],San Zeno,"['Verona Tour', 'Museo Lapidario', 'Arena', 'Museo Miniscalchi', 'Sighseeing']",Arena,strategy_nearest,True,0.003226041793823242,success
04BA233A9C4C84,0,['Arena'],Casa Giulietta,"['Centro Fotografia', 'Sighseeing', 'Torre Lamberti', 'Museo Conte', 'Museo Radio']",Torre Lamberti,strategy_nearest,True,0.002048969268798828,success
04BA254A9C4C80,2,"['Casa Giulietta', 'Torre Lamberti', 'Palazzo della Ragione']",Tomba Giulietta,"['San Fermo', 'Museo Storia', 'Arena', 'Museo Lapidario', 'Museo Radio']",Castelvecchio,strategy_nearest,False,0.0027451515197753906,success
04BA23BA7B3F84,0,['Casa Giulietta'],Arena,"['Verona Tour', 'Museo Lapidario', 'Museo Radio', 'San Fermo', 'Sighseeing']",Tomba Giulietta,strategy_nearest,False,0.0027959346771240234,success
04BA273A9C4C80,1,"['Castelvecchio', 'Museo Lapidario', 'Arena']",San Fermo,"['Museo Storia', 'Museo Radio', 'Casa Giulietta', 'Centro Fotografia', 'Sighseeing']",Palazzo della Ragione,strategy_nearest,False,0.003339052200317383,success
04BA273A9C4C84,3,"['Arena', 'Casa Giulietta', 'Torre Lamberti']",Santa Anastasia,"['AMO', 'Museo Conte', 'Palazzo della Ragione', 'Teatro Romano', 'Centro Fotografia']",Teatro Romano,strategy_nearest,True,0.0018661022186279297,success
04BA3B429C4C80,3,"['Arena', 'Casa Giulietta']",Torre Lamberti,"['Sighseeing', 'Centro Fotografia', 'Museo Conte', 'Palazzo della Ragione', 'AMO']",Santa Anastasia,strategy_nearest,False,0.0027458667755126953,success
04BA2CBA7B3F80,3,"['Museo Lapidario', 'Duomo', 'Arena']",Museo Storia,"['San Fermo', 'Museo Radio', 'Casa Giulietta', 'Centro Fotografia', 'Tomba Giulietta']",Giardino Giusti,strategy_nearest,False,0.002613067626953125,success
04BA40BA7B3F80,3,"['Torre Lamberti', 'Santa Anastasia']",Duomo,"['AMO', 'Museo Miniscalchi', 'Teatro Romano', 'Palazzo della Ragione', 'Museo Conte']",Casa Giulietta,strategy_nearest,False,0.0029740333557128906,success
04BA4B3A9C4C80,0,"['Torre Lamberti', 'Castelvecchio']",San Zeno,"['Verona Tour', 'Museo Lapidario', 'Arena', 'Museo Miniscalchi', 'Sighseeing']",Arena,strategy_nearest,True,0.0020291805267333984,success
04BA493A9C4C80,1,"['Castelvecchio', 'San Zeno', 'Arena', 'Tomba Giulietta', 'Casa Giulietta']",Torre Lamberti,"['Sighseeing', 'Centro Fotografia', 'Museo Conte', 'Palazzo della Ragione', 'AMO']",Palazzo della Ragione,strategy_nearest,True,0.0014650821685791016,success
04BA46429C4C80,1,"['Arena', 'Casa Giulietta', 'Torre Lamberti', 'Palazzo della Ragione']",Santa Anastasia,"['AMO', 'Museo Conte', 'Teatro Romano', 'Centro Fotografia', 'Duomo']",Tomba Giulietta,strategy_nearest,False,0.004274129867553711,success
04BA4FBA7B3F80,1,"['Castelvecchio', 'Torre Lamberti']",Palazzo della Ragione,"['AMO', 'Museo Conte', 'Centro Fotografia', 'Sighseeing', 'Santa Anastasia']",Arena,strategy_nearest,False,0.0033850669860839844,success
04BA50BA7B3F80,3,"['Arena', 'San Fermo', 'Castelvecchio', 'San Zeno']",Casa Giulietta,"['Centro Fotografia', 'Sighseeing', 'Torre Lamberti', 'Museo Conte', 'Museo Radio']",Torre Lamberti,strategy_nearest,True,0.002741098403930664,success
04BA5B3A9C4C80,0,['Arena'],Duomo,"['AMO', 'Museo Miniscalchi', 'Santa Anastasia', 'Teatro Romano', 'Palazzo della Ragione']",Casa Giulietta,strategy_nearest,False,0.0021560192108154297,success
04BA5C3A9C4C80,3,"['Arena', 'Torre Lamberti', 'Casa Giulietta']",Castelvecchio,"['Museo Lapidario', 'Verona Tour', 'Museo Radio', 'San Zeno', 'Sighseeing']",Santa Anastasia,strategy_nearest,False,0.0027458667755126953,success
04BA66429C4C80,2,['Castelvecchio'],Casa Giulietta,"['Centro Fotografia', 'Sighseeing', 'Torre Lamberti', 'Museo Conte', 'Museo Radio']",Santa Anastasia,strategy_nearest,False,0.0029020309448242188,success
04BA52429C4C80,0,"['Arena', 'Casa Giulietta']",Torre Lamberti,"['Sighseeing', 'Centro Fotografia', 'Museo Conte', 'Palazzo della Ragione', 'AMO']",Castelvecchio,strategy_nearest,False,0.0041370391845703125,success
04BA6B429C4C80,2,['San Fermo'],Palazzo della Ragione,"['AMO', 'Museo Conte', 'Torre Lamberti', 'Centro Fotografia', 'Sighseeing']",Duomo,strategy_nearest,False,0.002151012420654297,success
04BA7B3A9C4C80,0,['Arena'],Torre Lamberti,"['Sighseeing', 'Centro Fotografia', 'Museo Conte', 'Casa Giulietta', 'Palazzo della Ragione']",Casa Giulietta,strategy_nearest,True,0.003511667251586914,success
04BA76429C4C80,1,"['San Zeno', 'Castelvecchio', 'Museo Lapidario', 'Arena']",Casa Giulietta,"['Centro Fotografia', 'Sighseeing', 'Torre Lamberti', 'Museo Conte', 'Museo Radio']",Torre Lamberti,strategy_nearest,True,0.0028579235076904297,success
04BA7FBA7B3F80,6,"['Arena', 'Verona Tour', 'Casa Giulietta']",Santa Anastasia,"['AMO', 'Museo Conte', 'Palazzo della Ragione', 'Teatro Romano', 'Centro Fotografia']",Tomba Giulietta,strategy_nearest,False,0.0019488334655761719,success
04BA813A9C4C80,0,['Arena'],Torre Lamberti,"['Sighseeing', 'Centro Fotografia', 'Museo Conte', 'Casa Giulietta', 'Palazzo della Ragione']",Casa Giulietta,strategy_nearest,True,0.0022699832916259766,success
04BA823A9C4C80,1,"['Arena', 'Palazzo della Ragione']",Torre Lamberti,"['Sighseeing', 'Centro Fotografia', 'Museo Conte', 'Casa Giulietta', 'AMO']",Casa Giulietta,strategy_nearest,True,0.002743959426879883,success
04BA85429C4C80,3,"['San Zeno', 'Castelvecchio', 'Arena']",Casa Giulietta,"['Centro Fotografia', 'Sighseeing', 'Torre Lamberti', 'Museo Conte', 'Museo Radio']",Torre Lamberti,strategy_nearest,True,0.0020842552185058594,success
04BA864A9C4C80,3,['Arena'],Casa Giulietta,"['Centro Fotografia', 'Sighseeing', 'Torre Lamberti', 'Museo Conte', 'Museo Radio']",Torre Lamberti,strategy_nearest,True,0.003590106964111328,success
04BA8A429C4C80,3,"['Casa Giulietta', 'Torre Lamberti']",Santa Anastasia,"['AMO', 'Museo Conte', 'Palazzo della Ragione', 'Teatro Romano', 'Centro Fotografia']",Teatro Romano,strategy_nearest,True,0.0024690628051757812,success
04BA8E429C4C80,0,"['Arena', 'Tomba Giulietta']",Castelvecchio,"['Museo Lapidario', 'Verona Tour', 'Museo Radio', 'San Zeno', 'Sighseeing']",Casa Giulietta,strategy_nearest,False,0.002540111541748047,success
04BAA54A9C4C80,2,['Casa Giulietta'],Santa Anastasia,"['AMO', 'Museo Conte', 'Palazzo della Ragione', 'Teatro Romano', 'Centro Fotografia']",Duomo,strategy_nearest,False,0.00341796875,success
04BAA4BA7B3F80,3,"['Torre Lamberti', 'Duomo', 'Santa Anastasia', 'San Fermo', 'Casa Giulietta']",Arena,"['Verona Tour', 'Museo Lapidario', 'Museo Radio', 'Sighseeing', 'Castelvecchio']",Castelvecchio,strategy_nearest,True,0.0029697418212890625,success
04BAAFBA7B3F80,1,"['Santa Anastasia', 'Castelvecchio', 'Giardino Giusti']",San Fermo,"['Museo Storia', 'Museo Radio', 'Casa Giulietta', 'Centro Fotografia', 'Arena']",Arena,strategy_nearest,True,0.0032439231872558594,success
04BAAF3A9C4C80,0,['Castelvecchio'],Arena,"['Verona Tour', 'Museo Lapidario', 'Museo Radio', 'San Fermo', 'Casa Giulietta']",San Fermo,strategy_nearest,True,0.0033981800079345703,success
04BAB0BA7B3F80,0,['Casa Giulietta'],Arena,"['Verona Tour', 'Museo Lapidario', 'Museo Radio', 'San Fermo', 'Sighseeing']",San Zeno,strategy_nearest,False,0.0023949146270751953,success
04BAB5429C4C80,3,"['Torre Lamberti', 'Santa Anastasia']",Teatro Romano,"['Duomo', 'AMO', 'Palazzo della Ragione', 'Museo Conte', 'Centro Fotografia']",Arena,strategy_nearest,False,0.002784252166748047,success
04BAB5BA7B3F80,2,"['Teatro Romano', 'Castelvecchio', 'San Zeno']",San Fermo,"['Museo Storia', 'Museo Radio', 'Casa Giulietta', 'Centro Fotografia', 'Arena']",Casa Giulietta,strategy_nearest,True,0.0021049976348876953,success
04BAB6429C4C80,3,"['Tomba Giulietta', 'Casa Giulietta']",Torre Lamberti,"['Sighseeing', 'Centro Fotografia', 'Museo Conte', 'Palazzo della Ragione', 'AMO']",Arena,strategy_nearest,False,0.002905130386352539,success
04BAB6BA7B3F80,2,"['Santa Anastasia', 'Teatro Romano', 'Castelvecchio']",San Zeno,"['Verona Tour', 'Museo Lapidario', 'Arena', 'Museo Miniscalchi', 'Sighseeing']",San Fermo,strategy_nearest,False,0.0032579898834228516,success
04BABD429C4C80,1,"['Castelvecchio', 'Santa Anastasia']",Torre Lamberti,"['Sighseeing', 'Centro Fotografia', 'Museo Conte', 'Casa Giulietta', 'Palazzo della Ragione']",Palazzo della Ragione,strategy_nearest,True,0.0025250911712646484,success
04BABB429C4C80,0,['Arena'],Casa Giulietta,"['Centro Fotografia', 'Sighseeing', 'Torre Lamberti', 'Museo Conte', 'Museo Radio']",Duomo,strategy_nearest,False,0.0026717185974121094,success
04BABE429C4C80,0,['Arena'],Casa Giulietta,"['Centro Fotografia', 'Sighseeing', 'Torre Lamberti', 'Museo Conte', 'Museo Radio']",Torre Lamberti,strategy_nearest,True,0.0036940574645996094,success
04BAC7429C4C80,3,"['Arena', 'Casa Giulietta']",Torre Lamberti,"['Sighseeing', 'Centro Fotografia', 'Museo Conte', 'Palazzo della Ragione', 'AMO']",Duomo,strategy_nearest,False,0.0028121471405029297,success
04BAC93A9C4C80,1,"['Arena', 'Torre Lamberti']",Palazzo della Ragione,"['AMO', 'Museo Conte', 'Centro Fotografia', 'Sighseeing', 'Santa Anastasia']",Casa Giulietta,strategy_nearest,False,0.002735137939453125,success
04BACA3A9C4C80,0,['Arena'],Castelvecchio,"['Museo Lapidario', 'Verona Tour', 'Museo Radio', 'San Zeno', 'Sighseeing']",Casa Giulietta,strategy_nearest,False,0.0032949447631835938,success
04BAD8429C4C80,1,"['Arena', 'Casa Giulietta', 'Santa Anastasia']",Teatro Romano,"['Duomo', 'AMO', 'Palazzo della Ragione', 'Museo Conte', 'Centro Fotografia']",Duomo,strategy_nearest,True,0.002164125442504883,success
04BAD3BA7B3F80,3,"['Arena', 'Torre Lamberti', 'Casa Giulietta']",Santa Anastasia,"['AMO', 'Museo Conte', 'Palazzo della Ragione', 'Teatro Romano', 'Centro Fotografia']",Duomo,strategy_nearest,False,0.002640962600708008,success
04BADA3A9C4C80,3,['Arena'],Castelvecchio,"['Museo Lapidario', 'Verona Tour', 'Museo Radio', 'San Zeno', 'Sighseeing']",San Zeno,strategy_nearest,True,0.002849578857421875,success
04BADE3A9C4C80,3,"['Arena', 'Castelvecchio']",Casa Giulietta,"['Centro Fotografia', 'Sighseeing', 'Torre Lamberti', 'Museo Conte', 'Museo Radio']",Torre Lamberti,strategy_nearest,True,0.0033631324768066406,success
04BADF3A9C4C80,1,"['Arena', 'Torre Lamberti']",Palazzo della Ragione,"['AMO', 'Museo Conte', 'Centro Fotografia', 'Sighseeing', 'Santa Anastasia']",Duomo,strategy_nearest,False,0.0026209354400634766,success
04BAF2BA7B3F80,3,"['Torre Lamberti', 'Casa Giulietta', 'Santa Anastasia']",Duomo,"['AMO', 'Museo Miniscalchi', 'Teatro Romano', 'Palazzo della Ragione', 'Museo Conte']",Arena,strategy_nearest,False,0.0032389163970947266,success
04BB00BA7B3F84,0,"['Arena', 'Castelvecchio']",Museo Lapidario,"['Verona Tour', 'Museo Radio', 'San Fermo', 'Casa Giulietta', 'Tomba Giulietta']",Casa Giulietta,strategy_nearest,True,0.0031371116638183594,success
04BB00429C4C84,3,"['Arena', 'Castelvecchio']",Torre Lamberti,"['Sighseeing', 'Centro Fotografia', 'Museo Conte', 'Casa Giulietta', 'Palazzo della Ragione']",Santa Anastasia,strategy_nearest,False,0.0019199848175048828,success
04BB08429C4C80,3,"['Arena', 'San Fermo', 'Casa Giulietta']",Santa Anastasia,"['AMO', 'Museo Conte', 'Palazzo della Ragione', 'Teatro Romano', 'Centro Fotografia']",Torre Lamberti,strategy_nearest,False,0.0019729137420654297,success
04BB0DBA7B3F80,3,"['Castelvecchio', 'San Zeno', 'Arena']",Museo Lapidario,"['Verona Tour', 'Museo Radio', 'San Fermo', 'Casa Giulietta', 'Tomba Giulietta']",Tomba Giulietta,strategy_nearest,True,0.002122163772583008,success
04BB10429C4C80,3,"['Arena', 'Castelvecchio', 'Torre Lamberti']",Casa Giulietta,"['Centro Fotografia', 'Sighseeing', 'Museo Conte', 'Museo Radio', 'Palazzo della Ragione']",Santa Anastasia,strategy_nearest,False,0.002852916717529297,success
04BB11429C4C80,3,"['San Fermo', 'Casa Giulietta', 'Santa Anastasia']",Duomo,"['AMO', 'Museo Miniscalchi', 'Teatro Romano', 'Palazzo della Ragione', 'Museo Conte']",Arena,strategy_nearest,False,0.0032567977905273438,success
04BB12BA7B3F80,1,"['Castelvecchio', 'Casa Giulietta']",Arena,"['Verona Tour', 'Museo Lapidario', 'Museo Radio', 'San Fermo', 'Sighseeing']",Torre Lamberti,strategy_nearest,False,0.0026149749755859375,success
04BB13BA7B3F80,3,"['Arena', 'Torre Lamberti', 'Casa Giulietta']",Santa Anastasia,"['AMO', 'Museo Conte', 'Palazzo della Ragione', 'Teatro Romano', 'Centro Fotografia']",Duomo,strategy_nearest,False,0.0025789737701416016,success
04BB1BBA7B3F80,1,"['Castelvecchio', 'Arena', 'Casa Giulietta', 'San Fermo']",Santa Anastasia,"['AMO', 'Museo Conte', 'Palazzo della Ragione', 'Teatro Romano', 'Centro Fotografia']",Duomo,strategy_nearest,False,0.002977132797241211,success
04BB1C429C4C84,3,"['Arena', 'Teatro Romano', 'Casa Giulietta']",Castelvecchio,"['Museo Lapidario', 'Verona Tour', 'Museo Radio', 'San Zeno', 'Sighseeing']",San Zeno,strategy_nearest,True,0.0031769275665283203,success
04BB1ABA7B3F80,3,"['Castelvecchio', 'San Zeno']",Torre Lamberti,"['Sighseeing', 'Centro Fotografia', 'Museo Conte', 'Casa Giulietta', 'Palazzo della Ragione']",Duomo,strategy_nearest,False,0.0035371780395507812,success
04BB22429C4C80,0,['Teatro Romano'],Arena,"['Verona Tour', 'Museo Lapidario', 'Museo Radio', 'San Fermo', 'Casa Giulietta']",Casa Giulietta,strategy_nearest,True,0.0019621849060058594,success
04BB233A9C4C84,0,['Arena'],Casa Giulietta,"['Centro Fotografia', 'Sighseeing', 'Torre Lamberti', 'Museo Conte', 'Museo Radio']",Torre Lamberti,strategy_nearest,True,0.0028390884399414062,success
04BB27BA7B3F84,3,"['Casa Giulietta', 'Santa Anastasia', 'Duomo']",Torre Lamberti,"['Sighseeing', 'Centro Fotografia', 'Museo Conte', 'Palazzo della Ragione', 'AMO']",Giardino Giusti,strategy_nearest,False,0.002023935317993164,success
04BB28BA7B3F80,3,"['Arena', 'Casa Giulietta']",Santa Anastasia,"['AMO', 'Museo Conte', 'Palazzo della Ragione', 'Teatro Romano', 'Centro Fotografia']",Duomo,strategy_nearest,False,0.0035822391510009766,success
04BB37429C4C80,0,['Arena'],Casa Giulietta,"['Centro Fotografia', 'Sighseeing', 'Torre Lamberti', 'Museo Conte', 'Museo Radio']",Duomo,strategy_nearest,False,0.0021359920501708984,success
04BB34BA7B3F80,1,"['Castelvecchio', 'Arena', 'Casa Giulietta', 'Palazzo della Ragione']",Museo Lapidario,"['Verona Tour', 'Museo Radio', 'San Fermo', 'Tomba Giulietta', 'Sighseeing']",Tomba Giulietta,strategy_nearest,True,0.0032629966735839844,success
04BB373A9C4C80,1,"['Tomba Giulietta', 'Castelvecchio', 'San Zeno']",Duomo,"['AMO', 'Museo Miniscalchi', 'Santa Anastasia', 'Teatro Romano', 'Palazzo della Ragione']",Torre Lamberti,strategy_nearest,False,0.003679990768432617,success
04BB393A9C4C80,3,"['Arena', 'Duomo']",Santa Anastasia,"['AMO', 'Museo Conte', 'Palazzo della Ragione', 'Teatro Romano', 'Centro Fotografia']",Torre Lamberti,strategy_nearest,False,0.0030710697174072266,success
04BB40C27B3F80,0,"['Arena', 'Casa Giulietta']",Giardino Giusti,"['Santa Anastasia', 'Teatro Romano', 'Museo Conte', 'Centro Fotografia', 'Museo Storia']",Teatro Romano,strategy_nearest,True,0.0021927356719970703,success
04BB3F3A9C4C80,3,"['Torre Lamberti', 'Santa Anastasia']",Duomo,"['AMO', 'Museo Miniscalchi', 'Teatro Romano', 'Palazzo della Ragione', 'Museo Conte']",San Fermo,strategy_nearest,False,0.004124879837036133,success
04BB40BA7B3F80,3,"['Arena', 'Casa Giulietta']",Santa Anastasia,"['AMO', 'Museo Conte', 'Palazzo della Ragione', 'Teatro Romano', 'Centro Fotografia']",Duomo,strategy_nearest,False,0.0017578601837158203,success
04BB45BA7B3F80,3,"['Castelvecchio', 'Arena', 'Giardino Giusti', 'Teatro Romano']",Tomba Giulietta,"['San Fermo', 'Museo Storia', 'Museo Lapidario', 'Museo Radio', 'Verona Tour']",San Fermo,strategy_nearest,True,0.002591848373413086,success
04BB4B3A9C4C80,0,['Arena'],Casa Giulietta,"['Centro Fotografia', 'Sighseeing', 'Torre Lamberti', 'Museo Conte', 'Museo Radio']",Torre Lamberti,strategy_nearest,True,0.0018610954284667969,success
04BB51BA7B3F80,1,"['Museo Lapidario', 'Casa Giulietta', 'Torre Lamberti', 'Palazzo della Ragione']",Santa Anastasia,"['AMO', 'Museo Conte', 'Teatro Romano', 'Centro Fotografia', 'Duomo']",Castelvecchio,strategy_nearest,False,0.002825021743774414,success
04BB4CBA7B3F80,3,"['Castelvecchio', 'Museo Lapidario', 'Arena']",Santa Anastasia,"['AMO', 'Museo Conte', 'Palazzo della Ragione', 'Teatro Romano', 'Centro Fotografia']",Duomo,strategy_nearest,False,0.0024247169494628906,success
04BB47429C4C80,3,"['Arena', 'Castelvecchio', 'Torre Lamberti']",Santa Anastasia,"['AMO', 'Museo Conte', 'Palazzo della Ragione', 'Teatro Romano', 'Centro Fotografia']",Teatro Romano,strategy_nearest,True,0.003763914108276367,success
04BB58BA7B3F80,1,"['Castelvecchio', 'Palazzo della Ragione', 'Santa Anastasia', 'Torre Lamberti']",Duomo,"['AMO', 'Museo Miniscalchi', 'Teatro Romano', 'Museo Conte', 'Centro Fotografia']",Teatro Romano,strategy_nearest,True,0.002444028854370117,success
04BB61429C4C80,2,['Museo Lapidario'],Castelvecchio,"['Verona Tour', 'Arena', 'Museo Radio', 'San Zeno', 'Sighseeing']",Torre Lamberti,strategy_nearest,False,0.0029633045196533203,success
04BB60429C4C80,0,['Torre Lamberti'],Casa Giulietta,"['Centro Fotografia', 'Sighseeing', 'Museo Conte', 'Museo Radio', 'Palazzo della Ragione']",Tomba Giulietta,strategy_nearest,False,0.0031168460845947266,success
04BB5EBA7B3F80,1,"['Museo Lapidario', 'Casa Giulietta', 'Torre Lamberti', 'Palazzo della Ragione']",Santa Anastasia,"['AMO', 'Museo Conte', 'Teatro Romano', 'Centro Fotografia', 'Duomo']",Castelvecchio,strategy_nearest,False,0.0016551017761230469,success
04BB64BA7B3F80,3,"['Castelvecchio', 'Santa Anastasia', 'Arena']",Torre Lamberti,"['Sighseeing', 'Centro Fotografia', 'Museo Conte', 'Casa Giulietta', 'Palazzo della Ragione']",Duomo,strategy_nearest,False,0.002115011215209961,success
04BB70BA7B3F80,3,"['Castelvecchio', 'Santa Anastasia', 'Arena']",Torre Lamberti,"['Sighseeing', 'Centro Fotografia', 'Museo Conte', 'Casa Giulietta', 'Palazzo della Ragione']",Duomo,strategy_nearest,False,0.0020270347595214844,success
04BB75BA7B3F80,1,"['Castelvecchio', 'Palazzo della Ragione']",Duomo,"['AMO', 'Museo Miniscalchi', 'Santa Anastasia', 'Teatro Romano', 'Museo Conte']",Teatro Romano,strategy_nearest,True,0.0026068687438964844,success
04BB803A9C4C80,0,"['Arena', 'Casa Giulietta']",Torre Lamberti,"['Sighseeing', 'Centro Fotografia', 'Museo Conte', 'Palazzo della Ragione', 'AMO']",Castelvecchio,strategy_nearest,False,0.001847982406616211,success
04BB713A9C4C80,3,"['Casa Giulietta', 'Torre Lamberti']",Santa Anastasia,"['AMO', 'Museo Conte', 'Palazzo della Ragione', 'Teatro Romano', 'Centro Fotografia']",Arena,strategy_nearest,False,0.0037529468536376953,success
04BB7CBA7B3F80,3,"['Arena', 'San Fermo', 'Castelvecchio', 'San Zeno']",Casa Giulietta,"['Centro Fotografia', 'Sighseeing', 'Torre Lamberti', 'Museo Conte', 'Museo Radio']",Torre Lamberti,strategy_nearest,True,0.004252195358276367,success
04BB833A9C4C80,0,['Castelvecchio'],Arena,"['Verona Tour', 'Museo Lapidario', 'Museo Radio', 'San Fermo', 'Casa Giulietta']",Torre Lamberti,strategy_nearest,False,0.0026960372924804688,success
04BB85429C4C80,0,['Castelvecchio'],Arena,"['Verona Tour', 'Museo Lapidario', 'Museo Radio', 'San Fermo', 'Casa Giulietta']",Torre Lamberti,strategy_nearest,False,0.00251007080078125,success
04BB87C27B3F80,0,['Castelvecchio'],Arena,"['Verona Tour', 'Museo Lapidario', 'Museo Radio', 'San Fermo', 'Casa Giulietta']",Casa Giulietta,strategy_nearest,True,0.0028688907623291016,success
04BB8C4A9C4C80,0,['Teatro Romano'],Casa Giulietta,"['Centro Fotografia', 'Sighseeing', 'Torre Lamberti', 'Museo Conte', 'Museo Radio']",Arena,strategy_nearest,False,0.002933979034423828,success
04BB8F429C4C80,3,"['Arena', 'Museo Lapidario', 'Castelvecchio']",San Zeno,"['Verona Tour', 'Museo Miniscalchi', 'Sighseeing', 'Museo Radio', 'Torre Lamberti']",Torre Lamberti,strategy_nearest,True,0.002916097640991211,success
04BB934A9C4C80,3,"['Teatro Romano', 'Giardino Giusti']",Duomo,"['AMO', 'Museo Miniscalchi', 'Santa Anastasia', 'Palazzo della Ragione', 'Museo Conte']",Arena,strategy_nearest,False,0.0027430057525634766,success
04BB94BA7B3F80,3,"['Torre Lamberti', 'Castelvecchio', 'Arena', 'Casa Giulietta']",San Fermo,"['Museo Storia', 'Museo Radio', 'Centro Fotografia', 'Sighseeing', 'Museo Conte']",Santa Anastasia,strategy_nearest,False,0.00407099723815918,success
04BB9F4A9C4C80,0,['Arena'],Casa Giulietta,"['Centro Fotografia', 'Sighseeing', 'Torre Lamberti', 'Museo Conte', 'Museo Radio']",Torre Lamberti,strategy_nearest,True,0.0021219253540039062,success
04BBAB3A9C4C80,0,"['San Fermo', 'Torre Lamberti']",Teatro Romano,"['Santa Anastasia', 'Duomo', 'AMO', 'Palazzo della Ragione', 'Museo Conte']",Arena,strategy_nearest,False,0.0029540061950683594,success
04BBB53A9C4C80,0,"['Arena', 'Castelvecchio']",San Zeno,"['Verona Tour', 'Museo Lapidario', 'Museo Miniscalchi', 'Sighseeing', 'Museo Radio']",Torre Lamberti,strategy_nearest,False,0.0030150413513183594,success
04BBB03A9C4C80,0,['Arena'],Torre Lamberti,"['Sighseeing', 'Centro Fotografia', 'Museo Conte', 'Casa Giulietta', 'Palazzo della Ragione']",Castelvecchio,strategy_nearest,False,0.002443075180053711,success
04BBB63A9C4C80,3,"['Arena', 'Museo Lapidario']",Torre Lamberti,"['Sighseeing', 'Centro Fotografia', 'Museo Conte', 'Casa Giulietta', 'Palazzo della Ragione']",Casa Giulietta,strategy_nearest,True,0.003608226776123047,success
04BBB33A9C4C80,0,['Arena'],Casa Giulietta,"['Centro Fotografia', 'Sighseeing', 'Torre Lamberti', 'Museo Conte', 'Museo Radio']",Castelvecchio,strategy_nearest,False,0.0015988349914550781,success
04BBB8BA7B3F80,2,"['Castelvecchio', 'Tomba Giulietta', 'San Fermo']",Casa Giulietta,"['Centro Fotografia', 'Sighseeing', 'Torre Lamberti', 'Museo Conte', 'Museo Radio']",Santa Anastasia,strategy_nearest,False,0.0023741722106933594,success
04BBB6429C4C80,3,"['Arena', 'San Fermo', 'Casa Giulietta', 'Tomba Giulietta']",San Zeno,"['Castelvecchio', 'Verona Tour', 'Museo Lapidario', 'Museo Miniscalchi', 'Sighseeing']",Castelvecchio,strategy_nearest,True,0.0015201568603515625,success
04BBB8429C4C80,3,['Arena'],Torre Lamberti,"['Sighseeing', 'Centro Fotografia', 'Museo Conte', 'Casa Giulietta', 'Palazzo della Ragione']",Santa Anastasia,strategy_nearest,False,0.003824949264526367,success
04BBB9BA7B3F80,3,"['Castelvecchio', 'Torre Lamberti']",Casa Giulietta,"['Centro Fotografia', 'Sighseeing', 'Museo Conte', 'Museo Radio', 'Palazzo della Ragione']",Santa Anastasia,strategy_nearest,False,0.002620697021484375,success
04BBBF429C4C80,0,"['Arena', 'Torre Lamberti']",Casa Giulietta,"['Centro Fotografia', 'Sighseeing', 'Museo Conte', 'Museo Radio', 'Palazzo della Ragione']",Duomo,strategy_nearest,False,0.0024139881134033203,success
04BBBEBA7B3F80,0,"['Castelvecchio', 'Casa Giulietta']",San Fermo,"['Museo Storia', 'Museo Radio', 'Centro Fotografia', 'Arena', 'Sighseeing']",Arena,strategy_nearest,True,0.0030059814453125,success
04BBC23A9C4C80,0,"['Arena', 'Castelvecchio']",Casa Giulietta,"['Centro Fotografia', 'Sighseeing', 'Torre Lamberti', 'Museo Conte', 'Museo Radio']",Museo Storia,strategy_nearest,False,0.0033049583435058594,success
04BBC4BA7B3F80,1,"['Castelvecchio', 'Arena']",Torre Lamberti,"['Sighseeing', 'Centro Fotografia', 'Museo Conte', 'Casa Giulietta', 'Palazzo della Ragione']",Palazzo della Ragione,strategy_nearest,True,0.003763914108276367,success
04BBC53A9C4C80,3,"['Arena', 'Casa Giulietta']",San Fermo,"['Museo Storia', 'Museo Radio', 'Centro Fotografia', 'Sighseeing', 'Torre Lamberti']",Santa Anastasia,strategy_nearest,False,0.0034639835357666016,success
04BBD4429C4C80,2,"['Casa Giulietta', 'Tomba Giulietta']",Torre Lamberti,"['Sighseeing', 'Centro Fotografia', 'Museo Conte', 'Palazzo della Ragione', 'AMO']",Palazzo della Ragione,strategy_nearest,True,0.003785848617553711,success
04BBC5BA7B3F80,3,"['Castelvecchio', 'San Zeno', 'Tomba Giulietta']",Arena,"['Verona Tour', 'Museo Lapidario', 'Museo Radio', 'San Fermo', 'Casa Giulietta']",Teatro Romano,strategy_nearest,False,0.0023763179779052734,success
04BBD8429C4C80,1,"['Arena', 'Casa Giulietta', 'Santa Anastasia']",Teatro Romano,"['Duomo', 'AMO', 'Palazzo della Ragione', 'Museo Conte', 'Centro Fotografia']",Duomo,strategy_nearest,True,0.00406193733215332,success
04BBE2BA7B3F80,3,"['Arena', 'San Fermo', 'Castelvecchio', 'San Zeno']",Casa Giulietta,"['Centro Fotografia', 'Sighseeing', 'Torre Lamberti', 'Museo Conte', 'Museo Radio']",Torre Lamberti,strategy_nearest,True,0.001895904541015625,success
04BBE73A9C4C80,3,"['Arena', 'Santa Anastasia']",Duomo,"['AMO', 'Museo Miniscalchi', 'Teatro Romano', 'Palazzo della Ragione', 'Museo Conte']",Teatro Romano,strategy_nearest,True,0.003038167953491211,success
04BBD93A9C4C80,0,['Torre Lamberti'],Arena,"['Verona Tour', 'Museo Lapidario', 'Museo Radio', 'San Fermo', 'Casa Giulietta']",San Zeno,strategy_nearest,False,0.004016876220703125,success
04BBE63A9C4C80,1,['Arena'],Palazzo della Ragione,"['AMO', 'Museo Conte', 'Torre Lamberti', 'Centro Fotografia', 'Sighseeing']",Torre Lamberti,strategy_nearest,True,0.0025339126586914062,success
04BBFF3A9C4C80,3,"['Arena', 'Torre Lamberti']",Casa Giulietta,"['Centro Fotografia', 'Sighseeing', 'Museo Conte', 'Museo Radio', 'Palazzo della Ragione']",Santa Anastasia,strategy_nearest,False,0.0016901493072509766,success
04BC01BA7B3F84,0,['Casa Giulietta'],Arena,"['Verona Tour', 'Museo Lapidario', 'Museo Radio', 'San Fermo', 'Sighseeing']",Tomba Giulietta,strategy_nearest,False,0.003110170364379883,success
04BC02BA7B3F84,0,['Arena'],San Zeno,"['Castelvecchio', 'Verona Tour', 'Museo Lapidario', 'Museo Miniscalchi', 'Sighseeing']",Casa Giulietta,strategy_nearest,False,0.003259897232055664,success
04BBF1429C4C80,4,"['Santa Anastasia', 'Duomo', 'Tomba Giulietta', 'Museo Radio']",Arena,"['Verona Tour', 'Museo Lapidario', 'San Fermo', 'Casa Giulietta', 'Sighseeing']",Casa Giulietta,strategy_nearest,True,0.002633810043334961,success
04BC0B429C4C80,0,"['Arena', 'Castelvecchio']",Torre Lamberti,"['Sighseeing', 'Centro Fotografia', 'Museo Conte', 'Casa Giulietta', 'Palazzo della Ragione']",Casa Giulietta,strategy_nearest,True,0.0021219253540039062,success
04BC03429C4C84,3,"['Arena', 'Torre Lamberti', 'Museo Lapidario']",Castelvecchio,"['Verona Tour', 'Museo Radio', 'San Zeno', 'Sighseeing', 'Museo Miniscalchi']",Casa Giulietta,strategy_nearest,False,0.001522064208984375,success
04BC0C3A9C4C84,1,"['Arena', 'Casa Giulietta']",Torre Lamberti,"['Sighseeing', 'Centro Fotografia', 'Museo Conte', 'Palazzo della Ragione', 'AMO']",Palazzo della Ragione,strategy_nearest,True,0.0036840438842773438,success
04BC0D3A9C4C84,3,"['Casa Giulietta', 'Santa Anastasia', 'Arena']",Torre Lamberti,"['Sighseeing', 'Centro Fotografia', 'Museo Conte', 'Palazzo della Ragione', 'AMO']",Teatro Romano,strategy_nearest,False,0.002721071243286133,success
04BC0EBA7B3F84,3,"['Arena', 'San Fermo', 'Casa Giulietta']",Torre Lamberti,"['Sighseeing', 'Centro Fotografia', 'Museo Conte', 'Palazzo della Ragione', 'AMO']",Santa Anastasia,strategy_nearest,False,0.0029370784759521484,success
04BC0F3A9C4C84,1,['Arena'],Castelvecchio,"['Museo Lapidario', 'Verona Tour', 'Museo Radio', 'San Zeno', 'Sighseeing']",Torre Lamberti,strategy_nearest,False,0.0017919540405273438,success
04BC10BA7B3F80,3,"['Castelvecchio', 'Arena']",Santa Anastasia,"['AMO', 'Museo Conte', 'Palazzo della Ragione', 'Teatro Romano', 'Centro Fotografia']",Torre Lamberti,strategy_nearest,False,0.0035829544067382812,success
04BC15BA7B3F84,1,"['San Zeno', 'Arena', 'Casa Giulietta', 'Palazzo della Ragione']",Tomba Giulietta,"['San Fermo', 'Museo Storia', 'Museo Lapidario', 'Museo Radio', 'Verona Tour']",Castelvecchio,strategy_nearest,False,0.0024099349975585938,success
04BC143A9C4C80,1,['Arena'],Santa Anastasia,"['AMO', 'Museo Conte', 'Palazzo della Ragione', 'Teatro Romano', 'Centro Fotografia']",Teatro Romano,strategy_nearest,True,0.002432107925415039,success
04BC183A9C4C84,2,['Duomo'],Teatro Romano,"['Santa Anastasia', 'AMO', 'Palazzo della Ragione', 'Museo Conte', 'Centro Fotografia']",San Zeno,strategy_nearest,False,0.0027670860290527344,success
04BC17429C4C80,1,"['Arena', 'San Fermo', 'Torre Lamberti', 'Palazzo della Ragione']",Casa Giulietta,"['Centro Fotografia', 'Sighseeing', 'Museo Conte', 'Museo Radio', 'AMO']",Santa Anastasia,strategy_nearest,False,0.0037288665771484375,success
04BC24BA7B3F80,3,"['Castelvecchio', 'San Zeno', 'Arena']",Museo Lapidario,"['Verona Tour', 'Museo Radio', 'San Fermo', 'Casa Giulietta', 'Tomba Giulietta']",Tomba Giulietta,strategy_nearest,True,0.0025479793548583984,success
04BC35BA7B3F80,3,['Santa Anastasia'],Castelvecchio,"['Museo Lapidario', 'Verona Tour', 'Arena', 'Museo Radio', 'San Zeno']",San Zeno,strategy_nearest,True,0.0027549266815185547,success
04BC1E3A9C4C84,2,['Museo Lapidario'],Teatro Romano,"['Santa Anastasia', 'Duomo', 'AMO', 'Palazzo della Ragione', 'Museo Conte']",Santa Anastasia,strategy_nearest,True,0.0016360282897949219,success
04BC263A9C4C80,0,['Arena'],Museo Lapidario,"['Verona Tour', 'Castelvecchio', 'Museo Radio', 'San Fermo', 'Casa Giulietta']",Casa Giulietta,strategy_nearest,True,0.003633737564086914,success
04BC3A3A9C4C80,1,"['Arena', 'Casa Giulietta']",Palazzo della Ragione,"['AMO', 'Museo Conte', 'Torre Lamberti', 'Centro Fotografia', 'Sighseeing']",Santa Anastasia,strategy_nearest,False,0.0017919540405273438,success
04BC3E3A9C4C80,0,"['Arena', 'Casa Giulietta']",Tomba Giulietta,"['San Fermo', 'Museo Storia', 'Museo Lapidario', 'Museo Radio', 'Verona Tour']",Castelvecchio,strategy_nearest,False,0.0030901432037353516,success
04BC36BA7B3F80,1,"['Arena', 'Castelvecchio', 'Torre Lamberti', 'Palazzo della Ragione', 'Casa Giulietta']",San Fermo,"['Museo Storia', 'Museo Radio', 'Centro Fotografia', 'Sighseeing', 'Museo Conte']",Santa Anastasia,strategy_nearest,False,0.0024559497833251953,success
04BC413A9C4C80,2,"['San Fermo', 'Museo Storia']",Casa Giulietta,"['Centro Fotografia', 'Sighseeing', 'Torre Lamberti', 'Museo Conte', 'Museo Radio']",Torre Lamberti,strategy_nearest,True,0.0033957958221435547,success
04BC53429C4C80,3,"['Arena', 'San Fermo', 'Casa Giulietta']",Torre Lamberti,"['Sighseeing', 'Centro Fotografia', 'Museo Conte', 'Palazzo della Ragione', 'AMO']",Teatro Romano,strategy_nearest,False,0.002948760986328125,success
04BC43429C4C80,3,"['Santa Anastasia', 'Casa Giulietta']",Torre Lamberti,"['Sighseeing', 'Centro Fotografia', 'Museo Conte', 'Palazzo della Ragione', 'AMO']",Arena,strategy_nearest,False,0.0013599395751953125,success
04BC4D429C4C80,3,"['Arena', 'Castelvecchio', 'Duomo']",Teatro Romano,"['Santa Anastasia', 'AMO', 'Palazzo della Ragione', 'Museo Conte', 'Centro Fotografia']",Santa Anastasia,strategy_nearest,True,0.0023920536041259766,success
04BC53BA7B3F80,1,"['Torre Lamberti', 'Palazzo della Ragione', 'Arena', 'Museo Lapidario']",Castelvecchio,"['Verona Tour', 'Museo Radio', 'San Zeno', 'Sighseeing', 'Museo Miniscalchi']",Duomo,strategy_nearest,False,0.0033321380615234375,success
04BC5ABA7B3F80,0,['Duomo'],Arena,"['Verona Tour', 'Museo Lapidario', 'Museo Radio', 'San Fermo', 'Casa Giulietta']",Castelvecchio,strategy_nearest,False,0.0020999908447265625,success
04BC5D429C4C80,3,['Arena'],Castelvecchio,"['Museo Lapidario', 'Verona Tour', 'Museo Radio', 'San Zeno', 'Sighseeing']",Santa Anastasia,strategy_nearest,False,0.003676891326904297,success
04BC57429C4C80,3,['Arena'],Casa Giulietta,"['Centro Fotografia', 'Sighseeing', 'Torre Lamberti', 'Museo Conte', 'Museo Radio']",Santa Anastasia,strategy_nearest,False,0.0027761459350585938,success
04BC60BA7B3F80,1,"['Castelvecchio', 'Arena', 'Casa Giulietta']",Palazzo della Ragione,"['AMO', 'Museo Conte', 'Torre Lamberti', 'Centro Fotografia', 'Sighseeing']",Torre Lamberti,strategy_nearest,True,0.0035119056701660156,success
04BC65429C4C80,1,"['Arena', 'Museo Storia', 'Casa Giulietta']",Santa Anastasia,"['AMO', 'Museo Conte', 'Palazzo della Ragione', 'Teatro Romano', 'Centro Fotografia']",Castelvecchio,strategy_nearest,False,0.0024209022521972656,success
04BC753A9C4C80,0,"['Museo Lapidario', 'Arena']",Casa Giulietta,"['Centro Fotografia', 'Sighseeing', 'Torre Lamberti', 'Museo Conte', 'Museo Radio']",Teatro Romano,strategy_nearest,False,0.0031239986419677734,success
04BC78BA7B3F80,1,"['San Zeno', 'Arena', 'Casa Giulietta', 'Palazzo della Ragione']",Tomba Giulietta,"['San Fermo', 'Museo Storia', 'Museo Lapidario', 'Museo Radio', 'Verona Tour']",Castelvecchio,strategy_nearest,False,0.0023169517517089844,success
04BC7A3A9C4C80,0,['Casa Giulietta'],Torre Lamberti,"['Sighseeing', 'Centro Fotografia', 'Museo Conte', 'Palazzo della Ragione', 'AMO']",Arena,strategy_nearest,False,0.0035550594329833984,success
04BC7D429C4C80,0,['Arena'],Casa Giulietta,"['Centro Fotografia', 'Sighseeing', 'Torre Lamberti', 'Museo Conte', 'Museo Radio']",Torre Lamberti,strategy_nearest,True,0.003476858139038086,success
04BC7EBA7B3F80,1,"['Santa Anastasia', 'Castelvecchio', 'Giardino Giusti']",San Fermo,"['Museo Storia', 'Museo Radio', 'Casa Giulietta', 'Centro Fotografia', 'Arena']",Arena,strategy_nearest,True,0.00273895263671875,success
04BC803A9C4C80,3,"['Arena', 'Casa Giulietta']",Santa Anastasia,"['AMO', 'Museo Conte', 'Palazzo della Ragione', 'Teatro Romano', 'Centro Fotografia']",Duomo,strategy_nearest,False,0.002773284912109375,success
04BC80429C4C80,3,"['Arena', 'Casa Giulietta']",Torre Lamberti,"['Sighseeing', 'Centro Fotografia', 'Museo Conte', 'Palazzo della Ragione', 'AMO']",Santa Anastasia,strategy_nearest,False,0.0026307106018066406,success
04BC8D429C4C80,3,"['Arena', 'Casa Giulietta']",Torre Lamberti,"['Sighseeing', 'Centro Fotografia', 'Museo Conte', 'Palazzo della Ragione', 'AMO']",Santa Anastasia,strategy_nearest,False,0.003175973892211914,success
04BC85429C4C80,1,"['Torre Lamberti', 'Palazzo della Ragione']",Arena,"['Verona Tour', 'Museo Lapidario', 'Museo Radio', 'San Fermo', 'Casa Giulietta']",Castelvecchio,strategy_nearest,False,0.0035920143127441406,success
04BC82429C4C80,0,['Arena'],San Fermo,"['Museo Storia', 'Museo Radio', 'Casa Giulietta', 'Centro Fotografia', 'Sighseeing']",Casa Giulietta,strategy_nearest,True,0.0027871131896972656,success
04BC854A9C4C80,0,"['Arena', 'Museo Lapidario']",Casa Giulietta,"['Centro Fotografia', 'Sighseeing', 'Torre Lamberti', 'Museo Conte', 'Museo Radio']",Tomba Giulietta,strategy_nearest,False,0.0020780563354492188,success
04BC95BA7B3F80,1,"['Arena', 'Casa Giulietta']",Torre Lamberti,"['Sighseeing', 'Centro Fotografia', 'Museo Conte', 'Palazzo della Ragione', 'AMO']",Palazzo della Ragione,strategy_nearest,True,0.0016591548919677734,success
04BC9EC27B3F80,0,['Arena'],Casa Giulietta,"['Centro Fotografia', 'Sighseeing', 'Torre Lamberti', 'Museo Conte', 'Museo Radio']",Tomba Giulietta,strategy_nearest,False,0.004308938980102539,success
04BCAC3A9C4C80,3,['Arena'],Santa Anastasia,"['AMO', 'Museo Conte', 'Palazzo della Ragione', 'Teatro Romano', 'Centro Fotografia']",Duomo,strategy_nearest,False,0.002611875534057617,success
04BC9E429C4C80,0,"['Arena', 'Castelvecchio']",Torre Lamberti,"['Sighseeing', 'Centro Fotografia', 'Museo Conte', 'Casa Giulietta', 'Palazzo della Ragione']",Casa Giulietta,strategy_nearest,True,0.003615856170654297,success
04BCB7429C4C80,1,"['Arena', 'Casa Giulietta', 'Torre Lamberti']",Palazzo della Ragione,"['AMO', 'Museo Conte', 'Centro Fotografia', 'Sighseeing', 'Santa Anastasia']",Santa Anastasia,strategy_nearest,True,0.0031630992889404297,success
04BCB1429C4C80,0,"['Arena', 'Casa Giulietta']",Torre Lamberti,"['Sighseeing', 'Centro Fotografia', 'Museo Conte', 'Palazzo della Ragione', 'AMO']",Giardino Giusti,strategy_nearest,False,0.004283905029296875,success
04BCB5429C4C80,0,"['Castelvecchio', 'San Zeno']",Arena,"['Verona Tour', 'Museo Lapidario', 'Museo Radio', 'San Fermo', 'Casa Giulietta']",Casa Giulietta,strategy_nearest,True,0.002089977264404297,success
04BCB43A9C4C80,1,"['Arena', 'Casa Giulietta']",Palazzo della Ragione,"['AMO', 'Museo Conte', 'Torre Lamberti', 'Centro Fotografia', 'Sighseeing']",Teatro Romano,strategy_nearest,False,0.0049321651458740234,success
04BCBFBA7B3F80,1,"['San Zeno', 'Castelvecchio', 'Santa Anastasia', 'Giardino Giusti']",Teatro Romano,"['Duomo', 'AMO', 'Palazzo della Ragione', 'Museo Conte', 'Centro Fotografia']",Duomo,strategy_nearest,True,0.003056764602661133,success
04BCBF429C4C80,0,"['Castelvecchio', 'San Zeno']",Tomba Giulietta,"['San Fermo', 'Museo Storia', 'Arena', 'Museo Lapidario', 'Museo Radio']",Arena,strategy_nearest,True,0.002490997314453125,success
04BCC43A9C4C80,1,"['Casa Giulietta', 'Palazzo della Ragione']",Torre Lamberti,"['Sighseeing', 'Centro Fotografia', 'Museo Conte', 'AMO', 'Museo Miniscalchi']",Arena,strategy_nearest,False,0.003453969955444336,success
04BCC23A9C4C80,3,"['Arena', 'Tomba Giulietta']",San Fermo,"['Museo Storia', 'Museo Radio', 'Casa Giulietta', 'Centro Fotografia', 'Sighseeing']",Casa Giulietta,strategy_nearest,True,0.003094911575317383,success
04BCC6BA7B3F80,1,"['San Zeno', 'Castelvecchio', 'Santa Anastasia', 'Giardino Giusti']",Teatro Romano,"['Duomo', 'AMO', 'Palazzo della Ragione', 'Museo Conte', 'Centro Fotografia']",Duomo,strategy_nearest,True,0.0024530887603759766,success
04BCCC429C4C80,3,"['Arena', 'San Zeno', 'Duomo']",San Fermo,"['Museo Storia', 'Museo Radio', 'Casa Giulietta', 'Centro Fotografia', 'Sighseeing']",Santa Anastasia,strategy_nearest,False,0.0018947124481201172,success
04BCD7BA7B3F80,3,"['Castelvecchio', 'Arena']",Santa Anastasia,"['AMO', 'Museo Conte', 'Palazzo della Ragione', 'Teatro Romano', 'Centro Fotografia']",Torre Lamberti,strategy_nearest,False,0.002768278121948242,success
04BCD73A9C4C80,1,"['Teatro Romano', 'Duomo', 'Casa Giulietta']",Torre Lamberti,"['Sighseeing', 'Centro Fotografia', 'Museo Conte', 'Palazzo della Ragione', 'AMO']",Palazzo della Ragione,strategy_nearest,True,0.0036880970001220703,success
04BCCE3A9C4C80,1,"['Arena', 'Casa Giulietta']",Torre Lamberti,"['Sighseeing', 'Centro Fotografia', 'Museo Conte', 'Palazzo della Ragione', 'AMO']",Palazzo della Ragione,strategy_nearest,True,0.0029501914978027344,success
04BCD93A9C4C80,3,"['Torre Lamberti', 'Casa Giulietta', 'Arena']",Castelvecchio,"['Museo Lapidario', 'Verona Tour', 'Museo Radio', 'San Zeno', 'Sighseeing']",Santa Anastasia,strategy_nearest,False,0.003074169158935547,success
04BCDB3A9C4C80,3,"['Torre Lamberti', 'Santa Anastasia', 'Duomo']",Casa Giulietta,"['Centro Fotografia', 'Sighseeing', 'Museo Conte', 'Museo Radio', 'Palazzo della Ragione']",San Fermo,strategy_nearest,False,0.0018248558044433594,success
04BCDDBA7B3F80,0,"['Arena', 'Castelvecchio']",Torre Lamberti,"['Sighseeing', 'Centro Fotografia', 'Museo Conte', 'Casa Giulietta', 'Palazzo della Ragione']",Casa Giulietta,strategy_nearest,True,0.002462148666381836,success
04BCE23A9C4C80,3,"['Arena', 'Museo Lapidario', 'Castelvecchio']",Torre Lamberti,"['Sighseeing', 'Centro Fotografia', 'Museo Conte', 'Casa Giulietta', 'Palazzo della Ragione']",Casa Giulietta,strategy_nearest,True,0.0036170482635498047,success
04BCDD3A9C4C80,1,"['Museo Lapidario', 'Arena']",Torre Lamberti,"['Sighseeing', 'Centro Fotografia', 'Museo Conte', 'Casa Giulietta', 'Palazzo della Ragione']",Palazzo della Ragione,strategy_nearest,True,0.0031571388244628906,success
04BCE3BA7B3F80,6,"['Castelvecchio', 'Arena']",Casa Giulietta,"['Centro Fotografia', 'Sighseeing', 'Torre Lamberti', 'Museo Conte', 'Museo Radio']",Torre Lamberti,strategy_nearest,True,0.0015180110931396484,success
04BCEABA7B3F80,1,"['Arena', 'Museo Lapidario', 'Casa Giulietta', 'Palazzo della Ragione']",Torre Lamberti,"['Sighseeing', 'Centro Fotografia', 'Museo Conte', 'AMO', 'Museo Miniscalchi']",Santa Anastasia,strategy_nearest,False,0.0023131370544433594,success
04BCF23A9C4C80,0,"['Arena', 'Casa Giulietta']",Torre Lamberti,"['Sighseeing', 'Centro Fotografia', 'Museo Conte', 'Palazzo della Ragione', 'AMO']",Duomo,strategy_nearest,False,0.0028960704803466797,success
04BCE4BA7B3F80,0,"['Castelvecchio', 'Casa Giulietta']",San Fermo,"['Museo Storia', 'Museo Radio', 'Centro Fotografia', 'Arena', 'Sighseeing']",Arena,strategy_nearest,True,0.0037119388580322266,success
04BCFF3A9C4C80,1,"['Santa Anastasia', 'Duomo', 'Palazzo della Ragione']",Torre Lamberti,"['Sighseeing', 'Centro Fotografia', 'Museo Conte', 'Casa Giulietta', 'AMO']",Casa Giulietta,strategy_nearest,True,0.002952098846435547,success
04BCF6BA7B3F80,3,"['Castelvecchio', 'Torre Lamberti']",Arena,"['Verona Tour', 'Museo Lapidario', 'Museo Radio', 'San Fermo', 'Casa Giulietta']",Casa Giulietta,strategy_nearest,True,0.003008127212524414,success
04BD023A9C4C84,0,['Arena'],Torre Lamberti,"['Sighseeing', 'Centro Fotografia', 'Museo Conte', 'Casa Giulietta', 'Palazzo della Ragione']",Casa Giulietta,strategy_nearest,True,0.002785205841064453,success
04BD03429C4C84,3,"['Arena', 'Torre Lamberti', 'Museo Lapidario']",Castelvecchio,"['Verona Tour', 'Museo Radio', 'San Zeno', 'Sighseeing', 'Museo Miniscalchi']",Santa Anastasia,strategy_nearest,False,0.0023679733276367188,success
04BD00429C4C84,1,"['Arena', 'San Zeno', 'Castelvecchio', 'San Fermo']",Torre Lamberti,"['Sighseeing', 'Centro Fotografia', 'Museo Conte', 'Casa Giulietta', 'Palazzo della Ragione']",Palazzo della Ragione,strategy_nearest,True,0.003999948501586914,success
04BD043A9C4C84,2,"['Casa Giulietta', 'San Fermo']",Santa Anastasia,"['AMO', 'Museo Conte', 'Palazzo della Ragione', 'Teatro Romano', 'Centro Fotografia']",Duomo,strategy_nearest,False,0.002348184585571289,success
04BD06BA7B3F84,2,"['Torre Lamberti', 'Santa Anastasia', 'Duomo']",San Zeno,"['Castelvecchio', 'Verona Tour', 'Museo Lapidario', 'Arena', 'Museo Miniscalchi']",Castelvecchio,strategy_nearest,True,0.001995563507080078,success
04BD0C429C4C84,0,"['Arena', 'Torre Lamberti']",Casa Giulietta,"['Centro Fotografia', 'Sighseeing', 'Museo Conte', 'Museo Radio', 'Palazzo della Ragione']",Tomba Giulietta,strategy_nearest,False,0.0036699771881103516,success
04BD09429C4C80,1,"['Castelvecchio', 'Arena', 'Casa Giulietta']",Torre Lamberti,"['Sighseeing', 'Centro Fotografia', 'Museo Conte', 'Palazzo della Ragione', 'AMO']",Palazzo della Ragione,strategy_nearest,True,0.002544879913330078,success
04BD0C3A9C4C84,0,['Casa Giulietta'],Torre Lamberti,"['Sighseeing', 'Centro Fotografia', 'Museo Conte', 'Palazzo della Ragione', 'AMO']",Giardino Giusti,strategy_nearest,False,0.003064870834350586,success
04BD0E429C4C84,2,"['Torre Lamberti', 'Museo Storia']",Tomba Giulietta,"['San Fermo', 'Arena', 'Museo Lapidario', 'Museo Radio', 'Verona Tour']",San Zeno,strategy_nearest,False,0.004221916198730469,success
04BD103A9C4C80,0,['Torre Lamberti'],Casa Giulietta,"['Centro Fotografia', 'Sighseeing', 'Museo Conte', 'Museo Radio', 'Palazzo della Ragione']",Arena,strategy_nearest,False,0.002262115478515625,success
04BD10429C4C80,3,"['Arena', 'Casa Giulietta']",Santa Anastasia,"['AMO', 'Museo Conte', 'Palazzo della Ragione', 'Teatro Romano', 'Centro Fotografia']",Duomo,strategy_nearest,False,0.0033011436462402344,success
04BD0F429C4C80,1,"['Castelvecchio', 'Arena']",Casa Giulietta,"['Centro Fotografia', 'Sighseeing', 'Torre Lamberti', 'Museo Conte', 'Museo Radio']",Torre Lamberti,strategy_nearest,True,0.0034940242767333984,success
04BD10BA7B3F80,3,"['Arena', 'San Fermo', 'Museo Storia']",Casa Giulietta,"['Centro Fotografia', 'Sighseeing', 'Torre Lamberti', 'Museo Conte', 'Museo Radio']",Torre Lamberti,strategy_nearest,True,0.0042629241943359375,success
04BD113A9C4C80,3,['Arena'],Casa Giulietta,"['Centro Fotografia', 'Sighseeing', 'Torre Lamberti', 'Museo Conte', 'Museo Radio']",Torre Lamberti,strategy_nearest,True,0.002201080322265625,success
04BD15429C4C84,3,"['Arena', 'Museo Lapidario', 'Castelvecchio']",Torre Lamberti,"['Sighseeing', 'Centro Fotografia', 'Museo Conte', 'Casa Giulietta', 'Palazzo della Ragione']",Santa Anastasia,strategy_nearest,False,0.0032341480255126953,success
04BD11429C4C80,0,['Castelvecchio'],Arena,"['Verona Tour', 'Museo Lapidario', 'Museo Radio', 'San Fermo', 'Casa Giulietta']",Casa Giulietta,strategy_nearest,True,0.002231121063232422,success
04BD1A3A9C4C84,0,['Museo Lapidario'],Castelvecchio,"['Verona Tour', 'Arena', 'Museo Radio', 'San Zeno', 'Sighseeing']",Arena,strategy_nearest,True,0.0021398067474365234,success
04BD18429C4C84,0,['Arena'],Casa Giulietta,"['Centro Fotografia', 'Sighseeing', 'Torre Lamberti', 'Museo Conte', 'Museo Radio']",San Zeno,strategy_nearest,False,0.0034737586975097656,success
04BD16BA7B3F80,1,"['Torre Lamberti', 'Palazzo della Ragione', 'Arena', 'Museo Lapidario']",Castelvecchio,"['Verona Tour', 'Museo Radio', 'San Zeno', 'Sighseeing', 'Museo Miniscalchi']",Duomo,strategy_nearest,False,0.0022580623626708984,success
04BD1B3A9C4C80,0,['Arena'],Teatro Romano,"['Santa Anastasia', 'Duomo', 'AMO', 'Palazzo della Ragione', 'Museo Conte']",Casa Giulietta,strategy_nearest,False,0.003328084945678711,success
04BD1F3A9C4C80,0,['Arena'],Torre Lamberti,"['Sighseeing', 'Centro Fotografia', 'Museo Conte', 'Casa Giulietta', 'Palazzo della Ragione']",Teatro Romano,strategy_nearest,False,0.002138853073120117,success
04BD1B3A9C4C84,3,"['Duomo', 'Torre Lamberti']",Casa Giulietta,"['Centro Fotografia', 'Sighseeing', 'Museo Conte', 'Museo Radio', 'Palazzo della Ragione']",San Fermo,strategy_nearest,False,0.0014181137084960938,success
04BD1CBA7B3F80,3,"['Arena', 'San Zeno']",Duomo,"['AMO', 'Museo Miniscalchi', 'Santa Anastasia', 'Teatro Romano', 'Palazzo della Ragione']",Castelvecchio,strategy_nearest,False,0.002832174301147461,success
04BD1F3A9C4C84,2,['Santa Anastasia'],Duomo,"['AMO', 'Museo Miniscalchi', 'Teatro Romano', 'Palazzo della Ragione', 'Museo Conte']",Museo Lapidario,strategy_nearest,False,0.0033049583435058594,success
04BD21BA7B3F84,1,"['San Zeno', 'Arena', 'Casa Giulietta', 'Palazzo della Ragione']",Tomba Giulietta,"['San Fermo', 'Museo Storia', 'Museo Lapidario', 'Museo Radio', 'Verona Tour']",Castelvecchio,strategy_nearest,False,0.002809286117553711,success
04BD223A9C4C84,1,['Tomba Giulietta'],Arena,"['Verona Tour', 'Museo Lapidario', 'Museo Radio', 'San Fermo', 'Casa Giulietta']",Torre Lamberti,strategy_nearest,False,0.0027337074279785156,success
04BD233A9C4C84,3,"['Duomo', 'Santa Anastasia']",Casa Giulietta,"['Centro Fotografia', 'Sighseeing', 'Torre Lamberti', 'Museo Conte', 'Museo Radio']",Arena,strategy_nearest,False,0.0032808780670166016,success
04BD1F4A9C4C80,1,"['Arena', 'Torre Lamberti', 'Palazzo della Ragione', 'San Fermo']",Casa Giulietta,"['Centro Fotografia', 'Sighseeing', 'Museo Conte', 'Museo Radio', 'AMO']",Santa Anastasia,strategy_nearest,False,0.0022268295288085938,success
04BD243A9C4C84,0,['Arena'],Torre Lamberti,"['Sighseeing', 'Centro Fotografia', 'Museo Conte', 'Casa Giulietta', 'Palazzo della Ragione']",Casa Giulietta,strategy_nearest,True,0.0017087459564208984,success
04BD2ABA7B3F80,3,"['Arena', 'San Fermo', 'Museo Storia']",Casa Giulietta,"['Centro Fotografia', 'Sighseeing', 'Torre Lamberti', 'Museo Conte', 'Museo Radio']",Torre Lamberti,strategy_nearest,True,0.0021910667419433594,success
04BD253A9C4C80,3,"['Teatro Romano', 'Arena', 'San Fermo']",Torre Lamberti,"['Sighseeing', 'Centro Fotografia', 'Museo Conte', 'Casa Giulietta', 'Palazzo della Ragione']",Giardino Giusti,strategy_nearest,False,0.002875089645385742,success
04BD34429C4C80,0,['Duomo'],Torre Lamberti,"['Sighseeing', 'Centro Fotografia', 'Museo Conte', 'Casa Giulietta', 'Palazzo della Ragione']",Arena,strategy_nearest,False,0.0037407875061035156,success
04BD42BA7B3F80,3,"['Castelvecchio', 'Arena', 'Casa Giulietta']",San Fermo,"['Museo Storia', 'Museo Radio', 'Centro Fotografia', 'Sighseeing', 'Torre Lamberti']",Santa Anastasia,strategy_nearest,False,0.0029211044311523438,success
04BD433A9C4C80,0,['Arena'],Duomo,"['AMO', 'Museo Miniscalchi', 'Santa Anastasia', 'Teatro Romano', 'Palazzo della Ragione']",Castelvecchio,strategy_nearest,False,0.0021789073944091797,success
04BD3D3A9C4C80,2,['Torre Lamberti'],Palazzo della Ragione,"['AMO', 'Museo Conte', 'Centro Fotografia', 'Sighseeing', 'Santa Anastasia']",Santa Anastasia,strategy_nearest,True,0.0017287731170654297,success
04BD473A9C4C80,0,"['Castelvecchio', 'San Zeno']",Arena,"['Verona Tour', 'Museo Lapidario', 'Museo Radio', 'San Fermo', 'Casa Giulietta']",Torre Lamberti,strategy_nearest,False,0.0033349990844726562,success
04BD4EBA7B3F80,3,"['Arena', 'San Zeno']",Duomo,"['AMO', 'Museo Miniscalchi', 'Santa Anastasia', 'Teatro Romano', 'Palazzo della Ragione']",Castelvecchio,strategy_nearest,False,0.002180814743041992,success
04BD4C429C4C80,0,"['Museo Lapidario', 'Castelvecchio']",Arena,"['Verona Tour', 'Museo Radio', 'San Fermo', 'Casa Giulietta', 'Sighseeing']",Torre Lamberti,strategy_nearest,False,0.0028619766235351562,success
04BD4E429C4C80,3,"['Castelvecchio', 'San Zeno']",Duomo,"['AMO', 'Museo Miniscalchi', 'Santa Anastasia', 'Teatro Romano', 'Palazzo della Ragione']",Teatro Romano,strategy_nearest,True,0.0016109943389892578,success
04BD55429C4C80,1,"['Arena', 'Casa Giulietta', 'Torre Lamberti']",Palazzo della Ragione,"['AMO', 'Museo Conte', 'Centro Fotografia', 'Sighseeing', 'Santa Anastasia']",Santa Anastasia,strategy_nearest,True,0.0035948753356933594,success
04BD65BA7B3F80,3,"['Casa Giulietta', 'Santa Anastasia']",Duomo,"['AMO', 'Museo Miniscalchi', 'Teatro Romano', 'Palazzo della Ragione', 'Museo Conte']",Arena,strategy_nearest,False,0.0026702880859375,success
04BD57BA7B3F80,1,"['Arena', 'Casa Giulietta', 'Torre Lamberti']",Palazzo della Ragione,"['AMO', 'Museo Conte', 'Centro Fotografia', 'Sighseeing', 'Santa Anastasia']",Teatro Romano,strategy_nearest,False,0.002001047134399414,success
04BD68429C4C80,3,['Torre Lamberti'],Santa Anastasia,"['AMO', 'Museo Conte', 'Palazzo della Ragione', 'Teatro Romano', 'Centro Fotografia']",Casa Giulietta,strategy_nearest,False,0.002845287322998047,success
04BD6B429C4C80,3,['Arena'],Torre Lamberti,"['Sighseeing', 'Centro Fotografia', 'Museo Conte', 'Casa Giulietta', 'Palazzo della Ragione']",Santa Anastasia,strategy_nearest,False,0.003068208694458008,success
04BD6F429C4C80,0,['Arena'],Casa Giulietta,"['Centro Fotografia', 'Sighseeing', 'Torre Lamberti', 'Museo Conte', 'Museo Radio']",Santa Anastasia,strategy_nearest,False,0.004166841506958008,success
04BD7B3A9C4C80,0,['Arena'],Castelvecchio,"['Museo Lapidario', 'Verona Tour', 'Museo Radio', 'San Zeno', 'Sighseeing']",Casa Giulietta,strategy_nearest,False,0.004950046539306641,success
04BD81429C4C80,3,"['Torre Lamberti', 'Santa Anastasia']",Duomo,"['AMO', 'Museo Miniscalchi', 'Teatro Romano', 'Palazzo della Ragione', 'Museo Conte']",Teatro Romano,strategy_nearest,True,0.002132892608642578,success
04BD823A9C4C80,1,"['Arena', 'Casa Giulietta', 'Torre Lamberti']",Palazzo della Ragione,"['AMO', 'Museo Conte', 'Centro Fotografia', 'Sighseeing', 'Santa Anastasia']",Santa Anastasia,strategy_nearest,True,0.0030279159545898438,success
04BD94BA7B3F80,3,"['Arena', 'San Zeno']",Duomo,"['AMO', 'Museo Miniscalchi', 'Santa Anastasia', 'Teatro Romano', 'Palazzo della Ragione']",Castelvecchio,strategy_nearest,False,0.0024569034576416016,success
04BD863A9C4C80,0,['Arena'],Casa Giulietta,"['Centro Fotografia', 'Sighseeing', 'Torre Lamberti', 'Museo Conte', 'Museo Radio']",Tomba Giulietta,strategy_nearest,False,0.0015552043914794922,success
04BDA93A9C4C80,2,['Casa Giulietta'],Santa Anastasia,"['AMO', 'Museo Conte', 'Palazzo della Ragione', 'Teatro Romano', 'Centro Fotografia']",Teatro Romano,strategy_nearest,True,0.0031290054321289062,success
04BDAB429C4C80,0,['Casa Giulietta'],Arena,"['Verona Tour', 'Museo Lapidario', 'Museo Radio', 'San Fermo', 'Sighseeing']",Tomba Giulietta,strategy_nearest,False,0.0034449100494384766,success
04BDACBA7B3F80,3,"['Arena', 'Castelvecchio', 'San Zeno']",Tomba Giulietta,"['San Fermo', 'Museo Storia', 'Museo Lapidario', 'Museo Radio', 'Verona Tour']",San Fermo,strategy_nearest,True,0.0028171539306640625,success
04BDBF429C4C80,0,['Arena'],Castelvecchio,"['Museo Lapidario', 'Verona Tour', 'Museo Radio', 'San Zeno', 'Sighseeing']",Tomba Giulietta,strategy_nearest,False,0.0032279491424560547,success
04BDB33A9C4C80,2,['Casa Giulietta'],Torre Lamberti,"['Sighseeing', 'Centro Fotografia', 'Museo Conte', 'Palazzo della Ragione', 'AMO']",Palazzo della Ragione,strategy_nearest,True,0.002154111862182617,success
04BDB2BA7B3F80,1,"['Torre Lamberti', 'Palazzo della Ragione', 'Arena', 'Museo Lapidario']",Castelvecchio,"['Verona Tour', 'Museo Radio', 'San Zeno', 'Sighseeing', 'Museo Miniscalchi']",Duomo,strategy_nearest,False,0.003503084182739258,success
04BDC2429C4C80,0,['Arena'],Casa Giulietta,"['Centro Fotografia', 'Sighseeing', 'Torre Lamberti', 'Museo Conte', 'Museo Radio']",Duomo,strategy_nearest,False,0.002279043197631836,success
04BDCB429C4C80,3,"['Torre Lamberti', 'Santa Anastasia', 'Duomo']",Arena,"['Verona Tour', 'Museo Lapidario', 'Museo Radio', 'San Fermo', 'Casa Giulietta']",Castelvecchio,strategy_nearest,False,0.0030989646911621094,success
04BDCF3A9C4C80,3,"['Arena', 'Castelvecchio']",Casa Giulietta,"['Centro Fotografia', 'Sighseeing', 'Torre Lamberti', 'Museo Conte', 'Museo Radio']",Santa Anastasia,strategy_nearest,False,0.0019199848175048828,success
04BDD7BA7B3F80,1,"['Castelvecchio', 'Torre Lamberti', 'Palazzo della Ragione', 'Casa Giulietta']",San Fermo,"['Museo Storia', 'Museo Radio', 'Centro Fotografia', 'Arena', 'Sighseeing']",San Zeno,strategy_nearest,False,0.002597808837890625,success
04BDE23A9C4C80,2,['Torre Lamberti'],Santa Anastasia,"['AMO', 'Museo Conte', 'Palazzo della Ragione', 'Teatro Romano', 'Centro Fotografia']",Teatro Romano,strategy_nearest,True,0.0032761096954345703,success
04BDE33A9C4C80,0,['Tomba Giulietta'],Arena,"['Verona Tour', 'Museo Lapidario', 'Museo Radio', 'San Fermo', 'Casa Giulietta']",Casa Giulietta,strategy_nearest,True,0.002226114273071289,success
04BDFC3A9C4C80,2,"['Teatro Romano', 'Duomo', 'Santa Anastasia']",San Fermo,"['Museo Storia', 'Museo Radio', 'Casa Giulietta', 'Centro Fotografia', 'Arena']",Tomba Giulietta,strategy_nearest,False,0.0026428699493408203,success
04BE00BA7B3F84,3,"['Arena', 'San Zeno', 'Castelvecchio']",Teatro Romano,"['Santa Anastasia', 'Duomo', 'AMO', 'Palazzo della Ragione', 'Museo Conte']",Duomo,strategy_nearest,True,0.002807140350341797,success
04BDE8BA7B3F80,6,"['Castelvecchio', 'Arena']",Casa Giulietta,"['Centro Fotografia', 'Sighseeing', 'Torre Lamberti', 'Museo Conte', 'Museo Radio']",Torre Lamberti,strategy_nearest,True,0.003671884536743164,success
04BE09429C4C80,3,"['Arena', 'Torre Lamberti']",Casa Giulietta,"['Centro Fotografia', 'Sighseeing', 'Museo Conte', 'Museo Radio', 'Palazzo della Ragione']",Arena,strategy_nearest,False,0.0033028125762939453,success
04BE103A9C4C80,1,"['Arena', 'Santa Anastasia']",Torre Lamberti,"['Sighseeing', 'Centro Fotografia', 'Museo Conte', 'Casa Giulietta', 'Palazzo della Ragione']",Palazzo della Ragione,strategy_nearest,True,0.0024487972259521484,success
04BE0B429C4C80,1,"['Arena', 'Casa Giulietta']",Castelvecchio,"['Museo Lapidario', 'Verona Tour', 'Museo Radio', 'San Zeno', 'Sighseeing']",Torre Lamberti,strategy_nearest,False,0.003507852554321289,success
04BE0F3A9C4C80,3,"['Arena', 'Casa Giulietta']",Santa Anastasia,"['AMO', 'Museo Conte', 'Palazzo della Ragione', 'Teatro Romano', 'Centro Fotografia']",Duomo,strategy_nearest,False,0.0021224021911621094,success
04BE11429C4C80,0,"['Arena', 'Castelvecchio']",Casa Giulietta,"['Centro Fotografia', 'Sighseeing', 'Torre Lamberti', 'Museo Conte', 'Museo Radio']",Giardino Giusti,strategy_nearest,False,0.001909017562866211,success
04BE113A9C4C80,3,['Arena'],Casa Giulietta,"['Centro Fotografia', 'Sighseeing', 'Torre Lamberti', 'Museo Conte', 'Museo Radio']",Torre Lamberti,strategy_nearest,True,0.0026030540466308594,success
04BE16429C4C80,1,['Arena'],Torre Lamberti,"['Sighseeing', 'Centro Fotografia', 'Museo Conte', 'Casa Giulietta', 'Palazzo della Ragione']",Palazzo della Ragione,strategy_nearest,True,0.002605915069580078,success
04BE1A3A9C4C80,1,"['Arena', 'Torre Lamberti']",Palazzo della Ragione,"['AMO', 'Museo Conte', 'Centro Fotografia', 'Sighseeing', 'Santa Anastasia']",Santa Anastasia,strategy_nearest,True,0.002468109130859375,success
04BE13BA7B3F80,1,"['San Zeno', 'Arena', 'Torre Lamberti', 'Duomo']",Giardino Giusti,"['Santa Anastasia', 'Teatro Romano', 'Museo Conte', 'Centro Fotografia', 'Museo Storia']",Castelvecchio,strategy_nearest,False,0.00356292724609375,success
04BE1A3A9C4C84,3,['Teatro Romano'],Giardino Giusti,"['Santa Anastasia', 'Museo Conte', 'Centro Fotografia', 'Museo Storia', 'AMO']",Santa Anastasia,strategy_nearest,True,0.0032579898834228516,success
04BE1BBA7B3F80,0,"['Arena', 'San Zeno']",Castelvecchio,"['Museo Lapidario', 'Verona Tour', 'Museo Radio', 'Sighseeing', 'Museo Miniscalchi']",Giardino Giusti,strategy_nearest,False,0.003290891647338867,success
04BE1D429C4C80,0,['Arena'],Casa Giulietta,"['Centro Fotografia', 'Sighseeing', 'Torre Lamberti', 'Museo Conte', 'Museo Radio']",Santa Anastasia,strategy_nearest,False,0.002530813217163086,success
04BE20BA7B3F80,0,['Castelvecchio'],Casa Giulietta,"['Centro Fotografia', 'Sighseeing', 'Torre Lamberti', 'Museo Conte', 'Museo Radio']",Arena,strategy_nearest,False,0.0029990673065185547,success
04BE1F4A9C4C80,3,"['San Zeno', 'Arena']",Torre Lamberti,"['Sighseeing', 'Centro Fotografia', 'Museo Conte', 'Casa Giulietta', 'Palazzo della Ragione']",Casa Giulietta,strategy_nearest,True,0.003670930862426758,success
04BE21429C4C84,0,"['Arena', 'San Fermo']",Casa Giulietta,"['Centro Fotografia', 'Sighseeing', 'Torre Lamberti', 'Museo Conte', 'Museo Radio']",Torre Lamberti,strategy_nearest,True,0.0028548240661621094,success
04BE23429C4C84,0,['Castelvecchio'],Arena,"['Verona Tour', 'Museo Lapidario', 'Museo Radio', 'San Fermo', 'Casa Giulietta']",Casa Giulietta,strategy_nearest,True,0.004927873611450195,success
04BE263A9C4C80,3,"['Castelvecchio', 'Arena', 'Torre Lamberti', 'Casa Giulietta']",San Fermo,"['Museo Storia', 'Museo Radio', 'Centro Fotografia', 'Sighseeing', 'Museo Conte']",Tomba Giulietta,strategy_nearest,False,0.0021250247955322266,success
04BE254A9C4C80,1,"['Castelvecchio', 'Arena', 'Tomba Giulietta', 'San Fermo', 'Casa Giulietta']",San Zeno,"['Verona Tour', 'Museo Lapidario', 'Museo Miniscalchi', 'Sighseeing', 'Museo Radio']",Museo Lapidario,strategy_nearest,True,0.0015439987182617188,success
04BE264A9C4C80,0,['Castelvecchio'],Arena,"['Verona Tour', 'Museo Lapidario', 'Museo Radio', 'San Fermo', 'Casa Giulietta']",Teatro Romano,strategy_nearest,False,0.0034990310668945312,success
04BE273A9C4C80,0,['Castelvecchio'],Arena,"['Verona Tour', 'Museo Lapidario', 'Museo Radio', 'San Fermo', 'Casa Giulietta']",Casa Giulietta,strategy_nearest,True,0.002657175064086914,success
04BE273A9C4C84,0,['Arena'],Torre Lamberti,"['Sighseeing', 'Centro Fotografia', 'Museo Conte', 'Casa Giulietta', 'Palazzo della Ragione']",Teatro Romano,strategy_nearest,False,0.0013859272003173828,success
04BE283A9C4C80,3,"['Arena', 'San Fermo']",Santa Anastasia,"['AMO', 'Museo Conte', 'Palazzo della Ragione', 'Teatro Romano', 'Centro Fotografia']",Duomo,strategy_nearest,False,0.003425121307373047,success
04BE27BA7B3F80,1,"['San Zeno', 'Castelvecchio', 'Arena', 'Casa Giulietta']",San Fermo,"['Museo Storia', 'Museo Radio', 'Centro Fotografia', 'Sighseeing', 'Torre Lamberti']",Teatro Romano,strategy_nearest,False,0.002935171127319336,success
04BE29BA7B3F84,3,"['Castelvecchio', 'San Zeno']",Tomba Giulietta,"['San Fermo', 'Museo Storia', 'Arena', 'Museo Lapidario', 'Museo Radio']",Arena,strategy_nearest,True,0.0024499893188476562,success
04BE2ABA7B3F84,6,"['Castelvecchio', 'Arena']",Casa Giulietta,"['Centro Fotografia', 'Sighseeing', 'Torre Lamberti', 'Museo Conte', 'Museo Radio']",Torre Lamberti,strategy_nearest,True,0.002532958984375,success
04BE32429C4C80,2,"['Castelvecchio', 'Casa Giulietta']",Giardino Giusti,"['Santa Anastasia', 'Teatro Romano', 'Museo Conte', 'Centro Fotografia', 'Museo Storia']",Teatro Romano,strategy_nearest,True,0.001986980438232422,success
04BE2EBA7B3F80,1,"['Arena', 'Giardino Giusti', 'Teatro Romano', 'Castelvecchio', 'Torre Lamberti']",Palazzo della Ragione,"['AMO', 'Museo Conte', 'Centro Fotografia', 'Sighseeing', 'Santa Anastasia']",Casa Giulietta,strategy_nearest,False,0.0034759044647216797,success
04BE45BA7B3F80,1,"['Castelvecchio', 'Arena', 'Casa Giulietta', 'San Fermo']",Santa Anastasia,"['AMO', 'Museo Conte', 'Palazzo della Ragione', 'Teatro Romano', 'Centro Fotografia']",Duomo,strategy_nearest,False,0.002084970474243164,success
04BE43429C4C80,3,['Arena'],Casa Giulietta,"['Centro Fotografia', 'Sighseeing', 'Torre Lamberti', 'Museo Conte', 'Museo Radio']",Santa Anastasia,strategy_nearest,False,0.004295825958251953,success
04BE3ABA7B3F80,3,"['Arena', 'Castelvecchio', 'Torre Lamberti']",Santa Anastasia,"['AMO', 'Museo Conte', 'Palazzo della Ragione', 'Teatro Romano', 'Centro Fotografia']",San Fermo,strategy_nearest,False,0.003345966339111328,success
04BE5D429C4C80,0,['Casa Giulietta'],Arena,"['Verona Tour', 'Museo Lapidario', 'Museo Radio', 'San Fermo', 'Sighseeing']",Castelvecchio,strategy_nearest,False,0.002063751220703125,success
04BE68429C4C80,0,['Arena'],Teatro Romano,"['Santa Anastasia', 'Duomo', 'AMO', 'Palazzo della Ragione', 'Museo Conte']",Casa Giulietta,strategy_nearest,False,0.002864837646484375,success
04BE473A9C4C80,0,"['Torre Lamberti', 'Casa Giulietta']",Giardino Giusti,"['Santa Anastasia', 'Teatro Romano', 'Museo Conte', 'Centro Fotografia', 'Museo Storia']",Teatro Romano,strategy_nearest,True,0.002424955368041992,success
04BE69BA7B3F80,3,"['Arena', 'Torre Lamberti', 'Santa Anastasia']",Casa Giulietta,"['Centro Fotografia', 'Sighseeing', 'Museo Conte', 'Museo Radio', 'Palazzo della Ragione']",San Fermo,strategy_nearest,False,0.0018610954284667969,success
04BE4F429C4C80,2,"['Torre Lamberti', 'Santa Anastasia']",Teatro Romano,"['Duomo', 'AMO', 'Palazzo della Ragione', 'Museo Conte', 'Centro Fotografia']",Duomo,strategy_nearest,True,0.0039288997650146484,success
04BE6FBA7B3F80,1,"['Castelvecchio', 'Torre Lamberti', 'Casa Giulietta']",Arena,"['Verona Tour', 'Museo Lapidario', 'Museo Radio', 'San Fermo', 'Sighseeing']",Museo Lapidario,strategy_nearest,True,0.0027420520782470703,success
04BE74BA7B3F80,1,"['Arena', 'Castelvecchio', 'Torre Lamberti', 'Palazzo della Ragione', 'Casa Giulietta']",San Fermo,"['Museo Storia', 'Museo Radio', 'Centro Fotografia', 'Sighseeing', 'Museo Conte']",Santa Anastasia,strategy_nearest,False,0.002483844757080078,success
04BE7C429C4C80,0,"['Arena', 'Museo Lapidario']",Casa Giulietta,"['Centro Fotografia', 'Sighseeing', 'Torre Lamberti', 'Museo Conte', 'Museo Radio']",Torre Lamberti,strategy_nearest,True,0.0020818710327148438,success
04BE75429C4C80,3,"['Arena', 'Casa Giulietta']",Santa Anastasia,"['AMO', 'Museo Conte', 'Palazzo della Ragione', 'Teatro Romano', 'Centro Fotografia']",Torre Lamberti,strategy_nearest,False,0.004231929779052734,success
04BE7E429C4C80,0,['Castelvecchio'],Arena,"['Verona Tour', 'Museo Lapidario', 'Museo Radio', 'San Fermo', 'Casa Giulietta']",Casa Giulietta,strategy_nearest,True,0.003008127212524414,success
04BE7B3A9C4C80,1,"['Arena', 'Casa Giulietta']",Torre Lamberti,"['Sighseeing', 'Centro Fotografia', 'Museo Conte', 'Palazzo della Ragione', 'AMO']",Palazzo della Ragione,strategy_nearest,True,0.0021278858184814453,success
04BE833A9C4C80,0,"['Casa Giulietta', 'Santa Anastasia']",Arena,"['Verona Tour', 'Museo Lapidario', 'Museo Radio', 'San Fermo', 'Sighseeing']",Tomba Giulietta,strategy_nearest,False,0.0019550323486328125,success
04BE894A9C4C80,3,"['Castelvecchio', 'Arena', 'Santa Anastasia']",Duomo,"['AMO', 'Museo Miniscalchi', 'Teatro Romano', 'Palazzo della Ragione', 'Museo Conte']",Teatro Romano,strategy_nearest,True,0.002699136734008789,success
04BE8CBA7B3F80,0,['Casa Giulietta'],Arena,"['Verona Tour', 'Museo Lapidario', 'Museo Radio', 'San Fermo', 'Sighseeing']",San Zeno,strategy_nearest,False,0.002727031707763672,success
04BE8E3A9C4C80,0,"['Casa Giulietta', 'Arena']",Museo Storia,"['San Fermo', 'Museo Radio', 'Centro Fotografia', 'Tomba Giulietta', 'Torre Lamberti']",Tomba Giulietta,strategy_nearest,True,0.0035200119018554688,success
04BE93BA7B3F80,1,"['Arena', 'Casa Giulietta', 'Palazzo della Ragione', 'Castelvecchio']",Torre Lamberti,"['Sighseeing', 'Centro Fotografia', 'Museo Conte', 'AMO', 'Museo Miniscalchi']",Santa Anastasia,strategy_nearest,False,0.002257108688354492,success
04BE9FBA7B3F80,1,"['Arena', 'Casa Giulietta', 'Museo Lapidario', 'Palazzo della Ragione']",Torre Lamberti,"['Sighseeing', 'Centro Fotografia', 'Museo Conte', 'AMO', 'Museo Miniscalchi']",Santa Anastasia,strategy_nearest,False,0.003340005874633789,success
04BE99BA7B3F80,1,"['Castelvecchio', 'Santa Anastasia', 'Duomo']",Teatro Romano,"['AMO', 'Palazzo della Ragione', 'Museo Conte', 'Centro Fotografia', 'Museo Miniscalchi']",Torre Lamberti,strategy_nearest,False,0.0028297901153564453,success
04BEAABA7B3F80,3,"['San Zeno', 'Arena', 'San Fermo', 'Castelvecchio', 'Casa Giulietta']",Duomo,"['AMO', 'Museo Miniscalchi', 'Santa Anastasia', 'Teatro Romano', 'Palazzo della Ragione']",Santa Anastasia,strategy_nearest,True,0.003075838088989258,success
04BEA64A9C4C80,0,['Arena'],Casa Giulietta,"['Centro Fotografia', 'Sighseeing', 'Torre Lamberti', 'Museo Conte', 'Museo Radio']",Torre Lamberti,strategy_nearest,True,0.002833843231201172,success
04BEAF3A9C4C80,3,"['Arena', 'Torre Lamberti']",Santa Anastasia,"['AMO', 'Museo Conte', 'Palazzo della Ragione', 'Teatro Romano', 'Centro Fotografia']",Duomo,strategy_nearest,False,0.002801179885864258,success
04BEAF429C4C80,2,['Casa Giulietta'],Santa Anastasia,"['AMO', 'Museo Conte', 'Palazzo della Ragione', 'Teatro Romano', 'Centro Fotografia']",Duomo,strategy_nearest,False,0.0033500194549560547,success
04BEB03A9C4C80,3,['Arena'],Casa Giulietta,"['Centro Fotografia', 'Sighseeing', 'Torre Lamberti', 'Museo Conte', 'Museo Radio']",Santa Anastasia,strategy_nearest,False,0.002766132354736328,success
04BEB0BA7B3F80,0,"['Arena', 'Casa Giulietta']",Torre Lamberti,"['Sighseeing', 'Centro Fotografia', 'Museo Conte', 'Palazzo della Ragione', 'AMO']",Giardino Giusti,strategy_nearest,False,0.0032482147216796875,success
04BEB1BA7B3F80,1,"['Castelvecchio', 'Santa Anastasia', 'Duomo']",Teatro Romano,"['AMO', 'Palazzo della Ragione', 'Museo Conte', 'Centro Fotografia', 'Museo Miniscalchi']",Torre Lamberti,strategy_nearest,False,0.0038449764251708984,success
04BEB7C27B3F80,2,"['Tomba Giulietta', 'Teatro Romano']",Duomo,"['AMO', 'Museo Miniscalchi', 'Santa Anastasia', 'Palazzo della Ragione', 'Museo Conte']",Casa Giulietta,strategy_nearest,False,0.0026149749755859375,success
04BEBA429C4C80,2,"['Castelvecchio', 'San Zeno']",Teatro Romano,"['Santa Anastasia', 'Duomo', 'AMO', 'Palazzo della Ragione', 'Museo Conte']",Santa Anastasia,strategy_nearest,True,0.003139019012451172,success
04BECD429C4C80,3,"['Teatro Romano', 'Giardino Giusti', 'San Fermo']",Arena,"['Verona Tour', 'Museo Lapidario', 'Museo Radio', 'Casa Giulietta', 'Sighseeing']",Castelvecchio,strategy_nearest,False,0.003615856170654297,success
04BED0BA7B3F80,3,"['Castelvecchio', 'San Zeno', 'Arena']",Museo Lapidario,"['Verona Tour', 'Museo Radio', 'San Fermo', 'Casa Giulietta', 'Tomba Giulietta']",Tomba Giulietta,strategy_nearest,True,0.0017840862274169922,success
04BED0429C4C80,1,"['Torre Lamberti', 'Palazzo della Ragione']",Arena,"['Verona Tour', 'Museo Lapidario', 'Museo Radio', 'San Fermo', 'Casa Giulietta']",Castelvecchio,strategy_nearest,False,0.003506898880004883,success
04BEDC3A9C4C80,3,"['Arena', 'Casa Giulietta']",Torre Lamberti,"['Sighseeing', 'Centro Fotografia', 'Museo Conte', 'Palazzo della Ragione', 'AMO']",Santa Anastasia,strategy_nearest,False,0.0030672550201416016,success
04BEDBBA7B3F80,3,"['Arena', 'Castelvecchio']",Santa Anastasia,"['AMO', 'Museo Conte', 'Palazzo della Ragione', 'Teatro Romano', 'Centro Fotografia']",Duomo,strategy_nearest,False,0.0025720596313476562,success
04BEDD3A9C4C80,2,"['Casa Giulietta', 'Torre Lamberti']",Palazzo della Ragione,"['AMO', 'Museo Conte', 'Centro Fotografia', 'Sighseeing', 'Santa Anastasia']",Tomba Giulietta,strategy_nearest,False,0.0024042129516601562,success
04BEDE3A9C4C80,0,['Castelvecchio'],Arena,"['Verona Tour', 'Museo Lapidario', 'Museo Radio', 'San Fermo', 'Casa Giulietta']",Casa Giulietta,strategy_nearest,True,0.0024580955505371094,success
04BEE43A9C4C80,3,"['San Fermo', 'Torre Lamberti', 'Santa Anastasia']",Duomo,"['AMO', 'Museo Miniscalchi', 'Teatro Romano', 'Palazzo della Ragione', 'Museo Conte']",Teatro Romano,strategy_nearest,True,0.0029010772705078125,success
04BEE03A9C4C80,3,"['Santa Anastasia', 'Casa Giulietta']",Duomo,"['AMO', 'Museo Miniscalchi', 'Teatro Romano', 'Palazzo della Ragione', 'Museo Conte']",Castelvecchio,strategy_nearest,False,0.0028710365295410156,success
04BEE83A9C4C80,0,['Duomo'],Teatro Romano,"['Santa Anastasia', 'AMO', 'Palazzo della Ragione', 'Museo Conte', 'Centro Fotografia']",Castelvecchio,strategy_nearest,False,0.003281116485595703,success
04BEEEBA7B3F80,1,"['Castelvecchio', 'Arena', 'Casa Giulietta']",Palazzo della Ragione,"['AMO', 'Museo Conte', 'Torre Lamberti', 'Centro Fotografia', 'Sighseeing']",Torre Lamberti,strategy_nearest,True,0.0022029876708984375,success
04BEFE429C4C80,3,"['Teatro Romano', 'Casa Giulietta', 'Arena']",San Zeno,"['Castelvecchio', 'Verona Tour', 'Museo Lapidario', 'Museo Miniscalchi', 'Sighseeing']",Santa Anastasia,strategy_nearest,False,0.003084897994995117,success
04BEEDBA7B3F80,2,"['Castelvecchio', 'Tomba Giulietta']",San Fermo,"['Museo Storia', 'Museo Radio', 'Casa Giulietta', 'Centro Fotografia', 'Arena']",Casa Giulietta,strategy_nearest,True,0.003716707229614258,success
04BEFFBA7B3F80,3,"['Arena', 'Castelvecchio', 'San Zeno']",Tomba Giulietta,"['San Fermo', 'Museo Storia', 'Museo Lapidario', 'Museo Radio', 'Verona Tour']",San Fermo,strategy_nearest,True,0.003237009048461914,success
04BF0A429C4C84,0,"['Arena', 'Castelvecchio']",Torre Lamberti,"['Sighseeing', 'Centro Fotografia', 'Museo Conte', 'Casa Giulietta', 'Palazzo della Ragione']",Teatro Romano,strategy_nearest,False,0.003016233444213867,success
04BF0C429C4C80,1,['Arena'],Castelvecchio,"['Museo Lapidario', 'Verona Tour', 'Museo Radio', 'San Zeno', 'Sighseeing']",Casa Giulietta,strategy_nearest,False,0.0034699440002441406,success
04BF09429C4C84,3,"['Arena', 'Museo Lapidario', 'Casa Giulietta', 'Torre Lamberti']",Santa Anastasia,"['AMO', 'Museo Conte', 'Palazzo della Ragione', 'Teatro Romano', 'Centro Fotografia']",Duomo,strategy_nearest,False,0.0016391277313232422,success
04BF0A429C4C80,1,['Arena'],Castelvecchio,"['Museo Lapidario', 'Verona Tour', 'Museo Radio', 'San Zeno', 'Sighseeing']",Casa Giulietta,strategy_nearest,False,0.002530813217163086,success
04BF0CBA7B3F84,0,['Castelvecchio'],Arena,"['Verona Tour', 'Museo Lapidario', 'Museo Radio', 'San Fermo', 'Casa Giulietta']",Casa Giulietta,strategy_nearest,True,0.0014801025390625,success
04BF0D429C4C80,3,"['Arena', 'Arena']",Casa Giulietta,"['Centro Fotografia', 'Sighseeing', 'Torre Lamberti', 'Museo Conte', 'Museo Radio']",Santa Anastasia,strategy_nearest,False,0.0024077892303466797,success
04BF0D429C4C84,3,"['Arena', 'Castelvecchio', 'Duomo']",Santa Anastasia,"['AMO', 'Museo Conte', 'Palazzo della Ragione', 'Teatro Romano', 'Centro Fotografia']",Tomba Giulietta,strategy_nearest,False,0.0032150745391845703,success
04BF0DBA7B3F84,0,['Castelvecchio'],Casa Giulietta,"['Centro Fotografia', 'Sighseeing', 'Torre Lamberti', 'Museo Conte', 'Museo Radio']",Arena,strategy_nearest,False,0.003264188766479492,success
04BF173A9C4C80,0,['Arena'],Casa Giulietta,"['Centro Fotografia', 'Sighseeing', 'Torre Lamberti', 'Museo Conte', 'Museo Radio']",Torre Lamberti,strategy_nearest,True,0.002285003662109375,success
04BF0F3A9C4C84,3,['San Zeno'],Arena,"['Verona Tour', 'Museo Lapidario', 'Museo Radio', 'San Fermo', 'Casa Giulietta']",Torre Lamberti,strategy_nearest,False,0.003010272979736328,success
04BF14BA7B3F80,3,"['San Zeno', 'Castelvecchio', 'Teatro Romano', 'Casa Giulietta']",Torre Lamberti,"['Sighseeing', 'Centro Fotografia', 'Museo Conte', 'Palazzo della Ragione', 'AMO']",Arena,strategy_nearest,False,0.0029697418212890625,success
04BF19BA7B3F84,3,"['Arena', 'San Zeno', 'Castelvecchio']",Teatro Romano,"['Santa Anastasia', 'Duomo', 'AMO', 'Palazzo della Ragione', 'Museo Conte']",Duomo,strategy_nearest,True,0.003427743911743164,success
04BF22BA7B3F80,1,"['Arena', 'Casa Giulietta', 'Torre Lamberti']",Palazzo della Ragione,"['AMO', 'Museo Conte', 'Centro Fotografia', 'Sighseeing', 'Santa Anastasia']",Santa Anastasia,strategy_nearest,True,0.0028612613677978516,success
04BF29BA7B3F80,3,"['Torre Lamberti', 'Casa Giulietta', 'Santa Anastasia', 'Teatro Romano', 'Arena']",Museo Lapidario,"['Verona Tour', 'Castelvecchio', 'Museo Radio', 'San Fermo', 'Tomba Giulietta']",Castelvecchio,strategy_nearest,True,0.002223968505859375,success
04BF1B3A9C4C84,3,"['Arena', 'Torre Lamberti']",Santa Anastasia,"['AMO', 'Museo Conte', 'Palazzo della Ragione', 'Teatro Romano', 'Centro Fotografia']",Duomo,strategy_nearest,False,0.001695871353149414,success
04BF3B3A9C4C80,0,['Arena'],Casa Giulietta,"['Centro Fotografia', 'Sighseeing', 'Torre Lamberti', 'Museo Conte', 'Museo Radio']",Castelvecchio,strategy_nearest,False,0.0035250186920166016,success
04BF2EBA7B3F80,1,"['Arena', 'Museo Lapidario', 'Castelvecchio', 'Casa Giulietta']",Santa Anastasia,"['AMO', 'Museo Conte', 'Palazzo della Ragione', 'Teatro Romano', 'Centro Fotografia']",Torre Lamberti,strategy_nearest,False,0.004335165023803711,success
04BF2F3A9C4C80,2,['Casa Giulietta'],Torre Lamberti,"['Sighseeing', 'Centro Fotografia', 'Museo Conte', 'Palazzo della Ragione', 'AMO']",Santa Anastasia,strategy_nearest,False,0.0014688968658447266,success
04BF3BBA7B3F80,0,"['Duomo', 'Teatro Romano']",Casa Giulietta,"['Centro Fotografia', 'Sighseeing', 'Torre Lamberti', 'Museo Conte', 'Museo Radio']",Arena,strategy_nearest,False,0.002231121063232422,success
04BF473A9C4C80,0,"['Arena', 'Casa Giulietta']",Teatro Romano,"['Santa Anastasia', 'Duomo', 'AMO', 'Palazzo della Ragione', 'Museo Conte']",Castelvecchio,strategy_nearest,False,0.001238107681274414,success
04BF52429C4C80,0,"['Arena', 'Tomba Giulietta']",San Fermo,"['Museo Storia', 'Museo Radio', 'Casa Giulietta', 'Centro Fotografia', 'Sighseeing']",Casa Giulietta,strategy_nearest,True,0.002657175064086914,success
04BF4F3A9C4C80,0,"['Duomo', 'Teatro Romano']",Arena,"['Verona Tour', 'Museo Lapidario', 'Museo Radio', 'San Fermo', 'Casa Giulietta']",Casa Giulietta,strategy_nearest,True,0.003419160842895508,success
04BF3E429C4C80,3,"['Santa Anastasia', 'Duomo']",Torre Lamberti,"['Sighseeing', 'Centro Fotografia', 'Museo Conte', 'Casa Giulietta', 'Palazzo della Ragione']",San Fermo,strategy_nearest,False,0.0022678375244140625,success
04BF53BA7B3F80,3,"['San Zeno', 'Castelvecchio', 'Teatro Romano', 'Casa Giulietta']",Torre Lamberti,"['Sighseeing', 'Centro Fotografia', 'Museo Conte', 'Palazzo della Ragione', 'AMO']",Arena,strategy_nearest,False,0.0014579296112060547,success
04BF6D429C4C80,3,"['Arena', 'San Fermo', 'Santa Anastasia', 'Teatro Romano']",Tomba Giulietta,"['Museo Storia', 'Museo Lapidario', 'Museo Radio', 'Verona Tour', 'Casa Giulietta']",Torre Lamberti,strategy_nearest,False,0.002129077911376953,success
04BF63429C4C80,3,['Arena'],Castelvecchio,"['Museo Lapidario', 'Verona Tour', 'Museo Radio', 'San Zeno', 'Sighseeing']",Santa Anastasia,strategy_nearest,False,0.003509998321533203,success
04BF6E429C4C80,3,['Torre Lamberti'],Santa Anastasia,"['AMO', 'Museo Conte', 'Palazzo della Ragione', 'Teatro Romano', 'Centro Fotografia']",Casa Giulietta,strategy_nearest,False,0.0025091171264648438,success
04BF78BA7B3F80,1,"['Duomo', 'Teatro Romano', 'Casa Giulietta']",Castelvecchio,"['Museo Lapidario', 'Verona Tour', 'Arena', 'Museo Radio', 'San Zeno']",San Zeno,strategy_nearest,True,0.0028028488159179688,success
04BF7A3A9C4C80,0,"['Arena', 'Castelvecchio']",San Fermo,"['Museo Storia', 'Museo Radio', 'Casa Giulietta', 'Centro Fotografia', 'Sighseeing']",Casa Giulietta,strategy_nearest,True,0.0015270709991455078,success
04BF74429C4C80,3,"['Casa Giulietta', 'Santa Anastasia']",Teatro Romano,"['Duomo', 'AMO', 'Palazzo della Ragione', 'Museo Conte', 'Centro Fotografia']",Duomo,strategy_nearest,True,0.0035550594329833984,success
04BF7EBA7B3F80,1,"['Duomo', 'Teatro Romano', 'Casa Giulietta']",Castelvecchio,"['Museo Lapidario', 'Verona Tour', 'Arena', 'Museo Radio', 'San Zeno']",San Zeno,strategy_nearest,True,0.003052949905395508,success
04BF8ABA7B3F80,3,['Santa Anastasia'],Arena,"['Verona Tour', 'Museo Lapidario', 'Museo Radio', 'San Fermo', 'Casa Giulietta']",Teatro Romano,strategy_nearest,False,0.0027289390563964844,success
04BF894A9C4C80,1,"['Arena', 'Casa Giulietta', 'Palazzo della Ragione']",Torre Lamberti,"['Sighseeing', 'Centro Fotografia', 'Museo Conte', 'AMO', 'Museo Miniscalchi']",Santa Anastasia,strategy_nearest,False,0.0014910697937011719,success
04BF87429C4C80,2,"['Casa Giulietta', 'Torre Lamberti']",Santa Anastasia,"['AMO', 'Museo Conte', 'Palazzo della Ragione', 'Teatro Romano', 'Centro Fotografia']",Teatro Romano,strategy_nearest,True,0.002753019332885742,success
04BF8BBA7B3F80,0,['Torre Lamberti'],Castelvecchio,"['Museo Lapidario', 'Verona Tour', 'Arena', 'Museo Radio', 'San Zeno']",Arena,strategy_nearest,True,0.0031621456146240234,success
04BF90BA7B3F80,3,['Santa Anastasia'],Arena,"['Verona Tour', 'Museo Lapidario', 'Museo Radio', 'San Fermo', 'Casa Giulietta']",Teatro Romano,strategy_nearest,False,0.0026569366455078125,success
04BF8F3A9C4C80,1,"['Arena', 'Casa Giulietta']",Tomba Giulietta,"['San Fermo', 'Museo Storia', 'Museo Lapidario', 'Museo Radio', 'Verona Tour']",Torre Lamberti,strategy_nearest,False,0.0020911693572998047,success
04BF9ABA7B3F80,3,"['Castelvecchio', 'Santa Anastasia']",Casa Giulietta,"['Centro Fotografia', 'Sighseeing', 'Torre Lamberti', 'Museo Conte', 'Museo Radio']",Torre Lamberti,strategy_nearest,True,0.003392934799194336,success
04BFA6BA7B3F80,1,"['Castelvecchio', 'Torre Lamberti']",Palazzo della Ragione,"['AMO', 'Museo Conte', 'Centro Fotografia', 'Sighseeing', 'Santa Anastasia']",Arena,strategy_nearest,False,0.003298044204711914,success
04BFAD3A9C4C80,0,['Arena'],Casa Giulietta,"['Centro Fotografia', 'Sighseeing', 'Torre Lamberti', 'Museo Conte', 'Museo Radio']",Castelvecchio,strategy_nearest,False,0.004519939422607422,success
04BFADBA7B3F80,3,"['San Zeno', 'Castelvecchio']",Arena,"['Verona Tour', 'Museo Lapidario', 'Museo Radio', 'San Fermo', 'Casa Giulietta']",Duomo,strategy_nearest,False,0.003654956817626953,success
04BFAC429C4C80,3,['Arena'],Torre Lamberti,"['Sighseeing', 'Centro Fotografia', 'Museo Conte', 'Casa Giulietta', 'Palazzo della Ragione']",Santa Anastasia,strategy_nearest,False,0.005032777786254883,success
04BFACBA7B3F80,1,"['Castelvecchio', 'Palazzo della Ragione', 'Santa Anastasia', 'Torre Lamberti']",Duomo,"['AMO', 'Museo Miniscalchi', 'Teatro Romano', 'Museo Conte', 'Centro Fotografia']",Teatro Romano,strategy_nearest,True,0.003505229949951172,success
04BFB2BA7B3F80,3,"['Arena', 'Torre Lamberti', 'Santa Anastasia']",Casa Giulietta,"['Centro Fotografia', 'Sighseeing', 'Museo Conte', 'Museo Radio', 'Palazzo della Ragione']",San Fermo,strategy_nearest,False,0.002816915512084961,success
04BFBB429C4C80,6,['Casa Giulietta'],Verona Tour,"['Museo Lapidario', 'Arena', 'Castelvecchio', 'Museo Radio', 'Sighseeing']",Tomba Giulietta,strategy_nearest,False,0.003823995590209961,success
04BFB4BA7B3F80,3,"['San Zeno', 'Castelvecchio', 'Arena']",San Fermo,"['Museo Storia', 'Museo Radio', 'Casa Giulietta', 'Centro Fotografia', 'Sighseeing']",Casa Giulietta,strategy_nearest,True,0.003426074981689453,success
04BFAF429C4C80,1,"['Arena', 'Castelvecchio']",Giardino Giusti,"['Santa Anastasia', 'Teatro Romano', 'Museo Conte', 'Centro Fotografia', 'Museo Storia']",Torre Lamberti,strategy_nearest,False,0.002130746841430664,success
04BFC9429C4C80,1,"['Arena', 'Casa Giulietta', 'San Fermo']",Torre Lamberti,"['Sighseeing', 'Centro Fotografia', 'Museo Conte', 'Palazzo della Ragione', 'AMO']",Palazzo della Ragione,strategy_nearest,True,0.0024042129516601562,success
04BFCA3A9C4C80,1,"['Museo Lapidario', 'Arena', 'Casa Giulietta']",Torre Lamberti,"['Sighseeing', 'Centro Fotografia', 'Museo Conte', 'Palazzo della Ragione', 'AMO']",Palazzo della Ragione,strategy_nearest,True,0.002877950668334961,success
04BFC0BA7B3F80,3,"['San Zeno', 'Castelvecchio', 'Arena']",San Fermo,"['Museo Storia', 'Museo Radio', 'Casa Giulietta', 'Centro Fotografia', 'Sighseeing']",Casa Giulietta,strategy_nearest,True,0.0018239021301269531,success
04BFCCBA7B3F80,3,"['Santa Anastasia', 'Arena', 'Museo Lapidario']",Castelvecchio,"['Verona Tour', 'Museo Radio', 'San Zeno', 'Sighseeing', 'Museo Miniscalchi']",Teatro Romano,strategy_nearest,False,0.003469705581665039,success
04BFD1BA7B3F80,1,"['Castelvecchio', 'Arena', 'San Zeno', 'Casa Giulietta']",Duomo,"['AMO', 'Museo Miniscalchi', 'Santa Anastasia', 'Teatro Romano', 'Palazzo della Ragione']",Teatro Romano,strategy_nearest,True,0.002649068832397461,success
04BFD8BA7B3F80,3,"['Santa Anastasia', 'Arena', 'Museo Lapidario']",Castelvecchio,"['Verona Tour', 'Museo Radio', 'San Zeno', 'Sighseeing', 'Museo Miniscalchi']",Teatro Romano,strategy_nearest,False,0.003041982650756836,success
04BFD83A9C4C80,3,"['Casa Giulietta', 'Teatro Romano']",Duomo,"['AMO', 'Museo Miniscalchi', 'Santa Anastasia', 'Palazzo della Ragione', 'Museo Conte']",Santa Anastasia,strategy_nearest,True,0.002523183822631836,success
04BFDD3A9C4C80,0,['Teatro Romano'],Castelvecchio,"['Museo Lapidario', 'Verona Tour', 'Arena', 'Museo Radio', 'San Zeno']",Arena,strategy_nearest,True,0.0032842159271240234,success
04BFE63A9C4C80,3,['Teatro Romano'],Santa Anastasia,"['AMO', 'Museo Conte', 'Palazzo della Ragione', 'Centro Fotografia', 'Duomo']",Arena,strategy_nearest,False,0.002104043960571289,success
04BFFB429C4C80,3,"['Arena', 'Casa Giulietta', 'Torre Lamberti']",Castelvecchio,"['Museo Lapidario', 'Verona Tour', 'Museo Radio', 'San Zeno', 'Sighseeing']",Duomo,strategy_nearest,False,0.003499746322631836,success
04BFF33A9C4C80,3,"['Arena', 'Torre Lamberti']",Casa Giulietta,"['Centro Fotografia', 'Sighseeing', 'Museo Conte', 'Museo Radio', 'Palazzo della Ragione']",Santa Anastasia,strategy_nearest,False,0.0029277801513671875,success
04BFFF429C4C80,4,"['Arena', 'Castelvecchio', 'Duomo', 'Santa Anastasia', 'Palazzo della Ragione']",Casa Giulietta,"['Centro Fotografia', 'Sighseeing', 'Torre Lamberti', 'Museo Conte', 'Museo Radio']",Museo Lapidario,strategy_nearest,False,0.0031261444091796875,success
04BFFD429C4C80,1,"['Arena', 'Torre Lamberti', 'Palazzo della Ragione']",Casa Giulietta,"['Centro Fotografia', 'Sighseeing', 'Museo Conte', 'Museo Radio', 'San Fermo']",Santa Anastasia,strategy_nearest,False,0.002856016159057617,success
04C001429C4C84,3,"['Arena', 'San Zeno', 'Castelvecchio']",Santa Anastasia,"['AMO', 'Museo Conte', 'Palazzo della Ragione', 'Teatro Romano', 'Centro Fotografia']",Torre Lamberti,strategy_nearest,False,0.0025746822357177734,success
04C00B429C4C84,0,['Arena'],Casa Giulietta,"['Centro Fotografia', 'Sighseeing', 'Torre Lamberti', 'Museo Conte', 'Museo Radio']",Santa Anastasia,strategy_nearest,False,0.0019800662994384766,success
04C0063A9C4C84,3,"['Casa Giulietta', 'Santa Anastasia', 'Torre Lamberti']",Duomo,"['AMO', 'Museo Miniscalchi', 'Teatro Romano', 'Palazzo della Ragione', 'Museo Conte']",Arena,strategy_nearest,False,0.0034770965576171875,success
04C012BA7B3F84,2,"['Casa Giulietta', 'San Zeno', 'Castelvecchio']",Teatro Romano,"['Santa Anastasia', 'Duomo', 'AMO', 'Palazzo della Ragione', 'Museo Conte']",Duomo,strategy_nearest,True,0.0028319358825683594,success
04C00D429C4C80,3,"['Santa Anastasia', 'Casa Giulietta']",Arena,"['Verona Tour', 'Museo Lapidario', 'Museo Radio', 'San Fermo', 'Sighseeing']",Duomo,strategy_nearest,False,0.0035986900329589844,success
04C00FBA7B3F80,1,"['Castelvecchio', 'Casa Giulietta']",Arena,"['Verona Tour', 'Museo Lapidario', 'Museo Radio', 'San Fermo', 'Sighseeing']",Torre Lamberti,strategy_nearest,False,0.0037398338317871094,success
04C016429C4C80,0,['Arena'],Museo Lapidario,"['Verona Tour', 'Castelvecchio', 'Museo Radio', 'San Fermo', 'Casa Giulietta']",Castelvecchio,strategy_nearest,True,0.002866029739379883,success
04C0193A9C4C80,3,"['Santa Anastasia', 'Duomo', 'Teatro Romano']",Arena,"['Verona Tour', 'Museo Lapidario', 'Museo Radio', 'San Fermo', 'Casa Giulietta']",Castelvecchio,strategy_nearest,False,0.0033087730407714844,success
04C01A3A9C4C80,0,['Tomba Giulietta'],Arena,"['Verona Tour', 'Museo Lapidario', 'Museo Radio', 'San Fermo', 'Casa Giulietta']",Casa Giulietta,strategy_nearest,True,0.002032041549682617,success
04C01A3A9C4C84,0,['Arena'],Casa Giulietta,"['Centro Fotografia', 'Sighseeing', 'Torre Lamberti', 'Museo Conte', 'Museo Radio']",Duomo,strategy_nearest,False,0.002566099166870117,success
04C01A429C4C84,1,"['Arena', 'Castelvecchio', 'Palazzo della Ragione']",Torre Lamberti,"['Sighseeing', 'Centro Fotografia', 'Museo Conte', 'Casa Giulietta', 'AMO']",Casa Giulietta,strategy_nearest,True,0.0019257068634033203,success
04C01EBA7B3F80,3,"['Santa Anastasia', 'Casa Giulietta']",Arena,"['Verona Tour', 'Museo Lapidario', 'Museo Radio', 'San Fermo', 'Sighseeing']",Castelvecchio,strategy_nearest,False,0.001863718032836914,success
04C01EBA7B3F84,1,"['Arena', 'Casa Giulietta', 'Museo Lapidario', 'Palazzo della Ragione']",Torre Lamberti,"['Sighseeing', 'Centro Fotografia', 'Museo Conte', 'AMO', 'Museo Miniscalchi']",Santa Anastasia,strategy_nearest,False,0.0027167797088623047,success
04C01F3A9C4C80,1,"['Castelvecchio', 'Arena', 'Teatro Romano']",San Fermo,"['Museo Storia', 'Museo Radio', 'Casa Giulietta', 'Centro Fotografia', 'Sighseeing']",Duomo,strategy_nearest,False,0.0032329559326171875,success
04C021BA7B3F80,3,"['Castelvecchio', 'San Zeno']",Torre Lamberti,"['Sighseeing', 'Centro Fotografia', 'Museo Conte', 'Casa Giulietta', 'Palazzo della Ragione']",Duomo,strategy_nearest,False,0.002534151077270508,success
04C020BA7B3F80,3,"['Arena', 'San Zeno']",Duomo,"['AMO', 'Museo Miniscalchi', 'Santa Anastasia', 'Teatro Romano', 'Palazzo della Ragione']",Castelvecchio,strategy_nearest,False,0.002803802490234375,success
04C0203A9C4C84,0,['Arena'],Castelvecchio,"['Museo Lapidario', 'Verona Tour', 'Museo Radio', 'San Zeno', 'Sighseeing']",Casa Giulietta,strategy_nearest,False,0.002027750015258789,success
04C0223A9C4C80,0,['Arena'],Castelvecchio,"['Museo Lapidario', 'Verona Tour', 'Museo Radio', 'San Zeno', 'Sighseeing']",Duomo,strategy_nearest,False,0.003473043441772461,success
04C0263A9C4C84,1,"['Arena', 'Castelvecchio', 'Giardino Giusti']",Duomo,"['AMO', 'Museo Miniscalchi', 'Santa Anastasia', 'Teatro Romano', 'Palazzo della Ragione']",Torre Lamberti,strategy_nearest,False,0.002264738082885742,success
04C0223A9C4C84,3,"['Arena', 'Tomba Giulietta', 'Castelvecchio']",Torre Lamberti,"['Sighseeing', 'Centro Fotografia', 'Museo Conte', 'Casa Giulietta', 'Palazzo della Ragione']",Duomo,strategy_nearest,False,0.0022399425506591797,success
04C0243A9C4C84,1,"['Arena', 'Casa Giulietta']",Palazzo della Ragione,"['AMO', 'Museo Conte', 'Torre Lamberti', 'Centro Fotografia', 'Sighseeing']",Torre Lamberti,strategy_nearest,True,0.0029611587524414062,success
04C028BA7B3F80,3,['Arena'],Torre Lamberti,"['Sighseeing', 'Centro Fotografia', 'Museo Conte', 'Casa Giulietta', 'Palazzo della Ragione']",Duomo,strategy_nearest,False,0.003283977508544922,success
04C037BA7B3F80,3,"['San Fermo', 'Torre Lamberti', 'Duomo']",Teatro Romano,"['Santa Anastasia', 'AMO', 'Palazzo della Ragione', 'Museo Conte', 'Centro Fotografia']",Arena,strategy_nearest,False,0.0022430419921875,success
04C0383A9C4C80,1,"['Arena', 'Casa Giulietta']",Torre Lamberti,"['Sighseeing', 'Centro Fotografia', 'Museo Conte', 'Palazzo della Ragione', 'AMO']",Palazzo della Ragione,strategy_nearest,True,0.003092050552368164,success
04C03ABA7B3F80,0,"['Arena', 'Castelvecchio']",Casa Giulietta,"['Centro Fotografia', 'Sighseeing', 'Torre Lamberti', 'Museo Conte', 'Museo Radio']",Torre Lamberti,strategy_nearest,True,0.004128932952880859,success
04C03B3A9C4C80,3,"['Arena', 'Santa Anastasia']",Casa Giulietta,"['Centro Fotografia', 'Sighseeing', 'Torre Lamberti', 'Museo Conte', 'Museo Radio']",Castelvecchio,strategy_nearest,False,0.0037300586700439453,success
04C040BA7B3F80,3,"['Castelvecchio', 'Casa Giulietta', 'Torre Lamberti']",Arena,"['Verona Tour', 'Museo Lapidario', 'Museo Radio', 'San Fermo', 'Sighseeing']",Tomba Giulietta,strategy_nearest,False,0.0031681060791015625,success
04C03D3A9C4C80,0,"['Arena', 'Torre Lamberti']",Casa Giulietta,"['Centro Fotografia', 'Sighseeing', 'Museo Conte', 'Museo Radio', 'Palazzo della Ragione']",Teatro Romano,strategy_nearest,False,0.005892753601074219,success
04C050429C4C80,2,"['Castelvecchio', 'San Zeno']",Torre Lamberti,"['Sighseeing', 'Centro Fotografia', 'Museo Conte', 'Casa Giulietta', 'Palazzo della Ragione']",Santa Anastasia,strategy_nearest,False,0.002172231674194336,success
04C043BA7B3F80,3,"['San Fermo', 'Torre Lamberti', 'Duomo']",Teatro Romano,"['Santa Anastasia', 'AMO', 'Palazzo della Ragione', 'Museo Conte', 'Centro Fotografia']",Arena,strategy_nearest,False,0.0023190975189208984,success
04C057BA7B3F80,3,"['Castelvecchio', 'Arena', 'Casa Giulietta']",Torre Lamberti,"['Sighseeing', 'Centro Fotografia', 'Museo Conte', 'Palazzo della Ragione', 'AMO']",Santa Anastasia,strategy_nearest,False,0.0029201507568359375,success
04C058BA7B3F80,0,['Castelvecchio'],San Zeno,"['Verona Tour', 'Museo Lapidario', 'Arena', 'Museo Miniscalchi', 'Sighseeing']",Arena,strategy_nearest,True,0.0022661685943603516,success
04C05BBA7B3F80,3,"['Arena', 'San Fermo']",Castelvecchio,"['Museo Lapidario', 'Verona Tour', 'Museo Radio', 'San Zeno', 'Sighseeing']",Museo Lapidario,strategy_nearest,True,0.002599000930786133,success
04C05C3A9C4C80,0,['Arena'],Duomo,"['AMO', 'Museo Miniscalchi', 'Santa Anastasia', 'Teatro Romano', 'Palazzo della Ragione']",Casa Giulietta,strategy_nearest,False,0.002961874008178711,success
04C05C429C4C80,0,['Arena'],Casa Giulietta,"['Centro Fotografia', 'Sighseeing', 'Torre Lamberti', 'Museo Conte', 'Museo Radio']",Castelvecchio,strategy_nearest,False,0.003062009811401367,success
04C064429C4C80,0,['San Zeno'],Casa Giulietta,"['Centro Fotografia', 'Sighseeing', 'Torre Lamberti', 'Museo Conte', 'Museo Radio']",Torre Lamberti,strategy_nearest,True,0.0021703243255615234,success
04C06A429C4C80,1,"['Arena', 'Casa Giulietta']",Torre Lamberti,"['Sighseeing', 'Centro Fotografia', 'Museo Conte', 'Palazzo della Ragione', 'AMO']",Palazzo della Ragione,strategy_nearest,True,0.0034351348876953125,success
04C069BA7B3F80,3,"['Castelvecchio', 'Arena']",Torre Lamberti,"['Sighseeing', 'Centro Fotografia', 'Museo Conte', 'Casa Giulietta', 'Palazzo della Ragione']",Santa Anastasia,strategy_nearest,False,0.0030493736267089844,success
04C06B429C4C80,3,['Arena'],Torre Lamberti,"['Sighseeing', 'Centro Fotografia', 'Museo Conte', 'Casa Giulietta', 'Palazzo della Ragione']",Santa Anastasia,strategy_nearest,False,0.0026061534881591797,success
04C06C429C4C80,1,['Arena'],Torre Lamberti,"['Sighseeing', 'Centro Fotografia', 'Museo Conte', 'Casa Giulietta', 'Palazzo della Ragione']",Palazzo della Ragione,strategy_nearest,True,0.002223968505859375,success
04C079429C4C80,3,"['Arena', 'Castelvecchio']",Torre Lamberti,"['Sighseeing', 'Centro Fotografia', 'Museo Conte', 'Casa Giulietta', 'Palazzo della Ragione']",Casa Giulietta,strategy_nearest,True,0.002348184585571289,success
04C06FBA7B3F80,1,"['Arena', 'Giardino Giusti', 'Teatro Romano', 'San Zeno']",Castelvecchio,"['Museo Lapidario', 'Verona Tour', 'Museo Radio', 'Sighseeing', 'Museo Miniscalchi']",Torre Lamberti,strategy_nearest,False,0.0037589073181152344,success
04C075429C4C80,0,['Arena'],Torre Lamberti,"['Sighseeing', 'Centro Fotografia', 'Museo Conte', 'Casa Giulietta', 'Palazzo della Ragione']",Castelvecchio,strategy_nearest,False,0.0030677318572998047,success
04C07F429C4C80,0,['Arena'],Castelvecchio,"['Museo Lapidario', 'Verona Tour', 'Museo Radio', 'San Zeno', 'Sighseeing']",Casa Giulietta,strategy_nearest,False,0.0014431476593017578,success
04C0794A9C4C80,0,['Arena'],Casa Giulietta,"['Centro Fotografia', 'Sighseeing', 'Torre Lamberti', 'Museo Conte', 'Museo Radio']",Torre Lamberti,strategy_nearest,True,0.003550291061401367,success
04C07A4A9C4C80,0,['Arena'],Castelvecchio,"['Museo Lapidario', 'Verona Tour', 'Museo Radio', 'San Zeno', 'Sighseeing']",San Zeno,strategy_nearest,True,0.0021162033081054688,success
04C0813A9C4C80,3,"['Arena', 'Torre Lamberti']",Santa Anastasia,"['AMO', 'Museo Conte', 'Palazzo della Ragione', 'Teatro Romano', 'Centro Fotografia']",Duomo,strategy_nearest,False,0.0033347606658935547,success
04C081BA7B3F80,3,"['Arena', 'Tomba Giulietta', 'Teatro Romano']",Duomo,"['AMO', 'Museo Miniscalchi', 'Santa Anastasia', 'Palazzo della Ragione', 'Museo Conte']",Torre Lamberti,strategy_nearest,False,0.0020868778228759766,success
04C087429C4C80,0,['Arena'],Castelvecchio,"['Museo Lapidario', 'Verona Tour', 'Museo Radio', 'San Zeno', 'Sighseeing']",Casa Giulietta,strategy_nearest,False,0.0027608871459960938,success
04C0863A9C4C80,1,"['Casa Giulietta', 'Palazzo della Ragione']",Torre Lamberti,"['Sighseeing', 'Centro Fotografia', 'Museo Conte', 'AMO', 'Museo Miniscalchi']",Santa Anastasia,strategy_nearest,False,0.002917766571044922,success
04C0874A9C4C80,0,['Arena'],Casa Giulietta,"['Centro Fotografia', 'Sighseeing', 'Torre Lamberti', 'Museo Conte', 'Museo Radio']",Torre Lamberti,strategy_nearest,True,0.0037109851837158203,success
04C08B429C4C80,0,['Arena'],Castelvecchio,"['Museo Lapidario', 'Verona Tour', 'Museo Radio', 'San Zeno', 'Sighseeing']",San Fermo,strategy_nearest,False,0.0025053024291992188,success
04C08CBA7B3F80,3,"['Castelvecchio', 'Santa Anastasia']",Casa Giulietta,"['Centro Fotografia', 'Sighseeing', 'Torre Lamberti', 'Museo Conte', 'Museo Radio']",Torre Lamberti,strategy_nearest,True,0.002833843231201172,success
04C093BA7B3F80,3,"['Castelvecchio', 'Museo Lapidario', 'Arena']",Santa Anastasia,"['AMO', 'Museo Conte', 'Palazzo della Ragione', 'Teatro Romano', 'Centro Fotografia']",Duomo,strategy_nearest,False,0.0033860206604003906,success
04C08DBA7B3F80,1,"['Arena', 'Museo Lapidario', 'Castelvecchio', 'Casa Giulietta']",Santa Anastasia,"['AMO', 'Museo Conte', 'Palazzo della Ragione', 'Teatro Romano', 'Centro Fotografia']",Torre Lamberti,strategy_nearest,False,0.003543853759765625,success
04C09DBA7B3F80,3,"['Castelvecchio', 'Torre Lamberti', 'Santa Anastasia']",Casa Giulietta,"['Centro Fotografia', 'Sighseeing', 'Museo Conte', 'Museo Radio', 'Palazzo della Ragione']",Arena,strategy_nearest,False,0.003403902053833008,success
04C09EBA7B3F80,3,"['Torre Lamberti', 'Duomo', 'Santa Anastasia', 'San Fermo', 'Casa Giulietta']",Arena,"['Verona Tour', 'Museo Lapidario', 'Museo Radio', 'Sighseeing', 'Castelvecchio']",Castelvecchio,strategy_nearest,True,0.0034079551696777344,success
04C0A9BA7B3F80,1,"['Castelvecchio', 'Torre Lamberti', 'Palazzo della Ragione']",Santa Anastasia,"['AMO', 'Museo Conte', 'Teatro Romano', 'Centro Fotografia', 'Duomo']",Arena,strategy_nearest,False,0.002638101577758789,success
04C0AD3A9C4C80,3,"['Arena', 'Torre Lamberti']",Casa Giulietta,"['Centro Fotografia', 'Sighseeing', 'Museo Conte', 'Museo Radio', 'Palazzo della Ragione']",Santa Anastasia,strategy_nearest,False,0.0031630992889404297,success
04C0B6429C4C80,3,"['Santa Anastasia', 'Torre Lamberti']",Casa Giulietta,"['Centro Fotografia', 'Sighseeing', 'Museo Conte', 'Museo Radio', 'Palazzo della Ragione']",Arena,strategy_nearest,False,0.0026340484619140625,success
04C0AD429C4C80,0,['Arena'],Museo Lapidario,"['Verona Tour', 'Castelvecchio', 'Museo Radio', 'San Fermo', 'Casa Giulietta']",Casa Giulietta,strategy_nearest,True,0.0026171207427978516,success
04C0B7BA7B3F80,3,"['Torre Lamberti', 'Casa Giulietta', 'Santa Anastasia', 'Teatro Romano', 'Arena']",Museo Lapidario,"['Verona Tour', 'Castelvecchio', 'Museo Radio', 'San Fermo', 'Tomba Giulietta']",Castelvecchio,strategy_nearest,True,0.0028448104858398438,success
04C0BDBA7B3F80,1,"['Arena', 'Casa Giulietta', 'Torre Lamberti']",Palazzo della Ragione,"['AMO', 'Museo Conte', 'Centro Fotografia', 'Sighseeing', 'Santa Anastasia']",Santa Anastasia,strategy_nearest,True,0.0022590160369873047,success
04C0C4429C4C80,3,['Arena'],Santa Anastasia,"['AMO', 'Museo Conte', 'Palazzo della Ragione', 'Teatro Romano', 'Centro Fotografia']",Teatro Romano,strategy_nearest,True,0.002576112747192383,success
04C0C33A9C4C80,1,"['Casa Giulietta', 'Palazzo della Ragione']",Torre Lamberti,"['Sighseeing', 'Centro Fotografia', 'Museo Conte', 'AMO', 'Museo Miniscalchi']",Teatro Romano,strategy_nearest,False,0.0028569698333740234,success
04C0C9429C4C80,0,['Torre Lamberti'],Teatro Romano,"['Santa Anastasia', 'Duomo', 'AMO', 'Palazzo della Ragione', 'Museo Conte']",Arena,strategy_nearest,False,0.003175973892211914,success
04C0CE3A9C4C80,3,"['Castelvecchio', 'Arena']",Torre Lamberti,"['Sighseeing', 'Centro Fotografia', 'Museo Conte', 'Casa Giulietta', 'Palazzo della Ragione']",Santa Anastasia,strategy_nearest,False,0.0033829212188720703,success
04C0D03A9C4C80,1,"['Castelvecchio', 'Casa Giulietta', 'Tomba Giulietta']",Arena,"['Verona Tour', 'Museo Lapidario', 'Museo Radio', 'San Fermo', 'Sighseeing']",Torre Lamberti,strategy_nearest,False,0.002061128616333008,success
04C0CFBA7B3F80,3,"['Castelvecchio', 'Casa Giulietta']",Arena,"['Verona Tour', 'Museo Lapidario', 'Museo Radio', 'San Fermo', 'Sighseeing']",Santa Anastasia,strategy_nearest,False,0.0029392242431640625,success
04C0D63A9C4C80,0,['San Zeno'],Arena,"['Verona Tour', 'Museo Lapidario', 'Museo Radio', 'San Fermo', 'Casa Giulietta']",Casa Giulietta,strategy_nearest,True,0.0026330947875976562,success
04C0D73A9C4C80,0,['Arena'],San Zeno,"['Castelvecchio', 'Verona Tour', 'Museo Lapidario', 'Museo Miniscalchi', 'Sighseeing']",Giardino Giusti,strategy_nearest,False,0.0027000904083251953,success
04C0DD3A9C4C80,1,"['Arena', 'Casa Giulietta']",Palazzo della Ragione,"['AMO', 'Museo Conte', 'Torre Lamberti', 'Centro Fotografia', 'Sighseeing']",Torre Lamberti,strategy_nearest,True,0.0030660629272460938,success
04C0D9429C4C80,3,"['Arena', 'Casa Giulietta', 'San Zeno']",Duomo,"['AMO', 'Museo Miniscalchi', 'Santa Anastasia', 'Teatro Romano', 'Palazzo della Ragione']",Santa Anastasia,strategy_nearest,True,0.0030601024627685547,success
04C0DBBA7B3F80,0,['Castelvecchio'],Casa Giulietta,"['Centro Fotografia', 'Sighseeing', 'Torre Lamberti', 'Museo Conte', 'Museo Radio']",Arena,strategy_nearest,False,0.0027341842651367188,success
04C0E0BA7B3F80,0,"['Arena', 'Castelvecchio']",Museo Lapidario,"['Verona Tour', 'Museo Radio', 'San Fermo', 'Casa Giulietta', 'Tomba Giulietta']",Casa Giulietta,strategy_nearest,True,0.0035288333892822266,success
04C0E7BA7B3F80,0,"['Arena', 'Castelvecchio']",Casa Giulietta,"['Centro Fotografia', 'Sighseeing', 'Torre Lamberti', 'Museo Conte', 'Museo Radio']",Torre Lamberti,strategy_nearest,True,0.0018889904022216797,success
04C0EDBA7B3F80,3,"['Arena', 'San Fermo', 'Castelvecchio', 'San Zeno']",Casa Giulietta,"['Centro Fotografia', 'Sighseeing', 'Torre Lamberti', 'Museo Conte', 'Museo Radio']",Santa Anastasia,strategy_nearest,False,0.002725839614868164,success
04C0F9BA7B3F80,3,"['Arena', 'San Zeno', 'Castelvecchio']",Teatro Romano,"['Santa Anastasia', 'Duomo', 'AMO', 'Palazzo della Ragione', 'Museo Conte']",Duomo,strategy_nearest,True,0.002813100814819336,success
04C0F83A9C4C80,0,['Arena'],Casa Giulietta,"['Centro Fotografia', 'Sighseeing', 'Torre Lamberti', 'Museo Conte', 'Museo Radio']",Castelvecchio,strategy_nearest,False,0.0034880638122558594,success
04C0FF3A9C4C80,1,"['Arena', 'San Zeno', 'Castelvecchio']",Casa Giulietta,"['Centro Fotografia', 'Sighseeing', 'Torre Lamberti', 'Museo Conte', 'Museo Radio']",Duomo,strategy_nearest,False,0.0026361942291259766,success
04C1033A9C4C84,2,"['Torre Lamberti', 'Santa Anastasia']",Duomo,"['AMO', 'Museo Miniscalchi', 'Teatro Romano', 'Palazzo della Ragione', 'Museo Conte']",Teatro Romano,strategy_nearest,True,0.0024461746215820312,success
04C10A429C4C84,2,"['Castelvecchio', 'Torre Lamberti', 'Casa Giulietta']",Giardino Giusti,"['Santa Anastasia', 'Teatro Romano', 'Museo Conte', 'Centro Fotografia', 'Museo Storia']",Teatro Romano,strategy_nearest,True,0.0021238327026367188,success
04C1093A9C4C84,2,"['Teatro Romano', 'Duomo']",Castelvecchio,"['Museo Lapidario', 'Verona Tour', 'Arena', 'Museo Radio', 'San Zeno']",San Fermo,strategy_nearest,False,0.003592967987060547,success
04C10C429C4C80,3,['Arena'],Torre Lamberti,"['Sighseeing', 'Centro Fotografia', 'Museo Conte', 'Casa Giulietta', 'Palazzo della Ragione']",Santa Anastasia,strategy_nearest,False,0.0034449100494384766,success
04C10E429C4C84,0,['Arena'],Casa Giulietta,"['Centro Fotografia', 'Sighseeing', 'Torre Lamberti', 'Museo Conte', 'Museo Radio']",Duomo,strategy_nearest,False,0.0025000572204589844,success
04C114429C4C80,0,"['Arena', 'Casa Giulietta']",Torre Lamberti,"['Sighseeing', 'Centro Fotografia', 'Museo Conte', 'Palazzo della Ragione', 'AMO']",Tomba Giulietta,strategy_nearest,False,0.0013451576232910156,success
04C115429C4C80,3,['Arena'],Casa Giulietta,"['Centro Fotografia', 'Sighseeing', 'Torre Lamberti', 'Museo Conte', 'Museo Radio']",Santa Anastasia,strategy_nearest,False,0.0028748512268066406,success
04C110BA7B3F84,0,['Arena'],Castelvecchio,"['Museo Lapidario', 'Verona Tour', 'Museo Radio', 'San Zeno', 'Sighseeing']",Giardino Giusti,strategy_nearest,False,0.003015279769897461,success
04C117BA7B3F84,3,"['Castelvecchio', 'Arena']",Casa Giulietta,"['Centro Fotografia', 'Sighseeing', 'Torre Lamberti', 'Museo Conte', 'Museo Radio']",Duomo,strategy_nearest,False,0.002846956253051758,success
04C11A3A9C4C84,3,"['Museo Lapidario', 'Arena', 'Tomba Giulietta', 'San Fermo']",Casa Giulietta,"['Centro Fotografia', 'Sighseeing', 'Torre Lamberti', 'Museo Conte', 'Museo Radio']",Torre Lamberti,strategy_nearest,True,0.0020020008087158203,success
04C118429C4C80,0,"['Arena', 'Casa Giulietta']",Castelvecchio,"['Museo Lapidario', 'Verona Tour', 'Museo Radio', 'San Zeno', 'Sighseeing']",Santa Anastasia,strategy_nearest,False,0.0034711360931396484,success
04C1203A9C4C84,3,"['Arena', 'Casa Giulietta']",Torre Lamberti,"['Sighseeing', 'Centro Fotografia', 'Museo Conte', 'Palazzo della Ragione', 'AMO']",Santa Anastasia,strategy_nearest,False,0.001435995101928711,success
04C11C429C4C84,2,['Castelvecchio'],San Fermo,"['Museo Storia', 'Museo Radio', 'Casa Giulietta', 'Centro Fotografia', 'Arena']",Casa Giulietta,strategy_nearest,True,0.0030231475830078125,success
04C11D429C4C80,0,"['Arena', 'Tomba Giulietta']",San Fermo,"['Museo Storia', 'Museo Radio', 'Casa Giulietta', 'Centro Fotografia', 'Sighseeing']",San Zeno,strategy_nearest,False,0.0020911693572998047,success
04C11D3A9C4C80,3,"['Arena', 'San Fermo', 'Casa Giulietta']",Torre Lamberti,"['Sighseeing', 'Centro Fotografia', 'Museo Conte', 'Palazzo della Ragione', 'AMO']",Santa Anastasia,strategy_nearest,False,0.0047490596771240234,success
04C1224A9C4C80,2,"['Tomba Giulietta', 'Teatro Romano', 'Casa Giulietta']",Castelvecchio,"['Museo Lapidario', 'Verona Tour', 'Arena', 'Museo Radio', 'San Zeno']",Santa Anastasia,strategy_nearest,False,0.002824068069458008,success
04C1243A9C4C84,1,"['Arena', 'Torre Lamberti']",Palazzo della Ragione,"['AMO', 'Museo Conte', 'Centro Fotografia', 'Sighseeing', 'Santa Anastasia']",Santa Anastasia,strategy_nearest,True,0.001955270767211914,success
04C123BA7B3F80,3,"['Castelvecchio', 'Casa Giulietta', 'Torre Lamberti']",Arena,"['Verona Tour', 'Museo Lapidario', 'Museo Radio', 'San Fermo', 'Sighseeing']",Tomba Giulietta,strategy_nearest,False,0.0014750957489013672,success
04C1264A9C4C80,3,"['Arena', 'Santa Anastasia']",Torre Lamberti,"['Sighseeing', 'Centro Fotografia', 'Museo Conte', 'Casa Giulietta', 'Palazzo della Ragione']",Casa Giulietta,strategy_nearest,True,0.0033960342407226562,success
04C1273A9C4C80,0,"['Castelvecchio', 'Arena']",Torre Lamberti,"['Sighseeing', 'Centro Fotografia', 'Museo Conte', 'Casa Giulietta', 'Palazzo della Ragione']",Casa Giulietta,strategy_nearest,True,0.002054929733276367,success
04C130BA7B3F80,3,"['Casa Giulietta', 'San Zeno']",Arena,"['Verona Tour', 'Museo Lapidario', 'Museo Radio', 'San Fermo', 'Sighseeing']",Santa Anastasia,strategy_nearest,False,0.0026328563690185547,success
04C131BA7B3F80,1,"['Castelvecchio', 'Torre Lamberti', 'Palazzo della Ragione', 'Casa Giulietta']",San Fermo,"['Museo Storia', 'Museo Radio', 'Centro Fotografia', 'Arena', 'Sighseeing']",San Zeno,strategy_nearest,False,0.002953052520751953,success
04C144BA7B3F80,3,"['Casa Giulietta', 'San Zeno']",Arena,"['Verona Tour', 'Museo Lapidario', 'Museo Radio', 'San Fermo', 'Sighseeing']",Santa Anastasia,strategy_nearest,False,0.003589153289794922,success
04C1473A9C4C80,1,"['Torre Lamberti', 'Arena', 'Santa Anastasia']",Castelvecchio,"['Museo Lapidario', 'Verona Tour', 'Museo Radio', 'San Zeno', 'Sighseeing']",San Fermo,strategy_nearest,False,0.0026259422302246094,success
04C14ABA7B3F80,3,"['Arena', 'Torre Lamberti', 'Santa Anastasia']",Casa Giulietta,"['Centro Fotografia', 'Sighseeing', 'Museo Conte', 'Museo Radio', 'Palazzo della Ragione']",San Fermo,strategy_nearest,False,0.002794981002807617,success
04C14A3A9C4C80,0,"['Arena', 'Torre Lamberti']",Casa Giulietta,"['Centro Fotografia', 'Sighseeing', 'Museo Conte', 'Museo Radio', 'Palazzo della Ragione']",Castelvecchio,strategy_nearest,False,0.004182577133178711,success
04C14BBA7B3F80,6,"['Castelvecchio', 'Arena']",Casa Giulietta,"['Centro Fotografia', 'Sighseeing', 'Torre Lamberti', 'Museo Conte', 'Museo Radio']",Torre Lamberti,strategy_nearest,True,0.0031359195709228516,success
04C1523A9C4C80,1,"['Arena', 'Casa Giulietta']",Torre Lamberti,"['Sighseeing', 'Centro Fotografia', 'Museo Conte', 'Palazzo della Ragione', 'AMO']",Palazzo della Ragione,strategy_nearest,True,0.004161834716796875,success
04C152BA7B3F80,3,"['Casa Giulietta', 'Santa Anastasia', 'Duomo']",Arena,"['Verona Tour', 'Museo Lapidario', 'Museo Radio', 'San Fermo', 'Sighseeing']",Tomba Giulietta,strategy_nearest,False,0.004142284393310547,success
04C1543A9C4C80,0,['Tomba Giulietta'],Arena,"['Verona Tour', 'Museo Lapidario', 'Museo Radio', 'San Fermo', 'Casa Giulietta']",Casa Giulietta,strategy_nearest,True,0.0022978782653808594,success
04C15C429C4C80,0,['Arena'],Castelvecchio,"['Museo Lapidario', 'Verona Tour', 'Museo Radio', 'San Zeno', 'Sighseeing']",Casa Giulietta,strategy_nearest,False,0.0024979114532470703,success
04C16C429C4C80,0,['Arena'],Casa Giulietta,"['Centro Fotografia', 'Sighseeing', 'Torre Lamberti', 'Museo Conte', 'Museo Radio']",Duomo,strategy_nearest,False,0.002839803695678711,success
04C15FBA7B3F80,3,"['Arena', 'Castelvecchio', 'Casa Giulietta']",Torre Lamberti,"['Sighseeing', 'Centro Fotografia', 'Museo Conte', 'Palazzo della Ragione', 'AMO']",Duomo,strategy_nearest,False,0.0020401477813720703,success
04C164BA7B3F80,0,"['Arena', 'Casa Giulietta']",Torre Lamberti,"['Sighseeing', 'Centro Fotografia', 'Museo Conte', 'Palazzo della Ragione', 'AMO']",Giardino Giusti,strategy_nearest,False,0.002994060516357422,success
04C171429C4C80,0,['Arena'],Casa Giulietta,"['Centro Fotografia', 'Sighseeing', 'Torre Lamberti', 'Museo Conte', 'Museo Radio']",Duomo,strategy_nearest,False,0.003492116928100586,success
04C1763A9C4C80,0,['Arena'],Casa Giulietta,"['Centro Fotografia', 'Sighseeing', 'Torre Lamberti', 'Museo Conte', 'Museo Radio']",Torre Lamberti,strategy_nearest,True,0.002969026565551758,success
04C17B3A9C4C80,0,['Museo Lapidario'],Casa Giulietta,"['Centro Fotografia', 'Sighseeing', 'Torre Lamberti', 'Museo Conte', 'Museo Radio']",Arena,strategy_nearest,False,0.002343893051147461,success
04C17D429C4C80,3,"['Arena', 'Casa Giulietta', 'Torre Lamberti']",Giardino Giusti,"['Santa Anastasia', 'Teatro Romano', 'Museo Conte', 'Centro Fotografia', 'Museo Storia']",Teatro Romano,strategy_nearest,True,0.002931833267211914,success
04C1874A9C4C80,3,"['Arena', 'Casa Giulietta']",Torre Lamberti,"['Sighseeing', 'Centro Fotografia', 'Museo Conte', 'Palazzo della Ragione', 'AMO']",Teatro Romano,strategy_nearest,False,0.0034449100494384766,success
04C18E429C4C80,3,"['Casa Giulietta', 'Santa Anastasia']",Duomo,"['AMO', 'Museo Miniscalchi', 'Teatro Romano', 'Palazzo della Ragione', 'Museo Conte']",Arena,strategy_nearest,False,0.002541780471801758,success
04C18ABA7B3F80,3,"['Castelvecchio', 'Arena']",Duomo,"['AMO', 'Museo Miniscalchi', 'Santa Anastasia', 'Teatro Romano', 'Palazzo della Ragione']",San Zeno,strategy_nearest,False,0.0026102066040039062,success
04C1894A9C4C80,3,"['Castelvecchio', 'Arena']",Casa Giulietta,"['Centro Fotografia', 'Sighseeing', 'Torre Lamberti', 'Museo Conte', 'Museo Radio']",Torre Lamberti,strategy_nearest,True,0.002696990966796875,success
04C192BA7B3F80,3,"['Arena', 'Castelvecchio']",Casa Giulietta,"['Centro Fotografia', 'Sighseeing', 'Torre Lamberti', 'Museo Conte', 'Museo Radio']",Santa Anastasia,strategy_nearest,False,0.00310516357421875,success
04C1A8429C4C80,0,['Arena'],Castelvecchio,"['Museo Lapidario', 'Verona Tour', 'Museo Radio', 'San Zeno', 'Sighseeing']",Torre Lamberti,strategy_nearest,False,0.002062082290649414,success
04C1AABA7B3F80,0,"['Castelvecchio', 'Arena']",Casa Giulietta,"['Centro Fotografia', 'Sighseeing', 'Torre Lamberti', 'Museo Conte', 'Museo Radio']",Giardino Giusti,strategy_nearest,False,0.0027170181274414062,success
04C1AF3A9C4C80,0,['Arena'],Teatro Romano,"['Santa Anastasia', 'Duomo', 'AMO', 'Palazzo della Ragione', 'Museo Conte']",Casa Giulietta,strategy_nearest,False,0.0031599998474121094,success
04C1A4429C4C80,1,"['Arena', 'Casa Giulietta', 'Torre Lamberti']",Palazzo della Ragione,"['AMO', 'Museo Conte', 'Centro Fotografia', 'Sighseeing', 'Santa Anastasia']",Santa Anastasia,strategy_nearest,True,0.0027010440826416016,success
04C1B6429C4C80,0,['Arena'],Tomba Giulietta,"['San Fermo', 'Museo Storia', 'Museo Lapidario', 'Museo Radio', 'Verona Tour']",Castelvecchio,strategy_nearest,False,0.0012791156768798828,success
04C1B8429C4C80,1,"['Arena', 'San Fermo', 'Casa Giulietta', 'Torre Lamberti']",Palazzo della Ragione,"['AMO', 'Museo Conte', 'Centro Fotografia', 'Sighseeing', 'Santa Anastasia']",Santa Anastasia,strategy_nearest,True,0.0038383007049560547,success
04C1C93A9C4C80,3,['Arena'],Santa Anastasia,"['AMO', 'Museo Conte', 'Palazzo della Ragione', 'Teatro Romano', 'Centro Fotografia']",Teatro Romano,strategy_nearest,True,0.003144979476928711,success
04C1B9429C4C80,3,"['Santa Anastasia', 'Casa Giulietta']",Torre Lamberti,"['Sighseeing', 'Centro Fotografia', 'Museo Conte', 'Palazzo della Ragione', 'AMO']",Duomo,strategy_nearest,False,0.0025370121002197266,success
04C1CA3A9C4C80,0,['Arena'],Museo Lapidario,"['Verona Tour', 'Castelvecchio', 'Museo Radio', 'San Fermo', 'Casa Giulietta']",Casa Giulietta,strategy_nearest,True,0.0018420219421386719,success
04C1CE3A9C4C80,2,['Casa Giulietta'],Torre Lamberti,"['Sighseeing', 'Centro Fotografia', 'Museo Conte', 'Palazzo della Ragione', 'AMO']",Santa Anastasia,strategy_nearest,False,0.0023767948150634766,success
04C1D1BA7B3F80,0,['Duomo'],Arena,"['Verona Tour', 'Museo Lapidario', 'Museo Radio', 'San Fermo', 'Casa Giulietta']",Castelvecchio,strategy_nearest,False,0.003548145294189453,success
04C1CC429C4C80,1,"['Torre Lamberti', 'Palazzo della Ragione']",Castelvecchio,"['Museo Lapidario', 'Verona Tour', 'Arena', 'Museo Radio', 'San Zeno']",Arena,strategy_nearest,True,0.0032486915588378906,success
04C1D6429C4C80,0,"['Arena', 'Museo Lapidario']",Castelvecchio,"['Verona Tour', 'Museo Radio', 'San Zeno', 'Sighseeing', 'Museo Miniscalchi']",Torre Lamberti,strategy_nearest,False,0.0023272037506103516,success
04C1DC3A9C4C80,3,"['Arena', 'Casa Giulietta']",Santa Anastasia,"['AMO', 'Museo Conte', 'Palazzo della Ragione', 'Teatro Romano', 'Centro Fotografia']",Duomo,strategy_nearest,False,0.002359151840209961,success
04C1DB3A9C4C80,3,"['Arena', 'Casa Giulietta']",San Fermo,"['Museo Storia', 'Museo Radio', 'Centro Fotografia', 'Sighseeing', 'Torre Lamberti']",Torre Lamberti,strategy_nearest,True,0.004659891128540039,success
04C1DE3A9C4C80,0,['Castelvecchio'],Arena,"['Verona Tour', 'Museo Lapidario', 'Museo Radio', 'San Fermo', 'Casa Giulietta']",Torre Lamberti,strategy_nearest,False,0.0037610530853271484,success
04C1DEBA7B3F80,6,"['Castelvecchio', 'Santa Anastasia']",Torre Lamberti,"['Sighseeing', 'Centro Fotografia', 'Museo Conte', 'Casa Giulietta', 'Palazzo della Ragione']",Verona Tour,strategy_nearest,False,0.0031790733337402344,success
04C1EABA7B3F80,3,"['San Zeno', 'Castelvecchio', 'Arena', 'Casa Giulietta']",San Fermo,"['Museo Storia', 'Museo Radio', 'Centro Fotografia', 'Sighseeing', 'Torre Lamberti']",Santa Anastasia,strategy_nearest,False,0.0037260055541992188,success
04C1EBBA7B3F80,3,"['Castelvecchio', 'Torre Lamberti']",Casa Giulietta,"['Centro Fotografia', 'Sighseeing', 'Museo Conte', 'Museo Radio', 'Palazzo della Ragione']",Santa Anastasia,strategy_nearest,False,0.0029518604278564453,success
04C1F1BA7B3F80,0,['Castelvecchio'],Arena,"['Verona Tour', 'Museo Lapidario', 'Museo Radio', 'San Fermo', 'Casa Giulietta']",San Fermo,strategy_nearest,True,0.003832101821899414,success
04C1F13A9C4C80,0,"['Teatro Romano', 'Castelvecchio']",San Zeno,"['Verona Tour', 'Museo Lapidario', 'Arena', 'Museo Miniscalchi', 'Sighseeing']",Arena,strategy_nearest,True,0.0039348602294921875,success
04C1F5429C4C80,3,"['Casa Giulietta', 'Torre Lamberti', 'Santa Anastasia']",Duomo,"['AMO', 'Museo Miniscalchi', 'Teatro Romano', 'Palazzo della Ragione', 'Museo Conte']",Arena,strategy_nearest,False,0.002993345260620117,success
04C1F63A9C4C80,3,"['Torre Lamberti', 'Casa Giulietta', 'Duomo', 'Teatro Romano']",Giardino Giusti,"['Santa Anastasia', 'Museo Conte', 'Centro Fotografia', 'Museo Storia', 'AMO']",Tomba Giulietta,strategy_nearest,False,0.003421783447265625,success
04C1FC429C4C80,1,"['Santa Anastasia', 'Teatro Romano']",Duomo,"['AMO', 'Museo Miniscalchi', 'Palazzo della Ragione', 'Museo Conte', 'Torre Lamberti']",Arena,strategy_nearest,False,0.002287149429321289,success
04C241429C4C80,1,"['Arena', 'Torre Lamberti']",Palazzo della Ragione,"['AMO', 'Museo Conte', 'Centro Fotografia', 'Sighseeing', 'Santa Anastasia']",Casa Giulietta,strategy_nearest,False,0.0026018619537353516,success
04C262429C4C80,3,['Arena'],Santa Anastasia,"['AMO', 'Museo Conte', 'Palazzo della Ragione', 'Teatro Romano', 'Centro Fotografia']",Duomo,strategy_nearest,False,0.002753019332885742,success
04C261BA7B3F80,0,"['Arena', 'Castelvecchio']",San Zeno,"['Verona Tour', 'Museo Lapidario', 'Museo Miniscalchi', 'Sighseeing', 'Museo Radio']",Casa Giulietta,strategy_nearest,False,0.003924131393432617,success
04C2C7429C4C80,3,"['Museo Storia', 'San Fermo']",Santa Anastasia,"['AMO', 'Museo Conte', 'Palazzo della Ragione', 'Teatro Romano', 'Centro Fotografia']",Casa Giulietta,strategy_nearest,False,0.00273895263671875,success
04C2E93A9C4C80,3,"['Castelvecchio', 'Torre Lamberti']",Santa Anastasia,"['AMO', 'Museo Conte', 'Palazzo della Ragione', 'Teatro Romano', 'Centro Fotografia']",Duomo,strategy_nearest,False,0.0031638145446777344,success
04C310BA7B3F80,3,"['Torre Lamberti', 'Castelvecchio', 'Santa Anastasia']",Duomo,"['AMO', 'Museo Miniscalchi', 'Teatro Romano', 'Palazzo della Ragione', 'Museo Conte']",Arena,strategy_nearest,False,0.002257108688354492,success
04C2EB429C4C80,3,"['Teatro Romano', 'Arena', 'Casa Giulietta']",Santa Anastasia,"['AMO', 'Museo Conte', 'Palazzo della Ragione', 'Centro Fotografia', 'Duomo']",Duomo,strategy_nearest,True,0.0036110877990722656,success
04C312429C4C80,1,"['Torre Lamberti', 'Palazzo della Ragione']",Santa Anastasia,"['AMO', 'Museo Conte', 'Teatro Romano', 'Centro Fotografia', 'Duomo']",Arena,strategy_nearest,False,0.0033380985260009766,success
04C3023A9C4C84,1,"['Torre Lamberti', 'Palazzo della Ragione']",Arena,"['Verona Tour', 'Museo Lapidario', 'Museo Radio', 'San Fermo', 'Casa Giulietta']",Duomo,strategy_nearest,False,0.0015943050384521484,success
04C315429C4C80,3,"['Castelvecchio', 'Arena', 'Torre Lamberti']",Casa Giulietta,"['Centro Fotografia', 'Sighseeing', 'Museo Conte', 'Museo Radio', 'Palazzo della Ragione']",San Fermo,strategy_nearest,False,0.0027501583099365234,success
04C3173A9C4C84,1,"['Santa Anastasia', 'Palazzo della Ragione', 'Torre Lamberti']",Casa Giulietta,"['Centro Fotografia', 'Sighseeing', 'Museo Conte', 'Museo Radio', 'San Fermo']",Arena,strategy_nearest,False,0.0013887882232666016,success
04C314BA7B3F84,3,['Arena'],Torre Lamberti,"['Sighseeing', 'Centro Fotografia', 'Museo Conte', 'Casa Giulietta', 'Palazzo della Ragione']",Duomo,strategy_nearest,False,0.0021622180938720703,success
04C3193A9C4C80,3,"['Arena', 'Casa Giulietta']",Santa Anastasia,"['AMO', 'Museo Conte', 'Palazzo della Ragione', 'Teatro Romano', 'Centro Fotografia']",Duomo,strategy_nearest,False,0.003161191940307617,success
04C320429C4C80,0,"['San Fermo', 'Teatro Romano']",Museo Lapidario,"['Verona Tour', 'Arena', 'Castelvecchio', 'Museo Radio', 'Casa Giulietta']",Giardino Giusti,strategy_nearest,False,0.0034551620483398438,success
04C320BA7B3F84,1,"['Arena', 'Castelvecchio']",Casa Giulietta,"['Centro Fotografia', 'Sighseeing', 'Torre Lamberti', 'Museo Conte', 'Museo Radio']",Palazzo della Ragione,strategy_nearest,False,0.0037407875061035156,success
04C31B3A9C4C84,1,"['Torre Lamberti', 'Palazzo della Ragione', 'Duomo']",Teatro Romano,"['Santa Anastasia', 'AMO', 'Museo Conte', 'Centro Fotografia', 'Museo Miniscalchi']",Casa Giulietta,strategy_nearest,False,0.0026519298553466797,success
04C320BA7B3F80,1,"['Arena', 'Casa Giulietta']",Torre Lamberti,"['Sighseeing', 'Centro Fotografia', 'Museo Conte', 'Palazzo della Ragione', 'AMO']",Palazzo della Ragione,strategy_nearest,True,0.003538846969604492,success
04C321429C4C80,3,"['Arena', 'Castelvecchio', 'Casa Giulietta']",Tomba Giulietta,"['San Fermo', 'Museo Storia', 'Museo Lapidario', 'Museo Radio', 'Verona Tour']",Torre Lamberti,strategy_nearest,False,0.002985239028930664,success
04C3233A9C4C84,0,['Casa Giulietta'],Duomo,"['AMO', 'Museo Miniscalchi', 'Santa Anastasia', 'Teatro Romano', 'Palazzo della Ragione']",Teatro Romano,strategy_nearest,True,0.002231121063232422,success
04C3213A9C4C84,3,"['Giardino Giusti', 'Duomo', 'Castelvecchio', 'San Zeno']",Arena,"['Verona Tour', 'Museo Lapidario', 'Museo Radio', 'San Fermo', 'Casa Giulietta']",Tomba Giulietta,strategy_nearest,False,0.002214193344116211,success
04C3224A9C4C80,2,"['Castelvecchio', 'Tomba Giulietta', 'Casa Giulietta', 'Santa Anastasia']",Torre Lamberti,"['Sighseeing', 'Centro Fotografia', 'Museo Conte', 'Palazzo della Ragione', 'AMO']",Palazzo della Ragione,strategy_nearest,True,0.0037660598754882812,success
04C32DBA7B3F80,3,"['Castelvecchio', 'Arena', 'San Fermo']",Giardino Giusti,"['Santa Anastasia', 'Teatro Romano', 'Museo Conte', 'Centro Fotografia', 'Museo Storia']",Teatro Romano,strategy_nearest,True,0.0020661354064941406,success
04C337429C4C80,1,"['Palazzo della Ragione', 'Torre Lamberti', 'Casa Giulietta']",Castelvecchio,"['Museo Lapidario', 'Verona Tour', 'Arena', 'Museo Radio', 'San Zeno']",Arena,strategy_nearest,True,0.0026361942291259766,success
04C3243A9C4C80,1,"['Arena', 'Casa Giulietta']",Palazzo della Ragione,"['AMO', 'Museo Conte', 'Torre Lamberti', 'Centro Fotografia', 'Sighseeing']",Santa Anastasia,strategy_nearest,False,0.0028340816497802734,success
04C33F3A9C4C80,0,['Arena'],Casa Giulietta,"['Centro Fotografia', 'Sighseeing', 'Torre Lamberti', 'Museo Conte', 'Museo Radio']",Torre Lamberti,strategy_nearest,True,0.0018918514251708984,success
04C340BA7B3F80,0,"['Castelvecchio', 'Arena']",Casa Giulietta,"['Centro Fotografia', 'Sighseeing', 'Torre Lamberti', 'Museo Conte', 'Museo Radio']",Giardino Giusti,strategy_nearest,False,0.0027649402618408203,success
04C33A3A9C4C80,0,['Arena'],Casa Giulietta,"['Centro Fotografia', 'Sighseeing', 'Torre Lamberti', 'Museo Conte', 'Museo Radio']",Santa Anastasia,strategy_nearest,False,0.0038928985595703125,success
04C342429C4C80,3,"['Santa Anastasia', 'Duomo']",Torre Lamberti,"['Sighseeing', 'Centro Fotografia', 'Museo Conte', 'Casa Giulietta', 'Palazzo della Ragione']",Casa Giulietta,strategy_nearest,True,0.0034928321838378906,success
04C350BA7B3F80,3,"['Arena', 'Casa Giulietta', 'San Fermo', 'Santa Anastasia']",Duomo,"['AMO', 'Museo Miniscalchi', 'Teatro Romano', 'Palazzo della Ragione', 'Museo Conte']",Teatro Romano,strategy_nearest,True,0.0030968189239501953,success
04C3543A9C4C80,3,"['Casa Giulietta', 'Arena']",Giardino Giusti,"['Santa Anastasia', 'Teatro Romano', 'Museo Conte', 'Centro Fotografia', 'Museo Storia']",Santa Anastasia,strategy_nearest,True,0.0032529830932617188,success
04C347429C4C80,3,['Arena'],Casa Giulietta,"['Centro Fotografia', 'Sighseeing', 'Torre Lamberti', 'Museo Conte', 'Museo Radio']",Torre Lamberti,strategy_nearest,True,0.0026328563690185547,success
04C356BA7B3F80,3,"['Torre Lamberti', 'Teatro Romano', 'Santa Anastasia']",Casa Giulietta,"['Centro Fotografia', 'Sighseeing', 'Museo Conte', 'Museo Radio', 'Palazzo della Ragione']",San Zeno,strategy_nearest,False,0.0021657943725585938,success
04C36DBA7B3F80,3,"['Castelvecchio', 'Arena', 'San Fermo']",Giardino Giusti,"['Santa Anastasia', 'Teatro Romano', 'Museo Conte', 'Centro Fotografia', 'Museo Storia']",Teatro Romano,strategy_nearest,True,0.0032019615173339844,success
04C364429C4C80,0,['Arena'],Casa Giulietta,"['Centro Fotografia', 'Sighseeing', 'Torre Lamberti', 'Museo Conte', 'Museo Radio']",Torre Lamberti,strategy_nearest,True,0.0027332305908203125,success
04C35C3A9C4C80,1,['Arena'],Casa Giulietta,"['Centro Fotografia', 'Sighseeing', 'Torre Lamberti', 'Museo Conte', 'Museo Radio']",Torre Lamberti,strategy_nearest,True,0.0029151439666748047,success
04C37DBA7B3F80,3,"['Torre Lamberti', 'Castelvecchio', 'Santa Anastasia']",Duomo,"['AMO', 'Museo Miniscalchi', 'Teatro Romano', 'Palazzo della Ragione', 'Museo Conte']",Arena,strategy_nearest,False,0.002162933349609375,success
04C374429C4C80,0,['Arena'],Castelvecchio,"['Museo Lapidario', 'Verona Tour', 'Museo Radio', 'San Zeno', 'Sighseeing']",San Zeno,strategy_nearest,True,0.0029141902923583984,success
04C3844A9C4C80,1,"['Teatro Romano', 'Teatro Romano']",Duomo,"['AMO', 'Museo Miniscalchi', 'Santa Anastasia', 'Palazzo della Ragione', 'Museo Conte']",Palazzo della Ragione,strategy_nearest,True,0.0032739639282226562,success
04C371429C4C80,0,['Arena'],Casa Giulietta,"['Centro Fotografia', 'Sighseeing', 'Torre Lamberti', 'Museo Conte', 'Museo Radio']",Castelvecchio,strategy_nearest,False,0.0021529197692871094,success
04C39E4A9C4C80,0,['Arena'],Torre Lamberti,"['Sighseeing', 'Centro Fotografia', 'Museo Conte', 'Casa Giulietta', 'Palazzo della Ragione']",Castelvecchio,strategy_nearest,False,0.002170085906982422,success
04C390429C4C80,0,['Arena'],Castelvecchio,"['Museo Lapidario', 'Verona Tour', 'Museo Radio', 'San Zeno', 'Sighseeing']",Casa Giulietta,strategy_nearest,False,0.0028090476989746094,success
04C3AA3A9C4C80,2,['Casa Giulietta'],Giardino Giusti,"['Santa Anastasia', 'Teatro Romano', 'Museo Conte', 'Centro Fotografia', 'Museo Storia']",Teatro Romano,strategy_nearest,True,0.0027549266815185547,success
04C3AD3A9C4C80,2,['Torre Lamberti'],Duomo,"['AMO', 'Museo Miniscalchi', 'Santa Anastasia', 'Teatro Romano', 'Palazzo della Ragione']",Santa Anastasia,strategy_nearest,True,0.003281831741333008,success
04C3B53A9C4C80,1,"['Duomo', 'Santa Anastasia', 'Torre Lamberti']",Palazzo della Ragione,"['AMO', 'Museo Conte', 'Centro Fotografia', 'Sighseeing', 'Museo Miniscalchi']",Casa Giulietta,strategy_nearest,False,0.0036368370056152344,success
04C3B03A9C4C80,3,"['Arena', 'San Fermo']",Duomo,"['AMO', 'Museo Miniscalchi', 'Santa Anastasia', 'Teatro Romano', 'Palazzo della Ragione']",Santa Anastasia,strategy_nearest,True,0.001964092254638672,success
04C3BB429C4C80,3,['Arena'],Casa Giulietta,"['Centro Fotografia', 'Sighseeing', 'Torre Lamberti', 'Museo Conte', 'Museo Radio']",Duomo,strategy_nearest,False,0.0022101402282714844,success
04C3B9429C4C80,3,"['Arena', 'Castelvecchio']",Casa Giulietta,"['Centro Fotografia', 'Sighseeing', 'Torre Lamberti', 'Museo Conte', 'Museo Radio']",Torre Lamberti,strategy_nearest,True,0.0028960704803466797,success
04C3BC429C4C80,3,['Castelvecchio'],Arena,"['Verona Tour', 'Museo Lapidario', 'Museo Radio', 'San Fermo', 'Casa Giulietta']",Santa Anastasia,strategy_nearest,False,0.0015630722045898438,success
04C3C2429C4C80,0,['Arena'],Casa Giulietta,"['Centro Fotografia', 'Sighseeing', 'Torre Lamberti', 'Museo Conte', 'Museo Radio']",Duomo,strategy_nearest,False,0.0023369789123535156,success
04C3C6429C4C80,2,['Torre Lamberti'],Casa Giulietta,"['Centro Fotografia', 'Sighseeing', 'Museo Conte', 'Museo Radio', 'Palazzo della Ragione']",Santa Anastasia,strategy_nearest,False,0.0029671192169189453,success
04C3C73A9C4C80,0,['Castelvecchio'],Arena,"['Verona Tour', 'Museo Lapidario', 'Museo Radio', 'San Fermo', 'Casa Giulietta']",Casa Giulietta,strategy_nearest,True,0.003493785858154297,success
04C3CCBA7B3F80,3,"['Torre Lamberti', 'Teatro Romano', 'Santa Anastasia']",Casa Giulietta,"['Centro Fotografia', 'Sighseeing', 'Museo Conte', 'Museo Radio', 'Palazzo della Ragione']",San Zeno,strategy_nearest,False,0.002516031265258789,success
04C3D1429C4C80,1,"['Torre Lamberti', 'Palazzo della Ragione', 'Santa Anastasia']",Casa Giulietta,"['Centro Fotografia', 'Sighseeing', 'Museo Conte', 'Museo Radio', 'San Fermo']",Giardino Giusti,strategy_nearest,False,0.0017919540405273438,success
04C3D6429C4C80,3,"['Giardino Giusti', 'Teatro Romano', 'Santa Anastasia']",Torre Lamberti,"['Sighseeing', 'Centro Fotografia', 'Museo Conte', 'Casa Giulietta', 'Palazzo della Ragione']",Casa Giulietta,strategy_nearest,True,0.003264904022216797,success
04C3DC3A9C4C80,3,['Arena'],Santa Anastasia,"['AMO', 'Museo Conte', 'Palazzo della Ragione', 'Teatro Romano', 'Centro Fotografia']",Duomo,strategy_nearest,False,0.0026590824127197266,success
04C3D63A9C4C80,1,"['Arena', 'Museo Lapidario', 'Casa Giulietta']",Palazzo della Ragione,"['AMO', 'Museo Conte', 'Torre Lamberti', 'Centro Fotografia', 'Sighseeing']",Torre Lamberti,strategy_nearest,True,0.0029201507568359375,success
04C3DE3A9C4C80,3,"['Arena', 'Casa Giulietta']",Santa Anastasia,"['AMO', 'Museo Conte', 'Palazzo della Ragione', 'Teatro Romano', 'Centro Fotografia']",Duomo,strategy_nearest,False,0.002991914749145508,success
04C3E4BA7B3F80,3,"['Arena', 'Museo Lapidario', 'Castelvecchio', 'Torre Lamberti']",Casa Giulietta,"['Centro Fotografia', 'Sighseeing', 'Museo Conte', 'Museo Radio', 'Palazzo della Ragione']",San Fermo,strategy_nearest,False,0.0022678375244140625,success
04C3FB429C4C80,1,"['Arena', 'Museo Lapidario']",Torre Lamberti,"['Sighseeing', 'Centro Fotografia', 'Museo Conte', 'Casa Giulietta', 'Palazzo della Ragione']",Palazzo della Ragione,strategy_nearest,True,0.0034182071685791016,success
04C3DEBA7B3F80,6,"['Casa Giulietta', 'Tomba Giulietta', 'Arena', 'Torre Lamberti']",Verona Tour,"['Museo Lapidario', 'Castelvecchio', 'Museo Radio', 'Sighseeing', 'San Fermo']",Duomo,strategy_nearest,False,0.002148151397705078,success
04C3EB3A9C4C80,1,['Arena'],Casa Giulietta,"['Centro Fotografia', 'Sighseeing', 'Torre Lamberti', 'Museo Conte', 'Museo Radio']",Torre Lamberti,strategy_nearest,True,0.0028879642486572266,success
04C4023A9C4C84,1,"['Torre Lamberti', 'Palazzo della Ragione']",Arena,"['Verona Tour', 'Museo Lapidario', 'Museo Radio', 'San Fermo', 'Casa Giulietta']",Duomo,strategy_nearest,False,0.002804279327392578,success
04C3FC429C4C80,3,"['Arena', 'Casa Giulietta', 'Torre Lamberti']",Castelvecchio,"['Museo Lapidario', 'Verona Tour', 'Museo Radio', 'San Zeno', 'Sighseeing']",Duomo,strategy_nearest,False,0.0031397342681884766,success
04C4013A9C4C84,0,['Arena'],Santa Anastasia,"['AMO', 'Museo Conte', 'Palazzo della Ragione', 'Teatro Romano', 'Centro Fotografia']",Casa Giulietta,strategy_nearest,False,0.0036940574645996094,success
04C400429C4C84,1,"['Castelvecchio', 'San Zeno', 'Santa Anastasia', 'Teatro Romano']",Casa Giulietta,"['Centro Fotografia', 'Sighseeing', 'Torre Lamberti', 'Museo Conte', 'Museo Radio']",Torre Lamberti,strategy_nearest,True,0.0016980171203613281,success
04C40A3A9C4C84,0,['Teatro Romano'],Duomo,"['AMO', 'Museo Miniscalchi', 'Santa Anastasia', 'Palazzo della Ragione', 'Museo Conte']",Casa Giulietta,strategy_nearest,False,0.0022950172424316406,success
04C40C429C4C80,3,"['Tomba Giulietta', 'Casa Giulietta', 'Arena']",Castelvecchio,"['Museo Lapidario', 'Verona Tour', 'Museo Radio', 'San Zeno', 'Sighseeing']",Santa Anastasia,strategy_nearest,False,0.0028562545776367188,success
04C4183A9C4C84,0,['Arena'],Castelvecchio,"['Museo Lapidario', 'Verona Tour', 'Museo Radio', 'San Zeno', 'Sighseeing']",Teatro Romano,strategy_nearest,False,0.001600027084350586,success
04C41B3A9C4C80,0,['Arena'],Casa Giulietta,"['Centro Fotografia', 'Sighseeing', 'Torre Lamberti', 'Museo Conte', 'Museo Radio']",Duomo,strategy_nearest,False,0.0033740997314453125,success
04C4223A9C4C84,0,['Arena'],Castelvecchio,"['Museo Lapidario', 'Verona Tour', 'Museo Radio', 'San Zeno', 'Sighseeing']",Casa Giulietta,strategy_nearest,False,0.00299072265625,success
04C4224A9C4C80,3,"['Arena', 'Santa Anastasia']",Casa Giulietta,"['Centro Fotografia', 'Sighseeing', 'Torre Lamberti', 'Museo Conte', 'Museo Radio']",Castelvecchio,strategy_nearest,False,0.002095937728881836,success
04C4233A9C4C84,0,['Arena'],Casa Giulietta,"['Centro Fotografia', 'Sighseeing', 'Torre Lamberti', 'Museo Conte', 'Museo Radio']",Torre Lamberti,strategy_nearest,True,0.003716707229614258,success
04C4233A9C4C80,1,['Arena'],Casa Giulietta,"['Centro Fotografia', 'Sighseeing', 'Torre Lamberti', 'Museo Conte', 'Museo Radio']",Torre Lamberti,strategy_nearest,True,0.0035729408264160156,success
04C43D3A9C4C80,0,"['Tomba Giulietta', 'Torre Lamberti']",Museo Storia,"['San Fermo', 'Museo Radio', 'Casa Giulietta', 'Centro Fotografia', 'Arena']",Arena,strategy_nearest,True,0.0020880699157714844,success
04C4353A9C4C80,3,"['Arena', 'Casa Giulietta']",Santa Anastasia,"['AMO', 'Museo Conte', 'Palazzo della Ragione', 'Teatro Romano', 'Centro Fotografia']",Giardino Giusti,strategy_nearest,False,0.0040280818939208984,success
04C442429C4C80,0,['Arena'],Casa Giulietta,"['Centro Fotografia', 'Sighseeing', 'Torre Lamberti', 'Museo Conte', 'Museo Radio']",Castelvecchio,strategy_nearest,False,0.001455068588256836,success
04C4433A9C4C80,0,"['Tomba Giulietta', 'Arena']",Castelvecchio,"['Museo Lapidario', 'Verona Tour', 'Museo Radio', 'San Zeno', 'Sighseeing']",Casa Giulietta,strategy_nearest,False,0.0033621788024902344,success
04C443429C4C80,2,['Teatro Romano'],Casa Giulietta,"['Centro Fotografia', 'Sighseeing', 'Torre Lamberti', 'Museo Conte', 'Museo Radio']",Castelvecchio,strategy_nearest,False,0.0017979145050048828,success
04C4463A9C4C80,1,"['Arena', 'Casa Giulietta']",Torre Lamberti,"['Sighseeing', 'Centro Fotografia', 'Museo Conte', 'Palazzo della Ragione', 'AMO']",Palazzo della Ragione,strategy_nearest,True,0.0026290416717529297,success
04C447429C4C80,3,"['Arena', 'Teatro Romano']",Torre Lamberti,"['Sighseeing', 'Centro Fotografia', 'Museo Conte', 'Casa Giulietta', 'Palazzo della Ragione']",Santa Anastasia,strategy_nearest,False,0.00292205810546875,success
04C44E429C4C80,1,['Torre Lamberti'],Palazzo della Ragione,"['AMO', 'Museo Conte', 'Centro Fotografia', 'Sighseeing', 'Santa Anastasia']",Arena,strategy_nearest,False,0.0032448768615722656,success
04C44B3A9C4C80,1,"['Arena', 'Museo Lapidario', 'Castelvecchio']",Santa Anastasia,"['AMO', 'Museo Conte', 'Palazzo della Ragione', 'Teatro Romano', 'Centro Fotografia']",Palazzo della Ragione,strategy_nearest,True,0.0028061866760253906,success
04C4543A9C4C80,3,"['Castelvecchio', 'Arena', 'Casa Giulietta']",Duomo,"['AMO', 'Museo Miniscalchi', 'Santa Anastasia', 'Teatro Romano', 'Palazzo della Ragione']",Santa Anastasia,strategy_nearest,True,0.003837108612060547,success
04C459429C4C80,0,"['Casa Giulietta', 'Tomba Giulietta']",Teatro Romano,"['Santa Anastasia', 'Duomo', 'AMO', 'Palazzo della Ragione', 'Museo Conte']",Torre Lamberti,strategy_nearest,False,0.002306222915649414,success
04C464429C4C80,0,['Arena'],Casa Giulietta,"['Centro Fotografia', 'Sighseeing', 'Torre Lamberti', 'Museo Conte', 'Museo Radio']",Teatro Romano,strategy_nearest,False,0.002882719039916992,success
04C465429C4C80,3,"['Arena', 'Casa Giulietta']",Torre Lamberti,"['Sighseeing', 'Centro Fotografia', 'Museo Conte', 'Palazzo della Ragione', 'AMO']",Santa Anastasia,strategy_nearest,False,0.0026702880859375,success
04C465BA7B3F80,3,"['Santa Anastasia', 'Teatro Romano', 'Arena']",Tomba Giulietta,"['San Fermo', 'Museo Storia', 'Museo Lapidario', 'Museo Radio', 'Verona Tour']",Castelvecchio,strategy_nearest,False,0.0034837722778320312,success
04C469429C4C80,3,['Arena'],Santa Anastasia,"['AMO', 'Museo Conte', 'Palazzo della Ragione', 'Teatro Romano', 'Centro Fotografia']",Teatro Romano,strategy_nearest,True,0.0025129318237304688,success
04C4793A9C4C80,0,['Torre Lamberti'],Castelvecchio,"['Museo Lapidario', 'Verona Tour', 'Arena', 'Museo Radio', 'San Zeno']",Arena,strategy_nearest,True,0.0029828548431396484,success
04C47A3A9C4C80,0,"['Casa Giulietta', 'San Fermo']",Arena,"['Verona Tour', 'Museo Lapidario', 'Museo Radio', 'Sighseeing', 'Castelvecchio']",Castelvecchio,strategy_nearest,True,0.00286102294921875,success
04C47DBA7B3F80,3,"['Duomo', 'Santa Anastasia']",Torre Lamberti,"['Sighseeing', 'Centro Fotografia', 'Museo Conte', 'Casa Giulietta', 'Palazzo della Ragione']",Casa Giulietta,strategy_nearest,True,0.0032558441162109375,success
04C46A3A9C4C80,0,"['Arena', 'Torre Lamberti']",Teatro Romano,"['Santa Anastasia', 'Duomo', 'AMO', 'Palazzo della Ragione', 'Museo Conte']",Casa Giulietta,strategy_nearest,False,0.0023920536041259766,success
04C4813A9C4C80,1,"['Arena', 'Torre Lamberti']",Palazzo della Ragione,"['AMO', 'Museo Conte', 'Centro Fotografia', 'Sighseeing', 'Santa Anastasia']",Santa Anastasia,strategy_nearest,True,0.0014109611511230469,success
04C4843A9C4C80,0,['Arena'],Casa Giulietta,"['Centro Fotografia', 'Sighseeing', 'Torre Lamberti', 'Museo Conte', 'Museo Radio']",Tomba Giulietta,strategy_nearest,False,0.0020301342010498047,success
04C482429C4C80,1,"['Arena', 'San Fermo']",Palazzo della Ragione,"['AMO', 'Museo Conte', 'Torre Lamberti', 'Centro Fotografia', 'Sighseeing']",Torre Lamberti,strategy_nearest,True,0.002828836441040039,success
04C4A8429C4C80,1,"['Arena', 'Casa Giulietta', 'Torre Lamberti']",Palazzo della Ragione,"['AMO', 'Museo Conte', 'Centro Fotografia', 'Sighseeing', 'Santa Anastasia']",Santa Anastasia,strategy_nearest,True,0.002608060836791992,success
04C49C4A9C4C80,1,"['Arena', 'Casa Giulietta']",Torre Lamberti,"['Sighseeing', 'Centro Fotografia', 'Museo Conte', 'Palazzo della Ragione', 'AMO']",Palazzo della Ragione,strategy_nearest,True,0.0020821094512939453,success
04C48F3A9C4C80,0,['Arena'],Casa Giulietta,"['Centro Fotografia', 'Sighseeing', 'Torre Lamberti', 'Museo Conte', 'Museo Radio']",Castelvecchio,strategy_nearest,False,0.004663228988647461,success
04C4AC3A9C4C80,0,['Arena'],Casa Giulietta,"['Centro Fotografia', 'Sighseeing', 'Torre Lamberti', 'Museo Conte', 'Museo Radio']",Castelvecchio,strategy_nearest,False,0.0032711029052734375,success
04C4AD3A9C4C80,1,"['Arena', 'Casa Giulietta', 'Santa Anastasia']",Duomo,"['AMO', 'Museo Miniscalchi', 'Teatro Romano', 'Palazzo della Ragione', 'Museo Conte']",Palazzo della Ragione,strategy_nearest,True,0.0037178993225097656,success
04C4B63A9C4C80,0,"['Arena', 'Castelvecchio']",San Zeno,"['Verona Tour', 'Museo Lapidario', 'Museo Miniscalchi', 'Sighseeing', 'Museo Radio']",Torre Lamberti,strategy_nearest,False,0.002613067626953125,success
04C4B03A9C4C80,3,"['Arena', 'Casa Giulietta']",Torre Lamberti,"['Sighseeing', 'Centro Fotografia', 'Museo Conte', 'Palazzo della Ragione', 'AMO']",Santa Anastasia,strategy_nearest,False,0.0021576881408691406,success
04C4BE429C4C80,1,"['Arena', 'Casa Giulietta', 'Palazzo della Ragione']",Torre Lamberti,"['Sighseeing', 'Centro Fotografia', 'Museo Conte', 'AMO', 'Museo Miniscalchi']",Santa Anastasia,strategy_nearest,False,0.00341796875,success
04C4CF429C4C80,0,['Arena'],Teatro Romano,"['Santa Anastasia', 'Duomo', 'AMO', 'Palazzo della Ragione', 'Museo Conte']",Giardino Giusti,strategy_nearest,False,0.0033071041107177734,success
04C4C23A9C4C80,0,['Arena'],Casa Giulietta,"['Centro Fotografia', 'Sighseeing', 'Torre Lamberti', 'Museo Conte', 'Museo Radio']",Torre Lamberti,strategy_nearest,True,0.002171754837036133,success
04C4C03A9C4C80,2,['Casa Giulietta'],Torre Lamberti,"['Sighseeing', 'Centro Fotografia', 'Museo Conte', 'Palazzo della Ragione', 'AMO']",Palazzo della Ragione,strategy_nearest,True,0.0028438568115234375,success
04C4D13A9C4C80,3,"['Arena', 'San Zeno']",Teatro Romano,"['Santa Anastasia', 'Duomo', 'AMO', 'Palazzo della Ragione', 'Museo Conte']",Duomo,strategy_nearest,True,0.00215911865234375,success
04C4D3BA7B3F80,1,"['Castelvecchio', 'Palazzo della Ragione', 'Arena', 'Casa Giulietta']",Torre Lamberti,"['Sighseeing', 'Centro Fotografia', 'Museo Conte', 'AMO', 'Museo Miniscalchi']",Santa Anastasia,strategy_nearest,False,0.00215911865234375,success
04C4EB429C4C80,3,['Arena'],Casa Giulietta,"['Centro Fotografia', 'Sighseeing', 'Torre Lamberti', 'Museo Conte', 'Museo Radio']",Santa Anastasia,strategy_nearest,False,0.00308990478515625,success
04C4F03A9C4C80,1,['Arena'],Torre Lamberti,"['Sighseeing', 'Centro Fotografia', 'Museo Conte', 'Casa Giulietta', 'Palazzo della Ragione']",Palazzo della Ragione,strategy_nearest,True,0.002543210983276367,success
04C4D43A9C4C80,3,['Santa Anastasia'],Casa Giulietta,"['Centro Fotografia', 'Sighseeing', 'Torre Lamberti', 'Museo Conte', 'Museo Radio']",San Fermo,strategy_nearest,False,0.002913951873779297,success
04C4F63A9C4C80,1,"['Arena', 'Casa Giulietta']",Palazzo della Ragione,"['AMO', 'Museo Conte', 'Torre Lamberti', 'Centro Fotografia', 'Sighseeing']",Torre Lamberti,strategy_nearest,True,0.0024530887603759766,success
04C4FD3A9C4C80,0,"['Arena', 'Torre Lamberti']",Casa Giulietta,"['Centro Fotografia', 'Sighseeing', 'Museo Conte', 'Museo Radio', 'Palazzo della Ragione']",Teatro Romano,strategy_nearest,False,0.003712892532348633,success
04C50F429C4C80,0,['Arena'],Casa Giulietta,"['Centro Fotografia', 'Sighseeing', 'Torre Lamberti', 'Museo Conte', 'Museo Radio']",Torre Lamberti,strategy_nearest,True,0.001990795135498047,success
04C50E429C4C84,3,"['Arena', 'Museo Lapidario']",Tomba Giulietta,"['San Fermo', 'Museo Storia', 'Museo Radio', 'Verona Tour', 'Casa Giulietta']",San Fermo,strategy_nearest,True,0.0034291744232177734,success
04C5103A9C4C84,3,"['Castelvecchio', 'Arena']",Casa Giulietta,"['Centro Fotografia', 'Sighseeing', 'Torre Lamberti', 'Museo Conte', 'Museo Radio']",Santa Anastasia,strategy_nearest,False,0.0031549930572509766,success
04C518429C4C80,0,['Arena'],Casa Giulietta,"['Centro Fotografia', 'Sighseeing', 'Torre Lamberti', 'Museo Conte', 'Museo Radio']",Duomo,strategy_nearest,False,0.001519918441772461,success
04C5183A9C4C84,1,"['Santa Anastasia', 'Palazzo della Ragione', 'Torre Lamberti']",Casa Giulietta,"['Centro Fotografia', 'Sighseeing', 'Museo Conte', 'Museo Radio', 'San Fermo']",Arena,strategy_nearest,False,0.0034372806549072266,success
04C51D3A9C4C80,1,"['San Zeno', 'Castelvecchio', 'Arena', 'Torre Lamberti', 'Palazzo della Ragione']",Casa Giulietta,"['Centro Fotografia', 'Sighseeing', 'Museo Conte', 'Museo Radio', 'San Fermo']",Santa Anastasia,strategy_nearest,False,0.003537893295288086,success
04C51A3A9C4C84,2,['Museo Lapidario'],San Fermo,"['Museo Storia', 'Museo Radio', 'Casa Giulietta', 'Centro Fotografia', 'Arena']",Casa Giulietta,strategy_nearest,True,0.003021240234375,success
04C5223A9C4C84,1,"['Arena', 'Torre Lamberti']",Palazzo della Ragione,"['AMO', 'Museo Conte', 'Centro Fotografia', 'Sighseeing', 'Santa Anastasia']",Casa Giulietta,strategy_nearest,False,0.0025370121002197266,success
04C5393A9C4C80,0,"['Tomba Giulietta', 'Torre Lamberti']",Museo Storia,"['San Fermo', 'Museo Radio', 'Casa Giulietta', 'Centro Fotografia', 'Arena']",Arena,strategy_nearest,True,0.0025959014892578125,success
04C5273A9C4C84,6,['Arena'],Verona Tour,"['Museo Lapidario', 'Castelvecchio', 'Museo Radio', 'Casa Giulietta', 'Sighseeing']",Castelvecchio,strategy_nearest,True,0.003972053527832031,success
04C52A3A9C4C80,1,"['Arena', 'Santa Anastasia']",Torre Lamberti,"['Sighseeing', 'Centro Fotografia', 'Museo Conte', 'Casa Giulietta', 'Palazzo della Ragione']",Palazzo della Ragione,strategy_nearest,True,0.0020380020141601562,success
04C540429C4C80,3,"['Santa Anastasia', 'Duomo']",Arena,"['Verona Tour', 'Museo Lapidario', 'Museo Radio', 'San Fermo', 'Casa Giulietta']",San Fermo,strategy_nearest,True,0.003283262252807617,success
04C5433A9C4C80,3,"['Santa Anastasia', 'Duomo']",Teatro Romano,"['AMO', 'Palazzo della Ragione', 'Museo Conte', 'Centro Fotografia', 'Museo Miniscalchi']",Casa Giulietta,strategy_nearest,False,0.0021381378173828125,success
04C543429C4C80,3,"['Arena', 'Museo Storia', 'San Fermo']",Casa Giulietta,"['Centro Fotografia', 'Sighseeing', 'Torre Lamberti', 'Museo Conte', 'Museo Radio']",Torre Lamberti,strategy_nearest,True,0.002568960189819336,success
04C5463A9C4C80,1,"['Arena', 'Casa Giulietta']",Torre Lamberti,"['Sighseeing', 'Centro Fotografia', 'Museo Conte', 'Palazzo della Ragione', 'AMO']",Palazzo della Ragione,strategy_nearest,True,0.002652883529663086,success
04C561429C4C80,0,['Torre Lamberti'],Casa Giulietta,"['Centro Fotografia', 'Sighseeing', 'Museo Conte', 'Museo Radio', 'Palazzo della Ragione']",Arena,strategy_nearest,False,0.0033202171325683594,success
04C568429C4C80,1,"['Arena', 'Torre Lamberti']",Palazzo della Ragione,"['AMO', 'Museo Conte', 'Centro Fotografia', 'Sighseeing', 'Santa Anastasia']",Santa Anastasia,strategy_nearest,True,0.0026328563690185547,success
04C5473A9C4C80,0,['Santa Anastasia'],Casa Giulietta,"['Centro Fotografia', 'Sighseeing', 'Torre Lamberti', 'Museo Conte', 'Museo Radio']",Arena,strategy_nearest,False,0.00347900390625,success
04C56FBA7B3F80,1,"['Castelvecchio', 'Arena', 'Casa Giulietta']",Palazzo della Ragione,"['AMO', 'Museo Conte', 'Torre Lamberti', 'Centro Fotografia', 'Sighseeing']",Santa Anastasia,strategy_nearest,False,0.0031082630157470703,success
04C5753A9C4C80,1,"['Tomba Giulietta', 'San Fermo', 'Casa Giulietta', 'Torre Lamberti']",Palazzo della Ragione,"['AMO', 'Museo Conte', 'Centro Fotografia', 'Sighseeing', 'Santa Anastasia']",Santa Anastasia,strategy_nearest,True,0.002836942672729492,success
04C5803A9C4C80,0,['Arena'],Tomba Giulietta,"['San Fermo', 'Museo Storia', 'Museo Lapidario', 'Museo Radio', 'Verona Tour']",Casa Giulietta,strategy_nearest,False,0.002780914306640625,success
04C5813A9C4C80,1,"['Torre Lamberti', 'Palazzo della Ragione', 'Santa Anastasia']",Teatro Romano,"['Duomo', 'AMO', 'Museo Conte', 'Centro Fotografia', 'Museo Miniscalchi']",Casa Giulietta,strategy_nearest,False,0.0028209686279296875,success
04C5853A9C4C80,1,"['Arena', 'San Fermo', 'Tomba Giulietta']",Castelvecchio,"['Museo Lapidario', 'Verona Tour', 'Museo Radio', 'San Zeno', 'Sighseeing']",Teatro Romano,strategy_nearest,False,0.003253936767578125,success
04C58C3A9C4C80,3,"['Arena', 'San Fermo']",Teatro Romano,"['Santa Anastasia', 'Duomo', 'AMO', 'Palazzo della Ragione', 'Museo Conte']",Duomo,strategy_nearest,True,0.0028531551361083984,success
04C590429C4C80,3,"['Arena', 'Castelvecchio']",San Zeno,"['Verona Tour', 'Museo Lapidario', 'Museo Miniscalchi', 'Sighseeing', 'Museo Radio']",Santa Anastasia,strategy_nearest,False,0.002707958221435547,success
04C58C429C4C80,1,"['Teatro Romano', 'Santa Anastasia', 'Palazzo della Ragione']",Torre Lamberti,"['Sighseeing', 'Centro Fotografia', 'Museo Conte', 'Casa Giulietta', 'AMO']",Casa Giulietta,strategy_nearest,True,0.0021820068359375,success
04C591429C4C80,1,"['Arena', 'Casa Giulietta']",Palazzo della Ragione,"['AMO', 'Museo Conte', 'Torre Lamberti', 'Centro Fotografia', 'Sighseeing']",Torre Lamberti,strategy_nearest,True,0.0033197402954101562,success
04C5A44A9C4C80,0,"['Casa Giulietta', 'Torre Lamberti']",Arena,"['Verona Tour', 'Museo Lapidario', 'Museo Radio', 'San Fermo', 'Sighseeing']",Tomba Giulietta,strategy_nearest,False,0.0020589828491210938,success
04C5AA429C4C80,0,['Arena'],Casa Giulietta,"['Centro Fotografia', 'Sighseeing', 'Torre Lamberti', 'Museo Conte', 'Museo Radio']",Torre Lamberti,strategy_nearest,True,0.003255128860473633,success
04C5AC3A9C4C80,3,['Arena'],Santa Anastasia,"['AMO', 'Museo Conte', 'Palazzo della Ragione', 'Teatro Romano', 'Centro Fotografia']",Duomo,strategy_nearest,False,0.0019698143005371094,success
04C5AD3A9C4C80,1,"['Arena', 'Casa Giulietta']",Palazzo della Ragione,"['AMO', 'Museo Conte', 'Torre Lamberti', 'Centro Fotografia', 'Sighseeing']",Santa Anastasia,strategy_nearest,False,0.0030379295349121094,success
04C5B43A9C4C80,0,['Arena'],Casa Giulietta,"['Centro Fotografia', 'Sighseeing', 'Torre Lamberti', 'Museo Conte', 'Museo Radio']",Torre Lamberti,strategy_nearest,True,0.0019490718841552734,success
04C5B9429C4C80,2,['Casa Giulietta'],Santa Anastasia,"['AMO', 'Museo Conte', 'Palazzo della Ragione', 'Teatro Romano', 'Centro Fotografia']",Duomo,strategy_nearest,False,0.002540111541748047,success
04C5B63A9C4C80,3,"['Arena', 'Castelvecchio']",Casa Giulietta,"['Centro Fotografia', 'Sighseeing', 'Torre Lamberti', 'Museo Conte', 'Museo Radio']",Torre Lamberti,strategy_nearest,True,0.003175020217895508,success
04C5C6429C4C80,0,['Arena'],Santa Anastasia,"['AMO', 'Museo Conte', 'Palazzo della Ragione', 'Teatro Romano', 'Centro Fotografia']",Casa Giulietta,strategy_nearest,False,0.0026149749755859375,success
04C5C9429C4C80,3,['Arena'],Santa Anastasia,"['AMO', 'Museo Conte', 'Palazzo della Ragione', 'Teatro Romano', 'Centro Fotografia']",Duomo,strategy_nearest,False,0.0033349990844726562,success
04C5CF3A9C4C80,3,"['Arena', 'Casa Giulietta', 'Torre Lamberti']",Santa Anastasia,"['AMO', 'Museo Conte', 'Palazzo della Ragione', 'Teatro Romano', 'Centro Fotografia']",Duomo,strategy_nearest,False,0.003339052200317383,success
04C5D6429C4C80,3,"['Casa Giulietta', 'Torre Lamberti', 'Santa Anastasia', 'Duomo', 'Teatro Romano']",San Zeno,"['Castelvecchio', 'Verona Tour', 'Museo Lapidario', 'Arena', 'Museo Miniscalchi']",Castelvecchio,strategy_nearest,True,0.002399921417236328,success
04C5DD3A9C4C80,3,['Arena'],Castelvecchio,"['Museo Lapidario', 'Verona Tour', 'Museo Radio', 'San Zeno', 'Sighseeing']",Duomo,strategy_nearest,False,0.0032570362091064453,success
04C60E429C4C80,3,"['Arena', 'Casa Giulietta']",Torre Lamberti,"['Sighseeing', 'Centro Fotografia', 'Museo Conte', 'Palazzo della Ragione', 'AMO']",Teatro Romano,strategy_nearest,False,0.0024330615997314453,success
04C6113A9C4C80,1,"['Arena', 'Casa Giulietta', 'Torre Lamberti']",Palazzo della Ragione,"['AMO', 'Museo Conte', 'Centro Fotografia', 'Sighseeing', 'Santa Anastasia']",Museo Lapidario,strategy_nearest,False,0.0024552345275878906,success
04C611429C4C80,0,"['Arena', 'Castelvecchio']",Duomo,"['AMO', 'Museo Miniscalchi', 'Santa Anastasia', 'Teatro Romano', 'Palazzo della Ragione']",Teatro Romano,strategy_nearest,True,0.0047991275787353516,success
04C612429C4C84,3,"['Arena', 'Casa Giulietta']",Torre Lamberti,"['Sighseeing', 'Centro Fotografia', 'Museo Conte', 'Palazzo della Ragione', 'AMO']",Santa Anastasia,strategy_nearest,False,0.0029790401458740234,success
04C6163A9C4C84,1,"['Arena', 'Casa Giulietta', 'Torre Lamberti']",Palazzo della Ragione,"['AMO', 'Museo Conte', 'Centro Fotografia', 'Sighseeing', 'Santa Anastasia']",Duomo,strategy_nearest,False,0.0031681060791015625,success
04C6193A9C4C80,1,['Arena'],Torre Lamberti,"['Sighseeing', 'Centro Fotografia', 'Museo Conte', 'Casa Giulietta', 'Palazzo della Ragione']",Palazzo della Ragione,strategy_nearest,True,0.0029897689819335938,success
04C6193A9C4C84,0,['Arena'],Museo Lapidario,"['Verona Tour', 'Castelvecchio', 'Museo Radio', 'San Fermo', 'Casa Giulietta']",Castelvecchio,strategy_nearest,True,0.0027430057525634766,success
04C61E3A9C4C84,1,"['Arena', 'Palazzo della Ragione']",Santa Anastasia,"['AMO', 'Museo Conte', 'Teatro Romano', 'Centro Fotografia', 'Duomo']",Teatro Romano,strategy_nearest,True,0.002792835235595703,success
04C6203A9C4C84,0,"['Arena', 'Torre Lamberti']",Casa Giulietta,"['Centro Fotografia', 'Sighseeing', 'Museo Conte', 'Museo Radio', 'Palazzo della Ragione']",Giardino Giusti,strategy_nearest,False,0.003384828567504883,success
04C62D429C4C80,1,"['Arena', 'Casa Giulietta']",Duomo,"['AMO', 'Museo Miniscalchi', 'Santa Anastasia', 'Teatro Romano', 'Palazzo della Ragione']",Palazzo della Ragione,strategy_nearest,True,0.003246784210205078,success
04C62F429C4C80,0,"['Arena', 'Castelvecchio']",Casa Giulietta,"['Centro Fotografia', 'Sighseeing', 'Torre Lamberti', 'Museo Conte', 'Museo Radio']",Torre Lamberti,strategy_nearest,True,0.002918243408203125,success
04C63D3A9C4C80,0,['Arena'],Casa Giulietta,"['Centro Fotografia', 'Sighseeing', 'Torre Lamberti', 'Museo Conte', 'Museo Radio']",Tomba Giulietta,strategy_nearest,False,0.0026040077209472656,success
04C6463A9C4C80,0,"['Tomba Giulietta', 'San Fermo']",Casa Giulietta,"['Centro Fotografia', 'Sighseeing', 'Torre Lamberti', 'Museo Conte', 'Museo Radio']",Arena,strategy_nearest,False,0.002721071243286133,success
04C6473A9C4C80,1,"['Palazzo della Ragione', 'Torre Lamberti', 'Casa Giulietta']",Santa Anastasia,"['AMO', 'Museo Conte', 'Teatro Romano', 'Centro Fotografia', 'Duomo']",Duomo,strategy_nearest,True,0.00273895263671875,success
04C6503A9C4C80,2,['Castelvecchio'],Casa Giulietta,"['Centro Fotografia', 'Sighseeing', 'Torre Lamberti', 'Museo Conte', 'Museo Radio']",Santa Anastasia,strategy_nearest,False,0.003248929977416992,success
04C64C429C4C80,0,['Arena'],Casa Giulietta,"['Centro Fotografia', 'Sighseeing', 'Torre Lamberti', 'Museo Conte', 'Museo Radio']",Duomo,strategy_nearest,False,0.002624034881591797,success
04C651429C4C80,0,['Arena'],Casa Giulietta,"['Centro Fotografia', 'Sighseeing', 'Torre Lamberti', 'Museo Conte', 'Museo Radio']",Torre Lamberti,strategy_nearest,True,0.0033757686614990234,success
04C656429C4C80,3,"['Arena', 'Tomba Giulietta']",Casa Giulietta,"['Centro Fotografia', 'Sighseeing', 'Torre Lamberti', 'Museo Conte', 'Museo Radio']",Torre Lamberti,strategy_nearest,True,0.002788066864013672,success
04C668429C4C80,1,"['Arena', 'Casa Giulietta', 'Torre Lamberti']",Palazzo della Ragione,"['AMO', 'Museo Conte', 'Centro Fotografia', 'Sighseeing', 'Santa Anastasia']",Santa Anastasia,strategy_nearest,True,0.002748250961303711,success
04C66A3A9C4C80,0,"['Arena', 'Torre Lamberti']",Teatro Romano,"['Santa Anastasia', 'Duomo', 'AMO', 'Palazzo della Ragione', 'Museo Conte']",Casa Giulietta,strategy_nearest,False,0.0026760101318359375,success
04C671BA7B3F80,4,"['Santa Anastasia', 'Duomo', 'Teatro Romano']",Arena,"['Verona Tour', 'Museo Lapidario', 'Museo Radio', 'San Fermo', 'Casa Giulietta']",Tomba Giulietta,strategy_nearest,False,0.002584695816040039,success
04C66D429C4C80,2,"['Giardino Giusti', 'Palazzo della Ragione']",Duomo,"['AMO', 'Museo Miniscalchi', 'Santa Anastasia', 'Teatro Romano', 'Museo Conte']",Santa Anastasia,strategy_nearest,True,0.0028793811798095703,success
04C6763A9C4C80,1,['Arena'],Torre Lamberti,"['Sighseeing', 'Centro Fotografia', 'Museo Conte', 'Casa Giulietta', 'Palazzo della Ragione']",Palazzo della Ragione,strategy_nearest,True,0.003159761428833008,success
04C686429C4C80,1,['Palazzo della Ragione'],San Fermo,"['Museo Storia', 'Museo Radio', 'Casa Giulietta', 'Centro Fotografia', 'Arena']",Arena,strategy_nearest,True,0.0030090808868408203,success
04C6893A9C4C80,0,"['Arena', 'Tomba Giulietta']",Casa Giulietta,"['Centro Fotografia', 'Sighseeing', 'Torre Lamberti', 'Museo Conte', 'Museo Radio']",Teatro Romano,strategy_nearest,False,0.0037686824798583984,success
04C67F3A9C4C80,3,"['Arena', 'Torre Lamberti']",Casa Giulietta,"['Centro Fotografia', 'Sighseeing', 'Museo Conte', 'Museo Radio', 'Palazzo della Ragione']",Duomo,strategy_nearest,False,0.0037260055541992188,success
04C689C27B3F80,3,"['San Zeno', 'Arena']",Santa Anastasia,"['AMO', 'Museo Conte', 'Palazzo della Ragione', 'Teatro Romano', 'Centro Fotografia']",Torre Lamberti,strategy_nearest,False,0.0038509368896484375,success
04C6B43A9C4C80,3,['Arena'],Santa Anastasia,"['AMO', 'Museo Conte', 'Palazzo della Ragione', 'Teatro Romano', 'Centro Fotografia']",Teatro Romano,strategy_nearest,True,0.002398967742919922,success
04C68F3A9C4C80,3,['Arena'],Duomo,"['AMO', 'Museo Miniscalchi', 'Santa Anastasia', 'Teatro Romano', 'Palazzo della Ragione']",Teatro Romano,strategy_nearest,True,0.003640890121459961,success
04C68D429C4C80,0,"['Torre Lamberti', 'Casa Giulietta']",Arena,"['Verona Tour', 'Museo Lapidario', 'Museo Radio', 'San Fermo', 'Sighseeing']",Castelvecchio,strategy_nearest,False,0.002223968505859375,success
04C6B5429C4C80,0,"['Torre Lamberti', 'Casa Giulietta']",Arena,"['Verona Tour', 'Museo Lapidario', 'Museo Radio', 'San Fermo', 'Sighseeing']",Castelvecchio,strategy_nearest,False,0.003155231475830078,success
04C6CA429C4C80,0,['Arena'],Casa Giulietta,"['Centro Fotografia', 'Sighseeing', 'Torre Lamberti', 'Museo Conte', 'Museo Radio']",Torre Lamberti,strategy_nearest,True,0.0020699501037597656,success
04C6B73A9C4C80,3,['Arena'],Duomo,"['AMO', 'Museo Miniscalchi', 'Santa Anastasia', 'Teatro Romano', 'Palazzo della Ragione']",Santa Anastasia,strategy_nearest,True,0.00203704833984375,success
04C6C5C27B3F80,2,"['Tomba Giulietta', 'Teatro Romano']",Duomo,"['AMO', 'Museo Miniscalchi', 'Santa Anastasia', 'Palazzo della Ragione', 'Museo Conte']",Casa Giulietta,strategy_nearest,False,0.0026929378509521484,success
04C6CF429C4C80,1,"['Arena', 'Casa Giulietta', 'Palazzo della Ragione']",Torre Lamberti,"['Sighseeing', 'Centro Fotografia', 'Museo Conte', 'AMO', 'Museo Miniscalchi']",Santa Anastasia,strategy_nearest,False,0.003290891647338867,success
04C6DF3A9C4C80,1,"['Castelvecchio', 'Duomo']",Teatro Romano,"['Santa Anastasia', 'AMO', 'Palazzo della Ragione', 'Museo Conte', 'Centro Fotografia']",Palazzo della Ragione,strategy_nearest,True,0.002058267593383789,success
04C6CB3A9C4C80,3,"['Arena', 'Casa Giulietta']",Santa Anastasia,"['AMO', 'Museo Conte', 'Palazzo della Ragione', 'Teatro Romano', 'Centro Fotografia']",Teatro Romano,strategy_nearest,True,0.003187894821166992,success
04C6EF429C4C80,1,"['Arena', 'Museo Lapidario', 'Castelvecchio', 'Duomo', 'Santa Anastasia']",Casa Giulietta,"['Centro Fotografia', 'Sighseeing', 'Torre Lamberti', 'Museo Conte', 'Museo Radio']",Teatro Romano,strategy_nearest,False,0.0025937557220458984,success
04C6F53A9C4C80,3,"['Arena', 'Casa Giulietta']",Torre Lamberti,"['Sighseeing', 'Centro Fotografia', 'Museo Conte', 'Palazzo della Ragione', 'AMO']",Santa Anastasia,strategy_nearest,False,0.001528024673461914,success
04C7183A9C4C80,2,"['Casa Giulietta', 'Torre Lamberti']",Santa Anastasia,"['AMO', 'Museo Conte', 'Palazzo della Ragione', 'Teatro Romano', 'Centro Fotografia']",Teatro Romano,strategy_nearest,True,0.002627849578857422,success
04C70C429C4C84,3,"['Arena', 'Castelvecchio', 'Torre Lamberti']",Santa Anastasia,"['AMO', 'Museo Conte', 'Palazzo della Ragione', 'Teatro Romano', 'Centro Fotografia']",San Fermo,strategy_nearest,False,0.0021789073944091797,success
04C711429C4C84,1,"['Castelvecchio', 'Arena', 'Casa Giulietta', 'San Fermo']",Torre Lamberti,"['Sighseeing', 'Centro Fotografia', 'Museo Conte', 'Palazzo della Ragione', 'AMO']",Palazzo della Ragione,strategy_nearest,True,0.0034558773040771484,success
04C718C27B3F84,1,"['Arena', 'Castelvecchio', 'Torre Lamberti']",Palazzo della Ragione,"['AMO', 'Museo Conte', 'Centro Fotografia', 'Sighseeing', 'Santa Anastasia']",Santa Anastasia,strategy_nearest,True,0.002318143844604492,success
04C71F3A9C4C84,3,"['Duomo', 'Santa Anastasia']",Casa Giulietta,"['Centro Fotografia', 'Sighseeing', 'Torre Lamberti', 'Museo Conte', 'Museo Radio']",Arena,strategy_nearest,False,0.0028159618377685547,success
04C71F429C4C84,1,"['Arena', 'San Fermo', 'Teatro Romano', 'Duomo']",Casa Giulietta,"['Centro Fotografia', 'Sighseeing', 'Torre Lamberti', 'Museo Conte', 'Museo Radio']",Torre Lamberti,strategy_nearest,True,0.0032439231872558594,success
04C719429C4C80,0,"['Tomba Giulietta', 'Arena']",Casa Giulietta,"['Centro Fotografia', 'Sighseeing', 'Torre Lamberti', 'Museo Conte', 'Museo Radio']",Torre Lamberti,strategy_nearest,True,0.002886056900024414,success
04C7253A9C4C80,1,"['Arena', 'Giardino Giusti', 'Teatro Romano', 'Duomo', 'Santa Anastasia']",Palazzo della Ragione,"['AMO', 'Museo Conte', 'Torre Lamberti', 'Centro Fotografia', 'Sighseeing']",Torre Lamberti,strategy_nearest,True,0.002766132354736328,success
04C7263A9C4C80,1,['Arena'],Duomo,"['AMO', 'Museo Miniscalchi', 'Santa Anastasia', 'Teatro Romano', 'Palazzo della Ragione']",Palazzo della Ragione,strategy_nearest,True,0.0013699531555175781,success
04C7203A9C4C84,1,"['Arena', 'Casa Giulietta']",Torre Lamberti,"['Sighseeing', 'Centro Fotografia', 'Museo Conte', 'Palazzo della Ragione', 'AMO']",Palazzo della Ragione,strategy_nearest,True,0.002796173095703125,success
04C7273A9C4C80,0,['Arena'],Casa Giulietta,"['Centro Fotografia', 'Sighseeing', 'Torre Lamberti', 'Museo Conte', 'Museo Radio']",Palazzo della Ragione,strategy_nearest,False,0.0030930042266845703,success
04C739429C4C80,1,"['Arena', 'Palazzo della Ragione', 'Torre Lamberti']",Casa Giulietta,"['Centro Fotografia', 'Sighseeing', 'Museo Conte', 'Museo Radio', 'San Fermo']",Castelvecchio,strategy_nearest,False,0.0033080577850341797,success
04C73ABA7B3F80,3,"['Arena', 'Torre Lamberti']",Santa Anastasia,"['AMO', 'Museo Conte', 'Palazzo della Ragione', 'Teatro Romano', 'Centro Fotografia']",Castelvecchio,strategy_nearest,False,0.0020780563354492188,success
04C731429C4C80,0,['Teatro Romano'],Arena,"['Verona Tour', 'Museo Lapidario', 'Museo Radio', 'San Fermo', 'Casa Giulietta']",Casa Giulietta,strategy_nearest,True,0.0022008419036865234,success
04C73FC27B3F80,1,"['San Zeno', 'Castelvecchio', 'Arena', 'San Fermo']",Casa Giulietta,"['Centro Fotografia', 'Sighseeing', 'Torre Lamberti', 'Museo Conte', 'Museo Radio']",Torre Lamberti,strategy_nearest,True,0.003225088119506836,success
04C76E429C4C80,3,"['Arena', 'Castelvecchio']",Tomba Giulietta,"['San Fermo', 'Museo Storia', 'Museo Lapidario', 'Museo Radio', 'Verona Tour']",Casa Giulietta,strategy_nearest,False,0.0020520687103271484,success
04C746BA7B3F80,0,"['Arena', 'Casa Giulietta']",Torre Lamberti,"['Sighseeing', 'Centro Fotografia', 'Museo Conte', 'Palazzo della Ragione', 'AMO']",Teatro Romano,strategy_nearest,False,0.0018570423126220703,success
04C749429C4C80,0,['Arena'],San Zeno,"['Castelvecchio', 'Verona Tour', 'Museo Lapidario', 'Museo Miniscalchi', 'Sighseeing']",Duomo,strategy_nearest,False,0.0027570724487304688,success
04C77A429C4C80,0,"['Arena', 'Casa Giulietta']",Torre Lamberti,"['Sighseeing', 'Centro Fotografia', 'Museo Conte', 'Palazzo della Ragione', 'AMO']",Teatro Romano,strategy_nearest,False,0.0025849342346191406,success
04C7783A9C4C80,3,"['Arena', 'Castelvecchio', 'Torre Lamberti']",Santa Anastasia,"['AMO', 'Museo Conte', 'Palazzo della Ragione', 'Teatro Romano', 'Centro Fotografia']",Duomo,strategy_nearest,False,0.0033419132232666016,success
04C7833A9C4C80,0,['Arena'],Casa Giulietta,"['Centro Fotografia', 'Sighseeing', 'Torre Lamberti', 'Museo Conte', 'Museo Radio']",Castelvecchio,strategy_nearest,False,0.0038499832153320312,success
04C7834A9C4C80,3,"['Arena', 'Casa Giulietta', 'Santa Anastasia']",Duomo,"['AMO', 'Museo Miniscalchi', 'Teatro Romano', 'Palazzo della Ragione', 'Museo Conte']",Teatro Romano,strategy_nearest,True,0.002226114273071289,success
04C789BA7B3F80,4,"['Santa Anastasia', 'Duomo', 'Teatro Romano']",Arena,"['Verona Tour', 'Museo Lapidario', 'Museo Radio', 'San Fermo', 'Casa Giulietta']",Tomba Giulietta,strategy_nearest,False,0.0027599334716796875,success
04C78A3A9C4C80,3,"['Arena', 'Casa Giulietta']",Santa Anastasia,"['AMO', 'Museo Conte', 'Palazzo della Ragione', 'Teatro Romano', 'Centro Fotografia']",Teatro Romano,strategy_nearest,True,0.003353118896484375,success
04C78F3A9C4C80,0,['Arena'],Casa Giulietta,"['Centro Fotografia', 'Sighseeing', 'Torre Lamberti', 'Museo Conte', 'Museo Radio']",Torre Lamberti,strategy_nearest,True,0.0024437904357910156,success
04C790BA7B3F80,1,"['Museo Lapidario', 'Arena', 'Casa Giulietta', 'Torre Lamberti']",Palazzo della Ragione,"['AMO', 'Museo Conte', 'Centro Fotografia', 'Sighseeing', 'Santa Anastasia']",Santa Anastasia,strategy_nearest,True,0.0016407966613769531,success
04C7AA4A9C4C80,1,['Arena'],Palazzo della Ragione,"['AMO', 'Museo Conte', 'Torre Lamberti', 'Centro Fotografia', 'Sighseeing']",Duomo,strategy_nearest,False,0.003935098648071289,success
04C7AB429C4C80,0,['Arena'],Tomba Giulietta,"['San Fermo', 'Museo Storia', 'Museo Lapidario', 'Museo Radio', 'Verona Tour']",Casa Giulietta,strategy_nearest,False,0.002604961395263672,success
04C796BA7B3F80,3,"['Arena', 'Teatro Romano', 'Giardino Giusti', 'San Zeno']",Duomo,"['AMO', 'Museo Miniscalchi', 'Santa Anastasia', 'Palazzo della Ragione', 'Museo Conte']",Santa Anastasia,strategy_nearest,True,0.003505229949951172,success
04C7B03A9C4C80,2,"['Teatro Romano', 'Duomo']",Santa Anastasia,"['AMO', 'Museo Conte', 'Palazzo della Ragione', 'Centro Fotografia', 'Torre Lamberti']",Torre Lamberti,strategy_nearest,True,0.002202749252319336,success
04C7AE429C4C80,1,"['Castelvecchio', 'Arena', 'Casa Giulietta', 'Palazzo della Ragione']",Torre Lamberti,"['Sighseeing', 'Centro Fotografia', 'Museo Conte', 'AMO', 'Museo Miniscalchi']",Santa Anastasia,strategy_nearest,False,0.0021097660064697266,success
04C7B0429C4C80,2,"['Torre Lamberti', 'Casa Giulietta']",San Fermo,"['Museo Storia', 'Museo Radio', 'Centro Fotografia', 'Arena', 'Sighseeing']",Teatro Romano,strategy_nearest,False,0.003493785858154297,success
04C7BABA7B3F80,4,['Arena'],Torre Lamberti,"['Sighseeing', 'Centro Fotografia', 'Museo Conte', 'Casa Giulietta', 'Palazzo della Ragione']",Castelvecchio,strategy_nearest,False,0.0025360584259033203,success
04C7C0429C4C80,3,"['Arena', 'Castelvecchio']",Casa Giulietta,"['Centro Fotografia', 'Sighseeing', 'Torre Lamberti', 'Museo Conte', 'Museo Radio']",Santa Anastasia,strategy_nearest,False,0.0020918846130371094,success
04C7C1BA7B3F80,3,"['Arena', 'Casa Giulietta', 'Torre Lamberti', 'Castelvecchio']",San Fermo,"['Museo Storia', 'Museo Radio', 'Centro Fotografia', 'Sighseeing', 'Museo Conte']",Tomba Giulietta,strategy_nearest,False,0.002849102020263672,success
04C7BBBA7B3F80,0,['Arena'],Castelvecchio,"['Museo Lapidario', 'Verona Tour', 'Museo Radio', 'San Zeno', 'Sighseeing']",Casa Giulietta,strategy_nearest,False,0.0027472972869873047,success
04C7C6BA7B3F80,0,['Arena'],Museo Lapidario,"['Verona Tour', 'Castelvecchio', 'Museo Radio', 'San Fermo', 'Casa Giulietta']",Casa Giulietta,strategy_nearest,True,0.0034837722778320312,success
04C7C93A9C4C80,3,['Arena'],Torre Lamberti,"['Sighseeing', 'Centro Fotografia', 'Museo Conte', 'Casa Giulietta', 'Palazzo della Ragione']",Santa Anastasia,strategy_nearest,False,0.003717184066772461,success
04C7C9429C4C80,2,"['San Zeno', 'Castelvecchio']",Torre Lamberti,"['Sighseeing', 'Centro Fotografia', 'Museo Conte', 'Casa Giulietta', 'Palazzo della Ragione']",Palazzo della Ragione,strategy_nearest,True,0.0021779537200927734,success
04C7CA3A9C4C80,1,"['Arena', 'Casa Giulietta', 'Torre Lamberti']",Palazzo della Ragione,"['AMO', 'Museo Conte', 'Centro Fotografia', 'Sighseeing', 'Santa Anastasia']",Santa Anastasia,strategy_nearest,True,0.0027551651000976562,success
04C7CDBA7B3F80,0,"['Arena', 'San Fermo']",Museo Storia,"['Museo Radio', 'Casa Giulietta', 'Centro Fotografia', 'Tomba Giulietta', 'Torre Lamberti']",Torre Lamberti,strategy_nearest,True,0.0032720565795898438,success
04C7D13A9C4C80,2,['San Zeno'],Torre Lamberti,"['Sighseeing', 'Centro Fotografia', 'Museo Conte', 'Casa Giulietta', 'Palazzo della Ragione']",Castelvecchio,strategy_nearest,False,0.002809762954711914,success
04C7D0429C4C80,1,"['Teatro Romano', 'Santa Anastasia', 'Arena']",Palazzo della Ragione,"['AMO', 'Museo Conte', 'Torre Lamberti', 'Centro Fotografia', 'Sighseeing']",San Fermo,strategy_nearest,False,0.002299785614013672,success
04C7DA3A9C4C80,1,"['Torre Lamberti', 'Palazzo della Ragione']",Arena,"['Verona Tour', 'Museo Lapidario', 'Museo Radio', 'San Fermo', 'Casa Giulietta']",Casa Giulietta,strategy_nearest,True,0.0028738975524902344,success
04C7E83A9C4C80,1,"['Palazzo della Ragione', 'Torre Lamberti']",Arena,"['Verona Tour', 'Museo Lapidario', 'Museo Radio', 'San Fermo', 'Casa Giulietta']",Santa Anastasia,strategy_nearest,False,0.0032939910888671875,success
04C7F43A9C4C80,2,['Casa Giulietta'],Torre Lamberti,"['Sighseeing', 'Centro Fotografia', 'Museo Conte', 'Palazzo della Ragione', 'AMO']",Palazzo della Ragione,strategy_nearest,True,0.0026297569274902344,success
04C8013A9C4C84,1,['Arena'],Casa Giulietta,"['Centro Fotografia', 'Sighseeing', 'Torre Lamberti', 'Museo Conte', 'Museo Radio']",Torre Lamberti,strategy_nearest,True,0.0025069713592529297,success
04C7F6429C4C80,3,"['Arena', 'Giardino Giusti', 'Duomo']",Casa Giulietta,"['Centro Fotografia', 'Sighseeing', 'Torre Lamberti', 'Museo Conte', 'Museo Radio']",San Zeno,strategy_nearest,False,0.003973960876464844,success
04C7FE3A9C4C80,0,['Arena'],Torre Lamberti,"['Sighseeing', 'Centro Fotografia', 'Museo Conte', 'Casa Giulietta', 'Palazzo della Ragione']",San Fermo,strategy_nearest,False,0.0019540786743164062,success
04C80F429C4C80,3,"['Torre Lamberti', 'Arena']",Teatro Romano,"['Santa Anastasia', 'Duomo', 'AMO', 'Palazzo della Ragione', 'Museo Conte']",Duomo,strategy_nearest,True,0.002051115036010742,success
04C801429C4C84,3,"['Arena', 'Torre Lamberti', 'Casa Giulietta']",Santa Anastasia,"['AMO', 'Museo Conte', 'Palazzo della Ragione', 'Teatro Romano', 'Centro Fotografia']",Teatro Romano,strategy_nearest,True,0.004481077194213867,success
04C80C429C4C80,1,"['Arena', 'Casa Giulietta', 'Torre Lamberti']",Palazzo della Ragione,"['AMO', 'Museo Conte', 'Centro Fotografia', 'Sighseeing', 'Santa Anastasia']",Santa Anastasia,strategy_nearest,True,0.001394033432006836,success
04C8133A9C4C80,1,"['Arena', 'Casa Giulietta']",Palazzo della Ragione,"['AMO', 'Museo Conte', 'Torre Lamberti', 'Centro Fotografia', 'Sighseeing']",Santa Anastasia,strategy_nearest,False,0.0034720897674560547,success
04C8183A9C4C80,0,['Arena'],Casa Giulietta,"['Centro Fotografia', 'Sighseeing', 'Torre Lamberti', 'Museo Conte', 'Museo Radio']",Torre Lamberti,strategy_nearest,True,0.002090930938720703,success
04C8173A9C4C84,1,"['Arena', 'Casa Giulietta', 'Casa Giulietta']",San Fermo,"['Museo Storia', 'Museo Radio', 'Centro Fotografia', 'Sighseeing', 'Torre Lamberti']",Palazzo della Ragione,strategy_nearest,False,0.0027899742126464844,success
04C81ABA7B3F80,3,"['Arena', 'Casa Giulietta', 'Teatro Romano']",Torre Lamberti,"['Sighseeing', 'Centro Fotografia', 'Museo Conte', 'Palazzo della Ragione', 'AMO']",Duomo,strategy_nearest,False,0.003184080123901367,success
04C81F3A9C4C80,1,['Arena'],Palazzo della Ragione,"['AMO', 'Museo Conte', 'Torre Lamberti', 'Centro Fotografia', 'Sighseeing']",Santa Anastasia,strategy_nearest,False,0.002151966094970703,success
04C81F3A9C4C84,4,"['Arena', 'Casa Giulietta']",Torre Lamberti,"['Sighseeing', 'Centro Fotografia', 'Museo Conte', 'Palazzo della Ragione', 'AMO']",Duomo,strategy_nearest,False,0.0027129650115966797,success
04C8223A9C4C84,0,"['Arena', 'Casa Giulietta']",Torre Lamberti,"['Sighseeing', 'Centro Fotografia', 'Museo Conte', 'Palazzo della Ragione', 'AMO']",Tomba Giulietta,strategy_nearest,False,0.002986907958984375,success
04C81BBA7B3F84,0,"['Arena', 'San Fermo']",Museo Storia,"['Museo Radio', 'Casa Giulietta', 'Centro Fotografia', 'Tomba Giulietta', 'Torre Lamberti']",Torre Lamberti,strategy_nearest,True,0.0036160945892333984,success
04C822BA7B3F84,0,['Arena'],Museo Lapidario,"['Verona Tour', 'Castelvecchio', 'Museo Radio', 'San Fermo', 'Casa Giulietta']",Casa Giulietta,strategy_nearest,True,0.002088308334350586,success
04C8253A9C4C80,1,"['Palazzo della Ragione', 'Casa Giulietta', 'Arena', 'Tomba Giulietta']",Castelvecchio,"['Museo Lapidario', 'Verona Tour', 'Museo Radio', 'San Zeno', 'Sighseeing']",Torre Lamberti,strategy_nearest,False,0.0028238296508789062,success
04C826BA7B3F80,3,"['Arena', 'Casa Giulietta', 'Teatro Romano']",Torre Lamberti,"['Sighseeing', 'Centro Fotografia', 'Museo Conte', 'Palazzo della Ragione', 'AMO']",Duomo,strategy_nearest,False,0.002061128616333008,success
04C828BA7B3F84,0,['Arena'],Museo Lapidario,"['Verona Tour', 'Castelvecchio', 'Museo Radio', 'San Fermo', 'Casa Giulietta']",Casa Giulietta,strategy_nearest,True,0.0029659271240234375,success
04C837BA7B3F80,3,"['Torre Lamberti', 'Arena', 'Giardino Giusti', 'Teatro Romano']",Santa Anastasia,"['AMO', 'Museo Conte', 'Palazzo della Ragione', 'Centro Fotografia', 'Duomo']",Casa Giulietta,strategy_nearest,False,0.0013968944549560547,success
04C832BA7B3F80,0,['Castelvecchio'],Casa Giulietta,"['Centro Fotografia', 'Sighseeing', 'Torre Lamberti', 'Museo Conte', 'Museo Radio']",Arena,strategy_nearest,False,0.002652883529663086,success
04C83B3A9C4C80,0,['Torre Lamberti'],Duomo,"['AMO', 'Museo Miniscalchi', 'Santa Anastasia', 'Teatro Romano', 'Palazzo della Ragione']",Arena,strategy_nearest,False,0.0027620792388916016,success
04C83DBA7B3F80,3,['Arena'],Castelvecchio,"['Museo Lapidario', 'Verona Tour', 'Museo Radio', 'San Zeno', 'Sighseeing']",Duomo,strategy_nearest,False,0.003222942352294922,success
04C8473A9C4C80,0,['Torre Lamberti'],Casa Giulietta,"['Centro Fotografia', 'Sighseeing', 'Museo Conte', 'Museo Radio', 'Palazzo della Ragione']",Teatro Romano,strategy_nearest,False,0.002836942672729492,success
04C849BA7B3F80,1,"['Arena', 'Casa Giulietta', 'Palazzo della Ragione']",San Fermo,"['Museo Storia', 'Museo Radio', 'Centro Fotografia', 'Sighseeing', 'Torre Lamberti']",Santa Anastasia,strategy_nearest,False,0.0033462047576904297,success
04C83EBA7B3F80,3,"['Torre Lamberti', 'Arena', 'Giardino Giusti', 'Teatro Romano']",Santa Anastasia,"['AMO', 'Museo Conte', 'Palazzo della Ragione', 'Centro Fotografia', 'Duomo']",Casa Giulietta,strategy_nearest,False,0.002666950225830078,success
04C84ABA7B3F80,0,['Castelvecchio'],Casa Giulietta,"['Centro Fotografia', 'Sighseeing', 'Torre Lamberti', 'Museo Conte', 'Museo Radio']",Arena,strategy_nearest,False,0.003117084503173828,success
04C84B429C4C80,1,"['Arena', 'Palazzo della Ragione', 'Torre Lamberti', 'Casa Giulietta']",Santa Anastasia,"['AMO', 'Museo Conte', 'Teatro Romano', 'Centro Fotografia', 'Duomo']",Duomo,strategy_nearest,True,0.002758026123046875,success
04C855BA7B3F80,1,"['Arena', 'Casa Giulietta', 'Palazzo della Ragione']",San Fermo,"['Museo Storia', 'Museo Radio', 'Centro Fotografia', 'Sighseeing', 'Torre Lamberti']",Santa Anastasia,strategy_nearest,False,0.0026979446411132812,success
04C85C429C4C80,2,['Casa Giulietta'],Santa Anastasia,"['AMO', 'Museo Conte', 'Palazzo della Ragione', 'Teatro Romano', 'Centro Fotografia']",Teatro Romano,strategy_nearest,True,0.0031957626342773438,success
04C84C3A9C4C80,0,"['Arena', 'Casa Giulietta']",San Zeno,"['Castelvecchio', 'Verona Tour', 'Museo Lapidario', 'Museo Miniscalchi', 'Sighseeing']",Teatro Romano,strategy_nearest,False,0.002035856246948242,success
04C85FC27B3F80,1,"['San Zeno', 'Castelvecchio', 'Arena', 'San Fermo']",Casa Giulietta,"['Centro Fotografia', 'Sighseeing', 'Torre Lamberti', 'Museo Conte', 'Museo Radio']",Torre Lamberti,strategy_nearest,True,0.0014929771423339844,success
04C86A429C4C80,3,"['Torre Lamberti', 'Casa Giulietta']",Santa Anastasia,"['AMO', 'Museo Conte', 'Palazzo della Ragione', 'Teatro Romano', 'Centro Fotografia']",Arena,strategy_nearest,False,0.002067089080810547,success
04C87E3A9C4C80,0,"['Arena', 'Tomba Giulietta']",Casa Giulietta,"['Centro Fotografia', 'Sighseeing', 'Torre Lamberti', 'Museo Conte', 'Museo Radio']",Teatro Romano,strategy_nearest,False,0.002513885498046875,success
04C8823A9C4C80,1,"['Arena', 'Museo Lapidario', 'Casa Giulietta']",Torre Lamberti,"['Sighseeing', 'Centro Fotografia', 'Museo Conte', 'Palazzo della Ragione', 'AMO']",Palazzo della Ragione,strategy_nearest,True,0.0021300315856933594,success
04C8833A9C4C80,0,"['Arena', 'Casa Giulietta']",Torre Lamberti,"['Sighseeing', 'Centro Fotografia', 'Museo Conte', 'Palazzo della Ragione', 'AMO']",Museo Lapidario,strategy_nearest,False,0.003298044204711914,success
04C8813A9C4C80,1,"['Arena', 'Castelvecchio']",Casa Giulietta,"['Centro Fotografia', 'Sighseeing', 'Torre Lamberti', 'Museo Conte', 'Museo Radio']",Palazzo della Ragione,strategy_nearest,False,0.0036911964416503906,success
04C8853A9C4C80,3,"['Arena', 'Torre Lamberti']",Santa Anastasia,"['AMO', 'Museo Conte', 'Palazzo della Ragione', 'Teatro Romano', 'Centro Fotografia']",Duomo,strategy_nearest,False,0.0024890899658203125,success
04C8874A9C4C80,3,"['Arena', 'Casa Giulietta']",Santa Anastasia,"['AMO', 'Museo Conte', 'Palazzo della Ragione', 'Teatro Romano', 'Centro Fotografia']",Teatro Romano,strategy_nearest,True,0.0013918876647949219,success
04C8A53A9C4C80,2,['Casa Giulietta'],Torre Lamberti,"['Sighseeing', 'Centro Fotografia', 'Museo Conte', 'Palazzo della Ragione', 'AMO']",Palazzo della Ragione,strategy_nearest,True,0.0021800994873046875,success
04C8AD3A9C4C80,3,"['Santa Anastasia', 'Duomo']",Casa Giulietta,"['Centro Fotografia', 'Sighseeing', 'Torre Lamberti', 'Museo Conte', 'Museo Radio']",Arena,strategy_nearest,False,0.0031900405883789062,success
04C8A73A9C4C80,2,['Casa Giulietta'],Castelvecchio,"['Museo Lapidario', 'Verona Tour', 'Arena', 'Museo Radio', 'San Zeno']",Teatro Romano,strategy_nearest,False,0.0027849674224853516,success
04C8C1429C4C80,1,['Palazzo della Ragione'],Arena,"['Verona Tour', 'Museo Lapidario', 'Museo Radio', 'San Fermo', 'Casa Giulietta']",Castelvecchio,strategy_nearest,False,0.0043659210205078125,success
04C8C23A9C4C80,0,['Arena'],Casa Giulietta,"['Centro Fotografia', 'Sighseeing', 'Torre Lamberti', 'Museo Conte', 'Museo Radio']",Torre Lamberti,strategy_nearest,True,0.0022869110107421875,success
04C8C3429C4C80,2,['Palazzo della Ragione'],Torre Lamberti,"['Sighseeing', 'Centro Fotografia', 'Museo Conte', 'Casa Giulietta', 'AMO']",Teatro Romano,strategy_nearest,False,0.0032761096954345703,success
04C8C43A9C4C80,3,"['Santa Anastasia', 'Duomo', 'Teatro Romano']",Casa Giulietta,"['Centro Fotografia', 'Sighseeing', 'Torre Lamberti', 'Museo Conte', 'Museo Radio']",Arena,strategy_nearest,False,0.002473115921020508,success
04C8C8429C4C80,0,['Arena'],Palazzo della Ragione,"['AMO', 'Museo Conte', 'Torre Lamberti', 'Centro Fotografia', 'Sighseeing']",Casa Giulietta,strategy_nearest,False,0.002607107162475586,success
04C8C93A9C4C80,3,"['Arena', 'Casa Giulietta', 'Tomba Giulietta']",San Fermo,"['Museo Storia', 'Museo Radio', 'Centro Fotografia', 'Sighseeing', 'Torre Lamberti']",Santa Anastasia,strategy_nearest,False,0.002028942108154297,success
04C8CA3A9C4C80,0,"['Arena', 'Castelvecchio']",Casa Giulietta,"['Centro Fotografia', 'Sighseeing', 'Torre Lamberti', 'Museo Conte', 'Museo Radio']",San Zeno,strategy_nearest,False,0.002553224563598633,success
04C8F33A9C4C80,1,"['San Zeno', 'Castelvecchio', 'Arena', 'Casa Giulietta']",Torre Lamberti,"['Sighseeing', 'Centro Fotografia', 'Museo Conte', 'Palazzo della Ragione', 'AMO']",Palazzo della Ragione,strategy_nearest,True,0.0034220218658447266,success
04C8CE3A9C4C80,0,"['Arena', 'Casa Giulietta']",Castelvecchio,"['Museo Lapidario', 'Verona Tour', 'Museo Radio', 'San Zeno', 'Sighseeing']",Tomba Giulietta,strategy_nearest,False,0.0036611557006835938,success
04C8D8429C4C80,1,"['Torre Lamberti', 'Palazzo della Ragione', 'Santa Anastasia', 'Giardino Giusti']",Teatro Romano,"['Duomo', 'AMO', 'Museo Conte', 'Centro Fotografia', 'Museo Miniscalchi']",Arena,strategy_nearest,False,0.0042841434478759766,success
04C8E7429C4C80,1,"['Teatro Romano', 'Duomo', 'Arena', 'Castelvecchio']",Torre Lamberti,"['Sighseeing', 'Centro Fotografia', 'Museo Conte', 'Casa Giulietta', 'Palazzo della Ragione']",Casa Giulietta,strategy_nearest,True,0.002254962921142578,success
04C90A429C4C84,3,"['Arena', 'Torre Lamberti', 'Santa Anastasia', 'San Fermo']",Tomba Giulietta,"['Museo Storia', 'Museo Lapidario', 'Museo Radio', 'Verona Tour', 'Casa Giulietta']",Casa Giulietta,strategy_nearest,True,0.0021359920501708984,success
04C8F93A9C4C80,3,"['Arena', 'Casa Giulietta']",Torre Lamberti,"['Sighseeing', 'Centro Fotografia', 'Museo Conte', 'Palazzo della Ragione', 'AMO']",Castelvecchio,strategy_nearest,False,0.0014719963073730469,success
04C90B3A9C4C84,0,['Arena'],Torre Lamberti,"['Sighseeing', 'Centro Fotografia', 'Museo Conte', 'Casa Giulietta', 'Palazzo della Ragione']",Casa Giulietta,strategy_nearest,True,0.002721071243286133,success
04C9133A9C4C84,0,['Arena'],Casa Giulietta,"['Centro Fotografia', 'Sighseeing', 'Torre Lamberti', 'Museo Conte', 'Museo Radio']",Torre Lamberti,strategy_nearest,True,0.0026140213012695312,success
04C90C429C4C80,3,"['Castelvecchio', 'Arena']",San Fermo,"['Museo Storia', 'Museo Radio', 'Casa Giulietta', 'Centro Fotografia', 'Sighseeing']",Casa Giulietta,strategy_nearest,True,0.0032799243927001953,success
04C90D429C4C80,0,"['Arena', 'Castelvecchio']",Casa Giulietta,"['Centro Fotografia', 'Sighseeing', 'Torre Lamberti', 'Museo Conte', 'Museo Radio']",Giardino Giusti,strategy_nearest,False,0.0020389556884765625,success
04C913429C4C80,1,"['Casa Giulietta', 'Teatro Romano', 'Duomo']",Santa Anastasia,"['AMO', 'Museo Conte', 'Palazzo della Ragione', 'Centro Fotografia', 'Torre Lamberti']",Palazzo della Ragione,strategy_nearest,True,0.002936840057373047,success
04C914429C4C80,0,['Arena'],Casa Giulietta,"['Centro Fotografia', 'Sighseeing', 'Torre Lamberti', 'Museo Conte', 'Museo Radio']",Castelvecchio,strategy_nearest,False,0.002042055130004883,success
04C91B3A9C4C84,3,"['Duomo', 'Torre Lamberti']",Casa Giulietta,"['Centro Fotografia', 'Sighseeing', 'Museo Conte', 'Museo Radio', 'Palazzo della Ragione']",San Fermo,strategy_nearest,False,0.0034279823303222656,success
04C9183A9C4C80,0,['Arena'],Casa Giulietta,"['Centro Fotografia', 'Sighseeing', 'Torre Lamberti', 'Museo Conte', 'Museo Radio']",Duomo,strategy_nearest,False,0.002810239791870117,success
04C91E429C4C84,1,"['Arena', 'Castelvecchio', 'Torre Lamberti', 'Palazzo della Ragione']",Museo Storia,"['San Fermo', 'Museo Radio', 'Casa Giulietta', 'Centro Fotografia', 'Tomba Giulietta']",San Fermo,strategy_nearest,True,0.0033617019653320312,success
04C9224A9C4C80,2,"['Castelvecchio', 'Tomba Giulietta', 'Casa Giulietta', 'Santa Anastasia']",Torre Lamberti,"['Sighseeing', 'Centro Fotografia', 'Museo Conte', 'Palazzo della Ragione', 'AMO']",Palazzo della Ragione,strategy_nearest,True,0.003077268600463867,success
04C9283A9C4C80,3,['Arena'],Torre Lamberti,"['Sighseeing', 'Centro Fotografia', 'Museo Conte', 'Casa Giulietta', 'Palazzo della Ragione']",Santa Anastasia,strategy_nearest,False,0.0025577545166015625,success
04C9393A9C4C80,0,['Casa Giulietta'],Arena,"['Verona Tour', 'Museo Lapidario', 'Museo Radio', 'San Fermo', 'Sighseeing']",Torre Lamberti,strategy_nearest,False,0.0025217533111572266,success
04C92B3A9C4C80,3,"['Castelvecchio', 'Arena', 'Museo Storia']",Duomo,"['AMO', 'Museo Miniscalchi', 'Santa Anastasia', 'Teatro Romano', 'Palazzo della Ragione']",Teatro Romano,strategy_nearest,True,0.003386259078979492,success
04C93F429C4C80,0,['Arena'],Castelvecchio,"['Museo Lapidario', 'Verona Tour', 'Museo Radio', 'San Zeno', 'Sighseeing']",Santa Anastasia,strategy_nearest,False,0.0040340423583984375,success
04C93B3A9C4C80,3,"['Arena', 'Casa Giulietta', 'Torre Lamberti']",Santa Anastasia,"['AMO', 'Museo Conte', 'Palazzo della Ragione', 'Teatro Romano', 'Centro Fotografia']",Giardino Giusti,strategy_nearest,False,0.003267049789428711,success
04C94B3A9C4C80,3,"['Arena', 'Casa Giulietta', 'Castelvecchio']",Santa Anastasia,"['AMO', 'Museo Conte', 'Palazzo della Ragione', 'Teatro Romano', 'Centro Fotografia']",Duomo,strategy_nearest,False,0.0026390552520751953,success
04C9433A9C4C80,0,"['Arena', 'Casa Giulietta']",Torre Lamberti,"['Sighseeing', 'Centro Fotografia', 'Museo Conte', 'Palazzo della Ragione', 'AMO']",Castelvecchio,strategy_nearest,False,0.0021660327911376953,success
04C94F429C4C80,3,"['Arena', 'Museo Lapidario']",Castelvecchio,"['Verona Tour', 'Museo Radio', 'San Zeno', 'Sighseeing', 'Museo Miniscalchi']",Santa Anastasia,strategy_nearest,False,0.0013318061828613281,success
04C95B429C4C80,1,"['Arena', 'Casa Giulietta', 'Santa Anastasia']",Torre Lamberti,"['Sighseeing', 'Centro Fotografia', 'Museo Conte', 'Palazzo della Ragione', 'AMO']",Palazzo della Ragione,strategy_nearest,True,0.0027289390563964844,success
04C960429C4C80,3,"['Arena', 'Castelvecchio', 'Casa Giulietta']",Santa Anastasia,"['AMO', 'Museo Conte', 'Palazzo della Ragione', 'Teatro Romano', 'Centro Fotografia']",Teatro Romano,strategy_nearest,True,0.0019519329071044922,success
04C96B429C4C80,3,"['Arena', 'Torre Lamberti', 'Santa Anastasia']",Teatro Romano,"['Duomo', 'AMO', 'Palazzo della Ragione', 'Museo Conte', 'Centro Fotografia']",Museo Storia,strategy_nearest,False,0.0033888816833496094,success
04C976429C4C80,0,['Arena'],Casa Giulietta,"['Centro Fotografia', 'Sighseeing', 'Torre Lamberti', 'Museo Conte', 'Museo Radio']",Duomo,strategy_nearest,False,0.002068042755126953,success
04C97E3A9C4C80,3,"['Arena', 'Torre Lamberti']",Casa Giulietta,"['Centro Fotografia', 'Sighseeing', 'Museo Conte', 'Museo Radio', 'Palazzo della Ragione']",Santa Anastasia,strategy_nearest,False,0.00322723388671875,success
04C9853A9C4C80,3,"['Arena', 'Torre Lamberti']",Santa Anastasia,"['AMO', 'Museo Conte', 'Palazzo della Ragione', 'Teatro Romano', 'Centro Fotografia']",Duomo,strategy_nearest,False,0.0024781227111816406,success
04C9874A9C4C80,1,"['Arena', 'Casa Giulietta', 'Santa Anastasia']",Torre Lamberti,"['Sighseeing', 'Centro Fotografia', 'Museo Conte', 'Palazzo della Ragione', 'AMO']",Palazzo della Ragione,strategy_nearest,True,0.0020101070404052734,success
04C9894A9C4C80,3,"['Castelvecchio', 'Torre Lamberti', 'Santa Anastasia']",Duomo,"['AMO', 'Museo Miniscalchi', 'Teatro Romano', 'Palazzo della Ragione', 'Museo Conte']",Casa Giulietta,strategy_nearest,False,0.0024728775024414062,success
04C9864A9C4C80,1,"['Arena', 'Casa Giulietta', 'Castelvecchio']",Palazzo della Ragione,"['AMO', 'Museo Conte', 'Torre Lamberti', 'Centro Fotografia', 'Sighseeing']",Torre Lamberti,strategy_nearest,True,0.0036878585815429688,success
04C988BA7B3F80,3,"['Arena', 'Casa Giulietta', 'Torre Lamberti']",Castelvecchio,"['Museo Lapidario', 'Verona Tour', 'Museo Radio', 'San Zeno', 'Sighseeing']",Teatro Romano,strategy_nearest,False,0.003577709197998047,success
04C994BA7B3F80,3,"['Arena', 'Casa Giulietta', 'Torre Lamberti']",Castelvecchio,"['Museo Lapidario', 'Verona Tour', 'Museo Radio', 'San Zeno', 'Sighseeing']",Teatro Romano,strategy_nearest,False,0.0024521350860595703,success
04C9A84A9C4C80,3,"['Arena', 'Casa Giulietta']",Torre Lamberti,"['Sighseeing', 'Centro Fotografia', 'Museo Conte', 'Palazzo della Ragione', 'AMO']",Santa Anastasia,strategy_nearest,False,0.002701997756958008,success
04C9B93A9C4C80,0,['Castelvecchio'],Torre Lamberti,"['Sighseeing', 'Centro Fotografia', 'Museo Conte', 'Casa Giulietta', 'Palazzo della Ragione']",Arena,strategy_nearest,False,0.0025451183319091797,success
04C9C1429C4C80,0,"['Arena', 'Castelvecchio']",Torre Lamberti,"['Sighseeing', 'Centro Fotografia', 'Museo Conte', 'Casa Giulietta', 'Palazzo della Ragione']",Casa Giulietta,strategy_nearest,True,0.003062009811401367,success
04C9C7429C4C80,1,"['Castelvecchio', 'San Zeno', 'Arena']",Casa Giulietta,"['Centro Fotografia', 'Sighseeing', 'Torre Lamberti', 'Museo Conte', 'Museo Radio']",Palazzo della Ragione,strategy_nearest,False,0.0026350021362304688,success
04C9D73A9C4C80,0,['Arena'],Casa Giulietta,"['Centro Fotografia', 'Sighseeing', 'Torre Lamberti', 'Museo Conte', 'Museo Radio']",Teatro Romano,strategy_nearest,False,0.0025942325592041016,success
04C9D6429C4C80,1,"['Arena', 'Casa Giulietta', 'Castelvecchio']",Museo Lapidario,"['Verona Tour', 'Museo Radio', 'San Fermo', 'Tomba Giulietta', 'Sighseeing']",Torre Lamberti,strategy_nearest,False,0.0032911300659179688,success
04C9D83A9C4C80,1,"['Castelvecchio', 'Casa Giulietta', 'Santa Anastasia']",Arena,"['Verona Tour', 'Museo Lapidario', 'Museo Radio', 'San Fermo', 'Sighseeing']",Tomba Giulietta,strategy_nearest,False,0.004472017288208008,success
04C9D93A9C4C80,3,"['Arena', 'Casa Giulietta', 'Teatro Romano', 'Duomo']",Santa Anastasia,"['AMO', 'Museo Conte', 'Palazzo della Ragione', 'Centro Fotografia', 'Torre Lamberti']",Torre Lamberti,strategy_nearest,True,0.002711057662963867,success
04C9DA3A9C4C80,1,"['Arena', 'Casa Giulietta', 'Torre Lamberti']",Palazzo della Ragione,"['AMO', 'Museo Conte', 'Centro Fotografia', 'Sighseeing', 'Santa Anastasia']",Santa Anastasia,strategy_nearest,True,0.003223896026611328,success
04C9E33A9C4C80,0,['Teatro Romano'],Duomo,"['AMO', 'Museo Miniscalchi', 'Santa Anastasia', 'Palazzo della Ragione', 'Museo Conte']",Arena,strategy_nearest,False,0.002615690231323242,success
04C9EF3A9C4C80,1,"['San Zeno', 'Castelvecchio', 'Arena', 'Casa Giulietta']",Palazzo della Ragione,"['AMO', 'Museo Conte', 'Torre Lamberti', 'Centro Fotografia', 'Sighseeing']",Santa Anastasia,strategy_nearest,False,0.0015327930450439453,success
04CA003A9C4C84,2,"['Museo Lapidario', 'San Zeno', 'Castelvecchio']",Santa Anastasia,"['AMO', 'Museo Conte', 'Palazzo della Ragione', 'Teatro Romano', 'Centro Fotografia']",Duomo,strategy_nearest,False,0.0021390914916992188,success
04C9FB3A9C4C80,3,"['Duomo', 'Santa Anastasia', 'Casa Giulietta']",San Fermo,"['Museo Storia', 'Museo Radio', 'Centro Fotografia', 'Arena', 'Sighseeing']",Arena,strategy_nearest,True,0.002788066864013672,success
04CA0A429C4C84,3,"['Arena', 'San Fermo', 'Duomo']",Santa Anastasia,"['AMO', 'Museo Conte', 'Palazzo della Ragione', 'Teatro Romano', 'Centro Fotografia']",Torre Lamberti,strategy_nearest,False,0.0032901763916015625,success
04CA13429C4C80,2,['Tomba Giulietta'],Casa Giulietta,"['Centro Fotografia', 'Sighseeing', 'Torre Lamberti', 'Museo Conte', 'Museo Radio']",Torre Lamberti,strategy_nearest,True,0.003354310989379883,success
04CA15429C4C80,3,['Arena'],Torre Lamberti,"['Sighseeing', 'Centro Fotografia', 'Museo Conte', 'Casa Giulietta', 'Palazzo della Ragione']",Santa Anastasia,strategy_nearest,False,0.0033850669860839844,success
04CA163A9C4C80,1,"['Castelvecchio', 'Arena', 'Teatro Romano']",San Fermo,"['Museo Storia', 'Museo Radio', 'Casa Giulietta', 'Centro Fotografia', 'Sighseeing']",Duomo,strategy_nearest,False,0.0026650428771972656,success
04CA1D4A9C4C80,0,"['Arena', 'Teatro Romano']",Torre Lamberti,"['Sighseeing', 'Centro Fotografia', 'Museo Conte', 'Casa Giulietta', 'Palazzo della Ragione']",Casa Giulietta,strategy_nearest,True,0.0032320022583007812,success
04CA204A9C4C80,1,"['Arena', 'Casa Giulietta', 'San Fermo', 'San Zeno']",Castelvecchio,"['Museo Lapidario', 'Verona Tour', 'Museo Radio', 'Sighseeing', 'Museo Miniscalchi']",Torre Lamberti,strategy_nearest,False,0.0027561187744140625,success
04CA203A9C4C84,2,"['Castelvecchio', 'Teatro Romano']",Casa Giulietta,"['Centro Fotografia', 'Sighseeing', 'Torre Lamberti', 'Museo Conte', 'Museo Radio']",Torre Lamberti,strategy_nearest,True,0.002752065658569336,success
04CA273A9C4C84,1,"['Arena', 'Palazzo della Ragione']",Torre Lamberti,"['Sighseeing', 'Centro Fotografia', 'Museo Conte', 'Casa Giulietta', 'AMO']",Casa Giulietta,strategy_nearest,True,0.0032660961151123047,success
04CA243A9C4C80,4,"['Tomba Giulietta', 'Museo Radio', 'Arena']",Castelvecchio,"['Museo Lapidario', 'Verona Tour', 'San Zeno', 'Sighseeing', 'Museo Miniscalchi']",Casa Giulietta,strategy_nearest,False,0.002625703811645508,success
04CA28429C4C80,0,"['Arena', 'Casa Giulietta']",Torre Lamberti,"['Sighseeing', 'Centro Fotografia', 'Museo Conte', 'Palazzo della Ragione', 'AMO']",Castelvecchio,strategy_nearest,False,0.0020248889923095703,success
04CA3A3A9C4C80,1,"['Arena', 'Giardino Giusti', 'Duomo']",Santa Anastasia,"['AMO', 'Museo Conte', 'Palazzo della Ragione', 'Teatro Romano', 'Centro Fotografia']",Palazzo della Ragione,strategy_nearest,True,0.002588987350463867,success
04CA403A9C4C80,1,"['Duomo', 'Teatro Romano']",Torre Lamberti,"['Sighseeing', 'Centro Fotografia', 'Museo Conte', 'Casa Giulietta', 'Palazzo della Ragione']",Palazzo della Ragione,strategy_nearest,True,0.0027549266815185547,success
04CA463A9C4C80,3,"['Arena', 'Tomba Giulietta', 'Santa Anastasia', 'Teatro Romano']",San Zeno,"['Castelvecchio', 'Verona Tour', 'Museo Lapidario', 'Museo Miniscalchi', 'Sighseeing']",Castelvecchio,strategy_nearest,True,0.003609180450439453,success
04CA453A9C4C80,1,"['Castelvecchio', 'Arena']",Museo Lapidario,"['Verona Tour', 'Museo Radio', 'San Fermo', 'Casa Giulietta', 'Tomba Giulietta']",Torre Lamberti,strategy_nearest,False,0.004633188247680664,success
04CA473A9C4C80,1,"['Torre Lamberti', 'Arena', 'Santa Anastasia']",Castelvecchio,"['Museo Lapidario', 'Verona Tour', 'Museo Radio', 'San Zeno', 'Sighseeing']",San Fermo,strategy_nearest,False,0.004950046539306641,success
04CA48BA7B3F80,3,"['Duomo', 'Santa Anastasia']",Teatro Romano,"['AMO', 'Palazzo della Ragione', 'Museo Conte', 'Centro Fotografia', 'Museo Miniscalchi']",Casa Giulietta,strategy_nearest,False,0.005955219268798828,success
04CA4A3A9C4C80,3,"['Castelvecchio', 'Torre Lamberti', 'Teatro Romano', 'Giardino Giusti']",Arena,"['Verona Tour', 'Museo Lapidario', 'Museo Radio', 'San Fermo', 'Casa Giulietta']",Tomba Giulietta,strategy_nearest,False,0.0052340030670166016,success
04CA5B429C4C80,3,"['Arena', 'Casa Giulietta']",Santa Anastasia,"['AMO', 'Museo Conte', 'Palazzo della Ragione', 'Teatro Romano', 'Centro Fotografia']",Teatro Romano,strategy_nearest,True,0.0032019615173339844,success
04CA4FBA7B3F80,3,"['Santa Anastasia', 'Arena', 'Castelvecchio']",San Zeno,"['Verona Tour', 'Museo Lapidario', 'Museo Miniscalchi', 'Sighseeing', 'Museo Radio']",San Fermo,strategy_nearest,False,0.003993988037109375,success
04CA5C429C4C80,3,"['Arena', 'Casa Giulietta']",Santa Anastasia,"['AMO', 'Museo Conte', 'Palazzo della Ragione', 'Teatro Romano', 'Centro Fotografia']",Torre Lamberti,strategy_nearest,False,0.0034737586975097656,success
04CA613A9C4C80,3,"['Arena', 'Castelvecchio', 'Santa Anastasia']",Duomo,"['AMO', 'Museo Miniscalchi', 'Teatro Romano', 'Palazzo della Ragione', 'Museo Conte']",Casa Giulietta,strategy_nearest,False,0.002515077590942383,success
04CA7E3A9C4C80,3,['Arena'],Santa Anastasia,"['AMO', 'Museo Conte', 'Palazzo della Ragione', 'Teatro Romano', 'Centro Fotografia']",Duomo,strategy_nearest,False,0.003144979476928711,success
04CA74429C4C80,3,"['San Fermo', 'Casa Giulietta', 'Torre Lamberti']",Santa Anastasia,"['AMO', 'Museo Conte', 'Palazzo della Ragione', 'Teatro Romano', 'Centro Fotografia']",Arena,strategy_nearest,False,0.0040509700775146484,success
04CA874A9C4C80,3,"['Arena', 'San Fermo', 'Casa Giulietta']",Torre Lamberti,"['Sighseeing', 'Centro Fotografia', 'Museo Conte', 'Palazzo della Ragione', 'AMO']",Santa Anastasia,strategy_nearest,False,0.002868175506591797,success
04CA8F429C4C80,3,"['Santa Anastasia', 'Teatro Romano']",Castelvecchio,"['Museo Lapidario', 'Verona Tour', 'Arena', 'Museo Radio', 'San Zeno']",Arena,strategy_nearest,True,0.0018682479858398438,success
04CA894A9C4C80,2,['Duomo'],Santa Anastasia,"['AMO', 'Museo Conte', 'Palazzo della Ragione', 'Teatro Romano', 'Centro Fotografia']",Torre Lamberti,strategy_nearest,False,0.003639698028564453,success
04CA884A9C4C80,3,"['Castelvecchio', 'Arena']",Casa Giulietta,"['Centro Fotografia', 'Sighseeing', 'Torre Lamberti', 'Museo Conte', 'Museo Radio']",Tomba Giulietta,strategy_nearest,False,0.00432896614074707,success
04CA9B429C4C80,1,"['Teatro Romano', 'Duomo']",Palazzo della Ragione,"['AMO', 'Museo Conte', 'Torre Lamberti', 'Centro Fotografia', 'Sighseeing']",Casa Giulietta,strategy_nearest,False,0.0034461021423339844,success
04CAB1429C4C80,0,['Arena'],Castelvecchio,"['Museo Lapidario', 'Verona Tour', 'Museo Radio', 'San Zeno', 'Sighseeing']",Casa Giulietta,strategy_nearest,False,0.001672983169555664,success
04CAB63A9C4C80,0,"['Casa Giulietta', 'Santa Anastasia']",Arena,"['Verona Tour', 'Museo Lapidario', 'Museo Radio', 'San Fermo', 'Sighseeing']",Tomba Giulietta,strategy_nearest,False,0.0022008419036865234,success
04CAB2429C4C80,0,['Arena'],Casa Giulietta,"['Centro Fotografia', 'Sighseeing', 'Torre Lamberti', 'Museo Conte', 'Museo Radio']",Duomo,strategy_nearest,False,0.0032303333282470703,success
04CABC3A9C4C80,1,"['Arena', 'Casa Giulietta']",Torre Lamberti,"['Sighseeing', 'Centro Fotografia', 'Museo Conte', 'Palazzo della Ragione', 'AMO']",Palazzo della Ragione,strategy_nearest,True,0.0031931400299072266,success
04CAD73A9C4C80,3,"['Tomba Giulietta', 'San Fermo']",Castelvecchio,"['Museo Lapidario', 'Verona Tour', 'Arena', 'Museo Radio', 'San Zeno']",Arena,strategy_nearest,True,0.0022847652435302734,success
04CAD7429C4C80,3,['Arena'],Casa Giulietta,"['Centro Fotografia', 'Sighseeing', 'Torre Lamberti', 'Museo Conte', 'Museo Radio']",Santa Anastasia,strategy_nearest,False,0.0023610591888427734,success
04CADA3A9C4C80,3,"['Santa Anastasia', 'Casa Giulietta']",San Fermo,"['Museo Storia', 'Museo Radio', 'Centro Fotografia', 'Arena', 'Sighseeing']",Arena,strategy_nearest,True,0.003699064254760742,success
04CAD83A9C4C80,3,['Arena'],Casa Giulietta,"['Centro Fotografia', 'Sighseeing', 'Torre Lamberti', 'Museo Conte', 'Museo Radio']",Santa Anastasia,strategy_nearest,False,0.004647016525268555,success
04CADE3A9C4C80,0,['Arena'],Castelvecchio,"['Museo Lapidario', 'Verona Tour', 'Museo Radio', 'San Zeno', 'Sighseeing']",Casa Giulietta,strategy_nearest,False,0.005265951156616211,success
04CAE03A9C4C80,0,['Arena'],Casa Giulietta,"['Centro Fotografia', 'Sighseeing', 'Torre Lamberti', 'Museo Conte', 'Museo Radio']",Castelvecchio,strategy_nearest,False,0.0028412342071533203,success
04CAE33A9C4C80,3,"['Arena', 'Casa Giulietta']",Santa Anastasia,"['AMO', 'Museo Conte', 'Palazzo della Ragione', 'Teatro Romano', 'Centro Fotografia']",Torre Lamberti,strategy_nearest,False,0.003171205520629883,success
04CAE53A9C4C80,3,['Arena'],Casa Giulietta,"['Centro Fotografia', 'Sighseeing', 'Torre Lamberti', 'Museo Conte', 'Museo Radio']",Santa Anastasia,strategy_nearest,False,0.004004716873168945,success
04CB00429C4C84,3,"['Arena', 'Casa Giulietta', 'Teatro Romano']",Santa Anastasia,"['AMO', 'Museo Conte', 'Palazzo della Ragione', 'Centro Fotografia', 'Duomo']",Castelvecchio,strategy_nearest,False,0.003184080123901367,success
04CB123A9C4C84,3,"['Castelvecchio', 'Arena', 'Casa Giulietta']",San Fermo,"['Museo Storia', 'Museo Radio', 'Centro Fotografia', 'Sighseeing', 'Torre Lamberti']",Tomba Giulietta,strategy_nearest,False,0.0026869773864746094,success
04CB11429C4C80,1,"['Arena', 'Casa Giulietta']",Palazzo della Ragione,"['AMO', 'Museo Conte', 'Torre Lamberti', 'Centro Fotografia', 'Sighseeing']",Torre Lamberti,strategy_nearest,True,0.0022830963134765625,success
04CB143A9C4C80,3,"['Arena', 'San Fermo', 'Casa Giulietta']",Torre Lamberti,"['Sighseeing', 'Centro Fotografia', 'Museo Conte', 'Palazzo della Ragione', 'AMO']",Santa Anastasia,strategy_nearest,False,0.0026009082794189453,success
04CB15429C4C80,3,"['Arena', 'Castelvecchio', 'Casa Giulietta']",Torre Lamberti,"['Sighseeing', 'Centro Fotografia', 'Museo Conte', 'Palazzo della Ragione', 'AMO']",Santa Anastasia,strategy_nearest,False,0.0032799243927001953,success
04CB16BA7B3F84,3,"['Torre Lamberti', 'Santa Anastasia', 'Teatro Romano', 'Giardino Giusti']",Duomo,"['AMO', 'Museo Miniscalchi', 'Palazzo della Ragione', 'Museo Conte', 'Centro Fotografia']",Arena,strategy_nearest,False,0.0016512870788574219,success
04CB183A9C4C84,0,['Torre Lamberti'],Casa Giulietta,"['Centro Fotografia', 'Sighseeing', 'Museo Conte', 'Museo Radio', 'Palazzo della Ragione']",Arena,strategy_nearest,False,0.003818988800048828,success
04CB18429C4C80,0,['San Zeno'],Casa Giulietta,"['Centro Fotografia', 'Sighseeing', 'Torre Lamberti', 'Museo Conte', 'Museo Radio']",Torre Lamberti,strategy_nearest,True,0.0016970634460449219,success
04CB1B3A9C4C80,1,['Arena'],Casa Giulietta,"['Centro Fotografia', 'Sighseeing', 'Torre Lamberti', 'Museo Conte', 'Museo Radio']",Torre Lamberti,strategy_nearest,True,0.003269195556640625,success
04CB193A9C4C84,4,"['Arena', 'Casa Giulietta']",Torre Lamberti,"['Sighseeing', 'Centro Fotografia', 'Museo Conte', 'Palazzo della Ragione', 'AMO']",Duomo,strategy_nearest,False,0.0029120445251464844,success
04CB1BBA7B3F84,3,"['Arena', 'Santa Anastasia']",Teatro Romano,"['Duomo', 'AMO', 'Palazzo della Ragione', 'Museo Conte', 'Centro Fotografia']",Torre Lamberti,strategy_nearest,False,0.0023779869079589844,success
04CB1CBA7B3F84,3,"['Casa Giulietta', 'Arena']",Castelvecchio,"['Museo Lapidario', 'Verona Tour', 'Museo Radio', 'San Zeno', 'Sighseeing']",Duomo,strategy_nearest,False,0.0023679733276367188,success
04CB223A9C4C84,3,['Arena'],Torre Lamberti,"['Sighseeing', 'Centro Fotografia', 'Museo Conte', 'Casa Giulietta', 'Palazzo della Ragione']",Santa Anastasia,strategy_nearest,False,0.002106189727783203,success
04CB243A9C4C80,1,"['Arena', 'Casa Giulietta']",Torre Lamberti,"['Sighseeing', 'Centro Fotografia', 'Museo Conte', 'Palazzo della Ragione', 'AMO']",Palazzo della Ragione,strategy_nearest,True,0.0033299922943115234,success
04CB1E3A9C4C84,0,['Arena'],Torre Lamberti,"['Sighseeing', 'Centro Fotografia', 'Museo Conte', 'Casa Giulietta', 'Palazzo della Ragione']",Casa Giulietta,strategy_nearest,True,0.0036618709564208984,success
04CB273A9C4C84,3,"['Arena', 'Castelvecchio']",Teatro Romano,"['Santa Anastasia', 'Duomo', 'AMO', 'Palazzo della Ragione', 'Museo Conte']",Santa Anastasia,strategy_nearest,True,0.003287076950073242,success
04CB2D4A9C4C80,1,"['Palazzo della Ragione', 'Torre Lamberti', 'Santa Anastasia']",Arena,"['Verona Tour', 'Museo Lapidario', 'Museo Radio', 'San Fermo', 'Casa Giulietta']",Castelvecchio,strategy_nearest,False,0.0025360584259033203,success
04CB3E3A9C4C80,3,['Arena'],San Fermo,"['Museo Storia', 'Museo Radio', 'Casa Giulietta', 'Centro Fotografia', 'Sighseeing']",Santa Anastasia,strategy_nearest,False,0.0018150806427001953,success
04CB2F429C4C80,1,"['Arena', 'Casa Giulietta']",Torre Lamberti,"['Sighseeing', 'Centro Fotografia', 'Museo Conte', 'Palazzo della Ragione', 'AMO']",Palazzo della Ragione,strategy_nearest,True,0.003344297409057617,success
04CB423A9C4C80,0,['Tomba Giulietta'],Arena,"['Verona Tour', 'Museo Lapidario', 'Museo Radio', 'San Fermo', 'Casa Giulietta']",Casa Giulietta,strategy_nearest,True,0.002584695816040039,success
04CB4C3A9C4C80,0,"['Castelvecchio', 'Arena']",Casa Giulietta,"['Centro Fotografia', 'Sighseeing', 'Torre Lamberti', 'Museo Conte', 'Museo Radio']",Torre Lamberti,strategy_nearest,True,0.003280162811279297,success
04CB4D429C4C80,0,"['Arena', 'Castelvecchio']",Torre Lamberti,"['Sighseeing', 'Centro Fotografia', 'Museo Conte', 'Casa Giulietta', 'Palazzo della Ragione']",Casa Giulietta,strategy_nearest,True,0.0030770301818847656,success
04CB4FBA7B3F80,1,"['Casa Giulietta', 'Palazzo della Ragione', 'Torre Lamberti', 'Santa Anastasia', 'Arena']",Museo Lapidario,"['Verona Tour', 'Castelvecchio', 'Museo Radio', 'San Fermo', 'Tomba Giulietta']",Tomba Giulietta,strategy_nearest,True,0.0025992393493652344,success
04CB60429C4C80,3,"['Arena', 'Castelvecchio']",Torre Lamberti,"['Sighseeing', 'Centro Fotografia', 'Museo Conte', 'Casa Giulietta', 'Palazzo della Ragione']",Santa Anastasia,strategy_nearest,False,0.0028269290924072266,success
04CB5C3A9C4C80,1,"['Arena', 'Casa Giulietta']",Santa Anastasia,"['AMO', 'Museo Conte', 'Palazzo della Ragione', 'Teatro Romano', 'Centro Fotografia']",Castelvecchio,strategy_nearest,False,0.0034699440002441406,success
04CB61429C4C80,1,"['Arena', 'Castelvecchio', 'Santa Anastasia']",Duomo,"['AMO', 'Museo Miniscalchi', 'Teatro Romano', 'Palazzo della Ragione', 'Museo Conte']",San Zeno,strategy_nearest,False,0.0028510093688964844,success
04CB62429C4C80,0,"['Torre Lamberti', 'Casa Giulietta']",Giardino Giusti,"['Santa Anastasia', 'Teatro Romano', 'Museo Conte', 'Centro Fotografia', 'Museo Storia']",Arena,strategy_nearest,False,0.002624988555908203,success
04CB64429C4C80,2,['Casa Giulietta'],Santa Anastasia,"['AMO', 'Museo Conte', 'Palazzo della Ragione', 'Teatro Romano', 'Centro Fotografia']",Teatro Romano,strategy_nearest,True,0.002747774124145508,success
04CB7B3A9C4C80,3,"['Arena', 'Castelvecchio']",Teatro Romano,"['Santa Anastasia', 'Duomo', 'AMO', 'Palazzo della Ragione', 'Museo Conte']",Santa Anastasia,strategy_nearest,True,0.0037298202514648438,success
04CB7BBA7B3F80,1,"['Castelvecchio', 'Arena', 'Casa Giulietta']",Torre Lamberti,"['Sighseeing', 'Centro Fotografia', 'Museo Conte', 'Palazzo della Ragione', 'AMO']",Palazzo della Ragione,strategy_nearest,True,0.002385854721069336,success
04CB7D429C4C80,3,['Arena'],Santa Anastasia,"['AMO', 'Museo Conte', 'Palazzo della Ragione', 'Teatro Romano', 'Centro Fotografia']",Duomo,strategy_nearest,False,0.002592802047729492,success
04CB86429C4C80,1,"['Torre Lamberti', 'Palazzo della Ragione']",Arena,"['Verona Tour', 'Museo Lapidario', 'Museo Radio', 'San Fermo', 'Casa Giulietta']",Castelvecchio,strategy_nearest,False,0.0024619102478027344,success
04CB884A9C4C80,1,['Arena'],Casa Giulietta,"['Centro Fotografia', 'Sighseeing', 'Torre Lamberti', 'Museo Conte', 'Museo Radio']",Torre Lamberti,strategy_nearest,True,0.002437114715576172,success
04CB8C429C4C80,1,"['Arena', 'Casa Giulietta', 'Torre Lamberti']",Palazzo della Ragione,"['AMO', 'Museo Conte', 'Centro Fotografia', 'Sighseeing', 'Santa Anastasia']",Santa Anastasia,strategy_nearest,True,0.002647876739501953,success
04CB91429C4C80,1,"['Arena', 'Casa Giulietta']",Palazzo della Ragione,"['AMO', 'Museo Conte', 'Torre Lamberti', 'Centro Fotografia', 'Sighseeing']",Torre Lamberti,strategy_nearest,True,0.0029599666595458984,success
04CBA8429C4C80,3,['Arena'],Casa Giulietta,"['Centro Fotografia', 'Sighseeing', 'Torre Lamberti', 'Museo Conte', 'Museo Radio']",Santa Anastasia,strategy_nearest,False,0.0023810863494873047,success
04CBB9429C4C80,4,"['Museo Lapidario', 'Castelvecchio', 'Casa Giulietta', 'Palazzo della Ragione']",Torre Lamberti,"['Sighseeing', 'Centro Fotografia', 'Museo Conte', 'AMO', 'Museo Miniscalchi']",San Fermo,strategy_nearest,False,0.003081083297729492,success
04CBC2429C4C80,1,"['Castelvecchio', 'Museo Lapidario', 'Arena', 'Tomba Giulietta', 'Museo Storia']",Casa Giulietta,"['Centro Fotografia', 'Sighseeing', 'Torre Lamberti', 'Museo Conte', 'Museo Radio']",Santa Anastasia,strategy_nearest,False,0.0024466514587402344,success
04CBC4429C4C80,1,"['Casa Giulietta', 'Arena']",Castelvecchio,"['Museo Lapidario', 'Verona Tour', 'Museo Radio', 'San Zeno', 'Sighseeing']",Palazzo della Ragione,strategy_nearest,False,0.0025420188903808594,success
04CBC6429C4C80,1,"['San Fermo', 'Casa Giulietta', 'Palazzo della Ragione']",Torre Lamberti,"['Sighseeing', 'Centro Fotografia', 'Museo Conte', 'AMO', 'Museo Miniscalchi']",Santa Anastasia,strategy_nearest,False,0.003239870071411133,success
04CBCF3A9C4C80,3,"['Arena', 'Torre Lamberti', 'Casa Giulietta']",Santa Anastasia,"['AMO', 'Museo Conte', 'Palazzo della Ragione', 'Teatro Romano', 'Centro Fotografia']",Duomo,strategy_nearest,False,0.0033659934997558594,success
04CBD2429C4C80,0,['Arena'],Teatro Romano,"['Santa Anastasia', 'Duomo', 'AMO', 'Palazzo della Ragione', 'Museo Conte']",Casa Giulietta,strategy_nearest,False,0.0033521652221679688,success
04CBE43A9C4C80,3,"['Arena', 'Museo Lapidario', 'Tomba Giulietta', 'San Fermo']",Casa Giulietta,"['Centro Fotografia', 'Sighseeing', 'Torre Lamberti', 'Museo Conte', 'Museo Radio']",Torre Lamberti,strategy_nearest,True,0.0017621517181396484,success
04CBE03A9C4C80,2,['Casa Giulietta'],Santa Anastasia,"['AMO', 'Museo Conte', 'Palazzo della Ragione', 'Teatro Romano', 'Centro Fotografia']",San Fermo,strategy_nearest,False,0.002638101577758789,success
04CBE53A9C4C80,3,"['Arena', 'Torre Lamberti']",Casa Giulietta,"['Centro Fotografia', 'Sighseeing', 'Museo Conte', 'Museo Radio', 'Palazzo della Ragione']",Castelvecchio,strategy_nearest,False,0.0027091503143310547,success
04CC05BA7B3F84,3,"['Arena', 'Casa Giulietta', 'Santa Anastasia', 'Duomo']",Giardino Giusti,"['Teatro Romano', 'Museo Conte', 'Centro Fotografia', 'Museo Storia', 'AMO']",San Fermo,strategy_nearest,False,0.0026559829711914062,success
04CC13429C4C84,0,['Arena'],Casa Giulietta,"['Centro Fotografia', 'Sighseeing', 'Torre Lamberti', 'Museo Conte', 'Museo Radio']",Castelvecchio,strategy_nearest,False,0.0033380985260009766,success
04CC143A9C4C80,3,"['Arena', 'Casa Giulietta']",Teatro Romano,"['Santa Anastasia', 'Duomo', 'AMO', 'Palazzo della Ragione', 'Museo Conte']",Santa Anastasia,strategy_nearest,True,0.0033767223358154297,success
04CC09BA7B3F84,1,"['Castelvecchio', 'Arena', 'Tomba Giulietta', 'Museo Lapidario', 'Casa Giulietta']",Palazzo della Ragione,"['AMO', 'Museo Conte', 'Torre Lamberti', 'Centro Fotografia', 'Sighseeing']",Torre Lamberti,strategy_nearest,True,0.0029299259185791016,success
04CC153A9C4C84,3,['Museo Lapidario'],Arena,"['Verona Tour', 'Museo Radio', 'San Fermo', 'Casa Giulietta', 'Sighseeing']",Santa Anastasia,strategy_nearest,False,0.003139019012451172,success
04CC17429C4C80,3,"['Castelvecchio', 'Arena']",Casa Giulietta,"['Centro Fotografia', 'Sighseeing', 'Torre Lamberti', 'Museo Conte', 'Museo Radio']",Torre Lamberti,strategy_nearest,True,0.002746105194091797,success
04CC16429C4C80,0,['Arena'],Casa Giulietta,"['Centro Fotografia', 'Sighseeing', 'Torre Lamberti', 'Museo Conte', 'Museo Radio']",Castelvecchio,strategy_nearest,False,0.0019268989562988281,success
04CC1C3A9C4C84,0,['Castelvecchio'],Arena,"['Verona Tour', 'Museo Lapidario', 'Museo Radio', 'San Fermo', 'Casa Giulietta']",Casa Giulietta,strategy_nearest,True,0.0041730403900146484,success
04CC224A9C4C80,1,"['Arena', 'Casa Giulietta', 'Palazzo della Ragione']",Santa Anastasia,"['AMO', 'Museo Conte', 'Teatro Romano', 'Centro Fotografia', 'Duomo']",San Zeno,strategy_nearest,False,0.0024030208587646484,success
04CC293A9C4C80,3,"['Arena', 'Torre Lamberti']",Casa Giulietta,"['Centro Fotografia', 'Sighseeing', 'Museo Conte', 'Museo Radio', 'Palazzo della Ragione']",Santa Anastasia,strategy_nearest,False,0.0025467872619628906,success
04CC263A9C4C80,1,"['San Zeno', 'Castelvecchio', 'Arena', 'Casa Giulietta']",Torre Lamberti,"['Sighseeing', 'Centro Fotografia', 'Museo Conte', 'Palazzo della Ragione', 'AMO']",Palazzo della Ragione,strategy_nearest,True,0.0032482147216796875,success
04CC253A9C4C84,0,['Arena'],Torre Lamberti,"['Sighseeing', 'Centro Fotografia', 'Museo Conte', 'Casa Giulietta', 'Palazzo della Ragione']",Arena,strategy_nearest,False,0.0026731491088867188,success
04CC2A3A9C4C80,3,"['Arena', 'Casa Giulietta']",Torre Lamberti,"['Sighseeing', 'Centro Fotografia', 'Museo Conte', 'Palazzo della Ragione', 'AMO']",Santa Anastasia,strategy_nearest,False,0.0032460689544677734,success
04CC36429C4C80,0,['Arena'],Castelvecchio,"['Museo Lapidario', 'Verona Tour', 'Museo Radio', 'San Zeno', 'Sighseeing']",Duomo,strategy_nearest,False,0.002730846405029297,success
04CC373A9C4C80,1,['Arena'],Palazzo della Ragione,"['AMO', 'Museo Conte', 'Torre Lamberti', 'Centro Fotografia', 'Sighseeing']",Torre Lamberti,strategy_nearest,True,0.0020270347595214844,success
04CC3E3A9C4C80,3,"['Arena', 'Casa Giulietta']",Santa Anastasia,"['AMO', 'Museo Conte', 'Palazzo della Ragione', 'Teatro Romano', 'Centro Fotografia']",Torre Lamberti,strategy_nearest,False,0.003604888916015625,success
04CC443A9C4C80,1,"['Museo Lapidario', 'Castelvecchio', 'San Zeno', 'Arena', 'Casa Giulietta']",Tomba Giulietta,"['San Fermo', 'Museo Storia', 'Museo Radio', 'Verona Tour', 'Sighseeing']",San Fermo,strategy_nearest,True,0.002816915512084961,success
04CC453A9C4C80,0,"['Tomba Giulietta', 'Arena']",Castelvecchio,"['Museo Lapidario', 'Verona Tour', 'Museo Radio', 'San Zeno', 'Sighseeing']",Casa Giulietta,strategy_nearest,False,0.0026187896728515625,success
04CC47429C4C80,2,['Casa Giulietta'],Torre Lamberti,"['Sighseeing', 'Centro Fotografia', 'Museo Conte', 'Palazzo della Ragione', 'AMO']",Santa Anastasia,strategy_nearest,False,0.0032248497009277344,success
04CC57429C4C80,1,"['Arena', 'Casa Giulietta']",Torre Lamberti,"['Sighseeing', 'Centro Fotografia', 'Museo Conte', 'Palazzo della Ragione', 'AMO']",Palazzo della Ragione,strategy_nearest,True,0.0024938583374023438,success
04CC5B3A9C4C80,1,"['Castelvecchio', 'San Zeno']",Torre Lamberti,"['Sighseeing', 'Centro Fotografia', 'Museo Conte', 'Casa Giulietta', 'Palazzo della Ragione']",Palazzo della Ragione,strategy_nearest,True,0.0032083988189697266,success
04CC7D429C4C80,0,['Arena'],Casa Giulietta,"['Centro Fotografia', 'Sighseeing', 'Torre Lamberti', 'Museo Conte', 'Museo Radio']",Torre Lamberti,strategy_nearest,True,0.002507925033569336,success
04CC7C3A9C4C80,3,"['Teatro Romano', 'Duomo']",Santa Anastasia,"['AMO', 'Museo Conte', 'Palazzo della Ragione', 'Centro Fotografia', 'Torre Lamberti']",Casa Giulietta,strategy_nearest,False,0.0025861263275146484,success
04CC60429C4C80,1,"['Arena', 'Museo Lapidario', 'Museo Lapidario', 'Casa Giulietta']",Palazzo della Ragione,"['AMO', 'Museo Conte', 'Torre Lamberti', 'Centro Fotografia', 'Sighseeing']",Torre Lamberti,strategy_nearest,True,0.003134012222290039,success
04CC863A9C4C80,0,['Castelvecchio'],Duomo,"['AMO', 'Museo Miniscalchi', 'Santa Anastasia', 'Teatro Romano', 'Palazzo della Ragione']",Teatro Romano,strategy_nearest,True,0.003185272216796875,success
04CC884A9C4C80,1,"['Arena', 'Casa Giulietta']",Torre Lamberti,"['Sighseeing', 'Centro Fotografia', 'Museo Conte', 'Palazzo della Ragione', 'AMO']",Palazzo della Ragione,strategy_nearest,True,0.0018100738525390625,success
04CC8F3A9C4C80,0,"['Arena', 'Casa Giulietta', 'San Fermo']",Torre Lamberti,"['Sighseeing', 'Centro Fotografia', 'Museo Conte', 'Palazzo della Ragione', 'AMO']",Tomba Giulietta,strategy_nearest,False,0.0026807785034179688,success
04CC8FBA7B3F80,1,"['Casa Giulietta', 'Torre Lamberti', 'Palazzo della Ragione', 'San Fermo']",Tomba Giulietta,"['Museo Storia', 'Arena', 'Museo Lapidario', 'Museo Radio', 'Verona Tour']",Arena,strategy_nearest,True,0.0032041072845458984,success
04CC9A4A9C4C80,1,"['Torre Lamberti', 'Palazzo della Ragione']",Giardino Giusti,"['Santa Anastasia', 'Teatro Romano', 'Museo Conte', 'Centro Fotografia', 'Museo Storia']",Teatro Romano,strategy_nearest,True,0.0032491683959960938,success
04CC9BBA7B3F80,1,"['Casa Giulietta', 'Torre Lamberti', 'Palazzo della Ragione', 'San Fermo']",Tomba Giulietta,"['Museo Storia', 'Arena', 'Museo Lapidario', 'Museo Radio', 'Verona Tour']",Arena,strategy_nearest,True,0.0025949478149414062,success
04CCA44A9C4C80,1,"['Castelvecchio', 'San Fermo', 'Arena']",Palazzo della Ragione,"['AMO', 'Museo Conte', 'Torre Lamberti', 'Centro Fotografia', 'Sighseeing']",Torre Lamberti,strategy_nearest,True,0.0033731460571289062,success
04CCA64A9C4C80,0,['San Zeno'],Castelvecchio,"['Museo Lapidario', 'Verona Tour', 'Arena', 'Museo Radio', 'Sighseeing']",Arena,strategy_nearest,True,0.004272937774658203,success
04CCA7429C4C80,0,['Torre Lamberti'],Tomba Giulietta,"['San Fermo', 'Museo Storia', 'Arena', 'Museo Lapidario', 'Museo Radio']",Casa Giulietta,strategy_nearest,False,0.0025339126586914062,success
04CCAD3A9C4C80,0,['Casa Giulietta'],Arena,"['Verona Tour', 'Museo Lapidario', 'Museo Radio', 'San Fermo', 'Sighseeing']",Teatro Romano,strategy_nearest,False,0.0025501251220703125,success
04CCAD429C4C80,0,"['Casa Giulietta', 'Torre Lamberti']",Duomo,"['AMO', 'Museo Miniscalchi', 'Santa Anastasia', 'Teatro Romano', 'Palazzo della Ragione']",Arena,strategy_nearest,False,0.002972841262817383,success
04CCB3429C4C80,1,"['Arena', 'Torre Lamberti', 'Palazzo della Ragione']",Casa Giulietta,"['Centro Fotografia', 'Sighseeing', 'Museo Conte', 'Museo Radio', 'San Fermo']",San Fermo,strategy_nearest,True,0.0022797584533691406,success
04CCBB3A9C4C80,1,"['Teatro Romano', 'Santa Anastasia', 'Casa Giulietta', 'Torre Lamberti', 'Palazzo della Ragione']",Duomo,"['AMO', 'Museo Miniscalchi', 'Museo Conte', 'Centro Fotografia', 'Sighseeing']",Castelvecchio,strategy_nearest,False,0.0026421546936035156,success
04CCB0429C4C80,0,"['Torre Lamberti', 'Duomo']",Arena,"['Verona Tour', 'Museo Lapidario', 'Museo Radio', 'San Fermo', 'Casa Giulietta']",Casa Giulietta,strategy_nearest,True,0.003713846206665039,success
04CCBC429C4C80,1,"['Casa Giulietta', 'Palazzo della Ragione', 'Torre Lamberti']",Santa Anastasia,"['AMO', 'Museo Conte', 'Teatro Romano', 'Centro Fotografia', 'Duomo']",Duomo,strategy_nearest,True,0.003145933151245117,success
04CCBD429C4C80,1,"['Torre Lamberti', 'Palazzo della Ragione', 'Casa Giulietta']",Teatro Romano,"['Santa Anastasia', 'Duomo', 'AMO', 'Museo Conte', 'Centro Fotografia']",Santa Anastasia,strategy_nearest,True,0.002511739730834961,success
04CCBF3A9C4C80,0,['Arena'],Museo Lapidario,"['Verona Tour', 'Castelvecchio', 'Museo Radio', 'San Fermo', 'Casa Giulietta']",Casa Giulietta,strategy_nearest,True,0.003036022186279297,success
04CCDABA7B3F80,3,"['Arena', 'Casa Giulietta', 'Santa Anastasia']",Teatro Romano,"['Duomo', 'AMO', 'Palazzo della Ragione', 'Museo Conte', 'Centro Fotografia']",Torre Lamberti,strategy_nearest,False,0.0026619434356689453,success
04CCD4BA7B3F80,3,"['Arena', 'Torre Lamberti', 'Santa Anastasia']",Teatro Romano,"['Duomo', 'AMO', 'Palazzo della Ragione', 'Museo Conte', 'Centro Fotografia']",Giardino Giusti,strategy_nearest,False,0.002769947052001953,success
04CCDC3A9C4C80,3,"['Arena', 'Casa Giulietta']",Torre Lamberti,"['Sighseeing', 'Centro Fotografia', 'Museo Conte', 'Palazzo della Ragione', 'AMO']",Santa Anastasia,strategy_nearest,False,0.0034220218658447266,success
04CCF1BA7B3F80,1,"['Castelvecchio', 'Palazzo della Ragione']",Casa Giulietta,"['Centro Fotografia', 'Sighseeing', 'Torre Lamberti', 'Museo Conte', 'Museo Radio']",Arena,strategy_nearest,False,0.002577066421508789,success
04CCE83A9C4C80,1,"['Arena', 'Casa Giulietta']",Torre Lamberti,"['Sighseeing', 'Centro Fotografia', 'Museo Conte', 'Palazzo della Ragione', 'AMO']",Palazzo della Ragione,strategy_nearest,True,0.0032401084899902344,success
04CCE6BA7B3F80,3,"['Torre Lamberti', 'Casa Giulietta']",Arena,"['Verona Tour', 'Museo Lapidario', 'Museo Radio', 'San Fermo', 'Sighseeing']",Museo Lapidario,strategy_nearest,True,0.0032079219818115234,success
04CCF2BA7B3F80,0,"['Arena', 'Casa Giulietta', 'Torre Lamberti']",Teatro Romano,"['Santa Anastasia', 'Duomo', 'AMO', 'Palazzo della Ragione', 'Museo Conte']",Giardino Giusti,strategy_nearest,False,0.0026569366455078125,success
04CCF53A9C4C80,2,['Casa Giulietta'],Santa Anastasia,"['AMO', 'Museo Conte', 'Palazzo della Ragione', 'Teatro Romano', 'Centro Fotografia']",Castelvecchio,strategy_nearest,False,0.0033609867095947266,success
04CCF9BA7B3F80,1,"['Arena', 'Casa Giulietta', 'Santa Anastasia', 'Duomo', 'Giardino Giusti']",San Fermo,"['Museo Storia', 'Museo Radio', 'Centro Fotografia', 'Sighseeing', 'Torre Lamberti']",Tomba Giulietta,strategy_nearest,False,0.002519845962524414,success
04CCF93A9C4C80,0,['Casa Giulietta'],Arena,"['Verona Tour', 'Museo Lapidario', 'Museo Radio', 'San Fermo', 'Sighseeing']",Torre Lamberti,strategy_nearest,False,0.002134084701538086,success
04CCFC429C4C80,0,['Arena'],Giardino Giusti,"['Santa Anastasia', 'Teatro Romano', 'Museo Conte', 'Centro Fotografia', 'Museo Storia']",Duomo,strategy_nearest,False,0.00284576416015625,success
04CCFEBA7B3F80,1,"['Arena', 'Torre Lamberti', 'Palazzo della Ragione']",Casa Giulietta,"['Centro Fotografia', 'Sighseeing', 'Museo Conte', 'Museo Radio', 'San Fermo']",Giardino Giusti,strategy_nearest,False,0.003113985061645508,success
04CCFDBA7B3F80,1,"['Castelvecchio', 'Arena', 'Torre Lamberti']",Palazzo della Ragione,"['AMO', 'Museo Conte', 'Centro Fotografia', 'Sighseeing', 'Santa Anastasia']",Casa Giulietta,strategy_nearest,False,0.002287149429321289,success
04CD0F429C4C80,0,"['Arena', 'Casa Giulietta']",Torre Lamberti,"['Sighseeing', 'Centro Fotografia', 'Museo Conte', 'Palazzo della Ragione', 'AMO']",Tomba Giulietta,strategy_nearest,False,0.003242015838623047,success
04CD0F429C4C84,3,"['Arena', 'Torre Lamberti', 'Casa Giulietta']",Duomo,"['AMO', 'Museo Miniscalchi', 'Santa Anastasia', 'Teatro Romano', 'Palazzo della Ragione']",Santa Anastasia,strategy_nearest,True,0.0021898746490478516,success
04CD16429C4C84,1,"['Arena', 'Casa Giulietta', 'Torre Lamberti']",Palazzo della Ragione,"['AMO', 'Museo Conte', 'Centro Fotografia', 'Sighseeing', 'Santa Anastasia']",Santa Anastasia,strategy_nearest,True,0.0015048980712890625,success
04CD163A9C4C84,0,['Arena'],Casa Giulietta,"['Centro Fotografia', 'Sighseeing', 'Torre Lamberti', 'Museo Conte', 'Museo Radio']",Torre Lamberti,strategy_nearest,True,0.002997875213623047,success
04CD173A9C4C84,2,['Museo Lapidario'],Casa Giulietta,"['Centro Fotografia', 'Sighseeing', 'Torre Lamberti', 'Museo Conte', 'Museo Radio']",San Fermo,strategy_nearest,False,0.0031228065490722656,success
04CD17429C4C80,0,['Arena'],Casa Giulietta,"['Centro Fotografia', 'Sighseeing', 'Torre Lamberti', 'Museo Conte', 'Museo Radio']",Casa Giulietta,strategy_nearest,False,0.002457141876220703,success
04CD17429C4C84,3,"['Teatro Romano', 'San Zeno', 'Castelvecchio']",Casa Giulietta,"['Centro Fotografia', 'Sighseeing', 'Torre Lamberti', 'Museo Conte', 'Museo Radio']",San Fermo,strategy_nearest,False,0.0027501583099365234,success
04CD18429C4C80,3,['Santa Anastasia'],Casa Giulietta,"['Centro Fotografia', 'Sighseeing', 'Torre Lamberti', 'Museo Conte', 'Museo Radio']",Arena,strategy_nearest,False,0.0035817623138427734,success
04CD1E429C4C80,1,"['Tomba Giulietta', 'Arena', 'Palazzo della Ragione']",Teatro Romano,"['Santa Anastasia', 'Duomo', 'AMO', 'Museo Conte', 'Centro Fotografia']",Santa Anastasia,strategy_nearest,True,0.0025017261505126953,success
04CD1A3A9C4C84,4,"['Santa Anastasia', 'Casa Giulietta', 'Torre Lamberti', 'Palazzo della Ragione']",Arena,"['Verona Tour', 'Museo Lapidario', 'Museo Radio', 'San Fermo', 'Sighseeing']",San Fermo,strategy_nearest,True,0.0031671524047851562,success
04CD203A9C4C84,3,"['Arena', 'San Fermo', 'Casa Giulietta']",Santa Anastasia,"['AMO', 'Museo Conte', 'Palazzo della Ragione', 'Teatro Romano', 'Centro Fotografia']",Teatro Romano,strategy_nearest,True,0.0031697750091552734,success
04CD223A9C4C84,0,['Arena'],Casa Giulietta,"['Centro Fotografia', 'Sighseeing', 'Torre Lamberti', 'Museo Conte', 'Museo Radio']",Giardino Giusti,strategy_nearest,False,0.0032029151916503906,success
04CD243A9C4C84,3,"['Casa Giulietta', 'Torre Lamberti']",Tomba Giulietta,"['San Fermo', 'Museo Storia', 'Arena', 'Museo Lapidario', 'Museo Radio']",Arena,strategy_nearest,True,0.0033571720123291016,success
04CD22429C4C84,3,"['Castelvecchio', 'Casa Giulietta', 'Santa Anastasia']",Duomo,"['AMO', 'Museo Miniscalchi', 'Teatro Romano', 'Palazzo della Ragione', 'Museo Conte']",Arena,strategy_nearest,False,0.0024261474609375,success
04CD3D3A9C4C80,0,['Tomba Giulietta'],Teatro Romano,"['Santa Anastasia', 'Duomo', 'AMO', 'Palazzo della Ragione', 'Museo Conte']",Casa Giulietta,strategy_nearest,False,0.002629995346069336,success
04CD3E429C4C80,0,['Arena'],Casa Giulietta,"['Centro Fotografia', 'Sighseeing', 'Torre Lamberti', 'Museo Conte', 'Museo Radio']",Castelvecchio,strategy_nearest,False,0.0034101009368896484,success
04CD453A9C4C80,2,"['Castelvecchio', 'Santa Anastasia', 'Teatro Romano']",Duomo,"['AMO', 'Museo Miniscalchi', 'Palazzo della Ragione', 'Museo Conte', 'Torre Lamberti']",San Zeno,strategy_nearest,False,0.0023679733276367188,success
04CD503A9C4C80,3,"['Torre Lamberti', 'Casa Giulietta', 'Teatro Romano']",Giardino Giusti,"['Santa Anastasia', 'Museo Conte', 'Centro Fotografia', 'Museo Storia', 'AMO']",Castelvecchio,strategy_nearest,False,0.003834962844848633,success
04CD713A9C4C80,0,['Arena'],Castelvecchio,"['Museo Lapidario', 'Verona Tour', 'Museo Radio', 'San Zeno', 'Sighseeing']",Casa Giulietta,strategy_nearest,False,0.0023207664489746094,success
04CD723A9C4C80,2,"['Torre Lamberti', 'Casa Giulietta', 'San Fermo']",San Zeno,"['Castelvecchio', 'Verona Tour', 'Museo Lapidario', 'Arena', 'Museo Miniscalchi']",Castelvecchio,strategy_nearest,True,0.0034019947052001953,success
04CD793A9C4C80,1,"['Casa Giulietta', 'Torre Lamberti']",Palazzo della Ragione,"['AMO', 'Museo Conte', 'Centro Fotografia', 'Sighseeing', 'Santa Anastasia']",Arena,strategy_nearest,False,0.0025420188903808594,success
04CD75429C4C80,1,['Arena'],Castelvecchio,"['Museo Lapidario', 'Verona Tour', 'Museo Radio', 'San Zeno', 'Sighseeing']",Palazzo della Ragione,strategy_nearest,False,0.004155874252319336,success
04CD7D3A9C4C80,0,['Casa Giulietta'],Teatro Romano,"['Santa Anastasia', 'Duomo', 'AMO', 'Palazzo della Ragione', 'Museo Conte']",Torre Lamberti,strategy_nearest,False,0.0024650096893310547,success
04CD82429C4C80,0,['Arena'],San Fermo,"['Museo Storia', 'Museo Radio', 'Casa Giulietta', 'Centro Fotografia', 'Sighseeing']",Casa Giulietta,strategy_nearest,True,0.0036821365356445312,success
04CD854A9C4C80,0,"['Arena', 'Museo Lapidario']",Casa Giulietta,"['Centro Fotografia', 'Sighseeing', 'Torre Lamberti', 'Museo Conte', 'Museo Radio']",Tomba Giulietta,strategy_nearest,False,0.002168893814086914,success
04CD863A9C4C80,1,"['Tomba Giulietta', 'Arena', 'Casa Giulietta']",Palazzo della Ragione,"['AMO', 'Museo Conte', 'Torre Lamberti', 'Centro Fotografia', 'Sighseeing']",Torre Lamberti,strategy_nearest,True,0.0027637481689453125,success
04CD97429C4C80,0,['Castelvecchio'],Arena,"['Verona Tour', 'Museo Lapidario', 'Museo Radio', 'San Fermo', 'Casa Giulietta']",Casa Giulietta,strategy_nearest,True,0.003240823745727539,success
04CDAC3A9C4C80,1,"['Arena', 'Casa Giulietta']",Torre Lamberti,"['Sighseeing', 'Centro Fotografia', 'Museo Conte', 'Palazzo della Ragione', 'AMO']",Castelvecchio,strategy_nearest,False,0.0017240047454833984,success
04CDAB3A9C4C80,0,"['San Fermo', 'Torre Lamberti']",Teatro Romano,"['Santa Anastasia', 'Duomo', 'AMO', 'Palazzo della Ragione', 'Museo Conte']",Arena,strategy_nearest,False,0.0027191638946533203,success
04CDAD3A9C4C80,1,"['Arena', 'Casa Giulietta']",Palazzo della Ragione,"['AMO', 'Museo Conte', 'Torre Lamberti', 'Centro Fotografia', 'Sighseeing']",Santa Anastasia,strategy_nearest,False,0.0039327144622802734,success
04CDAE429C4C80,1,"['Palazzo della Ragione', 'Torre Lamberti']",Casa Giulietta,"['Centro Fotografia', 'Sighseeing', 'Museo Conte', 'Museo Radio', 'San Fermo']",Teatro Romano,strategy_nearest,False,0.003017902374267578,success
04CDB1429C4C80,3,"['Santa Anastasia', 'Duomo']",Castelvecchio,"['Museo Lapidario', 'Verona Tour', 'Arena', 'Museo Radio', 'San Zeno']",Arena,strategy_nearest,True,0.002122163772583008,success
04CDB5429C4C80,2,"['Casa Giulietta', 'Palazzo della Ragione']",Torre Lamberti,"['Sighseeing', 'Centro Fotografia', 'Museo Conte', 'AMO', 'Museo Miniscalchi']",Santa Anastasia,strategy_nearest,False,0.003815889358520508,success
04CDBF429C4C80,0,['Castelvecchio'],Casa Giulietta,"['Centro Fotografia', 'Sighseeing', 'Torre Lamberti', 'Museo Conte', 'Museo Radio']",Teatro Romano,strategy_nearest,False,0.0019001960754394531,success
04CDBE429C4C80,0,['Castelvecchio'],Arena,"['Verona Tour', 'Museo Lapidario', 'Museo Radio', 'San Fermo', 'Casa Giulietta']",Casa Giulietta,strategy_nearest,True,0.002788066864013672,success
04CDC2429C4C80,0,"['Arena', 'Castelvecchio']",Torre Lamberti,"['Sighseeing', 'Centro Fotografia', 'Museo Conte', 'Casa Giulietta', 'Palazzo della Ragione']",Casa Giulietta,strategy_nearest,True,0.0032198429107666016,success
04CDC33A9C4C80,3,"['Casa Giulietta', 'Torre Lamberti']",Santa Anastasia,"['AMO', 'Museo Conte', 'Palazzo della Ragione', 'Teatro Romano', 'Centro Fotografia']",Teatro Romano,strategy_nearest,True,0.002794027328491211,success
04CDC4429C4C80,1,"['Giardino Giusti', 'Teatro Romano']",Castelvecchio,"['Museo Lapidario', 'Verona Tour', 'Arena', 'Museo Radio', 'San Zeno']",Arena,strategy_nearest,True,0.003119230270385742,success
04CDC83A9C4C80,3,"['Arena', 'Torre Lamberti']",Santa Anastasia,"['AMO', 'Museo Conte', 'Palazzo della Ragione', 'Teatro Romano', 'Centro Fotografia']",Duomo,strategy_nearest,False,0.002438783645629883,success
04CDD63A9C4C80,0,['Torre Lamberti'],Casa Giulietta,"['Centro Fotografia', 'Sighseeing', 'Museo Conte', 'Museo Radio', 'Palazzo della Ragione']",Arena,strategy_nearest,False,0.0033249855041503906,success
04CDE23A9C4C80,2,"['Castelvecchio', 'Casa Giulietta']",Santa Anastasia,"['AMO', 'Museo Conte', 'Palazzo della Ragione', 'Teatro Romano', 'Centro Fotografia']",Torre Lamberti,strategy_nearest,False,0.002463817596435547,success
04CDF2429C4C80,4,"['Santa Anastasia', 'Duomo', 'Tomba Giulietta', 'Museo Radio']",Arena,"['Verona Tour', 'Museo Lapidario', 'San Fermo', 'Casa Giulietta', 'Sighseeing']",Casa Giulietta,strategy_nearest,True,0.0026831626892089844,success
04CDEC3A9C4C80,2,"['Casa Giulietta', 'Santa Anastasia']",Teatro Romano,"['Duomo', 'AMO', 'Palazzo della Ragione', 'Museo Conte', 'Centro Fotografia']",Museo Storia,strategy_nearest,False,0.0046198368072509766,success
04CE073A9C4C84,0,['Casa Giulietta'],Tomba Giulietta,"['San Fermo', 'Museo Storia', 'Arena', 'Museo Lapidario', 'Museo Radio']",Arena,strategy_nearest,True,0.003152132034301758,success
04CE03429C4C84,3,"['Arena', 'Casa Giulietta', 'Castelvecchio']",Santa Anastasia,"['AMO', 'Museo Conte', 'Palazzo della Ragione', 'Teatro Romano', 'Centro Fotografia']",Teatro Romano,strategy_nearest,True,0.0020470619201660156,success
04CE0F429C4C84,3,"['Arena', 'Casa Giulietta', 'Teatro Romano']",Duomo,"['AMO', 'Museo Miniscalchi', 'Santa Anastasia', 'Palazzo della Ragione', 'Museo Conte']",Santa Anastasia,strategy_nearest,True,0.0019180774688720703,success
04CE0BBA7B3F84,1,"['Palazzo della Ragione', 'Arena', 'Casa Giulietta']",San Zeno,"['Castelvecchio', 'Verona Tour', 'Museo Lapidario', 'Museo Miniscalchi', 'Sighseeing']",Castelvecchio,strategy_nearest,True,0.0027577877044677734,success
04CE17429C4C84,3,"['Santa Anastasia', 'Torre Lamberti']",Arena,"['Verona Tour', 'Museo Lapidario', 'Museo Radio', 'San Fermo', 'Casa Giulietta']",Duomo,strategy_nearest,False,0.002610921859741211,success
04CE193A9C4C80,1,['Arena'],Casa Giulietta,"['Centro Fotografia', 'Sighseeing', 'Torre Lamberti', 'Museo Conte', 'Museo Radio']",Palazzo della Ragione,strategy_nearest,False,0.003173828125,success
04CE1F3A9C4C84,1,"['Tomba Giulietta', 'Casa Giulietta', 'Torre Lamberti']",Palazzo della Ragione,"['AMO', 'Museo Conte', 'Centro Fotografia', 'Sighseeing', 'Santa Anastasia']",Teatro Romano,strategy_nearest,False,0.0027611255645751953,success
04CE1F4A9C4C80,1,"['Arena', 'Torre Lamberti', 'Palazzo della Ragione']",Santa Anastasia,"['AMO', 'Museo Conte', 'Teatro Romano', 'Centro Fotografia', 'Duomo']",Castelvecchio,strategy_nearest,False,0.0024640560150146484,success
04CE1F3A9C4C80,3,"['Arena', 'Torre Lamberti']",Casa Giulietta,"['Centro Fotografia', 'Sighseeing', 'Museo Conte', 'Museo Radio', 'Palazzo della Ragione']",Santa Anastasia,strategy_nearest,False,0.002173185348510742,success
04CE233A9C4C80,1,['Arena'],Casa Giulietta,"['Centro Fotografia', 'Sighseeing', 'Torre Lamberti', 'Museo Conte', 'Museo Radio']",Torre Lamberti,strategy_nearest,True,0.002373933792114258,success
04CE203A9C4C84,3,['Giardino Giusti'],Arena,"['Verona Tour', 'Museo Lapidario', 'Museo Radio', 'San Fermo', 'Casa Giulietta']",San Fermo,strategy_nearest,True,0.003116130828857422,success
04CE37429C4C80,1,['Arena'],Torre Lamberti,"['Sighseeing', 'Centro Fotografia', 'Museo Conte', 'Casa Giulietta', 'Palazzo della Ragione']",Palazzo della Ragione,strategy_nearest,True,0.0032248497009277344,success
04CE293A9C4C80,0,['Arena'],Casa Giulietta,"['Centro Fotografia', 'Sighseeing', 'Torre Lamberti', 'Museo Conte', 'Museo Radio']",Torre Lamberti,strategy_nearest,True,0.004766941070556641,success
04CE3D3A9C4C80,2,"['Tomba Giulietta', 'Casa Giulietta', 'Palazzo della Ragione', 'Torre Lamberti']",San Fermo,"['Museo Storia', 'Museo Radio', 'Centro Fotografia', 'Arena', 'Sighseeing']",Santa Anastasia,strategy_nearest,False,0.0028591156005859375,success
04CE433A9C4C80,3,"['Arena', 'San Fermo']",Santa Anastasia,"['AMO', 'Museo Conte', 'Palazzo della Ragione', 'Teatro Romano', 'Centro Fotografia']",Teatro Romano,strategy_nearest,True,0.003756999969482422,success
04CE443A9C4C80,0,['Arena'],Teatro Romano,"['Santa Anastasia', 'Duomo', 'AMO', 'Palazzo della Ragione', 'Museo Conte']",Duomo,strategy_nearest,True,0.0033800601959228516,success
04CE503A9C4C80,3,"['Casa Giulietta', 'Santa Anastasia', 'San Fermo', 'Arena']",Castelvecchio,"['Museo Lapidario', 'Verona Tour', 'Museo Radio', 'San Zeno', 'Sighseeing']",Tomba Giulietta,strategy_nearest,False,0.0027451515197753906,success
04CE463A9C4C80,0,['Arena'],San Zeno,"['Castelvecchio', 'Verona Tour', 'Museo Lapidario', 'Museo Miniscalchi', 'Sighseeing']",Castelvecchio,strategy_nearest,True,0.0037560462951660156,success
04CE51429C4C80,3,"['Arena', 'Casa Giulietta']",Torre Lamberti,"['Sighseeing', 'Centro Fotografia', 'Museo Conte', 'Palazzo della Ragione', 'AMO']",Santa Anastasia,strategy_nearest,False,0.003704071044921875,success
04CE533A9C4C80,0,['Arena'],Santa Anastasia,"['AMO', 'Museo Conte', 'Palazzo della Ragione', 'Teatro Romano', 'Centro Fotografia']",Casa Giulietta,strategy_nearest,False,0.002157926559448242,success
04CE55429C4C80,1,"['Arena', 'Casa Giulietta', 'Torre Lamberti']",Palazzo della Ragione,"['AMO', 'Museo Conte', 'Centro Fotografia', 'Sighseeing', 'Santa Anastasia']",Santa Anastasia,strategy_nearest,True,0.0036950111389160156,success
04CE54429C4C80,0,['Casa Giulietta'],Castelvecchio,"['Museo Lapidario', 'Verona Tour', 'Arena', 'Museo Radio', 'San Zeno']",Arena,strategy_nearest,True,0.0028498172760009766,success
04CE59BA7B3F80,1,"['Castelvecchio', 'Palazzo della Ragione']",Casa Giulietta,"['Centro Fotografia', 'Sighseeing', 'Torre Lamberti', 'Museo Conte', 'Museo Radio']",Arena,strategy_nearest,False,0.0026140213012695312,success
04CE763A9C4C80,1,['Palazzo della Ragione'],Torre Lamberti,"['Sighseeing', 'Centro Fotografia', 'Museo Conte', 'Casa Giulietta', 'AMO']",Casa Giulietta,strategy_nearest,True,0.0017971992492675781,success
04CE67429C4C80,3,"['San Zeno', 'Santa Anastasia', 'Duomo']",Torre Lamberti,"['Sighseeing', 'Centro Fotografia', 'Museo Conte', 'Casa Giulietta', 'Palazzo della Ragione']",Casa Giulietta,strategy_nearest,True,0.0032682418823242188,success
04CE7F429C4C80,0,"['Arena', 'Casa Giulietta']",Teatro Romano,"['Santa Anastasia', 'Duomo', 'AMO', 'Palazzo della Ragione', 'Museo Conte']",Torre Lamberti,strategy_nearest,False,0.003638029098510742,success
04CE80429C4C80,1,"['Arena', 'Casa Giulietta']",Palazzo della Ragione,"['AMO', 'Museo Conte', 'Torre Lamberti', 'Centro Fotografia', 'Sighseeing']",Torre Lamberti,strategy_nearest,True,0.0022542476654052734,success
04CE8D429C4C80,1,"['Arena', 'Casa Giulietta']",Torre Lamberti,"['Sighseeing', 'Centro Fotografia', 'Museo Conte', 'Palazzo della Ragione', 'AMO']",Palazzo della Ragione,strategy_nearest,True,0.0028710365295410156,success
04CE89429C4C80,3,"['Casa Giulietta', 'Arena']",Duomo,"['AMO', 'Museo Miniscalchi', 'Santa Anastasia', 'Teatro Romano', 'Palazzo della Ragione']",Santa Anastasia,strategy_nearest,True,0.0015270709991455078,success
04CE8F3A9C4C80,0,['Castelvecchio'],Arena,"['Verona Tour', 'Museo Lapidario', 'Museo Radio', 'San Fermo', 'Casa Giulietta']",Casa Giulietta,strategy_nearest,True,0.0030939579010009766,success
04CE9CBA7B3F80,0,['Arena'],Torre Lamberti,"['Sighseeing', 'Centro Fotografia', 'Museo Conte', 'Casa Giulietta', 'Palazzo della Ragione']",Giardino Giusti,strategy_nearest,False,0.0035130977630615234,success
04CEA8BA7B3F80,1,"['Arena', 'Santa Anastasia', 'Teatro Romano']",Giardino Giusti,"['Museo Conte', 'Centro Fotografia', 'Museo Storia', 'AMO', 'Casa Giulietta']",Castelvecchio,strategy_nearest,False,0.0015819072723388672,success
04CEA04A9C4C80,1,"['Arena', 'Torre Lamberti']",Palazzo della Ragione,"['AMO', 'Museo Conte', 'Centro Fotografia', 'Sighseeing', 'Santa Anastasia']",Santa Anastasia,strategy_nearest,True,0.0041408538818359375,success
04CEAE3A9C4C80,0,['Arena'],Casa Giulietta,"['Centro Fotografia', 'Sighseeing', 'Torre Lamberti', 'Museo Conte', 'Museo Radio']",Torre Lamberti,strategy_nearest,True,0.0026941299438476562,success
04CEB4BA7B3F80,1,"['Arena', 'Santa Anastasia', 'Teatro Romano']",Giardino Giusti,"['Museo Conte', 'Centro Fotografia', 'Museo Storia', 'AMO', 'Casa Giulietta']",Castelvecchio,strategy_nearest,False,0.0028798580169677734,success
04CEAF429C4C80,0,['Castelvecchio'],San Zeno,"['Verona Tour', 'Museo Lapidario', 'Arena', 'Museo Miniscalchi', 'Sighseeing']",Arena,strategy_nearest,True,0.002286195755004883,success
04CEBD3A9C4C80,2,['Casa Giulietta'],Teatro Romano,"['Santa Anastasia', 'Duomo', 'AMO', 'Palazzo della Ragione', 'Museo Conte']",Duomo,strategy_nearest,True,0.003385305404663086,success
04CEBA429C4C80,1,"['Tomba Giulietta', 'Arena', 'Museo Lapidario']",Castelvecchio,"['Verona Tour', 'Museo Radio', 'San Zeno', 'Sighseeing', 'Museo Miniscalchi']",Casa Giulietta,strategy_nearest,False,0.0014238357543945312,success
04CEBF429C4C80,1,"['Castelvecchio', 'Arena']",Casa Giulietta,"['Centro Fotografia', 'Sighseeing', 'Torre Lamberti', 'Museo Conte', 'Museo Radio']",Palazzo della Ragione,strategy_nearest,False,0.002858877182006836,success
04CEBFBA7B3F80,1,"['Casa Giulietta', 'Palazzo della Ragione', 'Torre Lamberti', 'Santa Anastasia', 'Arena']",Museo Lapidario,"['Verona Tour', 'Castelvecchio', 'Museo Radio', 'San Fermo', 'Tomba Giulietta']",Tomba Giulietta,strategy_nearest,True,0.0014581680297851562,success
04CEC0BA7B3F80,3,"['San Zeno', 'Arena', 'Casa Giulietta', 'San Fermo']",Castelvecchio,"['Museo Lapidario', 'Verona Tour', 'Museo Radio', 'Sighseeing', 'Museo Miniscalchi']",Teatro Romano,strategy_nearest,False,0.0027968883514404297,success
04CEC2429C4C80,2,"['Castelvecchio', 'San Zeno']",Santa Anastasia,"['AMO', 'Museo Conte', 'Palazzo della Ragione', 'Teatro Romano', 'Centro Fotografia']",Torre Lamberti,strategy_nearest,False,0.0032460689544677734,success
04CED2429C4C80,0,['Arena'],Torre Lamberti,"['Sighseeing', 'Centro Fotografia', 'Museo Conte', 'Casa Giulietta', 'Palazzo della Ragione']",Casa Giulietta,strategy_nearest,True,0.0019812583923339844,success
04CEC9429C4C80,2,['Casa Giulietta'],Santa Anastasia,"['AMO', 'Museo Conte', 'Palazzo della Ragione', 'Teatro Romano', 'Centro Fotografia']",Duomo,strategy_nearest,False,0.0026590824127197266,success
04CEDA3A9C4C80,1,"['Castelvecchio', 'Santa Anastasia', 'Palazzo della Ragione']",Torre Lamberti,"['Sighseeing', 'Centro Fotografia', 'Museo Conte', 'Casa Giulietta', 'AMO']",Arena,strategy_nearest,False,0.002679109573364258,success
04CED83A9C4C80,1,"['Arena', 'Santa Anastasia', 'Torre Lamberti']",Palazzo della Ragione,"['AMO', 'Museo Conte', 'Centro Fotografia', 'Sighseeing', 'Museo Miniscalchi']",Casa Giulietta,strategy_nearest,False,0.0037631988525390625,success
04CEDE3A9C4C80,0,['Arena'],Casa Giulietta,"['Centro Fotografia', 'Sighseeing', 'Torre Lamberti', 'Museo Conte', 'Museo Radio']",Torre Lamberti,strategy_nearest,True,0.0031311511993408203,success
04CEE3BA7B3F80,3,"['Duomo', 'Teatro Romano', 'Santa Anastasia']",Torre Lamberti,"['Sighseeing', 'Centro Fotografia', 'Museo Conte', 'Casa Giulietta', 'Palazzo della Ragione']",Casa Giulietta,strategy_nearest,True,0.0023441314697265625,success
04CEEB3A9C4C80,1,"['Casa Giulietta', 'Torre Lamberti', 'Palazzo della Ragione']",Santa Anastasia,"['AMO', 'Museo Conte', 'Teatro Romano', 'Centro Fotografia', 'Duomo']",Teatro Romano,strategy_nearest,True,0.0023529529571533203,success
04CEF93A9C4C80,0,['Casa Giulietta'],Arena,"['Verona Tour', 'Museo Lapidario', 'Museo Radio', 'San Fermo', 'Sighseeing']",Tomba Giulietta,strategy_nearest,False,0.002758026123046875,success
04CEF0BA7B3F80,3,"['Duomo', 'Teatro Romano', 'Santa Anastasia']",Torre Lamberti,"['Sighseeing', 'Centro Fotografia', 'Museo Conte', 'Casa Giulietta', 'Palazzo della Ragione']",Casa Giulietta,strategy_nearest,True,0.002142190933227539,success
04CEFC3A9C4C80,3,"['Museo Lapidario', 'Arena', 'Castelvecchio']",Santa Anastasia,"['AMO', 'Museo Conte', 'Palazzo della Ragione', 'Teatro Romano', 'Centro Fotografia']",Teatro Romano,strategy_nearest,True,0.0030739307403564453,success
04CF03429C4C84,1,"['Arena', 'Torre Lamberti', 'Palazzo della Ragione']",Santa Anastasia,"['AMO', 'Museo Conte', 'Teatro Romano', 'Centro Fotografia', 'Duomo']",Duomo,strategy_nearest,True,0.004186153411865234,success
04CF0A429C4C84,3,"['Arena', 'Castelvecchio']",Santa Anastasia,"['AMO', 'Museo Conte', 'Palazzo della Ragione', 'Teatro Romano', 'Centro Fotografia']",Tomba Giulietta,strategy_nearest,False,0.0019838809967041016,success
04CF0F3A9C4C84,3,"['Arena', 'Casa Giulietta']",Torre Lamberti,"['Sighseeing', 'Centro Fotografia', 'Museo Conte', 'Palazzo della Ragione', 'AMO']",Santa Anastasia,strategy_nearest,False,0.0026798248291015625,success
04CF163A9C4C84,3,"['Arena', 'Casa Giulietta']",Torre Lamberti,"['Sighseeing', 'Centro Fotografia', 'Museo Conte', 'Palazzo della Ragione', 'AMO']",Santa Anastasia,strategy_nearest,False,0.003155946731567383,success
04CF16429C4C80,0,"['Arena', 'Castelvecchio']",San Zeno,"['Verona Tour', 'Museo Lapidario', 'Museo Miniscalchi', 'Sighseeing', 'Museo Radio']",Torre Lamberti,strategy_nearest,False,0.002207040786743164,success
04CF1A3A9C4C84,0,['Arena'],Teatro Romano,"['Santa Anastasia', 'Duomo', 'AMO', 'Palazzo della Ragione', 'Museo Conte']",Casa Giulietta,strategy_nearest,False,0.0020608901977539062,success
04CF193A9C4C84,3,"['Casa Giulietta', 'Arena', 'Teatro Romano']",Duomo,"['AMO', 'Museo Miniscalchi', 'Santa Anastasia', 'Palazzo della Ragione', 'Museo Conte']",Castelvecchio,strategy_nearest,False,0.0034329891204833984,success
04CF1A429C4C84,1,"['Arena', 'Casa Giulietta', 'Torre Lamberti', 'Palazzo della Ragione']",Santa Anastasia,"['AMO', 'Museo Conte', 'Teatro Romano', 'Centro Fotografia', 'Duomo']",Teatro Romano,strategy_nearest,True,0.0029282569885253906,success
04CF1D429C4C84,4,"['Arena', 'Casa Giulietta', 'San Fermo', 'Museo Storia', 'Giardino Giusti', 'Teatro Romano']",Museo Radio,"['Sighseeing', 'Torre Lamberti', 'Centro Fotografia', 'Verona Tour', 'Museo Conte']",Tomba Giulietta,strategy_nearest,False,0.0018019676208496094,success
04CF1E429C4C84,1,"['Arena', 'Castelvecchio', 'Torre Lamberti', 'Palazzo della Ragione']",Museo Storia,"['San Fermo', 'Museo Radio', 'Casa Giulietta', 'Centro Fotografia', 'Tomba Giulietta']",San Fermo,strategy_nearest,True,0.002270936965942383,success
04CF1B3A9C4C84,3,"['Arena', 'Casa Giulietta', 'Castelvecchio', 'Torre Lamberti']",Giardino Giusti,"['Santa Anastasia', 'Teatro Romano', 'Museo Conte', 'Centro Fotografia', 'Museo Storia']",Teatro Romano,strategy_nearest,True,0.0034880638122558594,success
04CF1E4A9C4C80,1,"['Arena', 'Casa Giulietta', 'Torre Lamberti']",Palazzo della Ragione,"['AMO', 'Museo Conte', 'Centro Fotografia', 'Sighseeing', 'Santa Anastasia']",Castelvecchio,strategy_nearest,False,0.003256082534790039,success
04CF20429C4C84,3,['Arena'],Castelvecchio,"['Museo Lapidario', 'Verona Tour', 'Museo Radio', 'San Zeno', 'Sighseeing']",Santa Anastasia,strategy_nearest,False,0.0024569034576416016,success
04CF3C3A9C4C80,0,['Arena'],Casa Giulietta,"['Centro Fotografia', 'Sighseeing', 'Torre Lamberti', 'Museo Conte', 'Museo Radio']",Duomo,strategy_nearest,False,0.002413034439086914,success
04CF303A9C4C80,0,"['Arena', 'Castelvecchio']",Casa Giulietta,"['Centro Fotografia', 'Sighseeing', 'Torre Lamberti', 'Museo Conte', 'Museo Radio']",Santa Anastasia,strategy_nearest,False,0.003293752670288086,success
04CF5D429C4C80,0,"['Castelvecchio', 'Torre Lamberti']",Casa Giulietta,"['Centro Fotografia', 'Sighseeing', 'Museo Conte', 'Museo Radio', 'Palazzo della Ragione']",San Fermo,strategy_nearest,False,0.00273895263671875,success
04CF63429C4C80,0,"['Torre Lamberti', 'Casa Giulietta']",Giardino Giusti,"['Santa Anastasia', 'Teatro Romano', 'Museo Conte', 'Centro Fotografia', 'Museo Storia']",Arena,strategy_nearest,False,0.0033349990844726562,success
04CF6B429C4C80,3,"['Arena', 'Torre Lamberti']",Duomo,"['AMO', 'Museo Miniscalchi', 'Santa Anastasia', 'Teatro Romano', 'Palazzo della Ragione']",Teatro Romano,strategy_nearest,True,0.003162860870361328,success
04CF68429C4C80,3,"['Castelvecchio', 'Santa Anastasia']",Torre Lamberti,"['Sighseeing', 'Centro Fotografia', 'Museo Conte', 'Casa Giulietta', 'Palazzo della Ragione']",Casa Giulietta,strategy_nearest,True,0.002544879913330078,success
04CF723A9C4C80,3,"['Casa Giulietta', 'Torre Lamberti']",Santa Anastasia,"['AMO', 'Museo Conte', 'Palazzo della Ragione', 'Teatro Romano', 'Centro Fotografia']",Arena,strategy_nearest,False,0.0035119056701660156,success
04CF87429C4C80,0,['Arena'],Casa Giulietta,"['Centro Fotografia', 'Sighseeing', 'Torre Lamberti', 'Museo Conte', 'Museo Radio']",Castelvecchio,strategy_nearest,False,0.002701997756958008,success
04CF833A9C4C80,0,['Arena'],Duomo,"['AMO', 'Museo Miniscalchi', 'Santa Anastasia', 'Teatro Romano', 'Palazzo della Ragione']",Casa Giulietta,strategy_nearest,False,0.003443002700805664,success
04CF7C3A9C4C80,0,"['Arena', 'Casa Giulietta']",Torre Lamberti,"['Sighseeing', 'Centro Fotografia', 'Museo Conte', 'Palazzo della Ragione', 'AMO']",San Zeno,strategy_nearest,False,0.002146005630493164,success
04CF89429C4C80,3,"['Casa Giulietta', 'Arena']",Duomo,"['AMO', 'Museo Miniscalchi', 'Santa Anastasia', 'Teatro Romano', 'Palazzo della Ragione']",Santa Anastasia,strategy_nearest,True,0.0028319358825683594,success
04CFAD3A9C4C80,3,['Torre Lamberti'],Arena,"['Verona Tour', 'Museo Lapidario', 'Museo Radio', 'San Fermo', 'Casa Giulietta']",Santa Anastasia,strategy_nearest,False,0.0027818679809570312,success
04CFB23A9C4C80,3,"['Arena', 'Casa Giulietta']",Torre Lamberti,"['Sighseeing', 'Centro Fotografia', 'Museo Conte', 'Palazzo della Ragione', 'AMO']",Santa Anastasia,strategy_nearest,False,0.003303050994873047,success
04CFA9C27B3F80,0,"['Casa Giulietta', 'Torre Lamberti', 'Arena']",Tomba Giulietta,"['San Fermo', 'Museo Storia', 'Museo Lapidario', 'Museo Radio', 'Verona Tour']",San Zeno,strategy_nearest,False,0.0015759468078613281,success
04CFCA429C4C80,1,"['Castelvecchio', 'Arena', 'Casa Giulietta', 'Palazzo della Ragione']",Torre Lamberti,"['Sighseeing', 'Centro Fotografia', 'Museo Conte', 'AMO', 'Museo Miniscalchi']",Santa Anastasia,strategy_nearest,False,0.0013937950134277344,success
04CFB4429C4C80,3,"['Arena', 'Casa Giulietta']",Santa Anastasia,"['AMO', 'Museo Conte', 'Palazzo della Ragione', 'Teatro Romano', 'Centro Fotografia']",Duomo,strategy_nearest,False,0.0027489662170410156,success
04CFBA429C4C80,3,"['Castelvecchio', 'Arena']",Torre Lamberti,"['Sighseeing', 'Centro Fotografia', 'Museo Conte', 'Casa Giulietta', 'Palazzo della Ragione']",Casa Giulietta,strategy_nearest,True,0.0033788681030273438,success
04CFDA3A9C4C80,3,"['Arena', 'Castelvecchio', 'San Zeno']",Torre Lamberti,"['Sighseeing', 'Centro Fotografia', 'Museo Conte', 'Casa Giulietta', 'Palazzo della Ragione']",Santa Anastasia,strategy_nearest,False,0.0032629966735839844,success
04CFDB3A9C4C80,1,"['Castelvecchio', 'Arena']",Casa Giulietta,"['Centro Fotografia', 'Sighseeing', 'Torre Lamberti', 'Museo Conte', 'Museo Radio']",Torre Lamberti,strategy_nearest,True,0.003303050994873047,success
04CFE93A9C4C80,0,['Arena'],Casa Giulietta,"['Centro Fotografia', 'Sighseeing', 'Torre Lamberti', 'Museo Conte', 'Museo Radio']",Torre Lamberti,strategy_nearest,True,0.004748106002807617,success
04CFDF3A9C4C80,3,"['Arena', 'Casa Giulietta']",Torre Lamberti,"['Sighseeing', 'Centro Fotografia', 'Museo Conte', 'Palazzo della Ragione', 'AMO']",Santa Anastasia,strategy_nearest,False,0.004241943359375,success
04D0043A9C4C84,1,"['Palazzo della Ragione', 'Torre Lamberti', 'Casa Giulietta']",Santa Anastasia,"['AMO', 'Museo Conte', 'Teatro Romano', 'Centro Fotografia', 'Duomo']",Duomo,strategy_nearest,True,0.0015349388122558594,success
04D00A429C4C84,0,"['Tomba Giulietta', 'Arena', 'Torre Lamberti']",Casa Giulietta,"['Centro Fotografia', 'Sighseeing', 'Museo Conte', 'Museo Radio', 'Palazzo della Ragione']",Giardino Giusti,strategy_nearest,False,0.0023899078369140625,success
04D015429C4C80,1,"['Arena', 'Museo Lapidario']",Torre Lamberti,"['Sighseeing', 'Centro Fotografia', 'Museo Conte', 'Casa Giulietta', 'Palazzo della Ragione']",Palazzo della Ragione,strategy_nearest,True,0.0028581619262695312,success
04D0153A9C4C84,3,"['Arena', 'Museo Lapidario']",Castelvecchio,"['Verona Tour', 'Museo Radio', 'San Zeno', 'Sighseeing', 'Museo Miniscalchi']",Santa Anastasia,strategy_nearest,False,0.003548860549926758,success
04D01A429C4C84,0,['Arena'],Castelvecchio,"['Museo Lapidario', 'Verona Tour', 'Museo Radio', 'San Zeno', 'Sighseeing']",Santa Anastasia,strategy_nearest,False,0.0030341148376464844,success
04D016429C4C80,0,"['Arena', 'Castelvecchio']",San Zeno,"['Verona Tour', 'Museo Lapidario', 'Museo Miniscalchi', 'Sighseeing', 'Museo Radio']",Torre Lamberti,strategy_nearest,False,0.003154277801513672,success
04D017429C4C84,3,"['San Fermo', 'Torre Lamberti', 'Santa Anastasia']",Duomo,"['AMO', 'Museo Miniscalchi', 'Teatro Romano', 'Palazzo della Ragione', 'Museo Conte']",Castelvecchio,strategy_nearest,False,0.0026047229766845703,success
04D01A3A9C4C80,3,['Arena'],Torre Lamberti,"['Sighseeing', 'Centro Fotografia', 'Museo Conte', 'Casa Giulietta', 'Palazzo della Ragione']",Santa Anastasia,strategy_nearest,False,0.005177021026611328,success
04D0223A9C4C84,3,['Giardino Giusti'],Arena,"['Verona Tour', 'Museo Lapidario', 'Museo Radio', 'San Fermo', 'Casa Giulietta']",San Fermo,strategy_nearest,True,0.0029020309448242188,success
04D0233A9C4C84,0,"['Arena', 'Castelvecchio']",Casa Giulietta,"['Centro Fotografia', 'Sighseeing', 'Torre Lamberti', 'Museo Conte', 'Museo Radio']",Torre Lamberti,strategy_nearest,True,0.0038299560546875,success
04D01D429C4C84,1,"['Arena', 'Torre Lamberti', 'Palazzo della Ragione']",Duomo,"['AMO', 'Museo Miniscalchi', 'Santa Anastasia', 'Teatro Romano', 'Museo Conte']",Teatro Romano,strategy_nearest,True,0.0036079883575439453,success
04D02F3A9C4C80,0,['Casa Giulietta'],Arena,"['Verona Tour', 'Museo Lapidario', 'Museo Radio', 'San Fermo', 'Sighseeing']",Santa Anastasia,strategy_nearest,False,0.0029218196868896484,success
04D0393A9C4C80,3,"['San Zeno', 'Castelvecchio', 'Arena']",Torre Lamberti,"['Sighseeing', 'Centro Fotografia', 'Museo Conte', 'Casa Giulietta', 'Palazzo della Ragione']",Santa Anastasia,strategy_nearest,False,0.0028197765350341797,success
04D03C3A9C4C80,0,"['Arena', 'Casa Giulietta']",Torre Lamberti,"['Sighseeing', 'Centro Fotografia', 'Museo Conte', 'Palazzo della Ragione', 'AMO']",San Fermo,strategy_nearest,False,0.003283977508544922,success
04D030429C4C80,1,"['Castelvecchio', 'Arena', 'Casa Giulietta']",Torre Lamberti,"['Sighseeing', 'Centro Fotografia', 'Museo Conte', 'Palazzo della Ragione', 'AMO']",Palazzo della Ragione,strategy_nearest,True,0.002264738082885742,success
04D0423A9C4C80,0,['Casa Giulietta'],Arena,"['Verona Tour', 'Museo Lapidario', 'Museo Radio', 'San Fermo', 'Sighseeing']",Castelvecchio,strategy_nearest,False,0.0013697147369384766,success
04D04C3A9C4C80,3,"['Arena', 'Santa Anastasia', 'Duomo']",Torre Lamberti,"['Sighseeing', 'Centro Fotografia', 'Museo Conte', 'Casa Giulietta', 'Palazzo della Ragione']",Casa Giulietta,strategy_nearest,True,0.002161264419555664,success
04D03D3A9C4C80,1,"['Arena', 'Casa Giulietta']",Torre Lamberti,"['Sighseeing', 'Centro Fotografia', 'Museo Conte', 'Palazzo della Ragione', 'AMO']",Palazzo della Ragione,strategy_nearest,True,0.0035829544067382812,success
04D0503A9C4C80,1,"['Arena', 'Torre Lamberti', 'Casa Giulietta', 'Teatro Romano']",Museo Lapidario,"['Verona Tour', 'Castelvecchio', 'Museo Radio', 'San Fermo', 'Tomba Giulietta']",Castelvecchio,strategy_nearest,True,0.002744913101196289,success
04D051429C4C80,0,"['Arena', 'Casa Giulietta']",Giardino Giusti,"['Santa Anastasia', 'Teatro Romano', 'Museo Conte', 'Centro Fotografia', 'Museo Storia']",Castelvecchio,strategy_nearest,False,0.003355741500854492,success
04D0573A9C4C80,3,"['Torre Lamberti', 'Santa Anastasia', 'Duomo']",Teatro Romano,"['AMO', 'Palazzo della Ragione', 'Museo Conte', 'Centro Fotografia', 'Museo Miniscalchi']",Arena,strategy_nearest,False,0.0026590824127197266,success
04D056429C4C80,1,"['Arena', 'Torre Lamberti']",Palazzo della Ragione,"['AMO', 'Museo Conte', 'Centro Fotografia', 'Sighseeing', 'Santa Anastasia']",Castelvecchio,strategy_nearest,False,0.002029895782470703,success
04D05C3A9C4C80,3,"['Arena', 'Torre Lamberti']",Casa Giulietta,"['Centro Fotografia', 'Sighseeing', 'Museo Conte', 'Museo Radio', 'Palazzo della Ragione']",Castelvecchio,strategy_nearest,False,0.0032410621643066406,success
04D06C429C4C80,1,['Arena'],Torre Lamberti,"['Sighseeing', 'Centro Fotografia', 'Museo Conte', 'Casa Giulietta', 'Palazzo della Ragione']",Palazzo della Ragione,strategy_nearest,True,0.0034902095794677734,success
04D0813A9C4C80,0,"['Arena', 'Casa Giulietta']",Torre Lamberti,"['Sighseeing', 'Centro Fotografia', 'Museo Conte', 'Palazzo della Ragione', 'AMO']",Castelvecchio,strategy_nearest,False,0.0032019615173339844,success
04D07B429C4C80,0,"['Arena', 'Casa Giulietta']",San Fermo,"['Museo Storia', 'Museo Radio', 'Centro Fotografia', 'Sighseeing', 'Torre Lamberti']",Teatro Romano,strategy_nearest,False,0.0020339488983154297,success
04D0823A9C4C80,3,"['Santa Anastasia', 'Torre Lamberti']",Arena,"['Verona Tour', 'Museo Lapidario', 'Museo Radio', 'San Fermo', 'Casa Giulietta']",Castelvecchio,strategy_nearest,False,0.0031843185424804688,success
04D0A53A9C4C80,3,"['Arena', 'Castelvecchio']",Torre Lamberti,"['Sighseeing', 'Centro Fotografia', 'Museo Conte', 'Casa Giulietta', 'Palazzo della Ragione']",Duomo,strategy_nearest,False,0.0030951499938964844,success
04D0A34A9C4C80,3,"['Casa Giulietta', 'Arena', 'Castelvecchio', 'Santa Anastasia']",Duomo,"['AMO', 'Museo Miniscalchi', 'Teatro Romano', 'Palazzo della Ragione', 'Museo Conte']",Teatro Romano,strategy_nearest,True,0.00220489501953125,success
04D0874A9C4C80,0,['Arena'],Casa Giulietta,"['Centro Fotografia', 'Sighseeing', 'Torre Lamberti', 'Museo Conte', 'Museo Radio']",Torre Lamberti,strategy_nearest,True,0.002872943878173828,success
04D0B43A9C4C80,3,"['Arena', 'Torre Lamberti']",Santa Anastasia,"['AMO', 'Museo Conte', 'Palazzo della Ragione', 'Teatro Romano', 'Centro Fotografia']",Duomo,strategy_nearest,False,0.0027871131896972656,success
04D0B4429C4C80,0,['Arena'],Castelvecchio,"['Museo Lapidario', 'Verona Tour', 'Museo Radio', 'San Zeno', 'Sighseeing']",Duomo,strategy_nearest,False,0.0023550987243652344,success
04D0BA429C4C80,1,"['Tomba Giulietta', 'Arena']",Museo Lapidario,"['Verona Tour', 'Castelvecchio', 'Museo Radio', 'San Fermo', 'Casa Giulietta']",Casa Giulietta,strategy_nearest,True,0.0026400089263916016,success
04D0C0429C4C80,3,"['San Fermo', 'Museo Storia', 'Torre Lamberti', 'Casa Giulietta']",Santa Anastasia,"['AMO', 'Museo Conte', 'Palazzo della Ragione', 'Teatro Romano', 'Centro Fotografia']",Teatro Romano,strategy_nearest,True,0.0032329559326171875,success
04D0B5BA7B3F80,3,['Arena'],Torre Lamberti,"['Sighseeing', 'Centro Fotografia', 'Museo Conte', 'Casa Giulietta', 'Palazzo della Ragione']",Casa Giulietta,strategy_nearest,True,0.0029458999633789062,success
04D0C73A9C4C80,0,"['Tomba Giulietta', 'Arena']",Castelvecchio,"['Museo Lapidario', 'Verona Tour', 'Museo Radio', 'San Zeno', 'Sighseeing']",Torre Lamberti,strategy_nearest,False,0.0020999908447265625,success
04D0DC3A9C4C80,4,"['San Fermo', 'Casa Giulietta', 'Torre Lamberti', 'Palazzo della Ragione', 'Arena']",Tomba Giulietta,"['Museo Storia', 'Museo Lapidario', 'Museo Radio', 'Verona Tour', 'Castelvecchio']",Museo Radio,strategy_nearest,True,0.0033369064331054688,success
04D0F4429C4C80,1,"['Arena', 'Torre Lamberti', 'Palazzo della Ragione']",San Zeno,"['Castelvecchio', 'Verona Tour', 'Museo Lapidario', 'Museo Miniscalchi', 'Sighseeing']",Castelvecchio,strategy_nearest,True,0.0031790733337402344,success
04D0E43A9C4C80,0,['Teatro Romano'],Duomo,"['AMO', 'Museo Miniscalchi', 'Santa Anastasia', 'Palazzo della Ragione', 'Museo Conte']",Arena,strategy_nearest,False,0.0020270347595214844,success
04D1123A9C4C80,1,['Arena'],Casa Giulietta,"['Centro Fotografia', 'Sighseeing', 'Torre Lamberti', 'Museo Conte', 'Museo Radio']",Palazzo della Ragione,strategy_nearest,False,0.002167940139770508,success
04D106429C4C84,3,"['Torre Lamberti', 'Santa Anastasia']",Duomo,"['AMO', 'Museo Miniscalchi', 'Teatro Romano', 'Palazzo della Ragione', 'Museo Conte']",Arena,strategy_nearest,False,0.003203153610229492,success
04D1133A9C4C84,3,"['Casa Giulietta', 'Santa Anastasia', 'Arena']",Torre Lamberti,"['Sighseeing', 'Centro Fotografia', 'Museo Conte', 'Palazzo della Ragione', 'AMO']",Teatro Romano,strategy_nearest,False,0.0027208328247070312,success
04D11A429C4C80,1,"['Castelvecchio', 'San Zeno', 'Duomo', 'Santa Anastasia', 'Torre Lamberti']",San Fermo,"['Museo Storia', 'Museo Radio', 'Casa Giulietta', 'Centro Fotografia', 'Arena']",Casa Giulietta,strategy_nearest,True,0.0027740001678466797,success
04D11E429C4C84,2,"['Casa Giulietta', 'Torre Lamberti', 'Santa Anastasia']",Teatro Romano,"['Duomo', 'AMO', 'Palazzo della Ragione', 'Museo Conte', 'Centro Fotografia']",Castelvecchio,strategy_nearest,False,0.002131223678588867,success
04D11E3A9C4C80,0,['Castelvecchio'],Arena,"['Verona Tour', 'Museo Lapidario', 'Museo Radio', 'San Fermo', 'Casa Giulietta']",Casa Giulietta,strategy_nearest,True,0.003407001495361328,success
04D1224A9C4C80,3,"['Arena', 'Torre Lamberti', 'Casa Giulietta']",Santa Anastasia,"['AMO', 'Museo Conte', 'Palazzo della Ragione', 'Teatro Romano', 'Centro Fotografia']",Duomo,strategy_nearest,False,0.0019922256469726562,success
04D120429C4C84,3,"['Teatro Romano', 'Duomo', 'San Zeno']",Torre Lamberti,"['Sighseeing', 'Centro Fotografia', 'Museo Conte', 'Casa Giulietta', 'Palazzo della Ragione']",Santa Anastasia,strategy_nearest,False,0.0033121109008789062,success
04D1253A9C4C84,0,['Torre Lamberti'],Casa Giulietta,"['Centro Fotografia', 'Sighseeing', 'Museo Conte', 'Museo Radio', 'Palazzo della Ragione']",Arena,strategy_nearest,False,0.0034029483795166016,success
04D1283A9C4C80,3,"['Arena', 'Casa Giulietta', 'Torre Lamberti']",Santa Anastasia,"['AMO', 'Museo Conte', 'Palazzo della Ragione', 'Teatro Romano', 'Centro Fotografia']",Duomo,strategy_nearest,False,0.0020780563354492188,success
04D128429C4C80,3,"['Arena', 'Casa Giulietta', 'Giardino Giusti']",Torre Lamberti,"['Sighseeing', 'Centro Fotografia', 'Museo Conte', 'Palazzo della Ragione', 'AMO']",Castelvecchio,strategy_nearest,False,0.0032508373260498047,success
04D125429C4C84,0,['Arena'],Castelvecchio,"['Museo Lapidario', 'Verona Tour', 'Museo Radio', 'San Zeno', 'Sighseeing']",Santa Anastasia,strategy_nearest,False,0.002129793167114258,success
04D1334A9C4C80,3,"['Tomba Giulietta', 'Casa Giulietta', 'Arena']",Castelvecchio,"['Museo Lapidario', 'Verona Tour', 'Museo Radio', 'San Zeno', 'Sighseeing']",Santa Anastasia,strategy_nearest,False,0.0027480125427246094,success
04D13FBA7B3F80,1,"['Castelvecchio', 'Palazzo della Ragione', 'Arena']",Casa Giulietta,"['Centro Fotografia', 'Sighseeing', 'Torre Lamberti', 'Museo Conte', 'Museo Radio']",Torre Lamberti,strategy_nearest,True,0.0025777816772460938,success
04D13C3A9C4C80,2,"['Tomba Giulietta', 'Casa Giulietta', 'Palazzo della Ragione', 'Torre Lamberti']",San Fermo,"['Museo Storia', 'Museo Radio', 'Centro Fotografia', 'Arena', 'Sighseeing']",Santa Anastasia,strategy_nearest,False,0.0015130043029785156,success
04D13E3A9C4C80,3,"['San Zeno', 'San Fermo', 'Torre Lamberti']",Casa Giulietta,"['Centro Fotografia', 'Sighseeing', 'Museo Conte', 'Museo Radio', 'Palazzo della Ragione']",Santa Anastasia,strategy_nearest,False,0.003631114959716797,success
04D1433A9C4C80,3,"['Casa Giulietta', 'Torre Lamberti', 'Giardino Giusti']",San Zeno,"['Castelvecchio', 'Verona Tour', 'Museo Lapidario', 'Arena', 'Museo Miniscalchi']",Arena,strategy_nearest,True,0.002357006072998047,success
04D1493A9C4C80,2,['Castelvecchio'],Casa Giulietta,"['Centro Fotografia', 'Sighseeing', 'Torre Lamberti', 'Museo Conte', 'Museo Radio']",Torre Lamberti,strategy_nearest,True,0.0026857852935791016,success
04D1443A9C4C80,0,['Arena'],Santa Anastasia,"['AMO', 'Museo Conte', 'Palazzo della Ragione', 'Teatro Romano', 'Centro Fotografia']",Casa Giulietta,strategy_nearest,False,0.0033228397369384766,success
04D14B3A9C4C80,0,"['Torre Lamberti', 'Arena', 'Castelvecchio']",Casa Giulietta,"['Centro Fotografia', 'Sighseeing', 'Museo Conte', 'Museo Radio', 'Palazzo della Ragione']",Teatro Romano,strategy_nearest,False,0.0030541419982910156,success
04D151429C4C80,0,['Arena'],Casa Giulietta,"['Centro Fotografia', 'Sighseeing', 'Torre Lamberti', 'Museo Conte', 'Museo Radio']",Duomo,strategy_nearest,False,0.003355264663696289,success
04D1523A9C4C80,3,['Arena'],Casa Giulietta,"['Centro Fotografia', 'Sighseeing', 'Torre Lamberti', 'Museo Conte', 'Museo Radio']",Torre Lamberti,strategy_nearest,True,0.0034101009368896484,success
04D154429C4C80,0,"['Arena', 'Casa Giulietta']",Teatro Romano,"['Santa Anastasia', 'Duomo', 'AMO', 'Palazzo della Ragione', 'Museo Conte']",Castelvecchio,strategy_nearest,False,0.00257110595703125,success
04D15B429C4C80,3,['Arena'],Torre Lamberti,"['Sighseeing', 'Centro Fotografia', 'Museo Conte', 'Casa Giulietta', 'Palazzo della Ragione']",Santa Anastasia,strategy_nearest,False,0.003652811050415039,success
04D15E429C4C80,3,"['Arena', 'Torre Lamberti', 'Casa Giulietta', 'Santa Anastasia']",Duomo,"['AMO', 'Museo Miniscalchi', 'Teatro Romano', 'Palazzo della Ragione', 'Museo Conte']",Castelvecchio,strategy_nearest,False,0.0018908977508544922,success
04D160429C4C80,1,"['Arena', 'Casa Giulietta', 'Torre Lamberti']",Palazzo della Ragione,"['AMO', 'Museo Conte', 'Centro Fotografia', 'Sighseeing', 'Santa Anastasia']",Santa Anastasia,strategy_nearest,True,0.002624034881591797,success
04D162429C4C80,3,"['Santa Anastasia', 'Duomo']",Torre Lamberti,"['Sighseeing', 'Centro Fotografia', 'Museo Conte', 'Casa Giulietta', 'Palazzo della Ragione']",San Zeno,strategy_nearest,False,0.0041768550872802734,success
04D173BA7B3F80,1,"['Castelvecchio', 'Arena', 'Tomba Giulietta', 'Museo Lapidario', 'Casa Giulietta']",Palazzo della Ragione,"['AMO', 'Museo Conte', 'Torre Lamberti', 'Centro Fotografia', 'Sighseeing']",Torre Lamberti,strategy_nearest,True,0.0027778148651123047,success
04D1753A9C4C80,0,['Arena'],Torre Lamberti,"['Sighseeing', 'Centro Fotografia', 'Museo Conte', 'Casa Giulietta', 'Palazzo della Ragione']",Teatro Romano,strategy_nearest,False,0.002602100372314453,success
04D175429C4C80,3,"['San Zeno', 'Castelvecchio', 'Arena']",Casa Giulietta,"['Centro Fotografia', 'Sighseeing', 'Torre Lamberti', 'Museo Conte', 'Museo Radio']",Santa Anastasia,strategy_nearest,False,0.0029752254486083984,success
04D1823A9C4C80,1,"['Santa Anastasia', 'Palazzo della Ragione', 'San Fermo', 'Arena']",Duomo,"['AMO', 'Museo Miniscalchi', 'Teatro Romano', 'Museo Conte', 'Torre Lamberti']",Teatro Romano,strategy_nearest,True,0.0033190250396728516,success
04D1894A9C4C80,0,['Arena'],Casa Giulietta,"['Centro Fotografia', 'Sighseeing', 'Torre Lamberti', 'Museo Conte', 'Museo Radio']",Torre Lamberti,strategy_nearest,True,0.0026743412017822266,success
04D1813A9C4C80,0,['Arena'],Casa Giulietta,"['Centro Fotografia', 'Sighseeing', 'Torre Lamberti', 'Museo Conte', 'Museo Radio']",San Fermo,strategy_nearest,False,0.0027761459350585938,success
04D1893A9C4C80,0,['Arena'],Casa Giulietta,"['Centro Fotografia', 'Sighseeing', 'Torre Lamberti', 'Museo Conte', 'Museo Radio']",Castelvecchio,strategy_nearest,False,0.0033791065216064453,success
04D19D429C4C80,0,['Castelvecchio'],Arena,"['Verona Tour', 'Museo Lapidario', 'Museo Radio', 'San Fermo', 'Casa Giulietta']",Casa Giulietta,strategy_nearest,True,0.002283811569213867,success
04D1A83A9C4C80,0,['Castelvecchio'],Arena,"['Verona Tour', 'Museo Lapidario', 'Museo Radio', 'San Fermo', 'Casa Giulietta']",Torre Lamberti,strategy_nearest,False,0.002835988998413086,success
04D1B4429C4C80,1,"['Arena', 'Casa Giulietta']",Torre Lamberti,"['Sighseeing', 'Centro Fotografia', 'Museo Conte', 'Palazzo della Ragione', 'AMO']",Palazzo della Ragione,strategy_nearest,True,0.0033278465270996094,success
04D1AE3A9C4C80,1,"['Arena', 'Casa Giulietta']",Santa Anastasia,"['AMO', 'Museo Conte', 'Palazzo della Ragione', 'Teatro Romano', 'Centro Fotografia']",Palazzo della Ragione,strategy_nearest,True,0.0027871131896972656,success
04D1B73A9C4C80,0,"['Arena', 'Casa Giulietta']",Torre Lamberti,"['Sighseeing', 'Centro Fotografia', 'Museo Conte', 'Palazzo della Ragione', 'AMO']",Teatro Romano,strategy_nearest,False,0.0029952526092529297,success
04D1BB429C4C80,0,['Arena'],Casa Giulietta,"['Centro Fotografia', 'Sighseeing', 'Torre Lamberti', 'Museo Conte', 'Museo Radio']",Torre Lamberti,strategy_nearest,True,0.002557039260864258,success
04D1D83A9C4C80,1,"['Arena', 'Casa Giulietta']",Torre Lamberti,"['Sighseeing', 'Centro Fotografia', 'Museo Conte', 'Palazzo della Ragione', 'AMO']",Palazzo della Ragione,strategy_nearest,True,0.0027208328247070312,success
04D1D63A9C4C80,0,"['Torre Lamberti', 'Arena']",Casa Giulietta,"['Centro Fotografia', 'Sighseeing', 'Museo Conte', 'Museo Radio', 'Palazzo della Ragione']",Teatro Romano,strategy_nearest,False,0.0028121471405029297,success
04D1E53A9C4C80,1,"['Duomo', 'Santa Anastasia', 'Casa Giulietta']",Torre Lamberti,"['Sighseeing', 'Centro Fotografia', 'Museo Conte', 'Palazzo della Ragione', 'AMO']",Arena,strategy_nearest,False,0.002469778060913086,success
04D1E13A9C4C80,3,"['Arena', 'Castelvecchio']",Santa Anastasia,"['AMO', 'Museo Conte', 'Palazzo della Ragione', 'Teatro Romano', 'Centro Fotografia']",Duomo,strategy_nearest,False,0.0031769275665283203,success
04D1DB3A9C4C80,3,['Arena'],Casa Giulietta,"['Centro Fotografia', 'Sighseeing', 'Torre Lamberti', 'Museo Conte', 'Museo Radio']",Santa Anastasia,strategy_nearest,False,0.0033979415893554688,success
04D1E23A9C4C80,3,"['Arena', 'Casa Giulietta']",Torre Lamberti,"['Sighseeing', 'Centro Fotografia', 'Museo Conte', 'Palazzo della Ragione', 'AMO']",Santa Anastasia,strategy_nearest,False,0.0033621788024902344,success
04D1ECBA7B3F80,3,"['Arena', 'Torre Lamberti']",Casa Giulietta,"['Centro Fotografia', 'Sighseeing', 'Museo Conte', 'Museo Radio', 'Palazzo della Ragione']",Teatro Romano,strategy_nearest,False,0.0027251243591308594,success
04D1F3BA7B3F80,1,"['Castelvecchio', 'San Zeno', 'Arena', 'Casa Giulietta']",Torre Lamberti,"['Sighseeing', 'Centro Fotografia', 'Museo Conte', 'Palazzo della Ragione', 'AMO']",Palazzo della Ragione,strategy_nearest,True,0.0019290447235107422,success
04D1E63A9C4C80,3,"['Arena', 'Museo Lapidario', 'Castelvecchio']",Torre Lamberti,"['Sighseeing', 'Centro Fotografia', 'Museo Conte', 'Casa Giulietta', 'Palazzo della Ragione']",Casa Giulietta,strategy_nearest,True,0.0033850669860839844,success
04D2003A9C4C84,0,"['Arena', 'Museo Lapidario']",Castelvecchio,"['Verona Tour', 'Museo Radio', 'San Zeno', 'Sighseeing', 'Museo Miniscalchi']",Duomo,strategy_nearest,False,0.0032339096069335938,success
04D20D429C4C84,3,"['Arena', 'Castelvecchio', 'Tomba Giulietta']",San Fermo,"['Museo Storia', 'Museo Radio', 'Casa Giulietta', 'Centro Fotografia', 'Sighseeing']",Casa Giulietta,strategy_nearest,True,0.0026140213012695312,success
04D2114A9C4C80,3,"['Arena', 'Casa Giulietta', 'Santa Anastasia']",Castelvecchio,"['Museo Lapidario', 'Verona Tour', 'Museo Radio', 'San Zeno', 'Sighseeing']",Duomo,strategy_nearest,False,0.0018219947814941406,success
04D214429C4C80,0,['Arena'],Castelvecchio,"['Museo Lapidario', 'Verona Tour', 'Museo Radio', 'San Zeno', 'Sighseeing']",San Zeno,strategy_nearest,True,0.0034050941467285156,success
04D21C429C4C80,2,['Museo Lapidario'],Tomba Giulietta,"['San Fermo', 'Museo Storia', 'Arena', 'Museo Radio', 'Verona Tour']",Teatro Romano,strategy_nearest,False,0.002110004425048828,success
04D2163A9C4C84,3,"['Museo Lapidario', 'Castelvecchio', 'Duomo']",Santa Anastasia,"['AMO', 'Museo Conte', 'Palazzo della Ragione', 'Teatro Romano', 'Centro Fotografia']",Casa Giulietta,strategy_nearest,False,0.003984212875366211,success
04D2223A9C4C80,3,['Arena'],Santa Anastasia,"['AMO', 'Museo Conte', 'Palazzo della Ragione', 'Teatro Romano', 'Centro Fotografia']",Duomo,strategy_nearest,False,0.0031638145446777344,success
04D2473A9C4C80,3,"['Torre Lamberti', 'San Fermo']",Arena,"['Verona Tour', 'Museo Lapidario', 'Museo Radio', 'Casa Giulietta', 'Sighseeing']",Duomo,strategy_nearest,False,0.0018842220306396484,success
04D247429C4C80,3,"['Arena', 'Casa Giulietta']",Torre Lamberti,"['Sighseeing', 'Centro Fotografia', 'Museo Conte', 'Palazzo della Ragione', 'AMO']",Teatro Romano,strategy_nearest,False,0.002607107162475586,success
04D2303A9C4C80,1,"['Teatro Romano', 'Duomo', 'Santa Anastasia', 'Torre Lamberti', 'Casa Giulietta']",Castelvecchio,"['Museo Lapidario', 'Verona Tour', 'Arena', 'Museo Radio', 'San Zeno']",Tomba Giulietta,strategy_nearest,False,0.003222942352294922,success
04D249429C4C80,1,"['Teatro Romano', 'Santa Anastasia', 'Arena']",Torre Lamberti,"['Sighseeing', 'Centro Fotografia', 'Museo Conte', 'Casa Giulietta', 'Palazzo della Ragione']",Palazzo della Ragione,strategy_nearest,True,0.0025238990783691406,success
04D24C3A9C4C80,3,"['Arena', 'Museo Lapidario', 'Castelvecchio', 'Casa Giulietta']",Torre Lamberti,"['Sighseeing', 'Centro Fotografia', 'Museo Conte', 'Palazzo della Ragione', 'AMO']",Teatro Romano,strategy_nearest,False,0.0018727779388427734,success
04D2493A9C4C80,3,"['Casa Giulietta', 'Torre Lamberti', 'Giardino Giusti']",San Zeno,"['Castelvecchio', 'Verona Tour', 'Museo Lapidario', 'Arena', 'Museo Miniscalchi']",Arena,strategy_nearest,True,0.00405120849609375,success
04D2743A9C4C80,3,"['Casa Giulietta', 'Santa Anastasia']",Duomo,"['AMO', 'Museo Miniscalchi', 'Teatro Romano', 'Palazzo della Ragione', 'Museo Conte']",Teatro Romano,strategy_nearest,True,0.00344085693359375,success
04D274BA7B3F80,1,"['Teatro Romano', 'Museo Storia', 'San Fermo', 'Tomba Giulietta', 'Casa Giulietta']",Palazzo della Ragione,"['AMO', 'Museo Conte', 'Torre Lamberti', 'Centro Fotografia', 'Sighseeing']",Torre Lamberti,strategy_nearest,True,0.0030927658081054688,success
04D2863A9C4C80,1,"['Arena', 'Casa Giulietta']",Torre Lamberti,"['Sighseeing', 'Centro Fotografia', 'Museo Conte', 'Palazzo della Ragione', 'AMO']",Palazzo della Ragione,strategy_nearest,True,0.0025949478149414062,success
04D2813A9C4C80,0,['Castelvecchio'],Arena,"['Verona Tour', 'Museo Lapidario', 'Museo Radio', 'San Fermo', 'Casa Giulietta']",Casa Giulietta,strategy_nearest,True,0.0034198760986328125,success
04D2874A9C4C80,3,['Arena'],Casa Giulietta,"['Centro Fotografia', 'Sighseeing', 'Torre Lamberti', 'Museo Conte', 'Museo Radio']",Santa Anastasia,strategy_nearest,False,0.003233194351196289,success
04D2884A9C4C80,0,['Arena'],Casa Giulietta,"['Centro Fotografia', 'Sighseeing', 'Torre Lamberti', 'Museo Conte', 'Museo Radio']",Castelvecchio,strategy_nearest,False,0.0029382705688476562,success
04D297BA7B3F80,3,"['Arena', 'Torre Lamberti']",Casa Giulietta,"['Centro Fotografia', 'Sighseeing', 'Museo Conte', 'Museo Radio', 'Palazzo della Ragione']",Giardino Giusti,strategy_nearest,False,0.003059864044189453,success
04D28F429C4C80,3,"['Teatro Romano', 'Santa Anastasia']",Arena,"['Verona Tour', 'Museo Lapidario', 'Museo Radio', 'San Fermo', 'Casa Giulietta']",Casa Giulietta,strategy_nearest,True,0.0019450187683105469,success
04D28C429C4C80,0,['Torre Lamberti'],Arena,"['Verona Tour', 'Museo Lapidario', 'Museo Radio', 'San Fermo', 'Casa Giulietta']",Teatro Romano,strategy_nearest,False,0.0031502246856689453,success
04D2A14A9C4C80,1,"['Arena', 'Casa Giulietta', 'Torre Lamberti']",Palazzo della Ragione,"['AMO', 'Museo Conte', 'Centro Fotografia', 'Sighseeing', 'Santa Anastasia']",Santa Anastasia,strategy_nearest,True,0.0033597946166992188,success
04D2AA429C4C80,1,"['Museo Lapidario', 'Arena', 'Torre Lamberti']",Palazzo della Ragione,"['AMO', 'Museo Conte', 'Centro Fotografia', 'Sighseeing', 'Santa Anastasia']",Duomo,strategy_nearest,False,0.002630949020385742,success
04D2A6429C4C80,3,"['San Fermo', 'Casa Giulietta']",Teatro Romano,"['Santa Anastasia', 'Duomo', 'AMO', 'Palazzo della Ragione', 'Museo Conte']",Castelvecchio,strategy_nearest,False,0.0021119117736816406,success
04D2A54A9C4C80,0,['Arena'],Casa Giulietta,"['Centro Fotografia', 'Sighseeing', 'Torre Lamberti', 'Museo Conte', 'Museo Radio']",Duomo,strategy_nearest,False,0.0033690929412841797,success
04D2AE3A9C4C80,0,['Arena'],Torre Lamberti,"['Sighseeing', 'Centro Fotografia', 'Museo Conte', 'Casa Giulietta', 'Palazzo della Ragione']",Castelvecchio,strategy_nearest,False,0.001708984375,success
04D2B4BA7B3F80,1,"['Castelvecchio', 'Arena']",Torre Lamberti,"['Sighseeing', 'Centro Fotografia', 'Museo Conte', 'Casa Giulietta', 'Palazzo della Ragione']",Palazzo della Ragione,strategy_nearest,True,0.0029611587524414062,success
04D2B8429C4C80,2,['San Zeno'],Castelvecchio,"['Museo Lapidario', 'Verona Tour', 'Arena', 'Museo Radio', 'Sighseeing']",Santa Anastasia,strategy_nearest,False,0.0024938583374023438,success
04D2B0429C4C80,3,"['Arena', 'Torre Lamberti']",Casa Giulietta,"['Centro Fotografia', 'Sighseeing', 'Museo Conte', 'Museo Radio', 'Palazzo della Ragione']",Castelvecchio,strategy_nearest,False,0.0022890567779541016,success
04D2BB3A9C4C80,3,"['Casa Giulietta', 'Arena']",San Zeno,"['Castelvecchio', 'Verona Tour', 'Museo Lapidario', 'Museo Miniscalchi', 'Sighseeing']",Duomo,strategy_nearest,False,0.0032639503479003906,success
04D2D8429C4C80,1,"['Castelvecchio', 'Arena']",Museo Lapidario,"['Verona Tour', 'Museo Radio', 'San Fermo', 'Casa Giulietta', 'Tomba Giulietta']",Casa Giulietta,strategy_nearest,True,0.003996849060058594,success
04D2C0BA7B3F80,2,['Teatro Romano'],Giardino Giusti,"['Santa Anastasia', 'Museo Conte', 'Centro Fotografia', 'Museo Storia', 'AMO']",San Zeno,strategy_nearest,False,0.0024290084838867188,success
04D2DC3A9C4C80,3,['Arena'],Torre Lamberti,"['Sighseeing', 'Centro Fotografia', 'Museo Conte', 'Casa Giulietta', 'Palazzo della Ragione']",Santa Anastasia,strategy_nearest,False,0.0030989646911621094,success
04D2E33A9C4C80,0,['Teatro Romano'],Duomo,"['AMO', 'Museo Miniscalchi', 'Santa Anastasia', 'Palazzo della Ragione', 'Museo Conte']",Arena,strategy_nearest,False,0.0030410289764404297,success
04D2FA3A9C4C80,0,['Arena'],Casa Giulietta,"['Centro Fotografia', 'Sighseeing', 'Torre Lamberti', 'Museo Conte', 'Museo Radio']",Torre Lamberti,strategy_nearest,True,0.001990795135498047,success
04D309429C4C84,3,['Arena'],Castelvecchio,"['Museo Lapidario', 'Verona Tour', 'Museo Radio', 'San Zeno', 'Sighseeing']",Santa Anastasia,strategy_nearest,False,0.0026061534881591797,success
04D306429C4C84,3,['Arena'],Casa Giulietta,"['Centro Fotografia', 'Sighseeing', 'Torre Lamberti', 'Museo Conte', 'Museo Radio']",Santa Anastasia,strategy_nearest,False,0.0021398067474365234,success
04D3023A9C4C84,1,"['Arena', 'Casa Giulietta']",Torre Lamberti,"['Sighseeing', 'Centro Fotografia', 'Museo Conte', 'Palazzo della Ragione', 'AMO']",Palazzo della Ragione,strategy_nearest,True,0.0041768550872802734,success
04D3163A9C4C80,3,['Arena'],Torre Lamberti,"['Sighseeing', 'Centro Fotografia', 'Museo Conte', 'Casa Giulietta', 'Palazzo della Ragione']",Casa Giulietta,strategy_nearest,True,0.002590179443359375,success
04D3163A9C4C84,0,['Arena'],Duomo,"['AMO', 'Museo Miniscalchi', 'Santa Anastasia', 'Teatro Romano', 'Palazzo della Ragione']",Casa Giulietta,strategy_nearest,False,0.002650022506713867,success
04D3193A9C4C84,0,['Torre Lamberti'],Arena,"['Verona Tour', 'Museo Lapidario', 'Museo Radio', 'San Fermo', 'Casa Giulietta']",Teatro Romano,strategy_nearest,False,0.0018079280853271484,success
04D31D3A9C4C80,1,"['Casa Giulietta', 'Teatro Romano', 'Duomo']",Santa Anastasia,"['AMO', 'Museo Conte', 'Palazzo della Ragione', 'Centro Fotografia', 'Torre Lamberti']",Palazzo della Ragione,strategy_nearest,True,0.0033919811248779297,success
04D3223A9C4C84,0,['Arena'],Casa Giulietta,"['Centro Fotografia', 'Sighseeing', 'Torre Lamberti', 'Museo Conte', 'Museo Radio']",Tomba Giulietta,strategy_nearest,False,0.003270864486694336,success
04D3273A9C4C84,0,['Arena'],Casa Giulietta,"['Centro Fotografia', 'Sighseeing', 'Torre Lamberti', 'Museo Conte', 'Museo Radio']",Tomba Giulietta,strategy_nearest,False,0.0025458335876464844,success
04D3244A9C4C80,2,"['Tomba Giulietta', 'San Fermo']",Duomo,"['AMO', 'Museo Miniscalchi', 'Santa Anastasia', 'Teatro Romano', 'Palazzo della Ragione']",San Zeno,strategy_nearest,False,0.0034112930297851562,success
04D33B3A9C4C80,0,['Arena'],Teatro Romano,"['Santa Anastasia', 'Duomo', 'AMO', 'Palazzo della Ragione', 'Museo Conte']",Duomo,strategy_nearest,True,0.0028352737426757812,success
04D3433A9C4C80,3,"['Torre Lamberti', 'Casa Giulietta', 'San Fermo']",Arena,"['Verona Tour', 'Museo Lapidario', 'Museo Radio', 'Sighseeing', 'Castelvecchio']",San Zeno,strategy_nearest,False,0.0033011436462402344,success
04D347429C4C80,0,['Tomba Giulietta'],Arena,"['Verona Tour', 'Museo Lapidario', 'Museo Radio', 'San Fermo', 'Casa Giulietta']",Castelvecchio,strategy_nearest,False,0.0025353431701660156,success
04D34B429C4C80,3,"['Arena', 'Tomba Giulietta']",Teatro Romano,"['Santa Anastasia', 'Duomo', 'AMO', 'Palazzo della Ragione', 'Museo Conte']",Duomo,strategy_nearest,True,0.0031261444091796875,success
04D360429C4C80,1,"['Arena', 'Casa Giulietta', 'Torre Lamberti']",Palazzo della Ragione,"['AMO', 'Museo Conte', 'Centro Fotografia', 'Sighseeing', 'Santa Anastasia']",Santa Anastasia,strategy_nearest,True,0.002039670944213867,success
04D3513A9C4C80,0,"['Arena', 'Torre Lamberti']",Giardino Giusti,"['Santa Anastasia', 'Teatro Romano', 'Museo Conte', 'Centro Fotografia', 'Museo Storia']",Castelvecchio,strategy_nearest,False,0.002630949020385742,success
04D364429C4C80,3,"['Castelvecchio', 'Arena']",San Fermo,"['Museo Storia', 'Museo Radio', 'Casa Giulietta', 'Centro Fotografia', 'Sighseeing']",Casa Giulietta,strategy_nearest,True,0.0033631324768066406,success
04D35B429C4C80,3,"['Torre Lamberti', 'Santa Anastasia', 'Duomo']",Teatro Romano,"['AMO', 'Palazzo della Ragione', 'Museo Conte', 'Centro Fotografia', 'Museo Miniscalchi']",Casa Giulietta,strategy_nearest,False,0.004065990447998047,success
04D36A429C4C80,0,['Castelvecchio'],Arena,"['Verona Tour', 'Museo Lapidario', 'Museo Radio', 'San Fermo', 'Casa Giulietta']",Teatro Romano,strategy_nearest,False,0.002065896987915039,success
04D36BBA7B3F80,3,"['Arena', 'Castelvecchio']",Casa Giulietta,"['Centro Fotografia', 'Sighseeing', 'Torre Lamberti', 'Museo Conte', 'Museo Radio']",Tomba Giulietta,strategy_nearest,False,0.0026900768280029297,success
04D370BA7B3F80,0,"['Castelvecchio', 'Arena']",Casa Giulietta,"['Centro Fotografia', 'Sighseeing', 'Torre Lamberti', 'Museo Conte', 'Museo Radio']",Torre Lamberti,strategy_nearest,True,0.0028929710388183594,success
04D36ABA7B3F80,3,"['Arena', 'Castelvecchio']",Casa Giulietta,"['Centro Fotografia', 'Sighseeing', 'Torre Lamberti', 'Museo Conte', 'Museo Radio']",Tomba Giulietta,strategy_nearest,False,0.002789020538330078,success
04D372429C4C80,0,"['Teatro Romano', 'Torre Lamberti']",Casa Giulietta,"['Centro Fotografia', 'Sighseeing', 'Museo Conte', 'Museo Radio', 'Palazzo della Ragione']",Arena,strategy_nearest,False,0.003443002700805664,success
04D37ABA7B3F80,4,"['Arena', 'Casa Giulietta', 'Castelvecchio']",Santa Anastasia,"['AMO', 'Museo Conte', 'Palazzo della Ragione', 'Teatro Romano', 'Centro Fotografia']",Teatro Romano,strategy_nearest,True,0.003412961959838867,success
04D37D429C4C80,3,"['Arena', 'Museo Lapidario']",Castelvecchio,"['Verona Tour', 'Museo Radio', 'San Zeno', 'Sighseeing', 'Museo Miniscalchi']",Duomo,strategy_nearest,False,0.0014319419860839844,success
04D37BBA7B3F80,3,"['Duomo', 'Santa Anastasia']",Castelvecchio,"['Museo Lapidario', 'Verona Tour', 'Arena', 'Museo Radio', 'San Zeno']",Arena,strategy_nearest,True,0.0027818679809570312,success
04D386BA7B3F80,4,"['Arena', 'Casa Giulietta', 'Castelvecchio']",Santa Anastasia,"['AMO', 'Museo Conte', 'Palazzo della Ragione', 'Teatro Romano', 'Centro Fotografia']",Teatro Romano,strategy_nearest,True,0.0015401840209960938,success
04D3864A9C4C80,0,['Arena'],Museo Lapidario,"['Verona Tour', 'Castelvecchio', 'Museo Radio', 'San Fermo', 'Casa Giulietta']",Torre Lamberti,strategy_nearest,False,0.004540920257568359,success
04D387BA7B3F80,3,"['Duomo', 'Santa Anastasia']",Castelvecchio,"['Museo Lapidario', 'Verona Tour', 'Arena', 'Museo Radio', 'San Zeno']",Arena,strategy_nearest,True,0.0020809173583984375,success
04D3884A9C4C80,1,"['Arena', 'Casa Giulietta']",Palazzo della Ragione,"['AMO', 'Museo Conte', 'Torre Lamberti', 'Centro Fotografia', 'Sighseeing']",Santa Anastasia,strategy_nearest,False,0.002611875534057617,success
04D38E3A9C4C80,3,"['Arena', 'Torre Lamberti']",Casa Giulietta,"['Centro Fotografia', 'Sighseeing', 'Museo Conte', 'Museo Radio', 'Palazzo della Ragione']",Santa Anastasia,strategy_nearest,False,0.0027611255645751953,success
04D38B4A9C4C80,0,['Arena'],Santa Anastasia,"['AMO', 'Museo Conte', 'Palazzo della Ragione', 'Teatro Romano', 'Centro Fotografia']",Castelvecchio,strategy_nearest,False,0.0021381378173828125,success
04D390429C4C80,3,"['Arena', 'Casa Giulietta']",Santa Anastasia,"['AMO', 'Museo Conte', 'Palazzo della Ragione', 'Teatro Romano', 'Centro Fotografia']",Teatro Romano,strategy_nearest,True,0.0032608509063720703,success
04D38F429C4C80,1,"['Teatro Romano', 'Santa Anastasia', 'Palazzo della Ragione']",Torre Lamberti,"['Sighseeing', 'Centro Fotografia', 'Museo Conte', 'Casa Giulietta', 'AMO']",Casa Giulietta,strategy_nearest,True,0.0014908313751220703,success
04D393BA7B3F80,2,['Teatro Romano'],Giardino Giusti,"['Santa Anastasia', 'Museo Conte', 'Centro Fotografia', 'Museo Storia', 'AMO']",San Zeno,strategy_nearest,False,0.0020308494567871094,success
04D3B3429C4C80,0,['Torre Lamberti'],Duomo,"['AMO', 'Museo Miniscalchi', 'Santa Anastasia', 'Teatro Romano', 'Palazzo della Ragione']",Casa Giulietta,strategy_nearest,False,0.004091024398803711,success
04D3B7429C4C80,0,['Castelvecchio'],Arena,"['Verona Tour', 'Museo Lapidario', 'Museo Radio', 'San Fermo', 'Casa Giulietta']",Casa Giulietta,strategy_nearest,True,0.0027039051055908203,success
04D3B43A9C4C80,0,['Casa Giulietta'],Torre Lamberti,"['Sighseeing', 'Centro Fotografia', 'Museo Conte', 'Palazzo della Ragione', 'AMO']",Tomba Giulietta,strategy_nearest,False,0.0021560192108154297,success
04D3BD429C4C80,0,['Castelvecchio'],Arena,"['Verona Tour', 'Museo Lapidario', 'Museo Radio', 'San Fermo', 'Casa Giulietta']",Casa Giulietta,strategy_nearest,True,0.0020520687103271484,success
04D3C1429C4C80,3,['Arena'],Torre Lamberti,"['Sighseeing', 'Centro Fotografia', 'Museo Conte', 'Casa Giulietta', 'Palazzo della Ragione']",Casa Giulietta,strategy_nearest,True,0.002471923828125,success
04D3BD3A9C4C80,0,['Arena'],Casa Giulietta,"['Centro Fotografia', 'Sighseeing', 'Torre Lamberti', 'Museo Conte', 'Museo Radio']",Torre Lamberti,strategy_nearest,True,0.0030138492584228516,success
04D3C13A9C4C80,3,"['San Fermo', 'Tomba Giulietta', 'Santa Anastasia', 'Torre Lamberti']",Casa Giulietta,"['Centro Fotografia', 'Sighseeing', 'Museo Conte', 'Museo Radio', 'Palazzo della Ragione']",Arena,strategy_nearest,False,0.0033528804779052734,success
04D3C4429C4C80,3,['Arena'],Santa Anastasia,"['AMO', 'Museo Conte', 'Palazzo della Ragione', 'Teatro Romano', 'Centro Fotografia']",Teatro Romano,strategy_nearest,True,0.0022211074829101562,success
04D3C7429C4C80,0,"['Arena', 'Museo Lapidario']",Castelvecchio,"['Verona Tour', 'Museo Radio', 'San Zeno', 'Sighseeing', 'Museo Miniscalchi']",Museo Storia,strategy_nearest,False,0.002569913864135742,success
04D3CF429C4C80,1,"['Arena', 'Casa Giulietta', 'Palazzo della Ragione', 'Torre Lamberti']",Santa Anastasia,"['AMO', 'Museo Conte', 'Teatro Romano', 'Centro Fotografia', 'Duomo']",Duomo,strategy_nearest,True,0.003264188766479492,success
04D3DC3A9C4C80,0,['Arena'],Casa Giulietta,"['Centro Fotografia', 'Sighseeing', 'Torre Lamberti', 'Museo Conte', 'Museo Radio']",Santa Anastasia,strategy_nearest,False,0.002960205078125,success
04D3C6429C4C80,1,['Arena'],Casa Giulietta,"['Centro Fotografia', 'Sighseeing', 'Torre Lamberti', 'Museo Conte', 'Museo Radio']",Torre Lamberti,strategy_nearest,True,0.0027620792388916016,success
04D3E73A9C4C80,1,"['San Fermo', 'Palazzo della Ragione', 'Torre Lamberti', 'Santa Anastasia']",Duomo,"['AMO', 'Museo Miniscalchi', 'Teatro Romano', 'Museo Conte', 'Centro Fotografia']",Castelvecchio,strategy_nearest,False,0.002641916275024414,success
04D3E03A9C4C80,0,['Arena'],Casa Giulietta,"['Centro Fotografia', 'Sighseeing', 'Torre Lamberti', 'Museo Conte', 'Museo Radio']",Torre Lamberti,strategy_nearest,True,0.0021703243255615234,success
04D3E83A9C4C80,0,['Arena'],Casa Giulietta,"['Centro Fotografia', 'Sighseeing', 'Torre Lamberti', 'Museo Conte', 'Museo Radio']",Duomo,strategy_nearest,False,0.0033071041107177734,success
04D3DF3A9C4C80,3,"['Arena', 'Castelvecchio', 'Casa Giulietta', 'Torre Lamberti']",Santa Anastasia,"['AMO', 'Museo Conte', 'Palazzo della Ragione', 'Teatro Romano', 'Centro Fotografia']",Teatro Romano,strategy_nearest,True,0.0033850669860839844,success
04D3FA3A9C4C80,0,['Arena'],Casa Giulietta,"['Centro Fotografia', 'Sighseeing', 'Torre Lamberti', 'Museo Conte', 'Museo Radio']",Torre Lamberti,strategy_nearest,True,0.0027260780334472656,success
04D3EF429C4C80,3,"['Casa Giulietta', 'Santa Anastasia', 'San Fermo', 'Arena']",Castelvecchio,"['Museo Lapidario', 'Verona Tour', 'Museo Radio', 'San Zeno', 'Sighseeing']",Tomba Giulietta,strategy_nearest,False,0.0021209716796875,success
04D4033A9C4C84,0,['Arena'],Casa Giulietta,"['Centro Fotografia', 'Sighseeing', 'Torre Lamberti', 'Museo Conte', 'Museo Radio']",Duomo,strategy_nearest,False,0.002655029296875,success
04D4013A9C4C84,1,"['Arena', 'Casa Giulietta', 'Torre Lamberti', 'Palazzo della Ragione']",Teatro Romano,"['Santa Anastasia', 'Duomo', 'AMO', 'Museo Conte', 'Centro Fotografia']",Santa Anastasia,strategy_nearest,True,0.0034041404724121094,success
04D417429C4C80,0,['Arena'],Casa Giulietta,"['Centro Fotografia', 'Sighseeing', 'Torre Lamberti', 'Museo Conte', 'Museo Radio']",Casa Giulietta,strategy_nearest,False,0.0020821094512939453,success
04D4173A9C4C84,2,['Duomo'],Teatro Romano,"['Santa Anastasia', 'AMO', 'Palazzo della Ragione', 'Museo Conte', 'Centro Fotografia']",San Zeno,strategy_nearest,False,0.003439188003540039,success
04D418429C4C80,0,['Arena'],Casa Giulietta,"['Centro Fotografia', 'Sighseeing', 'Torre Lamberti', 'Museo Conte', 'Museo Radio']",Torre Lamberti,strategy_nearest,True,0.0032880306243896484,success
04D417BA7B3F80,0,['Arena'],Castelvecchio,"['Museo Lapidario', 'Verona Tour', 'Museo Radio', 'San Zeno', 'Sighseeing']",Casa Giulietta,strategy_nearest,False,0.0034291744232177734,success
04D418BA7B3F80,3,"['Arena', 'Casa Giulietta', 'Torre Lamberti', 'Castelvecchio']",San Fermo,"['Museo Storia', 'Museo Radio', 'Centro Fotografia', 'Sighseeing', 'Museo Conte']",Tomba Giulietta,strategy_nearest,False,0.0019428730010986328,success
04D419BA7B3F80,1,"['Castelvecchio', 'Arena']",Torre Lamberti,"['Sighseeing', 'Centro Fotografia', 'Museo Conte', 'Casa Giulietta', 'Palazzo della Ragione']",Palazzo della Ragione,strategy_nearest,True,0.002646923065185547,success
04D41DBA7B3F80,4,['Arena'],Torre Lamberti,"['Sighseeing', 'Centro Fotografia', 'Museo Conte', 'Casa Giulietta', 'Palazzo della Ragione']",Castelvecchio,strategy_nearest,False,0.0031468868255615234,success
04D4184A9C4C80,2,['Castelvecchio'],Palazzo della Ragione,"['AMO', 'Museo Conte', 'Torre Lamberti', 'Centro Fotografia', 'Sighseeing']",Teatro Romano,strategy_nearest,False,0.002588987350463867,success
04D41EBA7B3F80,0,['Arena'],Museo Lapidario,"['Verona Tour', 'Castelvecchio', 'Museo Radio', 'San Fermo', 'Casa Giulietta']",Casa Giulietta,strategy_nearest,True,0.0026679039001464844,success
04D4223A9C4C84,0,['Arena'],Duomo,"['AMO', 'Museo Miniscalchi', 'Santa Anastasia', 'Teatro Romano', 'Palazzo della Ragione']",Casa Giulietta,strategy_nearest,False,0.0032300949096679688,success
04D4203A9C4C84,2,"['San Zeno', 'Casa Giulietta']",Torre Lamberti,"['Sighseeing', 'Centro Fotografia', 'Museo Conte', 'Palazzo della Ragione', 'AMO']",Santa Anastasia,strategy_nearest,False,0.0026578903198242188,success
04D41E3A9C4C84,3,"['Casa Giulietta', 'Torre Lamberti']",Santa Anastasia,"['AMO', 'Museo Conte', 'Palazzo della Ragione', 'Teatro Romano', 'Centro Fotografia']",Teatro Romano,strategy_nearest,True,0.002093076705932617,success
04D4224A9C4C80,1,"['Arena', 'Casa Giulietta', 'Torre Lamberti', 'Palazzo della Ragione']",Castelvecchio,"['Museo Lapidario', 'Verona Tour', 'Museo Radio', 'San Zeno', 'Sighseeing']",Santa Anastasia,strategy_nearest,False,0.00240325927734375,success
04D4244A9C4C80,3,"['Arena', 'Santa Anastasia', 'Duomo']",Casa Giulietta,"['Centro Fotografia', 'Sighseeing', 'Torre Lamberti', 'Museo Conte', 'Museo Radio']",Teatro Romano,strategy_nearest,False,0.0020799636840820312,success
04D425BA7B3F80,0,['Duomo'],Arena,"['Verona Tour', 'Museo Lapidario', 'Museo Radio', 'San Fermo', 'Casa Giulietta']",Tomba Giulietta,strategy_nearest,False,0.002701997756958008,success
04D4233A9C4C84,3,"['Casa Giulietta', 'Torre Lamberti']",Arena,"['Verona Tour', 'Museo Lapidario', 'Museo Radio', 'San Fermo', 'Sighseeing']",Castelvecchio,strategy_nearest,False,0.0034368038177490234,success
04D4263A9C4C84,0,"['Arena', 'Casa Giulietta']",Museo Storia,"['San Fermo', 'Museo Radio', 'Centro Fotografia', 'Tomba Giulietta', 'Torre Lamberti']",Teatro Romano,strategy_nearest,False,0.0025801658630371094,success
04D431BA7B3F80,1,"['Palazzo della Ragione', 'Castelvecchio', 'San Zeno', 'Arena']",Tomba Giulietta,"['San Fermo', 'Museo Storia', 'Museo Lapidario', 'Museo Radio', 'Verona Tour']",San Fermo,strategy_nearest,True,0.002741098403930664,success
04D4293A9C4C80,0,['Arena'],Casa Giulietta,"['Centro Fotografia', 'Sighseeing', 'Torre Lamberti', 'Museo Conte', 'Museo Radio']",Torre Lamberti,strategy_nearest,True,0.002838134765625,success
04D434429C4C80,1,['Arena'],Casa Giulietta,"['Centro Fotografia', 'Sighseeing', 'Torre Lamberti', 'Museo Conte', 'Museo Radio']",Palazzo della Ragione,strategy_nearest,False,0.003342151641845703,success
04D4383A9C4C80,3,"['San Fermo', 'Teatro Romano', 'Casa Giulietta']",Arena,"['Verona Tour', 'Museo Lapidario', 'Museo Radio', 'Sighseeing', 'Castelvecchio']",Torre Lamberti,strategy_nearest,False,0.0033507347106933594,success
04D4403A9C4C80,0,['Arena'],Castelvecchio,"['Museo Lapidario', 'Verona Tour', 'Museo Radio', 'San Zeno', 'Sighseeing']",San Zeno,strategy_nearest,True,0.0024907588958740234,success
04D4393A9C4C80,1,"['Arena', 'Tomba Giulietta', 'Casa Giulietta']",Torre Lamberti,"['Sighseeing', 'Centro Fotografia', 'Museo Conte', 'Palazzo della Ragione', 'AMO']",Teatro Romano,strategy_nearest,False,0.0027298927307128906,success
04D43EBA7B3F80,0,['Duomo'],Arena,"['Verona Tour', 'Museo Lapidario', 'Museo Radio', 'San Fermo', 'Casa Giulietta']",Tomba Giulietta,strategy_nearest,False,0.0033936500549316406,success
04D44ABA7B3F80,3,"['Arena', 'Torre Lamberti']",Santa Anastasia,"['AMO', 'Museo Conte', 'Palazzo della Ragione', 'Teatro Romano', 'Centro Fotografia']",Castelvecchio,strategy_nearest,False,0.002722024917602539,success
04D44FBA7B3F80,3,"['Arena', 'Teatro Romano', 'Giardino Giusti', 'San Zeno']",Duomo,"['AMO', 'Museo Miniscalchi', 'Santa Anastasia', 'Palazzo della Ragione', 'Museo Conte']",Santa Anastasia,strategy_nearest,True,0.0026979446411132812,success
04D44F429C4C80,3,"['Arena', 'San Fermo']",Santa Anastasia,"['AMO', 'Museo Conte', 'Palazzo della Ragione', 'Teatro Romano', 'Centro Fotografia']",Teatro Romano,strategy_nearest,True,0.003337383270263672,success
04D4513A9C4C80,3,"['Arena', 'Casa Giulietta', 'Torre Lamberti']",Santa Anastasia,"['AMO', 'Museo Conte', 'Palazzo della Ragione', 'Teatro Romano', 'Centro Fotografia']",Duomo,strategy_nearest,False,0.003256082534790039,success
04D45F429C4C80,3,"['Arena', 'Casa Giulietta', 'Duomo']",Santa Anastasia,"['AMO', 'Museo Conte', 'Palazzo della Ragione', 'Teatro Romano', 'Centro Fotografia']",Torre Lamberti,strategy_nearest,False,0.002524852752685547,success
04D460429C4C80,0,['Arena'],Casa Giulietta,"['Centro Fotografia', 'Sighseeing', 'Torre Lamberti', 'Museo Conte', 'Museo Radio']",Castelvecchio,strategy_nearest,False,0.0033140182495117188,success
04D463BA7B3F80,1,"['Teatro Romano', 'Museo Storia', 'San Fermo', 'Tomba Giulietta']",Casa Giulietta,"['Centro Fotografia', 'Sighseeing', 'Torre Lamberti', 'Museo Conte', 'Museo Radio']",Palazzo della Ragione,strategy_nearest,False,0.0028612613677978516,success
04D455BA7B3F80,1,"['Arena', 'Torre Lamberti', 'Palazzo della Ragione']",Casa Giulietta,"['Centro Fotografia', 'Sighseeing', 'Museo Conte', 'Museo Radio', 'San Fermo']",Giardino Giusti,strategy_nearest,False,0.0031328201293945312,success
04D47BBA7B3F80,1,"['Teatro Romano', 'Museo Storia', 'San Fermo', 'Tomba Giulietta', 'Casa Giulietta']",Palazzo della Ragione,"['AMO', 'Museo Conte', 'Torre Lamberti', 'Centro Fotografia', 'Sighseeing']",Torre Lamberti,strategy_nearest,True,0.002418994903564453,success
04D4884A9C4C80,0,['Castelvecchio'],San Zeno,"['Verona Tour', 'Museo Lapidario', 'Arena', 'Museo Miniscalchi', 'Sighseeing']",Arena,strategy_nearest,True,0.0026121139526367188,success
04D47D429C4C80,1,['Arena'],Torre Lamberti,"['Sighseeing', 'Centro Fotografia', 'Museo Conte', 'Casa Giulietta', 'Palazzo della Ragione']",Palazzo della Ragione,strategy_nearest,True,0.002062082290649414,success
04D4B03A9C4C80,3,"['Arena', 'Casa Giulietta']",Torre Lamberti,"['Sighseeing', 'Centro Fotografia', 'Museo Conte', 'Palazzo della Ragione', 'AMO']",Santa Anastasia,strategy_nearest,False,0.0031669139862060547,success
04D4B0429C4C80,2,"['Casa Giulietta', 'Torre Lamberti', 'Santa Anastasia']",Teatro Romano,"['Duomo', 'AMO', 'Palazzo della Ragione', 'Museo Conte', 'Centro Fotografia']",Duomo,strategy_nearest,True,0.002549886703491211,success
04D4B33A9C4C80,3,"['Santa Anastasia', 'Duomo']",Casa Giulietta,"['Centro Fotografia', 'Sighseeing', 'Torre Lamberti', 'Museo Conte', 'Museo Radio']",Arena,strategy_nearest,False,0.001956939697265625,success
04D4B7429C4C80,1,['Arena'],Casa Giulietta,"['Centro Fotografia', 'Sighseeing', 'Torre Lamberti', 'Museo Conte', 'Museo Radio']",Torre Lamberti,strategy_nearest,True,0.002373218536376953,success
04D4B3429C4C80,3,"['Arena', 'Torre Lamberti']",Santa Anastasia,"['AMO', 'Museo Conte', 'Palazzo della Ragione', 'Teatro Romano', 'Centro Fotografia']",Duomo,strategy_nearest,False,0.0033750534057617188,success
04D4B83A9C4C80,2,"['Castelvecchio', 'San Zeno']",Torre Lamberti,"['Sighseeing', 'Centro Fotografia', 'Museo Conte', 'Casa Giulietta', 'Palazzo della Ragione']",Palazzo della Ragione,strategy_nearest,True,0.002602815628051758,success
04D4B9429C4C80,0,"['Arena', 'Casa Giulietta']",Teatro Romano,"['Santa Anastasia', 'Duomo', 'AMO', 'Palazzo della Ragione', 'Museo Conte']",Castelvecchio,strategy_nearest,False,0.0030851364135742188,success
04D4BF429C4C80,2,['Casa Giulietta'],Torre Lamberti,"['Sighseeing', 'Centro Fotografia', 'Museo Conte', 'Palazzo della Ragione', 'AMO']",Santa Anastasia,strategy_nearest,False,0.002610921859741211,success
04D4C2429C4C80,3,['Arena'],Casa Giulietta,"['Centro Fotografia', 'Sighseeing', 'Torre Lamberti', 'Museo Conte', 'Museo Radio']",Santa Anastasia,strategy_nearest,False,0.003545045852661133,success
04D4E13A9C4C80,0,"['Castelvecchio', 'San Zeno']",Arena,"['Verona Tour', 'Museo Lapidario', 'Museo Radio', 'San Fermo', 'Casa Giulietta']",Casa Giulietta,strategy_nearest,True,0.002705812454223633,success
04D4F5429C4C80,3,"['Casa Giulietta', 'Torre Lamberti']",San Fermo,"['Museo Storia', 'Museo Radio', 'Centro Fotografia', 'Arena', 'Sighseeing']",Arena,strategy_nearest,True,0.0039179325103759766,success
04D4FC429C4C80,0,"['San Zeno', 'Castelvecchio']",Torre Lamberti,"['Sighseeing', 'Centro Fotografia', 'Museo Conte', 'Casa Giulietta', 'Palazzo della Ragione']",Teatro Romano,strategy_nearest,False,0.002619028091430664,success
04D4FE429C4C80,3,"['San Fermo', 'Santa Anastasia', 'Duomo']",Casa Giulietta,"['Centro Fotografia', 'Sighseeing', 'Torre Lamberti', 'Museo Conte', 'Museo Radio']",Torre Lamberti,strategy_nearest,True,0.0048029422760009766,success
04D5093A9C4C84,1,"['San Zeno', 'Arena']",Castelvecchio,"['Museo Lapidario', 'Verona Tour', 'Museo Radio', 'Sighseeing', 'Museo Miniscalchi']",Teatro Romano,strategy_nearest,False,0.0021059513092041016,success
04D5013A9C4C84,1,['Arena'],Casa Giulietta,"['Centro Fotografia', 'Sighseeing', 'Torre Lamberti', 'Museo Conte', 'Museo Radio']",Torre Lamberti,strategy_nearest,True,0.002911090850830078,success
04D4FEBA7B3F80,0,"['Castelvecchio', 'Arena']",Casa Giulietta,"['Centro Fotografia', 'Sighseeing', 'Torre Lamberti', 'Museo Conte', 'Museo Radio']",Torre Lamberti,strategy_nearest,True,0.0015521049499511719,success
04D50D3A9C4C84,0,"['Arena', 'Casa Giulietta']",Torre Lamberti,"['Sighseeing', 'Centro Fotografia', 'Museo Conte', 'Palazzo della Ragione', 'AMO']",Castelvecchio,strategy_nearest,False,0.0014908313751220703,success
04D50E429C4C84,0,"['Arena', 'Casa Giulietta']",Tomba Giulietta,"['San Fermo', 'Museo Storia', 'Museo Lapidario', 'Museo Radio', 'Verona Tour']",Torre Lamberti,strategy_nearest,False,0.0021910667419433594,success
04D50F3A9C4C84,3,"['Arena', 'Torre Lamberti', 'Casa Giulietta', 'Santa Anastasia']",Duomo,"['AMO', 'Museo Miniscalchi', 'Teatro Romano', 'Palazzo della Ragione', 'Museo Conte']",Teatro Romano,strategy_nearest,True,0.0028252601623535156,success
04D50F429C4C84,6,"['Arena', 'Castelvecchio', 'Duomo']",Santa Anastasia,"['AMO', 'Museo Conte', 'Palazzo della Ragione', 'Teatro Romano', 'Centro Fotografia']",Casa Giulietta,strategy_nearest,False,0.003651857376098633,success
04D511429C4C80,3,"['Castelvecchio', 'Teatro Romano', 'Duomo', 'Santa Anastasia']",Torre Lamberti,"['Sighseeing', 'Centro Fotografia', 'Museo Conte', 'Casa Giulietta', 'Palazzo della Ragione']",Casa Giulietta,strategy_nearest,True,0.003063201904296875,success
04D512429C4C80,1,['Arena'],Palazzo della Ragione,"['AMO', 'Museo Conte', 'Torre Lamberti', 'Centro Fotografia', 'Sighseeing']",Torre Lamberti,strategy_nearest,True,0.0032339096069335938,success
04D5133A9C4C80,0,['Arena'],Castelvecchio,"['Museo Lapidario', 'Verona Tour', 'Museo Radio', 'San Zeno', 'Sighseeing']",Torre Lamberti,strategy_nearest,False,0.002042055130004883,success
04D5133A9C4C84,0,['Castelvecchio'],Arena,"['Verona Tour', 'Museo Lapidario', 'Museo Radio', 'San Fermo', 'Casa Giulietta']",Torre Lamberti,strategy_nearest,False,0.003407001495361328,success
04D5153A9C4C80,3,['Teatro Romano'],Santa Anastasia,"['AMO', 'Museo Conte', 'Palazzo della Ragione', 'Centro Fotografia', 'Duomo']",Arena,strategy_nearest,False,0.002712726593017578,success
04D5163A9C4C84,1,"['Palazzo della Ragione', 'Casa Giulietta']",San Fermo,"['Museo Storia', 'Museo Radio', 'Centro Fotografia', 'Arena', 'Sighseeing']",Teatro Romano,strategy_nearest,False,0.0036191940307617188,success
04D5173A9C4C84,2,"['Tomba Giulietta', 'San Fermo']",Casa Giulietta,"['Centro Fotografia', 'Sighseeing', 'Torre Lamberti', 'Museo Conte', 'Museo Radio']",Torre Lamberti,strategy_nearest,True,0.0020537376403808594,success
04D519429C4C84,3,"['Arena', 'Santa Anastasia']",San Fermo,"['Museo Storia', 'Museo Radio', 'Casa Giulietta', 'Centro Fotografia', 'Sighseeing']",San Zeno,strategy_nearest,False,0.0020961761474609375,success
04D517BA7B3F84,3,"['Castelvecchio', 'Arena', 'Casa Giulietta']",Torre Lamberti,"['Sighseeing', 'Centro Fotografia', 'Museo Conte', 'Palazzo della Ragione', 'AMO']",Santa Anastasia,strategy_nearest,False,0.003492116928100586,success
04D5203A9C4C80,3,['Arena'],Torre Lamberti,"['Sighseeing', 'Centro Fotografia', 'Museo Conte', 'Casa Giulietta', 'Palazzo della Ragione']",Santa Anastasia,strategy_nearest,False,0.0031218528747558594,success
04D5244A9C4C80,3,"['Castelvecchio', 'Santa Anastasia', 'Teatro Romano']",Duomo,"['AMO', 'Museo Miniscalchi', 'Palazzo della Ragione', 'Museo Conte', 'Torre Lamberti']",Torre Lamberti,strategy_nearest,True,0.002608060836791992,success
04D523BA7B3F84,1,"['Arena', 'Torre Lamberti', 'Palazzo della Ragione']",Casa Giulietta,"['Centro Fotografia', 'Sighseeing', 'Museo Conte', 'Museo Radio', 'San Fermo']",Giardino Giusti,strategy_nearest,False,0.0024750232696533203,success
04D5263A9C4C84,0,['Arena'],Castelvecchio,"['Museo Lapidario', 'Verona Tour', 'Museo Radio', 'San Zeno', 'Sighseeing']",Casa Giulietta,strategy_nearest,False,0.002671957015991211,success
04D5373A9C4C80,1,"['Palazzo della Ragione', 'Casa Giulietta']",Arena,"['Verona Tour', 'Museo Lapidario', 'Museo Radio', 'San Fermo', 'Sighseeing']",Teatro Romano,strategy_nearest,False,0.002569913864135742,success
04D52A3A9C4C80,3,"['Arena', 'Casa Giulietta']",Santa Anastasia,"['AMO', 'Museo Conte', 'Palazzo della Ragione', 'Teatro Romano', 'Centro Fotografia']",Castelvecchio,strategy_nearest,False,0.002668619155883789,success
04D53A3A9C4C80,3,"['San Fermo', 'Arena']",Santa Anastasia,"['AMO', 'Museo Conte', 'Palazzo della Ragione', 'Teatro Romano', 'Centro Fotografia']",Torre Lamberti,strategy_nearest,False,0.003297090530395508,success
04D53B3A9C4C80,0,['Torre Lamberti'],Duomo,"['AMO', 'Museo Miniscalchi', 'Santa Anastasia', 'Teatro Romano', 'Palazzo della Ragione']",Arena,strategy_nearest,False,0.0035631656646728516,success
04D5463A9C4C80,2,['Santa Anastasia'],Casa Giulietta,"['Centro Fotografia', 'Sighseeing', 'Torre Lamberti', 'Museo Conte', 'Museo Radio']",Teatro Romano,strategy_nearest,False,0.001898050308227539,success
04D544429C4C80,1,"['Arena', 'Casa Giulietta']",Torre Lamberti,"['Sighseeing', 'Centro Fotografia', 'Museo Conte', 'Palazzo della Ragione', 'AMO']",Palazzo della Ragione,strategy_nearest,True,0.002735137939453125,success
04D54B3A9C4C80,1,"['Arena', 'Casa Giulietta', 'Torre Lamberti']",Palazzo della Ragione,"['AMO', 'Museo Conte', 'Centro Fotografia', 'Sighseeing', 'Santa Anastasia']",Teatro Romano,strategy_nearest,False,0.003940105438232422,success
04D558429C4C80,3,"['Arena', 'Santa Anastasia']",Torre Lamberti,"['Sighseeing', 'Centro Fotografia', 'Museo Conte', 'Casa Giulietta', 'Palazzo della Ragione']",Casa Giulietta,strategy_nearest,True,0.0025060176849365234,success
04D547429C4C80,3,['Arena'],Casa Giulietta,"['Centro Fotografia', 'Sighseeing', 'Torre Lamberti', 'Museo Conte', 'Museo Radio']",Santa Anastasia,strategy_nearest,False,0.0032901763916015625,success
04D566429C4C80,1,"['Arena', 'Museo Lapidario', 'Casa Giulietta', 'Palazzo della Ragione']",Torre Lamberti,"['Sighseeing', 'Centro Fotografia', 'Museo Conte', 'AMO', 'Museo Miniscalchi']",Santa Anastasia,strategy_nearest,False,0.0027990341186523438,success
04D568429C4C80,0,['Arena'],Casa Giulietta,"['Centro Fotografia', 'Sighseeing', 'Torre Lamberti', 'Museo Conte', 'Museo Radio']",Torre Lamberti,strategy_nearest,True,0.0027391910552978516,success
04D569429C4C80,2,"['Santa Anastasia', 'Teatro Romano']",Duomo,"['AMO', 'Museo Miniscalchi', 'Palazzo della Ragione', 'Museo Conte', 'Torre Lamberti']",Casa Giulietta,strategy_nearest,False,0.0021140575408935547,success
04D572429C4C80,1,"['Arena', 'San Zeno']",Castelvecchio,"['Museo Lapidario', 'Verona Tour', 'Museo Radio', 'Sighseeing', 'Museo Miniscalchi']",Duomo,strategy_nearest,False,0.0026988983154296875,success
04D581BA7B3F80,0,"['Arena', 'Casa Giulietta']",Museo Lapidario,"['Verona Tour', 'Castelvecchio', 'Museo Radio', 'San Fermo', 'Tomba Giulietta']",Castelvecchio,strategy_nearest,True,0.003370046615600586,success
04D5863A9C4C80,0,['Arena'],Casa Giulietta,"['Centro Fotografia', 'Sighseeing', 'Torre Lamberti', 'Museo Conte', 'Museo Radio']",Torre Lamberti,strategy_nearest,True,0.002607107162475586,success
04D582429C4C80,1,"['Arena', 'San Fermo']",Palazzo della Ragione,"['AMO', 'Museo Conte', 'Torre Lamberti', 'Centro Fotografia', 'Sighseeing']",Torre Lamberti,strategy_nearest,True,0.0024099349975585938,success
04D58A4A9C4C80,0,['Arena'],Casa Giulietta,"['Centro Fotografia', 'Sighseeing', 'Torre Lamberti', 'Museo Conte', 'Museo Radio']",Duomo,strategy_nearest,False,0.0025610923767089844,success
04D58D429C4C80,1,['Arena'],Palazzo della Ragione,"['AMO', 'Museo Conte', 'Torre Lamberti', 'Centro Fotografia', 'Sighseeing']",Teatro Romano,strategy_nearest,False,0.0031239986419677734,success
04D59C429C4C80,0,['Teatro Romano'],San Zeno,"['Castelvecchio', 'Verona Tour', 'Museo Lapidario', 'Arena', 'Museo Miniscalchi']",Torre Lamberti,strategy_nearest,False,0.002568960189819336,success
04D5A14A9C4C80,1,"['Casa Giulietta', 'Torre Lamberti', 'Palazzo della Ragione']",Santa Anastasia,"['AMO', 'Museo Conte', 'Teatro Romano', 'Centro Fotografia', 'Duomo']",Teatro Romano,strategy_nearest,True,0.003345012664794922,success
04D5A63A9C4C80,0,['Castelvecchio'],Arena,"['Verona Tour', 'Museo Lapidario', 'Museo Radio', 'San Fermo', 'Casa Giulietta']",Torre Lamberti,strategy_nearest,False,0.0031957626342773438,success
04D5A5BA7B3F80,3,['Santa Anastasia'],Torre Lamberti,"['Sighseeing', 'Centro Fotografia', 'Museo Conte', 'Casa Giulietta', 'Palazzo della Ragione']",Arena,strategy_nearest,False,0.0033071041107177734,success
04D5A7429C4C80,3,['Arena'],Santa Anastasia,"['AMO', 'Museo Conte', 'Palazzo della Ragione', 'Teatro Romano', 'Centro Fotografia']",San Fermo,strategy_nearest,False,0.0030498504638671875,success
04D5A74A9C4C80,3,"['Arena', 'Tomba Giulietta', 'San Fermo', 'Casa Giulietta']",Torre Lamberti,"['Sighseeing', 'Centro Fotografia', 'Museo Conte', 'Palazzo della Ragione', 'AMO']",Teatro Romano,strategy_nearest,False,0.004065990447998047,success
04D5ABBA7B3F80,0,['Arena'],Museo Lapidario,"['Verona Tour', 'Castelvecchio', 'Museo Radio', 'San Fermo', 'Casa Giulietta']",Casa Giulietta,strategy_nearest,True,0.0019450187683105469,success
04D5AC3A9C4C80,2,"['Torre Lamberti', 'Casa Giulietta']",Tomba Giulietta,"['San Fermo', 'Museo Storia', 'Arena', 'Museo Lapidario', 'Museo Radio']",Duomo,strategy_nearest,False,0.003122091293334961,success
04D5ACBA7B3F80,0,"['Arena', 'Casa Giulietta']",Museo Lapidario,"['Verona Tour', 'Castelvecchio', 'Museo Radio', 'San Fermo', 'Tomba Giulietta']",Castelvecchio,strategy_nearest,True,0.0033121109008789062,success
04D5B2429C4C80,2,['Torre Lamberti'],Palazzo della Ragione,"['AMO', 'Museo Conte', 'Centro Fotografia', 'Sighseeing', 'Santa Anastasia']",Casa Giulietta,strategy_nearest,False,0.0026369094848632812,success
04D5B1BA7B3F80,4,"['Santa Anastasia', 'Duomo', 'Teatro Romano']",Arena,"['Verona Tour', 'Museo Lapidario', 'Museo Radio', 'San Fermo', 'Casa Giulietta']",Tomba Giulietta,strategy_nearest,False,0.002249002456665039,success
04D5B3429C4C80,0,['Arena'],Torre Lamberti,"['Sighseeing', 'Centro Fotografia', 'Museo Conte', 'Casa Giulietta', 'Palazzo della Ragione']",Tomba Giulietta,strategy_nearest,False,0.0031778812408447266,success
04D5B43A9C4C80,0,['Arena'],Torre Lamberti,"['Sighseeing', 'Centro Fotografia', 'Museo Conte', 'Casa Giulietta', 'Palazzo della Ragione']",Giardino Giusti,strategy_nearest,False,0.0029082298278808594,success
04D5BC3A9C4C80,3,"['Castelvecchio', 'San Zeno']",Arena,"['Verona Tour', 'Museo Lapidario', 'Museo Radio', 'San Fermo', 'Casa Giulietta']",Santa Anastasia,strategy_nearest,False,0.0032346248626708984,success
04D5BA429C4C80,1,"['Casa Giulietta', 'Palazzo della Ragione']",Torre Lamberti,"['Sighseeing', 'Centro Fotografia', 'Museo Conte', 'AMO', 'Museo Miniscalchi']",Arena,strategy_nearest,False,0.0020220279693603516,success
04D5B7429C4C80,0,"['Arena', 'Casa Giulietta']",Torre Lamberti,"['Sighseeing', 'Centro Fotografia', 'Museo Conte', 'Palazzo della Ragione', 'AMO']",Castelvecchio,strategy_nearest,False,0.002833843231201172,success
04D5BE3A9C4C80,3,"['Arena', 'Casa Giulietta']",Santa Anastasia,"['AMO', 'Museo Conte', 'Palazzo della Ragione', 'Teatro Romano', 'Centro Fotografia']",Teatro Romano,strategy_nearest,True,0.003000974655151367,success
04D5C73A9C4C80,1,['Arena'],Casa Giulietta,"['Centro Fotografia', 'Sighseeing', 'Torre Lamberti', 'Museo Conte', 'Museo Radio']",Palazzo della Ragione,strategy_nearest,False,0.0020949840545654297,success
04D5CF429C4C80,3,"['Torre Lamberti', 'Arena', 'San Zeno', 'Castelvecchio']",Duomo,"['AMO', 'Museo Miniscalchi', 'Santa Anastasia', 'Teatro Romano', 'Palazzo della Ragione']",Santa Anastasia,strategy_nearest,True,0.0027120113372802734,success
04D5C8429C4C80,3,"['Arena', 'Casa Giulietta']",Casa Giulietta,"['Centro Fotografia', 'Sighseeing', 'Torre Lamberti', 'Museo Conte', 'Museo Radio']",Santa Anastasia,strategy_nearest,False,0.003605365753173828,success
04D5D83A9C4C80,3,"['Arena', 'Casa Giulietta']",Torre Lamberti,"['Sighseeing', 'Centro Fotografia', 'Museo Conte', 'Palazzo della Ragione', 'AMO']",Santa Anastasia,strategy_nearest,False,0.0031609535217285156,success
04D5FA3A9C4C80,3,['Torre Lamberti'],Duomo,"['AMO', 'Museo Miniscalchi', 'Santa Anastasia', 'Teatro Romano', 'Palazzo della Ragione']",Santa Anastasia,strategy_nearest,True,0.0031280517578125,success
04D5F9BA7B3F80,3,"['Arena', 'Torre Lamberti']",Casa Giulietta,"['Centro Fotografia', 'Sighseeing', 'Museo Conte', 'Museo Radio', 'Palazzo della Ragione']",Teatro Romano,strategy_nearest,False,0.0026061534881591797,success
04D5FF429C4C80,2,"['Casa Giulietta', 'Santa Anastasia']",Castelvecchio,"['Museo Lapidario', 'Verona Tour', 'Arena', 'Museo Radio', 'San Zeno']",San Zeno,strategy_nearest,True,0.002538919448852539,success
04D602429C4C84,3,"['Duomo', 'Santa Anastasia']",Casa Giulietta,"['Centro Fotografia', 'Sighseeing', 'Torre Lamberti', 'Museo Conte', 'Museo Radio']",Castelvecchio,strategy_nearest,False,0.0033919811248779297,success
04D60E3A9C4C84,0,"['Arena', 'Casa Giulietta']",Santa Anastasia,"['AMO', 'Museo Conte', 'Palazzo della Ragione', 'Teatro Romano', 'Centro Fotografia']",Tomba Giulietta,strategy_nearest,False,0.0025529861450195312,success
04D6113A9C4C80,0,"['Arena', 'Museo Lapidario']",Castelvecchio,"['Verona Tour', 'Museo Radio', 'San Zeno', 'Sighseeing', 'Museo Miniscalchi']",Casa Giulietta,strategy_nearest,False,0.002586841583251953,success
04D617429C4C80,0,['Arena'],Museo Lapidario,"['Verona Tour', 'Castelvecchio', 'Museo Radio', 'San Fermo', 'Casa Giulietta']",Castelvecchio,strategy_nearest,True,0.0031151771545410156,success
04D618BA7B3F84,3,"['Duomo', 'Santa Anastasia']",Teatro Romano,"['AMO', 'Palazzo della Ragione', 'Museo Conte', 'Centro Fotografia', 'Museo Miniscalchi']",Casa Giulietta,strategy_nearest,False,0.0026230812072753906,success
04D619429C4C84,3,"['Arena', 'Duomo', 'Teatro Romano', 'Museo Storia']",Casa Giulietta,"['Centro Fotografia', 'Sighseeing', 'Torre Lamberti', 'Museo Conte', 'Museo Radio']",Castelvecchio,strategy_nearest,False,0.002665996551513672,success
04D621429C4C84,3,"['Castelvecchio', 'Santa Anastasia']",Duomo,"['AMO', 'Museo Miniscalchi', 'Teatro Romano', 'Palazzo della Ragione', 'Museo Conte']",Teatro Romano,strategy_nearest,True,0.0031909942626953125,success
04D6273A9C4C84,1,"['Arena', 'Torre Lamberti', 'Palazzo della Ragione']",Santa Anastasia,"['AMO', 'Museo Conte', 'Teatro Romano', 'Centro Fotografia', 'Duomo']",Teatro Romano,strategy_nearest,True,0.002348184585571289,success
04D6293A9C4C80,3,"['Arena', 'Santa Anastasia']",Teatro Romano,"['Duomo', 'AMO', 'Palazzo della Ragione', 'Museo Conte', 'Centro Fotografia']",Casa Giulietta,strategy_nearest,False,0.0025022029876708984,success
04D637429C4C80,0,['Arena'],Castelvecchio,"['Museo Lapidario', 'Verona Tour', 'Museo Radio', 'San Zeno', 'Sighseeing']",San Zeno,strategy_nearest,True,0.0025649070739746094,success
04D640429C4C80,1,"['Arena', 'Casa Giulietta', 'Torre Lamberti', 'Palazzo della Ragione', 'Santa Anastasia']",Duomo,"['AMO', 'Museo Miniscalchi', 'Teatro Romano', 'Museo Conte', 'Centro Fotografia']",Castelvecchio,strategy_nearest,False,0.0026040077209472656,success
04D63B3A9C4C80,2,"['Museo Lapidario', 'Teatro Romano']",Duomo,"['AMO', 'Museo Miniscalchi', 'Santa Anastasia', 'Palazzo della Ragione', 'Museo Conte']",Castelvecchio,strategy_nearest,False,0.0032227039337158203,success
04D64D3A9C4C80,1,"['Santa Anastasia', 'Torre Lamberti', 'Palazzo della Ragione']",Teatro Romano,"['Duomo', 'AMO', 'Museo Conte', 'Centro Fotografia', 'Museo Miniscalchi']",Giardino Giusti,strategy_nearest,False,0.002579927444458008,success
04D64F429C4C80,2,['Casa Giulietta'],Torre Lamberti,"['Sighseeing', 'Centro Fotografia', 'Museo Conte', 'Palazzo della Ragione', 'AMO']",Palazzo della Ragione,strategy_nearest,True,0.0030210018157958984,success
04D651429C4C80,1,"['Arena', 'Teatro Romano', 'Duomo']",Palazzo della Ragione,"['AMO', 'Museo Conte', 'Torre Lamberti', 'Centro Fotografia', 'Sighseeing']",Torre Lamberti,strategy_nearest,True,0.002576112747192383,success
04D659429C4C80,3,"['Arena', 'Casa Giulietta']",Torre Lamberti,"['Sighseeing', 'Centro Fotografia', 'Museo Conte', 'Palazzo della Ragione', 'AMO']",Santa Anastasia,strategy_nearest,False,0.0026998519897460938,success
04D66B429C4C80,3,"['Torre Lamberti', 'Casa Giulietta']",Santa Anastasia,"['AMO', 'Museo Conte', 'Palazzo della Ragione', 'Teatro Romano', 'Centro Fotografia']",Teatro Romano,strategy_nearest,True,0.0025658607482910156,success
04D668429C4C80,3,"['Arena', 'Museo Lapidario', 'Casa Giulietta']",Torre Lamberti,"['Sighseeing', 'Centro Fotografia', 'Museo Conte', 'Palazzo della Ragione', 'AMO']",Santa Anastasia,strategy_nearest,False,0.00335693359375,success
04D66D429C4C80,0,['Castelvecchio'],Casa Giulietta,"['Centro Fotografia', 'Sighseeing', 'Torre Lamberti', 'Museo Conte', 'Museo Radio']",Arena,strategy_nearest,False,0.0026030540466308594,success
04D66F3A9C4C80,3,"['Arena', 'Casa Giulietta', 'Torre Lamberti']",Castelvecchio,"['Museo Lapidario', 'Verona Tour', 'Museo Radio', 'San Zeno', 'Sighseeing']",Santa Anastasia,strategy_nearest,False,0.002778768539428711,success
04D670BA7B3F80,1,"['Castelvecchio', 'Torre Lamberti', 'Palazzo della Ragione']",Santa Anastasia,"['AMO', 'Museo Conte', 'Teatro Romano', 'Centro Fotografia', 'Duomo']",Arena,strategy_nearest,False,0.0026988983154296875,success
04D6763A9C4C80,3,"['Arena', 'San Fermo', 'Casa Giulietta']",Torre Lamberti,"['Sighseeing', 'Centro Fotografia', 'Museo Conte', 'Palazzo della Ragione', 'AMO']",Teatro Romano,strategy_nearest,False,0.003339052200317383,success
04D67B3A9C4C80,0,['Arena'],Casa Giulietta,"['Centro Fotografia', 'Sighseeing', 'Torre Lamberti', 'Museo Conte', 'Museo Radio']",Teatro Romano,strategy_nearest,False,0.002443075180053711,success
04D6803A9C4C80,3,"['Arena', 'San Fermo']",Torre Lamberti,"['Sighseeing', 'Centro Fotografia', 'Museo Conte', 'Casa Giulietta', 'Palazzo della Ragione']",Santa Anastasia,strategy_nearest,False,0.002213001251220703,success
04D68C3A9C4C80,3,"['Arena', 'Casa Giulietta']",Torre Lamberti,"['Sighseeing', 'Centro Fotografia', 'Museo Conte', 'Palazzo della Ragione', 'AMO']",Santa Anastasia,strategy_nearest,False,0.0028650760650634766,success
04D686429C4C80,1,"['Palazzo della Ragione', 'Torre Lamberti']",Casa Giulietta,"['Centro Fotografia', 'Sighseeing', 'Museo Conte', 'Museo Radio', 'San Fermo']",San Zeno,strategy_nearest,False,0.003014087677001953,success
04D6883A9C4C80,3,['Arena'],Casa Giulietta,"['Centro Fotografia', 'Sighseeing', 'Torre Lamberti', 'Museo Conte', 'Museo Radio']",Santa Anastasia,strategy_nearest,False,0.0032989978790283203,success
04D68D4A9C4C80,1,"['Palazzo della Ragione', 'Torre Lamberti']",Arena,"['Verona Tour', 'Museo Lapidario', 'Museo Radio', 'San Fermo', 'Casa Giulietta']",Casa Giulietta,strategy_nearest,True,0.00215911865234375,success
04D6984A9C4C80,3,"['Teatro Romano', 'Santa Anastasia']",Arena,"['Verona Tour', 'Museo Lapidario', 'Museo Radio', 'San Fermo', 'Casa Giulietta']",Castelvecchio,strategy_nearest,False,0.002763032913208008,success
04D68D429C4C80,3,"['Arena', 'Casa Giulietta']",Torre Lamberti,"['Sighseeing', 'Centro Fotografia', 'Museo Conte', 'Palazzo della Ragione', 'AMO']",Santa Anastasia,strategy_nearest,False,0.0046880245208740234,success
04D69E429C4C80,0,['Arena'],Casa Giulietta,"['Centro Fotografia', 'Sighseeing', 'Torre Lamberti', 'Museo Conte', 'Museo Radio']",Duomo,strategy_nearest,False,0.0014338493347167969,success
04D6C2429C4C80,3,"['Casa Giulietta', 'Torre Lamberti', 'Santa Anastasia']",Duomo,"['AMO', 'Museo Miniscalchi', 'Teatro Romano', 'Palazzo della Ragione', 'Museo Conte']",San Fermo,strategy_nearest,False,0.001981973648071289,success
04D6C9429C4C80,3,"['Santa Anastasia', 'Castelvecchio', 'Casa Giulietta']",San Fermo,"['Museo Storia', 'Museo Radio', 'Centro Fotografia', 'Arena', 'Sighseeing']",Arena,strategy_nearest,True,0.0019719600677490234,success
04D6A64A9C4C80,4,"['Arena', 'Museo Lapidario', 'Torre Lamberti', 'Palazzo della Ragione']",Casa Giulietta,"['Centro Fotografia', 'Sighseeing', 'Museo Conte', 'Museo Radio', 'San Fermo']",Tomba Giulietta,strategy_nearest,False,0.004131793975830078,success
04D6CD429C4C80,1,"['Arena', 'Palazzo della Ragione']",Santa Anastasia,"['AMO', 'Museo Conte', 'Teatro Romano', 'Centro Fotografia', 'Duomo']",Duomo,strategy_nearest,True,0.0036399364471435547,success
04D6CE3A9C4C80,0,['Torre Lamberti'],Tomba Giulietta,"['San Fermo', 'Museo Storia', 'Arena', 'Museo Lapidario', 'Museo Radio']",Arena,strategy_nearest,True,0.003057718276977539,success
04D6D93A9C4C80,3,"['San Fermo', 'Casa Giulietta']",Santa Anastasia,"['AMO', 'Museo Conte', 'Palazzo della Ragione', 'Teatro Romano', 'Centro Fotografia']",Teatro Romano,strategy_nearest,True,0.0023970603942871094,success
04D6D83A9C4C80,1,"['Arena', 'Santa Anastasia', 'Torre Lamberti']",Palazzo della Ragione,"['AMO', 'Museo Conte', 'Centro Fotografia', 'Sighseeing', 'Museo Miniscalchi']",Casa Giulietta,strategy_nearest,False,0.0030679702758789062,success
04D6D03A9C4C80,3,"['Arena', 'Torre Lamberti']",Santa Anastasia,"['AMO', 'Museo Conte', 'Palazzo della Ragione', 'Teatro Romano', 'Centro Fotografia']",Teatro Romano,strategy_nearest,True,0.0034711360931396484,success
04D6D63A9C4C80,4,"['Casa Giulietta', 'Santa Anastasia', 'Duomo', 'Arena']",Museo Lapidario,"['Verona Tour', 'Castelvecchio', 'Museo Radio', 'San Fermo', 'Tomba Giulietta']",Tomba Giulietta,strategy_nearest,True,0.0025358200073242188,success
04D6DA3A9C4C80,1,"['Arena', 'Casa Giulietta']",Torre Lamberti,"['Sighseeing', 'Centro Fotografia', 'Museo Conte', 'Palazzo della Ragione', 'AMO']",Palazzo della Ragione,strategy_nearest,True,0.002190113067626953,success
04D6DB3A9C4C80,3,['Arena'],Casa Giulietta,"['Centro Fotografia', 'Sighseeing', 'Torre Lamberti', 'Museo Conte', 'Museo Radio']",Torre Lamberti,strategy_nearest,True,0.0015528202056884766,success
04D7073A9C4C84,3,"['Arena', 'San Fermo', 'Torre Lamberti']",Santa Anastasia,"['AMO', 'Museo Conte', 'Palazzo della Ragione', 'Teatro Romano', 'Centro Fotografia']",Duomo,strategy_nearest,False,0.003200054168701172,success
04D6F13A9C4C80,0,"['Castelvecchio', 'Arena']",Casa Giulietta,"['Centro Fotografia', 'Sighseeing', 'Torre Lamberti', 'Museo Conte', 'Museo Radio']",Duomo,strategy_nearest,False,0.0027039051055908203,success
04D7153A9C4C80,3,"['Arena', 'Casa Giulietta']",Torre Lamberti,"['Sighseeing', 'Centro Fotografia', 'Museo Conte', 'Palazzo della Ragione', 'AMO']",Teatro Romano,strategy_nearest,False,0.0014998912811279297,success
04D70D3A9C4C84,0,['Arena'],Casa Giulietta,"['Centro Fotografia', 'Sighseeing', 'Torre Lamberti', 'Museo Conte', 'Museo Radio']",Torre Lamberti,strategy_nearest,True,0.0030388832092285156,success
04D7153A9C4C84,0,"['Museo Lapidario', 'Arena']",Castelvecchio,"['Verona Tour', 'Museo Radio', 'San Zeno', 'Sighseeing', 'Museo Miniscalchi']",Casa Giulietta,strategy_nearest,False,0.002148151397705078,success
04D7173A9C4C80,3,"['Arena', 'Casa Giulietta']",Torre Lamberti,"['Sighseeing', 'Centro Fotografia', 'Museo Conte', 'Palazzo della Ragione', 'AMO']",San Zeno,strategy_nearest,False,0.003759145736694336,success
04D7173A9C4C84,2,['Duomo'],Castelvecchio,"['Museo Lapidario', 'Verona Tour', 'Arena', 'Museo Radio', 'San Zeno']",San Zeno,strategy_nearest,True,0.002695798873901367,success
04D7183A9C4C84,3,"['Arena', 'San Fermo']",Casa Giulietta,"['Centro Fotografia', 'Sighseeing', 'Torre Lamberti', 'Museo Conte', 'Museo Radio']",Torre Lamberti,strategy_nearest,True,0.00339508056640625,success
04D717429C4C84,3,"['Arena', 'Santa Anastasia', 'Teatro Romano']",Duomo,"['AMO', 'Museo Miniscalchi', 'Palazzo della Ragione', 'Museo Conte', 'Torre Lamberti']",San Zeno,strategy_nearest,False,0.002607107162475586,success
04D7193A9C4C84,1,['Arena'],Casa Giulietta,"['Centro Fotografia', 'Sighseeing', 'Torre Lamberti', 'Museo Conte', 'Museo Radio']",Torre Lamberti,strategy_nearest,True,0.0032901763916015625,success
04D720429C4C80,0,['Castelvecchio'],Arena,"['Verona Tour', 'Museo Lapidario', 'Museo Radio', 'San Fermo', 'Casa Giulietta']",Torre Lamberti,strategy_nearest,False,0.0023779869079589844,success
04D7293A9C4C80,3,"['Castelvecchio', 'Arena']",Casa Giulietta,"['Centro Fotografia', 'Sighseeing', 'Torre Lamberti', 'Museo Conte', 'Museo Radio']",Torre Lamberti,strategy_nearest,True,0.0032939910888671875,success
04D7213A9C4C84,1,"['Arena', 'Casa Giulietta']",Torre Lamberti,"['Sighseeing', 'Centro Fotografia', 'Museo Conte', 'Palazzo della Ragione', 'AMO']",Palazzo della Ragione,strategy_nearest,True,0.0034410953521728516,success
04D7253A9C4C80,2,"['Castelvecchio', 'San Zeno']",Torre Lamberti,"['Sighseeing', 'Centro Fotografia', 'Museo Conte', 'Casa Giulietta', 'Palazzo della Ragione']",Santa Anastasia,strategy_nearest,False,0.0019593238830566406,success
04D7303A9C4C80,4,"['San Zeno', 'Castelvecchio', 'Arena', 'Casa Giulietta', 'Palazzo della Ragione', 'Torre Lamberti']",Museo Lapidario,"['Verona Tour', 'Museo Radio', 'San Fermo', 'Tomba Giulietta', 'Sighseeing']",Museo Radio,strategy_nearest,True,0.0019719600677490234,success
04D7403A9C4C80,3,"['Arena', 'Santa Anastasia']",Castelvecchio,"['Museo Lapidario', 'Verona Tour', 'Museo Radio', 'San Zeno', 'Sighseeing']",San Zeno,strategy_nearest,True,0.002231121063232422,success
04D74F429C4C80,3,['Arena'],Casa Giulietta,"['Centro Fotografia', 'Sighseeing', 'Torre Lamberti', 'Museo Conte', 'Museo Radio']",Torre Lamberti,strategy_nearest,True,0.0033102035522460938,success
04D7343A9C4C80,2,"['Castelvecchio', 'Torre Lamberti']",Casa Giulietta,"['Centro Fotografia', 'Sighseeing', 'Museo Conte', 'Museo Radio', 'Palazzo della Ragione']",Duomo,strategy_nearest,False,0.0030121803283691406,success
04D7523A9C4C80,3,"['Arena', 'Casa Giulietta', 'Torre Lamberti', 'Santa Anastasia']",Duomo,"['AMO', 'Museo Miniscalchi', 'Teatro Romano', 'Palazzo della Ragione', 'Museo Conte']",Castelvecchio,strategy_nearest,False,0.0025501251220703125,success
04D75F429C4C80,2,['Casa Giulietta'],Torre Lamberti,"['Sighseeing', 'Centro Fotografia', 'Museo Conte', 'Palazzo della Ragione', 'AMO']",Palazzo della Ragione,strategy_nearest,True,0.0028028488159179688,success
04D76B429C4C80,0,['Castelvecchio'],Arena,"['Verona Tour', 'Museo Lapidario', 'Museo Radio', 'San Fermo', 'Casa Giulietta']",Casa Giulietta,strategy_nearest,True,0.0033168792724609375,success
04D76E3A9C4C80,3,"['Teatro Romano', 'Arena', 'Castelvecchio']",San Zeno,"['Verona Tour', 'Museo Lapidario', 'Museo Miniscalchi', 'Sighseeing', 'Museo Radio']",Duomo,strategy_nearest,False,0.003907918930053711,success
04D76F3A9C4C80,0,['Arena'],Casa Giulietta,"['Centro Fotografia', 'Sighseeing', 'Torre Lamberti', 'Museo Conte', 'Museo Radio']",Torre Lamberti,strategy_nearest,True,0.0037839412689208984,success
04D7743A9C4C80,0,"['Casa Giulietta', 'Torre Lamberti']",Castelvecchio,"['Museo Lapidario', 'Verona Tour', 'Arena', 'Museo Radio', 'San Zeno']",Arena,strategy_nearest,True,0.0022919178009033203,success
04D773429C4C80,3,['Arena'],Santa Anastasia,"['AMO', 'Museo Conte', 'Palazzo della Ragione', 'Teatro Romano', 'Centro Fotografia']",Teatro Romano,strategy_nearest,True,0.0030090808868408203,success
04D7763A9C4C80,1,"['Arena', 'Casa Giulietta', 'Torre Lamberti']",Palazzo della Ragione,"['AMO', 'Museo Conte', 'Centro Fotografia', 'Sighseeing', 'Santa Anastasia']",Santa Anastasia,strategy_nearest,True,0.0034208297729492188,success
04D770BA7B3F80,3,"['Duomo', 'Casa Giulietta', 'Arena']",Museo Lapidario,"['Verona Tour', 'Castelvecchio', 'Museo Radio', 'San Fermo', 'Tomba Giulietta']",Castelvecchio,strategy_nearest,True,0.003670930862426758,success
04D7894A9C4C80,0,['Arena'],Casa Giulietta,"['Centro Fotografia', 'Sighseeing', 'Torre Lamberti', 'Museo Conte', 'Museo Radio']",Santa Anastasia,strategy_nearest,False,0.0021209716796875,success
04D77C429C4C80,1,"['Arena', 'Casa Giulietta']",Palazzo della Ragione,"['AMO', 'Museo Conte', 'Torre Lamberti', 'Centro Fotografia', 'Sighseeing']",Santa Anastasia,strategy_nearest,False,0.0035059452056884766,success
04D7783A9C4C80,3,"['Santa Anastasia', 'Castelvecchio', 'Casa Giulietta']",San Fermo,"['Museo Storia', 'Museo Radio', 'Centro Fotografia', 'Arena', 'Sighseeing']",Arena,strategy_nearest,True,0.0022430419921875,success
04D78E4A9C4C80,3,"['Arena', 'Torre Lamberti']",Santa Anastasia,"['AMO', 'Museo Conte', 'Palazzo della Ragione', 'Teatro Romano', 'Centro Fotografia']",Casa Giulietta,strategy_nearest,False,0.0033407211303710938,success
04D7AA3A9C4C80,2,"['Museo Lapidario', 'Castelvecchio', 'Torre Lamberti']",Palazzo della Ragione,"['AMO', 'Museo Conte', 'Centro Fotografia', 'Sighseeing', 'Santa Anastasia']",Santa Anastasia,strategy_nearest,True,0.002694845199584961,success
04D7A74A9C4C80,0,['Arena'],Castelvecchio,"['Museo Lapidario', 'Verona Tour', 'Museo Radio', 'San Zeno', 'Sighseeing']",San Zeno,strategy_nearest,True,0.0019719600677490234,success
04D7AA4A9C4C80,1,"['Arena', 'Casa Giulietta']",Palazzo della Ragione,"['AMO', 'Museo Conte', 'Torre Lamberti', 'Centro Fotografia', 'Sighseeing']",Torre Lamberti,strategy_nearest,True,0.0031862258911132812,success
04D7A54A9C4C80,0,['Torre Lamberti'],Duomo,"['AMO', 'Museo Miniscalchi', 'Santa Anastasia', 'Teatro Romano', 'Palazzo della Ragione']",Arena,strategy_nearest,False,0.003461122512817383,success
04D7B03A9C4C80,1,"['Castelvecchio', 'Arena', 'San Fermo', 'Casa Giulietta']",Torre Lamberti,"['Sighseeing', 'Centro Fotografia', 'Museo Conte', 'Palazzo della Ragione', 'AMO']",Palazzo della Ragione,strategy_nearest,True,0.002354860305786133,success
04D7B4429C4C80,1,"['Arena', 'Castelvecchio']",Giardino Giusti,"['Santa Anastasia', 'Teatro Romano', 'Museo Conte', 'Centro Fotografia', 'Museo Storia']",Torre Lamberti,strategy_nearest,False,0.003313302993774414,success
04D7B5429C4C80,3,['Arena'],Casa Giulietta,"['Centro Fotografia', 'Sighseeing', 'Torre Lamberti', 'Museo Conte', 'Museo Radio']",Santa Anastasia,strategy_nearest,False,0.0033028125762939453,success
04D7B63A9C4C80,0,['Arena'],Casa Giulietta,"['Centro Fotografia', 'Sighseeing', 'Torre Lamberti', 'Museo Conte', 'Museo Radio']",Torre Lamberti,strategy_nearest,True,0.003551959991455078,success
04D7C7429C4C80,6,"['Casa Giulietta', 'Torre Lamberti']",Arena,"['Verona Tour', 'Museo Lapidario', 'Museo Radio', 'San Fermo', 'Sighseeing']",Verona Tour,strategy_nearest,True,0.0023763179779052734,success
04D7BA429C4C80,2,['Santa Anastasia'],Teatro Romano,"['Duomo', 'AMO', 'Palazzo della Ragione', 'Museo Conte', 'Centro Fotografia']",Castelvecchio,strategy_nearest,False,0.001834869384765625,success
04D7CC3A9C4C80,3,['Arena'],Torre Lamberti,"['Sighseeing', 'Centro Fotografia', 'Museo Conte', 'Casa Giulietta', 'Palazzo della Ragione']",Santa Anastasia,strategy_nearest,False,0.0036017894744873047,success
04D7C23A9C4C80,0,['Arena'],Casa Giulietta,"['Centro Fotografia', 'Sighseeing', 'Torre Lamberti', 'Museo Conte', 'Museo Radio']",Palazzo della Ragione,strategy_nearest,False,0.003092050552368164,success
04D7D0429C4C80,3,"['Teatro Romano', 'Duomo', 'Torre Lamberti']",Arena,"['Verona Tour', 'Museo Lapidario', 'Museo Radio', 'San Fermo', 'Casa Giulietta']",Castelvecchio,strategy_nearest,False,0.004182100296020508,success
04D7DD3A9C4C80,1,"['Torre Lamberti', 'Palazzo della Ragione', 'Santa Anastasia']",Arena,"['Verona Tour', 'Museo Lapidario', 'Museo Radio', 'San Fermo', 'Casa Giulietta']",Castelvecchio,strategy_nearest,False,0.002176046371459961,success
04D7DA3A9C4C80,0,['Arena'],Casa Giulietta,"['Centro Fotografia', 'Sighseeing', 'Torre Lamberti', 'Museo Conte', 'Museo Radio']",Torre Lamberti,strategy_nearest,True,0.002232789993286133,success
04D7DE3A9C4C80,3,"['Arena', 'Santa Anastasia']",Duomo,"['AMO', 'Museo Miniscalchi', 'Teatro Romano', 'Palazzo della Ragione', 'Museo Conte']",Castelvecchio,strategy_nearest,False,0.00339508056640625,success
04D7E13A9C4C80,3,"['Arena', 'Casa Giulietta']",Castelvecchio,"['Museo Lapidario', 'Verona Tour', 'Museo Radio', 'San Zeno', 'Sighseeing']",Santa Anastasia,strategy_nearest,False,0.0029480457305908203,success
04D7E03A9C4C80,3,"['Arena', 'Casa Giulietta']",Torre Lamberti,"['Sighseeing', 'Centro Fotografia', 'Museo Conte', 'Palazzo della Ragione', 'AMO']",Santa Anastasia,strategy_nearest,False,0.0016651153564453125,success
04D7E83A9C4C80,1,"['Arena', 'Torre Lamberti']",Palazzo della Ragione,"['AMO', 'Museo Conte', 'Centro Fotografia', 'Sighseeing', 'Santa Anastasia']",Santa Anastasia,strategy_nearest,True,0.002090930938720703,success
04D7EC429C4C80,1,['Arena'],Castelvecchio,"['Museo Lapidario', 'Verona Tour', 'Museo Radio', 'San Zeno', 'Sighseeing']",Torre Lamberti,strategy_nearest,False,0.0033769607543945312,success
04D7F1BA7B3F80,3,"['Duomo', 'Casa Giulietta', 'Arena', 'Museo Lapidario']",Castelvecchio,"['Verona Tour', 'Museo Radio', 'San Zeno', 'Sighseeing', 'Museo Miniscalchi']",San Zeno,strategy_nearest,True,0.0027098655700683594,success
04D7F5429C4C80,3,"['Arena', 'San Zeno', 'Santa Anastasia']",Duomo,"['AMO', 'Museo Miniscalchi', 'Teatro Romano', 'Palazzo della Ragione', 'Museo Conte']",Torre Lamberti,strategy_nearest,False,0.0020940303802490234,success
04D7F93A9C4C80,3,"['Teatro Romano', 'Casa Giulietta']",Santa Anastasia,"['AMO', 'Museo Conte', 'Palazzo della Ragione', 'Centro Fotografia', 'Duomo']",Duomo,strategy_nearest,True,0.0033948421478271484,success
04D8043A9C4C84,3,"['Teatro Romano', 'Arena']",Torre Lamberti,"['Sighseeing', 'Centro Fotografia', 'Museo Conte', 'Casa Giulietta', 'Palazzo della Ragione']",Casa Giulietta,strategy_nearest,True,0.0034737586975097656,success
04D8133A9C4C80,1,"['Arena', 'Teatro Romano', 'Duomo']",Santa Anastasia,"['AMO', 'Museo Conte', 'Palazzo della Ragione', 'Centro Fotografia', 'Torre Lamberti']",Palazzo della Ragione,strategy_nearest,True,0.003701925277709961,success
04D814429C4C80,0,['Arena'],Casa Giulietta,"['Centro Fotografia', 'Sighseeing', 'Torre Lamberti', 'Museo Conte', 'Museo Radio']",Castelvecchio,strategy_nearest,False,0.0020101070404052734,success
04D8153A9C4C84,1,"['Arena', 'Casa Giulietta']",San Fermo,"['Museo Storia', 'Museo Radio', 'Centro Fotografia', 'Sighseeing', 'Torre Lamberti']",Palazzo della Ragione,strategy_nearest,False,0.0036449432373046875,success
04D8213A9C4C84,3,"['Arena', 'Casa Giulietta']",Torre Lamberti,"['Sighseeing', 'Centro Fotografia', 'Museo Conte', 'Palazzo della Ragione', 'AMO']",San Fermo,strategy_nearest,False,0.002701997756958008,success
04D81F3A9C4C84,3,"['Arena', 'Casa Giulietta']",Torre Lamberti,"['Sighseeing', 'Centro Fotografia', 'Museo Conte', 'Palazzo della Ragione', 'AMO']",Duomo,strategy_nearest,False,0.002106189727783203,success
04D8223A9C4C84,1,"['Arena', 'Torre Lamberti']",Palazzo della Ragione,"['AMO', 'Museo Conte', 'Centro Fotografia', 'Sighseeing', 'Santa Anastasia']",Casa Giulietta,strategy_nearest,False,0.002489805221557617,success
04D824429C4C84,1,"['Arena', 'Castelvecchio', 'Teatro Romano']",Casa Giulietta,"['Centro Fotografia', 'Sighseeing', 'Torre Lamberti', 'Museo Conte', 'Museo Radio']",Torre Lamberti,strategy_nearest,True,0.0033180713653564453,success
04D8253A9C4C84,1,['Arena'],Casa Giulietta,"['Centro Fotografia', 'Sighseeing', 'Torre Lamberti', 'Museo Conte', 'Museo Radio']",Palazzo della Ragione,strategy_nearest,False,0.002711057662963867,success
04D82EBA7B3F80,3,"['Santa Anastasia', 'San Zeno', 'Castelvecchio']",San Fermo,"['Museo Storia', 'Museo Radio', 'Casa Giulietta', 'Centro Fotografia', 'Arena']",Giardino Giusti,strategy_nearest,False,0.0031280517578125,success
04D8273A9C4C80,1,"['Arena', 'Casa Giulietta']",Castelvecchio,"['Museo Lapidario', 'Verona Tour', 'Museo Radio', 'San Zeno', 'Sighseeing']",Torre Lamberti,strategy_nearest,False,0.0027320384979248047,success
04D8314A9C4C80,1,"['Arena', 'Castelvecchio', 'Casa Giulietta', 'San Fermo']",Torre Lamberti,"['Sighseeing', 'Centro Fotografia', 'Museo Conte', 'Palazzo della Ragione', 'AMO']",Palazzo della Ragione,strategy_nearest,True,0.0034999847412109375,success
04D8383A9C4C80,3,"['Casa Giulietta', 'Arena', 'Teatro Romano']",Duomo,"['AMO', 'Museo Miniscalchi', 'Santa Anastasia', 'Palazzo della Ragione', 'Museo Conte']",Castelvecchio,strategy_nearest,False,0.0020208358764648438,success
04D83BBA7B3F80,1,"['Palazzo della Ragione', 'Arena', 'Casa Giulietta']",San Zeno,"['Castelvecchio', 'Verona Tour', 'Museo Lapidario', 'Museo Miniscalchi', 'Sighseeing']",Castelvecchio,strategy_nearest,True,0.0028650760650634766,success
04D83ABA7B3F80,1,"['Teatro Romano', 'Duomo', 'Santa Anastasia']",Palazzo della Ragione,"['AMO', 'Museo Conte', 'Torre Lamberti', 'Centro Fotografia', 'Sighseeing']",Arena,strategy_nearest,False,0.002569913864135742,success
04D83C3A9C4C80,0,['Casa Giulietta'],Arena,"['Verona Tour', 'Museo Lapidario', 'Museo Radio', 'San Fermo', 'Sighseeing']",Castelvecchio,strategy_nearest,False,0.0027980804443359375,success
04D8463A9C4C80,2,"['Torre Lamberti', 'Santa Anastasia']",Duomo,"['AMO', 'Museo Miniscalchi', 'Teatro Romano', 'Palazzo della Ragione', 'Museo Conte']",Castelvecchio,strategy_nearest,False,0.001940011978149414,success
04D83E3A9C4C80,1,"['Arena', 'Castelvecchio']",Casa Giulietta,"['Centro Fotografia', 'Sighseeing', 'Torre Lamberti', 'Museo Conte', 'Museo Radio']",Torre Lamberti,strategy_nearest,True,0.0031702518463134766,success
04D840429C4C80,1,"['Arena', 'Casa Giulietta', 'Torre Lamberti', 'Palazzo della Ragione']",Santa Anastasia,"['AMO', 'Museo Conte', 'Teatro Romano', 'Centro Fotografia', 'Duomo']",Duomo,strategy_nearest,True,0.0019998550415039062,success
04D85C429C4C80,3,"['Torre Lamberti', 'Santa Anastasia']",Duomo,"['AMO', 'Museo Miniscalchi', 'Teatro Romano', 'Palazzo della Ragione', 'Museo Conte']",Castelvecchio,strategy_nearest,False,0.0025548934936523438,success
04D87A4A9C4C80,3,['Arena'],San Fermo,"['Museo Storia', 'Museo Radio', 'Casa Giulietta', 'Centro Fotografia', 'Sighseeing']",Torre Lamberti,strategy_nearest,False,0.003330707550048828,success
04D875429C4C80,3,"['San Zeno', 'Castelvecchio', 'Arena']",Casa Giulietta,"['Centro Fotografia', 'Sighseeing', 'Torre Lamberti', 'Museo Conte', 'Museo Radio']",Santa Anastasia,strategy_nearest,False,0.0034911632537841797,success
04D8794A9C4C80,0,['Arena'],San Zeno,"['Castelvecchio', 'Verona Tour', 'Museo Lapidario', 'Museo Miniscalchi', 'Sighseeing']",Duomo,strategy_nearest,False,0.002841949462890625,success
04D86C429C4C80,0,['Arena'],Tomba Giulietta,"['San Fermo', 'Museo Storia', 'Museo Lapidario', 'Museo Radio', 'Verona Tour']",Casa Giulietta,strategy_nearest,False,0.0017309188842773438,success
04D885429C4C80,0,"['Teatro Romano', 'Arena']",Casa Giulietta,"['Centro Fotografia', 'Sighseeing', 'Torre Lamberti', 'Museo Conte', 'Museo Radio']",Torre Lamberti,strategy_nearest,True,0.0021309852600097656,success
04D87D3A9C4C80,0,['Casa Giulietta'],Teatro Romano,"['Santa Anastasia', 'Duomo', 'AMO', 'Palazzo della Ragione', 'Museo Conte']",Arena,strategy_nearest,False,0.0015590190887451172,success
04D88E429C4C80,0,['Arena'],Casa Giulietta,"['Centro Fotografia', 'Sighseeing', 'Torre Lamberti', 'Museo Conte', 'Museo Radio']",Torre Lamberti,strategy_nearest,True,0.002717256546020508,success
04D8874A9C4C80,0,['Arena'],Casa Giulietta,"['Centro Fotografia', 'Sighseeing', 'Torre Lamberti', 'Museo Conte', 'Museo Radio']",Santa Anastasia,strategy_nearest,False,0.003421783447265625,success
04D88F3A9C4C80,3,"['Arena', 'Casa Giulietta']",Santa Anastasia,"['AMO', 'Museo Conte', 'Palazzo della Ragione', 'Teatro Romano', 'Centro Fotografia']",Duomo,strategy_nearest,False,0.0027611255645751953,success
04D8AF429C4C80,0,['Arena'],Castelvecchio,"['Museo Lapidario', 'Verona Tour', 'Museo Radio', 'San Zeno', 'Sighseeing']",Duomo,strategy_nearest,False,0.003954887390136719,success
04D8B13A9C4C80,1,"['Arena', 'Torre Lamberti', 'Palazzo della Ragione', 'Santa Anastasia']",Teatro Romano,"['Duomo', 'AMO', 'Museo Conte', 'Centro Fotografia', 'Museo Miniscalchi']",Duomo,strategy_nearest,True,0.002103090286254883,success
04D8BDBA7B3F80,0,['San Zeno'],Arena,"['Verona Tour', 'Museo Lapidario', 'Museo Radio', 'San Fermo', 'Casa Giulietta']",Torre Lamberti,strategy_nearest,False,0.0019299983978271484,success
04D8B4429C4C80,3,['Arena'],Santa Anastasia,"['AMO', 'Museo Conte', 'Palazzo della Ragione', 'Teatro Romano', 'Centro Fotografia']",San Zeno,strategy_nearest,False,0.003406047821044922,success
04D8C23A9C4C80,0,['Casa Giulietta'],Arena,"['Verona Tour', 'Museo Lapidario', 'Museo Radio', 'San Fermo', 'Sighseeing']",Tomba Giulietta,strategy_nearest,False,0.002602100372314453,success
04D8CE3A9C4C80,1,"['Arena', 'Casa Giulietta', 'Torre Lamberti']",Palazzo della Ragione,"['AMO', 'Museo Conte', 'Centro Fotografia', 'Sighseeing', 'Santa Anastasia']",Santa Anastasia,strategy_nearest,True,0.0026319026947021484,success
04D8F23A9C4C80,0,"['Casa Giulietta', 'Arena']",San Fermo,"['Museo Storia', 'Museo Radio', 'Centro Fotografia', 'Sighseeing', 'Torre Lamberti']",Torre Lamberti,strategy_nearest,True,0.002655029296875,success
04D8D0429C4C80,2,"['Duomo', 'Santa Anastasia']",Casa Giulietta,"['Centro Fotografia', 'Sighseeing', 'Torre Lamberti', 'Museo Conte', 'Museo Radio']",San Fermo,strategy_nearest,False,0.003410816192626953,success
04D9123A9C4C84,0,['Arena'],Castelvecchio,"['Museo Lapidario', 'Verona Tour', 'Museo Radio', 'San Zeno', 'Sighseeing']",Santa Anastasia,strategy_nearest,False,0.002843141555786133,success
04D915429C4C80,1,"['Torre Lamberti', 'Palazzo della Ragione', 'Casa Giulietta']",Santa Anastasia,"['AMO', 'Museo Conte', 'Teatro Romano', 'Centro Fotografia', 'Duomo']",Teatro Romano,strategy_nearest,True,0.002403736114501953,success
04D913429C4C80,3,"['Castelvecchio', 'Arena']",Torre Lamberti,"['Sighseeing', 'Centro Fotografia', 'Museo Conte', 'Casa Giulietta', 'Palazzo della Ragione']",Casa Giulietta,strategy_nearest,True,0.003092050552368164,success
04D9183A9C4C80,0,['Castelvecchio'],Arena,"['Verona Tour', 'Museo Lapidario', 'Museo Radio', 'San Fermo', 'Casa Giulietta']",Casa Giulietta,strategy_nearest,True,0.0028238296508789062,success
04D9233A9C4C84,3,['Teatro Romano'],Duomo,"['AMO', 'Museo Miniscalchi', 'Santa Anastasia', 'Palazzo della Ragione', 'Museo Conte']",Arena,strategy_nearest,False,0.002783060073852539,success
04D91D4A9C4C80,1,"['Arena', 'Castelvecchio', 'Casa Giulietta', 'Palazzo della Ragione', 'San Zeno']",Teatro Romano,"['Santa Anastasia', 'Duomo', 'AMO', 'Museo Conte', 'Centro Fotografia']",Duomo,strategy_nearest,True,0.003092050552368164,success
04D9243A9C4C80,0,['Duomo'],Teatro Romano,"['Santa Anastasia', 'AMO', 'Palazzo della Ragione', 'Museo Conte', 'Centro Fotografia']",Castelvecchio,strategy_nearest,False,0.0030410289764404297,success
04D9253A9C4C84,1,"['Arena', 'Torre Lamberti']",Palazzo della Ragione,"['AMO', 'Museo Conte', 'Centro Fotografia', 'Sighseeing', 'Santa Anastasia']",Santa Anastasia,strategy_nearest,True,0.0028829574584960938,success
04D9273A9C4C80,1,"['Arena', 'Casa Giulietta']",Castelvecchio,"['Museo Lapidario', 'Verona Tour', 'Museo Radio', 'San Zeno', 'Sighseeing']",Torre Lamberti,strategy_nearest,False,0.0025238990783691406,success
04D934BA7B3F80,4,"['Castelvecchio', 'Arena', 'Casa Giulietta', 'Museo Radio']",Torre Lamberti,"['Sighseeing', 'Centro Fotografia', 'Museo Conte', 'Palazzo della Ragione', 'AMO']",Palazzo della Ragione,strategy_nearest,True,0.0031080245971679688,success
04D927429C4C80,3,"['Arena', 'Museo Lapidario']",Santa Anastasia,"['AMO', 'Museo Conte', 'Palazzo della Ragione', 'Teatro Romano', 'Centro Fotografia']",Duomo,strategy_nearest,False,0.002821207046508789,success
04D9383A9C4C80,1,"['Arena', 'Casa Giulietta']",Torre Lamberti,"['Sighseeing', 'Centro Fotografia', 'Museo Conte', 'Palazzo della Ragione', 'AMO']",Palazzo della Ragione,strategy_nearest,True,0.002596139907836914,success
04D949BA7B3F80,1,"['Arena', 'Casa Giulietta', 'Torre Lamberti']",Palazzo della Ragione,"['AMO', 'Museo Conte', 'Centro Fotografia', 'Sighseeing', 'Santa Anastasia']",Castelvecchio,strategy_nearest,False,0.0019559860229492188,success
04D954BA7B3F80,4,"['Castelvecchio', 'Arena', 'Casa Giulietta', 'Museo Radio']",Torre Lamberti,"['Sighseeing', 'Centro Fotografia', 'Museo Conte', 'Palazzo della Ragione', 'AMO']",Palazzo della Ragione,strategy_nearest,True,0.003034830093383789,success
04D940429C4C80,3,"['Casa Giulietta', 'Torre Lamberti']",Teatro Romano,"['Santa Anastasia', 'Duomo', 'AMO', 'Palazzo della Ragione', 'Museo Conte']",Santa Anastasia,strategy_nearest,True,0.004023075103759766,success
04D94A3A9C4C80,0,"['Castelvecchio', 'Arena']",Torre Lamberti,"['Sighseeing', 'Centro Fotografia', 'Museo Conte', 'Casa Giulietta', 'Palazzo della Ragione']",Casa Giulietta,strategy_nearest,True,0.003103971481323242,success
04D9563A9C4C80,0,"['Arena', 'San Fermo']",Tomba Giulietta,"['Museo Storia', 'Museo Lapidario', 'Museo Radio', 'Verona Tour', 'Casa Giulietta']",Casa Giulietta,strategy_nearest,True,0.0019049644470214844,success
04D9573A9C4C80,1,"['Arena', 'Casa Giulietta']",Palazzo della Ragione,"['AMO', 'Museo Conte', 'Torre Lamberti', 'Centro Fotografia', 'Sighseeing']",Torre Lamberti,strategy_nearest,True,0.0020537376403808594,success
04D9593A9C4C80,3,"['Castelvecchio', 'San Zeno']",Arena,"['Verona Tour', 'Museo Lapidario', 'Museo Radio', 'San Fermo', 'Casa Giulietta']",Teatro Romano,strategy_nearest,False,0.002862215042114258,success
04D960BA7B3F80,1,"['Castelvecchio', 'Arena', 'Casa Giulietta']",Torre Lamberti,"['Sighseeing', 'Centro Fotografia', 'Museo Conte', 'Palazzo della Ragione', 'AMO']",Palazzo della Ragione,strategy_nearest,True,0.002371072769165039,success
04D96CBA7B3F80,1,"['Arena', 'Casa Giulietta', 'Torre Lamberti']",Palazzo della Ragione,"['AMO', 'Museo Conte', 'Centro Fotografia', 'Sighseeing', 'Santa Anastasia']",Castelvecchio,strategy_nearest,False,0.002877950668334961,success
04D97A3A9C4C80,1,['Arena'],Torre Lamberti,"['Sighseeing', 'Centro Fotografia', 'Museo Conte', 'Casa Giulietta', 'Palazzo della Ragione']",Palazzo della Ragione,strategy_nearest,True,0.0034012794494628906,success
04D97B429C4C80,3,"['Arena', 'Casa Giulietta', 'Torre Lamberti']",Giardino Giusti,"['Santa Anastasia', 'Teatro Romano', 'Museo Conte', 'Centro Fotografia', 'Museo Storia']",Teatro Romano,strategy_nearest,True,0.0031540393829345703,success
04D97ABA7B3F80,1,"['Castelvecchio', 'Arena', 'Casa Giulietta']",Torre Lamberti,"['Sighseeing', 'Centro Fotografia', 'Museo Conte', 'Palazzo della Ragione', 'AMO']",Palazzo della Ragione,strategy_nearest,True,0.0027577877044677734,success
04D97EBA7B3F80,3,"['Santa Anastasia', 'Arena']",Castelvecchio,"['Museo Lapidario', 'Verona Tour', 'Museo Radio', 'San Zeno', 'Sighseeing']",San Fermo,strategy_nearest,False,0.00341796875,success
04D9874A9C4C80,1,"['Arena', 'Casa Giulietta', 'Torre Lamberti']",Palazzo della Ragione,"['AMO', 'Museo Conte', 'Centro Fotografia', 'Sighseeing', 'Santa Anastasia']",Santa Anastasia,strategy_nearest,True,0.0026259422302246094,success
04D983BA7B3F80,3,"['Santa Anastasia', 'Teatro Romano', 'Arena']",Tomba Giulietta,"['San Fermo', 'Museo Storia', 'Museo Lapidario', 'Museo Radio', 'Verona Tour']",Castelvecchio,strategy_nearest,False,0.0025970935821533203,success
04D9894A9C4C80,3,"['Arena', 'Casa Giulietta', 'San Fermo']",Santa Anastasia,"['AMO', 'Museo Conte', 'Palazzo della Ragione', 'Teatro Romano', 'Centro Fotografia']",Duomo,strategy_nearest,False,0.0032241344451904297,success
04D98B429C4C80,3,"['Arena', 'Casa Giulietta', 'Torre Lamberti']",Torre Lamberti,"['Sighseeing', 'Centro Fotografia', 'Museo Conte', 'Palazzo della Ragione', 'AMO']",Santa Anastasia,strategy_nearest,False,0.0019969940185546875,success
04D98E429C4C80,0,['Torre Lamberti'],Arena,"['Verona Tour', 'Museo Lapidario', 'Museo Radio', 'San Fermo', 'Casa Giulietta']",Tomba Giulietta,strategy_nearest,False,0.003511667251586914,success
04D98F4A9C4C80,3,"['Arena', 'Santa Anastasia']",Teatro Romano,"['Duomo', 'AMO', 'Palazzo della Ragione', 'Museo Conte', 'Centro Fotografia']",Giardino Giusti,strategy_nearest,False,0.002763032913208008,success
04D9A34A9C4C80,3,"['Arena', 'Castelvecchio']",Duomo,"['AMO', 'Museo Miniscalchi', 'Santa Anastasia', 'Teatro Romano', 'Palazzo della Ragione']",Santa Anastasia,strategy_nearest,True,0.0028829574584960938,success
04D98FBA7B3F80,1,"['Teatro Romano', 'Duomo', 'Santa Anastasia']",Palazzo della Ragione,"['AMO', 'Museo Conte', 'Torre Lamberti', 'Centro Fotografia', 'Sighseeing']",Arena,strategy_nearest,False,0.0034601688385009766,success
04D9A7429C4C80,2,['Castelvecchio'],Santa Anastasia,"['AMO', 'Museo Conte', 'Palazzo della Ragione', 'Teatro Romano', 'Centro Fotografia']",Duomo,strategy_nearest,False,0.0026540756225585938,success
04D9A8BA7B3F80,3,"['Castelvecchio', 'Arena', 'Casa Giulietta']",Torre Lamberti,"['Sighseeing', 'Centro Fotografia', 'Museo Conte', 'Palazzo della Ragione', 'AMO']",Santa Anastasia,strategy_nearest,False,0.0025768280029296875,success
04D9C23A9C4C80,0,['Arena'],Casa Giulietta,"['Centro Fotografia', 'Sighseeing', 'Torre Lamberti', 'Museo Conte', 'Museo Radio']",Torre Lamberti,strategy_nearest,True,0.0020301342010498047,success
04D9AB3A9C4C80,3,"['Arena', 'Casa Giulietta']",Torre Lamberti,"['Sighseeing', 'Centro Fotografia', 'Museo Conte', 'Palazzo della Ragione', 'AMO']",Santa Anastasia,strategy_nearest,False,0.002863168716430664,success
04D9CF3A9C4C80,1,"['Santa Anastasia', 'Arena']",Casa Giulietta,"['Centro Fotografia', 'Sighseeing', 'Torre Lamberti', 'Museo Conte', 'Museo Radio']",Torre Lamberti,strategy_nearest,True,0.0024318695068359375,success
04D9CD3A9C4C80,3,"['Castelvecchio', 'Arena']",Torre Lamberti,"['Sighseeing', 'Centro Fotografia', 'Museo Conte', 'Casa Giulietta', 'Palazzo della Ragione']",Santa Anastasia,strategy_nearest,False,0.004338979721069336,success
04D9D0BA7B3F80,3,"['Santa Anastasia', 'Arena']",Castelvecchio,"['Museo Lapidario', 'Verona Tour', 'Museo Radio', 'San Zeno', 'Sighseeing']",San Fermo,strategy_nearest,False,0.003255128860473633,success
04D9DA3A9C4C80,3,"['Arena', 'Museo Lapidario', 'San Fermo', 'Torre Lamberti']",Santa Anastasia,"['AMO', 'Museo Conte', 'Palazzo della Ragione', 'Teatro Romano', 'Centro Fotografia']",Teatro Romano,strategy_nearest,True,0.0030989646911621094,success
04D9D8429C4C80,1,"['Arena', 'Torre Lamberti', 'Palazzo della Ragione']",Casa Giulietta,"['Centro Fotografia', 'Sighseeing', 'Museo Conte', 'Museo Radio', 'San Fermo']",San Zeno,strategy_nearest,False,0.003371000289916992,success
04D9DB3A9C4C80,3,['Arena'],Santa Anastasia,"['AMO', 'Museo Conte', 'Palazzo della Ragione', 'Teatro Romano', 'Centro Fotografia']",San Fermo,strategy_nearest,False,0.0034699440002441406,success
04D9F0429C4C80,3,"['Arena', 'Castelvecchio', 'Torre Lamberti']",Casa Giulietta,"['Centro Fotografia', 'Sighseeing', 'Museo Conte', 'Museo Radio', 'Palazzo della Ragione']",San Fermo,strategy_nearest,False,0.0013968944549560547,success
04D9E23A9C4C80,0,"['Arena', 'Castelvecchio']",Casa Giulietta,"['Centro Fotografia', 'Sighseeing', 'Torre Lamberti', 'Museo Conte', 'Museo Radio']",Torre Lamberti,strategy_nearest,True,0.0039920806884765625,success
04D9E33A9C4C80,3,"['Arena', 'Casa Giulietta']",Museo Lapidario,"['Verona Tour', 'Castelvecchio', 'Museo Radio', 'San Fermo', 'Tomba Giulietta']",Castelvecchio,strategy_nearest,True,0.002034902572631836,success
04DA0C3A9C4C84,3,"['Arena', 'Casa Giulietta']",Santa Anastasia,"['AMO', 'Museo Conte', 'Palazzo della Ragione', 'Teatro Romano', 'Centro Fotografia']",Teatro Romano,strategy_nearest,True,0.0031533241271972656,success
04DA163A9C4C80,3,"['Arena', 'Museo Lapidario', 'Castelvecchio']",Santa Anastasia,"['AMO', 'Museo Conte', 'Palazzo della Ragione', 'Teatro Romano', 'Centro Fotografia']",Teatro Romano,strategy_nearest,True,0.0027599334716796875,success
04DA1B3A9C4C80,2,"['Casa Giulietta', 'Torre Lamberti']",Santa Anastasia,"['AMO', 'Museo Conte', 'Palazzo della Ragione', 'Teatro Romano', 'Centro Fotografia']",Teatro Romano,strategy_nearest,True,0.0031290054321289062,success
04DA14429C4C80,0,['Castelvecchio'],Casa Giulietta,"['Centro Fotografia', 'Sighseeing', 'Torre Lamberti', 'Museo Conte', 'Museo Radio']",Arena,strategy_nearest,False,0.0021941661834716797,success
04DA203A9C4C84,0,['Arena'],Casa Giulietta,"['Centro Fotografia', 'Sighseeing', 'Torre Lamberti', 'Museo Conte', 'Museo Radio']",Torre Lamberti,strategy_nearest,True,0.002753019332885742,success
04DA1C429C4C80,0,['Tomba Giulietta'],Arena,"['Verona Tour', 'Museo Lapidario', 'Museo Radio', 'San Fermo', 'Casa Giulietta']",Santa Anastasia,strategy_nearest,False,0.0020399093627929688,success
04DA1B3A9C4C84,1,"['Arena', 'Castelvecchio', 'Duomo']",Teatro Romano,"['Santa Anastasia', 'AMO', 'Palazzo della Ragione', 'Museo Conte', 'Centro Fotografia']",Palazzo della Ragione,strategy_nearest,True,0.002666950225830078,success
04DA213A9C4C84,3,"['Arena', 'Casa Giulietta', 'Torre Lamberti']",Santa Anastasia,"['AMO', 'Museo Conte', 'Palazzo della Ragione', 'Teatro Romano', 'Centro Fotografia']",Duomo,strategy_nearest,False,0.0031991004943847656,success
04DA244A9C4C80,3,"['Arena', 'Santa Anastasia']",Casa Giulietta,"['Centro Fotografia', 'Sighseeing', 'Torre Lamberti', 'Museo Conte', 'Museo Radio']",Castelvecchio,strategy_nearest,False,0.0026788711547851562,success
04DA2A3A9C4C80,1,"['Castelvecchio', 'Palazzo della Ragione']",Torre Lamberti,"['Sighseeing', 'Centro Fotografia', 'Museo Conte', 'Casa Giulietta', 'AMO']",Casa Giulietta,strategy_nearest,True,0.0020058155059814453,success
04DA243A9C4C84,1,"['Arena', 'San Fermo', 'Casa Giulietta']",Torre Lamberti,"['Sighseeing', 'Centro Fotografia', 'Museo Conte', 'Palazzo della Ragione', 'AMO']",Palazzo della Ragione,strategy_nearest,True,0.003494739532470703,success
04DA314A9C4C80,1,"['Arena', 'Casa Giulietta', 'Palazzo della Ragione']",Torre Lamberti,"['Sighseeing', 'Centro Fotografia', 'Museo Conte', 'AMO', 'Museo Miniscalchi']",Teatro Romano,strategy_nearest,False,0.002593994140625,success
04DA2CBA7B3F80,1,"['Castelvecchio', 'Arena', 'Torre Lamberti']",Palazzo della Ragione,"['AMO', 'Museo Conte', 'Centro Fotografia', 'Sighseeing', 'Santa Anastasia']",Casa Giulietta,strategy_nearest,False,0.0018661022186279297,success
04DA323A9C4C80,3,"['Arena', 'San Fermo', 'Duomo']",Santa Anastasia,"['AMO', 'Museo Conte', 'Palazzo della Ragione', 'Teatro Romano', 'Centro Fotografia']",Torre Lamberti,strategy_nearest,False,0.0027282238006591797,success
04DA34429C4C80,3,"['Arena', 'Torre Lamberti', 'Casa Giulietta']",Teatro Romano,"['Santa Anastasia', 'Duomo', 'AMO', 'Palazzo della Ragione', 'Museo Conte']",Duomo,strategy_nearest,True,0.003490924835205078,success
04DA3B3A9C4C80,3,"['Arena', 'Casa Giulietta', 'Torre Lamberti', 'Santa Anastasia']",Duomo,"['AMO', 'Museo Miniscalchi', 'Teatro Romano', 'Palazzo della Ragione', 'Museo Conte']",Castelvecchio,strategy_nearest,False,0.002688884735107422,success
04DA40429C4C80,0,['Arena'],Casa Giulietta,"['Centro Fotografia', 'Sighseeing', 'Torre Lamberti', 'Museo Conte', 'Museo Radio']",Torre Lamberti,strategy_nearest,True,0.002502918243408203,success
04DA3F3A9C4C80,1,"['Arena', 'Casa Giulietta']",Torre Lamberti,"['Sighseeing', 'Centro Fotografia', 'Museo Conte', 'Palazzo della Ragione', 'AMO']",Palazzo della Ragione,strategy_nearest,True,0.003328084945678711,success
04DA47429C4C80,3,"['Arena', 'Casa Giulietta']",Teatro Romano,"['Santa Anastasia', 'Duomo', 'AMO', 'Palazzo della Ragione', 'Museo Conte']",Duomo,strategy_nearest,True,0.003286123275756836,success
04DA473A9C4C80,1,"['Arena', 'Torre Lamberti', 'Casa Giulietta', 'Teatro Romano']",Museo Lapidario,"['Verona Tour', 'Castelvecchio', 'Museo Radio', 'San Fermo', 'Tomba Giulietta']",Castelvecchio,strategy_nearest,True,0.0027189254760742188,success
04DA4C3A9C4C80,0,"['Arena', 'Museo Lapidario']",Castelvecchio,"['Verona Tour', 'Museo Radio', 'San Zeno', 'Sighseeing', 'Museo Miniscalchi']",Duomo,strategy_nearest,False,0.003278970718383789,success
04DA52429C4C80,3,"['Arena', 'San Fermo']",Casa Giulietta,"['Centro Fotografia', 'Sighseeing', 'Torre Lamberti', 'Museo Conte', 'Museo Radio']",Torre Lamberti,strategy_nearest,True,0.0031151771545410156,success
04DA61429C4C80,3,['Arena'],Torre Lamberti,"['Sighseeing', 'Centro Fotografia', 'Museo Conte', 'Casa Giulietta', 'Palazzo della Ragione']",Santa Anastasia,strategy_nearest,False,0.0025479793548583984,success
04DA6A429C4C80,0,"['Torre Lamberti', 'Casa Giulietta']",Arena,"['Verona Tour', 'Museo Lapidario', 'Museo Radio', 'San Fermo', 'Sighseeing']",San Zeno,strategy_nearest,False,0.002686023712158203,success
04DA64429C4C80,0,"['Arena', 'Museo Lapidario']",Castelvecchio,"['Verona Tour', 'Museo Radio', 'San Zeno', 'Sighseeing', 'Museo Miniscalchi']",Torre Lamberti,strategy_nearest,False,0.003378152847290039,success
04DA593A9C4C80,2,"['Castelvecchio', 'Torre Lamberti']",Palazzo della Ragione,"['AMO', 'Museo Conte', 'Centro Fotografia', 'Sighseeing', 'Santa Anastasia']",Teatro Romano,strategy_nearest,False,0.0034170150756835938,success
04DA71429C4C80,1,['Arena'],Torre Lamberti,"['Sighseeing', 'Centro Fotografia', 'Museo Conte', 'Casa Giulietta', 'Palazzo della Ragione']",Palazzo della Ragione,strategy_nearest,True,0.0030870437622070312,success
04DA7B3A9C4C80,0,['Arena'],Casa Giulietta,"['Centro Fotografia', 'Sighseeing', 'Torre Lamberti', 'Museo Conte', 'Museo Radio']",Torre Lamberti,strategy_nearest,True,0.002707958221435547,success
04DA78429C4C80,1,"['Arena', 'Casa Giulietta', 'Torre Lamberti']",Palazzo della Ragione,"['AMO', 'Museo Conte', 'Centro Fotografia', 'Sighseeing', 'Santa Anastasia']",Santa Anastasia,strategy_nearest,True,0.002758026123046875,success
04DA7E429C4C80,3,"['San Zeno', 'Castelvecchio', 'Arena', 'Tomba Giulietta']",Casa Giulietta,"['Centro Fotografia', 'Sighseeing', 'Torre Lamberti', 'Museo Conte', 'Museo Radio']",San Fermo,strategy_nearest,False,0.003145933151245117,success
04DA803A9C4C80,3,"['Arena', 'Casa Giulietta']",Torre Lamberti,"['Sighseeing', 'Centro Fotografia', 'Museo Conte', 'Palazzo della Ragione', 'AMO']",Castelvecchio,strategy_nearest,False,0.0031769275665283203,success
04DA874A9C4C80,1,"['Arena', 'Castelvecchio', 'Palazzo della Ragione']",Torre Lamberti,"['Sighseeing', 'Centro Fotografia', 'Museo Conte', 'Casa Giulietta', 'AMO']",Casa Giulietta,strategy_nearest,True,0.002674102783203125,success
04DA884A9C4C80,0,['Arena'],Casa Giulietta,"['Centro Fotografia', 'Sighseeing', 'Torre Lamberti', 'Museo Conte', 'Museo Radio']",Santa Anastasia,strategy_nearest,False,0.003281831741333008,success
04DA894A9C4C80,3,"['Castelvecchio', 'Torre Lamberti', 'Santa Anastasia']",Duomo,"['AMO', 'Museo Miniscalchi', 'Teatro Romano', 'Palazzo della Ragione', 'Museo Conte']",Casa Giulietta,strategy_nearest,False,0.0035011768341064453,success
04DA8C429C4C80,0,"['Arena', 'Torre Lamberti']",Casa Giulietta,"['Centro Fotografia', 'Sighseeing', 'Museo Conte', 'Museo Radio', 'Palazzo della Ragione']",Tomba Giulietta,strategy_nearest,False,0.0026092529296875,success
04DA8D429C4C80,2,['Museo Storia'],San Fermo,"['Museo Radio', 'Casa Giulietta', 'Centro Fotografia', 'Arena', 'Sighseeing']",Santa Anastasia,strategy_nearest,False,0.0025348663330078125,success
04DA92BA7B3F80,2,['Casa Giulietta'],Teatro Romano,"['Santa Anastasia', 'Duomo', 'AMO', 'Palazzo della Ragione', 'Museo Conte']",Giardino Giusti,strategy_nearest,False,0.0032591819763183594,success
04DA9B429C4C80,2,['Teatro Romano'],Duomo,"['AMO', 'Museo Miniscalchi', 'Santa Anastasia', 'Palazzo della Ragione', 'Museo Conte']",Casa Giulietta,strategy_nearest,False,0.0032279491424560547,success
04DA9C4A9C4C80,0,['Arena'],Castelvecchio,"['Museo Lapidario', 'Verona Tour', 'Museo Radio', 'San Zeno', 'Sighseeing']",Casa Giulietta,strategy_nearest,False,0.0027151107788085938,success
04DA9EBA7B3F80,2,['Casa Giulietta'],Teatro Romano,"['Santa Anastasia', 'Duomo', 'AMO', 'Palazzo della Ragione', 'Museo Conte']",Giardino Giusti,strategy_nearest,False,0.003167867660522461,success
04DAA04A9C4C80,3,"['Arena', 'Santa Anastasia']",Torre Lamberti,"['Sighseeing', 'Centro Fotografia', 'Museo Conte', 'Casa Giulietta', 'Palazzo della Ragione']",San Zeno,strategy_nearest,False,0.004266023635864258,success
04DAA54A9C4C80,3,"['Castelvecchio', 'Arena', 'Torre Lamberti']",Casa Giulietta,"['Centro Fotografia', 'Sighseeing', 'Museo Conte', 'Museo Radio', 'Palazzo della Ragione']",Tomba Giulietta,strategy_nearest,False,0.002615213394165039,success
04DAB1429C4C80,0,['Castelvecchio'],Arena,"['Verona Tour', 'Museo Lapidario', 'Museo Radio', 'San Fermo', 'Casa Giulietta']",Teatro Romano,strategy_nearest,False,0.0038499832153320312,success
04DAB2429C4C80,2,['Casa Giulietta'],Torre Lamberti,"['Sighseeing', 'Centro Fotografia', 'Museo Conte', 'Palazzo della Ragione', 'AMO']",Palazzo della Ragione,strategy_nearest,True,0.0025076866149902344,success
04DABD429C4C80,0,['Castelvecchio'],Arena,"['Verona Tour', 'Museo Lapidario', 'Museo Radio', 'San Fermo', 'Casa Giulietta']",Casa Giulietta,strategy_nearest,True,0.002595186233520508,success
04DAC1429C4C80,3,"['San Fermo', 'Casa Giulietta']",Torre Lamberti,"['Sighseeing', 'Centro Fotografia', 'Museo Conte', 'Palazzo della Ragione', 'AMO']",Santa Anastasia,strategy_nearest,False,0.0025911331176757812,success
04DABE429C4C80,3,"['Arena', 'Torre Lamberti']",Casa Giulietta,"['Centro Fotografia', 'Sighseeing', 'Museo Conte', 'Museo Radio', 'Palazzo della Ragione']",Santa Anastasia,strategy_nearest,False,0.0027379989624023438,success
04DAC6429C4C80,0,['Arena'],Casa Giulietta,"['Centro Fotografia', 'Sighseeing', 'Torre Lamberti', 'Museo Conte', 'Museo Radio']",Duomo,strategy_nearest,False,0.003676891326904297,success
04DACE3A9C4C80,1,"['Torre Lamberti', 'Casa Giulietta', 'Arena']",Museo Lapidario,"['Verona Tour', 'Castelvecchio', 'Museo Radio', 'San Fermo', 'Tomba Giulietta']",Tomba Giulietta,strategy_nearest,True,0.0024497509002685547,success
04DAC93A9C4C80,3,"['Santa Anastasia', 'Casa Giulietta']",Torre Lamberti,"['Sighseeing', 'Centro Fotografia', 'Museo Conte', 'Palazzo della Ragione', 'AMO']",Arena,strategy_nearest,False,0.0017919540405273438,success
04DAD6429C4C80,0,"['Castelvecchio', 'Arena', 'Tomba Giulietta']",Casa Giulietta,"['Centro Fotografia', 'Sighseeing', 'Torre Lamberti', 'Museo Conte', 'Museo Radio']",Duomo,strategy_nearest,False,0.0031731128692626953,success
04DAD53A9C4C80,1,"['Arena', 'Casa Giulietta', 'Palazzo della Ragione']",Torre Lamberti,"['Sighseeing', 'Centro Fotografia', 'Museo Conte', 'AMO', 'Museo Miniscalchi']",Santa Anastasia,strategy_nearest,False,0.0024728775024414062,success
04DAE53A9C4C80,1,"['Arena', 'Casa Giulietta']",Palazzo della Ragione,"['AMO', 'Museo Conte', 'Torre Lamberti', 'Centro Fotografia', 'Sighseeing']",Torre Lamberti,strategy_nearest,True,0.0033838748931884766,success
04DAEB429C4C80,3,"['Arena', 'Castelvecchio', 'Santa Anastasia']",Duomo,"['AMO', 'Museo Miniscalchi', 'Teatro Romano', 'Palazzo della Ragione', 'Museo Conte']",Teatro Romano,strategy_nearest,True,0.0025861263275146484,success
04DAEF429C4C80,1,"['Arena', 'Torre Lamberti', 'Palazzo della Ragione']",Santa Anastasia,"['AMO', 'Museo Conte', 'Teatro Romano', 'Centro Fotografia', 'Duomo']",San Zeno,strategy_nearest,False,0.0027031898498535156,success
04DB093A9C4C84,3,"['Torre Lamberti', 'Casa Giulietta', 'Duomo', 'Teatro Romano']",Giardino Giusti,"['Santa Anastasia', 'Museo Conte', 'Centro Fotografia', 'Museo Storia', 'AMO']",Tomba Giulietta,strategy_nearest,False,0.0033452510833740234,success
04DB0D429C4C84,3,"['Teatro Romano', 'Santa Anastasia', 'Casa Giulietta']",San Fermo,"['Museo Storia', 'Museo Radio', 'Centro Fotografia', 'Arena', 'Sighseeing']",Arena,strategy_nearest,True,0.0034399032592773438,success
04DB11429C4C80,3,"['Arena', 'Museo Lapidario', 'San Zeno']",Castelvecchio,"['Verona Tour', 'Museo Radio', 'Sighseeing', 'Museo Miniscalchi', 'Torre Lamberti']",San Fermo,strategy_nearest,False,0.00238800048828125,success
04DB183A9C4C84,2,"['San Zeno', 'Castelvecchio']",Torre Lamberti,"['Sighseeing', 'Centro Fotografia', 'Museo Conte', 'Casa Giulietta', 'Palazzo della Ragione']",Casa Giulietta,strategy_nearest,True,0.002336263656616211,success
04DB18429C4C80,0,['Arena'],Museo Lapidario,"['Verona Tour', 'Castelvecchio', 'Museo Radio', 'San Fermo', 'Casa Giulietta']",Castelvecchio,strategy_nearest,True,0.002986907958984375,success
04DB19429C4C80,0,['Arena'],Casa Giulietta,"['Centro Fotografia', 'Sighseeing', 'Torre Lamberti', 'Museo Conte', 'Museo Radio']",Castelvecchio,strategy_nearest,False,0.0025262832641601562,success
04DB1E3A9C4C80,0,['Arena'],Castelvecchio,"['Museo Lapidario', 'Verona Tour', 'Museo Radio', 'San Zeno', 'Sighseeing']",San Zeno,strategy_nearest,True,0.002532958984375,success
04DB1A429C4C80,2,"['Museo Lapidario', 'Castelvecchio', 'Torre Lamberti']",Casa Giulietta,"['Centro Fotografia', 'Sighseeing', 'Museo Conte', 'Museo Radio', 'Palazzo della Ragione']",Museo Storia,strategy_nearest,False,0.0032308101654052734,success
04DB2F3A9C4C80,1,"['Teatro Romano', 'Santa Anastasia', 'Arena']",Castelvecchio,"['Museo Lapidario', 'Verona Tour', 'Museo Radio', 'San Zeno', 'Sighseeing']",Palazzo della Ragione,strategy_nearest,False,0.0032241344451904297,success
04DB323A9C4C80,3,"['Arena', 'Casa Giulietta', 'Duomo']",Teatro Romano,"['Santa Anastasia', 'AMO', 'Palazzo della Ragione', 'Museo Conte', 'Centro Fotografia']",Giardino Giusti,strategy_nearest,False,0.0026509761810302734,success
04DB22429C4C80,0,['Arena'],Torre Lamberti,"['Sighseeing', 'Centro Fotografia', 'Museo Conte', 'Casa Giulietta', 'Palazzo della Ragione']",Casa Giulietta,strategy_nearest,True,0.003554105758666992,success
04DB353A9C4C80,4,"['Casa Giulietta', 'Santa Anastasia', 'Duomo', 'Arena']",Museo Lapidario,"['Verona Tour', 'Castelvecchio', 'Museo Radio', 'San Fermo', 'Tomba Giulietta']",Tomba Giulietta,strategy_nearest,True,0.0032949447631835938,success
04DB363A9C4C80,3,"['Casa Giulietta', 'Santa Anastasia']",Teatro Romano,"['Duomo', 'AMO', 'Palazzo della Ragione', 'Museo Conte', 'Centro Fotografia']",Duomo,strategy_nearest,True,0.0021419525146484375,success
04DB36429C4C80,0,['Arena'],Casa Giulietta,"['Centro Fotografia', 'Sighseeing', 'Torre Lamberti', 'Museo Conte', 'Museo Radio']",Castelvecchio,strategy_nearest,False,0.002727031707763672,success
04DB3F3A9C4C80,1,"['Arena', 'Casa Giulietta']",Torre Lamberti,"['Sighseeing', 'Centro Fotografia', 'Museo Conte', 'Palazzo della Ragione', 'AMO']",Palazzo della Ragione,strategy_nearest,True,0.002019166946411133,success
04DB3D3A9C4C80,1,"['Teatro Romano', 'Casa Giulietta']",Arena,"['Verona Tour', 'Museo Lapidario', 'Museo Radio', 'San Fermo', 'Sighseeing']",Torre Lamberti,strategy_nearest,False,0.0032808780670166016,success
04DB463A9C4C80,2,"['Torre Lamberti', 'Santa Anastasia']",Duomo,"['AMO', 'Museo Miniscalchi', 'Teatro Romano', 'Palazzo della Ragione', 'Museo Conte']",Castelvecchio,strategy_nearest,False,0.003178119659423828,success
04DB46429C4C80,3,"['Arena', 'Teatro Romano']",Duomo,"['AMO', 'Museo Miniscalchi', 'Santa Anastasia', 'Palazzo della Ragione', 'Museo Conte']",Casa Giulietta,strategy_nearest,False,0.0026159286499023438,success
04DB61429C4C80,3,"['Arena', 'Casa Giulietta']",Torre Lamberti,"['Sighseeing', 'Centro Fotografia', 'Museo Conte', 'Palazzo della Ragione', 'AMO']",Santa Anastasia,strategy_nearest,False,0.003267049789428711,success
04DB47429C4C80,1,"['Arena', 'Casa Giulietta', 'Torre Lamberti']",Palazzo della Ragione,"['AMO', 'Museo Conte', 'Centro Fotografia', 'Sighseeing', 'Santa Anastasia']",Santa Anastasia,strategy_nearest,True,0.0027451515197753906,success
04DB783A9C4C80,2,['Casa Giulietta'],Santa Anastasia,"['AMO', 'Museo Conte', 'Palazzo della Ragione', 'Teatro Romano', 'Centro Fotografia']",Duomo,strategy_nearest,False,0.0022759437561035156,success
04DB723A9C4C80,3,['Arena'],Casa Giulietta,"['Centro Fotografia', 'Sighseeing', 'Torre Lamberti', 'Museo Conte', 'Museo Radio']",Santa Anastasia,strategy_nearest,False,0.004101991653442383,success
04DB7B429C4C80,2,"['Castelvecchio', 'Santa Anastasia']",Palazzo della Ragione,"['AMO', 'Museo Conte', 'Torre Lamberti', 'Centro Fotografia', 'Sighseeing']",Torre Lamberti,strategy_nearest,True,0.0032739639282226562,success
04DB79429C4C80,1,['Arena'],Palazzo della Ragione,"['AMO', 'Museo Conte', 'Torre Lamberti', 'Centro Fotografia', 'Sighseeing']",Torre Lamberti,strategy_nearest,True,0.0027840137481689453,success
04DB8E429C4C80,4,"['Arena', 'Torre Lamberti']",Santa Anastasia,"['AMO', 'Museo Conte', 'Palazzo della Ragione', 'Teatro Romano', 'Centro Fotografia']",Duomo,strategy_nearest,False,0.002763986587524414,success
04DB8F429C4C80,1,"['Arena', 'Casa Giulietta']",Santa Anastasia,"['AMO', 'Museo Conte', 'Palazzo della Ragione', 'Teatro Romano', 'Centro Fotografia']",Duomo,strategy_nearest,False,0.003568887710571289,success
04DB92429C4C80,2,['Casa Giulietta'],Museo Lapidario,"['Verona Tour', 'Arena', 'Castelvecchio', 'Museo Radio', 'San Fermo']",Castelvecchio,strategy_nearest,True,0.0025320053100585938,success
04DBA4BA7B3F80,3,"['Arena', 'Casa Giulietta']",Santa Anastasia,"['AMO', 'Museo Conte', 'Palazzo della Ragione', 'Teatro Romano', 'Centro Fotografia']",San Zeno,strategy_nearest,False,0.0031669139862060547,success
04DBB3429C4C80,0,['Arena'],Casa Giulietta,"['Centro Fotografia', 'Sighseeing', 'Torre Lamberti', 'Museo Conte', 'Museo Radio']",Torre Lamberti,strategy_nearest,True,0.0033228397369384766,success
04DBB73A9C4C80,3,"['Arena', 'Torre Lamberti', 'Santa Anastasia']",Teatro Romano,"['Duomo', 'AMO', 'Palazzo della Ragione', 'Museo Conte', 'Centro Fotografia']",Duomo,strategy_nearest,True,0.0024569034576416016,success
04DBC03A9C4C80,2,['Casa Giulietta'],Palazzo della Ragione,"['AMO', 'Museo Conte', 'Torre Lamberti', 'Centro Fotografia', 'Sighseeing']",Torre Lamberti,strategy_nearest,True,0.002530813217163086,success
04DBC1429C4C80,1,"['Arena', 'Casa Giulietta', 'Palazzo della Ragione']",Torre Lamberti,"['Sighseeing', 'Centro Fotografia', 'Museo Conte', 'AMO', 'Museo Miniscalchi']",Santa Anastasia,strategy_nearest,False,0.003278017044067383,success
04DBC2429C4C80,1,['Palazzo della Ragione'],Arena,"['Verona Tour', 'Museo Lapidario', 'Museo Radio', 'San Fermo', 'Casa Giulietta']",Castelvecchio,strategy_nearest,False,0.003493785858154297,success
04DBC33A9C4C80,0,['Castelvecchio'],Arena,"['Verona Tour', 'Museo Lapidario', 'Museo Radio', 'San Fermo', 'Casa Giulietta']",Casa Giulietta,strategy_nearest,True,0.002778768539428711,success
04DBDA3A9C4C80,3,"['Arena', 'San Fermo']",Santa Anastasia,"['AMO', 'Museo Conte', 'Palazzo della Ragione', 'Teatro Romano', 'Centro Fotografia']",Teatro Romano,strategy_nearest,True,0.0025861263275146484,success
04DBDB3A9C4C80,3,"['Arena', 'Casa Giulietta']",Santa Anastasia,"['AMO', 'Museo Conte', 'Palazzo della Ragione', 'Teatro Romano', 'Centro Fotografia']",Torre Lamberti,strategy_nearest,False,0.003421783447265625,success
04DBDE3A9C4C80,3,"['Museo Lapidario', 'San Fermo', 'Tomba Giulietta', 'Arena']",Casa Giulietta,"['Centro Fotografia', 'Sighseeing', 'Torre Lamberti', 'Museo Conte', 'Museo Radio']",San Zeno,strategy_nearest,False,0.0026807785034179688,success
04DBE9429C4C80,1,"['Duomo', 'Arena']",Torre Lamberti,"['Sighseeing', 'Centro Fotografia', 'Museo Conte', 'Casa Giulietta', 'Palazzo della Ragione']",Palazzo della Ragione,strategy_nearest,True,0.00394892692565918,success
04DBF73A9C4C80,2,"['Torre Lamberti', 'Palazzo della Ragione']",Casa Giulietta,"['Centro Fotografia', 'Sighseeing', 'Museo Conte', 'Museo Radio', 'San Fermo']",Santa Anastasia,strategy_nearest,False,0.002103090286254883,success
04DBFE3A9C4C80,3,"['Arena', 'Casa Giulietta']",Torre Lamberti,"['Sighseeing', 'Centro Fotografia', 'Museo Conte', 'Palazzo della Ragione', 'AMO']",Santa Anastasia,strategy_nearest,False,0.0014500617980957031,success
04DC0B429C4C84,3,"['Santa Anastasia', 'Torre Lamberti']",Duomo,"['AMO', 'Museo Miniscalchi', 'Teatro Romano', 'Palazzo della Ragione', 'Museo Conte']",Arena,strategy_nearest,False,0.0032558441162109375,success
04DC0F3A9C4C84,3,"['Arena', 'San Fermo', 'Casa Giulietta']",Castelvecchio,"['Museo Lapidario', 'Verona Tour', 'Museo Radio', 'San Zeno', 'Sighseeing']",San Zeno,strategy_nearest,True,0.0032918453216552734,success
04DC0E429C4C84,0,"['Teatro Romano', 'Casa Giulietta']",San Fermo,"['Museo Storia', 'Museo Radio', 'Centro Fotografia', 'Arena', 'Sighseeing']",Arena,strategy_nearest,True,0.002732992172241211,success
04DC153A9C4C84,3,"['Museo Lapidario', 'Castelvecchio', 'Duomo']",Santa Anastasia,"['AMO', 'Museo Conte', 'Palazzo della Ragione', 'Teatro Romano', 'Centro Fotografia']",Casa Giulietta,strategy_nearest,False,0.003229379653930664,success
04DC13429C4C80,1,"['Arena', 'Museo Lapidario', 'Castelvecchio']",Casa Giulietta,"['Centro Fotografia', 'Sighseeing', 'Torre Lamberti', 'Museo Conte', 'Museo Radio']",Torre Lamberti,strategy_nearest,True,0.0015017986297607422,success
04DC193A9C4C80,0,['Arena'],Casa Giulietta,"['Centro Fotografia', 'Sighseeing', 'Torre Lamberti', 'Museo Conte', 'Museo Radio']",Duomo,strategy_nearest,False,0.003340005874633789,success
04DC17429C4C80,0,"['Torre Lamberti', 'Casa Giulietta']",Arena,"['Verona Tour', 'Museo Lapidario', 'Museo Radio', 'San Fermo', 'Sighseeing']",Castelvecchio,strategy_nearest,False,0.0021529197692871094,success
04DC1C429C4C80,0,['Arena'],Castelvecchio,"['Museo Lapidario', 'Verona Tour', 'Museo Radio', 'San Zeno', 'Sighseeing']",Casa Giulietta,strategy_nearest,False,0.0026607513427734375,success
04DC16429C4C80,0,['Arena'],Casa Giulietta,"['Centro Fotografia', 'Sighseeing', 'Torre Lamberti', 'Museo Conte', 'Museo Radio']",Castelvecchio,strategy_nearest,False,0.002189159393310547,success
04DC1E3A9C4C84,3,"['Arena', 'Casa Giulietta']",Torre Lamberti,"['Sighseeing', 'Centro Fotografia', 'Museo Conte', 'Palazzo della Ragione', 'AMO']",Duomo,strategy_nearest,False,0.0024819374084472656,success
04DC1CBA7B3F84,1,"['Arena', 'Casa Giulietta', 'Giardino Giusti']",Duomo,"['AMO', 'Museo Miniscalchi', 'Santa Anastasia', 'Teatro Romano', 'Palazzo della Ragione']",Santa Anastasia,strategy_nearest,True,0.00145721435546875,success
04DC1D3A9C4C80,1,['Tomba Giulietta'],Arena,"['Verona Tour', 'Museo Lapidario', 'Museo Radio', 'San Fermo', 'Casa Giulietta']",Torre Lamberti,strategy_nearest,False,0.0021207332611083984,success
04DC203A9C4C80,0,"['Casa Giulietta', 'Torre Lamberti']",Castelvecchio,"['Museo Lapidario', 'Verona Tour', 'Arena', 'Museo Radio', 'San Zeno']",Tomba Giulietta,strategy_nearest,False,0.0032968521118164062,success
04DC223A9C4C84,3,"['Arena', 'Teatro Romano']",Santa Anastasia,"['AMO', 'Museo Conte', 'Palazzo della Ragione', 'Centro Fotografia', 'Duomo']",Castelvecchio,strategy_nearest,False,0.0021262168884277344,success
04DC224A9C4C80,2,"['Tomba Giulietta', 'Santa Anastasia']",Torre Lamberti,"['Sighseeing', 'Centro Fotografia', 'Museo Conte', 'Casa Giulietta', 'Palazzo della Ragione']",Casa Giulietta,strategy_nearest,True,0.003345012664794922,success
04DC233A9C4C80,3,"['Arena', 'Casa Giulietta', 'Torre Lamberti']",Duomo,"['AMO', 'Museo Miniscalchi', 'Santa Anastasia', 'Teatro Romano', 'Palazzo della Ragione']",Tomba Giulietta,strategy_nearest,False,0.002590179443359375,success
04DC253A9C4C84,0,['Arena'],Casa Giulietta,"['Centro Fotografia', 'Sighseeing', 'Torre Lamberti', 'Museo Conte', 'Museo Radio']",Torre Lamberti,strategy_nearest,True,0.003097057342529297,success
04DC32BA7B3F80,3,"['Casa Giulietta', 'Arena', 'Castelvecchio']",Museo Lapidario,"['Verona Tour', 'Museo Radio', 'San Fermo', 'Tomba Giulietta', 'Sighseeing']",Torre Lamberti,strategy_nearest,False,0.0032019615173339844,success
04DC293A9C4C80,0,['Teatro Romano'],Tomba Giulietta,"['San Fermo', 'Museo Storia', 'Arena', 'Museo Lapidario', 'Museo Radio']",Arena,strategy_nearest,True,0.002440214157104492,success
04DC38429C4C80,1,"['Arena', 'Casa Giulietta', 'Santa Anastasia']",Duomo,"['AMO', 'Museo Miniscalchi', 'Teatro Romano', 'Palazzo della Ragione', 'Museo Conte']",Palazzo della Ragione,strategy_nearest,True,0.0034313201904296875,success
04DC2A3A9C4C80,0,['Arena'],Casa Giulietta,"['Centro Fotografia', 'Sighseeing', 'Torre Lamberti', 'Museo Conte', 'Museo Radio']",Torre Lamberti,strategy_nearest,True,0.0039958953857421875,success
04DC39BA7B3F80,3,"['Casa Giulietta', 'Arena', 'Castelvecchio']",Museo Lapidario,"['Verona Tour', 'Museo Radio', 'San Fermo', 'Tomba Giulietta', 'Sighseeing']",Torre Lamberti,strategy_nearest,False,0.002640247344970703,success
04DC3A3A9C4C80,3,"['Arena', 'Castelvecchio']",San Zeno,"['Verona Tour', 'Museo Lapidario', 'Museo Miniscalchi', 'Sighseeing', 'Museo Radio']",Duomo,strategy_nearest,False,0.002668142318725586,success
04DC3EBA7B3F80,0,['Arena'],Casa Giulietta,"['Centro Fotografia', 'Sighseeing', 'Torre Lamberti', 'Museo Conte', 'Museo Radio']",Castelvecchio,strategy_nearest,False,0.0025947093963623047,success
04DC4ABA7B3F80,3,"['Casa Giulietta', 'Arena', 'Castelvecchio']",Museo Lapidario,"['Verona Tour', 'Museo Radio', 'San Fermo', 'Tomba Giulietta', 'Sighseeing']",Torre Lamberti,strategy_nearest,False,0.0026369094848632812,success
04DC463A9C4C80,3,"['Santa Anastasia', 'Duomo', 'Giardino Giusti']",Teatro Romano,"['AMO', 'Palazzo della Ragione', 'Museo Conte', 'Centro Fotografia', 'Museo Miniscalchi']",San Zeno,strategy_nearest,False,0.0027480125427246094,success
04DC43429C4C80,0,['Arena'],Castelvecchio,"['Museo Lapidario', 'Verona Tour', 'Museo Radio', 'San Zeno', 'Sighseeing']",Casa Giulietta,strategy_nearest,False,0.0038118362426757812,success
04DC56429C4C80,3,"['Arena', 'Castelvecchio', 'Casa Giulietta']",Santa Anastasia,"['AMO', 'Museo Conte', 'Palazzo della Ragione', 'Teatro Romano', 'Centro Fotografia']",Teatro Romano,strategy_nearest,True,0.003323793411254883,success
04DC5B3A9C4C80,3,"['Arena', 'Torre Lamberti', 'San Zeno']",Teatro Romano,"['Santa Anastasia', 'Duomo', 'AMO', 'Palazzo della Ragione', 'Museo Conte']",Duomo,strategy_nearest,True,0.003042936325073242,success
04DC60429C4C80,2,"['Casa Giulietta', 'Santa Anastasia']",Duomo,"['AMO', 'Museo Miniscalchi', 'Teatro Romano', 'Palazzo della Ragione', 'Museo Conte']",San Zeno,strategy_nearest,False,0.0016560554504394531,success
04DC5F429C4C80,3,"['Arena', 'Torre Lamberti']",Santa Anastasia,"['AMO', 'Museo Conte', 'Palazzo della Ragione', 'Teatro Romano', 'Centro Fotografia']",Duomo,strategy_nearest,False,0.0043430328369140625,success
04DC66BA7B3F80,1,"['Castelvecchio', 'Arena', 'Casa Giulietta']",Torre Lamberti,"['Sighseeing', 'Centro Fotografia', 'Museo Conte', 'Palazzo della Ragione', 'AMO']",Palazzo della Ragione,strategy_nearest,True,0.002891063690185547,success
04DC69429C4C80,1,"['Arena', 'Casa Giulietta', 'Torre Lamberti']",Palazzo della Ragione,"['AMO', 'Museo Conte', 'Centro Fotografia', 'Sighseeing', 'Santa Anastasia']",Teatro Romano,strategy_nearest,False,0.002807140350341797,success
04DC723A9C4C80,0,['Teatro Romano'],Castelvecchio,"['Museo Lapidario', 'Verona Tour', 'Arena', 'Museo Radio', 'San Zeno']",Arena,strategy_nearest,True,0.002071857452392578,success
04DC813A9C4C80,0,['Arena'],Casa Giulietta,"['Centro Fotografia', 'Sighseeing', 'Torre Lamberti', 'Museo Conte', 'Museo Radio']",Tomba Giulietta,strategy_nearest,False,0.002496957778930664,success
04DC70BA7B3F80,1,"['Arena', 'Casa Giulietta']",Palazzo della Ragione,"['AMO', 'Museo Conte', 'Torre Lamberti', 'Centro Fotografia', 'Sighseeing']",Duomo,strategy_nearest,False,0.004082918167114258,success
04DC843A9C4C80,0,['Arena'],Casa Giulietta,"['Centro Fotografia', 'Sighseeing', 'Torre Lamberti', 'Museo Conte', 'Museo Radio']",Teatro Romano,strategy_nearest,False,0.0019898414611816406,success
04DC823A9C4C80,3,"['Arena', 'Torre Lamberti', 'Santa Anastasia']",Teatro Romano,"['Duomo', 'AMO', 'Palazzo della Ragione', 'Museo Conte', 'Centro Fotografia']",Duomo,strategy_nearest,True,0.003384113311767578,success
04DC88BA7B3F80,1,"['Arena', 'Casa Giulietta', 'Palazzo della Ragione']",Torre Lamberti,"['Sighseeing', 'Centro Fotografia', 'Museo Conte', 'AMO', 'Museo Miniscalchi']",Giardino Giusti,strategy_nearest,False,0.0026137828826904297,success
04DC8C429C4C80,1,"['Arena', 'Castelvecchio']",Torre Lamberti,"['Sighseeing', 'Centro Fotografia', 'Museo Conte', 'Casa Giulietta', 'Palazzo della Ragione']",Palazzo della Ragione,strategy_nearest,True,0.002960681915283203,success
04DC8F4A9C4C80,3,"['Arena', 'Casa Giulietta', 'Torre Lamberti']",Duomo,"['AMO', 'Museo Miniscalchi', 'Santa Anastasia', 'Teatro Romano', 'Palazzo della Ragione']",San Fermo,strategy_nearest,False,0.0032379627227783203,success
04DC90429C4C80,1,"['Teatro Romano', 'Santa Anastasia', 'Palazzo della Ragione']",Torre Lamberti,"['Sighseeing', 'Centro Fotografia', 'Museo Conte', 'Casa Giulietta', 'AMO']",Casa Giulietta,strategy_nearest,True,0.00251007080078125,success
04DC9EBA7B3F80,3,"['Castelvecchio', 'Santa Anastasia']",Casa Giulietta,"['Centro Fotografia', 'Sighseeing', 'Torre Lamberti', 'Museo Conte', 'Museo Radio']",Arena,strategy_nearest,False,0.002560138702392578,success
04DCB1429C4C80,0,['Arena'],Tomba Giulietta,"['San Fermo', 'Museo Storia', 'Museo Lapidario', 'Museo Radio', 'Verona Tour']",Torre Lamberti,strategy_nearest,False,0.0030448436737060547,success
04DCB43A9C4C80,0,['Arena'],Casa Giulietta,"['Centro Fotografia', 'Sighseeing', 'Torre Lamberti', 'Museo Conte', 'Museo Radio']",Teatro Romano,strategy_nearest,False,0.0018131732940673828,success
04DCB53A9C4C80,3,['Arena'],Torre Lamberti,"['Sighseeing', 'Centro Fotografia', 'Museo Conte', 'Casa Giulietta', 'Palazzo della Ragione']",San Fermo,strategy_nearest,False,0.0027370452880859375,success
04DCB7429C4C80,0,"['Arena', 'Casa Giulietta']",Museo Lapidario,"['Verona Tour', 'Castelvecchio', 'Museo Radio', 'San Fermo', 'Tomba Giulietta']",Castelvecchio,strategy_nearest,True,0.0041959285736083984,success
04DCC73A9C4C80,0,['Torre Lamberti'],Casa Giulietta,"['Centro Fotografia', 'Sighseeing', 'Museo Conte', 'Museo Radio', 'Palazzo della Ragione']",Arena,strategy_nearest,False,0.002707958221435547,success
04DCC23A9C4C80,0,['Arena'],Casa Giulietta,"['Centro Fotografia', 'Sighseeing', 'Torre Lamberti', 'Museo Conte', 'Museo Radio']",Torre Lamberti,strategy_nearest,True,0.001573801040649414,success
04DCC9BA7B3F80,3,"['Casa Giulietta', 'Torre Lamberti', 'Santa Anastasia', 'Duomo']",Arena,"['Verona Tour', 'Museo Lapidario', 'Museo Radio', 'San Fermo', 'Sighseeing']",Castelvecchio,strategy_nearest,False,0.0019109249114990234,success
04DCCA3A9C4C80,3,"['Arena', 'Castelvecchio']",Santa Anastasia,"['AMO', 'Museo Conte', 'Palazzo della Ragione', 'Teatro Romano', 'Centro Fotografia']",Duomo,strategy_nearest,False,0.002593994140625,success
04DCD1429C4C80,1,"['Torre Lamberti', 'Palazzo della Ragione']",Arena,"['Verona Tour', 'Museo Lapidario', 'Museo Radio', 'San Fermo', 'Casa Giulietta']",Castelvecchio,strategy_nearest,False,0.002624988555908203,success
04DCD2429C4C80,1,"['Arena', 'Casa Giulietta']",Palazzo della Ragione,"['AMO', 'Museo Conte', 'Torre Lamberti', 'Centro Fotografia', 'Sighseeing']",San Fermo,strategy_nearest,False,0.0032727718353271484,success
04DCE7429C4C80,1,"['Torre Lamberti', 'Palazzo della Ragione']",Duomo,"['AMO', 'Museo Miniscalchi', 'Santa Anastasia', 'Teatro Romano', 'Museo Conte']",Arena,strategy_nearest,False,0.002446889877319336,success
04DCD6BA7B3F80,1,"['Arena', 'Casa Giulietta', 'Giardino Giusti']",Duomo,"['AMO', 'Museo Miniscalchi', 'Santa Anastasia', 'Teatro Romano', 'Palazzo della Ragione']",Santa Anastasia,strategy_nearest,True,0.0033931732177734375,success
04DCF03A9C4C80,3,"['Duomo', 'Santa Anastasia']",Arena,"['Verona Tour', 'Museo Lapidario', 'Museo Radio', 'San Fermo', 'Casa Giulietta']",Casa Giulietta,strategy_nearest,True,0.0025658607482910156,success
04DCF5429C4C80,3,"['Casa Giulietta', 'Torre Lamberti']",San Fermo,"['Museo Storia', 'Museo Radio', 'Centro Fotografia', 'Arena', 'Sighseeing']",Arena,strategy_nearest,True,0.0033288002014160156,success
04DD00429C4C84,1,['Teatro Romano'],Palazzo della Ragione,"['AMO', 'Museo Conte', 'Torre Lamberti', 'Centro Fotografia', 'Sighseeing']",Arena,strategy_nearest,False,0.002694845199584961,success
04DD033A9C4C84,1,"['Casa Giulietta', 'Torre Lamberti']",Palazzo della Ragione,"['AMO', 'Museo Conte', 'Centro Fotografia', 'Sighseeing', 'Santa Anastasia']",Arena,strategy_nearest,False,0.003355264663696289,success
04DD12429C4C84,0,"['Arena', 'Casa Giulietta']",Teatro Romano,"['Santa Anastasia', 'Duomo', 'AMO', 'Palazzo della Ragione', 'Museo Conte']",Castelvecchio,strategy_nearest,False,0.0019648075103759766,success
04DD13429C4C84,1,"['Arena', 'Castelvecchio', 'Palazzo della Ragione']",Torre Lamberti,"['Sighseeing', 'Centro Fotografia', 'Museo Conte', 'Casa Giulietta', 'AMO']",Casa Giulietta,strategy_nearest,True,0.0026962757110595703,success
04DD03BA7B3F84,0,['Arena'],Casa Giulietta,"['Centro Fotografia', 'Sighseeing', 'Torre Lamberti', 'Museo Conte', 'Museo Radio']",Castelvecchio,strategy_nearest,False,0.004807949066162109,success
04DD14429C4C84,0,['Arena'],Casa Giulietta,"['Centro Fotografia', 'Sighseeing', 'Torre Lamberti', 'Museo Conte', 'Museo Radio']",Castelvecchio,strategy_nearest,False,0.003451108932495117,success
04DD173A9C4C84,0,"['Castelvecchio', 'Arena']",Casa Giulietta,"['Centro Fotografia', 'Sighseeing', 'Torre Lamberti', 'Museo Conte', 'Museo Radio']",Torre Lamberti,strategy_nearest,True,0.0023729801177978516,success
04DD1A3A9C4C84,3,['Santa Anastasia'],Casa Giulietta,"['Centro Fotografia', 'Sighseeing', 'Torre Lamberti', 'Museo Conte', 'Museo Radio']",Arena,strategy_nearest,False,0.002518177032470703,success
04DD19429C4C80,3,"['Arena', 'Tomba Giulietta', 'San Fermo']",Casa Giulietta,"['Centro Fotografia', 'Sighseeing', 'Torre Lamberti', 'Museo Conte', 'Museo Radio']",Santa Anastasia,strategy_nearest,False,0.003196239471435547,success
04DD1A429C4C80,1,"['Torre Lamberti', 'Palazzo della Ragione']",Casa Giulietta,"['Centro Fotografia', 'Sighseeing', 'Museo Conte', 'Museo Radio', 'San Fermo']",Arena,strategy_nearest,False,0.0031669139862060547,success
04DD1E429C4C80,1,"['Casa Giulietta', 'Torre Lamberti']",Palazzo della Ragione,"['AMO', 'Museo Conte', 'Centro Fotografia', 'Sighseeing', 'Santa Anastasia']",Santa Anastasia,strategy_nearest,True,0.0026030540466308594,success
04DD1A429C4C84,3,"['Arena', 'Torre Lamberti']",Casa Giulietta,"['Centro Fotografia', 'Sighseeing', 'Museo Conte', 'Museo Radio', 'Palazzo della Ragione']",San Fermo,strategy_nearest,False,0.002933025360107422,success
04DD1C3A9C4C80,0,['Casa Giulietta'],Torre Lamberti,"['Sighseeing', 'Centro Fotografia', 'Museo Conte', 'Palazzo della Ragione', 'AMO']",Duomo,strategy_nearest,False,0.0033349990844726562,success
04DD20BA7B3F84,0,"['Duomo', 'Torre Lamberti']",Casa Giulietta,"['Centro Fotografia', 'Sighseeing', 'Museo Conte', 'Museo Radio', 'Palazzo della Ragione']",Arena,strategy_nearest,False,0.0030260086059570312,success
04DD233A9C4C80,0,['Teatro Romano'],Tomba Giulietta,"['San Fermo', 'Museo Storia', 'Arena', 'Museo Lapidario', 'Museo Radio']",Arena,strategy_nearest,True,0.002026081085205078,success
04DD274A9C4C80,3,"['Arena', 'San Fermo', 'Casa Giulietta']",Santa Anastasia,"['AMO', 'Museo Conte', 'Palazzo della Ragione', 'Teatro Romano', 'Centro Fotografia']",Duomo,strategy_nearest,False,0.002410888671875,success
04DD293A9C4C80,3,"['Arena', 'San Fermo']",Santa Anastasia,"['AMO', 'Museo Conte', 'Palazzo della Ragione', 'Teatro Romano', 'Centro Fotografia']",Duomo,strategy_nearest,False,0.0032999515533447266,success
04DD2FBA7B3F80,3,"['Arena', 'Casa Giulietta']",Santa Anastasia,"['AMO', 'Museo Conte', 'Palazzo della Ragione', 'Teatro Romano', 'Centro Fotografia']",San Zeno,strategy_nearest,False,0.003264188766479492,success
04DD3CC27B3F80,3,"['Arena', 'Torre Lamberti']",Casa Giulietta,"['Centro Fotografia', 'Sighseeing', 'Museo Conte', 'Museo Radio', 'Palazzo della Ragione']",Duomo,strategy_nearest,False,0.0026199817657470703,success
04DD59429C4C80,0,['Arena'],Castelvecchio,"['Museo Lapidario', 'Verona Tour', 'Museo Radio', 'San Zeno', 'Sighseeing']",Casa Giulietta,strategy_nearest,False,0.00261688232421875,success
04DD523A9C4C80,0,['Arena'],Torre Lamberti,"['Sighseeing', 'Centro Fotografia', 'Museo Conte', 'Casa Giulietta', 'Palazzo della Ragione']",Castelvecchio,strategy_nearest,False,0.003419160842895508,success
04DD61429C4C80,0,['Arena'],Tomba Giulietta,"['San Fermo', 'Museo Storia', 'Museo Lapidario', 'Museo Radio', 'Verona Tour']",Casa Giulietta,strategy_nearest,False,0.002869844436645508,success
04DD69429C4C80,3,"['Arena', 'San Fermo', 'Casa Giulietta']",Torre Lamberti,"['Sighseeing', 'Centro Fotografia', 'Museo Conte', 'Palazzo della Ragione', 'AMO']",Santa Anastasia,strategy_nearest,False,0.0033550262451171875,success
04DD7C429C4C80,0,"['Arena', 'Casa Giulietta']",Torre Lamberti,"['Sighseeing', 'Centro Fotografia', 'Museo Conte', 'Palazzo della Ragione', 'AMO']",Tomba Giulietta,strategy_nearest,False,0.0026090145111083984,success
04DD7C4A9C4C80,0,['Arena'],Casa Giulietta,"['Centro Fotografia', 'Sighseeing', 'Torre Lamberti', 'Museo Conte', 'Museo Radio']",Torre Lamberti,strategy_nearest,True,0.003016948699951172,success
04DD813A9C4C80,2,['Teatro Romano'],Duomo,"['AMO', 'Museo Miniscalchi', 'Santa Anastasia', 'Palazzo della Ragione', 'Museo Conte']",Casa Giulietta,strategy_nearest,False,0.0033888816833496094,success
04DD8A4A9C4C80,3,['Arena'],Santa Anastasia,"['AMO', 'Museo Conte', 'Palazzo della Ragione', 'Teatro Romano', 'Centro Fotografia']",Duomo,strategy_nearest,False,0.002975940704345703,success
04DD8D429C4C80,2,"['Torre Lamberti', 'Palazzo della Ragione', 'Santa Anastasia']",Teatro Romano,"['Duomo', 'AMO', 'Museo Conte', 'Centro Fotografia', 'Museo Miniscalchi']",Duomo,strategy_nearest,True,0.0031969547271728516,success
04DD90429C4C80,0,"['Arena', 'Casa Giulietta']",San Zeno,"['Castelvecchio', 'Verona Tour', 'Museo Lapidario', 'Museo Miniscalchi', 'Sighseeing']",Castelvecchio,strategy_nearest,True,0.003092050552368164,success
04DDAE3A9C4C80,1,['Arena'],Torre Lamberti,"['Sighseeing', 'Centro Fotografia', 'Museo Conte', 'Casa Giulietta', 'Palazzo della Ragione']",Palazzo della Ragione,strategy_nearest,True,0.003196239471435547,success
04DDB0429C4C80,1,"['Casa Giulietta', 'Arena']",Torre Lamberti,"['Sighseeing', 'Centro Fotografia', 'Museo Conte', 'Palazzo della Ragione', 'AMO']",Palazzo della Ragione,strategy_nearest,True,0.002428293228149414,success
04DDA6429C4C80,0,['Castelvecchio'],Arena,"['Verona Tour', 'Museo Lapidario', 'Museo Radio', 'San Fermo', 'Casa Giulietta']",Tomba Giulietta,strategy_nearest,False,0.002766132354736328,success
04DDB9429C4C80,1,"['Arena', 'Torre Lamberti']",Palazzo della Ragione,"['AMO', 'Museo Conte', 'Centro Fotografia', 'Sighseeing', 'Santa Anastasia']",Santa Anastasia,strategy_nearest,True,0.0032689571380615234,success
04DDBE3A9C4C80,3,"['Arena', 'Castelvecchio']",San Fermo,"['Museo Storia', 'Museo Radio', 'Casa Giulietta', 'Centro Fotografia', 'Sighseeing']",Duomo,strategy_nearest,False,0.0024671554565429688,success
04DDC2429C4C80,1,['Casa Giulietta'],Torre Lamberti,"['Sighseeing', 'Centro Fotografia', 'Museo Conte', 'Palazzo della Ragione', 'AMO']",Palazzo della Ragione,strategy_nearest,True,0.003287792205810547,success
04DDBE429C4C80,0,['Arena'],Casa Giulietta,"['Centro Fotografia', 'Sighseeing', 'Torre Lamberti', 'Museo Conte', 'Museo Radio']",Torre Lamberti,strategy_nearest,True,0.002978086471557617,success
04DDC63A9C4C80,3,"['Arena', 'Casa Giulietta']",Santa Anastasia,"['AMO', 'Museo Conte', 'Palazzo della Ragione', 'Teatro Romano', 'Centro Fotografia']",Duomo,strategy_nearest,False,0.0034019947052001953,success
04DDD1429C4C80,3,"['Torre Lamberti', 'Castelvecchio', 'San Zeno']",Arena,"['Verona Tour', 'Museo Lapidario', 'Museo Radio', 'San Fermo', 'Casa Giulietta']",Giardino Giusti,strategy_nearest,False,0.002766847610473633,success
04DDD7429C4C80,3,"['Arena', 'San Fermo', 'Casa Giulietta', 'Torre Lamberti']",Santa Anastasia,"['AMO', 'Museo Conte', 'Palazzo della Ragione', 'Teatro Romano', 'Centro Fotografia']",Duomo,strategy_nearest,False,0.002256155014038086,success
04DDDB429C4C80,3,"['Arena', 'San Fermo', 'Casa Giulietta']",Museo Lapidario,"['Verona Tour', 'Castelvecchio', 'Museo Radio', 'Tomba Giulietta', 'Sighseeing']",Castelvecchio,strategy_nearest,True,0.003392934799194336,success
04DDDD3A9C4C80,0,['Arena'],Casa Giulietta,"['Centro Fotografia', 'Sighseeing', 'Torre Lamberti', 'Museo Conte', 'Museo Radio']",Torre Lamberti,strategy_nearest,True,0.004158973693847656,success
04DDE53A9C4C80,3,"['San Fermo', 'Casa Giulietta', 'Torre Lamberti']",Santa Anastasia,"['AMO', 'Museo Conte', 'Palazzo della Ragione', 'Teatro Romano', 'Centro Fotografia']",Arena,strategy_nearest,False,0.002613067626953125,success
04DDE63A9C4C80,0,['Arena'],Museo Lapidario,"['Verona Tour', 'Castelvecchio', 'Museo Radio', 'San Fermo', 'Casa Giulietta']",Castelvecchio,strategy_nearest,True,0.0023720264434814453,success
04DDEB3A9C4C80,0,['Arena'],Casa Giulietta,"['Centro Fotografia', 'Sighseeing', 'Torre Lamberti', 'Museo Conte', 'Museo Radio']",Torre Lamberti,strategy_nearest,True,0.0014948844909667969,success
04DDF1C27B3F80,1,"['Casa Giulietta', 'Torre Lamberti', 'Palazzo della Ragione']",Arena,"['Verona Tour', 'Museo Lapidario', 'Museo Radio', 'San Fermo', 'Sighseeing']",Tomba Giulietta,strategy_nearest,False,0.0032269954681396484,success
04DDF03A9C4C80,3,"['Torre Lamberti', 'Casa Giulietta']",Arena,"['Verona Tour', 'Museo Lapidario', 'Museo Radio', 'San Fermo', 'Sighseeing']",Castelvecchio,strategy_nearest,False,0.002746105194091797,success
04DDEB429C4C80,1,"['Palazzo della Ragione', 'Torre Lamberti']",Santa Anastasia,"['AMO', 'Museo Conte', 'Teatro Romano', 'Centro Fotografia', 'Duomo']",Arena,strategy_nearest,False,0.0021419525146484375,success
04DDF7429C4C80,3,"['Arena', 'Santa Anastasia', 'Duomo']",San Zeno,"['Castelvecchio', 'Verona Tour', 'Museo Lapidario', 'Museo Miniscalchi', 'Sighseeing']",Torre Lamberti,strategy_nearest,False,0.003370046615600586,success
04DDFCBA7B3F80,1,"['Santa Anastasia', 'Palazzo della Ragione', 'Torre Lamberti']",Casa Giulietta,"['Centro Fotografia', 'Sighseeing', 'Museo Conte', 'Museo Radio', 'San Fermo']",Arena,strategy_nearest,False,0.002585172653198242,success
04DDF7C27B3F80,1,"['Casa Giulietta', 'Torre Lamberti', 'Palazzo della Ragione']",Arena,"['Verona Tour', 'Museo Lapidario', 'Museo Radio', 'San Fermo', 'Sighseeing']",Tomba Giulietta,strategy_nearest,False,0.0021712779998779297,success
04DDF7BA7B3F80,3,"['Casa Giulietta', 'Arena', 'Castelvecchio']",Museo Lapidario,"['Verona Tour', 'Museo Radio', 'San Fermo', 'Tomba Giulietta', 'Sighseeing']",Torre Lamberti,strategy_nearest,False,0.003384828567504883,success
04DE0CC27B3F84,1,"['Santa Anastasia', 'San Zeno', 'Castelvecchio']",Torre Lamberti,"['Sighseeing', 'Centro Fotografia', 'Museo Conte', 'Casa Giulietta', 'Palazzo della Ragione']",Palazzo della Ragione,strategy_nearest,True,0.0031578540802001953,success
04DE11C27B3F84,1,"['Casa Giulietta', 'Torre Lamberti', 'Palazzo della Ragione']",Arena,"['Verona Tour', 'Museo Lapidario', 'Museo Radio', 'San Fermo', 'Sighseeing']",Tomba Giulietta,strategy_nearest,False,0.002084016799926758,success
04DE16429C4C80,3,"['Castelvecchio', 'San Zeno', 'Arena']",San Fermo,"['Museo Storia', 'Museo Radio', 'Casa Giulietta', 'Centro Fotografia', 'Sighseeing']",Santa Anastasia,strategy_nearest,False,0.0026979446411132812,success
04DE18429C4C84,3,"['Arena', 'Castelvecchio', 'Casa Giulietta']",San Fermo,"['Museo Storia', 'Museo Radio', 'Centro Fotografia', 'Sighseeing', 'Torre Lamberti']",Santa Anastasia,strategy_nearest,False,0.003371000289916992,success
04DE193A9C4C80,1,"['Arena', 'Casa Giulietta', 'Torre Lamberti']",Palazzo della Ragione,"['AMO', 'Museo Conte', 'Centro Fotografia', 'Sighseeing', 'Santa Anastasia']",Santa Anastasia,strategy_nearest,True,0.003231048583984375,success
04DE1D3A9C4C80,3,"['Arena', 'Museo Lapidario', 'Castelvecchio']",Santa Anastasia,"['AMO', 'Museo Conte', 'Palazzo della Ragione', 'Teatro Romano', 'Centro Fotografia']",Duomo,strategy_nearest,False,0.0019109249114990234,success
04DE1E429C4C80,1,"['Casa Giulietta', 'Torre Lamberti']",Palazzo della Ragione,"['AMO', 'Museo Conte', 'Centro Fotografia', 'Sighseeing', 'Santa Anastasia']",Santa Anastasia,strategy_nearest,True,0.0031402111053466797,success
04DE1A429C4C80,1,"['Torre Lamberti', 'Palazzo della Ragione', 'Casa Giulietta']",Arena,"['Verona Tour', 'Museo Lapidario', 'Museo Radio', 'San Fermo', 'Sighseeing']",Castelvecchio,strategy_nearest,False,0.0034291744232177734,success
04DE24C27B3F84,1,"['Casa Giulietta', 'Torre Lamberti', 'Palazzo della Ragione']",Arena,"['Verona Tour', 'Museo Lapidario', 'Museo Radio', 'San Fermo', 'Sighseeing']",Tomba Giulietta,strategy_nearest,False,0.0027408599853515625,success
04DE293A9C4C80,3,"['San Zeno', 'Castelvecchio', 'Teatro Romano']",Casa Giulietta,"['Centro Fotografia', 'Sighseeing', 'Torre Lamberti', 'Museo Conte', 'Museo Radio']",Arena,strategy_nearest,False,0.0024361610412597656,success
04DE2B429C4C80,0,"['Arena', 'Casa Giulietta']",Torre Lamberti,"['Sighseeing', 'Centro Fotografia', 'Museo Conte', 'Palazzo della Ragione', 'AMO']",Castelvecchio,strategy_nearest,False,0.002638101577758789,success
04DE3C429C4C80,1,['Arena'],Casa Giulietta,"['Centro Fotografia', 'Sighseeing', 'Torre Lamberti', 'Museo Conte', 'Museo Radio']",Palazzo della Ragione,strategy_nearest,False,0.0031168460845947266,success
04DE433A9C4C80,0,['Tomba Giulietta'],Arena,"['Verona Tour', 'Museo Lapidario', 'Museo Radio', 'San Fermo', 'Casa Giulietta']",Casa Giulietta,strategy_nearest,True,0.0024580955505371094,success
04DE40429C4C80,1,"['Arena', 'Castelvecchio', 'San Zeno', 'Casa Giulietta']",Palazzo della Ragione,"['AMO', 'Museo Conte', 'Torre Lamberti', 'Centro Fotografia', 'Sighseeing']",Torre Lamberti,strategy_nearest,True,0.0032651424407958984,success
04DE3D3A9C4C80,3,"['Arena', 'Casa Giulietta']",Torre Lamberti,"['Sighseeing', 'Centro Fotografia', 'Museo Conte', 'Palazzo della Ragione', 'AMO']",Santa Anastasia,strategy_nearest,False,0.003390073776245117,success
04DE403A9C4C80,3,"['Arena', 'Torre Lamberti', 'Casa Giulietta']",San Fermo,"['Museo Storia', 'Museo Radio', 'Centro Fotografia', 'Sighseeing', 'Museo Conte']",Giardino Giusti,strategy_nearest,False,0.0027441978454589844,success
04DE65429C4C80,3,['Arena'],Torre Lamberti,"['Sighseeing', 'Centro Fotografia', 'Museo Conte', 'Casa Giulietta', 'Palazzo della Ragione']",Santa Anastasia,strategy_nearest,False,0.0027828216552734375,success
04DE453A9C4C80,0,"['Castelvecchio', 'Casa Giulietta']",Torre Lamberti,"['Sighseeing', 'Centro Fotografia', 'Museo Conte', 'Palazzo della Ragione', 'AMO']",San Zeno,strategy_nearest,False,0.002286195755004883,success
04DE55429C4C80,1,['Arena'],Casa Giulietta,"['Centro Fotografia', 'Sighseeing', 'Torre Lamberti', 'Museo Conte', 'Museo Radio']",Torre Lamberti,strategy_nearest,True,0.0016639232635498047,success
04DE75429C4C80,2,"['Casa Giulietta', 'Torre Lamberti']",Duomo,"['AMO', 'Museo Miniscalchi', 'Santa Anastasia', 'Teatro Romano', 'Palazzo della Ragione']",Teatro Romano,strategy_nearest,True,0.0024890899658203125,success
04DE66429C4C80,3,['Santa Anastasia'],Duomo,"['AMO', 'Museo Miniscalchi', 'Teatro Romano', 'Palazzo della Ragione', 'Museo Conte']",Casa Giulietta,strategy_nearest,False,0.003287076950073242,success
04DE69429C4C80,0,['Arena'],Museo Lapidario,"['Verona Tour', 'Castelvecchio', 'Museo Radio', 'San Fermo', 'Casa Giulietta']",Santa Anastasia,strategy_nearest,False,0.002557992935180664,success
04DE73429C4C80,0,['Arena'],Torre Lamberti,"['Sighseeing', 'Centro Fotografia', 'Museo Conte', 'Casa Giulietta', 'Palazzo della Ragione']",Castelvecchio,strategy_nearest,False,0.0019290447235107422,success
04DE823A9C4C80,3,"['Arena', 'Casa Giulietta', 'Torre Lamberti']",Santa Anastasia,"['AMO', 'Museo Conte', 'Palazzo della Ragione', 'Teatro Romano', 'Centro Fotografia']",Duomo,strategy_nearest,False,0.0028972625732421875,success
04DE7B3A9C4C80,3,"['Arena', 'Casa Giulietta', 'Torre Lamberti']",Museo Lapidario,"['Verona Tour', 'Castelvecchio', 'Museo Radio', 'San Fermo', 'Tomba Giulietta']",Castelvecchio,strategy_nearest,True,0.0022573471069335938,success
04DE773A9C4C80,1,"['Casa Giulietta', 'Torre Lamberti']",Palazzo della Ragione,"['AMO', 'Museo Conte', 'Centro Fotografia', 'Sighseeing', 'Santa Anastasia']",Arena,strategy_nearest,False,0.0016951560974121094,success
04DE783A9C4C80,3,"['Arena', 'Casa Giulietta']",Santa Anastasia,"['AMO', 'Museo Conte', 'Palazzo della Ragione', 'Teatro Romano', 'Centro Fotografia']",Duomo,strategy_nearest,False,0.0037419795989990234,success
04DE893A9C4C80,0,['Teatro Romano'],Arena,"['Verona Tour', 'Museo Lapidario', 'Museo Radio', 'San Fermo', 'Casa Giulietta']",Casa Giulietta,strategy_nearest,True,0.0019021034240722656,success
04DE8B4A9C4C80,0,['Teatro Romano'],Torre Lamberti,"['Sighseeing', 'Centro Fotografia', 'Museo Conte', 'Casa Giulietta', 'Palazzo della Ragione']",Arena,strategy_nearest,False,0.0027298927307128906,success
04DEAF429C4C80,3,['Castelvecchio'],San Zeno,"['Verona Tour', 'Museo Lapidario', 'Arena', 'Museo Miniscalchi', 'Sighseeing']",Santa Anastasia,strategy_nearest,False,0.003493785858154297,success
04DEBC429C4C80,2,['Torre Lamberti'],Santa Anastasia,"['AMO', 'Museo Conte', 'Palazzo della Ragione', 'Teatro Romano', 'Centro Fotografia']",Teatro Romano,strategy_nearest,True,0.0027151107788085938,success
04DEBE3A9C4C80,0,['Arena'],Casa Giulietta,"['Centro Fotografia', 'Sighseeing', 'Torre Lamberti', 'Museo Conte', 'Museo Radio']",Castelvecchio,strategy_nearest,False,0.0026831626892089844,success
04DEC83A9C4C80,3,"['Arena', 'Casa Giulietta']",Torre Lamberti,"['Sighseeing', 'Centro Fotografia', 'Museo Conte', 'Palazzo della Ragione', 'AMO']",Santa Anastasia,strategy_nearest,False,0.0025930404663085938,success
04DEC33A9C4C80,1,"['Casa Giulietta', 'Duomo']",Arena,"['Verona Tour', 'Museo Lapidario', 'Museo Radio', 'San Fermo', 'Sighseeing']",Santa Anastasia,strategy_nearest,False,0.004790067672729492,success
04DEC3429C4C80,3,"['San Fermo', 'Museo Storia', 'Torre Lamberti', 'Casa Giulietta']",Santa Anastasia,"['AMO', 'Museo Conte', 'Palazzo della Ragione', 'Teatro Romano', 'Centro Fotografia']",Teatro Romano,strategy_nearest,True,0.0020880699157714844,success
04DECD3A9C4C80,3,"['Arena', 'Torre Lamberti']",Santa Anastasia,"['AMO', 'Museo Conte', 'Palazzo della Ragione', 'Teatro Romano', 'Centro Fotografia']",Teatro Romano,strategy_nearest,True,0.002496957778930664,success
04DEC93A9C4C80,1,"['Arena', 'Torre Lamberti', 'Palazzo della Ragione']",San Fermo,"['Museo Storia', 'Museo Radio', 'Casa Giulietta', 'Centro Fotografia', 'Sighseeing']",Santa Anastasia,strategy_nearest,False,0.002445220947265625,success
04DECE429C4C80,3,"['Teatro Romano', 'Giardino Giusti', 'Duomo']",Torre Lamberti,"['Sighseeing', 'Centro Fotografia', 'Museo Conte', 'Casa Giulietta', 'Palazzo della Ragione']",Casa Giulietta,strategy_nearest,True,0.0024459362030029297,success
04DECF3A9C4C80,3,['Arena'],Duomo,"['AMO', 'Museo Miniscalchi', 'Santa Anastasia', 'Teatro Romano', 'Palazzo della Ragione']",Santa Anastasia,strategy_nearest,True,0.0026030540466308594,success
04DEDF3A9C4C80,3,"['Arena', 'Casa Giulietta']",Castelvecchio,"['Museo Lapidario', 'Verona Tour', 'Museo Radio', 'San Zeno', 'Sighseeing']",Santa Anastasia,strategy_nearest,False,0.0023970603942871094,success
04DEE03A9C4C80,0,['Arena'],Castelvecchio,"['Museo Lapidario', 'Verona Tour', 'Museo Radio', 'San Zeno', 'Sighseeing']",Duomo,strategy_nearest,False,0.0027692317962646484,success
04DEE63A9C4C80,3,['Santa Anastasia'],Casa Giulietta,"['Centro Fotografia', 'Sighseeing', 'Torre Lamberti', 'Museo Conte', 'Museo Radio']",Torre Lamberti,strategy_nearest,True,0.002704143524169922,success
04DEE73A9C4C80,0,['Arena'],Casa Giulietta,"['Centro Fotografia', 'Sighseeing', 'Torre Lamberti', 'Museo Conte', 'Museo Radio']",Torre Lamberti,strategy_nearest,True,0.0024907588958740234,success
04DEE13A9C4C80,1,['Arena'],Palazzo della Ragione,"['AMO', 'Museo Conte', 'Torre Lamberti', 'Centro Fotografia', 'Sighseeing']",Torre Lamberti,strategy_nearest,True,0.004103183746337891,success
04DEF23A9C4C80,3,"['Casa Giulietta', 'Torre Lamberti']",Santa Anastasia,"['AMO', 'Museo Conte', 'Palazzo della Ragione', 'Teatro Romano', 'Centro Fotografia']",Duomo,strategy_nearest,False,0.002694845199584961,success
04DEF4429C4C80,3,['Torre Lamberti'],Santa Anastasia,"['AMO', 'Museo Conte', 'Palazzo della Ragione', 'Teatro Romano', 'Centro Fotografia']",Teatro Romano,strategy_nearest,True,0.0026040077209472656,success
04DEF3C27B3F80,3,"['Arena', 'Torre Lamberti']",Casa Giulietta,"['Centro Fotografia', 'Sighseeing', 'Museo Conte', 'Museo Radio', 'Palazzo della Ragione']",Duomo,strategy_nearest,False,0.003816843032836914,success
04DEE93A9C4C80,3,"['Arena', 'Casa Giulietta']",Torre Lamberti,"['Sighseeing', 'Centro Fotografia', 'Museo Conte', 'Palazzo della Ragione', 'AMO']",Santa Anastasia,strategy_nearest,False,0.003355741500854492,success
04DF03429C4C84,1,"['Arena', 'Museo Lapidario', 'Casa Giulietta', 'Duomo']",Teatro Romano,"['Santa Anastasia', 'AMO', 'Palazzo della Ragione', 'Museo Conte', 'Centro Fotografia']",Castelvecchio,strategy_nearest,False,0.0020380020141601562,success
04DEF5429C4C80,1,"['Arena', 'Torre Lamberti', 'Palazzo della Ragione', 'Casa Giulietta', 'San Fermo', 'Tomba Giulietta']",Museo Storia,"['Museo Radio', 'Centro Fotografia', 'Sighseeing', 'Museo Conte', 'Giardino Giusti']",Teatro Romano,strategy_nearest,False,0.00255584716796875,success
04DEF8429C4C80,3,"['Arena', 'Museo Lapidario', 'Castelvecchio']",Duomo,"['AMO', 'Museo Miniscalchi', 'Santa Anastasia', 'Teatro Romano', 'Palazzo della Ragione']",Santa Anastasia,strategy_nearest,True,0.0028228759765625,success
04DEFD429C4C80,0,"['Castelvecchio', 'Arena']",Casa Giulietta,"['Centro Fotografia', 'Sighseeing', 'Torre Lamberti', 'Museo Conte', 'Museo Radio']",Torre Lamberti,strategy_nearest,True,0.0034449100494384766,success
04DF0B429C4C84,3,"['Castelvecchio', 'San Zeno', 'Duomo']",Santa Anastasia,"['AMO', 'Museo Conte', 'Palazzo della Ragione', 'Teatro Romano', 'Centro Fotografia']",Teatro Romano,strategy_nearest,True,0.0024237632751464844,success
04DF0F429C4C84,3,"['Castelvecchio', 'Teatro Romano']",Duomo,"['AMO', 'Museo Miniscalchi', 'Santa Anastasia', 'Palazzo della Ragione', 'Museo Conte']",Santa Anastasia,strategy_nearest,True,0.0023419857025146484,success
04DF133A9C4C80,0,"['Arena', 'Museo Lapidario']",Castelvecchio,"['Verona Tour', 'Museo Radio', 'San Zeno', 'Sighseeing', 'Museo Miniscalchi']",Casa Giulietta,strategy_nearest,False,0.0027048587799072266,success
04DF153A9C4C84,3,"['Arena', 'Santa Anastasia']",Duomo,"['AMO', 'Museo Miniscalchi', 'Teatro Romano', 'Palazzo della Ragione', 'Museo Conte']",Torre Lamberti,strategy_nearest,False,0.0031800270080566406,success
04DF173A9C4C80,3,"['Arena', 'Casa Giulietta']",Torre Lamberti,"['Sighseeing', 'Centro Fotografia', 'Museo Conte', 'Palazzo della Ragione', 'AMO']",San Zeno,strategy_nearest,False,0.002706766128540039,success
04DF17429C4C84,3,"['Arena', 'Santa Anastasia']",Giardino Giusti,"['Teatro Romano', 'Museo Conte', 'Centro Fotografia', 'Museo Storia', 'AMO']",Teatro Romano,strategy_nearest,True,0.002402067184448242,success
04DF18429C4C84,2,"['San Fermo', 'Casa Giulietta', 'San Zeno']",Castelvecchio,"['Museo Lapidario', 'Verona Tour', 'Arena', 'Museo Radio', 'Sighseeing']",Duomo,strategy_nearest,False,0.0033140182495117188,success
04DF183A9C4C84,1,"['Casa Giulietta', 'Arena']",Torre Lamberti,"['Sighseeing', 'Centro Fotografia', 'Museo Conte', 'Palazzo della Ragione', 'AMO']",Palazzo della Ragione,strategy_nearest,True,0.0033028125762939453,success
04DF1E429C4C80,1,"['Casa Giulietta', 'Castelvecchio', 'Museo Lapidario', 'Arena']",San Fermo,"['Museo Storia', 'Museo Radio', 'Centro Fotografia', 'Sighseeing', 'Torre Lamberti']",Duomo,strategy_nearest,False,0.0030698776245117188,success
04DF1E429C4C84,3,"['Arena', 'Casa Giulietta', 'Torre Lamberti']",Teatro Romano,"['Santa Anastasia', 'Duomo', 'AMO', 'Palazzo della Ragione', 'Museo Conte']",Santa Anastasia,strategy_nearest,True,0.0029489994049072266,success
04DF253A9C4C80,0,"['Casa Giulietta', 'Torre Lamberti']",Castelvecchio,"['Museo Lapidario', 'Verona Tour', 'Arena', 'Museo Radio', 'San Zeno']",Tomba Giulietta,strategy_nearest,False,0.002688169479370117,success
04DF27429C4C80,1,"['Arena', 'Casa Giulietta', 'Palazzo della Ragione', 'Santa Anastasia']",Duomo,"['AMO', 'Museo Miniscalchi', 'Teatro Romano', 'Museo Conte', 'Torre Lamberti']",Museo Lapidario,strategy_nearest,False,0.0024728775024414062,success
04DF203A9C4C84,1,['Arena'],Casa Giulietta,"['Centro Fotografia', 'Sighseeing', 'Torre Lamberti', 'Museo Conte', 'Museo Radio']",Palazzo della Ragione,strategy_nearest,False,0.0026967525482177734,success
04DF293A9C4C80,1,"['Arena', 'Torre Lamberti']",Palazzo della Ragione,"['AMO', 'Museo Conte', 'Centro Fotografia', 'Sighseeing', 'Santa Anastasia']",Casa Giulietta,strategy_nearest,False,0.002911806106567383,success
04DF3C4A9C4C80,3,"['Arena', 'Torre Lamberti']",Santa Anastasia,"['AMO', 'Museo Conte', 'Palazzo della Ragione', 'Teatro Romano', 'Centro Fotografia']",San Zeno,strategy_nearest,False,0.001959085464477539,success
04DF3C3A9C4C80,1,"['Casa Giulietta', 'Castelvecchio']",Arena,"['Verona Tour', 'Museo Lapidario', 'Museo Radio', 'San Fermo', 'Sighseeing']",Torre Lamberti,strategy_nearest,False,0.002695798873901367,success
04DF373A9C4C80,1,"['Arena', 'Palazzo della Ragione']",Torre Lamberti,"['Sighseeing', 'Centro Fotografia', 'Museo Conte', 'Casa Giulietta', 'AMO']",Casa Giulietta,strategy_nearest,True,0.0018949508666992188,success
04DF303A9C4C80,3,"['Arena', 'Castelvecchio']",Torre Lamberti,"['Sighseeing', 'Centro Fotografia', 'Museo Conte', 'Casa Giulietta', 'Palazzo della Ragione']",Santa Anastasia,strategy_nearest,False,0.004587888717651367,success
04DF3D3A9C4C80,1,"['Arena', 'Casa Giulietta', 'Palazzo della Ragione']",Torre Lamberti,"['Sighseeing', 'Centro Fotografia', 'Museo Conte', 'AMO', 'Museo Miniscalchi']",Santa Anastasia,strategy_nearest,False,0.002360820770263672,success
04DF3E3A9C4C80,3,"['Torre Lamberti', 'Santa Anastasia']",Castelvecchio,"['Museo Lapidario', 'Verona Tour', 'Arena', 'Museo Radio', 'San Zeno']",San Fermo,strategy_nearest,False,0.0020568370819091797,success
04DF3F3A9C4C80,0,['Arena'],Giardino Giusti,"['Santa Anastasia', 'Teatro Romano', 'Museo Conte', 'Centro Fotografia', 'Museo Storia']",Casa Giulietta,strategy_nearest,False,0.002743959426879883,success
04DF433A9C4C80,3,"['Arena', 'Casa Giulietta']",Castelvecchio,"['Museo Lapidario', 'Verona Tour', 'Museo Radio', 'San Zeno', 'Sighseeing']",Duomo,strategy_nearest,False,0.003525972366333008,success
04DF4F429C4C80,0,['Arena'],Casa Giulietta,"['Centro Fotografia', 'Sighseeing', 'Torre Lamberti', 'Museo Conte', 'Museo Radio']",Teatro Romano,strategy_nearest,False,0.0029249191284179688,success
04DF5F429C4C80,3,['Arena'],Torre Lamberti,"['Sighseeing', 'Centro Fotografia', 'Museo Conte', 'Casa Giulietta', 'Palazzo della Ragione']",Santa Anastasia,strategy_nearest,False,0.0017480850219726562,success
04DF55429C4C80,0,['Arena'],Casa Giulietta,"['Centro Fotografia', 'Sighseeing', 'Torre Lamberti', 'Museo Conte', 'Museo Radio']",Torre Lamberti,strategy_nearest,True,0.004015207290649414,success
04DF6B429C4C80,0,['Arena'],Teatro Romano,"['Santa Anastasia', 'Duomo', 'AMO', 'Palazzo della Ragione', 'Museo Conte']",Casa Giulietta,strategy_nearest,False,0.0024290084838867188,success
04DF6F3A9C4C80,1,['Arena'],Palazzo della Ragione,"['AMO', 'Museo Conte', 'Torre Lamberti', 'Centro Fotografia', 'Sighseeing']",Torre Lamberti,strategy_nearest,True,0.0025501251220703125,success
04DF6D429C4C80,3,"['Arena', 'Duomo', 'Santa Anastasia']",Torre Lamberti,"['Sighseeing', 'Centro Fotografia', 'Museo Conte', 'Casa Giulietta', 'Palazzo della Ragione']",Casa Giulietta,strategy_nearest,True,0.002695798873901367,success
04DF794A9C4C80,0,['Arena'],Casa Giulietta,"['Centro Fotografia', 'Sighseeing', 'Torre Lamberti', 'Museo Conte', 'Museo Radio']",Torre Lamberti,strategy_nearest,True,0.003142118453979492,success
04DF7B3A9C4C80,0,['Castelvecchio'],Arena,"['Verona Tour', 'Museo Lapidario', 'Museo Radio', 'San Fermo', 'Casa Giulietta']",Casa Giulietta,strategy_nearest,True,0.0030088424682617188,success
04DF8A3A9C4C80,1,"['Arena', 'Casa Giulietta', 'Palazzo della Ragione']",Torre Lamberti,"['Sighseeing', 'Centro Fotografia', 'Museo Conte', 'AMO', 'Museo Miniscalchi']",Santa Anastasia,strategy_nearest,False,0.002759218215942383,success
04DFAE429C4C80,2,['Tomba Giulietta'],Torre Lamberti,"['Sighseeing', 'Centro Fotografia', 'Museo Conte', 'Casa Giulietta', 'Palazzo della Ragione']",Santa Anastasia,strategy_nearest,False,0.003328084945678711,success
04DF8E4A9C4C80,3,"['Arena', 'Casa Giulietta', 'Torre Lamberti']",Santa Anastasia,"['AMO', 'Museo Conte', 'Palazzo della Ragione', 'Teatro Romano', 'Centro Fotografia']",Teatro Romano,strategy_nearest,True,0.002769947052001953,success
04DFB03A9C4C80,0,['Arena'],Museo Lapidario,"['Verona Tour', 'Castelvecchio', 'Museo Radio', 'San Fermo', 'Casa Giulietta']",Casa Giulietta,strategy_nearest,True,0.003171205520629883,success
04DFBF429C4C80,3,"['Castelvecchio', 'Torre Lamberti']",Casa Giulietta,"['Centro Fotografia', 'Sighseeing', 'Museo Conte', 'Museo Radio', 'Palazzo della Ragione']",Santa Anastasia,strategy_nearest,False,0.004152059555053711,success
04DFCA429C4C80,1,"['Castelvecchio', 'Arena']",Casa Giulietta,"['Centro Fotografia', 'Sighseeing', 'Torre Lamberti', 'Museo Conte', 'Museo Radio']",Palazzo della Ragione,strategy_nearest,False,0.0019681453704833984,success
04DFCF429C4C80,1,"['Arena', 'Casa Giulietta', 'Torre Lamberti', 'Palazzo della Ragione']",Tomba Giulietta,"['San Fermo', 'Museo Storia', 'Museo Lapidario', 'Museo Radio', 'Verona Tour']",Museo Lapidario,strategy_nearest,True,0.0033769607543945312,success
04DFCE429C4C80,1,"['Teatro Romano', 'Arena']",Casa Giulietta,"['Centro Fotografia', 'Sighseeing', 'Torre Lamberti', 'Museo Conte', 'Museo Radio']",Palazzo della Ragione,strategy_nearest,False,0.0028219223022460938,success
04DFD23A9C4C80,3,"['Castelvecchio', 'Casa Giulietta']",Arena,"['Verona Tour', 'Museo Lapidario', 'Museo Radio', 'San Fermo', 'Sighseeing']",Torre Lamberti,strategy_nearest,False,0.0024132728576660156,success
04DFDA3A9C4C80,1,"['Arena', 'Casa Giulietta', 'Torre Lamberti']",Palazzo della Ragione,"['AMO', 'Museo Conte', 'Centro Fotografia', 'Sighseeing', 'Santa Anastasia']",Santa Anastasia,strategy_nearest,True,0.0030570030212402344,success
04DFD43A9C4C80,3,"['Arena', 'Santa Anastasia']",Duomo,"['AMO', 'Museo Miniscalchi', 'Teatro Romano', 'Palazzo della Ragione', 'Museo Conte']",Castelvecchio,strategy_nearest,False,0.0034470558166503906,success
04DFD6429C4C80,0,"['Arena', 'Castelvecchio']",Casa Giulietta,"['Centro Fotografia', 'Sighseeing', 'Torre Lamberti', 'Museo Conte', 'Museo Radio']",Giardino Giusti,strategy_nearest,False,0.0027437210083007812,success
04DFDB3A9C4C80,0,"['Arena', 'Castelvecchio']",Torre Lamberti,"['Sighseeing', 'Centro Fotografia', 'Museo Conte', 'Casa Giulietta', 'Palazzo della Ragione']",Casa Giulietta,strategy_nearest,True,0.0032548904418945312,success
04DFDE3A9C4C80,0,['Arena'],Casa Giulietta,"['Centro Fotografia', 'Sighseeing', 'Torre Lamberti', 'Museo Conte', 'Museo Radio']",Torre Lamberti,strategy_nearest,True,0.0025758743286132812,success
04DFDC3A9C4C80,2,['Torre Lamberti'],Palazzo della Ragione,"['AMO', 'Museo Conte', 'Centro Fotografia', 'Sighseeing', 'Santa Anastasia']",Duomo,strategy_nearest,False,0.002007007598876953,success
04DFF6429C4C80,1,"['Arena', 'Palazzo della Ragione']",Casa Giulietta,"['Centro Fotografia', 'Sighseeing', 'Torre Lamberti', 'Museo Conte', 'Museo Radio']",Torre Lamberti,strategy_nearest,True,0.003026247024536133,success
04DFE03A9C4C80,3,['Arena'],Casa Giulietta,"['Centro Fotografia', 'Sighseeing', 'Torre Lamberti', 'Museo Conte', 'Museo Radio']",Santa Anastasia,strategy_nearest,False,0.0026590824127197266,success
04DFFB3A9C4C80,3,"['Arena', 'Torre Lamberti']",Casa Giulietta,"['Centro Fotografia', 'Sighseeing', 'Museo Conte', 'Museo Radio', 'Palazzo della Ragione']",Santa Anastasia,strategy_nearest,False,0.0035638809204101562,success
04DFFC3A9C4C80,3,"['San Zeno', 'Castelvecchio', 'Torre Lamberti']",Santa Anastasia,"['AMO', 'Museo Conte', 'Palazzo della Ragione', 'Teatro Romano', 'Centro Fotografia']",Teatro Romano,strategy_nearest,True,0.002519845962524414,success
04E005429C4C84,3,"['Arena', 'Torre Lamberti', 'Santa Anastasia']",Duomo,"['AMO', 'Museo Miniscalchi', 'Teatro Romano', 'Palazzo della Ragione', 'Museo Conte']",Teatro Romano,strategy_nearest,True,0.0025038719177246094,success
04E0143A9C4C84,0,['Tomba Giulietta'],Casa Giulietta,"['Centro Fotografia', 'Sighseeing', 'Torre Lamberti', 'Museo Conte', 'Museo Radio']",Arena,strategy_nearest,False,0.0032858848571777344,success
04E014429C4C80,2,['Tomba Giulietta'],Casa Giulietta,"['Centro Fotografia', 'Sighseeing', 'Torre Lamberti', 'Museo Conte', 'Museo Radio']",Torre Lamberti,strategy_nearest,True,0.0018649101257324219,success
04E0133A9C4C84,0,['Casa Giulietta'],Torre Lamberti,"['Sighseeing', 'Centro Fotografia', 'Museo Conte', 'Palazzo della Ragione', 'AMO']",Giardino Giusti,strategy_nearest,False,0.0034110546112060547,success
04E0153A9C4C84,2,['Museo Lapidario'],Teatro Romano,"['Santa Anastasia', 'Duomo', 'AMO', 'Palazzo della Ragione', 'Museo Conte']",Santa Anastasia,strategy_nearest,True,0.003226041793823242,success
04E0183A9C4C80,0,"['Castelvecchio', 'Arena']",Casa Giulietta,"['Centro Fotografia', 'Sighseeing', 'Torre Lamberti', 'Museo Conte', 'Museo Radio']",Teatro Romano,strategy_nearest,False,0.002012968063354492,success
04E019429C4C80,2,['Castelvecchio'],San Fermo,"['Museo Storia', 'Museo Radio', 'Casa Giulietta', 'Centro Fotografia', 'Arena']",Casa Giulietta,strategy_nearest,True,0.0027756690979003906,success
04E01D429C4C80,2,"['Castelvecchio', 'Casa Giulietta']",Torre Lamberti,"['Sighseeing', 'Centro Fotografia', 'Museo Conte', 'Palazzo della Ragione', 'AMO']",Teatro Romano,strategy_nearest,False,0.0032281875610351562,success
04E01F3A9C4C84,0,['Arena'],Torre Lamberti,"['Sighseeing', 'Centro Fotografia', 'Museo Conte', 'Casa Giulietta', 'Palazzo della Ragione']",Casa Giulietta,strategy_nearest,True,0.003240346908569336,success
04E0273A9C4C80,0,['Arena'],Casa Giulietta,"['Centro Fotografia', 'Sighseeing', 'Torre Lamberti', 'Museo Conte', 'Museo Radio']",Torre Lamberti,strategy_nearest,True,0.003348112106323242,success
04E03E3A9C4C80,1,"['Torre Lamberti', 'Palazzo della Ragione']",Casa Giulietta,"['Centro Fotografia', 'Sighseeing', 'Museo Conte', 'Museo Radio', 'San Fermo']",Museo Lapidario,strategy_nearest,False,0.0021228790283203125,success
04E0433A9C4C80,0,"['Giardino Giusti', 'Castelvecchio']",San Zeno,"['Verona Tour', 'Museo Lapidario', 'Arena', 'Museo Miniscalchi', 'Sighseeing']",Arena,strategy_nearest,True,0.0032320022583007812,success
04E0423A9C4C80,3,"['Arena', 'San Zeno']",Castelvecchio,"['Museo Lapidario', 'Verona Tour', 'Museo Radio', 'Sighseeing', 'Museo Miniscalchi']",Santa Anastasia,strategy_nearest,False,0.0026769638061523438,success
04E0443A9C4C80,0,"['Arena', 'Torre Lamberti']",Casa Giulietta,"['Centro Fotografia', 'Sighseeing', 'Museo Conte', 'Museo Radio', 'Palazzo della Ragione']",Castelvecchio,strategy_nearest,False,0.0032291412353515625,success
04E06B429C4C80,3,"['Arena', 'San Zeno', 'Castelvecchio']",Duomo,"['AMO', 'Museo Miniscalchi', 'Santa Anastasia', 'Teatro Romano', 'Palazzo della Ragione']",Santa Anastasia,strategy_nearest,True,0.002557039260864258,success
04E0813A9C4C80,0,['Arena'],Torre Lamberti,"['Sighseeing', 'Centro Fotografia', 'Museo Conte', 'Casa Giulietta', 'Palazzo della Ragione']",Castelvecchio,strategy_nearest,False,0.0031681060791015625,success
04E07E3A9C4C80,3,"['Arena', 'Casa Giulietta', 'Torre Lamberti']",Santa Anastasia,"['AMO', 'Museo Conte', 'Palazzo della Ragione', 'Teatro Romano', 'Centro Fotografia']",Teatro Romano,strategy_nearest,True,0.0013420581817626953,success
04E083429C4C80,0,['Arena'],Teatro Romano,"['Santa Anastasia', 'Duomo', 'AMO', 'Palazzo della Ragione', 'Museo Conte']",Castelvecchio,strategy_nearest,False,0.0019519329071044922,success
04E0894A9C4C80,2,['San Zeno'],Duomo,"['AMO', 'Museo Miniscalchi', 'Santa Anastasia', 'Teatro Romano', 'Palazzo della Ragione']",Teatro Romano,strategy_nearest,True,0.0018870830535888672,success
04E08B429C4C80,0,['Arena'],Casa Giulietta,"['Centro Fotografia', 'Sighseeing', 'Torre Lamberti', 'Museo Conte', 'Museo Radio']",Torre Lamberti,strategy_nearest,True,0.002791881561279297,success
04E0B53A9C4C80,1,"['Duomo', 'Santa Anastasia', 'Torre Lamberti']",Palazzo della Ragione,"['AMO', 'Museo Conte', 'Centro Fotografia', 'Sighseeing', 'Museo Miniscalchi']",Casa Giulietta,strategy_nearest,False,0.0031659603118896484,success
04E0C63A9C4C80,0,['Casa Giulietta'],Torre Lamberti,"['Sighseeing', 'Centro Fotografia', 'Museo Conte', 'Palazzo della Ragione', 'AMO']",Teatro Romano,strategy_nearest,False,0.0025827884674072266,success
04E0CD429C4C80,3,"['San Fermo', 'Casa Giulietta', 'Torre Lamberti', 'Arena']",Santa Anastasia,"['AMO', 'Museo Conte', 'Palazzo della Ragione', 'Teatro Romano', 'Centro Fotografia']",Duomo,strategy_nearest,False,0.003255128860473633,success
04E0CF3A9C4C80,3,"['Arena', 'Casa Giulietta']",Torre Lamberti,"['Sighseeing', 'Centro Fotografia', 'Museo Conte', 'Palazzo della Ragione', 'AMO']",Santa Anastasia,strategy_nearest,False,0.0026197433471679688,success
04E0C8429C4C80,1,"['Arena', 'Casa Giulietta', 'Palazzo della Ragione']",Torre Lamberti,"['Sighseeing', 'Centro Fotografia', 'Museo Conte', 'AMO', 'Museo Miniscalchi']",Santa Anastasia,strategy_nearest,False,0.0035207271575927734,success
04E0D53A9C4C80,0,"['Torre Lamberti', 'Arena']",Casa Giulietta,"['Centro Fotografia', 'Sighseeing', 'Museo Conte', 'Museo Radio', 'Palazzo della Ragione']",Teatro Romano,strategy_nearest,False,0.003142833709716797,success
04E0EA3A9C4C80,1,"['Arena', 'Casa Giulietta']",Palazzo della Ragione,"['AMO', 'Museo Conte', 'Torre Lamberti', 'Centro Fotografia', 'Sighseeing']",Torre Lamberti,strategy_nearest,True,0.0019040107727050781,success
04E0F8C27B3F80,0,"['Casa Giulietta', 'Torre Lamberti', 'Arena']",Tomba Giulietta,"['San Fermo', 'Museo Storia', 'Museo Lapidario', 'Museo Radio', 'Verona Tour']",San Zeno,strategy_nearest,False,0.002499818801879883,success
04E0F4429C4C80,3,"['Teatro Romano', 'Duomo']",Santa Anastasia,"['AMO', 'Museo Conte', 'Palazzo della Ragione', 'Centro Fotografia', 'Torre Lamberti']",San Fermo,strategy_nearest,False,0.003203868865966797,success
04E0FB429C4C80,1,['Arena'],Casa Giulietta,"['Centro Fotografia', 'Sighseeing', 'Torre Lamberti', 'Museo Conte', 'Museo Radio']",Torre Lamberti,strategy_nearest,True,0.002758026123046875,success
04E1183A9C4C84,0,['Arena'],Casa Giulietta,"['Centro Fotografia', 'Sighseeing', 'Torre Lamberti', 'Museo Conte', 'Museo Radio']",Duomo,strategy_nearest,False,0.00257110595703125,success
04E106429C4C84,1,"['Arena', 'San Fermo', 'Casa Giulietta', 'Torre Lamberti']",Palazzo della Ragione,"['AMO', 'Museo Conte', 'Centro Fotografia', 'Sighseeing', 'Santa Anastasia']",Santa Anastasia,strategy_nearest,True,0.0027289390563964844,success
04E116429C4C80,1,"['Arena', 'Casa Giulietta']",Torre Lamberti,"['Sighseeing', 'Centro Fotografia', 'Museo Conte', 'Palazzo della Ragione', 'AMO']",Palazzo della Ragione,strategy_nearest,True,0.0032308101654052734,success
04E11B3A9C4C84,0,['Arena'],Casa Giulietta,"['Centro Fotografia', 'Sighseeing', 'Torre Lamberti', 'Museo Conte', 'Museo Radio']",Duomo,strategy_nearest,False,0.0014078617095947266,success
04E1233A9C4C84,3,"['Casa Giulietta', 'Santa Anastasia', 'Arena', 'Castelvecchio']",San Zeno,"['Verona Tour', 'Museo Lapidario', 'Museo Miniscalchi', 'Sighseeing', 'Museo Radio']",Tomba Giulietta,strategy_nearest,False,0.0020890235900878906,success
04E13B3A9C4C80,3,"['Arena', 'Teatro Romano']",Castelvecchio,"['Museo Lapidario', 'Verona Tour', 'Museo Radio', 'San Zeno', 'Sighseeing']",Torre Lamberti,strategy_nearest,False,0.0028090476989746094,success
04E13F3A9C4C80,0,['Arena'],Museo Lapidario,"['Verona Tour', 'Castelvecchio', 'Museo Radio', 'San Fermo', 'Casa Giulietta']",Castelvecchio,strategy_nearest,True,0.0026292800903320312,success
04E143BA7B3F80,1,"['Castelvecchio', 'Casa Giulietta', 'Torre Lamberti']",Palazzo della Ragione,"['AMO', 'Museo Conte', 'Centro Fotografia', 'Sighseeing', 'Santa Anastasia']",Santa Anastasia,strategy_nearest,True,0.0025489330291748047,success
04E1463A9C4C80,2,['Torre Lamberti'],Casa Giulietta,"['Centro Fotografia', 'Sighseeing', 'Museo Conte', 'Museo Radio', 'Palazzo della Ragione']",Santa Anastasia,strategy_nearest,False,0.0031511783599853516,success
04E160429C4C80,0,"['Tomba Giulietta', 'Casa Giulietta']",Teatro Romano,"['Santa Anastasia', 'Duomo', 'AMO', 'Palazzo della Ragione', 'Museo Conte']",Castelvecchio,strategy_nearest,False,0.004183053970336914,success
04E14A3A9C4C80,2,"['Castelvecchio', 'Torre Lamberti', 'Santa Anastasia']",San Zeno,"['Verona Tour', 'Museo Lapidario', 'Arena', 'Museo Miniscalchi', 'Sighseeing']",Teatro Romano,strategy_nearest,False,0.003615140914916992,success
04E167429C4C80,0,"['San Zeno', 'Torre Lamberti']",Casa Giulietta,"['Centro Fotografia', 'Sighseeing', 'Museo Conte', 'Museo Radio', 'Palazzo della Ragione']",Teatro Romano,strategy_nearest,False,0.0021097660064697266,success
04E16A429C4C80,0,['Arena'],Casa Giulietta,"['Centro Fotografia', 'Sighseeing', 'Torre Lamberti', 'Museo Conte', 'Museo Radio']",Castelvecchio,strategy_nearest,False,0.0027208328247070312,success
04E16B429C4C80,0,['Arena'],Teatro Romano,"['Santa Anastasia', 'Duomo', 'AMO', 'Palazzo della Ragione', 'Museo Conte']",Casa Giulietta,strategy_nearest,False,0.002106904983520508,success
04E16C429C4C80,3,"['Arena', 'Casa Giulietta']",Torre Lamberti,"['Sighseeing', 'Centro Fotografia', 'Museo Conte', 'Palazzo della Ragione', 'AMO']",Santa Anastasia,strategy_nearest,False,0.001451730728149414,success
04E17B3A9C4C80,1,"['Casa Giulietta', 'Torre Lamberti', 'Palazzo della Ragione', 'Arena']",Tomba Giulietta,"['San Fermo', 'Museo Storia', 'Museo Lapidario', 'Museo Radio', 'Verona Tour']",Castelvecchio,strategy_nearest,False,0.0025589466094970703,success
04E17A3A9C4C80,0,['Casa Giulietta'],Torre Lamberti,"['Sighseeing', 'Centro Fotografia', 'Museo Conte', 'Palazzo della Ragione', 'AMO']",Arena,strategy_nearest,False,0.0035409927368164062,success
04E1883A9C4C80,0,['Teatro Romano'],Duomo,"['AMO', 'Museo Miniscalchi', 'Santa Anastasia', 'Palazzo della Ragione', 'Museo Conte']",Casa Giulietta,strategy_nearest,False,0.0024328231811523438,success
04E1863A9C4C80,0,['Arena'],Torre Lamberti,"['Sighseeing', 'Centro Fotografia', 'Museo Conte', 'Casa Giulietta', 'Palazzo della Ragione']",Casa Giulietta,strategy_nearest,True,0.003114938735961914,success
04E17B429C4C80,3,"['Arena', 'Teatro Romano']",Duomo,"['AMO', 'Museo Miniscalchi', 'Santa Anastasia', 'Palazzo della Ragione', 'Museo Conte']",Santa Anastasia,strategy_nearest,True,0.002599000930786133,success
04E18C429C4C80,0,['Arena'],Castelvecchio,"['Museo Lapidario', 'Verona Tour', 'Museo Radio', 'San Zeno', 'Sighseeing']",Casa Giulietta,strategy_nearest,False,0.001207113265991211,success
04E1974A9C4C80,0,['Arena'],Castelvecchio,"['Museo Lapidario', 'Verona Tour', 'Museo Radio', 'San Zeno', 'Sighseeing']",Santa Anastasia,strategy_nearest,False,0.002906322479248047,success
04E198BA7B3F80,1,"['Castelvecchio', 'Casa Giulietta', 'Torre Lamberti']",Palazzo della Ragione,"['AMO', 'Museo Conte', 'Centro Fotografia', 'Sighseeing', 'Santa Anastasia']",Santa Anastasia,strategy_nearest,True,0.0021560192108154297,success
04E19C429C4C80,3,"['Teatro Romano', 'Duomo']",Arena,"['Verona Tour', 'Museo Lapidario', 'Museo Radio', 'San Fermo', 'Casa Giulietta']",Casa Giulietta,strategy_nearest,True,0.002727985382080078,success
04E1A5429C4C80,0,"['Castelvecchio', 'San Zeno']",Arena,"['Verona Tour', 'Museo Lapidario', 'Museo Radio', 'San Fermo', 'Casa Giulietta']",Torre Lamberti,strategy_nearest,False,0.0026781558990478516,success
04E1AABA7B3F80,0,['Torre Lamberti'],Duomo,"['AMO', 'Museo Miniscalchi', 'Santa Anastasia', 'Teatro Romano', 'Palazzo della Ragione']",Arena,strategy_nearest,False,0.002330303192138672,success
04E1A73A9C4C80,0,['Castelvecchio'],Teatro Romano,"['Santa Anastasia', 'Duomo', 'AMO', 'Palazzo della Ragione', 'Museo Conte']",Arena,strategy_nearest,False,0.002586841583251953,success
04E1AB429C4C80,0,"['Arena', 'Casa Giulietta']",Santa Anastasia,"['AMO', 'Museo Conte', 'Palazzo della Ragione', 'Teatro Romano', 'Centro Fotografia']",Tomba Giulietta,strategy_nearest,False,0.002955198287963867,success
04E1AD429C4C80,3,['Arena'],Santa Anastasia,"['AMO', 'Museo Conte', 'Palazzo della Ragione', 'Teatro Romano', 'Centro Fotografia']",Torre Lamberti,strategy_nearest,False,0.0019960403442382812,success
04E1AF429C4C80,3,"['San Zeno', 'Castelvecchio']",Arena,"['Verona Tour', 'Museo Lapidario', 'Museo Radio', 'San Fermo', 'Casa Giulietta']",Duomo,strategy_nearest,False,0.002512216567993164,success
04E1C33A9C4C80,1,"['Casa Giulietta', 'Duomo']",Arena,"['Verona Tour', 'Museo Lapidario', 'Museo Radio', 'San Fermo', 'Sighseeing']",Santa Anastasia,strategy_nearest,False,0.002725839614868164,success
04E1B4429C4C80,3,"['Arena', 'Casa Giulietta']",Santa Anastasia,"['AMO', 'Museo Conte', 'Palazzo della Ragione', 'Teatro Romano', 'Centro Fotografia']",Duomo,strategy_nearest,False,0.0034182071685791016,success
04E1CD3A9C4C80,3,"['Arena', 'Casa Giulietta']",Torre Lamberti,"['Sighseeing', 'Centro Fotografia', 'Museo Conte', 'Palazzo della Ragione', 'AMO']",Santa Anastasia,strategy_nearest,False,0.0031909942626953125,success
04E1C5429C4C80,3,"['Casa Giulietta', 'Torre Lamberti']",Santa Anastasia,"['AMO', 'Museo Conte', 'Palazzo della Ragione', 'Teatro Romano', 'Centro Fotografia']",Castelvecchio,strategy_nearest,False,0.0025060176849365234,success
04E1D03A9C4C80,1,"['Arena', 'Castelvecchio']",Casa Giulietta,"['Centro Fotografia', 'Sighseeing', 'Torre Lamberti', 'Museo Conte', 'Museo Radio']",Torre Lamberti,strategy_nearest,True,0.0033690929412841797,success
04E1D7429C4C80,3,"['Arena', 'Santa Anastasia']",Casa Giulietta,"['Centro Fotografia', 'Sighseeing', 'Torre Lamberti', 'Museo Conte', 'Museo Radio']",San Fermo,strategy_nearest,False,0.004103899002075195,success
04E1DD3A9C4C80,3,['Arena'],Torre Lamberti,"['Sighseeing', 'Centro Fotografia', 'Museo Conte', 'Casa Giulietta', 'Palazzo della Ragione']",Santa Anastasia,strategy_nearest,False,0.001990795135498047,success
04E1E83A9C4C80,1,"['Arena', 'Torre Lamberti', 'Palazzo della Ragione']",Casa Giulietta,"['Centro Fotografia', 'Sighseeing', 'Museo Conte', 'Museo Radio', 'San Fermo']",Teatro Romano,strategy_nearest,False,0.0034592151641845703,success
04E206429C4C84,3,"['Arena', 'Torre Lamberti', 'Santa Anastasia']",Duomo,"['AMO', 'Museo Miniscalchi', 'Teatro Romano', 'Palazzo della Ragione', 'Museo Conte']",Giardino Giusti,strategy_nearest,False,0.0023651123046875,success
04E1FB3A9C4C80,0,"['Teatro Romano', 'Casa Giulietta']",Arena,"['Verona Tour', 'Museo Lapidario', 'Museo Radio', 'San Fermo', 'Sighseeing']",Castelvecchio,strategy_nearest,False,0.0034580230712890625,success
04E216429C4C84,0,['Castelvecchio'],Arena,"['Verona Tour', 'Museo Lapidario', 'Museo Radio', 'San Fermo', 'Casa Giulietta']",Tomba Giulietta,strategy_nearest,False,0.0033059120178222656,success
04E20B429C4C84,1,"['Arena', 'Torre Lamberti', 'Casa Giulietta']",San Fermo,"['Museo Storia', 'Museo Radio', 'Centro Fotografia', 'Sighseeing', 'Museo Conte']",Castelvecchio,strategy_nearest,False,0.0035009384155273438,success
04E218429C4C80,3,"['Arena', 'Casa Giulietta']",Castelvecchio,"['Museo Lapidario', 'Verona Tour', 'Museo Radio', 'San Zeno', 'Sighseeing']",Duomo,strategy_nearest,False,0.0027980804443359375,success
04E21E3A9C4C84,0,"['Arena', 'Casa Giulietta']",Castelvecchio,"['Museo Lapidario', 'Verona Tour', 'Museo Radio', 'San Zeno', 'Sighseeing']",Torre Lamberti,strategy_nearest,False,0.0031371116638183594,success
04E2283A9C4C80,0,['Arena'],Casa Giulietta,"['Centro Fotografia', 'Sighseeing', 'Torre Lamberti', 'Museo Conte', 'Museo Radio']",Teatro Romano,strategy_nearest,False,0.0033609867095947266,success
04E2273A9C4C80,3,['Arena'],Casa Giulietta,"['Centro Fotografia', 'Sighseeing', 'Torre Lamberti', 'Museo Conte', 'Museo Radio']",Torre Lamberti,strategy_nearest,True,0.002813100814819336,success
04E2393A9C4C80,3,"['Arena', 'Casa Giulietta']",Santa Anastasia,"['AMO', 'Museo Conte', 'Palazzo della Ragione', 'Teatro Romano', 'Centro Fotografia']",Teatro Romano,strategy_nearest,True,0.0020399093627929688,success
04E2383A9C4C80,0,['San Fermo'],Arena,"['Verona Tour', 'Museo Lapidario', 'Museo Radio', 'Casa Giulietta', 'Sighseeing']",Castelvecchio,strategy_nearest,False,0.003268718719482422,success
04E239429C4C80,2,['Duomo'],Teatro Romano,"['Santa Anastasia', 'AMO', 'Palazzo della Ragione', 'Museo Conte', 'Centro Fotografia']",Casa Giulietta,strategy_nearest,False,0.0026290416717529297,success
04E23F429C4C80,3,"['Arena', 'Museo Lapidario']",Casa Giulietta,"['Centro Fotografia', 'Sighseeing', 'Torre Lamberti', 'Museo Conte', 'Museo Radio']",Torre Lamberti,strategy_nearest,True,0.002004861831665039,success
04E2423A9C4C80,0,"['Arena', 'Castelvecchio']",Casa Giulietta,"['Centro Fotografia', 'Sighseeing', 'Torre Lamberti', 'Museo Conte', 'Museo Radio']",Torre Lamberti,strategy_nearest,True,0.0013549327850341797,success
04E24A3A9C4C80,1,['Arena'],Casa Giulietta,"['Centro Fotografia', 'Sighseeing', 'Torre Lamberti', 'Museo Conte', 'Museo Radio']",Torre Lamberti,strategy_nearest,True,0.0032110214233398438,success
04E256429C4C80,1,['Arena'],Palazzo della Ragione,"['AMO', 'Museo Conte', 'Torre Lamberti', 'Centro Fotografia', 'Sighseeing']",Castelvecchio,strategy_nearest,False,0.0025620460510253906,success
04E257429C4C80,0,['Arena'],Casa Giulietta,"['Centro Fotografia', 'Sighseeing', 'Torre Lamberti', 'Museo Conte', 'Museo Radio']",Castelvecchio,strategy_nearest,False,0.0033369064331054688,success
04E2513A9C4C80,3,"['Arena', 'Museo Lapidario', 'Castelvecchio']",Casa Giulietta,"['Centro Fotografia', 'Sighseeing', 'Torre Lamberti', 'Museo Conte', 'Museo Radio']",Santa Anastasia,strategy_nearest,False,0.0017998218536376953,success
04E26B429C4C80,0,['Arena'],Casa Giulietta,"['Centro Fotografia', 'Sighseeing', 'Torre Lamberti', 'Museo Conte', 'Museo Radio']",Teatro Romano,strategy_nearest,False,0.0029256343841552734,success
04E27B3A9C4C80,3,"['Arena', 'Casa Giulietta', 'Torre Lamberti']",Museo Lapidario,"['Verona Tour', 'Castelvecchio', 'Museo Radio', 'San Fermo', 'Tomba Giulietta']",Duomo,strategy_nearest,False,0.001920938491821289,success
04E26C429C4C80,1,"['Castelvecchio', 'Torre Lamberti', 'Palazzo della Ragione']",Museo Storia,"['San Fermo', 'Museo Radio', 'Casa Giulietta', 'Centro Fotografia', 'Tomba Giulietta']",Teatro Romano,strategy_nearest,False,0.0025260448455810547,success
04E2733A9C4C80,0,['Arena'],Santa Anastasia,"['AMO', 'Museo Conte', 'Palazzo della Ragione', 'Teatro Romano', 'Centro Fotografia']",Casa Giulietta,strategy_nearest,False,0.0028028488159179688,success
04E27D429C4C80,1,"['Casa Giulietta', 'Palazzo della Ragione']",Torre Lamberti,"['Sighseeing', 'Centro Fotografia', 'Museo Conte', 'AMO', 'Museo Miniscalchi']",Santa Anastasia,strategy_nearest,False,0.003178119659423828,success
04E2874A9C4C80,0,['Arena'],Castelvecchio,"['Museo Lapidario', 'Verona Tour', 'Museo Radio', 'San Zeno', 'Sighseeing']",Casa Giulietta,strategy_nearest,False,0.002148866653442383,success
04E28E3A9C4C80,1,"['Arena', 'Museo Lapidario']",Casa Giulietta,"['Centro Fotografia', 'Sighseeing', 'Torre Lamberti', 'Museo Conte', 'Museo Radio']",Torre Lamberti,strategy_nearest,True,0.0032978057861328125,success
04E2803A9C4C80,1,"['Arena', 'Casa Giulietta']",Torre Lamberti,"['Sighseeing', 'Centro Fotografia', 'Museo Conte', 'Palazzo della Ragione', 'AMO']",Palazzo della Ragione,strategy_nearest,True,0.004040241241455078,success
04E28F429C4C80,3,"['San Fermo', 'Duomo']",Santa Anastasia,"['AMO', 'Museo Conte', 'Palazzo della Ragione', 'Teatro Romano', 'Centro Fotografia']",Arena,strategy_nearest,False,0.002048015594482422,success
04E2B1429C4C80,0,['Arena'],Palazzo della Ragione,"['AMO', 'Museo Conte', 'Torre Lamberti', 'Centro Fotografia', 'Sighseeing']",Casa Giulietta,strategy_nearest,False,0.0019567012786865234,success
04E2AD429C4C80,2,['Casa Giulietta'],San Zeno,"['Castelvecchio', 'Verona Tour', 'Museo Lapidario', 'Arena', 'Museo Miniscalchi']",Castelvecchio,strategy_nearest,True,0.0023610591888427734,success
04E2B53A9C4C80,0,['Castelvecchio'],Casa Giulietta,"['Centro Fotografia', 'Sighseeing', 'Torre Lamberti', 'Museo Conte', 'Museo Radio']",Arena,strategy_nearest,False,0.0027692317962646484,success
04E2B7429C4C80,1,"['Arena', 'Casa Giulietta']",Santa Anastasia,"['AMO', 'Museo Conte', 'Palazzo della Ragione', 'Teatro Romano', 'Centro Fotografia']",Palazzo della Ragione,strategy_nearest,True,0.0030357837677001953,success
04E2BD429C4C80,0,"['Castelvecchio', 'Arena']",Casa Giulietta,"['Centro Fotografia', 'Sighseeing', 'Torre Lamberti', 'Museo Conte', 'Museo Radio']",Santa Anastasia,strategy_nearest,False,0.0033669471740722656,success
04E2BE3A9C4C80,1,['Castelvecchio'],Arena,"['Verona Tour', 'Museo Lapidario', 'Museo Radio', 'San Fermo', 'Casa Giulietta']",Palazzo della Ragione,strategy_nearest,False,0.0027179718017578125,success
04E2C0429C4C80,0,['Arena'],Duomo,"['AMO', 'Museo Miniscalchi', 'Santa Anastasia', 'Teatro Romano', 'Palazzo della Ragione']",Teatro Romano,strategy_nearest,True,0.003368854522705078,success
04E2C7429C4C80,0,"['Arena', 'Castelvecchio']",Casa Giulietta,"['Centro Fotografia', 'Sighseeing', 'Torre Lamberti', 'Museo Conte', 'Museo Radio']",Museo Storia,strategy_nearest,False,0.003509998321533203,success
04E2C93A9C4C80,3,['Torre Lamberti'],Santa Anastasia,"['AMO', 'Museo Conte', 'Palazzo della Ragione', 'Teatro Romano', 'Centro Fotografia']",Duomo,strategy_nearest,False,0.0030541419982910156,success
04E2CB3A9C4C80,3,['Arena'],Duomo,"['AMO', 'Museo Miniscalchi', 'Santa Anastasia', 'Teatro Romano', 'Palazzo della Ragione']",Santa Anastasia,strategy_nearest,True,0.0023589134216308594,success
04E2DB3A9C4C80,0,['Arena'],Casa Giulietta,"['Centro Fotografia', 'Sighseeing', 'Torre Lamberti', 'Museo Conte', 'Museo Radio']",Santa Anastasia,strategy_nearest,False,0.0013456344604492188,success
04E2D23A9C4C80,1,"['Teatro Romano', 'Arena']",Duomo,"['AMO', 'Museo Miniscalchi', 'Santa Anastasia', 'Palazzo della Ragione', 'Museo Conte']",Torre Lamberti,strategy_nearest,False,0.0034279823303222656,success
04E2CE3A9C4C80,3,"['Santa Anastasia', 'Duomo']",Teatro Romano,"['AMO', 'Palazzo della Ragione', 'Museo Conte', 'Centro Fotografia', 'Museo Miniscalchi']",Arena,strategy_nearest,False,0.004055976867675781,success
04E2DC3A9C4C80,3,"['Arena', 'Casa Giulietta']",Santa Anastasia,"['AMO', 'Museo Conte', 'Palazzo della Ragione', 'Teatro Romano', 'Centro Fotografia']",Duomo,strategy_nearest,False,0.0033249855041503906,success
04E2E03A9C4C80,0,['Arena'],San Zeno,"['Castelvecchio', 'Verona Tour', 'Museo Lapidario', 'Museo Miniscalchi', 'Sighseeing']",Duomo,strategy_nearest,False,0.0017859935760498047,success
04E2E23A9C4C80,0,['Arena'],Casa Giulietta,"['Centro Fotografia', 'Sighseeing', 'Torre Lamberti', 'Museo Conte', 'Museo Radio']",Duomo,strategy_nearest,False,0.0025649070739746094,success
04E2F43A9C4C80,3,"['Arena', 'Casa Giulietta']",Santa Anastasia,"['AMO', 'Museo Conte', 'Palazzo della Ragione', 'Teatro Romano', 'Centro Fotografia']",Duomo,strategy_nearest,False,0.002824068069458008,success
04E2FC3A9C4C80,3,"['Arena', 'Castelvecchio']",Teatro Romano,"['Santa Anastasia', 'Duomo', 'AMO', 'Palazzo della Ragione', 'Museo Conte']",Duomo,strategy_nearest,True,0.002769947052001953,success
04E306429C4C84,1,"['Arena', 'San Fermo', 'Casa Giulietta', 'Torre Lamberti']",Palazzo della Ragione,"['AMO', 'Museo Conte', 'Centro Fotografia', 'Sighseeing', 'Santa Anastasia']",Santa Anastasia,strategy_nearest,True,0.0023479461669921875,success
04E3043A9C4C84,2,"['Torre Lamberti', 'Santa Anastasia']",Duomo,"['AMO', 'Museo Miniscalchi', 'Teatro Romano', 'Palazzo della Ragione', 'Museo Conte']",Casa Giulietta,strategy_nearest,False,0.003988981246948242,success
04E30A3A9C4C84,0,['Torre Lamberti'],Casa Giulietta,"['Centro Fotografia', 'Sighseeing', 'Museo Conte', 'Museo Radio', 'Palazzo della Ragione']",Arena,strategy_nearest,False,0.004182100296020508,success
04E315429C4C80,3,"['Arena', 'Castelvecchio']",Santa Anastasia,"['AMO', 'Museo Conte', 'Palazzo della Ragione', 'Teatro Romano', 'Centro Fotografia']",Torre Lamberti,strategy_nearest,False,0.0026807785034179688,success
04E30D429C4C84,3,"['Arena', 'Torre Lamberti']",Santa Anastasia,"['AMO', 'Museo Conte', 'Palazzo della Ragione', 'Teatro Romano', 'Centro Fotografia']",Duomo,strategy_nearest,False,0.002516031265258789,success
04E3163A9C4C80,0,['Arena'],Casa Giulietta,"['Centro Fotografia', 'Sighseeing', 'Torre Lamberti', 'Museo Conte', 'Museo Radio']",Tomba Giulietta,strategy_nearest,False,0.003062009811401367,success
04E31A3A9C4C84,2,"['Castelvecchio', 'Teatro Romano']",Casa Giulietta,"['Centro Fotografia', 'Sighseeing', 'Torre Lamberti', 'Museo Conte', 'Museo Radio']",Torre Lamberti,strategy_nearest,True,0.0015101432800292969,success
04E3213A9C4C84,1,"['Teatro Romano', 'Duomo', 'Santa Anastasia']",Palazzo della Ragione,"['AMO', 'Museo Conte', 'Torre Lamberti', 'Centro Fotografia', 'Sighseeing']",Torre Lamberti,strategy_nearest,True,0.0032129287719726562,success
04E31D3A9C4C84,0,['Arena'],Museo Lapidario,"['Verona Tour', 'Castelvecchio', 'Museo Radio', 'San Fermo', 'Casa Giulietta']",Casa Giulietta,strategy_nearest,True,0.002662181854248047,success
04E3173A9C4C80,0,['Arena'],Casa Giulietta,"['Centro Fotografia', 'Sighseeing', 'Torre Lamberti', 'Museo Conte', 'Museo Radio']",Teatro Romano,strategy_nearest,False,0.0021550655364990234,success
04E3233A9C4C80,0,['Arena'],Casa Giulietta,"['Centro Fotografia', 'Sighseeing', 'Torre Lamberti', 'Museo Conte', 'Museo Radio']",Tomba Giulietta,strategy_nearest,False,0.0021800994873046875,success
04E3234A9C4C80,2,"['Tomba Giulietta', 'Teatro Romano', 'Casa Giulietta']",Castelvecchio,"['Museo Lapidario', 'Verona Tour', 'Arena', 'Museo Radio', 'San Zeno']",Santa Anastasia,strategy_nearest,False,0.0014159679412841797,success
04E3243A9C4C80,1,"['Arena', 'Casa Giulietta']",San Fermo,"['Museo Storia', 'Museo Radio', 'Centro Fotografia', 'Sighseeing', 'Torre Lamberti']",Torre Lamberti,strategy_nearest,True,0.0027818679809570312,success
04E352429C4C80,0,"['Arena', 'Casa Giulietta']",Torre Lamberti,"['Sighseeing', 'Centro Fotografia', 'Museo Conte', 'Palazzo della Ragione', 'AMO']",Castelvecchio,strategy_nearest,False,0.0029098987579345703,success
04E3563A9C4C80,1,"['Castelvecchio', 'Duomo', 'Arena', 'San Fermo']",Casa Giulietta,"['Centro Fotografia', 'Sighseeing', 'Torre Lamberti', 'Museo Conte', 'Museo Radio']",Santa Anastasia,strategy_nearest,False,0.0013151168823242188,success
04E375429C4C80,0,['Arena'],Museo Lapidario,"['Verona Tour', 'Castelvecchio', 'Museo Radio', 'San Fermo', 'Casa Giulietta']",Casa Giulietta,strategy_nearest,True,0.002329111099243164,success
04E360429C4C80,1,"['Arena', 'San Fermo']",Casa Giulietta,"['Centro Fotografia', 'Sighseeing', 'Torre Lamberti', 'Museo Conte', 'Museo Radio']",Palazzo della Ragione,strategy_nearest,False,0.0019881725311279297,success
04E37E429C4C80,0,['Casa Giulietta'],Torre Lamberti,"['Sighseeing', 'Centro Fotografia', 'Museo Conte', 'Palazzo della Ragione', 'AMO']",Arena,strategy_nearest,False,0.003326892852783203,success
04E390429C4C80,3,"['San Fermo', 'Arena']",Casa Giulietta,"['Centro Fotografia', 'Sighseeing', 'Torre Lamberti', 'Museo Conte', 'Museo Radio']",Torre Lamberti,strategy_nearest,True,0.0020089149475097656,success
04E3884A9C4C80,1,"['Arena', 'Museo Lapidario', 'Torre Lamberti']",Palazzo della Ragione,"['AMO', 'Museo Conte', 'Centro Fotografia', 'Sighseeing', 'Santa Anastasia']",Casa Giulietta,strategy_nearest,False,0.0027811527252197266,success
04E3844A9C4C80,1,"['Arena', 'Castelvecchio', 'Torre Lamberti', 'Palazzo della Ragione']",Santa Anastasia,"['AMO', 'Museo Conte', 'Teatro Romano', 'Centro Fotografia', 'Duomo']",Duomo,strategy_nearest,True,0.004019021987915039,success
04E3A54A9C4C80,1,['Arena'],Castelvecchio,"['Museo Lapidario', 'Verona Tour', 'Museo Radio', 'San Zeno', 'Sighseeing']",Casa Giulietta,strategy_nearest,False,0.003197908401489258,success
04E3B13A9C4C80,0,['Arena'],San Fermo,"['Museo Storia', 'Museo Radio', 'Casa Giulietta', 'Centro Fotografia', 'Sighseeing']",Torre Lamberti,strategy_nearest,False,0.0032439231872558594,success
04E3B83A9C4C80,2,['Torre Lamberti'],Teatro Romano,"['Santa Anastasia', 'Duomo', 'AMO', 'Palazzo della Ragione', 'Museo Conte']",San Fermo,strategy_nearest,False,0.00339508056640625,success
04E3B8429C4C80,0,['Castelvecchio'],Arena,"['Verona Tour', 'Museo Lapidario', 'Museo Radio', 'San Fermo', 'Casa Giulietta']",Casa Giulietta,strategy_nearest,True,0.002724885940551758,success
04E3BD429C4C80,3,"['Santa Anastasia', 'Torre Lamberti']",Casa Giulietta,"['Centro Fotografia', 'Sighseeing', 'Museo Conte', 'Museo Radio', 'Palazzo della Ragione']",San Fermo,strategy_nearest,False,0.002496957778930664,success
04E3C63A9C4C80,1,"['Arena', 'Torre Lamberti']",Palazzo della Ragione,"['AMO', 'Museo Conte', 'Centro Fotografia', 'Sighseeing', 'Santa Anastasia']",Santa Anastasia,strategy_nearest,True,0.0027031898498535156,success
04E3C6429C4C80,3,"['Arena', 'Torre Lamberti']",Casa Giulietta,"['Centro Fotografia', 'Sighseeing', 'Museo Conte', 'Museo Radio', 'Palazzo della Ragione']",Santa Anastasia,strategy_nearest,False,0.0026967525482177734,success
04E3CF3A9C4C80,0,['Arena'],Casa Giulietta,"['Centro Fotografia', 'Sighseeing', 'Torre Lamberti', 'Museo Conte', 'Museo Radio']",Torre Lamberti,strategy_nearest,True,0.0030012130737304688,success
04E3DF3A9C4C80,0,['Arena'],Casa Giulietta,"['Centro Fotografia', 'Sighseeing', 'Torre Lamberti', 'Museo Conte', 'Museo Radio']",Castelvecchio,strategy_nearest,False,0.004136323928833008,success
04E3DE3A9C4C80,3,"['Arena', 'San Zeno', 'Santa Anastasia']",Teatro Romano,"['Duomo', 'AMO', 'Palazzo della Ragione', 'Museo Conte', 'Centro Fotografia']",Casa Giulietta,strategy_nearest,False,0.0034799575805664062,success
04E3E93A9C4C80,0,['Arena'],Casa Giulietta,"['Centro Fotografia', 'Sighseeing', 'Torre Lamberti', 'Museo Conte', 'Museo Radio']",Torre Lamberti,strategy_nearest,True,0.002701997756958008,success
04E3DC3A9C4C80,3,"['Arena', 'Casa Giulietta']",Santa Anastasia,"['AMO', 'Museo Conte', 'Palazzo della Ragione', 'Teatro Romano', 'Centro Fotografia']",Duomo,strategy_nearest,False,0.003607034683227539,success
04E41E4A9C4C80,1,"['Arena', 'Casa Giulietta', 'Teatro Romano', 'Torre Lamberti']",Museo Lapidario,"['Verona Tour', 'Castelvecchio', 'Museo Radio', 'San Fermo', 'Tomba Giulietta']",Arena,strategy_nearest,False,0.003041982650756836,success
04E41C429C4C80,3,"['Castelvecchio', 'Arena', 'Casa Giulietta']",Torre Lamberti,"['Sighseeing', 'Centro Fotografia', 'Museo Conte', 'Palazzo della Ragione', 'AMO']",Santa Anastasia,strategy_nearest,False,0.002373933792114258,success
04E4853A9C4C80,0,['Castelvecchio'],Arena,"['Verona Tour', 'Museo Lapidario', 'Museo Radio', 'San Fermo', 'Casa Giulietta']",Casa Giulietta,strategy_nearest,True,0.0016481876373291016,success
04E4854A9C4C80,3,['Arena'],Casa Giulietta,"['Centro Fotografia', 'Sighseeing', 'Torre Lamberti', 'Museo Conte', 'Museo Radio']",Santa Anastasia,strategy_nearest,False,0.0034859180450439453,success
04E50A3A9C4C84,3,"['Casa Giulietta', 'Torre Lamberti']",Santa Anastasia,"['AMO', 'Museo Conte', 'Palazzo della Ragione', 'Teatro Romano', 'Centro Fotografia']",Teatro Romano,strategy_nearest,True,0.0033218860626220703,success
04E4C73A9C4C80,0,['Arena'],Duomo,"['AMO', 'Museo Miniscalchi', 'Santa Anastasia', 'Teatro Romano', 'Palazzo della Ragione']",Teatro Romano,strategy_nearest,True,0.0024530887603759766,success
04E5043A9C4C84,1,"['Arena', 'Museo Lapidario']",Castelvecchio,"['Verona Tour', 'Museo Radio', 'San Zeno', 'Sighseeing', 'Museo Miniscalchi']",Palazzo della Ragione,strategy_nearest,False,0.002933025360107422,success
04E4A53A9C4C80,0,['Castelvecchio'],Teatro Romano,"['Santa Anastasia', 'Duomo', 'AMO', 'Palazzo della Ragione', 'Museo Conte']",Arena,strategy_nearest,False,0.0018548965454101562,success
04E5163A9C4C84,3,"['Duomo', 'Torre Lamberti']",Arena,"['Verona Tour', 'Museo Lapidario', 'Museo Radio', 'San Fermo', 'Casa Giulietta']",Castelvecchio,strategy_nearest,False,0.00226593017578125,success
04E51E429C4C80,1,"['Arena', 'Teatro Romano', 'Duomo']",Santa Anastasia,"['AMO', 'Museo Conte', 'Palazzo della Ragione', 'Centro Fotografia', 'Torre Lamberti']",Casa Giulietta,strategy_nearest,False,0.001680135726928711,success
04E518429C4C80,3,"['Arena', 'Casa Giulietta']",Santa Anastasia,"['AMO', 'Museo Conte', 'Palazzo della Ragione', 'Teatro Romano', 'Centro Fotografia']",Teatro Romano,strategy_nearest,True,0.00286102294921875,success
04E521429C4C84,3,"['Arena', 'Duomo', 'Santa Anastasia']",San Fermo,"['Museo Storia', 'Museo Radio', 'Casa Giulietta', 'Centro Fotografia', 'Sighseeing']",Castelvecchio,strategy_nearest,False,0.003393888473510742,success
04E5294A9C4C80,3,"['Arena', 'Museo Lapidario', 'Casa Giulietta', 'Torre Lamberti']",Santa Anastasia,"['AMO', 'Museo Conte', 'Palazzo della Ragione', 'Teatro Romano', 'Centro Fotografia']",Duomo,strategy_nearest,False,0.0036597251892089844,success
04E52A429C4C80,3,"['Arena', 'Casa Giulietta', 'Torre Lamberti', 'Santa Anastasia']",Teatro Romano,"['Duomo', 'AMO', 'Palazzo della Ragione', 'Museo Conte', 'Centro Fotografia']",Museo Lapidario,strategy_nearest,False,0.0029320716857910156,success
04E52A3A9C4C80,0,['Arena'],Castelvecchio,"['Museo Lapidario', 'Verona Tour', 'Museo Radio', 'San Zeno', 'Sighseeing']",Teatro Romano,strategy_nearest,False,0.0023148059844970703,success
04E5373A9C4C80,1,"['Arena', 'Palazzo della Ragione']",Torre Lamberti,"['Sighseeing', 'Centro Fotografia', 'Museo Conte', 'Casa Giulietta', 'AMO']",Casa Giulietta,strategy_nearest,True,0.0030901432037353516,success
04E5413A9C4C80,3,"['Santa Anastasia', 'Casa Giulietta']",Arena,"['Verona Tour', 'Museo Lapidario', 'Museo Radio', 'San Fermo', 'Sighseeing']",San Fermo,strategy_nearest,True,0.002267122268676758,success
04E556429C4C80,1,"['Arena', 'Casa Giulietta']",Palazzo della Ragione,"['AMO', 'Museo Conte', 'Torre Lamberti', 'Centro Fotografia', 'Sighseeing']",Torre Lamberti,strategy_nearest,True,0.0028269290924072266,success
04E54F429C4C80,3,"['Arena', 'Casa Giulietta', 'San Fermo', 'Teatro Romano']",Duomo,"['AMO', 'Museo Miniscalchi', 'Santa Anastasia', 'Palazzo della Ragione', 'Museo Conte']",Santa Anastasia,strategy_nearest,True,0.002710103988647461,success
04E5753A9C4C80,0,"['Arena', 'Castelvecchio']",Duomo,"['AMO', 'Museo Miniscalchi', 'Santa Anastasia', 'Teatro Romano', 'Palazzo della Ragione']",Teatro Romano,strategy_nearest,True,0.0025289058685302734,success
04E56F429C4C80,1,['Arena'],Torre Lamberti,"['Sighseeing', 'Centro Fotografia', 'Museo Conte', 'Casa Giulietta', 'Palazzo della Ragione']",Palazzo della Ragione,strategy_nearest,True,0.0029659271240234375,success
04E579429C4C80,0,"['Casa Giulietta', 'Torre Lamberti']",Arena,"['Verona Tour', 'Museo Lapidario', 'Museo Radio', 'San Fermo', 'Sighseeing']",Castelvecchio,strategy_nearest,False,0.003020048141479492,success
04E5793A9C4C80,2,['Castelvecchio'],Casa Giulietta,"['Centro Fotografia', 'Sighseeing', 'Torre Lamberti', 'Museo Conte', 'Museo Radio']",Teatro Romano,strategy_nearest,False,0.002741098403930664,success
04E57B429C4C80,1,"['Arena', 'San Fermo']",Casa Giulietta,"['Centro Fotografia', 'Sighseeing', 'Torre Lamberti', 'Museo Conte', 'Museo Radio']",Torre Lamberti,strategy_nearest,True,0.003709077835083008,success
04E57F4A9C4C80,3,"['San Fermo', 'Torre Lamberti']",Duomo,"['AMO', 'Museo Miniscalchi', 'Santa Anastasia', 'Teatro Romano', 'Palazzo della Ragione']",Arena,strategy_nearest,False,0.0028600692749023438,success
04E582429C4C80,0,['Arena'],Torre Lamberti,"['Sighseeing', 'Centro Fotografia', 'Museo Conte', 'Casa Giulietta', 'Palazzo della Ragione']",Castelvecchio,strategy_nearest,False,0.0026159286499023438,success
04E5854A9C4C80,2,['Teatro Romano'],Torre Lamberti,"['Sighseeing', 'Centro Fotografia', 'Museo Conte', 'Casa Giulietta', 'Palazzo della Ragione']",Palazzo della Ragione,strategy_nearest,True,0.0019419193267822266,success
04E5833A9C4C80,2,['Castelvecchio'],Teatro Romano,"['Santa Anastasia', 'Duomo', 'AMO', 'Palazzo della Ragione', 'Museo Conte']",Santa Anastasia,strategy_nearest,True,0.0041332244873046875,success
04E587429C4C80,3,"['Arena', 'Museo Lapidario', 'Casa Giulietta']",Torre Lamberti,"['Sighseeing', 'Centro Fotografia', 'Museo Conte', 'Palazzo della Ragione', 'AMO']",Teatro Romano,strategy_nearest,False,0.0028541088104248047,success
04E5884A9C4C80,0,['Arena'],Casa Giulietta,"['Centro Fotografia', 'Sighseeing', 'Torre Lamberti', 'Museo Conte', 'Museo Radio']",Torre Lamberti,strategy_nearest,True,0.0034418106079101562,success
04E5984A9C4C80,3,['Torre Lamberti'],Arena,"['Verona Tour', 'Museo Lapidario', 'Museo Radio', 'San Fermo', 'Casa Giulietta']",Casa Giulietta,strategy_nearest,True,0.0024161338806152344,success
04E590429C4C80,3,"['Arena', 'Casa Giulietta', 'Santa Anastasia']",Giardino Giusti,"['Teatro Romano', 'Museo Conte', 'Centro Fotografia', 'Museo Storia', 'AMO']",Duomo,strategy_nearest,False,0.003320932388305664,success
04E5A672743380,0,['Arena'],Casa Giulietta,"['Centro Fotografia', 'Sighseeing', 'Torre Lamberti', 'Museo Conte', 'Museo Radio']",Teatro Romano,strategy_nearest,False,0.002601146697998047,success
04E5B03A9C4C80,3,"['Castelvecchio', 'San Zeno', 'Arena']",Torre Lamberti,"['Sighseeing', 'Centro Fotografia', 'Museo Conte', 'Casa Giulietta', 'Palazzo della Ragione']",Casa Giulietta,strategy_nearest,True,0.0024919509887695312,success
04E5A6429C4C80,3,"['Casa Giulietta', 'Tomba Giulietta', 'Santa Anastasia', 'Torre Lamberti']",Arena,"['Verona Tour', 'Museo Lapidario', 'Museo Radio', 'San Fermo', 'Sighseeing']",San Zeno,strategy_nearest,False,0.003322124481201172,success
04E5B1429C4C80,1,"['Arena', 'Torre Lamberti', 'Palazzo della Ragione']",Casa Giulietta,"['Centro Fotografia', 'Sighseeing', 'Museo Conte', 'Museo Radio', 'San Fermo']",Santa Anastasia,strategy_nearest,False,0.0033740997314453125,success
04E5B3429C4C80,0,"['Arena', 'Casa Giulietta']",Torre Lamberti,"['Sighseeing', 'Centro Fotografia', 'Museo Conte', 'Palazzo della Ragione', 'AMO']",Castelvecchio,strategy_nearest,False,0.0025658607482910156,success
04E5B53A9C4C80,3,['Arena'],Santa Anastasia,"['AMO', 'Museo Conte', 'Palazzo della Ragione', 'Teatro Romano', 'Centro Fotografia']",Torre Lamberti,strategy_nearest,False,0.0025110244750976562,success
04E5B9429C4C80,1,"['Arena', 'Palazzo della Ragione']",Torre Lamberti,"['Sighseeing', 'Centro Fotografia', 'Museo Conte', 'Casa Giulietta', 'AMO']",Santa Anastasia,strategy_nearest,False,0.0026099681854248047,success
04E5BB429C4C80,2,['Torre Lamberti'],Castelvecchio,"['Museo Lapidario', 'Verona Tour', 'Arena', 'Museo Radio', 'San Zeno']",Santa Anastasia,strategy_nearest,False,0.0026581287384033203,success
04E5B6429C4C80,0,['Arena'],Casa Giulietta,"['Centro Fotografia', 'Sighseeing', 'Torre Lamberti', 'Museo Conte', 'Museo Radio']",Casa Giulietta,strategy_nearest,False,0.005026102066040039,success
04E5BD3A9C4C80,0,['Arena'],Tomba Giulietta,"['San Fermo', 'Museo Storia', 'Museo Lapidario', 'Museo Radio', 'Verona Tour']",Castelvecchio,strategy_nearest,False,0.0031731128692626953,success
04E5BE429C4C80,1,"['Castelvecchio', 'Museo Lapidario', 'Arena']",Casa Giulietta,"['Centro Fotografia', 'Sighseeing', 'Torre Lamberti', 'Museo Conte', 'Museo Radio']",Torre Lamberti,strategy_nearest,True,0.003412961959838867,success
04E5CF429C4C80,3,"['San Fermo', 'Casa Giulietta', 'Torre Lamberti', 'Arena']",Santa Anastasia,"['AMO', 'Museo Conte', 'Palazzo della Ragione', 'Teatro Romano', 'Centro Fotografia']",Duomo,strategy_nearest,False,0.0031020641326904297,success
04E5C8429C4C80,3,"['Duomo', 'Torre Lamberti']",Arena,"['Verona Tour', 'Museo Lapidario', 'Museo Radio', 'San Fermo', 'Casa Giulietta']",Castelvecchio,strategy_nearest,False,0.003354787826538086,success
04E5C9429C4C80,1,"['Arena', 'San Fermo', 'Casa Giulietta', 'Palazzo della Ragione']",Torre Lamberti,"['Sighseeing', 'Centro Fotografia', 'Museo Conte', 'AMO', 'Museo Miniscalchi']",Santa Anastasia,strategy_nearest,False,0.002724170684814453,success
04E5D73A9C4C80,3,"['Arena', 'Casa Giulietta']",Torre Lamberti,"['Sighseeing', 'Centro Fotografia', 'Museo Conte', 'Palazzo della Ragione', 'AMO']",Castelvecchio,strategy_nearest,False,0.0013580322265625,success
04E5FC429C4C80,0,['San Zeno'],Castelvecchio,"['Museo Lapidario', 'Verona Tour', 'Arena', 'Museo Radio', 'Sighseeing']",Torre Lamberti,strategy_nearest,False,0.0025010108947753906,success
04E5E13A9C4C80,0,['Arena'],Duomo,"['AMO', 'Museo Miniscalchi', 'Santa Anastasia', 'Teatro Romano', 'Palazzo della Ragione']",Castelvecchio,strategy_nearest,False,0.001989126205444336,success
04E603429C4C84,3,"['Arena', 'Torre Lamberti', 'Museo Lapidario']",Castelvecchio,"['Verona Tour', 'Museo Radio', 'San Zeno', 'Sighseeing', 'Museo Miniscalchi']",Casa Giulietta,strategy_nearest,False,0.0036160945892333984,success
04E60A3A9C4C84,1,['Torre Lamberti'],Palazzo della Ragione,"['AMO', 'Museo Conte', 'Centro Fotografia', 'Sighseeing', 'Santa Anastasia']",Arena,strategy_nearest,False,0.0018658638000488281,success
04E60F429C4C84,3,"['Arena', 'Museo Lapidario']",Castelvecchio,"['Verona Tour', 'Museo Radio', 'San Zeno', 'Sighseeing', 'Museo Miniscalchi']",Tomba Giulietta,strategy_nearest,False,0.0025572776794433594,success
04E61A429C4C80,1,"['Arena', 'San Fermo']",Casa Giulietta,"['Centro Fotografia', 'Sighseeing', 'Torre Lamberti', 'Museo Conte', 'Museo Radio']",Torre Lamberti,strategy_nearest,True,0.0025098323822021484,success
04E618429C4C80,1,"['Torre Lamberti', 'Palazzo della Ragione', 'Casa Giulietta']",Arena,"['Verona Tour', 'Museo Lapidario', 'Museo Radio', 'San Fermo', 'Sighseeing']",Duomo,strategy_nearest,False,0.0019371509552001953,success
04E6183A9C4C84,1,"['Torre Lamberti', 'Palazzo della Ragione']",Casa Giulietta,"['Centro Fotografia', 'Sighseeing', 'Museo Conte', 'Museo Radio', 'San Fermo']",Arena,strategy_nearest,False,0.005020856857299805,success
04E61E3A9C4C84,0,['Santa Anastasia'],Casa Giulietta,"['Centro Fotografia', 'Sighseeing', 'Torre Lamberti', 'Museo Conte', 'Museo Radio']",Arena,strategy_nearest,False,0.002846956253051758,success
04E6213A9C4C84,3,"['Arena', 'Casa Giulietta', 'Torre Lamberti']",Santa Anastasia,"['AMO', 'Museo Conte', 'Palazzo della Ragione', 'Teatro Romano', 'Centro Fotografia']",Duomo,strategy_nearest,False,0.002468109130859375,success
04E621429C4C84,2,['Castelvecchio'],Casa Giulietta,"['Centro Fotografia', 'Sighseeing', 'Torre Lamberti', 'Museo Conte', 'Museo Radio']",Santa Anastasia,strategy_nearest,False,0.002051830291748047,success
04E6243A9C4C80,1,"['Arena', 'Casa Giulietta', 'Torre Lamberti']",Palazzo della Ragione,"['AMO', 'Museo Conte', 'Centro Fotografia', 'Sighseeing', 'Santa Anastasia']",Santa Anastasia,strategy_nearest,True,0.002454996109008789,success
04E636429C4C80,3,"['San Zeno', 'Arena']",Torre Lamberti,"['Sighseeing', 'Centro Fotografia', 'Museo Conte', 'Casa Giulietta', 'Palazzo della Ragione']",Duomo,strategy_nearest,False,0.002485990524291992,success
04E6253A9C4C80,0,['Arena'],Museo Lapidario,"['Verona Tour', 'Castelvecchio', 'Museo Radio', 'San Fermo', 'Casa Giulietta']",Casa Giulietta,strategy_nearest,True,0.0025200843811035156,success
04E6473A9C4C80,0,"['Tomba Giulietta', 'Arena']",Castelvecchio,"['Museo Lapidario', 'Verona Tour', 'Museo Radio', 'San Zeno', 'Sighseeing']",Casa Giulietta,strategy_nearest,False,0.0025670528411865234,success
04E643429C4C80,1,['Arena'],Casa Giulietta,"['Centro Fotografia', 'Sighseeing', 'Torre Lamberti', 'Museo Conte', 'Museo Radio']",Torre Lamberti,strategy_nearest,True,0.0034339427947998047,success
04E64D429C4C80,0,['Arena'],Casa Giulietta,"['Centro Fotografia', 'Sighseeing', 'Torre Lamberti', 'Museo Conte', 'Museo Radio']",Teatro Romano,strategy_nearest,False,0.002566099166870117,success
04E6543A9C4C80,3,"['Castelvecchio', 'Arena', 'Casa Giulietta']",San Zeno,"['Verona Tour', 'Museo Lapidario', 'Museo Miniscalchi', 'Sighseeing', 'Museo Radio']",Duomo,strategy_nearest,False,0.003242969512939453,success
04E656429C4C80,3,"['Arena', 'Castelvecchio']",Teatro Romano,"['Santa Anastasia', 'Duomo', 'AMO', 'Palazzo della Ragione', 'Museo Conte']",Santa Anastasia,strategy_nearest,True,0.0032672882080078125,success
04E65A429C4C80,0,['Arena'],Casa Giulietta,"['Centro Fotografia', 'Sighseeing', 'Torre Lamberti', 'Museo Conte', 'Museo Radio']",Tomba Giulietta,strategy_nearest,False,0.0025031566619873047,success
04E67D3A9C4C80,3,"['Casa Giulietta', 'Casa Giulietta', 'San Fermo']",Tomba Giulietta,"['Museo Storia', 'Arena', 'Museo Lapidario', 'Museo Radio', 'Verona Tour']",Arena,strategy_nearest,True,0.0029997825622558594,success
04E65F429C4C80,3,"['Santa Anastasia', 'Duomo']",Arena,"['Verona Tour', 'Museo Lapidario', 'Museo Radio', 'San Fermo', 'Casa Giulietta']",Castelvecchio,strategy_nearest,False,0.003579854965209961,success
04E67D429C4C80,0,"['Arena', 'Casa Giulietta']",Torre Lamberti,"['Sighseeing', 'Centro Fotografia', 'Museo Conte', 'Palazzo della Ragione', 'AMO']",Teatro Romano,strategy_nearest,False,0.0023381710052490234,success
04E67F4A9C4C80,0,['Arena'],Casa Giulietta,"['Centro Fotografia', 'Sighseeing', 'Torre Lamberti', 'Museo Conte', 'Museo Radio']",Castelvecchio,strategy_nearest,False,0.0033919811248779297,success
04E680429C4C80,3,['Arena'],Santa Anastasia,"['AMO', 'Museo Conte', 'Palazzo della Ragione', 'Teatro Romano', 'Centro Fotografia']",Torre Lamberti,strategy_nearest,False,0.0028171539306640625,success
04E689429C4C80,1,['Santa Anastasia'],Torre Lamberti,"['Sighseeing', 'Centro Fotografia', 'Museo Conte', 'Casa Giulietta', 'Palazzo della Ragione']",Palazzo della Ragione,strategy_nearest,True,0.0029230117797851562,success
04E6AA429C4C80,2,"['Casa Giulietta', 'Torre Lamberti']",Castelvecchio,"['Museo Lapidario', 'Verona Tour', 'Arena', 'Museo Radio', 'San Zeno']",Teatro Romano,strategy_nearest,False,0.0033960342407226562,success
04E6C13A9C4C80,3,"['Casa Giulietta', 'Arena']",Teatro Romano,"['Santa Anastasia', 'Duomo', 'AMO', 'Palazzo della Ragione', 'Museo Conte']",Santa Anastasia,strategy_nearest,True,0.0024247169494628906,success
04E6AB429C4C80,2,"['Torre Lamberti', 'Palazzo della Ragione']",Casa Giulietta,"['Centro Fotografia', 'Sighseeing', 'Museo Conte', 'Museo Radio', 'San Fermo']",San Fermo,strategy_nearest,True,0.00333404541015625,success
04E6BF429C4C80,0,['Arena'],Torre Lamberti,"['Sighseeing', 'Centro Fotografia', 'Museo Conte', 'Casa Giulietta', 'Palazzo della Ragione']",Castelvecchio,strategy_nearest,False,0.0033168792724609375,success
04E6C2429C4C80,3,"['Arena', 'Castelvecchio']",Casa Giulietta,"['Centro Fotografia', 'Sighseeing', 'Torre Lamberti', 'Museo Conte', 'Museo Radio']",Santa Anastasia,strategy_nearest,False,0.0030951499938964844,success
04E6CE3A9C4C80,0,['Arena'],Casa Giulietta,"['Centro Fotografia', 'Sighseeing', 'Torre Lamberti', 'Museo Conte', 'Museo Radio']",Torre Lamberti,strategy_nearest,True,0.0025300979614257812,success
04E6CC3A9C4C80,3,['Teatro Romano'],Santa Anastasia,"['AMO', 'Museo Conte', 'Palazzo della Ragione', 'Centro Fotografia', 'Duomo']",Arena,strategy_nearest,False,0.003203153610229492,success
04E6D03A9C4C80,6,"['Arena', 'Castelvecchio', 'Duomo']",Santa Anastasia,"['AMO', 'Museo Conte', 'Palazzo della Ragione', 'Teatro Romano', 'Centro Fotografia']",Casa Giulietta,strategy_nearest,False,0.004334211349487305,success
04E6DD3A9C4C80,0,"['Arena', 'Casa Giulietta']",Teatro Romano,"['Santa Anastasia', 'Duomo', 'AMO', 'Palazzo della Ragione', 'Museo Conte']",Castelvecchio,strategy_nearest,False,0.003512144088745117,success
04E6D93A9C4C80,3,"['Torre Lamberti', 'Casa Giulietta', 'Arena']",Castelvecchio,"['Museo Lapidario', 'Verona Tour', 'Museo Radio', 'San Zeno', 'Sighseeing']",Santa Anastasia,strategy_nearest,False,0.0035500526428222656,success
04E6E63A9C4C80,0,['Casa Giulietta'],Torre Lamberti,"['Sighseeing', 'Centro Fotografia', 'Museo Conte', 'Palazzo della Ragione', 'AMO']",Arena,strategy_nearest,False,0.0027718544006347656,success
04E6E13A9C4C80,2,"['Castelvecchio', 'Casa Giulietta']",Santa Anastasia,"['AMO', 'Museo Conte', 'Palazzo della Ragione', 'Teatro Romano', 'Centro Fotografia']",Torre Lamberti,strategy_nearest,False,0.0022521018981933594,success
04E6E43A9C4C80,1,"['Castelvecchio', 'Casa Giulietta', 'Torre Lamberti']",Palazzo della Ragione,"['AMO', 'Museo Conte', 'Centro Fotografia', 'Sighseeing', 'Santa Anastasia']",Arena,strategy_nearest,False,0.001558065414428711,success
04E6F53A9C4C80,0,['Torre Lamberti'],Casa Giulietta,"['Centro Fotografia', 'Sighseeing', 'Museo Conte', 'Museo Radio', 'Palazzo della Ragione']",Arena,strategy_nearest,False,0.003304004669189453,success
04E70A3A9C4C84,0,['Arena'],Casa Giulietta,"['Centro Fotografia', 'Sighseeing', 'Torre Lamberti', 'Museo Conte', 'Museo Radio']",Teatro Romano,strategy_nearest,False,0.002109050750732422,success
04E71B3A9C4C80,2,['Castelvecchio'],Museo Lapidario,"['Verona Tour', 'Arena', 'Museo Radio', 'San Fermo', 'Casa Giulietta']",Palazzo della Ragione,strategy_nearest,False,0.002674102783203125,success
04E717429C4C84,1,"['Arena', 'Casa Giulietta', 'Santa Anastasia']",Duomo,"['AMO', 'Museo Miniscalchi', 'Teatro Romano', 'Palazzo della Ragione', 'Museo Conte']",Torre Lamberti,strategy_nearest,False,0.002109050750732422,success
04E705429C4C84,1,"['Arena', 'San Fermo', 'Casa Giulietta', 'Torre Lamberti']",Palazzo della Ragione,"['AMO', 'Museo Conte', 'Centro Fotografia', 'Sighseeing', 'Santa Anastasia']",Santa Anastasia,strategy_nearest,True,0.004082202911376953,success
04E71E429C4C80,3,"['Teatro Romano', 'Duomo']",Torre Lamberti,"['Sighseeing', 'Centro Fotografia', 'Museo Conte', 'Casa Giulietta', 'Palazzo della Ragione']",Arena,strategy_nearest,False,0.002568960189819336,success
04E7483A9C4C80,1,"['Arena', 'Casa Giulietta']",Castelvecchio,"['Museo Lapidario', 'Verona Tour', 'Museo Radio', 'San Zeno', 'Sighseeing']",San Zeno,strategy_nearest,True,0.002576112747192383,success
04E7433A9C4C80,3,"['Arena', 'Casa Giulietta']",Castelvecchio,"['Museo Lapidario', 'Verona Tour', 'Museo Radio', 'San Zeno', 'Sighseeing']",Duomo,strategy_nearest,False,0.002006053924560547,success
04E74C3A9C4C80,2,['Tomba Giulietta'],Casa Giulietta,"['Centro Fotografia', 'Sighseeing', 'Torre Lamberti', 'Museo Conte', 'Museo Radio']",Palazzo della Ragione,strategy_nearest,False,0.0034301280975341797,success
04E74F429C4C80,3,"['Arena', 'Torre Lamberti']",Casa Giulietta,"['Centro Fotografia', 'Sighseeing', 'Museo Conte', 'Museo Radio', 'Palazzo della Ragione']",Santa Anastasia,strategy_nearest,False,0.0021293163299560547,success
04E751429C4C80,0,['Arena'],Casa Giulietta,"['Centro Fotografia', 'Sighseeing', 'Torre Lamberti', 'Museo Conte', 'Museo Radio']",Duomo,strategy_nearest,False,0.0028498172760009766,success
04E759429C4C80,0,"['Casa Giulietta', 'Tomba Giulietta']",Teatro Romano,"['Santa Anastasia', 'Duomo', 'AMO', 'Palazzo della Ragione', 'Museo Conte']",Torre Lamberti,strategy_nearest,False,0.0033919811248779297,success
04E763429C4C80,0,['Arena'],Casa Giulietta,"['Centro Fotografia', 'Sighseeing', 'Torre Lamberti', 'Museo Conte', 'Museo Radio']",Torre Lamberti,strategy_nearest,True,0.002978086471557617,success
04E766429C4C80,1,['Casa Giulietta'],Torre Lamberti,"['Sighseeing', 'Centro Fotografia', 'Museo Conte', 'Palazzo della Ragione', 'AMO']",Palazzo della Ragione,strategy_nearest,True,0.0030210018157958984,success
04E767429C4C80,3,"['Arena', 'San Fermo', 'Casa Giulietta']",Duomo,"['AMO', 'Museo Miniscalchi', 'Santa Anastasia', 'Teatro Romano', 'Palazzo della Ragione']",Teatro Romano,strategy_nearest,True,0.0030019283294677734,success
04E77A429C4C80,0,['Arena'],Castelvecchio,"['Museo Lapidario', 'Verona Tour', 'Museo Radio', 'San Zeno', 'Sighseeing']",Torre Lamberti,strategy_nearest,False,0.0035758018493652344,success
04E769429C4C80,3,"['Santa Anastasia', 'San Fermo', 'Casa Giulietta']",Torre Lamberti,"['Sighseeing', 'Centro Fotografia', 'Museo Conte', 'Palazzo della Ragione', 'AMO']",Duomo,strategy_nearest,False,0.0020117759704589844,success
04E77B3A9C4C80,0,['Arena'],Casa Giulietta,"['Centro Fotografia', 'Sighseeing', 'Torre Lamberti', 'Museo Conte', 'Museo Radio']",Tomba Giulietta,strategy_nearest,False,0.0025620460510253906,success
04E77F3A9C4C80,0,"['Arena', 'Casa Giulietta']",Torre Lamberti,"['Sighseeing', 'Centro Fotografia', 'Museo Conte', 'Palazzo della Ragione', 'AMO']",Teatro Romano,strategy_nearest,False,0.002276897430419922,success
04E7813A9C4C80,1,"['Arena', 'Casa Giulietta']",Palazzo della Ragione,"['AMO', 'Museo Conte', 'Torre Lamberti', 'Centro Fotografia', 'Sighseeing']",Torre Lamberti,strategy_nearest,True,0.002756834030151367,success
04E77F429C4C80,1,"['Arena', 'Torre Lamberti']",Palazzo della Ragione,"['AMO', 'Museo Conte', 'Centro Fotografia', 'Sighseeing', 'Santa Anastasia']",Casa Giulietta,strategy_nearest,False,0.0015368461608886719,success
04E7873A9C4C80,3,"['Arena', 'Museo Lapidario', 'Castelvecchio']",Duomo,"['AMO', 'Museo Miniscalchi', 'Santa Anastasia', 'Teatro Romano', 'Palazzo della Ragione']",Santa Anastasia,strategy_nearest,True,0.003484964370727539,success
04E78D4A9C4C80,1,"['Arena', 'Torre Lamberti']",Palazzo della Ragione,"['AMO', 'Museo Conte', 'Centro Fotografia', 'Sighseeing', 'Santa Anastasia']",San Fermo,strategy_nearest,False,0.0016782283782958984,success
04E79E4A9C4C80,0,['Arena'],Torre Lamberti,"['Sighseeing', 'Centro Fotografia', 'Museo Conte', 'Casa Giulietta', 'Palazzo della Ragione']",Castelvecchio,strategy_nearest,False,0.003549814224243164,success
04E7A04A9C4C80,3,"['Arena', 'Casa Giulietta', 'Torre Lamberti']",Santa Anastasia,"['AMO', 'Museo Conte', 'Palazzo della Ragione', 'Teatro Romano', 'Centro Fotografia']",Teatro Romano,strategy_nearest,True,0.0026628971099853516,success
04E7B13A9C4C80,0,['Castelvecchio'],Arena,"['Verona Tour', 'Museo Lapidario', 'Museo Radio', 'San Fermo', 'Casa Giulietta']",Casa Giulietta,strategy_nearest,True,0.0025641918182373047,success
04E7B3429C4C80,1,"['Museo Lapidario', 'Arena']",Palazzo della Ragione,"['AMO', 'Museo Conte', 'Torre Lamberti', 'Centro Fotografia', 'Sighseeing']",Castelvecchio,strategy_nearest,False,0.002095937728881836,success
04E7B2429C4C80,0,"['San Zeno', 'Arena']",Casa Giulietta,"['Centro Fotografia', 'Sighseeing', 'Torre Lamberti', 'Museo Conte', 'Museo Radio']",Museo Lapidario,strategy_nearest,False,0.0042150020599365234,success
04E7BC429C4C80,3,['Arena'],Casa Giulietta,"['Centro Fotografia', 'Sighseeing', 'Torre Lamberti', 'Museo Conte', 'Museo Radio']",Duomo,strategy_nearest,False,0.0020678043365478516,success
04E7C2429C4C80,1,"['Santa Anastasia', 'Duomo']",Palazzo della Ragione,"['AMO', 'Museo Conte', 'Torre Lamberti', 'Centro Fotografia', 'Sighseeing']",Casa Giulietta,strategy_nearest,False,0.0033409595489501953,success
04E7C3429C4C80,2,"['Castelvecchio', 'Casa Giulietta', 'Torre Lamberti']",Santa Anastasia,"['AMO', 'Museo Conte', 'Palazzo della Ragione', 'Teatro Romano', 'Centro Fotografia']",Teatro Romano,strategy_nearest,True,0.003186941146850586,success
04E7CB3A9C4C80,0,['Arena'],Casa Giulietta,"['Centro Fotografia', 'Sighseeing', 'Torre Lamberti', 'Museo Conte', 'Museo Radio']",Teatro Romano,strategy_nearest,False,0.0019230842590332031,success
04E7D03A9C4C80,3,"['Arena', 'Casa Giulietta']",Torre Lamberti,"['Sighseeing', 'Centro Fotografia', 'Museo Conte', 'Palazzo della Ragione', 'AMO']",Santa Anastasia,strategy_nearest,False,0.0035219192504882812,success
04E7D13A9C4C80,2,"['Palazzo della Ragione', 'Torre Lamberti']",Casa Giulietta,"['Centro Fotografia', 'Sighseeing', 'Museo Conte', 'Museo Radio', 'San Fermo']",Santa Anastasia,strategy_nearest,False,0.003075122833251953,success
04E7DA429C4C80,1,"['Arena', 'Santa Anastasia', 'Teatro Romano', 'Duomo', 'Torre Lamberti']",Palazzo della Ragione,"['AMO', 'Museo Conte', 'Centro Fotografia', 'Sighseeing', 'Museo Miniscalchi']",Giardino Giusti,strategy_nearest,False,0.0031197071075439453,success
04E7D93A9C4C80,3,['Arena'],Torre Lamberti,"['Sighseeing', 'Centro Fotografia', 'Museo Conte', 'Casa Giulietta', 'Palazzo della Ragione']",Teatro Romano,strategy_nearest,False,0.002634286880493164,success
04E7DF3A9C4C80,0,['Castelvecchio'],Arena,"['Verona Tour', 'Museo Lapidario', 'Museo Radio', 'San Fermo', 'Casa Giulietta']",Torre Lamberti,strategy_nearest,False,0.0033757686614990234,success
04E7E03A9C4C80,0,['Arena'],Torre Lamberti,"['Sighseeing', 'Centro Fotografia', 'Museo Conte', 'Casa Giulietta', 'Palazzo della Ragione']",Casa Giulietta,strategy_nearest,True,0.00368499755859375,success
04E7F4429C4C80,3,"['Teatro Romano', 'Duomo']",Santa Anastasia,"['AMO', 'Museo Conte', 'Palazzo della Ragione', 'Centro Fotografia', 'Torre Lamberti']",San Fermo,strategy_nearest,False,0.0033600330352783203,success
04E7E53A9C4C80,3,"['Arena', 'San Zeno']",Castelvecchio,"['Museo Lapidario', 'Verona Tour', 'Museo Radio', 'Sighseeing', 'Museo Miniscalchi']",San Fermo,strategy_nearest,False,0.0036699771881103516,success
04E7F43A9C4C80,3,"['Arena', 'Casa Giulietta']",Santa Anastasia,"['AMO', 'Museo Conte', 'Palazzo della Ragione', 'Teatro Romano', 'Centro Fotografia']",Teatro Romano,strategy_nearest,True,0.0025360584259033203,success
04E8043A9C4C84,0,"['Arena', 'Casa Giulietta']",Torre Lamberti,"['Sighseeing', 'Centro Fotografia', 'Museo Conte', 'Palazzo della Ragione', 'AMO']",Castelvecchio,strategy_nearest,False,0.003309011459350586,success
04E7F63A9C4C80,0,['Castelvecchio'],Arena,"['Verona Tour', 'Museo Lapidario', 'Museo Radio', 'San Fermo', 'Casa Giulietta']",Casa Giulietta,strategy_nearest,True,0.0016260147094726562,success
04E803429C4C84,3,"['Arena', 'Torre Lamberti', 'Museo Lapidario']",Castelvecchio,"['Verona Tour', 'Museo Radio', 'San Zeno', 'Sighseeing', 'Museo Miniscalchi']",Santa Anastasia,strategy_nearest,False,0.0021822452545166016,success
04E7FD429C4C80,3,"['Arena', 'Santa Anastasia', 'Duomo']",San Zeno,"['Castelvecchio', 'Verona Tour', 'Museo Lapidario', 'Museo Miniscalchi', 'Sighseeing']",Torre Lamberti,strategy_nearest,False,0.002905130386352539,success
04E81B3A9C4C84,0,['Arena'],Teatro Romano,"['Santa Anastasia', 'Duomo', 'AMO', 'Palazzo della Ragione', 'Museo Conte']",Duomo,strategy_nearest,True,0.0028259754180908203,success
04E8263A9C4C80,0,"['Arena', 'Casa Giulietta']",Casa Giulietta,"['Centro Fotografia', 'Sighseeing', 'Torre Lamberti', 'Museo Conte', 'Museo Radio']",Castelvecchio,strategy_nearest,False,0.0033516883850097656,success
04E81F3A9C4C84,0,['Arena'],Casa Giulietta,"['Centro Fotografia', 'Sighseeing', 'Torre Lamberti', 'Museo Conte', 'Museo Radio']",Torre Lamberti,strategy_nearest,True,0.002177000045776367,success
04E8203A9C4C80,3,"['Arena', 'Santa Anastasia']",Casa Giulietta,"['Centro Fotografia', 'Sighseeing', 'Torre Lamberti', 'Museo Conte', 'Museo Radio']",Teatro Romano,strategy_nearest,False,0.0015270709991455078,success
04E8273A9C4C80,3,['Arena'],Casa Giulietta,"['Centro Fotografia', 'Sighseeing', 'Torre Lamberti', 'Museo Conte', 'Museo Radio']",Torre Lamberti,strategy_nearest,True,0.0018148422241210938,success
04E83A3A9C4C80,3,"['Casa Giulietta', 'Santa Anastasia', 'Duomo']",Arena,"['Verona Tour', 'Museo Lapidario', 'Museo Radio', 'San Fermo', 'Sighseeing']",Teatro Romano,strategy_nearest,False,0.0019030570983886719,success
04E836429C4C80,3,"['Arena', 'Torre Lamberti', 'Casa Giulietta']",Castelvecchio,"['Museo Lapidario', 'Verona Tour', 'Museo Radio', 'San Zeno', 'Sighseeing']",Duomo,strategy_nearest,False,0.002850055694580078,success
04E85D429C4C80,0,['Duomo'],Casa Giulietta,"['Centro Fotografia', 'Sighseeing', 'Torre Lamberti', 'Museo Conte', 'Museo Radio']",Arena,strategy_nearest,False,0.0025289058685302734,success
04E868429C4C80,3,['Arena'],Duomo,"['AMO', 'Museo Miniscalchi', 'Santa Anastasia', 'Teatro Romano', 'Palazzo della Ragione']",Santa Anastasia,strategy_nearest,True,0.0030851364135742188,success
04E83C3A9C4C80,2,['Castelvecchio'],Casa Giulietta,"['Centro Fotografia', 'Sighseeing', 'Torre Lamberti', 'Museo Conte', 'Museo Radio']",Santa Anastasia,strategy_nearest,False,0.0033440589904785156,success
04E86B429C4C80,0,['Arena'],Tomba Giulietta,"['San Fermo', 'Museo Storia', 'Museo Lapidario', 'Museo Radio', 'Verona Tour']",Casa Giulietta,strategy_nearest,False,0.0024030208587646484,success
04E8813A9C4C80,1,"['Arena', 'Casa Giulietta']",San Fermo,"['Museo Storia', 'Museo Radio', 'Centro Fotografia', 'Sighseeing', 'Torre Lamberti']",Palazzo della Ragione,strategy_nearest,False,0.0033721923828125,success
04E884429C4C80,0,"['Arena', 'Casa Giulietta']",Teatro Romano,"['Santa Anastasia', 'Duomo', 'AMO', 'Palazzo della Ragione', 'Museo Conte']",Torre Lamberti,strategy_nearest,False,0.0019888877868652344,success
04E8883A9C4C80,1,"['Arena', 'Casa Giulietta']",Torre Lamberti,"['Sighseeing', 'Centro Fotografia', 'Museo Conte', 'Palazzo della Ragione', 'AMO']",Palazzo della Ragione,strategy_nearest,True,0.0027201175689697266,success
04E8894A9C4C80,6,"['Arena', 'Arena']",Verona Tour,"['Museo Lapidario', 'Castelvecchio', 'Museo Radio', 'Casa Giulietta', 'Sighseeing']",Casa Giulietta,strategy_nearest,True,0.0033206939697265625,success
04E8A93A9C4C80,2,"['Casa Giulietta', 'Torre Lamberti']",Teatro Romano,"['Santa Anastasia', 'Duomo', 'AMO', 'Palazzo della Ragione', 'Museo Conte']",Duomo,strategy_nearest,True,0.0018050670623779297,success
04E88D429C4C80,0,['Arena'],Torre Lamberti,"['Sighseeing', 'Centro Fotografia', 'Museo Conte', 'Casa Giulietta', 'Palazzo della Ragione']",Casa Giulietta,strategy_nearest,True,0.0031960010528564453,success
04E8AF429C4C80,0,['Arena'],Duomo,"['AMO', 'Museo Miniscalchi', 'Santa Anastasia', 'Teatro Romano', 'Palazzo della Ragione']",Castelvecchio,strategy_nearest,False,0.002137899398803711,success
04E8B4429C4C80,2,['San Zeno'],Castelvecchio,"['Museo Lapidario', 'Verona Tour', 'Arena', 'Museo Radio', 'Sighseeing']",Duomo,strategy_nearest,False,0.0034050941467285156,success
04E8C33A9C4C80,0,['Teatro Romano'],Torre Lamberti,"['Sighseeing', 'Centro Fotografia', 'Museo Conte', 'Casa Giulietta', 'Palazzo della Ragione']",Casa Giulietta,strategy_nearest,True,0.002532958984375,success
04E8C3429C4C80,1,"['Arena', 'Casa Giulietta', 'Torre Lamberti']",Palazzo della Ragione,"['AMO', 'Museo Conte', 'Centro Fotografia', 'Sighseeing', 'Santa Anastasia']",Santa Anastasia,strategy_nearest,True,0.0023229122161865234,success
04E8C63A9C4C80,3,['Arena'],Santa Anastasia,"['AMO', 'Museo Conte', 'Palazzo della Ragione', 'Teatro Romano', 'Centro Fotografia']",Teatro Romano,strategy_nearest,True,0.0035719871520996094,success
04E8CA429C4C80,0,['Arena'],Casa Giulietta,"['Centro Fotografia', 'Sighseeing', 'Torre Lamberti', 'Museo Conte', 'Museo Radio']",Tomba Giulietta,strategy_nearest,False,0.0026428699493408203,success
04E8D0429C4C80,1,"['Torre Lamberti', 'Palazzo della Ragione']",Arena,"['Verona Tour', 'Museo Lapidario', 'Museo Radio', 'San Fermo', 'Casa Giulietta']",Castelvecchio,strategy_nearest,False,0.0019812583923339844,success
04E8DB3A9C4C80,0,['Arena'],Castelvecchio,"['Museo Lapidario', 'Verona Tour', 'Museo Radio', 'San Zeno', 'Sighseeing']",Casa Giulietta,strategy_nearest,False,0.003180980682373047,success
04E8DBBA7B3F80,0,['Torre Lamberti'],Duomo,"['AMO', 'Museo Miniscalchi', 'Santa Anastasia', 'Teatro Romano', 'Palazzo della Ragione']",Arena,strategy_nearest,False,0.0032868385314941406,success
04E9043A9C4C84,0,['Torre Lamberti'],Casa Giulietta,"['Centro Fotografia', 'Sighseeing', 'Museo Conte', 'Museo Radio', 'Palazzo della Ragione']",Arena,strategy_nearest,False,0.003065824508666992,success
04E8E03A9C4C80,3,"['Arena', 'Museo Lapidario', 'Casa Giulietta']",Torre Lamberti,"['Sighseeing', 'Centro Fotografia', 'Museo Conte', 'Palazzo della Ragione', 'AMO']",Santa Anastasia,strategy_nearest,False,0.0027010440826416016,success
04E8F73A9C4C80,3,"['Torre Lamberti', 'Casa Giulietta']",Santa Anastasia,"['AMO', 'Museo Conte', 'Palazzo della Ragione', 'Teatro Romano', 'Centro Fotografia']",Castelvecchio,strategy_nearest,False,0.002637147903442383,success
04E90D3A9C4C84,3,"['Arena', 'Santa Anastasia']",Duomo,"['AMO', 'Museo Miniscalchi', 'Teatro Romano', 'Palazzo della Ragione', 'Museo Conte']",Teatro Romano,strategy_nearest,True,0.0028727054595947266,success
04E9123A9C4C84,3,['Arena'],Santa Anastasia,"['AMO', 'Museo Conte', 'Palazzo della Ragione', 'Teatro Romano', 'Centro Fotografia']",Duomo,strategy_nearest,False,0.0019359588623046875,success
04E91A3A9C4C84,1,"['Casa Giulietta', 'Torre Lamberti']",Palazzo della Ragione,"['AMO', 'Museo Conte', 'Centro Fotografia', 'Sighseeing', 'Santa Anastasia']",Arena,strategy_nearest,False,0.0025370121002197266,success
04E917429C4C84,3,"['Arena', 'Museo Lapidario', 'Castelvecchio']",Torre Lamberti,"['Sighseeing', 'Centro Fotografia', 'Museo Conte', 'Casa Giulietta', 'Palazzo della Ragione']",Santa Anastasia,strategy_nearest,False,0.0032951831817626953,success
04E9283A9C4C80,0,"['Arena', 'Museo Lapidario']",Castelvecchio,"['Verona Tour', 'Museo Radio', 'San Zeno', 'Sighseeing', 'Museo Miniscalchi']",Casa Giulietta,strategy_nearest,False,0.002525806427001953,success
04E941429C4C80,0,['Arena'],Torre Lamberti,"['Sighseeing', 'Centro Fotografia', 'Museo Conte', 'Casa Giulietta', 'Palazzo della Ragione']",Casa Giulietta,strategy_nearest,True,0.003403902053833008,success
04E951429C4C80,0,['Torre Lamberti'],Arena,"['Verona Tour', 'Museo Lapidario', 'Museo Radio', 'San Fermo', 'Casa Giulietta']",Castelvecchio,strategy_nearest,False,0.002778291702270508,success
04E94F3A9C4C80,3,"['Duomo', 'Santa Anastasia']",Teatro Romano,"['AMO', 'Palazzo della Ragione', 'Museo Conte', 'Centro Fotografia', 'Museo Miniscalchi']",Arena,strategy_nearest,False,0.003639698028564453,success
04E95A429C4C80,3,"['Arena', 'Casa Giulietta', 'Duomo']",Santa Anastasia,"['AMO', 'Museo Conte', 'Palazzo della Ragione', 'Teatro Romano', 'Centro Fotografia']",Torre Lamberti,strategy_nearest,False,0.0031342506408691406,success
04E95F429C4C80,0,['Arena'],Torre Lamberti,"['Sighseeing', 'Centro Fotografia', 'Museo Conte', 'Casa Giulietta', 'Palazzo della Ragione']",Museo Lapidario,strategy_nearest,False,0.0031201839447021484,success
04E967429C4C80,1,"['Arena', 'Casa Giulietta', 'San Fermo']",Torre Lamberti,"['Sighseeing', 'Centro Fotografia', 'Museo Conte', 'Palazzo della Ragione', 'AMO']",Palazzo della Ragione,strategy_nearest,True,0.002541065216064453,success
04E9804A9C4C80,0,['Teatro Romano'],Casa Giulietta,"['Centro Fotografia', 'Sighseeing', 'Torre Lamberti', 'Museo Conte', 'Museo Radio']",Arena,strategy_nearest,False,0.0031731128692626953,success
04E96C429C4C80,1,['Arena'],San Fermo,"['Museo Storia', 'Museo Radio', 'Casa Giulietta', 'Centro Fotografia', 'Sighseeing']",Palazzo della Ragione,strategy_nearest,False,0.0024979114532470703,success
04E9894A9C4C80,3,"['Casa Giulietta', 'Torre Lamberti']",Duomo,"['AMO', 'Museo Miniscalchi', 'Santa Anastasia', 'Teatro Romano', 'Palazzo della Ragione']",Santa Anastasia,strategy_nearest,True,0.003284931182861328,success
04E98B3A9C4C80,2,['Castelvecchio'],Teatro Romano,"['Santa Anastasia', 'Duomo', 'AMO', 'Palazzo della Ragione', 'Museo Conte']",Casa Giulietta,strategy_nearest,False,0.003329038619995117,success
04E98D4A9C4C80,3,"['Arena', 'Casa Giulietta', 'Torre Lamberti']",Santa Anastasia,"['AMO', 'Museo Conte', 'Palazzo della Ragione', 'Teatro Romano', 'Centro Fotografia']",Duomo,strategy_nearest,False,0.002562999725341797,success
04E9B03A9C4C80,0,['Arena'],Casa Giulietta,"['Centro Fotografia', 'Sighseeing', 'Torre Lamberti', 'Museo Conte', 'Museo Radio']",Duomo,strategy_nearest,False,0.0032520294189453125,success
04E98E429C4C80,0,['Arena'],Castelvecchio,"['Museo Lapidario', 'Verona Tour', 'Museo Radio', 'San Zeno', 'Sighseeing']",Casa Giulietta,strategy_nearest,False,0.0033910274505615234,success
04E9B13A9C4C80,0,['Arena'],Casa Giulietta,"['Centro Fotografia', 'Sighseeing', 'Torre Lamberti', 'Museo Conte', 'Museo Radio']",Torre Lamberti,strategy_nearest,True,0.0029811859130859375,success
04E9C33A9C4C80,0,['Arena'],Santa Anastasia,"['AMO', 'Museo Conte', 'Palazzo della Ragione', 'Teatro Romano', 'Centro Fotografia']",Castelvecchio,strategy_nearest,False,0.0023469924926757812,success
04E9B5429C4C80,1,"['Arena', 'Castelvecchio']",Torre Lamberti,"['Sighseeing', 'Centro Fotografia', 'Museo Conte', 'Casa Giulietta', 'Palazzo della Ragione']",Palazzo della Ragione,strategy_nearest,True,0.0024650096893310547,success
04E9C63A9C4C80,0,['Tomba Giulietta'],Castelvecchio,"['Museo Lapidario', 'Verona Tour', 'Arena', 'Museo Radio', 'San Zeno']",Arena,strategy_nearest,True,0.00341033935546875,success
04E9EB3A9C4C80,0,['Arena'],Castelvecchio,"['Museo Lapidario', 'Verona Tour', 'Museo Radio', 'San Zeno', 'Sighseeing']",Casa Giulietta,strategy_nearest,False,0.002483844757080078,success
04E9DA3A9C4C80,3,['Arena'],Torre Lamberti,"['Sighseeing', 'Centro Fotografia', 'Museo Conte', 'Casa Giulietta', 'Palazzo della Ragione']",Casa Giulietta,strategy_nearest,True,0.002651214599609375,success
04EA01429C4C84,1,"['San Zeno', 'Castelvecchio', 'Arena', 'Palazzo della Ragione', 'Torre Lamberti']",Casa Giulietta,"['Centro Fotografia', 'Sighseeing', 'Museo Conte', 'Museo Radio', 'San Fermo']",San Fermo,strategy_nearest,True,0.002965211868286133,success
04EA033A9C4C84,0,"['Casa Giulietta', 'Torre Lamberti']",Arena,"['Verona Tour', 'Museo Lapidario', 'Museo Radio', 'San Fermo', 'Sighseeing']",Tomba Giulietta,strategy_nearest,False,0.002007007598876953,success
04EA07429C4C84,1,"['Arena', 'Castelvecchio', 'Casa Giulietta', 'Torre Lamberti']",Palazzo della Ragione,"['AMO', 'Museo Conte', 'Centro Fotografia', 'Sighseeing', 'Santa Anastasia']",Santa Anastasia,strategy_nearest,True,0.002735137939453125,success
04EA0D429C4C84,1,"['San Zeno', 'San Fermo', 'Arena']",Palazzo della Ragione,"['AMO', 'Museo Conte', 'Torre Lamberti', 'Centro Fotografia', 'Sighseeing']",Torre Lamberti,strategy_nearest,True,0.0026199817657470703,success
04EA0A429C4C84,3,"['Arena', 'Castelvecchio']",Torre Lamberti,"['Sighseeing', 'Centro Fotografia', 'Museo Conte', 'Casa Giulietta', 'Palazzo della Ragione']",Teatro Romano,strategy_nearest,False,0.004160881042480469,success
04EA173A9C4C84,3,"['Arena', 'Casa Giulietta']",Torre Lamberti,"['Sighseeing', 'Centro Fotografia', 'Museo Conte', 'Palazzo della Ragione', 'AMO']",Santa Anastasia,strategy_nearest,False,0.0025970935821533203,success
04EA22429C4C80,1,"['Castelvecchio', 'Arena']",Torre Lamberti,"['Sighseeing', 'Centro Fotografia', 'Museo Conte', 'Casa Giulietta', 'Palazzo della Ragione']",Palazzo della Ragione,strategy_nearest,True,0.0028400421142578125,success
04EA234A9C4C80,2,"['Castelvecchio', 'Torre Lamberti']",Casa Giulietta,"['Centro Fotografia', 'Sighseeing', 'Museo Conte', 'Museo Radio', 'Palazzo della Ragione']",Palazzo della Ragione,strategy_nearest,True,0.0028710365295410156,success
04EA303A9C4C80,0,"['Teatro Romano', 'Arena', 'San Zeno']",Castelvecchio,"['Museo Lapidario', 'Verona Tour', 'Museo Radio', 'Sighseeing', 'Museo Miniscalchi']",Casa Giulietta,strategy_nearest,False,0.003256082534790039,success
04EA393A9C4C80,3,['Arena'],Santa Anastasia,"['AMO', 'Museo Conte', 'Palazzo della Ragione', 'Teatro Romano', 'Centro Fotografia']",Duomo,strategy_nearest,False,0.0032813549041748047,success
04EA3B429C4C80,1,['Arena'],Casa Giulietta,"['Centro Fotografia', 'Sighseeing', 'Torre Lamberti', 'Museo Conte', 'Museo Radio']",Palazzo della Ragione,strategy_nearest,False,0.0027887821197509766,success
04EA4B3A9C4C80,1,"['Arena', 'Teatro Romano', 'Santa Anastasia']",Castelvecchio,"['Museo Lapidario', 'Verona Tour', 'Museo Radio', 'San Zeno', 'Sighseeing']",Torre Lamberti,strategy_nearest,False,0.003459930419921875,success
04EA5C3A9C4C80,0,['Arena'],Casa Giulietta,"['Centro Fotografia', 'Sighseeing', 'Torre Lamberti', 'Museo Conte', 'Museo Radio']",Duomo,strategy_nearest,False,0.0030040740966796875,success
04EA60429C4C80,3,"['Torre Lamberti', 'Casa Giulietta']",Santa Anastasia,"['AMO', 'Museo Conte', 'Palazzo della Ragione', 'Teatro Romano', 'Centro Fotografia']",Arena,strategy_nearest,False,0.0032901763916015625,success
04EA62429C4C80,1,"['Museo Lapidario', 'Arena']",Casa Giulietta,"['Centro Fotografia', 'Sighseeing', 'Torre Lamberti', 'Museo Conte', 'Museo Radio']",Torre Lamberti,strategy_nearest,True,0.0025529861450195312,success
04EA6C429C4C80,1,['Arena'],Torre Lamberti,"['Sighseeing', 'Centro Fotografia', 'Museo Conte', 'Casa Giulietta', 'Palazzo della Ragione']",Palazzo della Ragione,strategy_nearest,True,0.0032231807708740234,success
04EA6A429C4C80,1,"['Arena', 'Torre Lamberti']",Palazzo della Ragione,"['AMO', 'Museo Conte', 'Centro Fotografia', 'Sighseeing', 'Santa Anastasia']",Duomo,strategy_nearest,False,0.002724170684814453,success
04EA6D429C4C80,0,['Arena'],Castelvecchio,"['Museo Lapidario', 'Verona Tour', 'Museo Radio', 'San Zeno', 'Sighseeing']",Casa Giulietta,strategy_nearest,False,0.0031270980834960938,success
04EA6E429C4C80,1,['Arena'],Palazzo della Ragione,"['AMO', 'Museo Conte', 'Torre Lamberti', 'Centro Fotografia', 'Sighseeing']",Torre Lamberti,strategy_nearest,True,0.0018754005432128906,success
04EA793A9C4C80,3,"['Arena', 'Torre Lamberti']",Casa Giulietta,"['Centro Fotografia', 'Sighseeing', 'Museo Conte', 'Museo Radio', 'Palazzo della Ragione']",Santa Anastasia,strategy_nearest,False,0.002658843994140625,success
04EA7B4A9C4C80,2,"['Torre Lamberti', 'Teatro Romano', 'Duomo']",Casa Giulietta,"['Centro Fotografia', 'Sighseeing', 'Museo Conte', 'Museo Radio', 'Palazzo della Ragione']",San Fermo,strategy_nearest,False,0.003381013870239258,success
04EA733A9C4C80,3,"['Arena', 'Castelvecchio', 'Casa Giulietta']",Santa Anastasia,"['AMO', 'Museo Conte', 'Palazzo della Ragione', 'Teatro Romano', 'Centro Fotografia']",Duomo,strategy_nearest,False,0.0036439895629882812,success
04EA7D3A9C4C80,2,"['Casa Giulietta', 'Castelvecchio']",Santa Anastasia,"['AMO', 'Museo Conte', 'Palazzo della Ragione', 'Teatro Romano', 'Centro Fotografia']",Duomo,strategy_nearest,False,0.0025720596313476562,success
04EA84429C4C80,3,"['Arena', 'Casa Giulietta', 'Torre Lamberti']",Santa Anastasia,"['AMO', 'Museo Conte', 'Palazzo della Ragione', 'Teatro Romano', 'Centro Fotografia']",Teatro Romano,strategy_nearest,True,0.002605915069580078,success
04EA844A9C4C80,3,"['Arena', 'Castelvecchio']",Museo Lapidario,"['Verona Tour', 'Museo Radio', 'San Fermo', 'Casa Giulietta', 'Tomba Giulietta']",Santa Anastasia,strategy_nearest,False,0.0021390914916992188,success
04EA863A9C4C80,3,"['Arena', 'Teatro Romano']",Santa Anastasia,"['AMO', 'Museo Conte', 'Palazzo della Ragione', 'Centro Fotografia', 'Duomo']",Castelvecchio,strategy_nearest,False,0.0033991336822509766,success
04EA884A9C4C80,3,"['Arena', 'Tomba Giulietta', 'San Fermo']",Castelvecchio,"['Museo Lapidario', 'Verona Tour', 'Museo Radio', 'San Zeno', 'Sighseeing']",Casa Giulietta,strategy_nearest,False,0.0025548934936523438,success
04EA893A9C4C80,3,"['Arena', 'Santa Anastasia']",Duomo,"['AMO', 'Museo Miniscalchi', 'Teatro Romano', 'Palazzo della Ragione', 'Museo Conte']",Casa Giulietta,strategy_nearest,False,0.0029561519622802734,success
04EA8E429C4C80,0,['Arena'],Casa Giulietta,"['Centro Fotografia', 'Sighseeing', 'Torre Lamberti', 'Museo Conte', 'Museo Radio']",Torre Lamberti,strategy_nearest,True,0.003354787826538086,success
04EAA6429C4C80,0,['Casa Giulietta'],Tomba Giulietta,"['San Fermo', 'Museo Storia', 'Arena', 'Museo Lapidario', 'Museo Radio']",Arena,strategy_nearest,True,0.002852916717529297,success
04EAB0429C4C80,0,['Arena'],Casa Giulietta,"['Centro Fotografia', 'Sighseeing', 'Torre Lamberti', 'Museo Conte', 'Museo Radio']",Teatro Romano,strategy_nearest,False,0.0034339427947998047,success
04EABB429C4C80,0,"['Castelvecchio', 'Arena']",Casa Giulietta,"['Centro Fotografia', 'Sighseeing', 'Torre Lamberti', 'Museo Conte', 'Museo Radio']",Torre Lamberti,strategy_nearest,True,0.0025949478149414062,success
04EAB6429C4C80,2,['Torre Lamberti'],Palazzo della Ragione,"['AMO', 'Museo Conte', 'Centro Fotografia', 'Sighseeing', 'Santa Anastasia']",Castelvecchio,strategy_nearest,False,0.0032351016998291016,success
04EAC3429C4C80,1,"['Santa Anastasia', 'Torre Lamberti']",Palazzo della Ragione,"['AMO', 'Museo Conte', 'Centro Fotografia', 'Sighseeing', 'Museo Miniscalchi']",Casa Giulietta,strategy_nearest,False,0.003487825393676758,success
04EAC13A9C4C80,3,"['Arena', 'Museo Lapidario']",Torre Lamberti,"['Sighseeing', 'Centro Fotografia', 'Museo Conte', 'Casa Giulietta', 'Palazzo della Ragione']",Casa Giulietta,strategy_nearest,True,0.002743959426879883,success
04EAC5429C4C80,0,['Casa Giulietta'],Arena,"['Verona Tour', 'Museo Lapidario', 'Museo Radio', 'San Fermo', 'Sighseeing']",Tomba Giulietta,strategy_nearest,False,0.0026061534881591797,success
04EACD3A9C4C80,1,"['Arena', 'Casa Giulietta']",Santa Anastasia,"['AMO', 'Museo Conte', 'Palazzo della Ragione', 'Teatro Romano', 'Centro Fotografia']",Duomo,strategy_nearest,False,0.0025527477264404297,success
04EAC73A9C4C80,0,"['Tomba Giulietta', 'Arena']",Casa Giulietta,"['Centro Fotografia', 'Sighseeing', 'Torre Lamberti', 'Museo Conte', 'Museo Radio']",Torre Lamberti,strategy_nearest,True,0.0032091140747070312,success
04EACE3A9C4C80,1,['Arena'],Casa Giulietta,"['Centro Fotografia', 'Sighseeing', 'Torre Lamberti', 'Museo Conte', 'Museo Radio']",Palazzo della Ragione,strategy_nearest,False,0.001895904541015625,success
04EAC83A9C4C80,0,['Torre Lamberti'],Casa Giulietta,"['Centro Fotografia', 'Sighseeing', 'Museo Conte', 'Museo Radio', 'Palazzo della Ragione']",Giardino Giusti,strategy_nearest,False,0.003950834274291992,success
04EAE63A9C4C80,3,"['San Fermo', 'Teatro Romano']",Duomo,"['AMO', 'Museo Miniscalchi', 'Santa Anastasia', 'Palazzo della Ragione', 'Museo Conte']",Santa Anastasia,strategy_nearest,True,0.0019807815551757812,success
04EAD03A9C4C80,0,['Castelvecchio'],Arena,"['Verona Tour', 'Museo Lapidario', 'Museo Radio', 'San Fermo', 'Casa Giulietta']",Casa Giulietta,strategy_nearest,True,0.001962900161743164,success
04EAD0429C4C80,4,"['Torre Lamberti', 'Palazzo della Ragione']",Santa Anastasia,"['AMO', 'Museo Conte', 'Teatro Romano', 'Centro Fotografia', 'Duomo']",Museo Radio,strategy_nearest,False,0.0032739639282226562,success
04EAFD3A9C4C80,3,"['Teatro Romano', 'Duomo']",Castelvecchio,"['Museo Lapidario', 'Verona Tour', 'Arena', 'Museo Radio', 'San Zeno']",Arena,strategy_nearest,True,0.0029571056365966797,success
04EAFB429C4C80,0,['Arena'],Castelvecchio,"['Museo Lapidario', 'Verona Tour', 'Museo Radio', 'San Zeno', 'Sighseeing']",Torre Lamberti,strategy_nearest,False,0.0031342506408691406,success
04EAFB3A9C4C80,3,"['Arena', 'Casa Giulietta', 'Torre Lamberti']",Castelvecchio,"['Museo Lapidario', 'Verona Tour', 'Museo Radio', 'San Zeno', 'Sighseeing']",Tomba Giulietta,strategy_nearest,False,0.0027780532836914062,success
04EB00429C4C84,0,"['Tomba Giulietta', 'Casa Giulietta']",Arena,"['Verona Tour', 'Museo Lapidario', 'Museo Radio', 'San Fermo', 'Sighseeing']",Museo Lapidario,strategy_nearest,True,0.003799915313720703,success
04EB06429C4C84,3,['Arena'],Castelvecchio,"['Museo Lapidario', 'Verona Tour', 'Museo Radio', 'San Zeno', 'Sighseeing']",Santa Anastasia,strategy_nearest,False,0.0020341873168945312,success
04EB0D3A9C4C84,0,['Arena'],Casa Giulietta,"['Centro Fotografia', 'Sighseeing', 'Torre Lamberti', 'Museo Conte', 'Museo Radio']",Duomo,strategy_nearest,False,0.0029668807983398438,success
04EB163A9C4C84,0,['Arena'],Casa Giulietta,"['Centro Fotografia', 'Sighseeing', 'Torre Lamberti', 'Museo Conte', 'Museo Radio']",Torre Lamberti,strategy_nearest,True,0.002323150634765625,success
04EB133A9C4C84,0,['Arena'],Casa Giulietta,"['Centro Fotografia', 'Sighseeing', 'Torre Lamberti', 'Museo Conte', 'Museo Radio']",Museo Storia,strategy_nearest,False,0.0031981468200683594,success
04EB1D3A9C4C80,0,['Arena'],Casa Giulietta,"['Centro Fotografia', 'Sighseeing', 'Torre Lamberti', 'Museo Conte', 'Museo Radio']",Torre Lamberti,strategy_nearest,True,0.002753019332885742,success
04EB1A3A9C4C84,3,"['Arena', 'Duomo']",Teatro Romano,"['Santa Anastasia', 'AMO', 'Palazzo della Ragione', 'Museo Conte', 'Centro Fotografia']",Santa Anastasia,strategy_nearest,True,0.003634929656982422,success
04EB273A9C4C80,3,['Arena'],Torre Lamberti,"['Sighseeing', 'Centro Fotografia', 'Museo Conte', 'Casa Giulietta', 'Palazzo della Ragione']",Santa Anastasia,strategy_nearest,False,0.003694772720336914,success
04EB1E3A9C4C80,3,"['Arena', 'San Fermo', 'Tomba Giulietta']",Teatro Romano,"['Santa Anastasia', 'Duomo', 'AMO', 'Palazzo della Ragione', 'Museo Conte']",Torre Lamberti,strategy_nearest,False,0.003053903579711914,success
04EB393A9C4C80,0,['Casa Giulietta'],Arena,"['Verona Tour', 'Museo Lapidario', 'Museo Radio', 'San Fermo', 'Sighseeing']",Torre Lamberti,strategy_nearest,False,0.0016069412231445312,success
04EB3C3A9C4C80,2,"['Tomba Giulietta', 'Museo Lapidario', 'Castelvecchio', 'Torre Lamberti']",Casa Giulietta,"['Centro Fotografia', 'Sighseeing', 'Museo Conte', 'Museo Radio', 'Palazzo della Ragione']",Palazzo della Ragione,strategy_nearest,True,0.002454996109008789,success
04EB41429C4C80,2,['Museo Lapidario'],Casa Giulietta,"['Centro Fotografia', 'Sighseeing', 'Torre Lamberti', 'Museo Conte', 'Museo Radio']",San Fermo,strategy_nearest,False,0.003021240234375,success
04EB4C3A9C4C80,3,"['Arena', 'Santa Anastasia', 'Duomo']",Torre Lamberti,"['Sighseeing', 'Centro Fotografia', 'Museo Conte', 'Casa Giulietta', 'Palazzo della Ragione']",Casa Giulietta,strategy_nearest,True,0.002371072769165039,success
04EB5B3A9C4C80,0,['Arena'],Casa Giulietta,"['Centro Fotografia', 'Sighseeing', 'Torre Lamberti', 'Museo Conte', 'Museo Radio']",San Zeno,strategy_nearest,False,0.002810955047607422,success
04EB583A9C4C80,1,"['Arena', 'Museo Lapidario', 'Castelvecchio', 'Casa Giulietta', 'San Fermo', 'Museo Storia']",Tomba Giulietta,"['Museo Radio', 'Verona Tour', 'Sighseeing', 'Torre Lamberti', 'Centro Fotografia']",Torre Lamberti,strategy_nearest,True,0.0015070438385009766,success
04EB50429C4C80,1,"['Arena', 'Casa Giulietta', 'Santa Anastasia']",Torre Lamberti,"['Sighseeing', 'Centro Fotografia', 'Museo Conte', 'Palazzo della Ragione', 'AMO']",Palazzo della Ragione,strategy_nearest,True,0.0022771358489990234,success
04EB5B429C4C80,0,"['Castelvecchio', 'Torre Lamberti']",Casa Giulietta,"['Centro Fotografia', 'Sighseeing', 'Museo Conte', 'Museo Radio', 'Palazzo della Ragione']",San Fermo,strategy_nearest,False,0.0032110214233398438,success
04EB7C3A9C4C80,1,"['Casa Giulietta', 'Torre Lamberti', 'Palazzo della Ragione', 'Arena']",Tomba Giulietta,"['San Fermo', 'Museo Storia', 'Museo Lapidario', 'Museo Radio', 'Verona Tour']",Castelvecchio,strategy_nearest,False,0.002118825912475586,success
04EB803A9C4C80,1,"['Torre Lamberti', 'Palazzo della Ragione', 'Santa Anastasia']",Duomo,"['AMO', 'Museo Miniscalchi', 'Teatro Romano', 'Museo Conte', 'Centro Fotografia']",Teatro Romano,strategy_nearest,True,0.0026051998138427734,success
04EB7D429C4C80,3,['Arena'],Santa Anastasia,"['AMO', 'Museo Conte', 'Palazzo della Ragione', 'Teatro Romano', 'Centro Fotografia']",Duomo,strategy_nearest,False,0.0033893585205078125,success
04EB60429C4C80,1,"['Torre Lamberti', 'Palazzo della Ragione']",Teatro Romano,"['Santa Anastasia', 'Duomo', 'AMO', 'Museo Conte', 'Centro Fotografia']",Santa Anastasia,strategy_nearest,True,0.002020120620727539,success
04EB80429C4C80,0,['Arena'],Casa Giulietta,"['Centro Fotografia', 'Sighseeing', 'Torre Lamberti', 'Museo Conte', 'Museo Radio']",Torre Lamberti,strategy_nearest,True,0.0034439563751220703,success
04EB813A9C4C80,1,"['Arena', 'Casa Giulietta']",Torre Lamberti,"['Sighseeing', 'Centro Fotografia', 'Museo Conte', 'Palazzo della Ragione', 'AMO']",Palazzo della Ragione,strategy_nearest,True,0.0013587474822998047,success
04EB8A4A9C4C80,2,['Teatro Romano'],Santa Anastasia,"['AMO', 'Museo Conte', 'Palazzo della Ragione', 'Centro Fotografia', 'Duomo']",Torre Lamberti,strategy_nearest,False,0.0032739639282226562,success
04EB884A9C4C80,0,['Arena'],Castelvecchio,"['Museo Lapidario', 'Verona Tour', 'Museo Radio', 'San Zeno', 'Sighseeing']",Casa Giulietta,strategy_nearest,False,0.002824068069458008,success
04EBAD3A9C4C80,3,['Arena'],Santa Anastasia,"['AMO', 'Museo Conte', 'Palazzo della Ragione', 'Teatro Romano', 'Centro Fotografia']",Casa Giulietta,strategy_nearest,False,0.0028700828552246094,success
04EB9C429C4C80,3,"['Santa Anastasia', 'Casa Giulietta']",Arena,"['Verona Tour', 'Museo Lapidario', 'Museo Radio', 'San Fermo', 'Sighseeing']",Duomo,strategy_nearest,False,0.002947092056274414,success
04EBAE429C4C80,3,"['Torre Lamberti', 'Duomo']",Casa Giulietta,"['Centro Fotografia', 'Sighseeing', 'Museo Conte', 'Museo Radio', 'Palazzo della Ragione']",Arena,strategy_nearest,False,0.003468036651611328,success
04EBA34A9C4C80,0,['Arena'],Casa Giulietta,"['Centro Fotografia', 'Sighseeing', 'Torre Lamberti', 'Museo Conte', 'Museo Radio']",Duomo,strategy_nearest,False,0.0023000240325927734,success
04EBC6429C4C80,0,['Arena'],Casa Giulietta,"['Centro Fotografia', 'Sighseeing', 'Torre Lamberti', 'Museo Conte', 'Museo Radio']",Duomo,strategy_nearest,False,0.0034689903259277344,success
04EBB8429C4C80,3,"['Casa Giulietta', 'Santa Anastasia']",Duomo,"['AMO', 'Museo Miniscalchi', 'Teatro Romano', 'Palazzo della Ragione', 'Museo Conte']",Castelvecchio,strategy_nearest,False,0.002331972122192383,success
04EBB2429C4C80,0,['Arena'],Casa Giulietta,"['Centro Fotografia', 'Sighseeing', 'Torre Lamberti', 'Museo Conte', 'Museo Radio']",Duomo,strategy_nearest,False,0.0015392303466796875,success
04EBB6429C4C80,1,"['Arena', 'San Fermo', 'Casa Giulietta']",Torre Lamberti,"['Sighseeing', 'Centro Fotografia', 'Museo Conte', 'Palazzo della Ragione', 'AMO']",Palazzo della Ragione,strategy_nearest,True,0.003103971481323242,success
04EBD33A9C4C80,0,['Arena'],Casa Giulietta,"['Centro Fotografia', 'Sighseeing', 'Torre Lamberti', 'Museo Conte', 'Museo Radio']",San Zeno,strategy_nearest,False,0.0014138221740722656,success
04EBCF3A9C4C80,3,"['Arena', 'Castelvecchio']",Santa Anastasia,"['AMO', 'Museo Conte', 'Palazzo della Ragione', 'Teatro Romano', 'Centro Fotografia']",Casa Giulietta,strategy_nearest,False,0.002935171127319336,success
04EBE03A9C4C80,1,"['Arena', 'San Zeno', 'Torre Lamberti']",Palazzo della Ragione,"['AMO', 'Museo Conte', 'Centro Fotografia', 'Sighseeing', 'Santa Anastasia']",Casa Giulietta,strategy_nearest,False,0.002218008041381836,success
04EBE23A9C4C80,3,"['Arena', 'Casa Giulietta']",Torre Lamberti,"['Sighseeing', 'Centro Fotografia', 'Museo Conte', 'Palazzo della Ragione', 'AMO']",Santa Anastasia,strategy_nearest,False,0.003373861312866211,success
04EBFEBA7B3F80,0,['Torre Lamberti'],Duomo,"['AMO', 'Museo Miniscalchi', 'Santa Anastasia', 'Teatro Romano', 'Palazzo della Ragione']",Arena,strategy_nearest,False,0.002635955810546875,success
04EBF63A9C4C80,2,['Castelvecchio'],Giardino Giusti,"['Santa Anastasia', 'Teatro Romano', 'Museo Conte', 'Centro Fotografia', 'Museo Storia']",Santa Anastasia,strategy_nearest,True,0.003421783447265625,success
04EBEC3A9C4C80,0,['Arena'],Torre Lamberti,"['Sighseeing', 'Centro Fotografia', 'Museo Conte', 'Casa Giulietta', 'Palazzo della Ragione']",Casa Giulietta,strategy_nearest,True,0.002241849899291992,success
04EBFA3A9C4C80,0,['Castelvecchio'],Arena,"['Verona Tour', 'Museo Lapidario', 'Museo Radio', 'San Fermo', 'Casa Giulietta']",Torre Lamberti,strategy_nearest,False,0.0021240711212158203,success
04EC224A9C4C80,0,['Arena'],Teatro Romano,"['Santa Anastasia', 'Duomo', 'AMO', 'Palazzo della Ragione', 'Museo Conte']",Casa Giulietta,strategy_nearest,False,0.0022170543670654297,success
04EC1CBA7B3F84,0,"['Arena', 'Casa Giulietta']",Torre Lamberti,"['Sighseeing', 'Centro Fotografia', 'Museo Conte', 'Palazzo della Ragione', 'AMO']",Teatro Romano,strategy_nearest,False,0.001421213150024414,success
04EC163A9C4C84,3,"['Arena', 'Casa Giulietta']",San Fermo,"['Museo Storia', 'Museo Radio', 'Centro Fotografia', 'Sighseeing', 'Torre Lamberti']",Santa Anastasia,strategy_nearest,False,0.0029191970825195312,success
04EC2B3A9C4C80,3,"['Castelvecchio', 'San Zeno', 'Arena']",San Fermo,"['Museo Storia', 'Museo Radio', 'Casa Giulietta', 'Centro Fotografia', 'Sighseeing']",Santa Anastasia,strategy_nearest,False,0.0031952857971191406,success
04EC254A9C4C80,1,"['Arena', 'Torre Lamberti']",San Zeno,"['Castelvecchio', 'Verona Tour', 'Museo Lapidario', 'Museo Miniscalchi', 'Sighseeing']",Palazzo della Ragione,strategy_nearest,False,0.003122091293334961,success
04EC323A9C4C80,0,"['Arena', 'Casa Giulietta']",Teatro Romano,"['Santa Anastasia', 'Duomo', 'AMO', 'Palazzo della Ragione', 'Museo Conte']",Giardino Giusti,strategy_nearest,False,0.0019659996032714844,success
04EC36429C4C80,3,"['Santa Anastasia', 'Duomo']",San Fermo,"['Museo Storia', 'Museo Radio', 'Casa Giulietta', 'Centro Fotografia', 'Arena']",Casa Giulietta,strategy_nearest,True,0.003242015838623047,success
04EC423A9C4C80,1,"['Palazzo della Ragione', 'Torre Lamberti', 'Duomo']",Teatro Romano,"['Santa Anastasia', 'AMO', 'Museo Conte', 'Centro Fotografia', 'Museo Miniscalchi']",Arena,strategy_nearest,False,0.0018470287322998047,success
04EC4F429C4C80,3,"['Arena', 'Museo Lapidario']",Duomo,"['AMO', 'Museo Miniscalchi', 'Santa Anastasia', 'Teatro Romano', 'Palazzo della Ragione']",Santa Anastasia,strategy_nearest,True,0.0026140213012695312,success
04EC583A9C4C80,3,"['Teatro Romano', 'Duomo']",Torre Lamberti,"['Sighseeing', 'Centro Fotografia', 'Museo Conte', 'Casa Giulietta', 'Palazzo della Ragione']",Arena,strategy_nearest,False,0.002602100372314453,success
04EC60429C4C80,0,"['Arena', 'Museo Lapidario']",Castelvecchio,"['Verona Tour', 'Museo Radio', 'San Zeno', 'Sighseeing', 'Museo Miniscalchi']",Torre Lamberti,strategy_nearest,False,0.0025489330291748047,success
04EC52429C4C80,2,['Casa Giulietta'],Torre Lamberti,"['Sighseeing', 'Centro Fotografia', 'Museo Conte', 'Palazzo della Ragione', 'AMO']",Santa Anastasia,strategy_nearest,False,0.003988027572631836,success
04EC73429C4C80,3,"['Casa Giulietta', 'Santa Anastasia']",Teatro Romano,"['Duomo', 'AMO', 'Palazzo della Ragione', 'Museo Conte', 'Centro Fotografia']",Duomo,strategy_nearest,True,0.002254962921142578,success
04EC64429C4C80,3,"['Castelvecchio', 'Arena']",San Fermo,"['Museo Storia', 'Museo Radio', 'Casa Giulietta', 'Centro Fotografia', 'Sighseeing']",Casa Giulietta,strategy_nearest,True,0.003129720687866211,success
04EC6A429C4C80,3,"['Arena', 'Castelvecchio']",Torre Lamberti,"['Sighseeing', 'Centro Fotografia', 'Museo Conte', 'Casa Giulietta', 'Palazzo della Ragione']",Santa Anastasia,strategy_nearest,False,0.003195047378540039,success
04EC7B429C4C80,3,"['Castelvecchio', 'Santa Anastasia']",Casa Giulietta,"['Centro Fotografia', 'Sighseeing', 'Torre Lamberti', 'Museo Conte', 'Museo Radio']",San Fermo,strategy_nearest,False,0.0014238357543945312,success
04EC904A9C4C80,3,"['Arena', 'San Fermo']",Torre Lamberti,"['Sighseeing', 'Centro Fotografia', 'Museo Conte', 'Casa Giulietta', 'Palazzo della Ragione']",Santa Anastasia,strategy_nearest,False,0.001965045928955078,success
04EC864A9C4C80,0,['Arena'],Duomo,"['AMO', 'Museo Miniscalchi', 'Santa Anastasia', 'Teatro Romano', 'Palazzo della Ragione']",Teatro Romano,strategy_nearest,True,0.0025680065155029297,success
04EC8A3A9C4C80,3,"['Castelvecchio', 'Arena']",Casa Giulietta,"['Centro Fotografia', 'Sighseeing', 'Torre Lamberti', 'Museo Conte', 'Museo Radio']",Torre Lamberti,strategy_nearest,True,0.0019388198852539062,success
04EC9D4A9C4C80,0,['Arena'],Casa Giulietta,"['Centro Fotografia', 'Sighseeing', 'Torre Lamberti', 'Museo Conte', 'Museo Radio']",Torre Lamberti,strategy_nearest,True,0.0023260116577148438,success
04ECB6429C4C80,3,"['Arena', 'Torre Lamberti']",Casa Giulietta,"['Centro Fotografia', 'Sighseeing', 'Museo Conte', 'Museo Radio', 'Palazzo della Ragione']",San Zeno,strategy_nearest,False,0.002849102020263672,success
04ECA53A9C4C80,0,['Castelvecchio'],Arena,"['Verona Tour', 'Museo Lapidario', 'Museo Radio', 'San Fermo', 'Casa Giulietta']",Casa Giulietta,strategy_nearest,True,0.0016210079193115234,success
04ECBC429C4C80,0,['Arena'],Casa Giulietta,"['Centro Fotografia', 'Sighseeing', 'Torre Lamberti', 'Museo Conte', 'Museo Radio']",Duomo,strategy_nearest,False,0.0028221607208251953,success
04ECBD429C4C80,0,['Arena'],Torre Lamberti,"['Sighseeing', 'Centro Fotografia', 'Museo Conte', 'Casa Giulietta', 'Palazzo della Ragione']",Casa Giulietta,strategy_nearest,True,0.0015099048614501953,success
04ECBF3A9C4C80,3,"['Teatro Romano', 'Casa Giulietta']",Arena,"['Verona Tour', 'Museo Lapidario', 'Museo Radio', 'San Fermo', 'Sighseeing']",Museo Storia,strategy_nearest,False,0.0027420520782470703,success
04ECC53A9C4C80,3,"['Arena', 'Torre Lamberti']",Santa Anastasia,"['AMO', 'Museo Conte', 'Palazzo della Ragione', 'Teatro Romano', 'Centro Fotografia']",Duomo,strategy_nearest,False,0.002882242202758789,success
04ECBE429C4C80,3,"['Casa Giulietta', 'Torre Lamberti', 'Santa Anastasia']",Duomo,"['AMO', 'Museo Miniscalchi', 'Teatro Romano', 'Palazzo della Ragione', 'Museo Conte']",Teatro Romano,strategy_nearest,True,0.002079010009765625,success
04ECCA3A9C4C80,3,"['Tomba Giulietta', 'Arena']",Torre Lamberti,"['Sighseeing', 'Centro Fotografia', 'Museo Conte', 'Casa Giulietta', 'Palazzo della Ragione']",Santa Anastasia,strategy_nearest,False,0.0013828277587890625,success
04ECDC3A9C4C80,1,"['Torre Lamberti', 'Palazzo della Ragione']",Duomo,"['AMO', 'Museo Miniscalchi', 'Santa Anastasia', 'Teatro Romano', 'Museo Conte']",Teatro Romano,strategy_nearest,True,0.002958059310913086,success
04ECD9429C4C80,2,"['Tomba Giulietta', 'Castelvecchio', 'Giardino Giusti']",Teatro Romano,"['Santa Anastasia', 'Duomo', 'AMO', 'Palazzo della Ragione', 'Museo Conte']",Palazzo della Ragione,strategy_nearest,True,0.0027282238006591797,success
04ECD8429C4C80,6,"['Casa Giulietta', 'Verona Tour']",Teatro Romano,"['Santa Anastasia', 'Duomo', 'AMO', 'Palazzo della Ragione', 'Museo Conte']",Palazzo della Ragione,strategy_nearest,True,0.0019440650939941406,success
04ECDE3A9C4C80,1,"['Arena', 'Casa Giulietta']",Palazzo della Ragione,"['AMO', 'Museo Conte', 'Torre Lamberti', 'Centro Fotografia', 'Sighseeing']",Torre Lamberti,strategy_nearest,True,0.0022847652435302734,success
04ECE03A9C4C80,1,"['Casa Giulietta', 'Arena']",Palazzo della Ragione,"['AMO', 'Museo Conte', 'Torre Lamberti', 'Centro Fotografia', 'Sighseeing']",Santa Anastasia,strategy_nearest,False,0.0020699501037597656,success
04ECDF3A9C4C80,3,['Arena'],Torre Lamberti,"['Sighseeing', 'Centro Fotografia', 'Museo Conte', 'Casa Giulietta', 'Palazzo della Ragione']",Santa Anastasia,strategy_nearest,False,0.0027048587799072266,success
04ECE73A9C4C80,1,['Arena'],Teatro Romano,"['Santa Anastasia', 'Duomo', 'AMO', 'Palazzo della Ragione', 'Museo Conte']",Torre Lamberti,strategy_nearest,False,0.0032880306243896484,success
04ED073A9C4C84,1,"['Torre Lamberti', 'Palazzo della Ragione', 'Santa Anastasia']",Duomo,"['AMO', 'Museo Miniscalchi', 'Teatro Romano', 'Museo Conte', 'Centro Fotografia']",Teatro Romano,strategy_nearest,True,0.0031397342681884766,success
04ED033A9C4C84,0,['Arena'],Casa Giulietta,"['Centro Fotografia', 'Sighseeing', 'Torre Lamberti', 'Museo Conte', 'Museo Radio']",Duomo,strategy_nearest,False,0.0023491382598876953,success
04ED083A9C4C84,1,"['Arena', 'Museo Lapidario']",Castelvecchio,"['Verona Tour', 'Museo Radio', 'San Zeno', 'Sighseeing', 'Museo Miniscalchi']",Palazzo della Ragione,strategy_nearest,False,0.0016908645629882812,success
04ED0D3A9C4C84,2,['Casa Giulietta'],Santa Anastasia,"['AMO', 'Museo Conte', 'Palazzo della Ragione', 'Teatro Romano', 'Centro Fotografia']",Duomo,strategy_nearest,False,0.0023539066314697266,success
04ED0E3A9C4C84,1,"['Arena', 'Torre Lamberti']",Palazzo della Ragione,"['AMO', 'Museo Conte', 'Centro Fotografia', 'Sighseeing', 'Santa Anastasia']",Castelvecchio,strategy_nearest,False,0.0027680397033691406,success
04ED1C3A9C4C84,0,['Casa Giulietta'],Arena,"['Verona Tour', 'Museo Lapidario', 'Museo Radio', 'San Fermo', 'Sighseeing']",Torre Lamberti,strategy_nearest,False,0.001912832260131836,success
04ED103A9C4C84,2,['Casa Giulietta'],Torre Lamberti,"['Sighseeing', 'Centro Fotografia', 'Museo Conte', 'Palazzo della Ragione', 'AMO']",Palazzo della Ragione,strategy_nearest,True,0.0033521652221679688,success
04ED2B3A9C4C80,0,"['Arena', 'Casa Giulietta']",Duomo,"['AMO', 'Museo Miniscalchi', 'Santa Anastasia', 'Teatro Romano', 'Palazzo della Ragione']",Teatro Romano,strategy_nearest,True,0.0028412342071533203,success
04ED383A9C4C80,1,['Arena'],Palazzo della Ragione,"['AMO', 'Museo Conte', 'Torre Lamberti', 'Centro Fotografia', 'Sighseeing']",Torre Lamberti,strategy_nearest,True,0.0019147396087646484,success
04ED3E3A9C4C80,3,"['Arena', 'Teatro Romano', 'Museo Storia']",San Fermo,"['Museo Radio', 'Casa Giulietta', 'Centro Fotografia', 'Sighseeing', 'Torre Lamberti']",Torre Lamberti,strategy_nearest,True,0.0025053024291992188,success
04ED4C429C4C80,0,"['Arena', 'Casa Giulietta']",Teatro Romano,"['Santa Anastasia', 'Duomo', 'AMO', 'Palazzo della Ragione', 'Museo Conte']",Castelvecchio,strategy_nearest,False,0.0022230148315429688,success
04ED443A9C4C80,3,"['Arena', 'Castelvecchio']",Casa Giulietta,"['Centro Fotografia', 'Sighseeing', 'Torre Lamberti', 'Museo Conte', 'Museo Radio']",Santa Anastasia,strategy_nearest,False,0.0033121109008789062,success
04ED70429C4C80,3,['Arena'],Castelvecchio,"['Museo Lapidario', 'Verona Tour', 'Museo Radio', 'San Zeno', 'Sighseeing']",Santa Anastasia,strategy_nearest,False,0.0018930435180664062,success
04ED513A9C4C80,3,"['Arena', 'Museo Lapidario', 'Castelvecchio']",Casa Giulietta,"['Centro Fotografia', 'Sighseeing', 'Torre Lamberti', 'Museo Conte', 'Museo Radio']",Santa Anastasia,strategy_nearest,False,0.0034210681915283203,success
04ED7D3A9C4C80,3,['Casa Giulietta'],Santa Anastasia,"['AMO', 'Museo Conte', 'Palazzo della Ragione', 'Teatro Romano', 'Centro Fotografia']",Duomo,strategy_nearest,False,0.002597808837890625,success
04ED7D429C4C80,3,"['Arena', 'Casa Giulietta', 'San Fermo']",Tomba Giulietta,"['Museo Storia', 'Museo Lapidario', 'Museo Radio', 'Verona Tour', 'Castelvecchio']",Torre Lamberti,strategy_nearest,False,0.0031387805938720703,success
04ED823A9C4C80,1,"['Arena', 'Palazzo della Ragione']",Torre Lamberti,"['Sighseeing', 'Centro Fotografia', 'Museo Conte', 'Casa Giulietta', 'AMO']",Casa Giulietta,strategy_nearest,True,0.0027048587799072266,success
04ED7E429C4C80,0,['Casa Giulietta'],Torre Lamberti,"['Sighseeing', 'Centro Fotografia', 'Museo Conte', 'Palazzo della Ragione', 'AMO']",Arena,strategy_nearest,False,0.0018661022186279297,success
04ED884A9C4C80,0,['Arena'],Castelvecchio,"['Museo Lapidario', 'Verona Tour', 'Museo Radio', 'San Zeno', 'Sighseeing']",Santa Anastasia,strategy_nearest,False,0.002444028854370117,success
04EDA53A9C4C80,0,['Castelvecchio'],Teatro Romano,"['Santa Anastasia', 'Duomo', 'AMO', 'Palazzo della Ragione', 'Museo Conte']",Arena,strategy_nearest,False,0.0018799304962158203,success
04ED8E3A9C4C80,3,"['Arena', 'Casa Giulietta']",Torre Lamberti,"['Sighseeing', 'Centro Fotografia', 'Museo Conte', 'Palazzo della Ragione', 'AMO']",Teatro Romano,strategy_nearest,False,0.0033431053161621094,success
04EDAB4A9C4C80,1,"['Arena', 'Giardino Giusti', 'Teatro Romano', 'Duomo', 'Santa Anastasia']",Palazzo della Ragione,"['AMO', 'Museo Conte', 'Torre Lamberti', 'Centro Fotografia', 'Sighseeing']",Torre Lamberti,strategy_nearest,True,0.0025599002838134766,success
04EDAD3A9C4C80,3,"['Arena', 'Casa Giulietta']",Torre Lamberti,"['Sighseeing', 'Centro Fotografia', 'Museo Conte', 'Palazzo della Ragione', 'AMO']",Santa Anastasia,strategy_nearest,False,0.0018329620361328125,success
04EDAE3A9C4C80,0,['Arena'],Casa Giulietta,"['Centro Fotografia', 'Sighseeing', 'Torre Lamberti', 'Museo Conte', 'Museo Radio']",Torre Lamberti,strategy_nearest,True,0.0026340484619140625,success
04EDB2429C4C80,0,"['Arena', 'Torre Lamberti']",Casa Giulietta,"['Centro Fotografia', 'Sighseeing', 'Museo Conte', 'Museo Radio', 'Palazzo della Ragione']",Duomo,strategy_nearest,False,0.0025641918182373047,success
04EDB33A9C4C80,3,"['Castelvecchio', 'Casa Giulietta']",Santa Anastasia,"['AMO', 'Museo Conte', 'Palazzo della Ragione', 'Teatro Romano', 'Centro Fotografia']",Duomo,strategy_nearest,False,0.003117084503173828,success
04EDB63A9C4C80,0,"['Arena', 'Castelvecchio']",Teatro Romano,"['Santa Anastasia', 'Duomo', 'AMO', 'Palazzo della Ragione', 'Museo Conte']",Duomo,strategy_nearest,True,0.0025069713592529297,success
04EDC83A9C4C80,0,['Castelvecchio'],Casa Giulietta,"['Centro Fotografia', 'Sighseeing', 'Torre Lamberti', 'Museo Conte', 'Museo Radio']",Arena,strategy_nearest,False,0.003309965133666992,success
04EDC8429C4C80,2,['San Zeno'],Castelvecchio,"['Museo Lapidario', 'Verona Tour', 'Arena', 'Museo Radio', 'Sighseeing']",Santa Anastasia,strategy_nearest,False,0.002527952194213867,success
04EDDB3A9C4C80,3,"['Torre Lamberti', 'Arena', 'Teatro Romano']",Duomo,"['AMO', 'Museo Miniscalchi', 'Santa Anastasia', 'Palazzo della Ragione', 'Museo Conte']",Santa Anastasia,strategy_nearest,True,0.003336191177368164,success
04EDE33A9C4C80,3,"['Arena', 'Casa Giulietta']",Castelvecchio,"['Museo Lapidario', 'Verona Tour', 'Museo Radio', 'San Zeno', 'Sighseeing']",Torre Lamberti,strategy_nearest,False,0.003247976303100586,success
04EDFC429C4C80,1,"['Santa Anastasia', 'Duomo', 'Teatro Romano']",Palazzo della Ragione,"['AMO', 'Museo Conte', 'Torre Lamberti', 'Centro Fotografia', 'Sighseeing']",Torre Lamberti,strategy_nearest,True,0.0033562183380126953,success
04EE02429C4C84,0,['Arena'],Castelvecchio,"['Museo Lapidario', 'Verona Tour', 'Museo Radio', 'San Zeno', 'Sighseeing']",San Zeno,strategy_nearest,True,0.0032312870025634766,success
04EE173A9C4C84,3,"['Arena', 'Casa Giulietta']",Torre Lamberti,"['Sighseeing', 'Centro Fotografia', 'Museo Conte', 'Palazzo della Ragione', 'AMO']",Santa Anastasia,strategy_nearest,False,0.003099203109741211,success
04EE153A9C4C84,3,"['Arena', 'Castelvecchio']",Teatro Romano,"['Santa Anastasia', 'Duomo', 'AMO', 'Palazzo della Ragione', 'Museo Conte']",Santa Anastasia,strategy_nearest,True,0.002516031265258789,success
04EE1B3A9C4C80,3,"['Arena', 'Casa Giulietta']",San Fermo,"['Museo Storia', 'Museo Radio', 'Centro Fotografia', 'Sighseeing', 'Torre Lamberti']",Santa Anastasia,strategy_nearest,False,0.0020449161529541016,success
04EE193A9C4C84,1,['Arena'],Casa Giulietta,"['Centro Fotografia', 'Sighseeing', 'Torre Lamberti', 'Museo Conte', 'Museo Radio']",Torre Lamberti,strategy_nearest,True,0.0025742053985595703,success
04EE19429C4C84,2,"['Santa Anastasia', 'Duomo', 'San Fermo']",San Zeno,"['Castelvecchio', 'Verona Tour', 'Museo Lapidario', 'Arena', 'Museo Miniscalchi']",Castelvecchio,strategy_nearest,True,0.0035767555236816406,success
04EE1C3A9C4C84,0,['Arena'],Casa Giulietta,"['Centro Fotografia', 'Sighseeing', 'Torre Lamberti', 'Museo Conte', 'Museo Radio']",Torre Lamberti,strategy_nearest,True,0.003384113311767578,success
04EE2F4A9C4C80,0,['Teatro Romano'],Arena,"['Verona Tour', 'Museo Lapidario', 'Museo Radio', 'San Fermo', 'Casa Giulietta']",Torre Lamberti,strategy_nearest,False,0.0025758743286132812,success
04EE243A9C4C80,1,['Arena'],Museo Lapidario,"['Verona Tour', 'Castelvecchio', 'Museo Radio', 'San Fermo', 'Casa Giulietta']",Palazzo della Ragione,strategy_nearest,False,0.003326892852783203,success
04EE3A3A9C4C80,3,"['Casa Giulietta', 'Torre Lamberti']",Santa Anastasia,"['AMO', 'Museo Conte', 'Palazzo della Ragione', 'Teatro Romano', 'Centro Fotografia']",Giardino Giusti,strategy_nearest,False,0.002315044403076172,success
04EE3B3A9C4C80,0,['Arena'],Casa Giulietta,"['Centro Fotografia', 'Sighseeing', 'Torre Lamberti', 'Museo Conte', 'Museo Radio']",Torre Lamberti,strategy_nearest,True,0.003240346908569336,success
04EE47429C4C80,0,"['Arena', 'Casa Giulietta']",Castelvecchio,"['Museo Lapidario', 'Verona Tour', 'Museo Radio', 'San Zeno', 'Sighseeing']",Teatro Romano,strategy_nearest,False,0.002653837203979492,success
04EE55429C4C80,3,"['Arena', 'Casa Giulietta', 'Torre Lamberti']",Santa Anastasia,"['AMO', 'Museo Conte', 'Palazzo della Ragione', 'Teatro Romano', 'Centro Fotografia']",Duomo,strategy_nearest,False,0.002821207046508789,success
04EE5A429C4C80,0,['Arena'],Duomo,"['AMO', 'Museo Miniscalchi', 'Santa Anastasia', 'Teatro Romano', 'Palazzo della Ragione']",Teatro Romano,strategy_nearest,True,0.003307819366455078,success
04EE823A9C4C80,1,"['Arena', 'Casa Giulietta']",Palazzo della Ragione,"['AMO', 'Museo Conte', 'Torre Lamberti', 'Centro Fotografia', 'Sighseeing']",Torre Lamberti,strategy_nearest,True,0.002463102340698242,success
04EE68429C4C80,0,['Arena'],Castelvecchio,"['Museo Lapidario', 'Verona Tour', 'Museo Radio', 'San Zeno', 'Sighseeing']",Casa Giulietta,strategy_nearest,False,0.0033419132232666016,success
04EE723A9C4C80,1,"['Casa Giulietta', 'Torre Lamberti']",Palazzo della Ragione,"['AMO', 'Museo Conte', 'Centro Fotografia', 'Sighseeing', 'Santa Anastasia']",Santa Anastasia,strategy_nearest,True,0.001905202865600586,success
04EE863A9C4C80,1,"['Arena', 'Casa Giulietta', 'Torre Lamberti']",Palazzo della Ragione,"['AMO', 'Museo Conte', 'Centro Fotografia', 'Sighseeing', 'Santa Anastasia']",Santa Anastasia,strategy_nearest,True,0.00186920166015625,success
04EE833A9C4C80,3,"['Castelvecchio', 'San Fermo']",Casa Giulietta,"['Centro Fotografia', 'Sighseeing', 'Torre Lamberti', 'Museo Conte', 'Museo Radio']",Santa Anastasia,strategy_nearest,False,0.002994060516357422,success
04EE8B3A9C4C80,1,"['Arena', 'Torre Lamberti']",Palazzo della Ragione,"['AMO', 'Museo Conte', 'Centro Fotografia', 'Sighseeing', 'Santa Anastasia']",Casa Giulietta,strategy_nearest,False,0.0026497840881347656,success
04EEB7429C4C80,0,['Arena'],Torre Lamberti,"['Sighseeing', 'Centro Fotografia', 'Museo Conte', 'Casa Giulietta', 'Palazzo della Ragione']",Casa Giulietta,strategy_nearest,True,0.0018839836120605469,success
04EEA63A9C4C80,0,['Arena'],Casa Giulietta,"['Centro Fotografia', 'Sighseeing', 'Torre Lamberti', 'Museo Conte', 'Museo Radio']",Torre Lamberti,strategy_nearest,True,0.0028352737426757812,success
04EEB8429C4C80,1,"['Arena', 'San Fermo', 'Casa Giulietta']",Torre Lamberti,"['Sighseeing', 'Centro Fotografia', 'Museo Conte', 'Palazzo della Ragione', 'AMO']",Palazzo della Ragione,strategy_nearest,True,0.0027379989624023438,success
04EEBC429C4C80,3,"['Arena', 'Torre Lamberti', 'Santa Anastasia']",Duomo,"['AMO', 'Museo Miniscalchi', 'Teatro Romano', 'Palazzo della Ragione', 'Museo Conte']",Casa Giulietta,strategy_nearest,False,0.0031800270080566406,success
04EEBF429C4C80,2,"['Museo Lapidario', 'Castelvecchio', 'San Zeno']",Casa Giulietta,"['Centro Fotografia', 'Sighseeing', 'Torre Lamberti', 'Museo Conte', 'Museo Radio']",Torre Lamberti,strategy_nearest,True,0.0024802684783935547,success
04EECF429C4C80,1,"['Arena', 'Casa Giulietta', 'Torre Lamberti']",Palazzo della Ragione,"['AMO', 'Museo Conte', 'Centro Fotografia', 'Sighseeing', 'Santa Anastasia']",Castelvecchio,strategy_nearest,False,0.0025777816772460938,success
04EED03A9C4C80,3,"['Arena', 'Casa Giulietta', 'Torre Lamberti']",Santa Anastasia,"['AMO', 'Museo Conte', 'Palazzo della Ragione', 'Teatro Romano', 'Centro Fotografia']",San Zeno,strategy_nearest,False,0.0037131309509277344,success
04EED1429C4C80,2,"['Teatro Romano', 'Santa Anastasia', 'Torre Lamberti']",Palazzo della Ragione,"['AMO', 'Museo Conte', 'Centro Fotografia', 'Sighseeing', 'Museo Miniscalchi']",Casa Giulietta,strategy_nearest,False,0.002830982208251953,success
04EED8429C4C80,1,"['Arena', 'Castelvecchio', 'Casa Giulietta']",Palazzo della Ragione,"['AMO', 'Museo Conte', 'Torre Lamberti', 'Centro Fotografia', 'Sighseeing']",Teatro Romano,strategy_nearest,False,0.003201007843017578,success
04EEE23A9C4C80,3,['Arena'],Castelvecchio,"['Museo Lapidario', 'Verona Tour', 'Museo Radio', 'San Zeno', 'Sighseeing']",Torre Lamberti,strategy_nearest,False,0.003137826919555664,success
04EED33A9C4C80,1,"['Casa Giulietta', 'Santa Anastasia', 'Duomo', 'Teatro Romano']",Torre Lamberti,"['Sighseeing', 'Centro Fotografia', 'Museo Conte', 'Palazzo della Ragione', 'AMO']",Palazzo della Ragione,strategy_nearest,True,0.0031218528747558594,success
04EEEB3A9C4C80,1,['Casa Giulietta'],Torre Lamberti,"['Sighseeing', 'Centro Fotografia', 'Museo Conte', 'Palazzo della Ragione', 'AMO']",Palazzo della Ragione,strategy_nearest,True,0.0012688636779785156,success
04EEE8429C4C80,0,['Teatro Romano'],Arena,"['Verona Tour', 'Museo Lapidario', 'Museo Radio', 'San Fermo', 'Casa Giulietta']",Duomo,strategy_nearest,False,0.001964092254638672,success
04EEE53A9C4C80,0,['Tomba Giulietta'],Arena,"['Verona Tour', 'Museo Lapidario', 'Museo Radio', 'San Fermo', 'Casa Giulietta']",Casa Giulietta,strategy_nearest,True,0.004525184631347656,success
04EF02429C4C84,3,"['Arena', 'Casa Giulietta', 'Santa Anastasia']",Duomo,"['AMO', 'Museo Miniscalchi', 'Teatro Romano', 'Palazzo della Ragione', 'Museo Conte']",Teatro Romano,strategy_nearest,True,0.0032508373260498047,success
04EF0C429C4C84,3,"['Arena', 'Casa Giulietta', 'Santa Anastasia']",Duomo,"['AMO', 'Museo Miniscalchi', 'Teatro Romano', 'Palazzo della Ragione', 'Museo Conte']",San Zeno,strategy_nearest,False,0.0025260448455810547,success
04EF1F4A9C4C80,1,"['Arena', 'Torre Lamberti', 'Palazzo della Ragione']",Santa Anastasia,"['AMO', 'Museo Conte', 'Teatro Romano', 'Centro Fotografia', 'Duomo']",Casa Giulietta,strategy_nearest,False,0.0024309158325195312,success
04EF204A9C4C80,1,"['Arena', 'Casa Giulietta']",Palazzo della Ragione,"['AMO', 'Museo Conte', 'Torre Lamberti', 'Centro Fotografia', 'Sighseeing']",Santa Anastasia,strategy_nearest,False,0.003366708755493164,success
04EF313A9C4C80,3,"['Arena', 'Casa Giulietta']",Santa Anastasia,"['AMO', 'Museo Conte', 'Palazzo della Ragione', 'Teatro Romano', 'Centro Fotografia']",Castelvecchio,strategy_nearest,False,0.002026081085205078,success
04EF433A9C4C80,0,['Torre Lamberti'],Arena,"['Verona Tour', 'Museo Lapidario', 'Museo Radio', 'San Fermo', 'Casa Giulietta']",Tomba Giulietta,strategy_nearest,False,0.002666950225830078,success
04EF3E3A9C4C80,3,"['Torre Lamberti', 'Santa Anastasia', 'Duomo']",Duomo,"['AMO', 'Museo Miniscalchi', 'Teatro Romano', 'Palazzo della Ragione', 'Museo Conte']",San Fermo,strategy_nearest,False,0.0034780502319335938,success
04EF51429C4C80,0,['Arena'],Casa Giulietta,"['Centro Fotografia', 'Sighseeing', 'Torre Lamberti', 'Museo Conte', 'Museo Radio']",Torre Lamberti,strategy_nearest,True,0.0031948089599609375,success
04EF54429C4C80,1,"['Arena', 'Casa Giulietta']",Torre Lamberti,"['Sighseeing', 'Centro Fotografia', 'Museo Conte', 'Palazzo della Ragione', 'AMO']",Palazzo della Ragione,strategy_nearest,True,0.0032470226287841797,success
04EF773A9C4C80,1,['Arena'],Casa Giulietta,"['Centro Fotografia', 'Sighseeing', 'Torre Lamberti', 'Museo Conte', 'Museo Radio']",Torre Lamberti,strategy_nearest,True,0.0033211708068847656,success
04EF5A429C4C80,0,['Arena'],Castelvecchio,"['Museo Lapidario', 'Verona Tour', 'Museo Radio', 'San Zeno', 'Sighseeing']",Duomo,strategy_nearest,False,0.002786874771118164,success
04EF7C3A9C4C80,1,"['Casa Giulietta', 'Torre Lamberti', 'Palazzo della Ragione', 'Arena']",Tomba Giulietta,"['San Fermo', 'Museo Storia', 'Museo Lapidario', 'Museo Radio', 'Verona Tour']",Castelvecchio,strategy_nearest,False,0.0032041072845458984,success
04EF7F3A9C4C80,3,"['Arena', 'Museo Lapidario']",Casa Giulietta,"['Centro Fotografia', 'Sighseeing', 'Torre Lamberti', 'Museo Conte', 'Museo Radio']",Torre Lamberti,strategy_nearest,True,0.0032739639282226562,success
04EF823A9C4C80,0,['Arena'],Casa Giulietta,"['Centro Fotografia', 'Sighseeing', 'Torre Lamberti', 'Museo Conte', 'Museo Radio']",Torre Lamberti,strategy_nearest,True,0.002584218978881836,success
04EF874A9C4C80,3,"['Teatro Romano', 'Duomo', 'Santa Anastasia', 'Casa Giulietta']",Arena,"['Verona Tour', 'Museo Lapidario', 'Museo Radio', 'San Fermo', 'Sighseeing']",Torre Lamberti,strategy_nearest,False,0.0034639835357666016,success
04EF8D4A9C4C80,0,['Arena'],Casa Giulietta,"['Centro Fotografia', 'Sighseeing', 'Torre Lamberti', 'Museo Conte', 'Museo Radio']",Teatro Romano,strategy_nearest,False,0.0024421215057373047,success
04EF8E3A9C4C80,2,['Castelvecchio'],Teatro Romano,"['Santa Anastasia', 'Duomo', 'AMO', 'Palazzo della Ragione', 'Museo Conte']",Casa Giulietta,strategy_nearest,False,0.0033190250396728516,success
04EF914A9C4C80,3,"['Arena', 'Casa Giulietta', 'Torre Lamberti']",Duomo,"['AMO', 'Museo Miniscalchi', 'Santa Anastasia', 'Teatro Romano', 'Palazzo della Ragione']",San Fermo,strategy_nearest,False,0.0030329227447509766,success
04EFAB429C4C80,0,['Arena'],Casa Giulietta,"['Centro Fotografia', 'Sighseeing', 'Torre Lamberti', 'Museo Conte', 'Museo Radio']",Torre Lamberti,strategy_nearest,True,0.0026297569274902344,success
04EFB4429C4C80,1,['Arena'],Casa Giulietta,"['Centro Fotografia', 'Sighseeing', 'Torre Lamberti', 'Museo Conte', 'Museo Radio']",Torre Lamberti,strategy_nearest,True,0.0032351016998291016,success
04EFBE429C4C80,0,['Arena'],Casa Giulietta,"['Centro Fotografia', 'Sighseeing', 'Torre Lamberti', 'Museo Conte', 'Museo Radio']",Torre Lamberti,strategy_nearest,True,0.0031778812408447266,success
04EFC23A9C4C80,3,"['Arena', 'Torre Lamberti']",Casa Giulietta,"['Centro Fotografia', 'Sighseeing', 'Museo Conte', 'Museo Radio', 'Palazzo della Ragione']",San Fermo,strategy_nearest,False,0.0025260448455810547,success
04EFBA429C4C80,3,"['Arena', 'Castelvecchio']",Casa Giulietta,"['Centro Fotografia', 'Sighseeing', 'Torre Lamberti', 'Museo Conte', 'Museo Radio']",Torre Lamberti,strategy_nearest,True,0.0034339427947998047,success
04EFC2429C4C80,3,"['San Zeno', 'Castelvecchio']",Arena,"['Verona Tour', 'Museo Lapidario', 'Museo Radio', 'San Fermo', 'Casa Giulietta']",San Fermo,strategy_nearest,True,0.0030128955841064453,success
04EFC8429C4C80,1,"['Santa Anastasia', 'Torre Lamberti', 'Arena']",Tomba Giulietta,"['San Fermo', 'Museo Storia', 'Museo Lapidario', 'Museo Radio', 'Verona Tour']",Casa Giulietta,strategy_nearest,False,0.0027980804443359375,success
04EFCA429C4C80,1,"['Castelvecchio', 'Casa Giulietta']",Palazzo della Ragione,"['AMO', 'Museo Conte', 'Torre Lamberti', 'Centro Fotografia', 'Sighseeing']",Torre Lamberti,strategy_nearest,True,0.0033659934997558594,success
04EFCF3A9C4C80,3,"['Arena', 'Casa Giulietta']",Torre Lamberti,"['Sighseeing', 'Centro Fotografia', 'Museo Conte', 'Palazzo della Ragione', 'AMO']",Santa Anastasia,strategy_nearest,False,0.002020120620727539,success
04EFCE3A9C4C80,1,"['Arena', 'Casa Giulietta']",Santa Anastasia,"['AMO', 'Museo Conte', 'Palazzo della Ragione', 'Teatro Romano', 'Centro Fotografia']",Duomo,strategy_nearest,False,0.004083871841430664,success
04EFD6429C4C80,3,"['Arena', 'Castelvecchio', 'San Fermo']",Torre Lamberti,"['Sighseeing', 'Centro Fotografia', 'Museo Conte', 'Casa Giulietta', 'Palazzo della Ragione']",Santa Anastasia,strategy_nearest,False,0.0019161701202392578,success
04EFD7429C4C80,0,['Arena'],Casa Giulietta,"['Centro Fotografia', 'Sighseeing', 'Torre Lamberti', 'Museo Conte', 'Museo Radio']",San Zeno,strategy_nearest,False,0.0025777816772460938,success
04EFE53A9C4C80,3,"['Torre Lamberti', 'Santa Anastasia']",Teatro Romano,"['Duomo', 'AMO', 'Palazzo della Ragione', 'Museo Conte', 'Centro Fotografia']",Duomo,strategy_nearest,True,0.002530813217163086,success
04EFEA3A9C4C80,1,"['Arena', 'Castelvecchio']",Palazzo della Ragione,"['AMO', 'Museo Conte', 'Torre Lamberti', 'Centro Fotografia', 'Sighseeing']",Torre Lamberti,strategy_nearest,True,0.002746105194091797,success
04EFF13A9C4C80,3,"['Santa Anastasia', 'Duomo']",Torre Lamberti,"['Sighseeing', 'Centro Fotografia', 'Museo Conte', 'Casa Giulietta', 'Palazzo della Ragione']",Casa Giulietta,strategy_nearest,True,0.0020956993103027344,success
04EFE83A9C4C80,0,['Arena'],Duomo,"['AMO', 'Museo Miniscalchi', 'Santa Anastasia', 'Teatro Romano', 'Palazzo della Ragione']",Teatro Romano,strategy_nearest,True,0.004719972610473633,success
04EFFA3A9C4C80,2,"['Duomo', 'Torre Lamberti']",Casa Giulietta,"['Centro Fotografia', 'Sighseeing', 'Museo Conte', 'Museo Radio', 'Palazzo della Ragione']",Castelvecchio,strategy_nearest,False,0.0031371116638183594,success
04F00D429C4C84,3,"['Arena', 'Castelvecchio', 'Museo Lapidario', 'Casa Giulietta']",Torre Lamberti,"['Sighseeing', 'Centro Fotografia', 'Museo Conte', 'Palazzo della Ragione', 'AMO']",Santa Anastasia,strategy_nearest,False,0.003468751907348633,success
04F0173A9C4C84,2,['Duomo'],Castelvecchio,"['Museo Lapidario', 'Verona Tour', 'Arena', 'Museo Radio', 'San Zeno']",San Zeno,strategy_nearest,True,0.0020782947540283203,success
04F030429C4C80,1,"['Castelvecchio', 'Arena', 'Casa Giulietta']",Torre Lamberti,"['Sighseeing', 'Centro Fotografia', 'Museo Conte', 'Palazzo della Ragione', 'AMO']",Palazzo della Ragione,strategy_nearest,True,0.003016948699951172,success
04F0213A9C4C80,1,['Arena'],Casa Giulietta,"['Centro Fotografia', 'Sighseeing', 'Torre Lamberti', 'Museo Conte', 'Museo Radio']",Torre Lamberti,strategy_nearest,True,0.0028688907623291016,success
04F031429C4C80,3,"['Arena', 'Torre Lamberti']",Santa Anastasia,"['AMO', 'Museo Conte', 'Palazzo della Ragione', 'Teatro Romano', 'Centro Fotografia']",Duomo,strategy_nearest,False,0.0025141239166259766,success
04F0353A9C4C80,1,"['Casa Giulietta', 'Arena']",Duomo,"['AMO', 'Museo Miniscalchi', 'Santa Anastasia', 'Teatro Romano', 'Palazzo della Ragione']",Teatro Romano,strategy_nearest,True,0.0031599998474121094,success
04F03C3A9C4C80,1,"['Teatro Romano', 'Casa Giulietta']",Arena,"['Verona Tour', 'Museo Lapidario', 'Museo Radio', 'San Fermo', 'Sighseeing']",Torre Lamberti,strategy_nearest,False,0.0027740001678466797,success
04F0493A9C4C80,0,['Arena'],Casa Giulietta,"['Centro Fotografia', 'Sighseeing', 'Torre Lamberti', 'Museo Conte', 'Museo Radio']",Teatro Romano,strategy_nearest,False,0.002496004104614258,success
04F04F3A9C4C80,3,"['Arena', 'Castelvecchio', 'San Zeno']",San Fermo,"['Museo Storia', 'Museo Radio', 'Casa Giulietta', 'Centro Fotografia', 'Sighseeing']",Torre Lamberti,strategy_nearest,False,0.002502918243408203,success
04F0423A9C4C80,1,"['Palazzo della Ragione', 'Torre Lamberti', 'Duomo']",Teatro Romano,"['Santa Anastasia', 'AMO', 'Museo Conte', 'Centro Fotografia', 'Museo Miniscalchi']",Arena,strategy_nearest,False,0.004703998565673828,success
04F073429C4C80,0,['Casa Giulietta'],Torre Lamberti,"['Sighseeing', 'Centro Fotografia', 'Museo Conte', 'Palazzo della Ragione', 'AMO']",Arena,strategy_nearest,False,0.0019621849060058594,success
04F062429C4C80,0,"['Arena', 'Casa Giulietta', 'Torre Lamberti']",Teatro Romano,"['Santa Anastasia', 'Duomo', 'AMO', 'Palazzo della Ragione', 'Museo Conte']",Giardino Giusti,strategy_nearest,False,0.002597808837890625,success
04F07C429C4C80,0,['Arena'],Castelvecchio,"['Museo Lapidario', 'Verona Tour', 'Museo Radio', 'San Zeno', 'Sighseeing']",Giardino Giusti,strategy_nearest,False,0.0028340816497802734,success
04F0783A9C4C80,1,"['Castelvecchio', 'Museo Lapidario', 'Arena']",Casa Giulietta,"['Centro Fotografia', 'Sighseeing', 'Torre Lamberti', 'Museo Conte', 'Museo Radio']",Torre Lamberti,strategy_nearest,True,0.0026328563690185547,success
04F07E429C4C80,1,"['Arena', 'Castelvecchio', 'Teatro Romano', 'Duomo']",Santa Anastasia,"['AMO', 'Museo Conte', 'Palazzo della Ragione', 'Centro Fotografia', 'Torre Lamberti']",Torre Lamberti,strategy_nearest,True,0.002002239227294922,success
04F08A3A9C4C80,0,['Castelvecchio'],Torre Lamberti,"['Sighseeing', 'Centro Fotografia', 'Museo Conte', 'Casa Giulietta', 'Palazzo della Ragione']",Casa Giulietta,strategy_nearest,True,0.002582073211669922,success
04F0894A9C4C80,3,"['Arena', 'Casa Giulietta']",Santa Anastasia,"['AMO', 'Museo Conte', 'Palazzo della Ragione', 'Teatro Romano', 'Centro Fotografia']",Teatro Romano,strategy_nearest,True,0.0020279884338378906,success
04F085429C4C80,1,"['Palazzo della Ragione', 'Torre Lamberti']",Casa Giulietta,"['Centro Fotografia', 'Sighseeing', 'Museo Conte', 'Museo Radio', 'San Fermo']",San Zeno,strategy_nearest,False,0.003392934799194336,success
04F091429C4C80,0,"['Arena', 'Casa Giulietta']",Torre Lamberti,"['Sighseeing', 'Centro Fotografia', 'Museo Conte', 'Palazzo della Ragione', 'AMO']",Teatro Romano,strategy_nearest,False,0.001531839370727539,success
04F0A53A9C4C80,1,"['Castelvecchio', 'Casa Giulietta']",Tomba Giulietta,"['San Fermo', 'Museo Storia', 'Arena', 'Museo Lapidario', 'Museo Radio']",Arena,strategy_nearest,True,0.0020270347595214844,success
04F0A44A9C4C80,1,"['Castelvecchio', 'Arena']",Casa Giulietta,"['Centro Fotografia', 'Sighseeing', 'Torre Lamberti', 'Museo Conte', 'Museo Radio']",Torre Lamberti,strategy_nearest,True,0.002714872360229492,success
04F08B429C4C80,2,['Tomba Giulietta'],Castelvecchio,"['Museo Lapidario', 'Verona Tour', 'Arena', 'Museo Radio', 'San Zeno']",Casa Giulietta,strategy_nearest,False,0.00463414192199707,success
04F0AD3A9C4C80,1,"['Torre Lamberti', 'Palazzo della Ragione', 'Casa Giulietta']",Arena,"['Verona Tour', 'Museo Lapidario', 'Museo Radio', 'San Fermo', 'Sighseeing']",Castelvecchio,strategy_nearest,False,0.002527952194213867,success
04F0B4429C4C80,1,['Arena'],Casa Giulietta,"['Centro Fotografia', 'Sighseeing', 'Torre Lamberti', 'Museo Conte', 'Museo Radio']",Palazzo della Ragione,strategy_nearest,False,0.0020682811737060547,success
04F0B13A9C4C80,3,"['Arena', 'Torre Lamberti']",Casa Giulietta,"['Centro Fotografia', 'Sighseeing', 'Museo Conte', 'Museo Radio', 'Palazzo della Ragione']",Duomo,strategy_nearest,False,0.002707958221435547,success
04F0B33A9C4C80,3,['Arena'],Torre Lamberti,"['Sighseeing', 'Centro Fotografia', 'Museo Conte', 'Casa Giulietta', 'Palazzo della Ragione']",Santa Anastasia,strategy_nearest,False,0.003557920455932617,success
04F0B9429C4C80,0,['Casa Giulietta'],Arena,"['Verona Tour', 'Museo Lapidario', 'Museo Radio', 'San Fermo', 'Sighseeing']",Torre Lamberti,strategy_nearest,False,0.002711057662963867,success
04F0B73A9C4C80,2,['Torre Lamberti'],Santa Anastasia,"['AMO', 'Museo Conte', 'Palazzo della Ragione', 'Teatro Romano', 'Centro Fotografia']",Castelvecchio,strategy_nearest,False,0.0030210018157958984,success
04F0BD3A9C4C80,0,['Arena'],Casa Giulietta,"['Centro Fotografia', 'Sighseeing', 'Torre Lamberti', 'Museo Conte', 'Museo Radio']",Torre Lamberti,strategy_nearest,True,0.0031709671020507812,success
04F0BA429C4C80,3,"['Tomba Giulietta', 'Arena']",Torre Lamberti,"['Sighseeing', 'Centro Fotografia', 'Museo Conte', 'Casa Giulietta', 'Palazzo della Ragione']",Casa Giulietta,strategy_nearest,True,0.0032579898834228516,success
04F0C8429C4C80,1,"['Arena', 'Casa Giulietta']",Torre Lamberti,"['Sighseeing', 'Centro Fotografia', 'Museo Conte', 'Palazzo della Ragione', 'AMO']",Palazzo della Ragione,strategy_nearest,True,0.00323486328125,success
04F0C03A9C4C80,2,"['Casa Giulietta', 'Casa Giulietta']",Palazzo della Ragione,"['AMO', 'Museo Conte', 'Torre Lamberti', 'Centro Fotografia', 'Sighseeing']",Torre Lamberti,strategy_nearest,True,0.002483844757080078,success
04F0CC429C4C80,1,"['Arena', 'Museo Lapidario', 'Castelvecchio', 'Duomo', 'Santa Anastasia']",Casa Giulietta,"['Centro Fotografia', 'Sighseeing', 'Torre Lamberti', 'Museo Conte', 'Museo Radio']",Teatro Romano,strategy_nearest,False,0.0016140937805175781,success
04F0CB429C4C80,3,"['Arena', 'Castelvecchio', 'Giardino Giusti']",Santa Anastasia,"['AMO', 'Museo Conte', 'Palazzo della Ragione', 'Teatro Romano', 'Centro Fotografia']",Duomo,strategy_nearest,False,0.0031099319458007812,success
04F0CD429C4C80,1,"['Torre Lamberti', 'Palazzo della Ragione', 'Santa Anastasia', 'Teatro Romano']",Arena,"['Verona Tour', 'Museo Lapidario', 'Museo Radio', 'San Fermo', 'Casa Giulietta']",San Zeno,strategy_nearest,False,0.0030808448791503906,success
04F0D1BA7B3F80,0,"['Castelvecchio', 'Casa Giulietta']",Arena,"['Verona Tour', 'Museo Lapidario', 'Museo Radio', 'San Fermo', 'Sighseeing']",Tomba Giulietta,strategy_nearest,False,0.003432750701904297,success
04F0E23A9C4C80,1,"['Castelvecchio', 'Arena', 'Teatro Romano']",Santa Anastasia,"['AMO', 'Museo Conte', 'Palazzo della Ragione', 'Centro Fotografia', 'Duomo']",Casa Giulietta,strategy_nearest,False,0.0022079944610595703,success
04F0DF3A9C4C80,3,"['Arena', 'Casa Giulietta']",Santa Anastasia,"['AMO', 'Museo Conte', 'Palazzo della Ragione', 'Teatro Romano', 'Centro Fotografia']",Teatro Romano,strategy_nearest,True,0.0029277801513671875,success
04F0DA3A9C4C80,3,"['Arena', 'Torre Lamberti']",Casa Giulietta,"['Centro Fotografia', 'Sighseeing', 'Museo Conte', 'Museo Radio', 'Palazzo della Ragione']",Teatro Romano,strategy_nearest,False,0.0019769668579101562,success
04F101429C4C84,3,"['Arena', 'Santa Anastasia', 'Duomo']",San Zeno,"['Castelvecchio', 'Verona Tour', 'Museo Lapidario', 'Museo Miniscalchi', 'Sighseeing']",Torre Lamberti,strategy_nearest,False,0.0033919811248779297,success
04F105429C4C84,0,['Arena'],Santa Anastasia,"['AMO', 'Museo Conte', 'Palazzo della Ragione', 'Teatro Romano', 'Centro Fotografia']",Castelvecchio,strategy_nearest,False,0.002644062042236328,success
04F11B3A9C4C84,2,"['Casa Giulietta', 'Santa Anastasia']",Teatro Romano,"['Duomo', 'AMO', 'Palazzo della Ragione', 'Museo Conte', 'Centro Fotografia']",Castelvecchio,strategy_nearest,False,0.0026140213012695312,success
04F1143A9C4C84,0,['Tomba Giulietta'],Casa Giulietta,"['Centro Fotografia', 'Sighseeing', 'Torre Lamberti', 'Museo Conte', 'Museo Radio']",Arena,strategy_nearest,False,0.003554105758666992,success
04F1283A9C4C80,0,['Arena'],Casa Giulietta,"['Centro Fotografia', 'Sighseeing', 'Torre Lamberti', 'Museo Conte', 'Museo Radio']",Teatro Romano,strategy_nearest,False,0.0034329891204833984,success
04F12B429C4C80,3,"['Arena', 'Casa Giulietta', 'Torre Lamberti', 'Santa Anastasia']",Teatro Romano,"['Duomo', 'AMO', 'Palazzo della Ragione', 'Museo Conte', 'Centro Fotografia']",Museo Lapidario,strategy_nearest,False,0.002777099609375,success
04F141429C4C80,1,['Arena'],Casa Giulietta,"['Centro Fotografia', 'Sighseeing', 'Torre Lamberti', 'Museo Conte', 'Museo Radio']",Torre Lamberti,strategy_nearest,True,0.0033872127532958984,success
04F1393A9C4C80,3,['Arena'],Casa Giulietta,"['Centro Fotografia', 'Sighseeing', 'Torre Lamberti', 'Museo Conte', 'Museo Radio']",Torre Lamberti,strategy_nearest,True,0.0028259754180908203,success
04F1433A9C4C80,1,"['Castelvecchio', 'San Zeno', 'Arena', 'Tomba Giulietta', 'Casa Giulietta']",Torre Lamberti,"['Sighseeing', 'Centro Fotografia', 'Museo Conte', 'Palazzo della Ragione', 'AMO']",Palazzo della Ragione,strategy_nearest,True,0.0033359527587890625,success
04F144429C4C80,3,"['Teatro Romano', 'Duomo', 'Castelvecchio', 'San Fermo']",Santa Anastasia,"['AMO', 'Museo Conte', 'Palazzo della Ragione', 'Centro Fotografia', 'Torre Lamberti']",Casa Giulietta,strategy_nearest,False,0.003505229949951172,success
04F14D429C4C80,1,"['Arena', 'Casa Giulietta', 'Santa Anastasia']",Torre Lamberti,"['Sighseeing', 'Centro Fotografia', 'Museo Conte', 'Palazzo della Ragione', 'AMO']",Palazzo della Ragione,strategy_nearest,True,0.0033919811248779297,success
04F145429C4C80,0,['Arena'],Casa Giulietta,"['Centro Fotografia', 'Sighseeing', 'Torre Lamberti', 'Museo Conte', 'Museo Radio']",Duomo,strategy_nearest,False,0.002869129180908203,success
04F16B429C4C80,0,['Arena'],Torre Lamberti,"['Sighseeing', 'Centro Fotografia', 'Museo Conte', 'Casa Giulietta', 'Palazzo della Ragione']",Duomo,strategy_nearest,False,0.0032558441162109375,success
04F16C429C4C80,3,['Santa Anastasia'],Duomo,"['AMO', 'Museo Miniscalchi', 'Teatro Romano', 'Palazzo della Ragione', 'Museo Conte']",Casa Giulietta,strategy_nearest,False,0.002039670944213867,success
04F16D429C4C80,0,['Arena'],Casa Giulietta,"['Centro Fotografia', 'Sighseeing', 'Torre Lamberti', 'Museo Conte', 'Museo Radio']",Palazzo della Ragione,strategy_nearest,False,0.002786874771118164,success
04F17D3A9C4C80,1,"['Casa Giulietta', 'Teatro Romano', 'Duomo']",Torre Lamberti,"['Sighseeing', 'Centro Fotografia', 'Museo Conte', 'Palazzo della Ragione', 'AMO']",Palazzo della Ragione,strategy_nearest,True,0.0027358531951904297,success
04F17F429C4C80,0,['Arena'],Museo Lapidario,"['Verona Tour', 'Castelvecchio', 'Museo Radio', 'San Fermo', 'Casa Giulietta']",Torre Lamberti,strategy_nearest,False,0.003390073776245117,success
04F1823A9C4C80,0,"['Arena', 'Casa Giulietta']",Torre Lamberti,"['Sighseeing', 'Centro Fotografia', 'Museo Conte', 'Palazzo della Ragione', 'AMO']",Castelvecchio,strategy_nearest,False,0.003674030303955078,success
04F195BA7B3F80,0,"['Castelvecchio', 'Casa Giulietta']",Arena,"['Verona Tour', 'Museo Lapidario', 'Museo Radio', 'San Fermo', 'Sighseeing']",Tomba Giulietta,strategy_nearest,False,0.00304412841796875,success
04F1A672743380,0,"['Arena', 'Torre Lamberti']",Teatro Romano,"['Santa Anastasia', 'Duomo', 'AMO', 'Palazzo della Ragione', 'Museo Conte']",Casa Giulietta,strategy_nearest,False,0.003615856170654297,success
04F18E429C4C80,0,['Arena'],Casa Giulietta,"['Centro Fotografia', 'Sighseeing', 'Torre Lamberti', 'Museo Conte', 'Museo Radio']",Teatro Romano,strategy_nearest,False,0.0024383068084716797,success
04F1AB3A9C4C80,0,"['Arena', 'Castelvecchio']",Casa Giulietta,"['Centro Fotografia', 'Sighseeing', 'Torre Lamberti', 'Museo Conte', 'Museo Radio']",San Fermo,strategy_nearest,False,0.003278017044067383,success
04F1B13A9C4C80,0,['Arena'],Casa Giulietta,"['Centro Fotografia', 'Sighseeing', 'Torre Lamberti', 'Museo Conte', 'Museo Radio']",Torre Lamberti,strategy_nearest,True,0.0013060569763183594,success
04F1B73A9C4C80,3,"['Arena', 'Museo Lapidario', 'Castelvecchio']",Casa Giulietta,"['Centro Fotografia', 'Sighseeing', 'Torre Lamberti', 'Museo Conte', 'Museo Radio']",Santa Anastasia,strategy_nearest,False,0.002209901809692383,success
04F1B23A9C4C80,3,"['Arena', 'Casa Giulietta']",Torre Lamberti,"['Sighseeing', 'Centro Fotografia', 'Museo Conte', 'Palazzo della Ragione', 'AMO']",Santa Anastasia,strategy_nearest,False,0.0027930736541748047,success
04F1B4429C4C80,1,"['Castelvecchio', 'Arena']",Museo Lapidario,"['Verona Tour', 'Museo Radio', 'San Fermo', 'Casa Giulietta', 'Tomba Giulietta']",Torre Lamberti,strategy_nearest,False,0.004582881927490234,success
04F1C0429C4C80,3,"['Casa Giulietta', 'Arena', 'Museo Lapidario']",Castelvecchio,"['Verona Tour', 'Museo Radio', 'San Zeno', 'Sighseeing', 'Museo Miniscalchi']",San Fermo,strategy_nearest,False,0.002773761749267578,success
04F1CA3A9C4C80,1,"['Arena', 'Palazzo della Ragione']",Torre Lamberti,"['Sighseeing', 'Centro Fotografia', 'Museo Conte', 'Casa Giulietta', 'AMO']",Santa Anastasia,strategy_nearest,False,0.0019290447235107422,success
04F1D0429C4C80,3,"['Arena', 'Torre Lamberti', 'Duomo']",Santa Anastasia,"['AMO', 'Museo Conte', 'Palazzo della Ragione', 'Teatro Romano', 'Centro Fotografia']",Casa Giulietta,strategy_nearest,False,0.0028219223022460938,success
04F20D429C4C84,1,"['Arena', 'Castelvecchio', 'Torre Lamberti']",Palazzo della Ragione,"['AMO', 'Museo Conte', 'Centro Fotografia', 'Sighseeing', 'Santa Anastasia']",Santa Anastasia,strategy_nearest,True,0.002366781234741211,success
04F1F6429C4C80,3,"['Arena', 'San Zeno', 'Santa Anastasia']",Duomo,"['AMO', 'Museo Miniscalchi', 'Teatro Romano', 'Palazzo della Ragione', 'Museo Conte']",Torre Lamberti,strategy_nearest,False,0.003873109817504883,success
04F2103A9C4C84,1,['Arena'],Palazzo della Ragione,"['AMO', 'Museo Conte', 'Torre Lamberti', 'Centro Fotografia', 'Sighseeing']",Castelvecchio,strategy_nearest,False,0.0027170181274414062,success
04F211429C4C84,0,['Teatro Romano'],Castelvecchio,"['Museo Lapidario', 'Verona Tour', 'Arena', 'Museo Radio', 'San Zeno']",Arena,strategy_nearest,True,0.0020780563354492188,success
04F2273A9C4C80,0,['Arena'],Casa Giulietta,"['Centro Fotografia', 'Sighseeing', 'Torre Lamberti', 'Museo Conte', 'Museo Radio']",Torre Lamberti,strategy_nearest,True,0.0026450157165527344,success
04F21D429C4C80,1,"['Arena', 'San Fermo']",Casa Giulietta,"['Centro Fotografia', 'Sighseeing', 'Torre Lamberti', 'Museo Conte', 'Museo Radio']",Torre Lamberti,strategy_nearest,True,0.0034639835357666016,success
04F2133A9C4C84,2,"['Teatro Romano', 'Duomo', 'Santa Anastasia']",San Fermo,"['Museo Storia', 'Museo Radio', 'Casa Giulietta', 'Centro Fotografia', 'Arena']",Tomba Giulietta,strategy_nearest,False,0.0029747486114501953,success
04F2314A9C4C80,0,['Torre Lamberti'],Teatro Romano,"['Santa Anastasia', 'Duomo', 'AMO', 'Palazzo della Ragione', 'Museo Conte']",Arena,strategy_nearest,False,0.003072977066040039,success
04F250429C4C80,0,['Arena'],Torre Lamberti,"['Sighseeing', 'Centro Fotografia', 'Museo Conte', 'Casa Giulietta', 'Palazzo della Ragione']",Casa Giulietta,strategy_nearest,True,0.0026590824127197266,success
04F24C3A9C4C80,3,"['Arena', 'Torre Lamberti', 'Casa Giulietta', 'San Fermo']",San Zeno,"['Castelvecchio', 'Verona Tour', 'Museo Lapidario', 'Museo Miniscalchi', 'Sighseeing']",Castelvecchio,strategy_nearest,True,0.0033190250396728516,success
04F24B3A9C4C80,3,"['Torre Lamberti', 'Santa Anastasia', 'Casa Giulietta', 'Castelvecchio']",Arena,"['Verona Tour', 'Museo Lapidario', 'Museo Radio', 'San Fermo', 'Sighseeing']",San Zeno,strategy_nearest,False,0.0021729469299316406,success
04F2563A9C4C80,1,"['Arena', 'Museo Lapidario', 'Castelvecchio', 'Casa Giulietta', 'Santa Anastasia']",Teatro Romano,"['Duomo', 'AMO', 'Palazzo della Ragione', 'Museo Conte', 'Centro Fotografia']",Duomo,strategy_nearest,True,0.0032269954681396484,success
04F25C429C4C80,3,"['Arena', 'Tomba Giulietta']",Casa Giulietta,"['Centro Fotografia', 'Sighseeing', 'Torre Lamberti', 'Museo Conte', 'Museo Radio']",Torre Lamberti,strategy_nearest,True,0.0019822120666503906,success
04F26A429C4C80,3,"['Santa Anastasia', 'San Fermo', 'Casa Giulietta']",Torre Lamberti,"['Sighseeing', 'Centro Fotografia', 'Museo Conte', 'Palazzo della Ragione', 'AMO']",Duomo,strategy_nearest,False,0.0027892589569091797,success
04F2733A9C4C80,0,['Casa Giulietta'],Torre Lamberti,"['Sighseeing', 'Centro Fotografia', 'Museo Conte', 'Palazzo della Ragione', 'AMO']",Arena,strategy_nearest,False,0.0031118392944335938,success
04F2793A9C4C80,1,"['Arena', 'Santa Anastasia', 'Torre Lamberti']",Palazzo della Ragione,"['AMO', 'Museo Conte', 'Centro Fotografia', 'Sighseeing', 'Museo Miniscalchi']",Giardino Giusti,strategy_nearest,False,0.0028972625732421875,success
04F27A3A9C4C80,1,"['Castelvecchio', 'Arena', 'Museo Lapidario']",Torre Lamberti,"['Sighseeing', 'Centro Fotografia', 'Museo Conte', 'Casa Giulietta', 'Palazzo della Ragione']",Palazzo della Ragione,strategy_nearest,True,0.0026171207427978516,success
04F282429C4C80,1,"['Arena', 'Casa Giulietta']",Santa Anastasia,"['AMO', 'Museo Conte', 'Palazzo della Ragione', 'Teatro Romano', 'Centro Fotografia']",Palazzo della Ragione,strategy_nearest,True,0.0027341842651367188,success
04F2884A9C4C80,0,['Arena'],Torre Lamberti,"['Sighseeing', 'Centro Fotografia', 'Museo Conte', 'Casa Giulietta', 'Palazzo della Ragione']",Casa Giulietta,strategy_nearest,True,0.002109050750732422,success
04F28D429C4C80,1,"['Teatro Romano', 'Santa Anastasia', 'Torre Lamberti', 'Palazzo della Ragione']",Casa Giulietta,"['Centro Fotografia', 'Sighseeing', 'Museo Conte', 'Museo Radio', 'San Fermo']",Arena,strategy_nearest,False,0.003512144088745117,success
04F28E4A9C4C80,1,"['Arena', 'Teatro Romano', 'Santa Anastasia']",Castelvecchio,"['Museo Lapidario', 'Verona Tour', 'Museo Radio', 'San Zeno', 'Sighseeing']",Torre Lamberti,strategy_nearest,False,0.003107786178588867,success
04F28F429C4C80,3,"['Casa Giulietta', 'Torre Lamberti', 'Arena']",Tomba Giulietta,"['San Fermo', 'Museo Storia', 'Museo Lapidario', 'Museo Radio', 'Verona Tour']",Teatro Romano,strategy_nearest,False,0.0024518966674804688,success
04F2AC3A9C4C80,0,"['San Fermo', 'Torre Lamberti']",Teatro Romano,"['Santa Anastasia', 'Duomo', 'AMO', 'Palazzo della Ragione', 'Museo Conte']",Arena,strategy_nearest,False,0.002521991729736328,success
04F29C4A9C4C80,3,"['Arena', 'Casa Giulietta', 'Torre Lamberti']",Santa Anastasia,"['AMO', 'Museo Conte', 'Palazzo della Ragione', 'Teatro Romano', 'Centro Fotografia']",Duomo,strategy_nearest,False,0.0031228065490722656,success
04F2AD3A9C4C80,1,"['Arena', 'Casa Giulietta']",Torre Lamberti,"['Sighseeing', 'Centro Fotografia', 'Museo Conte', 'Palazzo della Ragione', 'AMO']",Palazzo della Ragione,strategy_nearest,True,0.003443002700805664,success
04F2C1429C4C80,0,['Arena'],Casa Giulietta,"['Centro Fotografia', 'Sighseeing', 'Torre Lamberti', 'Museo Conte', 'Museo Radio']",Castelvecchio,strategy_nearest,False,0.0031549930572509766,success
04F2CD3A9C4C80,1,"['Arena', 'Castelvecchio', 'Torre Lamberti']",Palazzo della Ragione,"['AMO', 'Museo Conte', 'Centro Fotografia', 'Sighseeing', 'Santa Anastasia']",Santa Anastasia,strategy_nearest,True,0.0031082630157470703,success
04F2C93A9C4C80,3,"['Arena', 'Torre Lamberti']",Casa Giulietta,"['Centro Fotografia', 'Sighseeing', 'Museo Conte', 'Museo Radio', 'Palazzo della Ragione']",Santa Anastasia,strategy_nearest,False,0.0025849342346191406,success
04F2DD3A9C4C80,3,['Arena'],Casa Giulietta,"['Centro Fotografia', 'Sighseeing', 'Torre Lamberti', 'Museo Conte', 'Museo Radio']",Torre Lamberti,strategy_nearest,True,0.002621889114379883,success
04F2EC3A9C4C80,3,"['Arena', 'Casa Giulietta']",Santa Anastasia,"['AMO', 'Museo Conte', 'Palazzo della Ragione', 'Teatro Romano', 'Centro Fotografia']",Teatro Romano,strategy_nearest,True,0.0032460689544677734,success
04F2FB3A9C4C80,3,"['Museo Lapidario', 'Arena']",Casa Giulietta,"['Centro Fotografia', 'Sighseeing', 'Torre Lamberti', 'Museo Conte', 'Museo Radio']",San Fermo,strategy_nearest,False,0.0026090145111083984,success
04F301429C4C84,1,"['Duomo', 'Arena', 'Castelvecchio']",Palazzo della Ragione,"['AMO', 'Museo Conte', 'Torre Lamberti', 'Centro Fotografia', 'Sighseeing']",Torre Lamberti,strategy_nearest,True,0.0032439231872558594,success
04F331429C4C80,0,['Arena'],Casa Giulietta,"['Centro Fotografia', 'Sighseeing', 'Torre Lamberti', 'Museo Conte', 'Museo Radio']",Teatro Romano,strategy_nearest,False,0.002959012985229492,success
04F3303A9C4C80,0,"['Casa Giulietta', 'Arena']",Castelvecchio,"['Museo Lapidario', 'Verona Tour', 'Museo Radio', 'San Zeno', 'Sighseeing']",San Zeno,strategy_nearest,True,0.003126859664916992,success
04F342429C4C80,0,"['Museo Lapidario', 'Arena']",Castelvecchio,"['Verona Tour', 'Museo Radio', 'San Zeno', 'Sighseeing', 'Museo Miniscalchi']",Torre Lamberti,strategy_nearest,False,0.0029702186584472656,success
04F336429C4C80,3,"['Casa Giulietta', 'Torre Lamberti']",Santa Anastasia,"['AMO', 'Museo Conte', 'Palazzo della Ragione', 'Teatro Romano', 'Centro Fotografia']",Teatro Romano,strategy_nearest,True,0.0027408599853515625,success
04F34C3A9C4C80,1,"['Torre Lamberti', 'Palazzo della Ragione', 'Santa Anastasia']",Casa Giulietta,"['Centro Fotografia', 'Sighseeing', 'Museo Conte', 'Museo Radio', 'San Fermo']",Arena,strategy_nearest,False,0.0019290447235107422,success
04F3533A9C4C80,1,"['Giardino Giusti', 'Teatro Romano', 'Duomo', 'Arena', 'San Zeno']",Museo Lapidario,"['Verona Tour', 'Castelvecchio', 'Museo Radio', 'San Fermo', 'Casa Giulietta']",Castelvecchio,strategy_nearest,True,0.002759218215942383,success
04F34B3A9C4C80,1,"['Arena', 'Museo Lapidario', 'Casa Giulietta', 'Torre Lamberti']",Palazzo della Ragione,"['AMO', 'Museo Conte', 'Centro Fotografia', 'Sighseeing', 'Santa Anastasia']",Santa Anastasia,strategy_nearest,True,0.0028448104858398438,success
04F353429C4C80,0,['Arena'],Torre Lamberti,"['Sighseeing', 'Centro Fotografia', 'Museo Conte', 'Casa Giulietta', 'Palazzo della Ragione']",Castelvecchio,strategy_nearest,False,0.0032148361206054688,success
04F35C429C4C80,0,['Arena'],Teatro Romano,"['Santa Anastasia', 'Duomo', 'AMO', 'Palazzo della Ragione', 'Museo Conte']",Casa Giulietta,strategy_nearest,False,0.0036101341247558594,success
04F361429C4C80,1,"['Arena', 'Casa Giulietta', 'Torre Lamberti']",Palazzo della Ragione,"['AMO', 'Museo Conte', 'Centro Fotografia', 'Sighseeing', 'Santa Anastasia']",Santa Anastasia,strategy_nearest,True,0.0021119117736816406,success
04F3743A9C4C80,1,"['Torre Lamberti', 'Palazzo della Ragione', 'Santa Anastasia']",Duomo,"['AMO', 'Museo Miniscalchi', 'Teatro Romano', 'Museo Conte', 'Centro Fotografia']",Castelvecchio,strategy_nearest,False,0.002938985824584961,success
04F36A429C4C80,0,['Arena'],Casa Giulietta,"['Centro Fotografia', 'Sighseeing', 'Torre Lamberti', 'Museo Conte', 'Museo Radio']",Santa Anastasia,strategy_nearest,False,0.0033731460571289062,success
04F37C4A9C4C80,1,"['Arena', 'Casa Giulietta']",Palazzo della Ragione,"['AMO', 'Museo Conte', 'Torre Lamberti', 'Centro Fotografia', 'Sighseeing']",Torre Lamberti,strategy_nearest,True,0.002727985382080078,success
04F3773A9C4C80,2,"['Santa Anastasia', 'Castelvecchio']",Giardino Giusti,"['Teatro Romano', 'Museo Conte', 'Centro Fotografia', 'Museo Storia', 'AMO']",San Zeno,strategy_nearest,False,0.003408193588256836,success
04F37E3A9C4C80,0,['Casa Giulietta'],Torre Lamberti,"['Sighseeing', 'Centro Fotografia', 'Museo Conte', 'Palazzo della Ragione', 'AMO']",Arena,strategy_nearest,False,0.0027599334716796875,success
04F3864A9C4C80,0,['Arena'],Santa Anastasia,"['AMO', 'Museo Conte', 'Palazzo della Ragione', 'Teatro Romano', 'Centro Fotografia']",Casa Giulietta,strategy_nearest,False,0.0033540725708007812,success
04F3894A9C4C80,1,"['Arena', 'Casa Giulietta']",Torre Lamberti,"['Sighseeing', 'Centro Fotografia', 'Museo Conte', 'Palazzo della Ragione', 'AMO']",Palazzo della Ragione,strategy_nearest,True,0.002591848373413086,success
04F3A84A9C4C80,3,['Arena'],Torre Lamberti,"['Sighseeing', 'Centro Fotografia', 'Museo Conte', 'Casa Giulietta', 'Palazzo della Ragione']",Santa Anastasia,strategy_nearest,False,0.0033147335052490234,success
04F38B3A9C4C80,0,"['Castelvecchio', 'Torre Lamberti']",Casa Giulietta,"['Centro Fotografia', 'Sighseeing', 'Museo Conte', 'Museo Radio', 'Palazzo della Ragione']",Museo Storia,strategy_nearest,False,0.003386974334716797,success
04F3AB3A9C4C80,1,"['Arena', 'Casa Giulietta']",Torre Lamberti,"['Sighseeing', 'Centro Fotografia', 'Museo Conte', 'Palazzo della Ragione', 'AMO']",Palazzo della Ragione,strategy_nearest,True,0.0024330615997314453,success
04F3C03A9C4C80,0,"['Teatro Romano', 'Torre Lamberti']",Casa Giulietta,"['Centro Fotografia', 'Sighseeing', 'Museo Conte', 'Museo Radio', 'Palazzo della Ragione']",Arena,strategy_nearest,False,0.0013761520385742188,success
04F3C6429C4C80,3,['Arena'],San Fermo,"['Museo Storia', 'Museo Radio', 'Casa Giulietta', 'Centro Fotografia', 'Sighseeing']",Santa Anastasia,strategy_nearest,False,0.0020279884338378906,success
04F3AD3A9C4C80,0,['Arena'],Teatro Romano,"['Santa Anastasia', 'Duomo', 'AMO', 'Palazzo della Ragione', 'Museo Conte']",Duomo,strategy_nearest,True,0.0028390884399414062,success
04F3C7429C4C80,0,['Arena'],Casa Giulietta,"['Centro Fotografia', 'Sighseeing', 'Torre Lamberti', 'Museo Conte', 'Museo Radio']",Torre Lamberti,strategy_nearest,True,0.0031049251556396484,success
04F3D23A9C4C80,1,"['Arena', 'Museo Lapidario', 'Castelvecchio', 'Santa Anastasia']",San Zeno,"['Verona Tour', 'Museo Miniscalchi', 'Sighseeing', 'Museo Radio', 'Torre Lamberti']",Casa Giulietta,strategy_nearest,False,0.002763986587524414,success
04F3CB3A9C4C80,1,"['Arena', 'Torre Lamberti']",Palazzo della Ragione,"['AMO', 'Museo Conte', 'Centro Fotografia', 'Sighseeing', 'Santa Anastasia']",Santa Anastasia,strategy_nearest,True,0.002195119857788086,success
04F3D33A9C4C80,1,"['San Zeno', 'Castelvecchio', 'Arena', 'Casa Giulietta']",Torre Lamberti,"['Sighseeing', 'Centro Fotografia', 'Museo Conte', 'Palazzo della Ragione', 'AMO']",Palazzo della Ragione,strategy_nearest,True,0.002629995346069336,success
04F3D83A9C4C80,1,"['Arena', 'Santa Anastasia', 'Torre Lamberti']",Palazzo della Ragione,"['AMO', 'Museo Conte', 'Centro Fotografia', 'Sighseeing', 'Museo Miniscalchi']",Casa Giulietta,strategy_nearest,False,0.0032749176025390625,success
04F3E0429C4C80,3,"['Arena', 'San Zeno']",Duomo,"['AMO', 'Museo Miniscalchi', 'Santa Anastasia', 'Teatro Romano', 'Palazzo della Ragione']",San Fermo,strategy_nearest,False,0.00273895263671875,success
04F3DF3A9C4C80,3,"['Arena', 'Castelvecchio']",Casa Giulietta,"['Centro Fotografia', 'Sighseeing', 'Torre Lamberti', 'Museo Conte', 'Museo Radio']",Torre Lamberti,strategy_nearest,True,0.0019750595092773438,success
04F3E23A9C4C80,3,['San Zeno'],Arena,"['Verona Tour', 'Museo Lapidario', 'Museo Radio', 'San Fermo', 'Casa Giulietta']",Casa Giulietta,strategy_nearest,True,0.0033407211303710938,success
04F3E63A9C4C80,3,"['Arena', 'Torre Lamberti', 'Casa Giulietta']",San Fermo,"['Museo Storia', 'Museo Radio', 'Centro Fotografia', 'Sighseeing', 'Museo Conte']",Tomba Giulietta,strategy_nearest,False,0.0031499862670898438,success
04F3EB3A9C4C80,0,['Arena'],Casa Giulietta,"['Centro Fotografia', 'Sighseeing', 'Torre Lamberti', 'Museo Conte', 'Museo Radio']",Tomba Giulietta,strategy_nearest,False,0.002758026123046875,success
04F3F13A9C4C80,1,"['Arena', 'Torre Lamberti']",Palazzo della Ragione,"['AMO', 'Museo Conte', 'Centro Fotografia', 'Sighseeing', 'Santa Anastasia']",Santa Anastasia,strategy_nearest,True,0.003329038619995117,success
04F41E3A9C4C80,1,['Arena'],Casa Giulietta,"['Centro Fotografia', 'Sighseeing', 'Torre Lamberti', 'Museo Conte', 'Museo Radio']",Torre Lamberti,strategy_nearest,True,0.0033342838287353516,success
04F40D3A9C4C84,2,"['Museo Lapidario', 'Torre Lamberti']",Palazzo della Ragione,"['AMO', 'Museo Conte', 'Centro Fotografia', 'Sighseeing', 'Santa Anastasia']",Castelvecchio,strategy_nearest,False,0.0019080638885498047,success
04F4204A9C4C80,3,"['Arena', 'Casa Giulietta', 'Torre Lamberti']",Teatro Romano,"['Santa Anastasia', 'Duomo', 'AMO', 'Palazzo della Ragione', 'Museo Conte']",Castelvecchio,strategy_nearest,False,0.002022981643676758,success
04F42F3A9C4C80,1,"['Arena', 'Torre Lamberti']",Palazzo della Ragione,"['AMO', 'Museo Conte', 'Centro Fotografia', 'Sighseeing', 'Santa Anastasia']",Giardino Giusti,strategy_nearest,False,0.0027570724487304688,success
04F436429C4C80,0,['Casa Giulietta'],Arena,"['Verona Tour', 'Museo Lapidario', 'Museo Radio', 'San Fermo', 'Sighseeing']",Duomo,strategy_nearest,False,0.0026841163635253906,success
04F4393A9C4C80,0,['Torre Lamberti'],Casa Giulietta,"['Centro Fotografia', 'Sighseeing', 'Museo Conte', 'Museo Radio', 'Palazzo della Ragione']",Arena,strategy_nearest,False,0.0030248165130615234,success
04F4453A9C4C80,3,"['Museo Storia', 'San Fermo']",Santa Anastasia,"['AMO', 'Museo Conte', 'Palazzo della Ragione', 'Teatro Romano', 'Centro Fotografia']",Casa Giulietta,strategy_nearest,False,0.0024449825286865234,success
04F453429C4C80,0,['Arena'],Casa Giulietta,"['Centro Fotografia', 'Sighseeing', 'Torre Lamberti', 'Museo Conte', 'Museo Radio']",Palazzo della Ragione,strategy_nearest,False,0.0027379989624023438,success
04F46D429C4C80,3,['Arena'],Santa Anastasia,"['AMO', 'Museo Conte', 'Palazzo della Ragione', 'Teatro Romano', 'Centro Fotografia']",Duomo,strategy_nearest,False,0.0025658607482910156,success
04F4743A9C4C80,3,"['Arena', 'Castelvecchio']",Casa Giulietta,"['Centro Fotografia', 'Sighseeing', 'Torre Lamberti', 'Museo Conte', 'Museo Radio']",Duomo,strategy_nearest,False,0.0031921863555908203,success
04F460429C4C80,3,"['Arena', 'San Fermo']",Casa Giulietta,"['Centro Fotografia', 'Sighseeing', 'Torre Lamberti', 'Museo Conte', 'Museo Radio']",Torre Lamberti,strategy_nearest,True,0.004332065582275391,success
04F47E3A9C4C80,2,['Casa Giulietta'],Torre Lamberti,"['Sighseeing', 'Centro Fotografia', 'Museo Conte', 'Palazzo della Ragione', 'AMO']",Teatro Romano,strategy_nearest,False,0.003209829330444336,success
04F48E429C4C80,3,"['Duomo', 'Teatro Romano']",San Fermo,"['Museo Storia', 'Museo Radio', 'Casa Giulietta', 'Centro Fotografia', 'Arena']",Arena,strategy_nearest,True,0.002330303192138672,success
04F4A64A9C4C80,1,"['Arena', 'Casa Giulietta']",Santa Anastasia,"['AMO', 'Museo Conte', 'Palazzo della Ragione', 'Teatro Romano', 'Centro Fotografia']",Teatro Romano,strategy_nearest,True,0.0029120445251464844,success
04F47E429C4C80,1,"['Arena', 'Casa Giulietta']",Santa Anastasia,"['AMO', 'Museo Conte', 'Palazzo della Ragione', 'Teatro Romano', 'Centro Fotografia']",Duomo,strategy_nearest,False,0.0025260448455810547,success
04F4AA429C4C80,0,['Arena'],Tomba Giulietta,"['San Fermo', 'Museo Storia', 'Museo Lapidario', 'Museo Radio', 'Verona Tour']",Castelvecchio,strategy_nearest,False,0.002579212188720703,success
04F4B13A9C4C80,3,"['Castelvecchio', 'Tomba Giulietta']",Arena,"['Verona Tour', 'Museo Lapidario', 'Museo Radio', 'San Fermo', 'Casa Giulietta']",Santa Anastasia,strategy_nearest,False,0.0025777816772460938,success
04F4AC429C4C80,2,['Torre Lamberti'],Palazzo della Ragione,"['AMO', 'Museo Conte', 'Centro Fotografia', 'Sighseeing', 'Santa Anastasia']",Santa Anastasia,strategy_nearest,True,0.001753091812133789,success
04F4B5429C4C80,1,"['Tomba Giulietta', 'Arena', 'Palazzo della Ragione']",Torre Lamberti,"['Sighseeing', 'Centro Fotografia', 'Museo Conte', 'Casa Giulietta', 'AMO']",Casa Giulietta,strategy_nearest,True,0.0031270980834960938,success
04F4B6429C4C80,3,['Arena'],Teatro Romano,"['Santa Anastasia', 'Duomo', 'AMO', 'Palazzo della Ragione', 'Museo Conte']",Santa Anastasia,strategy_nearest,True,0.003017902374267578,success
04F4B83A9C4C80,0,['Casa Giulietta'],Castelvecchio,"['Museo Lapidario', 'Verona Tour', 'Arena', 'Museo Radio', 'San Zeno']",Arena,strategy_nearest,True,0.0016031265258789062,success
04F4C2429C4C80,1,"['Arena', 'Palazzo della Ragione']",Torre Lamberti,"['Sighseeing', 'Centro Fotografia', 'Museo Conte', 'Casa Giulietta', 'AMO']",Santa Anastasia,strategy_nearest,False,0.0028200149536132812,success
04F4C7429C4C80,3,"['Arena', 'Casa Giulietta']",Torre Lamberti,"['Sighseeing', 'Centro Fotografia', 'Museo Conte', 'Palazzo della Ragione', 'AMO']",Santa Anastasia,strategy_nearest,False,0.003305196762084961,success
04F4CA3A9C4C80,0,['Torre Lamberti'],Casa Giulietta,"['Centro Fotografia', 'Sighseeing', 'Museo Conte', 'Museo Radio', 'Palazzo della Ragione']",Arena,strategy_nearest,False,0.0033049583435058594,success
04F4D23A9C4C80,0,"['Torre Lamberti', 'Castelvecchio']",Casa Giulietta,"['Centro Fotografia', 'Sighseeing', 'Museo Conte', 'Museo Radio', 'Palazzo della Ragione']",Arena,strategy_nearest,False,0.0029740333557128906,success
04F4DC3A9C4C80,3,"['Teatro Romano', 'Arena']",Castelvecchio,"['Museo Lapidario', 'Verona Tour', 'Museo Radio', 'San Zeno', 'Sighseeing']",Torre Lamberti,strategy_nearest,False,0.0025551319122314453,success
04F4D9429C4C80,0,"['Arena', 'Castelvecchio']",Casa Giulietta,"['Centro Fotografia', 'Sighseeing', 'Torre Lamberti', 'Museo Conte', 'Museo Radio']",Torre Lamberti,strategy_nearest,True,0.0026209354400634766,success
04F4EB3A9C4C80,0,['Arena'],Tomba Giulietta,"['San Fermo', 'Museo Storia', 'Museo Lapidario', 'Museo Radio', 'Verona Tour']",Casa Giulietta,strategy_nearest,False,0.003719806671142578,success
04F4EF3A9C4C80,2,['Casa Giulietta'],Torre Lamberti,"['Sighseeing', 'Centro Fotografia', 'Museo Conte', 'Palazzo della Ragione', 'AMO']",Tomba Giulietta,strategy_nearest,False,0.002959728240966797,success
04F4F0429C4C80,1,"['Arena', 'Museo Lapidario', 'Castelvecchio', 'San Fermo']",Palazzo della Ragione,"['AMO', 'Museo Conte', 'Torre Lamberti', 'Centro Fotografia', 'Sighseeing']",Torre Lamberti,strategy_nearest,True,0.002485990524291992,success
04F50E429C4C84,2,"['Castelvecchio', 'Torre Lamberti', 'Casa Giulietta']",Giardino Giusti,"['Santa Anastasia', 'Teatro Romano', 'Museo Conte', 'Centro Fotografia', 'Museo Storia']",Teatro Romano,strategy_nearest,True,0.0019309520721435547,success
04F50C429C4C84,3,"['Torre Lamberti', 'Santa Anastasia', 'Duomo', 'Teatro Romano']",Arena,"['Verona Tour', 'Museo Lapidario', 'Museo Radio', 'San Fermo', 'Casa Giulietta']",San Fermo,strategy_nearest,True,0.0033919811248779297,success
04F4F3429C4C80,3,"['Arena', 'Casa Giulietta', 'Torre Lamberti']",Teatro Romano,"['Santa Anastasia', 'Duomo', 'AMO', 'Palazzo della Ragione', 'Museo Conte']",Santa Anastasia,strategy_nearest,True,0.002668142318725586,success
04F5103A9C4C84,0,['Arena'],Casa Giulietta,"['Centro Fotografia', 'Sighseeing', 'Torre Lamberti', 'Museo Conte', 'Museo Radio']",Torre Lamberti,strategy_nearest,True,0.0031843185424804688,success
04F5254A9C4C80,3,"['Castelvecchio', 'Arena']",Santa Anastasia,"['AMO', 'Museo Conte', 'Palazzo della Ragione', 'Teatro Romano', 'Centro Fotografia']",Duomo,strategy_nearest,False,0.002557992935180664,success
04F52F3A9C4C80,1,"['Arena', 'Torre Lamberti']",Palazzo della Ragione,"['AMO', 'Museo Conte', 'Centro Fotografia', 'Sighseeing', 'Santa Anastasia']",Giardino Giusti,strategy_nearest,False,0.004014015197753906,success
04F5263A9C4C80,3,"['Arena', 'Torre Lamberti']",Casa Giulietta,"['Centro Fotografia', 'Sighseeing', 'Museo Conte', 'Museo Radio', 'Palazzo della Ragione']",Santa Anastasia,strategy_nearest,False,0.0034537315368652344,success
04F53A3A9C4C80,2,['Casa Giulietta'],Santa Anastasia,"['AMO', 'Museo Conte', 'Palazzo della Ragione', 'Teatro Romano', 'Centro Fotografia']",Tomba Giulietta,strategy_nearest,False,0.004101991653442383,success
04F54B429C4C80,2,['Castelvecchio'],Teatro Romano,"['Santa Anastasia', 'Duomo', 'AMO', 'Palazzo della Ragione', 'Museo Conte']",Santa Anastasia,strategy_nearest,True,0.002416849136352539,success
04F5483A9C4C80,0,['Casa Giulietta'],Arena,"['Verona Tour', 'Museo Lapidario', 'Museo Radio', 'San Fermo', 'Sighseeing']",Castelvecchio,strategy_nearest,False,0.0033059120178222656,success
04F571429C4C80,0,['Arena'],Torre Lamberti,"['Sighseeing', 'Centro Fotografia', 'Museo Conte', 'Casa Giulietta', 'Palazzo della Ragione']",Casa Giulietta,strategy_nearest,True,0.0019807815551757812,success
04F561429C4C80,3,"['Arena', 'Casa Giulietta']",Torre Lamberti,"['Sighseeing', 'Centro Fotografia', 'Museo Conte', 'Palazzo della Ragione', 'AMO']",Santa Anastasia,strategy_nearest,False,0.0025610923767089844,success
04F569C27B3F80,1,['Torre Lamberti'],Palazzo della Ragione,"['AMO', 'Museo Conte', 'Centro Fotografia', 'Sighseeing', 'Santa Anastasia']",Arena,strategy_nearest,False,0.0035021305084228516,success
04F5753A9C4C80,3,"['Arena', 'Casa Giulietta', 'Torre Lamberti']",Santa Anastasia,"['AMO', 'Museo Conte', 'Palazzo della Ragione', 'Teatro Romano', 'Centro Fotografia']",Teatro Romano,strategy_nearest,True,0.003245115280151367,success
04F5793A9C4C80,0,"['Arena', 'Torre Lamberti']",Museo Storia,"['San Fermo', 'Museo Radio', 'Casa Giulietta', 'Centro Fotografia', 'Tomba Giulietta']",Giardino Giusti,strategy_nearest,False,0.002772092819213867,success
04F57A429C4C80,0,['Arena'],Museo Lapidario,"['Verona Tour', 'Castelvecchio', 'Museo Radio', 'San Fermo', 'Casa Giulietta']",Torre Lamberti,strategy_nearest,False,0.002723217010498047,success
04F575429C4C80,0,['Arena'],Castelvecchio,"['Museo Lapidario', 'Verona Tour', 'Museo Radio', 'San Zeno', 'Sighseeing']",Torre Lamberti,strategy_nearest,False,0.0027959346771240234,success
04F57C3A9C4C80,1,"['Arena', 'Palazzo della Ragione']",Torre Lamberti,"['Sighseeing', 'Centro Fotografia', 'Museo Conte', 'Casa Giulietta', 'AMO']",Casa Giulietta,strategy_nearest,True,0.0033278465270996094,success
04F586429C4C80,2,['Santa Anastasia'],Castelvecchio,"['Museo Lapidario', 'Verona Tour', 'Arena', 'Museo Radio', 'San Zeno']",San Zeno,strategy_nearest,True,0.0020599365234375,success
04F5854A9C4C80,1,"['Arena', 'Casa Giulietta']",Torre Lamberti,"['Sighseeing', 'Centro Fotografia', 'Museo Conte', 'Palazzo della Ragione', 'AMO']",Palazzo della Ragione,strategy_nearest,True,0.0027022361755371094,success
04F57D3A9C4C80,3,['Arena'],Santa Anastasia,"['AMO', 'Museo Conte', 'Palazzo della Ragione', 'Teatro Romano', 'Centro Fotografia']",Duomo,strategy_nearest,False,0.002880096435546875,success
04F58C429C4C80,0,['Arena'],Casa Giulietta,"['Centro Fotografia', 'Sighseeing', 'Torre Lamberti', 'Museo Conte', 'Museo Radio']",Teatro Romano,strategy_nearest,False,0.003183126449584961,success
04F590429C4C80,1,"['Arena', 'Casa Giulietta', 'Torre Lamberti']",Palazzo della Ragione,"['AMO', 'Museo Conte', 'Centro Fotografia', 'Sighseeing', 'Santa Anastasia']",Teatro Romano,strategy_nearest,False,0.0022079944610595703,success
04F5CF3A9C4C80,3,['Teatro Romano'],Arena,"['Verona Tour', 'Museo Lapidario', 'Museo Radio', 'San Fermo', 'Casa Giulietta']",Castelvecchio,strategy_nearest,False,0.003482818603515625,success
04F5E53A9C4C80,0,"['Arena', 'Casa Giulietta']",Duomo,"['AMO', 'Museo Miniscalchi', 'Santa Anastasia', 'Teatro Romano', 'Palazzo della Ragione']",Castelvecchio,strategy_nearest,False,0.0028400421142578125,success
04F5A83A9C4C80,3,"['Arena', 'Torre Lamberti']",Casa Giulietta,"['Centro Fotografia', 'Sighseeing', 'Museo Conte', 'Museo Radio', 'Palazzo della Ragione']",Santa Anastasia,strategy_nearest,False,0.0028228759765625,success
04F5E73A9C4C80,2,['Santa Anastasia'],Duomo,"['AMO', 'Museo Miniscalchi', 'Teatro Romano', 'Palazzo della Ragione', 'Museo Conte']",Teatro Romano,strategy_nearest,True,0.002468109130859375,success
04F5F03A9C4C80,1,"['Arena', 'Teatro Romano']",Casa Giulietta,"['Centro Fotografia', 'Sighseeing', 'Torre Lamberti', 'Museo Conte', 'Museo Radio']",Palazzo della Ragione,strategy_nearest,False,0.0025930404663085938,success
04F5FC429C4C80,1,"['Santa Anastasia', 'Duomo', 'Teatro Romano']",Palazzo della Ragione,"['AMO', 'Museo Conte', 'Torre Lamberti', 'Centro Fotografia', 'Sighseeing']",Torre Lamberti,strategy_nearest,True,0.002663850784301758,success
04F6003A9C4C84,3,"['Museo Lapidario', 'Arena', 'Casa Giulietta']",Santa Anastasia,"['AMO', 'Museo Conte', 'Palazzo della Ragione', 'Teatro Romano', 'Centro Fotografia']",Torre Lamberti,strategy_nearest,False,0.002498149871826172,success
04F602429C4C84,3,"['Arena', 'Castelvecchio']",San Zeno,"['Verona Tour', 'Museo Lapidario', 'Museo Miniscalchi', 'Sighseeing', 'Museo Radio']",Duomo,strategy_nearest,False,0.0032958984375,success
04F6053A9C4C84,3,"['Castelvecchio', 'Duomo', 'Teatro Romano']",Arena,"['Verona Tour', 'Museo Lapidario', 'Museo Radio', 'San Fermo', 'Casa Giulietta']",Casa Giulietta,strategy_nearest,True,0.004111051559448242,success
04F6163A9C4C84,0,['Arena'],Casa Giulietta,"['Centro Fotografia', 'Sighseeing', 'Torre Lamberti', 'Museo Conte', 'Museo Radio']",Torre Lamberti,strategy_nearest,True,0.003032207489013672,success
04F6143A9C4C84,3,"['Arena', 'Castelvecchio']",Torre Lamberti,"['Sighseeing', 'Centro Fotografia', 'Museo Conte', 'Casa Giulietta', 'Palazzo della Ragione']",Santa Anastasia,strategy_nearest,False,0.0018928050994873047,success
04F61F4A9C4C80,3,"['Arena', 'Tomba Giulietta', 'Santa Anastasia', 'Casa Giulietta']",Torre Lamberti,"['Sighseeing', 'Centro Fotografia', 'Museo Conte', 'Palazzo della Ragione', 'AMO']",Duomo,strategy_nearest,False,0.0029959678649902344,success
04F6293A9C4C80,3,"['Arena', 'Torre Lamberti']",Casa Giulietta,"['Centro Fotografia', 'Sighseeing', 'Museo Conte', 'Museo Radio', 'Palazzo della Ragione']",Santa Anastasia,strategy_nearest,False,0.0031099319458007812,success
04F6334A9C4C80,1,"['Giardino Giusti', 'Teatro Romano', 'Santa Anastasia', 'Castelvecchio']",San Fermo,"['Museo Storia', 'Museo Radio', 'Casa Giulietta', 'Centro Fotografia', 'Arena']",Torre Lamberti,strategy_nearest,False,0.002309083938598633,success
04F6263A9C4C80,4,"['Tomba Giulietta', 'Museo Radio', 'Arena']",Castelvecchio,"['Museo Lapidario', 'Verona Tour', 'San Zeno', 'Sighseeing', 'Museo Miniscalchi']",Casa Giulietta,strategy_nearest,False,0.0025548934936523438,success
04F6543A9C4C80,0,['Castelvecchio'],Arena,"['Verona Tour', 'Museo Lapidario', 'Museo Radio', 'San Fermo', 'Casa Giulietta']",Teatro Romano,strategy_nearest,False,0.0014560222625732422,success
04F657429C4C80,0,['Arena'],Casa Giulietta,"['Centro Fotografia', 'Sighseeing', 'Torre Lamberti', 'Museo Conte', 'Museo Radio']",Torre Lamberti,strategy_nearest,True,0.002447843551635742,success
04F653429C4C80,2,['Casa Giulietta'],Palazzo della Ragione,"['AMO', 'Museo Conte', 'Torre Lamberti', 'Centro Fotografia', 'Sighseeing']",Torre Lamberti,strategy_nearest,True,0.003409147262573242,success
04F656429C4C80,0,['Arena'],Casa Giulietta,"['Centro Fotografia', 'Sighseeing', 'Torre Lamberti', 'Museo Conte', 'Museo Radio']",Torre Lamberti,strategy_nearest,True,0.0033588409423828125,success
04F671429C4C80,0,['Arena'],Casa Giulietta,"['Centro Fotografia', 'Sighseeing', 'Torre Lamberti', 'Museo Conte', 'Museo Radio']",Torre Lamberti,strategy_nearest,True,0.002074003219604492,success
04F6793A9C4C80,3,['Torre Lamberti'],Teatro Romano,"['Santa Anastasia', 'Duomo', 'AMO', 'Palazzo della Ragione', 'Museo Conte']",Arena,strategy_nearest,False,0.0032198429107666016,success
04F665429C4C80,2,['Castelvecchio'],Casa Giulietta,"['Centro Fotografia', 'Sighseeing', 'Torre Lamberti', 'Museo Conte', 'Museo Radio']",Santa Anastasia,strategy_nearest,False,0.002137899398803711,success
04F666429C4C80,3,"['Arena', 'Casa Giulietta']",Torre Lamberti,"['Sighseeing', 'Centro Fotografia', 'Museo Conte', 'Palazzo della Ragione', 'AMO']",Duomo,strategy_nearest,False,0.0033578872680664062,success
04F6863A9C4C80,3,"['Arena', 'Casa Giulietta']",Torre Lamberti,"['Sighseeing', 'Centro Fotografia', 'Museo Conte', 'Palazzo della Ragione', 'AMO']",Santa Anastasia,strategy_nearest,False,0.0014848709106445312,success
04F67B3A9C4C80,3,"['Arena', 'Casa Giulietta', 'Castelvecchio']",Santa Anastasia,"['AMO', 'Museo Conte', 'Palazzo della Ragione', 'Teatro Romano', 'Centro Fotografia']",Duomo,strategy_nearest,False,0.003325939178466797,success
04F68A429C4C80,3,"['Casa Giulietta', 'Teatro Romano', 'Duomo']",Santa Anastasia,"['AMO', 'Museo Conte', 'Palazzo della Ragione', 'Centro Fotografia', 'Torre Lamberti']",Torre Lamberti,strategy_nearest,True,0.0032930374145507812,success
04F686429C4C80,0,['Castelvecchio'],Arena,"['Verona Tour', 'Museo Lapidario', 'Museo Radio', 'San Fermo', 'Casa Giulietta']",Casa Giulietta,strategy_nearest,True,0.002711057662963867,success
04F68D4A9C4C80,1,"['Arena', 'Torre Lamberti']",Palazzo della Ragione,"['AMO', 'Museo Conte', 'Centro Fotografia', 'Sighseeing', 'Santa Anastasia']",Santa Anastasia,strategy_nearest,True,0.002195119857788086,success
04F6A44A9C4C80,0,['Arena'],Casa Giulietta,"['Centro Fotografia', 'Sighseeing', 'Torre Lamberti', 'Museo Conte', 'Museo Radio']",Torre Lamberti,strategy_nearest,True,0.0020160675048828125,success
04F69E429C4C80,0,['Museo Storia'],Teatro Romano,"['Santa Anastasia', 'Duomo', 'AMO', 'Palazzo della Ragione', 'Museo Conte']",Arena,strategy_nearest,False,0.002695798873901367,success
04F690429C4C80,0,['Arena'],Casa Giulietta,"['Centro Fotografia', 'Sighseeing', 'Torre Lamberti', 'Museo Conte', 'Museo Radio']",Torre Lamberti,strategy_nearest,True,0.004083156585693359,success
04F6A9429C4C80,3,['Castelvecchio'],Arena,"['Verona Tour', 'Museo Lapidario', 'Museo Radio', 'San Fermo', 'Casa Giulietta']",Torre Lamberti,strategy_nearest,False,0.0033991336822509766,success
04F6B8429C4C80,0,['Castelvecchio'],Tomba Giulietta,"['San Fermo', 'Museo Storia', 'Arena', 'Museo Lapidario', 'Museo Radio']",Arena,strategy_nearest,True,0.002635955810546875,success
04F6AD3A9C4C80,0,"['Arena', 'Casa Giulietta']",Castelvecchio,"['Museo Lapidario', 'Verona Tour', 'Museo Radio', 'San Zeno', 'Sighseeing']",Duomo,strategy_nearest,False,0.003370046615600586,success
04F6AB3A9C4C80,2,['Torre Lamberti'],Castelvecchio,"['Museo Lapidario', 'Verona Tour', 'Arena', 'Museo Radio', 'San Zeno']",Casa Giulietta,strategy_nearest,False,0.002151966094970703,success
04F6BE3A9C4C80,3,"['Arena', 'Casa Giulietta', 'Torre Lamberti']",Santa Anastasia,"['AMO', 'Museo Conte', 'Palazzo della Ragione', 'Teatro Romano', 'Centro Fotografia']",Duomo,strategy_nearest,False,0.0020329952239990234,success
04F6C93A9C4C80,0,['Arena'],Casa Giulietta,"['Centro Fotografia', 'Sighseeing', 'Torre Lamberti', 'Museo Conte', 'Museo Radio']",Castelvecchio,strategy_nearest,False,0.0021250247955322266,success
04F6CC429C4C80,3,"['Arena', 'Castelvecchio']",Santa Anastasia,"['AMO', 'Museo Conte', 'Palazzo della Ragione', 'Teatro Romano', 'Centro Fotografia']",Teatro Romano,strategy_nearest,True,0.003078937530517578,success
04F6C2429C4C80,1,"['Castelvecchio', 'Arena']",Casa Giulietta,"['Centro Fotografia', 'Sighseeing', 'Torre Lamberti', 'Museo Conte', 'Museo Radio']",Palazzo della Ragione,strategy_nearest,False,0.0034418106079101562,success
04F6DA3A9C4C80,3,['Arena'],Santa Anastasia,"['AMO', 'Museo Conte', 'Palazzo della Ragione', 'Teatro Romano', 'Centro Fotografia']",Torre Lamberti,strategy_nearest,False,0.002145051956176758,success
04F6D73A9C4C80,0,['Torre Lamberti'],Casa Giulietta,"['Centro Fotografia', 'Sighseeing', 'Museo Conte', 'Museo Radio', 'Palazzo della Ragione']",Arena,strategy_nearest,False,0.0028390884399414062,success
04F6D83A9C4C80,0,['Arena'],Museo Lapidario,"['Verona Tour', 'Castelvecchio', 'Museo Radio', 'San Fermo', 'Casa Giulietta']",Castelvecchio,strategy_nearest,True,0.0033721923828125,success
04F6DD3A9C4C80,0,['Arena'],Torre Lamberti,"['Sighseeing', 'Centro Fotografia', 'Museo Conte', 'Casa Giulietta', 'Palazzo della Ragione']",Castelvecchio,strategy_nearest,False,0.0034439563751220703,success
04F6FF3A9C4C80,3,"['Teatro Romano', 'Duomo']",Santa Anastasia,"['AMO', 'Museo Conte', 'Palazzo della Ragione', 'Centro Fotografia', 'Torre Lamberti']",Casa Giulietta,strategy_nearest,False,0.002681255340576172,success
04F6E23A9C4C80,0,['Arena'],Torre Lamberti,"['Sighseeing', 'Centro Fotografia', 'Museo Conte', 'Casa Giulietta', 'Palazzo della Ragione']",Casa Giulietta,strategy_nearest,True,0.002835988998413086,success
04F7203A9C4C80,1,['Castelvecchio'],Palazzo della Ragione,"['AMO', 'Museo Conte', 'Torre Lamberti', 'Centro Fotografia', 'Sighseeing']",Torre Lamberti,strategy_nearest,True,0.0032758712768554688,success
04F6FA3A9C4C80,3,"['Santa Anastasia', 'Casa Giulietta']",Torre Lamberti,"['Sighseeing', 'Centro Fotografia', 'Museo Conte', 'Palazzo della Ragione', 'AMO']",Arena,strategy_nearest,False,0.002209901809692383,success
04F735429C4C80,0,['Arena'],Castelvecchio,"['Museo Lapidario', 'Verona Tour', 'Museo Radio', 'San Zeno', 'Sighseeing']",Duomo,strategy_nearest,False,0.0023822784423828125,success
04F7204A9C4C80,1,"['Arena', 'Torre Lamberti', 'Palazzo della Ragione', 'San Fermo']",Casa Giulietta,"['Centro Fotografia', 'Sighseeing', 'Museo Conte', 'Museo Radio', 'AMO']",Santa Anastasia,strategy_nearest,False,0.0018203258514404297,success
04F7473A9C4C80,1,"['Palazzo della Ragione', 'Torre Lamberti']",Arena,"['Verona Tour', 'Museo Lapidario', 'Museo Radio', 'San Fermo', 'Casa Giulietta']",Santa Anastasia,strategy_nearest,False,0.0031769275665283203,success
04F744429C4C80,2,['Teatro Romano'],Casa Giulietta,"['Centro Fotografia', 'Sighseeing', 'Torre Lamberti', 'Museo Conte', 'Museo Radio']",Castelvecchio,strategy_nearest,False,0.0027801990509033203,success
04F759429C4C80,0,['Arena'],Castelvecchio,"['Museo Lapidario', 'Verona Tour', 'Museo Radio', 'San Zeno', 'Sighseeing']",Casa Giulietta,strategy_nearest,False,0.0029458999633789062,success
04F7503A9C4C80,2,"['Casa Giulietta', 'Palazzo della Ragione', 'Torre Lamberti', 'Santa Anastasia']",Teatro Romano,"['Duomo', 'AMO', 'Museo Conte', 'Centro Fotografia', 'Museo Miniscalchi']",Castelvecchio,strategy_nearest,False,0.002460956573486328,success
04F75A429C4C80,1,"['Casa Giulietta', 'Palazzo della Ragione']",Santa Anastasia,"['AMO', 'Museo Conte', 'Teatro Romano', 'Centro Fotografia', 'Duomo']",Arena,strategy_nearest,False,0.0033969879150390625,success
04F7733A9C4C80,3,"['Arena', 'Casa Giulietta']",Torre Lamberti,"['Sighseeing', 'Centro Fotografia', 'Museo Conte', 'Palazzo della Ragione', 'AMO']",Teatro Romano,strategy_nearest,False,0.0024271011352539062,success
04F767429C4C80,3,"['Arena', 'Torre Lamberti']",Santa Anastasia,"['AMO', 'Museo Conte', 'Palazzo della Ragione', 'Teatro Romano', 'Centro Fotografia']",Duomo,strategy_nearest,False,0.0026960372924804688,success
04F768429C4C80,3,"['Arena', 'Castelvecchio']",Casa Giulietta,"['Centro Fotografia', 'Sighseeing', 'Torre Lamberti', 'Museo Conte', 'Museo Radio']",Santa Anastasia,strategy_nearest,False,0.0035178661346435547,success
04F7743A9C4C80,0,['Arena'],Torre Lamberti,"['Sighseeing', 'Centro Fotografia', 'Museo Conte', 'Casa Giulietta', 'Palazzo della Ragione']",Casa Giulietta,strategy_nearest,True,0.0017919540405273438,success
04F7763A9C4C80,0,['Arena'],San Fermo,"['Museo Storia', 'Museo Radio', 'Casa Giulietta', 'Centro Fotografia', 'Sighseeing']",Casa Giulietta,strategy_nearest,True,0.0026369094848632812,success
04F776429C4C80,3,"['Arena', 'San Fermo']",Casa Giulietta,"['Centro Fotografia', 'Sighseeing', 'Torre Lamberti', 'Museo Conte', 'Museo Radio']",Torre Lamberti,strategy_nearest,True,0.003325939178466797,success
04F775429C4C80,0,"['Arena', 'Casa Giulietta']",Torre Lamberti,"['Sighseeing', 'Centro Fotografia', 'Museo Conte', 'Palazzo della Ragione', 'AMO']",Teatro Romano,strategy_nearest,False,0.003525972366333008,success
04F77A429C4C80,3,"['Arena', 'Casa Giulietta']",Torre Lamberti,"['Sighseeing', 'Centro Fotografia', 'Museo Conte', 'Palazzo della Ragione', 'AMO']",Santa Anastasia,strategy_nearest,False,0.002911090850830078,success
04F77E3A9C4C80,0,['Casa Giulietta'],Torre Lamberti,"['Sighseeing', 'Centro Fotografia', 'Museo Conte', 'Palazzo della Ragione', 'AMO']",Arena,strategy_nearest,False,0.0030422210693359375,success
04F7813A9C4C80,0,['Museo Lapidario'],Arena,"['Verona Tour', 'Museo Radio', 'San Fermo', 'Casa Giulietta', 'Sighseeing']",Teatro Romano,strategy_nearest,False,0.0019030570983886719,success
04F77F429C4C80,3,"['Arena', 'Museo Lapidario', 'Castelvecchio']",Duomo,"['AMO', 'Museo Miniscalchi', 'Santa Anastasia', 'Teatro Romano', 'Palazzo della Ragione']",Santa Anastasia,strategy_nearest,True,0.003423929214477539,success
04F7893A9C4C80,0,['Teatro Romano'],Arena,"['Verona Tour', 'Museo Lapidario', 'Museo Radio', 'San Fermo', 'Casa Giulietta']",Casa Giulietta,strategy_nearest,True,0.003137826919555664,success
04F7AF3A9C4C80,3,"['Castelvecchio', 'Santa Anastasia']",Arena,"['Verona Tour', 'Museo Lapidario', 'Museo Radio', 'San Fermo', 'Casa Giulietta']",Duomo,strategy_nearest,False,0.00261688232421875,success
04F7AF429C4C80,3,"['Arena', 'Casa Giulietta']",Santa Anastasia,"['AMO', 'Museo Conte', 'Palazzo della Ragione', 'Teatro Romano', 'Centro Fotografia']",Teatro Romano,strategy_nearest,True,0.003390789031982422,success
04F790429C4C80,0,['Arena'],Casa Giulietta,"['Centro Fotografia', 'Sighseeing', 'Torre Lamberti', 'Museo Conte', 'Museo Radio']",Torre Lamberti,strategy_nearest,True,0.004127025604248047,success
04F7BE429C4C80,2,['Casa Giulietta'],Tomba Giulietta,"['San Fermo', 'Museo Storia', 'Arena', 'Museo Lapidario', 'Museo Radio']",Teatro Romano,strategy_nearest,False,0.0025429725646972656,success
04F7C73A9C4C80,1,"['Casa Giulietta', 'Torre Lamberti']",Palazzo della Ragione,"['AMO', 'Museo Conte', 'Centro Fotografia', 'Sighseeing', 'Santa Anastasia']",Castelvecchio,strategy_nearest,False,0.0026319026947021484,success
04F7CA429C4C80,0,"['Castelvecchio', 'San Fermo']",Arena,"['Verona Tour', 'Museo Lapidario', 'Museo Radio', 'Casa Giulietta', 'Sighseeing']",Torre Lamberti,strategy_nearest,False,0.0019998550415039062,success
04F7C8429C4C80,3,"['Arena', 'Casa Giulietta', 'Torre Lamberti']",Santa Anastasia,"['AMO', 'Museo Conte', 'Palazzo della Ragione', 'Teatro Romano', 'Centro Fotografia']",Teatro Romano,strategy_nearest,True,0.0028400421142578125,success
04F7D0429C4C80,1,"['Teatro Romano', 'Duomo', 'Santa Anastasia']",Arena,"['Verona Tour', 'Museo Lapidario', 'Museo Radio', 'San Fermo', 'Casa Giulietta']",Palazzo della Ragione,strategy_nearest,False,0.0031249523162841797,success
04F7E83A9C4C80,0,['Arena'],Castelvecchio,"['Museo Lapidario', 'Verona Tour', 'Museo Radio', 'San Zeno', 'Sighseeing']",Casa Giulietta,strategy_nearest,False,0.0031280517578125,success
04F7E03A9C4C80,3,"['Arena', 'Torre Lamberti', 'Teatro Romano']",Duomo,"['AMO', 'Museo Miniscalchi', 'Santa Anastasia', 'Palazzo della Ragione', 'Museo Conte']",Casa Giulietta,strategy_nearest,False,0.003377199172973633,success
04F7EC3A9C4C80,3,"['Arena', 'Casa Giulietta']",Torre Lamberti,"['Sighseeing', 'Centro Fotografia', 'Museo Conte', 'Palazzo della Ragione', 'AMO']",Santa Anastasia,strategy_nearest,False,0.002538919448852539,success
04F7F8429C4C80,3,"['Torre Lamberti', 'Tomba Giulietta', 'San Fermo']",Teatro Romano,"['Santa Anastasia', 'Duomo', 'AMO', 'Palazzo della Ragione', 'Museo Conte']",Arena,strategy_nearest,False,0.0029790401458740234,success
04F7FB3A9C4C80,2,['Casa Giulietta'],Duomo,"['AMO', 'Museo Miniscalchi', 'Santa Anastasia', 'Teatro Romano', 'Palazzo della Ragione']",Santa Anastasia,strategy_nearest,True,0.0027298927307128906,success
04F803429C4C84,3,"['Santa Anastasia', 'Tomba Giulietta', 'Arena']",Teatro Romano,"['Duomo', 'AMO', 'Palazzo della Ragione', 'Museo Conte', 'Centro Fotografia']",Duomo,strategy_nearest,True,0.0024399757385253906,success
04F8003A9C4C84,3,"['Santa Anastasia', 'Casa Giulietta']",Torre Lamberti,"['Sighseeing', 'Centro Fotografia', 'Museo Conte', 'Palazzo della Ragione', 'AMO']",San Fermo,strategy_nearest,False,0.003854990005493164,success
04F809429C4C84,3,"['Arena', 'Museo Lapidario', 'Casa Giulietta', 'Torre Lamberti']",Santa Anastasia,"['AMO', 'Museo Conte', 'Palazzo della Ragione', 'Teatro Romano', 'Centro Fotografia']",Duomo,strategy_nearest,False,0.002844095230102539,success
04F80F429C4C84,1,"['Arena', 'Castelvecchio', 'San Fermo']",Casa Giulietta,"['Centro Fotografia', 'Sighseeing', 'Torre Lamberti', 'Museo Conte', 'Museo Radio']",Palazzo della Ragione,strategy_nearest,False,0.0026159286499023438,success
04F816429C4C84,3,"['Arena', 'Casa Giulietta']",Teatro Romano,"['Santa Anastasia', 'Duomo', 'AMO', 'Palazzo della Ragione', 'Museo Conte']",Santa Anastasia,strategy_nearest,True,0.003247976303100586,success
04F815C27B3F84,0,['Arena'],Casa Giulietta,"['Centro Fotografia', 'Sighseeing', 'Torre Lamberti', 'Museo Conte', 'Museo Radio']",Castelvecchio,strategy_nearest,False,0.0029838085174560547,success
04F835429C4C80,3,"['Santa Anastasia', 'Duomo']",San Fermo,"['Museo Storia', 'Museo Radio', 'Casa Giulietta', 'Centro Fotografia', 'Arena']",Torre Lamberti,strategy_nearest,False,0.0031621456146240234,success
04F8373A9C4C80,3,"['Arena', 'Torre Lamberti', 'Casa Giulietta']",Teatro Romano,"['Santa Anastasia', 'Duomo', 'AMO', 'Palazzo della Ragione', 'Museo Conte']",Duomo,strategy_nearest,True,0.003016948699951172,success
04F841429C4C80,0,['Arena'],Casa Giulietta,"['Centro Fotografia', 'Sighseeing', 'Torre Lamberti', 'Museo Conte', 'Museo Radio']",Torre Lamberti,strategy_nearest,True,0.002643108367919922,success
04F83A3A9C4C80,0,['Castelvecchio'],Arena,"['Verona Tour', 'Museo Lapidario', 'Museo Radio', 'San Fermo', 'Casa Giulietta']",Casa Giulietta,strategy_nearest,True,0.0033750534057617188,success
04F84FC27B3F80,1,['Torre Lamberti'],Palazzo della Ragione,"['AMO', 'Museo Conte', 'Centro Fotografia', 'Sighseeing', 'Santa Anastasia']",Arena,strategy_nearest,False,0.003047943115234375,success
04F8433A9C4C80,3,['Arena'],Torre Lamberti,"['Sighseeing', 'Centro Fotografia', 'Museo Conte', 'Casa Giulietta', 'Palazzo della Ragione']",Teatro Romano,strategy_nearest,False,0.003077983856201172,success
04F855429C4C80,3,"['Arena', 'Museo Lapidario', 'Torre Lamberti']",Duomo,"['AMO', 'Museo Miniscalchi', 'Santa Anastasia', 'Teatro Romano', 'Palazzo della Ragione']",Santa Anastasia,strategy_nearest,True,0.0026171207427978516,success
04F863429C4C80,1,"['Arena', 'Museo Lapidario']",Torre Lamberti,"['Sighseeing', 'Centro Fotografia', 'Museo Conte', 'Casa Giulietta', 'Palazzo della Ragione']",Palazzo della Ragione,strategy_nearest,True,0.0026082992553710938,success
04F8713A9C4C80,2,"['Casa Giulietta', 'Giardino Giusti']",Teatro Romano,"['Santa Anastasia', 'Duomo', 'AMO', 'Palazzo della Ragione', 'Museo Conte']",Duomo,strategy_nearest,True,0.002477884292602539,success
04F8723A9C4C80,3,"['Casa Giulietta', 'Torre Lamberti']",Santa Anastasia,"['AMO', 'Museo Conte', 'Palazzo della Ragione', 'Teatro Romano', 'Centro Fotografia']",Arena,strategy_nearest,False,0.002588033676147461,success
04F87B3A9C4C80,0,"['Arena', 'Casa Giulietta']",Torre Lamberti,"['Sighseeing', 'Centro Fotografia', 'Museo Conte', 'Palazzo della Ragione', 'AMO']",Teatro Romano,strategy_nearest,False,0.0027709007263183594,success
04F8743A9C4C80,0,['Castelvecchio'],Duomo,"['AMO', 'Museo Miniscalchi', 'Santa Anastasia', 'Teatro Romano', 'Palazzo della Ragione']",Arena,strategy_nearest,False,0.0034258365631103516,success
04F87F429C4C80,3,['Arena'],Torre Lamberti,"['Sighseeing', 'Centro Fotografia', 'Museo Conte', 'Casa Giulietta', 'Palazzo della Ragione']",Santa Anastasia,strategy_nearest,False,0.003464221954345703,success
04F8834A9C4C80,3,"['Arena', 'San Fermo', 'Casa Giulietta']",Torre Lamberti,"['Sighseeing', 'Centro Fotografia', 'Museo Conte', 'Palazzo della Ragione', 'AMO']",Santa Anastasia,strategy_nearest,False,0.0035042762756347656,success
04F87F3A9C4C80,1,"['Arena', 'Torre Lamberti', 'Palazzo della Ragione']",Santa Anastasia,"['AMO', 'Museo Conte', 'Teatro Romano', 'Centro Fotografia', 'Duomo']",Duomo,strategy_nearest,True,0.0025458335876464844,success
04F88A4A9C4C80,3,"['Arena', 'Torre Lamberti']",Casa Giulietta,"['Centro Fotografia', 'Sighseeing', 'Museo Conte', 'Museo Radio', 'Palazzo della Ragione']",Santa Anastasia,strategy_nearest,False,0.0027801990509033203,success
04F891429C4C80,0,['Torre Lamberti'],Arena,"['Verona Tour', 'Museo Lapidario', 'Museo Radio', 'San Fermo', 'Casa Giulietta']",Tomba Giulietta,strategy_nearest,False,0.002705097198486328,success
04F893429C4C80,3,['Teatro Romano'],Arena,"['Verona Tour', 'Museo Lapidario', 'Museo Radio', 'San Fermo', 'Casa Giulietta']",Castelvecchio,strategy_nearest,False,0.002148151397705078,success
04F8B13A9C4C80,0,"['Arena', 'Castelvecchio']",Torre Lamberti,"['Sighseeing', 'Centro Fotografia', 'Museo Conte', 'Casa Giulietta', 'Palazzo della Ragione']",Casa Giulietta,strategy_nearest,True,0.003213644027709961,success
04F8A93A9C4C80,1,"['Arena', 'Casa Giulietta']",Palazzo della Ragione,"['AMO', 'Museo Conte', 'Torre Lamberti', 'Centro Fotografia', 'Sighseeing']",Torre Lamberti,strategy_nearest,True,0.002734661102294922,success
04F8B23A9C4C80,1,"['Arena', 'Casa Giulietta']",Torre Lamberti,"['Sighseeing', 'Centro Fotografia', 'Museo Conte', 'Palazzo della Ragione', 'AMO']",Palazzo della Ragione,strategy_nearest,True,0.0033311843872070312,success
04F8B3429C4C80,0,['Arena'],Palazzo della Ragione,"['AMO', 'Museo Conte', 'Torre Lamberti', 'Centro Fotografia', 'Sighseeing']",Casa Giulietta,strategy_nearest,False,0.003286123275756836,success
04F8B4429C4C80,2,['Santa Anastasia'],Teatro Romano,"['Duomo', 'AMO', 'Palazzo della Ragione', 'Museo Conte', 'Centro Fotografia']",Castelvecchio,strategy_nearest,False,0.001953125,success
04F8C63A9C4C80,3,['Arena'],Santa Anastasia,"['AMO', 'Museo Conte', 'Palazzo della Ragione', 'Teatro Romano', 'Centro Fotografia']",Torre Lamberti,strategy_nearest,False,0.004400968551635742,success
04F8D73A9C4C80,1,"['San Zeno', 'Arena']",Palazzo della Ragione,"['AMO', 'Museo Conte', 'Torre Lamberti', 'Centro Fotografia', 'Sighseeing']",Torre Lamberti,strategy_nearest,True,0.0030062198638916016,success
04F8CA429C4C80,3,"['San Zeno', 'Castelvecchio', 'Arena']",Torre Lamberti,"['Sighseeing', 'Centro Fotografia', 'Museo Conte', 'Casa Giulietta', 'Palazzo della Ragione']",Santa Anastasia,strategy_nearest,False,0.0020780563354492188,success
04F8D7429C4C80,1,"['Arena', 'Castelvecchio', 'Casa Giulietta']",Palazzo della Ragione,"['AMO', 'Museo Conte', 'Torre Lamberti', 'Centro Fotografia', 'Sighseeing']",Teatro Romano,strategy_nearest,False,0.003075838088989258,success
04F90C3A9C4C84,1,"['Duomo', 'Palazzo della Ragione']",Torre Lamberti,"['Sighseeing', 'Centro Fotografia', 'Museo Conte', 'Casa Giulietta', 'AMO']",Torre Lamberti,strategy_nearest,False,0.0023140907287597656,success
04F8E1429C4C80,3,"['Arena', 'Tomba Giulietta', 'Santa Anastasia']",Duomo,"['AMO', 'Museo Miniscalchi', 'Teatro Romano', 'Palazzo della Ragione', 'Museo Conte']",Torre Lamberti,strategy_nearest,False,0.002768993377685547,success
04F8F0429C4C80,3,"['Castelvecchio', 'Tomba Giulietta', 'San Fermo']",Museo Lapidario,"['Verona Tour', 'Arena', 'Museo Radio', 'Casa Giulietta', 'Sighseeing']",Arena,strategy_nearest,True,0.0035278797149658203,success
04F9013A9C4C84,0,['Arena'],Torre Lamberti,"['Sighseeing', 'Centro Fotografia', 'Museo Conte', 'Casa Giulietta', 'Palazzo della Ragione']",Casa Giulietta,strategy_nearest,True,0.0014090538024902344,success
04F93B3A9C4C80,3,"['Arena', 'Torre Lamberti', 'Santa Anastasia']",Duomo,"['AMO', 'Museo Miniscalchi', 'Teatro Romano', 'Palazzo della Ragione', 'Museo Conte']",Castelvecchio,strategy_nearest,False,0.0022058486938476562,success
04F93E3A9C4C80,1,"['Arena', 'Casa Giulietta']",Torre Lamberti,"['Sighseeing', 'Centro Fotografia', 'Museo Conte', 'Palazzo della Ragione', 'AMO']",Palazzo della Ragione,strategy_nearest,True,0.0013246536254882812,success
04F94F429C4C80,0,"['Arena', 'Casa Giulietta']",Teatro Romano,"['Santa Anastasia', 'Duomo', 'AMO', 'Palazzo della Ragione', 'Museo Conte']",Castelvecchio,strategy_nearest,False,0.0030519962310791016,success
04F947429C4C80,3,"['Arena', 'Museo Lapidario', 'Casa Giulietta']",Torre Lamberti,"['Sighseeing', 'Centro Fotografia', 'Museo Conte', 'Palazzo della Ragione', 'AMO']",Santa Anastasia,strategy_nearest,False,0.0027060508728027344,success
04F96D429C4C80,3,"['Duomo', 'Santa Anastasia']",Torre Lamberti,"['Sighseeing', 'Centro Fotografia', 'Museo Conte', 'Casa Giulietta', 'Palazzo della Ragione']",Arena,strategy_nearest,False,0.0015070438385009766,success
04F952429C4C80,3,['Arena'],Casa Giulietta,"['Centro Fotografia', 'Sighseeing', 'Torre Lamberti', 'Museo Conte', 'Museo Radio']",Santa Anastasia,strategy_nearest,False,0.0027472972869873047,success
04F970429C4C80,3,['Arena'],Torre Lamberti,"['Sighseeing', 'Centro Fotografia', 'Museo Conte', 'Casa Giulietta', 'Palazzo della Ragione']",Santa Anastasia,strategy_nearest,False,0.003423929214477539,success
04F97A3A9C4C80,1,"['Casa Giulietta', 'Arena']",Palazzo della Ragione,"['AMO', 'Museo Conte', 'Torre Lamberti', 'Centro Fotografia', 'Sighseeing']",Torre Lamberti,strategy_nearest,True,0.0026450157165527344,success
04F97C3A9C4C80,1,"['Casa Giulietta', 'Palazzo della Ragione', 'Santa Anastasia']",Duomo,"['AMO', 'Museo Miniscalchi', 'Teatro Romano', 'Museo Conte', 'Torre Lamberti']",Teatro Romano,strategy_nearest,True,0.0026159286499023438,success
04F97A429C4C80,2,"['Casa Giulietta', 'Torre Lamberti', 'Palazzo della Ragione']",San Zeno,"['Castelvecchio', 'Verona Tour', 'Museo Lapidario', 'Arena', 'Museo Miniscalchi']",Santa Anastasia,strategy_nearest,False,0.0024657249450683594,success
04F97F429C4C80,0,['Arena'],San Fermo,"['Museo Storia', 'Museo Radio', 'Casa Giulietta', 'Centro Fotografia', 'Sighseeing']",Casa Giulietta,strategy_nearest,True,0.0026760101318359375,success
04F9823A9C4C80,0,['Arena'],Casa Giulietta,"['Centro Fotografia', 'Sighseeing', 'Torre Lamberti', 'Museo Conte', 'Museo Radio']",Torre Lamberti,strategy_nearest,True,0.0030879974365234375,success
04F9874A9C4C80,0,['Arena'],Casa Giulietta,"['Centro Fotografia', 'Sighseeing', 'Torre Lamberti', 'Museo Conte', 'Museo Radio']",Castelvecchio,strategy_nearest,False,0.0028028488159179688,success
04F989429C4C80,0,['Teatro Romano'],Arena,"['Verona Tour', 'Museo Lapidario', 'Museo Radio', 'San Fermo', 'Casa Giulietta']",San Zeno,strategy_nearest,False,0.002624988555908203,success
04F98D4A9C4C80,3,"['Arena', 'Casa Giulietta']",Santa Anastasia,"['AMO', 'Museo Conte', 'Palazzo della Ragione', 'Teatro Romano', 'Centro Fotografia']",Teatro Romano,strategy_nearest,True,0.0025839805603027344,success
04F9AE429C4C80,1,"['Museo Lapidario', 'Arena']",Castelvecchio,"['Verona Tour', 'Museo Radio', 'San Zeno', 'Sighseeing', 'Museo Miniscalchi']",Torre Lamberti,strategy_nearest,False,0.0024030208587646484,success
04F9A1429C4C80,3,['Casa Giulietta'],Arena,"['Verona Tour', 'Museo Lapidario', 'Museo Radio', 'San Fermo', 'Sighseeing']",Torre Lamberti,strategy_nearest,False,0.0032219886779785156,success
04F9AD3A9C4C80,3,['Arena'],Casa Giulietta,"['Centro Fotografia', 'Sighseeing', 'Torre Lamberti', 'Museo Conte', 'Museo Radio']",Torre Lamberti,strategy_nearest,True,0.004058837890625,success
04F9A84A9C4C80,0,['Arena'],Casa Giulietta,"['Centro Fotografia', 'Sighseeing', 'Torre Lamberti', 'Museo Conte', 'Museo Radio']",Torre Lamberti,strategy_nearest,True,0.0033462047576904297,success
04F9B03A9C4C80,3,"['San Zeno', 'Castelvecchio']",Arena,"['Verona Tour', 'Museo Lapidario', 'Museo Radio', 'San Fermo', 'Casa Giulietta']",Duomo,strategy_nearest,False,0.001789093017578125,success
04F9B23A9C4C80,3,"['Arena', 'Casa Giulietta']",Torre Lamberti,"['Sighseeing', 'Centro Fotografia', 'Museo Conte', 'Palazzo della Ragione', 'AMO']",Santa Anastasia,strategy_nearest,False,0.0025632381439208984,success
04F9B13A9C4C80,3,"['Arena', 'Casa Giulietta']",Santa Anastasia,"['AMO', 'Museo Conte', 'Palazzo della Ragione', 'Teatro Romano', 'Centro Fotografia']",Duomo,strategy_nearest,False,0.0026128292083740234,success
04F9B3429C4C80,3,['Arena'],Casa Giulietta,"['Centro Fotografia', 'Sighseeing', 'Torre Lamberti', 'Museo Conte', 'Museo Radio']",Santa Anastasia,strategy_nearest,False,0.004029989242553711,success
04F9BA429C4C80,3,"['Arena', 'Casa Giulietta']",Santa Anastasia,"['AMO', 'Museo Conte', 'Palazzo della Ragione', 'Teatro Romano', 'Centro Fotografia']",Duomo,strategy_nearest,False,0.002500772476196289,success
04F9BE429C4C80,3,"['Santa Anastasia', 'Duomo']",Casa Giulietta,"['Centro Fotografia', 'Sighseeing', 'Torre Lamberti', 'Museo Conte', 'Museo Radio']",Arena,strategy_nearest,False,0.0026810169219970703,success
04F9CFC27B3F80,1,"['Torre Lamberti', 'Palazzo della Ragione']",Palazzo della Ragione,"['AMO', 'Museo Conte', 'Centro Fotografia', 'Sighseeing', 'Santa Anastasia']",Arena,strategy_nearest,False,0.002977132797241211,success
04F9D3429C4C80,1,"['Arena', 'Torre Lamberti', 'Palazzo della Ragione', 'Santa Anastasia']",Duomo,"['AMO', 'Museo Miniscalchi', 'Teatro Romano', 'Museo Conte', 'Centro Fotografia']",Castelvecchio,strategy_nearest,False,0.002637147903442383,success
04F9D63A9C4C80,1,"['Castelvecchio', 'Arena']",Palazzo della Ragione,"['AMO', 'Museo Conte', 'Torre Lamberti', 'Centro Fotografia', 'Sighseeing']",Torre Lamberti,strategy_nearest,True,0.0026848316192626953,success
04F9E23A9C4C80,1,"['Casa Giulietta', 'Santa Anastasia', 'Duomo', 'Teatro Romano']",Arena,"['Verona Tour', 'Museo Lapidario', 'Museo Radio', 'San Fermo', 'Sighseeing']",Tomba Giulietta,strategy_nearest,False,0.0025222301483154297,success
04F9DE429C4C80,3,"['Arena', 'Teatro Romano']",Torre Lamberti,"['Sighseeing', 'Centro Fotografia', 'Museo Conte', 'Casa Giulietta', 'Palazzo della Ragione']",Duomo,strategy_nearest,False,0.0040090084075927734,success
04F9E93A9C4C80,1,"['Arena', 'Casa Giulietta', 'Torre Lamberti']",Palazzo della Ragione,"['AMO', 'Museo Conte', 'Centro Fotografia', 'Sighseeing', 'Santa Anastasia']",Santa Anastasia,strategy_nearest,True,0.003186941146850586,success
04F9F73A9C4C80,1,"['Arena', 'Castelvecchio', 'San Zeno']",Torre Lamberti,"['Sighseeing', 'Centro Fotografia', 'Museo Conte', 'Casa Giulietta', 'Palazzo della Ragione']",Palazzo della Ragione,strategy_nearest,True,0.002527952194213867,success
04F9F33A9C4C80,1,"['Casa Giulietta', 'Torre Lamberti', 'Palazzo della Ragione']",Santa Anastasia,"['AMO', 'Museo Conte', 'Teatro Romano', 'Centro Fotografia', 'Duomo']",Teatro Romano,strategy_nearest,True,0.0025801658630371094,success
04F9FC3A9C4C80,0,['Casa Giulietta'],Arena,"['Verona Tour', 'Museo Lapidario', 'Museo Radio', 'San Fermo', 'Sighseeing']",Torre Lamberti,strategy_nearest,False,0.002658843994140625,success
04FA05429C4C84,3,"['Arena', 'Santa Anastasia']",Giardino Giusti,"['Teatro Romano', 'Museo Conte', 'Centro Fotografia', 'Museo Storia', 'AMO']",Teatro Romano,strategy_nearest,True,0.002588987350463867,success
04FA0D429C4C84,3,"['Castelvecchio', 'Duomo']",Santa Anastasia,"['AMO', 'Museo Conte', 'Palazzo della Ragione', 'Teatro Romano', 'Centro Fotografia']",Arena,strategy_nearest,False,0.0019190311431884766,success
04FA423A9C4C80,1,"['Arena', 'Casa Giulietta', 'Palazzo della Ragione']",Torre Lamberti,"['Sighseeing', 'Centro Fotografia', 'Museo Conte', 'AMO', 'Museo Miniscalchi']",Santa Anastasia,strategy_nearest,False,0.0031096935272216797,success
04FA52429C4C80,1,"['Arena', 'Teatro Romano']",Duomo,"['AMO', 'Museo Miniscalchi', 'Santa Anastasia', 'Palazzo della Ragione', 'Museo Conte']",Palazzo della Ragione,strategy_nearest,True,0.002574920654296875,success
04FA50429C4C80,0,"['Arena', 'Casa Giulietta']",Giardino Giusti,"['Santa Anastasia', 'Teatro Romano', 'Museo Conte', 'Centro Fotografia', 'Museo Storia']",Castelvecchio,strategy_nearest,False,0.0027267932891845703,success
04FA4B3A9C4C80,3,"['Torre Lamberti', 'Santa Anastasia', 'Casa Giulietta']",Castelvecchio,"['Museo Lapidario', 'Verona Tour', 'Arena', 'Museo Radio', 'San Zeno']",Arena,strategy_nearest,True,0.0033948421478271484,success
04FA5E429C4C80,0,['Arena'],Torre Lamberti,"['Sighseeing', 'Centro Fotografia', 'Museo Conte', 'Casa Giulietta', 'Palazzo della Ragione']",Casa Giulietta,strategy_nearest,True,0.0032520294189453125,success
04FA61429C4C80,3,"['Arena', 'Casa Giulietta']",Torre Lamberti,"['Sighseeing', 'Centro Fotografia', 'Museo Conte', 'Palazzo della Ragione', 'AMO']",Santa Anastasia,strategy_nearest,False,0.002727985382080078,success
04FA67429C4C80,3,"['Castelvecchio', 'Santa Anastasia']",Torre Lamberti,"['Sighseeing', 'Centro Fotografia', 'Museo Conte', 'Casa Giulietta', 'Palazzo della Ragione']",Casa Giulietta,strategy_nearest,True,0.0026078224182128906,success
04FA62429C4C80,0,['Arena'],Casa Giulietta,"['Centro Fotografia', 'Sighseeing', 'Torre Lamberti', 'Museo Conte', 'Museo Radio']",Torre Lamberti,strategy_nearest,True,0.0019807815551757812,success
04FA6A429C4C80,3,"['Teatro Romano', 'Duomo', 'Santa Anastasia']",Torre Lamberti,"['Sighseeing', 'Centro Fotografia', 'Museo Conte', 'Casa Giulietta', 'Palazzo della Ragione']",Casa Giulietta,strategy_nearest,True,0.0031359195709228516,success
04FA813A9C4C80,1,"['Arena', 'Torre Lamberti']",Palazzo della Ragione,"['AMO', 'Museo Conte', 'Centro Fotografia', 'Sighseeing', 'Santa Anastasia']",Casa Giulietta,strategy_nearest,False,0.002180814743041992,success
04FA85429C4C80,2,['Palazzo della Ragione'],Torre Lamberti,"['Sighseeing', 'Centro Fotografia', 'Museo Conte', 'Casa Giulietta', 'AMO']",Santa Anastasia,strategy_nearest,False,0.003191232681274414,success
04FA833A9C4C80,0,['Arena'],Casa Giulietta,"['Centro Fotografia', 'Sighseeing', 'Torre Lamberti', 'Museo Conte', 'Museo Radio']",Castelvecchio,strategy_nearest,False,0.0026497840881347656,success
04FA7A4A9C4C80,0,['Arena'],Castelvecchio,"['Museo Lapidario', 'Verona Tour', 'Museo Radio', 'San Zeno', 'Sighseeing']",San Zeno,strategy_nearest,True,0.002824068069458008,success
04FA874A9C4C80,0,"['Arena', 'Casa Giulietta']",Torre Lamberti,"['Sighseeing', 'Centro Fotografia', 'Museo Conte', 'Palazzo della Ragione', 'AMO']",Teatro Romano,strategy_nearest,False,0.0020978450775146484,success
04FA92429C4C80,0,['Arena'],Torre Lamberti,"['Sighseeing', 'Centro Fotografia', 'Museo Conte', 'Casa Giulietta', 'Palazzo della Ragione']",Museo Storia,strategy_nearest,False,0.002577066421508789,success
04FA8E3A9C4C80,0,['Castelvecchio'],Arena,"['Verona Tour', 'Museo Lapidario', 'Museo Radio', 'San Fermo', 'Casa Giulietta']",Duomo,strategy_nearest,False,0.0033190250396728516,success
04FA854A9C4C80,0,['Teatro Romano'],Casa Giulietta,"['Centro Fotografia', 'Sighseeing', 'Torre Lamberti', 'Museo Conte', 'Museo Radio']",Tomba Giulietta,strategy_nearest,False,0.0013761520385742188,success
04FAAC3A9C4C80,3,"['San Fermo', 'Santa Anastasia', 'Duomo']",Torre Lamberti,"['Sighseeing', 'Centro Fotografia', 'Museo Conte', 'Casa Giulietta', 'Palazzo della Ragione']",Tomba Giulietta,strategy_nearest,False,0.0026879310607910156,success
04FAAF429C4C80,0,['Arena'],Teatro Romano,"['Santa Anastasia', 'Duomo', 'AMO', 'Palazzo della Ragione', 'Museo Conte']",Torre Lamberti,strategy_nearest,False,0.002521991729736328,success
04FAAA429C4C80,0,['Arena'],Duomo,"['AMO', 'Museo Miniscalchi', 'Santa Anastasia', 'Teatro Romano', 'Palazzo della Ragione']",Castelvecchio,strategy_nearest,False,0.0026853084564208984,success
04FAAF3A9C4C80,0,"['Arena', 'Casa Giulietta']",Torre Lamberti,"['Sighseeing', 'Centro Fotografia', 'Museo Conte', 'Palazzo della Ragione', 'AMO']",Tomba Giulietta,strategy_nearest,False,0.0031709671020507812,success
04FAB83A9C4C80,0,['Castelvecchio'],Torre Lamberti,"['Sighseeing', 'Centro Fotografia', 'Museo Conte', 'Casa Giulietta', 'Palazzo della Ragione']",Arena,strategy_nearest,False,0.0013551712036132812,success
04FABD429C4C80,0,"['Arena', 'Casa Giulietta']",Torre Lamberti,"['Sighseeing', 'Centro Fotografia', 'Museo Conte', 'Palazzo della Ragione', 'AMO']",Teatro Romano,strategy_nearest,False,0.0027129650115966797,success
04FAB93A9C4C80,0,['Arena'],Casa Giulietta,"['Centro Fotografia', 'Sighseeing', 'Torre Lamberti', 'Museo Conte', 'Museo Radio']",Torre Lamberti,strategy_nearest,True,0.0020940303802490234,success
04FAC93A9C4C80,3,['Arena'],Casa Giulietta,"['Centro Fotografia', 'Sighseeing', 'Torre Lamberti', 'Museo Conte', 'Museo Radio']",Santa Anastasia,strategy_nearest,False,0.0032508373260498047,success
04FAD83A9C4C80,3,"['Arena', 'Casa Giulietta']",Torre Lamberti,"['Sighseeing', 'Centro Fotografia', 'Museo Conte', 'Palazzo della Ragione', 'AMO']",Santa Anastasia,strategy_nearest,False,0.0021080970764160156,success
04FAD4429C4C80,2,"['Teatro Romano', 'Duomo']",Torre Lamberti,"['Sighseeing', 'Centro Fotografia', 'Museo Conte', 'Casa Giulietta', 'Palazzo della Ragione']",Palazzo della Ragione,strategy_nearest,True,0.004007816314697266,success
04FADA3A9C4C80,1,['Torre Lamberti'],Palazzo della Ragione,"['AMO', 'Museo Conte', 'Centro Fotografia', 'Sighseeing', 'Santa Anastasia']",Casa Giulietta,strategy_nearest,False,0.002087831497192383,success
04FAE03A9C4C80,0,['Arena'],Castelvecchio,"['Museo Lapidario', 'Verona Tour', 'Museo Radio', 'San Zeno', 'Sighseeing']",Tomba Giulietta,strategy_nearest,False,0.003184080123901367,success
04FAE33A9C4C80,2,['Castelvecchio'],Palazzo della Ragione,"['AMO', 'Museo Conte', 'Torre Lamberti', 'Centro Fotografia', 'Sighseeing']",Teatro Romano,strategy_nearest,False,0.0017490386962890625,success
04FAF6429C4C80,1,"['Arena', 'Torre Lamberti', 'Palazzo della Ragione', 'Casa Giulietta', 'San Fermo', 'Tomba Giulietta']",Museo Storia,"['Museo Radio', 'Centro Fotografia', 'Sighseeing', 'Museo Conte', 'Giardino Giusti']",Teatro Romano,strategy_nearest,False,0.0024862289428710938,success
04FAF23A9C4C80,1,"['Torre Lamberti', 'Palazzo della Ragione']",Casa Giulietta,"['Centro Fotografia', 'Sighseeing', 'Museo Conte', 'Museo Radio', 'San Fermo']",Arena,strategy_nearest,False,0.0033998489379882812,success
04FAFB429C4C80,3,"['Arena', 'Casa Giulietta']",Santa Anastasia,"['AMO', 'Museo Conte', 'Palazzo della Ragione', 'Teatro Romano', 'Centro Fotografia']",Duomo,strategy_nearest,False,0.0030951499938964844,success
04FB243A9C4C80,1,"['Casa Giulietta', 'Arena', 'Museo Lapidario', 'Castelvecchio', 'San Zeno']",Teatro Romano,"['Santa Anastasia', 'Duomo', 'AMO', 'Palazzo della Ragione', 'Museo Conte']",Duomo,strategy_nearest,True,0.0025320053100585938,success
04FB273A9C4C80,0,"['Arena', 'Museo Lapidario']",Castelvecchio,"['Verona Tour', 'Museo Radio', 'San Zeno', 'Sighseeing', 'Museo Miniscalchi']",Torre Lamberti,strategy_nearest,False,0.003261089324951172,success
04FB02429C4C84,1,"['Arena', 'Castelvecchio', 'Duomo']",Teatro Romano,"['Santa Anastasia', 'AMO', 'Palazzo della Ragione', 'Museo Conte', 'Centro Fotografia']",Casa Giulietta,strategy_nearest,False,0.0033919811248779297,success
04FB41429C4C80,0,['Arena'],Casa Giulietta,"['Centro Fotografia', 'Sighseeing', 'Torre Lamberti', 'Museo Conte', 'Museo Radio']",Castelvecchio,strategy_nearest,False,0.0030400753021240234,success
04FB47429C4C80,0,"['Arena', 'Casa Giulietta']",Castelvecchio,"['Museo Lapidario', 'Verona Tour', 'Museo Radio', 'San Zeno', 'Sighseeing']",Teatro Romano,strategy_nearest,False,0.0019440650939941406,success
04FB423A9C4C80,1,['Palazzo della Ragione'],Torre Lamberti,"['Sighseeing', 'Centro Fotografia', 'Museo Conte', 'Casa Giulietta', 'AMO']",Arena,strategy_nearest,False,0.0027298927307128906,success
04FB4B3A9C4C80,1,"['Arena', 'Torre Lamberti']",Casa Giulietta,"['Centro Fotografia', 'Sighseeing', 'Museo Conte', 'Museo Radio', 'Palazzo della Ragione']",Palazzo della Ragione,strategy_nearest,True,0.0026810169219970703,success
04FB4C3A9C4C80,3,"['Arena', 'Castelvecchio', 'Duomo']",Santa Anastasia,"['AMO', 'Museo Conte', 'Palazzo della Ragione', 'Teatro Romano', 'Centro Fotografia']",Torre Lamberti,strategy_nearest,False,0.003088712692260742,success
04FB513A9C4C80,1,"['Arena', 'Tomba Giulietta', 'Casa Giulietta']",Museo Lapidario,"['Verona Tour', 'Castelvecchio', 'Museo Radio', 'San Fermo', 'Sighseeing']",Castelvecchio,strategy_nearest,True,0.0023381710052490234,success
04FB4A429C4C80,0,['Arena'],Casa Giulietta,"['Centro Fotografia', 'Sighseeing', 'Torre Lamberti', 'Museo Conte', 'Museo Radio']",Museo Storia,strategy_nearest,False,0.003787994384765625,success
04FB71429C4C80,4,"['Arena', 'Casa Giulietta', 'Torre Lamberti']",Tomba Giulietta,"['San Fermo', 'Museo Storia', 'Museo Lapidario', 'Museo Radio', 'Verona Tour']",Museo Radio,strategy_nearest,True,0.0031371116638183594,success
04FB733A9C4C80,0,['Casa Giulietta'],Torre Lamberti,"['Sighseeing', 'Centro Fotografia', 'Museo Conte', 'Palazzo della Ragione', 'AMO']",Duomo,strategy_nearest,False,0.0024688243865966797,success
04FB763A9C4C80,1,['Arena'],Casa Giulietta,"['Centro Fotografia', 'Sighseeing', 'Torre Lamberti', 'Museo Conte', 'Museo Radio']",Palazzo della Ragione,strategy_nearest,False,0.0018520355224609375,success
04FB783A9C4C80,0,['Torre Lamberti'],Arena,"['Verona Tour', 'Museo Lapidario', 'Museo Radio', 'San Fermo', 'Casa Giulietta']",Casa Giulietta,strategy_nearest,True,0.0033762454986572266,success
04FB7D3A9C4C80,3,"['Arena', 'Casa Giulietta', 'Torre Lamberti']",Santa Anastasia,"['AMO', 'Museo Conte', 'Palazzo della Ragione', 'Teatro Romano', 'Centro Fotografia']",Teatro Romano,strategy_nearest,True,0.0033817291259765625,success
04FB80429C4C80,0,['Castelvecchio'],Torre Lamberti,"['Sighseeing', 'Centro Fotografia', 'Museo Conte', 'Casa Giulietta', 'Palazzo della Ragione']",Casa Giulietta,strategy_nearest,True,0.002732992172241211,success
04FB833A9C4C80,0,"['Arena', 'Torre Lamberti']",San Zeno,"['Castelvecchio', 'Verona Tour', 'Museo Lapidario', 'Museo Miniscalchi', 'Sighseeing']",Castelvecchio,strategy_nearest,True,0.0030510425567626953,success
04FB89429C4C80,0,"['Arena', 'Torre Lamberti']",Casa Giulietta,"['Centro Fotografia', 'Sighseeing', 'Museo Conte', 'Museo Radio', 'Palazzo della Ragione']",Tomba Giulietta,strategy_nearest,False,0.002107858657836914,success
04FB8F3A9C4C80,1,"['Arena', 'Castelvecchio']",Torre Lamberti,"['Sighseeing', 'Centro Fotografia', 'Museo Conte', 'Casa Giulietta', 'Palazzo della Ragione']",Palazzo della Ragione,strategy_nearest,True,0.002596139907836914,success
04FB874A9C4C80,0,['Arena'],Casa Giulietta,"['Centro Fotografia', 'Sighseeing', 'Torre Lamberti', 'Museo Conte', 'Museo Radio']",Palazzo della Ragione,strategy_nearest,False,0.003422975540161133,success
04FB8D3A9C4C80,0,['Castelvecchio'],Arena,"['Verona Tour', 'Museo Lapidario', 'Museo Radio', 'San Fermo', 'Casa Giulietta']",San Zeno,strategy_nearest,False,0.004186868667602539,success
04FB9C4A9C4C80,0,['Arena'],Castelvecchio,"['Museo Lapidario', 'Verona Tour', 'Museo Radio', 'San Zeno', 'Sighseeing']",Casa Giulietta,strategy_nearest,False,0.0026602745056152344,success
04FBA772743380,0,['Casa Giulietta'],Santa Anastasia,"['AMO', 'Museo Conte', 'Palazzo della Ragione', 'Teatro Romano', 'Centro Fotografia']",Arena,strategy_nearest,False,0.0027887821197509766,success
04FBA14A9C4C80,3,"['Arena', 'Casa Giulietta']",Torre Lamberti,"['Sighseeing', 'Centro Fotografia', 'Museo Conte', 'Palazzo della Ragione', 'AMO']",Santa Anastasia,strategy_nearest,False,0.0035469532012939453,success
04FBAE3A9C4C80,1,"['Arena', 'Casa Giulietta']",Palazzo della Ragione,"['AMO', 'Museo Conte', 'Torre Lamberti', 'Centro Fotografia', 'Sighseeing']",Santa Anastasia,strategy_nearest,False,0.003098011016845703,success
04FBB9429C4C80,0,['Arena'],Casa Giulietta,"['Centro Fotografia', 'Sighseeing', 'Torre Lamberti', 'Museo Conte', 'Museo Radio']",Torre Lamberti,strategy_nearest,True,0.0014510154724121094,success
04FBB13A9C4C80,0,"['Casa Giulietta', 'Santa Anastasia']",Arena,"['Verona Tour', 'Museo Lapidario', 'Museo Radio', 'San Fermo', 'Sighseeing']",Tomba Giulietta,strategy_nearest,False,0.003969907760620117,success
04FBBD429C4C80,3,"['Castelvecchio', 'Arena']",Casa Giulietta,"['Centro Fotografia', 'Sighseeing', 'Torre Lamberti', 'Museo Conte', 'Museo Radio']",Santa Anastasia,strategy_nearest,False,0.002749919891357422,success
04FBC83A9C4C80,1,"['Casa Giulietta', 'Torre Lamberti']",Palazzo della Ragione,"['AMO', 'Museo Conte', 'Centro Fotografia', 'Sighseeing', 'Santa Anastasia']",Castelvecchio,strategy_nearest,False,0.0027129650115966797,success
04FBC7429C4C80,1,"['Palazzo della Ragione', 'Torre Lamberti']",Casa Giulietta,"['Centro Fotografia', 'Sighseeing', 'Museo Conte', 'Museo Radio', 'San Fermo']",Arena,strategy_nearest,False,0.0020668506622314453,success
04FBC33A9C4C80,1,"['Arena', 'Casa Giulietta']",Palazzo della Ragione,"['AMO', 'Museo Conte', 'Torre Lamberti', 'Centro Fotografia', 'Sighseeing']",Teatro Romano,strategy_nearest,False,0.0040700435638427734,success
04FBCC429C4C80,3,"['Teatro Romano', 'Arena']",Castelvecchio,"['Museo Lapidario', 'Verona Tour', 'Museo Radio', 'San Zeno', 'Sighseeing']",Duomo,strategy_nearest,False,0.001971006393432617,success
04FBD7429C4C80,1,"['Arena', 'Santa Anastasia', 'Duomo', 'Tomba Giulietta']",San Fermo,"['Museo Storia', 'Museo Radio', 'Casa Giulietta', 'Centro Fotografia', 'Sighseeing']",Museo Storia,strategy_nearest,True,0.0030410289764404297,success
04FBCA3A9C4C80,1,"['Arena', 'Casa Giulietta', 'Torre Lamberti']",Palazzo della Ragione,"['AMO', 'Museo Conte', 'Centro Fotografia', 'Sighseeing', 'Santa Anastasia']",Santa Anastasia,strategy_nearest,True,0.003470182418823242,success
04FBD0429C4C80,1,"['San Zeno', 'Arena', 'Castelvecchio']",Teatro Romano,"['Santa Anastasia', 'Duomo', 'AMO', 'Palazzo della Ragione', 'Museo Conte']",Duomo,strategy_nearest,True,0.002752065658569336,success
04FBDB3A9C4C80,3,"['Arena', 'Castelvecchio']",Casa Giulietta,"['Centro Fotografia', 'Sighseeing', 'Torre Lamberti', 'Museo Conte', 'Museo Radio']",Santa Anastasia,strategy_nearest,False,0.002866029739379883,success
04FBDC3A9C4C80,1,"['Arena', 'Casa Giulietta']",Torre Lamberti,"['Sighseeing', 'Centro Fotografia', 'Museo Conte', 'Palazzo della Ragione', 'AMO']",Palazzo della Ragione,strategy_nearest,True,0.002234935760498047,success
04FBDC429C4C80,3,"['Arena', 'Casa Giulietta', 'Santa Anastasia', 'Castelvecchio']",San Zeno,"['Verona Tour', 'Museo Lapidario', 'Museo Miniscalchi', 'Sighseeing', 'Museo Radio']",Tomba Giulietta,strategy_nearest,False,0.0014159679412841797,success
04FBDF3A9C4C80,3,"['Arena', 'Castelvecchio']",Casa Giulietta,"['Centro Fotografia', 'Sighseeing', 'Torre Lamberti', 'Museo Conte', 'Museo Radio']",Santa Anastasia,strategy_nearest,False,0.0031223297119140625,success
04FBF5429C4C80,2,"['Castelvecchio', 'Torre Lamberti']",Palazzo della Ragione,"['AMO', 'Museo Conte', 'Centro Fotografia', 'Sighseeing', 'Santa Anastasia']",Teatro Romano,strategy_nearest,False,0.00177001953125,success
04FBF3429C4C80,3,"['Castelvecchio', 'Casa Giulietta']",Torre Lamberti,"['Sighseeing', 'Centro Fotografia', 'Museo Conte', 'Palazzo della Ragione', 'AMO']",Arena,strategy_nearest,False,0.00310516357421875,success
04FBF93A9C4C80,3,['Torre Lamberti'],Santa Anastasia,"['AMO', 'Museo Conte', 'Palazzo della Ragione', 'Teatro Romano', 'Centro Fotografia']",Teatro Romano,strategy_nearest,True,0.0035419464111328125,success
04FBFB3A9C4C80,0,['Castelvecchio'],Arena,"['Verona Tour', 'Museo Lapidario', 'Museo Radio', 'San Fermo', 'Casa Giulietta']",Torre Lamberti,strategy_nearest,False,0.002913951873779297,success
04FBFD3A9C4C80,1,"['Castelvecchio', 'Casa Giulietta', 'Arena']",Santa Anastasia,"['AMO', 'Museo Conte', 'Palazzo della Ragione', 'Teatro Romano', 'Centro Fotografia']",Teatro Romano,strategy_nearest,True,0.0024459362030029297,success
04FC01429C4C84,2,"['Castelvecchio', 'Santa Anastasia']",San Zeno,"['Verona Tour', 'Museo Lapidario', 'Arena', 'Museo Miniscalchi', 'Sighseeing']",Teatro Romano,strategy_nearest,False,0.003183126449584961,success
04FC043A9C4C84,3,['Arena'],San Fermo,"['Museo Storia', 'Museo Radio', 'Casa Giulietta', 'Centro Fotografia', 'Sighseeing']",Teatro Romano,strategy_nearest,False,0.002658843994140625,success
04FC133A9C4C84,2,['Tomba Giulietta'],Castelvecchio,"['Museo Lapidario', 'Verona Tour', 'Arena', 'Museo Radio', 'San Zeno']",Casa Giulietta,strategy_nearest,False,0.0038869380950927734,success
04FC2A3A9C4C80,3,"['San Zeno', 'Castelvecchio', 'Teatro Romano']",Casa Giulietta,"['Centro Fotografia', 'Sighseeing', 'Torre Lamberti', 'Museo Conte', 'Museo Radio']",Arena,strategy_nearest,False,0.0017731189727783203,success
04FC303A9C4C80,1,"['Torre Lamberti', 'Santa Anastasia', 'Duomo', 'Museo Lapidario']",Arena,"['Verona Tour', 'Museo Radio', 'San Fermo', 'Casa Giulietta', 'Sighseeing']",Castelvecchio,strategy_nearest,False,0.0026061534881591797,success
04FC2F4A9C4C80,1,"['Teatro Romano', 'Arena']",Casa Giulietta,"['Centro Fotografia', 'Sighseeing', 'Torre Lamberti', 'Museo Conte', 'Museo Radio']",Palazzo della Ragione,strategy_nearest,False,0.002710103988647461,success
04FC323A9C4C80,3,"['Arena', 'Casa Giulietta']",Santa Anastasia,"['AMO', 'Museo Conte', 'Palazzo della Ragione', 'Teatro Romano', 'Centro Fotografia']",Castelvecchio,strategy_nearest,False,0.0031747817993164062,success
04FC264A9C4C80,1,"['Arena', 'San Fermo', 'Torre Lamberti', 'Palazzo della Ragione']",Casa Giulietta,"['Centro Fotografia', 'Sighseeing', 'Museo Conte', 'Museo Radio', 'AMO']",Santa Anastasia,strategy_nearest,False,0.004503011703491211,success
04FC34429C4C80,0,['Casa Giulietta'],Arena,"['Verona Tour', 'Museo Lapidario', 'Museo Radio', 'San Fermo', 'Sighseeing']",Duomo,strategy_nearest,False,0.0017993450164794922,success
04FC384A9C4C80,0,['Arena'],Casa Giulietta,"['Centro Fotografia', 'Sighseeing', 'Torre Lamberti', 'Museo Conte', 'Museo Radio']",Tomba Giulietta,strategy_nearest,False,0.0027742385864257812,success
04FC443A9C4C80,1,['Palazzo della Ragione'],Torre Lamberti,"['Sighseeing', 'Centro Fotografia', 'Museo Conte', 'Casa Giulietta', 'AMO']",Arena,strategy_nearest,False,0.002534151077270508,success
04FC3C3A9C4C80,3,"['Torre Lamberti', 'Santa Anastasia', 'Duomo']",Duomo,"['AMO', 'Museo Miniscalchi', 'Teatro Romano', 'Palazzo della Ragione', 'Museo Conte']",San Fermo,strategy_nearest,False,0.0034530162811279297,success
04FC61429C4C80,0,"['Arena', 'Casa Giulietta']",Teatro Romano,"['Santa Anastasia', 'Duomo', 'AMO', 'Palazzo della Ragione', 'Museo Conte']",Duomo,strategy_nearest,True,0.0026280879974365234,success
04FC64429C4C80,3,"['Castelvecchio', 'Arena']",San Fermo,"['Museo Storia', 'Museo Radio', 'Casa Giulietta', 'Centro Fotografia', 'Sighseeing']",Casa Giulietta,strategy_nearest,True,0.0033059120178222656,success
04FC52429C4C80,0,"['Arena', 'Museo Lapidario']",Casa Giulietta,"['Centro Fotografia', 'Sighseeing', 'Torre Lamberti', 'Museo Conte', 'Museo Radio']",Castelvecchio,strategy_nearest,False,0.002669811248779297,success
04FC6A429C4C80,0,['Arena'],Torre Lamberti,"['Sighseeing', 'Centro Fotografia', 'Museo Conte', 'Casa Giulietta', 'Palazzo della Ragione']",Duomo,strategy_nearest,False,0.003428220748901367,success
04FC833A9C4C80,1,['Arena'],Casa Giulietta,"['Centro Fotografia', 'Sighseeing', 'Torre Lamberti', 'Museo Conte', 'Museo Radio']",Palazzo della Ragione,strategy_nearest,False,0.001973867416381836,success
04FC854A9C4C80,1,"['Arena', 'Casa Giulietta']",Torre Lamberti,"['Sighseeing', 'Centro Fotografia', 'Museo Conte', 'Palazzo della Ragione', 'AMO']",Palazzo della Ragione,strategy_nearest,True,0.0032210350036621094,success
04FC7E3A9C4C80,3,"['Casa Giulietta', 'San Fermo']",Tomba Giulietta,"['Museo Storia', 'Arena', 'Museo Lapidario', 'Museo Radio', 'Verona Tour']",Arena,strategy_nearest,True,0.0034270286560058594,success
04FC864A9C4C80,3,"['Arena', 'Casa Giulietta']",Torre Lamberti,"['Sighseeing', 'Centro Fotografia', 'Museo Conte', 'Palazzo della Ragione', 'AMO']",Santa Anastasia,strategy_nearest,False,0.0025687217712402344,success
04FC90429C4C80,0,['Arena'],Castelvecchio,"['Museo Lapidario', 'Verona Tour', 'Museo Radio', 'San Zeno', 'Sighseeing']",Casa Giulietta,strategy_nearest,False,0.0026192665100097656,success
04FCA64A9C4C80,3,"['Arena', 'Castelvecchio']",Santa Anastasia,"['AMO', 'Museo Conte', 'Palazzo della Ragione', 'Teatro Romano', 'Centro Fotografia']",Duomo,strategy_nearest,False,0.0032923221588134766,success
04FC8E3A9C4C80,0,"['Duomo', 'Casa Giulietta']",Arena,"['Verona Tour', 'Museo Lapidario', 'Museo Radio', 'San Fermo', 'Sighseeing']",Tomba Giulietta,strategy_nearest,False,0.003206968307495117,success
04FCB63A9C4C80,3,"['Arena', 'Casa Giulietta', 'Torre Lamberti']",Santa Anastasia,"['AMO', 'Museo Conte', 'Palazzo della Ragione', 'Teatro Romano', 'Centro Fotografia']",Teatro Romano,strategy_nearest,True,0.001981973648071289,success
04FCB6429C4C80,3,['Santa Anastasia'],Teatro Romano,"['Duomo', 'AMO', 'Palazzo della Ragione', 'Museo Conte', 'Centro Fotografia']",Arena,strategy_nearest,False,0.0025000572204589844,success
04FCB2429C4C80,3,"['Arena', 'San Zeno']",San Fermo,"['Museo Storia', 'Museo Radio', 'Casa Giulietta', 'Centro Fotografia', 'Sighseeing']",Duomo,strategy_nearest,False,0.002630949020385742,success
04FCBD429C4C80,1,"['Arena', 'Palazzo della Ragione']",Torre Lamberti,"['Sighseeing', 'Centro Fotografia', 'Museo Conte', 'Casa Giulietta', 'AMO']",Casa Giulietta,strategy_nearest,True,0.0029401779174804688,success
04FCC1429C4C80,3,"['Arena', 'Casa Giulietta', 'Torre Lamberti']",Santa Anastasia,"['AMO', 'Museo Conte', 'Palazzo della Ragione', 'Teatro Romano', 'Centro Fotografia']",Teatro Romano,strategy_nearest,True,0.002741098403930664,success
04FCBF429C4C80,1,['Arena'],Castelvecchio,"['Museo Lapidario', 'Verona Tour', 'Museo Radio', 'San Zeno', 'Sighseeing']",Torre Lamberti,strategy_nearest,False,0.0020689964294433594,success
04FCE03A9C4C80,1,"['Arena', 'Tomba Giulietta', 'San Fermo', 'Casa Giulietta']",Torre Lamberti,"['Sighseeing', 'Centro Fotografia', 'Museo Conte', 'Palazzo della Ragione', 'AMO']",Palazzo della Ragione,strategy_nearest,True,0.0025758743286132812,success
04FCD73A9C4C80,6,"['Museo Lapidario', 'Castelvecchio', 'Arena', 'Verona Tour']",Casa Giulietta,"['Centro Fotografia', 'Sighseeing', 'Torre Lamberti', 'Museo Conte', 'Museo Radio']",Torre Lamberti,strategy_nearest,True,0.0033309459686279297,success
04FCF13A9C4C80,0,['Teatro Romano'],Duomo,"['AMO', 'Museo Miniscalchi', 'Santa Anastasia', 'Palazzo della Ragione', 'Museo Conte']",Arena,strategy_nearest,False,0.0031938552856445312,success
04FCE13A9C4C80,1,"['Arena', 'Casa Giulietta', 'Torre Lamberti', 'Palazzo della Ragione']",San Zeno,"['Castelvecchio', 'Verona Tour', 'Museo Lapidario', 'Museo Miniscalchi', 'Sighseeing']",Castelvecchio,strategy_nearest,True,0.0027909278869628906,success
04FCE23A9C4C80,1,"['Arena', 'Museo Lapidario', 'Castelvecchio', 'San Zeno']",Torre Lamberti,"['Sighseeing', 'Centro Fotografia', 'Museo Conte', 'Casa Giulietta', 'Palazzo della Ragione']",Palazzo della Ragione,strategy_nearest,True,0.0033249855041503906,success
04FCE43A9C4C80,3,"['Arena', 'San Zeno', 'Santa Anastasia']",Teatro Romano,"['Duomo', 'AMO', 'Palazzo della Ragione', 'Museo Conte', 'Centro Fotografia']",Casa Giulietta,strategy_nearest,False,0.0014679431915283203,success
04FD013A9C4C84,0,"['Casa Giulietta', 'Torre Lamberti']",Castelvecchio,"['Museo Lapidario', 'Verona Tour', 'Arena', 'Museo Radio', 'San Zeno']",Arena,strategy_nearest,True,0.0027818679809570312,success
04FD003A9C4C84,0,"['Arena', 'Casa Giulietta']",Torre Lamberti,"['Sighseeing', 'Centro Fotografia', 'Museo Conte', 'Palazzo della Ragione', 'AMO']",Castelvecchio,strategy_nearest,False,0.00145721435546875,success
04FD243A9C4C80,0,['Arena'],Teatro Romano,"['Santa Anastasia', 'Duomo', 'AMO', 'Palazzo della Ragione', 'Museo Conte']",Casa Giulietta,strategy_nearest,False,0.0021300315856933594,success
04FD34429C4C80,0,"['Arena', 'San Fermo']",Casa Giulietta,"['Centro Fotografia', 'Sighseeing', 'Torre Lamberti', 'Museo Conte', 'Museo Radio']",Duomo,strategy_nearest,False,0.003036975860595703,success
04FD4E429C4C80,3,"['Casa Giulietta', 'Arena']",Torre Lamberti,"['Sighseeing', 'Centro Fotografia', 'Museo Conte', 'Palazzo della Ragione', 'AMO']",Santa Anastasia,strategy_nearest,False,0.0020029544830322266,success
04FD53429C4C80,1,"['Arena', 'Casa Giulietta']",Torre Lamberti,"['Sighseeing', 'Centro Fotografia', 'Museo Conte', 'Palazzo della Ragione', 'AMO']",Palazzo della Ragione,strategy_nearest,True,0.002641916275024414,success
04FD793A9C4C80,0,"['Torre Lamberti', 'Arena']",Tomba Giulietta,"['San Fermo', 'Museo Storia', 'Museo Lapidario', 'Museo Radio', 'Verona Tour']",Casa Giulietta,strategy_nearest,False,0.003197908401489258,success
04FD7B3A9C4C80,2,['Torre Lamberti'],Santa Anastasia,"['AMO', 'Museo Conte', 'Palazzo della Ragione', 'Teatro Romano', 'Centro Fotografia']",Tomba Giulietta,strategy_nearest,False,0.0039691925048828125,success
04FD7A429C4C80,0,['Arena'],Casa Giulietta,"['Centro Fotografia', 'Sighseeing', 'Torre Lamberti', 'Museo Conte', 'Museo Radio']",Castelvecchio,strategy_nearest,False,0.0032918453216552734,success
04FD7D429C4C80,0,['Arena'],Museo Lapidario,"['Verona Tour', 'Castelvecchio', 'Museo Radio', 'San Fermo', 'Casa Giulietta']",Casa Giulietta,strategy_nearest,True,0.003309965133666992,success
04FD7C3A9C4C80,0,['Casa Giulietta'],Torre Lamberti,"['Sighseeing', 'Centro Fotografia', 'Museo Conte', 'Palazzo della Ragione', 'AMO']",Duomo,strategy_nearest,False,0.0020568370819091797,success
04FD7E429C4C80,3,"['Arena', 'Casa Giulietta']",Santa Anastasia,"['AMO', 'Museo Conte', 'Palazzo della Ragione', 'Teatro Romano', 'Centro Fotografia']",Duomo,strategy_nearest,False,0.003445148468017578,success
04FD7F3A9C4C80,0,['Arena'],Casa Giulietta,"['Centro Fotografia', 'Sighseeing', 'Torre Lamberti', 'Museo Conte', 'Museo Radio']",Torre Lamberti,strategy_nearest,True,0.002156972885131836,success
04FD823A9C4C80,0,['Arena'],Torre Lamberti,"['Sighseeing', 'Centro Fotografia', 'Museo Conte', 'Casa Giulietta', 'Palazzo della Ragione']",Casa Giulietta,strategy_nearest,True,0.0013408660888671875,success
04FDAA429C4C80,1,"['Castelvecchio', 'Santa Anastasia']",Torre Lamberti,"['Sighseeing', 'Centro Fotografia', 'Museo Conte', 'Casa Giulietta', 'Palazzo della Ragione']",Palazzo della Ragione,strategy_nearest,True,0.0030891895294189453,success
04FDBF429C4C80,0,['Torre Lamberti'],Duomo,"['AMO', 'Museo Miniscalchi', 'Santa Anastasia', 'Teatro Romano', 'Palazzo della Ragione']",Arena,strategy_nearest,False,0.0013592243194580078,success
04FDBD429C4C80,3,['Arena'],San Fermo,"['Museo Storia', 'Museo Radio', 'Casa Giulietta', 'Centro Fotografia', 'Sighseeing']",Santa Anastasia,strategy_nearest,False,0.0029108524322509766,success
04FDB73A9C4C80,3,"['Arena', 'Duomo']",Teatro Romano,"['Santa Anastasia', 'AMO', 'Palazzo della Ragione', 'Museo Conte', 'Centro Fotografia']",Torre Lamberti,strategy_nearest,False,0.0021407604217529297,success
04FDC33A9C4C80,3,"['Arena', 'Torre Lamberti']",Casa Giulietta,"['Centro Fotografia', 'Sighseeing', 'Museo Conte', 'Museo Radio', 'Palazzo della Ragione']",Santa Anastasia,strategy_nearest,False,0.002852201461791992,success
04FDC8429C4C80,2,['Casa Giulietta'],Castelvecchio,"['Museo Lapidario', 'Verona Tour', 'Arena', 'Museo Radio', 'San Zeno']",Torre Lamberti,strategy_nearest,False,0.0025060176849365234,success
04FDC73A9C4C80,1,"['Arena', 'Palazzo della Ragione', 'Casa Giulietta']",Santa Anastasia,"['AMO', 'Museo Conte', 'Teatro Romano', 'Centro Fotografia', 'Duomo']",Teatro Romano,strategy_nearest,True,0.0027670860290527344,success
04FDD7429C4C80,3,"['Arena', 'Casa Giulietta', 'Torre Lamberti']",Castelvecchio,"['Museo Lapidario', 'Verona Tour', 'Museo Radio', 'San Zeno', 'Sighseeing']",San Zeno,strategy_nearest,True,0.0024690628051757812,success
04FDDC3A9C4C80,3,"['Teatro Romano', 'Arena']",Castelvecchio,"['Museo Lapidario', 'Verona Tour', 'Museo Radio', 'San Zeno', 'Sighseeing']",Torre Lamberti,strategy_nearest,False,0.002483367919921875,success
04FDD2429C4C80,1,"['Arena', 'Museo Lapidario', 'Castelvecchio']",Torre Lamberti,"['Sighseeing', 'Centro Fotografia', 'Museo Conte', 'Casa Giulietta', 'Palazzo della Ragione']",Casa Giulietta,strategy_nearest,True,0.0036439895629882812,success
04FDE0429C4C80,3,"['Arena', 'Teatro Romano']",Torre Lamberti,"['Sighseeing', 'Centro Fotografia', 'Museo Conte', 'Casa Giulietta', 'Palazzo della Ragione']",Duomo,strategy_nearest,False,0.003077983856201172,success
04FDDD3A9C4C80,0,['Arena'],Casa Giulietta,"['Centro Fotografia', 'Sighseeing', 'Torre Lamberti', 'Museo Conte', 'Museo Radio']",Teatro Romano,strategy_nearest,False,0.002553224563598633,success
04FDE43A9C4C80,0,['Teatro Romano'],Duomo,"['AMO', 'Museo Miniscalchi', 'Santa Anastasia', 'Palazzo della Ragione', 'Museo Conte']",Arena,strategy_nearest,False,0.0025589466094970703,success
04FDF83A9C4C80,0,['Arena'],Casa Giulietta,"['Centro Fotografia', 'Sighseeing', 'Torre Lamberti', 'Museo Conte', 'Museo Radio']",Castelvecchio,strategy_nearest,False,0.002065896987915039,success
04FDFB3A9C4C80,3,"['Museo Lapidario', 'Arena', 'Castelvecchio']",Santa Anastasia,"['AMO', 'Museo Conte', 'Palazzo della Ragione', 'Teatro Romano', 'Centro Fotografia']",Teatro Romano,strategy_nearest,True,0.0030570030212402344,success
04FDF1429C4C80,1,"['Arena', 'Torre Lamberti', 'Palazzo della Ragione']",Santa Anastasia,"['AMO', 'Museo Conte', 'Teatro Romano', 'Centro Fotografia', 'Duomo']",San Zeno,strategy_nearest,False,0.0033197402954101562,success
04FE10429C4C84,3,"['Arena', 'Casa Giulietta']",Duomo,"['AMO', 'Museo Miniscalchi', 'Santa Anastasia', 'Teatro Romano', 'Palazzo della Ragione']",San Zeno,strategy_nearest,False,0.0015299320220947266,success
04FE293A9C4C80,0,['Arena'],Casa Giulietta,"['Centro Fotografia', 'Sighseeing', 'Torre Lamberti', 'Museo Conte', 'Museo Radio']",Torre Lamberti,strategy_nearest,True,0.0020711421966552734,success
04FE253A9C4C80,3,"['Tomba Giulietta', 'Casa Giulietta', 'Torre Lamberti']",Duomo,"['AMO', 'Museo Miniscalchi', 'Santa Anastasia', 'Teatro Romano', 'Palazzo della Ragione']",Arena,strategy_nearest,False,0.0027430057525634766,success
04FE2A429C4C80,1,"['Arena', 'Palazzo della Ragione', 'Santa Anastasia']",Teatro Romano,"['Duomo', 'AMO', 'Museo Conte', 'Centro Fotografia', 'Museo Miniscalchi']",Duomo,strategy_nearest,True,0.0032629966735839844,success
04FE3A4A9C4C80,3,"['Arena', 'Tomba Giulietta', 'Santa Anastasia', 'Teatro Romano']",Duomo,"['AMO', 'Museo Miniscalchi', 'Palazzo della Ragione', 'Museo Conte', 'Torre Lamberti']",Casa Giulietta,strategy_nearest,False,0.0021278858184814453,success
04FE53429C4C80,0,['Arena'],Castelvecchio,"['Museo Lapidario', 'Verona Tour', 'Museo Radio', 'San Zeno', 'Sighseeing']",Teatro Romano,strategy_nearest,False,0.002641916275024414,success
04FE4F3A9C4C80,3,"['Torre Lamberti', 'Casa Giulietta', 'Santa Anastasia', 'Duomo']",Teatro Romano,"['AMO', 'Palazzo della Ragione', 'Museo Conte', 'Centro Fotografia', 'Museo Miniscalchi']",San Fermo,strategy_nearest,False,0.0034079551696777344,success
04FE3C3A9C4C80,1,"['Arena', 'Torre Lamberti', 'Palazzo della Ragione']",Casa Giulietta,"['Centro Fotografia', 'Sighseeing', 'Museo Conte', 'Museo Radio', 'San Fermo']",Santa Anastasia,strategy_nearest,False,0.002768278121948242,success
04FE64429C4C80,0,"['Arena', 'Casa Giulietta']",Castelvecchio,"['Museo Lapidario', 'Verona Tour', 'Museo Radio', 'San Zeno', 'Sighseeing']",Tomba Giulietta,strategy_nearest,False,0.002779245376586914,success
04FE68429C4C80,3,"['Arena', 'San Fermo', 'Casa Giulietta']",Torre Lamberti,"['Sighseeing', 'Centro Fotografia', 'Museo Conte', 'Palazzo della Ragione', 'AMO']",Santa Anastasia,strategy_nearest,False,0.002724885940551758,success
04FE773A9C4C80,3,"['Arena', 'Torre Lamberti']",Santa Anastasia,"['AMO', 'Museo Conte', 'Palazzo della Ragione', 'Teatro Romano', 'Centro Fotografia']",Casa Giulietta,strategy_nearest,False,0.003155946731567383,success
04FE73429C4C80,3,"['Arena', 'Santa Anastasia']",Casa Giulietta,"['Centro Fotografia', 'Sighseeing', 'Torre Lamberti', 'Museo Conte', 'Museo Radio']",Duomo,strategy_nearest,False,0.002750873565673828,success
04FE7A3A9C4C80,0,['Arena'],Casa Giulietta,"['Centro Fotografia', 'Sighseeing', 'Torre Lamberti', 'Museo Conte', 'Museo Radio']",San Fermo,strategy_nearest,False,0.002607107162475586,success
04FE793A9C4C80,3,"['Arena', 'Casa Giulietta']",Santa Anastasia,"['AMO', 'Museo Conte', 'Palazzo della Ragione', 'Teatro Romano', 'Centro Fotografia']",Castelvecchio,strategy_nearest,False,0.0026001930236816406,success
04FE7D3A9C4C80,0,"['Casa Giulietta', 'Casa Giulietta']",Torre Lamberti,"['Sighseeing', 'Centro Fotografia', 'Museo Conte', 'Palazzo della Ragione', 'AMO']",Arena,strategy_nearest,False,0.0026209354400634766,success
04FE7D429C4C80,0,"['Arena', 'Casa Giulietta']",Torre Lamberti,"['Sighseeing', 'Centro Fotografia', 'Museo Conte', 'Palazzo della Ragione', 'AMO']",Teatro Romano,strategy_nearest,False,0.003061056137084961,success
04FE86429C4C80,0,['Arena'],Castelvecchio,"['Museo Lapidario', 'Verona Tour', 'Museo Radio', 'San Zeno', 'Sighseeing']",San Zeno,strategy_nearest,True,0.0018649101257324219,success
04FE823A9C4C80,1,"['Arena', 'Casa Giulietta']",Palazzo della Ragione,"['AMO', 'Museo Conte', 'Torre Lamberti', 'Centro Fotografia', 'Sighseeing']",Torre Lamberti,strategy_nearest,True,0.0027120113372802734,success
04FE873A9C4C80,3,"['Arena', 'Casa Giulietta']",Santa Anastasia,"['AMO', 'Museo Conte', 'Palazzo della Ragione', 'Teatro Romano', 'Centro Fotografia']",Duomo,strategy_nearest,False,0.0033452510833740234,success
04FE8E429C4C80,3,"['Santa Anastasia', 'Casa Giulietta']",Arena,"['Verona Tour', 'Museo Lapidario', 'Museo Radio', 'San Fermo', 'Sighseeing']",Duomo,strategy_nearest,False,0.0032258033752441406,success
04FEAD429C4C80,3,"['Casa Giulietta', 'Santa Anastasia']",Duomo,"['AMO', 'Museo Miniscalchi', 'Teatro Romano', 'Palazzo della Ragione', 'Museo Conte']",Arena,strategy_nearest,False,0.003134012222290039,success
04FEB1429C4C80,0,['Arena'],Torre Lamberti,"['Sighseeing', 'Centro Fotografia', 'Museo Conte', 'Casa Giulietta', 'Palazzo della Ragione']",Duomo,strategy_nearest,False,0.0029408931732177734,success
04FEAF3A9C4C80,3,"['Arena', 'Casa Giulietta']",Santa Anastasia,"['AMO', 'Museo Conte', 'Palazzo della Ragione', 'Teatro Romano', 'Centro Fotografia']",Duomo,strategy_nearest,False,0.0032062530517578125,success
04FEB2429C4C80,0,['Arena'],Torre Lamberti,"['Sighseeing', 'Centro Fotografia', 'Museo Conte', 'Casa Giulietta', 'Palazzo della Ragione']",Casa Giulietta,strategy_nearest,True,0.0026140213012695312,success
04FEBB3A9C4C80,3,"['Torre Lamberti', 'Santa Anastasia']",Duomo,"['AMO', 'Museo Miniscalchi', 'Teatro Romano', 'Palazzo della Ragione', 'Museo Conte']",Casa Giulietta,strategy_nearest,False,0.002707958221435547,success
04FEB93A9C4C80,3,"['Arena', 'Casa Giulietta']",Torre Lamberti,"['Sighseeing', 'Centro Fotografia', 'Museo Conte', 'Palazzo della Ragione', 'AMO']",Santa Anastasia,strategy_nearest,False,0.0034232139587402344,success
04FEBE429C4C80,0,['Arena'],Casa Giulietta,"['Centro Fotografia', 'Sighseeing', 'Torre Lamberti', 'Museo Conte', 'Museo Radio']",Torre Lamberti,strategy_nearest,True,0.0032892227172851562,success
04FEC23A9C4C80,0,['Arena'],Casa Giulietta,"['Centro Fotografia', 'Sighseeing', 'Torre Lamberti', 'Museo Conte', 'Museo Radio']",Castelvecchio,strategy_nearest,False,0.003772735595703125,success
04FEC33A9C4C80,1,"['Casa Giulietta', 'Duomo']",Arena,"['Verona Tour', 'Museo Lapidario', 'Museo Radio', 'San Fermo', 'Sighseeing']",Santa Anastasia,strategy_nearest,False,0.0019140243530273438,success
04FECA3A9C4C80,3,"['Arena', 'Casa Giulietta']",Torre Lamberti,"['Sighseeing', 'Centro Fotografia', 'Museo Conte', 'Palazzo della Ragione', 'AMO']",Santa Anastasia,strategy_nearest,False,0.003287792205810547,success
04FEC53A9C4C80,0,['Arena'],Casa Giulietta,"['Centro Fotografia', 'Sighseeing', 'Torre Lamberti', 'Museo Conte', 'Museo Radio']",Duomo,strategy_nearest,False,0.002582073211669922,success
04FECA429C4C80,6,"['Casa Giulietta', 'Torre Lamberti']",Arena,"['Verona Tour', 'Museo Lapidario', 'Museo Radio', 'San Fermo', 'Sighseeing']",Verona Tour,strategy_nearest,True,0.003384113311767578,success
04FECE3A9C4C80,3,"['Castelvecchio', 'Arena', 'Casa Giulietta']",Santa Anastasia,"['AMO', 'Museo Conte', 'Palazzo della Ragione', 'Teatro Romano', 'Centro Fotografia']",Duomo,strategy_nearest,False,0.0023660659790039062,success
04FECF429C4C80,0,"['Arena', 'Casa Giulietta']",Torre Lamberti,"['Sighseeing', 'Centro Fotografia', 'Museo Conte', 'Palazzo della Ragione', 'AMO']",Castelvecchio,strategy_nearest,False,0.00269317626953125,success
04FED1429C4C80,1,"['Arena', 'Museo Lapidario', 'Castelvecchio']",Torre Lamberti,"['Sighseeing', 'Centro Fotografia', 'Museo Conte', 'Casa Giulietta', 'Palazzo della Ragione']",Casa Giulietta,strategy_nearest,True,0.0029668807983398438,success
04FED13A9C4C80,3,"['Tomba Giulietta', 'San Fermo', 'Arena', 'Casa Giulietta']",Torre Lamberti,"['Sighseeing', 'Centro Fotografia', 'Museo Conte', 'Palazzo della Ragione', 'AMO']",Santa Anastasia,strategy_nearest,False,0.0033462047576904297,success
04FED63A9C4C80,1,"['Arena', 'Teatro Romano', 'Giardino Giusti']",Torre Lamberti,"['Sighseeing', 'Centro Fotografia', 'Museo Conte', 'Casa Giulietta', 'Palazzo della Ragione']",Casa Giulietta,strategy_nearest,True,0.003253936767578125,success
04FED83A9C4C80,3,"['Arena', 'San Fermo', 'Santa Anastasia']",Casa Giulietta,"['Centro Fotografia', 'Sighseeing', 'Torre Lamberti', 'Museo Conte', 'Museo Radio']",Torre Lamberti,strategy_nearest,True,0.0028848648071289062,success
04FED9429C4C80,3,"['Arena', 'Casa Giulietta', 'San Zeno']",Duomo,"['AMO', 'Museo Miniscalchi', 'Santa Anastasia', 'Teatro Romano', 'Palazzo della Ragione']",Santa Anastasia,strategy_nearest,True,0.0020389556884765625,success
04FEE8429C4C80,0,['Teatro Romano'],Arena,"['Verona Tour', 'Museo Lapidario', 'Museo Radio', 'San Fermo', 'Casa Giulietta']",Duomo,strategy_nearest,False,0.0034308433532714844,success
04FEED3A9C4C80,3,"['Castelvecchio', 'Arena']",Casa Giulietta,"['Centro Fotografia', 'Sighseeing', 'Torre Lamberti', 'Museo Conte', 'Museo Radio']",Santa Anastasia,strategy_nearest,False,0.0027141571044921875,success
04FF0B429C4C84,3,"['Arena', 'Casa Giulietta', 'Tomba Giulietta']",Torre Lamberti,"['Sighseeing', 'Centro Fotografia', 'Museo Conte', 'Palazzo della Ragione', 'AMO']",San Fermo,strategy_nearest,False,0.001886129379272461,success
04FEF43A9C4C80,0,['Arena'],Torre Lamberti,"['Sighseeing', 'Centro Fotografia', 'Museo Conte', 'Casa Giulietta', 'Palazzo della Ragione']",Teatro Romano,strategy_nearest,False,0.0031931400299072266,success
04FEF13A9C4C80,1,"['Arena', 'Casa Giulietta', 'Palazzo della Ragione']",Torre Lamberti,"['Sighseeing', 'Centro Fotografia', 'Museo Conte', 'AMO', 'Museo Miniscalchi']",Duomo,strategy_nearest,False,0.00257110595703125,success
04FF0E3A9C4C84,3,['Arena'],Santa Anastasia,"['AMO', 'Museo Conte', 'Palazzo della Ragione', 'Teatro Romano', 'Centro Fotografia']",Duomo,strategy_nearest,False,0.0036468505859375,success
04FF293A9C4C80,3,"['Arena', 'Casa Giulietta']",Santa Anastasia,"['AMO', 'Museo Conte', 'Palazzo della Ragione', 'Teatro Romano', 'Centro Fotografia']",Duomo,strategy_nearest,False,0.0016529560089111328,success
04FF503A9C4C80,1,"['Arena', 'Tomba Giulietta', 'Casa Giulietta']",Museo Lapidario,"['Verona Tour', 'Castelvecchio', 'Museo Radio', 'San Fermo', 'Sighseeing']",Castelvecchio,strategy_nearest,True,0.0028450489044189453,success
04FF33429C4C80,0,"['Casa Giulietta', 'Arena']",Torre Lamberti,"['Sighseeing', 'Centro Fotografia', 'Museo Conte', 'Palazzo della Ragione', 'AMO']",Teatro Romano,strategy_nearest,False,0.003547191619873047,success
04FF573A9C4C80,1,"['Arena', 'Museo Lapidario', 'Castelvecchio', 'Tomba Giulietta', 'San Fermo']",Casa Giulietta,"['Centro Fotografia', 'Sighseeing', 'Torre Lamberti', 'Museo Conte', 'Museo Radio']",Torre Lamberti,strategy_nearest,True,0.0020627975463867188,success
04FF70429C4C80,3,['Arena'],Torre Lamberti,"['Sighseeing', 'Centro Fotografia', 'Museo Conte', 'Casa Giulietta', 'Palazzo della Ragione']",Casa Giulietta,strategy_nearest,True,0.0027489662170410156,success
04FF68429C4C80,3,"['Castelvecchio', 'Santa Anastasia']",Duomo,"['AMO', 'Museo Miniscalchi', 'Teatro Romano', 'Palazzo della Ragione', 'Museo Conte']",Teatro Romano,strategy_nearest,True,0.002679109573364258,success
04FF7C4A9C4C80,3,"['Arena', 'Casa Giulietta']",Torre Lamberti,"['Sighseeing', 'Centro Fotografia', 'Museo Conte', 'Palazzo della Ragione', 'AMO']",Santa Anastasia,strategy_nearest,False,0.002496957778930664,success
04FF75429C4C80,3,"['Santa Anastasia', 'Duomo', 'Torre Lamberti']",Casa Giulietta,"['Centro Fotografia', 'Sighseeing', 'Museo Conte', 'Museo Radio', 'Palazzo della Ragione']",San Fermo,strategy_nearest,False,0.0031042098999023438,success
04FF7E3A9C4C80,3,"['Casa Giulietta', 'San Fermo']",Tomba Giulietta,"['Museo Storia', 'Arena', 'Museo Lapidario', 'Museo Radio', 'Verona Tour']",Arena,strategy_nearest,True,0.0026092529296875,success
04FF823A9C4C80,1,"['Torre Lamberti', 'Palazzo della Ragione']",Arena,"['Verona Tour', 'Museo Lapidario', 'Museo Radio', 'San Fermo', 'Casa Giulietta']",Casa Giulietta,strategy_nearest,True,0.0030319690704345703,success
04FF8D3A9C4C80,2,"['Casa Giulietta', 'Duomo']",Santa Anastasia,"['AMO', 'Museo Conte', 'Palazzo della Ragione', 'Teatro Romano', 'Centro Fotografia']",Torre Lamberti,strategy_nearest,False,0.0025730133056640625,success
04FF8B3A9C4C80,0,['Casa Giulietta'],Torre Lamberti,"['Sighseeing', 'Centro Fotografia', 'Museo Conte', 'Palazzo della Ragione', 'AMO']",Arena,strategy_nearest,False,0.00335693359375,success
04FF924A9C4C80,0,['Arena'],Castelvecchio,"['Museo Lapidario', 'Verona Tour', 'Museo Radio', 'San Zeno', 'Sighseeing']",Casa Giulietta,strategy_nearest,False,0.002668619155883789,success
04FFAB429C4C80,3,"['Arena', 'Casa Giulietta']",Torre Lamberti,"['Sighseeing', 'Centro Fotografia', 'Museo Conte', 'Palazzo della Ragione', 'AMO']",Santa Anastasia,strategy_nearest,False,0.0033080577850341797,success
04FFAE3A9C4C80,1,"['Arena', 'Casa Giulietta']",Palazzo della Ragione,"['AMO', 'Museo Conte', 'Torre Lamberti', 'Centro Fotografia', 'Sighseeing']",Duomo,strategy_nearest,False,0.002386808395385742,success
04FFBA429C4C80,3,"['Torre Lamberti', 'Santa Anastasia']",Teatro Romano,"['Duomo', 'AMO', 'Palazzo della Ragione', 'Museo Conte', 'Centro Fotografia']",Arena,strategy_nearest,False,0.0021088123321533203,success
04FFAF3A9C4C80,3,"['Arena', 'Museo Storia', 'Teatro Romano']",Museo Lapidario,"['Verona Tour', 'Castelvecchio', 'Museo Radio', 'San Fermo', 'Casa Giulietta']",Santa Anastasia,strategy_nearest,False,0.0034449100494384766,success
04FFBE429C4C80,0,['Arena'],Castelvecchio,"['Museo Lapidario', 'Verona Tour', 'Museo Radio', 'San Zeno', 'Sighseeing']",San Zeno,strategy_nearest,True,0.0033910274505615234,success
04FFC4429C4C80,0,['Casa Giulietta'],Tomba Giulietta,"['San Fermo', 'Museo Storia', 'Arena', 'Museo Lapidario', 'Museo Radio']",Arena,strategy_nearest,True,0.003114938735961914,success
04FFBF429C4C80,0,['Castelvecchio'],Arena,"['Verona Tour', 'Museo Lapidario', 'Museo Radio', 'San Fermo', 'Casa Giulietta']",Torre Lamberti,strategy_nearest,False,0.003076791763305664,success
04FFD73A9C4C80,1,"['Arena', 'Casa Giulietta', 'Torre Lamberti']",Palazzo della Ragione,"['AMO', 'Museo Conte', 'Centro Fotografia', 'Sighseeing', 'Santa Anastasia']",Santa Anastasia,strategy_nearest,True,0.0024509429931640625,success
04FFEB3A9C4C80,2,"['Casa Giulietta', 'Santa Anastasia']",Teatro Romano,"['Duomo', 'AMO', 'Palazzo della Ragione', 'Museo Conte', 'Centro Fotografia']",Museo Storia,strategy_nearest,False,0.0018908977508544922,success
04FFF33A9C4C80,0,['Casa Giulietta'],Torre Lamberti,"['Sighseeing', 'Centro Fotografia', 'Museo Conte', 'Palazzo della Ragione', 'AMO']",Tomba Giulietta,strategy_nearest,False,0.0024819374084472656,success
04FFE33A9C4C80,3,"['Arena', 'Museo Lapidario', 'Castelvecchio']",Torre Lamberti,"['Sighseeing', 'Centro Fotografia', 'Museo Conte', 'Casa Giulietta', 'Palazzo della Ragione']",Casa Giulietta,strategy_nearest,True,0.003409147262573242,success
04FFF13A9C4C80,1,"['Arena', 'Casa Giulietta']",Torre Lamberti,"['Sighseeing', 'Centro Fotografia', 'Museo Conte', 'Palazzo della Ragione', 'AMO']",Palazzo della Ragione,strategy_nearest,True,0.0034449100494384766,success
04000A3A9C4C85,1,"['Arena', 'Casa Giulietta', 'Palazzo della Ragione']",Torre Lamberti,"['Sighseeing', 'Centro Fotografia', 'Museo Conte', 'AMO', 'Museo Miniscalchi']",Santa Anastasia,strategy_nearest,False,0.0032858848571777344,success
0400053A9C4C85,3,"['Arena', 'Castelvecchio']",Torre Lamberti,"['Sighseeing', 'Centro Fotografia', 'Museo Conte', 'Casa Giulietta', 'Palazzo della Ragione']",Casa Giulietta,strategy_nearest,True,0.002710103988647461,success
0400023A9C4C85,0,['Arena'],Casa Giulietta,"['Centro Fotografia', 'Sighseeing', 'Torre Lamberti', 'Museo Conte', 'Museo Radio']",Duomo,strategy_nearest,False,0.0024678707122802734,success
040030429C4C81,0,['Arena'],Casa Giulietta,"['Centro Fotografia', 'Sighseeing', 'Torre Lamberti', 'Museo Conte', 'Museo Radio']",Castelvecchio,strategy_nearest,False,0.0031800270080566406,success
040031429C4C81,0,['Arena'],Torre Lamberti,"['Sighseeing', 'Centro Fotografia', 'Museo Conte', 'Casa Giulietta', 'Palazzo della Ragione']",Castelvecchio,strategy_nearest,False,0.0017409324645996094,success
0400373A9C4C81,0,"['Arena', 'Museo Lapidario']",Castelvecchio,"['Verona Tour', 'Museo Radio', 'San Zeno', 'Sighseeing', 'Museo Miniscalchi']",Torre Lamberti,strategy_nearest,False,0.0023508071899414062,success
0400393A9C4C81,1,"['Castelvecchio', 'Arena']",Palazzo della Ragione,"['AMO', 'Museo Conte', 'Torre Lamberti', 'Centro Fotografia', 'Sighseeing']",Torre Lamberti,strategy_nearest,True,0.0029349327087402344,success
040062429C4C81,3,"['Arena', 'San Fermo', 'Casa Giulietta']",Torre Lamberti,"['Sighseeing', 'Centro Fotografia', 'Museo Conte', 'Palazzo della Ragione', 'AMO']",Santa Anastasia,strategy_nearest,False,0.0027277469635009766,success
0400773A9C4C81,3,"['Santa Anastasia', 'Duomo']",Arena,"['Verona Tour', 'Museo Lapidario', 'Museo Radio', 'San Fermo', 'Casa Giulietta']",Castelvecchio,strategy_nearest,False,0.0033249855041503906,success
04003A429C4C81,1,"['Castelvecchio', 'Arena', 'Casa Giulietta']",Palazzo della Ragione,"['AMO', 'Museo Conte', 'Torre Lamberti', 'Centro Fotografia', 'Sighseeing']",Torre Lamberti,strategy_nearest,True,0.0035321712493896484,success
04007C3A9C4C81,3,"['Torre Lamberti', 'Santa Anastasia']",Duomo,"['AMO', 'Museo Miniscalchi', 'Teatro Romano', 'Palazzo della Ragione', 'Museo Conte']",Casa Giulietta,strategy_nearest,False,0.0035810470581054688,success
0400813A9C4C81,0,"['Casa Giulietta', 'Arena']",Castelvecchio,"['Museo Lapidario', 'Verona Tour', 'Museo Radio', 'San Zeno', 'Sighseeing']",Teatro Romano,strategy_nearest,False,0.0021479129791259766,success
0400803A9C4C81,3,"['Arena', 'Santa Anastasia']",Castelvecchio,"['Museo Lapidario', 'Verona Tour', 'Museo Radio', 'San Zeno', 'Sighseeing']",San Zeno,strategy_nearest,True,0.0015540122985839844,success
0400824A9C4C81,3,"['Arena', 'Casa Giulietta']",Torre Lamberti,"['Sighseeing', 'Centro Fotografia', 'Museo Conte', 'Palazzo della Ragione', 'AMO']",Santa Anastasia,strategy_nearest,False,0.002897024154663086,success
0400844A9C4C81,1,"['Arena', 'Casa Giulietta', 'Torre Lamberti']",Palazzo della Ragione,"['AMO', 'Museo Conte', 'Centro Fotografia', 'Sighseeing', 'Santa Anastasia']",Castelvecchio,strategy_nearest,False,0.003326892852783203,success
0400883A9C4C81,3,"['Casa Giulietta', 'Torre Lamberti']",Castelvecchio,"['Museo Lapidario', 'Verona Tour', 'Arena', 'Museo Radio', 'San Zeno']",Arena,strategy_nearest,True,0.0020973682403564453,success
0400853A9C4C81,1,"['Arena', 'Casa Giulietta', 'Torre Lamberti']",Palazzo della Ragione,"['AMO', 'Museo Conte', 'Centro Fotografia', 'Sighseeing', 'Santa Anastasia']",Santa Anastasia,strategy_nearest,True,0.0035309791564941406,success
04008C429C4C81,0,"['Arena', 'Torre Lamberti']",Castelvecchio,"['Museo Lapidario', 'Verona Tour', 'Museo Radio', 'San Zeno', 'Sighseeing']",Castelvecchio,strategy_nearest,False,0.002783060073852539,success
0400A83A9C4C81,3,"['Arena', 'Casa Giulietta', 'Santa Anastasia']",Duomo,"['AMO', 'Museo Miniscalchi', 'Teatro Romano', 'Palazzo della Ragione', 'Museo Conte']",Museo Lapidario,strategy_nearest,False,0.0025467872619628906,success
04008F4A9C4C81,0,['Arena'],Casa Giulietta,"['Centro Fotografia', 'Sighseeing', 'Torre Lamberti', 'Museo Conte', 'Museo Radio']",Duomo,strategy_nearest,False,0.003609180450439453,success
040091429C4C81,0,['San Fermo'],Arena,"['Verona Tour', 'Museo Lapidario', 'Museo Radio', 'Casa Giulietta', 'Sighseeing']",Teatro Romano,strategy_nearest,False,0.003983974456787109,success
0400A63A9C4C81,1,"['Torre Lamberti', 'Palazzo della Ragione']",Casa Giulietta,"['Centro Fotografia', 'Sighseeing', 'Museo Conte', 'Museo Radio', 'San Fermo']",Arena,strategy_nearest,False,0.0021250247955322266,success
0400BF429C4C81,0,"['Casa Giulietta', 'Arena']",Museo Lapidario,"['Verona Tour', 'Castelvecchio', 'Museo Radio', 'San Fermo', 'Tomba Giulietta']",Castelvecchio,strategy_nearest,True,0.002193927764892578,success
0400F43A9C4C81,2,['Torre Lamberti'],Santa Anastasia,"['AMO', 'Museo Conte', 'Palazzo della Ragione', 'Teatro Romano', 'Centro Fotografia']",Casa Giulietta,strategy_nearest,False,0.0012826919555664062,success
040132429C4C81,1,"['Arena', 'Casa Giulietta']",Torre Lamberti,"['Sighseeing', 'Centro Fotografia', 'Museo Conte', 'Palazzo della Ragione', 'AMO']",Palazzo della Ragione,strategy_nearest,True,0.0029189586639404297,success
040167429C4C81,3,"['Arena', 'Casa Giulietta']",Santa Anastasia,"['AMO', 'Museo Conte', 'Palazzo della Ragione', 'Teatro Romano', 'Centro Fotografia']",Giardino Giusti,strategy_nearest,False,0.0032889842987060547,success
04017A429C4C81,1,"['Arena', 'Casa Giulietta', 'San Fermo']",Torre Lamberti,"['Sighseeing', 'Centro Fotografia', 'Museo Conte', 'Palazzo della Ragione', 'AMO']",Palazzo della Ragione,strategy_nearest,True,0.0027358531951904297,success
040169429C4C81,1,"['Arena', 'Casa Giulietta']",Torre Lamberti,"['Sighseeing', 'Centro Fotografia', 'Museo Conte', 'Palazzo della Ragione', 'AMO']",Palazzo della Ragione,strategy_nearest,True,0.003391265869140625,success
04017A4A9C4C81,1,"['Torre Lamberti', 'Palazzo della Ragione']",Casa Giulietta,"['Centro Fotografia', 'Sighseeing', 'Museo Conte', 'Museo Radio', 'San Fermo']",Arena,strategy_nearest,False,0.0034170150756835938,success
04017B4A9C4C81,3,"['Arena', 'Casa Giulietta']",Santa Anastasia,"['AMO', 'Museo Conte', 'Palazzo della Ragione', 'Teatro Romano', 'Centro Fotografia']",Duomo,strategy_nearest,False,0.0027048587799072266,success
0401803A9C4C81,0,['Torre Lamberti'],Arena,"['Verona Tour', 'Museo Lapidario', 'Museo Radio', 'San Fermo', 'Casa Giulietta']",Casa Giulietta,strategy_nearest,True,0.0024497509002685547,success
04018C429C4C81,3,"['Arena', 'Casa Giulietta']",Santa Anastasia,"['AMO', 'Museo Conte', 'Palazzo della Ragione', 'Teatro Romano', 'Centro Fotografia']",Duomo,strategy_nearest,False,0.002384185791015625,success
04018E4A9C4C81,3,"['Museo Lapidario', 'Tomba Giulietta', 'Museo Storia', 'Teatro Romano']",Santa Anastasia,"['AMO', 'Museo Conte', 'Palazzo della Ragione', 'Centro Fotografia', 'Duomo']",Torre Lamberti,strategy_nearest,False,0.0026679039001464844,success
0401A572743381,1,"['Arena', 'Casa Giulietta', 'Torre Lamberti', 'San Zeno']",Teatro Romano,"['Santa Anastasia', 'Duomo', 'AMO', 'Palazzo della Ragione', 'Museo Conte']",Museo Conte,strategy_nearest,True,0.0027229785919189453,success
0401934A9C4C81,0,['Arena'],Casa Giulietta,"['Centro Fotografia', 'Sighseeing', 'Torre Lamberti', 'Museo Conte', 'Museo Radio']",Torre Lamberti,strategy_nearest,True,0.002273082733154297,success
0401A672743381,3,"['Arena', 'San Zeno', 'Duomo']",Castelvecchio,"['Museo Lapidario', 'Verona Tour', 'Museo Radio', 'Sighseeing', 'Museo Miniscalchi']",Museo Lapidario,strategy_nearest,True,0.003179788589477539,success
0401AE429C4C81,1,"['Museo Lapidario', 'Castelvecchio', 'Arena']",Casa Giulietta,"['Centro Fotografia', 'Sighseeing', 'Torre Lamberti', 'Museo Conte', 'Museo Radio']",Torre Lamberti,strategy_nearest,True,0.0020520687103271484,success
0401B3429C4C81,3,"['Torre Lamberti', 'Casa Giulietta']",Arena,"['Verona Tour', 'Museo Lapidario', 'Museo Radio', 'San Fermo', 'Sighseeing']",Tomba Giulietta,strategy_nearest,False,0.002624988555908203,success
0401AF3A9C4C81,3,"['Duomo', 'Torre Lamberti', 'Tomba Giulietta']",Arena,"['Verona Tour', 'Museo Lapidario', 'Museo Radio', 'San Fermo', 'Casa Giulietta']",Casa Giulietta,strategy_nearest,True,0.002974987030029297,success
0401B0429C4C81,1,"['Arena', 'Casa Giulietta', 'Torre Lamberti']",Palazzo della Ragione,"['AMO', 'Museo Conte', 'Centro Fotografia', 'Sighseeing', 'Santa Anastasia']",Teatro Romano,strategy_nearest,False,0.0028219223022460938,success
0401C4429C4C81,0,"['San Fermo', 'Casa Giulietta']",Arena,"['Verona Tour', 'Museo Lapidario', 'Museo Radio', 'Sighseeing', 'Castelvecchio']",Torre Lamberti,strategy_nearest,False,0.002177000045776367,success
0401C1429C4C81,1,"['Torre Lamberti', 'Palazzo della Ragione']",Santa Anastasia,"['AMO', 'Museo Conte', 'Teatro Romano', 'Centro Fotografia', 'Duomo']",Duomo,strategy_nearest,True,0.002805948257446289,success
0401EA3A9C4C81,1,['Arena'],Torre Lamberti,"['Sighseeing', 'Centro Fotografia', 'Museo Conte', 'Casa Giulietta', 'Palazzo della Ragione']",Palazzo della Ragione,strategy_nearest,True,0.0032989978790283203,success
0401C3429C4C81,0,"['Arena', 'Museo Lapidario', 'Castelvecchio']",Torre Lamberti,"['Sighseeing', 'Centro Fotografia', 'Museo Conte', 'Casa Giulietta', 'Palazzo della Ragione']",Teatro Romano,strategy_nearest,False,0.0030651092529296875,success
040236429C4C81,1,"['Arena', 'Casa Giulietta']",Torre Lamberti,"['Sighseeing', 'Centro Fotografia', 'Museo Conte', 'Palazzo della Ragione', 'AMO']",Palazzo della Ragione,strategy_nearest,True,0.0025930404663085938,success
0402023A9C4C85,1,['Arena'],Palazzo della Ragione,"['AMO', 'Museo Conte', 'Torre Lamberti', 'Centro Fotografia', 'Sighseeing']",Torre Lamberti,strategy_nearest,True,0.0020847320556640625,success
040231429C4C81,0,['Arena'],Casa Giulietta,"['Centro Fotografia', 'Sighseeing', 'Torre Lamberti', 'Museo Conte', 'Museo Radio']",Tomba Giulietta,strategy_nearest,False,0.0020627975463867188,success
0402403A9C4C81,1,"['Arena', 'Casa Giulietta']",Torre Lamberti,"['Sighseeing', 'Centro Fotografia', 'Museo Conte', 'Palazzo della Ragione', 'AMO']",Palazzo della Ragione,strategy_nearest,True,0.0030188560485839844,success
040265429C4C81,3,"['Arena', 'Tomba Giulietta']",San Fermo,"['Museo Storia', 'Museo Radio', 'Casa Giulietta', 'Centro Fotografia', 'Sighseeing']",Santa Anastasia,strategy_nearest,False,0.002850055694580078,success
040242429C4C81,1,"['Torre Lamberti', 'Palazzo della Ragione', 'Santa Anastasia']",Duomo,"['AMO', 'Museo Miniscalchi', 'Teatro Romano', 'Museo Conte', 'Centro Fotografia']",Casa Giulietta,strategy_nearest,False,0.00203704833984375,success
04027B429C4C81,3,"['Arena', 'Casa Giulietta']",Torre Lamberti,"['Sighseeing', 'Centro Fotografia', 'Museo Conte', 'Palazzo della Ragione', 'AMO']",Teatro Romano,strategy_nearest,False,0.0023627281188964844,success
04027A4A9C4C81,1,"['Torre Lamberti', 'Palazzo della Ragione']",Casa Giulietta,"['Centro Fotografia', 'Sighseeing', 'Museo Conte', 'Museo Radio', 'San Fermo']",Arena,strategy_nearest,False,0.0032088756561279297,success
04027E3A9C4C81,3,"['Arena', 'Castelvecchio']",San Zeno,"['Verona Tour', 'Museo Lapidario', 'Museo Miniscalchi', 'Sighseeing', 'Museo Radio']",Santa Anastasia,strategy_nearest,False,0.0026938915252685547,success
04027D429C4C81,0,['Arena'],Casa Giulietta,"['Centro Fotografia', 'Sighseeing', 'Torre Lamberti', 'Museo Conte', 'Museo Radio']",Castelvecchio,strategy_nearest,False,0.002228975296020508,success
04027C4A9C4C81,0,['Arena'],Casa Giulietta,"['Centro Fotografia', 'Sighseeing', 'Torre Lamberti', 'Museo Conte', 'Museo Radio']",Torre Lamberti,strategy_nearest,True,0.0028159618377685547,success
04027E4A9C4C81,0,"['Arena', 'Museo Storia']",Duomo,"['AMO', 'Museo Miniscalchi', 'Santa Anastasia', 'Teatro Romano', 'Palazzo della Ragione']",Torre Lamberti,strategy_nearest,False,0.0033540725708007812,success
0402893A9C4C81,1,"['Museo Lapidario', 'Arena', 'Casa Giulietta', 'San Fermo']",Torre Lamberti,"['Sighseeing', 'Centro Fotografia', 'Museo Conte', 'Palazzo della Ragione', 'AMO']",Palazzo della Ragione,strategy_nearest,True,0.0019428730010986328,success
04028F429C4C81,1,"['Arena', 'Castelvecchio', 'San Zeno']",Santa Anastasia,"['AMO', 'Museo Conte', 'Palazzo della Ragione', 'Teatro Romano', 'Centro Fotografia']",Duomo,strategy_nearest,False,0.002577066421508789,success
0402A472743381,3,['Arena'],San Zeno,"['Castelvecchio', 'Verona Tour', 'Museo Lapidario', 'Museo Miniscalchi', 'Sighseeing']",Santa Anastasia,strategy_nearest,False,0.0027680397033691406,success
0402A63A9C4C81,3,"['Arena', 'Casa Giulietta']",Torre Lamberti,"['Sighseeing', 'Centro Fotografia', 'Museo Conte', 'Palazzo della Ragione', 'AMO']",Santa Anastasia,strategy_nearest,False,0.003304004669189453,success
0402A9429C4C81,0,"['Torre Lamberti', 'San Fermo']",Museo Storia,"['Museo Radio', 'Casa Giulietta', 'Centro Fotografia', 'Tomba Giulietta', 'Arena']",Arena,strategy_nearest,True,0.0034530162811279297,success
0402B4429C4C81,3,"['Arena', 'Casa Giulietta', 'Torre Lamberti', 'Santa Anastasia']",Duomo,"['AMO', 'Museo Miniscalchi', 'Teatro Romano', 'Palazzo della Ragione', 'Museo Conte']",Teatro Romano,strategy_nearest,True,0.0031070709228515625,success
0402AA429C4C81,1,"['Arena', 'Casa Giulietta', 'Torre Lamberti']",Palazzo della Ragione,"['AMO', 'Museo Conte', 'Centro Fotografia', 'Sighseeing', 'Santa Anastasia']",Santa Anastasia,strategy_nearest,True,0.0031960010528564453,success
0402A8429C4C81,2,['Casa Giulietta'],Teatro Romano,"['Santa Anastasia', 'Duomo', 'AMO', 'Palazzo della Ragione', 'Museo Conte']",Castelvecchio,strategy_nearest,False,0.0035409927368164062,success
0402B63A9C4C81,2,"['Teatro Romano', 'Santa Anastasia', 'Palazzo della Ragione', 'Torre Lamberti']",Casa Giulietta,"['Centro Fotografia', 'Sighseeing', 'Museo Conte', 'Museo Radio', 'San Fermo']",Tomba Giulietta,strategy_nearest,False,0.0023317337036132812,success
0402C0429C4C81,0,"['San Fermo', 'Casa Giulietta']",Arena,"['Verona Tour', 'Museo Lapidario', 'Museo Radio', 'Sighseeing', 'Castelvecchio']",Torre Lamberti,strategy_nearest,False,0.0021669864654541016,success
0402C1429C4C81,1,"['Castelvecchio', 'Arena', 'Tomba Giulietta', 'San Fermo']",Casa Giulietta,"['Centro Fotografia', 'Sighseeing', 'Torre Lamberti', 'Museo Conte', 'Museo Radio']",Palazzo della Ragione,strategy_nearest,False,0.0027942657470703125,success
0402CB3A9C4C81,1,['Arena'],Palazzo della Ragione,"['AMO', 'Museo Conte', 'Torre Lamberti', 'Centro Fotografia', 'Sighseeing']",Torre Lamberti,strategy_nearest,True,0.0027441978454589844,success
0402C3429C4C81,0,"['Castelvecchio', 'Arena']",Casa Giulietta,"['Centro Fotografia', 'Sighseeing', 'Torre Lamberti', 'Museo Conte', 'Museo Radio']",Tomba Giulietta,strategy_nearest,False,0.0035600662231445312,success
0402EB429C4C81,0,['Arena'],Casa Giulietta,"['Centro Fotografia', 'Sighseeing', 'Torre Lamberti', 'Museo Conte', 'Museo Radio']",Castelvecchio,strategy_nearest,False,0.0031011104583740234,success
0402DA3A9C4C81,0,['Casa Giulietta'],Teatro Romano,"['Santa Anastasia', 'Duomo', 'AMO', 'Palazzo della Ragione', 'Museo Conte']",Arena,strategy_nearest,False,0.0031027793884277344,success
0402F63A9C4C81,0,['Arena'],Casa Giulietta,"['Centro Fotografia', 'Sighseeing', 'Torre Lamberti', 'Museo Conte', 'Museo Radio']",Torre Lamberti,strategy_nearest,True,0.002785205841064453,success
0402F93A9C4C81,0,['Arena'],Torre Lamberti,"['Sighseeing', 'Centro Fotografia', 'Museo Conte', 'Casa Giulietta', 'Palazzo della Ragione']",Casa Giulietta,strategy_nearest,True,0.003343820571899414,success
0403063A9C4C85,1,['Arena'],Torre Lamberti,"['Sighseeing', 'Centro Fotografia', 'Museo Conte', 'Casa Giulietta', 'Palazzo della Ragione']",Palazzo della Ragione,strategy_nearest,True,0.002557992935180664,success
040331429C4C81,1,"['Casa Giulietta', 'Palazzo della Ragione']",Torre Lamberti,"['Sighseeing', 'Centro Fotografia', 'Museo Conte', 'AMO', 'Museo Miniscalchi']",Arena,strategy_nearest,False,0.0031888484954833984,success
04033C429C4C81,3,"['Castelvecchio', 'Arena']",Santa Anastasia,"['AMO', 'Museo Conte', 'Palazzo della Ragione', 'Teatro Romano', 'Centro Fotografia']",Duomo,strategy_nearest,False,0.0030701160430908203,success
0403393A9C4C81,1,"['Arena', 'Torre Lamberti']",Palazzo della Ragione,"['AMO', 'Museo Conte', 'Centro Fotografia', 'Sighseeing', 'Santa Anastasia']",Casa Giulietta,strategy_nearest,False,0.002505064010620117,success
04037A4A9C4C81,3,['Casa Giulietta'],Santa Anastasia,"['AMO', 'Museo Conte', 'Palazzo della Ragione', 'Teatro Romano', 'Centro Fotografia']",Duomo,strategy_nearest,False,0.0030782222747802734,success
04033F3A9C4C81,1,"['Arena', 'Casa Giulietta', 'Palazzo della Ragione']",Torre Lamberti,"['Sighseeing', 'Centro Fotografia', 'Museo Conte', 'AMO', 'Museo Miniscalchi']",Santa Anastasia,strategy_nearest,False,0.0035419464111328125,success
0403713A9C4C81,0,['Casa Giulietta'],Castelvecchio,"['Museo Lapidario', 'Verona Tour', 'Arena', 'Museo Radio', 'San Zeno']",Arena,strategy_nearest,True,0.003818988800048828,success
0403443A9C4C81,3,"['Casa Giulietta', 'San Fermo']",San Zeno,"['Castelvecchio', 'Verona Tour', 'Museo Lapidario', 'Arena', 'Museo Miniscalchi']",Arena,strategy_nearest,True,0.0022890567779541016,success
04038B3A9C4C81,5,"['Arena', 'Casa Giulietta', 'Torre Lamberti']",Santa Anastasia,"['AMO', 'Museo Conte', 'Palazzo della Ragione', 'Teatro Romano', 'Centro Fotografia']",Teatro Romano,strategy_nearest,True,0.0022430419921875,success
04037B3A9C4C81,0,['Arena'],Duomo,"['AMO', 'Museo Miniscalchi', 'Santa Anastasia', 'Teatro Romano', 'Palazzo della Ragione']",Tomba Giulietta,strategy_nearest,False,0.00439906120300293,success
04038C4A9C4C81,1,"['Santa Anastasia', 'Duomo', 'Casa Giulietta']",Arena,"['Verona Tour', 'Museo Lapidario', 'Museo Radio', 'San Fermo', 'Sighseeing']",Torre Lamberti,strategy_nearest,False,0.002070903778076172,success
0403A53A9C4C81,3,"['Arena', 'Museo Lapidario']",Castelvecchio,"['Verona Tour', 'Museo Radio', 'San Zeno', 'Sighseeing', 'Museo Miniscalchi']",San Zeno,strategy_nearest,True,0.0029158592224121094,success
0403A7429C4C81,0,['Arena'],Casa Giulietta,"['Centro Fotografia', 'Sighseeing', 'Torre Lamberti', 'Museo Conte', 'Museo Radio']",Castelvecchio,strategy_nearest,False,0.002117156982421875,success
0403A9429C4C81,0,"['Arena', 'Museo Lapidario']",Casa Giulietta,"['Centro Fotografia', 'Sighseeing', 'Torre Lamberti', 'Museo Conte', 'Museo Radio']",Duomo,strategy_nearest,False,0.002156972885131836,success
0403B03A9C4C81,0,['Torre Lamberti'],Casa Giulietta,"['Centro Fotografia', 'Sighseeing', 'Museo Conte', 'Museo Radio', 'Palazzo della Ragione']",Arena,strategy_nearest,False,0.0025200843811035156,success
0403A93A9C4C81,1,"['Arena', 'Torre Lamberti']",Palazzo della Ragione,"['AMO', 'Museo Conte', 'Centro Fotografia', 'Sighseeing', 'Santa Anastasia']",Santa Anastasia,strategy_nearest,True,0.0036160945892333984,success
0403B13A9C4C81,2,['Teatro Romano'],Santa Anastasia,"['AMO', 'Museo Conte', 'Palazzo della Ragione', 'Centro Fotografia', 'Duomo']",Castelvecchio,strategy_nearest,False,0.0033020973205566406,success
04040A3A9C4C85,0,"['Casa Giulietta', 'Torre Lamberti']",Castelvecchio,"['Museo Lapidario', 'Verona Tour', 'Arena', 'Museo Radio', 'San Zeno']",Arena,strategy_nearest,True,0.0019099712371826172,success
040434429C4C81,0,['Arena'],Torre Lamberti,"['Sighseeing', 'Centro Fotografia', 'Museo Conte', 'Casa Giulietta', 'Palazzo della Ragione']",Castelvecchio,strategy_nearest,False,0.0030701160430908203,success
0403E23A9C4C81,1,"['Arena', 'Casa Giulietta']",Palazzo della Ragione,"['AMO', 'Museo Conte', 'Torre Lamberti', 'Centro Fotografia', 'Sighseeing']",Torre Lamberti,strategy_nearest,True,0.0046842098236083984,success
0403EC429C4C81,3,['Arena'],Castelvecchio,"['Museo Lapidario', 'Verona Tour', 'Museo Radio', 'San Zeno', 'Sighseeing']",Santa Anastasia,strategy_nearest,False,0.0028219223022460938,success
04044C3A9C4C81,0,"['Arena', 'Museo Lapidario']",Castelvecchio,"['Verona Tour', 'Museo Radio', 'San Zeno', 'Sighseeing', 'Museo Miniscalchi']",Casa Giulietta,strategy_nearest,False,0.002850055694580078,success
0404713A9C4C81,0,['Tomba Giulietta'],Arena,"['Verona Tour', 'Museo Lapidario', 'Museo Radio', 'San Fermo', 'Casa Giulietta']",Casa Giulietta,strategy_nearest,True,0.004249095916748047,success
0404573A9C4C81,1,"['Arena', 'Casa Giulietta', 'Tomba Giulietta', 'Castelvecchio']",Torre Lamberti,"['Sighseeing', 'Centro Fotografia', 'Museo Conte', 'Palazzo della Ragione', 'AMO']",Palazzo della Ragione,strategy_nearest,True,0.0035572052001953125,success
04047B4A9C4C81,0,"['Arena', 'Casa Giulietta']",Torre Lamberti,"['Sighseeing', 'Centro Fotografia', 'Museo Conte', 'Palazzo della Ragione', 'AMO']",Castelvecchio,strategy_nearest,False,0.0044438838958740234,success
04048F429C4C81,0,['Arena'],Teatro Romano,"['Santa Anastasia', 'Duomo', 'AMO', 'Palazzo della Ragione', 'Museo Conte']",Casa Giulietta,strategy_nearest,False,0.004956960678100586,success
04047F3A9C4C81,1,"['Arena', 'Castelvecchio']",Casa Giulietta,"['Centro Fotografia', 'Sighseeing', 'Torre Lamberti', 'Museo Conte', 'Museo Radio']",Torre Lamberti,strategy_nearest,True,0.0033559799194335938,success
0404984A9C4C81,1,"['Arena', 'Museo Lapidario', 'Castelvecchio', 'Casa Giulietta']",Torre Lamberti,"['Sighseeing', 'Centro Fotografia', 'Museo Conte', 'Palazzo della Ragione', 'AMO']",Palazzo della Ragione,strategy_nearest,True,0.0052032470703125,success
04048F3A9C4C81,3,"['Arena', 'Castelvecchio']",Torre Lamberti,"['Sighseeing', 'Centro Fotografia', 'Museo Conte', 'Casa Giulietta', 'Palazzo della Ragione']",Casa Giulietta,strategy_nearest,True,0.004305839538574219,success
0404A572743381,0,"['San Fermo', 'Arena']",Giardino Giusti,"['Santa Anastasia', 'Teatro Romano', 'Museo Conte', 'Centro Fotografia', 'Museo Storia']",Casa Giulietta,strategy_nearest,False,0.0024080276489257812,success
0404A872743381,3,"['Teatro Romano', 'Duomo']",Castelvecchio,"['Museo Lapidario', 'Verona Tour', 'Arena', 'Museo Radio', 'San Zeno']",Arena,strategy_nearest,True,0.0026051998138427734,success
0404B23A9C4C81,1,"['Arena', 'Casa Giulietta']",Santa Anastasia,"['AMO', 'Museo Conte', 'Palazzo della Ragione', 'Teatro Romano', 'Centro Fotografia']",Duomo,strategy_nearest,False,0.002329111099243164,success
0404B7429C4C81,0,"['Casa Giulietta', 'Torre Lamberti']",Duomo,"['AMO', 'Museo Miniscalchi', 'Santa Anastasia', 'Teatro Romano', 'Palazzo della Ragione']",Arena,strategy_nearest,False,0.002110004425048828,success
0404BB429C4C81,4,"['Casa Giulietta', 'Arena', 'Museo Radio']",Tomba Giulietta,"['San Fermo', 'Museo Storia', 'Museo Lapidario', 'Verona Tour', 'Castelvecchio']",Torre Lamberti,strategy_nearest,False,0.00214385986328125,success
0404A8429C4C81,1,"['Palazzo della Ragione', 'Torre Lamberti']",Casa Giulietta,"['Centro Fotografia', 'Sighseeing', 'Museo Conte', 'Museo Radio', 'San Fermo']",Arena,strategy_nearest,False,0.00785374641418457,success
0404BC429C4C81,0,['Tomba Giulietta'],Arena,"['Verona Tour', 'Museo Lapidario', 'Museo Radio', 'San Fermo', 'Casa Giulietta']",Casa Giulietta,strategy_nearest,True,0.0027039051055908203,success
0404C2429C4C81,0,['Arena'],Torre Lamberti,"['Sighseeing', 'Centro Fotografia', 'Museo Conte', 'Casa Giulietta', 'Palazzo della Ragione']",Casa Giulietta,strategy_nearest,True,0.0025489330291748047,success
0404C0429C4C81,0,['Arena'],Castelvecchio,"['Museo Lapidario', 'Verona Tour', 'Museo Radio', 'San Zeno', 'Sighseeing']",Casa Giulietta,strategy_nearest,False,0.0023050308227539062,success
0405413A9C4C81,1,"['Arena', 'Casa Giulietta', 'Torre Lamberti']",Palazzo della Ragione,"['AMO', 'Museo Conte', 'Centro Fotografia', 'Sighseeing', 'Santa Anastasia']",Santa Anastasia,strategy_nearest,True,0.0029449462890625,success
0405563A9C4C81,0,['Arena'],Casa Giulietta,"['Centro Fotografia', 'Sighseeing', 'Torre Lamberti', 'Museo Conte', 'Museo Radio']",Tomba Giulietta,strategy_nearest,False,0.0028548240661621094,success
04057B4A9C4C81,0,"['Arena', 'Casa Giulietta']",Torre Lamberti,"['Sighseeing', 'Centro Fotografia', 'Museo Conte', 'Palazzo della Ragione', 'AMO']",Castelvecchio,strategy_nearest,False,0.0031239986419677734,success
0405553A9C4C81,1,"['Arena', 'Castelvecchio']",Casa Giulietta,"['Centro Fotografia', 'Sighseeing', 'Torre Lamberti', 'Museo Conte', 'Museo Radio']",Tomba Giulietta,strategy_nearest,False,0.0026612281799316406,success
0405743A9C4C81,0,['Tomba Giulietta'],Arena,"['Verona Tour', 'Museo Lapidario', 'Museo Radio', 'San Fermo', 'Casa Giulietta']",Casa Giulietta,strategy_nearest,True,0.00267791748046875,success
04057D429C4C81,3,"['Arena', 'Casa Giulietta']",Torre Lamberti,"['Sighseeing', 'Centro Fotografia', 'Museo Conte', 'Palazzo della Ragione', 'AMO']",Teatro Romano,strategy_nearest,False,0.0020270347595214844,success
04057C3A9C4C81,3,"['Arena', 'Casa Giulietta', 'Torre Lamberti']",Santa Anastasia,"['AMO', 'Museo Conte', 'Palazzo della Ragione', 'Teatro Romano', 'Centro Fotografia']",Duomo,strategy_nearest,False,0.00144195556640625,success
04057F429C4C81,0,['Arena'],Casa Giulietta,"['Centro Fotografia', 'Sighseeing', 'Torre Lamberti', 'Museo Conte', 'Museo Radio']",Castelvecchio,strategy_nearest,False,0.0027327537536621094,success
0405843A9C4C81,0,['Arena'],Torre Lamberti,"['Sighseeing', 'Centro Fotografia', 'Museo Conte', 'Casa Giulietta', 'Palazzo della Ragione']",Casa Giulietta,strategy_nearest,True,0.003100872039794922,success
04058C4A9C4C81,3,['Arena'],Santa Anastasia,"['AMO', 'Museo Conte', 'Palazzo della Ragione', 'Teatro Romano', 'Centro Fotografia']",Torre Lamberti,strategy_nearest,False,0.0027756690979003906,success
04058B3A9C4C81,2,['Casa Giulietta'],Duomo,"['AMO', 'Museo Miniscalchi', 'Santa Anastasia', 'Teatro Romano', 'Palazzo della Ragione']",Castelvecchio,strategy_nearest,False,0.002682209014892578,success
0405904A9C4C81,1,['Arena'],Palazzo della Ragione,"['AMO', 'Museo Conte', 'Torre Lamberti', 'Centro Fotografia', 'Sighseeing']",Casa Giulietta,strategy_nearest,False,0.0038683414459228516,success
0405A472743381,3,['Arena'],San Zeno,"['Castelvecchio', 'Verona Tour', 'Museo Lapidario', 'Museo Miniscalchi', 'Sighseeing']",Santa Anastasia,strategy_nearest,False,0.004222393035888672,success
0405A53A9C4C81,1,"['Giardino Giusti', 'Teatro Romano']",Arena,"['Verona Tour', 'Museo Lapidario', 'Museo Radio', 'San Fermo', 'Casa Giulietta']",Casa Giulietta,strategy_nearest,True,0.0037450790405273438,success
0405A9429C4C81,0,['Arena'],Casa Giulietta,"['Centro Fotografia', 'Sighseeing', 'Torre Lamberti', 'Museo Conte', 'Museo Radio']",Tomba Giulietta,strategy_nearest,False,0.003074169158935547,success
0405A672743381,1,"['Arena', 'Casa Giulietta', 'Torre Lamberti']",Palazzo della Ragione,"['AMO', 'Museo Conte', 'Centro Fotografia', 'Sighseeing', 'Santa Anastasia']",Teatro Romano,strategy_nearest,False,0.0018439292907714844,success
0405A572743381,1,"['Arena', 'Casa Giulietta', 'Torre Lamberti', 'Palazzo della Ragione', 'Santa Anastasia']",Duomo,"['AMO', 'Museo Miniscalchi', 'Teatro Romano', 'Museo Conte', 'Centro Fotografia']",Teatro Romano,strategy_nearest,True,0.002526998519897461,success
0405B5429C4C81,3,"['Arena', 'Torre Lamberti']",Casa Giulietta,"['Centro Fotografia', 'Sighseeing', 'Museo Conte', 'Museo Radio', 'Palazzo della Ragione']",Santa Anastasia,strategy_nearest,False,0.003715038299560547,success
0405B6429C4C81,1,"['Arena', 'Casa Giulietta']",Palazzo della Ragione,"['AMO', 'Museo Conte', 'Torre Lamberti', 'Centro Fotografia', 'Sighseeing']",Torre Lamberti,strategy_nearest,True,0.0021407604217529297,success
0405B7429C4C81,3,"['Arena', 'Casa Giulietta']",Torre Lamberti,"['Sighseeing', 'Centro Fotografia', 'Museo Conte', 'Palazzo della Ragione', 'AMO']",Santa Anastasia,strategy_nearest,False,0.002752065658569336,success
0405BD429C4C81,3,"['Arena', 'Torre Lamberti', 'San Fermo']",Tomba Giulietta,"['Museo Storia', 'Museo Lapidario', 'Museo Radio', 'Verona Tour', 'Casa Giulietta']",Casa Giulietta,strategy_nearest,True,0.0026149749755859375,success
0405C8429C4C81,1,"['Arena', 'Palazzo della Ragione']",Torre Lamberti,"['Sighseeing', 'Centro Fotografia', 'Museo Conte', 'Casa Giulietta', 'AMO']",Casa Giulietta,strategy_nearest,True,0.0020389556884765625,success
0405C5429C4C81,3,"['Arena', 'Casa Giulietta']",Torre Lamberti,"['Sighseeing', 'Centro Fotografia', 'Museo Conte', 'Palazzo della Ragione', 'AMO']",Santa Anastasia,strategy_nearest,False,0.003366231918334961,success
0405EA3A9C4C81,0,"['Teatro Romano', 'Casa Giulietta']",San Fermo,"['Museo Storia', 'Museo Radio', 'Centro Fotografia', 'Arena', 'Sighseeing']",Arena,strategy_nearest,True,0.0028731822967529297,success
0405F53A9C4C81,0,['Arena'],Casa Giulietta,"['Centro Fotografia', 'Sighseeing', 'Torre Lamberti', 'Museo Conte', 'Museo Radio']",Teatro Romano,strategy_nearest,False,0.0022618770599365234,success
0405F23A9C4C81,2,['Castelvecchio'],Casa Giulietta,"['Centro Fotografia', 'Sighseeing', 'Torre Lamberti', 'Museo Conte', 'Museo Radio']",Teatro Romano,strategy_nearest,False,0.0032210350036621094,success
040682429C4C81,0,['Arena'],Museo Lapidario,"['Verona Tour', 'Castelvecchio', 'Museo Radio', 'San Fermo', 'Casa Giulietta']",Castelvecchio,strategy_nearest,True,0.0021266937255859375,success
0407063A9C4C85,0,['Torre Lamberti'],Casa Giulietta,"['Centro Fotografia', 'Sighseeing', 'Museo Conte', 'Museo Radio', 'Palazzo della Ragione']",Arena,strategy_nearest,False,0.0026721954345703125,success
0406A7429C4C81,0,"['Tomba Giulietta', 'San Fermo']",Arena,"['Verona Tour', 'Museo Lapidario', 'Museo Radio', 'Casa Giulietta', 'Sighseeing']",Casa Giulietta,strategy_nearest,True,0.0021800994873046875,success
04073F3A9C4C81,1,"['Arena', 'Museo Lapidario', 'Castelvecchio']",Palazzo della Ragione,"['AMO', 'Museo Conte', 'Torre Lamberti', 'Centro Fotografia', 'Sighseeing']",Torre Lamberti,strategy_nearest,True,0.0031440258026123047,success
0407713A9C4C81,0,['Casa Giulietta'],Arena,"['Verona Tour', 'Museo Lapidario', 'Museo Radio', 'San Fermo', 'Sighseeing']",Torre Lamberti,strategy_nearest,False,0.002106189727783203,success
040763429C4C81,0,['Casa Giulietta'],Arena,"['Verona Tour', 'Museo Lapidario', 'Museo Radio', 'San Fermo', 'Sighseeing']",Torre Lamberti,strategy_nearest,False,0.0028412342071533203,success
0407793A9C4C81,1,"['Arena', 'Casa Giulietta', 'Torre Lamberti']",Palazzo della Ragione,"['AMO', 'Museo Conte', 'Centro Fotografia', 'Sighseeing', 'Santa Anastasia']",Santa Anastasia,strategy_nearest,True,0.0033960342407226562,success
0407794A9C4C81,1,"['Palazzo della Ragione', 'Santa Anastasia']",Teatro Romano,"['Duomo', 'AMO', 'Museo Conte', 'Centro Fotografia', 'Museo Miniscalchi']",Casa Giulietta,strategy_nearest,False,0.0027070045471191406,success
04077A3A9C4C81,3,"['Casa Giulietta', 'Arena', 'Tomba Giulietta']",Castelvecchio,"['Museo Lapidario', 'Verona Tour', 'Museo Radio', 'San Zeno', 'Sighseeing']",Duomo,strategy_nearest,False,0.002560853958129883,success
04077C4A9C4C81,3,"['Arena', 'Casa Giulietta']",Torre Lamberti,"['Sighseeing', 'Centro Fotografia', 'Museo Conte', 'Palazzo della Ragione', 'AMO']",Santa Anastasia,strategy_nearest,False,0.0026197433471679688,success
04077B4A9C4C81,1,"['Arena', 'Casa Giulietta']",Torre Lamberti,"['Sighseeing', 'Centro Fotografia', 'Museo Conte', 'Palazzo della Ragione', 'AMO']",Palazzo della Ragione,strategy_nearest,True,0.001992940902709961,success
04077A4A9C4C81,3,['Arena'],Casa Giulietta,"['Centro Fotografia', 'Sighseeing', 'Torre Lamberti', 'Museo Conte', 'Museo Radio']",Santa Anastasia,strategy_nearest,False,0.0026590824127197266,success
04077E3A9C4C81,0,"['Torre Lamberti', 'Duomo']",Casa Giulietta,"['Centro Fotografia', 'Sighseeing', 'Museo Conte', 'Museo Radio', 'Palazzo della Ragione']",Arena,strategy_nearest,False,0.0017888545989990234,success
040784429C4C81,3,"['Arena', 'Casa Giulietta', 'Torre Lamberti']",Santa Anastasia,"['AMO', 'Museo Conte', 'Palazzo della Ragione', 'Teatro Romano', 'Centro Fotografia']",San Fermo,strategy_nearest,False,0.0019979476928710938,success
0407854A9C4C81,3,"['Castelvecchio', 'San Zeno', 'Arena']",Torre Lamberti,"['Sighseeing', 'Centro Fotografia', 'Museo Conte', 'Casa Giulietta', 'Palazzo della Ragione']",Santa Anastasia,strategy_nearest,False,0.002655029296875,success
04078B4A9C4C81,3,"['Arena', 'Casa Giulietta', 'Torre Lamberti']",Santa Anastasia,"['AMO', 'Museo Conte', 'Palazzo della Ragione', 'Teatro Romano', 'Centro Fotografia']",Duomo,strategy_nearest,False,0.0025358200073242188,success
040786429C4C81,2,['Casa Giulietta'],Palazzo della Ragione,"['AMO', 'Museo Conte', 'Torre Lamberti', 'Centro Fotografia', 'Sighseeing']",Teatro Romano,strategy_nearest,False,0.0031919479370117188,success
04078A429C4C81,3,"['Torre Lamberti', 'Duomo']",Santa Anastasia,"['AMO', 'Museo Conte', 'Palazzo della Ragione', 'Teatro Romano', 'Centro Fotografia']",Casa Giulietta,strategy_nearest,False,0.004216909408569336,success
04078D429C4C81,0,['Arena'],Casa Giulietta,"['Centro Fotografia', 'Sighseeing', 'Torre Lamberti', 'Museo Conte', 'Museo Radio']",Torre Lamberti,strategy_nearest,True,0.002399921417236328,success
04078F4A9C4C80,3,['Arena'],San Zeno,"['Castelvecchio', 'Verona Tour', 'Museo Lapidario', 'Museo Miniscalchi', 'Sighseeing']",Santa Anastasia,strategy_nearest,False,0.0017809867858886719,success
0407903A9C4C81,0,['Arena'],Castelvecchio,"['Museo Lapidario', 'Verona Tour', 'Museo Radio', 'San Zeno', 'Sighseeing']",Casa Giulietta,strategy_nearest,False,0.0028121471405029297,success
04079A4A9C4C81,1,"['Arena', 'Casa Giulietta', 'Torre Lamberti']",Palazzo della Ragione,"['AMO', 'Museo Conte', 'Centro Fotografia', 'Sighseeing', 'Santa Anastasia']",Santa Anastasia,strategy_nearest,True,0.0032918453216552734,success
0407A672743381,1,['Arena'],Torre Lamberti,"['Sighseeing', 'Centro Fotografia', 'Museo Conte', 'Casa Giulietta', 'Palazzo della Ragione']",Palazzo della Ragione,strategy_nearest,True,0.002977132797241211,success
0407A572743381,3,"['Casa Giulietta', 'Santa Anastasia', 'Arena', 'San Zeno', 'Castelvecchio']",Tomba Giulietta,"['San Fermo', 'Museo Storia', 'Museo Lapidario', 'Museo Radio', 'Verona Tour']",Museo Lapidario,strategy_nearest,True,0.002496957778930664,success
0407A872743381,3,"['Teatro Romano', 'Duomo', 'Santa Anastasia']",Torre Lamberti,"['Sighseeing', 'Centro Fotografia', 'Museo Conte', 'Casa Giulietta', 'Palazzo della Ragione']",Casa Giulietta,strategy_nearest,True,0.003175973892211914,success
0407AA429C4C80,0,['Arena'],Casa Giulietta,"['Centro Fotografia', 'Sighseeing', 'Torre Lamberti', 'Museo Conte', 'Museo Radio']",Torre Lamberti,strategy_nearest,True,0.0027871131896972656,success
0407AE429C4C81,0,"['Museo Lapidario', 'Arena']",Torre Lamberti,"['Sighseeing', 'Centro Fotografia', 'Museo Conte', 'Casa Giulietta', 'Palazzo della Ragione']",Casa Giulietta,strategy_nearest,True,0.0023088455200195312,success
0407AD429C4C81,0,"['Torre Lamberti', 'Teatro Romano']",San Zeno,"['Castelvecchio', 'Verona Tour', 'Museo Lapidario', 'Arena', 'Museo Miniscalchi']",Castelvecchio,strategy_nearest,True,0.0031099319458007812,success
0407B8429C4C81,3,"['Castelvecchio', 'Santa Anastasia']",Duomo,"['AMO', 'Museo Miniscalchi', 'Teatro Romano', 'Palazzo della Ragione', 'Museo Conte']",Arena,strategy_nearest,False,0.0025627613067626953,success
0407BE429C4C81,1,"['Arena', 'Duomo']",Teatro Romano,"['Santa Anastasia', 'AMO', 'Palazzo della Ragione', 'Museo Conte', 'Centro Fotografia']",Torre Lamberti,strategy_nearest,False,0.0026297569274902344,success
0407BC429C4C81,0,['Arena'],San Fermo,"['Museo Storia', 'Museo Radio', 'Casa Giulietta', 'Centro Fotografia', 'Sighseeing']",Casa Giulietta,strategy_nearest,True,0.002956867218017578,success
0407BF429C4C81,3,"['Arena', 'Museo Lapidario']",Casa Giulietta,"['Centro Fotografia', 'Sighseeing', 'Torre Lamberti', 'Museo Conte', 'Museo Radio']",Torre Lamberti,strategy_nearest,True,0.0031681060791015625,success
0408063A9C4C85,1,"['Arena', 'Casa Giulietta', 'Torre Lamberti']",Palazzo della Ragione,"['AMO', 'Museo Conte', 'Centro Fotografia', 'Sighseeing', 'Santa Anastasia']",Teatro Romano,strategy_nearest,False,0.002804994583129883,success
040832429C4C81,1,"['Arena', 'Museo Lapidario', 'Castelvecchio']",San Zeno,"['Verona Tour', 'Museo Miniscalchi', 'Sighseeing', 'Museo Radio', 'Torre Lamberti']",Teatro Romano,strategy_nearest,False,0.0026979446411132812,success
0407ED3A9C4C81,2,"['Castelvecchio', 'Casa Giulietta']",Palazzo della Ragione,"['AMO', 'Museo Conte', 'Torre Lamberti', 'Centro Fotografia', 'Sighseeing']",Torre Lamberti,strategy_nearest,True,0.0028619766235351562,success
040833429C4C81,0,['Arena'],Palazzo della Ragione,"['AMO', 'Museo Conte', 'Torre Lamberti', 'Centro Fotografia', 'Sighseeing']",Casa Giulietta,strategy_nearest,False,0.003156900405883789,success
04083A3A9C4C81,3,"['Arena', 'Castelvecchio', 'San Zeno']",Casa Giulietta,"['Centro Fotografia', 'Sighseeing', 'Torre Lamberti', 'Museo Conte', 'Museo Radio']",San Fermo,strategy_nearest,False,0.0019409656524658203,success
040865429C4C81,1,"['Teatro Romano', 'Duomo', 'Santa Anastasia']",Palazzo della Ragione,"['AMO', 'Museo Conte', 'Torre Lamberti', 'Centro Fotografia', 'Sighseeing']",Torre Lamberti,strategy_nearest,True,0.002275228500366211,success
040866429C4C81,0,"['Casa Giulietta', 'Castelvecchio']",San Zeno,"['Verona Tour', 'Museo Lapidario', 'Arena', 'Museo Miniscalchi', 'Sighseeing']",Arena,strategy_nearest,True,0.0026769638061523438,success
040867429C4C81,0,['Arena'],Giardino Giusti,"['Santa Anastasia', 'Teatro Romano', 'Museo Conte', 'Centro Fotografia', 'Museo Storia']",Torre Lamberti,strategy_nearest,False,0.002251148223876953,success
04086E429C4C81,0,['Arena'],Casa Giulietta,"['Centro Fotografia', 'Sighseeing', 'Torre Lamberti', 'Museo Conte', 'Museo Radio']",Duomo,strategy_nearest,False,0.002557992935180664,success
04086E3A9C4C81,0,"['Arena', 'Casa Giulietta']",Santa Anastasia,"['AMO', 'Museo Conte', 'Palazzo della Ragione', 'Teatro Romano', 'Centro Fotografia']",Castelvecchio,strategy_nearest,False,0.0031790733337402344,success
040882429C4C81,1,"['Arena', 'Casa Giulietta']",Torre Lamberti,"['Sighseeing', 'Centro Fotografia', 'Museo Conte', 'Palazzo della Ragione', 'AMO']",Palazzo della Ragione,strategy_nearest,True,0.0023720264434814453,success
04087D429C4C81,1,"['Arena', 'Casa Giulietta', 'Tomba Giulietta', 'Castelvecchio']",Santa Anastasia,"['AMO', 'Museo Conte', 'Palazzo della Ragione', 'Teatro Romano', 'Centro Fotografia']",Torre Lamberti,strategy_nearest,False,0.0032711029052734375,success
040889429C4C81,1,"['Torre Lamberti', 'Palazzo della Ragione', 'Teatro Romano']",Duomo,"['AMO', 'Museo Miniscalchi', 'Santa Anastasia', 'Museo Conte', 'Centro Fotografia']",Casa Giulietta,strategy_nearest,False,0.0028657913208007812,success
0408974A9C4C81,3,"['Arena', 'Casa Giulietta']",Torre Lamberti,"['Sighseeing', 'Centro Fotografia', 'Museo Conte', 'Palazzo della Ragione', 'AMO']",Santa Anastasia,strategy_nearest,False,0.002476930618286133,success
0408853A9C4C81,3,"['Museo Lapidario', 'Arena']",Torre Lamberti,"['Sighseeing', 'Centro Fotografia', 'Museo Conte', 'Casa Giulietta', 'Palazzo della Ragione']",Santa Anastasia,strategy_nearest,False,0.002547025680541992,success
04088D429C4C81,3,"['Arena', 'Casa Giulietta']",Torre Lamberti,"['Sighseeing', 'Centro Fotografia', 'Museo Conte', 'Palazzo della Ragione', 'AMO']",Castelvecchio,strategy_nearest,False,0.0032701492309570312,success
0408A472743381,1,"['Castelvecchio', 'Arena']",Casa Giulietta,"['Centro Fotografia', 'Sighseeing', 'Torre Lamberti', 'Museo Conte', 'Museo Radio']",Tomba Giulietta,strategy_nearest,False,0.002250194549560547,success
0408A672743381,1,"['Casa Giulietta', 'Palazzo della Ragione', 'Teatro Romano', 'Torre Lamberti', 'Santa Anastasia']",Castelvecchio,"['Museo Lapidario', 'Verona Tour', 'Arena', 'Museo Radio', 'San Zeno']",San Zeno,strategy_nearest,True,0.002201080322265625,success
0408A872743381,3,"['Arena', 'Casa Giulietta', 'Torre Lamberti']",Duomo,"['AMO', 'Museo Miniscalchi', 'Santa Anastasia', 'Teatro Romano', 'Palazzo della Ragione']",Teatro Romano,strategy_nearest,True,0.002721071243286133,success
0408A572743381,1,"['Casa Giulietta', 'Arena', 'Castelvecchio']",Santa Anastasia,"['AMO', 'Museo Conte', 'Palazzo della Ragione', 'Teatro Romano', 'Centro Fotografia']",Duomo,strategy_nearest,False,0.004174709320068359,success
0408AE429C4C81,1,"['Arena', 'Museo Lapidario', 'Casa Giulietta']",Santa Anastasia,"['AMO', 'Museo Conte', 'Palazzo della Ragione', 'Teatro Romano', 'Centro Fotografia']",Torre Lamberti,strategy_nearest,False,0.0036420822143554688,success
0408AF429C4C81,1,"['Museo Lapidario', 'Arena', 'Casa Giulietta']",Santa Anastasia,"['AMO', 'Museo Conte', 'Palazzo della Ragione', 'Teatro Romano', 'Centro Fotografia']",Palazzo della Ragione,strategy_nearest,True,0.004589080810546875,success
0408B0429C4C81,3,"['Arena', 'Casa Giulietta', 'Santa Anastasia']",Torre Lamberti,"['Sighseeing', 'Centro Fotografia', 'Museo Conte', 'Palazzo della Ragione', 'AMO']",Duomo,strategy_nearest,False,0.0037360191345214844,success
0408AE429C4C80,3,"['Tomba Giulietta', 'San Fermo', 'Torre Lamberti']",Santa Anastasia,"['AMO', 'Museo Conte', 'Palazzo della Ragione', 'Teatro Romano', 'Centro Fotografia']",Duomo,strategy_nearest,False,0.003200054168701172,success
0408B4429C4C81,1,"['Arena', 'Castelvecchio', 'Casa Giulietta']",Santa Anastasia,"['AMO', 'Museo Conte', 'Palazzo della Ragione', 'Teatro Romano', 'Centro Fotografia']",Duomo,strategy_nearest,False,0.0023720264434814453,success
0408BF3A9C4C81,3,"['Arena', 'San Fermo', 'Casa Giulietta']",Torre Lamberti,"['Sighseeing', 'Centro Fotografia', 'Museo Conte', 'Palazzo della Ragione', 'AMO']",Teatro Romano,strategy_nearest,False,0.0032591819763183594,success
0408B1429C4C80,3,"['Arena', 'Casa Giulietta']",Torre Lamberti,"['Sighseeing', 'Centro Fotografia', 'Museo Conte', 'Palazzo della Ragione', 'AMO']",Castelvecchio,strategy_nearest,False,0.0032958984375,success
0408C3429C4C81,1,"['Arena', 'Casa Giulietta', 'Museo Storia']",Teatro Romano,"['Santa Anastasia', 'Duomo', 'AMO', 'Palazzo della Ragione', 'Museo Conte']",Duomo,strategy_nearest,True,0.003780841827392578,success
0408ED3A9C4C81,1,"['Arena', 'Casa Giulietta', 'Torre Lamberti']",Palazzo della Ragione,"['AMO', 'Museo Conte', 'Centro Fotografia', 'Sighseeing', 'Santa Anastasia']",Santa Anastasia,strategy_nearest,True,0.0029540061950683594,success
0408C4429C4C81,3,"['Castelvecchio', 'San Zeno', 'Arena']",Casa Giulietta,"['Centro Fotografia', 'Sighseeing', 'Torre Lamberti', 'Museo Conte', 'Museo Radio']",Torre Lamberti,strategy_nearest,True,0.0015468597412109375,success
0408C63A9C4C81,1,"['Arena', 'Castelvecchio', 'Palazzo della Ragione']",Casa Giulietta,"['Centro Fotografia', 'Sighseeing', 'Torre Lamberti', 'Museo Conte', 'Museo Radio']",Teatro Romano,strategy_nearest,False,0.002317667007446289,success
0408F03A9C4C81,1,"['Castelvecchio', 'Arena', 'Casa Giulietta']",Santa Anastasia,"['AMO', 'Museo Conte', 'Palazzo della Ragione', 'Teatro Romano', 'Centro Fotografia']",Palazzo della Ragione,strategy_nearest,True,0.003414154052734375,success
04093E3A9C4C81,3,"['Arena', 'Torre Lamberti']",Santa Anastasia,"['AMO', 'Museo Conte', 'Palazzo della Ragione', 'Teatro Romano', 'Centro Fotografia']",Teatro Romano,strategy_nearest,True,0.002268075942993164,success
0408FE3A9C4C81,0,['Arena'],Castelvecchio,"['Museo Lapidario', 'Verona Tour', 'Museo Radio', 'San Zeno', 'Sighseeing']",Casa Giulietta,strategy_nearest,False,0.0020880699157714844,success
04094D3A9C4C81,1,"['Torre Lamberti', 'Palazzo della Ragione', 'Santa Anastasia', 'Duomo', 'San Fermo']",Arena,"['Verona Tour', 'Museo Lapidario', 'Museo Radio', 'Casa Giulietta', 'Sighseeing']",Tomba Giulietta,strategy_nearest,False,0.002938985824584961,success
0409373A9C4C81,1,"['Arena', 'Castelvecchio']",San Zeno,"['Verona Tour', 'Museo Lapidario', 'Museo Miniscalchi', 'Sighseeing', 'Museo Radio']",Palazzo della Ragione,strategy_nearest,False,0.003673076629638672,success
040974429C4C81,0,"['Arena', 'Museo Lapidario', 'Castelvecchio']",Torre Lamberti,"['Sighseeing', 'Centro Fotografia', 'Museo Conte', 'Casa Giulietta', 'Palazzo della Ragione']",Casa Giulietta,strategy_nearest,True,0.0029439926147460938,success
04097B3A9C4C81,3,"['Arena', 'Museo Lapidario', 'Castelvecchio']",Casa Giulietta,"['Centro Fotografia', 'Sighseeing', 'Torre Lamberti', 'Museo Conte', 'Museo Radio']",Torre Lamberti,strategy_nearest,True,0.0034570693969726562,success
0409763A9C4C81,1,"['Arena', 'Casa Giulietta', 'Palazzo della Ragione']",Torre Lamberti,"['Sighseeing', 'Centro Fotografia', 'Museo Conte', 'AMO', 'Museo Miniscalchi']",Santa Anastasia,strategy_nearest,False,0.0016129016876220703,success
040979429C4C81,3,"['Torre Lamberti', 'Santa Anastasia']",Duomo,"['AMO', 'Museo Miniscalchi', 'Teatro Romano', 'Palazzo della Ragione', 'Museo Conte']",Arena,strategy_nearest,False,0.002930164337158203,success
04097C4A9C4C81,0,['Arena'],Casa Giulietta,"['Centro Fotografia', 'Sighseeing', 'Torre Lamberti', 'Museo Conte', 'Museo Radio']",Duomo,strategy_nearest,False,0.0014200210571289062,success
04097F429C4C81,1,"['Torre Lamberti', 'Palazzo della Ragione', 'Casa Giulietta']",Arena,"['Verona Tour', 'Museo Lapidario', 'Museo Radio', 'San Fermo', 'Sighseeing']",Castelvecchio,strategy_nearest,False,0.0021600723266601562,success
040981429C4C81,0,['Arena'],Casa Giulietta,"['Centro Fotografia', 'Sighseeing', 'Torre Lamberti', 'Museo Conte', 'Museo Radio']",Santa Anastasia,strategy_nearest,False,0.002431154251098633,success
0409824A9C4C80,3,"['Arena', 'Casa Giulietta']",Santa Anastasia,"['AMO', 'Museo Conte', 'Palazzo della Ragione', 'Teatro Romano', 'Centro Fotografia']",Duomo,strategy_nearest,False,0.0024628639221191406,success
040980429C4C81,3,"['Arena', 'Casa Giulietta']",Torre Lamberti,"['Sighseeing', 'Centro Fotografia', 'Museo Conte', 'Palazzo della Ragione', 'AMO']",Santa Anastasia,strategy_nearest,False,0.003964900970458984,success
040986429C4C80,1,['Arena'],Casa Giulietta,"['Centro Fotografia', 'Sighseeing', 'Torre Lamberti', 'Museo Conte', 'Museo Radio']",Palazzo della Ragione,strategy_nearest,False,0.002675771713256836,success
040987429C4C80,0,['Arena'],Castelvecchio,"['Museo Lapidario', 'Verona Tour', 'Museo Radio', 'San Zeno', 'Sighseeing']",Casa Giulietta,strategy_nearest,False,0.0026378631591796875,success
0409884A9C4C80,3,"['Arena', 'Casa Giulietta']",Torre Lamberti,"['Sighseeing', 'Centro Fotografia', 'Museo Conte', 'Palazzo della Ragione', 'AMO']",Duomo,strategy_nearest,False,0.0025501251220703125,success
04098B3A9C4C81,3,"['Casa Giulietta', 'Torre Lamberti']",Santa Anastasia,"['AMO', 'Museo Conte', 'Palazzo della Ragione', 'Teatro Romano', 'Centro Fotografia']",Duomo,strategy_nearest,False,0.003164052963256836,success
04098B4A9C4C80,3,"['Casa Giulietta', 'Torre Lamberti']",Duomo,"['AMO', 'Museo Miniscalchi', 'Santa Anastasia', 'Teatro Romano', 'Palazzo della Ragione']",Teatro Romano,strategy_nearest,True,0.0033159255981445312,success
04098D429C4C81,0,['Arena'],Casa Giulietta,"['Centro Fotografia', 'Sighseeing', 'Torre Lamberti', 'Museo Conte', 'Museo Radio']",San Fermo,strategy_nearest,False,0.002524852752685547,success
04098F3A9C4C81,1,"['Arena', 'Casa Giulietta']",Torre Lamberti,"['Sighseeing', 'Centro Fotografia', 'Museo Conte', 'Palazzo della Ragione', 'AMO']",Palazzo della Ragione,strategy_nearest,True,0.0026030540466308594,success
04098F429C4C81,3,"['Arena', 'Casa Giulietta', 'Santa Anastasia']",Torre Lamberti,"['Sighseeing', 'Centro Fotografia', 'Museo Conte', 'Palazzo della Ragione', 'AMO']",San Fermo,strategy_nearest,False,0.0029392242431640625,success
0409A64A9C4C80,0,['Casa Giulietta'],Torre Lamberti,"['Sighseeing', 'Centro Fotografia', 'Museo Conte', 'Palazzo della Ragione', 'AMO']",Arena,strategy_nearest,False,0.0024929046630859375,success
0409A9429C4C80,3,"['Teatro Romano', 'Duomo']",Torre Lamberti,"['Sighseeing', 'Centro Fotografia', 'Museo Conte', 'Casa Giulietta', 'Palazzo della Ragione']",Casa Giulietta,strategy_nearest,True,0.003398895263671875,success
0409AC429C4C80,3,"['Arena', 'Casa Giulietta']",Torre Lamberti,"['Sighseeing', 'Centro Fotografia', 'Museo Conte', 'Palazzo della Ragione', 'AMO']",Santa Anastasia,strategy_nearest,False,0.002769947052001953,success
0409AF429C4C80,1,"['Arena', 'Casa Giulietta', 'Torre Lamberti']",Palazzo della Ragione,"['AMO', 'Museo Conte', 'Centro Fotografia', 'Sighseeing', 'Santa Anastasia']",Santa Anastasia,strategy_nearest,True,0.0033559799194335938,success
0409B83A9C4C81,0,['San Zeno'],Arena,"['Verona Tour', 'Museo Lapidario', 'Museo Radio', 'San Fermo', 'Casa Giulietta']",Casa Giulietta,strategy_nearest,True,0.003139019012451172,success
0409B93A9C4C81,3,"['Torre Lamberti', 'Teatro Romano']",Duomo,"['AMO', 'Museo Miniscalchi', 'Santa Anastasia', 'Palazzo della Ragione', 'Museo Conte']",Casa Giulietta,strategy_nearest,False,0.002952098846435547,success
0409B4429C4C80,0,['Arena'],Torre Lamberti,"['Sighseeing', 'Centro Fotografia', 'Museo Conte', 'Casa Giulietta', 'Palazzo della Ragione']",Casa Giulietta,strategy_nearest,True,0.0032546520233154297,success
0409B9429C4C80,0,['Torre Lamberti'],Casa Giulietta,"['Centro Fotografia', 'Sighseeing', 'Museo Conte', 'Museo Radio', 'Palazzo della Ragione']",Arena,strategy_nearest,False,0.003300905227661133,success
0409BA429C4C81,0,['Casa Giulietta'],Santa Anastasia,"['AMO', 'Museo Conte', 'Palazzo della Ragione', 'Teatro Romano', 'Centro Fotografia']",Arena,strategy_nearest,False,0.0017371177673339844,success
0409BB3A9C4C81,3,"['Arena', 'Santa Anastasia']",Teatro Romano,"['Duomo', 'AMO', 'Palazzo della Ragione', 'Museo Conte', 'Centro Fotografia']",Duomo,strategy_nearest,True,0.0035200119018554688,success
0409BF429C4C81,3,"['Arena', 'Casa Giulietta']",Torre Lamberti,"['Sighseeing', 'Centro Fotografia', 'Museo Conte', 'Palazzo della Ragione', 'AMO']",Santa Anastasia,strategy_nearest,False,0.0025551319122314453,success
0409C13A9C4C81,3,"['Teatro Romano', 'Duomo']",Santa Anastasia,"['AMO', 'Museo Conte', 'Palazzo della Ragione', 'Centro Fotografia', 'Torre Lamberti']",Torre Lamberti,strategy_nearest,True,0.0024039745330810547,success
0409EF3A9C4C81,0,['Santa Anastasia'],Arena,"['Verona Tour', 'Museo Lapidario', 'Museo Radio', 'San Fermo', 'Casa Giulietta']",Tomba Giulietta,strategy_nearest,False,0.0029518604278564453,success
0409F53A9C4C81,1,"['Arena', 'Casa Giulietta']",Torre Lamberti,"['Sighseeing', 'Centro Fotografia', 'Museo Conte', 'Palazzo della Ragione', 'AMO']",Palazzo della Ragione,strategy_nearest,True,0.002438068389892578,success
040A32429C4C81,3,"['Arena', 'Torre Lamberti']",Casa Giulietta,"['Centro Fotografia', 'Sighseeing', 'Museo Conte', 'Museo Radio', 'Palazzo della Ragione']",Santa Anastasia,strategy_nearest,False,0.0025169849395751953,success
040A383A9C4C81,3,"['Arena', 'Torre Lamberti']",Casa Giulietta,"['Centro Fotografia', 'Sighseeing', 'Museo Conte', 'Museo Radio', 'Palazzo della Ragione']",Santa Anastasia,strategy_nearest,False,0.0027573108673095703,success
040A3C3A9C4C81,0,['Castelvecchio'],Arena,"['Verona Tour', 'Museo Lapidario', 'Museo Radio', 'San Fermo', 'Casa Giulietta']",Torre Lamberti,strategy_nearest,False,0.003329038619995117,success
040A483A9C4C81,0,"['Casa Giulietta', 'Duomo']",Teatro Romano,"['Santa Anastasia', 'AMO', 'Palazzo della Ragione', 'Museo Conte', 'Centro Fotografia']",Castelvecchio,strategy_nearest,False,0.0030219554901123047,success
040A5E429C4C81,1,"['Museo Lapidario', 'Arena', 'Casa Giulietta']",Palazzo della Ragione,"['AMO', 'Museo Conte', 'Torre Lamberti', 'Centro Fotografia', 'Sighseeing']",Santa Anastasia,strategy_nearest,False,0.0034291744232177734,success
040A753A9C4C81,3,"['Arena', 'Torre Lamberti']",Santa Anastasia,"['AMO', 'Museo Conte', 'Palazzo della Ragione', 'Teatro Romano', 'Centro Fotografia']",Teatro Romano,strategy_nearest,True,0.0026111602783203125,success
040A7A429C4C80,1,['Arena'],Torre Lamberti,"['Sighseeing', 'Centro Fotografia', 'Museo Conte', 'Casa Giulietta', 'Palazzo della Ragione']",Palazzo della Ragione,strategy_nearest,True,0.002733945846557617,success
040A7C4A9C4C80,0,['Arena'],Casa Giulietta,"['Centro Fotografia', 'Sighseeing', 'Torre Lamberti', 'Museo Conte', 'Museo Radio']",Tomba Giulietta,strategy_nearest,False,0.0032770633697509766,success
040A7C4A9C4C81,1,"['Torre Lamberti', 'Palazzo della Ragione']",Arena,"['Verona Tour', 'Museo Lapidario', 'Museo Radio', 'San Fermo', 'Casa Giulietta']",Casa Giulietta,strategy_nearest,True,0.0025739669799804688,success
040A80429C4C81,0,['Arena'],Casa Giulietta,"['Centro Fotografia', 'Sighseeing', 'Torre Lamberti', 'Museo Conte', 'Museo Radio']",Castelvecchio,strategy_nearest,False,0.0026009082794189453,success
040A823A9C4C80,3,"['Santa Anastasia', 'Duomo']",Arena,"['Verona Tour', 'Museo Lapidario', 'Museo Radio', 'San Fermo', 'Casa Giulietta']",Castelvecchio,strategy_nearest,False,0.0035147666931152344,success
040A873A9C4C80,0,['Arena'],Castelvecchio,"['Museo Lapidario', 'Verona Tour', 'Museo Radio', 'San Zeno', 'Sighseeing']",Casa Giulietta,strategy_nearest,False,0.0023038387298583984,success
040A833A9C4C81,1,"['Casa Giulietta', 'Tomba Giulietta', 'Arena']",Torre Lamberti,"['Sighseeing', 'Centro Fotografia', 'Museo Conte', 'Palazzo della Ragione', 'AMO']",Palazzo della Ragione,strategy_nearest,True,0.003100156784057617,success
040A893A9C4C80,1,"['Tomba Giulietta', 'Arena']",Casa Giulietta,"['Centro Fotografia', 'Sighseeing', 'Torre Lamberti', 'Museo Conte', 'Museo Radio']",Palazzo della Ragione,strategy_nearest,False,0.003069162368774414,success
040A89429C4C81,3,"['Arena', 'Casa Giulietta', 'Castelvecchio']",Santa Anastasia,"['AMO', 'Museo Conte', 'Palazzo della Ragione', 'Teatro Romano', 'Centro Fotografia']",Tomba Giulietta,strategy_nearest,False,0.0026390552520751953,success
040A8A429C4C81,0,['Arena'],Torre Lamberti,"['Sighseeing', 'Centro Fotografia', 'Museo Conte', 'Casa Giulietta', 'Palazzo della Ragione']",Casa Giulietta,strategy_nearest,True,0.002808094024658203,success
040A8D3A9C4C81,0,['Arena'],Castelvecchio,"['Museo Lapidario', 'Verona Tour', 'Museo Radio', 'San Zeno', 'Sighseeing']",Casa Giulietta,strategy_nearest,False,0.002515077590942383,success
040A8B429C4C81,1,"['Teatro Romano', 'Castelvecchio']",Arena,"['Verona Tour', 'Museo Lapidario', 'Museo Radio', 'San Fermo', 'Casa Giulietta']",Casa Giulietta,strategy_nearest,True,0.003431081771850586,success
040A8E3A9C4C80,0,"['Casa Giulietta', 'Arena']",Tomba Giulietta,"['San Fermo', 'Museo Storia', 'Museo Lapidario', 'Museo Radio', 'Verona Tour']",Castelvecchio,strategy_nearest,False,0.003992795944213867,success
040A8F3A9C4C80,0,['Arena'],Castelvecchio,"['Museo Lapidario', 'Verona Tour', 'Museo Radio', 'San Zeno', 'Sighseeing']",San Zeno,strategy_nearest,True,0.0023941993713378906,success
040A8F4A9C4C81,0,['Arena'],Casa Giulietta,"['Centro Fotografia', 'Sighseeing', 'Torre Lamberti', 'Museo Conte', 'Museo Radio']",Santa Anastasia,strategy_nearest,False,0.0025169849395751953,success
040A8F4A9C4C80,0,['Arena'],Casa Giulietta,"['Centro Fotografia', 'Sighseeing', 'Torre Lamberti', 'Museo Conte', 'Museo Radio']",Palazzo della Ragione,strategy_nearest,False,0.004172801971435547,success
040A90429C4C81,0,['Duomo'],Casa Giulietta,"['Centro Fotografia', 'Sighseeing', 'Torre Lamberti', 'Museo Conte', 'Museo Radio']",Arena,strategy_nearest,False,0.0025670528411865234,success
040A934A9C4C81,0,['Arena'],Casa Giulietta,"['Centro Fotografia', 'Sighseeing', 'Torre Lamberti', 'Museo Conte', 'Museo Radio']",Torre Lamberti,strategy_nearest,True,0.003228902816772461,success
040A944A9C4C80,1,"['Arena', 'Palazzo della Ragione']",Casa Giulietta,"['Centro Fotografia', 'Sighseeing', 'Torre Lamberti', 'Museo Conte', 'Museo Radio']",Santa Anastasia,strategy_nearest,False,0.0031371116638183594,success
040A984A9C4C81,3,['Arena'],Casa Giulietta,"['Centro Fotografia', 'Sighseeing', 'Torre Lamberti', 'Museo Conte', 'Museo Radio']",Santa Anastasia,strategy_nearest,False,0.0024242401123046875,success
040AA34A9C4C81,0,['Casa Giulietta'],Arena,"['Verona Tour', 'Museo Lapidario', 'Museo Radio', 'San Fermo', 'Sighseeing']",Castelvecchio,strategy_nearest,False,0.003155946731567383,success
040AA672743381,3,"['Arena', 'Castelvecchio', 'Teatro Romano']",Casa Giulietta,"['Centro Fotografia', 'Sighseeing', 'Torre Lamberti', 'Museo Conte', 'Museo Radio']",Torre Lamberti,strategy_nearest,True,0.0025658607482910156,success
040AA572743381,1,"['Castelvecchio', 'Casa Giulietta', 'Torre Lamberti']",Palazzo della Ragione,"['AMO', 'Museo Conte', 'Centro Fotografia', 'Sighseeing', 'Santa Anastasia']",Arena,strategy_nearest,False,0.004187822341918945,success
040AA872743381,0,['Teatro Romano'],Arena,"['Verona Tour', 'Museo Lapidario', 'Museo Radio', 'San Fermo', 'Casa Giulietta']",Castelvecchio,strategy_nearest,False,0.003184080123901367,success
040AAC429C4C80,1,['Arena'],Torre Lamberti,"['Sighseeing', 'Centro Fotografia', 'Museo Conte', 'Casa Giulietta', 'Palazzo della Ragione']",Palazzo della Ragione,strategy_nearest,True,0.0033080577850341797,success
040AAE429C4C81,0,['Museo Lapidario'],Arena,"['Verona Tour', 'Museo Radio', 'San Fermo', 'Casa Giulietta', 'Sighseeing']",Castelvecchio,strategy_nearest,False,0.0029020309448242188,success
040AB23A9C4C80,1,"['Arena', 'Castelvecchio']",Casa Giulietta,"['Centro Fotografia', 'Sighseeing', 'Torre Lamberti', 'Museo Conte', 'Museo Radio']",Palazzo della Ragione,strategy_nearest,False,0.0034079551696777344,success
040AB6429C4C81,3,['Arena'],Torre Lamberti,"['Sighseeing', 'Centro Fotografia', 'Museo Conte', 'Casa Giulietta', 'Palazzo della Ragione']",Santa Anastasia,strategy_nearest,False,0.0018389225006103516,success
040AB3429C4C81,0,['Arena'],Casa Giulietta,"['Centro Fotografia', 'Sighseeing', 'Torre Lamberti', 'Museo Conte', 'Museo Radio']",Giardino Giusti,strategy_nearest,False,0.0026869773864746094,success
040AC7429C4C81,0,"['Casa Giulietta', 'Torre Lamberti']",Teatro Romano,"['Santa Anastasia', 'Duomo', 'AMO', 'Palazzo della Ragione', 'Museo Conte']",Arena,strategy_nearest,False,0.0028619766235351562,success
040AF33A9C4C81,0,['Arena'],Torre Lamberti,"['Sighseeing', 'Centro Fotografia', 'Museo Conte', 'Casa Giulietta', 'Palazzo della Ragione']",Casa Giulietta,strategy_nearest,True,0.00238800048828125,success
040AEB3A9C4C81,0,"['Castelvecchio', 'Casa Giulietta']",Torre Lamberti,"['Sighseeing', 'Centro Fotografia', 'Museo Conte', 'Palazzo della Ragione', 'AMO']",Tomba Giulietta,strategy_nearest,False,0.002752065658569336,success
040B043A9C4C85,1,"['Tomba Giulietta', 'Casa Giulietta']",Torre Lamberti,"['Sighseeing', 'Centro Fotografia', 'Museo Conte', 'Palazzo della Ragione', 'AMO']",Palazzo della Ragione,strategy_nearest,True,0.002115011215209961,success
040AFA3A9C4C81,1,"['Arena', 'Museo Lapidario', 'Palazzo della Ragione']",Torre Lamberti,"['Sighseeing', 'Centro Fotografia', 'Museo Conte', 'Casa Giulietta', 'AMO']",Casa Giulietta,strategy_nearest,True,0.0035898685455322266,success
040B393A9C4C81,0,['Arena'],Torre Lamberti,"['Sighseeing', 'Centro Fotografia', 'Museo Conte', 'Casa Giulietta', 'Palazzo della Ragione']",Casa Giulietta,strategy_nearest,True,0.0031728744506835938,success
040B31429C4C81,1,"['Casa Giulietta', 'Torre Lamberti', 'Palazzo della Ragione']",Teatro Romano,"['Santa Anastasia', 'Duomo', 'AMO', 'Museo Conte', 'Centro Fotografia']",Arena,strategy_nearest,False,0.0027849674224853516,success
040B3C429C4C81,3,"['San Fermo', 'Torre Lamberti', 'Casa Giulietta']",Teatro Romano,"['Santa Anastasia', 'Duomo', 'AMO', 'Palazzo della Ragione', 'Museo Conte']",Duomo,strategy_nearest,True,0.002541065216064453,success
040B483A9C4C81,1,"['Torre Lamberti', 'Palazzo della Ragione']",Casa Giulietta,"['Centro Fotografia', 'Sighseeing', 'Museo Conte', 'Museo Radio', 'San Fermo']",Arena,strategy_nearest,False,0.0031843185424804688,success
040B69429C4C81,2,['Tomba Giulietta'],Casa Giulietta,"['Centro Fotografia', 'Sighseeing', 'Torre Lamberti', 'Museo Conte', 'Museo Radio']",Torre Lamberti,strategy_nearest,True,0.002724170684814453,success
040B743A9C4C81,1,"['Tomba Giulietta', 'Arena']",Casa Giulietta,"['Centro Fotografia', 'Sighseeing', 'Torre Lamberti', 'Museo Conte', 'Museo Radio']",Santa Anastasia,strategy_nearest,False,0.003324270248413086,success
040B793A9C4C80,0,"['Casa Giulietta', 'Arena']",Castelvecchio,"['Museo Lapidario', 'Verona Tour', 'Museo Radio', 'San Zeno', 'Sighseeing']",Teatro Romano,strategy_nearest,False,0.003633260726928711,success
040B783A9C4C81,0,['Torre Lamberti'],Casa Giulietta,"['Centro Fotografia', 'Sighseeing', 'Museo Conte', 'Museo Radio', 'Palazzo della Ragione']",Arena,strategy_nearest,False,0.003422975540161133,success
040B7A429C4C81,0,['Arena'],Casa Giulietta,"['Centro Fotografia', 'Sighseeing', 'Torre Lamberti', 'Museo Conte', 'Museo Radio']",Teatro Romano,strategy_nearest,False,0.0031681060791015625,success
040B7C3A9C4C80,0,['Arena'],Torre Lamberti,"['Sighseeing', 'Centro Fotografia', 'Museo Conte', 'Casa Giulietta', 'Palazzo della Ragione']",Casa Giulietta,strategy_nearest,True,0.0030350685119628906,success
040B7C4A9C4C81,0,['Arena'],Casa Giulietta,"['Centro Fotografia', 'Sighseeing', 'Torre Lamberti', 'Museo Conte', 'Museo Radio']",Castelvecchio,strategy_nearest,False,0.001943826675415039,success
040B7D4A9C4C80,1,"['Arena', 'Casa Giulietta']",Torre Lamberti,"['Sighseeing', 'Centro Fotografia', 'Museo Conte', 'Palazzo della Ragione', 'AMO']",Palazzo della Ragione,strategy_nearest,True,0.0031349658966064453,success
040B7D3A9C4C80,3,"['Arena', 'San Fermo']",Casa Giulietta,"['Centro Fotografia', 'Sighseeing', 'Torre Lamberti', 'Museo Conte', 'Museo Radio']",Torre Lamberti,strategy_nearest,True,0.002666950225830078,success
040B7F429C4C81,1,"['Torre Lamberti', 'Palazzo della Ragione', 'Santa Anastasia']",Duomo,"['AMO', 'Museo Miniscalchi', 'Teatro Romano', 'Museo Conte', 'Centro Fotografia']",Casa Giulietta,strategy_nearest,False,0.002727985382080078,success
040B7E3A9C4C81,3,"['Teatro Romano', 'Duomo', 'Santa Anastasia']",Torre Lamberti,"['Sighseeing', 'Centro Fotografia', 'Museo Conte', 'Casa Giulietta', 'Palazzo della Ragione']",Casa Giulietta,strategy_nearest,True,0.0032329559326171875,success
040B7E3A9C4C80,0,['Castelvecchio'],Arena,"['Verona Tour', 'Museo Lapidario', 'Museo Radio', 'San Fermo', 'Casa Giulietta']",Santa Anastasia,strategy_nearest,False,0.002669811248779297,success
040B81429C4C81,1,"['Torre Lamberti', 'Palazzo della Ragione']",Duomo,"['AMO', 'Museo Miniscalchi', 'Santa Anastasia', 'Teatro Romano', 'Museo Conte']",Casa Giulietta,strategy_nearest,False,0.003074169158935547,success
040B823A9C4C80,1,"['Duomo', 'Torre Lamberti']",Palazzo della Ragione,"['AMO', 'Museo Conte', 'Centro Fotografia', 'Sighseeing', 'Santa Anastasia']",Arena,strategy_nearest,False,0.0020961761474609375,success
040B863A9C4C81,0,['Torre Lamberti'],Casa Giulietta,"['Centro Fotografia', 'Sighseeing', 'Museo Conte', 'Museo Radio', 'Palazzo della Ragione']",Arena,strategy_nearest,False,0.0026509761810302734,success
040B8B4A9C4C80,1,"['Arena', 'Casa Giulietta', 'Torre Lamberti']",Palazzo della Ragione,"['AMO', 'Museo Conte', 'Centro Fotografia', 'Sighseeing', 'Santa Anastasia']",Santa Anastasia,strategy_nearest,True,0.0030388832092285156,success
040B843A9C4C80,1,"['Museo Lapidario', 'Arena', 'Tomba Giulietta']",Casa Giulietta,"['Centro Fotografia', 'Sighseeing', 'Torre Lamberti', 'Museo Conte', 'Museo Radio']",Palazzo della Ragione,strategy_nearest,False,0.003587007522583008,success
040B8C3A9C4C80,1,"['Arena', 'Casa Giulietta']",Torre Lamberti,"['Sighseeing', 'Centro Fotografia', 'Museo Conte', 'Palazzo della Ragione', 'AMO']",Palazzo della Ragione,strategy_nearest,True,0.002665996551513672,success
040B91429C4C81,1,"['Arena', 'Casa Giulietta', 'Palazzo della Ragione']",Torre Lamberti,"['Sighseeing', 'Centro Fotografia', 'Museo Conte', 'AMO', 'Museo Miniscalchi']",Santa Anastasia,strategy_nearest,False,0.001828908920288086,success
040B91429C4C80,1,['Torre Lamberti'],Palazzo della Ragione,"['AMO', 'Museo Conte', 'Centro Fotografia', 'Sighseeing', 'Santa Anastasia']",Arena,strategy_nearest,False,0.0035467147827148438,success
040B9EBA7B3F80,0,['Arena'],Casa Giulietta,"['Centro Fotografia', 'Sighseeing', 'Torre Lamberti', 'Museo Conte', 'Museo Radio']",Castelvecchio,strategy_nearest,False,0.002741098403930664,success
040B964A9C4C80,3,"['Arena', 'Santa Anastasia']",Teatro Romano,"['Duomo', 'AMO', 'Palazzo della Ragione', 'Museo Conte', 'Centro Fotografia']",Duomo,strategy_nearest,True,0.00429534912109375,success
040B92429C4C81,3,"['Arena', 'Casa Giulietta', 'Torre Lamberti']",Santa Anastasia,"['AMO', 'Museo Conte', 'Palazzo della Ragione', 'Teatro Romano', 'Centro Fotografia']",Teatro Romano,strategy_nearest,True,0.0026853084564208984,success
040BA472743381,0,"['Arena', 'Torre Lamberti']",Casa Giulietta,"['Centro Fotografia', 'Sighseeing', 'Museo Conte', 'Museo Radio', 'Palazzo della Ragione']",Tomba Giulietta,strategy_nearest,False,0.0019948482513427734,success
040BA572743381,1,"['Casa Giulietta', 'Torre Lamberti']",Arena,"['Verona Tour', 'Museo Lapidario', 'Museo Radio', 'San Fermo', 'Sighseeing']",Palazzo della Ragione,strategy_nearest,False,0.002089977264404297,success
040BA53A9C4C81,1,"['Palazzo della Ragione', 'Santa Anastasia']",Teatro Romano,"['Duomo', 'AMO', 'Museo Conte', 'Centro Fotografia', 'Museo Miniscalchi']",Casa Giulietta,strategy_nearest,False,0.003580808639526367,success
040BA7429C4C80,3,"['Castelvecchio', 'Casa Giulietta']",Torre Lamberti,"['Sighseeing', 'Centro Fotografia', 'Museo Conte', 'Palazzo della Ragione', 'AMO']",Teatro Romano,strategy_nearest,False,0.0032188892364501953,success
040BA8429C4C80,3,['Casa Giulietta'],Santa Anastasia,"['AMO', 'Museo Conte', 'Palazzo della Ragione', 'Teatro Romano', 'Centro Fotografia']",Teatro Romano,strategy_nearest,True,0.0025179386138916016,success
040BA8429C4C81,1,"['Arena', 'Castelvecchio', 'Palazzo della Ragione']",Casa Giulietta,"['Centro Fotografia', 'Sighseeing', 'Torre Lamberti', 'Museo Conte', 'Museo Radio']",Santa Anastasia,strategy_nearest,False,0.003365039825439453,success
040BAA429C4C81,3,"['Arena', 'Castelvecchio']",Teatro Romano,"['Santa Anastasia', 'Duomo', 'AMO', 'Palazzo della Ragione', 'Museo Conte']",Duomo,strategy_nearest,True,0.0018661022186279297,success
040BA872743381,3,"['Arena', 'Casa Giulietta', 'Torre Lamberti']",Duomo,"['AMO', 'Museo Miniscalchi', 'Santa Anastasia', 'Teatro Romano', 'Palazzo della Ragione']",Teatro Romano,strategy_nearest,True,0.0028510093688964844,success
040BAA429C4C80,0,['Arena'],Torre Lamberti,"['Sighseeing', 'Centro Fotografia', 'Museo Conte', 'Casa Giulietta', 'Palazzo della Ragione']",Casa Giulietta,strategy_nearest,True,0.003400087356567383,success
040BAF3A9C4C81,0,"['Arena', 'Casa Giulietta']",Torre Lamberti,"['Sighseeing', 'Centro Fotografia', 'Museo Conte', 'Palazzo della Ragione', 'AMO']",Castelvecchio,strategy_nearest,False,0.003077983856201172,success
040BB13A9C4C80,1,"['Castelvecchio', 'Arena', 'Casa Giulietta']",Torre Lamberti,"['Sighseeing', 'Centro Fotografia', 'Museo Conte', 'Palazzo della Ragione', 'AMO']",Palazzo della Ragione,strategy_nearest,True,0.002620220184326172,success
040BB4429C4C81,1,"['Museo Lapidario', 'Castelvecchio', 'Arena']",Torre Lamberti,"['Sighseeing', 'Centro Fotografia', 'Museo Conte', 'Casa Giulietta', 'Palazzo della Ragione']",Palazzo della Ragione,strategy_nearest,True,0.0028307437896728516,success
040BB73A9C4C81,0,['Duomo'],Arena,"['Verona Tour', 'Museo Lapidario', 'Museo Radio', 'San Fermo', 'Casa Giulietta']",Teatro Romano,strategy_nearest,False,0.0033409595489501953,success
040BB7429C4C80,1,['Casa Giulietta'],Torre Lamberti,"['Sighseeing', 'Centro Fotografia', 'Museo Conte', 'Palazzo della Ragione', 'AMO']",Palazzo della Ragione,strategy_nearest,True,0.0029900074005126953,success
040BBF429C4C81,0,['Tomba Giulietta'],Arena,"['Verona Tour', 'Museo Lapidario', 'Museo Radio', 'San Fermo', 'Casa Giulietta']",Castelvecchio,strategy_nearest,False,0.0014791488647460938,success
040BBD3A9C4C80,1,['Arena'],Casa Giulietta,"['Centro Fotografia', 'Sighseeing', 'Torre Lamberti', 'Museo Conte', 'Museo Radio']",Palazzo della Ragione,strategy_nearest,False,0.004011869430541992,success
040BC0429C4C80,1,"['Arena', 'Palazzo della Ragione']",Torre Lamberti,"['Sighseeing', 'Centro Fotografia', 'Museo Conte', 'Casa Giulietta', 'AMO']",Santa Anastasia,strategy_nearest,False,0.0020580291748046875,success
040BB9429C4C80,3,['Arena'],Casa Giulietta,"['Centro Fotografia', 'Sighseeing', 'Torre Lamberti', 'Museo Conte', 'Museo Radio']",Santa Anastasia,strategy_nearest,False,0.004048347473144531,success
040BC1429C4C81,0,['Arena'],Casa Giulietta,"['Centro Fotografia', 'Sighseeing', 'Torre Lamberti', 'Museo Conte', 'Museo Radio']",Castelvecchio,strategy_nearest,False,0.0031280517578125,success
040BC4429C4C81,1,['Arena'],Torre Lamberti,"['Sighseeing', 'Centro Fotografia', 'Museo Conte', 'Casa Giulietta', 'Palazzo della Ragione']",Palazzo della Ragione,strategy_nearest,True,0.001287221908569336,success
040BC6429C4C81,0,['Arena'],Castelvecchio,"['Museo Lapidario', 'Verona Tour', 'Museo Radio', 'San Zeno', 'Sighseeing']",Torre Lamberti,strategy_nearest,False,0.002808809280395508,success
040BCA429C4C81,0,['Casa Giulietta'],Arena,"['Verona Tour', 'Museo Lapidario', 'Museo Radio', 'San Fermo', 'Sighseeing']",Tomba Giulietta,strategy_nearest,False,0.003293275833129883,success
040BF93A9C4C81,3,['Santa Anastasia'],Duomo,"['AMO', 'Museo Miniscalchi', 'Teatro Romano', 'Palazzo della Ragione', 'Museo Conte']",Arena,strategy_nearest,False,0.0026857852935791016,success
040BF53A9C4C81,3,"['Arena', 'Casa Giulietta']",Torre Lamberti,"['Sighseeing', 'Centro Fotografia', 'Museo Conte', 'Palazzo della Ragione', 'AMO']",Santa Anastasia,strategy_nearest,False,0.002794981002807617,success
040C6A429C4C81,0,['Castelvecchio'],Arena,"['Verona Tour', 'Museo Lapidario', 'Museo Radio', 'San Fermo', 'Casa Giulietta']",Casa Giulietta,strategy_nearest,True,0.003147125244140625,success
040C3E429C4C81,3,"['Castelvecchio', 'Casa Giulietta', 'Arena']",Santa Anastasia,"['AMO', 'Museo Conte', 'Palazzo della Ragione', 'Teatro Romano', 'Centro Fotografia']",Teatro Romano,strategy_nearest,True,0.0027930736541748047,success
040C783A9C4C80,1,"['Casa Giulietta', 'Torre Lamberti']",Palazzo della Ragione,"['AMO', 'Museo Conte', 'Centro Fotografia', 'Sighseeing', 'Santa Anastasia']",Arena,strategy_nearest,False,0.003203868865966797,success
040C794A9C4C80,0,['Arena'],Castelvecchio,"['Museo Lapidario', 'Verona Tour', 'Museo Radio', 'San Zeno', 'Sighseeing']",Casa Giulietta,strategy_nearest,False,0.0012860298156738281,success
040C7C3A9C4C80,1,"['Teatro Romano', 'Casa Giulietta', 'Torre Lamberti']",Palazzo della Ragione,"['AMO', 'Museo Conte', 'Centro Fotografia', 'Sighseeing', 'Santa Anastasia']",Arena,strategy_nearest,False,0.0032889842987060547,success
040C7A4A9C4C81,3,"['Torre Lamberti', 'Arena']",Castelvecchio,"['Museo Lapidario', 'Verona Tour', 'Museo Radio', 'San Zeno', 'Sighseeing']",Santa Anastasia,strategy_nearest,False,0.002727031707763672,success
040C7D3A9C4C81,3,"['Torre Lamberti', 'Santa Anastasia']",Duomo,"['AMO', 'Museo Miniscalchi', 'Teatro Romano', 'Palazzo della Ragione', 'Museo Conte']",Casa Giulietta,strategy_nearest,False,0.002263784408569336,success
040C7E4A9C4C81,1,"['Arena', 'Casa Giulietta']",Torre Lamberti,"['Sighseeing', 'Centro Fotografia', 'Museo Conte', 'Palazzo della Ragione', 'AMO']",Palazzo della Ragione,strategy_nearest,True,0.0023081302642822266,success
040C804A9C4C81,3,"['Arena', 'Torre Lamberti']",Santa Anastasia,"['AMO', 'Museo Conte', 'Palazzo della Ragione', 'Teatro Romano', 'Centro Fotografia']",Teatro Romano,strategy_nearest,True,0.0027420520782470703,success
040C7F429C4C80,1,['Arena'],Palazzo della Ragione,"['AMO', 'Museo Conte', 'Torre Lamberti', 'Centro Fotografia', 'Sighseeing']",Torre Lamberti,strategy_nearest,True,0.0021820068359375,success
040C813A9C4C81,2,"['Casa Giulietta', 'Torre Lamberti']",Castelvecchio,"['Museo Lapidario', 'Verona Tour', 'Arena', 'Museo Radio', 'San Zeno']",San Zeno,strategy_nearest,True,0.0033512115478515625,success
040C853A9C4C80,2,['Tomba Giulietta'],Castelvecchio,"['Museo Lapidario', 'Verona Tour', 'Arena', 'Museo Radio', 'San Zeno']",Casa Giulietta,strategy_nearest,False,0.003337860107421875,success
040C8B429C4C81,1,['Arena'],Casa Giulietta,"['Centro Fotografia', 'Sighseeing', 'Torre Lamberti', 'Museo Conte', 'Museo Radio']",Torre Lamberti,strategy_nearest,True,0.0025708675384521484,success
040C8E4A9C4C80,0,['Arena'],Casa Giulietta,"['Centro Fotografia', 'Sighseeing', 'Torre Lamberti', 'Museo Conte', 'Museo Radio']",San Zeno,strategy_nearest,False,0.002836942672729492,success
040C8A429C4C80,0,"['Casa Giulietta', 'Arena']",Tomba Giulietta,"['San Fermo', 'Museo Storia', 'Museo Lapidario', 'Museo Radio', 'Verona Tour']",Torre Lamberti,strategy_nearest,False,0.002619028091430664,success
040C8C429C4C80,0,['Arena'],Casa Giulietta,"['Centro Fotografia', 'Sighseeing', 'Torre Lamberti', 'Museo Conte', 'Museo Radio']",San Fermo,strategy_nearest,False,0.0032949447631835938,success
040C944A9C4C80,1,"['Arena', 'Palazzo della Ragione']",Casa Giulietta,"['Centro Fotografia', 'Sighseeing', 'Torre Lamberti', 'Museo Conte', 'Museo Radio']",Santa Anastasia,strategy_nearest,False,0.0014908313751220703,success
040C8F429C4C80,1,"['Santa Anastasia', 'Palazzo della Ragione']",Torre Lamberti,"['Sighseeing', 'Centro Fotografia', 'Museo Conte', 'Casa Giulietta', 'AMO']",Casa Giulietta,strategy_nearest,True,0.0021440982818603516,success
040CA6429C4C80,0,['Castelvecchio'],Arena,"['Verona Tour', 'Museo Lapidario', 'Museo Radio', 'San Fermo', 'Casa Giulietta']",Casa Giulietta,strategy_nearest,True,0.002624988555908203,success
040CA14A9C4C81,0,['Arena'],Casa Giulietta,"['Centro Fotografia', 'Sighseeing', 'Torre Lamberti', 'Museo Conte', 'Museo Radio']",Castelvecchio,strategy_nearest,False,0.0034351348876953125,success
040CAD429C4C80,0,['Tomba Giulietta'],Arena,"['Verona Tour', 'Museo Lapidario', 'Museo Radio', 'San Fermo', 'Casa Giulietta']",Casa Giulietta,strategy_nearest,True,0.0025551319122314453,success
040CB8429C4C81,0,"['Arena', 'Torre Lamberti']",Casa Giulietta,"['Centro Fotografia', 'Sighseeing', 'Museo Conte', 'Museo Radio', 'Palazzo della Ragione']",Castelvecchio,strategy_nearest,False,0.0026030540466308594,success
040CAF429C4C80,1,"['Arena', 'Palazzo della Ragione']",Casa Giulietta,"['Centro Fotografia', 'Sighseeing', 'Torre Lamberti', 'Museo Conte', 'Museo Radio']",Santa Anastasia,strategy_nearest,False,0.00267791748046875,success
040CB4429C4C80,3,"['Arena', 'Casa Giulietta']",Santa Anastasia,"['AMO', 'Museo Conte', 'Palazzo della Ragione', 'Teatro Romano', 'Centro Fotografia']",Duomo,strategy_nearest,False,0.003885030746459961,success
040CB93A9C4C81,3,"['Santa Anastasia', 'Duomo']",Casa Giulietta,"['Centro Fotografia', 'Sighseeing', 'Torre Lamberti', 'Museo Conte', 'Museo Radio']",Arena,strategy_nearest,False,0.0039501190185546875,success
040CBB429C4C81,0,['Casa Giulietta'],Arena,"['Verona Tour', 'Museo Lapidario', 'Museo Radio', 'San Fermo', 'Sighseeing']",Torre Lamberti,strategy_nearest,False,0.0020771026611328125,success
040CBF429C4C81,0,['Teatro Romano'],Casa Giulietta,"['Centro Fotografia', 'Sighseeing', 'Torre Lamberti', 'Museo Conte', 'Museo Radio']",Arena,strategy_nearest,False,0.003180980682373047,success
040CB9429C4C81,3,"['Arena', 'Casa Giulietta']",Torre Lamberti,"['Sighseeing', 'Centro Fotografia', 'Museo Conte', 'Palazzo della Ragione', 'AMO']",Santa Anastasia,strategy_nearest,False,0.0015118122100830078,success
040CC0429C4C81,3,"['Arena', 'Casa Giulietta']",Torre Lamberti,"['Sighseeing', 'Centro Fotografia', 'Museo Conte', 'Palazzo della Ragione', 'AMO']",Santa Anastasia,strategy_nearest,False,0.001898050308227539,success
040CCC3A9C4C81,3,['Castelvecchio'],Arena,"['Verona Tour', 'Museo Lapidario', 'Museo Radio', 'San Fermo', 'Casa Giulietta']",Torre Lamberti,strategy_nearest,False,0.0019440650939941406,success
040CC1429C4C81,2,"['Castelvecchio', 'San Zeno']",Santa Anastasia,"['AMO', 'Museo Conte', 'Palazzo della Ragione', 'Teatro Romano', 'Centro Fotografia']",Duomo,strategy_nearest,False,0.002607107162475586,success
040D473A9C4C81,3,"['Casa Giulietta', 'Santa Anastasia']",Duomo,"['AMO', 'Museo Miniscalchi', 'Teatro Romano', 'Palazzo della Ragione', 'Museo Conte']",Teatro Romano,strategy_nearest,True,0.002626180648803711,success
040D6E429C4C81,1,"['Arena', 'Casa Giulietta', 'Torre Lamberti']",Palazzo della Ragione,"['AMO', 'Museo Conte', 'Centro Fotografia', 'Sighseeing', 'Santa Anastasia']",Santa Anastasia,strategy_nearest,True,0.0032281875610351562,success
040D723A9C4C80,1,['Arena'],Santa Anastasia,"['AMO', 'Museo Conte', 'Palazzo della Ragione', 'Teatro Romano', 'Centro Fotografia']",Torre Lamberti,strategy_nearest,False,0.0026519298553466797,success
040D723A9C4C81,0,['Arena'],Casa Giulietta,"['Centro Fotografia', 'Sighseeing', 'Torre Lamberti', 'Museo Conte', 'Museo Radio']",Torre Lamberti,strategy_nearest,True,0.0034058094024658203,success
040D763A9C4C81,1,"['Casa Giulietta', 'Palazzo della Ragione']",Santa Anastasia,"['AMO', 'Museo Conte', 'Teatro Romano', 'Centro Fotografia', 'Duomo']",Duomo,strategy_nearest,True,0.0026009082794189453,success
040D7A429C4C81,0,['Arena'],Casa Giulietta,"['Centro Fotografia', 'Sighseeing', 'Torre Lamberti', 'Museo Conte', 'Museo Radio']",Torre Lamberti,strategy_nearest,True,0.003103017807006836,success
040D7B3A9C4C80,3,"['Casa Giulietta', 'Torre Lamberti']",Santa Anastasia,"['AMO', 'Museo Conte', 'Palazzo della Ragione', 'Teatro Romano', 'Centro Fotografia']",Arena,strategy_nearest,False,0.0034270286560058594,success
040D7D3A9C4C81,3,"['Arena', 'Casa Giulietta']",Torre Lamberti,"['Sighseeing', 'Centro Fotografia', 'Museo Conte', 'Palazzo della Ragione', 'AMO']",Santa Anastasia,strategy_nearest,False,0.002107858657836914,success
040D7C429C4C81,0,"['Arena', 'Torre Lamberti']",Casa Giulietta,"['Centro Fotografia', 'Sighseeing', 'Museo Conte', 'Museo Radio', 'Palazzo della Ragione']",Tomba Giulietta,strategy_nearest,False,0.003470182418823242,success
040D7F429C4C80,0,"['Arena', 'Casa Giulietta']",San Fermo,"['Museo Storia', 'Museo Radio', 'Centro Fotografia', 'Sighseeing', 'Torre Lamberti']",Castelvecchio,strategy_nearest,False,0.0031690597534179688,success
040D803A9C4C81,3,['Arena'],Casa Giulietta,"['Centro Fotografia', 'Sighseeing', 'Torre Lamberti', 'Museo Conte', 'Museo Radio']",Teatro Romano,strategy_nearest,False,0.002669811248779297,success
040D80429C4C81,0,"['Arena', 'San Fermo']",Torre Lamberti,"['Sighseeing', 'Centro Fotografia', 'Museo Conte', 'Casa Giulietta', 'Palazzo della Ragione']",Casa Giulietta,strategy_nearest,True,0.0040130615234375,success
040D823A9C4C80,1,"['San Fermo', 'Duomo', 'Casa Giulietta']",Arena,"['Verona Tour', 'Museo Lapidario', 'Museo Radio', 'Sighseeing', 'Castelvecchio']",Palazzo della Ragione,strategy_nearest,False,0.002051115036010742,success
040D833A9C4C80,3,"['Torre Lamberti', 'Santa Anastasia']",Duomo,"['AMO', 'Museo Miniscalchi', 'Teatro Romano', 'Palazzo della Ragione', 'Museo Conte']",Casa Giulietta,strategy_nearest,False,0.0031261444091796875,success
040D84429C4C81,1,"['Torre Lamberti', 'Palazzo della Ragione']",Casa Giulietta,"['Centro Fotografia', 'Sighseeing', 'Museo Conte', 'Museo Radio', 'San Fermo']",Arena,strategy_nearest,False,0.002599000930786133,success
040D893A9C4C80,3,"['Castelvecchio', 'San Zeno']",Torre Lamberti,"['Sighseeing', 'Centro Fotografia', 'Museo Conte', 'Casa Giulietta', 'Palazzo della Ragione']",Arena,strategy_nearest,False,0.0027310848236083984,success
040D853A9C4C80,1,"['Casa Giulietta', 'Arena']",Palazzo della Ragione,"['AMO', 'Museo Conte', 'Torre Lamberti', 'Centro Fotografia', 'Sighseeing']",Torre Lamberti,strategy_nearest,True,0.0013232231140136719,success
040D8B3A9C4C81,3,['Casa Giulietta'],Torre Lamberti,"['Sighseeing', 'Centro Fotografia', 'Museo Conte', 'Palazzo della Ragione', 'AMO']",Santa Anastasia,strategy_nearest,False,0.0033409595489501953,success
040D8F429C4C80,0,['Arena'],Casa Giulietta,"['Centro Fotografia', 'Sighseeing', 'Torre Lamberti', 'Museo Conte', 'Museo Radio']",Santa Anastasia,strategy_nearest,False,0.0025887489318847656,success
040D8C429C4C81,0,['Arena'],Casa Giulietta,"['Centro Fotografia', 'Sighseeing', 'Torre Lamberti', 'Museo Conte', 'Museo Radio']",San Fermo,strategy_nearest,False,0.002601146697998047,success
040D9B429C4C80,3,"['San Zeno', 'Teatro Romano']",Duomo,"['AMO', 'Museo Miniscalchi', 'Santa Anastasia', 'Palazzo della Ragione', 'Museo Conte']",Arena,strategy_nearest,False,0.0032329559326171875,success
040DA672743381,1,"['San Fermo', 'Casa Giulietta', 'Arena']",San Zeno,"['Castelvecchio', 'Verona Tour', 'Museo Lapidario', 'Museo Miniscalchi', 'Sighseeing']",Teatro Romano,strategy_nearest,False,0.003164052963256836,success
040DAF429C4C81,0,"['Casa Giulietta', 'Arena']",San Zeno,"['Castelvecchio', 'Verona Tour', 'Museo Lapidario', 'Museo Miniscalchi', 'Sighseeing']",Tomba Giulietta,strategy_nearest,False,0.0021080970764160156,success
040DB7429C4C80,3,"['Arena', 'Torre Lamberti']",Casa Giulietta,"['Centro Fotografia', 'Sighseeing', 'Museo Conte', 'Museo Radio', 'Palazzo della Ragione']",Santa Anastasia,strategy_nearest,False,0.002961874008178711,success
040DAD429C4C80,3,"['Arena', 'Casa Giulietta', 'San Fermo']",Torre Lamberti,"['Sighseeing', 'Centro Fotografia', 'Museo Conte', 'Palazzo della Ragione', 'AMO']",Santa Anastasia,strategy_nearest,False,0.0022170543670654297,success
040DA83A9C4C81,4,"['Arena', 'Museo Lapidario', 'Castelvecchio']",Duomo,"['AMO', 'Museo Miniscalchi', 'Santa Anastasia', 'Teatro Romano', 'Palazzo della Ragione']",Palazzo della Ragione,strategy_nearest,True,0.0037229061126708984,success
040DBC429C4C80,3,"['Arena', 'Museo Lapidario']",Casa Giulietta,"['Centro Fotografia', 'Sighseeing', 'Torre Lamberti', 'Museo Conte', 'Museo Radio']",Santa Anastasia,strategy_nearest,False,0.002081155776977539,success
040DC2429C4C80,3,"['Arena', 'Museo Lapidario']",Casa Giulietta,"['Centro Fotografia', 'Sighseeing', 'Torre Lamberti', 'Museo Conte', 'Museo Radio']",Santa Anastasia,strategy_nearest,False,0.0014069080352783203,success
040DC2429C4C81,3,['Arena'],Torre Lamberti,"['Sighseeing', 'Centro Fotografia', 'Museo Conte', 'Casa Giulietta', 'Palazzo della Ragione']",Santa Anastasia,strategy_nearest,False,0.002655029296875,success
040DC4429C4C80,3,['Duomo'],Arena,"['Verona Tour', 'Museo Lapidario', 'Museo Radio', 'San Fermo', 'Casa Giulietta']",Santa Anastasia,strategy_nearest,False,0.0032629966735839844,success
040DC63A9C4C81,3,"['Castelvecchio', 'San Zeno']",Santa Anastasia,"['AMO', 'Museo Conte', 'Palazzo della Ragione', 'Teatro Romano', 'Centro Fotografia']",Teatro Romano,strategy_nearest,True,0.0023670196533203125,success
040DC4429C4C81,3,"['Arena', 'Casa Giulietta']",Torre Lamberti,"['Sighseeing', 'Centro Fotografia', 'Museo Conte', 'Palazzo della Ragione', 'AMO']",Santa Anastasia,strategy_nearest,False,0.0025529861450195312,success
040E043A9C4C85,1,['Arena'],Casa Giulietta,"['Centro Fotografia', 'Sighseeing', 'Torre Lamberti', 'Museo Conte', 'Museo Radio']",Torre Lamberti,strategy_nearest,True,0.0034067630767822266,success
040E43429C4C81,3,"['Castelvecchio', 'San Zeno', 'Arena']",Torre Lamberti,"['Sighseeing', 'Centro Fotografia', 'Museo Conte', 'Casa Giulietta', 'Palazzo della Ragione']",Casa Giulietta,strategy_nearest,True,0.0027070045471191406,success
040E53429C4C81,0,['Duomo'],Casa Giulietta,"['Centro Fotografia', 'Sighseeing', 'Torre Lamberti', 'Museo Conte', 'Museo Radio']",Arena,strategy_nearest,False,0.002785205841064453,success
040E753A9C4C81,1,"['Casa Giulietta', 'Torre Lamberti', 'Santa Anastasia']",Duomo,"['AMO', 'Museo Miniscalchi', 'Teatro Romano', 'Palazzo della Ragione', 'Museo Conte']",Arena,strategy_nearest,False,0.003282785415649414,success
040E79429C4C80,0,['Arena'],Torre Lamberti,"['Sighseeing', 'Centro Fotografia', 'Museo Conte', 'Casa Giulietta', 'Palazzo della Ragione']",Casa Giulietta,strategy_nearest,True,0.0034389495849609375,success
040E794A9C4C81,3,"['Arena', 'Torre Lamberti']",Santa Anastasia,"['AMO', 'Museo Conte', 'Palazzo della Ragione', 'Teatro Romano', 'Centro Fotografia']",Casa Giulietta,strategy_nearest,False,0.002747058868408203,success
040E79429C4C81,3,['Arena'],Torre Lamberti,"['Sighseeing', 'Centro Fotografia', 'Museo Conte', 'Casa Giulietta', 'Palazzo della Ragione']",Santa Anastasia,strategy_nearest,False,0.004038810729980469,success
040E7A3A9C4C80,1,"['Teatro Romano', 'Arena']",Casa Giulietta,"['Centro Fotografia', 'Sighseeing', 'Torre Lamberti', 'Museo Conte', 'Museo Radio']",Torre Lamberti,strategy_nearest,True,0.0030820369720458984,success
040E7F3A9C4C80,0,"['Arena', 'Casa Giulietta']",San Fermo,"['Museo Storia', 'Museo Radio', 'Centro Fotografia', 'Sighseeing', 'Torre Lamberti']",Museo Storia,strategy_nearest,True,0.0026290416717529297,success
040E833A9C4C81,0,['Casa Giulietta'],Santa Anastasia,"['AMO', 'Museo Conte', 'Palazzo della Ragione', 'Teatro Romano', 'Centro Fotografia']",Tomba Giulietta,strategy_nearest,False,0.0020542144775390625,success
040E884A9C4C81,0,"['Arena', 'Casa Giulietta']",Tomba Giulietta,"['San Fermo', 'Museo Storia', 'Museo Lapidario', 'Museo Radio', 'Verona Tour']",San Fermo,strategy_nearest,True,0.0026941299438476562,success
040EA63A9C4C81,1,"['Arena', 'Museo Lapidario']",Castelvecchio,"['Verona Tour', 'Museo Radio', 'San Zeno', 'Sighseeing', 'Museo Miniscalchi']",Torre Lamberti,strategy_nearest,False,0.0030760765075683594,success
040EA572743381,1,"['Teatro Romano', 'Arena', 'Casa Giulietta', 'Santa Anastasia']",Palazzo della Ragione,"['AMO', 'Museo Conte', 'Torre Lamberti', 'Centro Fotografia', 'Sighseeing']",Torre Lamberti,strategy_nearest,True,0.001974821090698242,success
040E8B3A9C4C80,5,"['Arena', 'Casa Giulietta', 'Santa Anastasia']",Teatro Romano,"['Duomo', 'AMO', 'Palazzo della Ragione', 'Museo Conte', 'Centro Fotografia']",Duomo,strategy_nearest,True,0.0027360916137695312,success
040E8F3A9C4C80,1,"['Tomba Giulietta', 'Arena']",Casa Giulietta,"['Centro Fotografia', 'Sighseeing', 'Torre Lamberti', 'Museo Conte', 'Museo Radio']",Torre Lamberti,strategy_nearest,True,0.0033469200134277344,success
040EA7429C4C81,3,"['San Fermo', 'Castelvecchio', 'Torre Lamberti', 'Santa Anastasia']",Duomo,"['AMO', 'Museo Miniscalchi', 'Teatro Romano', 'Palazzo della Ragione', 'Museo Conte']",Teatro Romano,strategy_nearest,True,0.0021240711212158203,success
040EA872743381,3,"['Casa Giulietta', 'Torre Lamberti']",Arena,"['Verona Tour', 'Museo Lapidario', 'Museo Radio', 'San Fermo', 'Sighseeing']",Castelvecchio,strategy_nearest,False,0.0014519691467285156,success
040EA8429C4C81,1,"['Arena', 'Casa Giulietta']",Torre Lamberti,"['Sighseeing', 'Centro Fotografia', 'Museo Conte', 'Palazzo della Ragione', 'AMO']",Palazzo della Ragione,strategy_nearest,True,0.0027849674224853516,success
040EA9429C4C81,0,['Arena'],Casa Giulietta,"['Centro Fotografia', 'Sighseeing', 'Torre Lamberti', 'Museo Conte', 'Museo Radio']",Tomba Giulietta,strategy_nearest,False,0.003429889678955078,success
040EB5429C4C81,3,"['Arena', 'Torre Lamberti']",Casa Giulietta,"['Centro Fotografia', 'Sighseeing', 'Museo Conte', 'Museo Radio', 'Palazzo della Ragione']",San Fermo,strategy_nearest,False,0.0024068355560302734,success
040EAA429C4C81,1,"['Arena', 'Torre Lamberti', 'Santa Anastasia']",Duomo,"['AMO', 'Museo Miniscalchi', 'Teatro Romano', 'Palazzo della Ragione', 'Museo Conte']",Casa Giulietta,strategy_nearest,False,0.003445148468017578,success
040EB0429C4C80,1,"['Arena', 'Castelvecchio']",Torre Lamberti,"['Sighseeing', 'Centro Fotografia', 'Museo Conte', 'Casa Giulietta', 'Palazzo della Ragione']",Casa Giulietta,strategy_nearest,True,0.0021321773529052734,success
040EBF429C4C80,0,"['Casa Giulietta', 'Torre Lamberti']",Duomo,"['AMO', 'Museo Miniscalchi', 'Santa Anastasia', 'Teatro Romano', 'Palazzo della Ragione']",Arena,strategy_nearest,False,0.0036029815673828125,success
040EC9429C4C80,3,"['Arena', 'Casa Giulietta', 'Santa Anastasia']",Duomo,"['AMO', 'Museo Miniscalchi', 'Teatro Romano', 'Palazzo della Ragione', 'Museo Conte']",Teatro Romano,strategy_nearest,True,0.002225160598754883,success
040EC8429C4C80,0,"['Casa Giulietta', 'Arena']",Museo Lapidario,"['Verona Tour', 'Castelvecchio', 'Museo Radio', 'San Fermo', 'Tomba Giulietta']",Castelvecchio,strategy_nearest,True,0.002946138381958008,success
040ED23A9C4C81,0,"['Arena', 'Casa Giulietta']",Torre Lamberti,"['Sighseeing', 'Centro Fotografia', 'Museo Conte', 'Palazzo della Ragione', 'AMO']",Duomo,strategy_nearest,False,0.0034780502319335938,success
040F65429C4C81,1,"['Casa Giulietta', 'Torre Lamberti', 'Palazzo della Ragione']",Arena,"['Verona Tour', 'Museo Lapidario', 'Museo Radio', 'San Fermo', 'Sighseeing']",Museo Lapidario,strategy_nearest,True,0.0020999908447265625,success
040EE73A9C4C81,0,['Arena'],Santa Anastasia,"['AMO', 'Museo Conte', 'Palazzo della Ragione', 'Teatro Romano', 'Centro Fotografia']",Casa Giulietta,strategy_nearest,False,0.002311229705810547,success
040F3B3A9C4C81,0,['Arena'],Casa Giulietta,"['Centro Fotografia', 'Sighseeing', 'Torre Lamberti', 'Museo Conte', 'Museo Radio']",Torre Lamberti,strategy_nearest,True,0.0033380985260009766,success
040F70429C4C80,3,"['Arena', 'Casa Giulietta']",Torre Lamberti,"['Sighseeing', 'Centro Fotografia', 'Museo Conte', 'Palazzo della Ragione', 'AMO']",Santa Anastasia,strategy_nearest,False,0.0038149356842041016,success
040F73429C4C80,0,"['Museo Lapidario', 'Arena']",Castelvecchio,"['Verona Tour', 'Museo Radio', 'San Zeno', 'Sighseeing', 'Museo Miniscalchi']",San Zeno,strategy_nearest,True,0.002866029739379883,success
040F773A9C4C80,3,['Arena'],Casa Giulietta,"['Centro Fotografia', 'Sighseeing', 'Torre Lamberti', 'Museo Conte', 'Museo Radio']",Santa Anastasia,strategy_nearest,False,0.0032558441162109375,success
040F78429C4C80,1,"['Tomba Giulietta', 'San Fermo', 'Torre Lamberti', 'Palazzo della Ragione']",Santa Anastasia,"['AMO', 'Museo Conte', 'Teatro Romano', 'Centro Fotografia', 'Duomo']",Duomo,strategy_nearest,True,0.0025310516357421875,success
040F7CBA7B3F80,2,"['San Fermo', 'Casa Giulietta']",Duomo,"['AMO', 'Museo Miniscalchi', 'Santa Anastasia', 'Teatro Romano', 'Palazzo della Ragione']",Museo Storia,strategy_nearest,False,0.002905130386352539,success
040F7F429C4C80,0,['Arena'],Castelvecchio,"['Museo Lapidario', 'Verona Tour', 'Museo Radio', 'San Zeno', 'Sighseeing']",Torre Lamberti,strategy_nearest,False,0.0024938583374023438,success
040F7D3A9C4C80,1,"['Arena', 'Torre Lamberti']",Palazzo della Ragione,"['AMO', 'Museo Conte', 'Centro Fotografia', 'Sighseeing', 'Santa Anastasia']",Castelvecchio,strategy_nearest,False,0.0027587413787841797,success
040F80429C4C81,0,['Arena'],Casa Giulietta,"['Centro Fotografia', 'Sighseeing', 'Torre Lamberti', 'Museo Conte', 'Museo Radio']",Duomo,strategy_nearest,False,0.0033791065216064453,success
040F81429C4C80,0,['Torre Lamberti'],Arena,"['Verona Tour', 'Museo Lapidario', 'Museo Radio', 'San Fermo', 'Casa Giulietta']",Casa Giulietta,strategy_nearest,True,0.0018177032470703125,success
040F83429C4C81,3,"['Torre Lamberti', 'Arena']",Santa Anastasia,"['AMO', 'Museo Conte', 'Palazzo della Ragione', 'Teatro Romano', 'Centro Fotografia']",Teatro Romano,strategy_nearest,True,0.002596139907836914,success
040F843A9C4C81,2,['Castelvecchio'],Duomo,"['AMO', 'Museo Miniscalchi', 'Santa Anastasia', 'Teatro Romano', 'Palazzo della Ragione']",San Fermo,strategy_nearest,False,0.003204822540283203,success
040F86429C4C80,0,['Arena'],Museo Lapidario,"['Verona Tour', 'Castelvecchio', 'Museo Radio', 'San Fermo', 'Casa Giulietta']",Casa Giulietta,strategy_nearest,True,0.0024781227111816406,success
040F863A9C4C81,0,['Tomba Giulietta'],Arena,"['Verona Tour', 'Museo Lapidario', 'Museo Radio', 'San Fermo', 'Casa Giulietta']",Casa Giulietta,strategy_nearest,True,0.002611875534057617,success
040F8E3A9C4C81,3,"['Casa Giulietta', 'Torre Lamberti']",Tomba Giulietta,"['San Fermo', 'Museo Storia', 'Arena', 'Museo Lapidario', 'Museo Radio']",Santa Anastasia,strategy_nearest,False,0.003155946731567383,success
040F8E429C4C81,3,"['Arena', 'Casa Giulietta']",Santa Anastasia,"['AMO', 'Museo Conte', 'Palazzo della Ragione', 'Teatro Romano', 'Centro Fotografia']",Teatro Romano,strategy_nearest,True,0.0025527477264404297,success
040F8D429C4C81,0,['Arena'],Casa Giulietta,"['Centro Fotografia', 'Sighseeing', 'Torre Lamberti', 'Museo Conte', 'Museo Radio']",Torre Lamberti,strategy_nearest,True,0.002629995346069336,success
040FA1BA7B3F81,1,"['Arena', 'Casa Giulietta']",Palazzo della Ragione,"['AMO', 'Museo Conte', 'Torre Lamberti', 'Centro Fotografia', 'Sighseeing']",Torre Lamberti,strategy_nearest,True,0.0031571388244628906,success
040FA73A9C4C80,0,['Arena'],Casa Giulietta,"['Centro Fotografia', 'Sighseeing', 'Torre Lamberti', 'Museo Conte', 'Museo Radio']",Torre Lamberti,strategy_nearest,True,0.004353046417236328,success
040FA3429C4C80,0,"['Teatro Romano', 'Torre Lamberti']",Arena,"['Verona Tour', 'Museo Lapidario', 'Museo Radio', 'San Fermo', 'Casa Giulietta']",Casa Giulietta,strategy_nearest,True,0.003232717514038086,success
040FAB429C4C80,0,['Arena'],Torre Lamberti,"['Sighseeing', 'Centro Fotografia', 'Museo Conte', 'Casa Giulietta', 'Palazzo della Ragione']",Casa Giulietta,strategy_nearest,True,0.0021882057189941406,success
040FA73A9C4C81,0,['Arena'],Casa Giulietta,"['Centro Fotografia', 'Sighseeing', 'Torre Lamberti', 'Museo Conte', 'Museo Radio']",Tomba Giulietta,strategy_nearest,False,0.003704071044921875,success
040FAE429C4C80,0,"['Torre Lamberti', 'Teatro Romano']",San Zeno,"['Castelvecchio', 'Verona Tour', 'Museo Lapidario', 'Arena', 'Museo Miniscalchi']",Castelvecchio,strategy_nearest,True,0.002955913543701172,success
040FAF429C4C80,3,"['Arena', 'Casa Giulietta']",Torre Lamberti,"['Sighseeing', 'Centro Fotografia', 'Museo Conte', 'Palazzo della Ragione', 'AMO']",Castelvecchio,strategy_nearest,False,0.0014247894287109375,success
040FB23A9C4C81,0,['Casa Giulietta'],Arena,"['Verona Tour', 'Museo Lapidario', 'Museo Radio', 'San Fermo', 'Sighseeing']",Torre Lamberti,strategy_nearest,False,0.003145933151245117,success
040FB03A9C4C81,3,"['Arena', 'Casa Giulietta']",Torre Lamberti,"['Sighseeing', 'Centro Fotografia', 'Museo Conte', 'Palazzo della Ragione', 'AMO']",Santa Anastasia,strategy_nearest,False,0.0022509098052978516,success
040FB4429C4C80,1,"['Arena', 'Torre Lamberti']",Palazzo della Ragione,"['AMO', 'Museo Conte', 'Centro Fotografia', 'Sighseeing', 'Santa Anastasia']",Casa Giulietta,strategy_nearest,False,0.0027561187744140625,success
040FB8429C4C81,0,['Tomba Giulietta'],Arena,"['Verona Tour', 'Museo Lapidario', 'Museo Radio', 'San Fermo', 'Casa Giulietta']",Casa Giulietta,strategy_nearest,True,0.0013511180877685547,success
040FBC429C4C81,3,"['Arena', 'San Fermo']",Santa Anastasia,"['AMO', 'Museo Conte', 'Palazzo della Ragione', 'Teatro Romano', 'Centro Fotografia']",Casa Giulietta,strategy_nearest,False,0.0028438568115234375,success
040FBE429C4C81,1,"['Arena', 'Tomba Giulietta', 'Torre Lamberti']",Palazzo della Ragione,"['AMO', 'Museo Conte', 'Centro Fotografia', 'Sighseeing', 'Santa Anastasia']",Casa Giulietta,strategy_nearest,False,0.003554105758666992,success
040FC63A9C4C80,0,['Teatro Romano'],Casa Giulietta,"['Centro Fotografia', 'Sighseeing', 'Torre Lamberti', 'Museo Conte', 'Museo Radio']",Arena,strategy_nearest,False,0.002465963363647461,success
040FC8429C4C81,3,"['Arena', 'Casa Giulietta']",Torre Lamberti,"['Sighseeing', 'Centro Fotografia', 'Museo Conte', 'Palazzo della Ragione', 'AMO']",Santa Anastasia,strategy_nearest,False,0.003376007080078125,success
040FE13A9C4C81,0,"['Casa Giulietta', 'Castelvecchio']",Arena,"['Verona Tour', 'Museo Lapidario', 'Museo Radio', 'San Fermo', 'Sighseeing']",Torre Lamberti,strategy_nearest,False,0.003406047821044922,success
040FED3A9C4C81,1,"['Torre Lamberti', 'Palazzo della Ragione']",Castelvecchio,"['Museo Lapidario', 'Verona Tour', 'Arena', 'Museo Radio', 'San Zeno']",Arena,strategy_nearest,True,0.0027549266815185547,success
040FF0BA7B3F81,0,"['Arena', 'Castelvecchio']",Torre Lamberti,"['Sighseeing', 'Centro Fotografia', 'Museo Conte', 'Casa Giulietta', 'Palazzo della Ragione']",Casa Giulietta,strategy_nearest,True,0.0029418468475341797,success
040FF53A9C4C81,1,['Arena'],Palazzo della Ragione,"['AMO', 'Museo Conte', 'Torre Lamberti', 'Centro Fotografia', 'Sighseeing']",Torre Lamberti,strategy_nearest,True,0.002611875534057617,success
040FFA3A9C4C81,2,['Duomo'],Casa Giulietta,"['Centro Fotografia', 'Sighseeing', 'Torre Lamberti', 'Museo Conte', 'Museo Radio']",Palazzo della Ragione,strategy_nearest,False,0.0026941299438476562,success
041062429C4C81,0,['Arena'],Casa Giulietta,"['Centro Fotografia', 'Sighseeing', 'Torre Lamberti', 'Museo Conte', 'Museo Radio']",Torre Lamberti,strategy_nearest,True,0.002665996551513672,success
041038429C4C81,3,"['Arena', 'Castelvecchio']",Casa Giulietta,"['Centro Fotografia', 'Sighseeing', 'Torre Lamberti', 'Museo Conte', 'Museo Radio']",Torre Lamberti,strategy_nearest,True,0.0029299259185791016,success
041079429C4C80,0,['Arena'],Castelvecchio,"['Museo Lapidario', 'Verona Tour', 'Museo Radio', 'San Zeno', 'Sighseeing']",Casa Giulietta,strategy_nearest,False,0.0030660629272460938,success
041069429C4C80,1,"['Casa Giulietta', 'Arena']",Tomba Giulietta,"['San Fermo', 'Museo Storia', 'Museo Lapidario', 'Museo Radio', 'Verona Tour']",Giardino Giusti,strategy_nearest,False,0.002468109130859375,success
041080429C4C80,1,"['Arena', 'Casa Giulietta']",Palazzo della Ragione,"['AMO', 'Museo Conte', 'Torre Lamberti', 'Centro Fotografia', 'Sighseeing']",Torre Lamberti,strategy_nearest,True,0.002313852310180664,success
04107A4A9C4C80,3,"['Arena', 'Castelvecchio']",Teatro Romano,"['Santa Anastasia', 'Duomo', 'AMO', 'Palazzo della Ragione', 'Museo Conte']",Santa Anastasia,strategy_nearest,True,0.0026340484619140625,success
04107B429C4C80,0,['Arena'],Casa Giulietta,"['Centro Fotografia', 'Sighseeing', 'Torre Lamberti', 'Museo Conte', 'Museo Radio']",Teatro Romano,strategy_nearest,False,0.0031609535217285156,success
0410823A9C4C80,0,['Duomo'],Casa Giulietta,"['Centro Fotografia', 'Sighseeing', 'Torre Lamberti', 'Museo Conte', 'Museo Radio']",Arena,strategy_nearest,False,0.003498077392578125,success
041083429C4C81,0,"['Casa Giulietta', 'Arena']",Castelvecchio,"['Museo Lapidario', 'Verona Tour', 'Museo Radio', 'San Zeno', 'Sighseeing']",Duomo,strategy_nearest,False,0.0019152164459228516,success
041085429C4C80,0,['Castelvecchio'],Arena,"['Verona Tour', 'Museo Lapidario', 'Museo Radio', 'San Fermo', 'Casa Giulietta']",Casa Giulietta,strategy_nearest,True,0.00251007080078125,success
04108A429C4C81,3,"['Arena', 'Casa Giulietta']",Torre Lamberti,"['Sighseeing', 'Centro Fotografia', 'Museo Conte', 'Palazzo della Ragione', 'AMO']",Santa Anastasia,strategy_nearest,False,0.004286050796508789,success
041090429C4C81,3,"['Arena', 'Torre Lamberti']",Casa Giulietta,"['Centro Fotografia', 'Sighseeing', 'Museo Conte', 'Museo Radio', 'Palazzo della Ragione']",San Fermo,strategy_nearest,False,0.003270864486694336,success
04108F3A9C4C80,1,"['Casa Giulietta', 'Torre Lamberti', 'Palazzo della Ragione']",Santa Anastasia,"['AMO', 'Museo Conte', 'Teatro Romano', 'Centro Fotografia', 'Duomo']",Duomo,strategy_nearest,True,0.0025920867919921875,success
04108F3A9C4C81,0,['Tomba Giulietta'],Casa Giulietta,"['Centro Fotografia', 'Sighseeing', 'Torre Lamberti', 'Museo Conte', 'Museo Radio']",Arena,strategy_nearest,False,0.0026679039001464844,success
0410A0429C4C81,1,"['Casa Giulietta', 'Arena']",Torre Lamberti,"['Sighseeing', 'Centro Fotografia', 'Museo Conte', 'Palazzo della Ragione', 'AMO']",Palazzo della Ragione,strategy_nearest,True,0.0024328231811523438,success
0410A472743381,2,"['Casa Giulietta', 'Torre Lamberti', 'Santa Anastasia']",Teatro Romano,"['Duomo', 'AMO', 'Palazzo della Ragione', 'Museo Conte', 'Centro Fotografia']",Castelvecchio,strategy_nearest,False,0.0022153854370117188,success
0410A672743381,2,"['Torre Lamberti', 'Duomo']",Castelvecchio,"['Museo Lapidario', 'Verona Tour', 'Arena', 'Museo Radio', 'San Zeno']",Casa Giulietta,strategy_nearest,False,0.003448009490966797,success
0410A9429C4C80,3,"['Teatro Romano', 'Santa Anastasia']",Casa Giulietta,"['Centro Fotografia', 'Sighseeing', 'Torre Lamberti', 'Museo Conte', 'Museo Radio']",Torre Lamberti,strategy_nearest,True,0.0025501251220703125,success
0410AA429C4C80,3,"['Arena', 'Museo Lapidario', 'Tomba Giulietta', 'San Fermo']",Casa Giulietta,"['Centro Fotografia', 'Sighseeing', 'Torre Lamberti', 'Museo Conte', 'Museo Radio']",Torre Lamberti,strategy_nearest,True,0.0031189918518066406,success
0410AE429C4C80,0,['Arena'],Duomo,"['AMO', 'Museo Miniscalchi', 'Santa Anastasia', 'Teatro Romano', 'Palazzo della Ragione']",Torre Lamberti,strategy_nearest,False,0.0018489360809326172,success
0410AB429C4C80,3,"['Arena', 'Tomba Giulietta', 'San Fermo']",Casa Giulietta,"['Centro Fotografia', 'Sighseeing', 'Torre Lamberti', 'Museo Conte', 'Museo Radio']",Santa Anastasia,strategy_nearest,False,0.0027883052825927734,success
0410AF429C4C80,0,['Museo Lapidario'],Arena,"['Verona Tour', 'Museo Radio', 'San Fermo', 'Casa Giulietta', 'Sighseeing']",Casa Giulietta,strategy_nearest,True,0.0033578872680664062,success
0410AF429C4C81,2,"['Museo Lapidario', 'Casa Giulietta']",Palazzo della Ragione,"['AMO', 'Museo Conte', 'Torre Lamberti', 'Centro Fotografia', 'Sighseeing']",Torre Lamberti,strategy_nearest,True,0.0025119781494140625,success
0410B4429C4C80,1,"['Arena', 'Casa Giulietta']",Torre Lamberti,"['Sighseeing', 'Centro Fotografia', 'Museo Conte', 'Palazzo della Ragione', 'AMO']",Palazzo della Ragione,strategy_nearest,True,0.0033419132232666016,success
0410B0429C4C80,1,['Arena'],Casa Giulietta,"['Centro Fotografia', 'Sighseeing', 'Torre Lamberti', 'Museo Conte', 'Museo Radio']",Palazzo della Ragione,strategy_nearest,False,0.0025658607482910156,success
0410B5429C4C80,0,"['Casa Giulietta', 'Arena']",Museo Lapidario,"['Verona Tour', 'Castelvecchio', 'Museo Radio', 'San Fermo', 'Tomba Giulietta']",Castelvecchio,strategy_nearest,True,0.003171205520629883,success
0410B5429C4C81,1,"['Casa Giulietta', 'Torre Lamberti', 'Palazzo della Ragione']",Santa Anastasia,"['AMO', 'Museo Conte', 'Teatro Romano', 'Centro Fotografia', 'Duomo']",Duomo,strategy_nearest,True,0.0024330615997314453,success
0410B93A9C4C80,0,['Arena'],Casa Giulietta,"['Centro Fotografia', 'Sighseeing', 'Torre Lamberti', 'Museo Conte', 'Museo Radio']",Tomba Giulietta,strategy_nearest,False,0.0024900436401367188,success
0410BA429C4C80,1,"['Arena', 'Casa Giulietta']",Torre Lamberti,"['Sighseeing', 'Centro Fotografia', 'Museo Conte', 'Palazzo della Ragione', 'AMO']",Palazzo della Ragione,strategy_nearest,True,0.00263214111328125,success
0410BE429C4C80,3,"['Castelvecchio', 'Teatro Romano']",Duomo,"['AMO', 'Museo Miniscalchi', 'Santa Anastasia', 'Palazzo della Ragione', 'Museo Conte']",Casa Giulietta,strategy_nearest,False,0.0032651424407958984,success
0410C1429C4C81,3,"['San Zeno', 'Arena']",Torre Lamberti,"['Sighseeing', 'Centro Fotografia', 'Museo Conte', 'Casa Giulietta', 'Palazzo della Ragione']",Santa Anastasia,strategy_nearest,False,0.002498149871826172,success
0410BE429C4C81,0,"['Arena', 'Tomba Giulietta']",Castelvecchio,"['Museo Lapidario', 'Verona Tour', 'Museo Radio', 'San Zeno', 'Sighseeing']",San Zeno,strategy_nearest,True,0.003144979476928711,success
0410C43A9C4C81,1,"['Arena', 'Casa Giulietta', 'Palazzo della Ragione']",Torre Lamberti,"['Sighseeing', 'Centro Fotografia', 'Museo Conte', 'AMO', 'Museo Miniscalchi']",Teatro Romano,strategy_nearest,False,0.0014290809631347656,success
0410C3429C4C80,1,"['Arena', 'Torre Lamberti', 'Santa Anastasia']",Duomo,"['AMO', 'Museo Miniscalchi', 'Teatro Romano', 'Palazzo della Ragione', 'Museo Conte']",Casa Giulietta,strategy_nearest,False,0.003905057907104492,success
0410C3BA7B3F80,3,"['Torre Lamberti', 'Santa Anastasia', 'Duomo']",Arena,"['Verona Tour', 'Museo Lapidario', 'Museo Radio', 'San Fermo', 'Casa Giulietta']",Castelvecchio,strategy_nearest,False,0.003281831741333008,success
0410C63A9C4C80,1,"['Museo Lapidario', 'Arena']",Torre Lamberti,"['Sighseeing', 'Centro Fotografia', 'Museo Conte', 'Casa Giulietta', 'Palazzo della Ragione']",Palazzo della Ragione,strategy_nearest,True,0.0032830238342285156,success
0410C8429C4C81,0,"['Casa Giulietta', 'Torre Lamberti']",Teatro Romano,"['Santa Anastasia', 'Duomo', 'AMO', 'Palazzo della Ragione', 'Museo Conte']",Tomba Giulietta,strategy_nearest,False,0.002573728561401367,success
0410C7BA7B3F80,1,['Arena'],Palazzo della Ragione,"['AMO', 'Museo Conte', 'Torre Lamberti', 'Centro Fotografia', 'Sighseeing']",Casa Giulietta,strategy_nearest,False,0.001949310302734375,success
0410C9BA7B3F80,3,"['Casa Giulietta', 'Torre Lamberti', 'Arena']",Santa Anastasia,"['AMO', 'Museo Conte', 'Palazzo della Ragione', 'Teatro Romano', 'Centro Fotografia']",Duomo,strategy_nearest,False,0.0026302337646484375,success
0410CA3A9C4C81,0,['Arena'],Casa Giulietta,"['Centro Fotografia', 'Sighseeing', 'Torre Lamberti', 'Museo Conte', 'Museo Radio']",Torre Lamberti,strategy_nearest,True,0.0038840770721435547,success
0410CA429C4C81,0,['Casa Giulietta'],Torre Lamberti,"['Sighseeing', 'Centro Fotografia', 'Museo Conte', 'Palazzo della Ragione', 'AMO']",Arena,strategy_nearest,False,0.0019609928131103516,success
0410CABA7B3F80,3,"['Torre Lamberti', 'Duomo']",Arena,"['Verona Tour', 'Museo Lapidario', 'Museo Radio', 'San Fermo', 'Casa Giulietta']",Castelvecchio,strategy_nearest,False,0.0025300979614257812,success
0410F53A9C4C81,1,['Arena'],Teatro Romano,"['Santa Anastasia', 'Duomo', 'AMO', 'Palazzo della Ragione', 'Museo Conte']",Palazzo della Ragione,strategy_nearest,True,0.0030188560485839844,success
041144429C4C81,3,['Arena'],Castelvecchio,"['Museo Lapidario', 'Verona Tour', 'Museo Radio', 'San Zeno', 'Sighseeing']",Torre Lamberti,strategy_nearest,False,0.0027589797973632812,success
0411373A9C4C81,1,"['Arena', 'Casa Giulietta', 'Palazzo della Ragione']",Torre Lamberti,"['Sighseeing', 'Centro Fotografia', 'Museo Conte', 'AMO', 'Museo Miniscalchi']",Santa Anastasia,strategy_nearest,False,0.002190113067626953,success
04115C429C4C81,0,['Duomo'],Castelvecchio,"['Museo Lapidario', 'Verona Tour', 'Arena', 'Museo Radio', 'San Zeno']",Arena,strategy_nearest,True,0.0034198760986328125,success
041172429C4C80,1,"['Arena', 'Casa Giulietta']",Palazzo della Ragione,"['AMO', 'Museo Conte', 'Torre Lamberti', 'Centro Fotografia', 'Sighseeing']",Torre Lamberti,strategy_nearest,True,0.0029668807983398438,success
041175BA7B3F80,0,['Arena'],Castelvecchio,"['Museo Lapidario', 'Verona Tour', 'Museo Radio', 'San Zeno', 'Sighseeing']",Casa Giulietta,strategy_nearest,False,0.0024843215942382812,success
041173429C4C81,1,"['Arena', 'Casa Giulietta']",Palazzo della Ragione,"['AMO', 'Museo Conte', 'Torre Lamberti', 'Centro Fotografia', 'Sighseeing']",Torre Lamberti,strategy_nearest,True,0.0033440589904785156,success
04117A3A9C4C80,3,"['Casa Giulietta', 'Torre Lamberti']",Castelvecchio,"['Museo Lapidario', 'Verona Tour', 'Arena', 'Museo Radio', 'San Zeno']",Arena,strategy_nearest,True,0.0031549930572509766,success
04117B429C4C80,0,['Arena'],Castelvecchio,"['Museo Lapidario', 'Verona Tour', 'Museo Radio', 'San Zeno', 'Sighseeing']",Torre Lamberti,strategy_nearest,False,0.0026090145111083984,success
04117C4A9C4C81,3,['Arena'],Casa Giulietta,"['Centro Fotografia', 'Sighseeing', 'Torre Lamberti', 'Museo Conte', 'Museo Radio']",Santa Anastasia,strategy_nearest,False,0.002722024917602539,success
04117D3A9C4C80,3,['Santa Anastasia'],Torre Lamberti,"['Sighseeing', 'Centro Fotografia', 'Museo Conte', 'Casa Giulietta', 'Palazzo della Ragione']",Arena,strategy_nearest,False,0.003368854522705078,success
04117D3A9C4C81,3,"['Arena', 'Casa Giulietta']",Torre Lamberti,"['Sighseeing', 'Centro Fotografia', 'Museo Conte', 'Palazzo della Ragione', 'AMO']",Teatro Romano,strategy_nearest,False,0.002986907958984375,success
0411823A9C4C81,1,"['Arena', 'Castelvecchio']",Casa Giulietta,"['Centro Fotografia', 'Sighseeing', 'Torre Lamberti', 'Museo Conte', 'Museo Radio']",Torre Lamberti,strategy_nearest,True,0.0030858516693115234,success
041180429C4C81,0,"['Arena', 'Casa Giulietta']",Torre Lamberti,"['Sighseeing', 'Centro Fotografia', 'Museo Conte', 'Palazzo della Ragione', 'AMO']",Castelvecchio,strategy_nearest,False,0.002605915069580078,success
0411843A9C4C81,0,"['Teatro Romano', 'Torre Lamberti']",Casa Giulietta,"['Centro Fotografia', 'Sighseeing', 'Museo Conte', 'Museo Radio', 'Palazzo della Ragione']",Arena,strategy_nearest,False,0.0033059120178222656,success
0411853A9C4C80,1,"['Arena', 'Torre Lamberti']",Palazzo della Ragione,"['AMO', 'Museo Conte', 'Centro Fotografia', 'Sighseeing', 'Santa Anastasia']",Casa Giulietta,strategy_nearest,False,0.003198862075805664,success
041186429C4C81,3,"['Arena', 'Torre Lamberti']",Casa Giulietta,"['Centro Fotografia', 'Sighseeing', 'Museo Conte', 'Museo Radio', 'Palazzo della Ragione']",Duomo,strategy_nearest,False,0.0025186538696289062,success
0411893A9C4C80,3,"['Arena', 'Santa Anastasia']",Duomo,"['AMO', 'Museo Miniscalchi', 'Teatro Romano', 'Palazzo della Ragione', 'Museo Conte']",Casa Giulietta,strategy_nearest,False,0.003259897232055664,success
04118C429C4C81,3,"['Arena', 'Museo Lapidario', 'Castelvecchio']",Santa Anastasia,"['AMO', 'Museo Conte', 'Palazzo della Ragione', 'Teatro Romano', 'Centro Fotografia']",Torre Lamberti,strategy_nearest,False,0.0029900074005126953,success
04118B429C4C81,2,"['San Fermo', 'Casa Giulietta', 'Torre Lamberti']",Palazzo della Ragione,"['AMO', 'Museo Conte', 'Centro Fotografia', 'Sighseeing', 'Santa Anastasia']",Teatro Romano,strategy_nearest,False,0.0033941268920898438,success
04118D429C4C81,0,['Arena'],Casa Giulietta,"['Centro Fotografia', 'Sighseeing', 'Torre Lamberti', 'Museo Conte', 'Museo Radio']",Torre Lamberti,strategy_nearest,True,0.0034601688385009766,success
04118E429C4C81,3,['Arena'],Santa Anastasia,"['AMO', 'Museo Conte', 'Palazzo della Ragione', 'Teatro Romano', 'Centro Fotografia']",Torre Lamberti,strategy_nearest,False,0.0033032894134521484,success
04118F3A9C4C81,0,['Arena'],Casa Giulietta,"['Centro Fotografia', 'Sighseeing', 'Torre Lamberti', 'Museo Conte', 'Museo Radio']",Torre Lamberti,strategy_nearest,True,0.002713918685913086,success
04118F4A9C4C80,0,['Arena'],Casa Giulietta,"['Centro Fotografia', 'Sighseeing', 'Torre Lamberti', 'Museo Conte', 'Museo Radio']",Santa Anastasia,strategy_nearest,False,0.0035119056701660156,success
041191429C4C81,0,['Casa Giulietta'],Arena,"['Verona Tour', 'Museo Lapidario', 'Museo Radio', 'San Fermo', 'Sighseeing']",Tomba Giulietta,strategy_nearest,False,0.002579927444458008,success
0411954A9C4C80,1,"['Arena', 'Museo Lapidario']",Casa Giulietta,"['Centro Fotografia', 'Sighseeing', 'Torre Lamberti', 'Museo Conte', 'Museo Radio']",Torre Lamberti,strategy_nearest,True,0.0029299259185791016,success
04119F429C4C80,0,['Arena'],Castelvecchio,"['Museo Lapidario', 'Verona Tour', 'Museo Radio', 'San Zeno', 'Sighseeing']",Casa Giulietta,strategy_nearest,False,0.0027611255645751953,success
0411A472743380,3,"['Arena', 'Casa Giulietta', 'Museo Lapidario', 'Castelvecchio']",Santa Anastasia,"['AMO', 'Museo Conte', 'Palazzo della Ragione', 'Teatro Romano', 'Centro Fotografia']",Duomo,strategy_nearest,False,0.0025451183319091797,success
0411A53A9C4C81,1,['Arena'],Castelvecchio,"['Museo Lapidario', 'Verona Tour', 'Museo Radio', 'San Zeno', 'Sighseeing']",Santa Anastasia,strategy_nearest,False,0.003242969512939453,success
0411A7429C4C80,0,['Torre Lamberti'],Casa Giulietta,"['Centro Fotografia', 'Sighseeing', 'Museo Conte', 'Museo Radio', 'Palazzo della Ragione']",Arena,strategy_nearest,False,0.0025610923767089844,success
0411A672743381,3,"['Arena', 'Castelvecchio']",Casa Giulietta,"['Centro Fotografia', 'Sighseeing', 'Torre Lamberti', 'Museo Conte', 'Museo Radio']",Santa Anastasia,strategy_nearest,False,0.002550840377807617,success
0411A772743380,3,"['Casa Giulietta', 'Santa Anastasia']",Torre Lamberti,"['Sighseeing', 'Centro Fotografia', 'Museo Conte', 'Palazzo della Ragione', 'AMO']",Arena,strategy_nearest,False,0.0032579898834228516,success
0411A93A9C4C80,3,['Arena'],Santa Anastasia,"['AMO', 'Museo Conte', 'Palazzo della Ragione', 'Teatro Romano', 'Centro Fotografia']",Torre Lamberti,strategy_nearest,False,0.0025620460510253906,success
0411A872743380,1,"['Museo Storia', 'Arena', 'Castelvecchio']",Casa Giulietta,"['Centro Fotografia', 'Sighseeing', 'Torre Lamberti', 'Museo Conte', 'Museo Radio']",Torre Lamberti,strategy_nearest,True,0.0026259422302246094,success
0411A9429C4C80,0,['Museo Lapidario'],Arena,"['Verona Tour', 'Museo Radio', 'San Fermo', 'Casa Giulietta', 'Sighseeing']",Torre Lamberti,strategy_nearest,False,0.003203868865966797,success
0411AF429C4C81,2,"['Museo Lapidario', 'Casa Giulietta']",Palazzo della Ragione,"['AMO', 'Museo Conte', 'Torre Lamberti', 'Centro Fotografia', 'Sighseeing']",Torre Lamberti,strategy_nearest,True,0.002691030502319336,success
0411AE429C4C81,3,"['Teatro Romano', 'San Zeno', 'Arena']",Torre Lamberti,"['Sighseeing', 'Centro Fotografia', 'Museo Conte', 'Casa Giulietta', 'Palazzo della Ragione']",Santa Anastasia,strategy_nearest,False,0.002919912338256836,success
0411B2BA7B3F80,3,"['Casa Giulietta', 'Arena']",Torre Lamberti,"['Sighseeing', 'Centro Fotografia', 'Museo Conte', 'Palazzo della Ragione', 'AMO']",Santa Anastasia,strategy_nearest,False,0.0024950504302978516,success
0411B3429C4C80,0,"['Casa Giulietta', 'Arena']",San Zeno,"['Castelvecchio', 'Verona Tour', 'Museo Lapidario', 'Museo Miniscalchi', 'Sighseeing']",Torre Lamberti,strategy_nearest,False,0.0018157958984375,success
0411B0429C4C80,1,['Casa Giulietta'],Palazzo della Ragione,"['AMO', 'Museo Conte', 'Torre Lamberti', 'Centro Fotografia', 'Sighseeing']",Santa Anastasia,strategy_nearest,False,0.0034019947052001953,success
0411BA429C4C81,1,"['Castelvecchio', 'Arena', 'Torre Lamberti']",Palazzo della Ragione,"['AMO', 'Museo Conte', 'Centro Fotografia', 'Sighseeing', 'Santa Anastasia']",Casa Giulietta,strategy_nearest,False,0.002624988555908203,success
0411BE3A9C4C80,0,['Castelvecchio'],Arena,"['Verona Tour', 'Museo Lapidario', 'Museo Radio', 'San Fermo', 'Casa Giulietta']",Torre Lamberti,strategy_nearest,False,0.0024597644805908203,success
0411B3429C4C81,0,"['Arena', 'Casa Giulietta']",Castelvecchio,"['Museo Lapidario', 'Verona Tour', 'Museo Radio', 'San Zeno', 'Sighseeing']",Duomo,strategy_nearest,False,0.002096891403198242,success
0411BF3A9C4C81,1,"['Arena', 'Casa Giulietta']",Torre Lamberti,"['Sighseeing', 'Centro Fotografia', 'Museo Conte', 'Palazzo della Ragione', 'AMO']",Palazzo della Ragione,strategy_nearest,True,0.003100156784057617,success
0411BFBA7B3F80,3,"['Casa Giulietta', 'Torre Lamberti', 'Arena']",San Zeno,"['Castelvecchio', 'Verona Tour', 'Museo Lapidario', 'Museo Miniscalchi', 'Sighseeing']",Duomo,strategy_nearest,False,0.002779722213745117,success
0411C0429C4C80,1,"['Casa Giulietta', 'Castelvecchio']",Arena,"['Verona Tour', 'Museo Lapidario', 'Museo Radio', 'San Fermo', 'Sighseeing']",Tomba Giulietta,strategy_nearest,False,0.003297090530395508,success
0411C13A9C4C80,1,"['Arena', 'Casa Giulietta']",Torre Lamberti,"['Sighseeing', 'Centro Fotografia', 'Museo Conte', 'Palazzo della Ragione', 'AMO']",Palazzo della Ragione,strategy_nearest,True,0.0026979446411132812,success
0411C43A9C4C80,1,"['Arena', 'Casa Giulietta']",Torre Lamberti,"['Sighseeing', 'Centro Fotografia', 'Museo Conte', 'Palazzo della Ragione', 'AMO']",Palazzo della Ragione,strategy_nearest,True,0.002824068069458008,success
0411C4429C4C80,0,['Arena'],Torre Lamberti,"['Sighseeing', 'Centro Fotografia', 'Museo Conte', 'Casa Giulietta', 'Palazzo della Ragione']",Teatro Romano,strategy_nearest,False,0.0031790733337402344,success
0411C53A9C4C80,3,"['Arena', 'Santa Anastasia']",Torre Lamberti,"['Sighseeing', 'Centro Fotografia', 'Museo Conte', 'Casa Giulietta', 'Palazzo della Ragione']",San Fermo,strategy_nearest,False,0.0025632381439208984,success
0411C7429C4C81,3,"['Arena', 'Castelvecchio']",Torre Lamberti,"['Sighseeing', 'Centro Fotografia', 'Museo Conte', 'Casa Giulietta', 'Palazzo della Ragione']",Teatro Romano,strategy_nearest,False,0.003365039825439453,success
0411CCBA7B3F80,3,"['Casa Giulietta', 'Torre Lamberti', 'Arena']",San Zeno,"['Castelvecchio', 'Verona Tour', 'Museo Lapidario', 'Museo Miniscalchi', 'Sighseeing']",Giardino Giusti,strategy_nearest,False,0.0032587051391601562,success
0411C73A9C4C80,3,['Teatro Romano'],Torre Lamberti,"['Sighseeing', 'Centro Fotografia', 'Museo Conte', 'Casa Giulietta', 'Palazzo della Ragione']",Arena,strategy_nearest,False,0.002674102783203125,success
0411D1BA7B3F80,3,"['Casa Giulietta', 'Torre Lamberti', 'Arena']",Santa Anastasia,"['AMO', 'Museo Conte', 'Palazzo della Ragione', 'Teatro Romano', 'Centro Fotografia']",Duomo,strategy_nearest,False,0.003314971923828125,success
0411E93A9C4C81,0,['Arena'],Santa Anastasia,"['AMO', 'Museo Conte', 'Palazzo della Ragione', 'Teatro Romano', 'Centro Fotografia']",Casa Giulietta,strategy_nearest,False,0.0015151500701904297,success
0411D1BA7B3F81,1,"['Arena', 'Casa Giulietta']",Palazzo della Ragione,"['AMO', 'Museo Conte', 'Torre Lamberti', 'Centro Fotografia', 'Sighseeing']",Torre Lamberti,strategy_nearest,True,0.0021681785583496094,success
0411EA3A9C4C81,3,"['Castelvecchio', 'San Zeno']",Santa Anastasia,"['AMO', 'Museo Conte', 'Palazzo della Ragione', 'Teatro Romano', 'Centro Fotografia']",Duomo,strategy_nearest,False,0.0031309127807617188,success
0411F53A9C4C81,3,"['Arena', 'Casa Giulietta']",Torre Lamberti,"['Sighseeing', 'Centro Fotografia', 'Museo Conte', 'Palazzo della Ragione', 'AMO']",Santa Anastasia,strategy_nearest,False,0.0019321441650390625,success
0411F83A9C4C81,3,"['San Zeno', 'Santa Anastasia']",Duomo,"['AMO', 'Museo Miniscalchi', 'Teatro Romano', 'Palazzo della Ragione', 'Museo Conte']",Casa Giulietta,strategy_nearest,False,0.0031397342681884766,success
0411F73A9C4C81,0,"['Torre Lamberti', 'Arena']",Castelvecchio,"['Museo Lapidario', 'Verona Tour', 'Museo Radio', 'San Zeno', 'Sighseeing']",Giardino Giusti,strategy_nearest,False,0.002747774124145508,success
04123D3A9C4C81,1,"['Arena', 'Casa Giulietta', 'Torre Lamberti']",Palazzo della Ragione,"['AMO', 'Museo Conte', 'Centro Fotografia', 'Sighseeing', 'Santa Anastasia']",Teatro Romano,strategy_nearest,False,0.003317117691040039,success
04123B429C4C81,0,['Arena'],Teatro Romano,"['Santa Anastasia', 'Duomo', 'AMO', 'Palazzo della Ragione', 'Museo Conte']",Casa Giulietta,strategy_nearest,False,0.0023179054260253906,success
04124EBA7B3F81,1,"['Arena', 'Casa Giulietta']",Palazzo della Ragione,"['AMO', 'Museo Conte', 'Torre Lamberti', 'Centro Fotografia', 'Sighseeing']",Torre Lamberti,strategy_nearest,True,0.002814054489135742,success
041265429C4C81,0,"['Casa Giulietta', 'Castelvecchio']",San Zeno,"['Verona Tour', 'Museo Lapidario', 'Arena', 'Museo Miniscalchi', 'Sighseeing']",Arena,strategy_nearest,True,0.00356292724609375,success
0412753A9C4C80,0,"['San Fermo', 'Teatro Romano']",Casa Giulietta,"['Centro Fotografia', 'Sighseeing', 'Torre Lamberti', 'Museo Conte', 'Museo Radio']",Torre Lamberti,strategy_nearest,True,0.003223896026611328,success
041267BA7B3F81,1,"['Arena', 'Casa Giulietta']",Palazzo della Ragione,"['AMO', 'Museo Conte', 'Torre Lamberti', 'Centro Fotografia', 'Sighseeing']",Torre Lamberti,strategy_nearest,True,0.0026018619537353516,success
0412733A9C4C80,1,"['Arena', 'Castelvecchio', 'San Zeno']",Santa Anastasia,"['AMO', 'Museo Conte', 'Palazzo della Ragione', 'Teatro Romano', 'Centro Fotografia']",Duomo,strategy_nearest,False,0.0026051998138427734,success
0412784A9C4C80,3,"['Arena', 'San Fermo']",Santa Anastasia,"['AMO', 'Museo Conte', 'Palazzo della Ragione', 'Teatro Romano', 'Centro Fotografia']",Teatro Romano,strategy_nearest,True,0.002064228057861328,success
04127B429C4C80,3,"['Teatro Romano', 'San Zeno', 'Castelvecchio']",Santa Anastasia,"['AMO', 'Museo Conte', 'Palazzo della Ragione', 'Centro Fotografia', 'Duomo']",San Fermo,strategy_nearest,False,0.002290010452270508,success
0412794A9C4C80,1,"['Torre Lamberti', 'Torre Lamberti', 'Palazzo della Ragione']",Duomo,"['AMO', 'Museo Miniscalchi', 'Santa Anastasia', 'Teatro Romano', 'Museo Conte']",Teatro Romano,strategy_nearest,True,0.0030269622802734375,success
04127B4A9C4C81,1,"['Torre Lamberti', 'Palazzo della Ragione']",Casa Giulietta,"['Centro Fotografia', 'Sighseeing', 'Museo Conte', 'Museo Radio', 'San Fermo']",Arena,strategy_nearest,False,0.0034427642822265625,success
04127C4A9C4C81,1,"['Arena', 'San Zeno', 'Casa Giulietta']",Palazzo della Ragione,"['AMO', 'Museo Conte', 'Torre Lamberti', 'Centro Fotografia', 'Sighseeing']",Torre Lamberti,strategy_nearest,True,0.002507925033569336,success
04127E429C4C80,1,"['Arena', 'Casa Giulietta']",Palazzo della Ragione,"['AMO', 'Museo Conte', 'Torre Lamberti', 'Centro Fotografia', 'Sighseeing']",Torre Lamberti,strategy_nearest,True,0.002087831497192383,success
04127E3A9C4C81,1,['Casa Giulietta'],Torre Lamberti,"['Sighseeing', 'Centro Fotografia', 'Museo Conte', 'Palazzo della Ragione', 'AMO']",Palazzo della Ragione,strategy_nearest,True,0.002866983413696289,success
04127E429C4C81,3,['Arena'],Torre Lamberti,"['Sighseeing', 'Centro Fotografia', 'Museo Conte', 'Casa Giulietta', 'Palazzo della Ragione']",Casa Giulietta,strategy_nearest,True,0.002529144287109375,success
0412823A9C4C80,0,"['Arena', 'San Fermo']",Casa Giulietta,"['Centro Fotografia', 'Sighseeing', 'Torre Lamberti', 'Museo Conte', 'Museo Radio']",Duomo,strategy_nearest,False,0.0024170875549316406,success
0412803A9C4C80,1,"['Palazzo della Ragione', 'Santa Anastasia']",Casa Giulietta,"['Centro Fotografia', 'Sighseeing', 'Torre Lamberti', 'Museo Conte', 'Museo Radio']",Arena,strategy_nearest,False,0.0033059120178222656,success
0412833A9C4C80,3,"['Torre Lamberti', 'Santa Anastasia', 'Duomo']",Teatro Romano,"['AMO', 'Palazzo della Ragione', 'Museo Conte', 'Centro Fotografia', 'Museo Miniscalchi']",Casa Giulietta,strategy_nearest,False,0.0031862258911132812,success
041280429C4C80,3,"['Arena', 'Casa Giulietta', 'Torre Lamberti']",Santa Anastasia,"['AMO', 'Museo Conte', 'Palazzo della Ragione', 'Teatro Romano', 'Centro Fotografia']",Teatro Romano,strategy_nearest,True,0.0033578872680664062,success
0412893A9C4C80,0,['Castelvecchio'],Arena,"['Verona Tour', 'Museo Lapidario', 'Museo Radio', 'San Fermo', 'Casa Giulietta']",Casa Giulietta,strategy_nearest,True,0.0027718544006347656,success
04128F3A9C4C80,1,"['Palazzo della Ragione', 'Torre Lamberti', 'Santa Anastasia']",Duomo,"['AMO', 'Museo Miniscalchi', 'Teatro Romano', 'Museo Conte', 'Centro Fotografia']",Teatro Romano,strategy_nearest,True,0.0021049976348876953,success
0412944A9C4C80,0,"['Arena', 'Casa Giulietta']",Torre Lamberti,"['Sighseeing', 'Centro Fotografia', 'Museo Conte', 'Palazzo della Ragione', 'AMO']",San Fermo,strategy_nearest,False,0.0027358531951904297,success
0412924A9C4C81,3,"['Arena', 'Casa Giulietta', 'Torre Lamberti']",Santa Anastasia,"['AMO', 'Museo Conte', 'Palazzo della Ragione', 'Teatro Romano', 'Centro Fotografia']",Castelvecchio,strategy_nearest,False,0.003387928009033203,success
0412A7429C4C80,0,['Duomo'],Teatro Romano,"['Santa Anastasia', 'AMO', 'Palazzo della Ragione', 'Museo Conte', 'Centro Fotografia']",Casa Giulietta,strategy_nearest,False,0.0023839473724365234,success
0412A83A9C4C81,0,['Arena'],Torre Lamberti,"['Sighseeing', 'Centro Fotografia', 'Museo Conte', 'Casa Giulietta', 'Palazzo della Ragione']",Casa Giulietta,strategy_nearest,True,0.0027599334716796875,success
0412954A9C4C81,0,['Arena'],Torre Lamberti,"['Sighseeing', 'Centro Fotografia', 'Museo Conte', 'Casa Giulietta', 'Palazzo della Ragione']",San Zeno,strategy_nearest,False,0.002792835235595703,success
0412B0429C4C81,1,"['Castelvecchio', 'Arena']",Santa Anastasia,"['AMO', 'Museo Conte', 'Palazzo della Ragione', 'Teatro Romano', 'Centro Fotografia']",Duomo,strategy_nearest,False,0.0026159286499023438,success
0412A572743380,1,"['Arena', 'Casa Giulietta', 'Torre Lamberti', 'Palazzo della Ragione', 'San Fermo']",Museo Lapidario,"['Verona Tour', 'Castelvecchio', 'Museo Radio', 'Tomba Giulietta', 'Sighseeing']",Castelvecchio,strategy_nearest,True,0.005079746246337891,success
0412BB429C4C80,1,"['Arena', 'Casa Giulietta']",Palazzo della Ragione,"['AMO', 'Museo Conte', 'Torre Lamberti', 'Centro Fotografia', 'Sighseeing']",Torre Lamberti,strategy_nearest,True,0.0026979446411132812,success
0412B9429C4C80,0,"['Arena', 'Casa Giulietta']",Tomba Giulietta,"['San Fermo', 'Museo Storia', 'Museo Lapidario', 'Museo Radio', 'Verona Tour']",Castelvecchio,strategy_nearest,False,0.002045154571533203,success
0412C0429C4C81,3,"['Arena', 'Casa Giulietta']",Santa Anastasia,"['AMO', 'Museo Conte', 'Palazzo della Ragione', 'Teatro Romano', 'Centro Fotografia']",Torre Lamberti,strategy_nearest,False,0.0027608871459960938,success
0412C1429C4C80,0,['Arena'],Torre Lamberti,"['Sighseeing', 'Centro Fotografia', 'Museo Conte', 'Casa Giulietta', 'Palazzo della Ragione']",Duomo,strategy_nearest,False,0.0035161972045898438,success
0412CD3A9C4C80,3,"['Arena', 'Casa Giulietta']",Torre Lamberti,"['Sighseeing', 'Centro Fotografia', 'Museo Conte', 'Palazzo della Ragione', 'AMO']",Santa Anastasia,strategy_nearest,False,0.002299785614013672,success
0412C73A9C4C80,0,['Arena'],Casa Giulietta,"['Centro Fotografia', 'Sighseeing', 'Torre Lamberti', 'Museo Conte', 'Museo Radio']",Torre Lamberti,strategy_nearest,True,0.0022139549255371094,success
0412CA429C4C81,1,"['Casa Giulietta', 'Torre Lamberti']",Palazzo della Ragione,"['AMO', 'Museo Conte', 'Centro Fotografia', 'Sighseeing', 'Santa Anastasia']",Duomo,strategy_nearest,False,0.003821134567260742,success
0412F63A9C4C81,3,['Arena'],Casa Giulietta,"['Centro Fotografia', 'Sighseeing', 'Torre Lamberti', 'Museo Conte', 'Museo Radio']",Santa Anastasia,strategy_nearest,False,0.002003908157348633,success
0412E2C27B3F81,1,"['Teatro Romano', 'Arena', 'Castelvecchio']",Torre Lamberti,"['Sighseeing', 'Centro Fotografia', 'Museo Conte', 'Casa Giulietta', 'Palazzo della Ragione']",Palazzo della Ragione,strategy_nearest,True,0.0038928985595703125,success
0412FE3A9C4C81,1,"['Arena', 'Torre Lamberti']",Palazzo della Ragione,"['AMO', 'Museo Conte', 'Centro Fotografia', 'Sighseeing', 'Santa Anastasia']",Santa Anastasia,strategy_nearest,True,0.002601146697998047,success
0413393A9C4C81,2,['Torre Lamberti'],Santa Anastasia,"['AMO', 'Museo Conte', 'Palazzo della Ragione', 'Teatro Romano', 'Centro Fotografia']",Duomo,strategy_nearest,False,0.0032958984375,success
041339429C4C81,1,"['Arena', 'Museo Lapidario', 'Castelvecchio']",Torre Lamberti,"['Sighseeing', 'Centro Fotografia', 'Museo Conte', 'Casa Giulietta', 'Palazzo della Ragione']",Palazzo della Ragione,strategy_nearest,True,0.0031690597534179688,success
041374429C4C80,1,"['Arena', 'Tomba Giulietta', 'San Fermo', 'Torre Lamberti']",Palazzo della Ragione,"['AMO', 'Museo Conte', 'Centro Fotografia', 'Sighseeing', 'Santa Anastasia']",Casa Giulietta,strategy_nearest,False,0.0026459693908691406,success
04137D3A9C4C80,0,['Arena'],Casa Giulietta,"['Centro Fotografia', 'Sighseeing', 'Torre Lamberti', 'Museo Conte', 'Museo Radio']",Torre Lamberti,strategy_nearest,True,0.0025489330291748047,success
0413793A9C4C81,1,"['Palazzo della Ragione', 'Torre Lamberti']",Casa Giulietta,"['Centro Fotografia', 'Sighseeing', 'Museo Conte', 'Museo Radio', 'San Fermo']",Arena,strategy_nearest,False,0.0035741329193115234,success
04137A3A9C4C81,3,"['Casa Giulietta', 'Arena']",Castelvecchio,"['Museo Lapidario', 'Verona Tour', 'Museo Radio', 'San Zeno', 'Sighseeing']",Teatro Romano,strategy_nearest,False,0.0039920806884765625,success
04137D4A9C4C81,1,"['Arena', 'Torre Lamberti']",Palazzo della Ragione,"['AMO', 'Museo Conte', 'Centro Fotografia', 'Sighseeing', 'Santa Anastasia']",Casa Giulietta,strategy_nearest,False,0.0029859542846679688,success
0413803A9C4C81,3,"['Arena', 'Casa Giulietta']",Santa Anastasia,"['AMO', 'Museo Conte', 'Palazzo della Ragione', 'Teatro Romano', 'Centro Fotografia']",Torre Lamberti,strategy_nearest,False,0.002794027328491211,success
0413823A9C4C80,3,"['Arena', 'Casa Giulietta', 'Duomo']",Santa Anastasia,"['AMO', 'Museo Conte', 'Palazzo della Ragione', 'Teatro Romano', 'Centro Fotografia']",Giardino Giusti,strategy_nearest,False,0.0025420188903808594,success
041380429C4C81,1,"['Arena', 'Casa Giulietta']",Torre Lamberti,"['Sighseeing', 'Centro Fotografia', 'Museo Conte', 'Palazzo della Ragione', 'AMO']",Palazzo della Ragione,strategy_nearest,True,0.003326892852783203,success
0413833A9C4C80,1,['Torre Lamberti'],Palazzo della Ragione,"['AMO', 'Museo Conte', 'Centro Fotografia', 'Sighseeing', 'Santa Anastasia']",Casa Giulietta,strategy_nearest,False,0.003290891647338867,success
0413844A9C4C80,3,"['Arena', 'Casa Giulietta']",Torre Lamberti,"['Sighseeing', 'Centro Fotografia', 'Museo Conte', 'Palazzo della Ragione', 'AMO']",Castelvecchio,strategy_nearest,False,0.0027649402618408203,success
0413873A9C4C80,3,"['Torre Lamberti', 'Casa Giulietta']",Santa Anastasia,"['AMO', 'Museo Conte', 'Palazzo della Ragione', 'Teatro Romano', 'Centro Fotografia']",Duomo,strategy_nearest,False,0.0027511119842529297,success
041389429C4C81,3,"['Torre Lamberti', 'Santa Anastasia']",Duomo,"['AMO', 'Museo Miniscalchi', 'Teatro Romano', 'Palazzo della Ragione', 'Museo Conte']",Casa Giulietta,strategy_nearest,False,0.0031690597534179688,success
04138C3A9C4C81,3,"['Arena', 'San Zeno']",Torre Lamberti,"['Sighseeing', 'Centro Fotografia', 'Museo Conte', 'Casa Giulietta', 'Palazzo della Ragione']",Casa Giulietta,strategy_nearest,True,0.0032949447631835938,success
041390429C4C81,3,"['Arena', 'Casa Giulietta']",Torre Lamberti,"['Sighseeing', 'Centro Fotografia', 'Museo Conte', 'Palazzo della Ragione', 'AMO']",Santa Anastasia,strategy_nearest,False,0.0029430389404296875,success
04138D4A9C4C81,3,"['Arena', 'Casa Giulietta']",Torre Lamberti,"['Sighseeing', 'Centro Fotografia', 'Museo Conte', 'Palazzo della Ragione', 'AMO']",Santa Anastasia,strategy_nearest,False,0.0027468204498291016,success
04138D3A9C4C80,1,"['Arena', 'Museo Lapidario', 'Casa Giulietta']",Torre Lamberti,"['Sighseeing', 'Centro Fotografia', 'Museo Conte', 'Palazzo della Ragione', 'AMO']",Palazzo della Ragione,strategy_nearest,True,0.002752065658569336,success
041391429C4C81,0,['Arena'],Castelvecchio,"['Museo Lapidario', 'Verona Tour', 'Museo Radio', 'San Zeno', 'Sighseeing']",Casa Giulietta,strategy_nearest,False,0.0030357837677001953,success
0413944A9C4C80,1,"['Arena', 'Museo Lapidario']",Casa Giulietta,"['Centro Fotografia', 'Sighseeing', 'Torre Lamberti', 'Museo Conte', 'Museo Radio']",Torre Lamberti,strategy_nearest,True,0.002605915069580078,success
0413A572743381,3,"['Arena', 'Casa Giulietta', 'Torre Lamberti']",Museo Lapidario,"['Verona Tour', 'Castelvecchio', 'Museo Radio', 'San Fermo', 'Tomba Giulietta']",Castelvecchio,strategy_nearest,True,0.001954793930053711,success
0413A63A9C4C80,1,['Arena'],Casa Giulietta,"['Centro Fotografia', 'Sighseeing', 'Torre Lamberti', 'Museo Conte', 'Museo Radio']",Palazzo della Ragione,strategy_nearest,False,0.0033881664276123047,success
0413A772743380,3,"['Museo Storia', 'Arena', 'Casa Giulietta']",Santa Anastasia,"['AMO', 'Museo Conte', 'Palazzo della Ragione', 'Teatro Romano', 'Centro Fotografia']",Duomo,strategy_nearest,False,0.0020706653594970703,success
0413A73A9C4C81,3,"['Arena', 'Torre Lamberti']",Santa Anastasia,"['AMO', 'Museo Conte', 'Palazzo della Ragione', 'Teatro Romano', 'Centro Fotografia']",Duomo,strategy_nearest,False,0.004002094268798828,success
0413A872743380,3,"['Castelvecchio', 'Arena']",Casa Giulietta,"['Centro Fotografia', 'Sighseeing', 'Torre Lamberti', 'Museo Conte', 'Museo Radio']",Torre Lamberti,strategy_nearest,True,0.003362894058227539,success
0413AF429C4C81,0,"['Arena', 'Casa Giulietta']",Teatro Romano,"['Santa Anastasia', 'Duomo', 'AMO', 'Palazzo della Ragione', 'Museo Conte']",Torre Lamberti,strategy_nearest,False,0.003023862838745117,success
0413B3429C4C80,1,"['Arena', 'Torre Lamberti']",Palazzo della Ragione,"['AMO', 'Museo Conte', 'Centro Fotografia', 'Sighseeing', 'Santa Anastasia']",Casa Giulietta,strategy_nearest,False,0.002518892288208008,success
0413BB429C4C80,1,"['Casa Giulietta', 'Torre Lamberti']",Palazzo della Ragione,"['AMO', 'Museo Conte', 'Centro Fotografia', 'Sighseeing', 'Santa Anastasia']",Arena,strategy_nearest,False,0.0025568008422851562,success
0413BD429C4C81,0,"['Casa Giulietta', 'Arena']",Teatro Romano,"['Santa Anastasia', 'Duomo', 'AMO', 'Palazzo della Ragione', 'Museo Conte']",Tomba Giulietta,strategy_nearest,False,0.0029680728912353516,success
0413C1429C4C80,0,['Casa Giulietta'],Arena,"['Verona Tour', 'Museo Lapidario', 'Museo Radio', 'San Fermo', 'Sighseeing']",Tomba Giulietta,strategy_nearest,False,0.0024361610412597656,success
0413C9429C4C80,0,['Arena'],Casa Giulietta,"['Centro Fotografia', 'Sighseeing', 'Torre Lamberti', 'Museo Conte', 'Museo Radio']",Torre Lamberti,strategy_nearest,True,0.001834869384765625,success
0413CE3A9C4C81,1,"['Arena', 'Tomba Giulietta', 'Casa Giulietta']",Palazzo della Ragione,"['AMO', 'Museo Conte', 'Torre Lamberti', 'Centro Fotografia', 'Sighseeing']",Torre Lamberti,strategy_nearest,True,0.002479076385498047,success
0413C5429C4C80,3,['Arena'],Casa Giulietta,"['Centro Fotografia', 'Sighseeing', 'Torre Lamberti', 'Museo Conte', 'Museo Radio']",Santa Anastasia,strategy_nearest,False,0.00304412841796875,success
0413E33A9C4C81,0,['San Zeno'],Castelvecchio,"['Museo Lapidario', 'Verona Tour', 'Arena', 'Museo Radio', 'Sighseeing']",Arena,strategy_nearest,True,0.0031919479370117188,success
041461429C4C81,3,"['Arena', 'Casa Giulietta']",Torre Lamberti,"['Sighseeing', 'Centro Fotografia', 'Museo Conte', 'Palazzo della Ragione', 'AMO']",Santa Anastasia,strategy_nearest,False,0.0025091171264648438,success
0413FE3A9C4C81,0,['Arena'],Duomo,"['AMO', 'Museo Miniscalchi', 'Santa Anastasia', 'Teatro Romano', 'Palazzo della Ragione']",Teatro Romano,strategy_nearest,True,0.0033118724822998047,success
0414733A9C4C81,1,"['Arena', 'Casa Giulietta']",Torre Lamberti,"['Sighseeing', 'Centro Fotografia', 'Museo Conte', 'Palazzo della Ragione', 'AMO']",Palazzo della Ragione,strategy_nearest,True,0.0032558441162109375,success
0414703A9C4C80,3,"['Arena', 'Casa Giulietta']",Santa Anastasia,"['AMO', 'Museo Conte', 'Palazzo della Ragione', 'Teatro Romano', 'Centro Fotografia']",Duomo,strategy_nearest,False,0.003523111343383789,success
0414783A9C4C80,0,['Casa Giulietta'],Arena,"['Verona Tour', 'Museo Lapidario', 'Museo Radio', 'San Fermo', 'Sighseeing']",Castelvecchio,strategy_nearest,False,0.0035140514373779297,success
0414743A9C4C81,1,"['Teatro Romano', 'Torre Lamberti', 'Palazzo della Ragione']",Duomo,"['AMO', 'Museo Miniscalchi', 'Santa Anastasia', 'Museo Conte', 'Centro Fotografia']",Casa Giulietta,strategy_nearest,False,0.0027761459350585938,success
04147A4A9C4C81,2,['Torre Lamberti'],Santa Anastasia,"['AMO', 'Museo Conte', 'Palazzo della Ragione', 'Teatro Romano', 'Centro Fotografia']",Duomo,strategy_nearest,False,0.0026950836181640625,success
04147B3A9C4C81,1,"['Arena', 'Casa Giulietta', 'Palazzo della Ragione']",Torre Lamberti,"['Sighseeing', 'Centro Fotografia', 'Museo Conte', 'AMO', 'Museo Miniscalchi']",Santa Anastasia,strategy_nearest,False,0.003020763397216797,success
04147D3A9C4C81,0,['Arena'],Casa Giulietta,"['Centro Fotografia', 'Sighseeing', 'Torre Lamberti', 'Museo Conte', 'Museo Radio']",Torre Lamberti,strategy_nearest,True,0.0019388198852539062,success
04147C429C4C80,1,"['Torre Lamberti', 'Palazzo della Ragione', 'Santa Anastasia']",Duomo,"['AMO', 'Museo Miniscalchi', 'Teatro Romano', 'Museo Conte', 'Centro Fotografia']",Casa Giulietta,strategy_nearest,False,0.003228902816772461,success
041482429C4C80,3,"['San Fermo', 'Santa Anastasia', 'Teatro Romano']",Duomo,"['AMO', 'Museo Miniscalchi', 'Palazzo della Ragione', 'Museo Conte', 'Torre Lamberti']",Casa Giulietta,strategy_nearest,False,0.0026650428771972656,success
04147F429C4C80,0,['Arena'],Castelvecchio,"['Museo Lapidario', 'Verona Tour', 'Museo Radio', 'San Zeno', 'Sighseeing']",Tomba Giulietta,strategy_nearest,False,0.002704143524169922,success
041480429C4C81,3,"['Arena', 'Casa Giulietta']",Torre Lamberti,"['Sighseeing', 'Centro Fotografia', 'Museo Conte', 'Palazzo della Ragione', 'AMO']",Teatro Romano,strategy_nearest,False,0.003509044647216797,success
0414853A9C4C80,1,"['Torre Lamberti', 'Casa Giulietta']",Palazzo della Ragione,"['AMO', 'Museo Conte', 'Centro Fotografia', 'Sighseeing', 'Santa Anastasia']",Teatro Romano,strategy_nearest,False,0.0021293163299560547,success
04148E4A9C4C80,3,['Arena'],Torre Lamberti,"['Sighseeing', 'Centro Fotografia', 'Museo Conte', 'Casa Giulietta', 'Palazzo della Ragione']",Santa Anastasia,strategy_nearest,False,0.002707958221435547,success
041489429C4C80,1,['Arena'],Torre Lamberti,"['Sighseeing', 'Centro Fotografia', 'Museo Conte', 'Casa Giulietta', 'Palazzo della Ragione']",Palazzo della Ragione,strategy_nearest,True,0.0014190673828125,success
041491429C4C80,1,['Arena'],Castelvecchio,"['Museo Lapidario', 'Verona Tour', 'Museo Radio', 'San Zeno', 'Sighseeing']",Casa Giulietta,strategy_nearest,False,0.0032892227172851562,success
0414964A9C4C81,0,['Arena'],Torre Lamberti,"['Sighseeing', 'Centro Fotografia', 'Museo Conte', 'Casa Giulietta', 'Palazzo della Ragione']",San Zeno,strategy_nearest,False,0.0033359527587890625,success
04149B429C4C81,1,"['Casa Giulietta', 'Santa Anastasia']",Castelvecchio,"['Museo Lapidario', 'Verona Tour', 'Arena', 'Museo Radio', 'San Zeno']",Palazzo della Ragione,strategy_nearest,False,0.0027010440826416016,success
0414A14A9C4C81,0,['Arena'],Castelvecchio,"['Museo Lapidario', 'Verona Tour', 'Museo Radio', 'San Zeno', 'Sighseeing']",Casa Giulietta,strategy_nearest,False,0.0013780593872070312,success
0414A372743380,3,"['Arena', 'Casa Giulietta']",Santa Anastasia,"['AMO', 'Museo Conte', 'Palazzo della Ragione', 'Teatro Romano', 'Centro Fotografia']",Castelvecchio,strategy_nearest,False,0.003078937530517578,success
0414A472743380,1,"['Arena', 'Casa Giulietta', 'Torre Lamberti']",Palazzo della Ragione,"['AMO', 'Museo Conte', 'Centro Fotografia', 'Sighseeing', 'Santa Anastasia']",Santa Anastasia,strategy_nearest,True,0.002123117446899414,success
0414A672743381,1,"['Casa Giulietta', 'Palazzo della Ragione', 'Teatro Romano', 'Duomo', 'Torre Lamberti']",Santa Anastasia,"['AMO', 'Museo Conte', 'Centro Fotografia', 'Sighseeing', 'Museo Miniscalchi']",Castelvecchio,strategy_nearest,False,0.002596139907836914,success
0414A6429C4C81,0,['Teatro Romano'],Arena,"['Verona Tour', 'Museo Lapidario', 'Museo Radio', 'San Fermo', 'Casa Giulietta']",Casa Giulietta,strategy_nearest,True,0.0036602020263671875,success
0414A772743380,0,['Museo Lapidario'],Arena,"['Verona Tour', 'Museo Radio', 'San Fermo', 'Casa Giulietta', 'Sighseeing']",Casa Giulietta,strategy_nearest,True,0.0032100677490234375,success
0414A8429C4C81,1,"['Castelvecchio', 'Arena', 'Casa Giulietta', 'Tomba Giulietta']",San Fermo,"['Museo Storia', 'Museo Radio', 'Centro Fotografia', 'Sighseeing', 'Torre Lamberti']",Palazzo della Ragione,strategy_nearest,False,0.0039789676666259766,success
0414AC429C4C80,0,"['Arena', 'Museo Lapidario']",Torre Lamberti,"['Sighseeing', 'Centro Fotografia', 'Museo Conte', 'Casa Giulietta', 'Palazzo della Ragione']",Casa Giulietta,strategy_nearest,True,0.0026688575744628906,success
0414AE429C4C81,3,"['Arena', 'Casa Giulietta']",Torre Lamberti,"['Sighseeing', 'Centro Fotografia', 'Museo Conte', 'Palazzo della Ragione', 'AMO']",Santa Anastasia,strategy_nearest,False,0.0029871463775634766,success
0414B6429C4C80,0,['Arena'],Torre Lamberti,"['Sighseeing', 'Centro Fotografia', 'Museo Conte', 'Casa Giulietta', 'Palazzo della Ragione']",Casa Giulietta,strategy_nearest,True,0.0020530223846435547,success
0414B7429C4C80,0,['Arena'],Casa Giulietta,"['Centro Fotografia', 'Sighseeing', 'Torre Lamberti', 'Museo Conte', 'Museo Radio']",Santa Anastasia,strategy_nearest,False,0.003142833709716797,success
0414B33A9C4C80,3,"['Castelvecchio', 'Arena']",Torre Lamberti,"['Sighseeing', 'Centro Fotografia', 'Museo Conte', 'Casa Giulietta', 'Palazzo della Ragione']",Santa Anastasia,strategy_nearest,False,0.002741098403930664,success
0414B03A9C4C81,0,"['Castelvecchio', 'Arena']",Torre Lamberti,"['Sighseeing', 'Centro Fotografia', 'Museo Conte', 'Casa Giulietta', 'Palazzo della Ragione']",Casa Giulietta,strategy_nearest,True,0.004745006561279297,success
0414B7429C4C81,1,['Casa Giulietta'],Torre Lamberti,"['Sighseeing', 'Centro Fotografia', 'Museo Conte', 'Palazzo della Ragione', 'AMO']",Palazzo della Ragione,strategy_nearest,True,0.003473997116088867,success
0414BD429C4C80,0,"['Arena', 'Casa Giulietta']",Duomo,"['AMO', 'Museo Miniscalchi', 'Santa Anastasia', 'Teatro Romano', 'Palazzo della Ragione']",Teatro Romano,strategy_nearest,True,0.0026361942291259766,success
0414B9429C4C80,1,"['Casa Giulietta', 'Palazzo della Ragione']",Torre Lamberti,"['Sighseeing', 'Centro Fotografia', 'Museo Conte', 'AMO', 'Museo Miniscalchi']",Santa Anastasia,strategy_nearest,False,0.0015649795532226562,success
0414BB429C4C81,0,['Arena'],Casa Giulietta,"['Centro Fotografia', 'Sighseeing', 'Torre Lamberti', 'Museo Conte', 'Museo Radio']",Teatro Romano,strategy_nearest,False,0.0034291744232177734,success
0414BF3A9C4C80,3,['Arena'],Casa Giulietta,"['Centro Fotografia', 'Sighseeing', 'Torre Lamberti', 'Museo Conte', 'Museo Radio']",Torre Lamberti,strategy_nearest,True,0.0021152496337890625,success
0414C0429C4C81,0,['Arena'],Casa Giulietta,"['Centro Fotografia', 'Sighseeing', 'Torre Lamberti', 'Museo Conte', 'Museo Radio']",Torre Lamberti,strategy_nearest,True,0.003484010696411133,success
0414C5429C4C80,0,['Casa Giulietta'],Duomo,"['AMO', 'Museo Miniscalchi', 'Santa Anastasia', 'Teatro Romano', 'Palazzo della Ragione']",Arena,strategy_nearest,False,0.0019109249114990234,success
0414C63A9C4C80,3,"['Arena', 'Santa Anastasia']",Torre Lamberti,"['Sighseeing', 'Centro Fotografia', 'Museo Conte', 'Casa Giulietta', 'Palazzo della Ragione']",San Fermo,strategy_nearest,False,0.0030031204223632812,success
0414C63A9C4C81,0,['Torre Lamberti'],Casa Giulietta,"['Centro Fotografia', 'Sighseeing', 'Museo Conte', 'Museo Radio', 'Palazzo della Ragione']",Arena,strategy_nearest,False,0.002321958541870117,success
0414C6429C4C81,3,"['Casa Giulietta', 'Arena', 'Castelvecchio']",Torre Lamberti,"['Sighseeing', 'Centro Fotografia', 'Museo Conte', 'Palazzo della Ragione', 'AMO']",Santa Anastasia,strategy_nearest,False,0.002627849578857422,success
0414C7429C4C80,3,['Casa Giulietta'],Torre Lamberti,"['Sighseeing', 'Centro Fotografia', 'Museo Conte', 'Palazzo della Ragione', 'AMO']",Santa Anastasia,strategy_nearest,False,0.003475189208984375,success
0414C7429C4C81,0,"['Arena', 'Tomba Giulietta']",Castelvecchio,"['Museo Lapidario', 'Verona Tour', 'Museo Radio', 'San Zeno', 'Sighseeing']",San Zeno,strategy_nearest,True,0.002774953842163086,success
0414C9429C4C80,1,"['Arena', 'Casa Giulietta', 'Torre Lamberti']",Palazzo della Ragione,"['AMO', 'Museo Conte', 'Centro Fotografia', 'Sighseeing', 'Santa Anastasia']",Teatro Romano,strategy_nearest,False,0.00299072265625,success
0414D33A9C4C80,1,"['Arena', 'Casa Giulietta']",Palazzo della Ragione,"['AMO', 'Museo Conte', 'Torre Lamberti', 'Centro Fotografia', 'Sighseeing']",Torre Lamberti,strategy_nearest,True,0.0018780231475830078,success
0414FB3A9C4C81,2,['Casa Giulietta'],Teatro Romano,"['Santa Anastasia', 'Duomo', 'AMO', 'Palazzo della Ragione', 'Museo Conte']",Duomo,strategy_nearest,True,0.002317190170288086,success
0414CA3A9C4C80,0,['Castelvecchio'],Arena,"['Verona Tour', 'Museo Lapidario', 'Museo Radio', 'San Fermo', 'Casa Giulietta']",Casa Giulietta,strategy_nearest,True,0.003988027572631836,success
0415413A9C4C81,0,['Arena'],Casa Giulietta,"['Centro Fotografia', 'Sighseeing', 'Torre Lamberti', 'Museo Conte', 'Museo Radio']",Santa Anastasia,strategy_nearest,False,0.0033659934997558594,success
0415713A9C4C81,1,"['San Fermo', 'Santa Anastasia', 'Teatro Romano', 'Casa Giulietta']",Castelvecchio,"['Museo Lapidario', 'Verona Tour', 'Arena', 'Museo Radio', 'San Zeno']",Arena,strategy_nearest,True,0.0020041465759277344,success
0415743A9C4C81,1,"['Arena', 'Torre Lamberti']",Palazzo della Ragione,"['AMO', 'Museo Conte', 'Centro Fotografia', 'Sighseeing', 'Santa Anastasia']",Santa Anastasia,strategy_nearest,True,0.0028319358825683594,success
041575429C4C80,1,"['Arena', 'Tomba Giulietta', 'San Fermo']",Torre Lamberti,"['Sighseeing', 'Centro Fotografia', 'Museo Conte', 'Casa Giulietta', 'Palazzo della Ragione']",Palazzo della Ragione,strategy_nearest,True,0.0034101009368896484,success
0415763A9C4C81,3,"['Arena', 'Casa Giulietta']",Santa Anastasia,"['AMO', 'Museo Conte', 'Palazzo della Ragione', 'Teatro Romano', 'Centro Fotografia']",Teatro Romano,strategy_nearest,True,0.003197908401489258,success
0415793A9C4C80,2,['San Fermo'],Casa Giulietta,"['Centro Fotografia', 'Sighseeing', 'Torre Lamberti', 'Museo Conte', 'Museo Radio']",Castelvecchio,strategy_nearest,False,0.0025048255920410156,success
0415794A9C4C81,0,"['Arena', 'Casa Giulietta']",Teatro Romano,"['Santa Anastasia', 'Duomo', 'AMO', 'Palazzo della Ragione', 'Museo Conte']",Duomo,strategy_nearest,True,0.0026900768280029297,success
041579429C4C81,1,"['Castelvecchio', 'Arena']",Casa Giulietta,"['Centro Fotografia', 'Sighseeing', 'Torre Lamberti', 'Museo Conte', 'Museo Radio']",Torre Lamberti,strategy_nearest,True,0.0027091503143310547,success
04157A429C4C81,3,"['Arena', 'Casa Giulietta']",Santa Anastasia,"['AMO', 'Museo Conte', 'Palazzo della Ragione', 'Teatro Romano', 'Centro Fotografia']",Duomo,strategy_nearest,False,0.0032341480255126953,success
04157A4A9C4C81,1,['Torre Lamberti'],Palazzo della Ragione,"['AMO', 'Museo Conte', 'Centro Fotografia', 'Sighseeing', 'Santa Anastasia']",Arena,strategy_nearest,False,0.003239154815673828,success
04157E429C4C80,2,['Torre Lamberti'],Santa Anastasia,"['AMO', 'Museo Conte', 'Palazzo della Ragione', 'Teatro Romano', 'Centro Fotografia']",Teatro Romano,strategy_nearest,True,0.0031251907348632812,success
04157B3A9C4C80,1,"['Arena', 'Castelvecchio', 'Torre Lamberti']",Palazzo della Ragione,"['AMO', 'Museo Conte', 'Centro Fotografia', 'Sighseeing', 'Santa Anastasia']",Teatro Romano,strategy_nearest,False,0.0019288063049316406,success
0415883A9C4C80,0,['Arena'],Castelvecchio,"['Museo Lapidario', 'Verona Tour', 'Museo Radio', 'San Zeno', 'Sighseeing']",Casa Giulietta,strategy_nearest,False,0.0024950504302978516,success
0415853A9C4C80,1,['Arena'],Casa Giulietta,"['Centro Fotografia', 'Sighseeing', 'Torre Lamberti', 'Museo Conte', 'Museo Radio']",Torre Lamberti,strategy_nearest,True,0.002588033676147461,success
0415833A9C4C80,3,"['Casa Giulietta', 'Santa Anastasia']",Duomo,"['AMO', 'Museo Miniscalchi', 'Teatro Romano', 'Palazzo della Ragione', 'Museo Conte']",Arena,strategy_nearest,False,0.0031189918518066406,success
0415883A9C4C81,1,"['Arena', 'Casa Giulietta', 'Museo Storia', 'San Fermo']",Torre Lamberti,"['Sighseeing', 'Centro Fotografia', 'Museo Conte', 'Palazzo della Ragione', 'AMO']",Palazzo della Ragione,strategy_nearest,True,0.0023751258850097656,success
04158ABA7B3F81,1,['Arena'],Casa Giulietta,"['Centro Fotografia', 'Sighseeing', 'Torre Lamberti', 'Museo Conte', 'Museo Radio']",Palazzo della Ragione,strategy_nearest,False,0.0019431114196777344,success
04158B3A9C4C81,0,['Casa Giulietta'],Arena,"['Verona Tour', 'Museo Lapidario', 'Museo Radio', 'San Fermo', 'Sighseeing']",Torre Lamberti,strategy_nearest,False,0.0024080276489257812,success
04158E3A9C4C81,1,['Torre Lamberti'],Palazzo della Ragione,"['AMO', 'Museo Conte', 'Centro Fotografia', 'Sighseeing', 'Santa Anastasia']",Arena,strategy_nearest,False,0.0033919811248779297,success
0415A24A9C4C80,2,['Casa Giulietta'],Santa Anastasia,"['AMO', 'Museo Conte', 'Palazzo della Ragione', 'Teatro Romano', 'Centro Fotografia']",Teatro Romano,strategy_nearest,True,0.002485036849975586,success
04158F3A9C4C81,0,['Arena'],Casa Giulietta,"['Centro Fotografia', 'Sighseeing', 'Torre Lamberti', 'Museo Conte', 'Museo Radio']",Castelvecchio,strategy_nearest,False,0.0027289390563964844,success
041590429C4C80,6,['Arena'],Casa Giulietta,"['Centro Fotografia', 'Sighseeing', 'Torre Lamberti', 'Museo Conte', 'Museo Radio']",Verona Tour,strategy_nearest,False,0.003462076187133789,success
0415A672743380,3,"['Castelvecchio', 'Arena', 'Museo Lapidario']",San Zeno,"['Verona Tour', 'Museo Miniscalchi', 'Sighseeing', 'Museo Radio', 'Torre Lamberti']",Museo Storia,strategy_nearest,False,0.0024220943450927734,success
0415A472743380,0,"['San Fermo', 'Casa Giulietta']",Torre Lamberti,"['Sighseeing', 'Centro Fotografia', 'Museo Conte', 'Palazzo della Ragione', 'AMO']",Teatro Romano,strategy_nearest,False,0.0018398761749267578,success
0415A83A9C4C81,0,['Arena'],Casa Giulietta,"['Centro Fotografia', 'Sighseeing', 'Torre Lamberti', 'Museo Conte', 'Museo Radio']",Torre Lamberti,strategy_nearest,True,0.002724885940551758,success
0415A8429C4C81,3,['Arena'],Casa Giulietta,"['Centro Fotografia', 'Sighseeing', 'Torre Lamberti', 'Museo Conte', 'Museo Radio']",Santa Anastasia,strategy_nearest,False,0.0018842220306396484,success
0415A9429C4C81,1,['Arena'],Museo Lapidario,"['Verona Tour', 'Castelvecchio', 'Museo Radio', 'San Fermo', 'Casa Giulietta']",Casa Giulietta,strategy_nearest,True,0.002526998519897461,success
0415AF429C4C80,1,"['Museo Lapidario', 'Castelvecchio', 'Arena']",Torre Lamberti,"['Sighseeing', 'Centro Fotografia', 'Museo Conte', 'Casa Giulietta', 'Palazzo della Ragione']",Palazzo della Ragione,strategy_nearest,True,0.0033609867095947266,success
0415B0429C4C80,3,"['Arena', 'San Fermo']",Casa Giulietta,"['Centro Fotografia', 'Sighseeing', 'Torre Lamberti', 'Museo Conte', 'Museo Radio']",Torre Lamberti,strategy_nearest,True,0.0023860931396484375,success
0415B43A9C4C81,1,"['Arena', 'Casa Giulietta']",Torre Lamberti,"['Sighseeing', 'Centro Fotografia', 'Museo Conte', 'Palazzo della Ragione', 'AMO']",Palazzo della Ragione,strategy_nearest,True,0.0033562183380126953,success
0415B2429C4C80,1,"['Arena', 'Casa Giulietta']",Palazzo della Ragione,"['AMO', 'Museo Conte', 'Torre Lamberti', 'Centro Fotografia', 'Sighseeing']",Torre Lamberti,strategy_nearest,True,0.002638101577758789,success
0415B8429C4C81,0,['Casa Giulietta'],Arena,"['Verona Tour', 'Museo Lapidario', 'Museo Radio', 'San Fermo', 'Sighseeing']",Torre Lamberti,strategy_nearest,False,0.0031502246856689453,success
0415B7429C4C81,3,"['Arena', 'Casa Giulietta']",Santa Anastasia,"['AMO', 'Museo Conte', 'Palazzo della Ragione', 'Teatro Romano', 'Centro Fotografia']",Duomo,strategy_nearest,False,0.003245115280151367,success
0415BF3A9C4C80,3,['Arena'],Casa Giulietta,"['Centro Fotografia', 'Sighseeing', 'Torre Lamberti', 'Museo Conte', 'Museo Radio']",Torre Lamberti,strategy_nearest,True,0.002421140670776367,success
0415BC429C4C80,3,"['Arena', 'Casa Giulietta']",Santa Anastasia,"['AMO', 'Museo Conte', 'Palazzo della Ragione', 'Teatro Romano', 'Centro Fotografia']",Teatro Romano,strategy_nearest,True,0.0027289390563964844,success
0415C13A9C4C81,1,"['Palazzo della Ragione', 'Torre Lamberti']",Casa Giulietta,"['Centro Fotografia', 'Sighseeing', 'Museo Conte', 'Museo Radio', 'San Fermo']",Arena,strategy_nearest,False,0.002855062484741211,success
0415C7429C4C80,1,"['Arena', 'Palazzo della Ragione']",Torre Lamberti,"['Sighseeing', 'Centro Fotografia', 'Museo Conte', 'Casa Giulietta', 'AMO']",Casa Giulietta,strategy_nearest,True,0.0033588409423828125,success
0415C63A9C4C80,3,"['Arena', 'Casa Giulietta']",Torre Lamberti,"['Sighseeing', 'Centro Fotografia', 'Museo Conte', 'Palazzo della Ragione', 'AMO']",Santa Anastasia,strategy_nearest,False,0.002797842025756836,success
0415C4429C4C80,0,"['Castelvecchio', 'Teatro Romano']",Casa Giulietta,"['Centro Fotografia', 'Sighseeing', 'Torre Lamberti', 'Museo Conte', 'Museo Radio']",Arena,strategy_nearest,False,0.002932310104370117,success
0415C8429C4C80,1,"['Arena', 'Casa Giulietta', 'Torre Lamberti']",Palazzo della Ragione,"['AMO', 'Museo Conte', 'Centro Fotografia', 'Sighseeing', 'Santa Anastasia']",Santa Anastasia,strategy_nearest,True,0.0021839141845703125,success
0415C9429C4C80,1,"['Casa Giulietta', 'Torre Lamberti']",Palazzo della Ragione,"['AMO', 'Museo Conte', 'Centro Fotografia', 'Sighseeing', 'Santa Anastasia']",Santa Anastasia,strategy_nearest,True,0.001374959945678711,success
0415FC3A9C4C81,1,"['Arena', 'San Fermo', 'Casa Giulietta']",Palazzo della Ragione,"['AMO', 'Museo Conte', 'Torre Lamberti', 'Centro Fotografia', 'Sighseeing']",Torre Lamberti,strategy_nearest,True,0.003400087356567383,success
0415D73A9C4C80,3,"['Arena', 'Casa Giulietta']",Torre Lamberti,"['Sighseeing', 'Centro Fotografia', 'Museo Conte', 'Palazzo della Ragione', 'AMO']",Santa Anastasia,strategy_nearest,False,0.0027701854705810547,success
04163B3A9C4C81,0,['Arena'],Castelvecchio,"['Museo Lapidario', 'Verona Tour', 'Museo Radio', 'San Zeno', 'Sighseeing']",Torre Lamberti,strategy_nearest,False,0.002418994903564453,success
0416753A9C4C81,1,"['Arena', 'Museo Lapidario', 'Duomo']",Torre Lamberti,"['Sighseeing', 'Centro Fotografia', 'Museo Conte', 'Casa Giulietta', 'Palazzo della Ragione']",Palazzo della Ragione,strategy_nearest,True,0.0025069713592529297,success
0416443A9C4C81,1,"['Casa Giulietta', 'Torre Lamberti']",Palazzo della Ragione,"['AMO', 'Museo Conte', 'Centro Fotografia', 'Sighseeing', 'Santa Anastasia']",Castelvecchio,strategy_nearest,False,0.0027458667755126953,success
041664429C4C81,1,"['Teatro Romano', 'Duomo', 'Santa Anastasia']",Palazzo della Ragione,"['AMO', 'Museo Conte', 'Torre Lamberti', 'Centro Fotografia', 'Sighseeing']",Torre Lamberti,strategy_nearest,True,0.0036699771881103516,success
041680429C4C80,1,"['Torre Lamberti', 'Palazzo della Ragione', 'Casa Giulietta']",Arena,"['Verona Tour', 'Museo Lapidario', 'Museo Radio', 'San Fermo', 'Sighseeing']",Castelvecchio,strategy_nearest,False,0.0029609203338623047,success
0416854A9C4C81,0,"['Arena', 'Casa Giulietta']",San Fermo,"['Museo Storia', 'Museo Radio', 'Centro Fotografia', 'Sighseeing', 'Torre Lamberti']",Giardino Giusti,strategy_nearest,False,0.003134012222290039,success
0416823A9C4C80,3,"['Arena', 'Castelvecchio']",Santa Anastasia,"['AMO', 'Museo Conte', 'Palazzo della Ragione', 'Teatro Romano', 'Centro Fotografia']",Duomo,strategy_nearest,False,0.003422975540161133,success
0416854A9C4C80,3,"['Castelvecchio', 'San Zeno']",Arena,"['Verona Tour', 'Museo Lapidario', 'Museo Radio', 'San Fermo', 'Casa Giulietta']",Torre Lamberti,strategy_nearest,False,0.0025489330291748047,success
041686429C4C80,0,['Arena'],Casa Giulietta,"['Centro Fotografia', 'Sighseeing', 'Torre Lamberti', 'Museo Conte', 'Museo Radio']",Santa Anastasia,strategy_nearest,False,0.002880096435546875,success
04168E429C4C80,0,['Arena'],Casa Giulietta,"['Centro Fotografia', 'Sighseeing', 'Torre Lamberti', 'Museo Conte', 'Museo Radio']",Torre Lamberti,strategy_nearest,True,0.0018310546875,success
0416874A9C4C80,0,['Arena'],Casa Giulietta,"['Centro Fotografia', 'Sighseeing', 'Torre Lamberti', 'Museo Conte', 'Museo Radio']",Torre Lamberti,strategy_nearest,True,0.0024602413177490234,success
04168F429C4C81,1,"['Arena', 'Castelvecchio']",Palazzo della Ragione,"['AMO', 'Museo Conte', 'Torre Lamberti', 'Centro Fotografia', 'Sighseeing']",Torre Lamberti,strategy_nearest,True,0.0027709007263183594,success
0416A672743381,3,"['Arena', 'Casa Giulietta']",Santa Anastasia,"['AMO', 'Museo Conte', 'Palazzo della Ragione', 'Teatro Romano', 'Centro Fotografia']",Duomo,strategy_nearest,False,0.002585172653198242,success
0416A572743381,3,"['Arena', 'Castelvecchio']",Tomba Giulietta,"['San Fermo', 'Museo Storia', 'Museo Lapidario', 'Museo Radio', 'Verona Tour']",San Fermo,strategy_nearest,True,0.0034399032592773438,success
0416A9429C4C80,1,['Casa Giulietta'],Torre Lamberti,"['Sighseeing', 'Centro Fotografia', 'Museo Conte', 'Palazzo della Ragione', 'AMO']",Palazzo della Ragione,strategy_nearest,True,0.0026183128356933594,success
0416A83A9C4C81,0,['Arena'],Torre Lamberti,"['Sighseeing', 'Centro Fotografia', 'Museo Conte', 'Casa Giulietta', 'Palazzo della Ragione']",Duomo,strategy_nearest,False,0.003330230712890625,success
0416A872743380,3,"['San Zeno', 'Teatro Romano', 'Duomo']",Torre Lamberti,"['Sighseeing', 'Centro Fotografia', 'Museo Conte', 'Casa Giulietta', 'Palazzo della Ragione']",Arena,strategy_nearest,False,0.0033690929412841797,success
0416AA429C4C81,1,"['Arena', 'Casa Giulietta', 'Torre Lamberti']",Palazzo della Ragione,"['AMO', 'Museo Conte', 'Centro Fotografia', 'Sighseeing', 'Santa Anastasia']",Santa Anastasia,strategy_nearest,True,0.0026171207427978516,success
0416AC429C4C80,1,"['Arena', 'Casa Giulietta', 'Torre Lamberti']",Palazzo della Ragione,"['AMO', 'Museo Conte', 'Centro Fotografia', 'Sighseeing', 'Santa Anastasia']",Santa Anastasia,strategy_nearest,True,0.001911163330078125,success
0416AD429C4C80,3,['Arena'],Torre Lamberti,"['Sighseeing', 'Centro Fotografia', 'Museo Conte', 'Casa Giulietta', 'Palazzo della Ragione']",Casa Giulietta,strategy_nearest,True,0.0028579235076904297,success
0416AF3A9C4C81,3,"['Castelvecchio', 'Arena']",Torre Lamberti,"['Sighseeing', 'Centro Fotografia', 'Museo Conte', 'Casa Giulietta', 'Palazzo della Ragione']",Santa Anastasia,strategy_nearest,False,0.002858877182006836,success
0416AF429C4C80,0,['Arena'],Torre Lamberti,"['Sighseeing', 'Centro Fotografia', 'Museo Conte', 'Casa Giulietta', 'Palazzo della Ragione']",Casa Giulietta,strategy_nearest,True,0.0034940242767333984,success
0416B73A9C4C81,0,['Arena'],Santa Anastasia,"['AMO', 'Museo Conte', 'Palazzo della Ragione', 'Teatro Romano', 'Centro Fotografia']",Casa Giulietta,strategy_nearest,False,0.0032949447631835938,success
0416B1429C4C80,1,['Casa Giulietta'],Palazzo della Ragione,"['AMO', 'Museo Conte', 'Torre Lamberti', 'Centro Fotografia', 'Sighseeing']",Torre Lamberti,strategy_nearest,True,0.0032830238342285156,success
0416B23A9C4C80,0,['Torre Lamberti'],Casa Giulietta,"['Centro Fotografia', 'Sighseeing', 'Museo Conte', 'Museo Radio', 'Palazzo della Ragione']",Arena,strategy_nearest,False,0.001984834671020508,success
0416B8429C4C81,3,"['Arena', 'Casa Giulietta']",Torre Lamberti,"['Sighseeing', 'Centro Fotografia', 'Museo Conte', 'Palazzo della Ragione', 'AMO']",Santa Anastasia,strategy_nearest,False,0.0030019283294677734,success
0416B9429C4C80,1,"['Arena', 'Casa Giulietta', 'Teatro Romano']",Palazzo della Ragione,"['AMO', 'Museo Conte', 'Torre Lamberti', 'Centro Fotografia', 'Sighseeing']",Torre Lamberti,strategy_nearest,True,0.0028831958770751953,success
0416BB429C4C81,1,"['Arena', 'Museo Lapidario', 'Casa Giulietta']",Torre Lamberti,"['Sighseeing', 'Centro Fotografia', 'Museo Conte', 'Palazzo della Ragione', 'AMO']",Santa Anastasia,strategy_nearest,False,0.002177715301513672,success
0416BE429C4C80,1,"['Arena', 'Casa Giulietta']",Palazzo della Ragione,"['AMO', 'Museo Conte', 'Torre Lamberti', 'Centro Fotografia', 'Sighseeing']",Torre Lamberti,strategy_nearest,True,0.0033757686614990234,success
0416C7429C4C80,1,"['Arena', 'Casa Giulietta', 'Museo Storia']",Torre Lamberti,"['Sighseeing', 'Centro Fotografia', 'Museo Conte', 'Palazzo della Ragione', 'AMO']",Palazzo della Ragione,strategy_nearest,True,0.0027348995208740234,success
0416C53A9C4C80,0,['Arena'],Casa Giulietta,"['Centro Fotografia', 'Sighseeing', 'Torre Lamberti', 'Museo Conte', 'Museo Radio']",Torre Lamberti,strategy_nearest,True,0.003303050994873047,success
0416D63A9C4C81,3,"['Arena', 'Casa Giulietta']",Santa Anastasia,"['AMO', 'Museo Conte', 'Palazzo della Ragione', 'Teatro Romano', 'Centro Fotografia']",Duomo,strategy_nearest,False,0.003822803497314453,success
0416D93A9C4C81,0,['Arena'],Casa Giulietta,"['Centro Fotografia', 'Sighseeing', 'Torre Lamberti', 'Museo Conte', 'Museo Radio']",Torre Lamberti,strategy_nearest,True,0.004405021667480469,success
04174B3A9C4C81,3,"['Arena', 'Casa Giulietta']",Torre Lamberti,"['Sighseeing', 'Centro Fotografia', 'Museo Conte', 'Palazzo della Ragione', 'AMO']",Santa Anastasia,strategy_nearest,False,0.0015811920166015625,success
0417753A9C4C81,0,['Arena'],Casa Giulietta,"['Centro Fotografia', 'Sighseeing', 'Torre Lamberti', 'Museo Conte', 'Museo Radio']",Torre Lamberti,strategy_nearest,True,0.0027871131896972656,success
04173C3A9C4C81,0,['Arena'],Casa Giulietta,"['Centro Fotografia', 'Sighseeing', 'Torre Lamberti', 'Museo Conte', 'Museo Radio']",Santa Anastasia,strategy_nearest,False,0.0023102760314941406,success
0417773A9C4C81,0,['Casa Giulietta'],Arena,"['Verona Tour', 'Museo Lapidario', 'Museo Radio', 'San Fermo', 'Sighseeing']",Teatro Romano,strategy_nearest,False,0.0019059181213378906,success
04177C3A9C4C80,3,"['Arena', 'Museo Lapidario', 'Castelvecchio']",Casa Giulietta,"['Centro Fotografia', 'Sighseeing', 'Torre Lamberti', 'Museo Conte', 'Museo Radio']",Torre Lamberti,strategy_nearest,True,0.0016040802001953125,success
04177C3A9C4C81,3,"['Santa Anastasia', 'Casa Giulietta', 'Arena']",Castelvecchio,"['Museo Lapidario', 'Verona Tour', 'Museo Radio', 'San Zeno', 'Sighseeing']",Duomo,strategy_nearest,False,0.0028159618377685547,success
04177E3A9C4C81,3,"['Casa Giulietta', 'Torre Lamberti']",Santa Anastasia,"['AMO', 'Museo Conte', 'Palazzo della Ragione', 'Teatro Romano', 'Centro Fotografia']",Duomo,strategy_nearest,False,0.002630949020385742,success
04177F429C4C80,1,"['Arena', 'Casa Giulietta', 'Santa Anastasia', 'Duomo']",Castelvecchio,"['Museo Lapidario', 'Verona Tour', 'Museo Radio', 'San Zeno', 'Sighseeing']",San Zeno,strategy_nearest,True,0.0026388168334960938,success
041781429C4C80,3,"['Casa Giulietta', 'Santa Anastasia']",Santa Anastasia,"['AMO', 'Museo Conte', 'Palazzo della Ragione', 'Teatro Romano', 'Centro Fotografia']",Arena,strategy_nearest,False,0.0024261474609375,success
0417863A9C4C81,3,"['Arena', 'Casa Giulietta', 'Torre Lamberti']",Santa Anastasia,"['AMO', 'Museo Conte', 'Palazzo della Ragione', 'Teatro Romano', 'Centro Fotografia']",Duomo,strategy_nearest,False,0.002023935317993164,success
0417824A9C4C81,0,['Arena'],Casa Giulietta,"['Centro Fotografia', 'Sighseeing', 'Torre Lamberti', 'Museo Conte', 'Museo Radio']",Teatro Romano,strategy_nearest,False,0.004087924957275391,success
0417893A9C4C80,0,"['Castelvecchio', 'Arena']",Casa Giulietta,"['Centro Fotografia', 'Sighseeing', 'Torre Lamberti', 'Museo Conte', 'Museo Radio']",Torre Lamberti,strategy_nearest,True,0.004408121109008789,success
0417893A9C4C81,0,['Arena'],Casa Giulietta,"['Centro Fotografia', 'Sighseeing', 'Torre Lamberti', 'Museo Conte', 'Museo Radio']",Torre Lamberti,strategy_nearest,True,0.0025968551635742188,success
04178C3A9C4C81,3,"['Casa Giulietta', 'Torre Lamberti']",Castelvecchio,"['Museo Lapidario', 'Verona Tour', 'Arena', 'Museo Radio', 'San Zeno']",Arena,strategy_nearest,True,0.0023641586303710938,success
04178C3A9C4C80,3,['Arena'],Casa Giulietta,"['Centro Fotografia', 'Sighseeing', 'Torre Lamberti', 'Museo Conte', 'Museo Radio']",Torre Lamberti,strategy_nearest,True,0.0042459964752197266,success
04178D429C4C80,1,['Arena'],Casa Giulietta,"['Centro Fotografia', 'Sighseeing', 'Torre Lamberti', 'Museo Conte', 'Museo Radio']",Torre Lamberti,strategy_nearest,True,0.0021178722381591797,success
04178E4A9C4C80,1,"['Arena', 'Palazzo della Ragione']",Torre Lamberti,"['Sighseeing', 'Centro Fotografia', 'Museo Conte', 'Casa Giulietta', 'AMO']",Casa Giulietta,strategy_nearest,True,0.0034461021423339844,success
0417A672743380,1,"['Teatro Romano', 'Duomo', 'Castelvecchio']",Arena,"['Verona Tour', 'Museo Lapidario', 'Museo Radio', 'San Fermo', 'Casa Giulietta']",Casa Giulietta,strategy_nearest,True,0.002895832061767578,success
0417A73A9C4C80,1,"['Arena', 'Santa Anastasia', 'Duomo']",Casa Giulietta,"['Centro Fotografia', 'Sighseeing', 'Torre Lamberti', 'Museo Conte', 'Museo Radio']",Torre Lamberti,strategy_nearest,True,0.003289937973022461,success
0417A772743380,1,"['Arena', 'Torre Lamberti', 'Palazzo della Ragione']",Casa Giulietta,"['Centro Fotografia', 'Sighseeing', 'Museo Conte', 'Museo Radio', 'San Fermo']",Museo Lapidario,strategy_nearest,False,0.003827810287475586,success
0417A9429C4C80,0,['Arena'],Casa Giulietta,"['Centro Fotografia', 'Sighseeing', 'Torre Lamberti', 'Museo Conte', 'Museo Radio']",Torre Lamberti,strategy_nearest,True,0.0025348663330078125,success
0417B03A9C4C81,0,['Tomba Giulietta'],Arena,"['Verona Tour', 'Museo Lapidario', 'Museo Radio', 'San Fermo', 'Casa Giulietta']",Casa Giulietta,strategy_nearest,True,0.0022258758544921875,success
0417B0429C4C80,0,['Arena'],Casa Giulietta,"['Centro Fotografia', 'Sighseeing', 'Torre Lamberti', 'Museo Conte', 'Museo Radio']",Tomba Giulietta,strategy_nearest,False,0.0028870105743408203,success
0417AF429C4C80,1,"['Palazzo della Ragione', 'Torre Lamberti']",Santa Anastasia,"['AMO', 'Museo Conte', 'Teatro Romano', 'Centro Fotografia', 'Duomo']",Teatro Romano,strategy_nearest,True,0.0021278858184814453,success
0417B13A9C4C80,1,"['San Fermo', 'Torre Lamberti', 'Palazzo della Ragione', 'Santa Anastasia']",Duomo,"['AMO', 'Museo Miniscalchi', 'Teatro Romano', 'Museo Conte', 'Centro Fotografia']",San Zeno,strategy_nearest,False,0.0026769638061523438,success
0417B5429C4C80,2,['Castelvecchio'],Torre Lamberti,"['Sighseeing', 'Centro Fotografia', 'Museo Conte', 'Casa Giulietta', 'Palazzo della Ragione']",Palazzo della Ragione,strategy_nearest,True,0.002093791961669922,success
0417B2429C4C81,0,['Arena'],Casa Giulietta,"['Centro Fotografia', 'Sighseeing', 'Torre Lamberti', 'Museo Conte', 'Museo Radio']",Palazzo della Ragione,strategy_nearest,False,0.004106998443603516,success
0417B7429C4C80,0,['Arena'],Casa Giulietta,"['Centro Fotografia', 'Sighseeing', 'Torre Lamberti', 'Museo Conte', 'Museo Radio']",Santa Anastasia,strategy_nearest,False,0.0023529529571533203,success
0417B9429C4C81,1,"['Castelvecchio', 'Arena']",Palazzo della Ragione,"['AMO', 'Museo Conte', 'Torre Lamberti', 'Centro Fotografia', 'Sighseeing']",Torre Lamberti,strategy_nearest,True,0.0025148391723632812,success
0417BB429C4C81,0,['Arena'],Castelvecchio,"['Museo Lapidario', 'Verona Tour', 'Museo Radio', 'San Zeno', 'Sighseeing']",Casa Giulietta,strategy_nearest,False,0.0024497509002685547,success
0417BC429C4C81,0,"['Casa Giulietta', 'Duomo']",Teatro Romano,"['Santa Anastasia', 'AMO', 'Palazzo della Ragione', 'Museo Conte', 'Centro Fotografia']",Castelvecchio,strategy_nearest,False,0.003345966339111328,success
0417BC429C4C80,0,"['Arena', 'Casa Giulietta']",Torre Lamberti,"['Sighseeing', 'Centro Fotografia', 'Museo Conte', 'Palazzo della Ragione', 'AMO']",Duomo,strategy_nearest,False,0.0027060508728027344,success
0417BF429C4C81,3,"['Arena', 'Casa Giulietta', 'Torre Lamberti']",Santa Anastasia,"['AMO', 'Museo Conte', 'Palazzo della Ragione', 'Teatro Romano', 'Centro Fotografia']",Teatro Romano,strategy_nearest,True,0.002919912338256836,success
0417CE3A9C4C80,0,"['Castelvecchio', 'Arena']",Casa Giulietta,"['Centro Fotografia', 'Sighseeing', 'Torre Lamberti', 'Museo Conte', 'Museo Radio']",Tomba Giulietta,strategy_nearest,False,0.002797842025756836,success
04183E3A9C4C81,1,"['Torre Lamberti', 'Palazzo della Ragione']",Casa Giulietta,"['Centro Fotografia', 'Sighseeing', 'Museo Conte', 'Museo Radio', 'San Fermo']",Arena,strategy_nearest,False,0.002130270004272461,success
0417CF3A9C4C80,0,['Arena'],Casa Giulietta,"['Centro Fotografia', 'Sighseeing', 'Torre Lamberti', 'Museo Conte', 'Museo Radio']",Torre Lamberti,strategy_nearest,True,0.002663850784301758,success
0417CE3A9C4C81,0,"['Santa Anastasia', 'Castelvecchio']",Arena,"['Verona Tour', 'Museo Lapidario', 'Museo Radio', 'San Fermo', 'Casa Giulietta']",Casa Giulietta,strategy_nearest,True,0.0024900436401367188,success
04186D429C4C81,0,['Torre Lamberti'],Teatro Romano,"['Santa Anastasia', 'Duomo', 'AMO', 'Palazzo della Ragione', 'Museo Conte']",Arena,strategy_nearest,False,0.00173187255859375,success
04187B429C4C81,3,"['Arena', 'Casa Giulietta', 'Santa Anastasia', 'Duomo']",Teatro Romano,"['AMO', 'Palazzo della Ragione', 'Museo Conte', 'Centro Fotografia', 'Museo Miniscalchi']",San Fermo,strategy_nearest,False,0.0019457340240478516,success
04187D429C4C81,3,"['Arena', 'Torre Lamberti', 'Casa Giulietta']",Duomo,"['AMO', 'Museo Miniscalchi', 'Santa Anastasia', 'Teatro Romano', 'Palazzo della Ragione']",Teatro Romano,strategy_nearest,True,0.001981019973754883,success
0418794A9C4C81,1,"['Torre Lamberti', 'Palazzo della Ragione', 'San Fermo']",Arena,"['Verona Tour', 'Museo Lapidario', 'Museo Radio', 'Casa Giulietta', 'Sighseeing']",Castelvecchio,strategy_nearest,False,0.0040950775146484375,success
04187F4A9C4C81,3,"['Arena', 'Torre Lamberti']",Santa Anastasia,"['AMO', 'Museo Conte', 'Palazzo della Ragione', 'Teatro Romano', 'Centro Fotografia']",Teatro Romano,strategy_nearest,True,0.0024099349975585938,success
0418824A9C4C81,0,['Arena'],Casa Giulietta,"['Centro Fotografia', 'Sighseeing', 'Torre Lamberti', 'Museo Conte', 'Museo Radio']",Torre Lamberti,strategy_nearest,True,0.0034551620483398438,success
0418863A9C4C81,0,['Arena'],Casa Giulietta,"['Centro Fotografia', 'Sighseeing', 'Torre Lamberti', 'Museo Conte', 'Museo Radio']",Santa Anastasia,strategy_nearest,False,0.002563953399658203,success
041890429C4C81,3,['Arena'],Casa Giulietta,"['Centro Fotografia', 'Sighseeing', 'Torre Lamberti', 'Museo Conte', 'Museo Radio']",San Fermo,strategy_nearest,False,0.002537965774536133,success
0418A472743381,0,['Arena'],Casa Giulietta,"['Centro Fotografia', 'Sighseeing', 'Torre Lamberti', 'Museo Conte', 'Museo Radio']",Torre Lamberti,strategy_nearest,True,0.002132892608642578,success
0418A53A9C4C81,1,"['Torre Lamberti', 'Palazzo della Ragione']",Casa Giulietta,"['Centro Fotografia', 'Sighseeing', 'Museo Conte', 'Museo Radio', 'San Fermo']",Arena,strategy_nearest,False,0.002752065658569336,success
0418A572743380,0,['Arena'],Casa Giulietta,"['Centro Fotografia', 'Sighseeing', 'Torre Lamberti', 'Museo Conte', 'Museo Radio']",Torre Lamberti,strategy_nearest,True,0.0031709671020507812,success
0418A0429C4C81,0,"['Teatro Romano', 'Giardino Giusti']",Torre Lamberti,"['Sighseeing', 'Centro Fotografia', 'Museo Conte', 'Casa Giulietta', 'Palazzo della Ragione']",Castelvecchio,strategy_nearest,False,0.0037109851837158203,success
0418A63A9C4C80,0,['Arena'],Casa Giulietta,"['Centro Fotografia', 'Sighseeing', 'Torre Lamberti', 'Museo Conte', 'Museo Radio']",Teatro Romano,strategy_nearest,False,0.0028200149536132812,success
0418A672743380,1,"['Torre Lamberti', 'Arena', 'Santa Anastasia', 'Teatro Romano']",Casa Giulietta,"['Centro Fotografia', 'Sighseeing', 'Museo Conte', 'Museo Radio', 'Palazzo della Ragione']",Palazzo della Ragione,strategy_nearest,True,0.0021398067474365234,success
0418BA429C4C81,0,"['Arena', 'Casa Giulietta']",Teatro Romano,"['Santa Anastasia', 'Duomo', 'AMO', 'Palazzo della Ragione', 'Museo Conte']",Tomba Giulietta,strategy_nearest,False,0.0032949447631835938,success
0418B4429C4C81,1,"['Arena', 'Casa Giulietta']",Museo Storia,"['San Fermo', 'Museo Radio', 'Centro Fotografia', 'Tomba Giulietta', 'Torre Lamberti']",Teatro Romano,strategy_nearest,False,0.0027709007263183594,success
0418BF429C4C81,1,"['Arena', 'Castelvecchio']",Palazzo della Ragione,"['AMO', 'Museo Conte', 'Torre Lamberti', 'Centro Fotografia', 'Sighseeing']",Casa Giulietta,strategy_nearest,False,0.0024597644805908203,success
0418C63A9C4C80,3,"['Teatro Romano', 'Duomo']",Casa Giulietta,"['Centro Fotografia', 'Sighseeing', 'Torre Lamberti', 'Museo Conte', 'Museo Radio']",Torre Lamberti,strategy_nearest,True,0.0018889904022216797,success
0418C7429C4C81,1,"['Tomba Giulietta', 'Arena']",Casa Giulietta,"['Centro Fotografia', 'Sighseeing', 'Torre Lamberti', 'Museo Conte', 'Museo Radio']",Palazzo della Ragione,strategy_nearest,False,0.0035238265991210938,success
0418C8429C4C80,0,['Arena'],Torre Lamberti,"['Sighseeing', 'Centro Fotografia', 'Museo Conte', 'Casa Giulietta', 'Palazzo della Ragione']",Castelvecchio,strategy_nearest,False,0.0026710033416748047,success
04196C429C4C81,3,['Arena'],Torre Lamberti,"['Sighseeing', 'Centro Fotografia', 'Museo Conte', 'Casa Giulietta', 'Palazzo della Ragione']",Casa Giulietta,strategy_nearest,True,0.002768993377685547,success
04196E429C4C80,0,['Torre Lamberti'],Casa Giulietta,"['Centro Fotografia', 'Sighseeing', 'Museo Conte', 'Museo Radio', 'Palazzo della Ragione']",Arena,strategy_nearest,False,0.0030198097229003906,success
0419743A9C4C80,0,['Arena'],Museo Lapidario,"['Verona Tour', 'Castelvecchio', 'Museo Radio', 'San Fermo', 'Casa Giulietta']",Torre Lamberti,strategy_nearest,False,0.0033791065216064453,success
041976429C4C81,3,"['Arena', 'Casa Giulietta']",Torre Lamberti,"['Sighseeing', 'Centro Fotografia', 'Museo Conte', 'Palazzo della Ragione', 'AMO']",Santa Anastasia,strategy_nearest,False,0.002723217010498047,success
04197B429C4C81,3,"['Arena', 'Torre Lamberti']",Casa Giulietta,"['Centro Fotografia', 'Sighseeing', 'Museo Conte', 'Museo Radio', 'Palazzo della Ragione']",Duomo,strategy_nearest,False,0.0013811588287353516,success
04197C4A9C4C80,0,['San Zeno'],Castelvecchio,"['Museo Lapidario', 'Verona Tour', 'Arena', 'Museo Radio', 'Sighseeing']",Arena,strategy_nearest,True,0.002889871597290039,success
0419823A9C4C80,3,"['Santa Anastasia', 'Duomo']",Arena,"['Verona Tour', 'Museo Lapidario', 'Museo Radio', 'San Fermo', 'Casa Giulietta']",Castelvecchio,strategy_nearest,False,0.0018429756164550781,success
0419824A9C4C81,1,"['Arena', 'Casa Giulietta', 'Giardino Giusti']",Torre Lamberti,"['Sighseeing', 'Centro Fotografia', 'Museo Conte', 'Palazzo della Ragione', 'AMO']",Palazzo della Ragione,strategy_nearest,True,0.002501964569091797,success
041983429C4C81,3,['Arena'],Casa Giulietta,"['Centro Fotografia', 'Sighseeing', 'Torre Lamberti', 'Museo Conte', 'Museo Radio']",Santa Anastasia,strategy_nearest,False,0.0026938915252685547,success
041984429C4C81,1,"['Arena', 'Casa Giulietta']",Torre Lamberti,"['Sighseeing', 'Centro Fotografia', 'Museo Conte', 'Palazzo della Ragione', 'AMO']",Palazzo della Ragione,strategy_nearest,True,0.00273895263671875,success
0419853A9C4C80,3,"['Arena', 'Casa Giulietta', 'Torre Lamberti']",Santa Anastasia,"['AMO', 'Museo Conte', 'Palazzo della Ragione', 'Teatro Romano', 'Centro Fotografia']",Duomo,strategy_nearest,False,0.0026891231536865234,success
041986429C4C80,0,['Arena'],Casa Giulietta,"['Centro Fotografia', 'Sighseeing', 'Torre Lamberti', 'Museo Conte', 'Museo Radio']",San Zeno,strategy_nearest,False,0.0030269622802734375,success
04198C429C4C81,3,"['Arena', 'Casa Giulietta']",Santa Anastasia,"['AMO', 'Museo Conte', 'Palazzo della Ragione', 'Teatro Romano', 'Centro Fotografia']",Teatro Romano,strategy_nearest,True,0.0021741390228271484,success
04198E429C4C81,0,['Arena'],Casa Giulietta,"['Centro Fotografia', 'Sighseeing', 'Torre Lamberti', 'Museo Conte', 'Museo Radio']",Torre Lamberti,strategy_nearest,True,0.0027320384979248047,success
04198D429C4C81,3,"['Torre Lamberti', 'Casa Giulietta']",Arena,"['Verona Tour', 'Museo Lapidario', 'Museo Radio', 'San Fermo', 'Sighseeing']",Castelvecchio,strategy_nearest,False,0.001993894577026367,success
041989429C4C81,0,"['Arena', 'Casa Giulietta']",Torre Lamberti,"['Sighseeing', 'Centro Fotografia', 'Museo Conte', 'Palazzo della Ragione', 'AMO']",Castelvecchio,strategy_nearest,False,0.004350185394287109,success
04198F3A9C4C80,0,['Casa Giulietta'],Arena,"['Verona Tour', 'Museo Lapidario', 'Museo Radio', 'San Fermo', 'Sighseeing']",Tomba Giulietta,strategy_nearest,False,0.0021119117736816406,success
04198E4A9C4C80,3,"['Arena', 'Casa Giulietta']",Santa Anastasia,"['AMO', 'Museo Conte', 'Palazzo della Ragione', 'Teatro Romano', 'Centro Fotografia']",Teatro Romano,strategy_nearest,True,0.0014529228210449219,success
041990429C4C81,3,"['Arena', 'Casa Giulietta', 'Santa Anastasia']",Torre Lamberti,"['Sighseeing', 'Centro Fotografia', 'Museo Conte', 'Palazzo della Ragione', 'AMO']",San Fermo,strategy_nearest,False,0.002765178680419922,success
041992429C4C81,1,"['Casa Giulietta', 'Santa Anastasia']",Castelvecchio,"['Museo Lapidario', 'Verona Tour', 'Arena', 'Museo Radio', 'San Zeno']",Palazzo della Ragione,strategy_nearest,False,0.003270864486694336,success
0419944A9C4C81,1,"['Arena', 'Palazzo della Ragione']",Casa Giulietta,"['Centro Fotografia', 'Sighseeing', 'Torre Lamberti', 'Museo Conte', 'Museo Radio']",Santa Anastasia,strategy_nearest,False,0.0021240711212158203,success
0419A472743381,3,"['Arena', 'Casa Giulietta', 'Torre Lamberti']",Santa Anastasia,"['AMO', 'Museo Conte', 'Palazzo della Ragione', 'Teatro Romano', 'Centro Fotografia']",Teatro Romano,strategy_nearest,True,0.002688169479370117,success
0419924A9C4C80,3,"['Tomba Giulietta', 'Arena']",Santa Anastasia,"['AMO', 'Museo Conte', 'Palazzo della Ragione', 'Teatro Romano', 'Centro Fotografia']",Torre Lamberti,strategy_nearest,False,0.004160165786743164,success
0419A572743380,3,"['Teatro Romano', 'Duomo', 'Santa Anastasia']",Torre Lamberti,"['Sighseeing', 'Centro Fotografia', 'Museo Conte', 'Casa Giulietta', 'Palazzo della Ragione']",Casa Giulietta,strategy_nearest,True,0.003359079360961914,success
0419AB429C4C80,1,"['Arena', 'Casa Giulietta']",Torre Lamberti,"['Sighseeing', 'Centro Fotografia', 'Museo Conte', 'Palazzo della Ragione', 'AMO']",Palazzo della Ragione,strategy_nearest,True,0.002608776092529297,success
0419B2429C4C80,0,['Arena'],Casa Giulietta,"['Centro Fotografia', 'Sighseeing', 'Torre Lamberti', 'Museo Conte', 'Museo Radio']",Torre Lamberti,strategy_nearest,True,0.0027649402618408203,success
0419B13A9C4C80,3,"['Arena', 'Casa Giulietta', 'San Fermo']",Tomba Giulietta,"['Museo Storia', 'Museo Lapidario', 'Museo Radio', 'Verona Tour', 'Castelvecchio']",Torre Lamberti,strategy_nearest,False,0.002171754837036133,success
0419AD429C4C80,0,['Torre Lamberti'],Casa Giulietta,"['Centro Fotografia', 'Sighseeing', 'Museo Conte', 'Museo Radio', 'Palazzo della Ragione']",Arena,strategy_nearest,False,0.004334211349487305,success
0419B4429C4C80,0,"['Duomo', 'Torre Lamberti']",Casa Giulietta,"['Centro Fotografia', 'Sighseeing', 'Museo Conte', 'Museo Radio', 'Palazzo della Ragione']",Arena,strategy_nearest,False,0.002730131149291992,success
0419B4429C4C81,1,"['Castelvecchio', 'Arena']",Palazzo della Ragione,"['AMO', 'Museo Conte', 'Torre Lamberti', 'Centro Fotografia', 'Sighseeing']",Torre Lamberti,strategy_nearest,True,0.002565145492553711,success
0419BE429C4C80,0,['Arena'],Casa Giulietta,"['Centro Fotografia', 'Sighseeing', 'Torre Lamberti', 'Museo Conte', 'Museo Radio']",Torre Lamberti,strategy_nearest,True,0.0021119117736816406,success
0419BB3A9C4C80,0,['Castelvecchio'],Arena,"['Verona Tour', 'Museo Lapidario', 'Museo Radio', 'San Fermo', 'Casa Giulietta']",Casa Giulietta,strategy_nearest,True,0.003458738327026367,success
0419C03A9C4C81,0,['San Zeno'],Castelvecchio,"['Museo Lapidario', 'Verona Tour', 'Arena', 'Museo Radio', 'Sighseeing']",Arena,strategy_nearest,True,0.003010988235473633,success
0419C63A9C4C80,2,['Teatro Romano'],Duomo,"['AMO', 'Museo Miniscalchi', 'Santa Anastasia', 'Palazzo della Ragione', 'Museo Conte']",Santa Anastasia,strategy_nearest,True,0.0024170875549316406,success
0419C73A9C4C80,0,['Arena'],Casa Giulietta,"['Centro Fotografia', 'Sighseeing', 'Torre Lamberti', 'Museo Conte', 'Museo Radio']",Tomba Giulietta,strategy_nearest,False,0.0024280548095703125,success
041A4F3A9C4C81,0,"['Arena', 'Castelvecchio']",Torre Lamberti,"['Sighseeing', 'Centro Fotografia', 'Museo Conte', 'Casa Giulietta', 'Palazzo della Ragione']",Casa Giulietta,strategy_nearest,True,0.002443075180053711,success
0419CE3A9C4C80,0,"['Castelvecchio', 'Museo Lapidario']",Arena,"['Verona Tour', 'Museo Radio', 'San Fermo', 'Casa Giulietta', 'Sighseeing']",Casa Giulietta,strategy_nearest,True,0.0026717185974121094,success
041A62429C4C81,1,"['Arena', 'Casa Giulietta']",Palazzo della Ragione,"['AMO', 'Museo Conte', 'Torre Lamberti', 'Centro Fotografia', 'Sighseeing']",Teatro Romano,strategy_nearest,False,0.0026187896728515625,success
041A60429C4C81,3,"['Santa Anastasia', 'Arena']",Casa Giulietta,"['Centro Fotografia', 'Sighseeing', 'Torre Lamberti', 'Museo Conte', 'Museo Radio']",Torre Lamberti,strategy_nearest,True,0.003403902053833008,success
041A794A9C4C81,1,['Torre Lamberti'],Palazzo della Ragione,"['AMO', 'Museo Conte', 'Centro Fotografia', 'Sighseeing', 'Santa Anastasia']",Arena,strategy_nearest,False,0.0026497840881347656,success
041A7C429C4C80,1,"['Teatro Romano', 'Castelvecchio']",Arena,"['Verona Tour', 'Museo Lapidario', 'Museo Radio', 'San Fermo', 'Casa Giulietta']",Casa Giulietta,strategy_nearest,True,0.003350973129272461,success
041A7D3A9C4C80,3,['Santa Anastasia'],Torre Lamberti,"['Sighseeing', 'Centro Fotografia', 'Museo Conte', 'Casa Giulietta', 'Palazzo della Ragione']",Arena,strategy_nearest,False,0.0027620792388916016,success
041A7E429C4C80,3,"['Arena', 'Casa Giulietta']",Torre Lamberti,"['Sighseeing', 'Centro Fotografia', 'Museo Conte', 'Palazzo della Ragione', 'AMO']",Santa Anastasia,strategy_nearest,False,0.0032269954681396484,success
041A804A9C4C80,0,['Arena'],Torre Lamberti,"['Sighseeing', 'Centro Fotografia', 'Museo Conte', 'Casa Giulietta', 'Palazzo della Ragione']",Casa Giulietta,strategy_nearest,True,0.0029401779174804688,success
041A813A9C4C80,1,['Arena'],Casa Giulietta,"['Centro Fotografia', 'Sighseeing', 'Torre Lamberti', 'Museo Conte', 'Museo Radio']",Palazzo della Ragione,strategy_nearest,False,0.0033588409423828125,success
041A823A9C4C80,3,"['Arena', 'San Fermo']",Casa Giulietta,"['Centro Fotografia', 'Sighseeing', 'Torre Lamberti', 'Museo Conte', 'Museo Radio']",Santa Anastasia,strategy_nearest,False,0.004148960113525391,success
041A82429C4C81,1,"['Torre Lamberti', 'Palazzo della Ragione']",Casa Giulietta,"['Centro Fotografia', 'Sighseeing', 'Museo Conte', 'Museo Radio', 'San Fermo']",Arena,strategy_nearest,False,0.0028829574584960938,success
041A8E429C4C81,1,"['Arena', 'Casa Giulietta']",Torre Lamberti,"['Sighseeing', 'Centro Fotografia', 'Museo Conte', 'Palazzo della Ragione', 'AMO']",Palazzo della Ragione,strategy_nearest,True,0.002056121826171875,success
041A8F3A9C4C81,3,"['Arena', 'Museo Lapidario', 'Castelvecchio']",San Zeno,"['Verona Tour', 'Museo Miniscalchi', 'Sighseeing', 'Museo Radio', 'Torre Lamberti']",Duomo,strategy_nearest,False,0.0030078887939453125,success
041A90429C4C81,0,['Arena'],Castelvecchio,"['Museo Lapidario', 'Verona Tour', 'Museo Radio', 'San Zeno', 'Sighseeing']",Casa Giulietta,strategy_nearest,False,0.0022258758544921875,success
041AA472743380,1,"['Arena', 'Santa Anastasia', 'Torre Lamberti']",Palazzo della Ragione,"['AMO', 'Museo Conte', 'Centro Fotografia', 'Sighseeing', 'Museo Miniscalchi']",Castelvecchio,strategy_nearest,False,0.002599954605102539,success
041A964A9C4C81,0,['Arena'],Castelvecchio,"['Museo Lapidario', 'Verona Tour', 'Museo Radio', 'San Zeno', 'Sighseeing']",Torre Lamberti,strategy_nearest,False,0.003670930862426758,success
041AA472743381,0,['Arena'],Casa Giulietta,"['Centro Fotografia', 'Sighseeing', 'Torre Lamberti', 'Museo Conte', 'Museo Radio']",Torre Lamberti,strategy_nearest,True,0.003880023956298828,success
041AA7429C4C81,0,"['Arena', 'Casa Giulietta']",Torre Lamberti,"['Sighseeing', 'Centro Fotografia', 'Museo Conte', 'Palazzo della Ragione', 'AMO']",Castelvecchio,strategy_nearest,False,0.0029430389404296875,success
041AA772743380,0,['Casa Giulietta'],Arena,"['Verona Tour', 'Museo Lapidario', 'Museo Radio', 'San Fermo', 'Sighseeing']",Torre Lamberti,strategy_nearest,False,0.0022668838500976562,success
041AA872743380,0,['Museo Lapidario'],Arena,"['Verona Tour', 'Museo Radio', 'San Fermo', 'Casa Giulietta', 'Sighseeing']",Casa Giulietta,strategy_nearest,True,0.0026519298553466797,success
041AA9429C4C81,0,"['Arena', 'Casa Giulietta']",Torre Lamberti,"['Sighseeing', 'Centro Fotografia', 'Museo Conte', 'Palazzo della Ragione', 'AMO']",Duomo,strategy_nearest,False,0.0019030570983886719,success
041AA9429C4C80,3,"['Santa Anastasia', 'Teatro Romano']",Duomo,"['AMO', 'Museo Miniscalchi', 'Palazzo della Ragione', 'Museo Conte', 'Torre Lamberti']",Torre Lamberti,strategy_nearest,True,0.002916097640991211,success
041AB4429C4C80,0,"['Museo Lapidario', 'Arena']",Castelvecchio,"['Verona Tour', 'Museo Radio', 'San Zeno', 'Sighseeing', 'Museo Miniscalchi']",Torre Lamberti,strategy_nearest,False,0.0035812854766845703,success
041AB2429C4C80,3,"['Arena', 'Casa Giulietta']",Torre Lamberti,"['Sighseeing', 'Centro Fotografia', 'Museo Conte', 'Palazzo della Ragione', 'AMO']",Santa Anastasia,strategy_nearest,False,0.003033161163330078,success
041ABA3A9C4C80,0,['Arena'],Castelvecchio,"['Museo Lapidario', 'Verona Tour', 'Museo Radio', 'San Zeno', 'Sighseeing']",Teatro Romano,strategy_nearest,False,0.0024809837341308594,success
041ABA429C4C81,0,['Castelvecchio'],Arena,"['Verona Tour', 'Museo Lapidario', 'Museo Radio', 'San Fermo', 'Casa Giulietta']",Torre Lamberti,strategy_nearest,False,0.0023620128631591797,success
041ABA429C4C80,1,"['Casa Giulietta', 'Palazzo della Ragione', 'Santa Anastasia']",Teatro Romano,"['Duomo', 'AMO', 'Museo Conte', 'Centro Fotografia', 'Museo Miniscalchi']",Duomo,strategy_nearest,True,0.0026710033416748047,success
041AC2429C4C81,3,"['Casa Giulietta', 'Torre Lamberti']",Santa Anastasia,"['AMO', 'Museo Conte', 'Palazzo della Ragione', 'Teatro Romano', 'Centro Fotografia']",Teatro Romano,strategy_nearest,True,0.0023872852325439453,success
041AE13A9C4C81,1,"['Duomo', 'Teatro Romano']",Arena,"['Verona Tour', 'Museo Lapidario', 'Museo Radio', 'San Fermo', 'Casa Giulietta']",Torre Lamberti,strategy_nearest,False,0.0025892257690429688,success
041ACB429C4C80,3,"['Casa Giulietta', 'Arena']",San Zeno,"['Castelvecchio', 'Verona Tour', 'Museo Lapidario', 'Museo Miniscalchi', 'Sighseeing']",San Fermo,strategy_nearest,False,0.002796173095703125,success
041AC7429C4C81,3,"['Casa Giulietta', 'Arena', 'Castelvecchio']",San Zeno,"['Verona Tour', 'Museo Lapidario', 'Museo Miniscalchi', 'Sighseeing', 'Museo Radio']",Torre Lamberti,strategy_nearest,False,0.0027930736541748047,success
041AD53A9C4C80,0,['Arena'],Casa Giulietta,"['Centro Fotografia', 'Sighseeing', 'Torre Lamberti', 'Museo Conte', 'Museo Radio']",Torre Lamberti,strategy_nearest,True,0.0032379627227783203,success
041B443A9C4C81,0,['Casa Giulietta'],Torre Lamberti,"['Sighseeing', 'Centro Fotografia', 'Museo Conte', 'Palazzo della Ragione', 'AMO']",Arena,strategy_nearest,False,0.0019099712371826172,success
041B563A9C4C80,0,['Arena'],Casa Giulietta,"['Centro Fotografia', 'Sighseeing', 'Torre Lamberti', 'Museo Conte', 'Museo Radio']",Santa Anastasia,strategy_nearest,False,0.004172086715698242,success
041B65429C4C81,3,"['Arena', 'Tomba Giulietta']",San Fermo,"['Museo Storia', 'Museo Radio', 'Casa Giulietta', 'Centro Fotografia', 'Sighseeing']",Santa Anastasia,strategy_nearest,False,0.004566192626953125,success
041B60429C4C81,1,"['Arena', 'Casa Giulietta']",Palazzo della Ragione,"['AMO', 'Museo Conte', 'Torre Lamberti', 'Centro Fotografia', 'Sighseeing']",Torre Lamberti,strategy_nearest,True,0.005357027053833008,success
041B753A9C4C81,3,"['Arena', 'Casa Giulietta']",Santa Anastasia,"['AMO', 'Museo Conte', 'Palazzo della Ragione', 'Teatro Romano', 'Centro Fotografia']",Duomo,strategy_nearest,False,0.002878904342651367,success
041B773A9C4C81,0,['Arena'],Casa Giulietta,"['Centro Fotografia', 'Sighseeing', 'Torre Lamberti', 'Museo Conte', 'Museo Radio']",Santa Anastasia,strategy_nearest,False,0.003292083740234375,success
041B784A9C4C80,0,"['Arena', 'Casa Giulietta']",Torre Lamberti,"['Sighseeing', 'Centro Fotografia', 'Museo Conte', 'Palazzo della Ragione', 'AMO']",Duomo,strategy_nearest,False,0.002691984176635742,success
041B793A9C4C80,1,"['Castelvecchio', 'Arena', 'Casa Giulietta']",Palazzo della Ragione,"['AMO', 'Museo Conte', 'Torre Lamberti', 'Centro Fotografia', 'Sighseeing']",Torre Lamberti,strategy_nearest,True,0.002440929412841797,success
041B7B4A9C4C81,3,['Torre Lamberti'],Santa Anastasia,"['AMO', 'Museo Conte', 'Palazzo della Ragione', 'Teatro Romano', 'Centro Fotografia']",Arena,strategy_nearest,False,0.0030078887939453125,success
041B7A3A9C4C80,1,"['Teatro Romano', 'Arena']",Casa Giulietta,"['Centro Fotografia', 'Sighseeing', 'Torre Lamberti', 'Museo Conte', 'Museo Radio']",Torre Lamberti,strategy_nearest,True,0.004046916961669922,success
041B794A9C4C80,1,['Arena'],Torre Lamberti,"['Sighseeing', 'Centro Fotografia', 'Museo Conte', 'Casa Giulietta', 'Palazzo della Ragione']",Palazzo della Ragione,strategy_nearest,True,0.00337982177734375,success
041B843A9C4C80,1,"['Arena', 'Casa Giulietta']",Torre Lamberti,"['Sighseeing', 'Centro Fotografia', 'Museo Conte', 'Palazzo della Ragione', 'AMO']",Palazzo della Ragione,strategy_nearest,True,0.001415252685546875,success
041B934A9C4C81,0,['Arena'],Casa Giulietta,"['Centro Fotografia', 'Sighseeing', 'Torre Lamberti', 'Museo Conte', 'Museo Radio']",Torre Lamberti,strategy_nearest,True,0.002212047576904297,success
041B8C4A9C4C81,3,"['Arena', 'Castelvecchio', 'Torre Lamberti']",Casa Giulietta,"['Centro Fotografia', 'Sighseeing', 'Museo Conte', 'Museo Radio', 'Palazzo della Ragione']",Santa Anastasia,strategy_nearest,False,0.004290103912353516,success
041B894A9C4C80,1,"['Arena', 'Casa Giulietta']",Castelvecchio,"['Museo Lapidario', 'Verona Tour', 'Museo Radio', 'San Zeno', 'Sighseeing']",Torre Lamberti,strategy_nearest,False,0.0051839351654052734,success
041B944A9C4C81,0,['Arena'],Casa Giulietta,"['Centro Fotografia', 'Sighseeing', 'Torre Lamberti', 'Museo Conte', 'Museo Radio']",Torre Lamberti,strategy_nearest,True,0.00416874885559082,success
041BA472743381,1,"['Museo Lapidario', 'Castelvecchio', 'Tomba Giulietta', 'Museo Storia', 'Casa Giulietta']",Arena,"['Verona Tour', 'Museo Radio', 'San Fermo', 'Sighseeing', 'Torre Lamberti']",Teatro Romano,strategy_nearest,False,0.003031015396118164,success
041BA572743380,3,"['Arena', 'Castelvecchio']",Santa Anastasia,"['AMO', 'Museo Conte', 'Palazzo della Ragione', 'Teatro Romano', 'Centro Fotografia']",Duomo,strategy_nearest,False,0.0023241043090820312,success
041BA472743380,3,"['Torre Lamberti', 'Santa Anastasia', 'Duomo', 'San Fermo']",Arena,"['Verona Tour', 'Museo Lapidario', 'Museo Radio', 'Casa Giulietta', 'Sighseeing']",Castelvecchio,strategy_nearest,False,0.0017971992492675781,success
041BA672743380,1,"['Castelvecchio', 'Arena']",Casa Giulietta,"['Centro Fotografia', 'Sighseeing', 'Torre Lamberti', 'Museo Conte', 'Museo Radio']",Palazzo della Ragione,strategy_nearest,False,0.003421783447265625,success
041BA8429C4C80,3,"['Arena', 'Casa Giulietta']",Santa Anastasia,"['AMO', 'Museo Conte', 'Palazzo della Ragione', 'Teatro Romano', 'Centro Fotografia']",Teatro Romano,strategy_nearest,True,0.0018911361694335938,success
041BA93A9C4C80,3,"['Arena', 'Santa Anastasia']",Torre Lamberti,"['Sighseeing', 'Centro Fotografia', 'Museo Conte', 'Casa Giulietta', 'Palazzo della Ragione']",Casa Giulietta,strategy_nearest,True,0.002485036849975586,success
041BA84A9C4C80,3,"['Casa Giulietta', 'Castelvecchio']",Arena,"['Verona Tour', 'Museo Lapidario', 'Museo Radio', 'San Fermo', 'Sighseeing']",Santa Anastasia,strategy_nearest,False,0.0028710365295410156,success
041BA9429C4C80,1,"['Arena', 'Casa Giulietta']",Torre Lamberti,"['Sighseeing', 'Centro Fotografia', 'Museo Conte', 'Palazzo della Ragione', 'AMO']",Palazzo della Ragione,strategy_nearest,True,0.002846956253051758,success
041BAC429C4C80,3,"['Torre Lamberti', 'Casa Giulietta']",Arena,"['Verona Tour', 'Museo Lapidario', 'Museo Radio', 'San Fermo', 'Sighseeing']",Tomba Giulietta,strategy_nearest,False,0.0020089149475097656,success
041BAB429C4C81,0,['Arena'],Casa Giulietta,"['Centro Fotografia', 'Sighseeing', 'Torre Lamberti', 'Museo Conte', 'Museo Radio']",Torre Lamberti,strategy_nearest,True,0.002892017364501953,success
041BAC3A9C4C81,0,['Arena'],Casa Giulietta,"['Centro Fotografia', 'Sighseeing', 'Torre Lamberti', 'Museo Conte', 'Museo Radio']",Castelvecchio,strategy_nearest,False,0.0036249160766601562,success
041BC53A9C4C80,6,"['Arena', 'Casa Giulietta']",Tomba Giulietta,"['San Fermo', 'Museo Storia', 'Museo Lapidario', 'Museo Radio', 'Verona Tour']",Teatro Romano,strategy_nearest,False,0.002778768539428711,success
041BC03A9C4C81,1,"['Arena', 'Castelvecchio']",Casa Giulietta,"['Centro Fotografia', 'Sighseeing', 'Torre Lamberti', 'Museo Conte', 'Museo Radio']",Palazzo della Ragione,strategy_nearest,False,0.003570079803466797,success
041BC3429C4C81,0,['Arena'],Casa Giulietta,"['Centro Fotografia', 'Sighseeing', 'Torre Lamberti', 'Museo Conte', 'Museo Radio']",Torre Lamberti,strategy_nearest,True,0.004149913787841797,success
041BC83A9C4C81,3,['Arena'],Santa Anastasia,"['AMO', 'Museo Conte', 'Palazzo della Ragione', 'Teatro Romano', 'Centro Fotografia']",Duomo,strategy_nearest,False,0.0038127899169921875,success
041BE13A9C4C80,3,"['Casa Giulietta', 'Torre Lamberti']",Castelvecchio,"['Museo Lapidario', 'Verona Tour', 'Arena', 'Museo Radio', 'San Zeno']",Arena,strategy_nearest,True,0.002872943878173828,success
041BCA429C4C80,0,"['Casa Giulietta', 'Torre Lamberti']",Teatro Romano,"['Santa Anastasia', 'Duomo', 'AMO', 'Palazzo della Ragione', 'Museo Conte']",Tomba Giulietta,strategy_nearest,False,0.003779172897338867,success
041BC9429C4C80,1,"['Arena', 'Casa Giulietta', 'Torre Lamberti']",Palazzo della Ragione,"['AMO', 'Museo Conte', 'Centro Fotografia', 'Sighseeing', 'Santa Anastasia']",Santa Anastasia,strategy_nearest,True,0.002918243408203125,success
041C443A9C4C81,0,['Casa Giulietta'],Arena,"['Verona Tour', 'Museo Lapidario', 'Museo Radio', 'San Fermo', 'Sighseeing']",Castelvecchio,strategy_nearest,False,0.003289937973022461,success
041C5B429C4C81,0,['Arena'],Casa Giulietta,"['Centro Fotografia', 'Sighseeing', 'Torre Lamberti', 'Museo Conte', 'Museo Radio']",Torre Lamberti,strategy_nearest,True,0.0018301010131835938,success
041C793A9C4C80,1,"['Casa Giulietta', 'Torre Lamberti']",Palazzo della Ragione,"['AMO', 'Museo Conte', 'Centro Fotografia', 'Sighseeing', 'Santa Anastasia']",Arena,strategy_nearest,False,0.0028238296508789062,success
041C733A9C4C80,3,"['Tomba Giulietta', 'Arena']",Casa Giulietta,"['Centro Fotografia', 'Sighseeing', 'Torre Lamberti', 'Museo Conte', 'Museo Radio']",Torre Lamberti,strategy_nearest,True,0.0026237964630126953,success
041C7B4A9C4C80,0,['Arena'],Torre Lamberti,"['Sighseeing', 'Centro Fotografia', 'Museo Conte', 'Casa Giulietta', 'Palazzo della Ragione']",Casa Giulietta,strategy_nearest,True,0.0031402111053466797,success
041C7C429C4C81,3,"['Arena', 'Torre Lamberti']",Casa Giulietta,"['Centro Fotografia', 'Sighseeing', 'Museo Conte', 'Museo Radio', 'Palazzo della Ragione']",Duomo,strategy_nearest,False,0.002432107925415039,success
041C803A9C4C81,1,"['Arena', 'Museo Lapidario']",Casa Giulietta,"['Centro Fotografia', 'Sighseeing', 'Torre Lamberti', 'Museo Conte', 'Museo Radio']",Torre Lamberti,strategy_nearest,True,0.001971006393432617,success
041C7C4A9C4C81,0,['Arena'],Casa Giulietta,"['Centro Fotografia', 'Sighseeing', 'Torre Lamberti', 'Museo Conte', 'Museo Radio']",Tomba Giulietta,strategy_nearest,False,0.00279998779296875,success
041C80429C4C80,1,"['Arena', 'Casa Giulietta']",Torre Lamberti,"['Sighseeing', 'Centro Fotografia', 'Museo Conte', 'Palazzo della Ragione', 'AMO']",Palazzo della Ragione,strategy_nearest,True,0.0032508373260498047,success
041C804A9C4C81,0,"['Arena', 'Casa Giulietta']",Torre Lamberti,"['Sighseeing', 'Centro Fotografia', 'Museo Conte', 'Palazzo della Ragione', 'AMO']",Teatro Romano,strategy_nearest,False,0.002557992935180664,success
041C854A9C4C81,3,"['Arena', 'Casa Giulietta']",Torre Lamberti,"['Sighseeing', 'Centro Fotografia', 'Museo Conte', 'Palazzo della Ragione', 'AMO']",Santa Anastasia,strategy_nearest,False,0.003512859344482422,success
041C823A9C4C80,1,['Torre Lamberti'],Palazzo della Ragione,"['AMO', 'Museo Conte', 'Centro Fotografia', 'Sighseeing', 'Santa Anastasia']",Casa Giulietta,strategy_nearest,False,0.0029060840606689453,success
041C893A9C4C80,1,"['Arena', 'Museo Lapidario', 'Casa Giulietta', 'Palazzo della Ragione']",Torre Lamberti,"['Sighseeing', 'Centro Fotografia', 'Museo Conte', 'AMO', 'Museo Miniscalchi']",Teatro Romano,strategy_nearest,False,0.0033180713653564453,success
041C8F3A9C4C80,1,"['Arena', 'San Fermo', 'Casa Giulietta', 'Torre Lamberti']",Palazzo della Ragione,"['AMO', 'Museo Conte', 'Centro Fotografia', 'Sighseeing', 'Santa Anastasia']",Santa Anastasia,strategy_nearest,True,0.0035789012908935547,success
041C8F429C4C81,3,"['Arena', 'Castelvecchio']",Santa Anastasia,"['AMO', 'Museo Conte', 'Palazzo della Ragione', 'Teatro Romano', 'Centro Fotografia']",Teatro Romano,strategy_nearest,True,0.002526998519897461,success
041C90429C4C81,0,['Torre Lamberti'],Arena,"['Verona Tour', 'Museo Lapidario', 'Museo Radio', 'San Fermo', 'Casa Giulietta']",San Zeno,strategy_nearest,False,0.0017583370208740234,success
041C944A9C4C80,0,['Arena'],Casa Giulietta,"['Centro Fotografia', 'Sighseeing', 'Torre Lamberti', 'Museo Conte', 'Museo Radio']",Teatro Romano,strategy_nearest,False,0.0026290416717529297,success
041C964A9C4C81,0,['Arena'],Castelvecchio,"['Museo Lapidario', 'Verona Tour', 'Museo Radio', 'San Zeno', 'Sighseeing']",Torre Lamberti,strategy_nearest,False,0.0026810169219970703,success
041C92429C4C81,1,"['Teatro Romano', 'Palazzo della Ragione']",Torre Lamberti,"['Sighseeing', 'Centro Fotografia', 'Museo Conte', 'Casa Giulietta', 'AMO']",Casa Giulietta,strategy_nearest,True,0.0027370452880859375,success
041C99429C4C80,1,"['Casa Giulietta', 'Torre Lamberti']",Palazzo della Ragione,"['AMO', 'Museo Conte', 'Centro Fotografia', 'Sighseeing', 'Santa Anastasia']",Arena,strategy_nearest,False,0.003015279769897461,success
041CA74A9C4C80,3,"['Duomo', 'Teatro Romano']",Torre Lamberti,"['Sighseeing', 'Centro Fotografia', 'Museo Conte', 'Casa Giulietta', 'Palazzo della Ragione']",Casa Giulietta,strategy_nearest,True,0.001987934112548828,success
041CA372743380,3,"['Santa Anastasia', 'Teatro Romano']",Arena,"['Verona Tour', 'Museo Lapidario', 'Museo Radio', 'San Fermo', 'Casa Giulietta']",Castelvecchio,strategy_nearest,False,0.002811908721923828,success
041CA84A9C4C80,0,['Arena'],Castelvecchio,"['Museo Lapidario', 'Verona Tour', 'Museo Radio', 'San Zeno', 'Sighseeing']",Casa Giulietta,strategy_nearest,False,0.0033690929412841797,success
041CA772743380,1,"['Museo Storia', 'Arena', 'Castelvecchio']",Torre Lamberti,"['Sighseeing', 'Centro Fotografia', 'Museo Conte', 'Casa Giulietta', 'Palazzo della Ragione']",Palazzo della Ragione,strategy_nearest,True,0.0027909278869628906,success
041CAA429C4C81,0,['Arena'],Castelvecchio,"['Museo Lapidario', 'Verona Tour', 'Museo Radio', 'San Zeno', 'Sighseeing']",Casa Giulietta,strategy_nearest,False,0.0033740997314453125,success
041CAB429C4C80,1,"['Arena', 'Casa Giulietta']",Palazzo della Ragione,"['AMO', 'Museo Conte', 'Torre Lamberti', 'Centro Fotografia', 'Sighseeing']",Torre Lamberti,strategy_nearest,True,0.002110004425048828,success
041CAD429C4C81,1,"['Museo Lapidario', 'Castelvecchio', 'Arena']",Casa Giulietta,"['Centro Fotografia', 'Sighseeing', 'Torre Lamberti', 'Museo Conte', 'Museo Radio']",Torre Lamberti,strategy_nearest,True,0.00251007080078125,success
041CB0429C4C81,3,"['Arena', 'Casa Giulietta']",Teatro Romano,"['Santa Anastasia', 'Duomo', 'AMO', 'Palazzo della Ragione', 'Museo Conte']",Duomo,strategy_nearest,True,0.003628969192504883,success
041CB43A9C4C81,3,"['Arena', 'Casa Giulietta']",Santa Anastasia,"['AMO', 'Museo Conte', 'Palazzo della Ragione', 'Teatro Romano', 'Centro Fotografia']",Castelvecchio,strategy_nearest,False,0.0020830631256103516,success
041CB4429C4C81,1,"['Arena', 'Casa Giulietta']",Torre Lamberti,"['Sighseeing', 'Centro Fotografia', 'Museo Conte', 'Palazzo della Ragione', 'AMO']",Palazzo della Ragione,strategy_nearest,True,0.002952098846435547,success
041CB13A9C4C81,1,"['Teatro Romano', 'Arena']",Castelvecchio,"['Museo Lapidario', 'Verona Tour', 'Museo Radio', 'San Zeno', 'Sighseeing']",Palazzo della Ragione,strategy_nearest,False,0.002705097198486328,success
041CB6429C4C80,0,['Arena'],Casa Giulietta,"['Centro Fotografia', 'Sighseeing', 'Torre Lamberti', 'Museo Conte', 'Museo Radio']",Santa Anastasia,strategy_nearest,False,0.003371000289916992,success
041CB9429C4C81,3,"['Castelvecchio', 'Arena']",Santa Anastasia,"['AMO', 'Museo Conte', 'Palazzo della Ragione', 'Teatro Romano', 'Centro Fotografia']",Duomo,strategy_nearest,False,0.0018310546875,success
041CB8429C4C81,0,['Arena'],Casa Giulietta,"['Centro Fotografia', 'Sighseeing', 'Torre Lamberti', 'Museo Conte', 'Museo Radio']",Duomo,strategy_nearest,False,0.002717256546020508,success
041CBF3A9C4C81,3,"['Arena', 'San Fermo', 'Casa Giulietta']",Torre Lamberti,"['Sighseeing', 'Centro Fotografia', 'Museo Conte', 'Palazzo della Ragione', 'AMO']",Teatro Romano,strategy_nearest,False,0.003017902374267578,success
041CCB3A9C4C81,1,['Casa Giulietta'],Palazzo della Ragione,"['AMO', 'Museo Conte', 'Torre Lamberti', 'Centro Fotografia', 'Sighseeing']",Torre Lamberti,strategy_nearest,True,0.0028619766235351562,success
041CC1429C4C80,3,"['Arena', 'Castelvecchio', 'Santa Anastasia']",Duomo,"['AMO', 'Museo Miniscalchi', 'Teatro Romano', 'Palazzo della Ragione', 'Museo Conte']",Teatro Romano,strategy_nearest,True,0.0027637481689453125,success
041CCC3A9C4C80,3,"['Arena', 'Casa Giulietta']",Torre Lamberti,"['Sighseeing', 'Centro Fotografia', 'Museo Conte', 'Palazzo della Ragione', 'AMO']",Santa Anastasia,strategy_nearest,False,0.0026671886444091797,success
041CD43A9C4C81,0,['Arena'],Casa Giulietta,"['Centro Fotografia', 'Sighseeing', 'Torre Lamberti', 'Museo Conte', 'Museo Radio']",Castelvecchio,strategy_nearest,False,0.003248929977416992,success
041D473A9C4C81,3,"['Arena', 'Torre Lamberti']",Santa Anastasia,"['AMO', 'Museo Conte', 'Palazzo della Ragione', 'Teatro Romano', 'Centro Fotografia']",Duomo,strategy_nearest,False,0.0017852783203125,success
041D743A9C4C81,3,['Arena'],Casa Giulietta,"['Centro Fotografia', 'Sighseeing', 'Torre Lamberti', 'Museo Conte', 'Museo Radio']",Santa Anastasia,strategy_nearest,False,0.001809835433959961,success
041D6A429C4C80,0,"['Casa Giulietta', 'Torre Lamberti']",Arena,"['Verona Tour', 'Museo Lapidario', 'Museo Radio', 'San Fermo', 'Sighseeing']",Tomba Giulietta,strategy_nearest,False,0.0034639835357666016,success
041D763A9C4C80,0,['Arena'],Teatro Romano,"['Santa Anastasia', 'Duomo', 'AMO', 'Palazzo della Ragione', 'Museo Conte']",Giardino Giusti,strategy_nearest,False,0.0032958984375,success
041D7C3A9C4C80,4,"['Arena', 'Castelvecchio']",Casa Giulietta,"['Centro Fotografia', 'Sighseeing', 'Torre Lamberti', 'Museo Conte', 'Museo Radio']",Santa Anastasia,strategy_nearest,False,0.0019910335540771484,success
041D7C429C4C80,0,['Teatro Romano'],Arena,"['Verona Tour', 'Museo Lapidario', 'Museo Radio', 'San Fermo', 'Casa Giulietta']",Tomba Giulietta,strategy_nearest,False,0.0025606155395507812,success
041D7D3A9C4C81,0,"['Arena', 'Casa Giulietta']",San Fermo,"['Museo Storia', 'Museo Radio', 'Centro Fotografia', 'Sighseeing', 'Torre Lamberti']",Museo Storia,strategy_nearest,True,0.0029680728912353516,success
041D7A429C4C80,3,"['Arena', 'Casa Giulietta']",Santa Anastasia,"['AMO', 'Museo Conte', 'Palazzo della Ragione', 'Teatro Romano', 'Centro Fotografia']",Teatro Romano,strategy_nearest,True,0.00474095344543457,success
041D7F429C4C81,0,"['Arena', 'Casa Giulietta']",San Fermo,"['Museo Storia', 'Museo Radio', 'Centro Fotografia', 'Sighseeing', 'Torre Lamberti']",Castelvecchio,strategy_nearest,False,0.0025811195373535156,success
041D80429C4C80,1,['Arena'],Torre Lamberti,"['Sighseeing', 'Centro Fotografia', 'Museo Conte', 'Casa Giulietta', 'Palazzo della Ragione']",Palazzo della Ragione,strategy_nearest,True,0.00243377685546875,success
041D84429C4C80,3,"['Teatro Romano', 'Duomo']",Torre Lamberti,"['Sighseeing', 'Centro Fotografia', 'Museo Conte', 'Casa Giulietta', 'Palazzo della Ragione']",Casa Giulietta,strategy_nearest,True,0.0034067630767822266,success
041D853A9C4C81,0,['Arena'],Casa Giulietta,"['Centro Fotografia', 'Sighseeing', 'Torre Lamberti', 'Museo Conte', 'Museo Radio']",Torre Lamberti,strategy_nearest,True,0.002605915069580078,success
041D8A429C4C80,3,"['Castelvecchio', 'Arena']",San Fermo,"['Museo Storia', 'Museo Radio', 'Casa Giulietta', 'Centro Fotografia', 'Sighseeing']",Casa Giulietta,strategy_nearest,True,0.002306699752807617,success
041D90429C4C80,0,['Arena'],Teatro Romano,"['Santa Anastasia', 'Duomo', 'AMO', 'Palazzo della Ragione', 'Museo Conte']",Casa Giulietta,strategy_nearest,False,0.002259969711303711,success
041DA472743380,1,"['Castelvecchio', 'Santa Anastasia', 'Arena', 'Casa Giulietta']",Torre Lamberti,"['Sighseeing', 'Centro Fotografia', 'Museo Conte', 'Palazzo della Ragione', 'AMO']",Duomo,strategy_nearest,False,0.0019898414611816406,success
041DA472743381,1,"['Arena', 'Torre Lamberti', 'Palazzo della Ragione']",Casa Giulietta,"['Centro Fotografia', 'Sighseeing', 'Museo Conte', 'Museo Radio', 'San Fermo']",Santa Anastasia,strategy_nearest,False,0.0031108856201171875,success
041D93429C4C80,0,['Arena'],Casa Giulietta,"['Centro Fotografia', 'Sighseeing', 'Torre Lamberti', 'Museo Conte', 'Museo Radio']",Torre Lamberti,strategy_nearest,True,0.003531932830810547,success
041DA672743381,1,"['Arena', 'Museo Lapidario', 'Casa Giulietta']",Castelvecchio,"['Verona Tour', 'Museo Radio', 'San Zeno', 'Sighseeing', 'Museo Miniscalchi']",Torre Lamberti,strategy_nearest,False,0.002093076705932617,success
041DA7429C4C81,1,"['Castelvecchio', 'Casa Giulietta', 'Santa Anastasia']",Arena,"['Verona Tour', 'Museo Lapidario', 'Museo Radio', 'San Fermo', 'Sighseeing']",Torre Lamberti,strategy_nearest,False,0.002585887908935547,success
041DA572743380,1,"['San Zeno', 'Casa Giulietta', 'Torre Lamberti', 'Santa Anastasia']",Palazzo della Ragione,"['AMO', 'Museo Conte', 'Centro Fotografia', 'Sighseeing', 'Museo Miniscalchi']",Castelvecchio,strategy_nearest,False,0.0015301704406738281,success
041DA8429C4C80,0,['Arena'],San Fermo,"['Museo Storia', 'Museo Radio', 'Casa Giulietta', 'Centro Fotografia', 'Sighseeing']",Castelvecchio,strategy_nearest,False,0.003304004669189453,success
041DA872743380,3,"['Casa Giulietta', 'Santa Anastasia']",Torre Lamberti,"['Sighseeing', 'Centro Fotografia', 'Museo Conte', 'Palazzo della Ragione', 'AMO']",Arena,strategy_nearest,False,0.0022101402282714844,success
041DB03A9C4C81,1,"['Arena', 'Casa Giulietta']",Santa Anastasia,"['AMO', 'Museo Conte', 'Palazzo della Ragione', 'Teatro Romano', 'Centro Fotografia']",Duomo,strategy_nearest,False,0.002424955368041992,success
041DAF3A9C4C81,1,"['Arena', 'Castelvecchio']",Casa Giulietta,"['Centro Fotografia', 'Sighseeing', 'Torre Lamberti', 'Museo Conte', 'Museo Radio']",Palazzo della Ragione,strategy_nearest,False,0.0038771629333496094,success
041DAC429C4C81,3,['Torre Lamberti'],Santa Anastasia,"['AMO', 'Museo Conte', 'Palazzo della Ragione', 'Teatro Romano', 'Centro Fotografia']",Casa Giulietta,strategy_nearest,False,0.002788066864013672,success
041DB3429C4C80,0,['Castelvecchio'],Arena,"['Verona Tour', 'Museo Lapidario', 'Museo Radio', 'San Fermo', 'Casa Giulietta']",San Zeno,strategy_nearest,False,0.002100229263305664,success
041DB6429C4C80,3,"['Arena', 'Castelvecchio']",Torre Lamberti,"['Sighseeing', 'Centro Fotografia', 'Museo Conte', 'Casa Giulietta', 'Palazzo della Ragione']",Casa Giulietta,strategy_nearest,True,0.0022089481353759766,success
041DBB429C4C81,3,"['Arena', 'Casa Giulietta']",Torre Lamberti,"['Sighseeing', 'Centro Fotografia', 'Museo Conte', 'Palazzo della Ragione', 'AMO']",Santa Anastasia,strategy_nearest,False,0.0017249584197998047,success
041DB8429C4C81,3,"['Castelvecchio', 'Santa Anastasia']",Duomo,"['AMO', 'Museo Miniscalchi', 'Teatro Romano', 'Palazzo della Ragione', 'Museo Conte']",Arena,strategy_nearest,False,0.0025300979614257812,success
041DC4429C4C80,0,['Arena'],Casa Giulietta,"['Centro Fotografia', 'Sighseeing', 'Torre Lamberti', 'Museo Conte', 'Museo Radio']",Torre Lamberti,strategy_nearest,True,0.0027289390563964844,success
041E4B3A9C4C81,3,"['Arena', 'Casa Giulietta']",Torre Lamberti,"['Sighseeing', 'Centro Fotografia', 'Museo Conte', 'Palazzo della Ragione', 'AMO']",Santa Anastasia,strategy_nearest,False,0.003314971923828125,success
041DC03A9C4C80,1,"['Santa Anastasia', 'San Fermo', 'Palazzo della Ragione']",Torre Lamberti,"['Sighseeing', 'Centro Fotografia', 'Museo Conte', 'Casa Giulietta', 'AMO']",Casa Giulietta,strategy_nearest,True,0.002789735794067383,success
041E4B429C4C81,0,['Torre Lamberti'],Arena,"['Verona Tour', 'Museo Lapidario', 'Museo Radio', 'San Fermo', 'Casa Giulietta']",Casa Giulietta,strategy_nearest,True,0.003030061721801758,success
041E713A9C4C81,0,['Teatro Romano'],Castelvecchio,"['Museo Lapidario', 'Verona Tour', 'Arena', 'Museo Radio', 'San Zeno']",Arena,strategy_nearest,True,0.002465963363647461,success
041E73429C4C81,2,"['Torre Lamberti', 'Casa Giulietta']",Santa Anastasia,"['AMO', 'Museo Conte', 'Palazzo della Ragione', 'Teatro Romano', 'Centro Fotografia']",Castelvecchio,strategy_nearest,False,0.0023779869079589844,success
041E763A9C4C81,1,"['Tomba Giulietta', 'Arena', 'Casa Giulietta']",Palazzo della Ragione,"['AMO', 'Museo Conte', 'Torre Lamberti', 'Centro Fotografia', 'Sighseeing']",Torre Lamberti,strategy_nearest,True,0.0028569698333740234,success
041E77429C4C81,3,"['Torre Lamberti', 'Santa Anastasia']",Teatro Romano,"['Duomo', 'AMO', 'Palazzo della Ragione', 'Museo Conte', 'Centro Fotografia']",Duomo,strategy_nearest,True,0.0024602413177490234,success
041E76429C4C80,1,['Arena'],Palazzo della Ragione,"['AMO', 'Museo Conte', 'Torre Lamberti', 'Centro Fotografia', 'Sighseeing']",Casa Giulietta,strategy_nearest,False,0.0039980411529541016,success
041E7C4A9C4C81,3,"['Arena', 'Casa Giulietta']",Santa Anastasia,"['AMO', 'Museo Conte', 'Palazzo della Ragione', 'Teatro Romano', 'Centro Fotografia']",Duomo,strategy_nearest,False,0.0028879642486572266,success
041E7D3A9C4C80,2,['Castelvecchio'],San Zeno,"['Verona Tour', 'Museo Lapidario', 'Arena', 'Museo Miniscalchi', 'Sighseeing']",Duomo,strategy_nearest,False,0.0029098987579345703,success
041E7A3A9C4C80,0,['Casa Giulietta'],Arena,"['Verona Tour', 'Museo Lapidario', 'Museo Radio', 'San Fermo', 'Sighseeing']",Castelvecchio,strategy_nearest,False,0.002727031707763672,success
041E7E3A9C4C81,3,"['Arena', 'Museo Lapidario', 'Castelvecchio']",San Zeno,"['Verona Tour', 'Museo Miniscalchi', 'Sighseeing', 'Museo Radio', 'Torre Lamberti']",Duomo,strategy_nearest,False,0.0033960342407226562,success
041E803A9C4C80,0,"['Casa Giulietta', 'Castelvecchio']",Teatro Romano,"['Santa Anastasia', 'Duomo', 'AMO', 'Palazzo della Ragione', 'Museo Conte']",Arena,strategy_nearest,False,0.0021750926971435547,success
041E82429C4C81,0,['Arena'],Duomo,"['AMO', 'Museo Miniscalchi', 'Santa Anastasia', 'Teatro Romano', 'Palazzo della Ragione']",Castelvecchio,strategy_nearest,False,0.0028076171875,success
041E833A9C4C80,3,"['Arena', 'Castelvecchio']",Santa Anastasia,"['AMO', 'Museo Conte', 'Palazzo della Ragione', 'Teatro Romano', 'Centro Fotografia']",Duomo,strategy_nearest,False,0.0031790733337402344,success
041E82429C4C80,0,['Arena'],Casa Giulietta,"['Centro Fotografia', 'Sighseeing', 'Torre Lamberti', 'Museo Conte', 'Museo Radio']",Santa Anastasia,strategy_nearest,False,0.002846956253051758,success
041E8C429C4C80,0,"['Tomba Giulietta', 'Arena']",Santa Anastasia,"['AMO', 'Museo Conte', 'Palazzo della Ragione', 'Teatro Romano', 'Centro Fotografia']",Casa Giulietta,strategy_nearest,False,0.0015223026275634766,success
041E84429C4C80,0,"['Arena', 'Torre Lamberti']",Casa Giulietta,"['Centro Fotografia', 'Sighseeing', 'Museo Conte', 'Museo Radio', 'Palazzo della Ragione']",Casa Giulietta,strategy_nearest,False,0.0033881664276123047,success
041E8E429C4C80,0,['Castelvecchio'],Torre Lamberti,"['Sighseeing', 'Centro Fotografia', 'Museo Conte', 'Casa Giulietta', 'Palazzo della Ragione']",Casa Giulietta,strategy_nearest,True,0.0028219223022460938,success
041E8E4A9C4C81,0,"['Arena', 'Casa Giulietta']",Castelvecchio,"['Museo Lapidario', 'Verona Tour', 'Museo Radio', 'San Zeno', 'Sighseeing']",Duomo,strategy_nearest,False,0.0034339427947998047,success
041E91429C4C80,1,"['Arena', 'Castelvecchio', 'Casa Giulietta']",Palazzo della Ragione,"['AMO', 'Museo Conte', 'Torre Lamberti', 'Centro Fotografia', 'Sighseeing']",Torre Lamberti,strategy_nearest,True,0.002469778060913086,success
041EA472743380,3,"['Casa Giulietta', 'Duomo', 'Santa Anastasia']",San Fermo,"['Museo Storia', 'Museo Radio', 'Centro Fotografia', 'Arena', 'Sighseeing']",Arena,strategy_nearest,True,0.0024619102478027344,success
041EA572743380,0,['Teatro Romano'],Arena,"['Verona Tour', 'Museo Lapidario', 'Museo Radio', 'San Fermo', 'Casa Giulietta']",Casa Giulietta,strategy_nearest,True,0.0026433467864990234,success
041EA672743380,3,"['Arena', 'San Zeno', 'Casa Giulietta']",Torre Lamberti,"['Sighseeing', 'Centro Fotografia', 'Museo Conte', 'Palazzo della Ragione', 'AMO']",Teatro Romano,strategy_nearest,False,0.002115011215209961,success
041EA7429C4C81,0,['Teatro Romano'],Arena,"['Verona Tour', 'Museo Lapidario', 'Museo Radio', 'San Fermo', 'Casa Giulietta']",Casa Giulietta,strategy_nearest,True,0.002911090850830078,success
041EA8429C4C81,3,"['Castelvecchio', 'Torre Lamberti']",Casa Giulietta,"['Centro Fotografia', 'Sighseeing', 'Museo Conte', 'Museo Radio', 'Palazzo della Ragione']",Santa Anastasia,strategy_nearest,False,0.003328084945678711,success
041EA8429C4C80,1,['Arena'],Torre Lamberti,"['Sighseeing', 'Centro Fotografia', 'Museo Conte', 'Casa Giulietta', 'Palazzo della Ragione']",Palazzo della Ragione,strategy_nearest,True,0.0030918121337890625,success
041EB6429C4C80,3,"['Arena', 'Torre Lamberti']",Casa Giulietta,"['Centro Fotografia', 'Sighseeing', 'Museo Conte', 'Museo Radio', 'Palazzo della Ragione']",Santa Anastasia,strategy_nearest,False,0.001936197280883789,success
041EB9429C4C81,1,"['Castelvecchio', 'Arena', 'Torre Lamberti']",Palazzo della Ragione,"['AMO', 'Museo Conte', 'Centro Fotografia', 'Sighseeing', 'Santa Anastasia']",Casa Giulietta,strategy_nearest,False,0.00292205810546875,success
041EBC3A9C4C81,0,['Arena'],Casa Giulietta,"['Centro Fotografia', 'Sighseeing', 'Torre Lamberti', 'Museo Conte', 'Museo Radio']",Torre Lamberti,strategy_nearest,True,0.0018389225006103516,success
041EBF429C4C80,0,"['Arena', 'Casa Giulietta']",Torre Lamberti,"['Sighseeing', 'Centro Fotografia', 'Museo Conte', 'Palazzo della Ragione', 'AMO']",Duomo,strategy_nearest,False,0.0025069713592529297,success
041EBC429C4C81,1,"['Arena', 'Tomba Giulietta', 'Torre Lamberti']",Palazzo della Ragione,"['AMO', 'Museo Conte', 'Centro Fotografia', 'Sighseeing', 'Santa Anastasia']",Casa Giulietta,strategy_nearest,False,0.002125978469848633,success
041EBC429C4C80,2,['Castelvecchio'],Torre Lamberti,"['Sighseeing', 'Centro Fotografia', 'Museo Conte', 'Casa Giulietta', 'Palazzo della Ragione']",Teatro Romano,strategy_nearest,False,0.0036051273345947266,success
041EC43A9C4C81,3,"['Arena', 'Museo Lapidario', 'San Zeno']",Torre Lamberti,"['Sighseeing', 'Centro Fotografia', 'Museo Conte', 'Casa Giulietta', 'Palazzo della Ragione']",Santa Anastasia,strategy_nearest,False,0.0018010139465332031,success
041EC6429C4C80,2,['Casa Giulietta'],Torre Lamberti,"['Sighseeing', 'Centro Fotografia', 'Museo Conte', 'Palazzo della Ragione', 'AMO']",Palazzo della Ragione,strategy_nearest,True,0.0028378963470458984,success
041EC4429C4C81,3,"['Museo Lapidario', 'Arena']",Torre Lamberti,"['Sighseeing', 'Centro Fotografia', 'Museo Conte', 'Casa Giulietta', 'Palazzo della Ragione']",Santa Anastasia,strategy_nearest,False,0.003242969512939453,success
041F563A9C4C81,0,['Arena'],Casa Giulietta,"['Centro Fotografia', 'Sighseeing', 'Torre Lamberti', 'Museo Conte', 'Museo Radio']",Tomba Giulietta,strategy_nearest,False,0.00273895263671875,success
041F66429C4C81,1,"['Torre Lamberti', 'Palazzo della Ragione']",Casa Giulietta,"['Centro Fotografia', 'Sighseeing', 'Museo Conte', 'Museo Radio', 'San Fermo']",San Fermo,strategy_nearest,True,0.002248048782348633,success
041F65429C4C81,3,"['Castelvecchio', 'San Fermo']",Santa Anastasia,"['AMO', 'Museo Conte', 'Palazzo della Ragione', 'Teatro Romano', 'Centro Fotografia']",Teatro Romano,strategy_nearest,True,0.0016739368438720703,success
041F79429C4C81,2,['Torre Lamberti'],Casa Giulietta,"['Centro Fotografia', 'Sighseeing', 'Museo Conte', 'Museo Radio', 'Palazzo della Ragione']",Santa Anastasia,strategy_nearest,False,0.002777099609375,success
041F76429C4C80,3,"['Arena', 'Casa Giulietta']",Torre Lamberti,"['Sighseeing', 'Centro Fotografia', 'Museo Conte', 'Palazzo della Ragione', 'AMO']",Santa Anastasia,strategy_nearest,False,0.0034990310668945312,success
041F7B429C4C80,3,['Torre Lamberti'],Santa Anastasia,"['AMO', 'Museo Conte', 'Palazzo della Ragione', 'Teatro Romano', 'Centro Fotografia']",Duomo,strategy_nearest,False,0.0013508796691894531,success
041F794A9C4C80,2,"['Museo Lapidario', 'Castelvecchio']",San Zeno,"['Verona Tour', 'Arena', 'Museo Miniscalchi', 'Sighseeing', 'Museo Radio']",Duomo,strategy_nearest,False,0.002160787582397461,success
041F7C429C4C81,1,"['Arena', 'Casa Giulietta', 'Torre Lamberti']",Palazzo della Ragione,"['AMO', 'Museo Conte', 'Centro Fotografia', 'Sighseeing', 'Santa Anastasia']",Santa Anastasia,strategy_nearest,True,0.0028710365295410156,success
041F7E3A9C4C81,3,"['Arena', 'Casa Giulietta']",Torre Lamberti,"['Sighseeing', 'Centro Fotografia', 'Museo Conte', 'Palazzo della Ragione', 'AMO']",Teatro Romano,strategy_nearest,False,0.0029702186584472656,success
041F7D3A9C4C80,0,"['Casa Giulietta', 'Torre Lamberti']",Castelvecchio,"['Museo Lapidario', 'Verona Tour', 'Arena', 'Museo Radio', 'San Zeno']",Arena,strategy_nearest,True,0.0034189224243164062,success
041F7F3A9C4C80,1,"['Arena', 'Torre Lamberti']",Palazzo della Ragione,"['AMO', 'Museo Conte', 'Centro Fotografia', 'Sighseeing', 'Santa Anastasia']",Casa Giulietta,strategy_nearest,False,0.0032660961151123047,success
041F7F429C4C81,1,"['Santa Anastasia', 'Torre Lamberti']",Palazzo della Ragione,"['AMO', 'Museo Conte', 'Centro Fotografia', 'Sighseeing', 'Museo Miniscalchi']",Casa Giulietta,strategy_nearest,False,0.0027408599853515625,success
041F814A9C4C81,0,"['Arena', 'Casa Giulietta']",Duomo,"['AMO', 'Museo Miniscalchi', 'Santa Anastasia', 'Teatro Romano', 'Palazzo della Ragione']",Torre Lamberti,strategy_nearest,False,0.0029549598693847656,success
041F80429C4C80,1,"['Arena', 'Santa Anastasia']",Casa Giulietta,"['Centro Fotografia', 'Sighseeing', 'Torre Lamberti', 'Museo Conte', 'Museo Radio']",Torre Lamberti,strategy_nearest,True,0.0025839805603027344,success
041F854A9C4C81,3,['Arena'],Santa Anastasia,"['AMO', 'Museo Conte', 'Palazzo della Ragione', 'Teatro Romano', 'Centro Fotografia']",Duomo,strategy_nearest,False,0.0020551681518554688,success
041F823A9C4C81,0,['Casa Giulietta'],Arena,"['Verona Tour', 'Museo Lapidario', 'Museo Radio', 'San Fermo', 'Sighseeing']",Tomba Giulietta,strategy_nearest,False,0.002851724624633789,success
041F863A9C4C81,0,"['Arena', 'Museo Lapidario']",Castelvecchio,"['Verona Tour', 'Museo Radio', 'San Zeno', 'Sighseeing', 'Museo Miniscalchi']",Casa Giulietta,strategy_nearest,False,0.0033342838287353516,success
041F85429C4C81,0,['Arena'],Casa Giulietta,"['Centro Fotografia', 'Sighseeing', 'Torre Lamberti', 'Museo Conte', 'Museo Radio']",Duomo,strategy_nearest,False,0.0028939247131347656,success
041F873A9C4C80,3,"['Casa Giulietta', 'Torre Lamberti']",Arena,"['Verona Tour', 'Museo Lapidario', 'Museo Radio', 'San Fermo', 'Sighseeing']",Castelvecchio,strategy_nearest,False,0.0034241676330566406,success
041F883A9C4C80,1,"['Arena', 'Casa Giulietta']",Torre Lamberti,"['Sighseeing', 'Centro Fotografia', 'Museo Conte', 'Palazzo della Ragione', 'AMO']",Palazzo della Ragione,strategy_nearest,True,0.0015439987182617188,success
041F893A9C4C80,0,['Arena'],Museo Lapidario,"['Verona Tour', 'Castelvecchio', 'Museo Radio', 'San Fermo', 'Casa Giulietta']",Castelvecchio,strategy_nearest,True,0.0034608840942382812,success
041F8A429C4C81,1,"['Arena', 'Museo Lapidario', 'Duomo']",Santa Anastasia,"['AMO', 'Museo Conte', 'Palazzo della Ragione', 'Teatro Romano', 'Centro Fotografia']",Torre Lamberti,strategy_nearest,False,0.002681255340576172,success
041F8C3A9C4C80,0,['Arena'],Casa Giulietta,"['Centro Fotografia', 'Sighseeing', 'Torre Lamberti', 'Museo Conte', 'Museo Radio']",Castelvecchio,strategy_nearest,False,0.0028030872344970703,success
041FA372743380,1,"['Castelvecchio', 'Santa Anastasia', 'Arena', 'Casa Giulietta']",Torre Lamberti,"['Sighseeing', 'Centro Fotografia', 'Museo Conte', 'Palazzo della Ragione', 'AMO']",Duomo,strategy_nearest,False,0.002161264419555664,success
041FA7429C4C81,1,"['Casa Giulietta', 'Torre Lamberti']",Palazzo della Ragione,"['AMO', 'Museo Conte', 'Centro Fotografia', 'Sighseeing', 'Santa Anastasia']",Castelvecchio,strategy_nearest,False,0.002521038055419922,success
041F8E429C4C80,0,['Castelvecchio'],Arena,"['Verona Tour', 'Museo Lapidario', 'Museo Radio', 'San Fermo', 'Casa Giulietta']",Casa Giulietta,strategy_nearest,True,0.0034019947052001953,success
041FA93A9C4C80,0,['Arena'],Casa Giulietta,"['Centro Fotografia', 'Sighseeing', 'Torre Lamberti', 'Museo Conte', 'Museo Radio']",Teatro Romano,strategy_nearest,False,0.0013971328735351562,success
041FAD429C4C80,1,"['Arena', 'Casa Giulietta', 'Palazzo della Ragione']",Torre Lamberti,"['Sighseeing', 'Centro Fotografia', 'Museo Conte', 'AMO', 'Museo Miniscalchi']",Santa Anastasia,strategy_nearest,False,0.0022499561309814453,success
041FA9429C4C80,1,"['Casa Giulietta', 'Arena', 'Castelvecchio']",San Fermo,"['Museo Storia', 'Museo Radio', 'Centro Fotografia', 'Sighseeing', 'Torre Lamberti']",Torre Lamberti,strategy_nearest,True,0.0034258365631103516,success
041FAA429C4C80,2,['Casa Giulietta'],Santa Anastasia,"['AMO', 'Museo Conte', 'Palazzo della Ragione', 'Teatro Romano', 'Centro Fotografia']",Duomo,strategy_nearest,False,0.002070188522338867,success
041FAD429C4C81,3,"['Teatro Romano', 'San Zeno', 'Arena']",Torre Lamberti,"['Sighseeing', 'Centro Fotografia', 'Museo Conte', 'Casa Giulietta', 'Palazzo della Ragione']",Santa Anastasia,strategy_nearest,False,0.0025680065155029297,success
041FB73A9C4C80,0,"['Casa Giulietta', 'Arena']",Museo Lapidario,"['Verona Tour', 'Castelvecchio', 'Museo Radio', 'San Fermo', 'Tomba Giulietta']",Castelvecchio,strategy_nearest,True,0.0028002262115478516,success
041FB9429C4C80,3,['Casa Giulietta'],Santa Anastasia,"['AMO', 'Museo Conte', 'Palazzo della Ragione', 'Teatro Romano', 'Centro Fotografia']",Duomo,strategy_nearest,False,0.003278017044067383,success
041FB63A9C4C81,1,"['Castelvecchio', 'Arena', 'Casa Giulietta']",Palazzo della Ragione,"['AMO', 'Museo Conte', 'Torre Lamberti', 'Centro Fotografia', 'Sighseeing']",Torre Lamberti,strategy_nearest,True,0.0019450187683105469,success
041FB9429C4C81,0,"['Duomo', 'Torre Lamberti']",Casa Giulietta,"['Centro Fotografia', 'Sighseeing', 'Museo Conte', 'Museo Radio', 'Palazzo della Ragione']",Arena,strategy_nearest,False,0.0024950504302978516,success
041FBA429C4C81,0,['Casa Giulietta'],Torre Lamberti,"['Sighseeing', 'Centro Fotografia', 'Museo Conte', 'Palazzo della Ragione', 'AMO']",Castelvecchio,strategy_nearest,False,0.002621889114379883,success
041FC53A9C4C81,3,"['Torre Lamberti', 'Casa Giulietta', 'Santa Anastasia']",Duomo,"['AMO', 'Museo Miniscalchi', 'Teatro Romano', 'Palazzo della Ragione', 'Museo Conte']",Teatro Romano,strategy_nearest,True,0.0026140213012695312,success
041FC2429C4C80,1,"['Arena', 'Castelvecchio']",San Zeno,"['Verona Tour', 'Museo Lapidario', 'Museo Miniscalchi', 'Sighseeing', 'Museo Radio']",Palazzo della Ragione,strategy_nearest,False,0.003526926040649414,success
041FC8429C4C81,0,['Arena'],Castelvecchio,"['Museo Lapidario', 'Verona Tour', 'Museo Radio', 'San Zeno', 'Sighseeing']",Casa Giulietta,strategy_nearest,False,0.0032176971435546875,success
041FCE3A9C4C81,1,"['Torre Lamberti', 'Palazzo della Ragione']",Casa Giulietta,"['Centro Fotografia', 'Sighseeing', 'Museo Conte', 'Museo Radio', 'San Fermo']",Arena,strategy_nearest,False,0.0023412704467773438,success
041FC5429C4C80,0,['Arena'],Casa Giulietta,"['Centro Fotografia', 'Sighseeing', 'Torre Lamberti', 'Museo Conte', 'Museo Radio']",Torre Lamberti,strategy_nearest,True,0.003209829330444336,success
041FE43A9C4C80,0,"['Casa Giulietta', 'Arena']",Torre Lamberti,"['Sighseeing', 'Centro Fotografia', 'Museo Conte', 'Palazzo della Ragione', 'AMO']",Duomo,strategy_nearest,False,0.003009796142578125,success
041FE93A9C4C80,0,['Castelvecchio'],San Zeno,"['Verona Tour', 'Museo Lapidario', 'Arena', 'Museo Miniscalchi', 'Sighseeing']",Arena,strategy_nearest,True,0.0018312931060791016,success
042062429C4C81,3,"['Arena', 'San Fermo', 'Casa Giulietta']",Torre Lamberti,"['Sighseeing', 'Centro Fotografia', 'Museo Conte', 'Palazzo della Ragione', 'AMO']",Santa Anastasia,strategy_nearest,False,0.0028581619262695312,success
0420763A9C4C81,0,"['Casa Giulietta', 'Torre Lamberti']",Teatro Romano,"['Santa Anastasia', 'Duomo', 'AMO', 'Palazzo della Ragione', 'Museo Conte']",Tomba Giulietta,strategy_nearest,False,0.0031800270080566406,success
042063429C4C80,1,"['Casa Giulietta', 'Palazzo della Ragione']",Arena,"['Verona Tour', 'Museo Lapidario', 'Museo Radio', 'San Fermo', 'Sighseeing']",Santa Anastasia,strategy_nearest,False,0.002791881561279297,success
0420784A9C4C80,4,['Palazzo della Ragione'],Casa Giulietta,"['Centro Fotografia', 'Sighseeing', 'Torre Lamberti', 'Museo Conte', 'Museo Radio']",Museo Radio,strategy_nearest,True,0.0034720897674560547,success
0420793A9C4C80,0,"['Casa Giulietta', 'Torre Lamberti']",Teatro Romano,"['Santa Anastasia', 'Duomo', 'AMO', 'Palazzo della Ragione', 'Museo Conte']",Arena,strategy_nearest,False,0.003201007843017578,success
04207B4A9C4C80,0,['Arena'],Castelvecchio,"['Museo Lapidario', 'Verona Tour', 'Museo Radio', 'San Zeno', 'Sighseeing']",San Zeno,strategy_nearest,True,0.0027589797973632812,success
04207F4A9C4C81,1,['Arena'],Torre Lamberti,"['Sighseeing', 'Centro Fotografia', 'Museo Conte', 'Casa Giulietta', 'Palazzo della Ragione']",Palazzo della Ragione,strategy_nearest,True,0.0027551651000976562,success
0420824A9C4C81,3,"['Arena', 'Casa Giulietta']",Santa Anastasia,"['AMO', 'Museo Conte', 'Palazzo della Ragione', 'Teatro Romano', 'Centro Fotografia']",Teatro Romano,strategy_nearest,True,0.0030379295349121094,success
04207C3A9C4C81,0,['Casa Giulietta'],Arena,"['Verona Tour', 'Museo Lapidario', 'Museo Radio', 'San Fermo', 'Sighseeing']",Torre Lamberti,strategy_nearest,False,0.0035309791564941406,success
042081429C4C81,1,"['Arena', 'Castelvecchio', 'Casa Giulietta']",Torre Lamberti,"['Sighseeing', 'Centro Fotografia', 'Museo Conte', 'Palazzo della Ragione', 'AMO']",Palazzo della Ragione,strategy_nearest,True,0.003222227096557617,success
042087429C4C81,3,"['Arena', 'Casa Giulietta']",Santa Anastasia,"['AMO', 'Museo Conte', 'Palazzo della Ragione', 'Teatro Romano', 'Centro Fotografia']",Teatro Romano,strategy_nearest,True,0.0027647018432617188,success
04208A4A9C4C80,3,"['Arena', 'Casa Giulietta']",Santa Anastasia,"['AMO', 'Museo Conte', 'Palazzo della Ragione', 'Teatro Romano', 'Centro Fotografia']",Duomo,strategy_nearest,False,0.0015561580657958984,success
04208C3A9C4C80,0,"['Arena', 'San Zeno']",Torre Lamberti,"['Sighseeing', 'Centro Fotografia', 'Museo Conte', 'Casa Giulietta', 'Palazzo della Ragione']",Casa Giulietta,strategy_nearest,True,0.0020780563354492188,success
04208B4A9C4C81,0,"['Arena', 'Casa Giulietta']",Teatro Romano,"['Santa Anastasia', 'Duomo', 'AMO', 'Palazzo della Ragione', 'Museo Conte']",Duomo,strategy_nearest,True,0.003314971923828125,success
04208F3A9C4C80,0,['Arena'],Casa Giulietta,"['Centro Fotografia', 'Sighseeing', 'Torre Lamberti', 'Museo Conte', 'Museo Radio']",Torre Lamberti,strategy_nearest,True,0.0015630722045898438,success
04208F4A9C4C81,0,['Arena'],Casa Giulietta,"['Centro Fotografia', 'Sighseeing', 'Torre Lamberti', 'Museo Conte', 'Museo Radio']",Duomo,strategy_nearest,False,0.0028448104858398438,success
0420A472743380,1,"['San Fermo', 'Casa Giulietta', 'Arena', 'Teatro Romano', 'Duomo']",Torre Lamberti,"['Sighseeing', 'Centro Fotografia', 'Museo Conte', 'Palazzo della Ragione', 'AMO']",Palazzo della Ragione,strategy_nearest,True,0.0033850669860839844,success
0420A572743381,3,"['Arena', 'Casa Giulietta', 'Torre Lamberti']",Santa Anastasia,"['AMO', 'Museo Conte', 'Palazzo della Ragione', 'Teatro Romano', 'Centro Fotografia']",Castelvecchio,strategy_nearest,False,0.0031280517578125,success
04209B4A9C4C81,3,"['Arena', 'Torre Lamberti']",Casa Giulietta,"['Centro Fotografia', 'Sighseeing', 'Museo Conte', 'Museo Radio', 'Palazzo della Ragione']",Santa Anastasia,strategy_nearest,False,0.0021910667419433594,success
0420A63A9C4C80,0,"['Arena', 'Torre Lamberti']",Casa Giulietta,"['Centro Fotografia', 'Sighseeing', 'Museo Conte', 'Museo Radio', 'Palazzo della Ragione']",Teatro Romano,strategy_nearest,False,0.0025789737701416016,success
0420A872743380,3,"['Arena', 'Casa Giulietta', 'Torre Lamberti', 'Santa Anastasia']",Duomo,"['AMO', 'Museo Miniscalchi', 'Teatro Romano', 'Palazzo della Ragione', 'Museo Conte']",Teatro Romano,strategy_nearest,True,0.0025348663330078125,success
0420AE429C4C80,1,"['Palazzo della Ragione', 'Torre Lamberti']",Casa Giulietta,"['Centro Fotografia', 'Sighseeing', 'Museo Conte', 'Museo Radio', 'San Fermo']",Arena,strategy_nearest,False,0.002686023712158203,success
0420AF429C4C80,1,"['Arena', 'Casa Giulietta']",Torre Lamberti,"['Sighseeing', 'Centro Fotografia', 'Museo Conte', 'Palazzo della Ragione', 'AMO']",Palazzo della Ragione,strategy_nearest,True,0.0021610260009765625,success
0420AF429C4C81,0,['Castelvecchio'],Arena,"['Verona Tour', 'Museo Lapidario', 'Museo Radio', 'San Fermo', 'Casa Giulietta']",Casa Giulietta,strategy_nearest,True,0.002711057662963867,success
0420B13A9C4C81,1,"['Casa Giulietta', 'Torre Lamberti']",Palazzo della Ragione,"['AMO', 'Museo Conte', 'Centro Fotografia', 'Sighseeing', 'Santa Anastasia']",Arena,strategy_nearest,False,0.003203868865966797,success
0420B53A9C4C81,3,['Santa Anastasia'],Duomo,"['AMO', 'Museo Miniscalchi', 'Teatro Romano', 'Palazzo della Ragione', 'Museo Conte']",Casa Giulietta,strategy_nearest,False,0.002691030502319336,success
0420B63A9C4C81,2,['Santa Anastasia'],Duomo,"['AMO', 'Museo Miniscalchi', 'Teatro Romano', 'Palazzo della Ragione', 'Museo Conte']",Torre Lamberti,strategy_nearest,False,0.003240823745727539,success
0420B7429C4C81,0,"['Arena', 'Casa Giulietta']",Torre Lamberti,"['Sighseeing', 'Centro Fotografia', 'Museo Conte', 'Palazzo della Ragione', 'AMO']",Duomo,strategy_nearest,False,0.0034809112548828125,success
0420B8429C4C80,3,"['Castelvecchio', 'Arena']",Casa Giulietta,"['Centro Fotografia', 'Sighseeing', 'Torre Lamberti', 'Museo Conte', 'Museo Radio']",Torre Lamberti,strategy_nearest,True,0.0034890174865722656,success
0420BF429C4C81,0,['Casa Giulietta'],Torre Lamberti,"['Sighseeing', 'Centro Fotografia', 'Museo Conte', 'Palazzo della Ragione', 'AMO']",Arena,strategy_nearest,False,0.0034182071685791016,success
0420BC429C4C80,2,['Casa Giulietta'],Torre Lamberti,"['Sighseeing', 'Centro Fotografia', 'Museo Conte', 'Palazzo della Ragione', 'AMO']",Tomba Giulietta,strategy_nearest,False,0.002190828323364258,success
0420C2429C4C81,2,['Castelvecchio'],Palazzo della Ragione,"['AMO', 'Museo Conte', 'Torre Lamberti', 'Centro Fotografia', 'Sighseeing']",Casa Giulietta,strategy_nearest,False,0.0019807815551757812,success
0420C3429C4C81,0,['Arena'],San Fermo,"['Museo Storia', 'Museo Radio', 'Casa Giulietta', 'Centro Fotografia', 'Sighseeing']",Duomo,strategy_nearest,False,0.0020399093627929688,success
0420C53A9C4C80,3,['Arena'],Duomo,"['AMO', 'Museo Miniscalchi', 'Santa Anastasia', 'Teatro Romano', 'Palazzo della Ragione']",Teatro Romano,strategy_nearest,True,0.003378152847290039,success
0420CB3A9C4C80,0,"['Teatro Romano', 'Torre Lamberti']",Arena,"['Verona Tour', 'Museo Lapidario', 'Museo Radio', 'San Fermo', 'Casa Giulietta']",Casa Giulietta,strategy_nearest,True,0.002554178237915039,success
0421543A9C4C81,0,['Arena'],Casa Giulietta,"['Centro Fotografia', 'Sighseeing', 'Torre Lamberti', 'Museo Conte', 'Museo Radio']",Duomo,strategy_nearest,False,0.0030851364135742188,success
04217A4A9C4C80,1,"['Arena', 'Castelvecchio']",Casa Giulietta,"['Centro Fotografia', 'Sighseeing', 'Torre Lamberti', 'Museo Conte', 'Museo Radio']",Torre Lamberti,strategy_nearest,True,0.0019369125366210938,success
0421794A9C4C81,1,"['Giardino Giusti', 'Teatro Romano']",Arena,"['Verona Tour', 'Museo Lapidario', 'Museo Radio', 'San Fermo', 'Casa Giulietta']",Casa Giulietta,strategy_nearest,True,0.0025680065155029297,success
04217C3A9C4C80,0,"['Arena', 'Museo Lapidario']",Castelvecchio,"['Verona Tour', 'Museo Radio', 'San Zeno', 'Sighseeing', 'Museo Miniscalchi']",Casa Giulietta,strategy_nearest,False,0.0025250911712646484,success
0421804A9C4C80,0,['Arena'],Torre Lamberti,"['Sighseeing', 'Centro Fotografia', 'Museo Conte', 'Casa Giulietta', 'Palazzo della Ragione']",Casa Giulietta,strategy_nearest,True,0.002190828323364258,success
04217D429C4C80,0,"['Arena', 'Tomba Giulietta']",Torre Lamberti,"['Sighseeing', 'Centro Fotografia', 'Museo Conte', 'Casa Giulietta', 'Palazzo della Ragione']",Casa Giulietta,strategy_nearest,True,0.0030760765075683594,success
0421853A9C4C81,0,['Tomba Giulietta'],San Fermo,"['Museo Storia', 'Museo Radio', 'Casa Giulietta', 'Centro Fotografia', 'Arena']",Casa Giulietta,strategy_nearest,True,0.0031728744506835938,success
042181429C4C80,1,['Arena'],Palazzo della Ragione,"['AMO', 'Museo Conte', 'Torre Lamberti', 'Centro Fotografia', 'Sighseeing']",Torre Lamberti,strategy_nearest,True,0.0027921199798583984,success
0421893A9C4C81,1,"['Torre Lamberti', 'Palazzo della Ragione', 'Castelvecchio']",Arena,"['Verona Tour', 'Museo Lapidario', 'Museo Radio', 'San Fermo', 'Casa Giulietta']",Santa Anastasia,strategy_nearest,False,0.002727985382080078,success
04218B4A9C4C80,3,"['Casa Giulietta', 'Torre Lamberti']",Duomo,"['AMO', 'Museo Miniscalchi', 'Santa Anastasia', 'Teatro Romano', 'Palazzo della Ragione']",Teatro Romano,strategy_nearest,True,0.0030689239501953125,success
042188429C4C80,3,"['Teatro Romano', 'Duomo']",Santa Anastasia,"['AMO', 'Museo Conte', 'Palazzo della Ragione', 'Centro Fotografia', 'Torre Lamberti']",Torre Lamberti,strategy_nearest,True,0.002717733383178711,success
04218B429C4C80,3,"['Arena', 'Casa Giulietta']",Torre Lamberti,"['Sighseeing', 'Centro Fotografia', 'Museo Conte', 'Palazzo della Ragione', 'AMO']",Duomo,strategy_nearest,False,0.0027489662170410156,success
04218C429C4C80,2,"['Casa Giulietta', 'Palazzo della Ragione']",Castelvecchio,"['Museo Lapidario', 'Verona Tour', 'Arena', 'Museo Radio', 'San Zeno']",Santa Anastasia,strategy_nearest,False,0.0014727115631103516,success
04218C3A9C4C80,0,"['Arena', 'Torre Lamberti']",Teatro Romano,"['Santa Anastasia', 'Duomo', 'AMO', 'Palazzo della Ragione', 'Museo Conte']",Castelvecchio,strategy_nearest,False,0.003950834274291992,success
042190429C4C81,0,['Arena'],Casa Giulietta,"['Centro Fotografia', 'Sighseeing', 'Torre Lamberti', 'Museo Conte', 'Museo Radio']",Torre Lamberti,strategy_nearest,True,0.002031087875366211,success
042194429C4C81,3,"['Santa Anastasia', 'Torre Lamberti']",Casa Giulietta,"['Centro Fotografia', 'Sighseeing', 'Museo Conte', 'Museo Radio', 'Palazzo della Ragione']",Arena,strategy_nearest,False,0.0033140182495117188,success
0421A372743380,1,"['Arena', 'Santa Anastasia', 'Torre Lamberti']",Palazzo della Ragione,"['AMO', 'Museo Conte', 'Centro Fotografia', 'Sighseeing', 'Museo Miniscalchi']",Castelvecchio,strategy_nearest,False,0.0025920867919921875,success
0421A24A9C4C80,0,['Casa Giulietta'],Torre Lamberti,"['Sighseeing', 'Centro Fotografia', 'Museo Conte', 'Palazzo della Ragione', 'AMO']",Arena,strategy_nearest,False,0.001956939697265625,success
0421A672743380,3,"['Castelvecchio', 'San Zeno']",Arena,"['Verona Tour', 'Museo Lapidario', 'Museo Radio', 'San Fermo', 'Casa Giulietta']",San Fermo,strategy_nearest,True,0.0035028457641601562,success
0421A9429C4C80,2,['Castelvecchio'],Torre Lamberti,"['Sighseeing', 'Centro Fotografia', 'Museo Conte', 'Casa Giulietta', 'Palazzo della Ragione']",Santa Anastasia,strategy_nearest,False,0.0028371810913085938,success
0421AB3A9C4C80,0,"['Arena', 'Casa Giulietta']",Duomo,"['AMO', 'Museo Miniscalchi', 'Santa Anastasia', 'Teatro Romano', 'Palazzo della Ragione']",Teatro Romano,strategy_nearest,True,0.002087831497192383,success
0421AE429C4C80,0,"['Museo Lapidario', 'Arena']",Castelvecchio,"['Verona Tour', 'Museo Radio', 'San Zeno', 'Sighseeing', 'Museo Miniscalchi']",Torre Lamberti,strategy_nearest,False,0.003065824508666992,success
0421AE429C4C81,3,"['Arena', 'Torre Lamberti']",Casa Giulietta,"['Centro Fotografia', 'Sighseeing', 'Museo Conte', 'Museo Radio', 'Palazzo della Ragione']",Santa Anastasia,strategy_nearest,False,0.003325939178466797,success
0421B4429C4C80,2,['Castelvecchio'],Torre Lamberti,"['Sighseeing', 'Centro Fotografia', 'Museo Conte', 'Casa Giulietta', 'Palazzo della Ragione']",Santa Anastasia,strategy_nearest,False,0.0018801689147949219,success
0421BA429C4C80,3,"['Arena', 'Casa Giulietta']",Santa Anastasia,"['AMO', 'Museo Conte', 'Palazzo della Ragione', 'Teatro Romano', 'Centro Fotografia']",Teatro Romano,strategy_nearest,True,0.002794027328491211,success
0421AF429C4C80,3,"['Arena', 'Casa Giulietta']",Santa Anastasia,"['AMO', 'Museo Conte', 'Palazzo della Ragione', 'Teatro Romano', 'Centro Fotografia']",Duomo,strategy_nearest,False,0.0036818981170654297,success
0421BA429C4C81,3,"['Castelvecchio', 'Arena']",Santa Anastasia,"['AMO', 'Museo Conte', 'Palazzo della Ragione', 'Teatro Romano', 'Centro Fotografia']",Duomo,strategy_nearest,False,0.003465890884399414,success
0421BF3A9C4C81,0,['Castelvecchio'],Casa Giulietta,"['Centro Fotografia', 'Sighseeing', 'Torre Lamberti', 'Museo Conte', 'Museo Radio']",Arena,strategy_nearest,False,0.0032281875610351562,success
0421BC429C4C80,3,"['Arena', 'Duomo', 'Teatro Romano']",Tomba Giulietta,"['San Fermo', 'Museo Storia', 'Museo Lapidario', 'Museo Radio', 'Verona Tour']",San Fermo,strategy_nearest,True,0.002753019332885742,success
0421C0429C4C80,0,['Arena'],Torre Lamberti,"['Sighseeing', 'Centro Fotografia', 'Museo Conte', 'Casa Giulietta', 'Palazzo della Ragione']",Duomo,strategy_nearest,False,0.004112958908081055,success
0421C43A9C4C80,3,"['Castelvecchio', 'San Zeno']",Santa Anastasia,"['AMO', 'Museo Conte', 'Palazzo della Ragione', 'Teatro Romano', 'Centro Fotografia']",Teatro Romano,strategy_nearest,True,0.001622915267944336,success
0421E63A9C4C80,3,"['Casa Giulietta', 'Arena']",Castelvecchio,"['Museo Lapidario', 'Verona Tour', 'Museo Radio', 'San Zeno', 'Sighseeing']",Duomo,strategy_nearest,False,0.0022008419036865234,success
0421C73A9C4C80,1,"['San Zeno', 'Palazzo della Ragione']",Torre Lamberti,"['Sighseeing', 'Centro Fotografia', 'Museo Conte', 'Casa Giulietta', 'AMO']",Casa Giulietta,strategy_nearest,True,0.002851724624633789,success
0421C5429C4C80,2,"['Casa Giulietta', 'Torre Lamberti', 'Palazzo della Ragione']",Castelvecchio,"['Museo Lapidario', 'Verona Tour', 'Arena', 'Museo Radio', 'San Zeno']",Santa Anastasia,strategy_nearest,False,0.0035619735717773438,success
0421EB3A9C4C80,2,['Teatro Romano'],Casa Giulietta,"['Centro Fotografia', 'Sighseeing', 'Torre Lamberti', 'Museo Conte', 'Museo Radio']",Castelvecchio,strategy_nearest,False,0.0020279884338378906,success
042261429C4C80,3,"['Santa Anastasia', 'Arena']",Casa Giulietta,"['Centro Fotografia', 'Sighseeing', 'Torre Lamberti', 'Museo Conte', 'Museo Radio']",Torre Lamberti,strategy_nearest,True,0.001775979995727539,success
04224BC27B3F81,1,"['Museo Lapidario', 'Arena', 'San Fermo', 'Casa Giulietta']",Palazzo della Ragione,"['AMO', 'Museo Conte', 'Torre Lamberti', 'Centro Fotografia', 'Sighseeing']",Torre Lamberti,strategy_nearest,True,0.0024139881134033203,success
04227E4A9C4C81,0,['Arena'],Casa Giulietta,"['Centro Fotografia', 'Sighseeing', 'Torre Lamberti', 'Museo Conte', 'Museo Radio']",Torre Lamberti,strategy_nearest,True,0.0027010440826416016,success
04226C429C4C80,0,['Arena'],Castelvecchio,"['Museo Lapidario', 'Verona Tour', 'Museo Radio', 'San Zeno', 'Sighseeing']",Casa Giulietta,strategy_nearest,False,0.0026438236236572266,success
04226D429C4C80,3,"['San Fermo', 'Giardino Giusti', 'Santa Anastasia']",Duomo,"['AMO', 'Museo Miniscalchi', 'Teatro Romano', 'Palazzo della Ragione', 'Museo Conte']",Torre Lamberti,strategy_nearest,False,0.0021719932556152344,success
04226E429C4C80,3,"['Arena', 'San Fermo']",Santa Anastasia,"['AMO', 'Museo Conte', 'Palazzo della Ragione', 'Teatro Romano', 'Centro Fotografia']",Castelvecchio,strategy_nearest,False,0.003442049026489258,success
042280429C4C81,1,"['Arena', 'Santa Anastasia']",Casa Giulietta,"['Centro Fotografia', 'Sighseeing', 'Torre Lamberti', 'Museo Conte', 'Museo Radio']",Torre Lamberti,strategy_nearest,True,0.003290891647338867,success
0422814A9C4C80,0,['Castelvecchio'],Casa Giulietta,"['Centro Fotografia', 'Sighseeing', 'Torre Lamberti', 'Museo Conte', 'Museo Radio']",Arena,strategy_nearest,False,0.001987934112548828,success
0422803A9C4C80,0,"['San Fermo', 'Torre Lamberti']",Casa Giulietta,"['Centro Fotografia', 'Sighseeing', 'Museo Conte', 'Museo Radio', 'Palazzo della Ragione']",Castelvecchio,strategy_nearest,False,0.002084016799926758,success
0422823A9C4C80,0,"['Arena', 'San Fermo']",Casa Giulietta,"['Centro Fotografia', 'Sighseeing', 'Torre Lamberti', 'Museo Conte', 'Museo Radio']",Duomo,strategy_nearest,False,0.0029921531677246094,success
04228A429C4C81,3,"['Arena', 'Casa Giulietta', 'Torre Lamberti']",Santa Anastasia,"['AMO', 'Museo Conte', 'Palazzo della Ragione', 'Teatro Romano', 'Centro Fotografia']",Teatro Romano,strategy_nearest,True,0.0025849342346191406,success
0422863A9C4C81,0,['Arena'],Castelvecchio,"['Museo Lapidario', 'Verona Tour', 'Museo Radio', 'San Zeno', 'Sighseeing']",Casa Giulietta,strategy_nearest,False,0.002017974853515625,success
04228B429C4C81,3,"['Arena', 'San Fermo']",Duomo,"['AMO', 'Museo Miniscalchi', 'Santa Anastasia', 'Teatro Romano', 'Palazzo della Ragione']",Santa Anastasia,strategy_nearest,True,0.003313779830932617,success
04228D429C4C81,1,"['San Zeno', 'Castelvecchio', 'Arena']",Santa Anastasia,"['AMO', 'Museo Conte', 'Palazzo della Ragione', 'Teatro Romano', 'Centro Fotografia']",Duomo,strategy_nearest,False,0.0016546249389648438,success
0422A53A9C4C81,1,"['Arena', 'Casa Giulietta']",Torre Lamberti,"['Sighseeing', 'Centro Fotografia', 'Museo Conte', 'Palazzo della Ragione', 'AMO']",Palazzo della Ragione,strategy_nearest,True,0.002637147903442383,success
0422A572743380,0,['Teatro Romano'],Torre Lamberti,"['Sighseeing', 'Centro Fotografia', 'Museo Conte', 'Casa Giulietta', 'Palazzo della Ragione']",Arena,strategy_nearest,False,0.002797842025756836,success
0422AE429C4C81,0,['Torre Lamberti'],Arena,"['Verona Tour', 'Museo Lapidario', 'Museo Radio', 'San Fermo', 'Casa Giulietta']",Casa Giulietta,strategy_nearest,True,0.0032629966735839844,success
0422A63A9C4C81,0,['Arena'],Torre Lamberti,"['Sighseeing', 'Centro Fotografia', 'Museo Conte', 'Casa Giulietta', 'Palazzo della Ragione']",Casa Giulietta,strategy_nearest,True,0.002894878387451172,success
0422AF3A9C4C81,3,"['Teatro Romano', 'Duomo']",Santa Anastasia,"['AMO', 'Museo Conte', 'Palazzo della Ragione', 'Centro Fotografia', 'Torre Lamberti']",Casa Giulietta,strategy_nearest,False,0.0024480819702148438,success
0422AF429C4C80,3,"['Arena', 'Casa Giulietta']",Santa Anastasia,"['AMO', 'Museo Conte', 'Palazzo della Ragione', 'Teatro Romano', 'Centro Fotografia']",Duomo,strategy_nearest,False,0.003220081329345703,success
0422B03A9C4C81,2,['Casa Giulietta'],Santa Anastasia,"['AMO', 'Museo Conte', 'Palazzo della Ragione', 'Teatro Romano', 'Centro Fotografia']",Teatro Romano,strategy_nearest,True,0.0027399063110351562,success
0422B1429C4C80,3,"['Casa Giulietta', 'Arena']",Castelvecchio,"['Museo Lapidario', 'Verona Tour', 'Museo Radio', 'San Zeno', 'Sighseeing']",San Fermo,strategy_nearest,False,0.0024471282958984375,success
0422BA429C4C81,3,"['Arena', 'Torre Lamberti', 'Casa Giulietta']",Santa Anastasia,"['AMO', 'Museo Conte', 'Palazzo della Ragione', 'Teatro Romano', 'Centro Fotografia']",Duomo,strategy_nearest,False,0.0027561187744140625,success
0422BC429C4C80,3,['Arena'],Casa Giulietta,"['Centro Fotografia', 'Sighseeing', 'Torre Lamberti', 'Museo Conte', 'Museo Radio']",Santa Anastasia,strategy_nearest,False,0.002938985824584961,success
0422B4429C4C81,0,"['Duomo', 'Torre Lamberti']",Casa Giulietta,"['Centro Fotografia', 'Sighseeing', 'Museo Conte', 'Museo Radio', 'Palazzo della Ragione']",Arena,strategy_nearest,False,0.0034761428833007812,success
0422BB429C4C80,0,['Arena'],Santa Anastasia,"['AMO', 'Museo Conte', 'Palazzo della Ragione', 'Teatro Romano', 'Centro Fotografia']",Tomba Giulietta,strategy_nearest,False,0.003352642059326172,success
0422BE3A9C4C81,0,['Castelvecchio'],Torre Lamberti,"['Sighseeing', 'Centro Fotografia', 'Museo Conte', 'Casa Giulietta', 'Palazzo della Ragione']",Casa Giulietta,strategy_nearest,True,0.002988100051879883,success
0422C6429C4C81,2,['Casa Giulietta'],Torre Lamberti,"['Sighseeing', 'Centro Fotografia', 'Museo Conte', 'Palazzo della Ragione', 'AMO']",Palazzo della Ragione,strategy_nearest,True,0.0026068687438964844,success
0422C73A9C4C80,0,"['Museo Lapidario', 'Castelvecchio', 'Tomba Giulietta']",Arena,"['Verona Tour', 'Museo Radio', 'San Fermo', 'Casa Giulietta', 'Sighseeing']",Giardino Giusti,strategy_nearest,False,0.0019731521606445312,success
0422C3429C4C81,3,"['Arena', 'Casa Giulietta']",Torre Lamberti,"['Sighseeing', 'Centro Fotografia', 'Museo Conte', 'Palazzo della Ragione', 'AMO']",Teatro Romano,strategy_nearest,False,0.0020279884338378906,success
0422C9BA7B3F80,0,['Casa Giulietta'],Casa Giulietta,"['Centro Fotografia', 'Sighseeing', 'Torre Lamberti', 'Museo Conte', 'Museo Radio']",Arena,strategy_nearest,False,0.003030061721801758,success
0422CFBA7B3F80,0,['Casa Giulietta'],Casa Giulietta,"['Centro Fotografia', 'Sighseeing', 'Torre Lamberti', 'Museo Conte', 'Museo Radio']",Arena,strategy_nearest,False,0.002244234085083008,success
042360429C4C81,3,"['Santa Anastasia', 'Arena']",Casa Giulietta,"['Centro Fotografia', 'Sighseeing', 'Torre Lamberti', 'Museo Conte', 'Museo Radio']",Torre Lamberti,strategy_nearest,True,0.0025908946990966797,success
04235F429C4C81,3,"['Casa Giulietta', 'Arena']",Torre Lamberti,"['Sighseeing', 'Centro Fotografia', 'Museo Conte', 'Palazzo della Ragione', 'AMO']",Santa Anastasia,strategy_nearest,False,0.004086732864379883,success
0422CAC27B3F81,0,['Arena'],Torre Lamberti,"['Sighseeing', 'Centro Fotografia', 'Museo Conte', 'Casa Giulietta', 'Palazzo della Ragione']",Castelvecchio,strategy_nearest,False,0.0030601024627685547,success
0423753A9C4C81,0,['Arena'],Casa Giulietta,"['Centro Fotografia', 'Sighseeing', 'Torre Lamberti', 'Museo Conte', 'Museo Radio']",Santa Anastasia,strategy_nearest,False,0.0017349720001220703,success
042369429C4C81,3,"['San Fermo', 'Santa Anastasia', 'Teatro Romano']",Duomo,"['AMO', 'Museo Miniscalchi', 'Palazzo della Ragione', 'Museo Conte', 'Torre Lamberti']",Casa Giulietta,strategy_nearest,False,0.0025489330291748047,success
0423713A9C4C80,2,"['Torre Lamberti', 'Casa Giulietta']",Santa Anastasia,"['AMO', 'Museo Conte', 'Palazzo della Ragione', 'Teatro Romano', 'Centro Fotografia']",Duomo,strategy_nearest,False,0.0031349658966064453,success
0423773A9C4C81,0,"['Teatro Romano', 'San Fermo']",Casa Giulietta,"['Centro Fotografia', 'Sighseeing', 'Torre Lamberti', 'Museo Conte', 'Museo Radio']",Torre Lamberti,strategy_nearest,True,0.0036971569061279297,success
0423784A9C4C80,0,['Arena'],Casa Giulietta,"['Centro Fotografia', 'Sighseeing', 'Torre Lamberti', 'Museo Conte', 'Museo Radio']",Castelvecchio,strategy_nearest,False,0.0024271011352539062,success
0423794A9C4C80,1,"['Tomba Giulietta', 'Torre Lamberti']",Palazzo della Ragione,"['AMO', 'Museo Conte', 'Centro Fotografia', 'Sighseeing', 'Santa Anastasia']",Casa Giulietta,strategy_nearest,False,0.002524852752685547,success
04237D3A9C4C80,0,['Casa Giulietta'],Arena,"['Verona Tour', 'Museo Lapidario', 'Museo Radio', 'San Fermo', 'Sighseeing']",Torre Lamberti,strategy_nearest,False,0.0032858848571777344,success
04237E3A9C4C80,1,['Duomo'],Arena,"['Verona Tour', 'Museo Lapidario', 'Museo Radio', 'San Fermo', 'Casa Giulietta']",Torre Lamberti,strategy_nearest,False,0.0036542415618896484,success
0423813A9C4C80,0,['Torre Lamberti'],Teatro Romano,"['Santa Anastasia', 'Duomo', 'AMO', 'Palazzo della Ragione', 'Museo Conte']",Arena,strategy_nearest,False,0.0013308525085449219,success
04237F3A9C4C81,3,"['Santa Anastasia', 'Casa Giulietta']",San Fermo,"['Museo Storia', 'Museo Radio', 'Centro Fotografia', 'Arena', 'Sighseeing']",Duomo,strategy_nearest,False,0.00436091423034668,success
0423833A9C4C80,3,"['Arena', 'Torre Lamberti', 'Casa Giulietta']",Santa Anastasia,"['AMO', 'Museo Conte', 'Palazzo della Ragione', 'Teatro Romano', 'Centro Fotografia']",Duomo,strategy_nearest,False,0.0018754005432128906,success
042383429C4C80,3,"['Torre Lamberti', 'Casa Giulietta']",Duomo,"['AMO', 'Museo Miniscalchi', 'Santa Anastasia', 'Teatro Romano', 'Palazzo della Ragione']",Teatro Romano,strategy_nearest,True,0.0031490325927734375,success
0423873A9C4C81,0,['Arena'],Casa Giulietta,"['Centro Fotografia', 'Sighseeing', 'Torre Lamberti', 'Museo Conte', 'Museo Radio']",Castelvecchio,strategy_nearest,False,0.0022330284118652344,success
0423863A9C4C81,0,"['Duomo', 'Teatro Romano']",Casa Giulietta,"['Centro Fotografia', 'Sighseeing', 'Torre Lamberti', 'Museo Conte', 'Museo Radio']",Arena,strategy_nearest,False,0.00419306755065918,success
04238B429C4C81,1,"['Arena', 'Museo Lapidario', 'San Zeno', 'San Fermo']",Torre Lamberti,"['Sighseeing', 'Centro Fotografia', 'Museo Conte', 'Casa Giulietta', 'Palazzo della Ragione']",Palazzo della Ragione,strategy_nearest,True,0.0020279884338378906,success
0423884A9C4C80,0,['Arena'],Casa Giulietta,"['Centro Fotografia', 'Sighseeing', 'Torre Lamberti', 'Museo Conte', 'Museo Radio']",Torre Lamberti,strategy_nearest,True,0.002769947052001953,success
04238F3A9C4C80,0,['Arena'],Torre Lamberti,"['Sighseeing', 'Centro Fotografia', 'Museo Conte', 'Casa Giulietta', 'Palazzo della Ragione']",Casa Giulietta,strategy_nearest,True,0.0014269351959228516,success
042390429C4C81,1,"['Castelvecchio', 'Arena', 'Casa Giulietta']",Torre Lamberti,"['Sighseeing', 'Centro Fotografia', 'Museo Conte', 'Palazzo della Ragione', 'AMO']",Palazzo della Ragione,strategy_nearest,True,0.0021071434020996094,success
042391429C4C81,0,['Teatro Romano'],Casa Giulietta,"['Centro Fotografia', 'Sighseeing', 'Torre Lamberti', 'Museo Conte', 'Museo Radio']",Arena,strategy_nearest,False,0.0029609203338623047,success
0423984A9C4C80,0,['Arena'],Castelvecchio,"['Museo Lapidario', 'Verona Tour', 'Museo Radio', 'San Zeno', 'Sighseeing']",Casa Giulietta,strategy_nearest,False,0.003206968307495117,success
0423A1429C4C81,3,['Arena'],Casa Giulietta,"['Centro Fotografia', 'Sighseeing', 'Torre Lamberti', 'Museo Conte', 'Museo Radio']",Torre Lamberti,strategy_nearest,True,0.002714872360229492,success
0423A472743381,1,"['Arena', 'Casa Giulietta', 'Torre Lamberti']",Palazzo della Ragione,"['AMO', 'Museo Conte', 'Centro Fotografia', 'Sighseeing', 'Santa Anastasia']",Teatro Romano,strategy_nearest,False,0.0033080577850341797,success
0423A572743381,1,"['Arena', 'Casa Giulietta', 'Santa Anastasia']",Palazzo della Ragione,"['AMO', 'Museo Conte', 'Torre Lamberti', 'Centro Fotografia', 'Sighseeing']",Castelvecchio,strategy_nearest,False,0.002313375473022461,success
0423A54A9C4C80,0,"['Arena', 'Casa Giulietta']",Torre Lamberti,"['Sighseeing', 'Centro Fotografia', 'Museo Conte', 'Palazzo della Ragione', 'AMO']",Castelvecchio,strategy_nearest,False,0.004342555999755859,success
0423A672743380,1,"['Teatro Romano', 'Duomo', 'Castelvecchio']",Arena,"['Verona Tour', 'Museo Lapidario', 'Museo Radio', 'San Fermo', 'Casa Giulietta']",Casa Giulietta,strategy_nearest,True,0.0014777183532714844,success
0423A7429C4C81,3,"['Arena', 'Casa Giulietta']",Torre Lamberti,"['Sighseeing', 'Centro Fotografia', 'Museo Conte', 'Palazzo della Ragione', 'AMO']",Santa Anastasia,strategy_nearest,False,0.003072977066040039,success
0423A8429C4C80,0,['Casa Giulietta'],Arena,"['Verona Tour', 'Museo Lapidario', 'Museo Radio', 'San Fermo', 'Sighseeing']",Santa Anastasia,strategy_nearest,False,0.0019958019256591797,success
0423A8429C4C81,3,"['Arena', 'Casa Giulietta']",Torre Lamberti,"['Sighseeing', 'Centro Fotografia', 'Museo Conte', 'Palazzo della Ragione', 'AMO']",Castelvecchio,strategy_nearest,False,0.002268075942993164,success
0423A872743380,1,"['Arena', 'Casa Giulietta', 'Torre Lamberti']",Palazzo della Ragione,"['AMO', 'Museo Conte', 'Centro Fotografia', 'Sighseeing', 'Santa Anastasia']",Tomba Giulietta,strategy_nearest,False,0.002924680709838867,success
0423A93A9C4C81,0,['Arena'],Casa Giulietta,"['Centro Fotografia', 'Sighseeing', 'Torre Lamberti', 'Museo Conte', 'Museo Radio']",Teatro Romano,strategy_nearest,False,0.002499103546142578,success
0423A94A9C4C80,0,['Arena'],Casa Giulietta,"['Centro Fotografia', 'Sighseeing', 'Torre Lamberti', 'Museo Conte', 'Museo Radio']",Torre Lamberti,strategy_nearest,True,0.002343893051147461,success
0423AA429C4C81,3,"['Museo Storia', 'Teatro Romano', 'Duomo']",Santa Anastasia,"['AMO', 'Museo Conte', 'Palazzo della Ragione', 'Centro Fotografia', 'Torre Lamberti']",Casa Giulietta,strategy_nearest,False,0.002198934555053711,success
0423B03A9C4C81,3,['Castelvecchio'],Arena,"['Verona Tour', 'Museo Lapidario', 'Museo Radio', 'San Fermo', 'Casa Giulietta']",Torre Lamberti,strategy_nearest,False,0.003770112991333008,success
0423AF429C4C81,0,"['Museo Lapidario', 'Arena', 'Torre Lamberti']",Casa Giulietta,"['Centro Fotografia', 'Sighseeing', 'Museo Conte', 'Museo Radio', 'Palazzo della Ragione']",San Fermo,strategy_nearest,False,0.0032820701599121094,success
0423B23A9C4C80,0,['Castelvecchio'],Arena,"['Verona Tour', 'Museo Lapidario', 'Museo Radio', 'San Fermo', 'Casa Giulietta']",Casa Giulietta,strategy_nearest,True,0.0026230812072753906,success
0423B63A9C4C81,3,"['Torre Lamberti', 'Casa Giulietta']",Duomo,"['AMO', 'Museo Miniscalchi', 'Santa Anastasia', 'Teatro Romano', 'Palazzo della Ragione']",Arena,strategy_nearest,False,0.0024361610412597656,success
0423B73A9C4C81,0,['Arena'],Casa Giulietta,"['Centro Fotografia', 'Sighseeing', 'Torre Lamberti', 'Museo Conte', 'Museo Radio']",Torre Lamberti,strategy_nearest,True,0.003500699996948242,success
0423B9429C4C80,1,['Arena'],Palazzo della Ragione,"['AMO', 'Museo Conte', 'Torre Lamberti', 'Centro Fotografia', 'Sighseeing']",Torre Lamberti,strategy_nearest,True,0.0023517608642578125,success
0423B83A9C4C81,3,"['Arena', 'Casa Giulietta']",Santa Anastasia,"['AMO', 'Museo Conte', 'Palazzo della Ragione', 'Teatro Romano', 'Centro Fotografia']",Duomo,strategy_nearest,False,0.0027289390563964844,success
0423C3429C4C80,3,"['Arena', 'Casa Giulietta']",Torre Lamberti,"['Sighseeing', 'Centro Fotografia', 'Museo Conte', 'Palazzo della Ragione', 'AMO']",Santa Anastasia,strategy_nearest,False,0.0025489330291748047,success
0423BA429C4C80,3,"['Arena', 'Museo Lapidario']",Casa Giulietta,"['Centro Fotografia', 'Sighseeing', 'Torre Lamberti', 'Museo Conte', 'Museo Radio']",Santa Anastasia,strategy_nearest,False,0.0021278858184814453,success
0423C0429C4C80,1,"['Arena', 'Casa Giulietta', 'Torre Lamberti']",Palazzo della Ragione,"['AMO', 'Museo Conte', 'Centro Fotografia', 'Sighseeing', 'Santa Anastasia']",Santa Anastasia,strategy_nearest,True,0.002708911895751953,success
0423CD3A9C4C80,0,['Casa Giulietta'],Arena,"['Verona Tour', 'Museo Lapidario', 'Museo Radio', 'San Fermo', 'Sighseeing']",Torre Lamberti,strategy_nearest,False,0.002566814422607422,success
0423C3429C4C81,0,['Arena'],Casa Giulietta,"['Centro Fotografia', 'Sighseeing', 'Torre Lamberti', 'Museo Conte', 'Museo Radio']",Tomba Giulietta,strategy_nearest,False,0.003368854522705078,success
0423D93A9C4C81,3,"['Arena', 'Casa Giulietta', 'Duomo']",Castelvecchio,"['Museo Lapidario', 'Verona Tour', 'Museo Radio', 'San Zeno', 'Sighseeing']",Tomba Giulietta,strategy_nearest,False,0.003161907196044922,success
0423CB429C4C80,1,"['Casa Giulietta', 'Palazzo della Ragione', 'Santa Anastasia']",Teatro Romano,"['Duomo', 'AMO', 'Museo Conte', 'Centro Fotografia', 'Museo Miniscalchi']",Duomo,strategy_nearest,True,0.0021910667419433594,success
0424783A9C4C80,1,"['Casa Giulietta', 'Torre Lamberti']",Palazzo della Ragione,"['AMO', 'Museo Conte', 'Centro Fotografia', 'Sighseeing', 'Santa Anastasia']",Arena,strategy_nearest,False,0.0014300346374511719,success
0424794A9C4C80,0,['Arena'],Torre Lamberti,"['Sighseeing', 'Centro Fotografia', 'Museo Conte', 'Casa Giulietta', 'Palazzo della Ragione']",Castelvecchio,strategy_nearest,False,0.0026297569274902344,success
0423DBC27B3F81,1,"['Museo Lapidario', 'Arena', 'San Fermo', 'Casa Giulietta']",Palazzo della Ragione,"['AMO', 'Museo Conte', 'Torre Lamberti', 'Centro Fotografia', 'Sighseeing']",Torre Lamberti,strategy_nearest,True,0.0027620792388916016,success
042480429C4C80,3,"['Arena', 'Casa Giulietta']",Duomo,"['AMO', 'Museo Miniscalchi', 'Santa Anastasia', 'Teatro Romano', 'Palazzo della Ragione']",Teatro Romano,strategy_nearest,True,0.002611875534057617,success
042460429C4C81,3,"['Santa Anastasia', 'Santa Anastasia']",Torre Lamberti,"['Sighseeing', 'Centro Fotografia', 'Museo Conte', 'Casa Giulietta', 'Palazzo della Ragione']",Casa Giulietta,strategy_nearest,True,0.003454923629760742,success
04247F429C4C81,0,"['Arena', 'Torre Lamberti']",Teatro Romano,"['Santa Anastasia', 'Duomo', 'AMO', 'Palazzo della Ragione', 'Museo Conte']",Casa Giulietta,strategy_nearest,False,0.0020868778228759766,success
04247C3A9C4C80,1,"['Palazzo della Ragione', 'Torre Lamberti', 'Santa Anastasia']",Duomo,"['AMO', 'Museo Miniscalchi', 'Teatro Romano', 'Museo Conte', 'Centro Fotografia']",Teatro Romano,strategy_nearest,True,0.003981113433837891,success
04248E3A9C4C81,3,"['Casa Giulietta', 'Torre Lamberti']",San Zeno,"['Castelvecchio', 'Verona Tour', 'Museo Lapidario', 'Arena', 'Museo Miniscalchi']",Arena,strategy_nearest,True,0.002216815948486328,success
0424863A9C4C81,3,"['Santa Anastasia', 'Duomo']",Castelvecchio,"['Museo Lapidario', 'Verona Tour', 'Arena', 'Museo Radio', 'San Zeno']",Arena,strategy_nearest,True,0.0020182132720947266,success
04248F3A9C4C80,2,['Tomba Giulietta'],Castelvecchio,"['Museo Lapidario', 'Verona Tour', 'Arena', 'Museo Radio', 'San Zeno']",Casa Giulietta,strategy_nearest,False,0.003201007843017578,success
042489429C4C81,0,['Arena'],Torre Lamberti,"['Sighseeing', 'Centro Fotografia', 'Museo Conte', 'Casa Giulietta', 'Palazzo della Ragione']",Torre Lamberti,strategy_nearest,False,0.002923727035522461,success
042491429C4C80,3,"['Casa Giulietta', 'Torre Lamberti']",Santa Anastasia,"['AMO', 'Museo Conte', 'Palazzo della Ragione', 'Teatro Romano', 'Centro Fotografia']",Duomo,strategy_nearest,False,0.002418994903564453,success
042491429C4C81,2,['Casa Giulietta'],Palazzo della Ragione,"['AMO', 'Museo Conte', 'Torre Lamberti', 'Centro Fotografia', 'Sighseeing']",Teatro Romano,strategy_nearest,False,0.0018079280853271484,success
0424A372743380,3,"['Torre Lamberti', 'Santa Anastasia', 'Casa Giulietta']",Tomba Giulietta,"['San Fermo', 'Museo Storia', 'Arena', 'Museo Lapidario', 'Museo Radio']",Museo Storia,strategy_nearest,True,0.0026857852935791016,success
0424A472743381,1,"['Arena', 'Casa Giulietta']",Duomo,"['AMO', 'Museo Miniscalchi', 'Santa Anastasia', 'Teatro Romano', 'Palazzo della Ragione']",Castelvecchio,strategy_nearest,False,0.0031969547271728516,success
0424A53A9C4C81,0,['Arena'],Casa Giulietta,"['Centro Fotografia', 'Sighseeing', 'Torre Lamberti', 'Museo Conte', 'Museo Radio']",Torre Lamberti,strategy_nearest,True,0.002783060073852539,success
0424A572743380,1,"['Arena', 'Castelvecchio', 'San Zeno', 'Santa Anastasia', 'Palazzo della Ragione']",San Fermo,"['Museo Storia', 'Museo Radio', 'Casa Giulietta', 'Centro Fotografia', 'Sighseeing']",Duomo,strategy_nearest,False,0.003001689910888672,success
0424A8429C4C81,1,"['Arena', 'Santa Anastasia']",Duomo,"['AMO', 'Museo Miniscalchi', 'Teatro Romano', 'Palazzo della Ragione', 'Museo Conte']",Torre Lamberti,strategy_nearest,False,0.002424001693725586,success
0424A9429C4C80,0,"['Arena', 'Torre Lamberti']",Teatro Romano,"['Santa Anastasia', 'Duomo', 'AMO', 'Palazzo della Ragione', 'Museo Conte']",Casa Giulietta,strategy_nearest,False,0.002568960189819336,success
0424AA3A9C4C80,3,"['Arena', 'Casa Giulietta']",Castelvecchio,"['Museo Lapidario', 'Verona Tour', 'Museo Radio', 'San Zeno', 'Sighseeing']",Santa Anastasia,strategy_nearest,False,0.0027680397033691406,success
0424B3429C4C80,0,"['Castelvecchio', 'Arena']",Casa Giulietta,"['Centro Fotografia', 'Sighseeing', 'Torre Lamberti', 'Museo Conte', 'Museo Radio']",Tomba Giulietta,strategy_nearest,False,0.0033397674560546875,success
0424B8429C4C81,3,"['Casa Giulietta', 'Castelvecchio']",Santa Anastasia,"['AMO', 'Museo Conte', 'Palazzo della Ragione', 'Teatro Romano', 'Centro Fotografia']",Duomo,strategy_nearest,False,0.002595186233520508,success
0424BD3A9C4C80,0,['Castelvecchio'],Torre Lamberti,"['Sighseeing', 'Centro Fotografia', 'Museo Conte', 'Casa Giulietta', 'Palazzo della Ragione']",Casa Giulietta,strategy_nearest,True,0.0019080638885498047,success
0424C5429C4C81,3,"['Arena', 'Casa Giulietta']",Torre Lamberti,"['Sighseeing', 'Centro Fotografia', 'Museo Conte', 'Palazzo della Ragione', 'AMO']",Santa Anastasia,strategy_nearest,False,0.002686023712158203,success
0424C13A9C4C81,1,"['San Fermo', 'Torre Lamberti', 'Palazzo della Ragione', 'Santa Anastasia']",Duomo,"['AMO', 'Museo Miniscalchi', 'Teatro Romano', 'Museo Conte', 'Centro Fotografia']",San Zeno,strategy_nearest,False,0.003693103790283203,success
0424C83A9C4C80,1,"['Arena', 'Casa Giulietta']",Torre Lamberti,"['Sighseeing', 'Centro Fotografia', 'Museo Conte', 'Palazzo della Ragione', 'AMO']",Palazzo della Ragione,strategy_nearest,True,0.0026841163635253906,success
0424C63A9C4C80,2,"['Casa Giulietta', 'Torre Lamberti']",Santa Anastasia,"['AMO', 'Museo Conte', 'Palazzo della Ragione', 'Teatro Romano', 'Centro Fotografia']",Duomo,strategy_nearest,False,0.0030350685119628906,success
0424C9429C4C80,0,['Arena'],Casa Giulietta,"['Centro Fotografia', 'Sighseeing', 'Torre Lamberti', 'Museo Conte', 'Museo Radio']",Castelvecchio,strategy_nearest,False,0.0027060508728027344,success
0424CA3A9C4C81,3,"['Casa Giulietta', 'Santa Anastasia']",Duomo,"['AMO', 'Museo Miniscalchi', 'Teatro Romano', 'Palazzo della Ragione', 'Museo Conte']",San Fermo,strategy_nearest,False,0.002168893814086914,success
0424CA429C4C80,3,"['Arena', 'Castelvecchio']",Santa Anastasia,"['AMO', 'Museo Conte', 'Palazzo della Ragione', 'Teatro Romano', 'Centro Fotografia']",Torre Lamberti,strategy_nearest,False,0.002530813217163086,success
0424E63A9C4C80,0,['Arena'],Casa Giulietta,"['Centro Fotografia', 'Sighseeing', 'Torre Lamberti', 'Museo Conte', 'Museo Radio']",Castelvecchio,strategy_nearest,False,0.0024383068084716797,success
0424CF3A9C4C80,0,"['Castelvecchio', 'Arena']",Casa Giulietta,"['Centro Fotografia', 'Sighseeing', 'Torre Lamberti', 'Museo Conte', 'Museo Radio']",Tomba Giulietta,strategy_nearest,False,0.0027408599853515625,success
0424EB3A9C4C80,0,['Arena'],Casa Giulietta,"['Centro Fotografia', 'Sighseeing', 'Torre Lamberti', 'Museo Conte', 'Museo Radio']",Santa Anastasia,strategy_nearest,False,0.0034818649291992188,success
0425523A9C4C81,0,['Arena'],Casa Giulietta,"['Centro Fotografia', 'Sighseeing', 'Torre Lamberti', 'Museo Conte', 'Museo Radio']",Giardino Giusti,strategy_nearest,False,0.0028841495513916016,success
042567429C4C80,1,"['Duomo', 'Castelvecchio', 'Arena']",Casa Giulietta,"['Centro Fotografia', 'Sighseeing', 'Torre Lamberti', 'Museo Conte', 'Museo Radio']",Torre Lamberti,strategy_nearest,True,0.003367900848388672,success
042566429C4C81,0,"['Casa Giulietta', 'Torre Lamberti']",Duomo,"['AMO', 'Museo Miniscalchi', 'Santa Anastasia', 'Teatro Romano', 'Palazzo della Ragione']",Arena,strategy_nearest,False,0.0015349388122558594,success
0425713A9C4C80,1,"['Arena', 'Casa Giulietta']",Palazzo della Ragione,"['AMO', 'Museo Conte', 'Torre Lamberti', 'Centro Fotografia', 'Sighseeing']",Torre Lamberti,strategy_nearest,True,0.0020639896392822266,success
0425784A9C4C80,0,['Arena'],Casa Giulietta,"['Centro Fotografia', 'Sighseeing', 'Torre Lamberti', 'Museo Conte', 'Museo Radio']",Teatro Romano,strategy_nearest,False,0.004160881042480469,success
04257A429C4C81,2,['Palazzo della Ragione'],Duomo,"['AMO', 'Museo Miniscalchi', 'Santa Anastasia', 'Teatro Romano', 'Museo Conte']",Teatro Romano,strategy_nearest,True,0.002274751663208008,success
04257C429C4C80,0,['Teatro Romano'],Arena,"['Verona Tour', 'Museo Lapidario', 'Museo Radio', 'San Fermo', 'Casa Giulietta']",Tomba Giulietta,strategy_nearest,False,0.0026090145111083984,success
0425803A9C4C81,3,"['Casa Giulietta', 'Castelvecchio']",Arena,"['Verona Tour', 'Museo Lapidario', 'Museo Radio', 'San Fermo', 'Sighseeing']",Torre Lamberti,strategy_nearest,False,0.002084016799926758,success
04257E429C4C81,3,['Arena'],Torre Lamberti,"['Sighseeing', 'Centro Fotografia', 'Museo Conte', 'Casa Giulietta', 'Palazzo della Ragione']",Casa Giulietta,strategy_nearest,True,0.0028228759765625,success
04257D4A9C4C80,2,"['Casa Giulietta', 'Palazzo della Ragione']",Torre Lamberti,"['Sighseeing', 'Centro Fotografia', 'Museo Conte', 'AMO', 'Museo Miniscalchi']",Santa Anastasia,strategy_nearest,False,0.0014781951904296875,success
04257F429C4C81,3,"['Arena', 'Casa Giulietta']",Torre Lamberti,"['Sighseeing', 'Centro Fotografia', 'Museo Conte', 'Palazzo della Ragione', 'AMO']",Santa Anastasia,strategy_nearest,False,0.003606081008911133,success
042584429C4C81,3,"['Arena', 'Torre Lamberti']",Santa Anastasia,"['AMO', 'Museo Conte', 'Palazzo della Ragione', 'Teatro Romano', 'Centro Fotografia']",Duomo,strategy_nearest,False,0.001837015151977539,success
0425833A9C4C80,0,['Arena'],Castelvecchio,"['Museo Lapidario', 'Verona Tour', 'Museo Radio', 'San Zeno', 'Sighseeing']",Casa Giulietta,strategy_nearest,False,0.0027480125427246094,success
0425853A9C4C81,3,['Arena'],Santa Anastasia,"['AMO', 'Museo Conte', 'Palazzo della Ragione', 'Teatro Romano', 'Centro Fotografia']",Duomo,strategy_nearest,False,0.002646923065185547,success
042589BA7B3F81,1,"['Arena', 'Casa Giulietta']",Palazzo della Ragione,"['AMO', 'Museo Conte', 'Torre Lamberti', 'Centro Fotografia', 'Sighseeing']",Torre Lamberti,strategy_nearest,True,0.003854036331176758,success
042588C27B3F81,1,"['Teatro Romano', 'Arena', 'Castelvecchio']",Torre Lamberti,"['Sighseeing', 'Centro Fotografia', 'Museo Conte', 'Casa Giulietta', 'Palazzo della Ragione']",Palazzo della Ragione,strategy_nearest,True,0.004133939743041992,success
04258A4A9C4C80,1,"['Santa Anastasia', 'Teatro Romano', 'Arena']",Torre Lamberti,"['Sighseeing', 'Centro Fotografia', 'Museo Conte', 'Casa Giulietta', 'Palazzo della Ragione']",Palazzo della Ragione,strategy_nearest,True,0.0013568401336669922,success
04258E4A9C4C81,1,"['Arena', 'Casa Giulietta', 'Casa Giulietta']",Torre Lamberti,"['Sighseeing', 'Centro Fotografia', 'Museo Conte', 'Palazzo della Ragione', 'AMO']",Palazzo della Ragione,strategy_nearest,True,0.0027518272399902344,success
04258F3A9C4C81,3,"['Arena', 'Casa Giulietta', 'Torre Lamberti']",Santa Anastasia,"['AMO', 'Museo Conte', 'Palazzo della Ragione', 'Teatro Romano', 'Centro Fotografia']",Teatro Romano,strategy_nearest,True,0.002115964889526367,success
04258E4A9C4C80,0,['Arena'],Castelvecchio,"['Museo Lapidario', 'Verona Tour', 'Museo Radio', 'San Zeno', 'Sighseeing']",Casa Giulietta,strategy_nearest,False,0.003159046173095703,success
042590429C4C81,0,['Arena'],Casa Giulietta,"['Centro Fotografia', 'Sighseeing', 'Torre Lamberti', 'Museo Conte', 'Museo Radio']",Santa Anastasia,strategy_nearest,False,0.003072977066040039,success
042592429C4C80,3,"['Arena', 'Casa Giulietta']",Santa Anastasia,"['AMO', 'Museo Conte', 'Palazzo della Ragione', 'Teatro Romano', 'Centro Fotografia']",Teatro Romano,strategy_nearest,True,0.0019299983978271484,success
0425A572743380,3,"['Teatro Romano', 'Duomo', 'Santa Anastasia']",Torre Lamberti,"['Sighseeing', 'Centro Fotografia', 'Museo Conte', 'Casa Giulietta', 'Palazzo della Ragione']",Casa Giulietta,strategy_nearest,True,0.001953125,success
0425A472743380,1,"['Arena', 'Santa Anastasia', 'Torre Lamberti']",Palazzo della Ragione,"['AMO', 'Museo Conte', 'Centro Fotografia', 'Sighseeing', 'Museo Miniscalchi']",Castelvecchio,strategy_nearest,False,0.0032689571380615234,success
0425A672743381,3,"['Arena', 'Casa Giulietta']",Santa Anastasia,"['AMO', 'Museo Conte', 'Palazzo della Ragione', 'Teatro Romano', 'Centro Fotografia']",Castelvecchio,strategy_nearest,False,0.0022439956665039062,success
0425A8429C4C81,1,['Arena'],Torre Lamberti,"['Sighseeing', 'Centro Fotografia', 'Museo Conte', 'Casa Giulietta', 'Palazzo della Ragione']",Palazzo della Ragione,strategy_nearest,True,0.002176046371459961,success
0425AA429C4C81,3,"['Arena', 'Tomba Giulietta', 'San Fermo']",Casa Giulietta,"['Centro Fotografia', 'Sighseeing', 'Torre Lamberti', 'Museo Conte', 'Museo Radio']",Santa Anastasia,strategy_nearest,False,0.002853870391845703,success
0425AD429C4C81,0,['Arena'],Torre Lamberti,"['Sighseeing', 'Centro Fotografia', 'Museo Conte', 'Casa Giulietta', 'Palazzo della Ragione']",Casa Giulietta,strategy_nearest,True,0.0024111270904541016,success
0425AF429C4C81,0,['Casa Giulietta'],Arena,"['Verona Tour', 'Museo Lapidario', 'Museo Radio', 'San Fermo', 'Sighseeing']",Tomba Giulietta,strategy_nearest,False,0.0033011436462402344,success
0425B8429C4C81,3,"['Arena', 'Duomo']",Santa Anastasia,"['AMO', 'Museo Conte', 'Palazzo della Ragione', 'Teatro Romano', 'Centro Fotografia']",Torre Lamberti,strategy_nearest,False,0.002557992935180664,success
0425B3429C4C81,3,"['Arena', 'San Zeno']",Casa Giulietta,"['Centro Fotografia', 'Sighseeing', 'Torre Lamberti', 'Museo Conte', 'Museo Radio']",Santa Anastasia,strategy_nearest,False,0.002624034881591797,success
0425BD429C4C80,3,"['Arena', 'Casa Giulietta']",Torre Lamberti,"['Sighseeing', 'Centro Fotografia', 'Museo Conte', 'Palazzo della Ragione', 'AMO']",Teatro Romano,strategy_nearest,False,0.0032410621643066406,success
0425C33A9C4C81,1,"['Torre Lamberti', 'Palazzo della Ragione']",Casa Giulietta,"['Centro Fotografia', 'Sighseeing', 'Museo Conte', 'Museo Radio', 'San Fermo']",Arena,strategy_nearest,False,0.002561807632446289,success
0425C13A9C4C80,0,"['Torre Lamberti', 'Casa Giulietta']",Arena,"['Verona Tour', 'Museo Lapidario', 'Museo Radio', 'San Fermo', 'Sighseeing']",Tomba Giulietta,strategy_nearest,False,0.0034770965576171875,success
0425BD429C4C81,1,"['Arena', 'Casa Giulietta']",Palazzo della Ragione,"['AMO', 'Museo Conte', 'Torre Lamberti', 'Centro Fotografia', 'Sighseeing']",Torre Lamberti,strategy_nearest,True,0.002569913864135742,success
0425C4429C4C80,0,['Arena'],Casa Giulietta,"['Centro Fotografia', 'Sighseeing', 'Torre Lamberti', 'Museo Conte', 'Museo Radio']",Torre Lamberti,strategy_nearest,True,0.0029611587524414062,success
0425C9429C4C81,0,"['Casa Giulietta', 'Teatro Romano']",Giardino Giusti,"['Santa Anastasia', 'Museo Conte', 'Centro Fotografia', 'Museo Storia', 'AMO']",Arena,strategy_nearest,False,0.002054929733276367,success
0425D03A9C4C81,1,['Torre Lamberti'],Palazzo della Ragione,"['AMO', 'Museo Conte', 'Centro Fotografia', 'Sighseeing', 'Santa Anastasia']",Arena,strategy_nearest,False,0.002695798873901367,success
0425C6429C4C81,3,"['Arena', 'Castelvecchio']",Casa Giulietta,"['Centro Fotografia', 'Sighseeing', 'Torre Lamberti', 'Museo Conte', 'Museo Radio']",Torre Lamberti,strategy_nearest,True,0.0027589797973632812,success
0425DDC27B3F81,0,['Arena'],Torre Lamberti,"['Sighseeing', 'Centro Fotografia', 'Museo Conte', 'Casa Giulietta', 'Palazzo della Ragione']",Castelvecchio,strategy_nearest,False,0.0033941268920898438,success
0425E03A9C4C80,2,['Museo Lapidario'],Castelvecchio,"['Verona Tour', 'Arena', 'Museo Radio', 'San Zeno', 'Sighseeing']",Casa Giulietta,strategy_nearest,False,0.0023679733276367188,success
0425EA3A9C4C80,2,['Torre Lamberti'],Teatro Romano,"['Santa Anastasia', 'Duomo', 'AMO', 'Palazzo della Ragione', 'Museo Conte']",Casa Giulietta,strategy_nearest,False,0.003142118453979492,success
0425E53A9C4C81,3,"['Santa Anastasia', 'Teatro Romano']",Duomo,"['AMO', 'Museo Miniscalchi', 'Palazzo della Ragione', 'Museo Conte', 'Torre Lamberti']",Torre Lamberti,strategy_nearest,True,0.002576112747192383,success
04265D429C4C80,1,"['Castelvecchio', 'Palazzo della Ragione']",Casa Giulietta,"['Centro Fotografia', 'Sighseeing', 'Torre Lamberti', 'Museo Conte', 'Museo Radio']",Arena,strategy_nearest,False,0.0021660327911376953,success
0425EB3A9C4C80,1,"['Castelvecchio', 'Arena']",Teatro Romano,"['Santa Anastasia', 'Duomo', 'AMO', 'Palazzo della Ragione', 'Museo Conte']",Duomo,strategy_nearest,True,0.0026328563690185547,success
0426703A9C4C80,0,['Arena'],Torre Lamberti,"['Sighseeing', 'Centro Fotografia', 'Museo Conte', 'Casa Giulietta', 'Palazzo della Ragione']",Casa Giulietta,strategy_nearest,True,0.0027468204498291016,success
042671429C4C81,0,['San Zeno'],Arena,"['Verona Tour', 'Museo Lapidario', 'Museo Radio', 'San Fermo', 'Casa Giulietta']",Torre Lamberti,strategy_nearest,False,0.0031201839447021484,success
0426733A9C4C80,1,"['Casa Giulietta', 'Torre Lamberti']",Palazzo della Ragione,"['AMO', 'Museo Conte', 'Centro Fotografia', 'Sighseeing', 'Santa Anastasia']",Castelvecchio,strategy_nearest,False,0.0033011436462402344,success
042679429C4C81,3,['Arena'],Torre Lamberti,"['Sighseeing', 'Centro Fotografia', 'Museo Conte', 'Casa Giulietta', 'Palazzo della Ragione']",Santa Anastasia,strategy_nearest,False,0.0019421577453613281,success
04267B3A9C4C80,3,"['Arena', 'Torre Lamberti', 'Casa Giulietta']",Teatro Romano,"['Santa Anastasia', 'Duomo', 'AMO', 'Palazzo della Ragione', 'Museo Conte']",Torre Lamberti,strategy_nearest,False,0.0026810169219970703,success
0426824A9C4C81,0,['Arena'],Casa Giulietta,"['Centro Fotografia', 'Sighseeing', 'Torre Lamberti', 'Museo Conte', 'Museo Radio']",Torre Lamberti,strategy_nearest,True,0.0028760433197021484,success
04268B429C4C80,3,"['Teatro Romano', 'Santa Anastasia']",Casa Giulietta,"['Centro Fotografia', 'Sighseeing', 'Torre Lamberti', 'Museo Conte', 'Museo Radio']",Castelvecchio,strategy_nearest,False,0.0033271312713623047,success
04268D429C4C81,0,['Arena'],Casa Giulietta,"['Centro Fotografia', 'Sighseeing', 'Torre Lamberti', 'Museo Conte', 'Museo Radio']",Torre Lamberti,strategy_nearest,True,0.003145933151245117,success
0426883A9C4C80,0,['Torre Lamberti'],Arena,"['Verona Tour', 'Museo Lapidario', 'Museo Radio', 'San Fermo', 'Casa Giulietta']",Casa Giulietta,strategy_nearest,True,0.0027408599853515625,success
042690429C4C80,3,"['Arena', 'Torre Lamberti']",Casa Giulietta,"['Centro Fotografia', 'Sighseeing', 'Museo Conte', 'Museo Radio', 'Palazzo della Ragione']",San Fermo,strategy_nearest,False,0.002009153366088867,success
04268F3A9C4C81,3,"['Arena', 'Torre Lamberti']",Casa Giulietta,"['Centro Fotografia', 'Sighseeing', 'Museo Conte', 'Museo Radio', 'Palazzo della Ragione']",Santa Anastasia,strategy_nearest,False,0.003467082977294922,success
042693429C4C80,3,"['Arena', 'Casa Giulietta']",Giardino Giusti,"['Santa Anastasia', 'Teatro Romano', 'Museo Conte', 'Centro Fotografia', 'Museo Storia']",Duomo,strategy_nearest,False,0.0028939247131347656,success
0426914A9C4C81,0,['Arena'],Casa Giulietta,"['Centro Fotografia', 'Sighseeing', 'Torre Lamberti', 'Museo Conte', 'Museo Radio']",Torre Lamberti,strategy_nearest,True,0.002048015594482422,success
0426A472743381,1,"['Arena', 'Torre Lamberti', 'Palazzo della Ragione', 'Santa Anastasia', 'Duomo']",Teatro Romano,"['AMO', 'Museo Conte', 'Centro Fotografia', 'Museo Miniscalchi', 'Giardino Giusti']",San Fermo,strategy_nearest,False,0.0024900436401367188,success
0426A572743381,1,"['Arena', 'Casa Giulietta', 'Santa Anastasia', 'Duomo']",Palazzo della Ragione,"['AMO', 'Museo Conte', 'Torre Lamberti', 'Centro Fotografia', 'Sighseeing']",San Fermo,strategy_nearest,False,0.0023250579833984375,success
0426A8429C4C80,3,"['Castelvecchio', 'Santa Anastasia']",Duomo,"['AMO', 'Museo Miniscalchi', 'Teatro Romano', 'Palazzo della Ragione', 'Museo Conte']",Arena,strategy_nearest,False,0.002789020538330078,success
0426A8429C4C81,3,"['Arena', 'Casa Giulietta']",Torre Lamberti,"['Sighseeing', 'Centro Fotografia', 'Museo Conte', 'Palazzo della Ragione', 'AMO']",Castelvecchio,strategy_nearest,False,0.0030069351196289062,success
0426A872743380,3,"['San Zeno', 'Teatro Romano', 'Duomo']",Torre Lamberti,"['Sighseeing', 'Centro Fotografia', 'Museo Conte', 'Casa Giulietta', 'Palazzo della Ragione']",Arena,strategy_nearest,False,0.003020048141479492,success
0426AA429C4C81,0,"['Arena', 'Casa Giulietta']",Torre Lamberti,"['Sighseeing', 'Centro Fotografia', 'Museo Conte', 'Palazzo della Ragione', 'AMO']",Duomo,strategy_nearest,False,0.0017120838165283203,success
0426AA429C4C80,1,"['Arena', 'Torre Lamberti']",Palazzo della Ragione,"['AMO', 'Museo Conte', 'Centro Fotografia', 'Sighseeing', 'Santa Anastasia']",Casa Giulietta,strategy_nearest,False,0.0033180713653564453,success
0426AB429C4C80,1,"['Arena', 'Castelvecchio']",Torre Lamberti,"['Sighseeing', 'Centro Fotografia', 'Museo Conte', 'Casa Giulietta', 'Palazzo della Ragione']",Casa Giulietta,strategy_nearest,True,0.003350973129272461,success
0426AF3A9C4C81,0,['Santa Anastasia'],Casa Giulietta,"['Centro Fotografia', 'Sighseeing', 'Torre Lamberti', 'Museo Conte', 'Museo Radio']",Arena,strategy_nearest,False,0.0025949478149414062,success
0426B8429C4C80,0,"['Arena', 'Castelvecchio']",Torre Lamberti,"['Sighseeing', 'Centro Fotografia', 'Museo Conte', 'Casa Giulietta', 'Palazzo della Ragione']",Casa Giulietta,strategy_nearest,True,0.0037407875061035156,success
0426B2429C4C80,3,"['Museo Lapidario', 'Arena']",Casa Giulietta,"['Centro Fotografia', 'Sighseeing', 'Torre Lamberti', 'Museo Conte', 'Museo Radio']",Torre Lamberti,strategy_nearest,True,0.003773927688598633,success
0426B9429C4C81,0,"['Duomo', 'Torre Lamberti']",Casa Giulietta,"['Centro Fotografia', 'Sighseeing', 'Museo Conte', 'Museo Radio', 'Palazzo della Ragione']",Arena,strategy_nearest,False,0.0026051998138427734,success
0426BC429C4C80,3,"['Casa Giulietta', 'Duomo', 'Santa Anastasia']",Arena,"['Verona Tour', 'Museo Lapidario', 'Museo Radio', 'San Fermo', 'Sighseeing']",Castelvecchio,strategy_nearest,False,0.0034499168395996094,success
0426BA3A9C4C80,0,['Castelvecchio'],Arena,"['Verona Tour', 'Museo Lapidario', 'Museo Radio', 'San Fermo', 'Casa Giulietta']",Torre Lamberti,strategy_nearest,False,0.00287628173828125,success
0426BD429C4C80,3,['Arena'],San Fermo,"['Museo Storia', 'Museo Radio', 'Casa Giulietta', 'Centro Fotografia', 'Sighseeing']",Santa Anastasia,strategy_nearest,False,0.0022001266479492188,success
0426BD429C4C81,3,"['Casa Giulietta', 'Duomo', 'Santa Anastasia']",Arena,"['Verona Tour', 'Museo Lapidario', 'Museo Radio', 'San Fermo', 'Sighseeing']",Castelvecchio,strategy_nearest,False,0.0033521652221679688,success
0426BF429C4C81,1,"['Arena', 'Casa Giulietta', 'Palazzo della Ragione']",Torre Lamberti,"['Sighseeing', 'Centro Fotografia', 'Museo Conte', 'AMO', 'Museo Miniscalchi']",Santa Anastasia,strategy_nearest,False,0.0020029544830322266,success
0426C2429C4C80,0,['Arena'],Casa Giulietta,"['Centro Fotografia', 'Sighseeing', 'Torre Lamberti', 'Museo Conte', 'Museo Radio']",Torre Lamberti,strategy_nearest,True,0.0034821033477783203,success
0426C9429C4C80,1,"['Casa Giulietta', 'Torre Lamberti']",Palazzo della Ragione,"['AMO', 'Museo Conte', 'Centro Fotografia', 'Sighseeing', 'Santa Anastasia']",Santa Anastasia,strategy_nearest,True,0.0022084712982177734,success
0426C9429C4C81,0,"['Arena', 'Museo Lapidario']",Castelvecchio,"['Verona Tour', 'Museo Radio', 'San Zeno', 'Sighseeing', 'Museo Miniscalchi']",Casa Giulietta,strategy_nearest,False,0.0031228065490722656,success
0426D13A9C4C80,0,['Arena'],San Fermo,"['Museo Storia', 'Museo Radio', 'Casa Giulietta', 'Centro Fotografia', 'Sighseeing']",Tomba Giulietta,strategy_nearest,False,0.0015099048614501953,success
0426DCC27B3F81,0,['Arena'],Torre Lamberti,"['Sighseeing', 'Centro Fotografia', 'Museo Conte', 'Casa Giulietta', 'Palazzo della Ragione']",Casa Giulietta,strategy_nearest,True,0.002608776092529297,success
0426CA3A9C4C80,0,['Casa Giulietta'],Arena,"['Verona Tour', 'Museo Lapidario', 'Museo Radio', 'San Fermo', 'Sighseeing']",Castelvecchio,strategy_nearest,False,0.003964900970458984,success
0426DE3A9C4C80,3,"['Museo Lapidario', 'Arena']",Casa Giulietta,"['Centro Fotografia', 'Sighseeing', 'Torre Lamberti', 'Museo Conte', 'Museo Radio']",Torre Lamberti,strategy_nearest,True,0.00315093994140625,success
042779429C4C80,0,['Arena'],Casa Giulietta,"['Centro Fotografia', 'Sighseeing', 'Torre Lamberti', 'Museo Conte', 'Museo Radio']",Teatro Romano,strategy_nearest,False,0.0018279552459716797,success
042768429C4C81,0,"['Casa Giulietta', 'Torre Lamberti']",Tomba Giulietta,"['San Fermo', 'Museo Storia', 'Arena', 'Museo Lapidario', 'Museo Radio']",Arena,strategy_nearest,True,0.0026247501373291016,success
0426E33A9C4C81,1,"['Duomo', 'Casa Giulietta']",Torre Lamberti,"['Sighseeing', 'Centro Fotografia', 'Museo Conte', 'Palazzo della Ragione', 'AMO']",Palazzo della Ragione,strategy_nearest,True,0.0033409595489501953,success
042780429C4C80,0,['Arena'],Casa Giulietta,"['Centro Fotografia', 'Sighseeing', 'Torre Lamberti', 'Museo Conte', 'Museo Radio']",Santa Anastasia,strategy_nearest,False,0.0034360885620117188,success
042783429C4C80,0,"['Arena', 'Castelvecchio']",Torre Lamberti,"['Sighseeing', 'Centro Fotografia', 'Museo Conte', 'Casa Giulietta', 'Palazzo della Ragione']",Casa Giulietta,strategy_nearest,True,0.002804994583129883,success
04277A3A9C4C80,0,['Casa Giulietta'],Torre Lamberti,"['Sighseeing', 'Centro Fotografia', 'Museo Conte', 'Palazzo della Ragione', 'AMO']",Teatro Romano,strategy_nearest,False,0.0026769638061523438,success
0427853A9C4C80,3,"['Casa Giulietta', 'Torre Lamberti']",Santa Anastasia,"['AMO', 'Museo Conte', 'Palazzo della Ragione', 'Teatro Romano', 'Centro Fotografia']",Castelvecchio,strategy_nearest,False,0.003328084945678711,success
0427863A9C4C81,0,['Arena'],Casa Giulietta,"['Centro Fotografia', 'Sighseeing', 'Torre Lamberti', 'Museo Conte', 'Museo Radio']",Santa Anastasia,strategy_nearest,False,0.0024590492248535156,success
042789429C4C81,0,['Teatro Romano'],Castelvecchio,"['Museo Lapidario', 'Verona Tour', 'Arena', 'Museo Radio', 'San Zeno']",Arena,strategy_nearest,True,0.0027120113372802734,success
04278B429C4C80,3,"['Arena', 'Casa Giulietta']",Torre Lamberti,"['Sighseeing', 'Centro Fotografia', 'Museo Conte', 'Palazzo della Ragione', 'AMO']",Santa Anastasia,strategy_nearest,False,0.003431081771850586,success
04278E3A9C4C81,0,['Casa Giulietta'],Arena,"['Verona Tour', 'Museo Lapidario', 'Museo Radio', 'San Fermo', 'Sighseeing']",Torre Lamberti,strategy_nearest,False,0.0026979446411132812,success
04278F3A9C4C80,1,"['Casa Giulietta', 'Palazzo della Ragione', 'Torre Lamberti', 'Santa Anastasia']",Duomo,"['AMO', 'Museo Miniscalchi', 'Teatro Romano', 'Museo Conte', 'Centro Fotografia']",Teatro Romano,strategy_nearest,True,0.002841949462890625,success
0427903A9C4C81,0,['Casa Giulietta'],Arena,"['Verona Tour', 'Museo Lapidario', 'Museo Radio', 'San Fermo', 'Sighseeing']",Torre Lamberti,strategy_nearest,False,0.002833127975463867,success
042798429C4C81,0,"['Casa Giulietta', 'Torre Lamberti']",Duomo,"['AMO', 'Museo Miniscalchi', 'Santa Anastasia', 'Teatro Romano', 'Palazzo della Ragione']",Arena,strategy_nearest,False,0.0027968883514404297,success
0427A372743380,3,"['Arena', 'Torre Lamberti', 'Santa Anastasia']",San Zeno,"['Castelvecchio', 'Verona Tour', 'Museo Lapidario', 'Museo Miniscalchi', 'Sighseeing']",Castelvecchio,strategy_nearest,True,0.0027053356170654297,success
0427A472743381,1,"['Tomba Giulietta', 'Arena', 'Casa Giulietta']",Torre Lamberti,"['Sighseeing', 'Centro Fotografia', 'Museo Conte', 'Palazzo della Ragione', 'AMO']",Palazzo della Ragione,strategy_nearest,True,0.003309011459350586,success
0427A572743380,1,"['Arena', 'Casa Giulietta', 'Torre Lamberti']",Palazzo della Ragione,"['AMO', 'Museo Conte', 'Centro Fotografia', 'Sighseeing', 'Santa Anastasia']",San Fermo,strategy_nearest,False,0.002534151077270508,success
0427A672743380,0,"['San Zeno', 'Teatro Romano']",Arena,"['Verona Tour', 'Museo Lapidario', 'Museo Radio', 'San Fermo', 'Casa Giulietta']",Tomba Giulietta,strategy_nearest,False,0.0018696784973144531,success
0427A8429C4C81,0,['Arena'],Museo Lapidario,"['Verona Tour', 'Castelvecchio', 'Museo Radio', 'San Fermo', 'Casa Giulietta']",Torre Lamberti,strategy_nearest,False,0.0026421546936035156,success
0427A73A9C4C81,3,"['Arena', 'Casa Giulietta']",Castelvecchio,"['Museo Lapidario', 'Verona Tour', 'Museo Radio', 'San Zeno', 'Sighseeing']",Santa Anastasia,strategy_nearest,False,0.003330707550048828,success
0427AD429C4C81,3,['Arena'],Casa Giulietta,"['Centro Fotografia', 'Sighseeing', 'Torre Lamberti', 'Museo Conte', 'Museo Radio']",Santa Anastasia,strategy_nearest,False,0.001966714859008789,success
0427A9429C4C80,0,"['Casa Giulietta', 'Teatro Romano']",Castelvecchio,"['Museo Lapidario', 'Verona Tour', 'Arena', 'Museo Radio', 'San Zeno']",Arena,strategy_nearest,True,0.0033941268920898438,success
0427B63A9C4C80,3,"['San Zeno', 'Arena', 'Torre Lamberti']",Santa Anastasia,"['AMO', 'Museo Conte', 'Palazzo della Ragione', 'Teatro Romano', 'Centro Fotografia']",Duomo,strategy_nearest,False,0.002710103988647461,success
0427B9429C4C81,0,['Casa Giulietta'],Arena,"['Verona Tour', 'Museo Lapidario', 'Museo Radio', 'San Fermo', 'Sighseeing']",Santa Anastasia,strategy_nearest,False,0.0032770633697509766,success
0427BA429C4C81,1,"['Arena', 'Casa Giulietta', 'Santa Anastasia']",Palazzo della Ragione,"['AMO', 'Museo Conte', 'Torre Lamberti', 'Centro Fotografia', 'Sighseeing']",Torre Lamberti,strategy_nearest,True,0.003053903579711914,success
0427BF429C4C80,1,"['Arena', 'Casa Giulietta']",Palazzo della Ragione,"['AMO', 'Museo Conte', 'Torre Lamberti', 'Centro Fotografia', 'Sighseeing']",Torre Lamberti,strategy_nearest,True,0.0018508434295654297,success
0427C53A9C4C80,6,"['Arena', 'Casa Giulietta', 'Torre Lamberti']",Palazzo della Ragione,"['AMO', 'Museo Conte', 'Centro Fotografia', 'Sighseeing', 'Santa Anastasia']",Duomo,strategy_nearest,False,0.0027420520782470703,success
0427C2429C4C80,0,['Arena'],Casa Giulietta,"['Centro Fotografia', 'Sighseeing', 'Torre Lamberti', 'Museo Conte', 'Museo Radio']",Santa Anastasia,strategy_nearest,False,0.003428936004638672,success
0427C9429C4C81,3,"['Arena', 'Casa Giulietta']",Torre Lamberti,"['Sighseeing', 'Centro Fotografia', 'Museo Conte', 'Palazzo della Ragione', 'AMO']",Santa Anastasia,strategy_nearest,False,0.002735137939453125,success
0427CA429C4C81,3,"['Casa Giulietta', 'Santa Anastasia']",Duomo,"['AMO', 'Museo Miniscalchi', 'Teatro Romano', 'Palazzo della Ragione', 'Museo Conte']",Tomba Giulietta,strategy_nearest,False,0.0032722949981689453,success
0427D4C27B3F81,3,"['Castelvecchio', 'Arena']",Casa Giulietta,"['Centro Fotografia', 'Sighseeing', 'Torre Lamberti', 'Museo Conte', 'Museo Radio']",Torre Lamberti,strategy_nearest,True,0.0025959014892578125,success
0427F23A9C4C80,1,"['Arena', 'Torre Lamberti', 'Palazzo della Ragione']",Santa Anastasia,"['AMO', 'Museo Conte', 'Teatro Romano', 'Centro Fotografia', 'Duomo']",Duomo,strategy_nearest,True,0.0033779144287109375,success
04287F3A9C4C80,3,"['Duomo', 'Santa Anastasia']",Teatro Romano,"['AMO', 'Palazzo della Ragione', 'Museo Conte', 'Centro Fotografia', 'Museo Miniscalchi']",Casa Giulietta,strategy_nearest,False,0.0031690597534179688,success
04287E3A9C4C80,3,"['Santa Anastasia', 'Casa Giulietta']",San Fermo,"['Museo Storia', 'Museo Radio', 'Centro Fotografia', 'Arena', 'Sighseeing']",Duomo,strategy_nearest,False,0.0025620460510253906,success
042882429C4C80,2,['San Fermo'],Teatro Romano,"['Santa Anastasia', 'Duomo', 'AMO', 'Palazzo della Ragione', 'Museo Conte']",Torre Lamberti,strategy_nearest,False,0.0025899410247802734,success
0428833A9C4C81,1,"['Arena', 'Casa Giulietta', 'Torre Lamberti', 'Palazzo della Ragione']",Santa Anastasia,"['AMO', 'Museo Conte', 'Teatro Romano', 'Centro Fotografia', 'Duomo']",Duomo,strategy_nearest,True,0.0024530887603759766,success
04287F429C4C80,0,['Teatro Romano'],Casa Giulietta,"['Centro Fotografia', 'Sighseeing', 'Torre Lamberti', 'Museo Conte', 'Museo Radio']",Arena,strategy_nearest,False,0.002994060516357422,success
042882523F3880,2,"['Santa Anastasia', 'Santa Anastasia']",Santa Anastasia,"['AMO', 'Museo Conte', 'Palazzo della Ragione', 'Teatro Romano', 'Centro Fotografia']",Teatro Romano,strategy_nearest,True,0.0030481815338134766,success
042885429C4C81,3,"['Teatro Romano', 'Santa Anastasia']",Casa Giulietta,"['Centro Fotografia', 'Sighseeing', 'Torre Lamberti', 'Museo Conte', 'Museo Radio']",Castelvecchio,strategy_nearest,False,0.0013360977172851562,success
042887429C4C80,3,"['Arena', 'Castelvecchio']",Casa Giulietta,"['Centro Fotografia', 'Sighseeing', 'Torre Lamberti', 'Museo Conte', 'Museo Radio']",Santa Anastasia,strategy_nearest,False,0.002128124237060547,success
04288A429C4C80,3,"['Torre Lamberti', 'Duomo']",Santa Anastasia,"['AMO', 'Museo Conte', 'Palazzo della Ragione', 'Teatro Romano', 'Centro Fotografia']",Casa Giulietta,strategy_nearest,False,0.0028069019317626953,success
0428A54A9C4C80,2,['Casa Giulietta'],Torre Lamberti,"['Sighseeing', 'Centro Fotografia', 'Museo Conte', 'Palazzo della Ragione', 'AMO']",Santa Anastasia,strategy_nearest,False,0.0028412342071533203,success
0428A472743380,0,"['Museo Lapidario', 'Arena', 'Casa Giulietta']",Tomba Giulietta,"['San Fermo', 'Museo Storia', 'Museo Radio', 'Verona Tour', 'Castelvecchio']",Duomo,strategy_nearest,False,0.0036449432373046875,success
0428A672743381,1,"['Duomo', 'Santa Anastasia', 'Torre Lamberti', 'Casa Giulietta']",Castelvecchio,"['Museo Lapidario', 'Verona Tour', 'Arena', 'Museo Radio', 'San Zeno']",Teatro Romano,strategy_nearest,False,0.0025300979614257812,success
0428AF429C4C80,1,"['Museo Lapidario', 'Arena']",Torre Lamberti,"['Sighseeing', 'Centro Fotografia', 'Museo Conte', 'Casa Giulietta', 'Palazzo della Ragione']",Palazzo della Ragione,strategy_nearest,True,0.002975940704345703,success
0428B13A9C4C80,0,['Duomo'],Torre Lamberti,"['Sighseeing', 'Centro Fotografia', 'Museo Conte', 'Casa Giulietta', 'Palazzo della Ragione']",Casa Giulietta,strategy_nearest,True,0.002694845199584961,success
0428BE429C4C80,1,"['Casa Giulietta', 'Torre Lamberti']",Palazzo della Ragione,"['AMO', 'Museo Conte', 'Centro Fotografia', 'Sighseeing', 'Santa Anastasia']",Arena,strategy_nearest,False,0.0031769275665283203,success
0428BD3A9C4C80,0,"['Arena', 'Teatro Romano']",Casa Giulietta,"['Centro Fotografia', 'Sighseeing', 'Torre Lamberti', 'Museo Conte', 'Museo Radio']",Castelvecchio,strategy_nearest,False,0.0026907920837402344,success
0428B9429C4C80,0,['Casa Giulietta'],Arena,"['Verona Tour', 'Museo Lapidario', 'Museo Radio', 'San Fermo', 'Sighseeing']",Castelvecchio,strategy_nearest,False,0.0027468204498291016,success
0429794A9C4C81,1,['Tomba Giulietta'],Arena,"['Verona Tour', 'Museo Lapidario', 'Museo Radio', 'San Fermo', 'Casa Giulietta']",Casa Giulietta,strategy_nearest,True,0.0014410018920898438,success
0428CA523F3880,2,"['Torre Lamberti', 'Santa Anastasia']",Teatro Romano,"['Duomo', 'AMO', 'Palazzo della Ragione', 'Museo Conte', 'Centro Fotografia']",Torre Lamberti,strategy_nearest,False,0.0021839141845703125,success
0429743A9C4C81,0,['Arena'],Casa Giulietta,"['Centro Fotografia', 'Sighseeing', 'Torre Lamberti', 'Museo Conte', 'Museo Radio']",Santa Anastasia,strategy_nearest,False,0.0027518272399902344,success
04297B3A9C4C80,3,"['Casa Giulietta', 'Torre Lamberti']",Duomo,"['AMO', 'Museo Miniscalchi', 'Santa Anastasia', 'Teatro Romano', 'Palazzo della Ragione']",Castelvecchio,strategy_nearest,False,0.0035109519958496094,success
04297D429C4C81,0,['Arena'],Castelvecchio,"['Museo Lapidario', 'Verona Tour', 'Museo Radio', 'San Zeno', 'Sighseeing']",Teatro Romano,strategy_nearest,False,0.0027701854705810547,success
04297B429C4C80,3,"['Arena', 'Casa Giulietta']",Santa Anastasia,"['AMO', 'Museo Conte', 'Palazzo della Ragione', 'Teatro Romano', 'Centro Fotografia']",Teatro Romano,strategy_nearest,True,0.0018579959869384766,success
0429823A9C4C80,0,['Casa Giulietta'],Torre Lamberti,"['Sighseeing', 'Centro Fotografia', 'Museo Conte', 'Palazzo della Ragione', 'AMO']",Arena,strategy_nearest,False,0.002359151840209961,success
04297E3A9C4C80,0,['Arena'],Casa Giulietta,"['Centro Fotografia', 'Sighseeing', 'Torre Lamberti', 'Museo Conte', 'Museo Radio']",Torre Lamberti,strategy_nearest,True,0.0032019615173339844,success
0429853A9C4C80,0,['Casa Giulietta'],Torre Lamberti,"['Sighseeing', 'Centro Fotografia', 'Museo Conte', 'Palazzo della Ragione', 'AMO']",Castelvecchio,strategy_nearest,False,0.003191709518432617,success
0429843A9C4C81,0,['Torre Lamberti'],Casa Giulietta,"['Centro Fotografia', 'Sighseeing', 'Museo Conte', 'Museo Radio', 'Palazzo della Ragione']",Arena,strategy_nearest,False,0.002398252487182617,success
042985429C4C81,1,"['Arena', 'San Fermo', 'Casa Giulietta', 'Torre Lamberti']",Palazzo della Ragione,"['AMO', 'Museo Conte', 'Centro Fotografia', 'Sighseeing', 'Santa Anastasia']",Duomo,strategy_nearest,False,0.0025091171264648438,success
0429883A9C4C80,3,"['Arena', 'Casa Giulietta']",Duomo,"['AMO', 'Museo Miniscalchi', 'Santa Anastasia', 'Teatro Romano', 'Palazzo della Ragione']",Santa Anastasia,strategy_nearest,True,0.002930879592895508,success
042988429C4C80,2,"['Torre Lamberti', 'Palazzo della Ragione', 'Casa Giulietta', 'Santa Anastasia']",Duomo,"['AMO', 'Museo Miniscalchi', 'Teatro Romano', 'Museo Conte', 'Centro Fotografia']",Teatro Romano,strategy_nearest,True,0.0017671585083007812,success
0429883A9C4C81,3,"['Arena', 'Teatro Romano']",Duomo,"['AMO', 'Museo Miniscalchi', 'Santa Anastasia', 'Palazzo della Ragione', 'Museo Conte']",Casa Giulietta,strategy_nearest,False,0.0024619102478027344,success
04298A429C4C81,0,"['Arena', 'Casa Giulietta']",Torre Lamberti,"['Sighseeing', 'Centro Fotografia', 'Museo Conte', 'Palazzo della Ragione', 'AMO']",Castelvecchio,strategy_nearest,False,0.003124237060546875,success
0429884A9C4C80,0,['Arena'],Torre Lamberti,"['Sighseeing', 'Centro Fotografia', 'Museo Conte', 'Casa Giulietta', 'Palazzo della Ragione']",Casa Giulietta,strategy_nearest,True,0.002549886703491211,success
04298D429C4C81,0,['Arena'],Museo Lapidario,"['Verona Tour', 'Castelvecchio', 'Museo Radio', 'San Fermo', 'Casa Giulietta']",Castelvecchio,strategy_nearest,True,0.002705812454223633,success
0429A472743381,1,"['Arena', 'Santa Anastasia', 'Teatro Romano', 'Castelvecchio']",Giardino Giusti,"['Museo Conte', 'Centro Fotografia', 'Museo Storia', 'AMO', 'Casa Giulietta']",Casa Giulietta,strategy_nearest,True,0.003074169158935547,success
0429A672743380,1,"['Arena', 'Casa Giulietta']",Museo Lapidario,"['Verona Tour', 'Castelvecchio', 'Museo Radio', 'San Fermo', 'Tomba Giulietta']",Torre Lamberti,strategy_nearest,False,0.0024607181549072266,success
0429A53A9C4C81,0,['Arena'],Casa Giulietta,"['Centro Fotografia', 'Sighseeing', 'Torre Lamberti', 'Museo Conte', 'Museo Radio']",Teatro Romano,strategy_nearest,False,0.0031490325927734375,success
0429A872743380,1,"['Arena', 'Castelvecchio']",Casa Giulietta,"['Centro Fotografia', 'Sighseeing', 'Torre Lamberti', 'Museo Conte', 'Museo Radio']",Palazzo della Ragione,strategy_nearest,False,0.003167867660522461,success
0429AE429C4C80,3,['Castelvecchio'],Torre Lamberti,"['Sighseeing', 'Centro Fotografia', 'Museo Conte', 'Casa Giulietta', 'Palazzo della Ragione']",Santa Anastasia,strategy_nearest,False,0.002546072006225586,success
0429B1429C4C80,0,['Arena'],Tomba Giulietta,"['San Fermo', 'Museo Storia', 'Museo Lapidario', 'Museo Radio', 'Verona Tour']",Casa Giulietta,strategy_nearest,False,0.0031120777130126953,success
0429AF429C4C80,1,"['Museo Lapidario', 'Arena']",Casa Giulietta,"['Centro Fotografia', 'Sighseeing', 'Torre Lamberti', 'Museo Conte', 'Museo Radio']",Torre Lamberti,strategy_nearest,True,0.0027647018432617188,success
0429B43A9C4C81,1,"['Arena', 'Casa Giulietta']",Torre Lamberti,"['Sighseeing', 'Centro Fotografia', 'Museo Conte', 'Palazzo della Ragione', 'AMO']",Palazzo della Ragione,strategy_nearest,True,0.0024819374084472656,success
0429B5429C4C80,0,['Arena'],Casa Giulietta,"['Centro Fotografia', 'Sighseeing', 'Torre Lamberti', 'Museo Conte', 'Museo Radio']",Torre Lamberti,strategy_nearest,True,0.0029571056365966797,success
0429C0429C4C80,2,['Castelvecchio'],Casa Giulietta,"['Centro Fotografia', 'Sighseeing', 'Torre Lamberti', 'Museo Conte', 'Museo Radio']",Teatro Romano,strategy_nearest,False,0.0032100677490234375,success
0429BE429C4C81,1,"['Casa Giulietta', 'Torre Lamberti']",Palazzo della Ragione,"['AMO', 'Museo Conte', 'Centro Fotografia', 'Sighseeing', 'Santa Anastasia']",Teatro Romano,strategy_nearest,False,0.0027430057525634766,success
0429BF429C4C80,1,"['Casa Giulietta', 'Torre Lamberti']",Palazzo della Ragione,"['AMO', 'Museo Conte', 'Centro Fotografia', 'Sighseeing', 'Santa Anastasia']",Santa Anastasia,strategy_nearest,True,0.003350973129272461,success
0429C4429C4C80,0,['Arena'],Casa Giulietta,"['Centro Fotografia', 'Sighseeing', 'Torre Lamberti', 'Museo Conte', 'Museo Radio']",Torre Lamberti,strategy_nearest,True,0.003056049346923828,success
0429CE3A9C4C81,0,['Teatro Romano'],Casa Giulietta,"['Centro Fotografia', 'Sighseeing', 'Torre Lamberti', 'Museo Conte', 'Museo Radio']",Arena,strategy_nearest,False,0.0019762516021728516,success
0429EB3A9C4C80,0,['Arena'],Duomo,"['AMO', 'Museo Miniscalchi', 'Santa Anastasia', 'Teatro Romano', 'Palazzo della Ragione']",Tomba Giulietta,strategy_nearest,False,0.0026907920837402344,success
0429F63A9C4C80,3,"['Santa Anastasia', 'Teatro Romano', 'Arena']",Casa Giulietta,"['Centro Fotografia', 'Sighseeing', 'Torre Lamberti', 'Museo Conte', 'Museo Radio']",Castelvecchio,strategy_nearest,False,0.0032689571380615234,success
0429F53A9C4C80,0,['Arena'],Casa Giulietta,"['Centro Fotografia', 'Sighseeing', 'Torre Lamberti', 'Museo Conte', 'Museo Radio']",Torre Lamberti,strategy_nearest,True,0.0020639896392822266,success
042A713A9C4C81,3,"['Arena', 'Casa Giulietta']",Santa Anastasia,"['AMO', 'Museo Conte', 'Palazzo della Ragione', 'Teatro Romano', 'Centro Fotografia']",Duomo,strategy_nearest,False,0.0017390251159667969,success
042A72429C4C81,3,"['Arena', 'Casa Giulietta']",Torre Lamberti,"['Sighseeing', 'Centro Fotografia', 'Museo Conte', 'Palazzo della Ragione', 'AMO']",Santa Anastasia,strategy_nearest,False,0.0027899742126464844,success
042A7D429C4C81,3,['Arena'],Santa Anastasia,"['AMO', 'Museo Conte', 'Palazzo della Ragione', 'Teatro Romano', 'Centro Fotografia']",Torre Lamberti,strategy_nearest,False,0.0027589797973632812,success
042A7DBA7B3F81,1,"['Arena', 'Casa Giulietta']",Palazzo della Ragione,"['AMO', 'Museo Conte', 'Torre Lamberti', 'Centro Fotografia', 'Sighseeing']",Torre Lamberti,strategy_nearest,True,0.0031948089599609375,success
042A733A9C4C80,0,['Arena'],Casa Giulietta,"['Centro Fotografia', 'Sighseeing', 'Torre Lamberti', 'Museo Conte', 'Museo Radio']",Castelvecchio,strategy_nearest,False,0.003525972366333008,success
042A823A9C4C80,0,"['Arena', 'Casa Giulietta']",Teatro Romano,"['Santa Anastasia', 'Duomo', 'AMO', 'Palazzo della Ragione', 'Museo Conte']",Duomo,strategy_nearest,True,0.0017240047454833984,success
042A813A9C4C80,3,"['Arena', 'Torre Lamberti', 'Casa Giulietta']",Duomo,"['AMO', 'Museo Miniscalchi', 'Santa Anastasia', 'Teatro Romano', 'Palazzo della Ragione']",Teatro Romano,strategy_nearest,True,0.0029082298278808594,success
042A83429C4C80,0,"['Arena', 'Casa Giulietta']",Castelvecchio,"['Museo Lapidario', 'Verona Tour', 'Museo Radio', 'San Zeno', 'Sighseeing']",San Zeno,strategy_nearest,True,0.002393007278442383,success
042A883A9C4C80,2,['Castelvecchio'],Teatro Romano,"['Santa Anastasia', 'Duomo', 'AMO', 'Palazzo della Ragione', 'Museo Conte']",San Fermo,strategy_nearest,False,0.0020301342010498047,success
042A8AC27B3F81,3,"['Castelvecchio', 'Arena']",Casa Giulietta,"['Centro Fotografia', 'Sighseeing', 'Torre Lamberti', 'Museo Conte', 'Museo Radio']",Torre Lamberti,strategy_nearest,True,0.0027971267700195312,success
042A8D429C4C81,3,"['Arena', 'Santa Anastasia']",Castelvecchio,"['Museo Lapidario', 'Verona Tour', 'Museo Radio', 'San Zeno', 'Sighseeing']",San Zeno,strategy_nearest,True,0.0026209354400634766,success
042A85429C4C81,3,"['Arena', 'Casa Giulietta']",Torre Lamberti,"['Sighseeing', 'Centro Fotografia', 'Museo Conte', 'Palazzo della Ragione', 'AMO']",Santa Anastasia,strategy_nearest,False,0.005041837692260742,success
042A8F429C4C81,0,['Arena'],Castelvecchio,"['Museo Lapidario', 'Verona Tour', 'Museo Radio', 'San Zeno', 'Sighseeing']",Casa Giulietta,strategy_nearest,False,0.0024640560150146484,success
042A8E3A9C4C80,1,"['Tomba Giulietta', 'Arena', 'Casa Giulietta']",Torre Lamberti,"['Sighseeing', 'Centro Fotografia', 'Museo Conte', 'Palazzo della Ragione', 'AMO']",Palazzo della Ragione,strategy_nearest,True,0.001856088638305664,success
042A90429C4C81,1,['Arena'],Torre Lamberti,"['Sighseeing', 'Centro Fotografia', 'Museo Conte', 'Casa Giulietta', 'Palazzo della Ragione']",Palazzo della Ragione,strategy_nearest,True,0.0030829906463623047,success
042AA372743380,3,"['Arena', 'Torre Lamberti', 'Casa Giulietta']",Santa Anastasia,"['AMO', 'Museo Conte', 'Palazzo della Ragione', 'Teatro Romano', 'Centro Fotografia']",Castelvecchio,strategy_nearest,False,0.0031538009643554688,success
042A924A9C4C80,1,['Arena'],Casa Giulietta,"['Centro Fotografia', 'Sighseeing', 'Torre Lamberti', 'Museo Conte', 'Museo Radio']",Torre Lamberti,strategy_nearest,True,0.0027837753295898438,success
042AA572743381,1,"['Arena', 'Casa Giulietta']",Castelvecchio,"['Museo Lapidario', 'Verona Tour', 'Museo Radio', 'San Zeno', 'Sighseeing']",Torre Lamberti,strategy_nearest,False,0.0036971569061279297,success
042A974A9C4C80,1,['Arena'],Palazzo della Ragione,"['AMO', 'Museo Conte', 'Torre Lamberti', 'Centro Fotografia', 'Sighseeing']",Torre Lamberti,strategy_nearest,True,0.003203153610229492,success
042AA672743380,2,"['Tomba Giulietta', 'San Fermo', 'Casa Giulietta']",Santa Anastasia,"['AMO', 'Museo Conte', 'Palazzo della Ragione', 'Teatro Romano', 'Centro Fotografia']",Castelvecchio,strategy_nearest,False,0.002038240432739258,success
042AA63A9C4C80,1,"['Torre Lamberti', 'Palazzo della Ragione', 'Arena', 'Casa Giulietta']",Tomba Giulietta,"['San Fermo', 'Museo Storia', 'Museo Lapidario', 'Museo Radio', 'Verona Tour']",Castelvecchio,strategy_nearest,False,0.002107858657836914,success
042AA8BA7B3F81,1,"['Arena', 'Casa Giulietta']",Palazzo della Ragione,"['AMO', 'Museo Conte', 'Torre Lamberti', 'Centro Fotografia', 'Sighseeing']",Torre Lamberti,strategy_nearest,True,0.00302886962890625,success
042AA73A9C4C81,0,['Arena'],Casa Giulietta,"['Centro Fotografia', 'Sighseeing', 'Torre Lamberti', 'Museo Conte', 'Museo Radio']",Torre Lamberti,strategy_nearest,True,0.002866029739379883,success
042AA9429C4C81,0,['Arena'],Torre Lamberti,"['Sighseeing', 'Centro Fotografia', 'Museo Conte', 'Casa Giulietta', 'Palazzo della Ragione']",Casa Giulietta,strategy_nearest,True,0.0026619434356689453,success
042AAE429C4C81,3,"['Arena', 'Torre Lamberti']",Casa Giulietta,"['Centro Fotografia', 'Sighseeing', 'Museo Conte', 'Museo Radio', 'Palazzo della Ragione']",Santa Anastasia,strategy_nearest,False,0.0026030540466308594,success
042AAF429C4C81,1,"['Palazzo della Ragione', 'Torre Lamberti']",Casa Giulietta,"['Centro Fotografia', 'Sighseeing', 'Museo Conte', 'Museo Radio', 'San Fermo']",Arena,strategy_nearest,False,0.0028078556060791016,success
042AB5429C4C80,1,"['Arena', 'Castelvecchio', 'Casa Giulietta']",Santa Anastasia,"['AMO', 'Museo Conte', 'Palazzo della Ragione', 'Teatro Romano', 'Centro Fotografia']",Duomo,strategy_nearest,False,0.0024161338806152344,success
042AB1429C4C80,3,"['Casa Giulietta', 'Torre Lamberti']",Castelvecchio,"['Museo Lapidario', 'Verona Tour', 'Arena', 'Museo Radio', 'San Zeno']",Arena,strategy_nearest,True,0.003422975540161133,success
042AC0429C4C81,0,['Teatro Romano'],Casa Giulietta,"['Centro Fotografia', 'Sighseeing', 'Torre Lamberti', 'Museo Conte', 'Museo Radio']",Arena,strategy_nearest,False,0.0021970272064208984,success
042AC0429C4C80,0,['Arena'],Torre Lamberti,"['Sighseeing', 'Centro Fotografia', 'Museo Conte', 'Casa Giulietta', 'Palazzo della Ragione']",Duomo,strategy_nearest,False,0.004119157791137695,success
042AF83A9C4C80,0,['Torre Lamberti'],Casa Giulietta,"['Centro Fotografia', 'Sighseeing', 'Museo Conte', 'Museo Radio', 'Palazzo della Ragione']",Arena,strategy_nearest,False,0.0033931732177734375,success
042AC6429C4C81,1,"['Arena', 'Castelvecchio', 'Teatro Romano']",Duomo,"['AMO', 'Museo Miniscalchi', 'Santa Anastasia', 'Palazzo della Ragione', 'Museo Conte']",Santa Anastasia,strategy_nearest,True,0.0015861988067626953,success
042B3B3A9C4C80,1,"['Arena', 'Torre Lamberti']",Palazzo della Ragione,"['AMO', 'Museo Conte', 'Centro Fotografia', 'Sighseeing', 'Santa Anastasia']",Casa Giulietta,strategy_nearest,False,0.0020329952239990234,success
042B713A9C4C81,2,"['Casa Giulietta', 'Torre Lamberti']",Santa Anastasia,"['AMO', 'Museo Conte', 'Palazzo della Ragione', 'Teatro Romano', 'Centro Fotografia']",Castelvecchio,strategy_nearest,False,0.0020842552185058594,success
042B723A9C4C81,1,"['Arena', 'Casa Giulietta']",Torre Lamberti,"['Sighseeing', 'Centro Fotografia', 'Museo Conte', 'Palazzo della Ragione', 'AMO']",Torre Lamberti,strategy_nearest,False,0.0028247833251953125,success
042B72429C4C81,0,['Arena'],Casa Giulietta,"['Centro Fotografia', 'Sighseeing', 'Torre Lamberti', 'Museo Conte', 'Museo Radio']",Santa Anastasia,strategy_nearest,False,0.002947092056274414,success
042B7A3A9C4C81,3,"['Arena', 'Castelvecchio', 'Tomba Giulietta']",Santa Anastasia,"['AMO', 'Museo Conte', 'Palazzo della Ragione', 'Teatro Romano', 'Centro Fotografia']",Teatro Romano,strategy_nearest,True,0.002541065216064453,success
042B7A4A9C4C80,0,['Arena'],Santa Anastasia,"['AMO', 'Museo Conte', 'Palazzo della Ragione', 'Teatro Romano', 'Centro Fotografia']",Castelvecchio,strategy_nearest,False,0.002664804458618164,success
042B7A3A9C4C80,3,"['Arena', 'Casa Giulietta']",Torre Lamberti,"['Sighseeing', 'Centro Fotografia', 'Museo Conte', 'Palazzo della Ragione', 'AMO']",Santa Anastasia,strategy_nearest,False,0.0034508705139160156,success
042B7B3A9C4C80,0,"['Casa Giulietta', 'Arena']",Museo Lapidario,"['Verona Tour', 'Castelvecchio', 'Museo Radio', 'San Fermo', 'Tomba Giulietta']",Castelvecchio,strategy_nearest,True,0.0030317306518554688,success
042B7B4A9C4C80,1,"['Tomba Giulietta', 'Torre Lamberti']",Palazzo della Ragione,"['AMO', 'Museo Conte', 'Centro Fotografia', 'Sighseeing', 'Santa Anastasia']",Casa Giulietta,strategy_nearest,False,0.003370046615600586,success
042B7B4A9C4C81,0,['Arena'],Casa Giulietta,"['Centro Fotografia', 'Sighseeing', 'Torre Lamberti', 'Museo Conte', 'Museo Radio']",Teatro Romano,strategy_nearest,False,0.002553701400756836,success
042B7C429C4C80,0,['Arena'],Casa Giulietta,"['Centro Fotografia', 'Sighseeing', 'Torre Lamberti', 'Museo Conte', 'Museo Radio']",Torre Lamberti,strategy_nearest,True,0.003222942352294922,success
042B7D429C4C81,0,['Arena'],Casa Giulietta,"['Centro Fotografia', 'Sighseeing', 'Torre Lamberti', 'Museo Conte', 'Museo Radio']",Torre Lamberti,strategy_nearest,True,0.003287076950073242,success
042B813A9C4C81,0,['Torre Lamberti'],Teatro Romano,"['Santa Anastasia', 'Duomo', 'AMO', 'Palazzo della Ragione', 'Museo Conte']",Castelvecchio,strategy_nearest,False,0.0025250911712646484,success
042B803A9C4C80,2,"['Torre Lamberti', 'Duomo']",Casa Giulietta,"['Centro Fotografia', 'Sighseeing', 'Museo Conte', 'Museo Radio', 'Palazzo della Ragione']",Tomba Giulietta,strategy_nearest,False,0.00479578971862793,success
042B843A9C4C80,1,"['Arena', 'Casa Giulietta']",Torre Lamberti,"['Sighseeing', 'Centro Fotografia', 'Museo Conte', 'Palazzo della Ragione', 'AMO']",Palazzo della Ragione,strategy_nearest,True,0.0026717185974121094,success
042B853A9C4C80,1,"['Palazzo della Ragione', 'Casa Giulietta']",Arena,"['Verona Tour', 'Museo Lapidario', 'Museo Radio', 'San Fermo', 'Sighseeing']",Tomba Giulietta,strategy_nearest,False,0.0030019283294677734,success
042B893A9C4C80,1,"['Arena', 'Casa Giulietta']",Torre Lamberti,"['Sighseeing', 'Centro Fotografia', 'Museo Conte', 'Palazzo della Ragione', 'AMO']",Palazzo della Ragione,strategy_nearest,True,0.0032520294189453125,success
042B8E3A9C4C81,1,['Arena'],Santa Anastasia,"['AMO', 'Museo Conte', 'Palazzo della Ragione', 'Teatro Romano', 'Centro Fotografia']",Torre Lamberti,strategy_nearest,False,0.0026149749755859375,success
042B944A9C4C80,0,"['Arena', 'Casa Giulietta']",Torre Lamberti,"['Sighseeing', 'Centro Fotografia', 'Museo Conte', 'Palazzo della Ragione', 'AMO']",San Fermo,strategy_nearest,False,0.0029098987579345703,success
042B95429C4C81,3,"['Torre Lamberti', 'Santa Anastasia', 'Duomo']",Casa Giulietta,"['Centro Fotografia', 'Sighseeing', 'Museo Conte', 'Museo Radio', 'Palazzo della Ragione']",Castelvecchio,strategy_nearest,False,0.002627134323120117,success
042B954A9C4C81,0,"['Arena', 'Museo Lapidario']",Casa Giulietta,"['Centro Fotografia', 'Sighseeing', 'Torre Lamberti', 'Museo Conte', 'Museo Radio']",San Fermo,strategy_nearest,False,0.0031261444091796875,success
042BA34A9C4C81,0,['Casa Giulietta'],Torre Lamberti,"['Sighseeing', 'Centro Fotografia', 'Museo Conte', 'Palazzo della Ragione', 'AMO']",Arena,strategy_nearest,False,0.0025398731231689453,success
042BA472743380,1,"['San Fermo', 'Casa Giulietta', 'Arena', 'Teatro Romano']",Duomo,"['AMO', 'Museo Miniscalchi', 'Santa Anastasia', 'Palazzo della Ragione', 'Museo Conte']",Torre Lamberti,strategy_nearest,False,0.0034220218658447266,success
042BA572743381,1,"['Arena', 'Casa Giulietta']",Torre Lamberti,"['Sighseeing', 'Centro Fotografia', 'Museo Conte', 'Palazzo della Ragione', 'AMO']",Palazzo della Ragione,strategy_nearest,True,0.003422975540161133,success
042BA73A9C4C81,0,['Arena'],Castelvecchio,"['Museo Lapidario', 'Verona Tour', 'Museo Radio', 'San Zeno', 'Sighseeing']",Torre Lamberti,strategy_nearest,False,0.0019419193267822266,success
042BA83A9C4C80,3,"['Arena', 'Casa Giulietta']",Duomo,"['AMO', 'Museo Miniscalchi', 'Santa Anastasia', 'Teatro Romano', 'Palazzo della Ragione']",Teatro Romano,strategy_nearest,True,0.0032939910888671875,success
042BAC3A9C4C80,3,"['Arena', 'Casa Giulietta']",Santa Anastasia,"['AMO', 'Museo Conte', 'Palazzo della Ragione', 'Teatro Romano', 'Centro Fotografia']",Duomo,strategy_nearest,False,0.002989053726196289,success
042BB2429C4C81,3,"['Arena', 'Casa Giulietta']",Santa Anastasia,"['AMO', 'Museo Conte', 'Palazzo della Ragione', 'Teatro Romano', 'Centro Fotografia']",Duomo,strategy_nearest,False,0.0027620792388916016,success
042BAE429C4C81,3,['Arena'],Torre Lamberti,"['Sighseeing', 'Centro Fotografia', 'Museo Conte', 'Casa Giulietta', 'Palazzo della Ragione']",Casa Giulietta,strategy_nearest,True,0.002746105194091797,success
042BC0C27B3F81,0,['Arena'],Torre Lamberti,"['Sighseeing', 'Centro Fotografia', 'Museo Conte', 'Casa Giulietta', 'Palazzo della Ragione']",Casa Giulietta,strategy_nearest,True,0.002891063690185547,success
042BB3429C4C81,1,"['Arena', 'Castelvecchio']",Casa Giulietta,"['Centro Fotografia', 'Sighseeing', 'Torre Lamberti', 'Museo Conte', 'Museo Radio']",Torre Lamberti,strategy_nearest,True,0.003216266632080078,success
042BC53A9C4C80,0,"['Arena', 'Casa Giulietta']",Teatro Romano,"['Santa Anastasia', 'Duomo', 'AMO', 'Palazzo della Ragione', 'Museo Conte']",Torre Lamberti,strategy_nearest,False,0.0027599334716796875,success
042BCA429C4C80,0,['Casa Giulietta'],Arena,"['Verona Tour', 'Museo Lapidario', 'Museo Radio', 'San Fermo', 'Sighseeing']",Teatro Romano,strategy_nearest,False,0.002669811248779297,success
042BCA429C4C81,3,"['Arena', 'Castelvecchio']",Casa Giulietta,"['Centro Fotografia', 'Sighseeing', 'Torre Lamberti', 'Museo Conte', 'Museo Radio']",Torre Lamberti,strategy_nearest,True,0.0031232833862304688,success
042BC3429C4C80,0,['Arena'],Casa Giulietta,"['Centro Fotografia', 'Sighseeing', 'Torre Lamberti', 'Museo Conte', 'Museo Radio']",Torre Lamberti,strategy_nearest,True,0.0019850730895996094,success
042BDA3A9C4C81,3,"['Arena', 'Casa Giulietta', 'Duomo']",Castelvecchio,"['Museo Lapidario', 'Verona Tour', 'Museo Radio', 'San Zeno', 'Sighseeing']",Tomba Giulietta,strategy_nearest,False,0.002377033233642578,success
042BE43A9C4C80,3,"['San Zeno', 'Castelvecchio']",Arena,"['Verona Tour', 'Museo Lapidario', 'Museo Radio', 'San Fermo', 'Casa Giulietta']",San Fermo,strategy_nearest,True,0.0027027130126953125,success
042C6A429C4C81,1,"['Castelvecchio', 'Torre Lamberti']",Palazzo della Ragione,"['AMO', 'Museo Conte', 'Centro Fotografia', 'Sighseeing', 'Santa Anastasia']",Casa Giulietta,strategy_nearest,False,0.0027289390563964844,success
042C6D429C4C81,1,['Arena'],Palazzo della Ragione,"['AMO', 'Museo Conte', 'Torre Lamberti', 'Centro Fotografia', 'Sighseeing']",Torre Lamberti,strategy_nearest,True,0.0032303333282470703,success
042C783A9C4C80,0,['Casa Giulietta'],Arena,"['Verona Tour', 'Museo Lapidario', 'Museo Radio', 'San Fermo', 'Sighseeing']",Giardino Giusti,strategy_nearest,False,0.0034360885620117188,success
042C793A9C4C80,3,"['Casa Giulietta', 'Torre Lamberti']",Santa Anastasia,"['AMO', 'Museo Conte', 'Palazzo della Ragione', 'Teatro Romano', 'Centro Fotografia']",Castelvecchio,strategy_nearest,False,0.0025739669799804688,success
042C7B429C4C80,0,['Torre Lamberti'],Casa Giulietta,"['Centro Fotografia', 'Sighseeing', 'Museo Conte', 'Museo Radio', 'Palazzo della Ragione']",Arena,strategy_nearest,False,0.0034170150756835938,success
042C7B4A9C4C80,2,"['Casa Giulietta', 'Palazzo della Ragione']",Torre Lamberti,"['Sighseeing', 'Centro Fotografia', 'Museo Conte', 'AMO', 'Museo Miniscalchi']",Santa Anastasia,strategy_nearest,False,0.0032198429107666016,success
042C7D429C4C81,0,"['Arena', 'Museo Lapidario']",Castelvecchio,"['Verona Tour', 'Museo Radio', 'San Zeno', 'Sighseeing', 'Museo Miniscalchi']",Casa Giulietta,strategy_nearest,False,0.0019068717956542969,success
042C7C429C4C80,0,['Teatro Romano'],Casa Giulietta,"['Centro Fotografia', 'Sighseeing', 'Torre Lamberti', 'Museo Conte', 'Museo Radio']",Arena,strategy_nearest,False,0.004086017608642578,success
042C7E429C4C80,3,['Arena'],Torre Lamberti,"['Sighseeing', 'Centro Fotografia', 'Museo Conte', 'Casa Giulietta', 'Palazzo della Ragione']",Casa Giulietta,strategy_nearest,True,0.0024940967559814453,success
042C83429C4C81,1,['Arena'],Torre Lamberti,"['Sighseeing', 'Centro Fotografia', 'Museo Conte', 'Casa Giulietta', 'Palazzo della Ragione']",Palazzo della Ragione,strategy_nearest,True,0.003131866455078125,success
042C853A9C4C80,0,['Arena'],Casa Giulietta,"['Centro Fotografia', 'Sighseeing', 'Torre Lamberti', 'Museo Conte', 'Museo Radio']",Torre Lamberti,strategy_nearest,True,0.0017588138580322266,success
042C873A9C4C81,1,"['Castelvecchio', 'Arena']",Casa Giulietta,"['Centro Fotografia', 'Sighseeing', 'Torre Lamberti', 'Museo Conte', 'Museo Radio']",Torre Lamberti,strategy_nearest,True,0.0026602745056152344,success
042C893A9C4C80,1,"['Arena', 'Palazzo della Ragione']",Torre Lamberti,"['Sighseeing', 'Centro Fotografia', 'Museo Conte', 'Casa Giulietta', 'AMO']",Casa Giulietta,strategy_nearest,True,0.0034041404724121094,success
042C8F3A9C4C81,1,"['Torre Lamberti', 'Palazzo della Ragione']",Casa Giulietta,"['Centro Fotografia', 'Sighseeing', 'Museo Conte', 'Museo Radio', 'San Fermo']",Arena,strategy_nearest,False,0.003178119659423828,success
042C8E429C4C81,0,"['Arena', 'Museo Lapidario']",Castelvecchio,"['Verona Tour', 'Museo Radio', 'San Zeno', 'Sighseeing', 'Museo Miniscalchi']",Teatro Romano,strategy_nearest,False,0.0025968551635742188,success
042C91429C4C81,0,['Arena'],Casa Giulietta,"['Centro Fotografia', 'Sighseeing', 'Torre Lamberti', 'Museo Conte', 'Museo Radio']",San Fermo,strategy_nearest,False,0.003134012222290039,success
042CA372743380,1,"['Casa Giulietta', 'Arena', 'Tomba Giulietta', 'Torre Lamberti']",Palazzo della Ragione,"['AMO', 'Museo Conte', 'Centro Fotografia', 'Sighseeing', 'Santa Anastasia']",Teatro Romano,strategy_nearest,False,0.0017290115356445312,success
042C9C429C4C81,0,"['Casa Giulietta', 'Torre Lamberti']",Castelvecchio,"['Museo Lapidario', 'Verona Tour', 'Arena', 'Museo Radio', 'San Zeno']",Arena,strategy_nearest,True,0.003943920135498047,success
042CA772743380,0,"['Arena', 'Castelvecchio']",Casa Giulietta,"['Centro Fotografia', 'Sighseeing', 'Torre Lamberti', 'Museo Conte', 'Museo Radio']",Teatro Romano,strategy_nearest,False,0.0027167797088623047,success
042CA872743380,3,"['Castelvecchio', 'Arena']",Casa Giulietta,"['Centro Fotografia', 'Sighseeing', 'Torre Lamberti', 'Museo Conte', 'Museo Radio']",Torre Lamberti,strategy_nearest,True,0.0031888484954833984,success
042CAD429C4C80,1,"['Arena', 'Casa Giulietta']",Palazzo della Ragione,"['AMO', 'Museo Conte', 'Torre Lamberti', 'Centro Fotografia', 'Sighseeing']",Castelvecchio,strategy_nearest,False,0.0021970272064208984,success
042CB03A9C4C80,0,['Arena'],Casa Giulietta,"['Centro Fotografia', 'Sighseeing', 'Torre Lamberti', 'Museo Conte', 'Museo Radio']",Torre Lamberti,strategy_nearest,True,0.002310037612915039,success
042CA9429C4C80,0,['Arena'],Casa Giulietta,"['Centro Fotografia', 'Sighseeing', 'Torre Lamberti', 'Museo Conte', 'Museo Radio']",Torre Lamberti,strategy_nearest,True,0.003302335739135742,success
042CAF429C4C81,1,"['Arena', 'Torre Lamberti']",Palazzo della Ragione,"['AMO', 'Museo Conte', 'Centro Fotografia', 'Sighseeing', 'Santa Anastasia']",Casa Giulietta,strategy_nearest,False,0.0031478404998779297,success
042CB13A9C4C81,0,['Arena'],Castelvecchio,"['Museo Lapidario', 'Verona Tour', 'Museo Radio', 'San Zeno', 'Sighseeing']",Casa Giulietta,strategy_nearest,False,0.00238800048828125,success
042CB9429C4C80,0,['Torre Lamberti'],Casa Giulietta,"['Centro Fotografia', 'Sighseeing', 'Museo Conte', 'Museo Radio', 'Palazzo della Ragione']",Arena,strategy_nearest,False,0.0019309520721435547,success
042CB6429C4C80,2,"['Casa Giulietta', 'Palazzo della Ragione']",Torre Lamberti,"['Sighseeing', 'Centro Fotografia', 'Museo Conte', 'AMO', 'Museo Miniscalchi']",Teatro Romano,strategy_nearest,False,0.003297090530395508,success
042CBD429C4C81,3,"['Arena', 'Casa Giulietta', 'Torre Lamberti']",San Fermo,"['Museo Storia', 'Museo Radio', 'Centro Fotografia', 'Sighseeing', 'Museo Conte']",Santa Anastasia,strategy_nearest,False,0.0026712417602539062,success
042CC1429C4C81,0,['Castelvecchio'],Arena,"['Verona Tour', 'Museo Lapidario', 'Museo Radio', 'San Fermo', 'Casa Giulietta']",Casa Giulietta,strategy_nearest,True,0.0031359195709228516,success
042CC3429C4C80,0,['Casa Giulietta'],Arena,"['Verona Tour', 'Museo Lapidario', 'Museo Radio', 'San Fermo', 'Sighseeing']",Teatro Romano,strategy_nearest,False,0.003103017807006836,success
042CC9429C4C80,3,"['Casa Giulietta', 'Torre Lamberti']",Santa Anastasia,"['AMO', 'Museo Conte', 'Palazzo della Ragione', 'Teatro Romano', 'Centro Fotografia']",Duomo,strategy_nearest,False,0.0033898353576660156,success
042CC5429C4C80,1,"['Arena', 'Museo Storia', 'Torre Lamberti']",Palazzo della Ragione,"['AMO', 'Museo Conte', 'Centro Fotografia', 'Sighseeing', 'Santa Anastasia']",Santa Anastasia,strategy_nearest,True,0.002788066864013672,success
042CCD3A9C4C81,3,"['Castelvecchio', 'Casa Giulietta']",Arena,"['Verona Tour', 'Museo Lapidario', 'Museo Radio', 'San Fermo', 'Sighseeing']",Santa Anastasia,strategy_nearest,False,0.003280162811279297,success
042CCE3A9C4C81,1,"['Arena', 'Casa Giulietta']",Torre Lamberti,"['Sighseeing', 'Centro Fotografia', 'Museo Conte', 'Palazzo della Ragione', 'AMO']",Palazzo della Ragione,strategy_nearest,True,0.003065824508666992,success
042D703A9C4C80,0,"['Torre Lamberti', 'Casa Giulietta']",Arena,"['Verona Tour', 'Museo Lapidario', 'Museo Radio', 'San Fermo', 'Sighseeing']",Castelvecchio,strategy_nearest,False,0.002137899398803711,success
042D783A9C4C80,1,['Arena'],Casa Giulietta,"['Centro Fotografia', 'Sighseeing', 'Torre Lamberti', 'Museo Conte', 'Museo Radio']",San Fermo,strategy_nearest,False,0.0031919479370117188,success
042D773A9C4C81,3,"['Arena', 'Casa Giulietta']",Santa Anastasia,"['AMO', 'Museo Conte', 'Palazzo della Ragione', 'Teatro Romano', 'Centro Fotografia']",Teatro Romano,strategy_nearest,True,0.0032749176025390625,success
042CFC3A9C4C80,3,"['Santa Anastasia', 'Duomo']",Castelvecchio,"['Museo Lapidario', 'Verona Tour', 'Arena', 'Museo Radio', 'San Zeno']",Casa Giulietta,strategy_nearest,False,0.002790212631225586,success
042D7D429C4C80,3,['Santa Anastasia'],Duomo,"['AMO', 'Museo Miniscalchi', 'Teatro Romano', 'Palazzo della Ragione', 'Museo Conte']",Arena,strategy_nearest,False,0.002766132354736328,success
042D7B4A9C4C80,1,"['Arena', 'Castelvecchio']",Casa Giulietta,"['Centro Fotografia', 'Sighseeing', 'Torre Lamberti', 'Museo Conte', 'Museo Radio']",Torre Lamberti,strategy_nearest,True,0.001367807388305664,success
042D7E429C4C81,3,['Arena'],Torre Lamberti,"['Sighseeing', 'Centro Fotografia', 'Museo Conte', 'Casa Giulietta', 'Palazzo della Ragione']",Santa Anastasia,strategy_nearest,False,0.0020999908447265625,success
042D853A9C4C81,0,['Arena'],Torre Lamberti,"['Sighseeing', 'Centro Fotografia', 'Museo Conte', 'Casa Giulietta', 'Palazzo della Ragione']",Casa Giulietta,strategy_nearest,True,0.0032639503479003906,success
042D8B429C4C80,1,['Arena'],Palazzo della Ragione,"['AMO', 'Museo Conte', 'Torre Lamberti', 'Centro Fotografia', 'Sighseeing']",Torre Lamberti,strategy_nearest,True,0.0012738704681396484,success
042D883A9C4C81,3,"['Duomo', 'Santa Anastasia']",Casa Giulietta,"['Centro Fotografia', 'Sighseeing', 'Torre Lamberti', 'Museo Conte', 'Museo Radio']",Arena,strategy_nearest,False,0.003216981887817383,success
042D89429C4C80,0,"['Arena', 'Casa Giulietta']",Torre Lamberti,"['Sighseeing', 'Centro Fotografia', 'Museo Conte', 'Palazzo della Ragione', 'AMO']",Tomba Giulietta,strategy_nearest,False,0.0025169849395751953,success
042D8C3A9C4C81,3,"['Arena', 'Casa Giulietta']",Castelvecchio,"['Museo Lapidario', 'Verona Tour', 'Museo Radio', 'San Zeno', 'Sighseeing']",Santa Anastasia,strategy_nearest,False,0.0033659934997558594,success
042D92429C4C80,0,['Arena'],Castelvecchio,"['Museo Lapidario', 'Verona Tour', 'Museo Radio', 'San Zeno', 'Sighseeing']",Duomo,strategy_nearest,False,0.002007007598876953,success
042DA472743381,1,"['Arena', 'Museo Lapidario', 'Casa Giulietta']",Torre Lamberti,"['Sighseeing', 'Centro Fotografia', 'Museo Conte', 'Palazzo della Ragione', 'AMO']",Palazzo della Ragione,strategy_nearest,True,0.003092050552368164,success
042D8C429C4C81,0,['Arena'],Casa Giulietta,"['Centro Fotografia', 'Sighseeing', 'Torre Lamberti', 'Museo Conte', 'Museo Radio']",Torre Lamberti,strategy_nearest,True,0.003409147262573242,success
042DA53A9C4C81,3,"['Arena', 'Castelvecchio']",Casa Giulietta,"['Centro Fotografia', 'Sighseeing', 'Torre Lamberti', 'Museo Conte', 'Museo Radio']",Santa Anastasia,strategy_nearest,False,0.0029850006103515625,success
042DA6429C4C80,0,['Castelvecchio'],Arena,"['Verona Tour', 'Museo Lapidario', 'Museo Radio', 'San Fermo', 'Casa Giulietta']",Casa Giulietta,strategy_nearest,True,0.002043008804321289,success
042DA672743380,3,"['Castelvecchio', 'Arena', 'Museo Lapidario']",San Zeno,"['Verona Tour', 'Museo Miniscalchi', 'Sighseeing', 'Museo Radio', 'Torre Lamberti']",Museo Storia,strategy_nearest,False,0.0025458335876464844,success
042DA572743381,1,"['Arena', 'Santa Anastasia', 'Teatro Romano', 'Casa Giulietta']",San Zeno,"['Castelvecchio', 'Verona Tour', 'Museo Lapidario', 'Museo Miniscalchi', 'Sighseeing']",Duomo,strategy_nearest,False,0.003414154052734375,success
042DA8429C4C80,3,['Arena'],Casa Giulietta,"['Centro Fotografia', 'Sighseeing', 'Torre Lamberti', 'Museo Conte', 'Museo Radio']",Santa Anastasia,strategy_nearest,False,0.003007173538208008,success
042DA93A9C4C81,1,"['Arena', 'Casa Giulietta']",Palazzo della Ragione,"['AMO', 'Museo Conte', 'Torre Lamberti', 'Centro Fotografia', 'Sighseeing']",Torre Lamberti,strategy_nearest,True,0.002772092819213867,success
042DA8429C4C81,0,['Arena'],Torre Lamberti,"['Sighseeing', 'Centro Fotografia', 'Museo Conte', 'Casa Giulietta', 'Palazzo della Ragione']",Casa Giulietta,strategy_nearest,True,0.002974987030029297,success
042DAA429C4C81,0,['Arena'],Casa Giulietta,"['Centro Fotografia', 'Sighseeing', 'Torre Lamberti', 'Museo Conte', 'Museo Radio']",Torre Lamberti,strategy_nearest,True,0.0027289390563964844,success
042DAD429C4C80,0,['Arena'],Casa Giulietta,"['Centro Fotografia', 'Sighseeing', 'Torre Lamberti', 'Museo Conte', 'Museo Radio']",San Zeno,strategy_nearest,False,0.0034830570220947266,success
042DB7429C4C80,3,"['Arena', 'Museo Lapidario', 'Castelvecchio', 'San Zeno']",San Fermo,"['Museo Storia', 'Museo Radio', 'Casa Giulietta', 'Centro Fotografia', 'Sighseeing']",Santa Anastasia,strategy_nearest,False,0.0027692317962646484,success
042DB8429C4C80,0,"['Arena', 'Torre Lamberti']",Casa Giulietta,"['Centro Fotografia', 'Sighseeing', 'Museo Conte', 'Museo Radio', 'Palazzo della Ragione']",Tomba Giulietta,strategy_nearest,False,0.0031919479370117188,success
042DC73A9C4C80,3,"['Arena', 'Torre Lamberti']",Santa Anastasia,"['AMO', 'Museo Conte', 'Palazzo della Ragione', 'Teatro Romano', 'Centro Fotografia']",Teatro Romano,strategy_nearest,True,0.0017368793487548828,success
042DC1429C4C81,3,"['Arena', 'Casa Giulietta', 'Torre Lamberti']",Santa Anastasia,"['AMO', 'Museo Conte', 'Palazzo della Ragione', 'Teatro Romano', 'Centro Fotografia']",Teatro Romano,strategy_nearest,True,0.0030510425567626953,success
042DC63A9C4C81,1,"['San Fermo', 'Santa Anastasia', 'Duomo', 'Teatro Romano']",Casa Giulietta,"['Centro Fotografia', 'Sighseeing', 'Torre Lamberti', 'Museo Conte', 'Museo Radio']",Castelvecchio,strategy_nearest,False,0.004260063171386719,success
042DC8429C4C81,0,['Casa Giulietta'],Torre Lamberti,"['Sighseeing', 'Centro Fotografia', 'Museo Conte', 'Palazzo della Ragione', 'AMO']",Arena,strategy_nearest,False,0.003021717071533203,success
042DCA3A9C4C81,1,"['Arena', 'Torre Lamberti', 'Palazzo della Ragione']",Santa Anastasia,"['AMO', 'Museo Conte', 'Teatro Romano', 'Centro Fotografia', 'Duomo']",Duomo,strategy_nearest,True,0.0027070045471191406,success
042DC9429C4C80,3,"['Casa Giulietta', 'Arena', 'Castelvecchio']",San Zeno,"['Verona Tour', 'Museo Lapidario', 'Museo Miniscalchi', 'Sighseeing', 'Museo Radio']",Torre Lamberti,strategy_nearest,False,0.002061128616333008,success
042DCD3A9C4C80,3,"['Casa Giulietta', 'Torre Lamberti', 'Santa Anastasia']",Duomo,"['AMO', 'Museo Miniscalchi', 'Teatro Romano', 'Palazzo della Ragione', 'Museo Conte']",Teatro Romano,strategy_nearest,True,0.0028562545776367188,success
042DE53A9C4C80,3,"['Casa Giulietta', 'Arena', 'Castelvecchio']",San Fermo,"['Museo Storia', 'Museo Radio', 'Centro Fotografia', 'Sighseeing', 'Torre Lamberti']",Museo Lapidario,strategy_nearest,False,0.003461122512817383,success
042DE73A9C4C80,0,['Arena'],Casa Giulietta,"['Centro Fotografia', 'Sighseeing', 'Torre Lamberti', 'Museo Conte', 'Museo Radio']",Santa Anastasia,strategy_nearest,False,0.002443075180053711,success
042DEE3A9C4C80,0,['Arena'],Casa Giulietta,"['Centro Fotografia', 'Sighseeing', 'Torre Lamberti', 'Museo Conte', 'Museo Radio']",Torre Lamberti,strategy_nearest,True,0.0025398731231689453,success
042DF73A9C4C80,3,"['Castelvecchio', 'Arena']",Santa Anastasia,"['AMO', 'Museo Conte', 'Palazzo della Ragione', 'Teatro Romano', 'Centro Fotografia']",Duomo,strategy_nearest,False,0.0027952194213867188,success
042E39429C4C80,3,['Arena'],Casa Giulietta,"['Centro Fotografia', 'Sighseeing', 'Torre Lamberti', 'Museo Conte', 'Museo Radio']",Torre Lamberti,strategy_nearest,True,0.004214048385620117,success
042E3F3A9C4C80,1,['Arena'],Casa Giulietta,"['Centro Fotografia', 'Sighseeing', 'Torre Lamberti', 'Museo Conte', 'Museo Radio']",Palazzo della Ragione,strategy_nearest,False,0.002432107925415039,success
042E66429C4C81,0,"['Casa Giulietta', 'Torre Lamberti']",Duomo,"['AMO', 'Museo Miniscalchi', 'Santa Anastasia', 'Teatro Romano', 'Palazzo della Ragione']",Arena,strategy_nearest,False,0.0030527114868164062,success
042E743A9C4C80,2,"['Casa Giulietta', 'Palazzo della Ragione']",Santa Anastasia,"['AMO', 'Museo Conte', 'Teatro Romano', 'Centro Fotografia', 'Duomo']",Duomo,strategy_nearest,True,0.003154754638671875,success
042E7A429C4C81,0,['Torre Lamberti'],Arena,"['Verona Tour', 'Museo Lapidario', 'Museo Radio', 'San Fermo', 'Casa Giulietta']",Teatro Romano,strategy_nearest,False,0.00257110595703125,success
042E763A9C4C81,1,"['Castelvecchio', 'Arena']",Casa Giulietta,"['Centro Fotografia', 'Sighseeing', 'Torre Lamberti', 'Museo Conte', 'Museo Radio']",Palazzo della Ragione,strategy_nearest,False,0.0027539730072021484,success
042E7C3A9C4C81,3,"['Teatro Romano', 'Duomo', 'Santa Anastasia']",Casa Giulietta,"['Centro Fotografia', 'Sighseeing', 'Torre Lamberti', 'Museo Conte', 'Museo Radio']",Arena,strategy_nearest,False,0.0030481815338134766,success
042E7F429C4C81,3,['Arena'],Casa Giulietta,"['Centro Fotografia', 'Sighseeing', 'Torre Lamberti', 'Museo Conte', 'Museo Radio']",Santa Anastasia,strategy_nearest,False,0.0026369094848632812,success
042E7C4A9C4C81,3,"['Arena', 'San Fermo']",Casa Giulietta,"['Centro Fotografia', 'Sighseeing', 'Torre Lamberti', 'Museo Conte', 'Museo Radio']",Santa Anastasia,strategy_nearest,False,0.0032529830932617188,success
042E813A9C4C80,0,['Arena'],Casa Giulietta,"['Centro Fotografia', 'Sighseeing', 'Torre Lamberti', 'Museo Conte', 'Museo Radio']",Teatro Romano,strategy_nearest,False,0.003251314163208008,success
042E7D429C4C80,1,"['Castelvecchio', 'Arena', 'Casa Giulietta']",Torre Lamberti,"['Sighseeing', 'Centro Fotografia', 'Museo Conte', 'Palazzo della Ragione', 'AMO']",Palazzo della Ragione,strategy_nearest,True,0.0033867359161376953,success
042E8A3A9C4C81,0,"['Arena', 'Castelvecchio']",Torre Lamberti,"['Sighseeing', 'Centro Fotografia', 'Museo Conte', 'Casa Giulietta', 'Palazzo della Ragione']",Casa Giulietta,strategy_nearest,True,0.0027320384979248047,success
042E833A9C4C80,0,['Arena'],Castelvecchio,"['Museo Lapidario', 'Verona Tour', 'Museo Radio', 'San Zeno', 'Sighseeing']",Casa Giulietta,strategy_nearest,False,0.0013780593872070312,success
042E8A429C4C81,0,['Arena'],Casa Giulietta,"['Centro Fotografia', 'Sighseeing', 'Torre Lamberti', 'Museo Conte', 'Museo Radio']",Torre Lamberti,strategy_nearest,True,0.0029478073120117188,success
042E823A9C4C80,1,"['Casa Giulietta', 'Palazzo della Ragione', 'Torre Lamberti']",Duomo,"['AMO', 'Museo Miniscalchi', 'Santa Anastasia', 'Teatro Romano', 'Museo Conte']",Teatro Romano,strategy_nearest,True,0.003422975540161133,success
042E8D4A9C4C81,1,['Arena'],Palazzo della Ragione,"['AMO', 'Museo Conte', 'Torre Lamberti', 'Centro Fotografia', 'Sighseeing']",Casa Giulietta,strategy_nearest,False,0.0024368762969970703,success
042E8D429C4C80,0,['Arena'],Castelvecchio,"['Museo Lapidario', 'Verona Tour', 'Museo Radio', 'San Zeno', 'Sighseeing']",Casa Giulietta,strategy_nearest,False,0.0018658638000488281,success
042E8E4A9C4C80,1,"['Arena', 'Casa Giulietta']",Palazzo della Ragione,"['AMO', 'Museo Conte', 'Torre Lamberti', 'Centro Fotografia', 'Sighseeing']",Torre Lamberti,strategy_nearest,True,0.002741098403930664,success
042E9A4A9C4C81,0,['Arena'],Castelvecchio,"['Museo Lapidario', 'Verona Tour', 'Museo Radio', 'San Zeno', 'Sighseeing']",Torre Lamberti,strategy_nearest,False,0.0032808780670166016,success
042E9F4A9C4C80,3,"['Arena', 'Casa Giulietta']",Santa Anastasia,"['AMO', 'Museo Conte', 'Palazzo della Ragione', 'Teatro Romano', 'Centro Fotografia']",Duomo,strategy_nearest,False,0.0024483203887939453,success
042EA5429C4C80,3,"['San Zeno', 'Arena', 'Casa Giulietta']",Torre Lamberti,"['Sighseeing', 'Centro Fotografia', 'Museo Conte', 'Palazzo della Ragione', 'AMO']",Santa Anastasia,strategy_nearest,False,0.002723217010498047,success
042EA7429C4C81,0,['Arena'],Casa Giulietta,"['Centro Fotografia', 'Sighseeing', 'Torre Lamberti', 'Museo Conte', 'Museo Radio']",Torre Lamberti,strategy_nearest,True,0.0030498504638671875,success
042EA572743380,0,['Teatro Romano'],Casa Giulietta,"['Centro Fotografia', 'Sighseeing', 'Torre Lamberti', 'Museo Conte', 'Museo Radio']",Arena,strategy_nearest,False,0.0026738643646240234,success
042EA14A9C4C81,3,"['Casa Giulietta', 'Castelvecchio']",Arena,"['Verona Tour', 'Museo Lapidario', 'Museo Radio', 'San Fermo', 'Sighseeing']",Santa Anastasia,strategy_nearest,False,0.0048370361328125,success
042EA772743380,1,"['San Fermo', 'Arena', 'Castelvecchio']",Casa Giulietta,"['Centro Fotografia', 'Sighseeing', 'Torre Lamberti', 'Museo Conte', 'Museo Radio']",Torre Lamberti,strategy_nearest,True,0.0021398067474365234,success
042EA83A9C4C80,1,"['Arena', 'Casa Giulietta']",Palazzo della Ragione,"['AMO', 'Museo Conte', 'Torre Lamberti', 'Centro Fotografia', 'Sighseeing']",Torre Lamberti,strategy_nearest,True,0.0028290748596191406,success
042EA9429C4C81,0,['Arena'],San Fermo,"['Museo Storia', 'Museo Radio', 'Casa Giulietta', 'Centro Fotografia', 'Sighseeing']",Casa Giulietta,strategy_nearest,True,0.00131988525390625,success
042EAD429C4C80,3,"['Arena', 'Torre Lamberti']",Casa Giulietta,"['Centro Fotografia', 'Sighseeing', 'Museo Conte', 'Museo Radio', 'Palazzo della Ragione']",Santa Anastasia,strategy_nearest,False,0.0034551620483398438,success
042EB7429C4C80,2,"['Casa Giulietta', 'Palazzo della Ragione']",Torre Lamberti,"['Sighseeing', 'Centro Fotografia', 'Museo Conte', 'AMO', 'Museo Miniscalchi']",Teatro Romano,strategy_nearest,False,0.0024728775024414062,success
042EAD429C4C81,0,['Casa Giulietta'],Museo Storia,"['San Fermo', 'Museo Radio', 'Centro Fotografia', 'Tomba Giulietta', 'Arena']",Tomba Giulietta,strategy_nearest,True,0.002466917037963867,success
042EB8429C4C80,0,['Arena'],Casa Giulietta,"['Centro Fotografia', 'Sighseeing', 'Torre Lamberti', 'Museo Conte', 'Museo Radio']",Torre Lamberti,strategy_nearest,True,0.002765178680419922,success
042EB9429C4C80,0,['Castelvecchio'],Arena,"['Verona Tour', 'Museo Lapidario', 'Museo Radio', 'San Fermo', 'Casa Giulietta']",Casa Giulietta,strategy_nearest,True,0.002511262893676758,success
042ECA3A9C4C81,3,"['Arena', 'Casa Giulietta', 'Castelvecchio']",San Zeno,"['Verona Tour', 'Museo Lapidario', 'Museo Miniscalchi', 'Sighseeing', 'Museo Radio']",Torre Lamberti,strategy_nearest,False,0.0033049583435058594,success
042EC4429C4C81,3,"['Castelvecchio', 'Teatro Romano']",Santa Anastasia,"['AMO', 'Museo Conte', 'Palazzo della Ragione', 'Centro Fotografia', 'Duomo']",Torre Lamberti,strategy_nearest,False,0.002814054489135742,success
042EC1429C4C81,2,"['Castelvecchio', 'San Zeno']",Santa Anastasia,"['AMO', 'Museo Conte', 'Palazzo della Ragione', 'Teatro Romano', 'Centro Fotografia']",Duomo,strategy_nearest,False,0.002805948257446289,success
042EEA3A9C4C80,0,['Casa Giulietta'],Arena,"['Verona Tour', 'Museo Lapidario', 'Museo Radio', 'San Fermo', 'Sighseeing']",Duomo,strategy_nearest,False,0.0026311874389648438,success
042EEC3A9C4C80,0,['Arena'],Casa Giulietta,"['Centro Fotografia', 'Sighseeing', 'Torre Lamberti', 'Museo Conte', 'Museo Radio']",Torre Lamberti,strategy_nearest,True,0.0021691322326660156,success
042EF53A9C4C80,3,['Torre Lamberti'],Santa Anastasia,"['AMO', 'Museo Conte', 'Palazzo della Ragione', 'Teatro Romano', 'Centro Fotografia']",San Zeno,strategy_nearest,False,0.002779722213745117,success
042EFE3A9C4C80,3,"['Santa Anastasia', 'Torre Lamberti', 'Arena']",Casa Giulietta,"['Centro Fotografia', 'Sighseeing', 'Museo Conte', 'Museo Radio', 'Palazzo della Ragione']",Castelvecchio,strategy_nearest,False,0.003242015838623047,success
042EFA3A9C4C80,0,['Arena'],Tomba Giulietta,"['San Fermo', 'Museo Storia', 'Museo Lapidario', 'Museo Radio', 'Verona Tour']",Casa Giulietta,strategy_nearest,False,0.0013360977172851562,success
042F013A9C4C84,3,['Teatro Romano'],Santa Anastasia,"['AMO', 'Museo Conte', 'Palazzo della Ragione', 'Centro Fotografia', 'Duomo']",Torre Lamberti,strategy_nearest,False,0.002335786819458008,success
042F3D3A9C4C80,1,"['Torre Lamberti', 'Palazzo della Ragione']",Casa Giulietta,"['Centro Fotografia', 'Sighseeing', 'Museo Conte', 'Museo Radio', 'San Fermo']",Arena,strategy_nearest,False,0.0025877952575683594,success
042F39429C4C80,1,"['Casa Giulietta', 'Torre Lamberti', 'Palazzo della Ragione']",Teatro Romano,"['Santa Anastasia', 'Duomo', 'AMO', 'Museo Conte', 'Centro Fotografia']",Arena,strategy_nearest,False,0.0018658638000488281,success
042F3F3A9C4C80,1,"['Arena', 'Palazzo della Ragione', 'Torre Lamberti']",Casa Giulietta,"['Centro Fotografia', 'Sighseeing', 'Museo Conte', 'Museo Radio', 'San Fermo']",Santa Anastasia,strategy_nearest,False,0.0023469924926757812,success
042F60BA7B3F80,0,['Casa Giulietta'],Arena,"['Verona Tour', 'Museo Lapidario', 'Museo Radio', 'San Fermo', 'Sighseeing']",Torre Lamberti,strategy_nearest,False,0.0034258365631103516,success
042F67429C4C80,3,"['Arena', 'Tomba Giulietta']",San Fermo,"['Museo Storia', 'Museo Radio', 'Casa Giulietta', 'Centro Fotografia', 'Sighseeing']",Santa Anastasia,strategy_nearest,False,0.002537965774536133,success
042F68429C4C81,0,['Arena'],Casa Giulietta,"['Centro Fotografia', 'Sighseeing', 'Torre Lamberti', 'Museo Conte', 'Museo Radio']",Teatro Romano,strategy_nearest,False,0.0025529861450195312,success
042F763A9C4C81,0,"['Tomba Giulietta', 'Arena']",Casa Giulietta,"['Centro Fotografia', 'Sighseeing', 'Torre Lamberti', 'Museo Conte', 'Museo Radio']",Torre Lamberti,strategy_nearest,True,0.002742767333984375,success
042F7A3A9C4C80,1,"['Arena', 'Casa Giulietta', 'Casa Giulietta']",San Fermo,"['Museo Storia', 'Museo Radio', 'Centro Fotografia', 'Sighseeing', 'Torre Lamberti']",Palazzo della Ragione,strategy_nearest,False,0.0024759769439697266,success
042F753A9C4C81,3,['Arena'],Casa Giulietta,"['Centro Fotografia', 'Sighseeing', 'Torre Lamberti', 'Museo Conte', 'Museo Radio']",Santa Anastasia,strategy_nearest,False,0.0033071041107177734,success
042F79429C4C81,1,"['Arena', 'Torre Lamberti']",Palazzo della Ragione,"['AMO', 'Museo Conte', 'Centro Fotografia', 'Sighseeing', 'Santa Anastasia']",Castelvecchio,strategy_nearest,False,0.0031108856201171875,success
042F7D3A9C4C80,0,['Casa Giulietta'],Torre Lamberti,"['Sighseeing', 'Centro Fotografia', 'Museo Conte', 'Palazzo della Ragione', 'AMO']",Arena,strategy_nearest,False,0.001959085464477539,success
042F7C3A9C4C81,3,"['Arena', 'Museo Lapidario', 'Casa Giulietta']",Torre Lamberti,"['Sighseeing', 'Centro Fotografia', 'Museo Conte', 'Palazzo della Ragione', 'AMO']",Santa Anastasia,strategy_nearest,False,0.0014231204986572266,success
042F80429C4C80,0,"['Arena', 'Casa Giulietta', 'Giardino Giusti']",Teatro Romano,"['Santa Anastasia', 'Duomo', 'AMO', 'Palazzo della Ragione', 'Museo Conte']",Museo Storia,strategy_nearest,False,0.0028519630432128906,success
042F843A9C4C80,3,"['Arena', 'Casa Giulietta']",Santa Anastasia,"['AMO', 'Museo Conte', 'Palazzo della Ragione', 'Teatro Romano', 'Centro Fotografia']",Duomo,strategy_nearest,False,0.0035080909729003906,success
042F893A9C4C80,1,"['Castelvecchio', 'Arena', 'Torre Lamberti']",Palazzo della Ragione,"['AMO', 'Museo Conte', 'Centro Fotografia', 'Sighseeing', 'Santa Anastasia']",Duomo,strategy_nearest,False,0.002277851104736328,success
042F8E429C4C81,3,"['Arena', 'Casa Giulietta']",Torre Lamberti,"['Sighseeing', 'Centro Fotografia', 'Museo Conte', 'Palazzo della Ragione', 'AMO']",Santa Anastasia,strategy_nearest,False,0.003312826156616211,success
042FA2429C4C81,1,"['Torre Lamberti', 'Palazzo della Ragione']",Duomo,"['AMO', 'Museo Miniscalchi', 'Santa Anastasia', 'Teatro Romano', 'Museo Conte']",Casa Giulietta,strategy_nearest,False,0.002524852752685547,success
042FA472743381,1,"['Arena', 'Casa Giulietta', 'Torre Lamberti']",Palazzo della Ragione,"['AMO', 'Museo Conte', 'Centro Fotografia', 'Sighseeing', 'Santa Anastasia']",Teatro Romano,strategy_nearest,False,0.002444028854370117,success
042FA73A9C4C81,0,['Arena'],Casa Giulietta,"['Centro Fotografia', 'Sighseeing', 'Torre Lamberti', 'Museo Conte', 'Museo Radio']",Torre Lamberti,strategy_nearest,True,0.0033850669860839844,success
042FA772743381,1,"['Arena', 'Museo Lapidario', 'San Fermo', 'Palazzo della Ragione', 'Torre Lamberti']",Santa Anastasia,"['AMO', 'Museo Conte', 'Teatro Romano', 'Centro Fotografia', 'Duomo']",Casa Giulietta,strategy_nearest,False,0.00311279296875,success
042FA872743380,3,"['Castelvecchio', 'Arena']",Casa Giulietta,"['Centro Fotografia', 'Sighseeing', 'Torre Lamberti', 'Museo Conte', 'Museo Radio']",Torre Lamberti,strategy_nearest,True,0.0031349658966064453,success
042FAD429C4C80,1,"['Arena', 'Palazzo della Ragione']",Torre Lamberti,"['Sighseeing', 'Centro Fotografia', 'Museo Conte', 'Casa Giulietta', 'AMO']",Santa Anastasia,strategy_nearest,False,0.0031309127807617188,success
042FAB429C4C81,0,['Arena'],Tomba Giulietta,"['San Fermo', 'Museo Storia', 'Museo Lapidario', 'Museo Radio', 'Verona Tour']",Casa Giulietta,strategy_nearest,False,0.003381967544555664,success
042FB43A9C4C81,1,"['Arena', 'Museo Lapidario', 'Torre Lamberti', 'Palazzo della Ragione']",Casa Giulietta,"['Centro Fotografia', 'Sighseeing', 'Museo Conte', 'Museo Radio', 'San Fermo']",Duomo,strategy_nearest,False,0.003314971923828125,success
042FAE3A9C4C81,3,"['Arena', 'Museo Lapidario', 'Casa Giulietta']",Santa Anastasia,"['AMO', 'Museo Conte', 'Palazzo della Ragione', 'Teatro Romano', 'Centro Fotografia']",Duomo,strategy_nearest,False,0.0030241012573242188,success
042FBF429C4C81,0,['Arena'],Torre Lamberti,"['Sighseeing', 'Centro Fotografia', 'Museo Conte', 'Casa Giulietta', 'Palazzo della Ragione']",Duomo,strategy_nearest,False,0.0018191337585449219,success
042FC5429C4C80,1,"['Casa Giulietta', 'Palazzo della Ragione']",Torre Lamberti,"['Sighseeing', 'Centro Fotografia', 'Museo Conte', 'AMO', 'Museo Miniscalchi']",Arena,strategy_nearest,False,0.0025200843811035156,success
042FC2429C4C81,0,"['Arena', 'Casa Giulietta']",Teatro Romano,"['Santa Anastasia', 'Duomo', 'AMO', 'Palazzo della Ragione', 'Museo Conte']",Duomo,strategy_nearest,True,0.0026209354400634766,success
042FF33A9C4C80,2,['Santa Anastasia'],Duomo,"['AMO', 'Museo Miniscalchi', 'Teatro Romano', 'Palazzo della Ragione', 'Museo Conte']",Torre Lamberti,strategy_nearest,False,0.0025298595428466797,success
042FEC3A9C4C80,0,['Arena'],Casa Giulietta,"['Centro Fotografia', 'Sighseeing', 'Torre Lamberti', 'Museo Conte', 'Museo Radio']",Torre Lamberti,strategy_nearest,True,0.004036903381347656,success
043035429C4C80,3,['Arena'],Santa Anastasia,"['AMO', 'Museo Conte', 'Palazzo della Ragione', 'Teatro Romano', 'Centro Fotografia']",Duomo,strategy_nearest,False,0.0027811527252197266,success
043039429C4C80,0,"['Arena', 'Museo Lapidario']",Casa Giulietta,"['Centro Fotografia', 'Sighseeing', 'Torre Lamberti', 'Museo Conte', 'Museo Radio']",Torre Lamberti,strategy_nearest,True,0.0033559799194335938,success
043060429C4C80,0,['Arena'],Casa Giulietta,"['Centro Fotografia', 'Sighseeing', 'Torre Lamberti', 'Museo Conte', 'Museo Radio']",Torre Lamberti,strategy_nearest,True,0.003194093704223633,success
0430783A9C4C80,0,['Arena'],Casa Giulietta,"['Centro Fotografia', 'Sighseeing', 'Torre Lamberti', 'Museo Conte', 'Museo Radio']",Castelvecchio,strategy_nearest,False,0.002989053726196289,success
043063429C4C80,1,"['Arena', 'Casa Giulietta', 'Teatro Romano']",Santa Anastasia,"['AMO', 'Museo Conte', 'Palazzo della Ragione', 'Centro Fotografia', 'Duomo']",Castelvecchio,strategy_nearest,False,0.00327301025390625,success
04307C4A9C4C81,3,"['Arena', 'Castelvecchio']",Casa Giulietta,"['Centro Fotografia', 'Sighseeing', 'Torre Lamberti', 'Museo Conte', 'Museo Radio']",Santa Anastasia,strategy_nearest,False,0.002961874008178711,success
04307F429C4C81,1,"['Arena', 'Casa Giulietta']",San Fermo,"['Museo Storia', 'Museo Radio', 'Centro Fotografia', 'Sighseeing', 'Torre Lamberti']",Torre Lamberti,strategy_nearest,True,0.002692699432373047,success
0430803A9C4C81,3,['Arena'],Castelvecchio,"['Museo Lapidario', 'Verona Tour', 'Museo Radio', 'San Zeno', 'Sighseeing']",San Zeno,strategy_nearest,True,0.002546072006225586,success
0430813A9C4C81,3,"['Arena', 'Casa Giulietta']",Torre Lamberti,"['Sighseeing', 'Centro Fotografia', 'Museo Conte', 'Palazzo della Ragione', 'AMO']",Teatro Romano,strategy_nearest,False,0.003412961959838867,success
0430823A9C4C81,1,['Arena'],Palazzo della Ragione,"['AMO', 'Museo Conte', 'Torre Lamberti', 'Centro Fotografia', 'Sighseeing']",Torre Lamberti,strategy_nearest,True,0.0021686553955078125,success
0430814A9C4C81,0,"['Arena', 'Casa Giulietta']",San Fermo,"['Museo Storia', 'Museo Radio', 'Centro Fotografia', 'Sighseeing', 'Torre Lamberti']",Giardino Giusti,strategy_nearest,False,0.003256082534790039,success
043082429C4C80,0,['Arena'],Casa Giulietta,"['Centro Fotografia', 'Sighseeing', 'Torre Lamberti', 'Museo Conte', 'Museo Radio']",Torre Lamberti,strategy_nearest,True,0.0034449100494384766,success
0430863A9C4C81,1,['Arena'],Palazzo della Ragione,"['AMO', 'Museo Conte', 'Torre Lamberti', 'Centro Fotografia', 'Sighseeing']",Casa Giulietta,strategy_nearest,False,0.0028002262115478516,success
043089429C4C80,3,['Arena'],Casa Giulietta,"['Centro Fotografia', 'Sighseeing', 'Torre Lamberti', 'Museo Conte', 'Museo Radio']",Torre Lamberti,strategy_nearest,True,0.0031049251556396484,success
0430893A9C4C80,0,['Arena'],Casa Giulietta,"['Centro Fotografia', 'Sighseeing', 'Torre Lamberti', 'Museo Conte', 'Museo Radio']",Teatro Romano,strategy_nearest,False,0.0031270980834960938,success
04308D3A9C4C80,1,"['Arena', 'San Fermo', 'Casa Giulietta', 'Torre Lamberti']",Palazzo della Ragione,"['AMO', 'Museo Conte', 'Centro Fotografia', 'Sighseeing', 'Santa Anastasia']",Santa Anastasia,strategy_nearest,True,0.0019540786743164062,success
04308C3A9C4C81,1,['Torre Lamberti'],Palazzo della Ragione,"['AMO', 'Museo Conte', 'Centro Fotografia', 'Sighseeing', 'Santa Anastasia']",Arena,strategy_nearest,False,0.0037658214569091797,success
04308E4A9C4C80,3,['Arena'],Torre Lamberti,"['Sighseeing', 'Centro Fotografia', 'Museo Conte', 'Casa Giulietta', 'Palazzo della Ragione']",Santa Anastasia,strategy_nearest,False,0.002686023712158203,success
0430A472743380,1,"['Arena', 'Teatro Romano', 'Duomo', 'Santa Anastasia']",Casa Giulietta,"['Centro Fotografia', 'Sighseeing', 'Torre Lamberti', 'Museo Conte', 'Museo Radio']",Castelvecchio,strategy_nearest,False,0.0022890567779541016,success
0430984A9C4C80,3,"['Museo Lapidario', 'Tomba Giulietta', 'Museo Storia', 'Teatro Romano']",Santa Anastasia,"['AMO', 'Museo Conte', 'Palazzo della Ragione', 'Centro Fotografia', 'Duomo']",Torre Lamberti,strategy_nearest,False,0.0033049583435058594,success
0430A472743381,1,"['Arena', 'Casa Giulietta']",Duomo,"['AMO', 'Museo Miniscalchi', 'Santa Anastasia', 'Teatro Romano', 'Palazzo della Ragione']",Castelvecchio,strategy_nearest,False,0.0026171207427978516,success
0430A54A9C4C80,2,['Casa Giulietta'],Torre Lamberti,"['Sighseeing', 'Centro Fotografia', 'Museo Conte', 'Palazzo della Ragione', 'AMO']",Santa Anastasia,strategy_nearest,False,0.0031080245971679688,success
0430A572743381,1,"['Arena', 'Santa Anastasia', 'Teatro Romano', 'Castelvecchio']",Giardino Giusti,"['Museo Conte', 'Centro Fotografia', 'Museo Storia', 'AMO', 'Casa Giulietta']",Casa Giulietta,strategy_nearest,True,0.0024878978729248047,success
0430A83A9C4C80,0,"['Arena', 'Casa Giulietta']",Torre Lamberti,"['Sighseeing', 'Centro Fotografia', 'Museo Conte', 'Palazzo della Ragione', 'AMO']",Castelvecchio,strategy_nearest,False,0.0031099319458007812,success
0430AD3A9C4C81,2,['Castelvecchio'],Casa Giulietta,"['Centro Fotografia', 'Sighseeing', 'Torre Lamberti', 'Museo Conte', 'Museo Radio']",Teatro Romano,strategy_nearest,False,0.0026078224182128906,success
0430B13A9C4C80,0,['Arena'],San Zeno,"['Castelvecchio', 'Verona Tour', 'Museo Lapidario', 'Museo Miniscalchi', 'Sighseeing']",Castelvecchio,strategy_nearest,True,0.0020792484283447266,success
0430AF429C4C80,0,['Arena'],Duomo,"['AMO', 'Museo Miniscalchi', 'Santa Anastasia', 'Teatro Romano', 'Palazzo della Ragione']",Torre Lamberti,strategy_nearest,False,0.00363922119140625,success
0430BA3A9C4C81,1,"['Arena', 'Casa Giulietta']",Torre Lamberti,"['Sighseeing', 'Centro Fotografia', 'Museo Conte', 'Palazzo della Ragione', 'AMO']",Palazzo della Ragione,strategy_nearest,True,0.003323078155517578,success
0430C2429C4C81,3,['Arena'],Torre Lamberti,"['Sighseeing', 'Centro Fotografia', 'Museo Conte', 'Casa Giulietta', 'Palazzo della Ragione']",Santa Anastasia,strategy_nearest,False,0.0034110546112060547,success
0430F13A9C4C80,1,"['Arena', 'Casa Giulietta', 'Torre Lamberti']",Palazzo della Ragione,"['AMO', 'Museo Conte', 'Centro Fotografia', 'Sighseeing', 'Santa Anastasia']",Castelvecchio,strategy_nearest,False,0.0026209354400634766,success
0430F73A9C4C80,0,"['Arena', 'Casa Giulietta']",Torre Lamberti,"['Sighseeing', 'Centro Fotografia', 'Museo Conte', 'Palazzo della Ragione', 'AMO']",San Fermo,strategy_nearest,False,0.0029799938201904297,success
0430C23A9C4C80,1,"['Castelvecchio', 'Arena']",Torre Lamberti,"['Sighseeing', 'Centro Fotografia', 'Museo Conte', 'Casa Giulietta', 'Palazzo della Ragione']",Palazzo della Ragione,strategy_nearest,True,0.0031359195709228516,success
0431363A9C4C80,1,['Torre Lamberti'],Palazzo della Ragione,"['AMO', 'Museo Conte', 'Centro Fotografia', 'Sighseeing', 'Santa Anastasia']",Casa Giulietta,strategy_nearest,False,0.002095937728881836,success
0430FB3A9C4C80,2,['Casa Giulietta'],Teatro Romano,"['Santa Anastasia', 'Duomo', 'AMO', 'Palazzo della Ragione', 'Museo Conte']",Duomo,strategy_nearest,True,0.003393888473510742,success
043170429C4C81,1,"['Arena', 'Museo Lapidario']",Castelvecchio,"['Verona Tour', 'Museo Radio', 'San Zeno', 'Sighseeing', 'Museo Miniscalchi']",Torre Lamberti,strategy_nearest,False,0.0021429061889648438,success
0431743A9C4C81,1,"['Arena', 'Palazzo della Ragione']",Torre Lamberti,"['Sighseeing', 'Centro Fotografia', 'Museo Conte', 'Casa Giulietta', 'AMO']",Duomo,strategy_nearest,False,0.003297090530395508,success
0431794A9C4C80,1,"['Torre Lamberti', 'Palazzo della Ragione']",Castelvecchio,"['Museo Lapidario', 'Verona Tour', 'Arena', 'Museo Radio', 'San Zeno']",Arena,strategy_nearest,True,0.002374887466430664,success
043179429C4C81,2,['Torre Lamberti'],San Fermo,"['Museo Storia', 'Museo Radio', 'Casa Giulietta', 'Centro Fotografia', 'Arena']",Castelvecchio,strategy_nearest,False,0.0016908645629882812,success
0431794A9C4C81,1,"['Torre Lamberti', 'Palazzo della Ragione']",Casa Giulietta,"['Centro Fotografia', 'Sighseeing', 'Museo Conte', 'Museo Radio', 'San Fermo']",Arena,strategy_nearest,False,0.0029592514038085938,success
04317B429C4C80,0,['Arena'],Castelvecchio,"['Museo Lapidario', 'Verona Tour', 'Museo Radio', 'San Zeno', 'Sighseeing']",Torre Lamberti,strategy_nearest,False,0.0027298927307128906,success
04317F3A9C4C81,0,"['San Fermo', 'Torre Lamberti']",Casa Giulietta,"['Centro Fotografia', 'Sighseeing', 'Museo Conte', 'Museo Radio', 'Palazzo della Ragione']",Castelvecchio,strategy_nearest,False,0.002148866653442383,success
0431824A9C4C81,1,"['Santa Anastasia', 'Duomo', 'Casa Giulietta']",Arena,"['Verona Tour', 'Museo Lapidario', 'Museo Radio', 'San Fermo', 'Sighseeing']",Torre Lamberti,strategy_nearest,False,0.003462076187133789,success
043184429C4C80,1,"['Arena', 'Casa Giulietta', 'Torre Lamberti']",Palazzo della Ragione,"['AMO', 'Museo Conte', 'Centro Fotografia', 'Sighseeing', 'Santa Anastasia']",Duomo,strategy_nearest,False,0.002560853958129883,success
043185429C4C81,0,['Arena'],Casa Giulietta,"['Centro Fotografia', 'Sighseeing', 'Torre Lamberti', 'Museo Conte', 'Museo Radio']",Santa Anastasia,strategy_nearest,False,0.002997875213623047,success
0431853A9C4C80,1,"['Arena', 'Casa Giulietta', 'Torre Lamberti']",Palazzo della Ragione,"['AMO', 'Museo Conte', 'Centro Fotografia', 'Sighseeing', 'Santa Anastasia']",Santa Anastasia,strategy_nearest,True,0.002415895462036133,success
043188429C4C80,3,"['Teatro Romano', 'Duomo']",Tomba Giulietta,"['San Fermo', 'Museo Storia', 'Arena', 'Museo Lapidario', 'Museo Radio']",Casa Giulietta,strategy_nearest,False,0.003340005874633789,success
043187429C4C81,1,"['Arena', 'Castelvecchio', 'Casa Giulietta']",Torre Lamberti,"['Sighseeing', 'Centro Fotografia', 'Museo Conte', 'Palazzo della Ragione', 'AMO']",Palazzo della Ragione,strategy_nearest,True,0.002521038055419922,success
04318D429C4C80,0,['Arena'],Casa Giulietta,"['Centro Fotografia', 'Sighseeing', 'Torre Lamberti', 'Museo Conte', 'Museo Radio']",San Fermo,strategy_nearest,False,0.002582073211669922,success
04318C4A9C4C81,3,['Arena'],Torre Lamberti,"['Sighseeing', 'Centro Fotografia', 'Museo Conte', 'Casa Giulietta', 'Palazzo della Ragione']",Santa Anastasia,strategy_nearest,False,0.003534078598022461,success
0431A572743380,1,"['Teatro Romano', 'Arena', 'Museo Lapidario']",Castelvecchio,"['Verona Tour', 'Museo Radio', 'San Zeno', 'Sighseeing', 'Museo Miniscalchi']",Casa Giulietta,strategy_nearest,False,0.002293109893798828,success
0431A04A9C4C80,0,['Casa Giulietta'],Arena,"['Verona Tour', 'Museo Lapidario', 'Museo Radio', 'San Fermo', 'Sighseeing']",Torre Lamberti,strategy_nearest,False,0.003030061721801758,success
0431A572743381,2,"['Castelvecchio', 'Santa Anastasia']",Torre Lamberti,"['Sighseeing', 'Centro Fotografia', 'Museo Conte', 'Casa Giulietta', 'Palazzo della Ragione']",Palazzo della Ragione,strategy_nearest,True,0.002727031707763672,success
0431A9429C4C80,3,['Casa Giulietta'],Torre Lamberti,"['Sighseeing', 'Centro Fotografia', 'Museo Conte', 'Palazzo della Ragione', 'AMO']",Santa Anastasia,strategy_nearest,False,0.002705812454223633,success
0431A672743381,3,"['San Zeno', 'Duomo', 'Casa Giulietta']",Castelvecchio,"['Museo Lapidario', 'Verona Tour', 'Arena', 'Museo Radio', 'Sighseeing']",Arena,strategy_nearest,True,0.00400090217590332,success
0431BA429C4C80,0,['Tomba Giulietta'],Arena,"['Verona Tour', 'Museo Lapidario', 'Museo Radio', 'San Fermo', 'Casa Giulietta']",Casa Giulietta,strategy_nearest,True,0.003214120864868164,success
0431B93A9C4C80,3,"['Castelvecchio', 'Casa Giulietta']",Santa Anastasia,"['AMO', 'Museo Conte', 'Palazzo della Ragione', 'Teatro Romano', 'Centro Fotografia']",Duomo,strategy_nearest,False,0.0032579898834228516,success
0431AB3A9C4C81,0,"['Arena', 'Casa Giulietta']",Duomo,"['AMO', 'Museo Miniscalchi', 'Santa Anastasia', 'Teatro Romano', 'Palazzo della Ragione']",Teatro Romano,strategy_nearest,True,0.0032820701599121094,success
0431BA3A9C4C81,2,['Casa Giulietta'],Torre Lamberti,"['Sighseeing', 'Centro Fotografia', 'Museo Conte', 'Palazzo della Ragione', 'AMO']",Palazzo della Ragione,strategy_nearest,True,0.002622842788696289,success
0431BA429C4C81,3,"['Castelvecchio', 'Duomo']",Torre Lamberti,"['Sighseeing', 'Centro Fotografia', 'Museo Conte', 'Casa Giulietta', 'Palazzo della Ragione']",Arena,strategy_nearest,False,0.0013282299041748047,success
0431BC429C4C80,3,"['Arena', 'Museo Lapidario']",Casa Giulietta,"['Centro Fotografia', 'Sighseeing', 'Torre Lamberti', 'Museo Conte', 'Museo Radio']",Santa Anastasia,strategy_nearest,False,0.001978158950805664,success
0431BC429C4C81,1,"['Arena', 'Casa Giulietta', 'Torre Lamberti']",Palazzo della Ragione,"['AMO', 'Museo Conte', 'Centro Fotografia', 'Sighseeing', 'Santa Anastasia']",Santa Anastasia,strategy_nearest,True,0.002578258514404297,success
0431C0429C4C80,2,['Castelvecchio'],Palazzo della Ragione,"['AMO', 'Museo Conte', 'Torre Lamberti', 'Centro Fotografia', 'Sighseeing']",Casa Giulietta,strategy_nearest,False,0.0035910606384277344,success
0431C3429C4C81,3,"['Casa Giulietta', 'Torre Lamberti']",Castelvecchio,"['Museo Lapidario', 'Verona Tour', 'Arena', 'Museo Radio', 'San Zeno']",Arena,strategy_nearest,True,0.0031480789184570312,success
0431C2429C4C81,1,['Arena'],Duomo,"['AMO', 'Museo Miniscalchi', 'Santa Anastasia', 'Teatro Romano', 'Palazzo della Ragione']",Casa Giulietta,strategy_nearest,False,0.002607107162475586,success
0431C43A9C4C81,0,['Arena'],Arena,"['Verona Tour', 'Museo Lapidario', 'Museo Radio', 'San Fermo', 'Casa Giulietta']",Teatro Romano,strategy_nearest,False,0.0034580230712890625,success
0431C5429C4C81,0,['Torre Lamberti'],Casa Giulietta,"['Centro Fotografia', 'Sighseeing', 'Museo Conte', 'Museo Radio', 'Palazzo della Ragione']",Arena,strategy_nearest,False,0.0018851757049560547,success
0431C4429C4C80,2,"['Castelvecchio', 'Teatro Romano']",Duomo,"['AMO', 'Museo Miniscalchi', 'Santa Anastasia', 'Palazzo della Ragione', 'Museo Conte']",Casa Giulietta,strategy_nearest,False,0.003422975540161133,success
0431CE3A9C4C80,1,"['Arena', 'Casa Giulietta']",Santa Anastasia,"['AMO', 'Museo Conte', 'Palazzo della Ragione', 'Teatro Romano', 'Centro Fotografia']",Duomo,strategy_nearest,False,0.003117084503173828,success
0431EE3A9C4C80,0,['Torre Lamberti'],Casa Giulietta,"['Centro Fotografia', 'Sighseeing', 'Museo Conte', 'Museo Radio', 'Palazzo della Ragione']",Arena,strategy_nearest,False,0.002483844757080078,success
0431E93A9C4C80,0,['Torre Lamberti'],Casa Giulietta,"['Centro Fotografia', 'Sighseeing', 'Museo Conte', 'Museo Radio', 'Palazzo della Ragione']",Arena,strategy_nearest,False,0.0030999183654785156,success
043235429C4C80,1,"['Torre Lamberti', 'Palazzo della Ragione']",Casa Giulietta,"['Centro Fotografia', 'Sighseeing', 'Museo Conte', 'Museo Radio', 'San Fermo']",San Fermo,strategy_nearest,True,0.0032987594604492188,success
0432373A9C4C80,0,['Torre Lamberti'],Casa Giulietta,"['Centro Fotografia', 'Sighseeing', 'Museo Conte', 'Museo Radio', 'Palazzo della Ragione']",Arena,strategy_nearest,False,0.003175973892211914,success
043261429C4C80,3,"['Santa Anastasia', 'Arena']",Casa Giulietta,"['Centro Fotografia', 'Sighseeing', 'Torre Lamberti', 'Museo Conte', 'Museo Radio']",Torre Lamberti,strategy_nearest,True,0.0032320022583007812,success
043264429C4C80,0,['San Zeno'],Castelvecchio,"['Museo Lapidario', 'Verona Tour', 'Arena', 'Museo Radio', 'Sighseeing']",Arena,strategy_nearest,True,0.00244903564453125,success
04326F429C4C80,3,"['Arena', 'San Zeno']",Torre Lamberti,"['Sighseeing', 'Centro Fotografia', 'Museo Conte', 'Casa Giulietta', 'Palazzo della Ragione']",Casa Giulietta,strategy_nearest,True,0.002790212631225586,success
0432743A9C4C80,1,['Arena'],Torre Lamberti,"['Sighseeing', 'Centro Fotografia', 'Museo Conte', 'Casa Giulietta', 'Palazzo della Ragione']",Palazzo della Ragione,strategy_nearest,True,0.0025773048400878906,success
043279429C4C81,0,['Arena'],Castelvecchio,"['Museo Lapidario', 'Verona Tour', 'Museo Radio', 'San Zeno', 'Sighseeing']",Torre Lamberti,strategy_nearest,False,0.002377033233642578,success
04327C429C4C80,0,"['Teatro Romano', 'San Zeno']",Castelvecchio,"['Museo Lapidario', 'Verona Tour', 'Arena', 'Museo Radio', 'Sighseeing']",Arena,strategy_nearest,True,0.0029990673065185547,success
04327D3A9C4C81,0,['Casa Giulietta'],Arena,"['Verona Tour', 'Museo Lapidario', 'Museo Radio', 'San Fermo', 'Sighseeing']",Torre Lamberti,strategy_nearest,False,0.0020558834075927734,success
04327D3A9C4C80,1,"['Casa Giulietta', 'Tomba Giulietta', 'Arena', 'Torre Lamberti']",Palazzo della Ragione,"['AMO', 'Museo Conte', 'Centro Fotografia', 'Sighseeing', 'Santa Anastasia']",Santa Anastasia,strategy_nearest,True,0.003281116485595703,success
043280429C4C81,4,"['Torre Lamberti', 'Palazzo della Ragione', 'Casa Giulietta']",Arena,"['Verona Tour', 'Museo Lapidario', 'Museo Radio', 'San Fermo', 'Sighseeing']",Castelvecchio,strategy_nearest,False,0.002129793167114258,success
043280429C4C80,1,"['Castelvecchio', 'Arena', 'Casa Giulietta']",Casa Giulietta,"['Centro Fotografia', 'Sighseeing', 'Torre Lamberti', 'Museo Conte', 'Museo Radio']",Torre Lamberti,strategy_nearest,True,0.0039899349212646484,success
043285429C4C81,1,"['Arena', 'Casa Giulietta']",San Fermo,"['Museo Storia', 'Museo Radio', 'Centro Fotografia', 'Sighseeing', 'Torre Lamberti']",Torre Lamberti,strategy_nearest,True,0.002462148666381836,success
04328A4A9C4C81,3,"['Arena', 'Casa Giulietta']",Santa Anastasia,"['AMO', 'Museo Conte', 'Palazzo della Ragione', 'Teatro Romano', 'Centro Fotografia']",Duomo,strategy_nearest,False,0.0023682117462158203,success
043286429C4C80,1,"['Arena', 'San Fermo', 'Casa Giulietta']",Palazzo della Ragione,"['AMO', 'Museo Conte', 'Torre Lamberti', 'Centro Fotografia', 'Sighseeing']",Santa Anastasia,strategy_nearest,False,0.0026941299438476562,success
04328D429C4C81,0,['Arena'],Castelvecchio,"['Museo Lapidario', 'Verona Tour', 'Museo Radio', 'San Zeno', 'Sighseeing']",Casa Giulietta,strategy_nearest,False,0.0031862258911132812,success
04328F429C4C80,3,"['Arena', 'Torre Lamberti']",Casa Giulietta,"['Centro Fotografia', 'Sighseeing', 'Museo Conte', 'Museo Radio', 'Palazzo della Ragione']",San Fermo,strategy_nearest,False,0.0027179718017578125,success
04328F429C4C81,3,"['Teatro Romano', 'Duomo', 'Santa Anastasia', 'Torre Lamberti']",Casa Giulietta,"['Centro Fotografia', 'Sighseeing', 'Museo Conte', 'Museo Radio', 'Palazzo della Ragione']",Arena,strategy_nearest,False,0.002079010009765625,success
0432944A9C4C81,1,"['Arena', 'Museo Lapidario', 'Castelvecchio']",San Fermo,"['Museo Storia', 'Museo Radio', 'Casa Giulietta', 'Centro Fotografia', 'Sighseeing']",Casa Giulietta,strategy_nearest,True,0.0019550323486328125,success
04328F4A9C4C80,0,['Arena'],Casa Giulietta,"['Centro Fotografia', 'Sighseeing', 'Torre Lamberti', 'Museo Conte', 'Museo Radio']",Torre Lamberti,strategy_nearest,True,0.002554178237915039,success
043290429C4C81,0,['Torre Lamberti'],Arena,"['Verona Tour', 'Museo Lapidario', 'Museo Radio', 'San Fermo', 'Casa Giulietta']",San Zeno,strategy_nearest,False,0.002804994583129883,success
0432A472743381,1,"['Arena', 'Torre Lamberti', 'Palazzo della Ragione', 'Santa Anastasia', 'Duomo']",Teatro Romano,"['AMO', 'Museo Conte', 'Centro Fotografia', 'Museo Miniscalchi', 'Giardino Giusti']",San Fermo,strategy_nearest,False,0.002362966537475586,success
0432A0429C4C81,3,"['Torre Lamberti', 'Arena']",Castelvecchio,"['Museo Lapidario', 'Verona Tour', 'Museo Radio', 'San Zeno', 'Sighseeing']",Santa Anastasia,strategy_nearest,False,0.0030181407928466797,success
0432A572743381,1,"['Teatro Romano', 'Arena', 'Casa Giulietta']",Torre Lamberti,"['Sighseeing', 'Centro Fotografia', 'Museo Conte', 'Palazzo della Ragione', 'AMO']",Palazzo della Ragione,strategy_nearest,True,0.0017430782318115234,success
0432A64A9C4C80,0,['Arena'],Casa Giulietta,"['Centro Fotografia', 'Sighseeing', 'Torre Lamberti', 'Museo Conte', 'Museo Radio']",Torre Lamberti,strategy_nearest,True,0.0014047622680664062,success
0432A672743381,2,['Torre Lamberti'],Castelvecchio,"['Museo Lapidario', 'Verona Tour', 'Arena', 'Museo Radio', 'San Zeno']",San Zeno,strategy_nearest,True,0.0024890899658203125,success
0432A63A9C4C81,1,"['Arena', 'Casa Giulietta']",Torre Lamberti,"['Sighseeing', 'Centro Fotografia', 'Museo Conte', 'Palazzo della Ragione', 'AMO']",Palazzo della Ragione,strategy_nearest,True,0.003236055374145508,success
0432A772743380,3,"['Arena', 'Casa Giulietta']",Santa Anastasia,"['AMO', 'Museo Conte', 'Palazzo della Ragione', 'Teatro Romano', 'Centro Fotografia']",Castelvecchio,strategy_nearest,False,0.0012407302856445312,success
0432A83A9C4C80,0,"['Arena', 'Museo Lapidario']",Castelvecchio,"['Verona Tour', 'Museo Radio', 'San Zeno', 'Sighseeing', 'Museo Miniscalchi']",Tomba Giulietta,strategy_nearest,False,0.001954793930053711,success
0432A872743380,0,['San Zeno'],Castelvecchio,"['Museo Lapidario', 'Verona Tour', 'Arena', 'Museo Radio', 'Sighseeing']",Arena,strategy_nearest,True,0.0027930736541748047,success
0432A9429C4C81,0,"['San Zeno', 'Castelvecchio']",Torre Lamberti,"['Sighseeing', 'Centro Fotografia', 'Museo Conte', 'Casa Giulietta', 'Palazzo della Ragione']",Casa Giulietta,strategy_nearest,True,0.0032269954681396484,success
0432AB3A9C4C80,1,"['Arena', 'Casa Giulietta']",Palazzo della Ragione,"['AMO', 'Museo Conte', 'Torre Lamberti', 'Centro Fotografia', 'Sighseeing']",Teatro Romano,strategy_nearest,False,0.002694845199584961,success
0432AE429C4C81,3,['Arena'],Torre Lamberti,"['Sighseeing', 'Centro Fotografia', 'Museo Conte', 'Casa Giulietta', 'Palazzo della Ragione']",Casa Giulietta,strategy_nearest,True,0.002165079116821289,success
0432AE429C4C80,3,['Castelvecchio'],Torre Lamberti,"['Sighseeing', 'Centro Fotografia', 'Museo Conte', 'Casa Giulietta', 'Palazzo della Ragione']",Santa Anastasia,strategy_nearest,False,0.003270864486694336,success
0432B0429C4C81,1,"['Arena', 'Casa Giulietta', 'Torre Lamberti', 'Palazzo della Ragione']",Santa Anastasia,"['AMO', 'Museo Conte', 'Teatro Romano', 'Centro Fotografia', 'Duomo']",Duomo,strategy_nearest,True,0.0033500194549560547,success
0432B2429C4C81,0,['Arena'],Casa Giulietta,"['Centro Fotografia', 'Sighseeing', 'Torre Lamberti', 'Museo Conte', 'Museo Radio']",Tomba Giulietta,strategy_nearest,False,0.0026962757110595703,success
0432B4429C4C80,0,['Torre Lamberti'],Arena,"['Verona Tour', 'Museo Lapidario', 'Museo Radio', 'San Fermo', 'Casa Giulietta']",Casa Giulietta,strategy_nearest,True,0.00311279296875,success
0432B83A9C4C81,0,['Castelvecchio'],Arena,"['Verona Tour', 'Museo Lapidario', 'Museo Radio', 'San Fermo', 'Casa Giulietta']",Santa Anastasia,strategy_nearest,False,0.0025086402893066406,success
0432BB429C4C80,3,"['Arena', 'Casa Giulietta']",Santa Anastasia,"['AMO', 'Museo Conte', 'Palazzo della Ragione', 'Teatro Romano', 'Centro Fotografia']",Giardino Giusti,strategy_nearest,False,0.0030820369720458984,success
0432B7429C4C80,0,['Casa Giulietta'],Arena,"['Verona Tour', 'Museo Lapidario', 'Museo Radio', 'San Fermo', 'Sighseeing']",Teatro Romano,strategy_nearest,False,0.003178834915161133,success
0432BF429C4C81,0,['Castelvecchio'],Torre Lamberti,"['Sighseeing', 'Centro Fotografia', 'Museo Conte', 'Casa Giulietta', 'Palazzo della Ragione']",Casa Giulietta,strategy_nearest,True,0.0023391246795654297,success
0432C5429C4C80,1,"['Arena', 'Castelvecchio']",Teatro Romano,"['Santa Anastasia', 'Duomo', 'AMO', 'Palazzo della Ragione', 'Museo Conte']",Torre Lamberti,strategy_nearest,False,0.0019240379333496094,success
0432C53A9C4C81,3,"['Arena', 'Casa Giulietta', 'Santa Anastasia']",Teatro Romano,"['Duomo', 'AMO', 'Palazzo della Ragione', 'Museo Conte', 'Centro Fotografia']",Duomo,strategy_nearest,True,0.0025899410247802734,success
0432C0429C4C80,0,"['Torre Lamberti', 'Casa Giulietta']",Arena,"['Verona Tour', 'Museo Lapidario', 'Museo Radio', 'San Fermo', 'Sighseeing']",Tomba Giulietta,strategy_nearest,False,0.003320932388305664,success
0432D73A9C4C80,0,"['Castelvecchio', 'Arena']",Casa Giulietta,"['Centro Fotografia', 'Sighseeing', 'Torre Lamberti', 'Museo Conte', 'Museo Radio']",Torre Lamberti,strategy_nearest,True,0.003100156784057617,success
0432E03A9C4C80,1,"['Arena', 'Casa Giulietta']",Torre Lamberti,"['Sighseeing', 'Centro Fotografia', 'Museo Conte', 'Palazzo della Ragione', 'AMO']",Palazzo della Ragione,strategy_nearest,True,0.0027189254760742188,success
0432E43A9C4C80,0,['Duomo'],Casa Giulietta,"['Centro Fotografia', 'Sighseeing', 'Torre Lamberti', 'Museo Conte', 'Museo Radio']",Arena,strategy_nearest,False,0.0028748512268066406,success
0432DF3A9C4C80,0,"['Arena', 'Castelvecchio']",Torre Lamberti,"['Sighseeing', 'Centro Fotografia', 'Museo Conte', 'Casa Giulietta', 'Palazzo della Ragione']",Casa Giulietta,strategy_nearest,True,0.002711772918701172,success
043344429C4C80,3,"['Castelvecchio', 'Arena', 'Santa Anastasia']",Museo Lapidario,"['Verona Tour', 'Museo Radio', 'San Fermo', 'Casa Giulietta', 'Tomba Giulietta']",Tomba Giulietta,strategy_nearest,True,0.0021660327911376953,success
0432F03A9C4C80,3,"['Arena', 'Casa Giulietta']",Torre Lamberti,"['Sighseeing', 'Centro Fotografia', 'Museo Conte', 'Palazzo della Ragione', 'AMO']",Santa Anastasia,strategy_nearest,False,0.002868175506591797,success
04335F429C4C80,0,"['Arena', 'Casa Giulietta']",Teatro Romano,"['Santa Anastasia', 'Duomo', 'AMO', 'Palazzo della Ragione', 'Museo Conte']",Museo Storia,strategy_nearest,False,0.003120899200439453,success
0433323A9C4C80,1,"['Torre Lamberti', 'Palazzo della Ragione']",Casa Giulietta,"['Centro Fotografia', 'Sighseeing', 'Museo Conte', 'Museo Radio', 'San Fermo']",Torre Lamberti,strategy_nearest,False,0.0014317035675048828,success
04336C429C4C80,0,['Castelvecchio'],Arena,"['Verona Tour', 'Museo Lapidario', 'Museo Radio', 'San Fermo', 'Casa Giulietta']",Torre Lamberti,strategy_nearest,False,0.0017921924591064453,success
0433793A9C4C80,3,"['Arena', 'Casa Giulietta']",Torre Lamberti,"['Sighseeing', 'Centro Fotografia', 'Museo Conte', 'Palazzo della Ragione', 'AMO']",Santa Anastasia,strategy_nearest,False,0.0025641918182373047,success
043361429C4C80,1,"['Arena', 'Casa Giulietta']",Palazzo della Ragione,"['AMO', 'Museo Conte', 'Torre Lamberti', 'Centro Fotografia', 'Sighseeing']",Torre Lamberti,strategy_nearest,True,0.0033338069915771484,success
04337B3A9C4C80,3,['Torre Lamberti'],Santa Anastasia,"['AMO', 'Museo Conte', 'Palazzo della Ragione', 'Teatro Romano', 'Centro Fotografia']",Arena,strategy_nearest,False,0.0019178390502929688,success
0433794A9C4C80,1,"['Torre Lamberti', 'Palazzo della Ragione', 'Santa Anastasia']",Duomo,"['AMO', 'Museo Miniscalchi', 'Teatro Romano', 'Museo Conte', 'Centro Fotografia']",Castelvecchio,strategy_nearest,False,0.0031371116638183594,success
0433813A9C4C81,0,"['Casa Giulietta', 'Castelvecchio']",Teatro Romano,"['Santa Anastasia', 'Duomo', 'AMO', 'Palazzo della Ragione', 'Museo Conte']",Arena,strategy_nearest,False,0.0019540786743164062,success
04337F429C4C81,3,"['Arena', 'Casa Giulietta']",Santa Anastasia,"['AMO', 'Museo Conte', 'Palazzo della Ragione', 'Teatro Romano', 'Centro Fotografia']",Duomo,strategy_nearest,False,0.002685070037841797,success
0433833A9C4C81,1,"['Casa Giulietta', 'Tomba Giulietta', 'Arena']",Torre Lamberti,"['Sighseeing', 'Centro Fotografia', 'Museo Conte', 'Palazzo della Ragione', 'AMO']",Palazzo della Ragione,strategy_nearest,True,0.0022008419036865234,success
0433844A9C4C80,1,"['Arena', 'Torre Lamberti']",Palazzo della Ragione,"['AMO', 'Museo Conte', 'Centro Fotografia', 'Sighseeing', 'Santa Anastasia']",Casa Giulietta,strategy_nearest,False,0.002794027328491211,success
0433864A9C4C80,0,['Arena'],Duomo,"['AMO', 'Museo Miniscalchi', 'Santa Anastasia', 'Teatro Romano', 'Palazzo della Ragione']",Castelvecchio,strategy_nearest,False,0.002872943878173828,success
0433873A9C4C81,3,"['Arena', 'Casa Giulietta']",Teatro Romano,"['Santa Anastasia', 'Duomo', 'AMO', 'Palazzo della Ragione', 'Museo Conte']",Santa Anastasia,strategy_nearest,True,0.003651142120361328,success
0433894A9C4C81,3,"['Arena', 'Casa Giulietta']",Santa Anastasia,"['AMO', 'Museo Conte', 'Palazzo della Ragione', 'Teatro Romano', 'Centro Fotografia']",Duomo,strategy_nearest,False,0.002437114715576172,success
04338A4A9C4C80,0,['Arena'],Tomba Giulietta,"['San Fermo', 'Museo Storia', 'Museo Lapidario', 'Museo Radio', 'Verona Tour']",Castelvecchio,strategy_nearest,False,0.003201007843017578,success
04338B3A9C4C80,3,"['Arena', 'San Zeno']",Torre Lamberti,"['Sighseeing', 'Centro Fotografia', 'Museo Conte', 'Casa Giulietta', 'Palazzo della Ragione']",Casa Giulietta,strategy_nearest,True,0.0023860931396484375,success
04338B4A9C4C81,0,['Arena'],Casa Giulietta,"['Centro Fotografia', 'Sighseeing', 'Torre Lamberti', 'Museo Conte', 'Museo Radio']",Teatro Romano,strategy_nearest,False,0.0030739307403564453,success
04338C3A9C4C80,0,['Arena'],Casa Giulietta,"['Centro Fotografia', 'Sighseeing', 'Torre Lamberti', 'Museo Conte', 'Museo Radio']",Castelvecchio,strategy_nearest,False,0.0026297569274902344,success
04338F429C4C81,0,['Castelvecchio'],Arena,"['Verona Tour', 'Museo Lapidario', 'Museo Radio', 'San Fermo', 'Casa Giulietta']",Casa Giulietta,strategy_nearest,True,0.0034089088439941406,success
0433A34A9C4C80,1,"['Tomba Giulietta', 'Casa Giulietta']",Torre Lamberti,"['Sighseeing', 'Centro Fotografia', 'Museo Conte', 'Palazzo della Ragione', 'AMO']",Palazzo della Ragione,strategy_nearest,True,0.0026450157165527344,success
0433A54A9C4C80,0,['Arena'],Casa Giulietta,"['Centro Fotografia', 'Sighseeing', 'Torre Lamberti', 'Museo Conte', 'Museo Radio']",Duomo,strategy_nearest,False,0.0033419132232666016,success
0433A672743380,0,"['San Zeno', 'Teatro Romano']",Arena,"['Verona Tour', 'Museo Lapidario', 'Museo Radio', 'San Fermo', 'Casa Giulietta']",Tomba Giulietta,strategy_nearest,False,0.003100156784057617,success
0433A94A9C4C80,0,['Casa Giulietta'],Torre Lamberti,"['Sighseeing', 'Centro Fotografia', 'Museo Conte', 'Palazzo della Ragione', 'AMO']",Arena,strategy_nearest,False,0.002707958221435547,success
0433AC429C4C81,1,"['Palazzo della Ragione', 'Torre Lamberti']",Casa Giulietta,"['Centro Fotografia', 'Sighseeing', 'Museo Conte', 'Museo Radio', 'San Fermo']",Arena,strategy_nearest,False,0.0033371448516845703,success
0433AF429C4C81,0,"['Arena', 'Torre Lamberti']",Casa Giulietta,"['Centro Fotografia', 'Sighseeing', 'Museo Conte', 'Museo Radio', 'Palazzo della Ragione']",Castelvecchio,strategy_nearest,False,0.0026760101318359375,success
0433B7429C4C80,0,['Arena'],Castelvecchio,"['Museo Lapidario', 'Verona Tour', 'Museo Radio', 'San Zeno', 'Sighseeing']",Torre Lamberti,strategy_nearest,False,0.002794981002807617,success
0433B6429C4C81,3,"['Arena', 'Torre Lamberti']",Casa Giulietta,"['Centro Fotografia', 'Sighseeing', 'Museo Conte', 'Museo Radio', 'Palazzo della Ragione']",Santa Anastasia,strategy_nearest,False,0.002087116241455078,success
0433B8429C4C80,1,"['Casa Giulietta', 'Arena', 'Museo Lapidario']",Castelvecchio,"['Verona Tour', 'Museo Radio', 'San Zeno', 'Sighseeing', 'Museo Miniscalchi']",Torre Lamberti,strategy_nearest,False,0.0020368099212646484,success
0433BA429C4C81,2,"['Castelvecchio', 'Santa Anastasia']",Duomo,"['AMO', 'Museo Miniscalchi', 'Teatro Romano', 'Palazzo della Ragione', 'Museo Conte']",Torre Lamberti,strategy_nearest,False,0.003258943557739258,success
0433C73A9C4C80,1,['Arena'],Castelvecchio,"['Museo Lapidario', 'Verona Tour', 'Museo Radio', 'San Zeno', 'Sighseeing']",Casa Giulietta,strategy_nearest,False,0.002000093460083008,success
0433C0429C4C81,0,['Arena'],Casa Giulietta,"['Centro Fotografia', 'Sighseeing', 'Torre Lamberti', 'Museo Conte', 'Museo Radio']",Torre Lamberti,strategy_nearest,True,0.0028688907623291016,success
0433CA429C4C81,3,"['Arena', 'Castelvecchio']",Casa Giulietta,"['Centro Fotografia', 'Sighseeing', 'Torre Lamberti', 'Museo Conte', 'Museo Radio']",Torre Lamberti,strategy_nearest,True,0.0028867721557617188,success
0434373A9C4C80,1,"['Torre Lamberti', 'Palazzo della Ragione']",Santa Anastasia,"['AMO', 'Museo Conte', 'Teatro Romano', 'Centro Fotografia', 'Duomo']",Duomo,strategy_nearest,True,0.0017788410186767578,success
0433F03A9C4C80,3,"['Torre Lamberti', 'Casa Giulietta']",Teatro Romano,"['Santa Anastasia', 'Duomo', 'AMO', 'Palazzo della Ragione', 'Museo Conte']",Duomo,strategy_nearest,True,0.0021021366119384766,success
0433F93A9C4C80,1,"['Arena', 'Tomba Giulietta', 'Casa Giulietta']",Santa Anastasia,"['AMO', 'Museo Conte', 'Palazzo della Ragione', 'Teatro Romano', 'Centro Fotografia']",Teatro Romano,strategy_nearest,True,0.0028700828552246094,success
043467429C4C80,3,['Santa Anastasia'],Casa Giulietta,"['Centro Fotografia', 'Sighseeing', 'Torre Lamberti', 'Museo Conte', 'Museo Radio']",Duomo,strategy_nearest,False,0.0026187896728515625,success
0434753A9C4C80,1,"['Arena', 'Palazzo della Ragione']",Torre Lamberti,"['Sighseeing', 'Centro Fotografia', 'Museo Conte', 'Casa Giulietta', 'AMO']",Casa Giulietta,strategy_nearest,True,0.0024700164794921875,success
043474429C4C80,0,['Arena'],Casa Giulietta,"['Centro Fotografia', 'Sighseeing', 'Torre Lamberti', 'Museo Conte', 'Museo Radio']",Teatro Romano,strategy_nearest,False,0.002646923065185547,success
0434753A9C4C81,0,"['Arena', 'Teatro Romano']",Giardino Giusti,"['Santa Anastasia', 'Museo Conte', 'Centro Fotografia', 'Museo Storia', 'AMO']",Torre Lamberti,strategy_nearest,False,0.002808094024658203,success
04347E429C4C80,0,['Arena'],Casa Giulietta,"['Centro Fotografia', 'Sighseeing', 'Torre Lamberti', 'Museo Conte', 'Museo Radio']",Torre Lamberti,strategy_nearest,True,0.002092123031616211,success
04347A3A9C4C80,0,"['Casa Giulietta', 'Arena']",San Zeno,"['Castelvecchio', 'Verona Tour', 'Museo Lapidario', 'Museo Miniscalchi', 'Sighseeing']",Castelvecchio,strategy_nearest,True,0.004069089889526367,success
04347E429C4C81,0,['Torre Lamberti'],Casa Giulietta,"['Centro Fotografia', 'Sighseeing', 'Museo Conte', 'Museo Radio', 'Palazzo della Ragione']",Arena,strategy_nearest,False,0.003341197967529297,success
0434823A9C4C80,0,['Arena'],Casa Giulietta,"['Centro Fotografia', 'Sighseeing', 'Torre Lamberti', 'Museo Conte', 'Museo Radio']",Torre Lamberti,strategy_nearest,True,0.002609729766845703,success
0434843A9C4C80,0,['Casa Giulietta'],Torre Lamberti,"['Sighseeing', 'Centro Fotografia', 'Museo Conte', 'Palazzo della Ragione', 'AMO']",Castelvecchio,strategy_nearest,False,0.0026390552520751953,success
0434893A9C4C80,1,"['Castelvecchio', 'Arena', 'Torre Lamberti', 'Palazzo della Ragione']",Santa Anastasia,"['AMO', 'Museo Conte', 'Teatro Romano', 'Centro Fotografia', 'Duomo']",Duomo,strategy_nearest,True,0.002680063247680664,success
043489429C4C80,3,"['Tomba Giulietta', 'San Fermo', 'Casa Giulietta']",Santa Anastasia,"['AMO', 'Museo Conte', 'Palazzo della Ragione', 'Teatro Romano', 'Centro Fotografia']",Teatro Romano,strategy_nearest,True,0.0035440921783447266,success
04348A429C4C81,3,"['Arena', 'Casa Giulietta']",Torre Lamberti,"['Sighseeing', 'Centro Fotografia', 'Museo Conte', 'Palazzo della Ragione', 'AMO']",Castelvecchio,strategy_nearest,False,0.0025637149810791016,success
04348B3A9C4C81,3,"['Casa Giulietta', 'Torre Lamberti']",Castelvecchio,"['Museo Lapidario', 'Verona Tour', 'Arena', 'Museo Radio', 'San Zeno']",Arena,strategy_nearest,True,0.001920938491821289,success
043493429C4C80,3,"['Arena', 'Casa Giulietta']",Torre Lamberti,"['Sighseeing', 'Centro Fotografia', 'Museo Conte', 'Palazzo della Ragione', 'AMO']",Santa Anastasia,strategy_nearest,False,0.0027179718017578125,success
04348B429C4C80,1,"['Arena', 'Museo Lapidario', 'Castelvecchio', 'Duomo']",Torre Lamberti,"['Sighseeing', 'Centro Fotografia', 'Museo Conte', 'Casa Giulietta', 'Palazzo della Ragione']",Palazzo della Ragione,strategy_nearest,True,0.002972126007080078,success
04348E429C4C81,1,"['Teatro Romano', 'Palazzo della Ragione']",Torre Lamberti,"['Sighseeing', 'Centro Fotografia', 'Museo Conte', 'Casa Giulietta', 'AMO']",Casa Giulietta,strategy_nearest,True,0.0021622180938720703,success
0434934A9C4C80,1,"['Arena', 'Casa Giulietta']",Torre Lamberti,"['Sighseeing', 'Centro Fotografia', 'Museo Conte', 'Palazzo della Ragione', 'AMO']",Palazzo della Ragione,strategy_nearest,True,0.003145933151245117,success
0434934A9C4C81,0,['Arena'],Casa Giulietta,"['Centro Fotografia', 'Sighseeing', 'Torre Lamberti', 'Museo Conte', 'Museo Radio']",Torre Lamberti,strategy_nearest,True,0.0020580291748046875,success
0434A472743380,1,"['Castelvecchio', 'Santa Anastasia', 'Arena', 'Casa Giulietta']",Torre Lamberti,"['Sighseeing', 'Centro Fotografia', 'Museo Conte', 'Palazzo della Ragione', 'AMO']",Duomo,strategy_nearest,False,0.002792835235595703,success
0434A7429C4C81,0,"['Arena', 'Torre Lamberti']",Teatro Romano,"['Santa Anastasia', 'Duomo', 'AMO', 'Palazzo della Ragione', 'Museo Conte']",Casa Giulietta,strategy_nearest,False,0.0025238990783691406,success
0434A63A9C4C80,0,['Arena'],Torre Lamberti,"['Sighseeing', 'Centro Fotografia', 'Museo Conte', 'Casa Giulietta', 'Palazzo della Ragione']",Casa Giulietta,strategy_nearest,True,0.003518819808959961,success
0434AE429C4C81,0,['Arena'],Casa Giulietta,"['Centro Fotografia', 'Sighseeing', 'Torre Lamberti', 'Museo Conte', 'Museo Radio']",Torre Lamberti,strategy_nearest,True,0.0024509429931640625,success
0434A9429C4C81,1,"['Museo Lapidario', 'Arena', 'Casa Giulietta']",Torre Lamberti,"['Sighseeing', 'Centro Fotografia', 'Museo Conte', 'Palazzo della Ragione', 'AMO']",Palazzo della Ragione,strategy_nearest,True,0.00463414192199707,success
0434A772743380,3,"['Arena', 'Santa Anastasia', 'Torre Lamberti']",Casa Giulietta,"['Centro Fotografia', 'Sighseeing', 'Museo Conte', 'Museo Radio', 'Palazzo della Ragione']",San Fermo,strategy_nearest,False,0.0032320022583007812,success
0434AD429C4C81,0,['Teatro Romano'],Casa Giulietta,"['Centro Fotografia', 'Sighseeing', 'Torre Lamberti', 'Museo Conte', 'Museo Radio']",Arena,strategy_nearest,False,0.0020270347595214844,success
0434B0429C4C80,3,"['Castelvecchio', 'Duomo']",Torre Lamberti,"['Sighseeing', 'Centro Fotografia', 'Museo Conte', 'Casa Giulietta', 'Palazzo della Ragione']",Arena,strategy_nearest,False,0.002251863479614258,success
0434B03A9C4C80,3,['Duomo'],Santa Anastasia,"['AMO', 'Museo Conte', 'Palazzo della Ragione', 'Teatro Romano', 'Centro Fotografia']",Torre Lamberti,strategy_nearest,False,0.001628875732421875,success
0434B6429C4C80,2,['Casa Giulietta'],Santa Anastasia,"['AMO', 'Museo Conte', 'Palazzo della Ragione', 'Teatro Romano', 'Centro Fotografia']",Castelvecchio,strategy_nearest,False,0.002846956253051758,success
0434BB429C4C80,3,"['Arena', 'Teatro Romano']",Duomo,"['AMO', 'Museo Miniscalchi', 'Santa Anastasia', 'Palazzo della Ragione', 'Museo Conte']",Torre Lamberti,strategy_nearest,False,0.0033180713653564453,success
0434BB429C4C81,2,"['Torre Lamberti', 'Palazzo della Ragione']",Casa Giulietta,"['Centro Fotografia', 'Sighseeing', 'Museo Conte', 'Museo Radio', 'San Fermo']",Santa Anastasia,strategy_nearest,False,0.0019712448120117188,success
0434C0429C4C80,3,"['Arena', 'Castelvecchio']",Casa Giulietta,"['Centro Fotografia', 'Sighseeing', 'Torre Lamberti', 'Museo Conte', 'Museo Radio']",Santa Anastasia,strategy_nearest,False,0.0019888877868652344,success
0434C63A9C4C80,0,['Torre Lamberti'],Arena,"['Verona Tour', 'Museo Lapidario', 'Museo Radio', 'San Fermo', 'Casa Giulietta']",Duomo,strategy_nearest,False,0.0027320384979248047,success
0434E93A9C4C80,1,"['Arena', 'Casa Giulietta']",Torre Lamberti,"['Sighseeing', 'Centro Fotografia', 'Museo Conte', 'Palazzo della Ragione', 'AMO']",Palazzo della Ragione,strategy_nearest,True,0.0033440589904785156,success
0434EB3A9C4C80,3,['Torre Lamberti'],Duomo,"['AMO', 'Museo Miniscalchi', 'Santa Anastasia', 'Teatro Romano', 'Palazzo della Ragione']",Teatro Romano,strategy_nearest,True,0.003255128860473633,success
0434F23A9C4C80,3,"['Arena', 'Casa Giulietta']",Torre Lamberti,"['Sighseeing', 'Centro Fotografia', 'Museo Conte', 'Palazzo della Ragione', 'AMO']",Santa Anastasia,strategy_nearest,False,0.003265857696533203,success
0434F83A9C4C80,1,"['Arena', 'Casa Giulietta']",Torre Lamberti,"['Sighseeing', 'Centro Fotografia', 'Museo Conte', 'Palazzo della Ragione', 'AMO']",Palazzo della Ragione,strategy_nearest,True,0.0028090476989746094,success
0434FF3A9C4C80,0,['Arena'],Torre Lamberti,"['Sighseeing', 'Centro Fotografia', 'Museo Conte', 'Casa Giulietta', 'Palazzo della Ragione']",Casa Giulietta,strategy_nearest,True,0.0027458667755126953,success
043536429C4C80,0,"['Arena', 'Castelvecchio']",Duomo,"['AMO', 'Museo Miniscalchi', 'Santa Anastasia', 'Teatro Romano', 'Palazzo della Ragione']",Casa Giulietta,strategy_nearest,False,0.0026140213012695312,success
0434FA3A9C4C80,3,"['Arena', 'Casa Giulietta']",Torre Lamberti,"['Sighseeing', 'Centro Fotografia', 'Museo Conte', 'Palazzo della Ragione', 'AMO']",San Fermo,strategy_nearest,False,0.0034699440002441406,success
04357A4A9C4C81,0,['Arena'],Casa Giulietta,"['Centro Fotografia', 'Sighseeing', 'Torre Lamberti', 'Museo Conte', 'Museo Radio']",Santa Anastasia,strategy_nearest,False,0.0032951831817626953,success
04357C3A9C4C80,1,"['Arena', 'Torre Lamberti']",Palazzo della Ragione,"['AMO', 'Museo Conte', 'Centro Fotografia', 'Sighseeing', 'Santa Anastasia']",Teatro Romano,strategy_nearest,False,0.0019903182983398438,success
04357E429C4C80,1,['Arena'],Palazzo della Ragione,"['AMO', 'Museo Conte', 'Torre Lamberti', 'Centro Fotografia', 'Sighseeing']",Torre Lamberti,strategy_nearest,True,0.0020599365234375,success
04357B429C4C81,1,"['Arena', 'Castelvecchio']",San Zeno,"['Verona Tour', 'Museo Lapidario', 'Museo Miniscalchi', 'Sighseeing', 'Museo Radio']",Casa Giulietta,strategy_nearest,False,0.0035507678985595703,success
04357F429C4C80,3,"['Arena', 'Castelvecchio']",Casa Giulietta,"['Centro Fotografia', 'Sighseeing', 'Torre Lamberti', 'Museo Conte', 'Museo Radio']",Santa Anastasia,strategy_nearest,False,0.003914833068847656,success
0435883A9C4C81,1,"['Arena', 'Casa Giulietta']",Torre Lamberti,"['Sighseeing', 'Centro Fotografia', 'Museo Conte', 'Palazzo della Ragione', 'AMO']",Palazzo della Ragione,strategy_nearest,True,0.0019299983978271484,success
0435893A9C4C81,2,"['Torre Lamberti', 'Casa Giulietta']",Santa Anastasia,"['AMO', 'Museo Conte', 'Palazzo della Ragione', 'Teatro Romano', 'Centro Fotografia']",Duomo,strategy_nearest,False,0.0027418136596679688,success
043589429C4C81,0,['Arena'],Castelvecchio,"['Museo Lapidario', 'Verona Tour', 'Museo Radio', 'San Zeno', 'Sighseeing']",Teatro Romano,strategy_nearest,False,0.0022499561309814453,success
04358E3A9C4C80,1,['Arena'],Torre Lamberti,"['Sighseeing', 'Centro Fotografia', 'Museo Conte', 'Casa Giulietta', 'Palazzo della Ragione']",Palazzo della Ragione,strategy_nearest,True,0.0014028549194335938,success
04358B3A9C4C81,0,['Arena'],Museo Lapidario,"['Verona Tour', 'Castelvecchio', 'Museo Radio', 'San Fermo', 'Casa Giulietta']",Museo Storia,strategy_nearest,False,0.0041730403900146484,success
04358C429C4C81,0,['Arena'],Casa Giulietta,"['Centro Fotografia', 'Sighseeing', 'Torre Lamberti', 'Museo Conte', 'Museo Radio']",Castelvecchio,strategy_nearest,False,0.002151966094970703,success
04358F429C4C80,0,"['Arena', 'Casa Giulietta']",Santa Anastasia,"['AMO', 'Museo Conte', 'Palazzo della Ragione', 'Teatro Romano', 'Centro Fotografia']",Castelvecchio,strategy_nearest,False,0.0040130615234375,success
043591429C4C80,0,"['Arena', 'Casa Giulietta']",Teatro Romano,"['Santa Anastasia', 'Duomo', 'AMO', 'Palazzo della Ragione', 'Museo Conte']",Duomo,strategy_nearest,True,0.0020270347595214844,success
04358E4A9C4C80,1,"['Arena', 'Casa Giulietta', 'Palazzo della Ragione']",Torre Lamberti,"['Sighseeing', 'Centro Fotografia', 'Museo Conte', 'AMO', 'Museo Miniscalchi']",Santa Anastasia,strategy_nearest,False,0.0033440589904785156,success
0435944A9C4C80,1,"['Arena', 'Museo Lapidario']",Casa Giulietta,"['Centro Fotografia', 'Sighseeing', 'Torre Lamberti', 'Museo Conte', 'Museo Radio']",Torre Lamberti,strategy_nearest,True,0.003052949905395508,success
04359B429C4C80,3,['Santa Anastasia'],Duomo,"['AMO', 'Museo Miniscalchi', 'Teatro Romano', 'Palazzo della Ragione', 'Museo Conte']",Arena,strategy_nearest,False,0.0032281875610351562,success
04359A4A9C4C81,3,"['Arena', 'Casa Giulietta']",Santa Anastasia,"['AMO', 'Museo Conte', 'Palazzo della Ragione', 'Teatro Romano', 'Centro Fotografia']",Duomo,strategy_nearest,False,0.0019941329956054688,success
0435964A9C4C80,1,['Arena'],Palazzo della Ragione,"['AMO', 'Museo Conte', 'Torre Lamberti', 'Centro Fotografia', 'Sighseeing']",Torre Lamberti,strategy_nearest,True,0.0027968883514404297,success
0435A63A9C4C81,0,['Torre Lamberti'],Casa Giulietta,"['Centro Fotografia', 'Sighseeing', 'Museo Conte', 'Museo Radio', 'Palazzo della Ragione']",Arena,strategy_nearest,False,0.0033168792724609375,success
0435A872743380,3,"['Casa Giulietta', 'Santa Anastasia']",Torre Lamberti,"['Sighseeing', 'Centro Fotografia', 'Museo Conte', 'Palazzo della Ragione', 'AMO']",Arena,strategy_nearest,False,0.002000093460083008,success
0435AA3A9C4C81,1,"['Arena', 'Casa Giulietta']",Palazzo della Ragione,"['AMO', 'Museo Conte', 'Torre Lamberti', 'Centro Fotografia', 'Sighseeing']",Torre Lamberti,strategy_nearest,True,0.0022988319396972656,success
0435A9429C4C80,2,['Casa Giulietta'],Torre Lamberti,"['Sighseeing', 'Centro Fotografia', 'Museo Conte', 'Palazzo della Ragione', 'AMO']",Castelvecchio,strategy_nearest,False,0.003014087677001953,success
0435A672743380,0,['Arena'],Torre Lamberti,"['Sighseeing', 'Centro Fotografia', 'Museo Conte', 'Casa Giulietta', 'Palazzo della Ragione']",Casa Giulietta,strategy_nearest,True,0.00279998779296875,success
0435AA429C4C80,1,['Arena'],Torre Lamberti,"['Sighseeing', 'Centro Fotografia', 'Museo Conte', 'Casa Giulietta', 'Palazzo della Ragione']",Palazzo della Ragione,strategy_nearest,True,0.0023539066314697266,success
0435B13A9C4C80,3,"['Arena', 'Casa Giulietta', 'San Fermo']",Tomba Giulietta,"['Museo Storia', 'Museo Lapidario', 'Museo Radio', 'Verona Tour', 'Castelvecchio']",Torre Lamberti,strategy_nearest,False,0.002608776092529297,success
0435B03A9C4C80,1,"['Arena', 'Casa Giulietta']",Torre Lamberti,"['Sighseeing', 'Centro Fotografia', 'Museo Conte', 'Palazzo della Ragione', 'AMO']",Palazzo della Ragione,strategy_nearest,True,0.002004861831665039,success
0435B3429C4C81,2,"['Castelvecchio', 'Torre Lamberti', 'Santa Anastasia']",Tomba Giulietta,"['San Fermo', 'Museo Storia', 'Arena', 'Museo Lapidario', 'Museo Radio']",Casa Giulietta,strategy_nearest,False,0.002452850341796875,success
0435B43A9C4C81,0,['Teatro Romano'],Arena,"['Verona Tour', 'Museo Lapidario', 'Museo Radio', 'San Fermo', 'Casa Giulietta']",San Zeno,strategy_nearest,False,0.002276182174682617,success
0435B63A9C4C81,3,"['Arena', 'Casa Giulietta']",Torre Lamberti,"['Sighseeing', 'Centro Fotografia', 'Museo Conte', 'Palazzo della Ragione', 'AMO']",Santa Anastasia,strategy_nearest,False,0.002026081085205078,success
0435B93A9C4C80,3,['Santa Anastasia'],Duomo,"['AMO', 'Museo Miniscalchi', 'Teatro Romano', 'Palazzo della Ragione', 'Museo Conte']",Arena,strategy_nearest,False,0.0024521350860595703,success
0435B6429C4C81,3,"['Arena', 'Casa Giulietta', 'Santa Anastasia']",Duomo,"['AMO', 'Museo Miniscalchi', 'Teatro Romano', 'Palazzo della Ragione', 'Museo Conte']",Torre Lamberti,strategy_nearest,False,0.004098176956176758,success
0435B8429C4C80,3,"['Arena', 'Castelvecchio']",Casa Giulietta,"['Centro Fotografia', 'Sighseeing', 'Torre Lamberti', 'Museo Conte', 'Museo Radio']",Torre Lamberti,strategy_nearest,True,0.002774953842163086,success
0435B9429C4C81,0,"['Duomo', 'Torre Lamberti']",Casa Giulietta,"['Centro Fotografia', 'Sighseeing', 'Museo Conte', 'Museo Radio', 'Palazzo della Ragione']",Arena,strategy_nearest,False,0.0034182071685791016,success
0435BB3A9C4C81,2,['San Fermo'],Torre Lamberti,"['Sighseeing', 'Centro Fotografia', 'Museo Conte', 'Casa Giulietta', 'Palazzo della Ragione']",San Zeno,strategy_nearest,False,0.0020449161529541016,success
0435BC3A9C4C81,0,['Casa Giulietta'],Arena,"['Verona Tour', 'Museo Lapidario', 'Museo Radio', 'San Fermo', 'Sighseeing']",Castelvecchio,strategy_nearest,False,0.0028028488159179688,success
0435BD429C4C80,1,"['Arena', 'Casa Giulietta']",Torre Lamberti,"['Sighseeing', 'Centro Fotografia', 'Museo Conte', 'Palazzo della Ragione', 'AMO']",Palazzo della Ragione,strategy_nearest,True,0.0034198760986328125,success
0435C1429C4C81,0,['Arena'],Casa Giulietta,"['Centro Fotografia', 'Sighseeing', 'Torre Lamberti', 'Museo Conte', 'Museo Radio']",Castelvecchio,strategy_nearest,False,0.0024509429931640625,success
0435C3429C4C80,3,"['Casa Giulietta', 'Torre Lamberti', 'Santa Anastasia']",Teatro Romano,"['Duomo', 'AMO', 'Palazzo della Ragione', 'Museo Conte', 'Centro Fotografia']",Duomo,strategy_nearest,True,0.0025620460510253906,success
0435C9429C4C80,0,"['Casa Giulietta', 'Torre Lamberti']",Arena,"['Verona Tour', 'Museo Lapidario', 'Museo Radio', 'San Fermo', 'Sighseeing']",Castelvecchio,strategy_nearest,False,0.002496004104614258,success
0435C43A9C4C80,0,['Casa Giulietta'],Arena,"['Verona Tour', 'Museo Lapidario', 'Museo Radio', 'San Fermo', 'Sighseeing']",Arena,strategy_nearest,False,0.0035560131072998047,success
0435EE3A9C4C80,2,['Santa Anastasia'],Duomo,"['AMO', 'Museo Miniscalchi', 'Teatro Romano', 'Palazzo della Ragione', 'Museo Conte']",Torre Lamberti,strategy_nearest,False,0.0017766952514648438,success
0435E53A9C4C80,0,['Casa Giulietta'],San Zeno,"['Castelvecchio', 'Verona Tour', 'Museo Lapidario', 'Arena', 'Museo Miniscalchi']",Arena,strategy_nearest,True,0.003956794738769531,success
0435CE3A9C4C80,3,"['Arena', 'Casa Giulietta', 'San Fermo']",Teatro Romano,"['Santa Anastasia', 'Duomo', 'AMO', 'Palazzo della Ragione', 'Museo Conte']",Duomo,strategy_nearest,True,0.003362894058227539,success
0436393A9C4C80,0,"['Giardino Giusti', 'Teatro Romano']",Casa Giulietta,"['Centro Fotografia', 'Sighseeing', 'Torre Lamberti', 'Museo Conte', 'Museo Radio']",Arena,strategy_nearest,False,0.0029799938201904297,success
043634429C4C80,1,"['Arena', 'Torre Lamberti']",Palazzo della Ragione,"['AMO', 'Museo Conte', 'Centro Fotografia', 'Sighseeing', 'Santa Anastasia']",Santa Anastasia,strategy_nearest,True,0.002257108688354492,success
043637429C4C80,1,"['Arena', 'Castelvecchio']",Torre Lamberti,"['Sighseeing', 'Centro Fotografia', 'Museo Conte', 'Casa Giulietta', 'Palazzo della Ragione']",Palazzo della Ragione,strategy_nearest,True,0.0026950836181640625,success
043632429C4C80,1,"['Arena', 'Castelvecchio']",Duomo,"['AMO', 'Museo Miniscalchi', 'Santa Anastasia', 'Teatro Romano', 'Palazzo della Ragione']",Palazzo della Ragione,strategy_nearest,True,0.0030100345611572266,success
0436413A9C4C80,3,"['Arena', 'Museo Lapidario', 'Castelvecchio']",Casa Giulietta,"['Centro Fotografia', 'Sighseeing', 'Torre Lamberti', 'Museo Conte', 'Museo Radio']",Santa Anastasia,strategy_nearest,False,0.0011932849884033203,success
04367B4A9C4C81,0,['Arena'],Torre Lamberti,"['Sighseeing', 'Centro Fotografia', 'Museo Conte', 'Casa Giulietta', 'Palazzo della Ragione']",Casa Giulietta,strategy_nearest,True,0.0021271705627441406,success
04367C429C4C81,0,['Teatro Romano'],Castelvecchio,"['Museo Lapidario', 'Verona Tour', 'Arena', 'Museo Radio', 'San Zeno']",Arena,strategy_nearest,True,0.0024881362915039062,success
04367A429C4C80,3,"['Teatro Romano', 'Santa Anastasia']",Torre Lamberti,"['Sighseeing', 'Centro Fotografia', 'Museo Conte', 'Casa Giulietta', 'Palazzo della Ragione']",Arena,strategy_nearest,False,0.003503084182739258,success
0436823A9C4C80,3,"['Arena', 'Castelvecchio', 'Torre Lamberti']",Casa Giulietta,"['Centro Fotografia', 'Sighseeing', 'Museo Conte', 'Museo Radio', 'Palazzo della Ragione']",San Fermo,strategy_nearest,False,0.0017809867858886719,success
0436883A9C4C81,1,['Arena'],Santa Anastasia,"['AMO', 'Museo Conte', 'Palazzo della Ragione', 'Teatro Romano', 'Centro Fotografia']",Torre Lamberti,strategy_nearest,False,0.002421855926513672,success
04367E429C4C80,0,['Castelvecchio'],Arena,"['Verona Tour', 'Museo Lapidario', 'Museo Radio', 'San Fermo', 'Casa Giulietta']",Casa Giulietta,strategy_nearest,True,0.0030930042266845703,success
043693429C4C80,3,"['Casa Giulietta', 'Torre Lamberti']",Teatro Romano,"['Santa Anastasia', 'Duomo', 'AMO', 'Palazzo della Ragione', 'Museo Conte']",Duomo,strategy_nearest,True,0.0021228790283203125,success
04368A429C4C81,1,"['Torre Lamberti', 'Palazzo della Ragione']",Santa Anastasia,"['AMO', 'Museo Conte', 'Teatro Romano', 'Centro Fotografia', 'Duomo']",Casa Giulietta,strategy_nearest,False,0.0027968883514404297,success
0436A0429C4C80,0,['Arena'],Castelvecchio,"['Museo Lapidario', 'Verona Tour', 'Museo Radio', 'San Zeno', 'Sighseeing']",Teatro Romano,strategy_nearest,False,0.0031070709228515625,success
04368B429C4C80,0,['Arena'],Torre Lamberti,"['Sighseeing', 'Centro Fotografia', 'Museo Conte', 'Casa Giulietta', 'Palazzo della Ragione']",Tomba Giulietta,strategy_nearest,False,0.0027780532836914062,success
0436A83A9C4C80,3,"['Arena', 'Casa Giulietta', 'Santa Anastasia']",Duomo,"['AMO', 'Museo Miniscalchi', 'Teatro Romano', 'Palazzo della Ragione', 'Museo Conte']",Museo Lapidario,strategy_nearest,False,0.0014700889587402344,success
0436AE429C4C81,3,"['Casa Giulietta', 'Torre Lamberti']",Santa Anastasia,"['AMO', 'Museo Conte', 'Palazzo della Ragione', 'Teatro Romano', 'Centro Fotografia']",Duomo,strategy_nearest,False,0.002947092056274414,success
0436A53A9C4C81,1,"['Arena', 'Castelvecchio']",Casa Giulietta,"['Centro Fotografia', 'Sighseeing', 'Torre Lamberti', 'Museo Conte', 'Museo Radio']",Palazzo della Ragione,strategy_nearest,False,0.0022840499877929688,success
0436AD429C4C81,3,['Arena'],Casa Giulietta,"['Centro Fotografia', 'Sighseeing', 'Torre Lamberti', 'Museo Conte', 'Museo Radio']",Santa Anastasia,strategy_nearest,False,0.002789020538330078,success
0436AF429C4C81,3,"['Arena', 'Museo Lapidario', 'Tomba Giulietta', 'San Fermo']",Casa Giulietta,"['Centro Fotografia', 'Sighseeing', 'Torre Lamberti', 'Museo Conte', 'Museo Radio']",Torre Lamberti,strategy_nearest,True,0.0022399425506591797,success
0436B2429C4C80,3,"['Arena', 'Casa Giulietta']",Torre Lamberti,"['Sighseeing', 'Centro Fotografia', 'Museo Conte', 'Palazzo della Ragione', 'AMO']",Castelvecchio,strategy_nearest,False,0.0014069080352783203,success
0436B3429C4C80,3,"['Arena', 'San Zeno']",Casa Giulietta,"['Centro Fotografia', 'Sighseeing', 'Torre Lamberti', 'Museo Conte', 'Museo Radio']",Santa Anastasia,strategy_nearest,False,0.0024640560150146484,success
0436B93A9C4C81,2,['Casa Giulietta'],Torre Lamberti,"['Sighseeing', 'Centro Fotografia', 'Museo Conte', 'Palazzo della Ragione', 'AMO']",Palazzo della Ragione,strategy_nearest,True,0.002574920654296875,success
0436B8429C4C81,3,['Castelvecchio'],Arena,"['Verona Tour', 'Museo Lapidario', 'Museo Radio', 'San Fermo', 'Casa Giulietta']",Santa Anastasia,strategy_nearest,False,0.0019800662994384766,success
0436B7429C4C81,3,"['Arena', 'Castelvecchio']",Torre Lamberti,"['Sighseeing', 'Centro Fotografia', 'Museo Conte', 'Casa Giulietta', 'Palazzo della Ragione']",Casa Giulietta,strategy_nearest,True,0.00516200065612793,success
0436B9429C4C80,3,"['Arena', 'Casa Giulietta']",Torre Lamberti,"['Sighseeing', 'Centro Fotografia', 'Museo Conte', 'Palazzo della Ragione', 'AMO']",Santa Anastasia,strategy_nearest,False,0.002897977828979492,success
0436BC3A9C4C80,3,['Arena'],Torre Lamberti,"['Sighseeing', 'Centro Fotografia', 'Museo Conte', 'Casa Giulietta', 'Palazzo della Ragione']",Casa Giulietta,strategy_nearest,True,0.0027599334716796875,success
0436BD429C4C81,3,"['Arena', 'Casa Giulietta', 'Torre Lamberti']",Santa Anastasia,"['AMO', 'Museo Conte', 'Palazzo della Ragione', 'Teatro Romano', 'Centro Fotografia']",Teatro Romano,strategy_nearest,True,0.0036127567291259766,success
0436C0429C4C81,0,"['Arena', 'Casa Giulietta']",Torre Lamberti,"['Sighseeing', 'Centro Fotografia', 'Museo Conte', 'Palazzo della Ragione', 'AMO']",Giardino Giusti,strategy_nearest,False,0.0022132396697998047,success
0436EF3A9C4C80,0,['Arena'],Casa Giulietta,"['Centro Fotografia', 'Sighseeing', 'Torre Lamberti', 'Museo Conte', 'Museo Radio']",Tomba Giulietta,strategy_nearest,False,0.002565145492553711,success
0436EC3A9C4C80,1,"['Arena', 'Tomba Giulietta']",Casa Giulietta,"['Centro Fotografia', 'Sighseeing', 'Torre Lamberti', 'Museo Conte', 'Museo Radio']",Torre Lamberti,strategy_nearest,True,0.0020563602447509766,success
0436E83A9C4C80,3,"['Arena', 'Casa Giulietta', 'Torre Lamberti']",Santa Anastasia,"['AMO', 'Museo Conte', 'Palazzo della Ragione', 'Teatro Romano', 'Centro Fotografia']",Duomo,strategy_nearest,False,0.003634929656982422,success
0436F53A9C4C80,0,['Arena'],Torre Lamberti,"['Sighseeing', 'Centro Fotografia', 'Museo Conte', 'Casa Giulietta', 'Palazzo della Ragione']",Casa Giulietta,strategy_nearest,True,0.0030028820037841797,success
043771429C4C80,3,"['Arena', 'Castelvecchio', 'Casa Giulietta']",Giardino Giusti,"['Santa Anastasia', 'Teatro Romano', 'Museo Conte', 'Centro Fotografia', 'Museo Storia']",Teatro Romano,strategy_nearest,True,0.0028069019317626953,success
043743429C4C80,1,"['Arena', 'Tomba Giulietta', 'Castelvecchio']",Duomo,"['AMO', 'Museo Miniscalchi', 'Santa Anastasia', 'Teatro Romano', 'Palazzo della Ragione']",Palazzo della Ragione,strategy_nearest,True,0.0014138221740722656,success
0437333A9C4C80,1,"['Arena', 'Casa Giulietta', 'Torre Lamberti']",Palazzo della Ragione,"['AMO', 'Museo Conte', 'Centro Fotografia', 'Sighseeing', 'Santa Anastasia']",Santa Anastasia,strategy_nearest,True,0.0022399425506591797,success
0437793A9C4C80,3,"['Arena', 'Casa Giulietta', 'Torre Lamberti']",Santa Anastasia,"['AMO', 'Museo Conte', 'Palazzo della Ragione', 'Teatro Romano', 'Centro Fotografia']",Teatro Romano,strategy_nearest,True,0.0031728744506835938,success
04377A429C4C81,0,"['Arena', 'Torre Lamberti']",Casa Giulietta,"['Centro Fotografia', 'Sighseeing', 'Museo Conte', 'Museo Radio', 'Palazzo della Ragione']",Tomba Giulietta,strategy_nearest,False,0.002749919891357422,success
0437843A9C4C80,3,"['Tomba Giulietta', 'Arena']",Torre Lamberti,"['Sighseeing', 'Centro Fotografia', 'Museo Conte', 'Casa Giulietta', 'Palazzo della Ragione']",Casa Giulietta,strategy_nearest,True,0.0019998550415039062,success
043780429C4C80,1,['Arena'],Casa Giulietta,"['Centro Fotografia', 'Sighseeing', 'Torre Lamberti', 'Museo Conte', 'Museo Radio']",Torre Lamberti,strategy_nearest,True,0.00333404541015625,success
04378B4A9C4C80,0,['Arena'],Museo Lapidario,"['Verona Tour', 'Castelvecchio', 'Museo Radio', 'San Fermo', 'Casa Giulietta']",Castelvecchio,strategy_nearest,True,0.0028619766235351562,success
0437893A9C4C80,0,['Arena'],Casa Giulietta,"['Centro Fotografia', 'Sighseeing', 'Torre Lamberti', 'Museo Conte', 'Museo Radio']",San Fermo,strategy_nearest,False,0.002276182174682617,success
04378D429C4C81,1,['Palazzo della Ragione'],Teatro Romano,"['Santa Anastasia', 'Duomo', 'AMO', 'Museo Conte', 'Centro Fotografia']",Castelvecchio,strategy_nearest,False,0.0029480457305908203,success
043784429C4C80,1,"['Arena', 'Castelvecchio']",Casa Giulietta,"['Centro Fotografia', 'Sighseeing', 'Torre Lamberti', 'Museo Conte', 'Museo Radio']",Torre Lamberti,strategy_nearest,True,0.0016131401062011719,success
04378E3A9C4C80,1,"['Torre Lamberti', 'Palazzo della Ragione', 'Santa Anastasia']",Duomo,"['AMO', 'Museo Miniscalchi', 'Teatro Romano', 'Museo Conte', 'Centro Fotografia']",Casa Giulietta,strategy_nearest,False,0.0014119148254394531,success
04378D4A9C4C81,3,"['Arena', 'Casa Giulietta']",Torre Lamberti,"['Sighseeing', 'Centro Fotografia', 'Museo Conte', 'Palazzo della Ragione', 'AMO']",Santa Anastasia,strategy_nearest,False,0.0034401416778564453,success
043791429C4C81,3,"['Arena', 'Museo Lapidario']",Castelvecchio,"['Verona Tour', 'Museo Radio', 'San Zeno', 'Sighseeing', 'Museo Miniscalchi']",Santa Anastasia,strategy_nearest,False,0.003031015396118164,success
043790429C4C80,1,"['Arena', 'Torre Lamberti']",Palazzo della Ragione,"['AMO', 'Museo Conte', 'Centro Fotografia', 'Sighseeing', 'Santa Anastasia']",Casa Giulietta,strategy_nearest,False,0.0021660327911376953,success
0437A772743380,0,['Arena'],San Zeno,"['Castelvecchio', 'Verona Tour', 'Museo Lapidario', 'Museo Miniscalchi', 'Sighseeing']",Casa Giulietta,strategy_nearest,False,0.002549886703491211,success
043793429C4C80,1,"['Casa Giulietta', 'Palazzo della Ragione', 'Torre Lamberti']",Duomo,"['AMO', 'Museo Miniscalchi', 'Santa Anastasia', 'Teatro Romano', 'Museo Conte']",Teatro Romano,strategy_nearest,True,0.0020661354064941406,success
0437A9429C4C80,0,['Arena'],Casa Giulietta,"['Centro Fotografia', 'Sighseeing', 'Torre Lamberti', 'Museo Conte', 'Museo Radio']",Tomba Giulietta,strategy_nearest,False,0.002366781234741211,success
0437B73A9C4C80,1,"['Castelvecchio', 'Santa Anastasia']",Duomo,"['AMO', 'Museo Miniscalchi', 'Teatro Romano', 'Palazzo della Ragione', 'Museo Conte']",Palazzo della Ragione,strategy_nearest,True,0.0024192333221435547,success
0437AD429C4C80,1,"['Arena', 'Santa Anastasia']",Duomo,"['AMO', 'Museo Miniscalchi', 'Teatro Romano', 'Palazzo della Ragione', 'Museo Conte']",Torre Lamberti,strategy_nearest,False,0.0033180713653564453,success
0437B23A9C4C80,3,"['Arena', 'Casa Giulietta']",Torre Lamberti,"['Sighseeing', 'Centro Fotografia', 'Museo Conte', 'Palazzo della Ragione', 'AMO']",Santa Anastasia,strategy_nearest,False,0.0026700496673583984,success
0437BD429C4C80,1,"['Arena', 'Palazzo della Ragione']",Torre Lamberti,"['Sighseeing', 'Centro Fotografia', 'Museo Conte', 'Casa Giulietta', 'AMO']",Casa Giulietta,strategy_nearest,True,0.0032019615173339844,success
0437BE429C4C80,3,"['Arena', 'Castelvecchio']",Casa Giulietta,"['Centro Fotografia', 'Sighseeing', 'Torre Lamberti', 'Museo Conte', 'Museo Radio']",Torre Lamberti,strategy_nearest,True,0.002866983413696289,success
0437C2429C4C80,0,['Castelvecchio'],Arena,"['Verona Tour', 'Museo Lapidario', 'Museo Radio', 'San Fermo', 'Casa Giulietta']",Casa Giulietta,strategy_nearest,True,0.0034291744232177734,success
0437C53A9C4C80,3,"['Arena', 'Casa Giulietta', 'Teatro Romano']",Duomo,"['AMO', 'Museo Miniscalchi', 'Santa Anastasia', 'Palazzo della Ragione', 'Museo Conte']",Torre Lamberti,strategy_nearest,False,0.001232147216796875,success
0437C9429C4C80,3,"['Casa Giulietta', 'Torre Lamberti']",Santa Anastasia,"['AMO', 'Museo Conte', 'Palazzo della Ragione', 'Teatro Romano', 'Centro Fotografia']",Duomo,strategy_nearest,False,0.0012211799621582031,success
0437C8429C4C80,0,['Arena'],Duomo,"['AMO', 'Museo Miniscalchi', 'Santa Anastasia', 'Teatro Romano', 'Palazzo della Ragione']",Casa Giulietta,strategy_nearest,False,0.0023682117462158203,success
0437F53A9C4C80,1,"['Casa Giulietta', 'Arena']",Torre Lamberti,"['Sighseeing', 'Centro Fotografia', 'Museo Conte', 'Palazzo della Ragione', 'AMO']",Palazzo della Ragione,strategy_nearest,True,0.003091096878051758,success
0437D63A9C4C80,0,['Arena'],Casa Giulietta,"['Centro Fotografia', 'Sighseeing', 'Torre Lamberti', 'Museo Conte', 'Museo Radio']",Torre Lamberti,strategy_nearest,True,0.002862215042114258,success
043839429C4C80,0,['Casa Giulietta'],Torre Lamberti,"['Sighseeing', 'Centro Fotografia', 'Museo Conte', 'Palazzo della Ragione', 'AMO']",Arena,strategy_nearest,False,0.0022172927856445312,success
0438303A9C4C80,0,['Tomba Giulietta'],Arena,"['Verona Tour', 'Museo Lapidario', 'Museo Radio', 'San Fermo', 'Casa Giulietta']",Casa Giulietta,strategy_nearest,True,0.003548145294189453,success
043835429C4C80,1,"['Arena', 'Casa Giulietta']",Torre Lamberti,"['Sighseeing', 'Centro Fotografia', 'Museo Conte', 'Palazzo della Ragione', 'AMO']",Palazzo della Ragione,strategy_nearest,True,0.0021941661834716797,success
0438743A9C4C80,1,"['Torre Lamberti', 'Palazzo della Ragione']",Santa Anastasia,"['AMO', 'Museo Conte', 'Teatro Romano', 'Centro Fotografia', 'Duomo']",Duomo,strategy_nearest,True,0.001859903335571289,success
0438473A9C4C80,1,"['Arena', 'Casa Giulietta']",Torre Lamberti,"['Sighseeing', 'Centro Fotografia', 'Museo Conte', 'Palazzo della Ragione', 'AMO']",Palazzo della Ragione,strategy_nearest,True,0.0031652450561523438,success
04387F429C4C80,0,"['Arena', 'Casa Giulietta']",Castelvecchio,"['Museo Lapidario', 'Verona Tour', 'Museo Radio', 'San Zeno', 'Sighseeing']",Tomba Giulietta,strategy_nearest,False,0.002608060836791992,success
0438803A9C4C80,0,"['Casa Giulietta', 'Torre Lamberti']",Arena,"['Verona Tour', 'Museo Lapidario', 'Museo Radio', 'San Fermo', 'Sighseeing']",Tomba Giulietta,strategy_nearest,False,0.003609180450439453,success
043880429C4C80,0,['Arena'],Casa Giulietta,"['Centro Fotografia', 'Sighseeing', 'Torre Lamberti', 'Museo Conte', 'Museo Radio']",Museo Storia,strategy_nearest,False,0.0027158260345458984,success
043889429C4C81,0,['Teatro Romano'],Duomo,"['AMO', 'Museo Miniscalchi', 'Santa Anastasia', 'Palazzo della Ragione', 'Museo Conte']",Arena,strategy_nearest,False,0.003342151641845703,success
04388C429C4C81,0,['Arena'],Casa Giulietta,"['Centro Fotografia', 'Sighseeing', 'Torre Lamberti', 'Museo Conte', 'Museo Radio']",Torre Lamberti,strategy_nearest,True,0.002544879913330078,success
04388E4A9C4C80,1,['Arena'],Casa Giulietta,"['Centro Fotografia', 'Sighseeing', 'Torre Lamberti', 'Museo Conte', 'Museo Radio']",Torre Lamberti,strategy_nearest,True,0.0025839805603027344,success
04388B429C4C81,1,"['Museo Lapidario', 'Castelvecchio']",Arena,"['Verona Tour', 'Museo Radio', 'San Fermo', 'Casa Giulietta', 'Sighseeing']",Casa Giulietta,strategy_nearest,True,0.003326892852783203,success
04388F429C4C81,0,['Castelvecchio'],Arena,"['Verona Tour', 'Museo Lapidario', 'Museo Radio', 'San Fermo', 'Casa Giulietta']",Casa Giulietta,strategy_nearest,True,0.0022809505462646484,success
04388F429C4C80,3,"['Arena', 'Torre Lamberti']",Casa Giulietta,"['Centro Fotografia', 'Sighseeing', 'Museo Conte', 'Museo Radio', 'Palazzo della Ragione']",Santa Anastasia,strategy_nearest,False,0.003351926803588867,success
0438A472743380,1,"['Arena', 'Teatro Romano', 'Santa Anastasia']",Casa Giulietta,"['Centro Fotografia', 'Sighseeing', 'Torre Lamberti', 'Museo Conte', 'Museo Radio']",Castelvecchio,strategy_nearest,False,0.0020961761474609375,success
04389A4A9C4C81,0,['Arena'],Castelvecchio,"['Museo Lapidario', 'Verona Tour', 'Museo Radio', 'San Zeno', 'Sighseeing']",Torre Lamberti,strategy_nearest,False,0.0018401145935058594,success
043891429C4C80,3,"['Arena', 'Castelvecchio']",San Zeno,"['Verona Tour', 'Museo Lapidario', 'Museo Miniscalchi', 'Sighseeing', 'Museo Radio']",Casa Giulietta,strategy_nearest,False,0.0044269561767578125,success
0438A5429C4C81,0,['Arena'],Torre Lamberti,"['Sighseeing', 'Centro Fotografia', 'Museo Conte', 'Casa Giulietta', 'Palazzo della Ragione']",Casa Giulietta,strategy_nearest,True,0.003536224365234375,success
0438B5429C4C80,2,['Torre Lamberti'],Duomo,"['AMO', 'Museo Miniscalchi', 'Santa Anastasia', 'Teatro Romano', 'Palazzo della Ragione']",Casa Giulietta,strategy_nearest,False,0.0030837059020996094,success
0438A672743380,1,"['Arena', 'Casa Giulietta', 'Palazzo della Ragione']",Duomo,"['AMO', 'Museo Miniscalchi', 'Santa Anastasia', 'Teatro Romano', 'Museo Conte']",Teatro Romano,strategy_nearest,True,0.0024628639221191406,success
0438A872743380,3,"['Arena', 'Casa Giulietta', 'Torre Lamberti', 'Santa Anastasia']",Duomo,"['AMO', 'Museo Miniscalchi', 'Teatro Romano', 'Palazzo della Ragione', 'Museo Conte']",Teatro Romano,strategy_nearest,True,0.0031430721282958984,success
0438B73A9C4C80,0,['Arena'],Casa Giulietta,"['Centro Fotografia', 'Sighseeing', 'Torre Lamberti', 'Museo Conte', 'Museo Radio']",Arena,strategy_nearest,False,0.002880096435546875,success
0438ED3A9C4C80,1,"['Arena', 'San Fermo', 'Casa Giulietta', 'Torre Lamberti']",Palazzo della Ragione,"['AMO', 'Museo Conte', 'Centro Fotografia', 'Sighseeing', 'Santa Anastasia']",Santa Anastasia,strategy_nearest,True,0.002147197723388672,success
0438EB3A9C4C80,0,['Arena'],Casa Giulietta,"['Centro Fotografia', 'Sighseeing', 'Torre Lamberti', 'Museo Conte', 'Museo Radio']",Torre Lamberti,strategy_nearest,True,0.0034711360931396484,success
0438C4429C4C80,0,['Casa Giulietta'],Arena,"['Verona Tour', 'Museo Lapidario', 'Museo Radio', 'San Fermo', 'Sighseeing']",Torre Lamberti,strategy_nearest,False,0.001628875732421875,success
0438F73A9C4C80,3,"['Arena', 'Casa Giulietta']",Santa Anastasia,"['AMO', 'Museo Conte', 'Palazzo della Ragione', 'Teatro Romano', 'Centro Fotografia']",Duomo,strategy_nearest,False,0.0019421577453613281,success
0439373A9C4C80,0,"['Torre Lamberti', 'Casa Giulietta']",San Fermo,"['Museo Storia', 'Museo Radio', 'Centro Fotografia', 'Arena', 'Sighseeing']",Tomba Giulietta,strategy_nearest,False,0.0026099681854248047,success
043963429C4C80,0,"['Casa Giulietta', 'Torre Lamberti']",Tomba Giulietta,"['San Fermo', 'Museo Storia', 'Arena', 'Museo Lapidario', 'Museo Radio']",Arena,strategy_nearest,True,0.0030388832092285156,success
0439463A9C4C80,3,['Arena'],San Fermo,"['Museo Storia', 'Museo Radio', 'Casa Giulietta', 'Centro Fotografia', 'Sighseeing']",Casa Giulietta,strategy_nearest,True,0.002953767776489258,success
04397B4A9C4C80,1,"['Torre Lamberti', 'Palazzo della Ragione', 'San Fermo']",Arena,"['Verona Tour', 'Museo Lapidario', 'Museo Radio', 'Casa Giulietta', 'Sighseeing']",Castelvecchio,strategy_nearest,False,0.003072977066040039,success
0439794A9C4C80,0,"['Tomba Giulietta', 'Torre Lamberti']",Casa Giulietta,"['Centro Fotografia', 'Sighseeing', 'Museo Conte', 'Museo Radio', 'Palazzo della Ragione']",Castelvecchio,strategy_nearest,False,0.003178834915161133,success
04397C3A9C4C80,4,"['Arena', 'Castelvecchio']",Casa Giulietta,"['Centro Fotografia', 'Sighseeing', 'Torre Lamberti', 'Museo Conte', 'Museo Radio']",Santa Anastasia,strategy_nearest,False,0.002064943313598633,success
04397C4A9C4C80,1,"['Arena', 'Palazzo della Ragione']",Torre Lamberti,"['Sighseeing', 'Centro Fotografia', 'Museo Conte', 'Casa Giulietta', 'AMO']",Casa Giulietta,strategy_nearest,True,0.0027980804443359375,success
04397D3A9C4C80,1,['Arena'],Casa Giulietta,"['Centro Fotografia', 'Sighseeing', 'Torre Lamberti', 'Museo Conte', 'Museo Radio']",Torre Lamberti,strategy_nearest,True,0.002696990966796875,success
04397E3A9C4C80,0,['Arena'],Torre Lamberti,"['Sighseeing', 'Centro Fotografia', 'Museo Conte', 'Casa Giulietta', 'Palazzo della Ragione']",Casa Giulietta,strategy_nearest,True,0.003412008285522461,success
0439823A9C4C80,1,"['Palazzo della Ragione', 'Santa Anastasia', 'Castelvecchio']",Arena,"['Verona Tour', 'Museo Lapidario', 'Museo Radio', 'San Fermo', 'Casa Giulietta']",Teatro Romano,strategy_nearest,False,0.002354145050048828,success
043989429C4C81,0,"['Arena', 'Casa Giulietta']",Torre Lamberti,"['Sighseeing', 'Centro Fotografia', 'Museo Conte', 'Palazzo della Ragione', 'AMO']",Castelvecchio,strategy_nearest,False,0.0017962455749511719,success
0439844A9C4C81,0,"['Arena', 'Torre Lamberti']",Casa Giulietta,"['Centro Fotografia', 'Sighseeing', 'Museo Conte', 'Museo Radio', 'Palazzo della Ragione']",Casa Giulietta,strategy_nearest,False,0.0036857128143310547,success
04398D429C4C80,3,"['Arena', 'Casa Giulietta']",Teatro Romano,"['Santa Anastasia', 'Duomo', 'AMO', 'Palazzo della Ragione', 'Museo Conte']",Torre Lamberti,strategy_nearest,False,0.0025482177734375,success
04398A429C4C81,3,['Santa Anastasia'],Duomo,"['AMO', 'Museo Miniscalchi', 'Teatro Romano', 'Palazzo della Ragione', 'Museo Conte']",Arena,strategy_nearest,False,0.0032088756561279297,success
04398E3A9C4C80,0,['Tomba Giulietta'],Arena,"['Verona Tour', 'Museo Lapidario', 'Museo Radio', 'San Fermo', 'Casa Giulietta']",Casa Giulietta,strategy_nearest,True,0.0030210018157958984,success
0439B0429C4C80,0,['Arena'],Casa Giulietta,"['Centro Fotografia', 'Sighseeing', 'Torre Lamberti', 'Museo Conte', 'Museo Radio']",Palazzo della Ragione,strategy_nearest,False,0.0019452571868896484,success
0439B1429C4C80,1,['Arena'],Museo Lapidario,"['Verona Tour', 'Castelvecchio', 'Museo Radio', 'San Fermo', 'Casa Giulietta']",Casa Giulietta,strategy_nearest,True,0.0026259422302246094,success
0439BF429C4C80,0,"['San Fermo', 'Casa Giulietta']",Arena,"['Verona Tour', 'Museo Lapidario', 'Museo Radio', 'Sighseeing', 'Castelvecchio']",Tomba Giulietta,strategy_nearest,False,0.0025069713592529297,success
0439B9429C4C80,0,"['Arena', 'Museo Lapidario']",Casa Giulietta,"['Centro Fotografia', 'Sighseeing', 'Torre Lamberti', 'Museo Conte', 'Museo Radio']",Duomo,strategy_nearest,False,0.002416849136352539,success
0439C63A9C4C80,1,"['Castelvecchio', 'Arena']",Palazzo della Ragione,"['AMO', 'Museo Conte', 'Torre Lamberti', 'Centro Fotografia', 'Sighseeing']",Casa Giulietta,strategy_nearest,False,0.003200054168701172,success
0439C0429C4C80,0,['Casa Giulietta'],Arena,"['Verona Tour', 'Museo Lapidario', 'Museo Radio', 'San Fermo', 'Sighseeing']",Torre Lamberti,strategy_nearest,False,0.002549886703491211,success
0439CD3A9C4C80,1,"['Arena', 'Castelvecchio', 'Torre Lamberti']",Palazzo della Ragione,"['AMO', 'Museo Conte', 'Centro Fotografia', 'Sighseeing', 'Santa Anastasia']",Casa Giulietta,strategy_nearest,False,0.0025017261505126953,success
0439E03A9C4C80,3,"['Arena', 'Casa Giulietta']",Torre Lamberti,"['Sighseeing', 'Centro Fotografia', 'Museo Conte', 'Palazzo della Ragione', 'AMO']",Santa Anastasia,strategy_nearest,False,0.002629995346069336,success
0439DE3A9C4C80,0,['Arena'],Casa Giulietta,"['Centro Fotografia', 'Sighseeing', 'Torre Lamberti', 'Museo Conte', 'Museo Radio']",Torre Lamberti,strategy_nearest,True,0.0026018619537353516,success
0439EB3A9C4C80,1,['Arena'],Casa Giulietta,"['Centro Fotografia', 'Sighseeing', 'Torre Lamberti', 'Museo Conte', 'Museo Radio']",Palazzo della Ragione,strategy_nearest,False,0.0029709339141845703,success
043A833A9C4C80,0,['Arena'],Casa Giulietta,"['Centro Fotografia', 'Sighseeing', 'Torre Lamberti', 'Museo Conte', 'Museo Radio']",Tomba Giulietta,strategy_nearest,False,0.0031528472900390625,success
043AA6429C4C80,3,"['Duomo', 'Torre Lamberti']",Teatro Romano,"['Santa Anastasia', 'AMO', 'Palazzo della Ragione', 'Museo Conte', 'Centro Fotografia']",Casa Giulietta,strategy_nearest,False,0.0022666454315185547,success
043A994A9C4C81,0,"['Arena', 'Casa Giulietta']",Torre Lamberti,"['Sighseeing', 'Centro Fotografia', 'Museo Conte', 'Palazzo della Ragione', 'AMO']",Castelvecchio,strategy_nearest,False,0.0032198429107666016,success
043AA772743380,1,"['Arena', 'Castelvecchio', 'Casa Giulietta']",Torre Lamberti,"['Sighseeing', 'Centro Fotografia', 'Museo Conte', 'Palazzo della Ragione', 'AMO']",Palazzo della Ragione,strategy_nearest,True,0.0019290447235107422,success
043AA672743380,1,"['Tomba Giulietta', 'Palazzo della Ragione']",Torre Lamberti,"['Sighseeing', 'Centro Fotografia', 'Museo Conte', 'Casa Giulietta', 'AMO']",Santa Anastasia,strategy_nearest,False,0.0019698143005371094,success
043AEA3A9C4C80,3,['Arena'],Torre Lamberti,"['Sighseeing', 'Centro Fotografia', 'Museo Conte', 'Casa Giulietta', 'Palazzo della Ragione']",Santa Anastasia,strategy_nearest,False,0.0025420188903808594,success
043B043A9C4C84,1,"['Arena', 'Casa Giulietta', 'Torre Lamberti']",Palazzo della Ragione,"['AMO', 'Museo Conte', 'Centro Fotografia', 'Sighseeing', 'Santa Anastasia']",Santa Anastasia,strategy_nearest,True,0.003920078277587891,success
043B2C4A9C4C80,1,"['Arena', 'Casa Giulietta', 'Castelvecchio']",Torre Lamberti,"['Sighseeing', 'Centro Fotografia', 'Museo Conte', 'Palazzo della Ragione', 'AMO']",Palazzo della Ragione,strategy_nearest,True,0.0014529228210449219,success
043B323A9C4C80,3,"['Casa Giulietta', 'Torre Lamberti', 'Santa Anastasia']",Duomo,"['AMO', 'Museo Miniscalchi', 'Teatro Romano', 'Palazzo della Ragione', 'Museo Conte']",Teatro Romano,strategy_nearest,True,0.002665996551513672,success
043B403A9C4C80,3,"['Arena', 'Torre Lamberti']",Santa Anastasia,"['AMO', 'Museo Conte', 'Palazzo della Ragione', 'Teatro Romano', 'Centro Fotografia']",Duomo,strategy_nearest,False,0.0016965866088867188,success
043B35429C4C80,1,"['Arena', 'Casa Giulietta']",Torre Lamberti,"['Sighseeing', 'Centro Fotografia', 'Museo Conte', 'Palazzo della Ragione', 'AMO']",Palazzo della Ragione,strategy_nearest,True,0.003312349319458008,success
043B533A9C4C80,0,['Arena'],Casa Giulietta,"['Centro Fotografia', 'Sighseeing', 'Torre Lamberti', 'Museo Conte', 'Museo Radio']",Torre Lamberti,strategy_nearest,True,0.002557992935180664,success
043B763A9C4C80,0,['Arena'],Torre Lamberti,"['Sighseeing', 'Centro Fotografia', 'Museo Conte', 'Casa Giulietta', 'Palazzo della Ragione']",Casa Giulietta,strategy_nearest,True,0.0019228458404541016,success
043B733A9C4C80,0,['Arena'],Casa Giulietta,"['Centro Fotografia', 'Sighseeing', 'Torre Lamberti', 'Museo Conte', 'Museo Radio']",Torre Lamberti,strategy_nearest,True,0.002841949462890625,success
043B743A9C4C80,1,"['Casa Giulietta', 'Santa Anastasia', 'Duomo']",Torre Lamberti,"['Sighseeing', 'Centro Fotografia', 'Museo Conte', 'Palazzo della Ragione', 'AMO']",Palazzo della Ragione,strategy_nearest,True,0.0034737586975097656,success
043B79429C4C80,1,"['Arena', 'Torre Lamberti', 'Palazzo della Ragione']",Casa Giulietta,"['Centro Fotografia', 'Sighseeing', 'Museo Conte', 'Museo Radio', 'San Fermo']",Santa Anastasia,strategy_nearest,False,0.003278970718383789,success
043B883A9C4C80,3,['Arena'],Casa Giulietta,"['Centro Fotografia', 'Sighseeing', 'Torre Lamberti', 'Museo Conte', 'Museo Radio']",Santa Anastasia,strategy_nearest,False,0.0019800662994384766,success
043B89429C4C80,1,"['Castelvecchio', 'Arena', 'Casa Giulietta']",Torre Lamberti,"['Sighseeing', 'Centro Fotografia', 'Museo Conte', 'Palazzo della Ragione', 'AMO']",Palazzo della Ragione,strategy_nearest,True,0.002639293670654297,success
043B7E429C4C80,3,['Arena'],Torre Lamberti,"['Sighseeing', 'Centro Fotografia', 'Museo Conte', 'Casa Giulietta', 'Palazzo della Ragione']",Casa Giulietta,strategy_nearest,True,0.0034322738647460938,success
043B9B429C4C81,3,"['Castelvecchio', 'Arena', 'Torre Lamberti']",Casa Giulietta,"['Centro Fotografia', 'Sighseeing', 'Museo Conte', 'Museo Radio', 'Palazzo della Ragione']",Tomba Giulietta,strategy_nearest,False,0.0013380050659179688,success
043B9C429C4C80,0,['San Zeno'],Arena,"['Verona Tour', 'Museo Lapidario', 'Museo Radio', 'San Fermo', 'Casa Giulietta']",Casa Giulietta,strategy_nearest,True,0.003493070602416992,success
043B894A9C4C80,3,"['Arena', 'Casa Giulietta', 'Torre Lamberti']",Castelvecchio,"['Museo Lapidario', 'Verona Tour', 'Museo Radio', 'San Zeno', 'Sighseeing']",Giardino Giusti,strategy_nearest,False,0.0024466514587402344,success
043B9E429C4C81,6,['Arena'],Casa Giulietta,"['Centro Fotografia', 'Sighseeing', 'Torre Lamberti', 'Museo Conte', 'Museo Radio']",Verona Tour,strategy_nearest,False,0.002412080764770508,success
043BAC429C4C80,0,['Castelvecchio'],Museo Lapidario,"['Verona Tour', 'Arena', 'Museo Radio', 'San Fermo', 'Casa Giulietta']",Arena,strategy_nearest,True,0.002573251724243164,success
043BCA3A9C4C80,0,['Arena'],Duomo,"['AMO', 'Museo Miniscalchi', 'Santa Anastasia', 'Teatro Romano', 'Palazzo della Ragione']",Castelvecchio,strategy_nearest,False,0.0018930435180664062,success
043BAB3A9C4C80,1,"['Arena', 'Palazzo della Ragione']",Torre Lamberti,"['Sighseeing', 'Centro Fotografia', 'Museo Conte', 'Casa Giulietta', 'AMO']",Casa Giulietta,strategy_nearest,True,0.00139617919921875,success
043BEC3A9C4C80,3,['Arena'],Torre Lamberti,"['Sighseeing', 'Centro Fotografia', 'Museo Conte', 'Casa Giulietta', 'Palazzo della Ragione']",Santa Anastasia,strategy_nearest,False,0.0013468265533447266,success
043BFA3A9C4C80,1,['Arena'],Casa Giulietta,"['Centro Fotografia', 'Sighseeing', 'Torre Lamberti', 'Museo Conte', 'Museo Radio']",Torre Lamberti,strategy_nearest,True,0.002309083938598633,success
043C473A9C4C80,3,"['Arena', 'Castelvecchio']",Torre Lamberti,"['Sighseeing', 'Centro Fotografia', 'Museo Conte', 'Casa Giulietta', 'Palazzo della Ragione']",Casa Giulietta,strategy_nearest,True,0.002836942672729492,success
043C4ABA7B3F80,0,['Arena'],Castelvecchio,"['Museo Lapidario', 'Verona Tour', 'Museo Radio', 'San Zeno', 'Sighseeing']",Casa Giulietta,strategy_nearest,False,0.002401113510131836,success
043C61429C4C80,0,['Casa Giulietta'],Arena,"['Verona Tour', 'Museo Lapidario', 'Museo Radio', 'San Fermo', 'Sighseeing']",Castelvecchio,strategy_nearest,False,0.0020210742950439453,success
043C64429C4C80,3,"['Arena', 'Casa Giulietta']",Torre Lamberti,"['Sighseeing', 'Centro Fotografia', 'Museo Conte', 'Palazzo della Ragione', 'AMO']",Santa Anastasia,strategy_nearest,False,0.0026428699493408203,success
043C753A9C4C80,3,['Arena'],Casa Giulietta,"['Centro Fotografia', 'Sighseeing', 'Torre Lamberti', 'Museo Conte', 'Museo Radio']",Torre Lamberti,strategy_nearest,True,0.003014802932739258,success
043C71429C4C80,0,"['Arena', 'Casa Giulietta']",Torre Lamberti,"['Sighseeing', 'Centro Fotografia', 'Museo Conte', 'Palazzo della Ragione', 'AMO']",Castelvecchio,strategy_nearest,False,0.0027511119842529297,success
043C7C4A9C4C80,1,['Arena'],Casa Giulietta,"['Centro Fotografia', 'Sighseeing', 'Torre Lamberti', 'Museo Conte', 'Museo Radio']",Palazzo della Ragione,strategy_nearest,False,0.002851724624633789,success
043C853A9C4C80,2,['Torre Lamberti'],Casa Giulietta,"['Centro Fotografia', 'Sighseeing', 'Museo Conte', 'Museo Radio', 'Palazzo della Ragione']",San Fermo,strategy_nearest,False,0.0032379627227783203,success
043C7A3A9C4C80,3,"['Arena', 'Casa Giulietta']",Torre Lamberti,"['Sighseeing', 'Centro Fotografia', 'Museo Conte', 'Palazzo della Ragione', 'AMO']",Santa Anastasia,strategy_nearest,False,0.0027909278869628906,success
043C833A9C4C80,0,['Casa Giulietta'],Torre Lamberti,"['Sighseeing', 'Centro Fotografia', 'Museo Conte', 'Palazzo della Ragione', 'AMO']",Arena,strategy_nearest,False,0.0028769969940185547,success
043C893A9C4C80,0,['Arena'],Castelvecchio,"['Museo Lapidario', 'Verona Tour', 'Museo Radio', 'San Zeno', 'Sighseeing']",Casa Giulietta,strategy_nearest,False,0.002669811248779297,success
043CA8429C4C80,0,['Arena'],Santa Anastasia,"['AMO', 'Museo Conte', 'Palazzo della Ragione', 'Teatro Romano', 'Centro Fotografia']",Casa Giulietta,strategy_nearest,False,0.0029702186584472656,success
043CA872743380,3,"['Arena', 'Casa Giulietta', 'Santa Anastasia']",Duomo,"['AMO', 'Museo Miniscalchi', 'Teatro Romano', 'Palazzo della Ragione', 'Museo Conte']",Torre Lamberti,strategy_nearest,False,0.0032968521118164062,success
043C8F3A9C4C80,0,['Arena'],Casa Giulietta,"['Centro Fotografia', 'Sighseeing', 'Torre Lamberti', 'Museo Conte', 'Museo Radio']",Santa Anastasia,strategy_nearest,False,0.0022802352905273438,success
043CAA429C4C80,1,"['Casa Giulietta', 'Torre Lamberti', 'Palazzo della Ragione']",Duomo,"['AMO', 'Museo Miniscalchi', 'Santa Anastasia', 'Teatro Romano', 'Museo Conte']",Teatro Romano,strategy_nearest,True,0.002500772476196289,success
043CAF429C4C80,1,"['Casa Giulietta', 'Torre Lamberti', 'Palazzo della Ragione']",Duomo,"['AMO', 'Museo Miniscalchi', 'Santa Anastasia', 'Teatro Romano', 'Museo Conte']",Teatro Romano,strategy_nearest,True,0.001995086669921875,success
043CB8429C4C80,0,['Arena'],Torre Lamberti,"['Sighseeing', 'Centro Fotografia', 'Museo Conte', 'Casa Giulietta', 'Palazzo della Ragione']",Casa Giulietta,strategy_nearest,True,0.002835988998413086,success
043CC1429C4C80,1,['Arena'],Palazzo della Ragione,"['AMO', 'Museo Conte', 'Torre Lamberti', 'Centro Fotografia', 'Sighseeing']",Torre Lamberti,strategy_nearest,True,0.0026340484619140625,success
043CC93A9C4C80,1,"['Arena', 'Casa Giulietta', 'Santa Anastasia']",Teatro Romano,"['Duomo', 'AMO', 'Palazzo della Ragione', 'Museo Conte', 'Centro Fotografia']",Duomo,strategy_nearest,True,0.0024209022521972656,success
043CC63A9C4C80,0,['Tomba Giulietta'],Arena,"['Verona Tour', 'Museo Lapidario', 'Museo Radio', 'San Fermo', 'Casa Giulietta']",Castelvecchio,strategy_nearest,False,0.0018558502197265625,success
043CF23A9C4C80,0,"['Arena', 'Casa Giulietta']",Torre Lamberti,"['Sighseeing', 'Centro Fotografia', 'Museo Conte', 'Palazzo della Ragione', 'AMO']",Teatro Romano,strategy_nearest,False,0.0025119781494140625,success
043D033A9C4C84,3,"['Arena', 'Duomo']",Teatro Romano,"['Santa Anastasia', 'AMO', 'Palazzo della Ragione', 'Museo Conte', 'Centro Fotografia']",Santa Anastasia,strategy_nearest,True,0.003376007080078125,success
043D053A9C4C84,3,['Arena'],Castelvecchio,"['Museo Lapidario', 'Verona Tour', 'Museo Radio', 'San Zeno', 'Sighseeing']",Santa Anastasia,strategy_nearest,False,0.003175973892211914,success
043D0A3A9C4C84,3,"['Arena', 'Casa Giulietta']",Santa Anastasia,"['AMO', 'Museo Conte', 'Palazzo della Ragione', 'Teatro Romano', 'Centro Fotografia']",Duomo,strategy_nearest,False,0.0018219947814941406,success
043D2B3A9C4C80,2,['Casa Giulietta'],Torre Lamberti,"['Sighseeing', 'Centro Fotografia', 'Museo Conte', 'Palazzo della Ragione', 'AMO']",Palazzo della Ragione,strategy_nearest,True,0.0027587413787841797,success
043D39429C4C80,0,['Arena'],Giardino Giusti,"['Santa Anastasia', 'Teatro Romano', 'Museo Conte', 'Centro Fotografia', 'Museo Storia']",Castelvecchio,strategy_nearest,False,0.002610921859741211,success
043D38429C4C80,0,['Arena'],Castelvecchio,"['Museo Lapidario', 'Verona Tour', 'Museo Radio', 'San Zeno', 'Sighseeing']",Casa Giulietta,strategy_nearest,False,0.0036122798919677734,success
043D2F3A9C4C80,0,['Arena'],Torre Lamberti,"['Sighseeing', 'Centro Fotografia', 'Museo Conte', 'Casa Giulietta', 'Palazzo della Ragione']",Teatro Romano,strategy_nearest,False,0.0022029876708984375,success
043D753A9C4C80,3,"['Arena', 'Castelvecchio', 'Torre Lamberti']",Casa Giulietta,"['Centro Fotografia', 'Sighseeing', 'Museo Conte', 'Museo Radio', 'Palazzo della Ragione']",Santa Anastasia,strategy_nearest,False,0.0022001266479492188,success
043D803A9C4C80,1,"['Museo Lapidario', 'Castelvecchio', 'Arena']",Palazzo della Ragione,"['AMO', 'Museo Conte', 'Torre Lamberti', 'Centro Fotografia', 'Sighseeing']",Torre Lamberti,strategy_nearest,True,0.002769947052001953,success
043D9D429C4C80,0,['Museo Storia'],San Fermo,"['Museo Radio', 'Casa Giulietta', 'Centro Fotografia', 'Arena', 'Sighseeing']",Torre Lamberti,strategy_nearest,False,0.002767801284790039,success
043D813A9C4C80,0,"['Arena', 'Casa Giulietta']",Torre Lamberti,"['Sighseeing', 'Centro Fotografia', 'Museo Conte', 'Palazzo della Ragione', 'AMO']",Duomo,strategy_nearest,False,0.001544952392578125,success
043DA572743380,1,"['Teatro Romano', 'Arena', 'Museo Lapidario']",Castelvecchio,"['Verona Tour', 'Museo Radio', 'San Zeno', 'Sighseeing', 'Museo Miniscalchi']",Casa Giulietta,strategy_nearest,False,0.0023946762084960938,success
043D924A9C4C80,0,['Arena'],Casa Giulietta,"['Centro Fotografia', 'Sighseeing', 'Torre Lamberti', 'Museo Conte', 'Museo Radio']",Torre Lamberti,strategy_nearest,True,0.0034592151641845703,success
043DA63A9C4C80,1,"['Arena', 'Museo Lapidario']",Castelvecchio,"['Verona Tour', 'Museo Radio', 'San Zeno', 'Sighseeing', 'Museo Miniscalchi']",Torre Lamberti,strategy_nearest,False,0.0025429725646972656,success
043DA772743380,3,"['Arena', 'Santa Anastasia']",Casa Giulietta,"['Centro Fotografia', 'Sighseeing', 'Torre Lamberti', 'Museo Conte', 'Museo Radio']",San Fermo,strategy_nearest,False,0.0025720596313476562,success
043DA9429C4C80,3,['Torre Lamberti'],Santa Anastasia,"['AMO', 'Museo Conte', 'Palazzo della Ragione', 'Teatro Romano', 'Centro Fotografia']",Arena,strategy_nearest,False,0.001956939697265625,success
043DAA429C4C80,2,['Casa Giulietta'],Santa Anastasia,"['AMO', 'Museo Conte', 'Palazzo della Ragione', 'Teatro Romano', 'Centro Fotografia']",Duomo,strategy_nearest,False,0.003428936004638672,success
043DB1429C4C80,0,['Arena'],Casa Giulietta,"['Centro Fotografia', 'Sighseeing', 'Torre Lamberti', 'Museo Conte', 'Museo Radio']",Torre Lamberti,strategy_nearest,True,0.002771139144897461,success
043DB5429C4C80,1,"['Torre Lamberti', 'Palazzo della Ragione']",Casa Giulietta,"['Centro Fotografia', 'Sighseeing', 'Museo Conte', 'Museo Radio', 'San Fermo']",Arena,strategy_nearest,False,0.00339508056640625,success
043DB83A9C4C80,0,['Arena'],Casa Giulietta,"['Centro Fotografia', 'Sighseeing', 'Torre Lamberti', 'Museo Conte', 'Museo Radio']",Santa Anastasia,strategy_nearest,False,0.002549886703491211,success
043DCA429C4C80,2,['Castelvecchio'],Duomo,"['AMO', 'Museo Miniscalchi', 'Santa Anastasia', 'Teatro Romano', 'Palazzo della Ragione']",Teatro Romano,strategy_nearest,True,0.0025119781494140625,success
043DC0429C4C80,0,"['Casa Giulietta', 'Torre Lamberti']",Tomba Giulietta,"['San Fermo', 'Museo Storia', 'Arena', 'Museo Lapidario', 'Museo Radio']",Arena,strategy_nearest,True,0.0033941268920898438,success
043DF23A9C4C80,3,"['Arena', 'Teatro Romano']",Duomo,"['AMO', 'Museo Miniscalchi', 'Santa Anastasia', 'Palazzo della Ragione', 'Museo Conte']",Duomo,strategy_nearest,False,0.0025801658630371094,success
043E0A3A9C4C84,0,"['Casa Giulietta', 'Torre Lamberti']",Castelvecchio,"['Museo Lapidario', 'Verona Tour', 'Arena', 'Museo Radio', 'San Zeno']",Arena,strategy_nearest,True,0.0024759769439697266,success
043E5F429C4C80,0,['Arena'],Casa Giulietta,"['Centro Fotografia', 'Sighseeing', 'Torre Lamberti', 'Museo Conte', 'Museo Radio']",Castelvecchio,strategy_nearest,False,0.002895832061767578,success
043DE53A9C4C80,0,"['Casa Giulietta', 'Arena']",Torre Lamberti,"['Sighseeing', 'Centro Fotografia', 'Museo Conte', 'Palazzo della Ragione', 'AMO']",Duomo,strategy_nearest,False,0.003042936325073242,success
043E7C3A9C4C80,0,['Arena'],Casa Giulietta,"['Centro Fotografia', 'Sighseeing', 'Torre Lamberti', 'Museo Conte', 'Museo Radio']",Torre Lamberti,strategy_nearest,True,0.003387928009033203,success
043E783A9C4C80,0,['Castelvecchio'],San Zeno,"['Verona Tour', 'Museo Lapidario', 'Arena', 'Museo Miniscalchi', 'Sighseeing']",Arena,strategy_nearest,True,0.0013308525085449219,success
043E763A9C4C80,1,"['Arena', 'Castelvecchio']",Torre Lamberti,"['Sighseeing', 'Centro Fotografia', 'Museo Conte', 'Casa Giulietta', 'Palazzo della Ragione']",Palazzo della Ragione,strategy_nearest,True,0.0028829574584960938,success
043E78BA7B3F80,3,"['Teatro Romano', 'Duomo']",Castelvecchio,"['Museo Lapidario', 'Verona Tour', 'Arena', 'Museo Radio', 'San Zeno']",Arena,strategy_nearest,True,0.002173185348510742,success
043E7D3A9C4C80,1,"['Palazzo della Ragione', 'Torre Lamberti', 'Santa Anastasia']",Duomo,"['AMO', 'Museo Miniscalchi', 'Teatro Romano', 'Museo Conte', 'Centro Fotografia']",Teatro Romano,strategy_nearest,True,0.0015571117401123047,success
043E823A9C4C80,0,"['Casa Giulietta', 'Arena']",Castelvecchio,"['Museo Lapidario', 'Verona Tour', 'Museo Radio', 'San Zeno', 'Sighseeing']",Tomba Giulietta,strategy_nearest,False,0.0021271705627441406,success
043E7E3A9C4C80,1,"['Arena', 'Casa Giulietta', 'Tomba Giulietta']",San Fermo,"['Museo Storia', 'Museo Radio', 'Centro Fotografia', 'Sighseeing', 'Torre Lamberti']",Palazzo della Ragione,strategy_nearest,False,0.002846240997314453,success
043E883A9C4C80,0,['Palazzo della Ragione'],Arena,"['Verona Tour', 'Museo Lapidario', 'Museo Radio', 'San Fermo', 'Casa Giulietta']",Casa Giulietta,strategy_nearest,True,0.003421783447265625,success
043E8E3A9C4C80,0,['Arena'],Casa Giulietta,"['Centro Fotografia', 'Sighseeing', 'Torre Lamberti', 'Museo Conte', 'Museo Radio']",Torre Lamberti,strategy_nearest,True,0.0023949146270751953,success
043E8F3A9C4C80,1,"['Torre Lamberti', 'Palazzo della Ragione']",Casa Giulietta,"['Centro Fotografia', 'Sighseeing', 'Museo Conte', 'Museo Radio', 'San Fermo']",Arena,strategy_nearest,False,0.0034720897674560547,success
043EA472743380,1,"['Castelvecchio', 'Santa Anastasia', 'Arena', 'Casa Giulietta']",Torre Lamberti,"['Sighseeing', 'Centro Fotografia', 'Museo Conte', 'Palazzo della Ragione', 'AMO']",Duomo,strategy_nearest,False,0.0027539730072021484,success
043EA8429C4C80,1,"['Museo Lapidario', 'Arena', 'Casa Giulietta']",Torre Lamberti,"['Sighseeing', 'Centro Fotografia', 'Museo Conte', 'Palazzo della Ragione', 'AMO']",Palazzo della Ragione,strategy_nearest,True,0.003228902816772461,success
043EAB3A9C4C80,3,"['Arena', 'Casa Giulietta']",Torre Lamberti,"['Sighseeing', 'Centro Fotografia', 'Museo Conte', 'Palazzo della Ragione', 'AMO']",Santa Anastasia,strategy_nearest,False,0.00304412841796875,success
043EBB429C4C80,1,"['Arena', 'Casa Giulietta', 'Santa Anastasia']",Torre Lamberti,"['Sighseeing', 'Centro Fotografia', 'Museo Conte', 'Palazzo della Ragione', 'AMO']",Palazzo della Ragione,strategy_nearest,True,0.0024840831756591797,success
043EAD429C4C80,0,['Arena'],Casa Giulietta,"['Centro Fotografia', 'Sighseeing', 'Torre Lamberti', 'Museo Conte', 'Museo Radio']",San Zeno,strategy_nearest,False,0.0027348995208740234,success
043EB83A9C4C80,0,"['Arena', 'Casa Giulietta']",Castelvecchio,"['Museo Lapidario', 'Verona Tour', 'Museo Radio', 'San Zeno', 'Sighseeing']",San Fermo,strategy_nearest,False,0.002076864242553711,success
043EB6429C4C80,0,['Castelvecchio'],Arena,"['Verona Tour', 'Museo Lapidario', 'Museo Radio', 'San Fermo', 'Casa Giulietta']",Casa Giulietta,strategy_nearest,True,0.003985166549682617,success
043EC83A9C4C80,3,"['Castelvecchio', 'Arena', 'Casa Giulietta', 'Torre Lamberti']",Santa Anastasia,"['AMO', 'Museo Conte', 'Palazzo della Ragione', 'Teatro Romano', 'Centro Fotografia']",Teatro Romano,strategy_nearest,True,0.0021431446075439453,success
043EC53A9C4C80,1,['Arena'],Casa Giulietta,"['Centro Fotografia', 'Sighseeing', 'Torre Lamberti', 'Museo Conte', 'Museo Radio']",Palazzo della Ragione,strategy_nearest,False,0.0028760433197021484,success
043EC8429C4C80,2,['Castelvecchio'],Duomo,"['AMO', 'Museo Miniscalchi', 'Santa Anastasia', 'Teatro Romano', 'Palazzo della Ragione']",Teatro Romano,strategy_nearest,True,0.0031900405883789062,success
043EBD429C4C80,3,"['Arena', 'Casa Giulietta']",Santa Anastasia,"['AMO', 'Museo Conte', 'Palazzo della Ragione', 'Teatro Romano', 'Centro Fotografia']",Duomo,strategy_nearest,False,0.0015120506286621094,success
043EE53A9C4C80,0,['Casa Giulietta'],San Zeno,"['Castelvecchio', 'Verona Tour', 'Museo Lapidario', 'Arena', 'Museo Miniscalchi']",Arena,strategy_nearest,True,0.0019290447235107422,success
043EDF3A9C4C80,0,['Arena'],Castelvecchio,"['Museo Lapidario', 'Verona Tour', 'Museo Radio', 'San Zeno', 'Sighseeing']",Santa Anastasia,strategy_nearest,False,0.0024309158325195312,success
043EEF429C4C80,1,"['Arena', 'Palazzo della Ragione', 'Casa Giulietta', 'San Fermo']",Giardino Giusti,"['Santa Anastasia', 'Teatro Romano', 'Museo Conte', 'Centro Fotografia', 'Museo Storia']",Castelvecchio,strategy_nearest,False,0.0025081634521484375,success
043F31429C4C80,0,['Arena'],Casa Giulietta,"['Centro Fotografia', 'Sighseeing', 'Torre Lamberti', 'Museo Conte', 'Museo Radio']",Castelvecchio,strategy_nearest,False,0.001911163330078125,success
043F0A3A9C4C84,1,"['Tomba Giulietta', 'Arena']",Casa Giulietta,"['Centro Fotografia', 'Sighseeing', 'Torre Lamberti', 'Museo Conte', 'Museo Radio']",Torre Lamberti,strategy_nearest,True,0.0040361881256103516,success
043F39429C4C80,0,['Arena'],Museo Lapidario,"['Verona Tour', 'Castelvecchio', 'Museo Radio', 'San Fermo', 'Casa Giulietta']",Casa Giulietta,strategy_nearest,True,0.0030999183654785156,success
043F37429C4C80,3,"['Arena', 'Casa Giulietta']",Torre Lamberti,"['Sighseeing', 'Centro Fotografia', 'Museo Conte', 'Palazzo della Ragione', 'AMO']",Santa Anastasia,strategy_nearest,False,0.002930164337158203,success
043F6F429C4C80,0,"['Arena', 'San Fermo']",Torre Lamberti,"['Sighseeing', 'Centro Fotografia', 'Museo Conte', 'Casa Giulietta', 'Palazzo della Ragione']",Casa Giulietta,strategy_nearest,True,0.0027709007263183594,success
043F413A9C4C80,0,['Arena'],Casa Giulietta,"['Centro Fotografia', 'Sighseeing', 'Torre Lamberti', 'Museo Conte', 'Museo Radio']",Castelvecchio,strategy_nearest,False,0.0019838809967041016,success
043F7F429C4C80,1,"['Arena', 'Casa Giulietta']",Palazzo della Ragione,"['AMO', 'Museo Conte', 'Torre Lamberti', 'Centro Fotografia', 'Sighseeing']",Torre Lamberti,strategy_nearest,True,0.00292205810546875,success
043F82429C4C80,1,['Palazzo della Ragione'],Torre Lamberti,"['Sighseeing', 'Centro Fotografia', 'Museo Conte', 'Casa Giulietta', 'AMO']",Santa Anastasia,strategy_nearest,False,0.002332925796508789,success
043F85429C4C80,1,"['Arena', 'Casa Giulietta', 'Palazzo della Ragione']",Torre Lamberti,"['Sighseeing', 'Centro Fotografia', 'Museo Conte', 'AMO', 'Museo Miniscalchi']",Santa Anastasia,strategy_nearest,False,0.0031440258026123047,success
043F843A9C4C80,3,"['Arena', 'Torre Lamberti']",Santa Anastasia,"['AMO', 'Museo Conte', 'Palazzo della Ragione', 'Teatro Romano', 'Centro Fotografia']",San Zeno,strategy_nearest,False,0.002524852752685547,success
043F8B429C4C80,0,['Arena'],Casa Giulietta,"['Centro Fotografia', 'Sighseeing', 'Torre Lamberti', 'Museo Conte', 'Museo Radio']",Torre Lamberti,strategy_nearest,True,0.0026040077209472656,success
043F8E429C4C80,1,"['Arena', 'Casa Giulietta']",Torre Lamberti,"['Sighseeing', 'Centro Fotografia', 'Museo Conte', 'Palazzo della Ragione', 'AMO']",Palazzo della Ragione,strategy_nearest,True,0.00394892692565918,success
043FA472743380,3,"['Arena', 'Casa Giulietta', 'San Zeno']",Torre Lamberti,"['Sighseeing', 'Centro Fotografia', 'Museo Conte', 'Palazzo della Ragione', 'AMO']",Santa Anastasia,strategy_nearest,False,0.0018379688262939453,success
043F944A9C4C80,0,"['Arena', 'Museo Lapidario']",Casa Giulietta,"['Centro Fotografia', 'Sighseeing', 'Torre Lamberti', 'Museo Conte', 'Museo Radio']",San Fermo,strategy_nearest,False,0.0033202171325683594,success
043FA6429C4C80,0,['Arena'],Castelvecchio,"['Museo Lapidario', 'Verona Tour', 'Museo Radio', 'San Zeno', 'Sighseeing']",Castelvecchio,strategy_nearest,False,0.003113985061645508,success
043FA872743380,1,"['Arena', 'Torre Lamberti', 'Palazzo della Ragione']",Casa Giulietta,"['Centro Fotografia', 'Sighseeing', 'Museo Conte', 'Museo Radio', 'San Fermo']",Museo Lapidario,strategy_nearest,False,0.0033609867095947266,success
043FA8429C4C80,1,"['Arena', 'Torre Lamberti', 'Palazzo della Ragione']",Casa Giulietta,"['Centro Fotografia', 'Sighseeing', 'Museo Conte', 'Museo Radio', 'San Fermo']",Santa Anastasia,strategy_nearest,False,0.002434968948364258,success
043FB9429C4C80,3,"['Casa Giulietta', 'Torre Lamberti']",Santa Anastasia,"['AMO', 'Museo Conte', 'Palazzo della Ragione', 'Teatro Romano', 'Centro Fotografia']",Arena,strategy_nearest,False,0.0029630661010742188,success
043FB73A9C4C80,0,"['Castelvecchio', 'Torre Lamberti']",Casa Giulietta,"['Centro Fotografia', 'Sighseeing', 'Museo Conte', 'Museo Radio', 'Palazzo della Ragione']",Arena,strategy_nearest,False,0.0025022029876708984,success
043FC8429C4C80,0,['Arena'],Casa Giulietta,"['Centro Fotografia', 'Sighseeing', 'Torre Lamberti', 'Museo Conte', 'Museo Radio']",Teatro Romano,strategy_nearest,False,0.0033762454986572266,success
043FCF3A9C4C80,3,['Duomo'],Torre Lamberti,"['Sighseeing', 'Centro Fotografia', 'Museo Conte', 'Casa Giulietta', 'Palazzo della Ragione']",San Zeno,strategy_nearest,False,0.0021429061889648438,success
043FD63A9C4C80,1,"['Casa Giulietta', 'Torre Lamberti', 'Santa Anastasia', 'Duomo']",Arena,"['Verona Tour', 'Museo Lapidario', 'Museo Radio', 'San Fermo', 'Sighseeing']",Tomba Giulietta,strategy_nearest,False,0.0027768611907958984,success
043FEC3A9C4C80,1,"['Arena', 'Teatro Romano']",Duomo,"['AMO', 'Museo Miniscalchi', 'Santa Anastasia', 'Palazzo della Ragione', 'Museo Conte']",Torre Lamberti,strategy_nearest,False,0.003303050994873047,success
0440053A9C4C84,3,"['Torre Lamberti', 'Santa Anastasia']",Duomo,"['AMO', 'Museo Miniscalchi', 'Teatro Romano', 'Palazzo della Ragione', 'Museo Conte']",Casa Giulietta,strategy_nearest,False,0.0021550655364990234,success
043FF43A9C4C80,0,"['Casa Giulietta', 'Torre Lamberti']",Teatro Romano,"['Santa Anastasia', 'Duomo', 'AMO', 'Palazzo della Ragione', 'Museo Conte']",Arena,strategy_nearest,False,0.0025773048400878906,success
04400C429C4C84,0,['Castelvecchio'],Arena,"['Verona Tour', 'Museo Lapidario', 'Museo Radio', 'San Fermo', 'Casa Giulietta']",Casa Giulietta,strategy_nearest,True,0.002760171890258789,success
0440284A9C4C80,4,"['Arena', 'San Fermo', 'Museo Storia', 'Teatro Romano', 'Duomo', 'Santa Anastasia']",Casa Giulietta,"['Centro Fotografia', 'Sighseeing', 'Torre Lamberti', 'Museo Conte', 'Museo Radio']",Tomba Giulietta,strategy_nearest,False,0.003348112106323242,success
0440793A9C4C80,0,"['Casa Giulietta', 'Arena']",Castelvecchio,"['Museo Lapidario', 'Verona Tour', 'Museo Radio', 'San Zeno', 'Sighseeing']",Torre Lamberti,strategy_nearest,False,0.0019440650939941406,success
04402EBA7B3F80,0,['Arena'],Castelvecchio,"['Museo Lapidario', 'Verona Tour', 'Museo Radio', 'San Zeno', 'Sighseeing']",Casa Giulietta,strategy_nearest,False,0.0026230812072753906,success
044066429C4C80,1,"['San Zeno', 'Castelvecchio', 'Arena']",Teatro Romano,"['Santa Anastasia', 'Duomo', 'AMO', 'Palazzo della Ragione', 'Museo Conte']",Torre Lamberti,strategy_nearest,False,0.003186941146850586,success
04407B429C4C80,1,"['Torre Lamberti', 'Palazzo della Ragione', 'Santa Anastasia']",Duomo,"['AMO', 'Museo Miniscalchi', 'Teatro Romano', 'Museo Conte', 'Centro Fotografia']",Casa Giulietta,strategy_nearest,False,0.0032739639282226562,success
044087429C4C80,3,"['Arena', 'Casa Giulietta']",Torre Lamberti,"['Sighseeing', 'Centro Fotografia', 'Museo Conte', 'Palazzo della Ragione', 'AMO']",Teatro Romano,strategy_nearest,False,0.0019259452819824219,success
044082429C4C80,0,['San Zeno'],Arena,"['Verona Tour', 'Museo Lapidario', 'Museo Radio', 'San Fermo', 'Casa Giulietta']",Casa Giulietta,strategy_nearest,True,0.002618074417114258,success
04408D429C4C80,1,"['Torre Lamberti', 'Palazzo della Ragione', 'Teatro Romano', 'Duomo']",Santa Anastasia,"['AMO', 'Museo Conte', 'Centro Fotografia', 'Sighseeing', 'Museo Miniscalchi']",Casa Giulietta,strategy_nearest,False,0.003297090530395508,success
0440883A9C4C80,0,"['Arena', 'Casa Giulietta']",Torre Lamberti,"['Sighseeing', 'Centro Fotografia', 'Museo Conte', 'Palazzo della Ragione', 'AMO']",Castelvecchio,strategy_nearest,False,0.0027000904083251953,success
04408E4A9C4C80,1,"['Arena', 'Torre Lamberti']",Palazzo della Ragione,"['AMO', 'Museo Conte', 'Centro Fotografia', 'Sighseeing', 'Santa Anastasia']",Casa Giulietta,strategy_nearest,False,0.002990245819091797,success
0440A672743380,3,"['Castelvecchio', 'Casa Giulietta', 'San Fermo', 'Tomba Giulietta']",Torre Lamberti,"['Sighseeing', 'Centro Fotografia', 'Museo Conte', 'Palazzo della Ragione', 'AMO']",Duomo,strategy_nearest,False,0.0024018287658691406,success
04409E4A9C4C80,0,['Arena'],Casa Giulietta,"['Centro Fotografia', 'Sighseeing', 'Torre Lamberti', 'Museo Conte', 'Museo Radio']",Torre Lamberti,strategy_nearest,True,0.003718137741088867,success
0440A54A9C4C80,0,['Arena'],Casa Giulietta,"['Centro Fotografia', 'Sighseeing', 'Torre Lamberti', 'Museo Conte', 'Museo Radio']",Torre Lamberti,strategy_nearest,True,0.002653837203979492,success
0440A772743380,3,"['Arena', 'Santa Anastasia', 'Torre Lamberti']",Casa Giulietta,"['Centro Fotografia', 'Sighseeing', 'Museo Conte', 'Museo Radio', 'Palazzo della Ragione']",San Fermo,strategy_nearest,False,0.0029730796813964844,success
0440B23A9C4C80,1,"['Teatro Romano', 'Arena']",Castelvecchio,"['Museo Lapidario', 'Verona Tour', 'Museo Radio', 'San Zeno', 'Sighseeing']",Palazzo della Ragione,strategy_nearest,False,0.002187967300415039,success
0440AD429C4C80,0,['Castelvecchio'],Museo Lapidario,"['Verona Tour', 'Arena', 'Museo Radio', 'San Fermo', 'Casa Giulietta']",Arena,strategy_nearest,True,0.0032341480255126953,success
0440B43A9C4C80,3,['Arena'],Casa Giulietta,"['Centro Fotografia', 'Sighseeing', 'Torre Lamberti', 'Museo Conte', 'Museo Radio']",Santa Anastasia,strategy_nearest,False,0.003670930862426758,success
0440B9429C4C80,3,['Arena'],Torre Lamberti,"['Sighseeing', 'Centro Fotografia', 'Museo Conte', 'Casa Giulietta', 'Palazzo della Ragione']",Casa Giulietta,strategy_nearest,True,0.0023050308227539062,success
0440BF429C4C80,0,['Arena'],Castelvecchio,"['Museo Lapidario', 'Verona Tour', 'Museo Radio', 'San Zeno', 'Sighseeing']",Santa Anastasia,strategy_nearest,False,0.0014982223510742188,success
0440E2BA7B3F80,2,"['San Fermo', 'Casa Giulietta']",Duomo,"['AMO', 'Museo Miniscalchi', 'Santa Anastasia', 'Teatro Romano', 'Palazzo della Ragione']",Museo Storia,strategy_nearest,False,0.0021042823791503906,success
0440F23A9C4C80,1,"['Arena', 'Casa Giulietta']",Palazzo della Ragione,"['AMO', 'Museo Conte', 'Torre Lamberti', 'Centro Fotografia', 'Sighseeing']",Castelvecchio,strategy_nearest,False,0.0030410289764404297,success
0440F53A9C4C80,0,['Arena'],Castelvecchio,"['Museo Lapidario', 'Verona Tour', 'Museo Radio', 'San Zeno', 'Sighseeing']",Teatro Romano,strategy_nearest,False,0.0033719539642333984,success
0440F93A9C4C80,0,"['Arena', 'Museo Lapidario']",Santa Anastasia,"['AMO', 'Museo Conte', 'Palazzo della Ragione', 'Teatro Romano', 'Centro Fotografia']",Casa Giulietta,strategy_nearest,False,0.002454042434692383,success
044128BA7B3F80,3,"['Arena', 'Casa Giulietta', 'Torre Lamberti']",Santa Anastasia,"['AMO', 'Museo Conte', 'Palazzo della Ragione', 'Teatro Romano', 'Centro Fotografia']",Duomo,strategy_nearest,False,0.001978158950805664,success
044140429C4C80,3,"['Castelvecchio', 'Arena', 'San Fermo']",Casa Giulietta,"['Centro Fotografia', 'Sighseeing', 'Torre Lamberti', 'Museo Conte', 'Museo Radio']",Torre Lamberti,strategy_nearest,True,0.0013151168823242188,success
04414C429C4C80,0,['Arena'],Casa Giulietta,"['Centro Fotografia', 'Sighseeing', 'Torre Lamberti', 'Museo Conte', 'Museo Radio']",Castelvecchio,strategy_nearest,False,0.0023810863494873047,success
044182429C4C80,3,['Santa Anastasia'],Duomo,"['AMO', 'Museo Miniscalchi', 'Teatro Romano', 'Palazzo della Ragione', 'Museo Conte']",Arena,strategy_nearest,False,0.002506732940673828,success
0441873A9C4C80,3,"['Casa Giulietta', 'Torre Lamberti']",Arena,"['Verona Tour', 'Museo Lapidario', 'Museo Radio', 'San Fermo', 'Sighseeing']",Castelvecchio,strategy_nearest,False,0.0033249855041503906,success
044179429C4C80,0,['Arena'],Torre Lamberti,"['Sighseeing', 'Centro Fotografia', 'Museo Conte', 'Casa Giulietta', 'Palazzo della Ragione']",Casa Giulietta,strategy_nearest,True,0.0041692256927490234,success
0441853A9C4C80,1,"['Arena', 'Casa Giulietta']",Torre Lamberti,"['Sighseeing', 'Centro Fotografia', 'Museo Conte', 'Palazzo della Ragione', 'AMO']",Palazzo della Ragione,strategy_nearest,True,0.002428770065307617,success
04418E4A9C4C80,1,"['Arena', 'Casa Giulietta']",Torre Lamberti,"['Sighseeing', 'Centro Fotografia', 'Museo Conte', 'Palazzo della Ragione', 'AMO']",Palazzo della Ragione,strategy_nearest,True,0.0019299983978271484,success
0441B9429C4C80,0,['Arena'],Castelvecchio,"['Museo Lapidario', 'Verona Tour', 'Museo Radio', 'San Zeno', 'Sighseeing']",Casa Giulietta,strategy_nearest,False,0.0025510787963867188,success
0441B53A9C4C80,1,"['Santa Anastasia', 'Torre Lamberti']",Palazzo della Ragione,"['AMO', 'Museo Conte', 'Centro Fotografia', 'Sighseeing', 'Museo Miniscalchi']",Casa Giulietta,strategy_nearest,False,0.003237009048461914,success
0441C23A9C4C80,2,"['Duomo', 'San Zeno']",Tomba Giulietta,"['San Fermo', 'Museo Storia', 'Arena', 'Museo Lapidario', 'Museo Radio']",San Fermo,strategy_nearest,True,0.0037631988525390625,success
0441C2429C4C80,0,['Arena'],Castelvecchio,"['Museo Lapidario', 'Verona Tour', 'Museo Radio', 'San Zeno', 'Sighseeing']",Torre Lamberti,strategy_nearest,False,0.0015816688537597656,success
0441C63A9C4C80,0,['Arena'],Duomo,"['AMO', 'Museo Miniscalchi', 'Santa Anastasia', 'Teatro Romano', 'Palazzo della Ragione']",Castelvecchio,strategy_nearest,False,0.002195119857788086,success
0441F93A9C4C80,0,['Arena'],Torre Lamberti,"['Sighseeing', 'Centro Fotografia', 'Museo Conte', 'Casa Giulietta', 'Palazzo della Ragione']",Casa Giulietta,strategy_nearest,True,0.002129793167114258,success
0441E53A9C4C80,1,"['Casa Giulietta', 'Palazzo della Ragione', 'Torre Lamberti']",Santa Anastasia,"['AMO', 'Museo Conte', 'Teatro Romano', 'Centro Fotografia', 'Duomo']",Teatro Romano,strategy_nearest,True,0.0034759044647216797,success
0441C5429C4C80,1,"['Arena', 'Casa Giulietta']",Torre Lamberti,"['Sighseeing', 'Centro Fotografia', 'Museo Conte', 'Palazzo della Ragione', 'AMO']",Palazzo della Ragione,strategy_nearest,True,0.0031070709228515625,success
0441FD3A9C4C80,1,"['Arena', 'Castelvecchio', 'Casa Giulietta']",Palazzo della Ragione,"['AMO', 'Museo Conte', 'Torre Lamberti', 'Centro Fotografia', 'Sighseeing']",Museo Lapidario,strategy_nearest,False,0.0032939910888671875,success
04420C3A9C4C84,0,"['Tomba Giulietta', 'San Fermo', 'Casa Giulietta']",Torre Lamberti,"['Sighseeing', 'Centro Fotografia', 'Museo Conte', 'Palazzo della Ragione', 'AMO']",Arena,strategy_nearest,False,0.0028531551361083984,success
044200429C4C84,3,"['Arena', 'Casa Giulietta']",Torre Lamberti,"['Sighseeing', 'Centro Fotografia', 'Museo Conte', 'Palazzo della Ragione', 'AMO']",San Zeno,strategy_nearest,False,0.002344846725463867,success
04423B3A9C4C80,1,"['Arena', 'Palazzo della Ragione', 'Torre Lamberti']",Casa Giulietta,"['Centro Fotografia', 'Sighseeing', 'Museo Conte', 'Museo Radio', 'San Fermo']",Santa Anastasia,strategy_nearest,False,0.0033490657806396484,success
04420A3A9C4C84,0,['Castelvecchio'],Arena,"['Verona Tour', 'Museo Lapidario', 'Museo Radio', 'San Fermo', 'Casa Giulietta']",Duomo,strategy_nearest,False,0.0015180110931396484,success
0442443A9C4C80,1,"['Arena', 'Torre Lamberti', 'Palazzo della Ragione']",San Zeno,"['Castelvecchio', 'Verona Tour', 'Museo Lapidario', 'Museo Miniscalchi', 'Sighseeing']",Duomo,strategy_nearest,False,0.002910137176513672,success
044279429C4C80,3,"['Arena', 'Torre Lamberti', 'Casa Giulietta']",San Fermo,"['Museo Storia', 'Museo Radio', 'Centro Fotografia', 'Sighseeing', 'Museo Conte']",Santa Anastasia,strategy_nearest,False,0.0033888816833496094,success
0442473A9C4C80,3,"['Casa Giulietta', 'Santa Anastasia']",Torre Lamberti,"['Sighseeing', 'Centro Fotografia', 'Museo Conte', 'Palazzo della Ragione', 'AMO']",Arena,strategy_nearest,False,0.002877950668334961,success
0442763A9C4C80,1,"['Casa Giulietta', 'Torre Lamberti']",Palazzo della Ragione,"['AMO', 'Museo Conte', 'Centro Fotografia', 'Sighseeing', 'Santa Anastasia']",Santa Anastasia,strategy_nearest,True,0.0015399456024169922,success
0442794A9C4C80,2,['Torre Lamberti'],Santa Anastasia,"['AMO', 'Museo Conte', 'Palazzo della Ragione', 'Teatro Romano', 'Centro Fotografia']",Duomo,strategy_nearest,False,0.0013980865478515625,success
04427B429C4C80,0,"['Teatro Romano', 'Duomo']",Casa Giulietta,"['Centro Fotografia', 'Sighseeing', 'Torre Lamberti', 'Museo Conte', 'Museo Radio']",Arena,strategy_nearest,False,0.002076864242553711,success
04428B4A9C4C80,0,['Arena'],Casa Giulietta,"['Centro Fotografia', 'Sighseeing', 'Torre Lamberti', 'Museo Conte', 'Museo Radio']",Teatro Romano,strategy_nearest,False,0.0026900768280029297,success
04428C3A9C4C80,3,"['Arena', 'Casa Giulietta', 'Teatro Romano']",Castelvecchio,"['Museo Lapidario', 'Verona Tour', 'Museo Radio', 'San Zeno', 'Sighseeing']",Torre Lamberti,strategy_nearest,False,0.003325223922729492,success
0442A872743380,3,"['Arena', 'Santa Anastasia']",Duomo,"['AMO', 'Museo Miniscalchi', 'Teatro Romano', 'Palazzo della Ragione', 'Museo Conte']",Castelvecchio,strategy_nearest,False,0.0025289058685302734,success
0442C0429C4C80,0,['Arena'],Castelvecchio,"['Museo Lapidario', 'Verona Tour', 'Museo Radio', 'San Zeno', 'Sighseeing']",Casa Giulietta,strategy_nearest,False,0.0029468536376953125,success
0442B73A9C4C80,0,['Arena'],Casa Giulietta,"['Centro Fotografia', 'Sighseeing', 'Torre Lamberti', 'Museo Conte', 'Museo Radio']",Castelvecchio,strategy_nearest,False,0.0035791397094726562,success
0442AE429C4C80,1,"['Castelvecchio', 'Casa Giulietta']",Torre Lamberti,"['Sighseeing', 'Centro Fotografia', 'Museo Conte', 'Palazzo della Ragione', 'AMO']",Palazzo della Ragione,strategy_nearest,True,0.0028717517852783203,success
0442B7429C4C80,1,['Torre Lamberti'],Palazzo della Ragione,"['AMO', 'Museo Conte', 'Centro Fotografia', 'Sighseeing', 'Santa Anastasia']",Arena,strategy_nearest,False,0.002246856689453125,success
0442C3429C4C80,3,"['Arena', 'Casa Giulietta']",Santa Anastasia,"['AMO', 'Museo Conte', 'Palazzo della Ragione', 'Teatro Romano', 'Centro Fotografia']",Duomo,strategy_nearest,False,0.0011899471282958984,success
0442C83A9C4C80,0,['Arena'],Casa Giulietta,"['Centro Fotografia', 'Sighseeing', 'Torre Lamberti', 'Museo Conte', 'Museo Radio']",Torre Lamberti,strategy_nearest,True,0.0020627975463867188,success
0442CE3A9C4C80,0,['Arena'],Casa Giulietta,"['Centro Fotografia', 'Sighseeing', 'Torre Lamberti', 'Museo Conte', 'Museo Radio']",Torre Lamberti,strategy_nearest,True,0.002665996551513672,success
04430F3A9C4C84,1,"['Tomba Giulietta', 'Casa Giulietta', 'Torre Lamberti']",Palazzo della Ragione,"['AMO', 'Museo Conte', 'Centro Fotografia', 'Sighseeing', 'Santa Anastasia']",Duomo,strategy_nearest,False,0.0020029544830322266,success
0442F1BA7B3F80,3,"['Teatro Romano', 'Duomo']",Castelvecchio,"['Museo Lapidario', 'Verona Tour', 'Arena', 'Museo Radio', 'San Zeno']",Arena,strategy_nearest,True,0.0033948421478271484,success
0442D43A9C4C80,0,['Arena'],Castelvecchio,"['Museo Lapidario', 'Verona Tour', 'Museo Radio', 'San Zeno', 'Sighseeing']",Casa Giulietta,strategy_nearest,False,0.0027141571044921875,success
0443324A9C4C80,3,"['Arena', 'Castelvecchio', 'San Zeno']",Casa Giulietta,"['Centro Fotografia', 'Sighseeing', 'Torre Lamberti', 'Museo Conte', 'Museo Radio']",Teatro Romano,strategy_nearest,False,0.0034332275390625,success
04433CBA7B3F80,3,"['Arena', 'Santa Anastasia']",Teatro Romano,"['Duomo', 'AMO', 'Palazzo della Ragione', 'Museo Conte', 'Centro Fotografia']",Castelvecchio,strategy_nearest,False,0.0033168792724609375,success
044345429C4C80,0,['Arena'],Casa Giulietta,"['Centro Fotografia', 'Sighseeing', 'Torre Lamberti', 'Museo Conte', 'Museo Radio']",Santa Anastasia,strategy_nearest,False,0.003367185592651367,success
0443443A9C4C80,1,"['Casa Giulietta', 'Torre Lamberti', 'Palazzo della Ragione']",Arena,"['Verona Tour', 'Museo Lapidario', 'Museo Radio', 'San Fermo', 'Sighseeing']",Santa Anastasia,strategy_nearest,False,0.0020318031311035156,success
0443723A9C4C80,0,['Casa Giulietta'],Torre Lamberti,"['Sighseeing', 'Centro Fotografia', 'Museo Conte', 'Palazzo della Ragione', 'AMO']",Arena,strategy_nearest,False,0.0017352104187011719,success
0443513A9C4C80,1,['Arena'],Castelvecchio,"['Museo Lapidario', 'Verona Tour', 'Museo Radio', 'San Zeno', 'Sighseeing']",Casa Giulietta,strategy_nearest,False,0.0032432079315185547,success
044360429C4C80,0,['Castelvecchio'],San Zeno,"['Verona Tour', 'Museo Lapidario', 'Arena', 'Museo Miniscalchi', 'Sighseeing']",Arena,strategy_nearest,True,0.0025730133056640625,success
0443743A9C4C80,3,['Arena'],Casa Giulietta,"['Centro Fotografia', 'Sighseeing', 'Torre Lamberti', 'Museo Conte', 'Museo Radio']",Torre Lamberti,strategy_nearest,True,0.003000974655151367,success
04437D3A9C4C80,0,['Duomo'],Casa Giulietta,"['Centro Fotografia', 'Sighseeing', 'Torre Lamberti', 'Museo Conte', 'Museo Radio']",Arena,strategy_nearest,False,0.0035338401794433594,success
04437A429C4C80,1,"['Torre Lamberti', 'Palazzo della Ragione']",Santa Anastasia,"['AMO', 'Museo Conte', 'Teatro Romano', 'Centro Fotografia', 'Duomo']",Duomo,strategy_nearest,True,0.0027718544006347656,success
0443794A9C4C80,1,['Tomba Giulietta'],Arena,"['Verona Tour', 'Museo Lapidario', 'Museo Radio', 'San Fermo', 'Casa Giulietta']",Casa Giulietta,strategy_nearest,True,0.002485990524291992,success
04437D429C4C80,0,['Arena'],Torre Lamberti,"['Sighseeing', 'Centro Fotografia', 'Museo Conte', 'Casa Giulietta', 'Palazzo della Ragione']",San Fermo,strategy_nearest,False,0.002547025680541992,success
04438D3A9C4C80,0,['San Zeno'],San Zeno,"['Castelvecchio', 'Verona Tour', 'Museo Lapidario', 'Arena', 'Museo Miniscalchi']",Arena,strategy_nearest,True,0.0020532608032226562,success
04437E3A9C4C80,3,"['Duomo', 'Teatro Romano', 'Torre Lamberti']",Casa Giulietta,"['Centro Fotografia', 'Sighseeing', 'Museo Conte', 'Museo Radio', 'Palazzo della Ragione']",Castelvecchio,strategy_nearest,False,0.003567218780517578,success
044380429C4C80,1,"['Arena', 'Castelvecchio']",Torre Lamberti,"['Sighseeing', 'Centro Fotografia', 'Museo Conte', 'Casa Giulietta', 'Palazzo della Ragione']",Palazzo della Ragione,strategy_nearest,True,0.002039194107055664,success
044397429C4C80,1,"['Arena', 'Casa Giulietta', 'Palazzo della Ragione']",Torre Lamberti,"['Sighseeing', 'Centro Fotografia', 'Museo Conte', 'AMO', 'Museo Miniscalchi']",Duomo,strategy_nearest,False,0.0028581619262695312,success
0443AF429C4C80,0,"['Casa Giulietta', 'Torre Lamberti']",Duomo,"['AMO', 'Museo Miniscalchi', 'Santa Anastasia', 'Teatro Romano', 'Palazzo della Ragione']",Castelvecchio,strategy_nearest,False,0.0026140213012695312,success
0443A772743380,3,['Arena'],San Zeno,"['Castelvecchio', 'Verona Tour', 'Museo Lapidario', 'Museo Miniscalchi', 'Sighseeing']",Casa Giulietta,strategy_nearest,False,0.0026540756225585938,success
0443B43A9C4C80,1,"['Arena', 'Casa Giulietta']",Santa Anastasia,"['AMO', 'Museo Conte', 'Palazzo della Ragione', 'Teatro Romano', 'Centro Fotografia']",Duomo,strategy_nearest,False,0.0030930042266845703,success
0443A672743380,1,"['Torre Lamberti', 'Arena', 'Santa Anastasia', 'Teatro Romano']",Casa Giulietta,"['Centro Fotografia', 'Sighseeing', 'Museo Conte', 'Museo Radio', 'Palazzo della Ragione']",Palazzo della Ragione,strategy_nearest,True,0.0028078556060791016,success
0443C3429C4C80,0,['Castelvecchio'],Arena,"['Verona Tour', 'Museo Lapidario', 'Museo Radio', 'San Fermo', 'Casa Giulietta']",Casa Giulietta,strategy_nearest,True,0.002895832061767578,success
0443BA3A9C4C80,0,['Arena'],Castelvecchio,"['Museo Lapidario', 'Verona Tour', 'Museo Radio', 'San Zeno', 'Sighseeing']",Teatro Romano,strategy_nearest,False,0.0019600391387939453,success
0443C0429C4C80,3,"['Arena', 'Casa Giulietta']",Torre Lamberti,"['Sighseeing', 'Centro Fotografia', 'Museo Conte', 'Palazzo della Ragione', 'AMO']",Santa Anastasia,strategy_nearest,False,0.002763032913208008,success
0443C33A9C4C80,3,['Castelvecchio'],Duomo,"['AMO', 'Museo Miniscalchi', 'Santa Anastasia', 'Teatro Romano', 'Palazzo della Ragione']",Arena,strategy_nearest,False,0.002724885940551758,success
0443C6429C4C80,1,"['Arena', 'Castelvecchio', 'Torre Lamberti']",Palazzo della Ragione,"['AMO', 'Museo Conte', 'Centro Fotografia', 'Sighseeing', 'Santa Anastasia']",Teatro Romano,strategy_nearest,False,0.0021278858184814453,success
0443C4429C4C80,3,"['Arena', 'Casa Giulietta']",Santa Anastasia,"['AMO', 'Museo Conte', 'Palazzo della Ragione', 'Teatro Romano', 'Centro Fotografia']",Duomo,strategy_nearest,False,0.0013568401336669922,success
0443F93A9C4C80,3,"['Duomo', 'Arena']",Casa Giulietta,"['Centro Fotografia', 'Sighseeing', 'Torre Lamberti', 'Museo Conte', 'Museo Radio']",Santa Anastasia,strategy_nearest,False,0.003322124481201172,success
0443E73A9C4C80,0,['Arena'],Castelvecchio,"['Museo Lapidario', 'Verona Tour', 'Museo Radio', 'San Zeno', 'Sighseeing']",Teatro Romano,strategy_nearest,False,0.0028128623962402344,success
0444083A9C4C84,1,['Arena'],Torre Lamberti,"['Sighseeing', 'Centro Fotografia', 'Museo Conte', 'Casa Giulietta', 'Palazzo della Ragione']",Palazzo della Ragione,strategy_nearest,True,0.002486705780029297,success
0444373A9C4C80,0,['Arena'],Museo Lapidario,"['Verona Tour', 'Castelvecchio', 'Museo Radio', 'San Fermo', 'Casa Giulietta']",Torre Lamberti,strategy_nearest,False,0.0018970966339111328,success
04443B3A9C4C80,1,"['Arena', 'Tomba Giulietta']",San Fermo,"['Museo Storia', 'Museo Radio', 'Casa Giulietta', 'Centro Fotografia', 'Sighseeing']",Casa Giulietta,strategy_nearest,True,0.002686023712158203,success
044430429C4C80,3,['Arena'],Castelvecchio,"['Museo Lapidario', 'Verona Tour', 'Museo Radio', 'San Zeno', 'Sighseeing']",Torre Lamberti,strategy_nearest,False,0.0034530162811279297,success
0444463A9C4C80,1,"['Arena', 'Casa Giulietta']",Torre Lamberti,"['Sighseeing', 'Centro Fotografia', 'Museo Conte', 'Palazzo della Ragione', 'AMO']",Palazzo della Ragione,strategy_nearest,True,0.003167867660522461,success
044461429C4C80,0,['Casa Giulietta'],Santa Anastasia,"['AMO', 'Museo Conte', 'Palazzo della Ragione', 'Teatro Romano', 'Centro Fotografia']",Arena,strategy_nearest,False,0.0024068355560302734,success
0444733A9C4C80,1,"['Santa Anastasia', 'Palazzo della Ragione']",Torre Lamberti,"['Sighseeing', 'Centro Fotografia', 'Museo Conte', 'Casa Giulietta', 'AMO']",Casa Giulietta,strategy_nearest,True,0.002397775650024414,success
0444793A9C4C80,1,"['Arena', 'Palazzo della Ragione']",Torre Lamberti,"['Sighseeing', 'Centro Fotografia', 'Museo Conte', 'Casa Giulietta', 'AMO']",Casa Giulietta,strategy_nearest,True,0.002354860305786133,success
0444794A9C4C80,1,"['Palazzo della Ragione', 'Duomo']",Teatro Romano,"['Santa Anastasia', 'AMO', 'Museo Conte', 'Centro Fotografia', 'Museo Miniscalchi']",Arena,strategy_nearest,False,0.0028841495513916016,success
04448B4A9C4C80,1,"['Arena', 'Casa Giulietta', 'Palazzo della Ragione']",Teatro Romano,"['Santa Anastasia', 'Duomo', 'AMO', 'Museo Conte', 'Centro Fotografia']",Santa Anastasia,strategy_nearest,True,0.002028942108154297,success
04448E3A9C4C80,0,['Casa Giulietta'],Torre Lamberti,"['Sighseeing', 'Centro Fotografia', 'Museo Conte', 'Palazzo della Ragione', 'AMO']",Duomo,strategy_nearest,False,0.002568960189819336,success
04447C3A9C4C80,3,"['Casa Giulietta', 'Torre Lamberti']",Arena,"['Verona Tour', 'Museo Lapidario', 'Museo Radio', 'San Fermo', 'Sighseeing']",Santa Anastasia,strategy_nearest,False,0.0036580562591552734,success
0444A34A9C4C80,0,['Casa Giulietta'],Torre Lamberti,"['Sighseeing', 'Centro Fotografia', 'Museo Conte', 'Palazzo della Ragione', 'AMO']",Arena,strategy_nearest,False,0.0032820701599121094,success
0444A63A9C4C80,0,['Arena'],Casa Giulietta,"['Centro Fotografia', 'Sighseeing', 'Torre Lamberti', 'Museo Conte', 'Museo Radio']",Torre Lamberti,strategy_nearest,True,0.0023679733276367188,success
0444B73A9C4C80,4,"['Duomo', 'Torre Lamberti', 'Casa Giulietta']",Arena,"['Verona Tour', 'Museo Lapidario', 'Museo Radio', 'San Fermo', 'Sighseeing']",Castelvecchio,strategy_nearest,False,0.0025148391723632812,success
0444C0429C4C80,0,"['Torre Lamberti', 'Casa Giulietta']",Arena,"['Verona Tour', 'Museo Lapidario', 'Museo Radio', 'San Fermo', 'Sighseeing']",Tomba Giulietta,strategy_nearest,False,0.0024878978729248047,success
0444C4429C4C80,2,['San Fermo'],Casa Giulietta,"['Centro Fotografia', 'Sighseeing', 'Torre Lamberti', 'Museo Conte', 'Museo Radio']",Torre Lamberti,strategy_nearest,True,0.0025873184204101562,success
0444F03A9C4C80,0,['Casa Giulietta'],Torre Lamberti,"['Sighseeing', 'Centro Fotografia', 'Museo Conte', 'Palazzo della Ragione', 'AMO']",San Fermo,strategy_nearest,False,0.002623319625854492,success
0444D6429C4C80,0,['Arena'],Tomba Giulietta,"['San Fermo', 'Museo Storia', 'Museo Lapidario', 'Museo Radio', 'Verona Tour']",Arena,strategy_nearest,False,0.002095937728881836,success
0444C1429C4C80,3,"['Casa Giulietta', 'Torre Lamberti']",Santa Anastasia,"['AMO', 'Museo Conte', 'Palazzo della Ragione', 'Teatro Romano', 'Centro Fotografia']",Duomo,strategy_nearest,False,0.0051860809326171875,success
044531429C4C80,3,"['Torre Lamberti', 'Santa Anastasia']",Duomo,"['AMO', 'Museo Miniscalchi', 'Teatro Romano', 'Palazzo della Ragione', 'Museo Conte']",Casa Giulietta,strategy_nearest,False,0.00191497802734375,success
044532429C4C80,0,['Arena'],Museo Lapidario,"['Verona Tour', 'Castelvecchio', 'Museo Radio', 'San Fermo', 'Casa Giulietta']",Casa Giulietta,strategy_nearest,True,0.0028731822967529297,success
0445353A9C4C80,1,"['San Zeno', 'Castelvecchio', 'Arena']",Casa Giulietta,"['Centro Fotografia', 'Sighseeing', 'Torre Lamberti', 'Museo Conte', 'Museo Radio']",Palazzo della Ragione,strategy_nearest,False,0.0025861263275146484,success
04457B429C4C80,0,['Arena'],Casa Giulietta,"['Centro Fotografia', 'Sighseeing', 'Torre Lamberti', 'Museo Conte', 'Museo Radio']",Duomo,strategy_nearest,False,0.002652883529663086,success
04457D429C4C80,3,"['Arena', 'Casa Giulietta', 'Santa Anastasia', 'Duomo']",San Fermo,"['Museo Storia', 'Museo Radio', 'Centro Fotografia', 'Sighseeing', 'Torre Lamberti']",Tomba Giulietta,strategy_nearest,False,0.002586841583251953,success
044536429C4C80,1,"['Arena', 'Casa Giulietta']",Torre Lamberti,"['Sighseeing', 'Centro Fotografia', 'Museo Conte', 'Palazzo della Ragione', 'AMO']",Palazzo della Ragione,strategy_nearest,True,0.002830982208251953,success
0445823A9C4C80,0,['Casa Giulietta'],Arena,"['Verona Tour', 'Museo Lapidario', 'Museo Radio', 'San Fermo', 'Sighseeing']",Teatro Romano,strategy_nearest,False,0.002290964126586914,success
04457C429C4C80,0,['Torre Lamberti'],Arena,"['Verona Tour', 'Museo Lapidario', 'Museo Radio', 'San Fermo', 'Casa Giulietta']",Casa Giulietta,strategy_nearest,True,0.0026938915252685547,success
0445853A9C4C80,1,"['Arena', 'Torre Lamberti']",Palazzo della Ragione,"['AMO', 'Museo Conte', 'Centro Fotografia', 'Sighseeing', 'Santa Anastasia']",Casa Giulietta,strategy_nearest,False,0.0014340877532958984,success
0445843A9C4C80,3,"['Torre Lamberti', 'Casa Giulietta']",Santa Anastasia,"['AMO', 'Museo Conte', 'Palazzo della Ragione', 'Teatro Romano', 'Centro Fotografia']",Duomo,strategy_nearest,False,0.0027670860290527344,success
0445893A9C4C80,5,"['Arena', 'Teatro Romano']",Casa Giulietta,"['Centro Fotografia', 'Sighseeing', 'Torre Lamberti', 'Museo Conte', 'Museo Radio']",Museo Miniscalchi,strategy_nearest,False,0.0037429332733154297,success
0445A572743380,1,"['Arena', 'Museo Lapidario', 'Casa Giulietta', 'Torre Lamberti']",Palazzo della Ragione,"['AMO', 'Museo Conte', 'Centro Fotografia', 'Sighseeing', 'Santa Anastasia']",Santa Anastasia,strategy_nearest,True,0.0029070377349853516,success
0445AD429C4C80,3,"['Arena', 'Casa Giulietta']",Torre Lamberti,"['Sighseeing', 'Centro Fotografia', 'Museo Conte', 'Palazzo della Ragione', 'AMO']",Santa Anastasia,strategy_nearest,False,0.0017540454864501953,success
0445A9429C4C80,1,['Arena'],Torre Lamberti,"['Sighseeing', 'Centro Fotografia', 'Museo Conte', 'Casa Giulietta', 'Palazzo della Ragione']",Palazzo della Ragione,strategy_nearest,True,0.0037941932678222656,success
0445A872743380,3,"['Arena', 'Castelvecchio']",Casa Giulietta,"['Centro Fotografia', 'Sighseeing', 'Torre Lamberti', 'Museo Conte', 'Museo Radio']",Torre Lamberti,strategy_nearest,True,0.002866983413696289,success
0445B8429C4C80,0,"['Arena', 'Torre Lamberti']",Castelvecchio,"['Museo Lapidario', 'Verona Tour', 'Museo Radio', 'San Zeno', 'Sighseeing']",Casa Giulietta,strategy_nearest,False,0.0028290748596191406,success
0445EB429C4C80,0,['Arena'],Casa Giulietta,"['Centro Fotografia', 'Sighseeing', 'Torre Lamberti', 'Museo Conte', 'Museo Radio']",Castelvecchio,strategy_nearest,False,0.0030891895294189453,success
0445EB3A9C4C80,1,"['Arena', 'Casa Giulietta']",Torre Lamberti,"['Sighseeing', 'Centro Fotografia', 'Museo Conte', 'Palazzo della Ragione', 'AMO']",Palazzo della Ragione,strategy_nearest,True,0.0013387203216552734,success
0445ED3A9C4C80,1,"['Arena', 'Casa Giulietta']",Palazzo della Ragione,"['AMO', 'Museo Conte', 'Torre Lamberti', 'Centro Fotografia', 'Sighseeing']",Torre Lamberti,strategy_nearest,True,0.0022110939025878906,success
0445F33A9C4C80,2,['Casa Giulietta'],Palazzo della Ragione,"['AMO', 'Museo Conte', 'Torre Lamberti', 'Centro Fotografia', 'Sighseeing']",Torre Lamberti,strategy_nearest,True,0.0025568008422851562,success
0445FE3A9C4C80,3,"['Arena', 'Castelvecchio', 'San Fermo']",Duomo,"['AMO', 'Museo Miniscalchi', 'Santa Anastasia', 'Teatro Romano', 'Palazzo della Ragione']",Santa Anastasia,strategy_nearest,True,0.00226593017578125,success
0446033A9C4C84,1,"['Arena', 'San Fermo']",Torre Lamberti,"['Sighseeing', 'Centro Fotografia', 'Museo Conte', 'Casa Giulietta', 'Palazzo della Ragione']",Palazzo della Ragione,strategy_nearest,True,0.002933979034423828,success
0445FF3A9C4C80,1,"['Arena', 'Torre Lamberti', 'Palazzo della Ragione']",Santa Anastasia,"['AMO', 'Museo Conte', 'Teatro Romano', 'Centro Fotografia', 'Duomo']",Duomo,strategy_nearest,True,0.0035719871520996094,success
0446093A9C4C84,1,"['Arena', 'Museo Lapidario']",Torre Lamberti,"['Sighseeing', 'Centro Fotografia', 'Museo Conte', 'Casa Giulietta', 'Palazzo della Ragione']",Palazzo della Ragione,strategy_nearest,True,0.0031671524047851562,success
0446393A9C4C80,0,['Arena'],Casa Giulietta,"['Centro Fotografia', 'Sighseeing', 'Torre Lamberti', 'Museo Conte', 'Museo Radio']",Torre Lamberti,strategy_nearest,True,0.002046823501586914,success
0446803A9C4C80,1,"['Casa Giulietta', 'San Fermo', 'Teatro Romano']",Santa Anastasia,"['AMO', 'Museo Conte', 'Palazzo della Ragione', 'Centro Fotografia', 'Duomo']",Palazzo della Ragione,strategy_nearest,True,0.002671957015991211,success
0446814A9C4C80,1,"['Arena', 'Casa Giulietta']",Palazzo della Ragione,"['AMO', 'Museo Conte', 'Torre Lamberti', 'Centro Fotografia', 'Sighseeing']",Torre Lamberti,strategy_nearest,True,0.003083944320678711,success
044648429C4C80,0,['Casa Giulietta'],Teatro Romano,"['Santa Anastasia', 'Duomo', 'AMO', 'Palazzo della Ragione', 'Museo Conte']",Arena,strategy_nearest,False,0.0026209354400634766,success
0446823A9C4C80,0,"['Torre Lamberti', 'Arena']",Castelvecchio,"['Museo Lapidario', 'Verona Tour', 'Museo Radio', 'San Zeno', 'Sighseeing']",Casa Giulietta,strategy_nearest,False,0.0026421546936035156,success
04468C3A9C4C80,0,['Arena'],Casa Giulietta,"['Centro Fotografia', 'Sighseeing', 'Torre Lamberti', 'Museo Conte', 'Museo Radio']",Torre Lamberti,strategy_nearest,True,0.0018267631530761719,success
0446A672743380,1,"['Tomba Giulietta', 'Palazzo della Ragione']",Torre Lamberti,"['Sighseeing', 'Centro Fotografia', 'Museo Conte', 'Casa Giulietta', 'AMO']",Santa Anastasia,strategy_nearest,False,0.0033080577850341797,success
0446944A9C4C80,3,"['Arena', 'Casa Giulietta']",Santa Anastasia,"['AMO', 'Museo Conte', 'Palazzo della Ragione', 'Teatro Romano', 'Centro Fotografia']",Duomo,strategy_nearest,False,0.002774953842163086,success
0446A8429C4C80,3,"['Arena', 'Casa Giulietta']",Santa Anastasia,"['AMO', 'Museo Conte', 'Palazzo della Ragione', 'Teatro Romano', 'Centro Fotografia']",Teatro Romano,strategy_nearest,True,0.002569913864135742,success
0446B2429C4C80,0,"['Castelvecchio', 'Arena']",Casa Giulietta,"['Centro Fotografia', 'Sighseeing', 'Torre Lamberti', 'Museo Conte', 'Museo Radio']",Duomo,strategy_nearest,False,0.0018308162689208984,success
0446B53A9C4C80,0,['Arena'],Tomba Giulietta,"['San Fermo', 'Museo Storia', 'Museo Lapidario', 'Museo Radio', 'Verona Tour']",Casa Giulietta,strategy_nearest,False,0.0027358531951904297,success
0446B93A9C4C80,0,['San Zeno'],Arena,"['Verona Tour', 'Museo Lapidario', 'Museo Radio', 'San Fermo', 'Casa Giulietta']",Torre Lamberti,strategy_nearest,False,0.003403186798095703,success
0446BA429C4C80,0,['Castelvecchio'],Arena,"['Verona Tour', 'Museo Lapidario', 'Museo Radio', 'San Fermo', 'Casa Giulietta']",Casa Giulietta,strategy_nearest,True,0.0026841163635253906,success
0446BD429C4C80,0,['Torre Lamberti'],Arena,"['Verona Tour', 'Museo Lapidario', 'Museo Radio', 'San Fermo', 'Casa Giulietta']",Casa Giulietta,strategy_nearest,True,0.0030210018157958984,success
0446C33A9C4C80,3,"['Torre Lamberti', 'Santa Anastasia']",Duomo,"['AMO', 'Museo Miniscalchi', 'Teatro Romano', 'Palazzo della Ragione', 'Museo Conte']",Casa Giulietta,strategy_nearest,False,0.0021789073944091797,success
0446C5429C4C80,2,"['Castelvecchio', 'Teatro Romano']",Duomo,"['AMO', 'Museo Miniscalchi', 'Santa Anastasia', 'Palazzo della Ragione', 'Museo Conte']",Casa Giulietta,strategy_nearest,False,0.0027840137481689453,success
0446C9429C4C80,2,['Casa Giulietta'],Santa Anastasia,"['AMO', 'Museo Conte', 'Palazzo della Ragione', 'Teatro Romano', 'Centro Fotografia']",Castelvecchio,strategy_nearest,False,0.0027849674224853516,success
0446C8429C4C80,0,['Casa Giulietta'],Arena,"['Verona Tour', 'Museo Lapidario', 'Museo Radio', 'San Fermo', 'Sighseeing']",Torre Lamberti,strategy_nearest,False,0.00215911865234375,success
0446C73A9C4C80,0,"['Arena', 'Casa Giulietta']",Torre Lamberti,"['Sighseeing', 'Centro Fotografia', 'Museo Conte', 'Palazzo della Ragione', 'AMO']",Duomo,strategy_nearest,False,0.002991914749145508,success
0446DE3A9C4C80,3,"['Arena', 'Casa Giulietta']",Torre Lamberti,"['Sighseeing', 'Centro Fotografia', 'Museo Conte', 'Palazzo della Ragione', 'AMO']",Santa Anastasia,strategy_nearest,False,0.0033080577850341797,success
0446EE3A9C4C80,0,['Arena'],Casa Giulietta,"['Centro Fotografia', 'Sighseeing', 'Torre Lamberti', 'Museo Conte', 'Museo Radio']",Torre Lamberti,strategy_nearest,True,0.002875804901123047,success
0446ED3A9C4C80,3,"['San Fermo', 'Torre Lamberti']",Casa Giulietta,"['Centro Fotografia', 'Sighseeing', 'Museo Conte', 'Museo Radio', 'Palazzo della Ragione']",Arena,strategy_nearest,False,0.002003908157348633,success
0447003A9C4C84,0,['Arena'],Casa Giulietta,"['Centro Fotografia', 'Sighseeing', 'Torre Lamberti', 'Museo Conte', 'Museo Radio']",Castelvecchio,strategy_nearest,False,0.003031015396118164,success
0446F83A9C4C80,1,"['Duomo', 'Santa Anastasia']",Palazzo della Ragione,"['AMO', 'Museo Conte', 'Torre Lamberti', 'Centro Fotografia', 'Sighseeing']",Torre Lamberti,strategy_nearest,True,0.002892017364501953,success
044739429C4C80,0,['Arena'],Giardino Giusti,"['Santa Anastasia', 'Teatro Romano', 'Museo Conte', 'Centro Fotografia', 'Museo Storia']",Castelvecchio,strategy_nearest,False,0.002911806106567383,success
04472B3A9C4C80,0,['Castelvecchio'],Casa Giulietta,"['Centro Fotografia', 'Sighseeing', 'Torre Lamberti', 'Museo Conte', 'Museo Radio']",Arena,strategy_nearest,False,0.0020818710327148438,success
0447153A9C4C84,0,['Arena'],Casa Giulietta,"['Centro Fotografia', 'Sighseeing', 'Torre Lamberti', 'Museo Conte', 'Museo Radio']",Museo Lapidario,strategy_nearest,False,0.0020761489868164062,success
0447413A9C4C80,3,['Arena'],Teatro Romano,"['Santa Anastasia', 'Duomo', 'AMO', 'Palazzo della Ragione', 'Museo Conte']",Duomo,strategy_nearest,True,0.0035247802734375,success
04477B3A9C4C80,1,"['Casa Giulietta', 'Torre Lamberti']",Palazzo della Ragione,"['AMO', 'Museo Conte', 'Centro Fotografia', 'Sighseeing', 'Santa Anastasia']",Santa Anastasia,strategy_nearest,True,0.002725839614868164,success
0447794A9C4C80,1,"['Arena', 'Castelvecchio']",Casa Giulietta,"['Centro Fotografia', 'Sighseeing', 'Torre Lamberti', 'Museo Conte', 'Museo Radio']",Palazzo della Ragione,strategy_nearest,False,0.003620147705078125,success
0447843A9C4C80,1,"['Tomba Giulietta', 'Arena']",Torre Lamberti,"['Sighseeing', 'Centro Fotografia', 'Museo Conte', 'Casa Giulietta', 'Palazzo della Ragione']",Palazzo della Ragione,strategy_nearest,True,0.0037109851837158203,success
0447883A9C4C80,1,['Arena'],Casa Giulietta,"['Centro Fotografia', 'Sighseeing', 'Torre Lamberti', 'Museo Conte', 'Museo Radio']",Torre Lamberti,strategy_nearest,True,0.002597808837890625,success
04478A3A9C4C80,0,['Arena'],Casa Giulietta,"['Centro Fotografia', 'Sighseeing', 'Torre Lamberti', 'Museo Conte', 'Museo Radio']",Santa Anastasia,strategy_nearest,False,0.0013570785522460938,success
044789429C4C80,3,['Arena'],San Zeno,"['Castelvecchio', 'Verona Tour', 'Museo Lapidario', 'Museo Miniscalchi', 'Sighseeing']",Duomo,strategy_nearest,False,0.0019948482513427734,success
04478F3A9C4C80,0,['Casa Giulietta'],Castelvecchio,"['Museo Lapidario', 'Verona Tour', 'Arena', 'Museo Radio', 'San Zeno']",Arena,strategy_nearest,True,0.0026988983154296875,success
044790429C4C80,3,"['Arena', 'Castelvecchio']",Santa Anastasia,"['AMO', 'Museo Conte', 'Palazzo della Ragione', 'Teatro Romano', 'Centro Fotografia']",Teatro Romano,strategy_nearest,True,0.0031020641326904297,success
0447A94A9C4C80,0,['Casa Giulietta'],Torre Lamberti,"['Sighseeing', 'Centro Fotografia', 'Museo Conte', 'Palazzo della Ragione', 'AMO']",Arena,strategy_nearest,False,0.00275421142578125,success
0447AD429C4C80,3,"['Casa Giulietta', 'Torre Lamberti']",Santa Anastasia,"['AMO', 'Museo Conte', 'Palazzo della Ragione', 'Teatro Romano', 'Centro Fotografia']",Arena,strategy_nearest,False,0.003242969512939453,success
0447944A9C4C80,3,"['Arena', 'San Fermo']",Santa Anastasia,"['AMO', 'Museo Conte', 'Palazzo della Ragione', 'Teatro Romano', 'Centro Fotografia']",Duomo,strategy_nearest,False,0.0015537738800048828,success
0447BA3A9C4C80,0,"['Casa Giulietta', 'Arena']",Castelvecchio,"['Museo Lapidario', 'Verona Tour', 'Museo Radio', 'San Zeno', 'Sighseeing']",Duomo,strategy_nearest,False,0.0018680095672607422,success
0447B1429C4C80,0,['Tomba Giulietta'],Arena,"['Verona Tour', 'Museo Lapidario', 'Museo Radio', 'San Fermo', 'Casa Giulietta']",Casa Giulietta,strategy_nearest,True,0.0027408599853515625,success
0447BB429C4C80,0,['Arena'],Torre Lamberti,"['Sighseeing', 'Centro Fotografia', 'Museo Conte', 'Casa Giulietta', 'Palazzo della Ragione']",Teatro Romano,strategy_nearest,False,0.003325223922729492,success
0447BD429C4C80,0,['Tomba Giulietta'],Arena,"['Verona Tour', 'Museo Lapidario', 'Museo Radio', 'San Fermo', 'Casa Giulietta']",Casa Giulietta,strategy_nearest,True,0.0025501251220703125,success
0447C1429C4C80,0,"['Casa Giulietta', 'Torre Lamberti']",Tomba Giulietta,"['San Fermo', 'Museo Storia', 'Arena', 'Museo Lapidario', 'Museo Radio']",Arena,strategy_nearest,True,0.0017619132995605469,success
0447C9429C4C80,0,['Casa Giulietta'],Torre Lamberti,"['Sighseeing', 'Centro Fotografia', 'Museo Conte', 'Palazzo della Ragione', 'AMO']",Tomba Giulietta,strategy_nearest,False,0.002048969268798828,success
0447C5429C4C80,0,['Arena'],Casa Giulietta,"['Centro Fotografia', 'Sighseeing', 'Torre Lamberti', 'Museo Conte', 'Museo Radio']",Castelvecchio,strategy_nearest,False,0.00286102294921875,success
0447C2429C4C80,1,"['Arena', 'Casa Giulietta']",Palazzo della Ragione,"['AMO', 'Museo Conte', 'Torre Lamberti', 'Centro Fotografia', 'Sighseeing']",Torre Lamberti,strategy_nearest,True,0.003368854522705078,success
0447EC3A9C4C80,3,"['Torre Lamberti', 'Santa Anastasia']",Duomo,"['AMO', 'Museo Miniscalchi', 'Teatro Romano', 'Palazzo della Ragione', 'Museo Conte']",Casa Giulietta,strategy_nearest,False,0.0020008087158203125,success
0447EF3A9C4C80,1,"['Arena', 'Museo Lapidario', 'Castelvecchio', 'Torre Lamberti']",Palazzo della Ragione,"['AMO', 'Museo Conte', 'Centro Fotografia', 'Sighseeing', 'Santa Anastasia']",Casa Giulietta,strategy_nearest,False,0.002502918243408203,success
0447E53A9C4C80,3,"['Santa Anastasia', 'Teatro Romano']",Duomo,"['AMO', 'Museo Miniscalchi', 'Palazzo della Ragione', 'Museo Conte', 'Torre Lamberti']",Torre Lamberti,strategy_nearest,True,0.0028111934661865234,success
0447E73A9C4C80,1,['Casa Giulietta'],Palazzo della Ragione,"['AMO', 'Museo Conte', 'Torre Lamberti', 'Centro Fotografia', 'Sighseeing']",Torre Lamberti,strategy_nearest,True,0.003542661666870117,success
0447FA3A9C4C80,2,"['San Fermo', 'Torre Lamberti']",Santa Anastasia,"['AMO', 'Museo Conte', 'Palazzo della Ragione', 'Teatro Romano', 'Centro Fotografia']",Duomo,strategy_nearest,False,0.0020308494567871094,success
04480B429C4C84,0,['Torre Lamberti'],Casa Giulietta,"['Centro Fotografia', 'Sighseeing', 'Museo Conte', 'Museo Radio', 'Palazzo della Ragione']",Arena,strategy_nearest,False,0.002607107162475586,success
04480B3A9C4C84,1,"['Tomba Giulietta', 'Casa Giulietta']",Torre Lamberti,"['Sighseeing', 'Centro Fotografia', 'Museo Conte', 'Palazzo della Ragione', 'AMO']",Palazzo della Ragione,strategy_nearest,True,0.002675771713256836,success
04482F429C4C80,0,['San Zeno'],Arena,"['Verona Tour', 'Museo Lapidario', 'Museo Radio', 'San Fermo', 'Casa Giulietta']",Castelvecchio,strategy_nearest,False,0.0027778148651123047,success
044836429C4C80,1,['Torre Lamberti'],Palazzo della Ragione,"['AMO', 'Museo Conte', 'Centro Fotografia', 'Sighseeing', 'Santa Anastasia']",Casa Giulietta,strategy_nearest,False,0.0032782554626464844,success
044839429C4C80,1,"['Arena', 'Casa Giulietta']",Torre Lamberti,"['Sighseeing', 'Centro Fotografia', 'Museo Conte', 'Palazzo della Ragione', 'AMO']",Palazzo della Ragione,strategy_nearest,True,0.0024781227111816406,success
0448224A9C4C80,3,"['Castelvecchio', 'Arena']",Torre Lamberti,"['Sighseeing', 'Centro Fotografia', 'Museo Conte', 'Casa Giulietta', 'Palazzo della Ragione']",Casa Giulietta,strategy_nearest,True,0.0028688907623291016,success
044860429C4C80,0,['Torre Lamberti'],Casa Giulietta,"['Centro Fotografia', 'Sighseeing', 'Museo Conte', 'Museo Radio', 'Palazzo della Ragione']",Arena,strategy_nearest,False,0.001154184341430664,success
044871429C4C80,3,"['Casa Giulietta', 'Santa Anastasia']",Duomo,"['AMO', 'Museo Miniscalchi', 'Teatro Romano', 'Palazzo della Ragione', 'Museo Conte']",Teatro Romano,strategy_nearest,True,0.0020122528076171875,success
04487A3A9C4C80,0,"['Casa Giulietta', 'Arena']",San Zeno,"['Castelvecchio', 'Verona Tour', 'Museo Lapidario', 'Museo Miniscalchi', 'Sighseeing']",Castelvecchio,strategy_nearest,True,0.0028481483459472656,success
0448853A9C4C80,3,"['San Zeno', 'Castelvecchio']",Arena,"['Verona Tour', 'Museo Lapidario', 'Museo Radio', 'San Fermo', 'Casa Giulietta']",Torre Lamberti,strategy_nearest,False,0.0026140213012695312,success
044889429C4C80,1,"['Arena', 'Casa Giulietta', 'Torre Lamberti']",Palazzo della Ragione,"['AMO', 'Museo Conte', 'Centro Fotografia', 'Sighseeing', 'Santa Anastasia']",Santa Anastasia,strategy_nearest,True,0.0032477378845214844,success
0448A872743380,3,"['Arena', 'Castelvecchio']",Casa Giulietta,"['Centro Fotografia', 'Sighseeing', 'Torre Lamberti', 'Museo Conte', 'Museo Radio']",Torre Lamberti,strategy_nearest,True,0.002767801284790039,success
04488E429C4C80,2,"['Teatro Romano', 'Santa Anastasia', 'Palazzo della Ragione', 'Torre Lamberti']",Casa Giulietta,"['Centro Fotografia', 'Sighseeing', 'Museo Conte', 'Museo Radio', 'San Fermo']",Tomba Giulietta,strategy_nearest,False,0.0030050277709960938,success
0448A9429C4C80,0,"['Casa Giulietta', 'Teatro Romano']",Castelvecchio,"['Museo Lapidario', 'Verona Tour', 'Arena', 'Museo Radio', 'San Zeno']",Arena,strategy_nearest,True,0.003180980682373047,success
0448AF429C4C80,3,"['Arena', 'Casa Giulietta']",Santa Anastasia,"['AMO', 'Museo Conte', 'Palazzo della Ragione', 'Teatro Romano', 'Centro Fotografia']",Duomo,strategy_nearest,False,0.002725839614868164,success
0448BE429C4C80,0,"['San Fermo', 'Casa Giulietta']",Torre Lamberti,"['Sighseeing', 'Centro Fotografia', 'Museo Conte', 'Palazzo della Ragione', 'AMO']",Arena,strategy_nearest,False,0.002595186233520508,success
0448B9429C4C80,1,"['Arena', 'Torre Lamberti']",Palazzo della Ragione,"['AMO', 'Museo Conte', 'Centro Fotografia', 'Sighseeing', 'Santa Anastasia']",Casa Giulietta,strategy_nearest,False,0.0018978118896484375,success
0448C2429C4C80,3,['Arena'],Casa Giulietta,"['Centro Fotografia', 'Sighseeing', 'Torre Lamberti', 'Museo Conte', 'Museo Radio']",Santa Anastasia,strategy_nearest,False,0.0024738311767578125,success
0448CC3A9C4C80,0,['Castelvecchio'],Arena,"['Verona Tour', 'Museo Lapidario', 'Museo Radio', 'San Fermo', 'Casa Giulietta']",Casa Giulietta,strategy_nearest,True,0.0032770633697509766,success
0448C3429C4C80,1,"['Duomo', 'Santa Anastasia']",Palazzo della Ragione,"['AMO', 'Museo Conte', 'Torre Lamberti', 'Centro Fotografia', 'Sighseeing']",Torre Lamberti,strategy_nearest,True,0.0028181076049804688,success
0448CB3A9C4C80,2,['Duomo'],San Zeno,"['Castelvecchio', 'Verona Tour', 'Museo Lapidario', 'Arena', 'Museo Miniscalchi']",Tomba Giulietta,strategy_nearest,False,0.0026869773864746094,success
04490B3A9C4C84,3,"['Arena', 'Casa Giulietta']",Torre Lamberti,"['Sighseeing', 'Centro Fotografia', 'Museo Conte', 'Palazzo della Ragione', 'AMO']",Santa Anastasia,strategy_nearest,False,0.002568960189819336,success
0448F23A9C4C80,3,"['Arena', 'Torre Lamberti']",Casa Giulietta,"['Centro Fotografia', 'Sighseeing', 'Museo Conte', 'Museo Radio', 'Palazzo della Ragione']",Santa Anastasia,strategy_nearest,False,0.0019757747650146484,success
0448EC3A9C4C80,2,['Castelvecchio'],Casa Giulietta,"['Centro Fotografia', 'Sighseeing', 'Torre Lamberti', 'Museo Conte', 'Museo Radio']",Teatro Romano,strategy_nearest,False,0.0018486976623535156,success
04490C3A9C4C84,1,['Arena'],Torre Lamberti,"['Sighseeing', 'Centro Fotografia', 'Museo Conte', 'Casa Giulietta', 'Palazzo della Ragione']",Palazzo della Ragione,strategy_nearest,True,0.00304412841796875,success
04492B429C4C80,3,"['San Fermo', 'Torre Lamberti', 'Duomo']",San Zeno,"['Castelvecchio', 'Verona Tour', 'Museo Lapidario', 'Arena', 'Museo Miniscalchi']",Castelvecchio,strategy_nearest,True,0.002000093460083008,success
0449123A9C4C84,1,"['Arena', 'Torre Lamberti']",Palazzo della Ragione,"['AMO', 'Museo Conte', 'Centro Fotografia', 'Sighseeing', 'Santa Anastasia']",Museo Storia,strategy_nearest,False,0.002674102783203125,success
04493A429C4C80,3,"['Museo Lapidario', 'Tomba Giulietta', 'Museo Storia', 'Teatro Romano']",Santa Anastasia,"['AMO', 'Museo Conte', 'Palazzo della Ragione', 'Centro Fotografia', 'Duomo']",Torre Lamberti,strategy_nearest,False,0.0025930404663085938,success
04492D3A9C4C80,1,"['Torre Lamberti', 'Palazzo della Ragione']",Castelvecchio,"['Museo Lapidario', 'Verona Tour', 'Arena', 'Museo Radio', 'San Zeno']",Arena,strategy_nearest,True,0.003715038299560547,success
0449473A9C4C80,3,"['Arena', 'Castelvecchio']",Torre Lamberti,"['Sighseeing', 'Centro Fotografia', 'Museo Conte', 'Casa Giulietta', 'Palazzo della Ragione']",Casa Giulietta,strategy_nearest,True,0.0024900436401367188,success
04493D3A9C4C80,1,['Arena'],Torre Lamberti,"['Sighseeing', 'Centro Fotografia', 'Museo Conte', 'Casa Giulietta', 'Palazzo della Ragione']",Palazzo della Ragione,strategy_nearest,True,0.0032792091369628906,success
0449703A9C4C80,1,"['Torre Lamberti', 'Palazzo della Ragione', 'Castelvecchio']",Arena,"['Verona Tour', 'Museo Lapidario', 'Museo Radio', 'San Fermo', 'Casa Giulietta']",Santa Anastasia,strategy_nearest,False,0.003092050552368164,success
044973429C4C80,1,['Arena'],Casa Giulietta,"['Centro Fotografia', 'Sighseeing', 'Torre Lamberti', 'Museo Conte', 'Museo Radio']",Palazzo della Ragione,strategy_nearest,False,0.002026081085205078,success
04497D3A9C4C80,3,"['Torre Lamberti', 'Santa Anastasia', 'Duomo']",Teatro Romano,"['AMO', 'Palazzo della Ragione', 'Museo Conte', 'Centro Fotografia', 'Museo Miniscalchi']",Casa Giulietta,strategy_nearest,False,0.0016431808471679688,success
0449813A9C4C80,2,['Casa Giulietta'],Torre Lamberti,"['Sighseeing', 'Centro Fotografia', 'Museo Conte', 'Palazzo della Ragione', 'AMO']",Palazzo della Ragione,strategy_nearest,True,0.002874135971069336,success
0449824A9C4C80,0,['Arena'],Duomo,"['AMO', 'Museo Miniscalchi', 'Santa Anastasia', 'Teatro Romano', 'Palazzo della Ragione']",Casa Giulietta,strategy_nearest,False,0.002609729766845703,success
044982429C4C80,3,['Arena'],Duomo,"['AMO', 'Museo Miniscalchi', 'Santa Anastasia', 'Teatro Romano', 'Palazzo della Ragione']",Santa Anastasia,strategy_nearest,True,0.0026502609252929688,success
0449A572743380,3,"['Teatro Romano', 'Santa Anastasia', 'Casa Giulietta']",Tomba Giulietta,"['San Fermo', 'Museo Storia', 'Arena', 'Museo Lapidario', 'Museo Radio']",Castelvecchio,strategy_nearest,False,0.0033102035522460938,success
0449884A9C4C80,3,"['Arena', 'Casa Giulietta']",Torre Lamberti,"['Sighseeing', 'Centro Fotografia', 'Museo Conte', 'Palazzo della Ragione', 'AMO']",Duomo,strategy_nearest,False,0.0025620460510253906,success
0449844A9C4C80,3,"['Arena', 'Casa Giulietta']",Santa Anastasia,"['AMO', 'Museo Conte', 'Palazzo della Ragione', 'Teatro Romano', 'Centro Fotografia']",Duomo,strategy_nearest,False,0.00327301025390625,success
0449893A9C4C80,0,['Arena'],Torre Lamberti,"['Sighseeing', 'Centro Fotografia', 'Museo Conte', 'Casa Giulietta', 'Palazzo della Ragione']",Casa Giulietta,strategy_nearest,True,0.0027022361755371094,success
0449B23A9C4C80,1,"['Arena', 'Casa Giulietta']",Torre Lamberti,"['Sighseeing', 'Centro Fotografia', 'Museo Conte', 'Palazzo della Ragione', 'AMO']",Palazzo della Ragione,strategy_nearest,True,0.002201080322265625,success
0449AE429C4C80,0,"['Castelvecchio', 'Casa Giulietta']",Teatro Romano,"['Santa Anastasia', 'Duomo', 'AMO', 'Palazzo della Ragione', 'Museo Conte']",Tomba Giulietta,strategy_nearest,False,0.0029120445251464844,success
0449B3429C4C80,3,"['Castelvecchio', 'Arena']",Casa Giulietta,"['Centro Fotografia', 'Sighseeing', 'Torre Lamberti', 'Museo Conte', 'Museo Radio']",Santa Anastasia,strategy_nearest,False,0.0030019283294677734,success
0449A93A9C4C80,1,['Arena'],Torre Lamberti,"['Sighseeing', 'Centro Fotografia', 'Museo Conte', 'Casa Giulietta', 'Palazzo della Ragione']",Palazzo della Ragione,strategy_nearest,True,0.0014491081237792969,success
0449BF429C4C80,1,"['Arena', 'Museo Lapidario', 'Casa Giulietta']",Torre Lamberti,"['Sighseeing', 'Centro Fotografia', 'Museo Conte', 'Palazzo della Ragione', 'AMO']",Santa Anastasia,strategy_nearest,False,0.0023260116577148438,success
0449C43A9C4C80,0,['Santa Anastasia'],Arena,"['Verona Tour', 'Museo Lapidario', 'Museo Radio', 'San Fermo', 'Casa Giulietta']",Castelvecchio,strategy_nearest,False,0.003204822540283203,success
0449B4429C4C80,0,['Casa Giulietta'],Torre Lamberti,"['Sighseeing', 'Centro Fotografia', 'Museo Conte', 'Palazzo della Ragione', 'AMO']",Arena,strategy_nearest,False,0.0029540061950683594,success
0449BE429C4C80,3,"['Castelvecchio', 'Teatro Romano', 'Duomo']",Santa Anastasia,"['AMO', 'Museo Conte', 'Palazzo della Ragione', 'Centro Fotografia', 'Torre Lamberti']",Casa Giulietta,strategy_nearest,False,0.003002166748046875,success
0449C63A9C4C80,0,['Arena'],Casa Giulietta,"['Centro Fotografia', 'Sighseeing', 'Torre Lamberti', 'Museo Conte', 'Museo Radio']",Torre Lamberti,strategy_nearest,True,0.0020449161529541016,success
0449C53A9C4C80,1,"['Arena', 'Castelvecchio', 'Palazzo della Ragione', 'Torre Lamberti', 'Santa Anastasia']",Casa Giulietta,"['Centro Fotografia', 'Sighseeing', 'Museo Conte', 'Museo Radio', 'San Fermo']",Tomba Giulietta,strategy_nearest,False,0.001316070556640625,success
0449C83A9C4C80,1,"['Arena', 'Castelvecchio', 'Torre Lamberti']",Palazzo della Ragione,"['AMO', 'Museo Conte', 'Centro Fotografia', 'Sighseeing', 'Santa Anastasia']",Casa Giulietta,strategy_nearest,False,0.00398707389831543,success
0449D53A9C4C80,0,['Arena'],Duomo,"['AMO', 'Museo Miniscalchi', 'Santa Anastasia', 'Teatro Romano', 'Palazzo della Ragione']",Casa Giulietta,strategy_nearest,False,0.002001047134399414,success
0449EB3A9C4C80,1,"['Teatro Romano', 'Duomo', 'Santa Anastasia', 'Palazzo della Ragione']",Torre Lamberti,"['Sighseeing', 'Centro Fotografia', 'Museo Conte', 'Casa Giulietta', 'AMO']",Casa Giulietta,strategy_nearest,True,0.0027430057525634766,success
0449EE429C4C80,1,"['Arena', 'Casa Giulietta', 'San Fermo']",Museo Storia,"['Museo Radio', 'Centro Fotografia', 'Tomba Giulietta', 'Torre Lamberti', 'Sighseeing']",Castelvecchio,strategy_nearest,False,0.0034422874450683594,success
044A033A9C4C84,3,"['Arena', 'Torre Lamberti']",Casa Giulietta,"['Centro Fotografia', 'Sighseeing', 'Museo Conte', 'Museo Radio', 'Palazzo della Ragione']",Duomo,strategy_nearest,False,0.0028810501098632812,success
044A45429C4C80,0,['Arena'],Casa Giulietta,"['Centro Fotografia', 'Sighseeing', 'Torre Lamberti', 'Museo Conte', 'Museo Radio']",Santa Anastasia,strategy_nearest,False,0.002986907958984375,success
044A61429C4C80,1,"['Castelvecchio', 'Museo Lapidario', 'Arena']",San Zeno,"['Verona Tour', 'Museo Miniscalchi', 'Sighseeing', 'Museo Radio', 'Torre Lamberti']",Casa Giulietta,strategy_nearest,False,0.003126859664916992,success
044A513A9C4C80,0,['Arena'],Casa Giulietta,"['Centro Fotografia', 'Sighseeing', 'Torre Lamberti', 'Museo Conte', 'Museo Radio']",Santa Anastasia,strategy_nearest,False,0.0027170181274414062,success
044A7C3A9C4C80,3,"['Arena', 'Castelvecchio']",Torre Lamberti,"['Sighseeing', 'Centro Fotografia', 'Museo Conte', 'Casa Giulietta', 'Palazzo della Ragione']",Santa Anastasia,strategy_nearest,False,0.0020329952239990234,success
044A773A9C4C80,0,['Arena'],Casa Giulietta,"['Centro Fotografia', 'Sighseeing', 'Torre Lamberti', 'Museo Conte', 'Museo Radio']",Torre Lamberti,strategy_nearest,True,0.0033462047576904297,success
044A84429C4C80,0,['Arena'],Casa Giulietta,"['Centro Fotografia', 'Sighseeing', 'Torre Lamberti', 'Museo Conte', 'Museo Radio']",Tomba Giulietta,strategy_nearest,False,0.0025539398193359375,success
044A823A9C4C80,1,"['Torre Lamberti', 'Casa Giulietta']",Castelvecchio,"['Museo Lapidario', 'Verona Tour', 'Arena', 'Museo Radio', 'San Zeno']",Arena,strategy_nearest,True,0.003493070602416992,success
044AA34A9C4C80,0,['Casa Giulietta'],Torre Lamberti,"['Sighseeing', 'Centro Fotografia', 'Museo Conte', 'Palazzo della Ragione', 'AMO']",Arena,strategy_nearest,False,0.003033876419067383,success
044A88429C4C80,0,['Teatro Romano'],Arena,"['Verona Tour', 'Museo Lapidario', 'Museo Radio', 'San Fermo', 'Casa Giulietta']",Casa Giulietta,strategy_nearest,True,0.0025548934936523438,success
044AA44A9C4C80,3,"['Casa Giulietta', 'Castelvecchio']",Arena,"['Verona Tour', 'Museo Lapidario', 'Museo Radio', 'San Fermo', 'Sighseeing']",Santa Anastasia,strategy_nearest,False,0.0026328563690185547,success
044AB5429C4C80,1,['Palazzo della Ragione'],Arena,"['Verona Tour', 'Museo Lapidario', 'Museo Radio', 'San Fermo', 'Casa Giulietta']",Duomo,strategy_nearest,False,0.0032958984375,success
044AB83A9C4C80,0,['Arena'],Casa Giulietta,"['Centro Fotografia', 'Sighseeing', 'Torre Lamberti', 'Museo Conte', 'Museo Radio']",Torre Lamberti,strategy_nearest,True,0.003161191940307617,success
044AB7429C4C80,3,['Arena'],Casa Giulietta,"['Centro Fotografia', 'Sighseeing', 'Torre Lamberti', 'Museo Conte', 'Museo Radio']",Santa Anastasia,strategy_nearest,False,0.002975940704345703,success
044AC0429C4C80,0,['Arena'],Torre Lamberti,"['Sighseeing', 'Centro Fotografia', 'Museo Conte', 'Casa Giulietta', 'Palazzo della Ragione']",Casa Giulietta,strategy_nearest,True,0.003902912139892578,success
044AC3429C4C80,0,['Castelvecchio'],Arena,"['Verona Tour', 'Museo Lapidario', 'Museo Radio', 'San Fermo', 'Casa Giulietta']",Casa Giulietta,strategy_nearest,True,0.003161907196044922,success
044ABF429C4C80,0,['Casa Giulietta'],Arena,"['Verona Tour', 'Museo Lapidario', 'Museo Radio', 'San Fermo', 'Sighseeing']",Torre Lamberti,strategy_nearest,False,0.004180908203125,success
044AED3A9C4C80,2,['San Zeno'],Duomo,"['AMO', 'Museo Miniscalchi', 'Santa Anastasia', 'Teatro Romano', 'Palazzo della Ragione']",Teatro Romano,strategy_nearest,True,0.0019969940185546875,success
044AC73A9C4C80,0,"['Arena', 'Casa Giulietta']",Torre Lamberti,"['Sighseeing', 'Centro Fotografia', 'Museo Conte', 'Palazzo della Ragione', 'AMO']",Castelvecchio,strategy_nearest,False,0.003954887390136719,success
044B073A9C4C84,0,"['Torre Lamberti', 'Duomo']",Casa Giulietta,"['Centro Fotografia', 'Sighseeing', 'Museo Conte', 'Museo Radio', 'Palazzo della Ragione']",Arena,strategy_nearest,False,0.0033919811248779297,success
044AF43A9C4C80,1,['Arena'],Casa Giulietta,"['Centro Fotografia', 'Sighseeing', 'Torre Lamberti', 'Museo Conte', 'Museo Radio']",Torre Lamberti,strategy_nearest,True,0.0026998519897460938,success
044B333A9C4C80,3,"['Arena', 'Casa Giulietta']",Duomo,"['AMO', 'Museo Miniscalchi', 'Santa Anastasia', 'Teatro Romano', 'Palazzo della Ragione']",Torre Lamberti,strategy_nearest,False,0.0026640892028808594,success
044B7A429C4C80,1,"['Torre Lamberti', 'Palazzo della Ragione']",Casa Giulietta,"['Centro Fotografia', 'Sighseeing', 'Museo Conte', 'Museo Radio', 'San Fermo']",Arena,strategy_nearest,False,0.002674102783203125,success
044B4C429C4C80,1,"['Arena', 'Palazzo della Ragione']",Torre Lamberti,"['Sighseeing', 'Centro Fotografia', 'Museo Conte', 'Casa Giulietta', 'AMO']",Santa Anastasia,strategy_nearest,False,0.003513813018798828,success
044B80429C4C80,0,['Arena'],Castelvecchio,"['Museo Lapidario', 'Verona Tour', 'Museo Radio', 'San Zeno', 'Sighseeing']",Torre Lamberti,strategy_nearest,False,0.003737926483154297,success
044B81429C4C80,1,"['Arena', 'Casa Giulietta']",Torre Lamberti,"['Sighseeing', 'Centro Fotografia', 'Museo Conte', 'Palazzo della Ragione', 'AMO']",Palazzo della Ragione,strategy_nearest,True,0.001909017562866211,success
044B883A9C4C80,0,['Arena'],Casa Giulietta,"['Centro Fotografia', 'Sighseeing', 'Torre Lamberti', 'Museo Conte', 'Museo Radio']",Castelvecchio,strategy_nearest,False,0.002067089080810547,success
044B8F429C4C80,3,"['Santa Anastasia', 'Duomo', 'Teatro Romano']",Casa Giulietta,"['Centro Fotografia', 'Sighseeing', 'Torre Lamberti', 'Museo Conte', 'Museo Radio']",Castelvecchio,strategy_nearest,False,0.0028328895568847656,success
044B86429C4C80,3,"['Arena', 'Castelvecchio']",Santa Anastasia,"['AMO', 'Museo Conte', 'Palazzo della Ragione', 'Teatro Romano', 'Centro Fotografia']",Torre Lamberti,strategy_nearest,False,0.003737926483154297,success
044B9E429C4C80,2,['Teatro Romano'],Casa Giulietta,"['Centro Fotografia', 'Sighseeing', 'Torre Lamberti', 'Museo Conte', 'Museo Radio']",Palazzo della Ragione,strategy_nearest,False,0.0022721290588378906,success
044BA672743380,3,"['Arena', 'Casa Giulietta', 'Torre Lamberti']",Santa Anastasia,"['AMO', 'Museo Conte', 'Palazzo della Ragione', 'Teatro Romano', 'Centro Fotografia']",San Fermo,strategy_nearest,False,0.002546072006225586,success
044BA63A9C4C80,3,['Torre Lamberti'],Santa Anastasia,"['AMO', 'Museo Conte', 'Palazzo della Ragione', 'Teatro Romano', 'Centro Fotografia']",Casa Giulietta,strategy_nearest,False,0.001961946487426758,success
044BAB429C4C80,0,['Arena'],Casa Giulietta,"['Centro Fotografia', 'Sighseeing', 'Torre Lamberti', 'Museo Conte', 'Museo Radio']",Torre Lamberti,strategy_nearest,True,0.002602100372314453,success
044BA872743380,0,['San Zeno'],Castelvecchio,"['Museo Lapidario', 'Verona Tour', 'Arena', 'Museo Radio', 'Sighseeing']",Arena,strategy_nearest,True,0.003515958786010742,success
044BC3429C4C80,0,['Arena'],Casa Giulietta,"['Centro Fotografia', 'Sighseeing', 'Torre Lamberti', 'Museo Conte', 'Museo Radio']",Torre Lamberti,strategy_nearest,True,0.0018680095672607422,success
044BF43A9C4C80,1,"['Arena', 'Palazzo della Ragione']",Torre Lamberti,"['Sighseeing', 'Centro Fotografia', 'Museo Conte', 'Casa Giulietta', 'AMO']",Duomo,strategy_nearest,False,0.002628803253173828,success
044BF53A9C4C80,3,"['Torre Lamberti', 'Teatro Romano']",Duomo,"['AMO', 'Museo Miniscalchi', 'Santa Anastasia', 'Palazzo della Ragione', 'Museo Conte']",Casa Giulietta,strategy_nearest,False,0.003206968307495117,success
044BB93A9C4C80,0,['San Zeno'],Arena,"['Verona Tour', 'Museo Lapidario', 'Museo Radio', 'San Fermo', 'Casa Giulietta']",Casa Giulietta,strategy_nearest,True,0.002746105194091797,success
044BFA3A9C4C80,3,"['San Fermo', 'Santa Anastasia', 'Torre Lamberti']",Casa Giulietta,"['Centro Fotografia', 'Sighseeing', 'Museo Conte', 'Museo Radio', 'Palazzo della Ragione']",Arena,strategy_nearest,False,0.003484010696411133,success
044C38429C4C80,1,"['Castelvecchio', 'Arena', 'Tomba Giulietta']",Palazzo della Ragione,"['AMO', 'Museo Conte', 'Torre Lamberti', 'Centro Fotografia', 'Sighseeing']",Casa Giulietta,strategy_nearest,False,0.001971006393432617,success
044C703A9C4C80,0,"['Torre Lamberti', 'Casa Giulietta']",Arena,"['Verona Tour', 'Museo Lapidario', 'Museo Radio', 'San Fermo', 'Sighseeing']",Tomba Giulietta,strategy_nearest,False,0.002517223358154297,success
044C7D429C4C80,3,"['Arena', 'Castelvecchio', 'Torre Lamberti']",Santa Anastasia,"['AMO', 'Museo Conte', 'Palazzo della Ragione', 'Teatro Romano', 'Centro Fotografia']",Casa Giulietta,strategy_nearest,False,0.0033080577850341797,success
044C813A9C4C80,3,"['Casa Giulietta', 'Torre Lamberti']",Arena,"['Verona Tour', 'Museo Lapidario', 'Museo Radio', 'San Fermo', 'Sighseeing']",Duomo,strategy_nearest,False,0.0017857551574707031,success
044C883A9C4C80,1,"['Casa Giulietta', 'Torre Lamberti']",Palazzo della Ragione,"['AMO', 'Museo Conte', 'Centro Fotografia', 'Sighseeing', 'Santa Anastasia']",Arena,strategy_nearest,False,0.002880096435546875,success
044C88429C4C80,3,"['Arena', 'Santa Anastasia']",Duomo,"['AMO', 'Museo Miniscalchi', 'Teatro Romano', 'Palazzo della Ragione', 'Museo Conte']",Torre Lamberti,strategy_nearest,False,0.003650188446044922,success
044C8B429C4C80,3,"['Teatro Romano', 'Giardino Giusti', 'Duomo']",Casa Giulietta,"['Centro Fotografia', 'Sighseeing', 'Torre Lamberti', 'Museo Conte', 'Museo Radio']",Castelvecchio,strategy_nearest,False,0.002485036849975586,success
044CA472743380,4,"['Casa Giulietta', 'Arena', 'Museo Radio']",Tomba Giulietta,"['San Fermo', 'Museo Storia', 'Museo Lapidario', 'Verona Tour', 'Castelvecchio']",Castelvecchio,strategy_nearest,True,0.0029349327087402344,success
044CA8429C4C80,0,['Arena'],Casa Giulietta,"['Centro Fotografia', 'Sighseeing', 'Torre Lamberti', 'Museo Conte', 'Museo Radio']",Tomba Giulietta,strategy_nearest,False,0.001844167709350586,success
044CA772743380,3,"['Castelvecchio', 'Arena', 'Casa Giulietta']",Torre Lamberti,"['Sighseeing', 'Centro Fotografia', 'Museo Conte', 'Palazzo della Ragione', 'AMO']",Santa Anastasia,strategy_nearest,False,0.003245830535888672,success
044CA672743380,3,"['Castelvecchio', 'San Zeno']",Arena,"['Verona Tour', 'Museo Lapidario', 'Museo Radio', 'San Fermo', 'Casa Giulietta']",San Fermo,strategy_nearest,True,0.0033631324768066406,success
044CA93A9C4C80,3,['Arena'],Santa Anastasia,"['AMO', 'Museo Conte', 'Palazzo della Ragione', 'Teatro Romano', 'Centro Fotografia']",Torre Lamberti,strategy_nearest,False,0.002628803253173828,success
044CA9429C4C80,3,"['Casa Giulietta', 'Santa Anastasia']",Duomo,"['AMO', 'Museo Miniscalchi', 'Teatro Romano', 'Palazzo della Ragione', 'Museo Conte']",Arena,strategy_nearest,False,0.0032176971435546875,success
044CAD3A9C4C80,3,"['Arena', 'Casa Giulietta']",Torre Lamberti,"['Sighseeing', 'Centro Fotografia', 'Museo Conte', 'Palazzo della Ragione', 'AMO']",Duomo,strategy_nearest,False,0.0032629966735839844,success
044CB2429C4C80,0,['Arena'],Casa Giulietta,"['Centro Fotografia', 'Sighseeing', 'Torre Lamberti', 'Museo Conte', 'Museo Radio']",Torre Lamberti,strategy_nearest,True,0.0023932456970214844,success
044CC0429C4C80,0,"['Arena', 'Casa Giulietta']",Torre Lamberti,"['Sighseeing', 'Centro Fotografia', 'Museo Conte', 'Palazzo della Ragione', 'AMO']",Giardino Giusti,strategy_nearest,False,0.002499818801879883,success
044CD63A9C4C80,0,['Arena'],Castelvecchio,"['Museo Lapidario', 'Verona Tour', 'Museo Radio', 'San Zeno', 'Sighseeing']",Giardino Giusti,strategy_nearest,False,0.0035588741302490234,success
044CEC3A9C4C80,1,"['Arena', 'San Fermo', 'Casa Giulietta', 'Torre Lamberti']",Palazzo della Ragione,"['AMO', 'Museo Conte', 'Centro Fotografia', 'Sighseeing', 'Santa Anastasia']",Santa Anastasia,strategy_nearest,True,0.0019609928131103516,success
044D073A9C4C84,1,"['Arena', 'Casa Giulietta']",Palazzo della Ragione,"['AMO', 'Museo Conte', 'Torre Lamberti', 'Centro Fotografia', 'Sighseeing']",Torre Lamberti,strategy_nearest,True,0.003298044204711914,success
044D033A9C4C84,0,"['Museo Lapidario', 'Arena', 'Torre Lamberti']",Casa Giulietta,"['Centro Fotografia', 'Sighseeing', 'Museo Conte', 'Museo Radio', 'Palazzo della Ragione']",San Fermo,strategy_nearest,False,0.003258228302001953,success
044D0F429C4C84,0,['Arena'],Casa Giulietta,"['Centro Fotografia', 'Sighseeing', 'Torre Lamberti', 'Museo Conte', 'Museo Radio']",Torre Lamberti,strategy_nearest,True,0.0026547908782958984,success
044D183A9C4C84,0,['Torre Lamberti'],Casa Giulietta,"['Centro Fotografia', 'Sighseeing', 'Museo Conte', 'Museo Radio', 'Palazzo della Ragione']",Arena,strategy_nearest,False,0.0025091171264648438,success
044D39429C4C80,1,"['Arena', 'Casa Giulietta']",Torre Lamberti,"['Sighseeing', 'Centro Fotografia', 'Museo Conte', 'Palazzo della Ragione', 'AMO']",Palazzo della Ragione,strategy_nearest,True,0.003317117691040039,success
044D30429C4C80,0,"['Arena', 'Torre Lamberti']",Casa Giulietta,"['Centro Fotografia', 'Sighseeing', 'Museo Conte', 'Museo Radio', 'Palazzo della Ragione']",Teatro Romano,strategy_nearest,False,0.002897024154663086,success
044D64429C4C80,1,"['Torre Lamberti', 'Palazzo della Ragione', 'Casa Giulietta']",Arena,"['Verona Tour', 'Museo Lapidario', 'Museo Radio', 'San Fermo', 'Sighseeing']",Teatro Romano,strategy_nearest,False,0.0033490657806396484,success
044D67429C4C80,3,"['Casa Giulietta', 'Torre Lamberti']",Arena,"['Verona Tour', 'Museo Lapidario', 'Museo Radio', 'San Fermo', 'Sighseeing']",Santa Anastasia,strategy_nearest,False,0.003048419952392578,success
044D793A9C4C80,0,"['Arena', 'Casa Giulietta']",Torre Lamberti,"['Sighseeing', 'Centro Fotografia', 'Museo Conte', 'Palazzo della Ragione', 'AMO']",Duomo,strategy_nearest,False,0.002682924270629883,success
044D7C4A9C4C80,1,"['Torre Lamberti', 'Palazzo della Ragione']",Arena,"['Verona Tour', 'Museo Lapidario', 'Museo Radio', 'San Fermo', 'Casa Giulietta']",Casa Giulietta,strategy_nearest,True,0.0032601356506347656,success
044D783A9C4C80,1,"['Casa Giulietta', 'Palazzo della Ragione']",Duomo,"['AMO', 'Museo Miniscalchi', 'Santa Anastasia', 'Teatro Romano', 'Museo Conte']",Arena,strategy_nearest,False,0.0027420520782470703,success
044D7D429C4C80,1,"['Teatro Romano', 'Castelvecchio']",Arena,"['Verona Tour', 'Museo Lapidario', 'Museo Radio', 'San Fermo', 'Casa Giulietta']",Casa Giulietta,strategy_nearest,True,0.002981901168823242,success
044D83429C4C80,3,"['Arena', 'Torre Lamberti']",Duomo,"['AMO', 'Museo Miniscalchi', 'Santa Anastasia', 'Teatro Romano', 'Palazzo della Ragione']",Teatro Romano,strategy_nearest,True,0.0019083023071289062,success
044D7F429C4C80,1,"['Arena', 'Castelvecchio']",San Zeno,"['Verona Tour', 'Museo Lapidario', 'Museo Miniscalchi', 'Sighseeing', 'Museo Radio']",Casa Giulietta,strategy_nearest,False,0.002040863037109375,success
044D813A9C4C80,3,"['Casa Giulietta', 'Torre Lamberti']",Duomo,"['AMO', 'Museo Miniscalchi', 'Santa Anastasia', 'Teatro Romano', 'Palazzo della Ragione']",Castelvecchio,strategy_nearest,False,0.0033872127532958984,success
044D8B3A9C4C80,3,['Arena'],Santa Anastasia,"['AMO', 'Museo Conte', 'Palazzo della Ragione', 'Teatro Romano', 'Centro Fotografia']",Duomo,strategy_nearest,False,0.0030279159545898438,success
044D8B429C4C80,0,['Duomo'],Casa Giulietta,"['Centro Fotografia', 'Sighseeing', 'Torre Lamberti', 'Museo Conte', 'Museo Radio']",Castelvecchio,strategy_nearest,False,0.0020279884338378906,success
044D9B429C4C80,0,['Teatro Romano'],Arena,"['Verona Tour', 'Museo Lapidario', 'Museo Radio', 'San Fermo', 'Casa Giulietta']",Torre Lamberti,strategy_nearest,False,0.0027649402618408203,success
044D9C429C4C80,1,"['Arena', 'Casa Giulietta']",Torre Lamberti,"['Sighseeing', 'Centro Fotografia', 'Museo Conte', 'Palazzo della Ragione', 'AMO']",Palazzo della Ragione,strategy_nearest,True,0.0034110546112060547,success
044DA63A9C4C80,3,['Arena'],Casa Giulietta,"['Centro Fotografia', 'Sighseeing', 'Torre Lamberti', 'Museo Conte', 'Museo Radio']",Santa Anastasia,strategy_nearest,False,0.0032660961151123047,success
044DA73A9C4C80,1,"['Arena', 'Torre Lamberti']",Palazzo della Ragione,"['AMO', 'Museo Conte', 'Centro Fotografia', 'Sighseeing', 'Santa Anastasia']",Casa Giulietta,strategy_nearest,False,0.0030226707458496094,success
044DB6429C4C80,1,"['Casa Giulietta', 'Torre Lamberti']",Palazzo della Ragione,"['AMO', 'Museo Conte', 'Centro Fotografia', 'Sighseeing', 'Santa Anastasia']",Santa Anastasia,strategy_nearest,True,0.0032501220703125,success
044DC3429C4C80,3,"['Arena', 'Casa Giulietta']",Torre Lamberti,"['Sighseeing', 'Centro Fotografia', 'Museo Conte', 'Palazzo della Ragione', 'AMO']",Santa Anastasia,strategy_nearest,False,0.0030260086059570312,success
044DE83A9C4C80,1,"['Arena', 'Casa Giulietta', 'Torre Lamberti']",Palazzo della Ragione,"['AMO', 'Museo Conte', 'Centro Fotografia', 'Sighseeing', 'Santa Anastasia']",Santa Anastasia,strategy_nearest,True,0.0032367706298828125,success
044DD43A9C4C80,2,['Casa Giulietta'],Torre Lamberti,"['Sighseeing', 'Centro Fotografia', 'Museo Conte', 'Palazzo della Ragione', 'AMO']",Santa Anastasia,strategy_nearest,False,0.002526998519897461,success
044DF03A9C4C80,1,"['Castelvecchio', 'Arena']",Duomo,"['AMO', 'Museo Miniscalchi', 'Santa Anastasia', 'Teatro Romano', 'Palazzo della Ragione']",Palazzo della Ragione,strategy_nearest,True,0.002368927001953125,success
044DED429C4C80,3,"['Arena', 'Tomba Giulietta', 'Castelvecchio', 'Casa Giulietta']",San Fermo,"['Museo Storia', 'Museo Radio', 'Centro Fotografia', 'Sighseeing', 'Torre Lamberti']",Duomo,strategy_nearest,False,0.0034170150756835938,success
044E073A9C4C84,1,"['Arena', 'Casa Giulietta']",Santa Anastasia,"['AMO', 'Museo Conte', 'Palazzo della Ragione', 'Teatro Romano', 'Centro Fotografia']",Palazzo della Ragione,strategy_nearest,True,0.00255584716796875,success
044DFA3A9C4C80,0,['Torre Lamberti'],Casa Giulietta,"['Centro Fotografia', 'Sighseeing', 'Museo Conte', 'Museo Radio', 'Palazzo della Ragione']",Arena,strategy_nearest,False,0.003572225570678711,success
044E31429C4C80,0,['Arena'],Casa Giulietta,"['Centro Fotografia', 'Sighseeing', 'Torre Lamberti', 'Museo Conte', 'Museo Radio']",Castelvecchio,strategy_nearest,False,0.0025069713592529297,success
044E8D429C4C80,1,"['Torre Lamberti', 'Palazzo della Ragione']",Casa Giulietta,"['Centro Fotografia', 'Sighseeing', 'Museo Conte', 'Museo Radio', 'San Fermo']",Arena,strategy_nearest,False,0.0024580955505371094,success
044E8E3A9C4C80,3,"['Teatro Romano', 'Santa Anastasia', 'Torre Lamberti']",Casa Giulietta,"['Centro Fotografia', 'Sighseeing', 'Museo Conte', 'Museo Radio', 'Palazzo della Ragione']",San Fermo,strategy_nearest,False,0.0029439926147460938,success
044E323A9C4C80,3,"['Arena', 'Casa Giulietta']",Duomo,"['AMO', 'Museo Miniscalchi', 'Santa Anastasia', 'Teatro Romano', 'Palazzo della Ragione']",Torre Lamberti,strategy_nearest,False,0.0026769638061523438,success
044E543A9C4C80,1,"['Arena', 'Torre Lamberti', 'Palazzo della Ragione']",Casa Giulietta,"['Centro Fotografia', 'Sighseeing', 'Museo Conte', 'Museo Radio', 'San Fermo']",Santa Anastasia,strategy_nearest,False,0.00404667854309082,success
044E8E4A9C4C80,3,"['Arena', 'Casa Giulietta']",Torre Lamberti,"['Sighseeing', 'Centro Fotografia', 'Museo Conte', 'Palazzo della Ragione', 'AMO']",Santa Anastasia,strategy_nearest,False,0.0019567012786865234,success
044EA872743380,3,"['Casa Giulietta', 'Santa Anastasia']",Torre Lamberti,"['Sighseeing', 'Centro Fotografia', 'Museo Conte', 'Palazzo della Ragione', 'AMO']",Arena,strategy_nearest,False,0.0026712417602539062,success
044EAF429C4C80,1,"['Casa Giulietta', 'Arena', 'Torre Lamberti']",Palazzo della Ragione,"['AMO', 'Museo Conte', 'Centro Fotografia', 'Sighseeing', 'Santa Anastasia']",San Fermo,strategy_nearest,False,0.0019028186798095703,success
044EAD429C4C80,0,['Arena'],Castelvecchio,"['Museo Lapidario', 'Verona Tour', 'Museo Radio', 'San Zeno', 'Sighseeing']",Casa Giulietta,strategy_nearest,False,0.003297090530395508,success
044EB8429C4C80,1,"['Casa Giulietta', 'Torre Lamberti']",Palazzo della Ragione,"['AMO', 'Museo Conte', 'Centro Fotografia', 'Sighseeing', 'Santa Anastasia']",Teatro Romano,strategy_nearest,False,0.0030710697174072266,success
044EB93A9C4C80,0,['San Zeno'],Arena,"['Verona Tour', 'Museo Lapidario', 'Museo Radio', 'San Fermo', 'Casa Giulietta']",Torre Lamberti,strategy_nearest,False,0.0019788742065429688,success
044EC8429C4C80,1,"['Arena', 'Torre Lamberti']",Palazzo della Ragione,"['AMO', 'Museo Conte', 'Centro Fotografia', 'Sighseeing', 'Santa Anastasia']",Santa Anastasia,strategy_nearest,True,0.002641916275024414,success
044EE33A9C4C80,1,"['Duomo', 'Casa Giulietta']",Torre Lamberti,"['Sighseeing', 'Centro Fotografia', 'Museo Conte', 'Palazzo della Ragione', 'AMO']",Palazzo della Ragione,strategy_nearest,True,0.002625703811645508,success
044EC9429C4C80,3,"['Arena', 'San Fermo']",Casa Giulietta,"['Centro Fotografia', 'Sighseeing', 'Torre Lamberti', 'Museo Conte', 'Museo Radio']",Santa Anastasia,strategy_nearest,False,0.003515005111694336,success
044ECA3A9C4C80,3,"['Arena', 'Santa Anastasia']",Teatro Romano,"['Duomo', 'AMO', 'Palazzo della Ragione', 'Museo Conte', 'Centro Fotografia']",Duomo,strategy_nearest,True,0.002215862274169922,success
044EEF429C4C80,3,"['Arena', 'Casa Giulietta']",Santa Anastasia,"['AMO', 'Museo Conte', 'Palazzo della Ragione', 'Teatro Romano', 'Centro Fotografia']",Duomo,strategy_nearest,False,0.0033578872680664062,success
044EF43A9C4C80,2,['Santa Anastasia'],Casa Giulietta,"['Centro Fotografia', 'Sighseeing', 'Torre Lamberti', 'Museo Conte', 'Museo Radio']",Castelvecchio,strategy_nearest,False,0.002666950225830078,success
044EFA3A9C4C80,0,"['Teatro Romano', 'Torre Lamberti']",Casa Giulietta,"['Centro Fotografia', 'Sighseeing', 'Museo Conte', 'Museo Radio', 'Palazzo della Ragione']",Arena,strategy_nearest,False,0.0019600391387939453,success
044F39429C4C80,5,"['Arena', 'Casa Giulietta']",Duomo,"['AMO', 'Museo Miniscalchi', 'Santa Anastasia', 'Teatro Romano', 'Palazzo della Ragione']",Teatro Romano,strategy_nearest,True,0.0025200843811035156,success
044F3D429C4C80,1,"['Arena', 'Torre Lamberti', 'Palazzo della Ragione']",Casa Giulietta,"['Centro Fotografia', 'Sighseeing', 'Museo Conte', 'Museo Radio', 'San Fermo']",Tomba Giulietta,strategy_nearest,False,0.0026199817657470703,success
044F743A9C4C80,0,['Casa Giulietta'],Arena,"['Verona Tour', 'Museo Lapidario', 'Museo Radio', 'San Fermo', 'Sighseeing']",Teatro Romano,strategy_nearest,False,0.0031201839447021484,success
044F723A9C4C80,1,"['Arena', 'Casa Giulietta']",Palazzo della Ragione,"['AMO', 'Museo Conte', 'Torre Lamberti', 'Centro Fotografia', 'Sighseeing']",Torre Lamberti,strategy_nearest,True,0.0035810470581054688,success
044F713A9C4C80,3,"['Arena', 'Casa Giulietta']",Santa Anastasia,"['AMO', 'Museo Conte', 'Palazzo della Ragione', 'Teatro Romano', 'Centro Fotografia']",Duomo,strategy_nearest,False,0.002682209014892578,success
044F773A9C4C80,0,['Casa Giulietta'],Arena,"['Verona Tour', 'Museo Lapidario', 'Museo Radio', 'San Fermo', 'Sighseeing']",Castelvecchio,strategy_nearest,False,0.0033621788024902344,success
044F89429C4C80,2,['Torre Lamberti'],Palazzo della Ragione,"['AMO', 'Museo Conte', 'Centro Fotografia', 'Sighseeing', 'Santa Anastasia']",Casa Giulietta,strategy_nearest,False,0.0021991729736328125,success
044F8B4A9C4C80,1,"['Arena', 'Casa Giulietta']",Castelvecchio,"['Museo Lapidario', 'Verona Tour', 'Museo Radio', 'San Zeno', 'Sighseeing']",Torre Lamberti,strategy_nearest,False,0.0027818679809570312,success
044F8E429C4C80,0,"['Casa Giulietta', 'Arena']",Tomba Giulietta,"['San Fermo', 'Museo Storia', 'Museo Lapidario', 'Museo Radio', 'Verona Tour']",Torre Lamberti,strategy_nearest,False,0.0030488967895507812,success
044F90429C4C80,0,['Arena'],Casa Giulietta,"['Centro Fotografia', 'Sighseeing', 'Torre Lamberti', 'Museo Conte', 'Museo Radio']",Torre Lamberti,strategy_nearest,True,0.003590106964111328,success
044F9A429C4C80,3,"['Arena', 'Casa Giulietta']",Santa Anastasia,"['AMO', 'Museo Conte', 'Palazzo della Ragione', 'Teatro Romano', 'Centro Fotografia']",Teatro Romano,strategy_nearest,True,0.0033998489379882812,success
044FAB429C4C80,1,"['Arena', 'Casa Giulietta']",Santa Anastasia,"['AMO', 'Museo Conte', 'Palazzo della Ragione', 'Teatro Romano', 'Centro Fotografia']",Palazzo della Ragione,strategy_nearest,True,0.002543210983276367,success
044FAC429C4C80,0,['Arena'],Castelvecchio,"['Museo Lapidario', 'Verona Tour', 'Museo Radio', 'San Zeno', 'Sighseeing']",Casa Giulietta,strategy_nearest,False,0.0026159286499023438,success
044FB7429C4C80,1,"['Castelvecchio', 'Arena', 'Torre Lamberti']",Palazzo della Ragione,"['AMO', 'Museo Conte', 'Centro Fotografia', 'Sighseeing', 'Santa Anastasia']",Casa Giulietta,strategy_nearest,False,0.0018830299377441406,success
044FAD429C4C80,0,['Arena'],Casa Giulietta,"['Centro Fotografia', 'Sighseeing', 'Torre Lamberti', 'Museo Conte', 'Museo Radio']",San Zeno,strategy_nearest,False,0.0033419132232666016,success
044FB5429C4C80,3,"['Torre Lamberti', 'Santa Anastasia', 'Duomo']",Casa Giulietta,"['Centro Fotografia', 'Sighseeing', 'Museo Conte', 'Museo Radio', 'Palazzo della Ragione']",Castelvecchio,strategy_nearest,False,0.004150867462158203,success
044FC2429C4C80,3,"['Arena', 'Casa Giulietta']",Torre Lamberti,"['Sighseeing', 'Centro Fotografia', 'Museo Conte', 'Palazzo della Ragione', 'AMO']",Santa Anastasia,strategy_nearest,False,0.002557992935180664,success
044FF43A9C4C80,1,['Arena'],Casa Giulietta,"['Centro Fotografia', 'Sighseeing', 'Torre Lamberti', 'Museo Conte', 'Museo Radio']",Torre Lamberti,strategy_nearest,True,0.002929210662841797,success
044FEF3A9C4C80,3,"['Arena', 'Museo Lapidario']",Castelvecchio,"['Verona Tour', 'Museo Radio', 'San Zeno', 'Sighseeing', 'Museo Miniscalchi']",Santa Anastasia,strategy_nearest,False,0.002452850341796875,success
04500A3A9C4C84,0,['Arena'],Duomo,"['AMO', 'Museo Miniscalchi', 'Santa Anastasia', 'Teatro Romano', 'Palazzo della Ragione']",Castelvecchio,strategy_nearest,False,0.003036022186279297,success
0450043A9C4C84,0,['Torre Lamberti'],Casa Giulietta,"['Centro Fotografia', 'Sighseeing', 'Museo Conte', 'Museo Radio', 'Palazzo della Ragione']",Arena,strategy_nearest,False,0.002691030502319336,success
04501C429C4C80,2,['Casa Giulietta'],Palazzo della Ragione,"['AMO', 'Museo Conte', 'Torre Lamberti', 'Centro Fotografia', 'Sighseeing']",Torre Lamberti,strategy_nearest,True,0.002724885940551758,success
045036429C4C80,3,"['San Fermo', 'Casa Giulietta', 'Santa Anastasia']",Teatro Romano,"['Duomo', 'AMO', 'Palazzo della Ragione', 'Museo Conte', 'Centro Fotografia']",Castelvecchio,strategy_nearest,False,0.0036649703979492188,success
045021429C4C80,0,['Arena'],Casa Giulietta,"['Centro Fotografia', 'Sighseeing', 'Torre Lamberti', 'Museo Conte', 'Museo Radio']",Tomba Giulietta,strategy_nearest,False,0.0020589828491210938,success
0450254A9C4C80,3,"['Arena', 'Casa Giulietta', 'Santa Anastasia']",Tomba Giulietta,"['San Fermo', 'Museo Storia', 'Museo Lapidario', 'Museo Radio', 'Verona Tour']",Castelvecchio,strategy_nearest,False,0.003255605697631836,success
0450393A9C4C80,0,['Arena'],Casa Giulietta,"['Centro Fotografia', 'Sighseeing', 'Torre Lamberti', 'Museo Conte', 'Museo Radio']",Torre Lamberti,strategy_nearest,True,0.0013759136199951172,success
0450453A9C4C80,1,"['Arena', 'Torre Lamberti']",Palazzo della Ragione,"['AMO', 'Museo Conte', 'Centro Fotografia', 'Sighseeing', 'Santa Anastasia']",Casa Giulietta,strategy_nearest,False,0.0026731491088867188,success
04503E3A9C4C80,1,"['Arena', 'Casa Giulietta']",Torre Lamberti,"['Sighseeing', 'Centro Fotografia', 'Museo Conte', 'Palazzo della Ragione', 'AMO']",Palazzo della Ragione,strategy_nearest,True,0.0023620128631591797,success
04504A429C4C80,3,"['Arena', 'Casa Giulietta']",Duomo,"['AMO', 'Museo Miniscalchi', 'Santa Anastasia', 'Teatro Romano', 'Palazzo della Ragione']",Teatro Romano,strategy_nearest,True,0.003215789794921875,success
0450834A9C4C80,0,['Castelvecchio'],Arena,"['Verona Tour', 'Museo Lapidario', 'Museo Radio', 'San Fermo', 'Casa Giulietta']",Casa Giulietta,strategy_nearest,True,0.002660036087036133,success
0450813A9C4C80,3,"['Arena', 'Castelvecchio']",Torre Lamberti,"['Sighseeing', 'Centro Fotografia', 'Museo Conte', 'Casa Giulietta', 'Palazzo della Ragione']",Casa Giulietta,strategy_nearest,True,0.0020570755004882812,success
0450503A9C4C80,1,['Arena'],Castelvecchio,"['Museo Lapidario', 'Verona Tour', 'Museo Radio', 'San Zeno', 'Sighseeing']",Casa Giulietta,strategy_nearest,False,0.002819061279296875,success
04508E429C4C80,1,"['Arena', 'Casa Giulietta', 'Torre Lamberti']",Palazzo della Ragione,"['AMO', 'Museo Conte', 'Centro Fotografia', 'Sighseeing', 'Santa Anastasia']",Santa Anastasia,strategy_nearest,True,0.0023038387298583984,success
045085429C4C80,1,"['Arena', 'Casa Giulietta', 'Torre Lamberti']",Palazzo della Ragione,"['AMO', 'Museo Conte', 'Centro Fotografia', 'Sighseeing', 'Santa Anastasia']",Santa Anastasia,strategy_nearest,True,0.0025069713592529297,success
0450A9429C4C80,0,['Arena'],Casa Giulietta,"['Centro Fotografia', 'Sighseeing', 'Torre Lamberti', 'Museo Conte', 'Museo Radio']",Torre Lamberti,strategy_nearest,True,0.0037870407104492188,success
0450964A9C4C80,0,['Arena'],Casa Giulietta,"['Centro Fotografia', 'Sighseeing', 'Torre Lamberti', 'Museo Conte', 'Museo Radio']",Torre Lamberti,strategy_nearest,True,0.0029909610748291016,success
0450AA429C4C80,3,['Arena'],Casa Giulietta,"['Centro Fotografia', 'Sighseeing', 'Torre Lamberti', 'Museo Conte', 'Museo Radio']",Santa Anastasia,strategy_nearest,False,0.002034902572631836,success
0450B23A9C4C80,0,['Arena'],Casa Giulietta,"['Centro Fotografia', 'Sighseeing', 'Torre Lamberti', 'Museo Conte', 'Museo Radio']",Torre Lamberti,strategy_nearest,True,0.002578258514404297,success
0450B6429C4C80,0,['Casa Giulietta'],Arena,"['Verona Tour', 'Museo Lapidario', 'Museo Radio', 'San Fermo', 'Sighseeing']",San Zeno,strategy_nearest,False,0.0025289058685302734,success
0450C5429C4C80,3,"['Arena', 'Casa Giulietta']",Torre Lamberti,"['Sighseeing', 'Centro Fotografia', 'Museo Conte', 'Palazzo della Ragione', 'AMO']",Santa Anastasia,strategy_nearest,False,0.0024001598358154297,success
0450BE429C4C80,1,"['Castelvecchio', 'Arena']",Torre Lamberti,"['Sighseeing', 'Centro Fotografia', 'Museo Conte', 'Casa Giulietta', 'Palazzo della Ragione']",Palazzo della Ragione,strategy_nearest,True,0.0020589828491210938,success
0450E43A9C4C80,0,"['Arena', 'Casa Giulietta']",Duomo,"['AMO', 'Museo Miniscalchi', 'Santa Anastasia', 'Teatro Romano', 'Palazzo della Ragione']",Teatro Romano,strategy_nearest,True,0.002691984176635742,success
0450EC3A9C4C80,1,"['Arena', 'Casa Giulietta']",Torre Lamberti,"['Sighseeing', 'Centro Fotografia', 'Museo Conte', 'Palazzo della Ragione', 'AMO']",Palazzo della Ragione,strategy_nearest,True,0.0033369064331054688,success
04510B3A9C4C84,1,['Arena'],Torre Lamberti,"['Sighseeing', 'Centro Fotografia', 'Museo Conte', 'Casa Giulietta', 'Palazzo della Ragione']",Palazzo della Ragione,strategy_nearest,True,0.0026988983154296875,success
04511B3A9C4C84,3,"['Santa Anastasia', 'Teatro Romano', 'Arena']",Museo Lapidario,"['Verona Tour', 'Castelvecchio', 'Museo Radio', 'San Fermo', 'Casa Giulietta']",Castelvecchio,strategy_nearest,True,0.0031707286834716797,success
0451393A9C4C80,0,['Arena'],Castelvecchio,"['Museo Lapidario', 'Verona Tour', 'Museo Radio', 'San Zeno', 'Sighseeing']",San Zeno,strategy_nearest,True,0.0020689964294433594,success
04517F429C4C80,1,"['Arena', 'Casa Giulietta']",Santa Anastasia,"['AMO', 'Museo Conte', 'Palazzo della Ragione', 'Teatro Romano', 'Centro Fotografia']",Palazzo della Ragione,strategy_nearest,True,0.003426074981689453,success
0451823A9C4C80,0,['Arena'],Torre Lamberti,"['Sighseeing', 'Centro Fotografia', 'Museo Conte', 'Casa Giulietta', 'Palazzo della Ragione']",Casa Giulietta,strategy_nearest,True,0.003153085708618164,success
04517E3A9C4C80,0,"['Casa Giulietta', 'Arena']",Tomba Giulietta,"['San Fermo', 'Museo Storia', 'Museo Lapidario', 'Museo Radio', 'Verona Tour']",Castelvecchio,strategy_nearest,False,0.002847909927368164,success
045185429C4C80,0,['Arena'],Casa Giulietta,"['Centro Fotografia', 'Sighseeing', 'Torre Lamberti', 'Museo Conte', 'Museo Radio']",Teatro Romano,strategy_nearest,False,0.002051115036010742,success
045189429C4C80,0,['Arena'],Casa Giulietta,"['Centro Fotografia', 'Sighseeing', 'Torre Lamberti', 'Museo Conte', 'Museo Radio']",Palazzo della Ragione,strategy_nearest,False,0.0033037662506103516,success
0451853A9C4C80,1,"['Arena', 'Casa Giulietta', 'Torre Lamberti', 'Palazzo della Ragione']",Santa Anastasia,"['AMO', 'Museo Conte', 'Teatro Romano', 'Centro Fotografia', 'Duomo']",Duomo,strategy_nearest,True,0.004199028015136719,success
045186429C4C80,1,"['Arena', 'Casa Giulietta']",Torre Lamberti,"['Sighseeing', 'Centro Fotografia', 'Museo Conte', 'Palazzo della Ragione', 'AMO']",Palazzo della Ragione,strategy_nearest,True,0.0022306442260742188,success
04518B3A9C4C80,1,"['Arena', 'Casa Giulietta', 'Palazzo della Ragione']",Torre Lamberti,"['Sighseeing', 'Centro Fotografia', 'Museo Conte', 'AMO', 'Museo Miniscalchi']",Santa Anastasia,strategy_nearest,False,0.002874135971069336,success
045190429C4C80,0,['Arena'],Castelvecchio,"['Museo Lapidario', 'Verona Tour', 'Museo Radio', 'San Zeno', 'Sighseeing']",Casa Giulietta,strategy_nearest,False,0.0035262107849121094,success
0451BC429C4C80,0,['Arena'],San Fermo,"['Museo Storia', 'Museo Radio', 'Casa Giulietta', 'Centro Fotografia', 'Sighseeing']",Casa Giulietta,strategy_nearest,True,0.0025429725646972656,success
0451A472743380,0,['Arena'],Castelvecchio,"['Museo Lapidario', 'Verona Tour', 'Museo Radio', 'San Zeno', 'Sighseeing']",Santa Anastasia,strategy_nearest,False,0.0015132427215576172,success
0451EF429C4C80,1,"['Arena', 'Casa Giulietta', 'San Fermo']",Museo Storia,"['Museo Radio', 'Centro Fotografia', 'Tomba Giulietta', 'Torre Lamberti', 'Sighseeing']",Castelvecchio,strategy_nearest,False,0.0020051002502441406,success
0451F03A9C4C80,0,['Arena'],Castelvecchio,"['Museo Lapidario', 'Verona Tour', 'Museo Radio', 'San Zeno', 'Sighseeing']",Casa Giulietta,strategy_nearest,False,0.0026481151580810547,success
0451E93A9C4C80,1,"['Arena', 'Casa Giulietta']",Palazzo della Ragione,"['AMO', 'Museo Conte', 'Torre Lamberti', 'Centro Fotografia', 'Sighseeing']",Torre Lamberti,strategy_nearest,True,0.002753019332885742,success
04520E3A9C4C84,1,"['Tomba Giulietta', 'Arena', 'Casa Giulietta']",San Fermo,"['Museo Storia', 'Museo Radio', 'Centro Fotografia', 'Sighseeing', 'Torre Lamberti']",Palazzo della Ragione,strategy_nearest,False,0.002595186233520508,success
04520B3A9C4C84,1,"['Casa Giulietta', 'Museo Lapidario']",Torre Lamberti,"['Sighseeing', 'Centro Fotografia', 'Museo Conte', 'Palazzo della Ragione', 'AMO']",Palazzo della Ragione,strategy_nearest,True,0.003289937973022461,success
0452284A9C4C80,3,"['Arena', 'Castelvecchio', 'Casa Giulietta']",San Fermo,"['Museo Storia', 'Museo Radio', 'Centro Fotografia', 'Sighseeing', 'Torre Lamberti']",Santa Anastasia,strategy_nearest,False,0.002536773681640625,success
0452333A9C4C80,1,['Arena'],Casa Giulietta,"['Centro Fotografia', 'Sighseeing', 'Torre Lamberti', 'Museo Conte', 'Museo Radio']",Torre Lamberti,strategy_nearest,True,0.003343820571899414,success
0452443A9C4C80,1,"['Arena', 'Torre Lamberti']",Palazzo della Ragione,"['AMO', 'Museo Conte', 'Centro Fotografia', 'Sighseeing', 'Santa Anastasia']",Casa Giulietta,strategy_nearest,False,0.0026769638061523438,success
0452753A9C4C80,0,['Arena'],Casa Giulietta,"['Centro Fotografia', 'Sighseeing', 'Torre Lamberti', 'Museo Conte', 'Museo Radio']",Castelvecchio,strategy_nearest,False,0.0025892257690429688,success
04523C3A9C4C80,3,"['Casa Giulietta', 'Castelvecchio']",Torre Lamberti,"['Sighseeing', 'Centro Fotografia', 'Museo Conte', 'Palazzo della Ragione', 'AMO']",Santa Anastasia,strategy_nearest,False,0.004121065139770508,success
0452773A9C4C80,3,"['Arena', 'San Fermo']",Casa Giulietta,"['Centro Fotografia', 'Sighseeing', 'Torre Lamberti', 'Museo Conte', 'Museo Radio']",Santa Anastasia,strategy_nearest,False,0.002240896224975586,success
0452783A9C4C80,1,['Arena'],Casa Giulietta,"['Centro Fotografia', 'Sighseeing', 'Torre Lamberti', 'Museo Conte', 'Museo Radio']",San Fermo,strategy_nearest,False,0.0022821426391601562,success
04527B429C4C80,1,"['Palazzo della Ragione', 'Santa Anastasia']",Casa Giulietta,"['Centro Fotografia', 'Sighseeing', 'Torre Lamberti', 'Museo Conte', 'Museo Radio']",Arena,strategy_nearest,False,0.002522706985473633,success
0452823A9C4C80,3,"['Torre Lamberti', 'Santa Anastasia']",Duomo,"['AMO', 'Museo Miniscalchi', 'Teatro Romano', 'Palazzo della Ragione', 'Museo Conte']",Casa Giulietta,strategy_nearest,False,0.0030930042266845703,success
04527D429C4C80,3,"['Arena', 'Casa Giulietta', 'Santa Anastasia', 'Duomo']",San Fermo,"['Museo Storia', 'Museo Radio', 'Centro Fotografia', 'Sighseeing', 'Torre Lamberti']",Tomba Giulietta,strategy_nearest,False,0.002871990203857422,success
045289429C4C80,0,['Casa Giulietta'],Arena,"['Verona Tour', 'Museo Lapidario', 'Museo Radio', 'San Fermo', 'Sighseeing']",Castelvecchio,strategy_nearest,False,0.0034132003784179688,success
04528B429C4C80,3,['Santa Anastasia'],Duomo,"['AMO', 'Museo Miniscalchi', 'Teatro Romano', 'Palazzo della Ragione', 'Museo Conte']",Arena,strategy_nearest,False,0.001967906951904297,success
04528F4A9C4C80,1,['Arena'],Casa Giulietta,"['Centro Fotografia', 'Sighseeing', 'Torre Lamberti', 'Museo Conte', 'Museo Radio']",Torre Lamberti,strategy_nearest,True,0.00290679931640625,success
04528F3A9C4C80,0,['Arena'],Casa Giulietta,"['Centro Fotografia', 'Sighseeing', 'Torre Lamberti', 'Museo Conte', 'Museo Radio']",Castelvecchio,strategy_nearest,False,0.0027599334716796875,success
0452A872743380,0,"['Arena', 'Casa Giulietta']",Torre Lamberti,"['Sighseeing', 'Centro Fotografia', 'Museo Conte', 'Palazzo della Ragione', 'AMO']",Giardino Giusti,strategy_nearest,False,0.0019762516021728516,success
0452A372743380,1,"['Santa Anastasia', 'Casa Giulietta', 'Arena']",Torre Lamberti,"['Sighseeing', 'Centro Fotografia', 'Museo Conte', 'Palazzo della Ragione', 'AMO']",Palazzo della Ragione,strategy_nearest,True,0.0026361942291259766,success
0452A9429C4C80,0,"['Tomba Giulietta', 'San Fermo']",Arena,"['Verona Tour', 'Museo Lapidario', 'Museo Radio', 'Casa Giulietta', 'Sighseeing']",Casa Giulietta,strategy_nearest,True,0.003103017807006836,success
0452A83A9C4C80,1,['Arena'],Torre Lamberti,"['Sighseeing', 'Centro Fotografia', 'Museo Conte', 'Casa Giulietta', 'Palazzo della Ragione']",Palazzo della Ragione,strategy_nearest,True,0.0027468204498291016,success
0452B93A9C4C80,3,"['Arena', 'Casa Giulietta', 'Santa Anastasia', 'Teatro Romano']",Duomo,"['AMO', 'Museo Miniscalchi', 'Palazzo della Ragione', 'Museo Conte', 'Torre Lamberti']",Castelvecchio,strategy_nearest,False,0.001953125,success
0452BC3A9C4C80,3,"['Arena', 'Torre Lamberti']",Santa Anastasia,"['AMO', 'Museo Conte', 'Palazzo della Ragione', 'Teatro Romano', 'Centro Fotografia']",Giardino Giusti,strategy_nearest,False,0.0027120113372802734,success
0452B5429C4C80,0,['Casa Giulietta'],Torre Lamberti,"['Sighseeing', 'Centro Fotografia', 'Museo Conte', 'Palazzo della Ragione', 'AMO']",Arena,strategy_nearest,False,0.0026619434356689453,success
0452BD429C4C80,1,"['Arena', 'Teatro Romano', 'Santa Anastasia', 'Casa Giulietta']",Palazzo della Ragione,"['AMO', 'Museo Conte', 'Torre Lamberti', 'Centro Fotografia', 'Sighseeing']",Torre Lamberti,strategy_nearest,True,0.003192901611328125,success
0452C3429C4C80,0,"['Arena', 'Casa Giulietta']",Teatro Romano,"['Santa Anastasia', 'Duomo', 'AMO', 'Palazzo della Ragione', 'Museo Conte']",Castelvecchio,strategy_nearest,False,0.002732992172241211,success
0452C43A9C4C80,3,"['Duomo', 'Arena']",Casa Giulietta,"['Centro Fotografia', 'Sighseeing', 'Torre Lamberti', 'Museo Conte', 'Museo Radio']",Santa Anastasia,strategy_nearest,False,0.0026998519897460938,success
0452C73A9C4C80,3,"['Arena', 'Casa Giulietta']",Torre Lamberti,"['Sighseeing', 'Centro Fotografia', 'Museo Conte', 'Palazzo della Ragione', 'AMO']",Santa Anastasia,strategy_nearest,False,0.003155946731567383,success
0452C83A9C4C80,2,"['Castelvecchio', 'Duomo']",Teatro Romano,"['Santa Anastasia', 'AMO', 'Palazzo della Ragione', 'Museo Conte', 'Centro Fotografia']",Torre Lamberti,strategy_nearest,False,0.003165006637573242,success
0452FA3A9C4C80,0,['Arena'],Casa Giulietta,"['Centro Fotografia', 'Sighseeing', 'Torre Lamberti', 'Museo Conte', 'Museo Radio']",Castelvecchio,strategy_nearest,False,0.0021431446075439453,success
0452D43A9C4C80,0,['Arena'],Castelvecchio,"['Museo Lapidario', 'Verona Tour', 'Museo Radio', 'San Zeno', 'Sighseeing']",Casa Giulietta,strategy_nearest,False,0.0027840137481689453,success
0452FC3A9C4C80,1,"['Castelvecchio', 'Torre Lamberti', 'Palazzo della Ragione']",Casa Giulietta,"['Centro Fotografia', 'Sighseeing', 'Museo Conte', 'Museo Radio', 'San Fermo']",Santa Anastasia,strategy_nearest,False,0.0033359527587890625,success
04530A3A9C4C84,3,"['Arena', 'Casa Giulietta', 'Torre Lamberti']",San Fermo,"['Museo Storia', 'Museo Radio', 'Centro Fotografia', 'Sighseeing', 'Museo Conte']",Santa Anastasia,strategy_nearest,False,0.0034461021423339844,success
045338429C4C80,0,['Arena'],Castelvecchio,"['Museo Lapidario', 'Verona Tour', 'Museo Radio', 'San Zeno', 'Sighseeing']",Casa Giulietta,strategy_nearest,False,0.002270936965942383,success
04533F3A9C4C80,1,"['Torre Lamberti', 'Palazzo della Ragione']",Casa Giulietta,"['Centro Fotografia', 'Sighseeing', 'Museo Conte', 'Museo Radio', 'San Fermo']",Santa Anastasia,strategy_nearest,False,0.003679990768432617,success
0453463A9C4C80,1,"['Arena', 'Santa Anastasia', 'Duomo', 'Torre Lamberti']",Palazzo della Ragione,"['AMO', 'Museo Conte', 'Centro Fotografia', 'Sighseeing', 'Museo Miniscalchi']",Casa Giulietta,strategy_nearest,False,0.002699613571166992,success
045360429C4C80,0,['Arena'],Casa Giulietta,"['Centro Fotografia', 'Sighseeing', 'Torre Lamberti', 'Museo Conte', 'Museo Radio']",Torre Lamberti,strategy_nearest,True,0.0031032562255859375,success
045364429C4C80,3,['Arena'],Casa Giulietta,"['Centro Fotografia', 'Sighseeing', 'Torre Lamberti', 'Museo Conte', 'Museo Radio']",Torre Lamberti,strategy_nearest,True,0.003459930419921875,success
04537D429C4C80,1,"['Arena', 'Casa Giulietta']",Torre Lamberti,"['Sighseeing', 'Centro Fotografia', 'Museo Conte', 'Palazzo della Ragione', 'AMO']",Palazzo della Ragione,strategy_nearest,True,0.0032219886779785156,success
04537A3A9C4C80,3,"['Arena', 'Casa Giulietta']",Torre Lamberti,"['Sighseeing', 'Centro Fotografia', 'Museo Conte', 'Palazzo della Ragione', 'AMO']",Santa Anastasia,strategy_nearest,False,0.002079010009765625,success
045386429C4C80,3,"['Casa Giulietta', 'Santa Anastasia', 'Duomo']",Torre Lamberti,"['Sighseeing', 'Centro Fotografia', 'Museo Conte', 'Palazzo della Ragione', 'AMO']",Arena,strategy_nearest,False,0.002878904342651367,success
04538B4A9C4C80,0,['Arena'],Tomba Giulietta,"['San Fermo', 'Museo Storia', 'Museo Lapidario', 'Museo Radio', 'Verona Tour']",Castelvecchio,strategy_nearest,False,0.003019094467163086,success
0453AE3A9C4C80,1,"['Arena', 'Castelvecchio', 'Casa Giulietta']",Torre Lamberti,"['Sighseeing', 'Centro Fotografia', 'Museo Conte', 'Palazzo della Ragione', 'AMO']",Torre Lamberti,strategy_nearest,False,0.00279998779296875,success
0453B33A9C4C80,0,['Torre Lamberti'],Casa Giulietta,"['Centro Fotografia', 'Sighseeing', 'Museo Conte', 'Museo Radio', 'Palazzo della Ragione']",Teatro Romano,strategy_nearest,False,0.0024950504302978516,success
0453AE429C4C80,2,['Casa Giulietta'],Santa Anastasia,"['AMO', 'Museo Conte', 'Palazzo della Ragione', 'Teatro Romano', 'Centro Fotografia']",Duomo,strategy_nearest,False,0.004030942916870117,success
0453B3429C4C80,1,"['Arena', 'Castelvecchio', 'Palazzo della Ragione']",Casa Giulietta,"['Centro Fotografia', 'Sighseeing', 'Torre Lamberti', 'Museo Conte', 'Museo Radio']",Teatro Romano,strategy_nearest,False,0.003425121307373047,success
0453BF429C4C80,1,"['Santa Anastasia', 'Torre Lamberti', 'Palazzo della Ragione']",Casa Giulietta,"['Centro Fotografia', 'Sighseeing', 'Museo Conte', 'Museo Radio', 'San Fermo']",Arena,strategy_nearest,False,0.002774953842163086,success
0453D0429C4C80,0,['Arena'],Duomo,"['AMO', 'Museo Miniscalchi', 'Santa Anastasia', 'Teatro Romano', 'Palazzo della Ragione']",Castelvecchio,strategy_nearest,False,0.003283977508544922,success
0453BB429C4C80,0,['Casa Giulietta'],Arena,"['Verona Tour', 'Museo Lapidario', 'Museo Radio', 'San Fermo', 'Sighseeing']",Torre Lamberti,strategy_nearest,False,0.002825021743774414,success
0453EC3A9C4C80,3,['Torre Lamberti'],Santa Anastasia,"['AMO', 'Museo Conte', 'Palazzo della Ragione', 'Teatro Romano', 'Centro Fotografia']",Arena,strategy_nearest,False,0.0015759468078613281,success
0453E53A9C4C80,3,"['Casa Giulietta', 'Santa Anastasia', 'Duomo']",Teatro Romano,"['AMO', 'Palazzo della Ragione', 'Museo Conte', 'Centro Fotografia', 'Museo Miniscalchi']",Torre Lamberti,strategy_nearest,False,0.0030143260955810547,success
0454123A9C4C84,1,"['Castelvecchio', 'Arena']",Palazzo della Ragione,"['AMO', 'Museo Conte', 'Torre Lamberti', 'Centro Fotografia', 'Sighseeing']",Torre Lamberti,strategy_nearest,True,0.0023529529571533203,success
0454133A9C4C84,0,"['Arena', 'Torre Lamberti']",Casa Giulietta,"['Centro Fotografia', 'Sighseeing', 'Museo Conte', 'Museo Radio', 'Palazzo della Ragione']",Teatro Romano,strategy_nearest,False,0.0029458999633789062,success
045431429C4C80,3,"['Torre Lamberti', 'Santa Anastasia']",Duomo,"['AMO', 'Museo Miniscalchi', 'Teatro Romano', 'Palazzo della Ragione', 'Museo Conte']",Casa Giulietta,strategy_nearest,False,0.0020051002502441406,success
0454234A9C4C80,1,"['Arena', 'Casa Giulietta']",Palazzo della Ragione,"['AMO', 'Museo Conte', 'Torre Lamberti', 'Centro Fotografia', 'Sighseeing']",Santa Anastasia,strategy_nearest,False,0.002627849578857422,success
0454323A9C4C80,0,['Torre Lamberti'],Arena,"['Verona Tour', 'Museo Lapidario', 'Museo Radio', 'San Fermo', 'Casa Giulietta']",Castelvecchio,strategy_nearest,False,0.0028619766235351562,success
045433429C4C80,0,['Santa Anastasia'],Casa Giulietta,"['Centro Fotografia', 'Sighseeing', 'Torre Lamberti', 'Museo Conte', 'Museo Radio']",Arena,strategy_nearest,False,0.0029730796813964844,success
0454353A9C4C80,1,"['Arena', 'Torre Lamberti']",Palazzo della Ragione,"['AMO', 'Museo Conte', 'Centro Fotografia', 'Sighseeing', 'Santa Anastasia']",Casa Giulietta,strategy_nearest,False,0.002389192581176758,success
045438429C4C80,0,['Arena'],Castelvecchio,"['Museo Lapidario', 'Verona Tour', 'Museo Radio', 'San Zeno', 'Sighseeing']",Casa Giulietta,strategy_nearest,False,0.0032129287719726562,success
0454403A9C4C80,0,['Arena'],Casa Giulietta,"['Centro Fotografia', 'Sighseeing', 'Torre Lamberti', 'Museo Conte', 'Museo Radio']",San Zeno,strategy_nearest,False,0.0017170906066894531,success
0454723A9C4C80,0,['Casa Giulietta'],Torre Lamberti,"['Sighseeing', 'Centro Fotografia', 'Museo Conte', 'Palazzo della Ragione', 'AMO']",Arena,strategy_nearest,False,0.002454042434692383,success
045478429C4C80,1,"['Arena', 'Museo Lapidario', 'Castelvecchio']",Torre Lamberti,"['Sighseeing', 'Centro Fotografia', 'Museo Conte', 'Casa Giulietta', 'Palazzo della Ragione']",Palazzo della Ragione,strategy_nearest,True,0.0027990341186523438,success
0454803A9C4C80,0,['Torre Lamberti'],Teatro Romano,"['Santa Anastasia', 'Duomo', 'AMO', 'Palazzo della Ragione', 'Museo Conte']",Arena,strategy_nearest,False,0.0024247169494628906,success
04547B4A9C4C80,3,"['Torre Lamberti', 'Arena', 'Casa Giulietta']",Tomba Giulietta,"['San Fermo', 'Museo Storia', 'Museo Lapidario', 'Museo Radio', 'Verona Tour']",Teatro Romano,strategy_nearest,False,0.0020160675048828125,success
0454853A9C4C80,1,"['Arena', 'Casa Giulietta', 'Palazzo della Ragione']",Torre Lamberti,"['Sighseeing', 'Centro Fotografia', 'Museo Conte', 'AMO', 'Museo Miniscalchi']",Duomo,strategy_nearest,False,0.002228975296020508,success
04548F4A9C4C80,3,['Arena'],San Zeno,"['Castelvecchio', 'Verona Tour', 'Museo Lapidario', 'Museo Miniscalchi', 'Sighseeing']",Santa Anastasia,strategy_nearest,False,0.0023119449615478516,success
04547E429C4C80,1,"['Arena', 'Casa Giulietta']",Torre Lamberti,"['Sighseeing', 'Centro Fotografia', 'Museo Conte', 'Palazzo della Ragione', 'AMO']",Palazzo della Ragione,strategy_nearest,True,0.0037720203399658203,success
04548A4A9C4C80,3,"['Casa Giulietta', 'San Fermo']",Santa Anastasia,"['AMO', 'Museo Conte', 'Palazzo della Ragione', 'Teatro Romano', 'Centro Fotografia']",Teatro Romano,strategy_nearest,True,0.003092050552368164,success
04549B429C4C80,0,"['Casa Giulietta', 'Torre Lamberti']",Castelvecchio,"['Museo Lapidario', 'Verona Tour', 'Arena', 'Museo Radio', 'San Zeno']",Arena,strategy_nearest,True,0.0017819404602050781,success
0454AB429C4C80,3,"['Arena', 'Castelvecchio', 'Santa Anastasia']",Duomo,"['AMO', 'Museo Miniscalchi', 'Teatro Romano', 'Palazzo della Ragione', 'Museo Conte']",Teatro Romano,strategy_nearest,True,0.0025110244750976562,success
0454A472743380,3,"['Santa Anastasia', 'Duomo', 'Arena']",Casa Giulietta,"['Centro Fotografia', 'Sighseeing', 'Torre Lamberti', 'Museo Conte', 'Museo Radio']",Teatro Romano,strategy_nearest,False,0.0026581287384033203,success
0454AE429C4C80,3,"['Arena', 'Casa Giulietta']",Santa Anastasia,"['AMO', 'Museo Conte', 'Palazzo della Ragione', 'Teatro Romano', 'Centro Fotografia']",Duomo,strategy_nearest,False,0.002396106719970703,success
0454A8429C4C80,3,"['Casa Giulietta', 'Torre Lamberti']",Santa Anastasia,"['AMO', 'Museo Conte', 'Palazzo della Ragione', 'Teatro Romano', 'Centro Fotografia']",Duomo,strategy_nearest,False,0.004168987274169922,success
0454E93A9C4C80,0,['Torre Lamberti'],Casa Giulietta,"['Centro Fotografia', 'Sighseeing', 'Museo Conte', 'Museo Radio', 'Palazzo della Ragione']",Arena,strategy_nearest,False,0.0032699108123779297,success
0454B0429C4C80,1,"['Arena', 'Castelvecchio']",Torre Lamberti,"['Sighseeing', 'Centro Fotografia', 'Museo Conte', 'Casa Giulietta', 'Palazzo della Ragione']",Palazzo della Ragione,strategy_nearest,True,0.0026128292083740234,success
0454F03A9C4C80,0,['Arena'],Casa Giulietta,"['Centro Fotografia', 'Sighseeing', 'Torre Lamberti', 'Museo Conte', 'Museo Radio']",Torre Lamberti,strategy_nearest,True,0.002588987350463867,success
0454FE3A9C4C80,3,"['Arena', 'Casa Giulietta']",Torre Lamberti,"['Sighseeing', 'Centro Fotografia', 'Museo Conte', 'Palazzo della Ragione', 'AMO']",Santa Anastasia,strategy_nearest,False,0.002007007598876953,success
04550E3A9C4C84,1,"['Arena', 'Casa Giulietta']",Palazzo della Ragione,"['AMO', 'Museo Conte', 'Torre Lamberti', 'Centro Fotografia', 'Sighseeing']",Torre Lamberti,strategy_nearest,True,0.003763914108276367,success
0455113A9C4C84,3,"['Arena', 'Casa Giulietta', 'Torre Lamberti']",Santa Anastasia,"['AMO', 'Museo Conte', 'Palazzo della Ragione', 'Teatro Romano', 'Centro Fotografia']",Duomo,strategy_nearest,False,0.0018088817596435547,success
04551D3A9C4C84,1,['Torre Lamberti'],Palazzo della Ragione,"['AMO', 'Museo Conte', 'Centro Fotografia', 'Sighseeing', 'Santa Anastasia']",Teatro Romano,strategy_nearest,False,0.0027229785919189453,success
0455224A9C4C80,1,"['Castelvecchio', 'Tomba Giulietta', 'Arena', 'Museo Lapidario', 'Torre Lamberti']",Palazzo della Ragione,"['AMO', 'Museo Conte', 'Centro Fotografia', 'Sighseeing', 'Santa Anastasia']",Casa Giulietta,strategy_nearest,False,0.0026869773864746094,success
045530429C4C80,0,"['Arena', 'Torre Lamberti']",Casa Giulietta,"['Centro Fotografia', 'Sighseeing', 'Museo Conte', 'Museo Radio', 'Palazzo della Ragione']",Teatro Romano,strategy_nearest,False,0.0025811195373535156,success
045542429C4C80,2,['San Fermo'],Torre Lamberti,"['Sighseeing', 'Centro Fotografia', 'Museo Conte', 'Casa Giulietta', 'Palazzo della Ragione']",San Zeno,strategy_nearest,False,0.002624034881591797,success
0455403A9C4C80,2,['Torre Lamberti'],Santa Anastasia,"['AMO', 'Museo Conte', 'Palazzo della Ragione', 'Teatro Romano', 'Centro Fotografia']",Duomo,strategy_nearest,False,0.003511190414428711,success
045561429C4C80,1,"['Casa Giulietta', 'Palazzo della Ragione']",Arena,"['Verona Tour', 'Museo Lapidario', 'Museo Radio', 'San Fermo', 'Sighseeing']",Santa Anastasia,strategy_nearest,False,0.0032699108123779297,success
045544429C4C80,0,['Arena'],Casa Giulietta,"['Centro Fotografia', 'Sighseeing', 'Torre Lamberti', 'Museo Conte', 'Museo Radio']",Castelvecchio,strategy_nearest,False,0.0025908946990966797,success
0455723A9C4C80,1,"['Tomba Giulietta', 'Arena']",Casa Giulietta,"['Centro Fotografia', 'Sighseeing', 'Torre Lamberti', 'Museo Conte', 'Museo Radio']",Santa Anastasia,strategy_nearest,False,0.002680063247680664,success
0455793A9C4C80,0,"['Casa Giulietta', 'Torre Lamberti']",Arena,"['Verona Tour', 'Museo Lapidario', 'Museo Radio', 'San Fermo', 'Sighseeing']",Castelvecchio,strategy_nearest,False,0.0023560523986816406,success
04557D4A9C4C80,2,"['Castelvecchio', 'Duomo']",Santa Anastasia,"['AMO', 'Museo Conte', 'Palazzo della Ragione', 'Teatro Romano', 'Centro Fotografia']",Casa Giulietta,strategy_nearest,False,0.0026988983154296875,success
0455813A9C4C80,3,"['Arena', 'Casa Giulietta']",Torre Lamberti,"['Sighseeing', 'Centro Fotografia', 'Museo Conte', 'Palazzo della Ragione', 'AMO']",Santa Anastasia,strategy_nearest,False,0.003267049789428711,success
04557B4A9C4C80,1,"['Arena', 'Torre Lamberti']",Palazzo della Ragione,"['AMO', 'Museo Conte', 'Centro Fotografia', 'Sighseeing', 'Santa Anastasia']",Teatro Romano,strategy_nearest,False,0.0026891231536865234,success
0455823A9C4C80,3,"['Santa Anastasia', 'Duomo']",Arena,"['Verona Tour', 'Museo Lapidario', 'Museo Radio', 'San Fermo', 'Casa Giulietta']",Castelvecchio,strategy_nearest,False,0.0028448104858398438,success
04558A429C4C80,3,"['Teatro Romano', 'Santa Anastasia']",Duomo,"['AMO', 'Museo Miniscalchi', 'Palazzo della Ragione', 'Museo Conte', 'Torre Lamberti']",Arena,strategy_nearest,False,0.0028159618377685547,success
0455884A9C4C80,0,"['Arena', 'Casa Giulietta']",Tomba Giulietta,"['San Fermo', 'Museo Storia', 'Museo Lapidario', 'Museo Radio', 'Verona Tour']",San Fermo,strategy_nearest,True,0.0018229484558105469,success
04558B429C4C80,1,"['Teatro Romano', 'Castelvecchio']",Arena,"['Verona Tour', 'Museo Lapidario', 'Museo Radio', 'San Fermo', 'Casa Giulietta']",Casa Giulietta,strategy_nearest,True,0.002624988555908203,success
04558D429C4C80,3,['Arena'],Santa Anastasia,"['AMO', 'Museo Conte', 'Palazzo della Ragione', 'Teatro Romano', 'Centro Fotografia']",Duomo,strategy_nearest,False,0.0032558441162109375,success
0455A872743380,3,"['Arena', 'Torre Lamberti']",Teatro Romano,"['Santa Anastasia', 'Duomo', 'AMO', 'Palazzo della Ragione', 'Museo Conte']",Duomo,strategy_nearest,True,0.0028128623962402344,success
0455B0429C4C80,3,"['San Fermo', 'Arena', 'Torre Lamberti']",Casa Giulietta,"['Centro Fotografia', 'Sighseeing', 'Museo Conte', 'Museo Radio', 'Palazzo della Ragione']",Santa Anastasia,strategy_nearest,False,0.0027120113372802734,success
0455AA429C4C80,0,['Arena'],Casa Giulietta,"['Centro Fotografia', 'Sighseeing', 'Torre Lamberti', 'Museo Conte', 'Museo Radio']",Teatro Romano,strategy_nearest,False,0.004739999771118164,success
0455AF429C4C80,0,['Arena'],Casa Giulietta,"['Centro Fotografia', 'Sighseeing', 'Torre Lamberti', 'Museo Conte', 'Museo Radio']",Torre Lamberti,strategy_nearest,True,0.002176046371459961,success
0455B8429C4C80,0,['Casa Giulietta'],Arena,"['Verona Tour', 'Museo Lapidario', 'Museo Radio', 'San Fermo', 'Sighseeing']",Castelvecchio,strategy_nearest,False,0.0013568401336669922,success
0455BD3A9C4C80,3,"['Castelvecchio', 'Museo Lapidario', 'Arena']",Torre Lamberti,"['Sighseeing', 'Centro Fotografia', 'Museo Conte', 'Casa Giulietta', 'Palazzo della Ragione']",Casa Giulietta,strategy_nearest,True,0.0034821033477783203,success
0455C73A9C4C80,3,"['Arena', 'Torre Lamberti']",Torre Lamberti,"['Sighseeing', 'Centro Fotografia', 'Museo Conte', 'Casa Giulietta', 'Palazzo della Ragione']",Teatro Romano,strategy_nearest,False,0.002665996551513672,success
0455B63A9C4C80,0,['Castelvecchio'],Arena,"['Verona Tour', 'Museo Lapidario', 'Museo Radio', 'San Fermo', 'Casa Giulietta']",Santa Anastasia,strategy_nearest,False,0.003473997116088867,success
0455CA429C4C80,0,['Arena'],Torre Lamberti,"['Sighseeing', 'Centro Fotografia', 'Museo Conte', 'Casa Giulietta', 'Palazzo della Ragione']",Casa Giulietta,strategy_nearest,True,0.002756834030151367,success
0455E13A9C4C80,0,"['Torre Lamberti', 'Casa Giulietta']",Arena,"['Verona Tour', 'Museo Lapidario', 'Museo Radio', 'San Fermo', 'Sighseeing']",Castelvecchio,strategy_nearest,False,0.0033152103424072266,success
0455CC429C4C80,3,['Arena'],Duomo,"['AMO', 'Museo Miniscalchi', 'Santa Anastasia', 'Teatro Romano', 'Palazzo della Ragione']",Teatro Romano,strategy_nearest,True,0.0021719932556152344,success
0455E93A9C4C80,3,['Arena'],Torre Lamberti,"['Sighseeing', 'Centro Fotografia', 'Museo Conte', 'Casa Giulietta', 'Palazzo della Ragione']",Santa Anastasia,strategy_nearest,False,0.0024640560150146484,success
0455FE3A9C4C80,1,"['Arena', 'Casa Giulietta']",Torre Lamberti,"['Sighseeing', 'Centro Fotografia', 'Museo Conte', 'Palazzo della Ragione', 'AMO']",Palazzo della Ragione,strategy_nearest,True,0.0013570785522460938,success
0456083A9C4C84,1,"['Arena', 'Casa Giulietta']",Torre Lamberti,"['Sighseeing', 'Centro Fotografia', 'Museo Conte', 'Palazzo della Ragione', 'AMO']",Palazzo della Ragione,strategy_nearest,True,0.0033838748931884766,success
0455F03A9C4C80,3,"['Arena', 'Casa Giulietta']",Santa Anastasia,"['AMO', 'Museo Conte', 'Palazzo della Ragione', 'Teatro Romano', 'Centro Fotografia']",Duomo,strategy_nearest,False,0.00408482551574707,success
0455F13A9C4C80,4,"['Torre Lamberti', 'Casa Giulietta', 'Arena']",Museo Radio,"['San Fermo', 'Sighseeing', 'Centro Fotografia', 'Verona Tour', 'Museo Conte']",Castelvecchio,strategy_nearest,False,0.0028460025787353516,success
0456123A9C4C84,3,"['Arena', 'Casa Giulietta']",Torre Lamberti,"['Sighseeing', 'Centro Fotografia', 'Museo Conte', 'Palazzo della Ragione', 'AMO']",Santa Anastasia,strategy_nearest,False,0.001402139663696289,success
04561B3A9C4C84,3,['Torre Lamberti'],Arena,"['Verona Tour', 'Museo Lapidario', 'Museo Radio', 'San Fermo', 'Casa Giulietta']",San Fermo,strategy_nearest,True,0.001989126205444336,success
0456393A9C4C80,3,"['Arena', 'Castelvecchio']",San Zeno,"['Verona Tour', 'Museo Lapidario', 'Museo Miniscalchi', 'Sighseeing', 'Museo Radio']",Duomo,strategy_nearest,False,0.002740144729614258,success
0456543A9C4C80,0,['Arena'],Casa Giulietta,"['Centro Fotografia', 'Sighseeing', 'Torre Lamberti', 'Museo Conte', 'Museo Radio']",Torre Lamberti,strategy_nearest,True,0.0036280155181884766,success
045664429C4C80,3,['Arena'],Santa Anastasia,"['AMO', 'Museo Conte', 'Palazzo della Ragione', 'Teatro Romano', 'Centro Fotografia']",Teatro Romano,strategy_nearest,True,0.0024878978729248047,success
045671429C4C80,3,"['Arena', 'San Fermo']",Santa Anastasia,"['AMO', 'Museo Conte', 'Palazzo della Ragione', 'Teatro Romano', 'Centro Fotografia']",Castelvecchio,strategy_nearest,False,0.0030601024627685547,success
04567C4A9C4C80,0,['Torre Lamberti'],Arena,"['Verona Tour', 'Museo Lapidario', 'Museo Radio', 'San Fermo', 'Casa Giulietta']",Castelvecchio,strategy_nearest,False,0.0032961368560791016,success
04567F3A9C4C80,3,"['Casa Giulietta', 'Torre Lamberti']",Santa Anastasia,"['AMO', 'Museo Conte', 'Palazzo della Ragione', 'Teatro Romano', 'Centro Fotografia']",Duomo,strategy_nearest,False,0.0018832683563232422,success
0456823A9C4C80,0,['Casa Giulietta'],Torre Lamberti,"['Sighseeing', 'Centro Fotografia', 'Museo Conte', 'Palazzo della Ragione', 'AMO']",Arena,strategy_nearest,False,0.002846956253051758,success
0456833A9C4C80,3,"['Arena', 'Castelvecchio']",Torre Lamberti,"['Sighseeing', 'Centro Fotografia', 'Museo Conte', 'Casa Giulietta', 'Palazzo della Ragione']",Santa Anastasia,strategy_nearest,False,0.0031130313873291016,success
0456863A9C4C80,3,"['Arena', 'San Fermo', 'Museo Storia']",Santa Anastasia,"['AMO', 'Museo Conte', 'Palazzo della Ragione', 'Teatro Romano', 'Centro Fotografia']",Duomo,strategy_nearest,False,0.0033969879150390625,success
0456893A9C4C80,3,"['Arena', 'Casa Giulietta']",Torre Lamberti,"['Sighseeing', 'Centro Fotografia', 'Museo Conte', 'Palazzo della Ragione', 'AMO']",Santa Anastasia,strategy_nearest,False,0.002569913864135742,success
04568B4A9C4C80,0,"['Arena', 'Museo Lapidario']",Castelvecchio,"['Verona Tour', 'Museo Radio', 'San Zeno', 'Sighseeing', 'Museo Miniscalchi']",Casa Giulietta,strategy_nearest,False,0.0032320022583007812,success
04568D429C4C80,3,"['Duomo', 'Torre Lamberti', 'Tomba Giulietta']",Arena,"['Verona Tour', 'Museo Lapidario', 'Museo Radio', 'San Fermo', 'Casa Giulietta']",Casa Giulietta,strategy_nearest,True,0.0028460025787353516,success
04569F429C4C80,3,"['Torre Lamberti', 'Arena']",Castelvecchio,"['Museo Lapidario', 'Verona Tour', 'Museo Radio', 'San Zeno', 'Sighseeing']",Santa Anastasia,strategy_nearest,False,0.0019140243530273438,success
045691429C4C80,3,"['Arena', 'Casa Giulietta']",Duomo,"['AMO', 'Museo Miniscalchi', 'Santa Anastasia', 'Teatro Romano', 'Palazzo della Ragione']",Santa Anastasia,strategy_nearest,True,0.0032439231872558594,success
045690429C4C80,1,"['Arena', 'Torre Lamberti']",Torre Lamberti,"['Sighseeing', 'Centro Fotografia', 'Museo Conte', 'Casa Giulietta', 'Palazzo della Ragione']",Palazzo della Ragione,strategy_nearest,True,0.0019719600677490234,success
04568F3A9C4C80,0,['Casa Giulietta'],Arena,"['Verona Tour', 'Museo Lapidario', 'Museo Radio', 'San Fermo', 'Sighseeing']",Teatro Romano,strategy_nearest,False,0.0033872127532958984,success
0456A472743380,1,"['Castelvecchio', 'Casa Giulietta', 'Santa Anastasia']",Arena,"['Verona Tour', 'Museo Lapidario', 'Museo Radio', 'San Fermo', 'Sighseeing']",Torre Lamberti,strategy_nearest,False,0.0013689994812011719,success
0456AB429C4C80,0,['Arena'],Casa Giulietta,"['Centro Fotografia', 'Sighseeing', 'Torre Lamberti', 'Museo Conte', 'Museo Radio']",Torre Lamberti,strategy_nearest,True,0.0021817684173583984,success
0456A7429C4C80,2,"['Torre Lamberti', 'Palazzo della Ragione']",Teatro Romano,"['Santa Anastasia', 'Duomo', 'AMO', 'Museo Conte', 'Centro Fotografia']",Duomo,strategy_nearest,True,0.003568887710571289,success
0456C5429C4C80,0,"['Castelvecchio', 'Arena']",Casa Giulietta,"['Centro Fotografia', 'Sighseeing', 'Torre Lamberti', 'Museo Conte', 'Museo Radio']",Arena,strategy_nearest,False,0.0027849674224853516,success
0456C7429C4C80,0,['Casa Giulietta'],Torre Lamberti,"['Sighseeing', 'Centro Fotografia', 'Museo Conte', 'Palazzo della Ragione', 'AMO']",Arena,strategy_nearest,False,0.003361940383911133,success
0456C9429C4C80,1,"['Arena', 'Santa Anastasia', 'Duomo']",Teatro Romano,"['AMO', 'Palazzo della Ragione', 'Museo Conte', 'Centro Fotografia', 'Museo Miniscalchi']",Palazzo della Ragione,strategy_nearest,True,0.002713918685913086,success
0456F43A9C4C80,3,['Arena'],Torre Lamberti,"['Sighseeing', 'Centro Fotografia', 'Museo Conte', 'Casa Giulietta', 'Palazzo della Ragione']",Duomo,strategy_nearest,False,0.002749919891357422,success
0456F73A9C4C80,1,"['Arena', 'Torre Lamberti']",Palazzo della Ragione,"['AMO', 'Museo Conte', 'Centro Fotografia', 'Sighseeing', 'Santa Anastasia']",Casa Giulietta,strategy_nearest,False,0.003097057342529297,success
04576F429C4C80,0,"['Arena', 'Torre Lamberti']",Casa Giulietta,"['Centro Fotografia', 'Sighseeing', 'Museo Conte', 'Museo Radio', 'Palazzo della Ragione']",Duomo,strategy_nearest,False,0.0024900436401367188,success
045731429C4C80,0,['Arena'],Casa Giulietta,"['Centro Fotografia', 'Sighseeing', 'Torre Lamberti', 'Museo Conte', 'Museo Radio']",Castelvecchio,strategy_nearest,False,0.003448963165283203,success
0457733A9C4C80,1,"['Arena', 'Torre Lamberti']",Palazzo della Ragione,"['AMO', 'Museo Conte', 'Centro Fotografia', 'Sighseeing', 'Santa Anastasia']",Santa Anastasia,strategy_nearest,True,0.0022552013397216797,success
0457763A9C4C80,0,['Arena'],Casa Giulietta,"['Centro Fotografia', 'Sighseeing', 'Torre Lamberti', 'Museo Conte', 'Museo Radio']",Santa Anastasia,strategy_nearest,False,0.002524137496948242,success
04577A3A9C4C80,1,"['Casa Giulietta', 'Palazzo della Ragione']",Torre Lamberti,"['Sighseeing', 'Centro Fotografia', 'Museo Conte', 'AMO', 'Museo Miniscalchi']",Duomo,strategy_nearest,False,0.0026350021362304688,success
0457803A9C4C80,0,['Arena'],Castelvecchio,"['Museo Lapidario', 'Verona Tour', 'Museo Radio', 'San Zeno', 'Sighseeing']",Teatro Romano,strategy_nearest,False,0.0028438568115234375,success
0457834A9C4C80,0,"['Arena', 'Casa Giulietta']",Duomo,"['AMO', 'Museo Miniscalchi', 'Santa Anastasia', 'Teatro Romano', 'Palazzo della Ragione']",Torre Lamberti,strategy_nearest,False,0.0032248497009277344,success
045782429C4C80,3,"['Arena', 'Torre Lamberti']",Santa Anastasia,"['AMO', 'Museo Conte', 'Palazzo della Ragione', 'Teatro Romano', 'Centro Fotografia']",Duomo,strategy_nearest,False,0.0033299922943115234,success
045784429C4C80,1,['Arena'],Casa Giulietta,"['Centro Fotografia', 'Sighseeing', 'Torre Lamberti', 'Museo Conte', 'Museo Radio']",Torre Lamberti,strategy_nearest,True,0.0031659603118896484,success
045785429C4C80,3,"['Arena', 'Casa Giulietta', 'San Fermo']",Torre Lamberti,"['Sighseeing', 'Centro Fotografia', 'Museo Conte', 'Palazzo della Ragione', 'AMO']",Santa Anastasia,strategy_nearest,False,0.0026717185974121094,success
04578A3A9C4C80,3,"['Castelvecchio', 'Arena', 'San Zeno']",Casa Giulietta,"['Centro Fotografia', 'Sighseeing', 'Torre Lamberti', 'Museo Conte', 'Museo Radio']",Torre Lamberti,strategy_nearest,True,0.0033740997314453125,success
04578D429C4C80,3,"['San Fermo', 'Santa Anastasia', 'Torre Lamberti']",Casa Giulietta,"['Centro Fotografia', 'Sighseeing', 'Museo Conte', 'Museo Radio', 'Palazzo della Ragione']",Arena,strategy_nearest,False,0.00252532958984375,success
045793429C4C80,3,"['Arena', 'Casa Giulietta']",Giardino Giusti,"['Santa Anastasia', 'Teatro Romano', 'Museo Conte', 'Centro Fotografia', 'Museo Storia']",Duomo,strategy_nearest,False,0.0031156539916992188,success
0457A372743380,3,"['Tomba Giulietta', 'Castelvecchio', 'Arena']",Torre Lamberti,"['Sighseeing', 'Centro Fotografia', 'Museo Conte', 'Casa Giulietta', 'Palazzo della Ragione']",Casa Giulietta,strategy_nearest,True,0.0032958984375,success
0457AA429C4C80,0,['Casa Giulietta'],Arena,"['Verona Tour', 'Museo Lapidario', 'Museo Radio', 'San Fermo', 'Sighseeing']",Castelvecchio,strategy_nearest,False,0.0024628639221191406,success
0457A7429C4C80,2,['Casa Giulietta'],Duomo,"['AMO', 'Museo Miniscalchi', 'Santa Anastasia', 'Teatro Romano', 'Palazzo della Ragione']",Torre Lamberti,strategy_nearest,False,0.004178047180175781,success
0457A672743380,2,"['Castelvecchio', 'Santa Anastasia']",Torre Lamberti,"['Sighseeing', 'Centro Fotografia', 'Museo Conte', 'Casa Giulietta', 'Palazzo della Ragione']",Palazzo della Ragione,strategy_nearest,True,0.0026466846466064453,success
0457AD429C4C80,3,"['Torre Lamberti', 'Santa Anastasia']",Duomo,"['AMO', 'Museo Miniscalchi', 'Teatro Romano', 'Palazzo della Ragione', 'Museo Conte']",Casa Giulietta,strategy_nearest,False,0.002202749252319336,success
0457B2429C4C80,1,"['Arena', 'Torre Lamberti']",Palazzo della Ragione,"['AMO', 'Museo Conte', 'Centro Fotografia', 'Sighseeing', 'Santa Anastasia']",Casa Giulietta,strategy_nearest,False,0.002803802490234375,success
0457B93A9C4C80,0,['San Zeno'],Arena,"['Verona Tour', 'Museo Lapidario', 'Museo Radio', 'San Fermo', 'Casa Giulietta']",Tomba Giulietta,strategy_nearest,False,0.0019409656524658203,success
0457B63A9C4C80,0,['Arena'],Casa Giulietta,"['Centro Fotografia', 'Sighseeing', 'Torre Lamberti', 'Museo Conte', 'Museo Radio']",Castelvecchio,strategy_nearest,False,0.0034580230712890625,success
0457BC429C4C80,1,"['Arena', 'Casa Giulietta', 'Palazzo della Ragione']",Torre Lamberti,"['Sighseeing', 'Centro Fotografia', 'Museo Conte', 'AMO', 'Museo Miniscalchi']",Duomo,strategy_nearest,False,0.0033180713653564453,success
0457C9429C4C80,0,['Arena'],Casa Giulietta,"['Centro Fotografia', 'Sighseeing', 'Torre Lamberti', 'Museo Conte', 'Museo Radio']",Castelvecchio,strategy_nearest,False,0.003448009490966797,success
0457D13A9C4C80,1,['Arena'],Casa Giulietta,"['Centro Fotografia', 'Sighseeing', 'Torre Lamberti', 'Museo Conte', 'Museo Radio']",Palazzo della Ragione,strategy_nearest,False,0.0034482479095458984,success
0457D93A9C4C80,1,"['Arena', 'Casa Giulietta', 'Torre Lamberti', 'Palazzo della Ragione']",Santa Anastasia,"['AMO', 'Museo Conte', 'Teatro Romano', 'Centro Fotografia', 'Duomo']",Duomo,strategy_nearest,True,0.0032777786254882812,success
0457E53A9C4C80,1,"['Casa Giulietta', 'Palazzo della Ragione', 'Torre Lamberti']",Santa Anastasia,"['AMO', 'Museo Conte', 'Teatro Romano', 'Centro Fotografia', 'Duomo']",Teatro Romano,strategy_nearest,True,0.0033431053161621094,success
04581A3A9C4C84,3,"['Arena', 'Casa Giulietta', 'Torre Lamberti']",Santa Anastasia,"['AMO', 'Museo Conte', 'Palazzo della Ragione', 'Teatro Romano', 'Centro Fotografia']",Duomo,strategy_nearest,False,0.002641916275024414,success
0457F53A9C4C80,3,"['Arena', 'Casa Giulietta']",Torre Lamberti,"['Sighseeing', 'Centro Fotografia', 'Museo Conte', 'Palazzo della Ragione', 'AMO']",Duomo,strategy_nearest,False,0.0026323795318603516,success
0457F73A9C4C80,0,['Arena'],Duomo,"['AMO', 'Museo Miniscalchi', 'Santa Anastasia', 'Teatro Romano', 'Palazzo della Ragione']",Torre Lamberti,strategy_nearest,False,0.003309011459350586,success
04581E3A9C4C84,1,"['Teatro Romano', 'Duomo']",Palazzo della Ragione,"['AMO', 'Museo Conte', 'Torre Lamberti', 'Centro Fotografia', 'Sighseeing']",Torre Lamberti,strategy_nearest,True,0.002984285354614258,success
04583A429C4C80,1,"['Arena', 'Torre Lamberti']",Palazzo della Ragione,"['AMO', 'Museo Conte', 'Centro Fotografia', 'Sighseeing', 'Santa Anastasia']",Castelvecchio,strategy_nearest,False,0.002765178680419922,success
045836429C4C80,2,['Casa Giulietta'],Torre Lamberti,"['Sighseeing', 'Centro Fotografia', 'Museo Conte', 'Palazzo della Ragione', 'AMO']",Teatro Romano,strategy_nearest,False,0.0037109851837158203,success
0458413A9C4C80,1,"['Arena', 'Casa Giulietta']",Torre Lamberti,"['Sighseeing', 'Centro Fotografia', 'Museo Conte', 'Palazzo della Ragione', 'AMO']",Teatro Romano,strategy_nearest,False,0.004205942153930664,success
04587F3A9C4C80,1,"['Arena', 'Casa Giulietta', 'Torre Lamberti']",Palazzo della Ragione,"['AMO', 'Museo Conte', 'Centro Fotografia', 'Sighseeing', 'Santa Anastasia']",Duomo,strategy_nearest,False,0.0035161972045898438,success
04587B4A9C4C80,3,"['Arena', 'Casa Giulietta']",Torre Lamberti,"['Sighseeing', 'Centro Fotografia', 'Museo Conte', 'Palazzo della Ragione', 'AMO']",Santa Anastasia,strategy_nearest,False,0.002354860305786133,success
0458713A9C4C80,0,['Casa Giulietta'],Arena,"['Verona Tour', 'Museo Lapidario', 'Museo Radio', 'San Fermo', 'Sighseeing']",Torre Lamberti,strategy_nearest,False,0.003422975540161133,success
045882429C4C80,3,['Santa Anastasia'],Duomo,"['AMO', 'Museo Miniscalchi', 'Teatro Romano', 'Palazzo della Ragione', 'Museo Conte']",Arena,strategy_nearest,False,0.001795053482055664,success
045885429C4C80,1,"['Arena', 'Casa Giulietta', 'Torre Lamberti']",Palazzo della Ragione,"['AMO', 'Museo Conte', 'Centro Fotografia', 'Sighseeing', 'Santa Anastasia']",Santa Anastasia,strategy_nearest,True,0.0024271011352539062,success
04588B429C4C80,0,['Arena'],Casa Giulietta,"['Centro Fotografia', 'Sighseeing', 'Torre Lamberti', 'Museo Conte', 'Museo Radio']",Torre Lamberti,strategy_nearest,True,0.0030710697174072266,success
04588D429C4C80,3,['Arena'],Santa Anastasia,"['AMO', 'Museo Conte', 'Palazzo della Ragione', 'Teatro Romano', 'Centro Fotografia']",Duomo,strategy_nearest,False,0.003735065460205078,success
04588E4A9C4C80,0,['Arena'],Casa Giulietta,"['Centro Fotografia', 'Sighseeing', 'Torre Lamberti', 'Museo Conte', 'Museo Radio']",Castelvecchio,strategy_nearest,False,0.003264904022216797,success
0458A372743380,0,['Arena'],Castelvecchio,"['Museo Lapidario', 'Verona Tour', 'Museo Radio', 'San Zeno', 'Sighseeing']",Casa Giulietta,strategy_nearest,False,0.0019638538360595703,success
0458A872743380,0,"['Arena', 'Torre Lamberti']",Teatro Romano,"['Santa Anastasia', 'Duomo', 'AMO', 'Palazzo della Ragione', 'Museo Conte']",Casa Giulietta,strategy_nearest,False,0.002106904983520508,success
0458A83A9C4C80,0,"['Arena', 'Casa Giulietta']",Teatro Romano,"['Santa Anastasia', 'Duomo', 'AMO', 'Palazzo della Ragione', 'Museo Conte']",Duomo,strategy_nearest,True,0.0030159950256347656,success
0458AD429C4C80,0,['Arena'],Casa Giulietta,"['Centro Fotografia', 'Sighseeing', 'Torre Lamberti', 'Museo Conte', 'Museo Radio']",Torre Lamberti,strategy_nearest,True,0.0028641223907470703,success
0458AA3A9C4C80,1,"['Arena', 'Casa Giulietta', 'Santa Anastasia']",Duomo,"['AMO', 'Museo Miniscalchi', 'Teatro Romano', 'Palazzo della Ragione', 'Museo Conte']",Torre Lamberti,strategy_nearest,False,0.003958702087402344,success
0458BF429C4C80,3,['Arena'],Santa Anastasia,"['AMO', 'Museo Conte', 'Palazzo della Ragione', 'Teatro Romano', 'Centro Fotografia']",Teatro Romano,strategy_nearest,True,0.002519845962524414,success
0458C5429C4C80,0,"['Arena', 'Teatro Romano']",Casa Giulietta,"['Centro Fotografia', 'Sighseeing', 'Torre Lamberti', 'Museo Conte', 'Museo Radio']",Tomba Giulietta,strategy_nearest,False,0.002134084701538086,success
0458B5429C4C80,3,"['Arena', 'Casa Giulietta']",Santa Anastasia,"['AMO', 'Museo Conte', 'Palazzo della Ragione', 'Teatro Romano', 'Centro Fotografia']",Duomo,strategy_nearest,False,0.0046901702880859375,success
0458D93A9C4C80,0,['Arena'],Castelvecchio,"['Museo Lapidario', 'Verona Tour', 'Museo Radio', 'San Zeno', 'Sighseeing']",Giardino Giusti,strategy_nearest,False,0.003209352493286133,success
0459183A9C4C84,3,"['Teatro Romano', 'Duomo']",San Zeno,"['Castelvecchio', 'Verona Tour', 'Museo Lapidario', 'Arena', 'Museo Miniscalchi']",Torre Lamberti,strategy_nearest,False,0.002794981002807617,success
045966429C4C80,1,"['Casa Giulietta', 'Torre Lamberti']",Palazzo della Ragione,"['AMO', 'Museo Conte', 'Centro Fotografia', 'Sighseeing', 'Santa Anastasia']",Castelvecchio,strategy_nearest,False,0.0033719539642333984,success
0458E73A9C4C80,0,['Arena'],Casa Giulietta,"['Centro Fotografia', 'Sighseeing', 'Torre Lamberti', 'Museo Conte', 'Museo Radio']",Torre Lamberti,strategy_nearest,True,0.0023679733276367188,success
0458EC3A9C4C80,3,"['Arena', 'Casa Giulietta', 'Duomo']",Teatro Romano,"['Santa Anastasia', 'AMO', 'Palazzo della Ragione', 'Museo Conte', 'Centro Fotografia']",Torre Lamberti,strategy_nearest,False,0.0023441314697265625,success
0459783A9C4C80,3,"['Arena', 'Casa Giulietta']",Torre Lamberti,"['Sighseeing', 'Centro Fotografia', 'Museo Conte', 'Palazzo della Ragione', 'AMO']",Santa Anastasia,strategy_nearest,False,0.0023190975189208984,success
045973429C4C80,1,"['Arena', 'Casa Giulietta', 'Torre Lamberti']",Palazzo della Ragione,"['AMO', 'Museo Conte', 'Centro Fotografia', 'Sighseeing', 'Santa Anastasia']",Santa Anastasia,strategy_nearest,True,0.0016028881072998047,success
045986429C4C80,1,"['Castelvecchio', 'Arena']",Casa Giulietta,"['Centro Fotografia', 'Sighseeing', 'Torre Lamberti', 'Museo Conte', 'Museo Radio']",Palazzo della Ragione,strategy_nearest,False,0.002850055694580078,success
0459863A9C4C80,0,['Tomba Giulietta'],San Fermo,"['Museo Storia', 'Museo Radio', 'Casa Giulietta', 'Centro Fotografia', 'Arena']",Casa Giulietta,strategy_nearest,True,0.0035190582275390625,success
0459914A9C4C80,0,['Arena'],Casa Giulietta,"['Centro Fotografia', 'Sighseeing', 'Torre Lamberti', 'Museo Conte', 'Museo Radio']",Torre Lamberti,strategy_nearest,True,0.002093076705932617,success
04598B429C4C80,0,"['Arena', 'Casa Giulietta']",Torre Lamberti,"['Sighseeing', 'Centro Fotografia', 'Museo Conte', 'Palazzo della Ragione', 'AMO']",Castelvecchio,strategy_nearest,False,0.0016281604766845703,success
0459A93A9C4C80,0,"['Arena', 'Torre Lamberti']",Casa Giulietta,"['Centro Fotografia', 'Sighseeing', 'Museo Conte', 'Museo Radio', 'Palazzo della Ragione']",Teatro Romano,strategy_nearest,False,0.0030028820037841797,success
0459B9429C4C80,0,['Casa Giulietta'],Museo Storia,"['San Fermo', 'Museo Radio', 'Centro Fotografia', 'Tomba Giulietta', 'Arena']",Tomba Giulietta,strategy_nearest,True,0.002193927764892578,success
0459B5429C4C80,0,"['Museo Lapidario', 'Arena']",Casa Giulietta,"['Centro Fotografia', 'Sighseeing', 'Torre Lamberti', 'Museo Conte', 'Museo Radio']",Torre Lamberti,strategy_nearest,True,0.004378080368041992,success
0459BE429C4C80,2,"['Torre Lamberti', 'Palazzo della Ragione']",Casa Giulietta,"['Centro Fotografia', 'Sighseeing', 'Museo Conte', 'Museo Radio', 'San Fermo']",Santa Anastasia,strategy_nearest,False,0.003615856170654297,success
0459BF429C4C80,0,['Arena'],Casa Giulietta,"['Centro Fotografia', 'Sighseeing', 'Torre Lamberti', 'Museo Conte', 'Museo Radio']",Torre Lamberti,strategy_nearest,True,0.0022840499877929688,success
0459C5429C4C80,1,"['Arena', 'Torre Lamberti', 'Palazzo della Ragione']",Casa Giulietta,"['Centro Fotografia', 'Sighseeing', 'Museo Conte', 'Museo Radio', 'San Fermo']",Teatro Romano,strategy_nearest,False,0.003036975860595703,success
0459EC3A9C4C80,0,['Arena'],Casa Giulietta,"['Centro Fotografia', 'Sighseeing', 'Torre Lamberti', 'Museo Conte', 'Museo Radio']",Castelvecchio,strategy_nearest,False,0.002089977264404297,success
0459E93A9C4C80,0,['Arena'],Castelvecchio,"['Museo Lapidario', 'Verona Tour', 'Museo Radio', 'San Zeno', 'Sighseeing']",Torre Lamberti,strategy_nearest,False,0.004033088684082031,success
0459FB3A9C4C80,0,['Arena'],Casa Giulietta,"['Centro Fotografia', 'Sighseeing', 'Torre Lamberti', 'Museo Conte', 'Museo Radio']",Torre Lamberti,strategy_nearest,True,0.0027909278869628906,success
045A1A3A9C4C80,0,['Casa Giulietta'],Arena,"['Verona Tour', 'Museo Lapidario', 'Museo Radio', 'San Fermo', 'Sighseeing']",Castelvecchio,strategy_nearest,False,0.0026421546936035156,success
045A3B3A9C4C80,0,['Arena'],Casa Giulietta,"['Centro Fotografia', 'Sighseeing', 'Torre Lamberti', 'Museo Conte', 'Museo Radio']",San Zeno,strategy_nearest,False,0.0027909278869628906,success
045A54429C4C80,0,['Arena'],Casa Giulietta,"['Centro Fotografia', 'Sighseeing', 'Torre Lamberti', 'Museo Conte', 'Museo Radio']",Torre Lamberti,strategy_nearest,True,0.0028781890869140625,success
045A62429C4C80,0,"['Arena', 'Castelvecchio']",Teatro Romano,"['Santa Anastasia', 'Duomo', 'AMO', 'Palazzo della Ragione', 'Museo Conte']",Duomo,strategy_nearest,True,0.0021941661834716797,success
045A743A9C4C80,1,"['Arena', 'Castelvecchio']",Torre Lamberti,"['Sighseeing', 'Centro Fotografia', 'Museo Conte', 'Casa Giulietta', 'Palazzo della Ragione']",Palazzo della Ragione,strategy_nearest,True,0.003441333770751953,success
045A8B429C4C80,3,"['Arena', 'Casa Giulietta']",Torre Lamberti,"['Sighseeing', 'Centro Fotografia', 'Museo Conte', 'Palazzo della Ragione', 'AMO']",Teatro Romano,strategy_nearest,False,0.00273895263671875,success
045A783A9C4C80,0,['Casa Giulietta'],Duomo,"['AMO', 'Museo Miniscalchi', 'Santa Anastasia', 'Teatro Romano', 'Palazzo della Ragione']",Arena,strategy_nearest,False,0.001611948013305664,success
045A79429C4C80,2,"['Casa Giulietta', 'San Fermo']",Duomo,"['AMO', 'Museo Miniscalchi', 'Santa Anastasia', 'Teatro Romano', 'Palazzo della Ragione']",Teatro Romano,strategy_nearest,True,0.002476930618286133,success
045A8F4A9C4C80,1,"['Arena', 'Casa Giulietta']",Palazzo della Ragione,"['AMO', 'Museo Conte', 'Torre Lamberti', 'Centro Fotografia', 'Sighseeing']",Torre Lamberti,strategy_nearest,True,0.0026960372924804688,success
045AB43A9C4C80,3,['Arena'],Torre Lamberti,"['Sighseeing', 'Centro Fotografia', 'Museo Conte', 'Casa Giulietta', 'Palazzo della Ragione']",Casa Giulietta,strategy_nearest,True,0.002878904342651367,success
045AA472743380,1,"['Arena', 'Museo Lapidario', 'San Fermo', 'Palazzo della Ragione', 'Torre Lamberti']",Santa Anastasia,"['AMO', 'Museo Conte', 'Teatro Romano', 'Centro Fotografia', 'Duomo']",Casa Giulietta,strategy_nearest,False,0.003063201904296875,success
045AA8429C4C80,1,"['Arena', 'Casa Giulietta']",Palazzo della Ragione,"['AMO', 'Museo Conte', 'Torre Lamberti', 'Centro Fotografia', 'Sighseeing']",Torre Lamberti,strategy_nearest,True,0.002288341522216797,success
045ABF429C4C80,0,['Arena'],Torre Lamberti,"['Sighseeing', 'Centro Fotografia', 'Museo Conte', 'Casa Giulietta', 'Palazzo della Ragione']",Duomo,strategy_nearest,False,0.0027170181274414062,success
045AB5429C4C80,3,"['Museo Lapidario', 'Arena']",Casa Giulietta,"['Centro Fotografia', 'Sighseeing', 'Torre Lamberti', 'Museo Conte', 'Museo Radio']",Torre Lamberti,strategy_nearest,True,0.002318143844604492,success
045AC53A9C4C80,0,"['Arena', 'Casa Giulietta']",Torre Lamberti,"['Sighseeing', 'Centro Fotografia', 'Museo Conte', 'Palazzo della Ragione', 'AMO']",Duomo,strategy_nearest,False,0.0033118724822998047,success
045AB4429C4C80,0,['Arena'],Casa Giulietta,"['Centro Fotografia', 'Sighseeing', 'Torre Lamberti', 'Museo Conte', 'Museo Radio']",Torre Lamberti,strategy_nearest,True,0.0022127628326416016,success
045ACD3A9C4C80,2,"['Castelvecchio', 'Duomo', 'Santa Anastasia']",Torre Lamberti,"['Sighseeing', 'Centro Fotografia', 'Museo Conte', 'Casa Giulietta', 'Palazzo della Ragione']",Palazzo della Ragione,strategy_nearest,True,0.002053976058959961,success
045B043A9C4C84,3,"['San Fermo', 'Duomo']",Teatro Romano,"['Santa Anastasia', 'AMO', 'Palazzo della Ragione', 'Museo Conte', 'Centro Fotografia']",Arena,strategy_nearest,False,0.0021009445190429688,success
045B163A9C4C84,0,['Arena'],Casa Giulietta,"['Centro Fotografia', 'Sighseeing', 'Torre Lamberti', 'Museo Conte', 'Museo Radio']",Torre Lamberti,strategy_nearest,True,0.0030951499938964844,success
045AF13A9C4C80,1,['Arena'],Castelvecchio,"['Museo Lapidario', 'Verona Tour', 'Museo Radio', 'San Zeno', 'Sighseeing']",Torre Lamberti,strategy_nearest,False,0.0028100013732910156,success
045B303A9C4C80,0,['Arena'],Casa Giulietta,"['Centro Fotografia', 'Sighseeing', 'Torre Lamberti', 'Museo Conte', 'Museo Radio']",Torre Lamberti,strategy_nearest,True,0.0024328231811523438,success
045B563A9C4C80,1,"['Arena', 'Torre Lamberti']",Palazzo della Ragione,"['AMO', 'Museo Conte', 'Centro Fotografia', 'Sighseeing', 'Santa Anastasia']",Teatro Romano,strategy_nearest,False,0.002213001251220703,success
045B7C4A9C4C80,0,['Torre Lamberti'],Duomo,"['AMO', 'Museo Miniscalchi', 'Santa Anastasia', 'Teatro Romano', 'Palazzo della Ragione']",Arena,strategy_nearest,False,0.002774953842163086,success
045B4B429C4C80,1,"['Arena', 'Palazzo della Ragione']",Torre Lamberti,"['Sighseeing', 'Centro Fotografia', 'Museo Conte', 'Casa Giulietta', 'AMO']",Santa Anastasia,strategy_nearest,False,0.002937793731689453,success
045B7A3A9C4C80,0,['Arena'],Casa Giulietta,"['Centro Fotografia', 'Sighseeing', 'Torre Lamberti', 'Museo Conte', 'Museo Radio']",Teatro Romano,strategy_nearest,False,0.0034532546997070312,success
045B7F429C4C80,3,"['Torre Lamberti', 'Casa Giulietta']",Teatro Romano,"['Santa Anastasia', 'Duomo', 'AMO', 'Palazzo della Ragione', 'Museo Conte']",Duomo,strategy_nearest,True,0.0017468929290771484,success
045B7D429C4C80,0,"['Arena', 'Torre Lamberti']",Teatro Romano,"['Santa Anastasia', 'Duomo', 'AMO', 'Palazzo della Ragione', 'Museo Conte']",Casa Giulietta,strategy_nearest,False,0.0024328231811523438,success
045B83429C4C80,0,['Arena'],Castelvecchio,"['Museo Lapidario', 'Verona Tour', 'Museo Radio', 'San Zeno', 'Sighseeing']",Casa Giulietta,strategy_nearest,False,0.0036542415618896484,success
045B8F4A9C4C80,1,"['Arena', 'Palazzo della Ragione']",Torre Lamberti,"['Sighseeing', 'Centro Fotografia', 'Museo Conte', 'Casa Giulietta', 'AMO']",Casa Giulietta,strategy_nearest,True,0.0025348663330078125,success
045B8E429C4C80,0,['Arena'],Torre Lamberti,"['Sighseeing', 'Centro Fotografia', 'Museo Conte', 'Casa Giulietta', 'Palazzo della Ragione']",Casa Giulietta,strategy_nearest,True,0.0019698143005371094,success
045BA14A9C4C80,3,"['Casa Giulietta', 'Torre Lamberti']",Santa Anastasia,"['AMO', 'Museo Conte', 'Palazzo della Ragione', 'Teatro Romano', 'Centro Fotografia']",Arena,strategy_nearest,False,0.00238800048828125,success
045BA472743380,0,"['Arena', 'Casa Giulietta']",Torre Lamberti,"['Sighseeing', 'Centro Fotografia', 'Museo Conte', 'Palazzo della Ragione', 'AMO']",Teatro Romano,strategy_nearest,False,0.0025272369384765625,success
045B97429C4C80,1,"['Arena', 'Casa Giulietta', 'Torre Lamberti']",Palazzo della Ragione,"['AMO', 'Museo Conte', 'Centro Fotografia', 'Sighseeing', 'Santa Anastasia']",Santa Anastasia,strategy_nearest,True,0.0032329559326171875,success
045BA872743380,0,"['Arena', 'Casa Giulietta']",Torre Lamberti,"['Sighseeing', 'Centro Fotografia', 'Museo Conte', 'Palazzo della Ragione', 'AMO']",Giardino Giusti,strategy_nearest,False,0.0032110214233398438,success
045BB5429C4C80,3,"['Torre Lamberti', 'Casa Giulietta']",Arena,"['Verona Tour', 'Museo Lapidario', 'Museo Radio', 'San Fermo', 'Sighseeing']",Tomba Giulietta,strategy_nearest,False,0.0023229122161865234,success
045BAE429C4C80,1,"['Museo Lapidario', 'Arena', 'Casa Giulietta']",Santa Anastasia,"['AMO', 'Museo Conte', 'Palazzo della Ragione', 'Teatro Romano', 'Centro Fotografia']",Palazzo della Ragione,strategy_nearest,True,0.002641916275024414,success
045BAF429C4C80,1,"['Palazzo della Ragione', 'Torre Lamberti']",Santa Anastasia,"['AMO', 'Museo Conte', 'Teatro Romano', 'Centro Fotografia', 'Duomo']",Teatro Romano,strategy_nearest,True,0.002557992935180664,success
045BBF429C4C80,0,['Arena'],Casa Giulietta,"['Centro Fotografia', 'Sighseeing', 'Torre Lamberti', 'Museo Conte', 'Museo Radio']",Torre Lamberti,strategy_nearest,True,0.0028378963470458984,success
045BC3429C4C80,0,['Casa Giulietta'],Torre Lamberti,"['Sighseeing', 'Centro Fotografia', 'Museo Conte', 'Palazzo della Ragione', 'AMO']",Teatro Romano,strategy_nearest,False,0.0027458667755126953,success
045BCD429C4C80,0,['Arena'],Duomo,"['AMO', 'Museo Miniscalchi', 'Santa Anastasia', 'Teatro Romano', 'Palazzo della Ragione']",Teatro Romano,strategy_nearest,True,0.0027620792388916016,success
045BC13A9C4C80,1,"['Palazzo della Ragione', 'Santa Anastasia']",Teatro Romano,"['Duomo', 'AMO', 'Museo Conte', 'Centro Fotografia', 'Museo Miniscalchi']",Castelvecchio,strategy_nearest,False,0.0021080970764160156,success
045BCF3A9C4C80,1,"['Castelvecchio', 'Tomba Giulietta', 'San Fermo', 'Casa Giulietta', 'Torre Lamberti']",Teatro Romano,"['Santa Anastasia', 'Duomo', 'AMO', 'Palazzo della Ragione', 'Museo Conte']",Museo Lapidario,strategy_nearest,False,0.003322124481201172,success
045BEC429C4C80,3,"['Arena', 'Tomba Giulietta', 'Castelvecchio', 'Casa Giulietta']",San Fermo,"['Museo Storia', 'Museo Radio', 'Centro Fotografia', 'Sighseeing', 'Torre Lamberti']",Duomo,strategy_nearest,False,0.002432107925415039,success
045BF63A9C4C80,1,"['Casa Giulietta', 'Torre Lamberti']",Palazzo della Ragione,"['AMO', 'Museo Conte', 'Centro Fotografia', 'Sighseeing', 'Santa Anastasia']",San Fermo,strategy_nearest,False,0.002534151077270508,success
045BFB3A9C4C80,1,"['Castelvecchio', 'Torre Lamberti', 'Palazzo della Ragione']",Casa Giulietta,"['Centro Fotografia', 'Sighseeing', 'Museo Conte', 'Museo Radio', 'San Fermo']",Santa Anastasia,strategy_nearest,False,0.0026350021362304688,success
045BEF3A9C4C80,1,"['Museo Lapidario', 'Arena']",Casa Giulietta,"['Centro Fotografia', 'Sighseeing', 'Torre Lamberti', 'Museo Conte', 'Museo Radio']",Torre Lamberti,strategy_nearest,True,0.0042688846588134766,success
045CEB3A9C4C80,3,"['Arena', 'Casa Giulietta', 'Duomo']",Teatro Romano,"['Santa Anastasia', 'AMO', 'Palazzo della Ragione', 'Museo Conte', 'Centro Fotografia']",Torre Lamberti,strategy_nearest,False,0.002950906753540039,success
045C0A3A9C4C84,1,"['Arena', 'Santa Anastasia', 'Torre Lamberti']",Palazzo della Ragione,"['AMO', 'Museo Conte', 'Centro Fotografia', 'Sighseeing', 'Museo Miniscalchi']",Casa Giulietta,strategy_nearest,False,0.0031762123107910156,success
045D38429C4C80,0,['Arena'],Torre Lamberti,"['Sighseeing', 'Centro Fotografia', 'Museo Conte', 'Casa Giulietta', 'Palazzo della Ragione']",Casa Giulietta,strategy_nearest,True,0.0024728775024414062,success
045D7C429C4C80,3,"['Arena', 'Torre Lamberti']",Duomo,"['AMO', 'Museo Miniscalchi', 'Santa Anastasia', 'Teatro Romano', 'Palazzo della Ragione']",Teatro Romano,strategy_nearest,True,0.003103017807006836,success
045D713A9C4C80,0,['Tomba Giulietta'],Arena,"['Verona Tour', 'Museo Lapidario', 'Museo Radio', 'San Fermo', 'Casa Giulietta']",Casa Giulietta,strategy_nearest,True,0.0025179386138916016,success
045D3F3A9C4C80,0,['Torre Lamberti'],Arena,"['Verona Tour', 'Museo Lapidario', 'Museo Radio', 'San Fermo', 'Casa Giulietta']",Castelvecchio,strategy_nearest,False,0.0027840137481689453,success
045D8A4A9C4C80,0,['Arena'],Casa Giulietta,"['Centro Fotografia', 'Sighseeing', 'Torre Lamberti', 'Museo Conte', 'Museo Radio']",Torre Lamberti,strategy_nearest,True,0.0013880729675292969,success
045D8B3A9C4C80,0,['Arena'],Casa Giulietta,"['Centro Fotografia', 'Sighseeing', 'Torre Lamberti', 'Museo Conte', 'Museo Radio']",Torre Lamberti,strategy_nearest,True,0.0019676685333251953,success
045D8E429C4C80,3,['Arena'],Torre Lamberti,"['Sighseeing', 'Centro Fotografia', 'Museo Conte', 'Casa Giulietta', 'Palazzo della Ragione']",Santa Anastasia,strategy_nearest,False,0.0027828216552734375,success
045D91429C4C80,1,['Arena'],Palazzo della Ragione,"['AMO', 'Museo Conte', 'Torre Lamberti', 'Centro Fotografia', 'Sighseeing']",Torre Lamberti,strategy_nearest,True,0.003559112548828125,success
045D9F4A9C4C80,0,"['Arena', 'Tomba Giulietta']",Casa Giulietta,"['Centro Fotografia', 'Sighseeing', 'Torre Lamberti', 'Museo Conte', 'Museo Radio']",Torre Lamberti,strategy_nearest,True,0.0021440982818603516,success
045DA472743380,3,"['Arena', 'Castelvecchio', 'San Zeno']",Santa Anastasia,"['AMO', 'Museo Conte', 'Palazzo della Ragione', 'Teatro Romano', 'Centro Fotografia']",Teatro Romano,strategy_nearest,True,0.0025560855865478516,success
045DAE429C4C80,1,"['Museo Lapidario', 'Arena', 'Torre Lamberti']",Palazzo della Ragione,"['AMO', 'Museo Conte', 'Centro Fotografia', 'Sighseeing', 'Santa Anastasia']",Casa Giulietta,strategy_nearest,False,0.0020749568939208984,success
045DA8429C4C80,1,"['Arena', 'Torre Lamberti', 'Palazzo della Ragione']",Casa Giulietta,"['Centro Fotografia', 'Sighseeing', 'Museo Conte', 'Museo Radio', 'San Fermo']",Santa Anastasia,strategy_nearest,False,0.002706289291381836,success
045DAF429C4C80,0,['Arena'],Casa Giulietta,"['Centro Fotografia', 'Sighseeing', 'Torre Lamberti', 'Museo Conte', 'Museo Radio']",Palazzo della Ragione,strategy_nearest,False,0.0031790733337402344,success
045DB4429C4C80,0,['Castelvecchio'],Arena,"['Verona Tour', 'Museo Lapidario', 'Museo Radio', 'San Fermo', 'Casa Giulietta']",Casa Giulietta,strategy_nearest,True,0.003242015838623047,success
045DBA429C4C80,3,['Arena'],Santa Anastasia,"['AMO', 'Museo Conte', 'Palazzo della Ragione', 'Teatro Romano', 'Centro Fotografia']",Duomo,strategy_nearest,False,0.002711057662963867,success
045DBD429C4C80,0,['Arena'],Tomba Giulietta,"['San Fermo', 'Museo Storia', 'Museo Lapidario', 'Museo Radio', 'Verona Tour']",Duomo,strategy_nearest,False,0.00335693359375,success
045DC3429C4C80,4,"['Casa Giulietta', 'Arena']",Museo Radio,"['San Fermo', 'Sighseeing', 'Torre Lamberti', 'Centro Fotografia', 'Verona Tour']",Tomba Giulietta,strategy_nearest,False,0.002511262893676758,success
045DCC3A9C4C80,0,['Arena'],Castelvecchio,"['Museo Lapidario', 'Verona Tour', 'Museo Radio', 'San Zeno', 'Sighseeing']",Torre Lamberti,strategy_nearest,False,0.0021970272064208984,success
045DC73A9C4C80,1,"['Museo Lapidario', 'Arena']",Torre Lamberti,"['Sighseeing', 'Centro Fotografia', 'Museo Conte', 'Casa Giulietta', 'Palazzo della Ragione']",Palazzo della Ragione,strategy_nearest,True,0.0025620460510253906,success
045DE43A9C4C80,3,"['San Zeno', 'Castelvecchio']",Arena,"['Verona Tour', 'Museo Lapidario', 'Museo Radio', 'San Fermo', 'Casa Giulietta']",San Fermo,strategy_nearest,True,0.002525806427001953,success
045DCD429C4C80,0,"['Arena', 'Casa Giulietta']",Torre Lamberti,"['Sighseeing', 'Centro Fotografia', 'Museo Conte', 'Palazzo della Ragione', 'AMO']",Teatro Romano,strategy_nearest,False,0.00393223762512207,success
045DFA3A9C4C80,2,['Castelvecchio'],Teatro Romano,"['Santa Anastasia', 'Duomo', 'AMO', 'Palazzo della Ragione', 'Museo Conte']",Duomo,strategy_nearest,True,0.002532958984375,success
045E023A9C4C84,0,['Castelvecchio'],Arena,"['Verona Tour', 'Museo Lapidario', 'Museo Radio', 'San Fermo', 'Casa Giulietta']",Casa Giulietta,strategy_nearest,True,0.003284931182861328,success
045DF93A9C4C80,1,"['Arena', 'Tomba Giulietta', 'Casa Giulietta']",Santa Anastasia,"['AMO', 'Museo Conte', 'Palazzo della Ragione', 'Teatro Romano', 'Centro Fotografia']",Teatro Romano,strategy_nearest,True,0.0032570362091064453,success
045E113A9C4C84,3,"['Arena', 'Casa Giulietta']",Torre Lamberti,"['Sighseeing', 'Centro Fotografia', 'Museo Conte', 'Palazzo della Ragione', 'AMO']",Santa Anastasia,strategy_nearest,False,0.0028700828552246094,success
045E36429C4C80,0,['Arena'],Castelvecchio,"['Museo Lapidario', 'Verona Tour', 'Museo Radio', 'San Zeno', 'Sighseeing']",Torre Lamberti,strategy_nearest,False,0.002952098846435547,success
045E31429C4C80,0,['Casa Giulietta'],Arena,"['Verona Tour', 'Museo Lapidario', 'Museo Radio', 'San Fermo', 'Sighseeing']",Tomba Giulietta,strategy_nearest,False,0.002379894256591797,success
045E234A9C4C80,3,"['Arena', 'Casa Giulietta', 'Torre Lamberti', 'Santa Anastasia']",Duomo,"['AMO', 'Museo Miniscalchi', 'Teatro Romano', 'Palazzo della Ragione', 'Museo Conte']",Castelvecchio,strategy_nearest,False,0.0043849945068359375,success
045E383A9C4C80,0,['Arena'],Casa Giulietta,"['Centro Fotografia', 'Sighseeing', 'Torre Lamberti', 'Museo Conte', 'Museo Radio']",Duomo,strategy_nearest,False,0.003013134002685547,success
045E463A9C4C80,3,"['Arena', 'Castelvecchio']",Torre Lamberti,"['Sighseeing', 'Centro Fotografia', 'Museo Conte', 'Casa Giulietta', 'Palazzo della Ragione']",Casa Giulietta,strategy_nearest,True,0.0019168853759765625,success
045E7C429C4C80,0,['Arena'],Casa Giulietta,"['Centro Fotografia', 'Sighseeing', 'Torre Lamberti', 'Museo Conte', 'Museo Radio']",Teatro Romano,strategy_nearest,False,0.014905929565429688,success
045E7C4A9C4C80,1,"['Palazzo della Ragione', 'Torre Lamberti']",Castelvecchio,"['Museo Lapidario', 'Verona Tour', 'Arena', 'Museo Radio', 'San Zeno']",Arena,strategy_nearest,True,0.0024890899658203125,success
045E753A9C4C80,3,"['Arena', 'Tomba Giulietta', 'San Fermo']",Casa Giulietta,"['Centro Fotografia', 'Sighseeing', 'Torre Lamberti', 'Museo Conte', 'Museo Radio']",Santa Anastasia,strategy_nearest,False,0.002774953842163086,success
045E80429C4C80,0,"['Arena', 'Casa Giulietta', 'Giardino Giusti']",Teatro Romano,"['Santa Anastasia', 'Duomo', 'AMO', 'Palazzo della Ragione', 'Museo Conte']",Museo Storia,strategy_nearest,False,0.02258777618408203,success
045E893A9C4C80,0,"['Duomo', 'Casa Giulietta']",Arena,"['Verona Tour', 'Museo Lapidario', 'Museo Radio', 'San Fermo', 'Sighseeing']",San Zeno,strategy_nearest,False,0.00866389274597168,success
045E823A9C4C80,1,"['Arena', 'San Zeno']",Torre Lamberti,"['Sighseeing', 'Centro Fotografia', 'Museo Conte', 'Casa Giulietta', 'Palazzo della Ragione']",Palazzo della Ragione,strategy_nearest,True,0.007083892822265625,success
045E88429C4C80,0,['Arena'],Torre Lamberti,"['Sighseeing', 'Centro Fotografia', 'Museo Conte', 'Casa Giulietta', 'Palazzo della Ragione']",Casa Giulietta,strategy_nearest,True,0.003143787384033203,success
045E89429C4C80,1,['Casa Giulietta'],Arena,"['Verona Tour', 'Museo Lapidario', 'Museo Radio', 'San Fermo', 'Sighseeing']",Castelvecchio,strategy_nearest,False,0.004509925842285156,success
045E8B429C4C80,1,"['Arena', 'Casa Giulietta']",San Fermo,"['Museo Storia', 'Museo Radio', 'Centro Fotografia', 'Sighseeing', 'Torre Lamberti']",Torre Lamberti,strategy_nearest,True,0.003047943115234375,success
045EA9429C4C80,0,"['Arena', 'Casa Giulietta']",Torre Lamberti,"['Sighseeing', 'Centro Fotografia', 'Museo Conte', 'Palazzo della Ragione', 'AMO']",Duomo,strategy_nearest,False,0.0013041496276855469,success
045EA672743380,0,['Castelvecchio'],Arena,"['Verona Tour', 'Museo Lapidario', 'Museo Radio', 'San Fermo', 'Casa Giulietta']",Casa Giulietta,strategy_nearest,True,0.001977205276489258,success
045EB13A9C4C80,3,"['Castelvecchio', 'Arena']",Casa Giulietta,"['Centro Fotografia', 'Sighseeing', 'Torre Lamberti', 'Museo Conte', 'Museo Radio']",Santa Anastasia,strategy_nearest,False,0.0019068717956542969,success
045EAD429C4C80,1,"['Castelvecchio', 'Arena']",Palazzo della Ragione,"['AMO', 'Museo Conte', 'Torre Lamberti', 'Centro Fotografia', 'Sighseeing']",Torre Lamberti,strategy_nearest,True,0.0013875961303710938,success
045EAC429C4C80,3,"['Arena', 'Casa Giulietta']",Torre Lamberti,"['Sighseeing', 'Centro Fotografia', 'Museo Conte', 'Palazzo della Ragione', 'AMO']",Santa Anastasia,strategy_nearest,False,0.00515294075012207,success
045EC83A9C4C80,2,"['Castelvecchio', 'Duomo']",Teatro Romano,"['Santa Anastasia', 'AMO', 'Palazzo della Ragione', 'Museo Conte', 'Centro Fotografia']",Torre Lamberti,strategy_nearest,False,0.003278970718383789,success
045ECE3A9C4C80,0,['Arena'],Casa Giulietta,"['Centro Fotografia', 'Sighseeing', 'Torre Lamberti', 'Museo Conte', 'Museo Radio']",Torre Lamberti,strategy_nearest,True,0.0028557777404785156,success
045EC9429C4C80,0,['Arena'],Casa Giulietta,"['Centro Fotografia', 'Sighseeing', 'Torre Lamberti', 'Museo Conte', 'Museo Radio']",Castelvecchio,strategy_nearest,False,0.002724170684814453,success
045EDA3A9C4C80,0,['Arena'],Santa Anastasia,"['AMO', 'Museo Conte', 'Palazzo della Ragione', 'Teatro Romano', 'Centro Fotografia']",Casa Giulietta,strategy_nearest,False,0.003529071807861328,success
045F153A9C4C84,1,"['Arena', 'Casa Giulietta']",Torre Lamberti,"['Sighseeing', 'Centro Fotografia', 'Museo Conte', 'Palazzo della Ragione', 'AMO']",Palazzo della Ragione,strategy_nearest,True,0.0034112930297851562,success
045F19429C4C84,3,"['Torre Lamberti', 'Casa Giulietta']",Arena,"['Verona Tour', 'Museo Lapidario', 'Museo Radio', 'San Fermo', 'Sighseeing']",Teatro Romano,strategy_nearest,False,0.0026831626892089844,success
045F183A9C4C84,0,['Arena'],Torre Lamberti,"['Sighseeing', 'Centro Fotografia', 'Museo Conte', 'Casa Giulietta', 'Palazzo della Ragione']",Casa Giulietta,strategy_nearest,True,0.0019462108612060547,success
045F1C3A9C4C84,3,"['Arena', 'Torre Lamberti', 'Casa Giulietta']",Santa Anastasia,"['AMO', 'Museo Conte', 'Palazzo della Ragione', 'Teatro Romano', 'Centro Fotografia']",Duomo,strategy_nearest,False,0.004122018814086914,success
045F353A9C4C80,0,['Arena'],Casa Giulietta,"['Centro Fotografia', 'Sighseeing', 'Torre Lamberti', 'Museo Conte', 'Museo Radio']",Torre Lamberti,strategy_nearest,True,0.002429962158203125,success
045F36429C4C80,2,"['Castelvecchio', 'Casa Giulietta']",Santa Anastasia,"['AMO', 'Museo Conte', 'Palazzo della Ragione', 'Teatro Romano', 'Centro Fotografia']",Duomo,strategy_nearest,False,0.0032761096954345703,success
045F3B429C4C80,3,"['Arena', 'Museo Lapidario', 'Castelvecchio']",Casa Giulietta,"['Centro Fotografia', 'Sighseeing', 'Torre Lamberti', 'Museo Conte', 'Museo Radio']",Torre Lamberti,strategy_nearest,True,0.0028700828552246094,success
045F383A9C4C80,3,['Arena'],Casa Giulietta,"['Centro Fotografia', 'Sighseeing', 'Torre Lamberti', 'Museo Conte', 'Museo Radio']",Santa Anastasia,strategy_nearest,False,0.002553701400756836,success
045F3E429C4C80,0,['Arena'],Casa Giulietta,"['Centro Fotografia', 'Sighseeing', 'Torre Lamberti', 'Museo Conte', 'Museo Radio']",Torre Lamberti,strategy_nearest,True,0.0033071041107177734,success
045F413A9C4C80,0,['Arena'],Casa Giulietta,"['Centro Fotografia', 'Sighseeing', 'Torre Lamberti', 'Museo Conte', 'Museo Radio']",Giardino Giusti,strategy_nearest,False,0.00257110595703125,success
045F783A9C4C80,0,['Arena'],Casa Giulietta,"['Centro Fotografia', 'Sighseeing', 'Torre Lamberti', 'Museo Conte', 'Museo Radio']",Torre Lamberti,strategy_nearest,True,0.002753019332885742,success
045F773A9C4C80,1,"['San Fermo', 'Casa Giulietta', 'Palazzo della Ragione']",Torre Lamberti,"['Sighseeing', 'Centro Fotografia', 'Museo Conte', 'AMO', 'Museo Miniscalchi']",Tomba Giulietta,strategy_nearest,False,0.0026051998138427734,success
045F7B4A9C4C80,0,"['Arena', 'Casa Giulietta']",Torre Lamberti,"['Sighseeing', 'Centro Fotografia', 'Museo Conte', 'Palazzo della Ragione', 'AMO']",Castelvecchio,strategy_nearest,False,0.002696990966796875,success
045F7B429C4C80,2,['Torre Lamberti'],Casa Giulietta,"['Centro Fotografia', 'Sighseeing', 'Museo Conte', 'Museo Radio', 'Palazzo della Ragione']",Castelvecchio,strategy_nearest,False,0.003341197967529297,success
045F7C429C4C80,2,['Casa Giulietta'],Torre Lamberti,"['Sighseeing', 'Centro Fotografia', 'Museo Conte', 'Palazzo della Ragione', 'AMO']",Duomo,strategy_nearest,False,0.003422975540161133,success
045F7E429C4C80,3,"['San Fermo', 'Santa Anastasia']",Duomo,"['AMO', 'Museo Miniscalchi', 'Teatro Romano', 'Palazzo della Ragione', 'Museo Conte']",Arena,strategy_nearest,False,0.0026640892028808594,success
045F803A9C4C80,3,"['Torre Lamberti', 'Duomo', 'Santa Anastasia']",Teatro Romano,"['AMO', 'Palazzo della Ragione', 'Museo Conte', 'Centro Fotografia', 'Museo Miniscalchi']",Casa Giulietta,strategy_nearest,False,0.003406047821044922,success
045F7D3A9C4C80,1,"['Arena', 'Casa Giulietta']",Palazzo della Ragione,"['AMO', 'Museo Conte', 'Torre Lamberti', 'Centro Fotografia', 'Sighseeing']",Torre Lamberti,strategy_nearest,True,0.001569986343383789,success
045F893A9C4C80,0,['Torre Lamberti'],Arena,"['Verona Tour', 'Museo Lapidario', 'Museo Radio', 'San Fermo', 'Casa Giulietta']",Casa Giulietta,strategy_nearest,True,0.0023729801177978516,success
045F84429C4C80,0,['Teatro Romano'],Giardino Giusti,"['Santa Anastasia', 'Museo Conte', 'Centro Fotografia', 'Museo Storia', 'AMO']",Casa Giulietta,strategy_nearest,False,0.0018601417541503906,success
045F854A9C4C80,0,['Arena'],Castelvecchio,"['Museo Lapidario', 'Verona Tour', 'Museo Radio', 'San Zeno', 'Sighseeing']",Casa Giulietta,strategy_nearest,False,0.0034050941467285156,success
045F80429C4C80,1,"['Arena', 'Casa Giulietta']",Torre Lamberti,"['Sighseeing', 'Centro Fotografia', 'Museo Conte', 'Palazzo della Ragione', 'AMO']",Palazzo della Ragione,strategy_nearest,True,0.0028929710388183594,success
045F89429C4C80,3,['Arena'],Casa Giulietta,"['Centro Fotografia', 'Sighseeing', 'Torre Lamberti', 'Museo Conte', 'Museo Radio']",Santa Anastasia,strategy_nearest,False,0.001981019973754883,success
045F8F3A9C4C80,1,"['Casa Giulietta', 'Arena']",Arena,"['Verona Tour', 'Museo Lapidario', 'Museo Radio', 'San Fermo', 'Sighseeing']",Palazzo della Ragione,strategy_nearest,False,0.0024569034576416016,success
045F8A3A9C4C80,3,"['Arena', 'Museo Lapidario', 'Castelvecchio', 'Casa Giulietta']",Santa Anastasia,"['AMO', 'Museo Conte', 'Palazzo della Ragione', 'Teatro Romano', 'Centro Fotografia']",Duomo,strategy_nearest,False,0.0025780200958251953,success
045F92429C4C80,0,['Arena'],Casa Giulietta,"['Centro Fotografia', 'Sighseeing', 'Torre Lamberti', 'Museo Conte', 'Museo Radio']",Santa Anastasia,strategy_nearest,False,0.0032129287719726562,success
045FA8429C4C80,3,['Arena'],Torre Lamberti,"['Sighseeing', 'Centro Fotografia', 'Museo Conte', 'Casa Giulietta', 'Palazzo della Ragione']",Casa Giulietta,strategy_nearest,True,0.0019500255584716797,success
045FA372743380,1,"['Castelvecchio', 'San Zeno', 'San Fermo']",Arena,"['Verona Tour', 'Museo Lapidario', 'Museo Radio', 'Casa Giulietta', 'Sighseeing']",Torre Lamberti,strategy_nearest,False,0.0028162002563476562,success
045FA472743380,0,"['Arena', 'Casa Giulietta']",Teatro Romano,"['Santa Anastasia', 'Duomo', 'AMO', 'Palazzo della Ragione', 'Museo Conte']",San Zeno,strategy_nearest,False,0.00339508056640625,success
045FA872743380,3,"['Arena', 'Casa Giulietta', 'San Fermo']",Torre Lamberti,"['Sighseeing', 'Centro Fotografia', 'Museo Conte', 'Palazzo della Ragione', 'AMO']",Duomo,strategy_nearest,False,0.0030460357666015625,success
045FAD429C4C80,2,"['San Zeno', 'Torre Lamberti']",Santa Anastasia,"['AMO', 'Museo Conte', 'Palazzo della Ragione', 'Teatro Romano', 'Centro Fotografia']",San Fermo,strategy_nearest,False,0.002116680145263672,success
045FB9429C4C80,3,['Torre Lamberti'],Santa Anastasia,"['AMO', 'Museo Conte', 'Palazzo della Ragione', 'Teatro Romano', 'Centro Fotografia']",Arena,strategy_nearest,False,0.0027132034301757812,success
045FB93A9C4C80,1,"['Arena', 'Casa Giulietta']",Torre Lamberti,"['Sighseeing', 'Centro Fotografia', 'Museo Conte', 'Palazzo della Ragione', 'AMO']",Palazzo della Ragione,strategy_nearest,True,0.003599882125854492,success
045FC4429C4C80,1,['Arena'],Torre Lamberti,"['Sighseeing', 'Centro Fotografia', 'Museo Conte', 'Casa Giulietta', 'Palazzo della Ragione']",Palazzo della Ragione,strategy_nearest,True,0.003078937530517578,success
0460043A9C4C84,0,['Arena'],Casa Giulietta,"['Centro Fotografia', 'Sighseeing', 'Torre Lamberti', 'Museo Conte', 'Museo Radio']",Torre Lamberti,strategy_nearest,True,0.0025930404663085938,success
045FF83A9C4C80,0,['Arena'],Casa Giulietta,"['Centro Fotografia', 'Sighseeing', 'Torre Lamberti', 'Museo Conte', 'Museo Radio']",Torre Lamberti,strategy_nearest,True,0.0032279491424560547,success
0460163A9C4C84,6,['Arena'],Verona Tour,"['Museo Lapidario', 'Castelvecchio', 'Museo Radio', 'Casa Giulietta', 'Sighseeing']",Castelvecchio,strategy_nearest,True,0.002526998519897461,success
0460133A9C4C84,1,"['Casa Giulietta', 'Castelvecchio']",Tomba Giulietta,"['San Fermo', 'Museo Storia', 'Arena', 'Museo Lapidario', 'Museo Radio']",Torre Lamberti,strategy_nearest,False,0.0031507015228271484,success
0460193A9C4C84,0,['Arena'],Casa Giulietta,"['Centro Fotografia', 'Sighseeing', 'Torre Lamberti', 'Museo Conte', 'Museo Radio']",Torre Lamberti,strategy_nearest,True,0.0023670196533203125,success
046018429C4C80,0,"['Arena', 'Casa Giulietta']",Duomo,"['AMO', 'Museo Miniscalchi', 'Santa Anastasia', 'Teatro Romano', 'Palazzo della Ragione']",Teatro Romano,strategy_nearest,True,0.0034821033477783203,success
0460203A9C4C84,1,"['Arena', 'Torre Lamberti']",Palazzo della Ragione,"['AMO', 'Museo Conte', 'Centro Fotografia', 'Sighseeing', 'Santa Anastasia']",Casa Giulietta,strategy_nearest,False,0.003214120864868164,success
04602F429C4C80,3,['Arena'],Casa Giulietta,"['Centro Fotografia', 'Sighseeing', 'Torre Lamberti', 'Museo Conte', 'Museo Radio']",Torre Lamberti,strategy_nearest,True,0.003220081329345703,success
04602A3A9C4C80,2,['San Fermo'],Casa Giulietta,"['Centro Fotografia', 'Sighseeing', 'Torre Lamberti', 'Museo Conte', 'Museo Radio']",Santa Anastasia,strategy_nearest,False,0.002585887908935547,success
046031429C4C80,0,['Castelvecchio'],Arena,"['Verona Tour', 'Museo Lapidario', 'Museo Radio', 'San Fermo', 'Casa Giulietta']",Casa Giulietta,strategy_nearest,True,0.003239870071411133,success
046039429C4C80,1,['Arena'],Casa Giulietta,"['Centro Fotografia', 'Sighseeing', 'Torre Lamberti', 'Museo Conte', 'Museo Radio']",Palazzo della Ragione,strategy_nearest,False,0.0018429756164550781,success
0460723A9C4C80,1,"['Tomba Giulietta', 'Arena', 'Casa Giulietta']",Torre Lamberti,"['Sighseeing', 'Centro Fotografia', 'Museo Conte', 'Palazzo della Ragione', 'AMO']",Palazzo della Ragione,strategy_nearest,True,0.0025742053985595703,success
0460543A9C4C80,3,"['Arena', 'Casa Giulietta']",Teatro Romano,"['Santa Anastasia', 'Duomo', 'AMO', 'Palazzo della Ragione', 'Museo Conte']",Duomo,strategy_nearest,True,0.003359079360961914,success
0460733A9C4C80,3,"['Arena', 'Casa Giulietta', 'San Fermo']",Torre Lamberti,"['Sighseeing', 'Centro Fotografia', 'Museo Conte', 'Palazzo della Ragione', 'AMO']",Santa Anastasia,strategy_nearest,False,0.002422809600830078,success
04607A4A9C4C80,1,"['Torre Lamberti', 'Palazzo della Ragione']",Castelvecchio,"['Museo Lapidario', 'Verona Tour', 'Arena', 'Museo Radio', 'San Zeno']",Arena,strategy_nearest,True,0.0033719539642333984,success
04607E429C4C80,3,"['Arena', 'Santa Anastasia']",Casa Giulietta,"['Centro Fotografia', 'Sighseeing', 'Torre Lamberti', 'Museo Conte', 'Museo Radio']",Tomba Giulietta,strategy_nearest,False,0.0031480789184570312,success
0460843A9C4C80,0,['Tomba Giulietta'],Arena,"['Verona Tour', 'Museo Lapidario', 'Museo Radio', 'San Fermo', 'Casa Giulietta']",Casa Giulietta,strategy_nearest,True,0.0018820762634277344,success
0460863A9C4C80,0,"['Tomba Giulietta', 'Arena']",Casa Giulietta,"['Centro Fotografia', 'Sighseeing', 'Torre Lamberti', 'Museo Conte', 'Museo Radio']",Torre Lamberti,strategy_nearest,True,0.0025000572204589844,success
0460A672743380,1,"['Arena', 'Palazzo della Ragione', 'Torre Lamberti', 'Santa Anastasia']",Casa Giulietta,"['Centro Fotografia', 'Sighseeing', 'Museo Conte', 'Museo Radio', 'San Fermo']",Duomo,strategy_nearest,False,0.0019562244415283203,success
0460A8429C4C80,1,"['Arena', 'Casa Giulietta']",Palazzo della Ragione,"['AMO', 'Museo Conte', 'Torre Lamberti', 'Centro Fotografia', 'Sighseeing']",Castelvecchio,strategy_nearest,False,0.003033876419067383,success
0460A472743380,3,"['Arena', 'Casa Giulietta', 'Torre Lamberti']",Santa Anastasia,"['AMO', 'Museo Conte', 'Palazzo della Ragione', 'Teatro Romano', 'Centro Fotografia']",Teatro Romano,strategy_nearest,True,0.0022258758544921875,success
0460A7429C4C80,0,['Arena'],Casa Giulietta,"['Centro Fotografia', 'Sighseeing', 'Torre Lamberti', 'Museo Conte', 'Museo Radio']",Torre Lamberti,strategy_nearest,True,0.0025322437286376953,success
0460AA429C4C80,1,"['San Zeno', 'Castelvecchio', 'Duomo']",Torre Lamberti,"['Sighseeing', 'Centro Fotografia', 'Museo Conte', 'Casa Giulietta', 'Palazzo della Ragione']",Palazzo della Ragione,strategy_nearest,True,0.0011310577392578125,success
0460AD429C4C80,0,['Arena'],Casa Giulietta,"['Centro Fotografia', 'Sighseeing', 'Torre Lamberti', 'Museo Conte', 'Museo Radio']",Teatro Romano,strategy_nearest,False,0.0020148754119873047,success
0460AF429C4C80,0,"['Arena', 'Casa Giulietta']",Tomba Giulietta,"['San Fermo', 'Museo Storia', 'Museo Lapidario', 'Museo Radio', 'Verona Tour']",Castelvecchio,strategy_nearest,False,0.0025370121002197266,success
0460B8429C4C80,0,"['Arena', 'Casa Giulietta']",Torre Lamberti,"['Sighseeing', 'Centro Fotografia', 'Museo Conte', 'Palazzo della Ragione', 'AMO']",Castelvecchio,strategy_nearest,False,0.002315044403076172,success
0460B7429C4C80,3,"['Arena', 'Duomo']",Santa Anastasia,"['AMO', 'Museo Conte', 'Palazzo della Ragione', 'Teatro Romano', 'Centro Fotografia']",Torre Lamberti,strategy_nearest,False,0.003238201141357422,success
0460BE429C4C80,3,"['Arena', 'San Fermo']",Santa Anastasia,"['AMO', 'Museo Conte', 'Palazzo della Ragione', 'Teatro Romano', 'Centro Fotografia']",Casa Giulietta,strategy_nearest,False,0.002550840377807617,success
0460C5429C4C80,0,"['Arena', 'Museo Lapidario', 'Castelvecchio']",Torre Lamberti,"['Sighseeing', 'Centro Fotografia', 'Museo Conte', 'Casa Giulietta', 'Palazzo della Ragione']",Teatro Romano,strategy_nearest,False,0.0025548934936523438,success
0460C4429C4C80,3,"['Casa Giulietta', 'Torre Lamberti', 'Arena']",Santa Anastasia,"['AMO', 'Museo Conte', 'Palazzo della Ragione', 'Teatro Romano', 'Centro Fotografia']",Duomo,strategy_nearest,False,0.0034079551696777344,success
0460C63A9C4C80,3,"['Arena', 'Casa Giulietta', 'Santa Anastasia']",Teatro Romano,"['Duomo', 'AMO', 'Palazzo della Ragione', 'Museo Conte', 'Centro Fotografia']",Torre Lamberti,strategy_nearest,False,0.003175020217895508,success
0460D5BA7B3F80,1,['Arena'],Palazzo della Ragione,"['AMO', 'Museo Conte', 'Torre Lamberti', 'Centro Fotografia', 'Sighseeing']",Casa Giulietta,strategy_nearest,False,0.0033102035522460938,success
0460D63A9C4C80,0,['Arena'],Casa Giulietta,"['Centro Fotografia', 'Sighseeing', 'Torre Lamberti', 'Museo Conte', 'Museo Radio']",Castelvecchio,strategy_nearest,False,0.0025348663330078125,success
0460E93A9C4C80,0,['Torre Lamberti'],Casa Giulietta,"['Centro Fotografia', 'Sighseeing', 'Museo Conte', 'Museo Radio', 'Palazzo della Ragione']",Arena,strategy_nearest,False,0.0033190250396728516,success
0461193A9C4C84,3,"['Santa Anastasia', 'Teatro Romano', 'Arena']",Museo Lapidario,"['Verona Tour', 'Castelvecchio', 'Museo Radio', 'San Fermo', 'Casa Giulietta']",Castelvecchio,strategy_nearest,True,0.0023849010467529297,success
0460EE3A9C4C80,0,"['Castelvecchio', 'Tomba Giulietta']",Arena,"['Verona Tour', 'Museo Lapidario', 'Museo Radio', 'San Fermo', 'Casa Giulietta']",Casa Giulietta,strategy_nearest,True,0.003365039825439453,success
0460F63A9C4C80,0,['Arena'],Casa Giulietta,"['Centro Fotografia', 'Sighseeing', 'Torre Lamberti', 'Museo Conte', 'Museo Radio']",Torre Lamberti,strategy_nearest,True,0.002669095993041992,success
0461113A9C4C84,1,"['Tomba Giulietta', 'Casa Giulietta', 'Torre Lamberti']",Palazzo della Ragione,"['AMO', 'Museo Conte', 'Centro Fotografia', 'Sighseeing', 'Santa Anastasia']",Duomo,strategy_nearest,False,0.003916025161743164,success
04611C429C4C80,2,['San Fermo'],Casa Giulietta,"['Centro Fotografia', 'Sighseeing', 'Torre Lamberti', 'Museo Conte', 'Museo Radio']",Santa Anastasia,strategy_nearest,False,0.001971006393432617,success
04611F3A9C4C84,1,"['Teatro Romano', 'Duomo']",Palazzo della Ragione,"['AMO', 'Museo Conte', 'Torre Lamberti', 'Centro Fotografia', 'Sighseeing']",Torre Lamberti,strategy_nearest,True,0.0019788742065429688,success
046121429C4C84,0,"['Teatro Romano', 'Duomo']",Casa Giulietta,"['Centro Fotografia', 'Sighseeing', 'Torre Lamberti', 'Museo Conte', 'Museo Radio']",Arena,strategy_nearest,False,0.002736330032348633,success
0461223A9C4C84,0,"['Arena', 'Casa Giulietta']",Tomba Giulietta,"['San Fermo', 'Museo Storia', 'Museo Lapidario', 'Museo Radio', 'Verona Tour']",Castelvecchio,strategy_nearest,False,0.0034279823303222656,success
0461443A9C4C80,0,['Arena'],Casa Giulietta,"['Centro Fotografia', 'Sighseeing', 'Torre Lamberti', 'Museo Conte', 'Museo Radio']",Teatro Romano,strategy_nearest,False,0.0042629241943359375,success
046165429C4C80,3,"['Arena', 'Casa Giulietta']",Torre Lamberti,"['Sighseeing', 'Centro Fotografia', 'Museo Conte', 'Palazzo della Ragione', 'AMO']",Santa Anastasia,strategy_nearest,False,0.0025930404663085938,success
046131429C4C80,3,"['Arena', 'Castelvecchio']",Santa Anastasia,"['AMO', 'Museo Conte', 'Palazzo della Ragione', 'Teatro Romano', 'Centro Fotografia']",Torre Lamberti,strategy_nearest,False,0.0034971237182617188,success
0461713A9C4C80,1,"['Tomba Giulietta', 'Arena']",Casa Giulietta,"['Centro Fotografia', 'Sighseeing', 'Torre Lamberti', 'Museo Conte', 'Museo Radio']",Torre Lamberti,strategy_nearest,True,0.003679037094116211,success
0461753A9C4C80,1,"['Casa Giulietta', 'Torre Lamberti']",Palazzo della Ragione,"['AMO', 'Museo Conte', 'Centro Fotografia', 'Sighseeing', 'Santa Anastasia']",Arena,strategy_nearest,False,0.0018279552459716797,success
04617E3A9C4C80,3,"['Arena', 'San Fermo']",Casa Giulietta,"['Centro Fotografia', 'Sighseeing', 'Torre Lamberti', 'Museo Conte', 'Museo Radio']",Santa Anastasia,strategy_nearest,False,0.002618074417114258,success
046182429C4C80,0,['Arena'],Duomo,"['AMO', 'Museo Miniscalchi', 'Santa Anastasia', 'Teatro Romano', 'Palazzo della Ragione']",Castelvecchio,strategy_nearest,False,0.003213167190551758,success
046190429C4C80,0,['Arena'],Casa Giulietta,"['Centro Fotografia', 'Sighseeing', 'Torre Lamberti', 'Museo Conte', 'Museo Radio']",Torre Lamberti,strategy_nearest,True,0.002354860305786133,success
046186429C4C80,3,"['Arena', 'Casa Giulietta']",Torre Lamberti,"['Sighseeing', 'Centro Fotografia', 'Museo Conte', 'Palazzo della Ragione', 'AMO']",Santa Anastasia,strategy_nearest,False,0.001348733901977539,success
04618E4A9C4C80,3,"['Giardino Giusti', 'Santa Anastasia']",Duomo,"['AMO', 'Museo Miniscalchi', 'Teatro Romano', 'Palazzo della Ragione', 'Museo Conte']",Arena,strategy_nearest,False,0.0030739307403564453,success
046193429C4C80,0,['Torre Lamberti'],Casa Giulietta,"['Centro Fotografia', 'Sighseeing', 'Museo Conte', 'Museo Radio', 'Palazzo della Ragione']",Tomba Giulietta,strategy_nearest,False,0.0035610198974609375,success
0461964A9C4C80,0,['Arena'],Casa Giulietta,"['Centro Fotografia', 'Sighseeing', 'Torre Lamberti', 'Museo Conte', 'Museo Radio']",Torre Lamberti,strategy_nearest,True,0.0018591880798339844,success
0461A1429C4C80,3,"['Arena', 'Casa Giulietta']",Torre Lamberti,"['Sighseeing', 'Centro Fotografia', 'Museo Conte', 'Palazzo della Ragione', 'AMO']",Santa Anastasia,strategy_nearest,False,0.0027189254760742188,success
0461A2429C4C80,0,['Teatro Romano'],Arena,"['Verona Tour', 'Museo Lapidario', 'Museo Radio', 'San Fermo', 'Casa Giulietta']",San Zeno,strategy_nearest,False,0.002638101577758789,success
0461B1429C4C80,3,"['Arena', 'Casa Giulietta']",Torre Lamberti,"['Sighseeing', 'Centro Fotografia', 'Museo Conte', 'Palazzo della Ragione', 'AMO']",Duomo,strategy_nearest,False,0.0020189285278320312,success
0461A572743380,3,"['Arena', 'Casa Giulietta', 'San Zeno']",Torre Lamberti,"['Sighseeing', 'Centro Fotografia', 'Museo Conte', 'Palazzo della Ragione', 'AMO']",Santa Anastasia,strategy_nearest,False,0.0032660961151123047,success
0461B4429C4C80,1,"['Arena', 'Palazzo della Ragione']",Casa Giulietta,"['Centro Fotografia', 'Sighseeing', 'Torre Lamberti', 'Museo Conte', 'Museo Radio']",Santa Anastasia,strategy_nearest,False,0.002089977264404297,success
0461B3429C4C80,1,"['Castelvecchio', 'Arena', 'Casa Giulietta']",Torre Lamberti,"['Sighseeing', 'Centro Fotografia', 'Museo Conte', 'Palazzo della Ragione', 'AMO']",Palazzo della Ragione,strategy_nearest,True,0.0035140514373779297,success
0461C0429C4C80,3,"['Casa Giulietta', 'Torre Lamberti']",Santa Anastasia,"['AMO', 'Museo Conte', 'Palazzo della Ragione', 'Teatro Romano', 'Centro Fotografia']",Teatro Romano,strategy_nearest,True,0.002565145492553711,success
0461BA3A9C4C80,3,"['Castelvecchio', 'Arena']",Casa Giulietta,"['Centro Fotografia', 'Sighseeing', 'Torre Lamberti', 'Museo Conte', 'Museo Radio']",Torre Lamberti,strategy_nearest,True,0.0032749176025390625,success
0461C4429C4C80,1,"['Castelvecchio', 'Arena', 'Casa Giulietta', 'Tomba Giulietta']",San Fermo,"['Museo Storia', 'Museo Radio', 'Centro Fotografia', 'Sighseeing', 'Torre Lamberti']",Palazzo della Ragione,strategy_nearest,False,0.0030181407928466797,success
0461B6429C4C80,3,"['Casa Giulietta', 'Torre Lamberti', 'Santa Anastasia']",Duomo,"['AMO', 'Museo Miniscalchi', 'Teatro Romano', 'Palazzo della Ragione', 'Museo Conte']",Teatro Romano,strategy_nearest,True,0.00251007080078125,success
0461D53A9C4C80,0,['Arena'],Museo Lapidario,"['Verona Tour', 'Castelvecchio', 'Museo Radio', 'San Fermo', 'Casa Giulietta']",Torre Lamberti,strategy_nearest,False,0.002187013626098633,success
0461F83A9C4C80,2,"['Castelvecchio', 'Duomo', 'Santa Anastasia']",Torre Lamberti,"['Sighseeing', 'Centro Fotografia', 'Museo Conte', 'Casa Giulietta', 'Palazzo della Ragione']",Palazzo della Ragione,strategy_nearest,True,0.0020706653594970703,success
0461F73A9C4C80,0,"['Arena', 'Museo Lapidario']",Santa Anastasia,"['AMO', 'Museo Conte', 'Palazzo della Ragione', 'Teatro Romano', 'Centro Fotografia']",Casa Giulietta,strategy_nearest,False,0.002727985382080078,success
0461F93A9C4C80,0,['Arena'],Duomo,"['AMO', 'Museo Miniscalchi', 'Santa Anastasia', 'Teatro Romano', 'Palazzo della Ragione']",Torre Lamberti,strategy_nearest,False,0.0031311511993408203,success
04621C3A9C4C84,1,"['Arena', 'Museo Lapidario', 'Castelvecchio', 'Duomo']",Torre Lamberti,"['Sighseeing', 'Centro Fotografia', 'Museo Conte', 'Casa Giulietta', 'Palazzo della Ragione']",Palazzo della Ragione,strategy_nearest,True,0.0025968551635742188,success
0462294A9C4C80,3,"['Castelvecchio', 'Tomba Giulietta', 'Arena', 'San Fermo']",Casa Giulietta,"['Centro Fotografia', 'Sighseeing', 'Torre Lamberti', 'Museo Conte', 'Museo Radio']",Santa Anastasia,strategy_nearest,False,0.002613067626953125,success
0462333A9C4C80,1,"['Arena', 'Casa Giulietta', 'Palazzo della Ragione']",Torre Lamberti,"['Sighseeing', 'Centro Fotografia', 'Museo Conte', 'AMO', 'Museo Miniscalchi']",Teatro Romano,strategy_nearest,False,0.0033321380615234375,success
046237429C4C80,0,['Arena'],Castelvecchio,"['Museo Lapidario', 'Verona Tour', 'Museo Radio', 'San Zeno', 'Sighseeing']",Torre Lamberti,strategy_nearest,False,0.003759145736694336,success
04623D3A9C4C80,0,['Castelvecchio'],Arena,"['Verona Tour', 'Museo Lapidario', 'Museo Radio', 'San Fermo', 'Casa Giulietta']",Torre Lamberti,strategy_nearest,False,0.003165006637573242,success
046261429C4C80,0,['Castelvecchio'],Arena,"['Verona Tour', 'Museo Lapidario', 'Museo Radio', 'San Fermo', 'Casa Giulietta']",Casa Giulietta,strategy_nearest,True,0.003596067428588867,success
0462433A9C4C80,0,['Arena'],Casa Giulietta,"['Centro Fotografia', 'Sighseeing', 'Torre Lamberti', 'Museo Conte', 'Museo Radio']",Santa Anastasia,strategy_nearest,False,0.002557039260864258,success
046279429C4C80,1,['Arena'],Palazzo della Ragione,"['AMO', 'Museo Conte', 'Torre Lamberti', 'Centro Fotografia', 'Sighseeing']",Torre Lamberti,strategy_nearest,True,0.0026819705963134766,success
0462733A9C4C80,1,"['Tomba Giulietta', 'Casa Giulietta']",Torre Lamberti,"['Sighseeing', 'Centro Fotografia', 'Museo Conte', 'Palazzo della Ragione', 'AMO']",Palazzo della Ragione,strategy_nearest,True,0.0027959346771240234,success
0462844A9C4C80,1,"['Arena', 'Casa Giulietta', 'Giardino Giusti']",Torre Lamberti,"['Sighseeing', 'Centro Fotografia', 'Museo Conte', 'Palazzo della Ragione', 'AMO']",Palazzo della Ragione,strategy_nearest,True,0.0024449825286865234,success
0462823A9C4C80,0,"['Arena', 'Museo Lapidario']",Castelvecchio,"['Verona Tour', 'Museo Radio', 'San Zeno', 'Sighseeing', 'Museo Miniscalchi']",Torre Lamberti,strategy_nearest,False,0.0024938583374023438,success
04627F429C4C80,0,['Castelvecchio'],Arena,"['Verona Tour', 'Museo Lapidario', 'Museo Radio', 'San Fermo', 'Casa Giulietta']",Casa Giulietta,strategy_nearest,True,0.003701925277709961,success
0462863A9C4C80,0,['Arena'],Casa Giulietta,"['Centro Fotografia', 'Sighseeing', 'Torre Lamberti', 'Museo Conte', 'Museo Radio']",Torre Lamberti,strategy_nearest,True,0.003111124038696289,success
046286429C4C80,0,['Arena'],Casa Giulietta,"['Centro Fotografia', 'Sighseeing', 'Torre Lamberti', 'Museo Conte', 'Museo Radio']",Santa Anastasia,strategy_nearest,False,0.0028378963470458984,success
04628F3A9C4C80,3,"['Arena', 'Casa Giulietta']",Torre Lamberti,"['Sighseeing', 'Centro Fotografia', 'Museo Conte', 'Palazzo della Ragione', 'AMO']",Santa Anastasia,strategy_nearest,False,0.002743959426879883,success
0462893A9C4C80,1,"['Arena', 'Museo Lapidario']",Castelvecchio,"['Verona Tour', 'Museo Radio', 'San Zeno', 'Sighseeing', 'Museo Miniscalchi']",Palazzo della Ragione,strategy_nearest,False,0.002146005630493164,success
04628F429C4C80,1,"['Arena', 'Casa Giulietta']",Torre Lamberti,"['Sighseeing', 'Centro Fotografia', 'Museo Conte', 'Palazzo della Ragione', 'AMO']",Palazzo della Ragione,strategy_nearest,True,0.0032320022583007812,success
0462A472743380,1,"['Torre Lamberti', 'Palazzo della Ragione']",Arena,"['Verona Tour', 'Museo Lapidario', 'Museo Radio', 'San Fermo', 'Casa Giulietta']",Casa Giulietta,strategy_nearest,True,0.002402067184448242,success
0462954A9C4C80,3,"['Arena', 'San Fermo']",Santa Anastasia,"['AMO', 'Museo Conte', 'Palazzo della Ragione', 'Teatro Romano', 'Centro Fotografia']",Duomo,strategy_nearest,False,0.002228975296020508,success
0462A372743380,0,['Casa Giulietta'],San Fermo,"['Museo Storia', 'Museo Radio', 'Centro Fotografia', 'Arena', 'Sighseeing']",Castelvecchio,strategy_nearest,False,0.0020248889923095703,success
0462A872743380,3,"['Arena', 'Casa Giulietta', 'San Fermo']",Torre Lamberti,"['Sighseeing', 'Centro Fotografia', 'Museo Conte', 'Palazzo della Ragione', 'AMO']",Duomo,strategy_nearest,False,0.0028150081634521484,success
0462A9429C4C80,1,['Santa Anastasia'],Arena,"['Verona Tour', 'Museo Lapidario', 'Museo Radio', 'San Fermo', 'Casa Giulietta']",Casa Giulietta,strategy_nearest,True,0.0013930797576904297,success
0462AB4A9C4C80,1,"['Teatro Romano', 'Duomo', 'Torre Lamberti']",Palazzo della Ragione,"['AMO', 'Museo Conte', 'Centro Fotografia', 'Sighseeing', 'Santa Anastasia']",Casa Giulietta,strategy_nearest,False,0.002985239028930664,success
0462AE429C4C80,1,['Palazzo della Ragione'],Torre Lamberti,"['Sighseeing', 'Centro Fotografia', 'Museo Conte', 'Casa Giulietta', 'AMO']",Arena,strategy_nearest,False,0.0034580230712890625,success
0462B43A9C4C80,3,"['Arena', 'Santa Anastasia']",Teatro Romano,"['Duomo', 'AMO', 'Palazzo della Ragione', 'Museo Conte', 'Centro Fotografia']",Duomo,strategy_nearest,True,0.0022668838500976562,success
0462B63A9C4C80,1,"['Arena', 'San Fermo', 'Casa Giulietta', 'Torre Lamberti']",Palazzo della Ragione,"['AMO', 'Museo Conte', 'Centro Fotografia', 'Sighseeing', 'Santa Anastasia']",Santa Anastasia,strategy_nearest,True,0.002054929733276367,success
0462B7429C4C80,0,['Arena'],Torre Lamberti,"['Sighseeing', 'Centro Fotografia', 'Museo Conte', 'Casa Giulietta', 'Palazzo della Ragione']",Casa Giulietta,strategy_nearest,True,0.002153158187866211,success
0462BA429C4C80,0,"['Arena', 'Casa Giulietta']",Torre Lamberti,"['Sighseeing', 'Centro Fotografia', 'Museo Conte', 'Palazzo della Ragione', 'AMO']",Duomo,strategy_nearest,False,0.0033020973205566406,success
0462B8429C4C80,0,['Torre Lamberti'],Casa Giulietta,"['Centro Fotografia', 'Sighseeing', 'Museo Conte', 'Museo Radio', 'Palazzo della Ragione']",Arena,strategy_nearest,False,0.0028238296508789062,success
0462C2429C4C80,0,"['Casa Giulietta', 'Arena']",San Zeno,"['Castelvecchio', 'Verona Tour', 'Museo Lapidario', 'Museo Miniscalchi', 'Sighseeing']",Torre Lamberti,strategy_nearest,False,0.0023980140686035156,success
0462C6429C4C80,0,['Casa Giulietta'],Torre Lamberti,"['Sighseeing', 'Centro Fotografia', 'Museo Conte', 'Palazzo della Ragione', 'AMO']",Arena,strategy_nearest,False,0.00180816650390625,success
0462C93A9C4C80,1,"['Arena', 'Tomba Giulietta']",Casa Giulietta,"['Centro Fotografia', 'Sighseeing', 'Torre Lamberti', 'Museo Conte', 'Museo Radio']",Torre Lamberti,strategy_nearest,True,0.002902984619140625,success
04630E3A9C4C84,1,"['Arena', 'Casa Giulietta']",Palazzo della Ragione,"['AMO', 'Museo Conte', 'Torre Lamberti', 'Centro Fotografia', 'Sighseeing']",Torre Lamberti,strategy_nearest,True,0.0025310516357421875,success
0463113A9C4C84,1,"['Arena', 'Torre Lamberti']",Palazzo della Ragione,"['AMO', 'Museo Conte', 'Centro Fotografia', 'Sighseeing', 'Santa Anastasia']",Teatro Romano,strategy_nearest,False,0.0028579235076904297,success
0462DA3A9C4C80,1,"['Casa Giulietta', 'Torre Lamberti']",Palazzo della Ragione,"['AMO', 'Museo Conte', 'Centro Fotografia', 'Sighseeing', 'Santa Anastasia']",Arena,strategy_nearest,False,0.0033800601959228516,success
046334429C4C80,2,['Casa Giulietta'],Torre Lamberti,"['Sighseeing', 'Centro Fotografia', 'Museo Conte', 'Palazzo della Ragione', 'AMO']",Teatro Romano,strategy_nearest,False,0.002704143524169922,success
04631B3A9C4C80,3,['Arena'],Santa Anastasia,"['AMO', 'Museo Conte', 'Palazzo della Ragione', 'Teatro Romano', 'Centro Fotografia']",Casa Giulietta,strategy_nearest,False,0.0034821033477783203,success
0463183A9C4C84,0,['Arena'],Casa Giulietta,"['Centro Fotografia', 'Sighseeing', 'Torre Lamberti', 'Museo Conte', 'Museo Radio']",Duomo,strategy_nearest,False,0.002187967300415039,success
0463284A9C4C80,4,"['Arena', 'Museo Lapidario', 'Castelvecchio', 'San Fermo', 'Museo Storia']",Casa Giulietta,"['Centro Fotografia', 'Sighseeing', 'Torre Lamberti', 'Museo Conte', 'Museo Radio']",Museo Radio,strategy_nearest,True,0.0021631717681884766,success
046335429C4C80,3,['Arena'],Santa Anastasia,"['AMO', 'Museo Conte', 'Palazzo della Ragione', 'Teatro Romano', 'Centro Fotografia']",Torre Lamberti,strategy_nearest,False,0.0015940666198730469,success
046338429C4C80,1,['Arena'],Casa Giulietta,"['Centro Fotografia', 'Sighseeing', 'Torre Lamberti', 'Museo Conte', 'Museo Radio']",Torre Lamberti,strategy_nearest,True,0.0021970272064208984,success
046337429C4C80,2,['Casa Giulietta'],Torre Lamberti,"['Sighseeing', 'Centro Fotografia', 'Museo Conte', 'Palazzo della Ragione', 'AMO']",Teatro Romano,strategy_nearest,False,0.002907991409301758,success
04633A3A9C4C80,1,"['Teatro Romano', 'Duomo']",Santa Anastasia,"['AMO', 'Museo Conte', 'Palazzo della Ragione', 'Centro Fotografia', 'Torre Lamberti']",Arena,strategy_nearest,False,0.0033278465270996094,success
04633B3A9C4C80,0,['Arena'],Casa Giulietta,"['Centro Fotografia', 'Sighseeing', 'Torre Lamberti', 'Museo Conte', 'Museo Radio']",Duomo,strategy_nearest,False,0.0023260116577148438,success
046369429C4C80,0,['Castelvecchio'],Arena,"['Verona Tour', 'Museo Lapidario', 'Museo Radio', 'San Fermo', 'Casa Giulietta']",Casa Giulietta,strategy_nearest,True,0.002814054489135742,success
046365429C4C80,0,['San Zeno'],Castelvecchio,"['Museo Lapidario', 'Verona Tour', 'Arena', 'Museo Radio', 'Sighseeing']",Arena,strategy_nearest,True,0.002290010452270508,success
0463743A9C4C80,2,['San Fermo'],Casa Giulietta,"['Centro Fotografia', 'Sighseeing', 'Torre Lamberti', 'Museo Conte', 'Museo Radio']",Castelvecchio,strategy_nearest,False,0.003159761428833008,success
04636D429C4C80,0,['Arena'],Casa Giulietta,"['Centro Fotografia', 'Sighseeing', 'Torre Lamberti', 'Museo Conte', 'Museo Radio']",Torre Lamberti,strategy_nearest,True,0.003228902816772461,success
04638A3A9C4C80,0,"['Arena', 'Torre Lamberti']",Casa Giulietta,"['Centro Fotografia', 'Sighseeing', 'Museo Conte', 'Museo Radio', 'Palazzo della Ragione']",Teatro Romano,strategy_nearest,False,0.0025391578674316406,success
0463803A9C4C80,0,['Arena'],Castelvecchio,"['Museo Lapidario', 'Verona Tour', 'Museo Radio', 'San Zeno', 'Sighseeing']",Teatro Romano,strategy_nearest,False,0.0019888877868652344,success
046386429C4C80,1,"['Arena', 'San Fermo', 'Casa Giulietta', 'Torre Lamberti']",Palazzo della Ragione,"['AMO', 'Museo Conte', 'Centro Fotografia', 'Sighseeing', 'Santa Anastasia']",Santa Anastasia,strategy_nearest,True,0.0033249855041503906,success
0463753A9C4C80,3,"['Torre Lamberti', 'Casa Giulietta']",Duomo,"['AMO', 'Museo Miniscalchi', 'Santa Anastasia', 'Teatro Romano', 'Palazzo della Ragione']",Teatro Romano,strategy_nearest,True,0.002583026885986328,success
0463A8429C4C80,1,"['Arena', 'Casa Giulietta']",Palazzo della Ragione,"['AMO', 'Museo Conte', 'Torre Lamberti', 'Centro Fotografia', 'Sighseeing']",Torre Lamberti,strategy_nearest,True,0.003217935562133789,success
04638F4A9C4C80,0,['Arena'],Santa Anastasia,"['AMO', 'Museo Conte', 'Palazzo della Ragione', 'Teatro Romano', 'Centro Fotografia']",Casa Giulietta,strategy_nearest,False,0.0027921199798583984,success
0463A672743380,1,"['Arena', 'Palazzo della Ragione', 'Torre Lamberti']",San Zeno,"['Castelvecchio', 'Verona Tour', 'Museo Lapidario', 'Museo Miniscalchi', 'Sighseeing']",Castelvecchio,strategy_nearest,True,0.0027010440826416016,success
04638A429C4C80,0,['Arena'],Casa Giulietta,"['Centro Fotografia', 'Sighseeing', 'Torre Lamberti', 'Museo Conte', 'Museo Radio']",Duomo,strategy_nearest,False,0.0021529197692871094,success
0463BD429C4C80,0,"['Arena', 'Casa Giulietta']",Torre Lamberti,"['Sighseeing', 'Centro Fotografia', 'Museo Conte', 'Palazzo della Ragione', 'AMO']",Castelvecchio,strategy_nearest,False,0.0013780593872070312,success
0463BF429C4C80,1,"['Arena', 'Palazzo della Ragione']",Torre Lamberti,"['Sighseeing', 'Centro Fotografia', 'Museo Conte', 'Casa Giulietta', 'AMO']",Casa Giulietta,strategy_nearest,True,0.0020940303802490234,success
0463DB3A9C4C80,1,"['Palazzo della Ragione', 'Santa Anastasia', 'Torre Lamberti']",Casa Giulietta,"['Centro Fotografia', 'Sighseeing', 'Museo Conte', 'Museo Radio', 'San Fermo']",Arena,strategy_nearest,False,0.0032739639282226562,success
0463C2429C4C80,0,['Arena'],Torre Lamberti,"['Sighseeing', 'Centro Fotografia', 'Museo Conte', 'Casa Giulietta', 'Palazzo della Ragione']",Casa Giulietta,strategy_nearest,True,0.0027899742126464844,success
0463DC3A9C4C80,2,['Torre Lamberti'],Santa Anastasia,"['AMO', 'Museo Conte', 'Palazzo della Ragione', 'Teatro Romano', 'Centro Fotografia']",Castelvecchio,strategy_nearest,False,0.0025632381439208984,success
0463EE429C4C80,0,['Arena'],Casa Giulietta,"['Centro Fotografia', 'Sighseeing', 'Torre Lamberti', 'Museo Conte', 'Museo Radio']",Santa Anastasia,strategy_nearest,False,0.0033791065216064453,success
0463F13A9C4C80,1,['Arena'],Torre Lamberti,"['Sighseeing', 'Centro Fotografia', 'Museo Conte', 'Casa Giulietta', 'Palazzo della Ragione']",Palazzo della Ragione,strategy_nearest,True,0.0020749568939208984,success
0463F43A9C4C80,0,['Palazzo della Ragione'],Casa Giulietta,"['Centro Fotografia', 'Sighseeing', 'Torre Lamberti', 'Museo Conte', 'Museo Radio']",Arena,strategy_nearest,False,0.0031838417053222656,success
0464133A9C4C84,0,"['Arena', 'Torre Lamberti']",Casa Giulietta,"['Centro Fotografia', 'Sighseeing', 'Museo Conte', 'Museo Radio', 'Palazzo della Ragione']",Teatro Romano,strategy_nearest,False,0.003223896026611328,success
0464203A9C4C84,0,['Arena'],Casa Giulietta,"['Centro Fotografia', 'Sighseeing', 'Torre Lamberti', 'Museo Conte', 'Museo Radio']",Castelvecchio,strategy_nearest,False,0.0032799243927001953,success
04641B3A9C4C80,3,"['Arena', 'San Fermo']",Santa Anastasia,"['AMO', 'Museo Conte', 'Palazzo della Ragione', 'Teatro Romano', 'Centro Fotografia']",Casa Giulietta,strategy_nearest,False,0.002774953842163086,success
04641F429C4C84,1,"['Arena', 'Casa Giulietta']",Palazzo della Ragione,"['AMO', 'Museo Conte', 'Torre Lamberti', 'Centro Fotografia', 'Sighseeing']",Santa Anastasia,strategy_nearest,False,0.0027420520782470703,success
04643A3A9C4C80,2,"['Torre Lamberti', 'Casa Giulietta']",Santa Anastasia,"['AMO', 'Museo Conte', 'Palazzo della Ragione', 'Teatro Romano', 'Centro Fotografia']",Duomo,strategy_nearest,False,0.0020928382873535156,success
04643C3A9C4C80,0,['Arena'],Casa Giulietta,"['Centro Fotografia', 'Sighseeing', 'Torre Lamberti', 'Museo Conte', 'Museo Radio']",Teatro Romano,strategy_nearest,False,0.0032491683959960938,success
046430429C4C80,0,"['Arena', 'Torre Lamberti']",Casa Giulietta,"['Centro Fotografia', 'Sighseeing', 'Museo Conte', 'Museo Radio', 'Palazzo della Ragione']",Teatro Romano,strategy_nearest,False,0.002733945846557617,success
0464253A9C4C84,0,['Casa Giulietta'],Palazzo della Ragione,"['AMO', 'Museo Conte', 'Torre Lamberti', 'Centro Fotografia', 'Sighseeing']",Arena,strategy_nearest,False,0.00275421142578125,success
046474429C4C80,3,"['Arena', 'Torre Lamberti', 'Duomo']",Teatro Romano,"['Santa Anastasia', 'AMO', 'Palazzo della Ragione', 'Museo Conte', 'Centro Fotografia']",Casa Giulietta,strategy_nearest,False,0.0020689964294433594,success
0464733A9C4C80,3,"['Arena', 'Casa Giulietta']",Santa Anastasia,"['AMO', 'Museo Conte', 'Palazzo della Ragione', 'Teatro Romano', 'Centro Fotografia']",Duomo,strategy_nearest,False,0.00150299072265625,success
0464713A9C4C80,0,['Tomba Giulietta'],Arena,"['Verona Tour', 'Museo Lapidario', 'Museo Radio', 'San Fermo', 'Casa Giulietta']",Casa Giulietta,strategy_nearest,True,0.002847909927368164,success
046479429C4C80,1,"['Arena', 'Castelvecchio', 'Casa Giulietta']",Palazzo della Ragione,"['AMO', 'Museo Conte', 'Torre Lamberti', 'Centro Fotografia', 'Sighseeing']",Santa Anastasia,strategy_nearest,False,0.003505229949951172,success
04647C4A9C4C80,0,['Torre Lamberti'],Duomo,"['AMO', 'Museo Miniscalchi', 'Santa Anastasia', 'Teatro Romano', 'Palazzo della Ragione']",Arena,strategy_nearest,False,0.0024666786193847656,success
04647D429C4C80,0,['Arena'],Casa Giulietta,"['Centro Fotografia', 'Sighseeing', 'Torre Lamberti', 'Museo Conte', 'Museo Radio']",Teatro Romano,strategy_nearest,False,0.0025839805603027344,success
046480429C4C80,1,['Arena'],Torre Lamberti,"['Sighseeing', 'Centro Fotografia', 'Museo Conte', 'Casa Giulietta', 'Palazzo della Ragione']",Palazzo della Ragione,strategy_nearest,True,0.003376007080078125,success
0464843A9C4C80,0,['Museo Lapidario'],Arena,"['Verona Tour', 'Museo Radio', 'San Fermo', 'Casa Giulietta', 'Sighseeing']",Torre Lamberti,strategy_nearest,False,0.002434968948364258,success
0464823A9C4C80,2,['Castelvecchio'],Duomo,"['AMO', 'Museo Miniscalchi', 'Santa Anastasia', 'Teatro Romano', 'Palazzo della Ragione']",San Fermo,strategy_nearest,False,0.0034940242767333984,success
04648F4A9C4C80,0,['Arena'],Castelvecchio,"['Museo Lapidario', 'Verona Tour', 'Museo Radio', 'San Zeno', 'Sighseeing']",Casa Giulietta,strategy_nearest,False,0.0024559497833251953,success
04648B3A9C4C80,1,['Torre Lamberti'],Palazzo della Ragione,"['AMO', 'Museo Conte', 'Centro Fotografia', 'Sighseeing', 'Santa Anastasia']",Arena,strategy_nearest,False,0.003489971160888672,success
046492429C4C80,1,"['Arena', 'Museo Lapidario', 'Castelvecchio']",Casa Giulietta,"['Centro Fotografia', 'Sighseeing', 'Torre Lamberti', 'Museo Conte', 'Museo Radio']",Torre Lamberti,strategy_nearest,True,0.0017740726470947266,success
046497429C4C80,1,"['Arena', 'Casa Giulietta']",Torre Lamberti,"['Sighseeing', 'Centro Fotografia', 'Museo Conte', 'Palazzo della Ragione', 'AMO']",Palazzo della Ragione,strategy_nearest,True,0.0028390884399414062,success
0464A8429C4C80,1,"['Casa Giulietta', 'Arena']",Castelvecchio,"['Museo Lapidario', 'Verona Tour', 'Museo Radio', 'San Zeno', 'Sighseeing']",San Fermo,strategy_nearest,False,0.0026407241821289062,success
0464A83A9C4C80,3,"['Arena', 'Torre Lamberti', 'Casa Giulietta']",Santa Anastasia,"['AMO', 'Museo Conte', 'Palazzo della Ragione', 'Teatro Romano', 'Centro Fotografia']",Duomo,strategy_nearest,False,0.003337860107421875,success
0464B73A9C4C80,4,"['Duomo', 'Torre Lamberti', 'Casa Giulietta']",Arena,"['Verona Tour', 'Museo Lapidario', 'Museo Radio', 'San Fermo', 'Sighseeing']",Castelvecchio,strategy_nearest,False,0.0024251937866210938,success
0464AC429C4C80,2,['Casa Giulietta'],Castelvecchio,"['Museo Lapidario', 'Verona Tour', 'Arena', 'Museo Radio', 'San Zeno']",Palazzo della Ragione,strategy_nearest,False,0.0034661293029785156,success
0464AF429C4C80,3,['Castelvecchio'],Torre Lamberti,"['Sighseeing', 'Centro Fotografia', 'Museo Conte', 'Casa Giulietta', 'Palazzo della Ragione']",Santa Anastasia,strategy_nearest,False,0.0025207996368408203,success
0464B5429C4C80,0,['Arena'],Casa Giulietta,"['Centro Fotografia', 'Sighseeing', 'Torre Lamberti', 'Museo Conte', 'Museo Radio']",Santa Anastasia,strategy_nearest,False,0.0033800601959228516,success
0464C3429C4C80,0,['Arena'],San Fermo,"['Museo Storia', 'Museo Radio', 'Casa Giulietta', 'Centro Fotografia', 'Sighseeing']",Torre Lamberti,strategy_nearest,False,0.0025691986083984375,success
0464BA3A9C4C80,3,"['Santa Anastasia', 'Torre Lamberti']",Casa Giulietta,"['Centro Fotografia', 'Sighseeing', 'Museo Conte', 'Museo Radio', 'Palazzo della Ragione']",Teatro Romano,strategy_nearest,False,0.0021262168884277344,success
0464BA429C4C80,1,"['Castelvecchio', 'San Zeno', 'Teatro Romano', 'Santa Anastasia']",Torre Lamberti,"['Sighseeing', 'Centro Fotografia', 'Museo Conte', 'Casa Giulietta', 'Palazzo della Ragione']",Palazzo della Ragione,strategy_nearest,True,0.0035409927368164062,success
0464CA429C4C80,0,['Arena'],Torre Lamberti,"['Sighseeing', 'Centro Fotografia', 'Museo Conte', 'Casa Giulietta', 'Palazzo della Ragione']",Casa Giulietta,strategy_nearest,True,0.0020599365234375,success
0464C7429C4C80,1,['Casa Giulietta'],Palazzo della Ragione,"['AMO', 'Museo Conte', 'Torre Lamberti', 'Centro Fotografia', 'Sighseeing']",Teatro Romano,strategy_nearest,False,0.0035698413848876953,success
0464EB429C4C80,0,['Arena'],Casa Giulietta,"['Centro Fotografia', 'Sighseeing', 'Torre Lamberti', 'Museo Conte', 'Museo Radio']",Santa Anastasia,strategy_nearest,False,0.002613067626953125,success
0464FF3A9C4C80,1,['Arena'],Torre Lamberti,"['Sighseeing', 'Centro Fotografia', 'Museo Conte', 'Casa Giulietta', 'Palazzo della Ragione']",Palazzo della Ragione,strategy_nearest,True,0.001971006393432617,success
0464F23A9C4C80,0,['Castelvecchio'],Torre Lamberti,"['Sighseeing', 'Centro Fotografia', 'Museo Conte', 'Casa Giulietta', 'Palazzo della Ragione']",Casa Giulietta,strategy_nearest,True,0.0033130645751953125,success
046512429C4C84,0,"['Casa Giulietta', 'Torre Lamberti', 'Museo Lapidario']",Giardino Giusti,"['Santa Anastasia', 'Teatro Romano', 'Museo Conte', 'Centro Fotografia', 'Museo Storia']",Teatro Romano,strategy_nearest,True,0.0025751590728759766,success
04650D429C4C84,0,['Arena'],Castelvecchio,"['Museo Lapidario', 'Verona Tour', 'Museo Radio', 'San Zeno', 'Sighseeing']",Casa Giulietta,strategy_nearest,False,0.003103971481323242,success
0465193A9C4C84,0,['Arena'],Castelvecchio,"['Museo Lapidario', 'Verona Tour', 'Museo Radio', 'San Zeno', 'Sighseeing']",Casa Giulietta,strategy_nearest,False,0.0025501251220703125,success
0465194A9C4C80,1,"['Arena', 'San Zeno', 'Tomba Giulietta', 'San Fermo']",Torre Lamberti,"['Sighseeing', 'Centro Fotografia', 'Museo Conte', 'Casa Giulietta', 'Palazzo della Ragione']",Palazzo della Ragione,strategy_nearest,True,0.003214120864868164,success
04651F3A9C4C84,1,"['Teatro Romano', 'Torre Lamberti', 'Palazzo della Ragione']",Santa Anastasia,"['AMO', 'Museo Conte', 'Centro Fotografia', 'Duomo', 'Sighseeing']",Duomo,strategy_nearest,True,0.0028557777404785156,success
0465234A9C4C80,1,"['Castelvecchio', 'Torre Lamberti', 'Palazzo della Ragione']",Arena,"['Verona Tour', 'Museo Lapidario', 'Museo Radio', 'San Fermo', 'Casa Giulietta']",Giardino Giusti,strategy_nearest,False,0.002780914306640625,success
04651D3A9C4C84,1,"['Arena', 'Casa Giulietta']",Torre Lamberti,"['Sighseeing', 'Centro Fotografia', 'Museo Conte', 'Palazzo della Ragione', 'AMO']",Palazzo della Ragione,strategy_nearest,True,0.0018360614776611328,success
046530429C4C80,3,"['Arena', 'Castelvecchio']",San Zeno,"['Verona Tour', 'Museo Lapidario', 'Museo Miniscalchi', 'Sighseeing', 'Museo Radio']",Duomo,strategy_nearest,False,0.0030279159545898438,success
0465463A9C4C80,3,"['Arena', 'Casa Giulietta']",San Fermo,"['Museo Storia', 'Museo Radio', 'Centro Fotografia', 'Sighseeing', 'Torre Lamberti']",Santa Anastasia,strategy_nearest,False,0.0020308494567871094,success
0465853A9C4C80,1,"['Tomba Giulietta', 'Arena', 'Casa Giulietta']",Torre Lamberti,"['Sighseeing', 'Centro Fotografia', 'Museo Conte', 'Palazzo della Ragione', 'AMO']",Palazzo della Ragione,strategy_nearest,True,0.0025129318237304688,success
0465713A9C4C80,1,"['Tomba Giulietta', 'Arena']",Casa Giulietta,"['Centro Fotografia', 'Sighseeing', 'Torre Lamberti', 'Museo Conte', 'Museo Radio']",Torre Lamberti,strategy_nearest,True,0.0028290748596191406,success
04657E4A9C4C80,0,['Arena'],Casa Giulietta,"['Centro Fotografia', 'Sighseeing', 'Torre Lamberti', 'Museo Conte', 'Museo Radio']",Torre Lamberti,strategy_nearest,True,0.003389120101928711,success
0465A372743380,0,"['San Fermo', 'Casa Giulietta']",Torre Lamberti,"['Sighseeing', 'Centro Fotografia', 'Museo Conte', 'Palazzo della Ragione', 'AMO']",Teatro Romano,strategy_nearest,False,0.0020759105682373047,success
04658E4A9C4C80,0,"['Arena', 'Torre Lamberti']",Casa Giulietta,"['Centro Fotografia', 'Sighseeing', 'Museo Conte', 'Museo Radio', 'Palazzo della Ragione']",Teatro Romano,strategy_nearest,False,0.0027561187744140625,success
0465A872743380,3,"['Casa Giulietta', 'Tomba Giulietta', 'Castelvecchio']",Teatro Romano,"['Santa Anastasia', 'Duomo', 'AMO', 'Palazzo della Ragione', 'Museo Conte']",Santa Anastasia,strategy_nearest,True,0.0027511119842529297,success
0465A83A9C4C80,0,['Arena'],Casa Giulietta,"['Centro Fotografia', 'Sighseeing', 'Torre Lamberti', 'Museo Conte', 'Museo Radio']",Duomo,strategy_nearest,False,0.0034623146057128906,success
0465B33A9C4C80,0,['Torre Lamberti'],Casa Giulietta,"['Centro Fotografia', 'Sighseeing', 'Museo Conte', 'Museo Radio', 'Palazzo della Ragione']",Teatro Romano,strategy_nearest,False,0.0027451515197753906,success
0465AB3A9C4C80,0,"['Arena', 'Casa Giulietta']",Torre Lamberti,"['Sighseeing', 'Centro Fotografia', 'Museo Conte', 'Palazzo della Ragione', 'AMO']",Castelvecchio,strategy_nearest,False,0.0034661293029785156,success
0465BA429C4C80,0,['Arena'],Casa Giulietta,"['Centro Fotografia', 'Sighseeing', 'Torre Lamberti', 'Museo Conte', 'Museo Radio']",Torre Lamberti,strategy_nearest,True,0.003376007080078125,success
0465C1429C4C80,1,"['Arena', 'Museo Lapidario', 'Casa Giulietta']",Torre Lamberti,"['Sighseeing', 'Centro Fotografia', 'Museo Conte', 'Palazzo della Ragione', 'AMO']",Santa Anastasia,strategy_nearest,False,0.0025839805603027344,success
0465F53A9C4C80,1,"['Arena', 'Tomba Giulietta', 'Casa Giulietta']",Palazzo della Ragione,"['AMO', 'Museo Conte', 'Torre Lamberti', 'Centro Fotografia', 'Sighseeing']",Torre Lamberti,strategy_nearest,True,0.002625703811645508,success
0465C8429C4C80,0,['Arena'],Casa Giulietta,"['Centro Fotografia', 'Sighseeing', 'Torre Lamberti', 'Museo Conte', 'Museo Radio']",Torre Lamberti,strategy_nearest,True,0.0024068355560302734,success
0466033A9C4C84,0,['Arena'],Castelvecchio,"['Museo Lapidario', 'Verona Tour', 'Museo Radio', 'San Zeno', 'Sighseeing']",Torre Lamberti,strategy_nearest,False,0.002561807632446289,success
04660F429C4C84,1,['Casa Giulietta'],Torre Lamberti,"['Sighseeing', 'Centro Fotografia', 'Museo Conte', 'Palazzo della Ragione', 'AMO']",Palazzo della Ragione,strategy_nearest,True,0.003031015396118164,success
0466233A9C4C84,3,"['Casa Giulietta', 'Arena']",Santa Anastasia,"['AMO', 'Museo Conte', 'Palazzo della Ragione', 'Teatro Romano', 'Centro Fotografia']",Teatro Romano,strategy_nearest,True,0.0034618377685546875,success
046636429C4C80,3,"['Arena', 'Casa Giulietta']",Torre Lamberti,"['Sighseeing', 'Centro Fotografia', 'Museo Conte', 'Palazzo della Ragione', 'AMO']",Santa Anastasia,strategy_nearest,False,0.0019571781158447266,success
046638429C4C80,0,['Arena'],Torre Lamberti,"['Sighseeing', 'Centro Fotografia', 'Museo Conte', 'Casa Giulietta', 'Palazzo della Ragione']",Casa Giulietta,strategy_nearest,True,0.003168821334838867,success
0466183A9C4C80,0,['Castelvecchio'],Arena,"['Verona Tour', 'Museo Lapidario', 'Museo Radio', 'San Fermo', 'Casa Giulietta']",Casa Giulietta,strategy_nearest,True,0.0020322799682617188,success
0466463A9C4C80,3,"['Casa Giulietta', 'Torre Lamberti']",Santa Anastasia,"['AMO', 'Museo Conte', 'Palazzo della Ragione', 'Teatro Romano', 'Centro Fotografia']",Duomo,strategy_nearest,False,0.0017561912536621094,success
046658BA7B3F80,3,"['Teatro Romano', 'Duomo', 'Santa Anastasia']",Torre Lamberti,"['Sighseeing', 'Centro Fotografia', 'Museo Conte', 'Casa Giulietta', 'Palazzo della Ragione']",Casa Giulietta,strategy_nearest,True,0.002624034881591797,success
046670429C4C80,3,"['Teatro Romano', 'Duomo', 'Torre Lamberti']",Casa Giulietta,"['Centro Fotografia', 'Sighseeing', 'Museo Conte', 'Museo Radio', 'Palazzo della Ragione']",San Fermo,strategy_nearest,False,0.002997875213623047,success
0466783A9C4C80,3,"['Casa Giulietta', 'Torre Lamberti']",Castelvecchio,"['Museo Lapidario', 'Verona Tour', 'Arena', 'Museo Radio', 'San Zeno']",Arena,strategy_nearest,True,0.0032122135162353516,success
0466793A9C4C80,0,['Arena'],Casa Giulietta,"['Centro Fotografia', 'Sighseeing', 'Torre Lamberti', 'Museo Conte', 'Museo Radio']",Teatro Romano,strategy_nearest,False,0.0033578872680664062,success
04667A4A9C4C80,0,['Arena'],Castelvecchio,"['Museo Lapidario', 'Verona Tour', 'Museo Radio', 'San Zeno', 'Sighseeing']",San Zeno,strategy_nearest,True,0.003592967987060547,success
04667D4A9C4C80,0,['Arena'],Casa Giulietta,"['Centro Fotografia', 'Sighseeing', 'Torre Lamberti', 'Museo Conte', 'Museo Radio']",Tomba Giulietta,strategy_nearest,False,0.0020139217376708984,success
04667B4A9C4C80,0,"['Arena', 'Castelvecchio']",Torre Lamberti,"['Sighseeing', 'Centro Fotografia', 'Museo Conte', 'Casa Giulietta', 'Palazzo della Ragione']",Casa Giulietta,strategy_nearest,True,0.002701997756958008,success
04667E429C4C80,3,['Arena'],Casa Giulietta,"['Centro Fotografia', 'Sighseeing', 'Torre Lamberti', 'Museo Conte', 'Museo Radio']",Torre Lamberti,strategy_nearest,True,0.0032958984375,success
046680429C4C80,3,"['Arena', 'Casa Giulietta']",San Fermo,"['Museo Storia', 'Museo Radio', 'Centro Fotografia', 'Sighseeing', 'Torre Lamberti']",Duomo,strategy_nearest,False,0.0028510093688964844,success
0466803A9C4C80,3,"['Arena', 'San Fermo']",Casa Giulietta,"['Centro Fotografia', 'Sighseeing', 'Torre Lamberti', 'Museo Conte', 'Museo Radio']",Torre Lamberti,strategy_nearest,True,0.0026717185974121094,success
0466823A9C4C80,3,"['San Fermo', 'San Fermo', 'Arena', 'Tomba Giulietta']",Casa Giulietta,"['Centro Fotografia', 'Sighseeing', 'Torre Lamberti', 'Museo Conte', 'Museo Radio']",Torre Lamberti,strategy_nearest,True,0.0034842491149902344,success
046682429C4C80,3,"['Arena', 'Torre Lamberti']",Santa Anastasia,"['AMO', 'Museo Conte', 'Palazzo della Ragione', 'Teatro Romano', 'Centro Fotografia']",Teatro Romano,strategy_nearest,True,0.002679109573364258,success
046688429C4C80,1,"['Arena', 'Torre Lamberti', 'Palazzo della Ragione']",Casa Giulietta,"['Centro Fotografia', 'Sighseeing', 'Museo Conte', 'Museo Radio', 'San Fermo']",Santa Anastasia,strategy_nearest,False,0.0026917457580566406,success
04668A4A9C4C80,2,"['Torre Lamberti', 'Casa Giulietta']",Castelvecchio,"['Museo Lapidario', 'Verona Tour', 'Arena', 'Museo Radio', 'San Zeno']",San Zeno,strategy_nearest,True,0.0034639835357666016,success
046695429C4C80,0,"['Arena', 'Casa Giulietta']",Torre Lamberti,"['Sighseeing', 'Centro Fotografia', 'Museo Conte', 'Palazzo della Ragione', 'AMO']",Castelvecchio,strategy_nearest,False,0.00273895263671875,success
0466A3429C4C80,3,"['Arena', 'Castelvecchio']",Santa Anastasia,"['AMO', 'Museo Conte', 'Palazzo della Ragione', 'Teatro Romano', 'Centro Fotografia']",Duomo,strategy_nearest,False,0.0035352706909179688,success
0466A9429C4C80,3,"['Arena', 'Casa Giulietta']",Santa Anastasia,"['AMO', 'Museo Conte', 'Palazzo della Ragione', 'Teatro Romano', 'Centro Fotografia']",Duomo,strategy_nearest,False,0.0024602413177490234,success
0466AE429C4C80,0,['Arena'],Casa Giulietta,"['Centro Fotografia', 'Sighseeing', 'Torre Lamberti', 'Museo Conte', 'Museo Radio']",Palazzo della Ragione,strategy_nearest,False,0.0026290416717529297,success
0466AF429C4C80,1,"['Torre Lamberti', 'Palazzo della Ragione', 'Casa Giulietta']",Arena,"['Verona Tour', 'Museo Lapidario', 'Museo Radio', 'San Fermo', 'Sighseeing']",Duomo,strategy_nearest,False,0.0035009384155273438,success
0466B8429C4C80,3,"['Arena', 'Torre Lamberti']",Santa Anastasia,"['AMO', 'Museo Conte', 'Palazzo della Ragione', 'Teatro Romano', 'Centro Fotografia']",Casa Giulietta,strategy_nearest,False,0.0026721954345703125,success
0466B63A9C4C80,3,"['Museo Storia', 'San Fermo', 'Torre Lamberti', 'Santa Anastasia']",Duomo,"['AMO', 'Museo Miniscalchi', 'Teatro Romano', 'Palazzo della Ragione', 'Museo Conte']",Casa Giulietta,strategy_nearest,False,0.0033681392669677734,success
0466E23A9C4C80,3,['Santa Anastasia'],Duomo,"['AMO', 'Museo Miniscalchi', 'Teatro Romano', 'Palazzo della Ragione', 'Museo Conte']",Casa Giulietta,strategy_nearest,False,0.0033206939697265625,success
0466F33A9C4C80,1,"['Castelvecchio', 'Arena', 'Casa Giulietta', 'Palazzo della Ragione']",Torre Lamberti,"['Sighseeing', 'Centro Fotografia', 'Museo Conte', 'AMO', 'Museo Miniscalchi']",Santa Anastasia,strategy_nearest,False,0.0029211044311523438,success
0467183A9C4C84,0,['Arena'],Santa Anastasia,"['AMO', 'Museo Conte', 'Palazzo della Ragione', 'Teatro Romano', 'Centro Fotografia']",Castelvecchio,strategy_nearest,False,0.0023679733276367188,success
0466F03A9C4C80,0,"['Arena', 'Torre Lamberti']",Casa Giulietta,"['Centro Fotografia', 'Sighseeing', 'Museo Conte', 'Museo Radio', 'Palazzo della Ragione']",Teatro Romano,strategy_nearest,False,0.0025310516357421875,success
04670E3A9C4C84,3,"['Arena', 'Torre Lamberti']",Casa Giulietta,"['Centro Fotografia', 'Sighseeing', 'Museo Conte', 'Museo Radio', 'Palazzo della Ragione']",Santa Anastasia,strategy_nearest,False,0.002496957778930664,success
046730429C4C80,0,['Casa Giulietta'],Arena,"['Verona Tour', 'Museo Lapidario', 'Museo Radio', 'San Fermo', 'Sighseeing']",Duomo,strategy_nearest,False,0.0027441978454589844,success
0467333A9C4C80,0,['Arena'],Casa Giulietta,"['Centro Fotografia', 'Sighseeing', 'Torre Lamberti', 'Museo Conte', 'Museo Radio']",Torre Lamberti,strategy_nearest,True,0.0020987987518310547,success
0467234A9C4C80,1,"['Castelvecchio', 'Arena', 'Museo Lapidario']",Torre Lamberti,"['Sighseeing', 'Centro Fotografia', 'Museo Conte', 'Casa Giulietta', 'Palazzo della Ragione']",Palazzo della Ragione,strategy_nearest,True,0.002833843231201172,success
046736429C4C80,0,['Arena'],Torre Lamberti,"['Sighseeing', 'Centro Fotografia', 'Museo Conte', 'Casa Giulietta', 'Palazzo della Ragione']",Castelvecchio,strategy_nearest,False,0.0034978389739990234,success
046742429C4C80,0,['Arena'],Casa Giulietta,"['Centro Fotografia', 'Sighseeing', 'Torre Lamberti', 'Museo Conte', 'Museo Radio']",Duomo,strategy_nearest,False,0.0018460750579833984,success
046744429C4C80,3,['Torre Lamberti'],Santa Anastasia,"['AMO', 'Museo Conte', 'Palazzo della Ragione', 'Teatro Romano', 'Centro Fotografia']",Duomo,strategy_nearest,False,0.003489971160888672,success
046764429C4C80,1,"['Torre Lamberti', 'Palazzo della Ragione', 'Casa Giulietta']",Arena,"['Verona Tour', 'Museo Lapidario', 'Museo Radio', 'San Fermo', 'Sighseeing']",Teatro Romano,strategy_nearest,False,0.0032308101654052734,success
04677C429C4C80,0,['Arena'],Casa Giulietta,"['Centro Fotografia', 'Sighseeing', 'Torre Lamberti', 'Museo Conte', 'Museo Radio']",Castelvecchio,strategy_nearest,False,0.001870870590209961,success
0467893A9C4C80,1,"['Casa Giulietta', 'San Fermo']",Arena,"['Verona Tour', 'Museo Lapidario', 'Museo Radio', 'Sighseeing', 'Castelvecchio']",Castelvecchio,strategy_nearest,True,0.0025620460510253906,success
04677E429C4C80,3,"['Arena', 'Casa Giulietta', 'Santa Anastasia']",Duomo,"['AMO', 'Museo Miniscalchi', 'Teatro Romano', 'Palazzo della Ragione', 'Museo Conte']",Teatro Romano,strategy_nearest,True,0.0030548572540283203,success
04678D429C4C80,1,['Arena'],Torre Lamberti,"['Sighseeing', 'Centro Fotografia', 'Museo Conte', 'Casa Giulietta', 'Palazzo della Ragione']",Palazzo della Ragione,strategy_nearest,True,0.0029671192169189453,success
04678A429C4C80,0,['Arena'],Casa Giulietta,"['Centro Fotografia', 'Sighseeing', 'Torre Lamberti', 'Museo Conte', 'Museo Radio']",Teatro Romano,strategy_nearest,False,0.0027201175689697266,success
046793429C4C80,3,"['Arena', 'Casa Giulietta']",Santa Anastasia,"['AMO', 'Museo Conte', 'Palazzo della Ragione', 'Teatro Romano', 'Centro Fotografia']",Duomo,strategy_nearest,False,0.0026171207427978516,success
0467AD429C4C80,3,"['Arena', 'Casa Giulietta']",Santa Anastasia,"['AMO', 'Museo Conte', 'Palazzo della Ragione', 'Teatro Romano', 'Centro Fotografia']",Duomo,strategy_nearest,False,0.004342794418334961,success
0467B4429C4C80,0,['Arena'],Casa Giulietta,"['Centro Fotografia', 'Sighseeing', 'Torre Lamberti', 'Museo Conte', 'Museo Radio']",Torre Lamberti,strategy_nearest,True,0.002103090286254883,success
0467BD429C4C80,1,"['Arena', 'Casa Giulietta', 'Palazzo della Ragione']",Torre Lamberti,"['Sighseeing', 'Centro Fotografia', 'Museo Conte', 'AMO', 'Museo Miniscalchi']",Santa Anastasia,strategy_nearest,False,0.00222015380859375,success
0467B83A9C4C80,1,"['Arena', 'Torre Lamberti', 'Palazzo della Ragione']",Santa Anastasia,"['AMO', 'Museo Conte', 'Teatro Romano', 'Centro Fotografia', 'Duomo']",Duomo,strategy_nearest,True,0.002373218536376953,success
0467C4429C4C80,3,"['Arena', 'Casa Giulietta']",Santa Anastasia,"['AMO', 'Museo Conte', 'Palazzo della Ragione', 'Teatro Romano', 'Centro Fotografia']",Duomo,strategy_nearest,False,0.0021097660064697266,success
0467FE3A9C4C80,0,['Arena'],Castelvecchio,"['Museo Lapidario', 'Verona Tour', 'Museo Radio', 'San Zeno', 'Sighseeing']",Teatro Romano,strategy_nearest,False,0.002118825912475586,success
0467EF3A9C4C80,0,['Arena'],Casa Giulietta,"['Centro Fotografia', 'Sighseeing', 'Torre Lamberti', 'Museo Conte', 'Museo Radio']",Torre Lamberti,strategy_nearest,True,0.003489971160888672,success
0468003A9C4C84,3,"['Teatro Romano', 'Santa Anastasia']",Torre Lamberti,"['Sighseeing', 'Centro Fotografia', 'Museo Conte', 'Casa Giulietta', 'Palazzo della Ragione']",San Fermo,strategy_nearest,False,0.003161907196044922,success
0468133A9C4C84,3,"['Arena', 'Torre Lamberti']",Santa Anastasia,"['AMO', 'Museo Conte', 'Palazzo della Ragione', 'Teatro Romano', 'Centro Fotografia']",San Zeno,strategy_nearest,False,0.003160238265991211,success
0468253A9C4C84,3,"['Teatro Romano', 'Duomo']",Torre Lamberti,"['Sighseeing', 'Centro Fotografia', 'Museo Conte', 'Casa Giulietta', 'Palazzo della Ragione']",Arena,strategy_nearest,False,0.0021257400512695312,success
046831429C4C80,1,"['Arena', 'Castelvecchio', 'Casa Giulietta']",Torre Lamberti,"['Sighseeing', 'Centro Fotografia', 'Museo Conte', 'Palazzo della Ragione', 'AMO']",Palazzo della Ragione,strategy_nearest,True,0.003412961959838867,success
04683D3A9C4C80,1,"['Torre Lamberti', 'Palazzo della Ragione', 'Casa Giulietta']",Arena,"['Verona Tour', 'Museo Lapidario', 'Museo Radio', 'San Fermo', 'Sighseeing']",Duomo,strategy_nearest,False,0.0024449825286865234,success
046870429C4C80,0,"['Casa Giulietta', 'Torre Lamberti']",Teatro Romano,"['Santa Anastasia', 'Duomo', 'AMO', 'Palazzo della Ragione', 'Museo Conte']",Tomba Giulietta,strategy_nearest,False,0.0037119388580322266,success
0468713A9C4C80,0,['Tomba Giulietta'],Arena,"['Verona Tour', 'Museo Lapidario', 'Museo Radio', 'San Fermo', 'Casa Giulietta']",Casa Giulietta,strategy_nearest,True,0.0018801689147949219,success
046862429C4C80,1,"['Arena', 'Casa Giulietta', 'Teatro Romano']",Santa Anastasia,"['AMO', 'Museo Conte', 'Palazzo della Ragione', 'Centro Fotografia', 'Duomo']",Castelvecchio,strategy_nearest,False,0.0025398731231689453,success
04687B3A9C4C80,1,"['Arena', 'Casa Giulietta']",Torre Lamberti,"['Sighseeing', 'Centro Fotografia', 'Museo Conte', 'Palazzo della Ragione', 'AMO']",Palazzo della Ragione,strategy_nearest,True,0.0033049583435058594,success
0468873A9C4C80,1,['Arena'],Torre Lamberti,"['Sighseeing', 'Centro Fotografia', 'Museo Conte', 'Casa Giulietta', 'Palazzo della Ragione']",Palazzo della Ragione,strategy_nearest,True,0.002732992172241211,success
04688F3A9C4C80,1,"['Arena', 'San Fermo', 'Palazzo della Ragione']",Torre Lamberti,"['Sighseeing', 'Centro Fotografia', 'Museo Conte', 'Casa Giulietta', 'AMO']",Casa Giulietta,strategy_nearest,True,0.0020601749420166016,success
046885429C4C80,0,"['Castelvecchio', 'San Zeno']",Arena,"['Verona Tour', 'Museo Lapidario', 'Museo Radio', 'San Fermo', 'Casa Giulietta']",Casa Giulietta,strategy_nearest,True,0.0033898353576660156,success
0468A83A9C4C80,1,"['Arena', 'Casa Giulietta', 'Santa Anastasia']",Teatro Romano,"['Duomo', 'AMO', 'Palazzo della Ragione', 'Museo Conte', 'Centro Fotografia']",Duomo,strategy_nearest,True,0.0021190643310546875,success
0468A372743380,0,"['San Fermo', 'Casa Giulietta']",Torre Lamberti,"['Sighseeing', 'Centro Fotografia', 'Museo Conte', 'Palazzo della Ragione', 'AMO']",Arena,strategy_nearest,False,0.0015361309051513672,success
04689B429C4C80,1,"['Castelvecchio', 'Arena']",Casa Giulietta,"['Centro Fotografia', 'Sighseeing', 'Torre Lamberti', 'Museo Conte', 'Museo Radio']",Casa Giulietta,strategy_nearest,False,0.004661083221435547,success
0468AA3A9C4C80,0,['Casa Giulietta'],Arena,"['Verona Tour', 'Museo Lapidario', 'Museo Radio', 'San Fermo', 'Sighseeing']",Castelvecchio,strategy_nearest,False,0.0031337738037109375,success
0468AD429C4C80,3,"['Torre Lamberti', 'Santa Anastasia']",Duomo,"['AMO', 'Museo Miniscalchi', 'Teatro Romano', 'Palazzo della Ragione', 'Museo Conte']",Casa Giulietta,strategy_nearest,False,0.0023651123046875,success
0468BC429C4C80,0,"['Casa Giulietta', 'Torre Lamberti']",Museo Storia,"['San Fermo', 'Museo Radio', 'Centro Fotografia', 'Tomba Giulietta', 'Arena']",Arena,strategy_nearest,True,0.0026268959045410156,success
0468B9429C4C80,3,"['Arena', 'Torre Lamberti']",Casa Giulietta,"['Centro Fotografia', 'Sighseeing', 'Museo Conte', 'Museo Radio', 'Palazzo della Ragione']",Santa Anastasia,strategy_nearest,False,0.0019669532775878906,success
0468C53A9C4C80,3,['Arena'],Casa Giulietta,"['Centro Fotografia', 'Sighseeing', 'Torre Lamberti', 'Museo Conte', 'Museo Radio']",Santa Anastasia,strategy_nearest,False,0.0022699832916259766,success
0468F53A9C4C80,3,"['Arena', 'Castelvecchio']",Teatro Romano,"['Santa Anastasia', 'Duomo', 'AMO', 'Palazzo della Ragione', 'Museo Conte']",Duomo,strategy_nearest,True,0.0023636817932128906,success
0468C5429C4C80,1,"['Arena', 'Casa Giulietta', 'Santa Anastasia']",Torre Lamberti,"['Sighseeing', 'Centro Fotografia', 'Museo Conte', 'Palazzo della Ragione', 'AMO']",Palazzo della Ragione,strategy_nearest,True,0.0027587413787841797,success
0468FF3A9C4C80,1,"['Torre Lamberti', 'Palazzo della Ragione']",Casa Giulietta,"['Centro Fotografia', 'Sighseeing', 'Museo Conte', 'Museo Radio', 'San Fermo']",Arena,strategy_nearest,False,0.0035941600799560547,success
0469013A9C4C84,3,"['Arena', 'San Fermo']",Casa Giulietta,"['Centro Fotografia', 'Sighseeing', 'Torre Lamberti', 'Museo Conte', 'Museo Radio']",Santa Anastasia,strategy_nearest,False,0.00255584716796875,success
046910429C4C80,1,"['Castelvecchio', 'Arena']",Casa Giulietta,"['Centro Fotografia', 'Sighseeing', 'Torre Lamberti', 'Museo Conte', 'Museo Radio']",Palazzo della Ragione,strategy_nearest,False,0.002556324005126953,success
0469193A9C4C84,0,['Arena'],Duomo,"['AMO', 'Museo Miniscalchi', 'Santa Anastasia', 'Teatro Romano', 'Palazzo della Ragione']",Tomba Giulietta,strategy_nearest,False,0.0026438236236572266,success
0469253A9C4C84,1,"['Arena', 'Casa Giulietta']",Castelvecchio,"['Museo Lapidario', 'Verona Tour', 'Museo Radio', 'San Zeno', 'Sighseeing']",Tomba Giulietta,strategy_nearest,False,0.0025908946990966797,success
046919429C4C84,0,['Castelvecchio'],Arena,"['Verona Tour', 'Museo Lapidario', 'Museo Radio', 'San Fermo', 'Casa Giulietta']",Casa Giulietta,strategy_nearest,True,0.0026330947875976562,success
04692F429C4C80,1,"['Casa Giulietta', 'San Fermo', 'Teatro Romano']",Santa Anastasia,"['AMO', 'Museo Conte', 'Palazzo della Ragione', 'Centro Fotografia', 'Duomo']",Palazzo della Ragione,strategy_nearest,True,0.0030150413513183594,success
0469723A9C4C80,1,"['Arena', 'Casa Giulietta']",Torre Lamberti,"['Sighseeing', 'Centro Fotografia', 'Museo Conte', 'Palazzo della Ragione', 'AMO']",Palazzo della Ragione,strategy_nearest,True,0.0027968883514404297,success
04697B3A9C4C80,0,['Arena'],Casa Giulietta,"['Centro Fotografia', 'Sighseeing', 'Torre Lamberti', 'Museo Conte', 'Museo Radio']",Torre Lamberti,strategy_nearest,True,0.0029549598693847656,success
04697F4A9C4C80,0,['Arena'],Casa Giulietta,"['Centro Fotografia', 'Sighseeing', 'Torre Lamberti', 'Museo Conte', 'Museo Radio']",Teatro Romano,strategy_nearest,False,0.003410816192626953,success
04697C3A9C4C80,1,"['Torre Lamberti', 'Palazzo della Ragione']",Santa Anastasia,"['AMO', 'Museo Conte', 'Teatro Romano', 'Centro Fotografia', 'Duomo']",Duomo,strategy_nearest,True,0.0023097991943359375,success
04698A429C4C80,3,"['Teatro Romano', 'Duomo']",Santa Anastasia,"['AMO', 'Museo Conte', 'Palazzo della Ragione', 'Centro Fotografia', 'Torre Lamberti']",Torre Lamberti,strategy_nearest,True,0.0021088123321533203,success
04698F429C4C80,0,['Casa Giulietta'],Arena,"['Verona Tour', 'Museo Lapidario', 'Museo Radio', 'San Fermo', 'Sighseeing']",Tomba Giulietta,strategy_nearest,False,0.0028650760650634766,success
0469853A9C4C80,3,"['Tomba Giulietta', 'Museo Lapidario', 'Castelvecchio']",Arena,"['Verona Tour', 'Museo Radio', 'San Fermo', 'Casa Giulietta', 'Sighseeing']",Casa Giulietta,strategy_nearest,True,0.0014660358428955078,success
0469A64A9C4C80,1,"['Casa Giulietta', 'Torre Lamberti']",Palazzo della Ragione,"['AMO', 'Museo Conte', 'Centro Fotografia', 'Sighseeing', 'Santa Anastasia']",Arena,strategy_nearest,False,0.0032770633697509766,success
0469A83A9C4C80,0,['Arena'],Casa Giulietta,"['Centro Fotografia', 'Sighseeing', 'Torre Lamberti', 'Museo Conte', 'Museo Radio']",Torre Lamberti,strategy_nearest,True,0.002296924591064453,success
0469AC429C4C80,0,['Arena'],Teatro Romano,"['Santa Anastasia', 'Duomo', 'AMO', 'Palazzo della Ragione', 'Museo Conte']",Castelvecchio,strategy_nearest,False,0.0034949779510498047,success
0469AD429C4C80,0,"['Castelvecchio', 'Arena']",Casa Giulietta,"['Centro Fotografia', 'Sighseeing', 'Torre Lamberti', 'Museo Conte', 'Museo Radio']",Torre Lamberti,strategy_nearest,True,0.003827810287475586,success
0469A8429C4C80,0,['Arena'],Casa Giulietta,"['Centro Fotografia', 'Sighseeing', 'Torre Lamberti', 'Museo Conte', 'Museo Radio']",Torre Lamberti,strategy_nearest,True,0.0025908946990966797,success
0469AF429C4C80,0,['Arena'],Casa Giulietta,"['Centro Fotografia', 'Sighseeing', 'Torre Lamberti', 'Museo Conte', 'Museo Radio']",Castelvecchio,strategy_nearest,False,0.0022439956665039062,success
0469BE3A9C4C80,0,['Torre Lamberti'],Arena,"['Verona Tour', 'Museo Lapidario', 'Museo Radio', 'San Fermo', 'Casa Giulietta']",Duomo,strategy_nearest,False,0.0020570755004882812,success
0469C4429C4C80,1,['Arena'],Casa Giulietta,"['Centro Fotografia', 'Sighseeing', 'Torre Lamberti', 'Museo Conte', 'Museo Radio']",Palazzo della Ragione,strategy_nearest,False,0.0025517940521240234,success
0469B2429C4C80,0,"['Castelvecchio', 'Arena']",Casa Giulietta,"['Centro Fotografia', 'Sighseeing', 'Torre Lamberti', 'Museo Conte', 'Museo Radio']",Tomba Giulietta,strategy_nearest,False,0.002382993698120117,success
0469B9429C4C80,3,['Arena'],Casa Giulietta,"['Centro Fotografia', 'Sighseeing', 'Torre Lamberti', 'Museo Conte', 'Museo Radio']",Santa Anastasia,strategy_nearest,False,0.004297971725463867,success
0469C63A9C4C80,0,['Arena'],Casa Giulietta,"['Centro Fotografia', 'Sighseeing', 'Torre Lamberti', 'Museo Conte', 'Museo Radio']",Castelvecchio,strategy_nearest,False,0.0027091503143310547,success
0469FF3A9C4C80,3,"['Arena', 'Casa Giulietta']",Torre Lamberti,"['Sighseeing', 'Centro Fotografia', 'Museo Conte', 'Palazzo della Ragione', 'AMO']",Santa Anastasia,strategy_nearest,False,0.003226041793823242,success
0469F03A9C4C80,0,['Casa Giulietta'],Santa Anastasia,"['AMO', 'Museo Conte', 'Palazzo della Ragione', 'Teatro Romano', 'Centro Fotografia']",Arena,strategy_nearest,False,0.001898050308227539,success
046A033A9C4C84,0,['Arena'],Torre Lamberti,"['Sighseeing', 'Centro Fotografia', 'Museo Conte', 'Casa Giulietta', 'Palazzo della Ragione']",Casa Giulietta,strategy_nearest,True,0.003759145736694336,success
046A083A9C4C84,1,"['Arena', 'Casa Giulietta']",Palazzo della Ragione,"['AMO', 'Museo Conte', 'Torre Lamberti', 'Centro Fotografia', 'Sighseeing']",Torre Lamberti,strategy_nearest,True,0.001603841781616211,success
046A2F429C4C80,1,"['Arena', 'Casa Giulietta']",Torre Lamberti,"['Sighseeing', 'Centro Fotografia', 'Museo Conte', 'Palazzo della Ragione', 'AMO']",Palazzo della Ragione,strategy_nearest,True,0.0028371810913085938,success
046A243A9C4C84,2,['Torre Lamberti'],Palazzo della Ragione,"['AMO', 'Museo Conte', 'Centro Fotografia', 'Sighseeing', 'Santa Anastasia']",Duomo,strategy_nearest,False,0.0022521018981933594,success
046A463A9C4C80,1,"['Arena', 'Santa Anastasia', 'Duomo', 'Torre Lamberti']",Palazzo della Ragione,"['AMO', 'Museo Conte', 'Centro Fotografia', 'Sighseeing', 'Museo Miniscalchi']",Casa Giulietta,strategy_nearest,False,0.003201007843017578,success
046A78429C4C80,0,['Torre Lamberti'],Casa Giulietta,"['Centro Fotografia', 'Sighseeing', 'Museo Conte', 'Museo Radio', 'Palazzo della Ragione']",Tomba Giulietta,strategy_nearest,False,0.0020461082458496094,success
046A793A9C4C80,3,"['Arena', 'Torre Lamberti', 'Casa Giulietta']",Santa Anastasia,"['AMO', 'Museo Conte', 'Palazzo della Ragione', 'Teatro Romano', 'Centro Fotografia']",Duomo,strategy_nearest,False,0.002064228057861328,success
046A6D429C4C80,0,['Arena'],Casa Giulietta,"['Centro Fotografia', 'Sighseeing', 'Torre Lamberti', 'Museo Conte', 'Museo Radio']",Torre Lamberti,strategy_nearest,True,0.003421783447265625,success
046A7F429C4C80,2,"['Teatro Romano', 'Santa Anastasia']",Casa Giulietta,"['Centro Fotografia', 'Sighseeing', 'Torre Lamberti', 'Museo Conte', 'Museo Radio']",Palazzo della Ragione,strategy_nearest,False,0.0033626556396484375,success
046A863A9C4C80,3,"['San Fermo', 'Duomo', 'Teatro Romano']",Casa Giulietta,"['Centro Fotografia', 'Sighseeing', 'Torre Lamberti', 'Museo Conte', 'Museo Radio']",Arena,strategy_nearest,False,0.002929210662841797,success
046A8E4A9C4C80,1,['Arena'],Casa Giulietta,"['Centro Fotografia', 'Sighseeing', 'Torre Lamberti', 'Museo Conte', 'Museo Radio']",Palazzo della Ragione,strategy_nearest,False,0.00327301025390625,success
046A8B3A9C4C80,0,['Arena'],Casa Giulietta,"['Centro Fotografia', 'Sighseeing', 'Torre Lamberti', 'Museo Conte', 'Museo Radio']",Torre Lamberti,strategy_nearest,True,0.002919912338256836,success
046A98429C4C80,3,"['Arena', 'Museo Lapidario', 'Castelvecchio']",Casa Giulietta,"['Centro Fotografia', 'Sighseeing', 'Torre Lamberti', 'Museo Conte', 'Museo Radio']",Torre Lamberti,strategy_nearest,True,0.003541707992553711,success
046AA73A9C4C80,1,"['Arena', 'Torre Lamberti']",Santa Anastasia,"['AMO', 'Museo Conte', 'Palazzo della Ragione', 'Teatro Romano', 'Centro Fotografia']",Palazzo della Ragione,strategy_nearest,True,0.0028579235076904297,success
046AA672743380,6,"['Castelvecchio', 'Arena', 'Casa Giulietta', 'San Fermo']",Santa Anastasia,"['AMO', 'Museo Conte', 'Palazzo della Ragione', 'Teatro Romano', 'Centro Fotografia']",Verona Tour,strategy_nearest,False,0.0029587745666503906,success
046AA44A9C4C80,0,['Casa Giulietta'],Torre Lamberti,"['Sighseeing', 'Centro Fotografia', 'Museo Conte', 'Palazzo della Ragione', 'AMO']",Arena,strategy_nearest,False,0.0023789405822753906,success
046AAF429C4C80,0,"['Museo Lapidario', 'Arena']",Torre Lamberti,"['Sighseeing', 'Centro Fotografia', 'Museo Conte', 'Casa Giulietta', 'Palazzo della Ragione']",Casa Giulietta,strategy_nearest,True,0.0026807785034179688,success
046AA772743380,1,"['Arena', 'Casa Giulietta', 'Torre Lamberti', 'Palazzo della Ragione', 'Tomba Giulietta']",Santa Anastasia,"['AMO', 'Museo Conte', 'Teatro Romano', 'Centro Fotografia', 'Duomo']",Duomo,strategy_nearest,True,0.001567840576171875,success
046ABC429C4C80,3,['Arena'],Santa Anastasia,"['AMO', 'Museo Conte', 'Palazzo della Ragione', 'Teatro Romano', 'Centro Fotografia']",Duomo,strategy_nearest,False,0.0033941268920898438,success
046AAD429C4C80,0,['Arena'],Casa Giulietta,"['Centro Fotografia', 'Sighseeing', 'Torre Lamberti', 'Museo Conte', 'Museo Radio']",Tomba Giulietta,strategy_nearest,False,0.002143383026123047,success
046AFE3A9C4C80,1,"['Arena', 'Casa Giulietta']",Palazzo della Ragione,"['AMO', 'Museo Conte', 'Torre Lamberti', 'Centro Fotografia', 'Sighseeing']",Torre Lamberti,strategy_nearest,True,0.0020399093627929688,success
046B023A9C4C84,0,['Arena'],Torre Lamberti,"['Sighseeing', 'Centro Fotografia', 'Museo Conte', 'Casa Giulietta', 'Palazzo della Ragione']",Casa Giulietta,strategy_nearest,True,0.0032570362091064453,success
046AC4429C4C80,0,['Arena'],Torre Lamberti,"['Sighseeing', 'Centro Fotografia', 'Museo Conte', 'Casa Giulietta', 'Palazzo della Ragione']",Teatro Romano,strategy_nearest,False,0.0022149085998535156,success
046AC6429C4C80,3,"['Museo Lapidario', 'Arena']",Torre Lamberti,"['Sighseeing', 'Centro Fotografia', 'Museo Conte', 'Casa Giulietta', 'Palazzo della Ragione']",Santa Anastasia,strategy_nearest,False,0.0029811859130859375,success
046B0A3A9C4C84,3,"['Tomba Giulietta', 'Casa Giulietta']",Torre Lamberti,"['Sighseeing', 'Centro Fotografia', 'Museo Conte', 'Palazzo della Ragione', 'AMO']",Santa Anastasia,strategy_nearest,False,0.002415895462036133,success
046B263A9C4C84,3,"['Arena', 'San Fermo']",Casa Giulietta,"['Centro Fotografia', 'Sighseeing', 'Torre Lamberti', 'Museo Conte', 'Museo Radio']",Santa Anastasia,strategy_nearest,False,0.0028162002563476562,success
046B243A9C4C84,3,"['Castelvecchio', 'Arena', 'San Fermo']",Casa Giulietta,"['Centro Fotografia', 'Sighseeing', 'Torre Lamberti', 'Museo Conte', 'Museo Radio']",Torre Lamberti,strategy_nearest,True,0.0019409656524658203,success
046B294A9C4C80,1,"['Arena', 'Casa Giulietta', 'Teatro Romano']",Castelvecchio,"['Museo Lapidario', 'Verona Tour', 'Museo Radio', 'San Zeno', 'Sighseeing']",Tomba Giulietta,strategy_nearest,False,0.0030248165130615234,success
046B373A9C4C80,1,"['Torre Lamberti', 'Palazzo della Ragione', 'Casa Giulietta']",Teatro Romano,"['Santa Anastasia', 'Duomo', 'AMO', 'Museo Conte', 'Centro Fotografia']",Duomo,strategy_nearest,True,0.0025730133056640625,success
046B563A9C4C80,0,['Arena'],Casa Giulietta,"['Centro Fotografia', 'Sighseeing', 'Torre Lamberti', 'Museo Conte', 'Museo Radio']",Tomba Giulietta,strategy_nearest,False,0.0020720958709716797,success
046B68429C4C80,0,['Arena'],Casa Giulietta,"['Centro Fotografia', 'Sighseeing', 'Torre Lamberti', 'Museo Conte', 'Museo Radio']",Teatro Romano,strategy_nearest,False,0.002977132797241211,success
046B763A9C4C80,3,"['Arena', 'Casa Giulietta']",Santa Anastasia,"['AMO', 'Museo Conte', 'Palazzo della Ragione', 'Teatro Romano', 'Centro Fotografia']",Duomo,strategy_nearest,False,0.00164794921875,success
046B69429C4C80,1,"['Castelvecchio', 'Casa Giulietta']",Torre Lamberti,"['Sighseeing', 'Centro Fotografia', 'Museo Conte', 'Palazzo della Ragione', 'AMO']",Palazzo della Ragione,strategy_nearest,True,0.003206014633178711,success
046B773A9C4C80,3,"['Torre Lamberti', 'Duomo', 'Teatro Romano']",Casa Giulietta,"['Centro Fotografia', 'Sighseeing', 'Museo Conte', 'Museo Radio', 'Palazzo della Ragione']",Santa Anastasia,strategy_nearest,False,0.0025670528411865234,success
046B803A9C4C80,3,"['Arena', 'Casa Giulietta']",Torre Lamberti,"['Sighseeing', 'Centro Fotografia', 'Museo Conte', 'Palazzo della Ragione', 'AMO']",Museo Lapidario,strategy_nearest,False,0.0020029544830322266,success
046B7A429C4C80,2,['Torre Lamberti'],Casa Giulietta,"['Centro Fotografia', 'Sighseeing', 'Museo Conte', 'Museo Radio', 'Palazzo della Ragione']",Castelvecchio,strategy_nearest,False,0.0029549598693847656,success
046B883A9C4C80,0,['Arena'],Casa Giulietta,"['Centro Fotografia', 'Sighseeing', 'Torre Lamberti', 'Museo Conte', 'Museo Radio']",Castelvecchio,strategy_nearest,False,0.0034568309783935547,success
046BA372743380,3,"['Torre Lamberti', 'Santa Anastasia', 'Duomo', 'San Fermo']",Arena,"['Verona Tour', 'Museo Lapidario', 'Museo Radio', 'Casa Giulietta', 'Sighseeing']",Castelvecchio,strategy_nearest,False,0.003143787384033203,success
046B8D429C4C80,1,"['Arena', 'Teatro Romano']",Castelvecchio,"['Museo Lapidario', 'Verona Tour', 'Museo Radio', 'San Zeno', 'Sighseeing']",Casa Giulietta,strategy_nearest,False,0.002585887908935547,success
046BA44A9C4C80,0,['Casa Giulietta'],Torre Lamberti,"['Sighseeing', 'Centro Fotografia', 'Museo Conte', 'Palazzo della Ragione', 'AMO']",Arena,strategy_nearest,False,0.0025861263275146484,success
046BA872743380,3,"['Casa Giulietta', 'Tomba Giulietta', 'Castelvecchio']",Teatro Romano,"['Santa Anastasia', 'Duomo', 'AMO', 'Palazzo della Ragione', 'Museo Conte']",Santa Anastasia,strategy_nearest,True,0.002856016159057617,success
046BA54A9C4C80,0,['Casa Giulietta'],Torre Lamberti,"['Sighseeing', 'Centro Fotografia', 'Museo Conte', 'Palazzo della Ragione', 'AMO']",Arena,strategy_nearest,False,0.003281831741333008,success
046BA9429C4C80,2,['Casa Giulietta'],Castelvecchio,"['Museo Lapidario', 'Verona Tour', 'Arena', 'Museo Radio', 'San Zeno']",Palazzo della Ragione,strategy_nearest,False,0.003031015396118164,success
046BB5429C4C80,3,"['Arena', 'Casa Giulietta']",Santa Anastasia,"['AMO', 'Museo Conte', 'Palazzo della Ragione', 'Teatro Romano', 'Centro Fotografia']",Duomo,strategy_nearest,False,0.0022330284118652344,success
046BBA429C4C80,3,"['Castelvecchio', 'Teatro Romano']",Santa Anastasia,"['AMO', 'Museo Conte', 'Palazzo della Ragione', 'Centro Fotografia', 'Duomo']",Torre Lamberti,strategy_nearest,False,0.0032181739807128906,success
046BB8429C4C80,0,['Arena'],San Zeno,"['Castelvecchio', 'Verona Tour', 'Museo Lapidario', 'Museo Miniscalchi', 'Sighseeing']",Torre Lamberti,strategy_nearest,False,0.0026340484619140625,success
046BBF429C4C80,3,"['Arena', 'Casa Giulietta']",Santa Anastasia,"['AMO', 'Museo Conte', 'Palazzo della Ragione', 'Teatro Romano', 'Centro Fotografia']",Teatro Romano,strategy_nearest,True,0.0031332969665527344,success
046BDC3A9C4C80,0,['Arena'],Casa Giulietta,"['Centro Fotografia', 'Sighseeing', 'Torre Lamberti', 'Museo Conte', 'Museo Radio']",Torre Lamberti,strategy_nearest,True,0.002991199493408203,success
046BEC429C4C80,3,"['Arena', 'Castelvecchio', 'San Fermo']",Torre Lamberti,"['Sighseeing', 'Centro Fotografia', 'Museo Conte', 'Casa Giulietta', 'Palazzo della Ragione']",Santa Anastasia,strategy_nearest,False,0.0020809173583984375,success
046C03BA7B3F84,0,['San Zeno'],Castelvecchio,"['Museo Lapidario', 'Verona Tour', 'Arena', 'Museo Radio', 'Sighseeing']",Torre Lamberti,strategy_nearest,False,0.0024840831756591797,success
046C1DBA7B3F80,2,['San Zeno'],Castelvecchio,"['Museo Lapidario', 'Verona Tour', 'Arena', 'Museo Radio', 'Sighseeing']",Torre Lamberti,strategy_nearest,False,0.002412080764770508,success
046C1D429C4C80,1,"['Arena', 'Casa Giulietta']",Torre Lamberti,"['Sighseeing', 'Centro Fotografia', 'Museo Conte', 'Palazzo della Ragione', 'AMO']",Palazzo della Ragione,strategy_nearest,True,0.0031669139862060547,success
046C1F3A9C4C84,1,"['Torre Lamberti', 'Palazzo della Ragione', 'Arena']",Casa Giulietta,"['Centro Fotografia', 'Sighseeing', 'Museo Conte', 'Museo Radio', 'San Fermo']",Duomo,strategy_nearest,False,0.0026481151580810547,success
046C38429C4C80,0,['Castelvecchio'],Arena,"['Verona Tour', 'Museo Lapidario', 'Museo Radio', 'San Fermo', 'Casa Giulietta']",Casa Giulietta,strategy_nearest,True,0.002402782440185547,success
046C30429C4C80,0,['Arena'],Torre Lamberti,"['Sighseeing', 'Centro Fotografia', 'Museo Conte', 'Casa Giulietta', 'Palazzo della Ragione']",Casa Giulietta,strategy_nearest,True,0.0031981468200683594,success
046C463A9C4C80,3,"['Arena', 'Castelvecchio']",Torre Lamberti,"['Sighseeing', 'Centro Fotografia', 'Museo Conte', 'Casa Giulietta', 'Palazzo della Ragione']",Casa Giulietta,strategy_nearest,True,0.0021262168884277344,success
046C7C3A9C4C80,2,"['Torre Lamberti', 'Palazzo della Ragione', 'Casa Giulietta']",Santa Anastasia,"['AMO', 'Museo Conte', 'Teatro Romano', 'Centro Fotografia', 'Duomo']",Duomo,strategy_nearest,True,0.0025849342346191406,success
046C3A429C4C80,1,"['Castelvecchio', 'Torre Lamberti']",Palazzo della Ragione,"['AMO', 'Museo Conte', 'Centro Fotografia', 'Sighseeing', 'Santa Anastasia']",Casa Giulietta,strategy_nearest,False,0.002213001251220703,success
046C45429C4C80,1,"['Arena', 'Casa Giulietta', 'Santa Anastasia']",Duomo,"['AMO', 'Museo Miniscalchi', 'Teatro Romano', 'Palazzo della Ragione', 'Museo Conte']",Teatro Romano,strategy_nearest,True,0.004088640213012695,success
046C8F429C4C80,0,"['Casa Giulietta', 'Torre Lamberti', 'Museo Lapidario']",Giardino Giusti,"['Santa Anastasia', 'Teatro Romano', 'Museo Conte', 'Centro Fotografia', 'Museo Storia']",Teatro Romano,strategy_nearest,True,0.002065896987915039,success
046C7D429C4C80,3,"['Arena', 'Santa Anastasia']",Casa Giulietta,"['Centro Fotografia', 'Sighseeing', 'Torre Lamberti', 'Museo Conte', 'Museo Radio']",Castelvecchio,strategy_nearest,False,0.0034530162811279297,success
046CAB429C4C80,0,['Casa Giulietta'],Arena,"['Verona Tour', 'Museo Lapidario', 'Museo Radio', 'San Fermo', 'Sighseeing']",Santa Anastasia,strategy_nearest,False,0.0030851364135742188,success
046C7D4A9C4C80,0,['Arena'],Casa Giulietta,"['Centro Fotografia', 'Sighseeing', 'Torre Lamberti', 'Museo Conte', 'Museo Radio']",Tomba Giulietta,strategy_nearest,False,0.002017974853515625,success
046CB5429C4C80,1,['Casa Giulietta'],Palazzo della Ragione,"['AMO', 'Museo Conte', 'Torre Lamberti', 'Centro Fotografia', 'Sighseeing']",Santa Anastasia,strategy_nearest,False,0.003220796585083008,success
046CB83A9C4C80,1,"['Palazzo della Ragione', 'Santa Anastasia']",Teatro Romano,"['Duomo', 'AMO', 'Museo Conte', 'Centro Fotografia', 'Museo Miniscalchi']",Castelvecchio,strategy_nearest,False,0.0019550323486328125,success
046CBF429C4C80,3,['Arena'],Santa Anastasia,"['AMO', 'Museo Conte', 'Palazzo della Ragione', 'Teatro Romano', 'Centro Fotografia']",Duomo,strategy_nearest,False,0.0027451515197753906,success
046CC9429C4C80,3,"['Arena', 'Castelvecchio']",Casa Giulietta,"['Centro Fotografia', 'Sighseeing', 'Torre Lamberti', 'Museo Conte', 'Museo Radio']",Torre Lamberti,strategy_nearest,True,0.0034210681915283203,success
046CCA429C4C80,1,"['Castelvecchio', 'Casa Giulietta', 'Teatro Romano']",Torre Lamberti,"['Sighseeing', 'Centro Fotografia', 'Museo Conte', 'Palazzo della Ragione', 'AMO']",Palazzo della Ragione,strategy_nearest,True,0.002563953399658203,success
046CEC3A9C4C80,0,['Casa Giulietta'],Arena,"['Verona Tour', 'Museo Lapidario', 'Museo Radio', 'San Fermo', 'Sighseeing']",Duomo,strategy_nearest,False,0.002729177474975586,success
046CDE3A9C4C80,2,['Torre Lamberti'],Santa Anastasia,"['AMO', 'Museo Conte', 'Palazzo della Ragione', 'Teatro Romano', 'Centro Fotografia']",Casa Giulietta,strategy_nearest,False,0.003381967544555664,success
046CEC429C4C80,3,"['Arena', 'Casa Giulietta']",Torre Lamberti,"['Sighseeing', 'Centro Fotografia', 'Museo Conte', 'Palazzo della Ragione', 'AMO']",Santa Anastasia,strategy_nearest,False,0.0030088424682617188,success
046CF1BA7B3F80,3,['San Zeno'],Torre Lamberti,"['Sighseeing', 'Centro Fotografia', 'Museo Conte', 'Casa Giulietta', 'Palazzo della Ragione']",Santa Anastasia,strategy_nearest,False,0.003144979476928711,success
046D043A9C4C84,3,['San Zeno'],Arena,"['Verona Tour', 'Museo Lapidario', 'Museo Radio', 'San Fermo', 'Casa Giulietta']",Torre Lamberti,strategy_nearest,False,0.003368854522705078,success
046D003A9C4C84,2,"['Castelvecchio', 'San Zeno']",Santa Anastasia,"['AMO', 'Museo Conte', 'Palazzo della Ragione', 'Teatro Romano', 'Centro Fotografia']",Duomo,strategy_nearest,False,0.0023648738861083984,success
046D15BA7B3F84,0,['San Zeno'],Castelvecchio,"['Museo Lapidario', 'Verona Tour', 'Arena', 'Museo Radio', 'Sighseeing']",Torre Lamberti,strategy_nearest,False,0.0022499561309814453,success
046D0A3A9C4C84,1,"['Arena', 'Torre Lamberti', 'Palazzo della Ragione']",Santa Anastasia,"['AMO', 'Museo Conte', 'Teatro Romano', 'Centro Fotografia', 'Duomo']",Duomo,strategy_nearest,True,0.0027222633361816406,success
046D163A9C4C84,1,['Arena'],Torre Lamberti,"['Sighseeing', 'Centro Fotografia', 'Museo Conte', 'Casa Giulietta', 'Palazzo della Ragione']",Palazzo della Ragione,strategy_nearest,True,0.0020139217376708984,success
046D173A9C4C84,3,"['Santa Anastasia', 'Torre Lamberti', 'Casa Giulietta']",Museo Storia,"['San Fermo', 'Museo Radio', 'Centro Fotografia', 'Tomba Giulietta', 'Arena']",San Fermo,strategy_nearest,True,0.002604961395263672,success
046D243A9C4C84,0,['Arena'],Casa Giulietta,"['Centro Fotografia', 'Sighseeing', 'Torre Lamberti', 'Museo Conte', 'Museo Radio']",Torre Lamberti,strategy_nearest,True,0.0024900436401367188,success
046D263A9C4C84,1,"['Casa Giulietta', 'Torre Lamberti', 'Palazzo della Ragione']",Santa Anastasia,"['AMO', 'Museo Conte', 'Teatro Romano', 'Centro Fotografia', 'Duomo']",Duomo,strategy_nearest,True,0.003253936767578125,success
046D28BA7B3F84,1,"['Arena', 'Casa Giulietta', 'Palazzo della Ragione']",Torre Lamberti,"['Sighseeing', 'Centro Fotografia', 'Museo Conte', 'AMO', 'Museo Miniscalchi']",Santa Anastasia,strategy_nearest,False,0.0033621788024902344,success
046D3B3A9C4C80,1,"['Torre Lamberti', 'Palazzo della Ragione', 'Santa Anastasia']",Teatro Romano,"['Duomo', 'AMO', 'Museo Conte', 'Centro Fotografia', 'Museo Miniscalchi']",Casa Giulietta,strategy_nearest,False,0.0018951892852783203,success
046D37BA7B3F80,1,"['Arena', 'Casa Giulietta', 'Palazzo della Ragione']",Torre Lamberti,"['Sighseeing', 'Centro Fotografia', 'Museo Conte', 'AMO', 'Museo Miniscalchi']",Santa Anastasia,strategy_nearest,False,0.003214120864868164,success
046D413A9C4C80,0,['Castelvecchio'],Arena,"['Verona Tour', 'Museo Lapidario', 'Museo Radio', 'San Fermo', 'Casa Giulietta']",Torre Lamberti,strategy_nearest,False,0.0031850337982177734,success
046D5B429C4C80,0,['Arena'],Casa Giulietta,"['Centro Fotografia', 'Sighseeing', 'Torre Lamberti', 'Museo Conte', 'Museo Radio']",Torre Lamberti,strategy_nearest,True,0.002557992935180664,success
046D60BA7B3F80,3,"['Teatro Romano', 'Duomo', 'Santa Anastasia']",Torre Lamberti,"['Sighseeing', 'Centro Fotografia', 'Museo Conte', 'Casa Giulietta', 'Palazzo della Ragione']",Casa Giulietta,strategy_nearest,True,0.002724885940551758,success
046D753A9C4C80,0,['Arena'],Casa Giulietta,"['Centro Fotografia', 'Sighseeing', 'Torre Lamberti', 'Museo Conte', 'Museo Radio']",Teatro Romano,strategy_nearest,False,0.003186941146850586,success
046D7D4A9C4C80,1,"['San Zeno', 'Castelvecchio', 'Arena']",Casa Giulietta,"['Centro Fotografia', 'Sighseeing', 'Torre Lamberti', 'Museo Conte', 'Museo Radio']",Palazzo della Ragione,strategy_nearest,False,0.0023648738861083984,success
046D7E429C4C80,0,"['Arena', 'Museo Lapidario']",Castelvecchio,"['Verona Tour', 'Museo Radio', 'San Zeno', 'Sighseeing', 'Museo Miniscalchi']",Casa Giulietta,strategy_nearest,False,0.0029120445251464844,success
046D874A9C4C80,3,['Arena'],Santa Anastasia,"['AMO', 'Museo Conte', 'Palazzo della Ragione', 'Teatro Romano', 'Centro Fotografia']",Duomo,strategy_nearest,False,0.0026760101318359375,success
046D873A9C4C80,0,['Arena'],Museo Lapidario,"['Verona Tour', 'Castelvecchio', 'Museo Radio', 'San Fermo', 'Casa Giulietta']",Museo Storia,strategy_nearest,False,0.003286123275756836,success
046DA572743380,3,"['Arena', 'Casa Giulietta', 'San Zeno']",Torre Lamberti,"['Sighseeing', 'Centro Fotografia', 'Museo Conte', 'Palazzo della Ragione', 'AMO']",Santa Anastasia,strategy_nearest,False,0.002637147903442383,success
046D9C429C4C80,3,"['Santa Anastasia', 'Duomo']",Castelvecchio,"['Museo Lapidario', 'Verona Tour', 'Arena', 'Museo Radio', 'San Zeno']",Casa Giulietta,strategy_nearest,False,0.004489898681640625,success
046DB8429C4C80,0,['Arena'],San Zeno,"['Castelvecchio', 'Verona Tour', 'Museo Lapidario', 'Museo Miniscalchi', 'Sighseeing']",Torre Lamberti,strategy_nearest,False,0.0033860206604003906,success
046DA83A9C4C80,1,"['Arena', 'Casa Giulietta', 'Santa Anastasia']",Duomo,"['AMO', 'Museo Miniscalchi', 'Teatro Romano', 'Palazzo della Ragione', 'Museo Conte']",Torre Lamberti,strategy_nearest,False,0.0028171539306640625,success
046DBA3A9C4C80,0,['Castelvecchio'],Arena,"['Verona Tour', 'Museo Lapidario', 'Museo Radio', 'San Fermo', 'Casa Giulietta']",Casa Giulietta,strategy_nearest,True,0.0028350353240966797,success
046DEB429C4C80,3,"['Arena', 'Casa Giulietta']",Torre Lamberti,"['Sighseeing', 'Centro Fotografia', 'Museo Conte', 'Palazzo della Ragione', 'AMO']",Santa Anastasia,strategy_nearest,False,0.0035238265991210938,success
046DBF3A9C4C80,1,"['Santa Anastasia', 'Duomo']",Castelvecchio,"['Museo Lapidario', 'Verona Tour', 'Arena', 'Museo Radio', 'San Zeno']",Arena,strategy_nearest,True,0.0027320384979248047,success
046DD53A9C4C80,0,['Castelvecchio'],Arena,"['Verona Tour', 'Museo Lapidario', 'Museo Radio', 'San Fermo', 'Casa Giulietta']",Casa Giulietta,strategy_nearest,True,0.002763032913208008,success
046DEE429C4C80,0,"['Arena', 'Museo Lapidario']",Castelvecchio,"['Verona Tour', 'Museo Radio', 'San Zeno', 'Sighseeing', 'Museo Miniscalchi']",Casa Giulietta,strategy_nearest,False,0.0028650760650634766,success
046E33BA7B3F80,1,"['Arena', 'Casa Giulietta']",Palazzo della Ragione,"['AMO', 'Museo Conte', 'Torre Lamberti', 'Centro Fotografia', 'Sighseeing']",Torre Lamberti,strategy_nearest,True,0.0014178752899169922,success
046E194A9C4C80,3,['Arena'],San Fermo,"['Museo Storia', 'Museo Radio', 'Casa Giulietta', 'Centro Fotografia', 'Sighseeing']",Duomo,strategy_nearest,False,0.0027098655700683594,success
046E31429C4C80,0,['Casa Giulietta'],Torre Lamberti,"['Sighseeing', 'Centro Fotografia', 'Museo Conte', 'Palazzo della Ragione', 'AMO']",Arena,strategy_nearest,False,0.0027680397033691406,success
046E383A9C4C80,1,"['Casa Giulietta', 'Palazzo della Ragione']",Torre Lamberti,"['Sighseeing', 'Centro Fotografia', 'Museo Conte', 'AMO', 'Museo Miniscalchi']",Santa Anastasia,strategy_nearest,False,0.003339052200317383,success
046E7E429C4C80,1,['Castelvecchio'],Arena,"['Verona Tour', 'Museo Lapidario', 'Museo Radio', 'San Fermo', 'Casa Giulietta']",Palazzo della Ragione,strategy_nearest,False,0.0028197765350341797,success
046E7C429C4C80,3,"['Arena', 'Castelvecchio', 'Duomo', 'Teatro Romano']",Santa Anastasia,"['AMO', 'Museo Conte', 'Palazzo della Ragione', 'Centro Fotografia', 'Torre Lamberti']",Torre Lamberti,strategy_nearest,True,0.0028700828552246094,success
046E80429C4C80,3,['Arena'],Casa Giulietta,"['Centro Fotografia', 'Sighseeing', 'Torre Lamberti', 'Museo Conte', 'Museo Radio']",Santa Anastasia,strategy_nearest,False,0.0031728744506835938,success
046E843A9C4C80,0,['Arena'],Castelvecchio,"['Museo Lapidario', 'Verona Tour', 'Museo Radio', 'San Zeno', 'Sighseeing']",Casa Giulietta,strategy_nearest,False,0.0034940242767333984,success
046E813A9C4C80,3,['Arena'],Casa Giulietta,"['Centro Fotografia', 'Sighseeing', 'Torre Lamberti', 'Museo Conte', 'Museo Radio']",Santa Anastasia,strategy_nearest,False,0.003387928009033203,success
046E8E429C4C80,0,['Arena'],Castelvecchio,"['Museo Lapidario', 'Verona Tour', 'Museo Radio', 'San Zeno', 'Sighseeing']",Casa Giulietta,strategy_nearest,False,0.003120899200439453,success
046E873A9C4C80,1,"['Arena', 'Tomba Giulietta']",Casa Giulietta,"['Centro Fotografia', 'Sighseeing', 'Torre Lamberti', 'Museo Conte', 'Museo Radio']",Torre Lamberti,strategy_nearest,True,0.0021638870239257812,success
046E914A9C4C80,0,['Arena'],Casa Giulietta,"['Centro Fotografia', 'Sighseeing', 'Torre Lamberti', 'Museo Conte', 'Museo Radio']",Torre Lamberti,strategy_nearest,True,0.001984119415283203,success
046EB7429C4C80,0,['Arena'],Castelvecchio,"['Museo Lapidario', 'Verona Tour', 'Museo Radio', 'San Zeno', 'Sighseeing']",Casa Giulietta,strategy_nearest,False,0.0029211044311523438,success
046E90429C4C80,3,"['Arena', 'Casa Giulietta']",San Fermo,"['Museo Storia', 'Museo Radio', 'Centro Fotografia', 'Sighseeing', 'Torre Lamberti']",Santa Anastasia,strategy_nearest,False,0.003225088119506836,success
046E964A9C4C80,0,['Arena'],Castelvecchio,"['Museo Lapidario', 'Verona Tour', 'Museo Radio', 'San Zeno', 'Sighseeing']",Torre Lamberti,strategy_nearest,False,0.0035550594329833984,success
046EC3BA7B3F80,1,"['Arena', 'Casa Giulietta']",Palazzo della Ragione,"['AMO', 'Museo Conte', 'Torre Lamberti', 'Centro Fotografia', 'Sighseeing']",Torre Lamberti,strategy_nearest,True,0.0026810169219970703,success
046EC0429C4C80,3,"['Arena', 'Casa Giulietta']",Torre Lamberti,"['Sighseeing', 'Centro Fotografia', 'Museo Conte', 'Palazzo della Ragione', 'AMO']",San Fermo,strategy_nearest,False,0.0034842491149902344,success
046EBEBA7B3F80,1,"['Arena', 'Casa Giulietta']",Palazzo della Ragione,"['AMO', 'Museo Conte', 'Torre Lamberti', 'Centro Fotografia', 'Sighseeing']",Torre Lamberti,strategy_nearest,True,0.0022258758544921875,success
046EBB429C4C80,1,"['Arena', 'Casa Giulietta', 'Santa Anastasia']",Torre Lamberti,"['Sighseeing', 'Centro Fotografia', 'Museo Conte', 'Palazzo della Ragione', 'AMO']",Palazzo della Ragione,strategy_nearest,True,0.002852201461791992,success
046EE73A9C4C80,3,"['Torre Lamberti', 'Casa Giulietta']",Duomo,"['AMO', 'Museo Miniscalchi', 'Santa Anastasia', 'Teatro Romano', 'Palazzo della Ragione']",Arena,strategy_nearest,False,0.001987934112548828,success
046EF93A9C4C80,0,['Arena'],Casa Giulietta,"['Centro Fotografia', 'Sighseeing', 'Torre Lamberti', 'Museo Conte', 'Museo Radio']",Teatro Romano,strategy_nearest,False,0.002177715301513672,success
046EFABA7B3F80,1,['Arena'],Palazzo della Ragione,"['AMO', 'Museo Conte', 'Torre Lamberti', 'Centro Fotografia', 'Sighseeing']",Casa Giulietta,strategy_nearest,False,0.0025310516357421875,success
046EF13A9C4C80,0,['Arena'],Casa Giulietta,"['Centro Fotografia', 'Sighseeing', 'Torre Lamberti', 'Museo Conte', 'Museo Radio']",Torre Lamberti,strategy_nearest,True,0.003468036651611328,success
046F0A3A9C4C84,3,"['Casa Giulietta', 'Santa Anastasia', 'Duomo']",Torre Lamberti,"['Sighseeing', 'Centro Fotografia', 'Museo Conte', 'Palazzo della Ragione', 'AMO']",Arena,strategy_nearest,False,0.0016279220581054688,success
046F023A9C4C84,0,"['Casa Giulietta', 'Torre Lamberti']",Teatro Romano,"['Santa Anastasia', 'Duomo', 'AMO', 'Palazzo della Ragione', 'Museo Conte']",Arena,strategy_nearest,False,0.004325151443481445,success
046F12429C4C80,1,['Torre Lamberti'],Palazzo della Ragione,"['AMO', 'Museo Conte', 'Centro Fotografia', 'Sighseeing', 'Santa Anastasia']",Arena,strategy_nearest,False,0.002753019332885742,success
046F153A9C4C84,1,"['Arena', 'Casa Giulietta', 'Palazzo della Ragione']",Torre Lamberti,"['Sighseeing', 'Centro Fotografia', 'Museo Conte', 'AMO', 'Museo Miniscalchi']",Teatro Romano,strategy_nearest,False,0.003772258758544922,success
046F1D3A9C4C84,1,['Torre Lamberti'],Palazzo della Ragione,"['AMO', 'Museo Conte', 'Centro Fotografia', 'Sighseeing', 'Santa Anastasia']",Torre Lamberti,strategy_nearest,False,0.00234222412109375,success
046F31429C4C80,3,"['Arena', 'Torre Lamberti']",Casa Giulietta,"['Centro Fotografia', 'Sighseeing', 'Museo Conte', 'Museo Radio', 'Palazzo della Ragione']",Santa Anastasia,strategy_nearest,False,0.001993894577026367,success
046F173A9C4C84,0,['Arena'],Casa Giulietta,"['Centro Fotografia', 'Sighseeing', 'Torre Lamberti', 'Museo Conte', 'Museo Radio']",Torre Lamberti,strategy_nearest,True,0.004333019256591797,success
046F323A9C4C80,0,['Arena'],Castelvecchio,"['Museo Lapidario', 'Verona Tour', 'Museo Radio', 'San Zeno', 'Sighseeing']",Teatro Romano,strategy_nearest,False,0.0026099681854248047,success
046F383A9C4C80,0,"['Casa Giulietta', 'Arena']",Teatro Romano,"['Santa Anastasia', 'Duomo', 'AMO', 'Palazzo della Ragione', 'Museo Conte']",Tomba Giulietta,strategy_nearest,False,0.0025610923767089844,success
046F39429C4C80,3,['Arena'],Casa Giulietta,"['Centro Fotografia', 'Sighseeing', 'Torre Lamberti', 'Museo Conte', 'Museo Radio']",Torre Lamberti,strategy_nearest,True,0.002780914306640625,success
046F42429C4C80,1,"['Arena', 'Castelvecchio']",Torre Lamberti,"['Sighseeing', 'Centro Fotografia', 'Museo Conte', 'Casa Giulietta', 'Palazzo della Ragione']",Palazzo della Ragione,strategy_nearest,True,0.0019168853759765625,success
046F3E429C4C80,0,['Castelvecchio'],Arena,"['Verona Tour', 'Museo Lapidario', 'Museo Radio', 'San Fermo', 'Casa Giulietta']",Casa Giulietta,strategy_nearest,True,0.003573894500732422,success
046F7E429C4C80,3,['Arena'],Torre Lamberti,"['Sighseeing', 'Centro Fotografia', 'Museo Conte', 'Casa Giulietta', 'Palazzo della Ragione']",Santa Anastasia,strategy_nearest,False,0.0033609867095947266,success
046F833A9C4C80,3,"['Arena', 'Museo Lapidario', 'Torre Lamberti']",Santa Anastasia,"['AMO', 'Museo Conte', 'Palazzo della Ragione', 'Teatro Romano', 'Centro Fotografia']",Duomo,strategy_nearest,False,0.0028700828552246094,success
046F84429C4C80,3,"['Arena', 'Casa Giulietta']",Duomo,"['AMO', 'Museo Miniscalchi', 'Santa Anastasia', 'Teatro Romano', 'Palazzo della Ragione']",Teatro Romano,strategy_nearest,True,0.002869129180908203,success
046F834A9C4C80,1,"['Arena', 'Teatro Romano', 'Santa Anastasia']",Casa Giulietta,"['Centro Fotografia', 'Sighseeing', 'Torre Lamberti', 'Museo Conte', 'Museo Radio']",Palazzo della Ragione,strategy_nearest,False,0.0025260448455810547,success
046F883A9C4C80,3,"['Casa Giulietta', 'Torre Lamberti']",Arena,"['Verona Tour', 'Museo Lapidario', 'Museo Radio', 'San Fermo', 'Sighseeing']",Castelvecchio,strategy_nearest,False,0.002763986587524414,success
046F8A429C4C80,0,['Torre Lamberti'],San Zeno,"['Castelvecchio', 'Verona Tour', 'Museo Lapidario', 'Arena', 'Museo Miniscalchi']",Arena,strategy_nearest,True,0.004278898239135742,success
046FA672743380,1,"['Torre Lamberti', 'Palazzo della Ragione', 'Casa Giulietta']",Castelvecchio,"['Museo Lapidario', 'Verona Tour', 'Arena', 'Museo Radio', 'San Zeno']",Arena,strategy_nearest,True,0.003202199935913086,success
046F8D3A9C4C80,1,['Arena'],Museo Lapidario,"['Verona Tour', 'Castelvecchio', 'Museo Radio', 'San Fermo', 'Casa Giulietta']",Casa Giulietta,strategy_nearest,True,0.0025720596313476562,success
046F8C429C4C80,0,['Arena'],Castelvecchio,"['Museo Lapidario', 'Verona Tour', 'Museo Radio', 'San Zeno', 'Sighseeing']",Casa Giulietta,strategy_nearest,False,0.0017480850219726562,success
046FA94A9C4C80,0,['Arena'],Castelvecchio,"['Museo Lapidario', 'Verona Tour', 'Museo Radio', 'San Zeno', 'Sighseeing']",Casa Giulietta,strategy_nearest,False,0.0014579296112060547,success
046FAD429C4C80,3,"['Arena', 'Torre Lamberti']",Casa Giulietta,"['Centro Fotografia', 'Sighseeing', 'Museo Conte', 'Museo Radio', 'Palazzo della Ragione']",Santa Anastasia,strategy_nearest,False,0.0025348663330078125,success
046FA84A9C4C80,3,['Casa Giulietta'],Torre Lamberti,"['Sighseeing', 'Centro Fotografia', 'Museo Conte', 'Palazzo della Ragione', 'AMO']",Santa Anastasia,strategy_nearest,False,0.006195068359375,success
046FE33A9C4C80,0,['San Zeno'],Castelvecchio,"['Museo Lapidario', 'Verona Tour', 'Arena', 'Museo Radio', 'Sighseeing']",Arena,strategy_nearest,True,0.002131938934326172,success
046FB7429C4C80,1,"['Castelvecchio', 'Arena']",Palazzo della Ragione,"['AMO', 'Museo Conte', 'Torre Lamberti', 'Centro Fotografia', 'Sighseeing']",Torre Lamberti,strategy_nearest,True,0.0033359527587890625,success
046FB9429C4C80,0,['Arena'],Torre Lamberti,"['Sighseeing', 'Centro Fotografia', 'Museo Conte', 'Casa Giulietta', 'Palazzo della Ragione']",Teatro Romano,strategy_nearest,False,0.002955913543701172,success
046FEFBA7B3F80,3,"['San Zeno', 'Castelvecchio']",Torre Lamberti,"['Sighseeing', 'Centro Fotografia', 'Museo Conte', 'Casa Giulietta', 'Palazzo della Ragione']",Santa Anastasia,strategy_nearest,False,0.002679109573364258,success
046FF13A9C4C80,3,"['Arena', 'Torre Lamberti']",Teatro Romano,"['Santa Anastasia', 'Duomo', 'AMO', 'Palazzo della Ragione', 'Museo Conte']",Santa Anastasia,strategy_nearest,True,0.002772092819213867,success
046FF43A9C4C80,0,['Castelvecchio'],Arena,"['Verona Tour', 'Museo Lapidario', 'Museo Radio', 'San Fermo', 'Casa Giulietta']",Casa Giulietta,strategy_nearest,True,0.002092123031616211,success
046FFF3A9C4C80,3,"['Arena', 'Castelvecchio', 'San Fermo']",Duomo,"['AMO', 'Museo Miniscalchi', 'Santa Anastasia', 'Teatro Romano', 'Palazzo della Ragione']",Santa Anastasia,strategy_nearest,True,0.002559185028076172,success
047012BA7B3F80,3,"['San Zeno', 'Castelvecchio']",Torre Lamberti,"['Sighseeing', 'Centro Fotografia', 'Museo Conte', 'Casa Giulietta', 'Palazzo della Ragione']",Santa Anastasia,strategy_nearest,False,0.003793954849243164,success
04701B3A9C4C84,0,"['Casa Giulietta', 'Torre Lamberti']",Arena,"['Verona Tour', 'Museo Lapidario', 'Museo Radio', 'San Fermo', 'Sighseeing']",Castelvecchio,strategy_nearest,False,0.004029989242553711,success
047034429C4C80,3,"['Museo Lapidario', 'Tomba Giulietta', 'Museo Storia', 'Teatro Romano']",Santa Anastasia,"['AMO', 'Museo Conte', 'Palazzo della Ragione', 'Centro Fotografia', 'Duomo']",Torre Lamberti,strategy_nearest,False,0.002937793731689453,success
047031429C4C80,3,"['Arena', 'Casa Giulietta']",Torre Lamberti,"['Sighseeing', 'Centro Fotografia', 'Museo Conte', 'Palazzo della Ragione', 'AMO']",Santa Anastasia,strategy_nearest,False,0.0023889541625976562,success
04706EBA7B3F80,3,"['San Zeno', 'Castelvecchio']",Torre Lamberti,"['Sighseeing', 'Centro Fotografia', 'Museo Conte', 'Casa Giulietta', 'Palazzo della Ragione']",Santa Anastasia,strategy_nearest,False,0.002824068069458008,success
0470723A9C4C80,1,"['Arena', 'Casa Giulietta', 'Torre Lamberti']",Palazzo della Ragione,"['AMO', 'Museo Conte', 'Centro Fotografia', 'Sighseeing', 'Santa Anastasia']",Teatro Romano,strategy_nearest,False,0.0031659603118896484,success
047037429C4C80,0,['Arena'],Tomba Giulietta,"['San Fermo', 'Museo Storia', 'Museo Lapidario', 'Museo Radio', 'Verona Tour']",Casa Giulietta,strategy_nearest,False,0.004143953323364258,success
0470413A9C4C80,1,"['Torre Lamberti', 'Palazzo della Ragione']",Casa Giulietta,"['Centro Fotografia', 'Sighseeing', 'Museo Conte', 'Museo Radio', 'San Fermo']",Arena,strategy_nearest,False,0.002637147903442383,success
04707D3A9C4C80,0,['Duomo'],Casa Giulietta,"['Centro Fotografia', 'Sighseeing', 'Torre Lamberti', 'Museo Conte', 'Museo Radio']",Arena,strategy_nearest,False,0.002090930938720703,success
0470794A9C4C80,0,"['Arena', 'Museo Lapidario']",Tomba Giulietta,"['San Fermo', 'Museo Storia', 'Museo Radio', 'Verona Tour', 'Casa Giulietta']",Casa Giulietta,strategy_nearest,True,0.0019459724426269531,success
04707A429C4C80,3,"['Arena', 'Casa Giulietta']",Santa Anastasia,"['AMO', 'Museo Conte', 'Palazzo della Ragione', 'Teatro Romano', 'Centro Fotografia']",Teatro Romano,strategy_nearest,True,0.0027489662170410156,success
04707D429C4C80,3,"['Torre Lamberti', 'Santa Anastasia']",Teatro Romano,"['Duomo', 'AMO', 'Palazzo della Ragione', 'Museo Conte', 'Centro Fotografia']",Duomo,strategy_nearest,True,0.003019094467163086,success
04707E3A9C4C80,1,"['Arena', 'Casa Giulietta', 'Tomba Giulietta']",San Fermo,"['Museo Storia', 'Museo Radio', 'Centro Fotografia', 'Sighseeing', 'Torre Lamberti']",Palazzo della Ragione,strategy_nearest,False,0.001898050308227539,success
0470844A9C4C80,0,['Arena'],Casa Giulietta,"['Centro Fotografia', 'Sighseeing', 'Torre Lamberti', 'Museo Conte', 'Museo Radio']",Santa Anastasia,strategy_nearest,False,0.0027887821197509766,success
04708C4A9C4C80,0,['Arena'],Casa Giulietta,"['Centro Fotografia', 'Sighseeing', 'Torre Lamberti', 'Museo Conte', 'Museo Radio']",Santa Anastasia,strategy_nearest,False,0.0027511119842529297,success
047090429C4C80,1,['Arena'],Palazzo della Ragione,"['AMO', 'Museo Conte', 'Torre Lamberti', 'Centro Fotografia', 'Sighseeing']",Casa Giulietta,strategy_nearest,False,0.002366781234741211,success
0470A472743380,0,['Arena'],Casa Giulietta,"['Centro Fotografia', 'Sighseeing', 'Torre Lamberti', 'Museo Conte', 'Museo Radio']",Torre Lamberti,strategy_nearest,True,0.0031507015228271484,success
04708F3A9C4C80,1,"['San Zeno', 'Castelvecchio', 'Arena']",Casa Giulietta,"['Centro Fotografia', 'Sighseeing', 'Torre Lamberti', 'Museo Conte', 'Museo Radio']",Palazzo della Ragione,strategy_nearest,False,0.0061931610107421875,success
0470A572743380,1,"['Arena', 'Museo Lapidario', 'Castelvecchio']",Torre Lamberti,"['Sighseeing', 'Centro Fotografia', 'Museo Conte', 'Casa Giulietta', 'Palazzo della Ragione']",Palazzo della Ragione,strategy_nearest,True,0.002135038375854492,success
0470B4429C4C80,3,"['Arena', 'Casa Giulietta']",Torre Lamberti,"['Sighseeing', 'Centro Fotografia', 'Museo Conte', 'Palazzo della Ragione', 'AMO']",Santa Anastasia,strategy_nearest,False,0.0023360252380371094,success
0470B8429C4C80,1,"['Castelvecchio', 'Arena', 'Torre Lamberti']",Palazzo della Ragione,"['AMO', 'Museo Conte', 'Centro Fotografia', 'Sighseeing', 'Santa Anastasia']",Casa Giulietta,strategy_nearest,False,0.0029630661010742188,success
0470BA3A9C4C80,0,['Casa Giulietta'],Arena,"['Verona Tour', 'Museo Lapidario', 'Museo Radio', 'San Fermo', 'Sighseeing']",Torre Lamberti,strategy_nearest,False,0.00351715087890625,success
0470BE429C4C80,1,"['Arena', 'Casa Giulietta']",Palazzo della Ragione,"['AMO', 'Museo Conte', 'Torre Lamberti', 'Centro Fotografia', 'Sighseeing']",Torre Lamberti,strategy_nearest,True,0.003025054931640625,success
0470EF429C4C80,3,"['Arena', 'Casa Giulietta']",Santa Anastasia,"['AMO', 'Museo Conte', 'Palazzo della Ragione', 'Teatro Romano', 'Centro Fotografia']",Teatro Romano,strategy_nearest,True,0.0021178722381591797,success
0470EF3A9C4C80,1,"['Castelvecchio', 'Museo Lapidario', 'Arena']",Tomba Giulietta,"['San Fermo', 'Museo Storia', 'Museo Radio', 'Verona Tour', 'Casa Giulietta']",Santa Anastasia,strategy_nearest,False,0.0022509098052978516,success
0470EC3A9C4C80,1,"['Arena', 'Museo Lapidario', 'Castelvecchio', 'Torre Lamberti']",Palazzo della Ragione,"['AMO', 'Museo Conte', 'Centro Fotografia', 'Sighseeing', 'Santa Anastasia']",Casa Giulietta,strategy_nearest,False,0.0035789012908935547,success
0470F33A9C4C80,0,['Arena'],Teatro Romano,"['Santa Anastasia', 'Duomo', 'AMO', 'Palazzo della Ragione', 'Museo Conte']",Torre Lamberti,strategy_nearest,False,0.0030879974365234375,success
0470F43A9C4C80,0,['Castelvecchio'],Arena,"['Verona Tour', 'Museo Lapidario', 'Museo Radio', 'San Fermo', 'Casa Giulietta']",Torre Lamberti,strategy_nearest,False,0.0020580291748046875,success
04710D3A9C4C84,0,['Castelvecchio'],Arena,"['Verona Tour', 'Museo Lapidario', 'Museo Radio', 'San Fermo', 'Casa Giulietta']",Santa Anastasia,strategy_nearest,False,0.0029249191284179688,success
04710A3A9C4C84,1,"['Arena', 'Tomba Giulietta', 'Museo Lapidario']",Castelvecchio,"['Verona Tour', 'Museo Radio', 'San Zeno', 'Sighseeing', 'Museo Miniscalchi']",Torre Lamberti,strategy_nearest,False,0.0022869110107421875,success
04710E3A9C4C84,3,['Arena'],Torre Lamberti,"['Sighseeing', 'Centro Fotografia', 'Museo Conte', 'Casa Giulietta', 'Palazzo della Ragione']",Santa Anastasia,strategy_nearest,False,0.003770112991333008,success
0471193A9C4C84,1,"['Arena', 'Casa Giulietta']",Torre Lamberti,"['Sighseeing', 'Centro Fotografia', 'Museo Conte', 'Palazzo della Ragione', 'AMO']",Palazzo della Ragione,strategy_nearest,True,0.002454042434692383,success
0471244A9C4C80,1,"['Castelvecchio', 'Arena', 'Casa Giulietta', 'Torre Lamberti']",Palazzo della Ragione,"['AMO', 'Museo Conte', 'Centro Fotografia', 'Sighseeing', 'Santa Anastasia']",Santa Anastasia,strategy_nearest,True,0.0021262168884277344,success
047129429C4C84,3,"['San Zeno', 'Arena']",Casa Giulietta,"['Centro Fotografia', 'Sighseeing', 'Torre Lamberti', 'Museo Conte', 'Museo Radio']",Torre Lamberti,strategy_nearest,True,0.002710103988647461,success
047131429C4C80,3,"['Torre Lamberti', 'Santa Anastasia']",Duomo,"['AMO', 'Museo Miniscalchi', 'Teatro Romano', 'Palazzo della Ragione', 'Museo Conte']",Casa Giulietta,strategy_nearest,False,0.00436711311340332,success
0471393A9C4C80,1,['Arena'],Torre Lamberti,"['Sighseeing', 'Centro Fotografia', 'Museo Conte', 'Casa Giulietta', 'Palazzo della Ragione']",Palazzo della Ragione,strategy_nearest,True,0.0013430118560791016,success
047139429C4C80,0,['Arena'],Torre Lamberti,"['Sighseeing', 'Centro Fotografia', 'Museo Conte', 'Casa Giulietta', 'Palazzo della Ragione']",Casa Giulietta,strategy_nearest,True,0.003031015396118164,success
047141429C4C80,3,"['Torre Lamberti', 'Santa Anastasia']",Duomo,"['AMO', 'Museo Miniscalchi', 'Teatro Romano', 'Palazzo della Ragione', 'Museo Conte']",Casa Giulietta,strategy_nearest,False,0.003523111343383789,success
0471743A9C4C80,1,"['Tomba Giulietta', 'Arena']",Casa Giulietta,"['Centro Fotografia', 'Sighseeing', 'Torre Lamberti', 'Museo Conte', 'Museo Radio']",Palazzo della Ragione,strategy_nearest,False,0.002151966094970703,success
047173429C4C80,1,"['Arena', 'Casa Giulietta', 'Torre Lamberti']",Palazzo della Ragione,"['AMO', 'Museo Conte', 'Centro Fotografia', 'Sighseeing', 'Santa Anastasia']",Santa Anastasia,strategy_nearest,True,0.0020728111267089844,success
047170429C4C80,3,"['Arena', 'Torre Lamberti']",Casa Giulietta,"['Centro Fotografia', 'Sighseeing', 'Museo Conte', 'Museo Radio', 'Palazzo della Ragione']",Santa Anastasia,strategy_nearest,False,0.004282236099243164,success
047178429C4C80,3,"['Arena', 'Tomba Giulietta']",Duomo,"['AMO', 'Museo Miniscalchi', 'Santa Anastasia', 'Teatro Romano', 'Palazzo della Ragione']",Santa Anastasia,strategy_nearest,True,0.003361940383911133,success
0471794A9C4C80,1,"['Arena', 'Casa Giulietta']",Torre Lamberti,"['Sighseeing', 'Centro Fotografia', 'Museo Conte', 'Palazzo della Ragione', 'AMO']",Palazzo della Ragione,strategy_nearest,True,0.0025839805603027344,success
04717D3A9C4C80,0,['Arena'],Casa Giulietta,"['Centro Fotografia', 'Sighseeing', 'Torre Lamberti', 'Museo Conte', 'Museo Radio']",Castelvecchio,strategy_nearest,False,0.0028259754180908203,success
0471823A9C4C80,0,"['Arena', 'Museo Lapidario']",Castelvecchio,"['Verona Tour', 'Museo Radio', 'San Zeno', 'Sighseeing', 'Museo Miniscalchi']",Torre Lamberti,strategy_nearest,False,0.0036230087280273438,success
0471843A9C4C80,3,"['Arena', 'Casa Giulietta', 'Torre Lamberti']",Santa Anastasia,"['AMO', 'Museo Conte', 'Palazzo della Ragione', 'Teatro Romano', 'Centro Fotografia']",Duomo,strategy_nearest,False,0.0021131038665771484,success
04718B3A9C4C80,0,['Arena'],Casa Giulietta,"['Centro Fotografia', 'Sighseeing', 'Torre Lamberti', 'Museo Conte', 'Museo Radio']",Santa Anastasia,strategy_nearest,False,0.0025510787963867188,success
0471AA429C4C80,0,['Arena'],Casa Giulietta,"['Centro Fotografia', 'Sighseeing', 'Torre Lamberti', 'Museo Conte', 'Museo Radio']",Torre Lamberti,strategy_nearest,True,0.003667116165161133,success
0471AD429C4C80,0,['Casa Giulietta'],Torre Lamberti,"['Sighseeing', 'Centro Fotografia', 'Museo Conte', 'Palazzo della Ragione', 'AMO']",Arena,strategy_nearest,False,0.00325775146484375,success
0471AB429C4C80,1,"['Casa Giulietta', 'Teatro Romano']",Palazzo della Ragione,"['AMO', 'Museo Conte', 'Torre Lamberti', 'Centro Fotografia', 'Sighseeing']",Arena,strategy_nearest,False,0.004971981048583984,success
0471B1429C4C80,3,['Arena'],Torre Lamberti,"['Sighseeing', 'Centro Fotografia', 'Museo Conte', 'Casa Giulietta', 'Palazzo della Ragione']",Casa Giulietta,strategy_nearest,True,0.005160093307495117,success
0471C2429C4C80,3,"['Arena', 'Casa Giulietta']",Torre Lamberti,"['Sighseeing', 'Centro Fotografia', 'Museo Conte', 'Palazzo della Ragione', 'AMO']",Santa Anastasia,strategy_nearest,False,0.0020918846130371094,success
0471C63A9C4C80,0,['Arena'],Casa Giulietta,"['Centro Fotografia', 'Sighseeing', 'Torre Lamberti', 'Museo Conte', 'Museo Radio']",Castelvecchio,strategy_nearest,False,0.002931833267211914,success
0471C4429C4C80,1,"['Arena', 'Palazzo della Ragione']",Torre Lamberti,"['Sighseeing', 'Centro Fotografia', 'Museo Conte', 'Casa Giulietta', 'AMO']",Casa Giulietta,strategy_nearest,True,0.0029141902923583984,success
0471CC3A9C4C80,3,"['Arena', 'San Fermo']",Casa Giulietta,"['Centro Fotografia', 'Sighseeing', 'Torre Lamberti', 'Museo Conte', 'Museo Radio']",Torre Lamberti,strategy_nearest,True,0.0027799606323242188,success
0471F63A9C4C80,1,"['Castelvecchio', 'San Zeno']",Arena,"['Verona Tour', 'Museo Lapidario', 'Museo Radio', 'San Fermo', 'Casa Giulietta']",Torre Lamberti,strategy_nearest,False,0.002597808837890625,success
0471C8429C4C80,3,['Arena'],Casa Giulietta,"['Centro Fotografia', 'Sighseeing', 'Torre Lamberti', 'Museo Conte', 'Museo Radio']",Torre Lamberti,strategy_nearest,True,0.0030138492584228516,success
0471F93A9C4C80,3,"['Castelvecchio', 'Arena']",Duomo,"['AMO', 'Museo Miniscalchi', 'Santa Anastasia', 'Teatro Romano', 'Palazzo della Ragione']",Santa Anastasia,strategy_nearest,True,0.0030281543731689453,success
0472133A9C4C84,1,"['Arena', 'Casa Giulietta']",Palazzo della Ragione,"['AMO', 'Museo Conte', 'Torre Lamberti', 'Centro Fotografia', 'Sighseeing']",Torre Lamberti,strategy_nearest,True,0.002550840377807617,success
0472173A9C4C84,3,['Arena'],Casa Giulietta,"['Centro Fotografia', 'Sighseeing', 'Torre Lamberti', 'Museo Conte', 'Museo Radio']",Torre Lamberti,strategy_nearest,True,0.0025599002838134766,success
047219429C4C84,2,['Casa Giulietta'],Torre Lamberti,"['Sighseeing', 'Centro Fotografia', 'Museo Conte', 'Palazzo della Ragione', 'AMO']",Palazzo della Ragione,strategy_nearest,True,0.002421855926513672,success
04721B3A9C4C84,3,"['Arena', 'Museo Lapidario']",Torre Lamberti,"['Sighseeing', 'Centro Fotografia', 'Museo Conte', 'Casa Giulietta', 'Palazzo della Ragione']",Casa Giulietta,strategy_nearest,True,0.0031321048736572266,success
04721C3A9C4C84,3,"['Arena', 'Museo Lapidario', 'Torre Lamberti']",Casa Giulietta,"['Centro Fotografia', 'Sighseeing', 'Museo Conte', 'Museo Radio', 'Palazzo della Ragione']",Santa Anastasia,strategy_nearest,False,0.0026569366455078125,success
04721F3A9C4C84,3,"['Arena', 'Torre Lamberti']",Casa Giulietta,"['Centro Fotografia', 'Sighseeing', 'Museo Conte', 'Museo Radio', 'Palazzo della Ragione']",Santa Anastasia,strategy_nearest,False,0.0024597644805908203,success
04722F429C4C80,0,"['Arena', 'Casa Giulietta']",San Fermo,"['Museo Storia', 'Museo Radio', 'Centro Fotografia', 'Sighseeing', 'Torre Lamberti']",Duomo,strategy_nearest,False,0.0036039352416992188,success
04723A429C4C80,2,"['Castelvecchio', 'Santa Anastasia']",Duomo,"['AMO', 'Museo Miniscalchi', 'Teatro Romano', 'Palazzo della Ragione', 'Museo Conte']",Casa Giulietta,strategy_nearest,False,0.003580808639526367,success
0472473A9C4C80,1,"['Casa Giulietta', 'Torre Lamberti']",Palazzo della Ragione,"['AMO', 'Museo Conte', 'Centro Fotografia', 'Sighseeing', 'Santa Anastasia']",Santa Anastasia,strategy_nearest,True,0.0025589466094970703,success
047279429C4C80,0,['Arena'],Casa Giulietta,"['Centro Fotografia', 'Sighseeing', 'Torre Lamberti', 'Museo Conte', 'Museo Radio']",Santa Anastasia,strategy_nearest,False,0.0029239654541015625,success
047261429C4C80,0,['Arena'],Casa Giulietta,"['Centro Fotografia', 'Sighseeing', 'Torre Lamberti', 'Museo Conte', 'Museo Radio']",Duomo,strategy_nearest,False,0.002360105514526367,success
04723F3A9C4C80,1,"['Arena', 'Casa Giulietta']",Torre Lamberti,"['Sighseeing', 'Centro Fotografia', 'Museo Conte', 'Palazzo della Ragione', 'AMO']",Palazzo della Ragione,strategy_nearest,True,0.0052928924560546875,success
047284429C4C80,0,['Arena'],Casa Giulietta,"['Centro Fotografia', 'Sighseeing', 'Torre Lamberti', 'Museo Conte', 'Museo Radio']",Torre Lamberti,strategy_nearest,True,0.0021338462829589844,success
04727F429C4C80,3,['Arena'],Casa Giulietta,"['Centro Fotografia', 'Sighseeing', 'Torre Lamberti', 'Museo Conte', 'Museo Radio']",San Fermo,strategy_nearest,False,0.002958059310913086,success
0472823A9C4C80,2,['Torre Lamberti'],Palazzo della Ragione,"['AMO', 'Museo Conte', 'Centro Fotografia', 'Sighseeing', 'Santa Anastasia']",Casa Giulietta,strategy_nearest,False,0.003071308135986328,success
047289429C4C80,3,"['Arena', 'Castelvecchio']",Duomo,"['AMO', 'Museo Miniscalchi', 'Santa Anastasia', 'Teatro Romano', 'Palazzo della Ragione']",Teatro Romano,strategy_nearest,True,0.0034482479095458984,success
04728B3A9C4C80,1,"['Arena', 'Casa Giulietta', 'Torre Lamberti']",Palazzo della Ragione,"['AMO', 'Museo Conte', 'Centro Fotografia', 'Sighseeing', 'Santa Anastasia']",Santa Anastasia,strategy_nearest,True,0.002658843994140625,success
04728C4A9C4C80,3,['Arena'],Casa Giulietta,"['Centro Fotografia', 'Sighseeing', 'Torre Lamberti', 'Museo Conte', 'Museo Radio']",Teatro Romano,strategy_nearest,False,0.0026140213012695312,success
04728D429C4C80,0,['Arena'],Castelvecchio,"['Museo Lapidario', 'Verona Tour', 'Museo Radio', 'San Zeno', 'Sighseeing']",Casa Giulietta,strategy_nearest,False,0.0032629966735839844,success
04728F429C4C80,3,"['Torre Lamberti', 'Arena']",Castelvecchio,"['Museo Lapidario', 'Verona Tour', 'Museo Radio', 'San Zeno', 'Sighseeing']",Duomo,strategy_nearest,False,0.0024797916412353516,success
047293429C4C80,3,"['Arena', 'Casa Giulietta', 'Santa Anastasia']",Teatro Romano,"['Duomo', 'AMO', 'Palazzo della Ragione', 'Museo Conte', 'Centro Fotografia']",Duomo,strategy_nearest,True,0.0015397071838378906,success
0472AE429C4C80,1,"['Palazzo della Ragione', 'Torre Lamberti', 'Duomo']",Castelvecchio,"['Museo Lapidario', 'Verona Tour', 'Arena', 'Museo Radio', 'San Zeno']",Arena,strategy_nearest,True,0.0022399425506591797,success
0472B03A9C4C80,1,['Casa Giulietta'],Arena,"['Verona Tour', 'Museo Lapidario', 'Museo Radio', 'San Fermo', 'Sighseeing']",Castelvecchio,strategy_nearest,False,0.0035581588745117188,success
0472A8429C4C80,3,"['Casa Giulietta', 'Torre Lamberti']",Santa Anastasia,"['AMO', 'Museo Conte', 'Palazzo della Ragione', 'Teatro Romano', 'Centro Fotografia']",Arena,strategy_nearest,False,0.0030641555786132812,success
0472B2429C4C80,0,['Arena'],Torre Lamberti,"['Sighseeing', 'Centro Fotografia', 'Museo Conte', 'Casa Giulietta', 'Palazzo della Ragione']",Casa Giulietta,strategy_nearest,True,0.0029990673065185547,success
0472CF3A9C4C80,3,"['Castelvecchio', 'Torre Lamberti', 'Casa Giulietta']",Santa Anastasia,"['AMO', 'Museo Conte', 'Palazzo della Ragione', 'Teatro Romano', 'Centro Fotografia']",Duomo,strategy_nearest,False,0.0041790008544921875,success
0472EF429C4C80,3,['Arena'],Duomo,"['AMO', 'Museo Miniscalchi', 'Santa Anastasia', 'Teatro Romano', 'Palazzo della Ragione']",Santa Anastasia,strategy_nearest,True,0.0038077831268310547,success
0472E73A9C4C80,3,"['Castelvecchio', 'San Zeno', 'Arena']",Casa Giulietta,"['Centro Fotografia', 'Sighseeing', 'Torre Lamberti', 'Museo Conte', 'Museo Radio']",Torre Lamberti,strategy_nearest,True,0.002652883529663086,success
0473113A9C4C84,0,"['Museo Lapidario', 'Arena']",Casa Giulietta,"['Centro Fotografia', 'Sighseeing', 'Torre Lamberti', 'Museo Conte', 'Museo Radio']",Torre Lamberti,strategy_nearest,True,0.002766132354736328,success
0472FB3A9C4C80,3,"['Teatro Romano', 'Duomo']",Torre Lamberti,"['Sighseeing', 'Centro Fotografia', 'Museo Conte', 'Casa Giulietta', 'Palazzo della Ragione']",Arena,strategy_nearest,False,0.002524852752685547,success
0473133A9C4C84,3,"['Teatro Romano', 'Santa Anastasia', 'Museo Lapidario']",Castelvecchio,"['Verona Tour', 'Arena', 'Museo Radio', 'San Zeno', 'Sighseeing']",Casa Giulietta,strategy_nearest,False,0.0033349990844726562,success
0473173A9C4C84,0,['Arena'],Casa Giulietta,"['Centro Fotografia', 'Sighseeing', 'Torre Lamberti', 'Museo Conte', 'Museo Radio']",Santa Anastasia,strategy_nearest,False,0.0020151138305664062,success
04731B3A9C4C84,0,['Santa Anastasia'],Casa Giulietta,"['Centro Fotografia', 'Sighseeing', 'Torre Lamberti', 'Museo Conte', 'Museo Radio']",Arena,strategy_nearest,False,0.0020780563354492188,success
04731F3A9C4C84,1,"['Torre Lamberti', 'Palazzo della Ragione']",Teatro Romano,"['Santa Anastasia', 'Duomo', 'AMO', 'Museo Conte', 'Centro Fotografia']",Arena,strategy_nearest,False,0.002073049545288086,success
047330429C4C80,2,['Castelvecchio'],Santa Anastasia,"['AMO', 'Museo Conte', 'Palazzo della Ragione', 'Teatro Romano', 'Centro Fotografia']",Teatro Romano,strategy_nearest,True,0.002582073211669922,success
0473344A9C4C80,3,"['Arena', 'Casa Giulietta', 'Torre Lamberti']",San Zeno,"['Castelvecchio', 'Verona Tour', 'Museo Lapidario', 'Museo Miniscalchi', 'Sighseeing']",Castelvecchio,strategy_nearest,True,0.0035429000854492188,success
047338429C4C80,0,['Arena'],Casa Giulietta,"['Centro Fotografia', 'Sighseeing', 'Torre Lamberti', 'Museo Conte', 'Museo Radio']",Torre Lamberti,strategy_nearest,True,0.0027778148651123047,success
047365429C4C80,3,"['Casa Giulietta', 'Arena']",Castelvecchio,"['Museo Lapidario', 'Verona Tour', 'Museo Radio', 'San Zeno', 'Sighseeing']",Tomba Giulietta,strategy_nearest,False,0.0024352073669433594,success
04733B3A9C4C80,1,['Arena'],Casa Giulietta,"['Centro Fotografia', 'Sighseeing', 'Torre Lamberti', 'Museo Conte', 'Museo Radio']",Torre Lamberti,strategy_nearest,True,0.0033042430877685547,success
0473743A9C4C80,3,"['Arena', 'Castelvecchio']",Torre Lamberti,"['Sighseeing', 'Centro Fotografia', 'Museo Conte', 'Casa Giulietta', 'Palazzo della Ragione']",Casa Giulietta,strategy_nearest,True,0.0024869441986083984,success
0473783A9C4C80,0,['Castelvecchio'],Arena,"['Verona Tour', 'Museo Lapidario', 'Museo Radio', 'San Fermo', 'Casa Giulietta']",Teatro Romano,strategy_nearest,False,0.003603219985961914,success
0473833A9C4C80,3,"['Arena', 'Museo Lapidario', 'Torre Lamberti']",Santa Anastasia,"['AMO', 'Museo Conte', 'Palazzo della Ragione', 'Teatro Romano', 'Centro Fotografia']",Duomo,strategy_nearest,False,0.0028200149536132812,success
0473803A9C4C80,3,['Casa Giulietta'],Torre Lamberti,"['Sighseeing', 'Centro Fotografia', 'Museo Conte', 'Palazzo della Ragione', 'AMO']",Santa Anastasia,strategy_nearest,False,0.0035619735717773438,success
04737D4A9C4C80,2,"['Castelvecchio', 'Duomo']",Santa Anastasia,"['AMO', 'Museo Conte', 'Palazzo della Ragione', 'Teatro Romano', 'Centro Fotografia']",Casa Giulietta,strategy_nearest,False,0.0029659271240234375,success
047391429C4C80,0,['Arena'],Casa Giulietta,"['Centro Fotografia', 'Sighseeing', 'Torre Lamberti', 'Museo Conte', 'Museo Radio']",Torre Lamberti,strategy_nearest,True,0.003408193588256836,success
0473A472743380,1,"['Arena', 'Casa Giulietta', 'Torre Lamberti', 'Palazzo della Ragione']",Santa Anastasia,"['AMO', 'Museo Conte', 'Teatro Romano', 'Centro Fotografia', 'Duomo']",Tomba Giulietta,strategy_nearest,False,0.0021288394927978516,success
04738D3A9C4C80,3,"['Arena', 'Casa Giulietta']",Santa Anastasia,"['AMO', 'Museo Conte', 'Palazzo della Ragione', 'Teatro Romano', 'Centro Fotografia']",Teatro Romano,strategy_nearest,True,0.0015957355499267578,success
047390429C4C80,0,['Teatro Romano'],Arena,"['Verona Tour', 'Museo Lapidario', 'Museo Radio', 'San Fermo', 'Casa Giulietta']",Torre Lamberti,strategy_nearest,False,0.0028328895568847656,success
0473BA429C4C80,0,['Casa Giulietta'],Torre Lamberti,"['Sighseeing', 'Centro Fotografia', 'Museo Conte', 'Palazzo della Ragione', 'AMO']",Arena,strategy_nearest,False,0.0014979839324951172,success
0473B7429C4C80,1,"['Arena', 'Tomba Giulietta']",Casa Giulietta,"['Centro Fotografia', 'Sighseeing', 'Torre Lamberti', 'Museo Conte', 'Museo Radio']",Torre Lamberti,strategy_nearest,True,0.002895832061767578,success
0473A572743380,1,"['Santa Anastasia', 'Duomo', 'Teatro Romano', 'Casa Giulietta']",Torre Lamberti,"['Sighseeing', 'Centro Fotografia', 'Museo Conte', 'Palazzo della Ragione', 'AMO']",Palazzo della Ragione,strategy_nearest,True,0.002311229705810547,success
0473BF429C4C80,1,"['Arena', 'Palazzo della Ragione', 'Torre Lamberti']",Casa Giulietta,"['Centro Fotografia', 'Sighseeing', 'Museo Conte', 'Museo Radio', 'San Fermo']",Castelvecchio,strategy_nearest,False,0.003345966339111328,success
0473C2429C4C80,3,['Arena'],San Fermo,"['Museo Storia', 'Museo Radio', 'Casa Giulietta', 'Centro Fotografia', 'Sighseeing']",Santa Anastasia,strategy_nearest,False,0.0018191337585449219,success
0473CE3A9C4C80,0,['Torre Lamberti'],Casa Giulietta,"['Centro Fotografia', 'Sighseeing', 'Museo Conte', 'Museo Radio', 'Palazzo della Ragione']",Arena,strategy_nearest,False,0.002712249755859375,success
0473DB3A9C4C80,0,"['Arena', 'Casa Giulietta']",Torre Lamberti,"['Sighseeing', 'Centro Fotografia', 'Museo Conte', 'Palazzo della Ragione', 'AMO']",Giardino Giusti,strategy_nearest,False,0.0035958290100097656,success
0473EF3A9C4C80,0,"['Castelvecchio', 'Museo Lapidario']",Arena,"['Verona Tour', 'Museo Radio', 'San Fermo', 'Casa Giulietta', 'Sighseeing']",Casa Giulietta,strategy_nearest,True,0.0025589466094970703,success
0473DC3A9C4C80,1,"['Arena', 'Torre Lamberti']",Casa Giulietta,"['Centro Fotografia', 'Sighseeing', 'Museo Conte', 'Museo Radio', 'Palazzo della Ragione']",Palazzo della Ragione,strategy_nearest,True,0.003838062286376953,success
0474213A9C4C84,3,"['Teatro Romano', 'Santa Anastasia']",Torre Lamberti,"['Sighseeing', 'Centro Fotografia', 'Museo Conte', 'Casa Giulietta', 'Palazzo della Ragione']",Casa Giulietta,strategy_nearest,True,0.003278017044067383,success
0473FB3A9C4C80,0,"['Arena', 'Casa Giulietta']",Castelvecchio,"['Museo Lapidario', 'Verona Tour', 'Museo Radio', 'San Zeno', 'Sighseeing']",San Fermo,strategy_nearest,False,0.0027289390563964844,success
04741C429C4C84,0,['Arena'],Museo Lapidario,"['Verona Tour', 'Castelvecchio', 'Museo Radio', 'San Fermo', 'Casa Giulietta']",Torre Lamberti,strategy_nearest,False,0.0027320384979248047,success
047432429C4C80,3,"['Arena', 'San Zeno']",Torre Lamberti,"['Sighseeing', 'Centro Fotografia', 'Museo Conte', 'Casa Giulietta', 'Palazzo della Ragione']",Santa Anastasia,strategy_nearest,False,0.0036520957946777344,success
047435429C4C80,0,['Arena'],Casa Giulietta,"['Centro Fotografia', 'Sighseeing', 'Torre Lamberti', 'Museo Conte', 'Museo Radio']",Torre Lamberti,strategy_nearest,True,0.0029859542846679688,success
047433429C4C80,0,['Arena'],Museo Lapidario,"['Verona Tour', 'Castelvecchio', 'Museo Radio', 'San Fermo', 'Casa Giulietta']",Castelvecchio,strategy_nearest,True,0.0020170211791992188,success
0474373A9C4C80,0,['Arena'],Casa Giulietta,"['Centro Fotografia', 'Sighseeing', 'Torre Lamberti', 'Museo Conte', 'Museo Radio']",Teatro Romano,strategy_nearest,False,0.003701925277709961,success
047438429C4C80,1,"['Casa Giulietta', 'Torre Lamberti']",Palazzo della Ragione,"['AMO', 'Museo Conte', 'Centro Fotografia', 'Sighseeing', 'Santa Anastasia']",Arena,strategy_nearest,False,0.0024950504302978516,success
047451429C4C80,1,"['Arena', 'Museo Lapidario']",Casa Giulietta,"['Centro Fotografia', 'Sighseeing', 'Torre Lamberti', 'Museo Conte', 'Museo Radio']",Torre Lamberti,strategy_nearest,True,0.0019788742065429688,success
0474513A9C4C80,1,"['Arena', 'Casa Giulietta']",Torre Lamberti,"['Sighseeing', 'Centro Fotografia', 'Museo Conte', 'Palazzo della Ragione', 'AMO']",Palazzo della Ragione,strategy_nearest,True,0.0034241676330566406,success
0474563A9C4C80,4,"['Torre Lamberti', 'Santa Anastasia', 'Duomo']",Teatro Romano,"['AMO', 'Palazzo della Ragione', 'Museo Conte', 'Centro Fotografia', 'Museo Miniscalchi']",Arena,strategy_nearest,False,0.0030050277709960938,success
047465429C4C80,3,"['Arena', 'Santa Anastasia']",Teatro Romano,"['Duomo', 'AMO', 'Palazzo della Ragione', 'Museo Conte', 'Centro Fotografia']",Duomo,strategy_nearest,True,0.0023779869079589844,success
047461429C4C80,0,['Torre Lamberti'],Teatro Romano,"['Santa Anastasia', 'Duomo', 'AMO', 'Palazzo della Ragione', 'Museo Conte']",Arena,strategy_nearest,False,0.0031270980834960938,success
0474794A9C4C80,1,"['Torre Lamberti', 'Palazzo della Ragione']",Duomo,"['AMO', 'Museo Miniscalchi', 'Santa Anastasia', 'Teatro Romano', 'Museo Conte']",Teatro Romano,strategy_nearest,True,0.0034220218658447266,success
04747D4A9C4C80,0,['San Zeno'],Duomo,"['AMO', 'Museo Miniscalchi', 'Santa Anastasia', 'Teatro Romano', 'Palazzo della Ragione']",Casa Giulietta,strategy_nearest,False,0.0024411678314208984,success
04747C429C4C80,1,['Arena'],Torre Lamberti,"['Sighseeing', 'Centro Fotografia', 'Museo Conte', 'Casa Giulietta', 'Palazzo della Ragione']",Palazzo della Ragione,strategy_nearest,True,0.002656221389770508,success
04748B429C4C80,1,"['Arena', 'Casa Giulietta', 'Santa Anastasia']",Duomo,"['AMO', 'Museo Miniscalchi', 'Teatro Romano', 'Palazzo della Ragione', 'Museo Conte']",Torre Lamberti,strategy_nearest,False,0.0013699531555175781,success
047487429C4C80,3,"['Arena', 'Casa Giulietta', 'Santa Anastasia']",Torre Lamberti,"['Sighseeing', 'Centro Fotografia', 'Museo Conte', 'Palazzo della Ragione', 'AMO']",Giardino Giusti,strategy_nearest,False,0.0033071041107177734,success
0474A63A9C4C80,0,['Arena'],Casa Giulietta,"['Centro Fotografia', 'Sighseeing', 'Torre Lamberti', 'Museo Conte', 'Museo Radio']",Torre Lamberti,strategy_nearest,True,0.002541065216064453,success
0474AB429C4C80,0,['Museo Lapidario'],Arena,"['Verona Tour', 'Museo Radio', 'San Fermo', 'Casa Giulietta', 'Sighseeing']",Casa Giulietta,strategy_nearest,True,0.002003908157348633,success
0474A8429C4C80,1,"['Casa Giulietta', 'Torre Lamberti', 'Palazzo della Ragione']",Arena,"['Verona Tour', 'Museo Lapidario', 'Museo Radio', 'San Fermo', 'Sighseeing']",Castelvecchio,strategy_nearest,False,0.002621889114379883,success
04748D3A9C4C80,3,"['Arena', 'San Fermo']",Casa Giulietta,"['Centro Fotografia', 'Sighseeing', 'Torre Lamberti', 'Museo Conte', 'Museo Radio']",Santa Anastasia,strategy_nearest,False,0.0035829544067382812,success
0474AF429C4C80,1,"['Arena', 'Castelvecchio']",Torre Lamberti,"['Sighseeing', 'Centro Fotografia', 'Museo Conte', 'Casa Giulietta', 'Palazzo della Ragione']",Palazzo della Ragione,strategy_nearest,True,0.0016138553619384766,success
0474B93A9C4C80,4,"['Duomo', 'Torre Lamberti', 'Casa Giulietta']",Arena,"['Verona Tour', 'Museo Lapidario', 'Museo Radio', 'San Fermo', 'Sighseeing']",Castelvecchio,strategy_nearest,False,0.003803730010986328,success
0474BA429C4C80,3,"['Castelvecchio', 'Casa Giulietta', 'Arena']",San Fermo,"['Museo Storia', 'Museo Radio', 'Centro Fotografia', 'Sighseeing', 'Torre Lamberti']",Teatro Romano,strategy_nearest,False,0.0028421878814697266,success
0474AE429C4C80,1,"['Palazzo della Ragione', 'Torre Lamberti', 'Duomo']",Castelvecchio,"['Museo Lapidario', 'Verona Tour', 'Arena', 'Museo Radio', 'San Zeno']",Arena,strategy_nearest,True,0.0027153491973876953,success
0474BB429C4C80,3,"['Arena', 'Casa Giulietta']",Torre Lamberti,"['Sighseeing', 'Centro Fotografia', 'Museo Conte', 'Palazzo della Ragione', 'AMO']",Teatro Romano,strategy_nearest,False,0.00222015380859375,success
0474C13A9C4C80,0,['Arena'],Casa Giulietta,"['Centro Fotografia', 'Sighseeing', 'Torre Lamberti', 'Museo Conte', 'Museo Radio']",Palazzo della Ragione,strategy_nearest,False,0.0021109580993652344,success
0474CA429C4C80,3,"['Tomba Giulietta', 'Museo Lapidario', 'Castelvecchio']",San Fermo,"['Museo Storia', 'Museo Radio', 'Casa Giulietta', 'Centro Fotografia', 'Arena']",Casa Giulietta,strategy_nearest,True,0.002835988998413086,success
0474D63A9C4C80,1,"['Arena', 'Casa Giulietta']",Torre Lamberti,"['Sighseeing', 'Centro Fotografia', 'Museo Conte', 'Palazzo della Ragione', 'AMO']",Palazzo della Ragione,strategy_nearest,True,0.0028998851776123047,success
0474D13A9C4C80,0,['Arena'],Torre Lamberti,"['Sighseeing', 'Centro Fotografia', 'Museo Conte', 'Casa Giulietta', 'Palazzo della Ragione']",Casa Giulietta,strategy_nearest,True,0.0039310455322265625,success
04750F3A9C4C84,1,"['Tomba Giulietta', 'Arena', 'Casa Giulietta']",San Fermo,"['Museo Storia', 'Museo Radio', 'Centro Fotografia', 'Sighseeing', 'Torre Lamberti']",Palazzo della Ragione,strategy_nearest,False,0.0028619766235351562,success
047512C27B3F80,2,"['Torre Lamberti', 'Duomo', 'Santa Anastasia']",Castelvecchio,"['Museo Lapidario', 'Verona Tour', 'Arena', 'Museo Radio', 'San Zeno']",Casa Giulietta,strategy_nearest,False,0.00298309326171875,success
047519C27B3F80,1,"['Casa Giulietta', 'Torre Lamberti', 'Arena']",Palazzo della Ragione,"['AMO', 'Museo Conte', 'Centro Fotografia', 'Sighseeing', 'Santa Anastasia']",Duomo,strategy_nearest,False,0.0016162395477294922,success
047513C27B3F80,2,"['Duomo', 'Santa Anastasia']",Castelvecchio,"['Museo Lapidario', 'Verona Tour', 'Arena', 'Museo Radio', 'San Zeno']",Casa Giulietta,strategy_nearest,False,0.0029761791229248047,success
047518C27B3F80,1,"['Arena', 'Casa Giulietta', 'Torre Lamberti', 'Palazzo della Ragione']",Santa Anastasia,"['AMO', 'Museo Conte', 'Teatro Romano', 'Centro Fotografia', 'Duomo']",Tomba Giulietta,strategy_nearest,False,0.003564119338989258,success
04751E3A9C4C84,1,"['Arena', 'Casa Giulietta']",Torre Lamberti,"['Sighseeing', 'Centro Fotografia', 'Museo Conte', 'Palazzo della Ragione', 'AMO']",Palazzo della Ragione,strategy_nearest,True,0.0036039352416992188,success
04751EC27B3F80,2,['Castelvecchio'],San Zeno,"['Verona Tour', 'Museo Lapidario', 'Arena', 'Museo Miniscalchi', 'Sighseeing']",Torre Lamberti,strategy_nearest,False,0.0021812915802001953,success
0475263A9C4C84,3,['Arena'],Torre Lamberti,"['Sighseeing', 'Centro Fotografia', 'Museo Conte', 'Casa Giulietta', 'Palazzo della Ragione']",Casa Giulietta,strategy_nearest,True,0.002730846405029297,success
04751FC27B3F80,3,"['Castelvecchio', 'Tomba Giulietta', 'Arena']",Casa Giulietta,"['Centro Fotografia', 'Sighseeing', 'Torre Lamberti', 'Museo Conte', 'Museo Radio']",Torre Lamberti,strategy_nearest,True,0.0034241676330566406,success
047530C27B3F80,3,"['Castelvecchio', 'Tomba Giulietta', 'Arena']",San Fermo,"['Museo Storia', 'Museo Radio', 'Casa Giulietta', 'Centro Fotografia', 'Sighseeing']",Casa Giulietta,strategy_nearest,True,0.004309177398681641,success
047537C27B3F80,3,"['Casa Giulietta', 'Torre Lamberti', 'Santa Anastasia']",Teatro Romano,"['Duomo', 'AMO', 'Palazzo della Ragione', 'Museo Conte', 'Centro Fotografia']",Duomo,strategy_nearest,True,0.0023140907287597656,success
047538C27B3F80,3,"['Casa Giulietta', 'Torre Lamberti']",Teatro Romano,"['Santa Anastasia', 'Duomo', 'AMO', 'Palazzo della Ragione', 'Museo Conte']",Duomo,strategy_nearest,True,0.004735231399536133,success
04757A4A9C4C80,0,['Arena'],Castelvecchio,"['Museo Lapidario', 'Verona Tour', 'Museo Radio', 'San Zeno', 'Sighseeing']",Teatro Romano,strategy_nearest,False,0.0034148693084716797,success
04757B3A9C4C80,1,"['Teatro Romano', 'Casa Giulietta', 'Torre Lamberti']",Palazzo della Ragione,"['AMO', 'Museo Conte', 'Centro Fotografia', 'Sighseeing', 'Santa Anastasia']",Arena,strategy_nearest,False,0.0026938915252685547,success
0475843A9C4C80,1,['Arena'],Casa Giulietta,"['Centro Fotografia', 'Sighseeing', 'Torre Lamberti', 'Museo Conte', 'Museo Radio']",Torre Lamberti,strategy_nearest,True,0.0022940635681152344,success
04757F429C4C80,3,"['San Fermo', 'Santa Anastasia', 'Teatro Romano']",Duomo,"['AMO', 'Museo Miniscalchi', 'Palazzo della Ragione', 'Museo Conte', 'Torre Lamberti']",Casa Giulietta,strategy_nearest,False,0.003659963607788086,success
04758BC27B3F80,1,"['Arena', 'Casa Giulietta', 'Torre Lamberti']",Palazzo della Ragione,"['AMO', 'Museo Conte', 'Centro Fotografia', 'Sighseeing', 'Santa Anastasia']",Santa Anastasia,strategy_nearest,True,0.0031900405883789062,success
0475833A9C4C80,0,['Arena'],Castelvecchio,"['Museo Lapidario', 'Verona Tour', 'Museo Radio', 'San Zeno', 'Sighseeing']",Casa Giulietta,strategy_nearest,False,0.0037631988525390625,success
0475A9C27B3F80,0,['Arena'],Casa Giulietta,"['Centro Fotografia', 'Sighseeing', 'Torre Lamberti', 'Museo Conte', 'Museo Radio']",Duomo,strategy_nearest,False,0.0014231204986572266,success
0475A83A9C4C80,3,"['Arena', 'Casa Giulietta']",Teatro Romano,"['Santa Anastasia', 'Duomo', 'AMO', 'Palazzo della Ragione', 'Museo Conte']",Santa Anastasia,strategy_nearest,True,0.0028510093688964844,success
04758F429C4C80,0,['Arena'],Casa Giulietta,"['Centro Fotografia', 'Sighseeing', 'Torre Lamberti', 'Museo Conte', 'Museo Radio']",Torre Lamberti,strategy_nearest,True,0.0034770965576171875,success
0475AC429C4C80,2,['Casa Giulietta'],Santa Anastasia,"['AMO', 'Museo Conte', 'Palazzo della Ragione', 'Teatro Romano', 'Centro Fotografia']",Duomo,strategy_nearest,False,0.0032072067260742188,success
0475AFC27B3F80,0,['Arena'],Casa Giulietta,"['Centro Fotografia', 'Sighseeing', 'Torre Lamberti', 'Museo Conte', 'Museo Radio']",Duomo,strategy_nearest,False,0.003200054168701172,success
0475BA429C4C80,0,['Casa Giulietta'],Arena,"['Verona Tour', 'Museo Lapidario', 'Museo Radio', 'San Fermo', 'Sighseeing']",Castelvecchio,strategy_nearest,False,0.0014541149139404297,success
0475AF429C4C80,0,['Casa Giulietta'],Torre Lamberti,"['Sighseeing', 'Centro Fotografia', 'Museo Conte', 'Palazzo della Ragione', 'AMO']",Castelvecchio,strategy_nearest,False,0.002508878707885742,success
0475BBC27B3F80,0,['Arena'],Santa Anastasia,"['AMO', 'Museo Conte', 'Palazzo della Ragione', 'Teatro Romano', 'Centro Fotografia']",Castelvecchio,strategy_nearest,False,0.003564119338989258,success
0475C0429C4C80,0,['Casa Giulietta'],Torre Lamberti,"['Sighseeing', 'Centro Fotografia', 'Museo Conte', 'Palazzo della Ragione', 'AMO']",Arena,strategy_nearest,False,0.0035288333892822266,success
0475C8429C4C80,0,['Arena'],Torre Lamberti,"['Sighseeing', 'Centro Fotografia', 'Museo Conte', 'Casa Giulietta', 'Palazzo della Ragione']",Casa Giulietta,strategy_nearest,True,0.003531932830810547,success
0475E8C27B3F80,1,"['Torre Lamberti', 'Casa Giulietta', 'Palazzo della Ragione']",Arena,"['Verona Tour', 'Museo Lapidario', 'Museo Radio', 'San Fermo', 'Sighseeing']",Castelvecchio,strategy_nearest,False,0.0037221908569335938,success
0475E9C27B3F80,1,"['Torre Lamberti', 'Casa Giulietta', 'Palazzo della Ragione']",Arena,"['Verona Tour', 'Museo Lapidario', 'Museo Radio', 'San Fermo', 'Sighseeing']",Castelvecchio,strategy_nearest,False,0.004470109939575195,success
0475FBC27B3F80,3,"['Arena', 'Torre Lamberti', 'Teatro Romano', 'Casa Giulietta']",Tomba Giulietta,"['San Fermo', 'Museo Storia', 'Museo Lapidario', 'Museo Radio', 'Verona Tour']",Castelvecchio,strategy_nearest,False,0.0017650127410888672,success
0475EEC27B3F80,3,"['Arena', 'Casa Giulietta', 'San Fermo']",Torre Lamberti,"['Sighseeing', 'Centro Fotografia', 'Museo Conte', 'Palazzo della Ragione', 'AMO']",Duomo,strategy_nearest,False,0.003309011459350586,success
0475FCC27B3F80,3,"['Arena', 'Torre Lamberti', 'Teatro Romano', 'Casa Giulietta']",Tomba Giulietta,"['San Fermo', 'Museo Storia', 'Museo Lapidario', 'Museo Radio', 'Verona Tour']",Castelvecchio,strategy_nearest,False,0.003156900405883789,success
0476073A9C4C84,0,['Arena'],Duomo,"['AMO', 'Museo Miniscalchi', 'Santa Anastasia', 'Teatro Romano', 'Palazzo della Ragione']",Castelvecchio,strategy_nearest,False,0.0034689903259277344,success
047610C27B3F80,3,"['Giardino Giusti', 'Teatro Romano', 'Santa Anastasia', 'Torre Lamberti']",Casa Giulietta,"['Centro Fotografia', 'Sighseeing', 'Museo Conte', 'Museo Radio', 'Palazzo della Ragione']",Arena,strategy_nearest,False,0.0014238357543945312,success
04760D429C4C80,3,['Arena'],Torre Lamberti,"['Sighseeing', 'Centro Fotografia', 'Museo Conte', 'Casa Giulietta', 'Palazzo della Ragione']",Santa Anastasia,strategy_nearest,False,0.003597736358642578,success
0476133A9C4C84,3,"['Arena', 'Castelvecchio']",Teatro Romano,"['Santa Anastasia', 'Duomo', 'AMO', 'Palazzo della Ragione', 'Museo Conte']",Santa Anastasia,strategy_nearest,True,0.0032739639282226562,success
047611429C4C84,3,"['Teatro Romano', 'Duomo']",Santa Anastasia,"['AMO', 'Museo Conte', 'Palazzo della Ragione', 'Centro Fotografia', 'Torre Lamberti']",Casa Giulietta,strategy_nearest,False,0.0032711029052734375,success
047615C27B3F80,3,"['Arena', 'Castelvecchio', 'Teatro Romano']",Casa Giulietta,"['Centro Fotografia', 'Sighseeing', 'Torre Lamberti', 'Museo Conte', 'Museo Radio']",Torre Lamberti,strategy_nearest,True,0.002095937728881836,success
047616C27B3F80,3,"['Arena', 'Torre Lamberti']",Santa Anastasia,"['AMO', 'Museo Conte', 'Palazzo della Ragione', 'Teatro Romano', 'Centro Fotografia']",Casa Giulietta,strategy_nearest,False,0.0021469593048095703,success
04761CC27B3F80,3,"['Torre Lamberti', 'Santa Anastasia', 'Tomba Giulietta', 'San Fermo']",Casa Giulietta,"['Centro Fotografia', 'Sighseeing', 'Museo Conte', 'Museo Radio', 'Palazzo della Ragione']",Arena,strategy_nearest,False,0.0028460025787353516,success
04761B3A9C4C84,1,['Arena'],Torre Lamberti,"['Sighseeing', 'Centro Fotografia', 'Museo Conte', 'Casa Giulietta', 'Palazzo della Ragione']",Palazzo della Ragione,strategy_nearest,True,0.003694295883178711,success
04761DC27B3F80,3,"['San Fermo', 'Casa Giulietta', 'Torre Lamberti']",Santa Anastasia,"['AMO', 'Museo Conte', 'Palazzo della Ragione', 'Teatro Romano', 'Centro Fotografia']",Duomo,strategy_nearest,False,0.0015909671783447266,success
047623C27B3F80,1,"['Castelvecchio', 'San Zeno', 'Torre Lamberti', 'Palazzo della Ragione']",Casa Giulietta,"['Centro Fotografia', 'Sighseeing', 'Museo Conte', 'Museo Radio', 'San Fermo']",Santa Anastasia,strategy_nearest,False,0.003437042236328125,success
047622C27B3F80,1,"['Arena', 'Museo Lapidario', 'Casa Giulietta']",Torre Lamberti,"['Sighseeing', 'Centro Fotografia', 'Museo Conte', 'Palazzo della Ragione', 'AMO']",Palazzo della Ragione,strategy_nearest,True,0.002302885055541992,success
04761F3A9C4C84,0,['Arena'],Casa Giulietta,"['Centro Fotografia', 'Sighseeing', 'Torre Lamberti', 'Museo Conte', 'Museo Radio']",Torre Lamberti,strategy_nearest,True,0.0030450820922851562,success
047628C27B3F80,3,"['Arena', 'Santa Anastasia']",Duomo,"['AMO', 'Museo Miniscalchi', 'Teatro Romano', 'Palazzo della Ragione', 'Museo Conte']",Casa Giulietta,strategy_nearest,False,0.0027980804443359375,success
047631429C4C80,0,['Arena'],Casa Giulietta,"['Centro Fotografia', 'Sighseeing', 'Torre Lamberti', 'Museo Conte', 'Museo Radio']",Tomba Giulietta,strategy_nearest,False,0.0028791427612304688,success
047632429C4C80,4,"['Torre Lamberti', 'Palazzo della Ragione', 'Casa Giulietta', 'Santa Anastasia']",Teatro Romano,"['Duomo', 'AMO', 'Museo Conte', 'Centro Fotografia', 'Museo Miniscalchi']",Castelvecchio,strategy_nearest,False,0.0022079944610595703,success
04763CC27B3F80,1,"['Palazzo della Ragione', 'Torre Lamberti']",Casa Giulietta,"['Centro Fotografia', 'Sighseeing', 'Museo Conte', 'Museo Radio', 'San Fermo']",Arena,strategy_nearest,False,0.003535032272338867,success
047642C27B3F80,3,"['Arena', 'Santa Anastasia']",Duomo,"['AMO', 'Museo Miniscalchi', 'Teatro Romano', 'Palazzo della Ragione', 'Museo Conte']",Casa Giulietta,strategy_nearest,False,0.0028340816497802734,success
04763DC27B3F80,4,"['Arena', 'Museo Lapidario', 'San Fermo', 'Museo Storia', 'Casa Giulietta']",Torre Lamberti,"['Sighseeing', 'Centro Fotografia', 'Museo Conte', 'Palazzo della Ragione', 'AMO']",Santa Anastasia,strategy_nearest,False,0.0021860599517822266,success
047660C27B3F80,4,"['Arena', 'Museo Lapidario', 'San Fermo', 'Museo Storia', 'Casa Giulietta']",Torre Lamberti,"['Sighseeing', 'Centro Fotografia', 'Museo Conte', 'Palazzo della Ragione', 'AMO']",Santa Anastasia,strategy_nearest,False,0.0036170482635498047,success
047643C27B3F80,1,"['Arena', 'Torre Lamberti', 'Palazzo della Ragione']",Casa Giulietta,"['Centro Fotografia', 'Sighseeing', 'Museo Conte', 'Museo Radio', 'San Fermo']",Duomo,strategy_nearest,False,0.0032258033752441406,success
047661C27B3F80,2,"['Torre Lamberti', 'Palazzo della Ragione']",Casa Giulietta,"['Centro Fotografia', 'Sighseeing', 'Museo Conte', 'Museo Radio', 'San Fermo']",Santa Anastasia,strategy_nearest,False,0.0029518604278564453,success
047666C27B3F80,1,"['Arena', 'Castelvecchio']",Casa Giulietta,"['Centro Fotografia', 'Sighseeing', 'Torre Lamberti', 'Museo Conte', 'Museo Radio']",Palazzo della Ragione,strategy_nearest,False,0.0021698474884033203,success
047667429C4C80,0,['Arena'],Casa Giulietta,"['Centro Fotografia', 'Sighseeing', 'Torre Lamberti', 'Museo Conte', 'Museo Radio']",Teatro Romano,strategy_nearest,False,0.002838134765625,success
04766CC27B3F80,4,"['Arena', 'Museo Lapidario', 'San Fermo', 'Casa Giulietta', 'Santa Anastasia']",Torre Lamberti,"['Sighseeing', 'Centro Fotografia', 'Museo Conte', 'Palazzo della Ragione', 'AMO']",San Zeno,strategy_nearest,False,0.0019288063049316406,success
047667C27B3F80,3,"['Casa Giulietta', 'Torre Lamberti']",Arena,"['Verona Tour', 'Museo Lapidario', 'Museo Radio', 'San Fermo', 'Sighseeing']",Castelvecchio,strategy_nearest,False,0.003110170364379883,success
04766DC27B3F80,3,"['Arena', 'Casa Giulietta', 'Torre Lamberti']",Duomo,"['AMO', 'Museo Miniscalchi', 'Santa Anastasia', 'Teatro Romano', 'Palazzo della Ragione']",Santa Anastasia,strategy_nearest,True,0.002711057662963867,success
047672C27B3F80,1,"['San Fermo', 'Casa Giulietta', 'Castelvecchio']",Arena,"['Verona Tour', 'Museo Lapidario', 'Museo Radio', 'Sighseeing', 'Torre Lamberti']",Teatro Romano,strategy_nearest,False,0.002591848373413086,success
047677429C4C80,3,"['Arena', 'Torre Lamberti']",Casa Giulietta,"['Centro Fotografia', 'Sighseeing', 'Museo Conte', 'Museo Radio', 'Palazzo della Ragione']",Santa Anastasia,strategy_nearest,False,0.0018558502197265625,success
047673C27B3F80,1,"['Palazzo della Ragione', 'Casa Giulietta']",Arena,"['Verona Tour', 'Museo Lapidario', 'Museo Radio', 'San Fermo', 'Sighseeing']",Castelvecchio,strategy_nearest,False,0.0027980804443359375,success
0476783A9C4C80,1,"['Arena', 'Casa Giulietta', 'Torre Lamberti']",Palazzo della Ragione,"['AMO', 'Museo Conte', 'Centro Fotografia', 'Sighseeing', 'Santa Anastasia']",Teatro Romano,strategy_nearest,False,0.0034608840942382812,success
04767C429C4C80,1,['Arena'],Torre Lamberti,"['Sighseeing', 'Centro Fotografia', 'Museo Conte', 'Casa Giulietta', 'Palazzo della Ragione']",Palazzo della Ragione,strategy_nearest,True,0.002396821975708008,success
04767B3A9C4C80,3,"['Casa Giulietta', 'Arena']",Castelvecchio,"['Museo Lapidario', 'Verona Tour', 'Museo Radio', 'San Zeno', 'Sighseeing']",Torre Lamberti,strategy_nearest,False,0.0033721923828125,success
04767D3A9C4C80,1,"['Arena', 'Casa Giulietta', 'Torre Lamberti']",Palazzo della Ragione,"['AMO', 'Museo Conte', 'Centro Fotografia', 'Sighseeing', 'Santa Anastasia']",Santa Anastasia,strategy_nearest,True,0.003175973892211914,success
0476823A9C4C80,0,"['Torre Lamberti', 'Arena']",Castelvecchio,"['Museo Lapidario', 'Verona Tour', 'Museo Radio', 'San Zeno', 'Sighseeing']",Casa Giulietta,strategy_nearest,False,0.0023839473724365234,success
0476833A9C4C80,0,['Arena'],Casa Giulietta,"['Centro Fotografia', 'Sighseeing', 'Torre Lamberti', 'Museo Conte', 'Museo Radio']",Castelvecchio,strategy_nearest,False,0.003464221954345703,success
047685C27B3F80,1,"['Arena', 'Santa Anastasia', 'Duomo']",Torre Lamberti,"['Sighseeing', 'Centro Fotografia', 'Museo Conte', 'Casa Giulietta', 'Palazzo della Ragione']",Palazzo della Ragione,strategy_nearest,True,0.002566814422607422,success
047684C27B3F80,1,"['Castelvecchio', 'Santa Anastasia', 'Arena', 'Casa Giulietta']",Casa Giulietta,"['Centro Fotografia', 'Sighseeing', 'Torre Lamberti', 'Museo Conte', 'Museo Radio']",Torre Lamberti,strategy_nearest,True,0.0027289390563964844,success
047688429C4C80,4,['Museo Radio'],Arena,"['Verona Tour', 'Museo Lapidario', 'San Fermo', 'Casa Giulietta', 'Sighseeing']",Torre Lamberti,strategy_nearest,False,0.00197601318359375,success
0476873A9C4C80,1,"['Arena', 'Casa Giulietta']",Torre Lamberti,"['Sighseeing', 'Centro Fotografia', 'Museo Conte', 'Palazzo della Ragione', 'AMO']",Palazzo della Ragione,strategy_nearest,True,0.0030281543731689453,success
0476893A9C4C80,2,"['Casa Giulietta', 'Torre Lamberti']",Castelvecchio,"['Museo Lapidario', 'Verona Tour', 'Arena', 'Museo Radio', 'San Zeno']",San Zeno,strategy_nearest,True,0.00255584716796875,success
04768B4A9C4C80,1,"['Arena', 'Castelvecchio', 'Casa Giulietta']",Torre Lamberti,"['Sighseeing', 'Centro Fotografia', 'Museo Conte', 'Palazzo della Ragione', 'AMO']",Palazzo della Ragione,strategy_nearest,True,0.002141237258911133,success
047689429C4C80,0,['Torre Lamberti'],Arena,"['Verona Tour', 'Museo Lapidario', 'Museo Radio', 'San Fermo', 'Casa Giulietta']",Castelvecchio,strategy_nearest,False,0.002744913101196289,success
04768E429C4C80,3,['Arena'],Casa Giulietta,"['Centro Fotografia', 'Sighseeing', 'Torre Lamberti', 'Museo Conte', 'Museo Radio']",Santa Anastasia,strategy_nearest,False,0.0028657913208007812,success
04768F3A9C4C80,1,"['Arena', 'Casa Giulietta', 'Torre Lamberti']",Palazzo della Ragione,"['AMO', 'Museo Conte', 'Centro Fotografia', 'Sighseeing', 'Santa Anastasia']",Teatro Romano,strategy_nearest,False,0.003366231918334961,success
04769B429C4C80,3,"['Teatro Romano', 'Duomo', 'Santa Anastasia', 'Torre Lamberti']",Casa Giulietta,"['Centro Fotografia', 'Sighseeing', 'Museo Conte', 'Museo Radio', 'Palazzo della Ragione']",Arena,strategy_nearest,False,0.0023081302642822266,success
0476A34A9C4C80,0,['Casa Giulietta'],Torre Lamberti,"['Sighseeing', 'Centro Fotografia', 'Museo Conte', 'Palazzo della Ragione', 'AMO']",Arena,strategy_nearest,False,0.0026891231536865234,success
04769DC27B3F80,1,"['Teatro Romano', 'Santa Anastasia', 'Casa Giulietta']",San Zeno,"['Castelvecchio', 'Verona Tour', 'Museo Lapidario', 'Arena', 'Museo Miniscalchi']",Castelvecchio,strategy_nearest,True,0.0021009445190429688,success
0476A672743380,6,"['Castelvecchio', 'Arena', 'Casa Giulietta', 'San Fermo', 'Santa Anastasia']",Duomo,"['AMO', 'Museo Miniscalchi', 'Teatro Romano', 'Palazzo della Ragione', 'Museo Conte']",Verona Tour,strategy_nearest,False,0.004066944122314453,success
0476A872743380,1,"['Arena', 'Castelvecchio']",Torre Lamberti,"['Sighseeing', 'Centro Fotografia', 'Museo Conte', 'Casa Giulietta', 'Palazzo della Ragione']",Palazzo della Ragione,strategy_nearest,True,0.0023932456970214844,success
0476A9429C4C80,3,"['Teatro Romano', 'Duomo', 'Santa Anastasia']",Torre Lamberti,"['Sighseeing', 'Centro Fotografia', 'Museo Conte', 'Casa Giulietta', 'Palazzo della Ragione']",Casa Giulietta,strategy_nearest,True,0.0034401416778564453,success
0476AA429C4C80,1,"['Arena', 'Tomba Giulietta', 'Torre Lamberti']",Palazzo della Ragione,"['AMO', 'Museo Conte', 'Centro Fotografia', 'Sighseeing', 'Santa Anastasia']",Casa Giulietta,strategy_nearest,False,0.0028171539306640625,success
0476B5C27B3F80,3,"['Arena', 'Torre Lamberti']",Castelvecchio,"['Museo Lapidario', 'Verona Tour', 'Museo Radio', 'San Zeno', 'Sighseeing']",Teatro Romano,strategy_nearest,False,0.0015099048614501953,success
0476B6429C4C80,0,['Arena'],Casa Giulietta,"['Centro Fotografia', 'Sighseeing', 'Torre Lamberti', 'Museo Conte', 'Museo Radio']",Torre Lamberti,strategy_nearest,True,0.003299236297607422,success
0476BBC27B3F80,3,"['Arena', 'Torre Lamberti']",Castelvecchio,"['Museo Lapidario', 'Verona Tour', 'Museo Radio', 'San Zeno', 'Sighseeing']",Teatro Romano,strategy_nearest,False,0.0034780502319335938,success
0476BAC27B3F80,1,"['Castelvecchio', 'San Zeno', 'Torre Lamberti', 'Palazzo della Ragione']",Casa Giulietta,"['Centro Fotografia', 'Sighseeing', 'Museo Conte', 'Museo Radio', 'San Fermo']",Santa Anastasia,strategy_nearest,False,0.004185199737548828,success
0476BE429C4C80,0,"['San Zeno', 'Arena']",Casa Giulietta,"['Centro Fotografia', 'Sighseeing', 'Torre Lamberti', 'Museo Conte', 'Museo Radio']",Torre Lamberti,strategy_nearest,True,0.002109050750732422,success
0476C0429C4C80,0,"['Casa Giulietta', 'Arena']",Castelvecchio,"['Museo Lapidario', 'Verona Tour', 'Museo Radio', 'San Zeno', 'Sighseeing']",Tomba Giulietta,strategy_nearest,False,0.004029989242553711,success
0476CCC27B3F80,1,"['Arena', 'Museo Lapidario', 'Casa Giulietta']",Torre Lamberti,"['Sighseeing', 'Centro Fotografia', 'Museo Conte', 'Palazzo della Ragione', 'AMO']",Palazzo della Ragione,strategy_nearest,True,0.002112150192260742,success
0476CC3A9C4C80,1,"['Arena', 'Casa Giulietta']",Torre Lamberti,"['Sighseeing', 'Centro Fotografia', 'Museo Conte', 'Palazzo della Ragione', 'AMO']",Palazzo della Ragione,strategy_nearest,True,0.0027430057525634766,success
0476C1429C4C80,0,"['Casa Giulietta', 'Torre Lamberti']",Museo Storia,"['San Fermo', 'Museo Radio', 'Centro Fotografia', 'Tomba Giulietta', 'Arena']",Arena,strategy_nearest,True,0.0015060901641845703,success
0476CDC27B3F80,3,"['Arena', 'Casa Giulietta']",Torre Lamberti,"['Sighseeing', 'Centro Fotografia', 'Museo Conte', 'Palazzo della Ragione', 'AMO']",Santa Anastasia,strategy_nearest,False,0.0034329891204833984,success
0476D3C27B3F80,1,"['Arena', 'Casa Giulietta', 'Torre Lamberti', 'Palazzo della Ragione', 'Santa Anastasia']",Duomo,"['AMO', 'Museo Miniscalchi', 'Teatro Romano', 'Museo Conte', 'Centro Fotografia']",Teatro Romano,strategy_nearest,True,0.002258777618408203,success
0476DC3A9C4C80,3,"['Casa Giulietta', 'Torre Lamberti']",Castelvecchio,"['Museo Lapidario', 'Verona Tour', 'Arena', 'Museo Radio', 'San Zeno']",Arena,strategy_nearest,True,0.00290679931640625,success
0476D4C27B3F80,1,"['Duomo', 'Palazzo della Ragione']",Torre Lamberti,"['Sighseeing', 'Centro Fotografia', 'Museo Conte', 'Casa Giulietta', 'AMO']",Casa Giulietta,strategy_nearest,True,0.0022270679473876953,success
0476E33A9C4C80,3,"['Santa Anastasia', 'Torre Lamberti', 'Casa Giulietta']",Teatro Romano,"['Duomo', 'AMO', 'Palazzo della Ragione', 'Museo Conte', 'Centro Fotografia']",Duomo,strategy_nearest,True,0.0034341812133789062,success
047702C27B3F84,1,"['Arena', 'San Zeno', 'Palazzo della Ragione']",Torre Lamberti,"['Sighseeing', 'Centro Fotografia', 'Museo Conte', 'Casa Giulietta', 'AMO']",Casa Giulietta,strategy_nearest,True,0.0021429061889648438,success
047701C27B3F84,3,"['Arena', 'Duomo', 'Santa Anastasia']",Casa Giulietta,"['Centro Fotografia', 'Sighseeing', 'Torre Lamberti', 'Museo Conte', 'Museo Radio']",San Fermo,strategy_nearest,False,0.00286102294921875,success
0476FB3A9C4C80,0,['Arena'],San Zeno,"['Castelvecchio', 'Verona Tour', 'Museo Lapidario', 'Museo Miniscalchi', 'Sighseeing']",Castelvecchio,strategy_nearest,True,0.002831697463989258,success
0477053A9C4C84,0,['Castelvecchio'],Casa Giulietta,"['Centro Fotografia', 'Sighseeing', 'Torre Lamberti', 'Museo Conte', 'Museo Radio']",Arena,strategy_nearest,False,0.0034520626068115234,success
04770E3A9C4C84,3,"['Arena', 'Castelvecchio']",Teatro Romano,"['Santa Anastasia', 'Duomo', 'AMO', 'Palazzo della Ragione', 'Museo Conte']",Santa Anastasia,strategy_nearest,True,0.0023260116577148438,success
047707C27B3F84,1,"['Arena', 'San Zeno', 'Palazzo della Ragione']",Torre Lamberti,"['Sighseeing', 'Centro Fotografia', 'Museo Conte', 'Casa Giulietta', 'AMO']",Casa Giulietta,strategy_nearest,True,0.0027000904083251953,success
04770DC27B3F84,3,['Torre Lamberti'],Santa Anastasia,"['AMO', 'Museo Conte', 'Palazzo della Ragione', 'Teatro Romano', 'Centro Fotografia']",Duomo,strategy_nearest,False,0.0036411285400390625,success
04770EC27B3F84,1,"['Arena', 'San Zeno', 'Palazzo della Ragione']",Torre Lamberti,"['Sighseeing', 'Centro Fotografia', 'Museo Conte', 'Casa Giulietta', 'AMO']",Casa Giulietta,strategy_nearest,True,0.0033631324768066406,success
04770FC27B3F80,3,"['Teatro Romano', 'Santa Anastasia']",Arena,"['Verona Tour', 'Museo Lapidario', 'Museo Radio', 'San Fermo', 'Casa Giulietta']",Casa Giulietta,strategy_nearest,True,0.0032739639282226562,success
0477183A9C4C84,0,['Arena'],Castelvecchio,"['Museo Lapidario', 'Verona Tour', 'Museo Radio', 'San Zeno', 'Sighseeing']",Giardino Giusti,strategy_nearest,False,0.002202749252319336,success
047719C27B3F84,3,['Santa Anastasia'],Duomo,"['AMO', 'Museo Miniscalchi', 'Teatro Romano', 'Palazzo della Ragione', 'Museo Conte']",Arena,strategy_nearest,False,0.002871990203857422,success
04771A429C4C80,0,['Teatro Romano'],Arena,"['Verona Tour', 'Museo Lapidario', 'Museo Radio', 'San Fermo', 'Casa Giulietta']",Castelvecchio,strategy_nearest,False,0.003785848617553711,success
04771BC27B3F80,0,"['Teatro Romano', 'Arena']",Castelvecchio,"['Museo Lapidario', 'Verona Tour', 'Museo Radio', 'San Zeno', 'Sighseeing']",Casa Giulietta,strategy_nearest,False,0.0034952163696289062,success
04771AC27B3F84,3,"['Arena', 'Duomo', 'Santa Anastasia']",Torre Lamberti,"['Sighseeing', 'Centro Fotografia', 'Museo Conte', 'Casa Giulietta', 'Palazzo della Ragione']",Casa Giulietta,strategy_nearest,True,0.003387928009033203,success
04771C3A9C4C84,0,['Arena'],Casa Giulietta,"['Centro Fotografia', 'Sighseeing', 'Torre Lamberti', 'Museo Conte', 'Museo Radio']",Torre Lamberti,strategy_nearest,True,0.003968000411987305,success
04771CC27B3F80,3,"['Teatro Romano', 'Casa Giulietta', 'Arena']",Duomo,"['AMO', 'Museo Miniscalchi', 'Santa Anastasia', 'Palazzo della Ragione', 'Museo Conte']",Santa Anastasia,strategy_nearest,True,0.003818988800048828,success
047728C27B3F80,3,"['Teatro Romano', 'Arena']",Duomo,"['AMO', 'Museo Miniscalchi', 'Santa Anastasia', 'Palazzo della Ragione', 'Museo Conte']",Santa Anastasia,strategy_nearest,True,0.003921985626220703,success
0477323A9C4C80,2,['Casa Giulietta'],Torre Lamberti,"['Sighseeing', 'Centro Fotografia', 'Museo Conte', 'Palazzo della Ragione', 'AMO']",Duomo,strategy_nearest,False,0.002081155776977539,success
047735C27B3F80,3,"['San Zeno', 'Castelvecchio', 'Arena', 'Casa Giulietta']",Torre Lamberti,"['Sighseeing', 'Centro Fotografia', 'Museo Conte', 'Palazzo della Ragione', 'AMO']",Duomo,strategy_nearest,False,0.0030679702758789062,success
047739C27B3F80,1,"['Arena', 'Casa Giulietta']",Palazzo della Ragione,"['AMO', 'Museo Conte', 'Torre Lamberti', 'Centro Fotografia', 'Sighseeing']",Duomo,strategy_nearest,False,0.002332925796508789,success
047744429C4C80,1,"['Arena', 'Casa Giulietta', 'Santa Anastasia']",Duomo,"['AMO', 'Museo Miniscalchi', 'Teatro Romano', 'Palazzo della Ragione', 'Museo Conte']",Teatro Romano,strategy_nearest,True,0.0025720596313476562,success
04773FC27B3F80,0,"['Arena', 'Castelvecchio']",Casa Giulietta,"['Centro Fotografia', 'Sighseeing', 'Torre Lamberti', 'Museo Conte', 'Museo Radio']",Teatro Romano,strategy_nearest,False,0.0035910606384277344,success
047740C27B3F80,3,"['Teatro Romano', 'Casa Giulietta', 'Torre Lamberti']",Arena,"['Verona Tour', 'Museo Lapidario', 'Museo Radio', 'San Fermo', 'Sighseeing']",Castelvecchio,strategy_nearest,False,0.0028841495513916016,success
04774CC27B3F80,3,"['Teatro Romano', 'Casa Giulietta', 'Torre Lamberti']",Arena,"['Verona Tour', 'Museo Lapidario', 'Museo Radio', 'San Fermo', 'Sighseeing']",Castelvecchio,strategy_nearest,False,0.004189014434814453,success
047751C27B3F80,3,"['Arena', 'Castelvecchio', 'San Fermo']",Santa Anastasia,"['AMO', 'Museo Conte', 'Palazzo della Ragione', 'Teatro Romano', 'Centro Fotografia']",Casa Giulietta,strategy_nearest,False,0.0028879642486572266,success
047752C27B3F80,3,"['Arena', 'Casa Giulietta', 'Museo Lapidario', 'Castelvecchio']",Santa Anastasia,"['AMO', 'Museo Conte', 'Palazzo della Ragione', 'Teatro Romano', 'Centro Fotografia']",Duomo,strategy_nearest,False,0.004101991653442383,success
047764C27B3F80,0,['Arena'],Torre Lamberti,"['Sighseeing', 'Centro Fotografia', 'Museo Conte', 'Casa Giulietta', 'Palazzo della Ragione']",Casa Giulietta,strategy_nearest,True,0.0036139488220214844,success
0477743A9C4C80,0,['Arena'],Torre Lamberti,"['Sighseeing', 'Centro Fotografia', 'Museo Conte', 'Casa Giulietta', 'Palazzo della Ragione']",Duomo,strategy_nearest,False,0.0023398399353027344,success
047770C27B3F80,1,"['Arena', 'Casa Giulietta', 'Torre Lamberti', 'Palazzo della Ragione']",Museo Lapidario,"['Verona Tour', 'Castelvecchio', 'Museo Radio', 'San Fermo', 'Tomba Giulietta']",Castelvecchio,strategy_nearest,True,0.004260063171386719,success
04777DC27B3F80,1,"['Arena', 'Casa Giulietta', 'Torre Lamberti', 'Palazzo della Ragione']",Museo Lapidario,"['Verona Tour', 'Castelvecchio', 'Museo Radio', 'San Fermo', 'Tomba Giulietta']",Castelvecchio,strategy_nearest,True,0.00263214111328125,success
047777C27B3F80,3,"['Teatro Romano', 'Castelvecchio', 'Arena']",Santa Anastasia,"['AMO', 'Museo Conte', 'Palazzo della Ragione', 'Centro Fotografia', 'Duomo']",Torre Lamberti,strategy_nearest,False,0.0033850669860839844,success
0477803A9C4C80,0,['Arena'],Casa Giulietta,"['Centro Fotografia', 'Sighseeing', 'Torre Lamberti', 'Museo Conte', 'Museo Radio']",San Fermo,strategy_nearest,False,0.0022521018981933594,success
0477813A9C4C80,1,"['Torre Lamberti', 'Casa Giulietta']",Palazzo della Ragione,"['AMO', 'Museo Conte', 'Centro Fotografia', 'Sighseeing', 'Santa Anastasia']",Teatro Romano,strategy_nearest,False,0.0030469894409179688,success
04778A3A9C4C80,3,"['Arena', 'Museo Lapidario', 'Castelvecchio', 'Casa Giulietta']",Santa Anastasia,"['AMO', 'Museo Conte', 'Palazzo della Ragione', 'Teatro Romano', 'Centro Fotografia']",Duomo,strategy_nearest,False,0.0033109188079833984,success
047789C27B3F80,3,"['Arena', 'Castelvecchio', 'Casa Giulietta']",Santa Anastasia,"['AMO', 'Museo Conte', 'Palazzo della Ragione', 'Teatro Romano', 'Centro Fotografia']",Teatro Romano,strategy_nearest,True,0.0022737979888916016,success
0477A0C27B3F80,0,['Arena'],Torre Lamberti,"['Sighseeing', 'Centro Fotografia', 'Museo Conte', 'Casa Giulietta', 'Palazzo della Ragione']",Casa Giulietta,strategy_nearest,True,0.004370927810668945,success
047794C27B3F80,1,"['Arena', 'Casa Giulietta', 'Torre Lamberti']",Palazzo della Ragione,"['AMO', 'Museo Conte', 'Centro Fotografia', 'Sighseeing', 'Santa Anastasia']",Castelvecchio,strategy_nearest,False,0.002955913543701172,success
04778E3A9C4C80,0,"['Casa Giulietta', 'Arena']",Arena,"['Verona Tour', 'Museo Lapidario', 'Museo Radio', 'San Fermo', 'Sighseeing']",Torre Lamberti,strategy_nearest,False,0.0022721290588378906,success
04779B429C4C80,1,"['Arena', 'Museo Lapidario', 'Castelvecchio']",Duomo,"['AMO', 'Museo Miniscalchi', 'Santa Anastasia', 'Teatro Romano', 'Palazzo della Ragione']",Santa Anastasia,strategy_nearest,True,0.0037407875061035156,success
0477A64A9C4C80,1,"['Casa Giulietta', 'Torre Lamberti']",Palazzo della Ragione,"['AMO', 'Museo Conte', 'Centro Fotografia', 'Sighseeing', 'Santa Anastasia']",Arena,strategy_nearest,False,0.0016722679138183594,success
0477A8429C4C80,0,['Arena'],Casa Giulietta,"['Centro Fotografia', 'Sighseeing', 'Torre Lamberti', 'Museo Conte', 'Museo Radio']",Teatro Romano,strategy_nearest,False,0.002249002456665039,success
0477A6C27B3F80,3,"['Casa Giulietta', 'San Fermo', 'Tomba Giulietta']",Arena,"['Verona Tour', 'Museo Lapidario', 'Museo Radio', 'Sighseeing', 'Castelvecchio']",Castelvecchio,strategy_nearest,True,0.0029120445251464844,success
0477AD429C4C80,3,"['Arena', 'Casa Giulietta']",Teatro Romano,"['Santa Anastasia', 'Duomo', 'AMO', 'Palazzo della Ragione', 'Museo Conte']",Duomo,strategy_nearest,True,0.003365755081176758,success
0477B2429C4C80,0,['Arena'],Casa Giulietta,"['Centro Fotografia', 'Sighseeing', 'Torre Lamberti', 'Museo Conte', 'Museo Radio']",Giardino Giusti,strategy_nearest,False,0.0012753009796142578,success
0477B8C27B3F80,2,"['Casa Giulietta', 'Torre Lamberti', 'Palazzo della Ragione']",Tomba Giulietta,"['San Fermo', 'Museo Storia', 'Arena', 'Museo Lapidario', 'Museo Radio']",Castelvecchio,strategy_nearest,False,0.002438068389892578,success
0477B2C27B3F80,1,"['Arena', 'Casa Giulietta', 'Torre Lamberti']",Palazzo della Ragione,"['AMO', 'Museo Conte', 'Centro Fotografia', 'Sighseeing', 'Santa Anastasia']",Teatro Romano,strategy_nearest,False,0.002137899398803711,success
0477BC3A9C4C80,3,"['Santa Anastasia', 'San Fermo', 'Torre Lamberti']",Casa Giulietta,"['Centro Fotografia', 'Sighseeing', 'Museo Conte', 'Museo Radio', 'Palazzo della Ragione']",Castelvecchio,strategy_nearest,False,0.0026841163635253906,success
0477B9C27B3F80,1,"['Arena', 'Torre Lamberti']",Palazzo della Ragione,"['AMO', 'Museo Conte', 'Centro Fotografia', 'Sighseeing', 'Santa Anastasia']",Santa Anastasia,strategy_nearest,True,0.002804994583129883,success
0477C4429C4C80,0,"['Arena', 'Castelvecchio']",Torre Lamberti,"['Sighseeing', 'Centro Fotografia', 'Museo Conte', 'Casa Giulietta', 'Palazzo della Ragione']",Casa Giulietta,strategy_nearest,True,0.002445697784423828,success
0477BEC27B3F80,2,"['Casa Giulietta', 'Torre Lamberti', 'Palazzo della Ragione']",Tomba Giulietta,"['San Fermo', 'Museo Storia', 'Arena', 'Museo Lapidario', 'Museo Radio']",Castelvecchio,strategy_nearest,False,0.003319978713989258,success
0477C5C27B3F80,3,"['Arena', 'San Fermo', 'Torre Lamberti']",Casa Giulietta,"['Centro Fotografia', 'Sighseeing', 'Museo Conte', 'Museo Radio', 'Palazzo della Ragione']",Tomba Giulietta,strategy_nearest,False,0.003278970718383789,success
0477C9429C4C80,0,['Arena'],Casa Giulietta,"['Centro Fotografia', 'Sighseeing', 'Torre Lamberti', 'Museo Conte', 'Museo Radio']",Santa Anastasia,strategy_nearest,False,0.002562999725341797,success
0477D1C27B3F80,3,"['Arena', 'San Fermo', 'Torre Lamberti']",Casa Giulietta,"['Centro Fotografia', 'Sighseeing', 'Museo Conte', 'Museo Radio', 'Palazzo della Ragione']",Tomba Giulietta,strategy_nearest,False,0.0029718875885009766,success
0477D6C27B3F80,2,"['Casa Giulietta', 'Torre Lamberti', 'Palazzo della Ragione']",Tomba Giulietta,"['San Fermo', 'Museo Storia', 'Arena', 'Museo Lapidario', 'Museo Radio']",Castelvecchio,strategy_nearest,False,0.0028188228607177734,success
0477DDC27B3F80,0,"['Casa Giulietta', 'San Fermo']",Tomba Giulietta,"['Museo Storia', 'Arena', 'Museo Lapidario', 'Museo Radio', 'Verona Tour']",Arena,strategy_nearest,True,0.0019409656524658203,success
0477FAC27B3F80,0,['Arena'],San Fermo,"['Museo Storia', 'Museo Radio', 'Casa Giulietta', 'Centro Fotografia', 'Sighseeing']",Tomba Giulietta,strategy_nearest,False,0.0028328895568847656,success
0477FC3A9C4C80,1,"['Torre Lamberti', 'Palazzo della Ragione']",Casa Giulietta,"['Centro Fotografia', 'Sighseeing', 'Museo Conte', 'Museo Radio', 'San Fermo']",Arena,strategy_nearest,False,0.0026938915252685547,success
047809C27B3F84,1,"['Arena', 'Santa Anastasia', 'Castelvecchio']",Palazzo della Ragione,"['AMO', 'Museo Conte', 'Torre Lamberti', 'Centro Fotografia', 'Sighseeing']",Torre Lamberti,strategy_nearest,True,0.0033538341522216797,success
047810C27B3F84,1,"['Arena', 'Castelvecchio', 'Casa Giulietta']",Santa Anastasia,"['AMO', 'Museo Conte', 'Palazzo della Ragione', 'Teatro Romano', 'Centro Fotografia']",Teatro Romano,strategy_nearest,True,0.0030889511108398438,success
04780FC27B3F84,0,['Casa Giulietta'],Arena,"['Verona Tour', 'Museo Lapidario', 'Museo Radio', 'San Fermo', 'Sighseeing']",Torre Lamberti,strategy_nearest,False,0.0025870800018310547,success
04781B3A9C4C84,0,['Arena'],Casa Giulietta,"['Centro Fotografia', 'Sighseeing', 'Torre Lamberti', 'Museo Conte', 'Museo Radio']",Torre Lamberti,strategy_nearest,True,0.0030460357666015625,success
047818C27B3F80,3,"['Teatro Romano', 'Santa Anastasia']",Arena,"['Verona Tour', 'Museo Lapidario', 'Museo Radio', 'San Fermo', 'Casa Giulietta']",Casa Giulietta,strategy_nearest,True,0.0027959346771240234,success
0478173A9C4C84,0,['Santa Anastasia'],Casa Giulietta,"['Centro Fotografia', 'Sighseeing', 'Torre Lamberti', 'Museo Conte', 'Museo Radio']",Arena,strategy_nearest,False,0.0032470226287841797,success
047819C27B3F80,0,"['Teatro Romano', 'Arena']",Castelvecchio,"['Museo Lapidario', 'Verona Tour', 'Museo Radio', 'San Zeno', 'Sighseeing']",Casa Giulietta,strategy_nearest,False,0.002543926239013672,success
047825C27B3F80,2,"['Teatro Romano', 'Casa Giulietta']",Castelvecchio,"['Museo Lapidario', 'Verona Tour', 'Arena', 'Museo Radio', 'San Zeno']",San Zeno,strategy_nearest,True,0.0021491050720214844,success
0478213A9C4C84,0,['Arena'],Castelvecchio,"['Museo Lapidario', 'Verona Tour', 'Museo Radio', 'San Zeno', 'Sighseeing']",Casa Giulietta,strategy_nearest,False,0.0028641223907470703,success
0478273A9C4C84,3,"['Arena', 'Duomo']",Santa Anastasia,"['AMO', 'Museo Conte', 'Palazzo della Ragione', 'Teatro Romano', 'Centro Fotografia']",Casa Giulietta,strategy_nearest,False,0.003175020217895508,success
04782CC27B3F80,1,"['Duomo', 'Castelvecchio', 'Arena', 'San Zeno']",Torre Lamberti,"['Sighseeing', 'Centro Fotografia', 'Museo Conte', 'Casa Giulietta', 'Palazzo della Ragione']",Palazzo della Ragione,strategy_nearest,True,0.002410888671875,success
04781D3A9C4C84,1,"['Santa Anastasia', 'Duomo']",Castelvecchio,"['Museo Lapidario', 'Verona Tour', 'Arena', 'Museo Radio', 'San Zeno']",Arena,strategy_nearest,True,0.0015978813171386719,success
04782F429C4C80,0,"['Arena', 'Castelvecchio']",Giardino Giusti,"['Santa Anastasia', 'Teatro Romano', 'Museo Conte', 'Centro Fotografia', 'Museo Storia']",Teatro Romano,strategy_nearest,True,0.002758026123046875,success
047831C27B3F80,0,"['Teatro Romano', 'Arena']",Castelvecchio,"['Museo Lapidario', 'Verona Tour', 'Museo Radio', 'San Zeno', 'Sighseeing']",Casa Giulietta,strategy_nearest,False,0.0026068687438964844,success
04783DC27B3F80,0,"['Museo Lapidario', 'Arena', 'Casa Giulietta']",Tomba Giulietta,"['San Fermo', 'Museo Storia', 'Museo Radio', 'Verona Tour', 'Castelvecchio']",Duomo,strategy_nearest,False,0.002919912338256836,success
04783EC27B3F80,3,"['Arena', 'San Zeno', 'Castelvecchio']",Teatro Romano,"['Santa Anastasia', 'Duomo', 'AMO', 'Palazzo della Ragione', 'Museo Conte']",Duomo,strategy_nearest,True,0.0039520263671875,success
047842429C4C80,3,"['Santa Anastasia', 'Teatro Romano', 'Torre Lamberti']",Casa Giulietta,"['Centro Fotografia', 'Sighseeing', 'Museo Conte', 'Museo Radio', 'Palazzo della Ragione']",Castelvecchio,strategy_nearest,False,0.0033338069915771484,success
047857429C4C80,3,"['Torre Lamberti', 'Casa Giulietta']",Santa Anastasia,"['AMO', 'Museo Conte', 'Palazzo della Ragione', 'Teatro Romano', 'Centro Fotografia']",Arena,strategy_nearest,False,0.003981828689575195,success
047860429C4C80,3,"['Casa Giulietta', 'Castelvecchio', 'Arena']",San Fermo,"['Museo Storia', 'Museo Radio', 'Centro Fotografia', 'Sighseeing', 'Torre Lamberti']",Santa Anastasia,strategy_nearest,False,0.003834962844848633,success
047844C27B3F80,3,"['Santa Anastasia', 'Teatro Romano']",Torre Lamberti,"['Sighseeing', 'Centro Fotografia', 'Museo Conte', 'Casa Giulietta', 'Palazzo della Ragione']",Arena,strategy_nearest,False,0.002851247787475586,success
047879C27B3F80,1,"['Torre Lamberti', 'Palazzo della Ragione', 'Casa Giulietta']",Castelvecchio,"['Museo Lapidario', 'Verona Tour', 'Arena', 'Museo Radio', 'San Zeno']",Arena,strategy_nearest,True,0.0032329559326171875,success
04787A429C4C80,2,['Torre Lamberti'],Palazzo della Ragione,"['AMO', 'Museo Conte', 'Centro Fotografia', 'Sighseeing', 'Santa Anastasia']",Casa Giulietta,strategy_nearest,False,0.0013298988342285156,success
04787B3A9C4C80,1,"['Teatro Romano', 'Santa Anastasia', 'Casa Giulietta']",Torre Lamberti,"['Sighseeing', 'Centro Fotografia', 'Museo Conte', 'Palazzo della Ragione', 'AMO']",Palazzo della Ragione,strategy_nearest,True,0.002360105514526367,success
047880429C4C80,3,"['Arena', 'Torre Lamberti']",Casa Giulietta,"['Centro Fotografia', 'Sighseeing', 'Museo Conte', 'Museo Radio', 'Palazzo della Ragione']",Teatro Romano,strategy_nearest,False,0.003080129623413086,success
047884429C4C80,0,"['Arena', 'Castelvecchio']",Torre Lamberti,"['Sighseeing', 'Centro Fotografia', 'Museo Conte', 'Casa Giulietta', 'Palazzo della Ragione']",Casa Giulietta,strategy_nearest,True,0.0025811195373535156,success
04789C429C4C80,3,"['Torre Lamberti', 'Casa Giulietta']",Santa Anastasia,"['AMO', 'Museo Conte', 'Palazzo della Ragione', 'Teatro Romano', 'Centro Fotografia']",Duomo,strategy_nearest,False,0.0025060176849365234,success
04788C429C4C80,1,"['Arena', 'Casa Giulietta', 'Torre Lamberti']",Palazzo della Ragione,"['AMO', 'Museo Conte', 'Centro Fotografia', 'Sighseeing', 'Santa Anastasia']",Santa Anastasia,strategy_nearest,True,0.002580881118774414,success
047890429C4C80,1,"['Arena', 'Torre Lamberti']",Palazzo della Ragione,"['AMO', 'Museo Conte', 'Centro Fotografia', 'Sighseeing', 'Santa Anastasia']",Casa Giulietta,strategy_nearest,False,0.0032439231872558594,success
0478B7429C4C80,3,"['Arena', 'Castelvecchio']",Casa Giulietta,"['Centro Fotografia', 'Sighseeing', 'Torre Lamberti', 'Museo Conte', 'Museo Radio']",Torre Lamberti,strategy_nearest,True,0.0017788410186767578,success
0478B6429C4C80,3,"['Arena', 'Casa Giulietta']",Torre Lamberti,"['Sighseeing', 'Centro Fotografia', 'Museo Conte', 'Palazzo della Ragione', 'AMO']",Teatro Romano,strategy_nearest,False,0.003364086151123047,success
0478AC3A9C4C80,0,['Arena'],Casa Giulietta,"['Centro Fotografia', 'Sighseeing', 'Torre Lamberti', 'Museo Conte', 'Museo Radio']",Castelvecchio,strategy_nearest,False,0.0026760101318359375,success
0478B9429C4C80,1,"['Casa Giulietta', 'Arena']",Torre Lamberti,"['Sighseeing', 'Centro Fotografia', 'Museo Conte', 'Palazzo della Ragione', 'AMO']",Palazzo della Ragione,strategy_nearest,True,0.0044629573822021484,success
0478BE3A9C4C80,3,"['Casa Giulietta', 'Santa Anastasia']",Teatro Romano,"['Duomo', 'AMO', 'Palazzo della Ragione', 'Museo Conte', 'Centro Fotografia']",Castelvecchio,strategy_nearest,False,0.002599954605102539,success
0478C4429C4C80,0,['Castelvecchio'],Arena,"['Verona Tour', 'Museo Lapidario', 'Museo Radio', 'San Fermo', 'Casa Giulietta']",Casa Giulietta,strategy_nearest,True,0.003063201904296875,success
0478C1429C4C80,3,"['Arena', 'Museo Lapidario']",Casa Giulietta,"['Centro Fotografia', 'Sighseeing', 'Torre Lamberti', 'Museo Conte', 'Museo Radio']",Torre Lamberti,strategy_nearest,True,0.004204988479614258,success
0478D83A9C4C80,3,"['Arena', 'Casa Giulietta']",Santa Anastasia,"['AMO', 'Museo Conte', 'Palazzo della Ragione', 'Teatro Romano', 'Centro Fotografia']",Giardino Giusti,strategy_nearest,False,0.0022559165954589844,success
0478F93A9C4C80,0,"['Arena', 'Casa Giulietta']",Teatro Romano,"['Santa Anastasia', 'Duomo', 'AMO', 'Palazzo della Ragione', 'Museo Conte']",Torre Lamberti,strategy_nearest,False,0.0023529529571533203,success
0478F63A9C4C80,3,"['Arena', 'Casa Giulietta']",Torre Lamberti,"['Sighseeing', 'Centro Fotografia', 'Museo Conte', 'Palazzo della Ragione', 'AMO']",Santa Anastasia,strategy_nearest,False,0.002213001251220703,success
0478FB3A9C4C80,0,['Castelvecchio'],Casa Giulietta,"['Centro Fotografia', 'Sighseeing', 'Torre Lamberti', 'Museo Conte', 'Museo Radio']",Arena,strategy_nearest,False,0.0028760433197021484,success
0479013A9C4C84,0,['Arena'],Casa Giulietta,"['Centro Fotografia', 'Sighseeing', 'Torre Lamberti', 'Museo Conte', 'Museo Radio']",Torre Lamberti,strategy_nearest,True,0.003201007843017578,success
047911C27B3F80,1,"['Santa Anastasia', 'Duomo', 'Teatro Romano']",Casa Giulietta,"['Centro Fotografia', 'Sighseeing', 'Torre Lamberti', 'Museo Conte', 'Museo Radio']",Torre Lamberti,strategy_nearest,True,0.0028972625732421875,success
04790C429C4C80,3,"['Arena', 'Torre Lamberti']",Casa Giulietta,"['Centro Fotografia', 'Sighseeing', 'Museo Conte', 'Museo Radio', 'Palazzo della Ragione']",Santa Anastasia,strategy_nearest,False,0.0027730464935302734,success
047917C27B3F80,1,"['Castelvecchio', 'Arena', 'Casa Giulietta']",Torre Lamberti,"['Sighseeing', 'Centro Fotografia', 'Museo Conte', 'Palazzo della Ragione', 'AMO']",Palazzo della Ragione,strategy_nearest,True,0.0028619766235351562,success
0479133A9C4C84,1,['Arena'],Torre Lamberti,"['Sighseeing', 'Centro Fotografia', 'Museo Conte', 'Casa Giulietta', 'Palazzo della Ragione']",Palazzo della Ragione,strategy_nearest,True,0.002844095230102539,success
047918C27B3F80,3,"['Torre Lamberti', 'Casa Giulietta', 'Teatro Romano']",San Fermo,"['Museo Storia', 'Museo Radio', 'Centro Fotografia', 'Arena', 'Sighseeing']",Tomba Giulietta,strategy_nearest,False,0.0022401809692382812,success
04791A3A9C4C84,0,"['Arena', 'Museo Lapidario']",Casa Giulietta,"['Centro Fotografia', 'Sighseeing', 'Torre Lamberti', 'Museo Conte', 'Museo Radio']",Museo Storia,strategy_nearest,False,0.002349853515625,success
04791E3A9C4C84,0,['Casa Giulietta'],Arena,"['Verona Tour', 'Museo Lapidario', 'Museo Radio', 'San Fermo', 'Sighseeing']",Castelvecchio,strategy_nearest,False,0.002938985824584961,success
04791DC27B3F80,1,"['Arena', 'Casa Giulietta', 'Palazzo della Ragione', 'Torre Lamberti', 'Santa Anastasia']",Duomo,"['AMO', 'Museo Miniscalchi', 'Teatro Romano', 'Museo Conte', 'Centro Fotografia']",Castelvecchio,strategy_nearest,False,0.0037093162536621094,success
0479224A9C4C80,3,"['Castelvecchio', 'Casa Giulietta', 'Arena']",Santa Anastasia,"['AMO', 'Museo Conte', 'Palazzo della Ragione', 'Teatro Romano', 'Centro Fotografia']",Teatro Romano,strategy_nearest,True,0.0017542839050292969,success
04791EC27B3F80,0,"['Arena', 'Castelvecchio']",Casa Giulietta,"['Centro Fotografia', 'Sighseeing', 'Torre Lamberti', 'Museo Conte', 'Museo Radio']",Teatro Romano,strategy_nearest,False,0.0028481483459472656,success
0479244A9C4C80,4,"['Arena', 'Torre Lamberti', 'San Fermo', 'Museo Storia', 'Teatro Romano', 'Duomo']",Santa Anastasia,"['AMO', 'Museo Conte', 'Palazzo della Ragione', 'Centro Fotografia', 'Sighseeing']",Casa Giulietta,strategy_nearest,False,0.003535032272338867,success
04792AC27B3F80,1,"['Arena', 'San Fermo', 'Casa Giulietta', 'Torre Lamberti']",Palazzo della Ragione,"['AMO', 'Museo Conte', 'Centro Fotografia', 'Sighseeing', 'Santa Anastasia']",Santa Anastasia,strategy_nearest,True,0.0035550594329833984,success
047929C27B3F80,3,"['San Fermo', 'Arena', 'Casa Giulietta']",Santa Anastasia,"['AMO', 'Museo Conte', 'Palazzo della Ragione', 'Teatro Romano', 'Centro Fotografia']",Castelvecchio,strategy_nearest,False,0.0030488967895507812,success
047934429C4C80,3,['Torre Lamberti'],Santa Anastasia,"['AMO', 'Museo Conte', 'Palazzo della Ragione', 'Teatro Romano', 'Centro Fotografia']",Casa Giulietta,strategy_nearest,False,0.003401041030883789,success
047929429C4C80,1,"['Castelvecchio', 'Arena', 'Museo Lapidario']",Torre Lamberti,"['Sighseeing', 'Centro Fotografia', 'Museo Conte', 'Casa Giulietta', 'Palazzo della Ragione']",Palazzo della Ragione,strategy_nearest,True,0.0034317970275878906,success
047936C27B3F80,0,['Casa Giulietta'],Torre Lamberti,"['Sighseeing', 'Centro Fotografia', 'Museo Conte', 'Palazzo della Ragione', 'AMO']",Tomba Giulietta,strategy_nearest,False,0.002850770950317383,success
047935C27B3F80,1,"['Arena', 'San Fermo', 'Casa Giulietta', 'Torre Lamberti']",Palazzo della Ragione,"['AMO', 'Museo Conte', 'Centro Fotografia', 'Sighseeing', 'Santa Anastasia']",Santa Anastasia,strategy_nearest,True,0.0020759105682373047,success
04793D429C4C80,1,"['Castelvecchio', 'Torre Lamberti']",Palazzo della Ragione,"['AMO', 'Museo Conte', 'Centro Fotografia', 'Sighseeing', 'Santa Anastasia']",Casa Giulietta,strategy_nearest,False,0.0027570724487304688,success
047941C27B3F80,1,"['Arena', 'Torre Lamberti', 'Palazzo della Ragione']",Casa Giulietta,"['Centro Fotografia', 'Sighseeing', 'Museo Conte', 'Museo Radio', 'San Fermo']",Duomo,strategy_nearest,False,0.003081083297729492,success
04793E3A9C4C80,3,"['Arena', 'Casa Giulietta']",Duomo,"['AMO', 'Museo Miniscalchi', 'Santa Anastasia', 'Teatro Romano', 'Palazzo della Ragione']",San Fermo,strategy_nearest,False,0.004116058349609375,success
047942C27B3F80,0,['Casa Giulietta'],Torre Lamberti,"['Sighseeing', 'Centro Fotografia', 'Museo Conte', 'Palazzo della Ragione', 'AMO']",Tomba Giulietta,strategy_nearest,False,0.0033941268920898438,success
04794EC27B3F80,1,"['Arena', 'Torre Lamberti']",Palazzo della Ragione,"['AMO', 'Museo Conte', 'Centro Fotografia', 'Sighseeing', 'Santa Anastasia']",Casa Giulietta,strategy_nearest,False,0.0021619796752929688,success
04794DC27B3F80,4,"['Casa Giulietta', 'Arena', 'Museo Radio']",Tomba Giulietta,"['San Fermo', 'Museo Storia', 'Museo Lapidario', 'Verona Tour', 'Castelvecchio']",Castelvecchio,strategy_nearest,True,0.002458810806274414,success
04795AC27B3F80,1,"['Casa Giulietta', 'Torre Lamberti', 'Palazzo della Ragione']",Tomba Giulietta,"['San Fermo', 'Museo Storia', 'Arena', 'Museo Lapidario', 'Museo Radio']",Castelvecchio,strategy_nearest,False,0.0031321048736572266,success
047959C27B3F80,1,"['Arena', 'San Fermo', 'Casa Giulietta']",Torre Lamberti,"['Sighseeing', 'Centro Fotografia', 'Museo Conte', 'Palazzo della Ragione', 'AMO']",Palazzo della Ragione,strategy_nearest,True,0.002717256546020508,success
047965C27B3F80,1,"['Arena', 'San Fermo', 'Casa Giulietta']",Torre Lamberti,"['Sighseeing', 'Centro Fotografia', 'Museo Conte', 'Palazzo della Ragione', 'AMO']",Palazzo della Ragione,strategy_nearest,True,0.0024170875549316406,success
047962429C4C80,3,"['Santa Anastasia', 'Duomo', 'Teatro Romano']",Torre Lamberti,"['Sighseeing', 'Centro Fotografia', 'Museo Conte', 'Casa Giulietta', 'Palazzo della Ragione']",Casa Giulietta,strategy_nearest,True,0.0022079944610595703,success
047966C27B3F80,1,"['Arena', 'Torre Lamberti', 'Palazzo della Ragione']",Casa Giulietta,"['Centro Fotografia', 'Sighseeing', 'Museo Conte', 'Museo Radio', 'San Fermo']",Tomba Giulietta,strategy_nearest,False,0.003000020980834961,success
04796BC27B3F80,2,['Torre Lamberti'],Santa Anastasia,"['AMO', 'Museo Conte', 'Palazzo della Ragione', 'Teatro Romano', 'Centro Fotografia']",Teatro Romano,strategy_nearest,True,0.0033621788024902344,success
047977C27B3F80,3,"['Casa Giulietta', 'Arena', 'Torre Lamberti']",Santa Anastasia,"['AMO', 'Museo Conte', 'Palazzo della Ragione', 'Teatro Romano', 'Centro Fotografia']",Teatro Romano,strategy_nearest,True,0.0023221969604492188,success
0479793A9C4C80,0,"['Arena', 'Tomba Giulietta']",Castelvecchio,"['Museo Lapidario', 'Verona Tour', 'Museo Radio', 'San Zeno', 'Sighseeing']",San Zeno,strategy_nearest,True,0.002989053726196289,success
047973429C4C80,0,"['Arena', 'Casa Giulietta']",Torre Lamberti,"['Sighseeing', 'Centro Fotografia', 'Museo Conte', 'Palazzo della Ragione', 'AMO']",Giardino Giusti,strategy_nearest,False,0.0030319690704345703,success
0479814A9C4C80,1,"['Arena', 'Casa Giulietta', 'Palazzo della Ragione']",Torre Lamberti,"['Sighseeing', 'Centro Fotografia', 'Museo Conte', 'AMO', 'Museo Miniscalchi']",Santa Anastasia,strategy_nearest,False,0.003509998321533203,success
047983C27B3F80,3,"['Casa Giulietta', 'Arena', 'Torre Lamberti']",Santa Anastasia,"['AMO', 'Museo Conte', 'Palazzo della Ragione', 'Teatro Romano', 'Centro Fotografia']",Teatro Romano,strategy_nearest,True,0.0033071041107177734,success
0479873A9C4C80,2,['Casa Giulietta'],Torre Lamberti,"['Sighseeing', 'Centro Fotografia', 'Museo Conte', 'Palazzo della Ragione', 'AMO']",Santa Anastasia,strategy_nearest,False,0.0020020008087158203,success
04798ABA7B3F80,3,"['San Zeno', 'Castelvecchio']",Torre Lamberti,"['Sighseeing', 'Centro Fotografia', 'Museo Conte', 'Casa Giulietta', 'Palazzo della Ragione']",Santa Anastasia,strategy_nearest,False,0.0032911300659179688,success
04798B429C4C80,3,"['San Zeno', 'Castelvecchio', 'Casa Giulietta']",Torre Lamberti,"['Sighseeing', 'Centro Fotografia', 'Museo Conte', 'Palazzo della Ragione', 'AMO']",Arena,strategy_nearest,False,0.0027570724487304688,success
04798AC27B3F80,3,"['San Fermo', 'Arena', 'Casa Giulietta']",Santa Anastasia,"['AMO', 'Museo Conte', 'Palazzo della Ragione', 'Teatro Romano', 'Centro Fotografia']",Castelvecchio,strategy_nearest,False,0.0021560192108154297,success
04798E429C4C80,1,"['Teatro Romano', 'Duomo', 'Santa Anastasia', 'Palazzo della Ragione']",Torre Lamberti,"['Sighseeing', 'Centro Fotografia', 'Museo Conte', 'Casa Giulietta', 'AMO']",Casa Giulietta,strategy_nearest,True,0.0027701854705810547,success
04798FC27B3F80,3,"['Casa Giulietta', 'Arena']",Torre Lamberti,"['Sighseeing', 'Centro Fotografia', 'Museo Conte', 'Palazzo della Ragione', 'AMO']",Teatro Romano,strategy_nearest,False,0.0033059120178222656,success
0479A2C27B3F80,3,"['Giardino Giusti', 'San Fermo', 'Castelvecchio']",Arena,"['Verona Tour', 'Museo Lapidario', 'Museo Radio', 'Casa Giulietta', 'Sighseeing']",San Zeno,strategy_nearest,False,0.0028829574584960938,success
04799BC27B3F80,0,['Teatro Romano'],Arena,"['Verona Tour', 'Museo Lapidario', 'Museo Radio', 'San Fermo', 'Casa Giulietta']",Casa Giulietta,strategy_nearest,True,0.0022940635681152344,success
047996C27B3F80,0,"['Giardino Giusti', 'Teatro Romano']",Arena,"['Verona Tour', 'Museo Lapidario', 'Museo Radio', 'San Fermo', 'Casa Giulietta']",Tomba Giulietta,strategy_nearest,False,0.0015909671783447266,success
0479A572743380,2,"['San Fermo', 'Santa Anastasia', 'Tomba Giulietta']",Casa Giulietta,"['Centro Fotografia', 'Sighseeing', 'Torre Lamberti', 'Museo Conte', 'Museo Radio']",Duomo,strategy_nearest,False,0.0022668838500976562,success
0479A8429C4C80,3,"['San Fermo', 'Castelvecchio', 'Torre Lamberti', 'Santa Anastasia']",Duomo,"['AMO', 'Museo Miniscalchi', 'Teatro Romano', 'Palazzo della Ragione', 'Museo Conte']",Teatro Romano,strategy_nearest,True,0.0027511119842529297,success
0479A7C27B3F80,3,"['Teatro Romano', 'Duomo']",Arena,"['Verona Tour', 'Museo Lapidario', 'Museo Radio', 'San Fermo', 'Casa Giulietta']",Casa Giulietta,strategy_nearest,True,0.0021550655364990234,success
0479A872743380,3,"['Arena', 'Castelvecchio']",Museo Storia,"['San Fermo', 'Museo Radio', 'Casa Giulietta', 'Centro Fotografia', 'Tomba Giulietta']",Torre Lamberti,strategy_nearest,False,0.003801107406616211,success
0479AB3A9C4C80,0,['Arena'],Castelvecchio,"['Museo Lapidario', 'Verona Tour', 'Museo Radio', 'San Zeno', 'Sighseeing']",Casa Giulietta,strategy_nearest,False,0.0021910667419433594,success
0479AB429C4C80,0,"['Casa Giulietta', 'Torre Lamberti']",Castelvecchio,"['Museo Lapidario', 'Verona Tour', 'Arena', 'Museo Radio', 'San Zeno']",Arena,strategy_nearest,True,0.002849102020263672,success
0479AD429C4C80,0,['Arena'],Casa Giulietta,"['Centro Fotografia', 'Sighseeing', 'Torre Lamberti', 'Museo Conte', 'Museo Radio']",Torre Lamberti,strategy_nearest,True,0.002321004867553711,success
0479AF429C4C80,2,"['Museo Lapidario', 'Castelvecchio', 'Palazzo della Ragione']",Torre Lamberti,"['Sighseeing', 'Centro Fotografia', 'Museo Conte', 'Casa Giulietta', 'AMO']",Santa Anastasia,strategy_nearest,False,0.0028569698333740234,success
0479AEC27B3F80,1,"['Casa Giulietta', 'Palazzo della Ragione']",Torre Lamberti,"['Sighseeing', 'Centro Fotografia', 'Museo Conte', 'AMO', 'Museo Miniscalchi']",Arena,strategy_nearest,False,0.002958059310913086,success
0479B3C27B3F80,3,"['Teatro Romano', 'Duomo']",Castelvecchio,"['Museo Lapidario', 'Verona Tour', 'Arena', 'Museo Radio', 'San Zeno']",Arena,strategy_nearest,True,0.002727985382080078,success
0479B6429C4C80,1,['Casa Giulietta'],Torre Lamberti,"['Sighseeing', 'Centro Fotografia', 'Museo Conte', 'Palazzo della Ragione', 'AMO']",Palazzo della Ragione,strategy_nearest,True,0.0032281875610351562,success
0479BAC27B3F80,1,"['Casa Giulietta', 'Palazzo della Ragione']",Torre Lamberti,"['Sighseeing', 'Centro Fotografia', 'Museo Conte', 'AMO', 'Museo Miniscalchi']",Arena,strategy_nearest,False,0.0017452239990234375,success
0479BFC27B3F80,3,"['Teatro Romano', 'Duomo']",Arena,"['Verona Tour', 'Museo Lapidario', 'Museo Radio', 'San Fermo', 'Casa Giulietta']",Casa Giulietta,strategy_nearest,True,0.003070831298828125,success
0479BE429C4C80,3,"['Arena', 'Casa Giulietta']",Santa Anastasia,"['AMO', 'Museo Conte', 'Palazzo della Ragione', 'Teatro Romano', 'Centro Fotografia']",Torre Lamberti,strategy_nearest,False,0.0022690296173095703,success
0479CBC27B3F80,1,"['Casa Giulietta', 'Torre Lamberti', 'Palazzo della Ragione']",Tomba Giulietta,"['San Fermo', 'Museo Storia', 'Arena', 'Museo Lapidario', 'Museo Radio']",Castelvecchio,strategy_nearest,False,0.0013470649719238281,success
0479D2C27B3F80,3,"['Santa Anastasia', 'San Fermo', 'Torre Lamberti']",Arena,"['Verona Tour', 'Museo Lapidario', 'Museo Radio', 'Casa Giulietta', 'Sighseeing']",Castelvecchio,strategy_nearest,False,0.003052949905395508,success
0479D23A9C4C80,3,"['Arena', 'Casa Giulietta', 'Santa Anastasia']",Duomo,"['AMO', 'Museo Miniscalchi', 'Teatro Romano', 'Palazzo della Ragione', 'Museo Conte']",Castelvecchio,strategy_nearest,False,0.0024271011352539062,success
0479C6C27B3F80,3,"['Santa Anastasia', 'San Fermo', 'Torre Lamberti']",Arena,"['Verona Tour', 'Museo Lapidario', 'Museo Radio', 'Casa Giulietta', 'Sighseeing']",Castelvecchio,strategy_nearest,False,0.0028939247131347656,success
0479D7C27B3F80,1,"['Casa Giulietta', 'Torre Lamberti', 'Palazzo della Ragione']",Tomba Giulietta,"['San Fermo', 'Museo Storia', 'Arena', 'Museo Lapidario', 'Museo Radio']",Castelvecchio,strategy_nearest,False,0.0025572776794433594,success
0479E1C27B3F80,3,"['Arena', 'Torre Lamberti']",Duomo,"['AMO', 'Museo Miniscalchi', 'Santa Anastasia', 'Teatro Romano', 'Palazzo della Ragione']",Teatro Romano,strategy_nearest,True,0.003557920455932617,success
0479DEC27B3F80,3,"['Santa Anastasia', 'San Fermo', 'Torre Lamberti']",Arena,"['Verona Tour', 'Museo Lapidario', 'Museo Radio', 'Casa Giulietta', 'Sighseeing']",Castelvecchio,strategy_nearest,False,0.002950906753540039,success
0479E9C27B3F80,0,['Casa Giulietta'],Arena,"['Verona Tour', 'Museo Lapidario', 'Museo Radio', 'San Fermo', 'Sighseeing']",Torre Lamberti,strategy_nearest,False,0.002279043197631836,success
0479EFC27B3F80,1,"['Arena', 'Casa Giulietta']",Castelvecchio,"['Museo Lapidario', 'Verona Tour', 'Museo Radio', 'San Zeno', 'Sighseeing']",Santa Anastasia,strategy_nearest,False,0.0013458728790283203,success
0479EAC27B3F80,1,"['Arena', 'Casa Giulietta', 'Tomba Giulietta', 'Torre Lamberti']",Palazzo della Ragione,"['AMO', 'Museo Conte', 'Centro Fotografia', 'Sighseeing', 'Santa Anastasia']",Santa Anastasia,strategy_nearest,True,0.002185821533203125,success
047A04C27B3F84,1,"['Arena', 'Castelvecchio', 'San Zeno']",Casa Giulietta,"['Centro Fotografia', 'Sighseeing', 'Torre Lamberti', 'Museo Conte', 'Museo Radio']",Torre Lamberti,strategy_nearest,True,0.0027740001678466797,success
047A05C27B3F84,1,"['Arena', 'Castelvecchio', 'Casa Giulietta']",Torre Lamberti,"['Sighseeing', 'Centro Fotografia', 'Museo Conte', 'Palazzo della Ragione', 'AMO']",Palazzo della Ragione,strategy_nearest,True,0.0035789012908935547,success
047A083A9C4C84,0,['Arena'],Casa Giulietta,"['Centro Fotografia', 'Sighseeing', 'Torre Lamberti', 'Museo Conte', 'Museo Radio']",Castelvecchio,strategy_nearest,False,0.0022690296173095703,success
047A10C27B3F84,2,"['Museo Lapidario', 'Casa Giulietta', 'Torre Lamberti']",Palazzo della Ragione,"['AMO', 'Museo Conte', 'Centro Fotografia', 'Sighseeing', 'Santa Anastasia']",Castelvecchio,strategy_nearest,False,0.002562999725341797,success
047A0AC27B3F84,1,"['Arena', 'Castelvecchio', 'Casa Giulietta']",Torre Lamberti,"['Sighseeing', 'Centro Fotografia', 'Museo Conte', 'Palazzo della Ragione', 'AMO']",Palazzo della Ragione,strategy_nearest,True,0.003945827484130859,success
047A0FC27B3F80,3,"['Arena', 'Casa Giulietta']",Santa Anastasia,"['AMO', 'Museo Conte', 'Palazzo della Ragione', 'Teatro Romano', 'Centro Fotografia']",Castelvecchio,strategy_nearest,False,0.002054929733276367,success
047A14C27B3F80,3,"['Arena', 'Castelvecchio', 'Casa Giulietta']",Duomo,"['AMO', 'Museo Miniscalchi', 'Santa Anastasia', 'Teatro Romano', 'Palazzo della Ragione']",Teatro Romano,strategy_nearest,True,0.0016551017761230469,success
047A11C27B3F84,1,"['Arena', 'Casa Giulietta', 'Palazzo della Ragione', 'Torre Lamberti']",Castelvecchio,"['Museo Lapidario', 'Verona Tour', 'Museo Radio', 'San Zeno', 'Sighseeing']",Duomo,strategy_nearest,False,0.004463911056518555,success
047A16C27B3F84,3,"['Arena', 'Castelvecchio']",Santa Anastasia,"['AMO', 'Museo Conte', 'Palazzo della Ragione', 'Teatro Romano', 'Centro Fotografia']",Torre Lamberti,strategy_nearest,False,0.0035212039947509766,success
047A15C27B3F80,3,"['Arena', 'Casa Giulietta', 'Santa Anastasia']",Duomo,"['AMO', 'Museo Miniscalchi', 'Teatro Romano', 'Palazzo della Ragione', 'Museo Conte']",Teatro Romano,strategy_nearest,True,0.005162954330444336,success
047A19C27B3F84,1,"['Casa Giulietta', 'Castelvecchio']",Arena,"['Verona Tour', 'Museo Lapidario', 'Museo Radio', 'San Fermo', 'Sighseeing']",Torre Lamberti,strategy_nearest,False,0.002330780029296875,success
047A17C27B3F84,1,"['Arena', 'Casa Giulietta']",Castelvecchio,"['Museo Lapidario', 'Verona Tour', 'Museo Radio', 'San Zeno', 'Sighseeing']",Palazzo della Ragione,strategy_nearest,False,0.0038199424743652344,success
047A1BC27B3F80,1,"['Castelvecchio', 'Arena', 'Casa Giulietta']",Torre Lamberti,"['Sighseeing', 'Centro Fotografia', 'Museo Conte', 'Palazzo della Ragione', 'AMO']",Palazzo della Ragione,strategy_nearest,True,0.002469778060913086,success
047A19429C4C84,1,['Santa Anastasia'],Arena,"['Verona Tour', 'Museo Lapidario', 'Museo Radio', 'San Fermo', 'Casa Giulietta']",Casa Giulietta,strategy_nearest,True,0.0032651424407958984,success
047A20C27B3F80,1,['Arena'],Torre Lamberti,"['Sighseeing', 'Centro Fotografia', 'Museo Conte', 'Casa Giulietta', 'Palazzo della Ragione']",Palazzo della Ragione,strategy_nearest,True,0.002741098403930664,success
047A1DC27B3F84,0,['Teatro Romano'],Arena,"['Verona Tour', 'Museo Lapidario', 'Museo Radio', 'San Fermo', 'Casa Giulietta']",Casa Giulietta,strategy_nearest,True,0.002814054489135742,success
047A1CC27B3F84,1,"['Castelvecchio', 'Arena']",Torre Lamberti,"['Sighseeing', 'Centro Fotografia', 'Museo Conte', 'Casa Giulietta', 'Palazzo della Ragione']",Palazzo della Ragione,strategy_nearest,True,0.002146005630493164,success
047A21C27B3F80,1,['Arena'],Torre Lamberti,"['Sighseeing', 'Centro Fotografia', 'Museo Conte', 'Casa Giulietta', 'Palazzo della Ragione']",Palazzo della Ragione,strategy_nearest,True,0.002557039260864258,success
047A23C27B3F84,1,"['Arena', 'Torre Lamberti']",Palazzo della Ragione,"['AMO', 'Museo Conte', 'Centro Fotografia', 'Sighseeing', 'Santa Anastasia']",Casa Giulietta,strategy_nearest,False,0.0026979446411132812,success
047A263A9C4C80,1,"['Arena', 'Museo Lapidario', 'Castelvecchio']",Torre Lamberti,"['Sighseeing', 'Centro Fotografia', 'Museo Conte', 'Casa Giulietta', 'Palazzo della Ragione']",Palazzo della Ragione,strategy_nearest,True,0.003316164016723633,success
047A22C27B3F84,3,"['Teatro Romano', 'Duomo']",Castelvecchio,"['Museo Lapidario', 'Verona Tour', 'Arena', 'Museo Radio', 'San Zeno']",Arena,strategy_nearest,True,0.0021028518676757812,success
047A27C27B3F80,1,"['Castelvecchio', 'Arena', 'Casa Giulietta']",Torre Lamberti,"['Sighseeing', 'Centro Fotografia', 'Museo Conte', 'Palazzo della Ragione', 'AMO']",Palazzo della Ragione,strategy_nearest,True,0.0030481815338134766,success
047A29C27B3F84,1,"['Arena', 'Casa Giulietta']",Palazzo della Ragione,"['AMO', 'Museo Conte', 'Torre Lamberti', 'Centro Fotografia', 'Sighseeing']",Tomba Giulietta,strategy_nearest,False,0.003022909164428711,success
047A26C27B3F80,0,['Tomba Giulietta'],Arena,"['Verona Tour', 'Museo Lapidario', 'Museo Radio', 'San Fermo', 'Casa Giulietta']",San Fermo,strategy_nearest,True,0.002294778823852539,success
047A2CC27B3F80,3,"['Arena', 'Casa Giulietta', 'Torre Lamberti']",Santa Anastasia,"['AMO', 'Museo Conte', 'Palazzo della Ragione', 'Teatro Romano', 'Centro Fotografia']",Duomo,strategy_nearest,False,0.004456043243408203,success
047A2DC27B3F80,3,"['Casa Giulietta', 'Arena']",Castelvecchio,"['Museo Lapidario', 'Verona Tour', 'Museo Radio', 'San Zeno', 'Sighseeing']",Santa Anastasia,strategy_nearest,False,0.0022783279418945312,success
047A303A9C4C80,3,"['Santa Anastasia', 'Duomo', 'Teatro Romano']",Casa Giulietta,"['Centro Fotografia', 'Sighseeing', 'Torre Lamberti', 'Museo Conte', 'Museo Radio']",Castelvecchio,strategy_nearest,False,0.002902984619140625,success
047A33C27B3F80,1,"['Arena', 'Castelvecchio', 'Casa Giulietta']",Torre Lamberti,"['Sighseeing', 'Centro Fotografia', 'Museo Conte', 'Palazzo della Ragione', 'AMO']",Palazzo della Ragione,strategy_nearest,True,0.003545045852661133,success
047A43429C4C80,2,"['Torre Lamberti', 'Palazzo della Ragione']",Santa Anastasia,"['AMO', 'Museo Conte', 'Teatro Romano', 'Centro Fotografia', 'Duomo']",Duomo,strategy_nearest,True,0.0027740001678466797,success
047A45C27B3F80,0,"['Casa Giulietta', 'Arena']",Castelvecchio,"['Museo Lapidario', 'Verona Tour', 'Museo Radio', 'San Zeno', 'Sighseeing']",Museo Storia,strategy_nearest,False,0.0031957626342773438,success
047A44C27B3F80,3,"['Arena', 'Casa Giulietta']",Santa Anastasia,"['AMO', 'Museo Conte', 'Palazzo della Ragione', 'Teatro Romano', 'Centro Fotografia']",Duomo,strategy_nearest,False,0.0026769638061523438,success
047A4AC27B3F80,1,"['Arena', 'Casa Giulietta', 'Torre Lamberti']",Palazzo della Ragione,"['AMO', 'Museo Conte', 'Centro Fotografia', 'Sighseeing', 'Santa Anastasia']",Castelvecchio,strategy_nearest,False,0.0028839111328125,success
047A50C27B3F80,3,"['Arena', 'Casa Giulietta']",Santa Anastasia,"['AMO', 'Museo Conte', 'Palazzo della Ragione', 'Teatro Romano', 'Centro Fotografia']",Duomo,strategy_nearest,False,0.0022399425506591797,success
047A4BC27B3F80,1,"['Arena', 'Castelvecchio', 'Casa Giulietta']",Torre Lamberti,"['Sighseeing', 'Centro Fotografia', 'Museo Conte', 'Palazzo della Ragione', 'AMO']",Palazzo della Ragione,strategy_nearest,True,0.0030040740966796875,success
047A51C27B3F80,3,"['Casa Giulietta', 'Arena']",Castelvecchio,"['Museo Lapidario', 'Verona Tour', 'Museo Radio', 'San Zeno', 'Sighseeing']",Santa Anastasia,strategy_nearest,False,0.003471851348876953,success
047A56C27B3F80,3,"['Arena', 'Castelvecchio', 'Casa Giulietta']",San Zeno,"['Verona Tour', 'Museo Lapidario', 'Museo Miniscalchi', 'Sighseeing', 'Museo Radio']",Duomo,strategy_nearest,False,0.001895904541015625,success
047A65429C4C80,2,['Casa Giulietta'],Santa Anastasia,"['AMO', 'Museo Conte', 'Palazzo della Ragione', 'Teatro Romano', 'Centro Fotografia']",Castelvecchio,strategy_nearest,False,0.0027418136596679688,success
047A57C27B3F80,1,"['Arena', 'Santa Anastasia', 'Palazzo della Ragione']",Torre Lamberti,"['Sighseeing', 'Centro Fotografia', 'Museo Conte', 'Casa Giulietta', 'AMO']",Duomo,strategy_nearest,False,0.00209808349609375,success
047A79429C4C80,3,"['Santa Anastasia', 'Casa Giulietta']",Torre Lamberti,"['Sighseeing', 'Centro Fotografia', 'Museo Conte', 'Palazzo della Ragione', 'AMO']",Castelvecchio,strategy_nearest,False,0.0013282299041748047,success
047A81C27B3F80,1,"['Torre Lamberti', 'Palazzo della Ragione', 'Santa Anastasia']",Duomo,"['AMO', 'Museo Miniscalchi', 'Teatro Romano', 'Museo Conte', 'Centro Fotografia']",Teatro Romano,strategy_nearest,True,0.0029959678649902344,success
047A6D429C4C80,3,"['Arena', 'Casa Giulietta']",Torre Lamberti,"['Sighseeing', 'Centro Fotografia', 'Museo Conte', 'Palazzo della Ragione', 'AMO']",Santa Anastasia,strategy_nearest,False,0.004899740219116211,success
047A823A9C4C80,0,['Arena'],Castelvecchio,"['Museo Lapidario', 'Verona Tour', 'Museo Radio', 'San Zeno', 'Sighseeing']",Casa Giulietta,strategy_nearest,False,0.0029168128967285156,success
047A87C27B3F80,3,"['Arena', 'Casa Giulietta', 'Santa Anastasia']",Castelvecchio,"['Museo Lapidario', 'Verona Tour', 'Museo Radio', 'San Zeno', 'Sighseeing']",Tomba Giulietta,strategy_nearest,False,0.0033121109008789062,success
047A86429C4C80,1,['Palazzo della Ragione'],Torre Lamberti,"['Sighseeing', 'Centro Fotografia', 'Museo Conte', 'Casa Giulietta', 'AMO']",Santa Anastasia,strategy_nearest,False,0.0027310848236083984,success
047A86C27B3F80,3,"['San Fermo', 'Museo Storia', 'Teatro Romano', 'Casa Giulietta', 'Tomba Giulietta']",Museo Lapidario,"['Verona Tour', 'Arena', 'Castelvecchio', 'Museo Radio', 'Sighseeing']",Torre Lamberti,strategy_nearest,False,0.0028450489044189453,success
047A8B3A9C4C80,1,"['Arena', 'Casa Giulietta']",Torre Lamberti,"['Sighseeing', 'Centro Fotografia', 'Museo Conte', 'Palazzo della Ragione', 'AMO']",Palazzo della Ragione,strategy_nearest,True,0.0029709339141845703,success
047AA73A9C4C80,0,['Arena'],Torre Lamberti,"['Sighseeing', 'Centro Fotografia', 'Museo Conte', 'Casa Giulietta', 'Palazzo della Ragione']",Casa Giulietta,strategy_nearest,True,0.0027990341186523438,success
047A9BC27B3F80,1,"['Casa Giulietta', 'Castelvecchio']",Arena,"['Verona Tour', 'Museo Lapidario', 'Museo Radio', 'San Fermo', 'Sighseeing']",Torre Lamberti,strategy_nearest,False,0.0015270709991455078,success
047A9F429C4C80,0,"['Torre Lamberti', 'Casa Giulietta']",Arena,"['Verona Tour', 'Museo Lapidario', 'Museo Radio', 'San Fermo', 'Sighseeing']",Castelvecchio,strategy_nearest,False,0.0021419525146484375,success
047AA672743380,0,"['Arena', 'Casa Giulietta']",Torre Lamberti,"['Sighseeing', 'Centro Fotografia', 'Museo Conte', 'Palazzo della Ragione', 'AMO']",Giardino Giusti,strategy_nearest,False,0.0036017894744873047,success
047AA8429C4C80,0,['Arena'],Casa Giulietta,"['Centro Fotografia', 'Sighseeing', 'Torre Lamberti', 'Museo Conte', 'Museo Radio']",Torre Lamberti,strategy_nearest,True,0.001558065414428711,success
047AAE429C4C80,2,['Tomba Giulietta'],Casa Giulietta,"['Centro Fotografia', 'Sighseeing', 'Torre Lamberti', 'Museo Conte', 'Museo Radio']",Santa Anastasia,strategy_nearest,False,0.0020699501037597656,success
047AAB3A9C4C80,0,['Arena'],Castelvecchio,"['Museo Lapidario', 'Verona Tour', 'Museo Radio', 'San Zeno', 'Sighseeing']",Casa Giulietta,strategy_nearest,False,0.0028901100158691406,success
047AB7429C4C80,1,"['Arena', 'Casa Giulietta', 'Palazzo della Ragione']",Torre Lamberti,"['Sighseeing', 'Centro Fotografia', 'Museo Conte', 'AMO', 'Museo Miniscalchi']",Castelvecchio,strategy_nearest,False,0.0022039413452148438,success
047AAC429C4C80,1,"['Museo Lapidario', 'Arena']",Palazzo della Ragione,"['AMO', 'Museo Conte', 'Torre Lamberti', 'Centro Fotografia', 'Sighseeing']",Torre Lamberti,strategy_nearest,True,0.0034990310668945312,success
047AAF429C4C80,2,"['Torre Lamberti', 'Palazzo della Ragione']",Casa Giulietta,"['Centro Fotografia', 'Sighseeing', 'Museo Conte', 'Museo Radio', 'San Fermo']",Teatro Romano,strategy_nearest,False,0.0036439895629882812,success
047AB7C27B3F80,3,"['Torre Lamberti', 'Arena', 'Duomo']",Casa Giulietta,"['Centro Fotografia', 'Sighseeing', 'Museo Conte', 'Museo Radio', 'Palazzo della Ragione']",Santa Anastasia,strategy_nearest,False,0.0027260780334472656,success
047AD4C27B3F80,3,"['Arena', 'Castelvecchio']",Tomba Giulietta,"['San Fermo', 'Museo Storia', 'Museo Lapidario', 'Museo Radio', 'Verona Tour']",San Fermo,strategy_nearest,True,0.0024309158325195312,success
047ACF3A9C4C80,2,['Teatro Romano'],Santa Anastasia,"['AMO', 'Museo Conte', 'Palazzo della Ragione', 'Centro Fotografia', 'Duomo']",Castelvecchio,strategy_nearest,False,0.0036067962646484375,success
047AC2429C4C80,1,"['Castelvecchio', 'Museo Lapidario', 'Arena', 'Casa Giulietta', 'Torre Lamberti']",Palazzo della Ragione,"['AMO', 'Museo Conte', 'Centro Fotografia', 'Sighseeing', 'Santa Anastasia']",Santa Anastasia,strategy_nearest,True,0.002998828887939453,success
047ABE429C4C80,1,"['Casa Giulietta', 'Palazzo della Ragione']",Torre Lamberti,"['Sighseeing', 'Centro Fotografia', 'Museo Conte', 'AMO', 'Museo Miniscalchi']",Santa Anastasia,strategy_nearest,False,0.0021092891693115234,success
047B05C27B3F84,1,"['Arena', 'Casa Giulietta']",Castelvecchio,"['Museo Lapidario', 'Verona Tour', 'Museo Radio', 'San Zeno', 'Sighseeing']",Palazzo della Ragione,strategy_nearest,False,0.0027947425842285156,success
047AE0C27B3F80,3,"['Arena', 'Castelvecchio']",Tomba Giulietta,"['San Fermo', 'Museo Storia', 'Museo Lapidario', 'Museo Radio', 'Verona Tour']",San Fermo,strategy_nearest,True,0.00232696533203125,success
047AECC27B3F80,3,"['Arena', 'Castelvecchio']",Tomba Giulietta,"['San Fermo', 'Museo Storia', 'Museo Lapidario', 'Museo Radio', 'Verona Tour']",San Fermo,strategy_nearest,True,0.0014209747314453125,success
047B04C27B3F84,3,"['Giardino Giusti', 'Teatro Romano', 'Santa Anastasia', 'Torre Lamberti']",Casa Giulietta,"['Centro Fotografia', 'Sighseeing', 'Museo Conte', 'Museo Radio', 'Palazzo della Ragione']",Arena,strategy_nearest,False,0.0035898685455322266,success
047B0BC27B3F84,3,"['Arena', 'Casa Giulietta', 'Duomo']",Castelvecchio,"['Museo Lapidario', 'Verona Tour', 'Museo Radio', 'San Zeno', 'Sighseeing']",Tomba Giulietta,strategy_nearest,False,0.0021080970764160156,success
047B0AC27B3F84,3,"['Arena', 'Museo Lapidario', 'Casa Giulietta', 'Torre Lamberti', 'Tomba Giulietta']",Santa Anastasia,"['AMO', 'Museo Conte', 'Palazzo della Ragione', 'Teatro Romano', 'Centro Fotografia']",Duomo,strategy_nearest,False,0.0021669864654541016,success
047B0E3A9C4C84,0,"['Arena', 'Casa Giulietta']",Museo Lapidario,"['Verona Tour', 'Castelvecchio', 'Museo Radio', 'San Fermo', 'Tomba Giulietta']",Tomba Giulietta,strategy_nearest,True,0.0031659603118896484,success
047B0C3A9C4C84,0,['Arena'],Museo Lapidario,"['Verona Tour', 'Castelvecchio', 'Museo Radio', 'San Fermo', 'Casa Giulietta']",Torre Lamberti,strategy_nearest,False,0.002832174301147461,success
047B11C27B3F84,0,['Arena'],Casa Giulietta,"['Centro Fotografia', 'Sighseeing', 'Torre Lamberti', 'Museo Conte', 'Museo Radio']",Santa Anastasia,strategy_nearest,False,0.0012249946594238281,success
047B18C27B3F84,1,"['Arena', 'Castelvecchio', 'Casa Giulietta', 'Palazzo della Ragione']",Torre Lamberti,"['Sighseeing', 'Centro Fotografia', 'Museo Conte', 'AMO', 'Museo Miniscalchi']",San Fermo,strategy_nearest,False,0.0024728775024414062,success
047B12C27B3F84,0,"['Castelvecchio', 'Arena']",Casa Giulietta,"['Centro Fotografia', 'Sighseeing', 'Torre Lamberti', 'Museo Conte', 'Museo Radio']",Tomba Giulietta,strategy_nearest,False,0.002048969268798828,success
047B1DC27B3F84,3,"['Arena', 'Castelvecchio', 'San Fermo']",Santa Anastasia,"['AMO', 'Museo Conte', 'Palazzo della Ragione', 'Teatro Romano', 'Centro Fotografia']",Casa Giulietta,strategy_nearest,False,0.003269195556640625,success
047B22C27B3F84,3,"['Casa Giulietta', 'Tomba Giulietta', 'Arena', 'Torre Lamberti']",Teatro Romano,"['Santa Anastasia', 'Duomo', 'AMO', 'Palazzo della Ragione', 'Museo Conte']",Santa Anastasia,strategy_nearest,True,0.0019943714141845703,success
047B1EC27B3F84,3,"['Torre Lamberti', 'Arena']",Castelvecchio,"['Museo Lapidario', 'Verona Tour', 'Museo Radio', 'San Zeno', 'Sighseeing']",Santa Anastasia,strategy_nearest,False,0.0026397705078125,success
047B23C27B3F84,3,"['Arena', 'Casa Giulietta', 'Museo Lapidario']",Santa Anastasia,"['AMO', 'Museo Conte', 'Palazzo della Ragione', 'Teatro Romano', 'Centro Fotografia']",Duomo,strategy_nearest,False,0.003130197525024414,success
047B24C27B3F84,3,['Arena'],San Zeno,"['Castelvecchio', 'Verona Tour', 'Museo Lapidario', 'Museo Miniscalchi', 'Sighseeing']",Santa Anastasia,strategy_nearest,False,0.003136157989501953,success
047B29C27B3F84,1,"['Arena', 'Castelvecchio', 'Duomo']",Santa Anastasia,"['AMO', 'Museo Conte', 'Palazzo della Ragione', 'Teatro Romano', 'Centro Fotografia']",Casa Giulietta,strategy_nearest,False,0.004700899124145508,success
047B27429C4C84,0,['Santa Anastasia'],Casa Giulietta,"['Centro Fotografia', 'Sighseeing', 'Torre Lamberti', 'Museo Conte', 'Museo Radio']",Arena,strategy_nearest,False,0.0039598941802978516,success
047B2F429C4C80,1,"['Arena', 'Museo Lapidario', 'Castelvecchio']",San Zeno,"['Verona Tour', 'Museo Miniscalchi', 'Sighseeing', 'Museo Radio', 'Torre Lamberti']",Teatro Romano,strategy_nearest,False,0.004253864288330078,success
047B6AC27B3F80,1,"['Arena', 'Casa Giulietta']",Torre Lamberti,"['Sighseeing', 'Centro Fotografia', 'Museo Conte', 'Palazzo della Ragione', 'AMO']",Palazzo della Ragione,strategy_nearest,True,0.0023946762084960938,success
047B3FC27B3F80,3,"['Arena', 'Santa Anastasia', 'Duomo']",Casa Giulietta,"['Centro Fotografia', 'Sighseeing', 'Torre Lamberti', 'Museo Conte', 'Museo Radio']",Castelvecchio,strategy_nearest,False,0.0039560794830322266,success
047B783A9C4C80,1,"['Arena', 'Torre Lamberti', 'Palazzo della Ragione']",Casa Giulietta,"['Centro Fotografia', 'Sighseeing', 'Museo Conte', 'Museo Radio', 'San Fermo']",Santa Anastasia,strategy_nearest,False,0.0021741390228271484,success
047B794A9C4C80,1,['Arena'],Casa Giulietta,"['Centro Fotografia', 'Sighseeing', 'Torre Lamberti', 'Museo Conte', 'Museo Radio']",Palazzo della Ragione,strategy_nearest,False,0.002763032913208008,success
047B7D429C4C80,0,['Arena'],Casa Giulietta,"['Centro Fotografia', 'Sighseeing', 'Torre Lamberti', 'Museo Conte', 'Museo Radio']",Santa Anastasia,strategy_nearest,False,0.002610921859741211,success
047B86429C4C80,0,['Arena'],Casa Giulietta,"['Centro Fotografia', 'Sighseeing', 'Torre Lamberti', 'Museo Conte', 'Museo Radio']",Duomo,strategy_nearest,False,0.0030989646911621094,success
047B873A9C4C80,3,"['Casa Giulietta', 'Santa Anastasia', 'Duomo']",Teatro Romano,"['AMO', 'Palazzo della Ragione', 'Museo Conte', 'Centro Fotografia', 'Museo Miniscalchi']",Arena,strategy_nearest,False,0.002190828323364258,success
047B893A9C4C80,0,['Arena'],Torre Lamberti,"['Sighseeing', 'Centro Fotografia', 'Museo Conte', 'Casa Giulietta', 'Palazzo della Ragione']",Casa Giulietta,strategy_nearest,True,0.0029838085174560547,success
047B8F4A9C4C80,0,['Arena'],Castelvecchio,"['Museo Lapidario', 'Verona Tour', 'Museo Radio', 'San Zeno', 'Sighseeing']",Casa Giulietta,strategy_nearest,False,0.002599000930786133,success
047B8D3A9C4C80,1,"['Teatro Romano', 'Casa Giulietta']",Palazzo della Ragione,"['AMO', 'Museo Conte', 'Torre Lamberti', 'Centro Fotografia', 'Sighseeing']",Arena,strategy_nearest,False,0.0034759044647216797,success
047BA44A9C4C80,0,['Casa Giulietta'],Torre Lamberti,"['Sighseeing', 'Centro Fotografia', 'Museo Conte', 'Palazzo della Ragione', 'AMO']",Arena,strategy_nearest,False,0.0024781227111816406,success
047BA672743380,1,"['Arena', 'Casa Giulietta', 'Torre Lamberti', 'Palazzo della Ragione']",Tomba Giulietta,"['San Fermo', 'Museo Storia', 'Museo Lapidario', 'Museo Radio', 'Verona Tour']",Santa Anastasia,strategy_nearest,False,0.0016710758209228516,success
047B92C27B3F80,3,"['Casa Giulietta', 'Arena', 'Castelvecchio']",San Zeno,"['Verona Tour', 'Museo Lapidario', 'Museo Miniscalchi', 'Sighseeing', 'Museo Radio']",Duomo,strategy_nearest,False,0.0038750171661376953,success
047BA9429C4C80,3,['Arena'],Casa Giulietta,"['Centro Fotografia', 'Sighseeing', 'Torre Lamberti', 'Museo Conte', 'Museo Radio']",Santa Anastasia,strategy_nearest,False,0.002626180648803711,success
047BB0C27B3F80,3,"['Casa Giulietta', 'Tomba Giulietta', 'Arena']",Torre Lamberti,"['Sighseeing', 'Centro Fotografia', 'Museo Conte', 'Palazzo della Ragione', 'AMO']",Teatro Romano,strategy_nearest,False,0.0026862621307373047,success
047BB53A9C4C80,0,['Casa Giulietta'],Arena,"['Verona Tour', 'Museo Lapidario', 'Museo Radio', 'San Fermo', 'Sighseeing']",Castelvecchio,strategy_nearest,False,0.002054929733276367,success
047BB5C27B3F80,3,"['Casa Giulietta', 'Santa Anastasia', 'Teatro Romano']",Tomba Giulietta,"['San Fermo', 'Museo Storia', 'Arena', 'Museo Lapidario', 'Museo Radio']",San Zeno,strategy_nearest,False,0.0028810501098632812,success
047BBBC27B3F80,3,"['Casa Giulietta', 'Arena']",Torre Lamberti,"['Sighseeing', 'Centro Fotografia', 'Museo Conte', 'Palazzo della Ragione', 'AMO']",Santa Anastasia,strategy_nearest,False,0.0031280517578125,success
047BCDC27B3F80,3,"['Casa Giulietta', 'Arena', 'Castelvecchio']",San Zeno,"['Verona Tour', 'Museo Lapidario', 'Museo Miniscalchi', 'Sighseeing', 'Museo Radio']",Duomo,strategy_nearest,False,0.0028810501098632812,success
047BC0429C4C80,1,"['Arena', 'Casa Giulietta', 'Torre Lamberti']",Palazzo della Ragione,"['AMO', 'Museo Conte', 'Centro Fotografia', 'Sighseeing', 'Santa Anastasia']",Santa Anastasia,strategy_nearest,True,0.0028297901153564453,success
047BD13A9C4C80,0,['Arena'],Teatro Romano,"['Santa Anastasia', 'Duomo', 'AMO', 'Palazzo della Ragione', 'Museo Conte']",Castelvecchio,strategy_nearest,False,0.003387928009033203,success
047BF3C27B3F80,0,['Arena'],Casa Giulietta,"['Centro Fotografia', 'Sighseeing', 'Torre Lamberti', 'Museo Conte', 'Museo Radio']",Torre Lamberti,strategy_nearest,True,0.0018239021301269531,success
047BD4C27B3F80,3,"['Casa Giulietta', 'Santa Anastasia', 'Duomo']",Teatro Romano,"['AMO', 'Palazzo della Ragione', 'Museo Conte', 'Centro Fotografia', 'Museo Miniscalchi']",Tomba Giulietta,strategy_nearest,False,0.0031211376190185547,success
047BF2C27B3F80,0,"['San Fermo', 'Arena', 'Giardino Giusti']",Casa Giulietta,"['Centro Fotografia', 'Sighseeing', 'Torre Lamberti', 'Museo Conte', 'Museo Radio']",Tomba Giulietta,strategy_nearest,False,0.0025491714477539062,success
047BF9C27B3F80,3,"['Casa Giulietta', 'Santa Anastasia', 'Arena', 'San Zeno', 'Castelvecchio']",Tomba Giulietta,"['San Fermo', 'Museo Storia', 'Museo Lapidario', 'Museo Radio', 'Verona Tour']",Museo Lapidario,strategy_nearest,True,0.0027887821197509766,success
047BF8C27B3F80,3,"['Casa Giulietta', 'Torre Lamberti', 'Arena']",San Zeno,"['Castelvecchio', 'Verona Tour', 'Museo Lapidario', 'Museo Miniscalchi', 'Sighseeing']",Castelvecchio,strategy_nearest,True,0.0027780532836914062,success
047BFEC27B3F80,2,"['Casa Giulietta', 'Castelvecchio']",Torre Lamberti,"['Sighseeing', 'Centro Fotografia', 'Museo Conte', 'Palazzo della Ragione', 'AMO']",Museo Conte,strategy_nearest,True,0.0025238990783691406,success
047BFE3A9C4C80,0,"['Teatro Romano', 'Giardino Giusti']",Torre Lamberti,"['Sighseeing', 'Centro Fotografia', 'Museo Conte', 'Casa Giulietta', 'Palazzo della Ragione']",Castelvecchio,strategy_nearest,False,0.0033969879150390625,success
047BFFC27B3F80,3,"['Arena', 'Casa Giulietta', 'Duomo']",Castelvecchio,"['Museo Lapidario', 'Verona Tour', 'Museo Radio', 'San Zeno', 'Sighseeing']",Tomba Giulietta,strategy_nearest,False,0.0025970935821533203,success
047C05C27B3F84,3,"['Casa Giulietta', 'San Fermo', 'Tomba Giulietta']",Arena,"['Verona Tour', 'Museo Lapidario', 'Museo Radio', 'Sighseeing', 'Castelvecchio']",Giardino Giusti,strategy_nearest,False,0.0023360252380371094,success
047C04C27B3F84,0,['Casa Giulietta'],Arena,"['Verona Tour', 'Museo Lapidario', 'Museo Radio', 'San Fermo', 'Sighseeing']",Castelvecchio,strategy_nearest,False,0.0027780532836914062,success
047C0BC27B3F84,0,['Casa Giulietta'],Arena,"['Verona Tour', 'Museo Lapidario', 'Museo Radio', 'San Fermo', 'Sighseeing']",Duomo,strategy_nearest,False,0.0026769638061523438,success
047C0CC27B3F84,0,['Casa Giulietta'],Arena,"['Verona Tour', 'Museo Lapidario', 'Museo Radio', 'San Fermo', 'Sighseeing']",Duomo,strategy_nearest,False,0.002660036087036133,success
047C11C27B3F84,1,"['Casa Giulietta', 'Santa Anastasia', 'Duomo', 'Teatro Romano', 'Tomba Giulietta']",Museo Storia,"['San Fermo', 'Museo Radio', 'Centro Fotografia', 'Arena', 'Torre Lamberti']",San Fermo,strategy_nearest,True,0.002541065216064453,success
047C12C27B3F84,0,['Casa Giulietta'],Tomba Giulietta,"['San Fermo', 'Museo Storia', 'Arena', 'Museo Lapidario', 'Museo Radio']",Arena,strategy_nearest,True,0.003610849380493164,success
047C16429C4C84,3,"['Arena', 'Casa Giulietta']",Torre Lamberti,"['Sighseeing', 'Centro Fotografia', 'Museo Conte', 'Palazzo della Ragione', 'AMO']",Duomo,strategy_nearest,False,0.0028328895568847656,success
047C17C27B3F84,3,"['Casa Giulietta', 'Santa Anastasia', 'Teatro Romano']",San Zeno,"['Castelvecchio', 'Verona Tour', 'Museo Lapidario', 'Arena', 'Museo Miniscalchi']",Torre Lamberti,strategy_nearest,False,0.0034499168395996094,success
047C19C27B3F84,1,"['Casa Giulietta', 'Torre Lamberti', 'Palazzo della Ragione', 'Santa Anastasia', 'Giardino Giusti']",Teatro Romano,"['Duomo', 'AMO', 'Museo Conte', 'Centro Fotografia', 'Museo Miniscalchi']",Duomo,strategy_nearest,True,0.002541065216064453,success
047C1B429C4C84,0,['Tomba Giulietta'],Arena,"['Verona Tour', 'Museo Lapidario', 'Museo Radio', 'San Fermo', 'Casa Giulietta']",Casa Giulietta,strategy_nearest,True,0.004756927490234375,success
047C1FC27B3F84,1,"['Casa Giulietta', 'Castelvecchio', 'Arena']",San Fermo,"['Museo Storia', 'Museo Radio', 'Centro Fotografia', 'Sighseeing', 'Torre Lamberti']",San Zeno,strategy_nearest,False,0.002106904983520508,success
047C203A9C4C84,1,"['Arena', 'Casa Giulietta', 'Palazzo della Ragione']",Torre Lamberti,"['Sighseeing', 'Centro Fotografia', 'Museo Conte', 'AMO', 'Museo Miniscalchi']",Santa Anastasia,strategy_nearest,False,0.0030982494354248047,success
047C1EC27B3F84,1,"['Casa Giulietta', 'Palazzo della Ragione', 'Duomo']",Teatro Romano,"['Santa Anastasia', 'AMO', 'Museo Conte', 'Centro Fotografia', 'Museo Miniscalchi']",Torre Lamberti,strategy_nearest,False,0.002000093460083008,success
047C25C27B3F84,0,['Casa Giulietta'],Arena,"['Verona Tour', 'Museo Lapidario', 'Museo Radio', 'San Fermo', 'Sighseeing']",Tomba Giulietta,strategy_nearest,False,0.0026192665100097656,success
047C24C27B3F84,3,"['Casa Giulietta', 'Duomo', 'Teatro Romano']",Santa Anastasia,"['AMO', 'Museo Conte', 'Palazzo della Ragione', 'Centro Fotografia', 'Torre Lamberti']",Torre Lamberti,strategy_nearest,True,0.002725839614868164,success
047C23C27B3F84,0,['Arena'],Casa Giulietta,"['Centro Fotografia', 'Sighseeing', 'Torre Lamberti', 'Museo Conte', 'Museo Radio']",Tomba Giulietta,strategy_nearest,False,0.002167940139770508,success
047C35429C4C80,3,"['Arena', 'Casa Giulietta']",Torre Lamberti,"['Sighseeing', 'Centro Fotografia', 'Museo Conte', 'Palazzo della Ragione', 'AMO']",Santa Anastasia,strategy_nearest,False,0.0033452510833740234,success
047C35C27B3F80,1,"['Arena', 'Santa Anastasia', 'Duomo']",Casa Giulietta,"['Centro Fotografia', 'Sighseeing', 'Torre Lamberti', 'Museo Conte', 'Museo Radio']",Palazzo della Ragione,strategy_nearest,False,0.0017828941345214844,success
047C3A3A9C4C80,3,"['Arena', 'Castelvecchio']",Torre Lamberti,"['Sighseeing', 'Centro Fotografia', 'Museo Conte', 'Casa Giulietta', 'Palazzo della Ragione']",Duomo,strategy_nearest,False,0.003282308578491211,success
047C3A429C4C80,1,"['Arena', 'Torre Lamberti', 'Palazzo della Ragione']",Casa Giulietta,"['Centro Fotografia', 'Sighseeing', 'Museo Conte', 'Museo Radio', 'San Fermo']",Tomba Giulietta,strategy_nearest,False,0.0016210079193115234,success
047C38429C4C80,0,['Arena'],Casa Giulietta,"['Centro Fotografia', 'Sighseeing', 'Torre Lamberti', 'Museo Conte', 'Museo Radio']",Duomo,strategy_nearest,False,0.002650022506713867,success
047C403A9C4C80,1,"['Arena', 'Casa Giulietta']",Torre Lamberti,"['Sighseeing', 'Centro Fotografia', 'Museo Conte', 'Palazzo della Ragione', 'AMO']",Palazzo della Ragione,strategy_nearest,True,0.0025811195373535156,success
047C3DC27B3F80,5,"['Duomo', 'Santa Anastasia', 'Palazzo della Ragione', 'Torre Lamberti', 'Casa Giulietta']",Teatro Romano,"['AMO', 'Museo Conte', 'Centro Fotografia', 'Museo Miniscalchi', 'Giardino Giusti']",Museo Miniscalchi,strategy_nearest,True,0.0028128623962402344,success
047C4FC27B3F80,1,"['Arena', 'Santa Anastasia', 'Duomo']",Casa Giulietta,"['Centro Fotografia', 'Sighseeing', 'Torre Lamberti', 'Museo Conte', 'Museo Radio']",Palazzo della Ragione,strategy_nearest,False,0.003300905227661133,success
047C533A9C4C80,0,['Arena'],Casa Giulietta,"['Centro Fotografia', 'Sighseeing', 'Torre Lamberti', 'Museo Conte', 'Museo Radio']",Duomo,strategy_nearest,False,0.0025930404663085938,success
047C49C27B3F80,1,"['Arena', 'Casa Giulietta', 'Santa Anastasia', 'Duomo']",Torre Lamberti,"['Sighseeing', 'Centro Fotografia', 'Museo Conte', 'Palazzo della Ragione', 'AMO']",Palazzo della Ragione,strategy_nearest,True,0.002878904342651367,success
047C56C27B3F80,1,"['Arena', 'Casa Giulietta', 'Duomo', 'Torre Lamberti']",Palazzo della Ragione,"['AMO', 'Museo Conte', 'Centro Fotografia', 'Sighseeing', 'Santa Anastasia']",Castelvecchio,strategy_nearest,False,0.0030059814453125,success
047C7D4A9C4C80,0,['San Zeno'],Duomo,"['AMO', 'Museo Miniscalchi', 'Santa Anastasia', 'Teatro Romano', 'Palazzo della Ragione']",Casa Giulietta,strategy_nearest,False,0.001989126205444336,success
047C65429C4C80,1,"['Arena', 'Torre Lamberti', 'Palazzo della Ragione', 'Casa Giulietta']",San Fermo,"['Museo Storia', 'Museo Radio', 'Centro Fotografia', 'Sighseeing', 'Museo Conte']",Santa Anastasia,strategy_nearest,False,0.002413034439086914,success
047C7E3A9C4C80,4,"['Torre Lamberti', 'Santa Anastasia', 'Duomo']",Teatro Romano,"['AMO', 'Palazzo della Ragione', 'Museo Conte', 'Centro Fotografia', 'Museo Miniscalchi']",Arena,strategy_nearest,False,0.002652883529663086,success
047C80429C4C80,1,"['San Zeno', 'Arena']",Palazzo della Ragione,"['AMO', 'Museo Conte', 'Torre Lamberti', 'Centro Fotografia', 'Sighseeing']",Torre Lamberti,strategy_nearest,True,0.002888917922973633,success
047C8F429C4C80,1,"['Arena', 'Torre Lamberti']",Palazzo della Ragione,"['AMO', 'Museo Conte', 'Centro Fotografia', 'Sighseeing', 'Santa Anastasia']",Casa Giulietta,strategy_nearest,False,0.0026760101318359375,success
047C8C429C4C80,1,"['Arena', 'Casa Giulietta']",Palazzo della Ragione,"['AMO', 'Museo Conte', 'Torre Lamberti', 'Centro Fotografia', 'Sighseeing']",Castelvecchio,strategy_nearest,False,0.0027959346771240234,success
047CA6429C4C80,0,['Arena'],Duomo,"['AMO', 'Museo Miniscalchi', 'Santa Anastasia', 'Teatro Romano', 'Palazzo della Ragione']",Teatro Romano,strategy_nearest,True,0.0033152103424072266,success
047CAE429C4C80,3,"['Tomba Giulietta', 'Museo Lapidario', 'Castelvecchio']",Arena,"['Verona Tour', 'Museo Radio', 'San Fermo', 'Casa Giulietta', 'Sighseeing']",Casa Giulietta,strategy_nearest,True,0.0017428398132324219,success
047CBD429C4C80,1,"['Arena', 'Torre Lamberti']",Palazzo della Ragione,"['AMO', 'Museo Conte', 'Centro Fotografia', 'Sighseeing', 'Santa Anastasia']",Santa Anastasia,strategy_nearest,True,0.0024063587188720703,success
047CA872743380,0,['Arena'],Casa Giulietta,"['Centro Fotografia', 'Sighseeing', 'Torre Lamberti', 'Museo Conte', 'Museo Radio']",Santa Anastasia,strategy_nearest,False,0.003980875015258789,success
047CFEC27B3F80,0,['Casa Giulietta'],Tomba Giulietta,"['San Fermo', 'Museo Storia', 'Arena', 'Museo Lapidario', 'Museo Radio']",Arena,strategy_nearest,True,0.0023508071899414062,success
047D0BC27B3F84,0,['Casa Giulietta'],Arena,"['Verona Tour', 'Museo Lapidario', 'Museo Radio', 'San Fermo', 'Sighseeing']",Tomba Giulietta,strategy_nearest,False,0.0021021366119384766,success
047D0AC27B3F84,3,"['Casa Giulietta', 'Duomo', 'Teatro Romano']",Santa Anastasia,"['AMO', 'Museo Conte', 'Palazzo della Ragione', 'Centro Fotografia', 'Torre Lamberti']",Torre Lamberti,strategy_nearest,True,0.002814054489135742,success
047D14429C4C80,3,['Arena'],Casa Giulietta,"['Centro Fotografia', 'Sighseeing', 'Torre Lamberti', 'Museo Conte', 'Museo Radio']",Torre Lamberti,strategy_nearest,True,0.003322124481201172,success
047D0CC27B3F84,3,"['Arena', 'Casa Giulietta']",Torre Lamberti,"['Sighseeing', 'Centro Fotografia', 'Museo Conte', 'Palazzo della Ragione', 'AMO']",Santa Anastasia,strategy_nearest,False,0.0033330917358398438,success
047D373A9C4C80,3,"['Casa Giulietta', 'Arena']",San Zeno,"['Castelvecchio', 'Verona Tour', 'Museo Lapidario', 'Museo Miniscalchi', 'Sighseeing']",Duomo,strategy_nearest,False,0.0024580955505371094,success
047D213A9C4C84,1,"['Casa Giulietta', 'Torre Lamberti', 'Palazzo della Ragione']",Santa Anastasia,"['AMO', 'Museo Conte', 'Teatro Romano', 'Centro Fotografia', 'Duomo']",Duomo,strategy_nearest,True,0.003960847854614258,success
047D38429C4C80,0,['Arena'],Giardino Giusti,"['Santa Anastasia', 'Teatro Romano', 'Museo Conte', 'Centro Fotografia', 'Museo Storia']",Castelvecchio,strategy_nearest,False,0.0027828216552734375,success
047D3B3A9C4C80,0,['Torre Lamberti'],Casa Giulietta,"['Centro Fotografia', 'Sighseeing', 'Museo Conte', 'Museo Radio', 'Palazzo della Ragione']",Arena,strategy_nearest,False,0.002875089645385742,success
047D3A3A9C4C80,0,['Arena'],Casa Giulietta,"['Centro Fotografia', 'Sighseeing', 'Torre Lamberti', 'Museo Conte', 'Museo Radio']",Tomba Giulietta,strategy_nearest,False,0.003551006317138672,success
047D3E429C4C80,0,['Arena'],Casa Giulietta,"['Centro Fotografia', 'Sighseeing', 'Torre Lamberti', 'Museo Conte', 'Museo Radio']",Castelvecchio,strategy_nearest,False,0.0035750865936279297,success
047D713A9C4C80,3,"['Arena', 'Casa Giulietta']",Santa Anastasia,"['AMO', 'Museo Conte', 'Palazzo della Ragione', 'Teatro Romano', 'Centro Fotografia']",Duomo,strategy_nearest,False,0.002663850784301758,success
047D67429C4C80,0,['Arena'],Casa Giulietta,"['Centro Fotografia', 'Sighseeing', 'Torre Lamberti', 'Museo Conte', 'Museo Radio']",Torre Lamberti,strategy_nearest,True,0.0031261444091796875,success
047D733A9C4C80,3,"['Arena', 'Museo Lapidario']",Castelvecchio,"['Verona Tour', 'Museo Radio', 'San Zeno', 'Sighseeing', 'Museo Miniscalchi']",Santa Anastasia,strategy_nearest,False,0.0033228397369384766,success
047D74429C4C80,1,"['Arena', 'Museo Lapidario', 'Castelvecchio']",Torre Lamberti,"['Sighseeing', 'Centro Fotografia', 'Museo Conte', 'Casa Giulietta', 'Palazzo della Ragione']",Palazzo della Ragione,strategy_nearest,True,0.0030930042266845703,success
047D7A4A9C4C80,3,['Santa Anastasia'],Torre Lamberti,"['Sighseeing', 'Centro Fotografia', 'Museo Conte', 'Casa Giulietta', 'Palazzo della Ragione']",Casa Giulietta,strategy_nearest,True,0.0037539005279541016,success
047D7E429C4C80,1,"['Arena', 'Casa Giulietta']",Torre Lamberti,"['Sighseeing', 'Centro Fotografia', 'Museo Conte', 'Palazzo della Ragione', 'AMO']",Palazzo della Ragione,strategy_nearest,True,0.002665996551513672,success
047D89429C4C80,1,"['Arena', 'Casa Giulietta']",Torre Lamberti,"['Sighseeing', 'Centro Fotografia', 'Museo Conte', 'Palazzo della Ragione', 'AMO']",Palazzo della Ragione,strategy_nearest,True,0.003020763397216797,success
047D8F3A9C4C80,3,"['Museo Lapidario', 'Arena']",Torre Lamberti,"['Sighseeing', 'Centro Fotografia', 'Museo Conte', 'Casa Giulietta', 'Palazzo della Ragione']",Santa Anastasia,strategy_nearest,False,0.0028290748596191406,success
047D92429C4C80,3,"['Arena', 'Casa Giulietta', 'Torre Lamberti']",Santa Anastasia,"['AMO', 'Museo Conte', 'Palazzo della Ragione', 'Teatro Romano', 'Centro Fotografia']",Teatro Romano,strategy_nearest,True,0.002148151397705078,success
047D8F429C4C80,0,['Arena'],Torre Lamberti,"['Sighseeing', 'Centro Fotografia', 'Museo Conte', 'Casa Giulietta', 'Palazzo della Ragione']",Casa Giulietta,strategy_nearest,True,0.0034439563751220703,success
047DA4C27B3F80,1,"['Casa Giulietta', 'Arena']",Palazzo della Ragione,"['AMO', 'Museo Conte', 'Torre Lamberti', 'Centro Fotografia', 'Sighseeing']",Castelvecchio,strategy_nearest,False,0.0032231807708740234,success
047DA772743380,1,"['Arena', 'Casa Giulietta', 'Torre Lamberti', 'Palazzo della Ragione', 'Tomba Giulietta']",Santa Anastasia,"['AMO', 'Museo Conte', 'Teatro Romano', 'Centro Fotografia', 'Duomo']",Duomo,strategy_nearest,True,0.0019838809967041016,success
047DC13A9C4C80,1,"['San Fermo', 'Santa Anastasia', 'Duomo', 'Casa Giulietta']",Castelvecchio,"['Museo Lapidario', 'Verona Tour', 'Arena', 'Museo Radio', 'San Zeno']",Teatro Romano,strategy_nearest,False,0.0034508705139160156,success
047DBB429C4C80,2,['Castelvecchio'],Torre Lamberti,"['Sighseeing', 'Centro Fotografia', 'Museo Conte', 'Casa Giulietta', 'Palazzo della Ragione']",Teatro Romano,strategy_nearest,False,0.003074169158935547,success
047DC6429C4C80,1,"['Castelvecchio', 'Arena', 'Casa Giulietta', 'San Fermo']",Santa Anastasia,"['AMO', 'Museo Conte', 'Palazzo della Ragione', 'Teatro Romano', 'Centro Fotografia']",Teatro Romano,strategy_nearest,True,0.0026869773864746094,success
047DC8C27B3F80,0,['Casa Giulietta'],Arena,"['Verona Tour', 'Museo Lapidario', 'Museo Radio', 'San Fermo', 'Sighseeing']",Tomba Giulietta,strategy_nearest,False,0.0019648075103759766,success
047DF93A9C4C80,1,"['Arena', 'Casa Giulietta']",Palazzo della Ragione,"['AMO', 'Museo Conte', 'Torre Lamberti', 'Centro Fotografia', 'Sighseeing']",Torre Lamberti,strategy_nearest,True,0.0026230812072753906,success
047DE7C27B3F80,1,"['Casa Giulietta', 'Arena']",Palazzo della Ragione,"['AMO', 'Museo Conte', 'Torre Lamberti', 'Centro Fotografia', 'Sighseeing']",Castelvecchio,strategy_nearest,False,0.003651142120361328,success
047DFA3A9C4C80,3,"['Arena', 'Torre Lamberti']",Casa Giulietta,"['Centro Fotografia', 'Sighseeing', 'Museo Conte', 'Museo Radio', 'Palazzo della Ragione']",Santa Anastasia,strategy_nearest,False,0.0035161972045898438,success
047E1DC27B3F80,3,"['Casa Giulietta', 'San Fermo', 'Tomba Giulietta', 'Arena']",Giardino Giusti,"['Santa Anastasia', 'Teatro Romano', 'Museo Conte', 'Centro Fotografia', 'Museo Storia']",Teatro Romano,strategy_nearest,True,0.002688884735107422,success
047E1EC27B3F80,3,"['Casa Giulietta', 'Torre Lamberti']",Arena,"['Verona Tour', 'Museo Lapidario', 'Museo Radio', 'San Fermo', 'Sighseeing']",San Zeno,strategy_nearest,False,0.0029189586639404297,success
047E41C27B3F80,1,"['Casa Giulietta', 'Arena']",Palazzo della Ragione,"['AMO', 'Museo Conte', 'Torre Lamberti', 'Centro Fotografia', 'Sighseeing']",Castelvecchio,strategy_nearest,False,0.0026161670684814453,success
047E413A9C4C80,1,"['Arena', 'Museo Lapidario']",Torre Lamberti,"['Sighseeing', 'Centro Fotografia', 'Museo Conte', 'Casa Giulietta', 'Palazzo della Ragione']",Palazzo della Ragione,strategy_nearest,True,0.0034737586975097656,success
047EC73A9C4C80,3,"['Santa Anastasia', 'Torre Lamberti']",Casa Giulietta,"['Centro Fotografia', 'Sighseeing', 'Museo Conte', 'Museo Radio', 'Palazzo della Ragione']",Arena,strategy_nearest,False,0.002675771713256836,success
047EA7429C4C80,1,"['Arena', 'Torre Lamberti', 'Palazzo della Ragione']",Casa Giulietta,"['Centro Fotografia', 'Sighseeing', 'Museo Conte', 'Museo Radio', 'San Fermo']",Santa Anastasia,strategy_nearest,False,0.001953125,success
047E82429C4C80,3,"['Arena', 'Torre Lamberti']",Santa Anastasia,"['AMO', 'Museo Conte', 'Palazzo della Ragione', 'Teatro Romano', 'Centro Fotografia']",Teatro Romano,strategy_nearest,True,0.0036208629608154297,success
047EEA3A9C4C80,3,"['Arena', 'Casa Giulietta', 'Santa Anastasia']",Torre Lamberti,"['Sighseeing', 'Centro Fotografia', 'Museo Conte', 'Palazzo della Ragione', 'AMO']",Tomba Giulietta,strategy_nearest,False,0.0024900436401367188,success
047F11C27B3F80,1,"['Casa Giulietta', 'Torre Lamberti', 'Palazzo della Ragione']",Santa Anastasia,"['AMO', 'Museo Conte', 'Teatro Romano', 'Centro Fotografia', 'Duomo']",Arena,strategy_nearest,False,0.002938985824584961,success
047F063A9C4C84,0,"['Arena', 'San Fermo']",Casa Giulietta,"['Centro Fotografia', 'Sighseeing', 'Torre Lamberti', 'Museo Conte', 'Museo Radio']",Torre Lamberti,strategy_nearest,True,0.004323005676269531,success
047F16C27B3F80,1,"['Casa Giulietta', 'Arena']",Palazzo della Ragione,"['AMO', 'Museo Conte', 'Torre Lamberti', 'Centro Fotografia', 'Sighseeing']",Castelvecchio,strategy_nearest,False,0.0027027130126953125,success
047F10C27B3F80,3,"['Casa Giulietta', 'Santa Anastasia', 'Arena']",Museo Lapidario,"['Verona Tour', 'Castelvecchio', 'Museo Radio', 'San Fermo', 'Tomba Giulietta']",Castelvecchio,strategy_nearest,True,0.002335071563720703,success
047F17C27B3F80,0,"['Casa Giulietta', 'Tomba Giulietta']",Castelvecchio,"['Museo Lapidario', 'Verona Tour', 'Arena', 'Museo Radio', 'San Zeno']",Arena,strategy_nearest,True,0.0028400421142578125,success
047F1EC27B3F80,3,"['Casa Giulietta', 'Santa Anastasia', 'Arena']",Museo Lapidario,"['Verona Tour', 'Castelvecchio', 'Museo Radio', 'San Fermo', 'Tomba Giulietta']",Castelvecchio,strategy_nearest,True,0.002888917922973633,success
047F23C27B3F80,0,['Casa Giulietta'],Arena,"['Verona Tour', 'Museo Lapidario', 'Museo Radio', 'San Fermo', 'Sighseeing']",Castelvecchio,strategy_nearest,False,0.002032756805419922,success
047F24C27B3F80,1,"['Casa Giulietta', 'Arena']",Torre Lamberti,"['Sighseeing', 'Centro Fotografia', 'Museo Conte', 'Palazzo della Ragione', 'AMO']",Palazzo della Ragione,strategy_nearest,True,0.003345966339111328,success
047F29C27B3F80,0,"['Casa Giulietta', 'Torre Lamberti']",Arena,"['Verona Tour', 'Museo Lapidario', 'Museo Radio', 'San Fermo', 'Sighseeing']",San Zeno,strategy_nearest,False,0.0019440650939941406,success
047F30C27B3F80,0,"['Casa Giulietta', 'Arena']",Castelvecchio,"['Museo Lapidario', 'Verona Tour', 'Museo Radio', 'San Zeno', 'Sighseeing']",Torre Lamberti,strategy_nearest,False,0.0024449825286865234,success
047F31429C4C80,0,['Arena'],Casa Giulietta,"['Centro Fotografia', 'Sighseeing', 'Torre Lamberti', 'Museo Conte', 'Museo Radio']",Santa Anastasia,strategy_nearest,False,0.002435922622680664,success
047F2AC27B3F80,0,"['Casa Giulietta', 'Tomba Giulietta']",Castelvecchio,"['Museo Lapidario', 'Verona Tour', 'Arena', 'Museo Radio', 'San Zeno']",Arena,strategy_nearest,True,0.002669095993041992,success
047F35C27B3F80,3,"['Casa Giulietta', 'Arena']",Torre Lamberti,"['Sighseeing', 'Centro Fotografia', 'Museo Conte', 'Palazzo della Ragione', 'AMO']",Santa Anastasia,strategy_nearest,False,0.002874135971069336,success
047F38429C4C80,3,['Arena'],Casa Giulietta,"['Centro Fotografia', 'Sighseeing', 'Torre Lamberti', 'Museo Conte', 'Museo Radio']",Santa Anastasia,strategy_nearest,False,0.0021810531616210938,success
047F3BC27B3F80,1,"['Casa Giulietta', 'Santa Anastasia', 'Duomo', 'Teatro Romano', 'Tomba Giulietta']",San Fermo,"['Museo Storia', 'Museo Radio', 'Centro Fotografia', 'Arena', 'Sighseeing']",Arena,strategy_nearest,True,0.0027027130126953125,success
047F36C27B3F80,3,"['Casa Giulietta', 'Santa Anastasia']",Torre Lamberti,"['Sighseeing', 'Centro Fotografia', 'Museo Conte', 'Palazzo della Ragione', 'AMO']",Arena,strategy_nearest,False,0.0035390853881835938,success
047F413A9C4C80,0,['Arena'],Museo Lapidario,"['Verona Tour', 'Castelvecchio', 'Museo Radio', 'San Fermo', 'Casa Giulietta']",Casa Giulietta,strategy_nearest,True,0.002167940139770508,success
047F3EC27B3F80,1,"['Casa Giulietta', 'Torre Lamberti', 'Santa Anastasia', 'Duomo']",Teatro Romano,"['AMO', 'Palazzo della Ragione', 'Museo Conte', 'Centro Fotografia', 'Museo Miniscalchi']",Arena,strategy_nearest,False,0.0025141239166259766,success
047F42429C4C80,1,"['Arena', 'Casa Giulietta', 'Torre Lamberti']",Palazzo della Ragione,"['AMO', 'Museo Conte', 'Centro Fotografia', 'Sighseeing', 'Santa Anastasia']",Santa Anastasia,strategy_nearest,True,0.00261688232421875,success
047F43C27B3F80,1,"['Casa Giulietta', 'Palazzo della Ragione', 'Torre Lamberti']",Torre Lamberti,"['Sighseeing', 'Centro Fotografia', 'Museo Conte', 'AMO', 'Museo Miniscalchi']",Duomo,strategy_nearest,False,0.002422809600830078,success
047F49C27B3F80,3,"['Casa Giulietta', 'Santa Anastasia']",Arena,"['Verona Tour', 'Museo Lapidario', 'Museo Radio', 'San Fermo', 'Sighseeing']",Giardino Giusti,strategy_nearest,False,0.002849102020263672,success
047F4AC27B3F80,3,"['Casa Giulietta', 'Santa Anastasia']",Torre Lamberti,"['Sighseeing', 'Centro Fotografia', 'Museo Conte', 'Palazzo della Ragione', 'AMO']",Arena,strategy_nearest,False,0.0028281211853027344,success
047F4FC27B3F80,1,"['Casa Giulietta', 'Torre Lamberti', 'Santa Anastasia', 'Duomo']",Teatro Romano,"['AMO', 'Palazzo della Ragione', 'Museo Conte', 'Centro Fotografia', 'Museo Miniscalchi']",Arena,strategy_nearest,False,0.0031752586364746094,success
047F44C27B3F80,3,"['Casa Giulietta', 'Santa Anastasia']",Arena,"['Verona Tour', 'Museo Lapidario', 'Museo Radio', 'San Fermo', 'Sighseeing']",Giardino Giusti,strategy_nearest,False,0.002168893814086914,success
047F783A9C4C80,0,['Casa Giulietta'],Torre Lamberti,"['Sighseeing', 'Centro Fotografia', 'Museo Conte', 'Palazzo della Ragione', 'AMO']",Castelvecchio,strategy_nearest,False,0.0020830631256103516,success
047F55C27B3F80,1,"['Casa Giulietta', 'Arena']",Torre Lamberti,"['Sighseeing', 'Centro Fotografia', 'Museo Conte', 'Palazzo della Ragione', 'AMO']",Palazzo della Ragione,strategy_nearest,True,0.0028238296508789062,success
047F733A9C4C80,3,"['Arena', 'Casa Giulietta', 'Santa Anastasia']",Santa Anastasia,"['AMO', 'Museo Conte', 'Palazzo della Ragione', 'Teatro Romano', 'Centro Fotografia']",Duomo,strategy_nearest,False,0.0015702247619628906,success
047F50C27B3F80,0,['Casa Giulietta'],Arena,"['Verona Tour', 'Museo Lapidario', 'Museo Radio', 'San Fermo', 'Sighseeing']",Tomba Giulietta,strategy_nearest,False,0.004719972610473633,success
047F793A9C4C80,1,"['Arena', 'Tomba Giulietta']",Casa Giulietta,"['Centro Fotografia', 'Sighseeing', 'Torre Lamberti', 'Museo Conte', 'Museo Radio']",Torre Lamberti,strategy_nearest,True,0.0020592212677001953,success
047F873A9C4C80,1,"['Museo Lapidario', 'Casa Giulietta', 'Torre Lamberti']",Palazzo della Ragione,"['AMO', 'Museo Conte', 'Centro Fotografia', 'Sighseeing', 'Santa Anastasia']",Santa Anastasia,strategy_nearest,True,0.0021109580993652344,success
047F7C4A9C4C80,0,['Torre Lamberti'],Duomo,"['AMO', 'Museo Miniscalchi', 'Santa Anastasia', 'Teatro Romano', 'Palazzo della Ragione']",Arena,strategy_nearest,False,0.0027980804443359375,success
047F883A9C4C80,0,['Castelvecchio'],Casa Giulietta,"['Centro Fotografia', 'Sighseeing', 'Torre Lamberti', 'Museo Conte', 'Museo Radio']",Arena,strategy_nearest,False,0.003609895706176758,success
047F893A9C4C80,3,"['Arena', 'Casa Giulietta']",Torre Lamberti,"['Sighseeing', 'Centro Fotografia', 'Museo Conte', 'Palazzo della Ragione', 'AMO']",Santa Anastasia,strategy_nearest,False,0.0024137496948242188,success
047FB1429C4C80,3,"['Teatro Romano', 'Duomo']",Castelvecchio,"['Museo Lapidario', 'Verona Tour', 'Arena', 'Museo Radio', 'San Zeno']",Arena,strategy_nearest,True,0.0031442642211914062,success
047FA9429C4C80,0,['Arena'],Casa Giulietta,"['Centro Fotografia', 'Sighseeing', 'Torre Lamberti', 'Museo Conte', 'Museo Radio']",Torre Lamberti,strategy_nearest,True,0.0025911331176757812,success
047FCE3A9C4C80,3,"['Castelvecchio', 'Arena']",Casa Giulietta,"['Centro Fotografia', 'Sighseeing', 'Torre Lamberti', 'Museo Conte', 'Museo Radio']",Santa Anastasia,strategy_nearest,False,0.0014758110046386719,success
047FC3429C4C80,3,['Arena'],Casa Giulietta,"['Centro Fotografia', 'Sighseeing', 'Torre Lamberti', 'Museo Conte', 'Museo Radio']",Santa Anastasia,strategy_nearest,False,0.002725839614868164,success
047FF03A9C4C80,3,"['Castelvecchio', 'San Zeno']",Santa Anastasia,"['AMO', 'Museo Conte', 'Palazzo della Ragione', 'Teatro Romano', 'Centro Fotografia']",Duomo,strategy_nearest,False,0.002807140350341797,success
047FF13A9C4C80,3,"['Arena', 'Teatro Romano', 'Duomo']",Torre Lamberti,"['Sighseeing', 'Centro Fotografia', 'Museo Conte', 'Casa Giulietta', 'Palazzo della Ragione']",Casa Giulietta,strategy_nearest,True,0.003094196319580078,success
047FFE3A9C4C80,0,['Arena'],Castelvecchio,"['Museo Lapidario', 'Verona Tour', 'Museo Radio', 'San Zeno', 'Sighseeing']",Torre Lamberti,strategy_nearest,False,0.002557992935180664,success
047FF73A9C4C80,3,"['Arena', 'Castelvecchio']",Teatro Romano,"['Santa Anastasia', 'Duomo', 'AMO', 'Palazzo della Ragione', 'Museo Conte']",Santa Anastasia,strategy_nearest,True,0.002588033676147461,success
04800B3A9C4C84,0,['Torre Lamberti'],Casa Giulietta,"['Centro Fotografia', 'Sighseeing', 'Museo Conte', 'Museo Radio', 'Palazzo della Ragione']",Arena,strategy_nearest,False,0.002360105514526367,success
0480083A9C4C84,0,"['Casa Giulietta', 'Casa Giulietta']",Torre Lamberti,"['Sighseeing', 'Centro Fotografia', 'Museo Conte', 'Palazzo della Ragione', 'AMO']",Santa Anastasia,strategy_nearest,False,0.0041961669921875,success
0480153A9C4C84,3,"['Arena', 'Castelvecchio']",Torre Lamberti,"['Sighseeing', 'Centro Fotografia', 'Museo Conte', 'Casa Giulietta', 'Palazzo della Ragione']",Santa Anastasia,strategy_nearest,False,0.0023720264434814453,success
048051C27B3F80,3,"['San Fermo', 'Torre Lamberti', 'Santa Anastasia']",Teatro Romano,"['Duomo', 'AMO', 'Palazzo della Ragione', 'Museo Conte', 'Centro Fotografia']",Arena,strategy_nearest,False,0.003278970718383789,success
04801A3A9C4C84,0,['Torre Lamberti'],Casa Giulietta,"['Centro Fotografia', 'Sighseeing', 'Museo Conte', 'Museo Radio', 'Palazzo della Ragione']",Arena,strategy_nearest,False,0.0027039051055908203,success
048056C27B3F80,0,"['Torre Lamberti', 'Casa Giulietta']",Arena,"['Verona Tour', 'Museo Lapidario', 'Museo Radio', 'San Fermo', 'Sighseeing']",San Fermo,strategy_nearest,True,0.0032699108123779297,success
04805DC27B3F80,3,"['Arena', 'Torre Lamberti', 'Santa Anastasia']",Museo Lapidario,"['Verona Tour', 'Castelvecchio', 'Museo Radio', 'San Fermo', 'Casa Giulietta']",Castelvecchio,strategy_nearest,True,0.0029850006103515625,success
048062C27B3F80,0,"['Torre Lamberti', 'Casa Giulietta']",Arena,"['Verona Tour', 'Museo Lapidario', 'Museo Radio', 'San Fermo', 'Sighseeing']",San Fermo,strategy_nearest,True,0.0024209022521972656,success
04806C429C4C80,3,"['San Fermo', 'Giardino Giusti', 'Santa Anastasia']",Duomo,"['AMO', 'Museo Miniscalchi', 'Teatro Romano', 'Palazzo della Ragione', 'Museo Conte']",Torre Lamberti,strategy_nearest,False,0.0023000240325927734,success
048069C27B3F80,3,"['Torre Lamberti', 'Teatro Romano', 'Santa Anastasia', 'Casa Giulietta']",Arena,"['Verona Tour', 'Museo Lapidario', 'Museo Radio', 'San Fermo', 'Sighseeing']",Castelvecchio,strategy_nearest,False,0.002565145492553711,success
04806EC27B3F80,0,"['Torre Lamberti', 'Casa Giulietta']",Arena,"['Verona Tour', 'Museo Lapidario', 'Museo Radio', 'San Fermo', 'Sighseeing']",San Fermo,strategy_nearest,True,0.0026531219482421875,success
0480794A9C4C80,0,"['Arena', 'Casa Giulietta']",Teatro Romano,"['Santa Anastasia', 'Duomo', 'AMO', 'Palazzo della Ragione', 'Museo Conte']",Duomo,strategy_nearest,True,0.0023772716522216797,success
048075C27B3F80,3,"['Torre Lamberti', 'Teatro Romano', 'Santa Anastasia']",Casa Giulietta,"['Centro Fotografia', 'Sighseeing', 'Museo Conte', 'Museo Radio', 'Palazzo della Ragione']",Arena,strategy_nearest,False,0.0021228790283203125,success
04807C3A9C4C80,0,['Arena'],Casa Giulietta,"['Centro Fotografia', 'Sighseeing', 'Torre Lamberti', 'Museo Conte', 'Museo Radio']",Torre Lamberti,strategy_nearest,True,0.002459287643432617,success
04807E429C4C80,1,"['Arena', 'Casa Giulietta']",Santa Anastasia,"['AMO', 'Museo Conte', 'Palazzo della Ragione', 'Teatro Romano', 'Centro Fotografia']",Palazzo della Ragione,strategy_nearest,True,0.0026717185974121094,success
0480813A9C4C80,0,"['Casa Giulietta', 'Torre Lamberti']",Teatro Romano,"['Santa Anastasia', 'Duomo', 'AMO', 'Palazzo della Ragione', 'Museo Conte']",Tomba Giulietta,strategy_nearest,False,0.0027320384979248047,success
048081C27B3F80,1,"['Duomo', 'Casa Giulietta', 'San Fermo']",Castelvecchio,"['Museo Lapidario', 'Verona Tour', 'Arena', 'Museo Radio', 'San Zeno']",Arena,strategy_nearest,True,0.0031311511993408203,success
0480883A9C4C80,1,"['Casa Giulietta', 'Torre Lamberti']",Palazzo della Ragione,"['AMO', 'Museo Conte', 'Centro Fotografia', 'Sighseeing', 'Santa Anastasia']",Arena,strategy_nearest,False,0.0018589496612548828,success
048087C27B3F80,3,"['San Zeno', 'Casa Giulietta']",Arena,"['Verona Tour', 'Museo Lapidario', 'Museo Radio', 'San Fermo', 'Sighseeing']",Duomo,strategy_nearest,False,0.003116130828857422,success
04807F429C4C80,1,['Arena'],Torre Lamberti,"['Sighseeing', 'Centro Fotografia', 'Museo Conte', 'Casa Giulietta', 'Palazzo della Ragione']",Palazzo della Ragione,strategy_nearest,True,0.002866029739379883,success
0480AD429C4C80,3,"['Arena', 'San Zeno']",Castelvecchio,"['Museo Lapidario', 'Verona Tour', 'Museo Radio', 'Sighseeing', 'Museo Miniscalchi']",Torre Lamberti,strategy_nearest,False,0.0018849372863769531,success
04809B429C4C80,3,"['Arena', 'Casa Giulietta']",Torre Lamberti,"['Sighseeing', 'Centro Fotografia', 'Museo Conte', 'Palazzo della Ragione', 'AMO']",Santa Anastasia,strategy_nearest,False,0.003009796142578125,success
0480B73A9C4C80,0,"['Arena', 'Museo Lapidario']",Castelvecchio,"['Verona Tour', 'Museo Radio', 'San Zeno', 'Sighseeing', 'Museo Miniscalchi']",San Zeno,strategy_nearest,True,0.0025479793548583984,success
0480B6429C4C80,0,"['Castelvecchio', 'Arena']",Casa Giulietta,"['Centro Fotografia', 'Sighseeing', 'Torre Lamberti', 'Museo Conte', 'Museo Radio']",Torre Lamberti,strategy_nearest,True,0.003439188003540039,success
0480B7429C4C80,0,['Casa Giulietta'],Arena,"['Verona Tour', 'Museo Lapidario', 'Museo Radio', 'San Fermo', 'Sighseeing']",Torre Lamberti,strategy_nearest,False,0.0022051334381103516,success
0480BB429C4C80,1,"['Castelvecchio', 'Arena']",Torre Lamberti,"['Sighseeing', 'Centro Fotografia', 'Museo Conte', 'Casa Giulietta', 'Palazzo della Ragione']",Palazzo della Ragione,strategy_nearest,True,0.0027730464935302734,success
0480BD429C4C80,3,['Arena'],Santa Anastasia,"['AMO', 'Museo Conte', 'Palazzo della Ragione', 'Teatro Romano', 'Centro Fotografia']",Torre Lamberti,strategy_nearest,False,0.002568960189819336,success
0480C3C27B3F80,0,"['Arena', 'Torre Lamberti']",Museo Lapidario,"['Verona Tour', 'Castelvecchio', 'Museo Radio', 'San Fermo', 'Casa Giulietta']",Castelvecchio,strategy_nearest,True,0.0031681060791015625,success
0480F03A9C4C80,0,['Casa Giulietta'],Teatro Romano,"['Santa Anastasia', 'Duomo', 'AMO', 'Palazzo della Ragione', 'Museo Conte']",Duomo,strategy_nearest,True,0.003403186798095703,success
04810D3A9C4C84,1,"['Duomo', 'Torre Lamberti']",Palazzo della Ragione,"['AMO', 'Museo Conte', 'Centro Fotografia', 'Sighseeing', 'Santa Anastasia']",Arena,strategy_nearest,False,0.002956867218017578,success
0480EE3A9C4C80,1,"['Arena', 'Tomba Giulietta']",Casa Giulietta,"['Centro Fotografia', 'Sighseeing', 'Torre Lamberti', 'Museo Conte', 'Museo Radio']",Torre Lamberti,strategy_nearest,True,0.003615140914916992,success
048109C27B3F84,1,"['Arena', 'Castelvecchio', 'Casa Giulietta']",Torre Lamberti,"['Sighseeing', 'Centro Fotografia', 'Museo Conte', 'Palazzo della Ragione', 'AMO']",Palazzo della Ragione,strategy_nearest,True,0.0019021034240722656,success
048115C27B3F84,3,"['Arena', 'Torre Lamberti', 'Casa Giulietta']",Santa Anastasia,"['AMO', 'Museo Conte', 'Palazzo della Ragione', 'Teatro Romano', 'Centro Fotografia']",Teatro Romano,strategy_nearest,True,0.00273895263671875,success
04811AC27B3F84,0,['Teatro Romano'],Arena,"['Verona Tour', 'Museo Lapidario', 'Museo Radio', 'San Fermo', 'Casa Giulietta']",Casa Giulietta,strategy_nearest,True,0.003267049789428711,success
04811E3A9C4C84,0,['Arena'],Castelvecchio,"['Museo Lapidario', 'Verona Tour', 'Museo Radio', 'San Zeno', 'Sighseeing']",Casa Giulietta,strategy_nearest,False,0.001955747604370117,success
04810EC27B3F84,0,['Arena'],Castelvecchio,"['Museo Lapidario', 'Verona Tour', 'Museo Radio', 'San Zeno', 'Sighseeing']",Teatro Romano,strategy_nearest,False,0.0015411376953125,success
0481203A9C4C84,1,"['Torre Lamberti', 'Palazzo della Ragione']",Arena,"['Verona Tour', 'Museo Lapidario', 'Museo Radio', 'San Fermo', 'Casa Giulietta']",Casa Giulietta,strategy_nearest,True,0.0013527870178222656,success
0481224A9C4C80,3,"['Castelvecchio', 'Casa Giulietta', 'Arena']",Santa Anastasia,"['AMO', 'Museo Conte', 'Palazzo della Ragione', 'Teatro Romano', 'Centro Fotografia']",Teatro Romano,strategy_nearest,True,0.0028181076049804688,success
0481243A9C4C84,3,"['Casa Giulietta', 'Torre Lamberti']",Arena,"['Verona Tour', 'Museo Lapidario', 'Museo Radio', 'San Fermo', 'Sighseeing']",Santa Anastasia,strategy_nearest,False,0.002106189727783203,success
04812F429C4C80,3,"['Arena', 'San Zeno']",Torre Lamberti,"['Sighseeing', 'Centro Fotografia', 'Museo Conte', 'Casa Giulietta', 'Palazzo della Ragione']",Santa Anastasia,strategy_nearest,False,0.0030727386474609375,success
048142429C4C80,0,"['Castelvecchio', 'Arena']",Casa Giulietta,"['Centro Fotografia', 'Sighseeing', 'Torre Lamberti', 'Museo Conte', 'Museo Radio']",Museo Lapidario,strategy_nearest,False,0.0015361309051513672,success
048162429C4C80,0,['Arena'],Casa Giulietta,"['Centro Fotografia', 'Sighseeing', 'Torre Lamberti', 'Museo Conte', 'Museo Radio']",Torre Lamberti,strategy_nearest,True,0.0029230117797851562,success
0481713A9C4C80,3,"['Arena', 'Torre Lamberti']",Casa Giulietta,"['Centro Fotografia', 'Sighseeing', 'Museo Conte', 'Museo Radio', 'Palazzo della Ragione']",Castelvecchio,strategy_nearest,False,0.0022840499877929688,success
0481813A9C4C80,0,['Arena'],Castelvecchio,"['Museo Lapidario', 'Verona Tour', 'Museo Radio', 'San Zeno', 'Sighseeing']",Casa Giulietta,strategy_nearest,False,0.0024309158325195312,success
0481794A9C4C80,3,"['Arena', 'Casa Giulietta']",Torre Lamberti,"['Sighseeing', 'Centro Fotografia', 'Museo Conte', 'Palazzo della Ragione', 'AMO']",Santa Anastasia,strategy_nearest,False,0.0036580562591552734,success
04817B3A9C4C80,0,['Arena'],Tomba Giulietta,"['San Fermo', 'Museo Storia', 'Museo Lapidario', 'Museo Radio', 'Verona Tour']",Castelvecchio,strategy_nearest,False,0.001985788345336914,success
048183429C4C80,0,['Arena'],Casa Giulietta,"['Centro Fotografia', 'Sighseeing', 'Torre Lamberti', 'Museo Conte', 'Museo Radio']",Santa Anastasia,strategy_nearest,False,0.002335071563720703,success
0481883A9C4C80,0,['Arena'],Casa Giulietta,"['Centro Fotografia', 'Sighseeing', 'Torre Lamberti', 'Museo Conte', 'Museo Radio']",Tomba Giulietta,strategy_nearest,False,0.0019338130950927734,success
0481934A9C4C80,0,['Arena'],Casa Giulietta,"['Centro Fotografia', 'Sighseeing', 'Torre Lamberti', 'Museo Conte', 'Museo Radio']",Santa Anastasia,strategy_nearest,False,0.002016782760620117,success
048189429C4C80,0,"['Arena', 'Torre Lamberti']",Casa Giulietta,"['Centro Fotografia', 'Sighseeing', 'Museo Conte', 'Museo Radio', 'Palazzo della Ragione']",Tomba Giulietta,strategy_nearest,False,0.002904176712036133,success
0481A7429C4C80,3,"['Santa Anastasia', 'Casa Giulietta', 'Arena']",Castelvecchio,"['Museo Lapidario', 'Verona Tour', 'Museo Radio', 'San Zeno', 'Sighseeing']",Duomo,strategy_nearest,False,0.0027658939361572266,success
04818E4A9C4C80,3,"['Arena', 'Santa Anastasia']",Torre Lamberti,"['Sighseeing', 'Centro Fotografia', 'Museo Conte', 'Casa Giulietta', 'Palazzo della Ragione']",Casa Giulietta,strategy_nearest,True,0.003061056137084961,success
0481AB429C4C80,1,"['Arena', 'Casa Giulietta', 'Santa Anastasia']",Torre Lamberti,"['Sighseeing', 'Centro Fotografia', 'Museo Conte', 'Palazzo della Ragione', 'AMO']",Palazzo della Ragione,strategy_nearest,True,0.002154827117919922,success
0481A83A9C4C80,3,"['Arena', 'Torre Lamberti']",Casa Giulietta,"['Centro Fotografia', 'Sighseeing', 'Museo Conte', 'Museo Radio', 'Palazzo della Ragione']",Duomo,strategy_nearest,False,0.0033540725708007812,success
0481BE3A9C4C80,0,"['Casa Giulietta', 'Arena']",Museo Lapidario,"['Verona Tour', 'Castelvecchio', 'Museo Radio', 'San Fermo', 'Tomba Giulietta']",Castelvecchio,strategy_nearest,True,0.002438783645629883,success
0481B8429C4C80,0,"['Arena', 'Castelvecchio']",Torre Lamberti,"['Sighseeing', 'Centro Fotografia', 'Museo Conte', 'Casa Giulietta', 'Palazzo della Ragione']",Casa Giulietta,strategy_nearest,True,0.003216266632080078,success
0481AD429C4C80,3,"['Castelvecchio', 'Museo Lapidario', 'Tomba Giulietta']",San Fermo,"['Museo Storia', 'Museo Radio', 'Casa Giulietta', 'Centro Fotografia', 'Arena']",Santa Anastasia,strategy_nearest,False,0.0029048919677734375,success
0481C8429C4C80,3,"['Arena', 'Casa Giulietta']",Torre Lamberti,"['Sighseeing', 'Centro Fotografia', 'Museo Conte', 'Palazzo della Ragione', 'AMO']",Santa Anastasia,strategy_nearest,False,0.0015647411346435547,success
0481C43A9C4C80,3,"['Casa Giulietta', 'Torre Lamberti']",Torre Lamberti,"['Sighseeing', 'Centro Fotografia', 'Museo Conte', 'Palazzo della Ragione', 'AMO']",Duomo,strategy_nearest,False,0.002252817153930664,success
0481D9C27B3F80,0,"['Arena', 'Museo Lapidario']",Castelvecchio,"['Verona Tour', 'Museo Radio', 'San Zeno', 'Sighseeing', 'Museo Miniscalchi']",Casa Giulietta,strategy_nearest,False,0.0028111934661865234,success
0481E93A9C4C80,2,['San Fermo'],Torre Lamberti,"['Sighseeing', 'Centro Fotografia', 'Museo Conte', 'Casa Giulietta', 'Palazzo della Ragione']",San Zeno,strategy_nearest,False,0.0033690929412841797,success
0481EC3A9C4C80,1,"['Arena', 'Casa Giulietta', 'Torre Lamberti']",Palazzo della Ragione,"['AMO', 'Museo Conte', 'Centro Fotografia', 'Sighseeing', 'Santa Anastasia']",Santa Anastasia,strategy_nearest,True,0.002138853073120117,success
0481EB3A9C4C80,3,"['Arena', 'Casa Giulietta', 'Torre Lamberti', 'Santa Anastasia']",San Fermo,"['Museo Storia', 'Museo Radio', 'Centro Fotografia', 'Sighseeing', 'Museo Conte']",Tomba Giulietta,strategy_nearest,False,0.0039980411529541016,success
0481EE3A9C4C80,0,['Museo Storia'],San Fermo,"['Museo Radio', 'Casa Giulietta', 'Centro Fotografia', 'Arena', 'Sighseeing']",Teatro Romano,strategy_nearest,False,0.0032498836517333984,success
0481FA3A9C4C80,3,['Arena'],Casa Giulietta,"['Centro Fotografia', 'Sighseeing', 'Torre Lamberti', 'Museo Conte', 'Museo Radio']",Santa Anastasia,strategy_nearest,False,0.0020360946655273438,success
04820A429C4C80,1,"['Castelvecchio', 'Arena', 'Casa Giulietta']",Torre Lamberti,"['Sighseeing', 'Centro Fotografia', 'Museo Conte', 'Palazzo della Ragione', 'AMO']",Palazzo della Ragione,strategy_nearest,True,0.0012409687042236328,success
0481FE3A9C4C80,3,"['Arena', 'Casa Giulietta']",Torre Lamberti,"['Sighseeing', 'Centro Fotografia', 'Museo Conte', 'Palazzo della Ragione', 'AMO']",Santa Anastasia,strategy_nearest,False,0.0028829574584960938,success
04820A3A9C4C84,3,"['Casa Giulietta', 'Torre Lamberti', 'Santa Anastasia']",Duomo,"['AMO', 'Museo Miniscalchi', 'Teatro Romano', 'Palazzo della Ragione', 'Museo Conte']",Teatro Romano,strategy_nearest,True,0.0019278526306152344,success
0482163A9C4C80,0,"['Casa Giulietta', 'Torre Lamberti']",Arena,"['Verona Tour', 'Museo Lapidario', 'Museo Radio', 'San Fermo', 'Sighseeing']",Castelvecchio,strategy_nearest,False,0.0030689239501953125,success
048229C27B3F80,3,"['Casa Giulietta', 'Torre Lamberti', 'Santa Anastasia']",Tomba Giulietta,"['San Fermo', 'Museo Storia', 'Arena', 'Museo Lapidario', 'Museo Radio']",Arena,strategy_nearest,True,0.0027060508728027344,success
04823A429C4C80,3,"['Castelvecchio', 'Santa Anastasia']",Arena,"['Verona Tour', 'Museo Lapidario', 'Museo Radio', 'San Fermo', 'Casa Giulietta']",Tomba Giulietta,strategy_nearest,False,0.0027229785919189453,success
04822EC27B3F80,3,"['Casa Giulietta', 'Torre Lamberti', 'Santa Anastasia']",Tomba Giulietta,"['San Fermo', 'Museo Storia', 'Arena', 'Museo Lapidario', 'Museo Radio']",Arena,strategy_nearest,True,0.002724885940551758,success
04824BC27B3F80,1,"['Casa Giulietta', 'Tomba Giulietta', 'Arena', 'Castelvecchio']",San Zeno,"['Verona Tour', 'Museo Lapidario', 'Museo Miniscalchi', 'Sighseeing', 'Museo Radio']",Torre Lamberti,strategy_nearest,False,0.003213167190551758,success
0482873A9C4C80,3,"['Arena', 'Museo Lapidario', 'Castelvecchio']",Duomo,"['AMO', 'Museo Miniscalchi', 'Santa Anastasia', 'Teatro Romano', 'Palazzo della Ragione']",Santa Anastasia,strategy_nearest,True,0.0031948089599609375,success
048279429C4C80,1,"['Arena', 'Torre Lamberti', 'Palazzo della Ragione']",Casa Giulietta,"['Centro Fotografia', 'Sighseeing', 'Museo Conte', 'Museo Radio', 'San Fermo']",Santa Anastasia,strategy_nearest,False,0.002630949020385742,success
04827F429C4C80,3,"['Arena', 'Casa Giulietta']",Duomo,"['AMO', 'Museo Miniscalchi', 'Santa Anastasia', 'Teatro Romano', 'Palazzo della Ragione']",Teatro Romano,strategy_nearest,True,0.0026917457580566406,success
048287429C4C80,0,['Arena'],Casa Giulietta,"['Centro Fotografia', 'Sighseeing', 'Torre Lamberti', 'Museo Conte', 'Museo Radio']",Duomo,strategy_nearest,False,0.0030059814453125,success
048290429C4C80,3,"['Arena', 'Castelvecchio']",San Zeno,"['Verona Tour', 'Museo Lapidario', 'Museo Miniscalchi', 'Sighseeing', 'Museo Radio']",Casa Giulietta,strategy_nearest,False,0.0018990039825439453,success
0482924A9C4C80,0,['Arena'],Castelvecchio,"['Museo Lapidario', 'Verona Tour', 'Museo Radio', 'San Zeno', 'Sighseeing']",Castelvecchio,strategy_nearest,False,0.002662181854248047,success
0482A1429C4C80,3,"['Arena', 'Casa Giulietta']",Torre Lamberti,"['Sighseeing', 'Centro Fotografia', 'Museo Conte', 'Palazzo della Ragione', 'AMO']",Santa Anastasia,strategy_nearest,False,0.0025420188903808594,success
0482A8429C4C80,3,['Arena'],Santa Anastasia,"['AMO', 'Museo Conte', 'Palazzo della Ragione', 'Teatro Romano', 'Centro Fotografia']",Teatro Romano,strategy_nearest,True,0.003387928009033203,success
0482AA429C4C80,2,"['Torre Lamberti', 'Palazzo della Ragione']",Casa Giulietta,"['Centro Fotografia', 'Sighseeing', 'Museo Conte', 'Museo Radio', 'San Fermo']",Teatro Romano,strategy_nearest,False,0.003195047378540039,success
0482A9429C4C80,1,"['Casa Giulietta', 'Santa Anastasia', 'Duomo']",Torre Lamberti,"['Sighseeing', 'Centro Fotografia', 'Museo Conte', 'Palazzo della Ragione', 'AMO']",Palazzo della Ragione,strategy_nearest,True,0.0032291412353515625,success
0482AD429C4C80,0,['Casa Giulietta'],Arena,"['Verona Tour', 'Museo Lapidario', 'Museo Radio', 'San Fermo', 'Sighseeing']",Duomo,strategy_nearest,False,0.0033278465270996094,success
0482B0429C4C80,0,['Arena'],Duomo,"['AMO', 'Museo Miniscalchi', 'Santa Anastasia', 'Teatro Romano', 'Palazzo della Ragione']",Teatro Romano,strategy_nearest,True,0.0030150413513183594,success
0482C2429C4C80,1,['Arena'],Palazzo della Ragione,"['AMO', 'Museo Conte', 'Torre Lamberti', 'Centro Fotografia', 'Sighseeing']",Torre Lamberti,strategy_nearest,True,0.003432035446166992,success
0482EC3A9C4C80,1,['Arena'],Torre Lamberti,"['Sighseeing', 'Centro Fotografia', 'Museo Conte', 'Casa Giulietta', 'Palazzo della Ragione']",Palazzo della Ragione,strategy_nearest,True,0.0014948844909667969,success
0482C6429C4C80,0,['Arena'],Torre Lamberti,"['Sighseeing', 'Centro Fotografia', 'Museo Conte', 'Casa Giulietta', 'Palazzo della Ragione']",Casa Giulietta,strategy_nearest,True,0.003416776657104492,success
0482F43A9C4C80,0,['Arena'],Casa Giulietta,"['Centro Fotografia', 'Sighseeing', 'Torre Lamberti', 'Museo Conte', 'Museo Radio']",Torre Lamberti,strategy_nearest,True,0.0033299922943115234,success
048302C27B3F84,0,"['Casa Giulietta', 'Arena']",Torre Lamberti,"['Sighseeing', 'Centro Fotografia', 'Museo Conte', 'Palazzo della Ragione', 'AMO']",Castelvecchio,strategy_nearest,False,0.0030269622802734375,success
048305C27B3F84,1,"['Arena', 'Casa Giulietta', 'Palazzo della Ragione', 'Torre Lamberti']",Santa Anastasia,"['AMO', 'Museo Conte', 'Teatro Romano', 'Centro Fotografia', 'Duomo']",Teatro Romano,strategy_nearest,True,0.0016608238220214844,success
04830BC27B3F84,3,"['Arena', 'Castelvecchio']",San Zeno,"['Verona Tour', 'Museo Lapidario', 'Museo Miniscalchi', 'Sighseeing', 'Museo Radio']",Duomo,strategy_nearest,False,0.00267791748046875,success
04830EC27B3F84,2,"['Casa Giulietta', 'Torre Lamberti', 'Palazzo della Ragione']",Santa Anastasia,"['AMO', 'Museo Conte', 'Teatro Romano', 'Centro Fotografia', 'Duomo']",Teatro Romano,strategy_nearest,True,0.002546072006225586,success
048311C27B3F84,1,"['Arena', 'Casa Giulietta', 'Palazzo della Ragione', 'Torre Lamberti', 'Santa Anastasia']",Duomo,"['AMO', 'Museo Miniscalchi', 'Teatro Romano', 'Museo Conte', 'Centro Fotografia']",Teatro Romano,strategy_nearest,True,0.0033037662506103516,success
04830CC27B3F84,1,"['Arena', 'Casa Giulietta']",Palazzo della Ragione,"['AMO', 'Museo Conte', 'Torre Lamberti', 'Centro Fotografia', 'Sighseeing']",Torre Lamberti,strategy_nearest,True,0.0027010440826416016,success
048318C27B3F84,1,"['Arena', 'Casa Giulietta']",Palazzo della Ragione,"['AMO', 'Museo Conte', 'Torre Lamberti', 'Centro Fotografia', 'Sighseeing']",Torre Lamberti,strategy_nearest,True,0.002493143081665039,success
048314C27B3F84,1,"['Casa Giulietta', 'Santa Anastasia', 'Tomba Giulietta', 'Arena']",San Fermo,"['Museo Storia', 'Museo Radio', 'Centro Fotografia', 'Sighseeing', 'Torre Lamberti']",Palazzo della Ragione,strategy_nearest,False,0.002361774444580078,success
04831A3A9C4C84,0,['Duomo'],Casa Giulietta,"['Centro Fotografia', 'Sighseeing', 'Torre Lamberti', 'Museo Conte', 'Museo Radio']",Arena,strategy_nearest,False,0.0023322105407714844,success
04831AC27B3F84,1,"['Casa Giulietta', 'Torre Lamberti', 'Palazzo della Ragione']",Santa Anastasia,"['AMO', 'Museo Conte', 'Teatro Romano', 'Centro Fotografia', 'Duomo']",Teatro Romano,strategy_nearest,True,0.002567291259765625,success
04831DC27B3F84,1,"['Arena', 'Casa Giulietta', 'Palazzo della Ragione', 'Torre Lamberti', 'Santa Anastasia']",Duomo,"['AMO', 'Museo Miniscalchi', 'Teatro Romano', 'Museo Conte', 'Centro Fotografia']",Teatro Romano,strategy_nearest,True,0.0026421546936035156,success
04831FC27B3F84,1,"['Casa Giulietta', 'Santa Anastasia', 'Tomba Giulietta', 'Arena']",San Fermo,"['Museo Storia', 'Museo Radio', 'Centro Fotografia', 'Sighseeing', 'Torre Lamberti']",Palazzo della Ragione,strategy_nearest,False,0.0020568370819091797,success
048325C27B3F84,0,['Casa Giulietta'],Arena,"['Verona Tour', 'Museo Lapidario', 'Museo Radio', 'San Fermo', 'Sighseeing']",Castelvecchio,strategy_nearest,False,0.003062009811401367,success
048326C27B3F84,1,"['Casa Giulietta', 'Palazzo della Ragione', 'Arena']",Tomba Giulietta,"['San Fermo', 'Museo Storia', 'Museo Lapidario', 'Museo Radio', 'Verona Tour']",Castelvecchio,strategy_nearest,False,0.0029630661010742188,success
0483363A9C4C80,0,['Arena'],Torre Lamberti,"['Sighseeing', 'Centro Fotografia', 'Museo Conte', 'Casa Giulietta', 'Palazzo della Ragione']",Casa Giulietta,strategy_nearest,True,0.0024352073669433594,success
04832F429C4C80,0,['San Zeno'],Arena,"['Verona Tour', 'Museo Lapidario', 'Museo Radio', 'San Fermo', 'Casa Giulietta']",Castelvecchio,strategy_nearest,False,0.0024709701538085938,success
0483403A9C4C80,1,"['Arena', 'Palazzo della Ragione', 'Torre Lamberti']",Casa Giulietta,"['Centro Fotografia', 'Sighseeing', 'Museo Conte', 'Museo Radio', 'San Fermo']",Duomo,strategy_nearest,False,0.001961946487426758,success
0483533A9C4C80,3,"['Arena', 'Casa Giulietta']",Castelvecchio,"['Museo Lapidario', 'Verona Tour', 'Museo Radio', 'San Zeno', 'Sighseeing']",Santa Anastasia,strategy_nearest,False,0.0017771720886230469,success
04834C429C4C80,0,['Torre Lamberti'],Arena,"['Verona Tour', 'Museo Lapidario', 'Museo Radio', 'San Fermo', 'Casa Giulietta']",Casa Giulietta,strategy_nearest,True,0.0035359859466552734,success
048369429C4C80,3,"['Torre Lamberti', 'Arena']",Santa Anastasia,"['AMO', 'Museo Conte', 'Palazzo della Ragione', 'Teatro Romano', 'Centro Fotografia']",San Fermo,strategy_nearest,False,0.0031528472900390625,success
04837C4A9C4C80,0,['Arena'],Casa Giulietta,"['Centro Fotografia', 'Sighseeing', 'Torre Lamberti', 'Museo Conte', 'Museo Radio']",Duomo,strategy_nearest,False,0.0020918846130371094,success
048377C27B3F80,0,"['Arena', 'Casa Giulietta', 'Castelvecchio']",San Zeno,"['Verona Tour', 'Museo Lapidario', 'Museo Miniscalchi', 'Sighseeing', 'Museo Radio']",Teatro Romano,strategy_nearest,False,0.0025877952575683594,success
0483793A9C4C80,3,"['Arena', 'Casa Giulietta']",Torre Lamberti,"['Sighseeing', 'Centro Fotografia', 'Museo Conte', 'Palazzo della Ragione', 'AMO']",Santa Anastasia,strategy_nearest,False,0.003345012664794922,success
04837F3A9C4C80,0,['Casa Giulietta'],Arena,"['Verona Tour', 'Museo Lapidario', 'Museo Radio', 'San Fermo', 'Sighseeing']",Tomba Giulietta,strategy_nearest,False,0.0030701160430908203,success
0483893A9C4C80,0,['Arena'],Casa Giulietta,"['Centro Fotografia', 'Sighseeing', 'Torre Lamberti', 'Museo Conte', 'Museo Radio']",Torre Lamberti,strategy_nearest,True,0.0013189315795898438,success
04837F429C4C80,0,"['Arena', 'Tomba Giulietta']",Torre Lamberti,"['Sighseeing', 'Centro Fotografia', 'Museo Conte', 'Casa Giulietta', 'Palazzo della Ragione']",Casa Giulietta,strategy_nearest,True,0.0028679370880126953,success
048389429C4C80,2,['Palazzo della Ragione'],Duomo,"['AMO', 'Museo Miniscalchi', 'Santa Anastasia', 'Teatro Romano', 'Museo Conte']",Teatro Romano,strategy_nearest,True,0.0027229785919189453,success
04838E3A9C4C80,1,['Casa Giulietta'],Arena,"['Verona Tour', 'Museo Lapidario', 'Museo Radio', 'San Fermo', 'Sighseeing']",Palazzo della Ragione,strategy_nearest,False,0.0031270980834960938,success
0483A0C27B3F80,1,"['Arena', 'Casa Giulietta', 'Teatro Romano', 'Duomo']",Santa Anastasia,"['AMO', 'Museo Conte', 'Palazzo della Ragione', 'Centro Fotografia', 'Torre Lamberti']",Torre Lamberti,strategy_nearest,True,0.0024938583374023438,success
048395C27B3F80,3,"['Castelvecchio', 'Santa Anastasia']",Casa Giulietta,"['Centro Fotografia', 'Sighseeing', 'Torre Lamberti', 'Museo Conte', 'Museo Radio']",Teatro Romano,strategy_nearest,False,0.0032231807708740234,success
0483A6429C4C80,0,['Casa Giulietta'],Arena,"['Verona Tour', 'Museo Lapidario', 'Museo Radio', 'San Fermo', 'Sighseeing']",Teatro Romano,strategy_nearest,False,0.002622842788696289,success
0483A672743380,3,"['Arena', 'Casa Giulietta', 'Torre Lamberti']",Santa Anastasia,"['AMO', 'Museo Conte', 'Palazzo della Ragione', 'Teatro Romano', 'Centro Fotografia']",Castelvecchio,strategy_nearest,False,0.004114866256713867,success
0483ACC27B3F80,0,"['Giardino Giusti', 'San Fermo']",Casa Giulietta,"['Centro Fotografia', 'Sighseeing', 'Torre Lamberti', 'Museo Conte', 'Museo Radio']",Arena,strategy_nearest,False,0.002681732177734375,success
0483A7C27B3F80,3,"['Torre Lamberti', 'Santa Anastasia', 'Casa Giulietta']",Arena,"['Verona Tour', 'Museo Lapidario', 'Museo Radio', 'San Fermo', 'Sighseeing']",San Fermo,strategy_nearest,True,0.0019428730010986328,success
0483AA3A9C4C80,2,"['Museo Lapidario', 'Castelvecchio']",Palazzo della Ragione,"['AMO', 'Museo Conte', 'Torre Lamberti', 'Centro Fotografia', 'Sighseeing']",Torre Lamberti,strategy_nearest,True,0.0033729076385498047,success
0483ADC27B3F80,0,"['Giardino Giusti', 'San Fermo']",Casa Giulietta,"['Centro Fotografia', 'Sighseeing', 'Torre Lamberti', 'Museo Conte', 'Museo Radio']",Arena,strategy_nearest,False,0.002386331558227539,success
0483B5429C4C80,1,"['Museo Lapidario', 'Arena']",Casa Giulietta,"['Centro Fotografia', 'Sighseeing', 'Torre Lamberti', 'Museo Conte', 'Museo Radio']",Torre Lamberti,strategy_nearest,True,0.0026581287384033203,success
0483B3429C4C80,1,"['Casa Giulietta', 'Teatro Romano']",Palazzo della Ragione,"['AMO', 'Museo Conte', 'Torre Lamberti', 'Centro Fotografia', 'Sighseeing']",Arena,strategy_nearest,False,0.0025179386138916016,success
0483B3C27B3F80,1,"['Museo Lapidario', 'Arena', 'Casa Giulietta', 'Torre Lamberti']",Palazzo della Ragione,"['AMO', 'Museo Conte', 'Centro Fotografia', 'Sighseeing', 'Santa Anastasia']",Santa Anastasia,strategy_nearest,True,0.003297090530395508,success
0483B8C27B3F80,1,"['Museo Lapidario', 'Castelvecchio', 'Tomba Giulietta']",Arena,"['Verona Tour', 'Museo Radio', 'San Fermo', 'Casa Giulietta', 'Sighseeing']",Casa Giulietta,strategy_nearest,True,0.003171205520629883,success
0483B9429C4C80,3,"['Arena', 'Casa Giulietta']",Torre Lamberti,"['Sighseeing', 'Centro Fotografia', 'Museo Conte', 'Palazzo della Ragione', 'AMO']",Santa Anastasia,strategy_nearest,False,0.0018310546875,success
0483C4C27B3F80,1,"['Museo Lapidario', 'Castelvecchio', 'Tomba Giulietta']",Arena,"['Verona Tour', 'Museo Radio', 'San Fermo', 'Casa Giulietta', 'Sighseeing']",Casa Giulietta,strategy_nearest,True,0.0032978057861328125,success
0483CB3A9C4C80,1,"['Castelvecchio', 'Arena']",Teatro Romano,"['Santa Anastasia', 'Duomo', 'AMO', 'Palazzo della Ragione', 'Museo Conte']",Duomo,strategy_nearest,True,0.003062009811401367,success
0483BFC27B3F80,3,"['Torre Lamberti', 'Santa Anastasia', 'Duomo']",Casa Giulietta,"['Centro Fotografia', 'Sighseeing', 'Museo Conte', 'Museo Radio', 'Palazzo della Ragione']",Arena,strategy_nearest,False,0.0026543140411376953,success
0483D7C27B3F80,1,"['Museo Lapidario', 'Arena', 'Casa Giulietta', 'Torre Lamberti']",Palazzo della Ragione,"['AMO', 'Museo Conte', 'Centro Fotografia', 'Sighseeing', 'Santa Anastasia']",Santa Anastasia,strategy_nearest,True,0.002042055130004883,success
0483CBC27B3F80,1,"['Arena', 'Casa Giulietta', 'Teatro Romano', 'Duomo']",Santa Anastasia,"['AMO', 'Museo Conte', 'Palazzo della Ragione', 'Centro Fotografia', 'Torre Lamberti']",Torre Lamberti,strategy_nearest,True,0.003181934356689453,success
0483D0C27B3F80,1,"['Museo Lapidario', 'Castelvecchio', 'Tomba Giulietta', 'Museo Storia', 'Arena']",Casa Giulietta,"['Centro Fotografia', 'Sighseeing', 'Torre Lamberti', 'Museo Conte', 'Museo Radio']",Torre Lamberti,strategy_nearest,True,0.003354787826538086,success
0483DCC27B3F80,1,"['Museo Lapidario', 'Castelvecchio', 'Tomba Giulietta', 'Museo Storia']",Arena,"['Verona Tour', 'Museo Radio', 'San Fermo', 'Casa Giulietta', 'Sighseeing']",Casa Giulietta,strategy_nearest,True,0.003086090087890625,success
0483E2C27B3F80,1,"['Castelvecchio', 'San Zeno', 'Museo Storia', 'Tomba Giulietta']",Arena,"['Verona Tour', 'Museo Lapidario', 'Museo Radio', 'San Fermo', 'Casa Giulietta']",Casa Giulietta,strategy_nearest,True,0.0023720264434814453,success
0483E5C27B3F80,0,"['Casa Giulietta', 'Arena']",Torre Lamberti,"['Sighseeing', 'Centro Fotografia', 'Museo Conte', 'Palazzo della Ragione', 'AMO']",Castelvecchio,strategy_nearest,False,0.0026302337646484375,success
0483E9C27B3F80,3,"['Arena', 'Teatro Romano']",Santa Anastasia,"['AMO', 'Museo Conte', 'Palazzo della Ragione', 'Centro Fotografia', 'Duomo']",Castelvecchio,strategy_nearest,False,0.0031380653381347656,success
0483EEC27B3F80,3,"['Arena', 'Museo Lapidario', 'Castelvecchio', 'Torre Lamberti']",Casa Giulietta,"['Centro Fotografia', 'Sighseeing', 'Museo Conte', 'Museo Radio', 'Palazzo della Ragione']",Santa Anastasia,strategy_nearest,False,0.0023338794708251953,success
0483E8C27B3F80,3,"['Arena', 'Teatro Romano', 'Giardino Giusti']",Santa Anastasia,"['AMO', 'Museo Conte', 'Palazzo della Ragione', 'Centro Fotografia', 'Duomo']",Torre Lamberti,strategy_nearest,False,0.0033500194549560547,success
0483F4C27B3F80,3,"['Arena', 'Teatro Romano', 'Santa Anastasia']",Torre Lamberti,"['Sighseeing', 'Centro Fotografia', 'Museo Conte', 'Casa Giulietta', 'Palazzo della Ragione']",Casa Giulietta,strategy_nearest,True,0.003139972686767578,success
0483F9C27B3F80,1,"['Arena', 'Casa Giulietta', 'Palazzo della Ragione', 'Torre Lamberti']",Santa Anastasia,"['AMO', 'Museo Conte', 'Teatro Romano', 'Centro Fotografia', 'Duomo']",Teatro Romano,strategy_nearest,True,0.002792835235595703,success
048402C27B3F84,1,"['Arena', 'Casa Giulietta', 'Torre Lamberti']",Santa Anastasia,"['AMO', 'Museo Conte', 'Palazzo della Ragione', 'Teatro Romano', 'Centro Fotografia']",Castelvecchio,strategy_nearest,False,0.002428770065307617,success
0483FBC27B3F80,0,['Casa Giulietta'],Arena,"['Verona Tour', 'Museo Lapidario', 'Museo Radio', 'San Fermo', 'Sighseeing']",Castelvecchio,strategy_nearest,False,0.0027437210083007812,success
0483FFC27B3F80,3,"['Castelvecchio', 'Arena']",Torre Lamberti,"['Sighseeing', 'Centro Fotografia', 'Museo Conte', 'Casa Giulietta', 'Palazzo della Ragione']",Casa Giulietta,strategy_nearest,True,0.003777027130126953,success
04840BC27B3F84,1,"['Casa Giulietta', 'Torre Lamberti', 'Palazzo della Ragione', 'Arena']",Tomba Giulietta,"['San Fermo', 'Museo Storia', 'Museo Lapidario', 'Museo Radio', 'Verona Tour']",Castelvecchio,strategy_nearest,False,0.0011382102966308594,success
048413C27B3F80,3,"['Casa Giulietta', 'Tomba Giulietta', 'Castelvecchio', 'San Zeno']",Teatro Romano,"['Santa Anastasia', 'Duomo', 'AMO', 'Palazzo della Ragione', 'Museo Conte']",Duomo,strategy_nearest,True,0.0020411014556884766,success
048405C27B3F84,1,"['Casa Giulietta', 'Palazzo della Ragione', 'Santa Anastasia', 'Torre Lamberti']",Duomo,"['AMO', 'Museo Miniscalchi', 'Teatro Romano', 'Museo Conte', 'Centro Fotografia']",Teatro Romano,strategy_nearest,True,0.0028710365295410156,success
048416429C4C84,1,"['Casa Giulietta', 'Arena', 'Torre Lamberti', 'Palazzo della Ragione']",San Fermo,"['Museo Storia', 'Museo Radio', 'Centro Fotografia', 'Sighseeing', 'Museo Conte']",Tomba Giulietta,strategy_nearest,False,0.003116130828857422,success
048417C27B3F84,0,['Casa Giulietta'],Arena,"['Verona Tour', 'Museo Lapidario', 'Museo Radio', 'San Fermo', 'Sighseeing']",Castelvecchio,strategy_nearest,False,0.002435922622680664,success
0484193A9C4C84,0,"['Arena', 'Casa Giulietta']",Torre Lamberti,"['Sighseeing', 'Centro Fotografia', 'Museo Conte', 'Palazzo della Ragione', 'AMO']",Teatro Romano,strategy_nearest,False,0.0030031204223632812,success
048429C27B3F84,1,"['Casa Giulietta', 'Torre Lamberti', 'Palazzo della Ragione']",Santa Anastasia,"['AMO', 'Museo Conte', 'Teatro Romano', 'Centro Fotografia', 'Duomo']",Teatro Romano,strategy_nearest,True,0.002371072769165039,success
04841EC27B3F84,1,"['Casa Giulietta', 'Palazzo della Ragione', 'Santa Anastasia', 'Torre Lamberti']",Duomo,"['AMO', 'Museo Miniscalchi', 'Teatro Romano', 'Museo Conte', 'Centro Fotografia']",Teatro Romano,strategy_nearest,True,0.003609895706176758,success
0484243A9C4C84,0,['Arena'],Museo Lapidario,"['Verona Tour', 'Castelvecchio', 'Museo Radio', 'San Fermo', 'Casa Giulietta']",Casa Giulietta,strategy_nearest,True,0.002560138702392578,success
0484333A9C4C80,0,['Arena'],Casa Giulietta,"['Centro Fotografia', 'Sighseeing', 'Torre Lamberti', 'Museo Conte', 'Museo Radio']",Torre Lamberti,strategy_nearest,True,0.002710103988647461,success
04842F429C4C80,3,"['Arena', 'San Zeno']",Torre Lamberti,"['Sighseeing', 'Centro Fotografia', 'Museo Conte', 'Casa Giulietta', 'Palazzo della Ragione']",Santa Anastasia,strategy_nearest,False,0.0028591156005859375,success
048432C27B3F80,0,['Casa Giulietta'],Arena,"['Verona Tour', 'Museo Lapidario', 'Museo Radio', 'San Fermo', 'Sighseeing']",Giardino Giusti,strategy_nearest,False,0.002090930938720703,success
048438429C4C80,0,['Arena'],Casa Giulietta,"['Centro Fotografia', 'Sighseeing', 'Torre Lamberti', 'Museo Conte', 'Museo Radio']",Castelvecchio,strategy_nearest,False,0.0033288002014160156,success
04844FC27B3F80,6,"['Casa Giulietta', 'Torre Lamberti', 'Santa Anastasia', 'Duomo', 'Teatro Romano']",Tomba Giulietta,"['San Fermo', 'Museo Storia', 'Arena', 'Museo Lapidario', 'Museo Radio']",San Zeno,strategy_nearest,False,0.002151012420654297,success
04843DC27B3F80,3,"['Casa Giulietta', 'Santa Anastasia']",Duomo,"['AMO', 'Museo Miniscalchi', 'Teatro Romano', 'Palazzo della Ragione', 'Museo Conte']",Torre Lamberti,strategy_nearest,False,0.002162933349609375,success
048456C27B3F80,3,['Arena'],Santa Anastasia,"['AMO', 'Museo Conte', 'Palazzo della Ragione', 'Teatro Romano', 'Centro Fotografia']",Teatro Romano,strategy_nearest,True,0.002780914306640625,success
048461C27B3F80,3,"['Arena', 'Castelvecchio']",Duomo,"['AMO', 'Museo Miniscalchi', 'Santa Anastasia', 'Teatro Romano', 'Palazzo della Ragione']",Museo Storia,strategy_nearest,False,0.0014171600341796875,success
0484563A9C4C80,0,['Arena'],Casa Giulietta,"['Centro Fotografia', 'Sighseeing', 'Torre Lamberti', 'Museo Conte', 'Museo Radio']",Teatro Romano,strategy_nearest,False,0.0034570693969726562,success
048466429C4C80,3,"['Arena', 'Casa Giulietta']",Torre Lamberti,"['Sighseeing', 'Centro Fotografia', 'Museo Conte', 'Palazzo della Ragione', 'AMO']",Santa Anastasia,strategy_nearest,False,0.002107858657836914,success
048467429C4C80,3,"['Santa Anastasia', 'Duomo']",Teatro Romano,"['AMO', 'Palazzo della Ragione', 'Museo Conte', 'Centro Fotografia', 'Museo Miniscalchi']",Casa Giulietta,strategy_nearest,False,0.002749204635620117,success
04846DC27B3F80,3,"['Arena', 'Castelvecchio']",Santa Anastasia,"['AMO', 'Museo Conte', 'Palazzo della Ragione', 'Teatro Romano', 'Centro Fotografia']",Duomo,strategy_nearest,False,0.00232696533203125,success
04846EC27B3F80,3,['Arena'],Santa Anastasia,"['AMO', 'Museo Conte', 'Palazzo della Ragione', 'Teatro Romano', 'Centro Fotografia']",Teatro Romano,strategy_nearest,True,0.003062009811401367,success
048481429C4C80,3,"['Torre Lamberti', 'Santa Anastasia']",Castelvecchio,"['Museo Lapidario', 'Verona Tour', 'Arena', 'Museo Radio', 'San Zeno']",San Zeno,strategy_nearest,True,0.0028378963470458984,success
04847AC27B3F80,1,"['Arena', 'Museo Lapidario', 'Casa Giulietta', 'Torre Lamberti']",Palazzo della Ragione,"['AMO', 'Museo Conte', 'Centro Fotografia', 'Sighseeing', 'Santa Anastasia']",Teatro Romano,strategy_nearest,False,0.002986907958984375,success
048485C27B3F80,1,"['Arena', 'Castelvecchio', 'Casa Giulietta', 'Torre Lamberti']",Palazzo della Ragione,"['AMO', 'Museo Conte', 'Centro Fotografia', 'Sighseeing', 'Santa Anastasia']",Santa Anastasia,strategy_nearest,True,0.003216981887817383,success
048479C27B3F80,1,"['Arena', 'Castelvecchio', 'Casa Giulietta', 'Torre Lamberti']",Palazzo della Ragione,"['AMO', 'Museo Conte', 'Centro Fotografia', 'Sighseeing', 'Santa Anastasia']",Santa Anastasia,strategy_nearest,True,0.002792835235595703,success
048486429C4C80,3,"['Arena', 'Casa Giulietta']",Torre Lamberti,"['Sighseeing', 'Centro Fotografia', 'Museo Conte', 'Palazzo della Ragione', 'AMO']",Santa Anastasia,strategy_nearest,False,0.002157926559448242,success
04848BC27B3F80,0,['Arena'],Duomo,"['AMO', 'Museo Miniscalchi', 'Santa Anastasia', 'Teatro Romano', 'Palazzo della Ragione']",Castelvecchio,strategy_nearest,False,0.002671957015991211,success
048486C27B3F80,1,"['Arena', 'Museo Lapidario', 'Casa Giulietta', 'Torre Lamberti']",Palazzo della Ragione,"['AMO', 'Museo Conte', 'Centro Fotografia', 'Sighseeing', 'Santa Anastasia']",Teatro Romano,strategy_nearest,False,0.0021219253540039062,success
0484883A9C4C80,2,"['Casa Giulietta', 'Torre Lamberti']",Santa Anastasia,"['AMO', 'Museo Conte', 'Palazzo della Ragione', 'Teatro Romano', 'Centro Fotografia']",Duomo,strategy_nearest,False,0.003293752670288086,success
048492C27B3F80,1,"['Arena', 'Casa Giulietta', 'Torre Lamberti', 'Palazzo della Ragione']",Teatro Romano,"['Santa Anastasia', 'Duomo', 'AMO', 'Museo Conte', 'Centro Fotografia']",Tomba Giulietta,strategy_nearest,False,0.0020508766174316406,success
048490C27B3F80,3,"['Casa Giulietta', 'Santa Anastasia']",Duomo,"['AMO', 'Museo Miniscalchi', 'Teatro Romano', 'Palazzo della Ragione', 'Museo Conte']",Arena,strategy_nearest,False,0.0013320446014404297,success
048491C27B3F80,0,['Arena'],Casa Giulietta,"['Centro Fotografia', 'Sighseeing', 'Torre Lamberti', 'Museo Conte', 'Museo Radio']",Torre Lamberti,strategy_nearest,True,0.0027451515197753906,success
048497C27B3F80,1,"['Arena', 'Casa Giulietta', 'Torre Lamberti']",Palazzo della Ragione,"['AMO', 'Museo Conte', 'Centro Fotografia', 'Sighseeing', 'Santa Anastasia']",Santa Anastasia,strategy_nearest,True,0.003278017044067383,success
0484994A9C4C80,0,['Arena'],Casa Giulietta,"['Centro Fotografia', 'Sighseeing', 'Torre Lamberti', 'Museo Conte', 'Museo Radio']",Palazzo della Ragione,strategy_nearest,False,0.0019237995147705078,success
048498C27B3F80,1,"['Arena', 'Teatro Romano']",Palazzo della Ragione,"['AMO', 'Museo Conte', 'Torre Lamberti', 'Centro Fotografia', 'Sighseeing']",Torre Lamberti,strategy_nearest,True,0.003464937210083008,success
04849EC27B3F80,1,"['Arena', 'Casa Giulietta', 'Torre Lamberti', 'Palazzo della Ragione']",Teatro Romano,"['Santa Anastasia', 'Duomo', 'AMO', 'Museo Conte', 'Centro Fotografia']",Tomba Giulietta,strategy_nearest,False,0.0033278465270996094,success
0484A2C27B3F80,1,"['Arena', 'Casa Giulietta', 'Palazzo della Ragione']",Torre Lamberti,"['Sighseeing', 'Centro Fotografia', 'Museo Conte', 'AMO', 'Museo Miniscalchi']",Castelvecchio,strategy_nearest,False,0.0025408267974853516,success
0484A3C27B3F80,1,"['Arena', 'Teatro Romano']",Palazzo della Ragione,"['AMO', 'Museo Conte', 'Torre Lamberti', 'Centro Fotografia', 'Sighseeing']",Torre Lamberti,strategy_nearest,True,0.003178834915161133,success
0484A572743380,3,"['Arena', 'Casa Giulietta', 'San Zeno']",Torre Lamberti,"['Sighseeing', 'Centro Fotografia', 'Museo Conte', 'Palazzo della Ragione', 'AMO']",Santa Anastasia,strategy_nearest,False,0.003299236297607422,success
0484A9C27B3F80,1,"['Arena', 'Casa Giulietta', 'Torre Lamberti', 'Palazzo della Ragione']",Teatro Romano,"['Santa Anastasia', 'Duomo', 'AMO', 'Museo Conte', 'Centro Fotografia']",Tomba Giulietta,strategy_nearest,False,0.002618074417114258,success
0484A7429C4C80,3,"['Arena', 'Casa Giulietta']",Torre Lamberti,"['Sighseeing', 'Centro Fotografia', 'Museo Conte', 'Palazzo della Ragione', 'AMO']",Santa Anastasia,strategy_nearest,False,0.003341197967529297,success
0484AF429C4C80,0,"['Castelvecchio', 'Arena']",Casa Giulietta,"['Centro Fotografia', 'Sighseeing', 'Torre Lamberti', 'Museo Conte', 'Museo Radio']",Tomba Giulietta,strategy_nearest,False,0.002315044403076172,success
0484AEC27B3F80,1,"['Arena', 'Casa Giulietta', 'Palazzo della Ragione']",Torre Lamberti,"['Sighseeing', 'Centro Fotografia', 'Museo Conte', 'AMO', 'Museo Miniscalchi']",Castelvecchio,strategy_nearest,False,0.003133058547973633,success
0484AFC27B3F80,1,"['Arena', 'Museo Lapidario', 'Castelvecchio', 'Torre Lamberti']",Palazzo della Ragione,"['AMO', 'Museo Conte', 'Centro Fotografia', 'Sighseeing', 'Santa Anastasia']",Casa Giulietta,strategy_nearest,False,0.0029408931732177734,success
0484B2C27B3F80,0,['Casa Giulietta'],Arena,"['Verona Tour', 'Museo Lapidario', 'Museo Radio', 'San Fermo', 'Sighseeing']",Castelvecchio,strategy_nearest,False,0.0025370121002197266,success
0484B5C27B3F80,1,"['Arena', 'Casa Giulietta', 'Torre Lamberti', 'Palazzo della Ragione', 'Santa Anastasia']",Duomo,"['AMO', 'Museo Miniscalchi', 'Teatro Romano', 'Museo Conte', 'Centro Fotografia']",Teatro Romano,strategy_nearest,True,0.003256082534790039,success
0484B0429C4C80,0,['Arena'],Tomba Giulietta,"['San Fermo', 'Museo Storia', 'Museo Lapidario', 'Museo Radio', 'Verona Tour']",Casa Giulietta,strategy_nearest,False,0.0026001930236816406,success
0484BAC27B3F80,1,"['Arena', 'Casa Giulietta', 'Torre Lamberti', 'Palazzo della Ragione', 'Santa Anastasia']",San Zeno,"['Castelvecchio', 'Verona Tour', 'Museo Lapidario', 'Museo Miniscalchi', 'Sighseeing']",Castelvecchio,strategy_nearest,True,0.002460956573486328,success
0484BBC27B3F80,1,"['Arena', 'Museo Lapidario', 'Castelvecchio', 'Torre Lamberti', 'Palazzo della Ragione']",Casa Giulietta,"['Centro Fotografia', 'Sighseeing', 'Museo Conte', 'Museo Radio', 'San Fermo']",Santa Anastasia,strategy_nearest,False,0.0025179386138916016,success
0484C0429C4C80,0,"['Casa Giulietta', 'Torre Lamberti']",Arena,"['Verona Tour', 'Museo Lapidario', 'Museo Radio', 'San Fermo', 'Sighseeing']",Museo Lapidario,strategy_nearest,True,0.003134012222290039,success
0484BF429C4C80,1,['Arena'],Castelvecchio,"['Museo Lapidario', 'Verona Tour', 'Museo Radio', 'San Zeno', 'Sighseeing']",Torre Lamberti,strategy_nearest,False,0.0025773048400878906,success
0484C1C27B3F80,3,"['Arena', 'Casa Giulietta', 'Torre Lamberti', 'Santa Anastasia']",Teatro Romano,"['Duomo', 'AMO', 'Palazzo della Ragione', 'Museo Conte', 'Centro Fotografia']",San Zeno,strategy_nearest,False,0.0033011436462402344,success
0484C4429C4C80,0,"['Casa Giulietta', 'Arena']",Castelvecchio,"['Museo Lapidario', 'Verona Tour', 'Museo Radio', 'San Zeno', 'Sighseeing']",Tomba Giulietta,strategy_nearest,False,0.003939151763916016,success
0484C7C27B3F80,3,"['Arena', 'Arena']",Santa Anastasia,"['AMO', 'Museo Conte', 'Palazzo della Ragione', 'Teatro Romano', 'Centro Fotografia']",Teatro Romano,strategy_nearest,True,0.0018379688262939453,success
0484C6C27B3F80,1,"['Arena', 'Casa Giulietta', 'Torre Lamberti', 'Palazzo della Ragione', 'Santa Anastasia']",San Zeno,"['Castelvecchio', 'Verona Tour', 'Museo Lapidario', 'Museo Miniscalchi', 'Sighseeing']",Castelvecchio,strategy_nearest,True,0.0030510425567626953,success
0484CDC27B3F80,3,"['Arena', 'Santa Anastasia', 'San Fermo']",Casa Giulietta,"['Centro Fotografia', 'Sighseeing', 'Torre Lamberti', 'Museo Conte', 'Museo Radio']",Torre Lamberti,strategy_nearest,True,0.0021250247955322266,success
0484C9429C4C80,3,"['Arena', 'Tomba Giulietta', 'San Fermo']",Casa Giulietta,"['Centro Fotografia', 'Sighseeing', 'Torre Lamberti', 'Museo Conte', 'Museo Radio']",Santa Anastasia,strategy_nearest,False,0.0032939910888671875,success
0484D2C27B3F80,3,"['Arena', 'Torre Lamberti', 'Teatro Romano']",Tomba Giulietta,"['San Fermo', 'Museo Storia', 'Museo Lapidario', 'Museo Radio', 'Verona Tour']",San Zeno,strategy_nearest,False,0.002765655517578125,success
0484D3C27B3F80,1,"['Arena', 'Torre Lamberti']",Palazzo della Ragione,"['AMO', 'Museo Conte', 'Centro Fotografia', 'Sighseeing', 'Santa Anastasia']",Casa Giulietta,strategy_nearest,False,0.003345966339111328,success
0484D9C27B3F80,3,"['Arena', 'Santa Anastasia', 'San Fermo']",Casa Giulietta,"['Centro Fotografia', 'Sighseeing', 'Torre Lamberti', 'Museo Conte', 'Museo Radio']",Torre Lamberti,strategy_nearest,True,0.004016876220703125,success
0484D8C27B3F80,3,"['Arena', 'Santa Anastasia']",Castelvecchio,"['Museo Lapidario', 'Verona Tour', 'Museo Radio', 'San Zeno', 'Sighseeing']",Casa Giulietta,strategy_nearest,False,0.003442049026489258,success
0484DEC27B3F80,1,"['Arena', 'Casa Giulietta', 'Torre Lamberti', 'Palazzo della Ragione']",Teatro Romano,"['Santa Anastasia', 'Duomo', 'AMO', 'Museo Conte', 'Centro Fotografia']",Tomba Giulietta,strategy_nearest,False,0.001558065414428711,success
0484DDC27B3F80,0,"['Casa Giulietta', 'Arena']",Torre Lamberti,"['Sighseeing', 'Centro Fotografia', 'Museo Conte', 'Palazzo della Ragione', 'AMO']",Castelvecchio,strategy_nearest,False,0.0022199153900146484,success
0484E0C27B3F80,0,['Casa Giulietta'],Casa Giulietta,"['Centro Fotografia', 'Sighseeing', 'Torre Lamberti', 'Museo Conte', 'Museo Radio']",Arena,strategy_nearest,False,0.002725839614868164,success
0484DFC27B3F80,1,"['Arena', 'Torre Lamberti']",Palazzo della Ragione,"['AMO', 'Museo Conte', 'Centro Fotografia', 'Sighseeing', 'Santa Anastasia']",Casa Giulietta,strategy_nearest,False,0.003425121307373047,success
0484EBC27B3F80,1,"['Arena', 'Casa Giulietta', 'Torre Lamberti']",Palazzo della Ragione,"['AMO', 'Museo Conte', 'Centro Fotografia', 'Sighseeing', 'Santa Anastasia']",Santa Anastasia,strategy_nearest,True,0.002034902572631836,success
0484E5C27B3F80,3,['Arena'],Castelvecchio,"['Museo Lapidario', 'Verona Tour', 'Museo Radio', 'San Zeno', 'Sighseeing']",Santa Anastasia,strategy_nearest,False,0.0027036666870117188,success
0484E4C27B3F80,3,"['Arena', 'Santa Anastasia']",Castelvecchio,"['Museo Lapidario', 'Verona Tour', 'Museo Radio', 'San Zeno', 'Sighseeing']",Casa Giulietta,strategy_nearest,False,0.0034291744232177734,success
0484E3C27B3F80,0,"['Casa Giulietta', 'Torre Lamberti']",Tomba Giulietta,"['San Fermo', 'Museo Storia', 'Arena', 'Museo Lapidario', 'Museo Radio']",Arena,strategy_nearest,True,0.0022101402282714844,success
0484F3C27B3F80,3,"['Torre Lamberti', 'Santa Anastasia']",Tomba Giulietta,"['San Fermo', 'Museo Storia', 'Arena', 'Museo Lapidario', 'Museo Radio']",Arena,strategy_nearest,True,0.0020618438720703125,success
0484EF3A9C4C80,1,"['Arena', 'Casa Giulietta', 'Torre Lamberti']",Palazzo della Ragione,"['AMO', 'Museo Conte', 'Centro Fotografia', 'Sighseeing', 'Santa Anastasia']",Santa Anastasia,strategy_nearest,True,0.002084016799926758,success
0484EFC27B3F80,3,"['Arena', 'Castelvecchio', 'San Fermo', 'Casa Giulietta']",Torre Lamberti,"['Sighseeing', 'Centro Fotografia', 'Museo Conte', 'Palazzo della Ragione', 'AMO']",Torre Lamberti,strategy_nearest,False,0.00273895263671875,success
04850B3A9C4C84,1,"['Arena', 'Casa Giulietta']",Palazzo della Ragione,"['AMO', 'Museo Conte', 'Torre Lamberti', 'Centro Fotografia', 'Sighseeing']",Torre Lamberti,strategy_nearest,True,0.0031778812408447266,success
04850C429C4C80,1,"['Arena', 'Casa Giulietta', 'Santa Anastasia']",Castelvecchio,"['Museo Lapidario', 'Verona Tour', 'Museo Radio', 'San Zeno', 'Sighseeing']",Teatro Romano,strategy_nearest,False,0.003314971923828125,success
04850D429C4C84,3,['Duomo'],Santa Anastasia,"['AMO', 'Museo Conte', 'Palazzo della Ragione', 'Teatro Romano', 'Centro Fotografia']",Torre Lamberti,strategy_nearest,False,0.0019981861114501953,success
04850DC27B3F80,3,"['Casa Giulietta', 'Arena', 'Castelvecchio', 'Santa Anastasia']",Tomba Giulietta,"['San Fermo', 'Museo Storia', 'Museo Lapidario', 'Museo Radio', 'Verona Tour']",Teatro Romano,strategy_nearest,False,0.002796173095703125,success
04850EC27B3F84,3,"['Arena', 'Casa Giulietta']",San Fermo,"['Museo Storia', 'Museo Radio', 'Centro Fotografia', 'Sighseeing', 'Torre Lamberti']",Santa Anastasia,strategy_nearest,False,0.003101825714111328,success
04851BC27B3F84,4,"['Casa Giulietta', 'Torre Lamberti', 'Palazzo della Ragione', 'Arena', 'Castelvecchio']",Museo Radio,"['San Fermo', 'Sighseeing', 'Centro Fotografia', 'Verona Tour', 'Museo Conte']",Tomba Giulietta,strategy_nearest,False,0.0027570724487304688,success
04851CC27B3F84,3,"['Casa Giulietta', 'Torre Lamberti', 'Santa Anastasia']",Teatro Romano,"['Duomo', 'AMO', 'Palazzo della Ragione', 'Museo Conte', 'Centro Fotografia']",Duomo,strategy_nearest,True,0.002568960189819336,success
04851D429C4C80,0,"['Duomo', 'Torre Lamberti']",Casa Giulietta,"['Centro Fotografia', 'Sighseeing', 'Museo Conte', 'Museo Radio', 'Palazzo della Ragione']",Arena,strategy_nearest,False,0.003349781036376953,success
048520C27B3F80,1,"['Casa Giulietta', 'Arena', 'Castelvecchio']",Duomo,"['AMO', 'Museo Miniscalchi', 'Santa Anastasia', 'Teatro Romano', 'Palazzo della Ragione']",Santa Anastasia,strategy_nearest,True,0.002368927001953125,success
048521C27B3F84,3,"['Casa Giulietta', 'Torre Lamberti', 'Arena', 'Castelvecchio']",Santa Anastasia,"['AMO', 'Museo Conte', 'Palazzo della Ragione', 'Teatro Romano', 'Centro Fotografia']",Tomba Giulietta,strategy_nearest,False,0.0024149417877197266,success
04851FC27B3F80,1,"['Casa Giulietta', 'Torre Lamberti']",Palazzo della Ragione,"['AMO', 'Museo Conte', 'Centro Fotografia', 'Sighseeing', 'Santa Anastasia']",Arena,strategy_nearest,False,0.004213094711303711,success
048522C27B3F84,1,"['Casa Giulietta', 'Torre Lamberti', 'Palazzo della Ragione']",Santa Anastasia,"['AMO', 'Museo Conte', 'Teatro Romano', 'Centro Fotografia', 'Duomo']",Teatro Romano,strategy_nearest,True,0.002910137176513672,success
0485243A9C4C84,3,"['Castelvecchio', 'Arena', 'San Fermo']",Casa Giulietta,"['Centro Fotografia', 'Sighseeing', 'Torre Lamberti', 'Museo Conte', 'Museo Radio']",Torre Lamberti,strategy_nearest,True,0.003056049346923828,success
048528C27B3F84,1,"['Casa Giulietta', 'Torre Lamberti', 'Palazzo della Ragione']",Santa Anastasia,"['AMO', 'Museo Conte', 'Teatro Romano', 'Centro Fotografia', 'Duomo']",Teatro Romano,strategy_nearest,True,0.0027420520782470703,success
048527C27B3F84,3,"['Casa Giulietta', 'Duomo', 'Torre Lamberti']",Santa Anastasia,"['AMO', 'Museo Conte', 'Palazzo della Ragione', 'Teatro Romano', 'Centro Fotografia']",Arena,strategy_nearest,False,0.001983165740966797,success
048530429C4C80,0,['Casa Giulietta'],Arena,"['Verona Tour', 'Museo Lapidario', 'Museo Radio', 'San Fermo', 'Sighseeing']",Tomba Giulietta,strategy_nearest,False,0.0033311843872070312,success
048530C27B3F80,0,"['Teatro Romano', 'Torre Lamberti']",Casa Giulietta,"['Centro Fotografia', 'Sighseeing', 'Museo Conte', 'Museo Radio', 'Palazzo della Ragione']",Arena,strategy_nearest,False,0.0030999183654785156,success
048531C27B3F80,6,"['Casa Giulietta', 'Torre Lamberti', 'Santa Anastasia', 'Duomo', 'Teatro Romano']",Tomba Giulietta,"['San Fermo', 'Museo Storia', 'Arena', 'Museo Lapidario', 'Museo Radio']",San Zeno,strategy_nearest,False,0.0033478736877441406,success
048538429C4C80,1,"['Santa Anastasia', 'Duomo', 'Teatro Romano', 'Torre Lamberti']",Palazzo della Ragione,"['AMO', 'Museo Conte', 'Centro Fotografia', 'Sighseeing', 'Museo Miniscalchi']",Casa Giulietta,strategy_nearest,False,0.0026388168334960938,success
048537C27B3F80,1,"['Casa Giulietta', 'Torre Lamberti', 'Palazzo della Ragione']",Arena,"['Verona Tour', 'Museo Lapidario', 'Museo Radio', 'San Fermo', 'Sighseeing']",Teatro Romano,strategy_nearest,False,0.002736806869506836,success
04853CC27B3F80,0,"['Teatro Romano', 'Arena']",Castelvecchio,"['Museo Lapidario', 'Verona Tour', 'Museo Radio', 'San Zeno', 'Sighseeing']",Museo Storia,strategy_nearest,False,0.0033409595489501953,success
04853DC27B3F80,1,"['Casa Giulietta', 'Torre Lamberti', 'Palazzo della Ragione']",Santa Anastasia,"['AMO', 'Museo Conte', 'Teatro Romano', 'Centro Fotografia', 'Duomo']",Teatro Romano,strategy_nearest,True,0.0019116401672363281,success
048548C27B3F80,0,"['Teatro Romano', 'Arena']",Castelvecchio,"['Museo Lapidario', 'Verona Tour', 'Museo Radio', 'San Zeno', 'Sighseeing']",Museo Storia,strategy_nearest,False,0.002529621124267578,success
04854C429C4C80,2,['Tomba Giulietta'],Torre Lamberti,"['Sighseeing', 'Centro Fotografia', 'Museo Conte', 'Casa Giulietta', 'Palazzo della Ragione']",Santa Anastasia,strategy_nearest,False,0.0030870437622070312,success
048560C27B3F80,3,"['Teatro Romano', 'Arena', 'Santa Anastasia', 'Duomo']",Casa Giulietta,"['Centro Fotografia', 'Sighseeing', 'Torre Lamberti', 'Museo Conte', 'Museo Radio']",Torre Lamberti,strategy_nearest,True,0.0020601749420166016,success
048554C27B3F80,3,"['Teatro Romano', 'Arena', 'Santa Anastasia']",Duomo,"['AMO', 'Museo Miniscalchi', 'Palazzo della Ragione', 'Museo Conte', 'Torre Lamberti']",Casa Giulietta,strategy_nearest,False,0.0033960342407226562,success
048574C27B3F80,1,"['Casa Giulietta', 'Palazzo della Ragione', 'Santa Anastasia']",Duomo,"['AMO', 'Museo Miniscalchi', 'Teatro Romano', 'Museo Conte', 'Torre Lamberti']",Teatro Romano,strategy_nearest,True,0.0026280879974365234,success
04856CC27B3F80,0,['San Zeno'],Castelvecchio,"['Museo Lapidario', 'Verona Tour', 'Arena', 'Museo Radio', 'Sighseeing']",Arena,strategy_nearest,True,0.003453969955444336,success
0485763A9C4C80,1,"['Arena', 'Casa Giulietta']",Torre Lamberti,"['Sighseeing', 'Centro Fotografia', 'Museo Conte', 'Palazzo della Ragione', 'AMO']",Palazzo della Ragione,strategy_nearest,True,0.0033271312713623047,success
048578C27B3F80,0,['San Zeno'],Castelvecchio,"['Museo Lapidario', 'Verona Tour', 'Arena', 'Museo Radio', 'Sighseeing']",Arena,strategy_nearest,True,0.0017631053924560547,success
04857C3A9C4C80,3,"['Arena', 'Santa Anastasia']",Casa Giulietta,"['Centro Fotografia', 'Sighseeing', 'Torre Lamberti', 'Museo Conte', 'Museo Radio']",Castelvecchio,strategy_nearest,False,0.00238800048828125,success
04857A429C4C80,3,"['Arena', 'Casa Giulietta', 'Torre Lamberti', 'Santa Anastasia']",Duomo,"['AMO', 'Museo Miniscalchi', 'Teatro Romano', 'Palazzo della Ragione', 'Museo Conte']",Teatro Romano,strategy_nearest,True,0.004012107849121094,success
04858B429C4C80,3,"['San Zeno', 'Castelvecchio', 'Casa Giulietta']",Torre Lamberti,"['Sighseeing', 'Centro Fotografia', 'Museo Conte', 'Palazzo della Ragione', 'AMO']",Arena,strategy_nearest,False,0.0024869441986083984,success
048584C27B3F80,3,"['Teatro Romano', 'Torre Lamberti', 'Casa Giulietta']",Arena,"['Verona Tour', 'Museo Lapidario', 'Museo Radio', 'San Fermo', 'Sighseeing']",Duomo,strategy_nearest,False,0.0025222301483154297,success
0485853A9C4C80,0,"['Arena', 'Casa Giulietta']",Torre Lamberti,"['Sighseeing', 'Centro Fotografia', 'Museo Conte', 'Palazzo della Ragione', 'AMO']",Duomo,strategy_nearest,False,0.003337860107421875,success
048585C27B3F80,1,"['Casa Giulietta', 'Palazzo della Ragione', 'Santa Anastasia']",Duomo,"['AMO', 'Museo Miniscalchi', 'Teatro Romano', 'Museo Conte', 'Torre Lamberti']",Teatro Romano,strategy_nearest,True,0.0031380653381347656,success
04858D3A9C4C80,0,['Arena'],Casa Giulietta,"['Centro Fotografia', 'Sighseeing', 'Torre Lamberti', 'Museo Conte', 'Museo Radio']",Teatro Romano,strategy_nearest,False,0.0026068687438964844,success
048590C27B3F80,1,"['Arena', 'Casa Giulietta']",Torre Lamberti,"['Sighseeing', 'Centro Fotografia', 'Museo Conte', 'Palazzo della Ragione', 'AMO']",Palazzo della Ragione,strategy_nearest,True,0.0025658607482910156,success
04858FC27B3F80,1,"['Teatro Romano', 'Casa Giulietta', 'Santa Anastasia']",Duomo,"['AMO', 'Museo Miniscalchi', 'Palazzo della Ragione', 'Museo Conte', 'Torre Lamberti']",Torre Lamberti,strategy_nearest,True,0.0013632774353027344,success
04859DC27B3F80,2,['Torre Lamberti'],Santa Anastasia,"['AMO', 'Museo Conte', 'Palazzo della Ragione', 'Teatro Romano', 'Centro Fotografia']",Duomo,strategy_nearest,False,0.002950906753540039,success
0485A34A9C4C80,0,"['Casa Giulietta', 'Torre Lamberti']",Castelvecchio,"['Museo Lapidario', 'Verona Tour', 'Arena', 'Museo Radio', 'San Zeno']",Arena,strategy_nearest,True,0.0027971267700195312,success
0485A3C27B3F80,0,['Castelvecchio'],Arena,"['Verona Tour', 'Museo Lapidario', 'Museo Radio', 'San Fermo', 'Casa Giulietta']",Casa Giulietta,strategy_nearest,True,0.002529144287109375,success
0485A472743380,1,"['Teatro Romano', 'Arena', 'Casa Giulietta']",Palazzo della Ragione,"['AMO', 'Museo Conte', 'Torre Lamberti', 'Centro Fotografia', 'Sighseeing']",Torre Lamberti,strategy_nearest,True,0.0030469894409179688,success
04859EC27B3F80,0,['Castelvecchio'],Arena,"['Verona Tour', 'Museo Lapidario', 'Museo Radio', 'San Fermo', 'Casa Giulietta']",Casa Giulietta,strategy_nearest,True,0.0023779869079589844,success
0485AA429C4C80,1,"['Casa Giulietta', 'Torre Lamberti', 'Palazzo della Ragione']",Arena,"['Verona Tour', 'Museo Lapidario', 'Museo Radio', 'San Fermo', 'Sighseeing']",Santa Anastasia,strategy_nearest,False,0.0032639503479003906,success
0485A8429C4C80,1,"['Casa Giulietta', 'Torre Lamberti']",Palazzo della Ragione,"['AMO', 'Museo Conte', 'Centro Fotografia', 'Sighseeing', 'Santa Anastasia']",Castelvecchio,strategy_nearest,False,0.002132892608642578,success
0485A9C27B3F80,0,['Castelvecchio'],Arena,"['Verona Tour', 'Museo Lapidario', 'Museo Radio', 'San Fermo', 'Casa Giulietta']",Casa Giulietta,strategy_nearest,True,0.0013191699981689453,success
0485A83A9C4C80,0,"['Arena', 'Casa Giulietta']",Castelvecchio,"['Museo Lapidario', 'Verona Tour', 'Museo Radio', 'San Zeno', 'Sighseeing']",San Zeno,strategy_nearest,True,0.0039958953857421875,success
0485AAC27B3F80,0,['Castelvecchio'],Arena,"['Verona Tour', 'Museo Lapidario', 'Museo Radio', 'San Fermo', 'Casa Giulietta']",Casa Giulietta,strategy_nearest,True,0.0015022754669189453,success
0485B5429C4C80,1,"['Museo Lapidario', 'Arena']",Torre Lamberti,"['Sighseeing', 'Centro Fotografia', 'Museo Conte', 'Casa Giulietta', 'Palazzo della Ragione']",Palazzo della Ragione,strategy_nearest,True,0.0029091835021972656,success
0485C0429C4C80,0,"['Casa Giulietta', 'Castelvecchio']",Torre Lamberti,"['Sighseeing', 'Centro Fotografia', 'Museo Conte', 'Palazzo della Ragione', 'AMO']",Arena,strategy_nearest,False,0.0022859573364257812,success
0485C4429C4C80,0,"['Casa Giulietta', 'Arena']",Museo Lapidario,"['Verona Tour', 'Castelvecchio', 'Museo Radio', 'San Fermo', 'Tomba Giulietta']",Tomba Giulietta,strategy_nearest,True,0.003383159637451172,success
0485C9429C4C80,3,"['Arena', 'Casa Giulietta', 'Santa Anastasia']",Duomo,"['AMO', 'Museo Miniscalchi', 'Teatro Romano', 'Palazzo della Ragione', 'Museo Conte']",Teatro Romano,strategy_nearest,True,0.0025162696838378906,success
0485C6C27B3F80,1,"['Arena', 'Torre Lamberti', 'Palazzo della Ragione']",Casa Giulietta,"['Centro Fotografia', 'Sighseeing', 'Museo Conte', 'Museo Radio', 'San Fermo']",Castelvecchio,strategy_nearest,False,0.001950979232788086,success
0485CBC27B3F80,1,"['Arena', 'Casa Giulietta', 'Torre Lamberti']",Palazzo della Ragione,"['AMO', 'Museo Conte', 'Centro Fotografia', 'Sighseeing', 'Santa Anastasia']",Castelvecchio,strategy_nearest,False,0.0034689903259277344,success
0485CCC27B3F80,1,"['Arena', 'Torre Lamberti', 'Palazzo della Ragione', 'Santa Anastasia']",Teatro Romano,"['Duomo', 'AMO', 'Museo Conte', 'Centro Fotografia', 'Museo Miniscalchi']",San Fermo,strategy_nearest,False,0.0032958984375,success
0485D2C27B3F80,1,"['Arena', 'Torre Lamberti', 'Palazzo della Ragione']",Casa Giulietta,"['Centro Fotografia', 'Sighseeing', 'Museo Conte', 'Museo Radio', 'San Fermo']",Castelvecchio,strategy_nearest,False,0.0027599334716796875,success
0485D1C27B3F80,3,['Arena'],Torre Lamberti,"['Sighseeing', 'Centro Fotografia', 'Museo Conte', 'Casa Giulietta', 'Palazzo della Ragione']",Casa Giulietta,strategy_nearest,True,0.0037450790405273438,success
0485D7C27B3F80,0,"['San Fermo', 'Casa Giulietta']",Torre Lamberti,"['Sighseeing', 'Centro Fotografia', 'Museo Conte', 'Palazzo della Ragione', 'AMO']",Teatro Romano,strategy_nearest,False,0.002699136734008789,success
0485D8C27B3F80,1,"['Arena', 'Torre Lamberti', 'Palazzo della Ragione', 'Santa Anastasia']",Teatro Romano,"['Duomo', 'AMO', 'Museo Conte', 'Centro Fotografia', 'Museo Miniscalchi']",San Fermo,strategy_nearest,False,0.0032792091369628906,success
0485DDC27B3F80,3,['Arena'],Torre Lamberti,"['Sighseeing', 'Centro Fotografia', 'Museo Conte', 'Casa Giulietta', 'Palazzo della Ragione']",Casa Giulietta,strategy_nearest,True,0.0028929710388183594,success
0485E9C27B3F80,0,['Arena'],Casa Giulietta,"['Centro Fotografia', 'Sighseeing', 'Torre Lamberti', 'Museo Conte', 'Museo Radio']",Torre Lamberti,strategy_nearest,True,0.001978158950805664,success
0485DEC27B3F80,1,"['Arena', 'Casa Giulietta', 'San Fermo', 'Santa Anastasia']",Torre Lamberti,"['Sighseeing', 'Centro Fotografia', 'Museo Conte', 'Palazzo della Ragione', 'AMO']",Palazzo della Ragione,strategy_nearest,True,0.00350189208984375,success
0485E4C27B3F80,0,['Arena'],Casa Giulietta,"['Centro Fotografia', 'Sighseeing', 'Torre Lamberti', 'Museo Conte', 'Museo Radio']",Torre Lamberti,strategy_nearest,True,0.0019278526306152344,success
0485EF3A9C4C80,3,['Torre Lamberti'],Arena,"['Verona Tour', 'Museo Lapidario', 'Museo Radio', 'San Fermo', 'Casa Giulietta']",Castelvecchio,strategy_nearest,False,0.0026459693908691406,success
048606C27B3F84,1,"['Arena', 'Palazzo della Ragione', 'Torre Lamberti']",Casa Giulietta,"['Centro Fotografia', 'Sighseeing', 'Museo Conte', 'Museo Radio', 'San Fermo']",Santa Anastasia,strategy_nearest,False,0.00244903564453125,success
048600C27B3F84,3,"['Arena', 'Casa Giulietta', 'Torre Lamberti']",Santa Anastasia,"['AMO', 'Museo Conte', 'Palazzo della Ragione', 'Teatro Romano', 'Centro Fotografia']",Teatro Romano,strategy_nearest,True,0.0018761157989501953,success
0486093A9C4C84,1,"['Arena', 'Casa Giulietta']",Torre Lamberti,"['Sighseeing', 'Centro Fotografia', 'Museo Conte', 'Palazzo della Ragione', 'AMO']",Palazzo della Ragione,strategy_nearest,True,0.0028162002563476562,success
04860CC27B3F84,0,"['Arena', 'Casa Giulietta']",Torre Lamberti,"['Sighseeing', 'Centro Fotografia', 'Museo Conte', 'Palazzo della Ragione', 'AMO']",Teatro Romano,strategy_nearest,False,0.0025599002838134766,success
04860C3A9C4C84,3,"['San Zeno', 'Duomo', 'Santa Anastasia']",Torre Lamberti,"['Sighseeing', 'Centro Fotografia', 'Museo Conte', 'Casa Giulietta', 'Palazzo della Ragione']",Casa Giulietta,strategy_nearest,True,0.003161907196044922,success
04860E3A9C4C84,3,"['Arena', 'Casa Giulietta']",Santa Anastasia,"['AMO', 'Museo Conte', 'Palazzo della Ragione', 'Teatro Romano', 'Centro Fotografia']",Duomo,strategy_nearest,False,0.0033538341522216797,success
04860FC27B3F84,3,"['Casa Giulietta', 'Santa Anastasia']",Torre Lamberti,"['Sighseeing', 'Centro Fotografia', 'Museo Conte', 'Palazzo della Ragione', 'AMO']",Arena,strategy_nearest,False,0.002413034439086914,success
048610C27B3F84,3,"['Casa Giulietta', 'Santa Anastasia']",Torre Lamberti,"['Sighseeing', 'Centro Fotografia', 'Museo Conte', 'Palazzo della Ragione', 'AMO']",Arena,strategy_nearest,False,0.0027489662170410156,success
048612C27B3F84,1,"['Arena', 'Torre Lamberti', 'Palazzo della Ragione']",Casa Giulietta,"['Centro Fotografia', 'Sighseeing', 'Museo Conte', 'Museo Radio', 'San Fermo']",Santa Anastasia,strategy_nearest,False,0.0031871795654296875,success
048616C27B3F84,1,"['Arena', 'Tomba Giulietta', 'Museo Lapidario']",Castelvecchio,"['Verona Tour', 'Museo Radio', 'San Zeno', 'Sighseeing', 'Museo Miniscalchi']",Santa Anastasia,strategy_nearest,False,0.0030410289764404297,success
0486173A9C4C84,0,['Santa Anastasia'],Casa Giulietta,"['Centro Fotografia', 'Sighseeing', 'Torre Lamberti', 'Museo Conte', 'Museo Radio']",Arena,strategy_nearest,False,0.0020661354064941406,success
048617C27B3F84,0,['Arena'],Casa Giulietta,"['Centro Fotografia', 'Sighseeing', 'Torre Lamberti', 'Museo Conte', 'Museo Radio']",Torre Lamberti,strategy_nearest,True,0.0026628971099853516,success
04861DC27B3F84,1,"['Arena', 'Torre Lamberti', 'Palazzo della Ragione']",Santa Anastasia,"['AMO', 'Museo Conte', 'Teatro Romano', 'Centro Fotografia', 'Duomo']",Duomo,strategy_nearest,True,0.0027191638946533203,success
04861E3A9C4C84,1,"['Arena', 'Casa Giulietta']",Torre Lamberti,"['Sighseeing', 'Centro Fotografia', 'Museo Conte', 'Palazzo della Ragione', 'AMO']",Palazzo della Ragione,strategy_nearest,True,0.0019252300262451172,success
04861BC27B3F84,1,"['Arena', 'Tomba Giulietta', 'Museo Lapidario']",Castelvecchio,"['Verona Tour', 'Museo Radio', 'San Zeno', 'Sighseeing', 'Museo Miniscalchi']",Duomo,strategy_nearest,False,0.0035462379455566406,success
04861EC27B3F84,1,"['Arena', 'Castelvecchio', 'Casa Giulietta']",Palazzo della Ragione,"['AMO', 'Museo Conte', 'Torre Lamberti', 'Centro Fotografia', 'Sighseeing']",Torre Lamberti,strategy_nearest,True,0.002644062042236328,success
04861F3A9C4C84,0,['Arena'],Torre Lamberti,"['Sighseeing', 'Centro Fotografia', 'Museo Conte', 'Casa Giulietta', 'Palazzo della Ragione']",Casa Giulietta,strategy_nearest,True,0.0029327869415283203,success
048622C27B3F84,0,"['Casa Giulietta', 'Duomo']",Castelvecchio,"['Museo Lapidario', 'Verona Tour', 'Arena', 'Museo Radio', 'San Zeno']",Teatro Romano,strategy_nearest,False,0.0025980472564697266,success
048621C27B3F84,3,"['Casa Giulietta', 'Torre Lamberti', 'Santa Anastasia']",Teatro Romano,"['Duomo', 'AMO', 'Palazzo della Ragione', 'Museo Conte', 'Centro Fotografia']",Duomo,strategy_nearest,True,0.0028128623962402344,success
048623C27B3F84,3,"['Arena', 'Casa Giulietta']",San Fermo,"['Museo Storia', 'Museo Radio', 'Centro Fotografia', 'Sighseeing', 'Torre Lamberti']",Santa Anastasia,strategy_nearest,False,0.0032808780670166016,success
048627C27B3F84,0,"['Casa Giulietta', 'Duomo']",Castelvecchio,"['Museo Lapidario', 'Verona Tour', 'Arena', 'Museo Radio', 'San Zeno']",Teatro Romano,strategy_nearest,False,0.003116130828857422,success
048625C27B3F80,2,"['Casa Giulietta', 'Torre Lamberti', 'Palazzo della Ragione']",Teatro Romano,"['Santa Anastasia', 'Duomo', 'AMO', 'Museo Conte', 'Centro Fotografia']",San Zeno,strategy_nearest,False,0.0026369094848632812,success
0486263A9C4C84,0,['Arena'],Tomba Giulietta,"['San Fermo', 'Museo Storia', 'Museo Lapidario', 'Museo Radio', 'Verona Tour']",Casa Giulietta,strategy_nearest,False,0.0019769668579101562,success
048628C27B3F84,3,"['Casa Giulietta', 'Torre Lamberti']",Santa Anastasia,"['AMO', 'Museo Conte', 'Palazzo della Ragione', 'Teatro Romano', 'Centro Fotografia']",Arena,strategy_nearest,False,0.0035398006439208984,success
048631C27B3F80,1,"['Casa Giulietta', 'Arena', 'Teatro Romano']",Santa Anastasia,"['AMO', 'Museo Conte', 'Palazzo della Ragione', 'Centro Fotografia', 'Duomo']",Torre Lamberti,strategy_nearest,False,0.002035379409790039,success
048637C27B3F80,4,"['Casa Giulietta', 'Torre Lamberti', 'Palazzo della Ragione', 'Arena', 'Castelvecchio']",Museo Radio,"['San Fermo', 'Sighseeing', 'Centro Fotografia', 'Verona Tour', 'Museo Conte']",Tomba Giulietta,strategy_nearest,False,0.0026938915252685547,success
04863CC27B3F80,1,"['Casa Giulietta', 'Torre Lamberti', 'Palazzo della Ragione']",San Fermo,"['Museo Storia', 'Museo Radio', 'Centro Fotografia', 'Arena', 'Sighseeing']",Tomba Giulietta,strategy_nearest,False,0.002401590347290039,success
04865B429C4C80,0,['Arena'],Casa Giulietta,"['Centro Fotografia', 'Sighseeing', 'Torre Lamberti', 'Museo Conte', 'Museo Radio']",Torre Lamberti,strategy_nearest,True,0.002974271774291992,success
048667429C4C80,3,"['Santa Anastasia', 'Duomo']",Teatro Romano,"['AMO', 'Palazzo della Ragione', 'Museo Conte', 'Centro Fotografia', 'Museo Miniscalchi']",Casa Giulietta,strategy_nearest,False,0.003383159637451172,success
048671429C4C80,2,['Torre Lamberti'],Casa Giulietta,"['Centro Fotografia', 'Sighseeing', 'Museo Conte', 'Museo Radio', 'Palazzo della Ragione']",Castelvecchio,strategy_nearest,False,0.0019698143005371094,success
048674C27B3F80,3,"['Arena', 'Castelvecchio', 'Torre Lamberti']",Casa Giulietta,"['Centro Fotografia', 'Sighseeing', 'Museo Conte', 'Museo Radio', 'Palazzo della Ragione']",Duomo,strategy_nearest,False,0.0032100677490234375,success
04866FC27B3F80,1,"['Teatro Romano', 'Duomo', 'Torre Lamberti', 'Palazzo della Ragione']",Casa Giulietta,"['Centro Fotografia', 'Sighseeing', 'Museo Conte', 'Museo Radio', 'San Fermo']",Castelvecchio,strategy_nearest,False,0.002849102020263672,success
04867AC27B3F80,3,"['Arena', 'Casa Giulietta', 'Torre Lamberti']",Santa Anastasia,"['AMO', 'Museo Conte', 'Palazzo della Ragione', 'Teatro Romano', 'Centro Fotografia']",Castelvecchio,strategy_nearest,False,0.002747058868408203,success
04867A4A9C4C80,1,"['Torre Lamberti', 'Palazzo della Ragione', 'Casa Giulietta']",Giardino Giusti,"['Santa Anastasia', 'Teatro Romano', 'Museo Conte', 'Centro Fotografia', 'Museo Storia']",Museo Storia,strategy_nearest,True,0.002803802490234375,success
048675C27B3F80,3,"['Torre Lamberti', 'Arena']",Castelvecchio,"['Museo Lapidario', 'Verona Tour', 'Museo Radio', 'San Zeno', 'Sighseeing']",Santa Anastasia,strategy_nearest,False,0.002045869827270508,success
04867BC27B3F80,3,"['Arena', 'Casa Giulietta']",Torre Lamberti,"['Sighseeing', 'Centro Fotografia', 'Museo Conte', 'Palazzo della Ragione', 'AMO']",Santa Anastasia,strategy_nearest,False,0.003113985061645508,success
04867E429C4C80,0,['Arena'],Torre Lamberti,"['Sighseeing', 'Centro Fotografia', 'Museo Conte', 'Casa Giulietta', 'Palazzo della Ragione']",Casa Giulietta,strategy_nearest,True,0.0019109249114990234,success
048680C27B3F80,2,"['Casa Giulietta', 'Duomo']",Castelvecchio,"['Museo Lapidario', 'Verona Tour', 'Arena', 'Museo Radio', 'San Zeno']",Tomba Giulietta,strategy_nearest,False,0.0026388168334960938,success
0486814A9C4C80,3,['Arena'],Torre Lamberti,"['Sighseeing', 'Centro Fotografia', 'Museo Conte', 'Casa Giulietta', 'Palazzo della Ragione']",Santa Anastasia,strategy_nearest,False,0.002719879150390625,success
0486823A9C4C80,1,"['Arena', 'Castelvecchio']",Casa Giulietta,"['Centro Fotografia', 'Sighseeing', 'Torre Lamberti', 'Museo Conte', 'Museo Radio']",Palazzo della Ragione,strategy_nearest,False,0.003041982650756836,success
048682429C4C80,1,['Palazzo della Ragione'],Torre Lamberti,"['Sighseeing', 'Centro Fotografia', 'Museo Conte', 'Casa Giulietta', 'AMO']",Santa Anastasia,strategy_nearest,False,0.0023331642150878906,success
0486863A9C4C80,0,['Arena'],Castelvecchio,"['Museo Lapidario', 'Verona Tour', 'Museo Radio', 'San Zeno', 'Sighseeing']",Casa Giulietta,strategy_nearest,False,0.002893209457397461,success
048681C27B3F80,0,['Torre Lamberti'],Arena,"['Verona Tour', 'Museo Lapidario', 'Museo Radio', 'San Fermo', 'Casa Giulietta']",Castelvecchio,strategy_nearest,False,0.0024671554565429688,success
048686C27B3F80,3,"['Torre Lamberti', 'Santa Anastasia', 'Tomba Giulietta', 'San Fermo']",Casa Giulietta,"['Centro Fotografia', 'Sighseeing', 'Museo Conte', 'Museo Radio', 'Palazzo della Ragione']",Arena,strategy_nearest,False,0.002404928207397461,success
0486873A9C4C80,1,"['Arena', 'Tomba Giulietta']",Casa Giulietta,"['Centro Fotografia', 'Sighseeing', 'Torre Lamberti', 'Museo Conte', 'Museo Radio']",Torre Lamberti,strategy_nearest,True,0.0019888877868652344,success
04868E3A9C4C80,0,['Casa Giulietta'],Torre Lamberti,"['Sighseeing', 'Centro Fotografia', 'Museo Conte', 'Palazzo della Ragione', 'AMO']",Arena,strategy_nearest,False,0.0026679039001464844,success
048692C27B3F80,0,"['Arena', 'Casa Giulietta']",Torre Lamberti,"['Sighseeing', 'Centro Fotografia', 'Museo Conte', 'Palazzo della Ragione', 'AMO']",Giardino Giusti,strategy_nearest,False,0.0031571388244628906,success
048687C27B3F80,3,"['Arena', 'Casa Giulietta']",Torre Lamberti,"['Sighseeing', 'Centro Fotografia', 'Museo Conte', 'Palazzo della Ragione', 'AMO']",Santa Anastasia,strategy_nearest,False,0.003371000289916992,success
0486A672743380,3,"['Arena', 'Casa Giulietta', 'Torre Lamberti']",Santa Anastasia,"['AMO', 'Museo Conte', 'Palazzo della Ragione', 'Teatro Romano', 'Centro Fotografia']",Castelvecchio,strategy_nearest,False,0.0027620792388916016,success
0486984A9C4C80,0,['Arena'],Casa Giulietta,"['Centro Fotografia', 'Sighseeing', 'Torre Lamberti', 'Museo Conte', 'Museo Radio']",Torre Lamberti,strategy_nearest,True,0.0027151107788085938,success
0486A83A9C4C80,1,"['Arena', 'Casa Giulietta', 'Santa Anastasia']",Duomo,"['AMO', 'Museo Miniscalchi', 'Teatro Romano', 'Palazzo della Ragione', 'Museo Conte']",Torre Lamberti,strategy_nearest,False,0.0027539730072021484,success
0486A8429C4C80,2,['Casa Giulietta'],Teatro Romano,"['Santa Anastasia', 'Duomo', 'AMO', 'Palazzo della Ragione', 'Museo Conte']",Tomba Giulietta,strategy_nearest,False,0.003242015838623047,success
0486B3429C4C80,0,['Arena'],Casa Giulietta,"['Centro Fotografia', 'Sighseeing', 'Torre Lamberti', 'Museo Conte', 'Museo Radio']",Teatro Romano,strategy_nearest,False,0.0019011497497558594,success
0486C0429C4C80,3,"['Arena', 'Museo Lapidario']",Casa Giulietta,"['Centro Fotografia', 'Sighseeing', 'Torre Lamberti', 'Museo Conte', 'Museo Radio']",Torre Lamberti,strategy_nearest,True,0.0030252933502197266,success
0486A93A9C4C80,1,"['Arena', 'Torre Lamberti', 'Palazzo della Ragione']",Casa Giulietta,"['Centro Fotografia', 'Sighseeing', 'Museo Conte', 'Museo Radio', 'San Fermo']",Santa Anastasia,strategy_nearest,False,0.003412008285522461,success
0486B83A9C4C80,0,['Arena'],Casa Giulietta,"['Centro Fotografia', 'Sighseeing', 'Torre Lamberti', 'Museo Conte', 'Museo Radio']",Duomo,strategy_nearest,False,0.0033180713653564453,success
0486C8429C4C80,3,"['Arena', 'Casa Giulietta']",Santa Anastasia,"['AMO', 'Museo Conte', 'Palazzo della Ragione', 'Teatro Romano', 'Centro Fotografia']",Duomo,strategy_nearest,False,0.002093791961669922,success
0486C1429C4C80,3,['Arena'],Casa Giulietta,"['Centro Fotografia', 'Sighseeing', 'Torre Lamberti', 'Museo Conte', 'Museo Radio']",Santa Anastasia,strategy_nearest,False,0.0018780231475830078,success
0486E53A9C4C80,3,"['Teatro Romano', 'Duomo']",Torre Lamberti,"['Sighseeing', 'Centro Fotografia', 'Museo Conte', 'Casa Giulietta', 'Palazzo della Ragione']",Arena,strategy_nearest,False,0.002515077590942383,success
0486FB3A9C4C80,1,"['Arena', 'Casa Giulietta']",Palazzo della Ragione,"['AMO', 'Museo Conte', 'Torre Lamberti', 'Centro Fotografia', 'Sighseeing']",Torre Lamberti,strategy_nearest,True,0.0024907588958740234,success
048702C27B3F84,2,"['Casa Giulietta', 'Torre Lamberti', 'Palazzo della Ragione']",Teatro Romano,"['Santa Anastasia', 'Duomo', 'AMO', 'Museo Conte', 'Centro Fotografia']",San Zeno,strategy_nearest,False,0.0026459693908691406,success
0486D7BA7B3F80,4,"['Castelvecchio', 'Arena', 'Museo Storia', 'Museo Radio', 'Tomba Giulietta']",Teatro Romano,"['Santa Anastasia', 'Duomo', 'AMO', 'Palazzo della Ragione', 'Museo Conte']",Duomo,strategy_nearest,True,0.004004955291748047,success
0487063A9C4C84,3,"['Arena', 'Castelvecchio']",Torre Lamberti,"['Sighseeing', 'Centro Fotografia', 'Museo Conte', 'Casa Giulietta', 'Palazzo della Ragione']",Casa Giulietta,strategy_nearest,True,0.002986907958984375,success
0487083A9C4C84,1,"['Arena', 'Casa Giulietta', 'Torre Lamberti']",Palazzo della Ragione,"['AMO', 'Museo Conte', 'Centro Fotografia', 'Sighseeing', 'Santa Anastasia']",Duomo,strategy_nearest,False,0.0024688243865966797,success
048708C27B3F84,0,['Casa Giulietta'],Arena,"['Verona Tour', 'Museo Lapidario', 'Museo Radio', 'San Fermo', 'Sighseeing']",Giardino Giusti,strategy_nearest,False,0.002991914749145508,success
04870CC27B3F80,1,"['Casa Giulietta', 'Duomo', 'Arena']",Torre Lamberti,"['Sighseeing', 'Centro Fotografia', 'Museo Conte', 'Palazzo della Ragione', 'AMO']",Palazzo della Ragione,strategy_nearest,True,0.002321958541870117,success
04870D429C4C80,1,"['Arena', 'Casa Giulietta', 'Santa Anastasia']",Castelvecchio,"['Museo Lapidario', 'Verona Tour', 'Museo Radio', 'San Zeno', 'Sighseeing']",Teatro Romano,strategy_nearest,False,0.0032999515533447266,success
048712C27B3F80,1,"['Casa Giulietta', 'Arena', 'Teatro Romano']",Santa Anastasia,"['AMO', 'Museo Conte', 'Palazzo della Ragione', 'Centro Fotografia', 'Duomo']",Torre Lamberti,strategy_nearest,False,0.0018818378448486328,success
04870E3A9C4C84,0,['Arena'],Torre Lamberti,"['Sighseeing', 'Centro Fotografia', 'Museo Conte', 'Casa Giulietta', 'Palazzo della Ragione']",Casa Giulietta,strategy_nearest,True,0.0026569366455078125,success
0487203A9C4C84,1,['Torre Lamberti'],Palazzo della Ragione,"['AMO', 'Museo Conte', 'Centro Fotografia', 'Sighseeing', 'Santa Anastasia']",Teatro Romano,strategy_nearest,False,0.0035283565521240234,success
04871F3A9C4C84,3,['Arena'],Torre Lamberti,"['Sighseeing', 'Centro Fotografia', 'Museo Conte', 'Casa Giulietta', 'Palazzo della Ragione']",Casa Giulietta,strategy_nearest,True,0.0029380321502685547,success
0487223A9C4C84,3,"['Arena', 'Torre Lamberti']",Casa Giulietta,"['Centro Fotografia', 'Sighseeing', 'Museo Conte', 'Museo Radio', 'Palazzo della Ragione']",Duomo,strategy_nearest,False,0.0029959678649902344,success
048723C27B3F80,0,"['Arena', 'Museo Lapidario', 'Castelvecchio']",Casa Giulietta,"['Centro Fotografia', 'Sighseeing', 'Torre Lamberti', 'Museo Conte', 'Museo Radio']",Torre Lamberti,strategy_nearest,True,0.0024492740631103516,success
04872BC27B3F80,1,"['Casa Giulietta', 'Santa Anastasia', 'Duomo']",Arena,"['Verona Tour', 'Museo Lapidario', 'Museo Radio', 'San Fermo', 'Sighseeing']",Torre Lamberti,strategy_nearest,False,0.0031816959381103516,success
048730C27B3F80,1,"['Casa Giulietta', 'Palazzo della Ragione', 'Arena']",San Zeno,"['Castelvecchio', 'Verona Tour', 'Museo Lapidario', 'Museo Miniscalchi', 'Sighseeing']",Castelvecchio,strategy_nearest,True,0.002443075180053711,success
048725C27B3F80,0,"['Casa Giulietta', 'Arena']",Museo Storia,"['San Fermo', 'Museo Radio', 'Centro Fotografia', 'Tomba Giulietta', 'Torre Lamberti']",Teatro Romano,strategy_nearest,False,0.0024671554565429688,success
048731C27B3F80,0,"['Casa Giulietta', 'Tomba Giulietta']",Giardino Giusti,"['Santa Anastasia', 'Teatro Romano', 'Museo Conte', 'Centro Fotografia', 'Museo Storia']",Teatro Romano,strategy_nearest,True,0.002499103546142578,success
04873CC27B3F80,0,"['Casa Giulietta', 'Tomba Giulietta']",Giardino Giusti,"['Santa Anastasia', 'Teatro Romano', 'Museo Conte', 'Centro Fotografia', 'Museo Storia']",Teatro Romano,strategy_nearest,True,0.0024890899658203125,success
048742C27B3F80,3,"['Casa Giulietta', 'San Fermo', 'Torre Lamberti', 'San Zeno']",Castelvecchio,"['Museo Lapidario', 'Verona Tour', 'Arena', 'Museo Radio', 'Sighseeing']",Arena,strategy_nearest,True,0.0025479793548583984,success
04873DC27B3F80,1,"['Casa Giulietta', 'Castelvecchio', 'Arena']",San Fermo,"['Museo Storia', 'Museo Radio', 'Centro Fotografia', 'Sighseeing', 'Torre Lamberti']",San Zeno,strategy_nearest,False,0.0031838417053222656,success
048748C27B3F80,3,"['Casa Giulietta', 'Santa Anastasia']",Arena,"['Verona Tour', 'Museo Lapidario', 'Museo Radio', 'San Fermo', 'Sighseeing']",Torre Lamberti,strategy_nearest,False,0.002750873565673828,success
048755C27B3F80,1,"['Casa Giulietta', 'Torre Lamberti', 'Palazzo della Ragione']",Arena,"['Verona Tour', 'Museo Lapidario', 'Museo Radio', 'San Fermo', 'Sighseeing']",San Zeno,strategy_nearest,False,0.0034072399139404297,success
048760C27B3F80,0,"['Casa Giulietta', 'Arena']",Torre Lamberti,"['Sighseeing', 'Centro Fotografia', 'Museo Conte', 'Palazzo della Ragione', 'AMO']",Castelvecchio,strategy_nearest,False,0.002534151077270508,success
04875BC27B3F80,3,"['Casa Giulietta', 'San Fermo', 'Torre Lamberti', 'San Zeno']",Castelvecchio,"['Museo Lapidario', 'Verona Tour', 'Arena', 'Museo Radio', 'Sighseeing']",Arena,strategy_nearest,True,0.0034532546997070312,success
048766C27B3F80,3,"['Casa Giulietta', 'Santa Anastasia']",Arena,"['Verona Tour', 'Museo Lapidario', 'Museo Radio', 'San Fermo', 'Sighseeing']",Torre Lamberti,strategy_nearest,False,0.003162860870361328,success
04876CC27B3F80,1,"['Casa Giulietta', 'Torre Lamberti', 'Palazzo della Ragione', 'Santa Anastasia']",Giardino Giusti,"['Teatro Romano', 'Museo Conte', 'Centro Fotografia', 'Museo Storia', 'AMO']",San Zeno,strategy_nearest,False,0.0023908615112304688,success
048761C27B3F80,1,"['Casa Giulietta', 'Palazzo della Ragione', 'Torre Lamberti']",Santa Anastasia,"['AMO', 'Museo Conte', 'Teatro Romano', 'Centro Fotografia', 'Duomo']",Duomo,strategy_nearest,True,0.0034711360931396484,success
048773429C4C80,3,"['Arena', 'Casa Giulietta']",Santa Anastasia,"['AMO', 'Museo Conte', 'Palazzo della Ragione', 'Teatro Romano', 'Centro Fotografia']",Duomo,strategy_nearest,False,0.0031211376190185547,success
0487783A9C4C80,0,['Casa Giulietta'],Arena,"['Verona Tour', 'Museo Lapidario', 'Museo Radio', 'San Fermo', 'Sighseeing']",Tomba Giulietta,strategy_nearest,False,0.002746105194091797,success
0487793A9C4C80,1,"['Casa Giulietta', 'Palazzo della Ragione']",Torre Lamberti,"['Sighseeing', 'Centro Fotografia', 'Museo Conte', 'AMO', 'Museo Miniscalchi']",Duomo,strategy_nearest,False,0.0025789737701416016,success
048779429C4C80,0,['Torre Lamberti'],Casa Giulietta,"['Centro Fotografia', 'Sighseeing', 'Museo Conte', 'Museo Radio', 'Palazzo della Ragione']",Arena,strategy_nearest,False,0.003618955612182617,success
04877D429C4C80,0,"['Teatro Romano', 'San Zeno']",Castelvecchio,"['Museo Lapidario', 'Verona Tour', 'Arena', 'Museo Radio', 'Sighseeing']",Arena,strategy_nearest,True,0.0025048255920410156,success
04877A429C4C80,1,"['Arena', 'Casa Giulietta', 'Torre Lamberti']",Palazzo della Ragione,"['AMO', 'Museo Conte', 'Centro Fotografia', 'Sighseeing', 'Santa Anastasia']",Santa Anastasia,strategy_nearest,True,0.002552032470703125,success
04877EC27B3F80,1,"['Casa Giulietta', 'Torre Lamberti', 'Palazzo della Ragione', 'Santa Anastasia']",Giardino Giusti,"['Teatro Romano', 'Museo Conte', 'Centro Fotografia', 'Museo Storia', 'AMO']",San Zeno,strategy_nearest,False,0.0034749507904052734,success
048785429C4C80,1,"['Arena', 'Casa Giulietta']",Torre Lamberti,"['Sighseeing', 'Centro Fotografia', 'Museo Conte', 'Palazzo della Ragione', 'AMO']",Palazzo della Ragione,strategy_nearest,True,0.0024492740631103516,success
048785C27B3F80,3,"['Casa Giulietta', 'Arena']",Castelvecchio,"['Museo Lapidario', 'Verona Tour', 'Museo Radio', 'San Zeno', 'Sighseeing']",Santa Anastasia,strategy_nearest,False,0.0026938915252685547,success
048787429C4C80,3,"['Teatro Romano', 'Duomo']",Casa Giulietta,"['Centro Fotografia', 'Sighseeing', 'Torre Lamberti', 'Museo Conte', 'Museo Radio']",Torre Lamberti,strategy_nearest,True,0.003406047821044922,success
048791C27B3F80,3,"['Casa Giulietta', 'Torre Lamberti', 'Arena']",Tomba Giulietta,"['San Fermo', 'Museo Storia', 'Museo Lapidario', 'Museo Radio', 'Verona Tour']",Castelvecchio,strategy_nearest,False,0.0031969547271728516,success
048796C27B3F80,0,"['Casa Giulietta', 'Arena']",Torre Lamberti,"['Sighseeing', 'Centro Fotografia', 'Museo Conte', 'Palazzo della Ragione', 'AMO']",Castelvecchio,strategy_nearest,False,0.003365039825439453,success
0487A3429C4C80,1,['Arena'],Casa Giulietta,"['Centro Fotografia', 'Sighseeing', 'Torre Lamberti', 'Museo Conte', 'Museo Radio']",Torre Lamberti,strategy_nearest,True,0.002507925033569336,success
0487A572743380,1,"['Arena', 'Museo Lapidario', 'Castelvecchio']",Torre Lamberti,"['Sighseeing', 'Centro Fotografia', 'Museo Conte', 'Casa Giulietta', 'Palazzo della Ragione']",Palazzo della Ragione,strategy_nearest,True,0.0027480125427246094,success
0487AC429C4C80,3,"['Arena', 'Casa Giulietta']",Torre Lamberti,"['Sighseeing', 'Centro Fotografia', 'Museo Conte', 'Palazzo della Ragione', 'AMO']",Santa Anastasia,strategy_nearest,False,0.0036728382110595703,success
0487B8429C4C80,0,['Arena'],Casa Giulietta,"['Centro Fotografia', 'Sighseeing', 'Torre Lamberti', 'Museo Conte', 'Museo Radio']",Torre Lamberti,strategy_nearest,True,0.0034160614013671875,success
0487A672743380,1,"['Arena', 'Casa Giulietta', 'Torre Lamberti', 'Palazzo della Ragione']",Tomba Giulietta,"['San Fermo', 'Museo Storia', 'Museo Lapidario', 'Museo Radio', 'Verona Tour']",Santa Anastasia,strategy_nearest,False,0.0027246475219726562,success
0487B4C27B3F80,3,"['Casa Giulietta', 'Torre Lamberti', 'Arena']",Tomba Giulietta,"['San Fermo', 'Museo Storia', 'Museo Lapidario', 'Museo Radio', 'Verona Tour']",Castelvecchio,strategy_nearest,False,0.002904176712036133,success
0487BD429C4C80,0,['Tomba Giulietta'],Arena,"['Verona Tour', 'Museo Lapidario', 'Museo Radio', 'San Fermo', 'Casa Giulietta']",Casa Giulietta,strategy_nearest,True,0.0015099048614501953,success
0487CE3A9C4C80,0,"['Santa Anastasia', 'Castelvecchio']",Arena,"['Verona Tour', 'Museo Lapidario', 'Museo Radio', 'San Fermo', 'Casa Giulietta']",Casa Giulietta,strategy_nearest,True,0.003267049789428711,success
0487C9429C4C80,1,"['Arena', 'Palazzo della Ragione']",Casa Giulietta,"['Centro Fotografia', 'Sighseeing', 'Torre Lamberti', 'Museo Conte', 'Museo Radio']",Santa Anastasia,strategy_nearest,False,0.003068208694458008,success
0487C0C27B3F80,3,"['Casa Giulietta', 'Arena']",Castelvecchio,"['Museo Lapidario', 'Verona Tour', 'Museo Radio', 'San Zeno', 'Sighseeing']",Santa Anastasia,strategy_nearest,False,0.002428293228149414,success
0487E4C27B3F80,3,"['Castelvecchio', 'Arena', 'Tomba Giulietta']",Museo Lapidario,"['Verona Tour', 'Museo Radio', 'San Fermo', 'Casa Giulietta', 'Sighseeing']",Casa Giulietta,strategy_nearest,True,0.0019421577453613281,success
0487D3C27B3F80,0,"['Casa Giulietta', 'Arena']",Torre Lamberti,"['Sighseeing', 'Centro Fotografia', 'Museo Conte', 'Palazzo della Ragione', 'AMO']",Castelvecchio,strategy_nearest,False,0.0025000572204589844,success
0487D8C27B3F80,3,"['Castelvecchio', 'Arena', 'Tomba Giulietta']",Museo Lapidario,"['Verona Tour', 'Museo Radio', 'San Fermo', 'Casa Giulietta', 'Sighseeing']",Casa Giulietta,strategy_nearest,True,0.003551006317138672,success
0487F0C27B3F80,3,['Casa Giulietta'],Santa Anastasia,"['AMO', 'Museo Conte', 'Palazzo della Ragione', 'Teatro Romano', 'Centro Fotografia']",Arena,strategy_nearest,False,0.0023698806762695312,success
0487DC3A9C4C80,3,"['Casa Giulietta', 'Torre Lamberti']",Castelvecchio,"['Museo Lapidario', 'Verona Tour', 'Arena', 'Museo Radio', 'San Zeno']",Arena,strategy_nearest,True,0.0028378963470458984,success
0487EBC27B3F80,3,['Casa Giulietta'],Santa Anastasia,"['AMO', 'Museo Conte', 'Palazzo della Ragione', 'Teatro Romano', 'Centro Fotografia']",Arena,strategy_nearest,False,0.003091096878051758,success
0487F1C27B3F80,3,['Casa Giulietta'],Santa Anastasia,"['AMO', 'Museo Conte', 'Palazzo della Ragione', 'Teatro Romano', 'Centro Fotografia']",Arena,strategy_nearest,False,0.00240325927734375,success
0487FCC27B3F80,1,"['Casa Giulietta', 'Arena', 'Castelvecchio']",Duomo,"['AMO', 'Museo Miniscalchi', 'Santa Anastasia', 'Teatro Romano', 'Palazzo della Ragione']",Santa Anastasia,strategy_nearest,True,0.002769947052001953,success
0487F33A9C4C80,1,"['Castelvecchio', 'San Zeno']",Arena,"['Verona Tour', 'Museo Lapidario', 'Museo Radio', 'San Fermo', 'Casa Giulietta']",Palazzo della Ragione,strategy_nearest,False,0.003635406494140625,success
0487FDC27B3F80,1,"['Casa Giulietta', 'Torre Lamberti', 'Palazzo della Ragione']",San Fermo,"['Museo Storia', 'Museo Radio', 'Centro Fotografia', 'Arena', 'Sighseeing']",Tomba Giulietta,strategy_nearest,False,0.003103017807006836,success
0487FE3A9C4C80,3,['Arena'],Torre Lamberti,"['Sighseeing', 'Centro Fotografia', 'Museo Conte', 'Casa Giulietta', 'Palazzo della Ragione']",Casa Giulietta,strategy_nearest,True,0.0029211044311523438,success
0488003A9C4C84,3,"['Arena', 'San Fermo']",Casa Giulietta,"['Centro Fotografia', 'Sighseeing', 'Torre Lamberti', 'Museo Conte', 'Museo Radio']",Santa Anastasia,strategy_nearest,False,0.0015938282012939453,success
048815C27B3F80,2,['Casa Giulietta'],Torre Lamberti,"['Sighseeing', 'Centro Fotografia', 'Museo Conte', 'Palazzo della Ragione', 'AMO']",Santa Anastasia,strategy_nearest,False,0.0036630630493164062,success
0488173A9C4C84,0,['Arena'],Casa Giulietta,"['Centro Fotografia', 'Sighseeing', 'Torre Lamberti', 'Museo Conte', 'Museo Radio']",Santa Anastasia,strategy_nearest,False,0.002079010009765625,success
048814429C4C84,1,['Arena'],Castelvecchio,"['Museo Lapidario', 'Verona Tour', 'Museo Radio', 'San Zeno', 'Sighseeing']",Torre Lamberti,strategy_nearest,False,0.0028562545776367188,success
048821C27B3F80,2,['Casa Giulietta'],Torre Lamberti,"['Sighseeing', 'Centro Fotografia', 'Museo Conte', 'Palazzo della Ragione', 'AMO']",Santa Anastasia,strategy_nearest,False,0.0022220611572265625,success
04881BC27B3F80,3,"['Arena', 'Torre Lamberti', 'San Fermo', 'Santa Anastasia']",Duomo,"['AMO', 'Museo Miniscalchi', 'Teatro Romano', 'Palazzo della Ragione', 'Museo Conte']",Tomba Giulietta,strategy_nearest,False,0.002849102020263672,success
04881AC27B3F80,3,"['Arena', 'Castelvecchio', 'Torre Lamberti']",Casa Giulietta,"['Centro Fotografia', 'Sighseeing', 'Museo Conte', 'Museo Radio', 'Palazzo della Ragione']",Tomba Giulietta,strategy_nearest,False,0.001734018325805664,success
048826C27B3F80,3,"['Arena', 'Castelvecchio', 'Torre Lamberti']",Casa Giulietta,"['Centro Fotografia', 'Sighseeing', 'Museo Conte', 'Museo Radio', 'Palazzo della Ragione']",Tomba Giulietta,strategy_nearest,False,0.003654956817626953,success
04882DC27B3F80,1,"['Arena', 'Casa Giulietta', 'Torre Lamberti', 'Palazzo della Ragione', 'Santa Anastasia']",Duomo,"['AMO', 'Museo Miniscalchi', 'Teatro Romano', 'Museo Conte', 'Centro Fotografia']",Tomba Giulietta,strategy_nearest,False,0.0017588138580322266,success
048832C27B3F80,0,"['Arena', 'Casa Giulietta']",Torre Lamberti,"['Sighseeing', 'Centro Fotografia', 'Museo Conte', 'Palazzo della Ragione', 'AMO']",Castelvecchio,strategy_nearest,False,0.0019230842590332031,success
048827C27B3F80,1,"['Arena', 'Casa Giulietta', 'Palazzo della Ragione']",Torre Lamberti,"['Sighseeing', 'Centro Fotografia', 'Museo Conte', 'AMO', 'Museo Miniscalchi']",Santa Anastasia,strategy_nearest,False,0.003645181655883789,success
048833C27B3F80,1,"['Arena', 'Casa Giulietta', 'Palazzo della Ragione']",Torre Lamberti,"['Sighseeing', 'Centro Fotografia', 'Museo Conte', 'AMO', 'Museo Miniscalchi']",Santa Anastasia,strategy_nearest,False,0.0025768280029296875,success
048838C27B3F80,3,"['Arena', 'Castelvecchio']",Torre Lamberti,"['Sighseeing', 'Centro Fotografia', 'Museo Conte', 'Casa Giulietta', 'Palazzo della Ragione']",Santa Anastasia,strategy_nearest,False,0.0026540756225585938,success
048839C27B3F80,1,"['Arena', 'Casa Giulietta', 'Torre Lamberti', 'Palazzo della Ragione']",Santa Anastasia,"['AMO', 'Museo Conte', 'Teatro Romano', 'Centro Fotografia', 'Duomo']",Duomo,strategy_nearest,True,0.0034072399139404297,success
04883EC27B3F80,0,"['Arena', 'Casa Giulietta']",Torre Lamberti,"['Sighseeing', 'Centro Fotografia', 'Museo Conte', 'Palazzo della Ragione', 'AMO']",Castelvecchio,strategy_nearest,False,0.002537965774536133,success
04883FC27B3F80,1,"['Torre Lamberti', 'Palazzo della Ragione']",Casa Giulietta,"['Centro Fotografia', 'Sighseeing', 'Museo Conte', 'Museo Radio', 'San Fermo']",Tomba Giulietta,strategy_nearest,False,0.002743959426879883,success
048842429C4C80,1,"['Arena', 'Torre Lamberti']",Palazzo della Ragione,"['AMO', 'Museo Conte', 'Centro Fotografia', 'Sighseeing', 'Santa Anastasia']",Casa Giulietta,strategy_nearest,False,0.0025298595428466797,success
048844C27B3F80,3,"['Arena', 'Castelvecchio']",Torre Lamberti,"['Sighseeing', 'Centro Fotografia', 'Museo Conte', 'Casa Giulietta', 'Palazzo della Ragione']",Santa Anastasia,strategy_nearest,False,0.002991914749145508,success
04884BC27B3F80,1,"['Torre Lamberti', 'Palazzo della Ragione']",Casa Giulietta,"['Centro Fotografia', 'Sighseeing', 'Museo Conte', 'Museo Radio', 'San Fermo']",Tomba Giulietta,strategy_nearest,False,0.0018808841705322266,success
048850C27B3F80,2,['Casa Giulietta'],Castelvecchio,"['Museo Lapidario', 'Verona Tour', 'Arena', 'Museo Radio', 'San Zeno']",Teatro Romano,strategy_nearest,False,0.0027408599853515625,success
04884AC27B3F80,3,"['Arena', 'Museo Lapidario']",Casa Giulietta,"['Centro Fotografia', 'Sighseeing', 'Torre Lamberti', 'Museo Conte', 'Museo Radio']",Castelvecchio,strategy_nearest,False,0.004079103469848633,success
048856C27B3F80,3,"['Arena', 'Museo Lapidario']",Casa Giulietta,"['Centro Fotografia', 'Sighseeing', 'Torre Lamberti', 'Museo Conte', 'Museo Radio']",Castelvecchio,strategy_nearest,False,0.0028340816497802734,success
048857C27B3F80,3,"['Castelvecchio', 'Torre Lamberti', 'Duomo']",Santa Anastasia,"['AMO', 'Museo Conte', 'Palazzo della Ragione', 'Teatro Romano', 'Centro Fotografia']",Casa Giulietta,strategy_nearest,False,0.0030050277709960938,success
0488773A9C4C80,3,"['Casa Giulietta', 'Santa Anastasia']",Duomo,"['AMO', 'Museo Miniscalchi', 'Teatro Romano', 'Palazzo della Ragione', 'Museo Conte']",Torre Lamberti,strategy_nearest,False,0.0023550987243652344,success
04885CC27B3F80,3,"['Arena', 'Torre Lamberti', 'San Fermo', 'Santa Anastasia']",Duomo,"['AMO', 'Museo Miniscalchi', 'Teatro Romano', 'Palazzo della Ragione', 'Museo Conte']",Tomba Giulietta,strategy_nearest,False,0.0031681060791015625,success
04887D429C4C80,3,"['Arena', 'Casa Giulietta']",Torre Lamberti,"['Sighseeing', 'Centro Fotografia', 'Museo Conte', 'Palazzo della Ragione', 'AMO']",Teatro Romano,strategy_nearest,False,0.0021576881408691406,success
04887D3A9C4C80,1,"['Arena', 'Palazzo della Ragione', 'Tomba Giulietta']",Casa Giulietta,"['Centro Fotografia', 'Sighseeing', 'Torre Lamberti', 'Museo Conte', 'Museo Radio']",Santa Anastasia,strategy_nearest,False,0.0028307437896728516,success
0488783A9C4C80,0,"['Casa Giulietta', 'Torre Lamberti']",Teatro Romano,"['Santa Anastasia', 'Duomo', 'AMO', 'Palazzo della Ragione', 'Museo Conte']",Arena,strategy_nearest,False,0.002193927764892578,success
04888C3A9C4C80,3,"['Arena', 'Castelvecchio']",Duomo,"['AMO', 'Museo Miniscalchi', 'Santa Anastasia', 'Teatro Romano', 'Palazzo della Ragione']",Santa Anastasia,strategy_nearest,True,0.003368854522705078,success
04888C429C4C80,0,['Arena'],Casa Giulietta,"['Centro Fotografia', 'Sighseeing', 'Torre Lamberti', 'Museo Conte', 'Museo Radio']",Torre Lamberti,strategy_nearest,True,0.0020799636840820312,success
0488AA429C4C80,1,"['Arena', 'Tomba Giulietta', 'Torre Lamberti']",Palazzo della Ragione,"['AMO', 'Museo Conte', 'Centro Fotografia', 'Sighseeing', 'Santa Anastasia']",Casa Giulietta,strategy_nearest,False,0.002724885940551758,success
0488A772743380,0,['Arena'],Casa Giulietta,"['Centro Fotografia', 'Sighseeing', 'Torre Lamberti', 'Museo Conte', 'Museo Radio']",Torre Lamberti,strategy_nearest,True,0.0021538734436035156,success
0488B2429C4C80,0,['Arena'],Casa Giulietta,"['Centro Fotografia', 'Sighseeing', 'Torre Lamberti', 'Museo Conte', 'Museo Radio']",Giardino Giusti,strategy_nearest,False,0.0029511451721191406,success
0488B63A9C4C80,1,"['Arena', 'Torre Lamberti', 'Palazzo della Ragione']",Santa Anastasia,"['AMO', 'Museo Conte', 'Teatro Romano', 'Centro Fotografia', 'Duomo']",Duomo,strategy_nearest,True,0.0019068717956542969,success
0488C1429C4C80,2,['Casa Giulietta'],Palazzo della Ragione,"['AMO', 'Museo Conte', 'Torre Lamberti', 'Centro Fotografia', 'Sighseeing']",Torre Lamberti,strategy_nearest,True,0.002889871597290039,success
0488C03A9C4C80,0,['Torre Lamberti'],Casa Giulietta,"['Centro Fotografia', 'Sighseeing', 'Museo Conte', 'Museo Radio', 'Palazzo della Ragione']",Arena,strategy_nearest,False,0.0026400089263916016,success
0488CC3A9C4C80,0,['Castelvecchio'],Casa Giulietta,"['Centro Fotografia', 'Sighseeing', 'Torre Lamberti', 'Museo Conte', 'Museo Radio']",Arena,strategy_nearest,False,0.0035910606384277344,success
0488E2C27B3F80,3,"['Arena', 'Santa Anastasia', 'Duomo']",Casa Giulietta,"['Centro Fotografia', 'Sighseeing', 'Torre Lamberti', 'Museo Conte', 'Museo Radio']",Castelvecchio,strategy_nearest,False,0.002960205078125,success
0489213A9C4C84,0,['Arena'],Casa Giulietta,"['Centro Fotografia', 'Sighseeing', 'Torre Lamberti', 'Museo Conte', 'Museo Radio']",Santa Anastasia,strategy_nearest,False,0.003438711166381836,success
0488FF3A9C4C80,0,['Arena'],Casa Giulietta,"['Centro Fotografia', 'Sighseeing', 'Torre Lamberti', 'Museo Conte', 'Museo Radio']",Museo Lapidario,strategy_nearest,False,0.0024127960205078125,success
0489153A9C4C84,0,['Arena'],Casa Giulietta,"['Centro Fotografia', 'Sighseeing', 'Torre Lamberti', 'Museo Conte', 'Museo Radio']",Torre Lamberti,strategy_nearest,True,0.0030279159545898438,success
048926C27B3F84,3,"['Arena', 'Casa Giulietta', 'Santa Anastasia']",Duomo,"['AMO', 'Museo Miniscalchi', 'Teatro Romano', 'Palazzo della Ragione', 'Museo Conte']",Castelvecchio,strategy_nearest,False,0.0018508434295654297,success
04893E3A9C4C80,1,"['Arena', 'Casa Giulietta']",Torre Lamberti,"['Sighseeing', 'Centro Fotografia', 'Museo Conte', 'Palazzo della Ragione', 'AMO']",Teatro Romano,strategy_nearest,False,0.0028781890869140625,success
048940429C4C80,3,"['Santa Anastasia', 'Torre Lamberti']",Casa Giulietta,"['Centro Fotografia', 'Sighseeing', 'Museo Conte', 'Museo Radio', 'Palazzo della Ragione']",Duomo,strategy_nearest,False,0.0018579959869384766,success
048942429C4C80,0,"['Tomba Giulietta', 'Teatro Romano']",Duomo,"['AMO', 'Museo Miniscalchi', 'Santa Anastasia', 'Palazzo della Ragione', 'Museo Conte']",Casa Giulietta,strategy_nearest,False,0.0030851364135742188,success
0489713A9C4C80,1,"['Arena', 'Casa Giulietta', 'Torre Lamberti']",Palazzo della Ragione,"['AMO', 'Museo Conte', 'Centro Fotografia', 'Sighseeing', 'Santa Anastasia']",Santa Anastasia,strategy_nearest,True,0.002274036407470703,success
04897E429C4C80,1,['Arena'],Torre Lamberti,"['Sighseeing', 'Centro Fotografia', 'Museo Conte', 'Casa Giulietta', 'Palazzo della Ragione']",Palazzo della Ragione,strategy_nearest,True,0.002117156982421875,success
048974429C4C80,3,"['Arena', 'Santa Anastasia']",Teatro Romano,"['Duomo', 'AMO', 'Palazzo della Ragione', 'Museo Conte', 'Centro Fotografia']",Duomo,strategy_nearest,True,0.0029230117797851562,success
04897A429C4C80,2,['Torre Lamberti'],Palazzo della Ragione,"['AMO', 'Museo Conte', 'Centro Fotografia', 'Sighseeing', 'Santa Anastasia']",Casa Giulietta,strategy_nearest,False,0.003487110137939453,success
04897F429C4C80,1,['Arena'],Palazzo della Ragione,"['AMO', 'Museo Conte', 'Torre Lamberti', 'Centro Fotografia', 'Sighseeing']",Torre Lamberti,strategy_nearest,True,0.003164052963256836,success
048984429C4C80,0,['Arena'],Casa Giulietta,"['Centro Fotografia', 'Sighseeing', 'Torre Lamberti', 'Museo Conte', 'Museo Radio']",Teatro Romano,strategy_nearest,False,0.0033490657806396484,success
04898E3A9C4C80,0,['Casa Giulietta'],Casa Giulietta,"['Centro Fotografia', 'Sighseeing', 'Torre Lamberti', 'Museo Conte', 'Museo Radio']",Torre Lamberti,strategy_nearest,True,0.0014100074768066406,success
048992429C4C80,3,"['Arena', 'Casa Giulietta']",Santa Anastasia,"['AMO', 'Museo Conte', 'Palazzo della Ragione', 'Teatro Romano', 'Centro Fotografia']",Teatro Romano,strategy_nearest,True,0.0029828548431396484,success
04898E4A9C4C80,1,['Arena'],Torre Lamberti,"['Sighseeing', 'Centro Fotografia', 'Museo Conte', 'Casa Giulietta', 'Palazzo della Ragione']",Palazzo della Ragione,strategy_nearest,True,0.004124164581298828,success
0489AD429C4C80,3,"['Castelvecchio', 'Arena']",Casa Giulietta,"['Centro Fotografia', 'Sighseeing', 'Torre Lamberti', 'Museo Conte', 'Museo Radio']",Torre Lamberti,strategy_nearest,True,0.002195119857788086,success
0489B9C27B3F80,3,"['Arena', 'Casa Giulietta']",Torre Lamberti,"['Sighseeing', 'Centro Fotografia', 'Museo Conte', 'Palazzo della Ragione', 'AMO']",Santa Anastasia,strategy_nearest,False,0.002544879913330078,success
0489B9429C4C80,0,['Tomba Giulietta'],Arena,"['Verona Tour', 'Museo Lapidario', 'Museo Radio', 'San Fermo', 'Casa Giulietta']",Casa Giulietta,strategy_nearest,True,0.0021448135375976562,success
0489BC429C4C80,3,"['Arena', 'Museo Lapidario']",Casa Giulietta,"['Centro Fotografia', 'Sighseeing', 'Torre Lamberti', 'Museo Conte', 'Museo Radio']",Santa Anastasia,strategy_nearest,False,0.003283977508544922,success
0489BE429C4C80,0,['Teatro Romano'],Torre Lamberti,"['Sighseeing', 'Centro Fotografia', 'Museo Conte', 'Casa Giulietta', 'Palazzo della Ragione']",Casa Giulietta,strategy_nearest,True,0.0029230117797851562,success
0489BFC27B3F80,1,"['Palazzo della Ragione', 'Torre Lamberti']",Castelvecchio,"['Museo Lapidario', 'Verona Tour', 'Arena', 'Museo Radio', 'San Zeno']",Casa Giulietta,strategy_nearest,False,0.0032629966735839844,success
0489BEC27B3F80,1,['Arena'],Casa Giulietta,"['Centro Fotografia', 'Sighseeing', 'Torre Lamberti', 'Museo Conte', 'Museo Radio']",Palazzo della Ragione,strategy_nearest,False,0.0026869773864746094,success
0489C13A9C4C80,1,['Palazzo della Ragione'],Torre Lamberti,"['Sighseeing', 'Centro Fotografia', 'Museo Conte', 'Casa Giulietta', 'AMO']",Duomo,strategy_nearest,False,0.0034618377685546875,success
0489C1429C4C80,0,['Arena'],San Fermo,"['Museo Storia', 'Museo Radio', 'Casa Giulietta', 'Centro Fotografia', 'Sighseeing']",Torre Lamberti,strategy_nearest,False,0.0034596920013427734,success
0489C33A9C4C80,1,"['Arena', 'Casa Giulietta']",Torre Lamberti,"['Sighseeing', 'Centro Fotografia', 'Museo Conte', 'Palazzo della Ragione', 'AMO']",Palazzo della Ragione,strategy_nearest,True,0.0026869773864746094,success
0489C2429C4C80,3,"['Arena', 'Casa Giulietta']",Torre Lamberti,"['Sighseeing', 'Centro Fotografia', 'Museo Conte', 'Palazzo della Ragione', 'AMO']",Santa Anastasia,strategy_nearest,False,0.0034329891204833984,success
0489C5429C4C80,3,"['Arena', 'Casa Giulietta']",Torre Lamberti,"['Sighseeing', 'Centro Fotografia', 'Museo Conte', 'Palazzo della Ragione', 'AMO']",Santa Anastasia,strategy_nearest,False,0.003068208694458008,success
0489CAC27B3F80,2,['Casa Giulietta'],Palazzo della Ragione,"['AMO', 'Museo Conte', 'Torre Lamberti', 'Centro Fotografia', 'Sighseeing']",Teatro Romano,strategy_nearest,False,0.0025708675384521484,success
0489CBC27B3F80,1,"['Palazzo della Ragione', 'Torre Lamberti']",Castelvecchio,"['Museo Lapidario', 'Verona Tour', 'Arena', 'Museo Radio', 'San Zeno']",Casa Giulietta,strategy_nearest,False,0.0033719539642333984,success
0489C5C27B3F80,1,"['Museo Lapidario', 'Arena', 'Teatro Romano', 'Santa Anastasia']",Casa Giulietta,"['Centro Fotografia', 'Sighseeing', 'Torre Lamberti', 'Museo Conte', 'Museo Radio']",Palazzo della Ragione,strategy_nearest,False,0.002624034881591797,success
0489D1C27B3F80,3,"['Arena', 'Casa Giulietta', 'Santa Anastasia', 'Duomo']",Torre Lamberti,"['Sighseeing', 'Centro Fotografia', 'Museo Conte', 'Palazzo della Ragione', 'AMO']",Castelvecchio,strategy_nearest,False,0.003042936325073242,success
0489D6C27B3F80,1,['Arena'],Casa Giulietta,"['Centro Fotografia', 'Sighseeing', 'Torre Lamberti', 'Museo Conte', 'Museo Radio']",Palazzo della Ragione,strategy_nearest,False,0.0026519298553466797,success
0489D7C27B3F80,1,"['Giardino Giusti', 'Palazzo della Ragione']",Casa Giulietta,"['Centro Fotografia', 'Sighseeing', 'Torre Lamberti', 'Museo Conte', 'Museo Radio']",Arena,strategy_nearest,False,0.002766847610473633,success
0489E3C27B3F80,1,"['Giardino Giusti', 'Palazzo della Ragione']",Casa Giulietta,"['Centro Fotografia', 'Sighseeing', 'Torre Lamberti', 'Museo Conte', 'Museo Radio']",Arena,strategy_nearest,False,0.0032608509063720703,success
0489DDC27B3F80,1,"['Casa Giulietta', 'Torre Lamberti']",Palazzo della Ragione,"['AMO', 'Museo Conte', 'Centro Fotografia', 'Sighseeing', 'Santa Anastasia']",Castelvecchio,strategy_nearest,False,0.0035588741302490234,success
0489E9C27B3F80,1,"['Casa Giulietta', 'Torre Lamberti']",Palazzo della Ragione,"['AMO', 'Museo Conte', 'Centro Fotografia', 'Sighseeing', 'Santa Anastasia']",Castelvecchio,strategy_nearest,False,0.0031540393829345703,success
048A0BC27B3F80,1,"['Castelvecchio', 'Palazzo della Ragione', 'Torre Lamberti']",Casa Giulietta,"['Centro Fotografia', 'Sighseeing', 'Museo Conte', 'Museo Radio', 'San Fermo']",Arena,strategy_nearest,False,0.002359628677368164,success
048A00C27B3F84,0,['Arena'],Casa Giulietta,"['Centro Fotografia', 'Sighseeing', 'Torre Lamberti', 'Museo Conte', 'Museo Radio']",Torre Lamberti,strategy_nearest,True,0.0025129318237304688,success
048A083A9C4C84,1,['Arena'],Casa Giulietta,"['Centro Fotografia', 'Sighseeing', 'Torre Lamberti', 'Museo Conte', 'Museo Radio']",Palazzo della Ragione,strategy_nearest,False,0.0030541419982910156,success
048A0CC27B3F80,3,"['Arena', 'San Zeno', 'San Zeno', 'Castelvecchio']",Casa Giulietta,"['Centro Fotografia', 'Sighseeing', 'Torre Lamberti', 'Museo Conte', 'Museo Radio']",San Fermo,strategy_nearest,False,0.002454042434692383,success
048A17C27B3F80,3,"['Castelvecchio', 'Arena', 'Santa Anastasia']",Casa Giulietta,"['Centro Fotografia', 'Sighseeing', 'Torre Lamberti', 'Museo Conte', 'Museo Radio']",Duomo,strategy_nearest,False,0.0025720596313476562,success
048A18C27B3F80,3,"['Castelvecchio', 'Arena', 'Casa Giulietta', 'Torre Lamberti']",Santa Anastasia,"['AMO', 'Museo Conte', 'Palazzo della Ragione', 'Teatro Romano', 'Centro Fotografia']",Teatro Romano,strategy_nearest,True,0.003123760223388672,success
048A11C27B3F80,1,"['Castelvecchio', 'Torre Lamberti']",Palazzo della Ragione,"['AMO', 'Museo Conte', 'Centro Fotografia', 'Sighseeing', 'Santa Anastasia']",Arena,strategy_nearest,False,0.0021250247955322266,success
048A1DC27B3F80,1,"['Castelvecchio', 'Torre Lamberti']",Palazzo della Ragione,"['AMO', 'Museo Conte', 'Centro Fotografia', 'Sighseeing', 'Santa Anastasia']",Arena,strategy_nearest,False,0.003367900848388672,success
048A1F3A9C4C84,0,['Casa Giulietta'],Arena,"['Verona Tour', 'Museo Lapidario', 'Museo Radio', 'San Fermo', 'Sighseeing']",Tomba Giulietta,strategy_nearest,False,0.001934051513671875,success
048A1E429C4C84,3,"['Casa Giulietta', 'Torre Lamberti', 'Santa Anastasia']",Teatro Romano,"['Duomo', 'AMO', 'Palazzo della Ragione', 'Museo Conte', 'Centro Fotografia']",Arena,strategy_nearest,False,0.0032291412353515625,success
048A23C27B3F80,3,"['Castelvecchio', 'Arena', 'Santa Anastasia']",Casa Giulietta,"['Centro Fotografia', 'Sighseeing', 'Torre Lamberti', 'Museo Conte', 'Museo Radio']",Duomo,strategy_nearest,False,0.002754688262939453,success
048A224A9C4C80,1,"['Castelvecchio', 'Arena']",Casa Giulietta,"['Centro Fotografia', 'Sighseeing', 'Torre Lamberti', 'Museo Conte', 'Museo Radio']",Torre Lamberti,strategy_nearest,True,0.0033512115478515625,success
048A29C27B3F80,3,"['Arena', 'San Zeno', 'Castelvecchio']",Casa Giulietta,"['Centro Fotografia', 'Sighseeing', 'Torre Lamberti', 'Museo Conte', 'Museo Radio']",San Fermo,strategy_nearest,False,0.002556324005126953,success
048A24C27B3F80,2,"['Castelvecchio', 'Casa Giulietta', 'Torre Lamberti']",Santa Anastasia,"['AMO', 'Museo Conte', 'Palazzo della Ragione', 'Teatro Romano', 'Centro Fotografia']",Teatro Romano,strategy_nearest,True,0.003936052322387695,success
048A2AC27B3F80,3,"['Arena', 'Teatro Romano']",Santa Anastasia,"['AMO', 'Museo Conte', 'Palazzo della Ragione', 'Centro Fotografia', 'Duomo']",Castelvecchio,strategy_nearest,False,0.0024509429931640625,success
048A2FC27B3F80,1,"['Arena', 'Castelvecchio', 'San Zeno', 'Casa Giulietta', 'Torre Lamberti']",Palazzo della Ragione,"['AMO', 'Museo Conte', 'Centro Fotografia', 'Sighseeing', 'Santa Anastasia']",Santa Anastasia,strategy_nearest,True,0.0023260116577148438,success
048A30C27B3F80,1,"['Castelvecchio', 'San Zeno', 'Museo Storia', 'Tomba Giulietta']",Arena,"['Verona Tour', 'Museo Lapidario', 'Museo Radio', 'San Fermo', 'Casa Giulietta']",Casa Giulietta,strategy_nearest,True,0.003187894821166992,success
048A36C27B3F80,1,"['Arena', 'San Zeno', 'Teatro Romano', 'Castelvecchio', 'Museo Lapidario']",Torre Lamberti,"['Sighseeing', 'Centro Fotografia', 'Museo Conte', 'Casa Giulietta', 'Palazzo della Ragione']",Casa Giulietta,strategy_nearest,True,0.002474069595336914,success
048A37429C4C80,1,"['Arena', 'Torre Lamberti']",Palazzo della Ragione,"['AMO', 'Museo Conte', 'Centro Fotografia', 'Sighseeing', 'Santa Anastasia']",Santa Anastasia,strategy_nearest,True,0.0023851394653320312,success
048A3A429C4C80,1,"['Torre Lamberti', 'Palazzo della Ragione']",Arena,"['Verona Tour', 'Museo Lapidario', 'Museo Radio', 'San Fermo', 'Casa Giulietta']",Casa Giulietta,strategy_nearest,True,0.0027680397033691406,success
048A3BC27B3F80,1,"['Arena', 'Castelvecchio', 'San Zeno', 'Casa Giulietta', 'Torre Lamberti']",Palazzo della Ragione,"['AMO', 'Museo Conte', 'Centro Fotografia', 'Sighseeing', 'Santa Anastasia']",Santa Anastasia,strategy_nearest,True,0.0024750232696533203,success
048A3C3A9C4C80,0,['Arena'],Casa Giulietta,"['Centro Fotografia', 'Sighseeing', 'Torre Lamberti', 'Museo Conte', 'Museo Radio']",Torre Lamberti,strategy_nearest,True,0.0030450820922851562,success
048A5AC27B3F80,1,"['Castelvecchio', 'Torre Lamberti', 'Palazzo della Ragione']",Santa Anastasia,"['AMO', 'Museo Conte', 'Teatro Romano', 'Centro Fotografia', 'Duomo']",Casa Giulietta,strategy_nearest,False,0.003341197967529297,success
048A403A9C4C80,0,['Arena'],Casa Giulietta,"['Centro Fotografia', 'Sighseeing', 'Torre Lamberti', 'Museo Conte', 'Museo Radio']",Torre Lamberti,strategy_nearest,True,0.0041828155517578125,success
048A41429C4C80,1,['Arena'],Casa Giulietta,"['Centro Fotografia', 'Sighseeing', 'Torre Lamberti', 'Museo Conte', 'Museo Radio']",Palazzo della Ragione,strategy_nearest,False,0.002171039581298828,success
048A5FC27B3F80,1,"['Castelvecchio', 'San Zeno', 'San Fermo']",Arena,"['Verona Tour', 'Museo Lapidario', 'Museo Radio', 'Casa Giulietta', 'Sighseeing']",Torre Lamberti,strategy_nearest,False,0.003223896026611328,success
048A60C27B3F80,3,"['Arena', 'Tomba Giulietta', 'San Fermo', 'Duomo']",Santa Anastasia,"['AMO', 'Museo Conte', 'Palazzo della Ragione', 'Teatro Romano', 'Centro Fotografia']",Casa Giulietta,strategy_nearest,False,0.0019228458404541016,success
048A65C27B3F80,3,"['Arena', 'San Zeno', 'Casa Giulietta']",Torre Lamberti,"['Sighseeing', 'Centro Fotografia', 'Museo Conte', 'Palazzo della Ragione', 'AMO']",Teatro Romano,strategy_nearest,False,0.0026731491088867188,success
048A713A9C4C80,0,['Tomba Giulietta'],Arena,"['Verona Tour', 'Museo Lapidario', 'Museo Radio', 'San Fermo', 'Casa Giulietta']",Casa Giulietta,strategy_nearest,True,0.0027990341186523438,success
048A74429C4C80,3,"['Arena', 'Casa Giulietta']",Torre Lamberti,"['Sighseeing', 'Centro Fotografia', 'Museo Conte', 'Palazzo della Ragione', 'AMO']",Santa Anastasia,strategy_nearest,False,0.003125905990600586,success
048A79429C4C80,2,"['Teatro Romano', 'Santa Anastasia']",Casa Giulietta,"['Centro Fotografia', 'Sighseeing', 'Torre Lamberti', 'Museo Conte', 'Museo Radio']",Palazzo della Ragione,strategy_nearest,False,0.0025987625122070312,success
048A86429C4C80,0,['Arena'],Casa Giulietta,"['Centro Fotografia', 'Sighseeing', 'Torre Lamberti', 'Museo Conte', 'Museo Radio']",Duomo,strategy_nearest,False,0.0020711421966552734,success
048A80429C4C80,3,"['Arena', 'Torre Lamberti', 'Casa Giulietta']",Santa Anastasia,"['AMO', 'Museo Conte', 'Palazzo della Ragione', 'Teatro Romano', 'Centro Fotografia']",Castelvecchio,strategy_nearest,False,0.0035429000854492188,success
048A8F429C4C80,0,['Arena'],Castelvecchio,"['Museo Lapidario', 'Verona Tour', 'Museo Radio', 'San Zeno', 'Sighseeing']",Teatro Romano,strategy_nearest,False,0.0028090476989746094,success
048A87429C4C80,3,"['Torre Lamberti', 'Santa Anastasia']",Duomo,"['AMO', 'Museo Miniscalchi', 'Teatro Romano', 'Palazzo della Ragione', 'Museo Conte']",Arena,strategy_nearest,False,0.0035321712493896484,success
048A934A9C4C80,3,['Arena'],Casa Giulietta,"['Centro Fotografia', 'Sighseeing', 'Torre Lamberti', 'Museo Conte', 'Museo Radio']",Santa Anastasia,strategy_nearest,False,0.00269317626953125,success
048AA7C27B3F80,3,"['Torre Lamberti', 'Arena']",Castelvecchio,"['Museo Lapidario', 'Verona Tour', 'Museo Radio', 'San Zeno', 'Sighseeing']",Santa Anastasia,strategy_nearest,False,0.0031023025512695312,success
048AA8C27B3F80,3,"['Torre Lamberti', 'Arena', 'Casa Giulietta', 'Santa Anastasia']",Duomo,"['AMO', 'Museo Miniscalchi', 'Teatro Romano', 'Palazzo della Ragione', 'Museo Conte']",Tomba Giulietta,strategy_nearest,False,0.00310516357421875,success
048AAD429C4C80,3,"['Arena', 'Casa Giulietta']",Torre Lamberti,"['Sighseeing', 'Centro Fotografia', 'Museo Conte', 'Palazzo della Ragione', 'AMO']",Santa Anastasia,strategy_nearest,False,0.0019528865814208984,success
048AAA429C4C80,3,"['Tomba Giulietta', 'Casa Giulietta']",Torre Lamberti,"['Sighseeing', 'Centro Fotografia', 'Museo Conte', 'Palazzo della Ragione', 'AMO']",Santa Anastasia,strategy_nearest,False,0.0019452571868896484,success
048AB5429C4C80,2,['Castelvecchio'],Casa Giulietta,"['Centro Fotografia', 'Sighseeing', 'Torre Lamberti', 'Museo Conte', 'Museo Radio']",Torre Lamberti,strategy_nearest,True,0.002065896987915039,success
048AADC27B3F80,0,['Arena'],Castelvecchio,"['Museo Lapidario', 'Verona Tour', 'Museo Radio', 'San Zeno', 'Sighseeing']",Casa Giulietta,strategy_nearest,False,0.0031070709228515625,success
048AB3C27B3F80,3,"['Teatro Romano', 'Santa Anastasia', 'Casa Giulietta']",San Fermo,"['Museo Storia', 'Museo Radio', 'Centro Fotografia', 'Arena', 'Sighseeing']",Torre Lamberti,strategy_nearest,False,0.0035648345947265625,success
048AB7C27B3F80,3,"['Arena', 'Torre Lamberti']",Santa Anastasia,"['AMO', 'Museo Conte', 'Palazzo della Ragione', 'Teatro Romano', 'Centro Fotografia']",Duomo,strategy_nearest,False,0.003448009490966797,success
048ABD429C4C80,3,"['Arena', 'Torre Lamberti']",Casa Giulietta,"['Centro Fotografia', 'Sighseeing', 'Museo Conte', 'Museo Radio', 'Palazzo della Ragione']",Santa Anastasia,strategy_nearest,False,0.0027010440826416016,success
048AB93A9C4C80,0,"['Casa Giulietta', 'Torre Lamberti']",Teatro Romano,"['Santa Anastasia', 'Duomo', 'AMO', 'Palazzo della Ragione', 'Museo Conte']",Tomba Giulietta,strategy_nearest,False,0.0027680397033691406,success
048ABEC27B3F80,0,['Torre Lamberti'],Arena,"['Verona Tour', 'Museo Lapidario', 'Museo Radio', 'San Fermo', 'Casa Giulietta']",Castelvecchio,strategy_nearest,False,0.0032341480255126953,success
048ABFC27B3F80,0,['Arena'],Castelvecchio,"['Museo Lapidario', 'Verona Tour', 'Museo Radio', 'San Zeno', 'Sighseeing']",Casa Giulietta,strategy_nearest,False,0.0021800994873046875,success
048ACAC27B3F80,3,"['Teatro Romano', 'Santa Anastasia', 'Casa Giulietta']",San Fermo,"['Museo Storia', 'Museo Radio', 'Centro Fotografia', 'Arena', 'Sighseeing']",Castelvecchio,strategy_nearest,False,0.0026717185974121094,success
048AD6C27B3F80,0,['Arena'],Casa Giulietta,"['Centro Fotografia', 'Sighseeing', 'Torre Lamberti', 'Museo Conte', 'Museo Radio']",Duomo,strategy_nearest,False,0.0028400421142578125,success
048AC4C27B3F80,0,['Arena'],Casa Giulietta,"['Centro Fotografia', 'Sighseeing', 'Torre Lamberti', 'Museo Conte', 'Museo Radio']",Torre Lamberti,strategy_nearest,True,0.002766132354736328,success
048AD7C27B3F80,1,"['Arena', 'Casa Giulietta', 'Santa Anastasia']",Palazzo della Ragione,"['AMO', 'Museo Conte', 'Torre Lamberti', 'Centro Fotografia', 'Sighseeing']",Castelvecchio,strategy_nearest,False,0.0012290477752685547,success
048AD93A9C4C80,0,['Arena'],Casa Giulietta,"['Centro Fotografia', 'Sighseeing', 'Torre Lamberti', 'Museo Conte', 'Museo Radio']",Torre Lamberti,strategy_nearest,True,0.002543210983276367,success
048AE2C27B3F80,0,['Arena'],Casa Giulietta,"['Centro Fotografia', 'Sighseeing', 'Torre Lamberti', 'Museo Conte', 'Museo Radio']",Duomo,strategy_nearest,False,0.0028929710388183594,success
048ADCC27B3F80,3,"['Castelvecchio', 'Tomba Giulietta', 'Arena']",San Fermo,"['Museo Storia', 'Museo Radio', 'Casa Giulietta', 'Centro Fotografia', 'Sighseeing']",Casa Giulietta,strategy_nearest,True,0.003933906555175781,success
048AE3C27B3F80,3,"['Arena', 'San Zeno']",Casa Giulietta,"['Centro Fotografia', 'Sighseeing', 'Torre Lamberti', 'Museo Conte', 'Museo Radio']",Santa Anastasia,strategy_nearest,False,0.0025179386138916016,success
048AE8C27B3F80,3,"['Arena', 'Casa Giulietta', 'Museo Lapidario']",Castelvecchio,"['Verona Tour', 'Museo Radio', 'San Zeno', 'Sighseeing', 'Museo Miniscalchi']",Torre Lamberti,strategy_nearest,False,0.002500772476196289,success
048AEEC27B3F80,3,"['Arena', 'Castelvecchio', 'Torre Lamberti']",Casa Giulietta,"['Centro Fotografia', 'Sighseeing', 'Museo Conte', 'Museo Radio', 'Palazzo della Ragione']",Duomo,strategy_nearest,False,0.0018429756164550781,success
048AEFC27B3F80,3,"['Arena', 'Casa Giulietta', 'Museo Lapidario']",Castelvecchio,"['Verona Tour', 'Museo Radio', 'San Zeno', 'Sighseeing', 'Museo Miniscalchi']",Torre Lamberti,strategy_nearest,False,0.002595186233520508,success
048AFAC27B3F80,3,"['Arena', 'Castelvecchio', 'Torre Lamberti']",Casa Giulietta,"['Centro Fotografia', 'Sighseeing', 'Museo Conte', 'Museo Radio', 'Palazzo della Ragione']",Duomo,strategy_nearest,False,0.0020380020141601562,success
048AFBC27B3F80,2,"['Casa Giulietta', 'Duomo']",Castelvecchio,"['Museo Lapidario', 'Verona Tour', 'Arena', 'Museo Radio', 'San Zeno']",Tomba Giulietta,strategy_nearest,False,0.0036711692810058594,success
048AF4C27B3F80,3,"['Santa Anastasia', 'Duomo', 'Arena']",Casa Giulietta,"['Centro Fotografia', 'Sighseeing', 'Torre Lamberti', 'Museo Conte', 'Museo Radio']",Teatro Romano,strategy_nearest,False,0.0038242340087890625,success
048B0A429C4C80,1,"['Arena', 'Casa Giulietta', 'Santa Anastasia', 'Castelvecchio']",Teatro Romano,"['Duomo', 'AMO', 'Palazzo della Ragione', 'Museo Conte', 'Centro Fotografia']",Duomo,strategy_nearest,True,0.002079010009765625,success
048B10429C4C80,0,['Torre Lamberti'],Duomo,"['AMO', 'Museo Miniscalchi', 'Santa Anastasia', 'Teatro Romano', 'Palazzo della Ragione']",Arena,strategy_nearest,False,0.0015900135040283203,success
048B0FC27B3F80,1,"['San Zeno', 'Castelvecchio']",Arena,"['Verona Tour', 'Museo Lapidario', 'Museo Radio', 'San Fermo', 'Casa Giulietta']",Casa Giulietta,strategy_nearest,True,0.0022809505462646484,success
048B10C27B3F80,3,"['Duomo', 'Teatro Romano', 'Santa Anastasia', 'Torre Lamberti']",Casa Giulietta,"['Centro Fotografia', 'Sighseeing', 'Museo Conte', 'Museo Radio', 'Palazzo della Ragione']",Castelvecchio,strategy_nearest,False,0.0033757686614990234,success
048B11C27B3F84,1,"['Torre Lamberti', 'Palazzo della Ragione', 'Casa Giulietta']",Castelvecchio,"['Museo Lapidario', 'Verona Tour', 'Arena', 'Museo Radio', 'San Zeno']",Arena,strategy_nearest,True,0.0019273757934570312,success
048B0D429C4C84,0,['Arena'],Casa Giulietta,"['Centro Fotografia', 'Sighseeing', 'Torre Lamberti', 'Museo Conte', 'Museo Radio']",Santa Anastasia,strategy_nearest,False,0.002919912338256836,success
048B123A9C4C84,0,['Castelvecchio'],Arena,"['Verona Tour', 'Museo Lapidario', 'Museo Radio', 'San Fermo', 'Casa Giulietta']",Torre Lamberti,strategy_nearest,False,0.002019643783569336,success
048B16C27B3F80,1,"['Castelvecchio', 'Palazzo della Ragione', 'Torre Lamberti']",Casa Giulietta,"['Centro Fotografia', 'Sighseeing', 'Museo Conte', 'Museo Radio', 'San Fermo']",Arena,strategy_nearest,False,0.0018286705017089844,success
048B143A9C4C84,3,"['Arena', 'Casa Giulietta']",Torre Lamberti,"['Sighseeing', 'Centro Fotografia', 'Museo Conte', 'Palazzo della Ragione', 'AMO']",Santa Anastasia,strategy_nearest,False,0.0030531883239746094,success
048B1A3A9C4C84,3,['Torre Lamberti'],Arena,"['Verona Tour', 'Museo Lapidario', 'Museo Radio', 'San Fermo', 'Casa Giulietta']",San Fermo,strategy_nearest,True,0.002524852752685547,success
048B1BC27B3F80,1,"['San Zeno', 'Castelvecchio', 'Arena']",Casa Giulietta,"['Centro Fotografia', 'Sighseeing', 'Torre Lamberti', 'Museo Conte', 'Museo Radio']",Torre Lamberti,strategy_nearest,True,0.0023491382598876953,success
048B1CC27B3F80,3,"['Duomo', 'Teatro Romano', 'Santa Anastasia', 'Torre Lamberti']",Casa Giulietta,"['Centro Fotografia', 'Sighseeing', 'Museo Conte', 'Museo Radio', 'Palazzo della Ragione']",Castelvecchio,strategy_nearest,False,0.003170013427734375,success
048B22C27B3F80,0,"['Casa Giulietta', 'Torre Lamberti']",Castelvecchio,"['Museo Lapidario', 'Verona Tour', 'Arena', 'Museo Radio', 'San Zeno']",Teatro Romano,strategy_nearest,False,0.002140045166015625,success
048B21C27B3F80,3,"['Arena', 'Tomba Giulietta', 'San Fermo', 'Duomo']",Santa Anastasia,"['AMO', 'Museo Conte', 'Palazzo della Ragione', 'Teatro Romano', 'Centro Fotografia']",Casa Giulietta,strategy_nearest,False,0.0035440921783447266,success
048B27C27B3F80,0,['Castelvecchio'],San Fermo,"['Museo Storia', 'Museo Radio', 'Casa Giulietta', 'Centro Fotografia', 'Arena']",Arena,strategy_nearest,True,0.0032949447631835938,success
048B28C27B3F80,3,"['Arena', 'Torre Lamberti']",Casa Giulietta,"['Centro Fotografia', 'Sighseeing', 'Museo Conte', 'Museo Radio', 'Palazzo della Ragione']",Castelvecchio,strategy_nearest,False,0.0026297569274902344,success
048B2EC27B3F80,0,"['Castelvecchio', 'Casa Giulietta']",Arena,"['Verona Tour', 'Museo Lapidario', 'Museo Radio', 'San Fermo', 'Sighseeing']",Torre Lamberti,strategy_nearest,False,0.002736806869506836,success
048B2DC27B3F80,3,"['Arena', 'Torre Lamberti']",Santa Anastasia,"['AMO', 'Museo Conte', 'Palazzo della Ragione', 'Teatro Romano', 'Centro Fotografia']",Castelvecchio,strategy_nearest,False,0.0018858909606933594,success
048B33C27B3F80,1,"['Castelvecchio', 'Torre Lamberti', 'Palazzo della Ragione']",Santa Anastasia,"['AMO', 'Museo Conte', 'Teatro Romano', 'Centro Fotografia', 'Duomo']",Casa Giulietta,strategy_nearest,False,0.00339508056640625,success
048B40C27B3F80,3,"['Arena', 'Tomba Giulietta', 'San Zeno', 'Castelvecchio']",Casa Giulietta,"['Centro Fotografia', 'Sighseeing', 'Torre Lamberti', 'Museo Conte', 'Museo Radio']",Torre Lamberti,strategy_nearest,True,0.002565145492553711,success
048B45C27B3F80,3,"['Arena', 'Tomba Giulietta', 'San Fermo', 'Duomo']",Santa Anastasia,"['AMO', 'Museo Conte', 'Palazzo della Ragione', 'Teatro Romano', 'Centro Fotografia']",Casa Giulietta,strategy_nearest,False,0.002618074417114258,success
048B463A9C4C80,0,['Casa Giulietta'],Torre Lamberti,"['Sighseeing', 'Centro Fotografia', 'Museo Conte', 'Palazzo della Ragione', 'AMO']",Arena,strategy_nearest,False,0.0025069713592529297,success
048B46C27B3F80,0,"['Casa Giulietta', 'Torre Lamberti']",Castelvecchio,"['Museo Lapidario', 'Verona Tour', 'Arena', 'Museo Radio', 'San Zeno']",Teatro Romano,strategy_nearest,False,0.0026700496673583984,success
048B4BC27B3F80,1,"['Castelvecchio', 'Arena']",San Zeno,"['Verona Tour', 'Museo Lapidario', 'Museo Miniscalchi', 'Sighseeing', 'Museo Radio']",Casa Giulietta,strategy_nearest,False,0.002877950668334961,success
048B4CC27B3F80,3,"['Arena', 'Tomba Giulietta', 'Castelvecchio']",Casa Giulietta,"['Centro Fotografia', 'Sighseeing', 'Torre Lamberti', 'Museo Conte', 'Museo Radio']",Torre Lamberti,strategy_nearest,True,0.0029730796813964844,success
048B51C27B3F80,3,"['Arena', 'Torre Lamberti']",Santa Anastasia,"['AMO', 'Museo Conte', 'Palazzo della Ragione', 'Teatro Romano', 'Centro Fotografia']",Castelvecchio,strategy_nearest,False,0.0036890506744384766,success
048B52C27B3F80,0,"['Castelvecchio', 'Casa Giulietta']",Arena,"['Verona Tour', 'Museo Lapidario', 'Museo Radio', 'San Fermo', 'Sighseeing']",Torre Lamberti,strategy_nearest,False,0.002733945846557617,success
048B66429C4C80,1,"['Casa Giulietta', 'Torre Lamberti']",Palazzo della Ragione,"['AMO', 'Museo Conte', 'Centro Fotografia', 'Sighseeing', 'Santa Anastasia']",Arena,strategy_nearest,False,0.002009153366088867,success
048B57C27B3F80,1,"['Castelvecchio', 'Arena']",San Zeno,"['Verona Tour', 'Museo Lapidario', 'Museo Miniscalchi', 'Sighseeing', 'Museo Radio']",Casa Giulietta,strategy_nearest,False,0.005980968475341797,success
048B5DC27B3F80,1,"['Arena', 'Casa Giulietta', 'Palazzo della Ragione']",Duomo,"['AMO', 'Museo Miniscalchi', 'Santa Anastasia', 'Teatro Romano', 'Museo Conte']",Teatro Romano,strategy_nearest,True,0.003531932830810547,success
048B73429C4C80,0,"['Arena', 'Torre Lamberti']",Casa Giulietta,"['Centro Fotografia', 'Sighseeing', 'Museo Conte', 'Museo Radio', 'Palazzo della Ragione']",Duomo,strategy_nearest,False,0.0022971630096435547,success
048B75C27B3F80,3,"['Arena', 'San Zeno', 'Casa Giulietta']",Torre Lamberti,"['Sighseeing', 'Centro Fotografia', 'Museo Conte', 'Palazzo della Ragione', 'AMO']",Santa Anastasia,strategy_nearest,False,0.0018849372863769531,success
048B78429C4C80,0,"['Torre Lamberti', 'Arena']",Castelvecchio,"['Museo Lapidario', 'Verona Tour', 'Museo Radio', 'San Zeno', 'Sighseeing']",Casa Giulietta,strategy_nearest,False,0.0024089813232421875,success
048B7F3A9C4C80,3,['Arena'],Castelvecchio,"['Museo Lapidario', 'Verona Tour', 'Museo Radio', 'San Zeno', 'Sighseeing']",San Zeno,strategy_nearest,True,0.0025718212127685547,success
048B7D429C4C80,4,"['Torre Lamberti', 'Palazzo della Ragione', 'Casa Giulietta']",Arena,"['Verona Tour', 'Museo Lapidario', 'Museo Radio', 'San Fermo', 'Sighseeing']",Castelvecchio,strategy_nearest,False,0.0036079883575439453,success
048B834A9C4C80,3,"['Arena', 'Casa Giulietta']",Santa Anastasia,"['AMO', 'Museo Conte', 'Palazzo della Ragione', 'Teatro Romano', 'Centro Fotografia']",Duomo,strategy_nearest,False,0.0017361640930175781,success
048B7F429C4C80,3,"['Arena', 'Torre Lamberti', 'Casa Giulietta']",Castelvecchio,"['Museo Lapidario', 'Verona Tour', 'Museo Radio', 'San Zeno', 'Sighseeing']",Duomo,strategy_nearest,False,0.0027129650115966797,success
048B893A9C4C80,0,"['Teatro Romano', 'Torre Lamberti']",Casa Giulietta,"['Centro Fotografia', 'Sighseeing', 'Museo Conte', 'Museo Radio', 'Palazzo della Ragione']",Arena,strategy_nearest,False,0.003185272216796875,success
048B8F4A9C4C80,1,"['Arena', 'Palazzo della Ragione']",Torre Lamberti,"['Sighseeing', 'Centro Fotografia', 'Museo Conte', 'Casa Giulietta', 'AMO']",Casa Giulietta,strategy_nearest,True,0.003715038299560547,success
048BA672743380,0,"['Arena', 'Castelvecchio']",Tomba Giulietta,"['San Fermo', 'Museo Storia', 'Museo Lapidario', 'Museo Radio', 'Verona Tour']",Teatro Romano,strategy_nearest,False,0.002123117446899414,success
048BA772743380,4,"['Arena', 'Museo Lapidario', 'San Fermo', 'Casa Giulietta', 'Santa Anastasia']",Torre Lamberti,"['Sighseeing', 'Centro Fotografia', 'Museo Conte', 'Palazzo della Ragione', 'AMO']",San Zeno,strategy_nearest,False,0.0027070045471191406,success
048BA24A9C4C80,0,['Casa Giulietta'],Arena,"['Verona Tour', 'Museo Lapidario', 'Museo Radio', 'San Fermo', 'Sighseeing']",Torre Lamberti,strategy_nearest,False,0.003638029098510742,success
048BB7429C4C80,1,"['Castelvecchio', 'San Zeno', 'Teatro Romano', 'Santa Anastasia']",Torre Lamberti,"['Sighseeing', 'Centro Fotografia', 'Museo Conte', 'Casa Giulietta', 'Palazzo della Ragione']",Palazzo della Ragione,strategy_nearest,True,0.002988100051879883,success
048BBF429C4C80,1,"['Arena', 'Castelvecchio']",Torre Lamberti,"['Sighseeing', 'Centro Fotografia', 'Museo Conte', 'Casa Giulietta', 'Palazzo della Ragione']",Palazzo della Ragione,strategy_nearest,True,0.0034418106079101562,success
048BBD3A9C4C80,0,['Castelvecchio'],Casa Giulietta,"['Centro Fotografia', 'Sighseeing', 'Torre Lamberti', 'Museo Conte', 'Museo Radio']",Arena,strategy_nearest,False,0.002880096435546875,success
048BB53A9C4C80,0,['Duomo'],Casa Giulietta,"['Centro Fotografia', 'Sighseeing', 'Torre Lamberti', 'Museo Conte', 'Museo Radio']",Arena,strategy_nearest,False,0.002886056900024414,success
048BE73A9C4C80,1,"['Castelvecchio', 'Arena', 'Casa Giulietta']",Torre Lamberti,"['Sighseeing', 'Centro Fotografia', 'Museo Conte', 'Palazzo della Ragione', 'AMO']",Palazzo della Ragione,strategy_nearest,True,0.0021448135375976562,success
048BC5429C4C80,0,['Casa Giulietta'],Torre Lamberti,"['Sighseeing', 'Centro Fotografia', 'Museo Conte', 'Palazzo della Ragione', 'AMO']",Arena,strategy_nearest,False,0.0013971328735351562,success
048BFE3A9C4C80,0,['Arena'],Castelvecchio,"['Museo Lapidario', 'Verona Tour', 'Museo Radio', 'San Zeno', 'Sighseeing']",Casa Giulietta,strategy_nearest,False,0.002767801284790039,success
048C053A9C4C84,1,"['Arena', 'Casa Giulietta', 'Torre Lamberti']",Palazzo della Ragione,"['AMO', 'Museo Conte', 'Centro Fotografia', 'Sighseeing', 'Santa Anastasia']",Santa Anastasia,strategy_nearest,True,0.0036590099334716797,success
048C17429C4C80,0,['Teatro Romano'],Arena,"['Verona Tour', 'Museo Lapidario', 'Museo Radio', 'San Fermo', 'Casa Giulietta']",Castelvecchio,strategy_nearest,False,0.0026738643646240234,success
048C183A9C4C84,0,['Arena'],Casa Giulietta,"['Centro Fotografia', 'Sighseeing', 'Torre Lamberti', 'Museo Conte', 'Museo Radio']",Torre Lamberti,strategy_nearest,True,0.0034830570220947266,success
048C1B429C4C84,3,"['Arena', 'Museo Lapidario']",Castelvecchio,"['Verona Tour', 'Museo Radio', 'San Zeno', 'Sighseeing', 'Museo Miniscalchi']",Santa Anastasia,strategy_nearest,False,0.0027811527252197266,success
048C1F3A9C4C84,0,"['Torre Lamberti', 'Casa Giulietta', 'San Fermo']",San Zeno,"['Castelvecchio', 'Verona Tour', 'Museo Lapidario', 'Arena', 'Museo Miniscalchi']",Castelvecchio,strategy_nearest,True,0.0031800270080566406,success
048C333A9C4C80,0,['Arena'],Casa Giulietta,"['Centro Fotografia', 'Sighseeing', 'Torre Lamberti', 'Museo Conte', 'Museo Radio']",Torre Lamberti,strategy_nearest,True,0.0023353099822998047,success
048C3F3A9C4C80,3,['Arena'],Torre Lamberti,"['Sighseeing', 'Centro Fotografia', 'Museo Conte', 'Casa Giulietta', 'Palazzo della Ragione']",Santa Anastasia,strategy_nearest,False,0.0020852088928222656,success
048C34429C4C80,2,['Casa Giulietta'],Torre Lamberti,"['Sighseeing', 'Centro Fotografia', 'Museo Conte', 'Palazzo della Ragione', 'AMO']",Teatro Romano,strategy_nearest,False,0.002723217010498047,success
048C4DC27B3F80,1,"['Arena', 'Castelvecchio', 'San Zeno', 'Casa Giulietta']",Torre Lamberti,"['Sighseeing', 'Centro Fotografia', 'Museo Conte', 'Palazzo della Ragione', 'AMO']",Palazzo della Ragione,strategy_nearest,True,0.0028679370880126953,success
048C43429C4C80,0,['Arena'],Casa Giulietta,"['Centro Fotografia', 'Sighseeing', 'Torre Lamberti', 'Museo Conte', 'Museo Radio']",Castelvecchio,strategy_nearest,False,0.003427267074584961,success
048C783A9C4C80,1,"['Arena', 'Tomba Giulietta']",Casa Giulietta,"['Centro Fotografia', 'Sighseeing', 'Torre Lamberti', 'Museo Conte', 'Museo Radio']",Torre Lamberti,strategy_nearest,True,0.0028438568115234375,success
048C65429C4C80,3,"['Arena', 'Castelvecchio', 'Torre Lamberti']",Casa Giulietta,"['Centro Fotografia', 'Sighseeing', 'Museo Conte', 'Museo Radio', 'Palazzo della Ragione']",Santa Anastasia,strategy_nearest,False,0.003679990768432617,success
048C7D429C4C80,1,"['Arena', 'Casa Giulietta', 'Duomo']",Teatro Romano,"['Santa Anastasia', 'AMO', 'Palazzo della Ragione', 'Museo Conte', 'Centro Fotografia']",San Fermo,strategy_nearest,False,0.0028040409088134766,success
048C7D3A9C4C80,3,"['Teatro Romano', 'Duomo', 'Santa Anastasia']",Torre Lamberti,"['Sighseeing', 'Centro Fotografia', 'Museo Conte', 'Casa Giulietta', 'Palazzo della Ragione']",Casa Giulietta,strategy_nearest,True,0.004147052764892578,success
048C80429C4C80,0,['Santa Anastasia'],Casa Giulietta,"['Centro Fotografia', 'Sighseeing', 'Torre Lamberti', 'Museo Conte', 'Museo Radio']",Arena,strategy_nearest,False,0.0023648738861083984,success
048C804A9C4C80,0,['Arena'],Torre Lamberti,"['Sighseeing', 'Centro Fotografia', 'Museo Conte', 'Casa Giulietta', 'Palazzo della Ragione']",Casa Giulietta,strategy_nearest,True,0.0021049976348876953,success
048C84C27B3F80,3,"['Castelvecchio', 'Duomo', 'Teatro Romano']",Santa Anastasia,"['AMO', 'Museo Conte', 'Palazzo della Ragione', 'Centro Fotografia', 'Torre Lamberti']",San Zeno,strategy_nearest,False,0.0023589134216308594,success
048C863A9C4C80,3,"['San Fermo', 'Torre Lamberti', 'Duomo']",San Zeno,"['Castelvecchio', 'Verona Tour', 'Museo Lapidario', 'Arena', 'Museo Miniscalchi']",Castelvecchio,strategy_nearest,True,0.0031156539916992188,success
048C86429C4C80,0,['Arena'],Casa Giulietta,"['Centro Fotografia', 'Sighseeing', 'Torre Lamberti', 'Museo Conte', 'Museo Radio']",Torre Lamberti,strategy_nearest,True,0.003367900848388672,success
048C8F4A9C4C80,3,"['Arena', 'Castelvecchio']",Torre Lamberti,"['Sighseeing', 'Centro Fotografia', 'Museo Conte', 'Casa Giulietta', 'Palazzo della Ragione']",Santa Anastasia,strategy_nearest,False,0.002948284149169922,success
048C874A9C4C80,3,"['Arena', 'Torre Lamberti', 'Santa Anastasia']",Duomo,"['AMO', 'Museo Miniscalchi', 'Teatro Romano', 'Palazzo della Ragione', 'Museo Conte']",Teatro Romano,strategy_nearest,True,0.0024328231811523438,success
048C90C27B3F80,3,"['Castelvecchio', 'Duomo', 'Teatro Romano']",Santa Anastasia,"['AMO', 'Museo Conte', 'Palazzo della Ragione', 'Centro Fotografia', 'Torre Lamberti']",San Zeno,strategy_nearest,False,0.003214120864868164,success
048C9CC27B3F80,1,['Arena'],Torre Lamberti,"['Sighseeing', 'Centro Fotografia', 'Museo Conte', 'Casa Giulietta', 'Palazzo della Ragione']",Palazzo della Ragione,strategy_nearest,True,0.0021250247955322266,success
048CA8C27B3F80,1,['Arena'],Torre Lamberti,"['Sighseeing', 'Centro Fotografia', 'Museo Conte', 'Casa Giulietta', 'Palazzo della Ragione']",Palazzo della Ragione,strategy_nearest,True,0.0013890266418457031,success
048CB5429C4C80,0,['Teatro Romano'],Duomo,"['AMO', 'Museo Miniscalchi', 'Santa Anastasia', 'Palazzo della Ragione', 'Museo Conte']",Arena,strategy_nearest,False,0.002546072006225586,success
048CA472743380,3,"['Castelvecchio', 'Santa Anastasia']",Casa Giulietta,"['Centro Fotografia', 'Sighseeing', 'Torre Lamberti', 'Museo Conte', 'Museo Radio']",Teatro Romano,strategy_nearest,False,0.004261970520019531,success
048CBAC27B3F80,1,"['Torre Lamberti', 'Palazzo della Ragione', 'Casa Giulietta']",Castelvecchio,"['Museo Lapidario', 'Verona Tour', 'Arena', 'Museo Radio', 'San Zeno']",Arena,strategy_nearest,True,0.002016782760620117,success
048CC03A9C4C80,1,"['Palazzo della Ragione', 'Torre Lamberti']",Santa Anastasia,"['AMO', 'Museo Conte', 'Teatro Romano', 'Centro Fotografia', 'Duomo']",Casa Giulietta,strategy_nearest,False,0.002682924270629883,success
048CC0429C4C80,3,"['Arena', 'Casa Giulietta']",Torre Lamberti,"['Sighseeing', 'Centro Fotografia', 'Museo Conte', 'Palazzo della Ragione', 'AMO']",Santa Anastasia,strategy_nearest,False,0.002995014190673828,success
048CC4429C4C80,0,"['Casa Giulietta', 'Arena']",Tomba Giulietta,"['San Fermo', 'Museo Storia', 'Museo Lapidario', 'Museo Radio', 'Verona Tour']",Teatro Romano,strategy_nearest,False,0.003598928451538086,success
048CD2C27B3F80,1,"['Casa Giulietta', 'Tomba Giulietta', 'Arena']",Castelvecchio,"['Museo Lapidario', 'Verona Tour', 'Museo Radio', 'San Zeno', 'Sighseeing']",Torre Lamberti,strategy_nearest,False,0.0032188892364501953,success
048CEF3A9C4C80,1,"['Castelvecchio', 'Arena', 'Casa Giulietta']",Palazzo della Ragione,"['AMO', 'Museo Conte', 'Torre Lamberti', 'Centro Fotografia', 'Sighseeing']",Torre Lamberti,strategy_nearest,True,0.002646923065185547,success
048CF63A9C4C80,1,"['Arena', 'Torre Lamberti']",Palazzo della Ragione,"['AMO', 'Museo Conte', 'Centro Fotografia', 'Sighseeing', 'Santa Anastasia']",Museo Storia,strategy_nearest,False,0.0024111270904541016,success
048CF53A9C4C80,0,"['Teatro Romano', 'Torre Lamberti']",Casa Giulietta,"['Centro Fotografia', 'Sighseeing', 'Museo Conte', 'Museo Radio', 'Palazzo della Ragione']",Arena,strategy_nearest,False,0.003484010696411133,success
048D063A9C4C84,0,['Casa Giulietta'],Torre Lamberti,"['Sighseeing', 'Centro Fotografia', 'Museo Conte', 'Palazzo della Ragione', 'AMO']",San Fermo,strategy_nearest,False,0.0027997493743896484,success
048D07C27B3F84,1,"['Arena', 'Palazzo della Ragione', 'Casa Giulietta', 'Castelvecchio']",Torre Lamberti,"['Sighseeing', 'Centro Fotografia', 'Museo Conte', 'AMO', 'Museo Miniscalchi']",Museo Conte,strategy_nearest,True,0.0021219253540039062,success
048D1D3A9C4C84,0,['Arena'],Castelvecchio,"['Museo Lapidario', 'Verona Tour', 'Museo Radio', 'San Zeno', 'Sighseeing']",Casa Giulietta,strategy_nearest,False,0.003088712692260742,success
048D12C27B3F84,2,"['Museo Lapidario', 'Castelvecchio', 'San Zeno']",Santa Anastasia,"['AMO', 'Museo Conte', 'Palazzo della Ragione', 'Teatro Romano', 'Centro Fotografia']",Casa Giulietta,strategy_nearest,False,0.0026221275329589844,success
048D3A429C4C80,2,"['Castelvecchio', 'Santa Anastasia']",Duomo,"['AMO', 'Museo Miniscalchi', 'Teatro Romano', 'Palazzo della Ragione', 'Museo Conte']",Casa Giulietta,strategy_nearest,False,0.0015339851379394531,success
048D443A9C4C80,3,"['Duomo', 'Castelvecchio']",San Zeno,"['Verona Tour', 'Museo Lapidario', 'Arena', 'Museo Miniscalchi', 'Sighseeing']",Arena,strategy_nearest,True,0.0031011104583740234,success
048D35429C4C80,0,['Arena'],Santa Anastasia,"['AMO', 'Museo Conte', 'Palazzo della Ragione', 'Teatro Romano', 'Centro Fotografia']",Casa Giulietta,strategy_nearest,False,0.003631114959716797,success
048D51C27B3F80,0,"['Arena', 'Casa Giulietta', 'Castelvecchio']",San Zeno,"['Verona Tour', 'Museo Lapidario', 'Museo Miniscalchi', 'Sighseeing', 'Museo Radio']",Teatro Romano,strategy_nearest,False,0.002360105514526367,success
048D57C27B3F80,0,['Casa Giulietta'],Arena,"['Verona Tour', 'Museo Lapidario', 'Museo Radio', 'San Fermo', 'Sighseeing']",Torre Lamberti,strategy_nearest,False,0.0028238296508789062,success
048D52C27B3F80,3,"['Arena', 'Torre Lamberti']",Santa Anastasia,"['AMO', 'Museo Conte', 'Palazzo della Ragione', 'Teatro Romano', 'Centro Fotografia']",Duomo,strategy_nearest,False,0.002328157424926758,success
048D5DC27B3F80,3,"['Arena', 'Casa Giulietta', 'Castelvecchio']",Santa Anastasia,"['AMO', 'Museo Conte', 'Palazzo della Ragione', 'Teatro Romano', 'Centro Fotografia']",Duomo,strategy_nearest,False,0.003173828125,success
048D6AC27B3F80,4,"['Museo Radio', 'San Fermo', 'Casa Giulietta', 'Torre Lamberti']",Palazzo della Ragione,"['AMO', 'Museo Conte', 'Centro Fotografia', 'Sighseeing', 'Santa Anastasia']",Santa Anastasia,strategy_nearest,True,0.0026361942291259766,success
048D5EC27B3F80,3,"['Arena', 'Torre Lamberti']",Santa Anastasia,"['AMO', 'Museo Conte', 'Palazzo della Ragione', 'Teatro Romano', 'Centro Fotografia']",Duomo,strategy_nearest,False,0.0018470287322998047,success
048D6BC27B3F80,1,"['Arena', 'Castelvecchio', 'Torre Lamberti']",Palazzo della Ragione,"['AMO', 'Museo Conte', 'Centro Fotografia', 'Sighseeing', 'Santa Anastasia']",Museo Lapidario,strategy_nearest,False,0.002665281295776367,success
048D73429C4C80,3,"['Arena', 'Castelvecchio']",Casa Giulietta,"['Centro Fotografia', 'Sighseeing', 'Torre Lamberti', 'Museo Conte', 'Museo Radio']",Torre Lamberti,strategy_nearest,True,0.0024652481079101562,success
048D79429C4C80,3,"['Teatro Romano', 'San Zeno', 'Castelvecchio']",Santa Anastasia,"['AMO', 'Museo Conte', 'Palazzo della Ragione', 'Centro Fotografia', 'Duomo']",San Fermo,strategy_nearest,False,0.002357959747314453,success
048D76C27B3F80,4,"['Museo Radio', 'San Fermo', 'Casa Giulietta', 'Torre Lamberti']",Palazzo della Ragione,"['AMO', 'Museo Conte', 'Centro Fotografia', 'Sighseeing', 'Santa Anastasia']",Santa Anastasia,strategy_nearest,True,0.0020821094512939453,success
048D77C27B3F80,3,"['Arena', 'Torre Lamberti', 'Casa Giulietta']",Giardino Giusti,"['Santa Anastasia', 'Teatro Romano', 'Museo Conte', 'Centro Fotografia', 'Museo Storia']",Santa Anastasia,strategy_nearest,True,0.0026397705078125,success
048D7CC27B3F80,3,"['Arena', 'Museo Lapidario', 'Castelvecchio', 'Teatro Romano']",Duomo,"['AMO', 'Museo Miniscalchi', 'Santa Anastasia', 'Palazzo della Ragione', 'Museo Conte']",Tomba Giulietta,strategy_nearest,False,0.0031328201293945312,success
048D7E3A9C4C80,1,"['Casa Giulietta', 'Castelvecchio']",Tomba Giulietta,"['San Fermo', 'Museo Storia', 'Arena', 'Museo Lapidario', 'Museo Radio']",Torre Lamberti,strategy_nearest,False,0.0026552677154541016,success
048D7E429C4C80,3,"['Arena', 'Casa Giulietta']",Torre Lamberti,"['Sighseeing', 'Centro Fotografia', 'Museo Conte', 'Palazzo della Ragione', 'AMO']",Santa Anastasia,strategy_nearest,False,0.0032651424407958984,success
048D80429C4C80,2,['Torre Lamberti'],Palazzo della Ragione,"['AMO', 'Museo Conte', 'Centro Fotografia', 'Sighseeing', 'Santa Anastasia']",Casa Giulietta,strategy_nearest,False,0.002010822296142578,success
048D82C27B3F80,2,"['San Fermo', 'Santa Anastasia', 'Tomba Giulietta']",Casa Giulietta,"['Centro Fotografia', 'Sighseeing', 'Torre Lamberti', 'Museo Conte', 'Museo Radio']",Duomo,strategy_nearest,False,0.0033452510833740234,success
048D853A9C4C80,3,"['San Fermo', 'Duomo']",Teatro Romano,"['Santa Anastasia', 'AMO', 'Palazzo della Ragione', 'Museo Conte', 'Centro Fotografia']",Arena,strategy_nearest,False,0.002268075942993164,success
048D86429C4C80,1,"['Arena', 'Casa Giulietta']",Castelvecchio,"['Museo Lapidario', 'Verona Tour', 'Museo Radio', 'San Zeno', 'Sighseeing']",Tomba Giulietta,strategy_nearest,False,0.0028810501098632812,success
048D83C27B3F80,1,"['Arena', 'Castelvecchio', 'Casa Giulietta']",Santa Anastasia,"['AMO', 'Museo Conte', 'Palazzo della Ragione', 'Teatro Romano', 'Centro Fotografia']",Teatro Romano,strategy_nearest,True,0.0035479068756103516,success
048D8D429C4C80,0,['Arena'],Torre Lamberti,"['Sighseeing', 'Centro Fotografia', 'Museo Conte', 'Casa Giulietta', 'Palazzo della Ragione']",Casa Giulietta,strategy_nearest,True,0.0016016960144042969,success
048D88C27B3F80,3,"['Arena', 'Museo Lapidario', 'Castelvecchio', 'Teatro Romano']",Tomba Giulietta,"['San Fermo', 'Museo Storia', 'Museo Radio', 'Verona Tour', 'Casa Giulietta']",San Fermo,strategy_nearest,True,0.002279043197631836,success
048D8FC27B3F80,1,"['Arena', 'Castelvecchio', 'Casa Giulietta']",Torre Lamberti,"['Sighseeing', 'Centro Fotografia', 'Museo Conte', 'Palazzo della Ragione', 'AMO']",Palazzo della Ragione,strategy_nearest,True,0.0027539730072021484,success
048D883A9C4C80,0,['San Fermo'],Arena,"['Verona Tour', 'Museo Lapidario', 'Museo Radio', 'Casa Giulietta', 'Sighseeing']",Teatro Romano,strategy_nearest,False,0.0035479068756103516,success
048D94C27B3F80,0,['Arena'],Castelvecchio,"['Museo Lapidario', 'Verona Tour', 'Museo Radio', 'San Zeno', 'Sighseeing']",Teatro Romano,strategy_nearest,False,0.0015156269073486328,success
048D9BC27B3F80,3,"['Arena', 'Torre Lamberti', 'Casa Giulietta']",Giardino Giusti,"['Santa Anastasia', 'Teatro Romano', 'Museo Conte', 'Centro Fotografia', 'Museo Storia']",Santa Anastasia,strategy_nearest,True,0.0022630691528320312,success
048DA0C27B3F80,1,"['Arena', 'Casa Giulietta', 'San Fermo']",Tomba Giulietta,"['Museo Storia', 'Museo Lapidario', 'Museo Radio', 'Verona Tour', 'Castelvecchio']",Santa Anastasia,strategy_nearest,False,0.0029468536376953125,success
048DA1C27B3F80,2,['Torre Lamberti'],Santa Anastasia,"['AMO', 'Museo Conte', 'Palazzo della Ragione', 'Teatro Romano', 'Centro Fotografia']",Duomo,strategy_nearest,False,0.0034019947052001953,success
048DA44A9C4C80,2,['Casa Giulietta'],Santa Anastasia,"['AMO', 'Museo Conte', 'Palazzo della Ragione', 'Teatro Romano', 'Centro Fotografia']",Teatro Romano,strategy_nearest,True,0.0026319026947021484,success
048DA6C27B3F80,3,"['Arena', 'Castelvecchio', 'San Zeno']",San Fermo,"['Museo Storia', 'Museo Radio', 'Casa Giulietta', 'Centro Fotografia', 'Sighseeing']",Duomo,strategy_nearest,False,0.0026319026947021484,success
048DA7C27B3F80,0,['San Zeno'],Casa Giulietta,"['Centro Fotografia', 'Sighseeing', 'Torre Lamberti', 'Museo Conte', 'Museo Radio']",Arena,strategy_nearest,False,0.003052234649658203,success
048DA83A9C4C80,1,"['Arena', 'Castelvecchio']",Torre Lamberti,"['Sighseeing', 'Centro Fotografia', 'Museo Conte', 'Casa Giulietta', 'Palazzo della Ragione']",Santa Anastasia,strategy_nearest,False,0.003108978271484375,success
048DAB429C4C80,1,"['Castelvecchio', 'Arena', 'Torre Lamberti', 'Palazzo della Ragione']",Santa Anastasia,"['AMO', 'Museo Conte', 'Teatro Romano', 'Centro Fotografia', 'Duomo']",Duomo,strategy_nearest,True,0.0023970603942871094,success
048DACC27B3F80,6,"['Verona Tour', 'Santa Anastasia']",Duomo,"['AMO', 'Museo Miniscalchi', 'Teatro Romano', 'Palazzo della Ragione', 'Museo Conte']",Casa Giulietta,strategy_nearest,False,0.002386331558227539,success
048DBEC27B3F80,3,"['Arena', 'Castelvecchio', 'San Zeno']",San Fermo,"['Museo Storia', 'Museo Radio', 'Casa Giulietta', 'Centro Fotografia', 'Sighseeing']",Duomo,strategy_nearest,False,0.002493143081665039,success
048DC0429C4C80,0,"['Arena', 'Casa Giulietta']",Teatro Romano,"['Santa Anastasia', 'Duomo', 'AMO', 'Palazzo della Ragione', 'Museo Conte']",Torre Lamberti,strategy_nearest,False,0.0019071102142333984,success
048DBFC27B3F80,2,['Torre Lamberti'],Santa Anastasia,"['AMO', 'Museo Conte', 'Palazzo della Ragione', 'Teatro Romano', 'Centro Fotografia']",Duomo,strategy_nearest,False,0.00255584716796875,success
048DC13A9C4C80,1,"['Arena', 'Casa Giulietta']",Torre Lamberti,"['Sighseeing', 'Centro Fotografia', 'Museo Conte', 'Palazzo della Ragione', 'AMO']",Palazzo della Ragione,strategy_nearest,True,0.003354310989379883,success
048DC33A9C4C80,0,['Casa Giulietta'],Arena,"['Verona Tour', 'Museo Lapidario', 'Museo Radio', 'San Fermo', 'Sighseeing']",Torre Lamberti,strategy_nearest,False,0.002707958221435547,success
048DC4C27B3F80,6,"['Verona Tour', 'Santa Anastasia']",Duomo,"['AMO', 'Museo Miniscalchi', 'Teatro Romano', 'Palazzo della Ragione', 'Museo Conte']",Casa Giulietta,strategy_nearest,False,0.001954793930053711,success
048DC3429C4C80,0,['Arena'],Torre Lamberti,"['Sighseeing', 'Centro Fotografia', 'Museo Conte', 'Casa Giulietta', 'Palazzo della Ragione']",Casa Giulietta,strategy_nearest,True,0.0026717185974121094,success
048DC63A9C4C80,1,"['Arena', 'Casa Giulietta', 'Palazzo della Ragione']",Torre Lamberti,"['Sighseeing', 'Centro Fotografia', 'Museo Conte', 'AMO', 'Museo Miniscalchi']",Duomo,strategy_nearest,False,0.0027251243591308594,success
048DCA3A9C4C80,2,['Torre Lamberti'],Casa Giulietta,"['Centro Fotografia', 'Sighseeing', 'Museo Conte', 'Museo Radio', 'Palazzo della Ragione']",Castelvecchio,strategy_nearest,False,0.0027031898498535156,success
048DC6429C4C80,1,"['Casa Giulietta', 'Palazzo della Ragione']",Torre Lamberti,"['Sighseeing', 'Centro Fotografia', 'Museo Conte', 'AMO', 'Museo Miniscalchi']",Duomo,strategy_nearest,False,0.0032329559326171875,success
048DCAC27B3F80,3,"['Torre Lamberti', 'Arena', 'Casa Giulietta', 'Tomba Giulietta']",Giardino Giusti,"['Santa Anastasia', 'Teatro Romano', 'Museo Conte', 'Centro Fotografia', 'Museo Storia']",Santa Anastasia,strategy_nearest,True,0.0022401809692382812,success
048DD0C27B3F80,0,"['Duomo', 'San Zeno']",Castelvecchio,"['Museo Lapidario', 'Verona Tour', 'Arena', 'Museo Radio', 'Sighseeing']",Arena,strategy_nearest,True,0.0036220550537109375,success
048DD6C27B3F80,2,"['San Fermo', 'Santa Anastasia']",Casa Giulietta,"['Centro Fotografia', 'Sighseeing', 'Torre Lamberti', 'Museo Conte', 'Museo Radio']",San Zeno,strategy_nearest,False,0.0014710426330566406,success
048DDCC27B3F80,3,"['Teatro Romano', 'Castelvecchio', 'San Zeno', 'Duomo']",Santa Anastasia,"['AMO', 'Museo Conte', 'Palazzo della Ragione', 'Centro Fotografia', 'Torre Lamberti']",Casa Giulietta,strategy_nearest,False,0.002756834030151367,success
048DEFC27B3F80,3,"['Arena', 'Casa Giulietta', 'Torre Lamberti', 'Santa Anastasia', 'Duomo']",Teatro Romano,"['AMO', 'Palazzo della Ragione', 'Museo Conte', 'Centro Fotografia', 'Museo Miniscalchi']",Giardino Giusti,strategy_nearest,False,0.002576112747192383,success
048DEC429C4C80,3,['Arena'],Castelvecchio,"['Museo Lapidario', 'Verona Tour', 'Museo Radio', 'San Zeno', 'Sighseeing']",Santa Anastasia,strategy_nearest,False,0.0033168792724609375,success
048DFBC27B3F80,3,"['Santa Anastasia', 'Torre Lamberti']",Arena,"['Verona Tour', 'Museo Lapidario', 'Museo Radio', 'San Fermo', 'Casa Giulietta']",Duomo,strategy_nearest,False,0.002534151077270508,success
048E013A9C4C84,3,['Arena'],Teatro Romano,"['Santa Anastasia', 'Duomo', 'AMO', 'Palazzo della Ragione', 'Museo Conte']",Santa Anastasia,strategy_nearest,True,0.0026319026947021484,success
048E16C27B3F84,1,"['Arena', 'Castelvecchio', 'Museo Lapidario', 'Casa Giulietta']",Torre Lamberti,"['Sighseeing', 'Centro Fotografia', 'Museo Conte', 'Palazzo della Ragione', 'AMO']",Palazzo della Ragione,strategy_nearest,True,0.001827239990234375,success
048E07429C4C80,1,"['Arena', 'Casa Giulietta']",Torre Lamberti,"['Sighseeing', 'Centro Fotografia', 'Museo Conte', 'Palazzo della Ragione', 'AMO']",Palazzo della Ragione,strategy_nearest,True,0.0025882720947265625,success
048E30C27B3F80,1,"['Palazzo della Ragione', 'Torre Lamberti']",Casa Giulietta,"['Centro Fotografia', 'Sighseeing', 'Museo Conte', 'Museo Radio', 'San Fermo']",Teatro Romano,strategy_nearest,False,0.003198862075805664,success
048E2D429C4C80,0,['Arena'],Casa Giulietta,"['Centro Fotografia', 'Sighseeing', 'Torre Lamberti', 'Museo Conte', 'Museo Radio']",Tomba Giulietta,strategy_nearest,False,0.0028862953186035156,success
048E77429C4C80,0,['Arena'],Casa Giulietta,"['Centro Fotografia', 'Sighseeing', 'Torre Lamberti', 'Museo Conte', 'Museo Radio']",Palazzo della Ragione,strategy_nearest,False,0.0015649795532226562,success
048E3DC27B3F80,1,"['Palazzo della Ragione', 'Torre Lamberti']",Casa Giulietta,"['Centro Fotografia', 'Sighseeing', 'Museo Conte', 'Museo Radio', 'San Fermo']",Teatro Romano,strategy_nearest,False,0.0025551319122314453,success
048E83C27B3F80,3,"['Santa Anastasia', 'Torre Lamberti']",San Fermo,"['Museo Storia', 'Museo Radio', 'Casa Giulietta', 'Centro Fotografia', 'Arena']",Castelvecchio,strategy_nearest,False,0.0021648406982421875,success
048E7E429C4C80,0,['Arena'],Castelvecchio,"['Museo Lapidario', 'Verona Tour', 'Museo Radio', 'San Zeno', 'Sighseeing']",Tomba Giulietta,strategy_nearest,False,0.0022461414337158203,success
048E8A4A9C4C80,0,['Arena'],Casa Giulietta,"['Centro Fotografia', 'Sighseeing', 'Torre Lamberti', 'Museo Conte', 'Museo Radio']",Teatro Romano,strategy_nearest,False,0.003370046615600586,success
048E8B429C4C80,1,['Torre Lamberti'],Palazzo della Ragione,"['AMO', 'Museo Conte', 'Centro Fotografia', 'Sighseeing', 'Santa Anastasia']",Casa Giulietta,strategy_nearest,False,0.002640962600708008,success
048E8D429C4C80,3,"['Arena', 'Casa Giulietta']",San Fermo,"['Museo Storia', 'Museo Radio', 'Centro Fotografia', 'Sighseeing', 'Torre Lamberti']",Santa Anastasia,strategy_nearest,False,0.0011909008026123047,success
048E9D429C4C80,3,"['Santa Anastasia', 'Duomo']",Casa Giulietta,"['Centro Fotografia', 'Sighseeing', 'Torre Lamberti', 'Museo Conte', 'Museo Radio']",Arena,strategy_nearest,False,0.002003908157348633,success
048E8F3A9C4C80,0,"['Arena', 'Castelvecchio']",Torre Lamberti,"['Sighseeing', 'Centro Fotografia', 'Museo Conte', 'Casa Giulietta', 'Palazzo della Ragione']",Casa Giulietta,strategy_nearest,True,0.002955913543701172,success
048EA4C27B3F80,3,"['Santa Anastasia', 'Casa Giulietta', 'Arena']",Tomba Giulietta,"['San Fermo', 'Museo Storia', 'Museo Lapidario', 'Museo Radio', 'Verona Tour']",San Zeno,strategy_nearest,False,0.0029549598693847656,success
048EA672743380,0,['Arena'],Castelvecchio,"['Museo Lapidario', 'Verona Tour', 'Museo Radio', 'San Zeno', 'Sighseeing']",Casa Giulietta,strategy_nearest,False,0.0031337738037109375,success
048EA772743380,1,"['San Fermo', 'Casa Giulietta', 'Castelvecchio', 'Arena']",Teatro Romano,"['Santa Anastasia', 'Duomo', 'AMO', 'Palazzo della Ragione', 'Museo Conte']",Duomo,strategy_nearest,True,0.0018739700317382812,success
048EA9429C4C80,1,"['Torre Lamberti', 'Palazzo della Ragione', 'Santa Anastasia']",Teatro Romano,"['Duomo', 'AMO', 'Museo Conte', 'Centro Fotografia', 'Museo Miniscalchi']",Casa Giulietta,strategy_nearest,False,0.0034592151641845703,success
048EAAC27B3F80,0,['Teatro Romano'],Duomo,"['AMO', 'Museo Miniscalchi', 'Santa Anastasia', 'Palazzo della Ragione', 'Museo Conte']",Arena,strategy_nearest,False,0.0019059181213378906,success
048EA9C27B3F80,1,"['Duomo', 'Teatro Romano', 'Casa Giulietta']",Arena,"['Verona Tour', 'Museo Lapidario', 'Museo Radio', 'San Fermo', 'Sighseeing']",Torre Lamberti,strategy_nearest,False,0.0032167434692382812,success
048EB0C27B3F80,3,"['Santa Anastasia', 'Casa Giulietta', 'Arena']",Tomba Giulietta,"['San Fermo', 'Museo Storia', 'Museo Lapidario', 'Museo Radio', 'Verona Tour']",San Zeno,strategy_nearest,False,0.0011658668518066406,success
048EB6C27B3F80,0,['Casa Giulietta'],Arena,"['Verona Tour', 'Museo Lapidario', 'Museo Radio', 'San Fermo', 'Sighseeing']",Castelvecchio,strategy_nearest,False,0.002869844436645508,success
048EB7C27B3F80,0,['Teatro Romano'],Duomo,"['AMO', 'Museo Miniscalchi', 'Santa Anastasia', 'Palazzo della Ragione', 'Museo Conte']",Arena,strategy_nearest,False,0.0019259452819824219,success
048EBCC27B3F80,3,"['Teatro Romano', 'Castelvecchio', 'San Zeno']",Duomo,"['AMO', 'Museo Miniscalchi', 'Santa Anastasia', 'Palazzo della Ragione', 'Museo Conte']",Casa Giulietta,strategy_nearest,False,0.002990245819091797,success
048EBD3A9C4C80,0,['Casa Giulietta'],Arena,"['Verona Tour', 'Museo Lapidario', 'Museo Radio', 'San Fermo', 'Sighseeing']",Torre Lamberti,strategy_nearest,False,0.002317190170288086,success
048EBDC27B3F80,1,"['Arena', 'San Zeno']",Teatro Romano,"['Santa Anastasia', 'Duomo', 'AMO', 'Palazzo della Ragione', 'Museo Conte']",Palazzo della Ragione,strategy_nearest,True,0.002151012420654297,success
048EC0429C4C80,0,['Casa Giulietta'],Castelvecchio,"['Museo Lapidario', 'Verona Tour', 'Arena', 'Museo Radio', 'San Zeno']",Arena,strategy_nearest,True,0.0029828548431396484,success
048EC1429C4C80,0,['Casa Giulietta'],Tomba Giulietta,"['San Fermo', 'Museo Storia', 'Arena', 'Museo Lapidario', 'Museo Radio']",Arena,strategy_nearest,True,0.0030667781829833984,success
048EBE3A9C4C80,0,['Arena'],Torre Lamberti,"['Sighseeing', 'Centro Fotografia', 'Museo Conte', 'Casa Giulietta', 'Palazzo della Ragione']",Casa Giulietta,strategy_nearest,True,0.003094911575317383,success
048EC2C27B3F80,0,['Casa Giulietta'],Arena,"['Verona Tour', 'Museo Lapidario', 'Museo Radio', 'San Fermo', 'Sighseeing']",Castelvecchio,strategy_nearest,False,0.0019350051879882812,success
048EC3C27B3F80,3,"['Santa Anastasia', 'Duomo']",Teatro Romano,"['AMO', 'Palazzo della Ragione', 'Museo Conte', 'Centro Fotografia', 'Museo Miniscalchi']",Arena,strategy_nearest,False,0.0024840831756591797,success
048ECA429C4C80,2,"['Casa Giulietta', 'Palazzo della Ragione']",Torre Lamberti,"['Sighseeing', 'Centro Fotografia', 'Museo Conte', 'AMO', 'Museo Miniscalchi']",Teatro Romano,strategy_nearest,False,0.003371000289916992,success
048ECC429C4C80,0,['Casa Giulietta'],Arena,"['Verona Tour', 'Museo Lapidario', 'Museo Radio', 'San Fermo', 'Sighseeing']",Tomba Giulietta,strategy_nearest,False,0.0025949478149414062,success
048ECFC27B3F80,2,['Duomo'],Teatro Romano,"['Santa Anastasia', 'AMO', 'Palazzo della Ragione', 'Museo Conte', 'Centro Fotografia']",Castelvecchio,strategy_nearest,False,0.0026450157165527344,success
048ED6C27B3F80,1,"['Torre Lamberti', 'Palazzo della Ragione', 'Casa Giulietta']",Arena,"['Verona Tour', 'Museo Lapidario', 'Museo Radio', 'San Fermo', 'Sighseeing']",Teatro Romano,strategy_nearest,False,0.0025110244750976562,success
048ED0C27B3F80,1,"['Torre Lamberti', 'Palazzo della Ragione', 'Casa Giulietta']",Arena,"['Verona Tour', 'Museo Lapidario', 'Museo Radio', 'San Fermo', 'Sighseeing']",Teatro Romano,strategy_nearest,False,0.0027990341186523438,success
048EE2C27B3F80,2,"['Museo Lapidario', 'Castelvecchio']",San Zeno,"['Verona Tour', 'Arena', 'Museo Miniscalchi', 'Sighseeing', 'Museo Radio']",Santa Anastasia,strategy_nearest,False,0.002760171890258789,success
048EE3C27B3F80,1,"['Arena', 'Palazzo della Ragione', 'Casa Giulietta', 'Castelvecchio']",Museo Conte,"['Centro Fotografia', 'Torre Lamberti', 'Sighseeing', 'AMO', 'Santa Anastasia']",Santa Anastasia,strategy_nearest,True,0.0016400814056396484,success
048EEF3A9C4C80,1,['Arena'],San Fermo,"['Museo Storia', 'Museo Radio', 'Casa Giulietta', 'Centro Fotografia', 'Sighseeing']",Torre Lamberti,strategy_nearest,False,0.002173185348510742,success
048EFDC27B3F80,1,"['Arena', 'Castelvecchio', 'Museo Lapidario', 'Casa Giulietta']",Torre Lamberti,"['Sighseeing', 'Centro Fotografia', 'Museo Conte', 'Palazzo della Ragione', 'AMO']",Palazzo della Ragione,strategy_nearest,True,0.002287149429321289,success
048F0CC27B3F84,3,"['Casa Giulietta', 'Arena']",Torre Lamberti,"['Sighseeing', 'Centro Fotografia', 'Museo Conte', 'Palazzo della Ragione', 'AMO']",Santa Anastasia,strategy_nearest,False,0.0027680397033691406,success
048EEFC27B3F80,1,"['Arena', 'Casa Giulietta']",Castelvecchio,"['Museo Lapidario', 'Verona Tour', 'Museo Radio', 'San Zeno', 'Sighseeing']",Santa Anastasia,strategy_nearest,False,0.004364013671875,success
048F0E3A9C4C84,3,"['Arena', 'Casa Giulietta']",Torre Lamberti,"['Sighseeing', 'Centro Fotografia', 'Museo Conte', 'Palazzo della Ragione', 'AMO']",Santa Anastasia,strategy_nearest,False,0.0037190914154052734,success
048F15C27B3F80,0,"['Arena', 'Castelvecchio']",Torre Lamberti,"['Sighseeing', 'Centro Fotografia', 'Museo Conte', 'Casa Giulietta', 'Palazzo della Ragione']",Casa Giulietta,strategy_nearest,True,0.002246856689453125,success
048F1AC27B3F80,1,"['Arena', 'Museo Lapidario', 'Castelvecchio', 'San Zeno', 'Santa Anastasia']",Duomo,"['AMO', 'Museo Miniscalchi', 'Teatro Romano', 'Palazzo della Ragione', 'Museo Conte']",Casa Giulietta,strategy_nearest,False,0.002683877944946289,success
048F0FC27B3F80,3,"['Santa Anastasia', 'Torre Lamberti']",San Fermo,"['Museo Storia', 'Museo Radio', 'Casa Giulietta', 'Centro Fotografia', 'Arena']",Castelvecchio,strategy_nearest,False,0.003854036331176758,success
048F24C27B3F84,1,"['Casa Giulietta', 'Palazzo della Ragione']",Torre Lamberti,"['Sighseeing', 'Centro Fotografia', 'Museo Conte', 'AMO', 'Museo Miniscalchi']",Arena,strategy_nearest,False,0.003673076629638672,success
048F27C27B3F80,1,"['Arena', 'Museo Lapidario', 'Castelvecchio', 'San Zeno', 'Santa Anastasia']",Duomo,"['AMO', 'Museo Miniscalchi', 'Teatro Romano', 'Palazzo della Ragione', 'Museo Conte']",Casa Giulietta,strategy_nearest,False,0.0014522075653076172,success
048F36429C4C80,0,['Arena'],Casa Giulietta,"['Centro Fotografia', 'Sighseeing', 'Torre Lamberti', 'Museo Conte', 'Museo Radio']",Castelvecchio,strategy_nearest,False,0.002549886703491211,success
048F31429C4C80,3,"['Casa Giulietta', 'Torre Lamberti', 'Santa Anastasia']",Duomo,"['AMO', 'Museo Miniscalchi', 'Teatro Romano', 'Palazzo della Ragione', 'Museo Conte']",Teatro Romano,strategy_nearest,True,0.003771066665649414,success
048F4BC27B3F80,2,"['Casa Giulietta', 'Torre Lamberti']",Palazzo della Ragione,"['AMO', 'Museo Conte', 'Centro Fotografia', 'Sighseeing', 'Santa Anastasia']",Tomba Giulietta,strategy_nearest,False,0.0016989707946777344,success
048F3FC27B3F80,2,"['Casa Giulietta', 'Torre Lamberti', 'Palazzo della Ragione']",Tomba Giulietta,"['San Fermo', 'Museo Storia', 'Arena', 'Museo Lapidario', 'Museo Radio']",Teatro Romano,strategy_nearest,False,0.0032339096069335938,success
048F383A9C4C80,3,"['Arena', 'Casa Giulietta', 'Torre Lamberti']",Santa Anastasia,"['AMO', 'Museo Conte', 'Palazzo della Ragione', 'Teatro Romano', 'Centro Fotografia']",Duomo,strategy_nearest,False,0.0027189254760742188,success
048F57C27B3F80,2,"['Casa Giulietta', 'Torre Lamberti', 'Palazzo della Ragione']",Tomba Giulietta,"['San Fermo', 'Museo Storia', 'Arena', 'Museo Lapidario', 'Museo Radio']",Teatro Romano,strategy_nearest,False,0.00243377685546875,success
048F64C27B3F80,3,"['Arena', 'Castelvecchio']",Santa Anastasia,"['AMO', 'Museo Conte', 'Palazzo della Ragione', 'Teatro Romano', 'Centro Fotografia']",Torre Lamberti,strategy_nearest,False,0.001859903335571289,success
048F65C27B3F80,1,"['Arena', 'Museo Lapidario', 'Castelvecchio', 'San Zeno', 'Santa Anastasia']",Duomo,"['AMO', 'Museo Miniscalchi', 'Teatro Romano', 'Palazzo della Ragione', 'Museo Conte']",Casa Giulietta,strategy_nearest,False,0.0026531219482421875,success
048F6FC27B3F80,1,"['Casa Giulietta', 'Palazzo della Ragione']",Torre Lamberti,"['Sighseeing', 'Centro Fotografia', 'Museo Conte', 'AMO', 'Museo Miniscalchi']",Arena,strategy_nearest,False,0.004143714904785156,success
048F74C27B3F80,1,"['Casa Giulietta', 'Palazzo della Ragione']",Torre Lamberti,"['Sighseeing', 'Centro Fotografia', 'Museo Conte', 'AMO', 'Museo Miniscalchi']",Arena,strategy_nearest,False,0.002779722213745117,success
048F7BC27B3F80,1,"['Casa Giulietta', 'Palazzo della Ragione']",Torre Lamberti,"['Sighseeing', 'Centro Fotografia', 'Museo Conte', 'AMO', 'Museo Miniscalchi']",Arena,strategy_nearest,False,0.003179788589477539,success
048F7AC27B3F80,0,['Arena'],Castelvecchio,"['Museo Lapidario', 'Verona Tour', 'Museo Radio', 'San Zeno', 'Sighseeing']",Teatro Romano,strategy_nearest,False,0.003247976303100586,success
048F80C27B3F80,1,"['Casa Giulietta', 'Palazzo della Ragione']",Torre Lamberti,"['Sighseeing', 'Centro Fotografia', 'Museo Conte', 'AMO', 'Museo Miniscalchi']",Arena,strategy_nearest,False,0.002627134323120117,success
048F863A9C4C80,3,"['San Fermo', 'Santa Anastasia', 'Duomo']",Teatro Romano,"['AMO', 'Palazzo della Ragione', 'Museo Conte', 'Centro Fotografia', 'Museo Miniscalchi']",Castelvecchio,strategy_nearest,False,0.001889944076538086,success
048F8CC27B3F80,1,"['Casa Giulietta', 'Palazzo della Ragione']",Torre Lamberti,"['Sighseeing', 'Centro Fotografia', 'Museo Conte', 'AMO', 'Museo Miniscalchi']",Arena,strategy_nearest,False,0.002435922622680664,success
048F86C27B3F80,3,"['Casa Giulietta', 'Santa Anastasia']",Teatro Romano,"['Duomo', 'AMO', 'Palazzo della Ragione', 'Museo Conte', 'Centro Fotografia']",Castelvecchio,strategy_nearest,False,0.0034837722778320312,success
048F93429C4C80,1,"['Teatro Romano', 'Duomo']",Palazzo della Ragione,"['AMO', 'Museo Conte', 'Torre Lamberti', 'Centro Fotografia', 'Sighseeing']",Torre Lamberti,strategy_nearest,True,0.002445220947265625,success
048F92C27B3F80,3,"['Casa Giulietta', 'Santa Anastasia']",Teatro Romano,"['Duomo', 'AMO', 'Palazzo della Ragione', 'Museo Conte', 'Centro Fotografia']",Castelvecchio,strategy_nearest,False,0.0026853084564208984,success
048F9F4A9C4C80,3,"['Arena', 'Casa Giulietta']",Santa Anastasia,"['AMO', 'Museo Conte', 'Palazzo della Ragione', 'Teatro Romano', 'Centro Fotografia']",Duomo,strategy_nearest,False,0.002062082290649414,success
048F98C27B3F80,1,"['Casa Giulietta', 'Palazzo della Ragione']",Torre Lamberti,"['Sighseeing', 'Centro Fotografia', 'Museo Conte', 'AMO', 'Museo Miniscalchi']",Arena,strategy_nearest,False,0.002892017364501953,success
048FA8429C4C80,1,"['Arena', 'Torre Lamberti', 'Palazzo della Ragione']",Casa Giulietta,"['Centro Fotografia', 'Sighseeing', 'Museo Conte', 'Museo Radio', 'San Fermo']",Santa Anastasia,strategy_nearest,False,0.0028967857360839844,success
048FA472743380,1,"['Santa Anastasia', 'Torre Lamberti', 'Palazzo della Ragione', 'Casa Giulietta']",Castelvecchio,"['Museo Lapidario', 'Verona Tour', 'Arena', 'Museo Radio', 'San Zeno']",Museo Lapidario,strategy_nearest,True,0.0027310848236083984,success
048FBE3A9C4C80,0,['Casa Giulietta'],Arena,"['Verona Tour', 'Museo Lapidario', 'Museo Radio', 'San Fermo', 'Sighseeing']",Castelvecchio,strategy_nearest,False,0.002694845199584961,success
048FA9429C4C80,0,['Arena'],Casa Giulietta,"['Centro Fotografia', 'Sighseeing', 'Torre Lamberti', 'Museo Conte', 'Museo Radio']",Torre Lamberti,strategy_nearest,True,0.0033588409423828125,success
048FAA3A9C4C80,2,['Torre Lamberti'],Casa Giulietta,"['Centro Fotografia', 'Sighseeing', 'Museo Conte', 'Museo Radio', 'Palazzo della Ragione']",Teatro Romano,strategy_nearest,False,0.001538991928100586,success
048FBEC27B3F80,1,"['Casa Giulietta', 'Palazzo della Ragione']",Torre Lamberti,"['Sighseeing', 'Centro Fotografia', 'Museo Conte', 'AMO', 'Museo Miniscalchi']",Arena,strategy_nearest,False,0.003420114517211914,success
048FC5C27B3F80,3,"['Casa Giulietta', 'Arena']",Torre Lamberti,"['Sighseeing', 'Centro Fotografia', 'Museo Conte', 'Palazzo della Ragione', 'AMO']",Santa Anastasia,strategy_nearest,False,0.0024690628051757812,success
048FC1429C4C80,0,['Casa Giulietta'],Tomba Giulietta,"['San Fermo', 'Museo Storia', 'Arena', 'Museo Lapidario', 'Museo Radio']",Arena,strategy_nearest,True,0.001934051513671875,success
048FCAC27B3F80,1,"['Casa Giulietta', 'Palazzo della Ragione']",Torre Lamberti,"['Sighseeing', 'Centro Fotografia', 'Museo Conte', 'AMO', 'Museo Miniscalchi']",Arena,strategy_nearest,False,0.0024390220642089844,success
048FCA429C4C80,1,"['Arena', 'Torre Lamberti']",Palazzo della Ragione,"['AMO', 'Museo Conte', 'Centro Fotografia', 'Sighseeing', 'Santa Anastasia']",Casa Giulietta,strategy_nearest,False,0.003493785858154297,success
048FCBC27B3F80,1,"['Casa Giulietta', 'Palazzo della Ragione']",Torre Lamberti,"['Sighseeing', 'Centro Fotografia', 'Museo Conte', 'AMO', 'Museo Miniscalchi']",Arena,strategy_nearest,False,0.0019252300262451172,success
048FD7C27B3F80,1,"['Tomba Giulietta', 'Castelvecchio']",Arena,"['Verona Tour', 'Museo Lapidario', 'Museo Radio', 'San Fermo', 'Casa Giulietta']",Torre Lamberti,strategy_nearest,False,0.0021848678588867188,success
048FE3C27B3F80,3,"['Arena', 'Castelvecchio']",Torre Lamberti,"['Sighseeing', 'Centro Fotografia', 'Museo Conte', 'Casa Giulietta', 'Palazzo della Ragione']",Santa Anastasia,strategy_nearest,False,0.0025479793548583984,success
048FDC3A9C4C80,0,"['Torre Lamberti', 'Casa Giulietta']",Arena,"['Verona Tour', 'Museo Lapidario', 'Museo Radio', 'San Fermo', 'Sighseeing']",Castelvecchio,strategy_nearest,False,0.0036602020263671875,success
048FEFC27B3F80,3,"['Arena', 'Castelvecchio']",Torre Lamberti,"['Sighseeing', 'Centro Fotografia', 'Museo Conte', 'Casa Giulietta', 'Palazzo della Ragione']",Santa Anastasia,strategy_nearest,False,0.002853870391845703,success
048FFC3A9C4C80,0,['Arena'],Casa Giulietta,"['Centro Fotografia', 'Sighseeing', 'Torre Lamberti', 'Museo Conte', 'Museo Radio']",Tomba Giulietta,strategy_nearest,False,0.0019888877868652344,success
04900D429C4C80,0,"['Arena', 'Torre Lamberti']",Casa Giulietta,"['Centro Fotografia', 'Sighseeing', 'Museo Conte', 'Museo Radio', 'Palazzo della Ragione']",Museo Storia,strategy_nearest,False,0.0026998519897460938,success
048FF73A9C4C80,3,"['Arena', 'Casa Giulietta']",Santa Anastasia,"['AMO', 'Museo Conte', 'Palazzo della Ragione', 'Teatro Romano', 'Centro Fotografia']",Tomba Giulietta,strategy_nearest,False,0.001950979232788086,success
04900E3A9C4C84,1,"['Santa Anastasia', 'Torre Lamberti']",Arena,"['Verona Tour', 'Museo Lapidario', 'Museo Radio', 'San Fermo', 'Casa Giulietta']",San Fermo,strategy_nearest,True,0.0031249523162841797,success
0490123A9C4C84,2,"['Torre Lamberti', 'Palazzo della Ragione', 'Casa Giulietta', 'Santa Anastasia']",Duomo,"['AMO', 'Museo Miniscalchi', 'Teatro Romano', 'Museo Conte', 'Centro Fotografia']",Teatro Romano,strategy_nearest,True,0.002597332000732422,success
0490133A9C4C84,3,"['Arena', 'Castelvecchio']",Teatro Romano,"['Santa Anastasia', 'Duomo', 'AMO', 'Palazzo della Ragione', 'Museo Conte']",Santa Anastasia,strategy_nearest,True,0.0033960342407226562,success
04901D3A9C4C84,1,"['Tomba Giulietta', 'Arena']",Casa Giulietta,"['Centro Fotografia', 'Sighseeing', 'Torre Lamberti', 'Museo Conte', 'Museo Radio']",Palazzo della Ragione,strategy_nearest,False,0.0026633739471435547,success
049039429C4C80,1,['Arena'],Casa Giulietta,"['Centro Fotografia', 'Sighseeing', 'Torre Lamberti', 'Museo Conte', 'Museo Radio']",Palazzo della Ragione,strategy_nearest,False,0.0020720958709716797,success
0490204A9C4C80,3,"['Arena', 'Museo Lapidario', 'Torre Lamberti']",Casa Giulietta,"['Centro Fotografia', 'Sighseeing', 'Museo Conte', 'Museo Radio', 'Palazzo della Ragione']",Tomba Giulietta,strategy_nearest,False,0.00428009033203125,success
049036429C4C80,0,['Arena'],Giardino Giusti,"['Santa Anastasia', 'Teatro Romano', 'Museo Conte', 'Centro Fotografia', 'Museo Storia']",Castelvecchio,strategy_nearest,False,0.002190828323364258,success
0490393A9C4C80,1,"['Arena', 'Casa Giulietta', 'Museo Storia']",Torre Lamberti,"['Sighseeing', 'Centro Fotografia', 'Museo Conte', 'Palazzo della Ragione', 'AMO']",Palazzo della Ragione,strategy_nearest,True,0.003367900848388672,success
049062429C4C80,0,['Arena'],Casa Giulietta,"['Centro Fotografia', 'Sighseeing', 'Torre Lamberti', 'Museo Conte', 'Museo Radio']",Torre Lamberti,strategy_nearest,True,0.0022628307342529297,success
04907C429C4C80,0,['Arena'],Casa Giulietta,"['Centro Fotografia', 'Sighseeing', 'Torre Lamberti', 'Museo Conte', 'Museo Radio']",Castelvecchio,strategy_nearest,False,0.002529144287109375,success
0490543A9C4C80,0,"['Arena', 'Casa Giulietta']",San Fermo,"['Museo Storia', 'Museo Radio', 'Centro Fotografia', 'Sighseeing', 'Torre Lamberti']",Duomo,strategy_nearest,False,0.0016987323760986328,success
04907E3A9C4C80,3,"['Casa Giulietta', 'Torre Lamberti']",Santa Anastasia,"['AMO', 'Museo Conte', 'Palazzo della Ragione', 'Teatro Romano', 'Centro Fotografia']",Teatro Romano,strategy_nearest,True,0.0019736289978027344,success
0490813A9C4C80,0,"['Casa Giulietta', 'Torre Lamberti']",Teatro Romano,"['Santa Anastasia', 'Duomo', 'AMO', 'Palazzo della Ragione', 'Museo Conte']",Tomba Giulietta,strategy_nearest,False,0.0025730133056640625,success
0490794A9C4C80,0,['Arena'],Casa Giulietta,"['Centro Fotografia', 'Sighseeing', 'Torre Lamberti', 'Museo Conte', 'Museo Radio']",Santa Anastasia,strategy_nearest,False,0.003464221954345703,success
0490814A9C4C80,3,"['Arena', 'Casa Giulietta']",Torre Lamberti,"['Sighseeing', 'Centro Fotografia', 'Museo Conte', 'Palazzo della Ragione', 'AMO']",Santa Anastasia,strategy_nearest,False,0.0031828880310058594,success
04908A429C4C80,0,"['Arena', 'Castelvecchio']",Casa Giulietta,"['Centro Fotografia', 'Sighseeing', 'Torre Lamberti', 'Museo Conte', 'Museo Radio']",Torre Lamberti,strategy_nearest,True,0.0016911029815673828,success
0490924A9C4C80,1,"['Arena', 'Casa Giulietta', 'Torre Lamberti']",Palazzo della Ragione,"['AMO', 'Museo Conte', 'Centro Fotografia', 'Sighseeing', 'Santa Anastasia']",Santa Anastasia,strategy_nearest,True,0.0033648014068603516,success
04908C3A9C4C80,0,['Arena'],Casa Giulietta,"['Centro Fotografia', 'Sighseeing', 'Torre Lamberti', 'Museo Conte', 'Museo Radio']",Torre Lamberti,strategy_nearest,True,0.0020017623901367188,success
04908B4A9C4C80,3,"['Arena', 'Torre Lamberti']",Casa Giulietta,"['Centro Fotografia', 'Sighseeing', 'Museo Conte', 'Museo Radio', 'Palazzo della Ragione']",Duomo,strategy_nearest,False,0.002808094024658203,success
0490A472743380,3,"['Giardino Giusti', 'San Fermo', 'Castelvecchio']",Arena,"['Verona Tour', 'Museo Lapidario', 'Museo Radio', 'Casa Giulietta', 'Sighseeing']",San Zeno,strategy_nearest,False,0.0031740665435791016,success
0490A8C27B3F80,0,['Arena'],Teatro Romano,"['Santa Anastasia', 'Duomo', 'AMO', 'Palazzo della Ragione', 'Museo Conte']",Castelvecchio,strategy_nearest,False,0.002028942108154297,success
0490B53A9C4C80,1,['Torre Lamberti'],Palazzo della Ragione,"['AMO', 'Museo Conte', 'Centro Fotografia', 'Sighseeing', 'Santa Anastasia']",Casa Giulietta,strategy_nearest,False,0.0025489330291748047,success
0490AD429C4C80,0,['Arena'],Tomba Giulietta,"['San Fermo', 'Museo Storia', 'Museo Lapidario', 'Museo Radio', 'Verona Tour']",Casa Giulietta,strategy_nearest,False,0.0032472610473632812,success
0490B9429C4C80,1,"['Casa Giulietta', 'Arena']",Torre Lamberti,"['Sighseeing', 'Centro Fotografia', 'Museo Conte', 'Palazzo della Ragione', 'AMO']",Palazzo della Ragione,strategy_nearest,True,0.002129077911376953,success
0490C1429C4C80,3,"['Arena', 'Castelvecchio', 'Santa Anastasia']",Duomo,"['AMO', 'Museo Miniscalchi', 'Teatro Romano', 'Palazzo della Ragione', 'Museo Conte']",Teatro Romano,strategy_nearest,True,0.0027980804443359375,success
0490C4429C4C80,1,"['Arena', 'Castelvecchio']",Teatro Romano,"['Santa Anastasia', 'Duomo', 'AMO', 'Palazzo della Ragione', 'Museo Conte']",Torre Lamberti,strategy_nearest,False,0.002705097198486328,success
0490C33A9C4C80,1,"['Teatro Romano', 'Casa Giulietta', 'Arena']",Tomba Giulietta,"['San Fermo', 'Museo Storia', 'Museo Lapidario', 'Museo Radio', 'Verona Tour']",San Fermo,strategy_nearest,True,0.0033440589904785156,success
0490C8429C4C80,0,['Arena'],Torre Lamberti,"['Sighseeing', 'Centro Fotografia', 'Museo Conte', 'Casa Giulietta', 'Palazzo della Ragione']",Casa Giulietta,strategy_nearest,True,0.001252889633178711,success
0490CD3A9C4C80,1,"['Castelvecchio', 'Tomba Giulietta', 'San Fermo', 'Casa Giulietta', 'Torre Lamberti']",Teatro Romano,"['Santa Anastasia', 'Duomo', 'AMO', 'Palazzo della Ragione', 'Museo Conte']",Museo Lapidario,strategy_nearest,False,0.003448009490966797,success
0490CC3A9C4C80,3,"['Castelvecchio', 'San Zeno']",Santa Anastasia,"['AMO', 'Museo Conte', 'Palazzo della Ragione', 'Teatro Romano', 'Centro Fotografia']",Teatro Romano,strategy_nearest,True,0.0018320083618164062,success
0490C63A9C4C80,0,['Arena'],Castelvecchio,"['Museo Lapidario', 'Verona Tour', 'Museo Radio', 'San Zeno', 'Sighseeing']",Torre Lamberti,strategy_nearest,False,0.003670215606689453,success
0490DB3A9C4C80,0,"['Arena', 'Casa Giulietta']",Torre Lamberti,"['Sighseeing', 'Centro Fotografia', 'Museo Conte', 'Palazzo della Ragione', 'AMO']",Giardino Giusti,strategy_nearest,False,0.002248048782348633,success
0490E73A9C4C80,3,"['Arena', 'Casa Giulietta']",Duomo,"['AMO', 'Museo Miniscalchi', 'Santa Anastasia', 'Teatro Romano', 'Palazzo della Ragione']",Torre Lamberti,strategy_nearest,False,0.0035250186920166016,success
0490EDBA7B3F80,1,"['Casa Giulietta', 'Torre Lamberti', 'Palazzo della Ragione', 'Santa Anastasia']",Castelvecchio,"['Museo Lapidario', 'Verona Tour', 'Arena', 'Museo Radio', 'San Zeno']",Arena,strategy_nearest,True,0.0021147727966308594,success
0490E93A9C4C80,0,['Arena'],Castelvecchio,"['Museo Lapidario', 'Verona Tour', 'Museo Radio', 'San Zeno', 'Sighseeing']",Torre Lamberti,strategy_nearest,False,0.0019330978393554688,success
049103C27B3F84,0,"['Casa Giulietta', 'Arena']",Castelvecchio,"['Museo Lapidario', 'Verona Tour', 'Museo Radio', 'San Zeno', 'Sighseeing']",Torre Lamberti,strategy_nearest,False,0.002805948257446289,success
0491053A9C4C84,3,"['Arena', 'Castelvecchio']",Torre Lamberti,"['Sighseeing', 'Centro Fotografia', 'Museo Conte', 'Casa Giulietta', 'Palazzo della Ragione']",Casa Giulietta,strategy_nearest,True,0.0019450187683105469,success
049104C27B3F84,1,"['Arena', 'Casa Giulietta', 'Torre Lamberti']",Palazzo della Ragione,"['AMO', 'Museo Conte', 'Centro Fotografia', 'Sighseeing', 'Santa Anastasia']",Teatro Romano,strategy_nearest,False,0.0019941329956054688,success
04910C3A9C4C84,0,"['Tomba Giulietta', 'Arena']",Santa Anastasia,"['AMO', 'Museo Conte', 'Palazzo della Ragione', 'Teatro Romano', 'Centro Fotografia']",Casa Giulietta,strategy_nearest,False,0.002706766128540039,success
049118429C4C80,0,['Castelvecchio'],Arena,"['Verona Tour', 'Museo Lapidario', 'Museo Radio', 'San Fermo', 'Casa Giulietta']",Casa Giulietta,strategy_nearest,True,0.0034189224243164062,success
04911C429C4C80,1,"['Arena', 'Casa Giulietta']",Torre Lamberti,"['Sighseeing', 'Centro Fotografia', 'Museo Conte', 'Palazzo della Ragione', 'AMO']",Palazzo della Ragione,strategy_nearest,True,0.002023935317993164,success
0491244A9C4C80,1,"['Castelvecchio', 'Torre Lamberti', 'Palazzo della Ragione']",Arena,"['Verona Tour', 'Museo Lapidario', 'Museo Radio', 'San Fermo', 'Casa Giulietta']",Giardino Giusti,strategy_nearest,False,0.00213623046875,success
04912C4A9C4C80,1,"['Arena', 'San Fermo', 'Teatro Romano']",Duomo,"['AMO', 'Museo Miniscalchi', 'Santa Anastasia', 'Palazzo della Ragione', 'Museo Conte']",Castelvecchio,strategy_nearest,False,0.0019562244415283203,success
0491293A9C4C80,0,['Arena'],Castelvecchio,"['Museo Lapidario', 'Verona Tour', 'Museo Radio', 'San Zeno', 'Sighseeing']",Santa Anastasia,strategy_nearest,False,0.0035419464111328125,success
04912CC27B3F80,6,['Arena'],Verona Tour,"['Museo Lapidario', 'Castelvecchio', 'Museo Radio', 'Casa Giulietta', 'Sighseeing']",Castelvecchio,strategy_nearest,True,0.0030968189239501953,success
04914BC27B3F80,3,"['Museo Storia', 'Arena', 'Casa Giulietta']",Santa Anastasia,"['AMO', 'Museo Conte', 'Palazzo della Ragione', 'Teatro Romano', 'Centro Fotografia']",Duomo,strategy_nearest,False,0.003429889678955078,success
049166429C4C80,1,"['Arena', 'Torre Lamberti', 'Palazzo della Ragione']",Casa Giulietta,"['Centro Fotografia', 'Sighseeing', 'Museo Conte', 'Museo Radio', 'San Fermo']",Duomo,strategy_nearest,False,0.002753019332885742,success
04916A429C4C80,0,['Arena'],Castelvecchio,"['Museo Lapidario', 'Verona Tour', 'Museo Radio', 'San Zeno', 'Sighseeing']",Casa Giulietta,strategy_nearest,False,0.0031769275665283203,success
049162429C4C80,1,"['Castelvecchio', 'Arena', 'Tomba Giulietta']",Casa Giulietta,"['Centro Fotografia', 'Sighseeing', 'Torre Lamberti', 'Museo Conte', 'Museo Radio']",Torre Lamberti,strategy_nearest,True,0.0021691322326660156,success
0491753A9C4C80,0,['Arena'],Castelvecchio,"['Museo Lapidario', 'Verona Tour', 'Museo Radio', 'San Zeno', 'Sighseeing']",Torre Lamberti,strategy_nearest,False,0.001985788345336914,success
04917C3A9C4C80,1,"['Arena', 'Casa Giulietta']",Palazzo della Ragione,"['AMO', 'Museo Conte', 'Torre Lamberti', 'Centro Fotografia', 'Sighseeing']",Torre Lamberti,strategy_nearest,True,0.0028891563415527344,success
0491883A9C4C80,0,['Arena'],Tomba Giulietta,"['San Fermo', 'Museo Storia', 'Museo Lapidario', 'Museo Radio', 'Verona Tour']",Castelvecchio,strategy_nearest,False,0.0023107528686523438,success
049180429C4C80,0,"['Arena', 'Torre Lamberti']",Teatro Romano,"['Santa Anastasia', 'Duomo', 'AMO', 'Palazzo della Ragione', 'Museo Conte']",Casa Giulietta,strategy_nearest,False,0.0027740001678466797,success
049182429C4C80,0,"['Arena', 'Casa Giulietta']",Castelvecchio,"['Museo Lapidario', 'Verona Tour', 'Museo Radio', 'San Zeno', 'Sighseeing']",Torre Lamberti,strategy_nearest,False,0.0033941268920898438,success
049189429C4C80,0,['Arena'],Casa Giulietta,"['Centro Fotografia', 'Sighseeing', 'Torre Lamberti', 'Museo Conte', 'Museo Radio']",Duomo,strategy_nearest,False,0.0036020278930664062,success
04918C429C4C80,1,['Arena'],Casa Giulietta,"['Centro Fotografia', 'Sighseeing', 'Torre Lamberti', 'Museo Conte', 'Museo Radio']",Torre Lamberti,strategy_nearest,True,0.0038688182830810547,success
04918F429C4C80,1,"['Arena', 'Torre Lamberti']",Palazzo della Ragione,"['AMO', 'Museo Conte', 'Centro Fotografia', 'Sighseeing', 'Santa Anastasia']",Casa Giulietta,strategy_nearest,False,0.0015139579772949219,success
049197BA7B3F80,1,"['Casa Giulietta', 'Torre Lamberti', 'Palazzo della Ragione', 'Santa Anastasia', 'Castelvecchio']",Arena,"['Verona Tour', 'Museo Lapidario', 'Museo Radio', 'San Fermo', 'Sighseeing']",Museo Lapidario,strategy_nearest,True,0.003174304962158203,success
0491A672743380,1,"['Castelvecchio', 'Arena', 'Casa Giulietta']",Torre Lamberti,"['Sighseeing', 'Centro Fotografia', 'Museo Conte', 'Palazzo della Ragione', 'AMO']",Palazzo della Ragione,strategy_nearest,True,0.002846956253051758,success
0491A3BA7B3F80,1,"['Casa Giulietta', 'Torre Lamberti', 'Palazzo della Ragione', 'Santa Anastasia', 'Duomo']",Castelvecchio,"['Museo Lapidario', 'Verona Tour', 'Arena', 'Museo Radio', 'San Zeno']",Arena,strategy_nearest,True,0.003615856170654297,success
0491A772743380,1,"['Arena', 'Castelvecchio']",Casa Giulietta,"['Centro Fotografia', 'Sighseeing', 'Torre Lamberti', 'Museo Conte', 'Museo Radio']",Palazzo della Ragione,strategy_nearest,False,0.0034410953521728516,success
0491B7429C4C80,3,"['Arena', 'Casa Giulietta']",Santa Anastasia,"['AMO', 'Museo Conte', 'Palazzo della Ragione', 'Teatro Romano', 'Centro Fotografia']",Torre Lamberti,strategy_nearest,False,0.001817941665649414,success
0491BE429C4C80,0,['Casa Giulietta'],Torre Lamberti,"['Sighseeing', 'Centro Fotografia', 'Museo Conte', 'Palazzo della Ragione', 'AMO']",Arena,strategy_nearest,False,0.0026297569274902344,success
0491AA429C4C80,2,"['Casa Giulietta', 'Castelvecchio']",Teatro Romano,"['Santa Anastasia', 'Duomo', 'AMO', 'Palazzo della Ragione', 'Museo Conte']",Santa Anastasia,strategy_nearest,True,0.003960847854614258,success
0491B63A9C4C80,0,['Arena'],Casa Giulietta,"['Centro Fotografia', 'Sighseeing', 'Torre Lamberti', 'Museo Conte', 'Museo Radio']",Castelvecchio,strategy_nearest,False,0.003131866455078125,success
0491C1429C4C80,1,"['Casa Giulietta', 'Castelvecchio']",Arena,"['Verona Tour', 'Museo Lapidario', 'Museo Radio', 'San Fermo', 'Sighseeing']",Tomba Giulietta,strategy_nearest,False,0.002871990203857422,success
0491ECC27B3F80,1,"['Casa Giulietta', 'Duomo', 'Arena', 'Palazzo della Ragione']",Teatro Romano,"['Santa Anastasia', 'AMO', 'Museo Conte', 'Centro Fotografia', 'Museo Miniscalchi']",Giardino Giusti,strategy_nearest,False,0.0033719539642333984,success
0491EA3A9C4C80,0,['Casa Giulietta'],Arena,"['Verona Tour', 'Museo Lapidario', 'Museo Radio', 'San Fermo', 'Sighseeing']",Duomo,strategy_nearest,False,0.003144979476928711,success
0491C2429C4C80,2,"['Museo Lapidario', 'Castelvecchio', 'Palazzo della Ragione']",Torre Lamberti,"['Sighseeing', 'Centro Fotografia', 'Museo Conte', 'Casa Giulietta', 'AMO']",Santa Anastasia,strategy_nearest,False,0.0025010108947753906,success
0491EF3A9C4C80,0,['Casa Giulietta'],Santa Anastasia,"['AMO', 'Museo Conte', 'Palazzo della Ragione', 'Teatro Romano', 'Centro Fotografia']",Arena,strategy_nearest,False,0.002927064895629883,success
0491F2C27B3F80,1,"['Duomo', 'Teatro Romano', 'Casa Giulietta']",Arena,"['Verona Tour', 'Museo Lapidario', 'Museo Radio', 'San Fermo', 'Sighseeing']",Torre Lamberti,strategy_nearest,False,0.0016009807586669922,success
0491F1C27B3F80,1,"['Casa Giulietta', 'Duomo', 'Arena', 'Palazzo della Ragione']",Teatro Romano,"['Santa Anastasia', 'AMO', 'Museo Conte', 'Centro Fotografia', 'Museo Miniscalchi']",Giardino Giusti,strategy_nearest,False,0.0023107528686523438,success
0491F63A9C4C80,1,"['Arena', 'Tomba Giulietta', 'Museo Lapidario']",Castelvecchio,"['Verona Tour', 'Museo Radio', 'San Zeno', 'Sighseeing', 'Museo Miniscalchi']",Torre Lamberti,strategy_nearest,False,0.0034410953521728516,success
0491F8C27B3F80,3,"['Santa Anastasia', 'Duomo']",Teatro Romano,"['AMO', 'Palazzo della Ragione', 'Museo Conte', 'Centro Fotografia', 'Museo Miniscalchi']",Arena,strategy_nearest,False,0.0029439926147460938,success
0491F7C27B3F80,0,"['Casa Giulietta', 'Arena']",Castelvecchio,"['Museo Lapidario', 'Verona Tour', 'Museo Radio', 'San Zeno', 'Sighseeing']",Torre Lamberti,strategy_nearest,False,0.002151966094970703,success
0491FA3A9C4C80,0,"['Torre Lamberti', 'Arena']",Casa Giulietta,"['Centro Fotografia', 'Sighseeing', 'Museo Conte', 'Museo Radio', 'Palazzo della Ragione']",Castelvecchio,strategy_nearest,False,0.002838134765625,success
0491FDC27B3F80,3,"['Santa Anastasia', 'Duomo']",Teatro Romano,"['AMO', 'Palazzo della Ragione', 'Museo Conte', 'Centro Fotografia', 'Museo Miniscalchi']",Arena,strategy_nearest,False,0.0029439926147460938,success
04920EC27B3F80,1,"['Teatro Romano', 'Duomo', 'Torre Lamberti', 'Palazzo della Ragione']",Casa Giulietta,"['Centro Fotografia', 'Sighseeing', 'Museo Conte', 'Museo Radio', 'San Fermo']",Tomba Giulietta,strategy_nearest,False,0.0017971992492675781,success
0491FEC27B3F80,2,['Duomo'],Teatro Romano,"['Santa Anastasia', 'AMO', 'Palazzo della Ragione', 'Museo Conte', 'Centro Fotografia']",Castelvecchio,strategy_nearest,False,0.003161191940307617,success
0492173A9C4C84,0,['Castelvecchio'],San Zeno,"['Verona Tour', 'Museo Lapidario', 'Arena', 'Museo Miniscalchi', 'Sighseeing']",Arena,strategy_nearest,True,0.0023827552795410156,success
0492263A9C4C84,2,['Casa Giulietta'],Santa Anastasia,"['AMO', 'Museo Conte', 'Palazzo della Ragione', 'Teatro Romano', 'Centro Fotografia']",Duomo,strategy_nearest,False,0.003759145736694336,success
04924A429C4C80,1,"['Arena', 'Palazzo della Ragione']",Torre Lamberti,"['Sighseeing', 'Centro Fotografia', 'Museo Conte', 'Casa Giulietta', 'AMO']",Santa Anastasia,strategy_nearest,False,0.0029947757720947266,success
049259429C4C80,1,"['Arena', 'Palazzo della Ragione']",Torre Lamberti,"['Sighseeing', 'Centro Fotografia', 'Museo Conte', 'Casa Giulietta', 'AMO']",Casa Giulietta,strategy_nearest,True,0.0023229122161865234,success
049260429C4C80,3,['Casa Giulietta'],Arena,"['Verona Tour', 'Museo Lapidario', 'Museo Radio', 'San Fermo', 'Sighseeing']",Santa Anastasia,strategy_nearest,False,0.0027990341186523438,success
049273429C4C80,0,['Arena'],Torre Lamberti,"['Sighseeing', 'Centro Fotografia', 'Museo Conte', 'Casa Giulietta', 'Palazzo della Ragione']",Casa Giulietta,strategy_nearest,True,0.002934694290161133,success
04927E3A9C4C80,0,"['Arena', 'Casa Giulietta']",San Fermo,"['Museo Storia', 'Museo Radio', 'Centro Fotografia', 'Sighseeing', 'Torre Lamberti']",Duomo,strategy_nearest,False,0.0029900074005126953,success
0492833A9C4C80,2,['Casa Giulietta'],Torre Lamberti,"['Sighseeing', 'Centro Fotografia', 'Museo Conte', 'Palazzo della Ragione', 'AMO']",Santa Anastasia,strategy_nearest,False,0.0027310848236083984,success
049280429C4C80,0,['Arena'],Casa Giulietta,"['Centro Fotografia', 'Sighseeing', 'Torre Lamberti', 'Museo Conte', 'Museo Radio']",Torre Lamberti,strategy_nearest,True,0.0033898353576660156,success
0492803A9C4C80,1,"['Torre Lamberti', 'Palazzo della Ragione']",Duomo,"['AMO', 'Museo Miniscalchi', 'Santa Anastasia', 'Teatro Romano', 'Museo Conte']",Casa Giulietta,strategy_nearest,False,0.0022988319396972656,success
04928F3A9C4C80,1,"['Arena', 'Casa Giulietta', 'Torre Lamberti']",Palazzo della Ragione,"['AMO', 'Museo Conte', 'Centro Fotografia', 'Sighseeing', 'Santa Anastasia']",Santa Anastasia,strategy_nearest,True,0.0011069774627685547,success
0492A472743380,3,['Arena'],Casa Giulietta,"['Centro Fotografia', 'Sighseeing', 'Torre Lamberti', 'Museo Conte', 'Museo Radio']",Santa Anastasia,strategy_nearest,False,0.0023200511932373047,success
0492A572743380,4,"['Arena', 'Castelvecchio', 'Casa Giulietta', 'San Fermo']",Torre Lamberti,"['Sighseeing', 'Centro Fotografia', 'Museo Conte', 'Palazzo della Ragione', 'AMO']",Santa Anastasia,strategy_nearest,False,0.0026140213012695312,success
0492AC429C4C80,0,['Arena'],Casa Giulietta,"['Centro Fotografia', 'Sighseeing', 'Torre Lamberti', 'Museo Conte', 'Museo Radio']",Palazzo della Ragione,strategy_nearest,False,0.002597808837890625,success
0492B5429C4C80,0,['Castelvecchio'],Arena,"['Verona Tour', 'Museo Lapidario', 'Museo Radio', 'San Fermo', 'Casa Giulietta']",Teatro Romano,strategy_nearest,False,0.0023469924926757812,success
0492AD429C4C80,1,"['Arena', 'Casa Giulietta']",Palazzo della Ragione,"['AMO', 'Museo Conte', 'Torre Lamberti', 'Centro Fotografia', 'Sighseeing']",Torre Lamberti,strategy_nearest,True,0.003491640090942383,success
0492BF429C4C80,0,"['Casa Giulietta', 'Arena']",Tomba Giulietta,"['San Fermo', 'Museo Storia', 'Museo Lapidario', 'Museo Radio', 'Verona Tour']",Castelvecchio,strategy_nearest,False,0.002592802047729492,success
0492C2429C4C80,3,"['Arena', 'San Fermo']",Casa Giulietta,"['Centro Fotografia', 'Sighseeing', 'Torre Lamberti', 'Museo Conte', 'Museo Radio']",Santa Anastasia,strategy_nearest,False,0.002780914306640625,success
0492CF3A9C4C80,3,"['San Zeno', 'Santa Anastasia']",Duomo,"['AMO', 'Museo Miniscalchi', 'Teatro Romano', 'Palazzo della Ragione', 'Museo Conte']",Casa Giulietta,strategy_nearest,False,0.0018301010131835938,success
0492EC3A9C4C80,0,['Torre Lamberti'],Casa Giulietta,"['Centro Fotografia', 'Sighseeing', 'Museo Conte', 'Museo Radio', 'Palazzo della Ragione']",Arena,strategy_nearest,False,0.001962900161743164,success
0492F43A9C4C80,0,['Arena'],Casa Giulietta,"['Centro Fotografia', 'Sighseeing', 'Torre Lamberti', 'Museo Conte', 'Museo Radio']",Torre Lamberti,strategy_nearest,True,0.0028319358825683594,success
0493083A9C4C84,0,['Castelvecchio'],Arena,"['Verona Tour', 'Museo Lapidario', 'Museo Radio', 'San Fermo', 'Casa Giulietta']",Casa Giulietta,strategy_nearest,True,0.0026917457580566406,success
04931C3A9C4C84,0,['Arena'],Casa Giulietta,"['Centro Fotografia', 'Sighseeing', 'Torre Lamberti', 'Museo Conte', 'Museo Radio']",Castelvecchio,strategy_nearest,False,0.002141237258911133,success
049319429C4C84,3,['Arena'],Teatro Romano,"['Santa Anastasia', 'Duomo', 'AMO', 'Palazzo della Ragione', 'Museo Conte']",Santa Anastasia,strategy_nearest,True,0.0033991336822509766,success
049317429C4C80,0,['Torre Lamberti'],Arena,"['Verona Tour', 'Museo Lapidario', 'Museo Radio', 'San Fermo', 'Casa Giulietta']",Castelvecchio,strategy_nearest,False,0.002753019332885742,success
049322C27B3F80,1,"['Arena', 'Casa Giulietta', 'Palazzo della Ragione', 'Torre Lamberti']",Castelvecchio,"['Museo Lapidario', 'Verona Tour', 'Museo Radio', 'San Zeno', 'Sighseeing']",Duomo,strategy_nearest,False,0.003364086151123047,success
0493243A9C4C84,0,['Arena'],Casa Giulietta,"['Centro Fotografia', 'Sighseeing', 'Torre Lamberti', 'Museo Conte', 'Museo Radio']",Duomo,strategy_nearest,False,0.0027649402618408203,success
04932E429C4C80,1,"['Arena', 'Casa Giulietta']",Torre Lamberti,"['Sighseeing', 'Centro Fotografia', 'Museo Conte', 'Palazzo della Ragione', 'AMO']",Palazzo della Ragione,strategy_nearest,True,0.0020852088928222656,success
049334429C4C80,4,"['Torre Lamberti', 'Palazzo della Ragione', 'Casa Giulietta', 'Santa Anastasia']",Teatro Romano,"['Duomo', 'AMO', 'Museo Conte', 'Centro Fotografia', 'Museo Miniscalchi']",Castelvecchio,strategy_nearest,False,0.0032148361206054688,success
0493373A9C4C80,0,['Arena'],Castelvecchio,"['Museo Lapidario', 'Verona Tour', 'Museo Radio', 'San Zeno', 'Sighseeing']",San Zeno,strategy_nearest,True,0.0021631717681884766,success
04933D3A9C4C80,0,['Torre Lamberti'],Arena,"['Verona Tour', 'Museo Lapidario', 'Museo Radio', 'San Fermo', 'Casa Giulietta']",Castelvecchio,strategy_nearest,False,0.0014309883117675781,success
049344C27B3F80,6,['Arena'],Verona Tour,"['Museo Lapidario', 'Castelvecchio', 'Museo Radio', 'Casa Giulietta', 'Sighseeing']",Castelvecchio,strategy_nearest,True,0.0028319358825683594,success
049345C27B3F80,6,['Arena'],Verona Tour,"['Museo Lapidario', 'Castelvecchio', 'Museo Radio', 'Casa Giulietta', 'Sighseeing']",Castelvecchio,strategy_nearest,True,0.0033111572265625,success
049355429C4C80,0,['Casa Giulietta'],Arena,"['Verona Tour', 'Museo Lapidario', 'Museo Radio', 'San Fermo', 'Sighseeing']",Teatro Romano,strategy_nearest,False,0.002937793731689453,success
0493563A9C4C80,4,"['Torre Lamberti', 'Santa Anastasia', 'Duomo']",Teatro Romano,"['AMO', 'Palazzo della Ragione', 'Museo Conte', 'Centro Fotografia', 'Museo Miniscalchi']",Arena,strategy_nearest,False,0.0033249855041503906,success
04934EC27B3F80,1,"['Casa Giulietta', 'Torre Lamberti', 'Palazzo della Ragione', 'Santa Anastasia']",Duomo,"['AMO', 'Museo Miniscalchi', 'Teatro Romano', 'Museo Conte', 'Centro Fotografia']",Teatro Romano,strategy_nearest,True,0.0026772022247314453,success
049366C27B3F80,1,"['Casa Giulietta', 'Torre Lamberti', 'Palazzo della Ragione', 'Santa Anastasia', 'Duomo']",Teatro Romano,"['AMO', 'Museo Conte', 'Centro Fotografia', 'Museo Miniscalchi', 'Giardino Giusti']",Museo Lapidario,strategy_nearest,False,0.002574920654296875,success
04937F429C4C80,0,"['Arena', 'Casa Giulietta']",San Fermo,"['Museo Storia', 'Museo Radio', 'Centro Fotografia', 'Sighseeing', 'Torre Lamberti']",Castelvecchio,strategy_nearest,False,0.002599000930786133,success
049367429C4C80,1,"['Arena', 'Museo Lapidario']",Castelvecchio,"['Verona Tour', 'Museo Radio', 'San Zeno', 'Sighseeing', 'Museo Miniscalchi']",Casa Giulietta,strategy_nearest,False,0.0020380020141601562,success
049387C27B3F80,6,['Arena'],Verona Tour,"['Museo Lapidario', 'Castelvecchio', 'Museo Radio', 'Casa Giulietta', 'Sighseeing']",Castelvecchio,strategy_nearest,True,0.002485036849975586,success
0493894A9C4C80,0,['Arena'],Torre Lamberti,"['Sighseeing', 'Centro Fotografia', 'Museo Conte', 'Casa Giulietta', 'Palazzo della Ragione']",Casa Giulietta,strategy_nearest,True,0.0036249160766601562,success
0493A672743380,3,"['Arena', 'Casa Giulietta', 'Torre Lamberti']",Santa Anastasia,"['AMO', 'Museo Conte', 'Palazzo della Ragione', 'Teatro Romano', 'Centro Fotografia']",San Fermo,strategy_nearest,False,0.0021500587463378906,success
04938E4A9C4C80,3,"['Arena', 'Casa Giulietta']",Torre Lamberti,"['Sighseeing', 'Centro Fotografia', 'Museo Conte', 'Palazzo della Ragione', 'AMO']",Santa Anastasia,strategy_nearest,False,0.0027909278869628906,success
0493A14A9C4C80,3,"['Arena', 'Casa Giulietta', 'Torre Lamberti']",Santa Anastasia,"['AMO', 'Museo Conte', 'Palazzo della Ragione', 'Teatro Romano', 'Centro Fotografia']",Duomo,strategy_nearest,False,0.0027399063110351562,success
04938F429C4C80,1,"['Casa Giulietta', 'Palazzo della Ragione']",Torre Lamberti,"['Sighseeing', 'Centro Fotografia', 'Museo Conte', 'AMO', 'Museo Miniscalchi']",Arena,strategy_nearest,False,0.0034189224243164062,success
0493AB3A9C4C80,3,"['Arena', 'Casa Giulietta']",Torre Lamberti,"['Sighseeing', 'Centro Fotografia', 'Museo Conte', 'Palazzo della Ragione', 'AMO']",Santa Anastasia,strategy_nearest,False,0.0013799667358398438,success
0493AE429C4C80,2,['Casa Giulietta'],Santa Anastasia,"['AMO', 'Museo Conte', 'Palazzo della Ragione', 'Teatro Romano', 'Centro Fotografia']",Duomo,strategy_nearest,False,0.002077817916870117,success
0493B9429C4C80,0,['Duomo'],Teatro Romano,"['Santa Anastasia', 'AMO', 'Palazzo della Ragione', 'Museo Conte', 'Centro Fotografia']",Arena,strategy_nearest,False,0.003149271011352539,success
0493B6429C4C80,1,['Arena'],Casa Giulietta,"['Centro Fotografia', 'Sighseeing', 'Torre Lamberti', 'Museo Conte', 'Museo Radio']",Palazzo della Ragione,strategy_nearest,False,0.002794981002807617,success
0493BF429C4C80,3,"['Arena', 'Torre Lamberti']",Santa Anastasia,"['AMO', 'Museo Conte', 'Palazzo della Ragione', 'Teatro Romano', 'Centro Fotografia']",Duomo,strategy_nearest,False,0.0014820098876953125,success
0493BE429C4C80,3,"['Arena', 'Castelvecchio', 'Torre Lamberti']",Casa Giulietta,"['Centro Fotografia', 'Sighseeing', 'Museo Conte', 'Museo Radio', 'Palazzo della Ragione']",Santa Anastasia,strategy_nearest,False,0.002767801284790039,success
0493C73A9C4C80,0,"['Museo Lapidario', 'Castelvecchio', 'Tomba Giulietta']",Arena,"['Verona Tour', 'Museo Radio', 'San Fermo', 'Casa Giulietta', 'Sighseeing']",Giardino Giusti,strategy_nearest,False,0.003042936325073242,success
0493C2429C4C80,1,"['Castelvecchio', 'Museo Lapidario', 'Arena', 'Casa Giulietta', 'Torre Lamberti']",Palazzo della Ragione,"['AMO', 'Museo Conte', 'Centro Fotografia', 'Sighseeing', 'Santa Anastasia']",Santa Anastasia,strategy_nearest,True,0.002667665481567383,success
0493CF3A9C4C80,3,"['Torre Lamberti', 'Casa Giulietta']",Arena,"['Verona Tour', 'Museo Lapidario', 'Museo Radio', 'San Fermo', 'Sighseeing']",Castelvecchio,strategy_nearest,False,0.0011441707611083984,success
0493F83A9C4C80,2,"['Torre Lamberti', 'Santa Anastasia']",Teatro Romano,"['Duomo', 'AMO', 'Palazzo della Ragione', 'Museo Conte', 'Centro Fotografia']",San Fermo,strategy_nearest,False,0.002347707748413086,success
04940CC27B3F80,3,"['Casa Giulietta', 'Torre Lamberti', 'Santa Anastasia']",Arena,"['Verona Tour', 'Museo Lapidario', 'Museo Radio', 'San Fermo', 'Sighseeing']",Tomba Giulietta,strategy_nearest,False,0.003204822540283203,success
0494053A9C4C84,3,"['Castelvecchio', 'Arena']",Duomo,"['AMO', 'Museo Miniscalchi', 'Santa Anastasia', 'Teatro Romano', 'Palazzo della Ragione']",Santa Anastasia,strategy_nearest,True,0.0028350353240966797,success
04940D429C4C84,3,"['Arena', 'Casa Giulietta']",Torre Lamberti,"['Sighseeing', 'Centro Fotografia', 'Museo Conte', 'Palazzo della Ragione', 'AMO']",Santa Anastasia,strategy_nearest,False,0.0017430782318115234,success
04940E429C4C80,3,"['Arena', 'Casa Giulietta']",Torre Lamberti,"['Sighseeing', 'Centro Fotografia', 'Museo Conte', 'Palazzo della Ragione', 'AMO']",Santa Anastasia,strategy_nearest,False,0.0024199485778808594,success
0494183A9C4C80,3,"['Teatro Romano', 'Duomo']",Santa Anastasia,"['AMO', 'Museo Conte', 'Palazzo della Ragione', 'Centro Fotografia', 'Torre Lamberti']",Arena,strategy_nearest,False,0.002346038818359375,success
04943A3A9C4C80,0,['Arena'],Torre Lamberti,"['Sighseeing', 'Centro Fotografia', 'Museo Conte', 'Casa Giulietta', 'Palazzo della Ragione']",Casa Giulietta,strategy_nearest,True,0.002722024917602539,success
04943B3A9C4C80,0,['Castelvecchio'],Arena,"['Verona Tour', 'Museo Lapidario', 'Museo Radio', 'San Fermo', 'Casa Giulietta']",Casa Giulietta,strategy_nearest,True,0.0018229484558105469,success
0494273A9C4C80,1,"['Arena', 'Casa Giulietta', 'Santa Anastasia']",Castelvecchio,"['Museo Lapidario', 'Verona Tour', 'Museo Radio', 'San Zeno', 'Sighseeing']",Teatro Romano,strategy_nearest,False,0.00414586067199707,success
0494403A9C4C80,3,"['Arena', 'Casa Giulietta', 'Torre Lamberti']",Santa Anastasia,"['AMO', 'Museo Conte', 'Palazzo della Ragione', 'Teatro Romano', 'Centro Fotografia']",Teatro Romano,strategy_nearest,True,0.0020720958709716797,success
04946DC27B3F80,1,"['Casa Giulietta', 'Torre Lamberti', 'Palazzo della Ragione', 'Santa Anastasia']",Duomo,"['AMO', 'Museo Miniscalchi', 'Teatro Romano', 'Museo Conte', 'Centro Fotografia']",Teatro Romano,strategy_nearest,True,0.0026869773864746094,success
0494753A9C4C80,1,['Palazzo della Ragione'],Arena,"['Verona Tour', 'Museo Lapidario', 'Museo Radio', 'San Fermo', 'Casa Giulietta']",Castelvecchio,strategy_nearest,False,0.00269317626953125,success
049471C27B3F80,1,"['Castelvecchio', 'San Zeno', 'Arena', 'Casa Giulietta', 'Torre Lamberti']",Santa Anastasia,"['AMO', 'Museo Conte', 'Palazzo della Ragione', 'Teatro Romano', 'Centro Fotografia']",Duomo,strategy_nearest,False,0.0033528804779052734,success
049479429C4C80,0,['Arena'],Casa Giulietta,"['Centro Fotografia', 'Sighseeing', 'Torre Lamberti', 'Museo Conte', 'Museo Radio']",Torre Lamberti,strategy_nearest,True,0.002307891845703125,success
0494794A9C4C80,0,['Tomba Giulietta'],Casa Giulietta,"['Centro Fotografia', 'Sighseeing', 'Torre Lamberti', 'Museo Conte', 'Museo Radio']",Arena,strategy_nearest,False,0.0028600692749023438,success
04947C3A9C4C80,3,"['Arena', 'Casa Giulietta']",Torre Lamberti,"['Sighseeing', 'Centro Fotografia', 'Museo Conte', 'Palazzo della Ragione', 'AMO']",Castelvecchio,strategy_nearest,False,0.0028150081634521484,success
0494863A9C4C80,0,['Arena'],Torre Lamberti,"['Sighseeing', 'Centro Fotografia', 'Museo Conte', 'Casa Giulietta', 'Palazzo della Ragione']",Casa Giulietta,strategy_nearest,True,0.0034880638122558594,success
049486429C4C80,0,['Arena'],Casa Giulietta,"['Centro Fotografia', 'Sighseeing', 'Torre Lamberti', 'Museo Conte', 'Museo Radio']",Arena,strategy_nearest,False,0.002916097640991211,success
049487429C4C80,1,['Palazzo della Ragione'],Torre Lamberti,"['Sighseeing', 'Centro Fotografia', 'Museo Conte', 'Casa Giulietta', 'AMO']",Santa Anastasia,strategy_nearest,False,0.003403902053833008,success
0494893A9C4C80,1,['Arena'],Castelvecchio,"['Museo Lapidario', 'Verona Tour', 'Museo Radio', 'San Zeno', 'Sighseeing']",Casa Giulietta,strategy_nearest,False,0.002756834030151367,success
049489429C4C80,0,"['Arena', 'Castelvecchio']",Casa Giulietta,"['Centro Fotografia', 'Sighseeing', 'Torre Lamberti', 'Museo Conte', 'Museo Radio']",Torre Lamberti,strategy_nearest,True,0.0028009414672851562,success
04948B429C4C80,1,"['San Zeno', 'Palazzo della Ragione']",Torre Lamberti,"['Sighseeing', 'Centro Fotografia', 'Museo Conte', 'Casa Giulietta', 'AMO']",Casa Giulietta,strategy_nearest,True,0.0034749507904052734,success
04948B4A9C4C80,3,"['Arena', 'Castelvecchio', 'Teatro Romano']",Santa Anastasia,"['AMO', 'Museo Conte', 'Palazzo della Ragione', 'Centro Fotografia', 'Duomo']",Torre Lamberti,strategy_nearest,False,0.0025811195373535156,success
0494A672743380,4,"['Palazzo della Ragione', 'Torre Lamberti', 'Museo Radio']",Tomba Giulietta,"['San Fermo', 'Museo Storia', 'Arena', 'Museo Lapidario', 'Verona Tour']",Arena,strategy_nearest,True,0.0029730796813964844,success
04948C3A9C4C80,3,['Arena'],Santa Anastasia,"['AMO', 'Museo Conte', 'Palazzo della Ragione', 'Teatro Romano', 'Centro Fotografia']",Duomo,strategy_nearest,False,0.0028808116912841797,success
0494B0429C4C80,0,['Arena'],Tomba Giulietta,"['San Fermo', 'Museo Storia', 'Museo Lapidario', 'Museo Radio', 'Verona Tour']",Casa Giulietta,strategy_nearest,False,0.002619028091430664,success
0494B93A9C4C80,1,['Arena'],Casa Giulietta,"['Centro Fotografia', 'Sighseeing', 'Torre Lamberti', 'Museo Conte', 'Museo Radio']",Palazzo della Ragione,strategy_nearest,False,0.0014009475708007812,success
0494B7429C4C80,3,"['Casa Giulietta', 'Santa Anastasia']",Duomo,"['AMO', 'Museo Miniscalchi', 'Teatro Romano', 'Palazzo della Ragione', 'Museo Conte']",Arena,strategy_nearest,False,0.0027930736541748047,success
0494B5429C4C80,0,"['Torre Lamberti', 'Casa Giulietta']",Arena,"['Verona Tour', 'Museo Lapidario', 'Museo Radio', 'San Fermo', 'Sighseeing']",Castelvecchio,strategy_nearest,False,0.003515005111694336,success
0494BE429C4C80,1,"['Arena', 'Torre Lamberti']",Palazzo della Ragione,"['AMO', 'Museo Conte', 'Centro Fotografia', 'Sighseeing', 'Santa Anastasia']",Casa Giulietta,strategy_nearest,False,0.003412961959838867,success
0494BF429C4C80,3,"['Arena', 'Casa Giulietta', 'Santa Anastasia']",Torre Lamberti,"['Sighseeing', 'Centro Fotografia', 'Museo Conte', 'Palazzo della Ragione', 'AMO']",Castelvecchio,strategy_nearest,False,0.0023741722106933594,success
0494E93A9C4C80,0,"['Torre Lamberti', 'Casa Giulietta']",Arena,"['Verona Tour', 'Museo Lapidario', 'Museo Radio', 'San Fermo', 'Sighseeing']",Castelvecchio,strategy_nearest,False,0.00279998779296875,success
0494C33A9C4C80,1,"['Arena', 'Casa Giulietta']",Torre Lamberti,"['Sighseeing', 'Centro Fotografia', 'Museo Conte', 'Palazzo della Ragione', 'AMO']",Palazzo della Ragione,strategy_nearest,True,0.0034949779510498047,success
0494EB3A9C4C80,1,"['Arena', 'Casa Giulietta']",San Fermo,"['Museo Storia', 'Museo Radio', 'Centro Fotografia', 'Sighseeing', 'Torre Lamberti']",Palazzo della Ragione,strategy_nearest,False,0.0013730525970458984,success
0494F0429C4C80,1,"['Arena', 'Casa Giulietta', 'Torre Lamberti', 'Palazzo della Ragione']",Castelvecchio,"['Museo Lapidario', 'Verona Tour', 'Museo Radio', 'San Zeno', 'Sighseeing']",Duomo,strategy_nearest,False,0.002154111862182617,success
0494ED3A9C4C80,1,"['Arena', 'Casa Giulietta', 'Palazzo della Ragione']",Torre Lamberti,"['Sighseeing', 'Centro Fotografia', 'Museo Conte', 'AMO', 'Museo Miniscalchi']",Santa Anastasia,strategy_nearest,False,0.002866029739379883,success
0494F6C27B3F80,1,"['Casa Giulietta', 'Torre Lamberti', 'Palazzo della Ragione']",Santa Anastasia,"['AMO', 'Museo Conte', 'Teatro Romano', 'Centro Fotografia', 'Duomo']",Arena,strategy_nearest,False,0.0032219886779785156,success
0494FC3A9C4C80,3,"['Torre Lamberti', 'Casa Giulietta']",Santa Anastasia,"['AMO', 'Museo Conte', 'Palazzo della Ragione', 'Teatro Romano', 'Centro Fotografia']",Duomo,strategy_nearest,False,0.002949953079223633,success
0494F7C27B3F80,1,"['Casa Giulietta', 'Torre Lamberti', 'Palazzo della Ragione']",Santa Anastasia,"['AMO', 'Museo Conte', 'Teatro Romano', 'Centro Fotografia', 'Duomo']",Arena,strategy_nearest,False,0.002277851104736328,success
0494FCC27B3F80,1,"['Casa Giulietta', 'Palazzo della Ragione', 'Torre Lamberti']",Santa Anastasia,"['AMO', 'Museo Conte', 'Teatro Romano', 'Centro Fotografia', 'Duomo']",Arena,strategy_nearest,False,0.0028009414672851562,success
0494FDC27B3F80,1,"['Casa Giulietta', 'Palazzo della Ragione', 'Torre Lamberti']",Santa Anastasia,"['AMO', 'Museo Conte', 'Teatro Romano', 'Centro Fotografia', 'Duomo']",Arena,strategy_nearest,False,0.0022897720336914062,success
04950A3A9C4C84,1,"['Arena', 'Torre Lamberti']",Palazzo della Ragione,"['AMO', 'Museo Conte', 'Centro Fotografia', 'Sighseeing', 'Santa Anastasia']",Santa Anastasia,strategy_nearest,True,0.0025141239166259766,success
0494FE3A9C4C80,0,['Arena'],Casa Giulietta,"['Centro Fotografia', 'Sighseeing', 'Torre Lamberti', 'Museo Conte', 'Museo Radio']",Torre Lamberti,strategy_nearest,True,0.0038907527923583984,success
049516C27B3F80,1,"['Casa Giulietta', 'Torre Lamberti', 'Palazzo della Ragione', 'Santa Anastasia', 'Duomo']",Teatro Romano,"['AMO', 'Museo Conte', 'Centro Fotografia', 'Museo Miniscalchi', 'Giardino Giusti']",Museo Lapidario,strategy_nearest,False,0.003329038619995117,success
0495133A9C4C84,1,"['Arena', 'Casa Giulietta', 'Torre Lamberti']",Palazzo della Ragione,"['AMO', 'Museo Conte', 'Centro Fotografia', 'Sighseeing', 'Santa Anastasia']",Duomo,strategy_nearest,False,0.0026438236236572266,success
0495183A9C4C84,0,"['Arena', 'Casa Giulietta']",Teatro Romano,"['Santa Anastasia', 'Duomo', 'AMO', 'Palazzo della Ragione', 'Museo Conte']",Torre Lamberti,strategy_nearest,False,0.001863718032836914,success
04951E3A9C4C84,3,"['Arena', 'Casa Giulietta']",Torre Lamberti,"['Sighseeing', 'Centro Fotografia', 'Museo Conte', 'Palazzo della Ragione', 'AMO']",Santa Anastasia,strategy_nearest,False,0.0025720596313476562,success
0495173A9C4C84,0,"['Tomba Giulietta', 'San Fermo', 'Casa Giulietta']",Torre Lamberti,"['Sighseeing', 'Centro Fotografia', 'Museo Conte', 'Palazzo della Ragione', 'AMO']",Arena,strategy_nearest,False,0.003524303436279297,success
04951D3A9C4C84,3,"['Arena', 'Casa Giulietta', 'Torre Lamberti']",Castelvecchio,"['Museo Lapidario', 'Verona Tour', 'Museo Radio', 'San Zeno', 'Sighseeing']",Santa Anastasia,strategy_nearest,False,0.003818988800048828,success
049536C27B3F80,1,"['Arena', 'Palazzo della Ragione', 'Torre Lamberti', 'Casa Giulietta']",Santa Anastasia,"['AMO', 'Museo Conte', 'Teatro Romano', 'Centro Fotografia', 'Duomo']",Duomo,strategy_nearest,True,0.001928091049194336,success
0495303A9C4C80,0,['Santa Anastasia'],Casa Giulietta,"['Centro Fotografia', 'Sighseeing', 'Torre Lamberti', 'Museo Conte', 'Museo Radio']",Arena,strategy_nearest,False,0.002670764923095703,success
04953F3A9C4C80,1,['Arena'],Torre Lamberti,"['Sighseeing', 'Centro Fotografia', 'Museo Conte', 'Casa Giulietta', 'Palazzo della Ragione']",Palazzo della Ragione,strategy_nearest,True,0.003464937210083008,success
049541C27B3F80,3,"['Arena', 'Castelvecchio', 'Casa Giulietta']",Torre Lamberti,"['Sighseeing', 'Centro Fotografia', 'Museo Conte', 'Palazzo della Ragione', 'AMO']",Santa Anastasia,strategy_nearest,False,0.002679109573364258,success
049547C27B3F80,3,"['Arena', 'Museo Lapidario', 'Castelvecchio', 'Torre Lamberti']",Casa Giulietta,"['Centro Fotografia', 'Sighseeing', 'Museo Conte', 'Museo Radio', 'Palazzo della Ragione']",Santa Anastasia,strategy_nearest,False,0.002574920654296875,success
04954DC27B3F80,3,"['Arena', 'Castelvecchio', 'Casa Giulietta']",Torre Lamberti,"['Sighseeing', 'Centro Fotografia', 'Museo Conte', 'Palazzo della Ragione', 'AMO']",Santa Anastasia,strategy_nearest,False,0.0023849010467529297,success
049548C27B3F80,3,"['Arena', 'Museo Lapidario']",Castelvecchio,"['Verona Tour', 'Museo Radio', 'San Zeno', 'Sighseeing', 'Museo Miniscalchi']",Casa Giulietta,strategy_nearest,False,0.004105806350708008,success
049560C27B3F80,3,['Arena'],Santa Anastasia,"['AMO', 'Museo Conte', 'Palazzo della Ragione', 'Teatro Romano', 'Centro Fotografia']",San Zeno,strategy_nearest,False,0.0014357566833496094,success
049565C27B3F80,3,"['Arena', 'Castelvecchio']",San Zeno,"['Verona Tour', 'Museo Lapidario', 'Museo Miniscalchi', 'Sighseeing', 'Museo Radio']",Duomo,strategy_nearest,False,0.0025458335876464844,success
049554C27B3F80,3,"['Arena', 'Museo Lapidario']",Castelvecchio,"['Verona Tour', 'Museo Radio', 'San Zeno', 'Sighseeing', 'Museo Miniscalchi']",Casa Giulietta,strategy_nearest,False,0.003392934799194336,success
049569429C4C80,3,"['Arena', 'Casa Giulietta']",Torre Lamberti,"['Sighseeing', 'Centro Fotografia', 'Museo Conte', 'Palazzo della Ragione', 'AMO']",Santa Anastasia,strategy_nearest,False,0.0031049251556396484,success
049571C27B3F80,3,"['Arena', 'Castelvecchio']",San Zeno,"['Verona Tour', 'Museo Lapidario', 'Museo Miniscalchi', 'Sighseeing', 'Museo Radio']",Duomo,strategy_nearest,False,0.0022211074829101562,success
0495713A9C4C80,3,"['Duomo', 'Teatro Romano']",Torre Lamberti,"['Sighseeing', 'Centro Fotografia', 'Museo Conte', 'Casa Giulietta', 'Palazzo della Ragione']",Casa Giulietta,strategy_nearest,True,0.0020570755004882812,success
049578C27B3F80,1,"['Arena', 'Castelvecchio']",Torre Lamberti,"['Sighseeing', 'Centro Fotografia', 'Museo Conte', 'Casa Giulietta', 'Palazzo della Ragione']",Palazzo della Ragione,strategy_nearest,True,0.0029649734497070312,success
04956CC27B3F80,1,"['Arena', 'Castelvecchio']",Torre Lamberti,"['Sighseeing', 'Centro Fotografia', 'Museo Conte', 'Casa Giulietta', 'Palazzo della Ragione']",Palazzo della Ragione,strategy_nearest,True,0.0035572052001953125,success
049579429C4C80,0,"['Teatro Romano', 'Duomo']",Casa Giulietta,"['Centro Fotografia', 'Sighseeing', 'Torre Lamberti', 'Museo Conte', 'Museo Radio']",Arena,strategy_nearest,False,0.0027010440826416016,success
04957C3A9C4C80,0,['Arena'],Castelvecchio,"['Museo Lapidario', 'Verona Tour', 'Museo Radio', 'San Zeno', 'Sighseeing']",Casa Giulietta,strategy_nearest,False,0.0019431114196777344,success
04957A4A9C4C80,0,"['Arena', 'Casa Giulietta']",Teatro Romano,"['Santa Anastasia', 'Duomo', 'AMO', 'Palazzo della Ragione', 'Museo Conte']",Museo Lapidario,strategy_nearest,False,0.0029642581939697266,success
0495853A9C4C80,1,"['Museo Lapidario', 'Arena', 'Tomba Giulietta']",Casa Giulietta,"['Centro Fotografia', 'Sighseeing', 'Torre Lamberti', 'Museo Conte', 'Museo Radio']",Palazzo della Ragione,strategy_nearest,False,0.0024530887603759766,success
0495804A9C4C80,1,['Arena'],Torre Lamberti,"['Sighseeing', 'Centro Fotografia', 'Museo Conte', 'Casa Giulietta', 'Palazzo della Ragione']",Palazzo della Ragione,strategy_nearest,True,0.003358125686645508,success
0495A472743380,2,['Duomo'],Santa Anastasia,"['AMO', 'Museo Conte', 'Palazzo della Ragione', 'Teatro Romano', 'Centro Fotografia']",San Fermo,strategy_nearest,False,0.0024640560150146484,success
0495A572743380,2,"['Santa Anastasia', 'Castelvecchio']",San Zeno,"['Verona Tour', 'Museo Lapidario', 'Arena', 'Museo Miniscalchi', 'Sighseeing']",San Fermo,strategy_nearest,False,0.002518177032470703,success
0495A9429C4C80,3,"['Arena', 'Casa Giulietta']",Torre Lamberti,"['Sighseeing', 'Centro Fotografia', 'Museo Conte', 'Palazzo della Ragione', 'AMO']",Duomo,strategy_nearest,False,0.002602815628051758,success
0495AB3A9C4C80,0,['Arena'],Casa Giulietta,"['Centro Fotografia', 'Sighseeing', 'Torre Lamberti', 'Museo Conte', 'Museo Radio']",Castelvecchio,strategy_nearest,False,0.003200054168701172,success
0495A6429C4C80,0,['Arena'],Casa Giulietta,"['Centro Fotografia', 'Sighseeing', 'Torre Lamberti', 'Museo Conte', 'Museo Radio']",Torre Lamberti,strategy_nearest,True,0.002749204635620117,success
0495B9429C4C80,1,"['San Fermo', 'Santa Anastasia', 'Duomo', 'Teatro Romano']",Casa Giulietta,"['Centro Fotografia', 'Sighseeing', 'Torre Lamberti', 'Museo Conte', 'Museo Radio']",Castelvecchio,strategy_nearest,False,0.002516031265258789,success
0495C9429C4C80,0,['Arena'],Casa Giulietta,"['Centro Fotografia', 'Sighseeing', 'Torre Lamberti', 'Museo Conte', 'Museo Radio']",Teatro Romano,strategy_nearest,False,0.00203704833984375,success
0495CD429C4C80,3,"['Arena', 'Museo Lapidario', 'Torre Lamberti']",Casa Giulietta,"['Centro Fotografia', 'Sighseeing', 'Museo Conte', 'Museo Radio', 'Palazzo della Ragione']",Tomba Giulietta,strategy_nearest,False,0.002701282501220703,success
0495EC3A9C4C80,6,['Verona Tour'],Arena,"['Museo Lapidario', 'Museo Radio', 'San Fermo', 'Casa Giulietta', 'Sighseeing']",Casa Giulietta,strategy_nearest,True,0.0025300979614257812,success
0495F33A9C4C80,3,"['Arena', 'Casa Giulietta']",Torre Lamberti,"['Sighseeing', 'Centro Fotografia', 'Museo Conte', 'Palazzo della Ragione', 'AMO']",Santa Anastasia,strategy_nearest,False,0.003468036651611328,success
0495FE3A9C4C80,3,"['Arena', 'Casa Giulietta']",Santa Anastasia,"['AMO', 'Museo Conte', 'Palazzo della Ragione', 'Teatro Romano', 'Centro Fotografia']",Duomo,strategy_nearest,False,0.002474069595336914,success
0496043A9C4C84,1,['Arena'],Casa Giulietta,"['Centro Fotografia', 'Sighseeing', 'Torre Lamberti', 'Museo Conte', 'Museo Radio']",Torre Lamberti,strategy_nearest,True,0.002627134323120117,success
0496183A9C4C84,2,['Torre Lamberti'],Casa Giulietta,"['Centro Fotografia', 'Sighseeing', 'Museo Conte', 'Museo Radio', 'Palazzo della Ragione']",Castelvecchio,strategy_nearest,False,0.002928018569946289,success
04961B3A9C4C84,0,['Arena'],Casa Giulietta,"['Centro Fotografia', 'Sighseeing', 'Torre Lamberti', 'Museo Conte', 'Museo Radio']",Torre Lamberti,strategy_nearest,True,0.002379894256591797,success
049610429C4C84,3,"['Torre Lamberti', 'Casa Giulietta', 'Santa Anastasia']",Duomo,"['AMO', 'Museo Miniscalchi', 'Teatro Romano', 'Palazzo della Ragione', 'Museo Conte']",Teatro Romano,strategy_nearest,True,0.0024199485778808594,success
04961FC27B3F80,3,"['Arena', 'Casa Giulietta', 'Santa Anastasia']",Castelvecchio,"['Museo Lapidario', 'Verona Tour', 'Museo Radio', 'San Zeno', 'Sighseeing']",Duomo,strategy_nearest,False,0.0012810230255126953,success
04961B429C4C84,0,['Arena'],San Fermo,"['Museo Storia', 'Museo Radio', 'Casa Giulietta', 'Centro Fotografia', 'Sighseeing']",Tomba Giulietta,strategy_nearest,False,0.002851724624633789,success
04961E3A9C4C84,0,['Castelvecchio'],Arena,"['Verona Tour', 'Museo Lapidario', 'Museo Radio', 'San Fermo', 'Casa Giulietta']",Casa Giulietta,strategy_nearest,True,0.0026400089263916016,success
049633429C4C80,1,['Arena'],Torre Lamberti,"['Sighseeing', 'Centro Fotografia', 'Museo Conte', 'Casa Giulietta', 'Palazzo della Ragione']",Palazzo della Ragione,strategy_nearest,True,0.0036139488220214844,success
049638429C4C80,0,['Casa Giulietta'],Torre Lamberti,"['Sighseeing', 'Centro Fotografia', 'Museo Conte', 'Palazzo della Ragione', 'AMO']",Arena,strategy_nearest,False,0.0026710033416748047,success
04963DC27B3F80,1,"['Arena', 'Casa Giulietta']",Palazzo della Ragione,"['AMO', 'Museo Conte', 'Torre Lamberti', 'Centro Fotografia', 'Sighseeing']",Duomo,strategy_nearest,False,0.0026121139526367188,success
0496413A9C4C80,0,['Castelvecchio'],Arena,"['Verona Tour', 'Museo Lapidario', 'Museo Radio', 'San Fermo', 'Casa Giulietta']",Torre Lamberti,strategy_nearest,False,0.003175973892211914,success
04966E429C4C80,0,['Arena'],Casa Giulietta,"['Centro Fotografia', 'Sighseeing', 'Torre Lamberti', 'Museo Conte', 'Museo Radio']",Duomo,strategy_nearest,False,0.0020940303802490234,success
049656C27B3F80,1,"['Arena', 'Casa Giulietta']",Museo Lapidario,"['Verona Tour', 'Castelvecchio', 'Museo Radio', 'San Fermo', 'Tomba Giulietta']",Torre Lamberti,strategy_nearest,False,0.0015709400177001953,success
0496793A9C4C80,3,['Arena'],Torre Lamberti,"['Sighseeing', 'Centro Fotografia', 'Museo Conte', 'Casa Giulietta', 'Palazzo della Ragione']",Santa Anastasia,strategy_nearest,False,0.0028018951416015625,success
04967A429C4C80,3,"['Arena', 'Torre Lamberti']",Casa Giulietta,"['Centro Fotografia', 'Sighseeing', 'Museo Conte', 'Museo Radio', 'Palazzo della Ragione']",Santa Anastasia,strategy_nearest,False,0.0025742053985595703,success
04967A4A9C4C80,1,"['Torre Lamberti', 'Palazzo della Ragione']",Casa Giulietta,"['Centro Fotografia', 'Sighseeing', 'Museo Conte', 'Museo Radio', 'San Fermo']",Arena,strategy_nearest,False,0.0018239021301269531,success
04967B4A9C4C80,0,['Arena'],Casa Giulietta,"['Centro Fotografia', 'Sighseeing', 'Torre Lamberti', 'Museo Conte', 'Museo Radio']",Castelvecchio,strategy_nearest,False,0.003153085708618164,success
04967B3A9C4C80,0,['Arena'],Torre Lamberti,"['Sighseeing', 'Centro Fotografia', 'Museo Conte', 'Casa Giulietta', 'Palazzo della Ragione']",Casa Giulietta,strategy_nearest,True,0.0027337074279785156,success
04967E3A9C4C80,1,"['Arena', 'Casa Giulietta']",Torre Lamberti,"['Sighseeing', 'Centro Fotografia', 'Museo Conte', 'Palazzo della Ragione', 'AMO']",Palazzo della Ragione,strategy_nearest,True,0.0031218528747558594,success
04967C429C4C80,1,['Arena'],Casa Giulietta,"['Centro Fotografia', 'Sighseeing', 'Torre Lamberti', 'Museo Conte', 'Museo Radio']",Palazzo della Ragione,strategy_nearest,False,0.002586841583251953,success
0496854A9C4C80,3,"['Arena', 'Casa Giulietta']",Santa Anastasia,"['AMO', 'Museo Conte', 'Palazzo della Ragione', 'Teatro Romano', 'Centro Fotografia']",Duomo,strategy_nearest,False,0.0024881362915039062,success
049685C27B3F80,3,"['Tomba Giulietta', 'Torre Lamberti']",Casa Giulietta,"['Centro Fotografia', 'Sighseeing', 'Museo Conte', 'Museo Radio', 'Palazzo della Ragione']",Arena,strategy_nearest,False,0.002651214599609375,success
04968B3A9C4C80,3,"['Arena', 'San Zeno']",Torre Lamberti,"['Sighseeing', 'Centro Fotografia', 'Museo Conte', 'Casa Giulietta', 'Palazzo della Ragione']",Casa Giulietta,strategy_nearest,True,0.0027189254760742188,success
049691C27B3F80,3,"['Tomba Giulietta', 'Torre Lamberti', 'Casa Giulietta']",Arena,"['Verona Tour', 'Museo Lapidario', 'Museo Radio', 'San Fermo', 'Sighseeing']",Santa Anastasia,strategy_nearest,False,0.003421783447265625,success
0496954A9C4C80,3,"['Arena', 'Casa Giulietta']",Santa Anastasia,"['AMO', 'Museo Conte', 'Palazzo della Ragione', 'Teatro Romano', 'Centro Fotografia']",Duomo,strategy_nearest,False,0.0030031204223632812,success
04969B429C4C80,0,"['Arena', 'Casa Giulietta']",Torre Lamberti,"['Sighseeing', 'Centro Fotografia', 'Museo Conte', 'Palazzo della Ragione', 'AMO']",Castelvecchio,strategy_nearest,False,0.0032918453216552734,success
0496A7429C4C80,1,"['Castelvecchio', 'Arena']",Torre Lamberti,"['Sighseeing', 'Centro Fotografia', 'Museo Conte', 'Casa Giulietta', 'Palazzo della Ragione']",Palazzo della Ragione,strategy_nearest,True,0.002540111541748047,success
0496A63A9C4C80,3,['Arena'],Casa Giulietta,"['Centro Fotografia', 'Sighseeing', 'Torre Lamberti', 'Museo Conte', 'Museo Radio']",Santa Anastasia,strategy_nearest,False,0.003816843032836914,success
0496A9429C4C80,0,['Arena'],Casa Giulietta,"['Centro Fotografia', 'Sighseeing', 'Torre Lamberti', 'Museo Conte', 'Museo Radio']",Torre Lamberti,strategy_nearest,True,0.0032241344451904297,success
0496A83A9C4C80,0,"['Arena', 'Castelvecchio']",Casa Giulietta,"['Centro Fotografia', 'Sighseeing', 'Torre Lamberti', 'Museo Conte', 'Museo Radio']",Torre Lamberti,strategy_nearest,True,0.0032231807708740234,success
0496B33A9C4C80,0,['Castelvecchio'],Arena,"['Verona Tour', 'Museo Lapidario', 'Museo Radio', 'San Fermo', 'Casa Giulietta']",Torre Lamberti,strategy_nearest,False,0.003031015396118164,success
0496A9C27B3F80,3,"['Arena', 'Castelvecchio', 'Duomo']",Santa Anastasia,"['AMO', 'Museo Conte', 'Palazzo della Ragione', 'Teatro Romano', 'Centro Fotografia']",San Fermo,strategy_nearest,False,0.0024881362915039062,success
0496EC3A9C4C80,1,"['Palazzo della Ragione', 'Torre Lamberti', 'Casa Giulietta']",San Fermo,"['Museo Storia', 'Museo Radio', 'Centro Fotografia', 'Arena', 'Sighseeing']",Museo Storia,strategy_nearest,True,0.0027070045471191406,success
04970E3A9C4C84,3,"['Arena', 'Casa Giulietta']",Santa Anastasia,"['AMO', 'Museo Conte', 'Palazzo della Ragione', 'Teatro Romano', 'Centro Fotografia']",Teatro Romano,strategy_nearest,True,0.002705812454223633,success
0496B93A9C4C80,0,"['Arena', 'Museo Lapidario']",Castelvecchio,"['Verona Tour', 'Museo Radio', 'San Zeno', 'Sighseeing', 'Museo Miniscalchi']",Torre Lamberti,strategy_nearest,False,0.0034241676330566406,success
0497113A9C4C84,3,"['Tomba Giulietta', 'Casa Giulietta']",Torre Lamberti,"['Sighseeing', 'Centro Fotografia', 'Museo Conte', 'Palazzo della Ragione', 'AMO']",Santa Anastasia,strategy_nearest,False,0.0033159255981445312,success
04972D429C4C80,0,"['Arena', 'Tomba Giulietta']",Casa Giulietta,"['Centro Fotografia', 'Sighseeing', 'Torre Lamberti', 'Museo Conte', 'Museo Radio']",Torre Lamberti,strategy_nearest,True,0.0026056766510009766,success
0497393A9C4C80,1,"['Arena', 'Museo Storia', 'Torre Lamberti']",Palazzo della Ragione,"['AMO', 'Museo Conte', 'Centro Fotografia', 'Sighseeing', 'Santa Anastasia']",Santa Anastasia,strategy_nearest,True,0.002718210220336914,success
049719429C4C80,0,"['Teatro Romano', 'Casa Giulietta']",Arena,"['Verona Tour', 'Museo Lapidario', 'Museo Radio', 'San Fermo', 'Sighseeing']",Castelvecchio,strategy_nearest,False,0.0031778812408447266,success
04973E429C4C80,0,['Arena'],Museo Lapidario,"['Verona Tour', 'Castelvecchio', 'Museo Radio', 'San Fermo', 'Casa Giulietta']",Casa Giulietta,strategy_nearest,True,0.003159046173095703,success
049742429C4C80,0,['Arena'],Torre Lamberti,"['Sighseeing', 'Centro Fotografia', 'Museo Conte', 'Casa Giulietta', 'Palazzo della Ragione']",Casa Giulietta,strategy_nearest,True,0.0027282238006591797,success
049767429C4C80,3,"['Casa Giulietta', 'Arena']",Santa Anastasia,"['AMO', 'Museo Conte', 'Palazzo della Ragione', 'Teatro Romano', 'Centro Fotografia']",Duomo,strategy_nearest,False,0.0026400089263916016,success
049777429C4C80,0,['Arena'],Casa Giulietta,"['Centro Fotografia', 'Sighseeing', 'Torre Lamberti', 'Museo Conte', 'Museo Radio']",Torre Lamberti,strategy_nearest,True,0.003233671188354492,success
04977D429C4C80,3,"['Arena', 'Casa Giulietta', 'Torre Lamberti']",Santa Anastasia,"['AMO', 'Museo Conte', 'Palazzo della Ragione', 'Teatro Romano', 'Centro Fotografia']",San Fermo,strategy_nearest,False,0.0031728744506835938,success
04977C4A9C4C80,3,"['Arena', 'Casa Giulietta']",Castelvecchio,"['Museo Lapidario', 'Verona Tour', 'Museo Radio', 'San Zeno', 'Sighseeing']",Torre Lamberti,strategy_nearest,False,0.0030977725982666016,success
0497814A9C4C80,3,"['Castelvecchio', 'San Zeno']",Arena,"['Verona Tour', 'Museo Lapidario', 'Museo Radio', 'San Fermo', 'Casa Giulietta']",Torre Lamberti,strategy_nearest,False,0.002340078353881836,success
0497854A9C4C80,1,"['Arena', 'Casa Giulietta']",Santa Anastasia,"['AMO', 'Museo Conte', 'Palazzo della Ragione', 'Teatro Romano', 'Centro Fotografia']",Duomo,strategy_nearest,False,0.0029189586639404297,success
04978B3A9C4C80,3,['Arena'],Torre Lamberti,"['Sighseeing', 'Centro Fotografia', 'Museo Conte', 'Casa Giulietta', 'Palazzo della Ragione']",Santa Anastasia,strategy_nearest,False,0.0023679733276367188,success
04978F3A9C4C80,1,"['Arena', 'Casa Giulietta']",Palazzo della Ragione,"['AMO', 'Museo Conte', 'Torre Lamberti', 'Centro Fotografia', 'Sighseeing']",Torre Lamberti,strategy_nearest,True,0.0018877983093261719,success
0497964A9C4C80,3,"['Arena', 'Casa Giulietta']",San Fermo,"['Museo Storia', 'Museo Radio', 'Centro Fotografia', 'Sighseeing', 'Torre Lamberti']",Santa Anastasia,strategy_nearest,False,0.003225088119506836,success
04978B429C4C80,1,['Arena'],Torre Lamberti,"['Sighseeing', 'Centro Fotografia', 'Museo Conte', 'Casa Giulietta', 'Palazzo della Ragione']",Palazzo della Ragione,strategy_nearest,True,0.0028400421142578125,success
0497A4429C4C80,3,"['Arena', 'Teatro Romano', 'Duomo']",Torre Lamberti,"['Sighseeing', 'Centro Fotografia', 'Museo Conte', 'Casa Giulietta', 'Palazzo della Ragione']",Casa Giulietta,strategy_nearest,True,0.003058910369873047,success
0497A672743380,1,"['Arena', 'Casa Giulietta', 'Palazzo della Ragione', 'Torre Lamberti', 'Santa Anastasia']",Duomo,"['AMO', 'Museo Miniscalchi', 'Teatro Romano', 'Museo Conte', 'Centro Fotografia']",Castelvecchio,strategy_nearest,False,0.004166126251220703,success
0497B3429C4C80,1,"['Castelvecchio', 'Casa Giulietta']",Torre Lamberti,"['Sighseeing', 'Centro Fotografia', 'Museo Conte', 'Palazzo della Ragione', 'AMO']",Palazzo della Ragione,strategy_nearest,True,0.003242015838623047,success
0497AD429C4C80,0,['Arena'],Casa Giulietta,"['Centro Fotografia', 'Sighseeing', 'Torre Lamberti', 'Museo Conte', 'Museo Radio']",Torre Lamberti,strategy_nearest,True,0.002189159393310547,success
0497C0429C4C80,0,['Casa Giulietta'],Castelvecchio,"['Museo Lapidario', 'Verona Tour', 'Arena', 'Museo Radio', 'San Zeno']",Arena,strategy_nearest,True,0.0028738975524902344,success
049819429C4C80,0,['Arena'],Casa Giulietta,"['Centro Fotografia', 'Sighseeing', 'Torre Lamberti', 'Museo Conte', 'Museo Radio']",Giardino Giusti,strategy_nearest,False,0.0020737648010253906,success
0498153A9C4C84,3,"['Arena', 'Torre Lamberti']",Casa Giulietta,"['Centro Fotografia', 'Sighseeing', 'Museo Conte', 'Museo Radio', 'Palazzo della Ragione']",Santa Anastasia,strategy_nearest,False,0.003326892852783203,success
0497C9429C4C80,0,['Arena'],Casa Giulietta,"['Centro Fotografia', 'Sighseeing', 'Torre Lamberti', 'Museo Conte', 'Museo Radio']",Santa Anastasia,strategy_nearest,False,0.002135038375854492,success
049841429C4C80,1,"['Arena', 'Castelvecchio']",Torre Lamberti,"['Sighseeing', 'Centro Fotografia', 'Museo Conte', 'Casa Giulietta', 'Palazzo della Ragione']",Palazzo della Ragione,strategy_nearest,True,0.0020668506622314453,success
0498234A9C4C80,3,"['Castelvecchio', 'Tomba Giulietta', 'Arena', 'San Fermo']",Casa Giulietta,"['Centro Fotografia', 'Sighseeing', 'Torre Lamberti', 'Museo Conte', 'Museo Radio']",Santa Anastasia,strategy_nearest,False,0.003389120101928711,success
049849429C4C80,2,['Santa Anastasia'],San Fermo,"['Museo Storia', 'Museo Radio', 'Casa Giulietta', 'Centro Fotografia', 'Arena']",Museo Storia,strategy_nearest,True,0.0024766921997070312,success
0498263A9C4C84,0,['Casa Giulietta'],Torre Lamberti,"['Sighseeing', 'Centro Fotografia', 'Museo Conte', 'Palazzo della Ragione', 'AMO']",Arena,strategy_nearest,False,0.0034332275390625,success
04987C429C4C80,0,['Teatro Romano'],Casa Giulietta,"['Centro Fotografia', 'Sighseeing', 'Torre Lamberti', 'Museo Conte', 'Museo Radio']",Arena,strategy_nearest,False,0.0036520957946777344,success
04987F429C4C80,1,"['Arena', 'Duomo']",Santa Anastasia,"['AMO', 'Museo Conte', 'Palazzo della Ragione', 'Teatro Romano', 'Centro Fotografia']",Casa Giulietta,strategy_nearest,False,0.0028138160705566406,success
04987D3A9C4C80,1,['Arena'],Casa Giulietta,"['Centro Fotografia', 'Sighseeing', 'Torre Lamberti', 'Museo Conte', 'Museo Radio']",Torre Lamberti,strategy_nearest,True,0.0016529560089111328,success
0498823A9C4C80,3,"['Casa Giulietta', 'Torre Lamberti', 'Duomo']",Castelvecchio,"['Museo Lapidario', 'Verona Tour', 'Arena', 'Museo Radio', 'San Zeno']",Arena,strategy_nearest,True,0.0030231475830078125,success
0498834A9C4C80,2,"['Casa Giulietta', 'Torre Lamberti']",Santa Anastasia,"['AMO', 'Museo Conte', 'Palazzo della Ragione', 'Teatro Romano', 'Centro Fotografia']",Castelvecchio,strategy_nearest,False,0.0027298927307128906,success
0498893A9C4C80,0,['Arena'],Tomba Giulietta,"['San Fermo', 'Museo Storia', 'Museo Lapidario', 'Museo Radio', 'Verona Tour']",Castelvecchio,strategy_nearest,False,0.0027399063110351562,success
049898429C4C80,3,"['Santa Anastasia', 'Teatro Romano', 'Duomo']",San Fermo,"['Museo Storia', 'Museo Radio', 'Casa Giulietta', 'Centro Fotografia', 'Arena']",Arena,strategy_nearest,True,0.003261089324951172,success
0498A572743380,1,"['Arena', 'Castelvecchio', 'Duomo', 'Santa Anastasia']",Casa Giulietta,"['Centro Fotografia', 'Sighseeing', 'Torre Lamberti', 'Museo Conte', 'Museo Radio']",Torre Lamberti,strategy_nearest,True,0.0020487308502197266,success
0498A7429C4C80,0,"['Arena', 'Casa Giulietta']",Torre Lamberti,"['Sighseeing', 'Centro Fotografia', 'Museo Conte', 'Palazzo della Ragione', 'AMO']",Castelvecchio,strategy_nearest,False,0.0026521682739257812,success
0498A472743380,1,"['Arena', 'Casa Giulietta']",San Fermo,"['Museo Storia', 'Museo Radio', 'Centro Fotografia', 'Sighseeing', 'Torre Lamberti']",Palazzo della Ragione,strategy_nearest,False,0.0034008026123046875,success
0498AB3A9C4C80,1,"['Arena', 'Casa Giulietta']",Palazzo della Ragione,"['AMO', 'Museo Conte', 'Torre Lamberti', 'Centro Fotografia', 'Sighseeing']",Torre Lamberti,strategy_nearest,True,0.0030603408813476562,success
0498B23A9C4C80,3,"['Santa Anastasia', 'Torre Lamberti', 'Casa Giulietta']",San Fermo,"['Museo Storia', 'Museo Radio', 'Centro Fotografia', 'Arena', 'Sighseeing']",Arena,strategy_nearest,True,0.002480030059814453,success
0498B53A9C4C80,1,"['Arena', 'Casa Giulietta']",Torre Lamberti,"['Sighseeing', 'Centro Fotografia', 'Museo Conte', 'Palazzo della Ragione', 'AMO']",Palazzo della Ragione,strategy_nearest,True,0.002723217010498047,success
0498C4C27B3F80,1,"['Casa Giulietta', 'Palazzo della Ragione', 'Torre Lamberti', 'Santa Anastasia']",Duomo,"['AMO', 'Museo Miniscalchi', 'Teatro Romano', 'Museo Conte', 'Centro Fotografia']",Teatro Romano,strategy_nearest,True,0.0026459693908691406,success
0498BD429C4C80,3,"['Arena', 'Casa Giulietta']",Torre Lamberti,"['Sighseeing', 'Centro Fotografia', 'Museo Conte', 'Palazzo della Ragione', 'AMO']",Santa Anastasia,strategy_nearest,False,0.002917051315307617,success
0498C8429C4C80,1,"['Castelvecchio', 'Casa Giulietta', 'Teatro Romano']",Torre Lamberti,"['Sighseeing', 'Centro Fotografia', 'Museo Conte', 'Palazzo della Ragione', 'AMO']",Palazzo della Ragione,strategy_nearest,True,0.0033750534057617188,success
0498D1C27B3F80,1,"['Casa Giulietta', 'Palazzo della Ragione', 'Torre Lamberti', 'Santa Anastasia']",Duomo,"['AMO', 'Museo Miniscalchi', 'Teatro Romano', 'Museo Conte', 'Centro Fotografia']",Teatro Romano,strategy_nearest,True,0.002353191375732422,success
0498E93A9C4C80,0,"['Arena', 'Casa Giulietta']",Torre Lamberti,"['Sighseeing', 'Centro Fotografia', 'Museo Conte', 'Palazzo della Ragione', 'AMO']",Teatro Romano,strategy_nearest,False,0.0019071102142333984,success
0498ED3A9C4C80,1,"['Arena', 'Casa Giulietta', 'Torre Lamberti']",Palazzo della Ragione,"['AMO', 'Museo Conte', 'Centro Fotografia', 'Sighseeing', 'Santa Anastasia']",San Fermo,strategy_nearest,False,0.0026099681854248047,success
0498EE3A9C4C80,0,"['Arena', 'Casa Giulietta']",Torre Lamberti,"['Sighseeing', 'Centro Fotografia', 'Museo Conte', 'Palazzo della Ragione', 'AMO']",Castelvecchio,strategy_nearest,False,0.0027849674224853516,success
0498F13A9C4C80,3,"['Santa Anastasia', 'Torre Lamberti']",Arena,"['Verona Tour', 'Museo Lapidario', 'Museo Radio', 'San Fermo', 'Casa Giulietta']",Castelvecchio,strategy_nearest,False,0.003329038619995117,success
0499113A9C4C84,3,['Arena'],Casa Giulietta,"['Centro Fotografia', 'Sighseeing', 'Torre Lamberti', 'Museo Conte', 'Museo Radio']",Santa Anastasia,strategy_nearest,False,0.002579927444458008,success
049934429C4C80,0,['Arena'],Museo Lapidario,"['Verona Tour', 'Castelvecchio', 'Museo Radio', 'San Fermo', 'Casa Giulietta']",Casa Giulietta,strategy_nearest,True,0.0031960010528564453,success
04991A3A9C4C84,1,['Castelvecchio'],Arena,"['Verona Tour', 'Museo Lapidario', 'Museo Radio', 'San Fermo', 'Casa Giulietta']",Palazzo della Ragione,strategy_nearest,False,0.003457784652709961,success
0499393A9C4C80,3,"['Arena', 'Museo Lapidario']",Santa Anastasia,"['AMO', 'Museo Conte', 'Palazzo della Ragione', 'Teatro Romano', 'Centro Fotografia']",Torre Lamberti,strategy_nearest,False,0.003335714340209961,success
0499873A9C4C80,0,['Arena'],Castelvecchio,"['Museo Lapidario', 'Verona Tour', 'Museo Radio', 'San Zeno', 'Sighseeing']",Casa Giulietta,strategy_nearest,False,0.0034170150756835938,success
0499894A9C4C80,3,['Arena'],Casa Giulietta,"['Centro Fotografia', 'Sighseeing', 'Torre Lamberti', 'Museo Conte', 'Museo Radio']",Torre Lamberti,strategy_nearest,True,0.002705812454223633,success
04998B4A9C4C80,3,"['Arena', 'Casa Giulietta']",Torre Lamberti,"['Sighseeing', 'Centro Fotografia', 'Museo Conte', 'Palazzo della Ragione', 'AMO']",Santa Anastasia,strategy_nearest,False,0.0027189254760742188,success
0499934A9C4C80,1,"['Casa Giulietta', 'Torre Lamberti', 'Palazzo della Ragione']",Santa Anastasia,"['AMO', 'Museo Conte', 'Teatro Romano', 'Centro Fotografia', 'Duomo']",Teatro Romano,strategy_nearest,True,0.0033910274505615234,success
0499BD429C4C80,1,"['Arena', 'Casa Giulietta']",Palazzo della Ragione,"['AMO', 'Museo Conte', 'Torre Lamberti', 'Centro Fotografia', 'Sighseeing']",Torre Lamberti,strategy_nearest,True,0.002422809600830078,success
04998E4A9C4C80,0,['Arena'],Santa Anastasia,"['AMO', 'Museo Conte', 'Palazzo della Ragione', 'Teatro Romano', 'Centro Fotografia']",Casa Giulietta,strategy_nearest,False,0.003547191619873047,success
0499A8429C4C80,0,['Arena'],Casa Giulietta,"['Centro Fotografia', 'Sighseeing', 'Torre Lamberti', 'Museo Conte', 'Museo Radio']",Teatro Romano,strategy_nearest,False,0.0036280155181884766,success
0499C53A9C4C80,0,['San Zeno'],Castelvecchio,"['Museo Lapidario', 'Verona Tour', 'Arena', 'Museo Radio', 'Sighseeing']",Arena,strategy_nearest,True,0.0013880729675292969,success
0499DAC27B3F80,0,['Arena'],Casa Giulietta,"['Centro Fotografia', 'Sighseeing', 'Torre Lamberti', 'Museo Conte', 'Museo Radio']",Torre Lamberti,strategy_nearest,True,0.0030908584594726562,success
0499D83A9C4C80,0,"['Arena', 'Museo Lapidario']",Torre Lamberti,"['Sighseeing', 'Centro Fotografia', 'Museo Conte', 'Casa Giulietta', 'Palazzo della Ragione']",Casa Giulietta,strategy_nearest,True,0.0027828216552734375,success
0499C63A9C4C80,1,"['Arena', 'Casa Giulietta']",Torre Lamberti,"['Sighseeing', 'Centro Fotografia', 'Museo Conte', 'Palazzo della Ragione', 'AMO']",Palazzo della Ragione,strategy_nearest,True,0.0022878646850585938,success
0499EE3A9C4C80,0,"['Santa Anastasia', 'Casa Giulietta']",Casa Giulietta,"['Centro Fotografia', 'Sighseeing', 'Torre Lamberti', 'Museo Conte', 'Museo Radio']",Tomba Giulietta,strategy_nearest,False,0.0026979446411132812,success
0499E7C27B3F80,0,['Arena'],Casa Giulietta,"['Centro Fotografia', 'Sighseeing', 'Torre Lamberti', 'Museo Conte', 'Museo Radio']",Torre Lamberti,strategy_nearest,True,0.0031900405883789062,success
0499F9C27B3F80,0,['Arena'],Casa Giulietta,"['Centro Fotografia', 'Sighseeing', 'Torre Lamberti', 'Museo Conte', 'Museo Radio']",Torre Lamberti,strategy_nearest,True,0.003317117691040039,success
0499F3C27B3F80,0,['Arena'],Casa Giulietta,"['Centro Fotografia', 'Sighseeing', 'Torre Lamberti', 'Museo Conte', 'Museo Radio']",Torre Lamberti,strategy_nearest,True,0.0020720958709716797,success
049A083A9C4C84,1,"['Arena', 'Casa Giulietta', 'San Fermo']",Tomba Giulietta,"['Museo Storia', 'Museo Lapidario', 'Museo Radio', 'Verona Tour', 'Castelvecchio']",Castelvecchio,strategy_nearest,True,0.0026938915252685547,success
049A0BC27B3F80,3,"['Casa Giulietta', 'Santa Anastasia']",Arena,"['Verona Tour', 'Museo Lapidario', 'Museo Radio', 'San Fermo', 'Sighseeing']",Castelvecchio,strategy_nearest,False,0.0020678043365478516,success
049A12C27B3F80,3,"['Torre Lamberti', 'Casa Giulietta', 'Santa Anastasia']",Arena,"['Verona Tour', 'Museo Lapidario', 'Museo Radio', 'San Fermo', 'Sighseeing']",Castelvecchio,strategy_nearest,False,0.0025751590728759766,success
049A243A9C4C84,3,"['Casa Giulietta', 'Torre Lamberti']",Arena,"['Verona Tour', 'Museo Lapidario', 'Museo Radio', 'San Fermo', 'Sighseeing']",Santa Anastasia,strategy_nearest,False,0.0028820037841796875,success
049A2F429C4C80,3,['Arena'],Casa Giulietta,"['Centro Fotografia', 'Sighseeing', 'Torre Lamberti', 'Museo Conte', 'Museo Radio']",Torre Lamberti,strategy_nearest,True,0.0020339488983154297,success
049A4C3A9C4C80,3,"['Arena', 'Castelvecchio']",San Zeno,"['Verona Tour', 'Museo Lapidario', 'Museo Miniscalchi', 'Sighseeing', 'Museo Radio']",Duomo,strategy_nearest,False,0.0027267932891845703,success
049A333A9C4C80,0,"['Arena', 'Torre Lamberti']",Casa Giulietta,"['Centro Fotografia', 'Sighseeing', 'Museo Conte', 'Museo Radio', 'Palazzo della Ragione']",Teatro Romano,strategy_nearest,False,0.002843141555786133,success
049A4C429C4C80,1,"['Arena', 'Palazzo della Ragione']",Torre Lamberti,"['Sighseeing', 'Centro Fotografia', 'Museo Conte', 'Casa Giulietta', 'AMO']",Santa Anastasia,strategy_nearest,False,0.003410816192626953,success
049A5DC27B3F80,3,"['Castelvecchio', 'Arena', 'Casa Giulietta', 'Torre Lamberti']",Duomo,"['AMO', 'Museo Miniscalchi', 'Santa Anastasia', 'Teatro Romano', 'Palazzo della Ragione']",Santa Anastasia,strategy_nearest,True,0.002079010009765625,success
049A553A9C4C80,0,['Arena'],Casa Giulietta,"['Centro Fotografia', 'Sighseeing', 'Torre Lamberti', 'Museo Conte', 'Museo Radio']",Castelvecchio,strategy_nearest,False,0.0034601688385009766,success
049A66429C4C80,3,"['Casa Giulietta', 'Arena', 'Castelvecchio']",San Fermo,"['Museo Storia', 'Museo Radio', 'Centro Fotografia', 'Sighseeing', 'Torre Lamberti']",Museo Lapidario,strategy_nearest,False,0.0025529861450195312,success
049A69429C4C80,0,['Arena'],Casa Giulietta,"['Centro Fotografia', 'Sighseeing', 'Torre Lamberti', 'Museo Conte', 'Museo Radio']",Santa Anastasia,strategy_nearest,False,0.003301858901977539,success
049A7A4A9C4C80,0,"['Arena', 'Casa Giulietta']",Teatro Romano,"['Santa Anastasia', 'Duomo', 'AMO', 'Palazzo della Ragione', 'Museo Conte']",Museo Lapidario,strategy_nearest,False,0.0025789737701416016,success
049A723A9C4C80,3,"['Arena', 'Casa Giulietta']",Duomo,"['AMO', 'Museo Miniscalchi', 'Santa Anastasia', 'Teatro Romano', 'Palazzo della Ragione']",Teatro Romano,strategy_nearest,True,0.0021600723266601562,success
049A80429C4C80,3,"['Arena', 'Casa Giulietta']",San Fermo,"['Museo Storia', 'Museo Radio', 'Centro Fotografia', 'Sighseeing', 'Torre Lamberti']",Santa Anastasia,strategy_nearest,False,0.0032880306243896484,success
049A813A9C4C80,2,"['Casa Giulietta', 'Teatro Romano', 'Duomo']",Castelvecchio,"['Museo Lapidario', 'Verona Tour', 'Arena', 'Museo Radio', 'San Zeno']",Tomba Giulietta,strategy_nearest,False,0.0026769638061523438,success
049A894A9C4C80,0,['Arena'],Torre Lamberti,"['Sighseeing', 'Centro Fotografia', 'Museo Conte', 'Casa Giulietta', 'Palazzo della Ragione']",Casa Giulietta,strategy_nearest,True,0.0021820068359375,success
049A87429C4C80,3,"['Arena', 'Torre Lamberti']",Casa Giulietta,"['Centro Fotografia', 'Sighseeing', 'Museo Conte', 'Museo Radio', 'Palazzo della Ragione']",Duomo,strategy_nearest,False,0.0026731491088867188,success
049A8D4A9C4C80,3,"['Arena', 'Casa Giulietta']",Torre Lamberti,"['Sighseeing', 'Centro Fotografia', 'Museo Conte', 'Palazzo della Ragione', 'AMO']",Santa Anastasia,strategy_nearest,False,0.0018486976623535156,success
049AA6429C4C80,1,"['Santa Anastasia', 'Palazzo della Ragione']",Torre Lamberti,"['Sighseeing', 'Centro Fotografia', 'Museo Conte', 'Casa Giulietta', 'AMO']",Arena,strategy_nearest,False,0.0026679039001464844,success
049A8E429C4C80,0,['San Zeno'],Arena,"['Verona Tour', 'Museo Lapidario', 'Museo Radio', 'San Fermo', 'Casa Giulietta']",Casa Giulietta,strategy_nearest,True,0.0018148422241210938,success
049AA672743380,0,['Arena'],Castelvecchio,"['Museo Lapidario', 'Verona Tour', 'Museo Radio', 'San Zeno', 'Sighseeing']",Casa Giulietta,strategy_nearest,False,0.0032508373260498047,success
049AB33A9C4C80,2,"['San Fermo', 'Casa Giulietta', 'Torre Lamberti']",Palazzo della Ragione,"['AMO', 'Museo Conte', 'Centro Fotografia', 'Sighseeing', 'Santa Anastasia']",Teatro Romano,strategy_nearest,False,0.002638101577758789,success
049AB7429C4C80,3,['Arena'],Casa Giulietta,"['Centro Fotografia', 'Sighseeing', 'Torre Lamberti', 'Museo Conte', 'Museo Radio']",Torre Lamberti,strategy_nearest,True,0.0019788742065429688,success
049AA8429C4C80,3,"['Arena', 'Casa Giulietta']",Torre Lamberti,"['Sighseeing', 'Centro Fotografia', 'Museo Conte', 'Palazzo della Ragione', 'AMO']",Santa Anastasia,strategy_nearest,False,0.0032799243927001953,success
049AC5429C4C80,3,"['Arena', 'Casa Giulietta']",Torre Lamberti,"['Sighseeing', 'Centro Fotografia', 'Museo Conte', 'Palazzo della Ragione', 'AMO']",Santa Anastasia,strategy_nearest,False,0.0032830238342285156,success
049AE63A9C4C80,0,['Arena'],Casa Giulietta,"['Centro Fotografia', 'Sighseeing', 'Torre Lamberti', 'Museo Conte', 'Museo Radio']",Santa Anastasia,strategy_nearest,False,0.0013806819915771484,success
049AD63A9C4C80,0,['Arena'],Casa Giulietta,"['Centro Fotografia', 'Sighseeing', 'Torre Lamberti', 'Museo Conte', 'Museo Radio']",Torre Lamberti,strategy_nearest,True,0.0026328563690185547,success
049AEA3A9C4C80,0,['Arena'],Santa Anastasia,"['AMO', 'Museo Conte', 'Palazzo della Ragione', 'Teatro Romano', 'Centro Fotografia']",Casa Giulietta,strategy_nearest,False,0.0030651092529296875,success
049AFE3A9C4C80,3,['Arena'],Torre Lamberti,"['Sighseeing', 'Centro Fotografia', 'Museo Conte', 'Casa Giulietta', 'Palazzo della Ragione']",Casa Giulietta,strategy_nearest,True,0.0017516613006591797,success
049AEB429C4C80,3,"['Arena', 'Casa Giulietta', 'Tomba Giulietta']",Museo Lapidario,"['Verona Tour', 'Castelvecchio', 'Museo Radio', 'San Fermo', 'Sighseeing']",Castelvecchio,strategy_nearest,True,0.002680063247680664,success
049B053A9C4C84,0,"['Tomba Giulietta', 'San Fermo', 'Casa Giulietta']",Torre Lamberti,"['Sighseeing', 'Centro Fotografia', 'Museo Conte', 'Palazzo della Ragione', 'AMO']",Arena,strategy_nearest,False,0.0032792091369628906,success
049B1C429C4C80,3,"['Arena', 'Casa Giulietta', 'Santa Anastasia']",Duomo,"['AMO', 'Museo Miniscalchi', 'Teatro Romano', 'Palazzo della Ragione', 'Museo Conte']",Teatro Romano,strategy_nearest,True,0.002596139907836914,success
049B0CC27B3F80,3,"['Casa Giulietta', 'Santa Anastasia']",Arena,"['Verona Tour', 'Museo Lapidario', 'Museo Radio', 'San Fermo', 'Sighseeing']",Castelvecchio,strategy_nearest,False,0.0026929378509521484,success
049B244A9C4C80,3,"['Castelvecchio', 'Duomo']",Santa Anastasia,"['AMO', 'Museo Conte', 'Palazzo della Ragione', 'Teatro Romano', 'Centro Fotografia']",Casa Giulietta,strategy_nearest,False,0.002518892288208008,success
049B60429C4C80,3,['Casa Giulietta'],Arena,"['Verona Tour', 'Museo Lapidario', 'Museo Radio', 'San Fermo', 'Sighseeing']",Santa Anastasia,strategy_nearest,False,0.0021169185638427734,success
049B3C3A9C4C80,1,"['Torre Lamberti', 'Palazzo della Ragione']",Santa Anastasia,"['AMO', 'Museo Conte', 'Teatro Romano', 'Centro Fotografia', 'Duomo']",Duomo,strategy_nearest,True,0.0025942325592041016,success
049B533A9C4C80,0,['Arena'],Casa Giulietta,"['Centro Fotografia', 'Sighseeing', 'Torre Lamberti', 'Museo Conte', 'Museo Radio']",Torre Lamberti,strategy_nearest,True,0.002839803695678711,success
049B783A9C4C80,3,"['Casa Giulietta', 'Santa Anastasia']",Duomo,"['AMO', 'Museo Miniscalchi', 'Teatro Romano', 'Palazzo della Ragione', 'Museo Conte']",Arena,strategy_nearest,False,0.0034880638122558594,success
049B7B3A9C4C80,0,['Casa Giulietta'],Arena,"['Verona Tour', 'Museo Lapidario', 'Museo Radio', 'San Fermo', 'Sighseeing']",Torre Lamberti,strategy_nearest,False,0.002763986587524414,success
049B794A9C4C80,0,"['Arena', 'Casa Giulietta']",Castelvecchio,"['Museo Lapidario', 'Verona Tour', 'Museo Radio', 'San Zeno', 'Sighseeing']",San Zeno,strategy_nearest,True,0.0017175674438476562,success
049B7F3A9C4C80,1,"['Arena', 'Casa Giulietta', 'Torre Lamberti']",Palazzo della Ragione,"['AMO', 'Museo Conte', 'Centro Fotografia', 'Sighseeing', 'Santa Anastasia']",Teatro Romano,strategy_nearest,False,0.002779722213745117,success
049B7C4A9C4C80,1,"['Arena', 'Palazzo della Ragione']",Torre Lamberti,"['Sighseeing', 'Centro Fotografia', 'Museo Conte', 'Casa Giulietta', 'AMO']",Casa Giulietta,strategy_nearest,True,0.0027608871459960938,success
049B893A9C4C80,1,"['Casa Giulietta', 'San Fermo']",Arena,"['Verona Tour', 'Museo Lapidario', 'Museo Radio', 'Sighseeing', 'Castelvecchio']",Castelvecchio,strategy_nearest,True,0.0023360252380371094,success
049B87429C4C80,1,"['Arena', 'Casa Giulietta']",Torre Lamberti,"['Sighseeing', 'Centro Fotografia', 'Museo Conte', 'Palazzo della Ragione', 'AMO']",Palazzo della Ragione,strategy_nearest,True,0.0032079219818115234,success
049B8B429C4C80,3,"['Arena', 'Casa Giulietta']",Torre Lamberti,"['Sighseeing', 'Centro Fotografia', 'Museo Conte', 'Palazzo della Ragione', 'AMO']",Duomo,strategy_nearest,False,0.0032567977905273438,success
049B8E3A9C4C80,0,['Casa Giulietta'],Arena,"['Verona Tour', 'Museo Lapidario', 'Museo Radio', 'San Fermo', 'Sighseeing']",Castelvecchio,strategy_nearest,False,0.001971006393432617,success
049B8F429C4C80,1,"['Museo Lapidario', 'Arena', 'San Fermo', 'Casa Giulietta']",Santa Anastasia,"['AMO', 'Museo Conte', 'Palazzo della Ragione', 'Teatro Romano', 'Centro Fotografia']",Palazzo della Ragione,strategy_nearest,True,0.002588987350463867,success
049BA572743380,3,"['Arena', 'Castelvecchio', 'Santa Anastasia']",Duomo,"['AMO', 'Museo Miniscalchi', 'Teatro Romano', 'Palazzo della Ragione', 'Museo Conte']",Casa Giulietta,strategy_nearest,False,0.0027828216552734375,success
049BA472743380,4,"['Arena', 'Torre Lamberti', 'Palazzo della Ragione']",Museo Radio,"['Casa Giulietta', 'San Fermo', 'Sighseeing', 'Centro Fotografia', 'Verona Tour']",Tomba Giulietta,strategy_nearest,False,0.002622365951538086,success
049B954A9C4C80,1,"['Arena', 'Casa Giulietta']",Torre Lamberti,"['Sighseeing', 'Centro Fotografia', 'Museo Conte', 'Palazzo della Ragione', 'AMO']",Palazzo della Ragione,strategy_nearest,True,0.0034601688385009766,success
049BA7429C4C80,0,['Casa Giulietta'],Arena,"['Verona Tour', 'Museo Lapidario', 'Museo Radio', 'San Fermo', 'Sighseeing']",Castelvecchio,strategy_nearest,False,0.0030171871185302734,success
049BB53A9C4C80,1,"['Arena', 'Torre Lamberti']",Palazzo della Ragione,"['AMO', 'Museo Conte', 'Centro Fotografia', 'Sighseeing', 'Santa Anastasia']",Casa Giulietta,strategy_nearest,False,0.0021331310272216797,success
049BB43A9C4C80,1,"['Arena', 'Museo Lapidario', 'Torre Lamberti', 'Palazzo della Ragione']",Casa Giulietta,"['Centro Fotografia', 'Sighseeing', 'Museo Conte', 'Museo Radio', 'San Fermo']",Duomo,strategy_nearest,False,0.0033881664276123047,success
049BB03A9C4C80,3,"['Castelvecchio', 'Arena']",San Fermo,"['Museo Storia', 'Museo Radio', 'Casa Giulietta', 'Centro Fotografia', 'Sighseeing']",Casa Giulietta,strategy_nearest,True,0.0022482872009277344,success
049BB5429C4C80,0,"['Torre Lamberti', 'Casa Giulietta']",Arena,"['Verona Tour', 'Museo Lapidario', 'Museo Radio', 'San Fermo', 'Sighseeing']",Castelvecchio,strategy_nearest,False,0.0033669471740722656,success
049BB9C27B3F80,1,"['Casa Giulietta', 'Palazzo della Ragione', 'Torre Lamberti', 'Santa Anastasia']",Arena,"['Verona Tour', 'Museo Lapidario', 'Museo Radio', 'San Fermo', 'Sighseeing']",Museo Lapidario,strategy_nearest,True,0.0027239322662353516,success
049BC0C27B3F80,1,"['Casa Giulietta', 'Palazzo della Ragione', 'Torre Lamberti', 'Santa Anastasia']",Arena,"['Verona Tour', 'Museo Lapidario', 'Museo Radio', 'San Fermo', 'Sighseeing']",Museo Lapidario,strategy_nearest,True,0.002665996551513672,success
049BC5429C4C80,0,['Arena'],Casa Giulietta,"['Centro Fotografia', 'Sighseeing', 'Torre Lamberti', 'Museo Conte', 'Museo Radio']",Castelvecchio,strategy_nearest,False,0.0016279220581054688,success
049BBE429C4C80,3,"['Casa Giulietta', 'Arena', 'San Zeno']",Tomba Giulietta,"['San Fermo', 'Museo Storia', 'Museo Lapidario', 'Museo Radio', 'Verona Tour']",Torre Lamberti,strategy_nearest,False,0.0020210742950439453,success
049BF03A9C4C80,1,"['Arena', 'Casa Giulietta']",Palazzo della Ragione,"['AMO', 'Museo Conte', 'Torre Lamberti', 'Centro Fotografia', 'Sighseeing']",Torre Lamberti,strategy_nearest,True,0.002026081085205078,success
049C0D3A9C4C84,1,"['Tomba Giulietta', 'Arena']",Casa Giulietta,"['Centro Fotografia', 'Sighseeing', 'Torre Lamberti', 'Museo Conte', 'Museo Radio']",Torre Lamberti,strategy_nearest,True,0.0023796558380126953,success
049C083A9C4C84,1,"['Arena', 'Casa Giulietta', 'Torre Lamberti']",Palazzo della Ragione,"['AMO', 'Museo Conte', 'Centro Fotografia', 'Sighseeing', 'Santa Anastasia']",Santa Anastasia,strategy_nearest,True,0.0019168853759765625,success
049C123A9C4C84,1,"['Arena', 'Torre Lamberti']",Palazzo della Ragione,"['AMO', 'Museo Conte', 'Centro Fotografia', 'Sighseeing', 'Santa Anastasia']",Casa Giulietta,strategy_nearest,False,0.0027570724487304688,success
049C1E3A9C4C84,0,"['Casa Giulietta', 'Torre Lamberti']",Arena,"['Verona Tour', 'Museo Lapidario', 'Museo Radio', 'San Fermo', 'Sighseeing']",Castelvecchio,strategy_nearest,False,0.0026290416717529297,success
049C0DC27B3F84,1,"['Casa Giulietta', 'Santa Anastasia', 'Duomo']",Castelvecchio,"['Museo Lapidario', 'Verona Tour', 'Arena', 'Museo Radio', 'San Zeno']",Arena,strategy_nearest,True,0.0035593509674072266,success
049C13C27B3F84,1,"['Casa Giulietta', 'Santa Anastasia', 'Duomo']",Castelvecchio,"['Museo Lapidario', 'Verona Tour', 'Arena', 'Museo Radio', 'San Zeno']",Arena,strategy_nearest,True,0.0035619735717773438,success
049C33429C4C80,3,['Arena'],Torre Lamberti,"['Sighseeing', 'Centro Fotografia', 'Museo Conte', 'Casa Giulietta', 'Palazzo della Ragione']",Duomo,strategy_nearest,False,0.0026450157165527344,success
049C203A9C4C84,1,"['Arena', 'Torre Lamberti']",Palazzo della Ragione,"['AMO', 'Museo Conte', 'Centro Fotografia', 'Sighseeing', 'Santa Anastasia']",Casa Giulietta,strategy_nearest,False,0.0026841163635253906,success
049C61429C4C80,3,"['Santa Anastasia', 'Duomo', 'Teatro Romano']",Torre Lamberti,"['Sighseeing', 'Centro Fotografia', 'Museo Conte', 'Casa Giulietta', 'Palazzo della Ragione']",Casa Giulietta,strategy_nearest,True,0.0026497840881347656,success
049C7B3A9C4C80,3,"['Arena', 'Castelvecchio']",Casa Giulietta,"['Centro Fotografia', 'Sighseeing', 'Torre Lamberti', 'Museo Conte', 'Museo Radio']",Torre Lamberti,strategy_nearest,True,0.002582073211669922,success
049C7B429C4C80,3,"['Arena', 'Casa Giulietta', 'Santa Anastasia']",Duomo,"['AMO', 'Museo Miniscalchi', 'Teatro Romano', 'Palazzo della Ragione', 'Museo Conte']",Teatro Romano,strategy_nearest,True,0.00339508056640625,success
049C803A9C4C80,0,"['Arena', 'Torre Lamberti']",Teatro Romano,"['Santa Anastasia', 'Duomo', 'AMO', 'Palazzo della Ragione', 'Museo Conte']",Tomba Giulietta,strategy_nearest,False,0.0020439624786376953,success
049C80429C4C80,1,"['Arena', 'Museo Lapidario', 'Castelvecchio', 'Duomo']",Teatro Romano,"['Santa Anastasia', 'AMO', 'Palazzo della Ragione', 'Museo Conte', 'Centro Fotografia']",Santa Anastasia,strategy_nearest,True,0.003194093704223633,success
049C853A9C4C80,0,['San Zeno'],Castelvecchio,"['Museo Lapidario', 'Verona Tour', 'Arena', 'Museo Radio', 'Sighseeing']",Arena,strategy_nearest,True,0.0014109611511230469,success
049C893A9C4C80,4,"['San Fermo', 'Casa Giulietta', 'Torre Lamberti', 'Palazzo della Ragione', 'Duomo']",Santa Anastasia,"['AMO', 'Museo Conte', 'Teatro Romano', 'Centro Fotografia', 'Sighseeing']",Teatro Romano,strategy_nearest,True,0.0020821094512939453,success
049C863A9C4C80,3,"['Museo Lapidario', 'Arena']",Torre Lamberti,"['Sighseeing', 'Centro Fotografia', 'Museo Conte', 'Casa Giulietta', 'Palazzo della Ragione']",Santa Anastasia,strategy_nearest,False,0.002754688262939453,success
049CC43A9C4C80,1,"['Arena', 'Casa Giulietta']",Torre Lamberti,"['Sighseeing', 'Centro Fotografia', 'Museo Conte', 'Palazzo della Ragione', 'AMO']",Palazzo della Ragione,strategy_nearest,True,0.002814054489135742,success
049C8C3A9C4C80,2,['Tomba Giulietta'],Castelvecchio,"['Museo Lapidario', 'Verona Tour', 'Arena', 'Museo Radio', 'San Zeno']",Torre Lamberti,strategy_nearest,False,0.002162933349609375,success
049CBF429C4C80,3,"['Arena', 'Torre Lamberti']",Santa Anastasia,"['AMO', 'Museo Conte', 'Palazzo della Ragione', 'Teatro Romano', 'Centro Fotografia']",Duomo,strategy_nearest,False,0.0022232532501220703,success
049CC6429C4C80,1,"['Arena', 'Casa Giulietta']",Torre Lamberti,"['Sighseeing', 'Centro Fotografia', 'Museo Conte', 'Palazzo della Ragione', 'AMO']",Palazzo della Ragione,strategy_nearest,True,0.0030307769775390625,success
049CEE3A9C4C80,0,['Arena'],Castelvecchio,"['Museo Lapidario', 'Verona Tour', 'Museo Radio', 'San Zeno', 'Sighseeing']",Torre Lamberti,strategy_nearest,False,0.0015480518341064453,success
049CF13A9C4C80,0,['Arena'],Torre Lamberti,"['Sighseeing', 'Centro Fotografia', 'Museo Conte', 'Casa Giulietta', 'Palazzo della Ragione']",Teatro Romano,strategy_nearest,False,0.0020589828491210938,success
049CCE3A9C4C80,0,['Arena'],Casa Giulietta,"['Centro Fotografia', 'Sighseeing', 'Torre Lamberti', 'Museo Conte', 'Museo Radio']",Torre Lamberti,strategy_nearest,True,0.0035750865936279297,success
049D0A3A9C4C84,1,"['Torre Lamberti', 'Palazzo della Ragione']",Arena,"['Verona Tour', 'Museo Lapidario', 'Museo Radio', 'San Fermo', 'Casa Giulietta']",Casa Giulietta,strategy_nearest,True,0.003629922866821289,success
049D0F429C4C80,0,['Castelvecchio'],Arena,"['Verona Tour', 'Museo Lapidario', 'Museo Radio', 'San Fermo', 'Casa Giulietta']",Casa Giulietta,strategy_nearest,True,0.002763986587524414,success
049D1AC27B3F80,1,"['Casa Giulietta', 'Palazzo della Ragione', 'Torre Lamberti', 'Arena']",Arena,"['Verona Tour', 'Museo Lapidario', 'Museo Radio', 'San Fermo', 'Sighseeing']",Museo Lapidario,strategy_nearest,True,0.0031418800354003906,success
049D153A9C4C84,1,"['Arena', 'Casa Giulietta']",Torre Lamberti,"['Sighseeing', 'Centro Fotografia', 'Museo Conte', 'Palazzo della Ragione', 'AMO']",Palazzo della Ragione,strategy_nearest,True,0.0020987987518310547,success
049D1B429C4C84,0,['Arena'],Casa Giulietta,"['Centro Fotografia', 'Sighseeing', 'Torre Lamberti', 'Museo Conte', 'Museo Radio']",Torre Lamberti,strategy_nearest,True,0.0020880699157714844,success
049D1E3A9C4C84,2,"['Torre Lamberti', 'Santa Anastasia']",Duomo,"['AMO', 'Museo Miniscalchi', 'Teatro Romano', 'Palazzo della Ragione', 'Museo Conte']",Casa Giulietta,strategy_nearest,False,0.0035750865936279297,success
049D2DC27B3F80,0,['Casa Giulietta'],Arena,"['Verona Tour', 'Museo Lapidario', 'Museo Radio', 'San Fermo', 'Sighseeing']",Castelvecchio,strategy_nearest,False,0.0022127628326416016,success
049D23429C4C84,0,['Torre Lamberti'],Casa Giulietta,"['Centro Fotografia', 'Sighseeing', 'Museo Conte', 'Museo Radio', 'Palazzo della Ragione']",Teatro Romano,strategy_nearest,False,0.002914905548095703,success
049D273A9C4C84,1,"['Arena', 'Casa Giulietta']",Torre Lamberti,"['Sighseeing', 'Centro Fotografia', 'Museo Conte', 'Palazzo della Ragione', 'AMO']",Palazzo della Ragione,strategy_nearest,True,0.0019676685333251953,success
049D343A9C4C80,1,['Arena'],Casa Giulietta,"['Centro Fotografia', 'Sighseeing', 'Torre Lamberti', 'Museo Conte', 'Museo Radio']",Torre Lamberti,strategy_nearest,True,0.002349853515625,success
049D38429C4C80,3,"['Arena', 'Casa Giulietta']",Torre Lamberti,"['Sighseeing', 'Centro Fotografia', 'Museo Conte', 'Palazzo della Ragione', 'AMO']",Santa Anastasia,strategy_nearest,False,0.0029549598693847656,success
049D30429C4C80,3,['Casa Giulietta'],Santa Anastasia,"['AMO', 'Museo Conte', 'Palazzo della Ragione', 'Teatro Romano', 'Centro Fotografia']",Teatro Romano,strategy_nearest,True,0.0023169517517089844,success
049D3FC27B3F80,0,['Arena'],Torre Lamberti,"['Sighseeing', 'Centro Fotografia', 'Museo Conte', 'Casa Giulietta', 'Palazzo della Ragione']",Castelvecchio,strategy_nearest,False,0.0034661293029785156,success
049D43429C4C80,1,"['Arena', 'Casa Giulietta']",Torre Lamberti,"['Sighseeing', 'Centro Fotografia', 'Museo Conte', 'Palazzo della Ragione', 'AMO']",Palazzo della Ragione,strategy_nearest,True,0.0019168853759765625,success
049D4A429C4C80,0,['Arena'],Casa Giulietta,"['Centro Fotografia', 'Sighseeing', 'Torre Lamberti', 'Museo Conte', 'Museo Radio']",Palazzo della Ragione,strategy_nearest,False,0.0025610923767089844,success
049D433A9C4C80,3,"['Castelvecchio', 'Teatro Romano']",Duomo,"['AMO', 'Museo Miniscalchi', 'Santa Anastasia', 'Palazzo della Ragione', 'Museo Conte']",San Fermo,strategy_nearest,False,0.0028629302978515625,success
049D61429C4C80,3,['Arena'],Casa Giulietta,"['Centro Fotografia', 'Sighseeing', 'Torre Lamberti', 'Museo Conte', 'Museo Radio']",Torre Lamberti,strategy_nearest,True,0.002396106719970703,success
049D55429C4C80,3,"['San Fermo', 'Casa Giulietta', 'Torre Lamberti']",Santa Anastasia,"['AMO', 'Museo Conte', 'Palazzo della Ragione', 'Teatro Romano', 'Centro Fotografia']",Duomo,strategy_nearest,False,0.002405881881713867,success
049D69429C4C80,0,"['Arena', 'Museo Lapidario']",Castelvecchio,"['Verona Tour', 'Museo Radio', 'San Zeno', 'Sighseeing', 'Museo Miniscalchi']",Casa Giulietta,strategy_nearest,False,0.0020990371704101562,success
049D7C429C4C80,3,"['Arena', 'Casa Giulietta']",Torre Lamberti,"['Sighseeing', 'Centro Fotografia', 'Museo Conte', 'Palazzo della Ragione', 'AMO']",Santa Anastasia,strategy_nearest,False,0.0019521713256835938,success
049D7B3A9C4C80,3,"['Arena', 'Castelvecchio']",Casa Giulietta,"['Centro Fotografia', 'Sighseeing', 'Torre Lamberti', 'Museo Conte', 'Museo Radio']",Torre Lamberti,strategy_nearest,True,0.0028171539306640625,success
049D7E429C4C80,1,"['Arena', 'Casa Giulietta', 'Torre Lamberti']",Palazzo della Ragione,"['AMO', 'Museo Conte', 'Centro Fotografia', 'Sighseeing', 'Santa Anastasia']",Santa Anastasia,strategy_nearest,True,0.002542734146118164,success
049D7E3A9C4C80,3,"['Arena', 'Casa Giulietta']",Santa Anastasia,"['AMO', 'Museo Conte', 'Palazzo della Ragione', 'Teatro Romano', 'Centro Fotografia']",Duomo,strategy_nearest,False,0.0032019615173339844,success
049D7F3A9C4C80,3,"['San Zeno', 'Castelvecchio']",Arena,"['Verona Tour', 'Museo Lapidario', 'Museo Radio', 'San Fermo', 'Casa Giulietta']",Duomo,strategy_nearest,False,0.002377033233642578,success
049D823A9C4C80,0,"['Arena', 'San Fermo']",Casa Giulietta,"['Centro Fotografia', 'Sighseeing', 'Torre Lamberti', 'Museo Conte', 'Museo Radio']",Duomo,strategy_nearest,False,0.0026018619537353516,success
049D863A9C4C80,0,['Arena'],Castelvecchio,"['Museo Lapidario', 'Verona Tour', 'Museo Radio', 'San Zeno', 'Sighseeing']",Casa Giulietta,strategy_nearest,False,0.0019731521606445312,success
049D884A9C4C80,3,"['Arena', 'Castelvecchio', 'Torre Lamberti']",Museo Storia,"['San Fermo', 'Museo Radio', 'Casa Giulietta', 'Centro Fotografia', 'Tomba Giulietta']",San Fermo,strategy_nearest,True,0.002540111541748047,success
049D8E3A9C4C80,0,['Arena'],Casa Giulietta,"['Centro Fotografia', 'Sighseeing', 'Torre Lamberti', 'Museo Conte', 'Museo Radio']",Torre Lamberti,strategy_nearest,True,0.003338336944580078,success
049D9E429C4C80,0,"['Torre Lamberti', 'Casa Giulietta']",Teatro Romano,"['Santa Anastasia', 'Duomo', 'AMO', 'Palazzo della Ragione', 'Museo Conte']",Arena,strategy_nearest,False,0.0018949508666992188,success
049D8E429C4C80,0,['Arena'],Casa Giulietta,"['Centro Fotografia', 'Sighseeing', 'Torre Lamberti', 'Museo Conte', 'Museo Radio']",Castelvecchio,strategy_nearest,False,0.003453969955444336,success
049DA672743380,1,"['Castelvecchio', 'Arena', 'Casa Giulietta', 'Torre Lamberti']",Torre Lamberti,"['Sighseeing', 'Centro Fotografia', 'Museo Conte', 'Palazzo della Ragione', 'AMO']",Palazzo della Ragione,strategy_nearest,True,0.0033991336822509766,success
049DB0429C4C80,0,['Castelvecchio'],Arena,"['Verona Tour', 'Museo Lapidario', 'Museo Radio', 'San Fermo', 'Casa Giulietta']",Casa Giulietta,strategy_nearest,True,0.0025560855865478516,success
049DC0429C4C80,0,['Arena'],Casa Giulietta,"['Centro Fotografia', 'Sighseeing', 'Torre Lamberti', 'Museo Conte', 'Museo Radio']",Torre Lamberti,strategy_nearest,True,0.001773834228515625,success
049DC4429C4C80,0,['Arena'],Museo Lapidario,"['Verona Tour', 'Castelvecchio', 'Museo Radio', 'San Fermo', 'Casa Giulietta']",Casa Giulietta,strategy_nearest,True,0.003077983856201172,success
049DB3429C4C80,0,['Arena'],Casa Giulietta,"['Centro Fotografia', 'Sighseeing', 'Torre Lamberti', 'Museo Conte', 'Museo Radio']",Giardino Giusti,strategy_nearest,False,0.0025222301483154297,success
049DC3429C4C80,0,['Teatro Romano'],Casa Giulietta,"['Centro Fotografia', 'Sighseeing', 'Torre Lamberti', 'Museo Conte', 'Museo Radio']",Arena,strategy_nearest,False,0.002552032470703125,success
049DC63A9C4C80,3,['Arena'],Casa Giulietta,"['Centro Fotografia', 'Sighseeing', 'Torre Lamberti', 'Museo Conte', 'Museo Radio']",Santa Anastasia,strategy_nearest,False,0.0020627975463867188,success
049DC53A9C4C80,0,['Casa Giulietta'],Arena,"['Verona Tour', 'Museo Lapidario', 'Museo Radio', 'San Fermo', 'Sighseeing']",Torre Lamberti,strategy_nearest,False,0.0020418167114257812,success
049DCA429C4C80,3,"['Arena', 'Casa Giulietta']",Torre Lamberti,"['Sighseeing', 'Centro Fotografia', 'Museo Conte', 'Palazzo della Ragione', 'AMO']",Santa Anastasia,strategy_nearest,False,0.0030448436737060547,success
049DD83A9C4C80,3,"['Arena', 'Casa Giulietta', 'Duomo']",Castelvecchio,"['Museo Lapidario', 'Verona Tour', 'Museo Radio', 'San Zeno', 'Sighseeing']",Tomba Giulietta,strategy_nearest,False,0.0037870407104492188,success
049DEB3A9C4C80,3,"['Arena', 'Casa Giulietta']",Torre Lamberti,"['Sighseeing', 'Centro Fotografia', 'Museo Conte', 'Palazzo della Ragione', 'AMO']",Santa Anastasia,strategy_nearest,False,0.0032949447631835938,success
049DEF3A9C4C80,0,['Arena'],Casa Giulietta,"['Centro Fotografia', 'Sighseeing', 'Torre Lamberti', 'Museo Conte', 'Museo Radio']",Santa Anastasia,strategy_nearest,False,0.0016870498657226562,success
049E043A9C4C84,1,['Arena'],Casa Giulietta,"['Centro Fotografia', 'Sighseeing', 'Torre Lamberti', 'Museo Conte', 'Museo Radio']",Torre Lamberti,strategy_nearest,True,0.0022559165954589844,success
049E1A4A9C4C80,3,"['Arena', 'Castelvecchio', 'Duomo', 'Casa Giulietta']",Tomba Giulietta,"['San Fermo', 'Museo Storia', 'Museo Lapidario', 'Museo Radio', 'Verona Tour']",Giardino Giusti,strategy_nearest,False,0.0027861595153808594,success
049E1B3A9C4C84,1,"['Arena', 'Casa Giulietta']",Palazzo della Ragione,"['AMO', 'Museo Conte', 'Torre Lamberti', 'Centro Fotografia', 'Sighseeing']",Torre Lamberti,strategy_nearest,True,0.0033299922943115234,success
049E1E3A9C4C84,1,"['Arena', 'Casa Giulietta']",Torre Lamberti,"['Sighseeing', 'Centro Fotografia', 'Museo Conte', 'Palazzo della Ragione', 'AMO']",Palazzo della Ragione,strategy_nearest,True,0.0018858909606933594,success
049E1D3A9C4C84,1,['Torre Lamberti'],Palazzo della Ragione,"['AMO', 'Museo Conte', 'Centro Fotografia', 'Sighseeing', 'Santa Anastasia']",Arena,strategy_nearest,False,0.0026102066040039062,success
049E3A3A9C4C80,1,"['Castelvecchio', 'Arena']",Palazzo della Ragione,"['AMO', 'Museo Conte', 'Torre Lamberti', 'Centro Fotografia', 'Sighseeing']",Torre Lamberti,strategy_nearest,True,0.0026400089263916016,success
049E4E3A9C4C80,0,['Torre Lamberti'],Casa Giulietta,"['Centro Fotografia', 'Sighseeing', 'Museo Conte', 'Museo Radio', 'Palazzo della Ragione']",Teatro Romano,strategy_nearest,False,0.0030770301818847656,success
049E7DC27B3F80,0,['Casa Giulietta'],Arena,"['Verona Tour', 'Museo Lapidario', 'Museo Radio', 'San Fermo', 'Sighseeing']",Torre Lamberti,strategy_nearest,False,0.002187013626098633,success
049E733A9C4C80,1,"['Arena', 'Casa Giulietta']",Torre Lamberti,"['Sighseeing', 'Centro Fotografia', 'Museo Conte', 'Palazzo della Ragione', 'AMO']",Palazzo della Ragione,strategy_nearest,True,0.0025491714477539062,success
049E7E3A9C4C80,1,"['Arena', 'Casa Giulietta']",Torre Lamberti,"['Sighseeing', 'Centro Fotografia', 'Museo Conte', 'Palazzo della Ragione', 'AMO']",Palazzo della Ragione,strategy_nearest,True,0.003042936325073242,success
049E783A9C4C80,1,"['Tomba Giulietta', 'Arena', 'Castelvecchio']",Casa Giulietta,"['Centro Fotografia', 'Sighseeing', 'Torre Lamberti', 'Museo Conte', 'Museo Radio']",Palazzo della Ragione,strategy_nearest,False,0.0037598609924316406,success
049E7F429C4C80,3,"['Arena', 'Casa Giulietta']",Torre Lamberti,"['Sighseeing', 'Centro Fotografia', 'Museo Conte', 'Palazzo della Ragione', 'AMO']",Teatro Romano,strategy_nearest,False,0.0015652179718017578,success
049E83C27B3F80,0,['Casa Giulietta'],Arena,"['Verona Tour', 'Museo Lapidario', 'Museo Radio', 'San Fermo', 'Sighseeing']",Torre Lamberti,strategy_nearest,False,0.0021572113037109375,success
049E7E4A9C4C80,1,"['Arena', 'Casa Giulietta']",Torre Lamberti,"['Sighseeing', 'Centro Fotografia', 'Museo Conte', 'Palazzo della Ragione', 'AMO']",Palazzo della Ragione,strategy_nearest,True,0.004251956939697266,success
049E864A9C4C80,0,['Arena'],Museo Lapidario,"['Verona Tour', 'Castelvecchio', 'Museo Radio', 'San Fermo', 'Casa Giulietta']",Santa Anastasia,strategy_nearest,False,0.003419160842895508,success
049E89C27B3F80,0,['Casa Giulietta'],Arena,"['Verona Tour', 'Museo Lapidario', 'Museo Radio', 'San Fermo', 'Sighseeing']",Torre Lamberti,strategy_nearest,False,0.0025839805603027344,success
049E8AC27B3F80,0,['Casa Giulietta'],Arena,"['Verona Tour', 'Museo Lapidario', 'Museo Radio', 'San Fermo', 'Sighseeing']",Torre Lamberti,strategy_nearest,False,0.002707958221435547,success
049E92429C4C80,1,"['Arena', 'Casa Giulietta', 'Torre Lamberti']",Palazzo della Ragione,"['AMO', 'Museo Conte', 'Centro Fotografia', 'Sighseeing', 'Santa Anastasia']",Santa Anastasia,strategy_nearest,True,0.00215911865234375,success
049E8A4A9C4C80,1,"['Arena', 'Castelvecchio', 'Casa Giulietta']",Torre Lamberti,"['Sighseeing', 'Centro Fotografia', 'Museo Conte', 'Palazzo della Ragione', 'AMO']",Palazzo della Ragione,strategy_nearest,True,0.004032135009765625,success
049EA472743380,3,"['Museo Lapidario', 'Castelvecchio', 'Arena', 'Casa Giulietta']",Tomba Giulietta,"['San Fermo', 'Museo Storia', 'Museo Radio', 'Verona Tour', 'Sighseeing']",Duomo,strategy_nearest,False,0.0025980472564697266,success
049EA572743380,1,"['Arena', 'Casa Giulietta', 'Torre Lamberti']",Palazzo della Ragione,"['AMO', 'Museo Conte', 'Centro Fotografia', 'Sighseeing', 'Santa Anastasia']",San Fermo,strategy_nearest,False,0.0032122135162353516,success
049EA63A9C4C80,3,['Arena'],Santa Anastasia,"['AMO', 'Museo Conte', 'Palazzo della Ragione', 'Teatro Romano', 'Centro Fotografia']",Torre Lamberti,strategy_nearest,False,0.0026068687438964844,success
049EB3429C4C80,3,"['Casa Giulietta', 'Santa Anastasia']",Torre Lamberti,"['Sighseeing', 'Centro Fotografia', 'Museo Conte', 'Palazzo della Ragione', 'AMO']",Teatro Romano,strategy_nearest,False,0.003320932388305664,success
049EC23A9C4C80,2,"['San Zeno', 'Duomo']",Teatro Romano,"['Santa Anastasia', 'AMO', 'Palazzo della Ragione', 'Museo Conte', 'Centro Fotografia']",Casa Giulietta,strategy_nearest,False,0.0027527809143066406,success
049EC0429C4C80,3,"['Arena', 'San Zeno']",Castelvecchio,"['Museo Lapidario', 'Verona Tour', 'Museo Radio', 'Sighseeing', 'Museo Miniscalchi']",Torre Lamberti,strategy_nearest,False,0.002730846405029297,success
049ECA429C4C80,1,['Arena'],Palazzo della Ragione,"['AMO', 'Museo Conte', 'Torre Lamberti', 'Centro Fotografia', 'Sighseeing']",Torre Lamberti,strategy_nearest,True,0.0031921863555908203,success
049F063A9C4C84,0,['Arena'],Castelvecchio,"['Museo Lapidario', 'Verona Tour', 'Museo Radio', 'San Zeno', 'Sighseeing']",Teatro Romano,strategy_nearest,False,0.00308990478515625,success
049EE83A9C4C80,3,"['Arena', 'Casa Giulietta', 'Torre Lamberti']",Santa Anastasia,"['AMO', 'Museo Conte', 'Palazzo della Ragione', 'Teatro Romano', 'Centro Fotografia']",Teatro Romano,strategy_nearest,True,0.0034661293029785156,success
049F053A9C4C84,0,"['Tomba Giulietta', 'Torre Lamberti']",Casa Giulietta,"['Centro Fotografia', 'Sighseeing', 'Museo Conte', 'Museo Radio', 'Palazzo della Ragione']",Castelvecchio,strategy_nearest,False,0.003365039825439453,success
049EEE429C4C80,3,"['Arena', 'Casa Giulietta']",Santa Anastasia,"['AMO', 'Museo Conte', 'Palazzo della Ragione', 'Teatro Romano', 'Centro Fotografia']",Duomo,strategy_nearest,False,0.002717733383178711,success
049F393A9C4C80,1,"['Arena', 'Casa Giulietta']",Torre Lamberti,"['Sighseeing', 'Centro Fotografia', 'Museo Conte', 'Palazzo della Ragione', 'AMO']",Palazzo della Ragione,strategy_nearest,True,0.0024518966674804688,success
049F383A9C4C80,3,"['Casa Giulietta', 'Arena']",San Zeno,"['Castelvecchio', 'Verona Tour', 'Museo Lapidario', 'Museo Miniscalchi', 'Sighseeing']",Duomo,strategy_nearest,False,0.0015401840209960938,success
049F11429C4C80,1,"['Castelvecchio', 'Arena', 'Casa Giulietta']",Torre Lamberti,"['Sighseeing', 'Centro Fotografia', 'Museo Conte', 'Palazzo della Ragione', 'AMO']",Palazzo della Ragione,strategy_nearest,True,0.0021371841430664062,success
049F413A9C4C80,1,"['Arena', 'Palazzo della Ragione', 'Torre Lamberti']",Casa Giulietta,"['Centro Fotografia', 'Sighseeing', 'Museo Conte', 'Museo Radio', 'San Fermo']",Duomo,strategy_nearest,False,0.0017557144165039062,success
049F44429C4C80,1,"['Arena', 'Tomba Giulietta']",Casa Giulietta,"['Centro Fotografia', 'Sighseeing', 'Torre Lamberti', 'Museo Conte', 'Museo Radio']",Torre Lamberti,strategy_nearest,True,0.0025398731231689453,success
049F64429C4C80,0,['Casa Giulietta'],Arena,"['Verona Tour', 'Museo Lapidario', 'Museo Radio', 'San Fermo', 'Sighseeing']",Teatro Romano,strategy_nearest,False,0.002499103546142578,success
049F38429C4C80,3,"['Casa Giulietta', 'Torre Lamberti']",Santa Anastasia,"['AMO', 'Museo Conte', 'Palazzo della Ragione', 'Teatro Romano', 'Centro Fotografia']",Castelvecchio,strategy_nearest,False,0.003389120101928711,success
049F793A9C4C80,1,"['Arena', 'Casa Giulietta']",Torre Lamberti,"['Sighseeing', 'Centro Fotografia', 'Museo Conte', 'Palazzo della Ragione', 'AMO']",Palazzo della Ragione,strategy_nearest,True,0.002146005630493164,success
049F67429C4C80,3,"['Arena', 'Casa Giulietta']",Santa Anastasia,"['AMO', 'Museo Conte', 'Palazzo della Ragione', 'Teatro Romano', 'Centro Fotografia']",Giardino Giusti,strategy_nearest,False,0.0028710365295410156,success
049F7A4A9C4C80,2,['Torre Lamberti'],Palazzo della Ragione,"['AMO', 'Museo Conte', 'Centro Fotografia', 'Sighseeing', 'Santa Anastasia']",Casa Giulietta,strategy_nearest,False,0.003332853317260742,success
049F7A3A9C4C80,1,"['Arena', 'Casa Giulietta']",Torre Lamberti,"['Sighseeing', 'Centro Fotografia', 'Museo Conte', 'Palazzo della Ragione', 'AMO']",Palazzo della Ragione,strategy_nearest,True,0.0027856826782226562,success
049F85429C4C80,0,['Arena'],Castelvecchio,"['Museo Lapidario', 'Verona Tour', 'Museo Radio', 'San Zeno', 'Sighseeing']",Duomo,strategy_nearest,False,0.0028009414672851562,success
049F893A9C4C80,3,"['Casa Giulietta', 'Torre Lamberti']",Castelvecchio,"['Museo Lapidario', 'Verona Tour', 'Arena', 'Museo Radio', 'San Zeno']",Arena,strategy_nearest,True,0.0021181106567382812,success
049F8C4A9C4C80,1,"['Casa Giulietta', 'Torre Lamberti', 'Palazzo della Ragione']",San Fermo,"['Museo Storia', 'Museo Radio', 'Centro Fotografia', 'Arena', 'Sighseeing']",Castelvecchio,strategy_nearest,False,0.0026581287384033203,success
049FA472743380,3,"['Torre Lamberti', 'Santa Anastasia', 'Tomba Giulietta']",San Fermo,"['Museo Storia', 'Museo Radio', 'Casa Giulietta', 'Centro Fotografia', 'Arena']",Casa Giulietta,strategy_nearest,True,0.0026307106018066406,success
049FB73A9C4C80,2,['Santa Anastasia'],Duomo,"['AMO', 'Museo Miniscalchi', 'Teatro Romano', 'Palazzo della Ragione', 'Museo Conte']",Teatro Romano,strategy_nearest,True,0.0023767948150634766,success
049FAD429C4C80,0,['Castelvecchio'],Casa Giulietta,"['Centro Fotografia', 'Sighseeing', 'Torre Lamberti', 'Museo Conte', 'Museo Radio']",Santa Anastasia,strategy_nearest,False,0.0029702186584472656,success
049FBD3A9C4C80,0,"['Arena', 'Casa Giulietta']",Castelvecchio,"['Museo Lapidario', 'Verona Tour', 'Museo Radio', 'San Zeno', 'Sighseeing']",Duomo,strategy_nearest,False,0.0032608509063720703,success
049FBD429C4C80,3,"['Casa Giulietta', 'Santa Anastasia', 'Arena']",Castelvecchio,"['Museo Lapidario', 'Verona Tour', 'Museo Radio', 'San Zeno', 'Sighseeing']",San Zeno,strategy_nearest,True,0.0017819404602050781,success
049FC0429C4C80,0,['Arena'],Casa Giulietta,"['Centro Fotografia', 'Sighseeing', 'Torre Lamberti', 'Museo Conte', 'Museo Radio']",Teatro Romano,strategy_nearest,False,0.002585172653198242,success
049FC03A9C4C80,0,['San Fermo'],Casa Giulietta,"['Centro Fotografia', 'Sighseeing', 'Torre Lamberti', 'Museo Conte', 'Museo Radio']",Arena,strategy_nearest,False,0.0037031173706054688,success
049FC73A9C4C80,0,['Teatro Romano'],Arena,"['Verona Tour', 'Museo Lapidario', 'Museo Radio', 'San Fermo', 'Casa Giulietta']",Casa Giulietta,strategy_nearest,True,0.0026841163635253906,success
049FC53A9C4C80,1,"['Arena', 'Casa Giulietta']",Torre Lamberti,"['Sighseeing', 'Centro Fotografia', 'Museo Conte', 'Palazzo della Ragione', 'AMO']",Palazzo della Ragione,strategy_nearest,True,0.0036308765411376953,success
049FDC3A9C4C80,3,['Arena'],Santa Anastasia,"['AMO', 'Museo Conte', 'Palazzo della Ragione', 'Teatro Romano', 'Centro Fotografia']",Casa Giulietta,strategy_nearest,False,0.0023767948150634766,success
049FF03A9C4C80,3,"['Casa Giulietta', 'Torre Lamberti']",Santa Anastasia,"['AMO', 'Museo Conte', 'Palazzo della Ragione', 'Teatro Romano', 'Centro Fotografia']",Duomo,strategy_nearest,False,0.0022401809692382812,success
04A0844A9C4C80,0,"['Arena', 'Casa Giulietta']",Teatro Romano,"['Santa Anastasia', 'Duomo', 'AMO', 'Palazzo della Ragione', 'Museo Conte']",Duomo,strategy_nearest,True,0.0025911331176757812,success
04A0A672743380,3,"['Torre Lamberti', 'Casa Giulietta', 'Teatro Romano']",San Fermo,"['Museo Storia', 'Museo Radio', 'Centro Fotografia', 'Arena', 'Sighseeing']",Tomba Giulietta,strategy_nearest,False,0.004179954528808594,success
049FF43A9C4C80,0,['Arena'],Casa Giulietta,"['Centro Fotografia', 'Sighseeing', 'Torre Lamberti', 'Museo Conte', 'Museo Radio']",Torre Lamberti,strategy_nearest,True,0.004278898239135742,success
04A0A772743380,3,"['Casa Giulietta', 'Torre Lamberti', 'Arena']",San Zeno,"['Castelvecchio', 'Verona Tour', 'Museo Lapidario', 'Museo Miniscalchi', 'Sighseeing']",Castelvecchio,strategy_nearest,True,0.0036673545837402344,success
04A0C8429C4C80,1,"['Arena', 'Casa Giulietta', 'Torre Lamberti']",Palazzo della Ragione,"['AMO', 'Museo Conte', 'Centro Fotografia', 'Sighseeing', 'Santa Anastasia']",Santa Anastasia,strategy_nearest,True,0.0028951168060302734,success
04A11A3A9C4C84,0,"['Arena', 'Castelvecchio']",Casa Giulietta,"['Centro Fotografia', 'Sighseeing', 'Torre Lamberti', 'Museo Conte', 'Museo Radio']",Duomo,strategy_nearest,False,0.003496885299682617,success
04A10E3A9C4C84,3,"['Casa Giulietta', 'Torre Lamberti']",Santa Anastasia,"['AMO', 'Museo Conte', 'Palazzo della Ragione', 'Teatro Romano', 'Centro Fotografia']",Teatro Romano,strategy_nearest,True,0.0025908946990966797,success
04A11F3A9C4C84,3,"['Arena', 'Castelvecchio']",San Zeno,"['Verona Tour', 'Museo Lapidario', 'Museo Miniscalchi', 'Sighseeing', 'Museo Radio']",Casa Giulietta,strategy_nearest,False,0.003050088882446289,success
04A1273A9C4C84,1,['Arena'],Casa Giulietta,"['Centro Fotografia', 'Sighseeing', 'Torre Lamberti', 'Museo Conte', 'Museo Radio']",Palazzo della Ragione,strategy_nearest,False,0.0031599998474121094,success
04A18E3A9C4C80,1,['Casa Giulietta'],Arena,"['Verona Tour', 'Museo Lapidario', 'Museo Radio', 'San Fermo', 'Sighseeing']",Palazzo della Ragione,strategy_nearest,False,0.002179861068725586,success
04A18F3A9C4C80,1,"['Torre Lamberti', 'Palazzo della Ragione', 'Castelvecchio']",Arena,"['Verona Tour', 'Museo Lapidario', 'Museo Radio', 'San Fermo', 'Casa Giulietta']",Santa Anastasia,strategy_nearest,False,0.0032699108123779297,success
04A1783A9C4C80,3,"['Arena', 'Casa Giulietta']",Santa Anastasia,"['AMO', 'Museo Conte', 'Palazzo della Ragione', 'Teatro Romano', 'Centro Fotografia']",Torre Lamberti,strategy_nearest,False,0.002777099609375,success
04A1873A9C4C80,3,"['Casa Giulietta', 'Torre Lamberti', 'Duomo']",Castelvecchio,"['Museo Lapidario', 'Verona Tour', 'Arena', 'Museo Radio', 'San Zeno']",Arena,strategy_nearest,True,0.0036041736602783203,success
04A1A572743380,2,"['Museo Lapidario', 'Casa Giulietta', 'Torre Lamberti']",Palazzo della Ragione,"['AMO', 'Museo Conte', 'Centro Fotografia', 'Sighseeing', 'Santa Anastasia']",Castelvecchio,strategy_nearest,False,0.002162933349609375,success
04A1A472743380,0,"['Arena', 'Torre Lamberti']",Casa Giulietta,"['Centro Fotografia', 'Sighseeing', 'Museo Conte', 'Museo Radio', 'Palazzo della Ragione']",Tomba Giulietta,strategy_nearest,False,0.002096891403198242,success
04A1A8429C4C80,3,"['Castelvecchio', 'Arena', 'Casa Giulietta']",Torre Lamberti,"['Sighseeing', 'Centro Fotografia', 'Museo Conte', 'Palazzo della Ragione', 'AMO']",Santa Anastasia,strategy_nearest,False,0.0037069320678710938,success
04A1AB429C4C80,0,"['Arena', 'Casa Giulietta']",Tomba Giulietta,"['San Fermo', 'Museo Storia', 'Museo Lapidario', 'Museo Radio', 'Verona Tour']",Castelvecchio,strategy_nearest,False,0.0027341842651367188,success
04A1B1429C4C80,1,"['Castelvecchio', 'Arena', 'Casa Giulietta']",Torre Lamberti,"['Sighseeing', 'Centro Fotografia', 'Museo Conte', 'Palazzo della Ragione', 'AMO']",Palazzo della Ragione,strategy_nearest,True,0.002588987350463867,success
04A1BB429C4C80,3,"['Casa Giulietta', 'Arena', 'San Zeno']",Tomba Giulietta,"['San Fermo', 'Museo Storia', 'Museo Lapidario', 'Museo Radio', 'Verona Tour']",Torre Lamberti,strategy_nearest,False,0.0021271705627441406,success
04A1B6429C4C80,3,"['Arena', 'Torre Lamberti']",Santa Anastasia,"['AMO', 'Museo Conte', 'Palazzo della Ragione', 'Teatro Romano', 'Centro Fotografia']",Casa Giulietta,strategy_nearest,False,0.0038139820098876953,success
04A1CA3A9C4C80,3,"['Casa Giulietta', 'Santa Anastasia']",Duomo,"['AMO', 'Museo Miniscalchi', 'Teatro Romano', 'Palazzo della Ragione', 'Museo Conte']",Arena,strategy_nearest,False,0.0018630027770996094,success
04A1C63A9C4C80,3,['Arena'],Torre Lamberti,"['Sighseeing', 'Centro Fotografia', 'Museo Conte', 'Casa Giulietta', 'Palazzo della Ragione']",Casa Giulietta,strategy_nearest,True,0.0029129981994628906,success
04A1CE3A9C4C80,2,"['San Fermo', 'Casa Giulietta']",Torre Lamberti,"['Sighseeing', 'Centro Fotografia', 'Museo Conte', 'Palazzo della Ragione', 'AMO']",Santa Anastasia,strategy_nearest,False,0.002792835235595703,success
04A1EA3A9C4C80,0,['Museo Storia'],San Fermo,"['Museo Radio', 'Casa Giulietta', 'Centro Fotografia', 'Arena', 'Sighseeing']",Torre Lamberti,strategy_nearest,False,0.002397298812866211,success
04A1FE3A9C4C80,0,['Casa Giulietta'],Torre Lamberti,"['Sighseeing', 'Centro Fotografia', 'Museo Conte', 'Palazzo della Ragione', 'AMO']",Arena,strategy_nearest,False,0.0022170543670654297,success
04A1EE3A9C4C80,1,"['Arena', 'Tomba Giulietta']",Casa Giulietta,"['Centro Fotografia', 'Sighseeing', 'Torre Lamberti', 'Museo Conte', 'Museo Radio']",Torre Lamberti,strategy_nearest,True,0.0024890899658203125,success
04A2224A9C4C80,1,"['Castelvecchio', 'Arena']",Casa Giulietta,"['Centro Fotografia', 'Sighseeing', 'Torre Lamberti', 'Museo Conte', 'Museo Radio']",Torre Lamberti,strategy_nearest,True,0.0024471282958984375,success
04A2183A9C4C84,3,"['Arena', 'Santa Anastasia']",Duomo,"['AMO', 'Museo Miniscalchi', 'Teatro Romano', 'Palazzo della Ragione', 'Museo Conte']",Casa Giulietta,strategy_nearest,False,0.0025069713592529297,success
04A241429C4C80,1,"['Arena', 'Casa Giulietta']",Palazzo della Ragione,"['AMO', 'Museo Conte', 'Torre Lamberti', 'Centro Fotografia', 'Sighseeing']",Torre Lamberti,strategy_nearest,True,0.0026831626892089844,success
04A242429C4C80,0,['Arena'],Museo Lapidario,"['Verona Tour', 'Castelvecchio', 'Museo Radio', 'San Fermo', 'Casa Giulietta']",Casa Giulietta,strategy_nearest,True,0.0028998851776123047,success
04A26B3A9C4C80,0,"['Arena', 'Castelvecchio']",Casa Giulietta,"['Centro Fotografia', 'Sighseeing', 'Torre Lamberti', 'Museo Conte', 'Museo Radio']",Torre Lamberti,strategy_nearest,True,0.00315093994140625,success
04A2543A9C4C80,3,"['Arena', 'Casa Giulietta']",Duomo,"['AMO', 'Museo Miniscalchi', 'Santa Anastasia', 'Teatro Romano', 'Palazzo della Ragione']",Santa Anastasia,strategy_nearest,True,0.002602100372314453,success
04A2713A9C4C80,0,['Arena'],Museo Storia,"['San Fermo', 'Museo Radio', 'Casa Giulietta', 'Centro Fotografia', 'Tomba Giulietta']",Casa Giulietta,strategy_nearest,True,0.0028600692749023438,success
04A276BA7B3F80,0,['Arena'],Casa Giulietta,"['Centro Fotografia', 'Sighseeing', 'Torre Lamberti', 'Museo Conte', 'Museo Radio']",Torre Lamberti,strategy_nearest,True,0.002007007598876953,success
04A281429C4C80,2,['Torre Lamberti'],Santa Anastasia,"['AMO', 'Museo Conte', 'Palazzo della Ragione', 'Teatro Romano', 'Centro Fotografia']",Teatro Romano,strategy_nearest,True,0.0024220943450927734,success
04A27B3A9C4C80,1,"['Arena', 'Casa Giulietta']",Torre Lamberti,"['Sighseeing', 'Centro Fotografia', 'Museo Conte', 'Palazzo della Ragione', 'AMO']",Palazzo della Ragione,strategy_nearest,True,0.0028247833251953125,success
04A27F429C4C80,1,"['Arena', 'Castelvecchio']",Palazzo della Ragione,"['AMO', 'Museo Conte', 'Torre Lamberti', 'Centro Fotografia', 'Sighseeing']",Torre Lamberti,strategy_nearest,True,0.0034837722778320312,success
04A28B429C4C80,3,"['Arena', 'Casa Giulietta']",Duomo,"['AMO', 'Museo Miniscalchi', 'Santa Anastasia', 'Teatro Romano', 'Palazzo della Ragione']",Teatro Romano,strategy_nearest,True,0.0011539459228515625,success
04A28B4A9C4C80,0,['Arena'],Casa Giulietta,"['Centro Fotografia', 'Sighseeing', 'Torre Lamberti', 'Museo Conte', 'Museo Radio']",Castelvecchio,strategy_nearest,False,0.002146005630493164,success
04A29B429C4C80,3,"['Torre Lamberti', 'Santa Anastasia']",Duomo,"['AMO', 'Museo Miniscalchi', 'Teatro Romano', 'Palazzo della Ragione', 'Museo Conte']",Casa Giulietta,strategy_nearest,False,0.0023190975189208984,success
04A297429C4C80,3,"['Arena', 'Casa Giulietta']",San Fermo,"['Museo Storia', 'Museo Radio', 'Centro Fotografia', 'Sighseeing', 'Torre Lamberti']",Teatro Romano,strategy_nearest,False,0.0026607513427734375,success
04A2A472743380,3,"['Teatro Romano', 'Tomba Giulietta', 'Castelvecchio']",Arena,"['Verona Tour', 'Museo Lapidario', 'Museo Radio', 'San Fermo', 'Casa Giulietta']",Torre Lamberti,strategy_nearest,False,0.003197908401489258,success
04A2AD429C4C80,3,['Casa Giulietta'],Santa Anastasia,"['AMO', 'Museo Conte', 'Palazzo della Ragione', 'Teatro Romano', 'Centro Fotografia']",Teatro Romano,strategy_nearest,True,0.0025599002838134766,success
04A2BD429C4C80,3,"['Arena', 'Museo Lapidario', 'Castelvecchio']",Casa Giulietta,"['Centro Fotografia', 'Sighseeing', 'Torre Lamberti', 'Museo Conte', 'Museo Radio']",Santa Anastasia,strategy_nearest,False,0.0026159286499023438,success
04A2BB429C4C80,1,"['Arena', 'Casa Giulietta', 'Torre Lamberti']",Palazzo della Ragione,"['AMO', 'Museo Conte', 'Centro Fotografia', 'Sighseeing', 'Santa Anastasia']",Tomba Giulietta,strategy_nearest,False,0.003620147705078125,success
04A2C13A9C4C80,3,['Arena'],Torre Lamberti,"['Sighseeing', 'Centro Fotografia', 'Museo Conte', 'Casa Giulietta', 'Palazzo della Ragione']",Duomo,strategy_nearest,False,0.002541065216064453,success
04A2C3429C4C80,0,['Museo Lapidario'],Arena,"['Verona Tour', 'Museo Radio', 'San Fermo', 'Casa Giulietta', 'Sighseeing']",Torre Lamberti,strategy_nearest,False,0.002785921096801758,success
04A2C7429C4C80,2,['Casa Giulietta'],Torre Lamberti,"['Sighseeing', 'Centro Fotografia', 'Museo Conte', 'Palazzo della Ragione', 'AMO']",Tomba Giulietta,strategy_nearest,False,0.0026540756225585938,success
04A2EC3A9C4C80,6,['Verona Tour'],Arena,"['Museo Lapidario', 'Museo Radio', 'San Fermo', 'Casa Giulietta', 'Sighseeing']",Casa Giulietta,strategy_nearest,True,0.003448009490966797,success
04A2FE3A9C4C80,1,"['Arena', 'Casa Giulietta']",Torre Lamberti,"['Sighseeing', 'Centro Fotografia', 'Museo Conte', 'Palazzo della Ragione', 'AMO']",Palazzo della Ragione,strategy_nearest,True,0.0023801326751708984,success
04A2FF3A9C4C80,2,"['Duomo', 'Santa Anastasia']",Casa Giulietta,"['Centro Fotografia', 'Sighseeing', 'Torre Lamberti', 'Museo Conte', 'Museo Radio']",Palazzo della Ragione,strategy_nearest,False,0.0032901763916015625,success
04A3143A9C4C84,0,['Arena'],Casa Giulietta,"['Centro Fotografia', 'Sighseeing', 'Torre Lamberti', 'Museo Conte', 'Museo Radio']",Torre Lamberti,strategy_nearest,True,0.0024099349975585938,success
04A31E3A9C4C84,2,"['Casa Giulietta', 'Torre Lamberti']",Palazzo della Ragione,"['AMO', 'Museo Conte', 'Centro Fotografia', 'Sighseeing', 'Santa Anastasia']",Castelvecchio,strategy_nearest,False,0.0025157928466796875,success
04A33C3A9C4C80,1,"['Arena', 'Casa Giulietta']",Torre Lamberti,"['Sighseeing', 'Centro Fotografia', 'Museo Conte', 'Palazzo della Ragione', 'AMO']",Palazzo della Ragione,strategy_nearest,True,0.0029036998748779297,success
04A3223A9C4C84,1,"['Teatro Romano', 'Santa Anastasia', 'Torre Lamberti', 'Palazzo della Ragione']",Casa Giulietta,"['Centro Fotografia', 'Sighseeing', 'Museo Conte', 'Museo Radio', 'San Fermo']",Castelvecchio,strategy_nearest,False,0.0022079944610595703,success
04A34C429C4C80,2,['Tomba Giulietta'],Torre Lamberti,"['Sighseeing', 'Centro Fotografia', 'Museo Conte', 'Casa Giulietta', 'Palazzo della Ragione']",Santa Anastasia,strategy_nearest,False,0.0030846595764160156,success
04A3393A9C4C80,1,"['Arena', 'Palazzo della Ragione']",Torre Lamberti,"['Sighseeing', 'Centro Fotografia', 'Museo Conte', 'Casa Giulietta', 'AMO']",Casa Giulietta,strategy_nearest,True,0.003699779510498047,success
04A3793A9C4C80,0,"['Arena', 'Casa Giulietta']",Torre Lamberti,"['Sighseeing', 'Centro Fotografia', 'Museo Conte', 'Palazzo della Ragione', 'AMO']",Duomo,strategy_nearest,False,0.0013899803161621094,success
04A3713A9C4C80,0,['Tomba Giulietta'],Arena,"['Verona Tour', 'Museo Lapidario', 'Museo Radio', 'San Fermo', 'Casa Giulietta']",Casa Giulietta,strategy_nearest,True,0.0033271312713623047,success
04A38E4A9C4C80,1,"['Arena', 'Casa Giulietta']",Torre Lamberti,"['Sighseeing', 'Centro Fotografia', 'Museo Conte', 'Palazzo della Ragione', 'AMO']",Palazzo della Ragione,strategy_nearest,True,0.002376079559326172,success
04A379429C4C80,3,"['Arena', 'Casa Giulietta']",Torre Lamberti,"['Sighseeing', 'Centro Fotografia', 'Museo Conte', 'Palazzo della Ragione', 'AMO']",Santa Anastasia,strategy_nearest,False,0.0028553009033203125,success
04A38B3A9C4C80,0,['Arena'],Casa Giulietta,"['Centro Fotografia', 'Sighseeing', 'Torre Lamberti', 'Museo Conte', 'Museo Radio']",Torre Lamberti,strategy_nearest,True,0.0031898021697998047,success
04A3A83A9C4C80,0,['Arena'],Casa Giulietta,"['Centro Fotografia', 'Sighseeing', 'Torre Lamberti', 'Museo Conte', 'Museo Radio']",Torre Lamberti,strategy_nearest,True,0.0021009445190429688,success
04A3A73A9C4C80,2,"['Museo Lapidario', 'Castelvecchio']",Palazzo della Ragione,"['AMO', 'Museo Conte', 'Torre Lamberti', 'Centro Fotografia', 'Sighseeing']",Torre Lamberti,strategy_nearest,True,0.002740144729614258,success
04A38F429C4C80,3,['Arena'],Casa Giulietta,"['Centro Fotografia', 'Sighseeing', 'Torre Lamberti', 'Museo Conte', 'Museo Radio']",San Fermo,strategy_nearest,False,0.0020568370819091797,success
04A3AD429C4C80,1,"['Arena', 'Castelvecchio', 'Palazzo della Ragione']",Casa Giulietta,"['Centro Fotografia', 'Sighseeing', 'Torre Lamberti', 'Museo Conte', 'Museo Radio']",Santa Anastasia,strategy_nearest,False,0.0032629966735839844,success
04A3F43A9C4C80,3,"['Arena', 'Casa Giulietta', 'Torre Lamberti', 'Santa Anastasia']",San Fermo,"['Museo Storia', 'Museo Radio', 'Centro Fotografia', 'Sighseeing', 'Museo Conte']",Tomba Giulietta,strategy_nearest,False,0.0017628669738769531,success
04A3B7429C4C80,1,"['Casa Giulietta', 'Torre Lamberti', 'Palazzo della Ragione']",Santa Anastasia,"['AMO', 'Museo Conte', 'Teatro Romano', 'Centro Fotografia', 'Duomo']",Duomo,strategy_nearest,True,0.0025458335876464844,success
04A3FA3A9C4C80,6,"['Arena', 'Casa Giulietta', 'Torre Lamberti']",Palazzo della Ragione,"['AMO', 'Museo Conte', 'Centro Fotografia', 'Sighseeing', 'Santa Anastasia']",Duomo,strategy_nearest,False,0.0017580986022949219,success
04A3F73A9C4C80,0,['Arena'],Casa Giulietta,"['Centro Fotografia', 'Sighseeing', 'Torre Lamberti', 'Museo Conte', 'Museo Radio']",Torre Lamberti,strategy_nearest,True,0.0035550594329833984,success
04A40D3A9C4C84,0,['Arena'],Casa Giulietta,"['Centro Fotografia', 'Sighseeing', 'Torre Lamberti', 'Museo Conte', 'Museo Radio']",Teatro Romano,strategy_nearest,False,0.003239870071411133,success
04A4173A9C4C84,0,"['Arena', 'Casa Giulietta']",Duomo,"['AMO', 'Museo Miniscalchi', 'Santa Anastasia', 'Teatro Romano', 'Palazzo della Ragione']",Torre Lamberti,strategy_nearest,False,0.0025730133056640625,success
04A4263A9C4C84,1,"['Arena', 'Castelvecchio', 'Casa Giulietta']",Torre Lamberti,"['Sighseeing', 'Centro Fotografia', 'Museo Conte', 'Palazzo della Ragione', 'AMO']",Palazzo della Ragione,strategy_nearest,True,0.0025751590728759766,success
04A40E429C4C80,0,['Torre Lamberti'],Arena,"['Verona Tour', 'Museo Lapidario', 'Museo Radio', 'San Fermo', 'Casa Giulietta']",Castelvecchio,strategy_nearest,False,0.0027756690979003906,success
04A427429C4C84,0,"['Arena', 'Casa Giulietta']",Torre Lamberti,"['Sighseeing', 'Centro Fotografia', 'Museo Conte', 'Palazzo della Ragione', 'AMO']",Teatro Romano,strategy_nearest,False,0.0028710365295410156,success
04A42ABA7B3F80,1,"['Arena', 'Giardino Giusti', 'Torre Lamberti']",Palazzo della Ragione,"['AMO', 'Museo Conte', 'Centro Fotografia', 'Sighseeing', 'Santa Anastasia']",Castelvecchio,strategy_nearest,False,0.0021209716796875,success
04A434429C4C80,3,['Torre Lamberti'],Santa Anastasia,"['AMO', 'Museo Conte', 'Palazzo della Ragione', 'Teatro Romano', 'Centro Fotografia']",Casa Giulietta,strategy_nearest,False,0.0027761459350585938,success
04A446C27B3F80,1,"['Arena', 'Torre Lamberti', 'Palazzo della Ragione', 'Casa Giulietta', 'San Fermo']",Museo Lapidario,"['Verona Tour', 'Castelvecchio', 'Museo Radio', 'Tomba Giulietta', 'Sighseeing']",Castelvecchio,strategy_nearest,True,0.003120899200439453,success
04A463C27B3F80,1,"['Teatro Romano', 'Duomo']",Palazzo della Ragione,"['AMO', 'Museo Conte', 'Torre Lamberti', 'Centro Fotografia', 'Sighseeing']",Casa Giulietta,strategy_nearest,False,0.002003908157348633,success
04A475C27B3F80,2,['Santa Anastasia'],Castelvecchio,"['Museo Lapidario', 'Verona Tour', 'Arena', 'Museo Radio', 'San Zeno']",San Fermo,strategy_nearest,False,0.002768993377685547,success
04A476C27B3F80,1,"['Arena', 'Torre Lamberti', 'Palazzo della Ragione', 'Casa Giulietta', 'San Fermo']",Museo Lapidario,"['Verona Tour', 'Castelvecchio', 'Museo Radio', 'Tomba Giulietta', 'Sighseeing']",Castelvecchio,strategy_nearest,True,0.0027267932891845703,success
04A47CC27B3F80,1,"['Arena', 'Torre Lamberti', 'Palazzo della Ragione']",Santa Anastasia,"['AMO', 'Museo Conte', 'Teatro Romano', 'Centro Fotografia', 'Duomo']",Castelvecchio,strategy_nearest,False,0.003246784210205078,success
04A4854A9C4C80,0,['Arena'],Casa Giulietta,"['Centro Fotografia', 'Sighseeing', 'Torre Lamberti', 'Museo Conte', 'Museo Radio']",Castelvecchio,strategy_nearest,False,0.0019567012786865234,success
04A4853A9C4C80,0,['Arena'],Casa Giulietta,"['Centro Fotografia', 'Sighseeing', 'Torre Lamberti', 'Museo Conte', 'Museo Radio']",Torre Lamberti,strategy_nearest,True,0.0026586055755615234,success
04A487429C4C80,3,"['Castelvecchio', 'San Zeno']",Torre Lamberti,"['Sighseeing', 'Centro Fotografia', 'Museo Conte', 'Casa Giulietta', 'Palazzo della Ragione']",Arena,strategy_nearest,False,0.002732992172241211,success
04A4884A9C4C80,3,"['Casa Giulietta', 'San Fermo']",Santa Anastasia,"['AMO', 'Museo Conte', 'Palazzo della Ragione', 'Teatro Romano', 'Centro Fotografia']",Teatro Romano,strategy_nearest,True,0.0032761096954345703,success
04A48B3A9C4C80,1,"['Arena', 'Palazzo della Ragione']",Torre Lamberti,"['Sighseeing', 'Centro Fotografia', 'Museo Conte', 'Casa Giulietta', 'AMO']",Casa Giulietta,strategy_nearest,True,0.0031540393829345703,success
04A48C429C4C80,1,"['Arena', 'Torre Lamberti']",Palazzo della Ragione,"['AMO', 'Museo Conte', 'Centro Fotografia', 'Sighseeing', 'Santa Anastasia']",Duomo,strategy_nearest,False,0.003062009811401367,success
04A48B429C4C80,1,"['Arena', 'Casa Giulietta']",Torre Lamberti,"['Sighseeing', 'Centro Fotografia', 'Museo Conte', 'Palazzo della Ragione', 'AMO']",Palazzo della Ragione,strategy_nearest,True,0.002541065216064453,success
04A48E429C4C80,3,"['Castelvecchio', 'Torre Lamberti', 'Duomo']",Casa Giulietta,"['Centro Fotografia', 'Sighseeing', 'Museo Conte', 'Museo Radio', 'Palazzo della Ragione']",Arena,strategy_nearest,False,0.0025262832641601562,success
04A490429C4C80,3,"['Teatro Romano', 'Duomo']",Castelvecchio,"['Museo Lapidario', 'Verona Tour', 'Arena', 'Museo Radio', 'San Zeno']",Arena,strategy_nearest,True,0.0020711421966552734,success
04A493C27B3F80,1,"['Arena', 'Torre Lamberti']",Palazzo della Ragione,"['AMO', 'Museo Conte', 'Centro Fotografia', 'Sighseeing', 'Santa Anastasia']",Castelvecchio,strategy_nearest,False,0.002549886703491211,success
04A4954A9C4C80,1,"['Arena', 'Casa Giulietta']",Torre Lamberti,"['Sighseeing', 'Centro Fotografia', 'Museo Conte', 'Palazzo della Ragione', 'AMO']",Palazzo della Ragione,strategy_nearest,True,0.003064870834350586,success
04A4A572743380,3,"['Arena', 'Torre Lamberti', 'Casa Giulietta']",Santa Anastasia,"['AMO', 'Museo Conte', 'Palazzo della Ragione', 'Teatro Romano', 'Centro Fotografia']",Castelvecchio,strategy_nearest,False,0.0032320022583007812,success
04A4A472743380,3,"['Arena', 'Casa Giulietta']",Santa Anastasia,"['AMO', 'Museo Conte', 'Palazzo della Ragione', 'Teatro Romano', 'Centro Fotografia']",Duomo,strategy_nearest,False,0.0024602413177490234,success
04A4B0429C4C80,1,"['Casa Giulietta', 'Arena', 'Museo Lapidario']",Tomba Giulietta,"['San Fermo', 'Museo Storia', 'Museo Radio', 'Verona Tour', 'Castelvecchio']",Duomo,strategy_nearest,False,0.002615213394165039,success
04A4AC429C4C80,2,['Casa Giulietta'],Casa Giulietta,"['Centro Fotografia', 'Sighseeing', 'Torre Lamberti', 'Museo Conte', 'Museo Radio']",Santa Anastasia,strategy_nearest,False,0.0036301612854003906,success
04A4B13A9C4C80,0,['Museo Storia'],San Fermo,"['Museo Radio', 'Casa Giulietta', 'Centro Fotografia', 'Arena', 'Sighseeing']",Teatro Romano,strategy_nearest,False,0.003567934036254883,success
04A4B7429C4C80,1,"['Casa Giulietta', 'Palazzo della Ragione']",Torre Lamberti,"['Sighseeing', 'Centro Fotografia', 'Museo Conte', 'AMO', 'Museo Miniscalchi']",Arena,strategy_nearest,False,0.0023469924926757812,success
04A4B33A9C4C80,3,"['Arena', 'Casa Giulietta']",Santa Anastasia,"['AMO', 'Museo Conte', 'Palazzo della Ragione', 'Teatro Romano', 'Centro Fotografia']",Castelvecchio,strategy_nearest,False,0.002820253372192383,success
04A4B5429C4C80,3,"['Arena', 'Arena']",Casa Giulietta,"['Centro Fotografia', 'Sighseeing', 'Torre Lamberti', 'Museo Conte', 'Museo Radio']",Torre Lamberti,strategy_nearest,True,0.003998756408691406,success
04A4BF429C4C80,0,['Teatro Romano'],Arena,"['Verona Tour', 'Museo Lapidario', 'Museo Radio', 'San Fermo', 'Casa Giulietta']",Castelvecchio,strategy_nearest,False,0.0027358531951904297,success
04A4C6429C4C80,1,"['Arena', 'Castelvecchio', 'Teatro Romano']",Duomo,"['AMO', 'Museo Miniscalchi', 'Santa Anastasia', 'Palazzo della Ragione', 'Museo Conte']",Santa Anastasia,strategy_nearest,True,0.002663850784301758,success
04A4CB3A9C4C80,1,"['Torre Lamberti', 'Palazzo della Ragione']",Casa Giulietta,"['Centro Fotografia', 'Sighseeing', 'Museo Conte', 'Museo Radio', 'San Fermo']",Arena,strategy_nearest,False,0.003385782241821289,success
04A4C2429C4C80,0,['Arena'],Torre Lamberti,"['Sighseeing', 'Centro Fotografia', 'Museo Conte', 'Casa Giulietta', 'Palazzo della Ragione']",Casa Giulietta,strategy_nearest,True,0.002763032913208008,success
04A4DD3A9C4C80,0,['Arena'],Casa Giulietta,"['Centro Fotografia', 'Sighseeing', 'Torre Lamberti', 'Museo Conte', 'Museo Radio']",Tomba Giulietta,strategy_nearest,False,0.003118276596069336,success
04A4F63A9C4C80,1,"['Arena', 'Tomba Giulietta']",Casa Giulietta,"['Centro Fotografia', 'Sighseeing', 'Torre Lamberti', 'Museo Conte', 'Museo Radio']",Torre Lamberti,strategy_nearest,True,0.002566814422607422,success
04A4F73A9C4C80,0,['Arena'],Castelvecchio,"['Museo Lapidario', 'Verona Tour', 'Museo Radio', 'San Zeno', 'Sighseeing']",Torre Lamberti,strategy_nearest,False,0.0028998851776123047,success
04A4F13A9C4C80,3,"['San Fermo', 'Torre Lamberti']",Casa Giulietta,"['Centro Fotografia', 'Sighseeing', 'Museo Conte', 'Museo Radio', 'Palazzo della Ragione']",Arena,strategy_nearest,False,0.002743959426879883,success
04A4FB3A9C4C80,3,"['Arena', 'Castelvecchio']",Teatro Romano,"['Santa Anastasia', 'Duomo', 'AMO', 'Palazzo della Ragione', 'Museo Conte']",Torre Lamberti,strategy_nearest,False,0.0033152103424072266,success
04A5003A9C4C84,3,"['Teatro Romano', 'Santa Anastasia']",Torre Lamberti,"['Sighseeing', 'Centro Fotografia', 'Museo Conte', 'Casa Giulietta', 'Palazzo della Ragione']",San Fermo,strategy_nearest,False,0.0012841224670410156,success
04A516429C4C80,1,['Torre Lamberti'],Palazzo della Ragione,"['AMO', 'Museo Conte', 'Centro Fotografia', 'Sighseeing', 'Santa Anastasia']",Arena,strategy_nearest,False,0.0027048587799072266,success
04A5263A9C4C84,3,"['Santa Anastasia', 'Teatro Romano']",Duomo,"['AMO', 'Museo Miniscalchi', 'Palazzo della Ragione', 'Museo Conte', 'Torre Lamberti']",Torre Lamberti,strategy_nearest,True,0.002875804901123047,success
04A50B3A9C4C84,0,['San Zeno'],Arena,"['Verona Tour', 'Museo Lapidario', 'Museo Radio', 'San Fermo', 'Casa Giulietta']",Torre Lamberti,strategy_nearest,False,0.004106998443603516,success
04A532429C4C80,3,"['Arena', 'Torre Lamberti']",Castelvecchio,"['Museo Lapidario', 'Verona Tour', 'Museo Radio', 'San Zeno', 'Sighseeing']",Santa Anastasia,strategy_nearest,False,0.0034842491149902344,success
04A52F429C4C80,1,"['Arena', 'Casa Giulietta']",Torre Lamberti,"['Sighseeing', 'Centro Fotografia', 'Museo Conte', 'Palazzo della Ragione', 'AMO']",Palazzo della Ragione,strategy_nearest,True,0.0029630661010742188,success
04A5363A9C4C80,3,"['Torre Lamberti', 'Arena']",San Zeno,"['Castelvecchio', 'Verona Tour', 'Museo Lapidario', 'Museo Miniscalchi', 'Sighseeing']",Castelvecchio,strategy_nearest,True,0.0025620460510253906,success
04A533429C4C80,1,"['Arena', 'Casa Giulietta']",Torre Lamberti,"['Sighseeing', 'Centro Fotografia', 'Museo Conte', 'Palazzo della Ragione', 'AMO']",Torre Lamberti,strategy_nearest,False,0.0025980472564697266,success
04A5783A9C4C80,3,"['Casa Giulietta', 'Duomo']",Torre Lamberti,"['Sighseeing', 'Centro Fotografia', 'Museo Conte', 'Palazzo della Ragione', 'AMO']",San Fermo,strategy_nearest,False,0.002328157424926758,success
04A57A429C4C80,3,"['Arena', 'Casa Giulietta', 'Torre Lamberti', 'Santa Anastasia']",Duomo,"['AMO', 'Museo Miniscalchi', 'Teatro Romano', 'Palazzo della Ragione', 'Museo Conte']",Teatro Romano,strategy_nearest,True,0.002067089080810547,success
04A57A4A9C4C80,0,['Arena'],Casa Giulietta,"['Centro Fotografia', 'Sighseeing', 'Torre Lamberti', 'Museo Conte', 'Museo Radio']",Castelvecchio,strategy_nearest,False,0.0027060508728027344,success
04A5813A9C4C80,0,['Casa Giulietta'],Arena,"['Verona Tour', 'Museo Lapidario', 'Museo Radio', 'San Fermo', 'Sighseeing']",Torre Lamberti,strategy_nearest,False,0.0032529830932617188,success
04A5843A9C4C80,1,"['Museo Lapidario', 'Arena']",Palazzo della Ragione,"['AMO', 'Museo Conte', 'Torre Lamberti', 'Centro Fotografia', 'Sighseeing']",Torre Lamberti,strategy_nearest,True,0.0030448436737060547,success
04A57B4A9C4C80,0,['Torre Lamberti'],Arena,"['Verona Tour', 'Museo Lapidario', 'Museo Radio', 'San Fermo', 'Casa Giulietta']",Castelvecchio,strategy_nearest,False,0.0027878284454345703,success
04A5863A9C4C80,2,['San Fermo'],Santa Anastasia,"['AMO', 'Museo Conte', 'Palazzo della Ragione', 'Teatro Romano', 'Centro Fotografia']",Casa Giulietta,strategy_nearest,False,0.003014802932739258,success
04A586429C4C80,0,['Arena'],Casa Giulietta,"['Centro Fotografia', 'Sighseeing', 'Torre Lamberti', 'Museo Conte', 'Museo Radio']",Torre Lamberti,strategy_nearest,True,0.0016341209411621094,success
04A5B03A9C4C80,3,"['Torre Lamberti', 'Santa Anastasia']",Duomo,"['AMO', 'Museo Miniscalchi', 'Teatro Romano', 'Palazzo della Ragione', 'Museo Conte']",Casa Giulietta,strategy_nearest,False,0.0019028186798095703,success
04A58C429C4C80,2,"['Casa Giulietta', 'Palazzo della Ragione']",Castelvecchio,"['Museo Lapidario', 'Verona Tour', 'Arena', 'Museo Radio', 'San Zeno']",Santa Anastasia,strategy_nearest,False,0.004050016403198242,success
04A5AE429C4C80,3,['Castelvecchio'],Torre Lamberti,"['Sighseeing', 'Centro Fotografia', 'Museo Conte', 'Casa Giulietta', 'Palazzo della Ragione']",Santa Anastasia,strategy_nearest,False,0.0026068687438964844,success
04A5BA429C4C80,2,['Castelvecchio'],Casa Giulietta,"['Centro Fotografia', 'Sighseeing', 'Torre Lamberti', 'Museo Conte', 'Museo Radio']",Torre Lamberti,strategy_nearest,True,0.0031549930572509766,success
04A5BF429C4C80,0,['Arena'],Casa Giulietta,"['Centro Fotografia', 'Sighseeing', 'Torre Lamberti', 'Museo Conte', 'Museo Radio']",Torre Lamberti,strategy_nearest,True,0.0029201507568359375,success
04A5ED3A9C4C80,2,"['Castelvecchio', 'Casa Giulietta']",Palazzo della Ragione,"['AMO', 'Museo Conte', 'Torre Lamberti', 'Centro Fotografia', 'Sighseeing']",Torre Lamberti,strategy_nearest,True,0.003423929214477539,success
04A5E93A9C4C80,1,['Arena'],Casa Giulietta,"['Centro Fotografia', 'Sighseeing', 'Torre Lamberti', 'Museo Conte', 'Museo Radio']",Palazzo della Ragione,strategy_nearest,False,0.002063751220703125,success
04A6053A9C4C84,0,['Arena'],Casa Giulietta,"['Centro Fotografia', 'Sighseeing', 'Torre Lamberti', 'Museo Conte', 'Museo Radio']",Castelvecchio,strategy_nearest,False,0.0027480125427246094,success
04A63A3A9C4C80,3,"['Casa Giulietta', 'Castelvecchio']",Torre Lamberti,"['Sighseeing', 'Centro Fotografia', 'Museo Conte', 'Palazzo della Ragione', 'AMO']",Santa Anastasia,strategy_nearest,False,0.0019741058349609375,success
04A6273A9C4C84,0,['Arena'],Casa Giulietta,"['Centro Fotografia', 'Sighseeing', 'Torre Lamberti', 'Museo Conte', 'Museo Radio']",Duomo,strategy_nearest,False,0.0034220218658447266,success
04A648C27B3F80,0,"['Casa Giulietta', 'Giardino Giusti']",Castelvecchio,"['Museo Lapidario', 'Verona Tour', 'Arena', 'Museo Radio', 'San Zeno']",San Zeno,strategy_nearest,True,0.0026922225952148438,success
04A647C27B3F80,3,"['Casa Giulietta', 'Giardino Giusti']",Castelvecchio,"['Museo Lapidario', 'Verona Tour', 'Arena', 'Museo Radio', 'San Zeno']",San Zeno,strategy_nearest,True,0.003384113311767578,success
04A64DC27B3F80,0,"['Casa Giulietta', 'Torre Lamberti']",Arena,"['Verona Tour', 'Museo Lapidario', 'Museo Radio', 'San Fermo', 'Sighseeing']",Museo Lapidario,strategy_nearest,True,0.002752065658569336,success
04A64EC27B3F80,0,"['Casa Giulietta', 'Torre Lamberti']",Arena,"['Verona Tour', 'Museo Lapidario', 'Museo Radio', 'San Fermo', 'Sighseeing']",Museo Lapidario,strategy_nearest,True,0.0033609867095947266,success
04A655C27B3F80,3,"['Casa Giulietta', 'Santa Anastasia', 'Torre Lamberti']",San Fermo,"['Museo Storia', 'Museo Radio', 'Centro Fotografia', 'Arena', 'Sighseeing']",Tomba Giulietta,strategy_nearest,False,0.0021009445190429688,success
04A656C27B3F80,3,"['Casa Giulietta', 'Santa Anastasia', 'Torre Lamberti']",San Fermo,"['Museo Storia', 'Museo Radio', 'Centro Fotografia', 'Arena', 'Sighseeing']",Tomba Giulietta,strategy_nearest,False,0.003376007080078125,success
04A661C27B3F80,3,"['Casa Giulietta', 'Giardino Giusti']",Castelvecchio,"['Museo Lapidario', 'Verona Tour', 'Arena', 'Museo Radio', 'San Zeno']",San Zeno,strategy_nearest,True,0.002134084701538086,success
04A662C27B3F80,3,"['Casa Giulietta', 'Giardino Giusti']",Castelvecchio,"['Museo Lapidario', 'Verona Tour', 'Arena', 'Museo Radio', 'San Zeno']",Arena,strategy_nearest,True,0.0027098655700683594,success
04A667C27B3F80,3,"['Casa Giulietta', 'Santa Anastasia']",Arena,"['Verona Tour', 'Museo Lapidario', 'Museo Radio', 'San Fermo', 'Sighseeing']",Torre Lamberti,strategy_nearest,False,0.0035359859466552734,success
04A668C27B3F80,1,"['Casa Giulietta', 'Torre Lamberti']",Palazzo della Ragione,"['AMO', 'Museo Conte', 'Centro Fotografia', 'Sighseeing', 'Santa Anastasia']",Arena,strategy_nearest,False,0.00269317626953125,success
04A66DC27B3F80,1,"['Casa Giulietta', 'Torre Lamberti']",Palazzo della Ragione,"['AMO', 'Museo Conte', 'Centro Fotografia', 'Sighseeing', 'Santa Anastasia']",Arena,strategy_nearest,False,0.002377748489379883,success
04A673C27B3F80,1,"['Casa Giulietta', 'Torre Lamberti', 'Palazzo della Ragione', 'Arena']",Castelvecchio,"['Museo Lapidario', 'Verona Tour', 'Museo Radio', 'San Zeno', 'Sighseeing']",Teatro Romano,strategy_nearest,False,0.0027709007263183594,success
04A66EC27B3F80,3,"['Casa Giulietta', 'Torre Lamberti', 'Santa Anastasia']",Arena,"['Verona Tour', 'Museo Lapidario', 'Museo Radio', 'San Fermo', 'Sighseeing']",Tomba Giulietta,strategy_nearest,False,0.002975940704345703,success
04A679C27B3F80,3,"['Casa Giulietta', 'Arena']",Castelvecchio,"['Museo Lapidario', 'Verona Tour', 'Museo Radio', 'San Zeno', 'Sighseeing']",Duomo,strategy_nearest,False,0.0024192333221435547,success
04A674C27B3F80,0,['Casa Giulietta'],Arena,"['Verona Tour', 'Museo Lapidario', 'Museo Radio', 'San Fermo', 'Sighseeing']",Castelvecchio,strategy_nearest,False,0.003715991973876953,success
04A67D429C4C80,2,['Torre Lamberti'],Palazzo della Ragione,"['AMO', 'Museo Conte', 'Centro Fotografia', 'Sighseeing', 'Santa Anastasia']",Casa Giulietta,strategy_nearest,False,0.002172231674194336,success
04A67C4A9C4C80,0,['Arena'],Castelvecchio,"['Museo Lapidario', 'Verona Tour', 'Museo Radio', 'San Zeno', 'Sighseeing']",Torre Lamberti,strategy_nearest,False,0.0017781257629394531,success
04A67AC27B3F80,1,"['Casa Giulietta', 'Torre Lamberti', 'Palazzo della Ragione', 'Arena']",Castelvecchio,"['Museo Lapidario', 'Verona Tour', 'Museo Radio', 'San Zeno', 'Sighseeing']",Teatro Romano,strategy_nearest,False,0.004336833953857422,success
04A6823A9C4C80,2,['Casa Giulietta'],Santa Anastasia,"['AMO', 'Museo Conte', 'Palazzo della Ragione', 'Teatro Romano', 'Centro Fotografia']",Duomo,strategy_nearest,False,0.003611326217651367,success
04A694429C4C80,1,['Arena'],Casa Giulietta,"['Centro Fotografia', 'Sighseeing', 'Torre Lamberti', 'Museo Conte', 'Museo Radio']",Torre Lamberti,strategy_nearest,True,0.0014071464538574219,success
04A68E429C4C80,3,['Arena'],Torre Lamberti,"['Sighseeing', 'Centro Fotografia', 'Museo Conte', 'Casa Giulietta', 'Palazzo della Ragione']",Santa Anastasia,strategy_nearest,False,0.003136873245239258,success
04A6863A9C4C80,0,['Arena'],Castelvecchio,"['Museo Lapidario', 'Verona Tour', 'Museo Radio', 'San Zeno', 'Sighseeing']",Casa Giulietta,strategy_nearest,False,0.002893209457397461,success
04A6984A9C4C80,0,"['Arena', 'Casa Giulietta']",Teatro Romano,"['Santa Anastasia', 'Duomo', 'AMO', 'Palazzo della Ragione', 'Museo Conte']",Duomo,strategy_nearest,True,0.003437042236328125,success
04A69D429C4C80,3,"['Arena', 'Casa Giulietta', 'Duomo']",Santa Anastasia,"['AMO', 'Museo Conte', 'Palazzo della Ragione', 'Teatro Romano', 'Centro Fotografia']",Tomba Giulietta,strategy_nearest,False,0.002067089080810547,success
04A6A73A9C4C80,0,['Arena'],Casa Giulietta,"['Centro Fotografia', 'Sighseeing', 'Torre Lamberti', 'Museo Conte', 'Museo Radio']",Teatro Romano,strategy_nearest,False,0.0027709007263183594,success
04A6A63A9C4C80,0,['Arena'],Casa Giulietta,"['Centro Fotografia', 'Sighseeing', 'Torre Lamberti', 'Museo Conte', 'Museo Radio']",Teatro Romano,strategy_nearest,False,0.0019769668579101562,success
04A6A7429C4C80,3,"['Arena', 'Casa Giulietta']",Santa Anastasia,"['AMO', 'Museo Conte', 'Palazzo della Ragione', 'Teatro Romano', 'Centro Fotografia']",Duomo,strategy_nearest,False,0.002663850784301758,success
04A6AE429C4C80,1,"['Palazzo della Ragione', 'Casa Giulietta']",Teatro Romano,"['Santa Anastasia', 'Duomo', 'AMO', 'Museo Conte', 'Centro Fotografia']",Arena,strategy_nearest,False,0.0033028125762939453,success
04A6BF429C4C80,0,['Teatro Romano'],Arena,"['Verona Tour', 'Museo Lapidario', 'Museo Radio', 'San Fermo', 'Casa Giulietta']",Castelvecchio,strategy_nearest,False,0.002357006072998047,success
04A6BC3A9C4C80,3,"['San Zeno', 'Castelvecchio']",Arena,"['Verona Tour', 'Museo Lapidario', 'Museo Radio', 'San Fermo', 'Casa Giulietta']",Duomo,strategy_nearest,False,0.0024602413177490234,success
04A6CA429C4C80,0,['Casa Giulietta'],Arena,"['Verona Tour', 'Museo Lapidario', 'Museo Radio', 'San Fermo', 'Sighseeing']",Tomba Giulietta,strategy_nearest,False,0.0033960342407226562,success
04A6F43A9C4C80,1,"['Casa Giulietta', 'Santa Anastasia', 'Duomo']",Teatro Romano,"['AMO', 'Palazzo della Ragione', 'Museo Conte', 'Centro Fotografia', 'Museo Miniscalchi']",Torre Lamberti,strategy_nearest,False,0.002618074417114258,success
04A7163A9C4C84,0,['Arena'],Casa Giulietta,"['Centro Fotografia', 'Sighseeing', 'Torre Lamberti', 'Museo Conte', 'Museo Radio']",Castelvecchio,strategy_nearest,False,0.0034208297729492188,success
04A72E429C4C80,1,"['Arena', 'Casa Giulietta']",Torre Lamberti,"['Sighseeing', 'Centro Fotografia', 'Museo Conte', 'Palazzo della Ragione', 'AMO']",Palazzo della Ragione,strategy_nearest,True,0.0025870800018310547,success
04A7323A9C4C80,0,['Torre Lamberti'],Arena,"['Verona Tour', 'Museo Lapidario', 'Museo Radio', 'San Fermo', 'Casa Giulietta']",Castelvecchio,strategy_nearest,False,0.003016948699951172,success
04A731429C4C80,1,['Arena'],Museo Lapidario,"['Verona Tour', 'Castelvecchio', 'Museo Radio', 'San Fermo', 'Casa Giulietta']",Castelvecchio,strategy_nearest,True,0.0025300979614257812,success
04A774429C4C80,1,"['Arena', 'Museo Lapidario', 'Castelvecchio']",Torre Lamberti,"['Sighseeing', 'Centro Fotografia', 'Museo Conte', 'Casa Giulietta', 'Palazzo della Ragione']",Palazzo della Ragione,strategy_nearest,True,0.00115203857421875,success
04A738429C4C80,3,"['Arena', 'Casa Giulietta']",Santa Anastasia,"['AMO', 'Museo Conte', 'Palazzo della Ragione', 'Teatro Romano', 'Centro Fotografia']",Duomo,strategy_nearest,False,0.0033059120178222656,success
04A77C3A9C4C80,1,"['Arena', 'Torre Lamberti']",Palazzo della Ragione,"['AMO', 'Museo Conte', 'Centro Fotografia', 'Sighseeing', 'Santa Anastasia']",Teatro Romano,strategy_nearest,False,0.002582073211669922,success
04A77C4A9C4C80,1,"['Palazzo della Ragione', 'Torre Lamberti']",Castelvecchio,"['Museo Lapidario', 'Verona Tour', 'Arena', 'Museo Radio', 'San Zeno']",Arena,strategy_nearest,True,0.003147125244140625,success
04A78E3A9C4C80,0,['Arena'],Torre Lamberti,"['Sighseeing', 'Centro Fotografia', 'Museo Conte', 'Casa Giulietta', 'Palazzo della Ragione']",Casa Giulietta,strategy_nearest,True,0.0030159950256347656,success
04A78B3A9C4C80,1,"['Arena', 'Palazzo della Ragione']",Torre Lamberti,"['Sighseeing', 'Centro Fotografia', 'Museo Conte', 'Casa Giulietta', 'AMO']",Casa Giulietta,strategy_nearest,True,0.001870870590209961,success
04A77E3A9C4C80,3,"['Arena', 'Casa Giulietta']",San Fermo,"['Museo Storia', 'Museo Radio', 'Centro Fotografia', 'Sighseeing', 'Torre Lamberti']",Santa Anastasia,strategy_nearest,False,0.004369020462036133,success
04A7A472743380,3,"['San Fermo', 'Casa Giulietta', 'Torre Lamberti']",Santa Anastasia,"['AMO', 'Museo Conte', 'Palazzo della Ragione', 'Teatro Romano', 'Centro Fotografia']",Duomo,strategy_nearest,False,0.0016589164733886719,success
04A7A4429C4C80,3,"['Santa Anastasia', 'Duomo']",Arena,"['Verona Tour', 'Museo Lapidario', 'Museo Radio', 'San Fermo', 'Casa Giulietta']",Castelvecchio,strategy_nearest,False,0.0022630691528320312,success
04A7A572743380,1,"['Arena', 'Castelvecchio', 'San Zeno', 'Torre Lamberti', 'Palazzo della Ragione']",Casa Giulietta,"['Centro Fotografia', 'Sighseeing', 'Museo Conte', 'Museo Radio', 'San Fermo']",San Fermo,strategy_nearest,True,0.002736806869506836,success
04A79B429C4C80,0,['Arena'],Casa Giulietta,"['Centro Fotografia', 'Sighseeing', 'Torre Lamberti', 'Museo Conte', 'Museo Radio']",Torre Lamberti,strategy_nearest,True,0.003495931625366211,success
04A7BA429C4C80,0,"['Castelvecchio', 'Teatro Romano']",Torre Lamberti,"['Sighseeing', 'Centro Fotografia', 'Museo Conte', 'Casa Giulietta', 'Palazzo della Ragione']",Casa Giulietta,strategy_nearest,True,0.0015211105346679688,success
04A7A8429C4C80,0,['Arena'],Casa Giulietta,"['Centro Fotografia', 'Sighseeing', 'Torre Lamberti', 'Museo Conte', 'Museo Radio']",Tomba Giulietta,strategy_nearest,False,0.0023500919342041016,success
04A7BF3A9C4C80,0,"['Torre Lamberti', 'Casa Giulietta']",Arena,"['Verona Tour', 'Museo Lapidario', 'Museo Radio', 'San Fermo', 'Sighseeing']",Castelvecchio,strategy_nearest,False,0.0028638839721679688,success
04A7C0429C4C80,3,"['Arena', 'Casa Giulietta']",Torre Lamberti,"['Sighseeing', 'Centro Fotografia', 'Museo Conte', 'Palazzo della Ragione', 'AMO']",Santa Anastasia,strategy_nearest,False,0.0030400753021240234,success
04A7C8C27B3F80,2,['Duomo'],Castelvecchio,"['Museo Lapidario', 'Verona Tour', 'Arena', 'Museo Radio', 'San Zeno']",Tomba Giulietta,strategy_nearest,False,0.0012519359588623047,success
04A7F572114980,0,['Arena'],Tomba Giulietta,"['San Fermo', 'Museo Storia', 'Museo Lapidario', 'Museo Radio', 'Verona Tour']",Casa Giulietta,strategy_nearest,False,0.0020771026611328125,success
04A7EF3A9C4C80,1,"['Casa Giulietta', 'Museo Lapidario']",Torre Lamberti,"['Sighseeing', 'Centro Fotografia', 'Museo Conte', 'Palazzo della Ragione', 'AMO']",Palazzo della Ragione,strategy_nearest,True,0.002905130386352539,success
04A804C27B3F84,0,"['Casa Giulietta', 'Castelvecchio']",Teatro Romano,"['Santa Anastasia', 'Duomo', 'AMO', 'Palazzo della Ragione', 'Museo Conte']",Tomba Giulietta,strategy_nearest,False,0.0029103755950927734,success
04A80CC27B3F80,1,"['Casa Giulietta', 'Torre Lamberti']",Palazzo della Ragione,"['AMO', 'Museo Conte', 'Centro Fotografia', 'Sighseeing', 'Santa Anastasia']",Duomo,strategy_nearest,False,0.0018880367279052734,success
04A80BC27B3F84,4,"['Casa Giulietta', 'Palazzo della Ragione', 'Santa Anastasia', 'Castelvecchio']",Arena,"['Verona Tour', 'Museo Lapidario', 'Museo Radio', 'San Fermo', 'Sighseeing']",Tomba Giulietta,strategy_nearest,False,0.003214120864868164,success
04A805C27B3F84,0,"['Casa Giulietta', 'Castelvecchio']",Teatro Romano,"['Santa Anastasia', 'Duomo', 'AMO', 'Palazzo della Ragione', 'Museo Conte']",Tomba Giulietta,strategy_nearest,False,0.0034759044647216797,success
04A8143A9C4C84,1,"['Arena', 'Museo Storia']",Palazzo della Ragione,"['AMO', 'Museo Conte', 'Torre Lamberti', 'Centro Fotografia', 'Sighseeing']",Casa Giulietta,strategy_nearest,False,0.0013661384582519531,success
04A81E3A9C4C84,0,"['Torre Lamberti', 'Casa Giulietta', 'San Fermo']",San Zeno,"['Castelvecchio', 'Verona Tour', 'Museo Lapidario', 'Arena', 'Museo Miniscalchi']",Castelvecchio,strategy_nearest,True,0.002663135528564453,success
04A80CC27B3F84,4,"['Casa Giulietta', 'Palazzo della Ragione', 'Santa Anastasia', 'Castelvecchio']",Arena,"['Verona Tour', 'Museo Lapidario', 'Museo Radio', 'San Fermo', 'Sighseeing']",Tomba Giulietta,strategy_nearest,False,0.002749919891357422,success
04A8243A9C4C84,0,['Arena'],Torre Lamberti,"['Sighseeing', 'Centro Fotografia', 'Museo Conte', 'Casa Giulietta', 'Palazzo della Ragione']",Casa Giulietta,strategy_nearest,True,0.0026679039001464844,success
04A8313A9C4C80,0,['Teatro Romano'],Casa Giulietta,"['Centro Fotografia', 'Sighseeing', 'Torre Lamberti', 'Museo Conte', 'Museo Radio']",Arena,strategy_nearest,False,0.001973867416381836,success
04A838429C4C80,3,"['Arena', 'Casa Giulietta']",Teatro Romano,"['Santa Anastasia', 'Duomo', 'AMO', 'Palazzo della Ragione', 'Museo Conte']",Duomo,strategy_nearest,True,0.0027489662170410156,success
04A846C27B3F80,1,"['Casa Giulietta', 'Torre Lamberti']",Palazzo della Ragione,"['AMO', 'Museo Conte', 'Centro Fotografia', 'Sighseeing', 'Santa Anastasia']",Duomo,strategy_nearest,False,0.001772165298461914,success
04A83AC27B3F80,1,"['Casa Giulietta', 'Torre Lamberti']",Palazzo della Ragione,"['AMO', 'Museo Conte', 'Centro Fotografia', 'Sighseeing', 'Santa Anastasia']",Duomo,strategy_nearest,False,0.0032639503479003906,success
04A859C27B3F80,1,"['Casa Giulietta', 'Torre Lamberti']",Palazzo della Ragione,"['AMO', 'Museo Conte', 'Centro Fotografia', 'Sighseeing', 'Santa Anastasia']",Duomo,strategy_nearest,False,0.002576112747192383,success
04A86B429C4C80,0,['Arena'],Casa Giulietta,"['Centro Fotografia', 'Sighseeing', 'Torre Lamberti', 'Museo Conte', 'Museo Radio']",Palazzo della Ragione,strategy_nearest,False,0.0028150081634521484,success
04A87E3A9C4C80,0,['Casa Giulietta'],Arena,"['Verona Tour', 'Museo Lapidario', 'Museo Radio', 'San Fermo', 'Sighseeing']",Tomba Giulietta,strategy_nearest,False,0.0025658607482910156,success
04A8834A9C4C80,1,['Arena'],Torre Lamberti,"['Sighseeing', 'Centro Fotografia', 'Museo Conte', 'Casa Giulietta', 'Palazzo della Ragione']",Palazzo della Ragione,strategy_nearest,True,0.003075838088989258,success
04A8794A9C4C80,3,"['Torre Lamberti', 'Santa Anastasia']",Casa Giulietta,"['Centro Fotografia', 'Sighseeing', 'Museo Conte', 'Museo Radio', 'Palazzo della Ragione']",Castelvecchio,strategy_nearest,False,0.0026569366455078125,success
04A88F429C4C80,3,"['Arena', 'Casa Giulietta']",Torre Lamberti,"['Sighseeing', 'Centro Fotografia', 'Museo Conte', 'Palazzo della Ragione', 'AMO']",Santa Anastasia,strategy_nearest,False,0.003818035125732422,success
04A8AB3A9C4C80,3,"['Arena', 'Casa Giulietta']",Torre Lamberti,"['Sighseeing', 'Centro Fotografia', 'Museo Conte', 'Palazzo della Ragione', 'AMO']",Santa Anastasia,strategy_nearest,False,0.0024738311767578125,success
04A8A4429C4C80,1,"['Casa Giulietta', 'Santa Anastasia', 'Duomo']",Teatro Romano,"['AMO', 'Palazzo della Ragione', 'Museo Conte', 'Centro Fotografia', 'Museo Miniscalchi']",Torre Lamberti,strategy_nearest,False,0.0020051002502441406,success
04A8B6429C4C80,1,['Arena'],Torre Lamberti,"['Sighseeing', 'Centro Fotografia', 'Museo Conte', 'Casa Giulietta', 'Palazzo della Ragione']",Palazzo della Ragione,strategy_nearest,True,0.0029120445251464844,success
04A8C0429C4C80,3,"['San Zeno', 'Arena', 'Santa Anastasia']",Duomo,"['AMO', 'Museo Miniscalchi', 'Teatro Romano', 'Palazzo della Ragione', 'Museo Conte']",Torre Lamberti,strategy_nearest,False,0.0024900436401367188,success
04A8B9429C4C80,0,['Arena'],Casa Giulietta,"['Centro Fotografia', 'Sighseeing', 'Torre Lamberti', 'Museo Conte', 'Museo Radio']",Santa Anastasia,strategy_nearest,False,0.0028111934661865234,success
04A8BF429C4C80,1,"['Torre Lamberti', 'Palazzo della Ragione']",Casa Giulietta,"['Centro Fotografia', 'Sighseeing', 'Museo Conte', 'Museo Radio', 'San Fermo']",Arena,strategy_nearest,False,0.0027549266815185547,success
04A8C3429C4C80,3,"['Arena', 'Casa Giulietta', 'Torre Lamberti']",Santa Anastasia,"['AMO', 'Museo Conte', 'Palazzo della Ragione', 'Teatro Romano', 'Centro Fotografia']",Teatro Romano,strategy_nearest,True,0.003170013427734375,success
04A8CA429C4C80,3,"['Casa Giulietta', 'Arena', 'Torre Lamberti']",Santa Anastasia,"['AMO', 'Museo Conte', 'Palazzo della Ragione', 'Teatro Romano', 'Centro Fotografia']",Duomo,strategy_nearest,False,0.0026907920837402344,success
04A8F43A9C4C80,3,['Arena'],Casa Giulietta,"['Centro Fotografia', 'Sighseeing', 'Torre Lamberti', 'Museo Conte', 'Museo Radio']",Torre Lamberti,strategy_nearest,True,0.002682924270629883,success
04A8CE3A9C4C80,0,"['Santa Anastasia', 'Castelvecchio']",Arena,"['Verona Tour', 'Museo Lapidario', 'Museo Radio', 'San Fermo', 'Casa Giulietta']",Casa Giulietta,strategy_nearest,True,0.0020389556884765625,success
04A8F9C27B3F80,3,"['Casa Giulietta', 'Arena']",Castelvecchio,"['Museo Lapidario', 'Verona Tour', 'Museo Radio', 'San Zeno', 'Sighseeing']",Duomo,strategy_nearest,False,0.003033876419067383,success
04A8FEC27B3F80,3,"['Casa Giulietta', 'Santa Anastasia', 'Teatro Romano']",Duomo,"['AMO', 'Museo Miniscalchi', 'Palazzo della Ragione', 'Museo Conte', 'Torre Lamberti']",Castelvecchio,strategy_nearest,False,0.002026796340942383,success
04A9083A9C4C84,1,"['Arena', 'Torre Lamberti']",Palazzo della Ragione,"['AMO', 'Museo Conte', 'Centro Fotografia', 'Sighseeing', 'Santa Anastasia']",Casa Giulietta,strategy_nearest,False,0.0031507015228271484,success
04A8FFC27B3F80,3,"['Casa Giulietta', 'Santa Anastasia', 'Teatro Romano']",Duomo,"['AMO', 'Museo Miniscalchi', 'Palazzo della Ragione', 'Museo Conte', 'Torre Lamberti']",Castelvecchio,strategy_nearest,False,0.0027980804443359375,success
04A90AC27B3F80,1,"['Casa Giulietta', 'Torre Lamberti']",Palazzo della Ragione,"['AMO', 'Museo Conte', 'Centro Fotografia', 'Sighseeing', 'Santa Anastasia']",Duomo,strategy_nearest,False,0.0026950836181640625,success
04A90D429C4C80,0,['Castelvecchio'],Arena,"['Verona Tour', 'Museo Lapidario', 'Museo Radio', 'San Fermo', 'Casa Giulietta']",Casa Giulietta,strategy_nearest,True,0.003299236297607422,success
04A9153A9C4C84,0,['Arena'],Museo Lapidario,"['Verona Tour', 'Castelvecchio', 'Museo Radio', 'San Fermo', 'Casa Giulietta']",Teatro Romano,strategy_nearest,False,0.002707242965698242,success
04A912429C4C80,0,['Torre Lamberti'],Duomo,"['AMO', 'Museo Miniscalchi', 'Santa Anastasia', 'Teatro Romano', 'Palazzo della Ragione']",Arena,strategy_nearest,False,0.003717660903930664,success
04A9213A9C4C84,0,['Arena'],Palazzo della Ragione,"['AMO', 'Museo Conte', 'Torre Lamberti', 'Centro Fotografia', 'Sighseeing']",Casa Giulietta,strategy_nearest,False,0.003590106964111328,success
04A9273A9C4C84,2,['Casa Giulietta'],Torre Lamberti,"['Sighseeing', 'Centro Fotografia', 'Museo Conte', 'Palazzo della Ragione', 'AMO']",Castelvecchio,strategy_nearest,False,0.003072023391723633,success
04A922429C4C84,1,"['Arena', 'Casa Giulietta']",Torre Lamberti,"['Sighseeing', 'Centro Fotografia', 'Museo Conte', 'Palazzo della Ragione', 'AMO']",Palazzo della Ragione,strategy_nearest,True,0.0021800994873046875,success
04A93DBA7B3F80,3,"['Castelvecchio', 'Arena', 'Torre Lamberti', 'Santa Anastasia']",Duomo,"['AMO', 'Museo Miniscalchi', 'Teatro Romano', 'Palazzo della Ragione', 'Museo Conte']",Casa Giulietta,strategy_nearest,False,0.003141164779663086,success
04A955C27B3F80,1,"['Casa Giulietta', 'Torre Lamberti']",Palazzo della Ragione,"['AMO', 'Museo Conte', 'Centro Fotografia', 'Sighseeing', 'Santa Anastasia']",Duomo,strategy_nearest,False,0.001386880874633789,success
04A9543A9C4C80,0,['Arena'],Casa Giulietta,"['Centro Fotografia', 'Sighseeing', 'Torre Lamberti', 'Museo Conte', 'Museo Radio']",Santa Anastasia,strategy_nearest,False,0.002131938934326172,success
04A964429C4C80,1,"['Teatro Romano', 'Duomo', 'Santa Anastasia']",Palazzo della Ragione,"['AMO', 'Museo Conte', 'Torre Lamberti', 'Centro Fotografia', 'Sighseeing']",Torre Lamberti,strategy_nearest,True,0.0029282569885253906,success
04A96B429C4C80,3,"['Teatro Romano', 'Duomo', 'Santa Anastasia', 'Torre Lamberti']",Casa Giulietta,"['Centro Fotografia', 'Sighseeing', 'Museo Conte', 'Museo Radio', 'Palazzo della Ragione']",San Fermo,strategy_nearest,False,0.003144979476928711,success
04A9834A9C4C80,0,['Arena'],Casa Giulietta,"['Centro Fotografia', 'Sighseeing', 'Torre Lamberti', 'Museo Conte', 'Museo Radio']",Castelvecchio,strategy_nearest,False,0.002507925033569336,success
04A97F3A9C4C80,0,"['Arena', 'Casa Giulietta']",Duomo,"['AMO', 'Museo Miniscalchi', 'Santa Anastasia', 'Teatro Romano', 'Palazzo della Ragione']",Torre Lamberti,strategy_nearest,False,0.0020601749420166016,success
04A97C429C4C80,0,['Torre Lamberti'],Arena,"['Verona Tour', 'Museo Lapidario', 'Museo Radio', 'San Fermo', 'Casa Giulietta']",Teatro Romano,strategy_nearest,False,0.0020389556884765625,success
04A984429C4C80,1,"['Arena', 'Casa Giulietta']",Torre Lamberti,"['Sighseeing', 'Centro Fotografia', 'Museo Conte', 'Palazzo della Ragione', 'AMO']",Palazzo della Ragione,strategy_nearest,True,0.0028848648071289062,success
04A9964A9C4C80,3,"['Arena', 'Casa Giulietta']",San Fermo,"['Museo Storia', 'Museo Radio', 'Centro Fotografia', 'Sighseeing', 'Torre Lamberti']",Santa Anastasia,strategy_nearest,False,0.0026199817657470703,success
04A9863A9C4C80,3,"['Arena', 'San Fermo', 'Santa Anastasia']",Duomo,"['AMO', 'Museo Miniscalchi', 'Teatro Romano', 'Palazzo della Ragione', 'Museo Conte']",Torre Lamberti,strategy_nearest,False,0.0022988319396972656,success
04A989BA7B3F80,1,"['Arena', 'Giardino Giusti', 'Torre Lamberti']",Palazzo della Ragione,"['AMO', 'Museo Conte', 'Centro Fotografia', 'Sighseeing', 'Santa Anastasia']",Castelvecchio,strategy_nearest,False,0.0036401748657226562,success
04A997429C4C80,1,"['Casa Giulietta', 'Torre Lamberti']",Palazzo della Ragione,"['AMO', 'Museo Conte', 'Centro Fotografia', 'Sighseeing', 'Santa Anastasia']",Arena,strategy_nearest,False,0.0024569034576416016,success
04A9AA3A9C4C80,3,"['Arena', 'Santa Anastasia']",Torre Lamberti,"['Sighseeing', 'Centro Fotografia', 'Museo Conte', 'Casa Giulietta', 'Palazzo della Ragione']",Casa Giulietta,strategy_nearest,True,0.0033729076385498047,success
04A99D429C4C80,1,"['Arena', 'Casa Giulietta']",Palazzo della Ragione,"['AMO', 'Museo Conte', 'Torre Lamberti', 'Centro Fotografia', 'Sighseeing']",Santa Anastasia,strategy_nearest,False,0.0036427974700927734,success
04A9B7429C4C80,3,"['Arena', 'Casa Giulietta']",Torre Lamberti,"['Sighseeing', 'Centro Fotografia', 'Museo Conte', 'Palazzo della Ragione', 'AMO']",Santa Anastasia,strategy_nearest,False,0.0019290447235107422,success
04A9C7429C4C80,2,"['Torre Lamberti', 'Palazzo della Ragione', 'Santa Anastasia']",Duomo,"['AMO', 'Museo Miniscalchi', 'Teatro Romano', 'Museo Conte', 'Centro Fotografia']",San Fermo,strategy_nearest,False,0.002519845962524414,success
04AA04BA7B3F84,0,"['Arena', 'Casa Giulietta']",Duomo,"['AMO', 'Museo Miniscalchi', 'Santa Anastasia', 'Teatro Romano', 'Palazzo della Ragione']",Teatro Romano,strategy_nearest,True,0.002043008804321289,success
04AA05BA7B3F84,3,['Arena'],Castelvecchio,"['Museo Lapidario', 'Verona Tour', 'Museo Radio', 'San Zeno', 'Sighseeing']",Santa Anastasia,strategy_nearest,False,0.0026857852935791016,success
04AA093A9C4C84,6,"['Arena', 'Castelvecchio']",Casa Giulietta,"['Centro Fotografia', 'Sighseeing', 'Torre Lamberti', 'Museo Conte', 'Museo Radio']",Torre Lamberti,strategy_nearest,True,0.0034160614013671875,success
04AA0BBA7B3F84,3,"['Castelvecchio', 'San Fermo', 'Casa Giulietta']",Torre Lamberti,"['Sighseeing', 'Centro Fotografia', 'Museo Conte', 'Palazzo della Ragione', 'AMO']",Arena,strategy_nearest,False,0.002784252166748047,success
04AA0A3A9C4C84,1,"['Arena', 'Casa Giulietta', 'Palazzo della Ragione']",Torre Lamberti,"['Sighseeing', 'Centro Fotografia', 'Museo Conte', 'AMO', 'Museo Miniscalchi']",Duomo,strategy_nearest,False,0.0032341480255126953,success
04AA0CBA7B3F84,1,"['Teatro Romano', 'Santa Anastasia']",Casa Giulietta,"['Centro Fotografia', 'Sighseeing', 'Torre Lamberti', 'Museo Conte', 'Museo Radio']",Arena,strategy_nearest,False,0.0022830963134765625,success
04AA13BA7B3F84,1,"['San Fermo', 'Duomo', 'Torre Lamberti', 'Casa Giulietta', 'Museo Lapidario']",Palazzo della Ragione,"['AMO', 'Museo Conte', 'Centro Fotografia', 'Sighseeing', 'Santa Anastasia']",Santa Anastasia,strategy_nearest,True,0.0026459693908691406,success
04AA1EBA7B3F84,2,['San Fermo'],Casa Giulietta,"['Centro Fotografia', 'Sighseeing', 'Torre Lamberti', 'Museo Conte', 'Museo Radio']",Torre Lamberti,strategy_nearest,True,0.00208282470703125,success
04AA19BA7B3F84,1,"['Arena', 'Casa Giulietta', 'Palazzo della Ragione']",Torre Lamberti,"['Sighseeing', 'Centro Fotografia', 'Museo Conte', 'AMO', 'Museo Miniscalchi']",Santa Anastasia,strategy_nearest,False,0.0035598278045654297,success
04AA28429C4C84,1,"['Torre Lamberti', 'Palazzo della Ragione']",Teatro Romano,"['Santa Anastasia', 'Duomo', 'AMO', 'Museo Conte', 'Centro Fotografia']",Duomo,strategy_nearest,True,0.0033740997314453125,success
04AA393A9C4C80,1,['Arena'],Torre Lamberti,"['Sighseeing', 'Centro Fotografia', 'Museo Conte', 'Casa Giulietta', 'Palazzo della Ragione']",Palazzo della Ragione,strategy_nearest,True,0.0031290054321289062,success
04AA41429C4C80,3,"['Castelvecchio', 'Arena']",Santa Anastasia,"['AMO', 'Museo Conte', 'Palazzo della Ragione', 'Teatro Romano', 'Centro Fotografia']",Duomo,strategy_nearest,False,0.0026988983154296875,success
04AA823A9C4C80,3,"['San Fermo', 'Santa Anastasia', 'Arena']",Torre Lamberti,"['Sighseeing', 'Centro Fotografia', 'Museo Conte', 'Casa Giulietta', 'Palazzo della Ragione']",Teatro Romano,strategy_nearest,False,0.002446889877319336,success
04AA713A9C4C80,2,"['Casa Giulietta', 'Santa Anastasia']",Torre Lamberti,"['Sighseeing', 'Centro Fotografia', 'Museo Conte', 'Palazzo della Ragione', 'AMO']",Duomo,strategy_nearest,False,0.002691030502319336,success
04AA66429C4C80,1,"['Casa Giulietta', 'Torre Lamberti']",Palazzo della Ragione,"['AMO', 'Museo Conte', 'Centro Fotografia', 'Sighseeing', 'Santa Anastasia']",Castelvecchio,strategy_nearest,False,0.0029189586639404297,success
04AA8C429C4C80,3,"['Arena', 'Casa Giulietta']",Duomo,"['AMO', 'Museo Miniscalchi', 'Santa Anastasia', 'Teatro Romano', 'Palazzo della Ragione']",Teatro Romano,strategy_nearest,True,0.002413034439086914,success
04AAA472743380,3,"['Museo Lapidario', 'Castelvecchio', 'Arena', 'Casa Giulietta']",Tomba Giulietta,"['San Fermo', 'Museo Storia', 'Museo Radio', 'Verona Tour', 'Sighseeing']",Duomo,strategy_nearest,False,0.0019488334655761719,success
04AAA572743380,1,"['Arena', 'Casa Giulietta']",Torre Lamberti,"['Sighseeing', 'Centro Fotografia', 'Museo Conte', 'Palazzo della Ragione', 'AMO']",Palazzo della Ragione,strategy_nearest,True,0.002525806427001953,success
04AAA83A9C4C80,0,['Arena'],Casa Giulietta,"['Centro Fotografia', 'Sighseeing', 'Torre Lamberti', 'Museo Conte', 'Museo Radio']",Torre Lamberti,strategy_nearest,True,0.0032148361206054688,success
04AAA872743380,1,"['Teatro Romano', 'Palazzo della Ragione', 'Torre Lamberti']",Castelvecchio,"['Museo Lapidario', 'Verona Tour', 'Arena', 'Museo Radio', 'San Zeno']",Arena,strategy_nearest,True,0.0019779205322265625,success
04AAB6429C4C80,0,['Casa Giulietta'],Torre Lamberti,"['Sighseeing', 'Centro Fotografia', 'Museo Conte', 'Palazzo della Ragione', 'AMO']",Teatro Romano,strategy_nearest,False,0.002602100372314453,success
04AAA93A9C4C80,0,['Arena'],Casa Giulietta,"['Centro Fotografia', 'Sighseeing', 'Torre Lamberti', 'Museo Conte', 'Museo Radio']",Santa Anastasia,strategy_nearest,False,0.003275156021118164,success
04AAC83A9C4C80,3,"['Castelvecchio', 'Arena', 'Casa Giulietta', 'Torre Lamberti']",Santa Anastasia,"['AMO', 'Museo Conte', 'Palazzo della Ragione', 'Teatro Romano', 'Centro Fotografia']",Teatro Romano,strategy_nearest,True,0.0020830631256103516,success
04AAC1429C4C80,0,"['San Fermo', 'Casa Giulietta']",Arena,"['Verona Tour', 'Museo Lapidario', 'Museo Radio', 'Sighseeing', 'Castelvecchio']",Torre Lamberti,strategy_nearest,False,0.0026311874389648438,success
04AAC73A9C4C80,1,"['Arena', 'Castelvecchio', 'Palazzo della Ragione', 'Torre Lamberti']",Santa Anastasia,"['AMO', 'Museo Conte', 'Teatro Romano', 'Centro Fotografia', 'Duomo']",Casa Giulietta,strategy_nearest,False,0.003325939178466797,success
04AADCBA7B3F80,1,"['Tomba Giulietta', 'Arena', 'Torre Lamberti', 'Palazzo della Ragione']",Casa Giulietta,"['Centro Fotografia', 'Sighseeing', 'Museo Conte', 'Museo Radio', 'San Fermo']",San Fermo,strategy_nearest,True,0.0033211708068847656,success
04AAE7BA7B3F80,1,"['Arena', 'Casa Giulietta', 'Castelvecchio', 'San Zeno']",Museo Lapidario,"['Verona Tour', 'Museo Radio', 'San Fermo', 'Tomba Giulietta', 'Sighseeing']",Palazzo della Ragione,strategy_nearest,False,0.0017440319061279297,success
04AAEC3A9C4C80,1,['Arena'],Casa Giulietta,"['Centro Fotografia', 'Sighseeing', 'Torre Lamberti', 'Museo Conte', 'Museo Radio']",Palazzo della Ragione,strategy_nearest,False,0.0018172264099121094,success
04AAE2BA7B3F80,1,"['Teatro Romano', 'Santa Anastasia']",Casa Giulietta,"['Centro Fotografia', 'Sighseeing', 'Torre Lamberti', 'Museo Conte', 'Museo Radio']",Arena,strategy_nearest,False,0.00335693359375,success
04AAEA3A9C4C80,3,"['Arena', 'Torre Lamberti']",Santa Anastasia,"['AMO', 'Museo Conte', 'Palazzo della Ragione', 'Teatro Romano', 'Centro Fotografia']",Casa Giulietta,strategy_nearest,False,0.003429889678955078,success
04AAEE3A9C4C80,1,"['Arena', 'Casa Giulietta']",Palazzo della Ragione,"['AMO', 'Museo Conte', 'Torre Lamberti', 'Centro Fotografia', 'Sighseeing']",Torre Lamberti,strategy_nearest,True,0.0018131732940673828,success
04AAEDBA7B3F80,1,"['Arena', 'Casa Giulietta', 'Palazzo della Ragione']",Torre Lamberti,"['Sighseeing', 'Centro Fotografia', 'Museo Conte', 'AMO', 'Museo Miniscalchi']",Santa Anastasia,strategy_nearest,False,0.0037360191345214844,success
04AAEEBA7B3F80,1,"['Casa Giulietta', 'Santa Anastasia', 'Torre Lamberti', 'Palazzo della Ragione']",Arena,"['Verona Tour', 'Museo Lapidario', 'Museo Radio', 'San Fermo', 'Sighseeing']",San Fermo,strategy_nearest,True,0.003952741622924805,success
04AAF3BA7B3F80,1,"['Arena', 'Casa Giulietta', 'Castelvecchio', 'San Zeno']",Museo Lapidario,"['Verona Tour', 'Museo Radio', 'San Fermo', 'Tomba Giulietta', 'Sighseeing']",Palazzo della Ragione,strategy_nearest,False,0.0028772354125976562,success
04AAF73A9C4C80,3,"['Arena', 'Castelvecchio']",Teatro Romano,"['Santa Anastasia', 'Duomo', 'AMO', 'Palazzo della Ragione', 'Museo Conte']",Santa Anastasia,strategy_nearest,True,0.002627134323120117,success
04AAF4BA7B3F80,3,"['Arena', 'Casa Giulietta', 'Casa Giulietta', 'Duomo']",Teatro Romano,"['Santa Anastasia', 'AMO', 'Palazzo della Ragione', 'Museo Conte', 'Centro Fotografia']",Torre Lamberti,strategy_nearest,False,0.003368854522705078,success
04AAF93A9C4C80,1,"['Arena', 'Torre Lamberti']",Palazzo della Ragione,"['AMO', 'Museo Conte', 'Centro Fotografia', 'Sighseeing', 'Santa Anastasia']",Casa Giulietta,strategy_nearest,False,0.0025250911712646484,success
04AAF9BA7B3F80,3,"['Arena', 'Casa Giulietta']",Duomo,"['AMO', 'Museo Miniscalchi', 'Santa Anastasia', 'Teatro Romano', 'Palazzo della Ragione']",Santa Anastasia,strategy_nearest,True,0.0024929046630859375,success
04AAFFBA7B3F80,3,"['Arena', 'Casa Giulietta', 'Duomo']",Teatro Romano,"['Santa Anastasia', 'AMO', 'Palazzo della Ragione', 'Museo Conte', 'Centro Fotografia']",Torre Lamberti,strategy_nearest,False,0.003245115280151367,success
04AB0BBA7B3F84,0,"['Castelvecchio', 'Torre Lamberti']",Casa Giulietta,"['Centro Fotografia', 'Sighseeing', 'Museo Conte', 'Museo Radio', 'Palazzo della Ragione']",Arena,strategy_nearest,False,0.002518892288208008,success
04AAFBBA7B3F80,3,['Arena'],Castelvecchio,"['Museo Lapidario', 'Verona Tour', 'Museo Radio', 'San Zeno', 'Sighseeing']",Santa Anastasia,strategy_nearest,False,0.002674102783203125,success
04AB04BA7B3F84,0,"['Castelvecchio', 'Torre Lamberti']",Casa Giulietta,"['Centro Fotografia', 'Sighseeing', 'Museo Conte', 'Museo Radio', 'Palazzo della Ragione']",Arena,strategy_nearest,False,0.003484010696411133,success
04AB0EBA7B3F80,1,"['Castelvecchio', 'Arena']",Tomba Giulietta,"['San Fermo', 'Museo Storia', 'Museo Lapidario', 'Museo Radio', 'Verona Tour']",Torre Lamberti,strategy_nearest,False,0.0024061203002929688,success
04AB12BA7B3F84,3,"['Casa Giulietta', 'Torre Lamberti', 'Santa Anastasia', 'Arena']",San Fermo,"['Museo Storia', 'Museo Radio', 'Centro Fotografia', 'Sighseeing', 'Museo Conte']",Tomba Giulietta,strategy_nearest,False,0.0019159317016601562,success
04AB10BA7B3F84,0,"['Castelvecchio', 'Torre Lamberti']",Casa Giulietta,"['Centro Fotografia', 'Sighseeing', 'Museo Conte', 'Museo Radio', 'Palazzo della Ragione']",Arena,strategy_nearest,False,0.0025720596313476562,success
04AB18429C4C84,1,['Arena'],Casa Giulietta,"['Centro Fotografia', 'Sighseeing', 'Torre Lamberti', 'Museo Conte', 'Museo Radio']",Torre Lamberti,strategy_nearest,True,0.0031681060791015625,success
04AB36429C4C80,3,"['Arena', 'Casa Giulietta', 'Santa Anastasia']",Torre Lamberti,"['Sighseeing', 'Centro Fotografia', 'Museo Conte', 'Palazzo della Ragione', 'AMO']",Giardino Giusti,strategy_nearest,False,0.003042936325073242,success
04AB42429C4C80,0,"['Tomba Giulietta', 'Teatro Romano']",Duomo,"['AMO', 'Museo Miniscalchi', 'Santa Anastasia', 'Palazzo della Ragione', 'Museo Conte']",Casa Giulietta,strategy_nearest,False,0.002179861068725586,success
04AB50BA7B3F80,0,"['Teatro Romano', 'Tomba Giulietta', 'Casa Giulietta']",Arena,"['Verona Tour', 'Museo Lapidario', 'Museo Radio', 'San Fermo', 'Sighseeing']",San Fermo,strategy_nearest,True,0.0029480457305908203,success
04AB60BA7B3F80,1,"['Torre Lamberti', 'Palazzo della Ragione']",Casa Giulietta,"['Centro Fotografia', 'Sighseeing', 'Museo Conte', 'Museo Radio', 'San Fermo']",Arena,strategy_nearest,False,0.0024819374084472656,success
04AB44BA7B3F80,0,"['Teatro Romano', 'Tomba Giulietta', 'Casa Giulietta']",Arena,"['Verona Tour', 'Museo Lapidario', 'Museo Radio', 'San Fermo', 'Sighseeing']",San Fermo,strategy_nearest,True,0.003664255142211914,success
04AB62BA7B3F80,1,"['Palazzo della Ragione', 'Castelvecchio']",Teatro Romano,"['Santa Anastasia', 'Duomo', 'AMO', 'Museo Conte', 'Centro Fotografia']",Casa Giulietta,strategy_nearest,False,0.003662109375,success
04AB68BA7B3F80,3,"['Torre Lamberti', 'San Fermo']",Santa Anastasia,"['AMO', 'Museo Conte', 'Palazzo della Ragione', 'Teatro Romano', 'Centro Fotografia']",Arena,strategy_nearest,False,0.0028951168060302734,success
04AB6DBA7B3F80,3,"['Arena', 'San Fermo', 'Casa Giulietta']",Torre Lamberti,"['Sighseeing', 'Centro Fotografia', 'Museo Conte', 'Palazzo della Ragione', 'AMO']",Duomo,strategy_nearest,False,0.0027039051055908203,success
04AB713A9C4C80,3,"['Arena', 'Torre Lamberti', 'Santa Anastasia']",Duomo,"['AMO', 'Museo Miniscalchi', 'Teatro Romano', 'Palazzo della Ragione', 'Museo Conte']",Casa Giulietta,strategy_nearest,False,0.00341033935546875,success
04AB74BA7B3F80,3,"['Castelvecchio', 'Arena']",Casa Giulietta,"['Centro Fotografia', 'Sighseeing', 'Torre Lamberti', 'Museo Conte', 'Museo Radio']",Torre Lamberti,strategy_nearest,True,0.0031130313873291016,success
04AB79BA7B3F80,1,"['Torre Lamberti', 'Santa Anastasia', 'Palazzo della Ragione']",Arena,"['Verona Tour', 'Museo Lapidario', 'Museo Radio', 'San Fermo', 'Casa Giulietta']",San Zeno,strategy_nearest,False,0.002375364303588867,success
04AB7ABA7B3F80,1,"['Torre Lamberti', 'Santa Anastasia', 'Teatro Romano']",Duomo,"['AMO', 'Museo Miniscalchi', 'Palazzo della Ragione', 'Museo Conte', 'Centro Fotografia']",Arena,strategy_nearest,False,0.0026569366455078125,success
04AB7E3A9C4C80,0,['Arena'],Torre Lamberti,"['Sighseeing', 'Centro Fotografia', 'Museo Conte', 'Casa Giulietta', 'Palazzo della Ragione']",Casa Giulietta,strategy_nearest,True,0.003371000289916992,success
04AB7FBA7B3F80,1,"['Torre Lamberti', 'Palazzo della Ragione', 'Santa Anastasia']",Duomo,"['AMO', 'Museo Miniscalchi', 'Teatro Romano', 'Museo Conte', 'Centro Fotografia']",Teatro Romano,strategy_nearest,True,0.003016948699951172,success
04AB86429C4C80,0,['Arena'],Casa Giulietta,"['Centro Fotografia', 'Sighseeing', 'Torre Lamberti', 'Museo Conte', 'Museo Radio']",Duomo,strategy_nearest,False,0.002074718475341797,success
04AB803A9C4C80,1,['Casa Giulietta'],Torre Lamberti,"['Sighseeing', 'Centro Fotografia', 'Museo Conte', 'Palazzo della Ragione', 'AMO']",Palazzo della Ragione,strategy_nearest,True,0.0037140846252441406,success
04AB813A9C4C80,0,"['Casa Giulietta', 'Torre Lamberti']",Teatro Romano,"['Santa Anastasia', 'Duomo', 'AMO', 'Palazzo della Ragione', 'Museo Conte']",Tomba Giulietta,strategy_nearest,False,0.003705739974975586,success
04ABA472743380,1,"['Casa Giulietta', 'Arena', 'Castelvecchio']",Santa Anastasia,"['AMO', 'Museo Conte', 'Palazzo della Ragione', 'Teatro Romano', 'Centro Fotografia']",Duomo,strategy_nearest,False,0.002866029739379883,success
04AB8A429C4C80,0,['Arena'],Casa Giulietta,"['Centro Fotografia', 'Sighseeing', 'Torre Lamberti', 'Museo Conte', 'Museo Radio']",Casa Giulietta,strategy_nearest,False,0.0035600662231445312,success
04ABA6429C4C80,3,"['Casa Giulietta', 'Torre Lamberti']",Santa Anastasia,"['AMO', 'Museo Conte', 'Palazzo della Ragione', 'Teatro Romano', 'Centro Fotografia']",Duomo,strategy_nearest,False,0.002193927764892578,success
04ABAA429C4C80,0,['Arena'],Castelvecchio,"['Museo Lapidario', 'Verona Tour', 'Museo Radio', 'San Zeno', 'Sighseeing']",Tomba Giulietta,strategy_nearest,False,0.0021162033081054688,success
04ABAC429C4C80,3,"['Arena', 'Museo Lapidario', 'Castelvecchio']",Santa Anastasia,"['AMO', 'Museo Conte', 'Palazzo della Ragione', 'Teatro Romano', 'Centro Fotografia']",Torre Lamberti,strategy_nearest,False,0.0033740997314453125,success
04ABA8429C4C80,0,['Casa Giulietta'],Arena,"['Verona Tour', 'Museo Lapidario', 'Museo Radio', 'San Fermo', 'Sighseeing']",Santa Anastasia,strategy_nearest,False,0.003426074981689453,success
04ABBF429C4C80,1,"['Arena', 'Castelvecchio']",Palazzo della Ragione,"['AMO', 'Museo Conte', 'Torre Lamberti', 'Centro Fotografia', 'Sighseeing']",Casa Giulietta,strategy_nearest,False,0.002724170684814453,success
04ABBF3A9C4C80,3,"['Casa Giulietta', 'Torre Lamberti']",Duomo,"['AMO', 'Museo Miniscalchi', 'Santa Anastasia', 'Teatro Romano', 'Palazzo della Ragione']",Castelvecchio,strategy_nearest,False,0.0020728111267089844,success
04ABBCBA7B3F80,2,"['Tomba Giulietta', 'San Fermo', 'Casa Giulietta']",Santa Anastasia,"['AMO', 'Museo Conte', 'Palazzo della Ragione', 'Teatro Romano', 'Centro Fotografia']",Castelvecchio,strategy_nearest,False,0.002920866012573242,success
04ABC1BA7B3F80,0,"['Arena', 'Casa Giulietta']",Castelvecchio,"['Museo Lapidario', 'Verona Tour', 'Museo Radio', 'San Zeno', 'Sighseeing']",Torre Lamberti,strategy_nearest,False,0.003143787384033203,success
04ABC7BA7B3F80,0,"['Arena', 'Casa Giulietta']",Castelvecchio,"['Museo Lapidario', 'Verona Tour', 'Museo Radio', 'San Zeno', 'Sighseeing']",Torre Lamberti,strategy_nearest,False,0.0020437240600585938,success
04ABC23A9C4C80,3,"['San Fermo', 'Casa Giulietta']",Torre Lamberti,"['Sighseeing', 'Centro Fotografia', 'Museo Conte', 'Palazzo della Ragione', 'AMO']",Santa Anastasia,strategy_nearest,False,0.0012149810791015625,success
04ABFEBA7B3F80,0,"['Castelvecchio', 'Torre Lamberti']",Casa Giulietta,"['Centro Fotografia', 'Sighseeing', 'Museo Conte', 'Museo Radio', 'Palazzo della Ragione']",Arena,strategy_nearest,False,0.0026197433471679688,success
04AC003A9C4C84,3,"['Teatro Romano', 'Duomo']",Santa Anastasia,"['AMO', 'Museo Conte', 'Palazzo della Ragione', 'Centro Fotografia', 'Torre Lamberti']",Torre Lamberti,strategy_nearest,True,0.003161191940307617,success
04AC04BA7B3F84,3,"['Teatro Romano', 'Santa Anastasia']",Casa Giulietta,"['Centro Fotografia', 'Sighseeing', 'Torre Lamberti', 'Museo Conte', 'Museo Radio']",Arena,strategy_nearest,False,0.002260923385620117,success
04AC0BBA7B3F84,3,"['Castelvecchio', 'Arena', 'Casa Giulietta']",San Zeno,"['Verona Tour', 'Museo Lapidario', 'Museo Miniscalchi', 'Sighseeing', 'Museo Radio']",Torre Lamberti,strategy_nearest,False,0.0032999515533447266,success
04AC0CBA7B3F84,1,"['Castelvecchio', 'Arena', 'Casa Giulietta', 'Santa Anastasia']",Torre Lamberti,"['Sighseeing', 'Centro Fotografia', 'Museo Conte', 'Palazzo della Ragione', 'AMO']",Palazzo della Ragione,strategy_nearest,True,0.0027501583099365234,success
04AC0C4A9C4C80,3,"['Arena', 'Castelvecchio', 'Torre Lamberti']",Santa Anastasia,"['AMO', 'Museo Conte', 'Palazzo della Ragione', 'Teatro Romano', 'Centro Fotografia']",Giardino Giusti,strategy_nearest,False,0.001940011978149414,success
04AC19BA7B3F84,1,"['Castelvecchio', 'Arena', 'Casa Giulietta', 'Santa Anastasia']",Torre Lamberti,"['Sighseeing', 'Centro Fotografia', 'Museo Conte', 'Palazzo della Ragione', 'AMO']",Palazzo della Ragione,strategy_nearest,True,0.00214385986328125,success
04AC18BA7B3F84,3,"['Castelvecchio', 'Arena', 'Casa Giulietta']",San Zeno,"['Verona Tour', 'Museo Lapidario', 'Museo Miniscalchi', 'Sighseeing', 'Museo Radio']",Torre Lamberti,strategy_nearest,False,0.0029931068420410156,success
04AC1D429C4C84,3,"['Teatro Romano', 'Duomo']",Santa Anastasia,"['AMO', 'Museo Conte', 'Palazzo della Ragione', 'Centro Fotografia', 'Torre Lamberti']",Casa Giulietta,strategy_nearest,False,0.0028581619262695312,success
04AC1EBA7B3F84,3,"['Teatro Romano', 'Santa Anastasia']",Arena,"['Verona Tour', 'Museo Lapidario', 'Museo Radio', 'San Fermo', 'Casa Giulietta']",Tomba Giulietta,strategy_nearest,False,0.003100156784057617,success
04AC24BA7B3F84,1,"['Arena', 'Casa Giulietta']",Torre Lamberti,"['Sighseeing', 'Centro Fotografia', 'Museo Conte', 'Palazzo della Ragione', 'AMO']",Palazzo della Ragione,strategy_nearest,True,0.0026140213012695312,success
04AC2ABA7B3F84,4,"['Castelvecchio', 'San Zeno', 'Arena', 'Casa Giulietta', 'Museo Radio']",San Fermo,"['Museo Storia', 'Centro Fotografia', 'Sighseeing', 'Torre Lamberti', 'Museo Conte']",Teatro Romano,strategy_nearest,False,0.0019421577453613281,success
04AC25BA7B3F84,1,"['Castelvecchio', 'Arena', 'Casa Giulietta', 'Santa Anastasia']",Torre Lamberti,"['Sighseeing', 'Centro Fotografia', 'Museo Conte', 'Palazzo della Ragione', 'AMO']",Palazzo della Ragione,strategy_nearest,True,0.0045659542083740234,success
04AC38429C4C80,0,['Arena'],Giardino Giusti,"['Santa Anastasia', 'Teatro Romano', 'Museo Conte', 'Centro Fotografia', 'Museo Storia']",Castelvecchio,strategy_nearest,False,0.004426002502441406,success
04AC3DBA7B3F80,0,"['Arena', 'Castelvecchio']",Duomo,"['AMO', 'Museo Miniscalchi', 'Santa Anastasia', 'Teatro Romano', 'Palazzo della Ragione']",Casa Giulietta,strategy_nearest,False,0.00412297248840332,success
04AC3EBA7B3F80,3,"['Arena', 'Santa Anastasia']",Casa Giulietta,"['Centro Fotografia', 'Sighseeing', 'Torre Lamberti', 'Museo Conte', 'Museo Radio']",Castelvecchio,strategy_nearest,False,0.004199028015136719,success
04AC50BA7B3F80,0,['Arena'],Castelvecchio,"['Museo Lapidario', 'Verona Tour', 'Museo Radio', 'San Zeno', 'Sighseeing']",Torre Lamberti,strategy_nearest,False,0.0013990402221679688,success
04AC55BA7B3F80,3,"['Casa Giulietta', 'Arena', 'Museo Lapidario']",Castelvecchio,"['Verona Tour', 'Museo Radio', 'San Zeno', 'Sighseeing', 'Museo Miniscalchi']",Torre Lamberti,strategy_nearest,False,0.0023088455200195312,success
04AC413A9C4C80,0,['Arena'],Casa Giulietta,"['Centro Fotografia', 'Sighseeing', 'Torre Lamberti', 'Museo Conte', 'Museo Radio']",Torre Lamberti,strategy_nearest,True,0.0043642520904541016,success
04AC56BA7B3F80,3,"['Arena', 'Santa Anastasia']",Casa Giulietta,"['Centro Fotografia', 'Sighseeing', 'Torre Lamberti', 'Museo Conte', 'Museo Radio']",Castelvecchio,strategy_nearest,False,0.0028657913208007812,success
04AC5DBA7B3F80,0,['Arena'],Castelvecchio,"['Museo Lapidario', 'Verona Tour', 'Museo Radio', 'San Zeno', 'Sighseeing']",Torre Lamberti,strategy_nearest,False,0.0017349720001220703,success
04AC5F429C4C80,0,['Arena'],Giardino Giusti,"['Santa Anastasia', 'Teatro Romano', 'Museo Conte', 'Centro Fotografia', 'Museo Storia']",Torre Lamberti,strategy_nearest,False,0.0020291805267333984,success
04AC63BA7B3F80,3,"['Arena', 'Casa Giulietta', 'Torre Lamberti']",Santa Anastasia,"['AMO', 'Museo Conte', 'Palazzo della Ragione', 'Teatro Romano', 'Centro Fotografia']",Teatro Romano,strategy_nearest,True,0.0027561187744140625,success
04AC62BA7B3F80,3,"['Arena', 'Castelvecchio', 'San Zeno']",Santa Anastasia,"['AMO', 'Museo Conte', 'Palazzo della Ragione', 'Teatro Romano', 'Centro Fotografia']",Teatro Romano,strategy_nearest,True,0.002753019332885742,success
04AC69BA7B3F80,0,"['Arena', 'Casa Giulietta']",Torre Lamberti,"['Sighseeing', 'Centro Fotografia', 'Museo Conte', 'Palazzo della Ragione', 'AMO']",Teatro Romano,strategy_nearest,False,0.00335693359375,success
04AC6FBA7B3F80,3,"['Arena', 'Castelvecchio', 'Duomo']",Santa Anastasia,"['AMO', 'Museo Conte', 'Palazzo della Ragione', 'Teatro Romano', 'Centro Fotografia']",San Fermo,strategy_nearest,False,0.001928091049194336,success
04AC6EBA7B3F80,1,"['Arena', 'Torre Lamberti']",Palazzo della Ragione,"['AMO', 'Museo Conte', 'Centro Fotografia', 'Sighseeing', 'Santa Anastasia']",Casa Giulietta,strategy_nearest,False,0.004084348678588867,success
04AC73429C4C80,2,['Casa Giulietta'],Giardino Giusti,"['Santa Anastasia', 'Teatro Romano', 'Museo Conte', 'Centro Fotografia', 'Museo Storia']",Santa Anastasia,strategy_nearest,True,0.0024709701538085938,success
04AC75BA7B3F80,3,"['Arena', 'Casa Giulietta', 'Torre Lamberti']",Santa Anastasia,"['AMO', 'Museo Conte', 'Palazzo della Ragione', 'Teatro Romano', 'Centro Fotografia']",Teatro Romano,strategy_nearest,True,0.003220796585083008,success
04AC793A9C4C80,3,"['Arena', 'Casa Giulietta']",Torre Lamberti,"['Sighseeing', 'Centro Fotografia', 'Museo Conte', 'Palazzo della Ragione', 'AMO']",Santa Anastasia,strategy_nearest,False,0.002825021743774414,success
04AC7ABA7B3F80,3,"['Arena', 'Castelvecchio']",Casa Giulietta,"['Centro Fotografia', 'Sighseeing', 'Torre Lamberti', 'Museo Conte', 'Museo Radio']",Torre Lamberti,strategy_nearest,True,0.0036101341247558594,success
04AC7F429C4C80,0,['Arena'],Casa Giulietta,"['Centro Fotografia', 'Sighseeing', 'Torre Lamberti', 'Museo Conte', 'Museo Radio']",Castelvecchio,strategy_nearest,False,0.0035140514373779297,success
04AC7BBA7B3F80,3,"['Castelvecchio', 'Museo Lapidario', 'Arena', 'Casa Giulietta']",Santa Anastasia,"['AMO', 'Museo Conte', 'Palazzo della Ragione', 'Teatro Romano', 'Centro Fotografia']",Duomo,strategy_nearest,False,0.0037658214569091797,success
04AC81BA7B3F80,0,"['Arena', 'Castelvecchio']",Duomo,"['AMO', 'Museo Miniscalchi', 'Santa Anastasia', 'Teatro Romano', 'Palazzo della Ragione']",Casa Giulietta,strategy_nearest,False,0.002791881561279297,success
04AC833A9C4C80,0,['Arena'],Castelvecchio,"['Museo Lapidario', 'Verona Tour', 'Museo Radio', 'San Zeno', 'Sighseeing']",Casa Giulietta,strategy_nearest,False,0.002810239791870117,success
04AC86BA7B3F80,1,"['Arena', 'Torre Lamberti']",Palazzo della Ragione,"['AMO', 'Museo Conte', 'Centro Fotografia', 'Sighseeing', 'Santa Anastasia']",Casa Giulietta,strategy_nearest,False,0.0031960010528564453,success
04AC87BA7B3F80,3,"['Arena', 'Torre Lamberti', 'Santa Anastasia']",Teatro Romano,"['Duomo', 'AMO', 'Palazzo della Ragione', 'Museo Conte', 'Centro Fotografia']",Casa Giulietta,strategy_nearest,False,0.0026679039001464844,success
04AC83429C4C80,3,['Arena'],Casa Giulietta,"['Centro Fotografia', 'Sighseeing', 'Torre Lamberti', 'Museo Conte', 'Museo Radio']",Torre Lamberti,strategy_nearest,True,0.0028510093688964844,success
04AC8C4A9C4C80,1,"['Arena', 'San Fermo']",Casa Giulietta,"['Centro Fotografia', 'Sighseeing', 'Torre Lamberti', 'Museo Conte', 'Museo Radio']",Palazzo della Ragione,strategy_nearest,False,0.002635955810546875,success
04AC98429C4C80,3,"['San Zeno', 'Teatro Romano']",Duomo,"['AMO', 'Museo Miniscalchi', 'Santa Anastasia', 'Palazzo della Ragione', 'Museo Conte']",Arena,strategy_nearest,False,0.002630949020385742,success
04AC90429C4C80,1,"['Arena', 'Castelvecchio', 'Torre Lamberti']",Palazzo della Ragione,"['AMO', 'Museo Conte', 'Centro Fotografia', 'Sighseeing', 'Santa Anastasia']",Casa Giulietta,strategy_nearest,False,0.002043008804321289,success
04AC98BA7B3F80,1,"['Arena', 'Palazzo della Ragione', 'Torre Lamberti']",Casa Giulietta,"['Centro Fotografia', 'Sighseeing', 'Museo Conte', 'Museo Radio', 'San Fermo']",Santa Anastasia,strategy_nearest,False,0.0032939910888671875,success
04ACA1429C4C80,2,['Duomo'],Casa Giulietta,"['Centro Fotografia', 'Sighseeing', 'Torre Lamberti', 'Museo Conte', 'Museo Radio']",Tomba Giulietta,strategy_nearest,False,0.004038810729980469,success
04ACA5BA7B3F80,1,"['Castelvecchio', 'Santa Anastasia']",Arena,"['Verona Tour', 'Museo Lapidario', 'Museo Radio', 'San Fermo', 'Casa Giulietta']",Tomba Giulietta,strategy_nearest,False,0.0019788742065429688,success
04ACA772743380,1,"['Arena', 'Palazzo della Ragione']",Teatro Romano,"['Santa Anastasia', 'Duomo', 'AMO', 'Museo Conte', 'Centro Fotografia']",San Zeno,strategy_nearest,False,0.0031647682189941406,success
04ACB1BA7B3F80,1,"['Castelvecchio', 'Arena', 'Casa Giulietta']",Torre Lamberti,"['Sighseeing', 'Centro Fotografia', 'Museo Conte', 'Palazzo della Ragione', 'AMO']",Palazzo della Ragione,strategy_nearest,True,0.0027201175689697266,success
04ACAA3A9C4C80,0,['Arena'],Casa Giulietta,"['Centro Fotografia', 'Sighseeing', 'Torre Lamberti', 'Museo Conte', 'Museo Radio']",Torre Lamberti,strategy_nearest,True,0.003258943557739258,success
04ACB5429C4C80,3,['Arena'],Torre Lamberti,"['Sighseeing', 'Centro Fotografia', 'Museo Conte', 'Casa Giulietta', 'Palazzo della Ragione']",Casa Giulietta,strategy_nearest,True,0.003064870834350586,success
04ACB9429C4C80,3,"['Arena', 'Torre Lamberti', 'Casa Giulietta']",Santa Anastasia,"['AMO', 'Museo Conte', 'Palazzo della Ragione', 'Teatro Romano', 'Centro Fotografia']",Duomo,strategy_nearest,False,0.0033979415893554688,success
04ACBDBA7B3F80,1,"['Arena', 'Casa Giulietta', 'Torre Lamberti', 'Palazzo della Ragione', 'Giardino Giusti', 'Teatro Romano']",Castelvecchio,"['Museo Lapidario', 'Verona Tour', 'Museo Radio', 'San Zeno', 'Sighseeing']",San Zeno,strategy_nearest,True,0.0033059120178222656,success
04ACBE429C4C80,3,"['Arena', 'Torre Lamberti']",Casa Giulietta,"['Centro Fotografia', 'Sighseeing', 'Museo Conte', 'Museo Radio', 'Palazzo della Ragione']",Teatro Romano,strategy_nearest,False,0.002552032470703125,success
04ACBC429C4C80,3,['Arena'],Santa Anastasia,"['AMO', 'Museo Conte', 'Palazzo della Ragione', 'Teatro Romano', 'Centro Fotografia']",Duomo,strategy_nearest,False,0.0027189254760742188,success
04ACBF429C4C80,0,['Arena'],Casa Giulietta,"['Centro Fotografia', 'Sighseeing', 'Torre Lamberti', 'Museo Conte', 'Museo Radio']",Torre Lamberti,strategy_nearest,True,0.0031671524047851562,success
04ACC5429C4C80,3,"['Arena', 'Teatro Romano']",Duomo,"['AMO', 'Museo Miniscalchi', 'Santa Anastasia', 'Palazzo della Ragione', 'Museo Conte']",Torre Lamberti,strategy_nearest,False,0.0021479129791259766,success
04ACC1429C4C80,0,"['San Zeno', 'Arena']",Casa Giulietta,"['Centro Fotografia', 'Sighseeing', 'Torre Lamberti', 'Museo Conte', 'Museo Radio']",Torre Lamberti,strategy_nearest,True,0.004153013229370117,success
04ACC6429C4C80,0,"['Casa Giulietta', 'Duomo']",Teatro Romano,"['Santa Anastasia', 'AMO', 'Palazzo della Ragione', 'Museo Conte', 'Centro Fotografia']",Castelvecchio,strategy_nearest,False,0.002148151397705078,success
04ACED3A9C4C80,3,"['Casa Giulietta', 'Teatro Romano', 'Duomo']",Santa Anastasia,"['AMO', 'Museo Conte', 'Palazzo della Ragione', 'Centro Fotografia', 'Torre Lamberti']",Arena,strategy_nearest,False,0.0031130313873291016,success
04ACFE3A9C4C80,3,"['Castelvecchio', 'Arena']",Casa Giulietta,"['Centro Fotografia', 'Sighseeing', 'Torre Lamberti', 'Museo Conte', 'Museo Radio']",Torre Lamberti,strategy_nearest,True,0.0026302337646484375,success
04ACF93A9C4C80,3,"['Arena', 'Casa Giulietta']",Santa Anastasia,"['AMO', 'Museo Conte', 'Palazzo della Ragione', 'Teatro Romano', 'Centro Fotografia']",Tomba Giulietta,strategy_nearest,False,0.0020308494567871094,success
04ACFEBA7B3F80,3,"['Castelvecchio', 'Arena', 'San Zeno', 'Tomba Giulietta']",San Fermo,"['Museo Storia', 'Museo Radio', 'Casa Giulietta', 'Centro Fotografia', 'Sighseeing']",Torre Lamberti,strategy_nearest,False,0.0038950443267822266,success
04ACFFBA7B3F80,1,"['Castelvecchio', 'Arena', 'Casa Giulietta']",Santa Anastasia,"['AMO', 'Museo Conte', 'Palazzo della Ragione', 'Teatro Romano', 'Centro Fotografia']",Palazzo della Ragione,strategy_nearest,True,0.002363920211791992,success
04AD0A429C4C84,0,['Arena'],Castelvecchio,"['Museo Lapidario', 'Verona Tour', 'Museo Radio', 'San Zeno', 'Sighseeing']",Torre Lamberti,strategy_nearest,False,0.0018930435180664062,success
04AD05BA7B3F84,2,"['Castelvecchio', 'Casa Giulietta']",Torre Lamberti,"['Sighseeing', 'Centro Fotografia', 'Museo Conte', 'Palazzo della Ragione', 'AMO']",Palazzo della Ragione,strategy_nearest,True,0.0032520294189453125,success
04AD0BBA7B3F80,0,['Arena'],Torre Lamberti,"['Sighseeing', 'Centro Fotografia', 'Museo Conte', 'Casa Giulietta', 'Palazzo della Ragione']",Casa Giulietta,strategy_nearest,True,0.0030879974365234375,success
04AD0BBA7B3F84,1,['Castelvecchio'],Arena,"['Verona Tour', 'Museo Lapidario', 'Museo Radio', 'San Fermo', 'Casa Giulietta']",Casa Giulietta,strategy_nearest,True,0.001837015151977539,success
04AD0ABA7B3F80,1,"['Arena', 'Casa Giulietta', 'Palazzo della Ragione']",Santa Anastasia,"['AMO', 'Museo Conte', 'Teatro Romano', 'Centro Fotografia', 'Duomo']",Duomo,strategy_nearest,True,0.002335071563720703,success
04AD0CBA7B3F84,0,"['Castelvecchio', 'Torre Lamberti']",Casa Giulietta,"['Centro Fotografia', 'Sighseeing', 'Museo Conte', 'Museo Radio', 'Palazzo della Ragione']",Arena,strategy_nearest,False,0.0024652481079101562,success
04AD10BA7B3F80,1,"['Arena', 'Museo Lapidario', 'Castelvecchio', 'Casa Giulietta']",Torre Lamberti,"['Sighseeing', 'Centro Fotografia', 'Museo Conte', 'Palazzo della Ragione', 'AMO']",Palazzo della Ragione,strategy_nearest,True,0.0019941329956054688,success
04AD11BA7B3F80,1,"['Arena', 'Castelvecchio', 'San Fermo', 'Tomba Giulietta']",Teatro Romano,"['Santa Anastasia', 'Duomo', 'AMO', 'Palazzo della Ragione', 'Museo Conte']",Duomo,strategy_nearest,True,0.0026917457580566406,success
04AD18BA7B3F80,0,['Arena'],Torre Lamberti,"['Sighseeing', 'Centro Fotografia', 'Museo Conte', 'Casa Giulietta', 'Palazzo della Ragione']",Casa Giulietta,strategy_nearest,True,0.0027790069580078125,success
04AD18BA7B3F84,1,"['Arena', 'Casa Giulietta']",Torre Lamberti,"['Sighseeing', 'Centro Fotografia', 'Museo Conte', 'Palazzo della Ragione', 'AMO']",Palazzo della Ragione,strategy_nearest,True,0.0030210018157958984,success
04AD20BA7B3F80,1,"['Arena', 'Casa Giulietta', 'Torre Lamberti']",Palazzo della Ragione,"['AMO', 'Museo Conte', 'Centro Fotografia', 'Sighseeing', 'Santa Anastasia']",Santa Anastasia,strategy_nearest,True,0.0022127628326416016,success
04AD1FBA7B3F84,4,"['Castelvecchio', 'San Zeno', 'Arena', 'Casa Giulietta', 'Museo Radio']",San Fermo,"['Museo Storia', 'Centro Fotografia', 'Sighseeing', 'Torre Lamberti', 'Museo Conte']",Duomo,strategy_nearest,False,0.002803325653076172,success
04AD254A9C4C80,1,"['Arena', 'Museo Lapidario', 'Museo Storia']",San Fermo,"['Museo Radio', 'Casa Giulietta', 'Centro Fotografia', 'Sighseeing', 'Torre Lamberti']",Torre Lamberti,strategy_nearest,True,0.0021440982818603516,success
04AD25BA7B3F84,1,"['Castelvecchio', 'San Zeno', 'Arena', 'Casa Giulietta', 'Torre Lamberti']",Santa Anastasia,"['AMO', 'Museo Conte', 'Palazzo della Ragione', 'Teatro Romano', 'Centro Fotografia']",Duomo,strategy_nearest,False,0.002741098403930664,success
04AD213A9C4C84,0,['Arena'],Casa Giulietta,"['Centro Fotografia', 'Sighseeing', 'Torre Lamberti', 'Museo Conte', 'Museo Radio']",Torre Lamberti,strategy_nearest,True,0.002856016159057617,success
04AD26BA7B3F80,3,"['Teatro Romano', 'Duomo', 'Casa Giulietta']",Torre Lamberti,"['Sighseeing', 'Centro Fotografia', 'Museo Conte', 'Palazzo della Ragione', 'AMO']",Santa Anastasia,strategy_nearest,False,0.003147125244140625,success
04AD27BA7B3F80,3,"['Teatro Romano', 'Duomo', 'Casa Giulietta']",Torre Lamberti,"['Sighseeing', 'Centro Fotografia', 'Museo Conte', 'Palazzo della Ragione', 'AMO']",Santa Anastasia,strategy_nearest,False,0.0023529529571533203,success
04AD2A429C4C84,3,['Arena'],Casa Giulietta,"['Centro Fotografia', 'Sighseeing', 'Torre Lamberti', 'Museo Conte', 'Museo Radio']",Torre Lamberti,strategy_nearest,True,0.002135753631591797,success
04AD3A3A9C4C80,3,"['Arena', 'Casa Giulietta']",Santa Anastasia,"['AMO', 'Museo Conte', 'Palazzo della Ragione', 'Teatro Romano', 'Centro Fotografia']",Teatro Romano,strategy_nearest,True,0.002088785171508789,success
04AD32BA7B3F80,3,"['Teatro Romano', 'Duomo', 'Casa Giulietta']",Torre Lamberti,"['Sighseeing', 'Centro Fotografia', 'Museo Conte', 'Palazzo della Ragione', 'AMO']",Santa Anastasia,strategy_nearest,False,0.0035429000854492188,success
04AD433A9C4C80,3,"['Duomo', 'Castelvecchio']",San Zeno,"['Verona Tour', 'Museo Lapidario', 'Arena', 'Museo Miniscalchi', 'Sighseeing']",Arena,strategy_nearest,True,0.0031189918518066406,success
04AD65429C4C80,1,"['San Zeno', 'Castelvecchio', 'Arena']",Teatro Romano,"['Santa Anastasia', 'Duomo', 'AMO', 'Palazzo della Ragione', 'Museo Conte']",Torre Lamberti,strategy_nearest,False,0.0028548240661621094,success
04AD66429C4C80,0,['Casa Giulietta'],Arena,"['Verona Tour', 'Museo Lapidario', 'Museo Radio', 'San Fermo', 'Sighseeing']",Torre Lamberti,strategy_nearest,False,0.0017337799072265625,success
04AD74BA7B3F80,0,['Arena'],Casa Giulietta,"['Centro Fotografia', 'Sighseeing', 'Torre Lamberti', 'Museo Conte', 'Museo Radio']",Teatro Romano,strategy_nearest,False,0.002377033233642578,success
04AD773A9C4C80,0,['Santa Anastasia'],Casa Giulietta,"['Centro Fotografia', 'Sighseeing', 'Torre Lamberti', 'Museo Conte', 'Museo Radio']",Arena,strategy_nearest,False,0.0024487972259521484,success
04AD7B3A9C4C80,2,['Casa Giulietta'],Torre Lamberti,"['Sighseeing', 'Centro Fotografia', 'Museo Conte', 'Palazzo della Ragione', 'AMO']",Castelvecchio,strategy_nearest,False,0.0021300315856933594,success
04AD7B429C4C80,1,"['Arena', 'Casa Giulietta']",San Fermo,"['Museo Storia', 'Museo Radio', 'Centro Fotografia', 'Sighseeing', 'Torre Lamberti']",Torre Lamberti,strategy_nearest,True,0.0026819705963134766,success
04AD7D429C4C80,0,['Arena'],Casa Giulietta,"['Centro Fotografia', 'Sighseeing', 'Torre Lamberti', 'Museo Conte', 'Museo Radio']",Teatro Romano,strategy_nearest,False,0.0025038719177246094,success
04AD7D3A9C4C80,3,['Arena'],Casa Giulietta,"['Centro Fotografia', 'Sighseeing', 'Torre Lamberti', 'Museo Conte', 'Museo Radio']",Santa Anastasia,strategy_nearest,False,0.003509044647216797,success
04AD80BA7B3F80,0,['Arena'],Casa Giulietta,"['Centro Fotografia', 'Sighseeing', 'Torre Lamberti', 'Museo Conte', 'Museo Radio']",Teatro Romano,strategy_nearest,False,0.003187894821166992,success
04AD7F3A9C4C80,3,"['Arena', 'San Fermo']",Casa Giulietta,"['Centro Fotografia', 'Sighseeing', 'Torre Lamberti', 'Museo Conte', 'Museo Radio']",Duomo,strategy_nearest,False,0.0026280879974365234,success
04AD88429C4C80,3,"['Teatro Romano', 'Duomo']",Tomba Giulietta,"['San Fermo', 'Museo Storia', 'Arena', 'Museo Lapidario', 'Museo Radio']",Casa Giulietta,strategy_nearest,False,0.002500295639038086,success
04AD823A9C4C80,1,"['Arena', 'Torre Lamberti']",Santa Anastasia,"['AMO', 'Museo Conte', 'Palazzo della Ragione', 'Teatro Romano', 'Centro Fotografia']",San Fermo,strategy_nearest,False,0.0026378631591796875,success
04AD8D429C4C80,1,"['Arena', 'Casa Giulietta', 'Torre Lamberti']",Palazzo della Ragione,"['AMO', 'Museo Conte', 'Centro Fotografia', 'Sighseeing', 'Santa Anastasia']",Duomo,strategy_nearest,False,0.0031442642211914062,success
04AD8A429C4C80,3,"['Arena', 'Casa Giulietta']",Torre Lamberti,"['Sighseeing', 'Centro Fotografia', 'Museo Conte', 'Palazzo della Ragione', 'AMO']",Castelvecchio,strategy_nearest,False,0.00267791748046875,success
04AD974A9C4C80,3,"['Arena', 'Casa Giulietta']",Santa Anastasia,"['AMO', 'Museo Conte', 'Palazzo della Ragione', 'Teatro Romano', 'Centro Fotografia']",Duomo,strategy_nearest,False,0.002649068832397461,success
04ADA572743380,1,"['Arena', 'Torre Lamberti', 'Palazzo della Ragione']",Casa Giulietta,"['Centro Fotografia', 'Sighseeing', 'Museo Conte', 'Museo Radio', 'San Fermo']",Duomo,strategy_nearest,False,0.0025899410247802734,success
04ADA7429C4C80,0,['Arena'],Torre Lamberti,"['Sighseeing', 'Centro Fotografia', 'Museo Conte', 'Casa Giulietta', 'Palazzo della Ragione']",Casa Giulietta,strategy_nearest,True,0.0029709339141845703,success
04ADA472743380,3,"['Arena', 'Torre Lamberti']",Casa Giulietta,"['Centro Fotografia', 'Sighseeing', 'Museo Conte', 'Museo Radio', 'Palazzo della Ragione']",Santa Anastasia,strategy_nearest,False,0.0033659934997558594,success
04ADB8429C4C80,0,"['Arena', 'Casa Giulietta']",Torre Lamberti,"['Sighseeing', 'Centro Fotografia', 'Museo Conte', 'Palazzo della Ragione', 'AMO']",Castelvecchio,strategy_nearest,False,0.0025289058685302734,success
04ADBE3A9C4C80,0,['Casa Giulietta'],Arena,"['Verona Tour', 'Museo Lapidario', 'Museo Radio', 'San Fermo', 'Sighseeing']",Tomba Giulietta,strategy_nearest,False,0.0017638206481933594,success
04ADBDBA7B3F80,0,"['Arena', 'Casa Giulietta']",Torre Lamberti,"['Sighseeing', 'Centro Fotografia', 'Museo Conte', 'Palazzo della Ragione', 'AMO']",Teatro Romano,strategy_nearest,False,0.0035572052001953125,success
04ADBE429C4C80,0,['Teatro Romano'],Torre Lamberti,"['Sighseeing', 'Centro Fotografia', 'Museo Conte', 'Casa Giulietta', 'Palazzo della Ragione']",Arena,strategy_nearest,False,0.003142833709716797,success
04ADBA429C4C80,1,"['Arena', 'Casa Giulietta']",San Fermo,"['Museo Storia', 'Museo Radio', 'Centro Fotografia', 'Sighseeing', 'Torre Lamberti']",Torre Lamberti,strategy_nearest,True,0.003631114959716797,success
04ADC6429C4C80,2,['Castelvecchio'],San Zeno,"['Verona Tour', 'Museo Lapidario', 'Arena', 'Museo Miniscalchi', 'Sighseeing']",Santa Anastasia,strategy_nearest,False,0.002017974853515625,success
04ADC5429C4C80,1,"['Arena', 'Castelvecchio']",San Zeno,"['Verona Tour', 'Museo Lapidario', 'Museo Miniscalchi', 'Sighseeing', 'Museo Radio']",Casa Giulietta,strategy_nearest,False,0.0027010440826416016,success
04ADC9BA7B3F80,0,"['Arena', 'Casa Giulietta']",Torre Lamberti,"['Sighseeing', 'Centro Fotografia', 'Museo Conte', 'Palazzo della Ragione', 'AMO']",Teatro Romano,strategy_nearest,False,0.0026140213012695312,success
04ADC9429C4C80,0,['Casa Giulietta'],Teatro Romano,"['Santa Anastasia', 'Duomo', 'AMO', 'Palazzo della Ragione', 'Museo Conte']",Arena,strategy_nearest,False,0.003390073776245117,success
04ADCD3A9C4C80,0,['Tomba Giulietta'],Arena,"['Verona Tour', 'Museo Lapidario', 'Museo Radio', 'San Fermo', 'Casa Giulietta']",Casa Giulietta,strategy_nearest,True,0.0028181076049804688,success
04ADE1BA7B3F80,1,"['Castelvecchio', 'Arena', 'Casa Giulietta', 'Duomo']",Teatro Romano,"['Santa Anastasia', 'AMO', 'Palazzo della Ragione', 'Museo Conte', 'Centro Fotografia']",Tomba Giulietta,strategy_nearest,False,0.0030601024627685547,success
04ADE7BA7B3F80,3,"['Castelvecchio', 'Arena', 'San Zeno', 'Tomba Giulietta']",San Fermo,"['Museo Storia', 'Museo Radio', 'Casa Giulietta', 'Centro Fotografia', 'Sighseeing']",Torre Lamberti,strategy_nearest,False,0.002344846725463867,success
04ADE6BA7B3F80,2,"['Teatro Romano', 'Duomo', 'Santa Anastasia']",Casa Giulietta,"['Centro Fotografia', 'Sighseeing', 'Torre Lamberti', 'Museo Conte', 'Museo Radio']",Torre Lamberti,strategy_nearest,True,0.0032088756561279297,success
04ADF03A9C4C80,1,"['Castelvecchio', 'Arena']",Torre Lamberti,"['Sighseeing', 'Centro Fotografia', 'Museo Conte', 'Casa Giulietta', 'Palazzo della Ragione']",Palazzo della Ragione,strategy_nearest,True,0.0019609928131103516,success
04ADF2BA7B3F80,2,"['Teatro Romano', 'Duomo', 'Santa Anastasia']",Casa Giulietta,"['Centro Fotografia', 'Sighseeing', 'Torre Lamberti', 'Museo Conte', 'Museo Radio']",Torre Lamberti,strategy_nearest,True,0.0025300979614257812,success
04ADEDBA7B3F80,1,"['Castelvecchio', 'Arena', 'Casa Giulietta', 'Duomo']",Teatro Romano,"['Santa Anastasia', 'AMO', 'Palazzo della Ragione', 'Museo Conte', 'Centro Fotografia']",Tomba Giulietta,strategy_nearest,False,0.0025930404663085938,success
04ADF3BA7B3F80,1,"['Castelvecchio', 'Giardino Giusti', 'Palazzo della Ragione', 'Torre Lamberti']",Casa Giulietta,"['Centro Fotografia', 'Sighseeing', 'Museo Conte', 'Museo Radio', 'San Fermo']",Santa Anastasia,strategy_nearest,False,0.003358125686645508,success
04ADFEBA7B3F80,1,['Castelvecchio'],Arena,"['Verona Tour', 'Museo Lapidario', 'Museo Radio', 'San Fermo', 'Casa Giulietta']",Casa Giulietta,strategy_nearest,True,0.0027458667755126953,success
04ADF9BA7B3F80,2,"['Castelvecchio', 'Casa Giulietta', 'Torre Lamberti']",Palazzo della Ragione,"['AMO', 'Museo Conte', 'Centro Fotografia', 'Sighseeing', 'Santa Anastasia']",Santa Anastasia,strategy_nearest,True,0.0021631717681884766,success
04ADFFBA7B3F80,5,"['Castelvecchio', 'San Zeno', 'Duomo', 'Museo Miniscalchi']",Teatro Romano,"['Santa Anastasia', 'AMO', 'Palazzo della Ragione', 'Museo Conte', 'Centro Fotografia']",Giardino Giusti,strategy_nearest,False,0.0025358200073242188,success
04AE08BA7B3F80,1,"['Arena', 'Castelvecchio', 'San Fermo', 'Tomba Giulietta']",Teatro Romano,"['Santa Anastasia', 'Duomo', 'AMO', 'Palazzo della Ragione', 'Museo Conte']",Duomo,strategy_nearest,True,0.0034439563751220703,success
04AE09BA7B3F80,0,['Arena'],Casa Giulietta,"['Centro Fotografia', 'Sighseeing', 'Torre Lamberti', 'Museo Conte', 'Museo Radio']",Tomba Giulietta,strategy_nearest,False,0.0025839805603027344,success
04AE0D429C4C84,3,['Duomo'],Santa Anastasia,"['AMO', 'Museo Conte', 'Palazzo della Ragione', 'Teatro Romano', 'Centro Fotografia']",Torre Lamberti,strategy_nearest,False,0.002763986587524414,success
04AE14BA7B3F80,0,['Casa Giulietta'],Arena,"['Verona Tour', 'Museo Lapidario', 'Museo Radio', 'San Fermo', 'Sighseeing']",Castelvecchio,strategy_nearest,False,0.0015857219696044922,success
04AE0E3A9C4C80,0,['Arena'],Casa Giulietta,"['Centro Fotografia', 'Sighseeing', 'Torre Lamberti', 'Museo Conte', 'Museo Radio']",Torre Lamberti,strategy_nearest,True,0.003674030303955078,success
04AE1A3A9C4C84,3,['Arena'],Casa Giulietta,"['Centro Fotografia', 'Sighseeing', 'Torre Lamberti', 'Museo Conte', 'Museo Radio']",Torre Lamberti,strategy_nearest,True,0.002701997756958008,success
04AE1BBA7B3F80,3,"['Arena', 'Casa Giulietta', 'Torre Lamberti']",Santa Anastasia,"['AMO', 'Museo Conte', 'Palazzo della Ragione', 'Teatro Romano', 'Centro Fotografia']",Teatro Romano,strategy_nearest,True,0.002747058868408203,success
04AE15BA7B3F80,1,"['Arena', 'Casa Giulietta', 'Torre Lamberti']",Palazzo della Ragione,"['AMO', 'Museo Conte', 'Centro Fotografia', 'Sighseeing', 'Santa Anastasia']",Santa Anastasia,strategy_nearest,True,0.0017361640930175781,success
04AE1CBA7B3F80,3,"['Casa Giulietta', 'Arena']",Castelvecchio,"['Museo Lapidario', 'Verona Tour', 'Museo Radio', 'San Zeno', 'Sighseeing']",Santa Anastasia,strategy_nearest,False,0.003017902374267578,success
04AE1D429C4C80,0,['Arena'],Casa Giulietta,"['Centro Fotografia', 'Sighseeing', 'Torre Lamberti', 'Museo Conte', 'Museo Radio']",Santa Anastasia,strategy_nearest,False,0.002268075942993164,success
04AE1E3A9C4C84,1,"['Arena', 'Casa Giulietta', 'Torre Lamberti']",Palazzo della Ragione,"['AMO', 'Museo Conte', 'Centro Fotografia', 'Sighseeing', 'Santa Anastasia']",Duomo,strategy_nearest,False,0.0023598670959472656,success
04AE22BA7B3F80,1,"['Arena', 'Castelvecchio', 'Casa Giulietta']",Torre Lamberti,"['Sighseeing', 'Centro Fotografia', 'Museo Conte', 'Palazzo della Ragione', 'AMO']",Palazzo della Ragione,strategy_nearest,True,0.0029468536376953125,success
04AE34BA7B3F80,1,"['Arena', 'Palazzo della Ragione']",Torre Lamberti,"['Sighseeing', 'Centro Fotografia', 'Museo Conte', 'Casa Giulietta', 'AMO']",Duomo,strategy_nearest,False,0.0022678375244140625,success
04AE2EBA7B3F80,3,"['Casa Giulietta', 'Arena']",Castelvecchio,"['Museo Lapidario', 'Verona Tour', 'Museo Radio', 'San Zeno', 'Sighseeing']",Santa Anastasia,strategy_nearest,False,0.00322723388671875,success
04AE35BA7B3F80,0,['Arena'],Museo Lapidario,"['Verona Tour', 'Castelvecchio', 'Museo Radio', 'San Fermo', 'Casa Giulietta']",Castelvecchio,strategy_nearest,True,0.0028629302978515625,success
04AE3ABA7B3F80,3,['Arena'],Santa Anastasia,"['AMO', 'Museo Conte', 'Palazzo della Ragione', 'Teatro Romano', 'Centro Fotografia']",Duomo,strategy_nearest,False,0.002718210220336914,success
04AE38429C4C80,0,['Castelvecchio'],Arena,"['Verona Tour', 'Museo Lapidario', 'Museo Radio', 'San Fermo', 'Casa Giulietta']",Casa Giulietta,strategy_nearest,True,0.002742767333984375,success
04AE3BBA7B3F80,3,"['Arena', 'Castelvecchio', 'Casa Giulietta']",San Zeno,"['Verona Tour', 'Museo Lapidario', 'Museo Miniscalchi', 'Sighseeing', 'Museo Radio']",Duomo,strategy_nearest,False,0.0031752586364746094,success
04AE46BA7B3F80,0,['Arena'],Casa Giulietta,"['Centro Fotografia', 'Sighseeing', 'Torre Lamberti', 'Museo Conte', 'Museo Radio']",Santa Anastasia,strategy_nearest,False,0.0019469261169433594,success
04AE41BA7B3F80,3,"['Arena', 'Castelvecchio']",Santa Anastasia,"['AMO', 'Museo Conte', 'Palazzo della Ragione', 'Teatro Romano', 'Centro Fotografia']",San Zeno,strategy_nearest,False,0.002579927444458008,success
04AE4DBA7B3F80,3,"['Arena', 'Casa Giulietta', 'Teatro Romano']",San Fermo,"['Museo Storia', 'Museo Radio', 'Centro Fotografia', 'Sighseeing', 'Torre Lamberti']",San Zeno,strategy_nearest,False,0.0034809112548828125,success
04AE59BA7B3F80,3,"['Arena', 'Casa Giulietta', 'Teatro Romano']",Duomo,"['AMO', 'Museo Miniscalchi', 'Santa Anastasia', 'Palazzo della Ragione', 'Museo Conte']",San Fermo,strategy_nearest,False,0.0025310516357421875,success
04AE47BA7B3F80,1,"['Palazzo della Ragione', 'Torre Lamberti', 'Santa Anastasia']",Duomo,"['AMO', 'Museo Miniscalchi', 'Teatro Romano', 'Museo Conte', 'Centro Fotografia']",Castelvecchio,strategy_nearest,False,0.002856016159057617,success
04AE52BA7B3F80,0,['Arena'],Casa Giulietta,"['Centro Fotografia', 'Sighseeing', 'Torre Lamberti', 'Museo Conte', 'Museo Radio']",Santa Anastasia,strategy_nearest,False,0.0036110877990722656,success
04AE5EBA7B3F80,3,"['Torre Lamberti', 'San Fermo']",Arena,"['Verona Tour', 'Museo Lapidario', 'Museo Radio', 'Casa Giulietta', 'Sighseeing']",San Zeno,strategy_nearest,False,0.0026960372924804688,success
04AE64BA7B3F80,1,"['Torre Lamberti', 'Palazzo della Ragione']",Santa Anastasia,"['AMO', 'Museo Conte', 'Teatro Romano', 'Centro Fotografia', 'Duomo']",Castelvecchio,strategy_nearest,False,0.002162933349609375,success
04AE65429C4C80,3,"['Casa Giulietta', 'Santa Anastasia']",Duomo,"['AMO', 'Museo Miniscalchi', 'Teatro Romano', 'Palazzo della Ragione', 'Museo Conte']",Arena,strategy_nearest,False,0.0026140213012695312,success
04AE65BA7B3F80,1,"['Torre Lamberti', 'Palazzo della Ragione', 'Santa Anastasia']",Teatro Romano,"['Duomo', 'AMO', 'Museo Conte', 'Centro Fotografia', 'Museo Miniscalchi']",Castelvecchio,strategy_nearest,False,0.00197601318359375,success
04AE6ABA7B3F80,3,"['Torre Lamberti', 'Casa Giulietta', 'San Fermo']",Santa Anastasia,"['AMO', 'Museo Conte', 'Palazzo della Ragione', 'Teatro Romano', 'Centro Fotografia']",Duomo,strategy_nearest,False,0.003255128860473633,success
04AE70BA7B3F80,3,"['Torre Lamberti', 'Arena', 'Duomo']",Casa Giulietta,"['Centro Fotografia', 'Sighseeing', 'Museo Conte', 'Museo Radio', 'Palazzo della Ragione']",Santa Anastasia,strategy_nearest,False,0.002547025680541992,success
04AE6BBA7B3F80,3,"['Arena', 'Torre Lamberti']",Casa Giulietta,"['Centro Fotografia', 'Sighseeing', 'Museo Conte', 'Museo Radio', 'Palazzo della Ragione']",Castelvecchio,strategy_nearest,False,0.002624988555908203,success
04AE76BA7B3F80,3,"['Torre Lamberti', 'Casa Giulietta', 'San Fermo']",Santa Anastasia,"['AMO', 'Museo Conte', 'Palazzo della Ragione', 'Teatro Romano', 'Centro Fotografia']",Duomo,strategy_nearest,False,0.0031769275665283203,success
04AE71BA7B3F80,1,"['Torre Lamberti', 'Palazzo della Ragione', 'Santa Anastasia']",Teatro Romano,"['Duomo', 'AMO', 'Museo Conte', 'Centro Fotografia', 'Museo Miniscalchi']",Castelvecchio,strategy_nearest,False,0.003368854522705078,success
04AE77BA7B3F80,3,"['Arena', 'Torre Lamberti']",Casa Giulietta,"['Centro Fotografia', 'Sighseeing', 'Museo Conte', 'Museo Radio', 'Palazzo della Ragione']",Castelvecchio,strategy_nearest,False,0.002582073211669922,success
04AE7A4A9C4C80,0,"['Arena', 'Museo Lapidario']",Tomba Giulietta,"['San Fermo', 'Museo Storia', 'Museo Radio', 'Verona Tour', 'Casa Giulietta']",Casa Giulietta,strategy_nearest,True,0.004042863845825195,success
04AE783A9C4C80,3,"['Arena', 'Casa Giulietta']",Torre Lamberti,"['Sighseeing', 'Centro Fotografia', 'Museo Conte', 'Palazzo della Ragione', 'AMO']",Santa Anastasia,strategy_nearest,False,0.0033719539642333984,success
04AE7CBA7B3F80,1,"['Arena', 'Palazzo della Ragione', 'Torre Lamberti', 'Santa Anastasia']",Casa Giulietta,"['Centro Fotografia', 'Sighseeing', 'Museo Conte', 'Museo Radio', 'San Fermo']",Duomo,strategy_nearest,False,0.0024890899658203125,success
04AE7B4A9C4C80,0,['Arena'],Casa Giulietta,"['Centro Fotografia', 'Sighseeing', 'Torre Lamberti', 'Museo Conte', 'Museo Radio']",Teatro Romano,strategy_nearest,False,0.0025348663330078125,success
04AE83BA7B3F80,1,"['Arena', 'Casa Giulietta', 'Santa Anastasia']",Duomo,"['AMO', 'Museo Miniscalchi', 'Teatro Romano', 'Palazzo della Ragione', 'Museo Conte']",Castelvecchio,strategy_nearest,False,0.0019931793212890625,success
04AE873A9C4C80,0,"['Arena', 'Castelvecchio']",Casa Giulietta,"['Centro Fotografia', 'Sighseeing', 'Torre Lamberti', 'Museo Conte', 'Museo Radio']",Santa Anastasia,strategy_nearest,False,0.0027589797973632812,success
04AE8A3A9C4C80,1,"['San Fermo', 'Santa Anastasia', 'Teatro Romano', 'Casa Giulietta']",Castelvecchio,"['Museo Lapidario', 'Verona Tour', 'Arena', 'Museo Radio', 'San Zeno']",Arena,strategy_nearest,True,0.003092050552368164,success
04AE7DBA7B3F80,3,"['Torre Lamberti', 'Duomo', 'Teatro Romano']",San Fermo,"['Museo Storia', 'Museo Radio', 'Casa Giulietta', 'Centro Fotografia', 'Arena']",Arena,strategy_nearest,True,0.0014088153839111328,success
04AE904A9C4C80,3,"['Arena', 'Casa Giulietta']",Torre Lamberti,"['Sighseeing', 'Centro Fotografia', 'Museo Conte', 'Palazzo della Ragione', 'AMO']",Santa Anastasia,strategy_nearest,False,0.0025899410247802734,success
04AE8F4A9C4C80,1,"['Arena', 'Casa Giulietta']",Palazzo della Ragione,"['AMO', 'Museo Conte', 'Torre Lamberti', 'Centro Fotografia', 'Sighseeing']",Torre Lamberti,strategy_nearest,True,0.0026161670684814453,success
04AEA472743380,3,"['Torre Lamberti', 'Arena', 'Casa Giulietta', 'Santa Anastasia']",Duomo,"['AMO', 'Museo Miniscalchi', 'Teatro Romano', 'Palazzo della Ragione', 'Museo Conte']",Tomba Giulietta,strategy_nearest,False,0.0028722286224365234,success
04AEA7429C4C80,1,['Arena'],Casa Giulietta,"['Centro Fotografia', 'Sighseeing', 'Torre Lamberti', 'Museo Conte', 'Museo Radio']",Palazzo della Ragione,strategy_nearest,False,0.0029897689819335938,success
04AEA83A9C4C80,0,['Arena'],Casa Giulietta,"['Centro Fotografia', 'Sighseeing', 'Torre Lamberti', 'Museo Conte', 'Museo Radio']",Torre Lamberti,strategy_nearest,True,0.0026009082794189453,success
04AEAC429C4C80,3,"['Arena', 'Torre Lamberti']",Casa Giulietta,"['Centro Fotografia', 'Sighseeing', 'Museo Conte', 'Museo Radio', 'Palazzo della Ragione']",Santa Anastasia,strategy_nearest,False,0.003370046615600586,success
04AEB2BA7B3F80,1,"['San Zeno', 'Casa Giulietta', 'Torre Lamberti', 'Santa Anastasia']",Palazzo della Ragione,"['AMO', 'Museo Conte', 'Centro Fotografia', 'Sighseeing', 'Museo Miniscalchi']",Castelvecchio,strategy_nearest,False,0.0028340816497802734,success
04AEADBA7B3F80,0,['Arena'],Teatro Romano,"['Santa Anastasia', 'Duomo', 'AMO', 'Palazzo della Ragione', 'Museo Conte']",Castelvecchio,strategy_nearest,False,0.0035247802734375,success
04AEAE429C4C80,1,['Arena'],Torre Lamberti,"['Sighseeing', 'Centro Fotografia', 'Museo Conte', 'Casa Giulietta', 'Palazzo della Ragione']",Palazzo della Ragione,strategy_nearest,True,0.002591848373413086,success
04AEB5429C4C80,3,"['Arena', 'Casa Giulietta']",Torre Lamberti,"['Sighseeing', 'Centro Fotografia', 'Museo Conte', 'Palazzo della Ragione', 'AMO']",Santa Anastasia,strategy_nearest,False,0.0027990341186523438,success
04AEBF3A9C4C80,3,"['Teatro Romano', 'Duomo', 'Torre Lamberti']",Casa Giulietta,"['Centro Fotografia', 'Sighseeing', 'Museo Conte', 'Museo Radio', 'Palazzo della Ragione']",Tomba Giulietta,strategy_nearest,False,0.0014939308166503906,success
04AEBF429C4C80,0,['Casa Giulietta'],Torre Lamberti,"['Sighseeing', 'Centro Fotografia', 'Museo Conte', 'Palazzo della Ragione', 'AMO']",Arena,strategy_nearest,False,0.0027718544006347656,success
04AEC3429C4C80,1,['Arena'],Torre Lamberti,"['Sighseeing', 'Centro Fotografia', 'Museo Conte', 'Casa Giulietta', 'Palazzo della Ragione']",Palazzo della Ragione,strategy_nearest,True,0.0033359527587890625,success
04AECA429C4C80,1,"['Casa Giulietta', 'Palazzo della Ragione', 'Santa Anastasia', 'Arena']",Museo Lapidario,"['Verona Tour', 'Castelvecchio', 'Museo Radio', 'San Fermo', 'Tomba Giulietta']",Castelvecchio,strategy_nearest,True,0.0021817684173583984,success
04AEDDBA7B3F80,1,"['Arena', 'Casa Giulietta']",Torre Lamberti,"['Sighseeing', 'Centro Fotografia', 'Museo Conte', 'Palazzo della Ragione', 'AMO']",Palazzo della Ragione,strategy_nearest,True,0.0032210350036621094,success
04AED6BA7B3F80,3,"['Arena', 'Torre Lamberti', 'Casa Giulietta']",Castelvecchio,"['Museo Lapidario', 'Verona Tour', 'Museo Radio', 'San Zeno', 'Sighseeing']",San Zeno,strategy_nearest,True,0.0027430057525634766,success
04AEDCBA7B3F80,3,"['Arena', 'Torre Lamberti', 'Casa Giulietta']",Castelvecchio,"['Museo Lapidario', 'Verona Tour', 'Museo Radio', 'San Zeno', 'Sighseeing']",San Zeno,strategy_nearest,True,0.002079010009765625,success
04AEE03A9C4C80,2,['Castelvecchio'],Palazzo della Ragione,"['AMO', 'Museo Conte', 'Torre Lamberti', 'Centro Fotografia', 'Sighseeing']",Santa Anastasia,strategy_nearest,False,0.002953052520751953,success
04AEE3BA7B3F80,1,"['Arena', 'Casa Giulietta', 'Torre Lamberti']",Palazzo della Ragione,"['AMO', 'Museo Conte', 'Centro Fotografia', 'Sighseeing', 'Santa Anastasia']",Santa Anastasia,strategy_nearest,True,0.002763032913208008,success
04AEEEBA7B3F80,1,"['Arena', 'Castelvecchio']",Palazzo della Ragione,"['AMO', 'Museo Conte', 'Torre Lamberti', 'Centro Fotografia', 'Sighseeing']",Torre Lamberti,strategy_nearest,True,0.0027163028717041016,success
04AEF23A9C4C80,1,"['Castelvecchio', 'San Zeno']",Arena,"['Verona Tour', 'Museo Lapidario', 'Museo Radio', 'San Fermo', 'Casa Giulietta']",Palazzo della Ragione,strategy_nearest,False,0.003253936767578125,success
04AEE8BA7B3F80,1,"['Torre Lamberti', 'Palazzo della Ragione', 'Santa Anastasia', 'Duomo']",Teatro Romano,"['AMO', 'Museo Conte', 'Centro Fotografia', 'Museo Miniscalchi', 'Giardino Giusti']",Arena,strategy_nearest,False,0.0020258426666259766,success
04AEFBBA7B3F80,3,"['San Fermo', 'Museo Storia', 'Teatro Romano', 'Casa Giulietta', 'Tomba Giulietta']",Museo Lapidario,"['Verona Tour', 'Arena', 'Castelvecchio', 'Museo Radio', 'Sighseeing']",Torre Lamberti,strategy_nearest,False,0.0020301342010498047,success
04AEF53A9C4C80,1,"['Torre Lamberti', 'Palazzo della Ragione']",Arena,"['Verona Tour', 'Museo Lapidario', 'Museo Radio', 'San Fermo', 'Casa Giulietta']",Castelvecchio,strategy_nearest,False,0.002679109573364258,success
04AF09429C4C80,1,"['Arena', 'Castelvecchio']",Duomo,"['AMO', 'Museo Miniscalchi', 'Santa Anastasia', 'Teatro Romano', 'Palazzo della Ragione']",Palazzo della Ragione,strategy_nearest,True,0.002706766128540039,success
04AF0ABA7B3F84,1,"['Castelvecchio', 'Casa Giulietta', 'Arena']",Museo Lapidario,"['Verona Tour', 'Museo Radio', 'San Fermo', 'Tomba Giulietta', 'Sighseeing']",Torre Lamberti,strategy_nearest,False,0.0030989646911621094,success
04AF0E429C4C84,3,['Duomo'],Santa Anastasia,"['AMO', 'Museo Conte', 'Palazzo della Ragione', 'Teatro Romano', 'Centro Fotografia']",Torre Lamberti,strategy_nearest,False,0.003242015838623047,success
04AF10BA7B3F84,3,"['Casa Giulietta', 'Torre Lamberti', 'Santa Anastasia', 'Arena', 'San Fermo']",Tomba Giulietta,"['Museo Storia', 'Museo Lapidario', 'Museo Radio', 'Verona Tour', 'Castelvecchio']",Arena,strategy_nearest,False,0.002567291259765625,success
04AF0BBA7B3F80,1,"['Arena', 'Museo Lapidario', 'Castelvecchio']",Casa Giulietta,"['Centro Fotografia', 'Sighseeing', 'Torre Lamberti', 'Museo Conte', 'Museo Radio']",Palazzo della Ragione,strategy_nearest,False,0.0033881664276123047,success
04AF0E3A9C4C84,1,"['Arena', 'Casa Giulietta']",Torre Lamberti,"['Sighseeing', 'Centro Fotografia', 'Museo Conte', 'Palazzo della Ragione', 'AMO']",Palazzo della Ragione,strategy_nearest,True,0.002079010009765625,success
04AF12BA7B3F80,1,"['Arena', 'Casa Giulietta', 'Santa Anastasia']",Duomo,"['AMO', 'Museo Miniscalchi', 'Teatro Romano', 'Palazzo della Ragione', 'Museo Conte']",Castelvecchio,strategy_nearest,False,0.0014238357543945312,success
04AF17BA7B3F80,1,"['Arena', 'Casa Giulietta', 'Torre Lamberti']",Palazzo della Ragione,"['AMO', 'Museo Conte', 'Centro Fotografia', 'Sighseeing', 'Santa Anastasia']",Santa Anastasia,strategy_nearest,True,0.002076864242553711,success
04AF11BA7B3F80,1,"['Arena', 'Casa Giulietta']",Torre Lamberti,"['Sighseeing', 'Centro Fotografia', 'Museo Conte', 'Palazzo della Ragione', 'AMO']",Palazzo della Ragione,strategy_nearest,True,0.0028548240661621094,success
04AF19429C4C80,0,['Casa Giulietta'],Arena,"['Verona Tour', 'Museo Lapidario', 'Museo Radio', 'San Fermo', 'Sighseeing']",Arena,strategy_nearest,False,0.002337932586669922,success
04AF18BA7B3F80,3,"['Torre Lamberti', 'Duomo']",Teatro Romano,"['Santa Anastasia', 'AMO', 'Palazzo della Ragione', 'Museo Conte', 'Centro Fotografia']",Arena,strategy_nearest,False,0.0033342838287353516,success
04AF1DBA7B3F80,3,"['Torre Lamberti', 'Casa Giulietta', 'San Fermo', 'Santa Anastasia']",Santa Anastasia,"['AMO', 'Museo Conte', 'Palazzo della Ragione', 'Teatro Romano', 'Centro Fotografia']",Duomo,strategy_nearest,False,0.0018880367279052734,success
04AF1EBA7B3F80,3,"['Arena', 'Casa Giulietta', 'Santa Anastasia']",Duomo,"['AMO', 'Museo Miniscalchi', 'Teatro Romano', 'Palazzo della Ragione', 'Museo Conte']",Teatro Romano,strategy_nearest,True,0.002076864242553711,success
04AF1E3A9C4C84,1,['Casa Giulietta'],Palazzo della Ragione,"['AMO', 'Museo Conte', 'Torre Lamberti', 'Centro Fotografia', 'Sighseeing']",Torre Lamberti,strategy_nearest,True,0.0027627944946289062,success
04AF233A9C4C84,5,"['Arena', 'Casa Giulietta']",Duomo,"['AMO', 'Museo Miniscalchi', 'Santa Anastasia', 'Teatro Romano', 'Palazzo della Ragione']",Teatro Romano,strategy_nearest,True,0.0033349990844726562,success
04AF25BA7B3F80,1,"['Torre Lamberti', 'Palazzo della Ragione', 'Duomo']",Santa Anastasia,"['AMO', 'Museo Conte', 'Teatro Romano', 'Centro Fotografia', 'Sighseeing']",Castelvecchio,strategy_nearest,False,0.001984834671020508,success
04AF24BA7B3F80,1,"['Arena', 'Casa Giulietta', 'Torre Lamberti']",Palazzo della Ragione,"['AMO', 'Museo Conte', 'Centro Fotografia', 'Sighseeing', 'Santa Anastasia']",Santa Anastasia,strategy_nearest,True,0.0039038658142089844,success
04AF2ABA7B3F80,3,"['Torre Lamberti', 'Casa Giulietta', 'San Fermo']",Duomo,"['AMO', 'Museo Miniscalchi', 'Santa Anastasia', 'Teatro Romano', 'Palazzo della Ragione']",Arena,strategy_nearest,False,0.002543926239013672,success
04AF3A3A9C4C80,1,"['Arena', 'Palazzo della Ragione']",Santa Anastasia,"['AMO', 'Museo Conte', 'Teatro Romano', 'Centro Fotografia', 'Duomo']",Teatro Romano,strategy_nearest,True,0.003072023391723633,success
04AF413A9C4C80,3,['Arena'],Casa Giulietta,"['Centro Fotografia', 'Sighseeing', 'Torre Lamberti', 'Museo Conte', 'Museo Radio']",Santa Anastasia,strategy_nearest,False,0.0027370452880859375,success
04AF55BA7B3F80,1,"['Torre Lamberti', 'Palazzo della Ragione']",Arena,"['Verona Tour', 'Museo Lapidario', 'Museo Radio', 'San Fermo', 'Casa Giulietta']",Casa Giulietta,strategy_nearest,True,0.002669095993041992,success
04AF50BA7B3F80,1,"['Arena', 'Casa Giulietta', 'Santa Anastasia']",Castelvecchio,"['Museo Lapidario', 'Verona Tour', 'Museo Radio', 'San Zeno', 'Sighseeing']",San Zeno,strategy_nearest,True,0.003403902053833008,success
04AF56BA7B3F80,3,"['Arena', 'Santa Anastasia', 'Torre Lamberti', 'Teatro Romano']",Castelvecchio,"['Museo Lapidario', 'Verona Tour', 'Museo Radio', 'San Zeno', 'Sighseeing']",San Zeno,strategy_nearest,True,0.0029959678649902344,success
04AF63429C4C80,0,"['Arena', 'Castelvecchio']",Teatro Romano,"['Santa Anastasia', 'Duomo', 'AMO', 'Palazzo della Ragione', 'Museo Conte']",Duomo,strategy_nearest,True,0.0025157928466796875,success
04AF6EBA7B3F80,3,"['Arena', 'Casa Giulietta', 'Santa Anastasia']",Duomo,"['AMO', 'Museo Miniscalchi', 'Teatro Romano', 'Palazzo della Ragione', 'Museo Conte']",Teatro Romano,strategy_nearest,True,0.0031681060791015625,success
04AF68BA7B3F80,1,"['Arena', 'Casa Giulietta', 'Santa Anastasia', 'Castelvecchio']",San Zeno,"['Verona Tour', 'Museo Lapidario', 'Museo Miniscalchi', 'Sighseeing', 'Museo Radio']",Torre Lamberti,strategy_nearest,False,0.002549886703491211,success
04AF723A9C4C80,1,"['Arena', 'Torre Lamberti']",Palazzo della Ragione,"['AMO', 'Museo Conte', 'Centro Fotografia', 'Sighseeing', 'Santa Anastasia']",Casa Giulietta,strategy_nearest,False,0.0023717880249023438,success
04AF73429C4C80,0,['Arena'],Torre Lamberti,"['Sighseeing', 'Centro Fotografia', 'Museo Conte', 'Casa Giulietta', 'Palazzo della Ragione']",Casa Giulietta,strategy_nearest,True,0.002371072769165039,success
04AF813A9C4C80,0,"['Casa Giulietta', 'Santa Anastasia']",Arena,"['Verona Tour', 'Museo Lapidario', 'Museo Radio', 'San Fermo', 'Sighseeing']",Castelvecchio,strategy_nearest,False,0.002501964569091797,success
04AF713A9C4C80,3,['Arena'],Torre Lamberti,"['Sighseeing', 'Centro Fotografia', 'Museo Conte', 'Casa Giulietta', 'Palazzo della Ragione']",Santa Anastasia,strategy_nearest,False,0.0024271011352539062,success
04AF893A9C4C80,3,"['Casa Giulietta', 'Santa Anastasia', 'Duomo']",Teatro Romano,"['AMO', 'Palazzo della Ragione', 'Museo Conte', 'Centro Fotografia', 'Museo Miniscalchi']",Arena,strategy_nearest,False,0.002397298812866211,success
04AF8BBA7B3F80,0,"['Castelvecchio', 'Arena']",Casa Giulietta,"['Centro Fotografia', 'Sighseeing', 'Torre Lamberti', 'Museo Conte', 'Museo Radio']",Torre Lamberti,strategy_nearest,True,0.0025119781494140625,success
04AF94429C4C80,3,"['Arena', 'Casa Giulietta']",Torre Lamberti,"['Sighseeing', 'Centro Fotografia', 'Museo Conte', 'Palazzo della Ragione', 'AMO']",Santa Anastasia,strategy_nearest,False,0.002465963363647461,success
04AF8C429C4C80,0,"['Teatro Romano', 'Torre Lamberti']",Arena,"['Verona Tour', 'Museo Lapidario', 'Museo Radio', 'San Fermo', 'Casa Giulietta']",Casa Giulietta,strategy_nearest,True,0.003909111022949219,success
04AF9B429C4C80,1,"['Duomo', 'Teatro Romano']",Casa Giulietta,"['Centro Fotografia', 'Sighseeing', 'Torre Lamberti', 'Museo Conte', 'Museo Radio']",Palazzo della Ragione,strategy_nearest,False,0.0024919509887695312,success
04AFA3BA7B3F80,1,"['Tomba Giulietta', 'Arena', 'Torre Lamberti', 'Palazzo della Ragione']",Casa Giulietta,"['Centro Fotografia', 'Sighseeing', 'Museo Conte', 'Museo Radio', 'San Fermo']",San Fermo,strategy_nearest,True,0.0025970935821533203,success
04AFAB429C4C80,1,"['Arena', 'Casa Giulietta']",Torre Lamberti,"['Sighseeing', 'Centro Fotografia', 'Museo Conte', 'Palazzo della Ragione', 'AMO']",Palazzo della Ragione,strategy_nearest,True,0.002054929733276367,success
04AFA4BA7B3F80,3,"['Castelvecchio', 'Arena', 'Torre Lamberti', 'Santa Anastasia']",Duomo,"['AMO', 'Museo Miniscalchi', 'Teatro Romano', 'Palazzo della Ragione', 'Museo Conte']",Casa Giulietta,strategy_nearest,False,0.003949880599975586,success
04AFBA429C4C80,1,"['Castelvecchio', 'Teatro Romano']",Casa Giulietta,"['Centro Fotografia', 'Sighseeing', 'Torre Lamberti', 'Museo Conte', 'Museo Radio']",Arena,strategy_nearest,False,0.0024919509887695312,success
04AFBCBA7B3F80,1,"['Museo Lapidario', 'Arena', 'San Fermo', 'Casa Giulietta']",Castelvecchio,"['Verona Tour', 'Museo Radio', 'San Zeno', 'Sighseeing', 'Museo Miniscalchi']",Teatro Romano,strategy_nearest,False,0.002513885498046875,success
04AFAFBA7B3F80,1,"['Castelvecchio', 'Arena', 'Torre Lamberti']",Palazzo della Ragione,"['AMO', 'Museo Conte', 'Centro Fotografia', 'Sighseeing', 'Santa Anastasia']",Casa Giulietta,strategy_nearest,False,0.003206968307495117,success
04AFC7429C4C80,0,['Arena'],Castelvecchio,"['Museo Lapidario', 'Verona Tour', 'Museo Radio', 'San Zeno', 'Sighseeing']",Casa Giulietta,strategy_nearest,False,0.0030269622802734375,success
04AFC8BA7B3F80,0,"['Museo Lapidario', 'Arena', 'Torre Lamberti']",San Zeno,"['Castelvecchio', 'Verona Tour', 'Museo Miniscalchi', 'Sighseeing', 'Museo Radio']",Castelvecchio,strategy_nearest,True,0.001425027847290039,success
04AFC8429C4C80,0,['Arena'],Casa Giulietta,"['Centro Fotografia', 'Sighseeing', 'Torre Lamberti', 'Museo Conte', 'Museo Radio']",Museo Lapidario,strategy_nearest,False,0.0033769607543945312,success
04AFE0BA7B3F80,1,"['Museo Lapidario', 'Arena', 'San Fermo', 'Casa Giulietta']",Castelvecchio,"['Verona Tour', 'Museo Radio', 'San Zeno', 'Sighseeing', 'Museo Miniscalchi']",Teatro Romano,strategy_nearest,False,0.003345012664794922,success
04AFC9429C4C80,0,['Arena'],Casa Giulietta,"['Centro Fotografia', 'Sighseeing', 'Torre Lamberti', 'Museo Conte', 'Museo Radio']",Santa Anastasia,strategy_nearest,False,0.002705097198486328,success
04AFF93A9C4C80,0,"['Arena', 'Casa Giulietta']",Torre Lamberti,"['Sighseeing', 'Centro Fotografia', 'Museo Conte', 'Palazzo della Ragione', 'AMO']",Teatro Romano,strategy_nearest,False,0.002794027328491211,success
04AFF83A9C4C80,0,"['Museo Lapidario', 'Arena']",Casa Giulietta,"['Centro Fotografia', 'Sighseeing', 'Torre Lamberti', 'Museo Conte', 'Museo Radio']",Torre Lamberti,strategy_nearest,True,0.0027048587799072266,success
04B008BA7B3F80,5,"['Tomba Giulietta', 'Arena', 'Giardino Giusti', 'Teatro Romano', 'Casa Giulietta']",Palazzo della Ragione,"['AMO', 'Museo Conte', 'Torre Lamberti', 'Centro Fotografia', 'Sighseeing']",Torre Lamberti,strategy_nearest,True,0.002722024917602539,success
04B008429C4C80,0,['Arena'],Castelvecchio,"['Museo Lapidario', 'Verona Tour', 'Museo Radio', 'San Zeno', 'Sighseeing']",Casa Giulietta,strategy_nearest,False,0.0035331249237060547,success
04B00ABA7B3F80,1,"['Arena', 'Casa Giulietta']",Torre Lamberti,"['Sighseeing', 'Centro Fotografia', 'Museo Conte', 'Palazzo della Ragione', 'AMO']",Palazzo della Ragione,strategy_nearest,True,0.0026853084564208984,success
04B0093A9C4C84,0,['Castelvecchio'],Torre Lamberti,"['Sighseeing', 'Centro Fotografia', 'Museo Conte', 'Casa Giulietta', 'Palazzo della Ragione']",Casa Giulietta,strategy_nearest,True,0.0033910274505615234,success
04B010BA7B3F80,0,"['Arena', 'Castelvecchio', 'Torre Lamberti']",Casa Giulietta,"['Centro Fotografia', 'Sighseeing', 'Museo Conte', 'Museo Radio', 'Palazzo della Ragione']",San Fermo,strategy_nearest,False,0.003370046615600586,success
04B013BA7B3F84,3,"['Tomba Giulietta', 'Arena', 'Castelvecchio']",Santa Anastasia,"['AMO', 'Museo Conte', 'Palazzo della Ragione', 'Teatro Romano', 'Centro Fotografia']",Torre Lamberti,strategy_nearest,False,0.0026760101318359375,success
04B016BA7B3F80,5,"['Tomba Giulietta', 'Arena', 'Teatro Romano', 'Casa Giulietta']",Palazzo della Ragione,"['AMO', 'Museo Conte', 'Torre Lamberti', 'Centro Fotografia', 'Sighseeing']",Torre Lamberti,strategy_nearest,True,0.002315044403076172,success
04B01FBA7B3F80,3,"['Arena', 'Castelvecchio']",Casa Giulietta,"['Centro Fotografia', 'Sighseeing', 'Torre Lamberti', 'Museo Conte', 'Museo Radio']",Teatro Romano,strategy_nearest,False,0.0026400089263916016,success
04B0143A9C4C84,3,"['Teatro Romano', 'Santa Anastasia', 'Torre Lamberti']",Casa Giulietta,"['Centro Fotografia', 'Sighseeing', 'Museo Conte', 'Museo Radio', 'Palazzo della Ragione']",San Fermo,strategy_nearest,False,0.0017719268798828125,success
04B0253A9C4C84,3,"['Arena', 'San Fermo']",Casa Giulietta,"['Centro Fotografia', 'Sighseeing', 'Torre Lamberti', 'Museo Conte', 'Museo Radio']",Santa Anastasia,strategy_nearest,False,0.001986980438232422,success
04B0223A9C4C84,3,"['Arena', 'Casa Giulietta', 'San Fermo']",Torre Lamberti,"['Sighseeing', 'Centro Fotografia', 'Museo Conte', 'Palazzo della Ragione', 'AMO']",Santa Anastasia,strategy_nearest,False,0.002691030502319336,success
04B025429C4C84,0,['Arena'],Castelvecchio,"['Museo Lapidario', 'Verona Tour', 'Museo Radio', 'San Zeno', 'Sighseeing']",Santa Anastasia,strategy_nearest,False,0.0028197765350341797,success
04B025BA7B3F80,1,"['Arena', 'Torre Lamberti', 'Santa Anastasia', 'Duomo']",Teatro Romano,"['AMO', 'Palazzo della Ragione', 'Museo Conte', 'Centro Fotografia', 'Museo Miniscalchi']",Castelvecchio,strategy_nearest,False,0.0032188892364501953,success
04B027BA7B3F84,0,['Tomba Giulietta'],Arena,"['Verona Tour', 'Museo Lapidario', 'Museo Radio', 'San Fermo', 'Casa Giulietta']",Casa Giulietta,strategy_nearest,True,0.002435922622680664,success
04B0273A9C4C84,2,['Casa Giulietta'],Duomo,"['AMO', 'Museo Miniscalchi', 'Santa Anastasia', 'Teatro Romano', 'Palazzo della Ragione']",Castelvecchio,strategy_nearest,False,0.002686023712158203,success
04B02ABA7B3F80,3,"['Arena', 'Casa Giulietta', 'Castelvecchio']",Santa Anastasia,"['AMO', 'Museo Conte', 'Palazzo della Ragione', 'Teatro Romano', 'Centro Fotografia']",Duomo,strategy_nearest,False,0.0027022361755371094,success
04B02CBA7B3F80,3,"['Arena', 'Castelvecchio']",Casa Giulietta,"['Centro Fotografia', 'Sighseeing', 'Torre Lamberti', 'Museo Conte', 'Museo Radio']",Teatro Romano,strategy_nearest,False,0.0019669532775878906,success
04B031BA7B3F80,1,"['Arena', 'Torre Lamberti', 'Santa Anastasia', 'Duomo']",Teatro Romano,"['AMO', 'Palazzo della Ragione', 'Museo Conte', 'Centro Fotografia', 'Museo Miniscalchi']",Castelvecchio,strategy_nearest,False,0.002828836441040039,success
04B038BA7B3F80,1,"['Museo Lapidario', 'Arena', 'Torre Lamberti', 'Palazzo della Ragione', 'Casa Giulietta']",San Fermo,"['Museo Storia', 'Museo Radio', 'Centro Fotografia', 'Sighseeing', 'Museo Conte']",Santa Anastasia,strategy_nearest,False,0.002665996551513672,success
04B037BA7B3F80,1,"['Casa Giulietta', 'Torre Lamberti', 'Santa Anastasia']",Teatro Romano,"['Duomo', 'AMO', 'Palazzo della Ragione', 'Museo Conte', 'Centro Fotografia']",San Zeno,strategy_nearest,False,0.00368499755859375,success
04B0393A9C4C80,1,"['Arena', 'Casa Giulietta']",Torre Lamberti,"['Sighseeing', 'Centro Fotografia', 'Museo Conte', 'Palazzo della Ragione', 'AMO']",Palazzo della Ragione,strategy_nearest,True,0.0035219192504882812,success
04B03EBA7B3F80,1,"['Arena', 'Casa Giulietta']",Teatro Romano,"['Santa Anastasia', 'Duomo', 'AMO', 'Palazzo della Ragione', 'Museo Conte']",Palazzo della Ragione,strategy_nearest,True,0.0030770301818847656,success
04B052BA7B3F80,1,"['Arena', 'Museo Lapidario', 'Castelvecchio']",Casa Giulietta,"['Centro Fotografia', 'Sighseeing', 'Torre Lamberti', 'Museo Conte', 'Museo Radio']",Palazzo della Ragione,strategy_nearest,False,0.0022389888763427734,success
04B045BA7B3F80,1,"['Casa Giulietta', 'Torre Lamberti', 'Santa Anastasia']",Teatro Romano,"['Duomo', 'AMO', 'Palazzo della Ragione', 'Museo Conte', 'Centro Fotografia']",San Zeno,strategy_nearest,False,0.003606081008911133,success
04B04BBA7B3F80,1,"['Torre Lamberti', 'Palazzo della Ragione', 'Casa Giulietta', 'San Fermo']",Santa Anastasia,"['AMO', 'Museo Conte', 'Teatro Romano', 'Centro Fotografia', 'Duomo']",Teatro Romano,strategy_nearest,True,0.0014579296112060547,success
04B053BA7B3F80,1,"['Museo Lapidario', 'Arena', 'Torre Lamberti', 'Palazzo della Ragione', 'Casa Giulietta']",San Fermo,"['Museo Storia', 'Museo Radio', 'Centro Fotografia', 'Sighseeing', 'Museo Conte']",Santa Anastasia,strategy_nearest,False,0.003348112106323242,success
04B06CBA7B3F80,0,"['San Zeno', 'Casa Giulietta']",Castelvecchio,"['Museo Lapidario', 'Verona Tour', 'Arena', 'Museo Radio', 'Sighseeing']",Arena,strategy_nearest,True,0.0020799636840820312,success
04B07D429C4C80,1,['Arena'],Casa Giulietta,"['Centro Fotografia', 'Sighseeing', 'Torre Lamberti', 'Museo Conte', 'Museo Radio']",Torre Lamberti,strategy_nearest,True,0.004262208938598633,success
04B07C4A9C4C80,2,['Torre Lamberti'],Santa Anastasia,"['AMO', 'Museo Conte', 'Palazzo della Ragione', 'Teatro Romano', 'Centro Fotografia']",Duomo,strategy_nearest,False,0.0021359920501708984,success
04B058BA7B3F80,1,"['Torre Lamberti', 'Palazzo della Ragione', 'Casa Giulietta', 'San Fermo']",Santa Anastasia,"['AMO', 'Museo Conte', 'Teatro Romano', 'Centro Fotografia', 'Duomo']",Teatro Romano,strategy_nearest,True,0.003551006317138672,success
04B08A3A9C4C80,3,"['Casa Giulietta', 'Torre Lamberti']",Arena,"['Verona Tour', 'Museo Lapidario', 'Museo Radio', 'San Fermo', 'Sighseeing']",Tomba Giulietta,strategy_nearest,False,0.0035712718963623047,success
04B090429C4C80,3,['Arena'],Torre Lamberti,"['Sighseeing', 'Centro Fotografia', 'Museo Conte', 'Casa Giulietta', 'Palazzo della Ragione']",Santa Anastasia,strategy_nearest,False,0.002068042755126953,success
04B0A472743380,3,"['Torre Lamberti', 'Santa Anastasia', 'Casa Giulietta']",Duomo,"['AMO', 'Museo Miniscalchi', 'Teatro Romano', 'Palazzo della Ragione', 'Museo Conte']",Tomba Giulietta,strategy_nearest,False,0.0027179718017578125,success
04B0A572743380,1,"['Castelvecchio', 'Casa Giulietta', 'Torre Lamberti']",Palazzo della Ragione,"['AMO', 'Museo Conte', 'Centro Fotografia', 'Sighseeing', 'Santa Anastasia']",Arena,strategy_nearest,False,0.0033500194549560547,success
04B0A772743380,1,"['Arena', 'Castelvecchio', 'Museo Lapidario', 'Tomba Giulietta']",Museo Storia,"['San Fermo', 'Museo Radio', 'Casa Giulietta', 'Centro Fotografia', 'Torre Lamberti']",Casa Giulietta,strategy_nearest,True,0.002618074417114258,success
04B0A8429C4C80,3,"['San Zeno', 'Arena']",Torre Lamberti,"['Sighseeing', 'Centro Fotografia', 'Museo Conte', 'Casa Giulietta', 'Palazzo della Ragione']",Santa Anastasia,strategy_nearest,False,0.003287076950073242,success
04B0B03A9C4C80,1,"['Santa Anastasia', 'Palazzo della Ragione']",Torre Lamberti,"['Sighseeing', 'Centro Fotografia', 'Museo Conte', 'Casa Giulietta', 'AMO']",Arena,strategy_nearest,False,0.0033729076385498047,success
04B0B73A9C4C80,1,"['Arena', 'Casa Giulietta']",Torre Lamberti,"['Sighseeing', 'Centro Fotografia', 'Museo Conte', 'Palazzo della Ragione', 'AMO']",Palazzo della Ragione,strategy_nearest,True,0.002207040786743164,success
04B0B6429C4C80,2,['Casa Giulietta'],Torre Lamberti,"['Sighseeing', 'Centro Fotografia', 'Museo Conte', 'Palazzo della Ragione', 'AMO']",Teatro Romano,strategy_nearest,False,0.003537893295288086,success
04B0BD429C4C80,0,['Arena'],Museo Lapidario,"['Verona Tour', 'Castelvecchio', 'Museo Radio', 'San Fermo', 'Casa Giulietta']",Torre Lamberti,strategy_nearest,False,0.002019166946411133,success
04B0C1429C4C80,0,['Casa Giulietta'],Castelvecchio,"['Museo Lapidario', 'Verona Tour', 'Arena', 'Museo Radio', 'San Zeno']",Arena,strategy_nearest,True,0.0031311511993408203,success
04B0C23A9C4C80,0,['Casa Giulietta'],Teatro Romano,"['Santa Anastasia', 'Duomo', 'AMO', 'Palazzo della Ragione', 'Museo Conte']",Duomo,strategy_nearest,True,0.002031087875366211,success
04B0CA429C4C80,0,"['Arena', 'Museo Lapidario']",Castelvecchio,"['Verona Tour', 'Museo Radio', 'San Zeno', 'Sighseeing', 'Museo Miniscalchi']",Casa Giulietta,strategy_nearest,False,0.0025987625122070312,success
04B0FCC27B3F80,3,"['Arena', 'Casa Giulietta', 'Torre Lamberti']",Santa Anastasia,"['AMO', 'Museo Conte', 'Palazzo della Ragione', 'Teatro Romano', 'Centro Fotografia']",Duomo,strategy_nearest,False,0.0018939971923828125,success
04B0CE3A9C4C80,0,['Teatro Romano'],Casa Giulietta,"['Centro Fotografia', 'Sighseeing', 'Torre Lamberti', 'Museo Conte', 'Museo Radio']",Arena,strategy_nearest,False,0.0033910274505615234,success
04B0D9BA7B3F80,3,"['Arena', 'Castelvecchio']",Santa Anastasia,"['AMO', 'Museo Conte', 'Palazzo della Ragione', 'Teatro Romano', 'Centro Fotografia']",Torre Lamberti,strategy_nearest,False,0.0026679039001464844,success
04B0FFBA7B3F80,0,"['San Zeno', 'Casa Giulietta']",Castelvecchio,"['Museo Lapidario', 'Verona Tour', 'Arena', 'Museo Radio', 'Sighseeing']",Arena,strategy_nearest,True,0.0026502609252929688,success
04B0FF3A9C4C80,3,"['Arena', 'Torre Lamberti']",Casa Giulietta,"['Centro Fotografia', 'Sighseeing', 'Museo Conte', 'Museo Radio', 'Palazzo della Ragione']",Duomo,strategy_nearest,False,0.0020449161529541016,success
04B1013A9C4C84,1,"['Arena', 'Duomo']",Santa Anastasia,"['AMO', 'Museo Conte', 'Palazzo della Ragione', 'Teatro Romano', 'Centro Fotografia']",Palazzo della Ragione,strategy_nearest,True,0.0027511119842529297,success
04B10F429C4C84,3,"['Arena', 'Torre Lamberti']",Casa Giulietta,"['Centro Fotografia', 'Sighseeing', 'Museo Conte', 'Museo Radio', 'Palazzo della Ragione']",San Fermo,strategy_nearest,False,0.0030999183654785156,success
04B1123A9C4C84,3,['Arena'],Casa Giulietta,"['Centro Fotografia', 'Sighseeing', 'Torre Lamberti', 'Museo Conte', 'Museo Radio']",Santa Anastasia,strategy_nearest,False,0.0018219947814941406,success
04B110BA7B3F80,3,"['Arena', 'Castelvecchio']",Casa Giulietta,"['Centro Fotografia', 'Sighseeing', 'Torre Lamberti', 'Museo Conte', 'Museo Radio']",Torre Lamberti,strategy_nearest,True,0.0026090145111083984,success
04B10FBA7B3F80,0,"['Arena', 'Casa Giulietta']",Torre Lamberti,"['Sighseeing', 'Centro Fotografia', 'Museo Conte', 'Palazzo della Ragione', 'AMO']",Teatro Romano,strategy_nearest,False,0.004143238067626953,success
04B1143A9C4C84,3,"['Teatro Romano', 'Casa Giulietta']",Arena,"['Verona Tour', 'Museo Lapidario', 'Museo Radio', 'San Fermo', 'Sighseeing']",Castelvecchio,strategy_nearest,False,0.0038819313049316406,success
04B1153A9C4C84,0,"['Arena', 'San Zeno']",Teatro Romano,"['Santa Anastasia', 'Duomo', 'AMO', 'Palazzo della Ragione', 'Museo Conte']",Torre Lamberti,strategy_nearest,False,0.0025348663330078125,success
04B11A3A9C4C84,0,['Torre Lamberti'],Casa Giulietta,"['Centro Fotografia', 'Sighseeing', 'Museo Conte', 'Museo Radio', 'Palazzo della Ragione']",Arena,strategy_nearest,False,0.004238128662109375,success
04B11E3A9C4C84,0,['Arena'],Casa Giulietta,"['Centro Fotografia', 'Sighseeing', 'Torre Lamberti', 'Museo Conte', 'Museo Radio']",Duomo,strategy_nearest,False,0.0024209022521972656,success
04B121429C4C80,1,"['Arena', 'Casa Giulietta']",Torre Lamberti,"['Sighseeing', 'Centro Fotografia', 'Museo Conte', 'Palazzo della Ragione', 'AMO']",Palazzo della Ragione,strategy_nearest,True,0.002753019332885742,success
04B12D3A9C4C80,1,"['Arena', 'Casa Giulietta']",Palazzo della Ragione,"['AMO', 'Museo Conte', 'Torre Lamberti', 'Centro Fotografia', 'Sighseeing']",Torre Lamberti,strategy_nearest,True,0.002340078353881836,success
04B1244A9C4C80,3,"['Castelvecchio', 'Duomo']",Santa Anastasia,"['AMO', 'Museo Conte', 'Palazzo della Ragione', 'Teatro Romano', 'Centro Fotografia']",Casa Giulietta,strategy_nearest,False,0.003328084945678711,success
04B13C429C4C80,0,['Arena'],Casa Giulietta,"['Centro Fotografia', 'Sighseeing', 'Torre Lamberti', 'Museo Conte', 'Museo Radio']",Castelvecchio,strategy_nearest,False,0.004132986068725586,success
04B17E3A9C4C80,3,"['Casa Giulietta', 'Torre Lamberti']",Santa Anastasia,"['AMO', 'Museo Conte', 'Palazzo della Ragione', 'Teatro Romano', 'Centro Fotografia']",Duomo,strategy_nearest,False,0.0013587474822998047,success
04B181429C4C80,3,"['Arena', 'Casa Giulietta', 'Torre Lamberti']",Santa Anastasia,"['AMO', 'Museo Conte', 'Palazzo della Ragione', 'Teatro Romano', 'Centro Fotografia']",Teatro Romano,strategy_nearest,True,0.0027577877044677734,success
04B17E4A9C4C80,0,"['Arena', 'Museo Storia']",Duomo,"['AMO', 'Museo Miniscalchi', 'Santa Anastasia', 'Teatro Romano', 'Palazzo della Ragione']",Torre Lamberti,strategy_nearest,False,0.0035707950592041016,success
04B1843A9C4C80,0,['Arena'],Tomba Giulietta,"['San Fermo', 'Museo Storia', 'Museo Lapidario', 'Museo Radio', 'Verona Tour']",Casa Giulietta,strategy_nearest,False,0.0026123523712158203,success
04B1853A9C4C80,2,"['Torre Lamberti', 'Casa Giulietta']",San Fermo,"['Museo Storia', 'Museo Radio', 'Centro Fotografia', 'Arena', 'Sighseeing']",Santa Anastasia,strategy_nearest,False,0.002817869186401367,success
04B1873A9C4C80,0,['Arena'],Castelvecchio,"['Museo Lapidario', 'Verona Tour', 'Museo Radio', 'San Zeno', 'Sighseeing']",Casa Giulietta,strategy_nearest,False,0.0027120113372802734,success
04B18E3A9C4C80,3,"['Casa Giulietta', 'Torre Lamberti']",Santa Anastasia,"['AMO', 'Museo Conte', 'Palazzo della Ragione', 'Teatro Romano', 'Centro Fotografia']",Arena,strategy_nearest,False,0.00328826904296875,success
04B18E4A9C4C80,1,['Arena'],Torre Lamberti,"['Sighseeing', 'Centro Fotografia', 'Museo Conte', 'Casa Giulietta', 'Palazzo della Ragione']",Palazzo della Ragione,strategy_nearest,True,0.002624034881591797,success
04B1924A9C4C80,0,['Arena'],Casa Giulietta,"['Centro Fotografia', 'Sighseeing', 'Torre Lamberti', 'Museo Conte', 'Museo Radio']",San Zeno,strategy_nearest,False,0.0033919811248779297,success
04B1A24A9C4C80,0,['Arena'],Castelvecchio,"['Museo Lapidario', 'Verona Tour', 'Museo Radio', 'San Zeno', 'Sighseeing']",Casa Giulietta,strategy_nearest,False,0.0030536651611328125,success
04B1984A9C4C80,1,"['Arena', 'Castelvecchio', 'Torre Lamberti']",Palazzo della Ragione,"['AMO', 'Museo Conte', 'Centro Fotografia', 'Sighseeing', 'Santa Anastasia']",Giardino Giusti,strategy_nearest,False,0.002702951431274414,success
04B1A94A9C4C80,0,"['Casa Giulietta', 'Torre Lamberti']",Arena,"['Verona Tour', 'Museo Lapidario', 'Museo Radio', 'San Fermo', 'Sighseeing']",Castelvecchio,strategy_nearest,False,0.002675294876098633,success
04B1A4429C4C80,3,"['Teatro Romano', 'Duomo', 'Santa Anastasia']",Casa Giulietta,"['Centro Fotografia', 'Sighseeing', 'Torre Lamberti', 'Museo Conte', 'Museo Radio']",Arena,strategy_nearest,False,0.0025191307067871094,success
04B1A7BA7B3F80,1,"['Duomo', 'Arena', 'Torre Lamberti', 'Castelvecchio', 'San Zeno']",Casa Giulietta,"['Centro Fotografia', 'Sighseeing', 'Museo Conte', 'Museo Radio', 'Palazzo della Ragione']",San Fermo,strategy_nearest,False,0.0019598007202148438,success
04B1B13A9C4C80,0,['Torre Lamberti'],San Zeno,"['Castelvecchio', 'Verona Tour', 'Museo Lapidario', 'Arena', 'Museo Miniscalchi']",Arena,strategy_nearest,True,0.0031037330627441406,success
04B1EB3A9C4C80,0,['Arena'],Duomo,"['AMO', 'Museo Miniscalchi', 'Santa Anastasia', 'Teatro Romano', 'Palazzo della Ragione']",Tomba Giulietta,strategy_nearest,False,0.0021109580993652344,success
04B1F03A9C4C80,3,"['Torre Lamberti', 'Santa Anastasia']",Duomo,"['AMO', 'Museo Miniscalchi', 'Teatro Romano', 'Palazzo della Ragione', 'Museo Conte']",Teatro Romano,strategy_nearest,True,0.0031790733337402344,success
04B1BD429C4C80,1,"['Casa Giulietta', 'Torre Lamberti']",Palazzo della Ragione,"['AMO', 'Museo Conte', 'Centro Fotografia', 'Sighseeing', 'Santa Anastasia']",Arena,strategy_nearest,False,0.002768993377685547,success
04B1EF3A9C4C80,3,"['Arena', 'Torre Lamberti']",Casa Giulietta,"['Centro Fotografia', 'Sighseeing', 'Museo Conte', 'Museo Radio', 'Palazzo della Ragione']",Santa Anastasia,strategy_nearest,False,0.0027778148651123047,success
04B2193A9C4C84,2,['Torre Lamberti'],Casa Giulietta,"['Centro Fotografia', 'Sighseeing', 'Museo Conte', 'Museo Radio', 'Palazzo della Ragione']",Castelvecchio,strategy_nearest,False,0.003033161163330078,success
04B2053A9C4C84,1,"['Arena', 'Casa Giulietta']",Palazzo della Ragione,"['AMO', 'Museo Conte', 'Torre Lamberti', 'Centro Fotografia', 'Sighseeing']",Castelvecchio,strategy_nearest,False,0.0014870166778564453,success
04B1FBBA7B3F80,1,"['Castelvecchio', 'Arena', 'Torre Lamberti']",Palazzo della Ragione,"['AMO', 'Museo Conte', 'Centro Fotografia', 'Sighseeing', 'Santa Anastasia']",Casa Giulietta,strategy_nearest,False,0.0029680728912353516,success
04B2123A9C4C84,0,"['Arena', 'Torre Lamberti']",Casa Giulietta,"['Centro Fotografia', 'Sighseeing', 'Museo Conte', 'Museo Radio', 'Palazzo della Ragione']",Duomo,strategy_nearest,False,0.002777099609375,success
04B2273A9C4C84,0,['Arena'],Casa Giulietta,"['Centro Fotografia', 'Sighseeing', 'Torre Lamberti', 'Museo Conte', 'Museo Radio']",Duomo,strategy_nearest,False,0.0021970272064208984,success
04B2203A9C4C84,1,['Casa Giulietta'],Torre Lamberti,"['Sighseeing', 'Centro Fotografia', 'Museo Conte', 'Palazzo della Ragione', 'AMO']",Palazzo della Ragione,strategy_nearest,True,0.0016210079193115234,success
04B26B429C4C80,3,"['Santa Anastasia', 'Teatro Romano']",Duomo,"['AMO', 'Museo Miniscalchi', 'Palazzo della Ragione', 'Museo Conte', 'Torre Lamberti']",Casa Giulietta,strategy_nearest,False,0.002810955047607422,success
04B27D3A9C4C80,0,['Arena'],Casa Giulietta,"['Centro Fotografia', 'Sighseeing', 'Torre Lamberti', 'Museo Conte', 'Museo Radio']",Torre Lamberti,strategy_nearest,True,0.0034029483795166016,success
04B2A83A9C4C80,3,"['Arena', 'Torre Lamberti']",Santa Anastasia,"['AMO', 'Museo Conte', 'Palazzo della Ragione', 'Teatro Romano', 'Centro Fotografia']",Duomo,strategy_nearest,False,0.0015139579772949219,success
04B28E4A9C4C80,0,['Arena'],Castelvecchio,"['Museo Lapidario', 'Verona Tour', 'Museo Radio', 'San Zeno', 'Sighseeing']",Casa Giulietta,strategy_nearest,False,0.0034308433532714844,success
04B289429C4C80,3,"['Arena', 'Santa Anastasia']",Duomo,"['AMO', 'Museo Miniscalchi', 'Teatro Romano', 'Palazzo della Ragione', 'Museo Conte']",Torre Lamberti,strategy_nearest,False,0.0028657913208007812,success
04B2B2429C4C80,0,['Arena'],Casa Giulietta,"['Centro Fotografia', 'Sighseeing', 'Torre Lamberti', 'Museo Conte', 'Museo Radio']",Santa Anastasia,strategy_nearest,False,0.003734111785888672,success
04B2B9429C4C80,3,"['Arena', 'Casa Giulietta', 'Torre Lamberti']",Santa Anastasia,"['AMO', 'Museo Conte', 'Palazzo della Ragione', 'Teatro Romano', 'Centro Fotografia']",Teatro Romano,strategy_nearest,True,0.0018138885498046875,success
04B2B6429C4C80,3,['Arena'],Torre Lamberti,"['Sighseeing', 'Centro Fotografia', 'Museo Conte', 'Casa Giulietta', 'Palazzo della Ragione']",Casa Giulietta,strategy_nearest,True,0.0028870105743408203,success
04B2BF3A9C4C80,3,"['Castelvecchio', 'Torre Lamberti', 'Duomo']",Casa Giulietta,"['Centro Fotografia', 'Sighseeing', 'Museo Conte', 'Museo Radio', 'Palazzo della Ragione']",Arena,strategy_nearest,False,0.0042150020599365234,success
04B2C2429C4C80,2,"['Casa Giulietta', 'Palazzo della Ragione']",Torre Lamberti,"['Sighseeing', 'Centro Fotografia', 'Museo Conte', 'AMO', 'Museo Miniscalchi']",Giardino Giusti,strategy_nearest,False,0.0025339126586914062,success
04B2C83A9C4C80,2,"['Castelvecchio', 'Duomo']",Teatro Romano,"['Santa Anastasia', 'AMO', 'Palazzo della Ragione', 'Museo Conte', 'Centro Fotografia']",Torre Lamberti,strategy_nearest,False,0.0034198760986328125,success
04B2D13A9C4C80,1,"['Arena', 'Casa Giulietta']",Palazzo della Ragione,"['AMO', 'Museo Conte', 'Torre Lamberti', 'Centro Fotografia', 'Sighseeing']",Torre Lamberti,strategy_nearest,True,0.0023849010467529297,success
04B2D83A9C4C80,2,['Casa Giulietta'],Torre Lamberti,"['Sighseeing', 'Centro Fotografia', 'Museo Conte', 'Palazzo della Ragione', 'AMO']",Santa Anastasia,strategy_nearest,False,0.002629995346069336,success
04B2E63A9C4C80,0,['Torre Lamberti'],Arena,"['Verona Tour', 'Museo Lapidario', 'Museo Radio', 'San Fermo', 'Casa Giulietta']",Casa Giulietta,strategy_nearest,True,0.002958059310913086,success
04B2EC3A9C4C80,0,['Arena'],Casa Giulietta,"['Centro Fotografia', 'Sighseeing', 'Torre Lamberti', 'Museo Conte', 'Museo Radio']",Teatro Romano,strategy_nearest,False,0.0025086402893066406,success
04B2EA3A9C4C80,0,"['Teatro Romano', 'Casa Giulietta']",San Fermo,"['Museo Storia', 'Museo Radio', 'Centro Fotografia', 'Arena', 'Sighseeing']",Arena,strategy_nearest,True,0.002814054489135742,success
04B2EE3A9C4C80,2,['Torre Lamberti'],Santa Anastasia,"['AMO', 'Museo Conte', 'Palazzo della Ragione', 'Teatro Romano', 'Centro Fotografia']",Teatro Romano,strategy_nearest,True,0.0032591819763183594,success
04B30B3A9C4C84,0,"['Arena', 'Casa Giulietta']",San Fermo,"['Museo Storia', 'Museo Radio', 'Centro Fotografia', 'Sighseeing', 'Torre Lamberti']",Tomba Giulietta,strategy_nearest,False,0.002536296844482422,success
04B3223A9C4C84,3,['Arena'],Torre Lamberti,"['Sighseeing', 'Centro Fotografia', 'Museo Conte', 'Casa Giulietta', 'Palazzo della Ragione']",Casa Giulietta,strategy_nearest,True,0.003223896026611328,success
04B3333A9C4C80,0,['Arena'],Casa Giulietta,"['Centro Fotografia', 'Sighseeing', 'Torre Lamberti', 'Museo Conte', 'Museo Radio']",Torre Lamberti,strategy_nearest,True,0.002630949020385742,success
04B31C3A9C4C84,3,"['Arena', 'Torre Lamberti']",Casa Giulietta,"['Centro Fotografia', 'Sighseeing', 'Museo Conte', 'Museo Radio', 'Palazzo della Ragione']",Santa Anastasia,strategy_nearest,False,0.002629995346069336,success
04B334429C4C80,0,['Arena'],Casa Giulietta,"['Centro Fotografia', 'Sighseeing', 'Torre Lamberti', 'Museo Conte', 'Museo Radio']",Tomba Giulietta,strategy_nearest,False,0.003256082534790039,success
04B339429C4C80,0,['Castelvecchio'],Arena,"['Verona Tour', 'Museo Lapidario', 'Museo Radio', 'San Fermo', 'Casa Giulietta']",Casa Giulietta,strategy_nearest,True,0.0021049976348876953,success
04B33D3A9C4C80,3,['Arena'],Casa Giulietta,"['Centro Fotografia', 'Sighseeing', 'Torre Lamberti', 'Museo Conte', 'Museo Radio']",Santa Anastasia,strategy_nearest,False,0.0026319026947021484,success
04B34B429C4C80,1,"['Arena', 'Museo Lapidario']",Casa Giulietta,"['Centro Fotografia', 'Sighseeing', 'Torre Lamberti', 'Museo Conte', 'Museo Radio']",Torre Lamberti,strategy_nearest,True,0.0022118091583251953,success
04B3553A9C4C80,1,"['Arena', 'Casa Giulietta']",Torre Lamberti,"['Sighseeing', 'Centro Fotografia', 'Museo Conte', 'Palazzo della Ragione', 'AMO']",Palazzo della Ragione,strategy_nearest,True,0.0027589797973632812,success
04B366429C4C80,3,"['Arena', 'Casa Giulietta']",Torre Lamberti,"['Sighseeing', 'Centro Fotografia', 'Museo Conte', 'Palazzo della Ragione', 'AMO']",Santa Anastasia,strategy_nearest,False,0.003167867660522461,success
04B3864A9C4C80,0,['Arena'],Casa Giulietta,"['Centro Fotografia', 'Sighseeing', 'Torre Lamberti', 'Museo Conte', 'Museo Radio']",Castelvecchio,strategy_nearest,False,0.002783060073852539,success
04B389429C4C80,3,"['Arena', 'Casa Giulietta']",Torre Lamberti,"['Sighseeing', 'Centro Fotografia', 'Museo Conte', 'Palazzo della Ragione', 'AMO']",Santa Anastasia,strategy_nearest,False,0.0040225982666015625,success
04B38B429C4C80,1,"['Museo Lapidario', 'Arena']",Casa Giulietta,"['Centro Fotografia', 'Sighseeing', 'Torre Lamberti', 'Museo Conte', 'Museo Radio']",Torre Lamberti,strategy_nearest,True,0.0021212100982666016,success
04B39A4A9C4C80,3,"['Arena', 'Museo Lapidario', 'Castelvecchio']",Casa Giulietta,"['Centro Fotografia', 'Sighseeing', 'Torre Lamberti', 'Museo Conte', 'Museo Radio']",Santa Anastasia,strategy_nearest,False,0.0034029483795166016,success
04B3A572743380,1,"['Arena', 'Castelvecchio', 'San Zeno', 'Torre Lamberti', 'Palazzo della Ragione']",Casa Giulietta,"['Centro Fotografia', 'Sighseeing', 'Museo Conte', 'Museo Radio', 'San Fermo']",San Fermo,strategy_nearest,True,0.002221822738647461,success
04B3A472743380,3,"['Torre Lamberti', 'Santa Anastasia', 'Tomba Giulietta']",San Fermo,"['Museo Storia', 'Museo Radio', 'Casa Giulietta', 'Centro Fotografia', 'Arena']",Casa Giulietta,strategy_nearest,True,0.002933025360107422,success
04B39E429C4C80,0,"['Arena', 'Casa Giulietta']",Torre Lamberti,"['Sighseeing', 'Centro Fotografia', 'Museo Conte', 'Palazzo della Ragione', 'AMO']",Castelvecchio,strategy_nearest,False,0.003582000732421875,success
04B3A7429C4C80,1,"['Teatro Romano', 'Duomo', 'Torre Lamberti']",Palazzo della Ragione,"['AMO', 'Museo Conte', 'Centro Fotografia', 'Sighseeing', 'Santa Anastasia']",Casa Giulietta,strategy_nearest,False,0.003461122512817383,success
04B3A772743380,1,"['Arena', 'Castelvecchio', 'Museo Lapidario', 'Tomba Giulietta']",Museo Storia,"['San Fermo', 'Museo Radio', 'Casa Giulietta', 'Centro Fotografia', 'Torre Lamberti']",Casa Giulietta,strategy_nearest,True,0.0024688243865966797,success
04B3B6429C4C80,1,"['Teatro Romano', 'Duomo']",Santa Anastasia,"['AMO', 'Museo Conte', 'Palazzo della Ragione', 'Centro Fotografia', 'Torre Lamberti']",Arena,strategy_nearest,False,0.002552032470703125,success
04B3B7429C4C80,3,"['Arena', 'Torre Lamberti']",Casa Giulietta,"['Centro Fotografia', 'Sighseeing', 'Museo Conte', 'Museo Radio', 'Palazzo della Ragione']",Santa Anastasia,strategy_nearest,False,0.0031249523162841797,success
04B3A83A9C4C80,0,['Arena'],Casa Giulietta,"['Centro Fotografia', 'Sighseeing', 'Torre Lamberti', 'Museo Conte', 'Museo Radio']",Torre Lamberti,strategy_nearest,True,0.0027399063110351562,success
04B3C2429C4C80,0,['Castelvecchio'],Arena,"['Verona Tour', 'Museo Lapidario', 'Museo Radio', 'San Fermo', 'Casa Giulietta']",Casa Giulietta,strategy_nearest,True,0.0028181076049804688,success
04B3B9429C4C80,0,['Arena'],Castelvecchio,"['Museo Lapidario', 'Verona Tour', 'Museo Radio', 'San Zeno', 'Sighseeing']",Casa Giulietta,strategy_nearest,False,0.0021941661834716797,success
04B3C33A9C4C80,3,"['Castelvecchio', 'San Zeno']",Santa Anastasia,"['AMO', 'Museo Conte', 'Palazzo della Ragione', 'Teatro Romano', 'Centro Fotografia']",Teatro Romano,strategy_nearest,True,0.0026886463165283203,success
04B4003A9C4C84,1,"['Torre Lamberti', 'Palazzo della Ragione']",Casa Giulietta,"['Centro Fotografia', 'Sighseeing', 'Museo Conte', 'Museo Radio', 'San Fermo']",Arena,strategy_nearest,False,0.0030088424682617188,success
04B40D3A9C4C84,3,['Arena'],Casa Giulietta,"['Centro Fotografia', 'Sighseeing', 'Torre Lamberti', 'Museo Conte', 'Museo Radio']",Torre Lamberti,strategy_nearest,True,0.0019311904907226562,success
04B40F3A9C4C84,0,['Arena'],Casa Giulietta,"['Centro Fotografia', 'Sighseeing', 'Torre Lamberti', 'Museo Conte', 'Museo Radio']",Torre Lamberti,strategy_nearest,True,0.002074003219604492,success
04B40A429C4C84,0,['Arena'],Casa Giulietta,"['Centro Fotografia', 'Sighseeing', 'Torre Lamberti', 'Museo Conte', 'Museo Radio']",Torre Lamberti,strategy_nearest,True,0.004912137985229492,success
04B41F429C4C84,3,"['Arena', 'Casa Giulietta', 'Santa Anastasia']",Torre Lamberti,"['Sighseeing', 'Centro Fotografia', 'Museo Conte', 'Palazzo della Ragione', 'AMO']",San Fermo,strategy_nearest,False,0.0029151439666748047,success
04B43D3A9C4C80,1,"['Arena', 'Casa Giulietta']",Palazzo della Ragione,"['AMO', 'Museo Conte', 'Torre Lamberti', 'Centro Fotografia', 'Sighseeing']",Torre Lamberti,strategy_nearest,True,0.002955913543701172,success
04B469429C4C80,0,['San Zeno'],Arena,"['Verona Tour', 'Museo Lapidario', 'Museo Radio', 'San Fermo', 'Casa Giulietta']",Casa Giulietta,strategy_nearest,True,0.003030061721801758,success
04B4793A9C4C80,3,"['Arena', 'Casa Giulietta']",Torre Lamberti,"['Sighseeing', 'Centro Fotografia', 'Museo Conte', 'Palazzo della Ragione', 'AMO']",San Fermo,strategy_nearest,False,0.002543926239013672,success
04B479429C4C80,3,"['Arena', 'Casa Giulietta']",Duomo,"['AMO', 'Museo Miniscalchi', 'Santa Anastasia', 'Teatro Romano', 'Palazzo della Ragione']",Teatro Romano,strategy_nearest,True,0.0025131702423095703,success
04B47A4A9C4C80,0,['Arena'],Casa Giulietta,"['Centro Fotografia', 'Sighseeing', 'Torre Lamberti', 'Museo Conte', 'Museo Radio']",Duomo,strategy_nearest,False,0.0021169185638427734,success
04B47F429C4C80,0,['Arena'],Casa Giulietta,"['Centro Fotografia', 'Sighseeing', 'Torre Lamberti', 'Museo Conte', 'Museo Radio']",Castelvecchio,strategy_nearest,False,0.002052783966064453,success
04B47A3A9C4C80,0,['Casa Giulietta'],Arena,"['Verona Tour', 'Museo Lapidario', 'Museo Radio', 'San Fermo', 'Sighseeing']",Teatro Romano,strategy_nearest,False,0.004075050354003906,success
04B47F3A9C4C80,0,['Arena'],Giardino Giusti,"['Santa Anastasia', 'Teatro Romano', 'Museo Conte', 'Centro Fotografia', 'Museo Storia']",Castelvecchio,strategy_nearest,False,0.0035130977630615234,success
04B4874A9C4C80,0,['Arena'],Casa Giulietta,"['Centro Fotografia', 'Sighseeing', 'Torre Lamberti', 'Museo Conte', 'Museo Radio']",Castelvecchio,strategy_nearest,False,0.0025489330291748047,success
04B480429C4C80,3,"['Arena', 'Casa Giulietta']",Torre Lamberti,"['Sighseeing', 'Centro Fotografia', 'Museo Conte', 'Palazzo della Ragione', 'AMO']",Teatro Romano,strategy_nearest,False,0.0031762123107910156,success
04B4893A9C4C80,3,"['Castelvecchio', 'Arena', 'San Zeno']",Casa Giulietta,"['Centro Fotografia', 'Sighseeing', 'Torre Lamberti', 'Museo Conte', 'Museo Radio']",Torre Lamberti,strategy_nearest,True,0.002496004104614258,success
04B48E4A9C4C80,0,['Arena'],Casa Giulietta,"['Centro Fotografia', 'Sighseeing', 'Torre Lamberti', 'Museo Conte', 'Museo Radio']",Torre Lamberti,strategy_nearest,True,0.001981973648071289,success
04B48D429C4C80,0,['Arena'],Castelvecchio,"['Museo Lapidario', 'Verona Tour', 'Museo Radio', 'San Zeno', 'Sighseeing']",Teatro Romano,strategy_nearest,False,0.0035400390625,success
04B48F4A9C4C80,1,"['Arena', 'Casa Giulietta']",Torre Lamberti,"['Sighseeing', 'Centro Fotografia', 'Museo Conte', 'Palazzo della Ragione', 'AMO']",Palazzo della Ragione,strategy_nearest,True,0.003075122833251953,success
04B4C6429C4C80,3,"['Casa Giulietta', 'Arena', 'Castelvecchio']",Torre Lamberti,"['Sighseeing', 'Centro Fotografia', 'Museo Conte', 'Palazzo della Ragione', 'AMO']",Santa Anastasia,strategy_nearest,False,0.003053903579711914,success
04B4F03A9C4C80,0,['Arena'],Torre Lamberti,"['Sighseeing', 'Centro Fotografia', 'Museo Conte', 'Casa Giulietta', 'Palazzo della Ragione']",Casa Giulietta,strategy_nearest,True,0.0033140182495117188,success
04B4D53A9C4C80,3,"['Arena', 'Casa Giulietta']",Santa Anastasia,"['AMO', 'Museo Conte', 'Palazzo della Ragione', 'Teatro Romano', 'Centro Fotografia']",Giardino Giusti,strategy_nearest,False,0.002399921417236328,success
04B4C63A9C4C80,3,"['Arena', 'Torre Lamberti']",Santa Anastasia,"['AMO', 'Museo Conte', 'Palazzo della Ragione', 'Teatro Romano', 'Centro Fotografia']",Teatro Romano,strategy_nearest,True,0.0031778812408447266,success
04B4FB3A9C4C80,1,"['Arena', 'Torre Lamberti', 'Palazzo della Ragione']",Casa Giulietta,"['Centro Fotografia', 'Sighseeing', 'Museo Conte', 'Museo Radio', 'San Fermo']",Santa Anastasia,strategy_nearest,False,0.0020809173583984375,success
04B4F63A9C4C80,1,"['Casa Giulietta', 'Torre Lamberti', 'Palazzo della Ragione', 'Teatro Romano']",Santa Anastasia,"['AMO', 'Museo Conte', 'Centro Fotografia', 'Duomo', 'Sighseeing']",Duomo,strategy_nearest,True,0.00151824951171875,success
04B4FC3A9C4C80,1,"['Arena', 'Palazzo della Ragione']",Torre Lamberti,"['Sighseeing', 'Centro Fotografia', 'Museo Conte', 'Casa Giulietta', 'AMO']",Santa Anastasia,strategy_nearest,False,0.002761363983154297,success
04B5273A9C4C84,1,"['Museo Lapidario', 'Castelvecchio', 'Arena', 'Casa Giulietta']",Palazzo della Ragione,"['AMO', 'Museo Conte', 'Torre Lamberti', 'Centro Fotografia', 'Sighseeing']",Torre Lamberti,strategy_nearest,True,0.003078937530517578,success
04B538429C4C80,3,"['Arena', 'Casa Giulietta']",Torre Lamberti,"['Sighseeing', 'Centro Fotografia', 'Museo Conte', 'Palazzo della Ragione', 'AMO']",Teatro Romano,strategy_nearest,False,0.002042055130004883,success
04B535429C4C80,0,['Arena'],Casa Giulietta,"['Centro Fotografia', 'Sighseeing', 'Torre Lamberti', 'Museo Conte', 'Museo Radio']",Torre Lamberti,strategy_nearest,True,0.0033829212188720703,success
04B53E429C4C80,0,"['Castelvecchio', 'Casa Giulietta']",Torre Lamberti,"['Sighseeing', 'Centro Fotografia', 'Museo Conte', 'Palazzo della Ragione', 'AMO']",Arena,strategy_nearest,False,0.0026769638061523438,success
04B53A429C4C80,1,['Castelvecchio'],Torre Lamberti,"['Sighseeing', 'Centro Fotografia', 'Museo Conte', 'Casa Giulietta', 'Palazzo della Ragione']",Palazzo della Ragione,strategy_nearest,True,0.003790140151977539,success
04B572429C4C80,0,['Arena'],Castelvecchio,"['Museo Lapidario', 'Verona Tour', 'Museo Radio', 'San Zeno', 'Sighseeing']",Casa Giulietta,strategy_nearest,False,0.002674102783203125,success
04B5783A9C4C80,1,"['Castelvecchio', 'Arena', 'Tomba Giulietta']",Casa Giulietta,"['Centro Fotografia', 'Sighseeing', 'Torre Lamberti', 'Museo Conte', 'Museo Radio']",Torre Lamberti,strategy_nearest,True,0.0033719539642333984,success
04B56D429C4C80,1,['Arena'],Santa Anastasia,"['AMO', 'Museo Conte', 'Palazzo della Ragione', 'Teatro Romano', 'Centro Fotografia']",Torre Lamberti,strategy_nearest,False,0.003648996353149414,success
04B5853A9C4C80,3,"['Museo Lapidario', 'Arena']",Arena,"['Verona Tour', 'Museo Radio', 'San Fermo', 'Casa Giulietta', 'Sighseeing']",Torre Lamberti,strategy_nearest,False,0.002483844757080078,success
04B57A4A9C4C80,2,"['Museo Lapidario', 'Castelvecchio']",Palazzo della Ragione,"['AMO', 'Museo Conte', 'Torre Lamberti', 'Centro Fotografia', 'Sighseeing']",Torre Lamberti,strategy_nearest,True,0.0032958984375,success
04B5893A9C4C80,1,"['Casa Giulietta', 'Torre Lamberti']",Palazzo della Ragione,"['AMO', 'Museo Conte', 'Centro Fotografia', 'Sighseeing', 'Santa Anastasia']",Arena,strategy_nearest,False,0.0018270015716552734,success
04B57D3A9C4C80,1,"['Arena', 'Casa Giulietta']",Torre Lamberti,"['Sighseeing', 'Centro Fotografia', 'Museo Conte', 'Palazzo della Ragione', 'AMO']",Palazzo della Ragione,strategy_nearest,True,0.0042400360107421875,success
04B58B3A9C4C80,3,"['Arena', 'Casa Giulietta']",Santa Anastasia,"['AMO', 'Museo Conte', 'Palazzo della Ragione', 'Teatro Romano', 'Centro Fotografia']",Duomo,strategy_nearest,False,0.0014719963073730469,success
04B59E429C4C80,3,"['Arena', 'Torre Lamberti']",Santa Anastasia,"['AMO', 'Museo Conte', 'Palazzo della Ragione', 'Teatro Romano', 'Centro Fotografia']",Giardino Giusti,strategy_nearest,False,0.0021588802337646484,success
04B5A64A9C4C80,0,['Casa Giulietta'],Torre Lamberti,"['Sighseeing', 'Centro Fotografia', 'Museo Conte', 'Palazzo della Ragione', 'AMO']",Arena,strategy_nearest,False,0.0029959678649902344,success
04B5B03A9C4C80,2,['Santa Anastasia'],Casa Giulietta,"['Centro Fotografia', 'Sighseeing', 'Torre Lamberti', 'Museo Conte', 'Museo Radio']",San Fermo,strategy_nearest,False,0.002412080764770508,success
04B5AC429C4C80,3,"['Arena', 'Torre Lamberti']",Casa Giulietta,"['Centro Fotografia', 'Sighseeing', 'Museo Conte', 'Museo Radio', 'Palazzo della Ragione']",Santa Anastasia,strategy_nearest,False,0.0037581920623779297,success
04B5AE429C4C80,3,"['Arena', 'Castelvecchio', 'Santa Anastasia', 'Duomo']",Teatro Romano,"['AMO', 'Palazzo della Ragione', 'Museo Conte', 'Centro Fotografia', 'Museo Miniscalchi']",Torre Lamberti,strategy_nearest,False,0.003299236297607422,success
04B5B4429C4C80,3,['Arena'],Casa Giulietta,"['Centro Fotografia', 'Sighseeing', 'Torre Lamberti', 'Museo Conte', 'Museo Radio']",Torre Lamberti,strategy_nearest,True,0.0012059211730957031,success
04B5B0429C4C80,1,"['Casa Giulietta', 'Palazzo della Ragione']",Torre Lamberti,"['Sighseeing', 'Centro Fotografia', 'Museo Conte', 'AMO', 'Museo Miniscalchi']",Castelvecchio,strategy_nearest,False,0.003930330276489258,success
04B5FE3A9C4C80,3,"['Casa Giulietta', 'Torre Lamberti']",Santa Anastasia,"['AMO', 'Museo Conte', 'Palazzo della Ragione', 'Teatro Romano', 'Centro Fotografia']",Duomo,strategy_nearest,False,0.0029649734497070312,success
04B5C63A9C4C80,1,"['Torre Lamberti', 'Palazzo della Ragione', 'Santa Anastasia']",Duomo,"['AMO', 'Museo Miniscalchi', 'Teatro Romano', 'Museo Conte', 'Centro Fotografia']",Casa Giulietta,strategy_nearest,False,0.003404855728149414,success
04B5F93A9C4C80,3,"['San Zeno', 'Arena']",Torre Lamberti,"['Sighseeing', 'Centro Fotografia', 'Museo Conte', 'Casa Giulietta', 'Palazzo della Ragione']",Santa Anastasia,strategy_nearest,False,0.002775907516479492,success
04B5F83A9C4C80,3,['Arena'],Duomo,"['AMO', 'Museo Miniscalchi', 'Santa Anastasia', 'Teatro Romano', 'Palazzo della Ragione']",Teatro Romano,strategy_nearest,True,0.002837657928466797,success
04B6073A9C4C84,3,"['Arena', 'Castelvecchio']",Torre Lamberti,"['Sighseeing', 'Centro Fotografia', 'Museo Conte', 'Casa Giulietta', 'Palazzo della Ragione']",Casa Giulietta,strategy_nearest,True,0.0025200843811035156,success
04B60DBA7B3F84,1,"['Arena', 'Torre Lamberti']",Palazzo della Ragione,"['AMO', 'Museo Conte', 'Centro Fotografia', 'Sighseeing', 'Santa Anastasia']",Santa Anastasia,strategy_nearest,True,0.0030221939086914062,success
04B60D3A9C4C84,3,"['Santa Anastasia', 'Torre Lamberti', 'Casa Giulietta']",Museo Storia,"['San Fermo', 'Museo Radio', 'Centro Fotografia', 'Tomba Giulietta', 'Arena']",San Fermo,strategy_nearest,True,0.0016617774963378906,success
04B600BA7B3F84,1,"['Arena', 'Torre Lamberti']",Palazzo della Ragione,"['AMO', 'Museo Conte', 'Centro Fotografia', 'Sighseeing', 'Santa Anastasia']",Castelvecchio,strategy_nearest,False,0.003926992416381836,success
04B61ABA7B3F84,1,"['Arena', 'Casa Giulietta', 'San Fermo']",Torre Lamberti,"['Sighseeing', 'Centro Fotografia', 'Museo Conte', 'Palazzo della Ragione', 'AMO']",Palazzo della Ragione,strategy_nearest,True,0.002476930618286133,success
04B6183A9C4C84,1,"['Arena', 'Arena']",Casa Giulietta,"['Centro Fotografia', 'Sighseeing', 'Torre Lamberti', 'Museo Conte', 'Museo Radio']",Torre Lamberti,strategy_nearest,True,0.0016508102416992188,success
04B61A3A9C4C84,0,['Arena'],Casa Giulietta,"['Centro Fotografia', 'Sighseeing', 'Torre Lamberti', 'Museo Conte', 'Museo Radio']",Torre Lamberti,strategy_nearest,True,0.00374603271484375,success
04B61BBA7B3F84,0,['Arena'],Casa Giulietta,"['Centro Fotografia', 'Sighseeing', 'Torre Lamberti', 'Museo Conte', 'Museo Radio']",Torre Lamberti,strategy_nearest,True,0.0028197765350341797,success
04B621BA7B3F84,3,"['San Zeno', 'Duomo', 'Casa Giulietta']",Castelvecchio,"['Museo Lapidario', 'Verona Tour', 'Arena', 'Museo Radio', 'Sighseeing']",Arena,strategy_nearest,True,0.0022211074829101562,success
04B620429C4C80,3,"['Arena', 'San Fermo']",Casa Giulietta,"['Centro Fotografia', 'Sighseeing', 'Torre Lamberti', 'Museo Conte', 'Museo Radio']",Torre Lamberti,strategy_nearest,True,0.002917051315307617,success
04B620BA7B3F84,0,['Arena'],Casa Giulietta,"['Centro Fotografia', 'Sighseeing', 'Torre Lamberti', 'Museo Conte', 'Museo Radio']",Castelvecchio,strategy_nearest,False,0.001538991928100586,success
04B626BA7B3F84,1,['Arena'],Casa Giulietta,"['Centro Fotografia', 'Sighseeing', 'Torre Lamberti', 'Museo Conte', 'Museo Radio']",Palazzo della Ragione,strategy_nearest,False,0.0019659996032714844,success
04B622BA7B3F80,1,"['Arena', 'Museo Lapidario', 'Casa Giulietta', 'Torre Lamberti']",Palazzo della Ragione,"['AMO', 'Museo Conte', 'Centro Fotografia', 'Sighseeing', 'Santa Anastasia']",Santa Anastasia,strategy_nearest,True,0.003262758255004883,success
04B623429C4C84,0,['Arena'],Casa Giulietta,"['Centro Fotografia', 'Sighseeing', 'Torre Lamberti', 'Museo Conte', 'Museo Radio']",Torre Lamberti,strategy_nearest,True,0.0026209354400634766,success
04B638429C4C80,3,"['Arena', 'Casa Giulietta']",Santa Anastasia,"['AMO', 'Museo Conte', 'Palazzo della Ragione', 'Teatro Romano', 'Centro Fotografia']",Duomo,strategy_nearest,False,0.0028438568115234375,success
04B65D429C4C80,3,"['Castelvecchio', 'Arena', 'Casa Giulietta']",Torre Lamberti,"['Sighseeing', 'Centro Fotografia', 'Museo Conte', 'Palazzo della Ragione', 'AMO']",Santa Anastasia,strategy_nearest,False,0.002054929733276367,success
04B63D3A9C4C80,1,"['Torre Lamberti', 'Palazzo della Ragione', 'Casa Giulietta']",Teatro Romano,"['Santa Anastasia', 'Duomo', 'AMO', 'Museo Conte', 'Centro Fotografia']",Duomo,strategy_nearest,True,0.0038471221923828125,success
04B6563A9C4C80,3,"['Arena', 'San Fermo']",Casa Giulietta,"['Centro Fotografia', 'Sighseeing', 'Torre Lamberti', 'Museo Conte', 'Museo Radio']",Duomo,strategy_nearest,False,0.0031499862670898438,success
04B672BA7B3F80,0,['Arena'],Giardino Giusti,"['Santa Anastasia', 'Teatro Romano', 'Museo Conte', 'Centro Fotografia', 'Museo Storia']",Teatro Romano,strategy_nearest,True,0.003280162811279297,success
04B682429C4C80,3,"['Arena', 'Castelvecchio']",Duomo,"['AMO', 'Museo Miniscalchi', 'Santa Anastasia', 'Teatro Romano', 'Palazzo della Ragione']",Teatro Romano,strategy_nearest,True,0.0029840469360351562,success
04B67EBA7B3F80,3,"['Arena', 'Castelvecchio', 'Tomba Giulietta', 'Casa Giulietta']",Santa Anastasia,"['AMO', 'Museo Conte', 'Palazzo della Ragione', 'Teatro Romano', 'Centro Fotografia']",Duomo,strategy_nearest,False,0.0024089813232421875,success
04B6823A9C4C80,0,['Casa Giulietta'],Arena,"['Verona Tour', 'Museo Lapidario', 'Museo Radio', 'San Fermo', 'Sighseeing']",Teatro Romano,strategy_nearest,False,0.002413034439086914,success
04B68ABA7B3F80,3,"['Arena', 'Castelvecchio', 'Tomba Giulietta', 'Casa Giulietta']",Santa Anastasia,"['AMO', 'Museo Conte', 'Palazzo della Ragione', 'Teatro Romano', 'Centro Fotografia']",Duomo,strategy_nearest,False,0.003309011459350586,success
04B68E429C4C80,0,['Arena'],Torre Lamberti,"['Sighseeing', 'Centro Fotografia', 'Museo Conte', 'Casa Giulietta', 'Palazzo della Ragione']",Casa Giulietta,strategy_nearest,True,0.002248048782348633,success
04B691429C4C80,0,['Arena'],Torre Lamberti,"['Sighseeing', 'Centro Fotografia', 'Museo Conte', 'Casa Giulietta', 'Palazzo della Ragione']",Casa Giulietta,strategy_nearest,True,0.0014679431915283203,success
04B68F3A9C4C80,0,['Palazzo della Ragione'],Arena,"['Verona Tour', 'Museo Lapidario', 'Museo Radio', 'San Fermo', 'Casa Giulietta']",Casa Giulietta,strategy_nearest,True,0.003113985061645508,success
04B696BA7B3F80,3,"['Arena', 'Duomo', 'Santa Anastasia']",San Fermo,"['Museo Storia', 'Museo Radio', 'Casa Giulietta', 'Centro Fotografia', 'Sighseeing']",Teatro Romano,strategy_nearest,False,0.003290891647338867,success
04B6A472743380,0,['Arena'],Casa Giulietta,"['Centro Fotografia', 'Sighseeing', 'Torre Lamberti', 'Museo Conte', 'Museo Radio']",Santa Anastasia,strategy_nearest,False,0.0026879310607910156,success
04B6A7429C4C80,0,['Casa Giulietta'],Torre Lamberti,"['Sighseeing', 'Centro Fotografia', 'Museo Conte', 'Palazzo della Ragione', 'AMO']",Arena,strategy_nearest,False,0.002588987350463867,success
04B6A572743380,1,"['Arena', 'Casa Giulietta', 'Torre Lamberti']",Palazzo della Ragione,"['AMO', 'Museo Conte', 'Centro Fotografia', 'Sighseeing', 'Santa Anastasia']",San Fermo,strategy_nearest,False,0.0027511119842529297,success
04B6A872743380,1,"['Teatro Romano', 'Santa Anastasia', 'Palazzo della Ragione', 'Torre Lamberti']",Castelvecchio,"['Museo Lapidario', 'Verona Tour', 'Arena', 'Museo Radio', 'San Zeno']",Arena,strategy_nearest,True,0.003355741500854492,success
04B6AB429C4C80,1,"['Castelvecchio', 'Arena']",Palazzo della Ragione,"['AMO', 'Museo Conte', 'Torre Lamberti', 'Centro Fotografia', 'Sighseeing']",Torre Lamberti,strategy_nearest,True,0.0033559799194335938,success
04B6AC429C4C80,0,"['Arena', 'Casa Giulietta']",Torre Lamberti,"['Sighseeing', 'Centro Fotografia', 'Museo Conte', 'Palazzo della Ragione', 'AMO']",Castelvecchio,strategy_nearest,False,0.0025141239166259766,success
04B6A772743380,0,['Arena'],Castelvecchio,"['Museo Lapidario', 'Verona Tour', 'Museo Radio', 'San Zeno', 'Sighseeing']",San Zeno,strategy_nearest,True,0.002679109573364258,success
04B6B5429C4C80,0,['Castelvecchio'],Arena,"['Verona Tour', 'Museo Lapidario', 'Museo Radio', 'San Fermo', 'Casa Giulietta']",Teatro Romano,strategy_nearest,False,0.002810955047607422,success
04B6BA3A9C4C80,0,['Duomo'],Casa Giulietta,"['Centro Fotografia', 'Sighseeing', 'Torre Lamberti', 'Museo Conte', 'Museo Radio']",Arena,strategy_nearest,False,0.0013780593872070312,success
04B6BABA7B3F80,3,"['Arena', 'Duomo', 'Santa Anastasia']",San Fermo,"['Museo Storia', 'Museo Radio', 'Casa Giulietta', 'Centro Fotografia', 'Sighseeing']",Teatro Romano,strategy_nearest,False,0.0027849674224853516,success
04B6C6BA7B3F80,0,"['Arena', 'Museo Lapidario', 'Castelvecchio']",Casa Giulietta,"['Centro Fotografia', 'Sighseeing', 'Torre Lamberti', 'Museo Conte', 'Museo Radio']",Torre Lamberti,strategy_nearest,True,0.0036039352416992188,success
04B6CA429C4C80,3,"['Casa Giulietta', 'Santa Anastasia']",Duomo,"['AMO', 'Museo Miniscalchi', 'Teatro Romano', 'Palazzo della Ragione', 'Museo Conte']",Tomba Giulietta,strategy_nearest,False,0.0024137496948242188,success
04B6DDBA7B3F80,1,"['Arena', 'Palazzo della Ragione', 'Torre Lamberti']",Santa Anastasia,"['AMO', 'Museo Conte', 'Teatro Romano', 'Centro Fotografia', 'Duomo']",Casa Giulietta,strategy_nearest,False,0.0026879310607910156,success
04B6E9BA7B3F80,0,['Arena'],Casa Giulietta,"['Centro Fotografia', 'Sighseeing', 'Torre Lamberti', 'Museo Conte', 'Museo Radio']",Torre Lamberti,strategy_nearest,True,0.003124237060546875,success
04B6ED3A9C4C80,3,"['Arena', 'Casa Giulietta']",Santa Anastasia,"['AMO', 'Museo Conte', 'Palazzo della Ragione', 'Teatro Romano', 'Centro Fotografia']",Duomo,strategy_nearest,False,0.002534151077270508,success
04B6EE3A9C4C80,3,"['Arena', 'Casa Giulietta', 'Torre Lamberti']",Santa Anastasia,"['AMO', 'Museo Conte', 'Palazzo della Ragione', 'Teatro Romano', 'Centro Fotografia']",Tomba Giulietta,strategy_nearest,False,0.002371072769165039,success
04B6F53A9C4C80,3,"['Teatro Romano', 'Duomo', 'Santa Anastasia']",Torre Lamberti,"['Sighseeing', 'Centro Fotografia', 'Museo Conte', 'Casa Giulietta', 'Palazzo della Ragione']",Casa Giulietta,strategy_nearest,True,0.0027010440826416016,success
04B702BA7B3F84,3,"['Museo Lapidario', 'Arena']",Santa Anastasia,"['AMO', 'Museo Conte', 'Palazzo della Ragione', 'Teatro Romano', 'Centro Fotografia']",Casa Giulietta,strategy_nearest,False,0.0027740001678466797,success
04B709BA7B3F80,1,"['Arena', 'Santa Anastasia', 'Casa Giulietta', 'Castelvecchio']",Tomba Giulietta,"['San Fermo', 'Museo Storia', 'Museo Lapidario', 'Museo Radio', 'Verona Tour']",Teatro Romano,strategy_nearest,False,0.0030977725982666016,success
04B6F5BA7B3F80,1,"['Arena', 'Casa Giulietta']",Torre Lamberti,"['Sighseeing', 'Centro Fotografia', 'Museo Conte', 'Palazzo della Ragione', 'AMO']",Palazzo della Ragione,strategy_nearest,True,0.0021829605102539062,success
04B70FBA7B3F80,3,"['Arena', 'Casa Giulietta']",Torre Lamberti,"['Sighseeing', 'Centro Fotografia', 'Museo Conte', 'Palazzo della Ragione', 'AMO']",Santa Anastasia,strategy_nearest,False,0.002042055130004883,success
04B715BA7B3F80,1,"['Arena', 'Santa Anastasia', 'Casa Giulietta', 'Castelvecchio']",Tomba Giulietta,"['San Fermo', 'Museo Storia', 'Museo Lapidario', 'Museo Radio', 'Verona Tour']",Teatro Romano,strategy_nearest,False,0.001898050308227539,success
04B710BA7B3F80,3,"['Museo Lapidario', 'Arena']",Santa Anastasia,"['AMO', 'Museo Conte', 'Palazzo della Ragione', 'Teatro Romano', 'Centro Fotografia']",Casa Giulietta,strategy_nearest,False,0.002878904342651367,success
04B7123A9C4C84,3,"['Arena', 'Santa Anastasia']",Castelvecchio,"['Museo Lapidario', 'Verona Tour', 'Museo Radio', 'San Zeno', 'Sighseeing']",San Zeno,strategy_nearest,True,0.003403186798095703,success
04B716BA7B3F80,2,"['Torre Lamberti', 'Casa Giulietta']",San Zeno,"['Castelvecchio', 'Verona Tour', 'Museo Lapidario', 'Arena', 'Museo Miniscalchi']",Castelvecchio,strategy_nearest,True,0.002961874008178711,success
04B724BA7B3F80,1,"['Arena', 'Casa Giulietta', 'Castelvecchio']",San Zeno,"['Verona Tour', 'Museo Lapidario', 'Museo Miniscalchi', 'Sighseeing', 'Museo Radio']",Teatro Romano,strategy_nearest,False,0.0019881725311279297,success
04B7243A9C4C84,3,"['Santa Anastasia', 'Teatro Romano']",Duomo,"['AMO', 'Museo Miniscalchi', 'Palazzo della Ragione', 'Museo Conte', 'Torre Lamberti']",Torre Lamberti,strategy_nearest,True,0.0023450851440429688,success
04B727BA7B3F80,3,"['Arena', 'Casa Giulietta', 'Teatro Romano', 'Duomo']",Santa Anastasia,"['AMO', 'Museo Conte', 'Palazzo della Ragione', 'Centro Fotografia', 'Torre Lamberti']",Torre Lamberti,strategy_nearest,True,0.002724170684814453,success
04B729BA7B3F80,3,"['Arena', 'Castelvecchio', 'Torre Lamberti', 'Casa Giulietta']",Teatro Romano,"['Santa Anastasia', 'Duomo', 'AMO', 'Palazzo della Ragione', 'Museo Conte']",Duomo,strategy_nearest,True,0.0026590824127197266,success
04B7373A9C4C80,1,"['Arena', 'Casa Giulietta', 'Torre Lamberti']",Palazzo della Ragione,"['AMO', 'Museo Conte', 'Centro Fotografia', 'Sighseeing', 'Santa Anastasia']",Santa Anastasia,strategy_nearest,True,0.002599954605102539,success
04B730BA7B3F80,1,"['Arena', 'Casa Giulietta', 'Castelvecchio']",San Zeno,"['Verona Tour', 'Museo Lapidario', 'Museo Miniscalchi', 'Sighseeing', 'Museo Radio']",Teatro Romano,strategy_nearest,False,0.002595186233520508,success
04B7383A9C4C80,1,"['Casa Giulietta', 'Palazzo della Ragione']",Torre Lamberti,"['Sighseeing', 'Centro Fotografia', 'Museo Conte', 'AMO', 'Museo Miniscalchi']",Santa Anastasia,strategy_nearest,False,0.002360105514526367,success
04B735BA7B3F80,3,"['Arena', 'Castelvecchio', 'Torre Lamberti', 'Casa Giulietta']",Teatro Romano,"['Santa Anastasia', 'Duomo', 'AMO', 'Palazzo della Ragione', 'Museo Conte']",Duomo,strategy_nearest,True,0.004373788833618164,success
04B741BA7B3F80,1,"['Duomo', 'Santa Anastasia', 'Torre Lamberti', 'Casa Giulietta']",Castelvecchio,"['Museo Lapidario', 'Verona Tour', 'Arena', 'Museo Radio', 'San Zeno']",Teatro Romano,strategy_nearest,False,0.0027539730072021484,success
04B73CBA7B3F80,3,"['Arena', 'San Fermo', 'Casa Giulietta']",Torre Lamberti,"['Sighseeing', 'Centro Fotografia', 'Museo Conte', 'Palazzo della Ragione', 'AMO']",Santa Anastasia,strategy_nearest,False,0.0029861927032470703,success
04B738429C4C80,3,['Torre Lamberti'],Santa Anastasia,"['AMO', 'Museo Conte', 'Palazzo della Ragione', 'Teatro Romano', 'Centro Fotografia']",Duomo,strategy_nearest,False,0.0023860931396484375,success
04B754BA7B3F80,1,"['Castelvecchio', 'Torre Lamberti', 'Palazzo della Ragione']",Duomo,"['AMO', 'Museo Miniscalchi', 'Santa Anastasia', 'Teatro Romano', 'Museo Conte']",Arena,strategy_nearest,False,0.0031862258911132812,success
04B748BA7B3F80,2,"['Torre Lamberti', 'Casa Giulietta']",Castelvecchio,"['Museo Lapidario', 'Verona Tour', 'Arena', 'Museo Radio', 'San Zeno']",Teatro Romano,strategy_nearest,False,0.0025119781494140625,success
04B75ABA7B3F80,1,"['Santa Anastasia', 'Casa Giulietta', 'Arena', 'Torre Lamberti']",Palazzo della Ragione,"['AMO', 'Museo Conte', 'Centro Fotografia', 'Sighseeing', 'Museo Miniscalchi']",Teatro Romano,strategy_nearest,False,0.0032770633697509766,success
04B747BA7B3F80,3,"['Arena', 'San Zeno', 'Duomo']",Castelvecchio,"['Museo Lapidario', 'Verona Tour', 'Museo Radio', 'Sighseeing', 'Museo Miniscalchi']",Museo Lapidario,strategy_nearest,True,0.00244903564453125,success
04B760BA7B3F80,1,"['Casa Giulietta', 'Castelvecchio']",Arena,"['Verona Tour', 'Museo Lapidario', 'Museo Radio', 'San Fermo', 'Sighseeing']",San Fermo,strategy_nearest,True,0.002254009246826172,success
04B764BA7B3F80,1,"['Arena', 'Museo Lapidario', 'Castelvecchio', 'Casa Giulietta']",Torre Lamberti,"['Sighseeing', 'Centro Fotografia', 'Museo Conte', 'Palazzo della Ragione', 'AMO']",Palazzo della Ragione,strategy_nearest,True,0.002790212631225586,success
04B75C429C4C80,0,"['Casa Giulietta', 'Torre Lamberti']",Arena,"['Verona Tour', 'Museo Lapidario', 'Museo Radio', 'San Fermo', 'Sighseeing']",Teatro Romano,strategy_nearest,False,0.003681182861328125,success
04B763BA7B3F80,3,"['Arena', 'Casa Giulietta', 'Teatro Romano']",Duomo,"['AMO', 'Museo Miniscalchi', 'Santa Anastasia', 'Palazzo della Ragione', 'Museo Conte']",Torre Lamberti,strategy_nearest,False,0.0015211105346679688,success
04B765BA7B3F80,0,['Arena'],San Zeno,"['Castelvecchio', 'Verona Tour', 'Museo Lapidario', 'Museo Miniscalchi', 'Sighseeing']",Casa Giulietta,strategy_nearest,False,0.002553224563598633,success
04B771BA7B3F80,1,"['Arena', 'Museo Lapidario', 'Tomba Giulietta', 'Castelvecchio', 'Santa Anastasia']",San Fermo,"['Museo Storia', 'Museo Radio', 'Casa Giulietta', 'Centro Fotografia', 'Sighseeing']",Museo Storia,strategy_nearest,True,0.001934051513671875,success
04B76BBA7B3F80,1,"['Arena', 'Casa Giulietta', 'Torre Lamberti']",Palazzo della Ragione,"['AMO', 'Museo Conte', 'Centro Fotografia', 'Sighseeing', 'Santa Anastasia']",Santa Anastasia,strategy_nearest,True,0.003506183624267578,success
04B773429C4C80,0,['Arena'],Casa Giulietta,"['Centro Fotografia', 'Sighseeing', 'Torre Lamberti', 'Museo Conte', 'Museo Radio']",Torre Lamberti,strategy_nearest,True,0.002518177032470703,success
04B76CBA7B3F80,1,"['Casa Giulietta', 'Castelvecchio']",Arena,"['Verona Tour', 'Museo Lapidario', 'Museo Radio', 'San Fermo', 'Sighseeing']",San Fermo,strategy_nearest,True,0.0033788681030273438,success
04B772BA7B3F80,1,"['Arena', 'Castelvecchio', 'San Zeno']",Torre Lamberti,"['Sighseeing', 'Centro Fotografia', 'Museo Conte', 'Casa Giulietta', 'Palazzo della Ragione']",Palazzo della Ragione,strategy_nearest,True,0.0025429725646972656,success
04B77C3A9C4C80,3,"['Arena', 'Castelvecchio']",San Zeno,"['Verona Tour', 'Museo Lapidario', 'Museo Miniscalchi', 'Sighseeing', 'Museo Radio']",Santa Anastasia,strategy_nearest,False,0.0013880729675292969,success
04B777BA7B3F80,1,"['Arena', 'Casa Giulietta', 'Torre Lamberti']",Palazzo della Ragione,"['AMO', 'Museo Conte', 'Centro Fotografia', 'Sighseeing', 'Santa Anastasia']",Santa Anastasia,strategy_nearest,True,0.0030510425567626953,success
04B778BA7B3F80,3,"['Torre Lamberti', 'Casa Giulietta']",Arena,"['Verona Tour', 'Museo Lapidario', 'Museo Radio', 'San Fermo', 'Sighseeing']",Castelvecchio,strategy_nearest,False,0.0021691322326660156,success
04B77D4A9C4C80,1,"['San Zeno', 'Castelvecchio', 'Arena']",Casa Giulietta,"['Centro Fotografia', 'Sighseeing', 'Torre Lamberti', 'Museo Conte', 'Museo Radio']",Palazzo della Ragione,strategy_nearest,False,0.002936124801635742,success
04B77DBA7B3F80,1,"['Arena', 'Casa Giulietta', 'Tomba Giulietta', 'Castelvecchio']",San Fermo,"['Museo Storia', 'Museo Radio', 'Centro Fotografia', 'Sighseeing', 'Torre Lamberti']",Palazzo della Ragione,strategy_nearest,False,0.0023021697998046875,success
04B783BA7B3F80,3,"['Arena', 'San Zeno', 'Casa Giulietta']",Torre Lamberti,"['Sighseeing', 'Centro Fotografia', 'Museo Conte', 'Palazzo della Ragione', 'AMO']",Santa Anastasia,strategy_nearest,False,0.0020151138305664062,success
04B77E4A9C4C80,0,['Arena'],Casa Giulietta,"['Centro Fotografia', 'Sighseeing', 'Torre Lamberti', 'Museo Conte', 'Museo Radio']",Torre Lamberti,strategy_nearest,True,0.002997875213623047,success
04B784429C4C80,2,['San Fermo'],Teatro Romano,"['Santa Anastasia', 'Duomo', 'AMO', 'Palazzo della Ragione', 'Museo Conte']",Torre Lamberti,strategy_nearest,False,0.0028510093688964844,success
04B77EBA7B3F80,1,"['Castelvecchio', 'Torre Lamberti']",Palazzo della Ragione,"['AMO', 'Museo Conte', 'Centro Fotografia', 'Sighseeing', 'Santa Anastasia']",Casa Giulietta,strategy_nearest,False,0.0035839080810546875,success
04B784BA7B3F80,3,"['Torre Lamberti', 'Casa Giulietta']",Arena,"['Verona Tour', 'Museo Lapidario', 'Museo Radio', 'San Fermo', 'Sighseeing']",Castelvecchio,strategy_nearest,False,0.0020051002502441406,success
04B789BA7B3F80,0,"['Arena', 'Casa Giulietta']",Torre Lamberti,"['Sighseeing', 'Centro Fotografia', 'Museo Conte', 'Palazzo della Ragione', 'AMO']",Tomba Giulietta,strategy_nearest,False,0.003481149673461914,success
04B78F429C4C80,1,"['Arena', 'Torre Lamberti']",Palazzo della Ragione,"['AMO', 'Museo Conte', 'Centro Fotografia', 'Sighseeing', 'Santa Anastasia']",Casa Giulietta,strategy_nearest,False,0.002880096435546875,success
04B78ABA7B3F80,0,"['Teatro Romano', 'Castelvecchio', 'Tomba Giulietta']",Casa Giulietta,"['Centro Fotografia', 'Sighseeing', 'Torre Lamberti', 'Museo Conte', 'Museo Radio']",Torre Lamberti,strategy_nearest,True,0.0019729137420654297,success
04B790BA7B3F80,3,"['Duomo', 'Arena']",Museo Lapidario,"['Verona Tour', 'Castelvecchio', 'Museo Radio', 'San Fermo', 'Casa Giulietta']",San Zeno,strategy_nearest,False,0.0020139217376708984,success
04B7954A9C4C80,1,"['Arena', 'Casa Giulietta']",Palazzo della Ragione,"['AMO', 'Museo Conte', 'Torre Lamberti', 'Centro Fotografia', 'Sighseeing']",Torre Lamberti,strategy_nearest,True,0.00257110595703125,success
04B78FBA7B3F80,1,"['Arena', 'Museo Lapidario', 'Castelvecchio', 'San Zeno', 'Tomba Giulietta']",Casa Giulietta,"['Centro Fotografia', 'Sighseeing', 'Torre Lamberti', 'Museo Conte', 'Museo Radio']",Torre Lamberti,strategy_nearest,True,0.003362894058227539,success
04B795BA7B3F80,1,"['Arena', 'Museo Lapidario', 'Casa Giulietta']",Castelvecchio,"['Verona Tour', 'Museo Radio', 'San Zeno', 'Sighseeing', 'Museo Miniscalchi']",Torre Lamberti,strategy_nearest,False,0.0028679370880126953,success
04B796BA7B3F80,0,"['Teatro Romano', 'Castelvecchio', 'Tomba Giulietta']",Casa Giulietta,"['Centro Fotografia', 'Sighseeing', 'Torre Lamberti', 'Museo Conte', 'Museo Radio']",Torre Lamberti,strategy_nearest,True,0.0016810894012451172,success
04B7984A9C4C80,3,"['Arena', 'Casa Giulietta']",Torre Lamberti,"['Sighseeing', 'Centro Fotografia', 'Museo Conte', 'Palazzo della Ragione', 'AMO']",Santa Anastasia,strategy_nearest,False,0.0028989315032958984,success
04B7A1BA7B3F80,0,"['Arena', 'Torre Lamberti']",Tomba Giulietta,"['San Fermo', 'Museo Storia', 'Museo Lapidario', 'Museo Radio', 'Verona Tour']",Casa Giulietta,strategy_nearest,False,0.0024819374084472656,success
04B79BBA7B3F80,1,"['Arena', 'Museo Lapidario', 'Castelvecchio', 'San Zeno', 'Tomba Giulietta']",Casa Giulietta,"['Centro Fotografia', 'Sighseeing', 'Torre Lamberti', 'Museo Conte', 'Museo Radio']",Torre Lamberti,strategy_nearest,True,0.0020956993103027344,success
04B79CBA7B3F80,0,['Arena'],Casa Giulietta,"['Centro Fotografia', 'Sighseeing', 'Torre Lamberti', 'Museo Conte', 'Museo Radio']",Teatro Romano,strategy_nearest,False,0.0035161972045898438,success
04B7A2BA7B3F80,1,"['Museo Lapidario', 'Arena', 'Casa Giulietta', 'Duomo']",Castelvecchio,"['Verona Tour', 'Museo Radio', 'San Zeno', 'Sighseeing', 'Museo Miniscalchi']",San Zeno,strategy_nearest,True,0.0025701522827148438,success
04B7A472743380,0,"['Torre Lamberti', 'Casa Giulietta']",San Fermo,"['Museo Storia', 'Museo Radio', 'Centro Fotografia', 'Arena', 'Sighseeing']",Castelvecchio,strategy_nearest,False,0.002050161361694336,success
04B7A7BA7B3F80,3,"['Duomo', 'Arena']",Museo Lapidario,"['Verona Tour', 'Castelvecchio', 'Museo Radio', 'San Fermo', 'Casa Giulietta']",San Zeno,strategy_nearest,False,0.002607107162475586,success
04B7A8BA7B3F80,1,['Arena'],Torre Lamberti,"['Sighseeing', 'Centro Fotografia', 'Museo Conte', 'Casa Giulietta', 'Palazzo della Ragione']",Palazzo della Ragione,strategy_nearest,True,0.0034301280975341797,success
04B7ADBA7B3F80,0,['Arena'],Casa Giulietta,"['Centro Fotografia', 'Sighseeing', 'Torre Lamberti', 'Museo Conte', 'Museo Radio']",Teatro Romano,strategy_nearest,False,0.0026252269744873047,success
04B7AEBA7B3F80,1,"['Museo Lapidario', 'Arena', 'Casa Giulietta', 'Duomo']",Castelvecchio,"['Verona Tour', 'Museo Radio', 'San Zeno', 'Sighseeing', 'Museo Miniscalchi']",San Zeno,strategy_nearest,True,0.002362966537475586,success
04B7AE429C4C80,2,['Torre Lamberti'],Duomo,"['AMO', 'Museo Miniscalchi', 'Santa Anastasia', 'Teatro Romano', 'Palazzo della Ragione']",Casa Giulietta,strategy_nearest,False,0.003427743911743164,success
04B7B3BA7B3F80,1,"['Duomo', 'Arena', 'Teatro Romano']",Torre Lamberti,"['Sighseeing', 'Centro Fotografia', 'Museo Conte', 'Casa Giulietta', 'Palazzo della Ragione']",Palazzo della Ragione,strategy_nearest,True,0.003282785415649414,success
04B7B4BA7B3F80,3,"['Casa Giulietta', 'San Fermo', 'Teatro Romano']",Duomo,"['AMO', 'Museo Miniscalchi', 'Santa Anastasia', 'Palazzo della Ragione', 'Museo Conte']",Santa Anastasia,strategy_nearest,True,0.0026438236236572266,success
04B7B9BA7B3F80,1,"['Arena', 'Castelvecchio', 'San Zeno', 'Torre Lamberti']",Palazzo della Ragione,"['AMO', 'Museo Conte', 'Centro Fotografia', 'Sighseeing', 'Santa Anastasia']",Santa Anastasia,strategy_nearest,True,0.0024569034576416016,success
04B7BABA7B3F80,3,"['Arena', 'Museo Lapidario', 'Castelvecchio']",San Zeno,"['Verona Tour', 'Museo Miniscalchi', 'Sighseeing', 'Museo Radio', 'Torre Lamberti']",Torre Lamberti,strategy_nearest,True,0.0025708675384521484,success
04B7BB429C4C80,0,['Arena'],Casa Giulietta,"['Centro Fotografia', 'Sighseeing', 'Torre Lamberti', 'Museo Conte', 'Museo Radio']",Torre Lamberti,strategy_nearest,True,0.0024878978729248047,success
04B7BFBA7B3F80,1,"['Duomo', 'Arena', 'Teatro Romano']",Torre Lamberti,"['Sighseeing', 'Centro Fotografia', 'Museo Conte', 'Casa Giulietta', 'Palazzo della Ragione']",Palazzo della Ragione,strategy_nearest,True,0.0026521682739257812,success
04B7C0BA7B3F80,3,"['Casa Giulietta', 'Torre Lamberti', 'Duomo']",Teatro Romano,"['Santa Anastasia', 'AMO', 'Palazzo della Ragione', 'Museo Conte', 'Centro Fotografia']",Castelvecchio,strategy_nearest,False,0.001898050308227539,success
04B7C4429C4C80,1,"['Castelvecchio', 'Arena', 'Casa Giulietta']",Santa Anastasia,"['AMO', 'Museo Conte', 'Palazzo della Ragione', 'Teatro Romano', 'Centro Fotografia']",Duomo,strategy_nearest,False,0.0029120445251464844,success
04B7C5429C4C80,1,"['Arena', 'Casa Giulietta', 'Torre Lamberti']",Palazzo della Ragione,"['AMO', 'Museo Conte', 'Centro Fotografia', 'Sighseeing', 'Santa Anastasia']",Santa Anastasia,strategy_nearest,True,0.0026540756225585938,success
04B7C1429C4C80,2,"['Castelvecchio', 'San Zeno']",Santa Anastasia,"['AMO', 'Museo Conte', 'Palazzo della Ragione', 'Teatro Romano', 'Centro Fotografia']",Torre Lamberti,strategy_nearest,False,0.003055095672607422,success
04B7C5BA7B3F80,1,"['Castelvecchio', 'Torre Lamberti']",Palazzo della Ragione,"['AMO', 'Museo Conte', 'Centro Fotografia', 'Sighseeing', 'Santa Anastasia']",Casa Giulietta,strategy_nearest,False,0.002340078353881836,success
04B7C6BA7B3F80,3,"['Arena', 'Museo Lapidario', 'Castelvecchio']",San Zeno,"['Verona Tour', 'Museo Miniscalchi', 'Sighseeing', 'Museo Radio', 'Torre Lamberti']",Casa Giulietta,strategy_nearest,False,0.0027036666870117188,success
04B7C8429C4C80,1,"['Casa Giulietta', 'Torre Lamberti', 'Palazzo della Ragione']",Castelvecchio,"['Museo Lapidario', 'Verona Tour', 'Arena', 'Museo Radio', 'San Zeno']",Arena,strategy_nearest,True,0.0020627975463867188,success
04B7CBBA7B3F80,1,"['Duomo', 'Castelvecchio', 'Arena', 'San Zeno']",Torre Lamberti,"['Sighseeing', 'Centro Fotografia', 'Museo Conte', 'Casa Giulietta', 'Palazzo della Ragione']",Palazzo della Ragione,strategy_nearest,True,0.003492116928100586,success
04B7E43A9C4C80,3,"['Arena', 'Casa Giulietta', 'Santa Anastasia']",Duomo,"['AMO', 'Museo Miniscalchi', 'Teatro Romano', 'Palazzo della Ragione', 'Museo Conte']",Teatro Romano,strategy_nearest,True,0.0036330223083496094,success
04B80A3A9C4C84,0,"['San Zeno', 'Arena']",Casa Giulietta,"['Centro Fotografia', 'Sighseeing', 'Torre Lamberti', 'Museo Conte', 'Museo Radio']",Torre Lamberti,strategy_nearest,True,0.002972841262817383,success
04B7FD3A9C4C80,0,['Arena'],Castelvecchio,"['Museo Lapidario', 'Verona Tour', 'Museo Radio', 'San Zeno', 'Sighseeing']",Torre Lamberti,strategy_nearest,False,0.0028290748596191406,success
04B7FDBA7B3F80,3,"['Arena', 'Casa Giulietta']",Torre Lamberti,"['Sighseeing', 'Centro Fotografia', 'Museo Conte', 'Palazzo della Ragione', 'AMO']",Santa Anastasia,strategy_nearest,False,0.003408193588256836,success
04B84D3A9C4C80,1,"['Casa Giulietta', 'Torre Lamberti', 'Palazzo della Ragione']",San Fermo,"['Museo Storia', 'Museo Radio', 'Centro Fotografia', 'Arena', 'Sighseeing']",Castelvecchio,strategy_nearest,False,0.0026450157165527344,success
04B851BA7B3F80,0,['Arena'],Giardino Giusti,"['Santa Anastasia', 'Teatro Romano', 'Museo Conte', 'Centro Fotografia', 'Museo Storia']",Castelvecchio,strategy_nearest,False,0.002122163772583008,success
04B8794A9C4C80,3,"['Torre Lamberti', 'Arena']",Castelvecchio,"['Museo Lapidario', 'Verona Tour', 'Museo Radio', 'San Zeno', 'Sighseeing']",Santa Anastasia,strategy_nearest,False,0.003091096878051758,success
04B852BA7B3F80,0,['Arena'],Casa Giulietta,"['Centro Fotografia', 'Sighseeing', 'Torre Lamberti', 'Museo Conte', 'Museo Radio']",Castelvecchio,strategy_nearest,False,0.0027320384979248047,success
04B87ABA7B3F80,1,"['Castelvecchio', 'Arena']",Casa Giulietta,"['Centro Fotografia', 'Sighseeing', 'Torre Lamberti', 'Museo Conte', 'Museo Radio']",Torre Lamberti,strategy_nearest,True,0.002663850784301758,success
04B8873A9C4C80,1,"['Arena', 'Museo Lapidario', 'Casa Giulietta', 'Palazzo della Ragione']",Torre Lamberti,"['Sighseeing', 'Centro Fotografia', 'Museo Conte', 'AMO', 'Museo Miniscalchi']",Teatro Romano,strategy_nearest,False,0.0032660961151123047,success
04B87D429C4C80,1,"['Arena', 'Casa Giulietta']",Torre Lamberti,"['Sighseeing', 'Centro Fotografia', 'Museo Conte', 'Palazzo della Ragione', 'AMO']",Palazzo della Ragione,strategy_nearest,True,0.002184152603149414,success
04B8863A9C4C80,2,"['Casa Giulietta', 'Palazzo della Ragione']",Torre Lamberti,"['Sighseeing', 'Centro Fotografia', 'Museo Conte', 'AMO', 'Museo Miniscalchi']",Castelvecchio,strategy_nearest,False,0.0028612613677978516,success
04B8894A9C4C80,3,"['Arena', 'Casa Giulietta']",Santa Anastasia,"['AMO', 'Museo Conte', 'Palazzo della Ragione', 'Teatro Romano', 'Centro Fotografia']",Duomo,strategy_nearest,False,0.002129077911376953,success
04B889429C4C80,0,['Arena'],Santa Anastasia,"['AMO', 'Museo Conte', 'Palazzo della Ragione', 'Teatro Romano', 'Centro Fotografia']",Tomba Giulietta,strategy_nearest,False,0.0021021366119384766,success
04B88B429C4C80,2,['Tomba Giulietta'],Castelvecchio,"['Museo Lapidario', 'Verona Tour', 'Arena', 'Museo Radio', 'San Zeno']",Torre Lamberti,strategy_nearest,False,0.0026710033416748047,success
04B892429C4C80,0,['Casa Giulietta'],Torre Lamberti,"['Sighseeing', 'Centro Fotografia', 'Museo Conte', 'Palazzo della Ragione', 'AMO']",Arena,strategy_nearest,False,0.0024149417877197266,success
04B892BA7B3F80,1,"['Castelvecchio', 'Arena', 'Torre Lamberti']",Palazzo della Ragione,"['AMO', 'Museo Conte', 'Centro Fotografia', 'Sighseeing', 'Santa Anastasia']",Casa Giulietta,strategy_nearest,False,0.00261688232421875,success
04B8AABA7B3F80,1,"['Santa Anastasia', 'Teatro Romano', 'San Fermo', 'Casa Giulietta']",Torre Lamberti,"['Sighseeing', 'Centro Fotografia', 'Museo Conte', 'Palazzo della Ragione', 'AMO']",Palazzo della Ragione,strategy_nearest,True,0.0019659996032714844,success
04B89EBA7B3F80,1,"['Santa Anastasia', 'Teatro Romano', 'San Fermo', 'Casa Giulietta']",Torre Lamberti,"['Sighseeing', 'Centro Fotografia', 'Museo Conte', 'Palazzo della Ragione', 'AMO']",Palazzo della Ragione,strategy_nearest,True,0.0032629966735839844,success
04B8B7BA7B3F80,1,"['Arena', 'Casa Giulietta', 'Torre Lamberti', 'Palazzo della Ragione', 'Santa Anastasia']",Duomo,"['AMO', 'Museo Miniscalchi', 'Teatro Romano', 'Museo Conte', 'Centro Fotografia']",Teatro Romano,strategy_nearest,True,0.002805948257446289,success
04B8B6BA7B3F80,0,['Casa Giulietta'],San Fermo,"['Museo Storia', 'Museo Radio', 'Centro Fotografia', 'Arena', 'Sighseeing']",Arena,strategy_nearest,True,0.002195119857788086,success
04B8C2BA7B3F80,0,['Casa Giulietta'],San Fermo,"['Museo Storia', 'Museo Radio', 'Centro Fotografia', 'Arena', 'Sighseeing']",Arena,strategy_nearest,True,0.0027811527252197266,success
04B8C1429C4C80,3,"['Arena', 'Casa Giulietta']",Torre Lamberti,"['Sighseeing', 'Centro Fotografia', 'Museo Conte', 'Palazzo della Ragione', 'AMO']",Santa Anastasia,strategy_nearest,False,0.003495931625366211,success
04B8C7BA7B3F80,1,"['Castelvecchio', 'Casa Giulietta', 'Arena']",Museo Lapidario,"['Verona Tour', 'Museo Radio', 'San Fermo', 'Tomba Giulietta', 'Sighseeing']",Torre Lamberti,strategy_nearest,False,0.002549886703491211,success
04B8C9429C4C80,0,['Casa Giulietta'],Torre Lamberti,"['Sighseeing', 'Centro Fotografia', 'Museo Conte', 'Palazzo della Ragione', 'AMO']",Arena,strategy_nearest,False,0.003361225128173828,success
04B8C4429C4C80,0,['Arena'],Casa Giulietta,"['Centro Fotografia', 'Sighseeing', 'Torre Lamberti', 'Museo Conte', 'Museo Radio']",Santa Anastasia,strategy_nearest,False,0.003381967544555664,success
04B8C8429C4C80,3,"['Arena', 'Casa Giulietta']",Torre Lamberti,"['Sighseeing', 'Centro Fotografia', 'Museo Conte', 'Palazzo della Ragione', 'AMO']",Santa Anastasia,strategy_nearest,False,0.0027141571044921875,success
04B8C9BA7B3F80,1,"['Arena', 'Casa Giulietta']",Palazzo della Ragione,"['AMO', 'Museo Conte', 'Torre Lamberti', 'Centro Fotografia', 'Sighseeing']",Torre Lamberti,strategy_nearest,True,0.002349853515625,success
04B8D3BA7B3F80,0,"['Castelvecchio', 'Arena', 'Casa Giulietta']",Torre Lamberti,"['Sighseeing', 'Centro Fotografia', 'Museo Conte', 'Palazzo della Ragione', 'AMO']",Giardino Giusti,strategy_nearest,False,0.0018661022186279297,success
04B8F43A9C4C80,0,['Arena'],Casa Giulietta,"['Centro Fotografia', 'Sighseeing', 'Torre Lamberti', 'Museo Conte', 'Museo Radio']",Castelvecchio,strategy_nearest,False,0.0027687549591064453,success
04B8FE3A9C4C80,1,"['Arena', 'Casa Giulietta']",Palazzo della Ragione,"['AMO', 'Museo Conte', 'Torre Lamberti', 'Centro Fotografia', 'Sighseeing']",Torre Lamberti,strategy_nearest,True,0.003381967544555664,success
04B9043A9C4C84,3,"['Torre Lamberti', 'Santa Anastasia', 'Casa Giulietta']",Arena,"['Verona Tour', 'Museo Lapidario', 'Museo Radio', 'San Fermo', 'Sighseeing']",Castelvecchio,strategy_nearest,False,0.0033979415893554688,success
04B90D3A9C4C84,1,"['Tomba Giulietta', 'Castelvecchio', 'Arena', 'San Fermo']",Casa Giulietta,"['Centro Fotografia', 'Sighseeing', 'Torre Lamberti', 'Museo Conte', 'Museo Radio']",Santa Anastasia,strategy_nearest,False,0.002846240997314453,success
04B9183A9C4C84,1,['Arena'],Casa Giulietta,"['Centro Fotografia', 'Sighseeing', 'Torre Lamberti', 'Museo Conte', 'Museo Radio']",Torre Lamberti,strategy_nearest,True,0.0028159618377685547,success
04B931429C4C80,0,"['Arena', 'Casa Giulietta']",Tomba Giulietta,"['San Fermo', 'Museo Storia', 'Museo Lapidario', 'Museo Radio', 'Verona Tour']",Teatro Romano,strategy_nearest,False,0.0030007362365722656,success
04B91DBA7B3F84,0,['Arena'],Casa Giulietta,"['Centro Fotografia', 'Sighseeing', 'Torre Lamberti', 'Museo Conte', 'Museo Radio']",Castelvecchio,strategy_nearest,False,0.003681182861328125,success
04B93FBA7B3F80,3,"['Castelvecchio', 'Torre Lamberti']",Arena,"['Verona Tour', 'Museo Lapidario', 'Museo Radio', 'San Fermo', 'Casa Giulietta']",San Fermo,strategy_nearest,True,0.0026111602783203125,success
04B93C429C4C80,3,"['Castelvecchio', 'Arena', 'San Fermo']",Casa Giulietta,"['Centro Fotografia', 'Sighseeing', 'Torre Lamberti', 'Museo Conte', 'Museo Radio']",Torre Lamberti,strategy_nearest,True,0.0027608871459960938,success
04B94F3A9C4C80,0,['Arena'],Teatro Romano,"['Santa Anastasia', 'Duomo', 'AMO', 'Palazzo della Ragione', 'Museo Conte']",Torre Lamberti,strategy_nearest,False,0.003301858901977539,success
04B935BA7B3F80,1,"['Arena', 'Museo Lapidario', 'Castelvecchio', 'Casa Giulietta']",Torre Lamberti,"['Sighseeing', 'Centro Fotografia', 'Museo Conte', 'Palazzo della Ragione', 'AMO']",Palazzo della Ragione,strategy_nearest,True,0.002885103225708008,success
04B972BA7B3F80,1,"['Arena', 'Casa Giulietta', 'Museo Storia', 'Teatro Romano', 'Museo Lapidario']",San Zeno,"['Castelvecchio', 'Verona Tour', 'Museo Miniscalchi', 'Sighseeing', 'Museo Radio']",Castelvecchio,strategy_nearest,True,0.002017974853515625,success
04B97DBA7B3F80,3,"['Arena', 'Castelvecchio']",Torre Lamberti,"['Sighseeing', 'Centro Fotografia', 'Museo Conte', 'Casa Giulietta', 'Palazzo della Ragione']",San Zeno,strategy_nearest,False,0.002000093460083008,success
04B97C4A9C4C80,1,['Arena'],Casa Giulietta,"['Centro Fotografia', 'Sighseeing', 'Torre Lamberti', 'Museo Conte', 'Museo Radio']",Palazzo della Ragione,strategy_nearest,False,0.003512144088745117,success
04B97E4A9C4C80,1,"['Arena', 'Torre Lamberti']",Palazzo della Ragione,"['AMO', 'Museo Conte', 'Centro Fotografia', 'Sighseeing', 'Santa Anastasia']",Casa Giulietta,strategy_nearest,False,0.0036661624908447266,success
04B9823A9C4C80,1,"['Arena', 'Torre Lamberti']",Santa Anastasia,"['AMO', 'Museo Conte', 'Palazzo della Ragione', 'Teatro Romano', 'Centro Fotografia']",San Fermo,strategy_nearest,False,0.0019419193267822266,success
04B9803A9C4C80,0,['Casa Giulietta'],Torre Lamberti,"['Sighseeing', 'Centro Fotografia', 'Museo Conte', 'Palazzo della Ragione', 'AMO']",Arena,strategy_nearest,False,0.002891063690185547,success
04B98F429C4C80,3,"['Arena', 'Casa Giulietta']",San Fermo,"['Museo Storia', 'Museo Radio', 'Centro Fotografia', 'Sighseeing', 'Torre Lamberti']",Santa Anastasia,strategy_nearest,False,0.0035440921783447266,success
04B98E4A9C4C80,1,['Arena'],Torre Lamberti,"['Sighseeing', 'Centro Fotografia', 'Museo Conte', 'Casa Giulietta', 'Palazzo della Ragione']",Palazzo della Ragione,strategy_nearest,True,0.002608060836791992,success
04B992429C4C80,1,"['Arena', 'Castelvecchio', 'Casa Giulietta']",Torre Lamberti,"['Sighseeing', 'Centro Fotografia', 'Museo Conte', 'Palazzo della Ragione', 'AMO']",Palazzo della Ragione,strategy_nearest,True,0.0029060840606689453,success
04B99F429C4C80,0,['Arena'],Casa Giulietta,"['Centro Fotografia', 'Sighseeing', 'Torre Lamberti', 'Museo Conte', 'Museo Radio']",Torre Lamberti,strategy_nearest,True,0.0034492015838623047,success
04B9A53A9C4C80,3,"['Arena', 'Casa Giulietta']",Torre Lamberti,"['Sighseeing', 'Centro Fotografia', 'Museo Conte', 'Palazzo della Ragione', 'AMO']",Santa Anastasia,strategy_nearest,False,0.003300905227661133,success
04B9A772743380,1,"['Arena', 'Tomba Giulietta', 'Torre Lamberti']",Santa Anastasia,"['AMO', 'Museo Conte', 'Palazzo della Ragione', 'Teatro Romano', 'Centro Fotografia']",San Zeno,strategy_nearest,False,0.002702951431274414,success
04B9AD429C4C80,3,"['Arena', 'Casa Giulietta']",Santa Anastasia,"['AMO', 'Museo Conte', 'Palazzo della Ragione', 'Teatro Romano', 'Centro Fotografia']",Duomo,strategy_nearest,False,0.0033032894134521484,success
04B9B7429C4C80,0,['Arena'],Casa Giulietta,"['Centro Fotografia', 'Sighseeing', 'Torre Lamberti', 'Museo Conte', 'Museo Radio']",Torre Lamberti,strategy_nearest,True,0.0023910999298095703,success
04B9A472743380,3,"['Arena', 'Torre Lamberti', 'Casa Giulietta']",Santa Anastasia,"['AMO', 'Museo Conte', 'Palazzo della Ragione', 'Teatro Romano', 'Centro Fotografia']",Teatro Romano,strategy_nearest,True,0.0026350021362304688,success
04B9CD3A9C4C80,1,"['Arena', 'Casa Giulietta', 'Torre Lamberti']",Palazzo della Ragione,"['AMO', 'Museo Conte', 'Centro Fotografia', 'Sighseeing', 'Santa Anastasia']",Santa Anastasia,strategy_nearest,True,0.002022266387939453,success
04B9B9429C4C80,3,"['Arena', 'Torre Lamberti']",Casa Giulietta,"['Centro Fotografia', 'Sighseeing', 'Museo Conte', 'Museo Radio', 'Palazzo della Ragione']",Duomo,strategy_nearest,False,0.002840757369995117,success
04B9E83A9C4C80,3,"['Arena', 'Casa Giulietta', 'Torre Lamberti']",Santa Anastasia,"['AMO', 'Museo Conte', 'Palazzo della Ragione', 'Teatro Romano', 'Centro Fotografia']",Teatro Romano,strategy_nearest,True,0.0027320384979248047,success
04B9CE3A9C4C80,3,"['Arena', 'Casa Giulietta']",Torre Lamberti,"['Sighseeing', 'Centro Fotografia', 'Museo Conte', 'Palazzo della Ragione', 'AMO']",Santa Anastasia,strategy_nearest,False,0.0026950836181640625,success
04B9FFBA7B3F80,0,"['Arena', 'Castelvecchio']",Casa Giulietta,"['Centro Fotografia', 'Sighseeing', 'Torre Lamberti', 'Museo Conte', 'Museo Radio']",Teatro Romano,strategy_nearest,False,0.002851247787475586,success
04B9ECBA7B3F80,0,"['Giardino Giusti', 'Teatro Romano']",Arena,"['Verona Tour', 'Museo Lapidario', 'Museo Radio', 'San Fermo', 'Casa Giulietta']",Tomba Giulietta,strategy_nearest,False,0.0022017955780029297,success
04BA053A9C4C84,6,['Arena'],Verona Tour,"['Museo Lapidario', 'Castelvecchio', 'Museo Radio', 'Casa Giulietta', 'Sighseeing']",Castelvecchio,strategy_nearest,True,0.0027289390563964844,success
04BA08BA7B3F84,2,['Torre Lamberti'],Casa Giulietta,"['Centro Fotografia', 'Sighseeing', 'Museo Conte', 'Museo Radio', 'Palazzo della Ragione']",Castelvecchio,strategy_nearest,False,0.0029556751251220703,success
04BA0D3A9C4C84,1,"['Arena', 'Santa Anastasia', 'Castelvecchio']",San Zeno,"['Verona Tour', 'Museo Lapidario', 'Museo Miniscalchi', 'Sighseeing', 'Museo Radio']",San Fermo,strategy_nearest,False,0.0025861263275146484,success
04BA0FBA7B3F84,0,['Casa Giulietta'],Arena,"['Verona Tour', 'Museo Lapidario', 'Museo Radio', 'San Fermo', 'Sighseeing']",Castelvecchio,strategy_nearest,False,0.0019788742065429688,success
04BA0B3A9C4C84,0,['San Zeno'],Castelvecchio,"['Museo Lapidario', 'Verona Tour', 'Arena', 'Museo Radio', 'Sighseeing']",Arena,strategy_nearest,True,0.002622842788696289,success
04BA17BA7B3F84,0,['Arena'],Castelvecchio,"['Museo Lapidario', 'Verona Tour', 'Museo Radio', 'San Zeno', 'Sighseeing']",Torre Lamberti,strategy_nearest,False,0.0020830631256103516,success
04BA183A9C4C84,0,['Arena'],Casa Giulietta,"['Centro Fotografia', 'Sighseeing', 'Torre Lamberti', 'Museo Conte', 'Museo Radio']",Torre Lamberti,strategy_nearest,True,0.0027959346771240234,success
04BA15BA7B3F84,3,"['Santa Anastasia', 'Arena', 'Castelvecchio']",San Zeno,"['Verona Tour', 'Museo Lapidario', 'Museo Miniscalchi', 'Sighseeing', 'Museo Radio']",Torre Lamberti,strategy_nearest,False,0.0012669563293457031,success
04BA18429C4C80,3,"['Casa Giulietta', 'Torre Lamberti', 'Santa Anastasia']",Duomo,"['AMO', 'Museo Miniscalchi', 'Teatro Romano', 'Palazzo della Ragione', 'Museo Conte']",Arena,strategy_nearest,False,0.0032923221588134766,success
04BA1DBA7B3F84,3,"['Santa Anastasia', 'Teatro Romano', 'Casa Giulietta']",Arena,"['Verona Tour', 'Museo Lapidario', 'Museo Radio', 'San Fermo', 'Sighseeing']",Torre Lamberti,strategy_nearest,False,0.0026259422302246094,success
04BA20BA7B3F84,3,"['Santa Anastasia', 'Arena', 'Castelvecchio']",San Zeno,"['Verona Tour', 'Museo Lapidario', 'Museo Miniscalchi', 'Sighseeing', 'Museo Radio']",Torre Lamberti,strategy_nearest,False,0.0018420219421386719,success
04BA243A9C4C84,1,"['Casa Giulietta', 'Tomba Giulietta', 'Arena', 'Torre Lamberti']",Palazzo della Ragione,"['AMO', 'Museo Conte', 'Centro Fotografia', 'Sighseeing', 'Santa Anastasia']",Santa Anastasia,strategy_nearest,True,0.002685070037841797,success
04BA27BA7B3F84,3,"['Santa Anastasia', 'Teatro Romano', 'Casa Giulietta']",Arena,"['Verona Tour', 'Museo Lapidario', 'Museo Radio', 'San Fermo', 'Sighseeing']",Torre Lamberti,strategy_nearest,False,0.002655029296875,success
04BA28BA7B3F84,0,"['Casa Giulietta', 'Torre Lamberti']",Castelvecchio,"['Museo Lapidario', 'Verona Tour', 'Arena', 'Museo Radio', 'San Zeno']",Arena,strategy_nearest,True,0.0026280879974365234,success
04BA24BA7B3F80,3,"['Arena', 'Casa Giulietta', 'San Fermo']",San Zeno,"['Castelvecchio', 'Verona Tour', 'Museo Lapidario', 'Museo Miniscalchi', 'Sighseeing']",Duomo,strategy_nearest,False,0.0020678043365478516,success
04BA30BA7B3F80,1,"['Casa Giulietta', 'Tomba Giulietta', 'Museo Lapidario']",Arena,"['Verona Tour', 'Museo Radio', 'San Fermo', 'Sighseeing', 'Castelvecchio']",Castelvecchio,strategy_nearest,True,0.0022521018981933594,success
04BA39429C4C80,1,"['Arena', 'Castelvecchio']",Torre Lamberti,"['Sighseeing', 'Centro Fotografia', 'Museo Conte', 'Casa Giulietta', 'Palazzo della Ragione']",Palazzo della Ragione,strategy_nearest,True,0.001977205276489258,success
04BA41BA7B3F80,0,"['Arena', 'Castelvecchio']",Casa Giulietta,"['Centro Fotografia', 'Sighseeing', 'Torre Lamberti', 'Museo Conte', 'Museo Radio']",Teatro Romano,strategy_nearest,False,0.002112865447998047,success
04BA42429C4C80,3,"['Arena', 'Museo Lapidario', 'Castelvecchio']",Casa Giulietta,"['Centro Fotografia', 'Sighseeing', 'Torre Lamberti', 'Museo Conte', 'Museo Radio']",Torre Lamberti,strategy_nearest,True,0.003159046173095703,success
04BA3E3A9C4C80,0,['Torre Lamberti'],Casa Giulietta,"['Centro Fotografia', 'Sighseeing', 'Museo Conte', 'Museo Radio', 'Palazzo della Ragione']",Arena,strategy_nearest,False,0.0035409927368164062,success
04BA56BA7B3F80,1,"['Castelvecchio', 'Tomba Giulietta', 'Palazzo della Ragione', 'Casa Giulietta']",Torre Lamberti,"['Sighseeing', 'Centro Fotografia', 'Museo Conte', 'AMO', 'Museo Miniscalchi']",San Fermo,strategy_nearest,False,0.0032761096954345703,success
04BA65BA7B3F80,1,"['Arena', 'Casa Giulietta', 'Tomba Giulietta', 'San Fermo', 'Torre Lamberti']",Palazzo della Ragione,"['AMO', 'Museo Conte', 'Centro Fotografia', 'Sighseeing', 'Santa Anastasia']",Santa Anastasia,strategy_nearest,True,0.003412961959838867,success
04BA5B429C4C80,0,"['Casa Giulietta', 'Torre Lamberti']",Arena,"['Verona Tour', 'Museo Lapidario', 'Museo Radio', 'San Fermo', 'Sighseeing']",Teatro Romano,strategy_nearest,False,0.0020940303802490234,success
04BA59BA7B3F80,3,"['Arena', 'Torre Lamberti']",Casa Giulietta,"['Centro Fotografia', 'Sighseeing', 'Museo Conte', 'Museo Radio', 'Palazzo della Ragione']",Santa Anastasia,strategy_nearest,False,0.0028400421142578125,success
04BA68BA7B3F80,0,"['Arena', 'Casa Giulietta']",Teatro Romano,"['Santa Anastasia', 'Duomo', 'AMO', 'Palazzo della Ragione', 'Museo Conte']",Torre Lamberti,strategy_nearest,False,0.004490852355957031,success
04BA71BA7B3F80,3,"['San Fermo', 'Duomo', 'Teatro Romano']",Castelvecchio,"['Museo Lapidario', 'Verona Tour', 'Arena', 'Museo Radio', 'San Zeno']",Arena,strategy_nearest,True,0.0025599002838134766,success
04BA713A9C4C80,0,['Arena'],Museo Storia,"['San Fermo', 'Museo Radio', 'Casa Giulietta', 'Centro Fotografia', 'Tomba Giulietta']",Casa Giulietta,strategy_nearest,True,0.0035889148712158203,success
04BA6CBA7B3F80,1,"['Casa Giulietta', 'Tomba Giulietta', 'Museo Lapidario']",Arena,"['Verona Tour', 'Museo Radio', 'San Fermo', 'Sighseeing', 'Castelvecchio']",Castelvecchio,strategy_nearest,True,0.0015110969543457031,success
04BA74429C4C80,3,"['Arena', 'Casa Giulietta']",Torre Lamberti,"['Sighseeing', 'Centro Fotografia', 'Museo Conte', 'Palazzo della Ragione', 'AMO']",Santa Anastasia,strategy_nearest,False,0.0031027793884277344,success
04BA7C429C4C80,0,['Arena'],Castelvecchio,"['Museo Lapidario', 'Verona Tour', 'Museo Radio', 'San Zeno', 'Sighseeing']",Torre Lamberti,strategy_nearest,False,0.0026712417602539062,success
04BA804A9C4C80,0,"['Arena', 'Casa Giulietta']",Torre Lamberti,"['Sighseeing', 'Centro Fotografia', 'Museo Conte', 'Palazzo della Ragione', 'AMO']",Teatro Romano,strategy_nearest,False,0.002856016159057617,success
04BA7DBA7B3F80,3,"['Torre Lamberti', 'San Fermo', 'Duomo']",Teatro Romano,"['Santa Anastasia', 'AMO', 'Palazzo della Ragione', 'Museo Conte', 'Centro Fotografia']",Castelvecchio,strategy_nearest,False,0.0022928714752197266,success
04BA7D3A9C4C80,1,['Arena'],Casa Giulietta,"['Centro Fotografia', 'Sighseeing', 'Torre Lamberti', 'Museo Conte', 'Museo Radio']",Palazzo della Ragione,strategy_nearest,False,0.0014848709106445312,success
04BA87BA7B3F80,3,"['Castelvecchio', 'Torre Lamberti']",Arena,"['Verona Tour', 'Museo Lapidario', 'Museo Radio', 'San Fermo', 'Casa Giulietta']",San Fermo,strategy_nearest,True,0.003351926803588867,success
04BA89BA7B3F80,1,"['Arena', 'Casa Giulietta', 'Torre Lamberti']",Palazzo della Ragione,"['AMO', 'Museo Conte', 'Centro Fotografia', 'Sighseeing', 'Santa Anastasia']",Teatro Romano,strategy_nearest,False,0.002276897430419922,success
04BA95BA7B3F80,1,"['Tomba Giulietta', 'Arena', 'Casa Giulietta']",Torre Lamberti,"['Sighseeing', 'Centro Fotografia', 'Museo Conte', 'Palazzo della Ragione', 'AMO']",Palazzo della Ragione,strategy_nearest,True,0.002891063690185547,success
04BA90BA7B3F80,1,"['Teatro Romano', 'Santa Anastasia']",Castelvecchio,"['Museo Lapidario', 'Verona Tour', 'Arena', 'Museo Radio', 'San Zeno']",Arena,strategy_nearest,True,0.0014729499816894531,success
04BA944A9C4C80,1,"['Arena', 'Casa Giulietta']",Palazzo della Ragione,"['AMO', 'Museo Conte', 'Torre Lamberti', 'Centro Fotografia', 'Sighseeing']",Torre Lamberti,strategy_nearest,True,0.0035400390625,success
04BA9CBA7B3F80,1,"['Teatro Romano', 'Santa Anastasia', 'Castelvecchio']",Arena,"['Verona Tour', 'Museo Lapidario', 'Museo Radio', 'San Fermo', 'Casa Giulietta']",Casa Giulietta,strategy_nearest,True,0.001377105712890625,success
04BAA1BA7B3F80,3,"['Arena', 'Casa Giulietta', 'San Zeno']",Castelvecchio,"['Museo Lapidario', 'Verona Tour', 'Museo Radio', 'Sighseeing', 'Museo Miniscalchi']",Tomba Giulietta,strategy_nearest,False,0.0020227432250976562,success
04BAA83A9C4C80,0,['Arena'],Casa Giulietta,"['Centro Fotografia', 'Sighseeing', 'Torre Lamberti', 'Museo Conte', 'Museo Radio']",Torre Lamberti,strategy_nearest,True,0.002585887908935547,success
04BAA472743380,3,"['Casa Giulietta', 'Duomo', 'Santa Anastasia']",San Fermo,"['Museo Storia', 'Museo Radio', 'Centro Fotografia', 'Arena', 'Sighseeing']",Arena,strategy_nearest,True,0.0029211044311523438,success
04BAA8BA7B3F80,5,"['Arena', 'Castelvecchio', 'Museo Lapidario', 'San Fermo', 'Torre Lamberti']",Palazzo della Ragione,"['AMO', 'Museo Conte', 'Centro Fotografia', 'Sighseeing', 'Santa Anastasia']",Santa Anastasia,strategy_nearest,True,0.0030889511108398438,success
04BAA8429C4C80,1,"['Arena', 'Casa Giulietta']",Palazzo della Ragione,"['AMO', 'Museo Conte', 'Torre Lamberti', 'Centro Fotografia', 'Sighseeing']",Teatro Romano,strategy_nearest,False,0.0025169849395751953,success
04BAAA429C4C80,1,['Arena'],Torre Lamberti,"['Sighseeing', 'Centro Fotografia', 'Museo Conte', 'Casa Giulietta', 'Palazzo della Ragione']",Palazzo della Ragione,strategy_nearest,True,0.0024199485778808594,success
04BAADBA7B3F80,1,"['Arena', 'Santa Anastasia', 'Duomo']",Castelvecchio,"['Museo Lapidario', 'Verona Tour', 'Museo Radio', 'San Zeno', 'Sighseeing']",Palazzo della Ragione,strategy_nearest,False,0.002095937728881836,success
04BAB1429C4C80,3,"['Arena', 'Casa Giulietta']",Santa Anastasia,"['AMO', 'Museo Conte', 'Palazzo della Ragione', 'Teatro Romano', 'Centro Fotografia']",Duomo,strategy_nearest,False,0.0027709007263183594,success
04BAB4BA7B3F80,5,"['Arena', 'Castelvecchio', 'Museo Lapidario', 'San Fermo', 'Torre Lamberti']",Palazzo della Ragione,"['AMO', 'Museo Conte', 'Centro Fotografia', 'Sighseeing', 'Santa Anastasia']",Santa Anastasia,strategy_nearest,True,0.0033397674560546875,success
04BAC1429C4C80,1,"['Castelvecchio', 'Arena', 'Tomba Giulietta', 'San Fermo']",Casa Giulietta,"['Centro Fotografia', 'Sighseeing', 'Torre Lamberti', 'Museo Conte', 'Museo Radio']",Palazzo della Ragione,strategy_nearest,False,0.0025191307067871094,success
04BAB9BA7B3F80,1,"['Arena', 'Santa Anastasia', 'Duomo']",Castelvecchio,"['Museo Lapidario', 'Verona Tour', 'Museo Radio', 'San Zeno', 'Sighseeing']",Palazzo della Ragione,strategy_nearest,False,0.0032570362091064453,success
04BAC0BA7B3F80,0,"['Arena', 'Casa Giulietta']",Torre Lamberti,"['Sighseeing', 'Centro Fotografia', 'Museo Conte', 'Palazzo della Ragione', 'AMO']",Tomba Giulietta,strategy_nearest,False,0.0014159679412841797,success
04BAC53A9C4C80,1,"['Teatro Romano', 'Casa Giulietta', 'Arena']",Tomba Giulietta,"['San Fermo', 'Museo Storia', 'Museo Lapidario', 'Museo Radio', 'Verona Tour']",San Fermo,strategy_nearest,True,0.003031015396118164,success
04BAC7BA7B3F80,1,"['Castelvecchio', 'Tomba Giulietta', 'Palazzo della Ragione', 'Casa Giulietta']",Torre Lamberti,"['Sighseeing', 'Centro Fotografia', 'Museo Conte', 'AMO', 'Museo Miniscalchi']",San Fermo,strategy_nearest,False,0.002199888229370117,success
04BAC8BA7B3F80,0,['Arena'],Casa Giulietta,"['Centro Fotografia', 'Sighseeing', 'Torre Lamberti', 'Museo Conte', 'Museo Radio']",Castelvecchio,strategy_nearest,False,0.003459930419921875,success
04BAD1BA7B3F80,1,"['Duomo', 'Casa Giulietta', 'San Fermo']",Castelvecchio,"['Museo Lapidario', 'Verona Tour', 'Arena', 'Museo Radio', 'San Zeno']",Arena,strategy_nearest,True,0.00286102294921875,success
04BACCBA7B3F80,0,"['Arena', 'Casa Giulietta']",Torre Lamberti,"['Sighseeing', 'Centro Fotografia', 'Museo Conte', 'Palazzo della Ragione', 'AMO']",Tomba Giulietta,strategy_nearest,False,0.0026900768280029297,success
04BADDBA7B3F80,3,"['Arena', 'Casa Giulietta', 'San Fermo']",San Zeno,"['Castelvecchio', 'Verona Tour', 'Museo Lapidario', 'Museo Miniscalchi', 'Sighseeing']",Duomo,strategy_nearest,False,0.003454923629760742,success
04BAECBA7B3F80,0,"['Arena', 'Museo Lapidario', 'Giardino Giusti']",Teatro Romano,"['Santa Anastasia', 'Duomo', 'AMO', 'Palazzo della Ragione', 'Museo Conte']",Casa Giulietta,strategy_nearest,False,0.002093791961669922,success
04BAFDBA7B3F80,1,"['Castelvecchio', 'Arena', 'Casa Giulietta']",Palazzo della Ragione,"['AMO', 'Museo Conte', 'Torre Lamberti', 'Centro Fotografia', 'Sighseeing']",Torre Lamberti,strategy_nearest,True,0.0027036666870117188,success
04BB03BA7B3F84,2,"['Torre Lamberti', 'Casa Giulietta']",Castelvecchio,"['Museo Lapidario', 'Verona Tour', 'Arena', 'Museo Radio', 'San Zeno']",Teatro Romano,strategy_nearest,False,0.003190755844116211,success
04BB093A9C4C84,3,"['Arena', 'Casa Giulietta']",Torre Lamberti,"['Sighseeing', 'Centro Fotografia', 'Museo Conte', 'Palazzo della Ragione', 'AMO']",Duomo,strategy_nearest,False,0.0025382041931152344,success
04BB10BA7B3F84,1,"['Santa Anastasia', 'Duomo', 'Castelvecchio', 'Arena']",Torre Lamberti,"['Sighseeing', 'Centro Fotografia', 'Museo Conte', 'Casa Giulietta', 'Palazzo della Ragione']",San Zeno,strategy_nearest,False,0.002599000930786133,success
04BB123A9C4C84,3,"['Torre Lamberti', 'Santa Anastasia', 'Casa Giulietta']",Arena,"['Verona Tour', 'Museo Lapidario', 'Museo Radio', 'San Fermo', 'Sighseeing']",Castelvecchio,strategy_nearest,False,0.0032711029052734375,success
04BB0FBA7B3F80,1,"['Arena', 'Casa Giulietta', 'Torre Lamberti']",Palazzo della Ragione,"['AMO', 'Museo Conte', 'Centro Fotografia', 'Sighseeing', 'Santa Anastasia']",Santa Anastasia,strategy_nearest,True,0.0036160945892333984,success
04BB14BA7B3F80,3,"['Arena', 'Castelvecchio']",Casa Giulietta,"['Centro Fotografia', 'Sighseeing', 'Torre Lamberti', 'Museo Conte', 'Museo Radio']",Duomo,strategy_nearest,False,0.0025177001953125,success
04BB15BA7B3F80,0,"['Arena', 'Castelvecchio']",Casa Giulietta,"['Centro Fotografia', 'Sighseeing', 'Torre Lamberti', 'Museo Conte', 'Museo Radio']",Duomo,strategy_nearest,False,0.0019459724426269531,success
04BB1A3A9C4C84,3,"['Arena', 'Castelvecchio']",Casa Giulietta,"['Centro Fotografia', 'Sighseeing', 'Torre Lamberti', 'Museo Conte', 'Museo Radio']",Santa Anastasia,strategy_nearest,False,0.0025370121002197266,success
04BB1CBA7B3F80,0,['Arena'],Casa Giulietta,"['Centro Fotografia', 'Sighseeing', 'Torre Lamberti', 'Museo Conte', 'Museo Radio']",Castelvecchio,strategy_nearest,False,0.001795053482055664,success
04BB1DBA7B3F84,3,"['Teatro Romano', 'Torre Lamberti', 'Duomo']",Arena,"['Verona Tour', 'Museo Lapidario', 'Museo Radio', 'San Fermo', 'Casa Giulietta']",Castelvecchio,strategy_nearest,False,0.0021660327911376953,success
04BB1ABA7B3F84,3,['Arena'],Torre Lamberti,"['Sighseeing', 'Centro Fotografia', 'Museo Conte', 'Casa Giulietta', 'Palazzo della Ragione']",Castelvecchio,strategy_nearest,False,0.0032148361206054688,success
04BB1BBA7B3F84,3,"['Arena', 'Castelvecchio', 'San Fermo']",Casa Giulietta,"['Centro Fotografia', 'Sighseeing', 'Torre Lamberti', 'Museo Conte', 'Museo Radio']",Torre Lamberti,strategy_nearest,True,0.0033369064331054688,success
04BB22BA7B3F84,1,"['Torre Lamberti', 'Palazzo della Ragione']",Casa Giulietta,"['Centro Fotografia', 'Sighseeing', 'Museo Conte', 'Museo Radio', 'San Fermo']",Arena,strategy_nearest,False,0.0033690929412841797,success
04BB20BA7B3F80,3,"['Arena', 'Torre Lamberti']",Santa Anastasia,"['AMO', 'Museo Conte', 'Palazzo della Ragione', 'Teatro Romano', 'Centro Fotografia']",Duomo,strategy_nearest,False,0.004087924957275391,success
04BB213A9C4C84,1,"['Arena', 'Torre Lamberti', 'Palazzo della Ragione']",Santa Anastasia,"['AMO', 'Museo Conte', 'Teatro Romano', 'Centro Fotografia', 'Duomo']",Teatro Romano,strategy_nearest,True,0.001615285873413086,success
04BB224A9C4C80,3,"['Castelvecchio', 'Arena']",Torre Lamberti,"['Sighseeing', 'Centro Fotografia', 'Museo Conte', 'Casa Giulietta', 'Palazzo della Ragione']",Casa Giulietta,strategy_nearest,True,0.002171039581298828,success
04BB27BA7B3F80,3,"['Arena', 'Torre Lamberti']",Santa Anastasia,"['AMO', 'Museo Conte', 'Palazzo della Ragione', 'Teatro Romano', 'Centro Fotografia']",Duomo,strategy_nearest,False,0.0011751651763916016,success
04BB2DBA7B3F80,3,"['Arena', 'Torre Lamberti']",Santa Anastasia,"['AMO', 'Museo Conte', 'Palazzo della Ragione', 'Teatro Romano', 'Centro Fotografia']",Duomo,strategy_nearest,False,0.0025169849395751953,success
04BB29BA7B3F84,3,"['Teatro Romano', 'Torre Lamberti', 'Duomo']",Arena,"['Verona Tour', 'Museo Lapidario', 'Museo Radio', 'San Fermo', 'Casa Giulietta']",Castelvecchio,strategy_nearest,False,0.0020799636840820312,success
04BB313A9C4C80,1,['Casa Giulietta'],Torre Lamberti,"['Sighseeing', 'Centro Fotografia', 'Museo Conte', 'Palazzo della Ragione', 'AMO']",Palazzo della Ragione,strategy_nearest,True,0.0031671524047851562,success
04BB33BA7B3F80,0,['Arena'],Torre Lamberti,"['Sighseeing', 'Centro Fotografia', 'Museo Conte', 'Casa Giulietta', 'Palazzo della Ragione']",Teatro Romano,strategy_nearest,False,0.0025129318237304688,success
04BB3D3A9C4C80,0,"['Torre Lamberti', 'Casa Giulietta']",San Fermo,"['Museo Storia', 'Museo Radio', 'Centro Fotografia', 'Arena', 'Sighseeing']",Tomba Giulietta,strategy_nearest,False,0.0019609928131103516,success
04BB39BA7B3F80,3,"['Arena', 'Casa Giulietta']",Castelvecchio,"['Museo Lapidario', 'Verona Tour', 'Museo Radio', 'San Zeno', 'Sighseeing']",Torre Lamberti,strategy_nearest,False,0.0020041465759277344,success
04BB403A9C4C80,3,"['Torre Lamberti', 'Santa Anastasia']",Duomo,"['AMO', 'Museo Miniscalchi', 'Teatro Romano', 'Palazzo della Ragione', 'Museo Conte']",Casa Giulietta,strategy_nearest,False,0.0034677982330322266,success
04BB4A429C4C80,1,"['Arena', 'Torre Lamberti']",Palazzo della Ragione,"['AMO', 'Museo Conte', 'Centro Fotografia', 'Sighseeing', 'Santa Anastasia']",Casa Giulietta,strategy_nearest,False,0.002526998519897461,success
04BB3FBA7B3F80,3,"['Casa Giulietta', 'Torre Lamberti']",Santa Anastasia,"['AMO', 'Museo Conte', 'Palazzo della Ragione', 'Teatro Romano', 'Centro Fotografia']",Duomo,strategy_nearest,False,0.0028350353240966797,success
04BB4BBA7B3F80,1,"['Casa Giulietta', 'Torre Lamberti', 'Palazzo della Ragione']",Castelvecchio,"['Museo Lapidario', 'Verona Tour', 'Arena', 'Museo Radio', 'San Zeno']",Arena,strategy_nearest,True,0.0029408931732177734,success
04BB813A9C4C80,3,"['Casa Giulietta', 'Torre Lamberti']",Arena,"['Verona Tour', 'Museo Lapidario', 'Museo Radio', 'San Fermo', 'Sighseeing']",San Fermo,strategy_nearest,True,0.0021059513092041016,success
04BB70429C4C80,3,"['Arena', 'Casa Giulietta']",Torre Lamberti,"['Sighseeing', 'Centro Fotografia', 'Museo Conte', 'Palazzo della Ragione', 'AMO']",Santa Anastasia,strategy_nearest,False,0.0021719932556152344,success
04BB83429C4C80,3,"['Arena', 'Casa Giulietta']",Torre Lamberti,"['Sighseeing', 'Centro Fotografia', 'Museo Conte', 'Palazzo della Ragione', 'AMO']",Santa Anastasia,strategy_nearest,False,0.003118753433227539,success
04BB7A3A9C4C80,0,"['Casa Giulietta', 'Arena']",Castelvecchio,"['Museo Lapidario', 'Verona Tour', 'Museo Radio', 'San Zeno', 'Sighseeing']",Torre Lamberti,strategy_nearest,False,0.003421306610107422,success
04BB884A9C4C80,0,['Arena'],Torre Lamberti,"['Sighseeing', 'Centro Fotografia', 'Museo Conte', 'Casa Giulietta', 'Palazzo della Ragione']",Casa Giulietta,strategy_nearest,True,0.0026421546936035156,success
04BB8F3A9C4C80,0,['Arena'],Casa Giulietta,"['Centro Fotografia', 'Sighseeing', 'Torre Lamberti', 'Museo Conte', 'Museo Radio']",Torre Lamberti,strategy_nearest,True,0.002736806869506836,success
04BB8D3A9C4C80,1,"['Arena', 'Casa Giulietta']",Torre Lamberti,"['Sighseeing', 'Centro Fotografia', 'Museo Conte', 'Palazzo della Ragione', 'AMO']",Palazzo della Ragione,strategy_nearest,True,0.0025169849395751953,success
04BB8E429C4C80,3,"['Teatro Romano', 'Duomo']",San Zeno,"['Castelvecchio', 'Verona Tour', 'Museo Lapidario', 'Arena', 'Museo Miniscalchi']",Torre Lamberti,strategy_nearest,False,0.003454923629760742,success
04BBA672743380,3,['Arena'],Casa Giulietta,"['Centro Fotografia', 'Sighseeing', 'Torre Lamberti', 'Museo Conte', 'Museo Radio']",Santa Anastasia,strategy_nearest,False,0.0021996498107910156,success
04BB944A9C4C80,3,"['Arena', 'Casa Giulietta']",Torre Lamberti,"['Sighseeing', 'Centro Fotografia', 'Museo Conte', 'Palazzo della Ragione', 'AMO']",Santa Anastasia,strategy_nearest,False,0.0016088485717773438,success
04BBA73A9C4C80,1,"['Arena', 'Santa Anastasia']",Torre Lamberti,"['Sighseeing', 'Centro Fotografia', 'Museo Conte', 'Casa Giulietta', 'Palazzo della Ragione']",Palazzo della Ragione,strategy_nearest,True,0.002777099609375,success
04BBB2429C4C80,3,"['Casa Giulietta', 'Arena', 'Torre Lamberti']",Santa Anastasia,"['AMO', 'Museo Conte', 'Palazzo della Ragione', 'Teatro Romano', 'Centro Fotografia']",Duomo,strategy_nearest,False,0.0035369396209716797,success
04BBC0BA7B3F80,1,"['Santa Anastasia', 'Castelvecchio', 'Arena', 'Torre Lamberti']",San Zeno,"['Verona Tour', 'Museo Lapidario', 'Museo Miniscalchi', 'Sighseeing', 'Museo Radio']",Teatro Romano,strategy_nearest,False,0.0017161369323730469,success
04BBB7429C4C80,0,['Duomo'],Teatro Romano,"['Santa Anastasia', 'AMO', 'Palazzo della Ragione', 'Museo Conte', 'Centro Fotografia']",Arena,strategy_nearest,False,0.004103183746337891,success
04BBBD429C4C80,3,"['Arena', 'Casa Giulietta']",Torre Lamberti,"['Sighseeing', 'Centro Fotografia', 'Museo Conte', 'Palazzo della Ragione', 'AMO']",Duomo,strategy_nearest,False,0.002474069595336914,success
04BBC2429C4C80,0,['Arena'],Torre Lamberti,"['Sighseeing', 'Centro Fotografia', 'Museo Conte', 'Casa Giulietta', 'Palazzo della Ragione']",Casa Giulietta,strategy_nearest,True,0.003267049789428711,success
04BBCCBA7B3F80,0,['Torre Lamberti'],Casa Giulietta,"['Centro Fotografia', 'Sighseeing', 'Museo Conte', 'Museo Radio', 'Palazzo della Ragione']",San Zeno,strategy_nearest,False,0.00292205810546875,success
04BBD8BA7B3F80,1,"['Santa Anastasia', 'Casa Giulietta', 'San Fermo', 'Arena', 'Teatro Romano']",Duomo,"['AMO', 'Museo Miniscalchi', 'Palazzo della Ragione', 'Museo Conte', 'Torre Lamberti']",Museo Lapidario,strategy_nearest,False,0.0026328563690185547,success
04BBDFBA7B3F80,0,['Casa Giulietta'],Arena,"['Verona Tour', 'Museo Lapidario', 'Museo Radio', 'San Fermo', 'Sighseeing']",Castelvecchio,strategy_nearest,False,0.003256082534790039,success
04BBD63A9C4C80,3,"['Arena', 'Duomo']",Santa Anastasia,"['AMO', 'Museo Conte', 'Palazzo della Ragione', 'Teatro Romano', 'Centro Fotografia']",Casa Giulietta,strategy_nearest,False,0.0022420883178710938,success
04BBE8BA7B3F80,0,"['Casa Giulietta', 'Torre Lamberti']",Castelvecchio,"['Museo Lapidario', 'Verona Tour', 'Arena', 'Museo Radio', 'San Zeno']",Arena,strategy_nearest,True,0.002813100814819336,success
04BC14BA7B3F80,3,"['Arena', 'Casa Giulietta']",Santa Anastasia,"['AMO', 'Museo Conte', 'Palazzo della Ragione', 'Teatro Romano', 'Centro Fotografia']",Castelvecchio,strategy_nearest,False,0.00321197509765625,success
04BBEBBA7B3F80,1,"['Duomo', 'Arena', 'Casa Giulietta']",Torre Lamberti,"['Sighseeing', 'Centro Fotografia', 'Museo Conte', 'Palazzo della Ragione', 'AMO']",Palazzo della Ragione,strategy_nearest,True,0.002221822738647461,success
04BBF7BA7B3F80,3,"['Duomo', 'Arena']",Casa Giulietta,"['Centro Fotografia', 'Sighseeing', 'Torre Lamberti', 'Museo Conte', 'Museo Radio']",Torre Lamberti,strategy_nearest,True,0.002866029739379883,success
04BC16BA7B3F84,0,['Castelvecchio'],Arena,"['Verona Tour', 'Museo Lapidario', 'Museo Radio', 'San Fermo', 'Casa Giulietta']",Torre Lamberti,strategy_nearest,False,0.0024580955505371094,success
04BC1F4A9C4C80,3,"['Arena', 'Casa Giulietta', 'Torre Lamberti', 'Santa Anastasia']",Duomo,"['AMO', 'Museo Miniscalchi', 'Teatro Romano', 'Palazzo della Ragione', 'Museo Conte']",Castelvecchio,strategy_nearest,False,0.0021429061889648438,success
04BC2ABA7B3F80,0,"['Arena', 'Casa Giulietta']",Arena,"['Verona Tour', 'Museo Lapidario', 'Museo Radio', 'San Fermo', 'Sighseeing']",Castelvecchio,strategy_nearest,False,0.0028641223907470703,success
04BC47BA7B3F80,0,['Arena'],Giardino Giusti,"['Santa Anastasia', 'Teatro Romano', 'Museo Conte', 'Centro Fotografia', 'Museo Storia']",Castelvecchio,strategy_nearest,False,0.003427743911743164,success
04BC7A429C4C80,0,['Torre Lamberti'],Casa Giulietta,"['Centro Fotografia', 'Sighseeing', 'Museo Conte', 'Museo Radio', 'Palazzo della Ragione']",Arena,strategy_nearest,False,0.0030012130737304688,success
04BC75BA7B3F80,1,"['Duomo', 'Arena', 'Torre Lamberti', 'Castelvecchio', 'San Zeno']",Casa Giulietta,"['Centro Fotografia', 'Sighseeing', 'Museo Conte', 'Museo Radio', 'Palazzo della Ragione']",San Fermo,strategy_nearest,False,0.002760171890258789,success
04BC793A9C4C80,3,"['Casa Giulietta', 'Arena', 'Castelvecchio']",San Zeno,"['Verona Tour', 'Museo Lapidario', 'Museo Miniscalchi', 'Sighseeing', 'Museo Radio']",Torre Lamberti,strategy_nearest,False,0.0026221275329589844,success
04BC773A9C4C80,3,"['Arena', 'Torre Lamberti', 'San Fermo']",Tomba Giulietta,"['Museo Storia', 'Museo Lapidario', 'Museo Radio', 'Verona Tour', 'Casa Giulietta']",Casa Giulietta,strategy_nearest,True,0.0033652782440185547,success
04BC7F3A9C4C80,0,['Casa Giulietta'],Arena,"['Verona Tour', 'Museo Lapidario', 'Museo Radio', 'San Fermo', 'Sighseeing']",Tomba Giulietta,strategy_nearest,False,0.0014331340789794922,success
04BC7CBA7B3F80,1,"['Torre Lamberti', 'Santa Anastasia']",Casa Giulietta,"['Centro Fotografia', 'Sighseeing', 'Museo Conte', 'Museo Radio', 'Palazzo della Ragione']",Arena,strategy_nearest,False,0.002397775650024414,success
04BC853A9C4C80,3,"['Arena', 'Casa Giulietta']",Torre Lamberti,"['Sighseeing', 'Centro Fotografia', 'Museo Conte', 'Palazzo della Ragione', 'AMO']",Santa Anastasia,strategy_nearest,False,0.0028018951416015625,success
04BC84BA7B3F80,0,"['Arena', 'Casa Giulietta']",Teatro Romano,"['Santa Anastasia', 'Duomo', 'AMO', 'Palazzo della Ragione', 'Museo Conte']",Torre Lamberti,strategy_nearest,False,0.0036051273345947266,success
04BC88BA7B3F80,3,"['Torre Lamberti', 'Arena', 'Casa Giulietta', 'Tomba Giulietta']",Giardino Giusti,"['Santa Anastasia', 'Teatro Romano', 'Museo Conte', 'Centro Fotografia', 'Museo Storia']",Castelvecchio,strategy_nearest,False,0.002665996551513672,success
04BC863A9C4C80,1,"['Casa Giulietta', 'Torre Lamberti', 'Palazzo della Ragione']",Arena,"['Verona Tour', 'Museo Lapidario', 'Museo Radio', 'San Fermo', 'Sighseeing']",Santa Anastasia,strategy_nearest,False,0.0033369064331054688,success
04BC89429C4C80,3,['Arena'],Casa Giulietta,"['Centro Fotografia', 'Sighseeing', 'Torre Lamberti', 'Museo Conte', 'Museo Radio']",Santa Anastasia,strategy_nearest,False,0.003223896026611328,success
04BC873A9C4C80,3,"['Arena', 'Castelvecchio']",Casa Giulietta,"['Centro Fotografia', 'Sighseeing', 'Torre Lamberti', 'Museo Conte', 'Museo Radio']",Santa Anastasia,strategy_nearest,False,0.0027780532836914062,success
04BC94BA7B3F80,3,"['Arena', 'Castelvecchio', 'San Fermo']",Teatro Romano,"['Santa Anastasia', 'Duomo', 'AMO', 'Palazzo della Ragione', 'Museo Conte']",Santa Anastasia,strategy_nearest,True,0.0029540061950683594,success
04BC8B4A9C4C80,0,"['Arena', 'Museo Lapidario']",Torre Lamberti,"['Sighseeing', 'Centro Fotografia', 'Museo Conte', 'Casa Giulietta', 'Palazzo della Ragione']",Casa Giulietta,strategy_nearest,True,0.0022890567779541016,success
04BC90429C4C80,3,"['Arena', 'Castelvecchio', 'Casa Giulietta']",Torre Lamberti,"['Sighseeing', 'Centro Fotografia', 'Museo Conte', 'Palazzo della Ragione', 'AMO']",Santa Anastasia,strategy_nearest,False,0.0021920204162597656,success
04BCA24A9C4C80,0,['Casa Giulietta'],Arena,"['Verona Tour', 'Museo Lapidario', 'Museo Radio', 'San Fermo', 'Sighseeing']",Castelvecchio,strategy_nearest,False,0.003365755081176758,success
04BCA472743380,3,"['Arena', 'Casa Giulietta']",Santa Anastasia,"['AMO', 'Museo Conte', 'Palazzo della Ragione', 'Teatro Romano', 'Centro Fotografia']",San Zeno,strategy_nearest,False,0.0018749237060546875,success
04BCA772743380,3,"['Arena', 'San Fermo', 'Casa Giulietta']",Torre Lamberti,"['Sighseeing', 'Centro Fotografia', 'Museo Conte', 'Palazzo della Ragione', 'AMO']",Santa Anastasia,strategy_nearest,False,0.0027120113372802734,success
04BCA9429C4C80,0,['Arena'],Tomba Giulietta,"['San Fermo', 'Museo Storia', 'Museo Lapidario', 'Museo Radio', 'Verona Tour']",Casa Giulietta,strategy_nearest,False,0.004590749740600586,success
04BCADBA7B3F80,1,"['Arena', 'Casa Giulietta', 'Palazzo della Ragione']",Torre Lamberti,"['Sighseeing', 'Centro Fotografia', 'Museo Conte', 'AMO', 'Museo Miniscalchi']",Duomo,strategy_nearest,False,0.0031800270080566406,success
04BCACBA7B3F80,3,"['Arena', 'Casa Giulietta', 'Torre Lamberti', 'Santa Anastasia', 'Duomo']",Teatro Romano,"['AMO', 'Palazzo della Ragione', 'Museo Conte', 'Centro Fotografia', 'Museo Miniscalchi']",Giardino Giusti,strategy_nearest,False,0.002820253372192383,success
04BCAE429C4C80,0,['Casa Giulietta'],Arena,"['Verona Tour', 'Museo Lapidario', 'Museo Radio', 'San Fermo', 'Sighseeing']",Castelvecchio,strategy_nearest,False,0.0030629634857177734,success
04BCD43A9C4C80,1,"['Arena', 'Casa Giulietta']",Casa Giulietta,"['Centro Fotografia', 'Sighseeing', 'Torre Lamberti', 'Museo Conte', 'Museo Radio']",Torre Lamberti,strategy_nearest,True,0.0022172927856445312,success
04BCC6429C4C80,3,"['Arena', 'Casa Giulietta', 'Torre Lamberti']",Santa Anastasia,"['AMO', 'Museo Conte', 'Palazzo della Ragione', 'Teatro Romano', 'Centro Fotografia']",Duomo,strategy_nearest,False,0.0028829574584960938,success
04BCE93A9C4C80,1,"['Casa Giulietta', 'Torre Lamberti']",Palazzo della Ragione,"['AMO', 'Museo Conte', 'Centro Fotografia', 'Sighseeing', 'Santa Anastasia']",Arena,strategy_nearest,False,0.003468036651611328,success
04BCF83A9C4C80,0,['Arena'],Casa Giulietta,"['Centro Fotografia', 'Sighseeing', 'Torre Lamberti', 'Museo Conte', 'Museo Radio']",San Fermo,strategy_nearest,False,0.002630949020385742,success
04BD02BA7B3F84,3,"['Teatro Romano', 'Duomo', 'Santa Anastasia']",Torre Lamberti,"['Sighseeing', 'Centro Fotografia', 'Museo Conte', 'Casa Giulietta', 'Palazzo della Ragione']",Casa Giulietta,strategy_nearest,True,0.00261688232421875,success
04BD09BA7B3F84,3,"['Teatro Romano', 'Duomo']",Santa Anastasia,"['AMO', 'Museo Conte', 'Palazzo della Ragione', 'Centro Fotografia', 'Torre Lamberti']",Casa Giulietta,strategy_nearest,False,0.002846956253051758,success
04BD03BA7B3F84,3,"['Teatro Romano', 'Giardino Giusti']",Castelvecchio,"['Museo Lapidario', 'Verona Tour', 'Arena', 'Museo Radio', 'San Zeno']",San Zeno,strategy_nearest,True,0.0035398006439208984,success
04BD0FBA7B3F80,2,"['Torre Lamberti', 'Santa Anastasia']",Duomo,"['AMO', 'Museo Miniscalchi', 'Teatro Romano', 'Palazzo della Ragione', 'Museo Conte']",Teatro Romano,strategy_nearest,True,0.003245115280151367,success
04BD29BA7B3F80,3,"['Arena', 'Torre Lamberti', 'Casa Giulietta']",San Fermo,"['Museo Storia', 'Museo Radio', 'Centro Fotografia', 'Sighseeing', 'Museo Conte']",Giardino Giusti,strategy_nearest,False,0.0031778812408447266,success
04BD153A9C4C84,3,['Arena'],Casa Giulietta,"['Centro Fotografia', 'Sighseeing', 'Torre Lamberti', 'Museo Conte', 'Museo Radio']",Santa Anastasia,strategy_nearest,False,0.0019078254699707031,success
04BD1E429C4C80,0,"['Teatro Romano', 'Casa Giulietta']",Arena,"['Verona Tour', 'Museo Lapidario', 'Museo Radio', 'San Fermo', 'Sighseeing']",Castelvecchio,strategy_nearest,False,0.002429962158203125,success
04BD273A9C4C84,1,"['Arena', 'Casa Giulietta', 'Torre Lamberti']",Palazzo della Ragione,"['AMO', 'Museo Conte', 'Centro Fotografia', 'Sighseeing', 'Santa Anastasia']",Teatro Romano,strategy_nearest,False,0.0026183128356933594,success
04BD3E429C4C80,4,"['Arena', 'Castelvecchio', 'Santa Anastasia']",Teatro Romano,"['Duomo', 'AMO', 'Palazzo della Ragione', 'Museo Conte', 'Centro Fotografia']",Tomba Giulietta,strategy_nearest,False,0.0035598278045654297,success
04BD333A9C4C80,0,['Arena'],Castelvecchio,"['Museo Lapidario', 'Verona Tour', 'Museo Radio', 'San Zeno', 'Sighseeing']",Casa Giulietta,strategy_nearest,False,0.0016109943389892578,success
04BD373A9C4C80,0,['Torre Lamberti'],Casa Giulietta,"['Centro Fotografia', 'Sighseeing', 'Museo Conte', 'Museo Radio', 'Palazzo della Ragione']",Arena,strategy_nearest,False,0.002479076385498047,success
04BD3DBA7B3F80,3,"['Arena', 'Torre Lamberti']",Santa Anastasia,"['AMO', 'Museo Conte', 'Palazzo della Ragione', 'Teatro Romano', 'Centro Fotografia']",San Zeno,strategy_nearest,False,0.003000020980834961,success
04BD49BA7B3F80,1,"['Arena', 'Casa Giulietta', 'Santa Anastasia']",Teatro Romano,"['Duomo', 'AMO', 'Palazzo della Ragione', 'Museo Conte', 'Centro Fotografia']",Tomba Giulietta,strategy_nearest,False,0.0026040077209472656,success
04BD463A9C4C80,3,"['Arena', 'Casa Giulietta']",San Fermo,"['Museo Storia', 'Museo Radio', 'Centro Fotografia', 'Sighseeing', 'Torre Lamberti']",Santa Anastasia,strategy_nearest,False,0.0021250247955322266,success
04BD413A9C4C80,3,['Arena'],Casa Giulietta,"['Centro Fotografia', 'Sighseeing', 'Torre Lamberti', 'Museo Conte', 'Museo Radio']",Santa Anastasia,strategy_nearest,False,0.0013539791107177734,success
04BD5CBA7B3F80,3,"['Castelvecchio', 'Arena', 'Casa Giulietta']",Torre Lamberti,"['Sighseeing', 'Centro Fotografia', 'Museo Conte', 'Palazzo della Ragione', 'AMO']",Santa Anastasia,strategy_nearest,False,0.0030908584594726562,success
04BD61BA7B3F80,1,"['Arena', 'Casa Giulietta']",Palazzo della Ragione,"['AMO', 'Museo Conte', 'Torre Lamberti', 'Centro Fotografia', 'Sighseeing']",Torre Lamberti,strategy_nearest,True,0.0018038749694824219,success
04BD66BA7B3F80,0,"['Arena', 'Museo Lapidario']",Giardino Giusti,"['Santa Anastasia', 'Teatro Romano', 'Museo Conte', 'Centro Fotografia', 'Museo Storia']",Teatro Romano,strategy_nearest,True,0.0023250579833984375,success
04BD68BA7B3F80,1,"['Arena', 'Casa Giulietta']",Palazzo della Ragione,"['AMO', 'Museo Conte', 'Torre Lamberti', 'Centro Fotografia', 'Sighseeing']",Torre Lamberti,strategy_nearest,True,0.0025327205657958984,success
04BD6CBA7B3F80,0,"['Casa Giulietta', 'Torre Lamberti']",Castelvecchio,"['Museo Lapidario', 'Verona Tour', 'Arena', 'Museo Radio', 'San Zeno']",Arena,strategy_nearest,True,0.0026912689208984375,success
04BD6D429C4C80,3,"['Arena', 'Castelvecchio']",Casa Giulietta,"['Centro Fotografia', 'Sighseeing', 'Torre Lamberti', 'Museo Conte', 'Museo Radio']",Santa Anastasia,strategy_nearest,False,0.0027358531951904297,success
04BD6DBA7B3F80,1,"['Arena', 'Castelvecchio', 'Museo Lapidario', 'Tomba Giulietta', 'San Fermo', 'Casa Giulietta']",Palazzo della Ragione,"['AMO', 'Museo Conte', 'Torre Lamberti', 'Centro Fotografia', 'Sighseeing']",Santa Anastasia,strategy_nearest,False,0.003262042999267578,success
04BD79BA7B3F80,1,"['Arena', 'Castelvecchio', 'Museo Lapidario', 'Tomba Giulietta', 'San Fermo', 'Casa Giulietta']",Torre Lamberti,"['Sighseeing', 'Centro Fotografia', 'Museo Conte', 'Palazzo della Ragione', 'AMO']",Palazzo della Ragione,strategy_nearest,True,0.0027840137481689453,success
04BD773A9C4C80,0,['Arena'],Casa Giulietta,"['Centro Fotografia', 'Sighseeing', 'Torre Lamberti', 'Museo Conte', 'Museo Radio']",Teatro Romano,strategy_nearest,False,0.0034797191619873047,success
04BD7B429C4C80,2,['Palazzo della Ragione'],Duomo,"['AMO', 'Museo Miniscalchi', 'Santa Anastasia', 'Teatro Romano', 'Museo Conte']",Teatro Romano,strategy_nearest,True,0.002991914749145508,success
04BD71BA7B3F80,3,"['Arena', 'Torre Lamberti']",Santa Anastasia,"['AMO', 'Museo Conte', 'Palazzo della Ragione', 'Teatro Romano', 'Centro Fotografia']",Duomo,strategy_nearest,False,0.0024111270904541016,success
04BD843A9C4C80,0,['Arena'],Casa Giulietta,"['Centro Fotografia', 'Sighseeing', 'Torre Lamberti', 'Museo Conte', 'Museo Radio']",Torre Lamberti,strategy_nearest,True,0.002766132354736328,success
04BDA0BA7B3F80,0,"['Castelvecchio', 'Arena']",Casa Giulietta,"['Centro Fotografia', 'Sighseeing', 'Torre Lamberti', 'Museo Conte', 'Museo Radio']",Torre Lamberti,strategy_nearest,True,0.0015227794647216797,success
04BD974A9C4C80,1,"['Arena', 'Palazzo della Ragione']",Torre Lamberti,"['Sighseeing', 'Centro Fotografia', 'Museo Conte', 'Casa Giulietta', 'AMO']",Casa Giulietta,strategy_nearest,True,0.0028040409088134766,success
04BDA772743380,3,"['Casa Giulietta', 'Santa Anastasia']",Arena,"['Verona Tour', 'Museo Lapidario', 'Museo Radio', 'San Fermo', 'Sighseeing']",Tomba Giulietta,strategy_nearest,False,0.001997232437133789,success
04BDA7429C4C80,0,['Arena'],Casa Giulietta,"['Centro Fotografia', 'Sighseeing', 'Torre Lamberti', 'Museo Conte', 'Museo Radio']",Torre Lamberti,strategy_nearest,True,0.0026738643646240234,success
04BDA472743380,3,"['Duomo', 'Santa Anastasia']",Casa Giulietta,"['Centro Fotografia', 'Sighseeing', 'Torre Lamberti', 'Museo Conte', 'Museo Radio']",Castelvecchio,strategy_nearest,False,0.003416776657104492,success
04BDA8429C4C80,1,['Casa Giulietta'],Torre Lamberti,"['Sighseeing', 'Centro Fotografia', 'Museo Conte', 'Palazzo della Ragione', 'AMO']",Palazzo della Ragione,strategy_nearest,True,0.0026619434356689453,success
04BDB8BA7B3F80,3,"['Arena', 'Casa Giulietta', 'Santa Anastasia']",Castelvecchio,"['Museo Lapidario', 'Verona Tour', 'Museo Radio', 'San Zeno', 'Sighseeing']",Tomba Giulietta,strategy_nearest,False,0.002560138702392578,success
04BDB5429C4C80,1,"['Arena', 'Casa Giulietta', 'Teatro Romano']",Palazzo della Ragione,"['AMO', 'Museo Conte', 'Torre Lamberti', 'Centro Fotografia', 'Sighseeing']",Torre Lamberti,strategy_nearest,True,0.0032057762145996094,success
04BDB1429C4C80,3,"['Arena', 'Casa Giulietta']",Santa Anastasia,"['AMO', 'Museo Conte', 'Palazzo della Ragione', 'Teatro Romano', 'Centro Fotografia']",Duomo,strategy_nearest,False,0.0026051998138427734,success
04BDC9429C4C80,0,['Casa Giulietta'],Tomba Giulietta,"['San Fermo', 'Museo Storia', 'Arena', 'Museo Lapidario', 'Museo Radio']",Arena,strategy_nearest,True,0.0021209716796875,success
04BDC63A9C4C80,3,"['Torre Lamberti', 'Teatro Romano']",Santa Anastasia,"['AMO', 'Museo Conte', 'Palazzo della Ragione', 'Centro Fotografia', 'Duomo']",Casa Giulietta,strategy_nearest,False,0.001363992691040039,success
04BDC3429C4C80,1,"['Arena', 'Casa Giulietta']",San Fermo,"['Museo Storia', 'Museo Radio', 'Centro Fotografia', 'Sighseeing', 'Torre Lamberti']",Torre Lamberti,strategy_nearest,True,0.004087924957275391,success
04BDD3BA7B3F80,0,"['Arena', 'Castelvecchio']",Casa Giulietta,"['Centro Fotografia', 'Sighseeing', 'Torre Lamberti', 'Museo Conte', 'Museo Radio']",Teatro Romano,strategy_nearest,False,0.002817869186401367,success
04BDDFBA7B3F80,3,"['Teatro Romano', 'Duomo', 'Santa Anastasia']",Arena,"['Verona Tour', 'Museo Lapidario', 'Museo Radio', 'San Fermo', 'Casa Giulietta']",Torre Lamberti,strategy_nearest,False,0.00255584716796875,success
04BDE4BA7B3F80,3,"['Teatro Romano', 'Giardino Giusti']",Castelvecchio,"['Museo Lapidario', 'Verona Tour', 'Arena', 'Museo Radio', 'San Zeno']",San Zeno,strategy_nearest,True,0.003130197525024414,success
04BDEB3A9C4C80,0,['Arena'],Casa Giulietta,"['Centro Fotografia', 'Sighseeing', 'Torre Lamberti', 'Museo Conte', 'Museo Radio']",Torre Lamberti,strategy_nearest,True,0.0033409595489501953,success
04BDEBBA7B3F80,3,"['Teatro Romano', 'Duomo', 'Santa Anastasia']",Arena,"['Verona Tour', 'Museo Lapidario', 'Museo Radio', 'San Fermo', 'Casa Giulietta']",Torre Lamberti,strategy_nearest,False,0.0023260116577148438,success
04BDF0BA7B3F80,3,"['Teatro Romano', 'Duomo']",Santa Anastasia,"['AMO', 'Museo Conte', 'Palazzo della Ragione', 'Centro Fotografia', 'Torre Lamberti']",Casa Giulietta,strategy_nearest,False,0.0025119781494140625,success
04BDF03A9C4C80,1,"['Castelvecchio', 'Arena']",Duomo,"['AMO', 'Museo Miniscalchi', 'Santa Anastasia', 'Teatro Romano', 'Palazzo della Ragione']",Santa Anastasia,strategy_nearest,True,0.003147125244140625,success
04BDF63A9C4C80,3,"['Arena', 'Casa Giulietta']",Torre Lamberti,"['Sighseeing', 'Centro Fotografia', 'Museo Conte', 'Palazzo della Ragione', 'AMO']",Santa Anastasia,strategy_nearest,False,0.002746105194091797,success
04BE0ABA7B3F84,1,"['Arena', 'Museo Lapidario']",Castelvecchio,"['Verona Tour', 'Museo Radio', 'San Zeno', 'Sighseeing', 'Museo Miniscalchi']",Torre Lamberti,strategy_nearest,False,0.0032188892364501953,success
04BE0CBA7B3F84,3,['Arena'],Torre Lamberti,"['Sighseeing', 'Centro Fotografia', 'Museo Conte', 'Casa Giulietta', 'Palazzo della Ragione']",Castelvecchio,strategy_nearest,False,0.004063844680786133,success
04BE0DBA7B3F84,3,"['Arena', 'Casa Giulietta', 'Torre Lamberti']",Teatro Romano,"['Santa Anastasia', 'Duomo', 'AMO', 'Palazzo della Ragione', 'Museo Conte']",Duomo,strategy_nearest,True,0.002532958984375,success
04BE0EBA7B3F80,3,"['Arena', 'Torre Lamberti', 'Casa Giulietta']",San Fermo,"['Museo Storia', 'Museo Radio', 'Centro Fotografia', 'Sighseeing', 'Museo Conte']",Giardino Giusti,strategy_nearest,False,0.0019402503967285156,success
04BE143A9C4C84,0,"['Arena', 'Casa Giulietta']",Museo Lapidario,"['Verona Tour', 'Castelvecchio', 'Museo Radio', 'San Fermo', 'Tomba Giulietta']",Tomba Giulietta,strategy_nearest,True,0.0018818378448486328,success
04BE0F429C4C80,1,"['Castelvecchio', 'Arena']",Casa Giulietta,"['Centro Fotografia', 'Sighseeing', 'Torre Lamberti', 'Museo Conte', 'Museo Radio']",Palazzo della Ragione,strategy_nearest,False,0.002936124801635742,success
04BE233A9C4C84,3,"['Arena', 'Casa Giulietta', 'San Fermo']",Torre Lamberti,"['Sighseeing', 'Centro Fotografia', 'Museo Conte', 'Palazzo della Ragione', 'AMO']",Santa Anastasia,strategy_nearest,False,0.001934051513671875,success
04BE153A9C4C84,3,"['Arena', 'Castelvecchio', 'Teatro Romano']",Duomo,"['AMO', 'Museo Miniscalchi', 'Santa Anastasia', 'Palazzo della Ragione', 'Museo Conte']",Santa Anastasia,strategy_nearest,True,0.0028159618377685547,success
04BE343A9C4C80,3,"['Casa Giulietta', 'Torre Lamberti']",Santa Anastasia,"['AMO', 'Museo Conte', 'Palazzo della Ragione', 'Teatro Romano', 'Centro Fotografia']",Castelvecchio,strategy_nearest,False,0.0026569366455078125,success
04BE58BA7B3F80,0,['Arena'],Casa Giulietta,"['Centro Fotografia', 'Sighseeing', 'Torre Lamberti', 'Museo Conte', 'Museo Radio']",Castelvecchio,strategy_nearest,False,0.002382040023803711,success
04BE6ABA7B3F80,3,"['Arena', 'Casa Giulietta', 'Torre Lamberti']",Santa Anastasia,"['AMO', 'Museo Conte', 'Palazzo della Ragione', 'Teatro Romano', 'Centro Fotografia']",Teatro Romano,strategy_nearest,True,0.0031952857971191406,success
04BE413A9C4C80,0,['Arena'],Museo Lapidario,"['Verona Tour', 'Castelvecchio', 'Museo Radio', 'San Fermo', 'Casa Giulietta']",Casa Giulietta,strategy_nearest,True,0.0031499862670898438,success
04BE794A9C4C80,3,"['Torre Lamberti', 'Santa Anastasia']",Casa Giulietta,"['Centro Fotografia', 'Sighseeing', 'Museo Conte', 'Museo Radio', 'Palazzo della Ragione']",Castelvecchio,strategy_nearest,False,0.0032019615173339844,success
04BE7EBA7B3F80,1,"['Arena', 'Casa Giulietta', 'Torre Lamberti']",Palazzo della Ragione,"['AMO', 'Museo Conte', 'Centro Fotografia', 'Sighseeing', 'Santa Anastasia']",Teatro Romano,strategy_nearest,False,0.003201007843017578,success
04BE7E3A9C4C80,0,"['Arena', 'Casa Giulietta']",San Fermo,"['Museo Storia', 'Museo Radio', 'Centro Fotografia', 'Sighseeing', 'Torre Lamberti']",Museo Storia,strategy_nearest,True,0.0028297901153564453,success
04BE7C3A9C4C80,1,"['Arena', 'Torre Lamberti', 'Palazzo della Ragione']",Casa Giulietta,"['Centro Fotografia', 'Sighseeing', 'Museo Conte', 'Museo Radio', 'San Fermo']",San Fermo,strategy_nearest,True,0.0025920867919921875,success
04BE884A9C4C80,3,"['Arena', 'Casa Giulietta']",Santa Anastasia,"['AMO', 'Museo Conte', 'Palazzo della Ragione', 'Teatro Romano', 'Centro Fotografia']",Duomo,strategy_nearest,False,0.0027229785919189453,success
04BE8C429C4C80,1,"['Arena', 'Casa Giulietta']",Palazzo della Ragione,"['AMO', 'Museo Conte', 'Torre Lamberti', 'Centro Fotografia', 'Sighseeing']",Duomo,strategy_nearest,False,0.0020411014556884766,success
04BE8DBA7B3F80,1,"['Arena', 'Casa Giulietta', 'Palazzo della Ragione', 'Torre Lamberti']",Santa Anastasia,"['AMO', 'Museo Conte', 'Teatro Romano', 'Centro Fotografia', 'Duomo']",Duomo,strategy_nearest,True,0.002794981002807617,success
04BE92BA7B3F80,0,"['Arena', 'Castelvecchio']",Casa Giulietta,"['Centro Fotografia', 'Sighseeing', 'Torre Lamberti', 'Museo Conte', 'Museo Radio']",Torre Lamberti,strategy_nearest,True,0.0026540756225585938,success
04BE954A9C4C80,1,['Arena'],Torre Lamberti,"['Sighseeing', 'Centro Fotografia', 'Museo Conte', 'Casa Giulietta', 'Palazzo della Ragione']",Palazzo della Ragione,strategy_nearest,True,0.00257110595703125,success
04BEA4BA7B3F80,0,"['Arena', 'Castelvecchio']",Casa Giulietta,"['Centro Fotografia', 'Sighseeing', 'Torre Lamberti', 'Museo Conte', 'Museo Radio']",Torre Lamberti,strategy_nearest,True,0.003108978271484375,success
04BEA672743380,3,"['Casa Giulietta', 'Santa Anastasia']",Arena,"['Verona Tour', 'Museo Lapidario', 'Museo Radio', 'San Fermo', 'Sighseeing']",Tomba Giulietta,strategy_nearest,False,0.0020630359649658203,success
04BEAC429C4C80,0,['Arena'],Casa Giulietta,"['Centro Fotografia', 'Sighseeing', 'Torre Lamberti', 'Museo Conte', 'Museo Radio']",Torre Lamberti,strategy_nearest,True,0.002727985382080078,success
04BEA83A9C4C80,1,"['Arena', 'Casa Giulietta']",Palazzo della Ragione,"['AMO', 'Museo Conte', 'Torre Lamberti', 'Centro Fotografia', 'Sighseeing']",Torre Lamberti,strategy_nearest,True,0.0023021697998046875,success
04BEAD429C4C80,0,['Arena'],Casa Giulietta,"['Centro Fotografia', 'Sighseeing', 'Torre Lamberti', 'Museo Conte', 'Museo Radio']",Torre Lamberti,strategy_nearest,True,0.002908945083618164,success
04BEBF429C4C80,1,"['Arena', 'Casa Giulietta', 'Torre Lamberti']",Palazzo della Ragione,"['AMO', 'Museo Conte', 'Centro Fotografia', 'Sighseeing', 'Santa Anastasia']",Santa Anastasia,strategy_nearest,True,0.0030159950256347656,success
04BEC5429C4C80,1,"['Arena', 'Torre Lamberti', 'Palazzo della Ragione']",Casa Giulietta,"['Centro Fotografia', 'Sighseeing', 'Museo Conte', 'Museo Radio', 'San Fermo']",Teatro Romano,strategy_nearest,False,0.0020170211791992188,success
04BEC8429C4C80,0,['Casa Giulietta'],Arena,"['Verona Tour', 'Museo Lapidario', 'Museo Radio', 'San Fermo', 'Sighseeing']",Castelvecchio,strategy_nearest,False,0.0026268959045410156,success
04BEC9BA7B3F80,1,"['Castelvecchio', 'San Fermo', 'Tomba Giulietta']",Palazzo della Ragione,"['AMO', 'Museo Conte', 'Torre Lamberti', 'Centro Fotografia', 'Sighseeing']",Casa Giulietta,strategy_nearest,False,0.003168821334838867,success
04BECFBA7B3F80,0,"['Casa Giulietta', 'Torre Lamberti']",Castelvecchio,"['Museo Lapidario', 'Verona Tour', 'Arena', 'Museo Radio', 'San Zeno']",Arena,strategy_nearest,True,0.0025930404663085938,success
04BEC9429C4C80,1,"['Arena', 'Museo Lapidario']",Casa Giulietta,"['Centro Fotografia', 'Sighseeing', 'Torre Lamberti', 'Museo Conte', 'Museo Radio']",Palazzo della Ragione,strategy_nearest,False,0.003453969955444336,success
04BED6BA7B3F80,3,"['Arena', 'Casa Giulietta', 'Torre Lamberti']",Santa Anastasia,"['AMO', 'Museo Conte', 'Palazzo della Ragione', 'Teatro Romano', 'Centro Fotografia']",Teatro Romano,strategy_nearest,True,0.0036809444427490234,success
04BED73A9C4C80,0,['Arena'],Casa Giulietta,"['Centro Fotografia', 'Sighseeing', 'Torre Lamberti', 'Museo Conte', 'Museo Radio']",Torre Lamberti,strategy_nearest,True,0.002418041229248047,success
04BEE5BA7B3F80,1,"['Teatro Romano', 'Arena', 'Casa Giulietta']",Torre Lamberti,"['Sighseeing', 'Centro Fotografia', 'Museo Conte', 'Palazzo della Ragione', 'AMO']",Palazzo della Ragione,strategy_nearest,True,0.0019719600677490234,success
04BEEE429C4C80,3,"['Arena', 'Casa Giulietta']",Santa Anastasia,"['AMO', 'Museo Conte', 'Palazzo della Ragione', 'Teatro Romano', 'Centro Fotografia']",Torre Lamberti,strategy_nearest,False,0.002279043197631836,success
04BEF1BA7B3F80,3,"['Arena', 'San Fermo', 'Tomba Giulietta', 'Castelvecchio']",San Zeno,"['Verona Tour', 'Museo Lapidario', 'Museo Miniscalchi', 'Sighseeing', 'Museo Radio']",Casa Giulietta,strategy_nearest,False,0.0033829212188720703,success
04BEEA3A9C4C80,3,"['Arena', 'Casa Giulietta', 'Santa Anastasia']",Torre Lamberti,"['Sighseeing', 'Centro Fotografia', 'Museo Conte', 'Palazzo della Ragione', 'AMO']",Tomba Giulietta,strategy_nearest,False,0.0017440319061279297,success
04BEEF3A9C4C80,0,['Torre Lamberti'],Arena,"['Verona Tour', 'Museo Lapidario', 'Museo Radio', 'San Fermo', 'Casa Giulietta']",Teatro Romano,strategy_nearest,False,0.002891063690185547,success
04BEFDBA7B3F80,1,"['Arena', 'Museo Lapidario', 'Castelvecchio']",Torre Lamberti,"['Sighseeing', 'Centro Fotografia', 'Museo Conte', 'Casa Giulietta', 'Palazzo della Ragione']",Palazzo della Ragione,strategy_nearest,True,0.002203702926635742,success
04BF09429C4C80,0,['Castelvecchio'],Casa Giulietta,"['Centro Fotografia', 'Sighseeing', 'Torre Lamberti', 'Museo Conte', 'Museo Radio']",Arena,strategy_nearest,False,0.00150299072265625,success
04BF15429C4C80,1,['Arena'],Palazzo della Ragione,"['AMO', 'Museo Conte', 'Torre Lamberti', 'Centro Fotografia', 'Sighseeing']",Torre Lamberti,strategy_nearest,True,0.003320932388305664,success
04BF163A9C4C84,0,"['Arena', 'Casa Giulietta']",Museo Lapidario,"['Verona Tour', 'Castelvecchio', 'Museo Radio', 'San Fermo', 'Tomba Giulietta']",Torre Lamberti,strategy_nearest,False,0.002685070037841797,success
04BF1CBA7B3F80,3,"['Arena', 'Torre Lamberti', 'Santa Anastasia']",Duomo,"['AMO', 'Museo Miniscalchi', 'Teatro Romano', 'Palazzo della Ragione', 'Museo Conte']",Teatro Romano,strategy_nearest,True,0.0012259483337402344,success
04BF203A9C4C84,3,"['Torre Lamberti', 'Museo Lapidario', 'Arena']",Castelvecchio,"['Verona Tour', 'Museo Radio', 'San Zeno', 'Sighseeing', 'Museo Miniscalchi']",Teatro Romano,strategy_nearest,False,0.002341032028198242,success
04BF20BA7B3F84,0,"['Castelvecchio', 'Arena']",Casa Giulietta,"['Centro Fotografia', 'Sighseeing', 'Torre Lamberti', 'Museo Conte', 'Museo Radio']",Torre Lamberti,strategy_nearest,True,0.0031533241271972656,success
04BF1ABA7B3F84,1,"['Arena', 'Casa Giulietta', 'Torre Lamberti', 'Palazzo della Ragione', 'Santa Anastasia']",Duomo,"['AMO', 'Museo Miniscalchi', 'Teatro Romano', 'Museo Conte', 'Centro Fotografia']",Teatro Romano,strategy_nearest,True,0.003113985061645508,success
04BF28BA7B3F80,3,"['Arena', 'Torre Lamberti']",Santa Anastasia,"['AMO', 'Museo Conte', 'Palazzo della Ragione', 'Teatro Romano', 'Centro Fotografia']",Duomo,strategy_nearest,False,0.0020689964294433594,success
04BF3C3A9C4C80,1,['Arena'],Palazzo della Ragione,"['AMO', 'Museo Conte', 'Torre Lamberti', 'Centro Fotografia', 'Sighseeing']",Torre Lamberti,strategy_nearest,True,0.0031080245971679688,success
04BF21BA7B3F80,1,"['Arena', 'Torre Lamberti', 'Palazzo della Ragione']",Duomo,"['AMO', 'Museo Miniscalchi', 'Santa Anastasia', 'Teatro Romano', 'Museo Conte']",Teatro Romano,strategy_nearest,True,0.003372669219970703,success
04BF23429C4C84,3,"['San Zeno', 'Arena', 'Torre Lamberti']",Santa Anastasia,"['AMO', 'Museo Conte', 'Palazzo della Ragione', 'Teatro Romano', 'Centro Fotografia']",Duomo,strategy_nearest,False,0.002725839614868164,success
04BF40BA7B3F80,0,['Arena'],Casa Giulietta,"['Centro Fotografia', 'Sighseeing', 'Torre Lamberti', 'Museo Conte', 'Museo Radio']",Castelvecchio,strategy_nearest,False,0.002232074737548828,success
04BF563A9C4C80,3,"['Arena', 'San Fermo']",Casa Giulietta,"['Centro Fotografia', 'Sighseeing', 'Torre Lamberti', 'Museo Conte', 'Museo Radio']",Duomo,strategy_nearest,False,0.0028600692749023438,success
04BF413A9C4C80,3,"['Arena', 'Torre Lamberti']",Santa Anastasia,"['AMO', 'Museo Conte', 'Palazzo della Ragione', 'Teatro Romano', 'Centro Fotografia']",Teatro Romano,strategy_nearest,True,0.002238035202026367,success
04BF583A9C4C80,3,"['Arena', 'Casa Giulietta']",Santa Anastasia,"['AMO', 'Museo Conte', 'Palazzo della Ragione', 'Teatro Romano', 'Centro Fotografia']",Duomo,strategy_nearest,False,0.003259897232055664,success
04BF794A9C4C80,1,"['Torre Lamberti', 'Palazzo della Ragione', 'San Fermo']",Arena,"['Verona Tour', 'Museo Lapidario', 'Museo Radio', 'Casa Giulietta', 'Sighseeing']",Castelvecchio,strategy_nearest,False,0.0027337074279785156,success
04BF73429C4C80,0,"['Museo Lapidario', 'Arena']",Castelvecchio,"['Verona Tour', 'Museo Radio', 'San Zeno', 'Sighseeing', 'Museo Miniscalchi']",San Zeno,strategy_nearest,True,0.0036177635192871094,success
04BF7A429C4C80,1,"['Arena', 'Casa Giulietta']",Torre Lamberti,"['Sighseeing', 'Centro Fotografia', 'Museo Conte', 'Palazzo della Ragione', 'AMO']",Palazzo della Ragione,strategy_nearest,True,0.0031480789184570312,success
04BF753A9C4C80,0,['Casa Giulietta'],Arena,"['Verona Tour', 'Museo Lapidario', 'Museo Radio', 'San Fermo', 'Sighseeing']",Castelvecchio,strategy_nearest,False,0.0033740997314453125,success
04BF7E3A9C4C80,1,['Palazzo della Ragione'],Torre Lamberti,"['Sighseeing', 'Centro Fotografia', 'Museo Conte', 'Casa Giulietta', 'AMO']",Santa Anastasia,strategy_nearest,False,0.002025127410888672,success
04BF813A9C4C80,0,['Arena'],Torre Lamberti,"['Sighseeing', 'Centro Fotografia', 'Museo Conte', 'Casa Giulietta', 'Palazzo della Ragione']",Casa Giulietta,strategy_nearest,True,0.002774953842163086,success
04BF8C429C4C80,1,"['Arena', 'Casa Giulietta']",Torre Lamberti,"['Sighseeing', 'Centro Fotografia', 'Museo Conte', 'Palazzo della Ragione', 'AMO']",Palazzo della Ragione,strategy_nearest,True,0.0027608871459960938,success
04BF843A9C4C80,3,"['Arena', 'Casa Giulietta']",Teatro Romano,"['Santa Anastasia', 'Duomo', 'AMO', 'Palazzo della Ragione', 'Museo Conte']",Santa Anastasia,strategy_nearest,True,0.002637147903442383,success
04BF82429C4C80,1,"['Arena', 'Torre Lamberti', 'Palazzo della Ragione']",Casa Giulietta,"['Centro Fotografia', 'Sighseeing', 'Museo Conte', 'Museo Radio', 'San Fermo']",Santa Anastasia,strategy_nearest,False,0.0036568641662597656,success
04BF8E3A9C4C80,0,['Arena'],Torre Lamberti,"['Sighseeing', 'Centro Fotografia', 'Museo Conte', 'Casa Giulietta', 'Palazzo della Ragione']",Casa Giulietta,strategy_nearest,True,0.0031549930572509766,success
04BF96429C4C80,3,"['Santa Anastasia', 'Teatro Romano', 'Duomo']",San Fermo,"['Museo Storia', 'Museo Radio', 'Casa Giulietta', 'Centro Fotografia', 'Arena']",Arena,strategy_nearest,True,0.0019881725311279297,success
04BFA472743380,3,"['Arena', 'San Zeno', 'Castelvecchio']",Teatro Romano,"['Santa Anastasia', 'Duomo', 'AMO', 'Palazzo della Ragione', 'Museo Conte']",Duomo,strategy_nearest,True,0.0028219223022460938,success
04BFA772743380,3,"['Teatro Romano', 'Duomo']",Arena,"['Verona Tour', 'Museo Lapidario', 'Museo Radio', 'San Fermo', 'Casa Giulietta']",Casa Giulietta,strategy_nearest,True,0.002724170684814453,success
04BFA9429C4C80,1,"['Arena', 'Casa Giulietta']",Torre Lamberti,"['Sighseeing', 'Centro Fotografia', 'Museo Conte', 'Palazzo della Ragione', 'AMO']",Palazzo della Ragione,strategy_nearest,True,0.0022618770599365234,success
04BFA83A9C4C80,0,['Arena'],Casa Giulietta,"['Centro Fotografia', 'Sighseeing', 'Torre Lamberti', 'Museo Conte', 'Museo Radio']",Torre Lamberti,strategy_nearest,True,0.0039560794830322266,success
04BFB03A9C4C80,0,['Arena'],Casa Giulietta,"['Centro Fotografia', 'Sighseeing', 'Torre Lamberti', 'Museo Conte', 'Museo Radio']",Santa Anastasia,strategy_nearest,False,0.0027251243591308594,success
04BFB73A9C4C80,1,['Arena'],Casa Giulietta,"['Centro Fotografia', 'Sighseeing', 'Torre Lamberti', 'Museo Conte', 'Museo Radio']",Torre Lamberti,strategy_nearest,True,0.001917123794555664,success
04BFD0BA7B3F80,3,"['Arena', 'Casa Giulietta', 'Santa Anastasia']",Castelvecchio,"['Museo Lapidario', 'Verona Tour', 'Museo Radio', 'San Zeno', 'Sighseeing']",Tomba Giulietta,strategy_nearest,False,0.0023479461669921875,success
04BFBA429C4C80,2,"['Casa Giulietta', 'Teatro Romano']",Duomo,"['AMO', 'Museo Miniscalchi', 'Santa Anastasia', 'Palazzo della Ragione', 'Museo Conte']",Santa Anastasia,strategy_nearest,True,0.0019316673278808594,success
04BFB772743380,3,"['Casa Giulietta', 'Santa Anastasia']",Duomo,"['AMO', 'Museo Miniscalchi', 'Teatro Romano', 'Palazzo della Ragione', 'Museo Conte']",Arena,strategy_nearest,False,0.0035941600799560547,success
04BFD7BA7B3F80,0,"['Castelvecchio', 'Duomo']",Arena,"['Verona Tour', 'Museo Lapidario', 'Museo Radio', 'San Fermo', 'Casa Giulietta']",Tomba Giulietta,strategy_nearest,False,0.0027420520782470703,success
04BFE43A9C4C80,0,['San Zeno'],Castelvecchio,"['Museo Lapidario', 'Verona Tour', 'Arena', 'Museo Radio', 'Sighseeing']",Arena,strategy_nearest,True,0.0021958351135253906,success
04BFF03A9C4C80,0,['Arena'],Casa Giulietta,"['Centro Fotografia', 'Sighseeing', 'Torre Lamberti', 'Museo Conte', 'Museo Radio']",Torre Lamberti,strategy_nearest,True,0.002894163131713867,success
04BFF63A9C4C80,0,['Arena'],Castelvecchio,"['Museo Lapidario', 'Verona Tour', 'Museo Radio', 'San Zeno', 'Sighseeing']",Teatro Romano,strategy_nearest,False,0.0033550262451171875,success
04BFFABA7B3F80,0,"['Castelvecchio', 'Duomo']",Arena,"['Verona Tour', 'Museo Lapidario', 'Museo Radio', 'San Fermo', 'Casa Giulietta']",Tomba Giulietta,strategy_nearest,False,0.0039348602294921875,success
04BFFC3A9C4C80,3,"['Castelvecchio', 'Arena']",Casa Giulietta,"['Centro Fotografia', 'Sighseeing', 'Torre Lamberti', 'Museo Conte', 'Museo Radio']",Torre Lamberti,strategy_nearest,True,0.0025017261505126953,success
04C015BA7B3F84,0,['Arena'],Torre Lamberti,"['Sighseeing', 'Centro Fotografia', 'Museo Conte', 'Casa Giulietta', 'Palazzo della Ragione']",Giardino Giusti,strategy_nearest,False,0.0026519298553466797,success
04C01FBA7B3F80,1,"['Torre Lamberti', 'Santa Anastasia']",Casa Giulietta,"['Centro Fotografia', 'Sighseeing', 'Museo Conte', 'Museo Radio', 'Palazzo della Ragione']",Arena,strategy_nearest,False,0.002699136734008789,success
04C016BA7B3F84,1,"['Arena', 'Museo Lapidario', 'Tomba Giulietta', 'Castelvecchio', 'Santa Anastasia']",San Fermo,"['Museo Storia', 'Museo Radio', 'Casa Giulietta', 'Centro Fotografia', 'Sighseeing']",Museo Storia,strategy_nearest,True,0.0033059120178222656,success
04C01FBA7B3F84,3,"['Arena', 'Torre Lamberti']",Santa Anastasia,"['AMO', 'Museo Conte', 'Palazzo della Ragione', 'Teatro Romano', 'Centro Fotografia']",San Zeno,strategy_nearest,False,0.003129243850708008,success
04C01C3A9C4C84,1,"['Arena', 'Casa Giulietta']",Palazzo della Ragione,"['AMO', 'Museo Conte', 'Torre Lamberti', 'Centro Fotografia', 'Sighseeing']",Torre Lamberti,strategy_nearest,True,0.0027379989624023438,success
04C022BA7B3F84,0,['Arena'],Torre Lamberti,"['Sighseeing', 'Centro Fotografia', 'Museo Conte', 'Casa Giulietta', 'Palazzo della Ragione']",Giardino Giusti,strategy_nearest,False,0.001950979232788086,success
04C02CBA7B3F80,3,"['Arena', 'Castelvecchio', 'San Fermo', 'Teatro Romano']",Duomo,"['AMO', 'Museo Miniscalchi', 'Santa Anastasia', 'Palazzo della Ragione', 'Museo Conte']",Santa Anastasia,strategy_nearest,True,0.0018889904022216797,success
04C023BA7B3F84,3,"['Arena', 'Casa Giulietta', 'San Fermo']",Torre Lamberti,"['Sighseeing', 'Centro Fotografia', 'Museo Conte', 'Palazzo della Ragione', 'AMO']",Castelvecchio,strategy_nearest,False,0.003454923629760742,success
04C034BA7B3F80,1,"['Arena', 'Casa Giulietta', 'Santa Anastasia']",Teatro Romano,"['Duomo', 'AMO', 'Palazzo della Ragione', 'Museo Conte', 'Centro Fotografia']",Tomba Giulietta,strategy_nearest,False,0.004026889801025391,success
04C039BA7B3F80,0,"['Casa Giulietta', 'Torre Lamberti']",Castelvecchio,"['Museo Lapidario', 'Verona Tour', 'Arena', 'Museo Radio', 'San Zeno']",Arena,strategy_nearest,True,0.002393007278442383,success
04C045BA7B3F80,1,"['Arena', 'Casa Giulietta', 'Palazzo della Ragione', 'Torre Lamberti', 'Santa Anastasia']",Duomo,"['AMO', 'Museo Miniscalchi', 'Teatro Romano', 'Museo Conte', 'Centro Fotografia']",Teatro Romano,strategy_nearest,True,0.0032668113708496094,success
04C03C429C4C80,0,"['Torre Lamberti', 'Casa Giulietta']",Arena,"['Verona Tour', 'Museo Lapidario', 'Museo Radio', 'San Fermo', 'Sighseeing']",Tomba Giulietta,strategy_nearest,False,0.002694845199584961,success
04C04CBA7B3F80,3,"['Arena', 'Torre Lamberti']",Santa Anastasia,"['AMO', 'Museo Conte', 'Palazzo della Ragione', 'Teatro Romano', 'Centro Fotografia']",Duomo,strategy_nearest,False,0.002704143524169922,success
04C04D3A9C4C80,0,['Arena'],Teatro Romano,"['Santa Anastasia', 'Duomo', 'AMO', 'Palazzo della Ragione', 'Museo Conte']",Torre Lamberti,strategy_nearest,False,0.003031015396118164,success
04C068BA7B3F80,2,"['San Fermo', 'Santa Anastasia', 'Casa Giulietta']",San Zeno,"['Castelvecchio', 'Verona Tour', 'Museo Lapidario', 'Arena', 'Museo Miniscalchi']",Castelvecchio,strategy_nearest,True,0.0026030540466308594,success
04C070BA7B3F80,3,"['Arena', 'Castelvecchio', 'San Fermo']",Casa Giulietta,"['Centro Fotografia', 'Sighseeing', 'Torre Lamberti', 'Museo Conte', 'Museo Radio']",Torre Lamberti,strategy_nearest,True,0.0023670196533203125,success
04C07D429C4C80,0,"['Arena', 'Torre Lamberti']",Teatro Romano,"['Santa Anastasia', 'Duomo', 'AMO', 'Palazzo della Ragione', 'Museo Conte']",Casa Giulietta,strategy_nearest,False,0.003453969955444336,success
04C0844A9C4C80,0,['Duomo'],Torre Lamberti,"['Sighseeing', 'Centro Fotografia', 'Museo Conte', 'Casa Giulietta', 'Palazzo della Ragione']",Arena,strategy_nearest,False,0.0026421546936035156,success
04C0853A9C4C80,0,"['Duomo', 'Casa Giulietta']",Arena,"['Verona Tour', 'Museo Lapidario', 'Museo Radio', 'San Fermo', 'Sighseeing']",Castelvecchio,strategy_nearest,False,0.002980947494506836,success
04C07E429C4C80,0,"['Arena', 'Casa Giulietta']",Torre Lamberti,"['Sighseeing', 'Centro Fotografia', 'Museo Conte', 'Palazzo della Ragione', 'AMO']",Castelvecchio,strategy_nearest,False,0.002147674560546875,success
04C087BA7B3F80,3,"['Arena', 'Casa Giulietta', 'Torre Lamberti']",Teatro Romano,"['Santa Anastasia', 'Duomo', 'AMO', 'Palazzo della Ragione', 'Museo Conte']",Duomo,strategy_nearest,True,0.0027441978454589844,success
04C08B3A9C4C80,0,['Arena'],Castelvecchio,"['Museo Lapidario', 'Verona Tour', 'Museo Radio', 'San Zeno', 'Sighseeing']",Casa Giulietta,strategy_nearest,False,0.0033881664276123047,success
04C08A4A9C4C80,2,"['Torre Lamberti', 'Casa Giulietta']",Castelvecchio,"['Museo Lapidario', 'Verona Tour', 'Arena', 'Museo Radio', 'San Zeno']",San Zeno,strategy_nearest,True,0.003359079360961914,success
04C08C3A9C4C80,1,['Arena'],Santa Anastasia,"['AMO', 'Museo Conte', 'Palazzo della Ragione', 'Teatro Romano', 'Centro Fotografia']",Casa Giulietta,strategy_nearest,False,0.0019981861114501953,success
04C08C429C4C80,0,['Castelvecchio'],Arena,"['Verona Tour', 'Museo Lapidario', 'Museo Radio', 'San Fermo', 'Casa Giulietta']",Torre Lamberti,strategy_nearest,False,0.0026140213012695312,success
04C099BA7B3F80,3,"['Arena', 'Torre Lamberti']",Santa Anastasia,"['AMO', 'Museo Conte', 'Palazzo della Ragione', 'Teatro Romano', 'Centro Fotografia']",Duomo,strategy_nearest,False,0.003063201904296875,success
04C08F429C4C80,0,"['Arena', 'Casa Giulietta']",Casa Giulietta,"['Centro Fotografia', 'Sighseeing', 'Torre Lamberti', 'Museo Conte', 'Museo Radio']",Torre Lamberti,strategy_nearest,True,0.0021507740020751953,success
04C092BA7B3F80,3,"['Casa Giulietta', 'Torre Lamberti']",Santa Anastasia,"['AMO', 'Museo Conte', 'Palazzo della Ragione', 'Teatro Romano', 'Centro Fotografia']",Duomo,strategy_nearest,False,0.0028023719787597656,success
04C09FBA7B3F80,3,"['Arena', 'Torre Lamberti']",Santa Anastasia,"['AMO', 'Museo Conte', 'Palazzo della Ragione', 'Teatro Romano', 'Centro Fotografia']",Duomo,strategy_nearest,False,0.0024509429931640625,success
04C0A472743380,0,['Santa Anastasia'],Casa Giulietta,"['Centro Fotografia', 'Sighseeing', 'Torre Lamberti', 'Museo Conte', 'Museo Radio']",Castelvecchio,strategy_nearest,False,0.0019190311431884766,success
04C0A772743380,1,"['Arena', 'Castelvecchio']",Palazzo della Ragione,"['AMO', 'Museo Conte', 'Torre Lamberti', 'Centro Fotografia', 'Sighseeing']",Torre Lamberti,strategy_nearest,True,0.0026748180389404297,success
04C0A5BA7B3F80,3,"['Arena', 'Casa Giulietta']",Castelvecchio,"['Museo Lapidario', 'Verona Tour', 'Museo Radio', 'San Zeno', 'Sighseeing']",Torre Lamberti,strategy_nearest,False,0.0033941268920898438,success
04C0C03A9C4C80,1,"['Palazzo della Ragione', 'Santa Anastasia']",Teatro Romano,"['Duomo', 'AMO', 'Museo Conte', 'Centro Fotografia', 'Museo Miniscalchi']",Castelvecchio,strategy_nearest,False,0.0032629966735839844,success
04C0C3BA7B3F80,3,"['Arena', 'Torre Lamberti']",Santa Anastasia,"['AMO', 'Museo Conte', 'Palazzo della Ragione', 'Teatro Romano', 'Centro Fotografia']",Duomo,strategy_nearest,False,0.0025222301483154297,success
04C0C1429C4C80,0,['Casa Giulietta'],Castelvecchio,"['Museo Lapidario', 'Verona Tour', 'Arena', 'Museo Radio', 'San Zeno']",Arena,strategy_nearest,True,0.0015988349914550781,success
04C0C7BA7B3F80,3,"['Santa Anastasia', 'Torre Lamberti']",Arena,"['Verona Tour', 'Museo Lapidario', 'Museo Radio', 'San Fermo', 'Casa Giulietta']",Duomo,strategy_nearest,False,0.0018889904022216797,success
04C0C9BA7B3F80,3,"['Arena', 'Torre Lamberti']",Santa Anastasia,"['AMO', 'Museo Conte', 'Palazzo della Ragione', 'Teatro Romano', 'Centro Fotografia']",Duomo,strategy_nearest,False,0.0024449825286865234,success
04C0CC3A9C4C80,1,"['Arena', 'Casa Giulietta']",Torre Lamberti,"['Sighseeing', 'Centro Fotografia', 'Museo Conte', 'Palazzo della Ragione', 'AMO']",Torre Lamberti,strategy_nearest,False,0.0027053356170654297,success
04C0D5BA7B3F80,0,['Arena'],Casa Giulietta,"['Centro Fotografia', 'Sighseeing', 'Torre Lamberti', 'Museo Conte', 'Museo Radio']",San Zeno,strategy_nearest,False,0.0027120113372802734,success
04C0EBBA7B3F80,1,"['Casa Giulietta', 'Palazzo della Ragione']",Torre Lamberti,"['Sighseeing', 'Centro Fotografia', 'Museo Conte', 'AMO', 'Museo Miniscalchi']",Arena,strategy_nearest,False,0.002586841583251953,success
04C0F0429C4C80,3,['Arena'],Duomo,"['AMO', 'Museo Miniscalchi', 'Santa Anastasia', 'Teatro Romano', 'Palazzo della Ragione']",Santa Anastasia,strategy_nearest,True,0.0034379959106445312,success
04C0F13A9C4C80,2,"['Castelvecchio', 'Casa Giulietta']",Palazzo della Ragione,"['AMO', 'Museo Conte', 'Torre Lamberti', 'Centro Fotografia', 'Sighseeing']",Torre Lamberti,strategy_nearest,True,0.0020220279693603516,success
04C0FE3A9C4C80,3,"['Torre Lamberti', 'Casa Giulietta']",Arena,"['Verona Tour', 'Museo Lapidario', 'Museo Radio', 'San Fermo', 'Sighseeing']",Teatro Romano,strategy_nearest,False,0.002721071243286133,success
04C0F73A9C4C80,0,['Casa Giulietta'],Teatro Romano,"['Santa Anastasia', 'Duomo', 'AMO', 'Palazzo della Ragione', 'Museo Conte']",Arena,strategy_nearest,False,0.002827167510986328,success
04C1003A9C4C84,3,['Arena'],Arena,"['Verona Tour', 'Museo Lapidario', 'Museo Radio', 'San Fermo', 'Casa Giulietta']",Torre Lamberti,strategy_nearest,False,0.0032320022583007812,success
04C100BA7B3F84,3,"['Tomba Giulietta', 'Arena', 'Torre Lamberti']",Casa Giulietta,"['Centro Fotografia', 'Sighseeing', 'Museo Conte', 'Museo Radio', 'Palazzo della Ragione']",Duomo,strategy_nearest,False,0.003078937530517578,success
04C105BA7B3F84,1,"['Castelvecchio', 'Torre Lamberti', 'Palazzo della Ragione']",Casa Giulietta,"['Centro Fotografia', 'Sighseeing', 'Museo Conte', 'Museo Radio', 'San Fermo']",Teatro Romano,strategy_nearest,False,0.0026330947875976562,success
04C10CBA7B3F80,3,"['Castelvecchio', 'Casa Giulietta']",Arena,"['Verona Tour', 'Museo Lapidario', 'Museo Radio', 'San Fermo', 'Sighseeing']",Santa Anastasia,strategy_nearest,False,0.002660036087036133,success
04C10D429C4C80,1,"['Arena', 'Casa Giulietta', 'Santa Anastasia']",Castelvecchio,"['Museo Lapidario', 'Verona Tour', 'Museo Radio', 'San Zeno', 'Sighseeing']",Teatro Romano,strategy_nearest,False,0.0019769668579101562,success
04C10DBA7B3F80,1,"['Arena', 'Torre Lamberti']",Palazzo della Ragione,"['AMO', 'Museo Conte', 'Centro Fotografia', 'Sighseeing', 'Santa Anastasia']",Casa Giulietta,strategy_nearest,False,0.0018832683563232422,success
04C112BA7B3F80,1,"['Arena', 'Casa Giulietta', 'Torre Lamberti']",Palazzo della Ragione,"['AMO', 'Museo Conte', 'Centro Fotografia', 'Sighseeing', 'Santa Anastasia']",Santa Anastasia,strategy_nearest,True,0.0036318302154541016,success
04C1123A9C4C84,3,['Arena'],Casa Giulietta,"['Centro Fotografia', 'Sighseeing', 'Torre Lamberti', 'Museo Conte', 'Museo Radio']",Torre Lamberti,strategy_nearest,True,0.003902912139892578,success
04C113BA7B3F80,0,"['Castelvecchio', 'Arena']",Santa Anastasia,"['AMO', 'Museo Conte', 'Palazzo della Ragione', 'Teatro Romano', 'Centro Fotografia']",Casa Giulietta,strategy_nearest,False,0.003422975540161133,success
04C113429C4C80,0,"['Arena', 'Torre Lamberti']",Casa Giulietta,"['Centro Fotografia', 'Sighseeing', 'Museo Conte', 'Museo Radio', 'Palazzo della Ragione']",Museo Storia,strategy_nearest,False,0.001712799072265625,success
04C119BA7B3F80,3,"['Castelvecchio', 'Torre Lamberti']",Duomo,"['AMO', 'Museo Miniscalchi', 'Santa Anastasia', 'Teatro Romano', 'Palazzo della Ragione']",Teatro Romano,strategy_nearest,True,0.0019040107727050781,success
04C118BA7B3F80,3,"['Castelvecchio', 'Casa Giulietta']",Arena,"['Verona Tour', 'Museo Lapidario', 'Museo Radio', 'San Fermo', 'Sighseeing']",Santa Anastasia,strategy_nearest,False,0.0026378631591796875,success
04C11FBA7B3F80,1,"['Castelvecchio', 'Arena']",Torre Lamberti,"['Sighseeing', 'Centro Fotografia', 'Museo Conte', 'Casa Giulietta', 'Palazzo della Ragione']",Torre Lamberti,strategy_nearest,False,0.002651214599609375,success
04C120BA7B3F80,1,"['Arena', 'Torre Lamberti']",Palazzo della Ragione,"['AMO', 'Museo Conte', 'Centro Fotografia', 'Sighseeing', 'Santa Anastasia']",Casa Giulietta,strategy_nearest,False,0.003393888473510742,success
04C125BA7B3F80,3,"['Castelvecchio', 'Casa Giulietta']",Arena,"['Verona Tour', 'Museo Lapidario', 'Museo Radio', 'San Fermo', 'Sighseeing']",Santa Anastasia,strategy_nearest,False,0.0020122528076171875,success
04C126BA7B3F80,3,"['Arena', 'Castelvecchio']",Casa Giulietta,"['Centro Fotografia', 'Sighseeing', 'Torre Lamberti', 'Museo Conte', 'Museo Radio']",Torre Lamberti,strategy_nearest,True,0.002676248550415039,success
04C12ABA7B3F80,0,['Arena'],Casa Giulietta,"['Centro Fotografia', 'Sighseeing', 'Torre Lamberti', 'Museo Conte', 'Museo Radio']",Castelvecchio,strategy_nearest,False,0.003142833709716797,success
04C12CBA7B3F80,1,"['Arena', 'Casa Giulietta', 'Torre Lamberti']",Palazzo della Ragione,"['AMO', 'Museo Conte', 'Centro Fotografia', 'Sighseeing', 'Santa Anastasia']",Castelvecchio,strategy_nearest,False,0.0032308101654052734,success
04C12DBA7B3F80,3,"['Arena', 'Torre Lamberti', 'Casa Giulietta', 'Castelvecchio']",San Fermo,"['Museo Storia', 'Museo Radio', 'Centro Fotografia', 'Sighseeing', 'Museo Conte']",Giardino Giusti,strategy_nearest,False,0.0019490718841552734,success
04C132BA7B3F80,3,"['Castelvecchio', 'Casa Giulietta']",Arena,"['Verona Tour', 'Museo Lapidario', 'Museo Radio', 'San Fermo', 'Sighseeing']",Santa Anastasia,strategy_nearest,False,0.003180980682373047,success
04C138BA7B3F80,0,['Arena'],Casa Giulietta,"['Centro Fotografia', 'Sighseeing', 'Torre Lamberti', 'Museo Conte', 'Museo Radio']",Tomba Giulietta,strategy_nearest,False,0.0027990341186523438,success
04C13ABA7B3F80,3,"['San Zeno', 'Casa Giulietta']",Santa Anastasia,"['AMO', 'Museo Conte', 'Palazzo della Ragione', 'Teatro Romano', 'Centro Fotografia']",Duomo,strategy_nearest,False,0.0014820098876953125,success
04C13F3A9C4C80,2,['Torre Lamberti'],Santa Anastasia,"['AMO', 'Museo Conte', 'Palazzo della Ragione', 'Teatro Romano', 'Centro Fotografia']",Duomo,strategy_nearest,False,0.0027129650115966797,success
04C133BA7B3F80,3,"['Arena', 'Castelvecchio']",Casa Giulietta,"['Centro Fotografia', 'Sighseeing', 'Torre Lamberti', 'Museo Conte', 'Museo Radio']",Torre Lamberti,strategy_nearest,True,0.0054891109466552734,success
04C140BA7B3F80,3,"['Casa Giulietta', 'Torre Lamberti', 'Santa Anastasia']",Arena,"['Verona Tour', 'Museo Lapidario', 'Museo Radio', 'San Fermo', 'Sighseeing']",Tomba Giulietta,strategy_nearest,False,0.002289295196533203,success
04C146BA7B3F80,2,['Castelvecchio'],Casa Giulietta,"['Centro Fotografia', 'Sighseeing', 'Torre Lamberti', 'Museo Conte', 'Museo Radio']",Torre Lamberti,strategy_nearest,True,0.0019009113311767578,success
04C1423A9C4C80,0,['Arena'],Casa Giulietta,"['Centro Fotografia', 'Sighseeing', 'Torre Lamberti', 'Museo Conte', 'Museo Radio']",Teatro Romano,strategy_nearest,False,0.003535032272338867,success
04C14CBA7B3F80,3,"['Arena', 'Casa Giulietta', 'Torre Lamberti']",Castelvecchio,"['Museo Lapidario', 'Verona Tour', 'Museo Radio', 'San Zeno', 'Sighseeing']",Teatro Romano,strategy_nearest,False,0.002562999725341797,success
04C14E3A9C4C80,3,['Arena'],San Zeno,"['Castelvecchio', 'Verona Tour', 'Museo Lapidario', 'Museo Miniscalchi', 'Sighseeing']",Duomo,strategy_nearest,False,0.0026350021362304688,success
04C159BA7B3F80,0,['Arena'],Torre Lamberti,"['Sighseeing', 'Centro Fotografia', 'Museo Conte', 'Casa Giulietta', 'Palazzo della Ragione']",Giardino Giusti,strategy_nearest,False,0.0019028186798095703,success
04C14EBA7B3F80,1,"['Teatro Romano', 'Giardino Giusti']",Arena,"['Verona Tour', 'Museo Lapidario', 'Museo Radio', 'San Fermo', 'Casa Giulietta']",Tomba Giulietta,strategy_nearest,False,0.003386974334716797,success
04C160429C4C80,1,"['Castelvecchio', 'Museo Lapidario', 'Arena']",San Zeno,"['Verona Tour', 'Museo Miniscalchi', 'Sighseeing', 'Museo Radio', 'Torre Lamberti']",Casa Giulietta,strategy_nearest,False,0.0034329891204833984,success
04C166BA7B3F80,1,"['Arena', 'San Fermo']",Casa Giulietta,"['Centro Fotografia', 'Sighseeing', 'Torre Lamberti', 'Museo Conte', 'Museo Radio']",Torre Lamberti,strategy_nearest,True,0.0030961036682128906,success
04C167BA7B3F80,0,['Arena'],Torre Lamberti,"['Sighseeing', 'Centro Fotografia', 'Museo Conte', 'Casa Giulietta', 'Palazzo della Ragione']",Giardino Giusti,strategy_nearest,False,0.0017499923706054688,success
04C173BA7B3F80,0,['Arena'],Casa Giulietta,"['Centro Fotografia', 'Sighseeing', 'Torre Lamberti', 'Museo Conte', 'Museo Radio']",Torre Lamberti,strategy_nearest,True,0.0017249584197998047,success
04C1733A9C4C80,3,['Arena'],Casa Giulietta,"['Centro Fotografia', 'Sighseeing', 'Torre Lamberti', 'Museo Conte', 'Museo Radio']",Santa Anastasia,strategy_nearest,False,0.003988027572631836,success
04C174BA7B3F80,0,['Arena'],Torre Lamberti,"['Sighseeing', 'Centro Fotografia', 'Museo Conte', 'Casa Giulietta', 'Palazzo della Ragione']",Giardino Giusti,strategy_nearest,False,0.001847982406616211,success
04C179BA7B3F80,0,['Casa Giulietta'],San Zeno,"['Castelvecchio', 'Verona Tour', 'Museo Lapidario', 'Arena', 'Museo Miniscalchi']",Arena,strategy_nearest,True,0.0023751258850097656,success
04C17A4A9C4C80,0,['Arena'],Santa Anastasia,"['AMO', 'Museo Conte', 'Palazzo della Ragione', 'Teatro Romano', 'Centro Fotografia']",Castelvecchio,strategy_nearest,False,0.002556324005126953,success
04C1794A9C4C80,0,"['Arena', 'Castelvecchio']",Casa Giulietta,"['Centro Fotografia', 'Sighseeing', 'Torre Lamberti', 'Museo Conte', 'Museo Radio']",Torre Lamberti,strategy_nearest,True,0.0033271312713623047,success
04C17C429C4C80,3,"['Arena', 'Casa Giulietta']",Torre Lamberti,"['Sighseeing', 'Centro Fotografia', 'Museo Conte', 'Palazzo della Ragione', 'AMO']",Santa Anastasia,strategy_nearest,False,0.0035190582275390625,success
04C1823A9C4C80,0,['Arena'],Teatro Romano,"['Santa Anastasia', 'Duomo', 'AMO', 'Palazzo della Ragione', 'Museo Conte']",Casa Giulietta,strategy_nearest,False,0.0023801326751708984,success
04C17FBA7B3F80,3,"['Arena', 'Castelvecchio']",Casa Giulietta,"['Centro Fotografia', 'Sighseeing', 'Torre Lamberti', 'Museo Conte', 'Museo Radio']",Santa Anastasia,strategy_nearest,False,0.0024907588958740234,success
04C184429C4C80,1,['Arena'],Torre Lamberti,"['Sighseeing', 'Centro Fotografia', 'Museo Conte', 'Casa Giulietta', 'Palazzo della Ragione']",Palazzo della Ragione,strategy_nearest,True,0.002833843231201172,success
04C1853A9C4C80,1,"['Museo Lapidario', 'Arena']",Palazzo della Ragione,"['AMO', 'Museo Conte', 'Torre Lamberti', 'Centro Fotografia', 'Sighseeing']",Torre Lamberti,strategy_nearest,True,0.003403902053833008,success
04C187BA7B3F80,0,['Arena'],Casa Giulietta,"['Centro Fotografia', 'Sighseeing', 'Torre Lamberti', 'Museo Conte', 'Museo Radio']",Torre Lamberti,strategy_nearest,True,0.0034389495849609375,success
04C1893A9C4C80,1,"['Casa Giulietta', 'Torre Lamberti']",Palazzo della Ragione,"['AMO', 'Museo Conte', 'Centro Fotografia', 'Sighseeing', 'Santa Anastasia']",Arena,strategy_nearest,False,0.002505064010620117,success
04C18CBA7B3F80,0,['Arena'],Casa Giulietta,"['Centro Fotografia', 'Sighseeing', 'Torre Lamberti', 'Museo Conte', 'Museo Radio']",Tomba Giulietta,strategy_nearest,False,0.0024330615997314453,success
04C18D4A9C4C80,0,['Arena'],Museo Lapidario,"['Verona Tour', 'Castelvecchio', 'Museo Radio', 'San Fermo', 'Casa Giulietta']",Castelvecchio,strategy_nearest,True,0.0034041404724121094,success
04C18DBA7B3F80,3,"['Arena', 'San Fermo', 'Santa Anastasia']",Teatro Romano,"['Duomo', 'AMO', 'Palazzo della Ragione', 'Museo Conte', 'Centro Fotografia']",Casa Giulietta,strategy_nearest,False,0.0019807815551757812,success
04C193BA7B3F80,2,['Castelvecchio'],Casa Giulietta,"['Centro Fotografia', 'Sighseeing', 'Torre Lamberti', 'Museo Conte', 'Museo Radio']",Torre Lamberti,strategy_nearest,True,0.003181934356689453,success
04C194BA7B3F80,3,"['Arena', 'Casa Giulietta', 'Torre Lamberti']",Castelvecchio,"['Museo Lapidario', 'Verona Tour', 'Museo Radio', 'San Zeno', 'Sighseeing']",Teatro Romano,strategy_nearest,False,0.0018601417541503906,success
04C199BA7B3F80,3,"['Arena', 'Casa Giulietta', 'San Fermo']",Torre Lamberti,"['Sighseeing', 'Centro Fotografia', 'Museo Conte', 'Palazzo della Ragione', 'AMO']",Castelvecchio,strategy_nearest,False,0.002198934555053711,success
04C19FBA7B3F80,3,"['Arena', 'San Fermo', 'Santa Anastasia']",Teatro Romano,"['Duomo', 'AMO', 'Palazzo della Ragione', 'Museo Conte', 'Centro Fotografia']",Casa Giulietta,strategy_nearest,False,0.0030820369720458984,success
04C19ABA7B3F80,4,"['Torre Lamberti', 'Casa Giulietta', 'Museo Lapidario', 'Arena']",Giardino Giusti,"['Santa Anastasia', 'Teatro Romano', 'Museo Conte', 'Centro Fotografia', 'Museo Storia']",Santa Anastasia,strategy_nearest,True,0.0027320384979248047,success
04C1A0BA7B3F80,1,"['Arena', 'Casa Giulietta', 'Torre Lamberti']",Palazzo della Ragione,"['AMO', 'Museo Conte', 'Centro Fotografia', 'Sighseeing', 'Santa Anastasia']",Teatro Romano,strategy_nearest,False,0.0024247169494628906,success
04C1A53A9C4C80,4,['Palazzo della Ragione'],Casa Giulietta,"['Centro Fotografia', 'Sighseeing', 'Torre Lamberti', 'Museo Conte', 'Museo Radio']",Museo Radio,strategy_nearest,True,0.002068042755126953,success
04C1A6BA7B3F80,1,"['Arena', 'Museo Lapidario', 'Tomba Giulietta', 'Castelvecchio', 'Santa Anastasia']",San Fermo,"['Museo Storia', 'Museo Radio', 'Casa Giulietta', 'Centro Fotografia', 'Sighseeing']",Museo Storia,strategy_nearest,True,0.00292205810546875,success
04C1AB429C4C80,0,"['Castelvecchio', 'Arena']",Torre Lamberti,"['Sighseeing', 'Centro Fotografia', 'Museo Conte', 'Casa Giulietta', 'Palazzo della Ragione']",Casa Giulietta,strategy_nearest,True,0.0030159950256347656,success
04C1A7BA7B3F80,4,"['Torre Lamberti', 'Casa Giulietta', 'Museo Lapidario', 'Arena', 'Giardino Giusti']",Santa Anastasia,"['AMO', 'Museo Conte', 'Palazzo della Ragione', 'Teatro Romano', 'Centro Fotografia']",Duomo,strategy_nearest,False,0.002585172653198242,success
04C1ACBA7B3F80,2,"['Casa Giulietta', 'Palazzo della Ragione', 'Torre Lamberti']",Santa Anastasia,"['AMO', 'Museo Conte', 'Teatro Romano', 'Centro Fotografia', 'Duomo']",Teatro Romano,strategy_nearest,True,0.002595186233520508,success
04C1AD429C4C80,3,"['Arena', 'Casa Giulietta']",Santa Anastasia,"['AMO', 'Museo Conte', 'Palazzo della Ragione', 'Teatro Romano', 'Centro Fotografia']",Duomo,strategy_nearest,False,0.0032241344451904297,success
04C1ADBA7B3F80,3,"['Arena', 'Santa Anastasia']",Casa Giulietta,"['Centro Fotografia', 'Sighseeing', 'Torre Lamberti', 'Museo Conte', 'Museo Radio']",Teatro Romano,strategy_nearest,False,0.0027408599853515625,success
04C1B7429C4C80,3,"['Arena', 'Torre Lamberti']",Casa Giulietta,"['Centro Fotografia', 'Sighseeing', 'Museo Conte', 'Museo Radio', 'Palazzo della Ragione']",Santa Anastasia,strategy_nearest,False,0.0027608871459960938,success
04C1B9BA7B3F80,2,"['Casa Giulietta', 'Palazzo della Ragione']",Torre Lamberti,"['Sighseeing', 'Centro Fotografia', 'Museo Conte', 'AMO', 'Museo Miniscalchi']",Teatro Romano,strategy_nearest,False,0.0024471282958984375,success
04C1B2BA7B3F80,1,"['Arena', 'Casa Giulietta', 'Tomba Giulietta']",Castelvecchio,"['Museo Lapidario', 'Verona Tour', 'Museo Radio', 'San Zeno', 'Sighseeing']",San Fermo,strategy_nearest,False,0.002447843551635742,success
04C1C0429C4C80,0,['Arena'],Casa Giulietta,"['Centro Fotografia', 'Sighseeing', 'Torre Lamberti', 'Museo Conte', 'Museo Radio']",Torre Lamberti,strategy_nearest,True,0.0020322799682617188,success
04C1BD429C4C80,0,['Arena'],Casa Giulietta,"['Centro Fotografia', 'Sighseeing', 'Torre Lamberti', 'Museo Conte', 'Museo Radio']",Castelvecchio,strategy_nearest,False,0.0028018951416015625,success
04C1BDBA7B3F80,1,"['Castelvecchio', 'Arena']",Casa Giulietta,"['Centro Fotografia', 'Sighseeing', 'Torre Lamberti', 'Museo Conte', 'Museo Radio']",Palazzo della Ragione,strategy_nearest,False,0.0029549598693847656,success
04C1C53A9C4C80,0,"['Castelvecchio', 'Tomba Giulietta']",Arena,"['Verona Tour', 'Museo Lapidario', 'Museo Radio', 'San Fermo', 'Casa Giulietta']",Casa Giulietta,strategy_nearest,True,0.002994060516357422,success
04C1D3BA7B3F80,1,"['Arena', 'Casa Giulietta']",Santa Anastasia,"['AMO', 'Museo Conte', 'Palazzo della Ragione', 'Teatro Romano', 'Centro Fotografia']",Torre Lamberti,strategy_nearest,False,0.0024330615997314453,success
04C1D9BA7B3F80,0,"['Arena', 'Casa Giulietta']",Torre Lamberti,"['Sighseeing', 'Centro Fotografia', 'Museo Conte', 'Palazzo della Ragione', 'AMO']",Tomba Giulietta,strategy_nearest,False,0.0027358531951904297,success
04C1DABA7B3F80,1,"['Arena', 'Casa Giulietta', 'Torre Lamberti', 'Palazzo della Ragione', 'Giardino Giusti', 'Teatro Romano']",Castelvecchio,"['Museo Lapidario', 'Verona Tour', 'Museo Radio', 'San Zeno', 'Sighseeing']",San Zeno,strategy_nearest,True,0.002398967742919922,success
04C1DDBA7B3F80,0,['Arena'],Casa Giulietta,"['Centro Fotografia', 'Sighseeing', 'Torre Lamberti', 'Museo Conte', 'Museo Radio']",San Zeno,strategy_nearest,False,0.0033159255981445312,success
04C1E0BA7B3F80,3,"['Casa Giulietta', 'Torre Lamberti', 'Santa Anastasia']",Arena,"['Verona Tour', 'Museo Lapidario', 'Museo Radio', 'San Fermo', 'Sighseeing']",Tomba Giulietta,strategy_nearest,False,0.002810955047607422,success
04C1E83A9C4C80,2,['San Fermo'],Torre Lamberti,"['Sighseeing', 'Centro Fotografia', 'Museo Conte', 'Casa Giulietta', 'Palazzo della Ragione']",San Zeno,strategy_nearest,False,0.0025739669799804688,success
04C1E5BA7B3F80,3,"['Arena', 'Santa Anastasia']",Casa Giulietta,"['Centro Fotografia', 'Sighseeing', 'Torre Lamberti', 'Museo Conte', 'Museo Radio']",Teatro Romano,strategy_nearest,False,0.0026998519897460938,success
04C1ECBA7B3F80,1,"['Castelvecchio', 'Torre Lamberti', 'Palazzo della Ragione']",Casa Giulietta,"['Centro Fotografia', 'Sighseeing', 'Museo Conte', 'Museo Radio', 'San Fermo']",Teatro Romano,strategy_nearest,False,0.0026731491088867188,success
04C1E7BA7B3F80,3,"['Tomba Giulietta', 'Arena', 'Torre Lamberti']",Casa Giulietta,"['Centro Fotografia', 'Sighseeing', 'Museo Conte', 'Museo Radio', 'Palazzo della Ragione']",Duomo,strategy_nearest,False,0.004897594451904297,success
04C1EE3A9C4C80,0,['Casa Giulietta'],Teatro Romano,"['Santa Anastasia', 'Duomo', 'AMO', 'Palazzo della Ragione', 'Museo Conte']",Arena,strategy_nearest,False,0.0025968551635742188,success
04C1F6BA7B3F80,1,"['Arena', 'Casa Giulietta', 'Museo Storia', 'Teatro Romano', 'Museo Lapidario']",San Zeno,"['Castelvecchio', 'Verona Tour', 'Museo Miniscalchi', 'Sighseeing', 'Museo Radio']",Castelvecchio,strategy_nearest,True,0.0019390583038330078,success
04C1EF429C4C80,1,"['Arena', 'Palazzo della Ragione', 'Torre Lamberti', 'Casa Giulietta']",San Fermo,"['Museo Storia', 'Museo Radio', 'Centro Fotografia', 'Sighseeing', 'Museo Conte']",Giardino Giusti,strategy_nearest,False,0.003242015838623047,success
04C1F93A9C4C80,1,"['Castelvecchio', 'Palazzo della Ragione', 'Torre Lamberti']",Casa Giulietta,"['Centro Fotografia', 'Sighseeing', 'Museo Conte', 'Museo Radio', 'San Fermo']",Arena,strategy_nearest,False,0.0031430721282958984,success
04C1FABA7B3F80,1,"['Arena', 'San Fermo']",Casa Giulietta,"['Centro Fotografia', 'Sighseeing', 'Torre Lamberti', 'Museo Conte', 'Museo Radio']",Torre Lamberti,strategy_nearest,True,0.0031418800354003906,success
04C1FDBA7B3F80,1,"['Casa Giulietta', 'Torre Lamberti', 'Palazzo della Ragione']",Castelvecchio,"['Museo Lapidario', 'Verona Tour', 'Arena', 'Museo Radio', 'San Zeno']",Arena,strategy_nearest,True,0.0025370121002197266,success
04C1FFBA7B3F80,3,"['Arena', 'Torre Lamberti', 'Tomba Giulietta']",Casa Giulietta,"['Centro Fotografia', 'Sighseeing', 'Museo Conte', 'Museo Radio', 'Palazzo della Ragione']",San Zeno,strategy_nearest,False,0.0032918453216552734,success
04C260BA7B3F80,1,"['Arena', 'Museo Lapidario', 'Castelvecchio', 'Casa Giulietta']",Torre Lamberti,"['Sighseeing', 'Centro Fotografia', 'Museo Conte', 'Palazzo della Ragione', 'AMO']",Palazzo della Ragione,strategy_nearest,True,0.002547025680541992,success
04C2A772743380,3,"['Arena', 'San Fermo', 'Casa Giulietta']",Torre Lamberti,"['Sighseeing', 'Centro Fotografia', 'Museo Conte', 'Palazzo della Ragione', 'AMO']",Santa Anastasia,strategy_nearest,False,0.0029489994049072266,success
04C2C73A9C4C80,1,"['Arena', 'Casa Giulietta', 'Palazzo della Ragione']",Torre Lamberti,"['Sighseeing', 'Centro Fotografia', 'Museo Conte', 'AMO', 'Museo Miniscalchi']",Duomo,strategy_nearest,False,0.0033431053161621094,success
04C30ABA7B3F80,3,"['Torre Lamberti', 'Castelvecchio']",Arena,"['Verona Tour', 'Museo Lapidario', 'Museo Radio', 'San Fermo', 'Casa Giulietta']",Casa Giulietta,strategy_nearest,True,0.002689838409423828,success
04C311BA7B3F80,3,"['Torre Lamberti', 'Casa Giulietta']",Santa Anastasia,"['AMO', 'Museo Conte', 'Palazzo della Ragione', 'Teatro Romano', 'Centro Fotografia']",Duomo,strategy_nearest,False,0.0025539398193359375,success
04C30BBA7B3F80,1,"['Arena', 'Torre Lamberti', 'Palazzo della Ragione']",Santa Anastasia,"['AMO', 'Museo Conte', 'Teatro Romano', 'Centro Fotografia', 'Duomo']",Duomo,strategy_nearest,True,0.0034172534942626953,success
04C313BA7B3F80,0,['Castelvecchio'],Arena,"['Verona Tour', 'Museo Lapidario', 'Museo Radio', 'San Fermo', 'Casa Giulietta']",Torre Lamberti,strategy_nearest,False,0.0031499862670898438,success
04C316BA7B3F80,3,['Torre Lamberti'],Santa Anastasia,"['AMO', 'Museo Conte', 'Palazzo della Ragione', 'Teatro Romano', 'Centro Fotografia']",Castelvecchio,strategy_nearest,False,0.004111766815185547,success
04C31A3A9C4C84,0,['Arena'],Casa Giulietta,"['Centro Fotografia', 'Sighseeing', 'Torre Lamberti', 'Museo Conte', 'Museo Radio']",Duomo,strategy_nearest,False,0.0018689632415771484,success
04C317BA7B3F80,3,"['Arena', 'Torre Lamberti', 'Casa Giulietta', 'Castelvecchio']",San Fermo,"['Museo Storia', 'Museo Radio', 'Centro Fotografia', 'Sighseeing', 'Museo Conte']",Giardino Giusti,strategy_nearest,False,0.0028200149536132812,success
04C31E3A9C4C84,0,"['Torre Lamberti', 'Casa Giulietta']",Arena,"['Verona Tour', 'Museo Lapidario', 'Museo Radio', 'San Fermo', 'Sighseeing']",Castelvecchio,strategy_nearest,False,0.0026590824127197266,success
04C31EBA7B3F80,0,['Castelvecchio'],Arena,"['Verona Tour', 'Museo Lapidario', 'Museo Radio', 'San Fermo', 'Casa Giulietta']",Casa Giulietta,strategy_nearest,True,0.0028307437896728516,success
04C31FBA7B3F80,2,"['Museo Lapidario', 'Castelvecchio', 'Tomba Giulietta', 'San Fermo']",Casa Giulietta,"['Centro Fotografia', 'Sighseeing', 'Torre Lamberti', 'Museo Conte', 'Museo Radio']",Torre Lamberti,strategy_nearest,True,0.0018298625946044922,success
04C324BA7B3F80,3,"['Arena', 'Torre Lamberti', 'Casa Giulietta', 'Castelvecchio']",San Fermo,"['Museo Storia', 'Museo Radio', 'Centro Fotografia', 'Sighseeing', 'Museo Conte']",Giardino Giusti,strategy_nearest,False,0.002438783645629883,success
04C3243A9C4C84,0,['Casa Giulietta'],Palazzo della Ragione,"['AMO', 'Museo Conte', 'Torre Lamberti', 'Centro Fotografia', 'Sighseeing']",Arena,strategy_nearest,False,0.0033478736877441406,success
04C3253A9C4C80,1,"['Arena', 'Casa Giulietta', 'Teatro Romano']",Castelvecchio,"['Museo Lapidario', 'Verona Tour', 'Museo Radio', 'San Zeno', 'Sighseeing']",Tomba Giulietta,strategy_nearest,False,0.0017390251159667969,success
04C325BA7B3F80,0,['Arena'],Torre Lamberti,"['Sighseeing', 'Centro Fotografia', 'Museo Conte', 'Casa Giulietta', 'Palazzo della Ragione']",Casa Giulietta,strategy_nearest,True,0.0025489330291748047,success
04C32BBA7B3F80,1,"['Castelvecchio', 'Arena']",Torre Lamberti,"['Sighseeing', 'Centro Fotografia', 'Museo Conte', 'Casa Giulietta', 'Palazzo della Ragione']",Palazzo della Ragione,strategy_nearest,True,0.002475738525390625,success
04C3273A9C4C84,0,['Arena'],Casa Giulietta,"['Centro Fotografia', 'Sighseeing', 'Torre Lamberti', 'Museo Conte', 'Museo Radio']",Torre Lamberti,strategy_nearest,True,0.0026221275329589844,success
04C32ABA7B3F80,0,['Castelvecchio'],Arena,"['Verona Tour', 'Museo Lapidario', 'Museo Radio', 'San Fermo', 'Casa Giulietta']",Casa Giulietta,strategy_nearest,True,0.003229856491088867,success
04C330BA7B3F80,3,"['Arena', 'Torre Lamberti', 'Casa Giulietta', 'Castelvecchio']",San Fermo,"['Museo Storia', 'Museo Radio', 'Centro Fotografia', 'Sighseeing', 'Museo Conte']",Giardino Giusti,strategy_nearest,False,0.0016682147979736328,success
04C32F429C4C80,3,['Arena'],Casa Giulietta,"['Centro Fotografia', 'Sighseeing', 'Torre Lamberti', 'Museo Conte', 'Museo Radio']",Duomo,strategy_nearest,False,0.002546072006225586,success
04C336BA7B3F80,1,"['Castelvecchio', 'Arena', 'Casa Giulietta']",Torre Lamberti,"['Sighseeing', 'Centro Fotografia', 'Museo Conte', 'Palazzo della Ragione', 'AMO']",Palazzo della Ragione,strategy_nearest,True,0.0031540393829345703,success
04C331BA7B3F80,0,['Arena'],Torre Lamberti,"['Sighseeing', 'Centro Fotografia', 'Museo Conte', 'Casa Giulietta', 'Palazzo della Ragione']",Casa Giulietta,strategy_nearest,True,0.0027289390563964844,success
04C338BA7B3F80,1,"['Castelvecchio', 'San Fermo', 'Tomba Giulietta']",Palazzo della Ragione,"['AMO', 'Museo Conte', 'Torre Lamberti', 'Centro Fotografia', 'Sighseeing']",Casa Giulietta,strategy_nearest,False,0.0026700496673583984,success
04C337BA7B3F80,1,['Castelvecchio'],Arena,"['Verona Tour', 'Museo Lapidario', 'Museo Radio', 'San Fermo', 'Casa Giulietta']",Palazzo della Ragione,strategy_nearest,False,0.0027251243591308594,success
04C339429C4C80,0,['Arena'],Torre Lamberti,"['Sighseeing', 'Centro Fotografia', 'Museo Conte', 'Casa Giulietta', 'Palazzo della Ragione']",Torre Lamberti,strategy_nearest,False,0.0026922225952148438,success
04C33FBA7B3F80,1,"['Arena', 'Torre Lamberti', 'Palazzo della Ragione', 'Santa Anastasia']",Duomo,"['AMO', 'Museo Miniscalchi', 'Teatro Romano', 'Museo Conte', 'Centro Fotografia']",Castelvecchio,strategy_nearest,False,0.0022017955780029297,success
04C3393A9C4C80,0,['Arena'],Casa Giulietta,"['Centro Fotografia', 'Sighseeing', 'Torre Lamberti', 'Museo Conte', 'Museo Radio']",Teatro Romano,strategy_nearest,False,0.004266977310180664,success
04C341BA7B3F80,0,"['Casa Giulietta', 'Torre Lamberti']",Castelvecchio,"['Museo Lapidario', 'Verona Tour', 'Arena', 'Museo Radio', 'San Zeno']",Arena,strategy_nearest,True,0.002937793731689453,success
04C344BA7B3F80,1,"['Castelvecchio', 'Arena', 'Casa Giulietta', 'Torre Lamberti']",Palazzo della Ragione,"['AMO', 'Museo Conte', 'Centro Fotografia', 'Sighseeing', 'Santa Anastasia']",Santa Anastasia,strategy_nearest,True,0.0018150806427001953,success
04C345BA7B3F80,1,"['Castelvecchio', 'Arena']",Torre Lamberti,"['Sighseeing', 'Centro Fotografia', 'Museo Conte', 'Casa Giulietta', 'Palazzo della Ragione']",Palazzo della Ragione,strategy_nearest,True,0.003604888916015625,success
04C34BBA7B3F80,3,"['Castelvecchio', 'Torre Lamberti']",Santa Anastasia,"['AMO', 'Museo Conte', 'Palazzo della Ragione', 'Teatro Romano', 'Centro Fotografia']",Duomo,strategy_nearest,False,0.0035278797149658203,success
04C351BA7B3F80,0,"['Castelvecchio', 'Arena']",Santa Anastasia,"['AMO', 'Museo Conte', 'Palazzo della Ragione', 'Teatro Romano', 'Centro Fotografia']",Casa Giulietta,strategy_nearest,False,0.0034356117248535156,success
04C3423A9C4C80,0,['Casa Giulietta'],Tomba Giulietta,"['San Fermo', 'Museo Storia', 'Arena', 'Museo Lapidario', 'Museo Radio']",Castelvecchio,strategy_nearest,False,0.0025758743286132812,success
04C357BA7B3F80,1,"['Arena', 'Castelvecchio']",Santa Anastasia,"['AMO', 'Museo Conte', 'Palazzo della Ragione', 'Teatro Romano', 'Centro Fotografia']",Torre Lamberti,strategy_nearest,False,0.0012972354888916016,success
04C364BA7B3F80,0,"['Torre Lamberti', 'Arena']",Casa Giulietta,"['Centro Fotografia', 'Sighseeing', 'Museo Conte', 'Museo Radio', 'Palazzo della Ragione']",Tomba Giulietta,strategy_nearest,False,0.001960277557373047,success
04C35DBA7B3F80,1,"['Arena', 'San Fermo', 'Museo Lapidario']",Castelvecchio,"['Verona Tour', 'Museo Radio', 'San Zeno', 'Sighseeing', 'Museo Miniscalchi']",Teatro Romano,strategy_nearest,False,0.003000020980834961,success
04C365BA7B3F80,1,"['Arena', 'Castelvecchio']",Santa Anastasia,"['AMO', 'Museo Conte', 'Palazzo della Ragione', 'Teatro Romano', 'Centro Fotografia']",Torre Lamberti,strategy_nearest,False,0.003384828567504883,success
04C3713A9C4C80,0,['Arena'],Casa Giulietta,"['Centro Fotografia', 'Sighseeing', 'Torre Lamberti', 'Museo Conte', 'Museo Radio']",Torre Lamberti,strategy_nearest,True,0.0019588470458984375,success
04C36CBA7B3F80,1,"['Arena', 'San Fermo', 'Museo Lapidario']",Castelvecchio,"['Verona Tour', 'Museo Radio', 'San Zeno', 'Sighseeing', 'Museo Miniscalchi']",Teatro Romano,strategy_nearest,False,0.0034580230712890625,success
04C373BA7B3F80,1,"['Arena', 'Torre Lamberti', 'Palazzo della Ragione', 'Santa Anastasia']",Duomo,"['AMO', 'Museo Miniscalchi', 'Teatro Romano', 'Museo Conte', 'Centro Fotografia']",Castelvecchio,strategy_nearest,False,0.003195047378540039,success
04C372BA7B3F80,1,"['Torre Lamberti', 'Palazzo della Ragione', 'Casa Giulietta']",Arena,"['Verona Tour', 'Museo Lapidario', 'Museo Radio', 'San Fermo', 'Sighseeing']",Tomba Giulietta,strategy_nearest,False,0.00341796875,success
04C379BA7B3F80,1,"['Torre Lamberti', 'Palazzo della Ragione', 'Casa Giulietta', 'Arena']",Museo Lapidario,"['Verona Tour', 'Castelvecchio', 'Museo Radio', 'San Fermo', 'Tomba Giulietta']",Castelvecchio,strategy_nearest,True,0.0025429725646972656,success
04C37B3A9C4C80,0,['Teatro Romano'],Arena,"['Verona Tour', 'Museo Lapidario', 'Museo Radio', 'San Fermo', 'Casa Giulietta']",Torre Lamberti,strategy_nearest,False,0.003271818161010742,success
04C37E3A9C4C80,3,"['Casa Giulietta', 'Torre Lamberti']",Santa Anastasia,"['AMO', 'Museo Conte', 'Palazzo della Ragione', 'Teatro Romano', 'Centro Fotografia']",Duomo,strategy_nearest,False,0.0029659271240234375,success
04C37E429C4C80,0,['Arena'],Casa Giulietta,"['Centro Fotografia', 'Sighseeing', 'Torre Lamberti', 'Museo Conte', 'Museo Radio']",Torre Lamberti,strategy_nearest,True,0.0039708614349365234,success
04C37EBA7B3F80,1,"['Torre Lamberti', 'Palazzo della Ragione', 'Casa Giulietta']",Arena,"['Verona Tour', 'Museo Lapidario', 'Museo Radio', 'San Fermo', 'Sighseeing']",Tomba Giulietta,strategy_nearest,False,0.0025391578674316406,success
04C3833A9C4C80,3,"['Arena', 'Casa Giulietta']",Torre Lamberti,"['Sighseeing', 'Centro Fotografia', 'Museo Conte', 'Palazzo della Ragione', 'AMO']",Santa Anastasia,strategy_nearest,False,0.0036258697509765625,success
04C385BA7B3F80,1,"['Torre Lamberti', 'Palazzo della Ragione', 'Casa Giulietta', 'Arena']",Museo Lapidario,"['Verona Tour', 'Castelvecchio', 'Museo Radio', 'San Fermo', 'Tomba Giulietta']",Castelvecchio,strategy_nearest,True,0.001905202865600586,success
04C3883A9C4C80,1,"['Arena', 'Casa Giulietta', 'Torre Lamberti']",Palazzo della Ragione,"['AMO', 'Museo Conte', 'Centro Fotografia', 'Sighseeing', 'Santa Anastasia']",Santa Anastasia,strategy_nearest,True,0.002315998077392578,success
04C38A429C4C80,0,['Torre Lamberti'],Casa Giulietta,"['Centro Fotografia', 'Sighseeing', 'Museo Conte', 'Museo Radio', 'Palazzo della Ragione']",Arena,strategy_nearest,False,0.0021440982818603516,success
04C38A3A9C4C80,1,"['Tomba Giulietta', 'Arena', 'Casa Giulietta']",Palazzo della Ragione,"['AMO', 'Museo Conte', 'Torre Lamberti', 'Centro Fotografia', 'Sighseeing']",Torre Lamberti,strategy_nearest,True,0.003633260726928711,success
04C38BBA7B3F80,1,"['Arena', 'Palazzo della Ragione', 'Santa Anastasia']",Duomo,"['AMO', 'Museo Miniscalchi', 'Teatro Romano', 'Museo Conte', 'Torre Lamberti']",Castelvecchio,strategy_nearest,False,0.002530813217163086,success
04C38CBA7B3F80,3,"['Torre Lamberti', 'Castelvecchio']",Arena,"['Verona Tour', 'Museo Lapidario', 'Museo Radio', 'San Fermo', 'Casa Giulietta']",Casa Giulietta,strategy_nearest,True,0.003159046173095703,success
04C38E3A9C4C80,0,['Tomba Giulietta'],Arena,"['Verona Tour', 'Museo Lapidario', 'Museo Radio', 'San Fermo', 'Casa Giulietta']",Casa Giulietta,strategy_nearest,True,0.0020601749420166016,success
04C38F3A9C4C80,1,['Arena'],Teatro Romano,"['Santa Anastasia', 'Duomo', 'AMO', 'Palazzo della Ragione', 'Museo Conte']",Palazzo della Ragione,strategy_nearest,True,0.0028951168060302734,success
04C391429C4C80,0,['Teatro Romano'],Teatro Romano,"['Santa Anastasia', 'Duomo', 'AMO', 'Palazzo della Ragione', 'Museo Conte']",Casa Giulietta,strategy_nearest,False,0.0026628971099853516,success
04C392BA7B3F80,1,"['Torre Lamberti', 'Palazzo della Ragione', 'Santa Anastasia', 'Duomo']",Teatro Romano,"['AMO', 'Museo Conte', 'Centro Fotografia', 'Museo Miniscalchi', 'Giardino Giusti']",Arena,strategy_nearest,False,0.0033349990844726562,success
04C397BA7B3F80,1,"['Torre Lamberti', 'Palazzo della Ragione', 'Casa Giulietta']",Arena,"['Verona Tour', 'Museo Lapidario', 'Museo Radio', 'San Fermo', 'Sighseeing']",Castelvecchio,strategy_nearest,False,0.002257823944091797,success
04C391BA7B3F80,3,"['Torre Lamberti', 'Casa Giulietta']",Santa Anastasia,"['AMO', 'Museo Conte', 'Palazzo della Ragione', 'Teatro Romano', 'Centro Fotografia']",Duomo,strategy_nearest,False,0.003300905227661133,success
04C398BA7B3F80,1,"['Torre Lamberti', 'Palazzo della Ragione', 'Casa Giulietta']",Santa Anastasia,"['AMO', 'Museo Conte', 'Teatro Romano', 'Centro Fotografia', 'Duomo']",Arena,strategy_nearest,False,0.0025877952575683594,success
04C39EBA7B3F80,1,"['Torre Lamberti', 'Palazzo della Ragione', 'Santa Anastasia']",Duomo,"['AMO', 'Museo Miniscalchi', 'Teatro Romano', 'Museo Conte', 'Centro Fotografia']",Teatro Romano,strategy_nearest,True,0.0018801689147949219,success
04C39DBA7B3F80,3,"['Castelvecchio', 'Arena']",Santa Anastasia,"['AMO', 'Museo Conte', 'Palazzo della Ragione', 'Teatro Romano', 'Centro Fotografia']",Tomba Giulietta,strategy_nearest,False,0.004265308380126953,success
04C3A472743380,3,"['Arena', 'San Zeno']",Casa Giulietta,"['Centro Fotografia', 'Sighseeing', 'Torre Lamberti', 'Museo Conte', 'Museo Radio']",Santa Anastasia,strategy_nearest,False,0.002701997756958008,success
04C3A5BA7B3F80,1,"['Palazzo della Ragione', 'Castelvecchio']",Teatro Romano,"['Santa Anastasia', 'Duomo', 'AMO', 'Museo Conte', 'Centro Fotografia']",Casa Giulietta,strategy_nearest,False,0.002532958984375,success
04C3A6BA7B3F80,3,"['Torre Lamberti', 'Casa Giulietta', 'San Fermo']",Giardino Giusti,"['Santa Anastasia', 'Teatro Romano', 'Museo Conte', 'Centro Fotografia', 'Museo Storia']",Castelvecchio,strategy_nearest,False,0.0020532608032226562,success
04C3A8429C4C80,0,['Arena'],Casa Giulietta,"['Centro Fotografia', 'Sighseeing', 'Torre Lamberti', 'Museo Conte', 'Museo Radio']",Teatro Romano,strategy_nearest,False,0.0033190250396728516,success
04C3A772743380,3,"['Arena', 'Castelvecchio', 'Casa Giulietta']",Tomba Giulietta,"['San Fermo', 'Museo Storia', 'Museo Lapidario', 'Museo Radio', 'Verona Tour']",Santa Anastasia,strategy_nearest,False,0.0029320716857910156,success
04C3A872743380,1,"['Teatro Romano', 'Casa Giulietta', 'Duomo']",Torre Lamberti,"['Sighseeing', 'Centro Fotografia', 'Museo Conte', 'Palazzo della Ragione', 'AMO']",Palazzo della Ragione,strategy_nearest,True,0.0027589797973632812,success
04C3A93A9C4C80,3,"['Arena', 'Casa Giulietta']",Torre Lamberti,"['Sighseeing', 'Centro Fotografia', 'Museo Conte', 'Palazzo della Ragione', 'AMO']",Santa Anastasia,strategy_nearest,False,0.0020990371704101562,success
04C3A94A9C4C80,0,['Arena'],Castelvecchio,"['Museo Lapidario', 'Verona Tour', 'Museo Radio', 'San Zeno', 'Sighseeing']",Casa Giulietta,strategy_nearest,False,0.0026030540466308594,success
04C3ACBA7B3F80,1,"['Torre Lamberti', 'Palazzo della Ragione']",Santa Anastasia,"['AMO', 'Museo Conte', 'Teatro Romano', 'Centro Fotografia', 'Duomo']",Teatro Romano,strategy_nearest,True,0.001964092254638672,success
04C3B1BA7B3F80,1,"['Torre Lamberti', 'Palazzo della Ragione', 'Casa Giulietta']",Arena,"['Verona Tour', 'Museo Lapidario', 'Museo Radio', 'San Fermo', 'Sighseeing']",Castelvecchio,strategy_nearest,False,0.0033528804779052734,success
04C3ABBA7B3F80,3,"['Castelvecchio', 'Arena']",Santa Anastasia,"['AMO', 'Museo Conte', 'Palazzo della Ragione', 'Teatro Romano', 'Centro Fotografia']",Tomba Giulietta,strategy_nearest,False,0.0033218860626220703,success
04C3B2BA7B3F80,3,"['Torre Lamberti', 'Casa Giulietta', 'San Fermo', 'Santa Anastasia']",Giardino Giusti,"['Teatro Romano', 'Museo Conte', 'Centro Fotografia', 'Museo Storia', 'AMO']",Castelvecchio,strategy_nearest,False,0.0030231475830078125,success
04C3B3429C4C80,1,"['Castelvecchio', 'Arena']",Santa Anastasia,"['AMO', 'Museo Conte', 'Palazzo della Ragione', 'Teatro Romano', 'Centro Fotografia']",Duomo,strategy_nearest,False,0.0020368099212646484,success
04C3B7BA7B3F80,3,"['Castelvecchio', 'Arena', 'Torre Lamberti']",Santa Anastasia,"['AMO', 'Museo Conte', 'Palazzo della Ragione', 'Teatro Romano', 'Centro Fotografia']",Duomo,strategy_nearest,False,0.0025589466094970703,success
04C3B5429C4C80,6,"['Arena', 'Casa Giulietta']",Tomba Giulietta,"['San Fermo', 'Museo Storia', 'Museo Lapidario', 'Museo Radio', 'Verona Tour']",Teatro Romano,strategy_nearest,False,0.0025331974029541016,success
04C3B8BA7B3F80,1,"['Torre Lamberti', 'Santa Anastasia', 'Teatro Romano']",Duomo,"['AMO', 'Museo Miniscalchi', 'Palazzo della Ragione', 'Museo Conte', 'Centro Fotografia']",Arena,strategy_nearest,False,0.0018799304962158203,success
04C3BEBA7B3F80,3,"['Castelvecchio', 'Arena']",Casa Giulietta,"['Centro Fotografia', 'Sighseeing', 'Torre Lamberti', 'Museo Conte', 'Museo Radio']",Torre Lamberti,strategy_nearest,True,0.0018758773803710938,success
04C3BDBA7B3F80,1,"['Torre Lamberti', 'Santa Anastasia', 'Duomo', 'Palazzo della Ragione']",Arena,"['Verona Tour', 'Museo Lapidario', 'Museo Radio', 'San Fermo', 'Casa Giulietta']",San Zeno,strategy_nearest,False,0.003565073013305664,success
04C3C6BA7B3F80,1,"['Arena', 'Torre Lamberti', 'Palazzo della Ragione', 'Santa Anastasia']",Duomo,"['AMO', 'Museo Miniscalchi', 'Teatro Romano', 'Museo Conte', 'Centro Fotografia']",Castelvecchio,strategy_nearest,False,0.0030379295349121094,success
04C3BE429C4C80,1,"['Arena', 'Casa Giulietta', 'Santa Anastasia']",Torre Lamberti,"['Sighseeing', 'Centro Fotografia', 'Museo Conte', 'Palazzo della Ragione', 'AMO']",Palazzo della Ragione,strategy_nearest,True,0.003422975540161133,success
04C3C3BA7B3F80,3,"['Castelvecchio', 'Arena', 'Torre Lamberti']",Santa Anastasia,"['AMO', 'Museo Conte', 'Palazzo della Ragione', 'Teatro Romano', 'Centro Fotografia']",Duomo,strategy_nearest,False,0.0029549598693847656,success
04C3D1BA7B3F80,3,['Torre Lamberti'],Santa Anastasia,"['AMO', 'Museo Conte', 'Palazzo della Ragione', 'Teatro Romano', 'Centro Fotografia']",Castelvecchio,strategy_nearest,False,0.001971006393432617,success
04C3CBBA7B3F80,3,"['Arena', 'Torre Lamberti', 'Casa Giulietta', 'Castelvecchio']",San Fermo,"['Museo Storia', 'Museo Radio', 'Centro Fotografia', 'Sighseeing', 'Museo Conte']",Giardino Giusti,strategy_nearest,False,0.0027141571044921875,success
04C3E3BA7B3F80,3,"['Arena', 'Santa Anastasia', 'Torre Lamberti']",Casa Giulietta,"['Centro Fotografia', 'Sighseeing', 'Museo Conte', 'Museo Radio', 'Palazzo della Ragione']",San Fermo,strategy_nearest,False,0.0026192665100097656,success
04C3F63A9C4C80,2,['Casa Giulietta'],Torre Lamberti,"['Sighseeing', 'Centro Fotografia', 'Museo Conte', 'Palazzo della Ragione', 'AMO']",Castelvecchio,strategy_nearest,False,0.0033721923828125,success
04C40D3A9C4C84,0,['Arena'],Casa Giulietta,"['Centro Fotografia', 'Sighseeing', 'Torre Lamberti', 'Museo Conte', 'Museo Radio']",Duomo,strategy_nearest,False,0.0019788742065429688,success
04C416BA7B3F80,3,"['Arena', 'Museo Lapidario', 'Castelvecchio']",Tomba Giulietta,"['San Fermo', 'Museo Storia', 'Museo Radio', 'Verona Tour', 'Casa Giulietta']",Casa Giulietta,strategy_nearest,True,0.0029532909393310547,success
04C41E3A9C4C84,3,['Arena'],Torre Lamberti,"['Sighseeing', 'Centro Fotografia', 'Museo Conte', 'Casa Giulietta', 'Palazzo della Ragione']",San Fermo,strategy_nearest,False,0.0031528472900390625,success
04C4203A9C4C84,3,"['Torre Lamberti', 'Museo Lapidario', 'Arena']",Castelvecchio,"['Verona Tour', 'Museo Radio', 'San Zeno', 'Sighseeing', 'Museo Miniscalchi']",Teatro Romano,strategy_nearest,False,0.0028870105743408203,success
04C4373A9C4C80,1,"['Arena', 'Casa Giulietta', 'Torre Lamberti']",Palazzo della Ragione,"['AMO', 'Museo Conte', 'Centro Fotografia', 'Sighseeing', 'Santa Anastasia']",Santa Anastasia,strategy_nearest,True,0.0029141902923583984,success
04C4213A9C4C84,3,"['Arena', 'Castelvecchio']",San Zeno,"['Verona Tour', 'Museo Lapidario', 'Museo Miniscalchi', 'Sighseeing', 'Museo Radio']",Casa Giulietta,strategy_nearest,False,0.0038471221923828125,success
04C4244A9C4C80,3,"['Castelvecchio', 'Arena', 'Santa Anastasia', 'Torre Lamberti']",Casa Giulietta,"['Centro Fotografia', 'Sighseeing', 'Museo Conte', 'Museo Radio', 'Palazzo della Ragione']",San Fermo,strategy_nearest,False,0.003688812255859375,success
04C437429C4C80,3,"['Casa Giulietta', 'Torre Lamberti', 'Santa Anastasia']",Duomo,"['AMO', 'Museo Miniscalchi', 'Teatro Romano', 'Palazzo della Ragione', 'Museo Conte']",Teatro Romano,strategy_nearest,True,0.0027840137481689453,success
04C43C429C4C80,0,['Castelvecchio'],Arena,"['Verona Tour', 'Museo Lapidario', 'Museo Radio', 'San Fermo', 'Casa Giulietta']",Casa Giulietta,strategy_nearest,True,0.0031571388244628906,success
04C45ABA7B3F80,3,"['Arena', 'Casa Giulietta']",Santa Anastasia,"['AMO', 'Museo Conte', 'Palazzo della Ragione', 'Teatro Romano', 'Centro Fotografia']",Duomo,strategy_nearest,False,0.0038259029388427734,success
04C4773A9C4C80,1,['Torre Lamberti'],Palazzo della Ragione,"['AMO', 'Museo Conte', 'Centro Fotografia', 'Sighseeing', 'Santa Anastasia']",Arena,strategy_nearest,False,0.002131938934326172,success
04C479BA7B3F80,1,"['Castelvecchio', 'Arena', 'Museo Lapidario', 'Torre Lamberti']",Palazzo della Ragione,"['AMO', 'Museo Conte', 'Centro Fotografia', 'Sighseeing', 'Santa Anastasia']",Casa Giulietta,strategy_nearest,False,0.003064870834350586,success
04C484BA7B3F80,1,"['Arena', 'Castelvecchio', 'Torre Lamberti']",Palazzo della Ragione,"['AMO', 'Museo Conte', 'Centro Fotografia', 'Sighseeing', 'Santa Anastasia']",Santa Anastasia,strategy_nearest,True,0.0020117759704589844,success
04C483429C4C80,3,"['Arena', 'Casa Giulietta']",Torre Lamberti,"['Sighseeing', 'Centro Fotografia', 'Museo Conte', 'Palazzo della Ragione', 'AMO']",Santa Anastasia,strategy_nearest,False,0.002830982208251953,success
04C47FBA7B3F80,3,"['Torre Lamberti', 'Arena', 'Castelvecchio']",Teatro Romano,"['Santa Anastasia', 'Duomo', 'AMO', 'Palazzo della Ragione', 'Museo Conte']",Duomo,strategy_nearest,True,0.0035829544067382812,success
04C485BA7B3F80,3,"['Arena', 'Museo Lapidario', 'Castelvecchio']",Tomba Giulietta,"['San Fermo', 'Museo Storia', 'Museo Radio', 'Verona Tour', 'Casa Giulietta']",Casa Giulietta,strategy_nearest,True,0.0018160343170166016,success
04C4873A9C4C80,3,"['Arena', 'Torre Lamberti']",Casa Giulietta,"['Centro Fotografia', 'Sighseeing', 'Museo Conte', 'Museo Radio', 'Palazzo della Ragione']",Duomo,strategy_nearest,False,0.002240896224975586,success
04C48A3A9C4C80,3,['Arena'],Casa Giulietta,"['Centro Fotografia', 'Sighseeing', 'Torre Lamberti', 'Museo Conte', 'Museo Radio']",Santa Anastasia,strategy_nearest,False,0.002869129180908203,success
04C48B429C4C80,2,"['San Fermo', 'Teatro Romano']",Duomo,"['AMO', 'Museo Miniscalchi', 'Santa Anastasia', 'Palazzo della Ragione', 'Museo Conte']",Castelvecchio,strategy_nearest,False,0.003609180450439453,success
04C491BA7B3F80,1,"['Arena', 'Arena', 'Casa Giulietta', 'Torre Lamberti']",Palazzo della Ragione,"['AMO', 'Museo Conte', 'Centro Fotografia', 'Sighseeing', 'Santa Anastasia']",Tomba Giulietta,strategy_nearest,False,0.002577066421508789,success
04C4A63A9C4C80,0,['Arena'],Castelvecchio,"['Museo Lapidario', 'Verona Tour', 'Museo Radio', 'San Zeno', 'Sighseeing']",Torre Lamberti,strategy_nearest,False,0.002579212188720703,success
04C491429C4C80,1,"['Castelvecchio', 'Arena', 'Casa Giulietta']",Torre Lamberti,"['Sighseeing', 'Centro Fotografia', 'Museo Conte', 'Palazzo della Ragione', 'AMO']",Palazzo della Ragione,strategy_nearest,True,0.0034568309783935547,success
04C4A672743380,1,"['Arena', 'Palazzo della Ragione', 'Torre Lamberti']",San Zeno,"['Castelvecchio', 'Verona Tour', 'Museo Lapidario', 'Museo Miniscalchi', 'Sighseeing']",Castelvecchio,strategy_nearest,True,0.002588987350463867,success
04C4A83A9C4C80,0,['Arena'],Casa Giulietta,"['Centro Fotografia', 'Sighseeing', 'Torre Lamberti', 'Museo Conte', 'Museo Radio']",Torre Lamberti,strategy_nearest,True,0.0028111934661865234,success
04C4AD429C4C80,0,['Arena'],Castelvecchio,"['Museo Lapidario', 'Verona Tour', 'Museo Radio', 'San Zeno', 'Sighseeing']",Torre Lamberti,strategy_nearest,False,0.0018870830535888672,success
04C4B4429C4C80,0,"['Teatro Romano', 'Giardino Giusti']",Torre Lamberti,"['Sighseeing', 'Centro Fotografia', 'Museo Conte', 'Casa Giulietta', 'Palazzo della Ragione']",Castelvecchio,strategy_nearest,False,0.003651857376098633,success
04C4B5429C4C80,3,"['Arena', 'Castelvecchio']",Torre Lamberti,"['Sighseeing', 'Centro Fotografia', 'Museo Conte', 'Casa Giulietta', 'Palazzo della Ragione']",Casa Giulietta,strategy_nearest,True,0.0033729076385498047,success
04C4BA3A9C4C80,0,['Castelvecchio'],Arena,"['Verona Tour', 'Museo Lapidario', 'Museo Radio', 'San Fermo', 'Casa Giulietta']",Torre Lamberti,strategy_nearest,False,0.0024559497833251953,success
04C4BCBA7B3F80,3,"['Castelvecchio', 'Arena', 'San Fermo']",Casa Giulietta,"['Centro Fotografia', 'Sighseeing', 'Torre Lamberti', 'Museo Conte', 'Museo Radio']",Torre Lamberti,strategy_nearest,True,0.002511739730834961,success
04C4B9429C4C80,1,"['Museo Lapidario', 'Castelvecchio', 'Arena']",Torre Lamberti,"['Sighseeing', 'Centro Fotografia', 'Museo Conte', 'Casa Giulietta', 'Palazzo della Ragione']",Palazzo della Ragione,strategy_nearest,True,0.002590179443359375,success
04C4BBBA7B3F80,1,"['San Zeno', 'Arena', 'Torre Lamberti', 'Palazzo della Ragione']",Casa Giulietta,"['Centro Fotografia', 'Sighseeing', 'Museo Conte', 'Museo Radio', 'San Fermo']",Castelvecchio,strategy_nearest,False,0.003267049789428711,success
04C4C1BA7B3F80,3,"['Castelvecchio', 'Arena', 'Tomba Giulietta', 'San Fermo']",Casa Giulietta,"['Centro Fotografia', 'Sighseeing', 'Torre Lamberti', 'Museo Conte', 'Museo Radio']",Torre Lamberti,strategy_nearest,True,0.002106189727783203,success
04C4C2429C4C80,1,"['Casa Giulietta', 'Torre Lamberti']",Palazzo della Ragione,"['AMO', 'Museo Conte', 'Centro Fotografia', 'Sighseeing', 'Santa Anastasia']",Arena,strategy_nearest,False,0.0014529228210449219,success
04C4C43A9C4C80,0,['Arena'],Casa Giulietta,"['Centro Fotografia', 'Sighseeing', 'Torre Lamberti', 'Museo Conte', 'Museo Radio']",Torre Lamberti,strategy_nearest,True,0.0031890869140625,success
04C4BFBA7B3F80,3,"['Castelvecchio', 'Arena']",Museo Lapidario,"['Verona Tour', 'Museo Radio', 'San Fermo', 'Casa Giulietta', 'Tomba Giulietta']",Duomo,strategy_nearest,False,0.002783060073852539,success
04C4CDBA7B3F80,3,"['Arena', 'Casa Giulietta']",Torre Lamberti,"['Sighseeing', 'Centro Fotografia', 'Museo Conte', 'Palazzo della Ragione', 'AMO']",Santa Anastasia,strategy_nearest,False,0.00267791748046875,success
04C4C8BA7B3F80,3,"['Castelvecchio', 'Arena', 'San Fermo']",Casa Giulietta,"['Centro Fotografia', 'Sighseeing', 'Torre Lamberti', 'Museo Conte', 'Museo Radio']",Torre Lamberti,strategy_nearest,True,0.0020279884338378906,success
04C4F13A9C4C80,1,"['Castelvecchio', 'Arena']",Palazzo della Ragione,"['AMO', 'Museo Conte', 'Torre Lamberti', 'Centro Fotografia', 'Sighseeing']",Torre Lamberti,strategy_nearest,True,0.0025758743286132812,success
04C5303A9C4C80,0,['Arena'],Casa Giulietta,"['Centro Fotografia', 'Sighseeing', 'Torre Lamberti', 'Museo Conte', 'Museo Radio']",Teatro Romano,strategy_nearest,False,0.002421140670776367,success
04C4FC3A9C4C80,0,['Arena'],Casa Giulietta,"['Centro Fotografia', 'Sighseeing', 'Torre Lamberti', 'Museo Conte', 'Museo Radio']",Tomba Giulietta,strategy_nearest,False,0.0033028125762939453,success
04C53A429C4C80,2,['Castelvecchio'],Casa Giulietta,"['Centro Fotografia', 'Sighseeing', 'Torre Lamberti', 'Museo Conte', 'Museo Radio']",Santa Anastasia,strategy_nearest,False,0.002647876739501953,success
04C5304A9C4C80,1,"['Arena', 'Casa Giulietta']",Palazzo della Ragione,"['AMO', 'Museo Conte', 'Torre Lamberti', 'Centro Fotografia', 'Sighseeing']",Santa Anastasia,strategy_nearest,False,0.00458216667175293,success
04C5413A9C4C80,0,"['Casa Giulietta', 'Arena']",Tomba Giulietta,"['San Fermo', 'Museo Storia', 'Museo Lapidario', 'Museo Radio', 'Verona Tour']",Torre Lamberti,strategy_nearest,False,0.0020029544830322266,success
04C544429C4C80,3,"['Castelvecchio', 'San Zeno', 'Arena']",Torre Lamberti,"['Sighseeing', 'Centro Fotografia', 'Museo Conte', 'Casa Giulietta', 'Palazzo della Ragione']",Casa Giulietta,strategy_nearest,True,0.0029838085174560547,success
04C56EBA7B3F80,0,['Arena'],Casa Giulietta,"['Centro Fotografia', 'Sighseeing', 'Torre Lamberti', 'Museo Conte', 'Museo Radio']",Castelvecchio,strategy_nearest,False,0.0025169849395751953,success
04C576429C4C80,3,['Arena'],Casa Giulietta,"['Centro Fotografia', 'Sighseeing', 'Torre Lamberti', 'Museo Conte', 'Museo Radio']",Torre Lamberti,strategy_nearest,True,0.0020520687103271484,success
04C571429C4C80,0,['Arena'],Giardino Giusti,"['Santa Anastasia', 'Teatro Romano', 'Museo Conte', 'Centro Fotografia', 'Museo Storia']",Torre Lamberti,strategy_nearest,False,0.003019094467163086,success
04C57A3A9C4C80,3,"['Arena', 'Casa Giulietta']",Santa Anastasia,"['AMO', 'Museo Conte', 'Palazzo della Ragione', 'Teatro Romano', 'Centro Fotografia']",Duomo,strategy_nearest,False,0.002717733383178711,success
04C579429C4C80,0,['Casa Giulietta'],Arena,"['Verona Tour', 'Museo Lapidario', 'Museo Radio', 'San Fermo', 'Sighseeing']",Castelvecchio,strategy_nearest,False,0.002447843551635742,success
04C57B429C4C80,3,"['Teatro Romano', 'Santa Anastasia']",Torre Lamberti,"['Sighseeing', 'Centro Fotografia', 'Museo Conte', 'Casa Giulietta', 'Palazzo della Ragione']",Arena,strategy_nearest,False,0.0029838085174560547,success
04C57D429C4C80,3,"['Arena', 'Torre Lamberti']",Duomo,"['AMO', 'Museo Miniscalchi', 'Santa Anastasia', 'Teatro Romano', 'Palazzo della Ragione']",Santa Anastasia,strategy_nearest,True,0.0025856494903564453,success
04C57F429C4C80,3,"['Arena', 'Santa Anastasia']",Casa Giulietta,"['Centro Fotografia', 'Sighseeing', 'Torre Lamberti', 'Museo Conte', 'Museo Radio']",Tomba Giulietta,strategy_nearest,False,0.0020799636840820312,success
04C5824A9C4C80,0,['Arena'],Torre Lamberti,"['Sighseeing', 'Centro Fotografia', 'Museo Conte', 'Casa Giulietta', 'Palazzo della Ragione']",Casa Giulietta,strategy_nearest,True,0.0028781890869140625,success
04C589429C4C80,0,['Casa Giulietta'],Arena,"['Verona Tour', 'Museo Lapidario', 'Museo Radio', 'San Fermo', 'Sighseeing']",Duomo,strategy_nearest,False,0.002723217010498047,success
04C58B429C4C80,1,"['Arena', 'Casa Giulietta', 'Torre Lamberti']",Palazzo della Ragione,"['AMO', 'Museo Conte', 'Centro Fotografia', 'Sighseeing', 'Santa Anastasia']",Santa Anastasia,strategy_nearest,True,0.0020170211791992188,success
04C5A572743380,1,"['Arena', 'Casa Giulietta', 'Torre Lamberti']",San Zeno,"['Castelvecchio', 'Verona Tour', 'Museo Lapidario', 'Museo Miniscalchi', 'Sighseeing']",Teatro Romano,strategy_nearest,False,0.003407001495361328,success
04C58D429C4C80,0,['Arena'],Casa Giulietta,"['Centro Fotografia', 'Sighseeing', 'Torre Lamberti', 'Museo Conte', 'Museo Radio']",Castelvecchio,strategy_nearest,False,0.002794981002807617,success
04C5A772743380,1,"['Arena', 'Tomba Giulietta', 'Torre Lamberti']",Santa Anastasia,"['AMO', 'Museo Conte', 'Palazzo della Ragione', 'Teatro Romano', 'Centro Fotografia']",San Zeno,strategy_nearest,False,0.0024590492248535156,success
04C5AE429C4C80,0,['Arena'],Torre Lamberti,"['Sighseeing', 'Centro Fotografia', 'Museo Conte', 'Casa Giulietta', 'Palazzo della Ragione']",Casa Giulietta,strategy_nearest,True,0.0027208328247070312,success
04C5A9429C4C80,2,['Casa Giulietta'],Teatro Romano,"['Santa Anastasia', 'Duomo', 'AMO', 'Palazzo della Ragione', 'Museo Conte']",Tomba Giulietta,strategy_nearest,False,0.0034062862396240234,success
04C5AF3A9C4C80,0,['Duomo'],Torre Lamberti,"['Sighseeing', 'Centro Fotografia', 'Museo Conte', 'Casa Giulietta', 'Palazzo della Ragione']",Arena,strategy_nearest,False,0.0014379024505615234,success
04C5B6429C4C80,1,"['Arena', 'Casa Giulietta', 'Torre Lamberti']",Palazzo della Ragione,"['AMO', 'Museo Conte', 'Centro Fotografia', 'Sighseeing', 'Santa Anastasia']",Santa Anastasia,strategy_nearest,True,0.003328084945678711,success
04C5BEBA7B3F80,1,"['Castelvecchio', 'Arena', 'Museo Lapidario', 'Torre Lamberti']",Palazzo della Ragione,"['AMO', 'Museo Conte', 'Centro Fotografia', 'Sighseeing', 'Santa Anastasia']",Casa Giulietta,strategy_nearest,False,0.0019659996032714844,success
04C5BFBA7B3F80,3,"['Arena', 'Torre Lamberti', 'Casa Giulietta']",San Fermo,"['Museo Storia', 'Museo Radio', 'Centro Fotografia', 'Sighseeing', 'Museo Conte']",Giardino Giusti,strategy_nearest,False,0.0032720565795898438,success
04C5C23A9C4C80,3,"['Duomo', 'Santa Anastasia', 'Torre Lamberti', 'Casa Giulietta']",San Fermo,"['Museo Storia', 'Museo Radio', 'Centro Fotografia', 'Arena', 'Sighseeing']",Castelvecchio,strategy_nearest,False,0.003062009811401367,success
04C5BF429C4C80,3,['Arena'],Santa Anastasia,"['AMO', 'Museo Conte', 'Palazzo della Ragione', 'Teatro Romano', 'Centro Fotografia']",Duomo,strategy_nearest,False,0.0027289390563964844,success
04C5C5429C4C80,0,['Duomo'],Teatro Romano,"['Santa Anastasia', 'AMO', 'Palazzo della Ragione', 'Museo Conte', 'Centro Fotografia']",Arena,strategy_nearest,False,0.002560853958129883,success
04C5C2429C4C80,0,['Arena'],Casa Giulietta,"['Centro Fotografia', 'Sighseeing', 'Torre Lamberti', 'Museo Conte', 'Museo Radio']",Teatro Romano,strategy_nearest,False,0.0024950504302978516,success
04C5C5BA7B3F80,3,"['Arena', 'Santa Anastasia']",Torre Lamberti,"['Sighseeing', 'Centro Fotografia', 'Museo Conte', 'Casa Giulietta', 'Palazzo della Ragione']",Tomba Giulietta,strategy_nearest,False,0.0029058456420898438,success
04C5C6BA7B3F80,3,"['Arena', 'Torre Lamberti']",Santa Anastasia,"['AMO', 'Museo Conte', 'Palazzo della Ragione', 'Teatro Romano', 'Centro Fotografia']",Castelvecchio,strategy_nearest,False,0.0024650096893310547,success
04C5C8429C4C80,1,"['Casa Giulietta', 'Torre Lamberti', 'Palazzo della Ragione']",Santa Anastasia,"['AMO', 'Museo Conte', 'Teatro Romano', 'Centro Fotografia', 'Duomo']",Duomo,strategy_nearest,True,0.0027070045471191406,success
04C5DCBA7B3F80,2,['Santa Anastasia'],Giardino Giusti,"['Teatro Romano', 'Museo Conte', 'Centro Fotografia', 'Museo Storia', 'AMO']",San Fermo,strategy_nearest,False,0.002590179443359375,success
04C5CB3A9C4C80,3,"['Duomo', 'Teatro Romano', 'Torre Lamberti']",San Zeno,"['Castelvecchio', 'Verona Tour', 'Museo Lapidario', 'Arena', 'Museo Miniscalchi']",Castelvecchio,strategy_nearest,True,0.002927064895629883,success
04C5D5BA7B3F80,3,['Casa Giulietta'],Arena,"['Verona Tour', 'Museo Lapidario', 'Museo Radio', 'San Fermo', 'Sighseeing']",Santa Anastasia,strategy_nearest,False,0.003319978713989258,success
04C5E2BA7B3F80,2,['Castelvecchio'],Santa Anastasia,"['AMO', 'Museo Conte', 'Palazzo della Ragione', 'Teatro Romano', 'Centro Fotografia']",Torre Lamberti,strategy_nearest,False,0.003057718276977539,success
04C5ED3A9C4C80,1,"['Palazzo della Ragione', 'Torre Lamberti', 'Casa Giulietta', 'San Fermo']",Museo Storia,"['Museo Radio', 'Centro Fotografia', 'Tomba Giulietta', 'Arena', 'Sighseeing']",Arena,strategy_nearest,True,0.0018758773803710938,success
04C5FB3A9C4C80,2,"['Casa Giulietta', 'Torre Lamberti']",Palazzo della Ragione,"['AMO', 'Museo Conte', 'Centro Fotografia', 'Sighseeing', 'Santa Anastasia']",Santa Anastasia,strategy_nearest,True,0.0029249191284179688,success
04C6153A9C4C84,3,"['Teatro Romano', 'Casa Giulietta']",Arena,"['Verona Tour', 'Museo Lapidario', 'Museo Radio', 'San Fermo', 'Sighseeing']",Castelvecchio,strategy_nearest,False,0.0033881664276123047,success
04C60A3A9C4C84,1,['Arena'],Torre Lamberti,"['Sighseeing', 'Centro Fotografia', 'Museo Conte', 'Casa Giulietta', 'Palazzo della Ragione']",Palazzo della Ragione,strategy_nearest,True,0.0029540061950683594,success
04C6173A9C4C84,0,['Arena'],Casa Giulietta,"['Centro Fotografia', 'Sighseeing', 'Torre Lamberti', 'Museo Conte', 'Museo Radio']",Torre Lamberti,strategy_nearest,True,0.002853870391845703,success
04C6183A9C4C84,0,['Arena'],Castelvecchio,"['Museo Lapidario', 'Verona Tour', 'Museo Radio', 'San Zeno', 'Sighseeing']",Giardino Giusti,strategy_nearest,False,0.003435850143432617,success
04C626BA7B3F84,2,"['Castelvecchio', 'Casa Giulietta']",Torre Lamberti,"['Sighseeing', 'Centro Fotografia', 'Museo Conte', 'Palazzo della Ragione', 'AMO']",Duomo,strategy_nearest,False,0.001260995864868164,success
04C635BA7B3F80,3,"['Torre Lamberti', 'Arena']",Castelvecchio,"['Museo Lapidario', 'Verona Tour', 'Museo Radio', 'San Zeno', 'Sighseeing']",Teatro Romano,strategy_nearest,False,0.0026137828826904297,success
04C62FBA7B3F80,1,"['San Zeno', 'Arena', 'Torre Lamberti']",Palazzo della Ragione,"['AMO', 'Museo Conte', 'Centro Fotografia', 'Sighseeing', 'Santa Anastasia']",Casa Giulietta,strategy_nearest,False,0.0038619041442871094,success
04C63CBA7B3F80,1,"['Arena', 'Castelvecchio', 'Torre Lamberti']",Palazzo della Ragione,"['AMO', 'Museo Conte', 'Centro Fotografia', 'Sighseeing', 'Santa Anastasia']",Santa Anastasia,strategy_nearest,True,0.003016233444213867,success
04C63BBA7B3F80,0,"['San Zeno', 'Casa Giulietta']",Arena,"['Verona Tour', 'Museo Lapidario', 'Museo Radio', 'San Fermo', 'Sighseeing']",Tomba Giulietta,strategy_nearest,False,0.0030040740966796875,success
04C641BA7B3F80,2,"['San Zeno', 'Tomba Giulietta', 'San Fermo']",Teatro Romano,"['Santa Anastasia', 'Duomo', 'AMO', 'Palazzo della Ragione', 'Museo Conte']",Castelvecchio,strategy_nearest,False,0.002474069595336914,success
04C648BA7B3F80,3,"['Castelvecchio', 'Arena', 'Tomba Giulietta', 'San Fermo']",Casa Giulietta,"['Centro Fotografia', 'Sighseeing', 'Torre Lamberti', 'Museo Conte', 'Museo Radio']",Torre Lamberti,strategy_nearest,True,0.0019791126251220703,success
04C666429C4C80,0,['Arena'],Casa Giulietta,"['Centro Fotografia', 'Sighseeing', 'Torre Lamberti', 'Museo Conte', 'Museo Radio']",Teatro Romano,strategy_nearest,False,0.0020210742950439453,success
04C65F429C4C80,0,['Castelvecchio'],Arena,"['Verona Tour', 'Museo Lapidario', 'Museo Radio', 'San Fermo', 'Casa Giulietta']",Casa Giulietta,strategy_nearest,True,0.0020008087158203125,success
04C65ABA7B3F80,0,['Arena'],Casa Giulietta,"['Centro Fotografia', 'Sighseeing', 'Torre Lamberti', 'Museo Conte', 'Museo Radio']",Tomba Giulietta,strategy_nearest,False,0.003823995590209961,success
04C67A429C4C80,3,"['Torre Lamberti', 'Santa Anastasia']",Teatro Romano,"['Duomo', 'AMO', 'Palazzo della Ragione', 'Museo Conte', 'Centro Fotografia']",Duomo,strategy_nearest,True,0.0024881362915039062,success
04C67BBA7B3F80,3,"['Arena', 'Torre Lamberti']",Santa Anastasia,"['AMO', 'Museo Conte', 'Palazzo della Ragione', 'Teatro Romano', 'Centro Fotografia']",Castelvecchio,strategy_nearest,False,0.0020110607147216797,success
04C67B4A9C4C80,3,"['Torre Lamberti', 'Santa Anastasia']",Duomo,"['AMO', 'Museo Miniscalchi', 'Teatro Romano', 'Palazzo della Ragione', 'Museo Conte']",Arena,strategy_nearest,False,0.002660989761352539,success
04C67C4A9C4C80,0,['Arena'],Casa Giulietta,"['Centro Fotografia', 'Sighseeing', 'Torre Lamberti', 'Museo Conte', 'Museo Radio']",Duomo,strategy_nearest,False,0.0034360885620117188,success
04C67CBA7B3F80,1,"['Arena', 'Castelvecchio', 'Casa Giulietta', 'Torre Lamberti']",Palazzo della Ragione,"['AMO', 'Museo Conte', 'Centro Fotografia', 'Sighseeing', 'Santa Anastasia']",Santa Anastasia,strategy_nearest,True,0.003268003463745117,success
04C67D429C4C80,1,"['Arena', 'Castelvecchio']",Torre Lamberti,"['Sighseeing', 'Centro Fotografia', 'Museo Conte', 'Casa Giulietta', 'Palazzo della Ragione']",Palazzo della Ragione,strategy_nearest,True,0.0025119781494140625,success
04C67D4A9C4C80,1,"['Torre Lamberti', 'Palazzo della Ragione', 'Casa Giulietta']",Giardino Giusti,"['Santa Anastasia', 'Teatro Romano', 'Museo Conte', 'Centro Fotografia', 'Museo Storia']",Museo Storia,strategy_nearest,True,0.0027828216552734375,success
04C67EBA7B3F80,1,"['Arena', 'Tomba Giulietta', 'San Fermo', 'Casa Giulietta']",Palazzo della Ragione,"['AMO', 'Museo Conte', 'Torre Lamberti', 'Centro Fotografia', 'Sighseeing']",Torre Lamberti,strategy_nearest,True,0.0034339427947998047,success
04C67F429C4C80,0,['Arena'],Teatro Romano,"['Santa Anastasia', 'Duomo', 'AMO', 'Palazzo della Ragione', 'Museo Conte']",Casa Giulietta,strategy_nearest,False,0.003147125244140625,success
04C681429C4C80,1,"['Torre Lamberti', 'Palazzo della Ragione']",Duomo,"['AMO', 'Museo Miniscalchi', 'Santa Anastasia', 'Teatro Romano', 'Museo Conte']",Casa Giulietta,strategy_nearest,False,0.0031900405883789062,success
04C682429C4C80,2,['Teatro Romano'],San Zeno,"['Castelvecchio', 'Verona Tour', 'Museo Lapidario', 'Arena', 'Museo Miniscalchi']",Castelvecchio,strategy_nearest,True,0.0032303333282470703,success
04C684BA7B3F80,3,"['Torre Lamberti', 'San Fermo', 'Castelvecchio']",Arena,"['Verona Tour', 'Museo Lapidario', 'Museo Radio', 'Casa Giulietta', 'Sighseeing']",Casa Giulietta,strategy_nearest,True,0.0025739669799804688,success
04C687429C4C80,3,"['Arena', 'Torre Lamberti']",Casa Giulietta,"['Centro Fotografia', 'Sighseeing', 'Museo Conte', 'Museo Radio', 'Palazzo della Ragione']",Teatro Romano,strategy_nearest,False,0.002948760986328125,success
04C694BA7B3F80,1,"['Arena', 'Castelvecchio', 'Casa Giulietta', 'Torre Lamberti']",Palazzo della Ragione,"['AMO', 'Museo Conte', 'Centro Fotografia', 'Sighseeing', 'Santa Anastasia']",Santa Anastasia,strategy_nearest,True,0.0023391246795654297,success
04C68ABA7B3F80,1,"['Arena', 'Tomba Giulietta', 'Castelvecchio']",Casa Giulietta,"['Centro Fotografia', 'Sighseeing', 'Torre Lamberti', 'Museo Conte', 'Museo Radio']",Palazzo della Ragione,strategy_nearest,False,0.0026531219482421875,success
04C6A472743380,3,"['Torre Lamberti', 'Santa Anastasia', 'Tomba Giulietta']",San Fermo,"['Museo Storia', 'Museo Radio', 'Casa Giulietta', 'Centro Fotografia', 'Arena']",Casa Giulietta,strategy_nearest,True,0.0025331974029541016,success
04C6A772743380,3,"['Arena', 'Casa Giulietta', 'San Fermo', 'Santa Anastasia']",Duomo,"['AMO', 'Museo Miniscalchi', 'Teatro Romano', 'Palazzo della Ragione', 'Museo Conte']",Torre Lamberti,strategy_nearest,False,0.0019960403442382812,success
04C6AEBA7B3F80,3,"['Arena', 'Museo Lapidario', 'Castelvecchio']",Casa Giulietta,"['Centro Fotografia', 'Sighseeing', 'Torre Lamberti', 'Museo Conte', 'Museo Radio']",Torre Lamberti,strategy_nearest,True,0.0029630661010742188,success
04C6B53A9C4C80,2,['San Fermo'],Torre Lamberti,"['Sighseeing', 'Centro Fotografia', 'Museo Conte', 'Casa Giulietta', 'Palazzo della Ragione']",San Zeno,strategy_nearest,False,0.0031371116638183594,success
04C6B03A9C4C80,0,['Teatro Romano'],Arena,"['Verona Tour', 'Museo Lapidario', 'Museo Radio', 'San Fermo', 'Casa Giulietta']",Torre Lamberti,strategy_nearest,False,0.003077268600463867,success
04C6BABA7B3F80,1,"['Casa Giulietta', 'Torre Lamberti', 'Palazzo della Ragione', 'Arena']",Castelvecchio,"['Museo Lapidario', 'Verona Tour', 'Museo Radio', 'San Zeno', 'Sighseeing']",Tomba Giulietta,strategy_nearest,False,0.0023589134216308594,success
04C6BF429C4C80,1,"['Santa Anastasia', 'Torre Lamberti', 'Palazzo della Ragione']",Casa Giulietta,"['Centro Fotografia', 'Sighseeing', 'Museo Conte', 'Museo Radio', 'San Fermo']",Arena,strategy_nearest,False,0.003192901611328125,success
04C6F93A9C4C80,3,['Arena'],Castelvecchio,"['Museo Lapidario', 'Verona Tour', 'Museo Radio', 'San Zeno', 'Sighseeing']",Santa Anastasia,strategy_nearest,False,0.002569913864135742,success
04C6C3429C4C80,3,"['Casa Giulietta', 'Torre Lamberti']",Santa Anastasia,"['AMO', 'Museo Conte', 'Palazzo della Ragione', 'Teatro Romano', 'Centro Fotografia']",Teatro Romano,strategy_nearest,True,0.002711057662963867,success
04C719429C4C84,3,['Arena'],Casa Giulietta,"['Centro Fotografia', 'Sighseeing', 'Torre Lamberti', 'Museo Conte', 'Museo Radio']",Santa Anastasia,strategy_nearest,False,0.0025589466094970703,success
04C71CBA7B3F80,1,"['Casa Giulietta', 'Torre Lamberti', 'Palazzo della Ragione', 'Arena']",Castelvecchio,"['Museo Lapidario', 'Verona Tour', 'Museo Radio', 'San Zeno', 'Sighseeing']",Tomba Giulietta,strategy_nearest,False,0.003035306930541992,success
04C7213A9C4C84,1,"['Arena', 'Casa Giulietta', 'Palazzo della Ragione']",Torre Lamberti,"['Sighseeing', 'Centro Fotografia', 'Museo Conte', 'AMO', 'Museo Miniscalchi']",Santa Anastasia,strategy_nearest,False,0.003187894821166992,success
04C7254A9C4C80,1,"['Arena', 'Arena', 'San Fermo']",Teatro Romano,"['Santa Anastasia', 'Duomo', 'AMO', 'Palazzo della Ragione', 'Museo Conte']",Duomo,strategy_nearest,True,0.002496004104614258,success
04C71DBA7B3F80,1,"['Arena', 'Castelvecchio', 'Santa Anastasia', 'Duomo']",Casa Giulietta,"['Centro Fotografia', 'Sighseeing', 'Torre Lamberti', 'Museo Conte', 'Museo Radio']",Palazzo della Ragione,strategy_nearest,False,0.0027408599853515625,success
04C735429C4C80,0,"['Castelvecchio', 'Casa Giulietta']",Torre Lamberti,"['Sighseeing', 'Centro Fotografia', 'Museo Conte', 'Palazzo della Ragione', 'AMO']",Arena,strategy_nearest,False,0.00225830078125,success
04C73D3A9C4C80,2,"['Castelvecchio', 'San Zeno']",Santa Anastasia,"['AMO', 'Museo Conte', 'Palazzo della Ragione', 'Teatro Romano', 'Centro Fotografia']",Duomo,strategy_nearest,False,0.0028870105743408203,success
04C735BA7B3F80,1,"['Arena', 'Castelvecchio', 'Santa Anastasia', 'Duomo']",Casa Giulietta,"['Centro Fotografia', 'Sighseeing', 'Torre Lamberti', 'Museo Conte', 'Museo Radio']",Palazzo della Ragione,strategy_nearest,False,0.0020210742950439453,success
04C7413A9C4C80,0,['Arena'],Casa Giulietta,"['Centro Fotografia', 'Sighseeing', 'Torre Lamberti', 'Museo Conte', 'Museo Radio']",Giardino Giusti,strategy_nearest,False,0.0031888484954833984,success
04C73E429C4C80,3,"['Castelvecchio', 'Arena']",Casa Giulietta,"['Centro Fotografia', 'Sighseeing', 'Torre Lamberti', 'Museo Conte', 'Museo Radio']",Torre Lamberti,strategy_nearest,True,0.0027489662170410156,success
04C763429C4C80,3,"['Arena', 'Casa Giulietta']",Torre Lamberti,"['Sighseeing', 'Centro Fotografia', 'Museo Conte', 'Palazzo della Ragione', 'AMO']",Santa Anastasia,strategy_nearest,False,0.0018231868743896484,success
04C779429C4C80,0,['San Zeno'],Arena,"['Verona Tour', 'Museo Lapidario', 'Museo Radio', 'San Fermo', 'Casa Giulietta']",Castelvecchio,strategy_nearest,False,0.0025739669799804688,success
04C77C3A9C4C80,1,"['Arena', 'Torre Lamberti', 'Palazzo della Ragione']",Casa Giulietta,"['Centro Fotografia', 'Sighseeing', 'Museo Conte', 'Museo Radio', 'San Fermo']",San Fermo,strategy_nearest,True,0.003184795379638672,success
04C77B3A9C4C80,0,['Arena'],Casa Giulietta,"['Centro Fotografia', 'Sighseeing', 'Torre Lamberti', 'Museo Conte', 'Museo Radio']",Torre Lamberti,strategy_nearest,True,0.0028312206268310547,success
04C77D3A9C4C80,3,"['Torre Lamberti', 'Santa Anastasia']",Duomo,"['AMO', 'Museo Miniscalchi', 'Teatro Romano', 'Palazzo della Ragione', 'Museo Conte']",Castelvecchio,strategy_nearest,False,0.0024309158325195312,success
04C77D429C4C80,1,['Arena'],Torre Lamberti,"['Sighseeing', 'Centro Fotografia', 'Museo Conte', 'Casa Giulietta', 'Palazzo della Ragione']",Palazzo della Ragione,strategy_nearest,True,0.0028221607208251953,success
04C7823A9C4C80,3,"['Casa Giulietta', 'Torre Lamberti']",Santa Anastasia,"['AMO', 'Museo Conte', 'Palazzo della Ragione', 'Teatro Romano', 'Centro Fotografia']",Castelvecchio,strategy_nearest,False,0.002596139907836914,success
04C7873A9C4C80,1,"['Arena', 'Casa Giulietta', 'Casa Giulietta']",Palazzo della Ragione,"['AMO', 'Museo Conte', 'Torre Lamberti', 'Centro Fotografia', 'Sighseeing']",Torre Lamberti,strategy_nearest,True,0.003253936767578125,success
04C7883A9C4C80,0,"['Arena', 'Casa Giulietta']",Torre Lamberti,"['Sighseeing', 'Centro Fotografia', 'Museo Conte', 'Palazzo della Ragione', 'AMO']",Castelvecchio,strategy_nearest,False,0.0018448829650878906,success
04C785429C4C80,0,['Arena'],Casa Giulietta,"['Centro Fotografia', 'Sighseeing', 'Torre Lamberti', 'Museo Conte', 'Museo Radio']",Tomba Giulietta,strategy_nearest,False,0.003345966339111328,success
04C796429C4C80,0,['Arena'],Casa Giulietta,"['Centro Fotografia', 'Sighseeing', 'Torre Lamberti', 'Museo Conte', 'Museo Radio']",Torre Lamberti,strategy_nearest,True,0.002866983413696289,success
04C78E3A9C4C80,1,"['Tomba Giulietta', 'Arena']",Torre Lamberti,"['Sighseeing', 'Centro Fotografia', 'Museo Conte', 'Casa Giulietta', 'Palazzo della Ragione']",Palazzo della Ragione,strategy_nearest,True,0.002053976058959961,success
04C78C429C4C80,4,"['Arena', 'Casa Giulietta', 'Torre Lamberti', 'Palazzo della Ragione']",Santa Anastasia,"['AMO', 'Museo Conte', 'Teatro Romano', 'Centro Fotografia', 'Duomo']",Teatro Romano,strategy_nearest,True,0.0018198490142822266,success
04C7A53A9C4C80,0,['Arena'],Casa Giulietta,"['Centro Fotografia', 'Sighseeing', 'Torre Lamberti', 'Museo Conte', 'Museo Radio']",Santa Anastasia,strategy_nearest,False,0.002554178237915039,success
04C7A672743380,3,['Arena'],Casa Giulietta,"['Centro Fotografia', 'Sighseeing', 'Torre Lamberti', 'Museo Conte', 'Museo Radio']",Santa Anastasia,strategy_nearest,False,0.001987934112548828,success
04C7BA429C4C80,0,"['Castelvecchio', 'Casa Giulietta']",Arena,"['Verona Tour', 'Museo Lapidario', 'Museo Radio', 'San Fermo', 'Sighseeing']",San Fermo,strategy_nearest,True,0.0020859241485595703,success
04C7B4429C4C80,1,"['San Zeno', 'Castelvecchio', 'Duomo']",Torre Lamberti,"['Sighseeing', 'Centro Fotografia', 'Museo Conte', 'Casa Giulietta', 'Palazzo della Ragione']",Palazzo della Ragione,strategy_nearest,True,0.0034973621368408203,success
04C7C73A9C4C80,2,['Teatro Romano'],Santa Anastasia,"['AMO', 'Museo Conte', 'Palazzo della Ragione', 'Centro Fotografia', 'Duomo']",Castelvecchio,strategy_nearest,False,0.0023758411407470703,success
04C7C3429C4C80,1,"['Arena', 'Casa Giulietta', 'Palazzo della Ragione']",Torre Lamberti,"['Sighseeing', 'Centro Fotografia', 'Museo Conte', 'AMO', 'Museo Miniscalchi']",Santa Anastasia,strategy_nearest,False,0.003162860870361328,success
04C7D93A9C4C80,1,"['Casa Giulietta', 'Palazzo della Ragione', 'Torre Lamberti']",Duomo,"['AMO', 'Museo Miniscalchi', 'Santa Anastasia', 'Teatro Romano', 'Museo Conte']",Teatro Romano,strategy_nearest,True,0.0020542144775390625,success
04C7DB3A9C4C80,3,"['Arena', 'Casa Giulietta']",Torre Lamberti,"['Sighseeing', 'Centro Fotografia', 'Museo Conte', 'Palazzo della Ragione', 'AMO']",Santa Anastasia,strategy_nearest,False,0.0025627613067626953,success
04C7EE3A9C4C80,1,"['Arena', 'Casa Giulietta', 'Torre Lamberti']",Palazzo della Ragione,"['AMO', 'Museo Conte', 'Centro Fotografia', 'Sighseeing', 'Santa Anastasia']",Santa Anastasia,strategy_nearest,True,0.0024509429931640625,success
04C7FF3A9C4C80,3,"['Casa Giulietta', 'Torre Lamberti', 'Santa Anastasia']",Teatro Romano,"['Duomo', 'AMO', 'Palazzo della Ragione', 'Museo Conte', 'Centro Fotografia']",Arena,strategy_nearest,False,0.0028929710388183594,success
04C80DBA7B3F80,1,"['Arena', 'Casa Giulietta', 'Palazzo della Ragione', 'Torre Lamberti']",Santa Anastasia,"['AMO', 'Museo Conte', 'Teatro Romano', 'Centro Fotografia', 'Duomo']",Teatro Romano,strategy_nearest,True,0.0024046897888183594,success
04C80E4A9C4C80,3,"['Arena', 'Castelvecchio', 'Torre Lamberti']",Santa Anastasia,"['AMO', 'Museo Conte', 'Palazzo della Ragione', 'Teatro Romano', 'Centro Fotografia']",Giardino Giusti,strategy_nearest,False,0.003217935562133789,success
04C813BA7B3F80,3,"['Arena', 'Casa Giulietta', 'San Fermo']",Tomba Giulietta,"['Museo Storia', 'Museo Lapidario', 'Museo Radio', 'Verona Tour', 'Castelvecchio']",Torre Lamberti,strategy_nearest,False,0.0030977725982666016,success
04C812BA7B3F80,1,"['Arena', 'Casa Giulietta']",Torre Lamberti,"['Sighseeing', 'Centro Fotografia', 'Museo Conte', 'Palazzo della Ragione', 'AMO']",Palazzo della Ragione,strategy_nearest,True,0.0025777816772460938,success
04C81B3A9C4C84,3,"['Arena', 'Casa Giulietta']",Santa Anastasia,"['AMO', 'Museo Conte', 'Palazzo della Ragione', 'Teatro Romano', 'Centro Fotografia']",Duomo,strategy_nearest,False,0.002798795700073242,success
04C81D429C4C80,1,"['Arena', 'Castelvecchio']",Duomo,"['AMO', 'Museo Miniscalchi', 'Santa Anastasia', 'Teatro Romano', 'Palazzo della Ragione']",Palazzo della Ragione,strategy_nearest,True,0.002651214599609375,success
04C81E3A9C4C84,1,"['Tomba Giulietta', 'San Fermo', 'Torre Lamberti', 'Palazzo della Ragione']",Santa Anastasia,"['AMO', 'Museo Conte', 'Teatro Romano', 'Centro Fotografia', 'Duomo']",Duomo,strategy_nearest,True,0.0032918453216552734,success
04C81FBA7B3F80,3,"['Santa Anastasia', 'Duomo', 'Casa Giulietta', 'Arena']",Torre Lamberti,"['Sighseeing', 'Centro Fotografia', 'Museo Conte', 'Palazzo della Ragione', 'AMO']",San Zeno,strategy_nearest,False,0.0021712779998779297,success
04C81A3A9C4C84,0,"['Arena', 'Museo Lapidario']",Castelvecchio,"['Verona Tour', 'Museo Radio', 'San Zeno', 'Sighseeing', 'Museo Miniscalchi']",Casa Giulietta,strategy_nearest,False,0.0028090476989746094,success
04C8203A9C4C84,1,"['Torre Lamberti', 'Palazzo della Ragione']",Teatro Romano,"['Santa Anastasia', 'Duomo', 'AMO', 'Museo Conte', 'Centro Fotografia']",Arena,strategy_nearest,False,0.0026111602783203125,success
04C825BA7B3F80,1,"['Castelvecchio', 'Arena', 'Torre Lamberti']",Palazzo della Ragione,"['AMO', 'Museo Conte', 'Centro Fotografia', 'Sighseeing', 'Santa Anastasia']",Casa Giulietta,strategy_nearest,False,0.0027761459350585938,success
04C8253A9C4C84,0,['Arena'],Museo Lapidario,"['Verona Tour', 'Castelvecchio', 'Museo Radio', 'San Fermo', 'Casa Giulietta']",Casa Giulietta,strategy_nearest,True,0.002106189727783203,success
04C82BBA7B3F80,3,"['Santa Anastasia', 'Duomo', 'Casa Giulietta', 'Arena']",Torre Lamberti,"['Sighseeing', 'Centro Fotografia', 'Museo Conte', 'Palazzo della Ragione', 'AMO']",San Zeno,strategy_nearest,False,0.0031189918518066406,success
04C83D429C4C80,3,"['Santa Anastasia', 'Teatro Romano']",Duomo,"['AMO', 'Museo Miniscalchi', 'Palazzo della Ragione', 'Museo Conte', 'Torre Lamberti']",Casa Giulietta,strategy_nearest,False,0.002335071563720703,success
04C8383A9C4C80,3,"['Arena', 'Casa Giulietta', 'Torre Lamberti']",Santa Anastasia,"['AMO', 'Museo Conte', 'Palazzo della Ragione', 'Teatro Romano', 'Centro Fotografia']",Teatro Romano,strategy_nearest,True,0.0032358169555664062,success
04C843BA7B3F80,1,"['Teatro Romano', 'Palazzo della Ragione']",Casa Giulietta,"['Centro Fotografia', 'Sighseeing', 'Torre Lamberti', 'Museo Conte', 'Museo Radio']",Arena,strategy_nearest,False,0.003662109375,success
04C831BA7B3F80,3,"['Arena', 'Casa Giulietta', 'San Fermo']",Tomba Giulietta,"['Museo Storia', 'Museo Lapidario', 'Museo Radio', 'Verona Tour', 'Castelvecchio']",Torre Lamberti,strategy_nearest,False,0.003165006637573242,success
04C84FBA7B3F80,1,"['Teatro Romano', 'Palazzo della Ragione']",Casa Giulietta,"['Centro Fotografia', 'Sighseeing', 'Torre Lamberti', 'Museo Conte', 'Museo Radio']",Arena,strategy_nearest,False,0.002566814422607422,success
04C849429C4C80,1,"['Arena', 'Torre Lamberti']",Palazzo della Ragione,"['AMO', 'Museo Conte', 'Centro Fotografia', 'Sighseeing', 'Santa Anastasia']",Casa Giulietta,strategy_nearest,False,0.002407073974609375,success
04C856BA7B3F80,1,"['Arena', 'Casa Giulietta']",Torre Lamberti,"['Sighseeing', 'Centro Fotografia', 'Museo Conte', 'Palazzo della Ragione', 'AMO']",Palazzo della Ragione,strategy_nearest,True,0.002795696258544922,success
04C868BA7B3F80,4,"['Arena', 'Santa Anastasia', 'Casa Giulietta', 'Palazzo della Ragione']",Castelvecchio,"['Museo Lapidario', 'Verona Tour', 'Museo Radio', 'San Zeno', 'Sighseeing']",Tomba Giulietta,strategy_nearest,False,0.0032961368560791016,success
04C871429C4C80,0,['Arena'],Casa Giulietta,"['Centro Fotografia', 'Sighseeing', 'Torre Lamberti', 'Museo Conte', 'Museo Radio']",Duomo,strategy_nearest,False,0.002173185348510742,success
04C873429C4C80,0,['Torre Lamberti'],Casa Giulietta,"['Centro Fotografia', 'Sighseeing', 'Museo Conte', 'Museo Radio', 'Palazzo della Ragione']",Teatro Romano,strategy_nearest,False,0.002541780471801758,success
04C86D429C4C80,1,"['Arena', 'Palazzo della Ragione']",Torre Lamberti,"['Sighseeing', 'Centro Fotografia', 'Museo Conte', 'Casa Giulietta', 'AMO']",Casa Giulietta,strategy_nearest,True,0.0025489330291748047,success
04C8713A9C4C80,1,['Arena'],San Zeno,"['Castelvecchio', 'Verona Tour', 'Museo Lapidario', 'Museo Miniscalchi', 'Sighseeing']",Palazzo della Ragione,strategy_nearest,False,0.0042438507080078125,success
04C8793A9C4C80,3,['Arena'],Casa Giulietta,"['Centro Fotografia', 'Sighseeing', 'Torre Lamberti', 'Museo Conte', 'Museo Radio']",Torre Lamberti,strategy_nearest,True,0.002602100372314453,success
04C87C3A9C4C80,0,"['Arena', 'Torre Lamberti']",Teatro Romano,"['Santa Anastasia', 'Duomo', 'AMO', 'Palazzo della Ragione', 'Museo Conte']",Casa Giulietta,strategy_nearest,False,0.0021209716796875,success
04C87A3A9C4C80,0,['Arena'],Casa Giulietta,"['Centro Fotografia', 'Sighseeing', 'Torre Lamberti', 'Museo Conte', 'Museo Radio']",Teatro Romano,strategy_nearest,False,0.003990888595581055,success
04C87D429C4C80,0,['Arena'],Torre Lamberti,"['Sighseeing', 'Centro Fotografia', 'Museo Conte', 'Casa Giulietta', 'Palazzo della Ragione']",Casa Giulietta,strategy_nearest,True,0.002524852752685547,success
04C87E429C4C80,3,['Arena'],Casa Giulietta,"['Centro Fotografia', 'Sighseeing', 'Torre Lamberti', 'Museo Conte', 'Museo Radio']",Santa Anastasia,strategy_nearest,False,0.002596139907836914,success
04C8803A9C4C80,0,['Torre Lamberti'],Arena,"['Verona Tour', 'Museo Lapidario', 'Museo Radio', 'San Fermo', 'Casa Giulietta']",Casa Giulietta,strategy_nearest,True,0.0020749568939208984,success
04C87FBA7B3F80,1,"['Arena', 'Casa Giulietta', 'Torre Lamberti', 'Palazzo della Ragione']",Santa Anastasia,"['AMO', 'Museo Conte', 'Teatro Romano', 'Centro Fotografia', 'Duomo']",Castelvecchio,strategy_nearest,False,0.0033578872680664062,success
04C885BA7B3F80,1,"['Arena', 'Casa Giulietta']",Santa Anastasia,"['AMO', 'Museo Conte', 'Palazzo della Ragione', 'Teatro Romano', 'Centro Fotografia']",Torre Lamberti,strategy_nearest,False,0.0026788711547851562,success
04C88BBA7B3F80,4,"['Arena', 'Santa Anastasia', 'Casa Giulietta', 'Palazzo della Ragione']",Castelvecchio,"['Museo Lapidario', 'Verona Tour', 'Museo Radio', 'San Zeno', 'Sighseeing']",Tomba Giulietta,strategy_nearest,False,0.0026330947875976562,success
04C88D429C4C80,3,['Arena'],Casa Giulietta,"['Centro Fotografia', 'Sighseeing', 'Torre Lamberti', 'Museo Conte', 'Museo Radio']",Torre Lamberti,strategy_nearest,True,0.0021250247955322266,success
04C88E4A9C4C80,0,['Arena'],Torre Lamberti,"['Sighseeing', 'Centro Fotografia', 'Museo Conte', 'Casa Giulietta', 'Palazzo della Ragione']",Casa Giulietta,strategy_nearest,True,0.002597808837890625,success
04C8A572743380,3,['Arena'],Casa Giulietta,"['Centro Fotografia', 'Sighseeing', 'Torre Lamberti', 'Museo Conte', 'Museo Radio']",Santa Anastasia,strategy_nearest,False,0.0031309127807617188,success
04C8A772743380,3,"['Teatro Romano', 'Duomo']",Castelvecchio,"['Museo Lapidario', 'Verona Tour', 'Arena', 'Museo Radio', 'San Zeno']",Arena,strategy_nearest,True,0.0026099681854248047,success
04C8A94A9C4C80,3,"['Arena', 'Casa Giulietta', 'Torre Lamberti']",Santa Anastasia,"['AMO', 'Museo Conte', 'Palazzo della Ragione', 'Teatro Romano', 'Centro Fotografia']",Duomo,strategy_nearest,False,0.0024950504302978516,success
04C8A84A9C4C80,0,['Arena'],Castelvecchio,"['Museo Lapidario', 'Verona Tour', 'Museo Radio', 'San Zeno', 'Sighseeing']",Casa Giulietta,strategy_nearest,False,0.0034432411193847656,success
04C8B1429C4C80,0,['Arena'],Casa Giulietta,"['Centro Fotografia', 'Sighseeing', 'Torre Lamberti', 'Museo Conte', 'Museo Radio']",Palazzo della Ragione,strategy_nearest,False,0.003367185592651367,success
04C8B73A9C4C80,3,"['Casa Giulietta', 'Santa Anastasia']",Teatro Romano,"['Duomo', 'AMO', 'Palazzo della Ragione', 'Museo Conte', 'Centro Fotografia']",Castelvecchio,strategy_nearest,False,0.00255584716796875,success
04C8C0429C4C80,4,"['Casa Giulietta', 'Arena', 'Museo Radio']",Tomba Giulietta,"['San Fermo', 'Museo Storia', 'Museo Lapidario', 'Verona Tour', 'Castelvecchio']",Torre Lamberti,strategy_nearest,False,0.003367185592651367,success
04C8CEBA7B3F80,2,"['San Zeno', 'Torre Lamberti', 'Casa Giulietta']",Duomo,"['AMO', 'Museo Miniscalchi', 'Santa Anastasia', 'Teatro Romano', 'Palazzo della Ragione']",Santa Anastasia,strategy_nearest,True,0.0024461746215820312,success
04C8C7429C4C80,3,['Arena'],Santa Anastasia,"['AMO', 'Museo Conte', 'Palazzo della Ragione', 'Teatro Romano', 'Centro Fotografia']",Duomo,strategy_nearest,False,0.0032927989959716797,success
04C8CDBA7B3F80,1,"['Arena', 'San Fermo']",Torre Lamberti,"['Sighseeing', 'Centro Fotografia', 'Museo Conte', 'Casa Giulietta', 'Palazzo della Ragione']",Palazzo della Ragione,strategy_nearest,True,0.002540111541748047,success
04C8F53A9C4C80,0,['Tomba Giulietta'],Arena,"['Verona Tour', 'Museo Lapidario', 'Museo Radio', 'San Fermo', 'Casa Giulietta']",Casa Giulietta,strategy_nearest,True,0.0019440650939941406,success
04C8EC3A9C4C80,0,['Torre Lamberti'],Arena,"['Verona Tour', 'Museo Lapidario', 'Museo Radio', 'San Fermo', 'Casa Giulietta']",Teatro Romano,strategy_nearest,False,0.003360748291015625,success
04C905BA7B3F84,1,"['Museo Lapidario', 'Arena', 'Casa Giulietta', 'Torre Lamberti']",Palazzo della Ragione,"['AMO', 'Museo Conte', 'Centro Fotografia', 'Sighseeing', 'Santa Anastasia']",San Fermo,strategy_nearest,False,0.002513885498046875,success
04C8FC3A9C4C80,3,['Arena'],Casa Giulietta,"['Centro Fotografia', 'Sighseeing', 'Torre Lamberti', 'Museo Conte', 'Museo Radio']",Torre Lamberti,strategy_nearest,True,0.0031480789184570312,success
04C91CBA7B3F84,3,"['Castelvecchio', 'Santa Anastasia', 'Duomo']",Torre Lamberti,"['Sighseeing', 'Centro Fotografia', 'Museo Conte', 'Casa Giulietta', 'Palazzo della Ragione']",Casa Giulietta,strategy_nearest,True,0.002561807632446289,success
04C91F3A9C4C80,0,['Torre Lamberti'],Casa Giulietta,"['Centro Fotografia', 'Sighseeing', 'Museo Conte', 'Museo Radio', 'Palazzo della Ragione']",Arena,strategy_nearest,False,0.002713918685913086,success
04C922429C4C84,3,"['Castelvecchio', 'Arena']",Torre Lamberti,"['Sighseeing', 'Centro Fotografia', 'Museo Conte', 'Casa Giulietta', 'Palazzo della Ragione']",Duomo,strategy_nearest,False,0.0030281543731689453,success
04C90E4A9C4C80,1,"['Arena', 'Casa Giulietta', 'Torre Lamberti']",Palazzo della Ragione,"['AMO', 'Museo Conte', 'Centro Fotografia', 'Sighseeing', 'Santa Anastasia']",Castelvecchio,strategy_nearest,False,0.003397226333618164,success
04C931429C4C80,0,"['Arena', 'Torre Lamberti']",Casa Giulietta,"['Centro Fotografia', 'Sighseeing', 'Museo Conte', 'Museo Radio', 'Palazzo della Ragione']",Teatro Romano,strategy_nearest,False,0.0017631053924560547,success
04C9383A9C4C80,3,"['Arena', 'Casa Giulietta']",Santa Anastasia,"['AMO', 'Museo Conte', 'Palazzo della Ragione', 'Teatro Romano', 'Centro Fotografia']",Torre Lamberti,strategy_nearest,False,0.0026149749755859375,success
04C9443A9C4C80,0,['Casa Giulietta'],Torre Lamberti,"['Sighseeing', 'Centro Fotografia', 'Museo Conte', 'Palazzo della Ragione', 'AMO']",Arena,strategy_nearest,False,0.0027570724487304688,success
04C969BA7B3F80,2,"['San Zeno', 'Torre Lamberti', 'Casa Giulietta']",Santa Anastasia,"['AMO', 'Museo Conte', 'Palazzo della Ragione', 'Teatro Romano', 'Centro Fotografia']",Tomba Giulietta,strategy_nearest,False,0.003200054168701172,success
04C96ABA7B3F80,2,"['San Zeno', 'Tomba Giulietta', 'San Fermo']",Teatro Romano,"['Santa Anastasia', 'Duomo', 'AMO', 'Palazzo della Ragione', 'Museo Conte']",Castelvecchio,strategy_nearest,False,0.002989053726196289,success
04C970BA7B3F80,3,"['San Zeno', 'Casa Giulietta']",Arena,"['Verona Tour', 'Museo Lapidario', 'Museo Radio', 'San Fermo', 'Sighseeing']",Tomba Giulietta,strategy_nearest,False,0.0037119388580322266,success
04C97A4A9C4C80,0,['Arena'],Castelvecchio,"['Museo Lapidario', 'Verona Tour', 'Museo Radio', 'San Zeno', 'Sighseeing']",Teatro Romano,strategy_nearest,False,0.002672910690307617,success
04C980429C4C80,0,['Duomo'],Casa Giulietta,"['Centro Fotografia', 'Sighseeing', 'Torre Lamberti', 'Museo Conte', 'Museo Radio']",Castelvecchio,strategy_nearest,False,0.0027341842651367188,success
04C982429C4C80,1,"['Arena', 'Castelvecchio']",Casa Giulietta,"['Centro Fotografia', 'Sighseeing', 'Torre Lamberti', 'Museo Conte', 'Museo Radio']",Torre Lamberti,strategy_nearest,True,0.003242969512939453,success
04C98B429C4C80,1,"['Arena', 'Castelvecchio', 'Casa Giulietta']",Palazzo della Ragione,"['AMO', 'Museo Conte', 'Torre Lamberti', 'Centro Fotografia', 'Sighseeing']",Museo Lapidario,strategy_nearest,False,0.004601001739501953,success
04C98E429C4C80,1,"['Arena', 'Palazzo della Ragione']",Tomba Giulietta,"['San Fermo', 'Museo Storia', 'Museo Lapidario', 'Museo Radio', 'Verona Tour']",Casa Giulietta,strategy_nearest,False,0.002151012420654297,success
04C98F429C4C80,0,"['Torre Lamberti', 'Torre Lamberti']",Casa Giulietta,"['Centro Fotografia', 'Sighseeing', 'Museo Conte', 'Museo Radio', 'Palazzo della Ragione']",Arena,strategy_nearest,False,0.002025127410888672,success
04C990429C4C80,0,['Arena'],Castelvecchio,"['Museo Lapidario', 'Verona Tour', 'Museo Radio', 'San Zeno', 'Sighseeing']",Teatro Romano,strategy_nearest,False,0.0026350021362304688,success
04C99C429C4C80,1,"['Arena', 'Casa Giulietta']",Torre Lamberti,"['Sighseeing', 'Centro Fotografia', 'Museo Conte', 'Palazzo della Ragione', 'AMO']",Palazzo della Ragione,strategy_nearest,True,0.0013968944549560547,success
04C993BA7B3F80,1,"['Arena', 'San Fermo', 'Casa Giulietta']",Palazzo della Ragione,"['AMO', 'Museo Conte', 'Torre Lamberti', 'Centro Fotografia', 'Sighseeing']",Tomba Giulietta,strategy_nearest,False,0.0021429061889648438,success
04C9A0BA7B3F80,0,"['Casa Giulietta', 'Arena']",Tomba Giulietta,"['San Fermo', 'Museo Storia', 'Museo Lapidario', 'Museo Radio', 'Verona Tour']",Castelvecchio,strategy_nearest,False,0.002680063247680664,success
04C99ABA7B3F80,1,"['Arena', 'San Fermo', 'Casa Giulietta', 'Torre Lamberti']",Palazzo della Ragione,"['AMO', 'Museo Conte', 'Centro Fotografia', 'Sighseeing', 'Santa Anastasia']",Palazzo della Ragione,strategy_nearest,False,0.0033979415893554688,success
04C9A63A9C4C80,0,['Torre Lamberti'],Casa Giulietta,"['Centro Fotografia', 'Sighseeing', 'Museo Conte', 'Museo Radio', 'Palazzo della Ragione']",Arena,strategy_nearest,False,0.0028810501098632812,success
04C9A8429C4C80,0,['Arena'],Castelvecchio,"['Museo Lapidario', 'Verona Tour', 'Museo Radio', 'San Zeno', 'Sighseeing']",Casa Giulietta,strategy_nearest,False,0.0027709007263183594,success
04C9AA3A9C4C80,0,['Arena'],Torre Lamberti,"['Sighseeing', 'Centro Fotografia', 'Museo Conte', 'Casa Giulietta', 'Palazzo della Ragione']",Casa Giulietta,strategy_nearest,True,0.0019190311431884766,success
04C9A872743380,1,"['Arena', 'Castelvecchio']",Torre Lamberti,"['Sighseeing', 'Centro Fotografia', 'Museo Conte', 'Casa Giulietta', 'Palazzo della Ragione']",Palazzo della Ragione,strategy_nearest,True,0.0026319026947021484,success
04C9ACBA7B3F80,3,"['Castelvecchio', 'Arena']",Museo Lapidario,"['Verona Tour', 'Museo Radio', 'San Fermo', 'Casa Giulietta', 'Tomba Giulietta']",Duomo,strategy_nearest,False,0.003185749053955078,success
04C9AF3A9C4C80,3,"['Duomo', 'Teatro Romano', 'Torre Lamberti']",San Zeno,"['Castelvecchio', 'Verona Tour', 'Museo Lapidario', 'Arena', 'Museo Miniscalchi']",Castelvecchio,strategy_nearest,True,0.0028810501098632812,success
04C9B772743380,3,"['Casa Giulietta', 'Santa Anastasia']",Duomo,"['AMO', 'Museo Miniscalchi', 'Teatro Romano', 'Palazzo della Ragione', 'Museo Conte']",Arena,strategy_nearest,False,0.0031290054321289062,success
04C9B23A9C4C80,0,['Arena'],Casa Giulietta,"['Centro Fotografia', 'Sighseeing', 'Torre Lamberti', 'Museo Conte', 'Museo Radio']",Torre Lamberti,strategy_nearest,True,0.0027489662170410156,success
04C9C5429C4C80,0,['Arena'],Castelvecchio,"['Museo Lapidario', 'Verona Tour', 'Museo Radio', 'San Zeno', 'Sighseeing']",Teatro Romano,strategy_nearest,False,0.0030679702758789062,success
04C9B8BA7B3F80,4,"['Castelvecchio', 'Arena', 'Museo Storia', 'Museo Radio', 'Tomba Giulietta']",Teatro Romano,"['Santa Anastasia', 'Duomo', 'AMO', 'Palazzo della Ragione', 'Museo Conte']",Duomo,strategy_nearest,True,0.0025038719177246094,success
04C9EB3A9C4C80,3,"['Arena', 'Casa Giulietta']",Torre Lamberti,"['Sighseeing', 'Centro Fotografia', 'Museo Conte', 'Palazzo della Ragione', 'AMO']",Santa Anastasia,strategy_nearest,False,0.001856088638305664,success
04C9FABA7B3F80,1,"['Museo Lapidario', 'Arena', 'Casa Giulietta']",Torre Lamberti,"['Sighseeing', 'Centro Fotografia', 'Museo Conte', 'Palazzo della Ragione', 'AMO']",Palazzo della Ragione,strategy_nearest,True,0.002401113510131836,success
04CA193A9C4C84,1,['Arena'],Casa Giulietta,"['Centro Fotografia', 'Sighseeing', 'Torre Lamberti', 'Museo Conte', 'Museo Radio']",Palazzo della Ragione,strategy_nearest,False,0.0019550323486328125,success
04CA1C429C4C80,3,['Arena'],Castelvecchio,"['Museo Lapidario', 'Verona Tour', 'Museo Radio', 'San Zeno', 'Sighseeing']",Duomo,strategy_nearest,False,0.0025420188903808594,success
04CA053A9C4C84,1,"['Arena', 'Casa Giulietta', 'Palazzo della Ragione']",Torre Lamberti,"['Sighseeing', 'Centro Fotografia', 'Museo Conte', 'AMO', 'Museo Miniscalchi']",Santa Anastasia,strategy_nearest,False,0.003389120101928711,success
04CA31429C4C80,3,"['Arena', 'Casa Giulietta']",Torre Lamberti,"['Sighseeing', 'Centro Fotografia', 'Museo Conte', 'Palazzo della Ragione', 'AMO']",Teatro Romano,strategy_nearest,False,0.0030059814453125,success
04CA36429C4C80,3,['Arena'],Santa Anastasia,"['AMO', 'Museo Conte', 'Palazzo della Ragione', 'Teatro Romano', 'Centro Fotografia']",Duomo,strategy_nearest,False,0.00339508056640625,success
04CA3F3A9C4C80,1,['Arena'],Casa Giulietta,"['Centro Fotografia', 'Sighseeing', 'Torre Lamberti', 'Museo Conte', 'Museo Radio']",Torre Lamberti,strategy_nearest,True,0.0021140575408935547,success
04CA64429C4C80,0,['Casa Giulietta'],Arena,"['Verona Tour', 'Museo Lapidario', 'Museo Radio', 'San Fermo', 'Sighseeing']",Tomba Giulietta,strategy_nearest,False,0.003214120864868164,success
04CA49BA7B3F80,1,"['Santa Anastasia', 'Torre Lamberti', 'Arena']",Castelvecchio,"['Museo Lapidario', 'Verona Tour', 'Museo Radio', 'San Zeno', 'Sighseeing']",San Zeno,strategy_nearest,True,0.003283977508544922,success
04CA743A9C4C80,0,"['Arena', 'Casa Giulietta']",Arena,"['Verona Tour', 'Museo Lapidario', 'Museo Radio', 'San Fermo', 'Sighseeing']",Teatro Romano,strategy_nearest,False,0.002318143844604492,success
04CA7A4A9C4C80,1,"['Santa Anastasia', 'Torre Lamberti']",Casa Giulietta,"['Centro Fotografia', 'Sighseeing', 'Museo Conte', 'Museo Radio', 'Palazzo della Ragione']",Arena,strategy_nearest,False,0.0019240379333496094,success
04CA863A9C4C80,3,"['Santa Anastasia', 'Duomo']",Castelvecchio,"['Museo Lapidario', 'Verona Tour', 'Arena', 'Museo Radio', 'San Zeno']",Arena,strategy_nearest,True,0.002477884292602539,success
04CA814A9C4C80,1,"['Arena', 'Teatro Romano', 'Santa Anastasia']",Casa Giulietta,"['Centro Fotografia', 'Sighseeing', 'Torre Lamberti', 'Museo Conte', 'Museo Radio']",Palazzo della Ragione,strategy_nearest,False,0.0028312206268310547,success
04CA8B429C4C80,1,['Arena'],Torre Lamberti,"['Sighseeing', 'Centro Fotografia', 'Museo Conte', 'Casa Giulietta', 'Palazzo della Ragione']",Palazzo della Ragione,strategy_nearest,True,0.0023779869079589844,success
04CA8C3A9C4C80,3,"['Arena', 'Museo Lapidario', 'Castelvecchio']",Casa Giulietta,"['Centro Fotografia', 'Sighseeing', 'Torre Lamberti', 'Museo Conte', 'Museo Radio']",Torre Lamberti,strategy_nearest,True,0.002257823944091797,success
04CA8D4A9C4C80,1,"['Arena', 'Casa Giulietta', 'Torre Lamberti']",Palazzo della Ragione,"['AMO', 'Museo Conte', 'Centro Fotografia', 'Sighseeing', 'Santa Anastasia']",Santa Anastasia,strategy_nearest,True,0.002986907958984375,success
04CA893A9C4C80,0,['Arena'],Casa Giulietta,"['Centro Fotografia', 'Sighseeing', 'Torre Lamberti', 'Museo Conte', 'Museo Radio']",Torre Lamberti,strategy_nearest,True,0.0038352012634277344,success
04CAA53A9C4C80,0,"['Arena', 'Museo Lapidario', 'Castelvecchio']",Tomba Giulietta,"['San Fermo', 'Museo Storia', 'Museo Radio', 'Verona Tour', 'Casa Giulietta']",Teatro Romano,strategy_nearest,False,0.0019598007202148438,success
04CA8E3A9C4C80,3,"['Casa Giulietta', 'Arena']",Castelvecchio,"['Museo Lapidario', 'Verona Tour', 'Museo Radio', 'San Zeno', 'Sighseeing']",Torre Lamberti,strategy_nearest,False,0.002585172653198242,success
04CAA672743380,3,"['Arena', 'Casa Giulietta', 'San Fermo', 'Santa Anastasia']",Duomo,"['AMO', 'Museo Miniscalchi', 'Teatro Romano', 'Palazzo della Ragione', 'Museo Conte']",Torre Lamberti,strategy_nearest,False,0.002588987350463867,success
04CAA73A9C4C80,0,['Arena'],Casa Giulietta,"['Centro Fotografia', 'Sighseeing', 'Torre Lamberti', 'Museo Conte', 'Museo Radio']",Duomo,strategy_nearest,False,0.003178119659423828,success
04CAA872743380,3,"['Castelvecchio', 'Teatro Romano']",Casa Giulietta,"['Centro Fotografia', 'Sighseeing', 'Torre Lamberti', 'Museo Conte', 'Museo Radio']",Santa Anastasia,strategy_nearest,False,0.001878976821899414,success
04CAA8429C4C80,0,"['Arena', 'Casa Giulietta']",Torre Lamberti,"['Sighseeing', 'Centro Fotografia', 'Museo Conte', 'Palazzo della Ragione', 'AMO']",Teatro Romano,strategy_nearest,False,0.0033960342407226562,success
04CAAD429C4C80,3,"['Torre Lamberti', 'Casa Giulietta']",Arena,"['Verona Tour', 'Museo Lapidario', 'Museo Radio', 'San Fermo', 'Sighseeing']",Tomba Giulietta,strategy_nearest,False,0.003364086151123047,success
04CAB13A9C4C80,0,"['Museo Lapidario', 'Castelvecchio', 'Tomba Giulietta']",Arena,"['Verona Tour', 'Museo Radio', 'San Fermo', 'Casa Giulietta', 'Sighseeing']",Giardino Giusti,strategy_nearest,False,0.003122091293334961,success
04CAB4429C4C80,0,"['Teatro Romano', 'Giardino Giusti']",Torre Lamberti,"['Sighseeing', 'Centro Fotografia', 'Museo Conte', 'Casa Giulietta', 'Palazzo della Ragione']",Castelvecchio,strategy_nearest,False,0.0033347606658935547,success
04CAB8429C4C80,2,"['Casa Giulietta', 'Palazzo della Ragione']",Torre Lamberti,"['Sighseeing', 'Centro Fotografia', 'Museo Conte', 'AMO', 'Museo Miniscalchi']",Teatro Romano,strategy_nearest,False,0.0024597644805908203,success
04CAB5429C4C80,0,['Arena'],Casa Giulietta,"['Centro Fotografia', 'Sighseeing', 'Torre Lamberti', 'Museo Conte', 'Museo Radio']",Tomba Giulietta,strategy_nearest,False,0.0034689903259277344,success
04CAB7429C4C80,0,['Arena'],Casa Giulietta,"['Centro Fotografia', 'Sighseeing', 'Torre Lamberti', 'Museo Conte', 'Museo Radio']",Duomo,strategy_nearest,False,0.004228830337524414,success
04CAB9429C4C80,0,"['Casa Giulietta', 'Torre Lamberti']",Duomo,"['AMO', 'Museo Miniscalchi', 'Santa Anastasia', 'Teatro Romano', 'Palazzo della Ragione']",Castelvecchio,strategy_nearest,False,0.0025641918182373047,success
04CAC6429C4C80,3,"['Arena', 'Museo Lapidario', 'Castelvecchio', 'San Zeno']",San Fermo,"['Museo Storia', 'Museo Radio', 'Casa Giulietta', 'Centro Fotografia', 'Sighseeing']",Santa Anastasia,strategy_nearest,False,0.003759145736694336,success
04CAC0429C4C80,0,['Casa Giulietta'],Torre Lamberti,"['Sighseeing', 'Centro Fotografia', 'Museo Conte', 'Palazzo della Ragione', 'AMO']",Arena,strategy_nearest,False,0.002160310745239258,success
04CAC5429C4C80,2,['Santa Anastasia'],Duomo,"['AMO', 'Museo Miniscalchi', 'Teatro Romano', 'Palazzo della Ragione', 'Museo Conte']",Torre Lamberti,strategy_nearest,False,0.0032989978790283203,success
04CAC73A9C4C80,3,['Arena'],Casa Giulietta,"['Centro Fotografia', 'Sighseeing', 'Torre Lamberti', 'Museo Conte', 'Museo Radio']",Santa Anastasia,strategy_nearest,False,0.002521038055419922,success
04CAD13A9C4C80,0,['Arena'],Casa Giulietta,"['Centro Fotografia', 'Sighseeing', 'Torre Lamberti', 'Museo Conte', 'Museo Radio']",Torre Lamberti,strategy_nearest,True,0.001873016357421875,success
04CACE3A9C4C80,3,"['Torre Lamberti', 'Casa Giulietta']",Duomo,"['AMO', 'Museo Miniscalchi', 'Santa Anastasia', 'Teatro Romano', 'Palazzo della Ragione']",Arena,strategy_nearest,False,0.002638101577758789,success
04CAEB3A9C4C80,0,"['Castelvecchio', 'Casa Giulietta']",Torre Lamberti,"['Sighseeing', 'Centro Fotografia', 'Museo Conte', 'Palazzo della Ragione', 'AMO']",Tomba Giulietta,strategy_nearest,False,0.0029878616333007812,success
04CAE23A9C4C80,1,"['Arena', 'Casa Giulietta']",Torre Lamberti,"['Sighseeing', 'Centro Fotografia', 'Museo Conte', 'Palazzo della Ragione', 'AMO']",Palazzo della Ragione,strategy_nearest,True,0.004046916961669922,success
04CAEF429C4C80,0,"['Arena', 'Casa Giulietta']",Santa Anastasia,"['AMO', 'Museo Conte', 'Palazzo della Ragione', 'Teatro Romano', 'Centro Fotografia']",Castelvecchio,strategy_nearest,False,0.0027608871459960938,success
04CB053A9C4C84,1,"['Arena', 'Casa Giulietta']",Santa Anastasia,"['AMO', 'Museo Conte', 'Palazzo della Ragione', 'Teatro Romano', 'Centro Fotografia']",Palazzo della Ragione,strategy_nearest,True,0.003503084182739258,success
04CB103A9C4C84,1,"['Arena', 'Casa Giulietta', 'Torre Lamberti']",Palazzo della Ragione,"['AMO', 'Museo Conte', 'Centro Fotografia', 'Sighseeing', 'Santa Anastasia']",Santa Anastasia,strategy_nearest,True,0.0019409656524658203,success
04CB203A9C4C84,0,['Arena'],Torre Lamberti,"['Sighseeing', 'Centro Fotografia', 'Museo Conte', 'Casa Giulietta', 'Palazzo della Ragione']",Casa Giulietta,strategy_nearest,True,0.0027818679809570312,success
04CB213A9C4C84,1,"['Casa Giulietta', 'Torre Lamberti']",Palazzo della Ragione,"['AMO', 'Museo Conte', 'Centro Fotografia', 'Sighseeing', 'Santa Anastasia']",Arena,strategy_nearest,False,0.0037279129028320312,success
04CB244A9C4C80,1,"['Castelvecchio', 'Arena', 'Casa Giulietta', 'Torre Lamberti']",Palazzo della Ragione,"['AMO', 'Museo Conte', 'Centro Fotografia', 'Sighseeing', 'Santa Anastasia']",Santa Anastasia,strategy_nearest,True,0.002749919891357422,success
04CB393A9C4C80,3,"['Arena', 'Casa Giulietta']",Torre Lamberti,"['Sighseeing', 'Centro Fotografia', 'Museo Conte', 'Palazzo della Ragione', 'AMO']",Santa Anastasia,strategy_nearest,False,0.003567218780517578,success
04CB3F3A9C4C80,0,['Arena'],Casa Giulietta,"['Centro Fotografia', 'Sighseeing', 'Torre Lamberti', 'Museo Conte', 'Museo Radio']",Santa Anastasia,strategy_nearest,False,0.0029478073120117188,success
04CB403A9C4C80,3,"['Casa Giulietta', 'Teatro Romano', 'Duomo']",Santa Anastasia,"['AMO', 'Museo Conte', 'Palazzo della Ragione', 'Centro Fotografia', 'Torre Lamberti']",Arena,strategy_nearest,False,0.002994060516357422,success
04CB57BA7B3F80,1,"['Torre Lamberti', 'Casa Giulietta', 'Arena']",Castelvecchio,"['Museo Lapidario', 'Verona Tour', 'Museo Radio', 'San Zeno', 'Sighseeing']",Teatro Romano,strategy_nearest,False,0.0020608901977539062,success
04CB473A9C4C80,3,"['Arena', 'San Fermo', 'Casa Giulietta']",Torre Lamberti,"['Sighseeing', 'Centro Fotografia', 'Museo Conte', 'Palazzo della Ragione', 'AMO']",Santa Anastasia,strategy_nearest,False,0.0035440921783447266,success
04CB723A9C4C80,1,"['Tomba Giulietta', 'Arena']",Torre Lamberti,"['Sighseeing', 'Centro Fotografia', 'Museo Conte', 'Casa Giulietta', 'Palazzo della Ragione']",Palazzo della Ragione,strategy_nearest,True,0.0025467872619628906,success
04CB7C3A9C4C80,0,['Arena'],Torre Lamberti,"['Sighseeing', 'Centro Fotografia', 'Museo Conte', 'Casa Giulietta', 'Palazzo della Ragione']",Casa Giulietta,strategy_nearest,True,0.003097057342529297,success
04CB7C4A9C4C80,3,"['Arena', 'Casa Giulietta']",Santa Anastasia,"['AMO', 'Museo Conte', 'Palazzo della Ragione', 'Teatro Romano', 'Centro Fotografia']",Duomo,strategy_nearest,False,0.002650737762451172,success
04CB7F429C4C80,0,"['Arena', 'Casa Giulietta']",Castelvecchio,"['Museo Lapidario', 'Verona Tour', 'Museo Radio', 'San Zeno', 'Sighseeing']",Tomba Giulietta,strategy_nearest,False,0.0024039745330810547,success
04CB80429C4C80,0,['Arena'],Casa Giulietta,"['Centro Fotografia', 'Sighseeing', 'Torre Lamberti', 'Museo Conte', 'Museo Radio']",Santa Anastasia,strategy_nearest,False,0.0019948482513427734,success
04CB833A9C4C80,2,"['Museo Lapidario', 'Castelvecchio']",Tomba Giulietta,"['San Fermo', 'Museo Storia', 'Arena', 'Museo Radio', 'Verona Tour']",Giardino Giusti,strategy_nearest,False,0.002111196517944336,success
04CB964A9C4C80,3,"['Arena', 'Museo Lapidario']",Casa Giulietta,"['Centro Fotografia', 'Sighseeing', 'Torre Lamberti', 'Museo Conte', 'Museo Radio']",Santa Anastasia,strategy_nearest,False,0.0032529830932617188,success
04CB92429C4C80,3,"['Arena', 'Castelvecchio', 'Casa Giulietta']",Torre Lamberti,"['Sighseeing', 'Centro Fotografia', 'Museo Conte', 'Palazzo della Ragione', 'AMO']",Santa Anastasia,strategy_nearest,False,0.002736806869506836,success
04CB9A429C4C80,1,"['Tomba Giulietta', 'Arena', 'Casa Giulietta']",Torre Lamberti,"['Sighseeing', 'Centro Fotografia', 'Museo Conte', 'Palazzo della Ragione', 'AMO']",Palazzo della Ragione,strategy_nearest,True,0.00269317626953125,success
04CB97429C4C80,1,"['Duomo', 'Teatro Romano']",Casa Giulietta,"['Centro Fotografia', 'Sighseeing', 'Torre Lamberti', 'Museo Conte', 'Museo Radio']",Palazzo della Ragione,strategy_nearest,False,0.00191497802734375,success
04CB9B429C4C80,0,['Arena'],Torre Lamberti,"['Sighseeing', 'Centro Fotografia', 'Museo Conte', 'Casa Giulietta', 'Palazzo della Ragione']",Casa Giulietta,strategy_nearest,True,0.002492189407348633,success
04CBA572743380,3,"['Castelvecchio', 'Arena', 'Casa Giulietta']",Tomba Giulietta,"['San Fermo', 'Museo Storia', 'Museo Lapidario', 'Museo Radio', 'Verona Tour']",Torre Lamberti,strategy_nearest,False,0.0033779144287109375,success
04CBA772743380,3,"['Arena', 'Casa Giulietta', 'Torre Lamberti']",Museo Lapidario,"['Verona Tour', 'Castelvecchio', 'Museo Radio', 'San Fermo', 'Tomba Giulietta']",Castelvecchio,strategy_nearest,True,0.002672910690307617,success
04CBAB3A9C4C80,1,"['Arena', 'Santa Anastasia']",Torre Lamberti,"['Sighseeing', 'Centro Fotografia', 'Museo Conte', 'Casa Giulietta', 'Palazzo della Ragione']",Palazzo della Ragione,strategy_nearest,True,0.0032389163970947266,success
04CBA7429C4C80,3,"['Casa Giulietta', 'Santa Anastasia']",Torre Lamberti,"['Sighseeing', 'Centro Fotografia', 'Museo Conte', 'Palazzo della Ragione', 'AMO']",Teatro Romano,strategy_nearest,False,0.00344085693359375,success
04CBB3429C4C80,3,['Torre Lamberti'],Santa Anastasia,"['AMO', 'Museo Conte', 'Palazzo della Ragione', 'Teatro Romano', 'Centro Fotografia']",Arena,strategy_nearest,False,0.003047943115234375,success
04CBC13A9C4C80,3,"['Castelvecchio', 'Casa Giulietta']",Santa Anastasia,"['AMO', 'Museo Conte', 'Palazzo della Ragione', 'Teatro Romano', 'Centro Fotografia']",Duomo,strategy_nearest,False,0.0029489994049072266,success
04CBB4429C4C80,0,['Arena'],Casa Giulietta,"['Centro Fotografia', 'Sighseeing', 'Torre Lamberti', 'Museo Conte', 'Museo Radio']",Torre Lamberti,strategy_nearest,True,0.0033631324768066406,success
04CBBB429C4C80,1,"['Castelvecchio', 'Arena', 'Casa Giulietta']",Santa Anastasia,"['AMO', 'Museo Conte', 'Palazzo della Ragione', 'Teatro Romano', 'Centro Fotografia']",Duomo,strategy_nearest,False,0.002081155776977539,success
04CBC33A9C4C80,3,"['Arena', 'Torre Lamberti']",Casa Giulietta,"['Centro Fotografia', 'Sighseeing', 'Museo Conte', 'Museo Radio', 'Palazzo della Ragione']",Santa Anastasia,strategy_nearest,False,0.003137826919555664,success
04CBC43A9C4C80,1,"['Torre Lamberti', 'Palazzo della Ragione']",Santa Anastasia,"['AMO', 'Museo Conte', 'Teatro Romano', 'Centro Fotografia', 'Duomo']",Casa Giulietta,strategy_nearest,False,0.0025031566619873047,success
04CBE83A9C4C80,3,"['Torre Lamberti', 'Casa Giulietta']",Santa Anastasia,"['AMO', 'Museo Conte', 'Palazzo della Ragione', 'Teatro Romano', 'Centro Fotografia']",Arena,strategy_nearest,False,0.001867055892944336,success
04CBEC3A9C4C80,2,['Casa Giulietta'],Palazzo della Ragione,"['AMO', 'Museo Conte', 'Torre Lamberti', 'Centro Fotografia', 'Sighseeing']",Torre Lamberti,strategy_nearest,True,0.0027832984924316406,success
04CBF53A9C4C80,3,"['Castelvecchio', 'Arena']",Casa Giulietta,"['Centro Fotografia', 'Sighseeing', 'Torre Lamberti', 'Museo Conte', 'Museo Radio']",Torre Lamberti,strategy_nearest,True,0.002797842025756836,success
04CC0ABA7B3F84,3,"['Arena', 'Casa Giulietta']",Torre Lamberti,"['Sighseeing', 'Centro Fotografia', 'Museo Conte', 'Palazzo della Ragione', 'AMO']",Santa Anastasia,strategy_nearest,False,0.0021598339080810547,success
04CC213A9C4C84,3,"['Torre Lamberti', 'Santa Anastasia']",Duomo,"['AMO', 'Museo Miniscalchi', 'Teatro Romano', 'Palazzo della Ragione', 'Museo Conte']",Castelvecchio,strategy_nearest,False,0.0031571388244628906,success
04CC40429C4C80,0,['Arena'],Casa Giulietta,"['Centro Fotografia', 'Sighseeing', 'Torre Lamberti', 'Museo Conte', 'Museo Radio']",Torre Lamberti,strategy_nearest,True,0.0022110939025878906,success
04CC4CBA7B3F80,2,['San Zeno'],Santa Anastasia,"['AMO', 'Museo Conte', 'Palazzo della Ragione', 'Teatro Romano', 'Centro Fotografia']",Santa Anastasia,strategy_nearest,False,0.0018329620361328125,success
04CC713A9C4C80,0,['Casa Giulietta'],Torre Lamberti,"['Sighseeing', 'Centro Fotografia', 'Museo Conte', 'Palazzo della Ragione', 'AMO']",Arena,strategy_nearest,False,0.002651214599609375,success
04CC793A9C4C80,3,"['Casa Giulietta', 'Torre Lamberti']",Santa Anastasia,"['AMO', 'Museo Conte', 'Palazzo della Ragione', 'Teatro Romano', 'Centro Fotografia']",Arena,strategy_nearest,False,0.002444028854370117,success
04CC7A3A9C4C80,3,"['Arena', 'Castelvecchio', 'Tomba Giulietta']",Santa Anastasia,"['AMO', 'Museo Conte', 'Palazzo della Ragione', 'Teatro Romano', 'Centro Fotografia']",Teatro Romano,strategy_nearest,True,0.0033190250396728516,success
04CC7EBA7B3F80,2,"['Casa Giulietta', 'Torre Lamberti']",Palazzo della Ragione,"['AMO', 'Museo Conte', 'Centro Fotografia', 'Sighseeing', 'Santa Anastasia']",Castelvecchio,strategy_nearest,False,0.0024881362915039062,success
04CC813A9C4C80,3,"['Arena', 'Casa Giulietta']",Torre Lamberti,"['Sighseeing', 'Centro Fotografia', 'Museo Conte', 'Palazzo della Ragione', 'AMO']",Museo Lapidario,strategy_nearest,False,0.0035011768341064453,success
04CC86429C4C80,2,"['Casa Giulietta', 'Torre Lamberti']",Santa Anastasia,"['AMO', 'Museo Conte', 'Palazzo della Ragione', 'Teatro Romano', 'Centro Fotografia']",Duomo,strategy_nearest,False,0.0032448768615722656,success
04CC8B429C4C80,0,"['Castelvecchio', 'Arena']",Torre Lamberti,"['Sighseeing', 'Centro Fotografia', 'Museo Conte', 'Casa Giulietta', 'Palazzo della Ragione']",Casa Giulietta,strategy_nearest,True,0.002691030502319336,success
04CC8ABA7B3F80,2,['Casa Giulietta'],Giardino Giusti,"['Santa Anastasia', 'Teatro Romano', 'Museo Conte', 'Centro Fotografia', 'Museo Storia']",Castelvecchio,strategy_nearest,False,0.003520965576171875,success
04CC8F429C4C80,3,"['Arena', 'Castelvecchio']",Casa Giulietta,"['Centro Fotografia', 'Sighseeing', 'Torre Lamberti', 'Museo Conte', 'Museo Radio']",Santa Anastasia,strategy_nearest,False,0.0020751953125,success
04CC8E4A9C4C80,3,"['Arena', 'Casa Giulietta']",Torre Lamberti,"['Sighseeing', 'Centro Fotografia', 'Museo Conte', 'Palazzo della Ragione', 'AMO']",Santa Anastasia,strategy_nearest,False,0.003531217575073242,success
04CC96BA7B3F80,2,['Casa Giulietta'],Giardino Giusti,"['Santa Anastasia', 'Teatro Romano', 'Museo Conte', 'Centro Fotografia', 'Museo Storia']",Castelvecchio,strategy_nearest,False,0.0027930736541748047,success
04CCA2BA7B3F80,1,"['Arena', 'Casa Giulietta', 'Torre Lamberti']",Palazzo della Ragione,"['AMO', 'Museo Conte', 'Centro Fotografia', 'Sighseeing', 'Santa Anastasia']",Castelvecchio,strategy_nearest,False,0.003111124038696289,success
04CCA872743380,1,"['Arena', 'Casa Giulietta', 'Torre Lamberti', 'Palazzo della Ragione']",Santa Anastasia,"['AMO', 'Museo Conte', 'Teatro Romano', 'Centro Fotografia', 'Duomo']",Teatro Romano,strategy_nearest,True,0.002588033676147461,success
04CCA93A9C4C80,1,['Arena'],Casa Giulietta,"['Centro Fotografia', 'Sighseeing', 'Torre Lamberti', 'Museo Conte', 'Museo Radio']",Torre Lamberti,strategy_nearest,True,0.001935720443725586,success
04CCAEBA7B3F80,1,"['Arena', 'Casa Giulietta', 'Torre Lamberti']",Palazzo della Ragione,"['AMO', 'Museo Conte', 'Centro Fotografia', 'Sighseeing', 'Santa Anastasia']",Castelvecchio,strategy_nearest,False,0.002928018569946289,success
04CCA7BA7B3F80,1,"['Arena', 'Casa Giulietta']",Palazzo della Ragione,"['AMO', 'Museo Conte', 'Torre Lamberti', 'Centro Fotografia', 'Sighseeing']",Torre Lamberti,strategy_nearest,True,0.0042417049407958984,success
04CCAF429C4C80,0,['Arena'],Castelvecchio,"['Museo Lapidario', 'Verona Tour', 'Museo Radio', 'San Zeno', 'Sighseeing']",Torre Lamberti,strategy_nearest,False,0.0026280879974365234,success
04CCB8429C4C80,1,"['Arena', 'Casa Giulietta']",Palazzo della Ragione,"['AMO', 'Museo Conte', 'Torre Lamberti', 'Centro Fotografia', 'Sighseeing']",Torre Lamberti,strategy_nearest,True,0.002146005630493164,success
04CCB3BA7B3F80,1,"['Arena', 'Casa Giulietta']",Palazzo della Ragione,"['AMO', 'Museo Conte', 'Torre Lamberti', 'Centro Fotografia', 'Sighseeing']",Torre Lamberti,strategy_nearest,True,0.003621816635131836,success
04CCB5429C4C80,1,"['Arena', 'Palazzo della Ragione']",Torre Lamberti,"['Sighseeing', 'Centro Fotografia', 'Museo Conte', 'Casa Giulietta', 'AMO']",Santa Anastasia,strategy_nearest,False,0.002210855484008789,success
04CCBA3A9C4C80,1,"['Castelvecchio', 'Arena']",Casa Giulietta,"['Centro Fotografia', 'Sighseeing', 'Torre Lamberti', 'Museo Conte', 'Museo Radio']",Palazzo della Ragione,strategy_nearest,False,0.003114938735961914,success
04CCC5BA7B3F80,3,"['Arena', 'Santa Anastasia']",Torre Lamberti,"['Sighseeing', 'Centro Fotografia', 'Museo Conte', 'Casa Giulietta', 'Palazzo della Ragione']",Tomba Giulietta,strategy_nearest,False,0.002595663070678711,success
04CCC53A9C4C80,0,['Teatro Romano'],Casa Giulietta,"['Centro Fotografia', 'Sighseeing', 'Torre Lamberti', 'Museo Conte', 'Museo Radio']",Arena,strategy_nearest,False,0.002607107162475586,success
04CCC7BA7B3F80,1,"['Arena', 'San Fermo', 'Casa Giulietta']",Palazzo della Ragione,"['AMO', 'Museo Conte', 'Torre Lamberti', 'Centro Fotografia', 'Sighseeing']",Torre Lamberti,strategy_nearest,True,0.0031228065490722656,success
04CCC8BA7B3F80,1,"['Arena', 'Casa Giulietta', 'Palazzo della Ragione', 'Torre Lamberti']",Santa Anastasia,"['AMO', 'Museo Conte', 'Teatro Romano', 'Centro Fotografia', 'Duomo']",Teatro Romano,strategy_nearest,True,0.0032100677490234375,success
04CCCCBA7B3F80,3,"['San Zeno', 'Arena', 'Museo Lapidario', 'Duomo']",Teatro Romano,"['Santa Anastasia', 'AMO', 'Palazzo della Ragione', 'Museo Conte', 'Centro Fotografia']",Santa Anastasia,strategy_nearest,True,0.002626180648803711,success
04CCCDBA7B3F80,3,"['Arena', 'Castelvecchio', 'Casa Giulietta']",Torre Lamberti,"['Sighseeing', 'Centro Fotografia', 'Museo Conte', 'Palazzo della Ragione', 'AMO']",Duomo,strategy_nearest,False,0.003119230270385742,success
04CCCEBA7B3F80,1,"['Teatro Romano', 'Duomo']",Palazzo della Ragione,"['AMO', 'Museo Conte', 'Torre Lamberti', 'Centro Fotografia', 'Sighseeing']",Casa Giulietta,strategy_nearest,False,0.0024046897888183594,success
04CD0E3A9C4C84,0,['Duomo'],Arena,"['Verona Tour', 'Museo Lapidario', 'Museo Radio', 'San Fermo', 'Casa Giulietta']",San Zeno,strategy_nearest,False,0.0026750564575195312,success
04CD10429C4C80,3,"['Casa Giulietta', 'Torre Lamberti', 'Santa Anastasia']",Duomo,"['AMO', 'Museo Miniscalchi', 'Teatro Romano', 'Palazzo della Ragione', 'Museo Conte']",Arena,strategy_nearest,False,0.0032210350036621094,success
04CD123A9C4C84,0,"['Arena', 'San Zeno']",Teatro Romano,"['Santa Anastasia', 'Duomo', 'AMO', 'Palazzo della Ragione', 'Museo Conte']",Torre Lamberti,strategy_nearest,False,0.002557992935180664,success
04CD253A9C4C84,0,['Arena'],Casa Giulietta,"['Centro Fotografia', 'Sighseeing', 'Torre Lamberti', 'Museo Conte', 'Museo Radio']",Duomo,strategy_nearest,False,0.0025038719177246094,success
04CD1D3A9C4C84,1,"['Torre Lamberti', 'Palazzo della Ragione']",Casa Giulietta,"['Centro Fotografia', 'Sighseeing', 'Museo Conte', 'Museo Radio', 'San Fermo']",Arena,strategy_nearest,False,0.003908872604370117,success
04CD2B429C4C80,0,['Arena'],Torre Lamberti,"['Sighseeing', 'Centro Fotografia', 'Museo Conte', 'Casa Giulietta', 'Palazzo della Ragione']",Casa Giulietta,strategy_nearest,True,0.002702951431274414,success
04CD2F429C4C80,3,"['San Fermo', 'Santa Anastasia']",Duomo,"['AMO', 'Museo Miniscalchi', 'Teatro Romano', 'Palazzo della Ragione', 'Museo Conte']",Arena,strategy_nearest,False,0.003239154815673828,success
04CD61429C4C80,0,['Arena'],Giardino Giusti,"['Santa Anastasia', 'Teatro Romano', 'Museo Conte', 'Centro Fotografia', 'Museo Storia']",Torre Lamberti,strategy_nearest,False,0.0027573108673095703,success
04CD35429C4C80,3,"['Arena', 'Tomba Giulietta', 'San Fermo']",Casa Giulietta,"['Centro Fotografia', 'Sighseeing', 'Torre Lamberti', 'Museo Conte', 'Museo Radio']",Santa Anastasia,strategy_nearest,False,0.0031468868255615234,success
04CD6D429C4C80,0,"['Arena', 'Museo Lapidario']",San Fermo,"['Museo Storia', 'Museo Radio', 'Casa Giulietta', 'Centro Fotografia', 'Sighseeing']",Casa Giulietta,strategy_nearest,True,0.0033559799194335938,success
04CD7F429C4C80,0,"['Arena', 'Casa Giulietta']",Torre Lamberti,"['Sighseeing', 'Centro Fotografia', 'Museo Conte', 'Palazzo della Ragione', 'AMO']",Castelvecchio,strategy_nearest,False,0.0019061565399169922,success
04CD773A9C4C80,0,['Casa Giulietta'],Tomba Giulietta,"['San Fermo', 'Museo Storia', 'Arena', 'Museo Lapidario', 'Museo Radio']",Arena,strategy_nearest,True,0.0036420822143554688,success
04CD86429C4C80,1,"['Castelvecchio', 'Arena', 'Casa Giulietta']",Palazzo della Ragione,"['AMO', 'Museo Conte', 'Torre Lamberti', 'Centro Fotografia', 'Sighseeing']",Torre Lamberti,strategy_nearest,True,0.0026891231536865234,success
04CD894A9C4C80,1,"['Arena', 'Casa Giulietta', 'Palazzo della Ragione']",Teatro Romano,"['Santa Anastasia', 'Duomo', 'AMO', 'Museo Conte', 'Centro Fotografia']",Duomo,strategy_nearest,True,0.0024728775024414062,success
04CD8D429C4C80,1,"['Arena', 'Casa Giulietta', 'Torre Lamberti']",Palazzo della Ragione,"['AMO', 'Museo Conte', 'Centro Fotografia', 'Sighseeing', 'Santa Anastasia']",Duomo,strategy_nearest,False,0.0025451183319091797,success
04CD8E429C4C80,1,"['Torre Lamberti', 'Palazzo della Ragione']",Arena,"['Verona Tour', 'Museo Lapidario', 'Museo Radio', 'San Fermo', 'Casa Giulietta']",Castelvecchio,strategy_nearest,False,0.0025899410247802734,success
04CD954A9C4C80,3,['Arena'],Torre Lamberti,"['Sighseeing', 'Centro Fotografia', 'Museo Conte', 'Casa Giulietta', 'Palazzo della Ragione']",Santa Anastasia,strategy_nearest,False,0.003251314163208008,success
04CD8F429C4C80,1,"['Santa Anastasia', 'Teatro Romano']",Palazzo della Ragione,"['AMO', 'Museo Conte', 'Torre Lamberti', 'Centro Fotografia', 'Sighseeing']",Casa Giulietta,strategy_nearest,False,0.002826213836669922,success
04CD984A9C4C80,3,"['Arena', 'Casa Giulietta']",Torre Lamberti,"['Sighseeing', 'Centro Fotografia', 'Museo Conte', 'Palazzo della Ragione', 'AMO']",Santa Anastasia,strategy_nearest,False,0.0024170875549316406,success
04CDA14A9C4C80,0,['Arena'],Casa Giulietta,"['Centro Fotografia', 'Sighseeing', 'Torre Lamberti', 'Museo Conte', 'Museo Radio']",Santa Anastasia,strategy_nearest,False,0.0020210742950439453,success
04CDA83A9C4C80,0,['Arena'],Casa Giulietta,"['Centro Fotografia', 'Sighseeing', 'Torre Lamberti', 'Museo Conte', 'Museo Radio']",Santa Anastasia,strategy_nearest,False,0.002875089645385742,success
04CDA672743380,3,"['Arena', 'San Fermo']",Santa Anastasia,"['AMO', 'Museo Conte', 'Palazzo della Ragione', 'Teatro Romano', 'Centro Fotografia']",Torre Lamberti,strategy_nearest,False,0.0028412342071533203,success
04CDAB429C4C80,0,['Arena'],Casa Giulietta,"['Centro Fotografia', 'Sighseeing', 'Torre Lamberti', 'Museo Conte', 'Museo Radio']",Torre Lamberti,strategy_nearest,True,0.0034329891204833984,success
04CDB03A9C4C80,0,['Arena'],Casa Giulietta,"['Centro Fotografia', 'Sighseeing', 'Torre Lamberti', 'Museo Conte', 'Museo Radio']",Tomba Giulietta,strategy_nearest,False,0.002513885498046875,success
04CDAE3A9C4C80,1,"['Arena', 'Castelvecchio']",Casa Giulietta,"['Centro Fotografia', 'Sighseeing', 'Torre Lamberti', 'Museo Conte', 'Museo Radio']",Palazzo della Ragione,strategy_nearest,False,0.0033652782440185547,success
04CDBA429C4C80,3,['Arena'],Casa Giulietta,"['Centro Fotografia', 'Sighseeing', 'Torre Lamberti', 'Museo Conte', 'Museo Radio']",Santa Anastasia,strategy_nearest,False,0.0030951499938964844,success
04CDBC429C4C80,0,['Arena'],Casa Giulietta,"['Centro Fotografia', 'Sighseeing', 'Torre Lamberti', 'Museo Conte', 'Museo Radio']",Torre Lamberti,strategy_nearest,True,0.003431081771850586,success
04CDC6BA7B3F80,1,"['Arena', 'Castelvecchio']",Casa Giulietta,"['Centro Fotografia', 'Sighseeing', 'Torre Lamberti', 'Museo Conte', 'Museo Radio']",Teatro Romano,strategy_nearest,False,0.002496004104614258,success
04CDCB3A9C4C80,0,['Arena'],Castelvecchio,"['Museo Lapidario', 'Verona Tour', 'Museo Radio', 'San Zeno', 'Sighseeing']",Casa Giulietta,strategy_nearest,False,0.0022208690643310547,success
04CDC8429C4C80,1,"['Casa Giulietta', 'Torre Lamberti', 'Palazzo della Ragione']",Castelvecchio,"['Museo Lapidario', 'Verona Tour', 'Arena', 'Museo Radio', 'San Zeno']",Arena,strategy_nearest,True,0.0016460418701171875,success
04CDCBBA7B3F80,3,"['Arena', 'Castelvecchio']",Teatro Romano,"['Santa Anastasia', 'Duomo', 'AMO', 'Palazzo della Ragione', 'Museo Conte']",Duomo,strategy_nearest,True,0.003448963165283203,success
04CDD2BA7B3F80,3,"['Arena', 'Castelvecchio', 'San Zeno', 'Teatro Romano']",San Fermo,"['Museo Storia', 'Museo Radio', 'Casa Giulietta', 'Centro Fotografia', 'Sighseeing']",Giardino Giusti,strategy_nearest,False,0.002681255340576172,success
04CDD6BA7B3F80,3,"['Arena', 'Castelvecchio']",Teatro Romano,"['Santa Anastasia', 'Duomo', 'AMO', 'Palazzo della Ragione', 'Museo Conte']",Duomo,strategy_nearest,True,0.002063751220703125,success
04CDE73A9C4C80,0,"['Arena', 'Casa Giulietta']",Duomo,"['AMO', 'Museo Miniscalchi', 'Santa Anastasia', 'Teatro Romano', 'Palazzo della Ragione']",Torre Lamberti,strategy_nearest,False,0.002148151397705078,success
04CDD9BA7B3F80,2,"['San Zeno', 'Torre Lamberti']",Palazzo della Ragione,"['AMO', 'Museo Conte', 'Centro Fotografia', 'Sighseeing', 'Santa Anastasia']",Teatro Romano,strategy_nearest,False,0.0028231143951416016,success
04CDE9BA7B3F80,3,"['Arena', 'Castelvecchio', 'San Zeno', 'Teatro Romano']",San Fermo,"['Museo Storia', 'Museo Radio', 'Casa Giulietta', 'Centro Fotografia', 'Sighseeing']",Giardino Giusti,strategy_nearest,False,0.0029098987579345703,success
04CDED3A9C4C80,2,['Casa Giulietta'],Teatro Romano,"['Santa Anastasia', 'Duomo', 'AMO', 'Palazzo della Ragione', 'Museo Conte']",Giardino Giusti,strategy_nearest,False,0.0024678707122802734,success
04CE153A9C4C84,0,['Arena'],Castelvecchio,"['Museo Lapidario', 'Verona Tour', 'Museo Radio', 'San Zeno', 'Sighseeing']",Teatro Romano,strategy_nearest,False,0.0027730464935302734,success
04CE043A9C4C84,0,['Arena'],San Fermo,"['Museo Storia', 'Museo Radio', 'Casa Giulietta', 'Centro Fotografia', 'Sighseeing']",Casa Giulietta,strategy_nearest,True,0.002244710922241211,success
04CE163A9C4C84,1,"['Santa Anastasia', 'Torre Lamberti']",Arena,"['Verona Tour', 'Museo Lapidario', 'Museo Radio', 'San Fermo', 'Casa Giulietta']",San Fermo,strategy_nearest,True,0.0026171207427978516,success
04CE193A9C4C84,3,"['Arena', 'Museo Lapidario', 'Castelvecchio']",Casa Giulietta,"['Centro Fotografia', 'Sighseeing', 'Torre Lamberti', 'Museo Conte', 'Museo Radio']",Torre Lamberti,strategy_nearest,True,0.003361940383911133,success
04CE1E429C4C84,0,"['Arena', 'Castelvecchio']",Casa Giulietta,"['Centro Fotografia', 'Sighseeing', 'Torre Lamberti', 'Museo Conte', 'Museo Radio']",Duomo,strategy_nearest,False,0.003314971923828125,success
04CE20429C4C84,3,"['Castelvecchio', 'Arena']",Casa Giulietta,"['Centro Fotografia', 'Sighseeing', 'Torre Lamberti', 'Museo Conte', 'Museo Radio']",Santa Anastasia,strategy_nearest,False,0.0026400089263916016,success
04CE273A9C4C84,0,['Arena'],Castelvecchio,"['Museo Lapidario', 'Verona Tour', 'Museo Radio', 'San Zeno', 'Sighseeing']",Giardino Giusti,strategy_nearest,False,0.0032079219818115234,success
04CE2F429C4C80,3,"['Arena', 'Casa Giulietta']",Torre Lamberti,"['Sighseeing', 'Centro Fotografia', 'Museo Conte', 'Palazzo della Ragione', 'AMO']",Santa Anastasia,strategy_nearest,False,0.0024051666259765625,success
04CE4C429C4C80,1,"['Arena', 'Casa Giulietta']",Torre Lamberti,"['Sighseeing', 'Centro Fotografia', 'Museo Conte', 'Palazzo della Ragione', 'AMO']",Palazzo della Ragione,strategy_nearest,True,0.0015077590942382812,success
04CE473A9C4C80,0,['Arena'],Casa Giulietta,"['Centro Fotografia', 'Sighseeing', 'Torre Lamberti', 'Museo Conte', 'Museo Radio']",Castelvecchio,strategy_nearest,False,0.0022459030151367188,success
04CE66BA7B3F80,0,['Casa Giulietta'],Arena,"['Verona Tour', 'Museo Lapidario', 'Museo Radio', 'San Fermo', 'Sighseeing']",Castelvecchio,strategy_nearest,False,0.0017421245574951172,success
04CE4EBA7B3F80,1,"['Castelvecchio', 'Arena', 'Torre Lamberti']",Palazzo della Ragione,"['AMO', 'Museo Conte', 'Centro Fotografia', 'Sighseeing', 'Santa Anastasia']",Casa Giulietta,strategy_nearest,False,0.002892732620239258,success
04CE5ABA7B3F80,2,"['Casa Giulietta', 'San Zeno', 'Duomo']",Teatro Romano,"['Santa Anastasia', 'AMO', 'Palazzo della Ragione', 'Museo Conte', 'Centro Fotografia']",Torre Lamberti,strategy_nearest,False,0.004215240478515625,success
04CE6B429C4C80,1,"['Arena', 'Casa Giulietta', 'Santa Anastasia']",Duomo,"['AMO', 'Museo Miniscalchi', 'Teatro Romano', 'Palazzo della Ragione', 'Museo Conte']",Torre Lamberti,strategy_nearest,False,0.0033330917358398438,success
04CE72BA7B3F80,2,"['Casa Giulietta', 'San Zeno', 'Duomo']",Teatro Romano,"['Santa Anastasia', 'AMO', 'Palazzo della Ragione', 'Museo Conte', 'Centro Fotografia']",Torre Lamberti,strategy_nearest,False,0.0025320053100585938,success
04CE76429C4C80,0,['Arena'],Casa Giulietta,"['Centro Fotografia', 'Sighseeing', 'Torre Lamberti', 'Museo Conte', 'Museo Radio']",Torre Lamberti,strategy_nearest,True,0.003968000411987305,success
04CE794A9C4C80,0,['Tomba Giulietta'],Casa Giulietta,"['Centro Fotografia', 'Sighseeing', 'Torre Lamberti', 'Museo Conte', 'Museo Radio']",Arena,strategy_nearest,False,0.0026400089263916016,success
04CE783A9C4C80,0,['Castelvecchio'],Torre Lamberti,"['Sighseeing', 'Centro Fotografia', 'Museo Conte', 'Casa Giulietta', 'Palazzo della Ragione']",Arena,strategy_nearest,False,0.002198934555053711,success
04CE7A4A9C4C80,3,"['Arena', 'Castelvecchio', 'Teatro Romano']",Duomo,"['AMO', 'Museo Miniscalchi', 'Santa Anastasia', 'Palazzo della Ragione', 'Museo Conte']",Santa Anastasia,strategy_nearest,True,0.003537893295288086,success
04CE7B429C4C80,3,"['Torre Lamberti', 'Duomo']",Teatro Romano,"['Santa Anastasia', 'AMO', 'Palazzo della Ragione', 'Museo Conte', 'Centro Fotografia']",Casa Giulietta,strategy_nearest,False,0.002233266830444336,success
04CE7B3A9C4C80,1,"['Arena', 'Casa Giulietta']",Torre Lamberti,"['Sighseeing', 'Centro Fotografia', 'Museo Conte', 'Palazzo della Ragione', 'AMO']",Palazzo della Ragione,strategy_nearest,True,0.0028989315032958984,success
04CE7D3A9C4C80,3,"['Torre Lamberti', 'Santa Anastasia']",Duomo,"['AMO', 'Museo Miniscalchi', 'Teatro Romano', 'Palazzo della Ragione', 'Museo Conte']",Casa Giulietta,strategy_nearest,False,0.0036742687225341797,success
04CE7EBA7B3F80,0,['Casa Giulietta'],Arena,"['Verona Tour', 'Museo Lapidario', 'Museo Radio', 'San Fermo', 'Sighseeing']",Castelvecchio,strategy_nearest,False,0.004177093505859375,success
04CE85BA7B3F80,0,['Arena'],Casa Giulietta,"['Centro Fotografia', 'Sighseeing', 'Torre Lamberti', 'Museo Conte', 'Museo Radio']",Torre Lamberti,strategy_nearest,True,0.0026717185974121094,success
04CE7F3A9C4C80,0,"['Arena', 'Casa Giulietta']",San Fermo,"['Museo Storia', 'Museo Radio', 'Centro Fotografia', 'Sighseeing', 'Torre Lamberti']",Museo Storia,strategy_nearest,True,0.0022439956665039062,success
04CE8B429C4C80,0,"['Arena', 'Casa Giulietta']",Torre Lamberti,"['Sighseeing', 'Centro Fotografia', 'Museo Conte', 'Palazzo della Ragione', 'AMO']",Castelvecchio,strategy_nearest,False,0.0022008419036865234,success
04CE863A9C4C80,3,"['Casa Giulietta', 'Torre Lamberti']",Arena,"['Verona Tour', 'Museo Lapidario', 'Museo Radio', 'San Fermo', 'Sighseeing']",Santa Anastasia,strategy_nearest,False,0.003000974655151367,success
04CE8E429C4C80,0,['Arena'],Castelvecchio,"['Museo Lapidario', 'Verona Tour', 'Museo Radio', 'San Zeno', 'Sighseeing']",San Zeno,strategy_nearest,True,0.0027840137481689453,success
04CE91BA7B3F80,1,"['Arena', 'Casa Giulietta', 'Palazzo della Ragione', 'Torre Lamberti']",Santa Anastasia,"['AMO', 'Museo Conte', 'Teatro Romano', 'Centro Fotografia', 'Duomo']",Teatro Romano,strategy_nearest,True,0.0033721923828125,success
04CEA472743380,1,"['Castelvecchio', 'Arena']",Casa Giulietta,"['Centro Fotografia', 'Sighseeing', 'Torre Lamberti', 'Museo Conte', 'Museo Radio']",Palazzo della Ragione,strategy_nearest,False,0.0021560192108154297,success
04CEA7429C4C80,1,"['Arena', 'Torre Lamberti', 'Palazzo della Ragione']",Casa Giulietta,"['Centro Fotografia', 'Sighseeing', 'Museo Conte', 'Museo Radio', 'San Fermo']",Santa Anastasia,strategy_nearest,False,0.0020258426666259766,success
04CEA572743380,2,['Casa Giulietta'],Castelvecchio,"['Museo Lapidario', 'Verona Tour', 'Arena', 'Museo Radio', 'San Zeno']",Museo Conte,strategy_nearest,False,0.0027799606323242188,success
04CEA772743380,1,"['Castelvecchio', 'Arena']",Torre Lamberti,"['Sighseeing', 'Centro Fotografia', 'Museo Conte', 'Casa Giulietta', 'Palazzo della Ragione']",Palazzo della Ragione,strategy_nearest,True,0.0031290054321289062,success
04CEB6429C4C80,1,['Torre Lamberti'],Palazzo della Ragione,"['AMO', 'Museo Conte', 'Centro Fotografia', 'Sighseeing', 'Santa Anastasia']",Arena,strategy_nearest,False,0.0023741722106933594,success
04CEAE429C4C80,1,"['Castelvecchio', 'Arena', 'Casa Giulietta']",Torre Lamberti,"['Sighseeing', 'Centro Fotografia', 'Museo Conte', 'Palazzo della Ragione', 'AMO']",Palazzo della Ragione,strategy_nearest,True,0.0018510818481445312,success
04CEBC429C4C80,0,"['Arena', 'Tomba Giulietta']",Casa Giulietta,"['Centro Fotografia', 'Sighseeing', 'Torre Lamberti', 'Museo Conte', 'Museo Radio']",San Fermo,strategy_nearest,False,0.0017709732055664062,success
04CEA93A9C4C80,0,"['Arena', 'Casa Giulietta']",Teatro Romano,"['Santa Anastasia', 'Duomo', 'AMO', 'Palazzo della Ragione', 'Museo Conte']",Torre Lamberti,strategy_nearest,False,0.004374027252197266,success
04CEF43A9C4C80,3,['Arena'],Casa Giulietta,"['Centro Fotografia', 'Sighseeing', 'Torre Lamberti', 'Museo Conte', 'Museo Radio']",Torre Lamberti,strategy_nearest,True,0.0025110244750976562,success
04CF013A9C4C84,0,['Arena'],Torre Lamberti,"['Sighseeing', 'Centro Fotografia', 'Museo Conte', 'Casa Giulietta', 'Palazzo della Ragione']",Teatro Romano,strategy_nearest,False,0.0027320384979248047,success
04CEFA3A9C4C80,0,['Casa Giulietta'],Casa Giulietta,"['Centro Fotografia', 'Sighseeing', 'Torre Lamberti', 'Museo Conte', 'Museo Radio']",Arena,strategy_nearest,False,0.002101898193359375,success
04CF0C3A9C4C84,0,"['Tomba Giulietta', 'San Fermo', 'Casa Giulietta']",Torre Lamberti,"['Sighseeing', 'Centro Fotografia', 'Museo Conte', 'Palazzo della Ragione', 'AMO']",Arena,strategy_nearest,False,0.003434896469116211,success
04CF194A9C4C80,1,"['Arena', 'Casa Giulietta', 'Santa Anastasia', 'Tomba Giulietta', 'Museo Lapidario']",Torre Lamberti,"['Sighseeing', 'Centro Fotografia', 'Museo Conte', 'Palazzo della Ragione', 'AMO']",Palazzo della Ragione,strategy_nearest,True,0.0022339820861816406,success
04CF183A9C4C84,0,['Arena'],Torre Lamberti,"['Sighseeing', 'Centro Fotografia', 'Museo Conte', 'Casa Giulietta', 'Palazzo della Ragione']",Castelvecchio,strategy_nearest,False,0.0029740333557128906,success
04CF1F3A9C4C80,3,"['Santa Anastasia', 'Teatro Romano']",Duomo,"['AMO', 'Museo Miniscalchi', 'Palazzo della Ragione', 'Museo Conte', 'Torre Lamberti']",Torre Lamberti,strategy_nearest,True,0.003114938735961914,success
04CF32429C4C80,3,['Arena'],Torre Lamberti,"['Sighseeing', 'Centro Fotografia', 'Museo Conte', 'Casa Giulietta', 'Palazzo della Ragione']",Casa Giulietta,strategy_nearest,True,0.003604888916015625,success
04CF33BA7B3F80,3,"['Arena', 'Santa Anastasia']",Torre Lamberti,"['Sighseeing', 'Centro Fotografia', 'Museo Conte', 'Casa Giulietta', 'Palazzo della Ragione']",Casa Giulietta,strategy_nearest,True,0.0027909278869628906,success
04CF43429C4C80,3,"['Castelvecchio', 'Castelvecchio', 'Arena']",Casa Giulietta,"['Centro Fotografia', 'Sighseeing', 'Torre Lamberti', 'Museo Conte', 'Museo Radio']",Torre Lamberti,strategy_nearest,True,0.0033903121948242188,success
04CF353A9C4C80,0,['Casa Giulietta'],Torre Lamberti,"['Sighseeing', 'Centro Fotografia', 'Museo Conte', 'Palazzo della Ragione', 'AMO']",Arena,strategy_nearest,False,0.002771139144897461,success
04CF3A429C4C80,3,"['Castelvecchio', 'Torre Lamberti']",Casa Giulietta,"['Centro Fotografia', 'Sighseeing', 'Museo Conte', 'Museo Radio', 'Palazzo della Ragione']",Duomo,strategy_nearest,False,0.002135038375854492,success
04CF76429C4C80,0,['Arena'],Casa Giulietta,"['Centro Fotografia', 'Sighseeing', 'Torre Lamberti', 'Museo Conte', 'Museo Radio']",Teatro Romano,strategy_nearest,False,0.0019371509552001953,success
04CF553A9C4C80,1,"['Arena', 'Torre Lamberti', 'Palazzo della Ragione']",Teatro Romano,"['Santa Anastasia', 'Duomo', 'AMO', 'Museo Conte', 'Centro Fotografia']",Museo Storia,strategy_nearest,False,0.003281831741333008,success
04CF79429C4C80,0,['Arena'],Castelvecchio,"['Museo Lapidario', 'Verona Tour', 'Museo Radio', 'San Zeno', 'Sighseeing']",Santa Anastasia,strategy_nearest,False,0.002446889877319336,success
04CF794A9C4C80,1,"['Arena', 'Torre Lamberti']",Palazzo della Ragione,"['AMO', 'Museo Conte', 'Centro Fotografia', 'Sighseeing', 'Santa Anastasia']",Casa Giulietta,strategy_nearest,False,0.0019099712371826172,success
04CF7B429C4C80,0,['Arena'],Casa Giulietta,"['Centro Fotografia', 'Sighseeing', 'Torre Lamberti', 'Museo Conte', 'Museo Radio']",Torre Lamberti,strategy_nearest,True,0.002698183059692383,success
04CF7B3A9C4C80,0,['Arena'],Casa Giulietta,"['Centro Fotografia', 'Sighseeing', 'Torre Lamberti', 'Museo Conte', 'Museo Radio']",Torre Lamberti,strategy_nearest,True,0.002704143524169922,success
04CF7E3A9C4C80,3,"['Arena', 'Casa Giulietta']",Torre Lamberti,"['Sighseeing', 'Centro Fotografia', 'Museo Conte', 'Palazzo della Ragione', 'AMO']",Santa Anastasia,strategy_nearest,False,0.0023539066314697266,success
04CF8B4A9C4C80,0,['Arena'],Casa Giulietta,"['Centro Fotografia', 'Sighseeing', 'Torre Lamberti', 'Museo Conte', 'Museo Radio']",Torre Lamberti,strategy_nearest,True,0.0024428367614746094,success
04CF7C4A9C4C80,3,"['Arena', 'Casa Giulietta']",Castelvecchio,"['Museo Lapidario', 'Verona Tour', 'Museo Radio', 'San Zeno', 'Sighseeing']",Torre Lamberti,strategy_nearest,False,0.0033483505249023438,success
04CF88429C4C80,3,['Arena'],Torre Lamberti,"['Sighseeing', 'Centro Fotografia', 'Museo Conte', 'Casa Giulietta', 'Palazzo della Ragione']",Santa Anastasia,strategy_nearest,False,0.002917766571044922,success
04CF8D429C4C80,1,"['Arena', 'Teatro Romano']",Castelvecchio,"['Museo Lapidario', 'Verona Tour', 'Museo Radio', 'San Zeno', 'Sighseeing']",Casa Giulietta,strategy_nearest,False,0.003216981887817383,success
04CF8E429C4C80,3,"['Arena', 'Casa Giulietta']",Torre Lamberti,"['Sighseeing', 'Centro Fotografia', 'Museo Conte', 'Palazzo della Ragione', 'AMO']",Santa Anastasia,strategy_nearest,False,0.002505064010620117,success
04CFA872743380,1,"['Arena', 'Museo Lapidario', 'Casa Giulietta', 'Palazzo della Ragione']",Torre Lamberti,"['Sighseeing', 'Centro Fotografia', 'Museo Conte', 'AMO', 'Museo Miniscalchi']",Santa Anastasia,strategy_nearest,False,0.0018718242645263672,success
04CFA9429C4C80,3,"['Museo Storia', 'Teatro Romano', 'Duomo']",Santa Anastasia,"['AMO', 'Museo Conte', 'Palazzo della Ragione', 'Centro Fotografia', 'Torre Lamberti']",Casa Giulietta,strategy_nearest,False,0.003192901611328125,success
04CFAF429C4C80,3,"['Museo Lapidario', 'Arena']",Casa Giulietta,"['Centro Fotografia', 'Sighseeing', 'Torre Lamberti', 'Museo Conte', 'Museo Radio']",Torre Lamberti,strategy_nearest,True,0.00279998779296875,success
04CFAE429C4C80,0,"['Castelvecchio', 'Casa Giulietta']",Teatro Romano,"['Santa Anastasia', 'Duomo', 'AMO', 'Palazzo della Ragione', 'Museo Conte']",Tomba Giulietta,strategy_nearest,False,0.002023935317993164,success
04CFC0429C4C80,3,"['Casa Giulietta', 'Torre Lamberti']",Santa Anastasia,"['AMO', 'Museo Conte', 'Palazzo della Ragione', 'Teatro Romano', 'Centro Fotografia']",Teatro Romano,strategy_nearest,True,0.0031599998474121094,success
04CFB13A9C4C80,1,"['Arena', 'Casa Giulietta']",Santa Anastasia,"['AMO', 'Museo Conte', 'Palazzo della Ragione', 'Teatro Romano', 'Centro Fotografia']",Duomo,strategy_nearest,False,0.0027649402618408203,success
04CFC3429C4C80,1,"['Arena', 'Torre Lamberti', 'Palazzo della Ragione']",Santa Anastasia,"['AMO', 'Museo Conte', 'Teatro Romano', 'Centro Fotografia', 'Duomo']",Teatro Romano,strategy_nearest,True,0.0024099349975585938,success
04CFDABA7B3F80,1,"['Castelvecchio', 'Arena']",Casa Giulietta,"['Centro Fotografia', 'Sighseeing', 'Torre Lamberti', 'Museo Conte', 'Museo Radio']",Torre Lamberti,strategy_nearest,True,0.0026476383209228516,success
04CFF83A9C4C80,2,"['Casa Giulietta', 'Torre Lamberti']",Palazzo della Ragione,"['AMO', 'Museo Conte', 'Centro Fotografia', 'Sighseeing', 'Santa Anastasia']",Santa Anastasia,strategy_nearest,True,0.0034530162811279297,success
04CFC8429C4C80,1,"['Casa Giulietta', 'Torre Lamberti']",Palazzo della Ragione,"['AMO', 'Museo Conte', 'Centro Fotografia', 'Sighseeing', 'Santa Anastasia']",Teatro Romano,strategy_nearest,False,0.0022530555725097656,success
04D00A3A9C4C84,1,"['Torre Lamberti', 'Palazzo della Ragione']",Santa Anastasia,"['AMO', 'Museo Conte', 'Teatro Romano', 'Centro Fotografia', 'Duomo']",Casa Giulietta,strategy_nearest,False,0.0030660629272460938,success
04D00D3A9C4C84,3,"['Arena', 'Casa Giulietta']",Torre Lamberti,"['Sighseeing', 'Centro Fotografia', 'Museo Conte', 'Palazzo della Ragione', 'AMO']",Santa Anastasia,strategy_nearest,False,0.0018799304962158203,success
04D01E429C4C80,1,"['Duomo', 'Arena', 'San Fermo']",Casa Giulietta,"['Centro Fotografia', 'Sighseeing', 'Torre Lamberti', 'Museo Conte', 'Museo Radio']",Torre Lamberti,strategy_nearest,True,0.0021390914916992188,success
04D03E3A9C4C80,0,['Castelvecchio'],Arena,"['Verona Tour', 'Museo Lapidario', 'Museo Radio', 'San Fermo', 'Casa Giulietta']",Torre Lamberti,strategy_nearest,False,0.002444028854370117,success
04D0253A9C4C84,1,"['Arena', 'Casa Giulietta']",Torre Lamberti,"['Sighseeing', 'Centro Fotografia', 'Museo Conte', 'Palazzo della Ragione', 'AMO']",Palazzo della Ragione,strategy_nearest,True,0.002550840377807617,success
04D058429C4C80,3,['Arena'],Casa Giulietta,"['Centro Fotografia', 'Sighseeing', 'Torre Lamberti', 'Museo Conte', 'Museo Radio']",Torre Lamberti,strategy_nearest,True,0.0019431114196777344,success
04D046429C4C80,0,['Arena'],Casa Giulietta,"['Centro Fotografia', 'Sighseeing', 'Torre Lamberti', 'Museo Conte', 'Museo Radio']",Torre Lamberti,strategy_nearest,True,0.0019469261169433594,success
04D03F3A9C4C80,1,['Arena'],Casa Giulietta,"['Centro Fotografia', 'Sighseeing', 'Torre Lamberti', 'Museo Conte', 'Museo Radio']",Palazzo della Ragione,strategy_nearest,False,0.004168987274169922,success
04D06A429C4C80,3,"['Santa Anastasia', 'Duomo']",Torre Lamberti,"['Sighseeing', 'Centro Fotografia', 'Museo Conte', 'Casa Giulietta', 'Palazzo della Ragione']",Casa Giulietta,strategy_nearest,True,0.003597259521484375,success
04D070429C4C80,0,['Arena'],Casa Giulietta,"['Centro Fotografia', 'Sighseeing', 'Torre Lamberti', 'Museo Conte', 'Museo Radio']",Castelvecchio,strategy_nearest,False,0.002357959747314453,success
04D0723A9C4C80,3,"['Arena', 'Castelvecchio']",Teatro Romano,"['Santa Anastasia', 'Duomo', 'AMO', 'Palazzo della Ragione', 'Museo Conte']",Teatro Romano,strategy_nearest,False,0.003353118896484375,success
04D07A3A9C4C80,0,['Casa Giulietta'],Arena,"['Verona Tour', 'Museo Lapidario', 'Museo Radio', 'San Fermo', 'Sighseeing']",Tomba Giulietta,strategy_nearest,False,0.002686023712158203,success
04D07C4A9C4C80,0,['Arena'],Casa Giulietta,"['Centro Fotografia', 'Sighseeing', 'Torre Lamberti', 'Museo Conte', 'Museo Radio']",Torre Lamberti,strategy_nearest,True,0.0025091171264648438,success
04D0794A9C4C80,0,['Arena'],Casa Giulietta,"['Centro Fotografia', 'Sighseeing', 'Torre Lamberti', 'Museo Conte', 'Museo Radio']",Torre Lamberti,strategy_nearest,True,0.003374814987182617,success
04D07E429C4C80,0,['Arena'],Casa Giulietta,"['Centro Fotografia', 'Sighseeing', 'Torre Lamberti', 'Museo Conte', 'Museo Radio']",Torre Lamberti,strategy_nearest,True,0.002988100051879883,success
04D0803A9C4C80,3,"['Arena', 'Casa Giulietta']",Torre Lamberti,"['Sighseeing', 'Centro Fotografia', 'Museo Conte', 'Palazzo della Ragione', 'AMO']",Santa Anastasia,strategy_nearest,False,0.0019462108612060547,success
04D0853A9C4C80,3,['Arena'],Casa Giulietta,"['Centro Fotografia', 'Sighseeing', 'Torre Lamberti', 'Museo Conte', 'Museo Radio']",Santa Anastasia,strategy_nearest,False,0.0022928714752197266,success
04D0824A9C4C80,0,['Arena'],Casa Giulietta,"['Centro Fotografia', 'Sighseeing', 'Torre Lamberti', 'Museo Conte', 'Museo Radio']",Castelvecchio,strategy_nearest,False,0.0019838809967041016,success
04D0843A9C4C80,3,"['Museo Lapidario', 'Arena']",Torre Lamberti,"['Sighseeing', 'Centro Fotografia', 'Museo Conte', 'Casa Giulietta', 'Palazzo della Ragione']",Santa Anastasia,strategy_nearest,False,0.0028259754180908203,success
04D08A429C4C80,1,"['San Zeno', 'Castelvecchio', 'Arena']",Santa Anastasia,"['AMO', 'Museo Conte', 'Palazzo della Ragione', 'Teatro Romano', 'Centro Fotografia']",Duomo,strategy_nearest,False,0.0017459392547607422,success
04D08E3A9C4C80,1,"['Santa Anastasia', 'Duomo', 'Teatro Romano', 'Torre Lamberti']",Palazzo della Ragione,"['AMO', 'Museo Conte', 'Centro Fotografia', 'Sighseeing', 'Museo Miniscalchi']",Casa Giulietta,strategy_nearest,False,0.0022509098052978516,success
04D0A63A9C4C80,0,['Arena'],Castelvecchio,"['Museo Lapidario', 'Verona Tour', 'Museo Radio', 'San Zeno', 'Sighseeing']",Torre Lamberti,strategy_nearest,False,0.0031218528747558594,success
04D08F3A9C4C80,3,"['Arena', 'Torre Lamberti']",Casa Giulietta,"['Centro Fotografia', 'Sighseeing', 'Museo Conte', 'Museo Radio', 'Palazzo della Ragione']",Santa Anastasia,strategy_nearest,False,0.003020048141479492,success
04D0A672743380,2,"['Casa Giulietta', 'San Fermo']",Torre Lamberti,"['Sighseeing', 'Centro Fotografia', 'Museo Conte', 'Palazzo della Ragione', 'AMO']",Tomba Giulietta,strategy_nearest,False,0.0023419857025146484,success
04D0A93A9C4C80,3,"['Arena', 'Torre Lamberti']",Santa Anastasia,"['AMO', 'Museo Conte', 'Palazzo della Ragione', 'Teatro Romano', 'Centro Fotografia']",Casa Giulietta,strategy_nearest,False,0.0026862621307373047,success
04D0AE429C4C80,3,"['Castelvecchio', 'Santa Anastasia']",Duomo,"['AMO', 'Museo Miniscalchi', 'Teatro Romano', 'Palazzo della Ragione', 'Museo Conte']",Arena,strategy_nearest,False,0.0022211074829101562,success
04D0A9429C4C80,3,"['Casa Giulietta', 'Torre Lamberti', 'Arena']",Santa Anastasia,"['AMO', 'Museo Conte', 'Palazzo della Ragione', 'Teatro Romano', 'Centro Fotografia']",Duomo,strategy_nearest,False,0.002981901168823242,success
04D0BC3A9C4C80,0,['Arena'],Casa Giulietta,"['Centro Fotografia', 'Sighseeing', 'Torre Lamberti', 'Museo Conte', 'Museo Radio']",Torre Lamberti,strategy_nearest,True,0.0017123222351074219,success
04D0B0429C4C80,1,"['Arena', 'Casa Giulietta', 'Torre Lamberti']",Palazzo della Ragione,"['AMO', 'Museo Conte', 'Centro Fotografia', 'Sighseeing', 'Santa Anastasia']",Teatro Romano,strategy_nearest,False,0.003283977508544922,success
04D0B73A9C4C80,3,['Arena'],Casa Giulietta,"['Centro Fotografia', 'Sighseeing', 'Torre Lamberti', 'Museo Conte', 'Museo Radio']",Torre Lamberti,strategy_nearest,True,0.002733945846557617,success
04D0CF3A9C4C80,4,"['Torre Lamberti', 'Casa Giulietta', 'Arena']",Museo Radio,"['San Fermo', 'Sighseeing', 'Centro Fotografia', 'Verona Tour', 'Museo Conte']",Castelvecchio,strategy_nearest,False,0.0027670860290527344,success
04D0C1429C4C80,1,"['Arena', 'Duomo']",Teatro Romano,"['Santa Anastasia', 'AMO', 'Palazzo della Ragione', 'Museo Conte', 'Centro Fotografia']",Torre Lamberti,strategy_nearest,False,0.002691984176635742,success
04D0EB3A9C4C80,1,"['Arena', 'Casa Giulietta', 'Santa Anastasia']",Duomo,"['AMO', 'Museo Miniscalchi', 'Teatro Romano', 'Palazzo della Ragione', 'Museo Conte']",Torre Lamberti,strategy_nearest,False,0.002409219741821289,success
04D0E73A9C4C80,1,"['Arena', 'Casa Giulietta', 'Torre Lamberti']",Palazzo della Ragione,"['AMO', 'Museo Conte', 'Centro Fotografia', 'Sighseeing', 'Santa Anastasia']",Santa Anastasia,strategy_nearest,True,0.003159046173095703,success
04D0EC3A9C4C80,0,['Arena'],Casa Giulietta,"['Centro Fotografia', 'Sighseeing', 'Torre Lamberti', 'Museo Conte', 'Museo Radio']",Torre Lamberti,strategy_nearest,True,0.002622842788696289,success
04D118BA7B3F84,3,"['Arena', 'Casa Giulietta']",Castelvecchio,"['Museo Lapidario', 'Verona Tour', 'Museo Radio', 'San Zeno', 'Sighseeing']",Duomo,strategy_nearest,False,0.0026521682739257812,success
04D1233A9C4C84,1,"['Casa Giulietta', 'Torre Lamberti']",Palazzo della Ragione,"['AMO', 'Museo Conte', 'Centro Fotografia', 'Sighseeing', 'Santa Anastasia']",Arena,strategy_nearest,False,0.002750873565673828,success
04D1263A9C4C84,2,['Casa Giulietta'],Duomo,"['AMO', 'Museo Miniscalchi', 'Santa Anastasia', 'Teatro Romano', 'Palazzo della Ragione']",Teatro Romano,strategy_nearest,True,0.0034008026123046875,success
04D131429C4C80,1,"['Arena', 'Torre Lamberti']",Palazzo della Ragione,"['AMO', 'Museo Conte', 'Centro Fotografia', 'Sighseeing', 'Santa Anastasia']",Casa Giulietta,strategy_nearest,False,0.0024199485778808594,success
04D136BA7B3F80,1,"['Castelvecchio', 'Arena']",Casa Giulietta,"['Centro Fotografia', 'Sighseeing', 'Torre Lamberti', 'Museo Conte', 'Museo Radio']",Palazzo della Ragione,strategy_nearest,False,0.0025641918182373047,success
04D175BA7B3F80,3,"['San Zeno', 'Arena', 'Museo Lapidario', 'Duomo']",Teatro Romano,"['Santa Anastasia', 'AMO', 'Palazzo della Ragione', 'Museo Conte', 'Centro Fotografia']",Santa Anastasia,strategy_nearest,True,0.0030400753021240234,success
04D17ABA7B3F80,2,"['Casa Giulietta', 'Duomo', 'Santa Anastasia']",Castelvecchio,"['Museo Lapidario', 'Verona Tour', 'Arena', 'Museo Radio', 'San Zeno']",Torre Lamberti,strategy_nearest,False,0.0025908946990966797,success
04D17D429C4C80,0,['Arena'],Casa Giulietta,"['Centro Fotografia', 'Sighseeing', 'Torre Lamberti', 'Museo Conte', 'Museo Radio']",Duomo,strategy_nearest,False,0.0025272369384765625,success
04D17BBA7B3F80,1,"['San Zeno', 'Arena', 'Torre Lamberti']",Palazzo della Ragione,"['AMO', 'Museo Conte', 'Centro Fotografia', 'Sighseeing', 'Santa Anastasia']",Santa Anastasia,strategy_nearest,True,0.0034949779510498047,success
04D181BA7B3F80,2,"['Casa Giulietta', 'Duomo', 'Santa Anastasia']",Castelvecchio,"['Museo Lapidario', 'Verona Tour', 'Arena', 'Museo Radio', 'San Zeno']",Torre Lamberti,strategy_nearest,False,0.003016948699951172,success
04D1824A9C4C80,0,['Arena'],Casa Giulietta,"['Centro Fotografia', 'Sighseeing', 'Torre Lamberti', 'Museo Conte', 'Museo Radio']",Castelvecchio,strategy_nearest,False,0.002501964569091797,success
04D185429C4C80,0,['Arena'],Casa Giulietta,"['Centro Fotografia', 'Sighseeing', 'Torre Lamberti', 'Museo Conte', 'Museo Radio']",Palazzo della Ragione,strategy_nearest,False,0.002444744110107422,success
04D1863A9C4C80,2,['San Fermo'],Santa Anastasia,"['AMO', 'Museo Conte', 'Palazzo della Ragione', 'Teatro Romano', 'Centro Fotografia']",Casa Giulietta,strategy_nearest,False,0.0031349658966064453,success
04D1853A9C4C80,1,"['Arena', 'Torre Lamberti']",Palazzo della Ragione,"['AMO', 'Museo Conte', 'Centro Fotografia', 'Sighseeing', 'Santa Anastasia']",Casa Giulietta,strategy_nearest,False,0.003345012664794922,success
04D186BA7B3F80,1,"['San Zeno', 'Arena', 'Torre Lamberti', 'Palazzo della Ragione']",Casa Giulietta,"['Centro Fotografia', 'Sighseeing', 'Museo Conte', 'Museo Radio', 'San Fermo']",Santa Anastasia,strategy_nearest,False,0.002665996551513672,success
04D187BA7B3F80,3,"['Torre Lamberti', 'Giardino Giusti', 'Teatro Romano', 'Duomo']",Santa Anastasia,"['AMO', 'Museo Conte', 'Palazzo della Ragione', 'Centro Fotografia', 'Sighseeing']",Casa Giulietta,strategy_nearest,False,0.002020120620727539,success
04D189429C4C80,0,"['Arena', 'Castelvecchio']",Casa Giulietta,"['Centro Fotografia', 'Sighseeing', 'Torre Lamberti', 'Museo Conte', 'Museo Radio']",Torre Lamberti,strategy_nearest,True,0.0027027130126953125,success
04D18B3A9C4C80,1,"['Arena', 'Museo Lapidario', 'Casa Giulietta']",Torre Lamberti,"['Sighseeing', 'Centro Fotografia', 'Museo Conte', 'Palazzo della Ragione', 'AMO']",Palazzo della Ragione,strategy_nearest,True,0.003003835678100586,success
04D18FBA7B3F80,0,['Castelvecchio'],Casa Giulietta,"['Centro Fotografia', 'Sighseeing', 'Torre Lamberti', 'Museo Conte', 'Museo Radio']",Arena,strategy_nearest,False,0.002601146697998047,success
04D1934A9C4C80,1,"['Arena', 'Museo Lapidario', 'Castelvecchio']",San Fermo,"['Museo Storia', 'Museo Radio', 'Casa Giulietta', 'Centro Fotografia', 'Sighseeing']",Casa Giulietta,strategy_nearest,True,0.002949953079223633,success
04D195BA7B3F80,3,"['Castelvecchio', 'Santa Anastasia']",Duomo,"['AMO', 'Museo Miniscalchi', 'Teatro Romano', 'Palazzo della Ragione', 'Museo Conte']",Torre Lamberti,strategy_nearest,False,0.003281116485595703,success
04D1A572743380,1,"['Arena', 'Casa Giulietta', 'Torre Lamberti']",San Zeno,"['Castelvecchio', 'Verona Tour', 'Museo Lapidario', 'Museo Miniscalchi', 'Sighseeing']",Teatro Romano,strategy_nearest,False,0.002695798873901367,success
04D1A772743380,0,"['Castelvecchio', 'Tomba Giulietta']",Arena,"['Verona Tour', 'Museo Lapidario', 'Museo Radio', 'San Fermo', 'Casa Giulietta']",San Fermo,strategy_nearest,True,0.002563953399658203,success
04D1AD429C4C80,3,"['Arena', 'Casa Giulietta']",Santa Anastasia,"['AMO', 'Museo Conte', 'Palazzo della Ragione', 'Teatro Romano', 'Centro Fotografia']",Duomo,strategy_nearest,False,0.002576112747192383,success
04D1B03A9C4C80,0,['Casa Giulietta'],Arena,"['Verona Tour', 'Museo Lapidario', 'Museo Radio', 'San Fermo', 'Sighseeing']",Castelvecchio,strategy_nearest,False,0.0025708675384521484,success
04D1B0429C4C80,2,['Palazzo della Ragione'],Giardino Giusti,"['Santa Anastasia', 'Teatro Romano', 'Museo Conte', 'Centro Fotografia', 'Museo Storia']",Teatro Romano,strategy_nearest,True,0.002707958221435547,success
04D1AF3A9C4C80,1,"['Arena', 'Casa Giulietta']",Palazzo della Ragione,"['AMO', 'Museo Conte', 'Torre Lamberti', 'Centro Fotografia', 'Sighseeing']",Duomo,strategy_nearest,False,0.003593921661376953,success
04D1B63A9C4C80,1,"['Palazzo della Ragione', 'Torre Lamberti']",Casa Giulietta,"['Centro Fotografia', 'Sighseeing', 'Museo Conte', 'Museo Radio', 'San Fermo']",Arena,strategy_nearest,False,0.0026290416717529297,success
04D1C3429C4C80,3,"['Tomba Giulietta', 'Casa Giulietta']",Torre Lamberti,"['Sighseeing', 'Centro Fotografia', 'Museo Conte', 'Palazzo della Ragione', 'AMO']",Santa Anastasia,strategy_nearest,False,0.0018622875213623047,success
04D1B13A9C4C80,0,['Arena'],Castelvecchio,"['Museo Lapidario', 'Verona Tour', 'Museo Radio', 'San Zeno', 'Sighseeing']",Casa Giulietta,strategy_nearest,False,0.003314971923828125,success
04D1CA429C4C80,3,['Arena'],Casa Giulietta,"['Centro Fotografia', 'Sighseeing', 'Torre Lamberti', 'Museo Conte', 'Museo Radio']",Santa Anastasia,strategy_nearest,False,0.001970052719116211,success
04D1C5429C4C80,0,"['Arena', 'Torre Lamberti']",Casa Giulietta,"['Centro Fotografia', 'Sighseeing', 'Museo Conte', 'Museo Radio', 'Palazzo della Ragione']",Teatro Romano,strategy_nearest,False,0.0030231475830078125,success
04D1F2BA7B3F80,3,"['Arena', 'Santa Anastasia', 'Torre Lamberti', 'Teatro Romano']",Castelvecchio,"['Museo Lapidario', 'Verona Tour', 'Museo Radio', 'San Zeno', 'Sighseeing']",San Zeno,strategy_nearest,True,0.0025441646575927734,success
04D1F8BA7B3F80,1,"['Arena', 'Teatro Romano', 'Castelvecchio']",Casa Giulietta,"['Centro Fotografia', 'Sighseeing', 'Torre Lamberti', 'Museo Conte', 'Museo Radio']",Giardino Giusti,strategy_nearest,False,0.0032529830932617188,success
04D20C3A9C4C84,3,"['Torre Lamberti', 'Casa Giulietta']",Santa Anastasia,"['AMO', 'Museo Conte', 'Palazzo della Ragione', 'Teatro Romano', 'Centro Fotografia']",Duomo,strategy_nearest,False,0.0019998550415039062,success
04D2123A9C4C84,2,['Torre Lamberti'],Palazzo della Ragione,"['AMO', 'Museo Conte', 'Centro Fotografia', 'Sighseeing', 'Santa Anastasia']",Duomo,strategy_nearest,False,0.002165079116821289,success
04D20D3A9C4C84,1,"['Tomba Giulietta', 'Castelvecchio', 'Arena', 'San Fermo']",Casa Giulietta,"['Centro Fotografia', 'Sighseeing', 'Torre Lamberti', 'Museo Conte', 'Museo Radio']",Santa Anastasia,strategy_nearest,False,0.00392603874206543,success
04D214BA7B3F80,3,"['Torre Lamberti', 'Teatro Romano', 'Duomo']",Santa Anastasia,"['AMO', 'Museo Conte', 'Palazzo della Ragione', 'Centro Fotografia', 'Sighseeing']",Casa Giulietta,strategy_nearest,False,0.00347900390625,success
04D236429C4C80,3,"['Arena', 'Duomo']",Santa Anastasia,"['AMO', 'Museo Conte', 'Palazzo della Ragione', 'Teatro Romano', 'Centro Fotografia']",Casa Giulietta,strategy_nearest,False,0.002518892288208008,success
04D23B429C4C80,0,['Arena'],Duomo,"['AMO', 'Museo Miniscalchi', 'Santa Anastasia', 'Teatro Romano', 'Palazzo della Ragione']",Casa Giulietta,strategy_nearest,False,0.0020432472229003906,success
04D239429C4C80,3,"['Castelvecchio', 'Arena', 'San Fermo']",Casa Giulietta,"['Centro Fotografia', 'Sighseeing', 'Torre Lamberti', 'Museo Conte', 'Museo Radio']",Torre Lamberti,strategy_nearest,True,0.003270864486694336,success
04D242429C4C80,0,['Arena'],Teatro Romano,"['Santa Anastasia', 'Duomo', 'AMO', 'Palazzo della Ragione', 'Museo Conte']",Casa Giulietta,strategy_nearest,False,0.002668619155883789,success
04D265429C4C80,1,['Arena'],Casa Giulietta,"['Centro Fotografia', 'Sighseeing', 'Torre Lamberti', 'Museo Conte', 'Museo Radio']",Palazzo della Ragione,strategy_nearest,False,0.003331899642944336,success
04D2783A9C4C80,3,['Arena'],Casa Giulietta,"['Centro Fotografia', 'Sighseeing', 'Torre Lamberti', 'Museo Conte', 'Museo Radio']",Santa Anastasia,strategy_nearest,False,0.00238800048828125,success
04D2794A9C4C80,0,['Arena'],Castelvecchio,"['Museo Lapidario', 'Verona Tour', 'Museo Radio', 'San Zeno', 'Sighseeing']",Casa Giulietta,strategy_nearest,False,0.0035550594329833984,success
04D27C429C4C80,3,"['Arena', 'Casa Giulietta', 'Torre Lamberti']",Santa Anastasia,"['AMO', 'Museo Conte', 'Palazzo della Ragione', 'Teatro Romano', 'Centro Fotografia']",Teatro Romano,strategy_nearest,True,0.0024781227111816406,success
04D27B3A9C4C80,3,"['Casa Giulietta', 'Torre Lamberti']",Arena,"['Verona Tour', 'Museo Lapidario', 'Museo Radio', 'San Fermo', 'Sighseeing']",Duomo,strategy_nearest,False,0.002019166946411133,success
04D2844A9C4C80,3,['Arena'],Casa Giulietta,"['Centro Fotografia', 'Sighseeing', 'Torre Lamberti', 'Museo Conte', 'Museo Radio']",Santa Anastasia,strategy_nearest,False,0.0021920204162597656,success
04D27F429C4C80,3,"['Teatro Romano', 'San Zeno', 'Castelvecchio']",Santa Anastasia,"['AMO', 'Museo Conte', 'Palazzo della Ragione', 'Centro Fotografia', 'Duomo']",San Fermo,strategy_nearest,False,0.003244161605834961,success
04D29A4A9C4C80,0,"['Arena', 'Casa Giulietta']",Torre Lamberti,"['Sighseeing', 'Centro Fotografia', 'Museo Conte', 'Palazzo della Ragione', 'AMO']",Castelvecchio,strategy_nearest,False,0.002857208251953125,success
04D28A4A9C4C80,1,"['San Fermo', 'Duomo', 'Santa Anastasia', 'Casa Giulietta']",Arena,"['Verona Tour', 'Museo Lapidario', 'Museo Radio', 'Sighseeing', 'Castelvecchio']",Palazzo della Ragione,strategy_nearest,False,0.004179239273071289,success
04D2A872743380,0,['Arena'],Casa Giulietta,"['Centro Fotografia', 'Sighseeing', 'Torre Lamberti', 'Museo Conte', 'Museo Radio']",Torre Lamberti,strategy_nearest,True,0.0026972293853759766,success
04D2A93A9C4C80,0,"['Arena', 'Casa Giulietta']",Teatro Romano,"['Santa Anastasia', 'Duomo', 'AMO', 'Palazzo della Ragione', 'Museo Conte']",Torre Lamberti,strategy_nearest,False,0.00339508056640625,success
04D2B6429C4C80,3,"['Arena', 'Torre Lamberti']",Casa Giulietta,"['Centro Fotografia', 'Sighseeing', 'Museo Conte', 'Museo Radio', 'Palazzo della Ragione']",Santa Anastasia,strategy_nearest,False,0.004060029983520508,success
04D2BB429C4C80,1,"['Arena', 'Torre Lamberti', 'Palazzo della Ragione']",Casa Giulietta,"['Centro Fotografia', 'Sighseeing', 'Museo Conte', 'Museo Radio', 'San Fermo']",Duomo,strategy_nearest,False,0.002653837203979492,success
04D2BC3A9C4C80,0,"['Arena', 'Museo Lapidario']",Castelvecchio,"['Verona Tour', 'Museo Radio', 'San Zeno', 'Sighseeing', 'Museo Miniscalchi']",Torre Lamberti,strategy_nearest,False,0.0013849735260009766,success
04D2C0429C4C80,0,['Arena'],Casa Giulietta,"['Centro Fotografia', 'Sighseeing', 'Torre Lamberti', 'Museo Conte', 'Museo Radio']",Tomba Giulietta,strategy_nearest,False,0.0028400421142578125,success
04D2C1429C4C80,1,"['Arena', 'Museo Lapidario', 'Casa Giulietta']",Torre Lamberti,"['Sighseeing', 'Centro Fotografia', 'Museo Conte', 'Palazzo della Ragione', 'AMO']",Santa Anastasia,strategy_nearest,False,0.0026068687438964844,success
04D2C73A9C4C80,3,['Santa Anastasia'],Torre Lamberti,"['Sighseeing', 'Centro Fotografia', 'Museo Conte', 'Casa Giulietta', 'Palazzo della Ragione']",Arena,strategy_nearest,False,0.0019001960754394531,success
04D2C7429C4C80,2,['Casa Giulietta'],Torre Lamberti,"['Sighseeing', 'Centro Fotografia', 'Museo Conte', 'Palazzo della Ragione', 'AMO']",Teatro Romano,strategy_nearest,False,0.0025649070739746094,success
04D2E83A9C4C80,0,['Arena'],Casa Giulietta,"['Centro Fotografia', 'Sighseeing', 'Torre Lamberti', 'Museo Conte', 'Museo Radio']",Torre Lamberti,strategy_nearest,True,0.002604961395263672,success
04D2F33A9C4C80,1,"['Castelvecchio', 'Arena', 'Museo Lapidario']",Casa Giulietta,"['Centro Fotografia', 'Sighseeing', 'Torre Lamberti', 'Museo Conte', 'Museo Radio']",Santa Anastasia,strategy_nearest,False,0.002151966094970703,success
04D2F53A9C4C80,0,"['Teatro Romano', 'Torre Lamberti']",Casa Giulietta,"['Centro Fotografia', 'Sighseeing', 'Museo Conte', 'Museo Radio', 'Palazzo della Ragione']",Arena,strategy_nearest,False,0.0035371780395507812,success
04D2F03A9C4C80,3,"['Torre Lamberti', 'Casa Giulietta']",Santa Anastasia,"['AMO', 'Museo Conte', 'Palazzo della Ragione', 'Teatro Romano', 'Centro Fotografia']",Teatro Romano,strategy_nearest,True,0.0050868988037109375,success
04D3053A9C4C84,1,"['Arena', 'Casa Giulietta']",Palazzo della Ragione,"['AMO', 'Museo Conte', 'Torre Lamberti', 'Centro Fotografia', 'Sighseeing']",Castelvecchio,strategy_nearest,False,0.003899097442626953,success
04D30E3A9C4C84,0,"['Teatro Romano', 'Casa Giulietta']",Torre Lamberti,"['Sighseeing', 'Centro Fotografia', 'Museo Conte', 'Palazzo della Ragione', 'AMO']",Tomba Giulietta,strategy_nearest,False,0.0031669139862060547,success
04D3173A9C4C84,3,"['Teatro Romano', 'Torre Lamberti', 'Casa Giulietta']",Arena,"['Verona Tour', 'Museo Lapidario', 'Museo Radio', 'San Fermo', 'Sighseeing']",Tomba Giulietta,strategy_nearest,False,0.0024118423461914062,success
04D3153A9C4C84,0,"['Torre Lamberti', 'Casa Giulietta']",Arena,"['Verona Tour', 'Museo Lapidario', 'Museo Radio', 'San Fermo', 'Sighseeing']",Castelvecchio,strategy_nearest,False,0.0015521049499511719,success
04D31D3A9C4C84,0,['Arena'],Castelvecchio,"['Museo Lapidario', 'Verona Tour', 'Museo Radio', 'San Zeno', 'Sighseeing']",Casa Giulietta,strategy_nearest,False,0.003534078598022461,success
04D32CA28C3680,1,"['Arena', 'Casa Giulietta']",Torre Lamberti,"['Sighseeing', 'Centro Fotografia', 'Museo Conte', 'Palazzo della Ragione', 'AMO']",Santa Anastasia,strategy_nearest,False,0.00267791748046875,success
04D3214A9C4C80,1,"['Arena', 'Museo Lapidario']",Museo Storia,"['San Fermo', 'Museo Radio', 'Casa Giulietta', 'Centro Fotografia', 'Tomba Giulietta']",Torre Lamberti,strategy_nearest,False,0.0021719932556152344,success
04D3203A9C4C80,0,"['Giardino Giusti', 'Teatro Romano']",Arena,"['Verona Tour', 'Museo Lapidario', 'Museo Radio', 'San Fermo', 'Casa Giulietta']",Casa Giulietta,strategy_nearest,True,0.001374959945678711,success
04D3213A9C4C84,1,['Casa Giulietta'],Torre Lamberti,"['Sighseeing', 'Centro Fotografia', 'Museo Conte', 'Palazzo della Ragione', 'AMO']",Palazzo della Ragione,strategy_nearest,True,0.003441333770751953,success
04D3393A9C4C80,0,['Arena'],Casa Giulietta,"['Centro Fotografia', 'Sighseeing', 'Torre Lamberti', 'Museo Conte', 'Museo Radio']",Torre Lamberti,strategy_nearest,True,0.0015001296997070312,success
04D339429C4C80,1,"['Arena', 'Castelvecchio']",Torre Lamberti,"['Sighseeing', 'Centro Fotografia', 'Museo Conte', 'Casa Giulietta', 'Palazzo della Ragione']",Palazzo della Ragione,strategy_nearest,True,0.0021729469299316406,success
04D32F429C4C80,3,"['San Fermo', 'Casa Giulietta', 'Santa Anastasia']",Teatro Romano,"['Duomo', 'AMO', 'Palazzo della Ragione', 'Museo Conte', 'Centro Fotografia']",Castelvecchio,strategy_nearest,False,0.0030488967895507812,success
04D3443A9C4C80,1,"['Arena', 'Casa Giulietta']",Torre Lamberti,"['Sighseeing', 'Centro Fotografia', 'Museo Conte', 'Palazzo della Ragione', 'AMO']",Palazzo della Ragione,strategy_nearest,True,0.002892017364501953,success
04D359BA7B3F80,3,"['Arena', 'Casa Giulietta']",Torre Lamberti,"['Sighseeing', 'Centro Fotografia', 'Museo Conte', 'Palazzo della Ragione', 'AMO']",Castelvecchio,strategy_nearest,False,0.0016770362854003906,success
04D361429C4C80,0,['Casa Giulietta'],Arena,"['Verona Tour', 'Museo Lapidario', 'Museo Radio', 'San Fermo', 'Sighseeing']",Tomba Giulietta,strategy_nearest,False,0.0022110939025878906,success
04D344429C4C80,1,"['Arena', 'Casa Giulietta', 'Castelvecchio']",Duomo,"['AMO', 'Museo Miniscalchi', 'Santa Anastasia', 'Teatro Romano', 'Palazzo della Ragione']",Santa Anastasia,strategy_nearest,True,0.003155946731567383,success
04D365BA7B3F80,3,"['Arena', 'Casa Giulietta']",Torre Lamberti,"['Sighseeing', 'Centro Fotografia', 'Museo Conte', 'Palazzo della Ragione', 'AMO']",Castelvecchio,strategy_nearest,False,0.003097057342529297,success
04D371BA7B3F80,1,"['Arena', 'Casa Giulietta', 'Torre Lamberti', 'Palazzo della Ragione']",Santa Anastasia,"['AMO', 'Museo Conte', 'Teatro Romano', 'Centro Fotografia', 'Duomo']",Castelvecchio,strategy_nearest,False,0.0028638839721679688,success
04D3723A9C4C80,3,"['Arena', 'Casa Giulietta']",Torre Lamberti,"['Sighseeing', 'Centro Fotografia', 'Museo Conte', 'Palazzo della Ragione', 'AMO']",Santa Anastasia,strategy_nearest,False,0.0020308494567871094,success
04D3743A9C4C80,3,"['Arena', 'Casa Giulietta']",Torre Lamberti,"['Sighseeing', 'Centro Fotografia', 'Museo Conte', 'Palazzo della Ragione', 'AMO']",Santa Anastasia,strategy_nearest,False,0.0033631324768066406,success
04D376BA7B3F80,1,"['Arena', 'Castelvecchio']",Casa Giulietta,"['Centro Fotografia', 'Sighseeing', 'Torre Lamberti', 'Museo Conte', 'Museo Radio']",Palazzo della Ragione,strategy_nearest,False,0.0024671554565429688,success
04D3794A9C4C80,0,['Arena'],Casa Giulietta,"['Centro Fotografia', 'Sighseeing', 'Torre Lamberti', 'Museo Conte', 'Museo Radio']",Teatro Romano,strategy_nearest,False,0.0036101341247558594,success
04D37A429C4C80,0,"['Arena', 'Torre Lamberti']",Teatro Romano,"['Santa Anastasia', 'Duomo', 'AMO', 'Palazzo della Ragione', 'Museo Conte']",Castelvecchio,strategy_nearest,False,0.001917123794555664,success
04D37B3A9C4C80,0,['Arena'],Casa Giulietta,"['Centro Fotografia', 'Sighseeing', 'Torre Lamberti', 'Museo Conte', 'Museo Radio']",Torre Lamberti,strategy_nearest,True,0.0032951831817626953,success
04D37CBA7B3F80,3,"['Arena', 'Santa Anastasia', 'Casa Giulietta', 'Teatro Romano']",Duomo,"['AMO', 'Museo Miniscalchi', 'Palazzo della Ragione', 'Museo Conte', 'Torre Lamberti']",Castelvecchio,strategy_nearest,False,0.003142118453979492,success
04D37F3A9C4C80,2,"['Casa Giulietta', 'Teatro Romano', 'Duomo']",Castelvecchio,"['Museo Lapidario', 'Verona Tour', 'Arena', 'Museo Radio', 'San Zeno']",Tomba Giulietta,strategy_nearest,False,0.0026330947875976562,success
04D37DBA7B3F80,1,"['Arena', 'Casa Giulietta', 'Palazzo della Ragione', 'Torre Lamberti']",Santa Anastasia,"['AMO', 'Museo Conte', 'Teatro Romano', 'Centro Fotografia', 'Duomo']",Teatro Romano,strategy_nearest,True,0.0027239322662353516,success
04D37E429C4C80,0,['Arena'],Casa Giulietta,"['Centro Fotografia', 'Sighseeing', 'Torre Lamberti', 'Museo Conte', 'Museo Radio']",Teatro Romano,strategy_nearest,False,0.003467082977294922,success
04D383BA7B3F80,1,['Arena'],Palazzo della Ragione,"['AMO', 'Museo Conte', 'Torre Lamberti', 'Centro Fotografia', 'Sighseeing']",Torre Lamberti,strategy_nearest,True,0.0033173561096191406,success
04D388BA7B3F80,1,['Arena'],Palazzo della Ragione,"['AMO', 'Museo Conte', 'Torre Lamberti', 'Centro Fotografia', 'Sighseeing']",Torre Lamberti,strategy_nearest,True,0.0014138221740722656,success
04D389BA7B3F80,1,"['Arena', 'San Fermo', 'Casa Giulietta']",Palazzo della Ragione,"['AMO', 'Museo Conte', 'Torre Lamberti', 'Centro Fotografia', 'Sighseeing']",Torre Lamberti,strategy_nearest,True,0.0032346248626708984,success
04D382BA7B3F80,1,"['Arena', 'Casa Giulietta', 'Palazzo della Ragione']",Torre Lamberti,"['Sighseeing', 'Centro Fotografia', 'Museo Conte', 'AMO', 'Museo Miniscalchi']",Teatro Romano,strategy_nearest,False,0.003464221954345703,success
04D38EBA7B3F80,3,"['Arena', 'Torre Lamberti', 'Casa Giulietta']",San Fermo,"['Museo Storia', 'Museo Radio', 'Centro Fotografia', 'Sighseeing', 'Museo Conte']",Castelvecchio,strategy_nearest,False,0.0018780231475830078,success
04D38FBA7B3F80,3,"['Arena', 'Museo Lapidario', 'Castelvecchio', 'Casa Giulietta']",Torre Lamberti,"['Sighseeing', 'Centro Fotografia', 'Museo Conte', 'Palazzo della Ragione', 'AMO']",Teatro Romano,strategy_nearest,False,0.0017652511596679688,success
04D394BA7B3F80,3,"['Arena', 'Torre Lamberti', 'Casa Giulietta']",San Fermo,"['Museo Storia', 'Museo Radio', 'Centro Fotografia', 'Sighseeing', 'Museo Conte']",Castelvecchio,strategy_nearest,False,0.002819061279296875,success
04D395BA7B3F80,3,"['Castelvecchio', 'Casa Giulietta']",Santa Anastasia,"['AMO', 'Museo Conte', 'Palazzo della Ragione', 'Teatro Romano', 'Centro Fotografia']",Torre Lamberti,strategy_nearest,False,0.0031299591064453125,success
04D3A672743380,3,['Arena'],Casa Giulietta,"['Centro Fotografia', 'Sighseeing', 'Torre Lamberti', 'Museo Conte', 'Museo Radio']",Santa Anastasia,strategy_nearest,False,0.0024619102478027344,success
04D3A872743380,3,['Arena'],Santa Anastasia,"['AMO', 'Museo Conte', 'Palazzo della Ragione', 'Teatro Romano', 'Centro Fotografia']",Teatro Romano,strategy_nearest,True,0.003023862838745117,success
04D3AA429C4C80,0,['Casa Giulietta'],Arena,"['Verona Tour', 'Museo Lapidario', 'Museo Radio', 'San Fermo', 'Sighseeing']",Castelvecchio,strategy_nearest,False,0.0023970603942871094,success
04D3AC429C4C80,0,"['Arena', 'Museo Lapidario']",Casa Giulietta,"['Centro Fotografia', 'Sighseeing', 'Torre Lamberti', 'Museo Conte', 'Museo Radio']",Duomo,strategy_nearest,False,0.0028460025787353516,success
04D3B8429C4C80,1,['Palazzo della Ragione'],Arena,"['Verona Tour', 'Museo Lapidario', 'Museo Radio', 'San Fermo', 'Casa Giulietta']",Duomo,strategy_nearest,False,0.002599000930786133,success
04D3B6429C4C80,0,"['Castelvecchio', 'Arena']",Casa Giulietta,"['Centro Fotografia', 'Sighseeing', 'Torre Lamberti', 'Museo Conte', 'Museo Radio']",Torre Lamberti,strategy_nearest,True,0.002045154571533203,success
04D3AD429C4C80,1,"['Casa Giulietta', 'Palazzo della Ragione', 'Torre Lamberti']",Duomo,"['AMO', 'Museo Miniscalchi', 'Santa Anastasia', 'Teatro Romano', 'Museo Conte']",Teatro Romano,strategy_nearest,True,0.004006862640380859,success
04D3B9429C4C80,3,"['Castelvecchio', 'Arena']",Santa Anastasia,"['AMO', 'Museo Conte', 'Palazzo della Ragione', 'Teatro Romano', 'Centro Fotografia']",Casa Giulietta,strategy_nearest,False,0.0025920867919921875,success
04D3BEBA7B3F80,3,"['Castelvecchio', 'Arena', 'San Fermo']",Casa Giulietta,"['Centro Fotografia', 'Sighseeing', 'Torre Lamberti', 'Museo Conte', 'Museo Radio']",Torre Lamberti,strategy_nearest,True,0.0026988983154296875,success
04D3BF3A9C4C80,0,"['Castelvecchio', 'Torre Lamberti']",Casa Giulietta,"['Centro Fotografia', 'Sighseeing', 'Museo Conte', 'Museo Radio', 'Palazzo della Ragione']",Arena,strategy_nearest,False,0.003314971923828125,success
04D3CABA7B3F80,2,['Giardino Giusti'],Torre Lamberti,"['Sighseeing', 'Centro Fotografia', 'Museo Conte', 'Casa Giulietta', 'Palazzo della Ragione']",Museo Storia,strategy_nearest,False,0.0028541088104248047,success
04D3EF3A9C4C80,3,['Arena'],Torre Lamberti,"['Sighseeing', 'Centro Fotografia', 'Museo Conte', 'Casa Giulietta', 'Palazzo della Ragione']",Santa Anastasia,strategy_nearest,False,0.002701997756958008,success
04D3E2BA7B3F80,2,['Santa Anastasia'],Giardino Giusti,"['Teatro Romano', 'Museo Conte', 'Centro Fotografia', 'Museo Storia', 'AMO']",San Fermo,strategy_nearest,False,0.0027098655700683594,success
04D3F83A9C4C80,0,"['Arena', 'Museo Lapidario']",Castelvecchio,"['Verona Tour', 'Museo Radio', 'San Zeno', 'Sighseeing', 'Museo Miniscalchi']",Torre Lamberti,strategy_nearest,False,0.0027780532836914062,success
04D405BA7B3F84,3,['Arena'],Casa Giulietta,"['Centro Fotografia', 'Sighseeing', 'Torre Lamberti', 'Museo Conte', 'Museo Radio']",Torre Lamberti,strategy_nearest,True,0.0036230087280273438,success
04D4083A9C4C84,1,"['Arena', 'Museo Lapidario', 'Castelvecchio', 'Torre Lamberti']",Palazzo della Ragione,"['AMO', 'Museo Conte', 'Centro Fotografia', 'Sighseeing', 'Santa Anastasia']",Casa Giulietta,strategy_nearest,False,0.0028879642486572266,success
04D411BA7B3F84,3,['Arena'],Casa Giulietta,"['Centro Fotografia', 'Sighseeing', 'Torre Lamberti', 'Museo Conte', 'Museo Radio']",Torre Lamberti,strategy_nearest,True,0.002649068832397461,success
04D41B3A9C4C84,0,['Arena'],Castelvecchio,"['Museo Lapidario', 'Verona Tour', 'Museo Radio', 'San Zeno', 'Sighseeing']",Casa Giulietta,strategy_nearest,False,0.0020329952239990234,success
04D423BA7B3F80,3,"['Casa Giulietta', 'San Fermo', 'Giardino Giusti']",Teatro Romano,"['Santa Anastasia', 'Duomo', 'AMO', 'Palazzo della Ragione', 'Museo Conte']",Castelvecchio,strategy_nearest,False,0.0033981800079345703,success
04D4413A9C4C80,0,['Arena'],Casa Giulietta,"['Centro Fotografia', 'Sighseeing', 'Torre Lamberti', 'Museo Conte', 'Museo Radio']",Torre Lamberti,strategy_nearest,True,0.0025250911712646484,success
04D435BA7B3F80,0,['Arena'],Casa Giulietta,"['Centro Fotografia', 'Sighseeing', 'Torre Lamberti', 'Museo Conte', 'Museo Radio']",Torre Lamberti,strategy_nearest,True,0.0026488304138183594,success
04D444429C4C80,1,"['Arena', 'Casa Giulietta']",Torre Lamberti,"['Sighseeing', 'Centro Fotografia', 'Museo Conte', 'Palazzo della Ragione', 'AMO']",Palazzo della Ragione,strategy_nearest,True,0.0032520294189453125,success
04D44C3A9C4C80,0,['Arena'],Casa Giulietta,"['Centro Fotografia', 'Sighseeing', 'Torre Lamberti', 'Museo Conte', 'Museo Radio']",Torre Lamberti,strategy_nearest,True,0.0029277801513671875,success
04D450BA7B3F80,0,['Arena'],Casa Giulietta,"['Centro Fotografia', 'Sighseeing', 'Torre Lamberti', 'Museo Conte', 'Museo Radio']",Tomba Giulietta,strategy_nearest,False,0.0022530555725097656,success
04D462BA7B3F80,0,"['Torre Lamberti', 'San Fermo']",Castelvecchio,"['Museo Lapidario', 'Verona Tour', 'Arena', 'Museo Radio', 'San Zeno']",Arena,strategy_nearest,True,0.002541065216064453,success
04D4523A9C4C80,3,"['Arena', 'Casa Giulietta']",Teatro Romano,"['Santa Anastasia', 'Duomo', 'AMO', 'Palazzo della Ragione', 'Museo Conte']",Duomo,strategy_nearest,True,0.003398895263671875,success
04D470429C4C80,2,"['Torre Lamberti', 'Santa Anastasia', 'Duomo']",Teatro Romano,"['AMO', 'Palazzo della Ragione', 'Museo Conte', 'Centro Fotografia', 'Museo Miniscalchi']",Casa Giulietta,strategy_nearest,False,0.002601146697998047,success
04D479429C4C80,0,['Teatro Romano'],Casa Giulietta,"['Centro Fotografia', 'Sighseeing', 'Torre Lamberti', 'Museo Conte', 'Museo Radio']",Arena,strategy_nearest,False,0.0025501251220703125,success
04D471429C4C80,0,['Arena'],Casa Giulietta,"['Centro Fotografia', 'Sighseeing', 'Torre Lamberti', 'Museo Conte', 'Museo Radio']",Santa Anastasia,strategy_nearest,False,0.0026350021362304688,success
04D47F3A9C4C80,3,"['Duomo', 'Teatro Romano', 'Casa Giulietta']",Torre Lamberti,"['Sighseeing', 'Centro Fotografia', 'Museo Conte', 'Palazzo della Ragione', 'AMO']",Arena,strategy_nearest,False,0.0033757686614990234,success
04D47F429C4C80,1,"['Arena', 'Duomo']",Santa Anastasia,"['AMO', 'Museo Conte', 'Palazzo della Ragione', 'Teatro Romano', 'Centro Fotografia']",Casa Giulietta,strategy_nearest,False,0.0031158924102783203,success
04D48A429C4C80,1,"['San Fermo', 'Casa Giulietta', 'Torre Lamberti', 'Palazzo della Ragione']",Castelvecchio,"['Museo Lapidario', 'Verona Tour', 'Arena', 'Museo Radio', 'San Zeno']",Arena,strategy_nearest,True,0.00406193733215332,success
04D48ABA7B3F80,1,"['Torre Lamberti', 'Casa Giulietta', 'Arena']",Castelvecchio,"['Museo Lapidario', 'Verona Tour', 'Museo Radio', 'San Zeno', 'Sighseeing']",Teatro Romano,strategy_nearest,False,0.002961874008178711,success
04D48C429C4C80,1,['Arena'],Torre Lamberti,"['Sighseeing', 'Centro Fotografia', 'Museo Conte', 'Casa Giulietta', 'Palazzo della Ragione']",Palazzo della Ragione,strategy_nearest,True,0.0022368431091308594,success
04D491429C4C80,1,"['Arena', 'Castelvecchio', 'Duomo']",Teatro Romano,"['Santa Anastasia', 'AMO', 'Palazzo della Ragione', 'Museo Conte', 'Centro Fotografia']",Santa Anastasia,strategy_nearest,True,0.0027642250061035156,success
04D48B429C4C80,0,['Arena'],Casa Giulietta,"['Centro Fotografia', 'Sighseeing', 'Torre Lamberti', 'Museo Conte', 'Museo Radio']",Torre Lamberti,strategy_nearest,True,0.0030257701873779297,success
04D4A572743380,3,"['Arena', 'Torre Lamberti', 'Santa Anastasia']",San Zeno,"['Castelvecchio', 'Verona Tour', 'Museo Lapidario', 'Museo Miniscalchi', 'Sighseeing']",Castelvecchio,strategy_nearest,True,0.0031349658966064453,success
04D4A8429C4C80,0,['Arena'],Casa Giulietta,"['Centro Fotografia', 'Sighseeing', 'Torre Lamberti', 'Museo Conte', 'Museo Radio']",Torre Lamberti,strategy_nearest,True,0.0021169185638427734,success
04D4A772743380,2,"['Torre Lamberti', 'Palazzo della Ragione']",Casa Giulietta,"['Centro Fotografia', 'Sighseeing', 'Museo Conte', 'Museo Radio', 'San Fermo']",Santa Anastasia,strategy_nearest,False,0.0014791488647460938,success
04D4AD429C4C80,0,['Museo Lapidario'],Arena,"['Verona Tour', 'Museo Radio', 'San Fermo', 'Casa Giulietta', 'Sighseeing']",Casa Giulietta,strategy_nearest,True,0.0021979808807373047,success
04D4A7429C4C80,1,['Arena'],Casa Giulietta,"['Centro Fotografia', 'Sighseeing', 'Torre Lamberti', 'Museo Conte', 'Museo Radio']",Palazzo della Ragione,strategy_nearest,False,0.003113985061645508,success
04D4BC3A9C4C80,0,['Arena'],Casa Giulietta,"['Centro Fotografia', 'Sighseeing', 'Torre Lamberti', 'Museo Conte', 'Museo Radio']",Torre Lamberti,strategy_nearest,True,0.0020818710327148438,success
04D4BE429C4C80,0,['Arena'],Torre Lamberti,"['Sighseeing', 'Centro Fotografia', 'Museo Conte', 'Casa Giulietta', 'Palazzo della Ragione']",Casa Giulietta,strategy_nearest,True,0.0026509761810302734,success
04D4B6429C4C80,0,['Arena'],Casa Giulietta,"['Centro Fotografia', 'Sighseeing', 'Torre Lamberti', 'Museo Conte', 'Museo Radio']",Torre Lamberti,strategy_nearest,True,0.0014328956604003906,success
04D4C3BA7B3F80,3,"['Arena', 'Museo Lapidario', 'Castelvecchio']",Tomba Giulietta,"['San Fermo', 'Museo Storia', 'Museo Radio', 'Verona Tour', 'Casa Giulietta']",Casa Giulietta,strategy_nearest,True,0.0025658607482910156,success
04D4C7429C4C80,3,"['Arena', 'Castelvecchio', 'Casa Giulietta']",Torre Lamberti,"['Sighseeing', 'Centro Fotografia', 'Museo Conte', 'Palazzo della Ragione', 'AMO']",Giardino Giusti,strategy_nearest,False,0.0021669864654541016,success
04D4C63A9C4C80,0,"['Arena', 'Castelvecchio']",Casa Giulietta,"['Centro Fotografia', 'Sighseeing', 'Torre Lamberti', 'Museo Conte', 'Museo Radio']",Duomo,strategy_nearest,False,0.003425121307373047,success
04D4CFBA7B3F80,1,"['Arena', 'Torre Lamberti', 'Palazzo della Ragione']",Santa Anastasia,"['AMO', 'Museo Conte', 'Teatro Romano', 'Centro Fotografia', 'Duomo']",Duomo,strategy_nearest,True,0.003170013427734375,success
04D4F83A9C4C80,3,['Arena'],Torre Lamberti,"['Sighseeing', 'Centro Fotografia', 'Museo Conte', 'Casa Giulietta', 'Palazzo della Ragione']",Santa Anastasia,strategy_nearest,False,0.0025758743286132812,success
04D4EB3A9C4C80,3,"['Arena', 'Casa Giulietta', 'Torre Lamberti', 'Santa Anastasia']",San Fermo,"['Museo Storia', 'Museo Radio', 'Centro Fotografia', 'Sighseeing', 'Museo Conte']",Tomba Giulietta,strategy_nearest,False,0.003310680389404297,success
04D4EF429C4C80,3,['Arena'],Casa Giulietta,"['Centro Fotografia', 'Sighseeing', 'Torre Lamberti', 'Museo Conte', 'Museo Radio']",Santa Anastasia,strategy_nearest,False,0.003554821014404297,success
04D50E3A9C4C84,1,"['Arena', 'Casa Giulietta']",Palazzo della Ragione,"['AMO', 'Museo Conte', 'Torre Lamberti', 'Centro Fotografia', 'Sighseeing']",Castelvecchio,strategy_nearest,False,0.003198862075805664,success
04D512BA7B3F84,3,"['Arena', 'Casa Giulietta', 'Torre Lamberti']",Santa Anastasia,"['AMO', 'Museo Conte', 'Palazzo della Ragione', 'Teatro Romano', 'Centro Fotografia']",Castelvecchio,strategy_nearest,False,0.0022559165954589844,success
04D5143A9C4C84,1,"['Arena', 'Casa Giulietta', 'Torre Lamberti']",Palazzo della Ragione,"['AMO', 'Museo Conte', 'Centro Fotografia', 'Sighseeing', 'Santa Anastasia']",Santa Anastasia,strategy_nearest,True,0.0034189224243164062,success
04D518BA7B3F84,1,"['Arena', 'Castelvecchio']",Casa Giulietta,"['Centro Fotografia', 'Sighseeing', 'Torre Lamberti', 'Museo Conte', 'Museo Radio']",Palazzo della Ragione,strategy_nearest,False,0.0037839412689208984,success
04D51A3A9C4C84,0,['Santa Anastasia'],Casa Giulietta,"['Centro Fotografia', 'Sighseeing', 'Torre Lamberti', 'Museo Conte', 'Museo Radio']",Arena,strategy_nearest,False,0.0031280517578125,success
04D51B3A9C4C84,0,['Duomo'],Castelvecchio,"['Museo Lapidario', 'Verona Tour', 'Arena', 'Museo Radio', 'San Zeno']",Arena,strategy_nearest,True,0.0011892318725585938,success
04D51BBA7B3F80,1,"['Arena', 'Tomba Giulietta', 'San Fermo', 'Casa Giulietta']",Palazzo della Ragione,"['AMO', 'Museo Conte', 'Torre Lamberti', 'Centro Fotografia', 'Sighseeing']",Torre Lamberti,strategy_nearest,True,0.002108335494995117,success
04D51C3A9C4C84,0,['Arena'],Castelvecchio,"['Museo Lapidario', 'Verona Tour', 'Museo Radio', 'San Zeno', 'Sighseeing']",Teatro Romano,strategy_nearest,False,0.0028090476989746094,success
04D51EBA7B3F84,1,"['Arena', 'Casa Giulietta', 'Palazzo della Ragione']",Torre Lamberti,"['Sighseeing', 'Centro Fotografia', 'Museo Conte', 'AMO', 'Museo Miniscalchi']",Castelvecchio,strategy_nearest,False,0.00273895263671875,success
04D524429C4C84,1,['Arena'],Casa Giulietta,"['Centro Fotografia', 'Sighseeing', 'Torre Lamberti', 'Museo Conte', 'Museo Radio']",Palazzo della Ragione,strategy_nearest,False,0.0028579235076904297,success
04D524BA7B3F84,1,"['San Zeno', 'Castelvecchio', 'Arena']",Santa Anastasia,"['AMO', 'Museo Conte', 'Palazzo della Ragione', 'Teatro Romano', 'Centro Fotografia']",Casa Giulietta,strategy_nearest,False,0.002838134765625,success
04D534429C4C80,1,['Torre Lamberti'],Palazzo della Ragione,"['AMO', 'Museo Conte', 'Centro Fotografia', 'Sighseeing', 'Santa Anastasia']",Casa Giulietta,strategy_nearest,False,0.0030946731567382812,success
04D541BA7B3F80,1,"['Arena', 'Teatro Romano']",Santa Anastasia,"['AMO', 'Museo Conte', 'Palazzo della Ragione', 'Centro Fotografia', 'Duomo']",San Fermo,strategy_nearest,False,0.002447843551635742,success
04D5553A9C4C80,1,"['Arena', 'Casa Giulietta', 'Tomba Giulietta']",Castelvecchio,"['Museo Lapidario', 'Verona Tour', 'Museo Radio', 'San Zeno', 'Sighseeing']",Torre Lamberti,strategy_nearest,False,0.0016331672668457031,success
04D537429C4C80,3,"['Arena', 'Castelvecchio']",Casa Giulietta,"['Centro Fotografia', 'Sighseeing', 'Torre Lamberti', 'Museo Conte', 'Museo Radio']",Torre Lamberti,strategy_nearest,True,0.003219127655029297,success
04D54C3A9C4C80,3,"['Arena', 'Casa Giulietta']",Torre Lamberti,"['Sighseeing', 'Centro Fotografia', 'Museo Conte', 'Palazzo della Ragione', 'AMO']",Santa Anastasia,strategy_nearest,False,0.003789186477661133,success
04D578BA7B3F80,3,"['Casa Giulietta', 'Torre Lamberti']",Arena,"['Verona Tour', 'Museo Lapidario', 'Museo Radio', 'San Fermo', 'Sighseeing']",Santa Anastasia,strategy_nearest,False,0.0021691322326660156,success
04D571429C4C80,0,['Arena'],Casa Giulietta,"['Centro Fotografia', 'Sighseeing', 'Torre Lamberti', 'Museo Conte', 'Museo Radio']",Santa Anastasia,strategy_nearest,False,0.001583099365234375,success
04D57B429C4C80,0,['San Zeno'],Arena,"['Verona Tour', 'Museo Lapidario', 'Museo Radio', 'San Fermo', 'Casa Giulietta']",Casa Giulietta,strategy_nearest,True,0.0028700828552246094,success
04D57F429C4C80,3,"['Arena', 'Casa Giulietta']",Torre Lamberti,"['Sighseeing', 'Centro Fotografia', 'Museo Conte', 'Palazzo della Ragione', 'AMO']",Santa Anastasia,strategy_nearest,False,0.0027170181274414062,success
04D5843A9C4C80,1,"['Casa Giulietta', 'Arena']",Palazzo della Ragione,"['AMO', 'Museo Conte', 'Torre Lamberti', 'Centro Fotografia', 'Sighseeing']",Torre Lamberti,strategy_nearest,True,0.0025260448455810547,success
04D58B3A9C4C80,1,['Arena'],Santa Anastasia,"['AMO', 'Museo Conte', 'Palazzo della Ragione', 'Teatro Romano', 'Centro Fotografia']",Casa Giulietta,strategy_nearest,False,0.002585887908935547,success
04D5813A9C4C80,0,['Casa Giulietta'],Arena,"['Verona Tour', 'Museo Lapidario', 'Museo Radio', 'San Fermo', 'Sighseeing']",Duomo,strategy_nearest,False,0.0027289390563964844,success
04D58B429C4C80,3,"['Santa Anastasia', 'Teatro Romano']",Duomo,"['AMO', 'Museo Miniscalchi', 'Palazzo della Ragione', 'Museo Conte', 'Torre Lamberti']",Torre Lamberti,strategy_nearest,True,0.0013020038604736328,success
04D58C3A9C4C80,3,['Arena'],Casa Giulietta,"['Centro Fotografia', 'Sighseeing', 'Torre Lamberti', 'Museo Conte', 'Museo Radio']",Torre Lamberti,strategy_nearest,True,0.002788066864013672,success
04D593BA7B3F80,2,['Giardino Giusti'],Torre Lamberti,"['Sighseeing', 'Centro Fotografia', 'Museo Conte', 'Casa Giulietta', 'Palazzo della Ragione']",Museo Storia,strategy_nearest,False,0.001992940902709961,success
04D5A6BA7B3F80,3,"['Casa Giulietta', 'San Fermo', 'Giardino Giusti']",Teatro Romano,"['Santa Anastasia', 'Duomo', 'AMO', 'Palazzo della Ragione', 'Museo Conte']",Castelvecchio,strategy_nearest,False,0.0026428699493408203,success
04D5A772743380,1,"['Arena', 'Palazzo della Ragione', 'Torre Lamberti', 'Santa Anastasia']",Casa Giulietta,"['Centro Fotografia', 'Sighseeing', 'Museo Conte', 'Museo Radio', 'San Fermo']",Castelvecchio,strategy_nearest,False,0.0033788681030273438,success
04D5AC429C4C80,3,"['Tomba Giulietta', 'Casa Giulietta']",Torre Lamberti,"['Sighseeing', 'Centro Fotografia', 'Museo Conte', 'Palazzo della Ragione', 'AMO']",Santa Anastasia,strategy_nearest,False,0.002084016799926758,success
04D5AE429C4C80,1,"['Palazzo della Ragione', 'Casa Giulietta']",Teatro Romano,"['Santa Anastasia', 'Duomo', 'AMO', 'Museo Conte', 'Centro Fotografia']",Arena,strategy_nearest,False,0.0026221275329589844,success
04D5AD429C4C80,0,['Arena'],Casa Giulietta,"['Centro Fotografia', 'Sighseeing', 'Torre Lamberti', 'Museo Conte', 'Museo Radio']",Torre Lamberti,strategy_nearest,True,0.0029718875885009766,success
04D5B5429C4C80,0,['Arena'],Casa Giulietta,"['Centro Fotografia', 'Sighseeing', 'Torre Lamberti', 'Museo Conte', 'Museo Radio']",Torre Lamberti,strategy_nearest,True,0.003582000732421875,success
04D5BB429C4C80,3,"['Arena', 'Casa Giulietta', 'Torre Lamberti']",Santa Anastasia,"['AMO', 'Museo Conte', 'Palazzo della Ragione', 'Teatro Romano', 'Centro Fotografia']",Teatro Romano,strategy_nearest,True,0.0021522045135498047,success
04D5BC429C4C80,0,"['Arena', 'Casa Giulietta']",Torre Lamberti,"['Sighseeing', 'Centro Fotografia', 'Museo Conte', 'Palazzo della Ragione', 'AMO']",Duomo,strategy_nearest,False,0.0030057430267333984,success
04D5C23A9C4C80,0,['Arena'],Casa Giulietta,"['Centro Fotografia', 'Sighseeing', 'Torre Lamberti', 'Museo Conte', 'Museo Radio']",Castelvecchio,strategy_nearest,False,0.0031859874725341797,success
04D5C2429C4C80,3,"['Arena', 'Casa Giulietta']",Santa Anastasia,"['AMO', 'Museo Conte', 'Palazzo della Ragione', 'Teatro Romano', 'Centro Fotografia']",Duomo,strategy_nearest,False,0.0024759769439697266,success
04D5E1BA7B3F80,3,"['Arena', 'Casa Giulietta']",Santa Anastasia,"['AMO', 'Museo Conte', 'Palazzo della Ragione', 'Teatro Romano', 'Centro Fotografia']",Duomo,strategy_nearest,False,0.0025992393493652344,success
04D5C63A9C4C80,1,"['Arena', 'Casa Giulietta']",Palazzo della Ragione,"['AMO', 'Museo Conte', 'Torre Lamberti', 'Centro Fotografia', 'Sighseeing']",Torre Lamberti,strategy_nearest,True,0.0027587413787841797,success
04D5E7BA7B3F80,1,"['Teatro Romano', 'Duomo', 'Santa Anastasia', 'Casa Giulietta']",San Zeno,"['Castelvecchio', 'Verona Tour', 'Museo Lapidario', 'Arena', 'Museo Miniscalchi']",Castelvecchio,strategy_nearest,True,0.002580881118774414,success
04D5EC3A9C4C80,0,['Arena'],Teatro Romano,"['Santa Anastasia', 'Duomo', 'AMO', 'Palazzo della Ragione', 'Museo Conte']",Torre Lamberti,strategy_nearest,False,0.0026400089263916016,success
04D5E93A9C4C80,1,"['Museo Lapidario', 'Castelvecchio']",Arena,"['Verona Tour', 'Museo Radio', 'San Fermo', 'Casa Giulietta', 'Sighseeing']",Casa Giulietta,strategy_nearest,True,0.0019600391387939453,success
04D610BA7B3F84,0,"['Casa Giulietta', 'Arena']",Tomba Giulietta,"['San Fermo', 'Museo Storia', 'Museo Lapidario', 'Museo Radio', 'Verona Tour']",Castelvecchio,strategy_nearest,False,0.003319978713989258,success
04D615BA7B3F84,1,"['San Zeno', 'Castelvecchio', 'Arena']",Santa Anastasia,"['AMO', 'Museo Conte', 'Palazzo della Ragione', 'Teatro Romano', 'Centro Fotografia']",Casa Giulietta,strategy_nearest,False,0.0028290748596191406,success
04D6183A9C4C84,0,['Arena'],Museo Lapidario,"['Verona Tour', 'Castelvecchio', 'Museo Radio', 'San Fermo', 'Casa Giulietta']",Duomo,strategy_nearest,False,0.0028619766235351562,success
04D616BA7B3F84,3,"['Arena', 'Santa Anastasia', 'Duomo']",Casa Giulietta,"['Centro Fotografia', 'Sighseeing', 'Torre Lamberti', 'Museo Conte', 'Museo Radio']",Castelvecchio,strategy_nearest,False,0.002877950668334961,success
04D61A3A9C4C84,0,['Castelvecchio'],Arena,"['Verona Tour', 'Museo Lapidario', 'Museo Radio', 'San Fermo', 'Casa Giulietta']",Tomba Giulietta,strategy_nearest,False,0.0032949447631835938,success
04D621BA7B3F84,0,"['Torre Lamberti', 'San Fermo']",Castelvecchio,"['Museo Lapidario', 'Verona Tour', 'Arena', 'Museo Radio', 'San Zeno']",Arena,strategy_nearest,True,0.001531839370727539,success
04D61BBA7B3F84,3,"['Arena', 'Casa Giulietta', 'Torre Lamberti']",Santa Anastasia,"['AMO', 'Museo Conte', 'Palazzo della Ragione', 'Teatro Romano', 'Centro Fotografia']",Castelvecchio,strategy_nearest,False,0.0035881996154785156,success
04D6213A9C4C84,0,"['Arena', 'Casa Giulietta']",Tomba Giulietta,"['San Fermo', 'Museo Storia', 'Museo Lapidario', 'Museo Radio', 'Verona Tour']",Castelvecchio,strategy_nearest,False,0.002237081527709961,success
04D622BA7B3F84,3,"['Arena', 'Santa Anastasia', 'Duomo']",Casa Giulietta,"['Centro Fotografia', 'Sighseeing', 'Torre Lamberti', 'Museo Conte', 'Museo Radio']",Castelvecchio,strategy_nearest,False,0.0031642913818359375,success
04D627BA7B3F84,1,"['Arena', 'Teatro Romano', 'Castelvecchio']",Casa Giulietta,"['Centro Fotografia', 'Sighseeing', 'Torre Lamberti', 'Museo Conte', 'Museo Radio']",Giardino Giusti,strategy_nearest,False,0.0030472278594970703,success
04D62BBA7B3F80,1,"['Arena', 'Casa Giulietta']",Teatro Romano,"['Santa Anastasia', 'Duomo', 'AMO', 'Palazzo della Ragione', 'Museo Conte']",Torre Lamberti,strategy_nearest,False,0.003380298614501953,success
04D630429C4C80,0,['Arena'],Casa Giulietta,"['Centro Fotografia', 'Sighseeing', 'Torre Lamberti', 'Museo Conte', 'Museo Radio']",Torre Lamberti,strategy_nearest,True,0.00238800048828125,success
04D632429C4C80,0,['Casa Giulietta'],Torre Lamberti,"['Sighseeing', 'Centro Fotografia', 'Museo Conte', 'Palazzo della Ragione', 'AMO']",Arena,strategy_nearest,False,0.0038890838623046875,success
04D63A3A9C4C80,1,"['Arena', 'Torre Lamberti']",Palazzo della Ragione,"['AMO', 'Museo Conte', 'Centro Fotografia', 'Sighseeing', 'Santa Anastasia']",Casa Giulietta,strategy_nearest,False,0.0019040107727050781,success
04D646429C4C80,0,['Arena'],Casa Giulietta,"['Centro Fotografia', 'Sighseeing', 'Torre Lamberti', 'Museo Conte', 'Museo Radio']",Duomo,strategy_nearest,False,0.0028069019317626953,success
04D6463A9C4C80,3,"['Arena', 'Casa Giulietta']",Torre Lamberti,"['Sighseeing', 'Centro Fotografia', 'Museo Conte', 'Palazzo della Ragione', 'AMO']",Santa Anastasia,strategy_nearest,False,0.0028328895568847656,success
04D673429C4C80,3,"['Arena', 'Castelvecchio']",Casa Giulietta,"['Centro Fotografia', 'Sighseeing', 'Torre Lamberti', 'Museo Conte', 'Museo Radio']",Torre Lamberti,strategy_nearest,True,0.0031311511993408203,success
04D6893A9C4C80,1,"['Casa Giulietta', 'Torre Lamberti']",Palazzo della Ragione,"['AMO', 'Museo Conte', 'Centro Fotografia', 'Sighseeing', 'Santa Anastasia']",Arena,strategy_nearest,False,0.002067089080810547,success
04D688429C4C80,3,['Arena'],Santa Anastasia,"['AMO', 'Museo Conte', 'Palazzo della Ragione', 'Teatro Romano', 'Centro Fotografia']",Teatro Romano,strategy_nearest,True,0.0015001296997070312,success
04D6A672743380,3,"['Arena', 'Castelvecchio', 'Casa Giulietta']",Tomba Giulietta,"['San Fermo', 'Museo Storia', 'Museo Lapidario', 'Museo Radio', 'Verona Tour']",Santa Anastasia,strategy_nearest,False,0.002964019775390625,success
04D68C429C4C80,1,"['Museo Lapidario', 'Arena', 'San Fermo', 'Casa Giulietta']",Santa Anastasia,"['AMO', 'Museo Conte', 'Palazzo della Ragione', 'Teatro Romano', 'Centro Fotografia']",Palazzo della Ragione,strategy_nearest,True,0.002608060836791992,success
04D6A7429C4C80,0,['Museo Lapidario'],Arena,"['Verona Tour', 'Museo Radio', 'San Fermo', 'Casa Giulietta', 'Sighseeing']",Casa Giulietta,strategy_nearest,True,0.0027761459350585938,success
04D6A872743380,3,"['Castelvecchio', 'Teatro Romano']",Casa Giulietta,"['Centro Fotografia', 'Sighseeing', 'Torre Lamberti', 'Museo Conte', 'Museo Radio']",Santa Anastasia,strategy_nearest,False,0.0019109249114990234,success
04D6AC429C4C80,2,['Casa Giulietta'],Santa Anastasia,"['AMO', 'Museo Conte', 'Palazzo della Ragione', 'Teatro Romano', 'Centro Fotografia']",Castelvecchio,strategy_nearest,False,0.0027379989624023438,success
04D6B0429C4C80,0,['Arena'],Casa Giulietta,"['Centro Fotografia', 'Sighseeing', 'Torre Lamberti', 'Museo Conte', 'Museo Radio']",Torre Lamberti,strategy_nearest,True,0.003269195556640625,success
04D6B23A9C4C80,0,['Arena'],San Zeno,"['Castelvecchio', 'Verona Tour', 'Museo Lapidario', 'Museo Miniscalchi', 'Sighseeing']",Casa Giulietta,strategy_nearest,False,0.001995086669921875,success
04D6B13A9C4C80,3,"['Teatro Romano', 'Duomo']",Casa Giulietta,"['Centro Fotografia', 'Sighseeing', 'Torre Lamberti', 'Museo Conte', 'Museo Radio']",Torre Lamberti,strategy_nearest,True,0.003451824188232422,success
04D6B43A9C4C80,3,"['Arena', 'Casa Giulietta']",Santa Anastasia,"['AMO', 'Museo Conte', 'Palazzo della Ragione', 'Teatro Romano', 'Centro Fotografia']",Duomo,strategy_nearest,False,0.0034532546997070312,success
04D6B3429C4C80,3,"['Museo Lapidario', 'Arena']",Casa Giulietta,"['Centro Fotografia', 'Sighseeing', 'Torre Lamberti', 'Museo Conte', 'Museo Radio']",Torre Lamberti,strategy_nearest,True,0.0030291080474853516,success
04D6B53A9C4C80,1,"['Arena', 'Casa Giulietta', 'Torre Lamberti', 'Palazzo della Ragione']",Santa Anastasia,"['AMO', 'Museo Conte', 'Teatro Romano', 'Centro Fotografia', 'Duomo']",Teatro Romano,strategy_nearest,True,0.001992940902709961,success
04D6B5429C4C80,0,['Casa Giulietta'],Duomo,"['AMO', 'Museo Miniscalchi', 'Santa Anastasia', 'Teatro Romano', 'Palazzo della Ragione']",Arena,strategy_nearest,False,0.0024590492248535156,success
04D6C8429C4C80,1,"['Casa Giulietta', 'Palazzo della Ragione']",Duomo,"['AMO', 'Museo Miniscalchi', 'Santa Anastasia', 'Teatro Romano', 'Museo Conte']",Arena,strategy_nearest,False,0.0018799304962158203,success
04D6BD429C4C80,0,['Arena'],Tomba Giulietta,"['San Fermo', 'Museo Storia', 'Museo Lapidario', 'Museo Radio', 'Verona Tour']",Duomo,strategy_nearest,False,0.0026628971099853516,success
04D6BF3A9C4C80,0,['Arena'],Casa Giulietta,"['Centro Fotografia', 'Sighseeing', 'Torre Lamberti', 'Museo Conte', 'Museo Radio']",Torre Lamberti,strategy_nearest,True,0.0031387805938720703,success
04D6CB429C4C80,0,"['Arena', 'Casa Giulietta']",Torre Lamberti,"['Sighseeing', 'Centro Fotografia', 'Museo Conte', 'Palazzo della Ragione', 'AMO']",Teatro Romano,strategy_nearest,False,0.0024290084838867188,success
04D6EE3A9C4C80,1,"['Castelvecchio', 'Museo Lapidario', 'Arena']",Tomba Giulietta,"['San Fermo', 'Museo Storia', 'Museo Radio', 'Verona Tour', 'Casa Giulietta']",Santa Anastasia,strategy_nearest,False,0.002134084701538086,success
04D7083A9C4C84,1,"['Arena', 'Casa Giulietta']",Palazzo della Ragione,"['AMO', 'Museo Conte', 'Torre Lamberti', 'Centro Fotografia', 'Sighseeing']",Torre Lamberti,strategy_nearest,True,0.0027408599853515625,success
04D71B3A9C4C84,0,['Arena'],Museo Lapidario,"['Verona Tour', 'Castelvecchio', 'Museo Radio', 'San Fermo', 'Casa Giulietta']",Casa Giulietta,strategy_nearest,True,0.0032701492309570312,success
04D71E429C4C80,0,"['Duomo', 'Torre Lamberti']",Casa Giulietta,"['Centro Fotografia', 'Sighseeing', 'Museo Conte', 'Museo Radio', 'Palazzo della Ragione']",Arena,strategy_nearest,False,0.0027990341186523438,success
04D7203A9C4C84,0,['Arena'],Casa Giulietta,"['Centro Fotografia', 'Sighseeing', 'Torre Lamberti', 'Museo Conte', 'Museo Radio']",Castelvecchio,strategy_nearest,False,0.002902984619140625,success
04D71D3A9C4C84,3,"['Arena', 'Casa Giulietta']",Torre Lamberti,"['Sighseeing', 'Centro Fotografia', 'Museo Conte', 'Palazzo della Ragione', 'AMO']",Santa Anastasia,strategy_nearest,False,0.0028998851776123047,success
04D7243A9C4C84,3,"['Casa Giulietta', 'Torre Lamberti']",Duomo,"['AMO', 'Museo Miniscalchi', 'Santa Anastasia', 'Teatro Romano', 'Palazzo della Ragione']",Teatro Romano,strategy_nearest,True,0.003467082977294922,success
04D732BA7B3F80,3,"['Duomo', 'Santa Anastasia', 'Arena']",Castelvecchio,"['Museo Lapidario', 'Verona Tour', 'Museo Radio', 'San Zeno', 'Sighseeing']",Casa Giulietta,strategy_nearest,False,0.0026140213012695312,success
04D73A3A9C4C80,1,"['Arena', 'Museo Lapidario']",Castelvecchio,"['Verona Tour', 'Museo Radio', 'San Zeno', 'Sighseeing', 'Museo Miniscalchi']",Palazzo della Ragione,strategy_nearest,False,0.0019121170043945312,success
04D7373A9C4C80,0,['Arena'],Casa Giulietta,"['Centro Fotografia', 'Sighseeing', 'Torre Lamberti', 'Museo Conte', 'Museo Radio']",Torre Lamberti,strategy_nearest,True,0.0025877952575683594,success
04D73A429C4C80,1,"['Arena', 'Tomba Giulietta', 'Castelvecchio']",Duomo,"['AMO', 'Museo Miniscalchi', 'Santa Anastasia', 'Teatro Romano', 'Palazzo della Ragione']",Palazzo della Ragione,strategy_nearest,True,0.0039370059967041016,success
04D73ABA7B3F80,0,"['Arena', 'Torre Lamberti']",Casa Giulietta,"['Centro Fotografia', 'Sighseeing', 'Museo Conte', 'Museo Radio', 'Palazzo della Ragione']",Arena,strategy_nearest,False,0.0040819644927978516,success
04D73BBA7B3F80,1,"['Teatro Romano', 'Torre Lamberti', 'Palazzo della Ragione']",Arena,"['Verona Tour', 'Museo Lapidario', 'Museo Radio', 'San Fermo', 'Casa Giulietta']",Casa Giulietta,strategy_nearest,True,0.003283977508544922,success
04D73DBA7B3F80,1,"['Arena', 'Torre Lamberti', 'Palazzo della Ragione']",Duomo,"['AMO', 'Museo Miniscalchi', 'Santa Anastasia', 'Teatro Romano', 'Museo Conte']",Teatro Romano,strategy_nearest,True,0.004548072814941406,success
04D74C3A9C4C80,3,['Arena'],Casa Giulietta,"['Centro Fotografia', 'Sighseeing', 'Torre Lamberti', 'Museo Conte', 'Museo Radio']",Torre Lamberti,strategy_nearest,True,0.0027709007263183594,success
04D745BA7B3F80,1,"['Teatro Romano', 'Torre Lamberti', 'Palazzo della Ragione']",Arena,"['Verona Tour', 'Museo Lapidario', 'Museo Radio', 'San Fermo', 'Casa Giulietta']",Casa Giulietta,strategy_nearest,True,0.0022878646850585938,success
04D746BA7B3F80,1,"['Duomo', 'Arena']",Casa Giulietta,"['Centro Fotografia', 'Sighseeing', 'Torre Lamberti', 'Museo Conte', 'Museo Radio']",Teatro Romano,strategy_nearest,False,0.0023279190063476562,success
04D75EBA7B3F80,3,"['Santa Anastasia', 'Torre Lamberti']",Casa Giulietta,"['Centro Fotografia', 'Sighseeing', 'Museo Conte', 'Museo Radio', 'Palazzo della Ragione']",Arena,strategy_nearest,False,0.0020568370819091797,success
04D752BA7B3F80,2,"['San Zeno', 'Torre Lamberti']",Palazzo della Ragione,"['AMO', 'Museo Conte', 'Centro Fotografia', 'Sighseeing', 'Santa Anastasia']",Teatro Romano,strategy_nearest,False,0.0021817684173583984,success
04D76BBA7B3F80,1,"['Torre Lamberti', 'Castelvecchio', 'Arena', 'Museo Lapidario', 'Casa Giulietta']",Museo Storia,"['San Fermo', 'Museo Radio', 'Centro Fotografia', 'Tomba Giulietta', 'Sighseeing']",Tomba Giulietta,strategy_nearest,True,0.002682209014892578,success
04D7713A9C4C80,0,['Arena'],Casa Giulietta,"['Centro Fotografia', 'Sighseeing', 'Torre Lamberti', 'Museo Conte', 'Museo Radio']",Torre Lamberti,strategy_nearest,True,0.0031991004943847656,success
04D778BA7B3F80,1,"['Castelvecchio', 'Arena', 'Museo Lapidario']",Casa Giulietta,"['Centro Fotografia', 'Sighseeing', 'Torre Lamberti', 'Museo Conte', 'Museo Radio']",Museo Storia,strategy_nearest,False,0.0028574466705322266,success
04D77C4A9C4C80,0,['Arena'],Casa Giulietta,"['Centro Fotografia', 'Sighseeing', 'Torre Lamberti', 'Museo Conte', 'Museo Radio']",Teatro Romano,strategy_nearest,False,0.003331899642944336,success
04D77D3A9C4C80,3,"['Castelvecchio', 'San Zeno']",Santa Anastasia,"['AMO', 'Museo Conte', 'Palazzo della Ragione', 'Teatro Romano', 'Centro Fotografia']",Arena,strategy_nearest,False,0.002701997756958008,success
04D777BA7B3F80,1,"['Tomba Giulietta', 'Arena', 'Castelvecchio', 'Torre Lamberti']",Casa Giulietta,"['Centro Fotografia', 'Sighseeing', 'Museo Conte', 'Museo Radio', 'Palazzo della Ragione']",Museo Lapidario,strategy_nearest,False,0.003074169158935547,success
04D783429C4C80,0,"['Casa Giulietta', 'Arena']",Castelvecchio,"['Museo Lapidario', 'Verona Tour', 'Museo Radio', 'San Zeno', 'Sighseeing']",Duomo,strategy_nearest,False,0.001753091812133789,success
04D78B429C4C80,1,"['Arena', 'Casa Giulietta']",Torre Lamberti,"['Sighseeing', 'Centro Fotografia', 'Museo Conte', 'Palazzo della Ragione', 'AMO']",Palazzo della Ragione,strategy_nearest,True,0.0019559860229492188,success
04D783BA7B3F80,3,"['Arena', 'Museo Lapidario']",Santa Anastasia,"['AMO', 'Museo Conte', 'Palazzo della Ragione', 'Teatro Romano', 'Centro Fotografia']",Torre Lamberti,strategy_nearest,False,0.0036630630493164062,success
04D784BA7B3F80,3,"['Santa Anastasia', 'Torre Lamberti']",Casa Giulietta,"['Centro Fotografia', 'Sighseeing', 'Museo Conte', 'Museo Radio', 'Palazzo della Ragione']",Arena,strategy_nearest,False,0.002946138381958008,success
04D78F3A9C4C80,0,['Arena'],Torre Lamberti,"['Sighseeing', 'Centro Fotografia', 'Museo Conte', 'Casa Giulietta', 'Palazzo della Ragione']",Casa Giulietta,strategy_nearest,True,0.0038080215454101562,success
04D78FBA7B3F80,3,"['Arena', 'Museo Lapidario']",Santa Anastasia,"['AMO', 'Museo Conte', 'Palazzo della Ragione', 'Teatro Romano', 'Centro Fotografia']",Torre Lamberti,strategy_nearest,False,0.0030438899993896484,success
04D7954A9C4C80,3,"['Arena', 'Casa Giulietta', 'San Fermo']",Tomba Giulietta,"['Museo Storia', 'Museo Lapidario', 'Museo Radio', 'Verona Tour', 'Castelvecchio']",Teatro Romano,strategy_nearest,False,0.0028998851776123047,success
04D7A4429C4C80,1,"['Arena', 'Torre Lamberti']",Palazzo della Ragione,"['AMO', 'Museo Conte', 'Centro Fotografia', 'Sighseeing', 'Santa Anastasia']",Casa Giulietta,strategy_nearest,False,0.0023949146270751953,success
04D7A572743380,3,"['Torre Lamberti', 'Arena']",Castelvecchio,"['Museo Lapidario', 'Verona Tour', 'Museo Radio', 'San Zeno', 'Sighseeing']",Santa Anastasia,strategy_nearest,False,0.0031349658966064453,success
04D7A472743380,1,"['Arena', 'Santa Anastasia', 'Teatro Romano', 'Casa Giulietta']",San Zeno,"['Castelvecchio', 'Verona Tour', 'Museo Lapidario', 'Museo Miniscalchi', 'Sighseeing']",Duomo,strategy_nearest,False,0.0027849674224853516,success
04D79BBA7B3F80,3,"['Duomo', 'Santa Anastasia']",Casa Giulietta,"['Centro Fotografia', 'Sighseeing', 'Torre Lamberti', 'Museo Conte', 'Museo Radio']",Arena,strategy_nearest,False,0.004144906997680664,success
04D7A772743380,1,['Arena'],Torre Lamberti,"['Sighseeing', 'Centro Fotografia', 'Museo Conte', 'Casa Giulietta', 'Palazzo della Ragione']",Palazzo della Ragione,strategy_nearest,True,0.002835988998413086,success
04D7A93A9C4C80,1,"['Arena', 'Torre Lamberti']",Palazzo della Ragione,"['AMO', 'Museo Conte', 'Centro Fotografia', 'Sighseeing', 'Santa Anastasia']",Casa Giulietta,strategy_nearest,False,0.0021598339080810547,success
04D7AC429C4C80,0,['Arena'],Casa Giulietta,"['Centro Fotografia', 'Sighseeing', 'Torre Lamberti', 'Museo Conte', 'Museo Radio']",Torre Lamberti,strategy_nearest,True,0.003147125244140625,success
04D7AD429C4C80,0,['Arena'],Casa Giulietta,"['Centro Fotografia', 'Sighseeing', 'Torre Lamberti', 'Museo Conte', 'Museo Radio']",Tomba Giulietta,strategy_nearest,False,0.0037050247192382812,success
04D7AE429C4C80,0,['Arena'],Casa Giulietta,"['Centro Fotografia', 'Sighseeing', 'Torre Lamberti', 'Museo Conte', 'Museo Radio']",Torre Lamberti,strategy_nearest,True,0.002536773681640625,success
04D7B7429C4C80,0,['Arena'],Casa Giulietta,"['Centro Fotografia', 'Sighseeing', 'Torre Lamberti', 'Museo Conte', 'Museo Radio']",Castelvecchio,strategy_nearest,False,0.002619028091430664,success
04D7B93A9C4C80,1,"['San Fermo', 'Casa Giulietta', 'Torre Lamberti', 'Palazzo della Ragione', 'Castelvecchio']",Arena,"['Verona Tour', 'Museo Lapidario', 'Museo Radio', 'Sighseeing', 'Centro Fotografia']",Casa Giulietta,strategy_nearest,False,0.002669095993041992,success
04D7BF429C4C80,0,"['Casa Giulietta', 'Arena']",Tomba Giulietta,"['San Fermo', 'Museo Storia', 'Museo Lapidario', 'Museo Radio', 'Verona Tour']",Castelvecchio,strategy_nearest,False,0.0027132034301757812,success
04D7C53A9C4C80,0,['Tomba Giulietta'],Arena,"['Verona Tour', 'Museo Lapidario', 'Museo Radio', 'San Fermo', 'Casa Giulietta']",Castelvecchio,strategy_nearest,False,0.003348827362060547,success
04D7C13A9C4C80,3,"['Casa Giulietta', 'Torre Lamberti', 'Santa Anastasia']",Duomo,"['AMO', 'Museo Miniscalchi', 'Teatro Romano', 'Palazzo della Ragione', 'Museo Conte']",Teatro Romano,strategy_nearest,True,0.003667116165161133,success
04D7C8429C4C80,1,"['Arena', 'Museo Lapidario']",Casa Giulietta,"['Centro Fotografia', 'Sighseeing', 'Torre Lamberti', 'Museo Conte', 'Museo Radio']",Palazzo della Ragione,strategy_nearest,False,0.0021750926971435547,success
04D7C73A9C4C80,0,['Arena'],Casa Giulietta,"['Centro Fotografia', 'Sighseeing', 'Torre Lamberti', 'Museo Conte', 'Museo Radio']",Castelvecchio,strategy_nearest,False,0.0037419795989990234,success
04D7DC3A9C4C80,1,"['Arena', 'Torre Lamberti']",Casa Giulietta,"['Centro Fotografia', 'Sighseeing', 'Museo Conte', 'Museo Radio', 'Palazzo della Ragione']",Palazzo della Ragione,strategy_nearest,True,0.0027899742126464844,success
04D7EC3A9C4C80,0,['Arena'],Casa Giulietta,"['Centro Fotografia', 'Sighseeing', 'Torre Lamberti', 'Museo Conte', 'Museo Radio']",Teatro Romano,strategy_nearest,False,0.003100156784057617,success
04D7FA3A9C4C80,1,"['Arena', 'Casa Giulietta', 'Palazzo della Ragione']",Torre Lamberti,"['Sighseeing', 'Centro Fotografia', 'Museo Conte', 'AMO', 'Museo Miniscalchi']",Arena,strategy_nearest,False,0.0014171600341796875,success
04D7EE3A9C4C80,3,"['Arena', 'Casa Giulietta']",Torre Lamberti,"['Sighseeing', 'Centro Fotografia', 'Museo Conte', 'Palazzo della Ragione', 'AMO']",Santa Anastasia,strategy_nearest,False,0.0034399032592773438,success
04D7EE429C4C80,0,"['Arena', 'Torre Lamberti', 'Giardino Giusti']",Casa Giulietta,"['Centro Fotografia', 'Sighseeing', 'Museo Conte', 'Museo Radio', 'Palazzo della Ragione']",Castelvecchio,strategy_nearest,False,0.002730846405029297,success
04D812BA7B3F80,3,"['Arena', 'Torre Lamberti', 'Casa Giulietta']",San Fermo,"['Museo Storia', 'Museo Radio', 'Centro Fotografia', 'Sighseeing', 'Museo Conte']",Giardino Giusti,strategy_nearest,False,0.0032198429107666016,success
04D8173A9C4C84,3,"['Teatro Romano', 'Torre Lamberti', 'Casa Giulietta']",Arena,"['Verona Tour', 'Museo Lapidario', 'Museo Radio', 'San Fermo', 'Sighseeing']",Tomba Giulietta,strategy_nearest,False,0.002627134323120117,success
04D815429C4C80,3,['Arena'],Castelvecchio,"['Museo Lapidario', 'Verona Tour', 'Museo Radio', 'San Zeno', 'Sighseeing']",Duomo,strategy_nearest,False,0.0018839836120605469,success
04D8194A9C4C80,1,"['Arena', 'Tomba Giulietta', 'San Fermo', 'Torre Lamberti']",Palazzo della Ragione,"['AMO', 'Museo Conte', 'Centro Fotografia', 'Sighseeing', 'Santa Anastasia']",Casa Giulietta,strategy_nearest,False,0.003075838088989258,success
04D831429C4C80,0,['Arena'],Torre Lamberti,"['Sighseeing', 'Centro Fotografia', 'Museo Conte', 'Casa Giulietta', 'Palazzo della Ragione']",Castelvecchio,strategy_nearest,False,0.0027379989624023438,success
04D8263A9C4C84,2,['Casa Giulietta'],Santa Anastasia,"['AMO', 'Museo Conte', 'Palazzo della Ragione', 'Teatro Romano', 'Centro Fotografia']",Duomo,strategy_nearest,False,0.002023935317993164,success
04D81B3A9C4C84,0,['Arena'],Torre Lamberti,"['Sighseeing', 'Centro Fotografia', 'Museo Conte', 'Casa Giulietta', 'Palazzo della Ragione']",Casa Giulietta,strategy_nearest,True,0.0027298927307128906,success
04D8353A9C4C80,3,['San Zeno'],Arena,"['Verona Tour', 'Museo Lapidario', 'Museo Radio', 'San Fermo', 'Casa Giulietta']",Torre Lamberti,strategy_nearest,False,0.0029439926147460938,success
04D87C429C4C80,1,"['Torre Lamberti', 'Palazzo della Ragione']",Arena,"['Verona Tour', 'Museo Lapidario', 'Museo Radio', 'San Fermo', 'Casa Giulietta']",Casa Giulietta,strategy_nearest,True,0.002930879592895508,success
04D835429C4C80,0,['Arena'],Casa Giulietta,"['Centro Fotografia', 'Sighseeing', 'Torre Lamberti', 'Museo Conte', 'Museo Radio']",Torre Lamberti,strategy_nearest,True,0.003598928451538086,success
04D87A3A9C4C80,1,['Arena'],Casa Giulietta,"['Centro Fotografia', 'Sighseeing', 'Torre Lamberti', 'Museo Conte', 'Museo Radio']",Palazzo della Ragione,strategy_nearest,False,0.002892732620239258,success
04D87F3A9C4C80,0,['Casa Giulietta'],Arena,"['Verona Tour', 'Museo Lapidario', 'Museo Radio', 'San Fermo', 'Sighseeing']",Castelvecchio,strategy_nearest,False,0.0022339820861816406,success
04D87F429C4C80,1,"['Arena', 'Casa Giulietta', 'San Fermo']",Torre Lamberti,"['Sighseeing', 'Centro Fotografia', 'Museo Conte', 'Palazzo della Ragione', 'AMO']",Palazzo della Ragione,strategy_nearest,True,0.002832174301147461,success
04D8813A9C4C80,2,['Casa Giulietta'],Santa Anastasia,"['AMO', 'Museo Conte', 'Palazzo della Ragione', 'Teatro Romano', 'Centro Fotografia']",Duomo,strategy_nearest,False,0.002835988998413086,success
04D87E4A9C4C80,1,"['Arena', 'Giardino Giusti']",Palazzo della Ragione,"['AMO', 'Museo Conte', 'Torre Lamberti', 'Centro Fotografia', 'Sighseeing']",Torre Lamberti,strategy_nearest,True,0.0037987232208251953,success
04D88B429C4C80,2,['Torre Lamberti'],Casa Giulietta,"['Centro Fotografia', 'Sighseeing', 'Museo Conte', 'Museo Radio', 'Palazzo della Ragione']",Santa Anastasia,strategy_nearest,False,0.0028510093688964844,success
04D8843A9C4C80,1,['Arena'],Casa Giulietta,"['Centro Fotografia', 'Sighseeing', 'Torre Lamberti', 'Museo Conte', 'Museo Radio']",Torre Lamberti,strategy_nearest,True,0.002138853073120117,success
04D88E3A9C4C80,0,['Arena'],Casa Giulietta,"['Centro Fotografia', 'Sighseeing', 'Torre Lamberti', 'Museo Conte', 'Museo Radio']",Torre Lamberti,strategy_nearest,True,0.0031070709228515625,success
04D88A429C4C80,1,"['Castelvecchio', 'Arena']",Casa Giulietta,"['Centro Fotografia', 'Sighseeing', 'Torre Lamberti', 'Museo Conte', 'Museo Radio']",Torre Lamberti,strategy_nearest,True,0.0023789405822753906,success
04D8A83A9C4C80,0,['Arena'],Casa Giulietta,"['Centro Fotografia', 'Sighseeing', 'Torre Lamberti', 'Museo Conte', 'Museo Radio']",Teatro Romano,strategy_nearest,False,0.0018239021301269531,success
04D8AF3A9C4C80,3,"['Arena', 'Casa Giulietta', 'Castelvecchio']",Santa Anastasia,"['AMO', 'Museo Conte', 'Palazzo della Ragione', 'Teatro Romano', 'Centro Fotografia']",Tomba Giulietta,strategy_nearest,False,0.002502918243408203,success
04D8C1429C4C80,3,"['Arena', 'Casa Giulietta']",Torre Lamberti,"['Sighseeing', 'Centro Fotografia', 'Museo Conte', 'Palazzo della Ragione', 'AMO']",Santa Anastasia,strategy_nearest,False,0.002093076705932617,success
04D8B1429C4C80,0,['Arena'],Casa Giulietta,"['Centro Fotografia', 'Sighseeing', 'Torre Lamberti', 'Museo Conte', 'Museo Radio']",Tomba Giulietta,strategy_nearest,False,0.0036287307739257812,success
04D8CA429C4C80,3,"['Arena', 'Castelvecchio']",Torre Lamberti,"['Sighseeing', 'Centro Fotografia', 'Museo Conte', 'Casa Giulietta', 'Palazzo della Ragione']",Teatro Romano,strategy_nearest,False,0.003679037094116211,success
04D8CF3A9C4C80,3,"['Castelvecchio', 'Arena']",Casa Giulietta,"['Centro Fotografia', 'Sighseeing', 'Torre Lamberti', 'Museo Conte', 'Museo Radio']",Torre Lamberti,strategy_nearest,True,0.002521038055419922,success
04D8F63A9C4C80,0,['Arena'],Casa Giulietta,"['Centro Fotografia', 'Sighseeing', 'Torre Lamberti', 'Museo Conte', 'Museo Radio']",Tomba Giulietta,strategy_nearest,False,0.005246877670288086,success
04D8EB3A9C4C80,3,"['Arena', 'Casa Giulietta']",Torre Lamberti,"['Sighseeing', 'Centro Fotografia', 'Museo Conte', 'Palazzo della Ragione', 'AMO']",Santa Anastasia,strategy_nearest,False,0.003659963607788086,success
04D9073A9C4C84,0,['Castelvecchio'],Arena,"['Verona Tour', 'Museo Lapidario', 'Museo Radio', 'San Fermo', 'Casa Giulietta']",Casa Giulietta,strategy_nearest,True,0.003674745559692383,success
04D90A3A9C4C84,0,['Castelvecchio'],Torre Lamberti,"['Sighseeing', 'Centro Fotografia', 'Museo Conte', 'Casa Giulietta', 'Palazzo della Ragione']",Casa Giulietta,strategy_nearest,True,0.0048236846923828125,success
04D90E3A9C4C84,0,['Arena'],Casa Giulietta,"['Centro Fotografia', 'Sighseeing', 'Torre Lamberti', 'Museo Conte', 'Museo Radio']",Giardino Giusti,strategy_nearest,False,0.0015408992767333984,success
04D9133A9C4C84,1,"['Arena', 'San Fermo']",Torre Lamberti,"['Sighseeing', 'Centro Fotografia', 'Museo Conte', 'Casa Giulietta', 'Palazzo della Ragione']",Palazzo della Ragione,strategy_nearest,True,0.002492189407348633,success
04D91C3A9C4C84,3,['Arena'],Torre Lamberti,"['Sighseeing', 'Centro Fotografia', 'Museo Conte', 'Casa Giulietta', 'Palazzo della Ragione']",San Fermo,strategy_nearest,False,0.003358125686645508,success
04D92EBA7B3F80,1,"['Castelvecchio', 'Arena', 'Museo Lapidario', 'San Zeno', 'Santa Anastasia']",Torre Lamberti,"['Sighseeing', 'Centro Fotografia', 'Museo Conte', 'Casa Giulietta', 'Palazzo della Ragione']",Palazzo della Ragione,strategy_nearest,True,0.002299070358276367,success
04D921BA7B3F84,0,['Castelvecchio'],Casa Giulietta,"['Centro Fotografia', 'Sighseeing', 'Torre Lamberti', 'Museo Conte', 'Museo Radio']",Arena,strategy_nearest,False,0.002821207046508789,success
04D93B429C4C80,3,"['Torre Lamberti', 'Santa Anastasia']",Duomo,"['AMO', 'Museo Miniscalchi', 'Teatro Romano', 'Palazzo della Ragione', 'Museo Conte']",Casa Giulietta,strategy_nearest,False,0.001886129379272461,success
04D97D4A9C4C80,1,['Arena'],Torre Lamberti,"['Sighseeing', 'Centro Fotografia', 'Museo Conte', 'Casa Giulietta', 'Palazzo della Ragione']",Palazzo della Ragione,strategy_nearest,True,0.002825021743774414,success
04D9793A9C4C80,3,"['Arena', 'Casa Giulietta', 'Torre Lamberti']",Santa Anastasia,"['AMO', 'Museo Conte', 'Palazzo della Ragione', 'Teatro Romano', 'Centro Fotografia']",Duomo,strategy_nearest,False,0.0028929710388183594,success
04D97E4A9C4C80,1,"['Arena', 'Giardino Giusti']",Palazzo della Ragione,"['AMO', 'Museo Conte', 'Torre Lamberti', 'Centro Fotografia', 'Sighseeing']",Torre Lamberti,strategy_nearest,True,0.003300189971923828,success
04D9863A9C4C80,0,['Tomba Giulietta'],Arena,"['Verona Tour', 'Museo Lapidario', 'Museo Radio', 'San Fermo', 'Casa Giulietta']",Casa Giulietta,strategy_nearest,True,0.0029947757720947266,success
04D9864A9C4C80,0,['Arena'],Casa Giulietta,"['Centro Fotografia', 'Sighseeing', 'Torre Lamberti', 'Museo Conte', 'Museo Radio']",Santa Anastasia,strategy_nearest,False,0.002279996871948242,success
04D988429C4C80,0,['Arena'],Casa Giulietta,"['Centro Fotografia', 'Sighseeing', 'Torre Lamberti', 'Museo Conte', 'Museo Radio']",Torre Lamberti,strategy_nearest,True,0.0027942657470703125,success
04D98A4A9C4C80,2,['Torre Lamberti'],Casa Giulietta,"['Centro Fotografia', 'Sighseeing', 'Museo Conte', 'Museo Radio', 'Palazzo della Ragione']",Santa Anastasia,strategy_nearest,False,0.0030820369720458984,success
04D98B4A9C4C80,1,"['Santa Anastasia', 'Teatro Romano', 'Arena']",Torre Lamberti,"['Sighseeing', 'Centro Fotografia', 'Museo Conte', 'Casa Giulietta', 'Palazzo della Ragione']",Palazzo della Ragione,strategy_nearest,True,0.0017101764678955078,success
04D98F429C4C80,3,"['Arena', 'Castelvecchio']",Santa Anastasia,"['AMO', 'Museo Conte', 'Palazzo della Ragione', 'Teatro Romano', 'Centro Fotografia']",Teatro Romano,strategy_nearest,True,0.003248929977416992,success
04D98E3A9C4C80,3,"['Casa Giulietta', 'Casa Giulietta']",Santa Anastasia,"['AMO', 'Museo Conte', 'Palazzo della Ragione', 'Teatro Romano', 'Centro Fotografia']",Teatro Romano,strategy_nearest,True,0.002306222915649414,success
04D98B3A9C4C80,3,['Arena'],Casa Giulietta,"['Centro Fotografia', 'Sighseeing', 'Torre Lamberti', 'Museo Conte', 'Museo Radio']",Torre Lamberti,strategy_nearest,True,0.0030727386474609375,success
04D992429C4C80,0,"['Arena', 'Torre Lamberti']",Teatro Romano,"['Santa Anastasia', 'Duomo', 'AMO', 'Palazzo della Ragione', 'Museo Conte']",Tomba Giulietta,strategy_nearest,False,0.0015659332275390625,success
04D990429C4C80,1,"['Arena', 'Casa Giulietta']",Torre Lamberti,"['Sighseeing', 'Centro Fotografia', 'Museo Conte', 'Palazzo della Ragione', 'AMO']",Palazzo della Ragione,strategy_nearest,True,0.0030930042266845703,success
04D99A4A9C4C80,1,"['Arena', 'San Fermo']",Casa Giulietta,"['Centro Fotografia', 'Sighseeing', 'Torre Lamberti', 'Museo Conte', 'Museo Radio']",Palazzo della Ragione,strategy_nearest,False,0.002134084701538086,success
04D9A672743380,3,"['Arena', 'San Fermo']",Santa Anastasia,"['AMO', 'Museo Conte', 'Palazzo della Ragione', 'Teatro Romano', 'Centro Fotografia']",Torre Lamberti,strategy_nearest,False,0.0031130313873291016,success
04D9A772743380,0,['Arena'],San Zeno,"['Castelvecchio', 'Verona Tour', 'Museo Lapidario', 'Museo Miniscalchi', 'Sighseeing']",Casa Giulietta,strategy_nearest,False,0.0017080307006835938,success
04D9AE3A9C4C80,2,['Castelvecchio'],Casa Giulietta,"['Centro Fotografia', 'Sighseeing', 'Torre Lamberti', 'Museo Conte', 'Museo Radio']",Teatro Romano,strategy_nearest,False,0.002145051956176758,success
04D9B1429C4C80,1,"['Arena', 'Casa Giulietta']",Palazzo della Ragione,"['AMO', 'Museo Conte', 'Torre Lamberti', 'Centro Fotografia', 'Sighseeing']",Torre Lamberti,strategy_nearest,True,0.002850055694580078,success
04D9B9429C4C80,0,['Arena'],Casa Giulietta,"['Centro Fotografia', 'Sighseeing', 'Torre Lamberti', 'Museo Conte', 'Museo Radio']",Santa Anastasia,strategy_nearest,False,0.003350973129272461,success
04D9C0429C4C80,3,"['Santa Anastasia', 'Duomo', 'Torre Lamberti']",Casa Giulietta,"['Centro Fotografia', 'Sighseeing', 'Museo Conte', 'Museo Radio', 'Palazzo della Ragione']",San Fermo,strategy_nearest,False,0.0013959407806396484,success
04D9BF429C4C80,3,['Arena'],Casa Giulietta,"['Centro Fotografia', 'Sighseeing', 'Torre Lamberti', 'Museo Conte', 'Museo Radio']",Santa Anastasia,strategy_nearest,False,0.0036580562591552734,success
04D9C1BA7B3F80,1,"['Castelvecchio', 'Arena', 'Museo Lapidario', 'San Zeno', 'Santa Anastasia']",Torre Lamberti,"['Sighseeing', 'Centro Fotografia', 'Museo Conte', 'Casa Giulietta', 'Palazzo della Ragione']",Palazzo della Ragione,strategy_nearest,True,0.0020470619201660156,success
04D9C93A9C4C80,0,['Arena'],Museo Lapidario,"['Verona Tour', 'Castelvecchio', 'Museo Radio', 'San Fermo', 'Casa Giulietta']",Castelvecchio,strategy_nearest,True,0.002667665481567383,success
04D9C1429C4C80,0,['Arena'],Casa Giulietta,"['Centro Fotografia', 'Sighseeing', 'Torre Lamberti', 'Museo Conte', 'Museo Radio']",Teatro Romano,strategy_nearest,False,0.0034711360931396484,success
04D9E73A9C4C80,3,"['Arena', 'Casa Giulietta', 'Torre Lamberti']",Santa Anastasia,"['AMO', 'Museo Conte', 'Palazzo della Ragione', 'Teatro Romano', 'Centro Fotografia']",Duomo,strategy_nearest,False,0.003362894058227539,success
04D9ED3A9C4C80,3,"['Castelvecchio', 'Arena']",Casa Giulietta,"['Centro Fotografia', 'Sighseeing', 'Torre Lamberti', 'Museo Conte', 'Museo Radio']",Torre Lamberti,strategy_nearest,True,0.0031468868255615234,success
04DA063A9C4C84,3,"['Arena', 'Casa Giulietta', 'Santa Anastasia']",Duomo,"['AMO', 'Museo Miniscalchi', 'Teatro Romano', 'Palazzo della Ragione', 'Museo Conte']",Teatro Romano,strategy_nearest,True,0.0024230480194091797,success
04D9F53A9C4C80,0,"['Teatro Romano', 'Torre Lamberti']",Casa Giulietta,"['Centro Fotografia', 'Sighseeing', 'Museo Conte', 'Museo Radio', 'Palazzo della Ragione']",Arena,strategy_nearest,False,0.0021970272064208984,success
04DA143A9C4C84,0,"['Arena', 'San Zeno']",Teatro Romano,"['Santa Anastasia', 'Duomo', 'AMO', 'Palazzo della Ragione', 'Museo Conte']",Torre Lamberti,strategy_nearest,False,0.0027670860290527344,success
04DA14BA7B3F80,1,"['Arena', 'Castelvecchio']",Casa Giulietta,"['Centro Fotografia', 'Sighseeing', 'Torre Lamberti', 'Museo Conte', 'Museo Radio']",Teatro Romano,strategy_nearest,False,0.002792835235595703,success
04DA083A9C4C84,1,"['Arena', 'Torre Lamberti', 'Palazzo della Ragione']",Casa Giulietta,"['Centro Fotografia', 'Sighseeing', 'Museo Conte', 'Museo Radio', 'San Fermo']",Santa Anastasia,strategy_nearest,False,0.0023941993713378906,success
04DA1E3A9C4C84,1,"['Torre Lamberti', 'Palazzo della Ragione', 'Arena']",Casa Giulietta,"['Centro Fotografia', 'Sighseeing', 'Museo Conte', 'Museo Radio', 'San Fermo']",Duomo,strategy_nearest,False,0.0019059181213378906,success
04DA19BA7B3F80,3,"['Arena', 'Casa Giulietta']",Castelvecchio,"['Museo Lapidario', 'Verona Tour', 'Museo Radio', 'San Zeno', 'Sighseeing']",Duomo,strategy_nearest,False,0.0034079551696777344,success
04DA20BA7B3F80,3,"['Torre Lamberti', 'Santa Anastasia', 'Duomo', 'Arena', 'Casa Giulietta']",Tomba Giulietta,"['San Fermo', 'Museo Storia', 'Museo Lapidario', 'Museo Radio', 'Verona Tour']",San Fermo,strategy_nearest,True,0.003062009811401367,success
04DA1D3A9C4C84,1,"['Arena', 'Casa Giulietta']",Torre Lamberti,"['Sighseeing', 'Centro Fotografia', 'Museo Conte', 'Palazzo della Ragione', 'AMO']",Palazzo della Ragione,strategy_nearest,True,0.004988193511962891,success
04DA25BA7B3F80,3,"['Arena', 'Santa Anastasia', 'Torre Lamberti']",Casa Giulietta,"['Centro Fotografia', 'Sighseeing', 'Museo Conte', 'Museo Radio', 'Palazzo della Ragione']",San Fermo,strategy_nearest,False,0.002403736114501953,success
04DA31BA7B3F80,3,"['Arena', 'Santa Anastasia', 'Torre Lamberti']",Casa Giulietta,"['Centro Fotografia', 'Sighseeing', 'Museo Conte', 'Museo Radio', 'Palazzo della Ragione']",San Fermo,strategy_nearest,False,0.001577138900756836,success
04DA383A9C4C80,0,['Arena'],Torre Lamberti,"['Sighseeing', 'Centro Fotografia', 'Museo Conte', 'Casa Giulietta', 'Palazzo della Ragione']",Casa Giulietta,strategy_nearest,True,0.0030121803283691406,success
04DA38BA7B3F80,1,"['Castelvecchio', 'Arena']",Casa Giulietta,"['Centro Fotografia', 'Sighseeing', 'Torre Lamberti', 'Museo Conte', 'Museo Radio']",Palazzo della Ragione,strategy_nearest,False,0.0033731460571289062,success
04DA393A9C4C80,0,['Arena'],Casa Giulietta,"['Centro Fotografia', 'Sighseeing', 'Torre Lamberti', 'Museo Conte', 'Museo Radio']",Tomba Giulietta,strategy_nearest,False,0.002981901168823242,success
04DA45BA7B3F80,1,"['Santa Anastasia', 'Torre Lamberti', 'Arena']",Arena,"['Verona Tour', 'Museo Lapidario', 'Museo Radio', 'San Fermo', 'Casa Giulietta']",Castelvecchio,strategy_nearest,False,0.0023810863494873047,success
04DA3B429C4C80,1,"['Castelvecchio', 'Arena', 'Tomba Giulietta']",Palazzo della Ragione,"['AMO', 'Museo Conte', 'Torre Lamberti', 'Centro Fotografia', 'Sighseeing']",Casa Giulietta,strategy_nearest,False,0.003136157989501953,success
04DA3EBA7B3F80,1,"['Palazzo della Ragione', 'Torre Lamberti', 'Santa Anastasia']",Duomo,"['AMO', 'Museo Miniscalchi', 'Teatro Romano', 'Museo Conte', 'Centro Fotografia']",Teatro Romano,strategy_nearest,True,0.0030260086059570312,success
04DA4ABA7B3F80,0,['Arena'],Torre Lamberti,"['Sighseeing', 'Centro Fotografia', 'Museo Conte', 'Casa Giulietta', 'Palazzo della Ragione']",Castelvecchio,strategy_nearest,False,0.0021419525146484375,success
04DA4D3A9C4C80,0,"['Arena', 'Museo Lapidario']",Castelvecchio,"['Verona Tour', 'Museo Radio', 'San Zeno', 'Sighseeing', 'Museo Miniscalchi']",Casa Giulietta,strategy_nearest,False,0.001997709274291992,success
04DA5DBA7B3F80,1,"['Tomba Giulietta', 'Arena', 'Castelvecchio', 'Torre Lamberti']",Casa Giulietta,"['Centro Fotografia', 'Sighseeing', 'Museo Conte', 'Museo Radio', 'Palazzo della Ragione']",Museo Lapidario,strategy_nearest,False,0.003323078155517578,success
04DA56BA7B3F80,0,['Arena'],Casa Giulietta,"['Centro Fotografia', 'Sighseeing', 'Torre Lamberti', 'Museo Conte', 'Museo Radio']",Tomba Giulietta,strategy_nearest,False,0.002862215042114258,success
04DA6EBA7B3F80,1,"['Arena', 'Castelvecchio']",Casa Giulietta,"['Centro Fotografia', 'Sighseeing', 'Torre Lamberti', 'Museo Conte', 'Museo Radio']",Teatro Romano,strategy_nearest,False,0.002620220184326172,success
04DA62BA7B3F80,0,['Arena'],Casa Giulietta,"['Centro Fotografia', 'Sighseeing', 'Torre Lamberti', 'Museo Conte', 'Museo Radio']",Tomba Giulietta,strategy_nearest,False,0.0021250247955322266,success
04DA783A9C4C80,3,"['Arena', 'Duomo', 'Teatro Romano']",Tomba Giulietta,"['San Fermo', 'Museo Storia', 'Museo Lapidario', 'Museo Radio', 'Verona Tour']",San Fermo,strategy_nearest,True,0.001984834671020508,success
04DA794A9C4C80,2,"['Castelvecchio', 'Teatro Romano']",Duomo,"['AMO', 'Museo Miniscalchi', 'Santa Anastasia', 'Palazzo della Ragione', 'Museo Conte']",Santa Anastasia,strategy_nearest,True,0.002516031265258789,success
04DA7A429C4C80,0,"['Teatro Romano', 'Giardino Giusti']",Torre Lamberti,"['Sighseeing', 'Centro Fotografia', 'Museo Conte', 'Casa Giulietta', 'Palazzo della Ragione']",Casa Giulietta,strategy_nearest,True,0.002032756805419922,success
04DA7ABA7B3F80,1,"['Arena', 'Castelvecchio']",Casa Giulietta,"['Centro Fotografia', 'Sighseeing', 'Torre Lamberti', 'Museo Conte', 'Museo Radio']",Teatro Romano,strategy_nearest,False,0.002624034881591797,success
04DA7C4A9C4C80,0,['Arena'],Castelvecchio,"['Museo Lapidario', 'Verona Tour', 'Museo Radio', 'San Zeno', 'Sighseeing']",Torre Lamberti,strategy_nearest,False,0.002512216567993164,success
04DA823A9C4C80,3,"['Casa Giulietta', 'Torre Lamberti']",Arena,"['Verona Tour', 'Museo Lapidario', 'Museo Radio', 'San Fermo', 'Sighseeing']",Santa Anastasia,strategy_nearest,False,0.0017778873443603516,success
04DA813A9C4C80,1,"['Palazzo della Ragione', 'Casa Giulietta']",Arena,"['Verona Tour', 'Museo Lapidario', 'Museo Radio', 'San Fermo', 'Sighseeing']",Tomba Giulietta,strategy_nearest,False,0.003500223159790039,success
04DA8B429C4C80,3,"['Teatro Romano', 'Duomo', 'Santa Anastasia']",Torre Lamberti,"['Sighseeing', 'Centro Fotografia', 'Museo Conte', 'Casa Giulietta', 'Palazzo della Ragione']",Arena,strategy_nearest,False,0.0032300949096679688,success
04DA8E4A9C4C80,0,['Arena'],Museo Lapidario,"['Verona Tour', 'Castelvecchio', 'Museo Radio', 'San Fermo', 'Casa Giulietta']",Castelvecchio,strategy_nearest,True,0.003577709197998047,success
04DA8F429C4C80,1,"['Arena', 'Casa Giulietta', 'Torre Lamberti']",Palazzo della Ragione,"['AMO', 'Museo Conte', 'Centro Fotografia', 'Sighseeing', 'Santa Anastasia']",Santa Anastasia,strategy_nearest,True,0.003007173538208008,success
04DA93BA7B3F80,2,"['Casa Giulietta', 'Torre Lamberti']",Palazzo della Ragione,"['AMO', 'Museo Conte', 'Centro Fotografia', 'Sighseeing', 'Santa Anastasia']",Castelvecchio,strategy_nearest,False,0.0027229785919189453,success
04DAA53A9C4C80,0,['Arena'],Casa Giulietta,"['Centro Fotografia', 'Sighseeing', 'Torre Lamberti', 'Museo Conte', 'Museo Radio']",Duomo,strategy_nearest,False,0.0018658638000488281,success
04DAA572743380,3,"['Arena', 'Museo Lapidario', 'Casa Giulietta', 'Torre Lamberti', 'Tomba Giulietta']",Santa Anastasia,"['AMO', 'Museo Conte', 'Palazzo della Ragione', 'Teatro Romano', 'Centro Fotografia']",Duomo,strategy_nearest,False,0.002569913864135742,success
04DAA772743380,3,"['Arena', 'Casa Giulietta']",Torre Lamberti,"['Sighseeing', 'Centro Fotografia', 'Museo Conte', 'Palazzo della Ragione', 'AMO']",Santa Anastasia,strategy_nearest,False,0.0018496513366699219,success
04DAAE429C4C80,3,"['Arena', 'Casa Giulietta']",Santa Anastasia,"['AMO', 'Museo Conte', 'Palazzo della Ragione', 'Teatro Romano', 'Centro Fotografia']",Torre Lamberti,strategy_nearest,False,0.0016529560089111328,success
04DAB7429C4C80,2,"['Castelvecchio', 'Santa Anastasia']",Duomo,"['AMO', 'Museo Miniscalchi', 'Teatro Romano', 'Palazzo della Ragione', 'Museo Conte']",Torre Lamberti,strategy_nearest,False,0.002599000930786133,success
04DAAD429C4C80,3,"['Arena', 'Casa Giulietta']",Santa Anastasia,"['AMO', 'Museo Conte', 'Palazzo della Ragione', 'Teatro Romano', 'Centro Fotografia']",Duomo,strategy_nearest,False,0.005369663238525391,success
04DAC7429C4C80,0,"['Casa Giulietta', 'Arena']",Museo Lapidario,"['Verona Tour', 'Castelvecchio', 'Museo Radio', 'San Fermo', 'Tomba Giulietta']",Tomba Giulietta,strategy_nearest,True,0.0019540786743164062,success
04DAB0429C4C80,1,"['Arena', 'Torre Lamberti']",Palazzo della Ragione,"['AMO', 'Museo Conte', 'Centro Fotografia', 'Sighseeing', 'Santa Anastasia']",Casa Giulietta,strategy_nearest,False,0.002259969711303711,success
04DAC0429C4C80,3,"['Arena', 'Museo Lapidario']",Casa Giulietta,"['Centro Fotografia', 'Sighseeing', 'Torre Lamberti', 'Museo Conte', 'Museo Radio']",Torre Lamberti,strategy_nearest,True,0.0014700889587402344,success
04DABC429C4C80,1,"['Arena', 'Duomo']",Santa Anastasia,"['AMO', 'Museo Conte', 'Palazzo della Ragione', 'Teatro Romano', 'Centro Fotografia']",Palazzo della Ragione,strategy_nearest,True,0.0027649402618408203,success
04DAED3A9C4C80,3,"['Arena', 'Casa Giulietta']",Torre Lamberti,"['Sighseeing', 'Centro Fotografia', 'Museo Conte', 'Palazzo della Ragione', 'AMO']",Santa Anastasia,strategy_nearest,False,0.0012469291687011719,success
04DAE23A9C4C80,1,"['Duomo', 'Teatro Romano']",Arena,"['Verona Tour', 'Museo Lapidario', 'Museo Radio', 'San Fermo', 'Casa Giulietta']",Torre Lamberti,strategy_nearest,False,0.0028429031372070312,success
04DAEF3A9C4C80,3,"['San Fermo', 'Arena', 'Torre Lamberti']",Casa Giulietta,"['Centro Fotografia', 'Sighseeing', 'Museo Conte', 'Museo Radio', 'Palazzo della Ragione']",Santa Anastasia,strategy_nearest,False,0.00273895263671875,success
04DB073A9C4C84,0,['Arena'],Casa Giulietta,"['Centro Fotografia', 'Sighseeing', 'Torre Lamberti', 'Museo Conte', 'Museo Radio']",Castelvecchio,strategy_nearest,False,0.0030851364135742188,success
04DB0E3A9C4C84,0,['Tomba Giulietta'],Castelvecchio,"['Museo Lapidario', 'Verona Tour', 'Arena', 'Museo Radio', 'San Zeno']",Arena,strategy_nearest,True,0.002269744873046875,success
04DB11429C4C84,3,"['Arena', 'Casa Giulietta', 'Santa Anastasia']",Torre Lamberti,"['Sighseeing', 'Centro Fotografia', 'Museo Conte', 'Palazzo della Ragione', 'AMO']",San Fermo,strategy_nearest,False,0.002246856689453125,success
04DB153A9C4C84,3,"['Arena', 'Torre Lamberti']",Casa Giulietta,"['Centro Fotografia', 'Sighseeing', 'Museo Conte', 'Museo Radio', 'Palazzo della Ragione']",Santa Anastasia,strategy_nearest,False,0.002707242965698242,success
04DB103A9C4C84,3,"['Arena', 'Casa Giulietta']",Santa Anastasia,"['AMO', 'Museo Conte', 'Palazzo della Ragione', 'Teatro Romano', 'Centro Fotografia']",Duomo,strategy_nearest,False,0.0033478736877441406,success
04DB17BA7B3F80,0,"['Arena', 'Torre Lamberti']",Casa Giulietta,"['Centro Fotografia', 'Sighseeing', 'Museo Conte', 'Museo Radio', 'Palazzo della Ragione']",Duomo,strategy_nearest,False,0.0024640560150146484,success
04DB184A9C4C80,0,['Casa Giulietta'],Castelvecchio,"['Museo Lapidario', 'Verona Tour', 'Arena', 'Museo Radio', 'San Zeno']",Teatro Romano,strategy_nearest,False,0.002093076705932617,success
04DB233A9C4C84,3,"['Casa Giulietta', 'Torre Lamberti']",Santa Anastasia,"['AMO', 'Museo Conte', 'Palazzo della Ragione', 'Teatro Romano', 'Centro Fotografia']",Duomo,strategy_nearest,False,0.0027320384979248047,success
04DB224A9C4C80,1,"['Arena', 'Casa Giulietta']",Torre Lamberti,"['Sighseeing', 'Centro Fotografia', 'Museo Conte', 'Palazzo della Ragione', 'AMO']",Palazzo della Ragione,strategy_nearest,True,0.0028412342071533203,success
04DB7F3A9C4C80,3,"['Duomo', 'Teatro Romano', 'Casa Giulietta']",Torre Lamberti,"['Sighseeing', 'Centro Fotografia', 'Museo Conte', 'Palazzo della Ragione', 'AMO']",Arena,strategy_nearest,False,0.002229928970336914,success
04DB81429C4C80,2,['Teatro Romano'],San Zeno,"['Castelvecchio', 'Verona Tour', 'Museo Lapidario', 'Arena', 'Museo Miniscalchi']",Castelvecchio,strategy_nearest,True,0.0026450157165527344,success
04DB26BA7B3F84,1,"['Arena', 'Teatro Romano']",Santa Anastasia,"['AMO', 'Museo Conte', 'Palazzo della Ragione', 'Centro Fotografia', 'Duomo']",San Fermo,strategy_nearest,False,0.002312898635864258,success
04DB244A9C4C80,0,['Castelvecchio'],Casa Giulietta,"['Centro Fotografia', 'Sighseeing', 'Torre Lamberti', 'Museo Conte', 'Museo Radio']",Arena,strategy_nearest,False,0.0050618648529052734,success
04DB814A9C4C80,0,['Arena'],Torre Lamberti,"['Sighseeing', 'Centro Fotografia', 'Museo Conte', 'Casa Giulietta', 'Palazzo della Ragione']",Casa Giulietta,strategy_nearest,True,0.0019860267639160156,success
04DB8ABA7B3F80,3,"['Duomo', 'Teatro Romano', 'Museo Lapidario', 'Arena']",Casa Giulietta,"['Centro Fotografia', 'Sighseeing', 'Torre Lamberti', 'Museo Conte', 'Museo Radio']",Torre Lamberti,strategy_nearest,True,0.0026161670684814453,success
04DB97429C4C80,0,"['Arena', 'Casa Giulietta']",Torre Lamberti,"['Sighseeing', 'Centro Fotografia', 'Museo Conte', 'Palazzo della Ragione', 'AMO']",Castelvecchio,strategy_nearest,False,0.0033919811248779297,success
04DBA472743380,3,"['Arena', 'Casa Giulietta', 'Santa Anastasia']",Torre Lamberti,"['Sighseeing', 'Centro Fotografia', 'Museo Conte', 'Palazzo della Ragione', 'AMO']",Tomba Giulietta,strategy_nearest,False,0.0025599002838134766,success
04DBA872743380,1,"['Arena', 'Casa Giulietta', 'Teatro Romano', 'Duomo']",Castelvecchio,"['Museo Lapidario', 'Verona Tour', 'Museo Radio', 'San Zeno', 'Sighseeing']",Tomba Giulietta,strategy_nearest,False,0.0019271373748779297,success
04DBA83A9C4C80,1,"['Arena', 'Casa Giulietta']",Palazzo della Ragione,"['AMO', 'Museo Conte', 'Torre Lamberti', 'Centro Fotografia', 'Sighseeing']",Torre Lamberti,strategy_nearest,True,0.003231048583984375,success
04DBACBA7B3F80,6,"['Castelvecchio', 'Arena', 'Casa Giulietta', 'San Fermo']",Santa Anastasia,"['AMO', 'Museo Conte', 'Palazzo della Ragione', 'Teatro Romano', 'Centro Fotografia']",Verona Tour,strategy_nearest,False,0.0031561851501464844,success
04DBAD3A9C4C80,0,['Castelvecchio'],Casa Giulietta,"['Centro Fotografia', 'Sighseeing', 'Torre Lamberti', 'Museo Conte', 'Museo Radio']",Arena,strategy_nearest,False,0.002518892288208008,success
04DBB4429C4C80,1,"['Arena', 'Casa Giulietta']",Torre Lamberti,"['Sighseeing', 'Centro Fotografia', 'Museo Conte', 'Palazzo della Ragione', 'AMO']",Palazzo della Ragione,strategy_nearest,True,0.002504110336303711,success
04DBB33A9C4C80,0,"['Arena', 'Casa Giulietta']",Torre Lamberti,"['Sighseeing', 'Centro Fotografia', 'Museo Conte', 'Palazzo della Ragione', 'AMO']",Castelvecchio,strategy_nearest,False,0.003284931182861328,success
04DBB8BA7B3F80,1,"['Arena', 'Museo Lapidario', 'Palazzo della Ragione']",Torre Lamberti,"['Sighseeing', 'Centro Fotografia', 'Museo Conte', 'Casa Giulietta', 'AMO']",Casa Giulietta,strategy_nearest,True,0.003595113754272461,success
04DBBE429C4C80,1,"['Casa Giulietta', 'Torre Lamberti', 'Palazzo della Ragione']",Arena,"['Verona Tour', 'Museo Lapidario', 'Museo Radio', 'San Fermo', 'Sighseeing']",Castelvecchio,strategy_nearest,False,0.0027298927307128906,success
04DBC4429C4C80,3,"['Tomba Giulietta', 'Casa Giulietta']",Torre Lamberti,"['Sighseeing', 'Centro Fotografia', 'Museo Conte', 'Palazzo della Ragione', 'AMO']",Santa Anastasia,strategy_nearest,False,0.002897977828979492,success
04DBBABA7B3F80,3,"['Duomo', 'Santa Anastasia', 'Teatro Romano', 'Museo Lapidario']",Arena,"['Verona Tour', 'Museo Radio', 'San Fermo', 'Casa Giulietta', 'Sighseeing']",Casa Giulietta,strategy_nearest,True,0.002758026123046875,success
04DBC4BA7B3F80,1,"['Arena', 'Museo Lapidario', 'Palazzo della Ragione']",Torre Lamberti,"['Sighseeing', 'Centro Fotografia', 'Museo Conte', 'Casa Giulietta', 'AMO']",Casa Giulietta,strategy_nearest,True,0.0026679039001464844,success
04DBC5429C4C80,0,['Arena'],Casa Giulietta,"['Centro Fotografia', 'Sighseeing', 'Torre Lamberti', 'Museo Conte', 'Museo Radio']",Tomba Giulietta,strategy_nearest,False,0.0026400089263916016,success
04DBC53A9C4C80,0,['Casa Giulietta'],Teatro Romano,"['Santa Anastasia', 'Duomo', 'AMO', 'Palazzo della Ragione', 'Museo Conte']",Arena,strategy_nearest,False,0.002549409866333008,success
04DBD13A9C4C80,0,['Arena'],Casa Giulietta,"['Centro Fotografia', 'Sighseeing', 'Torre Lamberti', 'Museo Conte', 'Museo Radio']",Torre Lamberti,strategy_nearest,True,0.003500223159790039,success
04DBE0429C4C80,2,"['Casa Giulietta', 'Santa Anastasia', 'Duomo', 'Teatro Romano']",Tomba Giulietta,"['San Fermo', 'Museo Storia', 'Arena', 'Museo Lapidario', 'Museo Radio']",San Fermo,strategy_nearest,True,0.0026650428771972656,success
04DBDC3A9C4C80,3,"['Arena', 'Casa Giulietta']",Torre Lamberti,"['Sighseeing', 'Centro Fotografia', 'Museo Conte', 'Palazzo della Ragione', 'AMO']",Santa Anastasia,strategy_nearest,False,0.0021543502807617188,success
04DC08BA7B3F84,3,"['Arena', 'Museo Lapidario', 'Castelvecchio']",Tomba Giulietta,"['San Fermo', 'Museo Storia', 'Museo Radio', 'Verona Tour', 'Casa Giulietta']",Casa Giulietta,strategy_nearest,True,0.002553224563598633,success
04DBF23A9C4C80,3,['Arena'],Castelvecchio,"['Museo Lapidario', 'Verona Tour', 'Museo Radio', 'San Zeno', 'Sighseeing']",Santa Anastasia,strategy_nearest,False,0.003862142562866211,success
04DC0A3A9C4C84,3,"['Teatro Romano', 'Santa Anastasia', 'Museo Lapidario']",Castelvecchio,"['Verona Tour', 'Arena', 'Museo Radio', 'San Zeno', 'Sighseeing']",Casa Giulietta,strategy_nearest,False,0.002476215362548828,success
04DC12429C4C80,1,"['Casa Giulietta', 'Arena']",Tomba Giulietta,"['San Fermo', 'Museo Storia', 'Museo Lapidario', 'Museo Radio', 'Verona Tour']",Giardino Giusti,strategy_nearest,False,0.0032262802124023438,success
04DC14BA7B3F84,3,"['Arena', 'Museo Lapidario', 'Castelvecchio']",Tomba Giulietta,"['San Fermo', 'Museo Storia', 'Museo Radio', 'Verona Tour', 'Casa Giulietta']",Casa Giulietta,strategy_nearest,True,0.002435922622680664,success
04DC203A9C4C84,1,['Torre Lamberti'],Palazzo della Ragione,"['AMO', 'Museo Conte', 'Centro Fotografia', 'Sighseeing', 'Santa Anastasia']",Arena,strategy_nearest,False,0.0027420520782470703,success
04DC3A429C4C80,1,"['Castelvecchio', 'Torre Lamberti']",Palazzo della Ragione,"['AMO', 'Museo Conte', 'Centro Fotografia', 'Sighseeing', 'Santa Anastasia']",Casa Giulietta,strategy_nearest,False,0.0019068717956542969,success
04DC213A9C4C84,0,['Arena'],Castelvecchio,"['Museo Lapidario', 'Verona Tour', 'Museo Radio', 'San Zeno', 'Sighseeing']",Casa Giulietta,strategy_nearest,False,0.001981019973754883,success
04DC214A9C4C80,1,"['Castelvecchio', 'Tomba Giulietta', 'Arena', 'Museo Lapidario', 'Torre Lamberti']",Palazzo della Ragione,"['AMO', 'Museo Conte', 'Centro Fotografia', 'Sighseeing', 'Santa Anastasia']",Casa Giulietta,strategy_nearest,False,0.0032548904418945312,success
04DC4A429C4C80,0,['Arena'],Torre Lamberti,"['Sighseeing', 'Centro Fotografia', 'Museo Conte', 'Casa Giulietta', 'Palazzo della Ragione']",Casa Giulietta,strategy_nearest,True,0.0027627944946289062,success
04DC523A9C4C80,3,"['Arena', 'Casa Giulietta']",Duomo,"['AMO', 'Museo Miniscalchi', 'Santa Anastasia', 'Teatro Romano', 'Palazzo della Ragione']",Santa Anastasia,strategy_nearest,True,0.002701997756958008,success
04DC47429C4C80,1,"['Casa Giulietta', 'Torre Lamberti']",Palazzo della Ragione,"['AMO', 'Museo Conte', 'Centro Fotografia', 'Sighseeing', 'Santa Anastasia']",Arena,strategy_nearest,False,0.0021882057189941406,success
04DC63BA7B3F80,1,"['Arena', 'Torre Lamberti', 'Palazzo della Ragione']",Santa Anastasia,"['AMO', 'Museo Conte', 'Teatro Romano', 'Centro Fotografia', 'Duomo']",Duomo,strategy_nearest,True,0.0034148693084716797,success
04DC68429C4C80,0,['Arena'],Casa Giulietta,"['Centro Fotografia', 'Sighseeing', 'Torre Lamberti', 'Museo Conte', 'Museo Radio']",Torre Lamberti,strategy_nearest,True,0.0021638870239257812,success
04DC8A4A9C4C80,3,"['Arena', 'Casa Giulietta']",Santa Anastasia,"['AMO', 'Museo Conte', 'Palazzo della Ragione', 'Teatro Romano', 'Centro Fotografia']",Duomo,strategy_nearest,False,0.0026559829711914062,success
04DC70429C4C80,0,"['Torre Lamberti', 'Arena']",San Fermo,"['Museo Storia', 'Museo Radio', 'Casa Giulietta', 'Centro Fotografia', 'Sighseeing']",Casa Giulietta,strategy_nearest,True,0.0035240650177001953,success
04DC8B429C4C80,3,"['Santa Anastasia', 'Duomo']",Arena,"['Verona Tour', 'Museo Lapidario', 'Museo Radio', 'San Fermo', 'Casa Giulietta']",Torre Lamberti,strategy_nearest,False,0.0028629302978515625,success
04DCA0BA7B3F80,3,"['Arena', 'Museo Lapidario', 'Castelvecchio']",Tomba Giulietta,"['San Fermo', 'Museo Storia', 'Museo Radio', 'Verona Tour', 'Casa Giulietta']",Casa Giulietta,strategy_nearest,True,0.002847909927368164,success
04DC92429C4C80,3,"['Teatro Romano', 'Duomo']",San Zeno,"['Castelvecchio', 'Verona Tour', 'Museo Lapidario', 'Arena', 'Museo Miniscalchi']",Arena,strategy_nearest,True,0.0022547245025634766,success
04DCA472743380,3,"['Arena', 'Casa Giulietta', 'Torre Lamberti']",Santa Anastasia,"['AMO', 'Museo Conte', 'Palazzo della Ragione', 'Teatro Romano', 'Centro Fotografia']",Teatro Romano,strategy_nearest,True,0.0034608840942382812,success
04DCAA429C4C80,2,['Casa Giulietta'],Duomo,"['AMO', 'Museo Miniscalchi', 'Santa Anastasia', 'Teatro Romano', 'Palazzo della Ragione']",Torre Lamberti,strategy_nearest,False,0.0016307830810546875,success
04DCAD429C4C80,0,"['Arena', 'Casa Giulietta']",Torre Lamberti,"['Sighseeing', 'Centro Fotografia', 'Museo Conte', 'Palazzo della Ragione', 'AMO']",Duomo,strategy_nearest,False,0.0026459693908691406,success
04DCA672743380,2,"['Casa Giulietta', 'San Fermo']",Torre Lamberti,"['Sighseeing', 'Centro Fotografia', 'Museo Conte', 'Palazzo della Ragione', 'AMO']",Tomba Giulietta,strategy_nearest,False,0.0036368370056152344,success
04DCA9429C4C80,3,"['San Zeno', 'Castelvecchio']",Santa Anastasia,"['AMO', 'Museo Conte', 'Palazzo della Ragione', 'Teatro Romano', 'Centro Fotografia']",Duomo,strategy_nearest,False,0.004364013671875,success
04DCB8429C4C80,0,['Arena'],Casa Giulietta,"['Centro Fotografia', 'Sighseeing', 'Torre Lamberti', 'Museo Conte', 'Museo Radio']",Torre Lamberti,strategy_nearest,True,0.0020987987518310547,success
04DCBC429C4C80,3,"['Casa Giulietta', 'Santa Anastasia']",Torre Lamberti,"['Sighseeing', 'Centro Fotografia', 'Museo Conte', 'Palazzo della Ragione', 'AMO']",Arena,strategy_nearest,False,0.0029480457305908203,success
04DCC4429C4C80,1,['Arena'],Casa Giulietta,"['Centro Fotografia', 'Sighseeing', 'Torre Lamberti', 'Museo Conte', 'Museo Radio']",San Fermo,strategy_nearest,False,0.0020499229431152344,success
04DCCF3A9C4C80,1,"['Arena', 'Torre Lamberti', 'Palazzo della Ragione']",Santa Anastasia,"['AMO', 'Museo Conte', 'Teatro Romano', 'Centro Fotografia', 'Duomo']",Duomo,strategy_nearest,True,0.002637147903442383,success
04DCB9429C4C80,0,"['Arena', 'Tomba Giulietta']",Castelvecchio,"['Museo Lapidario', 'Verona Tour', 'Museo Radio', 'San Zeno', 'Sighseeing']",San Zeno,strategy_nearest,True,0.004018068313598633,success
04DCEB3A9C4C80,0,['Santa Anastasia'],Arena,"['Verona Tour', 'Museo Lapidario', 'Museo Radio', 'San Fermo', 'Casa Giulietta']",Tomba Giulietta,strategy_nearest,False,0.003062009811401367,success
04DCE93A9C4C80,0,['Arena'],Castelvecchio,"['Museo Lapidario', 'Verona Tour', 'Museo Radio', 'San Zeno', 'Sighseeing']",Teatro Romano,strategy_nearest,False,0.0025551319122314453,success
04DCF83A9C4C80,3,"['Arena', 'Casa Giulietta']",Santa Anastasia,"['AMO', 'Museo Conte', 'Palazzo della Ragione', 'Teatro Romano', 'Centro Fotografia']",Duomo,strategy_nearest,False,0.0026209354400634766,success
04DCF73A9C4C80,0,"['Arena', 'Museo Lapidario']",Castelvecchio,"['Verona Tour', 'Museo Radio', 'San Zeno', 'Sighseeing', 'Museo Miniscalchi']",Torre Lamberti,strategy_nearest,False,0.004186868667602539,success
04DD013A9C4C84,0,['Arena'],Castelvecchio,"['Museo Lapidario', 'Verona Tour', 'Museo Radio', 'San Zeno', 'Sighseeing']",Torre Lamberti,strategy_nearest,False,0.002299785614013672,success
04DD073A9C4C84,0,['Arena'],Duomo,"['AMO', 'Museo Miniscalchi', 'Santa Anastasia', 'Teatro Romano', 'Palazzo della Ragione']",Castelvecchio,strategy_nearest,False,0.002919912338256836,success
04DCFE3A9C4C80,3,"['Santa Anastasia', 'Teatro Romano']",Arena,"['Verona Tour', 'Museo Lapidario', 'Museo Radio', 'San Fermo', 'Casa Giulietta']",Casa Giulietta,strategy_nearest,True,0.004814863204956055,success
04DD143A9C4C84,1,"['Arena', 'Museo Storia']",Palazzo della Ragione,"['AMO', 'Museo Conte', 'Torre Lamberti', 'Centro Fotografia', 'Sighseeing']",Casa Giulietta,strategy_nearest,False,0.002807140350341797,success
04DD0F3A9C4C84,0,['Arena'],Casa Giulietta,"['Centro Fotografia', 'Sighseeing', 'Torre Lamberti', 'Museo Conte', 'Museo Radio']",Castelvecchio,strategy_nearest,False,0.0033490657806396484,success
04DD1C3A9C4C84,1,['Arena'],Casa Giulietta,"['Centro Fotografia', 'Sighseeing', 'Torre Lamberti', 'Museo Conte', 'Museo Radio']",Palazzo della Ragione,strategy_nearest,False,0.0030651092529296875,success
04DD233A9C4C84,0,"['Arena', 'Torre Lamberti']",Teatro Romano,"['Santa Anastasia', 'Duomo', 'AMO', 'Palazzo della Ragione', 'Museo Conte']",Casa Giulietta,strategy_nearest,False,0.002868175506591797,success
04DD253A9C4C84,3,"['Arena', 'Casa Giulietta']",Duomo,"['AMO', 'Museo Miniscalchi', 'Santa Anastasia', 'Teatro Romano', 'Palazzo della Ragione']",Teatro Romano,strategy_nearest,True,0.003075838088989258,success
04DD62BA7B3F80,3,"['Castelvecchio', 'Santa Anastasia', 'Duomo']",Torre Lamberti,"['Sighseeing', 'Centro Fotografia', 'Museo Conte', 'Casa Giulietta', 'Palazzo della Ragione']",Casa Giulietta,strategy_nearest,True,0.0035719871520996094,success
04DD79429C4C80,3,"['Santa Anastasia', 'Casa Giulietta']",Torre Lamberti,"['Sighseeing', 'Centro Fotografia', 'Museo Conte', 'Palazzo della Ragione', 'AMO']",Castelvecchio,strategy_nearest,False,0.003136157989501953,success
04DD793A9C4C80,0,['Castelvecchio'],Arena,"['Verona Tour', 'Museo Lapidario', 'Museo Radio', 'San Fermo', 'Casa Giulietta']",Torre Lamberti,strategy_nearest,False,0.0025680065155029297,success
04DD7A3A9C4C80,3,"['Casa Giulietta', 'Arena', 'Tomba Giulietta']",Castelvecchio,"['Museo Lapidario', 'Verona Tour', 'Museo Radio', 'San Zeno', 'Sighseeing']",Duomo,strategy_nearest,False,0.0028657913208007812,success
04DD7B429C4C80,3,['Arena'],Casa Giulietta,"['Centro Fotografia', 'Sighseeing', 'Torre Lamberti', 'Museo Conte', 'Museo Radio']",Torre Lamberti,strategy_nearest,True,0.0038232803344726562,success
04DD7E3A9C4C80,1,"['Arena', 'Torre Lamberti']",Palazzo della Ragione,"['AMO', 'Museo Conte', 'Centro Fotografia', 'Sighseeing', 'Santa Anastasia']",Casa Giulietta,strategy_nearest,False,0.002885103225708008,success
04DD804A9C4C80,3,"['Arena', 'San Fermo']",Casa Giulietta,"['Centro Fotografia', 'Sighseeing', 'Torre Lamberti', 'Museo Conte', 'Museo Radio']",Torre Lamberti,strategy_nearest,True,0.002385854721069336,success
04DD8B429C4C80,3,"['Santa Anastasia', 'Duomo']",Arena,"['Verona Tour', 'Museo Lapidario', 'Museo Radio', 'San Fermo', 'Casa Giulietta']",Torre Lamberti,strategy_nearest,False,0.0034551620483398438,success
04DD83429C4C80,3,"['Arena', 'Casa Giulietta']",Torre Lamberti,"['Sighseeing', 'Centro Fotografia', 'Museo Conte', 'Palazzo della Ragione', 'AMO']",Teatro Romano,strategy_nearest,False,0.0029299259185791016,success
04DD98429C4C80,0,['Arena'],Castelvecchio,"['Museo Lapidario', 'Verona Tour', 'Museo Radio', 'San Zeno', 'Sighseeing']",Casa Giulietta,strategy_nearest,False,0.003136873245239258,success
04DD8D3A9C4C80,0,"['Torre Lamberti', 'Casa Giulietta']",Arena,"['Verona Tour', 'Museo Lapidario', 'Museo Radio', 'San Fermo', 'Sighseeing']",Tomba Giulietta,strategy_nearest,False,0.0027408599853515625,success
04DDA472743380,1,"['Arena', 'Casa Giulietta']",Duomo,"['AMO', 'Museo Miniscalchi', 'Santa Anastasia', 'Teatro Romano', 'Palazzo della Ragione']",Castelvecchio,strategy_nearest,False,0.0032508373260498047,success
04DDA572743380,1,"['Arena', 'Casa Giulietta', 'Torre Lamberti']",San Zeno,"['Castelvecchio', 'Verona Tour', 'Museo Lapidario', 'Museo Miniscalchi', 'Sighseeing']",Teatro Romano,strategy_nearest,False,0.0018036365509033203,success
04DDA772743380,1,"['Arena', 'Santa Anastasia', 'Duomo']",Torre Lamberti,"['Sighseeing', 'Centro Fotografia', 'Museo Conte', 'Casa Giulietta', 'Palazzo della Ragione']",Teatro Romano,strategy_nearest,False,0.0027170181274414062,success
04DDA8429C4C80,3,"['San Zeno', 'Castelvecchio']",Santa Anastasia,"['AMO', 'Museo Conte', 'Palazzo della Ragione', 'Teatro Romano', 'Centro Fotografia']",Torre Lamberti,strategy_nearest,False,0.0030088424682617188,success
04DDAE429C4C80,2,['Tomba Giulietta'],Casa Giulietta,"['Centro Fotografia', 'Sighseeing', 'Torre Lamberti', 'Museo Conte', 'Museo Radio']",Santa Anastasia,strategy_nearest,False,0.0014798641204833984,success
04DDAD429C4C80,0,['Arena'],Museo Lapidario,"['Verona Tour', 'Castelvecchio', 'Museo Radio', 'San Fermo', 'Casa Giulietta']",Castelvecchio,strategy_nearest,True,0.0022966861724853516,success
04DDA93A9C4C80,0,['Arena'],Tomba Giulietta,"['San Fermo', 'Museo Storia', 'Museo Lapidario', 'Museo Radio', 'Verona Tour']",Casa Giulietta,strategy_nearest,False,0.0037889480590820312,success
04DDB73A9C4C80,0,['Arena'],Casa Giulietta,"['Centro Fotografia', 'Sighseeing', 'Torre Lamberti', 'Museo Conte', 'Museo Radio']",Torre Lamberti,strategy_nearest,True,0.0035719871520996094,success
04DDBA3A9C4C80,2,['Casa Giulietta'],Torre Lamberti,"['Sighseeing', 'Centro Fotografia', 'Museo Conte', 'Palazzo della Ragione', 'AMO']",Palazzo della Ragione,strategy_nearest,True,0.0016398429870605469,success
04DDC4429C4C80,0,"['Castelvecchio', 'Arena']",Casa Giulietta,"['Centro Fotografia', 'Sighseeing', 'Torre Lamberti', 'Museo Conte', 'Museo Radio']",Arena,strategy_nearest,False,0.003332853317260742,success
04DDBA429C4C80,3,"['Castelvecchio', 'Teatro Romano']",Duomo,"['AMO', 'Museo Miniscalchi', 'Santa Anastasia', 'Palazzo della Ragione', 'Museo Conte']",San Fermo,strategy_nearest,False,0.002960205078125,success
04DDC8429C4C80,1,['Arena'],Casa Giulietta,"['Centro Fotografia', 'Sighseeing', 'Torre Lamberti', 'Museo Conte', 'Museo Radio']",San Fermo,strategy_nearest,False,0.0028519630432128906,success
04DDED3A9C4C80,0,['Arena'],Casa Giulietta,"['Centro Fotografia', 'Sighseeing', 'Torre Lamberti', 'Museo Conte', 'Museo Radio']",Santa Anastasia,strategy_nearest,False,0.002599000930786133,success
04DE0A3A9C4C84,3,['Arena'],Casa Giulietta,"['Centro Fotografia', 'Sighseeing', 'Torre Lamberti', 'Museo Conte', 'Museo Radio']",Torre Lamberti,strategy_nearest,True,0.0033500194549560547,success
04DDC6429C4C80,2,['Castelvecchio'],San Zeno,"['Verona Tour', 'Museo Lapidario', 'Arena', 'Museo Miniscalchi', 'Sighseeing']",Santa Anastasia,strategy_nearest,False,0.0027132034301757812,success
04DE10BA7B3F84,3,"['Duomo', 'Santa Anastasia']",Casa Giulietta,"['Centro Fotografia', 'Sighseeing', 'Torre Lamberti', 'Museo Conte', 'Museo Radio']",Arena,strategy_nearest,False,0.003268003463745117,success
04DE0E3A9C4C84,0,"['San Zeno', 'Arena']",Casa Giulietta,"['Centro Fotografia', 'Sighseeing', 'Torre Lamberti', 'Museo Conte', 'Museo Radio']",Torre Lamberti,strategy_nearest,True,0.00244903564453125,success
04DE1A4A9C4C80,3,['Arena'],San Fermo,"['Museo Storia', 'Museo Radio', 'Casa Giulietta', 'Centro Fotografia', 'Sighseeing']",Duomo,strategy_nearest,False,0.0031812191009521484,success
04DE213A9C4C84,0,['Casa Giulietta'],Teatro Romano,"['Santa Anastasia', 'Duomo', 'AMO', 'Palazzo della Ragione', 'Museo Conte']",Arena,strategy_nearest,False,0.0037910938262939453,success
04DE2F429C4C80,0,"['Arena', 'Castelvecchio']",Giardino Giusti,"['Santa Anastasia', 'Teatro Romano', 'Museo Conte', 'Centro Fotografia', 'Museo Storia']",Teatro Romano,strategy_nearest,True,0.002026081085205078,success
04DE43429C4C80,1,"['Arena', 'Casa Giulietta']",Torre Lamberti,"['Sighseeing', 'Centro Fotografia', 'Museo Conte', 'Palazzo della Ragione', 'AMO']",Palazzo della Ragione,strategy_nearest,True,0.0024890899658203125,success
04DE28BA7B3F80,1,['Torre Lamberti'],Arena,"['Verona Tour', 'Museo Lapidario', 'Museo Radio', 'San Fermo', 'Casa Giulietta']",Museo Lapidario,strategy_nearest,True,0.0037393569946289062,success
04DE30429C4C80,3,['Arena'],Castelvecchio,"['Museo Lapidario', 'Verona Tour', 'Museo Radio', 'San Zeno', 'Sighseeing']",Torre Lamberti,strategy_nearest,False,0.004742860794067383,success
04DE463A9C4C80,3,['Arena'],Tomba Giulietta,"['San Fermo', 'Museo Storia', 'Museo Lapidario', 'Museo Radio', 'Verona Tour']",Santa Anastasia,strategy_nearest,False,0.0013470649719238281,success
04DE72429C4C80,0,"['Arena', 'Museo Lapidario']",Castelvecchio,"['Verona Tour', 'Museo Radio', 'San Zeno', 'Sighseeing', 'Museo Miniscalchi']",Casa Giulietta,strategy_nearest,False,0.0027599334716796875,success
04DE733A9C4C80,2,['Casa Giulietta'],Torre Lamberti,"['Sighseeing', 'Centro Fotografia', 'Museo Conte', 'Palazzo della Ragione', 'AMO']",Castelvecchio,strategy_nearest,False,0.0031769275665283203,success
04DE7B4A9C4C80,3,"['Torre Lamberti', 'Santa Anastasia']",Duomo,"['AMO', 'Museo Miniscalchi', 'Teatro Romano', 'Palazzo della Ragione', 'Museo Conte']",Arena,strategy_nearest,False,0.0016100406646728516,success
04DE833A9C4C80,0,['Arena'],Casa Giulietta,"['Centro Fotografia', 'Sighseeing', 'Torre Lamberti', 'Museo Conte', 'Museo Radio']",Torre Lamberti,strategy_nearest,True,0.002833843231201172,success
04DE7A4A9C4C80,0,"['Arena', 'Casa Giulietta']",Torre Lamberti,"['Sighseeing', 'Centro Fotografia', 'Museo Conte', 'Palazzo della Ragione', 'AMO']",Duomo,strategy_nearest,False,0.002560138702392578,success
04DE873A9C4C80,2,['Torre Lamberti'],Palazzo della Ragione,"['AMO', 'Museo Conte', 'Centro Fotografia', 'Sighseeing', 'Santa Anastasia']",Teatro Romano,strategy_nearest,False,0.003220081329345703,success
04DE88429C4C80,0,['Arena'],Torre Lamberti,"['Sighseeing', 'Centro Fotografia', 'Museo Conte', 'Casa Giulietta', 'Palazzo della Ragione']",Casa Giulietta,strategy_nearest,True,0.001981019973754883,success
04DE8E429C4C80,3,"['Castelvecchio', 'Torre Lamberti']",Casa Giulietta,"['Centro Fotografia', 'Sighseeing', 'Museo Conte', 'Museo Radio', 'Palazzo della Ragione']",Duomo,strategy_nearest,False,0.0027709007263183594,success
04DE89429C4C80,0,['Arena'],Casa Giulietta,"['Centro Fotografia', 'Sighseeing', 'Torre Lamberti', 'Museo Conte', 'Museo Radio']",Torre Lamberti,strategy_nearest,True,0.0022416114807128906,success
04DE8F4A9C4C80,0,"['Arena', 'Torre Lamberti']",Casa Giulietta,"['Centro Fotografia', 'Sighseeing', 'Museo Conte', 'Museo Radio', 'Palazzo della Ragione']",Teatro Romano,strategy_nearest,False,0.0023469924926757812,success
04DE974A9C4C80,3,"['Arena', 'Casa Giulietta']",Torre Lamberti,"['Sighseeing', 'Centro Fotografia', 'Museo Conte', 'Palazzo della Ragione', 'AMO']",Santa Anastasia,strategy_nearest,False,0.002513885498046875,success
04DE9E429C4C80,1,"['Duomo', 'Teatro Romano']",Torre Lamberti,"['Sighseeing', 'Centro Fotografia', 'Museo Conte', 'Casa Giulietta', 'Palazzo della Ragione']",Palazzo della Ragione,strategy_nearest,True,0.002621889114379883,success
04DEA772743380,3,"['Arena', 'Castelvecchio', 'Casa Giulietta']",Santa Anastasia,"['AMO', 'Museo Conte', 'Palazzo della Ragione', 'Teatro Romano', 'Centro Fotografia']",Duomo,strategy_nearest,False,0.0025200843811035156,success
04DEAB429C4C80,2,"['Casa Giulietta', 'Castelvecchio']",Teatro Romano,"['Santa Anastasia', 'Duomo', 'AMO', 'Palazzo della Ragione', 'Museo Conte']",Santa Anastasia,strategy_nearest,True,0.0030210018157958984,success
04DEAD429C4C80,0,['Arena'],Museo Lapidario,"['Verona Tour', 'Castelvecchio', 'Museo Radio', 'San Fermo', 'Casa Giulietta']",Castelvecchio,strategy_nearest,True,0.003083944320678711,success
04DEB5429C4C80,3,"['Castelvecchio', 'Arena']",Casa Giulietta,"['Centro Fotografia', 'Sighseeing', 'Torre Lamberti', 'Museo Conte', 'Museo Radio']",Torre Lamberti,strategy_nearest,True,0.002939939498901367,success
04DEB73A9C4C80,3,"['Teatro Romano', 'Duomo', 'Torre Lamberti']",Casa Giulietta,"['Centro Fotografia', 'Sighseeing', 'Museo Conte', 'Museo Radio', 'Palazzo della Ragione']",Tomba Giulietta,strategy_nearest,False,0.002710103988647461,success
04DEB83A9C4C80,0,['Castelvecchio'],Arena,"['Verona Tour', 'Museo Lapidario', 'Museo Radio', 'San Fermo', 'Casa Giulietta']",Duomo,strategy_nearest,False,0.0026378631591796875,success
04DEC5429C4C80,3,"['Arena', 'Casa Giulietta']",Torre Lamberti,"['Sighseeing', 'Centro Fotografia', 'Museo Conte', 'Palazzo della Ragione', 'AMO']",Santa Anastasia,strategy_nearest,False,0.0026268959045410156,success
04DEC0429C4C80,3,"['Arena', 'Casa Giulietta', 'Santa Anastasia']",Teatro Romano,"['Duomo', 'AMO', 'Palazzo della Ragione', 'Museo Conte', 'Centro Fotografia']",Duomo,strategy_nearest,True,0.0025539398193359375,success
04DEC7429C4C80,3,['Arena'],Santa Anastasia,"['AMO', 'Museo Conte', 'Palazzo della Ragione', 'Teatro Romano', 'Centro Fotografia']",Duomo,strategy_nearest,False,0.0026612281799316406,success
04DEEE3A9C4C80,1,['Arena'],Torre Lamberti,"['Sighseeing', 'Centro Fotografia', 'Museo Conte', 'Casa Giulietta', 'Palazzo della Ragione']",Palazzo della Ragione,strategy_nearest,True,0.0024077892303466797,success
04DEC9429C4C80,1,"['San Fermo', 'Casa Giulietta', 'Palazzo della Ragione']",Torre Lamberti,"['Sighseeing', 'Centro Fotografia', 'Museo Conte', 'AMO', 'Museo Miniscalchi']",Tomba Giulietta,strategy_nearest,False,0.002485990524291992,success
04DEE8C27B3F80,2,['Teatro Romano'],Casa Giulietta,"['Centro Fotografia', 'Sighseeing', 'Torre Lamberti', 'Museo Conte', 'Museo Radio']",Palazzo della Ragione,strategy_nearest,False,0.0026361942291259766,success
04DEF03A9C4C80,3,"['Arena', 'Casa Giulietta']",Torre Lamberti,"['Sighseeing', 'Centro Fotografia', 'Museo Conte', 'Palazzo della Ragione', 'AMO']",Santa Anastasia,strategy_nearest,False,0.002193927764892578,success
04DF073A9C4C84,0,['Castelvecchio'],Arena,"['Verona Tour', 'Museo Lapidario', 'Museo Radio', 'San Fermo', 'Casa Giulietta']",Casa Giulietta,strategy_nearest,True,0.002626180648803711,success
04DEF53A9C4C80,1,"['Arena', 'San Fermo', 'Casa Giulietta']",Palazzo della Ragione,"['AMO', 'Museo Conte', 'Torre Lamberti', 'Centro Fotografia', 'Sighseeing']",Torre Lamberti,strategy_nearest,True,0.001474142074584961,success
04DF1E3A9C4C84,1,"['Arena', 'Casa Giulietta']",Torre Lamberti,"['Sighseeing', 'Centro Fotografia', 'Museo Conte', 'Palazzo della Ragione', 'AMO']",Palazzo della Ragione,strategy_nearest,True,0.003122091293334961,success
04DF31429C4C80,0,['Casa Giulietta'],Arena,"['Verona Tour', 'Museo Lapidario', 'Museo Radio', 'San Fermo', 'Sighseeing']",Tomba Giulietta,strategy_nearest,False,0.0018389225006103516,success
04DF553A9C4C80,1,"['Arena', 'Torre Lamberti', 'Palazzo della Ragione']",Santa Anastasia,"['AMO', 'Museo Conte', 'Teatro Romano', 'Centro Fotografia', 'Duomo']",Teatro Romano,strategy_nearest,True,0.002953052520751953,success
04DF55BA7B3F80,0,['Arena'],Castelvecchio,"['Museo Lapidario', 'Verona Tour', 'Museo Radio', 'San Zeno', 'Sighseeing']",Duomo,strategy_nearest,False,0.0027360916137695312,success
04DF69429C4C80,3,"['Arena', 'Casa Giulietta']",Torre Lamberti,"['Sighseeing', 'Centro Fotografia', 'Museo Conte', 'Palazzo della Ragione', 'AMO']",Santa Anastasia,strategy_nearest,False,0.0032057762145996094,success
04DF713A9C4C80,3,"['Duomo', 'Teatro Romano']",Torre Lamberti,"['Sighseeing', 'Centro Fotografia', 'Museo Conte', 'Casa Giulietta', 'Palazzo della Ragione']",Casa Giulietta,strategy_nearest,True,0.0021729469299316406,success
04DF7B429C4C80,2,['Palazzo della Ragione'],Duomo,"['AMO', 'Museo Miniscalchi', 'Santa Anastasia', 'Teatro Romano', 'Museo Conte']",Teatro Romano,strategy_nearest,True,0.002074718475341797,success
04DF7D4A9C4C80,0,['Arena'],Casa Giulietta,"['Centro Fotografia', 'Sighseeing', 'Torre Lamberti', 'Museo Conte', 'Museo Radio']",Torre Lamberti,strategy_nearest,True,0.0026862621307373047,success
04DF8A429C4C80,3,"['Arena', 'Casa Giulietta']",Torre Lamberti,"['Sighseeing', 'Centro Fotografia', 'Museo Conte', 'Palazzo della Ragione', 'AMO']",Santa Anastasia,strategy_nearest,False,0.002332925796508789,success
04DF87429C4C80,3,['Arena'],Santa Anastasia,"['AMO', 'Museo Conte', 'Palazzo della Ragione', 'Teatro Romano', 'Centro Fotografia']",Duomo,strategy_nearest,False,0.0029587745666503906,success
04DF8C429C4C80,1,"['Arena', 'Casa Giulietta']",Torre Lamberti,"['Sighseeing', 'Centro Fotografia', 'Museo Conte', 'Palazzo della Ragione', 'AMO']",Palazzo della Ragione,strategy_nearest,True,0.003608226776123047,success
04DF91429C4C80,3,"['Arena', 'Castelvecchio']",Casa Giulietta,"['Centro Fotografia', 'Sighseeing', 'Torre Lamberti', 'Museo Conte', 'Museo Radio']",Santa Anastasia,strategy_nearest,False,0.002732992172241211,success
04DFA672743380,3,['Arena'],Santa Anastasia,"['AMO', 'Museo Conte', 'Palazzo della Ragione', 'Teatro Romano', 'Centro Fotografia']",Duomo,strategy_nearest,False,0.0013859272003173828,success
04DF944A9C4C80,0,['Arena'],Casa Giulietta,"['Centro Fotografia', 'Sighseeing', 'Torre Lamberti', 'Museo Conte', 'Museo Radio']",Torre Lamberti,strategy_nearest,True,0.0021860599517822266,success
04DFA83A9C4C80,0,['Arena'],Torre Lamberti,"['Sighseeing', 'Centro Fotografia', 'Museo Conte', 'Casa Giulietta', 'Palazzo della Ragione']",Casa Giulietta,strategy_nearest,True,0.002735137939453125,success
04DFAF429C4C80,1,"['Castelvecchio', 'Casa Giulietta']",Arena,"['Verona Tour', 'Museo Lapidario', 'Museo Radio', 'San Fermo', 'Sighseeing']",Torre Lamberti,strategy_nearest,False,0.0024099349975585938,success
04DFA872743380,1,"['Arena', 'Casa Giulietta', 'Torre Lamberti', 'Palazzo della Ragione', 'San Fermo']",Museo Lapidario,"['Verona Tour', 'Castelvecchio', 'Museo Radio', 'Tomba Giulietta', 'Sighseeing']",Castelvecchio,strategy_nearest,True,0.0024068355560302734,success
04DFC3429C4C80,0,['Arena'],San Fermo,"['Museo Storia', 'Museo Radio', 'Casa Giulietta', 'Centro Fotografia', 'Sighseeing']",Duomo,strategy_nearest,False,0.0018570423126220703,success
04DFC83A9C4C80,2,"['San Fermo', 'Teatro Romano']",Duomo,"['AMO', 'Museo Miniscalchi', 'Santa Anastasia', 'Palazzo della Ragione', 'Museo Conte']",Castelvecchio,strategy_nearest,False,0.0034749507904052734,success
04DFC9429C4C80,0,['Arena'],Casa Giulietta,"['Centro Fotografia', 'Sighseeing', 'Torre Lamberti', 'Museo Conte', 'Museo Radio']",Castelvecchio,strategy_nearest,False,0.0017080307006835938,success
04DFD7429C4C80,1,"['Arena', 'Casa Giulietta']",Torre Lamberti,"['Sighseeing', 'Centro Fotografia', 'Museo Conte', 'Palazzo della Ragione', 'AMO']",Palazzo della Ragione,strategy_nearest,True,0.0025789737701416016,success
04E0193A9C4C84,1,"['Arena', 'Museo Lapidario', 'Castelvecchio']",Palazzo della Ragione,"['AMO', 'Museo Conte', 'Torre Lamberti', 'Centro Fotografia', 'Sighseeing']",Torre Lamberti,strategy_nearest,True,0.002547025680541992,success
04E0043A9C4C84,0,['Arena'],Casa Giulietta,"['Centro Fotografia', 'Sighseeing', 'Torre Lamberti', 'Museo Conte', 'Museo Radio']",San Fermo,strategy_nearest,False,0.002151012420654297,success
04E01A3A9C4C84,0,['Arena'],Casa Giulietta,"['Centro Fotografia', 'Sighseeing', 'Torre Lamberti', 'Museo Conte', 'Museo Radio']",Tomba Giulietta,strategy_nearest,False,0.0035593509674072266,success
04E0243A9C4C84,0,['Casa Giulietta'],Arena,"['Verona Tour', 'Museo Lapidario', 'Museo Radio', 'San Fermo', 'Sighseeing']",Torre Lamberti,strategy_nearest,False,0.002468109130859375,success
04E0203A9C4C84,1,['Torre Lamberti'],Palazzo della Ragione,"['AMO', 'Museo Conte', 'Centro Fotografia', 'Sighseeing', 'Santa Anastasia']",Arena,strategy_nearest,False,0.0018489360809326172,success
04E035429C4C80,1,"['Torre Lamberti', 'Palazzo della Ragione', 'Santa Anastasia', 'Duomo', 'San Fermo']",Arena,"['Verona Tour', 'Museo Lapidario', 'Museo Radio', 'Casa Giulietta', 'Sighseeing']",Tomba Giulietta,strategy_nearest,False,0.0027849674224853516,success
04E0383A9C4C80,1,"['Arena', 'Torre Lamberti', 'Palazzo della Ragione']",Santa Anastasia,"['AMO', 'Museo Conte', 'Teatro Romano', 'Centro Fotografia', 'Duomo']",Duomo,strategy_nearest,True,0.0033969879150390625,success
04E038429C4C80,3,"['Casa Giulietta', 'Torre Lamberti']",Santa Anastasia,"['AMO', 'Museo Conte', 'Palazzo della Ragione', 'Teatro Romano', 'Centro Fotografia']",Castelvecchio,strategy_nearest,False,0.0026607513427734375,success
04E041429C4C80,3,"['Castelvecchio', 'Torre Lamberti']",Casa Giulietta,"['Centro Fotografia', 'Sighseeing', 'Museo Conte', 'Museo Radio', 'Palazzo della Ragione']",Duomo,strategy_nearest,False,0.003354787826538086,success
04E06D429C4C80,3,"['Arena', 'San Fermo']",Casa Giulietta,"['Centro Fotografia', 'Sighseeing', 'Torre Lamberti', 'Museo Conte', 'Museo Radio']",Torre Lamberti,strategy_nearest,True,0.0025861263275146484,success
04E06A429C4C80,0,['Casa Giulietta'],Santa Anastasia,"['AMO', 'Museo Conte', 'Palazzo della Ragione', 'Teatro Romano', 'Centro Fotografia']",Arena,strategy_nearest,False,0.0035347938537597656,success
04E067429C4C80,3,"['Casa Giulietta', 'Santa Anastasia']",Duomo,"['AMO', 'Museo Miniscalchi', 'Teatro Romano', 'Palazzo della Ragione', 'Museo Conte']",Arena,strategy_nearest,False,0.002293825149536133,success
04E0713A9C4C80,0,"['Casa Giulietta', 'Duomo']",Castelvecchio,"['Museo Lapidario', 'Verona Tour', 'Arena', 'Museo Radio', 'San Zeno']",San Zeno,strategy_nearest,True,0.002535104751586914,success
04E07C4A9C4C80,1,"['Torre Lamberti', 'Palazzo della Ragione']",Casa Giulietta,"['Centro Fotografia', 'Sighseeing', 'Museo Conte', 'Museo Radio', 'San Fermo']",Arena,strategy_nearest,False,0.003031015396118164,success
04E0723A9C4C80,0,"['Arena', 'Casa Giulietta']",Torre Lamberti,"['Sighseeing', 'Centro Fotografia', 'Museo Conte', 'Palazzo della Ragione', 'AMO']",Castelvecchio,strategy_nearest,False,0.0021240711212158203,success
04E084429C4C80,1,"['Arena', 'Castelvecchio', 'Casa Giulietta']",Torre Lamberti,"['Sighseeing', 'Centro Fotografia', 'Museo Conte', 'Palazzo della Ragione', 'AMO']",Palazzo della Ragione,strategy_nearest,True,0.0026350021362304688,success
04E08D3A9C4C80,1,"['Arena', 'Casa Giulietta']",Palazzo della Ragione,"['AMO', 'Museo Conte', 'Torre Lamberti', 'Centro Fotografia', 'Sighseeing']",Santa Anastasia,strategy_nearest,False,0.0030426979064941406,success
04E0903A9C4C80,0,['San Zeno'],Arena,"['Verona Tour', 'Museo Lapidario', 'Museo Radio', 'San Fermo', 'Casa Giulietta']",Castelvecchio,strategy_nearest,False,0.00244903564453125,success
04E0A772743380,3,"['Arena', 'Castelvecchio']",Museo Storia,"['San Fermo', 'Museo Radio', 'Casa Giulietta', 'Centro Fotografia', 'Tomba Giulietta']",Torre Lamberti,strategy_nearest,False,0.0023729801177978516,success
04E0A472743380,3,"['Arena', 'Santa Anastasia']",Duomo,"['AMO', 'Museo Miniscalchi', 'Teatro Romano', 'Palazzo della Ragione', 'Museo Conte']",Teatro Romano,strategy_nearest,True,0.0035390853881835938,success
04E0A572743380,0,"['Arena', 'Casa Giulietta', 'Torre Lamberti']",Tomba Giulietta,"['San Fermo', 'Museo Storia', 'Museo Lapidario', 'Museo Radio', 'Verona Tour']",Giardino Giusti,strategy_nearest,False,0.004103899002075195,success
04E0AF429C4C80,0,"['Museo Lapidario', 'Arena']",Torre Lamberti,"['Sighseeing', 'Centro Fotografia', 'Museo Conte', 'Casa Giulietta', 'Palazzo della Ragione']",Casa Giulietta,strategy_nearest,True,0.0022118091583251953,success
04E0B93A9C4C80,2,['Castelvecchio'],Casa Giulietta,"['Centro Fotografia', 'Sighseeing', 'Torre Lamberti', 'Museo Conte', 'Museo Radio']",Teatro Romano,strategy_nearest,False,0.0023529529571533203,success
04E0BF429C4C80,2,['Castelvecchio'],San Zeno,"['Verona Tour', 'Museo Lapidario', 'Arena', 'Museo Miniscalchi', 'Sighseeing']",Santa Anastasia,strategy_nearest,False,0.0031099319458007812,success
04E0C1429C4C80,1,['Arena'],Duomo,"['AMO', 'Museo Miniscalchi', 'Santa Anastasia', 'Teatro Romano', 'Palazzo della Ragione']",Casa Giulietta,strategy_nearest,False,0.0032901763916015625,success
04E0C5429C4C80,0,['Casa Giulietta'],Torre Lamberti,"['Sighseeing', 'Centro Fotografia', 'Museo Conte', 'Palazzo della Ragione', 'AMO']",Arena,strategy_nearest,False,0.00213623046875,success
04E0C9429C4C80,3,"['Arena', 'Casa Giulietta', 'Santa Anastasia']",Torre Lamberti,"['Sighseeing', 'Centro Fotografia', 'Museo Conte', 'Palazzo della Ragione', 'AMO']",Teatro Romano,strategy_nearest,False,0.00424504280090332,success
04E0CA429C4C80,3,"['Arena', 'Torre Lamberti']",Santa Anastasia,"['AMO', 'Museo Conte', 'Palazzo della Ragione', 'Teatro Romano', 'Centro Fotografia']",Duomo,strategy_nearest,False,0.002162933349609375,success
04E0E93A9C4C80,3,"['Castelvecchio', 'Casa Giulietta']",Arena,"['Verona Tour', 'Museo Lapidario', 'Museo Radio', 'San Fermo', 'Sighseeing']",Santa Anastasia,strategy_nearest,False,0.002763032913208008,success
04E1123A9C4C84,1,"['Arena', 'Casa Giulietta', 'Torre Lamberti']",Palazzo della Ragione,"['AMO', 'Museo Conte', 'Centro Fotografia', 'Sighseeing', 'Santa Anastasia']",Santa Anastasia,strategy_nearest,True,0.00152587890625,success
04E119BA7B3F84,3,"['Arena', 'Casa Giulietta']",Santa Anastasia,"['AMO', 'Museo Conte', 'Palazzo della Ragione', 'Teatro Romano', 'Centro Fotografia']",Torre Lamberti,strategy_nearest,False,0.0021729469299316406,success
04E1013A9C4C84,1,"['Arena', 'Casa Giulietta', 'Torre Lamberti']",Palazzo della Ragione,"['AMO', 'Museo Conte', 'Centro Fotografia', 'Sighseeing', 'Santa Anastasia']",Santa Anastasia,strategy_nearest,True,0.0030090808868408203,success
04E1203A9C4C84,1,['Torre Lamberti'],Palazzo della Ragione,"['AMO', 'Museo Conte', 'Centro Fotografia', 'Sighseeing', 'Santa Anastasia']",Arena,strategy_nearest,False,0.0034668445587158203,success
04E1223A9C4C84,3,"['Teatro Romano', 'Santa Anastasia']",Torre Lamberti,"['Sighseeing', 'Centro Fotografia', 'Museo Conte', 'Casa Giulietta', 'Palazzo della Ragione']",Casa Giulietta,strategy_nearest,True,0.0019898414611816406,success
04E1443A9C4C80,1,['Arena'],Palazzo della Ragione,"['AMO', 'Museo Conte', 'Torre Lamberti', 'Centro Fotografia', 'Sighseeing']",Torre Lamberti,strategy_nearest,True,0.0027997493743896484,success
04E142429C4C80,3,"['Arena', 'Casa Giulietta']",Torre Lamberti,"['Sighseeing', 'Centro Fotografia', 'Museo Conte', 'Palazzo della Ragione', 'AMO']",Teatro Romano,strategy_nearest,False,0.0026807785034179688,success
04E16D429C4C80,1,"['Arena', 'Museo Lapidario']",Castelvecchio,"['Verona Tour', 'Museo Radio', 'San Zeno', 'Sighseeing', 'Museo Miniscalchi']",Torre Lamberti,strategy_nearest,False,0.0031952857971191406,success
04E173429C4C80,0,"['Arena', 'Casa Giulietta']",Torre Lamberti,"['Sighseeing', 'Centro Fotografia', 'Museo Conte', 'Palazzo della Ragione', 'AMO']",Castelvecchio,strategy_nearest,False,0.0021021366119384766,success
04E187BA7B3F80,1,"['Arena', 'Casa Giulietta']",Torre Lamberti,"['Sighseeing', 'Centro Fotografia', 'Museo Conte', 'Palazzo della Ragione', 'AMO']",Palazzo della Ragione,strategy_nearest,True,0.0021822452545166016,success
04E175BA7B3F80,1,"['Arena', 'Casa Giulietta']",Torre Lamberti,"['Sighseeing', 'Centro Fotografia', 'Museo Conte', 'Palazzo della Ragione', 'AMO']",Palazzo della Ragione,strategy_nearest,True,0.0036890506744384766,success
04E1893A9C4C80,1,['Arena'],Casa Giulietta,"['Centro Fotografia', 'Sighseeing', 'Torre Lamberti', 'Museo Conte', 'Museo Radio']",Palazzo della Ragione,strategy_nearest,False,0.003471851348876953,success
04E18B3A9C4C80,1,"['Arena', 'Casa Giulietta']",Torre Lamberti,"['Sighseeing', 'Centro Fotografia', 'Museo Conte', 'Palazzo della Ragione', 'AMO']",Palazzo della Ragione,strategy_nearest,True,0.0019998550415039062,success
04E18B429C4C80,1,"['Arena', 'Casa Giulietta']",Torre Lamberti,"['Sighseeing', 'Centro Fotografia', 'Museo Conte', 'Palazzo della Ragione', 'AMO']",Palazzo della Ragione,strategy_nearest,True,0.0023932456970214844,success
04E1903A9C4C80,0,['Arena'],Casa Giulietta,"['Centro Fotografia', 'Sighseeing', 'Torre Lamberti', 'Museo Conte', 'Museo Radio']",Castelvecchio,strategy_nearest,False,0.0021119117736816406,success
04E192429C4C80,1,"['Teatro Romano', 'Palazzo della Ragione']",Torre Lamberti,"['Sighseeing', 'Centro Fotografia', 'Museo Conte', 'Casa Giulietta', 'AMO']",Casa Giulietta,strategy_nearest,True,0.0026569366455078125,success
04E18F429C4C80,3,"['Arena', 'Casa Giulietta']",Torre Lamberti,"['Sighseeing', 'Centro Fotografia', 'Museo Conte', 'Palazzo della Ragione', 'AMO']",Castelvecchio,strategy_nearest,False,0.003571033477783203,success
04E19ABA7B3F80,1,"['Arena', 'Casa Giulietta']",Torre Lamberti,"['Sighseeing', 'Centro Fotografia', 'Museo Conte', 'Palazzo della Ragione', 'AMO']",Palazzo della Ragione,strategy_nearest,True,0.0017528533935546875,success
04E1A872743380,3,['Teatro Romano'],Santa Anastasia,"['AMO', 'Museo Conte', 'Palazzo della Ragione', 'Centro Fotografia', 'Duomo']",Arena,strategy_nearest,False,0.0019631385803222656,success
04E1AA429C4C80,0,['Arena'],Tomba Giulietta,"['San Fermo', 'Museo Storia', 'Museo Lapidario', 'Museo Radio', 'Verona Tour']",Casa Giulietta,strategy_nearest,False,0.002689838409423828,success
04E1BF429C4C80,0,['Castelvecchio'],Arena,"['Verona Tour', 'Museo Lapidario', 'Museo Radio', 'San Fermo', 'Casa Giulietta']",Casa Giulietta,strategy_nearest,True,0.0026149749755859375,success
04E1C0429C4C80,3,"['Arena', 'Torre Lamberti', 'Casa Giulietta']",Santa Anastasia,"['AMO', 'Museo Conte', 'Palazzo della Ragione', 'Teatro Romano', 'Centro Fotografia']",Duomo,strategy_nearest,False,0.0016760826110839844,success
04E1BD429C4C80,1,"['Arena', 'Casa Giulietta', 'Torre Lamberti']",Palazzo della Ragione,"['AMO', 'Museo Conte', 'Centro Fotografia', 'Sighseeing', 'Santa Anastasia']",Santa Anastasia,strategy_nearest,True,0.0043888092041015625,success
04E1C1429C4C80,0,['Arena'],Casa Giulietta,"['Centro Fotografia', 'Sighseeing', 'Torre Lamberti', 'Museo Conte', 'Museo Radio']",Castelvecchio,strategy_nearest,False,0.003314971923828125,success
04E1C3429C4C80,0,['Castelvecchio'],Torre Lamberti,"['Sighseeing', 'Centro Fotografia', 'Museo Conte', 'Casa Giulietta', 'Palazzo della Ragione']",Arena,strategy_nearest,False,0.003754138946533203,success
04E1CA429C4C80,0,['Casa Giulietta'],Teatro Romano,"['Santa Anastasia', 'Duomo', 'AMO', 'Palazzo della Ragione', 'Museo Conte']",Arena,strategy_nearest,False,0.003065824508666992,success
04E1F63A9C4C80,0,['Arena'],Casa Giulietta,"['Centro Fotografia', 'Sighseeing', 'Torre Lamberti', 'Museo Conte', 'Museo Radio']",Torre Lamberti,strategy_nearest,True,0.002593994140625,success
04E1CE3A9C4C80,1,"['Castelvecchio', 'Arena', 'Casa Giulietta', 'Palazzo della Ragione']",Torre Lamberti,"['Sighseeing', 'Centro Fotografia', 'Museo Conte', 'AMO', 'Museo Miniscalchi']",Santa Anastasia,strategy_nearest,False,0.0032558441162109375,success
04E21F3A9C4C84,3,"['Torre Lamberti', 'Santa Anastasia']",Duomo,"['AMO', 'Museo Miniscalchi', 'Teatro Romano', 'Palazzo della Ragione', 'Museo Conte']",Castelvecchio,strategy_nearest,False,0.0025529861450195312,success
04E23C3A9C4C80,3,"['Arena', 'Casa Giulietta']",Santa Anastasia,"['AMO', 'Museo Conte', 'Palazzo della Ragione', 'Teatro Romano', 'Centro Fotografia']",Torre Lamberti,strategy_nearest,False,0.0026650428771972656,success
04E236429C4C80,0,['Casa Giulietta'],Tomba Giulietta,"['San Fermo', 'Museo Storia', 'Arena', 'Museo Lapidario', 'Museo Radio']",Arena,strategy_nearest,True,0.002257823944091797,success
04E262429C4C80,0,"['Casa Giulietta', 'Torre Lamberti']",Arena,"['Verona Tour', 'Museo Lapidario', 'Museo Radio', 'San Fermo', 'Sighseeing']",Tomba Giulietta,strategy_nearest,False,0.003020048141479492,success
04E2854A9C4C80,3,"['Arena', 'Santa Anastasia']",Torre Lamberti,"['Sighseeing', 'Centro Fotografia', 'Museo Conte', 'Casa Giulietta', 'Palazzo della Ragione']",Casa Giulietta,strategy_nearest,True,0.0021102428436279297,success
04E2783A9C4C80,3,"['Casa Giulietta', 'Santa Anastasia']",Duomo,"['AMO', 'Museo Miniscalchi', 'Teatro Romano', 'Palazzo della Ragione', 'Museo Conte']",Arena,strategy_nearest,False,0.002846956253051758,success
04E2844A9C4C80,1,"['Casa Giulietta', 'Torre Lamberti']",Palazzo della Ragione,"['AMO', 'Museo Conte', 'Centro Fotografia', 'Sighseeing', 'Santa Anastasia']",Castelvecchio,strategy_nearest,False,0.0030670166015625,success
04E2964A9C4C80,1,"['Arena', 'Museo Lapidario']",Casa Giulietta,"['Centro Fotografia', 'Sighseeing', 'Torre Lamberti', 'Museo Conte', 'Museo Radio']",Torre Lamberti,strategy_nearest,True,0.002009153366088867,success
04E28A3A9C4C80,1,"['Arena', 'Torre Lamberti', 'Palazzo della Ragione', 'Casa Giulietta']",Castelvecchio,"['Museo Lapidario', 'Verona Tour', 'Museo Radio', 'San Zeno', 'Sighseeing']",Santa Anastasia,strategy_nearest,False,0.0034761428833007812,success
04E29F429C4C80,0,['Arena'],Castelvecchio,"['Museo Lapidario', 'Verona Tour', 'Museo Radio', 'San Zeno', 'Sighseeing']",Casa Giulietta,strategy_nearest,False,0.0020759105682373047,success
04E2944A9C4C80,0,['Arena'],Casa Giulietta,"['Centro Fotografia', 'Sighseeing', 'Torre Lamberti', 'Museo Conte', 'Museo Radio']",Torre Lamberti,strategy_nearest,True,0.003625154495239258,success
04E2A672743380,3,"['Arena', 'Castelvecchio', 'Santa Anastasia']",Duomo,"['AMO', 'Museo Miniscalchi', 'Teatro Romano', 'Palazzo della Ragione', 'Museo Conte']",San Zeno,strategy_nearest,False,0.002880096435546875,success
04E2A7BA7B3F80,2,['Castelvecchio'],Duomo,"['AMO', 'Museo Miniscalchi', 'Santa Anastasia', 'Teatro Romano', 'Palazzo della Ragione']",San Zeno,strategy_nearest,False,0.0032138824462890625,success
04E2B9429C4C80,3,"['Casa Giulietta', 'Casa Giulietta', 'Castelvecchio']",Santa Anastasia,"['AMO', 'Museo Conte', 'Palazzo della Ragione', 'Teatro Romano', 'Centro Fotografia']",Duomo,strategy_nearest,False,0.0021812915802001953,success
04E2A8429C4C80,3,['Arena'],Torre Lamberti,"['Sighseeing', 'Centro Fotografia', 'Museo Conte', 'Casa Giulietta', 'Palazzo della Ragione']",Casa Giulietta,strategy_nearest,True,0.0038089752197265625,success
04E2A872743380,3,"['Teatro Romano', 'Duomo']",Castelvecchio,"['Museo Lapidario', 'Verona Tour', 'Arena', 'Museo Radio', 'San Zeno']",Arena,strategy_nearest,True,0.0014841556549072266,success
04E2C8429C4C80,1,"['Tomba Giulietta', 'Arena', 'Casa Giulietta']",Torre Lamberti,"['Sighseeing', 'Centro Fotografia', 'Museo Conte', 'Palazzo della Ragione', 'AMO']",Palazzo della Ragione,strategy_nearest,True,0.002668142318725586,success
04E2F13A9C4C80,0,['Arena'],Castelvecchio,"['Museo Lapidario', 'Verona Tour', 'Museo Radio', 'San Zeno', 'Sighseeing']",Torre Lamberti,strategy_nearest,False,0.002941131591796875,success
04E2EE3A9C4C80,1,"['Castelvecchio', 'Arena', 'Casa Giulietta', 'Palazzo della Ragione']",Torre Lamberti,"['Sighseeing', 'Centro Fotografia', 'Museo Conte', 'AMO', 'Museo Miniscalchi']",Santa Anastasia,strategy_nearest,False,0.002371072769165039,success
04E2EF3A9C4C80,0,['Teatro Romano'],Casa Giulietta,"['Centro Fotografia', 'Sighseeing', 'Torre Lamberti', 'Museo Conte', 'Museo Radio']",Arena,strategy_nearest,False,0.0036809444427490234,success
04E2F73A9C4C80,0,['Arena'],Casa Giulietta,"['Centro Fotografia', 'Sighseeing', 'Torre Lamberti', 'Museo Conte', 'Museo Radio']",Santa Anastasia,strategy_nearest,False,0.0023081302642822266,success
04E3103A9C4C84,3,"['Arena', 'Torre Lamberti']",Casa Giulietta,"['Centro Fotografia', 'Sighseeing', 'Museo Conte', 'Museo Radio', 'Palazzo della Ragione']",Santa Anastasia,strategy_nearest,False,0.0015819072723388672,success
04E2FB3A9C4C80,3,"['Museo Storia', 'San Fermo', 'Torre Lamberti']",Santa Anastasia,"['AMO', 'Museo Conte', 'Palazzo della Ragione', 'Teatro Romano', 'Centro Fotografia']",Casa Giulietta,strategy_nearest,False,0.002991914749145508,success
04E3153A9C4C84,1,"['Arena', 'Casa Giulietta', 'Torre Lamberti']",Palazzo della Ragione,"['AMO', 'Museo Conte', 'Centro Fotografia', 'Sighseeing', 'Santa Anastasia']",Santa Anastasia,strategy_nearest,True,0.0035021305084228516,success
04E32C3A9C4C80,1,['Palazzo della Ragione'],Torre Lamberti,"['Sighseeing', 'Centro Fotografia', 'Museo Conte', 'Casa Giulietta', 'AMO']",Duomo,strategy_nearest,False,0.002614736557006836,success
04E3393A9C4C80,3,"['Arena', 'Castelvecchio']",San Zeno,"['Verona Tour', 'Museo Lapidario', 'Museo Miniscalchi', 'Sighseeing', 'Museo Radio']",Duomo,strategy_nearest,False,0.0026009082794189453,success
04E37C429C4C80,1,['Arena'],Torre Lamberti,"['Sighseeing', 'Centro Fotografia', 'Museo Conte', 'Casa Giulietta', 'Palazzo della Ragione']",Palazzo della Ragione,strategy_nearest,True,0.002496004104614258,success
04E3863A9C4C80,0,['Arena'],Castelvecchio,"['Museo Lapidario', 'Verona Tour', 'Museo Radio', 'San Zeno', 'Sighseeing']",Casa Giulietta,strategy_nearest,False,0.002457857131958008,success
04E3403A9C4C80,0,['Arena'],Casa Giulietta,"['Centro Fotografia', 'Sighseeing', 'Torre Lamberti', 'Museo Conte', 'Museo Radio']",Teatro Romano,strategy_nearest,False,0.003564119338989258,success
04E3903A9C4C80,0,['Arena'],Torre Lamberti,"['Sighseeing', 'Centro Fotografia', 'Museo Conte', 'Casa Giulietta', 'Palazzo della Ragione']",Casa Giulietta,strategy_nearest,True,0.0022881031036376953,success
04E38F3A9C4C80,3,"['Arena', 'Casa Giulietta']",Torre Lamberti,"['Sighseeing', 'Centro Fotografia', 'Museo Conte', 'Palazzo della Ragione', 'AMO']",Santa Anastasia,strategy_nearest,False,0.002885103225708008,success
04E3A472743380,1,"['Museo Lapidario', 'Castelvecchio', 'Tomba Giulietta', 'Museo Storia', 'Casa Giulietta']",Arena,"['Verona Tour', 'Museo Radio', 'San Fermo', 'Sighseeing', 'Torre Lamberti']",Teatro Romano,strategy_nearest,False,0.0028200149536132812,success
04E3A572743380,1,"['Arena', 'Casa Giulietta']",Torre Lamberti,"['Sighseeing', 'Centro Fotografia', 'Museo Conte', 'Palazzo della Ragione', 'AMO']",Palazzo della Ragione,strategy_nearest,True,0.0028290748596191406,success
04E3A7429C4C80,0,['Castelvecchio'],Torre Lamberti,"['Sighseeing', 'Centro Fotografia', 'Museo Conte', 'Casa Giulietta', 'Palazzo della Ragione']",Casa Giulietta,strategy_nearest,True,0.0024352073669433594,success
04E3A672743380,3,"['Casa Giulietta', 'Santa Anastasia', 'Arena', 'Castelvecchio']",Tomba Giulietta,"['San Fermo', 'Museo Storia', 'Museo Lapidario', 'Museo Radio', 'Verona Tour']",Torre Lamberti,strategy_nearest,False,0.0034477710723876953,success
04E3A772743380,1,"['Arena', 'Casa Giulietta', 'Torre Lamberti', 'Palazzo della Ragione']",Santa Anastasia,"['AMO', 'Museo Conte', 'Teatro Romano', 'Centro Fotografia', 'Duomo']",Teatro Romano,strategy_nearest,True,0.0031881332397460938,success
04E3B43A9C4C80,3,"['Arena', 'Museo Lapidario', 'Castelvecchio']",Casa Giulietta,"['Centro Fotografia', 'Sighseeing', 'Torre Lamberti', 'Museo Conte', 'Museo Radio']",Torre Lamberti,strategy_nearest,True,0.0026488304138183594,success
04E3AD429C4C80,3,"['Arena', 'Casa Giulietta']",Santa Anastasia,"['AMO', 'Museo Conte', 'Palazzo della Ragione', 'Teatro Romano', 'Centro Fotografia']",Duomo,strategy_nearest,False,0.0027360916137695312,success
04E3B9429C4C80,0,['Castelvecchio'],San Zeno,"['Verona Tour', 'Museo Lapidario', 'Arena', 'Museo Miniscalchi', 'Sighseeing']",Arena,strategy_nearest,True,0.0025510787963867188,success
04E3BC429C4C80,3,"['Arena', 'Tomba Giulietta']",Casa Giulietta,"['Centro Fotografia', 'Sighseeing', 'Torre Lamberti', 'Museo Conte', 'Museo Radio']",San Fermo,strategy_nearest,False,0.0030548572540283203,success
04E3C1429C4C80,3,"['Arena', 'Casa Giulietta']",Torre Lamberti,"['Sighseeing', 'Centro Fotografia', 'Museo Conte', 'Palazzo della Ragione', 'AMO']",Santa Anastasia,strategy_nearest,False,0.0025768280029296875,success
04E3C7429C4C80,0,"['Casa Giulietta', 'Casa Giulietta', 'Torre Lamberti']",Teatro Romano,"['Santa Anastasia', 'Duomo', 'AMO', 'Palazzo della Ragione', 'Museo Conte']",Tomba Giulietta,strategy_nearest,False,0.002094745635986328,success
04E3D83A9C4C80,1,"['Arena', 'Casa Giulietta', 'Torre Lamberti']",Palazzo della Ragione,"['AMO', 'Museo Conte', 'Centro Fotografia', 'Sighseeing', 'Santa Anastasia']",Santa Anastasia,strategy_nearest,True,0.0027599334716796875,success
04E3C2429C4C80,0,['Arena'],Casa Giulietta,"['Centro Fotografia', 'Sighseeing', 'Torre Lamberti', 'Museo Conte', 'Museo Radio']",Castelvecchio,strategy_nearest,False,0.004441738128662109,success
04E3D9BA7B3F80,3,"['Casa Giulietta', 'Castelvecchio', 'Arena']",Torre Lamberti,"['Sighseeing', 'Centro Fotografia', 'Museo Conte', 'Palazzo della Ragione', 'AMO']",Santa Anastasia,strategy_nearest,False,0.002496004104614258,success
04E3DA3A9C4C80,1,"['Teatro Romano', 'Duomo', 'Santa Anastasia']",Casa Giulietta,"['Centro Fotografia', 'Sighseeing', 'Torre Lamberti', 'Museo Conte', 'Museo Radio']",Palazzo della Ragione,strategy_nearest,False,0.002825021743774414,success
04E3EC3A9C4C80,3,"['Arena', 'Santa Anastasia']",Teatro Romano,"['Duomo', 'AMO', 'Palazzo della Ragione', 'Museo Conte', 'Centro Fotografia']",Duomo,strategy_nearest,True,0.0019741058349609375,success
04E3F33A9C4C80,3,['Torre Lamberti'],Santa Anastasia,"['AMO', 'Museo Conte', 'Palazzo della Ragione', 'Teatro Romano', 'Centro Fotografia']",Casa Giulietta,strategy_nearest,False,0.0016639232635498047,success
04E3EF3A9C4C80,3,"['Arena', 'Museo Lapidario', 'Santa Anastasia']",Duomo,"['AMO', 'Museo Miniscalchi', 'Teatro Romano', 'Palazzo della Ragione', 'Museo Conte']",Casa Giulietta,strategy_nearest,False,0.0037589073181152344,success
04E4A572743380,3,"['Teatro Romano', 'Santa Anastasia', 'Casa Giulietta']",Tomba Giulietta,"['San Fermo', 'Museo Storia', 'Arena', 'Museo Lapidario', 'Museo Radio']",Castelvecchio,strategy_nearest,False,0.0017919540405273438,success
04E440429C4C80,3,"['San Fermo', 'Torre Lamberti', 'Casa Giulietta']",Teatro Romano,"['Santa Anastasia', 'Duomo', 'AMO', 'Palazzo della Ragione', 'Museo Conte']",Duomo,strategy_nearest,True,0.005188703536987305,success
04E4A672743380,0,"['Duomo', 'San Zeno']",Castelvecchio,"['Museo Lapidario', 'Verona Tour', 'Arena', 'Museo Radio', 'Sighseeing']",Arena,strategy_nearest,True,0.0020890235900878906,success
04E4EB429C4C80,3,"['Arena', 'Casa Giulietta', 'Tomba Giulietta', 'Museo Lapidario']",Castelvecchio,"['Verona Tour', 'Museo Radio', 'San Zeno', 'Sighseeing', 'Museo Miniscalchi']",Torre Lamberti,strategy_nearest,False,0.0018990039825439453,success
04E50B3A9C4C84,3,"['Arena', 'San Fermo']",Casa Giulietta,"['Centro Fotografia', 'Sighseeing', 'Torre Lamberti', 'Museo Conte', 'Museo Radio']",Torre Lamberti,strategy_nearest,True,0.0019979476928710938,success
04E51B3A9C4C84,0,['Arena'],Castelvecchio,"['Museo Lapidario', 'Verona Tour', 'Museo Radio', 'San Zeno', 'Sighseeing']",Casa Giulietta,strategy_nearest,False,0.0026018619537353516,success
04E51E3A9C4C84,3,"['Arena', 'Torre Lamberti']",Casa Giulietta,"['Centro Fotografia', 'Sighseeing', 'Museo Conte', 'Museo Radio', 'Palazzo della Ragione']",Santa Anastasia,strategy_nearest,False,0.0018401145935058594,success
04E5264A9C4C80,3,"['Arena', 'Castelvecchio', 'Casa Giulietta']",San Fermo,"['Museo Storia', 'Museo Radio', 'Centro Fotografia', 'Sighseeing', 'Torre Lamberti']",Santa Anastasia,strategy_nearest,False,0.0035851001739501953,success
04E5553A9C4C80,3,"['Arena', 'Casa Giulietta']",Torre Lamberti,"['Sighseeing', 'Centro Fotografia', 'Museo Conte', 'Palazzo della Ragione', 'AMO']",Santa Anastasia,strategy_nearest,False,0.003165006637573242,success
04E565BA7B3F80,0,['Casa Giulietta'],Arena,"['Verona Tour', 'Museo Lapidario', 'Museo Radio', 'San Fermo', 'Sighseeing']",Torre Lamberti,strategy_nearest,False,0.002707958221435547,success
04E57ABA7B3F80,0,['Casa Giulietta'],Arena,"['Verona Tour', 'Museo Lapidario', 'Museo Radio', 'San Fermo', 'Sighseeing']",Tomba Giulietta,strategy_nearest,False,0.0024900436401367188,success
04E5713A9C4C80,3,"['Arena', 'Torre Lamberti']",Casa Giulietta,"['Centro Fotografia', 'Sighseeing', 'Museo Conte', 'Museo Radio', 'Palazzo della Ragione']",Castelvecchio,strategy_nearest,False,0.0027053356170654297,success
04E58E3A9C4C80,1,"['Casa Giulietta', 'Torre Lamberti', 'Palazzo della Ragione']",Arena,"['Verona Tour', 'Museo Lapidario', 'Museo Radio', 'San Fermo', 'Sighseeing']",Santa Anastasia,strategy_nearest,False,0.0034329891204833984,success
04E58E4A9C4C80,1,"['Arena', 'Torre Lamberti', 'Palazzo della Ragione']",Casa Giulietta,"['Centro Fotografia', 'Sighseeing', 'Museo Conte', 'Museo Radio', 'San Fermo']",Santa Anastasia,strategy_nearest,False,0.003077983856201172,success
04E582BA7B3F80,0,['Casa Giulietta'],Arena,"['Verona Tour', 'Museo Lapidario', 'Museo Radio', 'San Fermo', 'Sighseeing']",Castelvecchio,strategy_nearest,False,0.0027053356170654297,success
04E5914A9C4C80,1,"['Arena', 'Casa Giulietta']",Santa Anastasia,"['AMO', 'Museo Conte', 'Palazzo della Ragione', 'Teatro Romano', 'Centro Fotografia']",Torre Lamberti,strategy_nearest,False,0.00435185432434082,success
04E59DBA7B3F80,3,"['Casa Giulietta', 'San Fermo', 'Arena']",Castelvecchio,"['Museo Lapidario', 'Verona Tour', 'Museo Radio', 'San Zeno', 'Sighseeing']",Torre Lamberti,strategy_nearest,False,0.0022668838500976562,success
04E5A63A9C4C80,1,"['Arena', 'Casa Giulietta']",Torre Lamberti,"['Sighseeing', 'Centro Fotografia', 'Museo Conte', 'Palazzo della Ragione', 'AMO']",Palazzo della Ragione,strategy_nearest,True,0.002846240997314453,success
04E5A772743380,3,"['Casa Giulietta', 'Torre Lamberti', 'Duomo']",Teatro Romano,"['Santa Anastasia', 'AMO', 'Palazzo della Ragione', 'Museo Conte', 'Centro Fotografia']",Castelvecchio,strategy_nearest,False,0.002924203872680664,success
04E5A872743380,2,"['Teatro Romano', 'Castelvecchio']",Museo Lapidario,"['Verona Tour', 'Arena', 'Museo Radio', 'San Fermo', 'Casa Giulietta']",Casa Giulietta,strategy_nearest,True,0.002328157424926758,success
04E5BF429C4C80,3,"['San Zeno', 'Arena', 'Santa Anastasia']",Duomo,"['AMO', 'Museo Miniscalchi', 'Teatro Romano', 'Palazzo della Ragione', 'Museo Conte']",Torre Lamberti,strategy_nearest,False,0.0025708675384521484,success
04E5B8429C4C80,1,"['Casa Giulietta', 'Palazzo della Ragione']",Torre Lamberti,"['Sighseeing', 'Centro Fotografia', 'Museo Conte', 'AMO', 'Museo Miniscalchi']",Santa Anastasia,strategy_nearest,False,0.003364086151123047,success
04E5C6429C4C80,1,"['Castelvecchio', 'Arena']",Palazzo della Ragione,"['AMO', 'Museo Conte', 'Torre Lamberti', 'Centro Fotografia', 'Sighseeing']",Duomo,strategy_nearest,False,0.0027680397033691406,success
04E5CF3A9C4C80,2,['Torre Lamberti'],Duomo,"['AMO', 'Museo Miniscalchi', 'Santa Anastasia', 'Teatro Romano', 'Palazzo della Ragione']",Casa Giulietta,strategy_nearest,False,0.0020318031311035156,success
04E5D53A9C4C80,3,"['Arena', 'Duomo']",Santa Anastasia,"['AMO', 'Museo Conte', 'Palazzo della Ragione', 'Teatro Romano', 'Centro Fotografia']",Casa Giulietta,strategy_nearest,False,0.0026750564575195312,success
04E5EF3A9C4C80,1,['Arena'],San Fermo,"['Museo Storia', 'Museo Radio', 'Casa Giulietta', 'Centro Fotografia', 'Sighseeing']",Torre Lamberti,strategy_nearest,False,0.0029439926147460938,success
04E5F73A9C4C80,0,['Arena'],Casa Giulietta,"['Centro Fotografia', 'Sighseeing', 'Torre Lamberti', 'Museo Conte', 'Museo Radio']",Santa Anastasia,strategy_nearest,False,0.0019571781158447266,success
04E6184A9C4C80,3,"['Arena', 'Castelvecchio', 'Duomo']",Casa Giulietta,"['Centro Fotografia', 'Sighseeing', 'Torre Lamberti', 'Museo Conte', 'Museo Radio']",Tomba Giulietta,strategy_nearest,False,0.0019030570983886719,success
04E61B3A9C4C84,0,['Duomo'],Castelvecchio,"['Museo Lapidario', 'Verona Tour', 'Arena', 'Museo Radio', 'San Zeno']",Arena,strategy_nearest,True,0.002947092056274414,success
04E62F429C4C80,1,"['Arena', 'Tomba Giulietta', 'Casa Giulietta']",Torre Lamberti,"['Sighseeing', 'Centro Fotografia', 'Museo Conte', 'Palazzo della Ragione', 'AMO']",Palazzo della Ragione,strategy_nearest,True,0.003463268280029297,success
04E6323A9C4C80,3,"['Museo Storia', 'Teatro Romano']",Duomo,"['AMO', 'Museo Miniscalchi', 'Santa Anastasia', 'Palazzo della Ragione', 'Museo Conte']",Arena,strategy_nearest,False,0.003378152847290039,success
04E6563A9C4C80,0,['Arena'],Torre Lamberti,"['Sighseeing', 'Centro Fotografia', 'Museo Conte', 'Casa Giulietta', 'Palazzo della Ragione']",Casa Giulietta,strategy_nearest,True,0.003542184829711914,success
04E6753A9C4C80,3,['Arena'],Casa Giulietta,"['Centro Fotografia', 'Sighseeing', 'Torre Lamberti', 'Museo Conte', 'Museo Radio']",Santa Anastasia,strategy_nearest,False,0.0030498504638671875,success
04E6533A9C4C80,3,['Arena'],Casa Giulietta,"['Centro Fotografia', 'Sighseeing', 'Torre Lamberti', 'Museo Conte', 'Museo Radio']",Duomo,strategy_nearest,False,0.002931833267211914,success
04E635429C4C80,0,['Arena'],Casa Giulietta,"['Centro Fotografia', 'Sighseeing', 'Torre Lamberti', 'Museo Conte', 'Museo Radio']",Torre Lamberti,strategy_nearest,True,0.002652883529663086,success
04E6823A9C4C80,0,['Arena'],Casa Giulietta,"['Centro Fotografia', 'Sighseeing', 'Torre Lamberti', 'Museo Conte', 'Museo Radio']",Torre Lamberti,strategy_nearest,True,0.0012218952178955078,success
04E67A3A9C4C80,3,['Arena'],Casa Giulietta,"['Centro Fotografia', 'Sighseeing', 'Torre Lamberti', 'Museo Conte', 'Museo Radio']",Santa Anastasia,strategy_nearest,False,0.0018928050994873047,success
04E6833A9C4C80,3,"['Arena', 'Casa Giulietta']",Torre Lamberti,"['Sighseeing', 'Centro Fotografia', 'Museo Conte', 'Palazzo della Ragione', 'AMO']",Teatro Romano,strategy_nearest,False,0.003025054931640625,success
04E68A429C4C80,1,"['Arena', 'Casa Giulietta']",Torre Lamberti,"['Sighseeing', 'Centro Fotografia', 'Museo Conte', 'Palazzo della Ragione', 'AMO']",Palazzo della Ragione,strategy_nearest,True,0.0015490055084228516,success
04E6893A9C4C80,3,['Casa Giulietta'],Arena,"['Verona Tour', 'Museo Lapidario', 'Museo Radio', 'San Fermo', 'Sighseeing']",Duomo,strategy_nearest,False,0.004720926284790039,success
04E68E3A9C4C80,0,['Casa Giulietta'],Arena,"['Verona Tour', 'Museo Lapidario', 'Museo Radio', 'San Fermo', 'Sighseeing']",Teatro Romano,strategy_nearest,False,0.003196239471435547,success
04E693429C4C80,0,"['Teatro Romano', 'Torre Lamberti']",Arena,"['Verona Tour', 'Museo Lapidario', 'Museo Radio', 'San Fermo', 'Casa Giulietta']",Casa Giulietta,strategy_nearest,True,0.002064943313598633,success
04E6A672743380,1,"['Castelvecchio', 'Casa Giulietta', 'Santa Anastasia']",Duomo,"['AMO', 'Museo Miniscalchi', 'Teatro Romano', 'Palazzo della Ragione', 'Museo Conte']",Arena,strategy_nearest,False,0.0026388168334960938,success
04E6A572743380,4,"['Arena', 'Torre Lamberti', 'Palazzo della Ragione']",Museo Radio,"['Casa Giulietta', 'San Fermo', 'Sighseeing', 'Centro Fotografia', 'Verona Tour']",Tomba Giulietta,strategy_nearest,False,0.0020112991333007812,success
04E6A7429C4C80,1,['Arena'],Casa Giulietta,"['Centro Fotografia', 'Sighseeing', 'Torre Lamberti', 'Museo Conte', 'Museo Radio']",Palazzo della Ragione,strategy_nearest,False,0.0026998519897460938,success
04E6A872743380,0,['Teatro Romano'],Arena,"['Verona Tour', 'Museo Lapidario', 'Museo Radio', 'San Fermo', 'Casa Giulietta']",Casa Giulietta,strategy_nearest,True,0.002019166946411133,success
04E6A772743380,1,"['Arena', 'Santa Anastasia', 'Duomo']",Torre Lamberti,"['Sighseeing', 'Centro Fotografia', 'Museo Conte', 'Casa Giulietta', 'Palazzo della Ragione']",Teatro Romano,strategy_nearest,False,0.0030450820922851562,success
04E6B23A9C4C80,1,"['Arena', 'Casa Giulietta', 'Palazzo della Ragione']",Torre Lamberti,"['Sighseeing', 'Centro Fotografia', 'Museo Conte', 'AMO', 'Museo Miniscalchi']",Santa Anastasia,strategy_nearest,False,0.002418994903564453,success
04E6AF3A9C4C80,3,"['San Zeno', 'Torre Lamberti']",Santa Anastasia,"['AMO', 'Museo Conte', 'Palazzo della Ragione', 'Teatro Romano', 'Centro Fotografia']",Duomo,strategy_nearest,False,0.003398895263671875,success
04E6B5429C4C80,0,"['Arena', 'Casa Giulietta']",Torre Lamberti,"['Sighseeing', 'Centro Fotografia', 'Museo Conte', 'Palazzo della Ragione', 'AMO']",Castelvecchio,strategy_nearest,False,0.0018239021301269531,success
04E6B8429C4C80,1,"['Arena', 'Casa Giulietta']",Palazzo della Ragione,"['AMO', 'Museo Conte', 'Torre Lamberti', 'Centro Fotografia', 'Sighseeing']",Duomo,strategy_nearest,False,0.003564119338989258,success
04E6C9429C4C80,0,"['Casa Giulietta', 'Torre Lamberti']",Teatro Romano,"['Santa Anastasia', 'Duomo', 'AMO', 'Palazzo della Ragione', 'Museo Conte']",Arena,strategy_nearest,False,0.0019690990447998047,success
04E6CD3A9C4C80,3,"['Arena', 'Torre Lamberti']",Teatro Romano,"['Santa Anastasia', 'Duomo', 'AMO', 'Palazzo della Ragione', 'Museo Conte']",Santa Anastasia,strategy_nearest,True,0.0029897689819335938,success
04E715BA7B3F84,0,['Casa Giulietta'],Arena,"['Verona Tour', 'Museo Lapidario', 'Museo Radio', 'San Fermo', 'Sighseeing']",Torre Lamberti,strategy_nearest,False,0.002820253372192383,success
04E6EA3A9C4C80,2,"['Casa Giulietta', 'Torre Lamberti']",Palazzo della Ragione,"['AMO', 'Museo Conte', 'Centro Fotografia', 'Sighseeing', 'Santa Anastasia']",Castelvecchio,strategy_nearest,False,0.0021598339080810547,success
04E71A429C4C80,0,['Castelvecchio'],Arena,"['Verona Tour', 'Museo Lapidario', 'Museo Radio', 'San Fermo', 'Casa Giulietta']",Casa Giulietta,strategy_nearest,True,0.0035619735717773438,success
04E720429C4C84,0,['Santa Anastasia'],Casa Giulietta,"['Centro Fotografia', 'Sighseeing', 'Torre Lamberti', 'Museo Conte', 'Museo Radio']",Arena,strategy_nearest,False,0.002894163131713867,success
04E730429C4C80,0,['Arena'],Castelvecchio,"['Museo Lapidario', 'Verona Tour', 'Museo Radio', 'San Zeno', 'Sighseeing']",Casa Giulietta,strategy_nearest,False,0.0026428699493408203,success
04E734429C4C80,0,['Arena'],Torre Lamberti,"['Sighseeing', 'Centro Fotografia', 'Museo Conte', 'Casa Giulietta', 'Palazzo della Ragione']",Casa Giulietta,strategy_nearest,True,0.0019369125366210938,success
04E735429C4C80,0,['Arena'],Castelvecchio,"['Museo Lapidario', 'Verona Tour', 'Museo Radio', 'San Zeno', 'Sighseeing']",Santa Anastasia,strategy_nearest,False,0.002069711685180664,success
04E773BA7B3F80,0,['Casa Giulietta'],Arena,"['Verona Tour', 'Museo Lapidario', 'Museo Radio', 'San Fermo', 'Sighseeing']",Museo Storia,strategy_nearest,False,0.0026009082794189453,success
04E73A429C4C80,0,"['Castelvecchio', 'Arena']",Casa Giulietta,"['Centro Fotografia', 'Sighseeing', 'Torre Lamberti', 'Museo Conte', 'Museo Radio']",Museo Lapidario,strategy_nearest,False,0.0033338069915771484,success
04E7783A9C4C80,1,"['Arena', 'Casa Giulietta']",Torre Lamberti,"['Sighseeing', 'Centro Fotografia', 'Museo Conte', 'Palazzo della Ragione', 'AMO']",Palazzo della Ragione,strategy_nearest,True,0.0021588802337646484,success
04E774BA7B3F80,0,['Casa Giulietta'],San Fermo,"['Museo Storia', 'Museo Radio', 'Centro Fotografia', 'Arena', 'Sighseeing']",Arena,strategy_nearest,True,0.0024809837341308594,success
04E77B429C4C80,1,"['Arena', 'San Fermo', 'Casa Giulietta']",Torre Lamberti,"['Sighseeing', 'Centro Fotografia', 'Museo Conte', 'Palazzo della Ragione', 'AMO']",Palazzo della Ragione,strategy_nearest,True,0.002457141876220703,success
04E77D3A9C4C80,1,"['Arena', 'Casa Giulietta']",Palazzo della Ragione,"['AMO', 'Museo Conte', 'Torre Lamberti', 'Centro Fotografia', 'Sighseeing']",Torre Lamberti,strategy_nearest,True,0.002480030059814453,success
04E77D429C4C80,1,"['Teatro Romano', 'Casa Giulietta']",Palazzo della Ragione,"['AMO', 'Museo Conte', 'Torre Lamberti', 'Centro Fotografia', 'Sighseeing']",Arena,strategy_nearest,False,0.003284931182861328,success
04E782429C4C80,3,"['Arena', 'Castelvecchio']",Casa Giulietta,"['Centro Fotografia', 'Sighseeing', 'Torre Lamberti', 'Museo Conte', 'Museo Radio']",Santa Anastasia,strategy_nearest,False,0.0019261837005615234,success
04E7834A9C4C80,1,"['Arena', 'Torre Lamberti']",Palazzo della Ragione,"['AMO', 'Museo Conte', 'Centro Fotografia', 'Sighseeing', 'Santa Anastasia']",Casa Giulietta,strategy_nearest,False,0.0017838478088378906,success
04E7833A9C4C80,3,"['San Fermo', 'Santa Anastasia', 'Duomo']",Teatro Romano,"['AMO', 'Palazzo della Ragione', 'Museo Conte', 'Centro Fotografia', 'Museo Miniscalchi']",Castelvecchio,strategy_nearest,False,0.003301858901977539,success
04E788429C4C80,1,"['Arena', 'Casa Giulietta']",San Fermo,"['Museo Storia', 'Museo Radio', 'Centro Fotografia', 'Sighseeing', 'Torre Lamberti']",Torre Lamberti,strategy_nearest,True,0.0027201175689697266,success
04E7893A9C4C80,3,['Casa Giulietta'],Arena,"['Verona Tour', 'Museo Lapidario', 'Museo Radio', 'San Fermo', 'Sighseeing']",Duomo,strategy_nearest,False,0.0025849342346191406,success
04E789429C4C80,1,"['Arena', 'Torre Lamberti']",Palazzo della Ragione,"['AMO', 'Museo Conte', 'Centro Fotografia', 'Sighseeing', 'Santa Anastasia']",Duomo,strategy_nearest,False,0.0026009082794189453,success
04E78D429C4C80,1,"['Arena', 'Casa Giulietta', 'Torre Lamberti']",Palazzo della Ragione,"['AMO', 'Museo Conte', 'Centro Fotografia', 'Sighseeing', 'Santa Anastasia']",Duomo,strategy_nearest,False,0.003119945526123047,success
04E78F429C4C80,6,['Arena'],Casa Giulietta,"['Centro Fotografia', 'Sighseeing', 'Torre Lamberti', 'Museo Conte', 'Museo Radio']",Verona Tour,strategy_nearest,False,0.002938985824584961,success
04E78A4A9C4C80,3,"['Arena', 'Casa Giulietta', 'Torre Lamberti']",Santa Anastasia,"['AMO', 'Museo Conte', 'Palazzo della Ragione', 'Teatro Romano', 'Centro Fotografia']",Duomo,strategy_nearest,False,0.003317117691040039,success
04E7A9429C4C80,0,['Arena'],Casa Giulietta,"['Centro Fotografia', 'Sighseeing', 'Torre Lamberti', 'Museo Conte', 'Museo Radio']",Torre Lamberti,strategy_nearest,True,0.003506898880004883,success
04E7B03A9C4C80,0,"['Castelvecchio', 'Tomba Giulietta']",Arena,"['Verona Tour', 'Museo Lapidario', 'Museo Radio', 'San Fermo', 'Casa Giulietta']",Casa Giulietta,strategy_nearest,True,0.002789020538330078,success
04E7A472743380,3,"['Arena', 'Casa Giulietta', 'Torre Lamberti']",Santa Anastasia,"['AMO', 'Museo Conte', 'Palazzo della Ragione', 'Teatro Romano', 'Centro Fotografia']",Teatro Romano,strategy_nearest,True,0.002907991409301758,success
04E792BA7B3F80,0,['Casa Giulietta'],Arena,"['Verona Tour', 'Museo Lapidario', 'Museo Radio', 'San Fermo', 'Sighseeing']",Torre Lamberti,strategy_nearest,False,0.0026569366455078125,success
04E7C4429C4C80,3,['Arena'],Casa Giulietta,"['Centro Fotografia', 'Sighseeing', 'Torre Lamberti', 'Museo Conte', 'Museo Radio']",Santa Anastasia,strategy_nearest,False,0.0017790794372558594,success
04E7C8429C4C80,3,"['Casa Giulietta', 'Torre Lamberti', 'Arena']",San Fermo,"['Museo Storia', 'Museo Radio', 'Centro Fotografia', 'Sighseeing', 'Museo Conte']",Teatro Romano,strategy_nearest,False,0.0033998489379882812,success
04E7BF429C4C80,1,"['Arena', 'Palazzo della Ragione']",Torre Lamberti,"['Sighseeing', 'Centro Fotografia', 'Museo Conte', 'Casa Giulietta', 'AMO']",Casa Giulietta,strategy_nearest,True,0.0030059814453125,success
04E7EE429C4C80,0,"['Arena', 'Museo Lapidario']",Castelvecchio,"['Verona Tour', 'Museo Radio', 'San Zeno', 'Sighseeing', 'Museo Miniscalchi']",Torre Lamberti,strategy_nearest,False,0.0021779537200927734,success
04E7EF3A9C4C80,0,['Arena'],Casa Giulietta,"['Centro Fotografia', 'Sighseeing', 'Torre Lamberti', 'Museo Conte', 'Museo Radio']",Castelvecchio,strategy_nearest,False,0.0015170574188232422,success
04E7F33A9C4C80,3,"['Museo Storia', 'San Fermo', 'Torre Lamberti']",Santa Anastasia,"['AMO', 'Museo Conte', 'Palazzo della Ragione', 'Teatro Romano', 'Centro Fotografia']",Casa Giulietta,strategy_nearest,False,0.002234935760498047,success
04E7F93A9C4C80,0,['San Zeno'],Arena,"['Verona Tour', 'Museo Lapidario', 'Museo Radio', 'San Fermo', 'Casa Giulietta']",Tomba Giulietta,strategy_nearest,False,0.0028998851776123047,success
04E7FCBA7B3F80,0,['Casa Giulietta'],Arena,"['Verona Tour', 'Museo Lapidario', 'Museo Radio', 'San Fermo', 'Sighseeing']",Tomba Giulietta,strategy_nearest,False,0.00339508056640625,success
04E80E429C4C84,3,"['Arena', 'San Fermo']",Casa Giulietta,"['Centro Fotografia', 'Sighseeing', 'Torre Lamberti', 'Museo Conte', 'Museo Radio']",Santa Anastasia,strategy_nearest,False,0.0015358924865722656,success
04E8173A9C4C84,3,"['Duomo', 'Teatro Romano']",Casa Giulietta,"['Centro Fotografia', 'Sighseeing', 'Torre Lamberti', 'Museo Conte', 'Museo Radio']",San Fermo,strategy_nearest,False,0.003030061721801758,success
04E81E429C4C80,2,['Duomo'],Teatro Romano,"['Santa Anastasia', 'AMO', 'Palazzo della Ragione', 'Museo Conte', 'Centro Fotografia']",Casa Giulietta,strategy_nearest,False,0.0021271705627441406,success
04E8283A9C4C80,0,['Arena'],Castelvecchio,"['Museo Lapidario', 'Verona Tour', 'Museo Radio', 'San Zeno', 'Sighseeing']",Casa Giulietta,strategy_nearest,False,0.003190755844116211,success
04E831429C4C80,0,['Casa Giulietta'],Arena,"['Verona Tour', 'Museo Lapidario', 'Museo Radio', 'San Fermo', 'Sighseeing']",Torre Lamberti,strategy_nearest,False,0.002817869186401367,success
04E83A429C4C80,0,['Castelvecchio'],Arena,"['Verona Tour', 'Museo Lapidario', 'Museo Radio', 'San Fermo', 'Casa Giulietta']",Casa Giulietta,strategy_nearest,True,0.0018470287322998047,success
04E835429C4C80,1,"['Arena', 'Museo Lapidario']",Castelvecchio,"['Verona Tour', 'Museo Radio', 'San Zeno', 'Sighseeing', 'Museo Miniscalchi']",Casa Giulietta,strategy_nearest,False,0.0031201839447021484,success
04E83E429C4C80,1,"['Casa Giulietta', 'Torre Lamberti']",Palazzo della Ragione,"['AMO', 'Museo Conte', 'Centro Fotografia', 'Sighseeing', 'Santa Anastasia']",Castelvecchio,strategy_nearest,False,0.003098011016845703,success
04E83E3A9C4C80,3,['Arena'],Casa Giulietta,"['Centro Fotografia', 'Sighseeing', 'Torre Lamberti', 'Museo Conte', 'Museo Radio']",Santa Anastasia,strategy_nearest,False,0.0026617050170898438,success
04E846429C4C80,1,['Arena'],Casa Giulietta,"['Centro Fotografia', 'Sighseeing', 'Torre Lamberti', 'Museo Conte', 'Museo Radio']",Palazzo della Ragione,strategy_nearest,False,0.0025177001953125,success
04E879429C4C80,0,['Arena'],Castelvecchio,"['Museo Lapidario', 'Verona Tour', 'Museo Radio', 'San Zeno', 'Sighseeing']",Torre Lamberti,strategy_nearest,False,0.0030279159545898438,success
04E849429C4C80,0,['Arena'],Casa Giulietta,"['Centro Fotografia', 'Sighseeing', 'Torre Lamberti', 'Museo Conte', 'Museo Radio']",Palazzo della Ragione,strategy_nearest,False,0.0034351348876953125,success
04E8563A9C4C80,1,"['Arena', 'Torre Lamberti']",Palazzo della Ragione,"['AMO', 'Museo Conte', 'Centro Fotografia', 'Sighseeing', 'Santa Anastasia']",Teatro Romano,strategy_nearest,False,0.002132892608642578,success
04E8553A9C4C80,0,"['Arena', 'Casa Giulietta']",San Fermo,"['Museo Storia', 'Museo Radio', 'Centro Fotografia', 'Sighseeing', 'Torre Lamberti']",Museo Storia,strategy_nearest,True,0.0027582645416259766,success
04E87D429C4C80,1,"['Arena', 'Casa Giulietta', 'Duomo']",Teatro Romano,"['Santa Anastasia', 'AMO', 'Palazzo della Ragione', 'Museo Conte', 'Centro Fotografia']",San Fermo,strategy_nearest,False,0.0013818740844726562,success
04E87F429C4C80,3,"['Torre Lamberti', 'Casa Giulietta']",Teatro Romano,"['Santa Anastasia', 'Duomo', 'AMO', 'Palazzo della Ragione', 'Museo Conte']",Duomo,strategy_nearest,True,0.0021970272064208984,success
04E885429C4C80,3,"['Casa Giulietta', 'Torre Lamberti']",Santa Anastasia,"['AMO', 'Museo Conte', 'Palazzo della Ragione', 'Teatro Romano', 'Centro Fotografia']",Duomo,strategy_nearest,False,0.0028197765350341797,success
04E887429C4C80,1,"['Arena', 'Casa Giulietta']",Torre Lamberti,"['Sighseeing', 'Centro Fotografia', 'Museo Conte', 'Palazzo della Ragione', 'AMO']",Palazzo della Ragione,strategy_nearest,True,0.003352642059326172,success
04E88A4A9C4C80,0,['Arena'],Tomba Giulietta,"['San Fermo', 'Museo Storia', 'Museo Lapidario', 'Museo Radio', 'Verona Tour']",Casa Giulietta,strategy_nearest,False,0.0015940666198730469,success
04E8A472743380,1,"['Arena', 'Museo Lapidario', 'Casa Giulietta']",Torre Lamberti,"['Sighseeing', 'Centro Fotografia', 'Museo Conte', 'Palazzo della Ragione', 'AMO']",Palazzo della Ragione,strategy_nearest,True,0.0028450489044189453,success
04E88F429C4C80,0,['San Zeno'],Arena,"['Verona Tour', 'Museo Lapidario', 'Museo Radio', 'San Fermo', 'Casa Giulietta']",Casa Giulietta,strategy_nearest,True,0.0023140907287597656,success
04E8A672743380,1,"['Palazzo della Ragione', 'Torre Lamberti', 'Santa Anastasia']",Duomo,"['AMO', 'Museo Miniscalchi', 'Teatro Romano', 'Museo Conte', 'Centro Fotografia']",Castelvecchio,strategy_nearest,False,0.0031790733337402344,success
04E8A872743380,3,"['Teatro Romano', 'Castelvecchio', 'Arena']",Santa Anastasia,"['AMO', 'Museo Conte', 'Palazzo della Ragione', 'Centro Fotografia', 'Duomo']",Torre Lamberti,strategy_nearest,False,0.002056121826171875,success
04E8AB429C4C80,3,"['Arena', 'Casa Giulietta']",Torre Lamberti,"['Sighseeing', 'Centro Fotografia', 'Museo Conte', 'Palazzo della Ragione', 'AMO']",Santa Anastasia,strategy_nearest,False,0.002707958221435547,success
04E8B6429C4C80,0,['Arena'],Casa Giulietta,"['Centro Fotografia', 'Sighseeing', 'Torre Lamberti', 'Museo Conte', 'Museo Radio']",Castelvecchio,strategy_nearest,False,0.001955270767211914,success
04E8C0429C4C80,3,"['Castelvecchio', 'Teatro Romano']",Santa Anastasia,"['AMO', 'Museo Conte', 'Palazzo della Ragione', 'Centro Fotografia', 'Duomo']",Torre Lamberti,strategy_nearest,False,0.003292083740234375,success
04E8C43A9C4C80,3,"['Torre Lamberti', 'Teatro Romano', 'Duomo']",Santa Anastasia,"['AMO', 'Museo Conte', 'Palazzo della Ragione', 'Centro Fotografia', 'Sighseeing']",Casa Giulietta,strategy_nearest,False,0.002650022506713867,success
04E8C8429C4C80,2,['Casa Giulietta'],Torre Lamberti,"['Sighseeing', 'Centro Fotografia', 'Museo Conte', 'Palazzo della Ragione', 'AMO']",Teatro Romano,strategy_nearest,False,0.0022368431091308594,success
04E8C9429C4C80,0,['Arena'],Castelvecchio,"['Museo Lapidario', 'Verona Tour', 'Museo Radio', 'San Zeno', 'Sighseeing']",Casa Giulietta,strategy_nearest,False,0.002972841262817383,success
04E8EE3A9C4C80,3,"['Arena', 'Torre Lamberti']",Santa Anastasia,"['AMO', 'Museo Conte', 'Palazzo della Ragione', 'Teatro Romano', 'Centro Fotografia']",Casa Giulietta,strategy_nearest,False,0.0028972625732421875,success
04E8F93A9C4C80,3,"['Castelvecchio', 'Arena']",Duomo,"['AMO', 'Museo Miniscalchi', 'Santa Anastasia', 'Teatro Romano', 'Palazzo della Ragione']",Santa Anastasia,strategy_nearest,True,0.0030279159545898438,success
04E91C3A9C4C84,3,"['Arena', 'Casa Giulietta']",Torre Lamberti,"['Sighseeing', 'Centro Fotografia', 'Museo Conte', 'Palazzo della Ragione', 'AMO']",Santa Anastasia,strategy_nearest,False,0.002023935317993164,success
04E9193A9C4C84,0,['Arena'],Casa Giulietta,"['Centro Fotografia', 'Sighseeing', 'Torre Lamberti', 'Museo Conte', 'Museo Radio']",Teatro Romano,strategy_nearest,False,0.002733945846557617,success
04E9163A9C4C84,1,['Arena'],Torre Lamberti,"['Sighseeing', 'Centro Fotografia', 'Museo Conte', 'Casa Giulietta', 'Palazzo della Ragione']",Palazzo della Ragione,strategy_nearest,True,0.004655122756958008,success
04E9393A9C4C80,3,"['Arena', 'Museo Lapidario']",Duomo,"['AMO', 'Museo Miniscalchi', 'Santa Anastasia', 'Teatro Romano', 'Palazzo della Ragione']",Santa Anastasia,strategy_nearest,True,0.0031991004943847656,success
04E9403A9C4C80,0,['Arena'],Casa Giulietta,"['Centro Fotografia', 'Sighseeing', 'Torre Lamberti', 'Museo Conte', 'Museo Radio']",Torre Lamberti,strategy_nearest,True,0.002891063690185547,success
04E91D3A9C4C84,1,"['Teatro Romano', 'Duomo']",Palazzo della Ragione,"['AMO', 'Museo Conte', 'Torre Lamberti', 'Centro Fotografia', 'Sighseeing']",Torre Lamberti,strategy_nearest,True,0.0029060840606689453,success
04E9713A9C4C80,0,['Arena'],Casa Giulietta,"['Centro Fotografia', 'Sighseeing', 'Torre Lamberti', 'Museo Conte', 'Museo Radio']",Torre Lamberti,strategy_nearest,True,0.0019228458404541016,success
04E9874A9C4C80,1,"['Arena', 'Casa Giulietta', 'Torre Lamberti']",Palazzo della Ragione,"['AMO', 'Museo Conte', 'Centro Fotografia', 'Sighseeing', 'Santa Anastasia']",Castelvecchio,strategy_nearest,False,0.002694845199584961,success
04E97E3A9C4C80,1,"['Museo Lapidario', 'Castelvecchio', 'Arena', 'Casa Giulietta']",Palazzo della Ragione,"['AMO', 'Museo Conte', 'Torre Lamberti', 'Centro Fotografia', 'Sighseeing']",Torre Lamberti,strategy_nearest,True,0.0022459030151367188,success
04E97A4A9C4C80,1,"['Torre Lamberti', 'Palazzo della Ragione', 'Santa Anastasia']",Duomo,"['AMO', 'Museo Miniscalchi', 'Teatro Romano', 'Museo Conte', 'Centro Fotografia']",Castelvecchio,strategy_nearest,False,0.003718852996826172,success
04E9A672743380,3,"['Casa Giulietta', 'Santa Anastasia', 'Arena', 'Castelvecchio']",Tomba Giulietta,"['San Fermo', 'Museo Storia', 'Museo Lapidario', 'Museo Radio', 'Verona Tour']",Torre Lamberti,strategy_nearest,False,0.003081083297729492,success
04E9A34A9C4C80,0,['Arena'],Castelvecchio,"['Museo Lapidario', 'Verona Tour', 'Museo Radio', 'San Zeno', 'Sighseeing']",Casa Giulietta,strategy_nearest,False,0.0020558834075927734,success
04E98F429C4C80,1,"['Arena', 'Museo Lapidario', 'Castelvecchio', 'Torre Lamberti']",Palazzo della Ragione,"['AMO', 'Museo Conte', 'Centro Fotografia', 'Sighseeing', 'Santa Anastasia']",Casa Giulietta,strategy_nearest,False,0.002933025360107422,success
04E9A63A9C4C80,0,['Arena'],Casa Giulietta,"['Centro Fotografia', 'Sighseeing', 'Torre Lamberti', 'Museo Conte', 'Museo Radio']",Torre Lamberti,strategy_nearest,True,0.0027489662170410156,success
04E9A772743380,1,"['Castelvecchio', 'Arena']",Casa Giulietta,"['Centro Fotografia', 'Sighseeing', 'Torre Lamberti', 'Museo Conte', 'Museo Radio']",Tomba Giulietta,strategy_nearest,False,0.001332998275756836,success
04E9A8429C4C80,3,"['Arena', 'Casa Giulietta']",Torre Lamberti,"['Sighseeing', 'Centro Fotografia', 'Museo Conte', 'Palazzo della Ragione', 'AMO']",Santa Anastasia,strategy_nearest,False,0.0027489662170410156,success
04E9A83A9C4C80,4,"['Arena', 'Museo Lapidario', 'Castelvecchio', 'Duomo']",Torre Lamberti,"['Sighseeing', 'Centro Fotografia', 'Museo Conte', 'Casa Giulietta', 'Palazzo della Ragione']",Palazzo della Ragione,strategy_nearest,True,0.00215911865234375,success
04E9A872743380,0,"['Teatro Romano', 'Castelvecchio']",Arena,"['Verona Tour', 'Museo Lapidario', 'Museo Radio', 'San Fermo', 'Casa Giulietta']",Casa Giulietta,strategy_nearest,True,0.003912925720214844,success
04E9AF429C4C80,1,"['Museo Lapidario', 'Arena', 'Torre Lamberti']",Palazzo della Ragione,"['AMO', 'Museo Conte', 'Centro Fotografia', 'Sighseeing', 'Santa Anastasia']",Casa Giulietta,strategy_nearest,False,0.0025458335876464844,success
04E9BA3A9C4C80,0,['Arena'],Duomo,"['AMO', 'Museo Miniscalchi', 'Santa Anastasia', 'Teatro Romano', 'Palazzo della Ragione']",Castelvecchio,strategy_nearest,False,0.0027551651000976562,success
04E9AE3A9C4C80,3,"['Arena', 'Torre Lamberti']",Casa Giulietta,"['Centro Fotografia', 'Sighseeing', 'Museo Conte', 'Museo Radio', 'Palazzo della Ragione']",Santa Anastasia,strategy_nearest,False,0.0026018619537353516,success
04E9AE429C4C80,3,"['Arena', 'Torre Lamberti']",Casa Giulietta,"['Centro Fotografia', 'Sighseeing', 'Museo Conte', 'Museo Radio', 'Palazzo della Ragione']",Santa Anastasia,strategy_nearest,False,0.003529787063598633,success
04E9E13A9C4C80,0,"['Arena', 'Castelvecchio']",Torre Lamberti,"['Sighseeing', 'Centro Fotografia', 'Museo Conte', 'Casa Giulietta', 'Palazzo della Ragione']",Casa Giulietta,strategy_nearest,True,0.002765178680419922,success
04E9C5429C4C80,3,"['Arena', 'Castelvecchio']",Casa Giulietta,"['Centro Fotografia', 'Sighseeing', 'Torre Lamberti', 'Museo Conte', 'Museo Radio']",Torre Lamberti,strategy_nearest,True,0.00145721435546875,success
04E9C0429C4C80,3,"['Casa Giulietta', 'Torre Lamberti']",Santa Anastasia,"['AMO', 'Museo Conte', 'Palazzo della Ragione', 'Teatro Romano', 'Centro Fotografia']",Teatro Romano,strategy_nearest,True,0.0034570693969726562,success
04E9EC3A9C4C80,0,"['Arena', 'Casa Giulietta']",Duomo,"['AMO', 'Museo Miniscalchi', 'Santa Anastasia', 'Teatro Romano', 'Palazzo della Ragione']",Teatro Romano,strategy_nearest,True,0.0032923221588134766,success
04E9FE3A9C4C80,1,"['Arena', 'Torre Lamberti', 'Palazzo della Ragione']",Santa Anastasia,"['AMO', 'Museo Conte', 'Teatro Romano', 'Centro Fotografia', 'Duomo']",Duomo,strategy_nearest,True,0.0029032230377197266,success
04E9EE429C4C80,3,"['Arena', 'Castelvecchio', 'San Fermo']",Torre Lamberti,"['Sighseeing', 'Centro Fotografia', 'Museo Conte', 'Casa Giulietta', 'Palazzo della Ragione']",Santa Anastasia,strategy_nearest,False,0.0022051334381103516,success
04EA0E429C4C84,0,['Castelvecchio'],Arena,"['Verona Tour', 'Museo Lapidario', 'Museo Radio', 'San Fermo', 'Casa Giulietta']",Casa Giulietta,strategy_nearest,True,0.0027709007263183594,success
04EA193A9C4C84,0,['Arena'],Torre Lamberti,"['Sighseeing', 'Centro Fotografia', 'Museo Conte', 'Casa Giulietta', 'Palazzo della Ragione']",Castelvecchio,strategy_nearest,False,0.0019371509552001953,success
04EA194A9C4C80,1,"['Arena', 'Casa Giulietta']",Palazzo della Ragione,"['AMO', 'Museo Conte', 'Torre Lamberti', 'Centro Fotografia', 'Sighseeing']",Santa Anastasia,strategy_nearest,False,0.0023369789123535156,success
04EA283A9C4C80,1,"['Arena', 'Casa Giulietta']",Torre Lamberti,"['Sighseeing', 'Centro Fotografia', 'Museo Conte', 'Palazzo della Ragione', 'AMO']",Palazzo della Ragione,strategy_nearest,True,0.0026581287384033203,success
04EA1C3A9C4C84,1,"['Arena', 'Torre Lamberti']",Palazzo della Ragione,"['AMO', 'Museo Conte', 'Centro Fotografia', 'Sighseeing', 'Santa Anastasia']",Casa Giulietta,strategy_nearest,False,0.0033240318298339844,success
04EA33429C4C80,0,"['Arena', 'Museo Lapidario']",Casa Giulietta,"['Centro Fotografia', 'Sighseeing', 'Torre Lamberti', 'Museo Conte', 'Museo Radio']",Torre Lamberti,strategy_nearest,True,0.0017552375793457031,success
04EA7E429C4C80,3,"['Arena', 'Castelvecchio', 'Torre Lamberti']",Santa Anastasia,"['AMO', 'Museo Conte', 'Palazzo della Ragione', 'Teatro Romano', 'Centro Fotografia']",Casa Giulietta,strategy_nearest,False,0.001979827880859375,success
04EA69429C4C80,2,['Casa Giulietta'],Torre Lamberti,"['Sighseeing', 'Centro Fotografia', 'Museo Conte', 'Palazzo della Ragione', 'AMO']",Palazzo della Ragione,strategy_nearest,True,0.0029921531677246094,success
04EA7A4A9C4C80,3,['Torre Lamberti'],Santa Anastasia,"['AMO', 'Museo Conte', 'Palazzo della Ragione', 'Teatro Romano', 'Centro Fotografia']",Casa Giulietta,strategy_nearest,False,0.0036339759826660156,success
04EA7E4A9C4C80,1,"['Arena', 'Torre Lamberti']",Palazzo della Ragione,"['AMO', 'Museo Conte', 'Centro Fotografia', 'Sighseeing', 'Santa Anastasia']",Casa Giulietta,strategy_nearest,False,0.002566814422607422,success
04EA823A9C4C80,2,['Torre Lamberti'],Casa Giulietta,"['Centro Fotografia', 'Sighseeing', 'Museo Conte', 'Museo Radio', 'Palazzo della Ragione']",San Fermo,strategy_nearest,False,0.002088308334350586,success
04EA813A9C4C80,0,['Arena'],Torre Lamberti,"['Sighseeing', 'Centro Fotografia', 'Museo Conte', 'Casa Giulietta', 'Palazzo della Ragione']",Casa Giulietta,strategy_nearest,True,0.0035719871520996094,success
04EA89429C4C80,1,"['Arena', 'Torre Lamberti']",Palazzo della Ragione,"['AMO', 'Museo Conte', 'Centro Fotografia', 'Sighseeing', 'Santa Anastasia']",Casa Giulietta,strategy_nearest,False,0.002660036087036133,success
04EA8D4A9C4C80,0,['Arena'],Casa Giulietta,"['Centro Fotografia', 'Sighseeing', 'Torre Lamberti', 'Museo Conte', 'Museo Radio']",Castelvecchio,strategy_nearest,False,0.002624988555908203,success
04EAAA3A9C4C80,1,"['Arena', 'Santa Anastasia']",Duomo,"['AMO', 'Museo Miniscalchi', 'Teatro Romano', 'Palazzo della Ragione', 'Museo Conte']",Casa Giulietta,strategy_nearest,False,0.002719879150390625,success
04EAA472743380,3,"['Arena', 'Santa Anastasia']",Duomo,"['AMO', 'Museo Miniscalchi', 'Teatro Romano', 'Palazzo della Ragione', 'Museo Conte']",Teatro Romano,strategy_nearest,True,0.002977132797241211,success
04EAAF429C4C80,0,['Casa Giulietta'],Torre Lamberti,"['Sighseeing', 'Centro Fotografia', 'Museo Conte', 'Palazzo della Ragione', 'AMO']",Arena,strategy_nearest,False,0.002621889114379883,success
04EAB63A9C4C80,0,['Castelvecchio'],San Zeno,"['Verona Tour', 'Museo Lapidario', 'Arena', 'Museo Miniscalchi', 'Sighseeing']",Arena,strategy_nearest,True,0.0033028125762939453,success
04EADD3A9C4C80,1,"['Palazzo della Ragione', 'Santa Anastasia', 'Torre Lamberti']",Casa Giulietta,"['Centro Fotografia', 'Sighseeing', 'Museo Conte', 'Museo Radio', 'San Fermo']",Arena,strategy_nearest,False,0.0032351016998291016,success
04EAC53A9C4C80,1,"['Arena', 'Torre Lamberti', 'Palazzo della Ragione']",Casa Giulietta,"['Centro Fotografia', 'Sighseeing', 'Museo Conte', 'Museo Radio', 'San Fermo']",Santa Anastasia,strategy_nearest,False,0.001959085464477539,success
04EAB73A9C4C80,0,['Duomo'],Arena,"['Verona Tour', 'Museo Lapidario', 'Museo Radio', 'San Fermo', 'Casa Giulietta']",Teatro Romano,strategy_nearest,False,0.0035190582275390625,success
04EAF93A9C4C80,1,['Arena'],Casa Giulietta,"['Centro Fotografia', 'Sighseeing', 'Torre Lamberti', 'Museo Conte', 'Museo Radio']",Torre Lamberti,strategy_nearest,True,0.0021848678588867188,success
04EB1C429C4C84,1,"['Santa Anastasia', 'Teatro Romano']",Palazzo della Ragione,"['AMO', 'Museo Conte', 'Torre Lamberti', 'Centro Fotografia', 'Sighseeing']",Casa Giulietta,strategy_nearest,False,0.0028412342071533203,success
04EAE13A9C4C80,1,"['Arena', 'Casa Giulietta']",Palazzo della Ragione,"['AMO', 'Museo Conte', 'Torre Lamberti', 'Centro Fotografia', 'Sighseeing']",Torre Lamberti,strategy_nearest,True,0.0026459693908691406,success
04EB1D429C4C80,0,['Arena'],Casa Giulietta,"['Centro Fotografia', 'Sighseeing', 'Torre Lamberti', 'Museo Conte', 'Museo Radio']",Santa Anastasia,strategy_nearest,False,0.0033049583435058594,success
04EB263A9C4C80,1,"['Arena', 'Casa Giulietta']",Torre Lamberti,"['Sighseeing', 'Centro Fotografia', 'Museo Conte', 'Palazzo della Ragione', 'AMO']",Palazzo della Ragione,strategy_nearest,True,0.0027022361755371094,success
04EB31429C4C80,1,"['Arena', 'Casa Giulietta', 'Torre Lamberti']",Palazzo della Ragione,"['AMO', 'Museo Conte', 'Centro Fotografia', 'Sighseeing', 'Santa Anastasia']",Duomo,strategy_nearest,False,0.0019750595092773438,success
04EB403A9C4C80,3,['Arena'],Casa Giulietta,"['Centro Fotografia', 'Sighseeing', 'Torre Lamberti', 'Museo Conte', 'Museo Radio']",Santa Anastasia,strategy_nearest,False,0.0032389163970947266,success
04EB9B429C4C80,0,['Arena'],Museo Lapidario,"['Verona Tour', 'Castelvecchio', 'Museo Radio', 'San Fermo', 'Casa Giulietta']",Castelvecchio,strategy_nearest,True,0.002189159393310547,success
04EB8B429C4C80,1,['Torre Lamberti'],Palazzo della Ragione,"['AMO', 'Museo Conte', 'Centro Fotografia', 'Sighseeing', 'Santa Anastasia']",Arena,strategy_nearest,False,0.0030798912048339844,success
04EB7A4A9C4C80,1,"['Torre Lamberti', 'Palazzo della Ragione']",Duomo,"['AMO', 'Museo Miniscalchi', 'Santa Anastasia', 'Teatro Romano', 'Museo Conte']",Teatro Romano,strategy_nearest,True,0.0037679672241210938,success
04EBA672743380,0,"['Arena', 'Castelvecchio']",Tomba Giulietta,"['San Fermo', 'Museo Storia', 'Museo Lapidario', 'Museo Radio', 'Verona Tour']",Teatro Romano,strategy_nearest,False,0.0032379627227783203,success
04EBC3429C4C80,1,"['Arena', 'Casa Giulietta']",Palazzo della Ragione,"['AMO', 'Museo Conte', 'Torre Lamberti', 'Centro Fotografia', 'Sighseeing']",Torre Lamberti,strategy_nearest,True,0.002721071243286133,success
04EBB0429C4C80,3,"['Castelvecchio', 'Arena']",Casa Giulietta,"['Centro Fotografia', 'Sighseeing', 'Torre Lamberti', 'Museo Conte', 'Museo Radio']",Torre Lamberti,strategy_nearest,True,0.002780914306640625,success
04EBC43A9C4C80,3,"['Santa Anastasia', 'Torre Lamberti', 'Casa Giulietta']",San Fermo,"['Museo Storia', 'Museo Radio', 'Centro Fotografia', 'Arena', 'Sighseeing']",Arena,strategy_nearest,True,0.003147125244140625,success
04EBAD429C4C80,3,['Arena'],Torre Lamberti,"['Sighseeing', 'Centro Fotografia', 'Museo Conte', 'Casa Giulietta', 'Palazzo della Ragione']",Santa Anastasia,strategy_nearest,False,0.002946138381958008,success
04EBEF3A9C4C80,3,"['Arena', 'Casa Giulietta', 'Torre Lamberti']",Santa Anastasia,"['AMO', 'Museo Conte', 'Palazzo della Ragione', 'Teatro Romano', 'Centro Fotografia']",Tomba Giulietta,strategy_nearest,False,0.002199888229370117,success
04EBF03A9C4C80,2,['Castelvecchio'],Casa Giulietta,"['Centro Fotografia', 'Sighseeing', 'Torre Lamberti', 'Museo Conte', 'Museo Radio']",Teatro Romano,strategy_nearest,False,0.0034780502319335938,success
04EBF2BA7B3F80,0,['Casa Giulietta'],Arena,"['Verona Tour', 'Museo Lapidario', 'Museo Radio', 'San Fermo', 'Sighseeing']",Torre Lamberti,strategy_nearest,False,0.0025899410247802734,success
04EBE73A9C4C80,0,['Arena'],Casa Giulietta,"['Centro Fotografia', 'Sighseeing', 'Torre Lamberti', 'Museo Conte', 'Museo Radio']",Torre Lamberti,strategy_nearest,True,0.0018651485443115234,success
04EC093A9C4C84,0,['Tomba Giulietta'],Casa Giulietta,"['Centro Fotografia', 'Sighseeing', 'Torre Lamberti', 'Museo Conte', 'Museo Radio']",Arena,strategy_nearest,False,0.0018491744995117188,success
04EC0A3A9C4C84,0,['Torre Lamberti'],Casa Giulietta,"['Centro Fotografia', 'Sighseeing', 'Museo Conte', 'Museo Radio', 'Palazzo della Ragione']",Arena,strategy_nearest,False,0.0022177696228027344,success
04EC153A9C4C84,1,"['Casa Giulietta', 'Torre Lamberti']",Palazzo della Ragione,"['AMO', 'Museo Conte', 'Centro Fotografia', 'Sighseeing', 'Santa Anastasia']",San Fermo,strategy_nearest,False,0.002856016159057617,success
04EC393A9C4C80,3,"['Arena', 'Casa Giulietta', 'Torre Lamberti']",Santa Anastasia,"['AMO', 'Museo Conte', 'Palazzo della Ragione', 'Teatro Romano', 'Centro Fotografia']",Duomo,strategy_nearest,False,0.0021059513092041016,success
04EC2F429C4C80,0,"['Arena', 'Tomba Giulietta']",Casa Giulietta,"['Centro Fotografia', 'Sighseeing', 'Torre Lamberti', 'Museo Conte', 'Museo Radio']",Torre Lamberti,strategy_nearest,True,0.003078937530517578,success
04EC70BA7B3F80,1,"['Torre Lamberti', 'Arena']",Museo Lapidario,"['Verona Tour', 'Castelvecchio', 'Museo Radio', 'San Fermo', 'Casa Giulietta']",Torre Lamberti,strategy_nearest,False,0.002950906753540039,success
04EC723A9C4C80,1,"['Teatro Romano', 'Santa Anastasia', 'Torre Lamberti', 'Palazzo della Ragione']",Casa Giulietta,"['Centro Fotografia', 'Sighseeing', 'Museo Conte', 'Museo Radio', 'San Fermo']",Castelvecchio,strategy_nearest,False,0.0036079883575439453,success
04EC783A9C4C80,0,"['Casa Giulietta', 'Torre Lamberti']",Duomo,"['AMO', 'Museo Miniscalchi', 'Santa Anastasia', 'Teatro Romano', 'Palazzo della Ragione']",Castelvecchio,strategy_nearest,False,0.001573324203491211,success
04EC7A429C4C80,3,['Arena'],Torre Lamberti,"['Sighseeing', 'Centro Fotografia', 'Museo Conte', 'Casa Giulietta', 'Palazzo della Ragione']",Santa Anastasia,strategy_nearest,False,0.0032720565795898438,success
04EC7A4A9C4C80,0,['Arena'],Casa Giulietta,"['Centro Fotografia', 'Sighseeing', 'Torre Lamberti', 'Museo Conte', 'Museo Radio']",Teatro Romano,strategy_nearest,False,0.0021758079528808594,success
04EC7F429C4C80,1,"['Arena', 'Torre Lamberti']",Palazzo della Ragione,"['AMO', 'Museo Conte', 'Centro Fotografia', 'Sighseeing', 'Santa Anastasia']",Santa Anastasia,strategy_nearest,True,0.0020558834075927734,success
04EC7E429C4C80,0,['Arena'],Casa Giulietta,"['Centro Fotografia', 'Sighseeing', 'Torre Lamberti', 'Museo Conte', 'Museo Radio']",Museo Storia,strategy_nearest,False,0.0033669471740722656,success
04EC843A9C4C80,1,"['Arena', 'Casa Giulietta', 'Museo Storia', 'San Fermo']",Torre Lamberti,"['Sighseeing', 'Centro Fotografia', 'Museo Conte', 'Palazzo della Ragione', 'AMO']",Palazzo della Ragione,strategy_nearest,True,0.0030260086059570312,success
04EC8E4A9C4C80,0,"['Arena', 'Casa Giulietta']",Castelvecchio,"['Museo Lapidario', 'Verona Tour', 'Museo Radio', 'San Zeno', 'Sighseeing']",Duomo,strategy_nearest,False,0.0013661384582519531,success
04EC92429C4C80,3,"['Arena', 'Torre Lamberti']",Casa Giulietta,"['Centro Fotografia', 'Sighseeing', 'Museo Conte', 'Museo Radio', 'Palazzo della Ragione']",Santa Anastasia,strategy_nearest,False,0.002109050750732422,success
04EC853A9C4C80,3,"['Arena', 'Castelvecchio', 'Torre Lamberti']",Casa Giulietta,"['Centro Fotografia', 'Sighseeing', 'Museo Conte', 'Museo Radio', 'Palazzo della Ragione']",San Fermo,strategy_nearest,False,0.003462076187133789,success
04EC9B429C4C80,3,"['Arena', 'Casa Giulietta']",Torre Lamberti,"['Sighseeing', 'Centro Fotografia', 'Museo Conte', 'Palazzo della Ragione', 'AMO']",Santa Anastasia,strategy_nearest,False,0.002008676528930664,success
04EC964A9C4C80,0,['Arena'],Torre Lamberti,"['Sighseeing', 'Centro Fotografia', 'Museo Conte', 'Casa Giulietta', 'Palazzo della Ragione']",San Zeno,strategy_nearest,False,0.004143953323364258,success
04ECA6429C4C80,0,['Duomo'],San Fermo,"['Museo Storia', 'Museo Radio', 'Casa Giulietta', 'Centro Fotografia', 'Arena']",Casa Giulietta,strategy_nearest,True,0.0019488334655761719,success
04ECA672743380,0,"['Castelvecchio', 'Arena']",San Fermo,"['Museo Storia', 'Museo Radio', 'Casa Giulietta', 'Centro Fotografia', 'Sighseeing']",Casa Giulietta,strategy_nearest,True,0.0034079551696777344,success
04ECA8429C4C80,3,['San Fermo'],Casa Giulietta,"['Centro Fotografia', 'Sighseeing', 'Torre Lamberti', 'Museo Conte', 'Museo Radio']",Santa Anastasia,strategy_nearest,False,0.0029439926147460938,success
04ECAA429C4C80,2,['Casa Giulietta'],Santa Anastasia,"['AMO', 'Museo Conte', 'Palazzo della Ragione', 'Teatro Romano', 'Centro Fotografia']",Duomo,strategy_nearest,False,0.0033299922943115234,success
04ECA872743380,0,"['Castelvecchio', 'Arena']",San Fermo,"['Museo Storia', 'Museo Radio', 'Casa Giulietta', 'Centro Fotografia', 'Sighseeing']",Casa Giulietta,strategy_nearest,True,0.00263214111328125,success
04ECAD429C4C80,0,['Casa Giulietta'],Teatro Romano,"['Santa Anastasia', 'Duomo', 'AMO', 'Palazzo della Ragione', 'Museo Conte']",Arena,strategy_nearest,False,0.0019769668579101562,success
04ECB5429C4C80,1,"['Arena', 'Museo Lapidario']",Castelvecchio,"['Verona Tour', 'Museo Radio', 'San Zeno', 'Sighseeing', 'Museo Miniscalchi']",Duomo,strategy_nearest,False,0.002669095993041992,success
04ECBABA7B3F80,1,"['Casa Giulietta', 'Arena']",Castelvecchio,"['Museo Lapidario', 'Verona Tour', 'Museo Radio', 'San Zeno', 'Sighseeing']",Torre Lamberti,strategy_nearest,False,0.0020339488983154297,success
04ECB7429C4C80,1,['Casa Giulietta'],Torre Lamberti,"['Sighseeing', 'Centro Fotografia', 'Museo Conte', 'Palazzo della Ragione', 'AMO']",Palazzo della Ragione,strategy_nearest,True,0.002630949020385742,success
04ECE43A9C4C80,0,['Torre Lamberti'],Casa Giulietta,"['Centro Fotografia', 'Sighseeing', 'Museo Conte', 'Museo Radio', 'Palazzo della Ragione']",Arena,strategy_nearest,False,0.0030570030212402344,success
04ECC63A9C4C80,0,['Santa Anastasia'],Arena,"['Verona Tour', 'Museo Lapidario', 'Museo Radio', 'San Fermo', 'Casa Giulietta']",Castelvecchio,strategy_nearest,False,0.0026788711547851562,success
04ECEF3A9C4C80,0,['Arena'],Torre Lamberti,"['Sighseeing', 'Centro Fotografia', 'Museo Conte', 'Casa Giulietta', 'Palazzo della Ragione']",Teatro Romano,strategy_nearest,False,0.00237274169921875,success
04ECEE3A9C4C80,0,['Arena'],Casa Giulietta,"['Centro Fotografia', 'Sighseeing', 'Torre Lamberti', 'Museo Conte', 'Museo Radio']",Torre Lamberti,strategy_nearest,True,0.0033228397369384766,success
04ED053A9C4C84,0,['Arena'],Castelvecchio,"['Museo Lapidario', 'Verona Tour', 'Museo Radio', 'San Zeno', 'Sighseeing']",Casa Giulietta,strategy_nearest,False,0.0025169849395751953,success
04ED193A9C4C84,0,['Arena'],Casa Giulietta,"['Centro Fotografia', 'Sighseeing', 'Torre Lamberti', 'Museo Conte', 'Museo Radio']",Duomo,strategy_nearest,False,0.0028400421142578125,success
04ED44BA7B3F80,0,['Casa Giulietta'],Arena,"['Verona Tour', 'Museo Lapidario', 'Museo Radio', 'San Fermo', 'Sighseeing']",Tomba Giulietta,strategy_nearest,False,0.0032689571380615234,success
04ED37429C4C80,1,"['Casa Giulietta', 'Torre Lamberti', 'Palazzo della Ragione']",Santa Anastasia,"['AMO', 'Museo Conte', 'Teatro Romano', 'Centro Fotografia', 'Duomo']",Teatro Romano,strategy_nearest,True,0.002635955810546875,success
04ED66429C4C80,1,"['Casa Giulietta', 'Torre Lamberti']",Palazzo della Ragione,"['AMO', 'Museo Conte', 'Centro Fotografia', 'Sighseeing', 'Santa Anastasia']",Arena,strategy_nearest,False,0.003731966018676758,success
04ED83429C4C80,3,"['Arena', 'Torre Lamberti']",Santa Anastasia,"['AMO', 'Museo Conte', 'Palazzo della Ragione', 'Teatro Romano', 'Centro Fotografia']",Casa Giulietta,strategy_nearest,False,0.002913951873779297,success
04ED7C3A9C4C80,3,"['Arena', 'Casa Giulietta', 'Torre Lamberti']",Santa Anastasia,"['AMO', 'Museo Conte', 'Palazzo della Ragione', 'Teatro Romano', 'Centro Fotografia']",Duomo,strategy_nearest,False,0.00304412841796875,success
04ED814A9C4C80,3,"['Castelvecchio', 'San Zeno', 'Arena']",Torre Lamberti,"['Sighseeing', 'Centro Fotografia', 'Museo Conte', 'Casa Giulietta', 'Palazzo della Ragione']",Santa Anastasia,strategy_nearest,False,0.002913236618041992,success
04ED8D4A9C4C80,3,"['Arena', 'Casa Giulietta']",Torre Lamberti,"['Sighseeing', 'Centro Fotografia', 'Museo Conte', 'Palazzo della Ragione', 'AMO']",Santa Anastasia,strategy_nearest,False,0.001341104507446289,success
04ED843A9C4C80,3,"['Arena', 'Casa Giulietta']",Torre Lamberti,"['Sighseeing', 'Centro Fotografia', 'Museo Conte', 'Palazzo della Ragione', 'AMO']",Santa Anastasia,strategy_nearest,False,0.0029790401458740234,success
04ED8D3A9C4C80,3,"['Arena', 'Castelvecchio']",Santa Anastasia,"['AMO', 'Museo Conte', 'Palazzo della Ragione', 'Teatro Romano', 'Centro Fotografia']",Torre Lamberti,strategy_nearest,False,0.00215911865234375,success
04EDA6429C4C80,1,"['Casa Giulietta', 'Arena', 'Museo Lapidario']",Tomba Giulietta,"['San Fermo', 'Museo Storia', 'Museo Radio', 'Verona Tour', 'Castelvecchio']",Duomo,strategy_nearest,False,0.0035889148712158203,success
04EDA8429C4C80,0,['Casa Giulietta'],Arena,"['Verona Tour', 'Museo Lapidario', 'Museo Radio', 'San Fermo', 'Sighseeing']",Santa Anastasia,strategy_nearest,False,0.002301931381225586,success
04EDAA429C4C80,0,['Arena'],Castelvecchio,"['Museo Lapidario', 'Verona Tour', 'Museo Radio', 'San Zeno', 'Sighseeing']",Tomba Giulietta,strategy_nearest,False,0.002665996551513672,success
04EDB7429C4C80,3,"['Casa Giulietta', 'Torre Lamberti', 'Santa Anastasia']",Duomo,"['AMO', 'Museo Miniscalchi', 'Teatro Romano', 'Palazzo della Ragione', 'Museo Conte']",Teatro Romano,strategy_nearest,True,0.0028867721557617188,success
04EDB9429C4C80,3,"['Arena', 'Casa Giulietta', 'Duomo']",Teatro Romano,"['Santa Anastasia', 'AMO', 'Palazzo della Ragione', 'Museo Conte', 'Centro Fotografia']",Tomba Giulietta,strategy_nearest,False,0.003596067428588867,success
04EDBF3A9C4C80,0,"['Torre Lamberti', 'Casa Giulietta']",Arena,"['Verona Tour', 'Museo Lapidario', 'Museo Radio', 'San Fermo', 'Sighseeing']",Castelvecchio,strategy_nearest,False,0.0018429756164550781,success
04EDC53A9C4C80,0,['Arena'],San Fermo,"['Museo Storia', 'Museo Radio', 'Casa Giulietta', 'Centro Fotografia', 'Sighseeing']",Casa Giulietta,strategy_nearest,True,0.0020101070404052734,success
04EDBF429C4C80,3,"['Arena', 'Museo Lapidario', 'Castelvecchio']",Casa Giulietta,"['Centro Fotografia', 'Sighseeing', 'Torre Lamberti', 'Museo Conte', 'Museo Radio']",Santa Anastasia,strategy_nearest,False,0.0030221939086914062,success
04EDEB3A9C4C80,1,"['Arena', 'Casa Giulietta']",Santa Anastasia,"['AMO', 'Museo Conte', 'Palazzo della Ragione', 'Teatro Romano', 'Centro Fotografia']",Torre Lamberti,strategy_nearest,False,0.002603769302368164,success
04EDF1BA7B3F80,0,"['Casa Giulietta', 'Tomba Giulietta']",San Fermo,"['Museo Storia', 'Museo Radio', 'Centro Fotografia', 'Arena', 'Sighseeing']",Castelvecchio,strategy_nearest,False,0.002507925033569336,success
04EDC2429C4C80,1,"['Arena', 'Casa Giulietta', 'Santa Anastasia']",Torre Lamberti,"['Sighseeing', 'Centro Fotografia', 'Museo Conte', 'Palazzo della Ragione', 'AMO']",Palazzo della Ragione,strategy_nearest,True,0.0046041011810302734,success
04EE053A9C4C84,3,"['Arena', 'Casa Giulietta']",Torre Lamberti,"['Sighseeing', 'Centro Fotografia', 'Museo Conte', 'Palazzo della Ragione', 'AMO']",Santa Anastasia,strategy_nearest,False,0.0026237964630126953,success
04EDFA3A9C4C80,1,"['Arena', 'Museo Lapidario', 'Palazzo della Ragione']",Torre Lamberti,"['Sighseeing', 'Centro Fotografia', 'Museo Conte', 'Casa Giulietta', 'AMO']",Casa Giulietta,strategy_nearest,True,0.002748250961303711,success
04EE073A9C4C84,1,['Arena'],Casa Giulietta,"['Centro Fotografia', 'Sighseeing', 'Torre Lamberti', 'Museo Conte', 'Museo Radio']",Palazzo della Ragione,strategy_nearest,False,0.0026297569274902344,success
04EE093A9C4C84,6,"['Arena', 'Castelvecchio']",Casa Giulietta,"['Centro Fotografia', 'Sighseeing', 'Torre Lamberti', 'Museo Conte', 'Museo Radio']",Torre Lamberti,strategy_nearest,True,0.0032460689544677734,success
04EE123A9C4C84,0,['Arena'],Casa Giulietta,"['Centro Fotografia', 'Sighseeing', 'Torre Lamberti', 'Museo Conte', 'Museo Radio']",Torre Lamberti,strategy_nearest,True,0.002727985382080078,success
04EE733A9C4C80,0,['Arena'],Torre Lamberti,"['Sighseeing', 'Centro Fotografia', 'Museo Conte', 'Casa Giulietta', 'Palazzo della Ragione']",Casa Giulietta,strategy_nearest,True,0.0032958984375,success
04EE7A4A9C4C80,3,"['Arena', 'Casa Giulietta']",Torre Lamberti,"['Sighseeing', 'Centro Fotografia', 'Museo Conte', 'Palazzo della Ragione', 'AMO']",Santa Anastasia,strategy_nearest,False,0.004105806350708008,success
04EE824A9C4C80,0,['Arena'],Casa Giulietta,"['Centro Fotografia', 'Sighseeing', 'Torre Lamberti', 'Museo Conte', 'Museo Radio']",Teatro Romano,strategy_nearest,False,0.001850128173828125,success
04EE874A9C4C80,3,['Arena'],Casa Giulietta,"['Centro Fotografia', 'Sighseeing', 'Torre Lamberti', 'Museo Conte', 'Museo Radio']",Torre Lamberti,strategy_nearest,True,0.002524137496948242,success
04EE8C429C4C80,0,['Duomo'],Torre Lamberti,"['Sighseeing', 'Centro Fotografia', 'Museo Conte', 'Casa Giulietta', 'Palazzo della Ragione']",Casa Giulietta,strategy_nearest,True,0.0026450157165527344,success
04EE8D429C4C80,3,['Torre Lamberti'],Casa Giulietta,"['Centro Fotografia', 'Sighseeing', 'Museo Conte', 'Museo Radio', 'Palazzo della Ragione']",Arena,strategy_nearest,False,0.0018658638000488281,success
04EE8F3A9C4C80,0,['Casa Giulietta'],Arena,"['Verona Tour', 'Museo Lapidario', 'Museo Radio', 'San Fermo', 'Sighseeing']",Castelvecchio,strategy_nearest,False,0.0030570030212402344,success
04EE8F4A9C4C80,3,"['Arena', 'Casa Giulietta']",Duomo,"['AMO', 'Museo Miniscalchi', 'Santa Anastasia', 'Teatro Romano', 'Palazzo della Ragione']",Teatro Romano,strategy_nearest,True,0.0032117366790771484,success
04EEA53A9C4C80,3,['Arena'],Torre Lamberti,"['Sighseeing', 'Centro Fotografia', 'Museo Conte', 'Casa Giulietta', 'Palazzo della Ragione']",Santa Anastasia,strategy_nearest,False,0.0025129318237304688,success
04EE9E429C4C80,0,"['Castelvecchio', 'Arena']",Casa Giulietta,"['Centro Fotografia', 'Sighseeing', 'Torre Lamberti', 'Museo Conte', 'Museo Radio']",Torre Lamberti,strategy_nearest,True,0.0030028820037841797,success
04EE903A9C4C80,1,"['Arena', 'San Fermo', 'Palazzo della Ragione', 'Torre Lamberti']",Casa Giulietta,"['Centro Fotografia', 'Sighseeing', 'Museo Conte', 'Museo Radio', 'AMO']",Santa Anastasia,strategy_nearest,False,0.003159046173095703,success
04EEA672743380,0,['Arena'],Castelvecchio,"['Museo Lapidario', 'Verona Tour', 'Museo Radio', 'San Zeno', 'Sighseeing']",Casa Giulietta,strategy_nearest,False,0.00286102294921875,success
04EEAD429C4C80,3,['Torre Lamberti'],Santa Anastasia,"['AMO', 'Museo Conte', 'Palazzo della Ragione', 'Teatro Romano', 'Centro Fotografia']",Arena,strategy_nearest,False,0.0022940635681152344,success
04EEAE429C4C80,0,['Arena'],Museo Lapidario,"['Verona Tour', 'Castelvecchio', 'Museo Radio', 'San Fermo', 'Casa Giulietta']",Casa Giulietta,strategy_nearest,True,0.002866983413696289,success
04EEA872743380,3,['Teatro Romano'],Santa Anastasia,"['AMO', 'Museo Conte', 'Palazzo della Ragione', 'Centro Fotografia', 'Duomo']",Arena,strategy_nearest,False,0.0021963119506835938,success
04EEB3429C4C80,3,"['Arena', 'Casa Giulietta']",Santa Anastasia,"['AMO', 'Museo Conte', 'Palazzo della Ragione', 'Teatro Romano', 'Centro Fotografia']",Duomo,strategy_nearest,False,0.0033779144287109375,success
04EEE9BA7B3F80,0,['Casa Giulietta'],Arena,"['Verona Tour', 'Museo Lapidario', 'Museo Radio', 'San Fermo', 'Sighseeing']",Tomba Giulietta,strategy_nearest,False,0.00305938720703125,success
04EEE73A9C4C80,0,"['Torre Lamberti', 'Arena']",Castelvecchio,"['Museo Lapidario', 'Verona Tour', 'Museo Radio', 'San Zeno', 'Sighseeing']",Giardino Giusti,strategy_nearest,False,0.002151966094970703,success
04EEB9429C4C80,0,['Arena'],Casa Giulietta,"['Centro Fotografia', 'Sighseeing', 'Torre Lamberti', 'Museo Conte', 'Museo Radio']",Duomo,strategy_nearest,False,0.0029802322387695312,success
04EF003A9C4C84,3,"['Arena', 'Castelvecchio']",Casa Giulietta,"['Centro Fotografia', 'Sighseeing', 'Torre Lamberti', 'Museo Conte', 'Museo Radio']",Torre Lamberti,strategy_nearest,True,0.0031960010528564453,success
04EF1E429C4C80,1,"['Duomo', 'Arena', 'San Fermo']",Casa Giulietta,"['Centro Fotografia', 'Sighseeing', 'Torre Lamberti', 'Museo Conte', 'Museo Radio']",Torre Lamberti,strategy_nearest,True,0.0025959014892578125,success
04EF063A9C4C84,0,['Arena'],Casa Giulietta,"['Centro Fotografia', 'Sighseeing', 'Torre Lamberti', 'Museo Conte', 'Museo Radio']",Duomo,strategy_nearest,False,0.0018849372863769531,success
04EF30429C4C80,3,['Arena'],Casa Giulietta,"['Centro Fotografia', 'Sighseeing', 'Torre Lamberti', 'Museo Conte', 'Museo Radio']",Torre Lamberti,strategy_nearest,True,0.001984119415283203,success
04EF2F429C4C80,1,"['Arena', 'Tomba Giulietta', 'Casa Giulietta']",Torre Lamberti,"['Sighseeing', 'Centro Fotografia', 'Museo Conte', 'Palazzo della Ragione', 'AMO']",Palazzo della Ragione,strategy_nearest,True,0.003742218017578125,success
04EF373A9C4C80,3,"['Arena', 'Casa Giulietta']",Santa Anastasia,"['AMO', 'Museo Conte', 'Palazzo della Ragione', 'Teatro Romano', 'Centro Fotografia']",Duomo,strategy_nearest,False,0.0027828216552734375,success
04EF3D3A9C4C80,1,['Arena'],Torre Lamberti,"['Sighseeing', 'Centro Fotografia', 'Museo Conte', 'Casa Giulietta', 'Palazzo della Ragione']",Palazzo della Ragione,strategy_nearest,True,0.003493070602416992,success
04EF783A9C4C80,0,['Arena'],Castelvecchio,"['Museo Lapidario', 'Verona Tour', 'Museo Radio', 'San Zeno', 'Sighseeing']",Casa Giulietta,strategy_nearest,False,0.0026628971099853516,success
04EF79429C4C80,3,"['Torre Lamberti', 'Duomo']",Teatro Romano,"['Santa Anastasia', 'AMO', 'Palazzo della Ragione', 'Museo Conte', 'Centro Fotografia']",Casa Giulietta,strategy_nearest,False,0.002732992172241211,success
04EF66BA7B3F80,2,"['Casa Giulietta', 'Tomba Giulietta']",Torre Lamberti,"['Sighseeing', 'Centro Fotografia', 'Museo Conte', 'Palazzo della Ragione', 'AMO']",Duomo,strategy_nearest,False,0.0020830631256103516,success
04EF7B4A9C4C80,0,['Arena'],Casa Giulietta,"['Centro Fotografia', 'Sighseeing', 'Torre Lamberti', 'Museo Conte', 'Museo Radio']",Tomba Giulietta,strategy_nearest,False,0.003426074981689453,success
04EF81429C4C80,0,['Arena'],Casa Giulietta,"['Centro Fotografia', 'Sighseeing', 'Torre Lamberti', 'Museo Conte', 'Museo Radio']",Duomo,strategy_nearest,False,0.0025877952575683594,success
04EF834A9C4C80,0,['Castelvecchio'],Arena,"['Verona Tour', 'Museo Lapidario', 'Museo Radio', 'San Fermo', 'Casa Giulietta']",Casa Giulietta,strategy_nearest,True,0.0030939579010009766,success
04EF8B3A9C4C80,3,"['Arena', 'Casa Giulietta']",Torre Lamberti,"['Sighseeing', 'Centro Fotografia', 'Museo Conte', 'Palazzo della Ragione', 'AMO']",Santa Anastasia,strategy_nearest,False,0.001867055892944336,success
04EF883A9C4C80,2,['Casa Giulietta'],Santa Anastasia,"['AMO', 'Museo Conte', 'Palazzo della Ragione', 'Teatro Romano', 'Centro Fotografia']",Duomo,strategy_nearest,False,0.0036759376525878906,success
04EF92429C4C80,3,"['Torre Lamberti', 'Casa Giulietta']",Duomo,"['AMO', 'Museo Miniscalchi', 'Santa Anastasia', 'Teatro Romano', 'Palazzo della Ragione']",Arena,strategy_nearest,False,0.0022618770599365234,success
04EFA0429C4C80,2,['Castelvecchio'],Casa Giulietta,"['Centro Fotografia', 'Sighseeing', 'Torre Lamberti', 'Museo Conte', 'Museo Radio']",Torre Lamberti,strategy_nearest,True,0.0027239322662353516,success
04EF8B429C4C80,1,['Arena'],Casa Giulietta,"['Centro Fotografia', 'Sighseeing', 'Torre Lamberti', 'Museo Conte', 'Museo Radio']",Palazzo della Ragione,strategy_nearest,False,0.003595113754272461,success
04EFA2BA7B3F80,1,"['Casa Giulietta', 'Arena']",Castelvecchio,"['Museo Lapidario', 'Verona Tour', 'Museo Radio', 'San Zeno', 'Sighseeing']",Torre Lamberti,strategy_nearest,False,0.002605915069580078,success
04EFA772743380,3,"['Torre Lamberti', 'Santa Anastasia']",Arena,"['Verona Tour', 'Museo Lapidario', 'Museo Radio', 'San Fermo', 'Casa Giulietta']",Casa Giulietta,strategy_nearest,True,0.0028200149536132812,success
04EFA672743380,0,"['Arena', 'Torre Lamberti']",Casa Giulietta,"['Centro Fotografia', 'Sighseeing', 'Museo Conte', 'Museo Radio', 'Palazzo della Ragione']",Castelvecchio,strategy_nearest,False,0.0028891563415527344,success
04EFA472743380,1,"['Arena', 'Casa Giulietta', 'Torre Lamberti', 'Palazzo della Ragione']",Santa Anastasia,"['AMO', 'Museo Conte', 'Teatro Romano', 'Centro Fotografia', 'Duomo']",Duomo,strategy_nearest,True,0.002329111099243164,success
04EFA872743380,0,['Teatro Romano'],Arena,"['Verona Tour', 'Museo Lapidario', 'Museo Radio', 'San Fermo', 'Casa Giulietta']",Casa Giulietta,strategy_nearest,True,0.0031447410583496094,success
04EFAF429C4C80,0,"['Museo Lapidario', 'Arena']",Torre Lamberti,"['Sighseeing', 'Centro Fotografia', 'Museo Conte', 'Casa Giulietta', 'Palazzo della Ragione']",Casa Giulietta,strategy_nearest,True,0.002972841262817383,success
04EFB1429C4C80,0,"['Casa Giulietta', 'Torre Lamberti']",Castelvecchio,"['Museo Lapidario', 'Verona Tour', 'Arena', 'Museo Radio', 'San Zeno']",Arena,strategy_nearest,True,0.0014679431915283203,success
04EFBF3A9C4C80,0,"['Casa Giulietta', 'Arena']",Castelvecchio,"['Museo Lapidario', 'Verona Tour', 'Museo Radio', 'San Zeno', 'Sighseeing']",Duomo,strategy_nearest,False,0.002438068389892578,success
04EFB63A9C4C80,0,['Arena'],Castelvecchio,"['Museo Lapidario', 'Verona Tour', 'Museo Radio', 'San Zeno', 'Sighseeing']",Teatro Romano,strategy_nearest,False,0.003640890121459961,success
04F0223A9C4C80,0,"['Castelvecchio', 'Arena']",Casa Giulietta,"['Centro Fotografia', 'Sighseeing', 'Torre Lamberti', 'Museo Conte', 'Museo Radio']",Torre Lamberti,strategy_nearest,True,0.002671957015991211,success
04EFE5BA7B3F80,2,"['Casa Giulietta', 'Tomba Giulietta']",Torre Lamberti,"['Sighseeing', 'Centro Fotografia', 'Museo Conte', 'Palazzo della Ragione', 'AMO']",Duomo,strategy_nearest,False,0.002180814743041992,success
04EFC5429C4C80,2,"['Castelvecchio', 'Torre Lamberti', 'Tomba Giulietta']",Casa Giulietta,"['Centro Fotografia', 'Sighseeing', 'Museo Conte', 'Museo Radio', 'Palazzo della Ragione']",Duomo,strategy_nearest,False,0.003523111343383789,success
04EFFC3A9C4C80,3,"['Museo Storia', 'Teatro Romano', 'Duomo']",Santa Anastasia,"['AMO', 'Museo Conte', 'Palazzo della Ragione', 'Centro Fotografia', 'Torre Lamberti']",Arena,strategy_nearest,False,0.003385782241821289,success
04F03A429C4C80,0,['Castelvecchio'],Arena,"['Verona Tour', 'Museo Lapidario', 'Museo Radio', 'San Fermo', 'Casa Giulietta']",Casa Giulietta,strategy_nearest,True,0.0010828971862792969,success
04F03B3A9C4C80,1,"['Torre Lamberti', 'Palazzo della Ragione']",Casa Giulietta,"['Centro Fotografia', 'Sighseeing', 'Museo Conte', 'Museo Radio', 'San Fermo']",Arena,strategy_nearest,False,0.0022771358489990234,success
04F035429C4C80,0,['Arena'],Castelvecchio,"['Museo Lapidario', 'Verona Tour', 'Museo Radio', 'San Zeno', 'Sighseeing']",Santa Anastasia,strategy_nearest,False,0.003197908401489258,success
04F0463A9C4C80,0,['Casa Giulietta'],Tomba Giulietta,"['San Fermo', 'Museo Storia', 'Arena', 'Museo Lapidario', 'Museo Radio']",Castelvecchio,strategy_nearest,False,0.002731800079345703,success
04F067429C4C80,1,"['Castelvecchio', 'Arena']",Duomo,"['AMO', 'Museo Miniscalchi', 'Santa Anastasia', 'Teatro Romano', 'Palazzo della Ragione']",Torre Lamberti,strategy_nearest,False,0.0027060508728027344,success
04F07B3A9C4C80,5,"['Arena', 'Teatro Romano']",Casa Giulietta,"['Centro Fotografia', 'Sighseeing', 'Torre Lamberti', 'Museo Conte', 'Museo Radio']",Museo Miniscalchi,strategy_nearest,False,0.002457141876220703,success
04F063429C4C80,0,['Torre Lamberti'],Casa Giulietta,"['Centro Fotografia', 'Sighseeing', 'Museo Conte', 'Museo Radio', 'Palazzo della Ragione']",Teatro Romano,strategy_nearest,False,0.0028412342071533203,success
04F07C3A9C4C80,1,"['Arena', 'Casa Giulietta']",Torre Lamberti,"['Sighseeing', 'Centro Fotografia', 'Museo Conte', 'Palazzo della Ragione', 'AMO']",Palazzo della Ragione,strategy_nearest,True,0.0032501220703125,success
04F07D429C4C80,6,"['Castelvecchio', 'Arena']",Verona Tour,"['Museo Lapidario', 'Museo Radio', 'Casa Giulietta', 'Sighseeing', 'Torre Lamberti']",Casa Giulietta,strategy_nearest,True,0.002420186996459961,success
04F0833A9C4C80,0,['Teatro Romano'],Torre Lamberti,"['Sighseeing', 'Centro Fotografia', 'Museo Conte', 'Casa Giulietta', 'Palazzo della Ragione']",Casa Giulietta,strategy_nearest,True,0.0036458969116210938,success
04F0883A9C4C80,3,"['Casa Giulietta', 'Torre Lamberti']",Arena,"['Verona Tour', 'Museo Lapidario', 'Museo Radio', 'San Fermo', 'Sighseeing']",Castelvecchio,strategy_nearest,False,0.003216981887817383,success
04F0804A9C4C80,3,"['Arena', 'San Fermo']",Casa Giulietta,"['Centro Fotografia', 'Sighseeing', 'Torre Lamberti', 'Museo Conte', 'Museo Radio']",Torre Lamberti,strategy_nearest,True,0.0023458003997802734,success
04F0843A9C4C80,0,"['Casa Giulietta', 'Arena']",Castelvecchio,"['Museo Lapidario', 'Verona Tour', 'Museo Radio', 'San Zeno', 'Sighseeing']",Tomba Giulietta,strategy_nearest,False,0.0022072792053222656,success
04F08F4A9C4C80,3,['Arena'],Torre Lamberti,"['Sighseeing', 'Centro Fotografia', 'Museo Conte', 'Casa Giulietta', 'Palazzo della Ragione']",Santa Anastasia,strategy_nearest,False,0.0014281272888183594,success
04F0903A9C4C80,0,['Arena'],Casa Giulietta,"['Centro Fotografia', 'Sighseeing', 'Torre Lamberti', 'Museo Conte', 'Museo Radio']",Castelvecchio,strategy_nearest,False,0.0020208358764648438,success
04F0994A9C4C80,3,"['Arena', 'Castelvecchio']",Duomo,"['AMO', 'Museo Miniscalchi', 'Santa Anastasia', 'Teatro Romano', 'Palazzo della Ragione']",Santa Anastasia,strategy_nearest,True,0.0036742687225341797,success
04F090BA7B3F80,0,['Casa Giulietta'],Arena,"['Verona Tour', 'Museo Lapidario', 'Museo Radio', 'San Fermo', 'Sighseeing']",Museo Storia,strategy_nearest,False,0.0029439926147460938,success
04F0A572743380,0,['Teatro Romano'],Arena,"['Verona Tour', 'Museo Lapidario', 'Museo Radio', 'San Fermo', 'Casa Giulietta']",Castelvecchio,strategy_nearest,False,0.00249481201171875,success
04F0A672743380,1,"['Torre Lamberti', 'Palazzo della Ragione']",Casa Giulietta,"['Centro Fotografia', 'Sighseeing', 'Museo Conte', 'Museo Radio', 'San Fermo']",Arena,strategy_nearest,False,0.0036869049072265625,success
04F0AF429C4C80,1,"['Museo Lapidario', 'Arena', 'Torre Lamberti']",Palazzo della Ragione,"['AMO', 'Museo Conte', 'Centro Fotografia', 'Sighseeing', 'Santa Anastasia']",Casa Giulietta,strategy_nearest,False,0.0029370784759521484,success
04F0B5429C4C80,2,"['Torre Lamberti', 'Palazzo della Ragione', 'Santa Anastasia']",Duomo,"['AMO', 'Museo Miniscalchi', 'Teatro Romano', 'Museo Conte', 'Centro Fotografia']",San Fermo,strategy_nearest,False,0.003407716751098633,success
04F0A83A9C4C80,0,['Arena'],Casa Giulietta,"['Centro Fotografia', 'Sighseeing', 'Torre Lamberti', 'Museo Conte', 'Museo Radio']",Torre Lamberti,strategy_nearest,True,0.0021219253540039062,success
04F0C2429C4C80,1,"['Arena', 'Casa Giulietta']",Torre Lamberti,"['Sighseeing', 'Centro Fotografia', 'Museo Conte', 'Palazzo della Ragione', 'AMO']",Palazzo della Ragione,strategy_nearest,True,0.0028040409088134766,success
04F0C3429C4C80,0,['Arena'],Casa Giulietta,"['Centro Fotografia', 'Sighseeing', 'Torre Lamberti', 'Museo Conte', 'Museo Radio']",Castelvecchio,strategy_nearest,False,0.001772165298461914,success
04F0ED429C4C80,0,"['Arena', 'Giardino Giusti']",Casa Giulietta,"['Centro Fotografia', 'Sighseeing', 'Torre Lamberti', 'Museo Conte', 'Museo Radio']",Castelvecchio,strategy_nearest,False,0.0026769638061523438,success
04F0DB3A9C4C80,3,"['Casa Giulietta', 'Torre Lamberti']",Castelvecchio,"['Museo Lapidario', 'Verona Tour', 'Arena', 'Museo Radio', 'San Zeno']",Arena,strategy_nearest,True,0.0027570724487304688,success
04F0FD3A9C4C80,1,"['Arena', 'Casa Giulietta']",Torre Lamberti,"['Sighseeing', 'Centro Fotografia', 'Museo Conte', 'Palazzo della Ragione', 'AMO']",Palazzo della Ragione,strategy_nearest,True,0.002402067184448242,success
04F0F23A9C4C80,0,['Arena'],Casa Giulietta,"['Centro Fotografia', 'Sighseeing', 'Torre Lamberti', 'Museo Conte', 'Museo Radio']",Torre Lamberti,strategy_nearest,True,0.0027201175689697266,success
04F0F2429C4C80,0,"['Arena', 'Castelvecchio']",Casa Giulietta,"['Centro Fotografia', 'Sighseeing', 'Torre Lamberti', 'Museo Conte', 'Museo Radio']",Torre Lamberti,strategy_nearest,True,0.0035572052001953125,success
04F1023A9C4C84,3,"['Castelvecchio', 'Arena']",Duomo,"['AMO', 'Museo Miniscalchi', 'Santa Anastasia', 'Teatro Romano', 'Palazzo della Ragione']",Santa Anastasia,strategy_nearest,True,0.0025191307067871094,success
04F1163A9C4C84,0,['Arena'],Casa Giulietta,"['Centro Fotografia', 'Sighseeing', 'Torre Lamberti', 'Museo Conte', 'Museo Radio']",Castelvecchio,strategy_nearest,False,0.0018069744110107422,success
04F131429C4C80,1,"['Torre Lamberti', 'Palazzo della Ragione']",Casa Giulietta,"['Centro Fotografia', 'Sighseeing', 'Museo Conte', 'Museo Radio', 'San Fermo']",San Fermo,strategy_nearest,True,0.0025730133056640625,success
04F132429C4C80,3,"['Arena', 'Casa Giulietta']",Torre Lamberti,"['Sighseeing', 'Centro Fotografia', 'Museo Conte', 'Palazzo della Ragione', 'AMO']",Teatro Romano,strategy_nearest,False,0.0033299922943115234,success
04F135429C4C80,0,"['Castelvecchio', 'San Fermo']",Casa Giulietta,"['Centro Fotografia', 'Sighseeing', 'Torre Lamberti', 'Museo Conte', 'Museo Radio']",Torre Lamberti,strategy_nearest,True,0.0023949146270751953,success
04F1383A9C4C80,0,['Arena'],Museo Lapidario,"['Verona Tour', 'Castelvecchio', 'Museo Radio', 'San Fermo', 'Casa Giulietta']",Torre Lamberti,strategy_nearest,False,0.0018351078033447266,success
04F138429C4C80,3,"['Arena', 'Torre Lamberti']",Casa Giulietta,"['Centro Fotografia', 'Sighseeing', 'Museo Conte', 'Museo Radio', 'Palazzo della Ragione']",Santa Anastasia,strategy_nearest,False,0.002524852752685547,success
04F13B429C4C80,0,['Casa Giulietta'],Duomo,"['AMO', 'Museo Miniscalchi', 'Santa Anastasia', 'Teatro Romano', 'Palazzo della Ragione']",Arena,strategy_nearest,False,0.0027899742126464844,success
04F1403A9C4C80,1,"['Arena', 'Torre Lamberti', 'Palazzo della Ragione']",Casa Giulietta,"['Centro Fotografia', 'Sighseeing', 'Museo Conte', 'Museo Radio', 'San Fermo']",Duomo,strategy_nearest,False,0.0033359527587890625,success
04F13F3A9C4C80,1,"['Arena', 'Museo Lapidario']",Torre Lamberti,"['Sighseeing', 'Centro Fotografia', 'Museo Conte', 'Casa Giulietta', 'Palazzo della Ragione']",Palazzo della Ragione,strategy_nearest,True,0.0026159286499023438,success
04F160429C4C80,0,['Arena'],Casa Giulietta,"['Centro Fotografia', 'Sighseeing', 'Torre Lamberti', 'Museo Conte', 'Museo Radio']",Duomo,strategy_nearest,False,0.0028569698333740234,success
04F173429C4C80,0,['Arena'],Casa Giulietta,"['Centro Fotografia', 'Sighseeing', 'Torre Lamberti', 'Museo Conte', 'Museo Radio']",Torre Lamberti,strategy_nearest,True,0.0020411014556884766,success
04F17A3A9C4C80,0,"['Arena', 'Casa Giulietta']",Torre Lamberti,"['Sighseeing', 'Centro Fotografia', 'Museo Conte', 'Palazzo della Ragione', 'AMO']",Castelvecchio,strategy_nearest,False,0.0033979415893554688,success
04F1713A9C4C80,0,['Tomba Giulietta'],Arena,"['Verona Tour', 'Museo Lapidario', 'Museo Radio', 'San Fermo', 'Casa Giulietta']",Casa Giulietta,strategy_nearest,True,0.002840757369995117,success
04F1793A9C4C80,3,"['Casa Giulietta', 'Santa Anastasia']",Duomo,"['AMO', 'Museo Miniscalchi', 'Teatro Romano', 'Palazzo della Ragione', 'Museo Conte']",Castelvecchio,strategy_nearest,False,0.0035331249237060547,success
04F17A429C4C80,0,"['Teatro Romano', 'Giardino Giusti']",Torre Lamberti,"['Sighseeing', 'Centro Fotografia', 'Museo Conte', 'Casa Giulietta', 'Palazzo della Ragione']",Casa Giulietta,strategy_nearest,True,0.0022008419036865234,success
04F17D429C4C80,3,"['Arena', 'Casa Giulietta']",Santa Anastasia,"['AMO', 'Museo Conte', 'Palazzo della Ragione', 'Teatro Romano', 'Centro Fotografia']",Duomo,strategy_nearest,False,0.002140045166015625,success
04F17E429C4C80,1,"['Arena', 'Palazzo della Ragione', 'Torre Lamberti']",Santa Anastasia,"['AMO', 'Museo Conte', 'Teatro Romano', 'Centro Fotografia', 'Duomo']",Teatro Romano,strategy_nearest,True,0.002794981002807617,success
04F1844A9C4C80,0,['Castelvecchio'],Casa Giulietta,"['Centro Fotografia', 'Sighseeing', 'Torre Lamberti', 'Museo Conte', 'Museo Radio']",Arena,strategy_nearest,False,0.003638029098510742,success
04F1903A9C4C80,0,['Arena'],Castelvecchio,"['Museo Lapidario', 'Verona Tour', 'Museo Radio', 'San Zeno', 'Sighseeing']",Casa Giulietta,strategy_nearest,False,0.003030061721801758,success
04F1863A9C4C80,0,['Arena'],Castelvecchio,"['Museo Lapidario', 'Verona Tour', 'Museo Radio', 'San Zeno', 'Sighseeing']",Casa Giulietta,strategy_nearest,False,0.0024819374084472656,success
04F19D429C4C80,1,"['Duomo', 'Teatro Romano']",Torre Lamberti,"['Sighseeing', 'Centro Fotografia', 'Museo Conte', 'Casa Giulietta', 'Palazzo della Ragione']",Palazzo della Ragione,strategy_nearest,True,0.0027179718017578125,success
04F1A2429C4C80,0,['Arena'],Casa Giulietta,"['Centro Fotografia', 'Sighseeing', 'Torre Lamberti', 'Museo Conte', 'Museo Radio']",Torre Lamberti,strategy_nearest,True,0.002494335174560547,success
04F1A772743380,3,"['Casa Giulietta', 'San Fermo', 'Teatro Romano']",Duomo,"['AMO', 'Museo Miniscalchi', 'Santa Anastasia', 'Palazzo della Ragione', 'Museo Conte']",Arena,strategy_nearest,False,0.0020301342010498047,success
04F1AF3A9C4C80,1,"['Arena', 'Casa Giulietta']",Torre Lamberti,"['Sighseeing', 'Centro Fotografia', 'Museo Conte', 'Palazzo della Ragione', 'AMO']",Palazzo della Ragione,strategy_nearest,True,0.002610921859741211,success
04F1AE429C4C80,1,"['Arena', 'Torre Lamberti']",Palazzo della Ragione,"['AMO', 'Museo Conte', 'Centro Fotografia', 'Sighseeing', 'Santa Anastasia']",Casa Giulietta,strategy_nearest,False,0.0027320384979248047,success
04F1B8429C4C80,1,['Arena'],Casa Giulietta,"['Centro Fotografia', 'Sighseeing', 'Torre Lamberti', 'Museo Conte', 'Museo Radio']",Torre Lamberti,strategy_nearest,True,0.0019462108612060547,success
04F1AF429C4C80,1,"['Castelvecchio', 'Arena', 'Casa Giulietta']",Torre Lamberti,"['Sighseeing', 'Centro Fotografia', 'Museo Conte', 'Palazzo della Ragione', 'AMO']",Palazzo della Ragione,strategy_nearest,True,0.0032067298889160156,success
04F1B93A9C4C80,0,"['Arena', 'Museo Lapidario']",Castelvecchio,"['Verona Tour', 'Museo Radio', 'San Zeno', 'Sighseeing', 'Museo Miniscalchi']",San Zeno,strategy_nearest,True,0.002402067184448242,success
04F1C3429C4C80,0,"['Arena', 'Torre Lamberti']",Casa Giulietta,"['Centro Fotografia', 'Sighseeing', 'Museo Conte', 'Museo Radio', 'Palazzo della Ragione']",Teatro Romano,strategy_nearest,False,0.0026366710662841797,success
04F1C7429C4C80,1,"['Casa Giulietta', 'Palazzo della Ragione']",Torre Lamberti,"['Sighseeing', 'Centro Fotografia', 'Museo Conte', 'AMO', 'Museo Miniscalchi']",Arena,strategy_nearest,False,0.0027582645416259766,success
04F1F63A9C4C80,3,"['Torre Lamberti', 'Casa Giulietta']",Santa Anastasia,"['AMO', 'Museo Conte', 'Palazzo della Ragione', 'Teatro Romano', 'Centro Fotografia']",Teatro Romano,strategy_nearest,True,0.002468109130859375,success
04F1EA3A9C4C80,1,"['Arena', 'Casa Giulietta', 'Torre Lamberti']",Palazzo della Ragione,"['AMO', 'Museo Conte', 'Centro Fotografia', 'Sighseeing', 'Santa Anastasia']",Santa Anastasia,strategy_nearest,True,0.0034148693084716797,success
04F2003A9C4C84,0,['Arena'],Casa Giulietta,"['Centro Fotografia', 'Sighseeing', 'Torre Lamberti', 'Museo Conte', 'Museo Radio']",Torre Lamberti,strategy_nearest,True,0.003378152847290039,success
04F20D3A9C4C84,3,"['Arena', 'Casa Giulietta']",Castelvecchio,"['Museo Lapidario', 'Verona Tour', 'Museo Radio', 'San Zeno', 'Sighseeing']",Torre Lamberti,strategy_nearest,False,0.002763032913208008,success
04F2143A9C4C84,3,"['Arena', 'Casa Giulietta']",Torre Lamberti,"['Sighseeing', 'Centro Fotografia', 'Museo Conte', 'Palazzo della Ragione', 'AMO']",Santa Anastasia,strategy_nearest,False,0.003103017807006836,success
04F205BA7B3F84,0,['Casa Giulietta'],Arena,"['Verona Tour', 'Museo Lapidario', 'Museo Radio', 'San Fermo', 'Sighseeing']",Museo Storia,strategy_nearest,False,0.003261089324951172,success
04F2123A9C4C84,1,"['Arena', 'Casa Giulietta']",Palazzo della Ragione,"['AMO', 'Museo Conte', 'Torre Lamberti', 'Centro Fotografia', 'Sighseeing']",Torre Lamberti,strategy_nearest,True,0.003576993942260742,success
04F2234A9C4C80,4,"['Arena', 'Museo Lapidario', 'Castelvecchio', 'San Fermo', 'Museo Storia']",Casa Giulietta,"['Centro Fotografia', 'Sighseeing', 'Torre Lamberti', 'Museo Conte', 'Museo Radio']",Museo Radio,strategy_nearest,True,0.0028159618377685547,success
04F2383A9C4C80,0,"['Arena', 'Museo Lapidario']",Castelvecchio,"['Verona Tour', 'Museo Radio', 'San Zeno', 'Sighseeing', 'Museo Miniscalchi']",Torre Lamberti,strategy_nearest,False,0.0021550655364990234,success
04F231429C4C80,3,"['Arena', 'Castelvecchio']",Torre Lamberti,"['Sighseeing', 'Centro Fotografia', 'Museo Conte', 'Casa Giulietta', 'Palazzo della Ragione']",Santa Anastasia,strategy_nearest,False,0.0016040802001953125,success
04F23C3A9C4C80,1,"['Arena', 'Casa Giulietta', 'Torre Lamberti']",Palazzo della Ragione,"['AMO', 'Museo Conte', 'Centro Fotografia', 'Sighseeing', 'Santa Anastasia']",Teatro Romano,strategy_nearest,False,0.0033919811248779297,success
04F23D429C4C80,0,"['Castelvecchio', 'San Fermo']",Casa Giulietta,"['Centro Fotografia', 'Sighseeing', 'Torre Lamberti', 'Museo Conte', 'Museo Radio']",Torre Lamberti,strategy_nearest,True,0.0018880367279052734,success
04F2413A9C4C80,1,"['Arena', 'Torre Lamberti', 'Palazzo della Ragione']",San Zeno,"['Castelvecchio', 'Verona Tour', 'Museo Lapidario', 'Museo Miniscalchi', 'Sighseeing']",Duomo,strategy_nearest,False,0.003506183624267578,success
04F245429C4C80,1,"['San Zeno', 'Arena']",Palazzo della Ragione,"['AMO', 'Museo Conte', 'Torre Lamberti', 'Centro Fotografia', 'Sighseeing']",Torre Lamberti,strategy_nearest,True,0.002151966094970703,success
04F269429C4C80,2,['Tomba Giulietta'],Casa Giulietta,"['Centro Fotografia', 'Sighseeing', 'Torre Lamberti', 'Museo Conte', 'Museo Radio']",Torre Lamberti,strategy_nearest,True,0.0032012462615966797,success
04F27BBA7B3F80,2,"['Casa Giulietta', 'San Fermo', 'Santa Anastasia']",Duomo,"['AMO', 'Museo Miniscalchi', 'Teatro Romano', 'Palazzo della Ragione', 'Museo Conte']",Teatro Romano,strategy_nearest,True,0.0024628639221191406,success
04F27F3A9C4C80,0,['Arena'],Torre Lamberti,"['Sighseeing', 'Centro Fotografia', 'Museo Conte', 'Casa Giulietta', 'Palazzo della Ragione']",Casa Giulietta,strategy_nearest,True,0.003453969955444336,success
04F27C429C4C80,0,['Arena'],Torre Lamberti,"['Sighseeing', 'Centro Fotografia', 'Museo Conte', 'Casa Giulietta', 'Palazzo della Ragione']",Casa Giulietta,strategy_nearest,True,0.0028028488159179688,success
04F27D429C4C80,3,['Arena'],Torre Lamberti,"['Sighseeing', 'Centro Fotografia', 'Museo Conte', 'Casa Giulietta', 'Palazzo della Ragione']",Casa Giulietta,strategy_nearest,True,0.0037162303924560547,success
04F280429C4C80,3,"['Torre Lamberti', 'Arena']",Santa Anastasia,"['AMO', 'Museo Conte', 'Palazzo della Ragione', 'Teatro Romano', 'Centro Fotografia']",Teatro Romano,strategy_nearest,True,0.002862691879272461,success
04F2823A9C4C80,1,"['Torre Lamberti', 'Casa Giulietta']",Castelvecchio,"['Museo Lapidario', 'Verona Tour', 'Arena', 'Museo Radio', 'San Zeno']",Arena,strategy_nearest,True,0.0030663013458251953,success
04F285429C4C80,0,['Arena'],Duomo,"['AMO', 'Museo Miniscalchi', 'Santa Anastasia', 'Teatro Romano', 'Palazzo della Ragione']",Castelvecchio,strategy_nearest,False,0.001374959945678711,success
04F2863A9C4C80,3,"['San Fermo', 'Santa Anastasia', 'Arena']",Torre Lamberti,"['Sighseeing', 'Centro Fotografia', 'Museo Conte', 'Casa Giulietta', 'Palazzo della Ragione']",Teatro Romano,strategy_nearest,False,0.002880096435546875,success
04F2873A9C4C80,3,"['Arena', 'Casa Giulietta']",Teatro Romano,"['Santa Anastasia', 'Duomo', 'AMO', 'Palazzo della Ragione', 'Museo Conte']",Santa Anastasia,strategy_nearest,True,0.003289937973022461,success
04F28A4A9C4C80,0,['Arena'],Casa Giulietta,"['Centro Fotografia', 'Sighseeing', 'Torre Lamberti', 'Museo Conte', 'Museo Radio']",Torre Lamberti,strategy_nearest,True,0.0034279823303222656,success
04F28E429C4C80,0,"['Torre Lamberti', 'Casa Giulietta']",Arena,"['Verona Tour', 'Museo Lapidario', 'Museo Radio', 'San Fermo', 'Sighseeing']",Castelvecchio,strategy_nearest,False,0.002825021743774414,success
04F28B4A9C4C80,0,['Arena'],Castelvecchio,"['Museo Lapidario', 'Verona Tour', 'Museo Radio', 'San Zeno', 'Sighseeing']",Torre Lamberti,strategy_nearest,False,0.0014960765838623047,success
04F28EBA7B3F80,0,['Casa Giulietta'],Arena,"['Verona Tour', 'Museo Lapidario', 'Museo Radio', 'San Fermo', 'Sighseeing']",Museo Storia,strategy_nearest,False,0.0033719539642333984,success
04F28F4A9C4C80,1,"['Arena', 'Casa Giulietta', 'Palazzo della Ragione']",Torre Lamberti,"['Sighseeing', 'Centro Fotografia', 'Museo Conte', 'AMO', 'Museo Miniscalchi']",Santa Anastasia,strategy_nearest,False,0.002869844436645508,success
04F2944A9C4C80,3,"['Arena', 'Casa Giulietta']",Torre Lamberti,"['Sighseeing', 'Centro Fotografia', 'Museo Conte', 'Palazzo della Ragione', 'AMO']",Santa Anastasia,strategy_nearest,False,0.0028228759765625,success
04F2A1429C4C80,0,"['Arena', 'Casa Giulietta']",Castelvecchio,"['Museo Lapidario', 'Verona Tour', 'Museo Radio', 'San Zeno', 'Sighseeing']",San Zeno,strategy_nearest,True,0.0032491683959960938,success
04F29A4A9C4C80,1,"['Arena', 'San Fermo']",Casa Giulietta,"['Centro Fotografia', 'Sighseeing', 'Torre Lamberti', 'Museo Conte', 'Museo Radio']",Palazzo della Ragione,strategy_nearest,False,0.002691030502319336,success
04F2A8429C4C80,0,['Casa Giulietta'],Arena,"['Verona Tour', 'Museo Lapidario', 'Museo Radio', 'San Fermo', 'Sighseeing']",Santa Anastasia,strategy_nearest,False,0.0019638538360595703,success
04F2A53A9C4C80,3,"['Arena', 'Castelvecchio']",Torre Lamberti,"['Sighseeing', 'Centro Fotografia', 'Museo Conte', 'Casa Giulietta', 'Palazzo della Ragione']",Casa Giulietta,strategy_nearest,True,0.0026311874389648438,success
04F2A672743380,2,"['Torre Lamberti', 'Duomo']",Santa Anastasia,"['AMO', 'Museo Conte', 'Palazzo della Ragione', 'Teatro Romano', 'Centro Fotografia']",Castelvecchio,strategy_nearest,False,0.003061056137084961,success
04F2A872743380,0,['Teatro Romano'],Arena,"['Verona Tour', 'Museo Lapidario', 'Museo Radio', 'San Fermo', 'Casa Giulietta']",Casa Giulietta,strategy_nearest,True,0.003528118133544922,success
04F2A93A9C4C80,3,"['Arena', 'Torre Lamberti']",Casa Giulietta,"['Centro Fotografia', 'Sighseeing', 'Museo Conte', 'Museo Radio', 'Palazzo della Ragione']",Santa Anastasia,strategy_nearest,False,0.002924203872680664,success
04F2B1BA7B3F80,2,"['Casa Giulietta', 'Palazzo della Ragione']",Torre Lamberti,"['Sighseeing', 'Centro Fotografia', 'Museo Conte', 'AMO', 'Museo Miniscalchi']",Giardino Giusti,strategy_nearest,False,0.0029239654541015625,success
04F2B33A9C4C80,3,['Casa Giulietta'],Arena,"['Verona Tour', 'Museo Lapidario', 'Museo Radio', 'San Fermo', 'Sighseeing']",Santa Anastasia,strategy_nearest,False,0.002546072006225586,success
04F2C3429C4C80,3,"['Tomba Giulietta', 'Casa Giulietta']",Torre Lamberti,"['Sighseeing', 'Centro Fotografia', 'Museo Conte', 'Palazzo della Ragione', 'AMO']",Santa Anastasia,strategy_nearest,False,0.0024728775024414062,success
04F2B63A9C4C80,0,['Arena'],Casa Giulietta,"['Centro Fotografia', 'Sighseeing', 'Torre Lamberti', 'Museo Conte', 'Museo Radio']",Torre Lamberti,strategy_nearest,True,0.0028870105743408203,success
04F2B83A9C4C80,0,['Arena'],Santa Anastasia,"['AMO', 'Museo Conte', 'Palazzo della Ragione', 'Teatro Romano', 'Centro Fotografia']",Casa Giulietta,strategy_nearest,False,0.003498077392578125,success
04F2C5429C4C80,3,"['Arena', 'San Fermo']",Santa Anastasia,"['AMO', 'Museo Conte', 'Palazzo della Ragione', 'Teatro Romano', 'Centro Fotografia']",Duomo,strategy_nearest,False,0.0035431385040283203,success
04F2CA429C4C80,0,['Arena'],Torre Lamberti,"['Sighseeing', 'Centro Fotografia', 'Museo Conte', 'Casa Giulietta', 'Palazzo della Ragione']",Castelvecchio,strategy_nearest,False,0.002034902572631836,success
04F2F83A9C4C80,0,['Castelvecchio'],Arena,"['Verona Tour', 'Museo Lapidario', 'Museo Radio', 'San Fermo', 'Casa Giulietta']",Torre Lamberti,strategy_nearest,False,0.003100872039794922,success
04F2CC3A9C4C80,1,"['Arena', 'Casa Giulietta']",Palazzo della Ragione,"['AMO', 'Museo Conte', 'Torre Lamberti', 'Centro Fotografia', 'Sighseeing']",Torre Lamberti,strategy_nearest,True,0.00263214111328125,success
04F30F3A9C4C84,3,['Arena'],Torre Lamberti,"['Sighseeing', 'Centro Fotografia', 'Museo Conte', 'Casa Giulietta', 'Palazzo della Ragione']",Santa Anastasia,strategy_nearest,False,0.0012018680572509766,success
04F301BA7B3F84,3,"['Santa Anastasia', 'San Fermo', 'San Zeno']",Teatro Romano,"['Duomo', 'AMO', 'Palazzo della Ragione', 'Museo Conte', 'Centro Fotografia']",Duomo,strategy_nearest,True,0.003159046173095703,success
04F3153A9C4C84,0,['Arena'],Casa Giulietta,"['Centro Fotografia', 'Sighseeing', 'Torre Lamberti', 'Museo Conte', 'Museo Radio']",Castelvecchio,strategy_nearest,False,0.001867055892944336,success
04F325BA7B3F80,0,['Casa Giulietta'],Arena,"['Verona Tour', 'Museo Lapidario', 'Museo Radio', 'San Fermo', 'Sighseeing']",Torre Lamberti,strategy_nearest,False,0.002283811569213867,success
04F3763A9C4C80,3,['Arena'],Torre Lamberti,"['Sighseeing', 'Centro Fotografia', 'Museo Conte', 'Casa Giulietta', 'Palazzo della Ragione']",Santa Anastasia,strategy_nearest,False,0.002360105514526367,success
04F3443A9C4C80,2,['Torre Lamberti'],Santa Anastasia,"['AMO', 'Museo Conte', 'Palazzo della Ragione', 'Teatro Romano', 'Centro Fotografia']",Duomo,strategy_nearest,False,0.0037589073181152344,success
04F37B3A9C4C80,1,"['Arena', 'Castelvecchio']",Casa Giulietta,"['Centro Fotografia', 'Sighseeing', 'Torre Lamberti', 'Museo Conte', 'Museo Radio']",Palazzo della Ragione,strategy_nearest,False,0.002490997314453125,success
04F3793A9C4C80,1,"['Tomba Giulietta', 'Arena', 'Casa Giulietta']",Palazzo della Ragione,"['AMO', 'Museo Conte', 'Torre Lamberti', 'Centro Fotografia', 'Sighseeing']",Torre Lamberti,strategy_nearest,True,0.004167795181274414,success
04F3863A9C4C80,3,"['San Fermo', 'Arena', 'Tomba Giulietta', 'Casa Giulietta']",Torre Lamberti,"['Sighseeing', 'Centro Fotografia', 'Museo Conte', 'Palazzo della Ragione', 'AMO']",Santa Anastasia,strategy_nearest,False,0.0035300254821777344,success
04F38A4A9C4C80,3,"['San Fermo', 'Santa Anastasia']",Arena,"['Verona Tour', 'Museo Lapidario', 'Museo Radio', 'Casa Giulietta', 'Sighseeing']",Torre Lamberti,strategy_nearest,False,0.0026531219482421875,success
04F3924A9C4C80,0,"['Arena', 'Casa Giulietta']",Torre Lamberti,"['Sighseeing', 'Centro Fotografia', 'Museo Conte', 'Palazzo della Ragione', 'AMO']",Castelvecchio,strategy_nearest,False,0.003350973129272461,success
04F38B4A9C4C80,2,['Torre Lamberti'],Casa Giulietta,"['Centro Fotografia', 'Sighseeing', 'Museo Conte', 'Museo Radio', 'Palazzo della Ragione']",Santa Anastasia,strategy_nearest,False,0.0027451515197753906,success
04F3A53A9C4C80,0,['Arena'],Casa Giulietta,"['Centro Fotografia', 'Sighseeing', 'Torre Lamberti', 'Museo Conte', 'Museo Radio']",Teatro Romano,strategy_nearest,False,0.0038709640502929688,success
04F3AD429C4C80,1,['Arena'],Casa Giulietta,"['Centro Fotografia', 'Sighseeing', 'Torre Lamberti', 'Museo Conte', 'Museo Radio']",Palazzo della Ragione,strategy_nearest,False,0.0022721290588378906,success
04F3CE3A9C4C80,3,"['Torre Lamberti', 'Arena']",San Zeno,"['Castelvecchio', 'Verona Tour', 'Museo Lapidario', 'Museo Miniscalchi', 'Sighseeing']",Castelvecchio,strategy_nearest,True,0.0027871131896972656,success
04F3AB429C4C80,0,['Arena'],Casa Giulietta,"['Centro Fotografia', 'Sighseeing', 'Torre Lamberti', 'Museo Conte', 'Museo Radio']",Torre Lamberti,strategy_nearest,True,0.0014891624450683594,success
04F3BD429C4C80,1,"['Arena', 'Tomba Giulietta', 'Torre Lamberti']",Palazzo della Ragione,"['AMO', 'Museo Conte', 'Centro Fotografia', 'Sighseeing', 'Santa Anastasia']",Casa Giulietta,strategy_nearest,False,0.0036389827728271484,success
04F3E73A9C4C80,3,"['Arena', 'Santa Anastasia']",Casa Giulietta,"['Centro Fotografia', 'Sighseeing', 'Torre Lamberti', 'Museo Conte', 'Museo Radio']",Torre Lamberti,strategy_nearest,True,0.0018901824951171875,success
04F3F2BA7B3F80,2,"['Casa Giulietta', 'San Fermo', 'Santa Anastasia']",Duomo,"['AMO', 'Museo Miniscalchi', 'Teatro Romano', 'Palazzo della Ragione', 'Museo Conte']",Teatro Romano,strategy_nearest,True,0.0027887821197509766,success
04F4043A9C4C84,0,['Casa Giulietta'],Casa Giulietta,"['Centro Fotografia', 'Sighseeing', 'Torre Lamberti', 'Museo Conte', 'Museo Radio']",Arena,strategy_nearest,False,0.0034520626068115234,success
04F40A3A9C4C84,1,"['Torre Lamberti', 'Palazzo della Ragione']",Santa Anastasia,"['AMO', 'Museo Conte', 'Teatro Romano', 'Centro Fotografia', 'Duomo']",Casa Giulietta,strategy_nearest,False,0.0024709701538085938,success
04F4153A9C4C84,0,['Teatro Romano'],Arena,"['Verona Tour', 'Museo Lapidario', 'Museo Radio', 'San Fermo', 'Casa Giulietta']",Torre Lamberti,strategy_nearest,False,0.003284931182861328,success
04F4763A9C4C80,1,"['Castelvecchio', 'Arena']",Casa Giulietta,"['Centro Fotografia', 'Sighseeing', 'Torre Lamberti', 'Museo Conte', 'Museo Radio']",Palazzo della Ragione,strategy_nearest,False,0.0032231807708740234,success
04F4183A9C4C84,0,['Arena'],Casa Giulietta,"['Centro Fotografia', 'Sighseeing', 'Torre Lamberti', 'Museo Conte', 'Museo Radio']",Teatro Romano,strategy_nearest,False,0.004067659378051758,success
04F437429C4C80,3,"['Arena', 'Torre Lamberti']",Casa Giulietta,"['Centro Fotografia', 'Sighseeing', 'Museo Conte', 'Museo Radio', 'Palazzo della Ragione']",Santa Anastasia,strategy_nearest,False,0.0020990371704101562,success
04F47C429C4C80,3,"['Arena', 'Torre Lamberti', 'Casa Giulietta']",Castelvecchio,"['Museo Lapidario', 'Verona Tour', 'Museo Radio', 'San Zeno', 'Sighseeing']",Duomo,strategy_nearest,False,0.0024471282958984375,success
04F47F429C4C80,1,['Arena'],Casa Giulietta,"['Centro Fotografia', 'Sighseeing', 'Torre Lamberti', 'Museo Conte', 'Museo Radio']",Palazzo della Ragione,strategy_nearest,False,0.0022020339965820312,success
04F482429C4C80,1,"['Duomo', 'Castelvecchio', 'Arena']",Casa Giulietta,"['Centro Fotografia', 'Sighseeing', 'Torre Lamberti', 'Museo Conte', 'Museo Radio']",Torre Lamberti,strategy_nearest,True,0.0026412010192871094,success
04F47F4A9C4C80,3,"['Arena', 'Casa Giulietta']",Santa Anastasia,"['AMO', 'Museo Conte', 'Palazzo della Ragione', 'Teatro Romano', 'Centro Fotografia']",Duomo,strategy_nearest,False,0.003422260284423828,success
04F4863A9C4C80,0,['Arena'],Castelvecchio,"['Museo Lapidario', 'Verona Tour', 'Museo Radio', 'San Zeno', 'Sighseeing']",Casa Giulietta,strategy_nearest,False,0.0030257701873779297,success
04F49A4A9C4C80,1,"['Arena', 'Casa Giulietta', 'Torre Lamberti']",Palazzo della Ragione,"['AMO', 'Museo Conte', 'Centro Fotografia', 'Sighseeing', 'Santa Anastasia']",Santa Anastasia,strategy_nearest,True,0.002767801284790039,success
04F4A63A9C4C80,0,['Arena'],Casa Giulietta,"['Centro Fotografia', 'Sighseeing', 'Torre Lamberti', 'Museo Conte', 'Museo Radio']",Torre Lamberti,strategy_nearest,True,0.0023221969604492188,success
04F492429C4C80,3,"['Arena', 'Casa Giulietta', 'Torre Lamberti']",Santa Anastasia,"['AMO', 'Museo Conte', 'Palazzo della Ragione', 'Teatro Romano', 'Centro Fotografia']",Duomo,strategy_nearest,False,0.0054628849029541016,success
04F49B429C4C80,1,"['Arena', 'Casa Giulietta']",Torre Lamberti,"['Sighseeing', 'Centro Fotografia', 'Museo Conte', 'Palazzo della Ragione', 'AMO']",Palazzo della Ragione,strategy_nearest,True,0.0019850730895996094,success
04F4A6429C4C80,2,['Casa Giulietta'],Torre Lamberti,"['Sighseeing', 'Centro Fotografia', 'Museo Conte', 'Palazzo della Ragione', 'AMO']",Palazzo della Ragione,strategy_nearest,True,0.0029201507568359375,success
04F4E03A9C4C80,1,['Arena'],Palazzo della Ragione,"['AMO', 'Museo Conte', 'Torre Lamberti', 'Centro Fotografia', 'Sighseeing']",Teatro Romano,strategy_nearest,False,0.003297090530395508,success
04F4A672743380,4,"['Palazzo della Ragione', 'Torre Lamberti', 'Museo Radio']",Tomba Giulietta,"['San Fermo', 'Museo Storia', 'Arena', 'Museo Lapidario', 'Verona Tour']",Arena,strategy_nearest,True,0.0028798580169677734,success
04F4AB4A9C4C80,0,['Arena'],Casa Giulietta,"['Centro Fotografia', 'Sighseeing', 'Torre Lamberti', 'Museo Conte', 'Museo Radio']",Torre Lamberti,strategy_nearest,True,0.002259969711303711,success
04F4EC3A9C4C80,0,['Arena'],Teatro Romano,"['Santa Anastasia', 'Duomo', 'AMO', 'Palazzo della Ragione', 'Museo Conte']",Casa Giulietta,strategy_nearest,False,0.0013241767883300781,success
04F53A429C4C80,3,"['Castelvecchio', 'Santa Anastasia']",Arena,"['Verona Tour', 'Museo Lapidario', 'Museo Radio', 'San Fermo', 'Casa Giulietta']",Tomba Giulietta,strategy_nearest,False,0.002111196517944336,success
04F4F63A9C4C80,3,"['Arena', 'Casa Giulietta']",Torre Lamberti,"['Sighseeing', 'Centro Fotografia', 'Museo Conte', 'Palazzo della Ragione', 'AMO']",Santa Anastasia,strategy_nearest,False,0.002791166305541992,success
04F53B3A9C4C80,0,['Casa Giulietta'],Castelvecchio,"['Museo Lapidario', 'Verona Tour', 'Arena', 'Museo Radio', 'San Zeno']",Santa Anastasia,strategy_nearest,False,0.003142118453979492,success
04F5443A9C4C80,3,"['Arena', 'Torre Lamberti']",Santa Anastasia,"['AMO', 'Museo Conte', 'Palazzo della Ragione', 'Teatro Romano', 'Centro Fotografia']",Duomo,strategy_nearest,False,0.0030748844146728516,success
04F57F429C4C80,3,"['Arena', 'Torre Lamberti', 'Casa Giulietta']",Santa Anastasia,"['AMO', 'Museo Conte', 'Palazzo della Ragione', 'Teatro Romano', 'Centro Fotografia']",Castelvecchio,strategy_nearest,False,0.0019910335540771484,success
04F5853A9C4C80,2,"['Torre Lamberti', 'Santa Anastasia']",Duomo,"['AMO', 'Museo Miniscalchi', 'Teatro Romano', 'Palazzo della Ragione', 'Museo Conte']",Casa Giulietta,strategy_nearest,False,0.001561880111694336,success
04F5A572743380,1,"['Arena', 'Casa Giulietta', 'Torre Lamberti']",San Zeno,"['Castelvecchio', 'Verona Tour', 'Museo Lapidario', 'Museo Miniscalchi', 'Sighseeing']",Teatro Romano,strategy_nearest,False,0.0025751590728759766,success
04F5783A9C4C80,0,['Torre Lamberti'],Casa Giulietta,"['Centro Fotografia', 'Sighseeing', 'Museo Conte', 'Museo Radio', 'Palazzo della Ragione']",Arena,strategy_nearest,False,0.0045659542083740234,success
04F5A672743380,0,['Arena'],Torre Lamberti,"['Sighseeing', 'Centro Fotografia', 'Museo Conte', 'Casa Giulietta', 'Palazzo della Ragione']",Casa Giulietta,strategy_nearest,True,0.0031948089599609375,success
04F5A772743380,3,"['Castelvecchio', 'Tomba Giulietta', 'Arena']",Casa Giulietta,"['Centro Fotografia', 'Sighseeing', 'Torre Lamberti', 'Museo Conte', 'Museo Radio']",Torre Lamberti,strategy_nearest,True,0.002599000930786133,success
04F5AA429C4C80,1,"['Arena', 'Casa Giulietta']",Palazzo della Ragione,"['AMO', 'Museo Conte', 'Torre Lamberti', 'Centro Fotografia', 'Sighseeing']",Torre Lamberti,strategy_nearest,True,0.0019741058349609375,success
04F5A93A9C4C80,3,"['Arena', 'Casa Giulietta']",Castelvecchio,"['Museo Lapidario', 'Verona Tour', 'Museo Radio', 'San Zeno', 'Sighseeing']",Santa Anastasia,strategy_nearest,False,0.003553152084350586,success
04F5AE3A9C4C80,3,"['Arena', 'Casa Giulietta']",Santa Anastasia,"['AMO', 'Museo Conte', 'Palazzo della Ragione', 'Teatro Romano', 'Centro Fotografia']",Duomo,strategy_nearest,False,0.0024399757385253906,success
04F5C2429C4C80,0,['Arena'],Casa Giulietta,"['Centro Fotografia', 'Sighseeing', 'Torre Lamberti', 'Museo Conte', 'Museo Radio']",Tomba Giulietta,strategy_nearest,False,0.0021049976348876953,success
04F5B2429C4C80,0,['Arena'],Casa Giulietta,"['Centro Fotografia', 'Sighseeing', 'Torre Lamberti', 'Museo Conte', 'Museo Radio']",Giardino Giusti,strategy_nearest,False,0.0019230842590332031,success
04F5C6429C4C80,0,['Arena'],Torre Lamberti,"['Sighseeing', 'Centro Fotografia', 'Museo Conte', 'Casa Giulietta', 'Palazzo della Ragione']",Teatro Romano,strategy_nearest,False,0.0031058788299560547,success
04F5BF429C4C80,3,"['Arena', 'Museo Lapidario']",Casa Giulietta,"['Centro Fotografia', 'Sighseeing', 'Torre Lamberti', 'Museo Conte', 'Museo Radio']",Torre Lamberti,strategy_nearest,True,0.0028808116912841797,success
04F5C8429C4C80,3,['Arena'],Torre Lamberti,"['Sighseeing', 'Centro Fotografia', 'Museo Conte', 'Casa Giulietta', 'Palazzo della Ragione']",Casa Giulietta,strategy_nearest,True,0.0023670196533203125,success
04F5FA3A9C4C80,3,"['Arena', 'Casa Giulietta']",Torre Lamberti,"['Sighseeing', 'Centro Fotografia', 'Museo Conte', 'Palazzo della Ragione', 'AMO']",Santa Anastasia,strategy_nearest,False,0.0019080638885498047,success
04F5F63A9C4C80,3,"['Arena', 'Casa Giulietta']",Torre Lamberti,"['Sighseeing', 'Centro Fotografia', 'Museo Conte', 'Palazzo della Ragione', 'AMO']",Santa Anastasia,strategy_nearest,False,0.0029098987579345703,success
04F5CD3A9C4C80,3,"['Santa Anastasia', 'Duomo', 'Torre Lamberti']",Casa Giulietta,"['Centro Fotografia', 'Sighseeing', 'Museo Conte', 'Museo Radio', 'Palazzo della Ragione']",San Fermo,strategy_nearest,False,0.0048580169677734375,success
04F5FB3A9C4C80,3,"['Arena', 'Museo Lapidario']",Santa Anastasia,"['AMO', 'Museo Conte', 'Palazzo della Ragione', 'Teatro Romano', 'Centro Fotografia']",Casa Giulietta,strategy_nearest,False,0.0027489662170410156,success
04F5FD3A9C4C80,1,"['Arena', 'Castelvecchio']",Casa Giulietta,"['Centro Fotografia', 'Sighseeing', 'Torre Lamberti', 'Museo Conte', 'Museo Radio']",Torre Lamberti,strategy_nearest,True,0.0031774044036865234,success
04F60F3A9C4C84,3,"['Arena', 'Casa Giulietta']",Santa Anastasia,"['AMO', 'Museo Conte', 'Palazzo della Ragione', 'Teatro Romano', 'Centro Fotografia']",Duomo,strategy_nearest,False,0.0028142929077148438,success
04F6244A9C4C80,3,"['Castelvecchio', 'Arena', 'Santa Anastasia', 'Torre Lamberti']",Casa Giulietta,"['Centro Fotografia', 'Sighseeing', 'Museo Conte', 'Museo Radio', 'Palazzo della Ragione']",San Fermo,strategy_nearest,False,0.0033299922943115234,success
04F63B3A9C4C80,1,"['Arena', 'Casa Giulietta']",Torre Lamberti,"['Sighseeing', 'Centro Fotografia', 'Museo Conte', 'Palazzo della Ragione', 'AMO']",Palazzo della Ragione,strategy_nearest,True,0.0031638145446777344,success
04F6173A9C4C84,1,['Arena'],Casa Giulietta,"['Centro Fotografia', 'Sighseeing', 'Torre Lamberti', 'Museo Conte', 'Museo Radio']",Palazzo della Ragione,strategy_nearest,False,0.002580881118774414,success
04F63C3A9C4C80,1,"['Casa Giulietta', 'Torre Lamberti']",Palazzo della Ragione,"['AMO', 'Museo Conte', 'Centro Fotografia', 'Sighseeing', 'Santa Anastasia']",Santa Anastasia,strategy_nearest,True,0.003186941146850586,success
04F63E429C4C80,3,"['Castelvecchio', 'Arena', 'San Fermo']",Casa Giulietta,"['Centro Fotografia', 'Sighseeing', 'Torre Lamberti', 'Museo Conte', 'Museo Radio']",Torre Lamberti,strategy_nearest,True,0.002543926239013672,success
04F6473A9C4C80,3,"['Arena', 'Casa Giulietta']",Torre Lamberti,"['Sighseeing', 'Centro Fotografia', 'Museo Conte', 'Palazzo della Ragione', 'AMO']",Santa Anastasia,strategy_nearest,False,0.0023119449615478516,success
04F63FBA7B3F80,0,"['Casa Giulietta', 'San Fermo']",Arena,"['Verona Tour', 'Museo Lapidario', 'Museo Radio', 'Sighseeing', 'Castelvecchio']",Castelvecchio,strategy_nearest,True,0.0026161670684814453,success
04F67B4A9C4C80,3,"['Arena', 'Casa Giulietta', 'Torre Lamberti']",Santa Anastasia,"['AMO', 'Museo Conte', 'Palazzo della Ragione', 'Teatro Romano', 'Centro Fotografia']",Castelvecchio,strategy_nearest,False,0.003242969512939453,success
04F67F3A9C4C80,0,['Arena'],Tomba Giulietta,"['San Fermo', 'Museo Storia', 'Museo Lapidario', 'Museo Radio', 'Verona Tour']",Casa Giulietta,strategy_nearest,False,0.002662181854248047,success
04F6723A9C4C80,2,['Torre Lamberti'],Palazzo della Ragione,"['AMO', 'Museo Conte', 'Centro Fotografia', 'Sighseeing', 'Santa Anastasia']",Torre Lamberti,strategy_nearest,False,0.0035810470581054688,success
04F67F429C4C80,1,['Arena'],Casa Giulietta,"['Centro Fotografia', 'Sighseeing', 'Torre Lamberti', 'Museo Conte', 'Museo Radio']",Torre Lamberti,strategy_nearest,True,0.003242015838623047,success
04F681429C4C80,0,['Arena'],Torre Lamberti,"['Sighseeing', 'Centro Fotografia', 'Museo Conte', 'Casa Giulietta', 'Palazzo della Ragione']",San Fermo,strategy_nearest,False,0.0033578872680664062,success
04F68D429C4C80,0,['Arena'],Museo Lapidario,"['Verona Tour', 'Castelvecchio', 'Museo Radio', 'San Fermo', 'Casa Giulietta']",Castelvecchio,strategy_nearest,True,0.0017552375793457031,success
04F6903A9C4C80,3,"['Tomba Giulietta', 'Arena']",Casa Giulietta,"['Centro Fotografia', 'Sighseeing', 'Torre Lamberti', 'Museo Conte', 'Museo Radio']",Torre Lamberti,strategy_nearest,True,0.0022029876708984375,success
04F68E4A9C4C80,1,"['Arena', 'San Fermo']",Casa Giulietta,"['Centro Fotografia', 'Sighseeing', 'Torre Lamberti', 'Museo Conte', 'Museo Radio']",Torre Lamberti,strategy_nearest,True,0.003958940505981445,success
04F6A572743380,1,"['Duomo', 'Palazzo della Ragione']",Torre Lamberti,"['Sighseeing', 'Centro Fotografia', 'Museo Conte', 'Casa Giulietta', 'AMO']",Casa Giulietta,strategy_nearest,True,0.0025877952575683594,success
04F6A63A9C4C80,0,['Arena'],Casa Giulietta,"['Centro Fotografia', 'Sighseeing', 'Torre Lamberti', 'Museo Conte', 'Museo Radio']",Teatro Romano,strategy_nearest,False,0.0026807785034179688,success
04F6A93A9C4C80,3,"['Arena', 'Torre Lamberti']",Casa Giulietta,"['Centro Fotografia', 'Sighseeing', 'Museo Conte', 'Museo Radio', 'Palazzo della Ragione']",Santa Anastasia,strategy_nearest,False,0.002576112747192383,success
04F6A73A9C4C80,3,"['Arena', 'San Fermo']",Santa Anastasia,"['AMO', 'Museo Conte', 'Palazzo della Ragione', 'Teatro Romano', 'Centro Fotografia']",Duomo,strategy_nearest,False,0.003312826156616211,success
04F6AA4A9C4C80,0,"['Casa Giulietta', 'Torre Lamberti']",Castelvecchio,"['Museo Lapidario', 'Verona Tour', 'Arena', 'Museo Radio', 'San Zeno']",Arena,strategy_nearest,True,0.0016319751739501953,success
04F6AD429C4C80,0,['Arena'],Casa Giulietta,"['Centro Fotografia', 'Sighseeing', 'Torre Lamberti', 'Museo Conte', 'Museo Radio']",Santa Anastasia,strategy_nearest,False,0.002830982208251953,success
04F6B0429C4C80,1,['Arena'],Palazzo della Ragione,"['AMO', 'Museo Conte', 'Torre Lamberti', 'Centro Fotografia', 'Sighseeing']",Torre Lamberti,strategy_nearest,True,0.0026748180389404297,success
04F6AE429C4C80,1,['Palazzo della Ragione'],Torre Lamberti,"['Sighseeing', 'Centro Fotografia', 'Museo Conte', 'Casa Giulietta', 'AMO']",Arena,strategy_nearest,False,0.003612995147705078,success
04F6B33A9C4C80,1,"['Arena', 'Casa Giulietta']",Torre Lamberti,"['Sighseeing', 'Centro Fotografia', 'Museo Conte', 'Palazzo della Ragione', 'AMO']",Palazzo della Ragione,strategy_nearest,True,0.0033206939697265625,success
04F6B5429C4C80,3,"['Arena', 'Torre Lamberti']",Casa Giulietta,"['Centro Fotografia', 'Sighseeing', 'Museo Conte', 'Museo Radio', 'Palazzo della Ragione']",Santa Anastasia,strategy_nearest,False,0.0023589134216308594,success
04F6B4429C4C80,3,"['Arena', 'Santa Anastasia']",Castelvecchio,"['Museo Lapidario', 'Verona Tour', 'Museo Radio', 'San Zeno', 'Sighseeing']",San Zeno,strategy_nearest,True,0.0024118423461914062,success
04F6BA429C4C80,2,['Castelvecchio'],Torre Lamberti,"['Sighseeing', 'Centro Fotografia', 'Museo Conte', 'Casa Giulietta', 'Palazzo della Ragione']",Palazzo della Ragione,strategy_nearest,True,0.002505779266357422,success
04F6BF429C4C80,0,['Casa Giulietta'],Torre Lamberti,"['Sighseeing', 'Centro Fotografia', 'Museo Conte', 'Palazzo della Ragione', 'AMO']",Arena,strategy_nearest,False,0.0024421215057373047,success
04F6B7429C4C80,1,"['Arena', 'Casa Giulietta']",Torre Lamberti,"['Sighseeing', 'Centro Fotografia', 'Museo Conte', 'Palazzo della Ragione', 'AMO']",Palazzo della Ragione,strategy_nearest,True,0.0041730403900146484,success
04F6C23A9C4C80,3,"['San Fermo', 'Casa Giulietta']",Torre Lamberti,"['Sighseeing', 'Centro Fotografia', 'Museo Conte', 'Palazzo della Ragione', 'AMO']",Santa Anastasia,strategy_nearest,False,0.003116130828857422,success
04F6C8429C4C80,0,"['Casa Giulietta', 'Torre Lamberti']",Castelvecchio,"['Museo Lapidario', 'Verona Tour', 'Arena', 'Museo Radio', 'San Zeno']",Arena,strategy_nearest,True,0.002724885940551758,success
04F6C83A9C4C80,3,"['Tomba Giulietta', 'San Fermo', 'Casa Giulietta', 'Torre Lamberti']",Santa Anastasia,"['AMO', 'Museo Conte', 'Palazzo della Ragione', 'Teatro Romano', 'Centro Fotografia']",Teatro Romano,strategy_nearest,True,0.0026040077209472656,success
04F6C9429C4C80,3,"['Arena', 'Torre Lamberti']",Casa Giulietta,"['Centro Fotografia', 'Sighseeing', 'Museo Conte', 'Museo Radio', 'Palazzo della Ragione']",Santa Anastasia,strategy_nearest,False,0.0033562183380126953,success
04F6CB3A9C4C80,3,"['San Zeno', 'Torre Lamberti']",Santa Anastasia,"['AMO', 'Museo Conte', 'Palazzo della Ragione', 'Teatro Romano', 'Centro Fotografia']",Duomo,strategy_nearest,False,0.0025970935821533203,success
04F70A3A9C4C84,1,"['Arena', 'Casa Giulietta']",Palazzo della Ragione,"['AMO', 'Museo Conte', 'Torre Lamberti', 'Centro Fotografia', 'Sighseeing']",Torre Lamberti,strategy_nearest,True,0.0030651092529296875,success
04F7083A9C4C84,0,['Castelvecchio'],Arena,"['Verona Tour', 'Museo Lapidario', 'Museo Radio', 'San Fermo', 'Casa Giulietta']",Tomba Giulietta,strategy_nearest,False,0.001990079879760742,success
04F7123A9C4C84,3,['Arena'],Casa Giulietta,"['Centro Fotografia', 'Sighseeing', 'Torre Lamberti', 'Museo Conte', 'Museo Radio']",Santa Anastasia,strategy_nearest,False,0.003013134002685547,success
04F730429C4C80,0,['Arena'],Casa Giulietta,"['Centro Fotografia', 'Sighseeing', 'Torre Lamberti', 'Museo Conte', 'Museo Radio']",Castelvecchio,strategy_nearest,False,0.0027990341186523438,success
04F732429C4C80,1,"['Arena', 'Casa Giulietta', 'Palazzo della Ragione']",Torre Lamberti,"['Sighseeing', 'Centro Fotografia', 'Museo Conte', 'AMO', 'Museo Miniscalchi']",Santa Anastasia,strategy_nearest,False,0.002664804458618164,success
04F76E429C4C80,0,"['Arena', 'Casa Giulietta']",Teatro Romano,"['Santa Anastasia', 'Duomo', 'AMO', 'Palazzo della Ragione', 'Museo Conte']",Museo Storia,strategy_nearest,False,0.0032329559326171875,success
04F7783A9C4C80,3,"['Casa Giulietta', 'Torre Lamberti']",Castelvecchio,"['Museo Lapidario', 'Verona Tour', 'Arena', 'Museo Radio', 'San Zeno']",Arena,strategy_nearest,True,0.002553224563598633,success
04F77A4A9C4C80,3,['Arena'],Casa Giulietta,"['Centro Fotografia', 'Sighseeing', 'Torre Lamberti', 'Museo Conte', 'Museo Radio']",Santa Anastasia,strategy_nearest,False,0.002312898635864258,success
04F770429C4C80,0,['Arena'],Casa Giulietta,"['Centro Fotografia', 'Sighseeing', 'Torre Lamberti', 'Museo Conte', 'Museo Radio']",Castelvecchio,strategy_nearest,False,0.002552032470703125,success
04F77C4A9C4C80,0,['Arena'],Castelvecchio,"['Museo Lapidario', 'Verona Tour', 'Museo Radio', 'San Zeno', 'Sighseeing']",Casa Giulietta,strategy_nearest,False,0.002621889114379883,success
04F77D3A9C4C80,3,['Torre Lamberti'],Casa Giulietta,"['Centro Fotografia', 'Sighseeing', 'Museo Conte', 'Museo Radio', 'Palazzo della Ragione']",Arena,strategy_nearest,False,0.002145051956176758,success
04F7833A9C4C80,1,"['Tomba Giulietta', 'Arena', 'Casa Giulietta']",Torre Lamberti,"['Sighseeing', 'Centro Fotografia', 'Museo Conte', 'Palazzo della Ragione', 'AMO']",Palazzo della Ragione,strategy_nearest,True,0.002643108367919922,success
04F77D429C4C80,0,['Arena'],Casa Giulietta,"['Centro Fotografia', 'Sighseeing', 'Torre Lamberti', 'Museo Conte', 'Museo Radio']",Torre Lamberti,strategy_nearest,True,0.0035238265991210938,success
04F7863A9C4C80,1,['Arena'],Palazzo della Ragione,"['AMO', 'Museo Conte', 'Torre Lamberti', 'Centro Fotografia', 'Sighseeing']",Casa Giulietta,strategy_nearest,False,0.002638101577758789,success
04F78F4A9C4C80,1,"['Arena', 'Casa Giulietta', 'Palazzo della Ragione']",Santa Anastasia,"['AMO', 'Museo Conte', 'Teatro Romano', 'Centro Fotografia', 'Duomo']",Duomo,strategy_nearest,True,0.002582073211669922,success
04F7934A9C4C80,0,['Arena'],Casa Giulietta,"['Centro Fotografia', 'Sighseeing', 'Torre Lamberti', 'Museo Conte', 'Museo Radio']",Torre Lamberti,strategy_nearest,True,0.003098726272583008,success
04F79B429C4C80,0,"['Casa Giulietta', 'Torre Lamberti']",Castelvecchio,"['Museo Lapidario', 'Verona Tour', 'Arena', 'Museo Radio', 'San Zeno']",Arena,strategy_nearest,True,0.0030870437622070312,success
04F7A53A9C4C80,0,"['Arena', 'Casa Giulietta']",Castelvecchio,"['Museo Lapidario', 'Verona Tour', 'Museo Radio', 'San Zeno', 'Sighseeing']",San Zeno,strategy_nearest,True,0.0025217533111572266,success
04F7B13A9C4C80,3,['Casa Giulietta'],Arena,"['Verona Tour', 'Museo Lapidario', 'Museo Radio', 'San Fermo', 'Sighseeing']",Santa Anastasia,strategy_nearest,False,0.002541780471801758,success
04F7A9429C4C80,0,['Torre Lamberti'],Casa Giulietta,"['Centro Fotografia', 'Sighseeing', 'Museo Conte', 'Museo Radio', 'Palazzo della Ragione']",Arena,strategy_nearest,False,0.0034797191619873047,success
04F7B4429C4C80,0,"['Arena', 'Castelvecchio']",San Zeno,"['Verona Tour', 'Museo Lapidario', 'Museo Miniscalchi', 'Sighseeing', 'Museo Radio']",Duomo,strategy_nearest,False,0.003175973892211914,success
04F7B5429C4C80,3,['Castelvecchio'],Arena,"['Verona Tour', 'Museo Lapidario', 'Museo Radio', 'San Fermo', 'Casa Giulietta']",Santa Anastasia,strategy_nearest,False,0.0032160282135009766,success
04F7BF429C4C80,0,['Arena'],Casa Giulietta,"['Centro Fotografia', 'Sighseeing', 'Torre Lamberti', 'Museo Conte', 'Museo Radio']",Torre Lamberti,strategy_nearest,True,0.003264188766479492,success
04F7C3429C4C80,0,"['Casa Giulietta', 'Arena']",San Zeno,"['Castelvecchio', 'Verona Tour', 'Museo Lapidario', 'Museo Miniscalchi', 'Sighseeing']",Torre Lamberti,strategy_nearest,False,0.0030770301818847656,success
04F7C5429C4C80,1,"['Casa Giulietta', 'Palazzo della Ragione']",Torre Lamberti,"['Sighseeing', 'Centro Fotografia', 'Museo Conte', 'AMO', 'Museo Miniscalchi']",Arena,strategy_nearest,False,0.0034198760986328125,success
04F7EB3A9C4C80,3,"['Arena', 'Museo Lapidario', 'Castelvecchio']",Teatro Romano,"['Santa Anastasia', 'Duomo', 'AMO', 'Palazzo della Ragione', 'Museo Conte']",Duomo,strategy_nearest,True,0.0026252269744873047,success
04F7F03A9C4C80,1,"['Castelvecchio', 'Arena', 'Casa Giulietta']",Santa Anastasia,"['AMO', 'Museo Conte', 'Palazzo della Ragione', 'Teatro Romano', 'Centro Fotografia']",Palazzo della Ragione,strategy_nearest,True,0.002468109130859375,success
04F832429C4C80,3,['Arena'],Casa Giulietta,"['Centro Fotografia', 'Sighseeing', 'Torre Lamberti', 'Museo Conte', 'Museo Radio']",Santa Anastasia,strategy_nearest,False,0.001940011978149414,success
04F839429C4C80,0,['Arena'],Casa Giulietta,"['Centro Fotografia', 'Sighseeing', 'Torre Lamberti', 'Museo Conte', 'Museo Radio']",Torre Lamberti,strategy_nearest,True,0.0024521350860595703,success
04F7ED3A9C4C80,3,"['Arena', 'Santa Anastasia']",Torre Lamberti,"['Sighseeing', 'Centro Fotografia', 'Museo Conte', 'Casa Giulietta', 'Palazzo della Ragione']",Duomo,strategy_nearest,False,0.004044055938720703,success
04F82B3A9C4C80,0,['Arena'],Casa Giulietta,"['Centro Fotografia', 'Sighseeing', 'Torre Lamberti', 'Museo Conte', 'Museo Radio']",Torre Lamberti,strategy_nearest,True,0.003885984420776367,success
04F83A429C4C80,0,['Castelvecchio'],Arena,"['Verona Tour', 'Museo Lapidario', 'Museo Radio', 'San Fermo', 'Casa Giulietta']",Casa Giulietta,strategy_nearest,True,0.002543926239013672,success
04F858429C4C80,3,"['San Fermo', 'Casa Giulietta', 'Torre Lamberti']",Santa Anastasia,"['AMO', 'Museo Conte', 'Palazzo della Ragione', 'Teatro Romano', 'Centro Fotografia']",Duomo,strategy_nearest,False,0.0019190311431884766,success
04F849429C4C80,3,"['Arena', 'Casa Giulietta']",Duomo,"['AMO', 'Museo Miniscalchi', 'Santa Anastasia', 'Teatro Romano', 'Palazzo della Ragione']",Teatro Romano,strategy_nearest,True,0.0033369064331054688,success
04F862429C4C80,0,['Casa Giulietta'],Arena,"['Verona Tour', 'Museo Lapidario', 'Museo Radio', 'San Fermo', 'Sighseeing']",Castelvecchio,strategy_nearest,False,0.003591299057006836,success
04F867429C4C80,0,['Arena'],Casa Giulietta,"['Centro Fotografia', 'Sighseeing', 'Torre Lamberti', 'Museo Conte', 'Museo Radio']",Torre Lamberti,strategy_nearest,True,0.003345012664794922,success
04F86D429C4C80,0,"['Arena', 'Museo Lapidario']",San Fermo,"['Museo Storia', 'Museo Radio', 'Casa Giulietta', 'Centro Fotografia', 'Sighseeing']",Casa Giulietta,strategy_nearest,True,0.003392934799194336,success
04F879429C4C80,1,"['Teatro Romano', 'Santa Anastasia', 'Casa Giulietta']",Torre Lamberti,"['Sighseeing', 'Centro Fotografia', 'Museo Conte', 'Palazzo della Ragione', 'AMO']",Palazzo della Ragione,strategy_nearest,True,0.003287076950073242,success
04F87B429C4C80,0,['Casa Giulietta'],Arena,"['Verona Tour', 'Museo Lapidario', 'Museo Radio', 'San Fermo', 'Sighseeing']",Castelvecchio,strategy_nearest,False,0.0031638145446777344,success
04F87C3A9C4C80,1,"['Arena', 'Casa Giulietta']",Torre Lamberti,"['Sighseeing', 'Centro Fotografia', 'Museo Conte', 'Palazzo della Ragione', 'AMO']",Palazzo della Ragione,strategy_nearest,True,0.0026731491088867188,success
04F87C4A9C4C80,1,"['Arena', 'San Zeno', 'Casa Giulietta']",Palazzo della Ragione,"['AMO', 'Museo Conte', 'Torre Lamberti', 'Centro Fotografia', 'Sighseeing']",Torre Lamberti,strategy_nearest,True,0.0031328201293945312,success
04F87D3A9C4C80,3,"['Arena', 'Museo Lapidario', 'Casa Giulietta']",Torre Lamberti,"['Sighseeing', 'Centro Fotografia', 'Museo Conte', 'Palazzo della Ragione', 'AMO']",Santa Anastasia,strategy_nearest,False,0.0031239986419677734,success
04F8883A9C4C80,0,['Arena'],Casa Giulietta,"['Centro Fotografia', 'Sighseeing', 'Torre Lamberti', 'Museo Conte', 'Museo Radio']",Teatro Romano,strategy_nearest,False,0.0032601356506347656,success
04F8A24A9C4C80,0,"['Arena', 'Casa Giulietta']",Torre Lamberti,"['Sighseeing', 'Centro Fotografia', 'Museo Conte', 'Palazzo della Ragione', 'AMO']",Castelvecchio,strategy_nearest,False,0.0033249855041503906,success
04F8A4BA7B3F80,0,['Casa Giulietta'],Arena,"['Verona Tour', 'Museo Lapidario', 'Museo Radio', 'San Fermo', 'Sighseeing']",Castelvecchio,strategy_nearest,False,0.003092050552368164,success
04F88F3A9C4C80,0,"['Arena', 'Museo Lapidario']",Castelvecchio,"['Verona Tour', 'Museo Radio', 'San Zeno', 'Sighseeing', 'Museo Miniscalchi']",Teatro Romano,strategy_nearest,False,0.00273895263671875,success
04F8A672743380,2,['Castelvecchio'],San Zeno,"['Verona Tour', 'Museo Lapidario', 'Arena', 'Museo Miniscalchi', 'Sighseeing']",Torre Lamberti,strategy_nearest,False,0.0025119781494140625,success
04F8A572743380,0,"['Arena', 'Casa Giulietta']",Torre Lamberti,"['Sighseeing', 'Centro Fotografia', 'Museo Conte', 'Palazzo della Ragione', 'AMO']",Tomba Giulietta,strategy_nearest,False,0.0028259754180908203,success
04F8A772743380,1,['Arena'],Casa Giulietta,"['Centro Fotografia', 'Sighseeing', 'Torre Lamberti', 'Museo Conte', 'Museo Radio']",Palazzo della Ragione,strategy_nearest,False,0.0017333030700683594,success
04F8A83A9C4C80,3,"['Arena', 'Casa Giulietta']",Torre Lamberti,"['Sighseeing', 'Centro Fotografia', 'Museo Conte', 'Palazzo della Ragione', 'AMO']",Santa Anastasia,strategy_nearest,False,0.0025892257690429688,success
04F8A872743380,3,"['Teatro Romano', 'Duomo']",Arena,"['Verona Tour', 'Museo Lapidario', 'Museo Radio', 'San Fermo', 'Casa Giulietta']",Casa Giulietta,strategy_nearest,True,0.0026712417602539062,success
04F8A84A9C4C80,0,['Arena'],Castelvecchio,"['Museo Lapidario', 'Verona Tour', 'Museo Radio', 'San Zeno', 'Sighseeing']",Casa Giulietta,strategy_nearest,False,0.001981973648071289,success
04F8A9429C4C80,0,['Museo Lapidario'],Arena,"['Verona Tour', 'Museo Radio', 'San Fermo', 'Casa Giulietta', 'Sighseeing']",Torre Lamberti,strategy_nearest,False,0.0034110546112060547,success
04F8B5429C4C80,1,"['Arena', 'Museo Lapidario', 'Casa Giulietta', 'Santa Anastasia']",Duomo,"['AMO', 'Museo Miniscalchi', 'Teatro Romano', 'Palazzo della Ragione', 'Museo Conte']",Torre Lamberti,strategy_nearest,False,0.003389120101928711,success
04F8BA429C4C80,1,"['Castelvecchio', 'San Zeno', 'Teatro Romano', 'Santa Anastasia']",Torre Lamberti,"['Sighseeing', 'Centro Fotografia', 'Museo Conte', 'Casa Giulietta', 'Palazzo della Ragione']",Palazzo della Ragione,strategy_nearest,True,0.002535104751586914,success
04F8BF429C4C80,1,"['Arena', 'Torre Lamberti', 'Palazzo della Ragione']",Santa Anastasia,"['AMO', 'Museo Conte', 'Teatro Romano', 'Centro Fotografia', 'Duomo']",Teatro Romano,strategy_nearest,True,0.0029408931732177734,success
04F8C33A9C4C80,0,['Teatro Romano'],Arena,"['Verona Tour', 'Museo Lapidario', 'Museo Radio', 'San Fermo', 'Casa Giulietta']",Torre Lamberti,strategy_nearest,False,0.003297090530395508,success
04F8C0429C4C80,0,['Casa Giulietta'],Torre Lamberti,"['Sighseeing', 'Centro Fotografia', 'Museo Conte', 'Palazzo della Ragione', 'AMO']",Arena,strategy_nearest,False,0.002933025360107422,success
04F8C4429C4C80,2,['Casa Giulietta'],Palazzo della Ragione,"['AMO', 'Museo Conte', 'Torre Lamberti', 'Centro Fotografia', 'Sighseeing']",Torre Lamberti,strategy_nearest,True,0.0025510787963867188,success
04F8C3429C4C80,0,['Casa Giulietta'],Castelvecchio,"['Museo Lapidario', 'Verona Tour', 'Arena', 'Museo Radio', 'San Zeno']",Arena,strategy_nearest,True,0.003384828567504883,success
04F8DB3A9C4C80,0,['Arena'],Casa Giulietta,"['Centro Fotografia', 'Sighseeing', 'Torre Lamberti', 'Museo Conte', 'Museo Radio']",Tomba Giulietta,strategy_nearest,False,0.0017590522766113281,success
04F8C8429C4C80,3,"['Arena', 'Casa Giulietta']",Torre Lamberti,"['Sighseeing', 'Centro Fotografia', 'Museo Conte', 'Palazzo della Ragione', 'AMO']",Santa Anastasia,strategy_nearest,False,0.003877878189086914,success
04F8DF3A9C4C80,2,['Museo Lapidario'],Castelvecchio,"['Verona Tour', 'Arena', 'Museo Radio', 'San Zeno', 'Sighseeing']",Casa Giulietta,strategy_nearest,False,0.002988100051879883,success
04F958429C4C80,0,['Arena'],Torre Lamberti,"['Sighseeing', 'Centro Fotografia', 'Museo Conte', 'Casa Giulietta', 'Palazzo della Ragione']",Casa Giulietta,strategy_nearest,True,0.0018041133880615234,success
04F8CD3A9C4C80,0,['Arena'],Casa Giulietta,"['Centro Fotografia', 'Sighseeing', 'Torre Lamberti', 'Museo Conte', 'Museo Radio']",Tomba Giulietta,strategy_nearest,False,0.005296230316162109,success
04F9253A9C4C80,0,['Arena'],Casa Giulietta,"['Centro Fotografia', 'Sighseeing', 'Torre Lamberti', 'Museo Conte', 'Museo Radio']",Tomba Giulietta,strategy_nearest,False,0.0025839805603027344,success
04F9753A9C4C80,1,"['Arena', 'Museo Lapidario', 'Duomo']",Torre Lamberti,"['Sighseeing', 'Centro Fotografia', 'Museo Conte', 'Casa Giulietta', 'Palazzo della Ragione']",Palazzo della Ragione,strategy_nearest,True,0.002052783966064453,success
04F97C4A9C4C80,0,['Arena'],Casa Giulietta,"['Centro Fotografia', 'Sighseeing', 'Torre Lamberti', 'Museo Conte', 'Museo Radio']",Torre Lamberti,strategy_nearest,True,0.0021469593048095703,success
04F9814A9C4C80,3,"['Arena', 'Torre Lamberti', 'Santa Anastasia']",Duomo,"['AMO', 'Museo Miniscalchi', 'Teatro Romano', 'Palazzo della Ragione', 'Museo Conte']",Teatro Romano,strategy_nearest,True,0.003064870834350586,success
04F9763A9C4C80,0,['Tomba Giulietta'],Arena,"['Verona Tour', 'Museo Lapidario', 'Museo Radio', 'San Fermo', 'Casa Giulietta']",Casa Giulietta,strategy_nearest,True,0.003459930419921875,success
04F9853A9C4C80,3,"['San Fermo', 'Duomo', 'Teatro Romano']",Casa Giulietta,"['Centro Fotografia', 'Sighseeing', 'Torre Lamberti', 'Museo Conte', 'Museo Radio']",Arena,strategy_nearest,False,0.0015609264373779297,success
04F9824A9C4C80,3,['Arena'],Torre Lamberti,"['Sighseeing', 'Centro Fotografia', 'Museo Conte', 'Casa Giulietta', 'Palazzo della Ragione']",Santa Anastasia,strategy_nearest,False,0.0034210681915283203,success
04F98D3A9C4C80,1,"['Arena', 'Palazzo della Ragione']",Torre Lamberti,"['Sighseeing', 'Centro Fotografia', 'Museo Conte', 'Casa Giulietta', 'AMO']",Casa Giulietta,strategy_nearest,True,0.0021681785583496094,success
04F992429C4C80,0,"['Arena', 'Casa Giulietta']",Castelvecchio,"['Museo Lapidario', 'Verona Tour', 'Museo Radio', 'San Zeno', 'Sighseeing']",Torre Lamberti,strategy_nearest,False,0.003345966339111328,success
04F9A672743380,1,"['Teatro Romano', 'Giardino Giusti']",Arena,"['Verona Tour', 'Museo Lapidario', 'Museo Radio', 'San Fermo', 'Casa Giulietta']",Tomba Giulietta,strategy_nearest,False,0.0020661354064941406,success
04F9B4429C4C80,3,['Arena'],Casa Giulietta,"['Centro Fotografia', 'Sighseeing', 'Torre Lamberti', 'Museo Conte', 'Museo Radio']",Santa Anastasia,strategy_nearest,False,0.002688884735107422,success
04F9AB429C4C80,1,"['Arena', 'Torre Lamberti', 'Palazzo della Ragione']",Casa Giulietta,"['Centro Fotografia', 'Sighseeing', 'Museo Conte', 'Museo Radio', 'San Fermo']",Santa Anastasia,strategy_nearest,False,0.002172231674194336,success
04F9BC3A9C4C80,0,"['Arena', 'Torre Lamberti']",Casa Giulietta,"['Centro Fotografia', 'Sighseeing', 'Museo Conte', 'Museo Radio', 'Palazzo della Ragione']",Teatro Romano,strategy_nearest,False,0.0028281211853027344,success
04F9C63A9C4C80,3,['Teatro Romano'],Torre Lamberti,"['Sighseeing', 'Centro Fotografia', 'Museo Conte', 'Casa Giulietta', 'Palazzo della Ragione']",Arena,strategy_nearest,False,0.0020232200622558594,success
04FA0A3A9C4C84,0,['Arena'],Casa Giulietta,"['Centro Fotografia', 'Sighseeing', 'Torre Lamberti', 'Museo Conte', 'Museo Radio']",Tomba Giulietta,strategy_nearest,False,0.0027441978454589844,success
04F9F53A9C4C80,1,"['Torre Lamberti', 'Palazzo della Ragione']",Casa Giulietta,"['Centro Fotografia', 'Sighseeing', 'Museo Conte', 'Museo Radio', 'San Fermo']",Torre Lamberti,strategy_nearest,False,0.003438234329223633,success
04FA0D3A9C4C84,1,['Arena'],Torre Lamberti,"['Sighseeing', 'Centro Fotografia', 'Museo Conte', 'Casa Giulietta', 'Palazzo della Ragione']",Palazzo della Ragione,strategy_nearest,True,0.0035409927368164062,success
04FA30429C4C80,0,['Arena'],Casa Giulietta,"['Centro Fotografia', 'Sighseeing', 'Torre Lamberti', 'Museo Conte', 'Museo Radio']",Torre Lamberti,strategy_nearest,True,0.003173828125,success
04FA31429C4C80,3,"['Arena', 'Torre Lamberti']",Castelvecchio,"['Museo Lapidario', 'Verona Tour', 'Museo Radio', 'San Zeno', 'Sighseeing']",Santa Anastasia,strategy_nearest,False,0.0025310516357421875,success
04FA383A9C4C80,0,['Arena'],Torre Lamberti,"['Sighseeing', 'Centro Fotografia', 'Museo Conte', 'Casa Giulietta', 'Palazzo della Ragione']",Casa Giulietta,strategy_nearest,True,0.002384185791015625,success
04FA733A9C4C80,1,"['Arena', 'Palazzo della Ragione']",Torre Lamberti,"['Sighseeing', 'Centro Fotografia', 'Museo Conte', 'Casa Giulietta', 'AMO']",Duomo,strategy_nearest,False,0.002090930938720703,success
04FA753A9C4C80,3,"['Arena', 'San Fermo']",Casa Giulietta,"['Centro Fotografia', 'Sighseeing', 'Torre Lamberti', 'Museo Conte', 'Museo Radio']",Santa Anastasia,strategy_nearest,False,0.0034151077270507812,success
04FA3D429C4C80,3,"['San Fermo', 'Santa Anastasia', 'Teatro Romano']",Duomo,"['AMO', 'Museo Miniscalchi', 'Palazzo della Ragione', 'Museo Conte', 'Torre Lamberti']",Casa Giulietta,strategy_nearest,False,0.0028228759765625,success
04FA7B429C4C80,3,"['Arena', 'Torre Lamberti']",Duomo,"['AMO', 'Museo Miniscalchi', 'Santa Anastasia', 'Teatro Romano', 'Palazzo della Ragione']",Santa Anastasia,strategy_nearest,True,0.0033416748046875,success
04FA7D429C4C80,0,['Arena'],Casa Giulietta,"['Centro Fotografia', 'Sighseeing', 'Torre Lamberti', 'Museo Conte', 'Museo Radio']",Santa Anastasia,strategy_nearest,False,0.0030317306518554688,success
04FA834A9C4C80,0,['Arena'],Casa Giulietta,"['Centro Fotografia', 'Sighseeing', 'Torre Lamberti', 'Museo Conte', 'Museo Radio']",Torre Lamberti,strategy_nearest,True,0.0019299983978271484,success
04FA80429C4C80,1,"['Arena', 'Casa Giulietta', 'Torre Lamberti']",Palazzo della Ragione,"['AMO', 'Museo Conte', 'Centro Fotografia', 'Sighseeing', 'Santa Anastasia']",Santa Anastasia,strategy_nearest,True,0.0027489662170410156,success
04FA7F3A9C4C80,0,['Casa Giulietta'],Arena,"['Verona Tour', 'Museo Lapidario', 'Museo Radio', 'San Fermo', 'Sighseeing']",Tomba Giulietta,strategy_nearest,False,0.004102945327758789,success
04FA8C4A9C4C80,0,"['Arena', 'Museo Lapidario']",Torre Lamberti,"['Sighseeing', 'Centro Fotografia', 'Museo Conte', 'Casa Giulietta', 'Palazzo della Ragione']",Casa Giulietta,strategy_nearest,True,0.003178834915161133,success
04FA9F429C4C80,3,"['Castelvecchio', 'Arena']",Torre Lamberti,"['Sighseeing', 'Centro Fotografia', 'Museo Conte', 'Casa Giulietta', 'Palazzo della Ragione']",Santa Anastasia,strategy_nearest,False,0.002804279327392578,success
04FAA9429C4C80,3,"['Arena', 'Castelvecchio']",Teatro Romano,"['Santa Anastasia', 'Duomo', 'AMO', 'Palazzo della Ragione', 'Museo Conte']",Duomo,strategy_nearest,True,0.002521991729736328,success
04FAA872743380,2,"['Teatro Romano', 'Castelvecchio']",Museo Lapidario,"['Verona Tour', 'Arena', 'Museo Radio', 'San Fermo', 'Casa Giulietta']",Casa Giulietta,strategy_nearest,True,0.004174232482910156,success
04FAB0429C4C80,2,['Palazzo della Ragione'],Giardino Giusti,"['Santa Anastasia', 'Teatro Romano', 'Museo Conte', 'Centro Fotografia', 'Museo Storia']",Teatro Romano,strategy_nearest,True,0.0031549930572509766,success
04FAB2429C4C80,1,"['Arena', 'Casa Giulietta']",Palazzo della Ragione,"['AMO', 'Museo Conte', 'Torre Lamberti', 'Centro Fotografia', 'Sighseeing']",Torre Lamberti,strategy_nearest,True,0.00327301025390625,success
04FAB73A9C4C80,0,['Duomo'],Arena,"['Verona Tour', 'Museo Lapidario', 'Museo Radio', 'San Fermo', 'Casa Giulietta']",Teatro Romano,strategy_nearest,False,0.0025551319122314453,success
04FAB4429C4C80,3,"['Arena', 'Castelvecchio', 'Castelvecchio', 'San Zeno']",Tomba Giulietta,"['San Fermo', 'Museo Storia', 'Museo Lapidario', 'Museo Radio', 'Verona Tour']",Casa Giulietta,strategy_nearest,False,0.0032541751861572266,success
04FAC03A9C4C80,3,"['Arena', 'Casa Giulietta', 'Santa Anastasia', 'Teatro Romano']",Duomo,"['AMO', 'Museo Miniscalchi', 'Palazzo della Ragione', 'Museo Conte', 'Torre Lamberti']",Castelvecchio,strategy_nearest,False,0.002454996109008789,success
04FAC6429C4C80,1,"['Arena', 'Casa Giulietta', 'San Fermo', 'Teatro Romano']",Duomo,"['AMO', 'Museo Miniscalchi', 'Santa Anastasia', 'Palazzo della Ragione', 'Museo Conte']",Santa Anastasia,strategy_nearest,True,0.0019750595092773438,success
04FAC1429C4C80,0,"['Arena', 'Teatro Romano']",Casa Giulietta,"['Centro Fotografia', 'Sighseeing', 'Torre Lamberti', 'Museo Conte', 'Museo Radio']",Tomba Giulietta,strategy_nearest,False,0.003849029541015625,success
04FACB3A9C4C80,3,"['Arena', 'Torre Lamberti']",Casa Giulietta,"['Centro Fotografia', 'Sighseeing', 'Museo Conte', 'Museo Radio', 'Palazzo della Ragione']",Santa Anastasia,strategy_nearest,False,0.002408266067504883,success
04FAE13A9C4C80,2,['Castelvecchio'],Palazzo della Ragione,"['AMO', 'Museo Conte', 'Torre Lamberti', 'Centro Fotografia', 'Sighseeing']",Santa Anastasia,strategy_nearest,False,0.0019142627716064453,success
04FAE23A9C4C80,3,"['Duomo', 'Casa Giulietta', 'Castelvecchio']",Arena,"['Verona Tour', 'Museo Lapidario', 'Museo Radio', 'San Fermo', 'Sighseeing']",Torre Lamberti,strategy_nearest,False,0.002624988555908203,success
04FAFD3A9C4C80,1,['Casa Giulietta'],Palazzo della Ragione,"['AMO', 'Museo Conte', 'Torre Lamberti', 'Centro Fotografia', 'Sighseeing']",Torre Lamberti,strategy_nearest,True,0.0030930042266845703,success
04FB123A9C4C84,3,"['Arena', 'Casa Giulietta']",Castelvecchio,"['Museo Lapidario', 'Verona Tour', 'Museo Radio', 'San Zeno', 'Sighseeing']",Torre Lamberti,strategy_nearest,False,0.002653837203979492,success
04FB133A9C4C84,0,['Arena'],Casa Giulietta,"['Centro Fotografia', 'Sighseeing', 'Torre Lamberti', 'Museo Conte', 'Museo Radio']",Duomo,strategy_nearest,False,0.002624034881591797,success
04FB0E3A9C4C84,0,"['Tomba Giulietta', 'San Fermo', 'Casa Giulietta']",Torre Lamberti,"['Sighseeing', 'Centro Fotografia', 'Museo Conte', 'Palazzo della Ragione', 'AMO']",Arena,strategy_nearest,False,0.004160881042480469,success
04FB26BA7B3F80,0,"['Arena', 'Castelvecchio']",Torre Lamberti,"['Sighseeing', 'Centro Fotografia', 'Museo Conte', 'Casa Giulietta', 'Palazzo della Ragione']",Casa Giulietta,strategy_nearest,True,0.0033409595489501953,success
04FB3B429C4C80,0,"['Torre Lamberti', 'Casa Giulietta']",Arena,"['Verona Tour', 'Museo Lapidario', 'Museo Radio', 'San Fermo', 'Sighseeing']",Tomba Giulietta,strategy_nearest,False,0.002737760543823242,success
04FB403A9C4C80,2,['Torre Lamberti'],Santa Anastasia,"['AMO', 'Museo Conte', 'Palazzo della Ragione', 'Teatro Romano', 'Centro Fotografia']",Duomo,strategy_nearest,False,0.003999948501586914,success
04FB31429C4C80,1,"['Torre Lamberti', 'Palazzo della Ragione']",Casa Giulietta,"['Centro Fotografia', 'Sighseeing', 'Museo Conte', 'Museo Radio', 'San Fermo']",San Fermo,strategy_nearest,True,0.002003192901611328,success
04FB443A9C4C80,3,"['Arena', 'Casa Giulietta']",Torre Lamberti,"['Sighseeing', 'Centro Fotografia', 'Museo Conte', 'Palazzo della Ragione', 'AMO']",Santa Anastasia,strategy_nearest,False,0.0026400089263916016,success
04FB773A9C4C80,2,['Casa Giulietta'],Santa Anastasia,"['AMO', 'Museo Conte', 'Palazzo della Ragione', 'Teatro Romano', 'Centro Fotografia']",Torre Lamberti,strategy_nearest,False,0.003275632858276367,success
04FB5B429C4C80,3,"['Castelvecchio', 'Arena', 'Casa Giulietta']",Torre Lamberti,"['Sighseeing', 'Centro Fotografia', 'Museo Conte', 'Palazzo della Ragione', 'AMO']",Santa Anastasia,strategy_nearest,False,0.002168893814086914,success
04FB453A9C4C80,1,"['Arena', 'Casa Giulietta']",Torre Lamberti,"['Sighseeing', 'Centro Fotografia', 'Museo Conte', 'Palazzo della Ragione', 'AMO']",Palazzo della Ragione,strategy_nearest,True,0.0027861595153808594,success
04FB62429C4C80,3,"['Casa Giulietta', 'Castelvecchio', 'Arena']",San Fermo,"['Museo Storia', 'Museo Radio', 'Centro Fotografia', 'Sighseeing', 'Torre Lamberti']",Santa Anastasia,strategy_nearest,False,0.0027179718017578125,success
04FB7A429C4C80,0,['Teatro Romano'],Castelvecchio,"['Museo Lapidario', 'Verona Tour', 'Arena', 'Museo Radio', 'San Zeno']",Arena,strategy_nearest,True,0.0013828277587890625,success
04FB7B3A9C4C80,0,['Arena'],Casa Giulietta,"['Centro Fotografia', 'Sighseeing', 'Torre Lamberti', 'Museo Conte', 'Museo Radio']",Torre Lamberti,strategy_nearest,True,0.0021047592163085938,success
04FB7B4A9C4C80,0,"['Arena', 'Casa Giulietta']",Torre Lamberti,"['Sighseeing', 'Centro Fotografia', 'Museo Conte', 'Palazzo della Ragione', 'AMO']",Castelvecchio,strategy_nearest,False,0.002588033676147461,success
04FB7C3A9C4C80,1,['Duomo'],Arena,"['Verona Tour', 'Museo Lapidario', 'Museo Radio', 'San Fermo', 'Casa Giulietta']",Torre Lamberti,strategy_nearest,False,0.0030317306518554688,success
04FB7C429C4C80,3,"['Arena', 'Casa Giulietta']",Torre Lamberti,"['Sighseeing', 'Centro Fotografia', 'Museo Conte', 'Palazzo della Ragione', 'AMO']",Santa Anastasia,strategy_nearest,False,0.003934144973754883,success
04FB7E429C4C80,0,"['Arena', 'Casa Giulietta']",Torre Lamberti,"['Sighseeing', 'Centro Fotografia', 'Museo Conte', 'Palazzo della Ragione', 'AMO']",Castelvecchio,strategy_nearest,False,0.0017681121826171875,success
04FB84429C4C80,1,"['Arena', 'Castelvecchio']",San Zeno,"['Verona Tour', 'Museo Lapidario', 'Museo Miniscalchi', 'Sighseeing', 'Museo Radio']",Casa Giulietta,strategy_nearest,False,0.0032901763916015625,success
04FB8F429C4C80,0,"['San Fermo', 'Teatro Romano']",Casa Giulietta,"['Centro Fotografia', 'Sighseeing', 'Torre Lamberti', 'Museo Conte', 'Museo Radio']",Torre Lamberti,strategy_nearest,True,0.0031960010528564453,success
04FB99429C4C80,1,"['Arena', 'Castelvecchio', 'Torre Lamberti']",Palazzo della Ragione,"['AMO', 'Museo Conte', 'Centro Fotografia', 'Sighseeing', 'Santa Anastasia']",Casa Giulietta,strategy_nearest,False,0.002370119094848633,success
04FB9C429C4C80,3,['Santa Anastasia'],Torre Lamberti,"['Sighseeing', 'Centro Fotografia', 'Museo Conte', 'Casa Giulietta', 'Palazzo della Ragione']",Arena,strategy_nearest,False,0.003435850143432617,success
04FBA472743380,1,"['Arena', 'Casa Giulietta', 'Torre Lamberti', 'Palazzo della Ragione']",Santa Anastasia,"['AMO', 'Museo Conte', 'Teatro Romano', 'Centro Fotografia', 'Duomo']",Duomo,strategy_nearest,True,0.0027129650115966797,success
04FBA53A9C4C80,1,"['Arena', 'Castelvecchio', 'Torre Lamberti']",Palazzo della Ragione,"['AMO', 'Museo Conte', 'Centro Fotografia', 'Sighseeing', 'Santa Anastasia']",Casa Giulietta,strategy_nearest,False,0.0024971961975097656,success
04FBA572743380,1,"['Santa Anastasia', 'Torre Lamberti', 'Palazzo della Ragione', 'Casa Giulietta', 'Castelvecchio']",Castelvecchio,"['Museo Lapidario', 'Verona Tour', 'Arena', 'Museo Radio', 'San Zeno']",Museo Lapidario,strategy_nearest,True,0.003178119659423828,success
04FBA8429C4C80,1,"['Casa Giulietta', 'Arena']",Museo Lapidario,"['Verona Tour', 'Castelvecchio', 'Museo Radio', 'San Fermo', 'Tomba Giulietta']",Castelvecchio,strategy_nearest,True,0.002613067626953125,success
04FBA872743380,1,"['Arena', 'Castelvecchio', 'San Zeno', 'Santa Anastasia', 'Palazzo della Ragione']",San Fermo,"['Museo Storia', 'Museo Radio', 'Casa Giulietta', 'Centro Fotografia', 'Sighseeing']",Duomo,strategy_nearest,False,0.0019526481628417969,success
04FBB7429C4C80,1,"['Casa Giulietta', 'Torre Lamberti']",Palazzo della Ragione,"['AMO', 'Museo Conte', 'Centro Fotografia', 'Sighseeing', 'Santa Anastasia']",Santa Anastasia,strategy_nearest,True,0.003080129623413086,success
04FBB6429C4C80,3,"['Arena', 'Casa Giulietta', 'Torre Lamberti', 'Santa Anastasia']",Duomo,"['AMO', 'Museo Miniscalchi', 'Teatro Romano', 'Palazzo della Ragione', 'Museo Conte']",Teatro Romano,strategy_nearest,True,0.003270864486694336,success
04FBEB3A9C4C80,3,"['Arena', 'Teatro Romano']",Duomo,"['AMO', 'Museo Miniscalchi', 'Santa Anastasia', 'Palazzo della Ragione', 'Museo Conte']",Duomo,strategy_nearest,False,0.0027010440826416016,success
04FBCC3A9C4C80,1,"['Arena', 'Casa Giulietta']",Torre Lamberti,"['Sighseeing', 'Centro Fotografia', 'Museo Conte', 'Palazzo della Ragione', 'AMO']",Palazzo della Ragione,strategy_nearest,True,0.003506183624267578,success
04FBEE3A9C4C80,3,"['Arena', 'Casa Giulietta']",Torre Lamberti,"['Sighseeing', 'Centro Fotografia', 'Museo Conte', 'Palazzo della Ragione', 'AMO']",Santa Anastasia,strategy_nearest,False,0.0033791065216064453,success
04FBF43A9C4C80,3,['Arena'],Torre Lamberti,"['Sighseeing', 'Centro Fotografia', 'Museo Conte', 'Casa Giulietta', 'Palazzo della Ragione']",Casa Giulietta,strategy_nearest,True,0.0025739669799804688,success
04FBF53A9C4C80,0,['Duomo'],Arena,"['Verona Tour', 'Museo Lapidario', 'Museo Radio', 'San Fermo', 'Casa Giulietta']",San Zeno,strategy_nearest,False,0.002978086471557617,success
04FBF73A9C4C80,3,"['San Zeno', 'Torre Lamberti']",Santa Anastasia,"['AMO', 'Museo Conte', 'Palazzo della Ragione', 'Teatro Romano', 'Centro Fotografia']",Duomo,strategy_nearest,False,0.0029718875885009766,success
04FC053A9C4C84,1,"['Arena', 'Museo Lapidario']",Torre Lamberti,"['Sighseeing', 'Centro Fotografia', 'Museo Conte', 'Casa Giulietta', 'Palazzo della Ragione']",Palazzo della Ragione,strategy_nearest,True,0.0026569366455078125,success
04FC083A9C4C84,3,"['Arena', 'Casa Giulietta']",Torre Lamberti,"['Sighseeing', 'Centro Fotografia', 'Museo Conte', 'Palazzo della Ragione', 'AMO']",Santa Anastasia,strategy_nearest,False,0.003381967544555664,success
04FC0A3A9C4C84,1,"['Arena', 'Casa Giulietta', 'Palazzo della Ragione']",Torre Lamberti,"['Sighseeing', 'Centro Fotografia', 'Museo Conte', 'AMO', 'Museo Miniscalchi']",Santa Anastasia,strategy_nearest,False,0.002660036087036133,success
04FC36429C4C80,1,"['Casa Giulietta', 'Palazzo della Ragione']",Torre Lamberti,"['Sighseeing', 'Centro Fotografia', 'Museo Conte', 'AMO', 'Museo Miniscalchi']",Arena,strategy_nearest,False,0.0031061172485351562,success
04FC37429C4C80,0,['Arena'],Museo Lapidario,"['Verona Tour', 'Castelvecchio', 'Museo Radio', 'San Fermo', 'Casa Giulietta']",Casa Giulietta,strategy_nearest,True,0.0035398006439208984,success
04FC713A9C4C80,3,"['Tomba Giulietta', 'Arena']",Torre Lamberti,"['Sighseeing', 'Centro Fotografia', 'Museo Conte', 'Casa Giulietta', 'Palazzo della Ragione']",Casa Giulietta,strategy_nearest,True,0.0027289390563964844,success
04FC743A9C4C80,1,"['Arena', 'Museo Lapidario', 'Castelvecchio']",Palazzo della Ragione,"['AMO', 'Museo Conte', 'Torre Lamberti', 'Centro Fotografia', 'Sighseeing']",Torre Lamberti,strategy_nearest,True,0.003156900405883789,success
04FC723A9C4C80,3,"['Arena', 'Torre Lamberti']",Casa Giulietta,"['Centro Fotografia', 'Sighseeing', 'Museo Conte', 'Museo Radio', 'Palazzo della Ragione']",Santa Anastasia,strategy_nearest,False,0.003377199172973633,success
04FC77429C4C80,2,"['Torre Lamberti', 'Santa Anastasia']",Teatro Romano,"['Duomo', 'AMO', 'Palazzo della Ragione', 'Museo Conte', 'Centro Fotografia']",San Fermo,strategy_nearest,False,0.0025908946990966797,success
04FC813A9C4C80,1,"['Arena', 'Castelvecchio']",Casa Giulietta,"['Centro Fotografia', 'Sighseeing', 'Torre Lamberti', 'Museo Conte', 'Museo Radio']",Torre Lamberti,strategy_nearest,True,0.002682209014892578,success
04FC81429C4C80,1,['Torre Lamberti'],Palazzo della Ragione,"['AMO', 'Museo Conte', 'Centro Fotografia', 'Sighseeing', 'Santa Anastasia']",Casa Giulietta,strategy_nearest,False,0.003383159637451172,success
04FC7C429C4C80,6,"['Castelvecchio', 'Arena', 'Verona Tour']",Casa Giulietta,"['Centro Fotografia', 'Sighseeing', 'Torre Lamberti', 'Museo Conte', 'Museo Radio']",Teatro Romano,strategy_nearest,False,0.0032379627227783203,success
04FC853A9C4C80,2,['San Zeno'],Castelvecchio,"['Museo Lapidario', 'Verona Tour', 'Arena', 'Museo Radio', 'Sighseeing']",Torre Lamberti,strategy_nearest,False,0.0017552375793457031,success
04FC883A9C4C80,1,"['Museo Lapidario', 'Casa Giulietta', 'Torre Lamberti']",Palazzo della Ragione,"['AMO', 'Museo Conte', 'Centro Fotografia', 'Sighseeing', 'Santa Anastasia']",Santa Anastasia,strategy_nearest,True,0.002456188201904297,success
04FC843A9C4C80,0,['Arena'],Casa Giulietta,"['Centro Fotografia', 'Sighseeing', 'Torre Lamberti', 'Museo Conte', 'Museo Radio']",Torre Lamberti,strategy_nearest,True,0.0033850669860839844,success
04FC8B3A9C4C80,0,"['Torre Lamberti', 'Casa Giulietta']",Arena,"['Verona Tour', 'Museo Lapidario', 'Museo Radio', 'San Fermo', 'Sighseeing']",Castelvecchio,strategy_nearest,False,0.0036079883575439453,success
04FC8F3A9C4C80,3,"['Torre Lamberti', 'Santa Anastasia']",Duomo,"['AMO', 'Museo Miniscalchi', 'Teatro Romano', 'Palazzo della Ragione', 'Museo Conte']",Castelvecchio,strategy_nearest,False,0.0029709339141845703,success
04FC89429C4C80,3,"['Teatro Romano', 'Santa Anastasia']",Duomo,"['AMO', 'Museo Miniscalchi', 'Palazzo della Ragione', 'Museo Conte', 'Torre Lamberti']",Arena,strategy_nearest,False,0.0032529830932617188,success
04FC8E429C4C80,6,['Arena'],Casa Giulietta,"['Centro Fotografia', 'Sighseeing', 'Torre Lamberti', 'Museo Conte', 'Museo Radio']",Verona Tour,strategy_nearest,False,0.0024199485778808594,success
04FC974A9C4C80,4,"['Arena', 'Castelvecchio', 'Santa Anastasia']",Teatro Romano,"['Duomo', 'AMO', 'Palazzo della Ragione', 'Museo Conte', 'Centro Fotografia']",Tomba Giulietta,strategy_nearest,False,0.0026030540466308594,success
04FCA53A9C4C80,1,"['Torre Lamberti', 'Palazzo della Ragione', 'Arena']",Casa Giulietta,"['Centro Fotografia', 'Sighseeing', 'Museo Conte', 'Museo Radio', 'San Fermo']",Tomba Giulietta,strategy_nearest,False,0.0027008056640625,success
04FCA472743380,3,"['Torre Lamberti', 'Santa Anastasia']",Arena,"['Verona Tour', 'Museo Lapidario', 'Museo Radio', 'San Fermo', 'Casa Giulietta']",Casa Giulietta,strategy_nearest,True,0.0019698143005371094,success
04FCA572743380,1,"['San Fermo', 'Casa Giulietta', 'Santa Anastasia']",Arena,"['Verona Tour', 'Museo Lapidario', 'Museo Radio', 'Sighseeing', 'Castelvecchio']",San Zeno,strategy_nearest,False,0.0031669139862060547,success
04FCBB429C4C80,1,"['Arena', 'Casa Giulietta']",Torre Lamberti,"['Sighseeing', 'Centro Fotografia', 'Museo Conte', 'Palazzo della Ragione', 'AMO']",Palazzo della Ragione,strategy_nearest,True,0.0030641555786132812,success
04FCBB3A9C4C80,2,"['Castelvecchio', 'Duomo']",Teatro Romano,"['Santa Anastasia', 'AMO', 'Palazzo della Ragione', 'Museo Conte', 'Centro Fotografia']",Torre Lamberti,strategy_nearest,False,0.002526998519897461,success
04FCA672743380,1,"['Casa Giulietta', 'Palazzo della Ragione', 'Teatro Romano', 'Duomo']",Torre Lamberti,"['Sighseeing', 'Centro Fotografia', 'Museo Conte', 'AMO', 'Museo Miniscalchi']",Santa Anastasia,strategy_nearest,False,0.001960277557373047,success
04FCBF3A9C4C80,3,['Arena'],Torre Lamberti,"['Sighseeing', 'Centro Fotografia', 'Museo Conte', 'Casa Giulietta', 'Palazzo della Ragione']",Casa Giulietta,strategy_nearest,True,0.0020761489868164062,success
04FCBE429C4C80,1,"['Arena', 'Torre Lamberti']",Palazzo della Ragione,"['AMO', 'Museo Conte', 'Centro Fotografia', 'Sighseeing', 'Santa Anastasia']",Duomo,strategy_nearest,False,0.0014760494232177734,success
04FCC2429C4C80,3,"['Arena', 'Casa Giulietta']",Santa Anastasia,"['AMO', 'Museo Conte', 'Palazzo della Ragione', 'Teatro Romano', 'Centro Fotografia']",Duomo,strategy_nearest,False,0.0024929046630859375,success
04FCC7429C4C80,1,"['Castelvecchio', 'Arena']",Palazzo della Ragione,"['AMO', 'Museo Conte', 'Torre Lamberti', 'Centro Fotografia', 'Sighseeing']",Torre Lamberti,strategy_nearest,True,0.0031909942626953125,success
04FCF33A9C4C80,0,"['Arena', 'Museo Lapidario']",Castelvecchio,"['Verona Tour', 'Museo Radio', 'San Zeno', 'Sighseeing', 'Museo Miniscalchi']",Tomba Giulietta,strategy_nearest,False,0.002469301223754883,success
04FCDE3A9C4C80,1,"['Teatro Romano', 'Duomo', 'Santa Anastasia', 'Casa Giulietta']",Palazzo della Ragione,"['AMO', 'Museo Conte', 'Torre Lamberti', 'Centro Fotografia', 'Sighseeing']",Torre Lamberti,strategy_nearest,True,0.0025522708892822266,success
04FCF53A9C4C80,1,"['Torre Lamberti', 'Palazzo della Ragione']",Teatro Romano,"['Santa Anastasia', 'Duomo', 'AMO', 'Museo Conte', 'Centro Fotografia']",Duomo,strategy_nearest,True,0.003534078598022461,success
04FCFC3A9C4C80,1,['Arena'],Palazzo della Ragione,"['AMO', 'Museo Conte', 'Torre Lamberti', 'Centro Fotografia', 'Sighseeing']",Duomo,strategy_nearest,False,0.0027930736541748047,success
04FCFE3A9C4C80,1,"['Arena', 'Casa Giulietta']",Torre Lamberti,"['Sighseeing', 'Centro Fotografia', 'Museo Conte', 'Palazzo della Ragione', 'AMO']",Palazzo della Ragione,strategy_nearest,True,0.003364086151123047,success
04FCEB3A9C4C80,0,['Arena'],Torre Lamberti,"['Sighseeing', 'Centro Fotografia', 'Museo Conte', 'Casa Giulietta', 'Palazzo della Ragione']",Teatro Romano,strategy_nearest,False,0.003774881362915039,success
04FD373A9C4C80,0,['Arena'],Casa Giulietta,"['Centro Fotografia', 'Sighseeing', 'Torre Lamberti', 'Museo Conte', 'Museo Radio']",Torre Lamberti,strategy_nearest,True,0.0023088455200195312,success
04FD473A9C4C80,3,"['Casa Giulietta', 'Torre Lamberti']",Santa Anastasia,"['AMO', 'Museo Conte', 'Palazzo della Ragione', 'Teatro Romano', 'Centro Fotografia']",Duomo,strategy_nearest,False,0.0022699832916259766,success
04FD79429C4C80,3,"['Arena', 'Torre Lamberti']",Santa Anastasia,"['AMO', 'Museo Conte', 'Palazzo della Ragione', 'Teatro Romano', 'Centro Fotografia']",Duomo,strategy_nearest,False,0.0033757686614990234,success
04FD69429C4C80,1,"['Castelvecchio', 'Casa Giulietta']",Torre Lamberti,"['Sighseeing', 'Centro Fotografia', 'Museo Conte', 'Palazzo della Ragione', 'AMO']",Palazzo della Ragione,strategy_nearest,True,0.0028710365295410156,success
04FD7B429C4C80,3,['Santa Anastasia'],Castelvecchio,"['Museo Lapidario', 'Verona Tour', 'Arena', 'Museo Radio', 'San Zeno']",San Zeno,strategy_nearest,True,0.002168893814086914,success
04FD7A3A9C4C80,1,"['Arena', 'Casa Giulietta']",Torre Lamberti,"['Sighseeing', 'Centro Fotografia', 'Museo Conte', 'Palazzo della Ragione', 'AMO']",Palazzo della Ragione,strategy_nearest,True,0.0015978813171386719,success
04FD833A9C4C80,0,['Duomo'],Arena,"['Verona Tour', 'Museo Lapidario', 'Museo Radio', 'San Fermo', 'Casa Giulietta']",Castelvecchio,strategy_nearest,False,0.0027289390563964844,success
04FD7E3A9C4C80,1,"['Casa Giulietta', 'Torre Lamberti']",Palazzo della Ragione,"['AMO', 'Museo Conte', 'Centro Fotografia', 'Sighseeing', 'Santa Anastasia']",Castelvecchio,strategy_nearest,False,0.003468036651611328,success
04FD863A9C4C80,0,['Arena'],Castelvecchio,"['Museo Lapidario', 'Verona Tour', 'Museo Radio', 'San Zeno', 'Sighseeing']",Casa Giulietta,strategy_nearest,False,0.002724170684814453,success
04FD853A9C4C80,2,"['Museo Lapidario', 'Castelvecchio']",Tomba Giulietta,"['San Fermo', 'Museo Storia', 'Arena', 'Museo Radio', 'Verona Tour']",Giardino Giusti,strategy_nearest,False,0.0027441978454589844,success
04FD8F3A9C4C80,0,['Torre Lamberti'],Teatro Romano,"['Santa Anastasia', 'Duomo', 'AMO', 'Palazzo della Ragione', 'Museo Conte']",Castelvecchio,strategy_nearest,False,0.002708911895751953,success
04FD874A9C4C80,3,"['Arena', 'Casa Giulietta']",Torre Lamberti,"['Sighseeing', 'Centro Fotografia', 'Museo Conte', 'Palazzo della Ragione', 'AMO']",Santa Anastasia,strategy_nearest,False,0.0034520626068115234,success
04FD92429C4C80,3,"['Santa Anastasia', 'Duomo']",Teatro Romano,"['AMO', 'Palazzo della Ragione', 'Museo Conte', 'Centro Fotografia', 'Museo Miniscalchi']",Teatro Romano,strategy_nearest,False,0.003397226333618164,success
04FDA772743380,1,"['Arena', 'Torre Lamberti']",Palazzo della Ragione,"['AMO', 'Museo Conte', 'Centro Fotografia', 'Sighseeing', 'Santa Anastasia']",Santa Anastasia,strategy_nearest,True,0.0021119117736816406,success
04FDB0429C4C80,0,['Arena'],Tomba Giulietta,"['San Fermo', 'Museo Storia', 'Museo Lapidario', 'Museo Radio', 'Verona Tour']",Casa Giulietta,strategy_nearest,False,0.0025048255920410156,success
04FDA8429C4C80,1,"['Casa Giulietta', 'Arena']",Museo Lapidario,"['Verona Tour', 'Castelvecchio', 'Museo Radio', 'San Fermo', 'Tomba Giulietta']",Castelvecchio,strategy_nearest,True,0.0033397674560546875,success
04FDC53A9C4C80,0,['Tomba Giulietta'],Arena,"['Verona Tour', 'Museo Lapidario', 'Museo Radio', 'San Fermo', 'Casa Giulietta']",Castelvecchio,strategy_nearest,False,0.002061128616333008,success
04FDB9429C4C80,0,['Arena'],Castelvecchio,"['Museo Lapidario', 'Verona Tour', 'Museo Radio', 'San Zeno', 'Sighseeing']",Casa Giulietta,strategy_nearest,False,0.0034220218658447266,success
04FDB5429C4C80,3,"['Arena', 'Torre Lamberti']",Casa Giulietta,"['Centro Fotografia', 'Sighseeing', 'Museo Conte', 'Museo Radio', 'Palazzo della Ragione']",San Fermo,strategy_nearest,False,0.002682209014892578,success
04FDC63A9C4C80,0,['Casa Giulietta'],Teatro Romano,"['Santa Anastasia', 'Duomo', 'AMO', 'Palazzo della Ragione', 'Museo Conte']",Arena,strategy_nearest,False,0.003131866455078125,success
04FE2B3A9C4C80,1,"['Arena', 'Tomba Giulietta']",Casa Giulietta,"['Centro Fotografia', 'Sighseeing', 'Torre Lamberti', 'Museo Conte', 'Museo Radio']",Torre Lamberti,strategy_nearest,True,0.002032756805419922,success
04FDF63A9C4C80,3,"['Arena', 'Casa Giulietta']",Torre Lamberti,"['Sighseeing', 'Centro Fotografia', 'Museo Conte', 'Palazzo della Ragione', 'AMO']",Duomo,strategy_nearest,False,0.002719879150390625,success
04FE3B3A9C4C80,1,"['Castelvecchio', 'Arena']",Casa Giulietta,"['Centro Fotografia', 'Sighseeing', 'Torre Lamberti', 'Museo Conte', 'Museo Radio']",Santa Anastasia,strategy_nearest,False,0.002665996551513672,success
04FE0E3A9C4C84,0,['Arena'],Casa Giulietta,"['Centro Fotografia', 'Sighseeing', 'Torre Lamberti', 'Museo Conte', 'Museo Radio']",Torre Lamberti,strategy_nearest,True,0.0034019947052001953,success
04FE473A9C4C80,3,"['Arena', 'San Fermo', 'Casa Giulietta']",Torre Lamberti,"['Sighseeing', 'Centro Fotografia', 'Museo Conte', 'Palazzo della Ragione', 'AMO']",Santa Anastasia,strategy_nearest,False,0.002382993698120117,success
04FE58429C4C80,0,['Duomo'],Casa Giulietta,"['Centro Fotografia', 'Sighseeing', 'Torre Lamberti', 'Museo Conte', 'Museo Radio']",Arena,strategy_nearest,False,0.002537965774536133,success
04FE733A9C4C80,1,"['Teatro Romano', 'Palazzo della Ragione']",Torre Lamberti,"['Sighseeing', 'Centro Fotografia', 'Museo Conte', 'Casa Giulietta', 'AMO']",Casa Giulietta,strategy_nearest,True,0.0027649402618408203,success
04FE743A9C4C80,1,"['Tomba Giulietta', 'Arena', 'Casa Giulietta']",Torre Lamberti,"['Sighseeing', 'Centro Fotografia', 'Museo Conte', 'Palazzo della Ragione', 'AMO']",Palazzo della Ragione,strategy_nearest,True,0.0037038326263427734,success
04FE7F429C4C80,1,['Arena'],Casa Giulietta,"['Centro Fotografia', 'Sighseeing', 'Torre Lamberti', 'Museo Conte', 'Museo Radio']",Palazzo della Ragione,strategy_nearest,False,0.002527952194213867,success
04FE7C4A9C4C80,3,"['Arena', 'San Fermo']",Casa Giulietta,"['Centro Fotografia', 'Sighseeing', 'Torre Lamberti', 'Museo Conte', 'Museo Radio']",Santa Anastasia,strategy_nearest,False,0.003776073455810547,success
04FE803A9C4C80,3,"['Casa Giulietta', 'Torre Lamberti']",Santa Anastasia,"['AMO', 'Museo Conte', 'Palazzo della Ragione', 'Teatro Romano', 'Centro Fotografia']",Duomo,strategy_nearest,False,0.0022988319396972656,success
04FE84429C4C80,1,['San Zeno'],Arena,"['Verona Tour', 'Museo Lapidario', 'Museo Radio', 'San Fermo', 'Casa Giulietta']",Palazzo della Ragione,strategy_nearest,False,0.0030488967895507812,success
04FE8B3A9C4C80,0,"['Arena', 'Torre Lamberti']",Casa Giulietta,"['Centro Fotografia', 'Sighseeing', 'Museo Conte', 'Museo Radio', 'Palazzo della Ragione']",Teatro Romano,strategy_nearest,False,0.002422809600830078,success
04FE9A4A9C4C80,1,"['Arena', 'Casa Giulietta', 'Torre Lamberti']",Palazzo della Ragione,"['AMO', 'Museo Conte', 'Centro Fotografia', 'Sighseeing', 'Santa Anastasia']",Santa Anastasia,strategy_nearest,True,0.0026869773864746094,success
04FE90429C4C80,1,"['Casa Giulietta', 'Palazzo della Ragione', 'Torre Lamberti']",Duomo,"['AMO', 'Museo Miniscalchi', 'Santa Anastasia', 'Teatro Romano', 'Museo Conte']",Teatro Romano,strategy_nearest,True,0.002637147903442383,success
04FEA572743380,3,"['Arena', 'Torre Lamberti', 'Casa Giulietta', 'Museo Lapidario']",Santa Anastasia,"['AMO', 'Museo Conte', 'Palazzo della Ragione', 'Teatro Romano', 'Centro Fotografia']",Duomo,strategy_nearest,False,0.003319978713989258,success
04FEA74A9C4C80,0,"['Casa Giulietta', 'Arena']",Castelvecchio,"['Museo Lapidario', 'Verona Tour', 'Museo Radio', 'San Zeno', 'Sighseeing']",Torre Lamberti,strategy_nearest,False,0.0032529830932617188,success
04FEA872743380,0,['Arena'],Casa Giulietta,"['Centro Fotografia', 'Sighseeing', 'Torre Lamberti', 'Museo Conte', 'Museo Radio']",Castelvecchio,strategy_nearest,False,0.003383159637451172,success
04FEA772743380,1,"['Arena', 'Casa Giulietta']",San Fermo,"['Museo Storia', 'Museo Radio', 'Centro Fotografia', 'Sighseeing', 'Torre Lamberti']",Palazzo della Ragione,strategy_nearest,False,0.002582073211669922,success
04FEAA3A9C4C80,1,"['Arena', 'Casa Giulietta', 'Torre Lamberti', 'Palazzo della Ragione']",Castelvecchio,"['Museo Lapidario', 'Verona Tour', 'Museo Radio', 'San Zeno', 'Sighseeing']",San Zeno,strategy_nearest,True,0.0031728744506835938,success
04FEAB429C4C80,3,['San Fermo'],Casa Giulietta,"['Centro Fotografia', 'Sighseeing', 'Torre Lamberti', 'Museo Conte', 'Museo Radio']",Santa Anastasia,strategy_nearest,False,0.002655029296875,success
04FEAE429C4C80,1,"['Palazzo della Ragione', 'Torre Lamberti']",Arena,"['Verona Tour', 'Museo Lapidario', 'Museo Radio', 'San Fermo', 'Casa Giulietta']",Castelvecchio,strategy_nearest,False,0.002791881561279297,success
04FEAC429C4C80,3,"['Arena', 'Casa Giulietta', 'San Fermo']",Torre Lamberti,"['Sighseeing', 'Centro Fotografia', 'Museo Conte', 'Palazzo della Ragione', 'AMO']",Santa Anastasia,strategy_nearest,False,0.002450227737426758,success
04FEAF429C4C80,0,['Arena'],Tomba Giulietta,"['San Fermo', 'Museo Storia', 'Museo Lapidario', 'Museo Radio', 'Verona Tour']",Casa Giulietta,strategy_nearest,False,0.004233360290527344,success
04FEB03A9C4C80,1,"['Arena', 'San Fermo', 'Casa Giulietta', 'Torre Lamberti']",Palazzo della Ragione,"['AMO', 'Museo Conte', 'Centro Fotografia', 'Sighseeing', 'Santa Anastasia']",Santa Anastasia,strategy_nearest,True,0.002554655075073242,success
04FEBF429C4C80,0,['Arena'],Casa Giulietta,"['Centro Fotografia', 'Sighseeing', 'Torre Lamberti', 'Museo Conte', 'Museo Radio']",Torre Lamberti,strategy_nearest,True,0.002889871597290039,success
04FEC2429C4C80,3,"['Casa Giulietta', 'Arena']",Castelvecchio,"['Museo Lapidario', 'Verona Tour', 'Museo Radio', 'San Zeno', 'Sighseeing']",Teatro Romano,strategy_nearest,False,0.002626180648803711,success
04FF103A9C4C84,3,"['Arena', 'Casa Giulietta']",Santa Anastasia,"['AMO', 'Museo Conte', 'Palazzo della Ragione', 'Teatro Romano', 'Centro Fotografia']",Teatro Romano,strategy_nearest,True,0.0028569698333740234,success
04FEF93A9C4C80,3,"['Arena', 'Castelvecchio']",Teatro Romano,"['Santa Anastasia', 'Duomo', 'AMO', 'Palazzo della Ragione', 'Museo Conte']",Torre Lamberti,strategy_nearest,False,0.0028390884399414062,success
04FF0F3A9C4C84,1,"['Arena', 'Torre Lamberti', 'Palazzo della Ragione', 'Santa Anastasia']",Duomo,"['AMO', 'Museo Miniscalchi', 'Teatro Romano', 'Museo Conte', 'Centro Fotografia']",Teatro Romano,strategy_nearest,True,0.0032629966735839844,success
04FF3E3A9C4C80,0,['Castelvecchio'],Arena,"['Verona Tour', 'Museo Lapidario', 'Museo Radio', 'San Fermo', 'Casa Giulietta']",Torre Lamberti,strategy_nearest,False,0.00197601318359375,success
04FF32429C4C80,2,['Casa Giulietta'],Torre Lamberti,"['Sighseeing', 'Centro Fotografia', 'Museo Conte', 'Palazzo della Ragione', 'AMO']",Palazzo della Ragione,strategy_nearest,True,0.0025060176849365234,success
04FF513A9C4C80,0,['Arena'],Castelvecchio,"['Museo Lapidario', 'Verona Tour', 'Museo Radio', 'San Zeno', 'Sighseeing']",Torre Lamberti,strategy_nearest,False,0.0028319358825683594,success
04FF73429C4C80,1,"['Arena', 'Casa Giulietta']",Palazzo della Ragione,"['AMO', 'Museo Conte', 'Torre Lamberti', 'Centro Fotografia', 'Sighseeing']",Torre Lamberti,strategy_nearest,True,0.0024788379669189453,success
04FF7D3A9C4C80,0,['Arena'],Casa Giulietta,"['Centro Fotografia', 'Sighseeing', 'Torre Lamberti', 'Museo Conte', 'Museo Radio']",Santa Anastasia,strategy_nearest,False,0.0030100345611572266,success
04FF743A9C4C80,1,"['Teatro Romano', 'Duomo']",Palazzo della Ragione,"['AMO', 'Museo Conte', 'Torre Lamberti', 'Centro Fotografia', 'Sighseeing']",Torre Lamberti,strategy_nearest,True,0.0028460025787353516,success
04FF79429C4C80,2,['Torre Lamberti'],Palazzo della Ragione,"['AMO', 'Museo Conte', 'Centro Fotografia', 'Sighseeing', 'Santa Anastasia']",Casa Giulietta,strategy_nearest,False,0.002605915069580078,success
04FF813A9C4C80,2,['Casa Giulietta'],Santa Anastasia,"['AMO', 'Museo Conte', 'Palazzo della Ragione', 'Teatro Romano', 'Centro Fotografia']",Duomo,strategy_nearest,False,0.002096891403198242,success
04FF833A9C4C80,2,['San Fermo'],Santa Anastasia,"['AMO', 'Museo Conte', 'Palazzo della Ragione', 'Teatro Romano', 'Centro Fotografia']",Casa Giulietta,strategy_nearest,False,0.002727985382080078,success
04FF7F429C4C80,1,"['Arena', 'Casa Giulietta', 'Torre Lamberti']",Palazzo della Ragione,"['AMO', 'Museo Conte', 'Centro Fotografia', 'Sighseeing', 'Santa Anastasia']",Santa Anastasia,strategy_nearest,True,0.0015339851379394531,success
04FF8C429C4C80,1,"['Arena', 'Museo Lapidario', 'Duomo']",Santa Anastasia,"['AMO', 'Museo Conte', 'Palazzo della Ragione', 'Teatro Romano', 'Centro Fotografia']",Torre Lamberti,strategy_nearest,False,0.0034160614013671875,success
04FF90429C4C80,1,"['Palazzo della Ragione', 'Santa Anastasia']",Castelvecchio,"['Museo Lapidario', 'Verona Tour', 'Arena', 'Museo Radio', 'San Zeno']",Arena,strategy_nearest,True,0.002529144287109375,success
04FF8F429C4C80,0,['Arena'],Casa Giulietta,"['Centro Fotografia', 'Sighseeing', 'Torre Lamberti', 'Museo Conte', 'Museo Radio']",Santa Anastasia,strategy_nearest,False,0.0026540756225585938,success
04FFA472743380,3,"['Arena', 'Torre Lamberti']",Santa Anastasia,"['AMO', 'Museo Conte', 'Palazzo della Ragione', 'Teatro Romano', 'Centro Fotografia']",Casa Giulietta,strategy_nearest,False,0.0033478736877441406,success
04FFAA3A9C4C80,1,"['Arena', 'Casa Giulietta', 'Torre Lamberti', 'Palazzo della Ragione']",Castelvecchio,"['Museo Lapidario', 'Verona Tour', 'Museo Radio', 'San Zeno', 'Sighseeing']",San Zeno,strategy_nearest,True,0.0024340152740478516,success
04FF934A9C4C80,3,"['Arena', 'Casa Giulietta']",Torre Lamberti,"['Sighseeing', 'Centro Fotografia', 'Museo Conte', 'Palazzo della Ragione', 'AMO']",Santa Anastasia,strategy_nearest,False,0.0034470558166503906,success
04FFA9429C4C80,3,"['Arena', 'Casa Giulietta']",Santa Anastasia,"['AMO', 'Museo Conte', 'Palazzo della Ragione', 'Teatro Romano', 'Centro Fotografia']",Duomo,strategy_nearest,False,0.003113985061645508,success
04FFAD429C4C80,1,"['Arena', 'Casa Giulietta']",Teatro Romano,"['Santa Anastasia', 'Duomo', 'AMO', 'Palazzo della Ragione', 'Museo Conte']",Palazzo della Ragione,strategy_nearest,True,0.0033719539642333984,success
04FFAE429C4C80,1,"['Arena', 'Casa Giulietta']",Palazzo della Ragione,"['AMO', 'Museo Conte', 'Torre Lamberti', 'Centro Fotografia', 'Sighseeing']",Teatro Romano,strategy_nearest,False,0.0014650821685791016,success
04FFBC429C4C80,0,['Arena'],Torre Lamberti,"['Sighseeing', 'Centro Fotografia', 'Museo Conte', 'Casa Giulietta', 'Palazzo della Ragione']",Casa Giulietta,strategy_nearest,True,0.0032219886779785156,success
04FFAF429C4C80,3,"['Arena', 'Torre Lamberti']",Casa Giulietta,"['Centro Fotografia', 'Sighseeing', 'Museo Conte', 'Museo Radio', 'Palazzo della Ragione']",Santa Anastasia,strategy_nearest,False,0.0028350353240966797,success
04FFC1429C4C80,3,"['Castelvecchio', 'Museo Lapidario', 'Arena']",Torre Lamberti,"['Sighseeing', 'Centro Fotografia', 'Museo Conte', 'Casa Giulietta', 'Palazzo della Ragione']",Casa Giulietta,strategy_nearest,True,0.002425670623779297,success
04FFC8429C4C80,0,"['Casa Giulietta', 'Torre Lamberti']",Teatro Romano,"['Santa Anastasia', 'Duomo', 'AMO', 'Palazzo della Ragione', 'Museo Conte']",Tomba Giulietta,strategy_nearest,False,0.004088878631591797,success
04FFDF3A9C4C80,3,"['Museo Lapidario', 'Arena']",Casa Giulietta,"['Centro Fotografia', 'Sighseeing', 'Torre Lamberti', 'Museo Conte', 'Museo Radio']",Torre Lamberti,strategy_nearest,True,0.0021839141845703125,success
04FFF03A9C4C80,2,['Casa Giulietta'],Teatro Romano,"['Santa Anastasia', 'Duomo', 'AMO', 'Palazzo della Ragione', 'Museo Conte']",Giardino Giusti,strategy_nearest,False,0.0029840469360351562,success
04FFF53A9C4C80,0,"['Teatro Romano', 'Torre Lamberti']",Casa Giulietta,"['Centro Fotografia', 'Sighseeing', 'Museo Conte', 'Museo Radio', 'Palazzo della Ragione']",Arena,strategy_nearest,False,0.0028731822967529297,success
